ENM/Final_Models/M_1_F_lqp_Set_1_E/Gustavia_santanderiensis_Choco_stddev.asc
ncols         367
nrows         963
xllcorner     -78.6
yllcorner     0.65
cellsize      0.00833333333333323
NODATA_value  -9999
[rows 150 to 179 of 963, columns 268 to 334 of 367]
7.81844E-2 6.67756E-2 8.25084E-2 1.07169E-1 1.0003E-1 8.01667E-2 8.44508E-2 9.20245E-2 1.02816E-1 7.51833E-2 9.13493E-2 7.23007E-2 6.35007E-2 8.17083E-2 1.01628E-1 1.04373E-1 1.01559E-1 9.86738E-2 1.00256E-1 9.12975E-2 8.96846E-2 9.1691E-2 8.95401E-2 7.83581E-2 8.19452E-2 5.55485E-2 5.71142E-2 1.5543E-2 2.06144E-2 4.57508E-2 9.29877E-2 8.38468E-2 9.41595E-2 8.81597E-2 7.52239E-2 6.83492E-2 9.08827E-2 9.12302E-2 9.64105E-2 1.00855E-1 6.2859E-2 7.78854E-2 9.66383E-2 8.85938E-2 7.97713E-2 9.19197E-2 9.34179E-2 7.3674E-2 1.04905E-1 4.70141E-2 3.72749E-2 6.17437E-2 5.70281E-2 8.14299E-2 2.59614E-2 1.59116E-2 2.20714E-3 2.87086E-4 3.87787E-3 2.07754E-2 8.7846E-3 9.42338E-3 4.50411E-3 2.21784E-3 6.44178E-5 9.03189E-5 1.07035E-4
7.88942E-2 9.16254E-2 9.75367E-2 8.96741E-2 1.01E-1 9.21973E-2 1.09074E-1 8.88712E-2 9.48599E-2 9.46412E-2 1.11256E-1 7.53335E-2 6.30685E-2 8.97341E-2 9.9922E-2 9.83024E-2 9.13668E-2 1.25235E-1 1.41714E-1 1.62364E-1 1.62115E-1 1.14889E-1 1.01778E-1 8.75303E-2 7.82699E-2 6.38885E-2 5.82901E-2 6.8562E-2 1.13182E-2 2.69458E-2 7.90322E-2 6.97081E-2 9.30892E-2 7.74685E-2 8.58855E-2 9.82975E-2 1.11285E-1 9.66277E-2 1.24069E-1 1.15236E-1 8.40412E-2 8.92297E-2 1.12524E-1 9.43121E-2 9.00471E-2 8.45785E-2 8.52923E-2 7.51241E-2 1.16304E-1 3.71612E-2 2.98238E-2 1.02189E-1 1.32627E-1 7.52853E-2 2.56276E-2 1.25122E-3 1.2322E-4 3.84721E-4 3.57053E-3 3.42746E-2 3.24705E-3 1.20642E-3 4.57293E-4 4.87823E-5 1.00363E-4 5.70195E-5 2.11578E-4
9.3014E-2 1.43522E-1 1.0104E-1 8.87138E-2 9.21651E-2 7.90932E-2 8.48629E-2 5.98099E-2 5.65379E-2 7.64123E-2 1.08484E-1 1.01956E-1 9.2746E-2 6.80177E-2 9.04253E-2 9.88121E-2 1.09256E-1 1.45725E-1 1.87077E-1 1.55943E-1 1.30077E-1 1.21724E-1 1.13911E-1 9.10572E-2 8.96275E-2 5.54702E-2 6.66533E-2 8.18728E-2 3.83737E-2 2.73902E-2 6.61992E-2 9.87118E-2 1.06878E-1 8.0176E-2 8.26463E-2 9.00936E-2 1.21872E-1 1.10994E-1 1.19394E-1 1.10092E-1 9.27426E-2 9.89315E-2 9.94643E-2 6.28766E-2 4.27792E-2 5.83492E-2 9.404E-2 6.38219E-2 9.28474E-2 7.98584E-2 1.02243E-1 1.05885E-1 6.81582E-2 2.87416E-2 1.89765E-2 5.63697E-4 1.18217E-3 7.76316E-4 6.09369E-4 1.21684E-3 2.90466E-3 5.36963E-4 5.54035E-5 2.23664E-5 7.64446E-5 4.69766E-5 3.20278E-3
8.74241E-2 8.71554E-2 6.88539E-2 8.1565E-2 8.36791E-2 8.25667E-2 7.88393E-2 8.43138E-2 4.74054E-2 6.29289E-2 8.49273E-2 9.32907E-2 9.13626E-2 8.79233E-2 7.44883E-2 8.73373E-2 1.03324E-1 1.2497E-1 1.23797E-1 1.31005E-1 1.16791E-1 1.05556E-1 1.1397E-1 1.07903E-1 1.00851E-1 4.99606E-2 6.75641E-2 1.09365E-1 6.97172E-2 4.80845E-2 4.96002E-2 9.77481E-2 1.16646E-1 1.06264E-1 7.19287E-2 8.58272E-2 9.67681E-2 1.07733E-1 1.12723E-1 9.56013E-2 8.41747E-2 9.70027E-2 1.11696E-1 3.67328E-2 5.82808E-2 7.02324E-2 9.50263E-2 7.78541E-2 7.47845E-2 9.41012E-2 7.35537E-2 5.1774E-2 3.72953E-2 3.64592E-2 1.21535E-2 1.16794E-3 1.58924E-4 5.01247E-4 1.50547E-4 6.24793E-4 1.33031E-3 3.91595E-4 5.05921E-5 4.662E-5 2.10263E-4 2.40447E-4 2.44649E-3
1.12987E-1 6.60659E-2 4.15423E-2 8.24652E-2 9.47417E-2 1.05503E-1 1.2565E-1 1.11785E-1 9.86918E-2 1.06577E-1 6.60845E-2 8.09567E-2 9.42843E-2 6.52982E-2 6.44493E-2 8.20644E-2 1.087E-1 1.1615E-1 7.01811E-2 1.02044E-1 1.13874E-1 9.86921E-2 4.42801E-2 1.1344E-1 1.07895E-1 1.20029E-1 1.11233E-1 9.74078E-2 6.34844E-2 5.99173E-2 3.4538E-2 4.86353E-2 8.54317E-2 9.57844E-2 8.34627E-2 1.03095E-1 1.0184E-1 1.13403E-1 1.58075E-1 1.02936E-1 1.1074E-1 7.64436E-2 5.06251E-2 5.99007E-2 6.86704E-2 5.7364E-2 8.19901E-2 9.26423E-2 7.90494E-2 6.43839E-2 4.52198E-2 4.45152E-2 2.67536E-2 3.42567E-2 2.05847E-2 2.51481E-4 3.92949E-4 2.69274E-4 3.0312E-4 1.12906E-3 2.84181E-3 6.57877E-4 4.33906E-5 1.68491E-5 1.27531E-4 2.65293E-4 2.19803E-3
4.21334E-2 2.43521E-2 4.40422E-2 4.45098E-2 4.51917E-2 1.16389E-1 1.19137E-1 1.0187E-1 1.35712E-1 5.70477E-2 6.20109E-2 8.02309E-2 6.49544E-2 4.88117E-2 4.41875E-2 4.68852E-2 3.68525E-2 6.07877E-2 3.45898E-2 3.68831E-2 2.45779E-2 2.90864E-2 2.45374E-2 3.59459E-2 7.89535E-2 6.21441E-2 8.43705E-2 9.89752E-2 5.58421E-2 9.45184E-2 5.8447E-2 7.09655E-2 8.42861E-2 5.78808E-2 5.63742E-2 8.23139E-2 1.04875E-1 6.15459E-2 8.76647E-2 9.98072E-2 8.38535E-2 7.35665E-2 6.63713E-2 2.94896E-2 2.41697E-2 7.10243E-2 7.32575E-2 8.43546E-2 6.20157E-2 7.9445E-2 7.27157E-2 5.35938E-2 2.19244E-2 2.74445E-2 1.32549E-4 2.57613E-4 2.26902E-5 2.82161E-5 1.60256E-4 1.489E-3 3.78654E-3 4.02845E-4 2.55521E-4 3.73076E-5 8.20192E-5 5.06967E-5 2.65393E-4
2.23616E-3 1.26816E-3 1.36684E-2 6.80107E-2 9.61707E-2 7.20177E-2 6.96167E-2 5.89004E-2 1.0525E-1 8.14608E-2 2.02516E-2 3.1947E-2 7.66256E-2 5.23937E-2 6.35277E-2 3.22161E-2 3.28071E-3 3.28424E-2 8.73356E-2 8.75177E-2 5.87612E-2 6.28074E-2 6.09758E-2 5.34071E-2 4.09609E-2 9.24428E-2 1.17223E-1 7.22145E-2 6.89331E-2 5.63065E-2 3.84562E-2 4.46074E-2 5.26455E-2 4.52908E-2 6.13874E-2 6.09832E-2 5.28986E-2 8.41026E-2 9.23258E-2 5.9118E-2 7.39201E-2 5.90092E-2 6.23074E-2 1.80753E-2 1.389E-1 1.59205E-1 9.59659E-2 7.62802E-2 3.29579E-2 7.7444E-2 8.6163E-2 3.47129E-2 4.81165E-2 1.57366E-2 1.42136E-3 4.50756E-4 1.44595E-4 4.55066E-5 2.82297E-5 1.1536E-4 8.94629E-4 5.96386E-4 7.16361E-5 1.05577E-5 3.40454E-5 1.18016E-4 8.92924E-4
3.05983E-3 2.86371E-4 1.13356E-3 6.98591E-2 1.00581E-1 1.2868E-1 5.92674E-2 8.60562E-2 8.24864E-2 1.37051E-1 6.07681E-2 8.19873E-2 7.66603E-2 6.2769E-2 7.20801E-2 3.39768E-2 2.1498E-2 4.95518E-2 6.19813E-2 9.00195E-2 4.03683E-2 6.97668E-2 1.3112E-1 1.08503E-1 4.90152E-2 9.05422E-2 1.03346E-1 4.44477E-2 3.03577E-2 2.635E-2 2.46674E-2 2.12161E-2 6.02405E-2 5.61577E-2 8.96621E-2 8.19038E-2 6.00113E-2 4.54013E-2 4.31345E-2 5.9888E-2 8.12992E-2 5.78377E-2 2.45828E-2 2.54725E-2 2.61257E-2 4.95421E-2 7.03488E-2 6.81292E-2 6.88126E-3 4.74212E-3 3.71535E-2 4.48721E-2 8.29417E-2 4.03665E-2 6.00752E-3 1.14975E-3 6.46131E-4 4.2987E-5 3.17174E-5 6.38162E-5 2.01982E-4 2.85418E-5 1.44451E-5 7.35705E-6 7.81136E-5 4.34352E-5 1.41999E-3
3.39663E-3 5.48558E-4 1.22415E-3 1.92561E-2 6.41423E-2 9.43125E-2 3.39572E-2 2.7592E-2 8.883E-2 5.75007E-2 4.3146E-2 8.17723E-2 5.93881E-2 7.68822E-2 8.20917E-2 5.49675E-2 4.96626E-2 2.30909E-2 2.80779E-2 1.94075E-2 1.76889E-2 7.1075E-2 1.09849E-1 7.71907E-2 5.60958E-2 4.23709E-2 3.07452E-2 4.6287E-2 1.23445E-2 3.30745E-2 3.23013E-2 3.29114E-2 7.3958E-2 5.18754E-2 7.84328E-2 3.55616E-2 2.93E-2 6.3623E-2 6.06496E-2 6.38576E-2 4.06172E-2 3.78347E-2 6.02148E-3 4.2773E-2 7.02984E-2 3.50106E-2 7.82756E-2 6.41574E-2 7.98072E-3 3.88999E-3 8.19102E-3 2.91714E-2 3.92301E-2 4.16578E-2 3.84025E-2 2.41191E-2 2.70298E-3 8.39758E-5 7.38728E-5 4.40586E-4 5.15804E-5 4.27217E-5 6.32041E-6 2.5564E-5 1.53739E-5 6.51338E-5 1.20212E-4
4.32764E-3 1.267E-3 1.4646E-3 2.91167E-3 8.87191E-3 2.39957E-2 2.30036E-2 2.8093E-2 4.41947E-2 2.58248E-2 4.72467E-2 2.099E-2 5.36752E-2 8.12235E-2 7.10983E-2 4.89553E-2 2.53737E-2 1.49443E-2 9.51853E-3 1.52808E-2 8.05971E-2 8.71616E-2 1.4659E-1 1.15839E-1 9.83825E-2 3.44475E-2 3.46201E-2 4.83606E-2 1.15269E-2 1.31356E-2 1.59517E-2 2.37525E-2 5.40116E-2 2.99162E-2 6.47522E-2 3.65094E-2 1.82062E-2 3.06701E-2 4.17308E-2 7.21635E-2 3.82984E-2 1.3148E-2 1.68907E-2 1.14861E-2 7.03453E-2 3.30312E-2 5.77447E-2 6.2106E-2 4.38978E-3 3.30939E-3 2.06428E-2 2.86794E-2 1.16609E-2 2.9606E-3 4.12772E-3 5.41831E-3 8.07368E-4 5.6649E-5 3.49599E-5 1.11104E-4 3.86157E-5 1.76648E-5 3.63334E-6 5.68784E-6 9.36306E-6 2.7677E-5 4.42671E-5
4.93914E-3 3.04891E-3 1.21397E-3 9.41765E-4 2.3927E-3 5.34766E-3 8.39211E-3 1.3777E-2 3.18462E-2 4.2222E-2 4.89285E-2 2.78744E-2 1.19987E-2 4.34259E-2 8.36519E-2 6.07877E-2 1.88625E-2 3.99599E-3 1.26455E-2 1.95917E-2 5.17893E-2 1.11722E-1 6.38565E-2 9.43998E-2 8.0469E-2 2.83888E-2 3.5198E-2 2.3361E-2 8.25821E-3 5.14069E-2 1.41034E-2 1.21567E-2 5.08705E-2 3.93822E-2 4.35791E-2 3.14584E-2 3.167E-2 4.43724E-2 2.64841E-2 2.62836E-2 4.96515E-2 4.23891E-2 6.08131E-3 3.59601E-3 6.9662E-2 5.72641E-2 8.72487E-2 3.89197E-2 7.33326E-3 7.71892E-3 9.3289E-3 1.05639E-2 1.7487E-2 5.74771E-4 5.13817E-4 1.79019E-3 4.66485E-3 4.08713E-4 1.45837E-4 1.15713E-4 3.86732E-5 4.455E-6 3.68335E-6 5.46843E-6 1.00104E-5 4.48137E-5 7.78027E-5
6.58829E-3 5.75762E-3 1.23927E-3 3.19081E-4 2.88954E-4 6.43162E-3 5.03258E-3 2.17183E-2 2.07772E-2 1.25955E-2 6.99253E-2 3.09806E-2 5.66087E-2 6.22562E-2 7.13693E-2 4.08779E-2 2.01684E-3 3.32079E-4 8.02656E-4 4.33318E-2 5.06888E-2 5.51451E-2 4.73428E-2 2.02602E-2 1.2248E-2 5.69377E-3 8.736E-3 8.33724E-3 5.22886E-3 3.08438E-2 3.01497E-2 8.70586E-3 6.41921E-2 7.94556E-2 1.53378E-2 1.59234E-2 2.30869E-2 7.9943E-2 7.24007E-2 5.26276E-2 3.24971E-2 3.56978E-2 1.8879E-2 7.51315E-3 2.35311E-2 4.45288E-2 5.62629E-2 7.39695E-3 7.5533E-3 5.73629E-3 1.11205E-2 4.90052E-3 7.63945E-3 1.53772E-3 3.23174E-4 5.27495E-4 3.90481E-3 1.75338E-4 1.66252E-4 3.70388E-5 1.88137E-5 2.64712E-6 2.75533E-6 8.63748E-6 1.8167E-5 4.90473E-5 2.75876E-5
1.221E-2 6.91315E-3 6.6156E-3 1.33005E-3 1.39526E-4 2.79943E-4 1.31174E-3 8.3897E-3 4.03526E-3 1.87678E-3 8.5112E-3 4.52911E-2 6.67458E-2 3.22268E-2 1.66029E-2 2.69014E-3 7.55331E-4 2.31844E-4 7.69907E-4 1.35428E-2 2.77202E-2 1.72402E-2 1.01058E-2 7.42311E-3 7.04781E-3 6.29563E-3 1.27768E-2 7.56115E-3 1.39028E-2 3.70874E-3 2.00856E-2 3.69933E-2 4.22255E-2 4.36925E-2 1.14985E-2 2.14292E-2 9.63499E-3 3.49253E-2 6.01122E-2 4.47256E-2 1.91982E-2 1.52362E-2 5.66269E-3 5.75435E-3 2.35338E-2 4.04989E-2 4.70078E-2 4.48659E-3 4.27022E-3 6.01807E-3 6.9839E-3 1.07976E-2 6.71622E-3 2.7673E-3 2.053E-4 9.36712E-5 5.64333E-4 1.71687E-4 1.76091E-4 5.92425E-5 2.67734E-5 2.99195E-6 2.95486E-6 1.54026E-5 3.49864E-5 6.6637E-5 4.60441E-5
1.42319E-2 1.38177E-2 9.6669E-3 3.84435E-3 1.26638E-4 4.85879E-5 2.58854E-4 1.16589E-3 8.93852E-4 1.69685E-3 5.16355E-3 1.72017E-2 3.79023E-2 1.51719E-2 2.41058E-3 1.67008E-3 3.78915E-4 4.54913E-5 3.69336E-4 2.16217E-3 2.02181E-3 5.5089E-3 2.50527E-2 7.48811E-3 1.39108E-2 1.24007E-2 1.61313E-2 1.15647E-2 6.28413E-3 6.66125E-3 1.07057E-2 3.87767E-2 4.81086E-2 4.16645E-2 8.77797E-3 2.00015E-2 2.48584E-3 2.27889E-3 1.34279E-2 1.31152E-2 1.29031E-2 2.89288E-2 7.31059E-3 4.13639E-3 1.03058E-2 4.64031E-2 6.58289E-2 4.24624E-3 3.15053E-3 2.79097E-3 4.27683E-3 1.54015E-2 1.1879E-2 1.60842E-3 1.13631E-3 7.3499E-4 9.39208E-5 6.76029E-4 4.63232E-4 9.66379E-5 1.55066E-5 3.34123E-6 6.51288E-6 1.78761E-5 -9999 -9999 -9999
1.2996E-2 1.09747E-2 6.44202E-3 5.08133E-5 7.422E-5 1.01366E-4 2.60043E-4 7.54275E-4 3.70294E-4 3.91576E-4 4.0169E-4 5.74158E-3 9.30311E-3 6.81159E-3 1.28285E-3 9.18091E-4 1.5632E-4 2.85552E-4 1.52649E-4 6.1957E-4 2.45096E-3 1.56133E-2 3.74426E-2 3.91786E-2 8.82265E-3 1.51525E-2 4.82739E-3 4.94525E-3 8.4859E-3 3.4004E-3 6.97346E-3 1.10859E-2 2.52236E-2 2.12865E-2 4.2148E-2 1.04616E-2 1.26139E-2 3.30052E-3 5.73275E-3 1.0507E-2 1.64621E-2 1.63849E-2 1.06862E-2 4.22376E-3 2.09941E-2 3.96967E-2 1.70611E-2 4.03205E-3 1.39658E-3 2.706E-3 2.34583E-3 3.46104E-3 1.89404E-3 1.31446E-2 1.32275E-3 1.33793E-3 1.40462E-4 1.14979E-4 7.0653E-5 4.85914E-5 8.26806E-6 8.10993E-6 -9999 -9999 -9999 -9999 -9999
1.62237E-2 1.36718E-2 7.57122E-4 1.64229E-4 1.53953E-4 8.5336E-5 2.85823E-5 1.3698E-4 1.98265E-4 8.68871E-5 5.69668E-5 8.17081E-4 2.61945E-3 3.81605E-3 1.41257E-3 5.02625E-4 3.97303E-4 1.6199E-3 9.79841E-3 5.6565E-3 2.46993E-3 1.46661E-2 4.12218E-2 6.39464E-2 1.21518E-2 4.74938E-3 2.96654E-3 4.11155E-3 9.66243E-3 9.86174E-3 1.38291E-3 2.2249E-3 1.88378E-2 4.51887E-2 5.91996E-2 1.6083E-2 4.21793E-3 3.25228E-3 5.99177E-3 6.32828E-3 1.36259E-2 1.1778E-2 5.90437E-3 8.45003E-3 1.48638E-2 2.11104E-2 1.4881E-2 1.03088E-2 7.52976E-4 1.84511E-3 3.41306E-3 2.51844E-3 3.10894E-3 1.77549E-3 4.43294E-3 5.54325E-3 6.30751E-4 5.4683E-5 1.43406E-5 1.57701E-5 -9999 -9999 -9999 -9999 -9999 -9999 -9999
1.55565E-2 2.03923E-2 3.03193E-3 2.10652E-4 2.5737E-4 1.98401E-4 1.17456E-4 9.27911E-5 5.09482E-5 3.38376E-5 1.73652E-4 4.427E-4 1.92747E-3 1.18256E-3 3.63224E-4 3.57818E-4 1.56416E-4 2.47426E-3 1.49462E-2 1.52807E-2 1.20211E-2 3.64368E-2 6.20883E-2 1.44901E-2 1.57478E-2 2.34449E-3 1.05235E-3 1.29752E-3 6.64699E-3 1.5557E-2 1.07083E-3 2.29844E-3 1.69142E-2 4.93973E-2 6.02099E-2 1.40662E-2 1.00785E-2 9.2306E-4 6.07634E-3 3.52855E-3 2.69816E-3 1.10607E-2 7.25579E-3 1.29316E-2 1.79265E-2 3.84608E-2 1.16435E-2 2.21664E-3 5.55372E-4 8.31898E-4 5.62542E-4 6.00055E-4 1.01935E-3 4.96477E-4 8.08928E-4 1.02852E-3 1.44955E-3 6.08539E-5 -9999 -9999 -9999 -9999 -9999 -9999 -9999 -9999 -9999
1.97818E-2 2.00295E-2 1.60765E-2 8.75993E-4 5.0796E-4 2.34558E-3 3.52787E-5 6.05297E-5 1.59031E-4 4.33082E-5 3.13007E-5 9.47665E-5 3.16616E-4 2.13176E-4 1.46538E-3 8.25629E-4 3.70218E-4 6.60876E-4 5.658E-3 1.7632E-2 1.16167E-2 8.30648E-3 1.48233E-2 5.01911E-3 2.42237E-3 2.29108E-3 2.9824E-4 1.9475E-3 2.69864E-3 1.23234E-2 3.3226E-3 9.93744E-4 1.65296E-2 3.98957E-2 5.75623E-2 3.49971E-2 2.61452E-3 4.14594E-3 4.27314E-3 1.80512E-3 2.91804E-3 1.02613E-2 6.77131E-3 5.44714E-3 2.3217E-2 2.2896E-2 4.61917E-3 1.65281E-3 2.89374E-3 3.85163E-4 9.25571E-4 3.01393E-4 2.54519E-4 2.02637E-4 2.03646E-3 2.49404E-4 1.75431E-4 -9999 -9999 -9999 -9999 -9999 -9999 -9999 -9999 -9999 -9999
9.36793E-2 7.98016E-2 6.97356E-2 2.20949E-2 2.54429E-3 7.13493E-4 6.72329E-5 5.32283E-5 8.56542E-5 7.4518E-5 4.75415E-5 1.6483E-4 7.26E-4 1.43785E-3 5.99569E-3 1.37735E-2 1.4146E-2 6.89345E-3 7.15154E-3 1.12996E-2 2.08456E-3 1.70916E-3 2.25988E-3 7.75147E-4 1.45209E-3 6.76398E-4 4.83187E-4 1.15293E-2 5.415E-3 1.53711E-3 1.73315E-3 8.73092E-4 4.31279E-3 3.91923E-2 7.66433E-2 6.81641E-2 3.36357E-2 9.65801E-3 2.17622E-3 1.8789E-3 2.53601E-3 7.16556E-3 9.30791E-3 1.78113E-3 1.66708E-3 6.32216E-3 3.47744E-3 1.37367E-3 1.3601E-3 5.46905E-4 6.00857E-4 6.93558E-4 2.71938E-4 7.07743E-4 1.68149E-3 3.65078E-4 3.30517E-4 -9999 -9999 -9999 -9999 -9999 -9999 -9999 -9999 -9999 -9999
9.0044E-2 1.08054E-1 1.00368E-1 6.39509E-2 2.03225E-2 1.94359E-3 2.05311E-4 1.35429E-4 1.38063E-4 5.73511E-5 6.67189E-5 5.35794E-5 1.33507E-4 2.19397E-3 4.10114E-3 6.99887E-3 2.86972E-3 2.96008E-3 1.87731E-3 1.29676E-3 1.22722E-3 1.49728E-3 5.84817E-4 4.49636E-4 1.98E-3 4.7577E-4 9.17609E-4 6.89802E-3 7.45556E-3 4.7149E-4 1.15938E-4 2.68405E-4 3.84885E-4 1.80141E-2 4.82894E-2 5.40989E-2 2.6146E-2 2.64645E-2 1.42046E-2 2.25875E-3 2.78169E-3 5.65904E-3 5.08978E-3 7.45607E-4 4.02669E-4 1.61362E-3 1.88354E-3 3.2285E-3 1.58167E-3 9.16805E-4 3.0987E-4 5.11444E-4 7.33453E-5 5.16453E-5 3.7773E-4 1.70467E-4 4.67118E-5 -9999 -9999 -9999 -9999 -9999 -9999 -9999 -9999 -9999 -9999
9.54406E-2 8.90937E-2 1.15122E-1 1.17965E-1 6.27043E-2 1.0076E-2 6.81168E-3 1.24374E-3 7.65445E-5 3.40967E-5 4.42245E-5 5.66887E-5 5.4535E-5 7.07239E-4 2.67639E-3 2.84755E-3 1.90354E-3 8.5693E-4 6.26245E-4 1.05487E-3 9.14915E-4 1.74624E-3 3.4336E-3 6.73886E-4 9.84583E-4 5.01627E-4 7.97285E-4 3.53837E-3 2.31226E-3 2.33689E-3 6.33732E-4 1.0055E-4 1.42752E-4 5.07253E-3 1.11595E-2 4.64521E-2 5.00752E-2 1.35695E-2 1.29905E-3 6.21601E-4 1.80053E-3 1.34194E-2 8.05487E-3 1.33349E-3 7.85254E-4 1.54271E-3 3.51143E-3 2.84727E-3 3.12926E-3 5.29273E-4 1.60162E-4 2.99102E-4 4.44859E-5 3.25738E-5 1.14061E-4 2.15805E-4 3.71935E-5 -9999 -9999 -9999 -9999 -9999 -9999 -9999 -9999 -9999 -9999
1.12493E-1 1.02343E-1 1.04731E-1 1.34087E-1 1.01968E-1 4.20125E-2 9.8874E-3 7.35066E-3 2.78417E-4 1.8742E-5 3.42281E-5 5.49974E-5 7.94709E-5 1.30843E-3 3.25828E-3 7.97831E-3 3.22338E-3 2.55338E-3 2.486E-3 8.35932E-4 5.82558E-4 9.32424E-4 1.99941E-3 5.07832E-4 1.85992E-3 5.8471E-3 1.38849E-3 8.28725E-4 1.14989E-3 1.2549E-3 4.88247E-4 9.64108E-5 4.73631E-4 7.88972E-3 8.15436E-3 4.99794E-2 2.74285E-2 1.18878E-2 1.86718E-3 4.40954E-4 7.353E-4 1.27155E-2 1.2452E-2 2.57941E-3 5.48492E-4 2.5295E-4 5.23271E-4 6.10464E-3 2.83493E-3 4.68583E-4 2.34737E-4 3.48099E-5 1.91992E-5 2.79732E-5 6.40372E-5 2.58234E-4 3.08826E-5 -9999 -9999 -9999 -9999 -9999 -9999 -9999 -9999 -9999 -9999
9.86889E-2 1.06804E-1 1.02337E-1 9.52902E-2 9.21525E-2 9.77717E-2 2.31761E-2 9.97777E-3 2.57381E-3 3.15632E-5 8.71736E-5 4.1228E-5 2.61891E-4 1.35747E-3 2.6575E-3 6.75228E-3 3.05679E-3 8.52477E-4 1.43352E-3 6.97712E-4 1.33868E-4 4.33568E-4 2.3148E-3 4.08022E-3 4.86865E-3 8.63765E-3 2.20273E-3 4.93055E-4 8.24426E-4 1.44407E-3 2.59502E-4 1.56942E-4 5.03932E-4 5.71709E-3 3.74039E-2 4.24501E-2 2.59039E-2 1.62552E-2 1.77592E-3 4.1099E-4 1.92748E-3 1.04801E-2 1.31412E-2 2.49868E-3 2.35094E-4 4.28156E-5 1.26502E-3 2.53392E-3 2.31346E-3 8.16398E-4 7.84084E-4 4.13611E-5 7.55834E-6 1.72733E-5 5.35635E-5 2.05351E-4 1.25518E-4 -9999 -9999 -9999 -9999 -9999 -9999 -9999 -9999 -9999 -9999
1.09592E-1 1.00172E-1 7.2068E-2 7.72009E-2 7.0366E-2 6.57512E-2 6.29328E-2 2.62876E-2 1.29383E-3 6.56626E-6 8.39529E-5 2.11856E-5 6.45674E-5 9.50562E-4 2.55599E-3 2.19424E-3 2.04506E-3 1.11981E-3 4.46367E-4 7.55051E-4 9.23464E-5 8.17883E-5 5.91155E-4 4.68382E-3 1.23917E-2 5.57966E-3 2.64431E-3 4.14327E-4 1.95287E-3 4.0744E-3 1.07867E-3 1.29272E-4 1.74617E-4 1.70974E-3 7.91713E-3 2.47131E-2 1.40242E-2 4.53732E-3 7.89002E-4 2.74814E-3 4.98535E-3 9.83397E-3 8.25832E-3 1.54688E-3 4.20671E-5 4.10606E-5 4.98687E-4 2.4917E-3 1.17862E-3 1.54018E-4 5.71716E-4 9.13412E-5 4.95617E-5 7.8994E-6 1.14297E-5 3.05942E-5 -9999 -9999 -9999 -9999 -9999 -9999 -9999 -9999 -9999 -9999 -9999
1.06465E-1 6.60581E-2 4.30347E-2 3.76202E-2 6.22934E-2 6.3665E-2 6.60125E-2 4.12214E-2 3.51879E-3 1.0222E-5 5.96579E-5 1.61311E-5 4.34454E-5 7.54743E-4 7.3552E-4 1.10058E-3 1.8328E-3 3.69963E-4 1.17744E-4 3.36761E-4 2.19473E-4 3.54554E-5 1.66388E-4 4.11256E-3 9.53182E-3 3.28354E-3 3.59026E-3 1.56961E-3 2.01825E-3 2.33407E-3 2.21687E-3 4.95588E-4 8.79203E-5 1.16575E-4 1.45096E-3 8.00548E-3 5.82877E-3 5.5811E-3 7.85009E-4 3.13182E-4 7.69811E-4 5.03943E-3 6.49158E-3 1.75261E-4 1.6196E-5 3.31E-5 4.63254E-4 6.99657E-4 1.50647E-4 1.98369E-4 3.50696E-4 8.19012E-5 2.63972E-5 7.38619E-6 9.2257E-6 1.05779E-5 -9999 -9999 -9999 -9999 -9999 -9999 -9999 -9999 -9999 -9999 -9999
1.12776E-1 9.31954E-2 3.87274E-2 2.9141E-2 3.44957E-2 3.08745E-2 5.3018E-2 3.41384E-2 2.20498E-3 4.78603E-5 1.10161E-5 1.34611E-5 1.91653E-5 9.71077E-4 2.96285E-4 4.81841E-4 3.34045E-4 2.80494E-4 1.81E-5 5.84905E-5 7.76862E-5 3.95505E-5 9.20256E-5 2.06249E-4 1.84649E-3 1.36554E-3 2.12735E-3 4.57633E-4 4.5715E-4 9.01856E-4 1.40698E-3 1.45835E-3 1.2547E-3 1.04944E-4 1.71619E-4 5.78449E-4 4.28836E-4 2.19295E-4 3.83376E-4 8.79459E-5 6.05875E-4 3.05675E-3 3.03852E-3 4.16717E-4 2.74779E-5 8.19349E-5 9.22219E-4 5.01699E-4 7.73508E-5 2.53458E-5 8.68641E-5 8.5998E-5 2.6546E-5 1.09062E-5 5.33883E-6 8.19735E-6 -9999 -9999 -9999 -9999 -9999 -9999 -9999 -9999 -9999 -9999 -9999
1.22122E-1 1.25909E-1 8.46941E-2 8.15859E-2 4.16398E-2 1.47153E-2 2.20826E-2 1.91752E-2 7.71742E-3 1.10063E-4 2.92863E-6 4.46505E-5 8.93467E-5 2.85969E-4 6.96404E-5 7.60004E-5 1.10632E-4 5.63881E-5 8.54793E-6 1.91227E-5 4.59587E-5 4.14317E-5 1.99174E-4 4.63956E-5 9.32343E-4 6.21505E-4 7.79245E-5 7.48023E-5 4.36271E-5 6.68209E-4 4.46341E-4 5.71204E-4 3.73641E-4 2.52748E-4 5.2654E-5 9.51675E-5 1.65874E-4 4.73582E-5 1.07923E-4 3.13213E-5 1.99157E-4 1.73426E-3 5.67435E-4 5.62806E-4 9.91019E-5 1.86782E-4 2.85566E-4 7.93292E-4 1.85143E-4 1.86599E-5 6.08778E-6 4.90789E-5 1.96518E-5 6.3816E-6 2.53298E-6 -9999 -9999 -9999 -9999 -9999 -9999 -9999 -9999 -9999 -9999 -9999 -9999
1.33141E-1 1.56451E-1 8.94884E-2 7.6483E-2 7.86369E-2 1.17991E-2 1.55123E-2 9.20063E-3 1.62835E-3 2.56786E-5 3.20906E-5 4.27891E-5 7.41649E-5 6.96181E-5 3.38305E-5 7.31551E-6 1.91705E-5 1.87502E-5 5.31812E-6 1.01599E-5 2.39937E-5 7.35785E-5 3.29307E-4 6.46699E-4 6.96175E-4 1.4005E-4 5.03376E-5 5.84581E-5 1.81547E-5 1.69655E-4 4.74447E-4 3.12938E-4 9.66867E-5 5.44244E-5 5.32737E-5 3.54972E-5 2.38589E-5 2.24463E-5 7.29376E-5 1.04648E-4 3.6986E-4 1.57596E-3 8.8988E-4 5.54781E-4 5.45661E-4 1.41189E-4 1.12775E-4 9.94106E-5 1.3692E-4 1.10425E-5 2.69533E-6 9.16484E-6 9.77822E-6 2.51854E-6 3.78093E-6 -9999 -9999 -9999 -9999 -9999 -9999 -9999 -9999 -9999 -9999 -9999 -9999
1.20117E-1 1.49997E-1 1.18501E-1 9.51523E-2 8.12756E-2 1.66849E-2 6.66807E-4 1.42239E-3 2.874E-4 4.55565E-5 2.72556E-5 3.86768E-5 7.3478E-5 7.22555E-5 1.14932E-5 2.52301E-6 1.38363E-5 8.22844E-6 3.29E-6 6.57002E-6 1.18043E-5 6.13379E-5 6.51127E-5 2.15714E-4 2.53295E-4 7.78127E-5 7.84646E-6 4.40401E-5 8.92672E-5 3.91716E-4 6.08505E-4 1.42863E-4 2.11815E-4 3.51246E-5 1.38814E-5 1.47459E-5 4.60142E-6 7.62872E-6 4.48911E-5 6.57382E-5 2.79018E-4 3.09861E-4 2.0049E-4 3.02773E-4 5.64474E-4 2.19529E-4 8.89605E-5 2.92579E-5 6.85118E-6 3.49269E-6 1.33614E-6 2.33808E-6 6.48308E-6 2.56142E-6 -9999 -9999 -9999 -9999 -9999 -9999 -9999 -9999 -9999 -9999 -9999 -9999 -9999
8.89903E-2 9.85288E-2 1.27047E-1 1.03691E-1 8.50597E-2 4.13723E-2 3.89151E-3 1.5186E-3 9.09923E-5 2.50023E-5 3.96424E-5 3.47988E-5 3.59506E-5 3.17189E-5 8.02281E-6 5.93295E-6 2.85665E-6 1.33686E-6 1.32949E-6 8.84693E-6 1.91222E-5 5.94063E-5 3.51335E-4 2.90361E-4 9.28266E-5 2.61927E-5 6.98661E-6 6.20088E-6 7.47104E-5 1.50999E-4 4.65381E-4 1.27883E-4 4.39129E-5 9.17938E-6 3.56714E-6 4.74014E-6 4.5248E-6 4.19489E-6 9.20981E-6 7.24626E-5 1.70006E-4 1.77533E-4 1.1609E-4 4.05661E-5 3.32226E-5 3.30181E-5 4.25373E-5 7.63645E-6 5.4455E-7 2.50827E-7 5.40031E-7 1.16693E-6 2.72604E-6 -9999 -9999 -9999 -9999 -9999 -9999 -9999 -9999 -9999 -9999 -9999 -9999 -9999 -9999
