ENM/Final_Models/M_1_F_lqp_Set_1_E/Gustavia_santanderiensis_9_Choco.asc
ncols         367
nrows         963
xllcorner     -78.6
yllcorner     0.65
cellsize      0.00833333333333323
NODATA_value  -9999
[rows 165 to 197 of 963, columns 73 to 145 of 367]
-9999 -9999 -9999 -9999 -9999 -9999 -9999 -9999 -9999 -9999 -9999 -9999 -9999 -9999 -9999 -9999 -9999 1.85948E-3 1.23142E-3 1.35481E-3 1.93442E-3 7.88227E-4 9.40981E-4 8.42063E-4 9.31276E-4 8.56711E-4 1.4194E-3 9.44185E-4 1.32651E-3 6.32195E-4 1.08754E-3 1.01234E-3 1.56882E-3 6.75827E-3 2.33752E-3 1.67967E-3 8.98258E-4 8.8869E-4 5.51788E-4 6.43161E-4 1.7601E-3 1.42527E-3 1.75023E-3 2.63047E-3 2.80108E-3 2.91188E-3 2.14098E-3 2.34621E-3 2.20991E-3 3.39832E-3 4.19227E-3 2.27805E-3 2.98164E-3 3.29421E-3 3.83246E-3 1.63891E-3 2.89671E-3 2.86396E-3 5.39388E-3 2.65274E-3 1.78184E-3 2.69175E-3 1.34451E-3 8.7172E-4 1.28515E-3 4.20656E-3 1.40961E-3 2.57098E-3 1.71326E-3 2.35658E-3 3.01962E-3 3.34669E-3 7.11605E-3
-9999 -9999 -9999 -9999 -9999 -9999 -9999 -9999 -9999 -9999 -9999 -9999 -9999 -9999 -9999 -9999 1.0246E-3 8.18295E-4 1.14571E-3 8.62863E-4 1.67691E-3 9.86955E-4 1.04116E-3 1.11968E-3 7.92765E-4 1.10059E-3 1.0018E-3 1.14547E-3 2.40629E-3 8.68073E-4 4.19914E-4 9.7121E-4 1.25839E-3 2.50588E-3 2.36936E-3 1.90183E-3 7.35076E-4 7.42915E-4 1.34368E-3 1.35714E-3 1.60156E-3 1.02552E-3 1.75236E-3 1.85007E-3 2.23486E-3 1.07672E-3 2.10828E-3 2.78538E-3 2.10804E-3 3.81242E-3 4.90269E-3 3.03297E-3 2.00331E-3 4.10912E-3 4.18673E-3 2.33473E-3 2.87432E-3 2.83721E-3 3.3751E-3 5.85971E-3 1.94573E-3 3.41781E-3 1.12162E-3 2.02545E-3 1.2356E-3 1.03469E-3 3.69392E-3 2.36942E-3 1.92654E-3 2.54835E-3 3.44365E-3 6.13787E-3 8.48174E-3
-9999 -9999 -9999 -9999 -9999 -9999 -9999 -9999 -9999 -9999 -9999 -9999 -9999 -9999 -9999 -9999 1.22031E-3 1.32628E-3 1.54978E-3 1.41332E-3 2.55501E-3 1.60769E-3 1.70231E-3 1.07204E-3 6.57039E-4 8.09372E-4 1.20276E-3 9.08062E-4 2.38558E-3 9.46836E-4 8.23568E-4 6.56505E-4 1.4399E-3 1.80513E-3 1.85349E-3 4.49085E-3 2.02905E-3 1.53952E-3 2.20377E-3 3.13384E-3 6.17237E-3 3.59185E-3 1.32308E-3 1.26431E-3 9.23145E-4 1.2356E-3 1.32854E-3 1.31567E-3 2.40503E-3 3.00536E-3 5.4841E-3 3.65035E-3 2.18287E-3 4.8854E-3 2.90273E-3 3.47988E-3 6.38404E-3 4.43976E-3 4.01936E-3 2.84559E-3 2.13267E-3 1.87922E-3 3.31142E-3 3.05778E-3 4.71905E-3 2.9814E-3 2.77507E-3 4.52307E-3 2.94698E-3 5.23425E-3 5.32794E-3 6.69566E-3 1.21822E-2
-9999 -9999 -9999 -9999 -9999 -9999 -9999 -9999 -9999 -9999 -9999 -9999 -9999 -9999 -9999 5.02199E-4 9.58607E-4 8.91119E-4 2.19918E-3 4.05272E-3 4.06746E-3 2.83584E-3 1.83977E-3 1.17992E-3 6.59631E-4 1.06939E-3 1.53114E-3 8.36311E-4 8.50826E-4 1.12037E-3 6.28715E-4 9.14821E-4 1.21318E-3 1.32244E-3 2.47518E-3 2.97588E-3 2.50179E-3 2.55084E-3 3.67778E-3 3.51158E-3 2.32916E-3 2.01072E-3 1.21322E-3 1.75665E-3 1.19628E-3 1.49751E-3 2.22799E-3 1.04707E-3 9.47188E-4 4.44277E-3 4.04695E-3 4.4602E-3 3.01794E-3 5.34022E-3 4.39914E-3 1.67353E-3 3.85746E-3 2.80601E-3 2.5718E-3 2.11652E-3 4.03223E-3 3.12424E-3 1.85097E-3 1.90025E-3 1.53292E-3 1.99801E-3 3.73663E-3 2.26917E-3 2.00337E-3 6.99824E-3 8.21821E-3 7.00668E-3 7.37185E-3
-9999 -9999 -9999 -9999 -9999 -9999 -9999 -9999 -9999 -9999 -9999 -9999 -9999 -9999 -9999 8.54221E-5 3.6506E-4 1.06565E-3 1.0135E-3 2.02033E-3 6.1819E-3 2.8903E-3 3.94704E-4 1.44268E-3 1.55057E-3 1.55476E-3 1.33261E-3 4.82725E-4 7.81395E-4 7.08511E-4 8.05399E-4 4.41987E-4 5.41727E-4 2.14085E-3 3.13613E-3 5.43434E-3 3.01312E-3 3.0484E-3 4.29354E-3 3.82068E-3 4.38146E-3 3.704E-3 2.4243E-3 2.67268E-3 2.80162E-3 2.84741E-3 2.79921E-3 2.20625E-3 2.14795E-3 4.08838E-3 5.33175E-3 5.3552E-3 1.73112E-3 3.93719E-3 3.26658E-3 2.40301E-3 5.13459E-3 4.31383E-3 2.02354E-3 1.22603E-3 1.63586E-3 1.82099E-3 2.52278E-3 1.39062E-3 1.55668E-3 1.64673E-3 2.06348E-3 2.33757E-3 8.44454E-3 7.80494E-3 7.13689E-3 6.19017E-3 1.46479E-2
-9999 -9999 -9999 -9999 -9999 -9999 -9999 -9999 -9999 -9999 -9999 -9999 -9999 -9999 7.88088E-6 2.75511E-5 2.92172E-4 4.3792E-4 1.23754E-3 1.79331E-3 3.09953E-3 5.05348E-3 3.52158E-3 7.48287E-4 5.73909E-4 4.19794E-4 3.29525E-4 5.19316E-4 9.91952E-4 6.45099E-4 5.98364E-4 1.04523E-3 9.36844E-4 3.12134E-3 3.3078E-3 1.4083E-3 1.30994E-3 2.27721E-3 2.62487E-3 2.63755E-3 1.73928E-3 3.52726E-3 3.23012E-3 3.02475E-3 2.78394E-3 3.41628E-3 4.67862E-3 5.05493E-3 4.26461E-3 5.11089E-3 5.66537E-3 3.29777E-3 3.33638E-3 5.63061E-3 2.66536E-3 2.21875E-3 2.60612E-3 3.15612E-3 2.88358E-3 2.19953E-3 2.31607E-3 1.36578E-3 1.95141E-3 1.75009E-3 1.88861E-3 1.8634E-3 1.67806E-3 2.62974E-3 6.05834E-3 2.51932E-3 3.86808E-3 5.54374E-3 8.57635E-3
-9999 -9999 -9999 -9999 -9999 -9999 -9999 -9999 -9999 -9999 -9999 -9999 -9999 -9999 9.57031E-6 1.60961E-5 7.89119E-5 8.32732E-4 9.08403E-4 1.49328E-3 1.54355E-3 3.13336E-3 1.87727E-3 7.52887E-4 4.69161E-4 5.39016E-4 4.80098E-4 5.55422E-4 6.18681E-4 1.0428E-3 1.95781E-3 2.35897E-3 2.30541E-3 2.79297E-3 5.25994E-4 3.04217E-4 1.55848E-4 7.4043E-4 1.19858E-3 2.0679E-3 1.55157E-3 4.06787E-3 4.95323E-3 3.16703E-3 3.76326E-3 3.10748E-3 6.67181E-3 5.952E-3 6.23442E-3 5.78789E-3 5.22694E-3 3.5358E-3 4.354E-3 2.48388E-3 4.22435E-3 1.02184E-3 1.78975E-3 2.39907E-3 2.25557E-3 1.50485E-3 2.48526E-3 1.55667E-3 2.75837E-3 2.21171E-3 1.60459E-3 2.56422E-3 3.79735E-3 6.40628E-3 1.00882E-2 7.97983E-3 4.92238E-3 9.47156E-3 8.46806E-3
-9999 -9999 -9999 -9999 -9999 -9999 -9999 -9999 -9999 -9999 -9999 -9999 -9999 1.65855E-4 2.68376E-5 2.69497E-5 7.32487E-5 5.3247E-4 1.20269E-3 1.57305E-3 1.49192E-3 1.44695E-3 9.56626E-4 7.42116E-4 5.02423E-4 6.99473E-4 5.02419E-4 6.42115E-4 3.58128E-4 1.89188E-3 3.06955E-3 3.03764E-3 1.11379E-3 8.81795E-4 2.64277E-4 5.03734E-4 1.85784E-4 1.45289E-4 2.75489E-4 1.09335E-3 5.83645E-4 2.27367E-3 3.93373E-3 3.91977E-3 4.11729E-3 3.87994E-3 5.11761E-3 4.9654E-3 4.52952E-3 3.18547E-3 2.90288E-3 2.7108E-3 3.09168E-3 2.65267E-3 3.17715E-3 2.02416E-3 2.81925E-3 3.14995E-3 1.64701E-3 1.44253E-3 3.03532E-3 2.77025E-3 2.79091E-3 2.90483E-3 1.30409E-3 2.7186E-3 3.22657E-3 1.1431E-2 9.63272E-3 8.02921E-3 5.25232E-3 5.91883E-3 9.40449E-3
-9999 -9999 -9999 -9999 -9999 -9999 -9999 -9999 -9999 -9999 -9999 -9999 -9999 8.70448E-4 2.47806E-4 1.25724E-4 7.25962E-5 2.83348E-4 1.1609E-3 8.73194E-4 5.77568E-4 1.57553E-3 5.00743E-4 3.89776E-4 5.53959E-4 6.69966E-4 6.81954E-4 6.09502E-4 7.14287E-4 1.38165E-3 3.30361E-3 3.42447E-3 1.11638E-3 5.34305E-4 2.39137E-4 3.7929E-4 2.46242E-4 1.39297E-4 2.69723E-4 3.35625E-4 7.19066E-4 1.54716E-3 4.78661E-3 5.60375E-3 5.05647E-3 2.87776E-3 5.16542E-3 6.24482E-3 4.06522E-3 4.30534E-3 2.5102E-3 2.29755E-3 4.92055E-3 3.81806E-3 3.89161E-3 2.45989E-3 1.74932E-3 1.01021E-3 1.0737E-3 2.39942E-3 1.93654E-3 2.1758E-3 2.3761E-3 3.65816E-3 3.28002E-3 3.43747E-3 8.70123E-3 8.23678E-3 9.0856E-3 9.32334E-3 6.15587E-3 4.73832E-3 5.85814E-3
-9999 -9999 -9999 -9999 -9999 -9999 -9999 -9999 -9999 -9999 -9999 -9999 -9999 4.38746E-3 2.92459E-3 7.02494E-4 5.03404E-4 5.66451E-4 8.00302E-4 2.07978E-3 1.48693E-3 8.07512E-4 7.96715E-4 8.30437E-4 7.39111E-4 5.786E-4 6.2038E-4 2.64864E-3 8.70049E-4 1.38348E-3 4.11418E-3 3.44435E-3 2.04897E-3 4.4848E-4 7.03626E-5 6.67067E-5 8.36145E-5 1.07113E-4 1.37652E-4 7.19857E-5 9.90371E-5 4.2153E-4 1.61548E-3 1.83317E-3 4.28379E-3 4.56892E-3 6.02815E-3 4.06971E-3 3.49429E-3 9.58471E-4 5.65389E-3 5.11971E-3 5.21399E-3 2.06968E-3 1.89116E-3 2.86582E-3 2.96882E-3 1.67153E-3 1.51931E-3 2.2299E-3 1.61958E-3 2.4813E-3 2.95042E-3 3.5555E-3 1.09831E-2 8.36123E-3 1.2243E-2 6.18652E-3 6.43964E-3 2.73811E-3 2.95795E-3 5.18733E-3 7.69082E-3
-9999 -9999 -9999 -9999 -9999 -9999 -9999 -9999 -9999 -9999 -9999 -9999 -9999 -9999 4.22144E-3 5.1827E-3 1.79384E-3 8.87204E-4 1.09071E-3 1.56103E-3 1.36455E-3 2.50279E-4 1.04884E-3 5.75196E-4 8.22085E-4 8.50893E-4 1.04084E-3 2.25754E-3 1.73407E-3 3.27761E-3 2.68769E-3 8.70246E-3 5.37135E-4 8.32737E-4 1.77178E-4 9.59392E-5 1.77828E-4 6.82286E-5 8.07839E-5 6.92248E-5 1.41372E-4 3.11594E-4 4.67673E-4 7.19616E-4 1.76195E-3 1.80901E-3 2.20104E-3 2.97643E-3 2.53293E-3 4.18926E-3 9.62745E-3 9.32205E-3 6.31871E-3 3.31196E-3 2.617E-3 4.23372E-3 3.5093E-3 1.35145E-3 1.4709E-3 3.96145E-3 2.61164E-3 3.87186E-3 6.29341E-3 1.00836E-2 9.83198E-3 1.02381E-2 1.74235E-2 1.20405E-2 5.55639E-3 3.34722E-3 5.83905E-3 6.74898E-3 6.79074E-3
-9999 -9999 -9999 -9999 -9999 -9999 -9999 -9999 -9999 -9999 -9999 -9999 -9999 -9999 -9999 3.49305E-3 4.44183E-3 2.53621E-3 2.38127E-3 1.58536E-3 1.71443E-3 9.34859E-4 6.56364E-4 8.17682E-4 6.11245E-4 1.70694E-3 1.24497E-3 1.62153E-3 1.79208E-3 3.22759E-3 5.33913E-3 7.91689E-3 1.35704E-3 9.40366E-4 4.54927E-4 6.43012E-4 4.91791E-4 2.71242E-4 2.60434E-4 4.03534E-4 1.29415E-4 1.2032E-4 2.32971E-4 1.90972E-4 3.35335E-4 8.25244E-4 1.12077E-3 1.67275E-3 1.66433E-3 9.3265E-3 7.56939E-3 6.14948E-3 5.37701E-3 1.19743E-3 2.12657E-3 2.86982E-3 2.75871E-3 2.6415E-3 2.31677E-3 1.59608E-3 2.96799E-3 3.94764E-3 8.97333E-3 1.54831E-2 1.2072E-2 9.52203E-3 5.06967E-3 5.93562E-3 5.47392E-3 6.38525E-3 7.5121E-3 8.29583E-3 1.38785E-2
-9999 -9999 -9999 -9999 -9999 -9999 -9999 -9999 -9999 -9999 -9999 -9999 -9999 -9999 -9999 7.63152E-4 2.02861E-3 2.85149E-3 4.16446E-3 1.44008E-3 1.42433E-3 2.16649E-3 7.28451E-4 6.482E-4 7.55866E-4 1.18924E-3 1.81575E-3 1.26526E-3 1.73517E-3 3.11763E-3 8.48106E-3 5.81384E-3 1.53863E-3 1.36382E-3 1.61725E-3 9.17352E-4 1.30725E-3 7.07465E-4 6.61495E-4 6.22088E-4 2.69649E-4 1.87908E-4 1.80977E-4 1.62717E-4 2.42127E-4 4.93839E-4 5.08511E-4 1.02831E-3 9.30696E-4 4.58007E-3 3.66555E-3 4.71889E-3 2.6574E-3 1.87892E-3 2.18432E-3 3.50366E-3 3.04928E-3 2.16941E-3 3.03912E-3 1.99171E-3 3.59819E-3 7.10852E-3 1.08033E-2 1.28425E-2 6.8672E-3 4.91323E-3 3.75456E-3 3.1414E-3 4.91489E-3 9.58504E-3 2.19251E-2 2.34278E-2 2.53122E-2
-9999 -9999 -9999 -9999 -9999 -9999 -9999 -9999 -9999 -9999 -9999 -9999 -9999 -9999 -9999 -9999 -9999 2.02044E-3 1.46543E-3 1.75292E-3 1.57873E-3 1.96173E-3 8.799E-4 4.02825E-4 7.22868E-4 1.55854E-3 9.10287E-4 1.38508E-3 2.0611E-3 3.28483E-3 2.63131E-3 4.31168E-3 2.6359E-3 1.82024E-3 1.60486E-3 1.66451E-3 2.20091E-3 8.47809E-4 5.44875E-4 4.36701E-4 4.94354E-4 2.15363E-4 1.90452E-4 1.25295E-4 2.85714E-4 3.85776E-4 5.64407E-4 7.26597E-4 6.40832E-4 9.20493E-4 2.2401E-3 2.81455E-3 5.49768E-3 2.90556E-3 2.74975E-3 3.58848E-3 2.14532E-3 2.98139E-3 3.50995E-3 3.19876E-3 3.49575E-3 6.82134E-3 1.18571E-2 1.26254E-2 5.55619E-3 7.17495E-3 5.88209E-3 4.78633E-3 2.69909E-2 4.79641E-2 5.50165E-2 3.49636E-2 3.48133E-2
-9999 -9999 -9999 -9999 -9999 -9999 -9999 -9999 -9999 -9999 -9999 -9999 -9999 -9999 -9999 -9999 -9999 -9999 9.49457E-4 1.18262E-3 1.60569E-3 1.84008E-3 1.25994E-3 5.88027E-4 7.44084E-4 8.46322E-4 5.57706E-4 1.05644E-3 2.17851E-3 2.35354E-3 2.78368E-3 2.83328E-3 3.53846E-3 2.14726E-3 1.881E-3 1.28383E-3 4.31338E-3 1.72649E-3 1.36454E-3 3.93377E-4 4.20615E-4 3.78883E-4 2.57407E-4 7.39707E-5 1.33192E-4 4.62086E-4 4.86504E-4 4.90289E-4 5.24669E-4 1.34752E-3 3.5386E-3 4.75147E-3 3.15281E-3 3.01829E-3 2.73084E-3 4.26832E-3 2.15181E-3 2.08426E-3 2.81401E-3 2.61902E-3 4.11357E-3 7.87722E-3 6.76906E-3 7.80329E-3 1.04695E-2 1.23774E-2 9.47743E-3 1.88907E-2 6.43764E-2 4.11461E-2 6.10657E-2 4.43129E-2 5.59939E-2
-9999 -9999 -9999 -9999 -9999 -9999 -9999 -9999 -9999 -9999 -9999 -9999 -9999 -9999 -9999 -9999 -9999 -9999 -9999 1.40743E-3 1.60033E-3 1.45604E-3 1.34015E-3 6.78127E-4 1.26092E-3 1.47028E-3 1.37827E-3 1.22613E-3 1.34286E-3 1.50802E-3 3.07594E-3 1.00182E-2 5.59781E-3 2.41258E-3 1.86889E-3 3.01791E-3 5.2909E-3 2.39364E-3 2.41863E-3 1.20664E-3 1.44033E-3 5.64359E-4 6.47003E-4 2.52564E-4 3.85157E-4 2.4654E-4 3.4963E-4 4.6715E-4 4.24712E-4 2.2428E-3 2.58653E-3 5.89036E-3 4.75862E-3 3.14639E-3 2.25612E-3 2.68057E-3 2.06264E-3 1.31477E-3 2.32859E-3 2.73371E-3 3.987E-3 5.32679E-3 5.62895E-3 1.57592E-2 1.60679E-2 2.07617E-2 1.73659E-2 3.37417E-2 7.90228E-2 7.9529E-2 9.26343E-2 5.90295E-2 8.35258E-2
-9999 -9999 -9999 -9999 -9999 -9999 -9999 -9999 -9999 -9999 -9999 -9999 -9999 -9999 -9999 -9999 -9999 -9999 -9999 1.11396E-3 1.1477E-3 1.90007E-3 1.32144E-3 1.53173E-3 9.6769E-4 1.4114E-3 1.95235E-3 1.40216E-3 1.96821E-3 1.90685E-3 6.71106E-3 1.97027E-2 1.71301E-2 1.21259E-2 5.78647E-3 3.17745E-3 5.47386E-3 5.00555E-3 2.11578E-3 3.74708E-3 4.84378E-3 3.58052E-3 1.52256E-3 5.64709E-4 3.66803E-4 4.58333E-4 6.35372E-4 4.36314E-4 9.72203E-4 3.88003E-3 9.93442E-3 5.1504E-3 6.95365E-3 5.61497E-3 2.59763E-3 1.67874E-3 1.13687E-3 1.61661E-3 4.10795E-3 5.39113E-3 4.05684E-3 3.73127E-3 9.47779E-3 1.60094E-2 2.22568E-2 2.55814E-2 3.35269E-2 5.37887E-2 5.28877E-2 7.76005E-2 9.01057E-2 6.24917E-2 6.94764E-2
-9999 -9999 -9999 -9999 -9999 -9999 -9999 -9999 -9999 -9999 -9999 -9999 -9999 -9999 -9999 -9999 -9999 -9999 -9999 -9999 2.11586E-3 1.8849E-3 1.00742E-3 8.3721E-4 4.78132E-4 5.68648E-4 9.68494E-4 1.25183E-3 1.34068E-3 2.63778E-3 5.6634E-3 1.11681E-2 1.04715E-2 6.59956E-3 6.61309E-3 5.64899E-3 3.87624E-3 1.88603E-3 1.64833E-3 1.34486E-3 2.72291E-3 2.1238E-3 2.00057E-3 1.60081E-3 1.60241E-3 8.8446E-4 1.18545E-3 1.34026E-3 3.53351E-3 6.34824E-3 9.7456E-3 3.60691E-3 6.72979E-3 4.3746E-3 3.58717E-3 1.12434E-3 9.26958E-4 1.24538E-3 3.83057E-3 7.10784E-3 4.37527E-3 3.67746E-3 1.25756E-2 2.02219E-2 3.34217E-2 2.47216E-2 2.61327E-2 5.55733E-2 6.72904E-2 3.27737E-2 5.40595E-2 5.68365E-2 2.74346E-2
-9999 -9999 -9999 -9999 -9999 -9999 -9999 -9999 -9999 -9999 -9999 -9999 -9999 -9999 -9999 -9999 -9999 -9999 -9999 -9999 -9999 -9999 -9999 -9999 6.62417E-4 8.88966E-4 7.09066E-4 1.38666E-3 1.67442E-3 1.63947E-3 3.28493E-3 4.58993E-3 1.39516E-2 1.28111E-2 1.05909E-2 9.81565E-3 7.78201E-3 6.50069E-3 3.1425E-3 1.89399E-3 2.19965E-3 9.87123E-4 2.00064E-3 3.95494E-3 7.6364E-3 3.07078E-3 3.03861E-3 4.87838E-3 4.77133E-3 3.93473E-3 5.10286E-3 5.82302E-3 6.93392E-3 1.03537E-2 3.38483E-3 3.18073E-3 1.94236E-3 1.99449E-3 2.71565E-3 3.27925E-3 7.16459E-3 1.00731E-2 1.31058E-2 1.34629E-2 3.78281E-2 3.39796E-2 3.69516E-2 4.77745E-2 6.67683E-2 5.05082E-2 4.55659E-2 1.87462E-2 2.53459E-2
-9999 -9999 -9999 -9999 -9999 -9999 -9999 -9999 -9999 -9999 -9999 -9999 -9999 -9999 -9999 -9999 -9999 -9999 -9999 -9999 -9999 -9999 -9999 -9999 -9999 -9999 -9999 -9999 -9999 -9999 3.41753E-3 6.44044E-3 1.29104E-2 1.31316E-2 1.10487E-2 2.13662E-2 1.49068E-2 1.13204E-2 5.04085E-3 2.63462E-3 3.28509E-3 2.11377E-3 4.41542E-3 5.05845E-3 6.24755E-3 6.08872E-3 7.78018E-3 1.48693E-2 9.70213E-3 3.85008E-3 4.08169E-3 6.03507E-3 6.97961E-3 6.53172E-3 4.6688E-3 6.65185E-3 3.27729E-3 3.09857E-3 2.86262E-3 1.84829E-3 5.68209E-3 9.44186E-3 5.4268E-3 1.45885E-2 2.49826E-2 5.10981E-2 4.96145E-2 6.14057E-2 6.5856E-2 5.13314E-2 2.75567E-2 2.52717E-2 2.61423E-2
-9999 -9999 -9999 -9999 -9999 -9999 -9999 -9999 -9999 -9999 -9999 -9999 -9999 -9999 -9999 -9999 -9999 -9999 -9999 -9999 -9999 -9999 -9999 -9999 -9999 -9999 -9999 -9999 -9999 -9999 -9999 -9999 -9999 1.83833E-2 2.58718E-2 2.13982E-2 1.6816E-2 1.50591E-2 1.51829E-2 4.0702E-3 4.40081E-3 4.75795E-3 5.46913E-3 7.88826E-3 1.45756E-2 1.20155E-2 9.8379E-3 1.59785E-2 1.38801E-2 3.85573E-3 4.73384E-3 7.4757E-3 5.60105E-3 5.6139E-3 5.17033E-3 8.14361E-3 9.68321E-3 4.57418E-3 6.53288E-3 4.27547E-3 7.10523E-3 1.67671E-2 1.37103E-2 2.54319E-2 4.39538E-2 3.83999E-2 5.05778E-2 6.60152E-2 5.24959E-2 2.6997E-2 1.96987E-2 2.76974E-2 3.18997E-2
-9999 -9999 -9999 -9999 -9999 -9999 -9999 -9999 -9999 -9999 -9999 -9999 -9999 -9999 -9999 -9999 -9999 -9999 -9999 -9999 -9999 -9999 -9999 -9999 -9999 -9999 -9999 -9999 -9999 -9999 -9999 -9999 -9999 -9999 -9999 -9999 2.79756E-2 9.35886E-3 1.20571E-2 3.27029E-3 2.19481E-3 4.48029E-3 8.05813E-3 7.96091E-3 1.05613E-2 1.27819E-2 1.1939E-2 7.21296E-3 9.79866E-3 4.83668E-3 5.53992E-3 9.9363E-3 7.58805E-3 9.47369E-3 9.63843E-3 1.79693E-2 2.33417E-2 1.76193E-2 1.72901E-2 2.47574E-2 1.99108E-2 1.55679E-2 3.39422E-2 6.93461E-2 7.2357E-2 6.13174E-2 4.76497E-2 3.20799E-2 3.20126E-2 2.96208E-2 2.14068E-2 1.56678E-2 1.53185E-2
-9999 -9999 -9999 -9999 -9999 -9999 -9999 -9999 -9999 -9999 -9999 -9999 -9999 -9999 -9999 -9999 -9999 -9999 -9999 -9999 -9999 -9999 -9999 -9999 -9999 -9999 -9999 -9999 -9999 -9999 -9999 -9999 -9999 -9999 -9999 -9999 -9999 1.23272E-2 1.05495E-2 9.47272E-3 2.97354E-3 4.30768E-3 6.83574E-3 1.59361E-2 2.33444E-2 2.55658E-2 2.15765E-2 7.035E-3 5.10647E-3 2.47071E-3 3.94935E-3 5.94655E-3 1.48593E-2 2.27927E-2 3.10139E-2 2.27287E-2 3.9129E-2 3.98978E-2 3.83617E-2 4.04645E-2 2.88486E-2 3.40111E-2 3.9139E-2 4.44291E-2 1.37339E-1 1.25982E-1 1.48411E-2 2.09118E-2 1.99748E-2 2.40264E-2 1.8508E-2 1.17937E-2 1.551E-2
-9999 -9999 -9999 -9999 -9999 -9999 -9999 -9999 -9999 -9999 -9999 -9999 -9999 -9999 -9999 -9999 -9999 -9999 -9999 -9999 -9999 -9999 -9999 -9999 -9999 -9999 -9999 -9999 -9999 -9999 -9999 -9999 -9999 -9999 -9999 -9999 -9999 -9999 1.93451E-2 4.13682E-3 1.08927E-2 9.69572E-3 9.87161E-3 1.64679E-2 1.68968E-2 1.22543E-2 1.17895E-2 3.21434E-3 3.43904E-3 3.8134E-3 3.98048E-3 9.72624E-3 1.60668E-2 1.73926E-2 2.13015E-2 3.17338E-2 4.90088E-2 4.74265E-2 5.25082E-2 5.18925E-2 3.18953E-2 6.1329E-2 1.49451E-1 1.20094E-1 1.43992E-1 7.61481E-2 2.61791E-2 2.65459E-2 1.73827E-2 1.5753E-2 1.33046E-2 1.43335E-2 2.36383E-2
-9999 -9999 -9999 -9999 -9999 -9999 -9999 -9999 -9999 -9999 -9999 -9999 -9999 -9999 -9999 -9999 -9999 -9999 -9999 -9999 -9999 -9999 -9999 -9999 -9999 -9999 -9999 -9999 -9999 -9999 -9999 -9999 -9999 -9999 -9999 -9999 -9999 -9999 -9999 9.5109E-3 7.52188E-3 8.00939E-3 1.83901E-3 6.74572E-3 1.18288E-2 8.48162E-3 3.72427E-3 5.14067E-3 4.5261E-3 8.02833E-3 5.64513E-3 1.64503E-2 2.16599E-2 2.63046E-2 3.04344E-2 3.82627E-2 5.90724E-2 5.90871E-2 7.46763E-2 1.1711E-1 1.24782E-1 3.49454E-1 1.96882E-1 9.26989E-2 8.11268E-2 2.37742E-2 8.27441E-3 8.67973E-3 1.34815E-2 1.14494E-2 6.95481E-3 1.12099E-2 1.47453E-2
-9999 -9999 -9999 -9999 -9999 -9999 -9999 -9999 -9999 -9999 -9999 -9999 -9999 -9999 -9999 -9999 -9999 -9999 -9999 -9999 -9999 -9999 -9999 -9999 -9999 -9999 -9999 -9999 -9999 -9999 -9999 -9999 -9999 -9999 -9999 -9999 -9999 -9999 -9999 -9999 5.66388E-3 7.20818E-3 7.35152E-3 3.70169E-3 7.25787E-3 4.15701E-3 2.26184E-3 2.30656E-3 2.75957E-3 2.99053E-3 2.29615E-3 9.14663E-3 1.81145E-2 3.17615E-2 3.04939E-2 2.31133E-2 5.59676E-2 7.18998E-2 1.20239E-1 2.39378E-1 4.68559E-1 3.85105E-1 1.72573E-1 5.56954E-2 4.44273E-2 9.49721E-3 5.20856E-3 5.28715E-3 8.63063E-3 1.41008E-2 1.60272E-2 1.49454E-2 1.13386E-2
-9999 -9999 -9999 -9999 -9999 -9999 -9999 -9999 -9999 -9999 -9999 -9999 -9999 -9999 -9999 -9999 -9999 -9999 -9999 -9999 -9999 -9999 -9999 -9999 -9999 -9999 -9999 -9999 -9999 -9999 -9999 -9999 -9999 -9999 -9999 -9999 -9999 -9999 -9999 -9999 -9999 1.55854E-2 7.81846E-3 2.91533E-3 1.068E-2 1.59623E-3 1.39689E-3 2.20644E-3 2.50562E-3 4.67802E-3 1.70884E-3 7.6998E-3 5.05882E-3 2.04833E-2 1.97652E-2 2.09753E-2 3.79516E-2 6.47593E-2 7.79998E-2 1.62752E-1 3.89612E-1 3.42561E-1 1.615E-1 9.1915E-2 4.70839E-2 1.91544E-2 1.06528E-2 7.79672E-3 9.56547E-3 1.41189E-2 2.03075E-2 1.04202E-2 1.21365E-2
-9999 -9999 -9999 -9999 -9999 -9999 -9999 -9999 -9999 -9999 -9999 -9999 -9999 -9999 -9999 -9999 -9999 -9999 -9999 -9999 -9999 -9999 -9999 -9999 -9999 -9999 -9999 -9999 -9999 -9999 -9999 -9999 -9999 -9999 -9999 -9999 -9999 -9999 -9999 -9999 -9999 -9999 4.40743E-3 3.34946E-3 3.60584E-3 1.82635E-3 1.10167E-3 4.18866E-3 7.97202E-3 5.60675E-3 3.20006E-3 4.11658E-3 1.00761E-2 1.85847E-2 2.30615E-2 2.206E-2 3.38327E-2 1.04971E-1 1.26846E-1 1.64964E-1 2.85868E-1 2.17836E-1 1.14317E-1 8.8271E-2 3.29026E-2 9.13248E-3 8.13466E-3 6.1919E-3 7.79294E-3 1.4198E-2 1.06409E-2 5.39152E-3 1.00518E-2
-9999 -9999 -9999 -9999 -9999 -9999 -9999 -9999 -9999 -9999 -9999 -9999 -9999 -9999 -9999 -9999 -9999 -9999 -9999 -9999 -9999 -9999 -9999 -9999 -9999 -9999 -9999 -9999 -9999 -9999 -9999 -9999 -9999 -9999 -9999 -9999 -9999 -9999 -9999 -9999 -9999 -9999 4.87103E-3 3.08683E-3 2.64322E-3 2.42904E-3 1.12704E-3 2.03815E-3 2.56528E-3 4.06324E-3 5.47413E-3 1.0946E-2 1.92337E-2 1.97862E-2 1.83281E-2 2.81234E-2 3.18802E-2 1.83115E-1 2.85499E-1 2.31945E-1 1.1864E-1 9.45097E-2 4.97476E-2 2.55782E-2 1.60364E-2 1.53903E-2 9.53426E-3 1.01312E-2 1.1148E-2 1.60413E-2 1.13067E-2 7.21548E-3 8.5122E-3
-9999 -9999 -9999 -9999 -9999 -9999 -9999 -9999 -9999 -9999 -9999 -9999 -9999 -9999 -9999 -9999 -9999 -9999 -9999 -9999 -9999 -9999 -9999 -9999 -9999 -9999 -9999 -9999 -9999 -9999 -9999 -9999 -9999 -9999 -9999 -9999 -9999 -9999 -9999 -9999 -9999 -9999 -9999 5.00496E-3 6.28397E-3 3.39287E-3 3.2177E-3 4.39065E-3 7.60389E-3 7.42021E-3 1.00414E-2 1.64212E-2 1.47538E-2 1.8736E-2 1.98781E-2 2.32647E-2 6.48665E-2 1.61854E-1 2.34695E-1 4.16634E-1 8.97331E-2 6.87791E-2 2.73268E-2 1.02894E-2 1.6873E-2 6.48831E-3 4.98732E-3 6.44347E-3 9.8583E-3 1.15842E-2 1.04844E-2 9.76792E-3 8.0966E-3
-9999 -9999 -9999 -9999 -9999 -9999 -9999 -9999 -9999 -9999 -9999 -9999 -9999 -9999 -9999 -9999 -9999 -9999 -9999 -9999 -9999 -9999 -9999 -9999 -9999 -9999 -9999 -9999 -9999 -9999 -9999 -9999 -9999 -9999 -9999 -9999 -9999 -9999 -9999 -9999 -9999 -9999 -9999 5.91629E-3 4.25962E-3 3.42427E-3 3.47245E-3 3.10074E-3 5.96067E-3 4.29583E-3 8.10068E-3 1.29115E-2 1.52738E-2 2.15274E-2 2.2886E-2 3.78131E-2 1.22475E-1 2.31605E-1 2.43006E-1 2.52502E-1 1.19411E-1 8.63105E-2 1.62559E-2 1.3144E-2 1.13179E-2 4.85824E-3 5.20773E-3 1.12045E-2 1.14576E-2 4.55815E-3 1.01067E-2 1.12441E-2 8.48997E-3
-9999 -9999 -9999 -9999 -9999 -9999 -9999 -9999 -9999 -9999 -9999 -9999 -9999 -9999 -9999 -9999 -9999 -9999 -9999 -9999 -9999 -9999 -9999 -9999 -9999 -9999 -9999 -9999 -9999 -9999 -9999 -9999 -9999 -9999 -9999 -9999 -9999 -9999 -9999 -9999 -9999 -9999 -9999 -9999 9.01394E-3 5.01271E-3 4.42043E-3 5.0211E-3 7.18315E-3 1.02052E-2 9.97161E-3 1.55419E-2 1.21828E-2 1.40215E-2 3.54298E-2 1.03764E-1 2.61399E-1 2.08832E-1 2.17569E-1 1.41153E-1 2.42561E-2 1.57125E-2 1.13368E-2 8.15672E-3 6.68321E-3 6.85759E-3 4.59816E-3 4.49231E-3 8.45275E-3 6.799E-3 6.98647E-3 1.20867E-2 1.51727E-2
-9999 -9999 -9999 -9999 -9999 -9999 -9999 -9999 -9999 -9999 -9999 -9999 -9999 -9999 -9999 -9999 -9999 -9999 -9999 -9999 -9999 -9999 -9999 -9999 -9999 -9999 -9999 -9999 -9999 -9999 -9999 -9999 -9999 -9999 -9999 -9999 -9999 -9999 -9999 -9999 -9999 -9999 -9999 -9999 1.71726E-2 9.05878E-3 4.2429E-3 3.91473E-3 4.53264E-3 8.43815E-3 8.4592E-3 7.63869E-3 1.66454E-2 1.02662E-2 5.88856E-2 1.12967E-1 1.43446E-1 1.82566E-1 2.74125E-1 1.31547E-1 2.10971E-2 1.43764E-2 9.66082E-3 9.90371E-3 7.90752E-3 7.48762E-3 5.10055E-3 3.88098E-3 3.57766E-3 3.97452E-3 5.7975E-3 1.07871E-2 1.23089E-2
