ENM/Final_Models/M_1_F_lqp_Set_1_E/Gustavia_santanderiensis_3_Choco.asc
ncols         367
nrows         963
xllcorner     -78.6
yllcorner     0.65
cellsize      0.00833333333333323
NODATA_value  -9999
[rows 690 to 719 of 963, columns 134 to 200 of 367]
2.7236E-2 4.86191E-2 2.70897E-2 4.88365E-2 9.619E-3 8.59672E-3 1.99147E-2 1.64051E-2 4.72296E-3 1.56749E-2 1.18383E-2 3.93252E-3 7.28103E-3 7.50498E-2 8.80624E-2 2.01574E-1 2.02378E-1 6.80027E-2 1.3877E-2 9.09839E-3 1.15091E-1 6.62568E-2 7.30902E-2 8.75347E-2 1.18818E-1 1.97678E-1 1.74405E-1 2.0949E-1 1.292E-1 9.46437E-2 1.83334E-1 2.49924E-1 3.49619E-1 2.57964E-1 4.07358E-1 3.23425E-1 3.24897E-1 1.54716E-1 1.6036E-1 1.36131E-1 1.89159E-1 4.95816E-1 2.84171E-1 2.81472E-1 2.98168E-1 1.59936E-1 2.04238E-1 6.1616E-2 5.19371E-2 3.82712E-2 4.23343E-1 3.54265E-1 4.01633E-1 3.80207E-1 4.44113E-1 7.10112E-1 7.00654E-1 5.43091E-1 2.31256E-1 4.63638E-1 2.17106E-1 1.21594E-1 5.62179E-3 1.81609E-4 2.16863E-4 1.1687E-4 2.71218E-3
2.9798E-2 4.18828E-2 3.96067E-2 2.58899E-2 2.38412E-2 2.03664E-2 1.91058E-2 5.2018E-3 4.78969E-3 1.31991E-2 1.31723E-2 1.01284E-2 6.11813E-2 7.67323E-2 8.69524E-2 2.0969E-1 9.78282E-2 5.89254E-2 1.07082E-2 9.67399E-3 6.52898E-2 -9999 9.42003E-3 7.96586E-2 -9999 2.47627E-1 1.63081E-1 2.05262E-1 1.71407E-1 2.01492E-1 2.27047E-1 4.87552E-1 4.95138E-1 5.27835E-1 6.26092E-1 2.65591E-1 2.80425E-1 2.78021E-1 1.69668E-1 3.08924E-1 1.90965E-1 3.06954E-1 4.44742E-1 1.69282E-1 1.8851E-1 2.12859E-1 2.38895E-1 8.22832E-2 3.31691E-1 3.79662E-1 4.56753E-1 4.64753E-1 6.4953E-1 3.47412E-1 7.27929E-1 7.33944E-1 7.2599E-1 4.68409E-1 5.3184E-1 6.06547E-1 5.14107E-1 2.43116E-1 1.68394E-1 2.14718E-2 2.73508E-4 1.50999E-4 1.88968E-3
2.63265E-2 4.67419E-2 4.7687E-2 4.70473E-2 1.04121E-2 6.67747E-3 2.03236E-2 2.66107E-3 8.11064E-3 7.58802E-3 7.25735E-3 1.46327E-2 6.57028E-2 1.04302E-2 8.77185E-2 1.18858E-2 1.20082E-2 1.12385E-2 6.56243E-2 1.6186E-1 1.84925E-1 7.96317E-2 1.03583E-2 1.08292E-2 8.97533E-2 2.94839E-1 2.26021E-1 1.31275E-1 1.35336E-1 1.31639E-1 2.99191E-1 4.04431E-1 4.72854E-1 2.75822E-1 4.43793E-1 4.99076E-1 4.24626E-1 1.57251E-1 4.03702E-2 1.05104E-1 1.43794E-1 9.21397E-2 1.93969E-1 3.72818E-1 7.31815E-1 3.83591E-1 3.29299E-1 3.74731E-1 3.90068E-1 7.08847E-1 7.67285E-1 7.66463E-1 6.5048E-1 7.55481E-1 8.55082E-1 8.3938E-1 8.48439E-1 8.85558E-1 8.58091E-1 7.27143E-1 3.60101E-1 1.59177E-1 2.58616E-1 2.22548E-1 4.96206E-3 4.21677E-4 7.58147E-3
2.33542E-2 2.81983E-2 2.59944E-2 8.76615E-3 6.32071E-3 7.89568E-3 9.3701E-3 7.86597E-3 8.31615E-3 4.17857E-3 4.53574E-3 2.1414E-1 1.0209E-2 7.79073E-2 7.6183E-2 9.75038E-3 4.10316E-3 4.59565E-3 8.31738E-2 3.58988E-3 3.48446E-3 9.61085E-3 7.76055E-2 1.84846E-1 5.52723E-2 2.30818E-1 6.23502E-2 6.13643E-2 8.64174E-2 1.84515E-1 2.5459E-1 2.61571E-1 1.72406E-1 2.33767E-1 1.90108E-1 1.55046E-1 1.52976E-1 2.93959E-1 2.56773E-1 9.1195E-2 5.30703E-2 4.51028E-2 7.53439E-2 2.56731E-1 2.48832E-1 4.51639E-1 7.12813E-1 7.70736E-1 8.18443E-1 7.25254E-1 5.96842E-1 7.25564E-1 4.68267E-1 6.37086E-1 7.04577E-1 7.2233E-1 7.64969E-1 8.18488E-1 7.50519E-1 6.36662E-1 2.41982E-1 1.52515E-1 8.28088E-2 8.87054E-2 2.99525E-2 1.70101E-2 7.04361E-3
2.57147E-2 3.02477E-2 1.0259E-2 9.50092E-3 2.40427E-2 2.13602E-2 8.63623E-3 1.42881E-2 1.83469E-2 1.22277E-2 9.38711E-2 1.11089E-2 1.31221E-2 6.16451E-2 2.07385E-1 7.96785E-2 9.29728E-3 8.88041E-3 1.82969E-1 6.77658E-2 6.89208E-2 6.05881E-2 3.91977E-2 4.59239E-2 5.60077E-2 -9999 8.23462E-2 1.32467E-1 1.61707E-1 3.13011E-1 4.42903E-1 3.48026E-1 1.27055E-1 1.62296E-1 2.29118E-1 1.38199E-1 4.30371E-2 2.61219E-2 8.48539E-2 3.90953E-1 2.18352E-1 3.34338E-1 2.36465E-1 5.34156E-1 7.59565E-1 5.67943E-1 6.78156E-1 7.53754E-1 7.66744E-1 5.08893E-1 4.30685E-1 1.33705E-1 2.20474E-1 1.10119E-1 1.69014E-1 3.0201E-1 4.23229E-1 5.47983E-1 3.07072E-1 2.60491E-1 3.03319E-1 2.18681E-1 5.78565E-2 1.2011E-2 9.51095E-4 5.2303E-3 2.02445E-3
7.97771E-3 3.4055E-2 1.06358E-2 7.17764E-3 6.84037E-3 1.4308E-2 1.87411E-2 1.3846E-2 1.35654E-2 8.36112E-3 6.90107E-3 1.16723E-2 1.26396E-2 6.96427E-2 7.23625E-2 8.10243E-2 1.05681E-2 1.21245E-2 1.94458E-1 1.82525E-1 1.86756E-1 1.60796E-1 5.5462E-2 6.08492E-2 1.9322E-1 1.25421E-1 1.23991E-1 1.8209E-1 2.10576E-1 2.40045E-1 4.23449E-1 5.7702E-1 2.50084E-1 1.1008E-1 2.31781E-1 1.04808E-1 3.98812E-2 3.74435E-2 4.13047E-2 1.38723E-2 9.74274E-2 2.13489E-1 5.61256E-1 6.93153E-1 6.56979E-1 7.71808E-1 7.2757E-1 7.23203E-1 7.83767E-1 4.77471E-1 4.09411E-1 2.98942E-1 1.29015E-1 1.46721E-1 1.25969E-1 1.28153E-1 2.42363E-1 8.47116E-2 2.16177E-1 2.10905E-1 1.01897E-1 5.78851E-2 2.63167E-2 5.36639E-3 2.31776E-4 7.60457E-4 7.07374E-4
7.66467E-3 9.63414E-3 1.03656E-2 6.59295E-3 1.14321E-2 9.15214E-2 8.57849E-2 1.3892E-2 1.34196E-2 1.36811E-2 4.0939E-3 6.69199E-3 1.13738E-2 7.87402E-2 8.18933E-2 7.97958E-2 7.92776E-2 9.89754E-2 2.03717E-1 1.71565E-1 2.06271E-1 1.92785E-1 1.87782E-1 1.61407E-1 1.50259E-1 9.12195E-2 1.93282E-1 1.18144E-1 2.40236E-1 2.72526E-1 4.48638E-1 4.78188E-1 3.89586E-1 2.54024E-1 2.75959E-1 1.88726E-1 1.45669E-1 6.95824E-2 5.91095E-2 2.6445E-2 1.50555E-2 1.54637E-1 3.05567E-1 2.48327E-1 1.53853E-1 6.60616E-1 8.02553E-1 7.88346E-1 8.02402E-1 3.94835E-1 3.62952E-1 3.25889E-1 1.51398E-1 1.26499E-1 1.06302E-1 1.47681E-1 3.64692E-1 9.26187E-2 2.15202E-1 1.04023E-1 1.86361E-2 3.07998E-2 1.75481E-2 5.69782E-4 1.29001E-4 8.92242E-5 2.86845E-4
9.30403E-3 2.95898E-2 2.90906E-2 7.77445E-3 1.3184E-2 1.11866E-2 1.79556E-2 7.94925E-2 9.72361E-2 1.22032E-2 7.73918E-3 1.32282E-2 9.13755E-2 1.50351E-1 7.04907E-2 6.99199E-2 7.32236E-2 6.53304E-2 1.74702E-1 1.58893E-1 1.72286E-1 1.75328E-1 7.16122E-2 1.72609E-1 1.06926E-1 1.36988E-1 1.61105E-1 1.7683E-1 1.81848E-1 2.28762E-1 5.02423E-1 5.11437E-1 4.25551E-1 4.12859E-1 4.70178E-1 4.37057E-1 2.70878E-1 7.37197E-2 2.66432E-2 2.10169E-2 3.14893E-2 2.65036E-1 1.83207E-1 1.10128E-1 1.19543E-1 8.23346E-2 4.61125E-1 6.86189E-1 7.96069E-1 7.60143E-1 4.41061E-1 3.40541E-1 6.71797E-1 5.39789E-1 3.7014E-1 4.18848E-1 3.99147E-1 2.01275E-1 1.60842E-1 5.21153E-2 1.46215E-2 9.17836E-2 1.17481E-1 2.54251E-3 1.2649E-4 4.98266E-4 6.58758E-3
7.86919E-3 1.10528E-2 1.0347E-2 8.30626E-3 1.74524E-2 1.32687E-2 2.1664E-2 6.37098E-3 7.40843E-2 7.45614E-2 1.09832E-2 1.13116E-2 1.29078E-2 9.655E-2 8.09396E-2 9.65619E-2 1.87763E-1 1.77297E-1 1.81709E-1 1.89943E-1 1.95629E-1 1.861E-1 5.95029E-2 3.58163E-3 1.12917E-2 7.96874E-3 4.061E-2 8.1939E-2 8.18804E-2 6.22706E-2 -9999 5.45075E-1 3.91751E-1 4.49127E-1 5.4517E-1 6.62593E-1 6.81698E-1 5.66774E-1 2.66986E-1 3.29559E-1 3.24855E-1 2.12245E-1 6.44918E-2 1.33083E-1 1.00835E-1 9.65345E-2 8.47821E-2 9.60869E-2 2.97415E-1 6.64098E-1 8.51803E-1 7.98005E-1 7.70332E-1 7.53031E-1 6.55596E-1 7.70192E-1 7.41639E-1 5.96443E-1 2.85257E-1 1.07109E-1 1.23146E-1 8.21064E-2 1.48494E-1 5.75124E-3 1.08709E-4 3.18829E-3 1.44707E-2
9.09819E-3 2.40644E-2 2.27596E-2 1.6224E-2 1.36242E-2 1.12092E-2 1.6508E-2 1.49133E-2 8.07318E-2 1.89644E-1 9.39427E-2 1.07042E-2 1.07052E-2 1.08313E-2 1.00405E-2 1.10406E-2 1.65132E-1 8.55195E-2 7.89388E-2 8.33212E-2 6.57802E-2 8.29502E-2 7.16452E-2 1.11115E-2 1.30033E-2 4.50696E-3 1.20043E-2 1.07426E-3 1.55699E-3 5.15612E-2 6.86885E-2 -9999 5.91376E-1 4.44569E-1 4.5506E-1 5.98359E-1 5.80798E-1 6.392E-1 6.11255E-1 4.39012E-1 4.81737E-1 3.04897E-1 2.14359E-1 1.00455E-1 1.50779E-1 1.62647E-1 1.0424E-1 8.71569E-2 6.73894E-2 2.90684E-1 5.96566E-1 6.24059E-1 8.03049E-1 8.76439E-1 8.59083E-1 8.42783E-1 6.85798E-1 5.0488E-1 3.87568E-1 2.82912E-1 2.62003E-1 2.06066E-1 1.82629E-1 1.55183E-3 6.56989E-5 3.4481E-4 1.73859E-3
2.45316E-1 1.06551E-1 1.11511E-1 2.62725E-1 2.8054E-1 1.6824E-2 1.59745E-2 1.31106E-2 8.07223E-2 8.03162E-2 2.50725E-1 2.31351E-1 8.44408E-2 9.8343E-2 7.27089E-2 6.97879E-2 7.90017E-2 1.14707E-2 1.22878E-2 1.17662E-2 7.01694E-2 6.06249E-2 1.3298E-2 6.17092E-3 1.04187E-2 7.48603E-3 5.7403E-2 9.10177E-3 5.5979E-2 5.44886E-2 -9999 5.96867E-1 6.20344E-1 5.85791E-1 4.57556E-1 6.8566E-1 6.21113E-1 5.74184E-1 6.07404E-1 5.78681E-1 5.54931E-1 3.91177E-1 2.74239E-1 7.51938E-2 1.27004E-1 1.70727E-1 1.79863E-1 1.63879E-1 9.87493E-2 1.06493E-1 1.76573E-1 5.01686E-1 7.5745E-1 8.3309E-1 8.51607E-1 8.77106E-1 8.28677E-1 4.26524E-1 1.03062E-1 1.28543E-1 2.09377E-1 1.84325E-1 6.59494E-2 4.85211E-4 9.2908E-5 1.74088E-4 9.04653E-5
2.82216E-1 2.57209E-1 2.49095E-1 2.57827E-1 1.87229E-1 9.40089E-2 2.23364E-1 8.5364E-2 2.34203E-1 1.85938E-1 1.61124E-1 2.24742E-1 2.02215E-1 2.21261E-1 8.33437E-2 8.52205E-2 9.78533E-3 1.20909E-2 1.10195E-2 1.15623E-2 9.38867E-3 7.43141E-3 9.06782E-3 6.94728E-3 7.24178E-3 3.97901E-2 8.57466E-3 5.85653E-2 7.22983E-2 7.08451E-2 1.69503E-1 4.77908E-1 7.91858E-1 6.52152E-1 5.37863E-1 6.83561E-1 6.96787E-1 6.53922E-1 6.60613E-1 6.28624E-1 6.46857E-1 6.32644E-1 5.18023E-1 3.68314E-1 1.67595E-1 9.50632E-2 1.63273E-1 1.52988E-1 1.69396E-1 1.15766E-1 1.13938E-1 3.0889E-1 5.32003E-1 5.94714E-1 7.92507E-1 8.52349E-1 7.53408E-1 4.1788E-1 1.3558E-1 9.78123E-2 1.12148E-1 8.2072E-2 6.13806E-3 2.57031E-4 1.79401E-3 8.24634E-4 1.17043E-4
1.13798E-1 2.56241E-1 2.20645E-1 2.3174E-1 2.46002E-1 1.01805E-1 2.34614E-1 2.08522E-1 1.93725E-1 2.64466E-1 1.4809E-1 1.84912E-1 1.96832E-1 1.55937E-1 1.18502E-2 1.01382E-2 4.11198E-3 8.08799E-2 7.65764E-2 1.31523E-2 8.66334E-3 7.995E-3 6.29535E-3 6.62183E-2 5.23291E-2 1.5158E-1 6.75135E-2 1.72881E-1 2.00384E-1 1.13075E-1 2.7897E-1 4.65056E-1 6.45474E-1 5.73403E-1 5.51781E-1 6.09896E-1 6.63278E-1 6.62128E-1 5.74594E-1 6.46584E-1 7.05627E-1 6.32121E-1 5.60626E-1 5.50167E-1 4.21453E-1 1.58145E-1 1.07793E-1 1.31125E-1 1.49167E-1 1.45743E-1 1.8793E-1 1.23802E-1 3.51498E-1 3.8639E-1 5.56009E-1 8.45744E-1 5.23083E-1 1.77011E-1 8.63134E-2 1.30942E-1 9.99791E-2 2.42253E-2 1.87668E-3 1.22468E-4 1.14492E-4 8.16674E-5 2.06577E-5
1.02522E-1 2.32466E-1 2.33057E-1 2.36365E-1 2.44408E-1 8.89205E-2 2.23121E-1 2.0711E-1 2.17106E-1 1.98938E-1 1.66914E-1 1.72471E-1 1.95504E-1 2.21867E-1 7.9736E-2 1.01347E-2 1.00753E-2 7.74171E-2 9.00603E-2 9.90714E-2 5.79156E-2 6.03323E-2 5.71678E-2 8.47096E-3 4.85693E-2 1.27557E-1 5.3184E-2 8.23915E-2 1.68089E-1 1.34681E-1 2.66961E-1 3.17134E-1 2.92051E-1 3.9809E-1 6.61114E-1 4.88996E-1 5.96329E-1 3.67E-1 4.15085E-1 7.04523E-1 6.57904E-1 7.11209E-1 4.70214E-1 6.0371E-1 6.68657E-1 2.25117E-1 1.80756E-1 8.70204E-2 1.52977E-1 1.204E-1 1.65265E-1 1.41443E-1 1.32813E-1 5.01007E-1 4.53706E-1 7.72298E-1 1.77038E-1 3.13264E-2 2.27803E-2 4.95247E-2 6.7749E-2 2.97903E-2 1.26718E-3 2.3954E-4 4.15028E-4 2.4804E-4 4.1027E-5
2.7118E-1 1.0752E-1 3.11234E-1 2.80142E-1 2.60908E-1 2.32678E-1 2.02598E-1 1.97932E-1 1.63633E-1 1.75517E-1 1.77779E-1 2.1053E-1 1.39313E-1 2.22583E-1 1.74037E-1 1.99055E-1 8.29E-2 1.9008E-1 2.23765E-1 2.1562E-1 8.47253E-2 9.63888E-2 8.67258E-2 2.03739E-1 2.25437E-1 1.78321E-1 2.00898E-1 1.77915E-1 3.09052E-1 2.1897E-1 1.37998E-1 1.45752E-1 2.04741E-2 3.69872E-2 1.42633E-1 1.26297E-1 3.71746E-1 4.6341E-1 4.01718E-1 2.86745E-1 2.11882E-1 3.18335E-1 3.46795E-1 6.76453E-1 5.30456E-1 2.5638E-1 1.81467E-1 2.04826E-1 9.0854E-2 1.1751E-1 1.729E-1 1.27398E-1 1.85851E-1 3.23335E-1 4.14335E-1 4.15117E-1 2.54713E-1 3.19976E-2 1.1717E-2 8.9644E-3 1.29416E-2 4.20183E-2 6.7603E-3 5.27896E-4 4.59112E-4 8.69614E-4 2.00838E-4
1.03507E-1 2.25477E-1 2.70859E-1 3.08686E-1 3.07658E-1 2.77438E-1 3.06502E-1 2.7299E-1 1.94317E-1 1.22568E-1 1.55081E-1 2.15644E-1 2.12569E-1 1.90929E-1 1.16381E-2 1.15549E-2 7.63858E-2 2.02193E-1 6.82425E-2 9.78298E-2 8.58968E-2 5.93278E-2 8.77105E-2 5.48462E-2 6.99531E-2 2.77239E-1 9.91183E-2 1.75531E-1 1.70628E-1 1.24574E-1 1.72754E-1 1.38516E-2 2.22615E-2 1.31119E-1 1.48342E-1 1.31032E-1 1.03312E-1 2.33661E-1 3.7959E-1 4.58722E-1 4.75166E-1 4.36016E-1 3.20053E-1 6.24113E-1 2.20373E-1 2.16963E-1 1.08442E-1 1.58981E-1 1.29258E-1 1.24239E-1 1.47392E-1 9.29518E-2 1.91709E-1 2.53432E-1 4.35227E-1 1.88816E-1 1.26474E-1 5.7801E-2 1.06892E-2 3.7641E-3 1.04061E-3 8.31776E-3 1.58943E-2 2.3576E-3 1.11415E-4 5.89166E-5 4.93981E-5
7.84839E-2 2.3577E-1 2.54663E-1 3.16617E-1 3.14097E-1 1.76112E-1 2.60906E-1 2.35714E-1 2.0078E-1 2.26702E-1 2.93474E-1 2.52821E-1 2.15728E-1 2.44474E-1 7.83807E-2 1.28347E-1 1.84804E-1 1.54733E-1 1.15717E-1 1.29262E-1 5.92308E-2 8.21713E-2 1.26132E-2 5.36204E-2 8.12799E-2 3.52855E-2 2.26045E-2 1.0171E-1 2.49954E-1 3.20768E-1 1.39592E-1 2.99037E-2 3.04446E-2 6.33395E-2 9.96385E-2 7.59018E-2 8.22289E-2 1.09574E-1 8.64085E-2 1.38991E-1 1.40423E-1 9.69134E-2 2.21311E-1 4.5005E-1 3.14845E-1 1.90461E-1 9.13633E-2 1.20925E-1 1.37489E-1 1.83676E-1 1.36184E-1 1.50538E-1 1.54965E-1 2.86957E-1 4.17666E-1 1.71022E-1 9.47385E-2 2.96243E-2 1.70859E-3 1.24172E-3 9.56021E-4 5.81636E-4 2.44245E-3 2.7015E-3 2.76397E-4 2.23175E-5 3.66158E-5
7.78094E-2 2.29925E-1 2.4865E-1 2.67464E-1 2.46314E-1 2.15386E-1 2.29665E-1 2.43702E-1 2.35775E-1 2.10493E-1 2.36906E-1 2.02032E-1 2.21404E-1 1.45097E-1 6.48742E-2 1.24225E-1 1.74525E-1 1.69119E-1 1.79109E-1 1.59097E-1 2.31488E-1 6.60797E-2 6.67737E-2 2.28543E-1 1.19732E-1 2.5944E-2 4.30637E-2 2.5513E-2 1.95736E-2 7.30327E-2 2.29852E-1 4.86325E-2 2.96698E-2 7.99043E-2 1.79044E-1 1.71914E-1 1.82202E-1 2.20397E-1 1.29194E-1 1.37104E-1 9.5652E-2 1.04675E-1 3.46989E-1 6.31439E-1 5.57914E-1 6.44958E-1 2.53218E-1 9.18415E-2 1.25071E-1 2.04216E-1 1.38896E-1 1.40316E-1 1.31416E-1 1.68538E-1 1.53554E-1 2.67207E-1 5.71739E-2 3.17417E-2 2.2963E-2 3.54783E-2 1.56475E-2 5.52577E-4 1.9014E-4 1.70367E-3 2.05119E-4 4.23874E-5 8.66876E-5
2.23796E-1 2.62047E-1 2.95288E-1 2.90836E-1 2.13093E-1 2.56076E-1 2.07071E-1 1.85508E-1 1.47941E-1 1.36501E-1 1.50434E-1 1.53561E-1 1.81621E-1 1.33847E-1 7.74184E-2 1.55253E-1 1.379E-1 1.85038E-1 1.44254E-1 1.90681E-1 1.89212E-1 1.63924E-1 1.99428E-1 2.57404E-1 1.32354E-1 2.86431E-2 9.70995E-2 1.1109E-1 2.26863E-2 5.00933E-3 2.85062E-1 2.24235E-1 4.40772E-2 1.22184E-1 1.23546E-1 1.14782E-1 8.78529E-2 1.21007E-1 1.25141E-1 9.078E-2 1.1436E-1 8.27621E-2 4.06848E-1 6.599E-1 3.28084E-1 3.94622E-1 5.58582E-1 4.19216E-1 2.51992E-1 1.4089E-1 1.0237E-1 9.96218E-2 1.30566E-1 1.53903E-1 1.75709E-1 2.11607E-1 1.01996E-1 1.3206E-1 1.56965E-1 9.31164E-2 4.30696E-2 7.92218E-4 1.62947E-4 4.5713E-5 1.99088E-5 3.83148E-5 6.3405E-4
2.82828E-1 2.64775E-1 2.89271E-1 2.03986E-1 2.01149E-1 2.69777E-1 2.17333E-1 1.50792E-1 2.51489E-1 2.10433E-1 1.51731E-1 2.15942E-1 1.89573E-1 1.44587E-1 1.10197E-1 9.9795E-2 1.27307E-1 2.05841E-1 1.25779E-1 1.61159E-1 2.02198E-1 1.04968E-1 2.39157E-1 2.67426E-1 1.0885E-1 2.56947E-2 1.05377E-1 8.50388E-2 5.84401E-3 1.81714E-2 2.82934E-1 2.86577E-1 8.0611E-2 1.46843E-1 1.23873E-1 6.7759E-2 4.59508E-2 3.25626E-2 5.75211E-2 1.10633E-1 1.41007E-1 1.34972E-1 1.88671E-1 8.36133E-1 2.33294E-1 2.77325E-1 3.66168E-1 5.45468E-1 3.43389E-1 3.24258E-1 3.35433E-1 1.47639E-1 3.53157E-1 5.05078E-1 3.71627E-1 2.16557E-1 1.09174E-1 1.56297E-1 2.60565E-1 5.13485E-2 8.92788E-3 2.46441E-3 3.01638E-3 8.15122E-5 4.72098E-5 3.72566E-4 5.26037E-4
3.02894E-1 3.13324E-1 2.72231E-1 2.10137E-1 3.11715E-1 2.19195E-1 1.6083E-1 2.08087E-1 1.78856E-1 1.78074E-1 1.76061E-1 1.79838E-1 1.82965E-1 1.78093E-1 1.8679E-1 1.1274E-1 1.6816E-1 1.84641E-1 1.88811E-1 1.99127E-1 2.15354E-1 1.1625E-2 1.62164E-2 1.37778E-1 2.32384E-2 2.66722E-2 4.34624E-2 3.81385E-2 6.40803E-3 7.4632E-2 1.71531E-1 2.87471E-1 3.10237E-1 4.44155E-2 1.38486E-1 1.43683E-1 1.01711E-1 7.0482E-2 1.12432E-1 2.13087E-1 1.32081E-1 1.12985E-1 6.7293E-2 7.27861E-1 6.70536E-1 3.52572E-1 4.62699E-1 4.99318E-1 5.62454E-1 4.33475E-1 4.57563E-1 2.62731E-1 1.08114E-1 9.31621E-2 8.58187E-2 7.76561E-2 1.07938E-1 4.04042E-2 8.45428E-2 5.35111E-2 1.50435E-2 2.1313E-2 2.90109E-3 2.94405E-4 2.20117E-4 2.29448E-3 1.36644E-3
1.275E-1 2.7205E-1 2.46411E-1 2.25709E-1 2.66872E-1 1.91288E-1 2.22352E-1 2.15697E-1 2.59549E-1 2.482E-1 2.31525E-1 1.79351E-1 1.71279E-1 1.41899E-1 2.50127E-1 8.41442E-2 8.28877E-2 2.02025E-1 1.87477E-1 1.90456E-1 1.12747E-1 1.57841E-1 1.40797E-1 1.67812E-2 2.59892E-2 1.89151E-2 9.06118E-3 1.2504E-2 2.03444E-1 2.63287E-1 8.70616E-2 2.06666E-1 3.3126E-1 1.7334E-1 1.63228E-1 1.28962E-1 1.69746E-1 1.00009E-1 1.48494E-1 2.02785E-1 1.42125E-1 1.21543E-1 5.0324E-2 4.86197E-1 4.27842E-1 1.46863E-1 3.32923E-1 3.67065E-1 3.72459E-1 4.73639E-1 3.4282E-1 3.87149E-1 2.0648E-1 8.16198E-2 3.00888E-2 1.97801E-2 2.60744E-2 2.3061E-2 2.59668E-2 3.62981E-2 4.15811E-2 9.83166E-3 2.50751E-3 2.55264E-4 1.19647E-4 3.69357E-3 4.49842E-3
3.17148E-1 2.80051E-1 3.07847E-1 2.41534E-1 3.24594E-1 3.4047E-1 1.91228E-1 2.08412E-1 2.84014E-1 2.4951E-1 2.56851E-1 1.98553E-1 2.32381E-1 2.00794E-1 1.3388E-1 1.692E-1 9.40157E-2 1.79045E-1 1.16948E-1 1.46273E-1 9.28002E-3 2.53045E-2 2.19717E-2 1.90161E-2 1.27914E-2 1.86332E-2 1.39471E-2 3.6027E-2 2.02462E-1 2.27995E-1 4.36803E-1 4.51581E-1 4.13988E-1 4.04233E-1 2.02422E-1 2.60302E-1 8.01624E-2 1.32922E-1 1.91275E-1 2.20341E-1 1.53337E-1 9.87132E-2 2.85274E-1 4.41817E-1 3.33195E-1 1.70723E-1 1.65931E-1 3.94462E-1 3.55222E-1 2.88108E-1 2.71683E-1 1.5919E-1 1.63606E-1 1.1306E-1 7.34192E-2 4.3616E-2 1.27172E-2 1.984E-3 5.37067E-3 1.7807E-2 1.47841E-2 6.7035E-3 7.8564E-4 4.33392E-4 1.76476E-3 1.40456E-3 2.84175E-3
2.24657E-1 3.11106E-1 2.33954E-1 2.15286E-1 2.68371E-1 1.81803E-1 1.33258E-1 1.89466E-1 2.19E-1 1.54382E-1 1.57365E-1 1.73607E-1 1.79075E-1 2.3314E-1 1.24286E-1 1.77273E-1 1.79216E-1 1.72534E-1 1.43628E-1 2.00352E-1 1.92523E-1 2.14312E-2 1.55889E-2 3.54877E-2 2.04866E-2 2.06761E-2 2.89564E-2 2.87604E-2 6.66252E-2 6.69657E-2 5.48651E-1 3.25753E-1 3.80683E-1 4.4924E-1 1.73089E-1 2.13789E-1 1.59489E-1 1.48896E-1 1.36048E-1 1.20461E-1 1.76053E-1 1.22976E-1 4.27385E-1 5.97275E-1 5.39077E-1 3.35105E-1 1.89802E-1 1.55209E-1 1.58678E-1 2.64978E-1 2.24546E-1 1.18252E-1 8.9299E-2 7.00569E-2 7.49487E-2 2.46736E-2 9.37933E-3 2.02212E-3 7.76116E-4 9.48096E-4 9.27167E-4 1.60875E-3 3.67987E-4 1.76716E-3 2.39242E-3 4.67866E-3 9.49142E-3
1.93026E-1 2.06862E-1 1.73795E-1 2.26643E-1 2.49911E-1 1.68932E-1 2.1202E-1 1.86175E-1 1.64246E-1 1.13579E-1 1.09003E-1 1.61951E-1 2.06169E-1 2.08715E-1 2.78451E-1 8.74621E-2 8.70244E-2 9.61429E-2 2.20336E-1 1.15524E-1 1.2761E-2 1.22641E-2 3.2592E-2 1.02085E-1 5.76223E-2 5.2345E-2 8.05767E-2 9.66871E-2 9.62981E-2 9.69879E-2 5.44007E-1 5.55745E-1 7.18835E-1 5.54124E-1 6.04135E-1 5.90307E-1 2.8815E-1 2.46725E-1 2.39882E-1 1.8186E-1 3.14811E-1 4.25749E-1 5.63494E-1 3.39487E-1 3.9703E-1 3.75261E-1 2.73802E-1 1.2757E-1 1.11943E-1 1.27712E-1 1.36257E-1 1.01361E-1 1.32406E-1 1.31469E-2 1.5339E-2 7.7138E-3 1.93019E-3 7.02755E-4 5.89122E-4 2.41445E-3 1.11338E-2 2.22135E-3 1.38329E-3 6.84683E-3 2.2458E-3 3.58757E-3 6.70098E-3
2.72542E-1 1.9196E-1 1.94184E-1 2.14706E-1 2.22093E-1 1.44165E-1 1.85476E-1 1.19996E-1 1.71848E-1 1.43054E-1 1.35558E-1 1.65164E-1 1.86113E-1 2.17506E-1 2.82565E-1 1.95728E-1 2.43055E-1 1.10979E-1 1.1492E-1 5.68665E-2 1.46108E-1 1.62227E-1 1.541E-1 1.12228E-1 1.13114E-1 6.84982E-2 9.52927E-2 1.12673E-1 7.16686E-2 8.68484E-2 2.89144E-1 5.75152E-1 7.58438E-1 7.22901E-1 4.72016E-1 2.73731E-1 3.31122E-1 3.13398E-1 3.07361E-1 3.94238E-1 4.5464E-1 4.63776E-1 3.60408E-1 1.63869E-1 2.02823E-1 2.90763E-1 2.67641E-1 1.42003E-1 1.31047E-1 9.25024E-2 4.93712E-2 2.50017E-2 1.72751E-2 6.58853E-3 2.28169E-3 1.32768E-3 1.17018E-3 1.26009E-3 5.6956E-3 7.96969E-3 1.25224E-2 1.22264E-2 9.78142E-3 1.40615E-2 6.99473E-3 7.76904E-3 6.13558E-3
2.19514E-1 1.89333E-1 1.73708E-1 1.58779E-1 1.53833E-1 2.24902E-1 1.72713E-1 1.5665E-1 1.4692E-1 1.35349E-1 1.29672E-1 1.80408E-1 1.65268E-1 1.86518E-1 2.3156E-1 2.27361E-1 2.36541E-1 1.13152E-1 1.58397E-2 8.15884E-2 1.59427E-1 1.95958E-1 1.38958E-1 1.16366E-1 1.46813E-1 9.56335E-2 9.17428E-2 1.05216E-1 9.20584E-2 9.59384E-2 9.5558E-2 5.12131E-1 3.97495E-1 6.7862E-1 6.84249E-1 7.07932E-1 6.72867E-1 7.11296E-1 6.39586E-1 5.08922E-1 3.2782E-1 3.36172E-1 3.7731E-1 1.58846E-1 1.48835E-1 1.02808E-1 2.35376E-1 1.40136E-1 9.99165E-2 6.39239E-2 9.88892E-2 8.02046E-3 3.57938E-3 1.78661E-3 3.38129E-3 5.85305E-4 6.37709E-3 5.86786E-3 4.54667E-2 1.10451E-2 2.61556E-2 1.97404E-2 1.71469E-2 9.32654E-3 6.53516E-3 5.82252E-3 1.52512E-3
2.62722E-1 2.32391E-1 1.63668E-1 1.7364E-1 1.43419E-1 2.42655E-1 1.31998E-1 1.16714E-1 1.42438E-1 2.14833E-1 2.48514E-1 2.27248E-1 1.34499E-1 1.25635E-1 1.22142E-1 2.16168E-1 1.83337E-1 1.45642E-1 4.70565E-2 1.12319E-1 2.36027E-1 1.71258E-1 1.71566E-1 1.75935E-1 2.01619E-1 1.85408E-1 1.48129E-1 1.06811E-1 1.19261E-1 1.09723E-1 7.8209E-2 1.446E-1 3.44379E-1 3.84096E-1 5.62616E-1 6.67647E-1 5.88425E-1 6.28225E-1 7.69491E-1 5.90475E-1 7.00603E-1 6.83281E-1 4.72947E-1 1.50316E-1 1.24851E-1 9.67095E-2 9.09351E-2 1.42268E-1 6.78671E-2 1.86112E-1 2.07142E-1 1.10401E-2 3.33521E-3 6.57946E-3 1.71049E-2 4.08967E-3 2.23214E-2 2.91024E-2 5.10476E-2 1.20506E-2 1.27015E-2 1.97923E-2 9.85864E-3 6.52731E-3 1.8182E-2 3.1954E-3 6.20841E-3
2.14514E-1 1.45765E-1 1.66851E-1 1.36558E-1 1.64096E-1 1.5927E-1 1.34565E-1 1.34491E-1 1.52585E-1 1.74358E-1 3.33053E-1 2.71533E-1 1.1405E-1 1.70911E-1 1.0092E-1 1.37327E-1 2.08068E-1 9.94991E-2 1.22263E-1 3.2438E-1 3.06047E-1 1.78421E-1 6.15567E-2 1.65794E-1 1.28761E-1 1.99881E-1 1.77502E-1 9.51287E-2 1.26485E-1 9.18582E-2 7.76775E-2 9.06796E-2 9.21362E-2 8.23631E-2 2.93911E-1 4.77942E-1 4.76037E-1 5.26487E-1 7.99281E-1 8.14409E-1 7.58254E-1 5.62965E-1 3.52207E-1 1.26355E-1 1.37739E-1 1.31068E-1 5.05216E-2 8.78772E-2 1.34899E-1 2.72343E-1 1.34691E-1 2.58147E-2 1.85819E-2 1.23675E-2 2.49375E-2 1.1352E-2 3.78026E-2 6.68268E-2 2.02592E-2 2.81284E-2 2.43529E-2 1.95557E-2 2.26174E-2 2.34836E-2 2.61467E-2 1.95325E-2 7.21256E-3
3.04503E-1 1.77718E-1 2.03427E-1 1.59298E-1 1.80805E-1 1.97839E-1 2.152E-1 1.86808E-1 2.17904E-1 1.95533E-1 1.33064E-1 1.20838E-1 1.82145E-1 1.9689E-1 1.26478E-1 1.14374E-1 1.21855E-1 2.80045E-2 1.63149E-1 2.70627E-1 1.84219E-1 7.2576E-2 2.81393E-2 5.4863E-2 3.1578E-2 3.64959E-2 9.19374E-2 6.28785E-2 1.18844E-1 1.07034E-1 5.28939E-2 1.07374E-1 8.70221E-2 7.10677E-2 1.11743E-1 9.48752E-2 2.07885E-1 5.63595E-1 7.44828E-1 8.50936E-1 8.32937E-1 6.89094E-1 1.84722E-1 8.06957E-2 1.286E-1 1.28305E-1 8.66756E-2 2.81975E-1 6.73968E-1 4.74761E-1 4.00672E-1 7.44342E-2 6.70513E-2 1.74595E-2 4.30926E-2 5.16535E-2 2.02593E-1 4.76473E-2 6.55274E-2 4.16634E-2 2.04673E-2 3.40702E-2 1.60843E-2 2.98119E-3 5.13334E-3 6.76632E-3 5.95795E-3
