ENM/Final_Models/M_1_F_lqp_Set_1_E/Gustavia_santanderiensis_8_Choco.asc
ncols         367
nrows         963
xllcorner     -78.6
yllcorner     0.65
cellsize      0.00833333333333323
NODATA_value  -9999
[rows 480 to 511 of 963, columns 213 to 283 of 367]
1E0 1E0 1E0 1E0 1E0 1E0 1E0 1E0 1E0 1E0 1E0 9.99999E-1 9.99999E-1 9.99993E-1 9.99988E-1 9.99997E-1 9.99995E-1 9.99994E-1 9.99999E-1 9.99998E-1 9.99998E-1 9.99982E-1 9.95856E-1 9.92599E-1 9.84145E-1 9.32342E-1 9.49159E-1 9.39847E-1 7.41545E-1 4.2061E-1 4.91025E-1 4.62231E-1 7.40951E-1 5.30899E-1 5.62778E-1 5.35702E-1 4.4116E-1 3.54979E-1 5.17626E-1 2.73349E-1 2.23623E-1 4.69823E-2 1.19295E-1 7.09594E-2 1.86446E-1 5.27622E-1 1.07346E-1 6.47704E-1 6.70872E-1 9.41427E-1 5.53622E-1 6.8142E-2 3.84558E-2 5.41013E-2 2.10411E-1 2.52431E-1 6.39124E-2 8.29557E-2 1.06904E-1 1.9719E-2 3.18965E-3 3.92586E-3 4.29249E-4 5.12841E-5 3.7371E-4 4.35697E-4 7.36126E-4 2.00998E-4 5.413E-4 1.31715E-3 4.6282E-3
1E0 1E0 1E0 1E0 1E0 1E0 1E0 1E0 1E0 1E0 1E0 1E0 1E0 1E0 1E0 1E0 1E0 9.99993E-1 9.99999E-1 9.99907E-1 1E0 9.99988E-1 9.99353E-1 9.99716E-1 9.97753E-1 9.50052E-1 8.46921E-1 9.16335E-1 6.31465E-1 9.00675E-1 3.85844E-1 5.4933E-1 8.18063E-1 8.13818E-1 1.91429E-1 1.24998E-1 4.48452E-1 5.15225E-1 7.70994E-1 8.93398E-1 1.05328E-1 1.93277E-1 3.14457E-1 1.93001E-1 9.65524E-2 3.88011E-1 1.45952E-1 1.75573E-1 2.6562E-1 8.18622E-1 8.57779E-1 1.21933E-1 4.15745E-2 1.19822E-1 4.31143E-1 4.58653E-1 1.20105E-1 5.37827E-2 3.42762E-2 6.14307E-3 4.95646E-3 2.15809E-3 4.30181E-4 6.95552E-4 5.41667E-4 6.94055E-4 6.00387E-4 1.20538E-3 5.02637E-3 4.88857E-3 2.22903E-3
1E0 1E0 1E0 1E0 1E0 1E0 1E0 1E0 1E0 1E0 1E0 1E0 1E0 1E0 9.99999E-1 1E0 1E0 9.99998E-1 9.99998E-1 9.99963E-1 9.99992E-1 1E0 9.91512E-1 9.99217E-1 9.99949E-1 8.83755E-1 9.29877E-1 6.00673E-1 7.20312E-1 9.18232E-1 8.5393E-1 9.39503E-1 8.77455E-1 8.66897E-1 8.59592E-1 4.01612E-1 3.43762E-1 3.76399E-1 9.84498E-1 7.03199E-1 8.2838E-1 7.68859E-1 5.47354E-1 1.85048E-1 3.46508E-1 5.98687E-1 3.12832E-1 3.59528E-1 1.92557E-1 7.16535E-1 9.68108E-1 4.59286E-1 1.51982E-1 3.92446E-1 5.80848E-1 5.14086E-1 3.01713E-1 1.60973E-1 1.4584E-1 1.38038E-2 3.38898E-3 2.39704E-3 3.4113E-4 2.18801E-4 1.566E-4 4.22846E-4 7.49709E-4 2.53765E-3 5.44431E-4 1.70221E-3 6.84225E-3
1E0 1E0 1E0 1E0 1E0 1E0 1E0 1E0 1E0 1E0 1E0 1E0 1E0 1E0 9.99499E-1 1E0 9.99999E-1 1E0 9.99999E-1 1E0 1E0 9.99996E-1 9.99786E-1 9.98385E-1 9.98359E-1 9.9692E-1 7.87111E-1 7.53917E-1 8.1934E-1 9.83269E-1 8.91029E-1 6.68368E-1 7.71003E-1 9.36471E-1 8.34229E-1 9.77012E-1 9.85646E-1 9.86698E-1 9.5498E-1 9.97816E-1 9.74293E-1 6.51517E-1 3.31919E-1 5.93166E-1 9.88113E-1 9.57709E-1 3.28617E-1 1.51607E-1 9.84316E-2 4.68448E-1 4.67602E-1 5.88281E-1 1.12401E-1 8.06294E-2 8.41747E-2 7.42192E-2 6.29342E-2 1.19629E-1 7.52652E-2 5.08004E-2 1.26701E-2 6.83627E-3 3.70317E-4 1.34895E-3 8.37029E-4 5.75766E-4 4.45473E-4 1.1062E-3 2.66344E-3 6.50002E-3 6.10984E-4
1E0 1E0 1E0 1E0 1E0 1E0 1E0 1E0 1E0 1E0 1E0 1E0 1E0 1E0 1E0 1E0 9.99904E-1 9.99715E-1 9.99921E-1 9.99992E-1 9.9998E-1 9.94927E-1 9.6976E-1 9.99912E-1 9.99851E-1 9.51779E-1 9.62417E-1 9.66716E-1 8.16238E-1 9.44698E-1 9.12889E-1 6.87744E-1 9.07386E-1 9.87319E-1 9.98907E-1 9.94982E-1 9.98971E-1 1E0 9.99999E-1 9.77618E-1 9.94334E-1 8.73297E-1 2.18021E-1 2.90296E-1 9.01404E-1 9.88525E-1 7.5212E-1 6.51348E-1 4.13802E-1 3.83808E-1 7.26842E-2 8.09685E-2 5.35306E-1 1.14674E-1 1.49067E-1 2.52681E-1 2.73147E-1 3.05806E-1 5.11731E-2 1.37236E-2 2.05506E-2 1.95578E-4 2.60761E-3 2.05568E-3 2.04092E-3 2.5328E-3 2.09009E-3 2.73392E-3 4.95753E-3 1.25073E-2 3.76E-3
1E0 1E0 1E0 1E0 1E0 1E0 1E0 1E0 1E0 1E0 1E0 1E0 1E0 1E0 1E0 1E0 9.99991E-1 9.99989E-1 9.99782E-1 9.99926E-1 9.99927E-1 9.51344E-1 9.99374E-1 9.97116E-1 9.99956E-1 1E0 9.97029E-1 9.84757E-1 9.69752E-1 9.53722E-1 9.72549E-1 9.4797E-1 9.83149E-1 9.99653E-1 9.95378E-1 9.92236E-1 9.75402E-1 9.99995E-1 9.99614E-1 9.99999E-1 9.99997E-1 9.24595E-1 2.36816E-1 1.74729E-1 5.4059E-1 9.61948E-1 8.99302E-1 2.82488E-1 5.20796E-1 2.91772E-1 1.38002E-1 3.51931E-1 3.25929E-1 2.60142E-1 3.12691E-1 3.69577E-1 2.62635E-1 1.96496E-1 3.68846E-2 1.38182E-2 6.49999E-4 3.62679E-4 1.61204E-3 8.48378E-3 1.78696E-3 2.58967E-3 5.62878E-4 1.25511E-3 1.1577E-2 6.55728E-3 1.51611E-2
1E0 1E0 1E0 1E0 1E0 1E0 1E0 1E0 1E0 1E0 9.99992E-1 1E0 1E0 1E0 1E0 1E0 1E0 1E0 9.99961E-1 9.99995E-1 1E0 9.99936E-1 9.99631E-1 9.99983E-1 9.87076E-1 9.65437E-1 9.67534E-1 9.63772E-1 8.49006E-1 9.20997E-1 9.6578E-1 9.45974E-1 9.72983E-1 9.9911E-1 9.98622E-1 9.99598E-1 9.99996E-1 1E0 9.98608E-1 9.86896E-1 9.91312E-1 9.02271E-1 6.34437E-1 4.36775E-1 2.27253E-1 2.13588E-1 4.16786E-1 7.09361E-1 2.40433E-1 1.96741E-1 2.27378E-1 2.30198E-1 2.45062E-1 7.48315E-1 2.30162E-1 1.55945E-1 6.38931E-2 4.04428E-2 4.00497E-2 8.73006E-3 1.45558E-3 1.34714E-3 1.56963E-3 1.4392E-3 1.53143E-3 7.83077E-4 1.87508E-3 6.30686E-3 6.84973E-3 2.61247E-2 2.63948E-2
9.99997E-1 9.99999E-1 1E0 1E0 1E0 1E0 1E0 1E0 9.99998E-1 9.99994E-1 9.99996E-1 9.99997E-1 1E0 1E0 1E0 1E0 1E0 1E0 1E0 1E0 9.99993E-1 9.91797E-1 9.91677E-1 9.9992E-1 9.99773E-1 9.96814E-1 9.05559E-1 9.51248E-1 7.19917E-1 6.93898E-1 9.69176E-1 9.73216E-1 9.7681E-1 9.56769E-1 9.8563E-1 9.98807E-1 9.9999E-1 9.99998E-1 9.26908E-1 2.32397E-1 8.63654E-2 8.89942E-2 2.75453E-1 2.29354E-1 1.34516E-1 4.7639E-2 2.1777E-2 6.61935E-2 1.30865E-1 3.29768E-1 1.37499E-1 1.62879E-1 1.36277E-1 3.70505E-1 1.70541E-1 5.22899E-2 3.4375E-2 6.95553E-3 6.91762E-3 1.19443E-2 6.00682E-4 5.08556E-4 7.22871E-3 1.90564E-2 1.10031E-2 3.19698E-3 3.74532E-3 5.22263E-3 1.37377E-2 3.39117E-2 3.33148E-2
1E0 1E0 1E0 1E0 1E0 1E0 1E0 1E0 1E0 1E0 1E0 9.99998E-1 1E0 1E0 1E0 1E0 1E0 1E0 1E0 1E0 9.99999E-1 9.98986E-1 9.76932E-1 9.999E-1 9.75397E-1 9.72685E-1 9.80833E-1 8.02813E-1 7.71518E-1 6.83095E-1 9.99315E-1 9.68013E-1 9.95301E-1 9.94368E-1 9.98904E-1 9.94345E-1 9.9999E-1 1E0 9.54096E-1 4.06044E-1 6.50977E-2 4.15652E-2 3.7623E-2 7.36781E-2 3.44256E-2 2.18502E-2 1.20735E-2 8.64449E-2 1.5799E-1 5.47215E-1 4.13934E-1 1.57556E-1 1.01599E-1 4.23063E-1 2.02022E-1 1.23843E-1 5.51285E-2 1.92549E-2 2.53869E-3 2.04188E-4 1.76584E-4 7.35187E-4 7.43139E-3 2.27394E-2 2.83134E-2 2.91749E-3 1.02056E-2 4.01364E-2 5.4209E-2 3.37828E-2 2.32129E-2
1E0 1E0 1E0 1E0 1E0 1E0 1E0 9.99999E-1 1E0 1E0 1E0 1E0 1E0 1E0 1E0 1E0 1E0 1E0 1E0 1E0 1E0 9.99765E-1 9.92097E-1 9.95949E-1 9.85975E-1 9.73667E-1 9.24246E-1 9.90028E-1 8.13187E-1 7.16424E-1 9.66693E-1 9.71638E-1 9.95068E-1 9.97941E-1 9.98516E-1 9.98918E-1 9.99297E-1 9.99989E-1 9.95802E-1 9.88084E-1 9.91782E-1 3.87123E-1 5.15682E-2 2.53521E-2 1.01571E-2 4.71282E-3 1.22004E-2 1.16168E-1 3.62598E-1 5.8386E-1 5.94255E-1 4.76522E-1 2.52405E-1 4.64821E-1 1.3058E-1 4.88492E-2 8.37764E-3 4.6083E-3 1.00132E-3 1.93904E-4 4.96006E-4 1.34201E-3 6.00078E-3 5.22884E-3 1.00364E-2 1.03036E-2 1.74314E-2 7.53451E-2 2.64111E-2 1.16661E-2 6.61637E-3
1E0 1E0 1E0 1E0 1E0 1E0 1E0 1E0 1E0 1E0 1E0 1E0 1E0 1E0 1E0 1E0 1E0 9.99999E-1 1E0 1E0 1E0 9.99804E-1 9.97498E-1 9.84479E-1 8.52876E-1 9.38843E-1 6.85268E-1 9.13453E-1 9.60879E-1 6.96427E-1 9.94098E-1 9.99786E-1 9.9874E-1 9.99754E-1 9.99998E-1 9.99992E-1 9.81701E-1 9.99834E-1 1E0 9.99888E-1 9.99982E-1 9.99314E-1 9.46626E-1 6.8142E-2 9.5141E-3 7.54474E-3 2.11728E-2 1.52943E-1 4.74898E-1 7.12065E-1 6.32791E-1 4.52428E-1 2.15602E-1 1.22273E-1 8.6339E-2 1.37978E-2 1.50866E-2 5.16321E-4 1.67993E-4 3.55901E-4 1.44885E-3 2.51541E-3 6.79666E-3 8.93409E-3 1.75188E-2 1.01408E-2 5.61222E-2 2.42561E-2 6.64546E-3 5.11532E-3 1.00164E-2
1E0 1E0 1E0 1E0 1E0 1E0 1E0 9.99999E-1 9.99909E-1 1E0 1E0 1E0 1E0 1E0 1E0 1E0 1E0 1E0 1E0 1E0 1E0 1E0 9.91076E-1 9.8174E-1 8.59586E-1 6.44786E-1 7.32789E-1 7.87508E-1 9.77276E-1 6.88149E-1 9.95689E-1 9.99953E-1 9.97026E-1 9.60966E-1 8.75459E-1 9.98679E-1 9.41901E-1 7.04088E-1 7.53181E-1 3.1994E-1 3.25605E-1 5.28374E-1 6.74244E-1 4.1401E-1 4.87111E-2 5.6856E-2 6.57541E-2 2.75495E-1 4.74838E-1 3.70587E-1 1.81473E-1 1.53562E-1 5.20213E-2 1.62672E-2 2.83707E-2 1.71106E-2 4.19875E-4 2.94253E-4 4.25498E-4 8.67453E-4 4.83969E-3 2.61141E-3 1.74932E-2 2.89337E-2 2.53926E-2 6.9998E-2 8.59832E-2 1.17122E-2 8.74464E-3 8.57194E-4 5.85434E-3
1E0 9.99981E-1 1E0 1E0 1E0 1E0 1E0 1E0 9.99398E-1 9.99947E-1 1E0 1E0 1E0 1E0 1E0 1E0 1E0 1E0 1E0 1E0 1E0 9.97197E-1 9.47783E-1 8.51541E-1 7.87656E-1 8.87449E-1 6.56829E-1 8.41874E-1 4.72425E-1 9.25018E-1 9.99914E-1 1E0 9.99999E-1 9.99897E-1 9.97353E-1 9.99895E-1 9.99435E-1 4.12289E-1 1.66499E-1 5.15549E-2 9.83057E-3 8.98507E-3 2.51124E-2 3.8872E-2 5.72991E-3 2.0528E-2 5.32357E-2 6.48916E-2 1.88832E-1 1.42127E-1 7.13425E-2 3.05826E-2 1.07147E-2 2.55597E-3 5.72798E-3 7.90546E-3 3.06883E-4 6.3697E-4 4.00667E-4 3.80219E-3 4.18726E-3 1.71443E-2 2.22163E-2 2.16252E-2 2.48505E-2 1.11172E-2 6.32991E-3 1.79329E-3 4.00784E-3 3.04462E-3 5.44137E-3
1E0 9.99998E-1 1E0 1E0 1E0 1E0 1E0 1E0 9.99991E-1 9.99702E-1 1E0 1E0 1E0 1E0 1E0 1E0 1E0 1E0 1E0 1E0 1E0 9.99976E-1 9.93312E-1 9.85933E-1 9.76372E-1 9.51174E-1 8.71804E-1 8.17842E-1 6.6003E-1 9.99766E-1 9.99991E-1 1E0 1E0 9.99998E-1 9.99323E-1 9.95305E-1 9.98608E-1 8.81727E-1 5.20066E-1 1.10584E-1 1.15849E-2 9.13824E-3 2.21935E-3 5.23831E-3 4.89523E-3 3.54563E-3 7.30723E-3 1.43932E-2 8.99957E-2 9.72806E-2 5.52096E-2 7.34479E-3 4.07698E-3 3.22132E-3 5.99597E-3 2.67614E-4 1.5825E-4 7.61073E-4 1.36667E-3 5.03206E-3 1.49272E-3 1.50162E-2 4.89702E-2 2.08483E-2 2.65187E-3 8.98235E-3 2.08238E-3 2.98609E-3 1.51291E-3 9.16994E-4 8.56054E-4
1E0 1E0 1E0 1E0 1E0 1E0 1E0 9.99999E-1 1E0 9.99966E-1 9.99995E-1 1E0 1E0 1E0 1E0 1E0 1E0 1E0 1E0 1E0 1E0 1E0 9.99954E-1 9.99077E-1 9.56983E-1 9.83358E-1 7.8968E-1 7.12672E-1 9.23878E-1 9.99466E-1 1E0 9.99894E-1 9.99872E-1 9.99099E-1 8.13922E-1 1.84927E-1 6.60837E-1 9.89116E-1 7.80991E-1 1.7627E-1 6.28872E-2 2.10228E-2 1.79752E-3 1.88698E-3 2.94265E-3 3.25423E-3 3.68725E-3 4.11414E-3 4.66344E-2 3.00029E-2 9.90282E-3 9.26869E-3 3.22369E-3 4.55954E-4 1.19841E-3 4.10498E-4 4.69797E-4 5.29872E-4 5.72949E-3 3.90741E-3 1.19578E-3 9.9654E-3 1.35387E-1 1.2913E-2 1.94068E-3 2.56611E-3 4.46392E-3 2.40183E-3 9.98221E-4 1.67243E-3 1.22787E-3
1E0 1E0 9.99999E-1 1E0 1E0 1E0 1E0 1E0 1E0 9.99963E-1 9.99982E-1 1E0 1E0 1E0 1E0 1E0 1E0 1E0 1E0 1E0 1E0 1E0 9.99999E-1 9.97955E-1 9.76263E-1 9.77771E-1 7.22032E-1 7.63023E-1 9.35895E-1 9.99997E-1 1E0 9.99802E-1 9.72246E-1 3.84061E-1 6.19082E-2 9.23519E-2 3.53527E-1 9.02897E-1 1.50746E-1 1.08865E-1 3.65522E-2 2.06655E-2 4.37911E-3 4.71016E-3 4.88203E-3 6.1287E-3 1.12144E-2 6.88039E-3 1.41825E-2 2.11172E-3 1.36792E-3 7.08802E-4 8.83456E-5 4.61042E-4 4.02684E-3 2.78787E-3 5.84078E-3 4.14012E-3 1.41497E-3 3.41491E-3 7.9385E-4 4.99986E-2 8.0238E-2 4.24693E-3 3.73535E-3 2.99679E-3 7.53305E-4 1.3253E-3 1.53409E-3 1.08859E-3 2.79677E-3
1E0 1E0 1E0 1E0 1E0 1E0 1E0 1E0 1E0 1E0 1E0 1E0 9.99999E-1 1E0 1E0 1E0 1E0 1E0 1E0 1E0 1E0 1E0 9.99999E-1 9.92385E-1 9.93636E-1 9.88823E-1 9.84787E-1 9.99273E-1 9.99735E-1 9.9998E-1 9.99695E-1 9.94984E-1 8.75952E-1 3.925E-1 9.51236E-2 1.61216E-1 5.99079E-1 7.9786E-1 4.20192E-1 2.7432E-1 1.10709E-1 3.08935E-2 1.76759E-2 3.54643E-2 3.35509E-2 3.5992E-2 3.45193E-2 1.70029E-2 2.1912E-3 5.5873E-4 4.84029E-5 3.36967E-4 7.41126E-4 9.96295E-4 6.21796E-3 2.67918E-3 8.08171E-3 6.16355E-3 6.53745E-3 8.94268E-3 4.25952E-3 7.27726E-2 2.64415E-2 1.26108E-2 1.08618E-2 1.86781E-3 2.18068E-3 7.07911E-4 4.23927E-3 5.35044E-3 4.84112E-4
1E0 1E0 1E0 1E0 1E0 1E0 1E0 1E0 1E0 1E0 1E0 9.99991E-1 9.99997E-1 9.99717E-1 9.98815E-1 9.99909E-1 9.99999E-1 9.99999E-1 1E0 1E0 1E0 1E0 1E0 9.99968E-1 9.9509E-1 9.99901E-1 9.99515E-1 9.99572E-1 9.99979E-1 9.99999E-1 9.99903E-1 9.9943E-1 9.78878E-1 8.12318E-1 9.41952E-1 9.95861E-1 9.99986E-1 9.98788E-1 9.97929E-1 9.98575E-1 9.21297E-1 3.9823E-1 1.41204E-1 2.47675E-1 8.14878E-2 1.75609E-2 1.96929E-2 4.04071E-3 9.84471E-4 1.69385E-4 1.39742E-4 2.49331E-4 1.77257E-3 4.44318E-3 1.91845E-2 7.31737E-3 8.62565E-3 6.0268E-3 4.19898E-3 3.00038E-3 3.16952E-2 3.82959E-2 4.89236E-2 2.11158E-2 1.38565E-2 1.7371E-3 2.52279E-3 3.37684E-3 7.6334E-3 3.11905E-3 2.13299E-3
1E0 1E0 1E0 1E0 1E0 1E0 1E0 1E0 1E0 1E0 1E0 9.99994E-1 9.9979E-1 1E0 1E0 9.99984E-1 1E0 9.99998E-1 9.99998E-1 1E0 1E0 1E0 1E0 9.98655E-1 9.97698E-1 9.98311E-1 9.99921E-1 9.99983E-1 9.99899E-1 9.99968E-1 1E0 9.99999E-1 9.91562E-1 9.70143E-1 9.98719E-1 9.99901E-1 9.89968E-1 9.95452E-1 9.94797E-1 8.87789E-1 6.48826E-1 5.1321E-2 1.57474E-2 1.59554E-2 4.33301E-2 9.43281E-3 2.28465E-3 5.35469E-3 5.08367E-4 1.56109E-4 5.61665E-4 1.91369E-3 3.12774E-3 1.21831E-2 1.41759E-2 2.35272E-2 4.53414E-3 8.87902E-3 1.56002E-3 3.08063E-2 5.7486E-2 4.44539E-2 1.33874E-2 5.26938E-3 3.16646E-3 2.16306E-3 3.66678E-3 6.03309E-3 5.35923E-3 3.53799E-3 1.74017E-2
1E0 1E0 1E0 1E0 1E0 1E0 1E0 1E0 1E0 1E0 1E0 1E0 1E0 9.99993E-1 9.99984E-1 9.9998E-1 9.99969E-1 9.99996E-1 9.99997E-1 1E0 1E0 1E0 9.9999E-1 9.95554E-1 9.89026E-1 9.99954E-1 9.99903E-1 9.99884E-1 9.99911E-1 9.99999E-1 1E0 1E0 9.99971E-1 9.99986E-1 9.99985E-1 9.99416E-1 9.83809E-1 7.76866E-1 8.40646E-1 8.86327E-1 5.70852E-1 4.34259E-2 4.98387E-3 1.19202E-2 1.57591E-2 5.4471E-3 1.44311E-3 6.2588E-3 9.48784E-3 4.86841E-3 2.91174E-3 4.24547E-3 1.1171E-2 4.01716E-3 3.66275E-3 2.57829E-2 1.23752E-2 1.66829E-2 2.07623E-2 1.06421E-1 2.22116E-2 9.84054E-3 8.39787E-3 4.49461E-3 9.09594E-3 9.92266E-3 1.43854E-3 7.54248E-3 4.32555E-3 1.25307E-2 1.99118E-2
1E0 1E0 1E0 1E0 1E0 1E0 1E0 1E0 1E0 1E0 1E0 1E0 1E0 1E0 1E0 9.99994E-1 9.99978E-1 9.99994E-1 9.99999E-1 9.99932E-1 9.99942E-1 1E0 9.99991E-1 9.6079E-1 9.75331E-1 9.90618E-1 9.95812E-1 9.99996E-1 9.99949E-1 9.99967E-1 9.99774E-1 9.99997E-1 9.99986E-1 9.99893E-1 9.84364E-1 5.07013E-1 2.11961E-1 6.91376E-2 5.646E-2 6.03686E-2 3.25619E-2 2.95921E-2 2.74801E-2 2.38512E-2 3.41147E-3 1.31205E-3 1.72826E-3 8.16362E-3 2.00565E-2 5.42998E-2 8.23889E-3 2.49673E-2 2.60608E-2 1.13679E-2 2.96107E-2 7.25069E-2 9.59789E-2 5.99562E-2 3.17899E-2 3.06918E-2 6.18217E-3 2.03039E-3 6.89771E-3 2.15762E-2 1.82641E-2 6.41652E-3 3.96607E-3 1.85995E-3 1.72868E-3 3.03122E-3 7.45246E-3
1E0 1E0 1E0 1E0 1E0 1E0 1E0 1E0 1E0 1E0 1E0 1E0 1E0 9.99999E-1 1E0 9.99999E-1 9.98936E-1 9.99996E-1 1E0 9.99998E-1 9.99961E-1 1E0 9.99948E-1 9.80472E-1 8.45376E-1 9.91615E-1 9.95057E-1 9.99366E-1 9.99346E-1 9.99985E-1 9.99658E-1 9.7794E-1 8.78776E-1 8.96118E-1 5.05978E-1 1.4725E-1 7.14203E-2 2.06871E-2 1.40374E-2 4.90807E-2 1.61325E-2 6.68697E-3 4.69558E-3 8.53029E-3 1.32661E-3 4.41518E-3 1.23079E-2 1.53408E-2 3.52214E-2 6.55098E-2 4.37373E-2 1.0235E-2 2.73793E-2 1.68428E-2 1.19674E-1 1.11518E-1 4.70098E-2 1.4982E-2 5.71346E-3 3.19758E-3 3.02058E-3 4.26581E-4 8.40596E-3 1.21472E-2 1.19286E-2 7.67523E-3 6.12172E-3 2.27622E-3 4.9328E-3 4.27901E-3 7.09361E-3
1E0 1E0 1E0 1E0 1E0 1E0 1E0 1E0 1E0 1E0 1E0 1E0 1E0 9.99995E-1 9.99999E-1 9.99993E-1 1E0 9.99999E-1 1E0 1E0 9.99999E-1 9.99999E-1 1E0 9.49169E-1 8.474E-1 9.88556E-1 9.99861E-1 9.99397E-1 9.99985E-1 9.99992E-1 9.99504E-1 9.62812E-1 7.36086E-1 3.87831E-1 1.06393E-1 8.53683E-2 4.27305E-2 1.24852E-2 1.02385E-2 2.34464E-2 8.88196E-3 8.27372E-3 4.4508E-3 3.09695E-3 3.85597E-3 4.52751E-3 1.38182E-2 3.25151E-2 1.10976E-2 8.41359E-2 5.05301E-2 1.34095E-2 5.62804E-2 4.92085E-2 5.40572E-2 6.19658E-2 4.87905E-2 9.20124E-2 9.78102E-3 1.13496E-2 1.06546E-2 1.25416E-2 1.02203E-2 8.06205E-3 4.08331E-3 3.05138E-3 1.40219E-3 2.58272E-3 6.82965E-3 3.82563E-3 -9999
1E0 1E0 1E0 1E0 1E0 1E0 1E0 1E0 1E0 1E0 1E0 1E0 1E0 1E0 1E0 1E0 1E0 1E0 9.9968E-1 9.99945E-1 9.99906E-1 9.99949E-1 9.99947E-1 9.82701E-1 9.82467E-1 9.99956E-1 1E0 1E0 9.99993E-1 9.99996E-1 9.99958E-1 9.59517E-1 9.91429E-1 8.60272E-1 8.84189E-1 2.36517E-1 5.18807E-2 9.18857E-3 9.37449E-3 1.29955E-2 1.74541E-2 1.45955E-2 2.3542E-2 2.17104E-2 1.07233E-2 1.07918E-2 2.24889E-2 5.63182E-2 2.21284E-2 1.09931E-1 1.20065E-2 6.46404E-2 1.53435E-1 5.24198E-2 1.61769E-3 2.27744E-2 2.00157E-2 6.42335E-3 6.56744E-3 4.20635E-3 2.09303E-2 3.45957E-2 2.24193E-3 5.2075E-3 2.46839E-3 8.03822E-4 1.23413E-3 2.62096E-3 7.09779E-3 -9999 -9999
1E0 1E0 1E0 1E0 1E0 9.99998E-1 1E0 9.99888E-1 1E0 9.99988E-1 1E0 1E0 1E0 1E0 1E0 9.99999E-1 9.99988E-1 1E0 1E0 1E0 1E0 1E0 9.99984E-1 9.9973E-1 9.99999E-1 9.99995E-1 1E0 1E0 9.99624E-1 9.9994E-1 9.99486E-1 9.99711E-1 9.99499E-1 9.411E-1 8.85812E-1 8.94356E-2 2.40338E-2 2.04674E-2 1.46209E-2 3.08759E-2 4.14136E-2 4.23784E-2 2.17113E-2 7.72398E-2 7.15959E-2 1.84095E-2 3.78919E-2 4.47805E-2 1.01437E-1 6.51269E-2 4.34146E-1 2.23986E-1 1.3244E-1 3.39996E-2 7.09274E-3 1.64954E-3 2.12018E-3 1.81243E-3 1.64345E-3 1.8772E-3 2.09335E-3 1.32746E-3 5.80754E-3 5.63612E-3 7.10069E-4 3.12616E-4 7.64433E-4 1.2877E-3 -9999 -9999 -9999
1E0 1E0 1E0 1E0 1E0 9.99998E-1 1E0 1E0 1E0 1E0 1E0 1E0 1E0 1E0 9.99998E-1 9.99847E-1 9.99418E-1 9.99721E-1 9.99194E-1 9.99885E-1 9.9998E-1 9.99988E-1 9.99961E-1 9.99967E-1 9.99849E-1 9.99988E-1 1E0 9.99999E-1 9.99997E-1 9.99757E-1 9.91528E-1 9.99923E-1 9.95765E-1 7.99662E-1 3.6147E-1 7.91165E-2 2.07479E-2 1.8366E-2 1.66594E-2 1.21286E-1 2.20497E-1 7.79007E-2 5.30304E-2 1.17186E-1 1.00042E-1 1.04804E-1 4.21788E-2 5.98376E-2 4.90092E-2 3.94247E-1 2.8554E-1 7.22E-2 7.42687E-2 4.12415E-2 3.61934E-3 6.87837E-3 5.48493E-4 4.66805E-4 4.4625E-3 4.14346E-4 8.34795E-4 5.45491E-3 2.43305E-3 1.37573E-3 9.70297E-4 3.93877E-4 4.52052E-4 -9999 -9999 -9999 -9999
9.99996E-1 9.99999E-1 1E0 1E0 1E0 9.99608E-1 1E0 1E0 1E0 1E0 1E0 9.99999E-1 1E0 1E0 1E0 1E0 1E0 1E0 9.99997E-1 9.99266E-1 9.92492E-1 9.99267E-1 9.99978E-1 9.99966E-1 9.99987E-1 9.99825E-1 1E0 1E0 1E0 1E0 9.99874E-1 9.99968E-1 9.99764E-1 9.35951E-1 7.60228E-1 2.23341E-1 4.97225E-2 1.51632E-2 1.9322E-2 2.30186E-1 3.7569E-1 5.80634E-2 4.76293E-2 5.72263E-2 1.47877E-1 5.82426E-2 2.60258E-2 7.69674E-2 2.93338E-1 3.17733E-1 1.98713E-1 1.10811E-2 8.85366E-3 7.74193E-3 6.32398E-2 2.18066E-2 3.19132E-3 2.90052E-4 1.31004E-4 4.95103E-4 1.01116E-3 8.74453E-4 7.77675E-4 1.12273E-3 3.49912E-4 -9999 -9999 -9999 -9999 -9999 -9999
9.99997E-1 9.99997E-1 9.99998E-1 9.99999E-1 9.99952E-1 9.99736E-1 1E0 1E0 1E0 1E0 1E0 1E0 1E0 1E0 1E0 1E0 1E0 1E0 1E0 9.98864E-1 9.79312E-1 9.78906E-1 9.95941E-1 9.99973E-1 9.99917E-1 9.9985E-1 9.99998E-1 9.99997E-1 1E0 9.99987E-1 9.99004E-1 9.97685E-1 9.35013E-1 5.93548E-1 5.15235E-1 1.34721E-1 3.78543E-2 5.16657E-2 4.50597E-2 5.22044E-1 4.86655E-1 8.22776E-2 5.45408E-2 3.78969E-2 4.66504E-2 5.72164E-2 2.39322E-1 2.48623E-2 4.12476E-1 2.02411E-1 1.79979E-2 1.40644E-2 6.1688E-3 1.45287E-2 1.19647E-2 1.61314E-3 1.60039E-3 1.69652E-4 8.3292E-5 2.38689E-4 1.47897E-3 6.64727E-4 4.93866E-4 4.4184E-4 -9999 -9999 -9999 -9999 -9999 -9999 -9999
9.99999E-1 9.99984E-1 9.99994E-1 1E0 1E0 1E0 1E0 9.99985E-1 9.99999E-1 9.99998E-1 1E0 9.99996E-1 1E0 1E0 1E0 1E0 1E0 1E0 1E0 9.99993E-1 9.99214E-1 9.99933E-1 9.98033E-1 9.99977E-1 9.99984E-1 9.99996E-1 9.99996E-1 9.99988E-1 9.9806E-1 9.99928E-1 9.78074E-1 9.89538E-1 9.17586E-1 2.83829E-1 2.46094E-1 8.97985E-2 9.87455E-2 3.54305E-1 4.27322E-1 8.90527E-1 4.14018E-1 1.34168E-1 7.89033E-2 9.35206E-2 4.00367E-2 1.00334E-1 6.65217E-2 2.42252E-1 3.65519E-1 2.88196E-1 1.9125E-2 1.68115E-2 3.53783E-2 1.4084E-2 2.22033E-3 8.51655E-5 3.88694E-5 3.12166E-5 1.72614E-4 7.03035E-4 1.06684E-3 1.46363E-3 5.87088E-4 -9999 -9999 -9999 -9999 -9999 -9999 -9999 -9999
1E0 9.99862E-1 9.99874E-1 9.99954E-1 9.99954E-1 9.99764E-1 1E0 9.99804E-1 9.99995E-1 9.99994E-1 9.99999E-1 9.99916E-1 9.99711E-1 9.99999E-1 1E0 1E0 1E0 9.99996E-1 9.99999E-1 9.99996E-1 9.98785E-1 9.98835E-1 9.99998E-1 9.99343E-1 9.99918E-1 9.99999E-1 9.99991E-1 9.99947E-1 9.85309E-1 9.83091E-1 8.08991E-1 7.62997E-1 8.72329E-1 8.00474E-1 4.89292E-1 2.12631E-1 1.17953E-1 3.9322E-1 6.72098E-1 6.15127E-1 6.40082E-2 7.01044E-2 1.79242E-2 3.07755E-2 1.70757E-1 1.63978E-1 1.09031E-1 6.86504E-2 4.50176E-2 3.68839E-2 4.29005E-2 8.80869E-2 8.82111E-2 2.81957E-2 7.58381E-4 3.90459E-4 7.66402E-5 2.36801E-4 6.67893E-4 2.11372E-3 1.25507E-3 1.73866E-3 -9999 -9999 -9999 -9999 -9999 -9999 -9999 -9999 -9999
1E0 1E0 1E0 9.99966E-1 9.98711E-1 9.99999E-1 9.99997E-1 9.99997E-1 9.99785E-1 9.99791E-1 1E0 9.99931E-1 9.99985E-1 9.99385E-1 9.99905E-1 9.99862E-1 9.93458E-1 9.99994E-1 9.99996E-1 9.80675E-1 9.98419E-1 9.99466E-1 9.99982E-1 9.99993E-1 9.99928E-1 9.99976E-1 9.99043E-1 9.67126E-1 6.34227E-1 2.81861E-1 3.89876E-1 7.48096E-1 9.39107E-1 9.31268E-1 6.85546E-1 4.43011E-1 1.03498E-1 1.44148E-1 5.9043E-2 2.27741E-2 1.13191E-1 1.00247E-1 1.92839E-1 3.92248E-1 3.28799E-1 1.29701E-1 1.14039E-2 7.08286E-3 2.32406E-2 2.25418E-2 3.71491E-2 4.03482E-2 1.05185E-2 2.27381E-2 6.44158E-3 3.89819E-4 2.02353E-4 1.62896E-4 9.66651E-4 2.97124E-3 1.93037E-3 -9999 -9999 -9999 -9999 -9999 -9999 -9999 -9999 -9999 -9999
1E0 1E0 1E0 1E0 9.98196E-1 9.9921E-1 9.99334E-1 9.99957E-1 1E0 1E0 9.99999E-1 9.99807E-1 1E0 9.99978E-1 9.99991E-1 9.99482E-1 9.99885E-1 9.99929E-1 9.9996E-1 9.99998E-1 9.99982E-1 9.96194E-1 9.9989E-1 1E0 1E0 9.99997E-1 9.99905E-1 9.93461E-1 6.55413E-1 2.16239E-1 4.96666E-1 9.30283E-1 9.9908E-1 9.95066E-1 8.50939E-1 1.60551E-1 3.46004E-1 2.10021E-1 7.00385E-2 3.20575E-1 3.098E-1 3.60042E-1 2.25572E-1 1.53493E-2 1.10345E-2 1.16882E-1 7.22428E-2 4.23368E-2 2.19398E-2 7.36778E-2 5.58564E-2 1.57972E-2 5.41745E-3 5.66984E-3 2.30227E-3 3.23317E-4 5.60501E-4 3.00089E-4 9.10871E-4 3.98396E-3 -9999 -9999 -9999 -9999 -9999 -9999 -9999 -9999 -9999 -9999 -9999
