ENM/Final_Models/M_1_F_lqp_Set_1_E/Gustavia_santanderiensis_1_Choco.asc
ncols         367
nrows         963
xllcorner     -78.6
yllcorner     0.65
cellsize      0.00833333333333323
NODATA_value  -9999
[rows 558 to 588 of 963, columns 207 to 275 of 367]
9.93946E-1 9.95371E-1 9.95892E-1 9.99391E-1 9.86993E-1 9.99811E-1 9.99992E-1 9.99959E-1 9.96931E-1 9.95353E-1 9.99789E-1 9.84181E-1 9.996E-1 9.99146E-1 9.92824E-1 9.74423E-1 9.62877E-1 9.99535E-1 9.98479E-1 9.87324E-1 9.20158E-1 7.50877E-1 2.37398E-1 4.81684E-1 3.18448E-1 3.05119E-1 4.92988E-2 1.99074E-2 2.15825E-3 4.18069E-4 2.13836E-3 5.02699E-3 6.30676E-3 3.24499E-3 3.63532E-3 4.68383E-4 5.0601E-5 4.99521E-5 1.81108E-5 6.13613E-6 2.08779E-6 2.64447E-5 5.37071E-6 3.46647E-4 3.31495E-4 1.07456E-3 1.04831E-3 6.7829E-4 1.09506E-3 2.16856E-3 -9999 -9999 -9999 -9999 -9999 -9999 -9999 -9999 -9999 -9999 -9999 -9999 -9999 -9999 -9999 -9999 -9999 -9999 -9999
9.91474E-1 9.90265E-1 9.96504E-1 9.98953E-1 9.94158E-1 9.98941E-1 9.98326E-1 9.99866E-1 9.99924E-1 9.99794E-1 9.95639E-1 9.99933E-1 9.99847E-1 9.99247E-1 9.94577E-1 9.98187E-1 9.99906E-1 9.99966E-1 9.97295E-1 9.32401E-1 9.69226E-1 5.79952E-1 6.17687E-2 7.63234E-2 1.29736E-1 1.26135E-1 5.70156E-2 4.29258E-2 4.65458E-3 4.60663E-4 5.38837E-5 5.04435E-4 1.09682E-3 4.44277E-4 5.0459E-4 3.2332E-4 2.09137E-5 2.89205E-6 1.67694E-6 2.32947E-6 2.2371E-6 1.90099E-5 3.17976E-6 1.95624E-4 5.31857E-4 1.4604E-3 7.23141E-4 1.63011E-3 2.14519E-3 5.99492E-3 -9999 -9999 -9999 -9999 -9999 -9999 -9999 -9999 -9999 -9999 -9999 -9999 -9999 -9999 -9999 -9999 -9999 -9999 -9999
9.90696E-1 9.91553E-1 9.96602E-1 9.91729E-1 9.76511E-1 9.51383E-1 9.87432E-1 9.87226E-1 9.93423E-1 9.98685E-1 9.95133E-1 9.95025E-1 9.96455E-1 9.86524E-1 9.79814E-1 9.99268E-1 9.91211E-1 9.93122E-1 9.82344E-1 9.85076E-1 9.07375E-1 6.65636E-1 1.28361E-1 7.92924E-2 2.76855E-2 1.86599E-2 1.44197E-2 1.19019E-2 7.29928E-3 6.88621E-3 2.59869E-3 6.50891E-5 1.24093E-4 3.12639E-5 1.27019E-4 1.98474E-4 1.16113E-4 1.05937E-5 5.46356E-6 5.11145E-6 1.55511E-5 2.33313E-5 1.19552E-4 2.07461E-4 5.09258E-4 1.2342E-3 1.83943E-3 3.24418E-3 2.35653E-3 1.94299E-3 -9999 -9999 -9999 -9999 -9999 -9999 -9999 -9999 -9999 -9999 -9999 -9999 -9999 -9999 -9999 -9999 -9999 -9999 -9999
9.99106E-1 9.98779E-1 9.94739E-1 8.35511E-1 6.01909E-1 8.7824E-1 9.99993E-1 9.99805E-1 9.96374E-1 9.9646E-1 9.98354E-1 9.99856E-1 9.89702E-1 8.78919E-1 9.17644E-1 9.61314E-1 9.82773E-1 9.87857E-1 9.88191E-1 9.8055E-1 9.67276E-1 9.41823E-1 5.72849E-1 2.33514E-1 1.0632E-1 2.69332E-2 7.82979E-3 2.36244E-3 3.19992E-3 1.62878E-2 4.60802E-3 3.35678E-3 2.32395E-4 6.19251E-5 3.04971E-5 1.2453E-4 9.42328E-5 5.2769E-5 4.76767E-5 6.4627E-5 1.19363E-4 4.35576E-4 6.57382E-5 2.60952E-4 1.26546E-3 1.21609E-3 1.38667E-3 2.18942E-3 8.60581E-3 1.7486E-3 -9999 -9999 -9999 -9999 -9999 -9999 -9999 -9999 -9999 -9999 -9999 -9999 -9999 -9999 -9999 -9999 -9999 -9999 -9999
9.89592E-1 9.81939E-1 9.9928E-1 9.99247E-1 9.06578E-1 8.22436E-1 9.97008E-1 9.82723E-1 9.79232E-1 9.73469E-1 9.99993E-1 9.99986E-1 9.75726E-1 9.81396E-1 9.59618E-1 9.37658E-1 9.95697E-1 9.85744E-1 9.67002E-1 8.20668E-1 7.81774E-1 7.06777E-1 7.31233E-1 5.04037E-1 3.341E-1 4.53957E-2 1.37128E-2 4.99464E-2 1.28116E-2 5.79584E-3 1.80303E-2 1.90975E-2 7.71871E-3 1.85083E-4 7.98479E-6 2.90047E-5 1.1214E-4 3.70652E-5 3.42427E-5 2.26938E-4 1.10346E-4 3.0902E-4 3.48249E-5 1.76169E-4 4.74982E-4 2.02549E-4 5.18225E-4 1.17969E-3 5.61365E-3 1.14722E-3 2.50817E-3 -9999 -9999 -9999 -9999 -9999 -9999 -9999 -9999 -9999 -9999 -9999 -9999 -9999 -9999 -9999 -9999 -9999 -9999
9.95843E-1 9.94995E-1 9.98144E-1 9.9012E-1 9.90686E-1 9.96214E-1 9.99387E-1 9.99587E-1 9.99804E-1 9.92154E-1 9.98414E-1 9.99934E-1 9.99471E-1 9.94816E-1 9.99288E-1 9.94325E-1 9.32679E-1 9.66519E-1 9.63748E-1 5.29169E-1 3.50256E-1 2.2863E-1 2.874E-1 2.77712E-1 1.62121E-1 2.70397E-2 8.55814E-2 5.76789E-2 1.89035E-1 3.1663E-3 6.39037E-3 2.03502E-3 3.54797E-4 8.57648E-5 1.20233E-5 1.01567E-5 1.43873E-4 3.23779E-4 2.33436E-4 4.6816E-4 8.19822E-4 1.29867E-4 3.71024E-5 1.78466E-4 2.00895E-4 4.05758E-4 2.45607E-3 2.074E-3 5.41132E-3 4.57284E-4 3.51459E-3 -9999 -9999 -9999 -9999 -9999 -9999 -9999 -9999 -9999 -9999 -9999 -9999 -9999 -9999 -9999 -9999 -9999 -9999
9.98637E-1 9.96824E-1 9.95042E-1 9.91284E-1 9.96974E-1 9.80277E-1 9.95722E-1 9.92813E-1 9.99215E-1 9.81742E-1 9.92029E-1 9.96279E-1 9.97261E-1 9.82698E-1 9.99369E-1 9.98585E-1 9.52056E-1 9.00885E-1 8.86656E-1 9.18381E-1 7.64228E-1 1.28425E-1 6.74132E-2 8.63424E-2 7.22014E-2 4.84062E-2 2.48701E-1 6.13172E-2 4.49833E-2 5.57834E-4 7.70176E-4 2.64866E-4 2.38623E-5 9.29063E-6 7.78896E-6 3.76203E-5 2.13561E-4 2.74841E-4 1.20914E-3 4.26776E-3 6.43887E-4 4.41193E-4 1.9133E-4 2.978E-4 7.35088E-4 1.19649E-3 1.83073E-3 3.313E-3 8.6756E-3 1.15595E-3 8.12222E-3 -9999 -9999 -9999 -9999 -9999 -9999 -9999 -9999 -9999 -9999 -9999 -9999 -9999 -9999 -9999 -9999 -9999 -9999
9.97405E-1 9.97164E-1 9.97378E-1 9.88619E-1 9.90818E-1 9.90762E-1 9.9477E-1 9.99479E-1 9.98785E-1 8.91797E-1 8.6514E-1 8.78597E-1 9.0084E-1 9.16967E-1 9.75382E-1 9.88754E-1 9.6649E-1 9.68696E-1 9.40824E-1 9.41618E-1 8.05555E-1 1.92449E-1 1.17134E-1 1.07038E-1 2.09109E-1 1.6921E-1 2.7679E-1 5.94189E-2 1.07095E-2 6.27285E-4 6.02259E-4 8.10142E-5 1.19336E-5 2.48529E-5 1.07711E-4 2.02163E-4 3.37779E-4 4.51977E-4 7.77708E-4 1.40237E-3 8.47705E-4 1.34006E-4 2.23158E-5 5.691E-4 1.07125E-3 1.37575E-3 2.20526E-3 1.6063E-2 1.39235E-3 5.05626E-3 6.2883E-3 -9999 -9999 -9999 -9999 -9999 -9999 -9999 -9999 -9999 -9999 -9999 -9999 -9999 -9999 -9999 -9999 -9999 -9999
9.95556E-1 9.99647E-1 9.99609E-1 9.94262E-1 9.89909E-1 9.93425E-1 9.623E-1 9.51994E-1 9.51742E-1 8.35723E-1 8.50968E-1 8.70098E-1 8.4857E-1 8.71738E-1 8.88804E-1 9.87905E-1 9.90537E-1 9.8929E-1 8.52341E-1 9.09181E-1 8.72672E-1 7.58686E-1 2.58817E-1 2.47879E-1 7.32936E-1 2.856E-2 4.59256E-2 2.52258E-2 5.02018E-3 2.98193E-3 9.54962E-4 7.49263E-4 1.28071E-4 2.11584E-4 3.62536E-4 1.10848E-3 4.86021E-4 1.87367E-3 2.41985E-3 3.79736E-3 1.35337E-3 1.15209E-4 4.49807E-4 1.13397E-3 1.63918E-3 1.50841E-3 1.55158E-2 4.10689E-3 4.28935E-3 1.38991E-2 1.32621E-2 -9999 -9999 -9999 -9999 -9999 -9999 -9999 -9999 -9999 -9999 -9999 -9999 -9999 -9999 -9999 -9999 -9999 -9999
9.92402E-1 9.96451E-1 9.97689E-1 9.98603E-1 9.9548E-1 9.36864E-1 9.93872E-1 9.5424E-1 9.98376E-1 9.9937E-1 9.40651E-1 9.62791E-1 9.55941E-1 9.64545E-1 9.77167E-1 9.78925E-1 9.86535E-1 8.81137E-1 8.98744E-1 8.96717E-1 8.76475E-1 8.07588E-1 7.19153E-1 4.65261E-1 6.99171E-1 2.28707E-1 4.85518E-2 4.15018E-2 4.10612E-3 4.15287E-3 2.40446E-3 5.68686E-4 2.89849E-4 1.50526E-3 5.19223E-3 3.26016E-3 3.63778E-3 7.62199E-3 6.22499E-3 4.21344E-3 8.73936E-4 3.50304E-4 8.44884E-4 1.15573E-3 5.25397E-3 2.25082E-2 6.00004E-3 1.00838E-3 1.15294E-2 1.78508E-2 3.33643E-2 -9999 -9999 -9999 -9999 -9999 -9999 -9999 -9999 -9999 -9999 -9999 -9999 -9999 -9999 -9999 -9999 -9999 -9999
9.98634E-1 9.99014E-1 9.98281E-1 9.99707E-1 9.97958E-1 9.87607E-1 9.91801E-1 9.66017E-1 9.99377E-1 9.99893E-1 9.24342E-1 8.48932E-1 9.09423E-1 9.6091E-1 9.89866E-1 9.7834E-1 9.53177E-1 9.25037E-1 7.56378E-1 8.60659E-1 7.63989E-1 8.15886E-1 9.1092E-1 4.81276E-2 3.68931E-1 2.35497E-1 6.63757E-2 1.74502E-2 7.01903E-3 8.94362E-3 3.67895E-3 1.1056E-3 3.5228E-3 7.32128E-3 1.06017E-2 4.0891E-3 8.66512E-3 2.63755E-2 4.08284E-3 1.54133E-3 2.00708E-4 4.21133E-4 9.18603E-4 1.48338E-3 2.55881E-3 1.9843E-3 1.1655E-3 9.7863E-3 1.69399E-2 4.61389E-2 4.81968E-2 -9999 -9999 -9999 -9999 -9999 -9999 -9999 -9999 -9999 -9999 -9999 -9999 -9999 -9999 -9999 -9999 -9999 -9999
9.9865E-1 9.99975E-1 9.99101E-1 9.99635E-1 9.99827E-1 9.95949E-1 9.89778E-1 8.85707E-1 8.31811E-1 9.99209E-1 9.86759E-1 9.94526E-1 9.86773E-1 9.78262E-1 9.54529E-1 9.50511E-1 9.27695E-1 8.35414E-1 8.59632E-1 8.94177E-1 6.71248E-1 3.44115E-1 6.51821E-1 2.0038E-1 1.33977E-1 6.52726E-1 6.83268E-2 1.74736E-2 6.14492E-3 1.08793E-2 1.64974E-2 7.23741E-3 1.26143E-2 3.17203E-2 1.54844E-2 1.34749E-2 2.20574E-2 8.1628E-3 1.31067E-3 4.02296E-4 4.29097E-5 8.48777E-4 1.64891E-3 5.36815E-3 1.27063E-3 4.81657E-3 1.54858E-2 3.65589E-2 4.67432E-2 7.12215E-2 -9999 -9999 -9999 -9999 -9999 -9999 -9999 -9999 -9999 -9999 -9999 -9999 -9999 -9999 -9999 -9999 -9999 -9999 -9999
9.97378E-1 9.99411E-1 9.99745E-1 9.9893E-1 9.99169E-1 9.71556E-1 9.91812E-1 9.0389E-1 9.36446E-1 9.86117E-1 9.70254E-1 9.90511E-1 9.85536E-1 9.82774E-1 8.61595E-1 9.28784E-1 9.16395E-1 7.5813E-1 6.48481E-1 7.45507E-1 5.84145E-1 1.94429E-1 1.36236E-1 1.08123E-1 2.42068E-2 2.19935E-1 6.54682E-2 6.45014E-2 6.57976E-3 1.39409E-2 3.61894E-2 2.11497E-2 1.88754E-2 2.66557E-2 2.35277E-2 4.44217E-2 1.60185E-2 6.72497E-3 6.74628E-4 3.33214E-4 2.81718E-4 2.85905E-3 4.69252E-3 1.65689E-3 1.61599E-3 2.12451E-2 4.15741E-2 5.93856E-2 2.48471E-2 1.00573E-2 -9999 -9999 -9999 -9999 -9999 -9999 -9999 -9999 -9999 -9999 -9999 -9999 -9999 -9999 -9999 -9999 -9999 -9999 -9999
9.97174E-1 9.99103E-1 9.98881E-1 9.97394E-1 9.87866E-1 9.81714E-1 9.71866E-1 9.18676E-1 9.20402E-1 9.84776E-1 9.98617E-1 9.93836E-1 9.85564E-1 9.81895E-1 9.09908E-1 8.4155E-1 7.06006E-1 4.0337E-1 4.53331E-1 2.75978E-1 2.11392E-1 1.23025E-1 6.50559E-2 1.19937E-1 5.4566E-2 5.24394E-2 7.67431E-2 7.38076E-2 6.00761E-2 3.14649E-2 4.59117E-2 1.91559E-2 1.43082E-2 1.69188E-2 1.38642E-2 4.98952E-3 5.21044E-3 8.55418E-4 6.74738E-4 1.08113E-3 1.27951E-3 4.70896E-3 2.77911E-3 9.1874E-4 1.31636E-2 2.47125E-2 1.0624E-2 9.91505E-3 1.04114E-2 -9999 -9999 -9999 -9999 -9999 -9999 -9999 -9999 -9999 -9999 -9999 -9999 -9999 -9999 -9999 -9999 -9999 -9999 -9999 -9999
9.9924E-1 9.98668E-1 9.95553E-1 9.95781E-1 9.76626E-1 9.82432E-1 9.90852E-1 9.42433E-1 9.12767E-1 7.79276E-1 9.26249E-1 9.94852E-1 9.67652E-1 8.81445E-1 6.99809E-1 5.45766E-1 1.05538E-1 1.42088E-1 1.61298E-1 9.6248E-2 7.552E-2 9.39426E-2 9.05886E-2 1.70063E-2 1.39148E-2 1.88325E-2 1.61347E-1 4.06487E-1 4.20875E-1 6.74796E-2 9.08178E-2 4.35932E-2 3.32142E-2 2.78536E-2 7.27063E-3 4.79241E-3 1.429E-3 1.199E-3 3.03949E-4 7.26054E-4 3.12071E-3 2.29416E-3 4.04112E-3 1.7755E-2 5.00817E-3 1.76498E-2 1.77634E-2 1.37639E-2 -9999 -9999 -9999 -9999 -9999 -9999 -9999 -9999 -9999 -9999 -9999 -9999 -9999 -9999 -9999 -9999 -9999 -9999 -9999 -9999 -9999
9.87512E-1 9.9896E-1 9.99287E-1 9.93113E-1 9.7954E-1 9.73882E-1 9.80659E-1 9.78606E-1 8.48065E-1 7.2241E-1 9.28189E-1 9.68775E-1 9.20337E-1 5.93782E-1 3.75393E-1 1.9502E-1 6.7319E-2 5.37885E-2 9.93629E-2 1.62281E-1 1.37336E-1 1.01306E-1 4.66709E-2 1.15345E-2 1.22144E-2 1.62846E-2 1.74198E-1 4.57111E-1 4.77862E-2 1.02194E-1 2.97413E-2 2.39827E-2 4.97612E-2 1.08711E-2 6.82948E-3 3.2539E-3 3.92657E-3 1.46074E-3 7.09827E-4 2.37124E-3 1.91547E-3 2.23293E-2 5.87496E-3 1.55673E-2 1.06117E-2 1.40735E-2 1.28776E-2 1.60445E-2 2.48177E-2 -9999 -9999 -9999 -9999 -9999 -9999 -9999 -9999 -9999 -9999 -9999 -9999 -9999 -9999 -9999 -9999 -9999 -9999 -9999 -9999
9.93123E-1 9.9895E-1 9.95468E-1 9.91693E-1 9.8981E-1 9.78091E-1 9.93936E-1 9.52916E-1 8.29457E-1 4.18839E-1 3.80966E-1 4.64658E-1 4.74559E-1 3.02481E-1 1.11263E-1 7.88151E-2 4.76607E-2 3.38678E-2 2.94154E-2 8.1197E-2 3.20552E-1 1.57957E-1 3.38412E-2 7.86814E-3 1.19431E-2 2.77608E-2 4.60993E-1 5.18787E-1 1.15808E-1 9.96273E-2 5.98546E-2 1.25198E-1 6.00972E-2 4.28423E-2 6.54214E-2 1.46235E-2 2.60631E-2 4.98894E-3 1.90829E-3 3.6344E-3 2.44047E-3 1.64221E-2 1.57314E-2 1.44696E-2 1.21779E-2 2.90156E-2 3.07198E-2 2.20866E-2 2.17236E-2 -9999 -9999 -9999 -9999 -9999 -9999 -9999 -9999 -9999 -9999 -9999 -9999 -9999 -9999 -9999 -9999 -9999 -9999 -9999 -9999
9.93748E-1 9.99428E-1 9.96418E-1 9.95891E-1 9.85585E-1 9.962E-1 9.61945E-1 8.58533E-1 7.089E-1 2.72465E-1 2.51767E-1 1.88862E-1 2.17691E-1 8.06326E-2 4.63674E-2 3.22057E-2 2.49573E-2 6.93426E-2 4.42316E-2 8.39171E-2 2.10724E-1 1.40117E-1 2.52408E-2 1.44713E-2 4.1424E-3 6.41281E-3 5.74535E-3 6.05795E-2 2.18052E-1 7.28146E-2 2.53143E-2 9.83025E-2 2.41777E-2 1.23222E-2 2.36592E-2 3.91795E-2 8.16733E-3 2.41982E-2 9.28863E-3 1.30726E-2 1.06164E-2 1.17513E-2 1.09092E-2 1.13334E-2 8.98227E-3 2.69321E-2 2.58675E-2 6.17952E-3 -9999 -9999 -9999 -9999 -9999 -9999 -9999 -9999 -9999 -9999 -9999 -9999 -9999 -9999 -9999 -9999 -9999 -9999 -9999 -9999 -9999
9.93586E-1 9.99064E-1 9.90866E-1 9.79188E-1 9.94595E-1 9.90405E-1 9.96331E-1 9.3276E-1 6.63898E-1 5.88473E-1 2.90472E-1 2.77193E-1 1.81474E-1 7.77271E-2 7.24142E-2 3.1693E-2 3.47044E-2 5.16325E-2 3.32922E-2 5.57E-2 7.40972E-2 5.71586E-2 9.97673E-3 6.14027E-3 5.47444E-3 1.24605E-2 1.32697E-2 3.41226E-2 8.3924E-2 1.38169E-2 4.41576E-3 1.08357E-2 4.91997E-3 2.26557E-3 3.7423E-3 1.81085E-3 2.17283E-3 2.15458E-2 7.95456E-3 8.66392E-3 1.10405E-2 1.15734E-2 1.02978E-2 9.50486E-3 1.32222E-2 6.57586E-3 6.37725E-3 1.18131E-2 -9999 -9999 -9999 -9999 -9999 -9999 -9999 -9999 -9999 -9999 -9999 -9999 -9999 -9999 -9999 -9999 -9999 -9999 -9999 -9999 -9999
9.70819E-1 9.83433E-1 9.88993E-1 9.78353E-1 9.91492E-1 9.82251E-1 9.9152E-1 9.98356E-1 9.99323E-1 9.09625E-1 2.98691E-1 1.67675E-1 1.80919E-1 2.72349E-2 4.49359E-2 2.02583E-2 1.01457E-1 2.47658E-2 4.63931E-2 3.27921E-2 3.30358E-2 6.67238E-3 2.95508E-3 2.39504E-3 6.95563E-3 1.03474E-2 2.85535E-2 2.66534E-2 1.6222E-2 4.4913E-3 1.87991E-3 1.03745E-3 1.424E-3 1.35028E-3 3.12608E-3 1.97207E-3 3.61804E-3 7.74781E-3 1.38306E-2 9.13009E-3 8.1163E-3 1.1972E-2 1.90406E-2 1.22196E-2 8.24837E-3 3.30994E-2 1.10625E-2 9.85501E-3 -9999 -9999 -9999 -9999 -9999 -9999 -9999 -9999 -9999 -9999 -9999 -9999 -9999 -9999 -9999 -9999 -9999 -9999 -9999 -9999 -9999
9.61351E-1 9.84886E-1 9.40817E-1 9.59469E-1 8.59366E-1 9.64689E-1 9.43356E-1 9.2494E-1 9.71748E-1 9.67495E-1 9.3903E-1 5.09121E-1 1.09271E-1 1.48619E-1 2.13949E-1 3.76487E-2 1.10294E-2 6.99927E-3 2.41851E-2 2.65217E-2 5.83837E-3 3.70476E-3 4.5059E-3 2.84986E-3 7.45442E-3 2.34535E-3 1.41103E-3 1.28996E-3 2.16177E-3 8.28708E-4 5.49451E-4 6.90929E-4 5.34609E-3 5.60838E-3 5.15435E-3 2.34868E-2 1.56087E-2 2.34108E-3 1.9441E-3 2.36356E-3 2.44711E-3 2.33662E-3 1.16103E-2 1.22827E-2 1.69329E-2 6.32E-2 3.13441E-2 2.82538E-2 1.06601E-2 -9999 -9999 -9999 -9999 -9999 -9999 -9999 -9999 -9999 -9999 -9999 -9999 -9999 -9999 -9999 -9999 -9999 -9999 -9999 -9999
9.87216E-1 9.29297E-1 9.84069E-1 8.82372E-1 8.40826E-1 8.3419E-1 7.38079E-1 7.23786E-1 9.86059E-1 9.99473E-1 9.60489E-1 6.8962E-1 3.93081E-1 2.32446E-1 1.72735E-1 9.26848E-2 1.19539E-2 4.80959E-3 5.45712E-3 2.1522E-3 5.12842E-3 1.11198E-2 1.47232E-2 1.90015E-2 7.26658E-3 2.21849E-3 6.54052E-4 9.63179E-4 1.21155E-3 1.52516E-3 2.61464E-3 8.23723E-3 4.9322E-3 2.64965E-3 5.70533E-3 4.79229E-3 4.56367E-3 2.61642E-3 4.10943E-3 8.20768E-3 9.7361E-3 6.92743E-3 2.56767E-2 3.77373E-2 2.44704E-2 3.09774E-2 2.58874E-2 2.944E-2 1.10215E-2 8.51068E-3 -9999 -9999 -9999 -9999 -9999 -9999 -9999 -9999 -9999 -9999 -9999 -9999 -9999 -9999 -9999 -9999 -9999 -9999 -9999
9.99396E-1 9.02189E-1 9.1468E-1 9.08551E-1 5.78383E-1 4.23333E-1 2.85373E-1 4.92716E-1 8.52399E-1 9.63827E-1 7.15079E-1 4.43149E-1 5.13464E-1 5.46223E-1 2.87338E-1 7.33333E-2 5.66677E-2 1.92392E-2 8.8845E-3 3.53592E-3 2.03391E-2 3.24397E-2 3.54846E-2 1.72589E-2 5.06404E-3 2.14952E-3 7.10942E-3 2.81153E-3 2.97573E-3 1.03564E-2 5.34834E-3 1.02761E-3 9.62938E-3 9.13351E-3 1.24213E-2 8.85951E-3 1.80084E-3 1.52106E-3 1.44203E-3 4.42598E-3 1.01192E-2 1.56319E-2 7.27005E-3 2.01888E-3 2.82416E-2 7.6161E-3 2.57452E-3 2.64598E-3 3.9373E-3 2.08854E-3 -9999 -9999 -9999 -9999 -9999 -9999 -9999 -9999 -9999 -9999 -9999 -9999 -9999 -9999 -9999 -9999 -9999 -9999 -9999
9.25297E-1 9.19056E-1 9.36171E-1 9.18667E-1 8.3834E-1 3.40739E-1 1.71047E-1 2.89431E-1 8.02399E-1 8.96742E-1 9.265E-1 7.55775E-2 7.12035E-1 4.47896E-1 2.63295E-1 6.5625E-2 1.19667E-1 4.90004E-2 7.75982E-3 6.52517E-3 3.77634E-2 2.24071E-2 1.87729E-2 1.278E-2 1.93696E-3 3.10478E-3 9.63736E-3 4.49812E-3 5.28007E-3 5.13999E-3 1.24823E-2 5.00425E-3 9.2071E-3 2.46838E-2 2.34327E-2 1.309E-2 5.10985E-3 6.0611E-3 3.87044E-3 3.65727E-2 4.72623E-2 1.80813E-2 7.2171E-3 2.67849E-3 3.63697E-3 3.71238E-3 5.65462E-3 5.08449E-3 6.1199E-3 4.15263E-3 4.28239E-3 -9999 -9999 -9999 -9999 -9999 -9999 -9999 -9999 -9999 -9999 -9999 -9999 -9999 -9999 -9999 -9999 -9999 -9999
8.74118E-1 8.9165E-1 7.76841E-1 7.2349E-1 8.94617E-1 5.23513E-1 2.27045E-1 1.75886E-1 6.7888E-1 7.45996E-1 9.66828E-1 1.36225E-1 1.51659E-1 4.24805E-1 4.82608E-1 2.75819E-1 1.77742E-1 6.48197E-2 2.06043E-2 4.66111E-2 4.84942E-2 2.10094E-2 1.1655E-2 4.69737E-3 9.46828E-4 2.80172E-3 9.38025E-3 4.38504E-3 8.52714E-3 4.27099E-2 3.22286E-2 1.07853E-2 3.32819E-2 1.34058E-2 1.28584E-2 3.4883E-3 3.03168E-3 4.91691E-3 9.3111E-3 7.13788E-3 9.428E-3 7.34229E-3 1.83987E-2 4.12234E-3 7.16547E-3 1.08524E-2 8.07714E-3 1.01075E-2 9.94654E-3 4.26312E-3 3.44124E-3 -9999 -9999 -9999 -9999 -9999 -9999 -9999 -9999 -9999 -9999 -9999 -9999 -9999 -9999 -9999 -9999 -9999 -9999
7.86903E-1 7.18422E-1 6.30882E-1 6.35229E-1 7.17129E-1 5.6115E-1 3.40921E-1 1.37663E-1 4.28013E-1 4.08371E-1 8.93113E-1 2.01369E-1 5.76291E-2 3.72799E-1 2.8822E-1 2.31775E-1 1.06005E-1 3.29816E-2 4.02332E-2 8.63723E-2 5.83767E-2 1.19357E-2 6.86049E-3 3.69721E-3 2.99587E-3 2.45221E-3 4.07818E-3 1.23748E-2 8.11702E-3 2.74788E-2 1.94825E-2 1.14278E-2 6.99643E-3 1.02682E-2 1.02343E-2 4.93288E-3 3.48075E-3 3.12177E-3 7.31262E-3 1.91743E-2 1.7097E-2 1.182E-2 1.74393E-2 1.71156E-2 1.88259E-2 1.18445E-2 1.43321E-2 1.26865E-2 1.46591E-2 6.22925E-3 1.05827E-2 8.86306E-3 -9999 -9999 -9999 -9999 -9999 -9999 -9999 -9999 -9999 -9999 -9999 -9999 -9999 -9999 -9999 -9999 -9999
4.25408E-1 2.26139E-1 1.04415E-1 1.21595E-1 2.63323E-1 3.17302E-1 5.35308E-1 2.51177E-1 1.97961E-1 3.23264E-1 7.89519E-1 2.89261E-1 6.01891E-2 3.70376E-2 1.80388E-1 1.69307E-1 1.98349E-1 1.36959E-2 8.92272E-3 3.58756E-2 2.22402E-2 1.08753E-2 5.96201E-3 4.29993E-3 1.00932E-2 1.17219E-2 1.96872E-2 1.70861E-2 1.80102E-2 4.83607E-2 1.53178E-2 3.43974E-3 2.06378E-2 9.9034E-3 5.04876E-3 4.51652E-3 4.19704E-3 3.98053E-3 8.05132E-3 1.52136E-2 1.04693E-2 2.0455E-2 2.58152E-3 5.22918E-3 6.047E-3 1.44286E-2 3.38859E-2 3.02855E-2 1.39159E-2 8.00482E-3 6.03808E-3 1.80796E-2 -9999 -9999 -9999 -9999 -9999 -9999 -9999 -9999 -9999 -9999 -9999 -9999 -9999 -9999 -9999 -9999 -9999
3.32855E-1 3.55851E-1 1.93331E-1 1.79389E-1 5.33379E-1 2.6367E-1 1.95112E-1 2.30004E-1 1.79225E-1 3.96098E-1 7.3607E-1 7.02918E-1 9.52237E-2 1.14755E-1 1.42662E-2 4.30382E-2 2.14212E-2 9.77738E-3 4.75245E-3 1.43429E-2 6.69993E-3 3.06634E-3 3.49507E-3 2.27314E-2 1.50828E-2 3.14493E-3 1.43214E-2 3.33072E-2 5.76609E-2 4.38689E-2 3.75322E-2 8.8832E-3 2.36751E-2 1.23526E-2 1.35786E-2 9.05212E-3 2.74973E-3 1.52401E-2 2.53916E-2 2.77672E-2 3.00555E-2 9.62842E-3 2.41081E-3 4.74508E-3 2.81504E-3 1.98139E-2 1.74299E-2 1.86983E-2 1.0401E-2 1.47483E-2 8.74122E-3 -9999 -9999 -9999 -9999 -9999 -9999 -9999 -9999 -9999 -9999 -9999 -9999 -9999 -9999 -9999 -9999 -9999 -9999
5.56116E-1 4.5488E-1 3.21666E-1 2.67402E-1 2.71636E-1 2.80601E-1 1.68768E-1 1.48322E-1 1.67565E-1 4.83145E-1 7.25288E-1 3.44282E-1 7.03541E-2 1.52123E-1 2.48794E-1 2.43813E-2 5.99857E-2 1.35674E-2 1.39951E-2 1.8521E-2 6.38036E-3 2.86485E-2 8.18893E-3 2.94183E-2 3.15959E-2 9.17347E-3 2.26761E-2 3.69035E-2 3.77716E-2 2.06266E-2 1.09073E-2 1.59969E-2 2.54669E-2 8.6757E-3 3.5447E-3 1.30682E-2 9.44363E-3 1.61419E-2 3.01535E-2 1.65338E-2 4.2152E-2 1.68856E-2 1.89848E-2 1.0769E-2 4.1362E-3 8.69136E-3 3.16322E-2 9.78735E-3 2.63512E-2 2.19646E-2 4.78797E-3 -9999 -9999 -9999 -9999 -9999 -9999 -9999 -9999 -9999 -9999 -9999 -9999 -9999 -9999 -9999 -9999 -9999 -9999
4.44421E-1 3.00665E-1 1.42599E-1 1.69117E-1 1.89385E-1 1.4132E-1 9.18469E-2 9.37965E-2 1.68187E-1 4.14684E-1 8.71171E-1 8.48494E-1 1.10544E-1 9.17625E-2 3.25957E-1 4.93792E-2 3.57381E-2 3.1739E-2 1.05279E-1 1.82037E-1 7.86779E-2 3.67767E-2 4.89575E-2 5.49931E-2 5.46559E-2 3.79212E-2 4.59553E-2 7.7272E-2 6.94861E-2 3.22051E-2 2.23916E-2 2.97674E-2 1.51951E-2 3.25039E-2 3.29014E-2 2.78057E-2 1.64844E-2 3.84462E-2 5.48138E-2 3.42872E-2 2.79883E-2 3.47308E-2 3.25359E-2 2.03684E-2 1.80033E-2 3.57481E-2 2.57142E-2 1.36012E-2 2.05671E-2 1.93648E-2 -9999 -9999 -9999 -9999 -9999 -9999 -9999 -9999 -9999 -9999 -9999 -9999 -9999 -9999 -9999 -9999 -9999 -9999 -9999
3.93179E-1 3.72451E-1 3.5739E-1 1.29709E-1 2.28949E-1 2.31223E-1 1.40035E-1 5.44168E-2 1.71671E-1 4.30208E-1 7.81844E-1 8.50488E-1 1.15204E-1 1.17695E-1 3.19485E-2 1.44538E-1 1.42597E-1 8.55898E-2 7.42022E-2 4.76343E-2 9.84288E-2 8.88713E-2 1.22011E-1 6.09814E-2 5.90747E-2 3.43586E-2 5.7609E-2 2.17517E-1 1.33821E-1 1.64069E-1 2.68566E-2 6.3121E-2 1.93226E-2 1.5524E-2 5.70174E-3 3.23152E-3 3.36406E-3 3.98638E-2 2.57286E-2 2.92311E-2 9.10169E-3 2.80047E-2 2.47127E-2 2.61547E-2 7.28035E-2 5.24424E-2 2.44091E-2 7.65932E-3 3.94899E-3 -9999 -9999 -9999 -9999 -9999 -9999 -9999 -9999 -9999 -9999 -9999 -9999 -9999 -9999 -9999 -9999 -9999 -9999 -9999 -9999
