ENM/Final_Models/M_1_F_lqp_Set_1_E/Gustavia_santanderiensis_9_Choco.asc
ncols         367
nrows         963
xllcorner     -78.6
yllcorner     0.65
cellsize      0.00833333333333323
NODATA_value  -9999
[rows 231 to 263 of 963, columns 219 to 291 of 367]
1E0 1E0 9.99616E-1 9.99552E-1 9.97087E-1 9.97059E-1 9.63504E-1 9.71578E-1 9.99999E-1 1E0 1E0 1E0 1E0 1E0 9.872E-1 9.5194E-1 4.94257E-1 2.82662E-1 2.51077E-1 1.94619E-1 3.28898E-1 3.86835E-1 4.44164E-1 6.25073E-1 8.37755E-1 9.28773E-1 9.22173E-1 9.02634E-1 8.41405E-1 8.21242E-1 7.75487E-1 8.28571E-1 8.02593E-1 9.38126E-1 7.77351E-1 7.78792E-1 8.32252E-1 7.7649E-1 7.32926E-1 4.23077E-1 6.16389E-1 7.91089E-1 9.45457E-1 8.52681E-1 6.12417E-1 6.13491E-1 3.0063E-1 2.13702E-1 1.82508E-1 1.52229E-1 3.88451E-1 5.06639E-1 2.18067E-1 2.09016E-2 9.18871E-3 5.12296E-3 6.54016E-4 6.44506E-4 8.52043E-5 1.28702E-4 9.88759E-5 4.97322E-4 1.87985E-3 1.35541E-3 1.02097E-3 2.55687E-4 3.89281E-4 8.81428E-4 1.00013E-3 2.23123E-3 8.98769E-4 2.2708E-3 1.03284E-3
1E0 1E0 9.99999E-1 9.99797E-1 9.99575E-1 9.64193E-1 9.97647E-1 9.98425E-1 9.98914E-1 1E0 1E0 1E0 9.9998E-1 9.99965E-1 9.98806E-1 9.77373E-1 6.30893E-1 3.42891E-1 3.14534E-1 2.46056E-1 2.78878E-1 3.42569E-1 2.98973E-1 2.66502E-1 6.98045E-1 9.5622E-1 8.5964E-1 8.6681E-1 8.27571E-1 7.73137E-1 7.34879E-1 8.00463E-1 7.02085E-1 8.75303E-1 8.98382E-1 7.75479E-1 7.81182E-1 8.89168E-1 8.18943E-1 6.14813E-1 7.34779E-1 9.25429E-1 9.54871E-1 7.67005E-1 7.4899E-1 3.79242E-1 3.45717E-1 3.13258E-1 3.39166E-1 2.53725E-1 3.88824E-1 7.04482E-1 2.70792E-1 1.00485E-2 7.74133E-4 1.31836E-3 2.12835E-4 2.93655E-4 3.29563E-5 4.84213E-5 7.8324E-5 1.82255E-4 2.68601E-4 5.36006E-5 1.33203E-4 1.22314E-4 8.11981E-5 2.29119E-4 6.59936E-4 4.1327E-4 8.71291E-4 8.9844E-4 9.49168E-4
1E0 1E0 1E0 1E0 1E0 9.99214E-1 9.99998E-1 1E0 1E0 1E0 1E0 1E0 1E0 9.98846E-1 9.75946E-1 4.30739E-1 2.66897E-1 2.06174E-1 1.97665E-1 1.38715E-1 1.37713E-1 2.00825E-1 2.78695E-1 4.27085E-1 7.11823E-1 5.6897E-1 7.8485E-1 8.27759E-1 7.31208E-1 6.5619E-1 7.01585E-1 7.77663E-1 6.12266E-1 8.03757E-1 8.4102E-1 9.1326E-1 8.5824E-1 8.27901E-1 8.40189E-1 7.81929E-1 7.82737E-1 9.7951E-1 9.20501E-1 9.15208E-1 5.65156E-1 5.1475E-1 3.09979E-1 2.9636E-1 2.27839E-1 2.05072E-1 3.89315E-1 4.95992E-1 1.15503E-1 9.65086E-3 2.89411E-3 2.50592E-4 3.52862E-4 1.04108E-4 1.26231E-4 2.99991E-5 4.41827E-5 4.77225E-5 2.3885E-5 1.81504E-5 2.73385E-5 1.06852E-5 6.19591E-6 3.41135E-5 5.51539E-6 4.43364E-4 8.24765E-4 1.87533E-4 2.70083E-4
1E0 1E0 1E0 9.99997E-1 9.99994E-1 9.9997E-1 1E0 1E0 1E0 1E0 1E0 1E0 1E0 9.99958E-1 9.98938E-1 4.6588E-1 1.27327E-1 7.74785E-2 1.3166E-1 7.51204E-2 6.09174E-2 8.41568E-2 1.10898E-1 2.13003E-1 5.10455E-1 6.45749E-1 6.71479E-1 7.49174E-1 7.64849E-1 6.66433E-1 6.72819E-1 6.43691E-1 5.1331E-1 6.73641E-1 7.97731E-1 7.4579E-1 8.30109E-1 8.23145E-1 7.4166E-1 6.2798E-1 8.06225E-1 8.28761E-1 6.91193E-1 3.84095E-1 5.93813E-1 3.8664E-1 4.24546E-1 4.10077E-1 2.5028E-1 1.90967E-1 2.13276E-1 6.49939E-1 3.80683E-1 2.91007E-2 6.0164E-3 5.82743E-4 5.93877E-4 1.39789E-4 3.81403E-5 4.52995E-5 1.14431E-4 5.4599E-5 3.09037E-5 4.69295E-5 3.71618E-5 3.35454E-5 8.07384E-6 2.82562E-6 3.43124E-6 2.82422E-5 1.78353E-4 1.15736E-4 1.37203E-4
1E0 1E0 1E0 1E0 9.99993E-1 9.99694E-1 1E0 9.99991E-1 1E0 1E0 1E0 1E0 1E0 9.99979E-1 9.99996E-1 7.40903E-1 1.7725E-1 1.45335E-1 9.46537E-2 1.92105E-1 8.20631E-2 6.28017E-2 1.24119E-1 2.28858E-1 4.5174E-1 6.76051E-1 4.97263E-1 7.08601E-1 7.99971E-1 7.79478E-1 7.57851E-1 8.16919E-1 6.43474E-1 3.8998E-1 7.83974E-1 6.19112E-1 7.97858E-1 8.12298E-1 6.21796E-1 7.35898E-1 8.61431E-1 7.73513E-1 4.41707E-1 5.01791E-1 7.84749E-1 7.12149E-1 3.36338E-1 3.56365E-1 3.93523E-1 3.10091E-1 2.93241E-1 3.2351E-1 4.02682E-1 6.82549E-3 2.55375E-3 1.07726E-4 2.29428E-4 8.76753E-4 2.01377E-5 4.18632E-5 8.73149E-4 3.33505E-4 7.05276E-5 3.68204E-5 3.44054E-5 2.99664E-5 7.19735E-6 4.32847E-6 1.36651E-5 1.08746E-4 7.73637E-6 2.64006E-6 7.67249E-6
1E0 9.99968E-1 9.99945E-1 9.99999E-1 9.99967E-1 9.99551E-1 9.99989E-1 9.99995E-1 1E0 1E0 1E0 1E0 1E0 9.99998E-1 9.89142E-1 9.99616E-1 7.38003E-1 1.68076E-1 5.70211E-2 6.06656E-2 1.92294E-1 1.68718E-1 1.30739E-1 1.65875E-1 2.98477E-1 4.55655E-1 5.39194E-1 5.57736E-1 5.81555E-1 7.89228E-1 7.12494E-1 7.78151E-1 7.96693E-1 9.01888E-1 7.4424E-1 7.06612E-1 6.52141E-1 7.19383E-1 7.6604E-1 6.99522E-1 8.79622E-1 9.63307E-1 6.74734E-1 7.40893E-1 8.6588E-1 8.08767E-1 4.08798E-1 2.67485E-1 3.41963E-1 2.68764E-1 2.41793E-1 1.66548E-1 1.79354E-1 6.34696E-3 2.97995E-3 3.54429E-3 3.91073E-3 1.86233E-3 8.02218E-5 6.91425E-5 6.15814E-4 6.14509E-4 9.0382E-5 2.20683E-5 5.03E-5 1.2223E-5 1.0172E-5 9.72576E-6 1.30232E-5 8.55426E-6 9.90285E-7 8.81707E-7 1.96501E-6
9.99996E-1 9.99945E-1 9.99999E-1 9.99948E-1 9.99944E-1 9.9998E-1 1E0 9.99801E-1 9.99998E-1 1E0 1E0 1E0 1E0 1E0 1E0 9.99999E-1 8.73504E-1 2.38685E-1 1.33451E-1 6.6791E-2 4.59908E-2 5.33235E-2 1.05807E-1 6.37722E-2 9.28835E-2 2.53703E-1 4.99368E-1 5.40263E-1 4.27517E-1 5.83886E-1 8.57922E-1 9.22246E-1 9.4267E-1 8.89603E-1 7.95031E-1 7.59943E-1 7.67489E-1 8.59836E-1 8.84419E-1 9.29802E-1 9.11635E-1 9.18353E-1 6.24867E-1 7.22419E-1 7.40323E-1 4.69898E-1 5.12479E-1 3.78956E-1 3.15158E-1 2.1182E-1 1.74125E-1 1.58455E-1 1.73834E-1 2.35994E-2 3.01908E-2 2.60241E-2 1.21864E-2 5.97855E-3 1.29844E-4 1.57355E-4 8.34163E-4 8.16789E-4 5.31868E-4 4.74884E-4 1.62755E-4 6.58265E-5 9.68915E-6 1.66159E-6 1.75495E-6 5.41969E-6 3.75553E-6 3.69429E-7 2.65134E-6
1E0 1E0 1E0 1E0 1E0 1E0 1E0 1E0 1E0 1E0 1E0 1E0 1E0 1E0 1E0 1E0 9.99324E-1 4.8634E-1 3.88438E-1 1.57836E-1 4.16534E-2 2.69026E-2 1.33343E-1 9.58724E-2 1.21079E-1 4.05289E-1 6.8775E-1 6.80456E-1 5.24143E-1 5.61184E-1 6.3414E-1 7.62227E-1 8.7162E-1 9.68873E-1 9.33043E-1 8.42208E-1 7.68472E-1 8.01604E-1 8.72229E-1 8.9549E-1 9.65442E-1 9.73112E-1 6.94709E-1 6.39076E-1 4.47889E-1 4.16289E-1 3.85324E-1 3.92749E-1 2.44948E-1 1.85638E-1 8.9626E-2 5.46157E-2 6.12272E-2 5.97424E-2 9.70322E-2 3.55912E-2 2.06913E-2 9.88559E-4 8.67746E-5 5.26126E-4 1.75804E-3 8.24896E-4 3.15964E-4 6.24157E-4 8.00969E-4 3.3942E-4 5.81752E-5 3.97253E-6 2.06864E-7 4.12846E-7 2.17506E-5 1.09404E-6 1.28899E-6
1E0 1E0 1E0 1E0 1E0 1E0 9.99997E-1 9.99998E-1 1E0 1E0 1E0 1E0 1E0 1E0 1E0 1E0 9.98937E-1 8.10908E-1 5.68894E-1 3.3129E-1 7.80021E-2 2.99391E-2 1.0972E-1 7.43791E-2 9.24274E-2 4.45468E-1 7.96936E-1 5.9365E-1 4.60909E-1 4.87898E-1 3.62097E-1 4.56758E-1 8.72503E-1 8.59269E-1 9.47249E-1 6.56167E-1 6.61161E-1 7.24524E-1 7.27981E-1 9.50465E-1 9.71889E-1 9.86414E-1 7.75064E-1 6.66644E-1 7.46028E-1 2.63582E-1 2.86515E-1 3.3791E-1 3.76108E-1 1.61427E-1 8.58632E-2 8.64805E-2 7.48768E-2 1.41876E-2 5.88325E-2 2.10311E-2 7.80989E-3 6.34247E-4 4.06438E-4 2.19404E-3 2.13062E-3 8.66021E-4 1.23967E-3 5.77028E-4 2.21127E-4 2.05636E-4 8.90816E-5 1.86744E-6 -9999 -9999 8.18646E-7 6.12074E-8 1.5173E-8
1E0 1E0 1E0 1E0 1E0 9.99991E-1 1E0 1E0 1E0 1E0 1E0 1E0 1E0 1E0 1E0 1E0 9.99997E-1 8.28808E-1 6.0987E-1 5.19453E-1 3.1521E-1 5.79098E-2 3.75254E-2 1.52871E-1 1.65062E-1 3.282E-1 4.29229E-1 6.63342E-1 7.05213E-1 6.79721E-1 5.16633E-1 6.34826E-1 6.89424E-1 7.12207E-1 8.60143E-1 7.39847E-1 5.69984E-1 6.70846E-1 8.64746E-1 8.2731E-1 9.78849E-1 9.71864E-1 9.27578E-1 5.94275E-1 5.10468E-1 3.78366E-1 2.22492E-1 3.34991E-1 3.41942E-1 1.27345E-1 1.26388E-1 9.21034E-2 6.75364E-2 2.17008E-2 3.23054E-2 1.43925E-2 9.3908E-3 5.29298E-3 2.22329E-3 3.67146E-3 3.57436E-3 7.11912E-4 3.56143E-4 3.17735E-4 2.51377E-5 3.66095E-6 1.59073E-6 5.98488E-7 4.42029E-7 2.00981E-8 -9999 8.08454E-8 -9999
1E0 1E0 1E0 1E0 1E0 9.99996E-1 1E0 1E0 1E0 1E0 1E0 1E0 1E0 1E0 1E0 1E0 1E0 9.93959E-1 8.00904E-1 6.67953E-1 4.28431E-1 6.9417E-2 4.56189E-2 1.20063E-1 1.22023E-1 2.29329E-1 4.53578E-1 6.47921E-1 7.66962E-1 8.82972E-1 6.62922E-1 8.37534E-1 7.08265E-1 6.69621E-1 7.05807E-1 6.64728E-1 5.12782E-1 7.41682E-1 8.87941E-1 8.85504E-1 9.39111E-1 9.90225E-1 9.03204E-1 6.78545E-1 6.73733E-1 4.18995E-1 2.8762E-1 2.29969E-1 2.05036E-1 1.24276E-1 7.41748E-2 5.57372E-2 4.65053E-2 1.21469E-2 6.86553E-3 2.98913E-3 3.37215E-3 6.43643E-3 7.12343E-3 6.11437E-3 1.06511E-3 3.37903E-4 1.98973E-4 6.36722E-4 8.22659E-5 4.64534E-5 6.95529E-6 1.77681E-7 2.14497E-8 1.17507E-8 2.82186E-7 -9999 -9999
1E0 1E0 1E0 1E0 1E0 1E0 1E0 1E0 1E0 1E0 1E0 1E0 1E0 1E0 1E0 1E0 1E0 1E0 9.99593E-1 9.43437E-1 3.17821E-1 3.65456E-2 2.78856E-2 6.38696E-2 1.12617E-1 2.08642E-1 5.23934E-1 7.17117E-1 9.11374E-1 8.56761E-1 5.2003E-1 6.39839E-1 6.11973E-1 8.06632E-1 6.61832E-1 5.00764E-1 5.54199E-1 8.99685E-1 9.70644E-1 9.92688E-1 9.87424E-1 9.96009E-1 9.29614E-1 9.25461E-1 9.07026E-1 3.54515E-1 2.07214E-1 1.4325E-1 1.48401E-1 1.83839E-1 7.42448E-2 4.14738E-2 2.16805E-2 1.02186E-2 8.22217E-3 8.33922E-4 7.49421E-4 1.17414E-3 3.54704E-3 3.21346E-3 3.18522E-3 2.62689E-3 9.35775E-4 1.26499E-3 6.84386E-4 1.80193E-4 1.26587E-5 3.46721E-7 2.31775E-7 2.31546E-8 1.21354E-7 -9999 -9999
1E0 1E0 1E0 1E0 1E0 1E0 1E0 1E0 1E0 1E0 1E0 1E0 1E0 1E0 1E0 1E0 1E0 9.99999E-1 9.93793E-1 9.77304E-1 4.03661E-1 6.39033E-2 3.21051E-2 4.19096E-2 7.77762E-2 1.50952E-1 3.89137E-1 6.02421E-1 9.48466E-1 8.68563E-1 8.16452E-1 9.21615E-1 8.48147E-1 4.82206E-1 8.33787E-1 6.91439E-1 8.94575E-1 9.51832E-1 9.94455E-1 9.99893E-1 9.99032E-1 9.80133E-1 9.04346E-1 9.00397E-1 9.68673E-1 4.6675E-1 2.97333E-1 1.6243E-1 1.60809E-1 1.83399E-1 6.04656E-2 1.36664E-2 1.52765E-2 4.07595E-3 1.26735E-2 6.77675E-3 1.48379E-3 7.28597E-4 5.6156E-4 6.83634E-3 1.78374E-3 1.05229E-3 1.1291E-3 1.00724E-3 8.09708E-4 3.16493E-4 3.45208E-5 3.3278E-6 4.44277E-6 1.01023E-6 -9999 -9999 -9999
1E0 1E0 1E0 1E0 1E0 1E0 1E0 1E0 1E0 1E0 1E0 1E0 1E0 1E0 1E0 1E0 1E0 1E0 9.96587E-1 9.96003E-1 7.04134E-1 1.02733E-1 7.458E-2 1.1686E-1 1.50944E-1 2.26545E-1 4.38576E-1 9.64052E-1 9.84742E-1 9.52689E-1 8.77569E-1 9.54761E-1 8.71947E-1 6.81037E-1 8.25753E-1 8.44899E-1 9.38608E-1 9.80081E-1 9.97503E-1 9.98206E-1 9.83382E-1 9.58098E-1 9.64027E-1 9.73617E-1 9.85232E-1 4.19837E-1 2.66031E-1 3.43378E-1 2.86221E-1 1.2797E-1 4.58009E-2 2.05798E-2 2.84243E-2 2.06132E-2 1.66615E-2 1.28539E-2 6.93516E-3 4.92188E-3 1.53791E-4 5.06824E-4 2.45445E-3 1.42226E-3 3.5691E-4 3.32304E-4 3.99482E-4 4.87817E-4 8.27301E-4 3.00054E-4 3.79163E-5 5.84669E-6 4.77159E-7 -9999 -9999
1E0 1E0 1E0 1E0 1E0 1E0 1E0 1E0 1E0 1E0 1E0 1E0 1E0 1E0 1E0 1E0 1E0 1E0 9.96709E-1 9.1322E-1 3.0983E-1 1.10677E-1 6.33303E-2 9.57269E-2 2.13387E-1 2.72883E-1 6.0026E-1 9.76655E-1 9.91418E-1 8.89526E-1 9.15123E-1 6.94427E-1 5.76019E-1 8.09811E-1 6.14899E-1 8.58918E-1 9.96682E-1 9.99391E-1 9.97335E-1 9.98644E-1 9.44194E-1 9.77963E-1 9.57261E-1 6.95575E-1 8.47699E-1 5.33652E-1 1.39733E-1 1.6587E-1 5.24338E-1 1.68339E-1 1.38015E-1 1.02327E-1 7.20164E-2 3.36026E-2 3.00751E-2 7.10108E-3 4.57123E-3 2.87974E-3 1.23997E-3 1.26581E-4 1.28712E-3 5.20407E-4 4.7261E-5 8.52426E-5 1.09512E-4 1.68183E-4 4.84555E-4 1.20907E-4 8.8017E-6 1.81255E-6 1.6318E-7 2.01072E-8 -9999
1E0 1E0 1E0 1E0 1E0 1E0 1E0 1E0 1E0 1E0 1E0 1E0 1E0 1E0 1E0 1E0 1E0 1E0 9.95506E-1 7.0552E-1 1.96108E-1 2.75854E-2 6.83886E-2 1.54886E-1 2.94019E-1 6.35991E-1 5.85124E-1 9.13285E-1 9.89038E-1 9.72934E-1 9.81141E-1 8.00858E-1 7.32379E-1 6.99411E-1 8.18622E-1 8.72455E-1 8.57215E-1 8.25396E-1 9.43575E-1 9.09964E-1 9.42647E-1 8.81925E-1 8.43854E-1 6.64513E-1 8.13827E-1 4.14873E-1 1.20184E-1 4.30219E-1 4.88475E-1 1.55064E-1 8.76719E-2 3.42888E-2 7.94834E-3 2.11042E-2 3.47099E-2 1.56684E-2 8.62906E-3 8.61493E-3 1.07933E-3 6.38091E-5 8.83539E-5 1.16598E-5 2.77436E-5 8.58352E-6 3.61409E-6 2.28049E-5 2.52867E-5 9.01367E-5 4.93856E-5 7.47985E-6 4.07058E-6 7.95366E-8 -9999
1E0 1E0 1E0 1E0 1E0 1E0 1E0 1E0 1E0 1E0 1E0 1E0 1E0 1E0 1E0 1E0 1E0 1E0 1E0 9.19986E-1 3.00547E-1 7.35833E-2 7.35902E-2 1.60874E-1 2.35844E-1 5.97164E-1 9.96516E-1 9.97419E-1 9.89432E-1 9.99966E-1 7.79996E-1 5.47928E-1 4.56616E-1 4.67749E-1 7.99024E-1 8.28297E-1 5.83872E-1 4.96789E-1 4.51317E-1 5.49232E-1 6.3263E-1 5.67126E-1 8.78405E-1 8.51735E-1 5.32429E-1 3.32885E-1 2.77252E-1 3.59318E-1 4.16953E-1 3.14399E-1 1.35058E-1 3.45887E-2 1.36542E-2 2.05356E-2 1.66127E-2 7.97412E-3 1.15058E-3 3.41069E-4 4.63425E-4 3.19525E-5 9.9106E-5 3.01001E-6 6.17418E-6 1.98578E-6 7.8992E-7 8.399E-7 1.10905E-6 2.94875E-7 9.69502E-6 5.96293E-6 1.5903E-6 9.10392E-8 -9999
1E0 1E0 1E0 1E0 1E0 1E0 1E0 1E0 1E0 1E0 1E0 1E0 1E0 1E0 1E0 1E0 1E0 1E0 1E0 9.83821E-1 4.77617E-1 7.68242E-2 1.41474E-1 3.79065E-1 5.42427E-1 5.47388E-1 9.92752E-1 9.96458E-1 9.8558E-1 9.99406E-1 7.15105E-1 7.49968E-1 3.56048E-1 4.34107E-1 5.2907E-1 8.38088E-1 5.038E-1 3.93726E-1 4.04665E-1 4.73703E-1 5.86431E-1 3.87019E-1 6.21397E-1 9.33998E-1 4.87558E-1 3.02543E-1 2.94855E-1 3.0445E-1 4.41447E-1 2.94106E-1 4.20654E-1 5.88698E-2 1.82271E-2 2.12402E-2 2.36435E-2 5.11979E-3 5.28985E-4 1.49983E-4 2.42009E-4 3.94054E-5 1.12806E-4 4.61057E-6 2.43431E-5 9.79322E-6 1.11724E-6 3.31059E-7 2.98557E-7 1.16659E-7 7.68076E-7 -9999 -9999 -9999 -9999
1E0 1E0 1E0 1E0 1E0 1E0 1E0 1E0 1E0 1E0 1E0 1E0 1E0 1E0 1E0 1E0 1E0 1E0 1E0 8.53612E-1 4.92814E-1 3.76283E-1 7.62084E-1 9.96263E-1 8.60359E-1 9.93778E-1 9.99905E-1 9.99001E-1 9.44371E-1 9.99863E-1 6.89558E-1 5.79064E-1 4.79862E-1 4.55468E-1 5.8987E-1 5.52501E-1 4.86768E-1 4.71535E-1 7.19165E-1 7.18669E-1 8.04134E-1 6.06271E-1 3.9351E-1 9.2944E-1 6.07229E-1 3.22056E-1 2.11966E-1 3.51167E-1 3.75001E-1 5.37547E-1 5.33253E-1 1.48879E-1 5.71534E-2 1.91491E-2 1.18983E-2 5.18379E-3 1.74223E-3 1.1409E-4 6.70891E-5 1.62922E-4 2.98817E-4 1.82934E-4 3.26248E-4 1.35627E-4 2.48168E-5 2.39088E-6 4.73954E-7 6.99067E-8 -9999 -9999 -9999 -9999 -9999
1E0 1E0 1E0 1E0 1E0 1E0 1E0 1E0 1E0 1E0 1E0 1E0 1E0 1E0 1E0 1E0 1E0 1E0 1E0 9.99925E-1 9.99909E-1 1E0 1E0 1E0 1E0 9.99997E-1 9.99957E-1 9.99434E-1 9.99672E-1 9.99397E-1 7.6245E-1 6.6593E-1 7.89742E-1 8.17388E-1 7.53193E-1 7.74572E-1 7.01068E-1 9.00491E-1 5.61308E-1 7.02598E-1 8.10985E-1 7.26201E-1 3.69607E-1 8.29541E-1 4.5926E-1 3.42463E-1 2.67765E-1 9.84712E-2 2.67391E-1 4.76577E-1 4.37834E-1 1.95395E-1 1.04482E-1 1.86414E-2 1.03588E-2 1.08279E-2 2.15005E-3 2.21654E-4 1.69091E-4 4.50305E-4 1.32683E-3 1.53981E-3 1.11931E-3 1.58595E-4 9.90127E-5 2.45168E-5 4.46636E-6 2.05269E-6 -9999 -9999 -9999 -9999 1.31369E-7
1E0 1E0 1E0 1E0 1E0 1E0 1E0 1E0 1E0 1E0 1E0 1E0 1E0 1E0 1E0 1E0 1E0 1E0 1E0 1E0 1E0 1E0 1E0 1E0 9.99999E-1 9.93943E-1 9.99748E-1 9.45999E-1 6.24146E-1 9.91577E-1 9.52246E-1 6.19812E-1 4.54967E-1 5.14266E-1 6.87106E-1 9.42953E-1 7.55203E-1 7.7887E-1 9.55186E-1 9.10329E-1 9.96103E-1 9.00218E-1 7.5403E-1 8.55019E-1 6.31424E-1 4.02181E-1 9.16031E-2 1.21365E-1 2.88321E-1 4.44847E-1 3.79685E-1 2.34527E-1 1.15738E-1 1.95239E-2 1.05065E-2 7.7844E-3 4.35834E-3 1.97389E-3 2.5615E-3 1.59743E-3 1.8507E-3 2.09676E-3 1.17198E-4 1.19516E-4 2.72567E-5 1.14127E-5 1.73988E-6 -9999 -9999 1.80523E-8 7.59683E-8 9.28964E-8 5.15319E-7
1E0 1E0 1E0 1E0 1E0 1E0 1E0 1E0 1E0 1E0 1E0 1E0 1E0 1E0 1E0 1E0 1E0 1E0 1E0 1E0 1E0 1E0 9.99676E-1 9.98525E-1 1E0 9.96175E-1 9.97951E-1 9.05165E-1 7.43438E-1 8.10749E-1 9.91506E-1 8.65263E-1 6.24204E-1 7.35361E-1 6.40392E-1 7.14718E-1 7.77653E-1 9.47321E-1 9.97738E-1 9.99644E-1 9.82519E-1 9.62082E-1 9.72801E-1 7.39649E-1 3.836E-1 4.46488E-1 1.23723E-1 2.33022E-1 2.32934E-1 6.12514E-1 3.67459E-1 4.16464E-1 2.52096E-1 9.00169E-2 5.07565E-2 4.25865E-3 6.03286E-3 8.57576E-3 8.84483E-3 6.227E-3 3.37652E-3 3.52807E-3 1.41442E-4 9.38933E-5 1.94015E-5 4.16477E-6 1.4232E-6 4.1941E-7 2.0107E-7 4.80825E-7 4.96049E-7 6.9909E-7 2.82519E-7
1E0 1E0 1E0 1E0 1E0 1E0 1E0 1E0 1E0 1E0 1E0 1E0 1E0 1E0 1E0 1E0 1E0 1E0 1E0 1E0 1E0 1E0 9.98172E-1 9.76255E-1 9.99914E-1 9.99994E-1 9.99264E-1 9.98792E-1 8.44687E-1 9.02169E-1 7.79197E-1 9.71234E-1 7.04523E-1 5.89475E-1 8.07432E-1 7.96512E-1 8.31853E-1 9.9578E-1 9.99766E-1 9.97534E-1 9.98645E-1 9.98205E-1 9.36161E-1 6.14471E-1 4.15132E-1 5.10253E-1 4.98625E-1 3.48317E-1 4.75441E-1 5.07002E-1 4.8056E-1 2.94556E-1 3.57418E-1 2.52306E-1 1.2316E-1 3.38453E-2 5.40733E-3 2.71608E-3 1.1294E-2 3.26205E-3 5.85686E-3 1.1688E-3 1.01657E-3 6.77899E-4 1.42336E-4 5.72876E-6 9.47071E-6 1.24882E-5 6.34055E-7 1.68765E-6 2.97796E-6 9.56529E-7 5.3601E-6
1E0 1E0 1E0 1E0 1E0 1E0 1E0 1E0 1E0 1E0 1E0 1E0 1E0 1E0 1E0 1E0 1E0 1E0 1E0 1E0 9.99999E-1 9.99901E-1 9.59652E-1 4.93861E-1 9.40538E-1 9.47763E-1 9.9997E-1 9.67781E-1 9.81359E-1 9.99028E-1 8.38541E-1 9.98382E-1 8.85353E-1 8.00856E-1 6.59425E-1 6.22469E-1 7.14443E-1 9.81812E-1 9.99899E-1 9.85527E-1 9.99996E-1 8.42994E-1 9.20563E-1 7.05278E-1 5.18037E-1 3.52362E-1 4.45044E-1 4.19828E-1 5.21838E-1 2.78961E-1 4.26116E-1 3.57096E-1 2.64505E-1 1.42431E-1 2.35819E-1 1.24655E-1 4.4592E-2 7.49103E-3 1.98991E-2 1.6899E-2 2.12106E-3 2.171E-3 2.21292E-3 3.31289E-4 2.9302E-5 3.39307E-5 3.5248E-5 2.55333E-5 3.23684E-5 8.66638E-6 2.62833E-6 1.79994E-6 2.68741E-6
1E0 1E0 1E0 1E0 1E0 1E0 1E0 1E0 1E0 1E0 1E0 1E0 1E0 1E0 1E0 1E0 1E0 1E0 1E0 9.99999E-1 9.97804E-1 9.63168E-1 5.18221E-1 2.78881E-1 5.05058E-1 9.24398E-1 9.99999E-1 9.8324E-1 8.83824E-1 9.62535E-1 9.2925E-1 9.96353E-1 9.92506E-1 9.70323E-1 9.74534E-1 9.61312E-1 7.58992E-1 9.3252E-1 9.89333E-1 9.99927E-1 9.99981E-1 7.59236E-1 8.00737E-1 7.75384E-1 4.73148E-1 3.67085E-1 3.87847E-1 4.74566E-1 5.06719E-1 3.09589E-1 2.71893E-1 3.58742E-1 3.73149E-1 1.68556E-1 1.75585E-1 1.585E-1 8.37891E-2 1.28806E-2 7.5864E-3 2.59154E-3 6.47346E-4 1.58774E-3 6.62797E-4 7.98529E-5 8.72357E-5 5.54779E-5 3.677E-4 9.02488E-5 5.17804E-5 5.58244E-6 1.23102E-6 5.20036E-6 2.26642E-5
1E0 1E0 1E0 1E0 1E0 1E0 1E0 1E0 1E0 1E0 1E0 1E0 1E0 1E0 1E0 1E0 1E0 1E0 1E0 9.99889E-1 7.91645E-1 3.01169E-1 1.23137E-1 2.08939E-1 3.45402E-1 4.68367E-1 9.62862E-1 9.9742E-1 9.62328E-1 9.99918E-1 9.60055E-1 1E0 9.99838E-1 9.84934E-1 9.99379E-1 8.71619E-1 8.8432E-1 9.12632E-1 9.30843E-1 9.86504E-1 9.06844E-1 6.4525E-1 8.07584E-1 7.59832E-1 5.16916E-1 5.45757E-1 4.1907E-1 2.97889E-1 3.66028E-1 2.08741E-1 2.21273E-1 2.66932E-1 2.3562E-1 1.65471E-1 9.35871E-2 7.64469E-2 3.25038E-2 4.47911E-3 6.99233E-4 2.07046E-4 3.8638E-4 2.91832E-4 1.25512E-4 1.93664E-4 2.81175E-4 9.26208E-5 2.76326E-5 5.26313E-6 1.75124E-6 4.02504E-6 4.53802E-6 3.5167E-6 1.45291E-5
1E0 1E0 1E0 1E0 1E0 1E0 1E0 1E0 1E0 1E0 1E0 1E0 1E0 1E0 1E0 1E0 1E0 1E0 1E0 9.04602E-1 2.9904E-1 2.32697E-1 2.35755E-1 2.73051E-1 5.27303E-1 7.45213E-1 7.14854E-1 7.21065E-1 9.34171E-1 9.99943E-1 8.81237E-1 9.99479E-1 7.03522E-1 9.00948E-1 8.784E-1 6.31503E-1 9.3414E-1 8.90351E-1 9.93245E-1 8.96735E-1 5.68133E-1 5.53425E-1 7.02962E-1 6.38328E-1 3.90499E-1 2.66348E-1 2.31008E-1 2.19064E-1 2.1695E-1 3.50346E-1 3.09723E-1 2.00161E-1 1.26722E-1 1.1557E-1 9.19474E-2 8.45291E-2 3.53652E-2 4.85548E-3 2.8731E-3 4.29661E-3 3.07185E-3 1.59957E-2 9.19077E-4 2.64472E-3 3.36794E-3 7.41325E-4 1.27222E-4 5.52374E-5 8.44501E-6 1.84221E-5 2.05717E-6 6.60098E-6 2.06294E-5
1E0 1E0 1E0 1E0 1E0 1E0 1E0 1E0 1E0 1E0 1E0 1E0 1E0 1E0 1E0 1E0 1E0 1E0 1E0 9.93476E-1 7.48933E-1 5.26299E-1 1.29667E-1 7.38431E-2 3.70244E-1 7.29187E-1 6.20544E-1 6.80796E-1 9.94112E-1 9.96024E-1 9.53912E-1 9.94118E-1 7.82314E-1 6.42346E-1 7.68219E-1 5.82636E-1 4.44453E-1 7.71764E-1 8.20612E-1 4.1668E-1 2.52536E-1 2.50829E-1 4.4225E-1 5.02596E-1 3.79087E-1 4.3123E-1 4.05107E-1 3.42559E-1 3.17797E-1 2.85903E-1 2.91012E-1 1.58901E-1 1.97697E-1 1.70977E-1 1.6521E-1 1.44102E-1 7.11834E-2 9.26044E-3 9.87606E-3 1.09126E-2 8.90366E-3 7.98658E-3 8.82974E-3 7.8449E-3 5.6642E-3 1.00385E-3 2.16786E-4 2.17526E-5 2.72401E-5 2.17258E-5 6.80089E-6 3.16967E-5 2.24368E-5
1E0 1E0 1E0 1E0 1E0 1E0 1E0 1E0 1E0 1E0 1E0 1E0 1E0 1E0 1E0 1E0 1E0 1E0 9.99933E-1 9.99416E-1 8.36436E-1 7.81175E-1 6.71753E-1 2.63677E-1 3.61717E-1 3.19883E-1 3.78634E-1 7.62199E-1 9.69058E-1 9.99731E-1 9.97627E-1 9.8951E-1 9.99732E-1 9.16084E-1 8.38591E-1 6.66567E-1 2.4562E-1 4.87359E-1 4.11584E-1 2.44044E-1 2.9562E-1 2.40559E-1 3.5925E-1 5.30849E-1 3.79094E-1 3.91499E-1 4.86631E-1 5.82314E-1 3.89608E-1 2.24352E-1 2.26283E-1 1.34486E-1 4.98446E-1 5.65759E-1 2.60663E-1 7.82472E-2 8.22776E-2 9.89841E-3 6.38009E-3 2.30141E-3 2.19381E-3 5.09937E-3 4.23693E-3 1.27525E-3 3.17402E-4 1.28134E-4 2.15554E-5 7.01128E-5 3.9434E-5 1.10449E-5 3.92222E-5 4.86104E-5 5.32583E-5
1E0 1E0 1E0 1E0 1E0 1E0 1E0 1E0 1E0 1E0 1E0 1E0 1E0 1E0 1E0 1E0 1E0 1E0 1E0 9.99979E-1 9.74701E-1 8.69753E-1 7.69169E-1 6.05441E-1 4.33591E-1 2.64545E-1 3.08401E-1 4.11346E-1 8.07155E-1 9.86401E-1 9.82398E-1 8.79799E-1 9.98033E-1 9.81525E-1 9.79369E-1 8.08643E-1 3.87447E-1 3.81852E-1 5.75289E-1 2.84677E-1 2.20143E-1 3.23293E-1 3.87612E-1 6.39115E-1 6.35104E-1 5.769E-1 4.68027E-1 5.20616E-1 4.64105E-1 3.59494E-1 1.58466E-1 1.68535E-1 4.02209E-1 7.91964E-1 2.56253E-1 6.40871E-2 6.88683E-2 1.1361E-2 6.16299E-3 1.24501E-3 7.29901E-4 1.41074E-3 9.64199E-4 8.69761E-4 7.65237E-4 2.78215E-5 8.11253E-6 5.88662E-7 1.88549E-5 2.60363E-5 2.24854E-4 1.70345E-4 7.96355E-5
1E0 1E0 1E0 1E0 1E0 1E0 1E0 1E0 1E0 1E0 1E0 1E0 1E0 1E0 1E0 1E0 1E0 1E0 1E0 9.99998E-1 9.9908E-1 9.24268E-1 9.49166E-1 7.23268E-1 3.85274E-1 3.07938E-1 3.1202E-1 3.48617E-1 7.36801E-1 8.89135E-1 9.44542E-1 9.21454E-1 9.68455E-1 9.87952E-1 9.66705E-1 9.54399E-1 5.51489E-1 4.03341E-1 3.89454E-1 2.59599E-1 2.9428E-1 2.80476E-1 4.16218E-1 4.79691E-1 5.63843E-1 5.02227E-1 5.86893E-1 7.97693E-1 6.46171E-1 9.35255E-1 2.00078E-1 2.04979E-1 3.45932E-1 5.63545E-1 3.1095E-1 6.91744E-2 4.51369E-2 2.12709E-2 1.91094E-2 1.15372E-2 3.91647E-3 3.2629E-3 9.42589E-4 2.52286E-4 1.97673E-3 3.99183E-5 2.45291E-6 1.45532E-6 1.87668E-5 8.68202E-5 1.24449E-4 1.91313E-4 2.22733E-4
1E0 1E0 1E0 1E0 1E0 1E0 1E0 1E0 1E0 1E0 1E0 1E0 1E0 1E0 1E0 1E0 1E0 1E0 1E0 1E0 9.99915E-1 9.92349E-1 9.99989E-1 9.84373E-1 6.73121E-1 1.73844E-1 2.231E-1 2.51825E-1 4.4405E-1 7.19194E-1 9.86032E-1 9.92999E-1 8.72318E-1 9.78567E-1 6.53382E-1 8.04741E-1 7.69436E-1 5.58519E-1 4.96714E-1 3.00922E-1 5.5354E-1 3.32524E-1 3.76213E-1 7.21884E-1 7.70285E-1 6.38628E-1 6.84359E-1 8.61172E-1 9.78653E-1 8.62142E-1 2.90279E-1 2.19048E-1 4.20562E-1 4.7061E-1 4.56315E-1 1.13187E-1 6.0965E-2 1.97148E-2 5.1131E-3 5.36011E-3 4.77621E-3 2.81563E-3 6.81699E-4 5.41161E-4 1.48058E-4 9.04613E-5 5.91255E-6 1.38757E-5 7.98182E-5 2.08308E-4 1.80872E-4 2.5061E-4 1.43927E-4
1E0 1E0 1E0 1E0 1E0 1E0 1E0 1E0 1E0 1E0 1E0 1E0 1E0 1E0 1E0 1E0 1E0 1E0 1E0 1E0 1E0 1E0 1E0 9.99982E-1 7.76807E-1 1.31367E-1 3.30788E-1 1.47866E-1 3.0428E-1 8.47176E-1 9.96581E-1 9.9287E-1 9.74556E-1 8.76146E-1 7.94522E-1 7.73854E-1 4.63767E-1 5.40442E-1 3.35205E-1 2.55267E-1 2.81812E-1 3.26273E-1 7.41287E-1 6.88092E-1 7.61104E-1 9.2271E-1 9.41408E-1 8.23922E-1 9.31182E-1 7.43101E-1 5.92998E-1 2.59392E-1 1.19467E-1 4.80356E-1 4.62566E-1 2.37102E-1 1.51941E-1 4.53036E-2 3.05516E-3 1.56727E-3 1.36909E-3 7.91789E-4 2.83854E-5 6.33926E-5 3.34821E-5 1.05836E-4 1.21315E-4 2.00364E-5 1.69583E-5 1.91787E-4 4.57379E-4 2.39435E-4 1.16334E-4
