ENM/Final_Models/M_1_F_lqp_Set_1_E/Gustavia_santanderiensis_7_Choco.asc
ncols         367
nrows         963
xllcorner     -78.6
yllcorner     0.65
cellsize      0.00833333333333323
NODATA_value  -9999
[rows 858 to 890 of 963, columns 0 to 74 of 367]
-9999 -9999 -9999 -9999 -9999 -9999 -9999 -9999 -9999 -9999 -9999 -9999 -9999 -9999 -9999 -9999 -9999 -9999 -9999 -9999 -9999 -9999 -9999 -9999 -9999 -9999 -9999 -9999 -9999 -9999 -9999 -9999 -9999 -9999 -9999 -9999 -9999 -9999 -9999 -9999 9.43824E-1 9.68227E-1 9.87954E-1 9.99614E-1 9.98282E-1 9.96966E-1 9.9475E-1 9.94373E-1 9.19986E-1 9.71924E-1 9.65088E-1 9.99297E-1 9.95259E-1 9.96305E-1 9.9893E-1 9.99325E-1 1E0 9.99401E-1 9.74424E-1 9.11021E-1 9.3512E-1 8.66435E-1 7.9141E-1 8.26901E-1 9.89715E-1 9.99975E-1 9.99863E-1 9.99886E-1 9.99999E-1 1E0 9.99999E-1 9.98545E-1 8.62426E-1 7.58951E-1 9.86069E-1
-9999 -9999 -9999 -9999 -9999 -9999 -9999 -9999 -9999 -9999 -9999 -9999 -9999 -9999 -9999 -9999 -9999 -9999 -9999 -9999 -9999 -9999 -9999 -9999 -9999 -9999 -9999 -9999 -9999 -9999 -9999 -9999 -9999 -9999 -9999 -9999 -9999 -9999 -9999 -9999 9.24277E-1 9.62912E-1 9.98022E-1 9.96753E-1 9.92397E-1 9.85714E-1 9.98843E-1 9.54497E-1 9.81012E-1 9.78759E-1 9.7113E-1 9.79548E-1 9.77483E-1 9.95981E-1 9.99789E-1 9.78187E-1 9.99398E-1 9.9997E-1 9.96925E-1 9.82811E-1 8.66725E-1 8.78351E-1 8.2384E-1 8.64265E-1 9.97443E-1 9.99983E-1 9.99995E-1 9.99646E-1 9.99997E-1 1E0 9.99976E-1 9.95672E-1 8.78017E-1 8.85019E-1 9.9232E-1
-9999 -9999 -9999 -9999 -9999 -9999 -9999 -9999 -9999 -9999 -9999 -9999 -9999 -9999 -9999 -9999 -9999 -9999 -9999 -9999 -9999 -9999 -9999 -9999 -9999 -9999 -9999 -9999 -9999 -9999 -9999 -9999 -9999 -9999 -9999 -9999 -9999 -9999 -9999 -9999 8.60557E-1 9.7307E-1 9.95868E-1 9.96316E-1 9.76832E-1 9.79304E-1 9.96718E-1 9.12568E-1 9.28185E-1 9.85355E-1 9.45945E-1 9.48138E-1 9.41494E-1 9.65317E-1 9.94125E-1 9.98757E-1 9.71719E-1 9.99802E-1 9.94413E-1 9.93037E-1 9.46462E-1 7.99809E-1 8.12781E-1 9.42598E-1 9.97771E-1 9.99992E-1 9.95086E-1 9.98974E-1 9.99999E-1 1E0 9.98257E-1 9.47176E-1 8.81459E-1 9.39266E-1 9.8397E-1
-9999 -9999 -9999 -9999 -9999 -9999 -9999 -9999 -9999 -9999 -9999 -9999 -9999 -9999 -9999 -9999 -9999 -9999 -9999 -9999 -9999 -9999 -9999 -9999 -9999 -9999 -9999 -9999 -9999 -9999 -9999 -9999 -9999 -9999 -9999 -9999 -9999 -9999 -9999 -9999 9.10946E-1 9.84863E-1 9.96431E-1 9.91197E-1 9.99499E-1 9.96923E-1 9.86719E-1 9.01643E-1 9.68617E-1 9.35995E-1 9.55259E-1 9.09586E-1 8.44002E-1 9.38938E-1 9.77655E-1 9.98925E-1 9.95703E-1 9.99551E-1 9.82005E-1 9.85671E-1 9.96187E-1 8.86041E-1 7.50988E-1 9.65022E-1 9.98275E-1 9.98974E-1 9.99755E-1 1E0 1E0 1E0 9.9722E-1 9.7217E-1 9.28759E-1 9.64242E-1 9.72955E-1
-9999 -9999 -9999 -9999 -9999 -9999 -9999 -9999 -9999 -9999 -9999 -9999 -9999 -9999 -9999 -9999 -9999 -9999 -9999 -9999 -9999 -9999 -9999 -9999 -9999 -9999 -9999 -9999 -9999 -9999 -9999 -9999 -9999 -9999 -9999 -9999 -9999 -9999 8.9967E-1 7.94774E-1 9.52193E-1 9.88727E-1 9.75897E-1 9.80974E-1 9.95796E-1 9.97274E-1 9.87463E-1 9.83451E-1 9.42203E-1 9.10923E-1 9.49473E-1 9.01284E-1 8.2161E-1 8.50897E-1 8.36515E-1 9.84253E-1 9.95403E-1 9.73319E-1 9.70777E-1 9.53296E-1 9.84374E-1 9.74794E-1 8.13166E-1 9.58445E-1 9.95592E-1 9.99521E-1 9.95978E-1 9.99998E-1 1E0 1E0 9.9984E-1 9.67408E-1 9.19246E-1 8.30043E-1 8.29279E-1
-9999 -9999 -9999 -9999 -9999 -9999 -9999 -9999 -9999 -9999 -9999 -9999 -9999 -9999 -9999 -9999 -9999 -9999 -9999 -9999 -9999 -9999 -9999 -9999 -9999 -9999 -9999 -9999 -9999 -9999 -9999 -9999 -9999 -9999 -9999 -9999 -9999 -9999 9.25585E-1 8.73039E-1 8.9514E-1 9.69153E-1 9.81399E-1 9.57777E-1 9.85702E-1 9.98047E-1 9.89703E-1 9.64591E-1 8.87213E-1 9.38426E-1 8.81733E-1 9.04153E-1 8.34279E-1 7.87669E-1 7.988E-1 8.72866E-1 9.57344E-1 9.86735E-1 9.75602E-1 8.72768E-1 8.83254E-1 9.51602E-1 8.91315E-1 8.72876E-1 9.8497E-1 9.99561E-1 9.99482E-1 9.99572E-1 9.99998E-1 9.99995E-1 9.96011E-1 9.43038E-1 6.38054E-1 5.87194E-1 7.76806E-1
-9999 -9999 -9999 -9999 -9999 -9999 -9999 -9999 -9999 -9999 -9999 -9999 -9999 -9999 -9999 -9999 -9999 -9999 -9999 -9999 -9999 -9999 -9999 -9999 -9999 -9999 -9999 -9999 -9999 -9999 -9999 -9999 -9999 -9999 -9999 -9999 -9999 -9999 8.99843E-1 8.68442E-1 9.12928E-1 8.91297E-1 9.10613E-1 9.38721E-1 9.9359E-1 9.79443E-1 9.18366E-1 9.1488E-1 9.41943E-1 8.94911E-1 8.66798E-1 8.72919E-1 8.66775E-1 6.73879E-1 6.05354E-1 6.77349E-1 8.62305E-1 9.22782E-1 9.71618E-1 7.95839E-1 6.37949E-1 8.65818E-1 8.74455E-1 8.88174E-1 9.68323E-1 9.95235E-1 9.8827E-1 9.92474E-1 9.99998E-1 9.99826E-1 9.81563E-1 8.91552E-1 3.79635E-1 6.19203E-1 8.02321E-1
-9999 -9999 -9999 -9999 -9999 -9999 -9999 -9999 -9999 -9999 -9999 -9999 -9999 -9999 -9999 -9999 -9999 -9999 -9999 -9999 -9999 -9999 -9999 -9999 -9999 -9999 -9999 -9999 -9999 -9999 -9999 -9999 -9999 -9999 -9999 -9999 -9999 8.78656E-1 8.67285E-1 7.72267E-1 8.68304E-1 7.92911E-1 8.99969E-1 9.35754E-1 9.82276E-1 9.95268E-1 9.89579E-1 9.44921E-1 9.26938E-1 9.56552E-1 8.06017E-1 8.50866E-1 7.41751E-1 7.48873E-1 6.03167E-1 5.60706E-1 7.13116E-1 8.9731E-1 9.08517E-1 8.50778E-1 6.25201E-1 7.18802E-1 8.85291E-1 8.2528E-1 9.18019E-1 9.37401E-1 8.54207E-1 9.12978E-1 9.99987E-1 9.91995E-1 9.5939E-1 7.67886E-1 7.1487E-1 8.99544E-1 9.50328E-1
-9999 -9999 -9999 -9999 -9999 -9999 -9999 -9999 -9999 -9999 -9999 -9999 -9999 -9999 -9999 -9999 -9999 -9999 -9999 -9999 -9999 -9999 -9999 -9999 -9999 -9999 -9999 -9999 -9999 -9999 -9999 -9999 -9999 -9999 -9999 -9999 7.09821E-1 8.98953E-1 8.55346E-1 7.86726E-1 8.16694E-1 7.78187E-1 8.45662E-1 9.24737E-1 9.97376E-1 9.71047E-1 9.5546E-1 9.44832E-1 9.72112E-1 9.42459E-1 8.48938E-1 8.69038E-1 7.88034E-1 7.06661E-1 5.63261E-1 6.01772E-1 8.07019E-1 6.62848E-1 8.2313E-1 7.66348E-1 6.45056E-1 6.45906E-1 7.5942E-1 8.44765E-1 7.57385E-1 8.50823E-1 9.67731E-1 9.99858E-1 9.97981E-1 9.90814E-1 9.10238E-1 9.11732E-1 6.94476E-1 7.71775E-1 7.19112E-1
-9999 -9999 -9999 -9999 -9999 -9999 -9999 -9999 -9999 -9999 -9999 -9999 -9999 -9999 -9999 -9999 -9999 -9999 -9999 -9999 -9999 -9999 -9999 -9999 -9999 -9999 -9999 -9999 -9999 -9999 -9999 -9999 -9999 -9999 -9999 -9999 7.15858E-1 7.60387E-1 8.81306E-1 7.52068E-1 7.70918E-1 6.69454E-1 7.98683E-1 8.32435E-1 9.74741E-1 9.36338E-1 9.41473E-1 8.84745E-1 8.86759E-1 8.88434E-1 8.67433E-1 7.58666E-1 5.66839E-1 6.74983E-1 5.4514E-1 4.03964E-1 7.27156E-1 5.93794E-1 6.98471E-1 5.00867E-1 5.81863E-1 5.56965E-1 7.15335E-1 6.25709E-1 4.93421E-1 4.25189E-1 6.89711E-1 9.73707E-1 9.91743E-1 9.61954E-1 9.14434E-1 9.92567E-1 8.68414E-1 6.98054E-1 6.16653E-1
-9999 -9999 -9999 -9999 -9999 -9999 -9999 -9999 -9999 -9999 -9999 -9999 -9999 -9999 -9999 -9999 -9999 -9999 -9999 -9999 -9999 -9999 -9999 -9999 -9999 -9999 -9999 -9999 -9999 -9999 -9999 -9999 -9999 -9999 -9999 -9999 6.52999E-1 6.96432E-1 7.09018E-1 6.85906E-1 7.11805E-1 7.47795E-1 7.39241E-1 8.36978E-1 8.94643E-1 9.81257E-1 7.65997E-1 8.7677E-1 9.32388E-1 8.40497E-1 7.17878E-1 6.45528E-1 4.47157E-1 6.00455E-1 5.46682E-1 4.60836E-1 6.3846E-1 5.09496E-1 6.22669E-1 4.75824E-1 4.93616E-1 4.96005E-1 5.41608E-1 4.51263E-1 3.40139E-1 6.60291E-1 8.88094E-1 7.76904E-1 9.87317E-1 9.67348E-1 9.69741E-1 9.64889E-1 8.24364E-1 6.14917E-1 8.34941E-1
-9999 -9999 -9999 -9999 -9999 -9999 -9999 -9999 -9999 -9999 -9999 -9999 -9999 -9999 -9999 -9999 -9999 -9999 -9999 -9999 -9999 -9999 -9999 -9999 -9999 -9999 -9999 -9999 -9999 -9999 -9999 -9999 -9999 -9999 -9999 -9999 6.73778E-1 7.39154E-1 6.89126E-1 6.50903E-1 7.4523E-1 6.92064E-1 6.70741E-1 7.24184E-1 8.77889E-1 9.74965E-1 8.40402E-1 7.89429E-1 8.17916E-1 6.87962E-1 5.87835E-1 7.01036E-1 5.82068E-1 5.39982E-1 3.08252E-1 2.60533E-1 4.30126E-1 7.44757E-1 4.85709E-1 3.67024E-1 3.1769E-1 4.35068E-1 5.20042E-1 4.00142E-1 3.22939E-1 6.1281E-1 5.94961E-1 6.81732E-1 8.60368E-1 9.26787E-1 9.67602E-1 9.20377E-1 9.23338E-1 9.71844E-1 9.23618E-1
-9999 -9999 -9999 -9999 -9999 -9999 -9999 -9999 -9999 -9999 -9999 -9999 -9999 -9999 -9999 -9999 -9999 -9999 -9999 -9999 -9999 -9999 -9999 -9999 -9999 -9999 -9999 -9999 -9999 -9999 -9999 -9999 -9999 -9999 -9999 9.35645E-1 8.77651E-1 7.79132E-1 6.65628E-1 6.71281E-1 7.00233E-1 5.83923E-1 6.25974E-1 7.14035E-1 7.7431E-1 9.68243E-1 9.56144E-1 9.18488E-1 8.19208E-1 7.26717E-1 6.07074E-1 6.44664E-1 3.57679E-1 6.15637E-1 3.59469E-1 3.16388E-1 4.74238E-1 6.51505E-1 5.96759E-1 5.01936E-1 3.34385E-1 3.2468E-1 4.21116E-1 3.18486E-1 4.59834E-1 4.80718E-1 7.73586E-1 9.23934E-1 7.13922E-1 8.77741E-1 8.7694E-1 9.73532E-1 9.44864E-1 9.23728E-1 8.17632E-1
-9999 -9999 -9999 -9999 -9999 -9999 -9999 -9999 -9999 -9999 -9999 -9999 -9999 -9999 -9999 -9999 -9999 -9999 -9999 -9999 -9999 -9999 -9999 -9999 -9999 -9999 -9999 -9999 -9999 -9999 -9999 -9999 -9999 9.00604E-1 8.23567E-1 7.89569E-1 8.5109E-1 7.82057E-1 8.03082E-1 7.46867E-1 6.94405E-1 6.80308E-1 6.02274E-1 7.23148E-1 7.95246E-1 9.56666E-1 8.94151E-1 7.84276E-1 6.34726E-1 6.27777E-1 5.85857E-1 5.15384E-1 5.89834E-1 2.65549E-1 2.99381E-1 3.7218E-1 4.20854E-1 5.00031E-1 4.81357E-1 4.18537E-1 3.34407E-1 2.65332E-1 2.69905E-1 2.77055E-1 3.14533E-1 4.11292E-1 6.67352E-1 6.61418E-1 9.52576E-1 9.04327E-1 9.15694E-1 9.44072E-1 9.70478E-1 9.79513E-1 7.96344E-1
-9999 -9999 -9999 -9999 -9999 -9999 -9999 -9999 -9999 -9999 -9999 -9999 -9999 -9999 -9999 -9999 -9999 -9999 -9999 -9999 -9999 -9999 -9999 -9999 -9999 -9999 -9999 -9999 -9999 -9999 -9999 -9999 9.5778E-1 9.11924E-1 7.75921E-1 8.1635E-1 7.7402E-1 7.73398E-1 7.73825E-1 6.9542E-1 6.11052E-1 6.5092E-1 6.90456E-1 6.01966E-1 6.29055E-1 8.6999E-1 8.75301E-1 7.17012E-1 6.93231E-1 6.9185E-1 5.97095E-1 5.588E-1 4.72108E-1 4.29361E-1 3.37565E-1 3.04538E-1 3.10362E-1 2.29031E-1 2.56926E-1 3.22906E-1 3.92525E-1 2.28442E-1 3.04342E-1 2.34999E-1 2.88773E-1 4.1589E-1 6.54031E-1 8.65366E-1 9.46977E-1 8.78966E-1 7.33736E-1 9.15948E-1 7.30963E-1 9.05862E-1 7.81698E-1
-9999 -9999 -9999 -9999 -9999 -9999 -9999 -9999 -9999 -9999 -9999 -9999 -9999 -9999 -9999 -9999 -9999 -9999 -9999 -9999 -9999 -9999 -9999 -9999 -9999 -9999 -9999 -9999 -9999 -9999 -9999 9.54922E-1 9.52182E-1 9.65248E-1 7.89915E-1 7.0965E-1 8.34832E-1 7.91349E-1 7.73531E-1 7.37372E-1 6.74743E-1 6.59429E-1 6.52839E-1 6.16437E-1 6.67271E-1 7.28343E-1 8.5223E-1 8.09297E-1 8.12372E-1 5.84727E-1 5.45473E-1 5.63486E-1 4.61792E-1 3.67375E-1 4.18901E-1 4.55353E-1 2.6265E-1 2.10022E-1 1.88904E-1 2.89997E-1 3.01607E-1 2.25837E-1 3.39922E-1 3.13857E-1 2.87882E-1 5.01042E-1 8.43244E-1 9.16424E-1 8.78204E-1 9.00704E-1 7.12152E-1 8.26302E-1 8.10321E-1 6.17389E-1 7.03926E-1
-9999 -9999 -9999 -9999 -9999 -9999 -9999 -9999 -9999 -9999 -9999 -9999 -9999 -9999 -9999 -9999 -9999 -9999 -9999 -9999 -9999 -9999 -9999 -9999 -9999 -9999 -9999 -9999 -9999 -9999 8.46131E-1 8.54017E-1 9.07292E-1 8.50155E-1 9.58653E-1 8.5482E-1 7.7092E-1 8.29682E-1 7.5221E-1 7.49947E-1 8.45928E-1 7.59532E-1 7.58365E-1 6.0537E-1 5.99597E-1 6.44815E-1 8.47154E-1 8.19116E-1 7.12961E-1 6.11883E-1 5.3204E-1 4.94408E-1 4.34033E-1 3.68975E-1 3.56929E-1 4.34406E-1 2.05151E-1 2.13496E-1 1.27667E-1 3.24576E-1 2.728E-1 2.76318E-1 2.91192E-1 2.55178E-1 3.55777E-1 6.23547E-1 8.64054E-1 8.45606E-1 8.86546E-1 8.43464E-1 6.02636E-1 6.27338E-1 7.83736E-1 6.50211E-1 5.55456E-1
-9999 -9999 -9999 -9999 -9999 -9999 -9999 -9999 -9999 -9999 -9999 -9999 -9999 -9999 -9999 -9999 -9999 -9999 -9999 -9999 -9999 -9999 -9999 -9999 -9999 -9999 -9999 -9999 -9999 9.29836E-1 8.5947E-1 8.36238E-1 9.23913E-1 8.88937E-1 9.1255E-1 9.25107E-1 9.10903E-1 8.53684E-1 6.54023E-1 7.64966E-1 8.63119E-1 7.3951E-1 8.29618E-1 8.75407E-1 7.19645E-1 6.24101E-1 6.7148E-1 7.95047E-1 6.25814E-1 5.43621E-1 4.81656E-1 4.80219E-1 4.43909E-1 3.56787E-1 3.03074E-1 3.33296E-1 4.48118E-1 4.44873E-1 2.41794E-1 2.55488E-1 2.52908E-1 2.52272E-1 3.16829E-1 4.50002E-1 6.33112E-1 8.50249E-1 7.68992E-1 6.71706E-1 7.56801E-1 7.51314E-1 6.35876E-1 6.84115E-1 4.67258E-1 3.53705E-1 2.36151E-1
-9999 -9999 -9999 -9999 -9999 -9999 -9999 -9999 -9999 -9999 -9999 -9999 -9999 -9999 -9999 -9999 -9999 -9999 -9999 -9999 -9999 -9999 -9999 -9999 -9999 -9999 -9999 -9999 9.33201E-1 8.33156E-1 8.94283E-1 8.65492E-1 8.19857E-1 8.96551E-1 8.30298E-1 8.05846E-1 9.37295E-1 7.80001E-1 6.95022E-1 6.30135E-1 6.28773E-1 5.52684E-1 6.2801E-1 8.16537E-1 8.97301E-1 6.31864E-1 5.7367E-1 6.25725E-1 5.80803E-1 6.01751E-1 4.53117E-1 4.17974E-1 4.28513E-1 3.85896E-1 3.36555E-1 3.22821E-1 3.82252E-1 3.56222E-1 2.71307E-1 2.25752E-1 2.40904E-1 3.05841E-1 4.952E-1 5.57246E-1 7.35858E-1 7.81937E-1 6.20267E-1 6.40475E-1 4.65091E-1 5.82143E-1 5.46529E-1 4.07384E-1 3.91485E-1 1.72931E-1 4.51722E-2
-9999 -9999 -9999 -9999 -9999 -9999 -9999 -9999 -9999 -9999 -9999 -9999 -9999 -9999 -9999 -9999 -9999 -9999 -9999 -9999 -9999 -9999 -9999 -9999 -9999 -9999 -9999 -9999 9.82543E-1 8.89078E-1 8.55573E-1 8.12913E-1 7.60979E-1 8.73933E-1 7.83447E-1 8.15024E-1 7.47976E-1 6.90299E-1 7.06813E-1 7.95474E-1 6.6464E-1 5.87014E-1 5.14797E-1 6.82405E-1 9.22207E-1 8.55448E-1 6.99493E-1 3.10009E-1 3.36423E-1 4.87952E-1 3.97487E-1 3.84392E-1 3.47372E-1 2.90647E-1 3.50148E-1 3.2142E-1 3.40466E-1 2.91983E-1 2.56611E-1 1.93765E-1 2.48264E-1 3.44311E-1 5.75879E-1 5.39946E-1 4.89285E-1 3.38288E-1 4.17492E-1 4.81752E-1 2.83404E-1 5.61202E-1 5.98004E-1 4.1739E-1 1.15751E-1 1.39026E-2 1.09418E-2
-9999 -9999 -9999 -9999 -9999 -9999 -9999 -9999 -9999 -9999 -9999 -9999 -9999 -9999 -9999 -9999 -9999 -9999 -9999 -9999 -9999 -9999 -9999 -9999 -9999 -9999 -9999 -9999 -9999 -9999 -9999 8.97378E-1 7.75945E-1 7.34816E-1 8.55008E-1 7.36156E-1 6.54493E-1 7.13276E-1 7.7141E-1 7.26725E-1 5.75376E-1 5.45856E-1 5.34835E-1 6.05921E-1 6.24395E-1 8.13608E-1 8.88459E-1 6.53533E-1 6.5163E-1 7.31409E-1 5.03033E-1 4.44058E-1 3.75258E-1 3.24308E-1 3.6133E-1 2.72943E-1 2.76563E-1 2.96947E-1 2.12692E-1 2.41767E-1 4.36458E-1 4.71723E-1 5.28743E-1 5.14497E-1 3.30715E-1 1.92856E-1 1.23976E-1 1.75223E-1 8.61305E-2 3.0919E-1 4.72185E-1 4.5205E-1 7.49665E-2 3.60719E-3 5.66256E-4
-9999 -9999 -9999 -9999 -9999 -9999 -9999 -9999 -9999 -9999 -9999 -9999 -9999 -9999 -9999 -9999 -9999 -9999 -9999 -9999 -9999 -9999 -9999 -9999 -9999 -9999 -9999 -9999 -9999 -9999 -9999 8.04337E-1 7.78778E-1 7.07964E-1 6.49143E-1 7.14567E-1 5.69952E-1 6.07376E-1 5.23162E-1 7.3622E-1 6.59117E-1 4.69837E-1 4.85784E-1 5.01499E-1 5.09787E-1 5.79496E-1 5.94677E-1 3.91768E-1 3.30471E-1 5.58257E-1 6.7132E-1 5.90998E-1 4.68687E-1 3.75553E-1 3.74865E-1 3.51203E-1 1.9085E-1 2.6059E-1 2.34734E-1 3.7699E-1 4.67475E-1 4.09513E-1 3.30836E-1 1.87368E-1 7.97735E-2 3.19117E-2 4.97373E-2 3.29457E-2 2.21966E-2 1.68676E-1 4.24489E-1 3.85997E-1 9.63564E-2 2.447E-3 2.21927E-3
-9999 -9999 -9999 -9999 -9999 -9999 -9999 -9999 -9999 -9999 -9999 -9999 -9999 -9999 -9999 -9999 -9999 -9999 -9999 -9999 -9999 -9999 -9999 -9999 -9999 -9999 -9999 -9999 -9999 -9999 8.62603E-1 7.1755E-1 7.65864E-1 6.86014E-1 6.28968E-1 7.04214E-1 6.16376E-1 5.87049E-1 5.58314E-1 6.38926E-1 6.68312E-1 4.83454E-1 4.63357E-1 4.50431E-1 4.9019E-1 5.84633E-1 4.99589E-1 4.64221E-1 3.87114E-1 4.24153E-1 5.25863E-1 7.16636E-1 5.99273E-1 3.83649E-1 1.95905E-1 2.86573E-1 2.99752E-1 2.18271E-1 2.40999E-1 3.9601E-1 3.87583E-1 1.58925E-1 6.61809E-2 4.33195E-2 1.24834E-2 2.00792E-2 2.91127E-2 1.99654E-2 7.75582E-3 1.20073E-1 4.90196E-1 2.7457E-1 1.76629E-2 6.88774E-4 1.72231E-3
-9999 -9999 -9999 -9999 -9999 -9999 -9999 -9999 -9999 -9999 -9999 -9999 -9999 -9999 -9999 -9999 -9999 -9999 -9999 -9999 -9999 -9999 -9999 -9999 -9999 -9999 -9999 -9999 -9999 -9999 7.76106E-1 6.37966E-1 6.27269E-1 6.12922E-1 5.89631E-1 6.17179E-1 6.9527E-1 5.86552E-1 5.22778E-1 4.72113E-1 5.3324E-1 5.48154E-1 4.42178E-1 4.66531E-1 4.26768E-1 4.55853E-1 4.94497E-1 4.74331E-1 4.94085E-1 5.3326E-1 5.08479E-1 5.94595E-1 8.13713E-1 6.96173E-1 3.06454E-1 2.33989E-1 2.59148E-1 1.77827E-1 2.00728E-1 3.36296E-1 1.70532E-1 4.6113E-2 9.11798E-3 4.07667E-3 2.61133E-3 3.05908E-3 2.60469E-3 2.94107E-3 9.35163E-3 1.24423E-1 3.93479E-1 7.82063E-2 7.24782E-3 9.35354E-4 5.26206E-4
-9999 -9999 -9999 -9999 -9999 -9999 -9999 -9999 -9999 -9999 -9999 -9999 -9999 -9999 -9999 -9999 -9999 -9999 -9999 -9999 -9999 -9999 -9999 -9999 -9999 9.67682E-1 9.01064E-1 8.61643E-1 8.37618E-1 9.01833E-1 8.08175E-1 6.94264E-1 6.17495E-1 6.34697E-1 5.53245E-1 5.72632E-1 5.52097E-1 6.14247E-1 5.946E-1 4.34466E-1 3.56973E-1 4.94593E-1 5.33116E-1 4.78823E-1 4.46829E-1 5.22713E-1 5.54965E-1 4.67285E-1 4.8857E-1 3.70941E-1 4.58066E-1 4.42431E-1 6.6687E-1 6.08393E-1 4.98722E-1 2.04998E-1 2.29997E-1 1.64435E-1 1.88992E-1 3.16102E-1 1.22189E-1 2.08382E-2 1.45222E-3 2.40807E-4 1.81272E-4 1.06132E-4 1.03614E-4 1.04551E-3 3.86366E-2 1.19595E-1 1.70082E-1 1.57541E-1 4.13365E-2 7.92294E-3 3.90354E-4
-9999 -9999 -9999 -9999 -9999 -9999 -9999 -9999 -9999 -9999 -9999 -9999 -9999 -9999 -9999 -9999 -9999 -9999 -9999 -9999 -9999 -9999 9.6775E-1 9.35413E-1 9.32336E-1 9.49122E-1 9.69418E-1 8.91651E-1 8.72588E-1 9.02402E-1 8.53541E-1 8.84686E-1 7.63277E-1 6.21517E-1 6.04605E-1 5.4534E-1 4.52095E-1 4.12199E-1 4.9371E-1 5.25478E-1 4.00273E-1 4.64315E-1 5.02815E-1 4.2845E-1 4.64579E-1 5.28865E-1 4.47293E-1 3.88513E-1 4.10335E-1 3.7158E-1 3.52382E-1 3.43334E-1 6.59379E-1 7.96598E-1 4.86419E-1 5.23485E-1 4.5808E-1 3.51484E-1 1.08655E-1 2.22564E-1 5.82306E-2 3.60516E-3 4.61281E-4 1.64208E-4 1.33104E-4 5.85045E-5 2.58191E-5 5.05252E-4 1.22217E-2 2.01443E-2 5.94704E-2 1.03353E-1 4.36001E-2 1.0921E-2 4.05211E-4
-9999 -9999 -9999 -9999 -9999 -9999 -9999 -9999 -9999 -9999 -9999 -9999 -9999 -9999 -9999 -9999 -9999 -9999 -9999 -9999 -9999 9.82552E-1 9.99823E-1 9.92798E-1 9.9938E-1 9.98823E-1 9.64685E-1 9.44512E-1 9.74629E-1 8.09109E-1 7.47987E-1 8.19548E-1 5.9149E-1 6.03998E-1 5.15159E-1 5.07896E-1 4.03075E-1 4.29322E-1 4.90057E-1 4.73944E-1 3.95536E-1 3.78767E-1 4.35983E-1 4.82951E-1 4.33702E-1 4.63822E-1 5.08579E-1 4.34344E-1 3.50912E-1 3.23167E-1 3.62019E-1 3.61419E-1 5.07321E-1 5.02597E-1 4.37663E-1 6.27397E-1 5.50323E-1 3.53431E-1 1.73965E-1 1.52411E-1 2.89399E-2 7.57691E-3 1.3949E-3 4.4824E-4 1.68191E-4 1.11158E-4 7.90732E-5 4.00249E-4 1.40801E-3 5.30631E-3 9.08383E-3 4.16527E-2 6.76216E-2 1.91324E-2 1.9246E-3
-9999 -9999 -9999 -9999 -9999 -9999 -9999 -9999 -9999 -9999 -9999 -9999 -9999 -9999 -9999 -9999 -9999 -9999 -9999 -9999 -9999 9.85133E-1 9.88579E-1 9.80738E-1 9.85724E-1 9.97206E-1 9.99649E-1 9.98812E-1 9.08264E-1 7.74138E-1 6.85219E-1 6.2759E-1 6.20271E-1 7.07893E-1 6.7659E-1 5.19566E-1 4.71756E-1 4.73378E-1 5.03667E-1 3.91319E-1 3.34034E-1 4.17483E-1 4.1339E-1 4.01201E-1 4.27449E-1 4.71648E-1 4.76597E-1 3.34465E-1 3.57834E-1 3.15254E-1 2.59291E-1 3.36857E-1 4.15772E-1 4.12889E-1 3.58496E-1 2.40138E-1 4.4841E-1 3.68308E-1 1.62124E-1 1.08609E-1 6.56209E-2 2.84203E-2 5.24907E-3 1.60794E-3 5.30871E-4 3.10461E-4 2.64697E-4 2.25568E-4 4.72033E-4 7.15235E-4 2.24825E-3 3.82324E-2 4.26744E-2 1.51518E-2 4.77549E-3
-9999 -9999 -9999 -9999 -9999 -9999 -9999 -9999 -9999 -9999 -9999 -9999 -9999 -9999 -9999 -9999 -9999 -9999 -9999 -9999 -9999 9.96318E-1 9.80371E-1 9.78488E-1 9.88254E-1 9.91182E-1 9.99526E-1 9.98902E-1 9.93353E-1 7.96847E-1 7.7107E-1 7.38015E-1 6.39274E-1 6.5215E-1 6.50194E-1 5.69587E-1 5.03273E-1 3.3244E-1 3.8332E-1 4.19346E-1 3.96272E-1 4.0492E-1 3.8644E-1 3.90531E-1 4.14619E-1 5.00208E-1 4.83149E-1 3.84034E-1 2.95575E-1 3.28363E-1 2.481E-1 2.96773E-1 2.50614E-1 2.48563E-1 1.78022E-1 1.51383E-1 4.9553E-1 3.91437E-1 1.88228E-1 7.63148E-2 9.10484E-2 3.57243E-2 8.65925E-3 2.47447E-3 1.2476E-3 6.11544E-4 4.30656E-4 1.67682E-4 2.66816E-4 6.79549E-4 1.64394E-3 2.52568E-2 2.52515E-2 3.98682E-3 1.1429E-3
-9999 -9999 -9999 -9999 -9999 -9999 -9999 -9999 -9999 -9999 -9999 -9999 -9999 -9999 -9999 -9999 -9999 -9999 -9999 -9999 -9999 -9999 9.94389E-1 9.31017E-1 9.8464E-1 9.76714E-1 9.78896E-1 9.88799E-1 9.95053E-1 9.8851E-1 9.61121E-1 9.59703E-1 9.26069E-1 7.34285E-1 6.08366E-1 6.71971E-1 5.20168E-1 4.25695E-1 3.83232E-1 4.11575E-1 3.43683E-1 3.57182E-1 3.71122E-1 3.92146E-1 4.26125E-1 4.25519E-1 3.93256E-1 3.77315E-1 3.25914E-1 4.08994E-1 3.53197E-1 2.56491E-1 2.51748E-1 2.29434E-1 1.51461E-1 1.70067E-1 3.06118E-1 4.40142E-1 3.97243E-1 2.42952E-1 9.94206E-2 3.10173E-2 6.23143E-3 1.08285E-3 7.77085E-4 6.95548E-4 3.0468E-4 2.52712E-4 2.72042E-4 4.64644E-4 1.11091E-3 5.7768E-3 4.43343E-3 6.24115E-3 1.71867E-4
-9999 -9999 -9999 -9999 -9999 -9999 -9999 -9999 -9999 -9999 -9999 -9999 -9999 -9999 -9999 -9999 -9999 -9999 -9999 -9999 -9999 -9999 9.90287E-1 9.92347E-1 9.43817E-1 9.23499E-1 8.8166E-1 8.86685E-1 9.9052E-1 9.99709E-1 9.99833E-1 9.89788E-1 9.21317E-1 6.11699E-1 8.31678E-1 6.88945E-1 5.94405E-1 4.55247E-1 4.04124E-1 4.04623E-1 3.38219E-1 3.57082E-1 4.94066E-1 3.46376E-1 3.39097E-1 4.08072E-1 4.12782E-1 4.55003E-1 4.10196E-1 3.59062E-1 2.95806E-1 2.84243E-1 2.44211E-1 1.23763E-1 4.48207E-2 4.11235E-2 7.87995E-2 1.46916E-1 4.08838E-1 2.5338E-1 1.34155E-1 4.63505E-2 7.78164E-3 3.03942E-3 1.47614E-3 1.16326E-3 9.61721E-4 5.56744E-4 1.94691E-4 2.13784E-4 5.72521E-4 1.4891E-3 1.01358E-3 5.66433E-4 2.23647E-4
-9999 -9999 -9999 -9999 -9999 -9999 -9999 -9999 -9999 -9999 -9999 -9999 -9999 -9999 -9999 -9999 -9999 -9999 -9999 -9999 -9999 -9999 8.8566E-1 9.77491E-1 9.78693E-1 9.8674E-1 9.77791E-1 8.60434E-1 8.44695E-1 9.5406E-1 9.86639E-1 9.90163E-1 9.82436E-1 8.17586E-1 8.58214E-1 6.85964E-1 6.16704E-1 4.65279E-1 4.2631E-1 3.8239E-1 4.49506E-1 6.79526E-1 4.4386E-1 6.98074E-1 7.54281E-1 7.22518E-1 7.24932E-1 5.53288E-1 4.56763E-1 3.4376E-1 3.73008E-1 2.86526E-1 1.94452E-1 8.27157E-2 1.59054E-2 4.71555E-3 5.34798E-3 5.82572E-2 2.83411E-1 2.90237E-1 1.76952E-1 8.88457E-2 3.74814E-2 1.04138E-2 3.36115E-3 1.65639E-3 1.07722E-3 6.73522E-4 3.20963E-4 1.50709E-4 2.28175E-4 2.3616E-4 5.47251E-4 2.0196E-4 6.02037E-5
-9999 -9999 -9999 -9999 -9999 -9999 -9999 -9999 -9999 -9999 -9999 -9999 -9999 -9999 -9999 -9999 -9999 -9999 -9999 -9999 -9999 -9999 9.20954E-1 9.81514E-1 9.79918E-1 9.9172E-1 9.80697E-1 9.40885E-1 8.72881E-1 9.61728E-1 9.74847E-1 9.68031E-1 9.85221E-1 9.95338E-1 9.9825E-1 9.9761E-1 9.69319E-1 7.01747E-1 6.09245E-1 5.2138E-1 7.39584E-1 9.20043E-1 8.22151E-1 9.00968E-1 9.24338E-1 9.01453E-1 6.29077E-1 3.91878E-1 3.96752E-1 2.75602E-1 2.29023E-1 2.56411E-1 1.33023E-1 5.75436E-2 6.23513E-3 4.49128E-4 1.37239E-3 1.71347E-2 1.23244E-1 3.52685E-1 2.5387E-1 5.95616E-2 2.10792E-2 7.20337E-3 2.77156E-3 1.53903E-3 7.26693E-4 6.28874E-4 6.91758E-4 6.60435E-4 1.19497E-3 2.06941E-3 1.26528E-3 1.14548E-3 1.08329E-4
