ENM/Final_Models/M_1_F_lqp_Set_1_E/Gustavia_santanderiensis_4_Choco.asc
ncols         367
nrows         963
xllcorner     -78.6
yllcorner     0.65
cellsize      0.00833333333333323
NODATA_value  -9999
[rows 792 to 824 of 963, columns 146 to 218 of 367]
7.17351E-8 7.00701E-8 4.8117E-8 3.37643E-9 5.80997E-9 1.27403E-8 7.7006E-9 1.03027E-7 4.14581E-8 2.63754E-8 7.30109E-9 2.49108E-8 4.93407E-9 2.77587E-8 2.81255E-6 1.77686E-4 7.49126E-5 5.45279E-6 3.25806E-7 1.80217E-7 6.62646E-7 8.9829E-6 5.97021E-5 1.86773E-4 3.37534E-4 -9999 -9999 -9999 8.24147E-3 5.9573E-3 3.27508E-2 -9999 -9999 -9999 -9999 -9999 -9999 -9999 -9999 -9999 -9999 -9999 -9999 -9999 -9999 -9999 -9999 -9999 -9999 1.27129E-2 1.93274E-3 2.05124E-3 1.99734E-3 4.73227E-4 6.59867E-5 1.04555E-5 8.51959E-5 3.61404E-5 6.75375E-6 9.10501E-7 6.28207E-7 4.98256E-7 2.94077E-6 6.56967E-6 1.05506E-6 1.02151E-6 9.75248E-6 6.33905E-5 4.00411E-6 1.19079E-6 1.8311E-7 2.58739E-7 4.25571E-7
2.54381E-7 1.52236E-6 1.89433E-8 1.88435E-8 1.71241E-8 5.45237E-8 9.20769E-9 2.68708E-8 1.35053E-8 9.47966E-9 1.47795E-8 7.13961E-8 9.72129E-8 5.23598E-7 5.77686E-6 2.58063E-4 3.74801E-5 4.92478E-7 1.06318E-7 2.79864E-7 2.47035E-6 2.05033E-5 1.80583E-4 8.73233E-4 2.23241E-3 3.45279E-3 -9999 -9999 -9999 -9999 -9999 -9999 -9999 -9999 -9999 -9999 -9999 -9999 -9999 -9999 -9999 -9999 -9999 -9999 -9999 -9999 -9999 3.10976E-2 7.98647E-3 2.39039E-3 5.02018E-3 2.89137E-3 6.53044E-4 1.57654E-4 6.57564E-5 7.1732E-6 2.566E-5 3.77738E-5 3.29469E-6 2.33752E-7 4.39157E-7 2.30435E-7 9.98017E-7 6.76426E-7 7.77988E-7 1.52599E-6 1.14359E-5 6.70501E-6 1.1055E-5 7.32967E-7 1.60806E-7 9.3092E-8 1.94304E-7
7.69891E-6 4.81554E-6 1.11667E-8 1.36213E-8 1.41469E-8 1.96935E-7 5.71162E-8 4.31181E-8 1.66111E-8 1.81776E-8 1.43807E-8 9.90163E-8 5.86011E-6 3.57913E-6 2.21994E-4 1.60725E-4 1.49631E-5 6.74217E-7 4.18466E-8 1.4968E-6 1.28355E-5 1.03829E-4 5.90598E-4 1.57231E-3 1.20155E-3 3.16976E-3 -9999 -9999 -9999 -9999 -9999 -9999 -9999 -9999 -9999 -9999 -9999 -9999 -9999 -9999 -9999 -9999 -9999 -9999 -9999 -9999 2.66944E-2 1.6135E-2 -9999 5.92986E-3 4.94707E-3 8.88214E-4 6.60847E-4 4.31453E-4 9.40665E-5 3.30383E-5 7.06074E-6 1.50464E-6 1.9876E-6 8.15034E-7 7.09053E-7 7.05469E-7 1.55504E-6 7.94126E-7 2.33034E-7 6.94157E-7 3.05927E-6 1.9401E-6 1.42602E-5 6.54701E-7 1.53959E-7 1.20234E-7 1.21048E-7
3.0652E-5 1.93389E-6 6.77193E-8 2.47248E-8 1.1439E-8 5.196E-8 3.52957E-7 6.20604E-7 4.359E-8 1.17028E-7 1.21955E-7 2.16488E-7 1.57713E-5 2.16126E-4 5.46331E-4 6.2367E-5 7.29956E-6 4.5879E-8 1.17251E-7 1.70336E-6 2.93742E-5 2.56456E-4 2.17723E-3 2.26033E-3 5.30904E-3 -9999 -9999 -9999 -9999 -9999 -9999 -9999 -9999 -9999 -9999 -9999 -9999 -9999 -9999 -9999 -9999 -9999 -9999 -9999 -9999 2.05854E-2 2.22167E-2 -9999 -9999 1.32628E-2 9.76152E-3 2.27339E-3 1.11426E-3 1.92373E-4 4.776E-4 3.08594E-4 2.50198E-5 1.30465E-6 4.66847E-6 7.2057E-7 6.68237E-7 1.02358E-6 1.13654E-6 1.01628E-6 6.23723E-7 9.40218E-7 7.27452E-7 4.23983E-7 9.28318E-7 1.64005E-6 2.70868E-7 9.19666E-8 9.17142E-8
1.5914E-6 3.48668E-7 6.23438E-8 8.48492E-9 1.01664E-8 7.8936E-9 2.76966E-8 1.87391E-7 2.16138E-6 2.52907E-6 1.62417E-8 5.03669E-7 2.17917E-6 2.55872E-4 6.3139E-4 -9999 -9999 8.24866E-7 6.02941E-7 1.14209E-5 5.11364E-5 3.05473E-4 1.64425E-3 4.59452E-3 -9999 -9999 -9999 -9999 -9999 -9999 -9999 -9999 -9999 -9999 -9999 -9999 -9999 -9999 -9999 -9999 -9999 -9999 -9999 -9999 -9999 -9999 -9999 -9999 -9999 4.2838E-3 4.06401E-3 7.23678E-3 4.45355E-3 2.41724E-3 8.35559E-4 1.02862E-3 1.31783E-4 4.73032E-5 1.74268E-5 1.62125E-6 1.17838E-6 4.52695E-7 3.27668E-7 5.42386E-7 5.80759E-7 1.18304E-6 9.26155E-7 5.84448E-7 3.23236E-7 5.2822E-7 6.41878E-7 1.54405E-7 1.02967E-7
9.95856E-8 3.29028E-8 1.38976E-8 1.35019E-8 8.95812E-9 3.69945E-9 1.31262E-8 2.65618E-8 6.40143E-8 6.85766E-6 1.9312E-5 4.25243E-6 8.79892E-6 5.50489E-4 7.9424E-4 -9999 -9999 4.72416E-6 7.94842E-6 5.97029E-5 3.80387E-4 1.06965E-3 2.4833E-3 2.21766E-3 1.04033E-2 -9999 -9999 -9999 -9999 -9999 -9999 -9999 -9999 -9999 -9999 -9999 -9999 -9999 -9999 -9999 -9999 -9999 -9999 -9999 -9999 -9999 -9999 -9999 -9999 2.90801E-3 1.95546E-3 4.61531E-3 1.58326E-3 6.94296E-4 5.00243E-4 3.24564E-4 1.82984E-4 7.88917E-5 7.79158E-5 1.24987E-5 1.44943E-6 8.09314E-7 6.5892E-7 2.51011E-7 3.3432E-7 1.18531E-6 7.88017E-7 2.01562E-7 2.30165E-7 3.15002E-7 3.65099E-7 1.41538E-7 1.18774E-7
1.1281E-7 9.88487E-9 1.20086E-8 1.00509E-7 2.15485E-8 1.28905E-8 7.84946E-8 1.30261E-8 2.22522E-8 1.27162E-7 1.2048E-5 8.37995E-5 4.05281E-4 8.18779E-4 9.67348E-4 -9999 -9999 1.00937E-4 1.16703E-4 2.94808E-4 5.82127E-4 3.92073E-3 4.37929E-3 2.45454E-3 1.70818E-2 -9999 -9999 -9999 -9999 -9999 -9999 -9999 -9999 -9999 -9999 -9999 -9999 -9999 -9999 -9999 -9999 -9999 -9999 -9999 -9999 -9999 -9999 -9999 -9999 2.0082E-3 1.31209E-3 3.76859E-3 6.75895E-4 7.75496E-5 1.21797E-5 3.93419E-5 2.07371E-5 2.16248E-5 2.42599E-6 5.27969E-6 3.08591E-6 2.49191E-6 1.60836E-6 4.50275E-7 1.37133E-7 1.93592E-7 2.4615E-7 1.78575E-7 1.21823E-7 5.63527E-7 4.06427E-7 1.63751E-7 9.93417E-8
2.03889E-8 1.11544E-8 3.69953E-8 4.00894E-7 1.15924E-7 5.1998E-7 1.99357E-7 3.11602E-8 2.1951E-8 2.24941E-8 3.43994E-7 5.9642E-6 8.79041E-4 -9999 -9999 -9999 -9999 6.20736E-4 4.14968E-4 1.48317E-3 2.4545E-3 4.81503E-3 -9999 -9999 -9999 -9999 -9999 -9999 -9999 -9999 -9999 -9999 -9999 -9999 -9999 -9999 -9999 -9999 -9999 -9999 -9999 -9999 -9999 -9999 -9999 -9999 -9999 -9999 9.58913E-4 1.58555E-3 8.43531E-4 9.70581E-4 4.10881E-4 3.25404E-5 1.36075E-5 1.61782E-5 7.49244E-5 5.78092E-6 1.33703E-6 1.75647E-6 1.53351E-6 6.2529E-7 9.27631E-7 3.90912E-7 1.60076E-7 9.0555E-8 6.78613E-8 6.98693E-8 1.40873E-7 3.65975E-7 2.13984E-7 3.79886E-7 1.21682E-7
1.71635E-8 3.5339E-8 1.06124E-7 6.26366E-7 2.04487E-6 4.44756E-7 6.6968E-8 2.81244E-8 1.09963E-8 1.46682E-8 2.54083E-7 3.05164E-5 1.48784E-3 -9999 -9999 -9999 -9999 5.36923E-4 2.9928E-3 1.19954E-3 1.25812E-2 2.84475E-2 -9999 -9999 -9999 -9999 -9999 -9999 -9999 -9999 -9999 -9999 -9999 -9999 -9999 -9999 -9999 -9999 -9999 -9999 -9999 -9999 -9999 -9999 -9999 -9999 -9999 -9999 2.02128E-4 1.24937E-4 1.47376E-3 4.48674E-4 1.36375E-4 8.39727E-5 1.07876E-5 2.58926E-6 9.05683E-6 4.83797E-6 1.60257E-6 1.26838E-6 8.25909E-7 4.89848E-7 1.96855E-6 2.45461E-7 9.27123E-8 1.36272E-7 1.31407E-7 1.19363E-7 1.69537E-7 1.1587E-7 5.04669E-8 2.69561E-7 5.08098E-7
8.10972E-9 3.24584E-8 3.24181E-6 6.32106E-6 2.71246E-6 1.45408E-7 2.93372E-8 1.59231E-8 1.26814E-8 5.14367E-8 1.20744E-6 4.71997E-5 1.31311E-3 1.05557E-3 -9999 -9999 -9999 -9999 -9999 9.80343E-3 1.52333E-2 2.39056E-2 -9999 -9999 -9999 -9999 -9999 -9999 -9999 -9999 -9999 -9999 -9999 -9999 -9999 -9999 -9999 -9999 -9999 -9999 -9999 -9999 -9999 -9999 -9999 -9999 -9999 -9999 1.27893E-4 3.89803E-4 7.44208E-4 2.30324E-4 6.82731E-6 1.74382E-5 3.9054E-5 2.24416E-5 1.05825E-5 1.24765E-6 9.67538E-7 5.64308E-7 7.42057E-7 4.9524E-7 3.34007E-7 3.91274E-7 2.3045E-7 1.09704E-7 1.09528E-7 5.70917E-8 4.44208E-8 4.72483E-8 5.7386E-8 3.54564E-8 9.81717E-8
9.92541E-8 1.47985E-7 5.18766E-7 1.76741E-5 2.14929E-6 2.69938E-7 6.64028E-8 2.80071E-8 2.17314E-8 1.25667E-7 7.28257E-6 1.16455E-4 7.80271E-4 3.47416E-4 -9999 -9999 -9999 -9999 -9999 -9999 1.92693E-2 -9999 -9999 -9999 -9999 -9999 -9999 -9999 -9999 -9999 -9999 -9999 -9999 -9999 -9999 -9999 -9999 -9999 -9999 -9999 -9999 -9999 -9999 -9999 -9999 -9999 -9999 -9999 1.86112E-3 1.28934E-4 3.14323E-4 1.41265E-4 4.00206E-5 7.00183E-5 6.54111E-5 2.66102E-5 3.52416E-6 1.24471E-6 1.91814E-7 2.68346E-7 2.55812E-7 2.60121E-7 2.16146E-7 1.7423E-7 2.0223E-7 7.73668E-8 6.98144E-8 7.18932E-8 6.41835E-8 7.80769E-8 5.00471E-8 4.99959E-8 1.43544E-7
4.07492E-6 1.26928E-6 1.2291E-6 1.31525E-5 2.43732E-5 4.43809E-6 3.49234E-7 7.36235E-8 1.17208E-8 5.33769E-8 6.5258E-7 4.7178E-5 3.1721E-5 2.80903E-5 1.02501E-4 2.50702E-4 9.42248E-4 -9999 -9999 -9999 -9999 -9999 -9999 -9999 -9999 -9999 -9999 -9999 -9999 -9999 -9999 -9999 -9999 -9999 -9999 -9999 -9999 -9999 -9999 -9999 -9999 -9999 -9999 -9999 -9999 -9999 -9999 -9999 2.36945E-3 3.69336E-4 6.1566E-4 6.45827E-4 4.04361E-4 4.76164E-5 2.19239E-5 2.03461E-6 9.71632E-7 1.08637E-6 1.60502E-6 3.08121E-7 2.29346E-7 5.06828E-8 1.07472E-7 1.25344E-7 9.22757E-8 8.61727E-8 8.74615E-8 8.90026E-8 1.33306E-7 1.11444E-7 2.34478E-8 3.39529E-8 3.33429E-8
2.76644E-5 3.46676E-6 6.99404E-7 2.32164E-5 2.43296E-5 3.14613E-6 1.34338E-7 3.20055E-8 8.85227E-9 2.0393E-8 1.19439E-6 4.34873E-5 2.90547E-5 1.25285E-4 1.58238E-4 6.85318E-5 2.3096E-4 1.74783E-3 8.41317E-3 -9999 -9999 -9999 -9999 -9999 -9999 -9999 -9999 -9999 -9999 -9999 -9999 -9999 -9999 -9999 -9999 -9999 -9999 -9999 -9999 -9999 -9999 -9999 -9999 -9999 -9999 -9999 -9999 -9999 -9999 7.91504E-4 6.4943E-4 9.85705E-4 3.79973E-4 2.09736E-5 3.40287E-6 7.98903E-7 4.67473E-7 4.52895E-7 1.56733E-6 7.67567E-7 1.80773E-7 5.60047E-8 6.67797E-8 9.63209E-8 9.38491E-8 8.05474E-8 8.60993E-8 9.66368E-8 1.25303E-7 8.17559E-8 3.9651E-8 4.35543E-8 3.40745E-8
3.61758E-5 3.39061E-6 7.62936E-6 1.02828E-4 4.42624E-5 2.33636E-6 1.61564E-7 3.93849E-8 7.96691E-9 3.87569E-8 6.76642E-7 1.87405E-5 2.54688E-4 5.03378E-4 6.28815E-4 2.89125E-4 2.58449E-4 6.24717E-3 2.8571E-2 1.26974E-2 -9999 -9999 -9999 -9999 -9999 -9999 -9999 -9999 -9999 -9999 -9999 -9999 -9999 -9999 -9999 -9999 -9999 -9999 -9999 -9999 -9999 -9999 -9999 -9999 -9999 -9999 -9999 -9999 -9999 2.04318E-3 9.13922E-4 5.33575E-4 3.55992E-4 1.84878E-4 8.65379E-6 1.67619E-6 3.37448E-6 4.83484E-6 1.86529E-6 2.35032E-7 1.87292E-7 1.18119E-7 1.17835E-7 5.97551E-8 5.04428E-8 9.03441E-8 7.5537E-8 1.24977E-7 1.35841E-7 6.23158E-8 4.59397E-8 2.9928E-8 3.57064E-8
8.29162E-5 2.85822E-6 6.01693E-5 2.58768E-4 2.17026E-5 9.34031E-7 4.27824E-8 1.72013E-8 1.5981E-8 3.92502E-7 1.3579E-5 2.95174E-5 8.02803E-4 1.14747E-3 6.14742E-3 -9999 4.33047E-4 7.75559E-3 -9999 -9999 -9999 -9999 -9999 -9999 -9999 -9999 -9999 -9999 -9999 -9999 -9999 -9999 -9999 -9999 -9999 -9999 -9999 -9999 -9999 -9999 -9999 -9999 -9999 -9999 -9999 -9999 -9999 -9999 -9999 -9999 2.8358E-3 1.47064E-3 1.01087E-3 7.03226E-5 5.05811E-6 3.75331E-6 3.64493E-5 1.495E-5 8.64328E-7 1.3309E-7 9.98504E-8 1.46551E-7 1.46517E-7 2.66501E-7 1.37426E-7 1.74508E-7 1.3155E-7 1.32692E-7 1.27143E-7 6.44429E-8 7.62105E-8 8.35416E-8 8.68642E-8
1.75372E-4 9.19525E-5 2.49112E-4 1.00084E-4 7.98752E-6 4.41874E-7 2.78959E-8 1.6076E-8 1.17817E-7 2.54879E-5 7.09564E-5 7.85054E-5 1.26155E-3 1.25557E-3 8.70451E-3 -9999 1.66634E-3 -9999 -9999 -9999 -9999 -9999 -9999 -9999 -9999 -9999 -9999 -9999 -9999 -9999 -9999 -9999 -9999 -9999 -9999 -9999 -9999 -9999 -9999 -9999 -9999 -9999 -9999 -9999 -9999 -9999 -9999 -9999 -9999 -9999 -9999 1.93614E-3 1.58089E-3 2.42792E-4 2.18948E-5 4.63096E-5 3.71681E-5 1.29281E-5 1.44693E-6 3.5236E-7 3.91193E-7 2.23486E-7 1.49817E-7 4.67463E-7 3.39329E-7 3.23804E-7 1.35457E-7 1.1932E-7 5.98642E-8 6.69827E-8 1.06284E-7 1.21531E-7 1.20367E-7
4.29819E-4 4.04617E-4 3.00393E-4 5.227E-5 7.0664E-6 3.92296E-7 2.41355E-8 4.63326E-8 4.54144E-7 3.386E-5 3.25031E-4 3.51457E-4 1.30472E-3 7.40635E-3 -9999 -9999 -9999 -9999 -9999 -9999 -9999 -9999 -9999 -9999 -9999 -9999 -9999 -9999 -9999 -9999 -9999 -9999 -9999 -9999 -9999 -9999 -9999 -9999 -9999 -9999 -9999 -9999 -9999 -9999 -9999 -9999 -9999 -9999 -9999 -9999 -9999 -9999 1.02408E-3 5.10316E-5 8.54126E-5 1.54052E-4 8.76721E-5 1.79955E-5 2.35966E-6 7.87278E-7 1.07789E-6 1.12657E-6 6.68141E-7 2.97867E-7 1.00581E-6 2.53893E-7 1.02502E-7 9.9546E-8 6.85755E-8 7.13464E-8 3.47532E-8 9.39782E-8 1.19598E-7
1.0066E-3 4.1059E-4 1.05681E-4 2.6207E-5 8.31318E-6 8.57926E-7 6.23795E-8 2.12962E-8 3.06505E-6 1.33404E-4 3.73389E-4 1.75901E-3 8.39698E-4 2.71077E-3 -9999 -9999 -9999 -9999 -9999 -9999 -9999 -9999 -9999 -9999 -9999 -9999 -9999 -9999 -9999 -9999 -9999 -9999 -9999 -9999 -9999 -9999 -9999 -9999 -9999 -9999 -9999 -9999 -9999 -9999 -9999 -9999 1.76359E-3 1.37045E-3 1.75678E-3 -9999 -9999 -9999 -9999 1.01251E-3 1.23189E-3 5.66813E-4 1.12281E-4 2.09563E-5 1.49414E-6 2.38867E-6 2.14727E-6 5.96995E-6 1.07475E-6 4.67115E-8 3.90736E-7 3.43667E-7 1.88181E-7 1.3213E-7 7.78536E-8 9.38927E-8 7.88181E-8 7.19498E-8 1.44079E-7
7.2129E-4 9.79916E-5 1.05094E-5 8.76307E-7 2.98676E-7 1.00894E-7 3.46653E-8 1.35156E-6 1.90762E-5 2.85719E-4 1.04149E-3 4.02249E-3 -9999 -9999 1.97264E-3 -9999 -9999 -9999 -9999 -9999 -9999 -9999 -9999 -9999 -9999 -9999 -9999 -9999 -9999 -9999 -9999 -9999 -9999 -9999 -9999 -9999 -9999 -9999 -9999 -9999 -9999 -9999 -9999 -9999 -9999 -9999 1.94162E-4 2.11871E-4 1.09535E-3 1.60918E-3 1.83699E-3 -9999 -9999 4.0918E-3 2.79625E-3 1.92488E-3 9.35075E-5 1.03216E-5 1.43336E-5 3.43475E-5 3.00169E-5 1.00793E-5 6.89528E-7 7.10839E-8 5.0237E-7 3.53393E-7 1.53147E-7 3.7113E-7 9.32337E-8 1.02834E-7 1.31813E-7 1.63608E-7 1.39589E-7
5.42125E-4 8.11356E-5 5.02223E-6 1.32846E-6 1.45163E-7 1.35755E-7 3.2758E-7 1.24602E-5 2.26037E-4 4.1047E-4 2.29012E-3 3.5686E-3 -9999 -9999 3.30959E-3 -9999 -9999 -9999 -9999 -9999 -9999 -9999 -9999 -9999 -9999 -9999 -9999 -9999 -9999 -9999 -9999 -9999 -9999 -9999 -9999 -9999 -9999 -9999 -9999 -9999 -9999 -9999 -9999 -9999 -9999 -9999 1.27202E-4 1.14891E-4 1.08171E-3 5.69765E-4 1.93968E-4 2.29957E-4 5.41253E-4 6.65691E-4 2.71816E-3 1.88332E-3 9.29319E-4 6.265E-5 9.98376E-5 4.26261E-5 1.78698E-5 2.23487E-6 8.22896E-8 5.42993E-8 1.09665E-7 2.34254E-7 2.39808E-7 2.31124E-7 1.73241E-7 1.25771E-7 1.80323E-7 3.188E-7 1.40727E-7
4.48755E-4 8.10925E-5 7.55685E-6 1.58443E-6 8.33831E-7 2.22039E-7 3.48704E-7 1.22499E-5 6.46568E-4 6.11869E-4 2.61208E-3 -9999 -9999 -9999 -9999 -9999 -9999 -9999 -9999 -9999 -9999 -9999 -9999 -9999 -9999 -9999 -9999 -9999 -9999 -9999 -9999 -9999 -9999 -9999 -9999 -9999 -9999 -9999 -9999 -9999 -9999 -9999 -9999 2.61807E-3 3.27254E-3 -9999 -9999 1.22379E-4 1.79952E-4 2.65311E-4 1.91665E-4 5.19603E-5 1.04811E-5 2.78594E-5 5.88726E-4 2.16414E-3 7.11725E-4 8.22934E-4 9.6789E-5 1.89369E-5 2.1844E-6 1.57249E-7 3.35099E-7 4.28868E-7 3.49917E-7 6.47721E-7 2.35731E-7 2.05713E-7 1.21448E-7 2.29077E-7 2.61547E-7 1.78943E-7 1.53965E-7
4.75468E-4 3.40598E-5 7.55638E-6 3.13513E-5 8.07434E-5 3.16641E-6 7.8292E-7 2.78082E-5 1.32502E-3 3.97214E-3 1.03148E-3 4.0143E-3 -9999 -9999 -9999 -9999 -9999 -9999 -9999 -9999 -9999 -9999 -9999 -9999 -9999 -9999 -9999 -9999 -9999 -9999 -9999 -9999 -9999 -9999 -9999 -9999 -9999 -9999 -9999 -9999 -9999 -9999 -9999 2.13943E-3 3.7876E-3 -9999 -9999 9.0212E-5 1.74319E-4 3.1844E-5 8.08742E-6 3.71852E-6 2.74676E-5 4.4643E-5 3.47207E-4 8.78572E-4 1.07428E-3 9.95325E-4 2.67232E-5 7.37773E-6 6.66257E-7 7.17066E-7 1.68583E-6 2.45453E-6 2.62273E-6 8.03087E-7 1.73453E-7 1.66081E-7 1.82845E-7 2.50284E-7 3.32446E-7 1.90774E-7 1.39902E-7
3.85593E-4 1.39038E-5 9.63471E-6 1.27621E-4 1.03984E-5 1.108E-6 7.28566E-6 3.529E-4 1.40806E-3 4.51466E-3 -9999 -9999 1.51815E-2 -9999 -9999 -9999 -9999 -9999 -9999 -9999 -9999 -9999 -9999 -9999 -9999 -9999 -9999 -9999 -9999 -9999 -9999 -9999 -9999 -9999 -9999 -9999 -9999 -9999 -9999 -9999 -9999 -9999 -9999 1.50271E-3 3.41352E-3 8.29981E-4 3.83559E-4 1.35472E-4 3.12002E-4 9.01244E-6 3.96028E-7 1.15908E-5 6.72265E-5 3.68627E-4 3.26698E-4 4.36065E-5 7.31577E-5 6.4011E-4 1.26997E-4 6.12047E-5 1.04012E-4 3.6951E-5 1.24939E-5 5.42355E-6 3.07274E-6 2.63065E-7 1.57469E-7 1.17431E-7 1.13541E-7 1.08601E-7 8.56932E-8 1.69668E-7 2.3439E-7
2.50628E-4 2.09079E-4 4.32883E-4 2.03156E-4 1.80784E-5 2.43377E-6 6.28762E-5 8.04322E-4 1.81195E-3 2.44264E-3 3.49352E-3 -9999 -9999 -9999 -9999 -9999 -9999 -9999 -9999 -9999 -9999 -9999 -9999 -9999 -9999 -9999 -9999 -9999 -9999 -9999 -9999 -9999 -9999 -9999 -9999 -9999 -9999 -9999 -9999 -9999 -9999 -9999 -9999 1.11566E-3 2.96156E-4 6.63729E-4 7.31236E-4 4.47062E-4 1.11599E-4 1.17637E-5 1.53877E-6 2.26033E-5 5.67447E-5 9.58586E-5 8.8921E-5 4.04023E-6 1.51113E-5 3.00745E-4 6.29299E-5 3.18299E-5 2.55552E-5 1.01619E-5 3.22579E-6 9.3198E-7 3.85974E-7 4.60583E-8 6.3695E-8 5.31034E-8 1.11467E-7 1.4133E-7 1.19245E-7 2.89644E-7 2.39407E-7
1.00832E-3 7.0329E-4 8.33416E-5 3.68856E-5 1.13677E-5 3.32376E-6 1.32435E-4 2.11329E-3 4.20676E-3 3.89699E-3 4.44736E-3 -9999 -9999 -9999 -9999 -9999 -9999 -9999 -9999 -9999 -9999 -9999 -9999 -9999 -9999 -9999 -9999 -9999 -9999 -9999 -9999 -9999 -9999 -9999 -9999 -9999 -9999 -9999 -9999 -9999 -9999 -9999 -9999 -9999 1.18814E-4 1.94539E-4 1.56797E-4 7.29585E-5 4.86216E-5 4.46844E-6 4.39904E-7 2.73833E-6 3.27266E-5 1.24441E-5 5.44531E-6 2.34502E-6 4.29052E-5 2.56255E-4 3.04914E-4 3.6584E-5 5.14349E-6 9.52424E-7 2.93491E-7 1.07712E-7 1.62736E-7 6.96708E-8 1.08742E-7 4.23577E-8 1.12479E-7 1.96629E-7 1.74529E-7 8.35322E-7 3.3446E-7
1.67118E-4 3.49767E-4 1.296E-5 5.6136E-6 7.33338E-7 1.01904E-6 8.40888E-5 7.29212E-3 -9999 -9999 -9999 -9999 -9999 -9999 -9999 -9999 -9999 -9999 -9999 -9999 -9999 -9999 -9999 -9999 -9999 -9999 -9999 -9999 -9999 -9999 -9999 -9999 -9999 -9999 -9999 -9999 -9999 -9999 -9999 -9999 -9999 -9999 1.71931E-3 1.83942E-4 6.20773E-4 3.11596E-4 5.76756E-5 4.46607E-5 2.20668E-5 9.49118E-7 6.90539E-8 1.88739E-7 2.45087E-6 8.37493E-7 3.18706E-7 1.01291E-5 8.90473E-6 4.74831E-5 1.33301E-4 4.68503E-5 6.34039E-6 6.00216E-7 2.69855E-8 1.97349E-8 7.05823E-8 5.47107E-7 1.09634E-6 7.34875E-7 1.34941E-7 6.93505E-8 3.47454E-7 3.4674E-7 6.84464E-7
3.172E-5 3.02757E-5 4.17434E-6 6.48834E-7 1.63762E-7 1.83491E-6 9.1122E-5 4.3608E-3 -9999 -9999 -9999 -9999 -9999 -9999 -9999 -9999 -9999 -9999 -9999 -9999 -9999 -9999 -9999 1.39139E-3 1.84527E-3 1.33181E-3 -9999 -9999 -9999 -9999 -9999 -9999 -9999 -9999 -9999 -9999 -9999 -9999 -9999 -9999 -9999 -9999 -9999 -9999 6.45522E-4 1.24046E-4 1.28735E-5 4.28291E-6 2.68857E-6 3.19799E-7 2.32658E-7 2.26055E-7 1.46231E-7 1.26023E-7 4.94642E-7 3.54211E-6 1.41504E-5 5.35504E-6 9.58731E-5 9.93813E-5 4.35874E-5 8.83009E-6 3.09624E-7 8.03037E-7 4.53438E-7 4.82576E-7 1.00239E-6 4.4986E-7 2.13442E-7 2.1854E-7 4.87749E-7 2.08828E-6 4.87016E-7
4.77109E-6 4.94361E-7 5.98712E-8 9.52112E-8 2.3612E-7 8.03956E-6 7.3476E-4 1.50748E-2 1.0005E-2 -9999 -9999 -9999 -9999 -9999 -9999 -9999 -9999 -9999 -9999 -9999 -9999 -9999 1.56871E-3 1.11663E-3 2.41929E-3 1.0655E-3 9.24802E-4 -9999 -9999 -9999 -9999 -9999 -9999 -9999 -9999 -9999 -9999 -9999 -9999 -9999 -9999 -9999 -9999 -9999 1.16777E-4 1.07222E-4 4.82291E-6 9.10161E-7 7.78543E-7 1.69728E-6 1.19218E-6 2.26745E-7 4.22229E-8 6.03377E-8 1.80436E-7 1.15971E-6 5.17129E-6 1.73057E-6 7.37588E-6 1.2945E-4 3.77116E-5 4.72889E-5 3.21035E-5 5.54616E-5 1.72197E-5 1.9806E-5 9.8372E-6 4.79649E-6 9.48609E-8 5.02641E-7 6.28075E-7 1.16246E-6 1.69767E-7
1.77029E-5 3.93189E-7 2.47177E-8 2.91665E-8 5.70873E-7 2.7969E-5 2.1305E-3 7.45362E-3 8.65025E-3 -9999 -9999 -9999 -9999 -9999 -9999 -9999 -9999 -9999 -9999 -9999 -9999 9.17595E-4 1.80198E-3 1.00706E-3 2.46857E-3 2.05353E-3 1.9789E-3 3.24805E-3 -9999 4.67057E-3 9.21865E-3 -9999 -9999 -9999 -9999 -9999 -9999 -9999 -9999 -9999 -9999 -9999 -9999 7.55758E-4 1.12078E-4 2.13383E-4 1.21011E-5 1.50409E-6 8.85855E-7 3.27555E-6 4.43361E-6 2.86648E-7 8.37671E-8 4.89387E-8 3.81326E-8 5.85006E-8 6.52444E-8 1.20132E-7 1.18826E-5 9.91989E-6 5.25313E-6 3.78238E-5 1.5551E-5 1.06485E-6 5.3442E-6 2.00438E-6 4.86758E-7 2.30471E-6 3.73775E-6 2.62694E-6 3.96499E-7 3.32523E-7 7.52303E-7
4.28049E-6 4.30024E-6 4.39018E-7 1.08613E-7 3.88845E-6 1.31117E-4 2.97811E-3 1.73947E-2 2.4093E-2 -9999 -9999 -9999 -9999 -9999 -9999 -9999 -9999 -9999 -9999 -9999 -9999 -9999 1.10945E-3 1.16943E-3 2.84318E-3 1.72443E-3 1.45714E-3 1.9774E-3 1.4674E-3 2.6415E-3 9.98548E-3 -9999 -9999 -9999 -9999 -9999 -9999 -9999 -9999 -9999 3.57291E-3 5.27514E-3 3.89516E-3 1.19746E-3 1.84097E-4 1.30941E-4 1.0741E-4 7.89957E-6 7.11387E-6 9.01863E-6 2.07944E-6 5.10819E-7 1.14814E-7 1.43527E-7 1.02206E-7 1.05788E-7 5.50957E-8 6.68275E-8 1.09732E-6 1.00207E-6 5.74086E-7 7.23388E-6 2.22717E-5 1.47492E-6 7.39162E-7 1.99439E-6 2.39552E-7 9.86801E-7 8.94332E-7 2.9738E-7 3.11214E-7 1.60874E-7 1.27851E-7
7.27141E-5 8.98677E-6 1.10369E-6 2.04255E-7 2.70723E-6 3.71089E-5 4.2316E-3 1.90879E-2 -9999 -9999 -9999 -9999 -9999 -9999 -9999 -9999 -9999 -9999 -9999 -9999 -9999 2.15331E-3 3.73922E-3 -9999 -9999 1.22937E-3 2.18699E-3 1.14417E-3 2.35197E-3 6.11626E-3 -9999 -9999 -9999 -9999 -9999 -9999 -9999 -9999 -9999 -9999 -9999 -9999 -9999 -9999 -9999 -9999 4.34849E-5 1.98798E-5 1.01779E-5 2.59667E-5 8.29804E-6 2.54995E-6 4.98314E-7 1.44952E-7 5.0166E-8 9.52401E-8 1.11781E-7 3.07706E-8 2.25436E-7 2.92335E-7 1.02631E-7 2.62987E-7 3.18362E-6 2.95641E-6 2.82619E-7 1.08637E-6 5.78203E-7 2.75344E-7 4.62016E-7 1.15861E-7 2.66175E-8 4.09067E-8 1.16461E-7
1.28641E-5 3.30368E-6 1.14647E-6 2.80938E-7 5.36308E-7 1.15491E-4 4.13213E-3 2.2535E-2 -9999 -9999 -9999 -9999 -9999 -9999 -9999 -9999 -9999 -9999 -9999 -9999 -9999 -9999 -9999 -9999 -9999 1.05536E-3 1.21594E-3 9.62455E-4 2.85064E-3 5.75829E-3 -9999 -9999 -9999 -9999 -9999 -9999 -9999 -9999 -9999 -9999 -9999 -9999 -9999 -9999 -9999 -9999 -9999 8.27784E-5 5.56854E-5 7.77695E-5 5.1254E-6 4.31207E-7 2.324E-7 1.53469E-7 1.68853E-7 7.23737E-8 6.54003E-8 8.10717E-8 2.46297E-7 3.66096E-7 1.71797E-7 5.0552E-7 2.77188E-7 1.81646E-6 3.39432E-7 2.7796E-7 9.88756E-7 2.91709E-7 5.49711E-7 1.255E-7 2.06838E-7 1.57539E-7 4.97568E-7
4.0271E-7 1.00026E-7 1.00028E-7 5.88617E-8 3.99695E-6 3.18132E-4 6.01513E-3 1.63474E-2 -9999 -9999 -9999 -9999 -9999 -9999 -9999 -9999 -9999 -9999 -9999 -9999 -9999 -9999 -9999 -9999 -9999 1.01317E-3 8.88299E-4 1.04928E-3 4.03075E-3 1.18573E-2 -9999 -9999 -9999 -9999 -9999 -9999 -9999 -9999 3.06285E-3 5.65121E-3 5.34622E-3 -9999 -9999 -9999 1.08068E-4 1.09371E-4 4.25283E-4 4.282E-4 3.14026E-4 5.56579E-5 1.57849E-5 3.7781E-6 8.67175E-7 9.66619E-8 9.34851E-8 6.93493E-8 2.05655E-8 1.48918E-7 1.67654E-7 2.61246E-7 2.51911E-7 2.04929E-7 3.68148E-7 5.04073E-7 9.09139E-7 6.65698E-8 1.9379E-7 1.46498E-7 1.72536E-7 1.24442E-7 1.85935E-7 6.2943E-7 4.19154E-7
