ENM/Final_Models/M_1_F_lqp_Set_1_E/Gustavia_santanderiensis_0_Choco_novel.asc
ncols         367
nrows         963
xllcorner     -78.6
yllcorner     0.65
cellsize      0.00833333333333323
NODATA_value  -9999
[rows 750 to 779 of 963, columns 0 to 67 of 367]
-9999 -9999 -9999 -9999 -9999 -9999 -9999 -9999 -9999 -9999 -9999 -9999 -9999 -9999 -9999 -9999 -9999 1.99581E-2 -2.47525E0 -2.9703E0 1.99581E-2 1.99581E-2 1.99581E-2 1.99581E-2 -9999 -9999 -9999 -9999 -1.04294E0 -5.42945E0 -9.40594E0 -1.78218E1 -9999 -9999 -9999 -9999 -9999 -9999 -9999 -9999 -9999 -9999 -9999 -9999 -9999 -9999 -9999 -9999 -9999 -9999 -9999 -9999 -3.26733E1 -3.31683E1 -4.90099E1 -5.64356E1 -5.69307E1 -5.74257E1 -3.41584E1 -3.61386E1 -3.61386E1 -3.41584E1 -3.26733E1 -4.70297E1 -4.70297E1 -5.9901E1 -6.43564E1 -5.39604E1
-9999 -9999 -9999 -9999 -9999 -9999 -9999 -9999 -9999 -9999 -9999 -9999 -9999 -9999 -9999 1.99581E-2 -9999 1.99581E-2 1.99581E-2 1.99581E-2 1.99581E-2 1.99581E-2 1.99581E-2 1.99581E-2 1.99581E-2 1.99581E-2 1.99581E-2 -7.05521E-1 -1.41104E0 -5.95092E0 -9.40594E0 -1.78218E1 -1.83168E1 -9999 -9999 -9999 -9999 -9999 -9999 -9999 -9999 -9999 -9999 -9999 -9999 -9999 -9999 -9999 -9999 -9999 -4.10891E1 -4.10891E1 -4.80198E1 -4.85149E1 -5.94059E1 -5.64356E1 -4.70297E1 -4.70297E1 -9999 -3.46535E1 -3.41584E1 -3.41584E1 -3.31683E1 -6.68317E1 -6.73267E1 -5.9901E1 -5.9901E1 -3.71287E1
-9999 -9999 -9999 -9999 -9999 -9999 -9999 -9999 -9999 -9999 -9999 -9999 -9999 -9999 1.99581E-2 3.99162E-2 3.99162E-2 1.99581E-2 1.99581E-2 1.99581E-2 1.99581E-2 1.99581E-2 1.99581E-2 -3.46535E0 -3.9604E0 1.99581E-2 1.99581E-2 1.99581E-2 -1.50307E0 -4.2638E0 -7.42574E0 -9.90099E0 -1.0396E1 -9999 -9999 -9999 -9999 -9999 -4.50495E1 -9999 -9999 -9999 -9999 -9999 -9999 -9999 -9999 -9999 -9999 -5.49505E1 -5.49505E1 -5.49505E1 -5.84158E1 -5.69307E1 -5.69307E1 -5.74257E1 -4.75248E1 -4.75248E1 -3.71287E1 -3.36634E1 -3.46535E1 -3.31683E1 -4.70297E1 -4.70297E1 -6.73267E1 -5.94059E1 -5.9901E1 -6.43564E1
-9999 -9999 -9999 -9999 -9999 -9999 -9999 -9999 -9999 -9999 -9999 -9999 -9999 1.99581E-2 3.99162E-2 3.99162E-2 1.99581E-2 1.99581E-2 1.99581E-2 1.99581E-2 3.99162E-2 1.99581E-2 -2.47525E0 -3.46535E0 -3.9604E0 -4.45545E0 1.99581E-2 -1.84049E-1 -2.54601E0 -3.25153E0 -4.53988E0 -9999 -9999 -9999 -9999 -3.21782E1 -3.21782E1 -4.80198E1 -5.44554E1 -5.0495E1 -3.66337E1 -3.66337E1 -4.30693E1 -9999 -9999 -9999 -9999 -9999 -4.30693E1 -5.24752E1 -5.49505E1 -5.49505E1 -5.54455E1 -5.64356E1 -5.59406E1 -3.36634E1 -3.41584E1 -9999 -3.51485E1 -3.36634E1 -3.51485E1 -4.75248E1 -4.75248E1 -4.75248E1 -4.75248E1 -6.28713E1 -6.33663E1 -5.24752E1
-9999 -9999 -9999 -9999 -9999 -9999 -9999 -9999 -9999 -9999 -9999 -9999 -9999 1.99581E-2 3.99162E-2 3.99162E-2 1.99581E-2 1.99581E-2 1.99581E-2 1.99581E-2 3.99162E-2 1.99581E-2 1.99581E-2 -2.9703E0 1.99581E-2 -4.45545E0 -4.9505E0 -6.93069E0 -5.94059E0 -3.77301E0 -6.84049E0 -1.73267E1 -9999 -9999 -3.21782E1 -4.50495E1 -4.55446E1 -4.75248E1 -3.51485E1 -3.56436E1 -2.17822E1 -3.66337E1 -5.14851E1 -4.30693E1 -4.40594E1 -4.45545E1 -5.54455E1 -4.55446E1 -5.19802E1 -5.54455E1 -5.44554E1 -5.49505E1 -5.49505E1 -5.54455E1 -5.54455E1 -4.80198E1 -4.80198E1 -4.80198E1 -3.56436E1 -3.41584E1 -3.56436E1 -3.41584E1 -4.80198E1 -5.84158E1 -5.89109E1 -6.28713E1 -5.94059E1 -6.33663E1
-9999 -9999 -9999 -9999 -9999 -9999 -9999 -9999 -9999 -9999 -9999 -9999 3.99162E-2 3.99162E-2 3.99162E-2 3.99162E-2 2.19539E-1 3.99162E-2 3.99162E-2 1.99581E-2 1.99581E-2 1.99581E-2 1.99581E-2 1.99581E-2 1.99581E-2 -4.45545E0 1.99581E-2 -5.44554E0 -7.42574E0 -7.92079E0 -7.42574E0 -1.68317E1 -1.78218E1 -9999 -4.50495E1 -3.26733E1 -4.85149E1 -4.75248E1 -2.07921E1 -1.2454E1 -1.26994E1 -3.66337E1 -3.66337E1 -4.30693E1 -4.35644E1 -4.40594E1 -2.9703E1 -4.50495E1 -5.44554E1 -4.60396E1 -5.64356E1 -5.69307E1 -5.74257E1 -5.49505E1 -6.0396E1 -6.28713E1 -4.85149E1 -4.85149E1 -3.46535E1 -3.61386E1 -3.41584E1 -4.80198E1 -6.13861E1 -6.18812E1 -5.89109E1 -5.89109E1 -4.75248E1 -3.36634E1
-9999 -9999 -9999 -9999 -9999 -9999 -9999 -9999 -9999 -9999 -9999 1.99581E-2 1.99581E-2 1.99581E-2 1.99581E-2 3.99162E-2 1.99581E-2 1.99581E-2 1.99581E-2 3.99162E-2 1.99581E-2 1.99581E-2 1.99581E-2 1.99581E-2 -2.45399E-1 -1.10429E0 -4.9505E0 -2.88344E0 -2.73006E0 -4.6319E0 -2.07921E1 -1.68317E1 -1.78218E1 -1.83168E1 -3.26733E1 -3.31683E1 -3.36634E1 -1.9802E1 -1.28713E1 -2.62376E1 -1.18812E1 -1.23762E1 -4.9505E1 -4.25743E1 -4.30693E1 -4.40594E1 -4.45545E1 -4.50495E1 -5.54455E1 -5.44554E1 -4.60396E1 -4.65347E1 -5.69307E1 -5.49505E1 -6.23762E1 -5.54455E1 -6.33663E1 -3.51485E1 -3.51485E1 -3.66337E1 -4.85149E1 -3.46535E1 -6.08911E1 -5.84158E1 -4.25743E1 -6.18812E1 -4.80198E1 -3.56436E1
-9999 -9999 -9999 -9999 -9999 -9999 -9999 -9999 -9999 -9999 -9999 1.99581E-2 1.99581E-2 3.99162E-2 1.99581E-2 1.99581E-2 1.99581E-2 1.99581E-2 1.99581E-2 1.99581E-2 1.99581E-2 1.99581E-2 1.99581E-2 1.99581E-2 -2.51534E0 -3.9604E0 -4.9505E0 -5.44554E0 -1.74847E0 -5.76687E0 -1.63366E1 -3.0198E1 -3.11881E1 -3.16832E1 -3.21782E1 -4.60396E1 -3.31683E1 -3.41584E1 -3.91089E1 -3.9604E1 -4.85149E1 -4.10891E1 -4.15842E1 -4.20792E1 -2.87129E1 -2.92079E1 -4.40594E1 -5.29703E1 -5.39604E1 -5.34653E1 -5.39604E1 -5.64356E1 -4.65347E1 -5.69307E1 -6.23762E1 -5.54455E1 -5.59406E1 -6.33663E1 -4.90099E1 -4.90099E1 -4.90099E1 -5.74257E1 -4.20792E1 -4.90099E1 -4.85149E1 -4.85149E1 -4.85149E1 -3.41584E1
-9999 -9999 -9999 -9999 -9999 -9999 -9999 -9999 -9999 -9999 -1.04165E0 1.99581E-2 1.99581E-2 1.99581E-2 1.99581E-2 1.99581E-2 1.99581E-2 1.99581E-2 1.99581E-2 1.99581E-2 1.99581E-2 1.99581E-2 -1.9802E0 1.99581E-2 -1.87117E0 -3.9604E0 -5.44554E0 -5.94059E0 -1.62577E0 -1.93069E1 -1.63366E1 -1.68317E1 -3.11881E1 -3.16832E1 -4.45545E1 -3.51485E1 -3.51485E1 -4.65347E1 -4.80198E1 -4.85149E1 -4.85149E1 -5.0495E1 -4.15842E1 -4.20792E1 -4.25743E1 -4.30693E1 -4.35644E1 -5.44554E1 -4.45545E1 -5.34653E1 -5.34653E1 -5.39604E1 -5.64356E1 -5.49505E1 -5.69307E1 -5.54455E1 -5.59406E1 -5.59406E1 -4.9505E1 -5.64356E1 -5.69307E1 -5.74257E1 -5E1 -6.08911E1 -5.84158E1 -5.89109E1 -3.46535E1 -4.85149E1
-9999 -9999 -9999 -9999 -9999 -9999 -9999 -9999 -9999 -9999 -1.04165E0 1.99581E-2 -1.04165E0 1.99581E-2 1.99581E-2 1.99581E-2 1.99581E-2 1.99581E-2 1.99581E-2 1.99581E-2 1.99581E-2 1.99581E-2 1.99581E-2 -7.66871E-1 1.99581E-2 -3.9604E0 -5.44554E0 -5.94059E0 -5.94059E0 -7.60736E0 -1.9802E1 -1.68317E1 -1.73267E1 -1.78218E1 -3.21782E1 -3.81188E1 -4.65347E1 -4.65347E1 -4.70297E1 -4.80198E1 -4.9505E1 -4.05941E1 -4.10891E1 -2.77228E1 -5.19802E1 -4.25743E1 -4.35644E1 -5.39604E1 -4.45545E1 -5.49505E1 -5.54455E1 -4.55446E1 -5.59406E1 -5.44554E1 -5.49505E1 -5.54455E1 -5E1 -5E1 -4.9505E1 -5.64356E1 -5.69307E1 -5.69307E1 -4.9505E1 -5.79208E1 -5.84158E1 -5.89109E1 -4.90099E1 -5.94059E1
-9999 -9999 -9999 -9999 -9999 -9999 -9999 -9999 -9999 -1.04165E0 -1.04165E0 -1.04165E0 1.99581E-2 1.99581E-2 1.99581E-2 -4.9505E0 1.99581E-2 1.99581E-2 1.99581E-2 1.99581E-2 1.99581E-2 1.99581E-2 1.99581E-2 1.99581E-2 1.99581E-2 -3.9604E0 -5.44554E0 -4.9505E0 -4.3865E0 -8.09816E0 -2.92079E1 -2.9703E1 -3.0198E1 -3.46535E1 -3.56436E1 -3.26733E1 -3.71287E1 -4.60396E1 -4.65347E1 -4.75248E1 -4.90099E1 -5E1 -5.0495E1 -5E1 -4.20792E1 -4.25743E1 -5.19802E1 -5.24752E1 -5.39604E1 -5.29703E1 -5.49505E1 -5.39604E1 -5.39604E1 -5.44554E1 -5.44554E1 -5.69307E1 -5.0495E1 -5.0495E1 -5E1 -6.38614E1 -5.69307E1 -4.20792E1 -4.9505E1 -6.58416E1 -6.63366E1 -5.89109E1 -5.94059E1 -5.9901E1
-9999 -9999 -9999 -9999 -9999 -9999 -9999 -9999 -1.04165E0 -1.04165E0 -1.04165E0 -1.04165E0 1.99581E-2 1.99581E-2 1.99581E-2 -4.45545E0 1.99581E-2 1.99581E-2 -6.93069E0 1.99581E-2 -4.9505E-1 -9.90099E-1 1.99581E-2 1.99581E-2 1.99581E-2 -1.90184E0 -4.17178E0 -4.9505E0 -5.64417E0 -8.37423E0 -3.21782E1 -3.31683E1 -3.36634E1 -3.41584E1 -3.51485E1 -3.21782E1 -3.66337E1 -3.71287E1 -4.65347E1 -4.70297E1 -4.75248E1 -4.85149E1 -4.90099E1 -3.66337E1 -5.0495E1 -3.71287E1 -3.81188E1 -3.81188E1 -5.24752E1 -5.39604E1 -4.45545E1 -5.34653E1 -5.39604E1 -5.39604E1 -5.64356E1 -5.69307E1 -5.0495E1 -5.0495E1 -6.33663E1 -6.38614E1 -5.69307E1 -5.64356E1 -5.94059E1 -5.69307E1 -6.53465E1 -6.58416E1 -6.13861E1 -6.18812E1
-9999 -9999 -9999 -9999 -9999 -9999 -9999 -9999 -1.04165E0 1.99581E-2 -1.04165E0 -1.04165E0 -1.04165E0 -1.04165E0 -1.04165E0 1.99581E-2 -4.9505E0 -5.94059E0 -6.43564E0 1.99581E-2 1.99581E-2 -9.90099E-1 1.99581E-2 1.99581E-2 -7.66871E-1 -1.44172E0 -4.45545E0 -4.9505E0 -5.44554E0 -6.47239E0 -2.87129E1 -1.9802E1 -2.9703E1 -3.06931E1 -3.11881E1 -3.16832E1 -4.50495E1 -3.71287E1 -2.0297E1 -2.07921E1 -3.46535E1 -3.51485E1 -3.56436E1 -3.61386E1 -5E1 -5.0495E1 -5.09901E1 -3.81188E1 -3.86139E1 -5.39604E1 -4.45545E1 -5.34653E1 -5.34653E1 -6.08911E1 -5.44554E1 -5.64356E1 -6.23762E1 -5.09901E1 -5.09901E1 -6.9802E1 -6.38614E1 -5.59406E1 -2.67327E1 -4.15842E1 -5.69307E1 -5.69307E1 -5.89109E1 -5.94059E1
-9999 -9999 -9999 -9999 -9999 -9999 -9999 -9999 -1.04165E0 3.99162E-2 3.99162E-2 -1.04165E0 -1.9802E0 -1.04165E0 1.99581E-2 1.99581E-2 1.99581E-2 1.99581E-2 1.99581E-2 -1.0396E1 -1.08911E1 -9.90099E-1 -9.90099E-1 1.99581E-2 1.99581E-2 -7.97546E-1 -2.76074E0 -4.9505E0 -1.38614E1 -1.48515E1 -2.82178E1 -2.87129E1 -2.9703E1 -3.0198E1 -3.11881E1 -3.16832E1 -3.21782E1 -3.31683E1 -3.36634E1 -3.41584E1 -3.46535E1 -2.17822E1 -2.17822E1 -3.61386E1 -3.66337E1 -3.71287E1 -3.76238E1 -3.81188E1 -3.81188E1 -5.24752E1 -5.39604E1 -5.9901E1 -6.0396E1 -5.34653E1 -5.39604E1 -6.18812E1 -6.53465E1 -5.14851E1 -5.14851E1 -5.09901E1 -5.14851E1 -6.68317E1 -6.13861E1 -5.59406E1 -4.15842E1 -5.64356E1 -5.89109E1 -6.73267E1
-9999 -9999 -9999 -9999 -9999 -9999 -9999 -1.04165E0 -1.04165E0 -1.04165E0 -1.04165E0 1.99581E-2 -1.04165E0 -1.04165E0 1.99581E-2 1.99581E-2 -1.04165E0 1.99581E-2 1.99581E-2 -9.90099E0 -1.08911E1 -9.90099E-1 1.99581E-2 -1.48515E0 1.99581E-2 -9.81595E-1 -1.23762E1 -1.33663E1 -1.38614E1 -2.72277E1 -3.9604E1 -4.05941E1 -3.26733E1 -3.0198E1 -3.06931E1 -1.83168E1 -1.88119E1 -1.9802E1 -3.36634E1 -3.41584E1 -2.07921E1 -1.53988E1 -2.17822E1 -3.61386E1 -4.9505E1 -5E1 -5.0495E1 -4.25743E1 -4.30693E1 -5.34653E1 -5.29703E1 -5.29703E1 -5.34653E1 -6.08911E1 -6.13861E1 -6.13861E1 -6.23762E1 -5.19802E1 -5.14851E1 -5.14851E1 -5.09901E1 -5.49505E1 -5.54455E1 -6.18812E1 -5.59406E1 -5.64356E1 -5.89109E1 -5.94059E1
-9999 -9999 -9999 -9999 -9999 -9999 -9999 -1.04165E0 -1.04165E0 -1.04165E0 -1.04165E0 -1.04165E0 -1.04165E0 -1.04165E0 3.99162E-2 3.99162E-2 -1.04165E0 1.99581E-2 1.99581E-2 1.99581E-2 1.99581E-2 -8.41584E0 -9.90099E-1 -1.48515E0 -2.47525E0 -2.9703E0 -1.23762E1 -1.28713E1 -7.17791E0 -1.43564E1 -2.77228E1 -2.82178E1 -1.93069E1 -2.0297E1 -1.73267E1 -1.83168E1 -3.16832E1 -1.48773E1 -2.0297E1 -2.07921E1 -1.42331E1 -2.17822E1 -3.51485E1 -2.22772E1 -4.90099E1 -4.9505E1 -5E1 -5.19802E1 -5.09901E1 -5.14851E1 -5.19802E1 -6.48515E1 -6.53465E1 -6.0396E1 -6.08911E1 -5.39604E1 -6.18812E1 -5.9901E1 -5.9901E1 -5.19802E1 -5.14851E1 -6.0396E1 -6.08911E1 -6.18812E1 -6.23762E1 -6.43564E1 -5.89109E1 -5.94059E1
-9999 -9999 -9999 -9999 -9999 -9999 -1.04165E0 -1.04165E0 -1.04165E0 -1.04165E0 -1.04165E0 -1.04165E0 -1.04165E0 -1.04165E0 -1.04165E0 1.99581E-2 1.99581E-2 1.99581E-2 1.99581E-2 1.99581E-2 1.99581E-2 1.99581E-2 -8.91089E0 -9.90099E0 -2.48466E0 -2.48466E0 -3.46535E0 -4.45545E0 -5.7362E0 -1.43564E1 -2.72277E1 -2.77228E1 -1.63366E1 -1.68317E1 -1.73267E1 -1.83168E1 -3.16832E1 -1.93069E1 -1.9802E1 -2.0297E1 -1.54294E1 -2.12871E1 -3.51485E1 -3.56436E1 -4.85149E1 -4.9505E1 -4.9505E1 -5.0495E1 -5.09901E1 -5.14851E1 -5.14851E1 -5.84158E1 -5.89109E1 -6.0396E1 -5.39604E1 -5.34653E1 -6.18812E1 -5.94059E1 -5.9901E1 -5.9901E1 -6.08911E1 -6.08911E1 -6.13861E1 -6.53465E1 -5.79208E1 -5.84158E1 -5.89109E1 -5.94059E1
-9999 -9999 -9999 -9999 -9999 -9999 -1.04165E0 -1.04165E0 -1.04165E0 -1.04165E0 -1.04165E0 -1.04165E0 -1.04165E0 -1.04165E0 1.99581E-2 -1.04165E0 1.99581E-2 1.99581E-2 1.99581E-2 1.99581E-2 1.99581E-2 1.99581E-2 -9.90099E-1 -9.40594E0 -1.9802E0 -2.9703E0 -3.46535E0 -4.45545E0 -7.69939E0 -1.43564E1 -2.72277E1 -2.77228E1 -3.9604E1 -4.05941E1 -2.9703E1 -1.78218E1 -3.11881E1 -1.93069E1 -1.31595E1 -1.34663E1 -1.59509E1 -2.12871E1 -3.51485E1 -2.22772E1 -3.61386E1 -4.90099E1 -4.9505E1 -3.76238E1 -3.76238E1 -2.47525E1 -3.86139E1 -5.19802E1 -5.9901E1 -5.9901E1 -6.08911E1 -6.13861E1 -6.18812E1 -6.53465E1 -6.0396E1 -6.0396E1 -6.63366E1 -6.43564E1 -6.28713E1 -6.53465E1 -5.79208E1 -5.84158E1 -5.19802E1 -6.0396E1
-9999 -9999 -9999 -9999 -9999 -2.08332E0 -2.08332E0 -2.08332E0 -2.08332E0 -2.08332E0 -1.04165E0 -2.08332E0 -1.04165E0 -1.04165E0 -1.04165E0 -1.04165E0 3.99162E-2 -1.04165E0 1.99581E-2 1.99581E-2 1.99581E-2 1.99581E-2 -8.91089E0 -2.32673E1 -1.23762E1 -2.9703E0 -3.46535E0 -3.9604E0 -1.33663E1 -1.38614E1 -1.48515E1 -1.53465E1 -3.06931E1 -3.16832E1 -2.9703E1 -3.0198E1 -1.83168E1 -1.93069E1 -1.21472E1 -1.2638E1 -2.07921E1 -1.69632E1 -2.17822E1 -2.22772E1 -2.27723E1 -2.32673E1 -2.37624E1 -3.76238E1 -2.03988E1 -1.62883E1 -3.86139E1 -5.14851E1 -3.86139E1 -6.48515E1 -5.29703E1 -5.34653E1 -5.34653E1 -5.34653E1 -5.34653E1 -5.34653E1 -6.33663E1 -5.69307E1 -5.29703E1 -3.91089E1 -5.29703E1 -5.29703E1 -3.86139E1 -5.24752E1
-9999 -9999 -9999 -9999 -9999 -2.08332E0 -2.08332E0 -2.08332E0 -1.04165E0 -1.04165E0 -2.08332E0 -2.08332E0 -1.04165E0 -1.04165E0 -1.04165E0 -1.04165E0 -3.9604E0 1.99581E-2 -1.04165E0 -6.43564E0 -6.93069E0 -7.92079E0 -8.41584E0 -3.06931E1 -3.16832E1 -1.28713E1 -1.13861E1 -1.23762E1 -3.56436E1 -2.57426E1 -1.43564E1 -1.53465E1 -1.58416E1 -1.63366E1 -3.21782E1 -4.15842E1 -3.06931E1 -1.26074E1 -1.93069E1 -1.9802E1 -3.36634E1 -2.12871E1 -1.61656E1 -3.51485E1 -3.56436E1 -2.32673E1 -2.32673E1 -3.71287E1 -1.53465E1 -1.79141E1 -2.47525E1 -5.09901E1 -5.34653E1 -5.79208E1 -6.38614E1 -6.08911E1 -6.13861E1 -6.23762E1 -5.39604E1 -5.59406E1 -5.64356E1 -5.69307E1 -5.74257E1 -5.34653E1 -3.9604E1 -5.34653E1 -4.20792E1 -3.91089E1
-9999 -9999 -9999 -9999 -9999 -2.08332E0 -2.08332E0 -2.08332E0 -1.04165E0 -1.04165E0 -2.08332E0 -1.04165E0 -1.13861E1 -1.23762E1 -1.28713E1 -3.46535E0 -3.9604E0 -4.45545E0 -1.58416E1 1.99581E-2 1.99581E-2 1.99581E-2 -4.9505E-1 -9.40594E0 -2.12871E1 -2.22772E1 -2.32673E1 -2.42574E1 -2.67327E1 -2.52475E1 -2.62376E1 -1.53465E1 -2.77228E1 -2.82178E1 -1.68317E1 -1.73267E1 -1.83168E1 -1.88119E1 -1.93069E1 -1.9802E1 -3.31683E1 -4.55446E1 -2.17822E1 -2.22772E1 -3.56436E1 -3.61386E1 -3.66337E1 -4.9505E1 -5E1 -3.81188E1 -3.81188E1 -5.89109E1 -5.89109E1 -5.9901E1 -6.0396E1 -6.08911E1 -5.44554E1 -5.39604E1 -5.59406E1 -5.39604E1 -6.33663E1 -5.69307E1 -4.0099E1 -4.30693E1 -4.55446E1 -4.50495E1 -3.9604E1 -3.9604E1
-9999 -9999 -9999 -9999 -9999 -2.08332E0 -2.08332E0 -2.08332E0 -2.08332E0 -2.08332E0 -1.04165E0 -1.48515E0 -1.08911E1 -1.13861E1 -1.9802E0 -4.45545E0 -5.44554E0 -6.43564E0 -5.44554E0 -5.94059E0 -6.93069E0 1.99581E-2 -8.41584E0 -2.0297E1 -2.12871E1 -1.08911E1 -2.32673E1 -2.37624E1 -3.46535E1 -3.56436E1 -3.66337E1 -2.67327E1 -2.72277E1 -2.82178E1 -2.87129E1 -2.9703E1 -1.1227E1 -1.83168E1 -3.16832E1 -3.51485E1 -4.40594E1 -4.55446E1 -2.12871E1 -2.17822E1 -3.51485E1 -4.75248E1 -4.85149E1 -2.37624E1 -4.9505E1 -5E1 -3.81188E1 -5.84158E1 -5.94059E1 -5.34653E1 -5.34653E1 -6.08911E1 -6.13861E1 -6.18812E1 -6.88119E1 -6.93069E1 -6.9802E1 -6.38614E1 -5.44554E1 -4.05941E1 -4.30693E1 -4.30693E1 -4.30693E1 -4.25743E1
-9999 -9999 -9999 -9999 -2.08332E0 -2.08332E0 -2.08332E0 -2.08332E0 -1.04165E0 -1.04165E0 -1.04165E0 -1.04165E0 -9.90099E0 -1.0396E1 -9.90099E-1 -4.45545E0 -1.04165E0 1.99581E-2 -5.44554E0 -5.94059E0 -6.93069E0 -7.42574E0 -7.92079E0 -1.0396E1 -1.13861E1 -1.08911E1 -1.28713E1 -2.37624E1 -3.41584E1 -3.51485E1 -3.61386E1 -3.71287E1 -3.76238E1 -2.77228E1 -2.87129E1 -2.9703E1 -9.40594E0 -1.19939E1 -1.93069E1 -3.46535E1 -4.40594E1 -4.50495E1 -2.12871E1 -2.17822E1 -3.51485E1 -4.75248E1 -4.80198E1 -3.71287E1 -3.71287E1 -5.44554E1 -3.81188E1 -5.89109E1 -5.94059E1 -5.29703E1 -5.44554E1 -6.68317E1 -6.73267E1 -6.83168E1 -6.88119E1 -6.43564E1 -6.53465E1 -4.10891E1 -4.10891E1 -4.10891E1 -4.0099E1 -5.39604E1 -4.0099E1 -4.30693E1
-9999 -9999 -9999 -9999 -2.08332E0 -1.04165E0 -1.04165E0 -2.08332E0 -2.08332E0 -2.08332E0 -1.04165E0 -1.04165E0 -1.04165E0 -1.04165E0 -1.9802E0 -2.47525E0 -1.33663E1 1.99581E-2 -4.9505E0 1.99581E-2 -6.43564E0 -7.42574E0 -7.92079E0 -1.9802E1 -9.40594E0 -2.17822E1 -2.22772E1 -2.47525E1 -3.36634E1 -3.46535E1 -3.56436E1 -3.66337E1 -3.76238E1 -3.81188E1 -2.87129E1 -2.92079E1 -1.78218E1 -1.83168E1 -1.93069E1 -1.9802E1 -3.26733E1 -4.45545E1 -3.41584E1 -2.17822E1 -3.51485E1 -4.70297E1 -3.61386E1 -3.66337E1 -4.90099E1 -5.69307E1 -5E1 -5.79208E1 -5.89109E1 -5.29703E1 -5.89109E1 -6.08911E1 -6.13861E1 -6.18812E1 -6.23762E1 -6.28713E1 -6.53465E1 -4.15842E1 -5.49505E1 -4.15842E1 -4.10891E1 -5.44554E1 -5.44554E1 -4.0099E1
-9999 -9999 -9999 -9999 -2.08332E0 -2.08332E0 -2.08332E0 -1.04165E0 -1.04165E0 -1.04165E0 -1.04165E0 -1.04165E0 -1.04165E0 -1.9802E0 -1.48515E0 1.99581E-2 -2.9703E0 -3.9604E0 -4.9505E0 -5.44554E0 -6.43564E0 -1.78218E1 -1.83168E1 -8.41584E0 -9.40594E0 -2.12871E1 -3.16832E1 -3.26733E1 -3.31683E1 -3.41584E1 -2.52475E1 -2.62376E1 -3.71287E1 -3.81188E1 -1.68317E1 -1.73267E1 -2.9703E1 -3.06931E1 -3.11881E1 -1.9802E1 -3.51485E1 -4.40594E1 -1.48773E1 -1.46626E1 -3.51485E1 -4.70297E1 -4.75248E1 -4.80198E1 -4.90099E1 -5.64356E1 -5.49505E1 -5.74257E1 -5.0495E1 -5.29703E1 -5.84158E1 -5.54455E1 -5.44554E1 -6.18812E1 -5.59406E1 -6.28713E1 -7.07921E1 -5.54455E1 -4.15842E1 -4.15842E1 -4.15842E1 -5.44554E1 -4.05941E1 -5.44554E1
-9999 -9999 -9999 -2.08332E0 -2.08332E0 -2.08332E0 -1.04165E0 -2.08332E0 -2.08332E0 -1.04165E0 -1.04165E0 -1.04165E0 -1.04165E0 -1.04165E0 1.99581E-2 -1.9802E0 1.99581E-2 1.99581E-2 1.99581E-2 -5.44554E0 -5.94059E0 -1.73267E1 -1.83168E1 -8.41584E0 -2.0297E1 -2.12871E1 -1.23762E1 -2.32673E1 -2.37624E1 -3.36634E1 -3.46535E1 -3.56436E1 -3.66337E1 -2.77228E1 -1.63366E1 -1.73267E1 -2.9703E1 -1.83168E1 -1.88119E1 -3.16832E1 -3.21782E1 -2.07921E1 -2.12871E1 -3.41584E1 -4.60396E1 -4.80198E1 -4.85149E1 -5.54455E1 -5.0495E1 -5.64356E1 -5.79208E1 -5.79208E1 -5.24752E1 -5.94059E1 -5.84158E1 -5.59406E1 -6.08911E1 -6.13861E1 -6.23762E1 -6.28713E1 -4.55446E1 -4.20792E1 -5.54455E1 -6.43564E1 -5.79208E1 -5.49505E1 -5.84158E1 -5.89109E1
-9999 -9999 -9999 -1.04165E0 -2.08332E0 -2.08332E0 -1.04165E0 -2.08332E0 -2.08332E0 -1.04165E0 -1.04165E0 1.99581E-2 3.99162E-2 -1.04165E0 1.99581E-2 1.99581E-2 1.99581E-2 1.99581E-2 -3.9604E0 -5.44554E0 -5.94059E0 -6.13497E-1 -2.88344E0 -8.91089E0 -2.0297E1 -2.9703E1 -3.06931E1 -3.16832E1 -3.26733E1 -2.52475E1 -2.62376E1 -3.51485E1 -2.67327E1 -1.0092E1 -1.63366E1 -1.73267E1 -1.0092E1 -1.08589E1 -3.06931E1 -4.20792E1 -4.30693E1 -3.26733E1 -3.36634E1 -4.60396E1 -4.70297E1 -3.86139E1 -3.91089E1 -4.90099E1 -5E1 -4.15842E1 -4.9505E1 -5.19802E1 -5.89109E1 -5.59406E1 -5.34653E1 -5.14851E1 -5.44554E1 -5.49505E1 -5.54455E1 -5.59406E1 -5.64356E1 -4.25743E1 -4.20792E1 -4.20792E1 -5.54455E1 -5.54455E1 -5.84158E1 -5.49505E1
-9999 -9999 -2.08332E0 -2.08332E0 -1.04165E0 -1.04165E0 -2.08332E0 -1.04165E0 -1.04165E0 -1.04165E0 -1.04165E0 -1.04165E0 3.99162E-2 1.99581E-2 -4.9505E-1 -1.48515E0 1.99581E-2 1.99581E-2 1.99581E-2 1.99581E-2 1.99581E-2 -1.16564E0 -3.34356E0 -8.91089E0 -2.0297E1 -2.07921E1 -3.06931E1 -3.11881E1 -3.21782E1 -2.52475E1 -1.38614E1 -2.57426E1 -2.62376E1 -1.58416E1 -1.63366E1 -2.87129E1 -1.78218E1 -1.83168E1 -1.16871E1 -3.16832E1 -3.21782E1 -3.26733E1 -4.40594E1 -4.45545E1 -5.19802E1 -4.70297E1 -4.80198E1 -4.85149E1 -5E1 -5E1 -5.14851E1 -5.19802E1 -6.48515E1 -6.53465E1 -5.79208E1 -5.09901E1 -5.19802E1 -5.49505E1 -5.54455E1 -5.54455E1 -5.64356E1 -4.30693E1 -4.60396E1 -4.25743E1 -5.74257E1 -5.79208E1 -5.84158E1 -5.54455E1
-9999 -9999 -2.08332E0 -2.08332E0 -1.04165E0 -1.04165E0 -1.04165E0 -1.04165E0 -1.04165E0 -1.04165E0 -1.04165E0 -1.04165E0 -1.04165E0 -1.04165E0 -1.0396E1 -1.48515E0 1.99581E-2 1.99581E-2 1.99581E-2 1.99581E-2 1.99581E-2 1.99581E-2 -3.95706E0 -4.1411E0 -9.90099E0 -2.07921E1 -2.22772E1 -3.11881E1 -3.16832E1 -2.47525E1 -2.47525E1 -1.58416E1 -3.56436E1 -2.72277E1 -2.77228E1 -3.86139E1 -2.92079E1 -2.9703E1 -1.17791E1 -1.16258E1 -2.0297E1 -3.26733E1 -3.31683E1 -4.45545E1 -5.19802E1 -4.55446E1 -4.65347E1 -4.70297E1 -4.90099E1 -4.9505E1 -5.09901E1 -5.09901E1 -5.69307E1 -5.94059E1 -5.69307E1 -5.74257E1 -4.75248E1 -4.40594E1 -4.40594E1 -4.35644E1 -5.64356E1 -5.64356E1 -4.30693E1 -6.38614E1 -5.74257E1 -4.85149E1 -4.90099E1 -4.9505E1
-9999 -1.04165E0 -2.08332E0 -2.08332E0 -2.08332E0 -1.04165E0 -1.04165E0 -2.08332E0 -1.04165E0 -1.04165E0 3.99162E-2 3.99162E-2 1.99581E-2 1.99581E-2 1.99581E-2 1.99581E-2 1.99581E-2 1.99581E-2 1.99581E-2 1.99581E-2 1.99581E-2 -1.31902E0 -7.42574E0 -3.12883E0 -8.91089E0 -2.07921E1 -2.17822E1 -3.06931E1 -3.16832E1 -3.26733E1 -2.47525E1 -2.52475E1 -2.72277E1 -2.72277E1 -2.77228E1 -2.82178E1 -1.78218E1 -1.83168E1 -1.88119E1 -3.11881E1 -3.16832E1 -3.21782E1 -3.31683E1 -3.36634E1 -4.50495E1 -4.55446E1 -3.56436E1 -3.61386E1 -4.9505E1 -4.9505E1 -5.09901E1 -5.09901E1 -5.64356E1 -5.69307E1 -5.74257E1 -5.79208E1 -4.45545E1 -4.45545E1 -4.45545E1 -4.40594E1 -5.59406E1 -4.35644E1 -5.69307E1 -6.43564E1 -5.74257E1 -4.85149E1 -4.85149E1 -4.90099E1
