ENM/Final_Models/M_1_F_lqp_Set_1_E/Gustavia_santanderiensis_0_Choco_novel.asc
ncols         367
nrows         963
xllcorner     -78.6
yllcorner     0.65
cellsize      0.00833333333333323
NODATA_value  -9999
[rows 300 to 329 of 963, columns 136 to 203 of 367]
-2.25767E1 -1.58282E1 -1.12577E1 -1.06442E1 -1.65644E0 6.18701E-1 9.3803E-1 6.98533E-1 -1.22699E0 -5.55215E0 -3.80368E0 -2.17791E0 1.99581E-2 2.19539E-1 3.99162E-2 3.99162E-2 2.79413E-1 4.1912E-1 5.58826E-1 3.99162E-2 -5.03067E0 -2.10123E1 -3.25153E1 -2.93252E1 -2.81902E1 -3.53067E1 -2.80368E1 -6.90184E0 -7.66871E-1 -1.65644E0 1.99581E-2 2.99371E-1 7.98324E-1 2.39497E0 7.78365E-1 3.99162E-2 1.99581E-2 -5.4908E0 -1.65951E1 -4.30675E1 -8.41584E1 -8.51485E1 -8.56436E1 -7.62376E1 -7.42574E1 -8.0198E1 -8.81188E1 -8.86139E1 -8.91089E1 -4.85583E1 -4.90491E1 -9.0099E1 -9.0099E1 -9.05941E1 -9.20792E1 -9.05941E1 -9.30693E1 -1.10396E2 -9.10891E1 -6.38037E1 -6.08282E1 -6.09509E1 -6.10123E1 -5.68098E1 -6.2454E1 -6.55215E1 -6.63804E1 -6.0092E1
-1.83129E1 -2.80982E1 -3.10123E1 -2.93558E1 -1.88344E1 -4.53988E0 -7.66871E-1 -5.09202E0 -7.36196E0 -8.89571E0 -2.63804E0 -5.58282E0 -4.04908E0 1.99581E-2 3.99162E-2 1.99581E-2 3.99162E-2 -4.96933E0 -9.6319E0 -9.04908E0 -2.21779E1 -2.20859E1 -2.13804E1 -2.31902E1 -2.77607E1 -2.3865E1 -1.57669E1 -6.13497E-2 1.99581E-2 1.79623E-1 1.39707E0 2.79413E-1 4.1912E-1 9.77946E-1 2.79413E-1 -4.47853E0 -8.15951E0 -1.5092E1 -2.10429E1 -3.79141E1 -8.51485E1 -8.91089E1 -8.9604E1 -6.88119E1 -8.76238E1 -8.11881E1 -8.86139E1 -8.91089E1 -8.91089E1 -4.92638E1 -5.44785E1 -5.6319E1 -5.83436E1 -9.20792E1 -5.70245E1 -5.30982E1 -9.15842E1 -9.15842E1 -9.40594E1 -5.33742E1 -4.94172E1 -4.79141E1 -7.37624E1 -7.42574E1 -7.42574E1 -5.72086E1 -5.10123E1 -5.82209E1
-9999 -2.01534E1 -2.61963E1 -3.26994E1 -2.71472E1 -1.92945E1 -1.05521E1 -1.14724E1 -4.41718E0 -3.19018E0 -8.12883E0 -2.51534E0 -3.03681E0 -4.07975E0 -5.94059E0 -4.45545E0 -9.20245E-2 -5.55215E0 -1.32515E1 -1.79141E1 -1.61043E1 1.99581E-2 5.98743E-2 -8.15951E0 -1.33436E1 -1.06135E1 -7.05521E0 -8.58896E-1 7.98324E-2 3.47271E0 9.3803E-1 1.31723E0 2.59455E-1 5.38868E-1 1.99581E-2 -9.1411E0 -1.65644E1 -2.5E1 -2.93865E1 -4.45399E1 -4.70552E1 -5.2362E1 -6.83168E1 -8.71287E1 -7.52475E1 -8.81188E1 -8.86139E1 -8.86139E1 -1.06436E2 -8.21782E1 -5.35583E1 -8.26733E1 -9.15842E1 -5.66871E1 -6.05215E1 -8.31683E1 -8.36634E1 -8.36634E1 -9.20792E1 -1.11386E2 -1.09901E2 -1.10396E2 -8.36634E1 -7.47525E1 -7.47525E1 -6.17791E1 -6.21472E1 -5.39571E1
-9999 -1.71166E1 -2.13497E1 -2.53374E1 -3.08896E1 -3.29448E1 -2.16258E1 -1.41718E1 -1.92025E1 -1.73006E1 -1.40184E1 -1.24847E1 -1.1227E1 -1.34663E1 -8.77301E0 -7.23926E0 -9.53988E0 -8.40491E0 -1.97239E1 -9.60123E0 2.19539E-1 4.39078E-1 7.98324E-1 3.99162E-2 -3.65031E0 -3.06748E-2 1.59665E-1 2.53468E0 2.75422E0 9.3803E-1 8.58198E-1 6.38659E-1 1.99581E-2 -2.76074E0 -2.42331E0 -1.88344E1 -3.84356E1 -4.13497E1 -4.3681E1 -4.28221E1 -4.86196E1 -5.32822E1 -5.17791E1 -9.25743E1 -9.10891E1 -8.21782E1 -8.86139E1 -8.21782E1 -8.26733E1 -9.05941E1 -5.76074E1 -9.10891E1 -9.15842E1 -9.20792E1 -6.25767E1 -8.41584E1 -8.36634E1 -8.41584E1 -8.41584E1 -9.25743E1 -9.25743E1 -1.09901E2 -9.25743E1 -9.65347E1 -9.25743E1 -6.25767E1 -6.30675E1 -6.22699E1
-9999 -9999 -1.92331E1 -2.28528E1 -3.2638E1 -4.07669E1 -3.32822E1 -2.76994E1 -2.55521E1 -2.53988E1 -2.50613E1 -1.69939E1 -1.34356E1 -8.34356E0 -7.63804E0 -1.66564E1 -1.5092E1 -1.31902E1 -1.4908E1 -3.83436E0 2.99371E-1 5.38868E-1 3.47271E0 7.98324E-1 1.59665E-1 6.98533E-1 7.78365E-1 3.79204E0 8.10298E0 2.39497E-1 9.3803E-1 1.59665E-1 -1.10123E1 -2.34663E1 -2.30982E1 -3.1411E1 -4.58589E1 -6.23762E1 -5.41104E1 -5.42025E1 -6.43564E1 -9.25743E1 -9.25743E1 -8.76238E1 -8.41584E1 -6.9802E1 -8.21782E1 -8.21782E1 -5.47546E1 -9.05941E1 -5.06748E1 -5.33129E1 -9.20792E1 -9.25743E1 -9.30693E1 -9.30693E1 -8.46535E1 -7.47525E1 -8.46535E1 -8.46535E1 -9.30693E1 -1.12376E2 -9.70297E1 -9.70297E1 -6.43564E1 -9.30693E1 -5.72699E1 -5.98466E1
-9999 -9999 -2.39571E1 -2.00307E1 -2.65337E1 -3.53681E1 -4.16871E1 -3.6227E1 -3.33742E1 -3.14724E1 -2.90491E1 -2.22393E1 -1.94479E1 -1.42638E1 -1.54294E1 -1.33742E1 -1.4908E1 -1.15337E1 -9.23313E0 -8.95706E0 1.79623E-1 3.79204E-1 3.83195E0 9.57988E-1 9.57988E-1 1.17753E0 3.61241E0 4.92965E0 6.72588E0 3.83195E0 3.23321E0 2.99371E-1 -2.45399E0 -1.42331E1 -1.84049E1 -2.95092E1 -4.6135E1 -8.11881E1 -1.06436E2 -6.38614E1 -6.38614E1 -7.0297E1 -7.07921E1 -9.15842E1 -8.06931E1 -8.21782E1 -4.63804E1 -5.26687E1 -5.75153E1 -5.56135E1 -5.08282E1 -8.46535E1 -5.98773E1 -9.30693E1 -9.30693E1 -9.35644E1 -9.35644E1 -7.52475E1 -9.35644E1 -8.51485E1 -9.35644E1 -9.35644E1 -9.80198E1 -9.75247E1 -6.58589E1 -9.85149E1 -1.10891E2 -9.35644E1
-9999 -9999 -9999 -1.82822E1 -2.00613E1 -3.0092E1 -3.75767E1 -4.36196E1 -4.23926E1 -4.08282E1 -3.67178E1 -3.17791E1 -2.69018E1 -2.12577E1 -2.10736E1 -1.6135E1 -1.45399E1 -1.52454E1 -4.84663E0 -9.20245E-1 4.1912E-1 2.99371E-1 2.55464E0 3.83195E0 1.49686E0 1.17753E0 3.47271E0 2.99371E0 2.99371E0 3.23321E0 2.75422E0 4.1912E-1 -1.50307E0 -5.15337E0 -1.63804E1 -2.27914E1 -8.06931E1 -8.16832E1 -9.10891E1 -1.07921E2 -9.25743E1 -6.33663E1 -7.07921E1 -6.88119E1 -5.15337E1 -4.90491E1 -5.38957E1 -5.8865E1 -5.94479E1 -5.80368E1 -6.08589E1 -6.26994E1 -5.31902E1 -5.29755E1 -5.59202E1 -9.40594E1 -9.40594E1 -9.40594E1 -9.40594E1 -9.40594E1 -8.56436E1 -8.56436E1 -9.40594E1 -1.12871E2 -9.85149E1 -7.72277E1 -9.75247E1 -9.90099E1
-9999 -9999 -9999 -9999 -1.27607E1 -1.57975E1 -2.2454E1 -2.90798E1 -3.86196E1 -4.29141E1 -4.14417E1 -3.5E1 -2.55521E1 -2.02761E1 -2.20552E1 -1.45092E1 -1.69632E1 -1.1411E1 -8.52761E0 1.99581E-2 4.1912E-1 3.19329E-1 2.39497E0 2.99371E0 6.06726E0 5.44856E0 3.83195E0 3.99162E-2 4.1912E-1 3.99162E-1 1.99581E-2 3.99162E-2 -1.22699E1 -1.91104E1 -2.9908E1 -3.84663E1 -8.31683E1 -1.05941E2 -9.25743E1 -6.28713E1 -6.23762E1 -5.41104E1 -5.24752E1 -4.96626E1 -5.37117E1 -4.97546E1 -5.19939E1 -5.59202E1 -5.86503E1 -5.88037E1 -5.2362E1 -8.56436E1 -8.56436E1 -8.51485E1 -8.61386E1 -9.40594E1 -1.09901E2 -6.82822E1 -1.12871E2 -1.13366E2 -9.45545E1 -9.45545E1 -9.45545E1 -8.66337E1 -9.45545E1 -9.85149E1 -9.90099E1 -9.90099E1
-9999 -9999 -9999 -9999 -1.23313E1 -9999 -1.66564E1 -2.56748E1 -2.65337E1 -3.86196E1 -4.14724E1 -3.69632E1 -2.81288E1 -2.75153E1 -1.80982E1 -5.52147E0 -6.19632E0 -1.38037E0 1.59665E-1 2.19539E-1 6.58617E-1 6.58617E-1 3.83195E0 6.06726E0 6.58617E0 5.00948E0 2.39497E-1 7.98324E-2 -1.12577E1 -1.04294E1 -1.82515E1 -2.79141E1 -2.83436E1 -3.2638E1 -4.41411E1 -4.60123E1 -8.36634E1 -7.0297E1 -5.38957E1 -8.9604E1 -5.27607E1 -4.92025E1 -4.7546E1 -4.39877E1 -4.61043E1 -5.06135E1 -4.65031E1 -5.15644E1 -5.2362E1 -6E1 -5.81902E1 -5.8681E1 -9.30693E1 -9.45545E1 -9.45545E1 -9.25743E1 -6.43564E1 -5.85276E1 -6.53465E1 -9.50495E1 -9.50495E1 -9.50495E1 -9.9505E1 -9.55446E1 -9.50495E1 -9.50495E1 -9.50495E1 -9.50495E1
-9999 -9999 -9999 -9999 -9999 -8.52761E0 -8.49693E0 -1.59509E1 -2.09202E1 -2.86503E1 -3.18098E1 -3.52761E1 -3.88037E1 -3.56442E1 -3.07975E1 -1.61963E1 -1.33436E1 -4.84663E0 2.19539E-1 2.19539E-1 3.23321E0 2.99371E0 6.58617E0 7.26474E0 6.58617E0 5.00948E0 1.53677E0 5.98743E-1 -1.90184E0 -8.22086E0 -3.10736E1 -3.83742E1 -4.57669E1 -4.09816E1 -4.85583E1 -8.31683E1 -6.88119E1 -4.96933E1 -3.69325E1 -4.55446E1 -4.59816E1 -3.30982E1 -3.14417E1 -2.20859E1 -2.38037E1 -3.60736E1 -3.71472E1 -4.62883E1 -4.62883E1 -5.1411E1 -6.2362E1 -9.25743E1 -1.12871E2 -1.13366E2 -1.11386E2 -7.57426E1 -9.30693E1 -9.80198E1 -1.11881E2 -9.55446E1 -9.55446E1 -9.85149E1 -9.9505E1 -1.14356E2 -9.60396E1 -6.25767E1 -9.55446E1 -8.76238E1
-9999 -9999 -9999 -9999 -9999 -9999 -3.77301E0 -2.76074E0 -1.17178E1 -2.06135E1 -2.10123E1 -3.46319E1 -3.42025E1 -3.90798E1 -3.41718E1 -2.43558E1 -1.25767E1 -1.62577E0 1.79623E-1 7.98324E-1 4.11137E0 4.59036E0 7.26474E0 6.06726E0 6.58617E0 5.44856E0 4.59036E0 1.49686E0 2.39497E-1 -5.33742E0 -1.8773E1 -2.85583E1 -3.9604E1 -4.20792E1 -4.53681E1 -5.34049E1 -5.51534E1 -5.05215E1 -4.08896E1 -3.56442E1 -3.15337E1 -1.86503E1 -2.39571E1 -2.43252E1 -2.92638E1 -3.55521E1 -3.32822E1 -3.63497E1 -4.50613E1 -4.93865E1 -6.0184E1 -9.35644E1 -9.40594E1 -1.12871E2 -1.13366E2 -1.14356E2 -1E2 -1.00495E2 -1E2 -9.60396E1 -9.60396E1 -9.65347E1 -1.12376E2 -6.43564E1 -9.65347E1 -9.65347E1 -9.65347E1 -9.60396E1
-9999 -9999 -9999 -9999 -9999 -9999 -9999 -1.44172E0 -6.25767E0 -1.2454E1 -1.66564E1 -3.10123E1 -3.1135E1 -3.65644E1 -3.34356E1 -2E1 -6.65644E0 -2.08589E0 2.19539E-1 4.59036E-1 3.83195E0 6.06726E0 5.00948E0 5.00948E0 5.00948E0 1.33719E0 9.3803E-1 1.17753E0 1.79623E-1 -6.74847E-1 -1.53465E1 -2.15337E1 -2.81288E1 -3.40798E1 -4.44479E1 -5.07362E1 -4.42945E1 -4.67485E1 -4.3589E1 -3.44172E1 -1.91104E1 -2.1411E1 -3.05828E1 -3.92331E1 -3.93252E1 -3.97853E1 -4.5092E1 -4.7638E1 -4.73313E1 -5.08589E1 -5.32515E1 -9.60396E1 -9.35644E1 -9.60396E1 -1.13366E2 -1.13861E2 -1.14356E2 -1.00495E2 -1E2 -1.15347E2 -6.48515E1 -6.48515E1 -8.86139E1 -9.70297E1 -9.65347E1 -9.9505E1 -9.70297E1 -9.65347E1
-9999 -9999 -9999 -9999 -9999 -9999 -9999 -9999 -7.14724E0 -1.14724E1 -1.32822E1 -1.97853E1 -2.78528E1 -3.08896E1 -3.41718E1 -2.50307E1 -1.91104E1 -1.08282E1 2.19539E-1 3.99162E-2 2.99371E0 4.59036E0 9.57988E-1 1.99581E-1 9.57988E-1 9.57988E-1 3.99162E-2 3.99162E-2 -3.9604E0 -6.43564E0 -2.72277E1 -2.67327E1 -3.81188E1 -6.58416E1 -4.82209E1 -4.85276E1 -4.6227E1 -4.70859E1 -4E1 -3.21166E1 -1.61656E1 -1.49693E1 -2.47853E1 -3.98466E1 -4.90798E1 -4.87423E1 -4.8589E1 -5.68098E1 -5.32822E1 -5.60429E1 -6.58896E1 -8.81188E1 -8.81188E1 -9.65347E1 -1.14356E2 -1.14851E2 -1.15347E2 -1.0099E2 -7.87129E1 -9.70297E1 -6.48515E1 -6.48515E1 -9.75247E1 -8.9604E1 -8.9604E1 -9.9505E1 -1.00495E2 -8.9604E1
-9999 -9999 -9999 -9999 -9999 -9999 -9999 -9999 -9999 -7.63804E0 -1.07055E1 -9.90798E0 -2.53988E1 -3.15644E1 -3.53374E1 -2.79448E1 -3.13804E1 -2.44172E1 -7.57669E0 1.99581E-2 3.99162E-2 9.57988E-1 9.3803E-1 1.59665E-1 9.57988E-1 2.79413E-1 -8.89571E-1 1.99581E-2 -4.04908E0 -1.08911E1 -1.87423E1 -3.26733E1 -4.0099E1 -4.58896E1 -5.21779E1 -4.16564E1 -4.25153E1 -4.43558E1 -3.50613E1 -3.01227E1 -2.31902E1 -8.12883E0 -1.37117E1 -2.13804E1 -4.10429E1 -4.7546E1 -4.40184E1 -4.84969E1 -5.7638E1 -8.81188E1 -7.72277E1 -9.30693E1 -9.65347E1 -9.70297E1 -1.14851E2 -1.15347E2 -1.15347E2 -1.01485E2 -1.0198E2 -1.12376E2 -9.75247E1 -5.91718E1 -5.74847E1 -9.0099E1 -9.05941E1 -9.80198E1 -9.05941E1 -9.80198E1
-9999 -9999 -9999 -9999 -9999 -9999 -9999 -9999 -9999 -9999 -1.19325E1 -1.17485E1 -9999 -2.33129E1 -3.41104E1 -4.10123E1 -3.5E1 -3.59509E1 -2.73313E1 -5.2454E0 -5.44554E0 -2.9703E0 7.98324E-1 1.99581E-2 1.99581E-2 7.98324E-2 1.39707E-1 3.99162E-2 1.39707E-1 -2.30061E0 -9.2638E0 -3.76238E1 -3.06931E1 -2.90184E1 -3.69939E1 -3.59202E1 -4.12577E1 -3.91411E1 -3.87423E1 -3.20859E1 -2.08589E1 -1.78834E1 -1.59202E1 -2.06748E1 -3.52761E1 -4.18098E1 -3.7454E1 -3.52761E1 -3.93558E1 -3.9908E1 -8.36634E1 -8.91089E1 -9.75247E1 -9.75247E1 -9.75247E1 -9.80198E1 -1.11881E2 -7.05828E1 -6.55521E1 -6.38614E1 -6.04908E1 -6.48773E1 -9.90099E1 -9.85149E1 -9.10891E1 -8.31683E1 -9.10891E1 -9.10891E1
-9999 -9999 -9999 -9999 -9999 -9999 -9999 -9999 -9999 -9999 -9999 -1.02147E1 -9999 -2.82822E1 -2.60429E1 -2.97546E1 -3.08896E1 -3.33129E1 -2.07055E1 -3.12883E0 -1.9802E0 -1.9802E0 7.98324E-2 1.39707E-1 1.19749E-1 2.59455E0 1.19749E0 1.39707E-1 1.59665E-1 1.59665E-1 1.99581E-2 -7.60736E0 -1.02454E1 -8.65031E0 -1.72393E1 -2.37117E1 -2.73006E1 -3.41718E1 -3.36196E1 -2.76687E1 -2.04601E1 -1.14724E1 -1.48773E1 -1.73313E1 -3.20859E1 -4.23926E1 -3.77914E1 -4.85583E1 -5.07362E1 -4.9505E1 -9.20792E1 -1.14356E2 -9.80198E1 -9.80198E1 -9.80198E1 -9.80198E1 -9.85149E1 -1.16337E2 -1.03465E2 -6.38614E1 -6.71472E1 -6.75153E1 -6.36503E1 -1E2 -1.13861E2 -9.15842E1 -9.15842E1 -9.15842E1
-9999 -9999 -9999 -9999 -9999 -9999 -9999 -9999 -9999 -9999 -9999 -1.54294E1 -9999 -9999 -3.05521E1 -2.7546E1 -3.10123E1 -2.92945E1 -1.99693E1 -4.90798E-1 1.99581E-2 1.59665E-1 1.09769E0 1.17753E0 9.3803E-1 3.9517E0 1.33719E0 2.19539E-1 1.39707E0 3.91179E0 3.05359E0 1.99581E-2 -2.57669E0 -4.35583E0 -1.40184E1 -2.29448E1 -2.52761E1 -2.96626E1 -2.33436E1 -1.46012E1 -9.53988E0 -1.61043E1 -1.88037E1 -2.54601E1 -4.40594E1 -4.30693E1 -2.29755E1 -2.91104E1 -4.61656E1 -5.1227E1 -6E1 -5.39571E1 -5.70859E1 -1.04455E2 -1.14851E2 -1.15347E2 -9.85149E1 -1.16832E2 -1.16832E2 -1.11386E2 -1.10891E2 -6.71779E1 -6.8865E1 -1.0495E2 -1.17822E2 -1.00495E2 -9.9505E1 -9.9505E1
-9999 -9999 -9999 -9999 -9999 -9999 -9999 -9999 -9999 -9999 -9999 -9999 -1.46626E1 -9999 -3.1227E1 -2.87117E1 -3.21472E1 -2.74233E1 -2.6135E1 -3.25153E0 1.99581E-2 4.39078E-1 4.59036E-1 5.00948E0 4.59036E0 7.32462E0 5.44856E0 1.39707E0 1.79623E-1 9.3803E-1 3.23321E0 5.98743E-2 -5.82822E-1 -4.32515E0 -9.17178E0 -2.30368E1 -2.40798E1 -1.92945E1 -1.65951E1 -1.19325E1 -1.04601E1 -8.61963E0 -1.80982E1 -2.06748E1 -4.20792E1 -4.55446E1 -2.9703E1 -2.57055E1 -3.38037E1 -4.77607E1 -5.27914E1 -4.80368E1 -4.5092E1 -6.15644E1 -1.15347E2 -1.16832E2 -9.9505E1 -1.17327E2 -1.16832E2 -9.9505E1 -9.9505E1 -1.12871E2 -6.59509E1 -1.17822E2 -1.18317E2 -1.0099E2 -1.01485E2 -1.18317E2
-9999 -9999 -9999 -9999 -9999 -9999 -9999 -9999 -9999 -9999 -9999 -9999 -1.75153E1 -9999 -2.53374E1 -2.70859E1 -2.61656E1 -3.20245E1 -2.80368E1 -2.08896E1 -8.28221E-1 4.39078E-1 3.79204E-1 1.19749E0 5.44856E0 6.06726E0 5.44856E0 6.48638E0 4.59036E0 4.11137E0 4.11137E0 1.21744E0 7.98324E-2 -1.96319E0 -7.17791E0 -2.35583E1 -2.42025E1 -2.08896E1 -2.1411E1 -1.01534E1 -1.80675E1 -7.54601E0 -1.24847E1 -2.20552E1 -3.86139E1 -4.0099E1 -2.72277E1 -2.43252E1 -3.11963E1 -4.18712E1 -4.42945E1 -4.45092E1 -4.80198E1 -6.43564E1 -1.16337E2 -1.16832E2 -1.16832E2 -1.16832E2 -1.17327E2 -9.90099E1 -1E2 -1.18317E2 -1.14851E2 -1.14851E2 -1.15347E2 -1.18812E2 -1.00495E2 -1.0198E2
-9999 -9999 -9999 -9999 -9999 -9999 -9999 -9999 -9999 -9999 -9999 -9999 -1.33742E1 -9999 -9999 -3.21472E1 -3.85583E1 -4.4908E1 -3.56442E1 -2.58282E1 -1.41104E1 1.79623E-1 3.79204E-1 3.79204E-1 1.59665E-1 1.17753E0 4.59036E0 4.94961E0 3.23321E0 8.58198E-1 9.3803E-1 7.98324E-1 -3.83436E0 -1.44172E1 -1.44172E1 -2.11656E1 -3.00307E1 -3.10429E1 -3.04294E1 -2.69632E1 -1.35276E1 -1.02454E1 -1.24847E1 -1.87423E1 -2.72393E1 -3.17485E1 -1.92945E1 -2.70859E1 -3.57362E1 -4.25743E1 -4.38344E1 -8.81188E1 -9.0099E1 -1.16832E2 -1.15347E2 -1E2 -9.75247E1 -9.80198E1 -9.90099E1 -9.90099E1 -9.9505E1 -1.00495E2 -1.05941E2 -1.18812E2 -1.18812E2 -1.0099E2 -1.0099E2 -1.0099E2
-9999 -9999 -9999 -9999 -9999 -9999 -9999 -9999 -9999 -9999 -9999 -9999 -9999 -9999 -9999 -3.19325E1 -2.93558E1 -4.11656E1 -4.39877E1 -3.87423E1 -2.04908E1 -4.17178E0 -2.05521E0 -2.33129E0 1.39707E-1 1.99581E-2 1.99581E-2 7.18491E-1 1.59665E-1 8.58198E-1 5.98743E-2 1.37711E0 -1.50307E0 -1.23926E1 -1.40491E1 -2.08282E1 -3.59509E1 -2.90798E1 -3.38957E1 -3.83742E1 -3.03681E1 -2.3773E1 -2.23926E1 -3.13497E1 -2.56442E1 -2.97546E1 -3.0184E1 -3.36634E1 -3.4908E1 -3.93252E1 -4.19632E1 -5.19802E1 -8.41584E1 -1.00495E2 -1.01485E2 -1.00495E2 -1.00495E2 -9.85149E1 -9.90099E1 -9.85149E1 -1.00495E2 -9.35644E1 -1.00495E2 -1.18812E2 -1.19307E2 -1.0099E2 -1.01485E2 -1.0099E2
-9999 -9999 -9999 -9999 -9999 -9999 -9999 -9999 -9999 -9999 -9999 -9999 -9999 -9999 -9999 -9999 -2.3589E1 -3.45399E1 -3.91718E1 -3.99387E1 -3.2638E1 -1.92025E1 -2.27723E1 -1.17178E1 -6.84049E0 -3.49693E0 3.99162E-2 3.99162E-2 9.97904E-2 8.58198E-1 3.99162E-2 -4.8773E0 -1.19325E1 -1.8773E1 -2.01534E1 -2.72699E1 -3.15644E1 -3.57362E1 -3.82822E1 -4.03374E1 -4.25767E1 -3.86503E1 -3.44479E1 -2.66258E1 -2.99387E1 -3.07975E1 -3.2546E1 -3.78221E1 -4.13497E1 -3.32515E1 -3.75767E1 -7.82178E1 -5.99693E1 -6.1227E1 -1.16337E2 -1.0099E2 -1.0099E2 -1.0099E2 -9.90099E1 -1.00495E2 -1.00495E2 -1.01485E2 -1.19307E2 -1.19802E2 -1.19802E2 -1.19802E2 -1.19802E2 -1.19802E2
-9999 -9999 -9999 -9999 -9999 -9999 -9999 -9999 -9999 -9999 -9999 -9999 -9999 -9999 -9999 -9999 -2.48773E1 -3.26994E1 -3.34969E1 -3.48466E1 -3.60123E1 -3.2638E1 -3.41584E1 -6.68317E1 -2.55215E1 -1.97239E1 -1.9802E1 -2.32673E1 -1.23762E1 -2.45399E0 -8.61963E0 -1.08896E1 -1.81595E1 -2.56442E1 -3.18405E1 -3.20245E1 -3.24233E1 -3.3865E1 -3.88037E1 -4.26074E1 -4.92638E1 -5.0184E1 -4.49387E1 -2.81288E1 -2.68405E1 -3.42638E1 -3.56135E1 -3.59202E1 -2.60123E1 -3.55828E1 -3.91104E1 -8.46535E1 -1.0396E2 -1.0495E2 -1.05446E2 -1.01485E2 -9.40594E1 -1.01485E2 -9.90099E1 -9.40594E1 -9.35644E1 -1.0198E2 -1.19802E2 -1.07921E2 -1.07921E2 -1.19802E2 -1.20297E2 -1.20297E2
-9999 -9999 -9999 -9999 -9999 -9999 -9999 -9999 -9999 -9999 -9999 -9999 -9999 -9999 -9999 -9999 -2.18405E1 -2.98773E1 -3.07362E1 -3.8865E1 -3.71472E1 -3.6319E1 -4.18405E1 -6.83168E1 -2.87117E1 -2.45706E1 -2.67327E1 -2.77228E1 -2.21166E1 -1.30675E1 -2.28221E1 -2.33436E1 -2.08589E1 -3.04294E1 -3.25767E1 -3.68405E1 -3.56442E1 -3.30982E1 -4.20245E1 -4.5E1 -4.80368E1 -5.00307E1 -4.11963E1 -3.70245E1 -3.57362E1 -3.90184E1 -3.29755E1 -4.08282E1 -3.36196E1 -5.74257E1 -5.89109E1 -1.0297E2 -1.0396E2 -1.16832E2 -1.0495E2 -1.17327E2 -1.0198E2 -9.45545E1 -9.85149E1 -9.40594E1 -8.61386E1 -9.50495E1 -1.02475E2 -1.01485E2 -1.0198E2 -1.09406E2 -1.09406E2 -1.02475E2
-9999 -9999 -9999 -9999 -9999 -9999 -9999 -9999 -9999 -9999 -9999 -9999 -9999 -9999 -9999 -9999 -2.07055E1 -2.75153E1 -3.27301E1 -3.76994E1 -3.18098E1 -3.3589E1 -4.04294E1 -4.41411E1 -4.00613E1 -3.43865E1 -7.72277E1 -2.72277E1 -2.38037E1 -2.02761E1 -2.38037E1 -2.30675E1 -2.65031E1 -2.57669E1 -3.3773E1 -3.68405E1 -3.67178E1 -3.82209E1 -4.07055E1 -4.81902E1 -4.9908E1 -4.58589E1 -4.56748E1 -4.04294E1 -3.29448E1 -4.04601E1 -3.81288E1 -4.36503E1 -4.81288E1 -5.22699E1 -5.69018E1 -6.30982E1 -1.01485E2 -9.50495E1 -1E2 -1.01485E2 -1.01485E2 -1.0198E2 -9.85149E1 -9.40594E1 -9.50495E1 -9.55446E1 -1.0297E2 -1.20297E2 -1.09406E2 -1.20792E2 -1.20792E2 -1.0297E2
-9999 -9999 -9999 -9999 -9999 -9999 -9999 -9999 -9999 -9999 -9999 -9999 -9999 -9999 -9999 -9999 -9999 -3.15337E1 -2.53681E1 -3.87423E1 -3.20552E1 -3.28834E1 -3.73313E1 -3.11963E1 -3.19632E1 -4.40594E1 -3.8589E1 -4.27301E1 -3.61386E1 -2.68405E1 -2.88957E1 -3.17791E1 -2.63804E1 -2.42331E1 -2.70552E1 -3.49693E1 -3.60429E1 -4.24233E1 -4.33129E1 -5.02147E1 -4.56442E1 -5.23006E1 -4.91718E1 -4.7638E1 -4.58896E1 -4.29141E1 -3.77607E1 -5.00307E1 -4.92331E1 -4.60736E1 -5.18405E1 -5.13497E1 -1.02475E2 -9.40594E1 -9.70297E1 -9.90099E1 -1.18317E2 -1.02475E2 -9.9505E1 -9.50495E1 -1.00495E2 -1.0297E2 -1.0297E2 -1.03465E2 -1.03465E2 -1.21287E2 -1.16337E2 -1.03465E2
-9999 -9999 -9999 -9999 -9999 -9999 -9999 -9999 -9999 -9999 -9999 -9999 -9999 -9999 -9999 -9999 -9999 -2.79448E1 -2.7638E1 -4.03067E1 -3.10429E1 -3.1319E1 -4.53067E1 -5.69307E1 -2.18712E1 -2.25767E1 -2.76687E1 -4.25743E1 -3.66337E1 -3.01227E1 -3.03067E1 -3.43558E1 -3.1227E1 -3.66871E1 -3.5E1 -3.43558E1 -4.42025E1 -4.70859E1 -4.70245E1 -4.46319E1 -4.78528E1 -4.95399E1 -5.15031E1 -4.94785E1 -4.68712E1 -3.64417E1 -4.70245E1 -5.44479E1 -5.69939E1 -5.23926E1 -3.34049E1 -4.22699E1 -5.13497E1 -8.71287E1 -9.75247E1 -1.12376E2 -1.05941E2 -1.05446E2 -9.9505E1 -1.03465E2 -1.0099E2 -1.01485E2 -1.0198E2 -1.03465E2 -1.0396E2 -1.0396E2 -1.0396E2 -1.21287E2
-9999 -9999 -9999 -9999 -9999 -9999 -9999 -9999 -9999 -9999 -9999 -9999 -9999 -9999 -9999 -9999 -9999 -9999 -2.34356E1 -3.46933E1 -3.97239E1 -3.58589E1 -3.67791E1 -3.3865E1 -2.56442E1 -2.42945E1 -2.66871E1 -3.43252E1 -4.17178E1 -3.65031E1 -2.95399E1 -3.0092E1 -3.52147E1 -3.16871E1 -3.81595E1 -3.67178E1 -4.74233E1 -4.61963E1 -4.63804E1 -4.76074E1 -5.5184E1 -5.32822E1 -5.24233E1 -5.4908E1 -5.02147E1 -4.45399E1 -5.00307E1 -5.72699E1 -5.01227E1 -5.51534E1 -5.6319E1 -5.81595E1 -5.46319E1 -8.11881E1 -9.65347E1 -9.80198E1 -9.85149E1 -9.90099E1 -1E2 -1.00495E2 -6.41411E1 -1.01485E2 -1.0198E2 -1.02475E2 -1.21287E2 -1.0396E2 -1.0396E2 -9.75247E1
-9999 -9999 -9999 -9999 -9999 -9999 -9999 -9999 -9999 -9999 -9999 -9999 -9999 -9999 -9999 -9999 -9999 -1.56442E1 -2.17485E1 -2.87117E1 -3.64417E1 -4.40184E1 -5.1319E1 -5E1 -3.76074E1 -2.36503E1 -2.7362E1 -3.29448E1 -4.01227E1 -4.31902E1 -3.02454E1 -3.3589E1 -3.57975E1 -4.10736E1 -4.03988E1 -4.45706E1 -5.01227E1 -4.92025E1 -4.77914E1 -4.84049E1 -4.77607E1 -4.71472E1 -5.85583E1 -5.28834E1 -5.26687E1 -4.7362E1 -4.84356E1 -5.36503E1 -5.44785E1 -5.89571E1 -4.94785E1 -3.98466E1 -5.07669E1 -6.18812E1 -9.75247E1 -5.75767E1 -9.85149E1 -9.85149E1 -9.90099E1 -9.25743E1 -1.0396E2 -1.19802E2 -1.01485E2 -1.20792E2 -1.20792E2 -1.21782E2 -1.04455E2 -9.80198E1
-9999 -9999 -9999 -9999 -9999 -9999 -9999 -9999 -9999 -9999 -9999 -9999 -9999 -9999 -9999 -9999 -9999 -9999 -1.53988E1 -1.40491E1 -3.34049E1 -4.28528E1 -4.91718E1 -5.30675E1 -6.0396E1 -3.92638E1 -3.69018E1 -4.18712E1 -3.80061E1 -4.11963E1 -3.84969E1 -4.54908E1 -4.72393E1 -4.70245E1 -4.4816E1 -4.88037E1 -4.6227E1 -5.02454E1 -5.03374E1 -4.76074E1 -4.73313E1 -5.19632E1 -5.33742E1 -5.41718E1 -5.18405E1 -5.04294E1 -4.9908E1 -5.38957E1 -6.15031E1 -6.0092E1 -4.92945E1 -3.97853E1 -5.39877E1 -8.0198E1 -8.21782E1 -4.68405E1 -5.14724E1 -4.92331E1 -8.56436E1 -8.81188E1 -1.19802E2 -1.20297E2 -1.09901E2 -1.21287E2 -1.20792E2 -1.21782E2 -1.0495E2 -1.0495E2
