ENM/Final_Models/M_1_F_lqp_Set_1_E/Gustavia_santanderiensis_0_Choco.asc
ncols         367
nrows         963
xllcorner     -78.6
yllcorner     0.65
cellsize      0.00833333333333323
NODATA_value  -9999
[rows 512 to 543 of 963, columns 222 to 295 of 367]
1E0 9.99989E-1 9.99994E-1 1E0 1E0 9.99988E-1 9.99305E-1 1E0 1E0 1E0 1E0 1E0 9.98596E-1 9.98417E-1 9.99962E-1 1E0 9.99992E-1 9.9946E-1 9.31847E-1 6.11688E-1 3.63385E-1 7.5461E-1 9.94396E-1 1E0 9.75224E-1 3.50104E-1 4.33803E-1 7.36374E-1 7.32389E-1 2.30672E-1 9.36718E-2 1.01754E-1 1.46871E-1 2.27217E-2 1.11874E-2 5.85604E-2 4.46466E-1 8.42558E-1 6.7559E-1 1.54867E-1 9.33331E-2 2.67462E-1 3.35701E-2 1.09793E-3 1.4069E-3 1.97044E-3 1.1103E-3 7.786E-3 6.58034E-3 3.29314E-3 6.63501E-3 -9999 -9999 -9999 -9999 -9999 -9999 -9999 -9999 -9999 -9999 -9999 -9999 -9999 -9999 -9999 -9999 -9999 -9999 -9999 -9999 -9999 -9999 -9999
1E0 1E0 1E0 1E0 1E0 9.99456E-1 9.98292E-1 9.99721E-1 9.98453E-1 1E0 9.99782E-1 1E0 9.99952E-1 9.99994E-1 9.99926E-1 1E0 9.99998E-1 9.99402E-1 9.72392E-1 7.49209E-1 6.60271E-1 9.60459E-1 9.98476E-1 9.83048E-1 8.15311E-1 5.53679E-1 6.3507E-1 4.93567E-1 2.63401E-2 9.37731E-2 2.55111E-2 5.97658E-2 1.2482E-1 1.27409E-1 4.99073E-2 3.81582E-1 6.05933E-2 2.46126E-1 3.06552E-1 1.05903E-1 6.3076E-2 2.75833E-2 8.6069E-3 4.52624E-3 5.46529E-4 7.55736E-4 3.37807E-3 6.96492E-3 1.11522E-2 8.01292E-3 1.65197E-2 -9999 -9999 -9999 -9999 -9999 -9999 -9999 -9999 -9999 -9999 -9999 -9999 -9999 -9999 -9999 -9999 -9999 -9999 -9999 -9999 -9999 -9999 -9999
1E0 1E0 1E0 1E0 1E0 1E0 1E0 1E0 9.99608E-1 9.99818E-1 1E0 1E0 9.98889E-1 9.9979E-1 1E0 9.99993E-1 1E0 9.99945E-1 9.74783E-1 9.85892E-1 9.6314E-1 8.12467E-1 3.9691E-1 7.2232E-1 7.4429E-1 7.30156E-1 7.19047E-1 3.41038E-1 2.33115E-2 1.94516E-1 1.42371E-1 3.72201E-1 4.3889E-1 2.00301E-1 2.81925E-1 7.65836E-1 9.93627E-2 5.90029E-2 6.41367E-2 2.74911E-2 1.28451E-2 5.23262E-3 5.59403E-3 5.77551E-3 4.56881E-4 1.81111E-3 2.37274E-3 1.72055E-2 9.20839E-3 8.65683E-3 1.5008E-2 -9999 -9999 -9999 -9999 -9999 -9999 -9999 -9999 -9999 -9999 -9999 -9999 -9999 -9999 -9999 -9999 -9999 -9999 -9999 -9999 -9999 -9999 -9999
1E0 1E0 1E0 1E0 1E0 1E0 1E0 1E0 1E0 9.99776E-1 9.99996E-1 1E0 9.99911E-1 9.99904E-1 1E0 1E0 1E0 9.99994E-1 9.87048E-1 9.59168E-1 9.05379E-1 2.63462E-1 1.57522E-1 2.3647E-1 2.4475E-1 5.5678E-1 5.39907E-1 1.01959E-1 5.56249E-2 8.04652E-1 3.71972E-1 1.27231E-1 6.67887E-1 7.44299E-1 2.09385E-1 2.0449E-1 1.54492E-1 5.88105E-2 2.14786E-2 2.66814E-3 2.40608E-3 6.91618E-4 6.38292E-4 1.5825E-3 1.43693E-3 3.00509E-3 7.91282E-3 1.38364E-2 3.38556E-3 8.17907E-3 4.24524E-3 -9999 -9999 -9999 -9999 -9999 -9999 -9999 -9999 -9999 -9999 -9999 -9999 -9999 -9999 -9999 -9999 -9999 -9999 -9999 -9999 -9999 -9999 -9999
1E0 1E0 1E0 9.99996E-1 1E0 1E0 1E0 1E0 1E0 1E0 9.99985E-1 1E0 9.99978E-1 9.99984E-1 1E0 1E0 1E0 9.99994E-1 9.98342E-1 9.93093E-1 8.50232E-1 7.94298E-1 3.58443E-1 5.86741E-1 9.47213E-1 6.37149E-1 5.75615E-1 4.40356E-1 5.75365E-1 9.64874E-1 3.41752E-1 4.82901E-2 9.06622E-2 5.79268E-2 4.86915E-2 3.24361E-2 2.99187E-2 3.70256E-3 1.59611E-3 6.24368E-3 4.70848E-3 1.84891E-3 3.33071E-3 1.39058E-3 1.68906E-3 3.01108E-3 6.20602E-3 2.69956E-2 9.66872E-3 2.6562E-3 1.17178E-3 -9999 -9999 -9999 -9999 -9999 -9999 -9999 -9999 -9999 -9999 -9999 -9999 -9999 -9999 -9999 -9999 -9999 -9999 -9999 -9999 -9999 -9999 -9999
1E0 1E0 1E0 9.99698E-1 9.99968E-1 1E0 1E0 1E0 1E0 1E0 1E0 1E0 1E0 1E0 9.99999E-1 1E0 1E0 1E0 9.99997E-1 9.99936E-1 9.99929E-1 9.99427E-1 9.93099E-1 8.09317E-1 7.75776E-1 8.91524E-1 9.91264E-1 9.98544E-1 9.57633E-1 5.7011E-1 2.2566E-1 1.22788E-1 2.74134E-1 2.76851E-1 2.69959E-1 2.18322E-1 5.99995E-2 3.64852E-3 3.31485E-3 1.63742E-2 1.37476E-2 1.60481E-3 5.76466E-3 2.9444E-3 5.57185E-3 1.41425E-2 1.74769E-2 2.18628E-2 8.25029E-3 2.78909E-3 1.10001E-2 -9999 -9999 -9999 -9999 -9999 -9999 -9999 -9999 -9999 -9999 -9999 -9999 -9999 -9999 -9999 -9999 -9999 -9999 -9999 -9999 -9999 -9999 -9999
1E0 1E0 1E0 9.99999E-1 1E0 1E0 1E0 9.99997E-1 9.99998E-1 1E0 1E0 1E0 1E0 1E0 1E0 9.99995E-1 1E0 9.99997E-1 9.99821E-1 9.92741E-1 9.64629E-1 6.45287E-1 7.63607E-1 3.18959E-1 1.66487E-1 3.87326E-1 7.81539E-1 9.35697E-1 9.58155E-1 7.63557E-1 4.25648E-1 1.31822E-2 3.83405E-2 1.05058E-1 1.90936E-1 6.08311E-2 1.58002E-2 1.2254E-2 1.59247E-2 2.00868E-2 1.19721E-2 1.95831E-3 4.55281E-2 2.24442E-2 3.05622E-3 6.53542E-3 1.72831E-2 2.23432E-2 1.83878E-2 5.0851E-2 1.55662E-2 1.24677E-2 -9999 -9999 -9999 -9999 -9999 -9999 -9999 -9999 -9999 -9999 -9999 -9999 -9999 -9999 -9999 -9999 -9999 -9999 -9999 -9999 -9999 -9999
1E0 1E0 1E0 1E0 1E0 1E0 9.98403E-1 9.97234E-1 9.99993E-1 1E0 1E0 9.99997E-1 9.99954E-1 9.99999E-1 1E0 1E0 9.99989E-1 9.99999E-1 1E0 9.98953E-1 9.35141E-1 1.026E-1 5.93745E-2 5.86461E-2 1.94073E-2 6.68162E-2 1.07308E-1 2.97574E-1 8.82274E-1 9.38131E-1 5.69355E-1 1.30113E-1 1.06909E-1 9.36865E-2 1.05833E-1 1.41977E-2 1.18751E-2 3.05011E-2 3.17475E-2 2.04989E-2 6.88754E-3 3.45496E-2 2.33221E-2 1.32836E-2 2.25724E-2 1.75574E-2 1.41591E-2 1.58928E-2 1.17494E-1 5.3799E-3 6.12301E-4 6.39792E-4 -9999 -9999 -9999 -9999 -9999 -9999 -9999 -9999 -9999 -9999 -9999 -9999 -9999 -9999 -9999 -9999 -9999 -9999 -9999 -9999 -9999 -9999
1E0 1E0 1E0 1E0 1E0 1E0 1E0 1E0 9.98809E-1 9.99986E-1 9.99987E-1 1E0 1E0 1E0 1E0 1E0 1E0 9.99896E-1 9.9966E-1 9.90394E-1 7.64353E-1 7.83409E-2 2.72423E-2 1.41274E-2 1.40188E-2 2.16951E-2 7.20908E-2 3.40108E-1 8.20331E-1 9.67808E-1 7.31496E-1 4.71674E-1 3.73244E-1 9.73576E-2 1.19149E-1 5.02705E-2 4.00826E-2 3.30844E-2 8.21042E-3 1.87111E-2 3.10719E-2 3.59767E-2 2.48305E-3 3.24627E-3 5.56665E-3 5.21799E-3 1.39972E-2 1.12025E-2 3.62243E-2 1.6044E-2 7.38326E-3 4.78916E-3 7.62315E-3 -9999 -9999 -9999 -9999 -9999 -9999 -9999 -9999 -9999 -9999 -9999 -9999 -9999 -9999 -9999 -9999 -9999 -9999 -9999 -9999 -9999
1E0 1E0 1E0 1E0 1E0 9.99999E-1 1E0 1E0 1E0 9.99995E-1 9.99988E-1 9.99998E-1 9.99974E-1 9.9999E-1 9.99588E-1 1E0 1E0 9.99999E-1 9.99576E-1 9.83315E-1 9.96017E-1 5.436E-1 2.14878E-1 3.34904E-2 5.92141E-2 2.13133E-2 3.39935E-2 1.24479E-1 7.64055E-1 6.8398E-1 6.29481E-1 2.20086E-1 1.66382E-1 3.25228E-1 1.70494E-1 1.85879E-1 2.2565E-2 9.17274E-3 1.17608E-2 1.35391E-2 1.6633E-2 3.37446E-3 1.12083E-3 2.83818E-3 2.61862E-3 1.12579E-2 1.99233E-2 6.70828E-3 9.48398E-3 3.19653E-3 5.55157E-3 4.88116E-3 1.42129E-3 -9999 -9999 -9999 -9999 -9999 -9999 -9999 -9999 -9999 -9999 -9999 -9999 -9999 -9999 -9999 -9999 -9999 -9999 -9999 -9999 -9999
1E0 9.99998E-1 1E0 1E0 1E0 1E0 1E0 1E0 9.99983E-1 9.81782E-1 9.99974E-1 9.99997E-1 9.99024E-1 9.93968E-1 9.9813E-1 9.99982E-1 9.9994E-1 9.99991E-1 9.99999E-1 9.9889E-1 9.33229E-1 9.45975E-1 7.60814E-1 2.1343E-1 1.59821E-1 7.71608E-2 5.19131E-2 2.25208E-1 4.67499E-1 2.07825E-1 4.73486E-1 1.86638E-1 8.00786E-2 2.05285E-1 1.95825E-2 2.63364E-2 4.52654E-3 2.81645E-2 2.75702E-2 1.29227E-2 7.01647E-3 4.94806E-3 1.92523E-3 2.39254E-4 8.1259E-3 6.45303E-3 4.25221E-3 3.89326E-3 1.66707E-3 1.09116E-3 9.61417E-4 4.55068E-4 1.24777E-3 -9999 -9999 -9999 -9999 -9999 -9999 -9999 -9999 -9999 -9999 -9999 -9999 -9999 -9999 -9999 -9999 -9999 -9999 -9999 -9999 -9999
9.99983E-1 1E0 1E0 9.99997E-1 1E0 1E0 1E0 1E0 9.99994E-1 9.97829E-1 9.96763E-1 9.99825E-1 9.99986E-1 9.99878E-1 9.8939E-1 9.99993E-1 9.99635E-1 9.99905E-1 9.9991E-1 9.96312E-1 8.814E-1 9.97811E-1 9.15774E-1 6.66518E-1 5.01941E-1 1.28171E-1 1.15061E-1 1.14786E-1 3.06614E-1 1.90524E-1 1.69092E-1 4.98908E-2 1.39373E-2 5.25995E-2 2.62889E-2 4.49323E-3 3.47987E-3 8.55212E-3 3.41167E-3 2.4867E-3 1.00933E-3 3.39614E-4 1.05056E-3 3.94945E-4 7.73093E-3 9.004E-3 1.59099E-2 1.90609E-3 1.91551E-4 9.3149E-4 1.02814E-3 3.42755E-3 3.1066E-3 -9999 -9999 -9999 -9999 -9999 -9999 -9999 -9999 -9999 -9999 -9999 -9999 -9999 -9999 -9999 -9999 -9999 -9999 -9999 -9999 -9999
1E0 9.99998E-1 9.99997E-1 1E0 1E0 9.99997E-1 1E0 9.99999E-1 9.8383E-1 9.93137E-1 9.77341E-1 9.99908E-1 9.99944E-1 9.99503E-1 9.95762E-1 9.99617E-1 9.99889E-1 9.98806E-1 9.97337E-1 9.88937E-1 9.91879E-1 9.98326E-1 9.00901E-1 6.30703E-1 2.12872E-1 1.89393E-1 6.02922E-2 2.50549E-1 2.39971E-1 3.74131E-2 3.0404E-2 1.19282E-2 9.82832E-3 6.99366E-3 1.05238E-2 1.42624E-2 3.61689E-3 2.54649E-3 4.44328E-3 2.32426E-3 2.32713E-4 1.21469E-4 4.77796E-4 1.58006E-3 9.06921E-4 1.55215E-3 2.85526E-3 9.40643E-4 2.79894E-3 2.66536E-3 5.78704E-4 2.9754E-4 4.35112E-4 2.13707E-3 -9999 -9999 -9999 -9999 -9999 -9999 -9999 -9999 -9999 -9999 -9999 -9999 -9999 -9999 -9999 -9999 -9999 -9999 -9999 -9999
1E0 1E0 1E0 1E0 1E0 1E0 9.99999E-1 9.99993E-1 9.99982E-1 9.99586E-1 9.99992E-1 9.99997E-1 9.99999E-1 9.99997E-1 9.99995E-1 1E0 9.99932E-1 1E0 9.99918E-1 9.99573E-1 9.85854E-1 9.99121E-1 9.29988E-1 6.92705E-1 2.42959E-1 8.59191E-3 1.72453E-2 2.92762E-2 2.91272E-2 4.12612E-2 2.03097E-2 6.84686E-3 5.37015E-3 7.90291E-3 5.68008E-3 6.38217E-3 4.72382E-3 7.40483E-4 2.60487E-3 3.87526E-3 7.84681E-5 5.00604E-5 5.70938E-4 2.70775E-3 2.11772E-3 2.40958E-3 3.01799E-3 1.37743E-3 2.31103E-3 7.27618E-4 7.91925E-4 9.37371E-4 1.31694E-3 7.10881E-3 -9999 -9999 -9999 -9999 -9999 -9999 -9999 -9999 -9999 -9999 -9999 -9999 -9999 -9999 -9999 -9999 -9999 -9999 -9999 -9999
1E0 1E0 1E0 1E0 1E0 1E0 9.99994E-1 9.99996E-1 1E0 1E0 1E0 1E0 9.89931E-1 1E0 9.99999E-1 9.99999E-1 9.99655E-1 9.99862E-1 9.99998E-1 9.84091E-1 9.49679E-1 9.95961E-1 8.62147E-1 9.10815E-1 4.41496E-1 1.57083E-2 1.2982E-2 4.40836E-3 2.6549E-2 8.08163E-2 8.73257E-3 4.85113E-3 1.50683E-3 9.0548E-4 5.63772E-4 3.20927E-3 1.50868E-3 8.92444E-4 1.61976E-3 1.795E-3 4.41218E-5 5.38007E-5 1.1601E-3 5.76455E-3 9.57115E-4 9.84905E-4 1.87177E-3 1.11594E-3 7.00999E-3 4.36897E-4 9.68165E-4 2.73511E-3 3.70868E-3 5.69953E-3 -9999 -9999 -9999 -9999 -9999 -9999 -9999 -9999 -9999 -9999 -9999 -9999 -9999 -9999 -9999 -9999 -9999 -9999 -9999 -9999
9.99989E-1 1E0 1E0 1E0 1E0 1E0 9.99999E-1 9.99999E-1 1E0 9.99997E-1 9.99991E-1 9.99984E-1 9.98876E-1 9.99989E-1 1E0 1E0 9.99441E-1 9.97819E-1 9.98092E-1 9.89612E-1 9.57358E-1 9.187E-1 2.58391E-1 1.24396E-1 2.27196E-1 3.40679E-2 1.53537E-2 7.59458E-4 1.70846E-2 8.57E-3 6.05274E-3 6.00125E-3 6.61363E-3 1.62904E-3 3.06565E-4 2.24437E-4 1.30864E-4 3.23574E-4 3.43027E-5 1.64738E-5 6.49368E-5 3.48771E-4 1.54868E-3 3.58386E-3 5.28692E-4 5.33694E-4 4.99309E-4 1.86255E-3 2.74517E-3 8.83388E-4 1.12918E-3 1.9503E-3 1.73336E-3 -9999 -9999 -9999 -9999 -9999 -9999 -9999 -9999 -9999 -9999 -9999 -9999 -9999 -9999 -9999 -9999 -9999 -9999 -9999 -9999 -9999
1E0 9.99968E-1 9.99981E-1 9.99971E-1 9.99949E-1 9.99999E-1 9.99995E-1 1E0 9.99998E-1 1E0 9.99063E-1 9.99943E-1 9.99999E-1 9.9999E-1 9.99991E-1 9.99999E-1 9.99398E-1 9.95286E-1 9.98896E-1 9.91123E-1 9.95083E-1 9.56812E-1 8.34866E-1 7.35983E-1 5.01765E-1 1.79014E-1 2.62893E-2 9.92227E-3 2.33643E-3 9.99186E-4 4.5598E-3 7.23727E-4 2.3188E-3 3.162E-3 2.85441E-4 1.80688E-5 2.6932E-5 1.00856E-5 3.14209E-6 7.54544E-6 1.42377E-4 4.88111E-4 1.41476E-3 1.73758E-3 1.41516E-3 1.27729E-3 1.65192E-3 1.07709E-3 8.94553E-4 3.61423E-4 1.47436E-3 2.73499E-3 -9999 -9999 -9999 -9999 -9999 -9999 -9999 -9999 -9999 -9999 -9999 -9999 -9999 -9999 -9999 -9999 -9999 -9999 -9999 -9999 -9999 -9999
9.99996E-1 9.99988E-1 9.9999E-1 9.99997E-1 9.99998E-1 9.99439E-1 9.9619E-1 9.9944E-1 9.99914E-1 1E0 9.99959E-1 9.99944E-1 9.99998E-1 9.99999E-1 1E0 9.95163E-1 9.98251E-1 9.97694E-1 9.89692E-1 9.93501E-1 9.56618E-1 4.90602E-1 8.72105E-2 5.16254E-2 7.38501E-2 5.32676E-2 4.73919E-2 1.37177E-2 3.04811E-3 4.40215E-4 1.60093E-3 3.28636E-4 9.42515E-5 8.05281E-4 1.55398E-4 8.66931E-6 8.28028E-6 5.71598E-6 2.87361E-5 3.85581E-5 1.31343E-4 5.33708E-4 7.15175E-4 1.16185E-3 4.93157E-4 1.16821E-3 8.18535E-4 1.21961E-3 4.81977E-4 6.06163E-4 -9999 -9999 -9999 -9999 -9999 -9999 -9999 -9999 -9999 -9999 -9999 -9999 -9999 -9999 -9999 -9999 -9999 -9999 -9999 -9999 -9999 -9999 -9999 -9999
1E0 1E0 9.99999E-1 9.99986E-1 9.99998E-1 9.99999E-1 1E0 9.99707E-1 9.98549E-1 9.98605E-1 9.99778E-1 9.99999E-1 9.99995E-1 9.98135E-1 9.65246E-1 9.99707E-1 9.88151E-1 9.39433E-1 9.86044E-1 9.78403E-1 9.45274E-1 9.02433E-1 5.11907E-1 3.01892E-1 4.85696E-2 1.60902E-2 4.7878E-2 5.91005E-3 7.78967E-4 8.91369E-5 2.55857E-4 3.04819E-4 1.00384E-4 3.63531E-4 5.97263E-5 9.05612E-7 8.04104E-7 1.31417E-6 4.88799E-6 4.7544E-6 8.10025E-5 7.43046E-4 1.4585E-3 6.28248E-4 1.08552E-3 1.5801E-3 5.19523E-4 5.53224E-4 1.06386E-3 -9999 -9999 -9999 -9999 -9999 -9999 -9999 -9999 -9999 -9999 -9999 -9999 -9999 -9999 -9999 -9999 -9999 -9999 -9999 -9999 -9999 -9999 -9999 -9999 -9999
9.98917E-1 9.99922E-1 9.97413E-1 9.99999E-1 9.99897E-1 9.99999E-1 9.99996E-1 9.99983E-1 9.99957E-1 9.99966E-1 9.99964E-1 9.99441E-1 9.99849E-1 9.95248E-1 9.94101E-1 9.96531E-1 8.8847E-1 9.61503E-1 9.90135E-1 7.24507E-1 7.04586E-1 2.6561E-1 1.84613E-1 6.67002E-2 6.12664E-2 2.57934E-2 2.89256E-2 1.67537E-2 1.76993E-3 5.89105E-4 1.31135E-5 5.78989E-7 1.27979E-5 3.77243E-5 3.59568E-6 4.53119E-7 4.62321E-6 2.10938E-6 2.65961E-6 6.03218E-6 6.29439E-5 1.7277E-4 1.5009E-3 1.35603E-3 3.14271E-3 7.17838E-4 3.73565E-4 4.198E-4 -9999 -9999 -9999 -9999 -9999 -9999 -9999 -9999 -9999 -9999 -9999 -9999 -9999 -9999 -9999 -9999 -9999 -9999 -9999 -9999 -9999 -9999 -9999 -9999 -9999 -9999
9.99993E-1 9.98415E-1 9.89131E-1 9.6984E-1 9.55932E-1 1E0 9.99594E-1 9.999E-1 9.98673E-1 9.99997E-1 9.99999E-1 9.99628E-1 9.95146E-1 9.95527E-1 9.84056E-1 9.73946E-1 9.98244E-1 9.72927E-1 9.93624E-1 7.53693E-1 5.2517E-1 2.01768E-1 1.86118E-1 2.62599E-2 4.52522E-2 1.91017E-2 6.83219E-4 1.35948E-3 3.9561E-3 6.2883E-4 1.96145E-6 1.19301E-6 2.07437E-7 4.42598E-7 1.93313E-7 1.29504E-7 1.16806E-6 8.1786E-6 1.70498E-5 5.54186E-5 1.89823E-4 3.88702E-4 6.29554E-4 2.0369E-3 3.40333E-3 6.72588E-4 9.34497E-4 -9999 -9999 -9999 -9999 -9999 -9999 -9999 -9999 -9999 -9999 -9999 -9999 -9999 -9999 -9999 -9999 -9999 -9999 -9999 -9999 -9999 -9999 -9999 -9999 -9999 -9999 -9999
9.99989E-1 1E0 9.99407E-1 9.99996E-1 9.99999E-1 9.99701E-1 9.98388E-1 9.98354E-1 9.95495E-1 9.99727E-1 9.99925E-1 9.98197E-1 9.98908E-1 9.82956E-1 9.82382E-1 9.42242E-1 9.92581E-1 9.7385E-1 9.86611E-1 9.37822E-1 5.55993E-1 1.71095E-1 3.51183E-1 4.44365E-2 1.64266E-2 2.83355E-2 7.56043E-4 3.23689E-4 2.63286E-3 1.69275E-3 4.55464E-6 2.73385E-6 5.96114E-6 3.14892E-6 2.51201E-6 5.91809E-8 3.70709E-6 1.44533E-5 2.0594E-5 2.56524E-4 4.08203E-4 7.04209E-4 1.70146E-3 4.98598E-3 5.24003E-3 1.19935E-3 -9999 -9999 -9999 -9999 -9999 -9999 -9999 -9999 -9999 -9999 -9999 -9999 -9999 -9999 -9999 -9999 -9999 -9999 -9999 -9999 -9999 -9999 -9999 -9999 -9999 -9999 -9999 -9999
9.9998E-1 9.99998E-1 9.99766E-1 9.98635E-1 9.99986E-1 9.99629E-1 9.99424E-1 9.91554E-1 9.99503E-1 9.99785E-1 9.97757E-1 9.99782E-1 9.90403E-1 9.82286E-1 9.76064E-1 8.68489E-1 9.97891E-1 9.99531E-1 9.9732E-1 9.65247E-1 4.57623E-1 2.85723E-1 5.7184E-2 2.75426E-2 1.03611E-2 1.80474E-3 2.46649E-4 3.88292E-4 4.31153E-5 4.95976E-6 1.60446E-5 2.0336E-5 3.12873E-5 1.70422E-5 7.40164E-6 9.72206E-7 1.47058E-5 2.35215E-5 4.0757E-5 9.30395E-5 3.56861E-4 9.78258E-4 3.53622E-3 5.98228E-3 3.6041E-3 -9999 -9999 -9999 -9999 -9999 -9999 -9999 -9999 -9999 -9999 -9999 -9999 -9999 -9999 -9999 -9999 -9999 -9999 -9999 -9999 -9999 -9999 -9999 -9999 -9999 -9999 -9999 -9999 -9999
9.98087E-1 9.97401E-1 9.90512E-1 9.9999E-1 9.99997E-1 9.99998E-1 9.93011E-1 9.62477E-1 9.95708E-1 9.84334E-1 9.96643E-1 9.95965E-1 9.98352E-1 9.96747E-1 9.72798E-1 6.19609E-1 9.9488E-1 8.21299E-1 3.79882E-1 2.63208E-1 1.10847E-1 4.83462E-2 1.16734E-1 4.24947E-2 1.0035E-2 1.12883E-3 1.21436E-4 2.86357E-5 9.67197E-6 2.41812E-5 4.03971E-5 5.30527E-5 9.41222E-5 2.21394E-5 1.14834E-5 5.23342E-7 2.55602E-6 9.50033E-6 1.40702E-5 1.10193E-4 7.64482E-4 4.88702E-4 2.66053E-3 -9999 -9999 -9999 -9999 -9999 -9999 -9999 -9999 -9999 -9999 -9999 -9999 -9999 -9999 -9999 -9999 -9999 -9999 -9999 -9999 -9999 -9999 -9999 -9999 -9999 -9999 -9999 -9999 -9999 -9999 -9999
9.99987E-1 9.99993E-1 9.99993E-1 1E0 1E0 9.99995E-1 9.77397E-1 9.891E-1 9.99588E-1 9.98439E-1 9.96823E-1 9.81573E-1 9.8452E-1 9.50443E-1 9.59786E-1 8.96371E-1 8.74767E-1 2.55905E-1 7.18462E-1 2.96289E-1 8.3272E-2 3.09579E-2 3.72841E-2 1.39482E-2 2.34819E-3 1.61235E-4 6.21956E-4 3.12829E-4 9.24417E-6 1.7215E-5 1.98616E-4 1.30636E-4 1.31359E-4 2.37802E-5 3.77364E-6 7.33575E-7 2.17658E-6 8.06797E-6 1.47408E-5 1.55026E-4 7.2536E-4 5.79722E-4 -9999 -9999 -9999 -9999 -9999 -9999 -9999 -9999 -9999 -9999 -9999 -9999 -9999 -9999 -9999 -9999 -9999 -9999 -9999 -9999 -9999 -9999 -9999 -9999 -9999 -9999 -9999 -9999 -9999 -9999 -9999 -9999
9.98332E-1 9.98312E-1 9.22362E-1 9.91739E-1 9.99983E-1 9.99873E-1 9.9991E-1 9.92737E-1 9.93739E-1 9.95247E-1 9.42508E-1 9.39538E-1 9.21902E-1 9.68526E-1 9.86385E-1 9.81557E-1 9.77822E-1 9.35214E-1 7.49765E-1 4.79137E-1 2.33263E-1 2.16581E-1 1.97318E-1 2.71774E-2 1.53341E-3 4.11278E-3 2.91637E-3 2.56062E-3 1.69203E-4 2.82549E-5 1.67822E-4 6.328E-4 2.657E-4 4.2608E-5 3.72408E-6 2.98276E-6 5.72196E-7 1.12479E-5 4.55293E-5 1.15779E-4 7.01289E-4 -9999 -9999 -9999 -9999 -9999 -9999 -9999 -9999 -9999 -9999 -9999 -9999 -9999 -9999 -9999 -9999 -9999 -9999 -9999 -9999 -9999 -9999 -9999 -9999 -9999 -9999 -9999 -9999 -9999 -9999 -9999 -9999 -9999
9.59865E-1 9.92222E-1 9.81E-1 9.79966E-1 1E0 9.99109E-1 9.99898E-1 9.98258E-1 8.97301E-1 8.86312E-1 9.35094E-1 6.80294E-1 8.58272E-1 9.57596E-1 8.93116E-1 9.44377E-1 8.43754E-1 5.1681E-1 6.14342E-1 7.73324E-1 7.28418E-1 7.51042E-1 4.5874E-1 1.8246E-1 2.26835E-2 8.80952E-3 3.27346E-3 1.05997E-3 5.43146E-4 1.49862E-4 3.79091E-4 3.2428E-3 4.42519E-4 1.08238E-4 3.62337E-5 8.46453E-6 2.83062E-7 4.40265E-6 2.81403E-5 5.92969E-5 -9999 -9999 -9999 -9999 -9999 -9999 -9999 -9999 -9999 -9999 -9999 -9999 -9999 -9999 -9999 -9999 -9999 -9999 -9999 -9999 -9999 -9999 -9999 -9999 -9999 -9999 -9999 -9999 -9999 -9999 -9999 -9999 -9999 -9999
9.81995E-1 9.91449E-1 9.92311E-1 9.9771E-1 9.98892E-1 1E0 9.9859E-1 9.99997E-1 9.95138E-1 9.95653E-1 9.9966E-1 9.97468E-1 7.43704E-1 9.33415E-1 5.61871E-1 8.25853E-1 6.30144E-1 1.86053E-1 1.93179E-1 6.24252E-1 3.29539E-1 1.25824E-1 2.66959E-2 7.38434E-2 1.3562E-1 5.53609E-2 5.76063E-3 4.63009E-3 2.72341E-3 2.07827E-3 2.26947E-3 2.30688E-3 1.24228E-4 7.78397E-5 4.35566E-5 1.58637E-5 1.14812E-6 -9999 -9999 -9999 -9999 -9999 -9999 -9999 -9999 -9999 -9999 -9999 -9999 -9999 -9999 -9999 -9999 -9999 -9999 -9999 -9999 -9999 -9999 -9999 -9999 -9999 -9999 -9999 -9999 -9999 -9999 -9999 -9999 -9999 -9999 -9999 -9999 -9999
9.11368E-1 1E0 9.99734E-1 9.79243E-1 9.99849E-1 9.99965E-1 9.99798E-1 9.99979E-1 9.99574E-1 9.99293E-1 9.99996E-1 9.99994E-1 9.79642E-1 9.54131E-1 4.65125E-1 2.89151E-1 2.74966E-1 1.63928E-1 6.19109E-2 2.81077E-1 1.25759E-1 3.90068E-3 1.52198E-2 2.03777E-2 1.23345E-2 6.10179E-3 1.75463E-2 1.05033E-2 6.97129E-3 2.34731E-3 1.38261E-3 6.4578E-4 2.65071E-4 2.35004E-4 1.43363E-4 1.99586E-5 -9999 -9999 -9999 -9999 -9999 -9999 -9999 -9999 -9999 -9999 -9999 -9999 -9999 -9999 -9999 -9999 -9999 -9999 -9999 -9999 -9999 -9999 -9999 -9999 -9999 -9999 -9999 -9999 -9999 -9999 -9999 -9999 -9999 -9999 -9999 -9999 -9999 -9999
9.97792E-1 1E0 9.99997E-1 9.99998E-1 9.84027E-1 9.99329E-1 9.99986E-1 9.99996E-1 9.99971E-1 9.96496E-1 9.99661E-1 9.99966E-1 9.96591E-1 6.91647E-1 2.22584E-1 1.39017E-1 5.58808E-2 1.73467E-1 7.58416E-2 3.86303E-2 2.13451E-2 2.46703E-3 2.89014E-3 7.468E-3 9.98761E-3 2.70762E-3 4.78438E-4 3.93214E-4 1.82652E-3 4.69272E-4 6.0865E-4 5.9502E-4 1.16249E-3 4.34989E-4 6.47688E-5 -9999 -9999 -9999 -9999 -9999 -9999 -9999 -9999 -9999 -9999 -9999 -9999 -9999 -9999 -9999 -9999 -9999 -9999 -9999 -9999 -9999 -9999 -9999 -9999 -9999 -9999 -9999 -9999 -9999 -9999 -9999 -9999 -9999 -9999 -9999 -9999 -9999 -9999 -9999
9.97401E-1 9.99977E-1 9.99094E-1 9.99392E-1 9.9854E-1 9.99933E-1 9.99671E-1 9.98615E-1 9.98962E-1 9.57656E-1 9.86485E-1 9.73611E-1 9.96957E-1 7.84049E-1 3.86809E-1 1.45968E-1 4.39939E-2 2.2283E-2 3.65501E-2 4.44029E-2 2.74215E-2 1.02172E-2 2.6306E-3 1.35691E-2 1.07742E-2 5.849E-3 1.39625E-4 3.16582E-5 1.0522E-5 7.76419E-5 2.20789E-4 2.04264E-4 4.24572E-4 3.18533E-4 -9999 -9999 -9999 -9999 -9999 -9999 -9999 -9999 -9999 -9999 -9999 -9999 -9999 -9999 -9999 -9999 -9999 -9999 -9999 -9999 -9999 -9999 -9999 -9999 -9999 -9999 -9999 -9999 -9999 -9999 -9999 -9999 -9999 -9999 -9999 -9999 -9999 -9999 -9999 -9999
9.88125E-1 9.99959E-1 9.99944E-1 9.99965E-1 9.90072E-1 1E0 1E0 1E0 9.96153E-1 9.77258E-1 7.86856E-1 8.75739E-1 6.3685E-1 6.30564E-1 2.20822E-1 1.29143E-1 5.81933E-2 9.63733E-3 5.57035E-3 6.57814E-3 9.96571E-3 6.96224E-3 1.49888E-3 2.40466E-3 8.46498E-3 7.21071E-3 5.06544E-4 8.34631E-5 4.70361E-6 3.32218E-6 8.48409E-6 5.60626E-5 2.87188E-4 -9999 -9999 -9999 -9999 -9999 -9999 -9999 -9999 -9999 -9999 -9999 -9999 -9999 -9999 -9999 -9999 -9999 -9999 -9999 -9999 -9999 -9999 -9999 -9999 -9999 -9999 -9999 -9999 -9999 -9999 -9999 -9999 -9999 -9999 -9999 -9999 -9999 -9999 -9999 -9999 -9999
