ENM/Final_Models/M_1_F_lqp_Set_1_E/Gustavia_santanderiensis_4_Choco.asc
ncols         367
nrows         963
xllcorner     -78.6
yllcorner     0.65
cellsize      0.00833333333333323
NODATA_value  -9999
[rows 924 to 956 of 963, columns 73 to 145 of 367]
3.32493E-8 1.0238E-8 7.93801E-9 3.43241E-9 3.35732E-9 1.83207E-9 1.90552E-9 2.58112E-9 1.82796E-9 6.55791E-10 6.05908E-10 4.07887E-10 3.21694E-10 4.19722E-10 6.04473E-10 1.67462E-9 2.73512E-9 3.09398E-9 4.6155E-9 2.80534E-9 2.93229E-9 5.82856E-9 4.11768E-9 4.74618E-9 7.52827E-9 1.02257E-8 1.69039E-8 3.96427E-8 1.08487E-8 1.4804E-8 2.75358E-8 1.84331E-8 1.96872E-8 1.61169E-8 1.651E-8 1.2862E-8 1.57472E-8 1.29732E-8 2.24711E-8 2.50771E-8 2.44148E-8 1.96192E-8 2.22294E-8 3.53614E-8 4.02741E-8 4.34967E-8 5.99083E-8 2.436E-8 2.87799E-8 3.02854E-8 4.25956E-8 3.50931E-8 4.68924E-8 6.80349E-8 9.55011E-8 1.00279E-7 1.11874E-7 1.25288E-7 2.19519E-7 2.65925E-7 2.96557E-7 3.43824E-7 1.07187E-6 7.45695E-5 7.20459E-6 1.64471E-6 1.07336E-6 6.23402E-6 1.92094E-6 9.41361E-7 -9999 -9999 -9999
9.98426E-9 3.9056E-9 2.3084E-9 1.47796E-9 1.57151E-9 1.89288E-9 2.75405E-9 1.79429E-9 1.51652E-9 4.53345E-10 2.52666E-10 1.99291E-10 6.61975E-11 9.41379E-11 6.29941E-10 1.56511E-9 2.31302E-9 3.05326E-9 6.03024E-9 4.88365E-9 5.99985E-9 7.12528E-9 4.97765E-9 5.4094E-9 8.88651E-9 9.43331E-9 2.52087E-8 4.73324E-8 1.97846E-8 1.63524E-8 2.12313E-8 1.66346E-8 1.60145E-8 1.52019E-8 1.49279E-8 1.56238E-8 1.49675E-8 1.7555E-8 2.13793E-8 1.81505E-8 3.12254E-8 2.6769E-8 2.65117E-8 3.66447E-8 5.15289E-8 5.74287E-8 5.06984E-8 3.92972E-8 3.6485E-8 3.11582E-8 4.35005E-8 4.50132E-8 5.23031E-8 6.3427E-8 1.00312E-7 8.87746E-8 1.16314E-7 1.62536E-7 1.88715E-7 2.36318E-7 3.03681E-7 3.40244E-7 4.45102E-7 7.30292E-5 9.67329E-6 3.43275E-6 1.37038E-6 1.95857E-6 9.00765E-7 4.55232E-7 -9999 -9999 -9999
2.44301E-9 2.0191E-9 1.8442E-9 1.96499E-9 1.89062E-9 1.9748E-9 1.50388E-9 1.4682E-9 8.6895E-10 4.42522E-10 1.30507E-10 4.1005E-11 2.59571E-11 1.19831E-10 6.12392E-10 1.77658E-9 3.23839E-9 4.29656E-9 4.99001E-9 6.85975E-9 9.16789E-9 1.0778E-8 6.22017E-9 8.50017E-9 1.49847E-8 2.45281E-8 3.68139E-8 6.58988E-8 2.10755E-8 2.14221E-8 1.4882E-8 1.71556E-8 1.80861E-8 1.97713E-8 2.13728E-8 2.37975E-8 2.53345E-8 2.05081E-8 1.8885E-8 1.95511E-8 2.3447E-8 2.94103E-8 3.53379E-8 3.44461E-8 5.21403E-8 6.50636E-8 5.90049E-8 5.93231E-8 4.1645E-8 3.28529E-8 4.35392E-8 4.65889E-8 6.00356E-8 8.57671E-8 8.81805E-8 1.05397E-7 9.14202E-8 1.20029E-7 2.24021E-7 3.34919E-7 4.19348E-7 5.32359E-7 5.31099E-6 5.28839E-5 1.9737E-6 1.01102E-6 8.78479E-7 1.09196E-6 7.04428E-7 2.87615E-7 -9999 -9999 -9999
1.76011E-9 1.2697E-9 9.3232E-10 1.9777E-9 2.38999E-9 1.08205E-9 8.32237E-10 8.97718E-10 9.51787E-10 6.11625E-10 1.47732E-10 5.37237E-11 1.42762E-10 3.64937E-10 1.24342E-9 3.52646E-9 3.94996E-9 5.53533E-9 5.88753E-9 7.3863E-9 1.07434E-8 1.13246E-8 1.3422E-8 1.39814E-8 3.35202E-8 5.11608E-8 6.88824E-8 7.10656E-8 4.00403E-8 2.43937E-8 2.29464E-8 1.63631E-8 1.88473E-8 2.04297E-8 2.19176E-8 2.02293E-8 2.53432E-8 2.68054E-8 2.44337E-8 2.67781E-8 3.30726E-8 3.60638E-8 3.6922E-8 3.99108E-8 4.69579E-8 6.23132E-8 7.183E-8 5.66006E-8 7.115E-8 5.3086E-8 5.96325E-8 8.14439E-8 1.00818E-7 1.49305E-7 1.23317E-7 1.28398E-7 1.35365E-7 1.89417E-7 2.96658E-7 3.4466E-7 5.69837E-7 7.76531E-7 3.56677E-5 7.38093E-6 2.14949E-6 1.06734E-6 8.18904E-7 8.04029E-7 4.15984E-7 1.71871E-7 4.76417E-8 -9999 -9999
2.14394E-9 1.93593E-9 2.18769E-9 1.6095E-9 1.47329E-9 1.08261E-9 6.52279E-10 7.46109E-10 8.92824E-10 8.46413E-10 4.61546E-10 3.53273E-10 4.55849E-10 1.56053E-9 2.82085E-9 4.47285E-9 3.87502E-9 4.97224E-9 8.31282E-9 1.16367E-8 1.29002E-8 1.12982E-8 1.85814E-8 2.89969E-8 3.67861E-8 4.12008E-8 5.08627E-8 4.37717E-8 1.91982E-8 1.91434E-8 1.3534E-8 1.3525E-8 2.06683E-8 2.13928E-8 1.78944E-8 1.85949E-8 1.78994E-8 2.40791E-8 4.57408E-8 2.60686E-8 3.53733E-8 4.01963E-8 4.48103E-8 4.15921E-8 4.50848E-8 5.83204E-8 9.06847E-8 1.00156E-7 9.52638E-8 7.60147E-8 8.60115E-8 1.22158E-7 1.26935E-7 1.88758E-7 1.49643E-7 1.96159E-7 2.54873E-7 2.50209E-7 5.08977E-7 5.88195E-7 5.30498E-7 3.87212E-6 3.75982E-5 4.18935E-6 1.62494E-6 7.65318E-7 1.07656E-6 8.57702E-7 2.94255E-7 1.28961E-7 4.30532E-8 1.23225E-8 -9999
2.71656E-9 2.4073E-9 1.59265E-9 1.27637E-9 1.1133E-9 9.83138E-10 1.41203E-9 1.79689E-9 1.23743E-9 1.03304E-9 1.28804E-9 1.45883E-9 1.35118E-9 2.33108E-9 4.09691E-9 4.84396E-9 7.54363E-9 7.94069E-9 8.42694E-9 7.76112E-9 1.25906E-8 2.54921E-8 3.23626E-8 4.2555E-8 2.62096E-8 2.9289E-8 3.5362E-8 4.31352E-8 1.56555E-8 1.32912E-8 1.24354E-8 1.24613E-8 1.27862E-8 1.2829E-8 1.79826E-8 2.28078E-8 2.57019E-8 3.00362E-8 3.2581E-8 3.80108E-8 3.54421E-8 4.5722E-8 4.42878E-8 4.43876E-8 4.7062E-8 7.08366E-8 1.18699E-7 1.24745E-7 1.2529E-7 1.07172E-7 1.7015E-7 2.10167E-7 2.69098E-7 2.75811E-7 2.68725E-7 2.78831E-7 4.21494E-7 7.86149E-7 1.63961E-6 6.72449E-6 8.51698E-6 4.56785E-5 5.05844E-6 2.1416E-6 1.12814E-6 3.92468E-7 5.78746E-7 4.18026E-7 2.22093E-7 1.13989E-7 4.21731E-8 2.17848E-8 -9999
3.45836E-9 4.98995E-9 1.97479E-9 1.0941E-9 9.54302E-10 9.91919E-10 9.78877E-10 1.6122E-9 9.96917E-10 1.09999E-9 1.74358E-9 2.10147E-9 3.91929E-9 3.13345E-9 5.00424E-9 5.76526E-9 6.00231E-9 8.11944E-9 9.00418E-9 9.80819E-9 1.14262E-8 3.14028E-8 2.86449E-8 3.26189E-8 3.96411E-8 3.21916E-8 2.67018E-8 1.56333E-8 1.3968E-8 1.31427E-8 1.05826E-8 1.0236E-8 1.53828E-8 1.80966E-8 1.63187E-8 2.42971E-8 2.49661E-8 3.78659E-8 3.91785E-8 3.88882E-8 4.19992E-8 4.61465E-8 5.24846E-8 5.15227E-8 6.33764E-8 6.35355E-8 1.18559E-7 2.14149E-7 2.47333E-7 2.27958E-7 2.16334E-7 5.1014E-7 4.94673E-7 3.928E-7 3.71898E-7 4.1734E-7 1.18638E-6 6.85555E-6 5.34878E-6 2.28491E-6 5.43312E-6 6.18934E-6 3.96101E-6 1.24707E-6 9.24214E-7 5.21529E-7 2.48173E-7 1.78693E-7 1.19975E-7 1.38726E-7 1.22913E-7 1.02002E-7 -9999
4.95058E-9 4.89377E-9 1.60849E-9 9.74592E-10 8.96601E-10 7.07954E-10 6.18362E-10 1.11351E-9 8.35319E-10 8.48409E-10 1.49882E-9 1.6778E-9 3.68978E-9 4.02335E-9 4.84412E-9 5.7124E-9 8.90977E-9 2.1897E-8 1.7298E-8 1.41589E-8 1.38432E-8 1.63382E-8 2.47294E-8 2.35728E-8 3.99734E-8 2.30382E-8 1.59727E-8 1.65342E-8 1.5953E-8 1.6922E-8 1.3023E-8 1.4455E-8 1.63257E-8 2.27428E-8 2.03028E-8 2.29424E-8 2.74288E-8 3.67148E-8 4.16543E-8 4.35518E-8 5.6781E-8 5.65966E-8 6.76831E-8 7.64803E-8 9.74656E-8 7.88236E-8 1.34244E-7 4.23974E-7 3.10199E-7 4.11522E-7 5.97335E-7 7.24398E-7 8.516E-7 8.64251E-7 7.57197E-7 6.84481E-7 4.80106E-6 1.69333E-6 1.26454E-6 6.11118E-7 1.0875E-6 2.07493E-6 2.76523E-6 1.62769E-6 9.39236E-7 4.55001E-7 1.88246E-7 1.35705E-7 5.91874E-8 7.99631E-8 1.3008E-7 4.89958E-8 -9999
4.94535E-9 2.30531E-9 1.79446E-9 1.00625E-9 1.07816E-9 1.11759E-9 5.38415E-10 4.73908E-10 3.59189E-10 7.31239E-10 1.27779E-9 1.64085E-9 3.54347E-9 4.53596E-9 4.71234E-9 5.38166E-9 1.10879E-8 2.19075E-8 1.82686E-8 1.68E-8 1.27516E-8 1.16194E-8 1.47685E-8 2.02259E-8 2.54938E-8 1.68746E-8 1.75904E-8 1.66319E-8 1.41306E-8 1.50759E-8 1.74857E-8 2.01042E-8 1.90947E-8 2.16403E-8 2.79679E-8 3.2177E-8 3.34778E-8 4.18608E-8 5.55795E-8 4.4971E-8 6.30207E-8 7.08163E-8 8.26213E-8 9.20555E-8 1.39718E-7 1.34652E-7 1.6123E-7 4.6039E-7 5.34043E-7 4.37827E-7 7.58087E-7 1.21836E-6 1.87567E-6 1.88541E-6 1.62923E-6 2.30277E-6 1.56101E-6 1.49104E-6 9.63028E-7 4.87425E-7 3.29429E-7 3.76467E-7 7.86999E-7 1.2199E-6 9.4814E-7 3.24641E-7 1.71964E-7 7.8493E-8 3.48837E-8 1.82948E-8 3.01515E-8 1.13617E-7 4.33669E-8
3.45641E-9 2.67421E-9 1.66969E-9 9.22246E-10 8.55938E-10 8.79811E-10 1.02512E-9 5.21122E-10 4.75038E-10 9.88826E-10 1.47868E-9 2.48574E-9 3.84364E-9 3.77214E-9 6.33608E-9 6.38281E-9 7.01143E-9 1.20426E-8 1.92304E-8 2.25251E-8 1.32364E-8 1.28326E-8 1.70607E-8 1.44488E-8 2.51196E-8 1.67096E-8 1.66721E-8 1.8743E-8 2.3004E-8 2.29952E-8 1.8532E-8 1.69117E-8 2.42288E-8 2.60076E-8 2.78806E-8 3.91029E-8 3.93735E-8 3.87165E-8 5.37313E-8 4.43451E-8 5.80996E-8 6.59752E-8 7.49359E-8 9.83751E-8 1.33479E-7 2.39829E-7 1.83235E-7 3.09921E-7 6.10469E-7 6.85491E-7 1.04778E-6 1.11443E-6 1.48924E-6 3.15324E-6 3.61305E-6 1.92831E-6 1.45839E-6 1.5213E-6 1.24647E-6 6.92619E-7 -9999 -9999 2.6744E-7 6.23833E-7 4.66252E-7 2.0456E-7 1.3605E-7 9.50224E-8 4.1222E-8 -9999 -9999 1.72432E-8 -9999
3.39488E-9 2.5191E-9 1.7946E-9 1.28037E-9 9.50002E-10 1.34369E-9 8.48659E-10 6.79331E-10 5.46172E-10 1.32002E-9 2.05122E-9 1.97346E-9 2.71333E-9 4.82678E-9 6.4701E-9 7.05454E-9 1.01827E-8 1.0646E-8 1.73091E-8 1.12796E-8 1.24313E-8 1.3563E-8 1.19625E-8 1.22218E-8 1.32998E-8 1.39973E-8 1.47286E-8 1.65936E-8 1.66191E-8 1.79687E-8 1.60841E-8 2.24511E-8 2.4126E-8 2.95934E-8 3.29103E-8 3.7239E-8 3.81961E-8 4.35541E-8 4.53532E-8 4.93584E-8 5.75496E-8 6.96051E-8 8.43683E-8 1.1715E-7 1.62422E-7 2.30179E-7 3.6781E-7 5.48655E-7 6.82624E-7 8.21089E-7 9.04698E-7 1.13059E-6 2.01367E-6 4.94097E-6 2.55671E-6 2.155E-6 1.93598E-6 1.67349E-6 1.23586E-6 7.22393E-7 -9999 -9999 -9999 -9999 1.8961E-7 1.35627E-7 1.37866E-7 -9999 -9999 -9999 -9999 -9999 -9999
5.91968E-9 2.16829E-9 2.22672E-9 1.29703E-9 6.00856E-10 1.0079E-9 8.27743E-10 7.08774E-10 7.27469E-10 9.40125E-10 1.22515E-9 1.48853E-9 1.92828E-9 2.90972E-9 5.29107E-9 8.89957E-9 1.27834E-8 1.77024E-8 2.00848E-8 2.09893E-8 1.37725E-8 1.50912E-8 1.32478E-8 1.41314E-8 1.39492E-8 1.26848E-8 1.41648E-8 1.30288E-8 1.20349E-8 1.14995E-8 1.40382E-8 2.19078E-8 2.59558E-8 3.26833E-8 3.73077E-8 4.31277E-8 4.68417E-8 5.11238E-8 5.52731E-8 5.94831E-8 7.30438E-8 9.17487E-8 8.10274E-8 1.19023E-7 1.93008E-7 2.22532E-7 2.6417E-7 6.59221E-7 6.99776E-7 7.29263E-7 9.10713E-7 1.46782E-6 3.5581E-6 2.795E-6 2.33132E-6 2.42365E-6 3.72415E-6 2.26773E-6 1.43699E-6 7.22823E-7 8.37114E-7 -9999 -9999 -9999 -9999 -9999 -9999 -9999 -9999 -9999 -9999 -9999 -9999
2.72671E-9 2.14252E-9 2.73499E-9 1.55746E-9 7.04284E-10 6.09677E-10 9.96707E-10 1.4876E-9 1.08014E-9 9.56307E-10 1.27754E-9 1.98955E-9 2.20448E-9 3.71931E-9 5.90383E-9 8.87917E-9 1.27217E-8 1.76876E-8 1.3075E-8 1.96583E-8 1.66019E-8 1.68386E-8 1.5487E-8 1.38536E-8 1.48221E-8 1.63588E-8 1.20571E-8 1.62523E-8 1.53935E-8 1.38732E-8 2.01886E-8 2.99903E-8 3.9039E-8 3.88301E-8 4.39907E-8 4.71396E-8 4.90132E-8 4.52796E-8 7.12702E-8 6.80106E-8 8.03264E-8 9.37692E-8 8.5576E-8 1.312E-7 1.22417E-7 1.99361E-7 3.30812E-7 6.81262E-7 8.42756E-7 8.72305E-7 1.26316E-6 2.38396E-6 2.29225E-6 1.72025E-6 1.36649E-6 2.35945E-6 2.58697E-6 2.58084E-6 1.74158E-6 1.06409E-6 1.42427E-6 -9999 -9999 -9999 -9999 -9999 -9999 -9999 -9999 -9999 -9999 3.52542E-8 1.72541E-8
1.28208E-9 1.12948E-9 1.38103E-9 1.09944E-9 1.48571E-9 1.92662E-9 1.41206E-9 1.88018E-9 1.07056E-9 1.65012E-9 1.18972E-9 1.9685E-9 3.20063E-9 4.50958E-9 7.14997E-9 8.22713E-9 8.87233E-9 1.06613E-8 9.81365E-9 1.67064E-8 1.48059E-8 2.7657E-8 1.58868E-8 1.55399E-8 1.55215E-8 1.55579E-8 1.7739E-8 1.66675E-8 1.44938E-8 1.43884E-8 1.91677E-8 2.50956E-8 4.09888E-8 4.58252E-8 5.97839E-8 6.04556E-8 7.23075E-8 5.46348E-8 5.55166E-8 8.17699E-8 9.59454E-8 1.10418E-7 1.01514E-7 1.33479E-7 1.66871E-7 2.47571E-7 3.91212E-7 6.61222E-7 9.00457E-7 8.36624E-7 9.79416E-7 2.15899E-6 2.88316E-6 2.37354E-6 1.25264E-6 1.27522E-6 1.59279E-6 2.16432E-6 2.39966E-6 2.04533E-6 1.54031E-6 -9999 -9999 -9999 -9999 -9999 -9999 -9999 -9999 -9999 3.53591E-8 3.55286E-8 1.31062E-7
1.6152E-9 -9999 -9999 -9999 -9999 -9999 -9999 1.52724E-9 9.93863E-10 1.97106E-9 2.45467E-9 2.96009E-9 4.31684E-9 5.11119E-9 4.29147E-9 7.48212E-9 1.06393E-8 1.19662E-8 1.21839E-8 2.02802E-8 1.87348E-8 2.33204E-8 1.5837E-8 1.70261E-8 1.70557E-8 1.44485E-8 1.23487E-8 1.67816E-8 2.4973E-8 2.7009E-8 3.39463E-8 3.5243E-8 3.76963E-8 6.53553E-8 5.31482E-8 8.19873E-8 1.10486E-7 9.43147E-8 9.62196E-8 1.40641E-7 1.11414E-7 1.39257E-7 1.73521E-7 2.60915E-7 3.09806E-7 4.94626E-7 3.9144E-7 5.596E-7 4.19115E-7 7.27073E-7 1.33653E-6 1.52029E-6 2.59858E-6 1.4982E-6 9.16189E-7 8.3177E-7 1.01576E-6 1.94876E-6 2.75322E-6 2.16981E-6 1.58412E-6 9.92777E-7 4.28979E-7 2.04482E-7 -9999 -9999 -9999 -9999 -9999 -9999 -9999 -9999 1.11968E-8
-9999 -9999 -9999 -9999 -9999 -9999 -9999 -9999 -9999 -9999 2.52996E-9 4.11549E-9 4.46745E-9 4.75279E-9 6.81261E-9 9.11819E-9 1.10754E-8 1.95038E-8 2.43795E-8 1.90852E-8 1.91645E-8 1.98795E-8 2.06937E-8 1.59628E-8 1.95581E-8 2.03532E-8 2.28458E-8 2.09487E-8 2.40032E-8 2.60086E-8 3.39791E-8 3.05536E-8 -9999 -9999 8.73961E-8 9.81101E-8 1.15484E-7 1.03347E-7 1.28494E-7 1.2694E-7 1.34251E-7 2.43984E-7 2.1069E-7 3.18499E-7 3.87635E-7 4.69377E-7 6.12657E-7 6.55013E-7 5.39549E-7 6.7075E-7 1.11121E-6 1.48794E-6 2.10631E-6 1.10877E-6 8.70372E-7 6.97461E-7 6.28624E-7 7.11426E-7 1.71412E-6 1.82465E-6 1.30932E-6 1.14899E-6 9.77024E-7 5.42641E-7 2.93456E-7 -9999 -9999 -9999 -9999 -9999 -9999 -9999 7.78811E-9
-9999 -9999 -9999 -9999 -9999 -9999 -9999 -9999 -9999 -9999 -9999 -9999 4.98989E-9 5.55216E-9 7.21826E-9 7.98704E-9 1.02081E-8 1.50896E-8 1.36115E-8 1.68017E-8 2.2959E-8 2.65286E-8 2.10971E-8 2.15301E-8 1.99318E-8 2.64255E-8 -9999 -9999 -9999 3.91298E-8 4.33269E-8 -9999 -9999 -9999 -9999 -9999 1.44817E-7 1.18315E-7 1.62263E-7 1.5549E-7 2.15624E-7 2.67968E-7 3.73586E-7 3.29758E-7 3.63087E-7 4.35919E-7 5.77048E-7 4.86882E-7 4.43623E-7 6.54879E-7 1.02251E-6 1.41903E-6 1.58742E-6 9.97936E-7 9.25656E-7 7.8139E-7 8.68027E-7 5.59624E-7 1.05278E-6 1.14086E-6 8.53447E-7 7.31884E-7 6.32067E-7 4.63766E-7 2.42203E-7 -9999 -9999 -9999 -9999 -9999 -9999 -9999 1.53223E-8
-9999 -9999 -9999 -9999 -9999 -9999 -9999 -9999 -9999 -9999 -9999 -9999 -9999 -9999 1.16837E-8 1.01783E-8 1.4291E-8 1.98815E-8 1.72085E-8 1.89906E-8 2.39202E-8 3.13962E-8 -9999 -9999 -9999 -9999 -9999 -9999 -9999 -9999 -9999 -9999 -9999 -9999 -9999 -9999 -9999 1.88749E-7 1.98972E-7 1.62077E-7 2.36476E-7 2.72157E-7 2.51489E-7 3.03455E-7 4.50639E-7 4.29646E-7 4.07048E-7 6.22161E-7 7.12174E-7 9.95218E-7 1.97092E-6 1.86315E-6 1.26907E-6 1.50312E-6 1.47841E-6 1.38054E-6 7.79631E-7 8.58665E-7 7.13924E-7 3.87999E-7 3.6575E-7 2.87518E-7 2.81294E-7 2.34769E-7 1.60971E-7 -9999 -9999 -9999 -9999 -9999 -9999 1.84023E-8 1.17552E-8
-9999 -9999 -9999 -9999 -9999 -9999 -9999 -9999 -9999 -9999 -9999 -9999 -9999 -9999 1.12827E-8 1.72277E-8 2.02718E-8 1.77661E-8 1.88911E-8 1.89651E-8 2.39217E-8 2.33824E-8 -9999 -9999 -9999 -9999 -9999 -9999 -9999 -9999 -9999 -9999 -9999 -9999 -9999 -9999 -9999 -9999 -9999 2.88421E-7 3.5268E-7 4.22796E-7 3.18356E-7 4.51189E-7 5.29658E-7 4.25739E-7 6.07327E-7 6.6927E-7 8.18193E-7 1.12457E-6 1.7938E-6 1.31587E-6 1.18892E-6 1.77143E-6 1.55399E-6 1.56044E-6 1.442E-6 9.40607E-7 6.68244E-7 3.80078E-7 2.59263E-7 2.25363E-7 1.44847E-7 8.56842E-8 8.14633E-8 -9999 -9999 -9999 -9999 -9999 -9999 -9999 5.57623E-9
-9999 -9999 -9999 -9999 -9999 -9999 -9999 -9999 -9999 -9999 -9999 -9999 -9999 -9999 -9999 1.37319E-8 2.6865E-8 2.33397E-8 2.24937E-8 2.24755E-8 2.34888E-8 -9999 -9999 -9999 -9999 -9999 -9999 -9999 -9999 -9999 -9999 -9999 -9999 -9999 -9999 -9999 -9999 -9999 -9999 -9999 4.7194E-7 7.54499E-7 5.29996E-7 7.39024E-7 6.85674E-7 6.81399E-7 4.77815E-7 7.03813E-7 9.49724E-7 1.17345E-6 1.49459E-6 9.39862E-7 8.44224E-7 1.71833E-6 1.51272E-6 1.33405E-6 8.49639E-7 5.84972E-7 3.85512E-7 2.57203E-7 1.74481E-7 1.29836E-7 7.3525E-8 3.34293E-8 3.93171E-8 -9999 -9999 -9999 -9999 -9999 -9999 -9999 6.01572E-9
-9999 -9999 -9999 -9999 -9999 -9999 -9999 -9999 -9999 -9999 -9999 -9999 -9999 -9999 -9999 1.41373E-8 1.94233E-8 2.42056E-8 2.42429E-8 -9999 -9999 -9999 -9999 -9999 -9999 -9999 -9999 -9999 -9999 -9999 -9999 -9999 -9999 -9999 -9999 -9999 -9999 -9999 -9999 -9999 2.87285E-7 4.14332E-7 5.19182E-7 6.20084E-7 5.70535E-7 8.54402E-7 9.37148E-7 9.13244E-7 1.09471E-6 1.24323E-6 9.8598E-7 5.53976E-7 6.61947E-7 1.15784E-6 1.02612E-6 1.41009E-6 9.81973E-7 4.33635E-7 3.51629E-7 1.86964E-7 6.01786E-8 3.94406E-8 3.31056E-8 2.97448E-8 2.37748E-8 3.6489E-8 -9999 -9999 -9999 -9999 -9999 3.60137E-9 9.85926E-9
-9999 -9999 -9999 -9999 -9999 -9999 -9999 -9999 -9999 -9999 -9999 -9999 -9999 -9999 -9999 -9999 -9999 -9999 -9999 -9999 -9999 -9999 -9999 -9999 -9999 -9999 -9999 -9999 -9999 -9999 -9999 -9999 -9999 -9999 -9999 -9999 -9999 -9999 -9999 -9999 -9999 3.31684E-7 3.61306E-7 4.0829E-7 4.41403E-7 7.51244E-7 7.05025E-7 8.68575E-7 8.0884E-7 1.0965E-6 7.11587E-7 4.73691E-7 5.54861E-7 6.86528E-7 7.6684E-7 8.4997E-7 7.14546E-7 5.305E-7 3.04751E-7 -9999 -9999 -9999 -9999 -9999 1.48694E-8 1.86464E-8 -9999 -9999 -9999 -9999 1.73636E-8 1.72146E-8 1.18054E-8
-9999 -9999 -9999 -9999 -9999 -9999 -9999 -9999 -9999 -9999 -9999 -9999 -9999 -9999 -9999 -9999 -9999 -9999 -9999 -9999 -9999 -9999 -9999 -9999 -9999 -9999 -9999 -9999 -9999 -9999 -9999 -9999 -9999 -9999 -9999 -9999 -9999 -9999 -9999 -9999 -9999 3.69324E-7 4.20498E-7 4.93739E-7 3.68518E-7 5.02597E-7 5.16905E-7 6.10947E-7 6.10086E-7 8.84789E-7 6.59162E-7 4.71484E-7 5.1064E-7 6.44508E-7 6.01267E-7 6.54757E-7 5.98931E-7 3.40115E-7 3.23832E-7 -9999 -9999 -9999 -9999 -9999 -9999 -9999 -9999 -9999 6.49272E-9 1.68418E-8 6.86804E-8 5.41112E-8 9.60397E-8
-9999 -9999 -9999 -9999 -9999 -9999 -9999 -9999 -9999 -9999 -9999 -9999 -9999 -9999 -9999 -9999 -9999 -9999 -9999 -9999 -9999 -9999 -9999 -9999 -9999 -9999 -9999 -9999 -9999 -9999 -9999 -9999 -9999 -9999 -9999 -9999 -9999 -9999 -9999 -9999 2.28894E-7 3.79447E-7 3.21415E-7 2.8104E-7 2.029E-7 2.40888E-7 3.40864E-7 4.00371E-7 4.14059E-7 4.30966E-7 6.51225E-7 5.17733E-7 3.70593E-7 4.74553E-7 4.96649E-7 3.88713E-7 4.04979E-7 2.62675E-7 3.08614E-7 1.33603E-7 3.03263E-8 -9999 -9999 -9999 5.48107E-8 -9999 4.48811E-8 7.96376E-9 1.51969E-8 1.61167E-8 1.63871E-7 3.37463E-7 2.58073E-7
-9999 -9999 -9999 -9999 -9999 -9999 -9999 -9999 -9999 -9999 -9999 -9999 -9999 -9999 -9999 -9999 -9999 -9999 -9999 -9999 -9999 -9999 -9999 -9999 -9999 -9999 -9999 -9999 -9999 -9999 -9999 -9999 -9999 -9999 -9999 -9999 -9999 -9999 -9999 1.92485E-7 1.86034E-7 2.68906E-7 2.76093E-7 2.39971E-7 1.75594E-7 2.79636E-7 3.08224E-7 3.21618E-7 3.02854E-7 3.96569E-7 3.83516E-7 3.70647E-7 3.20657E-7 3.53473E-7 3.75371E-7 1.8253E-7 3.56498E-7 2.55663E-7 2.22992E-7 1.24818E-7 8.34192E-8 7.82684E-8 9.15255E-8 7.91803E-8 1.31545E-7 1.0361E-7 6.90867E-8 1.49695E-8 -9999 -9999 -9999 -9999 -9999
-9999 -9999 -9999 -9999 -9999 -9999 -9999 -9999 -9999 -9999 -9999 -9999 -9999 -9999 -9999 -9999 -9999 -9999 -9999 -9999 -9999 -9999 -9999 -9999 -9999 -9999 -9999 -9999 -9999 -9999 -9999 -9999 -9999 -9999 -9999 -9999 -9999 -9999 1.01946E-7 1.46045E-7 1.80835E-7 1.98643E-7 2.15403E-7 2.17306E-7 1.8467E-7 2.03105E-7 2.26904E-7 2.9026E-7 3.36746E-7 3.24568E-7 2.40911E-7 2.28175E-7 1.81205E-7 1.98912E-7 2.29074E-7 1.86646E-7 2.31135E-7 1.23725E-7 8.26754E-8 7.11606E-8 7.78528E-8 1.35039E-7 1.84492E-7 1.41369E-7 1.89517E-7 1.07758E-7 -9999 -9999 -9999 -9999 -9999 -9999 -9999
-9999 -9999 -9999 -9999 -9999 -9999 -9999 -9999 -9999 -9999 -9999 -9999 -9999 -9999 -9999 -9999 -9999 -9999 -9999 -9999 -9999 -9999 -9999 -9999 -9999 -9999 -9999 -9999 -9999 -9999 -9999 -9999 -9999 -9999 -9999 -9999 -9999 4.47927E-8 9.28028E-8 1.10433E-7 1.37179E-7 1.48516E-7 1.46277E-7 1.56297E-7 1.53385E-7 1.62912E-7 1.86707E-7 2.2534E-7 2.80423E-7 2.01785E-7 1.55977E-7 9.14435E-8 9.61038E-8 8.63964E-8 1.27938E-7 1.63611E-7 1.82572E-7 1.43864E-7 1.27018E-7 1.11515E-7 2.02724E-7 3.37281E-7 2.83905E-7 2.96915E-7 -9999 -9999 -9999 -9999 -9999 -9999 -9999 -9999 -9999
-9999 -9999 -9999 -9999 -9999 -9999 -9999 -9999 -9999 -9999 -9999 -9999 -9999 -9999 -9999 -9999 -9999 -9999 -9999 -9999 -9999 -9999 -9999 -9999 -9999 -9999 -9999 -9999 -9999 -9999 -9999 -9999 -9999 -9999 -9999 -9999 3.36278E-8 6.23967E-8 7.98281E-8 8.0628E-8 1.02004E-7 9.448E-8 9.97888E-8 1.08325E-7 1.19062E-7 1.2988E-7 1.75634E-7 1.82167E-7 1.37377E-7 9.95473E-8 8.01561E-8 7.1658E-8 6.11189E-8 4.56564E-8 7.6826E-8 1.70546E-7 3.32181E-7 3.87751E-7 3.46223E-7 2.77466E-7 2.84565E-7 3.97841E-7 -9999 -9999 -9999 -9999 -9999 -9999 -9999 -9999 -9999 -9999 -9999
-9999 -9999 -9999 -9999 -9999 -9999 -9999 -9999 -9999 -9999 -9999 -9999 -9999 -9999 -9999 -9999 -9999 -9999 -9999 -9999 -9999 -9999 -9999 -9999 -9999 -9999 -9999 -9999 -9999 -9999 -9999 -9999 -9999 -9999 -9999 -9999 -9999 4.39631E-8 5.65431E-8 5.47631E-8 6.18658E-8 6.5031E-8 7.24753E-8 8.72597E-8 7.61851E-8 8.78826E-8 1.02755E-7 1.2098E-7 6.99233E-8 5.58973E-8 6.35153E-8 4.85494E-8 3.67807E-8 4.70828E-8 8.64938E-8 1.48625E-7 2.60548E-7 4.47522E-7 4.47204E-7 6.43197E-7 -9999 -9999 -9999 -9999 -9999 -9999 -9999 -9999 -9999 -9999 -9999 -9999 -9999
-9999 -9999 -9999 -9999 -9999 -9999 -9999 -9999 -9999 -9999 -9999 -9999 -9999 -9999 -9999 -9999 -9999 -9999 -9999 -9999 -9999 -9999 -9999 -9999 -9999 -9999 -9999 -9999 -9999 -9999 -9999 -9999 -9999 -9999 -9999 -9999 -9999 -9999 -9999 6.2168E-8 5.11318E-8 4.82947E-8 4.99999E-8 4.30926E-8 6.62726E-8 7.2691E-8 6.60191E-8 1.02556E-7 8.80531E-8 7.07922E-8 3.02653E-8 4.95211E-8 4.88328E-8 1.11948E-7 1.41372E-7 3.15976E-7 4.70662E-7 6.47419E-7 9.11521E-7 -9999 -9999 -9999 -9999 -9999 -9999 -9999 -9999 -9999 -9999 -9999 -9999 -9999 -9999
-9999 -9999 -9999 -9999 -9999 -9999 -9999 -9999 -9999 -9999 -9999 -9999 -9999 -9999 -9999 -9999 -9999 -9999 -9999 -9999 -9999 -9999 -9999 -9999 -9999 -9999 -9999 -9999 -9999 -9999 -9999 -9999 -9999 -9999 -9999 -9999 -9999 -9999 -9999 -9999 5.0536E-8 5.64546E-8 5.57623E-8 4.38275E-8 7.98953E-8 8.81561E-8 9.16294E-8 1.38277E-7 2.13376E-7 1.22221E-7 5.18478E-8 6.62582E-8 6.75709E-8 2.55525E-7 4.57268E-7 5.71275E-7 9.58053E-7 -9999 -9999 -9999 -9999 -9999 -9999 -9999 -9999 -9999 -9999 -9999 -9999 -9999 -9999 -9999 -9999
-9999 -9999 -9999 -9999 -9999 -9999 -9999 -9999 -9999 -9999 -9999 -9999 -9999 -9999 -9999 -9999 -9999 -9999 -9999 -9999 -9999 -9999 -9999 -9999 -9999 -9999 -9999 -9999 -9999 -9999 -9999 -9999 -9999 -9999 -9999 -9999 -9999 -9999 -9999 -9999 9.16902E-8 7.15366E-8 1.4276E-7 8.79493E-8 8.8239E-8 5.84868E-8 1.10181E-7 1.24232E-7 1.92879E-7 3.18454E-7 1.33998E-7 1.03885E-7 2.39289E-7 6.4178E-7 1.09902E-6 1.1709E-6 1.90062E-6 -9999 -9999 -9999 -9999 -9999 -9999 -9999 -9999 -9999 -9999 -9999 -9999 -9999 -9999 -9999 -9999
-9999 -9999 -9999 -9999 -9999 -9999 -9999 -9999 -9999 -9999 -9999 -9999 -9999 -9999 -9999 -9999 -9999 -9999 -9999 -9999 -9999 -9999 -9999 -9999 -9999 -9999 -9999 -9999 -9999 -9999 -9999 -9999 -9999 -9999 -9999 -9999 -9999 -9999 -9999 -9999 -9999 2.12509E-7 2.94797E-7 3.02336E-7 2.3585E-7 6.5091E-8 6.26953E-8 1.19368E-7 2.20017E-7 3.98164E-7 3.96351E-7 2.2937E-7 5.61635E-7 1.33697E-6 2.16945E-6 2.41386E-6 -9999 -9999 -9999 -9999 -9999 -9999 -9999 -9999 -9999 -9999 -9999 -9999 -9999 -9999 -9999 -9999 -9999
