ENM/Final_Models/M_1_F_lqp_Set_1_E/Gustavia_santanderiensis_2_Choco.asc
ncols         367
nrows         963
xllcorner     -78.6
yllcorner     0.65
cellsize      0.00833333333333323
NODATA_value  -9999
[rows 124 to 154 of 963, columns 210 to 279 of 367]
5.41896E-2 3.84945E-2 7.28428E-2 4.30932E-2 9.32382E-2 9.92823E-2 9.33683E-2 6.30483E-2 7.56181E-2 6.20964E-2 1.43002E-1 1.67067E-1 1.70387E-1 7.73584E-2 1.16879E-1 2.30535E-1 2.32571E-1 2.26929E-1 2.06249E-1 3.0086E-1 2.18775E-1 2.57629E-1 3.8347E-1 6.73122E-1 5.121E-1 4.99088E-1 2.13222E-1 1.5096E-1 1.70411E-1 2.64353E-1 5.3811E-1 4.4985E-1 4.00214E-1 3.59573E-1 2.66745E-1 3.22047E-1 9.07855E-2 4.8648E-2 7.87702E-2 7.51903E-2 4.86461E-2 1.44128E-2 4.15346E-3 6.80467E-3 3.60269E-2 9.89465E-2 1.9851E-1 4.50077E-1 1.37589E-1 1.01291E-1 1.10249E-1 1.87129E-1 -9999 -9999 -9999 -9999 -9999 2.87203E-1 2.67968E-1 2.38367E-1 1.62012E-1 1.50788E-1 6.66795E-2 -9999 -9999 -9999 7.71221E-2 3.57824E-2 7.53019E-2 -9999
1.28977E-2 4.82915E-2 5.75946E-2 1.11102E-1 1.07073E-1 1.02693E-1 1.87655E-1 3.60928E-2 4.02455E-2 3.24505E-2 9.56303E-2 1.61023E-1 1.31011E-1 1.00219E-1 1.07275E-1 2.17658E-1 3.42658E-1 2.32869E-1 2.73558E-1 2.39101E-1 1.95641E-1 2.30921E-1 4.66266E-1 5.37983E-1 5.72806E-1 7.41683E-1 3.97759E-1 2.6756E-1 1.81443E-1 3.06918E-1 4.16394E-1 4.42409E-1 3.97222E-1 2.39198E-1 2.65766E-1 3.20875E-1 3.23207E-1 5.21355E-2 4.1036E-2 4.81824E-2 2.00756E-2 4.04307E-2 1.43057E-2 7.62893E-2 1.7537E-2 1.76151E-1 5.41717E-1 2.31487E-1 2.02054E-1 1.53665E-1 7.75933E-2 1.02723E-1 1.14015E-1 -9999 -9999 -9999 -9999 3.57994E-1 2.30617E-1 2.57618E-1 2.04271E-1 1.01797E-1 6.33319E-2 -9999 -9999 -9999 7.31907E-2 5.0919E-2 1.93596E-2 -9999
1.14298E-1 9.21082E-2 1.04336E-1 2.38271E-1 2.01207E-1 2.13598E-1 1.90187E-1 4.44613E-2 5.8493E-2 4.5903E-2 4.39263E-2 1.68705E-1 1.58393E-1 1.19438E-1 1.30568E-1 1.61758E-1 1.47824E-1 1.59991E-1 1.77007E-1 1.9129E-1 4.83324E-1 4.99739E-1 6.40947E-1 5.62351E-1 6.6373E-1 7.53046E-1 4.14791E-1 3.39211E-1 2.06349E-1 2.34859E-1 3.91527E-1 3.78451E-1 2.20275E-1 2.0737E-1 2.32352E-1 4.43096E-1 1.56853E-1 7.92732E-2 1.29717E-1 5.24688E-2 4.26786E-2 2.42104E-2 9.59685E-2 7.66146E-2 1.20611E-1 2.714E-1 3.74049E-1 1.08314E-1 1.05559E-1 2.00313E-1 1.17342E-1 1.65262E-1 1.80999E-1 -9999 -9999 -9999 4.54011E-1 3.58816E-1 2.38676E-1 1.31909E-1 1.34722E-1 3.52888E-1 1.96798E-1 -9999 -9999 2.36626E-2 4.49542E-2 5.44279E-2 8.34155E-2 -9999
1.16045E-1 1.91173E-1 1.37952E-1 2.0345E-1 1.85766E-1 2.88153E-1 2.36018E-1 1.3546E-1 1.85438E-1 6.39693E-2 2.86613E-2 1.26854E-1 1.53821E-1 1.90445E-1 1.51828E-1 1.6052E-1 1.90856E-1 1.11457E-1 1.20305E-1 1.5526E-1 3.23549E-1 3.60358E-1 6.28673E-1 4.29009E-1 7.5592E-1 8.34831E-1 4.60626E-1 3.87573E-1 2.79332E-1 1.81162E-1 1.83773E-1 2.60658E-1 3.94745E-1 3.94906E-1 2.42696E-1 2.39202E-1 2.69955E-1 1.74909E-1 9.52056E-2 5.91732E-2 4.69275E-2 2.96182E-2 7.85207E-2 6.94823E-2 1.0226E-1 2.39784E-1 3.9282E-1 3.6466E-1 2.76626E-1 1.63207E-1 1.05183E-1 1.14178E-1 1.53034E-1 1.14699E-1 -9999 -9999 3.83417E-1 3.13678E-1 2.05575E-1 1.0756E-1 1.09092E-1 1.94141E-1 2.14117E-1 -9999 -9999 4.05328E-2 3.92127E-2 2.25484E-2 6.02138E-2 -9999
1.25668E-1 1.19032E-1 1.35775E-1 1.33628E-1 1.52044E-1 9.79653E-2 3.72238E-1 2.02266E-1 1.31013E-1 9.03915E-2 5.18667E-2 7.13985E-2 1.69572E-1 1.06037E-1 1.71587E-1 1.04647E-1 1.53412E-1 1.10241E-1 1.3202E-1 1.47418E-1 2.70271E-1 2.28508E-1 2.90909E-1 7.02088E-1 7.45807E-1 8.20383E-1 5.90813E-1 3.65915E-1 2.91806E-1 2.09483E-1 1.87589E-1 2.68154E-1 2.47211E-1 3.0205E-1 2.2524E-1 3.30446E-1 3.19153E-1 7.07355E-2 9.59102E-2 6.87324E-2 1.78731E-2 2.46438E-2 5.4589E-2 5.07204E-2 1.36488E-1 1.79878E-1 2.74153E-1 3.42761E-1 3.55104E-1 3.6232E-1 2.1435E-1 1.24748E-1 1.5145E-1 9.83325E-2 -9999 -9999 1.61834E-1 2.48093E-1 2.67179E-1 2.28918E-1 1.70055E-1 1.09263E-1 1.79052E-1 1.0733E-1 2.55669E-2 2.18915E-2 2.21568E-2 2.39028E-2 2.1814E-2 -9999
1.10149E-1 2.66613E-1 2.29035E-1 1.51959E-1 2.61038E-1 2.39551E-1 1.99079E-1 1.95674E-1 2.77666E-1 2.02435E-1 8.33124E-2 8.18423E-2 1.00814E-1 1.75065E-1 1.0837E-1 1.0571E-1 1.13426E-1 1.61088E-1 2.35329E-1 2.47165E-1 2.94154E-1 3.97493E-1 4.09753E-1 4.53779E-1 4.16978E-1 7.67259E-1 4.60874E-1 5.17978E-1 5.25687E-1 2.42004E-1 2.73459E-1 1.84454E-1 2.17513E-1 3.28621E-1 2.64479E-1 4.58067E-1 3.92943E-1 1.18918E-1 8.53392E-2 7.04337E-2 5.64563E-2 6.52885E-2 4.7398E-2 1.55834E-1 1.21833E-1 1.00131E-1 1.57028E-1 2.59564E-1 2.05877E-1 1.96919E-1 2.87084E-1 3.14164E-1 1.76115E-1 1.30662E-1 -9999 -9999 1.3961E-1 1.80565E-1 2.47196E-1 2.29495E-1 2.08526E-1 1.23796E-1 2.11083E-1 1.08923E-1 2.17248E-2 2.44685E-2 3.80701E-2 7.4797E-3 5.26672E-3 -9999
3.08247E-1 2.642E-1 1.82332E-1 1.52734E-1 2.75862E-1 1.96433E-1 2.32427E-1 1.89847E-1 2.2307E-1 1.75138E-1 1.29551E-1 2.04068E-1 1.14815E-1 9.98346E-2 6.03708E-2 5.87215E-2 6.00345E-2 1.19986E-1 2.14278E-1 3.92484E-1 4.07826E-1 2.12868E-1 3.8883E-1 4.50357E-1 6.51186E-1 8.23539E-1 5.82433E-1 4.94411E-1 4.77795E-1 3.09311E-1 2.35492E-1 3.31833E-1 3.57829E-1 3.31852E-1 2.52333E-1 3.81287E-1 2.90208E-1 1.1436E-1 5.76368E-2 4.45757E-2 1.63243E-2 2.25716E-2 2.69607E-2 1.73248E-1 2.00241E-1 7.30167E-2 7.01226E-2 1.14923E-1 2.0939E-1 2.54209E-1 3.1539E-1 2.79689E-1 2.39416E-1 1.81223E-1 1.09987E-1 -9999 9.06768E-2 1.34676E-1 1.03611E-1 1.00979E-1 1.72663E-1 1.45102E-1 1.41991E-1 5.8897E-2 7.22093E-2 4.20633E-2 2.75503E-2 2.11147E-2 1.84595E-2 -9999
2.10722E-1 1.38824E-1 2.40857E-1 2.22832E-1 1.41887E-1 1.38001E-1 2.24239E-1 1.73932E-1 1.14083E-1 1.35514E-1 1.98043E-1 1.99678E-1 8.67575E-2 1.89763E-1 1.45631E-1 1.43606E-1 5.47865E-2 5.99364E-2 1.47505E-1 2.85844E-1 4.57857E-1 3.52788E-1 3.34659E-1 6.54439E-1 6.84738E-1 5.9297E-1 7.13984E-1 8.02208E-1 5.83593E-1 3.64252E-1 2.36461E-1 2.02657E-1 2.68585E-1 4.03201E-1 3.76863E-1 4.53521E-1 3.29335E-1 2.33468E-1 5.70939E-2 7.46656E-2 4.69939E-2 2.75581E-2 4.58553E-2 8.9619E-2 6.99091E-2 1.15347E-1 1.07306E-1 1.0277E-1 5.94394E-2 1.86496E-1 2.82122E-1 2.54614E-1 1.93714E-1 1.68884E-1 1.97264E-1 -9999 -9999 2.0979E-1 1.32254E-1 1.27955E-1 1.56351E-1 3.04399E-1 2.12304E-1 7.37563E-2 1.96105E-1 1.28016E-1 9.12578E-2 6.07547E-2 7.32011E-2 -9999
1.29617E-1 1.22535E-1 2.23197E-1 2.28645E-1 1.08646E-1 1.13113E-1 9.21609E-2 1.48539E-1 8.86389E-2 8.87088E-2 8.25293E-2 1.26216E-1 1.29145E-1 2.17169E-1 1.12461E-1 1.70391E-1 1.42543E-1 2.16835E-1 5.83582E-1 5.81985E-1 5.38907E-1 3.94738E-1 4.12257E-1 6.0556E-1 7.25958E-1 8.42811E-1 5.92925E-1 5.95364E-1 5.21579E-1 4.82256E-1 4.49634E-1 4.59949E-1 5.14551E-1 5.05647E-1 5.14246E-1 6.20476E-1 5.76454E-1 2.03823E-1 1.29815E-1 4.23445E-2 5.28646E-2 6.04015E-2 9.2231E-2 9.58272E-2 1.15729E-1 1.23202E-1 2.89861E-1 1.13403E-1 1.07408E-1 5.88117E-2 1.30073E-1 1.56581E-1 3.1147E-1 3.5688E-1 2.44529E-1 3.04163E-1 -9999 2.43958E-1 1.62091E-1 1.5898E-1 1.8679E-1 1.71697E-1 2.79349E-1 1.5302E-1 2.25803E-1 9.90238E-2 1.45336E-1 1.56775E-1 1.27586E-1 -9999
1.66258E-1 3.01277E-1 2.7584E-1 2.24087E-1 2.64582E-1 2.70546E-1 1.22848E-1 1.65449E-1 1.60313E-1 1.52964E-1 1.38183E-1 1.44547E-1 1.33249E-1 1.57076E-1 2.14573E-1 2.65627E-1 2.07554E-1 3.7359E-1 6.66994E-1 5.21434E-1 5.84892E-1 5.6259E-1 5.85696E-1 8.94912E-1 8.36528E-1 7.25051E-1 6.35142E-1 7.30156E-1 6.88925E-1 6.38126E-1 6.11834E-1 6.90329E-1 7.27646E-1 4.61898E-1 5.31702E-1 5.11956E-1 5.98553E-1 3.95224E-1 1.92534E-1 7.35563E-2 2.73885E-2 4.68888E-2 5.66098E-2 6.83631E-2 6.86108E-2 1.34581E-1 9.79451E-2 1.6765E-1 1.82245E-1 1.63233E-1 1.03094E-1 1.24853E-1 1.54427E-1 4.51254E-1 4.01477E-1 3.14132E-1 -9999 -9999 2.19375E-1 1.44391E-1 1.62682E-1 2.28183E-1 1.6857E-1 1.38957E-1 1.85573E-1 2.08436E-1 3.25668E-1 1.644E-1 1.98723E-1 -9999
1.94514E-1 1.42897E-1 1.26424E-1 1.11589E-1 2.61426E-1 2.89673E-1 1.02112E-1 2.43458E-1 2.21547E-1 1.94266E-1 1.7642E-1 1.776E-1 1.888E-1 1.23674E-1 2.51923E-1 2.46247E-1 2.82317E-1 2.20704E-1 4.45565E-1 5.60126E-1 4.55032E-1 8.04612E-1 6.78532E-1 9.17967E-1 9.02019E-1 8.6798E-1 7.10893E-1 8.49072E-1 7.73171E-1 7.20123E-1 6.58141E-1 8.8613E-1 8.06447E-1 5.48755E-1 7.34756E-1 8.01928E-1 7.42867E-1 5.39943E-1 1.26085E-1 8.86775E-2 3.45714E-2 2.46093E-2 2.97535E-2 4.6162E-2 4.12716E-2 1.54347E-1 4.13756E-2 1.45796E-1 2.04534E-1 3.00812E-1 1.05162E-1 1.07396E-1 1.2809E-1 3.80942E-1 3.55526E-1 5.06693E-1 -9999 -9999 -9999 1.44508E-1 2.11196E-1 2.49256E-1 2.73864E-1 1.68737E-1 2.40134E-1 1.23204E-1 3.95497E-1 3.48352E-1 2.50168E-1 -9999
2.09367E-1 1.74415E-1 2.27036E-1 4.9824E-1 5.43637E-1 6.47749E-1 3.16816E-1 1.38912E-1 2.42661E-1 2.04681E-1 1.56987E-1 1.40311E-1 1.38567E-1 1.47283E-1 1.52798E-1 2.04926E-1 2.02403E-1 2.05867E-1 3.69714E-1 5.63817E-1 6.84136E-1 8.18367E-1 7.68136E-1 8.64863E-1 8.98746E-1 7.81935E-1 6.17338E-1 8.34659E-1 6.50332E-1 6.95215E-1 8.23397E-1 5.98909E-1 9.22949E-1 6.60158E-1 4.40534E-1 4.93644E-1 5.48139E-1 5.17211E-1 1.38129E-1 9.09664E-2 3.54942E-2 3.26524E-2 1.35502E-2 1.16177E-2 1.28981E-2 2.97529E-2 4.75991E-2 1.43635E-1 1.93208E-1 2.06772E-1 2.10376E-1 1.18775E-1 1.24177E-1 3.25467E-1 4.21797E-1 5.61035E-1 4.53674E-1 -9999 -9999 -9999 2.97228E-1 2.95049E-1 2.86411E-1 1.23512E-1 1.41487E-1 1.2379E-1 2.19965E-1 3.10357E-1 2.28334E-1 -9999
2.68075E-1 1.80652E-1 2.63062E-1 6.4858E-1 6.04432E-1 6.82663E-1 3.37765E-1 1.21721E-1 1.57503E-1 2.47533E-1 2.06425E-1 1.26701E-1 7.52863E-2 8.60096E-2 1.42206E-1 2.48754E-1 2.40999E-1 3.83556E-1 4.37555E-1 6.12401E-1 5.19646E-1 6.29724E-1 6.49675E-1 6.58882E-1 7.77071E-1 7.79098E-1 7.79213E-1 7.92745E-1 6.58189E-1 6.14083E-1 4.01982E-1 1.63435E-1 2.49137E-1 4.59864E-1 4.93177E-1 3.52609E-1 4.68504E-1 4.86366E-1 4.03492E-1 1.59772E-1 6.92539E-2 4.29323E-2 1.78198E-2 1.08177E-2 7.47057E-3 4.86472E-3 1.4386E-2 9.43377E-2 6.25938E-2 4.28657E-2 1.97509E-1 2.12298E-1 1.38653E-1 3.81185E-1 4.33536E-1 3.56506E-1 2.25338E-1 2.08214E-1 -9999 -9999 3.2345E-1 3.38599E-1 3.48056E-1 1.62821E-1 2.1888E-1 3.10073E-1 2.767E-1 5.27047E-1 4.27349E-1 -9999
4.18776E-1 5.03106E-1 4.63656E-1 6.65008E-1 6.90103E-1 8.21312E-1 7.09654E-1 3.66517E-1 1.57957E-1 3.18166E-1 3.83575E-1 1.96144E-1 1.48375E-1 2.63372E-1 2.27923E-1 2.94205E-1 3.24932E-1 3.68834E-1 3.91205E-1 5.51973E-1 6.69444E-1 5.51919E-1 5.57154E-1 6.58568E-1 8.63989E-1 4.65153E-1 5.8278E-1 6.7173E-1 6.00874E-1 7.38326E-1 2.74556E-1 1.11238E-1 1.96218E-1 2.79574E-1 2.7836E-1 2.70298E-1 2.33956E-1 4.73901E-1 4.25058E-1 3.0396E-1 1.69377E-1 9.5819E-2 5.4065E-2 1.90813E-2 1.10788E-2 9.85878E-3 6.61734E-3 4.72293E-2 4.6454E-2 3.72151E-2 1.34871E-1 1.88339E-1 1.30012E-1 2.80292E-1 3.14463E-1 2.58297E-1 4.49625E-1 4.53634E-1 -9999 -9999 -9999 1.87199E-1 2.3359E-1 2.80142E-1 1.2885E-1 1.37707E-1 1.41589E-1 3.12791E-1 1.52475E-1 1.33179E-1
8.74529E-1 8.34317E-1 7.76776E-1 7.86146E-1 8.72078E-1 7.60835E-1 7.98603E-1 3.8519E-1 3.9124E-1 2.9433E-1 2.49189E-1 3.53397E-1 5.17431E-1 5.33177E-1 5.73234E-1 4.96299E-1 3.67388E-1 3.93525E-1 2.58566E-1 2.93538E-1 4.87031E-1 5.7855E-1 5.00378E-1 5.62522E-1 5.35727E-1 3.7141E-1 7.04267E-1 6.78342E-1 7.76433E-1 6.86021E-1 3.57727E-1 1.17942E-1 1.4788E-1 1.7045E-1 2.69111E-1 2.45093E-1 1.3171E-1 1.39917E-1 3.11597E-1 7.12548E-1 3.15683E-1 1.35336E-1 8.75589E-2 3.01868E-2 9.96723E-3 7.7725E-3 2.13002E-2 1.73467E-2 1.54679E-2 2.02554E-2 6.58292E-2 8.83976E-2 2.78785E-1 3.28844E-1 4.14938E-1 2.73814E-1 4.01325E-1 4.63107E-1 -9999 -9999 -9999 1.66929E-1 2.3845E-1 1.57197E-1 2.32291E-1 1.18904E-1 2.56273E-1 2.39173E-1 2.18632E-1 1.61963E-1
6.382E-1 8.74883E-1 8.20065E-1 7.88823E-1 8.29467E-1 7.28835E-1 7.55706E-1 4.57314E-1 3.23684E-1 4.00701E-1 2.40116E-1 2.733E-1 5.12277E-1 5.6815E-1 5.0739E-1 5.55469E-1 5.52233E-1 4.89706E-1 3.51798E-1 4.00601E-1 2.14337E-1 2.79931E-1 4.9221E-1 5.10804E-1 5.04865E-1 5.63831E-1 4.15932E-1 5.10103E-1 3.30926E-1 6.66982E-1 8.32984E-1 6.44235E-1 5.14731E-1 6.61176E-1 3.15883E-1 2.98751E-1 2.11124E-1 2.49512E-1 3.10816E-1 6.68555E-1 4.69408E-1 1.49627E-1 6.1275E-2 4.52957E-2 1.34311E-2 9.67887E-3 6.01668E-3 1.72424E-2 2.59313E-2 5.56034E-2 8.84382E-2 2.59624E-1 3.45871E-1 2.61565E-1 3.16802E-1 4.24719E-1 4.72986E-1 3.41942E-1 -9999 -9999 -9999 -9999 2.44613E-1 2.67085E-1 1.62546E-1 1.18874E-1 1.9096E-1 2.99888E-1 2.87376E-1 2.15778E-1
4.67022E-1 6.99017E-1 8.53582E-1 8.23691E-1 6.63712E-1 9.00394E-1 5.89487E-1 5.50997E-1 4.6009E-1 2.63935E-1 4.60545E-1 3.28783E-1 3.24905E-1 5.85009E-1 6.01474E-1 7.55926E-1 6.18812E-1 5.87609E-1 3.40259E-1 2.76021E-1 3.23943E-1 2.47785E-1 4.98628E-1 6.42659E-1 5.26415E-1 3.43281E-1 3.32062E-1 3.62073E-1 2.79978E-1 6.6797E-1 7.69403E-1 8.76949E-1 7.67096E-1 8.05094E-1 4.27231E-1 3.04286E-1 2.74963E-1 2.62288E-1 1.58578E-1 2.24552E-1 3.87839E-1 1.18296E-1 3.74575E-2 2.31336E-2 1.98182E-2 1.60964E-2 1.36626E-2 1.90365E-2 3.0061E-2 4.00158E-2 5.15198E-2 2.37648E-1 1.72909E-1 1.79209E-1 3.45847E-1 4.36321E-1 3.6767E-1 4.12439E-1 3.8857E-1 -9999 -9999 -9999 -9999 2.32385E-1 2.04721E-1 1.84782E-1 3.40063E-1 2.13088E-1 2.7245E-1 2.00503E-1
5.09936E-1 5.16714E-1 8.16738E-1 5.16433E-1 8.23399E-1 8.54833E-1 7.31203E-1 7.8083E-1 6.37239E-1 7.26667E-1 7.2847E-1 6.66866E-1 5.75707E-1 5.19952E-1 6.1779E-1 7.73249E-1 6.31596E-1 6.27898E-1 4.89358E-1 2.58812E-1 3.16969E-1 4.93473E-1 4.96047E-1 4.80372E-1 4.56201E-1 3.69244E-1 3.52751E-1 4.25246E-1 2.61829E-1 6.92339E-1 7.12483E-1 7.79701E-1 8.59436E-1 7.82388E-1 5.66744E-1 3.38092E-1 2.59696E-1 2.42792E-1 2.16438E-1 1.53187E-1 2.92861E-1 9.45848E-2 4.89116E-2 3.47197E-2 3.22056E-2 1.65221E-2 9.27591E-3 1.61733E-2 2.20544E-2 2.5073E-2 4.48442E-2 1.39955E-1 1.72405E-1 1.82176E-1 3.43885E-1 4.19167E-1 4.80343E-1 4.35997E-1 3.91244E-1 5.80657E-1 -9999 -9999 -9999 3.34729E-1 2.19453E-1 2.6899E-1 2.7929E-1 2.54691E-1 3.75819E-1 1.25359E-1
8.06726E-1 6.45417E-1 6.71705E-1 5.72519E-1 6.98042E-1 6.9579E-1 6.86301E-1 6.59555E-1 6.85271E-1 8.18099E-1 8.6096E-1 8.08244E-1 7.46668E-1 7.77228E-1 8.26832E-1 6.61722E-1 6.86944E-1 7.17242E-1 5.29032E-1 3.58679E-1 3.83828E-1 5.71899E-1 3.74285E-1 1.73806E-1 1.7599E-1 3.89744E-1 3.28865E-1 3.83239E-1 3.40121E-1 5.65833E-1 4.89764E-1 7.56197E-1 7.10095E-1 7.01361E-1 7.20225E-1 8.24935E-1 6.60372E-1 4.24007E-1 3.81474E-1 2.50565E-1 3.59435E-1 1.49683E-1 1.28677E-1 6.39463E-2 2.72296E-2 2.65527E-3 2.56298E-3 4.89514E-3 4.53994E-3 1.07411E-2 5.83594E-2 1.39848E-1 1.78954E-1 2.17187E-1 3.2054E-1 4.83875E-1 5.20254E-1 4.43889E-1 2.77544E-1 3.46685E-1 3.27633E-1 -9999 -9999 2.94932E-1 2.58781E-1 1.66067E-1 3.01433E-1 2.26204E-1 2.47866E-1 1.74075E-1
9.4069E-1 8.86155E-1 6.69344E-1 6.40117E-1 5.37597E-1 5.55058E-1 8.14588E-1 6.87513E-1 6.65593E-1 7.58768E-1 8.39701E-1 9.01133E-1 7.79997E-1 5.84816E-1 5.02629E-1 4.09204E-1 5.16132E-1 7.17032E-1 4.28864E-1 3.68158E-1 3.898E-1 5.13011E-1 3.27121E-1 1.09218E-1 1.49581E-1 2.36874E-1 1.90534E-1 2.31136E-1 4.97993E-1 5.38037E-1 5.09206E-1 4.27474E-1 3.7843E-1 4.89762E-1 7.64475E-1 8.68338E-1 7.34761E-1 5.60746E-1 4.38205E-1 2.77672E-1 3.8025E-1 2.01788E-1 8.10204E-2 5.55243E-2 3.49565E-2 1.7819E-2 5.20561E-3 6.78475E-3 3.73076E-3 6.956E-3 7.49376E-2 1.61516E-1 1.06373E-1 1.14441E-1 2.19263E-1 3.02718E-1 5.1523E-1 5.40705E-1 2.57216E-1 1.91466E-1 1.71609E-1 -9999 -9999 2.3511E-1 2.17009E-1 2.93461E-1 2.37734E-1 2.26832E-1 2.97551E-1 2.29451E-1
6.87379E-1 7.66217E-1 5.62494E-1 6.11463E-1 5.61704E-1 7.68659E-1 8.05137E-1 7.62396E-1 6.10797E-1 5.07753E-1 5.52213E-1 4.65004E-1 7.6065E-1 6.88956E-1 3.44806E-1 3.34708E-1 5.38289E-1 5.5765E-1 4.71407E-1 3.99054E-1 2.76717E-1 2.90498E-1 2.30145E-1 1.61299E-1 1.58025E-1 2.42423E-1 2.31358E-1 5.69095E-1 1.79234E-1 2.30546E-1 3.98616E-1 2.5851E-1 3.10298E-1 3.77945E-1 6.80704E-1 7.0594E-1 5.41029E-1 4.90761E-1 5.21559E-1 3.21756E-1 2.34498E-1 3.01064E-2 6.09446E-2 7.52925E-2 4.87746E-2 1.49664E-2 1.53451E-2 9.4679E-3 3.30597E-3 2.62778E-3 2.69732E-2 1.09028E-1 6.73871E-2 1.33323E-1 1.82663E-1 2.67945E-1 3.84172E-1 6.0528E-1 3.2025E-1 2.2372E-1 2.46332E-1 1.29168E-1 1.77751E-1 1.70811E-1 2.43431E-1 2.62471E-1 2.13774E-1 2.53576E-1 1.85288E-1 1.78031E-1
6.00986E-1 5.83814E-1 4.03908E-1 5.21453E-1 7.61507E-1 5.22504E-1 8.27103E-1 8.09378E-1 4.26408E-1 4.47003E-1 6.70391E-1 5.16885E-1 4.97259E-1 6.00377E-1 5.52391E-1 3.95603E-1 6.27491E-1 6.51372E-1 4.35616E-1 4.7529E-1 4.09913E-1 2.23784E-1 2.76946E-1 2.44589E-1 4.23821E-1 3.54551E-1 4.29581E-1 4.86874E-1 3.72301E-1 3.00959E-1 1.35265E-1 1.70462E-1 4.29499E-1 5.02985E-1 8.54461E-1 8.76092E-1 4.42763E-1 3.39223E-1 4.03432E-1 5.34634E-1 4.97384E-1 1.17473E-1 7.03147E-2 6.75116E-2 3.59697E-2 3.45004E-2 9.26576E-3 3.38593E-3 2.73028E-3 7.64408E-4 1.53895E-3 8.20141E-2 1.10501E-1 2.09199E-1 3.88318E-1 4.57074E-1 5.07988E-1 4.88045E-1 3.82692E-1 3.79353E-1 1.69827E-1 1.31929E-1 2.22636E-1 1.95591E-1 1.8544E-1 1.86594E-1 1.74679E-1 2.27366E-1 1.95732E-1 1.8534E-1
2.00442E-1 2.82515E-1 3.95801E-1 5.76318E-1 5.90916E-1 6.31692E-1 3.91292E-1 4.45676E-1 3.139E-1 5.24207E-1 7.0511E-1 7.27482E-1 5.22884E-1 3.80995E-1 4.11804E-1 5.14675E-1 4.3835E-1 6.66855E-1 5.7314E-1 5.00396E-1 3.38381E-1 4.13743E-1 4.06217E-1 5.57403E-1 5.66929E-1 5.27106E-1 5.16306E-1 3.29463E-1 2.6435E-1 3.23133E-1 4.26731E-1 2.34796E-1 4.86666E-1 5.64997E-1 8.16361E-1 9.40004E-1 8.0689E-1 6.63109E-1 3.49308E-1 4.88082E-1 7.41117E-1 1.97652E-1 6.37638E-2 3.70006E-2 5.67708E-2 2.39257E-2 1.5909E-2 1.391E-2 7.46755E-3 5.26635E-3 3.17465E-3 2.40331E-2 8.58077E-2 1.66238E-1 3.68623E-1 3.81245E-1 4.13606E-1 3.66715E-1 2.30108E-1 1.82868E-1 2.68678E-1 1.20513E-1 1.43661E-1 2.22595E-1 1.36173E-1 1.96995E-1 2.7673E-1 2.34991E-1 1.23064E-1 1.89295E-1
2.23238E-1 1.19301E-1 2.71919E-1 8.03379E-1 4.00688E-1 6.56836E-1 4.35429E-1 2.06261E-1 3.86741E-1 3.01212E-1 4.1296E-1 6.81611E-1 5.92814E-1 4.3635E-1 6.37593E-1 6.43701E-1 3.01565E-1 5.01137E-1 5.91448E-1 4.17109E-1 4.0424E-1 4.51562E-1 5.72918E-1 5.75283E-1 5.49154E-1 7.07864E-1 4.1026E-1 5.44652E-1 2.82699E-1 3.61235E-1 3.09965E-1 3.12177E-1 2.46676E-1 4.31986E-1 7.53096E-1 9.06972E-1 8.50893E-1 8.42903E-1 5.42364E-1 5.9462E-1 7.9565E-1 2.7903E-1 8.73945E-2 7.2666E-2 5.89333E-2 1.87294E-2 3.02416E-2 3.03569E-2 2.23595E-2 1.37729E-2 4.89936E-3 5.68627E-3 1.20377E-1 1.64314E-1 2.05152E-1 2.35784E-1 2.68622E-1 2.68662E-1 1.74886E-1 1.40865E-1 1.84086E-1 1.84491E-1 1.24559E-1 1.13833E-1 1.9575E-1 2.3214E-1 1.66953E-1 2.01671E-1 1.35818E-1 1.04087E-1
2.77218E-1 1.78883E-1 1.07457E-1 5.33711E-1 5.33562E-1 4.75679E-1 3.10073E-1 1.92729E-1 3.60946E-1 2.76917E-1 3.66523E-1 5.20002E-1 5.89486E-1 5.18507E-1 6.0522E-1 6.66434E-1 5.30883E-1 4.07291E-1 4.57753E-1 5.18911E-1 5.4846E-1 3.52005E-1 3.95125E-1 5.39318E-1 5.89211E-1 6.31153E-1 5.99857E-1 5.10861E-1 3.72798E-1 4.72967E-1 5.24305E-1 6.07937E-1 3.26393E-1 3.17284E-1 8.18524E-1 8.92665E-1 8.86315E-1 8.01057E-1 4.96934E-1 3.65877E-1 5.85653E-1 4.94447E-1 2.08283E-1 1.73942E-1 1.15851E-1 6.00289E-2 3.48287E-2 3.62794E-2 1.73422E-2 1.3543E-2 5.97167E-3 3.54203E-3 8.64939E-2 8.67761E-2 1.70023E-1 2.29693E-1 1.93982E-1 2.073E-1 2.39354E-1 1.40213E-1 1.97452E-1 2.19297E-1 1.67307E-1 1.35868E-1 1.33026E-1 1.61283E-1 1.72824E-1 2.28148E-1 1.77374E-1 8.41344E-2
3.52421E-1 5.68718E-1 1.84465E-1 1.50583E-1 2.42824E-1 2.76934E-1 2.5749E-1 2.69061E-1 2.48246E-1 2.75463E-1 3.449E-1 5.60491E-1 6.00642E-1 6.90043E-1 5.95295E-1 5.22172E-1 4.12839E-1 4.66027E-1 4.76621E-1 3.1588E-1 3.61921E-1 3.83727E-1 2.36166E-1 2.7262E-1 4.20328E-1 5.20758E-1 2.94815E-1 5.66737E-1 3.2081E-1 5.19408E-1 4.6756E-1 3.54895E-1 4.43647E-1 6.96778E-1 8.10755E-1 8.11199E-1 8.39908E-1 7.53355E-1 5.14699E-1 3.17492E-1 4.52459E-1 6.42698E-1 3.71912E-1 2.65054E-1 1.46031E-1 7.42194E-2 2.88608E-2 1.23097E-2 6.19899E-3 1.93877E-2 2.57122E-2 6.94737E-3 1.13963E-2 1.40635E-1 2.01655E-1 1.39428E-1 1.60403E-1 1.45908E-1 1.79111E-1 2.28501E-1 2.28089E-1 2.39923E-1 2.30648E-1 1.54599E-1 1.994E-1 2.51178E-1 1.69273E-1 1.78715E-1 1.63312E-1 1.34407E-1
2.78776E-1 3.92783E-1 4.57281E-1 1.75467E-1 1.39246E-1 1.45953E-1 2.20336E-1 2.17914E-1 3.4265E-1 2.75361E-1 2.60085E-1 3.96285E-1 3.56778E-1 2.75628E-1 4.71073E-1 3.00557E-1 3.99342E-1 6.27452E-1 7.70651E-1 5.40396E-1 4.2688E-1 1.9254E-1 3.0023E-1 2.70268E-1 3.86693E-1 4.39754E-1 2.46724E-1 3.19019E-1 5.15089E-1 4.51686E-1 5.22992E-1 3.13445E-1 4.31618E-1 4.01369E-1 5.92007E-1 6.36898E-1 9.29262E-1 8.63655E-1 6.09702E-1 4.18057E-1 3.48154E-1 3.94888E-1 4.72168E-1 3.89897E-1 1.15788E-1 4.4873E-2 2.13743E-2 1.93616E-2 2.45905E-2 3.38678E-2 3.12188E-2 5.58736E-3 1.28686E-2 1.05405E-1 8.47253E-2 1.13752E-1 1.49873E-1 1.52336E-1 1.51103E-1 1.14249E-1 1.66276E-1 3.14938E-1 2.96712E-1 1.5201E-1 1.77596E-1 2.2596E-1 3.34797E-1 1.38438E-1 1.85966E-1 1.23952E-1
4.97582E-1 4.39115E-1 3.47584E-1 2.70884E-1 3.63455E-1 3.6827E-1 3.41463E-1 2.39708E-1 1.77267E-1 2.96127E-1 3.42585E-1 4.93085E-1 4.77751E-1 5.04209E-1 5.00018E-1 4.23264E-1 4.15607E-1 6.66834E-1 6.79355E-1 6.78247E-1 4.76801E-1 2.77449E-1 4.13489E-1 7.65218E-1 7.20872E-1 8.65711E-1 7.68952E-1 5.61678E-1 5.93897E-1 6.63172E-1 3.1294E-1 2.62599E-1 4.08989E-1 6.92362E-1 4.43264E-1 3.83832E-1 5.24304E-1 4.79335E-1 4.56666E-1 4.14113E-1 2.66525E-1 3.49553E-1 4.43693E-1 5.3422E-1 1.62839E-1 3.91569E-2 3.37544E-2 1.77919E-2 2.16244E-2 3.52326E-2 2.90611E-2 7.27426E-3 8.23092E-3 7.07251E-2 5.94951E-2 2.37675E-1 1.70041E-1 1.2694E-1 1.39691E-1 1.77737E-1 2.27492E-1 2.20299E-1 2.48526E-1 2.03906E-1 3.17758E-1 2.13886E-1 2.23434E-1 2.14886E-1 3.23881E-1 1.31782E-1
7.49245E-1 7.97411E-1 4.94822E-1 3.95822E-1 4.90309E-1 2.68547E-1 2.29435E-1 2.04894E-1 2.33022E-1 4.92768E-1 4.85848E-1 6.48578E-1 6.21469E-1 6.563E-1 5.4716E-1 6.31638E-1 5.62755E-1 5.45931E-1 6.32553E-1 7.93852E-1 6.83334E-1 4.47616E-1 4.65049E-1 6.69003E-1 8.25051E-1 8.19483E-1 7.33761E-1 7.52846E-1 6.85902E-1 5.96478E-1 4.29896E-1 3.41379E-1 3.91801E-1 5.38951E-1 6.93634E-1 4.89803E-1 8.14552E-1 6.36807E-1 5.82216E-1 2.107E-1 1.97238E-1 3.37964E-1 3.46958E-1 5.292E-1 3.11758E-1 2.73441E-1 1.8883E-1 1.43733E-1 1.38945E-1 3.84028E-2 2.24786E-2 1.66215E-2 1.10749E-2 1.15079E-2 2.22094E-2 8.45321E-2 6.08016E-2 7.58348E-2 1.60588E-1 3.52707E-1 2.41916E-1 2.00722E-1 2.03195E-1 1.77081E-1 2.07964E-1 9.70437E-2 8.23562E-2 1.31211E-1 3.09263E-1 2.56023E-1
9.14051E-1 9.8394E-1 9.27328E-1 5.38095E-1 5.01437E-1 3.62967E-1 2.74246E-1 2.67159E-1 2.91388E-1 8.01392E-1 6.62158E-1 6.72485E-1 5.94674E-1 5.876E-1 6.28433E-1 5.82236E-1 6.65397E-1 6.62419E-1 7.89016E-1 8.76112E-1 5.17722E-1 7.85623E-1 7.69662E-1 4.99035E-1 7.61674E-1 8.76872E-1 8.69629E-1 7.25714E-1 7.85674E-1 5.99566E-1 4.7731E-1 2.68665E-1 1.73483E-1 4.32259E-1 5.62824E-1 5.47281E-1 6.03346E-1 7.93436E-1 7.00373E-1 2.4833E-1 1.63979E-1 4.65856E-1 3.35477E-1 4.74732E-1 3.95442E-1 3.68426E-1 3.45707E-1 1.08922E-1 4.74334E-2 4.79386E-2 5.15787E-2 5.46886E-2 1.99199E-2 1.06547E-2 1.73023E-2 3.09625E-2 3.45366E-2 6.40649E-2 1.45994E-1 1.52517E-1 1.13089E-1 1.63849E-1 1.75765E-1 1.81378E-1 1.84195E-1 1.65473E-1 6.94383E-2 9.7998E-2 1.65244E-1 2.04414E-1
9.34092E-1 9.7758E-1 9.01591E-1 9.05383E-1 5.53196E-1 4.64146E-1 6.55921E-1 6.61992E-1 7.82017E-1 7.92199E-1 7.23516E-1 6.30955E-1 6.10133E-1 6.00031E-1 6.72547E-1 7.61401E-1 8.42621E-1 8.57494E-1 7.40505E-1 6.79147E-1 6.64454E-1 9.42659E-1 9.28068E-1 8.00807E-1 7.07862E-1 9.17094E-1 8.16235E-1 6.96517E-1 7.94237E-1 8.36016E-1 4.36626E-1 3.47522E-1 3.9609E-1 3.53709E-1 3.13654E-1 4.68143E-1 4.72872E-1 6.91484E-1 7.64235E-1 3.31557E-1 2.21547E-1 4.82041E-1 5.65763E-1 7.25478E-1 5.00152E-1 2.96303E-1 1.64627E-1 1.44007E-1 1.24031E-1 7.87363E-2 1.14024E-1 7.09914E-2 3.21167E-2 1.2204E-2 1.58043E-2 8.25246E-3 1.30827E-2 8.42959E-2 2.16371E-1 9.99949E-2 5.49924E-2 1.54079E-1 1.91318E-1 2.58156E-1 3.6168E-1 3.15553E-1 2.13916E-1 2.10528E-1 1.00379E-1 1.4754E-1
