ENM/Final_Models/M_1_F_lqp_Set_1_E/Gustavia_santanderiensis_2_Choco.asc
ncols         367
nrows         963
xllcorner     -78.6
yllcorner     0.65
cellsize      0.00833333333333323
NODATA_value  -9999
[rows 744 to 774 of 963, columns 0 to 69 of 367]
-9999 -9999 -9999 -9999 -9999 -9999 -9999 -9999 -9999 -9999 -9999 -9999 -9999 -9999 -9999 -9999 -9999 -9999 -9999 -9999 -9999 -9999 -9999 -9999 -9999 -9999 -9999 -9999 -9999 -9999 -9999 -9999 -9999 -9999 -9999 -9999 -9999 -9999 -9999 -9999 -9999 -9999 -9999 -9999 -9999 -9999 -9999 -9999 -9999 -9999 -9999 -9999 -9999 -9999 -9999 -9999 -9999 9.99933E-1 1E0 1E0 1E0 1E0 1E0 1E0 1E0 1E0 1E0 1E0 1E0 1E0
-9999 -9999 -9999 -9999 -9999 -9999 -9999 -9999 -9999 -9999 -9999 -9999 -9999 -9999 -9999 -9999 -9999 -9999 -9999 -9999 -9999 -9999 -9999 -9999 -9999 -9999 -9999 -9999 -9999 -9999 -9999 -9999 -9999 -9999 -9999 -9999 -9999 -9999 -9999 -9999 -9999 -9999 -9999 -9999 -9999 -9999 -9999 -9999 -9999 -9999 -9999 -9999 -9999 -9999 -9999 -9999 9.99188E-1 9.99905E-1 9.99997E-1 -9999 9.99999E-1 1E0 1E0 1E0 1E0 -9999 1E0 1E0 1E0 1E0
-9999 -9999 -9999 -9999 -9999 -9999 -9999 -9999 -9999 -9999 -9999 -9999 -9999 -9999 -9999 -9999 -9999 -9999 -9999 -9999 -9999 -9999 -9999 -9999 -9999 -9999 -9999 -9999 -9999 -9999 -9999 -9999 -9999 -9999 -9999 -9999 -9999 -9999 -9999 -9999 -9999 -9999 -9999 -9999 -9999 -9999 -9999 -9999 -9999 -9999 -9999 -9999 -9999 -9999 -9999 9.99996E-1 1E0 1E0 9.99994E-1 1E0 1E0 1E0 1E0 1E0 1E0 1E0 1E0 1E0 1E0 1E0
-9999 -9999 -9999 -9999 -9999 -9999 -9999 -9999 -9999 -9999 -9999 -9999 -9999 -9999 -9999 -9999 -9999 -9999 -9999 -9999 -9999 -9999 -9999 -9999 -9999 -9999 -9999 -9999 -9999 -9999 -9999 -9999 -9999 -9999 -9999 -9999 -9999 -9999 -9999 -9999 -9999 -9999 -9999 -9999 -9999 -9999 -9999 -9999 -9999 -9999 -9999 -9999 -9999 -9999 1E0 1E0 9.99999E-1 1E0 1E0 1E0 -9999 1E0 1E0 1E0 1E0 1E0 1E0 1E0 1E0 1E0
-9999 -9999 -9999 -9999 -9999 -9999 -9999 -9999 -9999 -9999 -9999 -9999 -9999 -9999 -9999 -9999 -9999 -9999 -9999 -9999 -9999 -9999 -9999 -9999 -9999 -9999 -9999 -9999 -9999 -9999 -9999 -9999 -9999 -9999 -9999 -9999 -9999 -9999 -9999 -9999 -9999 -9999 -9999 -9999 -9999 -9999 -9999 -9999 -9999 -9999 -9999 -9999 -9999 9.99996E-1 9.99932E-1 9.99997E-1 1E0 1E0 1E0 1E0 1E0 1E0 1E0 1E0 1E0 1E0 1E0 1E0 1E0 1E0
-9999 -9999 -9999 -9999 -9999 -9999 -9999 -9999 -9999 -9999 -9999 -9999 -9999 -9999 -9999 -9999 -9999 -9999 -9999 9.98103E-1 9.99837E-1 9.96206E-1 -9999 -9999 -9999 -9999 -9999 -9999 -9999 -9999 9.99671E-1 -9999 -9999 -9999 -9999 -9999 -9999 -9999 -9999 -9999 -9999 -9999 -9999 -9999 -9999 -9999 -9999 -9999 -9999 -9999 -9999 -9999 -9999 1E0 9.99994E-1 1E0 9.9999E-1 9.99996E-1 -9999 1E0 1E0 1E0 1E0 1E0 1E0 1E0 1E0 1E0 1E0 1E0
-9999 -9999 -9999 -9999 -9999 -9999 -9999 -9999 -9999 -9999 -9999 -9999 -9999 -9999 -9999 -9999 -9999 9.96179E-1 9.9974E-1 9.98518E-1 9.99961E-1 9.88974E-1 9.77572E-1 9.86648E-1 -9999 -9999 -9999 -9999 9.75686E-1 9.9275E-1 9.98045E-1 9.99951E-1 -9999 -9999 -9999 -9999 -9999 -9999 -9999 -9999 -9999 -9999 -9999 -9999 -9999 -9999 -9999 -9999 -9999 -9999 -9999 -9999 9.99959E-1 9.99996E-1 1E0 1E0 1E0 1E0 1E0 1E0 1E0 1E0 1E0 1E0 1E0 1E0 1E0 1E0 1E0 1E0
-9999 -9999 -9999 -9999 -9999 -9999 -9999 -9999 -9999 -9999 -9999 -9999 -9999 -9999 -9999 9.999E-1 -9999 9.98299E-1 9.99486E-1 9.99587E-1 9.99895E-1 9.9994E-1 9.99401E-1 9.60265E-1 9.88098E-1 9.9352E-1 9.92293E-1 9.97023E-1 9.93199E-1 9.97902E-1 9.958E-1 9.99909E-1 9.99934E-1 -9999 -9999 -9999 -9999 -9999 -9999 -9999 -9999 -9999 -9999 -9999 -9999 -9999 -9999 -9999 -9999 -9999 9.99999E-1 1E0 1E0 1E0 1E0 1E0 1E0 1E0 -9999 1E0 1E0 1E0 1E0 1E0 1E0 1E0 1E0 1E0 1E0 1E0
-9999 -9999 -9999 -9999 -9999 -9999 -9999 -9999 -9999 -9999 -9999 -9999 -9999 -9999 9.99855E-1 9.99694E-1 9.99631E-1 9.99872E-1 9.99218E-1 9.97306E-1 9.98795E-1 9.99277E-1 9.96316E-1 9.96701E-1 9.88403E-1 9.88982E-1 9.99743E-1 9.9334E-1 9.93924E-1 9.94468E-1 9.95831E-1 9.99065E-1 9.99531E-1 -9999 -9999 -9999 -9999 -9999 1E0 -9999 -9999 -9999 -9999 -9999 -9999 -9999 -9999 -9999 -9999 9.99999E-1 1E0 1E0 1E0 1E0 1E0 1E0 1E0 1E0 1E0 1E0 1E0 1E0 1E0 1E0 1E0 1E0 1E0 1E0 1E0 1E0
-9999 -9999 -9999 -9999 -9999 -9999 -9999 -9999 -9999 -9999 -9999 -9999 -9999 9.99759E-1 9.99948E-1 9.99619E-1 9.98875E-1 9.99639E-1 9.97125E-1 9.96628E-1 9.87782E-1 9.93817E-1 9.97024E-1 9.99399E-1 9.98003E-1 9.97708E-1 9.97217E-1 9.99352E-1 9.98382E-1 9.95188E-1 9.96189E-1 -9999 -9999 -9999 -9999 9.99997E-1 9.99997E-1 1E0 1E0 1E0 1E0 9.99971E-1 9.99999E-1 -9999 -9999 -9999 -9999 -9999 1E0 1E0 1E0 1E0 1E0 1E0 1E0 1E0 1E0 -9999 1E0 1E0 1E0 1E0 1E0 1E0 1E0 1E0 1E0 1E0 1E0 1E0
-9999 -9999 -9999 -9999 -9999 -9999 -9999 -9999 -9999 -9999 -9999 -9999 -9999 9.99959E-1 9.99807E-1 9.99883E-1 9.99933E-1 9.99968E-1 9.99949E-1 9.98523E-1 9.97782E-1 9.95794E-1 9.94111E-1 9.97239E-1 9.96608E-1 9.98388E-1 9.98776E-1 9.99461E-1 9.94697E-1 9.97835E-1 9.96967E-1 9.99654E-1 -9999 -9999 9.99997E-1 9.99999E-1 9.99999E-1 9.99995E-1 9.99995E-1 9.99998E-1 9.99982E-1 9.99996E-1 9.99989E-1 9.99995E-1 1E0 1E0 9.99998E-1 9.99989E-1 1E0 1E0 1E0 1E0 1E0 1E0 1E0 1E0 1E0 1E0 1E0 1E0 1E0 1E0 1E0 1E0 1E0 1E0 1E0 1E0 1E0 1E0
-9999 -9999 -9999 -9999 -9999 -9999 -9999 -9999 -9999 -9999 -9999 -9999 9.98081E-1 9.99817E-1 9.9996E-1 9.99902E-1 9.95757E-1 9.9982E-1 9.99357E-1 9.99148E-1 9.99625E-1 9.99433E-1 9.99622E-1 9.98556E-1 9.97134E-1 9.97425E-1 9.95857E-1 9.98981E-1 9.97839E-1 9.99539E-1 9.98198E-1 9.9977E-1 9.99746E-1 -9999 9.99999E-1 9.99995E-1 9.99998E-1 9.99969E-1 9.9985E-1 9.99657E-1 9.99925E-1 9.99991E-1 9.99985E-1 1E0 9.99994E-1 9.99999E-1 9.99994E-1 9.99943E-1 1E0 9.99999E-1 1E0 1E0 1E0 1E0 1E0 1E0 1E0 1E0 1E0 1E0 1E0 1E0 1E0 1E0 1E0 1E0 1E0 1E0 1E0 1E0
-9999 -9999 -9999 -9999 -9999 -9999 -9999 -9999 -9999 -9999 -9999 9.97301E-1 9.99627E-1 9.99995E-1 9.99958E-1 9.99963E-1 9.99019E-1 9.99859E-1 9.98799E-1 9.99749E-1 9.99938E-1 9.9991E-1 9.95901E-1 9.98552E-1 9.99795E-1 9.98659E-1 9.85254E-1 9.89095E-1 9.81899E-1 9.94646E-1 9.99681E-1 9.99915E-1 9.99998E-1 9.99999E-1 9.99996E-1 9.99974E-1 9.99926E-1 9.98521E-1 9.96579E-1 9.99879E-1 9.96017E-1 9.99825E-1 9.99995E-1 1E0 9.99996E-1 9.99999E-1 1E0 1E0 9.99993E-1 9.99999E-1 1E0 1E0 1E0 1E0 1E0 1E0 1E0 1E0 1E0 1E0 1E0 1E0 1E0 1E0 1E0 1E0 1E0 1E0 9.99999E-1 1E0
-9999 -9999 -9999 -9999 -9999 -9999 -9999 -9999 -9999 -9999 -9999 9.99681E-1 9.99718E-1 9.9963E-1 9.99986E-1 9.99934E-1 9.99889E-1 9.99843E-1 9.97742E-1 9.94798E-1 9.99974E-1 9.99985E-1 9.9732E-1 9.99342E-1 9.97885E-1 9.98259E-1 9.96938E-1 9.97474E-1 9.7879E-1 9.90437E-1 9.99895E-1 9.9998E-1 9.99999E-1 9.99996E-1 9.99954E-1 9.99997E-1 9.99961E-1 9.99952E-1 9.99923E-1 9.99987E-1 9.99982E-1 9.99997E-1 1E0 9.99988E-1 9.99894E-1 9.99973E-1 1E0 9.99998E-1 1E0 1E0 1E0 1E0 1E0 1E0 1E0 1E0 1E0 1E0 1E0 1E0 1E0 1E0 1E0 1E0 1E0 1E0 9.99997E-1 1E0 1E0 1E0
-9999 -9999 -9999 -9999 -9999 -9999 -9999 -9999 -9999 -9999 9.99736E-1 1E0 9.99926E-1 9.99958E-1 9.99903E-1 9.99974E-1 9.99682E-1 9.99959E-1 9.99391E-1 9.93319E-1 9.98503E-1 9.99092E-1 9.91843E-1 9.98426E-1 9.96513E-1 9.98597E-1 9.96221E-1 9.99326E-1 9.95554E-1 9.9977E-1 9.99983E-1 9.99997E-1 1E0 1E0 9.99994E-1 9.99988E-1 9.99784E-1 9.99996E-1 9.99998E-1 1E0 1E0 1E0 9.99997E-1 1E0 1E0 9.99999E-1 1E0 1E0 9.99998E-1 1E0 1E0 1E0 1E0 1E0 1E0 1E0 1E0 1E0 1E0 1E0 1E0 1E0 1E0 1E0 1E0 1E0 9.99999E-1 1E0 1E0 1E0
-9999 -9999 -9999 -9999 -9999 -9999 -9999 -9999 -9999 -9999 9.99677E-1 9.99999E-1 9.99943E-1 9.99669E-1 9.99928E-1 9.99879E-1 9.9993E-1 9.99909E-1 9.99494E-1 9.97079E-1 9.8981E-1 9.95114E-1 9.89888E-1 9.93168E-1 9.95287E-1 9.94269E-1 9.94404E-1 9.97661E-1 9.94792E-1 9.99804E-1 9.99993E-1 9.99992E-1 9.99863E-1 9.99753E-1 9.99994E-1 9.99999E-1 1E0 1E0 9.99999E-1 1E0 1E0 9.99992E-1 9.99993E-1 9.99999E-1 1E0 1E0 9.99999E-1 1E0 1E0 1E0 1E0 1E0 1E0 1E0 1E0 1E0 1E0 1E0 1E0 1E0 1E0 1E0 1E0 1E0 1E0 1E0 1E0 1E0 1E0 1E0
-9999 -9999 -9999 -9999 -9999 -9999 -9999 -9999 -9999 9.99442E-1 9.99624E-1 9.9992E-1 9.99893E-1 9.99535E-1 9.99575E-1 9.99888E-1 9.99474E-1 9.9915E-1 9.99097E-1 9.98052E-1 9.97568E-1 9.97624E-1 9.81917E-1 9.96539E-1 9.94564E-1 9.97984E-1 9.9805E-1 9.99274E-1 9.96724E-1 9.99834E-1 9.99987E-1 9.99999E-1 9.99999E-1 1E0 9.99999E-1 9.99991E-1 9.99999E-1 1E0 1E0 9.99998E-1 9.99999E-1 9.99999E-1 9.99998E-1 9.99999E-1 1E0 1E0 1E0 1E0 1E0 1E0 1E0 1E0 1E0 1E0 1E0 1E0 1E0 1E0 1E0 1E0 1E0 1E0 1E0 1E0 1E0 1E0 1E0 1E0 1E0 1E0
-9999 -9999 -9999 -9999 -9999 -9999 -9999 -9999 9.99901E-1 9.98679E-1 9.80046E-1 9.96621E-1 9.99416E-1 9.96268E-1 9.98543E-1 9.98113E-1 9.98264E-1 9.99325E-1 9.99496E-1 9.98433E-1 9.97242E-1 9.94836E-1 9.739E-1 9.83428E-1 9.88199E-1 9.88241E-1 9.93208E-1 9.94477E-1 9.96969E-1 9.99426E-1 9.99983E-1 9.99942E-1 9.99983E-1 9.99998E-1 9.99998E-1 9.99998E-1 9.99986E-1 9.99999E-1 1E0 1E0 9.99998E-1 1E0 1E0 1E0 1E0 9.99999E-1 1E0 9.99999E-1 1E0 1E0 1E0 1E0 1E0 1E0 1E0 1E0 1E0 1E0 1E0 1E0 1E0 1E0 1E0 1E0 1E0 1E0 1E0 1E0 1E0 1E0
-9999 -9999 -9999 -9999 -9999 -9999 -9999 -9999 9.98268E-1 9.99858E-1 9.88306E-1 9.9815E-1 9.96227E-1 9.98661E-1 9.87849E-1 9.94852E-1 9.99974E-1 9.99748E-1 9.99159E-1 9.9222E-1 9.94572E-1 9.99622E-1 9.95203E-1 9.93066E-1 9.97579E-1 9.9347E-1 9.92993E-1 9.93833E-1 9.93764E-1 9.99914E-1 9.99957E-1 9.99767E-1 9.99999E-1 9.99996E-1 9.99996E-1 9.99997E-1 9.99999E-1 1E0 9.99989E-1 9.99965E-1 9.9997E-1 1E0 9.99999E-1 1E0 1E0 1E0 1E0 9.99999E-1 9.99999E-1 1E0 1E0 1E0 1E0 1E0 1E0 1E0 1E0 1E0 1E0 1E0 1E0 1E0 1E0 1E0 1E0 1E0 1E0 1E0 1E0 1E0
-9999 -9999 -9999 -9999 -9999 -9999 -9999 -9999 9.98588E-1 9.98762E-1 9.97337E-1 9.99675E-1 9.95426E-1 9.98827E-1 9.93877E-1 9.98229E-1 9.89423E-1 9.89273E-1 9.97219E-1 9.9928E-1 9.96009E-1 9.98244E-1 9.98352E-1 9.81465E-1 9.95648E-1 9.8546E-1 9.97192E-1 9.98575E-1 9.98744E-1 9.99688E-1 9.99996E-1 9.99995E-1 9.99987E-1 9.99998E-1 9.99994E-1 9.99985E-1 9.99996E-1 1E0 9.99999E-1 9.99994E-1 9.99998E-1 9.99991E-1 9.99946E-1 9.99999E-1 9.99999E-1 9.99999E-1 9.99999E-1 9.99999E-1 9.99997E-1 1E0 1E0 1E0 1E0 1E0 1E0 1E0 1E0 1E0 1E0 1E0 1E0 1E0 1E0 1E0 1E0 1E0 1E0 1E0 1E0 1E0
-9999 -9999 -9999 -9999 -9999 -9999 -9999 9.61308E-1 9.66456E-1 9.88286E-1 9.93773E-1 9.96086E-1 9.52733E-1 9.80281E-1 9.92551E-1 9.94188E-1 9.87344E-1 9.93608E-1 9.80281E-1 9.99408E-1 9.99282E-1 9.99661E-1 9.79623E-1 9.97203E-1 9.86232E-1 9.97002E-1 9.9688E-1 9.97701E-1 9.96761E-1 9.99984E-1 1E0 1E0 9.99999E-1 9.99992E-1 9.9999E-1 9.99912E-1 9.99887E-1 1E0 9.99998E-1 9.99997E-1 9.99924E-1 9.99979E-1 9.99901E-1 9.99998E-1 1E0 1E0 1E0 1E0 1E0 1E0 1E0 1E0 1E0 1E0 1E0 1E0 1E0 1E0 1E0 1E0 1E0 1E0 1E0 1E0 1E0 1E0 1E0 1E0 1E0 1E0
-9999 -9999 -9999 -9999 -9999 -9999 -9999 9.60207E-1 9.60774E-1 9.5023E-1 9.74019E-1 9.79991E-1 9.78391E-1 9.81953E-1 9.96739E-1 9.96731E-1 9.88889E-1 9.96508E-1 9.94561E-1 9.85653E-1 9.98214E-1 9.97481E-1 9.91744E-1 9.9657E-1 9.99688E-1 9.95608E-1 9.98756E-1 9.98928E-1 9.98546E-1 9.99946E-1 9.99988E-1 9.99991E-1 9.99974E-1 9.99917E-1 9.99992E-1 9.99993E-1 9.99994E-1 9.99637E-1 1E0 9.99999E-1 9.99868E-1 9.99991E-1 1E0 9.99996E-1 1E0 1E0 1E0 1E0 9.99999E-1 1E0 1E0 1E0 1E0 1E0 1E0 1E0 1E0 1E0 1E0 1E0 1E0 1E0 1E0 1E0 1E0 1E0 1E0 1E0 1E0 1E0
-9999 -9999 -9999 -9999 -9999 -9999 9.84631E-1 9.83796E-1 9.76174E-1 9.78376E-1 9.77458E-1 9.40941E-1 9.85011E-1 9.9305E-1 9.88087E-1 9.97829E-1 9.99814E-1 9.98004E-1 9.83264E-1 9.81531E-1 9.95137E-1 9.99681E-1 9.97132E-1 9.96814E-1 9.96009E-1 9.89781E-1 9.99243E-1 9.97449E-1 9.98971E-1 9.99987E-1 9.99997E-1 9.99965E-1 9.99887E-1 9.99984E-1 9.99987E-1 9.99998E-1 9.99991E-1 9.99932E-1 9.99973E-1 1E0 9.9991E-1 9.99997E-1 9.99974E-1 9.99994E-1 1E0 1E0 1E0 1E0 9.99999E-1 9.99999E-1 9.99999E-1 1E0 1E0 1E0 1E0 1E0 1E0 1E0 1E0 1E0 1E0 1E0 1E0 1E0 1E0 1E0 1E0 1E0 1E0 1E0
-9999 -9999 -9999 -9999 -9999 -9999 9.61706E-1 9.53903E-1 9.65185E-1 9.56169E-1 9.52166E-1 9.85675E-1 9.64573E-1 9.73924E-1 9.91074E-1 9.67532E-1 9.97786E-1 9.83753E-1 9.88656E-1 9.89548E-1 9.95785E-1 9.99677E-1 9.98905E-1 9.98934E-1 9.95985E-1 9.9162E-1 9.98263E-1 9.99305E-1 9.98321E-1 9.99991E-1 9.99965E-1 9.99982E-1 1E0 9.99997E-1 9.99999E-1 9.99988E-1 9.99994E-1 9.99978E-1 9.99979E-1 9.99634E-1 9.99984E-1 9.99895E-1 9.99998E-1 9.99981E-1 9.99998E-1 1E0 1E0 9.99996E-1 9.99998E-1 9.99977E-1 9.99999E-1 1E0 1E0 1E0 1E0 1E0 1E0 1E0 1E0 1E0 1E0 1E0 1E0 1E0 1E0 1E0 1E0 1E0 1E0 9.99999E-1
-9999 -9999 -9999 -9999 -9999 9.42411E-1 8.71898E-1 8.88167E-1 8.69251E-1 8.41642E-1 9.51124E-1 9.41829E-1 9.78958E-1 9.55402E-1 9.68614E-1 9.45536E-1 9.91292E-1 9.72009E-1 9.81711E-1 9.94825E-1 9.89878E-1 9.91706E-1 9.99386E-1 9.99975E-1 9.99627E-1 9.9479E-1 9.94651E-1 9.98293E-1 9.99584E-1 9.99988E-1 9.99997E-1 9.99996E-1 9.99992E-1 9.99988E-1 9.99999E-1 9.99998E-1 9.99951E-1 9.99997E-1 9.99951E-1 9.99758E-1 9.99949E-1 9.99803E-1 9.99995E-1 9.99994E-1 9.99878E-1 9.99976E-1 9.99977E-1 9.99998E-1 9.99963E-1 9.9993E-1 9.99999E-1 1E0 9.99992E-1 1E0 1E0 1E0 1E0 1E0 1E0 1E0 1E0 1E0 1E0 1E0 1E0 1E0 1E0 1E0 1E0 1E0
-9999 -9999 -9999 -9999 -9999 9.20903E-1 8.67208E-1 8.53511E-1 9.38352E-1 9.35208E-1 8.51942E-1 9.60203E-1 9.78245E-1 9.58871E-1 9.55584E-1 9.83275E-1 9.70087E-1 9.86804E-1 9.82726E-1 9.98237E-1 9.98132E-1 9.98101E-1 9.99246E-1 9.99889E-1 9.9994E-1 9.98921E-1 9.99726E-1 9.99508E-1 9.99983E-1 9.99994E-1 9.99983E-1 9.99998E-1 9.9974E-1 9.99675E-1 9.99997E-1 9.99997E-1 9.99995E-1 9.99801E-1 9.99989E-1 9.99995E-1 9.99999E-1 9.99994E-1 9.99959E-1 9.99991E-1 9.99977E-1 9.99951E-1 9.99969E-1 9.99994E-1 9.99871E-1 9.9988E-1 9.99994E-1 9.99996E-1 9.99996E-1 1E0 1E0 1E0 1E0 1E0 1E0 1E0 1E0 1E0 1E0 1E0 1E0 1E0 1E0 1E0 1E0 1E0
-9999 -9999 -9999 -9999 -9999 9.4987E-1 8.85447E-1 7.47379E-1 8.18061E-1 9.75574E-1 9.3704E-1 9.88579E-1 9.99547E-1 9.95567E-1 9.88645E-1 9.92387E-1 9.94543E-1 9.93218E-1 9.9402E-1 9.70621E-1 9.03365E-1 9.8952E-1 9.88162E-1 9.99729E-1 9.99837E-1 9.99871E-1 9.99957E-1 9.99966E-1 9.99974E-1 9.99997E-1 9.99888E-1 9.99981E-1 9.99955E-1 9.99959E-1 9.99861E-1 9.9992E-1 9.99838E-1 9.99958E-1 9.99902E-1 9.99958E-1 9.99999E-1 9.99999E-1 9.99981E-1 9.9996E-1 9.99992E-1 9.99989E-1 9.99988E-1 1E0 9.99999E-1 9.99996E-1 9.99994E-1 1E0 1E0 1E0 1E0 1E0 1E0 1E0 1E0 1E0 1E0 1E0 1E0 1E0 1E0 1E0 1E0 1E0 1E0 1E0
-9999 -9999 -9999 -9999 -9999 8.62471E-1 8.93329E-1 8.51154E-1 8.4646E-1 9.40909E-1 9.73756E-1 9.50722E-1 9.9796E-1 9.97385E-1 9.9204E-1 9.94878E-1 9.97793E-1 9.97894E-1 9.93979E-1 9.83428E-1 9.7551E-1 9.73848E-1 9.94866E-1 9.96297E-1 9.98164E-1 9.99807E-1 9.99978E-1 9.99989E-1 1E0 9.99999E-1 9.99996E-1 9.9993E-1 9.9998E-1 9.99998E-1 9.99997E-1 9.99962E-1 9.99578E-1 9.99916E-1 9.99974E-1 9.99987E-1 9.99999E-1 9.99999E-1 9.9995E-1 9.99942E-1 9.99993E-1 9.99999E-1 9.99999E-1 9.99995E-1 9.99999E-1 9.99998E-1 9.99996E-1 1E0 1E0 1E0 9.99989E-1 1E0 1E0 1E0 1E0 1E0 1E0 1E0 1E0 1E0 1E0 1E0 1E0 1E0 1E0 1E0
-9999 -9999 -9999 -9999 9.11768E-1 9.0582E-1 9.53883E-1 8.86386E-1 8.91541E-1 9.78665E-1 9.83714E-1 9.49615E-1 9.87728E-1 9.64822E-1 9.86618E-1 9.8484E-1 9.71221E-1 9.97672E-1 9.95032E-1 9.85959E-1 9.91841E-1 9.93278E-1 9.93113E-1 9.82997E-1 9.97027E-1 9.96278E-1 9.99706E-1 9.99989E-1 9.99999E-1 1E0 9.99996E-1 1E0 9.99988E-1 9.9997E-1 9.99953E-1 9.99944E-1 9.99864E-1 9.99757E-1 9.99876E-1 9.99953E-1 9.99983E-1 9.99992E-1 9.99952E-1 9.99873E-1 9.99997E-1 9.99998E-1 9.99997E-1 1E0 9.99995E-1 9.99999E-1 9.99999E-1 1E0 1E0 9.99998E-1 9.99998E-1 1E0 1E0 1E0 1E0 1E0 1E0 1E0 9.99999E-1 1E0 9.99999E-1 1E0 1E0 1E0 1E0 9.99999E-1
-9999 -9999 -9999 -9999 9.63595E-1 9.81339E-1 9.54542E-1 8.40661E-1 7.94212E-1 8.36327E-1 9.80367E-1 9.74038E-1 9.15642E-1 9.51932E-1 9.87704E-1 9.71279E-1 9.95091E-1 9.91244E-1 9.97141E-1 9.88664E-1 9.85598E-1 9.78479E-1 9.78269E-1 9.96325E-1 9.88914E-1 9.98597E-1 9.99726E-1 9.99965E-1 9.99997E-1 9.99995E-1 9.99997E-1 1E0 1E0 9.99945E-1 9.99941E-1 9.99865E-1 9.99965E-1 9.99599E-1 9.99923E-1 9.9988E-1 9.99978E-1 9.99993E-1 9.99981E-1 9.99976E-1 9.99976E-1 9.99994E-1 9.99994E-1 1E0 1E0 1E0 1E0 1E0 1E0 1E0 1E0 1E0 1E0 1E0 1E0 1E0 1E0 1E0 1E0 1E0 1E0 1E0 1E0 1E0 1E0 1E0
-9999 -9999 -9999 -9999 9.22838E-1 8.89355E-1 9.59359E-1 9.76539E-1 9.59485E-1 9.21978E-1 9.57864E-1 9.2419E-1 9.78162E-1 9.95198E-1 9.77083E-1 9.81907E-1 9.82474E-1 9.90839E-1 9.95028E-1 9.93267E-1 9.81435E-1 9.94083E-1 9.79E-1 9.86137E-1 9.89088E-1 9.98631E-1 9.99981E-1 9.99979E-1 1E0 9.99992E-1 9.99967E-1 9.99972E-1 9.99999E-1 9.99992E-1 9.99829E-1 9.99921E-1 9.99986E-1 9.99968E-1 9.99964E-1 9.99635E-1 9.99986E-1 9.99997E-1 9.99941E-1 9.99924E-1 9.99999E-1 9.99994E-1 1E0 9.99998E-1 1E0 1E0 1E0 9.99999E-1 1E0 9.99999E-1 1E0 1E0 1E0 1E0 1E0 1E0 1E0 1E0 1E0 1E0 1E0 1E0 1E0 1E0 1E0 1E0
