ENM/Final_Models/M_1_F_lqp_Set_1_E/Gustavia_santanderiensis_5_Choco.asc
ncols         367
nrows         963
xllcorner     -78.6
yllcorner     0.65
cellsize      0.00833333333333323
NODATA_value  -9999
[rows 825 to 857 of 963, columns 0 to 74 of 367]
-9999 -9999 -9999 -9999 -9999 9.99011E-1 9.97948E-1 9.93782E-1 9.91791E-1 9.84287E-1 9.78708E-1 9.59979E-1 9.20263E-1 9.14711E-1 9.21691E-1 8.45307E-1 9.62723E-1 9.58043E-1 9.80586E-1 9.40645E-1 9.72703E-1 9.68094E-1 9.24606E-1 9.34305E-1 9.71057E-1 9.91151E-1 9.86981E-1 9.87312E-1 9.88012E-1 9.98213E-1 9.98776E-1 9.99763E-1 9.99896E-1 9.99968E-1 9.99727E-1 9.99982E-1 9.99729E-1 9.99997E-1 1E0 9.99884E-1 9.99881E-1 9.99999E-1 9.99997E-1 9.99997E-1 9.99999E-1 9.99659E-1 9.99978E-1 1E0 9.99999E-1 9.99993E-1 9.99993E-1 1E0 1E0 9.99612E-1 9.99703E-1 9.99915E-1 1E0 1E0 9.99999E-1 1E0 1E0 9.99985E-1 1E0 1E0 9.99999E-1 1E0 1E0 1E0 1E0 9.98551E-1 9.99191E-1 9.99997E-1 1E0 9.99998E-1 9.99995E-1
-9999 -9999 -9999 -9999 -9999 9.9186E-1 9.96592E-1 9.91983E-1 9.56293E-1 9.12406E-1 9.0148E-1 9.59093E-1 9.1638E-1 9.48555E-1 9.19263E-1 9.33021E-1 8.86448E-1 9.2715E-1 9.63721E-1 9.84445E-1 9.62778E-1 9.7288E-1 9.8071E-1 9.80313E-1 9.77143E-1 9.89133E-1 9.94232E-1 9.90141E-1 9.90594E-1 9.96638E-1 9.94975E-1 9.98719E-1 9.99677E-1 9.9996E-1 9.99661E-1 1E0 9.99998E-1 9.99966E-1 1E0 9.99997E-1 9.99998E-1 9.99999E-1 1E0 1E0 9.99938E-1 9.99967E-1 9.99995E-1 9.9999E-1 1E0 9.99999E-1 1E0 9.99999E-1 1E0 9.99998E-1 9.99968E-1 9.99964E-1 1E0 1E0 1E0 1E0 1E0 1E0 1E0 1E0 1E0 9.9975E-1 1E0 1E0 1E0 9.99987E-1 1E0 9.99993E-1 9.99984E-1 9.99992E-1 9.99997E-1
-9999 -9999 -9999 -9999 -9999 9.88215E-1 9.9156E-1 9.44735E-1 9.61778E-1 8.46621E-1 8.37782E-1 9.18019E-1 8.75664E-1 8.27224E-1 8.73361E-1 9.62501E-1 9.19284E-1 9.07996E-1 9.64077E-1 9.59643E-1 9.56743E-1 9.66778E-1 9.92992E-1 9.97102E-1 9.98527E-1 9.90987E-1 9.94607E-1 9.96147E-1 9.95077E-1 9.89743E-1 9.89338E-1 9.91603E-1 9.99236E-1 9.99733E-1 9.99621E-1 9.99994E-1 9.99999E-1 9.99902E-1 9.99996E-1 9.99985E-1 9.99943E-1 9.99617E-1 9.99133E-1 9.99958E-1 9.99997E-1 9.99999E-1 9.99991E-1 1E0 1E0 9.99999E-1 9.99996E-1 9.99997E-1 1E0 1E0 9.99978E-1 9.99982E-1 9.99992E-1 1E0 1E0 1E0 1E0 1E0 1E0 9.9997E-1 9.99848E-1 9.99658E-1 9.99966E-1 1E0 1E0 1E0 1E0 9.99996E-1 9.99986E-1 1E0 9.99997E-1
-9999 -9999 -9999 -9999 -9999 9.58732E-1 9.17064E-1 9.30083E-1 8.77316E-1 7.15393E-1 7.98794E-1 9.00823E-1 7.57006E-1 7.94175E-1 8.53588E-1 9.46756E-1 9.49263E-1 9.60931E-1 9.11343E-1 9.59384E-1 9.00377E-1 9.528E-1 9.93774E-1 9.89927E-1 9.9259E-1 9.93938E-1 9.97787E-1 9.93996E-1 9.97988E-1 9.90185E-1 9.95791E-1 9.93149E-1 9.99929E-1 9.9949E-1 9.99727E-1 9.99997E-1 9.99877E-1 9.99979E-1 9.99997E-1 9.99726E-1 9.99974E-1 9.99962E-1 9.99131E-1 9.99997E-1 9.99847E-1 9.99522E-1 9.99479E-1 9.99999E-1 1E0 1E0 1E0 1E0 1E0 1E0 9.99981E-1 9.99982E-1 9.99912E-1 9.99999E-1 1E0 1E0 1E0 1E0 1E0 9.99876E-1 9.9978E-1 9.99758E-1 9.99958E-1 9.99326E-1 9.96779E-1 9.99988E-1 1E0 1E0 9.99999E-1 9.99998E-1 9.99983E-1
-9999 -9999 -9999 -9999 -9999 9.9572E-1 9.42198E-1 8.88692E-1 7.53223E-1 5.82242E-1 6.54672E-1 7.53369E-1 7.71914E-1 8.12392E-1 8.36197E-1 8.0644E-1 9.73121E-1 9.71979E-1 9.65389E-1 9.59684E-1 9.22639E-1 9.41462E-1 9.6077E-1 9.47216E-1 9.88588E-1 9.86755E-1 9.93872E-1 9.91108E-1 9.9369E-1 9.95652E-1 9.97615E-1 9.88825E-1 9.99207E-1 9.99799E-1 9.99926E-1 9.99935E-1 9.99989E-1 9.99976E-1 9.99783E-1 9.99717E-1 9.99975E-1 1E0 1E0 1E0 1E0 1E0 9.99765E-1 9.99999E-1 1E0 1E0 1E0 1E0 1E0 9.99988E-1 9.99961E-1 9.99982E-1 9.99885E-1 9.99974E-1 1E0 1E0 9.99808E-1 9.99938E-1 1E0 9.99932E-1 9.99846E-1 1E0 9.99976E-1 9.9747E-1 9.99983E-1 9.99994E-1 9.99999E-1 9.99992E-1 9.99994E-1 1E0 9.99991E-1
-9999 -9999 -9999 -9999 -9999 7.88967E-1 9.51274E-1 7.05092E-1 6.48631E-1 5.85836E-1 7.02546E-1 7.63187E-1 6.00186E-1 7.19015E-1 7.58934E-1 8.84205E-1 9.09477E-1 9.73907E-1 9.6876E-1 9.53666E-1 8.93757E-1 9.5107E-1 9.59302E-1 9.31613E-1 9.69157E-1 9.90548E-1 9.87054E-1 9.77976E-1 9.80004E-1 9.90192E-1 9.97688E-1 9.89582E-1 9.99726E-1 9.99898E-1 9.9992E-1 9.9982E-1 9.99771E-1 9.99792E-1 9.99987E-1 9.99992E-1 9.9975E-1 1E0 1E0 9.99995E-1 1E0 1E0 9.99502E-1 9.99999E-1 1E0 1E0 1E0 1E0 1E0 1E0 9.99784E-1 9.99996E-1 9.99934E-1 9.99571E-1 1E0 1E0 1E0 1E0 9.99998E-1 9.99999E-1 9.99999E-1 9.99999E-1 9.99885E-1 9.99163E-1 9.98254E-1 9.99999E-1 1E0 1E0 9.99997E-1 9.99963E-1 9.99567E-1
-9999 -9999 -9999 -9999 -9999 8.63279E-1 7.94609E-1 7.68132E-1 6.86093E-1 7.00172E-1 7.18431E-1 7.29372E-1 6.67453E-1 7.62904E-1 8.50956E-1 8.95529E-1 9.339E-1 8.97484E-1 9.64895E-1 9.64952E-1 9.01686E-1 9.47533E-1 9.69238E-1 9.69363E-1 9.74705E-1 9.60404E-1 9.54318E-1 9.83472E-1 9.83399E-1 9.92517E-1 9.92763E-1 9.98486E-1 9.96091E-1 9.99491E-1 9.99822E-1 9.99913E-1 9.99865E-1 9.99932E-1 9.99954E-1 9.99836E-1 9.9976E-1 9.99997E-1 1E0 1E0 1E0 1E0 9.99725E-1 9.99999E-1 9.99907E-1 9.99994E-1 1E0 1E0 1E0 1E0 9.99998E-1 9.99999E-1 1E0 1E0 1E0 1E0 9.99771E-1 9.99874E-1 9.99999E-1 9.99999E-1 9.99999E-1 9.99368E-1 9.99905E-1 9.99756E-1 9.99877E-1 9.99994E-1 9.99974E-1 9.99987E-1 9.9994E-1 9.99829E-1 9.98654E-1
-9999 -9999 -9999 -9999 -9999 7.73053E-1 6.45964E-1 5.88801E-1 7.57841E-1 6.37576E-1 6.71335E-1 6.73861E-1 7.58759E-1 7.59642E-1 8.08554E-1 8.42483E-1 9.38676E-1 9.71925E-1 9.67818E-1 8.78247E-1 9.28986E-1 9.4484E-1 9.13799E-1 9.6484E-1 9.62788E-1 9.74012E-1 9.76245E-1 9.77406E-1 9.95079E-1 9.93087E-1 9.98234E-1 9.95392E-1 9.99743E-1 9.97044E-1 9.98981E-1 9.99714E-1 9.99989E-1 9.99987E-1 9.99974E-1 9.99995E-1 9.99999E-1 9.99987E-1 9.99999E-1 9.99999E-1 1E0 1E0 9.99969E-1 1E0 1E0 1E0 9.99999E-1 9.99996E-1 9.99994E-1 9.99999E-1 9.9999E-1 9.9999E-1 9.98194E-1 1E0 1E0 1E0 1E0 1E0 1E0 1E0 1E0 9.99851E-1 9.99955E-1 9.99353E-1 9.97103E-1 1E0 9.99995E-1 9.99998E-1 9.9998E-1 9.99934E-1 9.9991E-1
-9999 -9999 -9999 -9999 -9999 5.84341E-1 6.66139E-1 5.9188E-1 7.09852E-1 8.14473E-1 8.84395E-1 7.75576E-1 7.99398E-1 8.00719E-1 8.30322E-1 8.79541E-1 8.2456E-1 9.0453E-1 8.83313E-1 8.73127E-1 9.40786E-1 9.26418E-1 9.58217E-1 9.2546E-1 9.56472E-1 9.4812E-1 9.73209E-1 9.89357E-1 9.89395E-1 9.98271E-1 9.96438E-1 9.93802E-1 9.96822E-1 9.99503E-1 9.98923E-1 9.98835E-1 9.99693E-1 9.99529E-1 9.99934E-1 9.99975E-1 9.99914E-1 1E0 9.99986E-1 9.99989E-1 1E0 1E0 9.99877E-1 9.99992E-1 9.99945E-1 9.99996E-1 9.99996E-1 9.99989E-1 9.99978E-1 9.99996E-1 9.99979E-1 9.99972E-1 9.99998E-1 9.9961E-1 1E0 9.99999E-1 9.98282E-1 9.99981E-1 9.9922E-1 1E0 1E0 9.99655E-1 9.99849E-1 9.99755E-1 9.99609E-1 1E0 1E0 9.99994E-1 9.99851E-1 9.97066E-1 9.9826E-1
-9999 -9999 -9999 -9999 -9999 5.12136E-1 4.7009E-1 5.80241E-1 6.52313E-1 8.10201E-1 8.80354E-1 8.75722E-1 8.44419E-1 7.36056E-1 8.42268E-1 8.42186E-1 8.39017E-1 8.69653E-1 9.0981E-1 9.19484E-1 9.25696E-1 9.67189E-1 9.56113E-1 9.83754E-1 9.6782E-1 9.61625E-1 9.72404E-1 9.91224E-1 9.83882E-1 9.97779E-1 9.91325E-1 9.97521E-1 9.99716E-1 9.99118E-1 9.99486E-1 9.99428E-1 9.9988E-1 9.99825E-1 9.99138E-1 9.99879E-1 9.99976E-1 9.99517E-1 9.9998E-1 9.99954E-1 1E0 9.99931E-1 9.99979E-1 1E0 9.99996E-1 9.99998E-1 9.99994E-1 1E0 9.99977E-1 9.99917E-1 9.99987E-1 9.99997E-1 9.99999E-1 9.99999E-1 9.99088E-1 9.98097E-1 9.99992E-1 1E0 9.99978E-1 1E0 9.99152E-1 9.99892E-1 9.99427E-1 9.99961E-1 1E0 1E0 9.99843E-1 9.96795E-1 9.97213E-1 9.99343E-1 9.99978E-1
-9999 -9999 -9999 -9999 -9999 4.83124E-1 4.46183E-1 5.74243E-1 6.64226E-1 7.62837E-1 8.38853E-1 8.62395E-1 8.87589E-1 8.17935E-1 8.45482E-1 8.40834E-1 8.72629E-1 8.88429E-1 9.29821E-1 9.14737E-1 9.3096E-1 9.75349E-1 9.75582E-1 9.894E-1 9.73109E-1 9.37257E-1 9.7455E-1 9.97323E-1 9.9609E-1 9.94189E-1 9.96929E-1 9.97554E-1 9.98547E-1 9.98324E-1 9.99572E-1 9.99536E-1 9.99755E-1 9.98776E-1 9.99744E-1 9.99609E-1 9.99865E-1 9.99866E-1 9.99953E-1 9.9729E-1 9.99808E-1 9.99978E-1 1E0 9.99847E-1 9.99989E-1 9.99991E-1 9.99997E-1 9.99999E-1 9.99993E-1 9.99998E-1 9.99997E-1 9.9999E-1 9.99987E-1 9.99791E-1 9.99793E-1 1E0 1E0 1E0 9.99995E-1 1E0 9.99997E-1 9.99999E-1 9.99936E-1 9.99986E-1 9.99982E-1 9.99981E-1 9.9999E-1 9.99338E-1 9.99266E-1 9.99992E-1 9.99999E-1
-9999 -9999 -9999 -9999 -9999 4.50289E-1 4.65108E-1 6.03741E-1 5.95581E-1 7.36784E-1 7.91719E-1 8.00243E-1 8.01495E-1 7.38134E-1 7.74216E-1 8.58014E-1 8.98793E-1 8.6268E-1 9.01988E-1 9.52167E-1 9.14784E-1 9.06554E-1 9.68645E-1 9.64627E-1 9.47291E-1 9.47503E-1 9.77803E-1 9.81199E-1 9.96788E-1 9.93519E-1 9.89991E-1 9.95659E-1 9.98609E-1 9.99711E-1 9.99265E-1 9.99397E-1 9.9998E-1 9.99877E-1 9.99788E-1 9.9949E-1 9.99897E-1 9.99138E-1 9.98135E-1 9.99699E-1 9.99548E-1 1E0 9.99999E-1 9.98556E-1 9.99995E-1 9.9999E-1 9.9855E-1 1E0 9.99999E-1 1E0 9.99999E-1 9.99999E-1 9.98424E-1 9.9937E-1 9.99681E-1 9.99999E-1 1E0 1E0 1E0 1E0 9.99994E-1 9.99972E-1 9.99422E-1 9.99998E-1 9.99985E-1 1E0 1E0 9.99999E-1 9.99994E-1 9.99232E-1 9.99842E-1
-9999 -9999 -9999 -9999 -9999 4.14862E-1 4.17847E-1 6.37694E-1 6.50365E-1 6.99374E-1 8.45589E-1 9.10347E-1 7.60991E-1 7.31001E-1 8.15168E-1 9.1584E-1 9.33383E-1 9.59671E-1 9.35803E-1 9.35298E-1 9.77515E-1 9.20019E-1 9.75559E-1 9.68785E-1 9.75147E-1 9.61308E-1 9.78091E-1 9.82304E-1 9.95096E-1 9.95485E-1 9.92506E-1 9.92503E-1 9.9195E-1 9.98394E-1 9.99698E-1 9.99877E-1 9.99695E-1 9.99891E-1 9.99745E-1 9.99988E-1 9.99997E-1 9.99989E-1 9.99438E-1 9.99887E-1 9.99969E-1 9.99996E-1 1E0 9.9981E-1 9.99985E-1 9.99946E-1 9.99791E-1 1E0 1E0 9.99827E-1 9.99998E-1 1E0 1E0 9.99857E-1 1E0 1E0 1E0 1E0 1E0 1E0 1E0 1E0 1E0 1E0 1E0 1E0 1E0 1E0 1E0 9.99827E-1 9.99658E-1
-9999 -9999 -9999 -9999 -9999 -9999 -9999 5.06199E-1 7.93506E-1 6.558E-1 7.35569E-1 6.40076E-1 7.64485E-1 7.98673E-1 7.32405E-1 8.8961E-1 8.10667E-1 8.75194E-1 9.12757E-1 9.20002E-1 9.63627E-1 9.30444E-1 9.2716E-1 9.54134E-1 9.46454E-1 9.747E-1 9.95958E-1 9.94347E-1 9.91569E-1 9.84183E-1 9.95137E-1 9.89927E-1 9.97262E-1 9.98842E-1 9.98269E-1 9.99944E-1 9.99987E-1 9.99979E-1 9.99986E-1 9.99993E-1 9.99964E-1 1E0 9.9982E-1 1E0 1E0 9.99982E-1 1E0 1E0 9.99999E-1 1E0 1E0 1E0 9.99968E-1 1E0 1E0 1E0 1E0 9.99997E-1 9.99988E-1 1E0 1E0 1E0 1E0 1E0 1E0 1E0 1E0 1E0 1E0 1E0 1E0 1E0 1E0 9.99565E-1 1E0
-9999 -9999 -9999 -9999 -9999 -9999 -9999 -9999 -9999 8.48033E-1 7.2846E-1 7.00641E-1 7.82711E-1 7.24965E-1 8.409E-1 9.12439E-1 9.15711E-1 9.74971E-1 9.2113E-1 9.59235E-1 9.70975E-1 9.64494E-1 9.61308E-1 9.56784E-1 9.65274E-1 9.71184E-1 9.81793E-1 9.9435E-1 9.74692E-1 9.91096E-1 9.9007E-1 9.95383E-1 9.99279E-1 9.95958E-1 9.9954E-1 9.99659E-1 9.99756E-1 9.99985E-1 9.99994E-1 9.99841E-1 9.99991E-1 1E0 9.99869E-1 9.99983E-1 1E0 1E0 1E0 1E0 1E0 1E0 1E0 1E0 1E0 1E0 1E0 9.99999E-1 9.99999E-1 1E0 1E0 1E0 1E0 1E0 1E0 1E0 1E0 1E0 1E0 1E0 1E0 1E0 1E0 1E0 1E0 9.99999E-1 9.99661E-1
-9999 -9999 -9999 -9999 -9999 -9999 -9999 -9999 -9999 -9999 -9999 7.35016E-1 8.08273E-1 8.33523E-1 8.49439E-1 8.65227E-1 9.58653E-1 9.71974E-1 9.62857E-1 9.48314E-1 9.44341E-1 9.46901E-1 9.50427E-1 9.73095E-1 9.81532E-1 9.6401E-1 9.50221E-1 9.56448E-1 9.81761E-1 9.77336E-1 9.91874E-1 9.88544E-1 9.98345E-1 9.9902E-1 9.99452E-1 9.99584E-1 9.99899E-1 9.99779E-1 9.99998E-1 9.99998E-1 9.99996E-1 9.99995E-1 9.99997E-1 1E0 9.99993E-1 1E0 1E0 1E0 1E0 9.99996E-1 1E0 1E0 1E0 1E0 1E0 1E0 1E0 1E0 1E0 1E0 1E0 1E0 1E0 1E0 9.99996E-1 1E0 1E0 1E0 1E0 1E0 1E0 1E0 1E0 1E0 9.99993E-1
-9999 -9999 -9999 -9999 -9999 -9999 -9999 -9999 -9999 -9999 -9999 -9999 7.59356E-1 7.88314E-1 8.63268E-1 8.99802E-1 9.07849E-1 9.68617E-1 9.72787E-1 9.69456E-1 9.20459E-1 9.4184E-1 9.61805E-1 9.64082E-1 9.66128E-1 9.72713E-1 9.82774E-1 9.90612E-1 9.83522E-1 9.80816E-1 9.87956E-1 9.84424E-1 9.97509E-1 9.96917E-1 9.99525E-1 9.99545E-1 9.97553E-1 9.99495E-1 9.99623E-1 9.999E-1 9.99893E-1 9.99968E-1 9.99981E-1 1E0 1E0 9.99968E-1 9.99956E-1 9.99985E-1 9.99994E-1 1E0 1E0 1E0 9.99997E-1 1E0 1E0 9.99999E-1 1E0 9.99997E-1 1E0 1E0 1E0 1E0 1E0 9.99998E-1 9.99778E-1 9.99994E-1 1E0 1E0 1E0 1E0 1E0 1E0 1E0 1E0 1E0
-9999 -9999 -9999 -9999 -9999 -9999 -9999 -9999 -9999 -9999 -9999 -9999 -9999 -9999 9.0422E-1 8.86962E-1 9.41326E-1 9.79504E-1 9.33787E-1 9.397E-1 9.5756E-1 9.66368E-1 9.72657E-1 9.68939E-1 9.52512E-1 9.75614E-1 9.65643E-1 9.89628E-1 9.85298E-1 9.62609E-1 9.82476E-1 9.80745E-1 9.91953E-1 9.97623E-1 9.99191E-1 9.96702E-1 9.98983E-1 9.99321E-1 9.9984E-1 9.99949E-1 9.99995E-1 9.99523E-1 9.99902E-1 9.99997E-1 9.99999E-1 9.99915E-1 9.99889E-1 9.99877E-1 9.9998E-1 9.99999E-1 9.99916E-1 1E0 9.99999E-1 1E0 1E0 1E0 9.99982E-1 1E0 1E0 9.99999E-1 1E0 1E0 1E0 1E0 9.99543E-1 9.99999E-1 9.99974E-1 1E0 1E0 1E0 1E0 1E0 1E0 1E0 1E0
-9999 -9999 -9999 -9999 -9999 -9999 -9999 -9999 -9999 -9999 -9999 -9999 -9999 -9999 -9999 -9999 9.13002E-1 9.77893E-1 9.14385E-1 9.25069E-1 9.68508E-1 9.4628E-1 9.84374E-1 9.71312E-1 9.81455E-1 9.59944E-1 9.63183E-1 9.83734E-1 9.87113E-1 9.77128E-1 9.67592E-1 9.77075E-1 9.86526E-1 9.8573E-1 9.96312E-1 9.97931E-1 9.98879E-1 9.98122E-1 9.98444E-1 9.99935E-1 9.99764E-1 9.99987E-1 9.99996E-1 9.99998E-1 9.99997E-1 9.98973E-1 9.99282E-1 9.99061E-1 9.99685E-1 9.99414E-1 9.99758E-1 9.99995E-1 9.99999E-1 9.99961E-1 1E0 1E0 1E0 9.99991E-1 1E0 1E0 1E0 1E0 9.99995E-1 9.99994E-1 9.99875E-1 9.99619E-1 9.99998E-1 1E0 9.99996E-1 1E0 1E0 1E0 1E0 9.99919E-1 9.95683E-1
-9999 -9999 -9999 -9999 -9999 -9999 -9999 -9999 -9999 -9999 -9999 -9999 -9999 -9999 -9999 -9999 -9999 -9999 -9999 -9999 9.75247E-1 9.88825E-1 9.81367E-1 9.87746E-1 9.73886E-1 9.82237E-1 9.85338E-1 9.84309E-1 9.86107E-1 9.64571E-1 9.64806E-1 9.83318E-1 9.81152E-1 9.9354E-1 9.96955E-1 9.98295E-1 9.94479E-1 9.94984E-1 9.9881E-1 9.99892E-1 9.98672E-1 9.99929E-1 9.99946E-1 9.99952E-1 9.99998E-1 9.99981E-1 9.99546E-1 9.99871E-1 1E0 1E0 9.99424E-1 9.99573E-1 9.99988E-1 9.99433E-1 1E0 9.9999E-1 9.99974E-1 9.99995E-1 9.99993E-1 9.99999E-1 1E0 1E0 1E0 1E0 9.99986E-1 1E0 1E0 1E0 9.99999E-1 9.99999E-1 1E0 9.99998E-1 1E0 9.95726E-1 9.89578E-1
-9999 -9999 -9999 -9999 -9999 -9999 -9999 -9999 -9999 -9999 -9999 -9999 -9999 -9999 -9999 -9999 -9999 -9999 -9999 -9999 -9999 9.76923E-1 9.86629E-1 9.70479E-1 9.83996E-1 9.88927E-1 9.86129E-1 9.7879E-1 9.8323E-1 9.89311E-1 9.75808E-1 9.8186E-1 9.86282E-1 9.87726E-1 9.87424E-1 9.928E-1 9.8956E-1 9.9852E-1 9.99212E-1 9.98158E-1 9.9996E-1 9.99994E-1 9.99334E-1 9.99642E-1 9.99998E-1 9.99998E-1 9.99995E-1 9.99152E-1 9.99933E-1 9.97039E-1 9.99939E-1 9.98962E-1 9.99999E-1 1E0 9.9947E-1 1E0 1E0 9.98578E-1 9.99995E-1 1E0 9.99999E-1 1E0 1E0 1E0 1E0 1E0 1E0 1E0 1E0 1E0 1E0 9.99998E-1 9.99994E-1 9.99988E-1 9.96165E-1
-9999 -9999 -9999 -9999 -9999 -9999 -9999 -9999 -9999 -9999 -9999 -9999 -9999 -9999 -9999 -9999 -9999 -9999 -9999 -9999 -9999 -9999 9.70751E-1 9.89859E-1 9.9242E-1 9.93388E-1 9.85346E-1 9.93628E-1 9.6779E-1 9.8013E-1 9.92155E-1 9.87345E-1 9.91952E-1 9.66702E-1 9.88045E-1 9.95987E-1 9.83003E-1 9.95587E-1 9.99718E-1 9.99666E-1 9.99602E-1 9.99823E-1 9.99995E-1 9.99991E-1 9.99989E-1 9.99999E-1 9.99989E-1 9.99946E-1 9.99988E-1 9.99934E-1 9.99999E-1 1E0 9.99931E-1 9.99933E-1 9.99838E-1 9.98968E-1 9.94989E-1 9.99986E-1 9.9981E-1 9.99634E-1 9.99993E-1 9.99983E-1 1E0 9.99972E-1 1E0 1E0 1E0 1E0 1E0 1E0 1E0 9.99998E-1 9.98847E-1 9.99602E-1 9.88678E-1
-9999 -9999 -9999 -9999 -9999 -9999 -9999 -9999 -9999 -9999 -9999 -9999 -9999 -9999 -9999 -9999 -9999 -9999 -9999 -9999 -9999 -9999 -9999 -9999 9.82466E-1 9.96487E-1 9.93377E-1 9.96739E-1 9.76003E-1 9.63911E-1 9.90456E-1 9.87921E-1 9.79221E-1 9.91318E-1 9.92926E-1 9.9316E-1 9.98393E-1 9.98048E-1 9.98126E-1 9.99779E-1 9.99985E-1 9.99932E-1 9.99793E-1 9.93955E-1 9.99825E-1 9.99567E-1 1E0 1E0 1E0 1E0 9.9997E-1 9.99571E-1 9.99937E-1 9.99627E-1 9.99135E-1 9.92752E-1 9.99902E-1 9.99997E-1 9.99223E-1 9.99881E-1 9.99782E-1 1E0 9.99998E-1 9.99999E-1 9.99979E-1 9.99857E-1 9.99978E-1 9.99805E-1 1E0 1E0 1E0 1E0 1E0 9.99764E-1 9.99679E-1
-9999 -9999 -9999 -9999 -9999 -9999 -9999 -9999 -9999 -9999 -9999 -9999 -9999 -9999 -9999 -9999 -9999 -9999 -9999 -9999 -9999 -9999 -9999 -9999 -9999 -9999 9.91433E-1 9.9564E-1 9.78903E-1 9.57405E-1 9.56134E-1 9.71617E-1 9.68871E-1 9.92092E-1 9.80012E-1 9.97495E-1 9.96146E-1 9.98367E-1 9.99088E-1 9.99938E-1 9.99833E-1 9.99955E-1 9.95224E-1 9.99023E-1 9.98077E-1 9.99978E-1 9.99999E-1 1E0 9.99999E-1 1E0 9.99976E-1 9.9888E-1 9.99397E-1 9.99171E-1 9.99876E-1 9.9104E-1 9.90044E-1 9.99997E-1 9.99525E-1 9.96681E-1 9.99977E-1 9.99994E-1 9.99996E-1 1E0 9.99993E-1 9.99562E-1 9.99999E-1 9.9992E-1 9.99998E-1 9.99999E-1 1E0 1E0 1E0 9.99928E-1 9.99939E-1
-9999 -9999 -9999 -9999 -9999 -9999 -9999 -9999 -9999 -9999 -9999 -9999 -9999 -9999 -9999 -9999 -9999 -9999 -9999 -9999 -9999 -9999 -9999 -9999 -9999 -9999 -9999 9.92992E-1 9.88366E-1 9.84497E-1 9.84059E-1 9.66128E-1 9.6563E-1 9.79172E-1 9.90723E-1 9.93801E-1 9.95521E-1 9.99061E-1 9.97904E-1 9.99953E-1 9.99477E-1 9.99918E-1 9.99522E-1 9.99905E-1 9.94059E-1 9.99737E-1 9.99989E-1 1E0 1E0 1E0 9.99994E-1 9.99823E-1 9.99363E-1 9.97874E-1 9.88939E-1 9.77956E-1 9.95019E-1 9.99916E-1 9.99043E-1 9.95944E-1 9.99914E-1 9.99985E-1 9.99999E-1 9.99994E-1 9.99868E-1 9.99933E-1 9.99603E-1 9.9996E-1 1E0 9.99997E-1 9.99999E-1 9.99999E-1 1E0 1E0 9.99994E-1
-9999 -9999 -9999 -9999 -9999 -9999 -9999 -9999 -9999 -9999 -9999 -9999 -9999 -9999 -9999 -9999 -9999 -9999 -9999 -9999 -9999 -9999 -9999 -9999 -9999 -9999 -9999 -9999 -9999 9.61863E-1 9.75863E-1 9.78274E-1 9.91003E-1 9.99406E-1 9.97256E-1 9.97639E-1 9.85352E-1 9.48452E-1 9.98552E-1 9.76413E-1 9.98516E-1 9.99431E-1 9.9844E-1 9.98667E-1 9.99985E-1 9.99991E-1 9.99901E-1 1E0 1E0 9.99997E-1 9.99984E-1 1E0 9.98142E-1 9.83711E-1 9.99285E-1 9.99221E-1 9.94671E-1 9.99894E-1 9.98722E-1 9.94974E-1 9.9995E-1 9.98717E-1 9.98804E-1 9.99963E-1 9.9962E-1 9.99999E-1 1E0 1E0 1E0 1E0 9.99994E-1 9.99987E-1 1E0 1E0 9.99983E-1
-9999 -9999 -9999 -9999 -9999 -9999 -9999 -9999 -9999 -9999 -9999 -9999 -9999 -9999 -9999 -9999 -9999 -9999 -9999 -9999 -9999 -9999 -9999 -9999 -9999 -9999 -9999 -9999 -9999 -9999 9.79201E-1 9.88448E-1 9.98722E-1 9.94095E-1 9.66667E-1 9.59496E-1 9.96008E-1 9.9781E-1 9.8351E-1 9.53971E-1 9.67406E-1 9.83751E-1 9.90776E-1 9.99343E-1 9.9993E-1 9.99954E-1 9.9599E-1 9.99829E-1 9.99989E-1 1E0 1E0 1E0 9.99969E-1 9.94825E-1 9.50259E-1 9.99294E-1 9.91746E-1 9.99759E-1 9.99454E-1 9.9259E-1 9.99928E-1 9.96907E-1 9.99602E-1 9.99168E-1 9.98419E-1 9.98733E-1 9.93502E-1 9.89006E-1 9.99874E-1 9.99995E-1 9.99224E-1 9.79148E-1 9.63989E-1 9.99253E-1 9.99537E-1
-9999 -9999 -9999 -9999 -9999 -9999 -9999 -9999 -9999 -9999 -9999 -9999 -9999 -9999 -9999 -9999 -9999 -9999 -9999 -9999 -9999 -9999 -9999 -9999 -9999 -9999 -9999 -9999 -9999 -9999 -9999 -9999 9.77022E-1 9.9022E-1 9.95862E-1 9.78885E-1 9.96051E-1 9.98971E-1 9.93903E-1 9.716E-1 9.66679E-1 9.9458E-1 9.94807E-1 9.9963E-1 9.99932E-1 9.99994E-1 9.99681E-1 9.97911E-1 9.99978E-1 9.99995E-1 9.99912E-1 9.98348E-1 9.99833E-1 9.99992E-1 9.88616E-1 9.979E-1 9.89948E-1 9.99567E-1 9.98516E-1 9.62887E-1 9.99924E-1 9.70152E-1 9.98936E-1 9.99961E-1 9.99011E-1 9.98881E-1 9.99445E-1 9.68785E-1 9.99934E-1 9.99999E-1 1E0 9.93635E-1 9.87926E-1 9.9835E-1 9.56779E-1
-9999 -9999 -9999 -9999 -9999 -9999 -9999 -9999 -9999 -9999 -9999 -9999 -9999 -9999 -9999 -9999 -9999 -9999 -9999 -9999 -9999 -9999 -9999 -9999 -9999 -9999 -9999 -9999 -9999 -9999 -9999 -9999 -9999 9.68047E-1 9.89938E-1 9.98175E-1 9.97896E-1 9.95316E-1 9.98166E-1 9.92891E-1 9.76283E-1 9.91387E-1 9.98492E-1 9.84805E-1 9.99938E-1 9.99018E-1 9.99789E-1 9.98783E-1 9.99867E-1 9.99999E-1 9.99957E-1 9.89516E-1 9.97021E-1 9.99963E-1 9.99892E-1 9.55888E-1 9.49543E-1 9.98823E-1 9.98666E-1 9.82508E-1 9.97122E-1 9.82953E-1 9.90934E-1 9.99959E-1 9.99663E-1 9.92494E-1 9.98302E-1 9.70819E-1 9.99937E-1 9.99998E-1 9.99885E-1 9.75537E-1 9.72808E-1 9.96863E-1 9.88469E-1
-9999 -9999 -9999 -9999 -9999 -9999 -9999 -9999 -9999 -9999 -9999 -9999 -9999 -9999 -9999 -9999 -9999 -9999 -9999 -9999 -9999 -9999 -9999 -9999 -9999 -9999 -9999 -9999 -9999 -9999 -9999 -9999 -9999 -9999 -9999 9.98391E-1 9.94964E-1 9.97046E-1 9.94079E-1 9.83611E-1 9.13107E-1 9.94608E-1 9.97095E-1 9.99883E-1 9.99938E-1 9.97461E-1 9.96924E-1 9.97779E-1 9.97032E-1 9.99998E-1 9.99952E-1 9.84245E-1 9.95218E-1 9.96532E-1 9.99879E-1 9.77083E-1 8.50267E-1 9.93136E-1 9.98569E-1 9.55139E-1 9.91634E-1 9.17483E-1 9.23448E-1 9.92057E-1 9.9884E-1 9.937E-1 9.79253E-1 9.89061E-1 9.99993E-1 9.99994E-1 9.99549E-1 9.8408E-1 9.23493E-1 9.68976E-1 9.76567E-1
-9999 -9999 -9999 -9999 -9999 -9999 -9999 -9999 -9999 -9999 -9999 -9999 -9999 -9999 -9999 -9999 -9999 -9999 -9999 -9999 -9999 -9999 -9999 -9999 -9999 -9999 -9999 -9999 -9999 -9999 -9999 -9999 -9999 -9999 -9999 -9999 9.78082E-1 9.93542E-1 9.89924E-1 9.59052E-1 9.63775E-1 9.86746E-1 9.96163E-1 9.99513E-1 9.99564E-1 9.55359E-1 9.99112E-1 9.97165E-1 9.96981E-1 9.99694E-1 9.99853E-1 9.97514E-1 9.90044E-1 9.2905E-1 9.99795E-1 9.97415E-1 9.59567E-1 9.27789E-1 9.96723E-1 9.79499E-1 9.4561E-1 9.29235E-1 8.71142E-1 9.87664E-1 9.83476E-1 9.98765E-1 9.89227E-1 9.49306E-1 9.61448E-1 9.9867E-1 9.99998E-1 9.98464E-1 9.84247E-1 9.42091E-1 9.95994E-1
-9999 -9999 -9999 -9999 -9999 -9999 -9999 -9999 -9999 -9999 -9999 -9999 -9999 -9999 -9999 -9999 -9999 -9999 -9999 -9999 -9999 -9999 -9999 -9999 -9999 -9999 -9999 -9999 -9999 -9999 -9999 -9999 -9999 -9999 -9999 -9999 -9999 9.87305E-1 9.88875E-1 9.28693E-1 9.74809E-1 9.73607E-1 9.69245E-1 9.89678E-1 9.69152E-1 9.86972E-1 9.81454E-1 9.76508E-1 9.74981E-1 9.51631E-1 9.67376E-1 9.44698E-1 9.91142E-1 9.78481E-1 9.87879E-1 9.86287E-1 9.75283E-1 9.39273E-1 9.72244E-1 9.48535E-1 8.29558E-1 7.7013E-1 7.85627E-1 9.32221E-1 9.55585E-1 9.96194E-1 9.9927E-1 9.62225E-1 9.57054E-1 9.97634E-1 9.99849E-1 9.81659E-1 8.0755E-1 9.51159E-1 9.35437E-1
-9999 -9999 -9999 -9999 -9999 -9999 -9999 -9999 -9999 -9999 -9999 -9999 -9999 -9999 -9999 -9999 -9999 -9999 -9999 -9999 -9999 -9999 -9999 -9999 -9999 -9999 -9999 -9999 -9999 -9999 -9999 -9999 -9999 -9999 -9999 -9999 -9999 -9999 -9999 8.65278E-1 8.68815E-1 8.78859E-1 9.30798E-1 9.91732E-1 9.93015E-1 9.5001E-1 9.23251E-1 9.78017E-1 9.57003E-1 9.37249E-1 9.48677E-1 9.20285E-1 8.93532E-1 9.6492E-1 9.66967E-1 9.93592E-1 9.58013E-1 9.13473E-1 8.9223E-1 9.72192E-1 8.42834E-1 7.41721E-1 7.39304E-1 8.75103E-1 9.52202E-1 9.98885E-1 9.99966E-1 9.53144E-1 9.83381E-1 9.99959E-1 9.80301E-1 6.40257E-1 5.69733E-1 5.65463E-1 9.02515E-1
