ENM/Final_Models/M_1_F_lqp_Set_1_E/Gustavia_santanderiensis_5_Choco_novel.asc
ncols         367
nrows         963
xllcorner     -78.6
yllcorner     0.65
cellsize      0.00833333333333323
NODATA_value  -9999
[rows 480 to 509 of 963, columns 136 to 203 of 367]
-9999 -9999 -9999 -9999 -9999 -9999 -9999 -9999 -9999 -9999 -9999 -9999 -9999 -9999 -9999 -9999 -9999 -9999 -9999 -9999 -9999 -9999 -9999 -9999 -9999 -8.12883E1 -7.83742E1 -8.56442E1 -8.46626E1 -9999 -8.13497E1 -1.06931E2 -1.07426E2 -1.07426E2 -8.2454E1 -7.7362E1 -1.07921E2 -1.05446E2 -1.05446E2 -8.91089E1 -8.91089E1 -1.05446E2 -1.05941E2 -1.05941E2 -1.06436E2 -1.06931E2 -1.07426E2 -9.25743E1 -9.10891E1 -9.30693E1 -9.20792E1 -9.35644E1 -9.60396E1 -9.65347E1 -9.65347E1 -1.11386E2 -1.07921E2 -1.09406E2 -9.90099E1 -9.90099E1 -1.10891E2 -1.10396E2 -1.0099E2 -8.66337E1 -8.61386E1 -1.11881E2 -1.12871E2 -1.14356E2
-9999 -9999 -9999 -9999 -9999 -9999 -9999 -9999 -9999 -9999 -9999 -9999 -9999 -9999 -9999 -9999 -9999 -9999 -9999 -9999 -9999 -9999 -9999 -9999 -9999 -8.02454E1 -7.99693E1 -8.45705E1 -8.65644E1 -8.39877E1 -7.73926E1 -7.52475E1 -7.58896E1 -7.69939E1 -7.60429E1 -6.53067E1 -7.01227E1 -7.04601E1 -7.18405E1 -7.59509E1 -8.9908E1 -1.04455E2 -1.0495E2 -1.08416E2 -9.05941E1 -9.10891E1 -9.15842E1 -9.15842E1 -9.20792E1 -9.29755E1 -9.25743E1 -9.25743E1 -9.25743E1 -9.30693E1 -1.09901E2 -1.09901E2 -1.09901E2 -1.10891E2 -1.07921E2 -1.11386E2 -1.09901E2 -1.09901E2 -8.61386E1 -6.9802E1 -7.32673E1 -8.00307E1 -1.11881E2 -8.16871E1
-9999 -9999 -9999 -9999 -9999 -9999 -9999 -9999 -9999 -9999 -9999 -9999 -9999 -9999 -9999 -9999 -9999 -9999 -9999 -9999 -9999 -9999 -9999 -9999 -9999 -7.12577E1 -7.57975E1 -8.26687E1 -8.40491E1 -8.65644E1 -7.17178E1 -7.95705E1 -7.92025E1 -7.47525E1 -7.89264E1 -7.84663E1 -7.42574E1 -7.23926E1 -7.22699E1 -1.0396E2 -8.81188E1 -8.9604E1 -8.9604E1 -1.04455E2 -1.0495E2 -1.05446E2 -8.34356E1 -1.06436E2 -9.15842E1 -9.35644E1 -9.43252E1 -9.45545E1 -9.32209E1 -9.20792E1 -9.45545E1 -1.08416E2 -9.45545E1 -9.50495E1 -1.10891E2 -1.11386E2 -1.22772E2 -1.09406E2 -8.61386E1 -7.42574E1 -7.32673E1 -7.65951E1 -8.56436E1 -7.8773E1
-9999 -9999 -9999 -9999 -9999 -9999 -9999 -9999 -9999 -9999 -9999 -9999 -9999 -9999 -9999 -9999 -9999 -9999 -9999 -9999 -9999 -9999 -9999 -9999 -9999 -7.89571E1 -7.79141E1 -7.47546E1 -7.22699E1 -8.64417E1 -8.7362E1 -7.94479E1 -7.54601E1 -8.03067E1 -7.42574E1 -8.15951E1 -1.09406E2 -7.21779E1 -7.34663E1 -8.76238E1 -8.91089E1 -8.91089E1 -8.86139E1 -8.86139E1 -1.08911E2 -1.14356E2 -1.05446E2 -1.05446E2 -1.07921E2 -1.08911E2 -9.78221E1 -1.08911E2 -1.06931E2 -9.35644E1 -9.35644E1 -1.07921E2 -9.40594E1 -9.45545E1 -9.65347E1 -9.65347E1 -1.11386E2 -1.09901E2 -8.71287E1 -7.32515E1 -7.2638E1 -7.87117E1 -8.61386E1 -7.57426E1
-9999 -9999 -9999 -9999 -9999 -9999 -9999 -9999 -9999 -9999 -9999 -9999 -9999 -9999 -9999 -9999 -9999 -9999 -9999 -9999 -9999 -9999 -9999 -9999 -9999 -7.5E1 -7.26687E1 -7.41718E1 -7.25153E1 -8.38344E1 -8.55215E1 -8.67791E1 -8.79755E1 -1.06436E2 -7.45092E1 -8.00307E1 -1.07426E2 -8.66337E1 -6.68317E1 -1.0297E2 -8.66337E1 -8.81188E1 -8.71287E1 -8.76238E1 -8.81188E1 -8.86139E1 -1.0495E2 -9.0099E1 -1.08416E2 -9.25743E1 -1.08416E2 -1.07921E2 -9.30693E1 -9.25743E1 -1.06931E2 -1.06931E2 -1.06931E2 -1.09406E2 -1.07921E2 -1.10396E2 -1.10891E2 -1.09901E2 -8.66337E1 -7.35583E1 -7.27301E1 -7.54601E1 -8.61386E1 -1.07426E2
-9999 -9999 -9999 -9999 -9999 -9999 -9999 -9999 -9999 -9999 -9999 -9999 -9999 -9999 -9999 -9999 -9999 -9999 -9999 -9999 -9999 -9999 -9999 -9999 -9999 -7.66564E1 -7.54908E1 -6.92638E1 -7.83742E1 -8E1 -9.02147E1 -1.01485E2 -1.02475E2 -1.09406E2 -1.10891E2 -1.11386E2 -9.03067E1 -8.90491E1 -8.66337E1 -9.11963E1 -1.03465E2 -1.08911E2 -1.0297E2 -8.71287E1 -1.03465E2 -1.13861E2 -8.61963E1 -1.17327E2 -1.07426E2 -1.06436E2 -1.17327E2 -1.17327E2 -9.15842E1 -9.15842E1 -9.25743E1 -9.25743E1 -1.06931E2 -1.08911E2 -1.09901E2 -1.08911E2 -1.11386E2 -1.09901E2 -8.66337E1 -8.71287E1 -7.17822E1 -7.17822E1 -7.62376E1 -7.52475E1
-9999 -9999 -9999 -9999 -9999 -9999 -9999 -9999 -9999 -9999 -9999 -9999 -9999 -9999 -9999 -9999 -9999 -9999 -9999 -9999 -9999 -9999 -9999 -9999 -9999 -7.81288E1 -7.64724E1 -6.97546E1 -7.83436E1 -8.93865E1 -1.07921E2 -9.9505E1 -8.36634E1 -8.41584E1 -1.00495E2 -1.10396E2 -8.46535E1 -1.02475E2 -1.02475E2 -1.09406E2 -8.59816E1 -9.04908E1 -1.09406E2 -1.12871E2 -1.0297E2 -1.0396E2 -8.79448E1 -1.17327E2 -1.06436E2 -1.0495E2 -1.05941E2 -1.05941E2 -1.06931E2 -1.07426E2 -1.06436E2 -1.07426E2 -1.06436E2 -1.07921E2 -1.08416E2 -1.09901E2 -1.09406E2 -1.09406E2 -8.56436E1 -8.66337E1 -7.22772E1 -6.38037E1 -7.17822E1 -7.12871E1
-9999 -9999 -9999 -9999 -9999 -9999 -9999 -9999 -9999 -9999 -9999 -9999 -9999 -9999 -9999 -9999 -9999 -9999 -9999 -9999 -9999 -9999 -9999 -9999 -9999 -8.46626E1 -1.0396E2 -8.1411E1 -7.7454E1 -1.05941E2 -1E2 -8.38344E1 -8.31683E1 -8.26733E1 -9.90099E1 -1E2 -9.60396E1 -9.60396E1 -8.8589E1 -8.76687E1 -1.0198E2 -1.02475E2 -1.07426E2 -1.09406E2 -1.0297E2 -9.42331E1 -1.16832E2 -1.16832E2 -1.05941E2 -9.18712E1 -1.06436E2 -1.06436E2 -1.17822E2 -1.18317E2 -1.17327E2 -1.18812E2 -1.07426E2 -1.07426E2 -1.20297E2 -9.40594E1 -8.61386E1 -7.25767E1 -8.56436E1 -7.71472E1 -5.81902E1 -6.05215E1 -6.73313E1 -7.23313E1
-9999 -9999 -9999 -9999 -9999 -9999 -9999 -9999 -9999 -9999 -9999 -9999 -9999 -9999 -9999 -9999 -9999 -9999 -9999 -9999 -9999 -9999 -9999 -9999 -9999 -8.06135E1 -1.0396E2 -9.65347E1 -8.0198E1 -1.07426E2 -9.9505E1 -8.74233E1 -8.21782E1 -9.90099E1 -9.90099E1 -8.21782E1 -7.00307E1 -7.7362E1 -8.03988E1 -8.66564E1 -8.68712E1 -8.48159E1 -7.92638E1 -1.0198E2 -1.00495E2 -1.0495E2 -1.0495E2 -1.14851E2 -1.0396E2 -9.28834E1 -1.05941E2 -1.06931E2 -1.18317E2 -7.70245E1 -1.13366E2 -1.06931E2 -1.17822E2 -1.06436E2 -9.40594E1 -9.35644E1 -7.0297E1 -7.40184E1 -6.20552E1 -6.1227E1 -6.14724E1 -6.20552E1 -6.62883E1 -7.38037E1
-9999 -9999 -9999 -9999 -9999 -9999 -9999 -9999 -9999 -9999 -9999 -9999 -9999 -9999 -9999 -9999 -9999 -9999 -9999 -9999 -9999 -9999 -9999 -9999 -1.02475E2 -1.04455E2 -9.75247E1 -9.65347E1 -7.85583E1 -9.85149E1 -1.07921E2 -9.85149E1 -9.9505E1 -9.90099E1 -1.08416E2 -9.90099E1 -9.90099E1 -7.76074E1 -8.05521E1 -8.18405E1 -1.06436E2 -9.35644E1 -8.39571E1 -8.64417E1 -1.00495E2 -1.08911E2 -1.15842E2 -1.04455E2 -1.04455E2 -1.04455E2 -8.91089E1 -1.06436E2 -1.06436E2 -1.0495E2 -9.10891E1 -9.10891E1 -1.05941E2 -9.10891E1 -9.40594E1 -7.47546E1 -7.31902E1 -6.93252E1 -6.63366E1 -5.79755E1 -6.26994E1 -6.71472E1 -7.12871E1 -8.51485E1
-9999 -9999 -9999 -9999 -9999 -9999 -9999 -9999 -9999 -9999 -9999 -9999 -9999 -9999 -9999 -9999 -9999 -9999 -9999 -9999 -9999 -9999 -9999 -9999 -9.60396E1 -9.70297E1 -8.08589E1 -8.03681E1 -7.9703E1 -7.36503E1 -1.07426E2 -1.07426E2 -9.90099E1 -1.08416E2 -1.05941E2 -1.08416E2 -8.20859E1 -7.96012E1 -7.62577E1 -7.55828E1 -9.90099E1 -8.68098E1 -8.51227E1 -1E2 -8.16871E1 -1.15347E2 -1.15347E2 -1.0396E2 -1.03465E2 -9.33129E1 -1.05446E2 -1.05446E2 -1.05446E2 -1.05941E2 -9.0099E1 -8.86139E1 -8.71287E1 -7.66564E1 -7.71166E1 -7.27723E1 -7.27723E1 -7.32673E1 -6.0396E1 -7.22772E1 -7.22086E1 -7.12871E1 -8.46535E1 -8.41584E1
-9999 -9999 -9999 -9999 -9999 -9999 -9999 -9999 -9999 -9999 -9999 -9999 -9999 -9999 -9999 -9999 -9999 -9999 -9999 -9999 -9999 -9999 -9999 -9999 -8.65031E1 -7.75767E1 -8.51534E1 -8.26687E1 -7.89264E1 -7.54601E1 -8.07055E1 -9.75247E1 -9.75247E1 -9.80198E1 -8.90184E1 -8.32822E1 -7.88344E1 -7.7638E1 -7.60123E1 -7.4908E1 -9.85149E1 -8.7454E1 -8.45092E1 -1.12871E2 -1.08416E2 -1.08416E2 -1.08416E2 -8.66564E1 -1.03465E2 -1.0396E2 -1.15347E2 -8.91089E1 -8.91089E1 -8.86139E1 -8.9604E1 -1.0495E2 -8.0198E1 -8.11881E1 -8.11881E1 -6.69632E1 -6.89264E1 -6.58416E1 -7.22772E1 -8.46535E1 -7.3773E1 -7.37117E1 -8.51485E1 -7.74847E1
-9999 -9999 -9999 -9999 -9999 -9999 -9999 -9999 -9999 -9999 -9999 -9999 -9999 -9999 -9999 -9999 -9999 -9999 -9999 -9999 -9999 -9999 -9999 -9999 -8.69632E1 -9.55446E1 -8.7454E1 -8.51227E1 -8.21166E1 -7.80675E1 -7.66258E1 -8.72086E1 -8.0092E1 -8.11656E1 -8.52454E1 -8.21779E1 -7.8865E1 -7.7638E1 -7.55521E1 -7.1319E1 -9.85149E1 -1.0099E2 -1.11881E2 -1.0495E2 -1.13366E2 -9.09509E1 -8.89264E1 -9.14417E1 -1.14356E2 -8.66337E1 -1.03465E2 -8.81188E1 -8.81188E1 -1.04455E2 -1.04455E2 -8.03067E1 -7.66871E1 -7.30675E1 -7.87129E1 -8.17485E1 -7.86503E1 -8.71287E1 -7.17822E1 -7.27607E1 -8.46535E1 -8.51485E1 -8.9604E1 -8.41584E1
-9999 -9999 -9999 -9999 -9999 -9999 -9999 -9999 -9999 -9999 -9999 -9999 -9999 -9999 -9999 -9999 -9999 -9999 -9999 -9999 -9999 -9999 -9999 -8.92638E1 -9.35644E1 -8.59816E1 -8.69632E1 -8.92638E1 -9.01227E1 -1.05446E2 -1.05941E2 -9.04601E1 -8.15951E1 -1.06931E2 -9.45545E1 -8.44479E1 -7.66871E1 -7.46626E1 -7.60123E1 -7.57055E1 -8.29141E1 -1.10891E2 -1.11881E2 -1.05446E2 -1.05941E2 -1.13861E2 -1.03465E2 -1.02475E2 -8.61386E1 -8.61386E1 -8.71287E1 -8.76238E1 -8.81188E1 -8.86139E1 -1.05446E2 -7.92025E1 -8.2638E1 -7.95399E1 -7.80982E1 -7.93865E1 -7.42331E1 -8.31683E1 -8.46535E1 -8.46535E1 -9.10891E1 -9.15842E1 -8.46535E1 -8.36634E1
-9999 -9999 -9999 -9999 -9999 -9999 -9999 -9999 -9999 -9999 -9999 -9999 -9999 -9999 -9999 -9999 -9999 -9999 -9999 -9999 -9999 -9999 -9999 -9.30693E1 -9.35644E1 -1.02475E2 -8.65951E1 -8.69325E1 -8.42025E1 -9.05828E1 -1.04455E2 -1.04455E2 -1.05446E2 -7.91104E1 -7.85276E1 -8.45092E1 -7.5E1 -7.6135E1 -7.84049E1 -7.84969E1 -8.65031E1 -9.02147E1 -9.01534E1 -1.05446E2 -1.05941E2 -1.12871E2 -1.13366E2 -8.51485E1 -8.56436E1 -8.56436E1 -8.71287E1 -8.61386E1 -8.61386E1 -1.0198E2 -1.0396E2 -8.13804E1 -7.8681E1 -7.81902E1 -7.35276E1 -7.6135E1 -7.18712E1 -1.0297E2 -8.46535E1 -7.20859E1 -8.41584E1 -1.05446E2 -7.30675E1 -7.07921E1
-9999 -9999 -9999 -9999 -9999 -9999 -9999 -9999 -9999 -9999 -9999 -9999 -9999 -9999 -9999 -9999 -9999 -9999 -9999 -9999 -9999 -9999 -9999 -9.30693E1 -9.50495E1 -7.3589E1 -7.7454E1 -7.73006E1 -8.68405E1 -9.03374E1 -9.01841E1 -8.94172E1 -1.0495E2 -1.05446E2 -9.55446E1 -1.06436E2 -7.50613E1 -7.44479E1 -8.20859E1 -7.75767E1 -7.92945E1 -9E1 -1.11386E2 -1.10891E2 -1.05446E2 -1.00495E2 -1.0099E2 -8.46535E1 -7.70552E1 -8.46535E1 -1.01485E2 -1.0198E2 -8.46535E1 -1.02475E2 -1.08416E2 -1.08911E2 -7.96012E1 -7.71472E1 -7.14417E1 -7.33129E1 -7.55521E1 -8.86139E1 -8.36634E1 -8.41584E1 -1.04455E2 -1.0495E2 -8.31683E1 -8.31683E1
-9999 -9999 -9999 -9999 -9999 -9999 -9999 -9999 -9999 -9999 -9999 -9999 -9999 -9999 -9999 -9999 -9999 -9999 -9999 -9999 -9999 -9999 -9999 -8.63804E1 -7.58589E1 -7.1319E1 -7.37624E1 -9.30693E1 -9.03067E1 -9.35583E1 -8.90184E1 -9.75247E1 -9.40594E1 -8.61043E1 -9.50495E1 -7.14417E1 -1.06436E2 -9.75247E1 -9.75247E1 -8.08589E1 -7.36503E1 -8.70859E1 -1.09901E2 -1.10891E2 -1.10891E2 -9.90099E1 -8.26733E1 -8.36634E1 -8.31683E1 -8.36196E1 -8.48159E1 -1.00495E2 -8.51485E1 -1.0297E2 -7.98466E1 -7.80675E1 -7.52147E1 -7.95092E1 -7.75153E1 -7.92945E1 -1.05941E2 -8.81188E1 -7.39264E1 -8.46535E1 -8.41584E1 -8.41584E1 -8.31683E1 -8.36634E1
-9999 -9999 -9999 -9999 -9999 -9999 -9999 -9999 -9999 -9999 -9999 -9999 -9999 -9999 -9999 -9999 -9999 -9999 -9999 -9999 -9999 -9999 -9999 -9.40594E1 -7.92025E1 -8.82515E1 -9.18405E1 -8.8681E1 -9.30693E1 -1.03465E2 -7.81902E1 -7.84356E1 -9.40594E1 -8.49693E1 -8.53988E1 -1.05446E2 -1.04455E2 -9.70297E1 -7.87423E1 -1.05446E2 -1.05941E2 -1.09901E2 -9.80198E1 -9.19939E1 -8.31683E1 -8.26733E1 -8.51841E1 -8.36634E1 -8.26733E1 -8.26733E1 -8.73926E1 -8.36634E1 -9.10891E1 -9.15842E1 -7.30982E1 -7.46933E1 -7.51227E1 -8.56436E1 -7.51534E1 -7.3589E1 -8.26733E1 -8.26733E1 -7.12871E1 -7.36503E1 -7.46933E1 -8.31683E1 -8.36634E1 -7.36503E1
-9999 -9999 -9999 -9999 -9999 -9999 -9999 -9999 -9999 -9999 -9999 -9999 -9999 -9999 -9999 -9999 -9999 -9999 -9999 -9999 -9999 -9999 -9.05941E1 -6.69018E1 -6.97546E1 -7.10123E1 -1.01485E2 -7.21472E1 -1.02475E2 -1.0297E2 -1.0297E2 -9.30693E1 -7.7638E1 -8.24233E1 -8.49693E1 -9.40594E1 -1.05446E2 -8.31902E1 -8.32209E1 -7.94479E1 -7.79755E1 -7.9703E1 -8.46012E1 -8.05215E1 -9.70297E1 -8.11656E1 -8.41584E1 -8.12883E1 -9.85149E1 -1.05941E2 -1.11386E2 -1.13861E2 -8.60736E1 -7.94785E1 -7.25767E1 -7.22772E1 -6.43865E1 -7.22772E1 -7.19325E1 -7.17822E1 -7.12883E1 -8.16832E1 -7.78528E1 -7.3865E1 -8.31683E1 -8.36634E1 -8.41584E1 -8.41584E1
-9999 -9999 -9999 -9999 -9999 -9999 -9999 -9999 -9999 -9999 -9999 -9999 -9999 -9999 -9999 -9999 -9999 -9999 -9999 -9999 -9999 -9999 -7.97239E1 -7.53067E1 -6.18405E1 -6.77914E1 -9.20792E1 -8.39877E1 -1.0297E2 -9.25743E1 -7.78834E1 -7.82209E1 -8.28834E1 -8.46319E1 -8.5E1 -9.40594E1 -9.40594E1 -8.66871E1 -8.30061E1 -8.51841E1 -8.43558E1 -8.15951E1 -9.60396E1 -8.53988E1 -8.52454E1 -8.30982E1 -7.67178E1 -7.64417E1 -7.22699E1 -9.75247E1 -8.20552E1 -1.11881E2 -8.43558E1 -8.34356E1 -7.46319E1 -7.52147E1 -7.27723E1 -7.22772E1 -7.0297E1 -6.97853E1 -8.16832E1 -8.51485E1 -1.06931E2 -8.26733E1 -1.01485E2 -1.07426E2 -1.07921E2 -7.17822E1
-9999 -9999 -9999 -9999 -9999 -9999 -9999 -9999 -9999 -9999 -9999 -9999 -9999 -9999 -9999 -9999 -9999 -9999 -9999 -9999 -9999 -9.75247E1 -9.80198E1 -7.3865E1 -6.64724E1 -6.63804E1 -6.72086E1 -7.13497E1 -7.34356E1 -1.0198E2 -9.15842E1 -7.83129E1 -8.84049E1 -8.7454E1 -8.73926E1 -8.62577E1 -9.35644E1 -8.51534E1 -7.37423E1 -7.44479E1 -7.9703E1 -7.62376E1 -9.50495E1 -8.84969E1 -8.34969E1 -7.74847E1 -7.0297E1 -7.46012E1 -7.95705E1 -1.0495E2 -7.69632E1 -8.32515E1 -8.6411E1 -8.85276E1 -1.07921E2 -1.07921E2 -9.15842E1 -7.22772E1 -7.03067E1 -6.88037E1 -8.41584E1 -8.66337E1 -1.13861E2 -1.0099E2 -1.01485E2 -1.07921E2 -1.07921E2 -7.17822E1
-9999 -9999 -9999 -9999 -9999 -9999 -9999 -9999 -9999 -9999 -9999 -9999 -9999 -9999 -9999 -9999 -9999 -9999 -9999 -9999 -9999 -8.76238E1 -9.80198E1 -7.84049E1 -6.74847E1 -6.50613E1 -6.69018E1 -7.69325E1 -7.8681E1 -1.0198E2 -9.10891E1 -9.15842E1 -8.8773E1 -8.88344E1 -8.83436E1 -8.77914E1 -9.35644E1 -8.72393E1 -9.40594E1 -7.89264E1 -7.9703E1 -8.12577E1 -7.62376E1 -7.72086E1 -7.99387E1 -8.41104E1 -7.41411E1 -7.33436E1 -8.22393E1 -9.70297E1 -1.04455E2 -8.87423E1 -8.72393E1 -8.8589E1 -1.13366E2 -7.76994E1 -7.83742E1 -7.01841E1 -6.88119E1 -6.93069E1 -7.0297E1 -8.66337E1 -1.06931E2 -1.06931E2 -1.0099E2 -1.0198E2 -1.0198E2 -7.27723E1
-9999 -9999 -9999 -9999 -9999 -9999 -9999 -9999 -9999 -9999 -9999 -9999 -9999 -9999 -9999 -9999 -9999 -9999 -9999 -9999 -9999 -8.76238E1 -9.55446E1 -9.07055E1 -8.81188E1 -8.86139E1 -6.89571E1 -9.05941E1 -9.10891E1 -9.39571E1 -9.42638E1 -9.29448E1 -8.89877E1 -9.1319E1 -9.08589E1 -9.31595E1 -9.25767E1 -9.16258E1 -8.85583E1 -8.8865E1 -8.36503E1 -7.62883E1 -7.99693E1 -7.32209E1 -8.24847E1 -8.33436E1 -7.48466E1 -7.42945E1 -9.45545E1 -9.50495E1 -8.28528E1 -8.84663E1 -8.64724E1 -8.72393E1 -1.12376E2 -7.89877E1 -6.96012E1 -6.83129E1 -6.88119E1 -6.93069E1 -7.43865E1 -7.12871E1 -1.06436E2 -8.41584E1 -8.36634E1 -1.0099E2 -8.46535E1 -8.76238E1
-9999 -9999 -9999 -9999 -9999 -9999 -9999 -9999 -9999 -9999 -9999 -9999 -9999 -9999 -9999 -9999 -9999 -9999 -9999 -9999 -9999 -9.70297E1 -8.76238E1 -7.99693E1 -8.86139E1 -9.85149E1 -9.85149E1 -8.86139E1 -8.9604E1 -8.6135E1 -8.77301E1 -9.37117E1 -9.03681E1 -8.99693E1 -9.03374E1 -1.0297E2 -8.95092E1 -8.92638E1 -8.88037E1 -8.60736E1 -8.58896E1 -8.0092E1 -8.26994E1 -8.11656E1 -8.29141E1 -8.43558E1 -9.40594E1 -9.45545E1 -9.45545E1 -8.57975E1 -9.75247E1 -8.7546E1 -9.09816E1 -8.84356E1 -8.58589E1 -7.3773E1 -9999 -5.77301E1 -6.64724E1 -7.49387E1 -7.07921E1 -6.9802E1 -7.07921E1 -7.17822E1 -8.41584E1 -8.51485E1 -8.46535E1 -8.41584E1
-9999 -9999 -9999 -9999 -9999 -9999 -9999 -9999 -9999 -9999 -9999 -9999 -9999 -9999 -9999 -9999 -9999 -9999 -9999 -9999 -8.56442E1 -8.39264E1 -8.19632E1 -7.81902E1 -6.7362E1 -7.61656E1 -8.71287E1 -7.84049E1 -7.78528E1 -8.06442E1 -8.9604E1 -9.38957E1 -9.5E1 -1.02475E2 -9.10891E1 -9.18405E1 -8.92025E1 -7.61963E1 -8.65951E1 -8.60123E1 -8.74847E1 -8.8773E1 -8.26074E1 -8.37423E1 -7.58896E1 -7.90798E1 -8.48159E1 -8.5E1 -9.40594E1 -9.40594E1 -9.65347E1 -8.70859E1 -9.07362E1 -9.22086E1 -7.87117E1 -9999 -6.05215E1 -6.1319E1 -6.93069E1 -7.0297E1 -1.08911E2 -6.61963E1 -6.9802E1 -7.00307E1 -1.08911E2 -1.08911E2 -7.22772E1 -8.36634E1
-9999 -9999 -9999 -9999 -9999 -9999 -9999 -9999 -9999 -9999 -9999 -9999 -9999 -9999 -9999 -9999 -9999 -9999 -9999 -9999 -9.50495E1 -9.50495E1 -9.70297E1 -9.60396E1 -6.48159E1 -6.88344E1 -8.66337E1 -8.71287E1 -8.76238E1 -8.76238E1 -7.46933E1 -1.0099E2 -1.01485E2 -1.01485E2 -9.38957E1 -9.03988E1 -8.59509E1 -8E1 -8.39264E1 -8.66871E1 -8.93865E1 -8.62577E1 -8.26994E1 -8.13497E1 -8.38344E1 -9.30693E1 -8.35276E1 -8.52761E1 -9.16564E1 -1.07426E2 -1.08416E2 -9.14724E1 -8.04295E1 -1.05446E2 -8E1 -6.85583E1 -5.4816E1 -5.79208E1 -6.54908E1 -1.07921E2 -1.07426E2 -7.0297E1 -6.99387E1 -7.17822E1 -1.12871E2 -9.9505E1 -9.90099E1 -8.36634E1
-9999 -9999 -9999 -9999 -9999 -9999 -9999 -9999 -9999 -9999 -9999 -9999 -9999 -9999 -9999 -9999 -9999 -9999 -9999 -9999 -9.45545E1 -9.60396E1 -8.51485E1 -8.73006E1 -9.35644E1 -6.86196E1 -8.23926E1 -8.40798E1 -8.33129E1 -8.78528E1 -9.09202E1 -9.20245E1 -1.00495E2 -8.99693E1 -8.97239E1 -8.7362E1 -8.49387E1 -8.39264E1 -8.39571E1 -8.81595E1 -8.72699E1 -8.95092E1 -9.10891E1 -9.15842E1 -1.0297E2 -9.30693E1 -9.30693E1 -9.40594E1 -9.45545E1 -1.08416E2 -8.60736E1 -8.41411E1 -8.56442E1 -8.31288E1 -8.07669E1 -9999 -6.0396E1 -7.37624E1 -8.26733E1 -9.70297E1 -8.51485E1 -7.31288E1 -1.06931E2 -1.05941E2 -1.08911E2 -9.85149E1 -8.31683E1 -8.31683E1
-9999 -9999 -9999 -9999 -9999 -9999 -9999 -9999 -9999 -9999 -9999 -9999 -9999 -9999 -9999 -9999 -9999 -9999 -9999 -9999 -9.50495E1 -9.55446E1 -9.60396E1 -8.61963E1 -8.46535E1 -7.30061E1 -8.44785E1 -8.16564E1 -8.1135E1 -8.41411E1 -8.79141E1 -8.76238E1 -8.86139E1 -8.91089E1 -8.9604E1 -8.75153E1 -8.86196E1 -8.65337E1 -9.05941E1 -8.66564E1 -8.45092E1 -8.26074E1 -8.48159E1 -8.44479E1 -1.03465E2 -9.20792E1 -1.03465E2 -1.06436E2 -1.06931E2 -8.64417E1 -8.08896E1 -8.6135E1 -8.15951E1 -1.06931E2 -7.81288E1 -7.20552E1 -7.32673E1 -9999 -8.86139E1 -1.04455E2 -7.07921E1 -7.26074E1 -8.46535E1 -8.86139E1 -8.46535E1 -8.36634E1 -8.21782E1 -9.80198E1
-9999 -9999 -9999 -9999 -9999 -9999 -9999 -9999 -9999 -9999 -9999 -9999 -9999 -9999 -9999 -9999 -9999 -9999 -9999 -9999 -9.45545E1 -9.50495E1 -9.45545E1 -8.38037E1 -9.40594E1 -8.56436E1 -8.07055E1 -8.51485E1 -8.19325E1 -8.42638E1 -8.7454E1 -8.66337E1 -7.90798E1 -8.71287E1 -1.00495E2 -8.86139E1 -8.91411E1 -8.82822E1 -8.65644E1 -9.0099E1 -9.0099E1 -9.0099E1 -9.50495E1 -1.0297E2 -1.05446E2 -1.05446E2 -1.0396E2 -1.06436E2 -1.06436E2 -8.56748E1 -8.19018E1 -8.42025E1 -8.08589E1 -7.67791E1 -8.04601E1 -7.17822E1 -9999 -5.09509E1 -6.38614E1 -7.11043E1 -7.12871E1 -7.12883E1 -1.05941E2 -1.05941E2 -8.41584E1 -8.41584E1 -8.41584E1 -1.04455E2
-9999 -9999 -9999 -9999 -9999 -9999 -9999 -9999 -9999 -9999 -9999 -9999 -9999 -9999 -9999 -9999 -9999 -9999 -9999 -9999 -8.48466E1 -8.01841E1 -8.1227E1 -8.41584E1 -8.46535E1 -8.47546E1 -8.89571E1 -8.51485E1 -8.01534E1 -8.56436E1 -9.75247E1 -9.0092E1 -8.04908E1 -8.23006E1 -9.9505E1 -8.8681E1 -8.86139E1 -8.91089E1 -8.91089E1 -8.91089E1 -8.40798E1 -8.54295E1 -1.0297E2 -8.61963E1 -8.47853E1 -8.29141E1 -8.52147E1 -8.98159E1 -8.66564E1 -8.69325E1 -7.85583E1 -7.80982E1 -7.69632E1 -8.2362E1 -8.10123E1 -7.37624E1 -5.7454E1 -6.63366E1 -6.58416E1 -6.7454E1 -6.62883E1 -7.12871E1 -7.17822E1 -8.91089E1 -7.07921E1 -7.0297E1 -4.59202E1 -5.54601E1
