ENM/Final_Models/M_1_F_lqp_Set_1_E/Gustavia_santanderiensis_5_Choco_novel.asc
ncols         367
nrows         963
xllcorner     -78.6
yllcorner     0.65
cellsize      0.00833333333333323
NODATA_value  -9999
[rows 90 to 119 of 963, columns 204 to 271 of 367]
-9999 -9999 -9999 -9999 -9999 -9999 -9999 -9999 -9999 -9999 -9999 -9999 -9999 -9999 -9999 -9999 -9999 -9999 -9999 -9999 -9999 -9999 -9999 -9999 -9999 -9999 -9999 -9999 -9999 -9999 -9999 -9999 -9999 -9999 -9999 -9999 -9999 -9999 -9999 4.21158E0 2.87425E0 3.61277E0 4.21158E0 4.21158E0 4.79042E0 4.21158E0 6.30739E0 6.30739E0 5.5489E0 4.79042E0 4.21158E0 5.5489E0 5.5489E0 5.5489E0 4.79042E0 4.79042E0 5.5489E0 -9999 -9999 -9999 -9999 -9999 -9999 -9999 -9999 -9999 -9999 -9999
-9999 -9999 -9999 -9999 -9999 -9999 -9999 -9999 -9999 -9999 -9999 -9999 -9999 -9999 -9999 -9999 -9999 -9999 -9999 -9999 -9999 -9999 5.5489E0 -9999 -9999 -9999 -9999 -9999 -9999 -9999 -9999 -9999 -9999 -9999 -9999 -9999 -9999 -9999 -9999 4.79042E0 4.21158E0 3.61277E0 4.21158E0 4.21158E0 4.21158E0 4.79042E0 6.30739E0 7.00599E0 5.5489E0 4.79042E0 4.79042E0 5.5489E0 5.5489E0 4.79042E0 4.79042E0 5.5489E0 -9999 -9999 -9999 -9999 -9999 -9999 -9999 -9999 -9999 -9999 -9999 -9999
-9999 -9999 -9999 -9999 -9999 -9999 -9999 -9999 -9999 -9999 -9999 -9999 -9999 -9999 -9999 -9999 -9999 -9999 -9999 -9999 -9999 -9999 5.5489E0 -9999 -9999 -9999 -9999 -9999 -9999 -9999 -9999 -9999 -9999 -9999 -9999 -9999 -9999 -9999 -9999 4.21158E0 1.89621E0 3.33333E0 4.21158E0 4.21158E0 4.21158E0 4.79042E0 5.5489E0 6.30739E0 5.5489E0 4.79042E0 5.5489E0 4.79042E0 5.5489E0 5.5489E0 4.79042E0 4.79042E0 -9999 -9999 -9999 -9999 -9999 -9999 -9999 -9999 -9999 -9999 -9999 -9999
-9999 -9999 -9999 -9999 -9999 -9999 -9999 -9999 -9999 -9999 -9999 -9999 -9999 -9999 -9999 -9999 -9999 -9999 -9999 -9999 -9999 5.5489E0 5.5489E0 5.5489E0 -9999 -9999 -9999 -9999 -9999 -9999 -9999 -9999 -9999 -9999 -9999 -9999 -9999 -9999 -9999 4.79042E0 4.21158E0 4.21158E0 4.21158E0 4.21158E0 4.79042E0 5.5489E0 5.5489E0 6.30739E0 5.5489E0 5.5489E0 4.79042E0 5.5489E0 5.5489E0 5.5489E0 5.5489E0 -9999 -9999 -9999 -9999 -9999 -9999 -9999 -9999 -9999 -9999 -9999 -9999 -9999
-9999 -9999 -9999 -9999 -9999 -9999 -9999 -9999 -9999 -9999 -9999 -9999 -9999 -9999 -9999 -9999 -9999 -9999 -9999 -9999 5.5489E0 5.5489E0 5.5489E0 6.30739E0 6.30739E0 -9999 -9999 -9999 -9999 -9999 -9999 -9999 -9999 -9999 -9999 -9999 -9999 -9999 2.11577E0 -9999 2.29541E0 2.61477E0 4.21158E0 4.79042E0 4.79042E0 4.79042E0 5.5489E0 7.00599E0 6.30739E0 5.5489E0 4.79042E0 5.5489E0 5.5489E0 5.5489E0 6.30739E0 -9999 -9999 -9999 -9999 -9999 -9999 -9999 -9999 -9999 -9999 -9999 -9999 -9999
-9999 -9999 -9999 -9999 -9999 -9999 -9999 -9999 -9999 -9999 -9999 -9999 -9999 -9999 -9999 -9999 -9999 -9999 -9999 4.79042E0 5.5489E0 5.5489E0 6.30739E0 6.30739E0 6.30739E0 6.30739E0 -9999 -9999 -9999 -9999 -9999 -9999 -9999 -9999 -9999 -9999 -9999 -9999 -9999 -9999 4.21158E0 2.87425E0 4.21158E0 3.37325E0 5.5489E0 5.5489E0 6.30739E0 6.30739E0 5.5489E0 5.5489E0 5.5489E0 6.30739E0 7.00599E0 7.00599E0 6.30739E0 -9999 -9999 -9999 -9999 -9999 -9999 -9999 -9999 -9999 -9999 -9999 -9999 -9999
-9999 -9999 -9999 -9999 -9999 -9999 -9999 -9999 -9999 -9999 -9999 -9999 -9999 -9999 -9999 -9999 -9999 4.79042E0 5.5489E0 5.5489E0 5.5489E0 6.30739E0 6.30739E0 6.30739E0 6.30739E0 7.00599E0 7.00599E0 -9999 -9999 -9999 -9999 -9999 -9999 -9999 -9999 -9999 -9999 -9999 -9999 -9999 4.21158E0 4.21158E0 4.21158E0 4.21158E0 4.79042E0 5.5489E0 6.30739E0 5.5489E0 5.5489E0 6.30739E0 5.5489E0 7.00599E0 7.94411E0 7.00599E0 5.5489E0 -9999 -9999 -9999 -9999 -9999 -9999 -9999 -9999 -9999 -9999 -9999 -9999 -9999
-9999 -9999 -9999 -9999 -9999 -9999 -9999 -9999 -9999 -9999 -9999 -9999 -9999 -9999 4.79042E0 5.5489E0 5.5489E0 5.5489E0 5.5489E0 5.5489E0 6.30739E0 6.30739E0 6.30739E0 6.30739E0 7.00599E0 7.00599E0 7.00599E0 7.94411E0 -9999 -9999 -9999 -9999 -9999 -9999 -9999 -9999 -9999 -9999 -9999 4.79042E0 4.21158E0 4.21158E0 4.79042E0 4.79042E0 4.79042E0 5.5489E0 7.00599E0 5.5489E0 5.5489E0 5.5489E0 5.5489E0 7.00599E0 7.94411E0 7.00599E0 -9999 -9999 -9999 -9999 -9999 -9999 -9999 -9999 -9999 -9999 -9999 -9999 -9999 -9999
-9999 -9999 -9999 -9999 -9999 -9999 -9999 -9999 -9999 -9999 -9999 4.79042E0 4.79042E0 4.79042E0 4.79042E0 5.5489E0 5.5489E0 6.30739E0 6.30739E0 6.30739E0 6.30739E0 6.30739E0 7.00599E0 7.00599E0 7.00599E0 7.00599E0 7.00599E0 7.94411E0 7.94411E0 -9999 -9999 -9999 -9999 -9999 -9999 -9999 -9999 -9999 -9999 4.79042E0 4.21158E0 4.21158E0 4.21158E0 4.21158E0 4.79042E0 5.5489E0 6.30739E0 6.30739E0 5.5489E0 5.5489E0 5.5489E0 7.00599E0 7.94411E0 -9999 -9999 -9999 -9999 -9999 -9999 -9999 -9999 -9999 -9999 -9999 -9999 -9999 -9999 -9999
-9999 -9999 -9999 -9999 -9999 -9999 -9999 -9999 4.79042E0 4.79042E0 4.79042E0 4.79042E0 4.79042E0 5.5489E0 5.5489E0 4.79042E0 6.30739E0 6.30739E0 6.30739E0 6.30739E0 6.30739E0 7.00599E0 7.00599E0 7.00599E0 7.00599E0 7.00599E0 7.00599E0 7.94411E0 7.94411E0 7.94411E0 -9999 -9999 -9999 -9999 -9999 -9999 -9999 -9999 -9999 3.87226E0 4.21158E0 4.21158E0 4.21158E0 4.21158E0 4.79042E0 6.30739E0 5.5489E0 5.5489E0 5.5489E0 5.5489E0 6.30739E0 7.00599E0 7.00599E0 -9999 -9999 -9999 -9999 -9999 -9999 -9999 -9999 -9999 -9999 -9999 -9999 -9999 -9999 -9999
-9999 6.30739E0 5.5489E0 5.5489E0 4.79042E0 4.79042E0 4.79042E0 4.79042E0 4.79042E0 4.21158E0 4.79042E0 5.5489E0 5.5489E0 5.5489E0 5.5489E0 5.5489E0 6.30739E0 6.30739E0 6.30739E0 7.00599E0 7.00599E0 7.00599E0 7.00599E0 7.00599E0 7.00599E0 7.94411E0 7.94411E0 7.94411E0 7.94411E0 7.94411E0 7.94411E0 -9999 -9999 -9999 -9999 -9999 -9999 -9999 -9999 3.87226E0 1.21756E0 4.21158E0 4.21158E0 4.79042E0 4.79042E0 6.30739E0 6.30739E0 5.5489E0 4.79042E0 5.5489E0 7.00599E0 7.00599E0 6.30739E0 -9999 -9999 -9999 -9999 -9999 -9999 -9999 -9999 -9999 -9999 -9999 -9999 -9999 -9999 -9999
7.00599E0 6.30739E0 5.5489E0 5.5489E0 5.5489E0 4.79042E0 4.79042E0 4.79042E0 4.79042E0 4.21158E0 5.5489E0 5.5489E0 5.5489E0 5.5489E0 5.5489E0 5.5489E0 6.30739E0 6.30739E0 7.00599E0 7.00599E0 7.00599E0 7.00599E0 7.00599E0 7.00599E0 7.00599E0 7.94411E0 7.94411E0 7.94411E0 7.94411E0 7.94411E0 7.94411E0 7.00599E0 -9999 -9999 -9999 -9999 -9999 -9999 -9999 -9999 4.21158E0 4.21158E0 3.37325E0 4.79042E0 4.79042E0 6.30739E0 6.30739E0 5.5489E0 5.5489E0 6.30739E0 7.94411E0 7.00599E0 7.00599E0 5.5489E0 -9999 -9999 -9999 -9999 -9999 -9999 -9999 -9999 -9999 -9999 -9999 -9999 -9999 -9999
7.00599E0 6.30739E0 5.5489E0 5.5489E0 5.5489E0 5.5489E0 4.21158E0 4.79042E0 4.21158E0 4.21158E0 5.5489E0 5.5489E0 5.5489E0 6.30739E0 5.5489E0 6.30739E0 6.30739E0 6.30739E0 7.00599E0 7.00599E0 7.00599E0 7.00599E0 7.00599E0 7.94411E0 7.94411E0 7.94411E0 7.94411E0 7.94411E0 7.94411E0 7.94411E0 7.00599E0 7.00599E0 7.00599E0 -9999 -9999 -9999 -9999 -9999 -9999 -9999 4.79042E0 4.79042E0 4.79042E0 2.95409E0 4.79042E0 5.40918E0 6.30739E0 5.5489E0 5.5489E0 7.00599E0 7.94411E0 7.00599E0 6.30739E0 -9999 -9999 -9999 -9999 -9999 -9999 -9999 -9999 -9999 -9999 -9999 -9999 -9999 -9999 -9999
6.30739E0 6.30739E0 5.5489E0 5.5489E0 5.5489E0 5.5489E0 4.79042E0 4.79042E0 4.79042E0 4.79042E0 4.79042E0 4.79042E0 4.79042E0 5.5489E0 5.5489E0 6.30739E0 7.00599E0 7.00599E0 7.00599E0 7.00599E0 7.00599E0 7.00599E0 7.94411E0 7.94411E0 7.94411E0 7.94411E0 7.94411E0 7.94411E0 7.94411E0 7.94411E0 7.00599E0 7.00599E0 7.00599E0 6.30739E0 6.30739E0 -9999 -9999 -9999 -9999 -9999 4.21158E0 2.63473E0 4.79042E0 4.79042E0 5.5489E0 5.5489E0 5.5489E0 4.79042E0 6.30739E0 7.00599E0 8.64271E0 7.00599E0 7.00599E0 -9999 -9999 -9999 -9999 -9999 -9999 -9999 -9999 -9999 -9999 -9999 -9999 -9999 -9999 -9999
6.30739E0 6.30739E0 5.5489E0 5.5489E0 4.79042E0 4.79042E0 4.79042E0 4.79042E0 4.79042E0 4.79042E0 4.79042E0 5.5489E0 5.5489E0 5.5489E0 5.5489E0 7.00599E0 7.00599E0 7.00599E0 7.00599E0 7.00599E0 7.00599E0 7.00599E0 7.00599E0 7.94411E0 8.64271E0 8.64271E0 8.64271E0 7.94411E0 7.94411E0 7.94411E0 7.94411E0 7.00599E0 6.30739E0 7.00599E0 5.5489E0 5.5489E0 -9999 -9999 -9999 -9999 4.79042E0 4.79042E0 5.5489E0 5.5489E0 5.5489E0 5.5489E0 5.5489E0 5.5489E0 6.30739E0 7.94411E0 6.54691E0 7.00599E0 -9999 -9999 -9999 -9999 -9999 -9999 -9999 -9999 -9999 -9999 -9999 -9999 -9999 -9999 -9999 -9999
6.30739E0 5.5489E0 6.30739E0 5.5489E0 4.79042E0 4.79042E0 4.79042E0 4.79042E0 4.79042E0 4.79042E0 4.79042E0 5.5489E0 6.30739E0 5.5489E0 7.00599E0 7.00599E0 7.00599E0 7.00599E0 7.00599E0 7.00599E0 7.00599E0 7.94411E0 7.94411E0 7.94411E0 8.64271E0 8.64271E0 8.64271E0 8.64271E0 8.64271E0 7.94411E0 7.00599E0 7.00599E0 7.00599E0 6.30739E0 6.30739E0 5.5489E0 5.5489E0 5.5489E0 -9999 -9999 -9999 -9999 -9999 5.5489E0 5.5489E0 5.5489E0 5.5489E0 5.5489E0 7.00599E0 3.21357E0 6.34731E0 7.94411E0 -9999 -9999 -9999 -9999 -9999 -9999 -9999 -9999 -9999 -9999 -9999 -9999 -9999 -9999 -9999 -9999
6.30739E0 6.30739E0 5.5489E0 5.5489E0 5.5489E0 5.5489E0 4.79042E0 5.5489E0 4.79042E0 4.79042E0 5.5489E0 4.79042E0 6.30739E0 6.30739E0 7.00599E0 7.00599E0 7.00599E0 7.00599E0 7.00599E0 7.00599E0 7.00599E0 7.94411E0 7.94411E0 8.64271E0 8.64271E0 8.64271E0 8.64271E0 8.64271E0 8.64271E0 7.94411E0 7.00599E0 7.00599E0 7.00599E0 7.00599E0 6.30739E0 6.30739E0 6.30739E0 5.5489E0 5.5489E0 -9999 -9999 -9999 -9999 6.30739E0 6.30739E0 6.30739E0 5.5489E0 5.5489E0 7.00599E0 7.94411E0 7.94411E0 7.00599E0 -9999 -9999 -9999 -9999 -9999 -9999 -9999 -9999 -9999 -9999 -9999 -9999 -9999 -9999 -9999 -9999
6.30739E0 6.30739E0 6.30739E0 5.5489E0 5.5489E0 5.5489E0 5.5489E0 5.5489E0 5.5489E0 5.5489E0 5.5489E0 5.5489E0 6.30739E0 5.5489E0 6.30739E0 6.30739E0 7.00599E0 7.00599E0 7.00599E0 7.94411E0 7.94411E0 7.94411E0 8.64271E0 8.64271E0 8.64271E0 8.64271E0 8.64271E0 7.94411E0 7.94411E0 7.94411E0 7.94411E0 7.94411E0 7.00599E0 7.00599E0 6.30739E0 7.00599E0 6.30739E0 6.30739E0 5.5489E0 6.30739E0 -9999 -9999 -9999 -9999 -9999 -9999 6.30739E0 6.30739E0 6.30739E0 7.94411E0 7.94411E0 -9999 -9999 -9999 -9999 -9999 -9999 -9999 -9999 -9999 -9999 -9999 -9999 -9999 -9999 -9999 -9999 -9999
7.94411E0 6.30739E0 6.30739E0 6.30739E0 5.5489E0 5.5489E0 5.5489E0 5.5489E0 5.5489E0 5.5489E0 5.5489E0 5.5489E0 5.5489E0 6.30739E0 6.30739E0 6.30739E0 7.00599E0 7.00599E0 7.94411E0 7.94411E0 7.94411E0 7.94411E0 7.94411E0 8.64271E0 8.64271E0 8.64271E0 7.94411E0 7.94411E0 8.64271E0 7.94411E0 7.94411E0 7.94411E0 7.00599E0 7.00599E0 7.00599E0 6.30739E0 6.30739E0 6.30739E0 6.30739E0 6.30739E0 4.01198E0 -9999 -9999 -9999 -9999 6.30739E0 7.00599E0 7.94411E0 7.00599E0 7.94411E0 7.94411E0 -9999 -9999 -9999 -9999 -9999 -9999 -9999 -9999 -9999 -9999 -9999 -9999 -9999 -9999 -9999 -9999 -9999
7.94411E0 7.00599E0 6.30739E0 6.30739E0 6.30739E0 6.30739E0 6.30739E0 6.30739E0 6.30739E0 6.30739E0 6.30739E0 6.30739E0 5.5489E0 6.30739E0 6.30739E0 6.30739E0 6.30739E0 7.94411E0 7.94411E0 7.94411E0 7.94411E0 7.94411E0 7.94411E0 7.94411E0 8.64271E0 8.64271E0 8.64271E0 8.64271E0 8.64271E0 7.94411E0 7.94411E0 7.94411E0 7.00599E0 7.94411E0 7.00599E0 7.00599E0 7.00599E0 7.00599E0 3.65269E0 7.00599E0 5.20958E0 4.51098E0 7.00599E0 -9999 -9999 6.30739E0 7.94411E0 8.64271E0 8.64271E0 7.94411E0 7.94411E0 -9999 -9999 -9999 -9999 -9999 -9999 -9999 -9999 -9999 -9999 -9999 -9999 -9999 -9999 -9999 -9999 -9999
7.94411E0 7.00599E0 7.00599E0 7.00599E0 7.00599E0 7.00599E0 6.30739E0 6.30739E0 6.30739E0 6.30739E0 6.30739E0 6.30739E0 6.30739E0 6.30739E0 6.30739E0 6.30739E0 7.00599E0 7.00599E0 7.94411E0 7.94411E0 7.94411E0 7.94411E0 7.94411E0 8.64271E0 7.94411E0 8.64271E0 8.64271E0 8.64271E0 8.64271E0 8.64271E0 7.94411E0 8.64271E0 7.94411E0 7.00599E0 7.94411E0 7.94411E0 7.94411E0 7.00599E0 6.00798E0 7.00599E0 7.94411E0 5.36926E0 7.00599E0 7.00599E0 7.00599E0 7.94411E0 7.94411E0 9.8004E0 9.8004E0 8.64271E0 7.94411E0 -9999 -9999 -9999 -9999 -9999 -9999 -9999 -9999 -9999 -9999 -9999 -9999 -9999 -9999 -9999 7.00599E0 -9999
7.94411E0 7.94411E0 7.00599E0 7.00599E0 7.00599E0 7.00599E0 7.00599E0 7.00599E0 7.00599E0 7.00599E0 6.30739E0 6.30739E0 6.30739E0 6.30739E0 6.30739E0 6.30739E0 7.00599E0 7.00599E0 7.00599E0 7.94411E0 8.64271E0 8.64271E0 8.64271E0 8.64271E0 8.64271E0 8.64271E0 8.64271E0 8.64271E0 8.64271E0 8.64271E0 7.94411E0 8.64271E0 7.94411E0 7.94411E0 7.94411E0 7.94411E0 7.94411E0 7.94411E0 4.57086E0 7.94411E0 7.94411E0 7.94411E0 7.94411E0 7.00599E0 7.94411E0 7.94411E0 8.64271E0 8.64271E0 9.8004E0 8.64271E0 7.94411E0 7.94411E0 -9999 -9999 -9999 -9999 -9999 -9999 -9999 -9999 -9999 -9999 -9999 -9999 -9999 7.00599E0 7.00599E0 -9999
7.94411E0 7.94411E0 7.94411E0 7.00599E0 7.00599E0 7.00599E0 7.00599E0 7.00599E0 7.00599E0 7.00599E0 7.00599E0 7.00599E0 7.00599E0 7.00599E0 7.00599E0 7.00599E0 7.00599E0 7.00599E0 7.00599E0 8.64271E0 8.64271E0 8.64271E0 8.64271E0 8.64271E0 8.64271E0 9.8004E0 7.94411E0 7.94411E0 8.64271E0 7.94411E0 7.94411E0 7.94411E0 7.94411E0 7.94411E0 7.94411E0 7.94411E0 7.94411E0 7.94411E0 7.94411E0 4.57086E0 7.00599E0 6.82635E0 7.00599E0 7.00599E0 7.94411E0 7.94411E0 8.64271E0 9.8004E0 1.08782E1 9.8004E0 8.64271E0 8.64271E0 -9999 -9999 -9999 -9999 -9999 -9999 -9999 -9999 -9999 -9999 -9999 -9999 -9999 7.94411E0 7.00599E0 -9999
7.94411E0 7.94411E0 7.94411E0 7.00599E0 7.00599E0 7.00599E0 7.00599E0 7.00599E0 7.00599E0 7.00599E0 7.00599E0 7.00599E0 7.00599E0 7.00599E0 7.00599E0 7.00599E0 7.00599E0 7.00599E0 7.94411E0 7.94411E0 8.64271E0 8.64271E0 8.64271E0 8.64271E0 8.64271E0 8.64271E0 8.64271E0 7.94411E0 8.64271E0 7.94411E0 7.94411E0 7.94411E0 7.94411E0 7.94411E0 7.94411E0 7.94411E0 3.7525E0 5.36926E0 7.94411E0 7.00599E0 7.00599E0 5.20958E0 7.00599E0 7.00599E0 7.94411E0 8.64271E0 8.64271E0 8.64271E0 1.08782E1 1.08782E1 9.8004E0 8.64271E0 1.08782E1 -9999 -9999 -9999 -9999 -9999 -9999 -9999 -9999 -9999 -9999 -9999 8.64271E0 7.94411E0 7.94411E0 7.00599E0
7.94411E0 7.94411E0 7.94411E0 7.94411E0 7.94411E0 7.94411E0 7.00599E0 7.00599E0 7.00599E0 7.00599E0 7.00599E0 7.00599E0 7.00599E0 7.00599E0 7.00599E0 7.00599E0 7.00599E0 7.00599E0 7.94411E0 8.64271E0 8.64271E0 8.64271E0 8.64271E0 8.64271E0 8.64271E0 8.64271E0 8.64271E0 7.94411E0 8.64271E0 7.94411E0 7.94411E0 8.64271E0 7.94411E0 7.94411E0 7.94411E0 7.94411E0 7.94411E0 7.94411E0 6.82635E0 7.00599E0 7.00599E0 5.92814E0 7.00599E0 7.00599E0 7.00599E0 7.94411E0 7.94411E0 9.8004E0 1.24152E1 1.24152E1 1.10778E1 9.8004E0 6.54691E0 -9999 -9999 -9999 -9999 -9999 -9999 -9999 8.64271E0 8.64271E0 -9999 -9999 7.94411E0 7.00599E0 7.94411E0 7.94411E0
7.94411E0 7.94411E0 7.94411E0 7.94411E0 7.94411E0 7.94411E0 7.00599E0 7.94411E0 7.00599E0 7.00599E0 7.00599E0 7.94411E0 7.00599E0 7.94411E0 7.94411E0 7.00599E0 7.94411E0 7.94411E0 7.94411E0 7.94411E0 8.64271E0 8.64271E0 8.64271E0 8.64271E0 8.64271E0 8.64271E0 8.64271E0 8.64271E0 8.64271E0 7.94411E0 7.94411E0 7.94411E0 7.94411E0 8.64271E0 7.94411E0 8.64271E0 7.94411E0 5.36926E0 7.00599E0 7.00599E0 5.92814E0 6.30739E0 6.30739E0 7.00599E0 7.94411E0 7.94411E0 8.64271E0 7.22555E0 1.08782E1 1.24152E1 1.24152E1 1.08782E1 8.36327E0 -9999 -9999 -9999 -9999 -9999 -9999 -9999 8.64271E0 8.64271E0 9.8004E0 -9999 7.94411E0 7.94411E0 7.94411E0 7.00599E0
7.94411E0 7.94411E0 8.64271E0 8.64271E0 7.94411E0 7.94411E0 7.00599E0 7.94411E0 7.94411E0 7.94411E0 7.94411E0 7.94411E0 7.94411E0 7.94411E0 7.94411E0 7.94411E0 7.94411E0 7.94411E0 7.94411E0 7.94411E0 8.64271E0 8.64271E0 8.64271E0 8.64271E0 8.64271E0 8.64271E0 8.64271E0 8.64271E0 8.64271E0 7.94411E0 7.94411E0 7.94411E0 7.94411E0 8.64271E0 8.64271E0 8.64271E0 7.94411E0 6.82635E0 7.00599E0 7.00599E0 6.30739E0 7.00599E0 6.30739E0 6.30739E0 7.94411E0 7.94411E0 8.64271E0 6.54691E0 3.81238E0 8.82236E0 1.24152E1 1.08782E1 9.8004E0 8.64271E0 -9999 -9999 -9999 -9999 -9999 -9999 -9999 8.64271E0 8.64271E0 8.64271E0 7.94411E0 7.94411E0 7.94411E0 7.94411E0
7.94411E0 8.64271E0 7.94411E0 7.94411E0 7.94411E0 7.94411E0 7.94411E0 7.94411E0 7.94411E0 7.94411E0 7.94411E0 7.94411E0 7.94411E0 7.94411E0 7.94411E0 7.94411E0 7.94411E0 7.94411E0 7.94411E0 7.94411E0 7.94411E0 8.64271E0 8.64271E0 8.64271E0 8.64271E0 8.64271E0 8.64271E0 8.64271E0 8.64271E0 8.64271E0 7.94411E0 7.94411E0 7.66467E0 7.66467E0 6.88623E0 7.66467E0 5.36926E0 6.82635E0 7.00599E0 7.00599E0 6.30739E0 7.00599E0 6.30739E0 7.00599E0 7.00599E0 8.64271E0 7.94411E0 5.40918E0 1.39721E0 2.37525E0 5.78842E0 6.68663E0 9.8004E0 8.64271E0 -9999 -9999 -9999 -9999 -9999 -9999 -9999 9.8004E0 8.64271E0 8.64271E0 7.94411E0 7.94411E0 8.64271E0 7.00599E0
7.94411E0 8.64271E0 7.94411E0 8.64271E0 7.94411E0 7.94411E0 7.94411E0 7.94411E0 7.94411E0 7.94411E0 7.94411E0 7.94411E0 7.94411E0 7.94411E0 7.94411E0 7.94411E0 7.94411E0 7.94411E0 7.94411E0 7.94411E0 7.94411E0 7.94411E0 8.64271E0 8.64271E0 8.64271E0 8.64271E0 8.64271E0 8.64271E0 6.88623E0 8.64271E0 8.64271E0 7.94411E0 7.66467E0 6.88623E0 5.42914E0 7.94411E0 4.57086E0 6.82635E0 7.00599E0 7.00599E0 7.00599E0 6.30739E0 7.00599E0 7.00599E0 7.00599E0 7.94411E0 8.36327E0 9.58084E-1 5.38922E-1 2.05589E0 4.23154E0 6.92615E0 9.62076E0 9.8004E0 -9999 -9999 -9999 -9999 -9999 -9999 -9999 -9999 9.8004E0 8.64271E0 7.94411E0 7.94411E0 7.94411E0 7.00599E0
7.94411E0 8.64271E0 8.64271E0 8.64271E0 7.94411E0 7.94411E0 7.94411E0 7.94411E0 7.00599E0 7.94411E0 7.94411E0 7.94411E0 7.94411E0 7.94411E0 7.94411E0 7.94411E0 7.94411E0 7.94411E0 7.94411E0 7.94411E0 7.94411E0 5.42914E0 8.64271E0 8.64271E0 8.64271E0 8.64271E0 8.64271E0 5.42914E0 4.6507E0 8.64271E0 8.64271E0 6.08782E0 7.94411E0 7.94411E0 6.88623E0 8.64271E0 4.57086E0 6.00798E0 5.20958E0 7.94411E0 7.94411E0 7.00599E0 7.00599E0 7.00599E0 7.94411E0 7.94411E0 1.39721E0 9.58084E-1 3.45309E0 2.19561E0 8.14371E0 1.07385E1 1.24152E1 1.08782E1 8.64271E0 7.94411E0 -9999 -9999 -9999 -9999 -9999 -9999 -9999 9.8004E0 8.64271E0 7.94411E0 7.94411E0 7.94411E0
