ENM/Final_Models/M_1_F_lqp_Set_1_E/Gustavia_santanderiensis_Choco_avg.asc
ncols         367
nrows         963
xllcorner     -78.6
yllcorner     0.65
cellsize      0.00833333333333323
NODATA_value  -9999
[rows 360 to 389 of 963, columns 268 to 334 of 367]
9.0011E-1 9.00148E-1 9.00129E-1 9.00184E-1 9.00198E-1 9.00139E-1 9.00164E-1 9.00138E-1 9.00147E-1 9.00201E-1 9.14389E-1 6.83977E-1 5.04328E-1 1.45352E-1 4.74544E-2 3.01763E-2 1.16573E-1 1.00663E-1 1.45974E-1 5.31193E-2 3.58964E-2 3.87474E-3 1.33884E-2 1.62067E-4 7.22685E-5 3.6205E-5 9.50464E-4 6.6811E-4 2.94473E-5 2.2381E-5 2.32626E-7 -9999 -9999 -9999 -9999 -9999 -9999 -9999 -9999 -9999 -9999 -9999 -9999 -9999 -9999 -9999 -9999 -9999 -9999 -9999 -9999 -9999 -9999 -9999 -9999 -9999 -9999 -9999 -9999 -9999 -9999 -9999 -9999 -9999 -9999 -9999 -9999
9.00157E-1 9.00183E-1 9.00167E-1 9.00643E-1 9.00569E-1 9.0013E-1 9.00061E-1 9.00096E-1 9.00228E-1 9.00131E-1 6.26762E-1 1.4878E-1 1.0423E-1 8.69711E-2 3.39746E-2 1.05446E-1 2.74055E-1 2.54805E-1 8.79701E-2 1.02814E-1 5.4639E-2 5.03384E-3 6.40463E-4 1.27347E-4 1.49063E-4 9.66611E-5 9.65633E-5 -9999 -9999 -9999 -9999 -9999 -9999 -9999 -9999 -9999 -9999 -9999 -9999 -9999 -9999 -9999 -9999 -9999 -9999 -9999 -9999 -9999 -9999 -9999 -9999 -9999 -9999 -9999 -9999 -9999 -9999 -9999 -9999 -9999 -9999 -9999 -9999 -9999 -9999 -9999 -9999
9.0021E-1 9.00209E-1 9.00163E-1 9.00493E-1 9.00511E-1 9.00051E-1 9.00062E-1 9.00181E-1 9.00188E-1 8.99248E-1 4.26178E-1 6.35658E-2 6.66479E-2 1.37842E-2 9.46836E-2 2.18058E-1 2.87363E-1 2.70192E-1 8.7184E-2 1.38993E-1 1.19977E-1 4.43415E-3 4.34804E-4 2.6232E-4 1.51049E-4 8.83534E-5 -9999 -9999 -9999 -9999 -9999 -9999 -9999 -9999 -9999 -9999 -9999 -9999 -9999 -9999 -9999 -9999 -9999 -9999 -9999 -9999 -9999 -9999 -9999 -9999 -9999 -9999 -9999 -9999 -9999 -9999 -9999 -9999 -9999 -9999 -9999 -9999 -9999 -9999 -9999 -9999 -9999
9.00311E-1 9.00313E-1 9.00431E-1 9.00619E-1 9.00544E-1 9.00366E-1 9.00147E-1 9.00133E-1 9.00172E-1 9.01016E-1 6.02237E-1 2.96442E-1 5.54343E-2 7.5246E-2 4.42966E-1 7.03303E-1 4.85086E-1 4.94197E-1 3.11224E-1 4.07689E-1 1.05696E-1 6.50371E-3 4.4656E-3 1.00158E-3 1.40276E-4 2.57377E-5 5.58925E-6 4.19E-5 2.35732E-5 -9999 -9999 -9999 -9999 -9999 -9999 -9999 -9999 -9999 -9999 -9999 -9999 -9999 -9999 -9999 -9999 -9999 -9999 -9999 -9999 -9999 -9999 -9999 -9999 -9999 -9999 -9999 -9999 -9999 -9999 -9999 -9999 -9999 -9999 -9999 -9999 -9999 -9999
9.00441E-1 9.00327E-1 9.00688E-1 9.00515E-1 9.00458E-1 9.20514E-1 9.17253E-1 9.00053E-1 9.00215E-1 9.08865E-1 7.7217E-1 4.3452E-1 1.39523E-1 3.58446E-1 7.8927E-1 7.67453E-1 6.53355E-1 7.43146E-1 4.43032E-1 4.72305E-1 1.99619E-1 5.50066E-3 1.89967E-3 2.52616E-4 7.32488E-5 5.26477E-5 2.92535E-4 3.60867E-4 8.83735E-5 1.33448E-4 -9999 -9999 5.54678E-5 -9999 -9999 -9999 -9999 -9999 -9999 -9999 -9999 -9999 -9999 -9999 -9999 -9999 -9999 -9999 -9999 -9999 -9999 -9999 -9999 -9999 -9999 -9999 -9999 -9999 -9999 -9999 -9999 -9999 -9999 -9999 -9999 -9999 -9999
9.00474E-1 9.00737E-1 9.00518E-1 9.00606E-1 9.02628E-1 9.00038E-1 9.00317E-1 9.00105E-1 9.00281E-1 8.972E-1 6.64186E-1 3.82814E-1 6.03212E-1 6.83384E-1 5.6066E-1 3.83325E-1 4.10731E-1 4.52275E-1 5.15497E-1 4.86215E-1 2.81884E-1 3.02604E-2 7.17784E-4 5.17993E-5 2.02576E-4 5.15732E-5 1.33624E-4 3.42745E-3 7.32246E-4 9.41937E-4 2.40767E-3 2.6925E-4 1.59794E-4 3.52638E-4 -9999 -9999 -9999 -9999 -9999 -9999 -9999 -9999 -9999 -9999 -9999 -9999 -9999 -9999 -9999 -9999 -9999 -9999 -9999 -9999 -9999 -9999 -9999 -9999 -9999 -9999 -9999 -9999 -9999 -9999 -9999 -9999 -9999
9.00519E-1 9.00653E-1 9.00048E-1 9.01303E-1 9.00752E-1 9.00171E-1 9.00151E-1 9.00168E-1 9.00202E-1 9.00054E-1 7.94789E-1 5.13791E-1 7.51087E-1 8.14963E-1 5.95078E-1 2.50172E-1 4.87498E-1 3.6172E-1 5.00078E-1 3.68015E-1 1.54799E-1 1.88172E-3 4.00648E-3 1.24416E-3 1.45941E-3 3.70608E-3 2.44492E-3 3.80978E-3 7.39173E-3 6.8338E-4 2.49886E-4 1.71125E-3 6.74001E-5 4.15388E-3 -9999 -9999 -9999 -9999 -9999 -9999 -9999 -9999 -9999 -9999 -9999 -9999 -9999 -9999 -9999 -9999 -9999 -9999 -9999 -9999 -9999 -9999 -9999 -9999 -9999 -9999 -9999 -9999 -9999 -9999 -9999 -9999 -9999
9.03632E-1 9.00076E-1 9.00033E-1 9.00963E-1 9.00308E-1 9.00159E-1 9.00121E-1 9.00071E-1 9.00132E-1 8.97331E-1 8.55014E-1 8.13336E-1 7.66137E-1 6.14346E-1 4.62863E-1 3.62633E-1 4.6454E-1 7.06749E-1 7.56858E-1 5.99397E-1 1.72969E-1 3.00674E-3 6.50246E-3 6.80407E-3 6.56758E-3 1.24121E-2 8.62006E-3 6.79888E-3 1.40974E-2 2.41912E-3 4.09036E-3 1.84248E-3 7.0472E-4 2.12974E-3 2.29873E-2 -9999 -9999 -9999 -9999 -9999 -9999 -9999 -9999 -9999 -9999 -9999 -9999 -9999 -9999 -9999 -9999 -9999 -9999 -9999 -9999 -9999 -9999 -9999 -9999 -9999 -9999 -9999 -9999 -9999 -9999 -9999 -9999
9.00311E-1 9.00347E-1 9.00413E-1 9.00107E-1 9.00102E-1 9.0003E-1 9.00105E-1 8.99965E-1 8.86398E-1 8.84218E-1 8.98132E-1 9.00162E-1 8.78138E-1 7.01399E-1 4.19333E-1 5.59923E-1 6.64542E-1 7.09942E-1 6.12709E-1 4.34065E-1 3.84119E-1 2.08038E-2 1.4459E-2 9.80657E-3 2.63335E-2 2.48176E-2 7.05521E-3 1.29895E-2 6.52372E-3 3.40367E-3 3.35319E-3 5.53252E-3 1.03678E-2 1.2346E-2 2.44036E-3 3.27203E-3 -9999 -9999 -9999 -9999 -9999 -9999 -9999 -9999 -9999 -9999 -9999 -9999 -9999 -9999 -9999 -9999 -9999 -9999 -9999 -9999 -9999 -9999 -9999 -9999 -9999 -9999 -9999 -9999 -9999 -9999 -9999
9.0005E-1 9.00064E-1 9.00076E-1 9.00133E-1 9.0014E-1 9.01584E-1 9.00082E-1 8.98814E-1 7.72333E-1 8.90947E-1 9.00753E-1 8.99739E-1 8.78463E-1 7.5061E-1 5.48667E-1 7.18564E-1 7.73773E-1 3.07917E-1 2.62459E-1 2.60239E-1 4.65047E-1 5.60131E-2 7.15804E-3 6.78847E-3 9.54575E-3 3.05937E-2 2.48862E-2 3.92857E-2 1.42319E-2 4.13712E-3 3.43579E-3 1.4479E-2 1.8587E-2 1.60205E-2 1.21735E-2 4.27325E-2 1.6871E-2 -9999 -9999 -9999 -9999 -9999 -9999 -9999 -9999 -9999 -9999 -9999 -9999 -9999 -9999 -9999 -9999 -9999 -9999 -9999 -9999 -9999 -9999 -9999 -9999 -9999 -9999 -9999 -9999 -9999 -9999
9.00328E-1 9.00294E-1 9.00074E-1 9.00112E-1 9.00212E-1 9.00038E-1 9.00175E-1 9.00134E-1 8.95106E-1 9.00033E-1 9.0635E-1 8.94457E-1 8.46881E-1 6.18367E-1 5.55901E-1 7.44382E-1 3.72654E-1 2.5292E-1 1.43777E-1 3.91455E-1 6.93647E-1 4.95147E-1 7.90768E-3 1.9363E-2 1.82378E-2 2.46016E-2 4.57625E-2 1.5438E-2 6.31976E-3 3.74528E-3 2.61479E-2 7.14314E-2 1.0146E-1 4.84106E-2 2.4044E-2 7.02008E-3 4.22051E-4 -9999 -9999 -9999 -9999 -9999 -9999 -9999 -9999 -9999 -9999 -9999 -9999 -9999 -9999 -9999 -9999 -9999 -9999 -9999 -9999 -9999 -9999 -9999 -9999 -9999 -9999 -9999 -9999 -9999 -9999
9.00011E-1 9.00052E-1 9.00056E-1 9.00029E-1 9.00127E-1 9.00034E-1 9.00039E-1 9.00227E-1 9.00024E-1 7.51573E-1 7.21989E-1 8.30369E-1 7.55772E-1 5.21393E-1 5.2025E-1 5.25242E-1 3.44284E-1 1.86514E-1 5.85297E-1 8.44633E-1 8.34094E-1 5.1146E-1 5.21463E-2 6.67059E-3 6.53829E-3 1.52414E-2 2.07649E-2 1.78413E-2 8.31736E-3 2.12263E-3 2.35705E-2 2.57304E-2 1.0195E-1 5.10376E-2 7.26897E-3 9.3368E-4 7.07771E-4 5.83801E-5 -9999 -9999 -9999 -9999 -9999 -9999 -9999 -9999 -9999 -9999 -9999 -9999 -9999 -9999 -9999 -9999 -9999 -9999 -9999 -9999 -9999 -9999 -9999 -9999 -9999 -9999 -9999 -9999 -9999
9.00118E-1 9.00128E-1 8.99989E-1 9.0002E-1 9.00135E-1 9.0155E-1 9.01391E-1 9.00997E-1 9.12402E-1 8.99131E-1 8.99214E-1 8.2045E-1 5.96057E-1 6.75788E-1 6.22939E-1 6.94688E-1 6.71874E-1 5.47007E-1 8.51569E-1 8.85099E-1 8.13641E-1 6.3271E-1 7.19996E-2 7.81488E-3 4.57878E-3 7.50773E-3 4.54336E-2 3.00884E-2 2.24078E-2 8.11263E-3 3.45299E-2 8.18447E-2 8.0106E-2 5.63021E-2 1.40416E-2 2.11057E-3 2.40027E-3 4.49057E-4 3.95469E-6 -9999 -9999 -9999 -9999 -9999 -9999 -9999 -9999 -9999 -9999 -9999 -9999 -9999 -9999 -9999 -9999 -9999 -9999 -9999 -9999 -9999 -9999 -9999 -9999 -9999 -9999 -9999 -9999
9.00057E-1 9.00015E-1 9.00049E-1 9.00307E-1 9.00217E-1 9.01318E-1 9.12805E-1 9.10451E-1 9.0564E-1 8.981E-1 8.99122E-1 7.97114E-1 7.06256E-1 6.80602E-1 6.64526E-1 7.75975E-1 5.92271E-1 6.49922E-1 8.86757E-1 8.80222E-1 8.28056E-1 8.00688E-1 1.79863E-1 8.7076E-3 3.62207E-2 1.79456E-2 3.66729E-2 2.97767E-2 3.23648E-2 4.04955E-2 6.82581E-2 1.86516E-2 3.69498E-2 1.59959E-2 2.25711E-3 4.46496E-3 6.33484E-3 7.77216E-4 1.6075E-4 -9999 -9999 -9999 -9999 -9999 -9999 -9999 -9999 -9999 -9999 -9999 -9999 -9999 -9999 -9999 -9999 -9999 -9999 -9999 -9999 -9999 -9999 -9999 -9999 -9999 -9999 -9999 -9999
9.00042E-1 9.00023E-1 9.0003E-1 9.18975E-1 9.17129E-1 9.00264E-1 9.07102E-1 9.11776E-1 9.03014E-1 8.78418E-1 8.86813E-1 7.65659E-1 6.52972E-1 7.05617E-1 6.19809E-1 8.21866E-1 8.20313E-1 5.89474E-1 8.85717E-1 8.64326E-1 5.90261E-1 8.44044E-1 5.83899E-1 1.42663E-1 1.98484E-1 1.04385E-1 5.39102E-2 4.19805E-2 4.47255E-2 8.40098E-2 2.02825E-2 1.6742E-2 1.00574E-2 4.38892E-3 3.79036E-4 3.07894E-4 1.51397E-3 2.17758E-4 8.75515E-5 2.53593E-5 -9999 -9999 -9999 -9999 -9999 -9999 -9999 -9999 -9999 -9999 -9999 -9999 -9999 -9999 -9999 -9999 -9999 -9999 -9999 -9999 -9999 -9999 -9999 -9999 -9999 -9999 -9999
9.00126E-1 9.00079E-1 9.00154E-1 9.00083E-1 9.00879E-1 9.00286E-1 7.74057E-1 8.78517E-1 8.83527E-1 8.56602E-1 8.42127E-1 8.27945E-1 6.38733E-1 8.02772E-1 7.76017E-1 7.60307E-1 7.86125E-1 6.50118E-1 8.82286E-1 7.95579E-1 4.94636E-1 4.80594E-1 5.26541E-1 3.69207E-1 4.1277E-1 7.55555E-2 5.7656E-2 6.05146E-2 8.02615E-2 5.18149E-2 4.1408E-2 1.07718E-2 1.67776E-2 2.47458E-2 8.17255E-3 6.02917E-4 2.53491E-4 3.19503E-4 1.54876E-4 7.94091E-6 4.47296E-6 -9999 -9999 -9999 -9999 -9999 -9999 -9999 -9999 -9999 -9999 -9999 -9999 -9999 -9999 -9999 -9999 -9999 -9999 -9999 -9999 -9999 -9999 -9999 -9999 -9999 -9999
8.98301E-1 9.00561E-1 9.00501E-1 9.02014E-1 9.05555E-1 6.89995E-1 3.42693E-1 6.09981E-1 6.7433E-1 8.65074E-1 8.89812E-1 8.69456E-1 7.49269E-1 8.57653E-1 8.5122E-1 7.90311E-1 6.65826E-1 8.27034E-1 7.00505E-1 7.10976E-1 4.47642E-1 3.48442E-1 2.76778E-1 2.4159E-1 4.36402E-1 1.32248E-1 1.71364E-1 7.82873E-2 4.0685E-2 7.55109E-3 7.03427E-3 5.0644E-3 4.95515E-3 7.88383E-4 1.02193E-3 1.60118E-3 1.30877E-3 7.32465E-3 2.24577E-3 5.6008E-5 2.78557E-6 -9999 -9999 -9999 -9999 -9999 -9999 -9999 -9999 -9999 -9999 -9999 -9999 -9999 -9999 -9999 -9999 -9999 -9999 -9999 -9999 -9999 -9999 -9999 -9999 -9999 -9999
8.99294E-1 8.99835E-1 8.99987E-1 9.03837E-1 8.2116E-1 2.75113E-1 1.74044E-1 3.27595E-1 2.91733E-1 8.82881E-1 8.93921E-1 8.84825E-1 8.39273E-1 7.32512E-1 8.66618E-1 8.82484E-1 8.58938E-1 8.99798E-1 6.14835E-1 6.24104E-1 1.9835E-1 2.71213E-1 5.65617E-2 2.03118E-1 2.66506E-1 1.97333E-1 8.97574E-2 1.03921E-1 9.13692E-2 1.13159E-1 4.96219E-2 4.19387E-3 2.09893E-3 2.10707E-3 1.25077E-3 3.35981E-3 4.80527E-3 2.09044E-2 2.2572E-2 8.03367E-4 5.83247E-5 8.42155E-6 -9999 -9999 -9999 -9999 -9999 -9999 -9999 -9999 -9999 -9999 -9999 -9999 -9999 -9999 -9999 -9999 -9999 -9999 -9999 -9999 -9999 -9999 -9999 -9999 -9999
9.00019E-1 9.00028E-1 8.91143E-1 8.98299E-1 8.72385E-1 3.1044E-1 4.86331E-1 8.86236E-1 8.80237E-1 8.99789E-1 8.98278E-1 8.75243E-1 8.79784E-1 8.80876E-1 8.99869E-1 8.93138E-1 8.49162E-1 8.98316E-1 8.03304E-1 6.89265E-1 5.70538E-1 4.45901E-1 2.21988E-1 4.39335E-1 1.69227E-1 1.85011E-1 9.06237E-2 8.66858E-2 3.9619E-2 1.21799E-1 1.90006E-1 2.50528E-2 1.00389E-2 1.3864E-2 7.4966E-4 2.88197E-3 1.45303E-2 2.388E-2 3.78471E-3 5.05663E-3 4.70425E-3 1.07E-3 -9999 -9999 -9999 -9999 -9999 -9999 -9999 -9999 -9999 -9999 -9999 -9999 -9999 -9999 -9999 -9999 -9999 -9999 -9999 -9999 -9999 -9999 -9999 -9999 -9999
9.00071E-1 9.00083E-1 8.99988E-1 8.99997E-1 9.01669E-1 8.78317E-1 7.77934E-1 8.85778E-1 8.71575E-1 8.89485E-1 9.00607E-1 7.98098E-1 6.64603E-1 8.71562E-1 8.9921E-1 8.86447E-1 8.07972E-1 6.0784E-1 9.52191E-1 7.62844E-1 6.90399E-1 5.2182E-1 6.99216E-1 6.0853E-1 1.80798E-1 1.48096E-1 1.25911E-1 1.19248E-1 7.48496E-2 1.01714E-1 1.09359E-1 8.10842E-2 6.05932E-2 2.86861E-2 1.62095E-3 1.96181E-3 8.68474E-3 5.74143E-2 9.15433E-3 2.4381E-3 8.61877E-4 1.02533E-3 -9999 -9999 -9999 -9999 -9999 -9999 -9999 -9999 -9999 -9999 -9999 -9999 -9999 -9999 -9999 -9999 -9999 -9999 -9999 -9999 -9999 -9999 -9999 -9999 -9999
9.0008E-1 9.00076E-1 9.00072E-1 9.00091E-1 9.00119E-1 8.80886E-1 8.41483E-1 8.95141E-1 8.76135E-1 8.99232E-1 9.01564E-1 8.52266E-1 7.56518E-1 7.90948E-1 8.70066E-1 9.19258E-1 8.6062E-1 8.11721E-1 9.21814E-1 4.71183E-1 6.68387E-1 7.26994E-1 6.98721E-1 6.9789E-1 2.77317E-1 4.86424E-1 1.822E-1 9.05511E-2 1.94019E-1 1.58176E-1 1.22488E-1 1.63256E-1 4.63474E-2 2.61863E-2 3.55732E-3 2.44131E-3 7.71357E-3 2.17085E-2 6.13574E-2 8.61402E-3 4.95048E-3 1.29394E-3 -9999 -9999 -9999 -9999 -9999 -9999 -9999 -9999 -9999 -9999 -9999 -9999 -9999 -9999 -9999 -9999 -9999 -9999 -9999 -9999 -9999 -9999 -9999 -9999 -9999
9.00011E-1 9.00109E-1 9.00066E-1 9.00065E-1 9.00103E-1 8.92617E-1 8.10472E-1 7.72908E-1 8.11162E-1 8.99521E-1 9.02299E-1 9.02364E-1 7.52672E-1 7.16944E-1 9.12483E-1 8.93641E-1 7.66802E-1 8.79111E-1 7.38118E-1 3.27025E-1 6.96292E-1 8.39783E-1 6.81266E-1 1.31249E-1 8.60797E-2 2.29474E-1 1.87275E-1 1.59773E-1 9.46559E-2 1.9484E-1 2.48919E-1 8.27992E-2 1.79588E-2 1.24651E-2 1.55249E-3 3.60926E-3 4.11551E-3 9.18025E-3 4.50825E-2 1.12727E-2 9.48375E-3 1.64788E-3 -9999 -9999 -9999 -9999 -9999 -9999 -9999 -9999 -9999 -9999 -9999 -9999 -9999 -9999 -9999 -9999 -9999 -9999 -9999 -9999 -9999 -9999 -9999 -9999 -9999
9.00089E-1 9.00051E-1 9.00797E-1 8.9994E-1 8.99925E-1 8.934E-1 7.93673E-1 7.0495E-1 8.71762E-1 9.06774E-1 9.02376E-1 8.79955E-1 4.09446E-1 6.18486E-1 8.03988E-1 5.64196E-1 7.79215E-1 5.17766E-1 1.55288E-1 5.0318E-1 6.90641E-1 8.86414E-1 4.37145E-1 5.87799E-1 3.36928E-1 1.55227E-1 2.59897E-2 1.38571E-1 8.15095E-2 8.19476E-2 1.31477E-1 1.96791E-1 5.56971E-2 4.0098E-3 7.57536E-4 6.49871E-3 1.23513E-2 2.64908E-2 8.03757E-2 1.56794E-1 9.27235E-2 -9999 -9999 -9999 -9999 -9999 -9999 -9999 -9999 -9999 -9999 -9999 -9999 -9999 -9999 -9999 -9999 -9999 -9999 -9999 -9999 -9999 -9999 -9999 -9999 -9999 -9999
9.00012E-1 9.00035E-1 8.94611E-1 8.38621E-1 8.98244E-1 9.08521E-1 8.94767E-1 7.59227E-1 8.88188E-1 9.06845E-1 3.91074E-1 1.68859E-1 3.17562E-1 5.49387E-1 5.94014E-1 5.17615E-1 5.95208E-1 2.30302E-1 3.78012E-1 4.14692E-1 2.14625E-1 3.9022E-1 6.03495E-1 1.54842E-1 1.63398E-1 8.54105E-1 7.60465E-1 2.99227E-1 4.22951E-2 3.43249E-2 2.39832E-1 5.13884E-2 9.18114E-3 2.81601E-3 1.0013E-3 5.72563E-3 2.30735E-2 3.66947E-2 5.09549E-2 8.19423E-2 4.78645E-2 -9999 -9999 -9999 -9999 -9999 -9999 -9999 -9999 -9999 -9999 -9999 -9999 -9999 -9999 -9999 -9999 -9999 -9999 -9999 -9999 -9999 -9999 -9999 -9999 -9999 -9999
9.00046E-1 8.94732E-1 4.91787E-1 3.57115E-1 7.30686E-1 9.08489E-1 9.01845E-1 7.26124E-1 8.74906E-1 9.01056E-1 6.66303E-1 6.1949E-1 4.13955E-1 7.79605E-1 1.55784E-1 1.86972E-1 6.55118E-2 1.01041E-1 3.7544E-1 2.17569E-1 7.75027E-2 7.61474E-1 7.33988E-1 3.51266E-1 6.87077E-1 6.90481E-1 7.38105E-1 6.39371E-1 5.84977E-1 4.00742E-1 3.21808E-2 1.9217E-1 1.37103E-2 1.17399E-2 3.67652E-3 5.16958E-3 1.91377E-2 4.47293E-2 1.34815E-1 5.75143E-2 -9999 -9999 -9999 -9999 -9999 -9999 -9999 -9999 -9999 -9999 -9999 -9999 -9999 -9999 -9999 -9999 -9999 -9999 -9999 -9999 -9999 -9999 -9999 -9999 -9999 -9999 -9999
9.00027E-1 9.0001E-1 8.99861E-1 8.90104E-1 8.98434E-1 9.00054E-1 9.02175E-1 8.91778E-1 8.83419E-1 8.9424E-1 5.38138E-1 3.78148E-1 6.81422E-1 5.75607E-1 1.37482E-1 1.27383E-1 1.9487E-1 4.68016E-1 3.29982E-2 6.42666E-1 3.24542E-1 7.84015E-1 6.83465E-1 1.86402E-1 2.9813E-1 2.22776E-1 3.38195E-1 5.7544E-1 4.43907E-1 3.81898E-1 2.92616E-2 3.07801E-2 6.31489E-2 2.49617E-2 8.88247E-3 4.42674E-2 2.41539E-2 4.9869E-2 1.11899E-2 -9999 -9999 -9999 -9999 -9999 -9999 -9999 -9999 -9999 -9999 -9999 -9999 -9999 -9999 -9999 -9999 -9999 -9999 -9999 -9999 -9999 -9999 -9999 -9999 -9999 -9999 -9999 -9999
9.00025E-1 9.00028E-1 8.99967E-1 8.85174E-1 9.00134E-1 9.00386E-1 9.03559E-1 8.90708E-1 9.21448E-1 9.18671E-1 8.05818E-1 4.99036E-1 9.1543E-1 8.22802E-1 4.71014E-1 3.81607E-1 9.77823E-1 3.24143E-1 3.11477E-1 4.13408E-1 5.85367E-1 5.6928E-1 6.41846E-1 4.34619E-1 2.87674E-1 1.54827E-1 5.8497E-2 6.16446E-2 6.56462E-2 8.56005E-2 1.07737E-1 7.53882E-2 6.93463E-2 1.46783E-2 1.50232E-2 9.28894E-2 7.90887E-2 5.69246E-2 -9999 -9999 -9999 -9999 -9999 -9999 -9999 -9999 -9999 -9999 -9999 -9999 -9999 -9999 -9999 -9999 -9999 -9999 -9999 -9999 -9999 -9999 -9999 -9999 -9999 -9999 -9999 -9999 -9999
9.00058E-1 9.00084E-1 8.99631E-1 8.8915E-1 8.99615E-1 9.01216E-1 9.01415E-1 9.01067E-1 8.68123E-1 8.49784E-1 5.80348E-1 6.06052E-1 6.8432E-1 9.66682E-1 9.9775E-1 9.94218E-1 9.6083E-1 7.98944E-1 7.28085E-2 8.5741E-1 8.19802E-1 4.89043E-1 5.24218E-1 6.88051E-1 2.70794E-1 5.59101E-2 1.20496E-1 1.44026E-1 1.10479E-1 1.24156E-1 1.95802E-1 4.92279E-2 4.6243E-2 1.12621E-2 1.42671E-2 1.6627E-1 4.85707E-2 1.2057E-1 -9999 -9999 -9999 1.98505E-2 2.70468E-2 2.61282E-3 2.69916E-4 1.65626E-3 -9999 -9999 -9999 -9999 -9999 -9999 -9999 -9999 -9999 -9999 -9999 -9999 -9999 -9999 -9999 -9999 -9999 -9999 -9999 -9999 -9999
9.00031E-1 9.00028E-1 9.00043E-1 8.89022E-1 8.87423E-1 8.99928E-1 9.01913E-1 9.02978E-1 8.38165E-1 8.8666E-1 7.10858E-1 4.16268E-1 8.30686E-1 8.69574E-1 9.95827E-1 9.88169E-1 9.80271E-1 8.35734E-1 9.15314E-1 6.02799E-1 5.75984E-1 1.58332E-1 6.89074E-1 3.54241E-1 1.92907E-1 1.82515E-1 1.15231E-1 1.41126E-1 8.7607E-2 9.58259E-2 4.51225E-2 6.69047E-2 6.48999E-2 2.73608E-2 3.83524E-2 1.79018E-1 1.33952E-1 1.51614E-2 1.32803E-2 1.23088E-2 7.42696E-3 3.34749E-2 3.1293E-2 3.39582E-3 1.16568E-3 1.38208E-3 2.96599E-5 5.19856E-5 -9999 -9999 -9999 -9999 -9999 -9999 -9999 -9999 -9999 -9999 -9999 -9999 -9999 -9999 -9999 -9999 -9999 -9999 -9999
9.00009E-1 9.00009E-1 8.98001E-1 8.28382E-1 8.69785E-1 8.97652E-1 9.00077E-1 9.0172E-1 9.21556E-1 9.13233E-1 6.9102E-1 5.54102E-1 9.10769E-1 7.56296E-1 7.30907E-1 3.68949E-1 6.62707E-1 7.81116E-1 3.263E-1 9.10379E-1 8.28022E-1 7.04798E-1 2.32838E-1 1.75733E-1 5.307E-1 1.2576E-1 2.25003E-2 8.48736E-2 9.9234E-2 9.0999E-2 6.8194E-2 6.82746E-2 2.55464E-2 3.4417E-2 7.10958E-2 1.02428E-1 1.06529E-2 5.56529E-2 2.97502E-2 3.01181E-2 2.0039E-2 1.53239E-2 1.83094E-2 2.9041E-2 6.72322E-3 2.1751E-3 1.60042E-3 6.12649E-4 2.04771E-3 -9999 -9999 -9999 -9999 -9999 -9999 -9999 -9999 -9999 -9999 -9999 -9999 -9999 -9999 -9999 -9999 -9999 -9999
