ENM/Final_Models/M_1_F_lqp_Set_1_E/Gustavia_santanderiensis_Choco_median.asc
ncols         367
nrows         963
xllcorner     -78.6
yllcorner     0.65
cellsize      0.00833333333333323
NODATA_value  -9999
[rows 528 to 560 of 963, columns 146 to 218 of 367]
-9999 -9999 -9999 -9999 -9999 -9999 -9999 -9999 -9999 9.99756E-1 9.87943E-1 9.52943E-1 9.31749E-1 9.78071E-1 9.90401E-1 9.9091E-1 9.97784E-1 9.99133E-1 9.983E-1 9.79638E-1 9.81092E-1 9.98905E-1 9.99996E-1 9.99988E-1 1E0 9.99935E-1 9.99835E-1 9.99952E-1 9.99988E-1 9.99977E-1 9.99984E-1 9.99963E-1 9.99977E-1 9.99899E-1 9.99981E-1 9.99974E-1 9.99984E-1 9.99708E-1 9.99977E-1 9.99974E-1 9.99829E-1 9.99702E-1 9.9997E-1 9.99999E-1 1E0 9.99972E-1 9.99941E-1 9.99466E-1 9.95378E-1 9.99897E-1 1E0 9.99994E-1 9.99997E-1 9.99616E-1 9.99771E-1 9.99999E-1 9.99963E-1 9.99976E-1 9.99982E-1 9.99942E-1 9.99985E-1 9.99964E-1 9.99503E-1 9.95888E-1 1E0 1E0 9.99971E-1 9.99989E-1 9.99497E-1 9.99394E-1 9.99959E-1 9.99983E-1 9.99471E-1
-9999 -9999 -9999 -9999 -9999 -9999 -9999 -9999 -9999 9.85942E-1 9.71865E-1 9.94275E-1 9.15372E-1 9.86193E-1 9.99801E-1 9.88692E-1 9.88918E-1 9.96073E-1 9.93188E-1 9.99698E-1 9.98117E-1 9.87667E-1 9.97221E-1 9.99942E-1 9.99963E-1 9.99996E-1 9.99918E-1 9.99962E-1 9.99847E-1 9.99958E-1 1E0 9.99994E-1 9.99974E-1 9.99934E-1 9.99995E-1 9.99948E-1 9.99805E-1 9.99981E-1 9.9997E-1 9.99881E-1 9.99979E-1 9.99529E-1 9.99965E-1 9.99981E-1 -9999 9.99822E-1 9.99609E-1 9.99883E-1 9.77259E-1 9.92313E-1 9.98365E-1 9.99998E-1 1E0 9.99946E-1 9.99999E-1 9.99533E-1 9.98858E-1 9.98904E-1 9.99967E-1 9.99936E-1 9.99632E-1 9.99509E-1 9.99991E-1 9.99724E-1 1E0 1E0 1E0 9.99994E-1 9.99747E-1 9.99999E-1 9.99996E-1 9.99978E-1 9.9975E-1
-9999 -9999 -9999 -9999 -9999 -9999 -9999 -9999 -9999 9.69154E-1 9.99837E-1 9.97777E-1 9.97542E-1 9.99991E-1 9.99933E-1 9.99997E-1 9.99998E-1 1E0 9.99913E-1 9.99882E-1 9.9933E-1 9.99131E-1 9.98137E-1 9.99977E-1 9.99958E-1 9.99998E-1 1E0 1E0 9.99934E-1 9.99999E-1 9.99999E-1 1E0 9.99987E-1 9.99761E-1 9.99363E-1 9.99931E-1 9.99547E-1 9.99978E-1 9.99897E-1 9.99972E-1 9.99798E-1 9.99953E-1 9.99501E-1 -9999 9.87948E-1 9.91697E-1 9.86948E-1 9.99134E-1 9.99512E-1 9.99795E-1 1E0 9.99998E-1 9.99999E-1 9.99965E-1 9.9986E-1 9.98516E-1 9.98826E-1 9.93379E-1 9.88746E-1 9.88329E-1 9.95186E-1 9.90131E-1 9.95186E-1 9.99896E-1 9.99998E-1 9.99992E-1 9.99898E-1 9.97367E-1 9.99973E-1 9.99891E-1 9.98211E-1 9.98835E-1 9.99888E-1
-9999 -9999 -9999 -9999 -9999 -9999 -9999 -9999 -9999 9.73877E-1 9.99299E-1 9.9503E-1 9.99991E-1 9.99994E-1 9.99999E-1 9.99997E-1 1E0 9.99778E-1 9.99995E-1 9.99771E-1 9.99678E-1 9.99854E-1 9.99811E-1 9.99826E-1 9.9992E-1 9.9924E-1 9.99973E-1 9.99911E-1 9.99995E-1 9.99892E-1 1E0 1E0 9.99829E-1 9.99737E-1 9.99989E-1 9.99417E-1 9.99166E-1 9.99993E-1 9.99988E-1 9.99912E-1 9.9995E-1 9.99997E-1 9.99984E-1 -9999 1E0 9.92868E-1 9.93053E-1 9.99953E-1 9.99999E-1 9.9345E-1 9.9339E-1 1E0 9.99998E-1 9.99072E-1 9.99069E-1 9.96853E-1 9.97365E-1 9.99915E-1 9.99899E-1 9.99869E-1 9.99994E-1 9.96293E-1 9.93284E-1 9.9998E-1 1E0 9.99407E-1 9.99268E-1 9.99998E-1 9.98327E-1 9.95221E-1 9.89909E-1 9.89379E-1 9.94433E-1
-9999 -9999 -9999 -9999 -9999 -9999 -9999 -9999 -9999 9.8779E-1 9.90843E-1 9.95313E-1 9.99996E-1 9.99999E-1 1E0 9.99912E-1 9.99999E-1 9.99976E-1 9.99008E-1 9.99668E-1 9.9914E-1 9.99773E-1 9.9999E-1 9.9994E-1 9.99998E-1 9.98917E-1 9.99974E-1 9.99855E-1 9.99943E-1 9.9963E-1 1E0 9.99914E-1 9.99784E-1 9.99947E-1 9.99947E-1 9.99932E-1 9.69594E-1 9.99997E-1 1E0 9.99671E-1 9.99946E-1 9.99783E-1 9.99822E-1 1E0 1E0 9.95148E-1 9.9225E-1 9.7659E-1 9.99972E-1 9.9997E-1 9.99986E-1 9.99924E-1 9.99985E-1 9.99989E-1 9.99978E-1 9.99324E-1 9.99965E-1 9.99981E-1 9.99913E-1 9.99885E-1 9.9999E-1 9.99992E-1 9.99981E-1 9.99993E-1 9.99999E-1 9.99846E-1 9.97344E-1 9.99736E-1 9.99433E-1 9.3024E-1 9.94347E-1 9.94003E-1 9.98375E-1
-9999 -9999 -9999 -9999 -9999 -9999 -9999 -9999 9.98353E-1 9.97465E-1 -9999 -9999 9.99996E-1 -9999 9.99985E-1 9.99995E-1 9.99996E-1 9.99997E-1 9.99452E-1 9.99824E-1 9.99805E-1 9.99912E-1 9.95885E-1 9.94312E-1 9.99983E-1 9.99993E-1 9.9999E-1 9.99898E-1 9.99971E-1 9.99998E-1 9.99961E-1 9.99776E-1 9.99636E-1 9.99208E-1 9.99997E-1 -9999 9.99491E-1 9.99989E-1 9.99988E-1 9.99954E-1 9.99887E-1 9.98242E-1 9.99992E-1 1E0 1E0 -9999 9.98254E-1 9.79745E-1 9.99959E-1 9.99905E-1 9.97386E-1 9.99497E-1 9.99912E-1 9.99979E-1 9.99995E-1 9.99929E-1 9.99963E-1 9.99276E-1 9.9893E-1 9.99823E-1 9.99866E-1 9.99788E-1 9.99967E-1 9.99898E-1 1E0 9.99999E-1 9.96656E-1 9.95979E-1 9.97573E-1 9.96935E-1 9.53521E-1 9.15765E-1 9.92543E-1
-9999 -9999 -9999 -9999 9.91404E-1 -9999 -9999 -9999 -9999 -9999 -9999 -9999 -9999 9.99976E-1 9.98862E-1 9.99997E-1 9.99985E-1 9.99999E-1 9.99986E-1 9.99951E-1 9.90999E-1 8.4235E-1 9.48913E-1 9.99493E-1 9.9988E-1 9.98657E-1 9.99994E-1 9.99803E-1 9.99909E-1 9.99996E-1 9.99993E-1 9.99534E-1 9.9988E-1 9.99989E-1 9.99328E-1 9.95184E-1 9.99885E-1 9.99998E-1 9.99906E-1 9.99953E-1 9.98727E-1 9.99922E-1 9.96671E-1 -9999 9.99959E-1 1E0 9.99909E-1 9.99976E-1 9.99998E-1 9.98573E-1 9.99061E-1 9.96585E-1 9.99821E-1 9.9969E-1 9.99642E-1 9.99979E-1 9.99994E-1 9.99851E-1 9.9787E-1 9.9933E-1 9.99749E-1 9.99969E-1 9.99762E-1 1E0 9.99991E-1 9.99996E-1 1E0 9.99981E-1 9.99654E-1 9.99932E-1 9.99169E-1 9.99997E-1 9.99998E-1
-9999 -9999 -9999 -9999 -9999 -9999 -9999 -9999 -9999 -9999 -9999 -9999 9.99951E-1 9.97281E-1 9.98742E-1 9.99963E-1 9.99991E-1 1E0 9.99998E-1 9.99961E-1 9.99624E-1 9.86148E-1 9.8767E-1 9.90727E-1 9.93184E-1 9.99919E-1 9.99998E-1 9.99973E-1 9.99951E-1 9.99998E-1 1E0 9.99971E-1 9.99974E-1 -9999 9.99998E-1 9.99986E-1 -9999 9.99103E-1 -9999 -9999 1E0 9.99748E-1 9.978E-1 9.99993E-1 1E0 9.99611E-1 9.99841E-1 9.99962E-1 9.99918E-1 9.95391E-1 9.99889E-1 9.99846E-1 9.99787E-1 9.99991E-1 9.99992E-1 9.99964E-1 9.98165E-1 9.99766E-1 9.99724E-1 9.99947E-1 9.99716E-1 9.99939E-1 9.99991E-1 9.99582E-1 1E0 9.99997E-1 9.99991E-1 9.99987E-1 9.99996E-1 9.99997E-1 1E0 1E0 9.99996E-1
-9999 -9999 -9999 -9999 -9999 -9999 -9999 -9999 -9999 -9999 -9999 -9999 9.99993E-1 9.98022E-1 9.90196E-1 9.89194E-1 9.99815E-1 9.99919E-1 9.99992E-1 9.9985E-1 9.98046E-1 9.99425E-1 9.9983E-1 9.99785E-1 9.99991E-1 9.99899E-1 9.99995E-1 9.99999E-1 9.99999E-1 1E0 1E0 9.99996E-1 1E0 9.99988E-1 1E0 1E0 9.99961E-1 9.99503E-1 9.99904E-1 1E0 -9999 -9999 9.95434E-1 9.99989E-1 1E0 1E0 9.99997E-1 9.99879E-1 9.99981E-1 9.98971E-1 9.99936E-1 9.99997E-1 9.97174E-1 9.99628E-1 9.99328E-1 9.99981E-1 9.99995E-1 9.99608E-1 9.98011E-1 9.9972E-1 9.99896E-1 9.99669E-1 9.99206E-1 9.99994E-1 1E0 9.99999E-1 1E0 1E0 9.97617E-1 9.99916E-1 1E0 9.99997E-1 1E0
-9999 -9999 -9999 -9999 -9999 -9999 -9999 -9999 -9999 -9999 -9999 -9999 9.99971E-1 9.99972E-1 9.8965E-1 9.99333E-1 9.99993E-1 9.99965E-1 9.99958E-1 9.99899E-1 9.96918E-1 9.95427E-1 9.99929E-1 9.98253E-1 9.99876E-1 9.99999E-1 9.9999E-1 9.99839E-1 9.99433E-1 9.99997E-1 9.99996E-1 9.99996E-1 1E0 9.99911E-1 9.99936E-1 1E0 9.99938E-1 9.99996E-1 9.9917E-1 9.96006E-1 9.97085E-1 9.98129E-1 1E0 1E0 9.98075E-1 1E0 9.99973E-1 9.99617E-1 9.99993E-1 9.99901E-1 9.9712E-1 9.93136E-1 9.99122E-1 9.98196E-1 9.99997E-1 9.97912E-1 9.99993E-1 9.99683E-1 9.98644E-1 9.97726E-1 9.99226E-1 9.98378E-1 9.98884E-1 9.99906E-1 9.99992E-1 9.99993E-1 9.99987E-1 9.99997E-1 9.99265E-1 9.99971E-1 9.99995E-1 1E0 9.99999E-1
-9999 -9999 9.76671E-1 9.78172E-1 9.86921E-1 9.97784E-1 -9999 -9999 -9999 -9999 -9999 -9999 9.99999E-1 9.99382E-1 9.95397E-1 9.99859E-1 9.99987E-1 9.99989E-1 9.99996E-1 9.99993E-1 9.95433E-1 9.91982E-1 9.74221E-1 9.93663E-1 9.99693E-1 9.99983E-1 9.99505E-1 9.99714E-1 9.97934E-1 1E0 9.99859E-1 1E0 9.9817E-1 9.99991E-1 -9999 9.9975E-1 9.99011E-1 9.99964E-1 9.9993E-1 9.9993E-1 9.99762E-1 9.96771E-1 -9999 -9999 9.99971E-1 9.97505E-1 9.99815E-1 9.99742E-1 9.9999E-1 9.98796E-1 9.94483E-1 9.99998E-1 9.88575E-1 9.87168E-1 9.91956E-1 9.99985E-1 9.99963E-1 9.99666E-1 9.99383E-1 9.99929E-1 9.99956E-1 9.99038E-1 9.9959E-1 9.99948E-1 9.99998E-1 9.99999E-1 9.99998E-1 9.99986E-1 9.99683E-1 9.99978E-1 9.99975E-1 9.99971E-1 9.99867E-1
-9999 9.6769E-1 9.40309E-1 9.35011E-1 9.7998E-1 9.45026E-1 9.99853E-1 -9999 -9999 -9999 -9999 -9999 9.99937E-1 9.97526E-1 9.97192E-1 9.98644E-1 -9999 9.99996E-1 9.99994E-1 9.9999E-1 9.9987E-1 9.99911E-1 9.99965E-1 9.99965E-1 -9999 9.99998E-1 9.99974E-1 -9999 9.99952E-1 -9999 -9999 9.99992E-1 9.93128E-1 9.95184E-1 -9999 9.99408E-1 9.99462E-1 9.9993E-1 9.99958E-1 9.99789E-1 9.99913E-1 9.99914E-1 9.99956E-1 -9999 1E0 9.99957E-1 9.99948E-1 9.99969E-1 9.9921E-1 9.97518E-1 9.99988E-1 9.98219E-1 9.97973E-1 9.98669E-1 9.98814E-1 9.99973E-1 9.97987E-1 9.99354E-1 9.99757E-1 9.99999E-1 1E0 9.99976E-1 9.99899E-1 9.99999E-1 9.99989E-1 9.99999E-1 9.99998E-1 9.99848E-1 9.97601E-1 9.9822E-1 9.99928E-1 9.99957E-1 9.99935E-1
-9999 9.22958E-1 8.74732E-1 8.21146E-1 8.64676E-1 9.85024E-1 9.96523E-1 9.99999E-1 -9999 -9999 9.99999E-1 1E0 9.99716E-1 9.99848E-1 9.99738E-1 9.99405E-1 9.99658E-1 -9999 9.99982E-1 9.99993E-1 9.99994E-1 -9999 9.99804E-1 -9999 9.9993E-1 9.99623E-1 9.9999E-1 9.99691E-1 9.9767E-1 9.99922E-1 9.99918E-1 9.99854E-1 9.97253E-1 9.96387E-1 9.99277E-1 9.99478E-1 9.99898E-1 9.99993E-1 9.99998E-1 9.99916E-1 9.99602E-1 9.99928E-1 9.99994E-1 9.99869E-1 9.98811E-1 9.99879E-1 9.99992E-1 9.99988E-1 9.99674E-1 9.98987E-1 9.99992E-1 1E0 9.94398E-1 9.27128E-1 9.88751E-1 9.94261E-1 9.99982E-1 9.99557E-1 9.9803E-1 9.99916E-1 9.99981E-1 9.99828E-1 9.99945E-1 1E0 9.99872E-1 9.99895E-1 9.99989E-1 9.99838E-1 9.99889E-1 9.97096E-1 9.97612E-1 9.99631E-1 9.99956E-1
9.64018E-1 9.91195E-1 9.86234E-1 9.85005E-1 8.51601E-1 9.66755E-1 9.00416E-1 9.97821E-1 9.79455E-1 9.97467E-1 9.98252E-1 9.97788E-1 9.77116E-1 8.42415E-1 9.99886E-1 9.99873E-1 9.99803E-1 9.99994E-1 -9999 9.99997E-1 9.99983E-1 9.99803E-1 9.99805E-1 9.99854E-1 9.99997E-1 9.99997E-1 9.99997E-1 9.99825E-1 1E0 9.99983E-1 9.99948E-1 9.99985E-1 9.99703E-1 9.99964E-1 9.99842E-1 9.99991E-1 9.99717E-1 9.99982E-1 9.99905E-1 9.99978E-1 9.99868E-1 9.99214E-1 9.99747E-1 9.9991E-1 9.92994E-1 9.99988E-1 9.99954E-1 9.99982E-1 9.99993E-1 9.98909E-1 9.99695E-1 9.99928E-1 9.99928E-1 9.94199E-1 9.96104E-1 9.93064E-1 9.99874E-1 9.98326E-1 9.98721E-1 9.99934E-1 9.99748E-1 9.99967E-1 9.91573E-1 9.95718E-1 9.91055E-1 9.84926E-1 9.98244E-1 9.99866E-1 9.99845E-1 9.9999E-1 9.99983E-1 9.66848E-1 9.54661E-1
9.98538E-1 9.92972E-1 9.99961E-1 9.99636E-1 9.98919E-1 9.73942E-1 9.90234E-1 9.85233E-1 8.6074E-1 7.07383E-1 8.01073E-1 8.64814E-1 9.83459E-1 9.33289E-1 9.98762E-1 9.99821E-1 9.78539E-1 9.66683E-1 9.72377E-1 9.99907E-1 9.99303E-1 9.99536E-1 9.99845E-1 9.9997E-1 9.99918E-1 9.99978E-1 9.99998E-1 9.99998E-1 1E0 9.96777E-1 9.98189E-1 9.9992E-1 9.98653E-1 9.99409E-1 9.99378E-1 9.99805E-1 9.99999E-1 9.9944E-1 9.99748E-1 9.98802E-1 9.99784E-1 9.99946E-1 9.99953E-1 9.9702E-1 9.99608E-1 9.9992E-1 9.97768E-1 9.99286E-1 1E0 9.99966E-1 9.99594E-1 9.95899E-1 9.99641E-1 9.90786E-1 9.94577E-1 9.62118E-1 9.68209E-1 9.86244E-1 9.99959E-1 9.99999E-1 9.99999E-1 9.99475E-1 9.99995E-1 9.99916E-1 9.99986E-1 9.99863E-1 9.9994E-1 9.97383E-1 9.99852E-1 9.99982E-1 9.99073E-1 9.69397E-1 9.28341E-1
-9999 9.86644E-1 9.89858E-1 9.90948E-1 9.97824E-1 9.68775E-1 9.97991E-1 9.9229E-1 8.62444E-1 8.79526E-1 9.83149E-1 9.9959E-1 9.978E-1 9.53535E-1 9.93112E-1 9.68142E-1 9.99712E-1 8.80916E-1 9.74875E-1 9.84806E-1 9.99604E-1 9.97547E-1 9.99628E-1 9.99488E-1 9.99919E-1 9.9988E-1 9.99962E-1 9.99964E-1 9.99998E-1 9.99833E-1 9.99575E-1 9.99744E-1 9.9974E-1 9.9983E-1 9.9998E-1 9.99926E-1 9.99999E-1 9.99997E-1 9.99687E-1 9.99999E-1 9.99976E-1 9.99957E-1 9.98707E-1 9.99998E-1 9.98491E-1 9.97173E-1 9.89482E-1 9.94112E-1 9.95369E-1 9.99889E-1 9.99975E-1 9.95098E-1 9.88677E-1 6.38727E-1 9.69234E-1 9.97074E-1 9.22462E-1 9.88541E-1 9.95944E-1 9.94056E-1 9.99996E-1 9.99966E-1 9.99769E-1 9.93407E-1 9.99349E-1 9.99931E-1 9.99772E-1 9.99999E-1 1E0 9.98206E-1 9.04102E-1 9.78748E-1 9.54663E-1
-9999 -9999 9.99523E-1 9.97068E-1 9.99972E-1 6.57407E-1 8.49276E-1 9.6876E-1 9.99463E-1 9.99547E-1 9.94601E-1 9.98924E-1 9.95064E-1 9.14094E-1 9.68222E-1 9.62353E-1 9.99815E-1 9.9885E-1 9.78767E-1 9.92669E-1 9.96244E-1 9.9758E-1 9.99903E-1 9.99631E-1 9.999E-1 9.99858E-1 9.99875E-1 9.98816E-1 9.99991E-1 9.97608E-1 9.99539E-1 9.9997E-1 9.99775E-1 9.99736E-1 9.99853E-1 9.9977E-1 9.99944E-1 9.99999E-1 9.99995E-1 9.99933E-1 9.99993E-1 9.99954E-1 9.99983E-1 9.99482E-1 9.99732E-1 9.86286E-1 9.80631E-1 9.91351E-1 9.98629E-1 9.90493E-1 9.99814E-1 9.97466E-1 9.9978E-1 9.99763E-1 9.09845E-1 9.82628E-1 9.86894E-1 9.5255E-1 9.98182E-1 9.60513E-1 9.91056E-1 9.99909E-1 9.99999E-1 9.99794E-1 9.91306E-1 9.98157E-1 9.99794E-1 9.99176E-1 9.99974E-1 1E0 9.81568E-1 9.99317E-1 9.96085E-1
-9999 -9999 9.94831E-1 9.95069E-1 9.99969E-1 7.31162E-1 9.5702E-1 9.63331E-1 9.98949E-1 9.99867E-1 9.99089E-1 9.48813E-1 9.97102E-1 9.74657E-1 9.60167E-1 9.9348E-1 9.99954E-1 9.98152E-1 9.8204E-1 9.85017E-1 9.95026E-1 9.98828E-1 9.99872E-1 9.96401E-1 9.99956E-1 9.9999E-1 9.99962E-1 9.99331E-1 9.99982E-1 9.99785E-1 9.95753E-1 9.99851E-1 9.98518E-1 9.94975E-1 9.84623E-1 9.90372E-1 9.99965E-1 9.99848E-1 9.99967E-1 9.99764E-1 9.99958E-1 9.99529E-1 9.99958E-1 9.9993E-1 9.99855E-1 9.88761E-1 9.9596E-1 9.92712E-1 9.78956E-1 9.95271E-1 9.95207E-1 9.99966E-1 9.99982E-1 9.98885E-1 9.96249E-1 9.99888E-1 9.88261E-1 9.57655E-1 9.95283E-1 9.00861E-1 9.85485E-1 9.98789E-1 9.99964E-1 9.99932E-1 9.79284E-1 9.99978E-1 9.88333E-1 9.99704E-1 9.99999E-1 1E0 9.99318E-1 9.91679E-1 9.99999E-1
-9999 -9999 9.40527E-1 9.99807E-1 9.99962E-1 9.97703E-1 9.65916E-1 9.51602E-1 9.87075E-1 8.81653E-1 9.46132E-1 8.68492E-1 9.82387E-1 9.67454E-1 9.87856E-1 -9999 9.99574E-1 9.9893E-1 9.99411E-1 9.89556E-1 9.93004E-1 9.99579E-1 9.99638E-1 9.9997E-1 9.99696E-1 9.99353E-1 9.99977E-1 9.99549E-1 9.98568E-1 9.99981E-1 9.99919E-1 9.99911E-1 9.99872E-1 9.93195E-1 9.95668E-1 9.86292E-1 9.96284E-1 9.99733E-1 9.99993E-1 9.9839E-1 9.98692E-1 9.99503E-1 9.9815E-1 9.98385E-1 9.99953E-1 9.92678E-1 9.88586E-1 9.95668E-1 9.85522E-1 9.98586E-1 9.99744E-1 9.96747E-1 9.99896E-1 9.99935E-1 9.9829E-1 9.86965E-1 9.94608E-1 9.99302E-1 9.041E-1 9.95101E-1 9.99343E-1 9.99976E-1 9.99985E-1 9.99955E-1 9.91107E-1 9.81162E-1 9.90141E-1 9.9926E-1 9.99658E-1 9.99458E-1 9.99973E-1 9.95883E-1 9.98452E-1
-9999 -9999 9.98884E-1 9.99706E-1 9.83502E-1 9.96709E-1 9.99964E-1 9.43006E-1 9.55723E-1 9.75463E-1 7.78609E-1 7.46185E-1 9.966E-1 9.86379E-1 9.98704E-1 9.99987E-1 1E0 9.99709E-1 9.93989E-1 9.8814E-1 9.992E-1 9.99506E-1 9.99986E-1 9.99976E-1 9.99634E-1 9.86743E-1 9.99684E-1 9.99772E-1 9.99516E-1 9.99481E-1 9.99425E-1 9.99949E-1 9.83922E-1 9.97725E-1 9.88124E-1 9.98859E-1 9.98782E-1 9.99998E-1 9.99983E-1 9.99853E-1 9.99771E-1 9.98472E-1 9.98817E-1 9.95153E-1 9.99678E-1 9.98979E-1 9.9745E-1 9.97588E-1 9.98842E-1 9.95284E-1 9.91201E-1 9.86427E-1 9.96025E-1 9.99503E-1 9.9991E-1 9.98611E-1 9.98951E-1 9.99583E-1 9.49171E-1 9.99975E-1 9.99876E-1 9.98766E-1 9.99153E-1 9.94585E-1 9.97994E-1 9.84505E-1 8.31015E-1 9.31105E-1 9.78436E-1 9.99404E-1 9.98651E-1 9.81272E-1 9.85376E-1
-9999 -9999 9.81048E-1 7.36554E-1 7.99814E-1 9.61031E-1 9.90489E-1 7.38511E-1 7.90355E-1 9.78264E-1 9.16808E-1 9.12157E-1 9.99683E-1 -9999 -9999 -9999 9.99185E-1 9.93059E-1 9.94895E-1 9.99066E-1 9.96008E-1 9.99988E-1 9.99993E-1 9.99957E-1 9.95351E-1 9.95379E-1 9.98749E-1 9.99908E-1 9.99846E-1 9.99849E-1 9.99393E-1 9.97422E-1 9.96264E-1 9.97702E-1 9.98082E-1 9.99761E-1 9.95942E-1 9.99696E-1 9.99847E-1 9.99274E-1 9.99986E-1 9.96885E-1 9.98807E-1 9.98685E-1 9.98074E-1 9.96754E-1 9.97853E-1 9.99909E-1 9.9857E-1 9.98028E-1 9.91454E-1 9.99816E-1 9.99343E-1 9.99135E-1 9.99525E-1 9.99872E-1 9.99948E-1 9.86276E-1 9.9831E-1 9.86892E-1 9.9999E-1 9.99273E-1 9.97026E-1 9.99991E-1 9.99986E-1 9.56338E-1 9.99015E-1 9.80046E-1 9.82879E-1 9.83622E-1 8.96771E-1 9.92189E-1 9.96716E-1
-9999 -9999 8.7904E-1 9.79217E-1 9.64773E-1 8.18457E-1 9.97178E-1 9.61923E-1 8.31507E-1 9.99999E-1 9.99186E-1 -9999 -9999 -9999 -9999 -9999 -9999 9.92254E-1 9.98042E-1 9.96575E-1 9.9984E-1 9.99915E-1 9.99936E-1 9.99843E-1 9.95821E-1 9.98927E-1 9.94736E-1 9.97365E-1 9.99375E-1 9.99216E-1 9.97876E-1 9.96039E-1 9.96959E-1 9.97536E-1 9.99883E-1 9.99959E-1 9.96408E-1 9.99081E-1 9.99801E-1 9.99038E-1 9.99226E-1 9.99475E-1 9.99397E-1 9.96299E-1 9.84018E-1 9.96722E-1 9.99896E-1 9.9999E-1 9.99986E-1 9.99618E-1 9.96775E-1 9.98475E-1 9.98339E-1 9.99858E-1 9.99347E-1 9.94193E-1 9.998E-1 9.94631E-1 9.74313E-1 9.99974E-1 9.99095E-1 9.98511E-1 9.99426E-1 9.9967E-1 9.99999E-1 9.99991E-1 9.82359E-1 9.76556E-1 9.85188E-1 9.55862E-1 9.43262E-1 9.61701E-1 9.40003E-1
-9999 -9999 9.84113E-1 9.99987E-1 9.99998E-1 9.41463E-1 9.96129E-1 9.96452E-1 9.96756E-1 -9999 -9999 -9999 -9999 -9999 -9999 -9999 -9999 -9999 9.9967E-1 9.99967E-1 9.99994E-1 9.99866E-1 9.96865E-1 9.94686E-1 9.97792E-1 9.9794E-1 9.99892E-1 9.88028E-1 9.99266E-1 9.97897E-1 9.98925E-1 9.99373E-1 9.99931E-1 9.99759E-1 9.97185E-1 9.96655E-1 9.98186E-1 9.99151E-1 9.98738E-1 9.994E-1 9.94572E-1 9.97521E-1 9.99767E-1 9.99589E-1 9.92968E-1 9.98472E-1 9.9878E-1 9.9949E-1 9.99818E-1 9.99966E-1 9.99677E-1 9.99877E-1 9.88639E-1 9.98064E-1 9.97707E-1 9.96763E-1 9.96651E-1 9.98804E-1 9.92678E-1 9.98541E-1 9.99992E-1 9.99993E-1 1E0 9.99998E-1 9.99999E-1 9.99996E-1 9.94983E-1 9.92039E-1 9.40083E-1 9.78523E-1 9.98934E-1 9.4486E-1 9.99535E-1
-9999 -9999 9.58411E-1 9.99996E-1 9.99995E-1 9.99998E-1 9.97581E-1 9.10033E-1 -9999 -9999 -9999 -9999 -9999 -9999 -9999 -9999 -9999 -9999 -9999 9.99946E-1 -9999 9.96369E-1 9.98396E-1 9.96458E-1 9.98458E-1 9.98949E-1 9.96854E-1 9.91928E-1 9.96789E-1 9.97952E-1 9.99697E-1 9.9762E-1 9.9952E-1 9.99444E-1 9.93273E-1 9.92555E-1 9.93222E-1 9.97907E-1 9.98664E-1 9.96083E-1 9.99568E-1 9.99429E-1 9.99041E-1 9.9898E-1 9.99932E-1 9.99197E-1 9.99097E-1 9.99654E-1 9.99913E-1 9.99904E-1 9.99525E-1 9.9955E-1 9.98568E-1 9.97227E-1 9.99052E-1 9.96246E-1 9.99448E-1 9.99917E-1 9.99379E-1 9.99987E-1 9.99772E-1 9.99152E-1 1E0 9.99993E-1 9.99912E-1 9.86642E-1 9.99889E-1 9.95537E-1 9.99679E-1 9.95778E-1 1E0 9.57724E-1 9.45898E-1
-9999 -9999 9.99999E-1 1E0 1E0 1E0 9.99978E-1 -9999 -9999 -9999 -9999 -9999 -9999 -9999 -9999 -9999 -9999 -9999 -9999 9.98604E-1 -9999 9.51297E-1 8.49959E-1 7.71227E-1 9.67901E-1 9.9891E-1 9.88699E-1 9.94301E-1 9.96387E-1 9.9531E-1 9.9587E-1 9.90652E-1 9.99056E-1 9.97705E-1 9.90739E-1 9.96824E-1 9.86564E-1 9.99179E-1 9.95872E-1 9.99388E-1 9.99375E-1 9.94282E-1 9.97896E-1 9.98537E-1 9.99762E-1 9.98875E-1 9.9634E-1 9.97946E-1 9.99189E-1 9.97498E-1 9.99962E-1 9.99866E-1 9.99019E-1 9.99826E-1 9.99981E-1 9.99988E-1 9.99197E-1 9.99872E-1 9.99895E-1 9.99886E-1 9.99724E-1 9.99899E-1 1E0 9.99891E-1 9.96831E-1 9.99052E-1 9.93162E-1 9.84552E-1 9.96466E-1 9.99945E-1 9.99995E-1 9.95708E-1 9.92625E-1
-9999 -9999 -9999 9.99999E-1 9.99886E-1 -9999 -9999 -9999 -9999 -9999 -9999 -9999 -9999 -9999 -9999 -9999 -9999 -9999 -9999 -9999 -9999 -9999 -9999 -9999 9.84054E-1 9.91116E-1 9.97847E-1 9.94931E-1 9.9534E-1 9.95537E-1 9.96716E-1 9.95654E-1 9.99507E-1 9.99733E-1 9.98006E-1 9.9235E-1 9.96607E-1 9.99178E-1 9.97298E-1 9.98906E-1 9.99729E-1 9.99802E-1 9.92397E-1 9.99039E-1 9.99912E-1 9.95139E-1 9.96122E-1 9.99188E-1 9.99064E-1 9.98762E-1 9.99832E-1 9.99994E-1 9.99997E-1 9.99892E-1 9.99778E-1 9.9994E-1 9.99579E-1 9.96261E-1 9.99397E-1 9.99986E-1 9.99564E-1 9.99588E-1 9.99009E-1 9.99901E-1 9.99833E-1 9.99584E-1 1E0 1E0 9.89785E-1 9.60834E-1 9.99939E-1 9.9872E-1 9.99708E-1
-9999 -9999 -9999 -9999 -9999 -9999 -9999 -9999 -9999 -9999 -9999 -9999 -9999 -9999 -9999 -9999 -9999 -9999 -9999 -9999 -9999 -9999 -9999 -9999 -9999 9.93311E-1 9.99728E-1 9.94738E-1 9.99129E-1 9.97807E-1 9.99475E-1 9.9383E-1 9.99167E-1 9.98818E-1 9.99873E-1 9.99345E-1 9.99937E-1 9.99992E-1 9.99827E-1 9.98056E-1 9.87453E-1 9.9231E-1 9.99381E-1 9.91557E-1 9.99313E-1 9.99861E-1 9.89115E-1 9.99238E-1 9.99668E-1 9.99526E-1 9.9587E-1 9.99322E-1 9.99884E-1 9.99837E-1 9.97317E-1 9.99956E-1 9.99855E-1 9.9832E-1 9.99981E-1 9.99953E-1 9.99766E-1 9.99679E-1 9.98001E-1 9.91193E-1 9.9989E-1 9.99246E-1 1E0 9.99999E-1 9.95822E-1 9.93116E-1 9.83629E-1 9.99085E-1 9.17743E-1
-9999 -9999 -9999 -9999 -9999 -9999 -9999 -9999 -9999 -9999 -9999 -9999 -9999 -9999 -9999 -9999 -9999 -9999 -9999 -9999 -9999 -9999 -9999 7.51616E-1 9.42713E-1 9.98932E-1 9.94837E-1 9.83272E-1 9.96352E-1 9.952E-1 9.9908E-1 9.99879E-1 9.89757E-1 9.98947E-1 9.97409E-1 9.9979E-1 9.98593E-1 9.98596E-1 9.97728E-1 9.99902E-1 9.96185E-1 9.91177E-1 9.80322E-1 9.8908E-1 9.98975E-1 9.98107E-1 9.95804E-1 9.97615E-1 9.97609E-1 9.97848E-1 9.98907E-1 9.99949E-1 9.99967E-1 9.99649E-1 9.99726E-1 9.99981E-1 9.99066E-1 9.98639E-1 9.95359E-1 9.99322E-1 9.96669E-1 9.98285E-1 9.99334E-1 9.97969E-1 9.93562E-1 9.98365E-1 9.99994E-1 9.99991E-1 9.99756E-1 9.97E-1 9.86579E-1 9.89709E-1 9.99981E-1
-9999 -9999 -9999 -9999 -9999 -9999 -9999 -9999 -9999 -9999 -9999 -9999 -9999 -9999 -9999 -9999 -9999 -9999 -9999 -9999 -9999 -9999 -9999 9.92238E-1 9.99425E-1 9.58349E-1 9.95997E-1 9.99443E-1 9.96517E-1 9.99894E-1 9.9932E-1 9.98839E-1 9.99608E-1 9.99302E-1 9.95991E-1 9.88254E-1 9.99043E-1 9.98745E-1 9.99256E-1 9.9931E-1 9.97821E-1 9.9508E-1 9.94443E-1 9.92212E-1 9.97922E-1 9.86407E-1 9.97259E-1 9.99925E-1 9.98425E-1 9.95994E-1 9.97744E-1 9.99945E-1 9.99936E-1 9.98961E-1 9.99615E-1 9.9984E-1 9.99569E-1 9.99786E-1 9.9776E-1 9.19869E-1 9.98535E-1 9.99964E-1 9.99454E-1 9.95251E-1 9.9976E-1 9.99779E-1 9.99998E-1 9.9974E-1 9.99948E-1 9.99799E-1 9.95233E-1 9.91419E-1 9.9599E-1
-9999 -9999 -9999 -9999 -9999 -9999 -9999 -9999 -9999 -9999 -9999 -9999 -9999 -9999 -9999 -9999 -9999 -9999 -9999 -9999 -9999 -9999 -9999 9.77697E-1 9.97503E-1 9.77709E-1 9.91753E-1 9.93977E-1 9.99818E-1 9.99582E-1 9.97093E-1 9.99242E-1 9.99729E-1 9.97181E-1 9.97486E-1 9.97541E-1 9.98444E-1 9.98496E-1 9.98801E-1 9.96679E-1 9.96782E-1 9.97145E-1 9.9186E-1 9.97227E-1 9.9912E-1 9.99969E-1 9.99999E-1 9.99672E-1 9.9961E-1 9.99546E-1 9.99562E-1 9.94407E-1 9.99993E-1 9.9981E-1 9.99701E-1 9.99791E-1 9.99996E-1 9.996E-1 9.98658E-1 9.02338E-1 9.97526E-1 9.9886E-1 9.99142E-1 9.99837E-1 9.99777E-1 9.88651E-1 9.99997E-1 9.99907E-1 9.99872E-1 9.91753E-1 9.99761E-1 9.98811E-1 8.67588E-1
-9999 -9999 -9999 -9999 -9999 -9999 -9999 -9999 -9999 -9999 -9999 -9999 -9999 -9999 -9999 -9999 -9999 -9999 -9999 -9999 -9999 -9999 9.92867E-1 9.96913E-1 9.92424E-1 9.80407E-1 9.89208E-1 9.96123E-1 9.99121E-1 9.99447E-1 9.99995E-1 9.98695E-1 9.9573E-1 9.96276E-1 9.98411E-1 9.99586E-1 9.99458E-1 9.97778E-1 9.99102E-1 9.95495E-1 9.9621E-1 9.93037E-1 9.99121E-1 9.97912E-1 9.97166E-1 9.96711E-1 9.99632E-1 9.98132E-1 9.99705E-1 9.99602E-1 9.99637E-1 9.99998E-1 9.99999E-1 9.99965E-1 9.99903E-1 9.99897E-1 9.99985E-1 9.99995E-1 9.98481E-1 9.98148E-1 9.99561E-1 9.97095E-1 9.97695E-1 9.9798E-1 9.99933E-1 9.89251E-1 9.99988E-1 1E0 9.99998E-1 9.97834E-1 9.95943E-1 9.99939E-1 9.84003E-1
-9999 -9999 -9999 -9999 -9999 -9999 -9999 -9999 -9999 -9999 -9999 -9999 -9999 -9999 -9999 -9999 -9999 -9999 -9999 -9999 -9999 9.74323E-1 9.44663E-1 9.42174E-1 9.71896E-1 9.88899E-1 9.9103E-1 9.78683E-1 9.9653E-1 9.98072E-1 9.9952E-1 9.98467E-1 9.99483E-1 9.96853E-1 9.98867E-1 9.95951E-1 9.9326E-1 9.97631E-1 9.99456E-1 9.92283E-1 9.91461E-1 9.98128E-1 9.97233E-1 9.9813E-1 9.94227E-1 9.98831E-1 9.99899E-1 9.99943E-1 9.99593E-1 9.99701E-1 9.99916E-1 9.9991E-1 9.99999E-1 1E0 1E0 9.99999E-1 9.99993E-1 9.99968E-1 9.99991E-1 9.9904E-1 9.98626E-1 9.94684E-1 9.92517E-1 9.9885E-1 9.99751E-1 9.96273E-1 9.99733E-1 9.99499E-1 9.99994E-1 9.99985E-1 9.99899E-1 9.9591E-1 9.99982E-1
-9999 -9999 -9999 -9999 -9999 -9999 -9999 -9999 -9999 -9999 -9999 -9999 -9999 -9999 -9999 -9999 -9999 -9999 -9999 -9999 9.81863E-1 9.18453E-1 9.84042E-1 9.96111E-1 9.98454E-1 9.86109E-1 9.79836E-1 9.82578E-1 9.78629E-1 9.97689E-1 9.94E-1 9.97102E-1 9.99067E-1 9.93285E-1 9.95493E-1 9.9225E-1 9.92743E-1 9.98616E-1 9.97839E-1 9.86277E-1 9.79615E-1 9.86051E-1 9.92418E-1 9.97563E-1 9.98875E-1 9.99623E-1 9.9974E-1 9.99851E-1 9.99971E-1 9.99973E-1 9.99834E-1 9.99895E-1 9.99986E-1 9.99957E-1 9.99963E-1 9.9141E-1 9.81316E-1 9.96702E-1 9.94217E-1 9.99002E-1 9.91828E-1 9.92973E-1 9.93549E-1 9.97895E-1 9.93493E-1 9.79434E-1 9.51383E-1 9.89023E-1 9.88047E-1 9.93975E-1 9.99179E-1 9.94052E-1 9.93243E-1
