ENM/Final_Models/M_1_F_lqp_Set_1_E/Gustavia_santanderiensis_Choco_stddev.asc
ncols         367
nrows         963
xllcorner     -78.6
yllcorner     0.65
cellsize      0.00833333333333323
NODATA_value  -9999
[rows 780 to 809 of 963, columns 134 to 200 of 367]
4.20672E-4 1.84873E-3 1.37415E-2 6.71236E-3 3.56769E-3 3.41022E-3 1.57878E-3 6.91117E-4 5.18379E-4 3.71223E-4 1.12094E-4 1.0127E-4 6.83968E-4 2.02524E-4 2.17945E-5 5.94965E-5 4.09403E-5 1.10247E-5 2.18759E-6 5.40844E-6 6.79821E-6 5.75388E-6 5.98703E-6 6.43165E-6 1.32668E-5 6.87759E-6 6.4784E-6 7.58648E-6 6.44063E-6 7.48864E-6 1.61864E-5 1.16365E-5 1.13595E-5 1.45794E-5 1.77025E-5 1.69499E-5 1.84799E-5 8.55398E-6 1.41539E-5 1.31727E-5 2.2789E-5 1.27682E-4 4.10176E-4 1.52628E-3 5.38955E-3 6.94072E-3 -9999 -9999 2.68131E-2 -9999 -9999 -9999 -9999 -9999 -9999 -9999 -9999 -9999 -9999 -9999 -9999 -9999 -9999 -9999 -9999 1.32234E-2 6.66073E-3
1.42514E-3 1.0571E-2 1.8395E-2 9.83969E-3 1.70473E-3 1.2073E-3 2.72239E-3 4.82048E-3 2.98958E-3 1.40619E-3 2.70495E-4 4.59151E-4 9.96697E-4 8.2618E-5 5.94258E-5 2.89722E-4 7.12771E-5 1.35944E-5 1.02101E-5 5.5598E-6 4.697E-6 5.52088E-6 7.26633E-6 6.77639E-6 8.22645E-6 6.11856E-6 7.27757E-6 7.85268E-6 5.83841E-6 9.12584E-6 9.89576E-6 1.33694E-5 1.28318E-5 1.03878E-5 1.21588E-5 2.49645E-5 1.92236E-5 1.92247E-5 1.99544E-5 1.22577E-5 2.57968E-5 2.67304E-4 1.66776E-3 3.69891E-3 7.17436E-3 9.00004E-3 -9999 -9999 -9999 -9999 -9999 -9999 -9999 -9999 -9999 -9999 -9999 -9999 -9999 -9999 -9999 -9999 -9999 -9999 1.53895E-2 1.5263E-2 1.36707E-2
4.43127E-4 5.35623E-3 2.41391E-2 1.88442E-2 7.20462E-3 1.99497E-3 5.77625E-4 8.07584E-4 1.65965E-3 1.94218E-3 1.23208E-3 2.06956E-3 1.21914E-3 5.16214E-4 4.20751E-4 1.6943E-4 2.06445E-5 6.28585E-6 5.60242E-6 6.24814E-6 6.26898E-6 1.18878E-5 1.60829E-5 1.50802E-5 1.20042E-5 1.98816E-5 1.92966E-5 7.41344E-6 7.14819E-6 9.7871E-6 2.45544E-5 2.3213E-5 1.07433E-5 1.07805E-5 1.21791E-5 1.22377E-5 2.11929E-5 7.99668E-5 5.55757E-5 3.51286E-5 1.41903E-4 1.02488E-3 2.57983E-3 3.37436E-3 1.08751E-2 1.65119E-2 -9999 -9999 -9999 -9999 -9999 -9999 -9999 -9999 -9999 -9999 -9999 -9999 -9999 -9999 -9999 -9999 -9999 1.76043E-2 1.23874E-2 1.05195E-2 1.59429E-2
6.93024E-3 1.4336E-2 1.55354E-2 2.34218E-2 6.86698E-3 9.04353E-3 3.62153E-3 4.65876E-4 3.73596E-4 9.80931E-4 3.26912E-4 2.73457E-4 1.05046E-3 5.37752E-4 2.01165E-4 1.1249E-4 7.85702E-6 9.11131E-6 3.98794E-6 3.85605E-6 4.37833E-6 6.55348E-6 8.93277E-6 7.84972E-6 9.41982E-6 7.36594E-6 7.54606E-6 7.21398E-6 1.03644E-5 9.65846E-6 2.12805E-5 1.27446E-5 7.82445E-6 9.76212E-6 9.5536E-6 2.31631E-5 5.31629E-5 1.24071E-4 1.19554E-4 1.5511E-4 4.08643E-4 2.22363E-3 5.95236E-3 1.09783E-2 -9999 -9999 5.89087E-3 -9999 -9999 -9999 -9999 -9999 -9999 -9999 -9999 -9999 -9999 -9999 -9999 -9999 -9999 -9999 2.23729E-2 1.84771E-2 1.65464E-2 9.6191E-3 1.78606E-2
8.05945E-3 7.45187E-3 2.89639E-2 1.20206E-2 2.8245E-3 5.15369E-3 1.0188E-2 2.66908E-3 7.83548E-5 1.31746E-4 2.62845E-4 6.79399E-5 3.81965E-5 4.01081E-5 3.84031E-5 1.0405E-4 4.02032E-5 1.98824E-5 1.0333E-5 5.66281E-6 5.94255E-6 5.29469E-6 3.80908E-6 5.49263E-6 6.14938E-6 7.16303E-6 8.8618E-6 7.97556E-6 6.55604E-6 9.30624E-6 2.80345E-5 1.9939E-5 7.13369E-6 1.18139E-5 2.8193E-5 6.38058E-5 9.69317E-5 5.40849E-4 2.16138E-4 9.16568E-4 2.18904E-3 5.28648E-3 9.83247E-3 -9999 -9999 -9999 1.25367E-2 -9999 -9999 -9999 -9999 -9999 -9999 -9999 -9999 -9999 -9999 -9999 -9999 -9999 -9999 1.57974E-2 1.4091E-2 1.06572E-2 1.24311E-2 1.02963E-2 2.17237E-2
2.93073E-2 3.69793E-2 3.36438E-2 2.26239E-2 7.48813E-3 3.57671E-3 7.7849E-3 4.41468E-3 5.85044E-4 9.38741E-4 8.03876E-4 1.54262E-4 1.52711E-4 3.46427E-5 1.81042E-5 2.16533E-5 2.01201E-5 1.8344E-5 2.1352E-6 4.28209E-6 4.34459E-6 4.13935E-6 3.47825E-6 8.67006E-6 1.28966E-5 1.23594E-5 8.01229E-6 7.43893E-6 7.00547E-6 1.92988E-5 2.90694E-5 1.94925E-5 1.31414E-5 2.759E-5 7.4611E-5 1.52771E-4 3.81606E-4 1.30198E-3 1.05599E-4 4.89633E-4 2.35429E-3 8.45666E-3 8.08614E-3 -9999 -9999 -9999 2.03253E-2 -9999 -9999 -9999 -9999 -9999 -9999 -9999 -9999 -9999 -9999 -9999 -9999 -9999 9.43497E-3 9.93582E-3 1.21611E-2 9.06729E-3 8.99136E-3 1.58955E-2 2.51754E-2
4.65237E-2 2.2247E-2 9.87221E-3 1.85519E-2 3.18326E-2 1.46789E-2 1.55308E-2 1.64679E-2 2.04307E-2 9.40896E-3 8.00065E-3 3.69513E-3 8.81676E-4 2.08199E-4 3.32718E-5 2.17061E-5 1.23077E-5 1.00515E-5 1.73418E-6 1.87076E-6 2.51253E-6 5.02838E-6 5.57059E-6 8.94404E-6 1.56103E-5 2.955E-5 8.70384E-6 5.85647E-6 8.85368E-6 2.73227E-5 4.53401E-5 1.73017E-5 1.78649E-5 2.56136E-5 1.13871E-4 2.45207E-4 5.15191E-4 1.14436E-3 1.20445E-4 1.16427E-4 1.26058E-3 2.95328E-3 -9999 -9999 -9999 -9999 -9999 -9999 -9999 -9999 -9999 -9999 -9999 -9999 -9999 -9999 -9999 -9999 -9999 -9999 -9999 1.16203E-2 1.11821E-2 9.64652E-3 1.27842E-2 2.35916E-2 2.38753E-2
3.56217E-2 1.7932E-2 1.86693E-2 8.28983E-3 1.57104E-2 2.21824E-2 1.10671E-2 4.53561E-3 1.64924E-2 9.6007E-3 3.9269E-3 3.14698E-3 3.45526E-3 1.33988E-3 4.91912E-4 8.35242E-5 3.26035E-5 1.42577E-6 5.0278E-6 4.34305E-6 4.25764E-6 7.81952E-6 5.88989E-6 4.41632E-6 1.35036E-5 8.04691E-5 4.14463E-5 8.82291E-6 1.29871E-5 4.52089E-5 9.78771E-5 1.66758E-5 1.38821E-5 3.14911E-5 1.10278E-4 2.28475E-4 6.54489E-4 9.40511E-4 9.20477E-4 1.1493E-4 3.14366E-4 2.00301E-3 -9999 -9999 -9999 -9999 -9999 -9999 -9999 -9999 -9999 -9999 -9999 -9999 -9999 -9999 -9999 -9999 -9999 -9999 -9999 1.62674E-2 1.31136E-2 2.43622E-2 2.25105E-2 3.33588E-2 2.79574E-2
4.50643E-2 1.85023E-2 7.70822E-3 8.0035E-3 4.60213E-3 6.93773E-3 1.79312E-2 3.53609E-3 2.57886E-3 5.42863E-3 2.30314E-3 2.55868E-4 2.10781E-4 1.35745E-4 2.71802E-4 1.12402E-4 2.07297E-5 4.50406E-6 5.50782E-6 5.44833E-6 5.89573E-6 3.8929E-6 4.17368E-6 5.74361E-6 1.89479E-5 5.53694E-5 2.87102E-5 1.55386E-5 2.57748E-5 6.44812E-5 2.00991E-4 3.976E-5 6.1099E-6 1.17942E-5 8.2251E-5 2.73049E-4 9.75154E-4 2.30223E-3 9.98261E-4 7.01305E-4 1.51305E-4 1.6398E-3 4.94055E-3 -9999 -9999 -9999 -9999 -9999 -9999 -9999 -9999 -9999 -9999 -9999 -9999 -9999 -9999 -9999 -9999 1.75855E-2 2.60363E-2 1.82672E-2 1.58493E-2 3.16404E-2 3.57686E-2 2.44825E-2 1.52041E-2
1.41017E-2 3.78937E-3 1.29221E-3 2.48985E-3 1.48699E-3 1.55044E-3 7.00031E-3 4.00444E-3 6.11956E-4 4.70155E-4 2.39816E-3 8.42865E-4 8.27469E-5 6.37468E-5 5.42115E-5 8.99125E-5 1.08858E-5 2.00598E-6 5.92687E-6 5.44369E-6 4.73265E-6 3.6811E-6 3.98823E-6 6.13383E-6 1.22446E-5 2.21622E-5 1.28409E-5 6.9185E-6 1.7876E-5 4.61143E-5 2.23547E-4 5.36171E-5 1.34685E-5 1.97497E-5 5.25109E-5 6.04434E-4 2.95575E-3 4.31275E-3 2.93144E-3 1.15241E-3 6.42135E-4 2.505E-3 7.30629E-3 1.32484E-2 -9999 -9999 -9999 -9999 -9999 -9999 -9999 -9999 -9999 -9999 -9999 -9999 -9999 -9999 1.34658E-2 1.73332E-2 3.00443E-2 1.73267E-2 2.48189E-2 2.64415E-2 1.61079E-2 1.1801E-2 1.28241E-2
1.84987E-2 1.6812E-2 6.29495E-3 1.47248E-3 3.4275E-4 5.03654E-4 1.32542E-3 1.61981E-3 5.52271E-4 8.63898E-5 7.82159E-5 4.61105E-4 1.49574E-4 1.31444E-5 1.19271E-5 2.38972E-5 1.60787E-5 5.01824E-6 4.53418E-6 4.19331E-6 2.03823E-6 5.42226E-6 3.78781E-6 8.60122E-6 6.29951E-6 5.47916E-5 1.97401E-4 5.79683E-5 1.32687E-4 3.99582E-4 1.23726E-4 4.86607E-5 1.87479E-5 2.46657E-5 2.00785E-4 5.24002E-4 2.73505E-3 8.60515E-3 4.37427E-3 3.82664E-3 3.76655E-3 1.6551E-3 6.52394E-3 -9999 -9999 -9999 -9999 -9999 -9999 -9999 -9999 -9999 -9999 -9999 -9999 -9999 -9999 -9999 1.36884E-2 1.536E-2 3.09983E-2 3.17937E-2 2.47154E-2 1.40322E-2 6.35744E-3 4.20003E-3 4.83804E-3
1.20542E-2 1.16051E-2 5.33221E-3 2.42728E-3 9.72105E-4 2.17398E-4 3.09763E-4 5.11688E-4 1.49466E-4 4.60883E-5 1.89052E-5 3.25604E-5 4.38217E-5 1.71259E-5 3.4964E-6 4.67532E-6 8.41472E-6 1.82147E-6 1.85333E-6 7.33051E-6 8.65695E-6 6.51649E-6 4.42819E-6 7.20851E-6 8.47855E-6 2.51751E-5 3.22175E-4 5.23756E-4 6.11019E-4 8.13752E-4 8.49863E-5 1.58022E-5 1.99656E-5 9.51909E-5 3.81671E-4 8.4897E-4 3.33245E-3 -9999 6.90387E-3 1.06911E-2 6.23495E-3 6.34748E-3 6.61408E-3 -9999 -9999 -9999 -9999 -9999 -9999 -9999 -9999 -9999 -9999 -9999 -9999 -9999 -9999 -9999 1.31923E-2 2.46984E-2 3.88837E-2 3.71373E-2 1.75521E-2 6.89207E-3 4.52743E-3 4.37648E-3 2.72468E-3
9.76978E-3 5.3672E-3 1.65165E-3 6.01061E-4 3.07531E-4 1.10104E-4 5.06235E-5 6.40309E-5 3.91052E-5 1.79155E-5 1.13004E-5 9.57558E-6 1.18851E-5 1.0237E-5 8.4239E-6 1.68622E-6 2.33017E-6 4.27275E-6 2.5719E-6 1.38443E-5 9.55564E-6 8.60816E-6 3.61256E-6 8.23572E-6 2.45403E-6 6.08719E-6 1.27195E-4 1.76062E-3 9.81818E-4 2.19721E-4 3.05421E-5 2.13797E-5 4.91981E-5 3.04033E-4 8.90731E-4 1.62782E-3 2.5212E-3 -9999 -9999 -9999 1.77541E-2 1.41462E-2 4.13654E-2 -9999 -9999 -9999 -9999 -9999 -9999 -9999 -9999 -9999 -9999 -9999 -9999 -9999 -9999 -9999 -9999 -9999 -9999 2.49179E-2 7.60321E-3 7.94883E-3 7.83E-3 3.22113E-3 9.51248E-4
3.58711E-3 1.94101E-3 2.3378E-3 9.63677E-4 3.45992E-4 4.54563E-5 4.32612E-5 9.4407E-5 4.81688E-5 1.62477E-4 1.28773E-4 2.62633E-5 2.27088E-5 7.5364E-5 4.28059E-6 6.13658E-6 5.89908E-6 9.44955E-6 2.52535E-6 6.16265E-6 4.89092E-6 3.43898E-6 4.92731E-6 1.19757E-5 1.42261E-5 4.10206E-5 1.87221E-4 2.17904E-3 6.5411E-4 4.06499E-5 1.59809E-5 2.91148E-5 1.19089E-4 4.58859E-4 1.63316E-3 4.26396E-3 7.63154E-3 1.00629E-2 -9999 -9999 -9999 -9999 -9999 -9999 -9999 -9999 -9999 -9999 -9999 -9999 -9999 -9999 -9999 -9999 -9999 -9999 -9999 -9999 -9999 3.76194E-2 1.66291E-2 8.46634E-3 1.36976E-2 9.58105E-3 3.87162E-3 1.44399E-3 9.29208E-4
2.91333E-3 4.06786E-3 8.05685E-3 1.65115E-3 5.6591E-4 6.48987E-5 1.21756E-4 6.20609E-4 2.30732E-4 1.15782E-3 1.91436E-4 1.40225E-4 2.30008E-4 1.6789E-4 3.01217E-6 5.16871E-6 4.4781E-6 2.00771E-5 8.38672E-6 7.57083E-6 4.28925E-6 4.68796E-6 4.44075E-6 1.38584E-5 2.07114E-4 1.47884E-4 1.95278E-3 1.5721E-3 3.85787E-4 4.96453E-5 8.5504E-6 8.89417E-5 3.68007E-4 1.19217E-3 3.25178E-3 6.06254E-3 4.83444E-3 9.05819E-3 -9999 -9999 -9999 -9999 -9999 -9999 -9999 -9999 -9999 -9999 -9999 -9999 -9999 -9999 -9999 -9999 -9999 -9999 -9999 -9999 3.43326E-2 2.67018E-2 -9999 1.50714E-2 1.33535E-2 4.27388E-3 3.59702E-3 2.85896E-3 1.12266E-3
1.99455E-2 3.15521E-2 2.30885E-2 1.02251E-2 2.10683E-2 5.45928E-4 4.31551E-4 2.72405E-3 1.54316E-3 2.07874E-3 1.77024E-3 1.02761E-3 6.15775E-4 8.63553E-5 9.47887E-6 7.21942E-6 4.25663E-6 9.18955E-6 3.07544E-5 4.5363E-5 6.89446E-6 1.40283E-5 1.7214E-5 2.21166E-5 3.95077E-4 1.93442E-3 3.37047E-3 8.86425E-4 2.53587E-4 7.87384E-6 1.55195E-5 9.1088E-5 6.32221E-4 2.07891E-3 7.83313E-3 7.43231E-3 1.27949E-2 -9999 -9999 -9999 -9999 -9999 -9999 -9999 -9999 -9999 -9999 -9999 -9999 -9999 -9999 -9999 -9999 -9999 -9999 -9999 -9999 2.8605E-2 3.03229E-2 -9999 -9999 2.42103E-2 2.04016E-2 8.1344E-3 5.12663E-3 1.61265E-3 3.16012E-3
1.24101E-2 1.82743E-2 1.01892E-2 4.99932E-3 1.64257E-2 2.67808E-3 4.25201E-3 7.92462E-3 5.30135E-3 3.09977E-3 8.28383E-4 2.64026E-4 7.95226E-5 2.6879E-5 9.39735E-6 3.15757E-6 3.84112E-6 3.42178E-6 6.20302E-6 1.96669E-5 1.02467E-4 1.14142E-4 3.76122E-6 4.13926E-5 1.0573E-4 2.06472E-3 3.75348E-3 -9999 -9999 5.46389E-5 4.69177E-5 3.41187E-4 7.77299E-4 2.19383E-3 6.27846E-3 1.24485E-2 -9999 -9999 -9999 -9999 -9999 -9999 -9999 -9999 -9999 -9999 -9999 -9999 -9999 -9999 -9999 -9999 -9999 -9999 -9999 -9999 -9999 -9999 -9999 -9999 -9999 1.1893E-2 1.1616E-2 1.66616E-2 1.26447E-2 9.05152E-3 4.4969E-3
1.68384E-2 2.02635E-2 1.44357E-2 1.25593E-2 7.97396E-3 9.93361E-3 1.55042E-2 1.65509E-2 6.72959E-3 3.7745E-3 1.66813E-3 1.04644E-4 1.22261E-5 5.37975E-6 4.22431E-6 3.72494E-6 2.81472E-6 1.84347E-6 4.38163E-6 6.28099E-6 1.01421E-5 2.247E-4 4.60121E-4 1.55026E-4 2.45478E-4 3.45685E-3 4.35707E-3 -9999 -9999 1.73362E-4 2.65643E-4 9.19922E-4 2.50021E-3 4.52703E-3 8.20616E-3 7.33691E-3 1.99868E-2 -9999 -9999 -9999 -9999 -9999 -9999 -9999 -9999 -9999 -9999 -9999 -9999 -9999 -9999 -9999 -9999 -9999 -9999 -9999 -9999 -9999 -9999 -9999 -9999 9.15337E-3 7.34627E-3 1.26597E-2 6.43007E-3 3.78322E-3 3.07324E-3
5.73038E-2 3.79514E-2 2.45627E-2 2.49174E-2 2.08122E-2 1.15821E-2 3.91278E-3 1.23041E-3 4.04689E-4 1.35194E-4 1.02406E-4 3.94297E-5 1.44425E-5 3.75544E-6 3.66009E-6 1.27844E-5 4.69751E-6 3.31866E-6 1.13688E-5 3.90713E-6 5.87926E-6 1.63514E-5 3.19962E-4 1.04251E-3 2.73051E-3 4.541E-3 4.85049E-3 -9999 -9999 1.16273E-3 1.28183E-3 2.20042E-3 3.0867E-3 1.08537E-2 1.07719E-2 7.66535E-3 2.64644E-2 -9999 -9999 -9999 -9999 -9999 -9999 -9999 -9999 -9999 -9999 -9999 -9999 -9999 -9999 -9999 -9999 -9999 -9999 -9999 -9999 -9999 -9999 -9999 -9999 6.89252E-3 5.38419E-3 1.1008E-2 3.59917E-3 9.31422E-4 3.04082E-4
6.71159E-2 4.94779E-2 2.46657E-2 2.81167E-2 2.00228E-2 6.92063E-3 1.09743E-3 2.69505E-4 6.6833E-5 2.52961E-5 6.03509E-6 5.87675E-6 6.1301E-6 4.24606E-6 7.36911E-6 3.10371E-5 1.3903E-5 3.98606E-5 2.00414E-5 6.14708E-6 5.74061E-6 6.202E-6 3.11544E-5 2.09192E-4 4.62664E-3 -9999 -9999 -9999 -9999 3.58852E-3 2.65501E-3 5.73874E-3 8.11258E-3 1.19982E-2 -9999 -9999 -9999 -9999 -9999 -9999 -9999 -9999 -9999 -9999 -9999 -9999 -9999 -9999 -9999 -9999 -9999 -9999 -9999 -9999 -9999 -9999 -9999 -9999 -9999 -9999 4.07773E-3 5.87237E-3 3.85791E-3 4.40324E-3 2.48885E-3 5.01373E-4 3.58756E-4
3.05414E-2 3.98169E-2 5.84376E-2 4.4388E-2 1.9186E-2 1.45486E-2 1.57539E-3 9.35235E-4 1.67227E-4 2.87493E-5 1.04943E-5 6.11714E-6 5.67662E-6 7.21619E-6 1.3337E-5 4.27947E-5 9.61701E-5 3.23709E-5 1.03465E-5 6.14611E-6 4.07683E-6 4.51425E-6 2.4133E-5 5.60952E-4 6.25257E-3 -9999 -9999 -9999 -9999 2.92573E-3 8.64623E-3 4.74004E-3 2.25739E-2 3.75214E-2 -9999 -9999 -9999 -9999 -9999 -9999 -9999 -9999 -9999 -9999 -9999 -9999 -9999 -9999 -9999 -9999 -9999 -9999 -9999 -9999 -9999 -9999 -9999 -9999 -9999 -9999 1.39566E-3 1.0334E-3 5.56395E-3 2.63623E-3 1.22313E-3 9.54373E-4 3.11502E-4
4.11707E-2 2.63366E-2 2.99724E-2 4.63672E-2 6.46486E-3 2.17669E-3 2.77642E-4 2.19731E-4 7.43537E-5 2.66052E-5 9.96142E-6 4.07426E-6 3.40864E-6 6.54114E-6 1.33828E-4 2.11446E-4 1.18041E-4 1.74988E-5 6.58961E-6 4.63101E-6 4.54352E-6 9.3242E-6 6.79146E-5 7.06671E-4 5.90602E-3 4.92505E-3 -9999 -9999 -9999 -9999 -9999 1.90721E-2 2.52209E-2 3.31291E-2 -9999 -9999 -9999 -9999 -9999 -9999 -9999 -9999 -9999 -9999 -9999 -9999 -9999 -9999 -9999 -9999 -9999 -9999 -9999 -9999 -9999 -9999 -9999 -9999 -9999 -9999 1.00375E-3 2.19877E-3 3.48492E-3 1.55287E-3 2.19686E-4 3.49655E-4 5.39358E-4
2.43811E-2 9.79074E-3 7.70038E-3 1.02899E-2 3.80712E-3 5.05158E-4 1.37456E-4 4.99406E-5 2.64584E-5 8.74518E-6 2.46338E-6 5.92217E-6 1.37747E-5 1.75838E-5 3.70652E-5 3.88846E-4 1.03499E-4 2.42759E-5 9.94356E-6 5.9764E-6 5.7905E-6 1.52242E-5 2.31159E-4 1.27143E-3 4.16404E-3 2.57057E-3 -9999 -9999 -9999 -9999 -9999 -9999 2.912E-2 -9999 -9999 -9999 -9999 -9999 -9999 -9999 -9999 -9999 -9999 -9999 -9999 -9999 -9999 -9999 -9999 -9999 -9999 -9999 -9999 -9999 -9999 -9999 -9999 -9999 -9999 -9999 6.05306E-3 1.00396E-3 1.83629E-3 1.11742E-3 4.87171E-4 7.0912E-4 7.04241E-4
6.67814E-3 2.23412E-3 2.82112E-3 2.21464E-3 5.55166E-4 5.22194E-4 4.42812E-4 2.75118E-4 2.77044E-5 3.51909E-6 1.93546E-6 1.42541E-5 1.55985E-4 6.98506E-5 6.60077E-5 3.26678E-4 5.0313E-4 1.59506E-4 2.7326E-5 1.09344E-5 3.88928E-6 9.38869E-6 4.34528E-5 6.89673E-4 5.45694E-4 5.18916E-4 1.16301E-3 1.97075E-3 4.67658E-3 -9999 -9999 -9999 -9999 -9999 -9999 -9999 -9999 -9999 -9999 -9999 -9999 -9999 -9999 -9999 -9999 -9999 -9999 -9999 -9999 -9999 -9999 -9999 -9999 -9999 -9999 -9999 -9999 -9999 -9999 -9999 7.30109E-3 2.03745E-3 2.86214E-3 3.09973E-3 2.20813E-3 5.30191E-4 3.62451E-4
4.13512E-3 1.3707E-3 1.50624E-3 1.06146E-3 1.40857E-3 2.19107E-3 6.97179E-4 8.79376E-5 4.95422E-5 6.66029E-6 2.725E-6 4.80734E-5 5.69356E-4 1.34674E-4 4.50292E-5 4.63743E-4 5.00167E-4 1.3155E-4 1.50155E-5 6.86736E-6 3.58152E-6 5.27587E-6 6.80063E-5 7.24722E-4 5.83375E-4 1.27693E-3 1.55468E-3 9.59267E-4 1.91232E-3 6.75235E-3 1.81938E-2 -9999 -9999 -9999 -9999 -9999 -9999 -9999 -9999 -9999 -9999 -9999 -9999 -9999 -9999 -9999 -9999 -9999 -9999 -9999 -9999 -9999 -9999 -9999 -9999 -9999 -9999 -9999 -9999 -9999 -9999 3.52258E-3 2.98212E-3 4.04865E-3 2.06758E-3 3.51514E-4 1.29698E-4
1.93727E-3 2.15107E-3 1.88593E-3 4.32383E-3 5.17906E-3 2.28896E-3 9.47424E-4 1.00109E-4 1.15334E-4 1.76617E-5 8.73531E-6 2.09211E-4 6.37405E-4 1.33935E-4 2.36333E-4 1.24752E-3 6.86154E-4 1.04709E-4 1.72166E-5 7.6576E-6 2.98361E-6 6.8949E-6 4.40953E-5 4.44861E-4 2.13499E-3 2.84622E-3 3.45077E-3 2.09446E-3 2.00699E-3 1.48171E-2 3.87049E-2 2.3518E-2 -9999 -9999 -9999 -9999 -9999 -9999 -9999 -9999 -9999 -9999 -9999 -9999 -9999 -9999 -9999 -9999 -9999 -9999 -9999 -9999 -9999 -9999 -9999 -9999 -9999 -9999 -9999 -9999 -9999 6.37027E-3 3.61462E-3 2.52422E-3 1.91737E-3 1.18218E-3 1.84931E-4
6.32746E-3 6.4265E-3 9.91029E-3 1.13293E-2 7.4406E-3 2.05572E-3 1.0066E-3 4.07672E-4 1.43013E-4 3.95439E-5 5.80372E-5 5.27156E-4 1.11298E-3 1.17439E-4 8.57231E-4 2.24334E-3 4.67363E-4 5.32692E-5 7.13123E-6 4.84432E-6 4.02917E-6 2.98716E-5 3.57603E-4 5.90334E-4 4.23059E-3 5.06523E-3 1.53089E-2 -9999 2.73259E-3 1.75047E-2 -9999 -9999 -9999 -9999 -9999 -9999 -9999 -9999 -9999 -9999 -9999 -9999 -9999 -9999 -9999 -9999 -9999 -9999 -9999 -9999 -9999 -9999 -9999 -9999 -9999 -9999 -9999 -9999 -9999 -9999 -9999 -9999 7.84884E-3 5.07806E-3 4.06096E-3 6.03757E-4 1.54887E-4
8.12325E-3 5.7496E-3 1.72351E-2 7.95054E-3 2.03867E-3 5.48976E-4 1.48166E-4 9.04546E-5 2.87447E-5 3.27232E-5 3.38449E-4 1.3879E-3 1.83555E-3 1.22559E-3 2.20499E-3 1.24576E-3 2.2753E-4 3.37571E-5 6.10686E-6 4.59257E-6 1.41984E-5 4.92424E-4 9.63258E-4 1.03132E-3 5.44887E-3 5.3468E-3 1.89181E-2 -9999 6.2416E-3 -9999 -9999 -9999 -9999 -9999 -9999 -9999 -9999 -9999 -9999 -9999 -9999 -9999 -9999 -9999 -9999 -9999 -9999 -9999 -9999 -9999 -9999 -9999 -9999 -9999 -9999 -9999 -9999 -9999 -9999 -9999 -9999 -9999 -9999 5.83236E-3 5.52889E-3 1.54093E-3 2.68696E-4
8.24652E-3 6.3336E-3 1.26679E-2 5.35954E-3 2.41707E-3 4.07452E-4 3.90169E-4 1.08857E-4 3.61739E-5 2.57987E-5 2.18253E-4 3.05995E-3 3.35008E-3 3.17308E-3 2.51992E-3 8.14661E-4 2.14735E-4 2.95653E-5 5.71766E-6 9.05435E-6 3.36308E-5 5.8638E-4 2.3824E-3 2.52353E-3 5.54334E-3 1.76576E-2 -9999 -9999 -9999 -9999 -9999 -9999 -9999 -9999 -9999 -9999 -9999 -9999 -9999 -9999 -9999 -9999 -9999 -9999 -9999 -9999 -9999 -9999 -9999 -9999 -9999 -9999 -9999 -9999 -9999 -9999 -9999 -9999 -9999 -9999 -9999 -9999 -9999 -9999 3.91491E-3 4.54034E-4 6.83058E-4
1.34834E-2 8.51314E-3 8.85413E-3 5.62554E-3 6.65058E-3 2.20384E-3 1.12994E-3 7.3694E-5 1.72347E-5 4.53796E-5 2.14048E-4 2.27616E-3 5.56257E-3 3.16615E-3 1.33001E-3 5.40823E-4 2.51297E-4 5.31135E-5 1.14188E-5 5.212E-6 1.33564E-4 1.44129E-3 2.55482E-3 6.74472E-3 4.12223E-3 8.92634E-3 -9999 -9999 -9999 -9999 -9999 -9999 -9999 -9999 -9999 -9999 -9999 -9999 -9999 -9999 -9999 -9999 -9999 -9999 -9999 -9999 -9999 -9999 -9999 -9999 -9999 -9999 -9999 -9999 -9999 -9999 -9999 -9999 5.90453E-3 5.05961E-3 5.82533E-3 -9999 -9999 -9999 -9999 4.09197E-3 4.75947E-3
