ENM/Final_Models/M_1_F_lqp_Set_1_E/Gustavia_santanderiensis_6_Choco.asc
ncols         367
nrows         963
xllcorner     -78.6
yllcorner     0.65
cellsize      0.00833333333333323
NODATA_value  -9999
[rows 660 to 692 of 963, columns 148 to 221 of 367]
1E0 1E0 1E0 1E0 1E0 1E0 1E0 1E0 9.99979E-1 1E0 1E0 1E0 1E0 1E0 1E0 1E0 1E0 1E0 9.99817E-1 9.9475E-1 9.99498E-1 9.98031E-1 9.80685E-1 9.97368E-1 9.97339E-1 9.63367E-1 9.90571E-1 9.99688E-1 9.73562E-1 9.14286E-1 9.5042E-1 9.95695E-1 7.48336E-1 9.79322E-1 9.99855E-1 9.98085E-1 9.99409E-1 9.79692E-1 9.91377E-1 9.5301E-1 9.80738E-1 9.62591E-1 2.60196E-1 2.99829E-1 2.95584E-1 1.25305E-1 5.37361E-2 4.06395E-2 3.85987E-2 8.95274E-2 1.77323E-1 8.68229E-2 2.33499E-1 1.88766E-1 2.88535E-1 2.4038E-1 1.1826E-1 3.18862E-2 8.81803E-3 2.09839E-3 5.43989E-4 5.5309E-4 2.3288E-4 2.1167E-4 1.49812E-4 8.89297E-5 1.39328E-4 1.76591E-5 3.02595E-5 1.13499E-5 8.03251E-6 7.01741E-6 -9999 -9999
1E0 1E0 1E0 1E0 1E0 1E0 1E0 1E0 9.99997E-1 9.99994E-1 1E0 9.99989E-1 1E0 1E0 1E0 1E0 9.99998E-1 1E0 9.99988E-1 9.99772E-1 9.92363E-1 9.93616E-1 9.71547E-1 9.9923E-1 9.9136E-1 8.07091E-1 8.78713E-1 9.99202E-1 9.99813E-1 9.99879E-1 9.77372E-1 9.33138E-1 8.77885E-1 9.85903E-1 9.94482E-1 9.99878E-1 8.68024E-1 9.81953E-1 9.70062E-1 7.61348E-1 6.24667E-1 3.35543E-1 7.88508E-2 1.54508E-1 2.47698E-1 9.66478E-2 5.03308E-2 3.52582E-2 4.0859E-2 9.85548E-2 1.77991E-1 2.41591E-1 3.14472E-1 2.3182E-1 4.97233E-1 3.5213E-1 1.30652E-1 5.63512E-2 1.36047E-2 3.51297E-3 3.89585E-4 1.36881E-3 3.81496E-4 5.84638E-4 6.82517E-4 1.04406E-3 4.32195E-4 1.44131E-4 1.10463E-4 5.00414E-5 5.87642E-5 -9999 -9999 -9999
1E0 1E0 1E0 1E0 1E0 1E0 1E0 1E0 1E0 1E0 1E0 9.99993E-1 1E0 1E0 1E0 1E0 1E0 1E0 1E0 9.99981E-1 9.99906E-1 9.94702E-1 9.99452E-1 9.83401E-1 9.88008E-1 9.89509E-1 9.96352E-1 9.99649E-1 9.99968E-1 9.99977E-1 9.99996E-1 9.99991E-1 9.87952E-1 9.98168E-1 9.60311E-1 7.62691E-1 7.43756E-1 5.70296E-1 9.4319E-1 7.88747E-1 6.2289E-1 6.94391E-1 8.83008E-1 8.37258E-1 8.04909E-1 2.27418E-1 2.77915E-1 8.7246E-2 1.29068E-1 1.87988E-1 2.55498E-1 4.45142E-1 3.59271E-1 4.15167E-1 4.51707E-1 1.88592E-1 1.22161E-1 5.23219E-2 1.14359E-2 3.18076E-3 1.38049E-3 4.25833E-3 2.49062E-3 3.27246E-3 7.69419E-3 1.49225E-3 2.95287E-4 6.10893E-5 4.52847E-5 2.18253E-5 5.57716E-5 -9999 -9999 -9999
1E0 1E0 1E0 1E0 1E0 1E0 1E0 1E0 1E0 1E0 1E0 1E0 1E0 9.99999E-1 9.99991E-1 1E0 9.99999E-1 1E0 1E0 1E0 9.99999E-1 9.99973E-1 9.99138E-1 9.99605E-1 9.99755E-1 9.99842E-1 9.98536E-1 9.99397E-1 9.96876E-1 9.9989E-1 1E0 9.92219E-1 9.78002E-1 9.82737E-1 9.51856E-1 6.36461E-1 3.97368E-1 4.61677E-1 8.21167E-1 4.3181E-1 7.24818E-1 6.76732E-1 1.86967E-1 5.66481E-1 8.08071E-1 7.78646E-1 2.63745E-1 6.5874E-2 1.42705E-1 4.01483E-1 6.20062E-1 6.12653E-1 5.04375E-1 7.49698E-1 3.94071E-1 3.31327E-1 1.51283E-1 8.71333E-2 1.47304E-2 1.65089E-2 7.8866E-3 2.23875E-2 6.43696E-3 1.58673E-2 6.84416E-3 1.97468E-3 3.72532E-4 7.3437E-5 5.24811E-5 7.12422E-5 9.64648E-5 -9999 -9999 -9999
1E0 1E0 1E0 1E0 1E0 1E0 1E0 1E0 1E0 1E0 1E0 1E0 1E0 9.99999E-1 1E0 9.98817E-1 9.99973E-1 9.99985E-1 9.99996E-1 9.99995E-1 9.99998E-1 9.97383E-1 9.99768E-1 9.99583E-1 9.99544E-1 9.99977E-1 9.99216E-1 9.54653E-1 8.60871E-1 9.99907E-1 9.99971E-1 9.99166E-1 9.86851E-1 7.8186E-1 6.7147E-1 4.3187E-1 2.19887E-1 4.03392E-1 4.51076E-1 5.03578E-1 2.98409E-1 3.16851E-1 1.58817E-1 4.21154E-1 7.20989E-1 8.67414E-1 6.93323E-1 2.07E-1 1.81101E-1 3.31733E-1 5.22207E-1 5.98523E-1 8.11517E-1 6.20714E-1 2.23565E-1 2.50741E-1 3.20422E-1 1.7725E-1 1.00094E-1 9.49525E-2 1.82201E-2 3.21043E-2 4.85913E-2 1.6727E-2 2.13755E-3 2.03846E-4 1.69878E-4 1.07261E-4 6.79051E-5 8.41348E-5 2.79605E-4 -9999 -9999 -9999
1E0 1E0 1E0 1E0 1E0 1E0 1E0 1E0 1E0 1E0 1E0 1E0 1E0 1E0 9.99999E-1 9.97812E-1 9.99974E-1 9.99999E-1 9.99824E-1 9.99763E-1 9.99276E-1 9.9968E-1 9.9999E-1 9.9999E-1 9.99947E-1 9.97917E-1 9.86062E-1 7.81032E-1 8.43216E-1 9.99923E-1 9.99997E-1 9.99997E-1 9.98204E-1 9.18135E-1 9.47466E-1 7.85324E-1 4.93423E-1 2.35774E-1 1.13686E-1 7.62012E-2 2.3749E-2 1.6793E-1 2.36165E-1 2.68315E-1 4.12768E-1 7.19471E-1 9.31366E-1 3.5413E-1 3.13899E-1 2.64338E-1 3.30899E-1 4.60005E-1 8.30469E-1 7.77388E-1 6.44409E-1 3.08084E-1 2.9663E-1 4.17909E-1 1.79862E-1 1.03338E-1 1.56194E-1 8.79466E-2 5.9994E-2 5.85029E-3 1.11471E-3 2.62054E-5 1.29577E-5 3.31097E-5 1.36894E-4 1.62739E-4 -9999 -9999 -9999 -9999
1E0 1E0 1E0 1E0 1E0 1E0 1E0 1E0 1E0 1E0 1E0 1E0 1E0 1E0 1E0 9.99946E-1 9.99991E-1 9.99403E-1 9.9949E-1 9.96183E-1 9.99677E-1 9.99585E-1 9.99997E-1 9.99995E-1 9.99987E-1 9.97297E-1 9.55526E-1 6.22413E-1 8.24719E-1 9.99446E-1 9.99581E-1 9.95357E-1 9.89706E-1 9.01884E-1 6.39079E-1 4.23723E-1 1.75207E-1 2.3256E-1 9.78935E-3 7.06299E-4 4.57749E-3 1.48969E-1 1.89677E-1 2.75853E-1 2.92505E-1 2.16011E-1 7.84164E-1 8.18355E-1 8.04677E-1 6.56824E-1 5.4356E-1 7.95742E-1 8.75879E-1 5.7716E-1 7.18313E-1 4.76592E-1 5.0549E-1 2.86679E-1 2.26791E-1 1.06429E-1 8.43984E-2 7.55394E-2 2.51994E-2 1.41427E-3 1.55017E-4 8.39277E-6 3.29303E-6 8.73391E-5 1.97053E-4 7.53001E-4 -9999 -9999 -9999 -9999
1E0 1E0 1E0 1E0 1E0 1E0 1E0 1E0 9.99997E-1 9.99999E-1 1E0 1E0 1E0 9.99999E-1 1E0 1E0 9.99861E-1 9.99861E-1 9.9976E-1 9.99849E-1 1E0 9.99802E-1 9.99999E-1 9.98929E-1 9.96409E-1 9.73326E-1 8.43283E-1 6.81432E-1 7.81785E-1 9.99569E-1 9.92975E-1 7.46525E-1 9.31393E-1 9.28315E-1 7.42232E-1 2.47384E-2 1.171E-2 6.94897E-3 5.14366E-4 2.28872E-4 2.62364E-3 1.83195E-1 2.82561E-1 3.38383E-1 1.89671E-1 1.84504E-1 5.21228E-1 7.73785E-1 6.25373E-1 8.46559E-1 6.95646E-1 9.05752E-1 7.12714E-1 2.79383E-1 2.20998E-1 1.50739E-1 1.12694E-1 1.16622E-1 2.0872E-1 7.56036E-2 4.46452E-2 2.61584E-2 9.41955E-3 3.04965E-4 7.50711E-5 1.41799E-6 3.09E-6 1.45906E-5 4.26199E-5 -9999 -9999 -9999 -9999 -9999
1E0 1E0 1E0 1E0 1E0 1E0 1E0 1E0 9.99999E-1 9.99999E-1 1E0 9.99992E-1 9.99994E-1 1E0 1E0 1E0 9.99889E-1 9.92316E-1 9.81847E-1 9.98414E-1 9.99983E-1 9.99815E-1 9.99596E-1 9.99809E-1 9.9265E-1 9.03201E-1 7.86098E-1 4.42572E-1 6.04876E-1 9.97316E-1 9.79041E-1 7.29421E-1 8.06036E-1 6.89068E-1 1.3602E-1 1.79294E-2 3.47933E-3 6.8884E-4 4.29936E-5 6.98088E-4 4.27313E-3 1.38271E-1 3.32508E-1 2.99499E-1 1.0341E-1 3.01061E-1 6.0264E-1 8.04899E-1 4.05058E-1 5.40381E-1 7.18181E-1 9.11387E-1 6.84372E-1 2.38086E-1 2.64135E-1 9.5004E-2 6.8661E-2 4.08058E-2 1.1078E-1 3.99886E-2 3.45262E-2 1.85928E-2 4.0701E-3 1.13705E-3 1.90434E-4 1.89326E-6 6.08074E-7 3.4065E-6 6.96612E-5 -9999 -9999 -9999 -9999 -9999
1E0 1E0 1E0 1E0 1E0 1E0 1E0 9.99999E-1 1E0 9.99994E-1 9.99998E-1 1E0 1E0 1E0 1E0 1E0 9.9935E-1 9.99953E-1 9.99965E-1 9.87128E-1 9.99443E-1 9.97891E-1 9.95979E-1 9.98114E-1 9.82067E-1 8.42826E-1 6.11215E-1 3.36416E-1 5.27439E-1 9.31758E-1 9.97993E-1 8.69532E-1 7.68709E-1 4.69248E-1 5.58422E-2 1.18547E-2 9.05008E-3 2.20753E-3 1.40715E-4 1.33147E-3 1.07178E-2 2.31144E-1 1.82858E-1 2.99499E-1 1.925E-1 4.32624E-1 3.77212E-1 6.34192E-1 6.23107E-1 3.57152E-1 4.26087E-1 6.05439E-1 8.61792E-1 6.42393E-1 3.0503E-1 2.22976E-1 1.37536E-1 2.99976E-2 8.49238E-3 5.15007E-3 4.53691E-3 3.63619E-3 1.66607E-3 3.76275E-4 8.68544E-5 4.2503E-6 2.44132E-6 1.36059E-6 2.96288E-5 -9999 -9999 -9999 -9999 -9999
1E0 1E0 1E0 1E0 1E0 1E0 1E0 1E0 1E0 9.99998E-1 1E0 1E0 1E0 1E0 1E0 1E0 1E0 1E0 1E0 9.99569E-1 9.75943E-1 9.99492E-1 9.89571E-1 9.95369E-1 9.57801E-1 8.61717E-1 6.23819E-1 7.14971E-1 7.71621E-1 8.05214E-1 7.36479E-1 5.563E-1 8.54727E-1 4.9468E-1 4.14872E-2 1.15214E-2 3.20467E-3 1.56662E-3 1.01296E-4 2.25655E-3 9.14118E-3 8.42438E-2 1.36728E-1 2.06657E-1 2.3856E-1 3.28405E-1 2.58027E-1 3.64516E-1 4.75041E-1 4.35458E-1 3.09562E-1 2.87593E-1 6.755E-1 7.95448E-1 5.68724E-1 3.64344E-1 1.95798E-1 9.93713E-2 9.60483E-3 1.03185E-3 3.39872E-3 1.49873E-3 3.04032E-4 4.18139E-4 3.03006E-4 2.38131E-5 8.72381E-6 1.61342E-5 3.44843E-5 -9999 -9999 -9999 -9999 -9999
1E0 1E0 1E0 1E0 1E0 1E0 1E0 1E0 1E0 1E0 1E0 1E0 1E0 1E0 1E0 1E0 1E0 9.99973E-1 9.99989E-1 9.92947E-1 9.9437E-1 9.97568E-1 9.90525E-1 9.98933E-1 9.96798E-1 9.45662E-1 9.87847E-1 9.93575E-1 9.97086E-1 9.96507E-1 8.64228E-1 9.07704E-1 9.85215E-1 7.22869E-1 1.05457E-2 4.87598E-3 1.81022E-3 4.30915E-4 6.87918E-5 3.97053E-4 8.89825E-3 4.92007E-2 1.64304E-1 2.01638E-1 1.18668E-1 2.06591E-1 1.78367E-1 3.03514E-1 1.06159E-1 2.80021E-1 2.46464E-1 1.56561E-1 3.54025E-1 4.14414E-1 5.00372E-1 5.0948E-1 3.37688E-1 1.6524E-1 1.25641E-2 4.50905E-3 1.05672E-2 7.2004E-3 2.84443E-3 3.19342E-3 1.67455E-3 4.22045E-4 1.13153E-5 5.56948E-5 7.29705E-5 -9999 -9999 -9999 -9999 -9999
1E0 1E0 1E0 1E0 1E0 1E0 1E0 1E0 1E0 1E0 1E0 1E0 1E0 1E0 1E0 1E0 9.99999E-1 9.99761E-1 9.95851E-1 9.97017E-1 9.9329E-1 9.89274E-1 9.90643E-1 9.99705E-1 9.93702E-1 9.97663E-1 9.61448E-1 9.98429E-1 9.99968E-1 9.99264E-1 9.92907E-1 9.97201E-1 9.86345E-1 2.9067E-1 2.18766E-2 2.17428E-2 1.01618E-2 9.56816E-4 8.49381E-5 2.97127E-4 6.62113E-3 5.57346E-2 1.35135E-1 1.64448E-1 5.63846E-2 6.38746E-2 1.55068E-1 2.24565E-1 9.65963E-2 2.43504E-1 1.8041E-1 1.64305E-1 2.15716E-1 1.24201E-1 1.74802E-1 1.30365E-1 2.29888E-1 1.78816E-1 5.95895E-2 4.31276E-2 2.34527E-2 2.12853E-2 1.25367E-2 4.6253E-3 2.11295E-3 5.37657E-4 3.13327E-6 2.74126E-6 2.88442E-5 -9999 -9999 -9999 -9999 -9999
1E0 1E0 1E0 1E0 1E0 1E0 1E0 1E0 1E0 1E0 1E0 9.99999E-1 9.99998E-1 1E0 1E0 1E0 1E0 9.99984E-1 9.94244E-1 9.98245E-1 9.99526E-1 9.99014E-1 9.99394E-1 9.92504E-1 9.93406E-1 9.83378E-1 9.89385E-1 9.81157E-1 9.99773E-1 9.9914E-1 9.99705E-1 9.9511E-1 9.96732E-1 3.36817E-1 2.06985E-2 5.40479E-3 7.64643E-3 7.18011E-4 5.25735E-5 1.84559E-4 8.61997E-3 6.56123E-2 7.40043E-2 7.35153E-2 1.74624E-2 2.79212E-2 1.17336E-1 7.78872E-2 6.24548E-2 1.73142E-1 1.80657E-1 9.62793E-2 9.46867E-2 7.52583E-2 1.20192E-1 1.54015E-1 1.96796E-1 2.20494E-1 9.0644E-2 1.47707E-1 9.42756E-2 1.1749E-1 4.14751E-2 8.6274E-3 3.00329E-3 7.1282E-4 3.00518E-6 2.52284E-6 1.91768E-5 -9999 -9999 -9999 -9999 -9999
1E0 1E0 1E0 1E0 1E0 1E0 1E0 1E0 1E0 1E0 1E0 9.99998E-1 9.99998E-1 9.99999E-1 1E0 1E0 1E0 9.99716E-1 9.9844E-1 9.99979E-1 9.98394E-1 9.99783E-1 9.99557E-1 9.99122E-1 9.99498E-1 9.67069E-1 9.28665E-1 9.76492E-1 9.99906E-1 9.12096E-1 9.06431E-1 8.74669E-1 7.33159E-1 8.19382E-1 6.30368E-2 1.09723E-1 2.79925E-2 7.39057E-3 2.11778E-4 3.60444E-5 1.54612E-3 2.01606E-2 1.33994E-1 1.77636E-1 9.15425E-2 1.21095E-1 8.14182E-2 8.99393E-2 2.52923E-2 6.30324E-2 7.34338E-2 9.82007E-2 4.86913E-2 2.89719E-2 5.64344E-2 1.13585E-1 1.01258E-1 6.61371E-2 3.98888E-2 5.15834E-2 5.37666E-2 6.42057E-2 4.69236E-2 2.77876E-2 3.35488E-3 2.86742E-4 5.11315E-6 2.3947E-6 5.58821E-5 -9999 -9999 -9999 -9999 -9999
1E0 1E0 1E0 1E0 1E0 1E0 1E0 1E0 1E0 1E0 1E0 1E0 1E0 9.99997E-1 1E0 1E0 1E0 1E0 9.99969E-1 9.99954E-1 9.99944E-1 1E0 9.9866E-1 9.99273E-1 9.13013E-1 9.88259E-1 9.88239E-1 9.9957E-1 9.99979E-1 9.92391E-1 6.88669E-1 6.21881E-1 3.78789E-1 2.26016E-1 4.39496E-1 6.06348E-2 1.49628E-2 1.11853E-3 2.57793E-4 1.52191E-3 2.99612E-3 1.42214E-2 4.2164E-2 3.65589E-2 4.33788E-2 1.0227E-1 7.22466E-2 3.20157E-2 3.971E-2 4.30879E-2 8.25144E-2 3.59971E-2 1.5462E-2 2.27694E-2 3.39305E-2 3.4609E-2 5.76249E-2 3.11812E-2 3.63911E-3 3.40719E-3 3.92793E-2 2.86079E-2 7.8155E-3 1.77062E-2 3.00894E-3 4.07683E-4 1.07595E-5 2.67961E-6 1.30452E-5 -9999 -9999 -9999 -9999 -9999
1E0 1E0 1E0 1E0 1E0 1E0 1E0 1E0 1E0 1E0 1E0 1E0 1E0 1E0 1E0 1E0 1E0 1E0 9.99986E-1 9.99999E-1 9.99995E-1 1E0 1E0 9.97904E-1 8.23324E-1 9.97971E-1 9.99801E-1 9.99924E-1 9.98924E-1 9.93037E-1 7.58196E-1 9.22396E-1 8.54205E-1 4.35255E-1 2.00533E-1 3.36258E-2 2.32521E-2 4.30831E-3 2.25792E-3 7.00767E-3 2.4594E-2 6.32195E-2 7.02E-3 8.06264E-3 7.07602E-3 3.61753E-2 3.14864E-2 1.34129E-2 2.65088E-2 1.48832E-2 2.50665E-2 2.37803E-2 7.92584E-3 3.73455E-3 5.01763E-3 5.57528E-3 3.47738E-2 1.25953E-2 1.59227E-3 6.6072E-4 1.27433E-2 4.18E-3 1.15816E-3 1.24561E-3 3.10518E-4 3.19761E-4 5.40876E-6 1.24041E-5 1.25478E-4 -9999 -9999 -9999 -9999 -9999
1E0 1E0 9.99999E-1 1E0 1E0 1E0 1E0 1E0 1E0 1E0 1E0 1E0 1E0 1E0 1E0 1E0 1E0 1E0 9.99982E-1 9.99993E-1 1E0 1E0 9.99112E-1 9.99907E-1 9.88717E-1 9.94956E-1 9.97942E-1 9.81036E-1 9.89942E-1 9.82328E-1 9.71127E-1 9.4996E-1 9.5225E-1 8.00167E-1 6.97873E-1 4.0105E-2 5.49794E-2 4.01459E-2 7.36655E-3 4.43382E-2 3.16441E-1 5.94517E-2 1.13931E-2 2.52899E-2 2.00387E-2 1.264E-2 4.81053E-3 5.51778E-3 7.81773E-3 7.88942E-3 1.52242E-2 1.94503E-2 1.97759E-3 9.30423E-4 3.32748E-4 1.32431E-3 5.09225E-3 1.39531E-2 7.32331E-3 8.61169E-4 1.99262E-3 8.58302E-4 4.75851E-4 5.26434E-4 1.83435E-5 5.25237E-6 8.64345E-6 4.63643E-5 2.82898E-4 -9999 -9999 -9999 -9999 -9999
1E0 1E0 1E0 1E0 1E0 1E0 1E0 1E0 1E0 1E0 1E0 1E0 1E0 1E0 1E0 1E0 1E0 1E0 1E0 9.99991E-1 1E0 1E0 9.99998E-1 9.83095E-1 9.99165E-1 9.97365E-1 9.65028E-1 9.36102E-1 8.60979E-1 9.61007E-1 9.99478E-1 9.99869E-1 9.99501E-1 9.37298E-1 9.56967E-1 8.29711E-1 4.27952E-1 2.11874E-1 5.57796E-2 2.6516E-1 4.18896E-1 2.36438E-1 1.11312E-1 2.10181E-1 1.13705E-1 1.49095E-2 2.45676E-3 5.67145E-3 1.76869E-3 2.61638E-3 4.69919E-3 5.18847E-3 9.13313E-4 2.01389E-4 1.41164E-4 2.15691E-4 3.23239E-3 6.39227E-3 4.40859E-3 6.86172E-3 1.73702E-3 1.13305E-3 2.12346E-4 1.28534E-4 4.39948E-6 1.73319E-6 1.535E-5 1.25153E-4 1.29196E-4 -9999 -9999 -9999 -9999 -9999
1E0 1E0 1E0 1E0 1E0 1E0 1E0 9.99997E-1 1E0 9.99999E-1 1E0 1E0 1E0 1E0 9.99997E-1 1E0 1E0 1E0 1E0 9.99997E-1 1E0 9.99999E-1 9.99761E-1 9.98516E-1 9.62349E-1 9.74068E-1 9.66623E-1 9.10353E-1 9.93785E-1 9.2455E-1 9.99838E-1 9.9978E-1 9.99972E-1 9.98644E-1 8.25227E-1 4.97246E-1 5.69343E-1 4.17558E-1 1.1972E-1 4.24126E-1 6.64147E-1 2.90094E-1 3.72075E-1 7.50264E-1 5.26782E-1 2.21068E-1 8.48168E-2 2.62305E-2 2.51633E-3 1.36612E-3 1.97931E-3 5.03289E-3 8.51531E-5 1.41025E-5 7.42022E-5 3.53563E-4 9.22481E-4 1.3917E-3 5.41574E-4 9.75526E-4 9.4358E-4 1.13512E-3 5.29799E-4 2.96533E-5 1.28071E-6 2.43553E-6 3.57631E-5 9.2379E-4 -9999 -9999 -9999 -9999 -9999 -9999
1E0 1E0 1E0 1E0 1E0 1E0 1E0 1E0 1E0 1E0 1E0 9.99985E-1 9.99626E-1 9.99997E-1 9.9994E-1 9.99996E-1 9.99964E-1 1E0 9.99997E-1 1E0 1E0 9.99623E-1 9.80943E-1 9.99273E-1 9.96852E-1 9.99358E-1 9.89553E-1 9.93694E-1 9.87519E-1 9.69191E-1 5.231E-1 4.34195E-1 4.88742E-1 2.06508E-1 9.6578E-1 9.94604E-1 9.73947E-1 6.96215E-1 3.6183E-1 7.72286E-1 9.07243E-1 5.73888E-1 7.57503E-1 9.66277E-1 7.74193E-1 4.96838E-1 3.66443E-1 4.82866E-2 1.64353E-2 4.07672E-3 1.36775E-4 5.24655E-5 2.53638E-6 3.17782E-6 1.13353E-5 2.2895E-4 7.41731E-5 1.99327E-4 4.55037E-5 1.75015E-4 2.14675E-4 9.86892E-5 4.79145E-5 5.11436E-6 7.08443E-7 4.36568E-6 3.07105E-5 1.37415E-4 -9999 -9999 -9999 -9999 -9999 -9999
1E0 1E0 1E0 1E0 1E0 1E0 1E0 1E0 9.99995E-1 9.99977E-1 9.99987E-1 9.99999E-1 9.9997E-1 9.99789E-1 9.99748E-1 1E0 9.99996E-1 1E0 9.99485E-1 9.9991E-1 9.99932E-1 9.9939E-1 9.74116E-1 9.9299E-1 9.83062E-1 9.99961E-1 9.99973E-1 9.95199E-1 9.99987E-1 9.99225E-1 9.48937E-1 6.55392E-1 6.51358E-1 8.19541E-1 9.34438E-1 9.86372E-1 9.99176E-1 9.8172E-1 9.81753E-1 9.47136E-1 8.81602E-1 7.88475E-1 9.55041E-1 9.60891E-1 6.21056E-1 6.55399E-1 2.97317E-1 2.18894E-1 3.23058E-2 2.50075E-3 4.26563E-3 7.5752E-5 4.90891E-7 2.19767E-7 3.38054E-6 6.45733E-5 4.19487E-5 2.27334E-5 3.31787E-5 3.13857E-5 2.79891E-5 5.91279E-6 1.84369E-6 6.51804E-7 1.54385E-6 1.54132E-5 1.14632E-4 1.24994E-3 -9999 -9999 -9999 -9999 -9999 -9999
1E0 1E0 1E0 1E0 1E0 1E0 1E0 1E0 1E0 1E0 9.99997E-1 9.99953E-1 9.99945E-1 9.9963E-1 9.99906E-1 9.99993E-1 9.99997E-1 9.99605E-1 9.99996E-1 9.99998E-1 9.99772E-1 9.81345E-1 9.38561E-1 9.3884E-1 9.99583E-1 9.99955E-1 9.99332E-1 9.99413E-1 9.99486E-1 9.92942E-1 8.21595E-1 6.35174E-1 6.99775E-1 4.54151E-1 8.654E-1 9.76613E-1 9.33267E-1 3.5811E-1 4.52711E-1 8.02763E-1 7.30553E-1 9.68308E-1 9.81761E-1 9.69074E-1 8.02908E-1 6.27476E-1 4.2606E-1 1.10459E-1 2.24279E-3 6.08245E-4 1.15495E-4 2.4114E-4 1.87712E-6 1.03561E-6 9.74066E-6 4.46018E-5 8.56761E-6 1.38664E-6 2.53403E-6 1.39026E-5 1.49828E-5 1.8599E-6 1.43297E-6 1.82226E-6 3.3643E-6 7.41695E-6 1.13181E-4 3.61414E-4 -9999 -9999 -9999 -9999 -9999 -9999
1E0 1E0 1E0 1E0 1E0 1E0 1E0 1E0 1E0 1E0 9.99977E-1 9.99991E-1 9.99983E-1 9.99897E-1 9.99995E-1 9.99998E-1 9.99984E-1 9.99967E-1 9.9999E-1 9.9997E-1 9.99988E-1 9.98167E-1 9.29647E-1 9.50478E-1 9.98707E-1 9.92934E-1 9.99129E-1 9.99938E-1 9.99969E-1 9.98405E-1 9.84773E-1 9.02073E-1 8.2364E-1 5.14526E-1 4.62688E-1 5.49944E-1 7.66952E-1 2.58398E-1 3.50849E-1 8.77033E-1 9.67872E-1 9.90549E-1 9.8765E-1 8.45375E-1 6.15089E-1 5.83191E-1 4.75209E-1 1.4028E-2 2.60186E-3 1.5721E-4 4.43672E-5 1.64968E-3 6.94018E-5 5.42665E-5 5.16435E-4 1.66315E-4 2.94138E-5 3.38813E-6 1.07254E-6 1.79636E-6 3.78788E-6 2.03818E-6 6.69787E-6 1.02243E-5 1.61459E-5 5.74394E-6 1.10102E-5 6.52432E-5 -9999 -9999 -9999 -9999 -9999 -9999
1E0 1E0 1E0 1E0 1E0 1E0 1E0 1E0 1E0 9.99999E-1 9.99968E-1 9.99995E-1 1E0 9.99999E-1 1E0 1E0 9.99996E-1 9.99943E-1 9.99989E-1 9.99997E-1 9.99998E-1 9.93358E-1 9.82276E-1 8.63892E-1 9.83797E-1 9.99442E-1 9.9823E-1 9.98593E-1 9.99959E-1 9.99993E-1 9.87865E-1 9.86236E-1 9.5384E-1 7.79589E-1 4.2154E-1 4.82943E-1 4.57726E-1 3.43448E-1 7.01247E-1 8.42772E-1 9.89653E-1 9.99463E-1 7.24594E-1 4.59777E-1 4.26746E-1 7.9825E-1 1.70933E-1 4.14488E-3 2.63682E-3 2.60912E-4 1.1388E-4 1.83694E-3 3.58537E-4 1.75453E-3 1.67656E-3 5.48874E-4 3.00868E-4 2.16968E-5 1.54782E-6 6.4499E-7 7.65398E-7 9.66767E-7 3.13145E-6 3.89667E-6 3.70247E-5 1.17153E-4 1.55161E-5 2.94393E-5 -9999 -9999 -9999 -9999 -9999 -9999
1E0 1E0 1E0 1E0 1E0 1E0 1E0 1E0 1E0 9.99997E-1 9.99894E-1 9.99547E-1 1E0 9.99998E-1 9.99997E-1 1E0 9.99999E-1 9.99863E-1 9.99987E-1 1E0 9.99992E-1 9.94436E-1 9.926E-1 9.67636E-1 9.88417E-1 9.5612E-1 9.9179E-1 9.91334E-1 9.99931E-1 9.99836E-1 9.98813E-1 9.98134E-1 9.92911E-1 9.63994E-1 8.88989E-1 8.06837E-1 4.97896E-1 7.7438E-1 9.80034E-1 9.51393E-1 9.83587E-1 9.99749E-1 9.92851E-1 8.02715E-1 7.61275E-1 7.33531E-1 1.81063E-1 2.2149E-3 8.22017E-4 1.09219E-4 2.01532E-4 4.43278E-3 3.99465E-3 4.25332E-3 1.25183E-3 7.37785E-4 2.61481E-4 4.39051E-5 3.78026E-6 4.52221E-7 3.93596E-7 6.7822E-7 1.10294E-6 6.91907E-7 8.18295E-6 6.7589E-5 1.2563E-4 -9999 -9999 -9999 -9999 -9999 -9999 -9999
1E0 1E0 1E0 1E0 1E0 1E0 1E0 1E0 1E0 1E0 9.99656E-1 9.99968E-1 1E0 1E0 1E0 9.99999E-1 9.9996E-1 9.99998E-1 9.99995E-1 9.99998E-1 9.99942E-1 9.99734E-1 9.97869E-1 9.99929E-1 9.98628E-1 9.66725E-1 9.7055E-1 9.84992E-1 9.99974E-1 9.71657E-1 9.74756E-1 9.95256E-1 9.87921E-1 9.97568E-1 9.89874E-1 9.0944E-1 6.44282E-1 9.41595E-1 9.9907E-1 9.96292E-1 9.77363E-1 9.85695E-1 9.80496E-1 9.00217E-1 7.27168E-1 5.36158E-1 1.40573E-1 3.1394E-3 3.11311E-4 2.9917E-4 7.85467E-4 8.01402E-3 4.05515E-3 3.066E-4 2.63373E-5 1.85451E-5 1.20905E-5 3.2637E-6 6.64231E-7 9.34728E-7 2.58515E-6 5.03589E-6 1.8103E-5 1.16955E-6 1.54465E-6 5.71071E-6 3.038E-5 -9999 -9999 -9999 -9999 -9999 -9999 -9999
1E0 1E0 1E0 1E0 1E0 1E0 1E0 1E0 9.99996E-1 9.99999E-1 9.99999E-1 9.99948E-1 1E0 1E0 1E0 9.99998E-1 9.99998E-1 9.9988E-1 9.99176E-1 9.99717E-1 9.99835E-1 9.99782E-1 9.8399E-1 9.87313E-1 9.98484E-1 9.99911E-1 9.98943E-1 9.92095E-1 9.87112E-1 9.93862E-1 9.77046E-1 8.51338E-1 9.4273E-1 9.8036E-1 9.6959E-1 9.00102E-1 8.34241E-1 9.79852E-1 9.99912E-1 9.99978E-1 9.95454E-1 8.72195E-1 8.30421E-1 8.6126E-1 6.32664E-1 4.72658E-1 1.60454E-1 1.14611E-2 3.37547E-4 3.98564E-3 9.92753E-3 4.10679E-3 8.66947E-4 2.35794E-5 8.44834E-6 8.77188E-6 7.6161E-6 8.17165E-7 4.39013E-7 7.53729E-7 1.79132E-6 2.47293E-5 1.17191E-4 1.33328E-5 7.60529E-6 1.86626E-5 -9999 -9999 -9999 -9999 -9999 -9999 -9999 -9999
1E0 1E0 1E0 1E0 1E0 1E0 1E0 1E0 1E0 1E0 9.99966E-1 1E0 1E0 1E0 1E0 9.99974E-1 9.99988E-1 9.99949E-1 9.99978E-1 9.99993E-1 9.99179E-1 9.99492E-1 9.99505E-1 9.99333E-1 9.99061E-1 9.99981E-1 9.99556E-1 9.99827E-1 9.99446E-1 9.83067E-1 9.81649E-1 9.76118E-1 9.83735E-1 9.93481E-1 9.99551E-1 9.97711E-1 8.40304E-1 9.82791E-1 9.95676E-1 9.99926E-1 9.92312E-1 7.554E-1 6.21229E-1 3.15407E-1 2.31289E-1 3.12836E-1 9.11569E-2 1.16328E-2 3.90066E-4 6.52369E-4 2.43213E-3 1.495E-3 4.02445E-4 1.58555E-4 3.03335E-4 6.22001E-5 4.95247E-6 1.07408E-6 7.53527E-7 2.40267E-6 1.59926E-5 3.10827E-5 8.37252E-5 1.29484E-4 5.42585E-5 7.01851E-5 -9999 -9999 -9999 -9999 -9999 -9999 -9999 -9999
1E0 1E0 1E0 1E0 1E0 1E0 1E0 1E0 1E0 1E0 9.99999E-1 1E0 1E0 1E0 1E0 9.99951E-1 9.99989E-1 9.99943E-1 9.99971E-1 9.99999E-1 9.93147E-1 9.98745E-1 9.98948E-1 9.99902E-1 9.99902E-1 9.99892E-1 9.9969E-1 9.83115E-1 9.32227E-1 9.90579E-1 9.97909E-1 9.99992E-1 9.99976E-1 9.99659E-1 9.99947E-1 9.96162E-1 9.4248E-1 9.80026E-1 9.97235E-1 9.79717E-1 4.89802E-1 8.91781E-1 5.66295E-1 4.59405E-1 3.04461E-1 1.87299E-1 9.58712E-2 4.24626E-2 4.92373E-4 7.38399E-5 2.72998E-4 1.89533E-3 4.65904E-3 3.04431E-3 9.9288E-4 1.74987E-4 1.04454E-5 2.6779E-6 4.44296E-7 1.9791E-6 7.05445E-6 1.12761E-5 4.00229E-5 1.35696E-4 7.93983E-5 -9999 -9999 -9999 -9999 -9999 -9999 -9999 -9999 -9999
1E0 1E0 1E0 1E0 1E0 1E0 1E0 1E0 1E0 1E0 1E0 1E0 9.99999E-1 9.99998E-1 9.99989E-1 9.99999E-1 1E0 9.99958E-1 9.99989E-1 9.99849E-1 9.9991E-1 9.99339E-1 9.68442E-1 9.84488E-1 9.92841E-1 9.92502E-1 9.95287E-1 9.6235E-1 7.89091E-1 9.02843E-1 9.76965E-1 9.99814E-1 9.98867E-1 9.99947E-1 9.99981E-1 9.99804E-1 8.03401E-1 7.73606E-1 7.8411E-1 8.02559E-1 7.87267E-1 9.66564E-1 9.35421E-1 8.45565E-1 4.27352E-1 5.44028E-1 2.13194E-1 1.06171E-1 3.92822E-3 7.29582E-5 6.17604E-5 3.91204E-5 1.57815E-3 8.11592E-3 2.07322E-3 7.37698E-4 2.09316E-5 2.64975E-6 8.82757E-7 3.27177E-6 4.21305E-5 5.07651E-5 7.87868E-6 4.23066E-5 3.43119E-4 -9999 -9999 -9999 -9999 -9999 -9999 -9999 -9999 -9999
1E0 1E0 1E0 1E0 1E0 1E0 1E0 -9999 1E0 1E0 -9999 1E0 1E0 1E0 9.99999E-1 1E0 1E0 9.99999E-1 9.99998E-1 1E0 1E0 9.99628E-1 9.84399E-1 9.68556E-1 9.99866E-1 9.99064E-1 9.93877E-1 9.66564E-1 9.39898E-1 8.61834E-1 9.90703E-1 9.99401E-1 9.96386E-1 9.99184E-1 9.88498E-1 9.91395E-1 6.26761E-1 7.02727E-1 9.32667E-1 7.55641E-1 9.64234E-1 9.43816E-1 8.81979E-1 7.0349E-1 7.32108E-1 7.49822E-1 5.0183E-1 2.07054E-1 1.34242E-1 1.42078E-2 1.01742E-4 4.15077E-5 1.29268E-3 6.93559E-3 1.46943E-3 4.44566E-4 2.00249E-5 4.48779E-6 1.56429E-6 5.85364E-6 1.65709E-4 1.50625E-4 3.26487E-5 3.13916E-4 -9999 -9999 -9999 -9999 -9999 -9999 -9999 -9999 -9999 -9999
1E0 1E0 1E0 1E0 1E0 1E0 1E0 1E0 1E0 1E0 1E0 1E0 1E0 9.99996E-1 1E0 1E0 1E0 9.99843E-1 9.99811E-1 9.99998E-1 1E0 9.99636E-1 9.99916E-1 9.94252E-1 9.98083E-1 9.97371E-1 9.80969E-1 9.98146E-1 9.82981E-1 9.82971E-1 9.99913E-1 9.98433E-1 9.92067E-1 9.901E-1 9.7541E-1 9.95355E-1 9.86191E-1 9.29248E-1 7.25403E-1 9.17195E-1 9.89221E-1 9.84317E-1 9.7439E-1 9.80225E-1 9.75565E-1 7.76982E-1 3.37478E-1 1.4252E-1 2.82746E-1 1.82606E-1 3.05944E-3 2.10729E-4 7.43892E-3 5.74987E-3 4.74839E-3 1.06699E-3 2.28712E-5 4.86572E-6 1.07155E-6 1.55298E-5 1.24519E-4 9.26845E-5 1.24618E-4 7.6499E-5 -9999 -9999 -9999 -9999 -9999 -9999 -9999 -9999 -9999 -9999
