ENM/Final_Models/M_1_F_lqp_Set_1_E/Gustavia_santanderiensis_6_Choco.asc
ncols         367
nrows         963
xllcorner     -78.6
yllcorner     0.65
cellsize      0.00833333333333323
NODATA_value  -9999
[rows 462 to 494 of 963, columns 222 to 295 of 367]
1E0 1E0 1E0 1E0 1E0 1E0 9.9751E-1 1E0 1E0 1E0 1E0 9.99999E-1 1E0 1E0 1E0 1E0 1E0 1E0 1E0 9.60704E-1 6.21376E-1 9.22538E-2 1.97012E-2 1.76071E-2 1.96106E-2 1.47369E-2 3.31152E-2 1.21752E-2 4.07849E-3 1.27278E-3 1.35729E-2 4.69612E-2 1.08991E-1 1.94306E-1 2.19449E-1 1.76681E-1 1.11703E-1 3.74243E-1 4.43804E-2 2.66956E-2 7.49159E-3 1.28632E-2 3.09595E-2 2.54377E-2 3.41975E-2 1.94139E-2 4.58978E-2 9.98162E-2 4.19901E-2 3.83701E-2 1.38169E-2 7.58239E-3 5.44039E-3 1.03384E-2 6.9516E-3 4.59141E-3 2.8801E-3 1.34468E-3 2.5242E-4 9.63118E-4 7.08981E-3 4.92674E-4 1.04285E-3 3.26458E-4 6.27031E-4 2.22354E-3 1.32505E-3 1.75178E-3 1.83274E-3 -9999 -9999 -9999 -9999 -9999
1E0 1E0 1E0 1E0 1E0 1E0 9.99995E-1 9.99989E-1 9.99998E-1 1E0 1E0 1E0 1E0 1E0 1E0 1E0 1E0 9.99999E-1 9.42999E-1 5.40919E-1 3.92565E-1 5.45916E-2 1.32404E-2 1.71925E-2 1.77649E-2 9.52384E-3 2.2361E-2 1.89319E-2 5.97675E-3 3.72833E-3 2.02022E-2 7.74417E-2 8.31942E-2 1.58772E-1 2.93667E-1 1.37835E-2 1.07687E-1 1.12746E-1 2.97906E-1 3.27982E-1 2.18627E-2 4.54734E-2 8.39653E-2 1.05914E-2 2.42511E-2 2.52558E-2 1.3937E-2 2.47992E-1 4.34605E-2 7.65052E-2 2.05517E-2 1.57882E-2 4.79072E-2 2.41689E-2 1.95372E-2 5.04916E-3 5.20346E-3 1.64063E-3 4.04868E-4 5.79953E-4 1.41097E-3 3.9287E-4 9.35949E-5 1.58591E-4 1.64281E-4 8.29859E-4 1.56238E-3 1.14826E-3 8.75856E-4 -9999 -9999 -9999 -9999 -9999
1E0 1E0 1E0 1E0 1E0 1E0 9.99942E-1 9.99978E-1 1E0 9.99996E-1 9.99995E-1 1E0 1E0 1E0 1E0 1E0 1E0 9.99814E-1 9.88809E-1 4.99789E-1 2.62581E-1 1.39792E-2 7.3302E-3 1.61718E-2 2.14449E-2 1.33297E-2 1.68485E-2 1.13536E-2 3.34623E-3 8.27411E-3 1.75421E-2 2.89118E-2 8.81044E-2 1.72782E-1 2.20103E-1 2.12487E-1 1.39324E-2 6.42885E-2 3.86376E-1 2.06721E-1 6.61236E-2 4.61259E-2 2.62619E-2 4.63113E-2 3.48518E-2 1.25635E-2 1.98333E-2 2.75243E-2 4.19442E-2 3.88719E-2 4.6298E-2 5.50448E-2 3.3836E-2 1.7278E-2 8.00092E-3 2.37255E-3 1.25122E-3 5.31507E-4 2.49708E-4 1.08137E-4 2.22307E-4 2.09667E-5 2.52071E-5 4.53758E-5 9.67633E-5 2.19801E-4 2.53542E-3 2.98204E-4 3.34806E-3 -9999 -9999 -9999 -9999 -9999
1E0 1E0 1E0 1E0 1E0 1E0 1E0 1E0 9.99999E-1 9.99998E-1 9.99986E-1 9.99995E-1 1E0 1E0 1E0 1E0 9.99999E-1 9.99999E-1 9.99999E-1 8.63608E-1 1.64901E-1 1.61804E-2 1.54894E-2 7.13475E-3 2.00054E-2 1.30656E-2 7.86283E-3 3.1408E-3 2.85959E-4 3.94225E-4 3.04525E-4 3.36526E-3 2.78432E-2 4.56848E-2 3.84221E-2 1.9515E-1 4.34935E-1 1.22768E-1 3.28424E-2 5.84306E-2 4.93489E-2 3.23162E-2 2.8862E-2 4.6101E-2 3.08062E-2 3.65301E-2 5.18864E-3 1.72202E-2 4.70067E-2 5.88525E-2 3.63655E-2 1.77839E-2 2.13588E-2 3.92394E-2 5.99919E-2 1.84567E-3 6.90721E-4 1.24912E-4 2.47103E-6 1.08998E-5 2.289E-5 2.09901E-5 4.7271E-5 3.81925E-4 3.96969E-4 1.48708E-3 1.23523E-3 1.15385E-3 2.83985E-3 -9999 -9999 -9999 -9999 -9999
1E0 1E0 1E0 1E0 1E0 1E0 1E0 1E0 9.99984E-1 9.99939E-1 1E0 9.99996E-1 1E0 1E0 1E0 1E0 9.99996E-1 1E0 1E0 8.57725E-1 4.41339E-1 4.09029E-2 1.68779E-2 7.84047E-3 2.12669E-2 2.3622E-2 1.15648E-2 2.87668E-3 1.87831E-3 2.65427E-5 3.43159E-5 3.48686E-4 2.20483E-3 8.87461E-3 1.80277E-2 4.0323E-2 1.0779E-1 1.27368E-1 1.96129E-2 9.51954E-3 1.58389E-2 3.7215E-2 4.66293E-2 5.62295E-2 9.0055E-2 3.20416E-2 8.53955E-2 3.32096E-2 4.66565E-2 3.97937E-2 2.29774E-2 3.82358E-2 3.9289E-2 1.67763E-2 1.22405E-2 7.93656E-3 4.32379E-4 5.79635E-5 3.54939E-5 1.90728E-5 4.59595E-5 4.61244E-5 2.26227E-4 1.75005E-4 1.18768E-3 2.89576E-3 1.20246E-3 1.67403E-3 -9999 -9999 -9999 -9999 -9999 -9999
1E0 1E0 1E0 1E0 1E0 1E0 1E0 1E0 1E0 1E0 9.99959E-1 1E0 1E0 1E0 1E0 1E0 1E0 1E0 1E0 9.27617E-1 1.01315E-1 4.48598E-2 2.06973E-2 1.46383E-2 1.83866E-2 5.00324E-2 2.19906E-2 2.9398E-2 1.07239E-3 5.88138E-5 5.53321E-6 1.58035E-4 4.41708E-3 9.80265E-3 2.09101E-2 2.27022E-2 5.89624E-2 7.15218E-2 1.66202E-2 1.65322E-2 1.13358E-2 3.04386E-2 2.49792E-2 1.43863E-1 7.02473E-2 1.03505E-1 5.67158E-2 1.05906E-1 7.67408E-2 1.27641E-1 3.29705E-2 2.22552E-2 1.98751E-2 2.26157E-2 4.7687E-3 2.73994E-3 2.46227E-4 8.34287E-6 4.69071E-5 2.48827E-4 1.26554E-4 1.74809E-4 4.28108E-4 2.71994E-4 6.5283E-4 5.73682E-4 5.86259E-3 1.6872E-3 -9999 -9999 -9999 -9999 -9999 -9999
1E0 1E0 1E0 1E0 1E0 1E0 1E0 1E0 1E0 9.99997E-1 1E0 9.99984E-1 1E0 1E0 1E0 1E0 1E0 1E0 9.99895E-1 9.04695E-1 1.52858E-1 5.67993E-2 1.89683E-2 9.31852E-3 1.59486E-2 5.72576E-2 1.46886E-1 2.70261E-2 2.30435E-3 2.52846E-4 3.29325E-5 2.19848E-4 7.4118E-3 3.98092E-3 8.02738E-3 2.40468E-2 4.50118E-2 7.86877E-2 2.07317E-2 2.28589E-2 1.75389E-2 2.02216E-2 4.6493E-2 1.67062E-1 1.12909E-1 6.35467E-2 2.09851E-2 2.59903E-2 2.42073E-2 3.06855E-2 2.10568E-2 2.03775E-2 1.6126E-2 5.39858E-3 1.39003E-3 9.16279E-5 1.95777E-5 8.1523E-5 1.79867E-4 4.21538E-4 4.6245E-4 7.73963E-4 2.08743E-4 4.53805E-4 3.75222E-3 9.68761E-3 1.98028E-2 2.47597E-3 -9999 -9999 -9999 -9999 -9999 -9999
9.99997E-1 1E0 1E0 1E0 1E0 1E0 1E0 1E0 1E0 9.99982E-1 9.87564E-1 9.94475E-1 1E0 1E0 1E0 1E0 1E0 1E0 9.99883E-1 9.13942E-1 1.00595E-1 6.06407E-2 1.31647E-2 4.96995E-3 2.35652E-2 8.10972E-2 2.49357E-2 1.89048E-2 1.97186E-2 7.60624E-4 7.57042E-5 4.92711E-4 2.01188E-3 1.64299E-3 5.12027E-3 2.58661E-2 4.27687E-2 9.35928E-2 4.11886E-2 3.39009E-2 2.9378E-2 2.36534E-2 2.08473E-2 7.31972E-2 7.29789E-2 3.75569E-2 2.31967E-2 8.17928E-3 4.27187E-3 5.51737E-3 1.52918E-2 7.87997E-3 5.53021E-3 5.70883E-4 2.0411E-4 1.20845E-4 3.8093E-5 1.55373E-4 5.06544E-4 1.66759E-3 1.07809E-3 2.17412E-3 1.75615E-3 1.30701E-3 9.74252E-3 1.62926E-2 1.60616E-2 7.63075E-4 -9999 -9999 -9999 -9999 -9999 -9999
1E0 1E0 1E0 1E0 1E0 1E0 1E0 1E0 1E0 9.99977E-1 9.99999E-1 1E0 1E0 1E0 1E0 1E0 1E0 1E0 1E0 7.84179E-1 9.52856E-2 1.58508E-2 6.59084E-3 2.00784E-2 1.03309E-1 1.88017E-1 2.66936E-3 1.96886E-3 3.64016E-2 4.41789E-3 6.1103E-4 6.36259E-3 7.9869E-3 1.29494E-3 1.88156E-3 2.89969E-3 2.28452E-2 1.64457E-2 9.76139E-2 3.56585E-2 6.84421E-2 2.82243E-2 1.77342E-2 3.72522E-2 1.33507E-2 5.08204E-3 4.45651E-3 2.68844E-3 2.36175E-3 3.57263E-3 7.57949E-3 2.45585E-3 4.76064E-4 8.95795E-5 2.12447E-4 1.76725E-4 3.79266E-4 1.14501E-3 3.0239E-4 7.14287E-4 1.37503E-3 2.07539E-3 2.84263E-3 4.95445E-3 1.68975E-2 2.7125E-2 9.68813E-3 1.5061E-3 -9999 -9999 -9999 -9999 -9999 -9999
1E0 1E0 1E0 1E0 1E0 1E0 1E0 1E0 1E0 1E0 1E0 1E0 1E0 1E0 1E0 1E0 1E0 1E0 1E0 7.62117E-1 9.59307E-2 2.79835E-2 2.7713E-2 4.39776E-2 1.73257E-1 3.10355E-1 1.75959E-1 1.46058E-1 6.59531E-2 8.2389E-3 1.37026E-2 5.56377E-2 2.71462E-2 1.03733E-2 1.8018E-4 3.78601E-3 1.59253E-2 8.94833E-2 6.8884E-2 1.84197E-1 1.20589E-1 1.11034E-1 6.74385E-2 2.44691E-2 6.06643E-3 1.01971E-2 1.01656E-2 7.71279E-3 1.48363E-2 1.39783E-2 1.31848E-2 1.52033E-3 5.40287E-5 2.585E-5 3.08393E-5 1.09849E-4 3.02882E-4 1.12767E-3 2.73942E-5 1.15704E-3 3.2722E-3 3.47639E-3 3.95331E-3 5.9405E-3 5.15755E-3 3.37493E-3 5.83814E-3 7.45129E-3 -9999 -9999 -9999 -9999 -9999 -9999
1E0 1E0 1E0 9.99992E-1 1E0 1E0 1E0 1E0 1E0 1E0 1E0 1E0 9.99998E-1 9.99326E-1 9.9216E-1 1E0 1E0 1E0 1E0 9.94429E-1 3.2328E-1 1.26148E-1 3.17412E-2 2.45055E-2 4.89467E-2 1.26737E-1 1.37675E-1 4.10481E-2 1.27341E-2 1.07418E-2 2.58734E-2 1.01192E-1 4.25609E-2 2.08053E-2 2.12513E-3 5.13931E-3 4.10144E-2 2.18233E-1 3.34134E-1 4.93428E-1 3.18321E-1 1.46376E-1 1.89538E-1 4.04305E-2 2.28574E-2 6.53111E-2 6.71903E-2 2.62891E-2 2.20997E-2 1.21304E-2 1.09534E-3 1.97095E-3 4.82966E-4 3.20689E-4 1.88085E-4 1.32168E-4 9.45337E-5 2.27846E-4 5.58852E-4 2.89787E-3 1.05925E-3 4.98292E-3 1.43051E-2 7.6675E-3 1.07501E-2 1.12587E-2 8.13898E-3 1.61486E-2 -9999 -9999 -9999 -9999 -9999 -9999
1E0 1E0 9.99999E-1 1E0 1E0 1E0 1E0 1E0 1E0 1E0 1E0 1E0 9.99996E-1 9.94507E-1 1E0 9.99999E-1 1E0 1E0 1E0 9.70828E-1 2.28867E-1 8.1346E-2 3.19203E-2 1.09478E-1 2.2133E-1 2.56312E-1 1.57026E-1 5.34785E-2 2.18925E-2 4.77526E-2 1.75547E-1 3.52305E-1 1.71204E-1 4.3786E-2 1.59304E-2 2.80425E-2 1.81838E-1 6.4029E-1 5.2259E-1 8.49753E-1 3.27571E-1 6.46205E-1 1.49784E-1 5.89381E-2 2.32693E-2 8.25481E-2 4.51593E-2 8.0946E-2 6.20208E-2 2.56368E-2 3.34687E-2 1.82756E-2 2.00922E-2 2.21702E-3 1.25871E-4 9.65773E-5 4.3083E-4 1.01964E-3 1.68867E-3 9.53685E-4 4.97507E-4 6.34674E-5 6.88961E-3 1.5038E-2 9.06586E-3 1.14822E-2 1.56542E-2 2.16502E-2 -9999 -9999 -9999 -9999 -9999 -9999
1E0 1E0 1E0 1E0 1E0 1E0 1E0 1E0 1E0 1E0 1E0 1E0 1E0 1E0 1E0 1E0 1E0 1E0 1E0 9.99027E-1 5.25394E-1 1.41574E-1 2.79789E-1 8.81712E-1 8.74543E-1 9.60057E-1 4.19827E-1 3.10488E-1 6.40263E-1 4.6731E-1 7.30204E-1 4.07154E-1 2.9468E-1 1.07002E-1 1.81532E-1 1.55078E-1 7.52716E-1 4.38894E-1 3.63233E-1 6.8518E-2 2.54806E-2 8.3066E-2 1.02151E-1 9.60539E-2 2.31667E-2 5.7568E-2 3.58294E-2 2.73302E-2 1.44673E-2 6.32184E-2 3.69238E-2 3.3057E-2 1.05647E-2 2.17606E-3 1.17605E-3 2.66204E-4 5.22627E-4 3.3376E-4 4.7277E-4 6.74487E-4 9.98678E-4 4.42543E-3 9.66565E-3 6.86951E-3 4.18393E-3 1.56602E-3 4.87879E-3 8.17046E-3 -9999 -9999 -9999 -9999 -9999 -9999
9.99996E-1 1E0 1E0 1E0 1E0 1E0 1E0 1E0 1E0 1E0 1E0 1E0 1E0 1E0 1E0 1E0 1E0 1E0 9.99994E-1 9.95966E-1 5.93614E-1 8.07627E-1 9.01585E-1 9.8182E-1 9.97487E-1 9.80157E-1 7.71261E-1 7.94642E-1 9.76688E-1 9.96886E-1 9.91141E-1 9.54839E-1 9.52408E-1 6.16633E-1 8.03128E-1 4.23838E-1 9.58126E-1 2.03738E-1 3.24969E-2 1.13076E-1 1.72199E-1 1.36576E-1 1.29824E-1 1.48107E-1 1.39032E-1 4.45658E-2 5.76665E-2 6.21303E-2 4.33527E-2 1.84501E-1 8.49923E-2 4.79964E-2 1.75326E-2 3.12199E-3 2.7183E-3 1.87566E-4 6.67189E-5 6.13188E-5 3.71123E-5 9.26361E-5 4.70864E-4 7.91871E-4 1.33566E-3 2.8182E-3 2.0537E-3 2.81423E-3 5.4721E-3 6.68434E-3 -9999 -9999 -9999 -9999 -9999 -9999
1E0 1E0 1E0 1E0 1E0 1E0 1E0 1E0 1E0 1E0 1E0 1E0 1E0 1E0 1E0 1E0 9.99999E-1 9.99999E-1 9.99948E-1 9.94468E-1 9.76542E-1 9.94075E-1 9.95668E-1 9.69929E-1 9.95729E-1 9.97855E-1 9.32307E-1 9.19075E-1 9.97209E-1 9.99988E-1 9.92607E-1 9.62133E-1 9.99473E-1 9.61292E-1 9.17256E-1 7.11889E-1 3.92938E-1 7.43662E-2 7.3097E-3 3.71675E-2 5.83484E-2 9.68948E-2 3.92031E-2 2.42364E-1 1.42074E-1 4.97827E-2 6.87163E-2 9.84983E-2 1.16784E-1 3.52595E-2 3.53639E-2 2.67682E-2 7.40864E-3 1.64368E-3 2.57553E-4 4.14951E-4 4.22691E-4 1.60458E-4 3.71191E-5 8.27623E-5 2.19891E-4 9.31522E-4 3.19212E-3 1.15839E-3 1.15411E-3 1.33841E-3 2.72199E-3 -9999 -9999 -9999 -9999 -9999 -9999 -9999
1E0 1E0 1E0 1E0 1E0 1E0 1E0 1E0 1E0 1E0 1E0 1E0 1E0 1E0 1E0 1E0 1E0 9.99995E-1 9.99857E-1 9.99995E-1 9.98283E-1 9.99941E-1 9.95554E-1 9.78658E-1 9.98277E-1 9.96079E-1 9.79108E-1 9.30438E-1 9.9892E-1 9.99831E-1 9.9572E-1 4.83367E-1 2.84529E-1 1.54936E-1 9.96034E-2 1.8593E-2 7.50823E-2 9.28642E-3 1.20332E-1 1.22294E-1 2.15129E-1 7.15954E-2 1.3009E-1 7.02721E-2 3.47537E-2 4.56541E-2 1.71127E-1 1.66426E-1 5.12278E-2 7.21377E-2 1.73792E-2 1.78039E-2 6.83529E-3 9.84564E-4 1.31576E-4 4.23352E-4 1.5588E-3 1.29746E-3 5.40604E-4 2.38125E-4 1.10649E-3 4.18336E-3 3.16494E-3 1.6951E-3 4.19686E-3 1.21236E-3 2.16065E-3 -9999 -9999 -9999 -9999 -9999 -9999 -9999
1E0 1E0 1E0 1E0 1E0 1E0 1E0 1E0 1E0 1E0 1E0 1E0 1E0 1E0 1E0 1E0 1E0 9.99885E-1 9.43279E-1 9.99755E-1 9.8128E-1 9.91743E-1 9.03169E-1 9.29362E-1 9.99983E-1 9.34852E-1 9.54407E-1 7.30825E-1 7.15266E-1 5.53656E-1 5.58829E-2 4.34223E-2 1.60971E-1 3.00572E-1 2.39549E-1 2.18163E-1 3.42614E-1 5.03064E-1 4.35835E-2 1.11405E-1 4.25191E-1 2.96773E-1 6.19667E-1 1.98763E-1 5.91955E-2 8.62419E-2 1.22123E-1 1.18747E-1 5.1935E-2 3.79414E-2 1.61466E-2 1.28551E-2 2.10317E-3 1.23049E-3 4.28442E-5 1.49394E-4 2.99445E-4 1.38847E-4 1.77381E-3 7.37604E-4 6.42487E-4 2.21452E-3 6.36624E-3 2.64412E-3 4.61095E-3 1.20273E-2 1.56308E-2 -9999 -9999 -9999 -9999 -9999 -9999 -9999
1E0 1E0 1E0 1E0 1E0 1E0 1E0 1E0 1E0 1E0 1E0 1E0 1E0 9.99999E-1 9.99998E-1 9.99999E-1 1E0 9.65187E-1 9.90356E-1 9.73444E-1 9.80848E-1 7.86085E-1 7.15138E-1 4.86966E-1 9.90193E-1 4.58287E-1 2.10959E-1 2.04016E-1 2.27214E-1 5.18515E-1 3.32977E-2 2.6404E-2 3.80288E-2 2.09785E-2 1.18809E-1 3.93781E-1 5.73706E-1 4.4967E-1 3.68451E-1 1.93653E-1 5.64319E-1 7.88957E-1 8.35369E-1 5.73768E-1 5.13957E-1 3.04259E-1 5.7248E-1 3.65333E-1 2.88367E-1 1.20639E-1 4.42374E-2 9.91872E-3 3.22749E-3 1.23418E-4 4.9432E-5 1.61326E-4 3.8066E-4 9.23981E-4 6.86266E-4 3.59196E-3 3.64439E-3 5.43936E-3 4.61706E-3 1.19438E-2 7.63224E-3 4.76182E-3 -9999 -9999 -9999 -9999 -9999 -9999 -9999 -9999
1E0 1E0 1E0 1E0 1E0 1E0 1E0 1E0 1E0 1E0 1E0 1E0 1E0 9.99936E-1 9.89407E-1 9.73881E-1 8.82068E-1 8.69464E-1 9.07888E-1 7.77053E-1 5.01659E-1 4.76708E-1 4.4866E-1 6.79439E-1 5.41391E-1 5.91724E-1 5.39233E-1 4.87352E-1 4.29634E-1 4.94434E-1 3.05173E-1 2.13301E-1 5.09808E-2 1.16073E-1 6.16941E-2 1.82104E-1 4.71597E-1 1.03778E-1 6.31884E-1 7.31922E-1 9.50908E-1 5.53897E-1 6.72284E-2 3.23535E-2 4.84135E-2 2.18503E-1 2.83891E-1 6.00699E-2 6.74971E-2 1.04683E-1 2.29618E-2 3.33722E-3 4.01191E-3 3.85879E-4 4.7545E-5 3.43204E-4 3.53372E-4 5.64639E-4 1.8754E-4 4.84447E-4 1.26059E-3 4.08076E-3 2.52336E-3 4.21273E-3 3.39241E-3 3.56201E-3 -9999 -9999 -9999 -9999 -9999 -9999 -9999 -9999
1E0 1E0 1E0 1E0 1E0 1E0 1E0 1E0 1E0 1E0 1E0 1E0 1E0 9.99983E-1 9.99964E-1 9.99669E-1 8.84406E-1 8.32812E-1 8.98591E-1 6.1865E-1 8.50314E-1 3.34563E-1 5.25329E-1 8.15112E-1 7.61024E-1 2.50646E-1 1.50207E-1 5.95968E-1 6.3414E-1 7.26498E-1 8.64577E-1 1.06214E-1 2.15501E-1 2.65158E-1 1.64434E-1 8.35126E-2 3.64707E-1 1.33492E-1 1.92969E-1 2.78477E-1 8.676E-1 8.83107E-1 1.24433E-1 3.43507E-2 1.00729E-1 5.00389E-1 4.82203E-1 1.19812E-1 5.01763E-2 3.77446E-2 4.78477E-3 5.77023E-3 2.62571E-3 3.74234E-4 6.33791E-4 4.49889E-4 5.78029E-4 5.55174E-4 1.00654E-3 4.84834E-3 4.48422E-3 2.1735E-3 5.34356E-3 3.81941E-3 1.10048E-2 1.98814E-2 -9999 -9999 -9999 -9999 -9999 -9999 -9999 -9999
1E0 1E0 1E0 1E0 1E0 1E0 1E0 1E0 1E0 1E0 1E0 1E0 1E0 9.98769E-1 9.99989E-1 9.99996E-1 8.78857E-1 9.0975E-1 7.41432E-1 7.84896E-1 9.27534E-1 8.08423E-1 9.07995E-1 8.66346E-1 8.1076E-1 8.32914E-1 4.47405E-1 3.78428E-1 3.72744E-1 9.76088E-1 7.07554E-1 8.75568E-1 7.60193E-1 5.72836E-1 1.53759E-1 2.86555E-1 5.49328E-1 2.56131E-1 3.40169E-1 2.23669E-1 7.70033E-1 9.5347E-1 4.43169E-1 1.70829E-1 4.37913E-1 5.70718E-1 5.14005E-1 2.80748E-1 1.69131E-1 1.62229E-1 1.16737E-2 3.86995E-3 2.30514E-3 3.24077E-4 1.85837E-4 1.4344E-4 3.69123E-4 5.97331E-4 2.02412E-3 6.10538E-4 1.63452E-3 6.10125E-3 9.2627E-3 6.06691E-3 2.13301E-2 1.61044E-2 -9999 -9999 -9999 -9999 -9999 -9999 -9999 -9999
1E0 1E0 1E0 1E0 1E0 9.99065E-1 1E0 1E0 1E0 1E0 1E0 9.99998E-1 1E0 9.99999E-1 9.98899E-1 9.99878E-1 9.97386E-1 8.08074E-1 8.04028E-1 7.75763E-1 9.57654E-1 8.83399E-1 6.07776E-1 7.59362E-1 9.41654E-1 9.12367E-1 9.94969E-1 9.90973E-1 9.89598E-1 9.8662E-1 9.98354E-1 9.71267E-1 7.14008E-1 2.79943E-1 6.02966E-1 9.97303E-1 9.72862E-1 3.95151E-1 1.74951E-1 1.03339E-1 5.4561E-1 5.03142E-1 5.35629E-1 1.04853E-1 8.61739E-2 7.79252E-2 6.19662E-2 5.82198E-2 9.06039E-2 7.58492E-2 5.00916E-2 1.79685E-2 6.90737E-3 4.10432E-4 1.30981E-3 7.60626E-4 5.91134E-4 4.72478E-4 9.42469E-4 2.61496E-3 5.80738E-3 6.71871E-4 8.06747E-3 3.2449E-3 1.4117E-2 2.2522E-2 -9999 -9999 -9999 -9999 -9999 -9999 -9999 -9999
1E0 1E0 1E0 1E0 1E0 1E0 1E0 1E0 9.99992E-1 9.99936E-1 1E0 9.99999E-1 9.99757E-1 9.99852E-1 1E0 9.99997E-1 9.65882E-1 9.12949E-1 9.71285E-1 8.66196E-1 9.84007E-1 8.78993E-1 7.10985E-1 9.64902E-1 9.76722E-1 9.99966E-1 9.99191E-1 9.99922E-1 1E0 9.99999E-1 9.92001E-1 9.97607E-1 8.48358E-1 2.21237E-1 3.13328E-1 9.46065E-1 9.88245E-1 8.41156E-1 6.6982E-1 4.4947E-1 3.81655E-1 6.84346E-2 8.09111E-2 5.2959E-1 9.78123E-2 1.10818E-1 2.62151E-1 2.61851E-1 2.48454E-1 5.88237E-2 1.37585E-2 2.67544E-2 2.24496E-4 2.68983E-3 1.99818E-3 1.87497E-3 2.07616E-3 1.67248E-3 2.27748E-3 4.9778E-3 9.71679E-3 3.55242E-3 6.19135E-3 7.23349E-3 2.85371E-2 1.5796E-2 -9999 -9999 -9999 -9999 -9999 -9999 -9999 -9999
1E0 1E0 1E0 1E0 1E0 1E0 1E0 1E0 9.99994E-1 9.99984E-1 9.99987E-1 9.99988E-1 9.94088E-1 9.99981E-1 9.9977E-1 1E0 1E0 9.99601E-1 9.79648E-1 9.91883E-1 9.85899E-1 9.72625E-1 9.29834E-1 9.92646E-1 9.99814E-1 9.96114E-1 9.99524E-1 9.91866E-1 1E0 9.99937E-1 1E0 1E0 9.4358E-1 2.6762E-1 1.73275E-1 5.46345E-1 9.85958E-1 9.49155E-1 3.25293E-1 5.26713E-1 2.7572E-1 1.49462E-1 3.71822E-1 2.8481E-1 2.72225E-1 2.37123E-1 3.69884E-1 3.06686E-1 2.36109E-1 3.79927E-2 1.28495E-2 7.6243E-4 4.19426E-4 1.40082E-3 6.11203E-3 1.60014E-3 2.62051E-3 6.28814E-4 1.16689E-3 1.05918E-2 4.39075E-3 9.8874E-3 1.27078E-2 8.50349E-3 1.6953E-2 1.95875E-2 -9999 -9999 -9999 -9999 -9999 -9999 -9999 -9999
1E0 9.99999E-1 1E0 1E0 1E0 1E0 1E0 1E0 9.99999E-1 9.99953E-1 9.99996E-1 1E0 9.99999E-1 9.99992E-1 1E0 9.95834E-1 9.96148E-1 9.93708E-1 9.72442E-1 8.43583E-1 8.83124E-1 9.08732E-1 9.71137E-1 9.89775E-1 9.99372E-1 9.99646E-1 9.99921E-1 9.99999E-1 1E0 9.99343E-1 9.75773E-1 9.87746E-1 8.79105E-1 6.45431E-1 4.39174E-1 2.54057E-1 2.38145E-1 4.88898E-1 7.70106E-1 2.50616E-1 2.46642E-1 2.20004E-1 2.31842E-1 2.11121E-1 7.52861E-1 2.11728E-1 1.77617E-1 6.3079E-2 4.11881E-2 4.70074E-2 8.76996E-3 1.30158E-3 1.3528E-3 1.57126E-3 1.38181E-3 1.35187E-3 6.99251E-4 1.55923E-3 6.28401E-3 4.93619E-3 1.88988E-2 1.6591E-2 3.67987E-3 7.82519E-3 1.30924E-2 1.5707E-2 -9999 -9999 -9999 -9999 -9999 -9999 -9999 -9999
9.99945E-1 9.99994E-1 9.99999E-1 1E0 1E0 1E0 1E0 1E0 1E0 1E0 1E0 9.99998E-1 9.83189E-1 9.9962E-1 9.99999E-1 9.9999E-1 9.99157E-1 9.26497E-1 8.67862E-1 7.33017E-1 6.86565E-1 9.65366E-1 9.42887E-1 9.54047E-1 9.88167E-1 9.96038E-1 9.99392E-1 1E0 1E0 9.72893E-1 1.89986E-1 6.13587E-2 9.55691E-2 2.75689E-1 2.46453E-1 1.5595E-1 4.51755E-2 2.61736E-2 6.80191E-2 1.37041E-1 3.08322E-1 1.31943E-1 1.42217E-1 1.05593E-1 3.37268E-1 1.53103E-1 4.89167E-2 2.86394E-2 7.68032E-3 8.18818E-3 1.25068E-2 5.43872E-4 4.97678E-4 6.49565E-3 1.60865E-2 9.82698E-3 3.27557E-3 3.72166E-3 4.23204E-3 9.10582E-3 1.96142E-2 2.03545E-2 3.05885E-2 2.72179E-2 6.17247E-3 5.58654E-3 -9999 -9999 -9999 -9999 -9999 -9999 -9999 -9999
9.99992E-1 9.99999E-1 1E0 1E0 1E0 1E0 1E0 1E0 1E0 1E0 1E0 1E0 9.99935E-1 9.81961E-1 1E0 9.94916E-1 9.97692E-1 9.92633E-1 8.9108E-1 7.67563E-1 7.40814E-1 9.90027E-1 9.69934E-1 9.85476E-1 9.91941E-1 9.98648E-1 9.94438E-1 9.99985E-1 1E0 9.63671E-1 4.00263E-1 5.79178E-2 4.1168E-2 4.06542E-2 7.52693E-2 3.44039E-2 2.21189E-2 1.31217E-2 9.23187E-2 1.95263E-1 5.84001E-1 3.70112E-1 1.37561E-1 1.04607E-1 4.15519E-1 1.91671E-1 1.27279E-1 4.96529E-2 1.66015E-2 3.16306E-3 2.11226E-4 1.59298E-4 8.11392E-4 6.87207E-3 2.04338E-2 2.38394E-2 2.87686E-3 7.38505E-3 2.51675E-2 3.32E-2 2.54287E-2 1.92435E-2 2.54261E-2 1.22932E-2 1.14277E-2 -9999 -9999 -9999 -9999 -9999 -9999 -9999 -9999 -9999
1E0 1E0 1E0 1E0 1E0 1E0 1E0 1E0 1E0 1E0 1E0 1E0 9.99986E-1 9.93664E-1 9.94855E-1 9.97394E-1 9.86607E-1 9.72052E-1 9.8564E-1 8.48906E-1 7.38585E-1 9.47241E-1 9.61641E-1 9.99185E-1 9.99626E-1 9.99221E-1 9.99301E-1 9.99084E-1 9.99999E-1 9.98988E-1 9.91876E-1 9.93057E-1 3.70321E-1 5.47178E-2 2.91634E-2 9.75943E-3 4.78692E-3 1.36434E-2 1.4004E-1 4.57089E-1 6.41467E-1 5.95729E-1 4.61119E-1 2.28466E-1 4.07541E-1 1.02468E-1 4.4201E-2 8.01285E-3 4.71618E-3 1.30597E-3 2.17773E-4 4.43835E-4 1.14414E-3 5.8915E-3 5.7804E-3 8.56256E-3 6.82094E-3 1.01465E-2 4.85978E-2 1.64136E-2 9.3518E-3 5.48184E-3 1.32969E-2 2.58133E-3 6.54804E-3 -9999 -9999 -9999 -9999 -9999 -9999 -9999 -9999 -9999
1E0 1E0 1E0 1E0 1E0 1E0 1E0 1E0 1E0 1E0 1E0 1E0 9.99994E-1 9.98529E-1 9.73821E-1 8.6751E-1 9.37758E-1 8.33069E-1 9.58569E-1 9.89232E-1 6.33114E-1 9.98831E-1 9.99835E-1 9.9953E-1 9.9967E-1 9.99999E-1 9.99999E-1 9.96437E-1 9.99929E-1 1E0 9.99988E-1 1E0 9.99955E-1 9.53434E-1 7.421E-2 1.08758E-2 7.97239E-3 2.72129E-2 1.89462E-1 5.62769E-1 7.96255E-1 6.24991E-1 4.64169E-1 2.33428E-1 1.124E-1 7.4548E-2 1.28193E-2 1.66393E-2 6.56808E-4 2.06481E-4 4.52811E-4 1.66491E-3 2.8596E-3 5.2217E-3 7.22295E-3 1.48807E-2 7.27466E-3 3.63025E-2 1.61025E-2 5.67427E-3 4.69416E-3 8.88104E-3 1.17259E-2 4.43025E-3 1.46417E-3 -9999 -9999 -9999 -9999 -9999 -9999 -9999 -9999 -9999
1E0 1E0 1E0 1E0 1E0 1E0 1E0 1E0 1E0 1E0 1E0 1E0 9.99999E-1 9.86236E-1 9.70973E-1 8.77435E-1 6.69893E-1 6.79416E-1 7.78929E-1 9.90129E-1 7.74537E-1 9.989E-1 9.99732E-1 9.95606E-1 9.72646E-1 8.55241E-1 9.98268E-1 9.58672E-1 6.32776E-1 6.93909E-1 2.88815E-1 2.84358E-1 4.98645E-1 6.59622E-1 4.18931E-1 5.03429E-2 4.93704E-2 7.37012E-2 2.95954E-1 6.24615E-1 3.92251E-1 2.08054E-1 1.64217E-1 5.47017E-2 1.45288E-2 2.74356E-2 2.21956E-2 5.58942E-4 2.67132E-4 3.85107E-4 9.22415E-4 5.2558E-3 2.25095E-3 1.51419E-2 1.99698E-2 1.7284E-2 4.81232E-2 6.16747E-2 8.92272E-3 7.1704E-3 9.61744E-4 4.81434E-3 1.03411E-3 1.24113E-3 1.08798E-3 -9999 -9999 -9999 -9999 -9999 -9999 -9999 -9999 -9999
9.99956E-1 1E0 1E0 1E0 1E0 1E0 1E0 1E0 1E0 1E0 1E0 1E0 9.9992E-1 9.88684E-1 8.20502E-1 8.12005E-1 8.75282E-1 6.77668E-1 9.2521E-1 4.44487E-1 9.49108E-1 9.99917E-1 9.99998E-1 9.99983E-1 9.99923E-1 9.99601E-1 9.99974E-1 9.99732E-1 3.50097E-1 1.09561E-1 4.28644E-2 9.25164E-3 9.14301E-3 2.37415E-2 4.05728E-2 7.26107E-3 2.14346E-2 5.33868E-2 7.20028E-2 2.26388E-1 2.00621E-1 7.70522E-2 3.35932E-2 1.192E-2 2.66056E-3 7.92505E-3 7.77591E-3 3.7572E-4 6.6398E-4 3.74311E-4 4.12086E-3 4.2019E-3 1.20714E-2 1.60145E-2 1.44421E-2 1.45735E-2 7.05998E-3 4.75835E-3 1.77176E-3 4.06554E-3 3.254E-3 5.44591E-3 1.86109E-3 6.21232E-4 -9999 -9999 -9999 -9999 -9999 -9999 -9999 -9999 -9999 -9999
9.99981E-1 1E0 1E0 1E0 1E0 1E0 1E0 1E0 1E0 1E0 1E0 1E0 9.99999E-1 9.99458E-1 9.98455E-1 9.63798E-1 9.5763E-1 8.7653E-1 8.13941E-1 6.14388E-1 9.99806E-1 9.99969E-1 9.9999E-1 9.99995E-1 1E0 9.9968E-1 9.99408E-1 9.99461E-1 9.01244E-1 5.21974E-1 1.27846E-1 1.11468E-2 8.33513E-3 2.50531E-3 5.98068E-3 5.49772E-3 4.53519E-3 7.63988E-3 1.51671E-2 8.84599E-2 1.18825E-1 5.59477E-2 8.4177E-3 3.96307E-3 3.08576E-3 8.06589E-3 3.35513E-4 2.00781E-4 7.10392E-4 1.47824E-3 5.09135E-3 1.57722E-3 1.37333E-2 3.21989E-2 1.46251E-2 2.0644E-3 6.55991E-3 1.85455E-3 2.65466E-3 1.34727E-3 7.74088E-4 8.68505E-4 4.20776E-4 2.2949E-4 -9999 -9999 -9999 -9999 -9999 -9999 -9999 -9999 -9999 -9999
9.99999E-1 1E0 1E0 1E0 1E0 1E0 1E0 1E0 1E0 1E0 1E0 1E0 1E0 9.99996E-1 9.98941E-1 9.16714E-1 9.97903E-1 7.85205E-1 6.51449E-1 9.6781E-1 9.99612E-1 1E0 9.99868E-1 9.99995E-1 9.99807E-1 8.26207E-1 1.75584E-1 5.96615E-1 9.90515E-1 8.47364E-1 1.82293E-1 6.37558E-2 2.22132E-2 1.88198E-3 2.55518E-3 3.84396E-3 4.35267E-3 4.34717E-3 4.36863E-3 4.79776E-2 2.94604E-2 1.11579E-2 1.00695E-2 3.89662E-3 3.7935E-4 1.14098E-3 4.13935E-4 5.20271E-4 5.57734E-4 6.83186E-3 3.77868E-3 1.16454E-3 9.54923E-3 9.81464E-2 8.23649E-3 1.73629E-3 2.20979E-3 4.03301E-3 1.89833E-3 7.9023E-4 1.60565E-3 1.14382E-3 1.07174E-3 1.30496E-4 -9999 -9999 -9999 -9999 -9999 -9999 -9999 -9999 -9999 -9999
