ENM/Final_Models/M_1_F_lqp_Set_1_E/Gustavia_santanderiensis_Choco_min.asc
ncols         367
nrows         963
xllcorner     -78.6
yllcorner     0.65
cellsize      0.00833333333333323
NODATA_value  -9999
[rows 930 to 959 of 963, columns 67 to 133 of 367]
8.63102E-8 1.47749E-8 1.81987E-8 1.80229E-8 1.70331E-8 5.35901E-9 3.45836E-9 4.98995E-9 1.97479E-9 1.0941E-9 9.54302E-10 9.91919E-10 9.78877E-10 1.6122E-9 9.96917E-10 1.09999E-9 1.74358E-9 2.10147E-9 3.91929E-9 3.13345E-9 5.00424E-9 5.76526E-9 6.00231E-9 8.11944E-9 9.00418E-9 9.80819E-9 1.14262E-8 3.14028E-8 2.86449E-8 3.26189E-8 3.96411E-8 3.21916E-8 2.67018E-8 1.56333E-8 1.3968E-8 1.31427E-8 1.05826E-8 1.0236E-8 1.53828E-8 1.80966E-8 1.63187E-8 2.42971E-8 2.49661E-8 3.78659E-8 3.91785E-8 3.88882E-8 4.19992E-8 4.61465E-8 5.24846E-8 5.15227E-8 6.33764E-8 6.35355E-8 1.18559E-7 2.14149E-7 2.47333E-7 2.27958E-7 2.16334E-7 5.1014E-7 4.94673E-7 3.928E-7 3.71898E-7 4.1734E-7 1.18638E-6 6.85555E-6 5.34878E-6 2.28491E-6 5.43312E-6
1.32998E-8 3.51486E-9 1.8534E-8 5.56388E-8 2.90586E-8 5.20826E-9 4.95058E-9 4.89377E-9 1.60849E-9 9.74592E-10 8.96601E-10 7.07954E-10 6.18362E-10 1.11351E-9 8.35319E-10 8.48409E-10 1.49882E-9 1.6778E-9 3.68978E-9 4.02335E-9 4.84412E-9 5.7124E-9 8.90977E-9 2.1897E-8 1.7298E-8 1.41589E-8 1.38432E-8 1.63382E-8 2.47294E-8 2.35728E-8 3.99734E-8 2.30382E-8 1.59727E-8 1.65342E-8 1.5953E-8 1.6922E-8 1.3023E-8 1.4455E-8 1.63257E-8 2.27428E-8 2.03028E-8 2.29424E-8 2.74288E-8 3.67148E-8 4.16543E-8 4.35518E-8 5.6781E-8 5.65966E-8 6.76831E-8 7.64803E-8 9.74656E-8 7.88236E-8 1.34244E-7 4.23974E-7 3.10199E-7 4.11522E-7 5.97335E-7 7.24398E-7 8.516E-7 8.64251E-7 7.57197E-7 6.84481E-7 4.80106E-6 1.69333E-6 1.26454E-6 6.11118E-7 1.0875E-6
1.21739E-8 6.97858E-9 6.16231E-8 1.47001E-7 5.66057E-8 1.23353E-8 4.94535E-9 2.30531E-9 1.79446E-9 1.00625E-9 1.07816E-9 1.11759E-9 5.38415E-10 4.73908E-10 3.59189E-10 7.31239E-10 1.27779E-9 1.64085E-9 3.54347E-9 4.53596E-9 4.71234E-9 5.38166E-9 1.10879E-8 2.19075E-8 1.82686E-8 1.68E-8 1.27516E-8 1.16194E-8 1.47685E-8 2.02259E-8 2.54938E-8 1.68746E-8 1.75904E-8 1.66319E-8 1.41306E-8 1.50759E-8 1.74857E-8 2.01042E-8 1.90947E-8 2.16403E-8 2.79679E-8 3.2177E-8 3.34778E-8 4.18608E-8 5.55795E-8 4.4971E-8 6.30207E-8 7.08163E-8 8.26213E-8 9.20555E-8 1.39718E-7 1.34652E-7 1.6123E-7 4.6039E-7 5.34043E-7 4.37827E-7 7.58087E-7 1.21836E-6 1.87567E-6 1.88541E-6 1.62923E-6 2.30277E-6 1.56101E-6 1.49104E-6 9.63028E-7 4.87425E-7 3.29429E-7
5.39897E-8 3.89867E-8 1.32164E-7 8.13646E-8 3.49781E-8 4.91575E-9 3.45641E-9 2.67421E-9 1.66969E-9 9.22246E-10 8.55938E-10 8.79811E-10 1.02512E-9 5.21122E-10 4.75038E-10 9.88826E-10 1.47868E-9 2.48574E-9 3.84364E-9 3.77214E-9 6.33608E-9 6.38281E-9 7.01143E-9 1.20426E-8 1.92304E-8 2.25251E-8 1.32364E-8 1.28326E-8 1.70607E-8 1.44488E-8 2.51196E-8 1.67096E-8 1.66721E-8 1.8743E-8 2.3004E-8 2.29952E-8 1.8532E-8 1.69117E-8 2.42288E-8 2.60076E-8 2.78806E-8 3.91029E-8 3.93735E-8 3.87165E-8 5.37313E-8 4.43451E-8 5.80996E-8 6.59752E-8 7.49359E-8 9.83751E-8 1.33479E-7 2.39829E-7 1.83235E-7 3.09921E-7 6.10469E-7 6.85491E-7 1.04778E-6 1.11443E-6 1.48924E-6 3.15324E-6 3.61305E-6 1.92831E-6 1.45839E-6 1.5213E-6 1.24647E-6 6.92619E-7 -9999
3.94911E-7 6.04507E-7 1.1227E-7 8.34134E-8 5.40385E-8 7.37529E-9 3.39488E-9 2.5191E-9 1.7946E-9 1.28037E-9 9.50002E-10 1.34369E-9 8.48659E-10 6.79331E-10 5.46172E-10 1.32002E-9 2.05122E-9 1.97346E-9 2.71333E-9 4.82678E-9 6.4701E-9 7.05454E-9 1.01827E-8 1.0646E-8 1.73091E-8 1.12796E-8 1.24313E-8 1.3563E-8 1.19625E-8 1.22218E-8 1.32998E-8 1.39973E-8 1.47286E-8 1.65936E-8 1.66191E-8 1.79687E-8 1.60841E-8 2.24511E-8 2.4126E-8 2.95934E-8 3.29103E-8 3.7239E-8 3.81961E-8 4.35541E-8 4.53532E-8 4.93584E-8 5.75496E-8 6.96051E-8 8.43683E-8 1.1715E-7 1.62422E-7 2.30179E-7 3.6781E-7 5.48655E-7 6.82624E-7 8.21089E-7 9.04698E-7 1.13059E-6 2.01367E-6 4.94097E-6 2.55671E-6 2.155E-6 1.93598E-6 1.67349E-6 1.23586E-6 7.22393E-7 -9999
-9999 1.68825E-7 4.66203E-8 1.48824E-8 5.23597E-9 1.79272E-8 5.91968E-9 2.16829E-9 2.22672E-9 1.29703E-9 6.00856E-10 1.0079E-9 8.27743E-10 7.08774E-10 7.27469E-10 9.40125E-10 1.22515E-9 1.48853E-9 1.92828E-9 2.90972E-9 5.29107E-9 8.89957E-9 1.27834E-8 1.77024E-8 2.00848E-8 2.09893E-8 1.37725E-8 1.50912E-8 1.32478E-8 1.41314E-8 1.39492E-8 1.26848E-8 1.41648E-8 1.30288E-8 1.20349E-8 1.14995E-8 1.40382E-8 2.19078E-8 2.59558E-8 3.26833E-8 3.73077E-8 4.31277E-8 4.68417E-8 5.11238E-8 5.52731E-8 5.94831E-8 7.30438E-8 9.17487E-8 8.10274E-8 1.19023E-7 1.93008E-7 2.22532E-7 2.6417E-7 6.59221E-7 6.99776E-7 7.29263E-7 9.10713E-7 1.46782E-6 3.5581E-6 2.795E-6 2.33132E-6 2.42365E-6 3.72415E-6 2.26773E-6 1.43699E-6 7.22823E-7 8.37114E-7
-9999 -9999 -9999 9.98316E-9 3.90926E-9 2.29902E-9 2.72671E-9 2.14252E-9 2.73499E-9 1.55746E-9 7.04284E-10 6.09677E-10 9.96707E-10 1.4876E-9 1.08014E-9 9.56307E-10 1.27754E-9 1.98955E-9 2.20448E-9 3.71931E-9 5.90383E-9 8.87917E-9 1.27217E-8 1.76876E-8 1.3075E-8 1.96583E-8 1.66019E-8 1.68386E-8 1.5487E-8 1.38536E-8 1.48221E-8 1.63588E-8 1.20571E-8 1.62523E-8 1.53935E-8 1.38732E-8 2.01886E-8 2.99903E-8 3.9039E-8 3.88301E-8 4.39907E-8 4.71396E-8 4.90132E-8 4.52796E-8 7.12702E-8 6.80106E-8 8.03264E-8 9.37692E-8 8.5576E-8 1.312E-7 1.22417E-7 1.99361E-7 3.30812E-7 6.81262E-7 8.42756E-7 8.72305E-7 1.26316E-6 2.38396E-6 2.29225E-6 1.72025E-6 1.36649E-6 2.35945E-6 2.58697E-6 2.58084E-6 1.74158E-6 1.06409E-6 1.42427E-6
-9999 -9999 -9999 -9999 1.76631E-9 1.59636E-9 1.28208E-9 1.12948E-9 1.38103E-9 1.09944E-9 1.48571E-9 1.92662E-9 1.41206E-9 1.88018E-9 1.07056E-9 1.65012E-9 1.18972E-9 1.9685E-9 3.20063E-9 4.50958E-9 7.14997E-9 8.22713E-9 8.87233E-9 1.06613E-8 9.81365E-9 1.67064E-8 1.48059E-8 2.7657E-8 1.58868E-8 1.55399E-8 1.55215E-8 1.55579E-8 1.7739E-8 1.66675E-8 1.44938E-8 1.43884E-8 1.91677E-8 2.50956E-8 4.09888E-8 4.58252E-8 5.97839E-8 6.04556E-8 7.23075E-8 5.46348E-8 5.55166E-8 8.17699E-8 9.59454E-8 1.10418E-7 1.01514E-7 1.33479E-7 1.66871E-7 2.47571E-7 3.91212E-7 6.61222E-7 9.00457E-7 8.36624E-7 9.79416E-7 2.15899E-6 2.88316E-6 2.37354E-6 1.25264E-6 1.27522E-6 1.59279E-6 2.16432E-6 2.39966E-6 2.04533E-6 1.54031E-6
-9999 -9999 -9999 -9999 -9999 1.1854E-9 1.6152E-9 -9999 -9999 -9999 -9999 -9999 -9999 1.52724E-9 9.93863E-10 1.97106E-9 2.45467E-9 2.96009E-9 4.31684E-9 5.11119E-9 4.29147E-9 7.48212E-9 1.06393E-8 1.19662E-8 1.21839E-8 2.02802E-8 1.87348E-8 2.33204E-8 1.5837E-8 1.70261E-8 1.70557E-8 1.44485E-8 1.23487E-8 1.67816E-8 2.4973E-8 2.7009E-8 3.39463E-8 3.5243E-8 3.76963E-8 6.53553E-8 5.31482E-8 8.19873E-8 1.10486E-7 9.43147E-8 9.62196E-8 1.40641E-7 1.11414E-7 1.39257E-7 1.73521E-7 2.60915E-7 3.09806E-7 4.94626E-7 3.9144E-7 5.596E-7 4.19115E-7 7.27073E-7 1.33653E-6 1.52029E-6 2.59858E-6 1.4982E-6 9.16189E-7 8.3177E-7 1.01576E-6 1.94876E-6 2.75322E-6 2.16981E-6 1.58412E-6
-9999 -9999 -9999 -9999 -9999 -9999 -9999 -9999 -9999 -9999 -9999 -9999 -9999 -9999 -9999 -9999 2.52996E-9 4.11549E-9 4.46745E-9 4.75279E-9 6.81261E-9 9.11819E-9 1.10754E-8 1.95038E-8 2.43795E-8 1.90852E-8 1.91645E-8 1.98795E-8 2.06937E-8 1.59628E-8 1.95581E-8 2.03532E-8 2.28458E-8 2.09487E-8 2.40032E-8 2.60086E-8 3.39791E-8 3.05536E-8 -9999 -9999 8.73961E-8 9.81101E-8 1.15484E-7 1.03347E-7 1.28494E-7 1.2694E-7 1.34251E-7 2.43984E-7 2.1069E-7 3.18499E-7 3.87635E-7 4.69377E-7 6.12657E-7 6.55013E-7 5.39549E-7 6.7075E-7 1.11121E-6 1.48794E-6 2.10631E-6 1.10877E-6 8.70372E-7 6.97461E-7 6.28624E-7 7.11426E-7 1.71412E-6 1.82465E-6 1.30932E-6
-9999 -9999 -9999 -9999 -9999 -9999 -9999 -9999 -9999 -9999 -9999 -9999 -9999 -9999 -9999 -9999 -9999 -9999 4.98989E-9 5.55216E-9 7.21826E-9 7.98704E-9 1.02081E-8 1.50896E-8 1.36115E-8 1.68017E-8 2.2959E-8 2.65286E-8 2.10971E-8 2.15301E-8 1.99318E-8 2.64255E-8 -9999 -9999 -9999 3.91298E-8 4.33269E-8 -9999 -9999 -9999 -9999 -9999 1.44817E-7 1.18315E-7 1.62263E-7 1.5549E-7 2.15624E-7 2.67968E-7 3.73586E-7 3.29758E-7 3.63087E-7 4.35919E-7 5.77048E-7 4.86882E-7 4.43623E-7 6.54879E-7 1.02251E-6 1.41903E-6 1.58742E-6 9.97936E-7 9.25656E-7 7.8139E-7 8.68027E-7 5.59624E-7 1.05278E-6 1.14086E-6 8.53447E-7
-9999 -9999 -9999 -9999 -9999 -9999 -9999 -9999 -9999 -9999 -9999 -9999 -9999 -9999 -9999 -9999 -9999 -9999 -9999 -9999 1.16837E-8 1.01783E-8 1.4291E-8 1.98815E-8 1.72085E-8 1.89906E-8 2.39202E-8 3.13962E-8 -9999 -9999 -9999 -9999 -9999 -9999 -9999 -9999 -9999 -9999 -9999 -9999 -9999 -9999 -9999 1.88749E-7 1.98972E-7 1.62077E-7 2.36476E-7 2.72157E-7 2.51489E-7 3.03455E-7 4.50639E-7 4.29646E-7 4.07048E-7 6.22161E-7 7.12174E-7 9.95218E-7 1.97092E-6 1.86315E-6 1.26907E-6 1.50312E-6 1.47841E-6 1.38054E-6 7.79631E-7 8.58665E-7 7.13924E-7 3.87999E-7 3.6575E-7
-9999 -9999 -9999 -9999 -9999 -9999 -9999 -9999 -9999 -9999 -9999 -9999 -9999 -9999 -9999 -9999 -9999 -9999 -9999 -9999 1.12827E-8 1.72277E-8 2.02718E-8 1.77661E-8 1.88911E-8 1.89651E-8 2.39217E-8 2.33824E-8 -9999 -9999 -9999 -9999 -9999 -9999 -9999 -9999 -9999 -9999 -9999 -9999 -9999 -9999 -9999 -9999 -9999 2.88421E-7 3.5268E-7 4.22796E-7 3.18356E-7 4.51189E-7 5.29658E-7 4.25739E-7 6.07327E-7 6.6927E-7 8.18193E-7 1.12457E-6 1.7938E-6 1.31587E-6 1.18892E-6 1.77143E-6 1.55399E-6 1.56044E-6 1.442E-6 9.40607E-7 6.68244E-7 3.80078E-7 2.59263E-7
-9999 -9999 -9999 -9999 -9999 -9999 -9999 -9999 -9999 -9999 -9999 -9999 -9999 -9999 -9999 -9999 -9999 -9999 -9999 -9999 -9999 1.37319E-8 2.6865E-8 2.33397E-8 2.24937E-8 2.24755E-8 2.34888E-8 -9999 -9999 -9999 -9999 -9999 -9999 -9999 -9999 -9999 -9999 -9999 -9999 -9999 -9999 -9999 -9999 -9999 -9999 -9999 4.7194E-7 7.54499E-7 5.29996E-7 7.39024E-7 6.85674E-7 6.81399E-7 4.77815E-7 7.03813E-7 9.49724E-7 1.17345E-6 1.49459E-6 9.39862E-7 8.44224E-7 1.71833E-6 1.51272E-6 1.33405E-6 8.49639E-7 5.84972E-7 3.85512E-7 2.57203E-7 1.74481E-7
-9999 -9999 -9999 -9999 -9999 -9999 -9999 -9999 -9999 -9999 -9999 -9999 -9999 -9999 -9999 -9999 -9999 -9999 -9999 -9999 -9999 1.41373E-8 1.94233E-8 2.42056E-8 2.42429E-8 -9999 -9999 -9999 -9999 -9999 -9999 -9999 -9999 -9999 -9999 -9999 -9999 -9999 -9999 -9999 -9999 -9999 -9999 -9999 -9999 -9999 2.87285E-7 4.14332E-7 5.19182E-7 6.20084E-7 5.70535E-7 8.54402E-7 9.37148E-7 9.13244E-7 1.09471E-6 1.24323E-6 9.8598E-7 5.53976E-7 6.61947E-7 1.15784E-6 1.02612E-6 1.41009E-6 9.81973E-7 4.33635E-7 3.51629E-7 1.86964E-7 6.01786E-8
-9999 -9999 -9999 -9999 -9999 -9999 -9999 -9999 -9999 -9999 -9999 -9999 -9999 -9999 -9999 -9999 -9999 -9999 -9999 -9999 -9999 -9999 -9999 -9999 -9999 -9999 -9999 -9999 -9999 -9999 -9999 -9999 -9999 -9999 -9999 -9999 -9999 -9999 -9999 -9999 -9999 -9999 -9999 -9999 -9999 -9999 -9999 3.31684E-7 3.61306E-7 4.0829E-7 4.41403E-7 7.51244E-7 7.05025E-7 8.68575E-7 8.0884E-7 1.0965E-6 7.11587E-7 4.73691E-7 5.54861E-7 6.86528E-7 7.6684E-7 8.4997E-7 7.14546E-7 5.305E-7 3.04751E-7 -9999 -9999
-9999 -9999 -9999 -9999 -9999 -9999 -9999 -9999 -9999 -9999 -9999 -9999 -9999 -9999 -9999 -9999 -9999 -9999 -9999 -9999 -9999 -9999 -9999 -9999 -9999 -9999 -9999 -9999 -9999 -9999 -9999 -9999 -9999 -9999 -9999 -9999 -9999 -9999 -9999 -9999 -9999 -9999 -9999 -9999 -9999 -9999 -9999 3.69324E-7 4.20498E-7 4.93739E-7 3.68518E-7 5.02597E-7 5.16905E-7 6.10947E-7 6.10086E-7 8.84789E-7 6.59162E-7 4.71484E-7 5.1064E-7 6.44508E-7 6.01267E-7 6.54757E-7 5.98931E-7 3.40115E-7 3.23832E-7 -9999 -9999
-9999 -9999 -9999 -9999 -9999 -9999 -9999 -9999 -9999 -9999 -9999 -9999 -9999 -9999 -9999 -9999 -9999 -9999 -9999 -9999 -9999 -9999 -9999 -9999 -9999 -9999 -9999 -9999 -9999 -9999 -9999 -9999 -9999 -9999 -9999 -9999 -9999 -9999 -9999 -9999 -9999 -9999 -9999 -9999 -9999 -9999 2.28894E-7 3.79447E-7 3.21415E-7 2.8104E-7 2.029E-7 2.40888E-7 3.40864E-7 4.00371E-7 4.14059E-7 4.30966E-7 6.51225E-7 5.17733E-7 3.70593E-7 4.74553E-7 4.96649E-7 3.88713E-7 4.04979E-7 2.62675E-7 3.08614E-7 1.33603E-7 3.03263E-8
-9999 -9999 -9999 -9999 -9999 -9999 -9999 -9999 -9999 -9999 -9999 -9999 -9999 -9999 -9999 -9999 -9999 -9999 -9999 -9999 -9999 -9999 -9999 -9999 -9999 -9999 -9999 -9999 -9999 -9999 -9999 -9999 -9999 -9999 -9999 -9999 -9999 -9999 -9999 -9999 -9999 -9999 -9999 -9999 -9999 1.92485E-7 1.86034E-7 2.68906E-7 2.76093E-7 2.39971E-7 1.75594E-7 2.79636E-7 3.08224E-7 3.21618E-7 3.02854E-7 3.96569E-7 3.83516E-7 3.70647E-7 3.20657E-7 3.53473E-7 3.75371E-7 1.8253E-7 3.56498E-7 2.55663E-7 2.22992E-7 1.24818E-7 8.34192E-8
-9999 -9999 -9999 -9999 -9999 -9999 -9999 -9999 -9999 -9999 -9999 -9999 -9999 -9999 -9999 -9999 -9999 -9999 -9999 -9999 -9999 -9999 -9999 -9999 -9999 -9999 -9999 -9999 -9999 -9999 -9999 -9999 -9999 -9999 -9999 -9999 -9999 -9999 -9999 -9999 -9999 -9999 -9999 -9999 1.01946E-7 1.46045E-7 1.80835E-7 1.98643E-7 2.15403E-7 2.17306E-7 1.8467E-7 2.03105E-7 2.26904E-7 2.9026E-7 3.36746E-7 3.24568E-7 2.40911E-7 2.28175E-7 1.81205E-7 1.98912E-7 2.29074E-7 1.86646E-7 2.31135E-7 1.23725E-7 8.26754E-8 7.11606E-8 7.78528E-8
-9999 -9999 -9999 -9999 -9999 -9999 -9999 -9999 -9999 -9999 -9999 -9999 -9999 -9999 -9999 -9999 -9999 -9999 -9999 -9999 -9999 -9999 -9999 -9999 -9999 -9999 -9999 -9999 -9999 -9999 -9999 -9999 -9999 -9999 -9999 -9999 -9999 -9999 -9999 -9999 -9999 -9999 -9999 4.47927E-8 9.28028E-8 1.10433E-7 1.37179E-7 1.48516E-7 1.46277E-7 1.56297E-7 1.53385E-7 1.62912E-7 1.86707E-7 2.2534E-7 2.80423E-7 2.01785E-7 1.55977E-7 9.14435E-8 9.61038E-8 8.63964E-8 1.27938E-7 1.63611E-7 1.82572E-7 1.43864E-7 1.27018E-7 1.11515E-7 2.02724E-7
-9999 -9999 -9999 -9999 -9999 -9999 -9999 -9999 -9999 -9999 -9999 -9999 -9999 -9999 -9999 -9999 -9999 -9999 -9999 -9999 -9999 -9999 -9999 -9999 -9999 -9999 -9999 -9999 -9999 -9999 -9999 -9999 -9999 -9999 -9999 -9999 -9999 -9999 -9999 -9999 -9999 -9999 3.36278E-8 6.23967E-8 7.98281E-8 8.0628E-8 1.02004E-7 9.448E-8 9.97888E-8 1.08325E-7 1.19062E-7 1.2988E-7 1.75634E-7 1.82167E-7 1.37377E-7 9.95473E-8 8.01561E-8 7.1658E-8 6.11189E-8 4.56564E-8 7.6826E-8 1.70546E-7 3.32181E-7 3.87751E-7 3.46223E-7 2.77466E-7 2.84565E-7
-9999 -9999 -9999 -9999 -9999 -9999 -9999 -9999 -9999 -9999 -9999 -9999 -9999 -9999 -9999 -9999 -9999 -9999 -9999 -9999 -9999 -9999 -9999 -9999 -9999 -9999 -9999 -9999 -9999 -9999 -9999 -9999 -9999 -9999 -9999 -9999 -9999 -9999 -9999 -9999 -9999 -9999 -9999 4.39631E-8 5.65431E-8 5.47631E-8 6.18658E-8 6.5031E-8 7.24753E-8 8.72597E-8 7.61851E-8 8.78826E-8 1.02755E-7 1.2098E-7 6.99233E-8 5.58973E-8 6.35153E-8 4.85494E-8 3.67807E-8 4.70828E-8 8.64938E-8 1.48625E-7 2.60548E-7 4.47522E-7 4.47204E-7 6.43197E-7 -9999
-9999 -9999 -9999 -9999 -9999 -9999 -9999 -9999 -9999 -9999 -9999 -9999 -9999 -9999 -9999 -9999 -9999 -9999 -9999 -9999 -9999 -9999 -9999 -9999 -9999 -9999 -9999 -9999 -9999 -9999 -9999 -9999 -9999 -9999 -9999 -9999 -9999 -9999 -9999 -9999 -9999 -9999 -9999 -9999 -9999 6.2168E-8 5.11318E-8 4.82947E-8 4.99999E-8 4.30926E-8 6.62726E-8 7.2691E-8 6.60191E-8 1.02556E-7 8.80531E-8 7.07922E-8 3.02653E-8 4.95211E-8 4.88328E-8 1.11948E-7 1.41372E-7 3.15976E-7 4.70662E-7 6.47419E-7 9.11521E-7 -9999 -9999
-9999 -9999 -9999 -9999 -9999 -9999 -9999 -9999 -9999 -9999 -9999 -9999 -9999 -9999 -9999 -9999 -9999 -9999 -9999 -9999 -9999 -9999 -9999 -9999 -9999 -9999 -9999 -9999 -9999 -9999 -9999 -9999 -9999 -9999 -9999 -9999 -9999 -9999 -9999 -9999 -9999 -9999 -9999 -9999 -9999 -9999 5.0536E-8 5.64546E-8 5.57623E-8 4.38275E-8 7.98953E-8 8.81561E-8 9.16294E-8 1.38277E-7 2.13376E-7 1.22221E-7 5.18478E-8 6.62582E-8 6.75709E-8 2.55525E-7 4.57268E-7 5.71275E-7 9.58053E-7 -9999 -9999 -9999 -9999
-9999 -9999 -9999 -9999 -9999 -9999 -9999 -9999 -9999 -9999 -9999 -9999 -9999 -9999 -9999 -9999 -9999 -9999 -9999 -9999 -9999 -9999 -9999 -9999 -9999 -9999 -9999 -9999 -9999 -9999 -9999 -9999 -9999 -9999 -9999 -9999 -9999 -9999 -9999 -9999 -9999 -9999 -9999 -9999 -9999 -9999 9.16902E-8 7.15366E-8 1.4276E-7 8.79493E-8 8.8239E-8 5.84868E-8 1.10181E-7 1.24232E-7 1.92879E-7 3.18454E-7 1.33998E-7 1.03885E-7 2.39289E-7 6.4178E-7 1.09902E-6 1.1709E-6 1.90062E-6 -9999 -9999 -9999 -9999
-9999 -9999 -9999 -9999 -9999 -9999 -9999 -9999 -9999 -9999 -9999 -9999 -9999 -9999 -9999 -9999 -9999 -9999 -9999 -9999 -9999 -9999 -9999 -9999 -9999 -9999 -9999 -9999 -9999 -9999 -9999 -9999 -9999 -9999 -9999 -9999 -9999 -9999 -9999 -9999 -9999 -9999 -9999 -9999 -9999 -9999 -9999 2.12509E-7 2.94797E-7 3.02336E-7 2.3585E-7 6.5091E-8 6.26953E-8 1.19368E-7 2.20017E-7 3.98164E-7 3.96351E-7 2.2937E-7 5.61635E-7 1.33697E-6 2.16945E-6 2.41386E-6 -9999 -9999 -9999 -9999 -9999
-9999 -9999 -9999 -9999 -9999 -9999 -9999 -9999 -9999 -9999 -9999 -9999 -9999 -9999 -9999 -9999 -9999 -9999 -9999 -9999 -9999 -9999 -9999 -9999 -9999 -9999 -9999 -9999 -9999 -9999 -9999 -9999 -9999 -9999 -9999 -9999 -9999 -9999 -9999 -9999 -9999 -9999 -9999 -9999 -9999 -9999 -9999 -9999 -9999 -9999 4.26878E-7 2.32824E-7 1.26086E-7 2.39846E-7 3.6164E-7 6.30334E-7 1.01616E-6 1.04679E-6 1.18724E-6 1.98831E-6 2.94414E-6 -9999 -9999 -9999 -9999 -9999 -9999
-9999 -9999 -9999 -9999 -9999 -9999 -9999 -9999 -9999 -9999 -9999 -9999 -9999 -9999 -9999 -9999 -9999 -9999 -9999 -9999 -9999 -9999 -9999 -9999 -9999 -9999 -9999 -9999 -9999 -9999 -9999 -9999 -9999 -9999 -9999 -9999 -9999 -9999 -9999 -9999 -9999 -9999 -9999 -9999 -9999 -9999 -9999 -9999 -9999 -9999 -9999 6.12321E-7 3.50575E-7 4.08619E-7 6.03597E-7 7.75359E-7 1.17463E-6 1.76587E-6 2.04307E-6 2.87074E-6 -9999 -9999 -9999 -9999 -9999 -9999 -9999
-9999 -9999 -9999 -9999 -9999 -9999 -9999 -9999 -9999 -9999 -9999 -9999 -9999 -9999 -9999 -9999 -9999 -9999 -9999 -9999 -9999 -9999 -9999 -9999 -9999 -9999 -9999 -9999 -9999 -9999 -9999 -9999 -9999 -9999 -9999 -9999 -9999 -9999 -9999 -9999 -9999 -9999 -9999 -9999 -9999 -9999 -9999 -9999 -9999 -9999 -9999 -9999 -9999 9.7395E-7 1.38045E-6 1.13199E-6 1.32825E-6 2.08801E-6 2.79126E-6 3.67692E-6 -9999 -9999 -9999 -9999 -9999 -9999 -9999
