ENM/Final_Models/M_1_F_lqp_Set_1_E/Gustavia_santanderiensis_8_Choco.asc
ncols         367
nrows         963
xllcorner     -78.6
yllcorner     0.65
cellsize      0.00833333333333323
NODATA_value  -9999
[rows 160 to 191 of 963, columns 284 to 354 of 367]
1.35262E-2 1.94074E-3 6.89343E-3 1.33235E-2 4.67868E-2 1.16773E-1 8.64374E-2 2.1302E-1 1.89983E-1 5.09772E-2 6.98036E-2 4.45306E-2 1.12297E-2 7.70414E-2 1.05017E-2 9.57733E-3 7.55945E-2 6.65123E-2 9.06273E-2 6.2128E-2 4.97126E-2 5.44626E-2 2.73697E-2 2.60957E-2 6.05582E-2 4.08682E-2 3.95868E-3 2.01789E-3 6.30201E-2 8.08314E-2 1.7465E-1 7.07744E-2 8.91927E-3 7.09409E-3 7.09989E-3 9.05484E-3 1.8102E-2 3.00946E-4 2.26644E-4 1.0894E-3 3.3276E-3 1.81178E-4 4.27105E-5 3.58767E-5 8.27841E-6 5.14163E-7 4.06929E-7 7.64046E-7 1.70404E-6 1.06685E-5 1.83509E-5 1.41321E-5 2.39693E-6 1.60843E-5 3.91171E-6 1.13674E-6 2.94183E-6 6.09535E-7 4.50966E-6 3.80198E-5 1.28211E-4 1.22654E-4 6.40898E-6 -9999 -9999 -9999 -9999 -9999 -9999 -9999 -9999
8.91834E-4 1.06655E-4 3.20214E-4 2.97817E-2 4.82548E-2 7.38053E-2 6.09257E-2 1.78612E-2 1.21206E-2 5.1776E-3 1.28624E-2 1.24831E-2 4.78841E-3 3.62967E-2 2.9586E-2 5.92171E-3 8.2338E-2 1.6495E-1 2.25246E-2 2.52695E-2 3.48404E-2 1.78904E-1 1.38469E-1 7.01047E-2 2.95471E-2 3.47416E-2 1.35242E-2 4.50954E-3 2.11622E-2 6.53027E-2 9.31495E-2 9.07493E-3 9.14331E-3 5.50627E-3 9.29253E-3 3.1635E-3 5.79803E-3 8.78499E-4 1.32798E-4 2.4827E-4 2.51072E-3 6.75349E-5 5.05349E-5 8.95128E-6 3.01438E-6 2.63536E-7 2.38894E-7 1.06503E-6 3.04187E-6 1.19698E-5 5.78927E-6 9.06002E-6 2.08148E-5 9.8611E-7 4.50145E-7 2.57041E-6 2.09351E-5 2.96429E-5 1.60307E-5 1.578E-4 1.30776E-4 1.65374E-4 -9999 -9999 -9999 -9999 -9999 -9999 -9999 -9999 -9999
2.83426E-4 6.72729E-5 2.9874E-4 9.18078E-3 2.54562E-2 1.29894E-2 7.59908E-3 4.63531E-3 5.01838E-3 5.39292E-3 1.989E-2 9.50534E-3 1.5431E-2 2.50481E-3 1.63015E-2 3.65248E-2 5.52815E-2 6.90233E-2 1.23989E-2 3.38648E-2 1.32186E-2 5.47446E-2 9.37793E-2 5.99744E-2 1.58862E-2 1.00164E-2 3.25392E-3 3.51654E-3 2.28415E-2 4.65745E-2 7.02301E-2 4.88853E-3 3.6426E-3 6.93614E-3 6.26447E-3 7.49972E-3 4.00538E-3 1.31173E-3 7.10699E-5 3.72956E-5 2.83023E-4 5.77477E-5 5.74415E-5 1.68032E-5 4.90015E-6 3.06511E-7 3.11408E-7 2.46209E-6 7.36868E-6 1.86189E-5 9.09293E-6 2.62185E-6 1.42477E-6 5.07704E-7 6.11601E-7 7.04408E-6 1.32767E-5 2.13376E-5 2.61439E-5 1.77428E-5 1.84456E-5 -9999 -9999 -9999 -9999 -9999 -9999 -9999 -9999 -9999 -9999
1.19372E-4 1.0807E-5 1.327E-4 1.00449E-3 9.51376E-4 2.8598E-3 1.90228E-2 4.36125E-3 1.13154E-2 1.35973E-2 2.65486E-2 1.47798E-2 6.35765E-3 4.90732E-3 6.53683E-3 3.28099E-2 4.9147E-2 4.8135E-2 8.15787E-3 3.25986E-2 2.53604E-3 1.73631E-3 1.27397E-2 1.15908E-2 9.14489E-3 2.26491E-2 4.43693E-3 2.4426E-3 7.79683E-3 5.77897E-2 1.12059E-1 4.30762E-3 2.2253E-3 2.71213E-3 3.58252E-3 1.35115E-2 8.06399E-3 6.40366E-4 4.34206E-4 3.10204E-4 3.2774E-5 2.86629E-4 1.87099E-4 2.96458E-5 2.66433E-6 3.3396E-7 7.38615E-7 3.25112E-6 -9999 -9999 -9999 -9999 -9999 -9999 -9999 -9999 -9999 -9999 -9999 -9999 -9999 -9999 -9999 -9999 -9999 -9999 -9999 -9999 -9999 -9999 -9999
4.55414E-5 8.2868E-5 4.40003E-5 2.19079E-4 1.01882E-3 8.97578E-3 3.16737E-2 3.31665E-2 7.31684E-3 1.99899E-2 5.96905E-3 5.71897E-3 8.27226E-3 2.37641E-3 3.81032E-3 6.8614E-3 2.00839E-2 1.71722E-2 4.58843E-2 1.42485E-2 1.92375E-2 3.10979E-3 5.90111E-3 9.33971E-3 1.48787E-2 1.35596E-2 7.08814E-3 2.2978E-3 1.83432E-2 4.255E-2 1.94857E-2 3.84908E-3 8.33851E-4 2.39323E-3 2.05535E-3 2.63478E-3 1.10416E-3 8.36125E-3 6.12528E-4 6.79016E-4 4.62115E-5 3.52044E-5 2.04423E-5 1.33166E-5 1.32247E-6 1.08571E-6 -9999 -9999 -9999 -9999 -9999 -9999 -9999 -9999 -9999 -9999 -9999 -9999 -9999 -9999 -9999 -9999 -9999 -9999 -9999 -9999 -9999 -9999 -9999 -9999 -9999
1.37548E-4 7.04372E-4 5.3488E-3 3.07994E-3 1.10949E-3 9.54638E-3 3.53152E-2 9.25291E-2 1.19435E-2 5.78906E-3 2.99828E-3 3.8172E-3 1.01648E-2 8.41436E-3 7.04008E-4 1.0016E-3 1.44823E-2 5.33376E-2 8.57837E-2 2.43296E-2 4.74042E-3 3.92606E-3 7.2488E-3 6.67608E-3 1.58245E-2 1.10427E-2 4.29637E-3 4.92593E-3 1.0481E-2 1.84962E-2 1.68794E-2 9.99303E-3 4.03999E-4 1.29006E-3 2.50025E-3 1.91467E-3 2.46636E-3 1.16036E-3 2.98999E-3 3.72136E-3 2.54599E-4 1.29326E-5 2.78544E-6 3.27092E-6 -9999 -9999 -9999 -9999 -9999 -9999 -9999 -9999 -9999 -9999 -9999 -9999 -9999 -9999 -9999 -9999 -9999 -9999 -9999 -9999 -9999 -9999 -9999 -9999 -9999 -9999 -9999
4.19241E-5 1.17563E-3 1.08608E-2 1.06743E-2 7.66749E-3 2.96489E-2 8.2431E-2 1.47185E-2 2.12218E-2 2.21512E-3 8.44905E-4 8.1565E-4 5.34632E-3 1.39782E-2 5.09764E-4 1.08187E-3 1.27719E-2 5.94085E-2 1.02457E-1 1.9376E-2 8.95851E-3 6.49087E-4 6.50398E-3 4.01491E-3 2.40013E-3 1.00347E-2 5.53801E-3 7.79718E-3 1.31383E-2 3.99135E-2 1.1791E-2 1.63619E-3 2.9719E-4 4.79122E-4 2.7572E-4 2.82569E-4 5.42539E-4 2.08323E-4 4.66398E-4 4.90517E-4 6.81272E-4 1.67894E-5 -9999 -9999 -9999 -9999 -9999 -9999 -9999 -9999 -9999 -9999 -9999 -9999 -9999 -9999 -9999 -9999 -9999 -9999 -9999 -9999 -9999 -9999 -9999 -9999 -9999 -9999 -9999 -9999 -9999
1.15377E-4 2.44964E-4 3.41959E-3 1.76785E-2 1.03295E-2 8.61871E-3 1.68646E-2 5.23451E-3 1.8891E-3 2.05647E-3 1.92234E-4 1.10546E-3 1.4683E-3 9.5169E-3 1.83921E-3 4.07799E-4 1.13329E-2 3.75884E-2 7.94198E-2 5.51263E-2 2.01981E-3 2.83926E-3 4.18441E-3 1.39473E-3 2.77341E-3 1.15047E-2 5.27915E-3 3.44887E-3 1.69027E-2 1.92764E-2 3.9423E-3 9.71462E-4 1.97126E-3 1.9458E-4 4.26976E-4 1.08063E-4 8.82856E-5 6.75303E-5 1.10208E-3 1.05352E-4 5.65172E-5 -9999 -9999 -9999 -9999 -9999 -9999 -9999 -9999 -9999 -9999 -9999 -9999 -9999 -9999 -9999 -9999 -9999 -9999 -9999 -9999 -9999 -9999 -9999 -9999 -9999 -9999 -9999 -9999 -9999 -9999
7.92671E-3 3.91287E-3 4.90413E-3 1.0146E-2 1.62635E-3 1.11843E-3 1.78987E-3 4.54434E-4 8.09303E-4 5.12444E-4 3.81171E-4 9.22224E-3 3.14527E-3 6.79253E-4 8.35818E-4 3.39017E-4 2.42195E-3 3.08544E-2 8.83089E-2 1.18825E-1 3.56582E-2 7.04403E-3 1.62011E-3 1.07404E-3 1.71231E-3 7.31495E-3 7.61122E-3 1.1531E-3 8.41504E-4 4.45684E-3 2.79349E-3 7.36793E-4 7.67946E-4 2.77887E-4 3.09526E-4 2.98024E-4 7.73655E-5 2.51252E-4 9.09719E-4 1.52795E-4 1.13848E-4 -9999 -9999 -9999 -9999 -9999 -9999 -9999 -9999 -9999 -9999 -9999 -9999 -9999 -9999 -9999 -9999 -9999 -9999 -9999 -9999 -9999 -9999 -9999 -9999 -9999 -9999 -9999 -9999 -9999 -9999
1.74182E-3 1.88585E-3 1.34873E-3 7.57275E-4 6.28231E-4 8.75366E-4 3.66587E-4 2.05809E-4 1.05215E-3 2.83094E-4 7.49253E-4 5.55996E-3 4.83666E-3 1.85398E-4 3.62077E-5 8.83421E-5 1.19508E-4 1.10334E-2 3.9282E-2 7.07613E-2 2.85393E-2 2.08332E-2 1.10373E-2 1.13088E-3 1.66177E-3 4.75181E-3 4.29598E-3 4.01866E-4 1.63716E-4 7.96516E-4 1.24971E-3 2.11668E-3 8.14131E-4 4.35442E-4 1.3842E-4 2.22978E-4 1.99232E-5 1.29859E-5 1.54971E-4 6.31923E-5 1.16986E-5 -9999 -9999 -9999 -9999 -9999 -9999 -9999 -9999 -9999 -9999 -9999 -9999 -9999 -9999 -9999 -9999 -9999 -9999 -9999 -9999 -9999 -9999 -9999 -9999 -9999 -9999 -9999 -9999 -9999 -9999
1.10133E-3 4.84413E-4 3.28156E-4 5.22025E-4 3.94472E-4 9.9038E-4 2.03938E-3 2.83058E-4 4.53163E-4 2.44383E-4 5.51527E-4 2.90012E-3 1.52405E-3 1.26827E-3 2.18903E-4 2.76752E-5 3.98195E-5 2.62113E-3 7.42482E-3 5.52862E-2 6.85786E-2 1.03948E-2 6.13445E-4 2.43032E-4 9.14332E-4 1.15642E-2 7.46502E-3 7.24042E-4 3.21764E-4 6.99042E-4 2.09686E-3 1.97735E-3 2.00506E-3 2.21428E-4 5.51217E-5 1.04216E-4 1.15337E-5 7.49271E-6 3.85956E-5 8.09744E-5 9.40502E-6 -9999 -9999 -9999 -9999 -9999 -9999 -9999 -9999 -9999 -9999 -9999 -9999 -9999 -9999 -9999 -9999 -9999 -9999 -9999 -9999 -9999 -9999 -9999 -9999 -9999 -9999 -9999 -9999 -9999 -9999
1.96052E-3 1.25066E-3 1.31283E-3 3.3022E-4 2.33932E-4 3.82249E-4 1.0139E-3 1.73729E-4 8.0676E-4 3.49216E-3 9.29907E-4 5.66316E-4 6.9856E-4 6.17271E-4 1.64815E-4 2.42651E-5 1.69581E-4 4.05579E-3 4.97972E-3 5.38724E-2 2.95194E-2 8.7721E-3 9.68737E-4 1.65566E-4 3.30477E-4 9.9157E-3 1.13311E-2 1.46959E-3 2.0566E-4 8.84704E-5 2.19445E-4 3.97189E-3 1.70324E-3 1.97944E-4 8.34514E-5 8.52646E-6 3.55782E-6 5.59855E-6 1.76221E-5 8.92772E-5 6.70175E-6 -9999 -9999 -9999 -9999 -9999 -9999 -9999 -9999 -9999 -9999 -9999 -9999 -9999 -9999 -9999 -9999 -9999 -9999 -9999 -9999 -9999 -9999 -9999 -9999 -9999 -9999 -9999 -9999 -9999 -9999
1.51796E-3 3.45214E-4 6.21818E-4 2.69267E-4 3.87259E-5 1.49198E-4 1.00203E-3 1.85533E-3 2.49175E-3 6.12921E-3 1.40773E-3 2.58545E-4 5.01561E-4 7.51881E-4 8.0612E-5 4.07237E-5 1.87108E-4 3.33153E-3 3.14607E-2 3.94394E-2 2.61984E-2 1.25061E-2 8.61486E-4 1.44646E-4 9.05979E-4 7.48353E-3 1.10821E-2 1.30945E-3 8.20668E-5 1.12371E-5 5.43577E-4 1.4498E-3 1.25607E-3 4.07589E-4 3.46261E-4 9.77602E-6 1.07341E-6 3.18586E-6 1.4018E-5 6.42627E-5 3.05739E-5 -9999 -9999 -9999 -9999 -9999 -9999 -9999 -9999 -9999 -9999 -9999 -9999 -9999 -9999 -9999 -9999 -9999 -9999 -9999 -9999 -9999 -9999 -9999 -9999 -9999 -9999 -9999 -9999 -9999 -9999
9.36314E-4 4.33713E-4 1.53685E-4 2.95605E-4 2.51352E-5 2.15374E-5 1.93057E-4 2.3115E-3 6.65055E-3 3.54532E-3 1.50822E-3 1.79796E-4 1.20789E-3 2.55695E-3 4.44025E-4 3.76452E-5 5.55896E-5 7.50586E-4 4.51544E-3 1.90495E-2 1.10553E-2 2.49338E-3 3.17131E-4 1.21904E-3 2.98767E-3 8.00367E-3 5.6346E-3 7.66567E-4 1.14034E-5 1.02973E-5 2.00837E-4 1.3998E-3 5.5516E-4 5.40161E-5 2.40156E-4 2.81283E-5 1.04211E-5 1.29189E-6 2.19612E-6 6.514E-6 -9999 -9999 -9999 -9999 -9999 -9999 -9999 -9999 -9999 -9999 -9999 -9999 -9999 -9999 -9999 -9999 -9999 -9999 -9999 -9999 -9999 -9999 -9999 -9999 -9999 -9999 -9999 -9999 -9999 -9999 -9999
8.13481E-4 1.23426E-4 3.1338E-5 1.06038E-4 6.20467E-5 7.78265E-6 5.08629E-5 1.99704E-3 5.69726E-3 1.86342E-3 1.9979E-3 6.95737E-4 9.9355E-4 1.2906E-3 1.0614E-3 1.8386E-4 2.42342E-5 3.1329E-5 5.92341E-4 5.10393E-3 3.34164E-3 3.22461E-3 3.1749E-4 9.63824E-5 3.24052E-4 3.33671E-3 3.93456E-3 6.04273E-5 3.68803E-6 8.18766E-6 1.85882E-4 3.00251E-4 4.68518E-5 5.57361E-5 1.24705E-4 2.48843E-5 5.553E-6 1.02377E-6 1.53354E-6 1.65924E-6 -9999 -9999 -9999 -9999 -9999 -9999 -9999 -9999 -9999 -9999 -9999 -9999 -9999 -9999 -9999 -9999 -9999 -9999 -9999 -9999 -9999 -9999 -9999 -9999 -9999 -9999 -9999 -9999 -9999 -9999 -9999
1.06565E-4 8.99944E-5 3.69011E-6 1.44797E-5 1.74591E-5 7.74505E-6 2.28111E-5 6.28943E-5 8.01299E-4 6.28597E-4 1.03173E-3 1.60308E-4 1.63948E-4 3.9226E-4 6.6867E-4 6.11439E-4 5.04887E-4 2.95705E-5 4.62509E-5 2.28902E-4 1.57926E-4 7.14598E-5 1.28011E-4 2.38515E-5 2.3132E-4 1.71518E-3 1.84565E-3 1.66134E-4 6.89412E-6 2.3421E-5 3.72693E-4 2.03887E-4 2.10734E-5 5.17597E-6 2.12465E-5 2.36566E-5 5.77937E-6 1.50973E-6 7.03037E-7 1.12333E-6 -9999 -9999 -9999 -9999 -9999 -9999 -9999 -9999 -9999 -9999 -9999 -9999 -9999 -9999 -9999 -9999 -9999 -9999 -9999 -9999 -9999 -9999 -9999 -9999 -9999 -9999 -9999 -9999 -9999 -9999 -9999
2.76109E-5 1.21641E-5 1.42646E-6 3.55343E-6 8.60039E-6 8.00433E-6 5.4315E-5 1.24671E-5 3.79194E-4 2.45399E-4 2.22881E-5 1.90253E-5 1.07311E-5 2.35674E-4 1.85152E-4 2.24696E-4 1.30859E-4 8.85212E-5 1.32699E-5 2.5958E-5 4.9698E-5 1.09187E-5 2.62561E-5 6.98548E-6 6.56983E-5 8.8696E-4 2.50735E-4 2.65477E-4 3.03249E-5 5.47177E-5 9.56902E-5 3.13062E-4 5.84605E-5 3.35917E-6 8.64728E-7 1.03598E-5 3.3917E-6 9.26568E-7 2.61515E-7 -9999 -9999 -9999 -9999 -9999 -9999 -9999 -9999 -9999 -9999 -9999 -9999 -9999 -9999 -9999 -9999 -9999 -9999 -9999 -9999 -9999 -9999 -9999 -9999 -9999 -9999 -9999 -9999 -9999 -9999 -9999 -9999
3.57013E-6 3.24354E-6 7.14355E-7 1.42015E-6 4.20706E-6 1.57696E-5 1.00133E-4 2.23493E-4 2.70531E-4 4.04817E-5 1.14849E-5 1.26732E-5 3.59167E-6 5.02102E-5 1.72224E-4 1.04189E-4 2.36594E-5 1.29104E-5 1.36348E-5 7.40418E-6 4.92351E-6 3.85847E-6 1.66207E-5 2.86132E-5 1.35871E-4 7.77312E-4 3.77437E-4 2.32929E-4 2.25175E-4 4.54161E-5 2.78636E-5 2.67389E-5 3.73123E-5 1.85332E-6 3.22043E-7 1.56261E-6 1.37168E-6 2.64013E-7 3.77113E-7 -9999 -9999 -9999 -9999 -9999 -9999 -9999 -9999 -9999 -9999 -9999 -9999 -9999 -9999 -9999 -9999 -9999 -9999 -9999 -9999 -9999 -9999 -9999 -9999 -9999 -9999 -9999 -9999 -9999 -9999 -9999 -9999
2.30556E-6 1.1702E-6 3.63646E-7 8.5788E-7 1.93612E-6 1.24344E-5 1.58049E-5 6.91984E-5 7.54138E-5 1.99693E-5 1.35396E-6 8.50304E-6 2.21512E-5 1.23709E-4 2.20319E-4 4.35187E-5 6.36988E-5 7.37393E-6 2.51394E-6 2.93744E-6 6.1959E-7 1.15775E-6 1.06428E-5 1.79336E-5 9.44002E-5 1.05339E-4 6.00487E-5 9.93897E-5 2.1567E-4 7.65508E-5 2.22338E-5 4.95955E-6 1.03399E-6 4.16725E-7 1.08618E-7 2.50108E-7 7.81928E-7 2.62683E-7 -9999 -9999 -9999 -9999 -9999 -9999 -9999 -9999 -9999 -9999 -9999 -9999 -9999 -9999 -9999 -9999 -9999 -9999 -9999 -9999 -9999 -9999 -9999 -9999 -9999 -9999 -9999 -9999 -9999 -9999 -9999 -9999 -9999
3.33664E-7 1.24122E-7 1.35152E-7 1.20097E-6 3.49744E-6 1.35003E-5 1.1042E-4 8.79614E-5 2.3166E-5 5.69713E-6 1.01775E-6 8.87862E-7 1.50853E-5 3.76849E-5 1.57819E-4 3.40689E-5 8.96203E-6 1.57847E-6 4.74911E-7 6.32709E-7 6.08811E-7 5.21236E-7 1.63814E-6 1.59161E-5 4.7064E-5 5.0949E-5 3.10054E-5 8.10159E-6 7.69294E-6 9.56043E-6 1.05653E-5 1.0586E-6 4.61231E-8 1.49069E-8 3.55608E-8 9.7455E-8 2.63251E-7 -9999 -9999 -9999 -9999 -9999 -9999 -9999 -9999 -9999 -9999 -9999 -9999 -9999 -9999 -9999 -9999 -9999 -9999 -9999 -9999 -9999 -9999 -9999 -9999 -9999 -9999 -9999 -9999 -9999 -9999 -9999 -9999 -9999 -9999
2.0007E-7 1.03527E-7 3.30329E-7 8.97545E-7 2.63959E-6 4.87098E-6 2.90052E-6 8.09351E-6 1.46423E-5 2.60853E-6 5.68189E-7 4.53265E-7 4.97803E-7 5.4581E-6 2.93934E-5 2.38168E-5 3.62663E-6 2.10539E-7 1.57552E-7 1.68778E-7 2.91361E-7 4.50443E-7 3.6582E-7 1.99831E-6 7.5538E-6 1.37576E-5 6.15442E-6 2.56422E-6 3.98699E-6 3.77047E-6 2.22022E-6 3.20157E-6 5.51787E-7 5.80365E-8 2.34735E-8 8.92567E-8 -9999 -9999 -9999 -9999 -9999 -9999 -9999 -9999 -9999 -9999 -9999 -9999 -9999 -9999 -9999 -9999 -9999 -9999 -9999 -9999 -9999 -9999 -9999 -9999 -9999 -9999 -9999 -9999 -9999 -9999 -9999 -9999 -9999 -9999 -9999
2.99673E-7 1.71933E-7 5.35727E-7 1.1858E-6 2.21996E-6 1.89787E-6 1.281E-6 9.65628E-6 8.9614E-6 1.71472E-6 3.14856E-7 3.60975E-7 4.0775E-7 3.46519E-6 8.79775E-6 4.85116E-6 1.31565E-6 3.15152E-7 5.14041E-8 6.46423E-8 2.53204E-7 6.63958E-7 1.13625E-6 9.785E-7 6.57463E-7 2.18531E-7 8.11739E-8 7.84119E-8 -9999 -9999 9.14886E-7 1.36376E-7 2.52972E-7 1.26735E-7 1.22913E-8 1.84185E-8 -9999 -9999 -9999 -9999 -9999 -9999 -9999 -9999 -9999 -9999 -9999 -9999 -9999 -9999 -9999 -9999 -9999 -9999 -9999 -9999 -9999 -9999 -9999 -9999 -9999 -9999 -9999 -9999 -9999 -9999 -9999 -9999 -9999 -9999 -9999
1.23141E-6 2.22555E-7 2.78962E-7 8.03226E-7 1.26604E-6 1.17497E-6 1.76619E-6 9.29252E-6 5.669E-6 7.22758E-7 2.19841E-7 1.71438E-7 3.83001E-7 1.28851E-6 9.47625E-6 4.10649E-6 4.23109E-7 7.71001E-7 6.08004E-8 4.21968E-7 1.13306E-6 9.99637E-7 1.28416E-6 1.43156E-6 1.33854E-6 9.47891E-7 4.53709E-8 9.99935E-8 -9999 -9999 1.55397E-7 1.51124E-8 7.01986E-8 3.95536E-8 1.81399E-8 -9999 -9999 -9999 -9999 -9999 -9999 -9999 -9999 -9999 -9999 -9999 -9999 -9999 -9999 -9999 -9999 -9999 -9999 -9999 -9999 -9999 -9999 -9999 -9999 -9999 -9999 -9999 -9999 -9999 -9999 -9999 -9999 -9999 -9999 -9999 -9999
1.77353E-6 2.46559E-7 1.33285E-7 1.74647E-7 3.20076E-7 5.15535E-7 8.40108E-7 2.02563E-6 2.33833E-6 6.93415E-7 1.19149E-7 4.09586E-8 3.76162E-7 8.37329E-7 9.72567E-7 1.43433E-6 5.67226E-7 1.21311E-6 3.33134E-7 7.85115E-7 4.34296E-6 1.50316E-5 6.11094E-6 1.71378E-6 6.16042E-6 3.46614E-6 2.10241E-7 -9999 -9999 -9999 1.56726E-7 5.95156E-9 4.68791E-9 1.73474E-8 -9999 -9999 -9999 -9999 -9999 -9999 -9999 -9999 -9999 -9999 -9999 -9999 -9999 -9999 -9999 -9999 -9999 -9999 -9999 -9999 -9999 -9999 -9999 -9999 -9999 -9999 -9999 -9999 -9999 -9999 -9999 -9999 -9999 -9999 -9999 -9999 -9999
1.84734E-6 5.10648E-7 6.42786E-7 9.70082E-8 1.36022E-7 2.73364E-7 2.32974E-7 5.33416E-7 5.96897E-7 2.7064E-7 4.88616E-8 2.9291E-8 3.51853E-7 5.88424E-7 1.35698E-7 3.54778E-7 1.04593E-6 2.12167E-6 1.35931E-6 1.23633E-6 6.7622E-6 3.33315E-5 7.73113E-6 1.44539E-6 5.54014E-6 4.29092E-6 2.478E-6 -9999 -9999 2.37147E-8 3.37768E-8 8.20392E-9 4.56411E-9 -9999 -9999 -9999 -9999 -9999 -9999 -9999 -9999 -9999 -9999 -9999 -9999 -9999 -9999 -9999 -9999 -9999 -9999 -9999 -9999 -9999 -9999 -9999 -9999 -9999 -9999 -9999 -9999 -9999 -9999 -9999 -9999 -9999 -9999 -9999 -9999 -9999 -9999
1.09262E-5 2.69724E-6 2.63971E-6 4.72677E-7 5.1717E-7 1.0227E-6 1.32742E-7 1.21116E-7 8.78126E-8 5.05161E-8 4.79956E-8 4.37241E-8 2.42476E-7 2.97999E-6 4.92846E-7 6.76794E-7 5.2615E-6 3.47182E-6 3.37587E-6 1.06073E-5 2.92452E-5 8.90083E-5 9.37915E-6 6.72888E-6 1.05412E-5 6.71442E-6 -9999 -9999 -9999 3.45807E-8 7.03376E-9 -9999 -9999 -9999 -9999 -9999 -9999 -9999 -9999 -9999 -9999 -9999 -9999 -9999 -9999 -9999 -9999 -9999 -9999 -9999 -9999 -9999 -9999 -9999 -9999 -9999 -9999 -9999 -9999 -9999 -9999 -9999 -9999 -9999 -9999 -9999 -9999 -9999 -9999 -9999 -9999
2.06441E-5 3.75767E-5 1.82873E-5 5.76991E-6 3.35825E-6 2.01125E-6 3.58607E-7 4.88936E-7 4.05737E-7 1.96497E-7 6.03224E-7 1.57047E-7 1.19279E-6 1.09722E-5 3.46526E-6 2.01634E-6 1.72026E-5 2.43058E-6 1.38517E-6 2.85503E-5 2.50959E-5 1.73099E-5 1.96859E-5 1.77005E-5 9.85483E-6 -9999 -9999 -9999 -9999 6.13079E-8 -9999 -9999 -9999 -9999 -9999 -9999 -9999 -9999 -9999 -9999 -9999 -9999 -9999 -9999 -9999 -9999 -9999 -9999 -9999 -9999 -9999 -9999 -9999 -9999 -9999 -9999 -9999 -9999 -9999 -9999 -9999 -9999 -9999 -9999 -9999 -9999 -9999 -9999 -9999 -9999 -9999
2.50292E-5 1.05278E-4 5.71586E-5 7.02591E-5 5.44572E-5 3.37139E-6 1.38245E-6 2.37416E-6 3.12897E-6 1.16671E-6 1.47749E-6 6.02184E-7 9.54607E-7 4.63352E-6 2.03133E-5 1.02022E-5 2.09599E-5 4.35592E-6 4.61542E-6 5.37445E-6 2.77416E-5 3.53506E-5 1.16098E-5 1.51019E-5 3.42632E-5 -9999 -9999 -9999 -9999 -9999 -9999 -9999 -9999 -9999 -9999 -9999 -9999 -9999 -9999 -9999 -9999 -9999 -9999 -9999 -9999 -9999 -9999 -9999 -9999 -9999 -9999 -9999 -9999 -9999 -9999 -9999 -9999 -9999 -9999 -9999 -9999 -9999 -9999 -9999 -9999 -9999 -9999 -9999 -9999 -9999 -9999
1.7748E-5 1.31283E-4 2.80074E-4 1.94439E-4 9.15037E-5 3.77492E-5 6.3067E-6 3.17856E-6 1.40438E-5 7.2341E-6 1.7925E-6 9.52225E-6 9.82768E-6 4.46433E-6 4.22835E-5 3.40446E-5 3.84511E-5 2.49402E-5 4.19122E-5 2.98287E-5 1.09954E-4 3.03112E-5 7.09786E-6 7.56575E-6 4.62849E-5 -9999 -9999 -9999 -9999 -9999 -9999 -9999 -9999 -9999 -9999 -9999 -9999 -9999 -9999 -9999 -9999 -9999 -9999 -9999 -9999 -9999 -9999 -9999 -9999 -9999 -9999 -9999 -9999 -9999 -9999 -9999 -9999 -9999 -9999 -9999 -9999 -9999 -9999 -9999 -9999 -9999 -9999 -9999 -9999 -9999 -9999
5.15527E-5 1.93747E-4 4.09054E-4 1.67748E-4 1.41451E-4 2.52402E-4 3.45072E-5 4.32918E-5 2.08237E-5 4.00183E-6 3.46207E-6 1.49892E-5 3.08443E-5 1.7194E-5 3.63584E-5 2.69883E-5 1.29759E-5 5.78252E-6 9.38516E-5 6.7718E-5 4.51078E-5 3.52957E-5 1.52709E-5 4.56921E-6 5.89172E-6 6.39455E-7 -9999 -9999 -9999 -9999 -9999 -9999 -9999 -9999 -9999 -9999 -9999 -9999 -9999 -9999 -9999 -9999 -9999 -9999 -9999 -9999 -9999 -9999 -9999 -9999 -9999 -9999 -9999 -9999 -9999 -9999 -9999 -9999 -9999 -9999 -9999 -9999 -9999 -9999 -9999 -9999 -9999 -9999 -9999 -9999 -9999
3.4108E-4 2.20724E-4 4.66665E-4 4.80861E-5 5.81693E-5 2.52101E-4 3.40007E-4 2.95196E-4 5.00329E-5 4.27938E-5 2.91569E-5 9.10216E-5 5.56875E-5 7.88096E-6 2.4334E-5 3.11101E-5 4.47803E-5 1.20104E-4 1.39569E-4 3.48855E-5 3.13015E-5 3.01948E-5 8.04306E-6 3.7993E-6 7.67354E-6 3.21955E-7 7.1532E-8 -9999 -9999 -9999 -9999 -9999 -9999 -9999 -9999 -9999 -9999 -9999 -9999 -9999 -9999 -9999 -9999 -9999 -9999 -9999 -9999 -9999 -9999 -9999 -9999 -9999 -9999 -9999 -9999 -9999 -9999 -9999 -9999 -9999 -9999 -9999 -9999 -9999 -9999 -9999 -9999 -9999 -9999 -9999 -9999
6.36899E-4 6.67778E-4 4.78256E-4 5.59705E-5 1.63885E-4 3.14179E-4 5.1622E-4 1.77283E-4 2.54218E-5 7.00522E-5 2.55718E-4 4.35764E-4 9.73525E-5 1.08345E-5 2.02909E-5 8.03433E-5 2.31299E-4 2.11679E-4 8.84626E-5 4.50187E-5 1.72573E-5 3.00417E-5 7.11108E-5 3.78457E-5 1.22544E-5 4.12691E-6 4.1852E-7 1.22925E-7 -9999 -9999 -9999 -9999 -9999 -9999 -9999 -9999 -9999 -9999 -9999 -9999 -9999 -9999 -9999 -9999 -9999 -9999 -9999 -9999 -9999 -9999 -9999 -9999 -9999 -9999 -9999 -9999 -9999 -9999 -9999 -9999 -9999 -9999 -9999 -9999 -9999 -9999 -9999 -9999 -9999 -9999 -9999
