ENM/Final_Models/M_0.9_F_q_Set_1_E/Gustavia_santanderiensis_9_Choco.asc
ncols         367
nrows         963
xllcorner     -78.6
yllcorner     0.65
cellsize      0.00833333333333323
NODATA_value  -9999
[rows 272 to 305 of 963, columns 231 to 307 of 367]
1E0 1E0 1E0 1E0 1E0 1E0 1E0 1E0 1E0 1E0 1E0 1E0 8.60834E-1 2.0474E-2 7.27962E-2 5.10949E-1 3.69793E-1 5.33604E-1 1.54789E-1 8.17891E-1 1E0 9.99779E-1 1E0 9.86081E-1 9.72984E-1 9.59447E-1 9.85407E-1 9.36512E-1 8.27822E-1 9.54287E-1 9.75604E-1 9.8336E-1 9.00955E-1 9.99987E-1 9.99979E-1 1E0 1E0 1E0 1E0 1E0 1E0 1E0 9.64034E-1 7.67445E-1 9.95727E-1 9.99623E-1 9.84408E-1 1.93598E-2 2.25326E-2 9.06239E-2 4.32054E-2 6.30928E-2 1.02014E-1 6.58927E-2 7.06227E-2 4.48065E-2 2.16319E-2 9.75455E-3 1.26769E-2 1.60802E-3 1.22627E-3 4.94932E-4 2.75197E-4 1.23533E-3 9.66813E-5 5.57735E-6 -9999 -9999 -9999 -9999 -9999 -9999 -9999 -9999 -9999 -9999 -9999
1E0 1E0 1E0 1E0 1E0 1E0 1E0 1E0 1E0 1E0 1E0 1E0 8.78082E-1 2.2204E-2 6.22972E-2 5.67571E-1 2.68523E-1 2.04043E-1 2.34848E-1 4.61511E-1 1E0 1E0 1E0 9.99365E-1 8.75536E-1 9.34123E-1 9.99727E-1 9.71283E-1 9.37936E-1 9.97823E-1 1E0 1E0 9.97488E-1 9.86206E-1 1E0 9.99965E-1 1E0 1E0 1E0 1E0 1E0 1E0 9.96626E-1 9.97062E-1 9.52508E-1 8.04791E-1 8.14008E-1 1.46489E-2 9.32259E-3 4.75247E-2 7.71196E-2 1.3705E-1 4.32409E-2 1.63333E-2 8.4952E-3 2.12088E-2 3.17024E-2 1.59449E-2 1.49022E-2 2.28337E-3 9.1023E-4 4.35229E-4 5.624E-4 4.95982E-4 8.39618E-4 3.70265E-5 -9999 -9999 -9999 -9999 -9999 -9999 -9999 -9999 -9999 -9999 -9999
1E0 1E0 1E0 1E0 1E0 1E0 1E0 1E0 1E0 1E0 1E0 1E0 8.82669E-1 1.26357E-1 3.99474E-2 3.58589E-1 8.24994E-1 3.16701E-1 7.83654E-1 5.07085E-1 9.99863E-1 1E0 1E0 9.99817E-1 9.33386E-1 9.87169E-1 9.95334E-1 8.60607E-1 9.23784E-1 9.80062E-1 1E0 1E0 1E0 9.99749E-1 9.99712E-1 9.9995E-1 9.99998E-1 1E0 1E0 1E0 1E0 1E0 1E0 9.85359E-1 9.4968E-1 8.7187E-1 8.10142E-1 1.20024E-2 1.25982E-3 2.06367E-2 5.65069E-2 1.55219E-1 1.32554E-1 4.83346E-2 1.02696E-2 6.36858E-3 9.74316E-3 2.61154E-3 2.80104E-3 3.24563E-3 1.85725E-3 5.19706E-4 2.19293E-3 3.21027E-3 8.63476E-4 2.55687E-4 1.08155E-3 -9999 -9999 -9999 -9999 -9999 -9999 -9999 -9999 -9999 -9999
1E0 1E0 1E0 1E0 1E0 1E0 1E0 1E0 1E0 1E0 1E0 1E0 9.66047E-1 2.69884E-1 8.6113E-2 8.30591E-2 5.3973E-1 7.03191E-1 6.13577E-1 7.77768E-1 9.71828E-1 1E0 9.99977E-1 9.97258E-1 9.90896E-1 9.76399E-1 9.9498E-1 9.99515E-1 9.41053E-1 9.51609E-1 1E0 1E0 9.99956E-1 9.99973E-1 1E0 9.66568E-1 9.9943E-1 9.94091E-1 1E0 1E0 1E0 1E0 9.99999E-1 9.615E-1 8.17463E-1 9.18232E-1 9.67605E-1 9.47264E-3 1.38188E-3 7.99702E-3 1.08223E-2 3.84259E-2 6.73096E-2 6.22795E-3 1.83358E-2 1.82495E-2 1.04528E-2 1.64858E-3 3.045E-3 1.64219E-3 3.89939E-3 8.68346E-4 1.54457E-3 1.3145E-3 1.39138E-4 1.27819E-4 1.39387E-4 -9999 -9999 -9999 -9999 -9999 -9999 -9999 -9999 -9999 -9999
1E0 1E0 1E0 1E0 1E0 1E0 1E0 1E0 1E0 1E0 1E0 1E0 9.98791E-1 4.73944E-1 1.05156E-1 1.97448E-1 7.40447E-1 6.03896E-1 5.28476E-1 4.62959E-1 9.55535E-1 9.99999E-1 9.99999E-1 1E0 9.8328E-1 9.51694E-1 9.99125E-1 1E0 9.83311E-1 9.97617E-1 1E0 9.99998E-1 9.91703E-1 9.99966E-1 1E0 1E0 9.99999E-1 9.99987E-1 9.98538E-1 1E0 1E0 1E0 1E0 9.82599E-1 9.0955E-1 8.55437E-1 3.64361E-1 6.27933E-4 3.77156E-4 3.24731E-2 3.40099E-2 1.29636E-2 2.2553E-2 8.52099E-2 1.59353E-2 2.15993E-3 7.79268E-3 4.36716E-3 9.36181E-3 4.27151E-3 1.84929E-3 2.4566E-3 1.72715E-3 4.10385E-3 9.90013E-5 1.74211E-4 2.96623E-4 4.79101E-4 -9999 -9999 -9999 -9999 -9999 -9999 -9999 -9999 -9999
1E0 1E0 1E0 1E0 1E0 1E0 1E0 1E0 1E0 1E0 1E0 1E0 1E0 5.26728E-1 2.14957E-1 4.80902E-1 5.46758E-1 5.402E-1 2.75965E-1 5.93898E-1 7.35076E-1 1E0 9.99802E-1 1E0 9.42431E-1 9.27802E-1 9.98724E-1 9.99208E-1 9.98164E-1 9.43256E-1 1E0 1E0 9.99987E-1 1E0 1E0 1E0 9.99535E-1 9.99997E-1 9.88375E-1 1E0 1E0 9.99778E-1 8.26522E-1 9.85557E-1 8.4143E-1 7.6399E-1 3.78058E-3 1.23818E-2 3.43986E-3 2.25064E-3 3.29514E-3 7.01596E-3 3.25758E-3 8.46674E-2 8.43401E-3 6.05837E-3 2.56345E-3 8.22205E-3 1.11223E-3 4.93115E-3 8.23749E-3 4.11047E-3 6.58528E-4 8.56437E-4 1.38937E-3 3.93912E-4 3.05675E-4 3.09491E-4 3.31976E-4 -9999 -9999 -9999 -9999 -9999 -9999 -9999 -9999
1E0 1E0 1E0 1E0 1E0 1E0 1E0 1E0 1E0 1E0 1E0 1E0 1E0 7.61806E-1 1.52743E-1 2.15524E-1 1.59983E-1 2.35352E-1 1.88994E-1 1.47129E-1 5.63903E-1 1E0 1E0 9.99982E-1 9.88662E-1 9.70234E-1 9.92239E-1 9.98346E-1 9.99999E-1 9.98835E-1 9.99995E-1 9.99992E-1 9.99996E-1 1E0 1E0 1E0 1E0 1E0 1E0 1E0 1E0 1E0 8.66333E-1 3.81767E-1 2.83989E-1 5.62755E-1 7.10272E-3 4.9274E-3 6.01004E-3 8.80216E-3 1.96777E-3 5.59219E-3 1.53606E-3 2.42481E-2 2.56841E-2 8.12228E-3 5.15806E-3 7.45156E-3 1.61438E-3 5.7866E-3 3.02741E-3 2.91008E-3 2.56185E-3 1.68356E-3 1.76402E-3 3.79398E-4 8.19726E-4 2.06421E-4 2.66267E-4 1.50748E-4 -9999 -9999 -9999 -9999 -9999 -9999 -9999
1E0 1E0 1E0 1E0 1E0 1E0 1E0 1E0 1E0 1E0 1E0 1E0 1E0 9.99609E-1 7.21349E-1 5.86008E-1 1.14039E-1 1.15855E-1 1.45479E-1 5.70068E-2 4.81694E-1 1E0 9.99978E-1 9.99176E-1 9.95019E-1 9.15681E-1 9.11591E-1 9.99253E-1 9.99676E-1 9.94575E-1 1E0 9.99213E-1 1E0 1E0 1E0 1E0 1E0 9.99973E-1 9.99598E-1 9.99853E-1 1E0 9.99964E-1 9.08483E-1 1.01822E-1 6.90366E-2 4.06545E-1 4.68202E-2 1.93165E-2 6.55111E-4 5.42002E-3 4.31027E-3 7.76134E-4 6.02299E-4 7.42115E-3 1.29965E-2 1.27221E-2 8.93211E-3 4.34982E-3 2.27745E-3 1.12014E-3 4.66469E-3 1.50754E-3 2.11719E-3 1.6135E-3 1.69566E-3 3.22887E-4 5.30439E-4 5.52812E-4 8.80267E-4 1.4994E-4 1.11152E-4 -9999 -9999 -9999 -9999 -9999 -9999
1E0 1E0 1E0 1E0 1E0 1E0 1E0 1E0 1E0 1E0 1E0 1E0 1E0 1E0 9.99999E-1 3.63855E-1 1.24189E-1 2.58565E-1 2.48633E-1 2.51073E-1 5.6585E-1 1E0 1E0 9.98861E-1 9.92097E-1 9.89951E-1 9.98003E-1 9.99662E-1 9.98417E-1 9.87687E-1 1E0 9.99969E-1 1E0 1E0 1E0 1E0 1E0 1E0 1E0 9.99685E-1 9.9999E-1 9.58536E-1 8.5616E-1 9.4695E-1 6.76539E-1 3.40548E-1 1.38619E-2 1.75461E-3 4.32485E-4 3.0039E-3 9.98845E-4 3.39299E-3 7.38834E-3 3.44354E-2 2.3385E-2 1.95151E-2 7.34099E-4 1.72089E-3 1.35339E-3 1.14317E-3 8.97179E-4 3.07794E-4 4.00044E-3 1.73011E-3 1.86101E-3 8.31643E-4 1.61659E-3 4.1209E-4 1.10108E-4 5.22695E-4 6.66052E-4 -9999 -9999 -9999 -9999 -9999 -9999
1E0 1E0 1E0 1E0 1E0 1E0 1E0 1E0 1E0 1E0 1E0 1E0 1E0 1E0 1E0 1.36773E-1 3.94719E-2 1.77942E-1 3.28427E-1 5.32965E-1 9.91854E-1 1E0 1E0 9.33621E-1 9.9871E-1 9.72649E-1 9.87455E-1 9.91185E-1 9.54376E-1 9.99957E-1 1E0 1E0 1E0 1E0 1E0 1E0 1E0 1E0 1E0 1E0 1E0 5.33585E-1 5.01565E-2 9.34138E-1 8.29419E-1 5.5682E-1 6.50433E-2 8.59159E-3 3.14353E-3 4.85889E-4 3.23598E-3 2.457E-3 2.22434E-2 2.22555E-2 1.27707E-2 4.94647E-3 1.52804E-3 1.09335E-3 1.38592E-4 1.25372E-3 1.26154E-4 3.13389E-4 3.4867E-4 4.69852E-3 2.08942E-3 7.38355E-4 9.43316E-4 1.07255E-3 3.26145E-4 3.77711E-4 2.55302E-4 5.91718E-4 -9999 -9999 -9999 -9999 -9999
1E0 1E0 1E0 1E0 1E0 1E0 1E0 1E0 1E0 1E0 1E0 1E0 1E0 1E0 7.89543E-1 1.61589E-1 7.19682E-2 7.55944E-2 1.96463E-1 5.11052E-1 1E0 1E0 1E0 9.94732E-1 9.70311E-1 9.69536E-1 9.22612E-1 8.88229E-1 7.70843E-1 8.5204E-1 9.99992E-1 1E0 1E0 1E0 1E0 1E0 1E0 1E0 1E0 1E0 1E0 1E0 9.99998E-1 7.34936E-1 9.48561E-1 6.89356E-1 9.31109E-3 9.42175E-4 5.88597E-3 2.58191E-3 2.31768E-3 4.45437E-3 1.67584E-3 3.92154E-3 2.44134E-3 2.14401E-3 4.4588E-3 8.09994E-4 2.02821E-4 3.01796E-4 2.53105E-4 2.8722E-4 4.34462E-4 1.09357E-3 1.07233E-3 7.72092E-4 4.3389E-4 1.28581E-4 4.28336E-4 2.35189E-4 1.66374E-4 -9999 -9999 -9999 -9999 -9999 -9999
1E0 1E0 1E0 1E0 1E0 1E0 1E0 1E0 1E0 1E0 1E0 1E0 1E0 1E0 9.69375E-1 9.23531E-2 5.74317E-1 3.10289E-1 2.17149E-1 5.98984E-1 1E0 1E0 1E0 9.98246E-1 9.09644E-1 7.54211E-1 8.48709E-1 9.43603E-1 9.80962E-1 9.25655E-1 1E0 1E0 9.99875E-1 1E0 1E0 1E0 1E0 1E0 1E0 9.99934E-1 9.67934E-1 9.88269E-1 6.42096E-2 1.42916E-2 4.59765E-2 2.36352E-2 2.03749E-2 8.75526E-3 6.7823E-4 6.61933E-4 4.99371E-4 1.46593E-3 2.04276E-3 6.72487E-4 4.97109E-3 3.85367E-3 2.45239E-3 2.18601E-3 4.27373E-4 1.3427E-4 7.00399E-4 1.3202E-4 5.8179E-4 2.726E-3 1.02384E-2 6.06512E-4 5.49227E-4 5.80022E-4 1.06957E-3 1.56749E-3 1.31441E-3 -9999 -9999 -9999 -9999 -9999 -9999
1E0 1E0 1E0 1E0 1E0 1E0 1E0 1E0 1E0 1E0 1E0 1E0 1E0 1E0 9.18551E-1 8.85627E-2 3.24658E-1 3.33594E-1 3.19688E-1 3.83761E-1 1E0 1E0 1E0 1E0 9.31821E-1 9.53052E-1 9.63065E-1 9.16407E-1 8.8107E-1 9.99107E-1 9.99627E-1 1E0 1E0 1E0 1E0 1E0 1E0 1E0 9.99685E-1 9.78312E-1 8.93097E-1 8.2901E-1 9.53566E-2 2.60871E-2 2.46813E-3 2.63308E-3 2.06243E-2 4.68638E-3 5.98203E-4 4.86595E-4 3.85399E-4 8.66421E-4 8.52713E-4 5.90102E-4 2.00496E-2 3.25238E-3 1.94599E-3 1.49561E-3 1.24354E-3 3.18102E-4 1.96E-4 6.27217E-4 1.47363E-4 1.27607E-3 3.16458E-3 3.6597E-3 1.11412E-3 6.71047E-4 1.86692E-4 4.07537E-4 1.58958E-4 -9999 -9999 -9999 -9999 -9999 -9999
1E0 1E0 1E0 1E0 1E0 1E0 1E0 1E0 1E0 1E0 1E0 1E0 1E0 1E0 9.99995E-1 2.02806E-1 3.50542E-1 4.21286E-1 3.01761E-1 1.9029E-1 9.99875E-1 1E0 1E0 1E0 8.83865E-1 9.80134E-1 9.80114E-1 9.96472E-1 9.85778E-1 9.99972E-1 9.93027E-1 1E0 1E0 1E0 1E0 9.99289E-1 9.99249E-1 9.98097E-1 9.99991E-1 7.27275E-1 4.56793E-1 5.34979E-1 8.61459E-1 4.11682E-2 1.63765E-2 1.20303E-2 7.97964E-4 2.66474E-4 7.5821E-5 2.43958E-4 5.5254E-4 1.33818E-3 1.0486E-3 5.01548E-4 1.21166E-3 4.61395E-3 1.14219E-3 1.34533E-3 7.5846E-4 1.86478E-4 3.24752E-4 1.95212E-4 3.55813E-4 1.45223E-3 1.33647E-3 1.12271E-3 5.62564E-4 2.49394E-4 3.81032E-4 5.72827E-4 2.09435E-4 -9999 -9999 -9999 -9999 -9999 -9999
1E0 1E0 1E0 1E0 1E0 1E0 1E0 1E0 1E0 1E0 1E0 1E0 1E0 1E0 1E0 6.02337E-2 3.79568E-1 5.65182E-1 6.9854E-1 5.36099E-1 1E0 1E0 1E0 1E0 9.9973E-1 9.99973E-1 8.56434E-1 9.99937E-1 1E0 9.81893E-1 9.98752E-1 1E0 1E0 1E0 9.99999E-1 9.99875E-1 2.76053E-1 1.42639E-1 8.33014E-1 9.96419E-1 2.44941E-2 9.17329E-1 6.74791E-1 6.14002E-1 9.37529E-4 1.07732E-2 8.32262E-4 4.75272E-4 6.05459E-5 1.60254E-4 1.00027E-3 2.37332E-3 1.39762E-3 5.87588E-4 1.67766E-3 1.98936E-3 1.48148E-3 1.08778E-3 2.719E-4 3.31774E-4 8.85682E-5 2.00266E-4 5.40812E-4 1.06081E-3 1.11768E-3 8.88477E-4 6.00156E-4 1.68333E-4 1.43645E-4 2.92878E-4 5.29642E-4 6.11116E-4 -9999 -9999 -9999 -9999 -9999
1E0 1E0 1E0 1E0 1E0 1E0 1E0 1E0 1E0 1E0 1E0 1E0 1E0 1E0 1E0 1.5266E-1 1.04859E-1 5.93403E-1 8.23829E-1 9.98726E-1 1E0 1E0 1E0 9.99997E-1 1E0 1E0 9.99322E-1 9.20938E-1 9.8155E-1 9.94139E-1 9.99998E-1 1E0 1E0 1E0 1E0 9.80088E-1 4.34673E-1 9.16241E-1 9.99297E-1 9.97017E-1 2.18099E-1 9.46797E-2 3.74461E-1 4.05243E-1 4.95032E-2 5.47456E-3 3.66403E-3 4.32498E-3 1.45013E-3 2.58313E-4 1.06523E-3 2.74789E-3 1.34216E-3 5.14671E-4 3.98072E-4 5.56508E-4 3.65969E-4 2.55463E-4 2.41778E-4 5.32904E-4 6.25087E-4 3.53013E-4 1.3168E-4 1.02753E-3 1.36222E-3 7.79085E-4 2.12931E-3 3.19769E-4 3.34868E-4 1.44865E-3 2.29536E-4 -9999 -9999 -9999 -9999 -9999 -9999
1E0 1E0 1E0 1E0 1E0 1E0 1E0 1E0 1E0 1E0 1E0 1E0 1E0 1E0 1E0 4.9541E-1 8.61846E-2 2.79989E-1 6.22074E-1 9.84315E-1 1E0 1E0 1E0 1E0 9.99928E-1 9.96719E-1 9.99497E-1 9.55163E-1 8.61796E-1 9.17535E-1 9.84875E-1 1E0 1E0 1E0 1E0 1E0 1E0 1E0 1E0 1E0 9.99839E-1 1.34457E-1 8.39752E-2 4.96767E-1 1.03785E-1 2.46185E-3 1.11374E-2 3.03615E-3 5.34794E-3 1.94568E-4 4.40555E-4 7.46729E-4 4.75537E-4 8.59979E-4 4.69427E-4 4.8606E-4 2.8882E-4 7.67936E-4 8.38764E-4 6.15604E-4 4.57754E-4 1.06998E-4 3.63653E-4 7.84587E-4 3.51217E-3 4.20296E-3 1.36969E-3 1.36219E-3 4.2023E-4 5.53081E-4 1.50476E-3 -9999 -9999 -9999 -9999 -9999 -9999
1E0 1E0 1E0 1E0 1E0 1E0 1E0 1E0 1E0 1E0 1E0 1E0 1E0 1E0 1E0 1E0 6.83861E-1 2.40774E-1 7.40533E-1 9.99987E-1 1E0 1E0 1E0 1E0 9.98796E-1 9.17615E-1 8.83165E-1 8.03775E-1 6.88399E-1 9.29433E-1 9.85165E-1 7.50428E-1 1E0 1E0 1E0 1E0 1E0 1E0 1E0 1E0 1E0 9.4643E-1 7.31796E-1 8.31637E-1 1.38745E-2 1.74016E-2 3.26038E-3 3.10004E-3 6.31035E-3 1.56589E-3 6.8423E-4 1.11867E-4 3.15904E-4 4.32804E-4 6.70826E-4 1.24754E-3 4.94778E-4 1.17616E-3 1.61857E-3 3.01706E-4 2.14294E-4 1.61267E-4 9.41966E-4 1.34245E-3 6.91209E-4 6.80663E-4 1.22003E-3 2.27578E-3 9.88683E-4 1.47353E-3 1.20596E-3 -9999 -9999 -9999 -9999 -9999 -9999
1E0 1E0 1E0 1E0 1E0 1E0 1E0 1E0 1E0 1E0 1E0 1E0 1E0 1E0 1E0 1E0 1E0 9.78262E-1 9.78946E-1 1E0 1E0 1E0 1E0 1E0 9.9849E-1 9.66989E-1 9.09904E-1 9.07417E-1 8.35795E-1 9.56098E-1 8.99792E-1 9.6848E-1 7.7143E-1 8.4467E-1 9.99996E-1 1E0 1E0 1E0 1E0 1E0 1E0 1E0 9.92163E-1 9.56781E-1 3.96028E-1 2.99038E-2 4.54271E-2 9.28329E-3 1.34436E-2 2.60523E-3 3.24152E-3 8.84645E-4 1.89143E-4 2.42065E-4 2.63104E-4 2.20272E-4 1.65857E-4 2.34997E-4 1.46928E-4 2.51198E-4 3.43662E-4 3.42618E-4 6.7288E-4 1.90761E-3 2.44767E-3 2.90127E-3 2.80104E-3 1.64692E-3 1.48101E-3 2.87382E-3 3.44368E-4 -9999 -9999 -9999 -9999 -9999 -9999
1E0 1E0 1E0 1E0 1E0 1E0 1E0 1E0 1E0 1E0 1E0 1E0 1E0 1E0 1E0 1E0 1E0 1E0 1E0 1E0 1E0 1E0 1E0 1E0 1E0 9.10453E-1 8.94318E-1 9.44615E-1 9.21116E-1 8.61691E-1 8.00114E-1 8.84701E-1 9.98924E-1 9.9731E-1 8.15087E-1 7.00141E-1 9.54109E-1 8.16863E-1 9.97804E-1 8.28638E-1 9.99649E-1 9.99452E-1 9.99575E-1 9.99924E-1 7.05464E-1 3.50459E-2 1.12187E-1 2.22164E-2 3.89099E-3 9.81463E-3 7.22576E-3 4.92769E-4 2.08534E-4 3.90968E-4 1.69081E-4 1.48497E-4 6.56948E-4 7.58571E-4 9.34445E-4 3.02294E-4 3.27966E-4 1.25038E-3 5.71166E-4 8.84072E-4 2.91905E-3 3.30354E-3 3.48054E-3 1.39754E-3 7.11021E-4 6.62031E-4 1.3844E-3 9.54464E-4 -9999 -9999 -9999 -9999 -9999
1E0 1E0 1E0 1E0 1E0 1E0 1E0 1E0 1E0 1E0 1E0 1E0 1E0 1E0 1E0 1E0 1E0 1E0 1E0 1E0 1E0 1E0 1E0 1E0 9.94779E-1 8.80376E-1 9.56128E-1 9.4744E-1 9.76468E-1 4.94662E-1 7.82239E-1 7.59787E-1 9.97805E-1 1E0 9.81278E-1 7.69513E-1 8.37497E-1 9.13429E-1 5.76663E-1 7.20525E-1 3.47072E-1 8.39277E-1 9.58118E-1 9.99975E-1 9.36433E-1 1.01824E-1 1.06302E-1 4.8926E-3 2.23962E-3 1.06115E-3 9.50884E-3 6.7539E-4 2.04755E-4 3.69733E-4 1.64969E-4 1.70754E-5 2.0928E-4 1.09504E-3 7.6071E-4 3.08775E-4 2.991E-4 5.27954E-4 6.89331E-4 1.29657E-3 3.28739E-3 2.4838E-3 1.55812E-3 5.92649E-3 6.35401E-4 5.92559E-4 8.77535E-5 2.3154E-4 6.11748E-4 -9999 -9999 -9999 -9999
1E0 1E0 1E0 1E0 1E0 1E0 1E0 1E0 1E0 1E0 1E0 1E0 1E0 1E0 1E0 1E0 1E0 1E0 1E0 1E0 1E0 1E0 1E0 1E0 9.96321E-1 6.68486E-1 9.0112E-1 8.82115E-1 7.38849E-1 3.10915E-1 7.98967E-1 8.07746E-1 9.91808E-1 1E0 9.39293E-1 8.53567E-1 7.89508E-1 7.39597E-1 4.36225E-1 2.13448E-1 4.42878E-1 2.92155E-1 1.98343E-1 9.80459E-1 1E0 9.18811E-1 1.37997E-2 3.4046E-2 5.878E-4 3.18432E-4 2.16195E-4 2.64456E-4 5.30652E-5 5.89984E-5 5.72581E-5 1.22785E-4 1.26461E-3 1.73732E-3 7.58532E-4 2.22296E-3 3.43102E-4 2.96891E-4 1.20566E-3 1.72976E-3 1.21352E-3 2.96616E-4 1.31969E-3 7.477E-3 7.75787E-4 2.964E-4 2.3402E-4 2.00306E-4 5.26102E-4 2.59866E-3 -9999 -9999 -9999
1E0 1E0 1E0 1E0 1E0 1E0 1E0 1E0 1E0 1E0 1E0 1E0 1E0 1E0 1E0 1E0 1E0 1E0 1E0 1E0 1E0 1E0 1E0 9.99979E-1 8.99006E-1 9.61422E-1 8.80793E-1 6.834E-1 7.26389E-1 5.53639E-1 8.89455E-1 9.76621E-1 1E0 9.99524E-1 9.35438E-1 9.92054E-1 9.98655E-1 9.97909E-1 9.99997E-1 5.43732E-1 2.03684E-1 2.72445E-1 8.94792E-1 1E0 1E0 9.48181E-1 6.52834E-1 2.92611E-3 6.9044E-3 1.23926E-3 3.55159E-4 1.1439E-4 2.05061E-4 1.49136E-4 4.6715E-4 2.37888E-4 6.63059E-4 9.05598E-4 8.83763E-4 1.21245E-3 4.21082E-4 6.90788E-4 8.26624E-4 5.97384E-4 2.64266E-4 2.17367E-4 5.1562E-4 3.84763E-4 4.08654E-4 2.54441E-4 2.45423E-4 1.00909E-3 1.15998E-3 -9999 -9999 -9999 -9999
1E0 1E0 1E0 1E0 1E0 1E0 1E0 1E0 1E0 1E0 1E0 1E0 1E0 1E0 1E0 1E0 1E0 1E0 1E0 1E0 1E0 1E0 9.99982E-1 9.04225E-1 8.9567E-1 9.98464E-1 9.97851E-1 9.97976E-1 8.49244E-1 9.99421E-1 9.01922E-1 9.99997E-1 9.92096E-1 9.99954E-1 1E0 1E0 9.99997E-1 1E0 9.99999E-1 1E0 1E0 9.99902E-1 1E0 1E0 9.98496E-1 9.99969E-1 7.62737E-1 1.53376E-2 3.7566E-3 1.99726E-3 2.23922E-4 1.34324E-4 1.02664E-4 6.14288E-5 7.68266E-4 9.56798E-4 2.96485E-4 1.77467E-4 6.25655E-4 1.42186E-3 1.4427E-3 1.6173E-3 5.64792E-4 3.13051E-4 1.88565E-4 1.8749E-4 1.74829E-4 2.48264E-4 7.93409E-5 5.9781E-5 1.9895E-4 5.09391E-4 2.33918E-4 2.36609E-4 -9999 -9999 -9999
1E0 1E0 1E0 1E0 1E0 1E0 1E0 1E0 1E0 1E0 1E0 1E0 1E0 1E0 1E0 1E0 1E0 1E0 1E0 1E0 1E0 1E0 1E0 1E0 1E0 1E0 9.99991E-1 9.99983E-1 1E0 9.63857E-1 9.97886E-1 9.61399E-1 1E0 1E0 1E0 1E0 1E0 2.7223E-1 1.16569E-1 9.51428E-1 9.99992E-1 6.85171E-1 6.07487E-1 6.84388E-1 4.06436E-1 9.58054E-1 7.40385E-3 2.62931E-3 1.66548E-3 2.0344E-4 6.50014E-5 8.37874E-5 1.48089E-4 1.51303E-4 5.84498E-4 5.11794E-4 1.17998E-3 1.87247E-3 2.04186E-4 1.29851E-4 9.27379E-4 1.33499E-3 9.74831E-4 7.42358E-4 7.06856E-4 1.86553E-4 1.6565E-4 1.65366E-4 1.05337E-4 8.72391E-5 2.65747E-4 6.05756E-4 7.17648E-4 1.02905E-3 6.59353E-4 -9999 -9999
1E0 1E0 1E0 1E0 1E0 1E0 1E0 1E0 1E0 1E0 1E0 1E0 1E0 1E0 1E0 1E0 1E0 1E0 1E0 1E0 1E0 1E0 1E0 1E0 1E0 1E0 8.33643E-1 9.18121E-1 9.99324E-1 9.99923E-1 1E0 1E0 1E0 1E0 1E0 1E0 1E0 9.54321E-1 8.26403E-1 1E0 1E0 8.73618E-1 6.5492E-1 4.14584E-1 4.12134E-1 5.97909E-1 2.44651E-2 1.6028E-2 6.89414E-4 1.20448E-3 2.15471E-4 2.56273E-4 1.17258E-3 1.74188E-4 1.19183E-4 3.83091E-4 3.79545E-4 1.11389E-3 1.64146E-4 1.42828E-4 1.15761E-3 6.26439E-4 2.27782E-3 1.50827E-3 7.6508E-4 3.26724E-4 9.47777E-4 1.10318E-3 1.4542E-3 7.47433E-4 3.7112E-4 5.12159E-4 2.55437E-4 9.06594E-4 4.79368E-4 1.32984E-4 -9999
1E0 1E0 1E0 1E0 1E0 1E0 1E0 1E0 1E0 1E0 1E0 1E0 1E0 1E0 1E0 1E0 1E0 1E0 1E0 1E0 1E0 1E0 1E0 9.99194E-1 8.44062E-1 9.98164E-1 7.32208E-1 6.52434E-1 6.5727E-1 9.87415E-1 1E0 1E0 1E0 1E0 1E0 1E0 1E0 1E0 1E0 9.99646E-1 9.9715E-1 9.66504E-1 9.54427E-1 5.83614E-1 8.28199E-1 9.11391E-3 4.0191E-2 4.47369E-3 5.16391E-3 1.19303E-3 8.65913E-4 3.12392E-4 4.8621E-3 8.40507E-4 6.31646E-4 9.11026E-4 6.24265E-4 1.1153E-3 4.42072E-4 3.14062E-4 2.04E-4 8.52072E-4 2.27419E-3 9.53373E-4 8.4804E-4 3.17242E-4 1.7743E-3 5.26725E-4 4.25929E-4 2.70131E-4 7.37607E-4 1.45407E-3 2.31656E-4 3.03461E-4 1.56957E-3 -9999 -9999
1E0 1E0 1E0 1E0 1E0 1E0 1E0 1E0 1E0 1E0 1E0 1E0 1E0 1E0 1E0 1E0 1E0 1E0 1E0 1E0 1E0 1E0 1E0 9.86911E-1 6.82957E-1 9.78925E-1 7.97887E-1 5.74281E-1 4.45907E-1 9.78715E-1 1E0 1E0 1E0 1E0 1E0 1E0 1E0 1E0 1E0 1E0 9.99993E-1 9.60358E-1 6.62054E-1 6.52053E-1 5.67242E-1 1.40958E-1 4.81192E-2 1.0746E-2 2.16945E-3 1.01E-3 1.82106E-4 5.82193E-4 3.10628E-3 9.49849E-4 9.43356E-4 2.32027E-4 8.76661E-4 3.97646E-4 7.46724E-4 2.80293E-4 3.03772E-4 2.85365E-3 1.77507E-3 1.79182E-3 9.54932E-4 8.15001E-4 1.45969E-3 7.59475E-4 3.90715E-4 5.33642E-4 1.99384E-3 2.17894E-3 3.2721E-4 2.92583E-4 7.56166E-4 -9999 -9999
1E0 1E0 1E0 1E0 1E0 1E0 1E0 1E0 1E0 1E0 1E0 1E0 1E0 1E0 1E0 1E0 1E0 1E0 1E0 1E0 1E0 9.94048E-1 9.76388E-1 4.5191E-1 8.33757E-1 9.91977E-1 5.66546E-1 1.13505E-1 1.40731E-1 4.82748E-1 9.98957E-1 1E0 1E0 1E0 1E0 1E0 1E0 1E0 1E0 1E0 9.99976E-1 9.7179E-1 9.5934E-1 9.70994E-1 9.27546E-1 1.5625E-1 8.24769E-2 5.25128E-3 4.88347E-3 5.73559E-3 4.51929E-3 3.82834E-3 2.54683E-4 2.95636E-4 3.80011E-4 1.05831E-3 2.61675E-4 1.42609E-3 1.06156E-3 1.75536E-3 6.40655E-4 3.48185E-3 1.45762E-3 1.5975E-3 4.81324E-4 1.66051E-3 8.74592E-4 7.03533E-4 7.76656E-4 1.53583E-3 1.07181E-3 1.25446E-3 8.23607E-4 4.71474E-4 5.64636E-4 -9999 -9999
1E0 1E0 1E0 1E0 1E0 1E0 1E0 1E0 1E0 1E0 1E0 1E0 1E0 1E0 1E0 1E0 1E0 1E0 1E0 1E0 1E0 8.41118E-1 3.66787E-1 3.55991E-1 4.38816E-1 9.90998E-1 7.19933E-1 4.5312E-1 5.32369E-1 5.67331E-1 9.85452E-1 1E0 1E0 1E0 1E0 1E0 1E0 1E0 1E0 9.99985E-1 9.92651E-1 9.54434E-1 9.99976E-1 9.99891E-1 9.99999E-1 5.93896E-1 8.35868E-2 2.85801E-2 1.15377E-1 7.26249E-2 5.70586E-2 2.00016E-3 2.05249E-3 3.56692E-3 7.74259E-4 7.0959E-4 1.31908E-3 8.22712E-4 2.29837E-4 2.61403E-4 4.16141E-4 6.25867E-4 1.49626E-3 2.23511E-4 3.3877E-5 5.74523E-4 2.45861E-4 5.2141E-4 3.86924E-4 3.04921E-4 1.3678E-4 1.673E-4 2.30294E-4 4.9691E-4 1.78885E-3 4.61146E-4 -9999
1E0 1E0 1E0 1E0 1E0 1E0 1E0 1E0 1E0 1E0 1E0 1E0 1E0 1E0 1E0 1E0 1E0 1E0 1E0 1E0 1E0 9.70408E-1 6.45685E-1 3.67721E-1 6.17682E-1 9.99815E-1 1E0 9.49928E-1 6.07229E-1 9.5171E-1 1E0 1E0 1E0 1E0 1E0 1E0 1E0 1E0 1E0 1E0 9.9999E-1 1E0 1E0 1E0 1E0 9.98271E-1 3.49564E-1 8.25487E-2 6.51901E-2 3.98162E-1 3.91569E-2 5.08416E-3 1.48913E-2 8.70393E-3 7.34047E-3 2.33295E-3 3.28368E-4 8.03496E-5 5.10597E-5 2.95244E-4 3.61159E-4 3.7997E-4 1.05174E-3 5.20196E-4 3.59544E-5 4.02299E-4 3.9753E-4 2.04784E-4 1.4796E-4 2.92067E-4 7.71485E-4 1.95755E-4 4.50931E-4 6.21574E-4 2.88061E-3 1.7546E-3 -9999
1E0 1E0 1E0 1E0 1E0 1E0 1E0 1E0 1E0 1E0 1E0 1E0 1E0 1E0 1E0 1E0 1E0 1E0 1E0 1E0 1E0 9.99977E-1 1E0 1E0 1E0 1E0 9.99996E-1 6.48024E-1 6.67308E-1 9.9998E-1 1E0 1E0 1E0 1E0 1E0 1E0 1E0 1E0 1E0 1E0 1E0 1E0 1E0 1E0 1E0 9.98754E-1 9.70811E-1 9.14407E-1 4.32768E-1 1.30728E-2 3.26496E-2 1.02137E-2 1.14152E-2 4.97899E-3 2.77938E-3 1.41709E-3 1.72355E-4 1.85774E-4 1.2568E-4 7.34398E-5 5.77424E-5 3.25195E-4 3.37515E-4 5.24451E-4 4.35088E-4 2.98147E-4 8.86095E-5 9.12521E-5 2.06098E-4 1.5449E-4 3.96267E-4 1.13888E-3 1.67693E-3 1.93701E-3 7.91153E-4 3.44524E-4 -9999
1E0 1E0 1E0 1E0 1E0 1E0 1E0 1E0 1E0 1E0 1E0 1E0 1E0 1E0 1E0 1E0 1E0 1E0 1E0 1E0 1E0 1E0 1E0 1E0 1E0 9.9999E-1 9.99398E-1 8.46855E-1 1E0 1E0 1E0 1E0 1E0 1E0 1E0 1E0 1E0 1E0 1E0 1E0 1E0 1E0 1E0 1E0 9.94788E-1 1E0 9.99815E-1 9.99999E-1 7.02313E-1 7.44093E-2 1.76642E-2 4.68351E-3 3.73987E-2 1.75541E-2 3.51711E-3 3.95536E-3 9.75976E-4 2.27797E-4 2.9844E-4 6.45419E-4 9.4311E-4 1.25286E-3 4.86639E-4 4.16682E-4 6.70084E-4 4.06448E-4 5.92341E-4 5.20361E-4 2.36335E-4 3.55605E-4 3.09522E-4 7.1596E-5 1.70813E-4 5.25082E-4 8.27011E-4 6.82888E-4 -9999
1E0 1E0 1E0 1E0 1E0 1E0 1E0 1E0 1E0 1E0 1E0 1E0 1E0 1E0 1E0 1E0 1E0 1E0 1E0 1E0 1E0 1E0 1E0 1E0 1E0 1E0 1E0 1E0 1E0 1E0 1E0 1E0 1E0 1E0 1E0 1E0 1E0 1E0 1E0 1E0 1E0 1E0 1E0 1E0 1E0 1E0 1E0 9.93229E-1 9.99996E-1 2.32123E-2 2.08185E-2 1.66021E-2 6.90929E-2 3.06127E-2 1.00663E-2 1.262E-2 1.18808E-3 3.14217E-4 1.75964E-4 5.82663E-4 9.83618E-4 2.6832E-3 9.66824E-4 3.68429E-4 1.42531E-3 6.65625E-4 6.18868E-4 6.1126E-4 1.54643E-4 6.06125E-5 5.59579E-4 1.2986E-3 4.49652E-4 2.31963E-4 5.86069E-4 4.33388E-4 -9999
