ENM/Final_Models/M_0.9_F_q_Set_1_E/Gustavia_santanderiensis_Choco_avg.asc
ncols         367
nrows         963
xllcorner     -78.6
yllcorner     0.65
cellsize      0.00833333333333323
NODATA_value  -9999
[rows 810 to 839 of 963, columns 67 to 133 of 367]
9.49295E-1 9.67932E-1 9.83956E-1 9.87839E-1 9.73987E-1 9.71919E-1 9.77736E-1 9.40855E-1 9.49106E-1 9.46144E-1 9.54174E-1 9.77539E-1 9.81194E-1 9.60751E-1 9.65393E-1 9.85272E-1 9.81396E-1 9.75359E-1 9.67343E-1 9.63775E-1 9.77335E-1 9.6106E-1 9.51129E-1 9.50801E-1 9.226E-1 9.15915E-1 8.90081E-1 6.69322E-1 5.53499E-1 6.00142E-1 8.46663E-1 9.18742E-1 9.28501E-1 9.41321E-1 9.33756E-1 9.06125E-1 9.29898E-1 8.32056E-1 5.99863E-1 6.7445E-1 4.53765E-1 4.39716E-1 4.14802E-1 3.9964E-1 3.76629E-1 7.95877E-1 6.53542E-1 5.66793E-1 3.02688E-1 5.07488E-1 7.16981E-1 8.03164E-1 6.97434E-1 5.25391E-1 4.2088E-1 6.36707E-1 9.24261E-1 3.6747E-1 1.79494E-1 9.04464E-2 1.02314E-1 5.35354E-2 2.27446E-2 1.42136E-2 3.30081E-3 8.70469E-3 1.53074E-2
9.80686E-1 9.86952E-1 9.73194E-1 9.86746E-1 9.7163E-1 9.67931E-1 9.67625E-1 9.41504E-1 9.62117E-1 9.43184E-1 9.39009E-1 9.6658E-1 9.80276E-1 9.81948E-1 9.67909E-1 9.81135E-1 9.8794E-1 9.81317E-1 9.66397E-1 9.5977E-1 9.51007E-1 9.59702E-1 9.61268E-1 9.48556E-1 8.8176E-1 8.1255E-1 8.44527E-1 6.38744E-1 6.72815E-1 8.48099E-1 9.07445E-1 9.5467E-1 9.58863E-1 9.63122E-1 9.65859E-1 9.63551E-1 9.52543E-1 9.04018E-1 8.19308E-1 9.13378E-1 8.50593E-1 6.98972E-1 8.17681E-1 3.13661E-1 4.18969E-1 7.51348E-1 5.21938E-1 2.66012E-1 8.88438E-2 2.41045E-1 3.63958E-1 4.20504E-1 4.34213E-1 3.71766E-1 3.25152E-1 5.65034E-1 8.38663E-1 4.96397E-1 1.04602E-1 8.17874E-2 4.58826E-2 2.03661E-2 7.65681E-3 5.9379E-3 3.31188E-3 1.3288E-2 1.9174E-2
9.76212E-1 9.71298E-1 9.79334E-1 9.66569E-1 9.71277E-1 9.59785E-1 9.6733E-1 9.47172E-1 9.59277E-1 9.63432E-1 9.48252E-1 9.58749E-1 9.57879E-1 9.55851E-1 9.54452E-1 9.60674E-1 9.68364E-1 9.80033E-1 9.78654E-1 9.74672E-1 9.38888E-1 9.46554E-1 9.52945E-1 9.09453E-1 8.55132E-1 7.3174E-1 7.09899E-1 7.63559E-1 9.01702E-1 9.25176E-1 9.54819E-1 9.6764E-1 9.80533E-1 9.91865E-1 9.78185E-1 9.94034E-1 9.87772E-1 9.74889E-1 7.62188E-1 8.31954E-1 7.23243E-1 8.20316E-1 6.2523E-1 5.92829E-1 6.241E-1 7.38522E-1 7.21967E-1 2.53831E-1 1.34476E-1 1.0276E-1 9.69538E-2 7.20376E-2 6.64988E-2 3.12311E-1 2.06733E-1 2.37728E-1 4.02433E-1 2.64777E-1 8.37915E-2 7.16634E-2 4.32162E-2 1.9877E-2 6.49813E-3 2.70269E-3 2.25073E-3 6.40535E-3 1.55768E-2
9.62381E-1 9.40717E-1 9.34428E-1 9.4688E-1 9.54127E-1 9.6541E-1 9.66133E-1 9.43433E-1 9.55384E-1 9.37377E-1 9.43262E-1 9.43582E-1 9.39347E-1 9.45812E-1 9.58704E-1 9.58447E-1 9.6249E-1 9.80213E-1 9.75445E-1 9.58668E-1 9.44399E-1 9.52466E-1 9.50521E-1 9.24763E-1 8.5053E-1 7.70007E-1 7.22425E-1 7.45371E-1 9.26442E-1 9.41003E-1 9.71431E-1 9.87212E-1 9.94044E-1 9.66862E-1 9.75775E-1 9.20071E-1 8.17044E-1 8.65773E-1 5.49484E-1 6.7918E-1 6.49846E-1 3.35962E-1 6.96743E-1 6.22851E-1 2.7207E-1 3.26612E-1 5.3009E-1 6.20358E-1 6.3531E-1 3.05365E-1 1.69142E-1 8.97885E-2 1.01824E-1 1.79545E-1 4.20252E-1 4.70193E-1 6.21703E-1 1.86178E-1 7.09879E-2 1.07113E-1 2.69906E-2 7.58933E-2 8.07527E-2 5.0738E-2 1.54645E-2 2.07577E-2 5.11942E-2
9.4497E-1 9.49435E-1 9.57284E-1 9.71939E-1 9.41678E-1 9.63732E-1 9.59579E-1 9.67749E-1 9.62663E-1 9.38779E-1 9.2219E-1 9.36427E-1 9.55997E-1 9.61834E-1 9.7055E-1 9.75326E-1 9.71995E-1 9.77228E-1 9.7951E-1 9.68519E-1 9.55035E-1 9.45055E-1 9.16437E-1 9.4042E-1 9.30883E-1 9.01286E-1 8.78557E-1 8.86619E-1 9.3301E-1 9.7123E-1 9.67549E-1 9.57413E-1 9.60354E-1 9.56494E-1 9.61692E-1 9.48096E-1 3.41834E-1 4.66487E-1 9.33566E-1 9.31424E-1 7.14418E-1 2.04817E-1 6.82277E-1 5.17135E-1 2.5484E-1 2.6232E-1 3.00653E-1 4.48004E-1 8.54592E-1 6.14613E-1 4.13056E-1 1.19499E-1 3.22964E-1 3.48788E-1 4.69593E-1 4.72377E-1 3.21664E-1 9.12112E-2 6.56145E-2 1.6177E-1 1.44988E-1 1.03629E-1 6.09145E-2 4.70173E-2 2.69932E-2 4.29026E-2 4.62232E-2
9.60359E-1 9.66592E-1 9.72546E-1 9.63511E-1 9.50053E-1 9.44221E-1 9.27692E-1 9.39305E-1 9.37796E-1 9.57299E-1 9.53637E-1 9.23911E-1 9.47401E-1 9.66402E-1 9.61876E-1 9.6033E-1 9.68602E-1 9.77124E-1 9.69619E-1 9.49862E-1 9.77156E-1 9.65537E-1 9.54461E-1 8.82027E-1 8.61862E-1 8.84773E-1 8.73415E-1 9.28308E-1 9.4856E-1 9.84986E-1 9.68717E-1 9.63264E-1 9.64411E-1 9.48162E-1 9.49559E-1 9.25389E-1 8.94075E-1 5.64171E-1 4.01777E-1 7.70205E-1 9.25235E-1 6.48519E-1 6.08219E-1 6.83893E-1 4.34893E-1 3.55747E-1 1.33019E-1 1.63069E-1 4.5463E-1 6.31216E-1 7.89147E-1 6.95323E-1 7.23298E-1 8.06532E-1 8.01085E-1 5.86836E-1 2.31274E-1 5.01779E-2 7.40214E-2 1.61826E-1 3.04299E-1 2.86968E-1 1.84439E-1 5.16075E-2 1.61542E-2 2.42038E-2 5.62655E-2
9.61023E-1 9.57876E-1 9.64814E-1 9.5263E-1 9.51605E-1 9.36716E-1 9.31817E-1 9.40379E-1 9.58367E-1 9.56183E-1 9.51445E-1 9.48356E-1 9.36425E-1 9.39108E-1 9.42631E-1 9.55812E-1 9.65905E-1 9.68126E-1 9.50501E-1 9.40198E-1 9.67755E-1 9.63091E-1 9.72699E-1 9.49287E-1 9.26996E-1 9.09303E-1 9.36392E-1 9.64746E-1 9.84244E-1 9.86923E-1 9.34161E-1 9.38099E-1 9.44276E-1 9.57403E-1 9.60881E-1 8.91843E-1 7.69452E-1 6.23818E-1 5.26394E-1 4.59308E-1 9.61549E-1 7.07324E-1 5.69979E-1 8.37596E-1 8.52403E-1 4.60737E-1 1.75174E-1 -9999 -9999 -9999 -9999 8.36916E-1 8.57919E-1 5.52097E-1 -9999 -9999 -9999 -9999 2.1194E-1 2.77207E-1 8.92733E-2 7.62691E-2 1.14706E-1 4.28472E-2 3.69859E-2 2.59334E-2 7.93792E-2
9.55863E-1 9.60022E-1 9.6494E-1 9.60156E-1 9.34499E-1 9.59878E-1 9.5828E-1 9.57844E-1 9.61361E-1 9.54024E-1 9.50631E-1 9.41291E-1 9.46062E-1 9.32956E-1 9.40461E-1 9.49781E-1 9.57215E-1 9.44964E-1 9.54547E-1 9.35423E-1 9.36889E-1 9.61621E-1 9.68818E-1 9.59813E-1 9.5625E-1 9.46987E-1 9.63697E-1 9.34339E-1 9.25539E-1 9.58549E-1 9.42821E-1 9.35502E-1 9.35091E-1 9.28886E-1 9.21044E-1 8.45276E-1 6.90715E-1 9.03089E-1 9.2058E-1 6.0936E-1 9.5183E-1 8.3119E-1 8.69673E-1 9.60539E-1 8.563E-1 3.97412E-1 2.17502E-1 -9999 -9999 -9999 -9999 -9999 7.53666E-1 -9999 -9999 -9999 -9999 -9999 -9999 1.88887E-1 5.85882E-2 8.01321E-2 1.80857E-1 8.90927E-2 1.10206E-1 1.62434E-1 2.49845E-1
9.42761E-1 9.38161E-1 9.37857E-1 9.47059E-1 9.59382E-1 9.55451E-1 9.57678E-1 9.59949E-1 9.47555E-1 9.47977E-1 9.59393E-1 9.54301E-1 9.42276E-1 9.49035E-1 9.28001E-1 9.38758E-1 9.30762E-1 9.46364E-1 9.46779E-1 9.51517E-1 9.41246E-1 9.34333E-1 9.48421E-1 9.71732E-1 9.76674E-1 9.66518E-1 9.72658E-1 8.93282E-1 9.00798E-1 9.06451E-1 9.27789E-1 9.34596E-1 9.48185E-1 9.51835E-1 9.14295E-1 9.14127E-1 8.6192E-1 7.83301E-1 8.99377E-1 9.65892E-1 9.4739E-1 7.95012E-1 7.3474E-1 6.76962E-1 5.67467E-1 4.15464E-1 3.54989E-1 -9999 -9999 -9999 -9999 -9999 -9999 -9999 -9999 -9999 -9999 -9999 -9999 2.98491E-1 4.1938E-1 2.77035E-1 3.42651E-1 1.11605E-1 3.71748E-2 1.46931E-1 9.537E-2
9.50471E-1 9.51758E-1 9.23082E-1 9.44773E-1 9.53678E-1 9.25254E-1 9.39123E-1 9.42259E-1 9.56525E-1 9.57919E-1 9.62484E-1 9.60312E-1 9.43403E-1 9.41373E-1 9.50199E-1 9.25776E-1 9.46787E-1 9.42774E-1 9.5211E-1 9.42038E-1 9.32378E-1 9.05494E-1 9.35702E-1 9.63386E-1 9.49666E-1 9.32505E-1 9.31177E-1 8.63234E-1 9.34108E-1 9.50202E-1 9.57359E-1 9.31194E-1 9.5348E-1 9.38839E-1 9.36293E-1 9.27368E-1 8.39776E-1 6.89897E-1 8.9546E-1 9.59533E-1 9.52852E-1 7.27954E-1 2.71603E-1 4.33813E-1 4.18052E-1 -9999 -9999 -9999 -9999 -9999 -9999 -9999 -9999 -9999 -9999 -9999 -9999 -9999 -9999 2.07141E-1 2.65548E-1 4.42644E-1 1.25705E-1 2.48187E-2 1.47882E-2 1.5229E-1 7.13565E-2
9.53835E-1 9.50756E-1 9.53253E-1 9.45334E-1 9.41707E-1 9.43802E-1 9.41959E-1 9.17307E-1 9.30759E-1 9.46836E-1 9.21525E-1 9.51276E-1 9.2105E-1 9.48617E-1 9.45582E-1 9.36615E-1 9.38965E-1 9.46808E-1 9.51518E-1 9.42654E-1 9.35653E-1 9.00258E-1 9.35027E-1 9.50833E-1 9.5466E-1 9.40719E-1 9.31384E-1 9.12701E-1 9.26167E-1 9.27498E-1 9.14171E-1 9.55784E-1 9.34184E-1 9.02451E-1 9.42031E-1 9.37136E-1 9.11012E-1 8.96488E-1 9.08392E-1 9.08459E-1 9.51318E-1 8.35106E-1 4.40399E-1 4.03711E-1 5.4956E-1 4.14307E-1 -9999 -9999 -9999 -9999 -9999 -9999 -9999 -9999 -9999 -9999 -9999 -9999 -9999 1.58876E-1 1.78768E-1 3.63114E-1 1.39215E-1 4.58701E-2 1.91568E-2 4.41586E-2 6.18501E-2
9.54664E-1 9.55008E-1 9.28798E-1 9.52856E-1 9.52129E-1 9.5808E-1 9.22939E-1 9.27668E-1 9.33727E-1 9.38939E-1 9.34666E-1 9.49575E-1 9.20072E-1 9.38585E-1 9.41457E-1 9.35715E-1 9.47898E-1 9.43563E-1 9.38098E-1 9.41835E-1 9.38862E-1 9.34021E-1 9.13857E-1 9.34062E-1 9.23095E-1 9.30274E-1 9.39836E-1 9.3404E-1 9.24696E-1 9.06654E-1 9.29705E-1 9.25378E-1 9.26902E-1 8.93597E-1 9.48144E-1 9.39325E-1 9.37433E-1 9.17013E-1 8.3942E-1 8.87148E-1 9.21605E-1 8.28856E-1 5.13795E-1 8.85129E-1 8.92902E-1 8.80477E-1 2.24916E-1 -9999 -9999 -9999 -9999 -9999 -9999 -9999 -9999 -9999 -9999 -9999 -9999 6.01508E-2 3.17142E-1 4.9384E-1 2.18903E-1 2.70323E-2 1.23356E-2 2.81E-2 1.73386E-2
9.41786E-1 9.42706E-1 9.46674E-1 9.53926E-1 9.48815E-1 9.50386E-1 9.45653E-1 9.44773E-1 9.14827E-1 9.32353E-1 9.3944E-1 9.43308E-1 9.46522E-1 9.39534E-1 9.22679E-1 9.22838E-1 9.16381E-1 9.38843E-1 9.31388E-1 9.21408E-1 9.21292E-1 9.22608E-1 9.03499E-1 9.21379E-1 9.12669E-1 9.46845E-1 9.39435E-1 9.13363E-1 9.18297E-1 9.04825E-1 9.0536E-1 9.4495E-1 9.59783E-1 9.57587E-1 9.52814E-1 9.38832E-1 8.66761E-1 8.14547E-1 7.88001E-1 9.18115E-1 8.81059E-1 8.69554E-1 7.87849E-1 8.81415E-1 9.16896E-1 8.86334E-1 5.01381E-1 3.78941E-1 -9999 -9999 -9999 -9999 -9999 -9999 -9999 -9999 -9999 -9999 -9999 8.14318E-2 2.06251E-1 3.76512E-1 3.89238E-1 1.19572E-1 6.01999E-2 2.64439E-2 1.29768E-2
9.45009E-1 9.37477E-1 9.38692E-1 9.48823E-1 9.50657E-1 9.30492E-1 9.47044E-1 9.47344E-1 9.16436E-1 9.28205E-1 9.31059E-1 9.32372E-1 9.3925E-1 9.44932E-1 9.16482E-1 9.39309E-1 9.05333E-1 9.12157E-1 9.32874E-1 8.70029E-1 9.08282E-1 8.95429E-1 9.05723E-1 9.14266E-1 9.19449E-1 9.27129E-1 9.45065E-1 9.36991E-1 9.09704E-1 8.74627E-1 8.89708E-1 9.45786E-1 9.42039E-1 9.54066E-1 9.3785E-1 9.16949E-1 7.47571E-1 6.92961E-1 7.46335E-1 8.62078E-1 8.50715E-1 8.63092E-1 8.67864E-1 8.44683E-1 8.79748E-1 8.7696E-1 7.25544E-1 4.03337E-1 -9999 -9999 -9999 -9999 -9999 -9999 -9999 -9999 -9999 -9999 -9999 3.65017E-2 2.27712E-1 2.12145E-1 1.60799E-1 1.57715E-1 1.51687E-1 8.36262E-2 2.80574E-2
9.50766E-1 9.42837E-1 9.36834E-1 9.14128E-1 9.41803E-1 9.40436E-1 9.45128E-1 9.45892E-1 9.46401E-1 9.41353E-1 9.08139E-1 9.40135E-1 9.52118E-1 9.52729E-1 9.14929E-1 9.24382E-1 8.95343E-1 9.18917E-1 9.08642E-1 9.20326E-1 9.28279E-1 9.2912E-1 9.27768E-1 9.28648E-1 9.23229E-1 9.38905E-1 9.06871E-1 9.24409E-1 8.93552E-1 8.86151E-1 9.2073E-1 9.41911E-1 9.43443E-1 9.43732E-1 9.13836E-1 9.12038E-1 8.0905E-1 8.75607E-1 8.45647E-1 9.13427E-1 9.27211E-1 8.92849E-1 8.28031E-1 8.12163E-1 8.96427E-1 8.43599E-1 5.50276E-1 1.7618E-1 -9999 -9999 -9999 -9999 -9999 -9999 -9999 -9999 -9999 -9999 -9999 1.21583E-2 2.99079E-2 7.57924E-2 4.90143E-2 5.34361E-2 1.82134E-2 1.94362E-2 2.30906E-2
9.52384E-1 9.45629E-1 9.17815E-1 9.20653E-1 9.40956E-1 9.42872E-1 9.43038E-1 9.40598E-1 9.44031E-1 9.45277E-1 9.4214E-1 9.53635E-1 9.4269E-1 9.48392E-1 9.39692E-1 9.2526E-1 9.12113E-1 9.12337E-1 9.39647E-1 9.3136E-1 8.97023E-1 9.25231E-1 8.96679E-1 9.06057E-1 8.85945E-1 9.24092E-1 9.16691E-1 8.82568E-1 8.40405E-1 8.87512E-1 9.07978E-1 9.23805E-1 9.44583E-1 9.33736E-1 9.05719E-1 9.15411E-1 9.03754E-1 8.63144E-1 9.237E-1 9.14641E-1 9.06539E-1 8.78743E-1 8.81781E-1 8.62462E-1 8.23996E-1 7.37892E-1 2.44516E-1 2.01571E-1 -9999 -9999 -9999 -9999 -9999 -9999 -9999 -9999 -9999 -9999 -9999 -9999 4.68947E-2 3.82729E-2 2.62984E-2 3.58434E-2 1.9094E-2 5.76227E-3 5.57772E-3
9.49427E-1 9.49135E-1 9.36771E-1 9.48277E-1 9.37139E-1 9.42628E-1 9.3716E-1 9.41162E-1 9.46698E-1 9.39959E-1 9.43338E-1 9.40105E-1 9.28677E-1 9.31544E-1 9.36896E-1 9.31128E-1 9.06485E-1 8.97545E-1 9.28629E-1 9.12699E-1 8.27112E-1 7.97705E-1 8.6437E-1 8.51697E-1 9.14169E-1 9.33429E-1 9.20628E-1 8.8554E-1 8.61211E-1 8.54655E-1 9.12182E-1 9.48933E-1 9.33091E-1 9.00546E-1 8.79125E-1 8.49747E-1 8.29085E-1 8.85461E-1 8.47536E-1 8.48009E-1 9.04556E-1 9.11836E-1 8.84397E-1 7.6673E-1 6.83525E-1 5.60121E-1 3.57996E-1 5.06292E-1 7.32239E-1 -9999 -9999 -9999 -9999 -9999 -9999 -9999 -9999 -9999 -9999 1.33218E-2 2.39043E-2 2.46989E-2 2.69273E-2 1.9616E-2 1.80332E-2 9.4459E-3 5.79394E-3
9.56707E-1 9.57521E-1 9.51188E-1 9.56771E-1 9.48112E-1 9.42226E-1 9.5044E-1 9.4683E-1 9.47166E-1 9.50642E-1 9.34043E-1 9.39435E-1 9.32286E-1 9.24609E-1 9.20875E-1 9.29729E-1 9.1504E-1 9.15998E-1 9.40222E-1 9.15574E-1 8.3207E-1 7.18817E-1 7.88221E-1 8.42321E-1 8.86686E-1 9.27139E-1 9.33128E-1 9.38106E-1 9.11533E-1 8.59366E-1 8.80111E-1 9.28768E-1 9.3172E-1 9.29287E-1 9.16192E-1 8.95971E-1 7.44463E-1 8.68173E-1 8.53968E-1 8.38989E-1 8.69105E-1 8.85575E-1 9.11061E-1 8.55156E-1 7.80846E-1 7.3082E-1 6.10793E-1 6.71873E-1 5.45907E-1 1.12453E-1 -9999 -9999 -9999 -9999 -9999 -9999 -9999 -9999 -9999 1.31292E-2 4.00972E-2 1.70816E-2 1.36517E-2 2.71542E-2 2.14933E-2 2.32979E-2 2.27786E-2
9.3478E-1 9.21441E-1 9.42011E-1 9.47776E-1 9.5646E-1 9.50703E-1 9.5072E-1 9.47032E-1 9.51271E-1 9.35315E-1 9.3767E-1 9.22781E-1 9.42445E-1 9.40976E-1 9.15178E-1 9.30426E-1 9.1522E-1 9.35628E-1 9.25754E-1 9.19073E-1 8.30976E-1 5.11903E-1 4.82971E-1 7.03055E-1 8.34771E-1 8.88391E-1 9.0472E-1 9.33542E-1 9.23438E-1 8.9755E-1 8.64906E-1 8.96788E-1 9.16647E-1 9.25195E-1 8.84354E-1 8.56494E-1 8.38922E-1 8.70009E-1 8.20901E-1 8.25933E-1 8.76483E-1 8.98463E-1 8.61947E-1 7.22106E-1 6.55001E-1 6.67084E-1 5.41779E-1 6.37231E-2 1.95432E-2 2.41564E-2 2.79726E-2 -9999 -9999 -9999 -9999 -9999 -9999 -9999 -9999 -9999 1.25587E-1 2.00562E-2 2.63572E-2 2.91555E-2 3.55359E-2 2.40388E-2 4.29046E-2
9.26831E-1 9.49189E-1 9.46332E-1 9.47611E-1 9.42937E-1 9.4295E-1 9.53405E-1 9.44923E-1 9.37535E-1 9.30136E-1 9.26996E-1 9.48458E-1 9.38862E-1 9.34259E-1 9.24151E-1 9.16671E-1 9.1665E-1 9.3493E-1 9.38284E-1 9.32332E-1 8.71004E-1 6.03699E-1 4.02073E-1 5.98684E-1 7.22885E-1 8.02515E-1 8.98903E-1 9.07107E-1 8.93829E-1 8.92178E-1 7.83242E-1 8.69149E-1 8.64863E-1 9.07052E-1 9.09919E-1 8.97679E-1 9.18649E-1 9.12258E-1 8.67998E-1 8.56119E-1 9.2135E-1 8.6717E-1 8.31321E-1 8.54082E-1 6.74236E-1 4.07178E-1 1.17038E-1 1.497E-2 2.52873E-2 3.14715E-2 4.17794E-2 -9999 -9999 -9999 -9999 -9999 -9999 -9999 -9999 -9999 -9999 2.01636E-2 1.99264E-2 2.47603E-2 1.70744E-2 4.75136E-2 2.30055E-2
9.31302E-1 9.287E-1 9.51719E-1 9.53163E-1 9.58809E-1 9.50873E-1 9.44674E-1 9.37394E-1 9.32603E-1 9.31397E-1 9.41513E-1 9.43421E-1 9.42701E-1 9.23242E-1 7.85991E-1 8.82525E-1 9.21569E-1 9.36302E-1 9.44976E-1 9.00611E-1 8.67921E-1 7.36536E-1 4.76295E-1 5.44544E-1 6.25532E-1 7.97922E-1 8.54864E-1 8.85418E-1 9.07983E-1 8.91132E-1 8.14903E-1 8.13736E-1 8.19683E-1 8.98966E-1 9.17393E-1 9.2751E-1 8.91152E-1 8.91273E-1 8.05685E-1 8.64216E-1 8.63853E-1 8.68288E-1 7.26053E-1 4.5185E-1 2.77464E-1 1.80964E-1 4.09593E-2 1.1562E-2 1.55861E-2 3.04722E-2 5.01953E-2 5.72404E-2 -9999 -9999 -9999 -9999 -9999 -9999 -9999 -9999 -9999 -9999 -9999 3.08795E-2 3.92761E-2 3.52069E-2 3.14247E-2
9.40449E-1 9.42168E-1 9.59566E-1 9.55735E-1 9.57445E-1 9.54687E-1 9.50368E-1 9.39225E-1 9.39246E-1 9.49787E-1 9.38134E-1 9.45257E-1 9.3534E-1 9.27704E-1 8.26284E-1 8.74865E-1 9.06366E-1 9.27768E-1 9.27569E-1 9.37068E-1 8.8257E-1 8.39254E-1 6.94803E-1 5.14631E-1 5.5917E-1 6.59269E-1 7.74987E-1 8.47888E-1 9.23566E-1 9.01786E-1 7.96237E-1 8.78518E-1 9.1835E-1 8.96516E-1 8.81787E-1 8.91455E-1 8.80838E-1 8.54789E-1 8.64936E-1 8.6369E-1 7.42474E-1 7.22658E-1 4.94702E-1 4.00515E-1 3.42796E-1 2.64006E-1 2.0182E-1 1.02778E-2 2.38982E-2 1.01709E-1 1.3733E-1 3.72927E-1 9.36051E-2 1.34885E-1 -9999 -9999 -9999 -9999 -9999 -9999 -9999 -9999 -9999 -9999 2.33903E-2 1.45447E-2 8.57944E-3
9.33364E-1 9.33799E-1 9.71446E-1 9.52977E-1 9.62944E-1 9.64197E-1 9.54691E-1 9.51906E-1 9.61609E-1 9.51954E-1 9.48593E-1 9.36868E-1 9.23052E-1 9.20465E-1 8.86101E-1 8.87116E-1 8.95751E-1 9.25579E-1 9.05403E-1 9.12512E-1 8.80954E-1 8.45858E-1 8.10478E-1 6.78539E-1 6.45688E-1 7.18617E-1 5.87455E-1 7.96969E-1 9.15658E-1 8.86513E-1 8.57541E-1 9.17963E-1 9.35507E-1 9.32211E-1 8.25379E-1 9.06844E-1 8.86611E-1 8.83042E-1 7.64516E-1 6.39885E-1 4.97111E-1 4.33385E-1 4.06439E-1 4.4238E-1 3.88752E-1 2.3875E-1 1.04209E-1 2.52473E-2 8.04387E-2 6.92219E-1 6.81593E-1 7.85613E-1 1.26953E-1 5.45473E-2 6.51177E-2 -9999 -9999 -9999 -9999 -9999 -9999 -9999 -9999 -9999 -9999 1.04873E-2 2.52452E-3
9.30049E-1 9.31407E-1 9.65537E-1 9.57119E-1 9.5349E-1 9.45324E-1 9.28476E-1 9.30718E-1 9.59712E-1 9.4991E-1 9.43122E-1 9.2195E-1 8.76562E-1 8.44679E-1 8.83844E-1 9.36346E-1 9.17709E-1 9.21667E-1 8.608E-1 8.7E-1 9.22058E-1 8.73444E-1 8.87531E-1 8.74782E-1 8.25251E-1 6.59525E-1 6.69588E-1 7.99098E-1 9.16415E-1 9.02491E-1 9.10091E-1 9.42684E-1 9.43661E-1 8.76713E-1 9.1676E-1 8.72549E-1 8.91917E-1 8.82283E-1 7.31447E-1 5.57838E-1 3.88212E-1 1.80446E-1 2.54893E-1 2.89722E-1 3.19688E-1 2.04542E-1 1.29721E-1 2.26481E-1 5.0073E-1 8.00763E-1 6.91845E-1 3.20762E-1 6.73878E-2 9.18476E-3 2.13575E-2 1.23536E-1 -9999 -9999 -9999 -9999 -9999 -9999 -9999 -9999 -9999 1.84283E-2 2.67049E-3
9.3859E-1 9.49254E-1 9.55747E-1 9.36441E-1 9.23807E-1 9.27514E-1 9.31126E-1 9.43305E-1 9.50925E-1 9.50307E-1 9.49433E-1 8.87917E-1 9.30463E-1 9.01463E-1 9.43623E-1 9.41112E-1 9.20203E-1 9.06582E-1 8.15731E-1 6.71973E-1 7.45278E-1 8.5898E-1 9.08835E-1 8.5547E-1 6.76489E-1 4.8358E-1 5.05706E-1 8.40688E-1 9.32215E-1 9.37823E-1 8.92908E-1 9.3781E-1 9.17287E-1 9.4269E-1 9.22369E-1 8.96938E-1 8.57263E-1 6.71424E-1 5.16967E-1 4.81541E-1 4.17482E-1 2.95917E-1 1.49568E-1 2.45066E-1 1.61047E-1 8.07597E-2 1.07997E-1 3.4301E-1 4.06147E-1 4.90676E-1 8.70347E-2 2.16626E-3 3.7366E-3 7.00504E-3 6.96592E-3 1.86386E-2 2.80467E-2 -9999 -9999 -9999 -9999 -9999 -9999 -9999 -9999 -9999 4.56335E-3
9.39129E-1 9.39911E-1 9.38259E-1 9.40035E-1 9.31042E-1 9.29928E-1 9.46808E-1 9.50844E-1 9.51077E-1 9.56317E-1 9.4256E-1 9.30664E-1 9.00425E-1 8.87073E-1 9.3808E-1 9.43598E-1 8.45049E-1 8.10714E-1 7.65658E-1 6.52348E-1 5.80743E-1 6.7014E-1 8.31449E-1 8.58134E-1 6.41852E-1 6.25194E-1 6.40343E-1 8.56018E-1 8.88906E-1 9.4193E-1 9.2087E-1 9.4507E-1 9.39753E-1 9.13771E-1 8.54953E-1 8.85582E-1 6.9439E-1 6.05587E-1 4.32821E-1 3.39902E-1 4.02578E-1 4.07884E-1 1.13274E-1 9.67327E-2 1.23724E-1 4.43568E-2 5.27665E-2 9.57401E-2 7.7699E-2 2.47369E-1 1.02764E-2 4.72527E-4 1.97314E-3 3.33861E-4 8.77557E-4 2.48302E-3 1.11321E-2 2.38813E-2 -9999 -9999 -9999 -9999 -9999 -9999 -9999 -9999 1.59277E-2
9.43512E-1 9.3979E-1 9.46029E-1 9.51012E-1 9.47317E-1 9.47316E-1 9.27993E-1 9.32048E-1 9.50016E-1 9.5404E-1 9.33328E-1 9.15158E-1 9.13612E-1 8.82806E-1 9.31678E-1 9.37763E-1 9.38599E-1 8.71034E-1 8.46119E-1 7.10686E-1 6.45256E-1 6.26202E-1 7.161E-1 8.2316E-1 8.82061E-1 8.5679E-1 7.40528E-1 8.47676E-1 9.5402E-1 9.41987E-1 9.30251E-1 8.95435E-1 9.17963E-1 9.30737E-1 8.81625E-1 9.07098E-1 8.25753E-1 6.34091E-1 4.59226E-1 3.17365E-1 2.91255E-1 1.94915E-1 1.11562E-2 1.39348E-2 6.43342E-2 4.8971E-3 5.32154E-3 1.02697E-2 3.06552E-2 6.81019E-2 8.62221E-4 1.69251E-4 2.3577E-4 2.9193E-5 8.38247E-5 4.70821E-4 9.81012E-4 5.05586E-3 1.81888E-2 2.69928E-2 -9999 -9999 -9999 -9999 -9999 -9999 4.33378E-2
9.45917E-1 9.51773E-1 9.57834E-1 9.63523E-1 9.50499E-1 9.5246E-1 9.31198E-1 9.29491E-1 9.48577E-1 9.44099E-1 9.26661E-1 8.91858E-1 9.30518E-1 9.38881E-1 9.25351E-1 9.15539E-1 8.9301E-1 8.51599E-1 7.11941E-1 7.13256E-1 6.38343E-1 6.51295E-1 6.42403E-1 8.44102E-1 9.32635E-1 9.18546E-1 8.5743E-1 9.105E-1 9.47253E-1 9.52268E-1 8.88588E-1 8.61984E-1 8.78395E-1 9.30587E-1 9.27198E-1 8.85631E-1 6.82693E-1 4.68103E-1 3.02516E-1 3.28621E-1 2.73453E-1 3.71226E-3 3.75962E-2 9.23368E-3 4.7079E-4 1.8405E-4 1.96629E-4 2.78188E-4 8.68089E-4 3.01505E-3 6.07358E-4 7.56906E-5 1.79831E-5 4.77724E-6 2.24892E-5 5.76111E-5 2.26627E-4 2.51358E-3 1.46062E-2 3.40311E-2 1.36651E-2 -9999 6.06455E-2 -9999 -9999 -9999 -9999
9.58374E-1 9.60474E-1 9.61592E-1 9.63002E-1 9.53344E-1 9.5934E-1 9.3009E-1 9.56094E-1 9.4606E-1 9.22671E-1 9.07381E-1 9.29282E-1 9.11806E-1 8.91794E-1 8.98372E-1 8.79848E-1 8.25178E-1 7.01589E-1 7.6112E-1 7.73631E-1 7.36024E-1 7.88097E-1 5.92719E-1 7.8382E-1 8.96602E-1 9.41871E-1 9.39722E-1 9.39437E-1 9.18716E-1 9.38791E-1 9.1132E-1 9.12798E-1 8.63011E-1 9.18399E-1 9.18885E-1 8.56811E-1 7.72598E-1 4.01299E-1 2.38348E-1 2.73248E-1 2.24698E-1 1.45882E-1 1.87272E-1 3.49834E-3 4.63574E-4 8.71057E-4 4.05217E-4 2.05174E-4 9.91101E-4 1.47438E-3 2.71969E-4 1.49827E-5 2.79618E-6 2.89377E-6 1.34379E-5 3.07557E-5 1.72191E-4 1.57643E-3 1.12776E-2 2.29186E-2 5.03416E-2 3.11711E-2 2.14505E-1 -9999 -9999 -9999 -9999
9.61909E-1 9.66301E-1 9.53395E-1 9.60303E-1 9.57409E-1 9.51619E-1 9.3848E-1 9.28614E-1 9.3168E-1 9.30734E-1 9.29E-1 9.47022E-1 9.14671E-1 8.851E-1 8.61784E-1 8.7015E-1 8.13341E-1 6.63176E-1 8.1727E-1 8.18088E-1 8.08059E-1 6.96346E-1 4.59905E-1 5.35962E-1 8.09784E-1 9.32029E-1 9.47469E-1 9.42093E-1 9.24156E-1 9.38372E-1 9.11469E-1 9.28707E-1 9.09209E-1 9.39611E-1 8.97632E-1 7.02746E-1 7.38935E-1 6.32151E-1 4.44824E-1 2.87478E-1 2.45805E-1 1.70576E-1 1.45878E-1 1.00199E-2 4.58302E-3 1.82968E-3 3.64851E-4 1.19843E-3 3.55551E-4 3.47359E-4 3.45128E-5 4.67545E-6 2.78599E-6 2.74403E-6 1.71574E-5 3.20011E-4 1.01578E-4 1.74027E-3 9.3557E-3 1.21831E-2 2.84432E-2 7.0449E-2 6.33192E-2 -9999 -9999 -9999 -9999
