ENM/Final_Models/M_0.9_F_q_Set_1_E/Gustavia_santanderiensis_0_Choco.asc
ncols         367
nrows         963
xllcorner     -78.6
yllcorner     0.65
cellsize      0.00833333333333323
NODATA_value  -9999
[rows 476 to 509 of 963, columns 228 to 303 of 367]
1E0 1E0 1E0 1E0 1E0 1E0 1E0 1E0 1E0 1E0 1E0 1E0 1E0 1E0 1E0 1E0 1E0 1E0 1E0 1E0 1E0 1E0 1E0 1E0 1E0 1E0 1E0 1E0 1E0 9.95834E-1 7.23496E-1 8.11155E-2 4.56085E-3 3.97458E-2 1.26319E-1 2.80834E-1 1.24236E-1 8.18721E-1 7.6357E-1 4.02192E-1 4.64033E-1 5.54438E-1 6.18717E-1 2.76085E-1 3.60398E-1 2.19306E-1 9.88465E-2 5.01437E-2 1.0135E-2 3.79883E-2 2.17526E-2 1.1377E-2 4.158E-3 5.77963E-3 9.66995E-3 2.68757E-2 7.93419E-2 2.65817E-2 2.64636E-2 2.99562E-2 2.12799E-2 -9999 -9999 -9999 -9999 -9999 -9999 -9999 -9999 -9999 -9999 -9999 -9999 -9999 -9999 -9999
1E0 1E0 1E0 1E0 1E0 1E0 1E0 1E0 1E0 1E0 1E0 1E0 1E0 1E0 1E0 1E0 1E0 1E0 1E0 1E0 1E0 1E0 1E0 1E0 1E0 6.90722E-1 3.22317E-1 1.80935E-1 1.32375E-1 1.09557E-2 7.10021E-2 7.28563E-3 1.65008E-1 1.31967E-1 4.49466E-1 3.59529E-1 6.11203E-1 4.51726E-1 3.43094E-1 4.10084E-1 8.32262E-1 8.23031E-1 4.35603E-1 5.84955E-1 2.56428E-1 2.38161E-1 8.65546E-2 2.87194E-2 1.01512E-2 2.15729E-2 5.71501E-2 2.17105E-2 1.55893E-2 9.94142E-3 2.63494E-2 9.82126E-2 3.79697E-2 4.22311E-2 4.54726E-2 9.8979E-3 1.4863E-2 -9999 -9999 -9999 -9999 -9999 -9999 -9999 -9999 -9999 -9999 -9999 -9999 -9999 -9999 -9999
1E0 1E0 1E0 1E0 1E0 1E0 1E0 1E0 1E0 1E0 1E0 1E0 9.99639E-1 1E0 1E0 1E0 9.9985E-1 9.99998E-1 1E0 9.99987E-1 1E0 9.92276E-1 9.82837E-1 7.20891E-1 3.31829E-2 2.34968E-2 1.50833E-1 3.55643E-1 2.90339E-1 2.7162E-1 5.1261E-1 8.21975E-1 9.01125E-2 2.47728E-1 6.93702E-1 7.03668E-1 9.99346E-1 7.13228E-1 3.50851E-1 4.97972E-1 5.18256E-1 5.13913E-1 3.14998E-1 3.37769E-1 2.3325E-1 2.94662E-1 4.89833E-2 4.43208E-2 3.36069E-3 1.02915E-2 1.52951E-2 2.5019E-3 2.62265E-2 8.10817E-3 7.2484E-3 2.69417E-2 5.68583E-2 3.953E-2 3.34695E-2 1.0123E-1 1.01298E-1 -9999 -9999 -9999 -9999 -9999 -9999 -9999 -9999 -9999 -9999 -9999 -9999 -9999 -9999 -9999
1E0 1E0 1E0 1E0 1E0 1E0 1E0 1E0 1E0 1E0 1E0 9.99967E-1 1E0 9.99972E-1 9.9999E-1 9.65738E-1 9.47381E-1 6.21266E-1 9.99999E-1 7.32289E-1 3.32563E-1 3.03845E-1 2.97811E-1 5.80092E-1 1.85877E-2 2.37623E-2 2.63116E-2 1.95393E-2 1.63004E-1 5.22721E-1 8.05315E-1 7.48468E-1 6.54518E-1 4.01235E-1 9.87581E-1 9.99872E-1 9.99991E-1 9.9429E-1 9.928E-1 9.18857E-1 9.95353E-1 9.58239E-1 9.10283E-1 5.6949E-1 3.1494E-1 1.08236E-1 8.45736E-2 7.1332E-3 4.94076E-3 8.91968E-3 1.11945E-2 2.43792E-2 1.80303E-2 7.13435E-2 3.93324E-2 3.93478E-2 2.71149E-2 8.44569E-2 4.21966E-2 2.22208E-2 -9999 -9999 -9999 -9999 -9999 -9999 -9999 -9999 -9999 -9999 -9999 -9999 -9999 -9999 -9999 -9999
1E0 1E0 1E0 1E0 1E0 1E0 1E0 1E0 9.99993E-1 9.9993E-1 9.94848E-1 9.95216E-1 9.9694E-1 9.46219E-1 5.96942E-1 6.54885E-1 5.98556E-1 8.19578E-1 6.27129E-1 7.53485E-1 6.91556E-1 6.82293E-1 4.86341E-1 5.38356E-1 3.43995E-1 3.45745E-1 6.2692E-2 1.66149E-1 1.18322E-1 3.45364E-1 6.38598E-1 1.58154E-1 9.50904E-1 9.88513E-1 1E0 9.94294E-1 4.47481E-1 2.97989E-1 4.5062E-1 9.01867E-1 9.37194E-1 4.5163E-1 5.29776E-1 6.90924E-1 1.59877E-1 2.05876E-2 5.54215E-2 1.8626E-2 2.9115E-3 2.0192E-2 1.79114E-2 3.56335E-2 8.057E-3 1.56557E-2 2.96241E-2 4.74668E-2 1.45353E-2 2.95195E-2 2.70912E-2 2.64417E-2 -9999 -9999 -9999 -9999 -9999 -9999 -9999 -9999 -9999 -9999 -9999 -9999 -9999 -9999 -9999 -9999
1E0 1E0 1E0 1E0 1E0 1E0 1E0 1E0 1E0 1E0 9.93883E-1 9.7801E-1 9.91154E-1 8.0593E-1 9.75907E-1 4.33043E-1 6.68918E-1 9.15256E-1 8.90217E-1 2.19802E-1 1.3725E-1 5.57517E-1 6.78156E-1 8.83225E-1 9.79816E-1 1.07555E-1 3.27176E-1 4.7817E-1 3.68408E-1 1.66621E-1 5.44989E-1 3.85012E-1 7.76253E-1 9.13442E-1 9.99982E-1 9.99977E-1 5.84837E-1 3.00081E-1 5.5866E-1 9.94887E-1 9.95813E-1 6.96624E-1 4.05349E-1 3.11085E-1 3.49996E-2 8.35115E-2 5.13825E-2 2.34021E-2 3.26467E-2 1.45428E-2 1.48154E-2 1.03693E-2 1.74185E-2 5.75818E-2 5.37479E-2 2.23496E-2 5.3968E-2 3.11352E-2 7.5929E-2 1.16726E-1 -9999 -9999 -9999 -9999 -9999 -9999 -9999 -9999 -9999 -9999 -9999 -9999 -9999 -9999 -9999 -9999
1E0 1E0 1E0 1E0 1E0 1E0 1E0 1E0 1E0 1E0 9.8645E-1 9.93245E-1 8.23204E-1 9.00818E-1 9.92043E-1 9.10697E-1 9.7396E-1 9.48663E-1 9.10261E-1 9.35618E-1 4.35259E-1 3.67745E-1 4.23687E-1 9.99769E-1 9.15517E-1 9.9093E-1 9.83352E-1 9.92209E-1 5.98918E-1 6.78508E-1 8.48081E-1 7.11298E-1 9.12312E-1 8.73546E-1 9.99926E-1 1E0 9.09727E-1 7.59354E-1 9.52573E-1 9.73145E-1 9.74657E-1 8.29575E-1 6.53982E-1 6.69893E-1 6.56221E-2 3.75278E-2 6.52869E-2 2.15031E-2 1.62638E-2 6.27738E-3 1.60016E-2 1.86093E-2 4.24804E-2 7.04905E-3 9.97729E-3 4.20706E-2 5.59202E-2 3.25786E-2 1.4643E-1 1.1686E-1 -9999 -9999 -9999 -9999 -9999 -9999 -9999 -9999 -9999 -9999 -9999 -9999 -9999 -9999 -9999 -9999
1E0 1E0 1E0 1E0 1E0 1E0 1E0 1E0 1E0 1E0 9.99998E-1 9.01314E-1 8.6683E-1 9.00916E-1 9.97426E-1 9.66603E-1 7.18279E-1 9.27869E-1 9.95891E-1 9.80512E-1 9.99996E-1 9.99994E-1 9.99974E-1 9.99999E-1 1E0 1E0 9.9995E-1 9.50293E-1 9.99645E-1 1E0 1E0 9.15959E-1 7.6349E-1 5.90402E-1 9.97278E-1 9.90185E-1 9.73961E-1 2.42868E-1 1.56374E-1 1.6669E-1 1.58701E-1 1.95932E-1 4.45381E-1 4.2659E-1 2.95068E-1 1.22142E-1 1.03754E-1 1.09125E-2 6.06404E-2 2.54045E-2 1.50194E-2 1.59833E-2 3.86826E-2 4.47971E-2 5.478E-2 4.6006E-3 7.19537E-2 2.49262E-2 1.06708E-1 1.07956E-1 -9999 -9999 -9999 -9999 -9999 -9999 -9999 -9999 -9999 -9999 -9999 -9999 -9999 -9999 -9999 -9999
1E0 1E0 1E0 1E0 1E0 1E0 1E0 1E0 1E0 1E0 9.99309E-1 9.88958E-1 9.98994E-1 9.55659E-1 9.99943E-1 9.83924E-1 8.71202E-1 9.99905E-1 9.99981E-1 1E0 1E0 1E0 1E0 1E0 1E0 1E0 9.99988E-1 8.83349E-1 9.53178E-1 1E0 1E0 9.96362E-1 9.96022E-1 9.79152E-1 9.68738E-1 4.93936E-1 4.36356E-1 9.98137E-1 3.56302E-1 4.35205E-1 8.78658E-1 7.85149E-1 8.27442E-1 3.37122E-1 1.16034E-1 3.11611E-1 2.91911E-3 5.90291E-2 3.92382E-2 3.75033E-2 3.44376E-2 6.39644E-2 5.21545E-2 4.0459E-2 6.48821E-2 3.03013E-2 6.85669E-2 5.75471E-2 1.86588E-1 6.6268E-2 -9999 -9999 -9999 -9999 -9999 -9999 -9999 -9999 -9999 -9999 -9999 -9999 -9999 -9999 -9999 -9999
1E0 1E0 1E0 1E0 1E0 1E0 9.99986E-1 1E0 1E0 1E0 1E0 1E0 9.99955E-1 9.99993E-1 9.99954E-1 9.99569E-1 9.97439E-1 1E0 1E0 1E0 1E0 1E0 1E0 1E0 1E0 1E0 1E0 9.38103E-1 8.22723E-1 9.98205E-1 1E0 1E0 5.81375E-1 8.82771E-1 7.63573E-1 7.04578E-1 9.65894E-1 8.94414E-1 8.27092E-1 7.55375E-1 9.5298E-1 9.67289E-1 8.81399E-1 2.60059E-1 1.09166E-1 9.61317E-3 1.07383E-2 3.51747E-2 9.26423E-2 1.9397E-2 5.36953E-2 1.42492E-2 2.07006E-2 1.07055E-1 2.14695E-2 6.06255E-2 1.07261E-1 4.61619E-2 7.42827E-2 1.11697E-1 -9999 -9999 -9999 -9999 -9999 -9999 -9999 -9999 -9999 -9999 -9999 -9999 -9999 -9999 -9999 -9999
1E0 1E0 1E0 1E0 1E0 1E0 1E0 1E0 1E0 1E0 9.99999E-1 9.99997E-1 9.99869E-1 9.65455E-1 9.83344E-1 9.96336E-1 9.99641E-1 9.99984E-1 1E0 1E0 1E0 1E0 1E0 1E0 1E0 1E0 9.99992E-1 9.98012E-1 9.84884E-1 9.15304E-1 8.97548E-1 9.8888E-1 9.99994E-1 6.70094E-1 4.62935E-1 4.61533E-1 5.22976E-1 5.42691E-1 9.99983E-1 7.05364E-1 7.58085E-1 4.16032E-1 3.70465E-1 3.38743E-1 1.18624E-1 5.63373E-2 3.7054E-2 2.28422E-2 9.7907E-3 1.72371E-2 1.47259E-2 2.57412E-2 7.62917E-2 3.00001E-2 1.01656E-1 8.46867E-2 1.93973E-2 3.34627E-2 7.61824E-2 1.14049E-1 -9999 -9999 -9999 -9999 -9999 -9999 -9999 -9999 -9999 -9999 -9999 -9999 -9999 -9999 -9999 -9999
1E0 1E0 1E0 1E0 1E0 1E0 9.99951E-1 1E0 1E0 1E0 1E0 9.91216E-1 9.86296E-1 8.85623E-1 8.33482E-1 9.99312E-1 9.98259E-1 9.99266E-1 9.99991E-1 1E0 1E0 1E0 1E0 1E0 7.02431E-1 2.03217E-1 2.82458E-1 6.45361E-1 6.27628E-1 5.06894E-1 2.57166E-1 2.56676E-1 4.8664E-1 7.00908E-1 8.93539E-1 2.75407E-1 3.40357E-1 2.96271E-1 7.98177E-1 6.26584E-1 3.21773E-1 2.72773E-1 1.09373E-1 1.07571E-1 2.41071E-1 2.76161E-2 1.81619E-2 1.11894E-1 1.50204E-1 7.95817E-2 3.66189E-2 2.83221E-2 2.49402E-2 4.4322E-2 8.16303E-2 1.0685E-1 1.80428E-1 1.68828E-1 3.44916E-2 3.73368E-2 -9999 -9999 -9999 -9999 -9999 -9999 -9999 -9999 -9999 -9999 -9999 -9999 -9999 -9999 -9999 -9999
1E0 1E0 1E0 1E0 1E0 1E0 1E0 9.99638E-1 1E0 9.99999E-1 1E0 9.99995E-1 9.71212E-1 8.56354E-1 8.19356E-1 9.99933E-1 9.98521E-1 9.9989E-1 9.99991E-1 1E0 1E0 1E0 1E0 1E0 9.76228E-1 1.96798E-1 1.32844E-1 1.31414E-1 1.89136E-1 1.13972E-1 1.00357E-1 1.02016E-1 5.44087E-1 7.71722E-1 9.95551E-1 7.26155E-1 3.93939E-1 2.6724E-1 9.70158E-1 6.95529E-1 5.93294E-1 3.7359E-1 1.81705E-1 8.17386E-2 8.74058E-3 1.08888E-2 2.85684E-2 1.24121E-1 2.25147E-1 1.64823E-1 1.99874E-2 4.3288E-2 1.22227E-1 1.47492E-1 1.65467E-1 1.27071E-1 1.68564E-1 6.91337E-2 9.3096E-2 -9999 -9999 -9999 -9999 -9999 -9999 -9999 -9999 -9999 -9999 -9999 -9999 -9999 -9999 -9999 -9999 -9999
1E0 1E0 1E0 1E0 1E0 1E0 1E0 9.99983E-1 9.99989E-1 9.99999E-1 9.99876E-1 9.99421E-1 9.99896E-1 9.32382E-1 8.6E-1 9.97652E-1 9.99231E-1 1E0 1E0 1E0 1E0 1E0 1E0 1E0 1E0 1E0 7.67245E-1 1.6922E-1 8.65209E-2 3.24039E-2 2.59082E-2 1.05146E-1 7.11304E-1 9.87115E-1 9.92634E-1 9.82263E-1 9.48282E-1 7.20624E-1 9.30834E-1 5.37215E-1 3.25845E-1 9.95241E-2 6.02007E-2 2.43729E-2 1.26729E-2 2.11038E-2 3.60054E-2 9.56815E-2 7.13704E-2 5.7586E-2 3.88534E-2 4.40959E-2 2.1781E-1 1.01781E-1 8.32442E-2 6.55872E-2 1.00013E-1 1.52291E-2 6.00449E-2 -9999 -9999 -9999 -9999 -9999 -9999 -9999 -9999 -9999 -9999 -9999 -9999 -9999 -9999 -9999 -9999 -9999
1E0 1E0 1E0 1E0 1E0 1E0 1E0 1E0 9.99183E-1 9.39844E-1 9.90599E-1 8.68235E-1 9.94489E-1 9.99848E-1 8.02866E-1 1E0 1E0 1E0 1E0 1E0 1E0 1E0 1E0 1E0 1E0 1E0 1E0 1E0 2.80872E-1 4.73396E-2 5.70428E-2 1.73799E-1 7.91846E-1 9.9932E-1 9.99931E-1 9.97224E-1 9.81363E-1 8.22059E-1 5.63984E-1 4.60312E-1 1.21173E-1 3.38675E-1 2.13537E-2 7.91322E-3 1.6964E-2 3.87527E-2 5.10019E-2 5.64928E-2 7.10199E-2 1.40012E-1 3.81455E-2 1.3965E-1 8.05063E-2 5.05625E-2 6.17307E-2 1.12688E-1 8.26822E-2 4.26685E-2 2.26078E-2 -9999 -9999 -9999 -9999 -9999 -9999 -9999 -9999 -9999 -9999 -9999 -9999 -9999 -9999 -9999 -9999 -9999
1E0 1E0 1E0 1E0 1E0 1E0 1E0 9.99838E-1 9.98836E-1 9.49813E-1 7.21801E-1 7.61599E-1 9.23079E-1 9.99978E-1 8.80718E-1 1E0 1E0 1E0 1E0 9.99797E-1 1E0 1E0 9.72289E-1 9.64792E-1 6.7598E-1 6.88568E-1 9.24117E-1 9.72091E-1 9.04439E-1 3.39884E-1 4.08444E-1 4.28263E-1 9.32296E-1 9.99053E-1 9.59526E-1 7.38539E-1 6.40685E-1 3.39089E-1 1.49279E-1 1.94944E-1 2.31502E-1 1.31471E-2 1.74187E-2 2.12937E-2 3.06122E-2 7.89802E-2 2.44895E-2 1.73877E-1 1.52346E-1 1.08448E-1 2.26085E-1 3.00546E-1 5.5367E-2 5.85984E-2 1.01561E-2 4.88929E-2 7.28838E-3 1.61151E-2 2.27038E-2 -9999 -9999 -9999 -9999 -9999 -9999 -9999 -9999 -9999 -9999 -9999 -9999 -9999 -9999 -9999 -9999 -9999
1E0 1E0 1E0 1E0 1E0 1E0 1E0 9.99864E-1 9.17425E-1 9.01934E-1 9.71104E-1 8.06882E-1 9.79974E-1 5.12143E-1 9.96837E-1 1E0 1E0 1E0 1E0 1E0 1E0 1E0 8.37285E-1 4.36641E-1 2.16546E-1 4.3165E-2 2.79917E-2 5.36625E-2 1.24576E-1 4.73203E-2 1.85903E-1 3.94386E-1 3.87011E-1 7.99239E-1 7.69534E-1 4.6845E-1 3.03965E-1 1.21135E-1 4.24646E-2 1.0032E-1 1.29265E-1 5.3092E-3 4.77955E-2 2.6394E-2 1.04863E-1 4.53086E-2 9.41084E-2 1.26181E-1 8.53571E-2 6.57914E-2 3.54634E-2 2.66727E-2 1.21746E-2 4.79377E-2 6.19324E-2 6.73427E-2 3.0235E-2 1.88938E-2 -9999 -9999 -9999 -9999 -9999 -9999 -9999 -9999 -9999 -9999 -9999 -9999 -9999 -9999 -9999 -9999 -9999 -9999
1E0 1E0 1E0 1E0 1E0 1E0 1E0 1E0 9.99998E-1 9.9718E-1 9.96157E-1 9.6001E-1 9.24054E-1 7.66845E-1 1E0 1E0 1E0 1E0 1E0 1E0 1E0 1E0 1E0 9.70674E-1 4.54688E-1 4.66874E-2 4.39339E-2 9.06855E-3 2.25594E-2 2.42888E-2 4.01977E-2 9.06629E-2 1.30473E-1 5.32956E-1 5.70618E-1 3.4705E-1 9.01845E-2 1.13553E-1 1.27133E-1 2.42549E-1 9.3901E-3 6.97928E-3 5.4715E-2 7.70692E-2 1.37441E-1 1.80856E-2 1.09153E-1 1.83465E-1 5.69442E-2 9.32396E-3 3.80675E-2 1.35174E-2 3.18056E-2 3.91845E-2 2.0878E-2 2.07332E-2 8.48651E-3 7.76463E-3 -9999 -9999 -9999 -9999 -9999 -9999 -9999 -9999 -9999 -9999 -9999 -9999 -9999 -9999 -9999 -9999 -9999 -9999
1E0 1E0 1E0 1E0 1E0 1E0 1E0 1E0 1E0 9.88866E-1 9.99999E-1 9.19267E-1 8.21125E-1 9.99532E-1 1E0 1E0 1E0 1E0 1E0 9.99821E-1 4.56593E-1 9.36749E-1 1E0 9.99717E-1 4.24367E-1 1.85698E-1 8.03195E-2 1.01643E-2 2.29926E-2 3.59651E-2 5.1414E-2 6.4602E-2 4.04441E-2 3.84485E-1 2.45161E-1 1.19741E-1 1.62595E-1 1.54941E-1 1.61942E-2 4.11394E-2 1.40311E-2 2.02644E-2 2.07026E-2 1.87373E-1 4.98292E-2 8.11967E-3 5.97205E-2 4.06665E-1 4.17786E-2 1.12384E-2 1.74832E-2 4.04105E-2 3.82127E-2 2.51002E-2 3.23782E-2 2.12336E-2 2.34293E-2 4.47943E-3 -9999 -9999 -9999 -9999 -9999 -9999 -9999 -9999 -9999 -9999 -9999 -9999 -9999 -9999 -9999 -9999 -9999 -9999
1E0 1E0 1E0 1E0 1E0 1E0 1E0 1E0 1E0 9.99997E-1 9.99996E-1 8.8429E-1 8.74623E-1 9.92448E-1 1E0 1E0 1E0 1E0 8.73733E-1 1.91291E-1 1.86001E-1 5.17839E-1 9.99994E-1 4.18869E-1 3.51412E-1 1.23117E-1 8.28514E-2 2.70518E-2 3.97446E-2 3.50828E-2 4.95676E-2 1.06386E-1 8.29285E-2 2.21918E-1 4.39056E-2 4.12233E-2 2.95357E-2 3.99094E-3 1.60544E-2 9.89232E-2 6.11026E-2 1.12739E-1 6.95601E-2 3.0043E-2 7.41524E-2 4.8731E-3 1.81938E-1 2.44664E-1 1.83568E-2 2.39485E-2 2.47395E-2 1.30078E-2 3.00292E-2 3.03905E-2 1.27338E-2 3.64369E-2 1.28313E-2 -9999 -9999 -9999 -9999 -9999 -9999 -9999 -9999 -9999 -9999 -9999 -9999 -9999 -9999 -9999 -9999 -9999 -9999 -9999
1E0 1E0 1E0 1E0 1E0 1E0 1E0 1E0 9.99987E-1 1E0 9.99981E-1 1E0 1E0 1E0 1E0 1E0 1E0 9.99981E-1 9.32441E-1 3.2266E-1 2.90852E-1 8.54557E-1 9.98103E-1 8.84357E-1 6.07399E-1 2.32305E-1 8.34512E-2 8.17487E-2 1.37035E-1 1.67015E-1 2.35692E-1 2.71046E-1 2.07206E-1 4.55949E-2 2.80034E-2 3.89951E-3 2.60767E-2 2.86389E-2 1.62242E-2 8.81372E-2 2.7839E-2 8.35488E-2 5.1887E-2 8.4293E-2 1.03382E-1 3.34865E-2 2.44607E-1 6.98867E-2 3.92762E-2 4.20005E-2 1.01919E-2 3.50235E-2 8.14505E-3 5.24682E-2 5.25219E-2 6.46138E-3 1.3868E-2 -9999 -9999 -9999 -9999 -9999 -9999 -9999 -9999 -9999 -9999 -9999 -9999 -9999 -9999 -9999 -9999 -9999 -9999 -9999
1E0 1E0 1E0 1E0 1E0 1E0 1E0 1E0 1E0 1E0 1E0 1E0 1E0 1E0 1E0 1E0 1E0 1E0 9.99998E-1 1E0 1E0 1E0 1E0 1E0 1E0 9.99999E-1 7.87845E-1 4.99139E-1 8.46445E-1 5.03338E-1 1.56163E-1 2.19929E-1 8.18061E-2 3.29354E-2 1.17217E-2 1.3233E-2 1.33795E-2 4.30393E-2 5.39374E-2 1.45192E-1 4.30849E-2 5.10105E-2 3.95288E-2 4.50472E-2 1.47668E-2 1.36009E-1 9.63165E-2 1.58133E-1 8.92581E-2 8.29405E-2 1.81937E-2 4.15936E-2 3.39981E-2 7.45115E-2 3.49565E-2 3.03905E-2 3.04622E-2 -9999 -9999 -9999 -9999 -9999 -9999 -9999 -9999 -9999 -9999 -9999 -9999 -9999 -9999 -9999 -9999 -9999 -9999 -9999
1E0 1E0 1E0 1E0 1E0 1E0 1E0 1E0 1E0 9.99999E-1 1E0 1E0 1E0 1E0 1E0 1E0 1E0 1E0 1E0 1E0 1E0 1E0 1E0 1E0 1E0 9.99867E-1 1.99605E-1 6.13425E-2 8.69884E-2 2.86119E-1 1.12753E-1 6.02841E-2 2.14813E-1 1.10244E-2 5.84932E-3 2.84989E-2 7.67831E-2 7.69756E-2 1.29113E-1 6.97932E-2 1.18377E-1 2.13708E-2 2.94406E-2 6.6702E-3 1.12149E-1 1.41381E-1 1.35991E-1 5.01326E-2 3.94769E-2 3.10468E-2 2.77052E-2 4.03021E-2 4.83013E-2 4.29789E-2 2.67073E-2 1.39135E-1 2.05122E-1 -9999 -9999 -9999 -9999 -9999 -9999 -9999 -9999 -9999 -9999 -9999 -9999 -9999 -9999 -9999 -9999 -9999 -9999 -9999
1E0 1E0 1E0 1E0 1E0 1E0 1E0 1E0 9.99992E-1 9.99774E-1 1E0 1E0 1E0 1E0 1E0 1E0 1E0 1E0 1E0 1E0 1E0 1E0 9.99745E-1 9.99967E-1 9.99911E-1 9.78095E-1 1.19842E-1 2.31414E-2 9.76844E-2 1.83361E-1 1.09212E-1 4.347E-2 1.33808E-1 1.43976E-1 7.05174E-2 5.58921E-2 7.12023E-2 9.96545E-2 2.76161E-2 1.32806E-2 9.99236E-2 5.61912E-2 4.08702E-2 4.50547E-2 2.77557E-1 5.64165E-2 4.07104E-2 6.38207E-2 4.2762E-2 9.20989E-2 7.21501E-2 8.5896E-3 5.70866E-2 2.98056E-2 8.24172E-2 1.10225E-1 -9999 -9999 -9999 -9999 -9999 -9999 -9999 -9999 -9999 -9999 -9999 -9999 -9999 -9999 -9999 -9999 -9999 -9999 -9999 -9999
1E0 1E0 1E0 1E0 1E0 1E0 1E0 1E0 9.93759E-1 9.99633E-1 9.99999E-1 1E0 1E0 1E0 1E0 1E0 1E0 1E0 1E0 1E0 9.48429E-1 5.49909E-1 1.88596E-1 1.36443E-1 1.68093E-1 1.13787E-1 9.87599E-2 1.126E-1 1.65662E-1 6.06349E-2 3.80187E-2 4.30465E-2 1.33715E-1 1.98618E-1 4.24028E-1 6.56734E-2 1.90156E-1 1.39349E-1 3.87209E-2 7.67019E-2 2.10297E-1 2.42639E-1 1.41934E-1 1.09055E-1 1.88311E-1 4.13771E-2 2.55217E-2 8.62025E-2 1.41929E-1 1.43832E-1 6.02084E-2 3.55958E-2 2.58977E-2 2.35627E-2 3.09775E-2 4.84939E-2 -9999 -9999 -9999 -9999 -9999 -9999 -9999 -9999 -9999 -9999 -9999 -9999 -9999 -9999 -9999 -9999 -9999 -9999 -9999 -9999
1E0 1E0 1E0 1E0 1E0 1E0 1E0 1E0 9.98793E-1 9.38671E-1 1E0 1E0 1E0 1E0 1E0 1E0 1E0 9.99954E-1 9.99976E-1 9.55679E-1 5.01447E-1 2.0308E-1 6.63649E-2 6.93924E-2 1.63951E-1 6.55337E-2 4.01804E-2 3.2332E-2 1.38284E-1 3.04655E-2 7.43532E-2 1.90881E-1 1.74252E-1 3.03977E-1 3.88628E-1 2.12201E-1 4.08467E-2 6.88793E-2 2.98576E-2 3.21841E-1 2.21707E-1 1.25932E-1 5.17315E-2 3.28821E-2 3.36513E-2 5.49436E-2 6.02435E-3 8.96768E-2 7.28881E-2 9.89684E-2 6.76922E-2 8.46685E-2 3.59811E-2 4.66177E-2 3.95978E-2 6.11634E-2 -9999 -9999 -9999 -9999 -9999 -9999 -9999 -9999 -9999 -9999 -9999 -9999 -9999 -9999 -9999 -9999 -9999 -9999 -9999 -9999
1E0 1E0 1E0 1E0 1E0 1E0 1E0 1E0 9.89826E-1 9.32343E-1 9.99691E-1 1E0 1E0 1E0 1E0 1E0 1E0 9.93989E-1 7.34467E-1 2.30338E-1 2.22572E-1 1.22711E-1 6.11127E-2 5.37116E-2 1.23462E-1 6.11367E-2 1.19803E-1 7.87741E-2 4.72088E-2 5.08808E-2 7.32721E-2 1.15528E-1 2.4138E-1 1.04651E-1 5.75827E-1 1.27753E-1 3.96775E-2 1.09341E-1 1.15652E-1 1.27897E-1 1.83847E-1 1.34831E-1 2.32795E-1 2.69988E-2 6.50587E-2 6.22127E-2 9.47727E-2 5.32004E-2 5.29338E-2 3.94941E-2 3.57705E-2 2.02931E-2 4.65173E-2 7.18887E-2 5.90974E-2 -9999 -9999 -9999 -9999 -9999 -9999 -9999 -9999 -9999 -9999 -9999 -9999 -9999 -9999 -9999 -9999 -9999 -9999 -9999 -9999 -9999
1E0 1E0 1E0 1E0 1E0 1E0 1E0 1E0 9.99651E-1 9.99727E-1 1E0 1E0 1E0 1E0 1E0 1E0 1E0 1E0 9.96005E-1 9.99967E-1 4.83569E-1 1.54184E-1 5.15148E-2 9.24826E-2 9.79826E-2 1.38172E-1 1.37265E-1 2.18216E-1 1.92845E-1 8.10037E-2 1.14894E-1 1.97883E-1 2.80382E-1 7.859E-2 3.635E-1 1.78702E-2 1.44783E-1 2.49169E-1 1.45597E-1 6.51919E-3 9.11073E-2 1.25662E-1 2.00994E-2 1.82551E-2 2.03586E-2 1.44901E-1 2.3518E-1 1.68723E-2 5.36594E-2 3.88179E-2 1.92665E-2 2.96225E-2 4.14858E-2 8.67453E-2 -9999 -9999 -9999 -9999 -9999 -9999 -9999 -9999 -9999 -9999 -9999 -9999 -9999 -9999 -9999 -9999 -9999 -9999 -9999 -9999 -9999 -9999
1E0 1E0 1E0 1E0 1E0 1E0 1E0 1E0 1E0 1E0 1E0 1E0 1E0 1E0 1E0 1E0 1E0 1E0 9.99995E-1 9.99974E-1 2.10614E-1 7.43464E-2 1.21138E-1 1.21459E-1 1.60648E-1 2.19743E-1 2.47671E-1 1.24109E-1 3.93082E-1 3.88623E-1 1.4667E-1 2.26276E-1 1.57741E-1 2.55778E-1 1.31422E-1 6.13995E-1 3.60218E-1 2.99462E-1 1.38322E-1 4.51139E-2 1.96238E-2 2.82345E-2 1.32529E-2 1.04627E-2 1.89185E-2 3.06376E-2 7.30117E-3 4.57635E-2 6.79295E-2 1.41809E-2 7.75848E-3 1.55458E-2 2.25948E-2 -9999 -9999 -9999 -9999 -9999 -9999 -9999 -9999 -9999 -9999 -9999 -9999 -9999 -9999 -9999 -9999 -9999 -9999 -9999 -9999 -9999 -9999 -9999
1E0 1E0 1E0 1E0 1E0 1E0 1E0 1E0 1E0 1E0 1E0 1E0 1E0 1E0 1E0 1E0 1E0 1E0 9.94824E-1 6.97373E-1 1.74296E-1 8.49741E-2 1.36238E-1 1.10089E-1 4.76433E-1 7.35142E-1 3.39685E-1 2.98803E-1 3.55488E-1 4.06163E-1 5.03412E-1 1.58838E-1 1.55835E-1 1.0014E-1 5.70426E-1 5.55154E-1 1.72071E-1 1.70245E-1 1.35977E-1 2.29748E-2 1.05114E-1 1.33482E-2 7.19029E-3 9.02704E-2 9.86352E-3 1.59669E-2 5.5567E-2 1.95802E-2 2.00744E-2 2.19038E-2 1.30712E-2 1.21964E-2 -9999 -9999 -9999 -9999 -9999 -9999 -9999 -9999 -9999 -9999 -9999 -9999 -9999 -9999 -9999 -9999 -9999 -9999 -9999 -9999 -9999 -9999 -9999 -9999
1E0 1E0 1E0 1E0 1E0 9.9957E-1 1E0 1E0 1E0 1E0 1E0 1E0 1E0 1E0 1E0 1E0 1E0 1E0 9.99722E-1 9.75908E-1 5.18509E-1 1.90677E-1 1.05826E-1 9.44321E-2 7.67071E-1 9.62151E-1 2.43348E-1 2.62532E-1 2.35699E-1 3.54457E-1 1.23821E-1 5.01276E-2 1.35567E-1 4.18355E-1 4.92707E-1 4.26077E-1 3.49358E-2 2.90593E-2 2.40606E-2 4.4573E-1 2.10396E-1 6.3104E-2 9.1317E-3 6.04422E-3 1.59625E-2 1.71408E-2 9.85933E-3 1.11436E-2 3.17262E-2 1.33547E-2 -9999 -9999 -9999 -9999 -9999 -9999 -9999 -9999 -9999 -9999 -9999 -9999 -9999 -9999 -9999 -9999 -9999 -9999 -9999 -9999 -9999 -9999 -9999 -9999 -9999 -9999
1E0 1E0 1E0 1E0 1E0 9.99387E-1 9.99773E-1 1E0 1E0 1E0 1E0 1E0 1E0 1E0 1E0 1E0 1E0 1E0 9.16892E-1 8.53069E-1 4.17492E-1 1.80293E-1 2.97847E-1 2.07998E-1 9.82705E-1 9.83444E-1 3.56228E-1 1.62126E-1 1.02945E-1 9.29257E-2 7.72852E-2 3.46498E-1 2.01585E-2 5.36452E-1 3.6011E-1 3.78993E-2 4.58405E-2 3.42184E-2 7.12051E-2 1.39287E-1 3.14689E-2 4.11384E-2 8.48451E-3 5.15417E-3 8.30145E-3 2.93297E-2 1.4293E-2 1.1978E-2 1.7368E-2 -9999 -9999 -9999 -9999 -9999 -9999 -9999 -9999 -9999 -9999 -9999 -9999 -9999 -9999 -9999 -9999 -9999 -9999 -9999 -9999 -9999 -9999 -9999 -9999 -9999 -9999 -9999
1E0 1E0 1E0 1E0 1E0 9.99999E-1 1E0 1E0 1E0 1E0 1E0 1E0 1E0 1E0 1E0 1E0 1E0 1E0 6.57117E-1 5.89691E-1 3.91937E-1 4.49002E-1 8.83976E-1 9.46836E-1 9.99982E-1 9.48016E-1 5.05066E-1 1.56041E-1 1.72362E-1 4.74496E-2 1.25321E-1 1.03247E-1 4.24105E-1 5.515E-1 4.69816E-1 3.93301E-2 3.57311E-2 1.42951E-1 1.34449E-1 6.14355E-2 4.92604E-3 2.0197E-3 1.46149E-3 8.04583E-3 2.61794E-2 2.91547E-2 3.01603E-2 1.17282E-2 -9999 -9999 -9999 -9999 -9999 -9999 -9999 -9999 -9999 -9999 -9999 -9999 -9999 -9999 -9999 -9999 -9999 -9999 -9999 -9999 -9999 -9999 -9999 -9999 -9999 -9999 -9999 -9999
1E0 1E0 1E0 1E0 1E0 1E0 1E0 1E0 1E0 1E0 1E0 1E0 1E0 1E0 1E0 9.99999E-1 9.99888E-1 1E0 9.9999E-1 9.83051E-1 7.01737E-1 3.88836E-1 9.4457E-1 9.6948E-1 9.2194E-1 1.43855E-1 1.25811E-1 2.14329E-2 2.60325E-2 2.36581E-1 3.32601E-1 3.5199E-1 1.82995E-1 5.87545E-2 8.55431E-2 1.67263E-1 3.45441E-1 3.41325E-1 2.00764E-1 1.76701E-2 2.26576E-2 5.02738E-3 1.16342E-2 1.68901E-2 4.33266E-2 2.2238E-2 2.70483E-2 -9999 -9999 -9999 -9999 -9999 -9999 -9999 -9999 -9999 -9999 -9999 -9999 -9999 -9999 -9999 -9999 -9999 -9999 -9999 -9999 -9999 -9999 -9999 -9999 -9999 -9999 -9999 -9999 -9999
