ENM/Final_Models/M_0.9_F_q_Set_1_E/Gustavia_santanderiensis_Choco_stddev.asc
ncols         367
nrows         963
xllcorner     -78.6
yllcorner     0.65
cellsize      0.00833333333333323
NODATA_value  -9999
[rows 300 to 329 of 963, columns 134 to 200 of 367]
-9999 1.60293E-2 3.09521E-2 1.45838E-1 8.2829E-2 7.35686E-2 2.69073E-2 1.30838E-2 9.48702E-3 8.71707E-3 2.80446E-2 3.40843E-2 5.91529E-2 7.95861E-2 4.30433E-2 6.45891E-2 1.38923E-1 1.03816E-1 1.17008E-1 1.07903E-1 6.60119E-2 1.61182E-1 1.36064E-1 1.63126E-1 1.17843E-1 1.84271E-1 2.13166E-1 2.42667E-1 1.75265E-1 2.26363E-1 2.19455E-1 2.34821E-1 1.51303E-1 5.91881E-2 2.52942E-2 1.40707E-2 4.27086E-2 3.91667E-2 4.26394E-2 1.47918E-1 2.34113E-1 1.56693E-1 1.79458E-1 1.52014E-1 1.48601E-1 3.63801E-2 5.26476E-2 1.49176E-1 1.49924E-1 9.90801E-2 1.05225E-1 4.39327E-2 1.00092E-2 1.57008E-1 1.15272E-1 1.1712E-1 6.33261E-2 8.22086E-2 6.0415E-2 9.18868E-2 4.59958E-2 4.28975E-5 6.70552E-6 2.82383E-4 8.00282E-4 4.3043E-3 6.8391E-4
-9999 -9999 1.02649E-1 1.87749E-1 1.99775E-1 1.77907E-1 1.55602E-1 1.19086E-1 6.09236E-2 5.94059E-2 6.05614E-2 6.82735E-2 2.65276E-2 1.04115E-1 1.20075E-1 1.34845E-1 1.42352E-1 1.8148E-1 2.09843E-1 2.01728E-1 2.17722E-1 2.34333E-1 7.45437E-2 2.04719E-1 2.23162E-1 1.94887E-1 1.68761E-1 2.06456E-1 2.4712E-1 2.32806E-1 2.47693E-1 1.60109E-1 5.02754E-2 3.7707E-2 1.89798E-2 2.2434E-2 4.24761E-2 1.59591E-1 1.62936E-1 2.45327E-1 2.20905E-1 1.16424E-1 2.33376E-1 1.80174E-1 1.48866E-1 1.1316E-2 8.0074E-2 1.38965E-1 9.53485E-2 8.57104E-2 1.27662E-1 5.56047E-2 6.07712E-2 3.52918E-2 6.31601E-3 7.90899E-2 1.07297E-3 7.91699E-4 8.49897E-2 6.19141E-2 2.10918E-2 4.1163E-5 2.86514E-4 2.68024E-4 1.46506E-2 1.96607E-2 2.12557E-2
-9999 -9999 -9999 8.02924E-2 1.49769E-1 1.88619E-1 1.61427E-1 1.47666E-1 1.93475E-1 1.76251E-1 5.80261E-2 4.98825E-2 9.2818E-2 6.96361E-2 1.18816E-1 2.17859E-1 2.04666E-1 2.10836E-1 2.26975E-1 1.3853E-1 1.85823E-1 1.17698E-1 2.03423E-1 6.46194E-2 3.39826E-2 2.31776E-1 1.77757E-1 1.13724E-1 1.33803E-1 1.70163E-1 1.21564E-1 2.87034E-2 3.46418E-2 7.99923E-2 1.2067E-1 1.03571E-1 1.75161E-1 2.41428E-1 2.48415E-1 2.5556E-1 2.28827E-1 9.32503E-2 1.2816E-1 3.34448E-2 6.92721E-2 4.01948E-2 4.54337E-2 1.42635E-1 1.20749E-1 1.54102E-1 1.94811E-1 1.34128E-1 4.81165E-2 6.76781E-2 7.90955E-2 1.27409E-2 4.05246E-3 4.85781E-2 6.05193E-2 4.55231E-2 3.42608E-2 8.09682E-2 1.3197E-1 1.27245E-1 3.67654E-2 2.85857E-2 2.32262E-2
-9999 -9999 -9999 1.21624E-1 1.11662E-1 1.22746E-1 1.59577E-1 9.8019E-2 1.40817E-1 1.69269E-1 1.71928E-1 1.86273E-1 1.90293E-1 2.2918E-1 2.27731E-1 1.99809E-1 2.03744E-1 2.0843E-1 2.04443E-1 1.98272E-1 1.43435E-1 1.73455E-1 1.03984E-1 3.41019E-2 2.5032E-2 1.57464E-1 1.62772E-1 1.12683E-1 8.63855E-2 4.7667E-2 3.32332E-2 1.34775E-2 5.16991E-2 1.33227E-1 1.72966E-1 2.31864E-1 2.38782E-1 1.71954E-1 1.49696E-1 1.79962E-1 1.71512E-1 6.6502E-2 8.51803E-3 1.27462E-2 3.59255E-3 4.88721E-2 6.42776E-2 9.49579E-2 1.52256E-1 1.90481E-1 1.36981E-1 8.70734E-2 6.04776E-3 1.4002E-1 1.62392E-1 1.63047E-1 1.21951E-2 5.08624E-2 2.55881E-2 2.44929E-2 4.42355E-2 3.21434E-2 9.38671E-2 1.55414E-1 9.59116E-2 9.08927E-2 8.28027E-2
-9999 -9999 -9999 -9999 5.64982E-2 5.22754E-2 1.43506E-1 1.02772E-1 9.8358E-2 7.37332E-2 9.01764E-2 8.91634E-2 1.58881E-1 2.04508E-1 2.19771E-1 1.58337E-1 1.74498E-1 1.0315E-1 1.99114E-1 1.65335E-1 1.85863E-1 1.41044E-1 5.92231E-2 2.70063E-2 1.30132E-2 6.17299E-2 1.0536E-1 7.58498E-2 3.2416E-2 1.41986E-2 2.00951E-2 5.21863E-2 3.429E-2 8.81552E-2 2.1149E-1 1.93475E-1 1.60244E-1 1.1995E-1 1.15576E-1 1.15344E-1 7.20902E-2 2.01424E-2 2.99078E-2 7.3057E-2 6.177E-2 9.04625E-2 1.91715E-1 1.52373E-1 1.93177E-1 2.16234E-1 5.28381E-2 1.10766E-1 5.58363E-2 2.87151E-2 1.06051E-1 9.98723E-2 9.34693E-2 6.373E-2 4.31383E-2 1.90849E-2 5.97264E-2 2.67041E-2 8.24302E-2 1.14E-1 6.21134E-2 6.52878E-2 4.8333E-3
-9999 -9999 -9999 -9999 8.94346E-2 4.55341E-2 1.76829E-1 1.29399E-1 7.95115E-2 3.12238E-2 8.51854E-2 8.71173E-2 1.19076E-1 1.24037E-1 6.12222E-2 1.0365E-1 1.01847E-1 1.1197E-1 1.38303E-1 1.82473E-1 1.93574E-1 1.69959E-1 1.04039E-1 3.93148E-2 1.15122E-2 3.03333E-2 6.42262E-2 4.4747E-2 1.34846E-2 8.61493E-3 6.19271E-3 5.73809E-3 2.25627E-2 7.54831E-2 9.1399E-2 2.33053E-1 2.28959E-1 1.84444E-1 1.88656E-1 1.7756E-1 1.88786E-1 3.25237E-2 2.67263E-2 3.4865E-2 3.71291E-2 1.63593E-1 2.01799E-1 1.99471E-1 1.22109E-1 8.12126E-2 3.84737E-2 1.84446E-2 3.84936E-2 1.06311E-1 1.31436E-2 1.21509E-1 1.24828E-1 1.17518E-1 7.26036E-2 3.01914E-2 1.30989E-1 2.40348E-2 3.12784E-2 2.91643E-2 7.22375E-2 8.49023E-2 7.44635E-3
-9999 -9999 -9999 -9999 -9999 4.25306E-2 3.86606E-2 1.59499E-1 1.16904E-1 1.01443E-1 3.60288E-2 4.59528E-2 5.96451E-2 7.59977E-2 6.11995E-2 7.46537E-2 1.08017E-1 1.32628E-1 1.45952E-1 1.36052E-1 1.03222E-1 9.37851E-2 8.73824E-2 3.51874E-2 1.78766E-2 1.77565E-2 1.37566E-2 9.55107E-3 6.58267E-3 9.96698E-3 9.1863E-3 1.10457E-2 3.2236E-2 4.6125E-2 5.39288E-2 1.36161E-1 2.44213E-1 1.8514E-1 2.14533E-1 1.69077E-1 1.18438E-1 1.61045E-1 1.04009E-1 5.40136E-2 6.01813E-2 1.38279E-1 1.071E-1 8.81359E-2 3.95713E-2 4.87285E-2 5.49881E-2 1.22543E-2 7.66028E-3 7.73898E-3 4.2181E-2 2.75347E-2 2.02437E-2 1.39959E-1 1.05447E-1 8.14211E-2 8.68422E-2 7.62546E-2 2.61033E-2 1.12517E-2 6.50116E-2 1.30493E-1 7.15718E-2
-9999 -9999 -9999 -9999 -9999 -9999 6.91242E-2 1.00914E-1 8.07702E-2 1.82891E-1 1.87552E-1 1.72309E-1 1.32053E-1 7.7298E-2 5.52981E-2 1.56674E-1 1.14089E-1 1.47835E-1 1.30526E-1 1.53202E-1 1.81483E-1 1.47187E-1 5.68287E-2 1.21442E-2 1.1489E-2 9.79006E-3 1.01449E-2 4.53865E-3 7.25048E-3 5.98283E-2 8.38613E-2 8.10275E-2 1.87156E-1 2.17389E-1 2.1553E-1 2.25794E-1 1.47566E-1 1.10027E-1 1.97438E-1 2.0011E-1 1.41431E-1 6.8089E-2 7.75342E-2 1.09786E-1 1.02018E-1 7.96039E-2 4.58102E-2 1.10563E-1 8.29077E-2 1.05638E-1 7.323E-2 4.84701E-2 4.46721E-2 9.50182E-2 1.35409E-1 1.83115E-1 1.19917E-1 1.57051E-1 1.46635E-1 2.38118E-2 1.37331E-1 1.27256E-1 4.46066E-2 3.09519E-2 2.86644E-2 2.34322E-2 2.9543E-2
-9999 -9999 -9999 -9999 -9999 -9999 4.83461E-2 -9999 1.18316E-1 1.6332E-1 1.12717E-1 2.07685E-1 2.00917E-1 2.03557E-1 1.39138E-1 1.3002E-1 1.50038E-1 5.59324E-2 4.78128E-2 1.02976E-1 6.28657E-2 5.63752E-2 2.5555E-2 7.72723E-3 7.76728E-3 3.94879E-3 2.72674E-3 4.51712E-3 4.47617E-2 6.90012E-2 1.838E-1 1.77124E-1 2.21524E-1 2.39688E-1 2.44353E-1 2.30404E-1 1.06028E-1 8.18417E-2 1.51036E-1 8.66048E-2 4.86531E-2 1.8701E-1 1.17396E-1 1.84072E-1 1.77705E-1 1.79014E-1 1.06052E-1 1.45684E-1 2.00485E-1 4.19997E-2 5.25727E-2 6.10975E-2 4.39661E-2 1.4404E-2 1.49308E-1 1.41777E-1 1.43437E-1 1.30442E-1 3.67828E-2 4.10045E-3 1.93688E-2 8.66695E-2 4.23441E-2 3.76572E-2 5.75439E-2 7.30473E-2 4.92589E-2
-9999 -9999 -9999 -9999 -9999 -9999 -9999 4.00241E-2 5.79895E-2 1.14573E-1 1.55727E-1 1.81916E-1 1.86293E-1 2.03504E-1 1.97725E-1 1.67933E-1 1.02049E-1 1.47752E-1 1.32375E-1 1.47065E-1 2.5677E-2 1.16097E-2 5.25772E-3 7.08426E-3 3.91484E-3 4.8756E-3 1.6216E-3 4.27947E-3 9.69017E-3 2.55116E-2 4.32066E-2 9.8007E-2 1.84944E-1 2.0384E-1 1.27145E-1 1.01009E-1 7.25537E-2 1.47311E-1 9.3393E-2 7.78798E-2 7.11516E-2 1.75555E-1 1.98537E-1 1.9739E-1 1.96045E-1 2.10249E-1 1.97516E-1 2.10685E-1 1.98381E-1 9.26767E-2 8.18463E-2 1.5345E-1 6.58416E-2 1.67631E-1 1.50323E-1 1.51995E-1 1.37E-1 4.45392E-2 1.4462E-1 1.15432E-1 1.31096E-1 6.16906E-2 7.08131E-2 8.90303E-2 6.59068E-2 1.25096E-1 5.48319E-2
-9999 -9999 -9999 -9999 -9999 -9999 -9999 -9999 5.26596E-2 5.47248E-2 6.75955E-2 8.6555E-2 1.30342E-1 1.78155E-1 1.94496E-1 1.97789E-1 1.96873E-1 1.66757E-1 9.20635E-2 9.56689E-2 9.08413E-2 1.32478E-2 2.40149E-3 8.3115E-3 1.16892E-2 2.13133E-2 4.62579E-3 3.77718E-3 9.371E-3 2.54604E-2 3.29544E-2 1.39704E-1 2.3324E-1 2.38531E-1 2.31723E-1 1.95668E-1 1.80728E-1 9.63721E-2 6.3639E-2 1.35579E-1 1.72106E-1 2.47492E-1 2.4391E-1 2.44368E-1 2.06886E-1 2.02047E-1 2.14473E-1 1.19397E-1 2.08896E-1 1.67144E-1 1.56368E-1 5.01471E-2 1.09523E-2 1.25272E-1 1.12412E-1 1.87439E-1 1.7002E-1 1.54325E-1 8.35953E-2 8.03569E-2 1.36268E-1 5.78009E-2 8.61094E-2 1.24612E-1 1.1422E-1 3.02652E-2 8.32671E-2
-9999 -9999 -9999 -9999 -9999 -9999 -9999 -9999 -9999 4.05382E-2 5.39112E-2 5.08217E-2 5.39461E-2 1.14904E-1 1.94684E-1 1.67918E-1 1.90871E-1 7.65194E-2 6.16136E-2 1.43821E-1 4.93114E-2 2.68184E-2 8.5297E-3 1.46575E-2 2.10871E-2 2.36255E-2 8.24234E-3 1.02891E-2 2.39725E-2 3.74724E-2 7.47068E-2 2.61548E-1 2.37635E-1 2.71167E-1 2.33265E-1 2.09531E-1 1.48126E-1 6.83974E-2 1.5087E-1 1.25984E-1 1.696E-1 2.53518E-1 2.81199E-1 2.14835E-1 1.84153E-1 1.73376E-1 1.71152E-1 1.2625E-1 7.08887E-2 1.72786E-1 1.51902E-1 5.22046E-2 3.44819E-3 1.13038E-1 1.38307E-1 1.47433E-1 1.78578E-1 1.79915E-1 1.46573E-1 1.09951E-1 1.42401E-1 1.22196E-1 2.79251E-2 3.67037E-2 2.00544E-2 9.43092E-2 4.15834E-2
-9999 -9999 -9999 -9999 -9999 -9999 -9999 -9999 -9999 -9999 6.28389E-2 6.25333E-2 6.96531E-2 7.9193E-2 1.30152E-1 1.83384E-1 1.98397E-1 1.66405E-1 1.60588E-1 1.49031E-1 1.20254E-1 9.79808E-2 1.8327E-2 4.11054E-2 3.94183E-2 7.78506E-2 2.22737E-2 2.77205E-2 1.38247E-1 2.05095E-1 2.56951E-1 2.34111E-1 2.47543E-1 2.61544E-1 2.15394E-1 2.27658E-1 9.89854E-2 8.79021E-2 1.79645E-1 1.74603E-1 1.86075E-1 2.59695E-1 2.72729E-1 2.41662E-1 1.67755E-1 4.42474E-2 6.08404E-2 8.19578E-2 4.57653E-2 3.25105E-2 9.71501E-2 4.68736E-2 3.41846E-2 1.49354E-1 1.54171E-1 1.31237E-1 1.74034E-1 1.57879E-1 1.31769E-1 9.73483E-2 5.26984E-2 8.63923E-2 2.61075E-2 3.33352E-2 8.55698E-2 8.59315E-2 6.2839E-2
-9999 -9999 -9999 -9999 -9999 -9999 -9999 -9999 -9999 -9999 -9999 5.44743E-2 1.13798E-1 9.64602E-2 9.31499E-2 1.79292E-1 1.62195E-1 1.74459E-1 1.50996E-1 9.69492E-2 1.82808E-1 2.31474E-1 2.17021E-1 7.04763E-2 1.2847E-1 1.46841E-1 3.90832E-2 4.31986E-2 2.45046E-1 2.54124E-1 2.50353E-1 2.42508E-1 2.43039E-1 2.57071E-1 2.4436E-1 2.07522E-1 8.68573E-2 1.61215E-1 1.14133E-1 1.68478E-1 1.99063E-1 2.68363E-1 2.48948E-1 2.09811E-1 1.60253E-1 1.67041E-1 5.17301E-2 1.26555E-1 1.7259E-1 1.35193E-1 3.82058E-2 2.05059E-1 1.61095E-1 1.89151E-1 1.52044E-1 1.00305E-1 1.58117E-1 1.62058E-1 1.59556E-1 1.12319E-1 8.8517E-2 1.60785E-1 1.20505E-1 6.44122E-3 5.72804E-3 8.75643E-2 8.61429E-2
-9999 -9999 -9999 -9999 -9999 -9999 -9999 -9999 -9999 -9999 -9999 -9999 1.74112E-1 1.54433E-1 -9999 8.05532E-2 1.56939E-1 2.14913E-1 1.95559E-1 1.13735E-1 1.25462E-1 2.43017E-1 2.74309E-1 2.56569E-1 6.32281E-2 1.80201E-1 6.96683E-2 8.64941E-2 8.39661E-2 7.30624E-2 1.59116E-1 2.22873E-1 2.31909E-1 2.20948E-1 2.18371E-1 2.34956E-1 1.9575E-1 2.15467E-1 2.0103E-1 2.07936E-1 2.18102E-1 2.31739E-1 2.74654E-1 2.27496E-1 1.8757E-1 1.70073E-1 1.11663E-1 1.8928E-1 2.49012E-1 1.55699E-1 1.90648E-1 2.05337E-1 2.26312E-1 1.74418E-1 1.40956E-1 1.08891E-1 1.27862E-1 1.15181E-1 1.92504E-1 4.24238E-2 2.32603E-2 5.78225E-2 1.29097E-2 6.03462E-2 1.21431E-1 8.47884E-2 9.99091E-2
-9999 -9999 -9999 -9999 -9999 -9999 -9999 -9999 -9999 -9999 -9999 -9999 -9999 1.12931E-1 -9999 1.33084E-1 1.55032E-1 1.54603E-1 1.8626E-1 1.63966E-1 1.84267E-1 2.09061E-1 2.33818E-1 2.50587E-1 1.39129E-1 8.13157E-2 8.33081E-2 4.34636E-2 2.59241E-2 6.99349E-2 9.37198E-2 2.03304E-1 2.0436E-1 1.82343E-1 2.83406E-1 1.53818E-1 2.53219E-1 1.51204E-1 1.77179E-1 2.32062E-1 2.30545E-1 2.75772E-1 2.22358E-1 1.92866E-1 2.26263E-1 2.18174E-1 1.45695E-1 1.69959E-1 9.20883E-2 6.98953E-2 1.53112E-1 7.50513E-2 1.50058E-1 2.22082E-1 1.13118E-1 1.35806E-1 1.79158E-1 1.49805E-1 1.28363E-1 1.66415E-1 1.05156E-1 5.00558E-2 4.66516E-2 1.42898E-2 3.11991E-3 7.34904E-2 1.39272E-1
-9999 -9999 -9999 -9999 -9999 -9999 -9999 -9999 -9999 -9999 -9999 -9999 -9999 1.5491E-1 -9999 -9999 1.16245E-1 1.92222E-1 1.85578E-1 1.22904E-1 1.65637E-1 1.68164E-1 1.93754E-1 7.48862E-2 1.53437E-2 2.91723E-2 3.70631E-2 1.83313E-2 1.5148E-2 2.40519E-2 1.26914E-2 4.33693E-2 4.73648E-2 3.25114E-2 1.51894E-2 2.88659E-2 7.10559E-2 3.73018E-2 4.93489E-2 6.87809E-2 1.05702E-1 1.30937E-1 2.73859E-1 2.46977E-1 2.27767E-1 1.76836E-1 1.36186E-1 1.44767E-1 1.9635E-1 1.3294E-1 9.92345E-2 1.27183E-1 7.96236E-2 1.08142E-1 3.76771E-2 1.90538E-1 2.04418E-1 1.97443E-1 1.61976E-1 1.70425E-1 1.61277E-1 1.77681E-1 2.02199E-1 2.65329E-2 3.0951E-2 1.0092E-1 1.28697E-1
-9999 -9999 -9999 -9999 -9999 -9999 -9999 -9999 -9999 -9999 -9999 -9999 -9999 -9999 9.52987E-2 -9999 7.99381E-2 1.74673E-1 2.01871E-1 1.60431E-1 1.29341E-1 2.33643E-1 2.23728E-1 9.16577E-2 4.0378E-2 1.66185E-2 1.77975E-2 1.80865E-2 9.64689E-3 9.44869E-3 2.93299E-2 2.27623E-2 2.54587E-2 2.39432E-2 8.75443E-3 1.65814E-2 5.41563E-2 4.51866E-2 7.17323E-2 1.55562E-2 2.78788E-2 5.57346E-2 1.92032E-1 2.56367E-1 2.49555E-1 2.22422E-1 1.37266E-1 2.01331E-1 2.40564E-1 1.8264E-1 9.29155E-2 7.52925E-2 1.27124E-1 7.80205E-2 1.79901E-1 1.20801E-1 2.06184E-1 1.80878E-1 1.37252E-1 1.54201E-1 1.91313E-1 1.04932E-1 1.14145E-1 1.56296E-1 3.3507E-2 1.55073E-1 1.50747E-1
-9999 -9999 -9999 -9999 -9999 -9999 -9999 -9999 -9999 -9999 -9999 -9999 -9999 -9999 1.14433E-1 -9999 9.28815E-2 1.81513E-1 1.8908E-1 1.9793E-1 1.06879E-1 2.032E-1 2.105E-1 8.9158E-2 4.28265E-2 2.30067E-2 5.7847E-3 3.96485E-3 7.79419E-3 9.83229E-3 9.26969E-3 1.62703E-2 3.00101E-2 2.05541E-2 1.61239E-2 1.29174E-2 2.52438E-2 6.6279E-2 3.80073E-2 8.91404E-2 4.30111E-2 1.1462E-2 1.60725E-1 1.81277E-1 2.73347E-1 2.17608E-1 1.71208E-1 2.01138E-1 2.07102E-1 2.11375E-1 1.0227E-1 3.63117E-2 8.57579E-2 1.39539E-1 1.30018E-1 7.66015E-2 1.95797E-1 1.85375E-1 2.02359E-1 1.97766E-1 1.8993E-1 9.42638E-2 6.69792E-2 1.37302E-1 1.35937E-1 1.37852E-1 1.31336E-1
-9999 -9999 -9999 -9999 -9999 -9999 -9999 -9999 -9999 -9999 -9999 -9999 -9999 -9999 4.55029E-2 -9999 -9999 2.174E-1 2.39189E-1 1.39139E-1 9.88832E-2 1.53368E-1 2.41211E-1 1.44805E-1 7.54958E-2 5.17791E-2 3.20841E-2 8.22571E-3 6.74004E-3 1.04242E-2 1.18632E-2 1.36688E-2 2.01228E-2 2.38515E-2 2.70309E-2 3.38955E-2 5.38606E-2 4.38104E-2 9.34936E-2 1.38665E-1 5.64326E-2 8.24367E-2 3.79621E-2 2.45361E-1 2.72827E-1 2.73468E-1 2.15414E-1 1.64316E-1 2.22522E-1 1.81502E-1 1.53905E-1 1.48685E-1 1.2994E-1 1.53474E-1 1.73064E-1 2.1343E-1 2.35569E-1 1.59471E-1 1.57743E-1 1.54692E-1 1.15254E-1 1.49928E-1 1.35263E-1 1.17752E-1 1.50221E-1 1.75444E-1 1.34905E-1
-9999 -9999 -9999 -9999 -9999 -9999 -9999 -9999 -9999 -9999 -9999 -9999 -9999 -9999 -9999 -9999 -9999 1.56426E-1 2.08204E-1 2.06732E-1 1.80787E-1 9.63214E-2 2.15463E-1 2.04459E-1 1.5045E-1 2.03629E-1 2.18567E-1 2.06192E-1 1.39287E-1 1.96822E-2 1.69466E-2 1.24807E-2 3.01375E-2 1.61369E-2 1.38819E-2 4.47528E-2 5.30969E-2 6.36194E-2 1.46456E-1 1.3836E-1 1.38411E-1 1.48746E-1 2.22262E-1 1.87221E-1 2.45138E-1 2.0417E-1 2.25082E-1 1.43999E-1 1.47094E-1 1.00952E-1 9.67666E-2 1.62501E-1 1.28042E-1 8.93392E-2 1.74965E-1 2.26994E-1 1.88403E-1 1.86687E-1 1.16179E-1 1.37562E-1 1.42231E-1 1.90684E-1 1.85804E-1 9.19382E-2 1.17782E-1 1.89414E-1 1.45483E-1
-9999 -9999 -9999 -9999 -9999 -9999 -9999 -9999 -9999 -9999 -9999 -9999 -9999 -9999 -9999 -9999 -9999 -9999 1.07697E-1 2.2271E-1 2.14964E-1 1.72481E-1 1.77297E-1 2.48661E-1 2.37229E-1 1.69908E-1 2.2877E-1 2.39333E-1 1.35469E-1 5.75088E-2 3.43384E-2 3.10856E-2 1.21198E-1 1.14218E-1 4.01138E-2 1.31992E-1 6.08648E-2 8.94228E-2 6.35251E-2 1.39147E-1 2.30894E-1 1.97898E-1 2.0872E-1 2.1261E-1 1.93554E-1 2.18081E-1 1.92221E-1 1.07327E-1 9.30788E-2 9.9275E-2 2.10073E-1 1.7352E-1 1.61836E-1 2.05706E-1 1.23175E-1 1.5335E-1 2.24373E-1 1.46811E-1 1.17738E-1 1.36653E-1 1.7861E-1 2.08181E-1 2.05128E-1 1.54482E-1 1.75235E-1 1.58856E-1 1.3682E-1
-9999 -9999 -9999 -9999 -9999 -9999 -9999 -9999 -9999 -9999 -9999 -9999 -9999 -9999 -9999 -9999 -9999 -9999 5.49269E-2 1.39967E-1 1.79056E-1 2.21701E-1 1.13742E-1 1.55372E-1 2.04339E-1 1.93349E-1 1.54028E-1 1.78338E-1 2.22044E-1 2.32255E-1 2.34288E-1 2.5927E-1 1.63895E-1 1.74806E-1 1.41464E-1 1.47253E-1 1.47557E-1 1.50926E-1 1.97041E-1 2.0478E-1 2.1609E-1 2.07891E-1 1.85245E-1 1.96953E-1 1.96738E-1 2.1361E-1 2.0071E-1 1.65764E-1 1.52387E-1 2.02005E-1 2.35853E-1 1.91027E-1 1.72635E-1 1.90494E-1 2.05708E-1 1.98784E-1 1.86218E-1 1.72853E-1 1.46681E-1 1.38939E-1 2.08513E-1 2.15218E-1 2.26463E-1 1.50888E-1 1.85502E-1 1.58626E-1 1.31447E-1
-9999 -9999 -9999 -9999 -9999 -9999 -9999 -9999 -9999 -9999 -9999 -9999 -9999 -9999 -9999 -9999 -9999 -9999 7.39406E-2 1.08809E-1 1.67521E-1 2.24612E-1 1.56284E-1 1.04172E-1 1.39696E-1 1.69946E-1 1.72926E-1 1.68887E-1 2.01932E-1 2.20056E-1 2.08972E-1 2.67346E-1 2.11386E-1 2.19242E-1 1.94479E-1 2.03229E-1 1.74762E-1 2.2794E-1 1.7833E-1 2.1945E-1 1.97225E-1 1.60494E-1 1.56699E-1 1.29626E-1 1.24263E-1 2.38076E-1 2.3291E-1 1.9328E-1 1.40882E-1 2.07159E-1 2.0013E-1 2.49322E-1 2.03201E-1 2.28892E-1 2.12801E-1 2.38082E-1 2.06462E-1 2.18755E-1 1.63015E-1 1.67326E-1 2.43285E-1 2.14919E-1 1.82301E-1 1.32633E-1 1.56289E-1 1.59081E-1 1.27225E-1
-9999 -9999 -9999 -9999 -9999 -9999 -9999 -9999 -9999 -9999 -9999 -9999 -9999 -9999 -9999 -9999 -9999 -9999 6.5542E-2 1.43778E-1 1.02889E-1 2.22437E-1 1.95933E-1 1.3862E-1 1.66979E-1 1.41445E-1 8.08691E-2 1.14718E-1 2.09589E-1 2.07442E-1 1.8955E-1 2.6232E-1 2.19314E-1 1.8831E-1 1.94419E-1 1.31091E-1 1.38878E-1 1.58106E-1 1.6178E-1 2.15036E-1 2.1305E-1 1.8126E-1 1.32825E-1 1.1464E-1 1.20711E-1 1.53156E-1 2.22715E-1 1.97092E-1 1.36994E-1 8.98041E-2 5.62379E-2 8.86223E-2 9.79298E-2 1.30593E-1 2.44984E-1 2.35545E-1 2.1345E-1 2.207E-1 2.06144E-1 1.98037E-1 2.23063E-1 2.43801E-1 2.14027E-1 1.40673E-1 1.39294E-1 1.81599E-1 1.25791E-1
-9999 -9999 -9999 -9999 -9999 -9999 -9999 -9999 -9999 -9999 -9999 -9999 -9999 -9999 -9999 -9999 -9999 -9999 -9999 9.70378E-2 1.71689E-1 2.24858E-1 2.02561E-1 1.5418E-1 1.64155E-1 1.41891E-1 1.53906E-1 1.4212E-1 1.2278E-1 1.61383E-1 1.50771E-1 2.30609E-1 2.25813E-1 2.03862E-1 2.06547E-1 1.90548E-1 1.35141E-1 1.18042E-1 2.27633E-1 2.30343E-1 2.38819E-1 2.00151E-1 1.79639E-1 1.34477E-1 1.22834E-1 1.46228E-1 1.92422E-1 2.05079E-1 1.55816E-1 5.34071E-2 3.75787E-2 9.60751E-2 7.42959E-2 1.32999E-1 2.67979E-1 2.50332E-1 2.30155E-1 2.39823E-1 2.18925E-1 1.94318E-1 1.88389E-1 1.96626E-1 1.88927E-1 1.13053E-1 1.54821E-1 9.84464E-2 1.08276E-1
-9999 -9999 -9999 -9999 -9999 -9999 -9999 -9999 -9999 -9999 -9999 -9999 -9999 -9999 -9999 -9999 -9999 -9999 -9999 1.00994E-1 9.86114E-2 2.29472E-1 2.11183E-1 1.49056E-1 1.55383E-1 2.26192E-1 2.22998E-1 2.34608E-1 1.83247E-1 2.18367E-1 1.18614E-1 1.78408E-1 1.48058E-1 1.73074E-1 1.23194E-1 2.32587E-1 2.12247E-1 1.32358E-1 2.33216E-1 2.23013E-1 2.21122E-1 1.48232E-1 1.13883E-1 1.02322E-1 1.3834E-1 1.12884E-1 1.47107E-1 1.71772E-1 1.47302E-1 8.97628E-2 1.52247E-1 1.53267E-1 2.10208E-1 1.81488E-1 9.52378E-2 2.05205E-1 1.86432E-1 1.96589E-1 2.38825E-1 2.45764E-1 1.94368E-1 1.39091E-1 1.83453E-1 1.5158E-1 1.21461E-1 1.04204E-1 1.32111E-1
-9999 -9999 -9999 -9999 -9999 -9999 -9999 -9999 -9999 -9999 -9999 -9999 -9999 -9999 -9999 -9999 -9999 -9999 -9999 -9999 6.25009E-2 2.16911E-1 1.82534E-1 1.33308E-1 1.15754E-1 1.33294E-1 1.58458E-1 1.86723E-1 1.71825E-1 1.52487E-1 7.93835E-2 1.46182E-1 1.55786E-1 1.8375E-1 1.49606E-1 2.21699E-1 2.28204E-1 1.65193E-1 1.84744E-1 1.26594E-1 9.36057E-2 1.04875E-1 6.06524E-2 1.14136E-1 1.04382E-1 1.42307E-1 1.5517E-1 1.99048E-1 1.98951E-1 1.42392E-1 1.19274E-1 1.30359E-1 1.34779E-1 1.38076E-1 1.79337E-1 2.2393E-1 2.14144E-1 1.75689E-1 2.00298E-1 2.22067E-1 1.63077E-1 1.83013E-1 7.2686E-2 1.89722E-1 1.40206E-1 1.4769E-1 2.14793E-1
-9999 -9999 -9999 -9999 -9999 -9999 -9999 -9999 -9999 -9999 -9999 -9999 -9999 -9999 -9999 -9999 -9999 -9999 -9999 3.64857E-2 4.78389E-2 1.1495E-1 2.10634E-1 2.20797E-1 1.52676E-1 1.70955E-1 1.37626E-1 1.85397E-1 1.71312E-1 1.54331E-1 1.31774E-1 1.27211E-1 1.47942E-1 1.53755E-1 1.47546E-1 2.0339E-1 2.28036E-1 1.9229E-1 1.54072E-1 1.65595E-1 1.47202E-1 1.09728E-1 5.22821E-2 5.50661E-2 7.08059E-2 9.12826E-2 9.22508E-2 1.42033E-1 1.48354E-1 9.30213E-2 7.03659E-2 9.9235E-2 9.43309E-2 2.07386E-1 1.95268E-1 2.0704E-1 2.15E-1 3.10444E-2 2.14038E-1 2.24988E-1 2.07079E-1 1.30257E-1 1.73314E-1 2.44861E-1 2.09599E-1 2.17118E-1 2.14804E-1
-9999 -9999 -9999 -9999 -9999 -9999 -9999 -9999 -9999 -9999 -9999 -9999 -9999 -9999 -9999 -9999 -9999 -9999 -9999 -9999 8.68152E-2 6.32042E-2 2.11759E-1 1.78643E-1 1.27914E-1 1.18097E-1 1.6551E-1 1.39575E-1 1.421E-1 9.97306E-2 1.78602E-1 1.25373E-1 1.71463E-1 2.25155E-1 2.2985E-1 2.35154E-1 2.00961E-1 1.36881E-1 7.81786E-2 9.42206E-2 8.94594E-2 6.9158E-2 4.69569E-2 6.36537E-2 8.70066E-2 6.8539E-2 7.58249E-2 7.43077E-2 9.16127E-2 8.56833E-2 5.96187E-2 5.19474E-2 5.88927E-2 1.7938E-1 2.01959E-1 2.08636E-1 1.87299E-1 1.21726E-1 1.0128E-1 1.33222E-1 1.88766E-1 1.14739E-1 2.30024E-1 2.44209E-1 2.0141E-1 2.19549E-1 2.45448E-1
