ENM/Final_Models/M_0.9_F_q_Set_1_E/Gustavia_santanderiensis_Choco_median.asc
ncols         367
nrows         963
xllcorner     -78.6
yllcorner     0.65
cellsize      0.00833333333333323
NODATA_value  -9999
[rows 272 to 305 of 963, columns 228 to 303 of 367]
1E0 1E0 1E0 1E0 1E0 1E0 1E0 1E0 1E0 1E0 1E0 1E0 1E0 1E0 9.99758E-1 6.09885E-1 1.3138E-2 2.4542E-2 1.31184E-1 8.51004E-2 1.5398E-1 4.39839E-2 3.63238E-1 1E0 9.99569E-1 9.99991E-1 9.65255E-1 9.57045E-1 9.20085E-1 9.5001E-1 8.72897E-1 7.61078E-1 9.2617E-1 9.57327E-1 9.81991E-1 8.18523E-1 9.59684E-1 9.32682E-1 9.9227E-1 9.99382E-1 9.99241E-1 9.99966E-1 9.96813E-1 9.88881E-1 9.78425E-1 7.38504E-1 4.15212E-1 6.99157E-1 5.746E-1 6.79376E-1 8.31074E-3 8.92292E-3 3.75074E-2 1.79277E-2 3.08732E-2 5.22545E-2 3.67767E-2 3.48537E-2 2.15995E-2 9.99543E-3 4.65641E-3 6.4546E-3 1.0406E-3 6.76126E-4 2.89976E-4 1.43397E-4 5.83597E-4 5.05078E-5 1.53372E-6 -9999 -9999 -9999 -9999 -9999 -9999 -9999
1E0 1E0 1E0 1E0 1E0 1E0 1E0 1E0 1E0 1E0 1E0 1E0 1E0 1E0 1E0 6.06951E-1 1.20246E-2 2.55601E-2 1.96332E-1 7.44236E-2 6.22422E-2 6.31339E-2 1.3783E-1 9.93904E-1 9.99979E-1 1E0 9.98435E-1 8.69984E-1 8.91069E-1 9.9674E-1 9.33994E-1 8.04468E-1 8.88732E-1 9.83348E-1 9.99995E-1 9.82659E-1 9.51997E-1 9.95729E-1 9.75467E-1 9.9561E-1 9.96812E-1 9.99983E-1 9.99343E-1 9.85975E-1 9.93208E-1 7.35101E-1 6.93334E-1 4.34588E-1 2.36653E-1 2.88768E-1 5.94292E-3 4.14059E-3 1.9008E-2 3.68832E-2 5.54064E-2 2.2758E-2 1.09452E-2 5.35158E-3 1.01786E-2 1.44159E-2 8.40635E-3 6.98221E-3 1.34335E-3 4.99263E-4 2.35971E-4 3.01016E-4 3.14795E-4 3.46211E-4 1.8607E-5 -9999 -9999 -9999 -9999 -9999 -9999 -9999
1E0 1E0 1E0 1E0 1E0 1E0 1E0 1E0 1E0 1E0 1E0 1E0 1E0 1E0 1E0 6.66969E-1 7.69386E-2 1.8195E-2 1.70311E-1 2.75679E-1 9.41464E-2 2.49485E-1 1.58807E-1 7.05585E-1 1E0 9.99993E-1 9.99579E-1 9.12083E-1 9.70144E-1 9.81784E-1 8.37659E-1 8.2088E-1 9.52168E-1 9.96582E-1 9.99491E-1 9.99865E-1 9.94169E-1 9.96119E-1 9.71655E-1 9.94794E-1 9.92303E-1 9.77987E-1 9.99268E-1 9.94057E-1 9.95077E-1 8.58494E-1 4.7425E-1 3.51486E-1 2.71562E-1 2.48666E-1 3.96971E-3 5.16788E-4 9.12513E-3 2.77573E-2 6.23902E-2 6.13863E-2 2.36368E-2 5.67254E-3 3.70071E-3 5.62159E-3 1.87553E-3 1.6281E-3 1.99952E-3 1.33064E-3 3.29914E-4 1.14504E-3 1.62506E-3 5.447E-4 1.42155E-4 4.28116E-4 -9999 -9999 -9999 -9999 -9999 -9999
1E0 1E0 1E0 1E0 1E0 1E0 1E0 1E0 1E0 1E0 1E0 1E0 1E0 1E0 1E0 9.32015E-1 1.89482E-1 4.79148E-2 4.04826E-2 1.97509E-1 1.67322E-1 1.66719E-1 3.31573E-1 5.00581E-1 9.99191E-1 9.99709E-1 9.85322E-1 9.80048E-1 9.70147E-1 9.8635E-1 9.93693E-1 8.97313E-1 9.41306E-1 9.9998E-1 9.9438E-1 9.71254E-1 9.96623E-1 9.9485E-1 8.70581E-1 8.97574E-1 7.82653E-1 9.83452E-1 9.98408E-1 9.93469E-1 9.69585E-1 7.80191E-1 4.67138E-1 2.90538E-1 3.14656E-1 3.09263E-1 3.74042E-3 5.69265E-4 3.96787E-3 5.62562E-3 1.8563E-2 3.16115E-2 3.17077E-3 1.14816E-2 9.56975E-3 5.29446E-3 8.65646E-4 2.03256E-3 9.70977E-4 2.34824E-3 5.45454E-4 1.05239E-3 7.85106E-4 7.32714E-5 7.34401E-5 7.65079E-5 -9999 -9999 -9999 -9999 -9999 -9999
1E0 1E0 1E0 1E0 1E0 1E0 1E0 1E0 1E0 1E0 1E0 1E0 1E0 1E0 1E0 9.97786E-1 3.63769E-1 5.39527E-2 8.25061E-2 2.48595E-1 1.25501E-1 1.05239E-1 1.75857E-1 5.24393E-1 9.97747E-1 9.99374E-1 9.99994E-1 9.77673E-1 9.51694E-1 9.91382E-1 9.99982E-1 9.63392E-1 9.93753E-1 9.99958E-1 9.78252E-1 7.77966E-1 9.83831E-1 9.99904E-1 9.93836E-1 9.5638E-1 8.84955E-1 8.18329E-1 9.96264E-1 8.77429E-1 9.63433E-1 9.05376E-1 4.44016E-1 2.84895E-1 2.25386E-1 9.93806E-2 2.23664E-4 1.63701E-4 6.80616E-3 7.3965E-3 8.26064E-3 9.95387E-3 4.21313E-2 7.89084E-3 1.13384E-3 4.38531E-3 2.15824E-3 5.74743E-3 2.77112E-3 1.04823E-3 1.53643E-3 1.20705E-3 1.8942E-3 4.72086E-5 8.71518E-5 2.12093E-4 2.41502E-4 -9999 -9999 -9999 -9999 -9999
1E0 1E0 1E0 1E0 1E0 1E0 1E0 1E0 1E0 1E0 1E0 1E0 1E0 1E0 1E0 1E0 3.41514E-1 1.03323E-1 2.09926E-1 2.58404E-1 1.83552E-1 8.51177E-2 2.22937E-1 3.58452E-1 9.99992E-1 9.99439E-1 9.99996E-1 9.21862E-1 9.07422E-1 9.95171E-1 9.97202E-1 9.90511E-1 9.39124E-1 9.98538E-1 9.87548E-1 8.95292E-1 9.99464E-1 9.99786E-1 9.96035E-1 8.94968E-1 9.27515E-1 6.88911E-1 8.96659E-1 6.89402E-1 6.63354E-1 2.72234E-1 5.29181E-1 2.75057E-1 1.87437E-1 1.54123E-3 4.97027E-3 1.37893E-3 8.62776E-4 1.64252E-3 4.38074E-3 1.68492E-3 3.66329E-2 4.97153E-3 3.23722E-3 1.56487E-3 4.43173E-3 4.85028E-4 3.19175E-3 5.09435E-3 2.20435E-3 3.40935E-4 4.9959E-4 7.43492E-4 2.19535E-4 1.29052E-4 1.85075E-4 1.83925E-4 -9999 -9999 -9999 -9999
1E0 1E0 1E0 1E0 1E0 1E0 1E0 1E0 1E0 1E0 1E0 1E0 1E0 1E0 1E0 1E0 4.60983E-1 7.82033E-2 1.16136E-1 9.45231E-2 1.06384E-1 7.09765E-2 6.75128E-2 2.81006E-1 1E0 9.99991E-1 9.99861E-1 9.77537E-1 9.21888E-1 9.82521E-1 9.93505E-1 9.99933E-1 9.94935E-1 9.884E-1 9.68069E-1 9.36796E-1 9.99502E-1 1E0 9.96743E-1 8.6778E-1 8.42255E-1 7.90449E-1 9.22872E-1 8.78407E-1 9.19509E-1 4.31282E-1 1.66446E-1 1.14721E-1 1.43047E-1 2.86323E-3 2.07383E-3 2.67828E-3 3.80725E-3 9.08466E-4 2.34596E-3 7.38126E-4 1.18233E-2 1.46371E-2 4.60542E-3 2.74529E-3 4.25539E-3 1.04205E-3 3.00848E-3 1.87358E-3 1.95411E-3 1.6804E-3 1.06751E-3 1.19263E-3 1.92442E-4 4.99401E-4 1.39386E-4 2.11505E-4 1.12504E-4 -9999 -9999 -9999
1E0 1E0 1E0 1E0 1E0 1E0 1E0 1E0 1E0 1E0 1E0 1E0 1E0 1E0 1E0 1E0 9.47354E-1 4.25354E-1 3.4785E-1 7.29093E-2 4.97939E-2 4.60864E-2 2.16581E-2 2.3405E-1 9.89256E-1 9.99837E-1 9.99496E-1 9.91465E-1 8.92432E-1 8.8402E-1 9.98032E-1 9.97935E-1 9.89209E-1 9.97592E-1 9.31729E-1 9.95995E-1 9.9989E-1 1E0 9.91358E-1 8.1653E-1 4.92446E-1 6.24068E-1 7.32323E-1 8.95796E-1 6.70759E-1 5.36244E-1 5.57583E-2 3.01389E-2 1.06994E-1 1.56991E-2 7.89058E-3 3.60357E-4 2.95023E-3 2.14797E-3 3.65054E-4 2.80393E-4 3.65471E-3 8.75159E-3 7.65334E-3 4.69974E-3 2.7032E-3 1.29408E-3 7.63607E-4 2.13069E-3 1.07472E-3 1.29626E-3 9.97683E-4 1.00491E-3 1.80233E-4 3.22809E-4 3.54747E-4 6.03823E-4 1.00799E-4 6.73709E-5 -9999 -9999
1E0 1E0 1E0 1E0 1E0 1E0 1E0 1E0 1E0 1E0 1E0 1E0 1E0 1E0 1E0 1E0 1E0 9.96734E-1 2.07004E-1 7.12147E-2 1.0175E-1 8.40258E-2 1.00168E-1 2.94687E-1 9.99939E-1 9.99998E-1 9.99506E-1 9.95657E-1 9.86605E-1 9.94222E-1 9.96788E-1 9.91657E-1 9.8429E-1 9.99978E-1 9.67834E-1 9.83851E-1 9.98593E-1 9.99999E-1 9.99622E-1 9.31929E-1 9.09872E-1 7.67874E-1 6.60365E-1 7.76332E-1 3.16532E-1 4.38204E-1 3.35072E-1 1.71872E-1 5.50095E-2 6.72506E-3 1.00972E-3 2.36797E-4 1.27317E-3 5.02275E-4 2.01233E-3 3.64767E-3 1.77985E-2 1.45101E-2 9.70041E-3 4.51039E-4 9.66988E-4 7.94368E-4 6.68155E-4 4.90735E-4 1.82189E-4 2.84149E-3 1.09027E-3 1.11735E-3 5.21282E-4 1.08864E-3 2.2002E-4 5.40695E-5 3.30875E-4 4.60732E-4 -9999 -9999
1E0 1E0 1E0 1E0 1E0 1E0 1E0 1E0 1E0 1E0 1E0 1E0 1E0 1E0 1E0 1E0 1E0 9.99476E-1 6.66252E-2 1.59804E-2 6.95555E-2 1.11533E-1 2.18621E-1 8.40053E-1 1E0 1E0 9.6973E-1 9.96586E-1 9.48685E-1 9.70569E-1 9.78819E-1 8.82602E-1 9.95422E-1 9.99899E-1 9.98635E-1 9.99595E-1 9.99972E-1 1E0 9.99195E-1 9.9429E-1 9.32334E-1 9.74703E-1 6.34747E-1 6.24997E-1 3.10966E-1 2.82708E-2 2.84418E-1 1.67533E-1 1.06296E-1 2.15517E-2 3.43807E-3 1.28238E-3 2.39863E-4 1.31528E-3 1.48758E-3 1.43085E-2 1.60779E-2 7.48373E-3 3.01371E-3 8.97046E-4 6.05411E-4 7.21302E-5 5.21586E-4 6.54764E-5 1.92417E-4 1.79714E-4 2.77705E-3 1.33297E-3 5.10113E-4 6.05693E-4 6.51106E-4 1.80988E-4 2.97797E-4 1.97074E-4 3.69881E-4 -9999
1E0 1E0 1E0 1E0 1E0 1E0 1E0 1E0 1E0 1E0 1E0 1E0 1E0 1E0 1E0 1E0 1E0 5.09876E-1 8.43928E-2 3.59072E-2 2.80664E-2 7.20403E-2 2.11715E-1 9.98546E-1 1E0 1E0 9.99145E-1 9.6321E-1 9.30407E-1 8.61354E-1 8.20515E-1 7.07592E-1 8.37597E-1 9.86029E-1 9.7458E-1 9.27679E-1 9.79923E-1 9.99998E-1 9.98704E-1 9.65865E-1 9.6539E-1 9.92178E-1 9.13363E-1 8.27938E-1 8.08528E-1 8.14822E-1 2.68195E-1 2.43128E-1 1.37479E-1 3.2216E-3 3.51272E-4 2.60573E-3 1.14028E-3 1.2591E-3 2.70359E-3 1.21308E-3 2.29329E-3 1.64852E-3 1.0578E-3 2.00109E-3 4.37231E-4 1.24862E-4 1.85821E-4 1.46951E-4 1.63531E-4 2.8129E-4 7.09227E-4 6.98687E-4 5.37729E-4 2.83068E-4 6.25947E-5 3.4029E-4 1.35161E-4 9.95699E-5 -9999 -9999
1E0 1E0 1E0 1E0 1E0 1E0 1E0 1E0 1E0 1E0 1E0 1E0 1E0 1E0 1E0 1E0 1E0 8.38898E-1 4.4164E-2 2.06767E-1 1.01756E-1 9.39635E-2 2.45954E-1 9.99654E-1 1E0 1E0 9.99862E-1 8.80048E-1 6.52167E-1 7.98385E-1 9.27277E-1 9.75247E-1 9.13365E-1 9.99514E-1 9.73609E-1 7.036E-1 8.26842E-1 9.79882E-1 9.65993E-1 9.71158E-1 9.70721E-1 8.49824E-1 6.05392E-1 4.39129E-1 4.9894E-1 3.58961E-2 8.72168E-3 1.90737E-2 9.67049E-3 7.16522E-3 4.16747E-3 3.41091E-4 3.47963E-4 2.47339E-4 7.41243E-4 1.35739E-3 4.7219E-4 3.00924E-3 2.20177E-3 1.51041E-3 1.18638E-3 2.87633E-4 8.2862E-5 3.39408E-4 7.29823E-5 3.57616E-4 1.89431E-3 5.50249E-3 3.19952E-4 3.56604E-4 3.90405E-4 5.92211E-4 9.25899E-4 6.234E-4 -9999 -9999
1E0 1E0 1E0 1E0 1E0 1E0 1E0 1E0 1E0 1E0 1E0 1E0 1E0 1E0 1E0 1E0 1E0 7.03186E-1 4.50873E-2 1.06917E-1 1.03869E-1 1.36685E-1 2.07236E-1 9.99853E-1 1E0 1E0 1E0 9.31821E-1 8.98615E-1 9.41792E-1 8.62892E-1 8.06827E-1 9.50593E-1 9.91762E-1 9.99981E-1 9.98257E-1 9.91145E-1 5.8751E-1 9.50703E-1 9.86861E-1 6.94013E-1 5.57585E-1 4.3071E-1 2.78804E-1 2.73727E-1 4.95985E-2 1.2912E-2 1.308E-3 1.25571E-3 7.55087E-3 1.72704E-3 3.53299E-4 2.70955E-4 2.20514E-4 5.50804E-4 4.99411E-4 3.82717E-4 8.65937E-3 1.69332E-3 1.05118E-3 7.0411E-4 6.39212E-4 1.83041E-4 9.14331E-5 3.31959E-4 7.92776E-5 8.66203E-4 2.30071E-3 1.92454E-3 8.51135E-4 4.12545E-4 1.20016E-4 2.14816E-4 8.26527E-5 -9999 -9999
1E0 1E0 1E0 1E0 1E0 1E0 1E0 1E0 1E0 1E0 1E0 1E0 1E0 1E0 1E0 1E0 1E0 9.98945E-1 9.3775E-2 1.33219E-1 1.26584E-1 1.08513E-1 7.57435E-2 9.58152E-1 1E0 1E0 1E0 8.83865E-1 8.72863E-1 8.58009E-1 9.73006E-1 9.42804E-1 9.91021E-1 9.55941E-1 9.99998E-1 9.99997E-1 9.84658E-1 7.96404E-1 7.96044E-1 8.45688E-1 7.38783E-1 6.88447E-1 3.35541E-1 2.32543E-1 1.36612E-1 2.05759E-1 1.69105E-2 7.02458E-3 4.07215E-3 3.40866E-4 1.17635E-4 4.18141E-5 1.38516E-4 3.38677E-4 7.09525E-4 6.12633E-4 3.00798E-4 8.15919E-4 2.05529E-3 5.08632E-4 7.95487E-4 3.53715E-4 1.08813E-4 2.01472E-4 1.18835E-4 1.78791E-4 8.97636E-4 6.68006E-4 6.17325E-4 4.03236E-4 1.62037E-4 2.49423E-4 4.0655E-4 1.34424E-4 -9999 -9999
1E0 1E0 1E0 1E0 1E0 1E0 1E0 1E0 1E0 1E0 1E0 1E0 1E0 1E0 1E0 1E0 1E0 9.99898E-1 4.09065E-2 1.61698E-1 1.83413E-1 1.68383E-1 1.97883E-1 9.99448E-1 1E0 1E0 1E0 9.99126E-1 9.95257E-1 8.00246E-1 9.98993E-1 9.99928E-1 9.52983E-1 9.85161E-1 9.99999E-1 9.9525E-1 8.67368E-1 5.03505E-1 7.0899E-1 1.823E-1 8.3681E-2 4.34241E-1 5.16944E-1 1.65204E-2 3.85689E-1 1.88055E-1 1.66499E-1 4.7339E-4 4.55071E-3 3.24191E-4 1.70728E-4 3.33955E-5 8.40335E-5 4.21517E-4 9.65394E-4 7.30015E-4 3.3232E-4 6.99472E-4 9.17475E-4 8.19575E-4 7.08605E-4 1.61385E-4 1.73525E-4 4.50975E-5 1.04516E-4 2.82165E-4 6.90605E-4 7.20171E-4 5.01534E-4 4.04808E-4 1.01424E-4 1.02815E-4 2.53369E-4 3.56653E-4 4.04829E-4 -9999
1E0 1E0 1E0 1E0 1E0 1E0 1E0 1E0 1E0 1E0 1E0 1E0 1E0 1E0 1E0 1E0 1E0 1E0 1.16604E-1 5.42447E-2 1.93749E-1 2.6261E-1 6.4551E-1 9.99652E-1 1E0 1E0 9.99973E-1 1E0 9.9999E-1 9.97432E-1 9.17308E-1 9.8155E-1 9.94277E-1 9.99219E-1 1E0 9.67183E-1 9.99509E-1 8.56287E-1 5.63516E-1 2.32309E-1 4.92542E-1 5.20308E-1 4.53637E-1 6.98388E-2 5.19121E-2 1.4333E-1 1.29961E-1 1.7523E-2 2.88012E-3 1.54286E-3 1.54814E-3 6.73911E-4 1.15711E-4 4.1485E-4 1.09733E-3 6.39583E-4 2.7974E-4 2.26387E-4 3.08977E-4 1.93787E-4 1.56437E-4 1.34516E-4 2.99507E-4 4.00261E-4 2.19873E-4 6.904E-5 6.98185E-4 9.96456E-4 4.25062E-4 1.35238E-3 2.53635E-4 2.72355E-4 1.05254E-3 1.63944E-4 -9999 -9999
1E0 1E0 1E0 1E0 1E0 1E0 1E0 1E0 1E0 1E0 1E0 1E0 1E0 1E0 1E0 1E0 1E0 1E0 4.9541E-1 5.76579E-2 1.20416E-1 1.89694E-1 5.9912E-1 1E0 1E0 1E0 1E0 9.99928E-1 9.99621E-1 9.99757E-1 9.21735E-1 8.94978E-1 9.37917E-1 8.73415E-1 9.99598E-1 1E0 9.99999E-1 9.22184E-1 9.71964E-1 9.31195E-1 9.99513E-1 9.99799E-1 9.85748E-1 6.86362E-1 9.38633E-2 5.57775E-2 1.82131E-1 5.59511E-2 1.09751E-3 4.26006E-3 1.28218E-3 2.04402E-3 9.20156E-5 2.23144E-4 3.98273E-4 2.34901E-4 3.31703E-4 2.64155E-4 2.80254E-4 1.38809E-4 3.65249E-4 4.73644E-4 4.34419E-4 3.05783E-4 6.9276E-5 2.40609E-4 5.22439E-4 1.88753E-3 2.33947E-3 1.07993E-3 1.09203E-3 3.20607E-4 4.70805E-4 9.44166E-4 -9999 -9999
1E0 1E0 1E0 1E0 1E0 1E0 1E0 1E0 1E0 1E0 1E0 1E0 1E0 1E0 1E0 1E0 1E0 1E0 1E0 3.43354E-1 9.81224E-2 2.20339E-1 6.82023E-1 9.99981E-1 1E0 1E0 1E0 9.99268E-1 9.60418E-1 9.31302E-1 8.35992E-1 7.13074E-1 9.42741E-1 9.84429E-1 6.80467E-1 9.99971E-1 9.93388E-1 1E0 9.99721E-1 9.98347E-1 9.99957E-1 9.99991E-1 9.99E-1 9.66574E-1 6.53944E-1 4.12638E-1 2.64341E-1 7.31936E-3 7.20274E-3 1.43511E-3 1.38313E-3 2.8163E-3 8.93033E-4 3.27957E-4 6.48492E-5 1.51246E-4 2.01136E-4 3.07601E-4 5.56298E-4 2.11802E-4 4.92182E-4 7.96877E-4 2.23841E-4 1.39888E-4 8.18297E-5 5.644E-4 7.90181E-4 3.7858E-4 3.72254E-4 8.50176E-4 1.87498E-3 7.03506E-4 8.47889E-4 6.19694E-4 -9999 -9999
1E0 1E0 1E0 1E0 1E0 1E0 1E0 1E0 1E0 1E0 1E0 1E0 1E0 1E0 1E0 1E0 1E0 1E0 1E0 9.9967E-1 5.42691E-1 3.36156E-1 1E0 1E0 1E0 1E0 1E0 9.98923E-1 9.88562E-1 9.24801E-1 9.33827E-1 8.73648E-1 9.67831E-1 8.86056E-1 9.6848E-1 7.21073E-1 7.81138E-1 9.46681E-1 8.93369E-1 9.62857E-1 9.61344E-1 9.99997E-1 9.99881E-1 9.90964E-1 9.54522E-1 5.67824E-1 2.70929E-1 8.9414E-2 1.11611E-2 1.62603E-2 4.27431E-3 6.60805E-3 1.21976E-3 1.59498E-3 4.48578E-4 8.68678E-5 1.21837E-4 1.43839E-4 1.14414E-4 8.4805E-5 1.28376E-4 9.85482E-5 1.75549E-4 2.11914E-4 2.11547E-4 4.20545E-4 1.17598E-3 1.71003E-3 2.08639E-3 2.14391E-3 1.33036E-3 1.09713E-3 1.72716E-3 2.38698E-4 -9999 -9999
1E0 1E0 1E0 1E0 1E0 1E0 1E0 1E0 1E0 1E0 1E0 1E0 1E0 1E0 1E0 1E0 1E0 1E0 1E0 1E0 9.99985E-1 9.91225E-1 1E0 1E0 1E0 1E0 9.99998E-1 1E0 9.61839E-1 8.98553E-1 9.6149E-1 9.50322E-1 9.05466E-1 8.62808E-1 9.24202E-1 9.9642E-1 9.85813E-1 6.37899E-1 4.95248E-1 7.02051E-1 6.84233E-1 9.3141E-1 6.31329E-1 7.02774E-1 6.6813E-1 5.53464E-1 5.6582E-1 1.92128E-1 1.5588E-2 4.07521E-2 1.00962E-2 1.94191E-3 4.50888E-3 3.25103E-3 2.79141E-4 1.09702E-4 1.70439E-4 8.30878E-5 7.126E-5 2.2216E-4 2.84052E-4 4.01862E-4 2.101E-4 2.05932E-4 7.13358E-4 3.60306E-4 5.70027E-4 1.93394E-3 2.36505E-3 2.42766E-3 1.039E-3 6.4172E-4 4.59363E-4 7.17794E-4 4.08892E-4 -9999
1E0 1E0 1E0 1E0 1E0 1E0 1E0 1E0 1E0 1E0 1E0 1E0 1E0 1E0 1E0 1E0 1E0 1E0 1E0 1E0 9.99998E-1 1E0 1E0 1E0 1E0 1E0 1E0 9.94779E-1 9.32819E-1 9.61254E-1 9.62472E-1 9.84288E-1 5.52685E-1 8.23235E-1 7.87209E-1 9.91918E-1 9.99996E-1 9.49536E-1 6.00977E-1 6.9787E-1 7.94729E-1 4.45506E-1 5.81275E-1 2.56229E-1 4.86446E-1 5.01854E-1 6.2516E-1 4.64963E-1 5.62533E-2 4.85463E-2 2.33582E-3 9.63854E-4 5.22746E-4 3.85413E-3 3.2373E-4 9.93808E-5 1.12885E-4 7.35451E-5 8.48153E-6 8.62014E-5 3.9315E-4 3.62673E-4 1.53858E-4 1.95345E-4 3.02434E-4 4.96241E-4 9.54146E-4 2.0779E-3 1.56766E-3 1.28115E-3 3.78471E-3 5.41462E-4 3.72307E-4 5.45716E-5 1.59595E-4 3.66979E-4
1E0 1E0 1E0 1E0 1E0 1E0 1E0 1E0 1E0 1E0 1E0 1E0 1E0 1E0 1E0 1E0 1E0 1E0 1E0 1E0 9.9999E-1 1E0 1E0 1E0 1E0 1E0 1E0 9.97715E-1 7.81292E-1 9.12651E-1 9.30216E-1 7.87728E-1 3.45995E-1 7.93323E-1 8.06828E-1 9.84417E-1 9.9996E-1 9.33018E-1 7.07282E-1 6.87467E-1 5.91561E-1 3.5042E-1 1.6576E-1 3.18142E-1 2.12457E-1 1.27014E-1 6.3167E-1 7.74903E-1 3.26899E-1 5.86163E-3 1.33877E-2 3.05169E-4 1.42582E-4 1.01451E-4 1.00893E-4 2.53035E-5 2.32102E-5 2.40548E-5 4.88259E-5 5.35024E-4 7.9143E-4 3.79666E-4 1.10115E-3 2.08979E-4 1.9481E-4 6.99505E-4 1.12264E-3 8.02265E-4 1.79101E-4 9.49865E-4 4.47665E-3 5.2444E-4 2.19751E-4 1.52205E-4 1.57203E-4 3.2062E-4
1E0 1E0 1E0 1E0 1E0 1E0 1E0 1E0 1E0 1E0 1E0 1E0 1E0 1E0 1E0 1E0 1E0 1E0 1E0 1E0 1E0 1E0 1E0 1E0 1E0 1E0 9.99892E-1 9.33417E-1 9.6409E-1 8.80793E-1 6.73139E-1 7.63877E-1 5.95958E-1 8.89455E-1 9.76621E-1 9.99991E-1 9.96045E-1 8.7183E-1 9.70829E-1 9.84128E-1 9.88006E-1 9.88612E-1 4.08937E-1 1.70016E-1 2.34477E-1 6.34111E-1 9.45396E-1 7.6872E-1 3.42608E-1 1.58663E-1 1.34011E-3 2.80746E-3 6.89426E-4 1.57764E-4 4.28644E-5 7.59621E-5 6.18166E-5 1.43725E-4 8.95E-5 2.66507E-4 4.72629E-4 4.74119E-4 6.69662E-4 2.7864E-4 4.24073E-4 4.94943E-4 3.14352E-4 1.40867E-4 1.09197E-4 2.77942E-4 2.43997E-4 3.36609E-4 1.61509E-4 1.94187E-4 6.64939E-4 5.95417E-4
1E0 1E0 1E0 1E0 1E0 1E0 1E0 1E0 1E0 1E0 1E0 1E0 1E0 1E0 1E0 1E0 1E0 1E0 1E0 1E0 1E0 1E0 1E0 1E0 1E0 9.99939E-1 9.63154E-1 9.70426E-1 9.95513E-1 9.94488E-1 9.93968E-1 8.86576E-1 9.97566E-1 8.46899E-1 9.99131E-1 9.87074E-1 9.99549E-1 9.99999E-1 1E0 9.99831E-1 9.99819E-1 9.97063E-1 1E0 9.8452E-1 7.0437E-1 8.46458E-1 8.7106E-1 5.83914E-1 5.65279E-1 2.09072E-1 6.62996E-3 2.03715E-3 8.11736E-4 1.06815E-4 5.81504E-5 3.16627E-5 2.56177E-5 3.13637E-4 3.61874E-4 1.63329E-4 1.22599E-4 4.08903E-4 8.6209E-4 9.53702E-4 8.3784E-4 3.84709E-4 1.91349E-4 8.52912E-5 9.16214E-5 8.35081E-5 1.32459E-4 4.13499E-5 3.00231E-5 1.21913E-4 3.47755E-4 1.87488E-4
1E0 1E0 1E0 1E0 1E0 1E0 1E0 1E0 1E0 1E0 1E0 1E0 1E0 1E0 1E0 1E0 1E0 1E0 1E0 1E0 1E0 1E0 1E0 1E0 1E0 1E0 1E0 9.99998E-1 9.9996E-1 9.9817E-1 9.97482E-1 9.99953E-1 9.63673E-1 9.97862E-1 9.62513E-1 9.99948E-1 9.99942E-1 9.99967E-1 9.99996E-1 9.99938E-1 2.05155E-1 1.01976E-1 6.63657E-1 8.679E-1 2.41915E-1 1.9716E-1 2.04886E-1 1.15234E-1 3.54601E-1 2.28778E-3 1.10151E-3 6.50231E-4 9.28941E-5 2.56095E-5 2.49914E-5 5.38787E-5 5.96148E-5 2.63052E-4 2.74554E-4 5.86662E-4 9.60232E-4 1.64899E-4 9.45447E-5 5.34637E-4 9.53688E-4 6.29867E-4 5.20553E-4 4.32861E-4 9.10873E-5 7.92465E-5 8.15908E-5 5.29563E-5 4.53913E-5 1.39069E-4 3.38596E-4 4.90379E-4
1E0 1E0 1E0 1E0 1E0 1E0 1E0 1E0 1E0 1E0 1E0 1E0 1E0 1E0 1E0 1E0 1E0 1E0 1E0 1E0 1E0 1E0 1E0 1E0 1E0 1E0 1E0 1E0 9.99978E-1 5.04774E-1 5.16994E-1 8.98547E-1 9.26432E-1 9.99888E-1 9.99945E-1 9.99854E-1 9.9997E-1 9.99796E-1 9.99631E-1 9.95127E-1 8.63791E-1 4.72221E-1 7.73723E-1 8.01245E-1 3.79989E-1 2.10629E-1 1.18516E-1 9.57863E-2 1.28348E-1 9.19562E-3 6.06012E-3 3.42153E-4 4.55118E-4 7.18298E-5 7.4015E-5 4.16788E-4 5.46475E-5 4.52314E-5 1.44229E-4 1.68752E-4 5.90871E-4 8.66371E-5 7.88195E-5 6.95666E-4 4.82305E-4 1.29062E-3 1.0515E-3 5.23861E-4 2.36292E-4 7.08362E-4 7.40461E-4 9.23289E-4 4.17924E-4 2.47348E-4 3.5041E-4 1.77336E-4
1E0 1E0 1E0 1E0 1E0 1E0 1E0 1E0 1E0 1E0 1E0 1E0 1E0 1E0 1E0 1E0 1E0 1E0 1E0 1E0 1E0 1E0 1E0 1E0 1E0 1E0 9.68038E-1 4.71433E-1 9.44808E-1 5.22386E-1 3.5905E-1 4.37299E-1 8.70604E-1 9.91586E-1 1E0 9.9961E-1 9.92475E-1 8.59416E-1 9.99872E-1 9.17836E-1 9.80532E-1 9.29557E-1 8.04282E-1 6.16065E-1 5.8882E-1 4.99286E-1 1.69445E-1 2.2659E-1 2.16873E-3 1.47231E-2 2.09671E-3 2.10863E-3 5.16264E-4 4.06603E-4 1.50501E-4 1.79998E-3 2.59574E-4 2.36144E-4 3.65033E-4 3.41362E-4 5.63438E-4 2.83646E-4 2.1848E-4 1.6552E-4 6.48139E-4 1.55371E-3 7.12886E-4 6.77835E-4 2.03913E-4 1.16175E-3 3.98954E-4 3.18963E-4 1.40988E-4 6.52172E-4 8.07594E-4 1.27684E-4
1E0 1E0 1E0 1E0 1E0 1E0 1E0 1E0 1E0 1E0 1E0 1E0 1E0 1E0 1E0 1E0 1E0 1E0 1E0 1E0 1E0 1E0 1E0 1E0 1E0 1E0 7.80967E-1 2.70084E-1 7.61222E-1 5.25661E-1 3.04729E-1 2.36232E-1 7.81044E-1 9.93277E-1 9.99666E-1 9.99997E-1 9.99944E-1 9.99998E-1 9.99086E-1 9.73368E-1 9.99996E-1 9.96948E-1 9.90974E-1 9.01015E-1 5.89008E-1 2.08061E-1 2.17611E-1 1.50056E-1 4.91903E-2 1.80023E-2 4.52037E-3 1.0552E-3 5.01138E-4 8.19049E-5 3.18872E-4 1.13837E-3 3.86121E-4 4.21504E-4 1.44141E-4 4.52727E-4 2.01506E-4 4.3741E-4 2.08936E-4 2.71375E-4 1.77947E-3 1.48802E-3 1.43289E-3 7.95823E-4 5.54814E-4 9.60352E-4 6.32739E-4 3.23473E-4 4.037E-4 1.19388E-3 1.33745E-3 2.80514E-4
1E0 1E0 1E0 1E0 1E0 1E0 1E0 1E0 1E0 1E0 1E0 1E0 1E0 1E0 1E0 1E0 1E0 1E0 1E0 1E0 1E0 1E0 1E0 9.99999E-1 8.91549E-1 7.37858E-1 2.23269E-1 3.53349E-1 7.27215E-1 2.17938E-1 4.13675E-2 5.00881E-2 1.71328E-1 8.48689E-1 9.9562E-1 1E0 9.99998E-1 1E0 9.98086E-1 9.89635E-1 9.96151E-1 9.50254E-1 9.55096E-1 8.72875E-1 4.71423E-1 4.35911E-1 4.35902E-1 3.32848E-1 3.82601E-2 3.10075E-2 2.25636E-3 2.25512E-3 2.53973E-3 2.03035E-3 1.65865E-3 1.43441E-4 1.67219E-4 2.54713E-4 4.57661E-4 1.29662E-4 7.67915E-4 7.5761E-4 1.14894E-3 5.75136E-4 2.00779E-3 1.13816E-3 1.0739E-3 3.86061E-4 1.09153E-3 7.69567E-4 5.49529E-4 4.66012E-4 1.24829E-3 9.19044E-4 9.96186E-4 6.09497E-4
1E0 1E0 1E0 1E0 1E0 1E0 1E0 1E0 1E0 1E0 1E0 1E0 1E0 1E0 1E0 1E0 1E0 1E0 1E0 1E0 1E0 1E0 1E0 9.9994E-1 6.62198E-1 2.13485E-1 1.28305E-1 2.04692E-1 8.15112E-1 2.63249E-1 1.32751E-1 1.35714E-1 1.94644E-1 6.40503E-1 1E0 1E0 1E0 1E0 1E0 1E0 1E0 9.99912E-1 9.08077E-1 5.83889E-1 4.58093E-1 8.73481E-1 8.40157E-1 7.10642E-1 2.23984E-1 4.1937E-2 1.13917E-2 4.43793E-2 2.81307E-2 2.17775E-2 1.06732E-3 9.36483E-4 1.88774E-3 4.89744E-4 4.00269E-4 5.25399E-4 3.97234E-4 1.41152E-4 1.8304E-4 3.14904E-4 5.74144E-4 1.16636E-3 1.95868E-4 1.65454E-5 4.81012E-4 1.97927E-4 4.40029E-4 2.68564E-4 2.42848E-4 7.29086E-5 1.12446E-4 1.72871E-4
1E0 1E0 1E0 1E0 1E0 1E0 1E0 1E0 1E0 1E0 1E0 1E0 1E0 1E0 1E0 1E0 1E0 1E0 1E0 1E0 1E0 1E0 1E0 1E0 8.92426E-1 3.28047E-1 1.22887E-1 2.46365E-1 9.40953E-1 8.24949E-1 5.21855E-1 2.36621E-1 5.25659E-1 9.89167E-1 1E0 1E0 1E0 1E0 1E0 1E0 9.99532E-1 9.97681E-1 9.83194E-1 9.08854E-1 9.99773E-1 9.9999E-1 9.9921E-1 9.50014E-1 5.92598E-1 9.22912E-2 1.85808E-2 2.86661E-2 1.0468E-1 1.41033E-2 2.16504E-3 6.48233E-3 4.49786E-3 3.21427E-3 1.36156E-3 2.08402E-4 5.62595E-5 3.7601E-5 1.94726E-4 2.44093E-4 2.73426E-4 8.61554E-4 3.93865E-4 1.78952E-5 3.02689E-4 3.06848E-4 1.35211E-4 1.09068E-4 2.52185E-4 5.85725E-4 1.80777E-4 3.76294E-4
1E0 1E0 1E0 1E0 1E0 1E0 1E0 1E0 1E0 1E0 1E0 1E0 1E0 1E0 1E0 1E0 1E0 1E0 1E0 1E0 1E0 1E0 1E0 1E0 9.99737E-1 9.99979E-1 9.9011E-1 9.99991E-1 9.99866E-1 9.92573E-1 2.86304E-1 2.6809E-1 8.03549E-1 1E0 1E0 1E0 1E0 1E0 1E0 1E0 9.99185E-1 9.99998E-1 9.99991E-1 1E0 1E0 1E0 9.99998E-1 9.44093E-1 6.08313E-1 3.89844E-1 2.86562E-1 1.18705E-1 7.60714E-3 1.34776E-2 3.68507E-3 4.56574E-3 2.21252E-3 1.27773E-3 6.56156E-4 9.15976E-5 1.38999E-4 9.1911E-5 3.8101E-5 3.11387E-5 2.4113E-4 3.10591E-4 3.70069E-4 2.57988E-4 2.48308E-4 5.40114E-5 5.34355E-5 1.41928E-4 1.13034E-4 2.3396E-4 6.31794E-4 1.24019E-3
1E0 1E0 1E0 1E0 1E0 1E0 1E0 1E0 1E0 1E0 1E0 1E0 1E0 1E0 1E0 1E0 1E0 1E0 1E0 1E0 1E0 1E0 1E0 1E0 1E0 1E0 1E0 1E0 9.889E-1 9.24676E-1 3.93768E-1 9.51275E-1 9.9639E-1 1E0 1E0 1E0 1E0 1E0 1E0 1E0 1E0 1E0 1E0 1E0 1E0 9.99935E-1 9.84091E-1 5.73133E-1 9.54921E-1 7.12498E-1 6.70511E-1 1.55162E-1 2.7131E-2 7.99171E-3 2.2068E-3 1.46687E-2 8.30816E-3 1.76191E-3 1.7626E-3 4.72304E-4 1.54831E-4 1.95853E-4 4.28335E-4 5.88441E-4 9.87311E-4 3.38707E-4 2.27745E-4 3.61264E-4 2.87221E-4 3.95511E-4 3.19037E-4 1.55431E-4 2.51804E-4 2.34924E-4 3.61496E-5 1.31107E-4
1E0 1E0 1E0 1E0 1E0 1E0 1E0 1E0 1E0 1E0 1E0 1E0 1E0 1E0 1E0 1E0 1E0 1E0 1E0 1E0 1E0 1E0 1E0 1E0 1E0 1E0 1E0 1E0 9.99439E-1 9.99934E-1 1E0 1E0 1E0 1E0 1E0 1E0 1E0 1E0 1E0 1E0 1E0 1E0 1E0 1E0 1E0 9.99992E-1 9.93463E-1 9.52328E-1 9.99518E-1 9.53036E-1 5.33483E-1 5.35485E-1 1.56457E-2 1.08637E-2 7.31289E-3 2.89615E-2 1.28728E-2 4.72431E-3 5.00085E-3 5.46537E-4 2.17841E-4 1.11158E-4 3.66355E-4 6.43111E-4 1.62398E-3 5.52635E-4 1.84538E-4 6.38194E-4 3.41212E-4 3.36281E-4 3.1414E-4 8.44112E-5 3.12184E-5 4.30085E-4 7.69302E-4 2.92631E-4
