ENM/Final_Models/M_0.9_F_q_Set_1_E/Gustavia_santanderiensis_7_Choco.asc
ncols         367
nrows         963
xllcorner     -78.6
yllcorner     0.65
cellsize      0.00833333333333323
NODATA_value  -9999
[rows 816 to 849 of 963, columns 152 to 227 of 367]
3.94194E-5 5.79677E-4 1.20849E-3 1.01373E-3 1.02176E-3 -9999 -9999 -9999 -9999 -9999 -9999 -9999 -9999 -9999 -9999 -9999 -9999 -9999 -9999 -9999 -9999 -9999 -9999 -9999 -9999 -9999 -9999 -9999 -9999 -9999 -9999 -9999 -9999 -9999 -9999 -9999 -9999 -9999 1.02102E-5 1.98127E-5 1.41074E-5 5.89998E-6 2.93123E-6 1.96029E-6 3.05378E-7 6.69953E-7 1.57906E-6 7.23758E-7 9.46754E-7 3.7587E-7 1.52517E-6 2.71501E-5 3.3689E-5 2.82448E-6 2.62617E-6 8.6728E-7 2.72864E-7 1.26849E-7 2.82833E-7 2.19824E-7 2.75444E-7 9.68578E-8 3.69011E-7 2.28768E-6 8.71404E-7 2.52393E-6 1.93798E-6 1.81511E-6 -9999 -9999 -9999 -9999 -9999 -9999 -9999 -9999
5.06495E-5 2.12041E-3 -9999 -9999 -9999 -9999 -9999 -9999 -9999 -9999 -9999 -9999 -9999 -9999 -9999 -9999 -9999 -9999 -9999 -9999 -9999 -9999 -9999 -9999 -9999 -9999 -9999 -9999 -9999 -9999 -9999 -9999 -9999 -9999 -9999 -9999 2.22704E-4 1.70264E-5 1.09462E-4 4.16791E-5 1.18745E-5 9.51017E-6 5.6194E-6 8.36112E-7 1.60263E-7 1.47877E-7 9.22504E-7 4.19551E-7 1.29141E-7 9.41014E-7 2.71362E-7 2.58053E-6 1.01678E-5 3.61912E-6 2.4213E-6 7.0655E-7 3.2541E-8 2.7396E-8 1.85383E-7 1.07051E-6 2.11767E-6 1.35597E-6 4.42232E-7 6.57003E-7 2.11817E-6 8.27318E-7 1.94539E-6 -9999 -9999 -9999 -9999 -9999 -9999 -9999 -9999 -9999
4.13886E-5 1.04844E-3 -9999 -9999 -9999 -9999 -9999 -9999 -9999 -9999 -9999 -9999 -9999 -9999 -9999 -9999 -9999 1.72863E-4 2.5516E-4 1.50145E-4 -9999 -9999 -9999 -9999 -9999 -9999 -9999 -9999 -9999 -9999 -9999 -9999 -9999 -9999 -9999 -9999 -9999 -9999 1.06529E-4 1.2384E-5 6.40299E-6 2.68784E-6 1.58686E-6 3.42507E-7 3.35355E-7 2.25525E-7 1.17229E-7 1.10038E-7 3.23525E-7 9.10966E-7 1.22306E-6 2.91166E-7 8.54072E-6 1.16765E-5 4.73492E-6 3.47473E-6 3.23273E-7 6.923E-7 3.86622E-7 3.94011E-7 9.55029E-7 5.41989E-7 4.58281E-7 1.05189E-6 1.52174E-6 5.35433E-6 1.54554E-6 -9999 -9999 -9999 -9999 -9999 -9999 -9999 -9999 -9999
1.7864E-4 4.60704E-3 3.40885E-3 -9999 -9999 -9999 -9999 -9999 -9999 -9999 -9999 -9999 -9999 -9999 -9999 -9999 1.95399E-4 1.40769E-4 3.32059E-4 1.15794E-4 7.95713E-5 -9999 -9999 -9999 -9999 -9999 -9999 -9999 -9999 -9999 -9999 -9999 -9999 -9999 -9999 -9999 -9999 -9999 1.15123E-5 1.04252E-5 2.75083E-6 7.68886E-7 8.6916E-7 1.33911E-6 9.21435E-7 1.93127E-7 6.61731E-8 1.10746E-7 1.43252E-7 3.7137E-7 1.01912E-6 7.40104E-7 1.27153E-6 1.14743E-5 3.3355E-6 5.29928E-6 4.99275E-6 1.10264E-5 5.23599E-6 8.64057E-6 5.33618E-6 3.42086E-6 1.18585E-7 9.47547E-7 9.22104E-7 2.27883E-6 4.93027E-7 -9999 -9999 -9999 -9999 -9999 -9999 -9999 -9999 -9999
6.84579E-4 1.95913E-3 2.31455E-3 -9999 -9999 -9999 -9999 -9999 -9999 -9999 -9999 -9999 -9999 -9999 -9999 1.18288E-4 2.72869E-4 1.26164E-4 3.18254E-4 2.93806E-4 1.90147E-4 3.20291E-4 -9999 5.49232E-4 1.28161E-3 -9999 -9999 -9999 -9999 -9999 -9999 -9999 -9999 -9999 -9999 -9999 -9999 9.38971E-5 1.03033E-5 2.06324E-5 3.21393E-6 8.35373E-7 5.92133E-7 1.66895E-6 3.01887E-6 2.72993E-7 1.19458E-7 8.92594E-8 3.62894E-8 5.05897E-8 5.75042E-8 1.12727E-7 3.03311E-6 2.19916E-6 2.157E-6 6.17245E-6 4.01288E-6 6.98306E-7 3.41025E-6 1.79933E-6 4.94251E-7 2.34498E-6 3.8175E-6 3.47443E-6 5.75123E-7 6.29151E-7 2.89307E-6 -9999 -9999 -9999 -9999 -9999 -9999 -9999 -9999 -9999
6.83905E-4 6.29161E-3 8.08378E-3 -9999 -9999 -9999 -9999 -9999 -9999 -9999 -9999 -9999 -9999 -9999 -9999 -9999 1.75317E-4 1.47438E-4 4.00707E-4 2.07012E-4 1.81665E-4 1.87836E-4 1.58736E-4 3.26405E-4 1.81224E-3 -9999 -9999 -9999 -9999 -9999 -9999 -9999 -9999 -9999 7.31924E-4 1.1049E-3 7.57414E-4 1.86049E-4 1.87159E-5 1.40875E-5 9.73306E-6 2.77759E-6 3.00711E-6 2.35563E-6 9.77185E-7 3.6657E-7 1.12537E-7 1.57476E-7 1.63366E-7 1.37507E-6 5.129E-7 7.3146E-8 4.64081E-7 8.43067E-7 4.77206E-7 2.89712E-6 4.16398E-6 9.49663E-7 7.55619E-7 1.47158E-6 4.81822E-7 1.34615E-6 1.68302E-6 7.63252E-7 6.15806E-7 4.3479E-7 2.33814E-7 -9999 -9999 -9999 -9999 -9999 -9999 -9999 -9999 -9999
1.34381E-3 5.49092E-3 -9999 -9999 -9999 -9999 -9999 -9999 -9999 -9999 -9999 -9999 -9999 -9999 -9999 4.64114E-4 8.18193E-4 -9999 -9999 1.74761E-4 3.24163E-4 1.16426E-4 2.19795E-4 9.29027E-4 -9999 -9999 -9999 -9999 -9999 -9999 -9999 -9999 -9999 -9999 -9999 -9999 -9999 -9999 -9999 -9999 3.07609E-6 2.38463E-6 1.75458E-6 4.51537E-6 2.43245E-6 1.18969E-6 3.25935E-7 1.53997E-7 9.02073E-8 3.07572E-6 4.32291E-6 4.911E-8 1.83138E-7 2.49967E-7 1.20032E-7 2.14378E-7 1.58285E-6 1.07807E-6 3.59405E-7 1.23182E-6 8.41179E-7 4.37074E-7 8.71661E-7 3.4755E-7 5.43009E-8 1.2167E-7 3.47992E-7 -9999 -9999 -9999 -9999 -9999 -9999 -9999 -9999 -9999
1.19276E-3 7.34901E-3 -9999 -9999 -9999 -9999 -9999 -9999 -9999 -9999 -9999 -9999 -9999 -9999 -9999 -9999 -9999 -9999 -9999 1.5124E-4 1.56115E-4 9.50387E-5 4.05765E-4 1.15822E-3 -9999 -9999 -9999 -9999 -9999 -9999 -9999 -9999 -9999 -9999 -9999 -9999 -9999 -9999 -9999 -9999 -9999 8.05886E-6 5.54629E-6 9.96342E-6 1.59845E-6 3.48042E-7 2.54305E-7 2.58838E-7 1.53055E-6 1.7638E-6 6.78973E-7 2.00405E-7 3.4986E-7 6.55352E-7 2.80102E-7 4.82325E-7 2.17585E-7 7.84549E-7 3.02022E-7 5.82609E-7 1.44981E-6 7.53501E-7 1.07273E-6 2.54282E-7 1.18612E-6 1.4299E-6 3.12147E-6 2.50154E-6 -9999 -9999 -9999 -9999 -9999 -9999 -9999 -9999
1.8151E-3 5.01425E-3 -9999 -9999 -9999 -9999 -9999 -9999 -9999 -9999 -9999 -9999 -9999 -9999 -9999 -9999 -9999 -9999 -9999 1.26771E-4 1.17513E-4 1.12882E-4 5.20182E-4 2.4604E-3 -9999 -9999 -9999 -9999 -9999 -9999 -9999 -9999 6.19647E-4 1.3156E-3 1.44721E-3 -9999 -9999 -9999 1.09374E-5 1.26832E-5 6.14248E-5 7.16186E-5 5.75704E-5 5.52943E-6 3.64972E-6 1.39693E-6 4.79959E-7 9.68753E-8 3.45123E-7 2.5569E-7 3.01021E-8 2.67979E-7 5.95086E-7 1.63806E-6 1.11471E-6 4.6878E-7 4.2339E-7 4.10379E-7 5.81627E-7 1.02459E-7 4.18719E-7 3.37213E-7 4.31026E-7 2.6313E-7 5.5018E-7 6.98442E-6 5.70452E-6 3.79814E-6 -9999 -9999 -9999 -9999 -9999 -9999 -9999 -9999
3.127E-3 4.89925E-3 -9999 -9999 -9999 -9999 -9999 -9999 -9999 -9999 -9999 -9999 -9999 -9999 -9999 -9999 -9999 -9999 6.66953E-4 2.36355E-4 2.54619E-4 2.08176E-4 3.87424E-4 2.06916E-3 -9999 -9999 -9999 -9999 -9999 -9999 -9999 -9999 7.21448E-4 4.60118E-4 1.46279E-4 4.15769E-5 1.07908E-5 7.50891E-7 6.69612E-7 7.5283E-6 4.89881E-6 2.05779E-5 1.68972E-5 5.94385E-6 3.75454E-6 7.38897E-6 4.50964E-6 8.47954E-7 2.47098E-7 7.18747E-8 7.33426E-8 2.20567E-7 3.67998E-6 6.09313E-6 8.74635E-7 1.74991E-7 5.82463E-7 2.86167E-7 4.803E-7 3.57056E-7 1.42632E-7 2.02357E-7 4.12644E-7 2.02953E-6 1.07722E-6 7.52352E-7 2.42044E-6 4.46452E-6 -9999 -9999 -9999 -9999 -9999 -9999 -9999 -9999
3.39046E-4 6.32997E-3 -9999 -9999 -9999 -9999 -9999 -9999 -9999 -9999 -9999 -9999 -9999 -9999 -9999 -9999 -9999 4.22641E-4 3.06086E-4 1.89422E-4 2.43428E-4 3.84697E-4 3.2061E-4 7.86552E-4 -9999 -9999 -9999 -9999 -9999 -9999 -9999 -9999 1.21695E-4 6.26787E-5 2.56743E-5 2.30274E-5 6.04271E-6 3.15686E-6 8.97123E-7 3.86721E-6 7.6835E-7 1.71872E-6 5.85184E-6 2.50682E-6 2.20503E-6 8.99445E-7 4.24589E-7 8.44663E-7 7.15737E-7 8.57901E-7 2.19892E-7 1.36994E-7 1.05393E-6 4.35422E-6 1.38401E-6 5.37668E-7 5.89767E-7 6.30649E-7 4.78154E-7 2.62677E-7 3.77654E-7 2.94514E-7 3.80728E-7 3.03472E-6 3.54972E-6 4.26374E-6 7.51467E-6 9.18682E-6 -9999 -9999 -9999 -9999 -9999 -9999 -9999 -9999
1.2248E-3 6.92977E-3 -9999 -9999 -9999 -9999 -9999 -9999 -9999 -9999 -9999 -9999 -9999 -9999 -9999 -9999 -9999 -9999 -9999 1.84121E-4 2.98246E-4 1.70393E-4 3.08044E-4 9.51857E-4 -9999 -9999 -9999 -9999 -9999 -9999 -9999 -9999 8.86896E-5 2.25076E-5 8.79866E-6 4.57652E-6 1.25981E-6 6.89076E-7 6.48745E-7 5.9689E-6 1.3571E-6 8.87806E-7 3.15279E-6 1.75464E-6 1.8877E-6 5.23695E-6 2.55388E-7 2.51385E-7 2.31012E-7 5.24192E-7 6.48655E-7 1.15606E-6 1.1095E-7 4.01655E-6 3.16867E-6 1.614E-6 5.73447E-7 7.91417E-7 6.42907E-7 8.12077E-7 2.4029E-6 3.51469E-6 7.43959E-7 3.98947E-6 1.97281E-6 1.06289E-5 6.83447E-6 7.21768E-6 -9999 -9999 -9999 -9999 -9999 -9999 -9999 -9999
3.08558E-4 2.9683E-3 -9999 -9999 -9999 -9999 -9999 -9999 -9999 -9999 -9999 -9999 -9999 -9999 -9999 -9999 -9999 -9999 -9999 -9999 7.62788E-5 9.61492E-5 2.81883E-4 6.24617E-4 -9999 -9999 4.8279E-4 -9999 -9999 -9999 -9999 -9999 1.43472E-4 1.3073E-5 1.57059E-6 9.7622E-7 5.02627E-7 4.64259E-7 1.10753E-6 1.84151E-6 8.99775E-7 2.17734E-7 5.95638E-7 2.59579E-6 8.70876E-7 2.61311E-7 7.76424E-7 1.69799E-7 4.44306E-7 4.49814E-8 9.8484E-7 5.33151E-7 7.81006E-7 1.11071E-5 6.02544E-6 2.11956E-6 1.28924E-7 2.90738E-7 1.53214E-6 1.86594E-7 5.73768E-7 2.32946E-6 6.32311E-6 3.33591E-6 5.30354E-6 4.22111E-6 4.28974E-6 -9999 -9999 -9999 -9999 -9999 -9999 -9999 -9999 -9999
5.52232E-5 1.25779E-3 5.04558E-3 -9999 -9999 -9999 -9999 -9999 -9999 -9999 -9999 -9999 -9999 -9999 -9999 -9999 -9999 -9999 -9999 -9999 -9999 6.34586E-5 1.88445E-4 4.94952E-4 -9999 -9999 1.01256E-3 -9999 -9999 -9999 -9999 1.66407E-4 1.90386E-4 2.73743E-5 3.61059E-6 5.422E-7 2.28786E-7 4.936E-7 1.07114E-6 5.05342E-7 6.93447E-7 2.94827E-7 4.39885E-7 2.86952E-6 8.16365E-7 1.08046E-7 6.13121E-8 1.02321E-7 4.67644E-6 1.6847E-6 8.09831E-7 2.33087E-7 5.98308E-7 1.27823E-6 5.36697E-6 5.09981E-6 5.12281E-7 1.27303E-7 5.1088E-7 4.58696E-7 1.80399E-6 6.47765E-6 7.76821E-6 6.50926E-6 7.98591E-6 5.16584E-6 -9999 -9999 -9999 -9999 -9999 -9999 -9999 -9999 -9999 -9999
4.00012E-5 1.73288E-3 5.90295E-3 -9999 -9999 -9999 -9999 -9999 -9999 -9999 -9999 -9999 -9999 -9999 -9999 -9999 -9999 -9999 1.11572E-3 -9999 -9999 1.02452E-4 6.45729E-5 2.68073E-4 -9999 -9999 -9999 -9999 -9999 4.14235E-5 4.04613E-5 1.31425E-4 3.47731E-5 8.11386E-6 1.21701E-6 4.94911E-7 6.13819E-7 3.55664E-7 6.48193E-7 6.76971E-7 6.91523E-7 6.26028E-7 5.65396E-7 1.44925E-6 1.33985E-7 1.61265E-7 1.21199E-6 6.40688E-7 7.92838E-6 6.11865E-6 1.62843E-6 4.46348E-7 7.73918E-7 3.99189E-7 2.24082E-6 5.20185E-6 8.03139E-7 1.3072E-7 1.87101E-6 5.83795E-7 3.85609E-6 1.69173E-5 8.30162E-6 1.09907E-5 7.5045E-6 5.99602E-6 -9999 -9999 -9999 -9999 -9999 -9999 -9999 -9999 -9999 -9999
1.30895E-4 3.33307E-3 8.73837E-3 -9999 -9999 -9999 -9999 -9999 -9999 -9999 -9999 -9999 -9999 1.09638E-3 2.38067E-3 -9999 -9999 6.99723E-4 1.10833E-3 -9999 -9999 1.96069E-4 9.34204E-5 9.71351E-4 2.3037E-4 -9999 -9999 1.26408E-4 1.79809E-5 1.21772E-5 1.6714E-5 1.07674E-5 4.87544E-6 7.83257E-7 2.38889E-6 6.54577E-7 4.67698E-7 2.14366E-7 7.9949E-7 1.04282E-6 5.00083E-7 7.06655E-7 6.99207E-7 1.93358E-6 1.06247E-6 2.56422E-7 1.90038E-6 9.22223E-6 2.33181E-5 2.68189E-6 6.6909E-7 4.21108E-7 1.6681E-6 1.92777E-6 1.08818E-6 2.49094E-6 1.87782E-6 2.95653E-7 3.79252E-6 7.18913E-6 1.22061E-6 3.19534E-6 5.91787E-6 1.03948E-5 1.01529E-5 5.18323E-6 -9999 -9999 -9999 -9999 -9999 -9999 -9999 -9999 -9999 -9999
1.71557E-4 4.63955E-3 9.8881E-3 -9999 -9999 -9999 -9999 -9999 -9999 -9999 -9999 -9999 -9999 8.4296E-4 9.97103E-4 -9999 -9999 4.87361E-4 1.2818E-3 -9999 -9999 1.9104E-4 1.34298E-4 3.88327E-4 2.62078E-4 -9999 -9999 5.60292E-5 8.84023E-6 5.98642E-6 1.62741E-6 1.8633E-6 4.28762E-6 2.73803E-6 1.56175E-6 6.70327E-7 2.12948E-7 1.90092E-7 5.95226E-7 3.58329E-7 4.2143E-7 2.02094E-6 3.03872E-6 2.40974E-6 1.4794E-6 3.33393E-7 7.18292E-7 1.22003E-5 9.1717E-6 2.07687E-6 3.84902E-7 2.76243E-7 1.55296E-6 2.19335E-6 1.35093E-6 2.36454E-6 1.98453E-6 1.79568E-6 7.17931E-6 1.86761E-5 7.2104E-6 1.20549E-5 7.3515E-6 1.44972E-5 8.47798E-6 1.90739E-5 -9999 -9999 -9999 -9999 -9999 -9999 -9999 -9999 -9999 -9999
2.12982E-4 4.50257E-3 1.10101E-2 -9999 -9999 -9999 -9999 -9999 -9999 -9999 -9999 -9999 -9999 9.52588E-4 6.22889E-4 -9999 -9999 6.27366E-4 7.69847E-4 -9999 -9999 1.74223E-4 8.98968E-4 1.80368E-3 4.73797E-4 -9999 -9999 6.70751E-6 2.15092E-6 2.31271E-6 1.75408E-6 5.44011E-6 2.20052E-6 6.80506E-7 3.67616E-7 2.93942E-7 2.09785E-7 1.30018E-7 4.64277E-7 3.56779E-7 8.66862E-8 7.90351E-7 1.27879E-6 1.0389E-5 1.02608E-5 2.79734E-6 3.44618E-6 1.33126E-5 6.25084E-6 3.77882E-6 1.91381E-6 9.82485E-7 2.3709E-6 1.06293E-6 1.84202E-6 5.99319E-6 9.71739E-6 2.08417E-6 5.25565E-6 4.78167E-6 9.35207E-6 8.09547E-6 1.31242E-5 7.63005E-6 1.06533E-5 -9999 -9999 -9999 -9999 -9999 -9999 -9999 -9999 -9999 -9999 -9999
2.04093E-3 6.32721E-3 2.80271E-2 -9999 -9999 -9999 -9999 -9999 -9999 -9999 -9999 -9999 1.08732E-4 1.95185E-4 4.36319E-4 -9999 -9999 3.71941E-4 5.60402E-4 1.88788E-4 1.04668E-4 2.36733E-4 4.77837E-4 1.46552E-3 5.93968E-4 -9999 1.75615E-4 7.37533E-6 4.61473E-6 1.15673E-5 8.47856E-6 2.19613E-6 6.90798E-7 2.36746E-7 1.94961E-7 4.2199E-7 3.23947E-7 1.91716E-7 2.64126E-7 5.40594E-7 1.48284E-7 5.15874E-7 1.0635E-6 5.89681E-6 1.65945E-5 1.98045E-5 6.92951E-6 8.11629E-6 1.98916E-5 1.6226E-5 6.94041E-6 3.53341E-6 1.39784E-6 1.15427E-6 2.15254E-6 1.19673E-5 2.18072E-5 6.07694E-6 5.47824E-6 1.14244E-5 1.08868E-5 9.64275E-6 9.84625E-6 1.70053E-5 1.28751E-5 -9999 -9999 -9999 -9999 -9999 -9999 -9999 -9999 -9999 -9999 -9999
7.65165E-3 2.44442E-2 -9999 -9999 -9999 -9999 -9999 -9999 -9999 -9999 -9999 -9999 2.16425E-4 5.01569E-5 1.18819E-4 2.55106E-4 -9999 3.02493E-4 1.88393E-4 3.35852E-4 1.45987E-4 5.61937E-4 7.32732E-4 1.77896E-3 4.15037E-4 3.77904E-4 1.98691E-4 4.35468E-5 1.70974E-5 4.53416E-6 1.53049E-6 1.03883E-6 3.96462E-7 1.55988E-7 3.18376E-7 9.20226E-7 7.49662E-7 4.8049E-7 7.74785E-7 1.5672E-6 1.00629E-6 3.15744E-6 2.3398E-6 1.15663E-5 6.45397E-6 8.37711E-6 3.09531E-6 7.24645E-6 3.38847E-5 3.41015E-5 1.64578E-5 4.27459E-6 3.00578E-6 6.64385E-6 1.1949E-5 1.27888E-5 1.85846E-5 1.58692E-5 6.84547E-6 1.19482E-5 1.40519E-5 1.54371E-5 1.49495E-5 1.15457E-5 9.42147E-6 -9999 -9999 -9999 -9999 -9999 -9999 -9999 -9999 -9999 -9999 -9999
8.3588E-3 -9999 -9999 -9999 -9999 -9999 -9999 -9999 -9999 7.06575E-4 8.53658E-4 6.96424E-4 2.53899E-4 4.3373E-5 4.77869E-5 8.67302E-5 1.08216E-4 1.41026E-4 1.18338E-4 1.17938E-4 7.33934E-4 6.39422E-4 7.22118E-4 1.81806E-3 6.58417E-4 5.08983E-4 2.38128E-4 4.6587E-5 6.02971E-6 4.73653E-6 1.38239E-6 2.42149E-7 3.29221E-7 2.30348E-7 2.11191E-7 3.4629E-7 2.87333E-7 3.22961E-7 1.01035E-6 9.22644E-7 1.80014E-6 3.65952E-7 5.21486E-7 2.39675E-6 2.25442E-6 1.22844E-6 1.63124E-6 1.47601E-5 2.52185E-5 8.61466E-6 9.40638E-6 4.3242E-6 1.00628E-5 2.1262E-5 2.53667E-5 1.13442E-5 2.21722E-5 2.12124E-5 1.41845E-5 2.31245E-5 1.55801E-5 1.44001E-5 1.16918E-5 9.08956E-6 7.48562E-6 -9999 -9999 -9999 -9999 -9999 -9999 -9999 -9999 -9999 -9999 -9999
-9999 -9999 -9999 -9999 -9999 -9999 -9999 -9999 -9999 3.00144E-3 2.26704E-3 2.39312E-3 2.45392E-3 5.398E-4 -9999 8.59007E-5 1.1663E-4 2.24739E-4 1.99729E-4 5.07047E-4 2.8165E-4 4.87569E-4 6.32509E-4 1.48919E-3 8.85186E-4 3.22223E-4 2.94231E-5 2.00849E-5 4.3612E-6 4.46748E-6 6.23851E-6 6.03175E-7 3.21219E-7 2.23187E-7 4.2951E-7 3.17964E-7 6.18323E-7 1.81534E-7 3.46212E-7 8.67497E-7 4.17658E-7 2.70422E-7 9.9769E-7 1.24803E-6 3.11809E-7 7.36381E-7 2.15938E-6 1.06368E-5 5.07096E-6 5.48781E-6 1.07848E-5 1.26232E-5 1.4115E-5 3.0981E-5 2.45427E-5 2.17063E-5 2.28701E-5 1.66811E-5 1.49053E-5 1.64422E-5 8.62888E-6 6.00301E-6 8.55282E-6 6.56903E-6 5.43717E-6 -9999 -9999 -9999 -9999 -9999 -9999 -9999 -9999 -9999 -9999 -9999
-9999 -9999 -9999 -9999 -9999 -9999 -9999 -9999 -9999 -9999 3.058E-3 4.71946E-3 -9999 -9999 -9999 1.68089E-4 -9999 -9999 4.57768E-4 6.67013E-4 4.32229E-4 -9999 -9999 -9999 1.02417E-3 6.52936E-5 1.38347E-5 1.22736E-5 5.57167E-6 1.04038E-5 3.05405E-6 2.79742E-6 2.92756E-7 3.62234E-7 3.41572E-7 6.01644E-7 4.23489E-7 2.89335E-7 2.15594E-7 1.30231E-7 1.57573E-7 2.96444E-7 1.42745E-6 2.64244E-7 2.60693E-7 7.10786E-7 2.28716E-6 3.25348E-6 2.7968E-6 6.76487E-6 2.4642E-5 1.82409E-5 2.29742E-5 3.06964E-5 1.74997E-5 1.25308E-5 1.74048E-5 1.54091E-5 1.53794E-5 -9999 -9999 -9999 7.382E-6 1.00068E-5 5.1941E-6 -9999 -9999 -9999 -9999 -9999 -9999 -9999 -9999 -9999 -9999 -9999
-9999 -9999 -9999 -9999 -9999 -9999 -9999 -9999 -9999 -9999 -9999 -9999 -9999 -9999 -9999 -9999 -9999 -9999 -9999 -9999 -9999 -9999 -9999 -9999 3.57972E-4 2.08814E-4 3.58516E-5 8.12872E-5 5.04421E-5 2.00966E-5 6.07172E-6 8.96526E-6 1.52138E-6 7.11432E-6 3.08551E-6 2.60763E-6 3.8499E-7 2.48775E-7 2.18271E-7 1.29499E-7 2.20518E-7 1.12812E-7 1.95137E-7 2.29149E-7 6.72035E-7 3.35922E-7 4.67029E-7 1.61163E-6 2.33707E-6 1.11775E-5 3.00372E-5 1.78046E-5 2.85381E-5 2.64715E-5 1.46629E-5 7.474E-6 8.81513E-6 1.34835E-5 -9999 -9999 -9999 -9999 6.95059E-6 2.97051E-6 1.1096E-6 -9999 -9999 -9999 -9999 -9999 -9999 -9999 -9999 -9999 -9999 -9999
-9999 -9999 -9999 -9999 -9999 -9999 -9999 -9999 -9999 -9999 -9999 -9999 -9999 -9999 -9999 -9999 -9999 -9999 -9999 -9999 -9999 -9999 -9999 -9999 4.13219E-4 2.99989E-4 2.64976E-4 5.30302E-5 1.18563E-4 2.4955E-5 1.16641E-5 1.05273E-5 1.76596E-5 1.15023E-5 4.98156E-6 3.65621E-6 1.31904E-6 4.09804E-7 1.24519E-7 7.28302E-8 8.70952E-8 1.99008E-7 6.48808E-7 2.43229E-7 2.75761E-7 1.17146E-6 3.62071E-7 1.16924E-6 2.84768E-6 1.37943E-5 1.96399E-5 2.48115E-5 2.42023E-5 2.12151E-5 1.7719E-5 -9999 -9999 -9999 -9999 -9999 -9999 1.66401E-6 9.62041E-7 1.45365E-6 1.50727E-6 -9999 -9999 -9999 -9999 -9999 -9999 -9999 -9999 -9999 -9999 -9999
-9999 -9999 -9999 -9999 -9999 -9999 -9999 -9999 -9999 -9999 -9999 -9999 -9999 -9999 -9999 -9999 -9999 -9999 -9999 -9999 -9999 2.63383E-4 4.1605E-4 1.10425E-3 2.04248E-4 9.63752E-5 1.65254E-4 7.81582E-5 4.00435E-5 1.68983E-5 9.47698E-6 3.25313E-5 2.14438E-5 2.6988E-6 1.45309E-7 5.81093E-7 1.25456E-6 6.2145E-7 3.06357E-7 2.12782E-7 2.23396E-7 9.80003E-8 8.24072E-8 1.4842E-7 6.6228E-7 3.71001E-6 7.23612E-7 2.46858E-6 3.24067E-6 8.87122E-6 2.83178E-5 2.2012E-5 1.84179E-5 2.17253E-5 1.60784E-5 -9999 -9999 -9999 4.40736E-6 6.43649E-6 6.09122E-6 4.4415E-6 1.7497E-6 1.79274E-6 2.80274E-6 -9999 -9999 -9999 -9999 -9999 -9999 -9999 -9999 -9999 -9999 -9999
-9999 -9999 -9999 -9999 -9999 -9999 -9999 -9999 -9999 -9999 -9999 -9999 -9999 -9999 -9999 -9999 -9999 -9999 -9999 5.5337E-4 2.85153E-4 1.52984E-4 3.9479E-4 2.36723E-3 1.47478E-3 7.50883E-4 1.41899E-4 7.56084E-5 3.78123E-5 5.37849E-5 3.5595E-5 5.0589E-6 3.85762E-6 7.22126E-7 1.75539E-7 3.19288E-8 1.5886E-7 3.18668E-7 2.02709E-7 1.31358E-7 3.16677E-8 6.76328E-8 4.97309E-8 1.99359E-7 5.50585E-7 3.55006E-6 3.22793E-6 4.9894E-6 7.81003E-6 1.88564E-5 2.96632E-5 2.49972E-5 2.53558E-5 8.06041E-6 1.14803E-5 -9999 -9999 5.92182E-6 5.07704E-6 8.81404E-6 8.71497E-6 7.76863E-6 8.96765E-6 3.3576E-6 5.97425E-6 -9999 -9999 -9999 -9999 -9999 -9999 -9999 -9999 -9999 -9999 -9999
-9999 -9999 -9999 -9999 -9999 -9999 -9999 -9999 -9999 -9999 -9999 -9999 -9999 -9999 -9999 -9999 -9999 -9999 4.85663E-4 1.15432E-4 7.26499E-5 9.45098E-5 1.0293E-4 4.42113E-4 4.06748E-4 4.57972E-4 1.14721E-4 8.1985E-5 2.85901E-4 1.42319E-5 1.64265E-6 1.15032E-6 5.35941E-7 9.93525E-7 1.40327E-7 1.48739E-7 1.26551E-7 1.30271E-7 1.51907E-7 1.64442E-7 1.6907E-6 1.06548E-6 1.05268E-7 1.34013E-7 1.1756E-6 1.49395E-6 5.86966E-6 8.60144E-6 1.65508E-5 2.61383E-5 2.10534E-5 2.65792E-5 3.05371E-5 -9999 -9999 -9999 -9999 4.62941E-6 5.03676E-6 1.37537E-5 4.04267E-6 6.12305E-6 1.09353E-5 6.229E-6 3.66148E-6 -9999 -9999 -9999 -9999 -9999 -9999 -9999 -9999 -9999 -9999 -9999
-9999 -9999 -9999 -9999 -9999 -9999 -9999 -9999 -9999 -9999 -9999 -9999 -9999 -9999 -9999 -9999 -9999 2.80408E-4 3.47804E-5 3.13754E-5 4.20168E-5 8.47381E-5 2.90822E-5 1.69024E-4 1.78775E-4 1.05078E-4 7.17401E-4 5.28115E-4 9.96216E-5 1.41942E-6 5.13072E-7 8.79594E-7 5.95784E-7 2.59313E-7 3.65533E-7 2.30369E-7 2.12907E-7 1.43236E-7 1.40994E-7 1.31126E-6 2.52531E-6 4.20359E-7 1.38888E-7 3.06224E-7 7.77259E-7 2.45657E-6 2.17887E-6 5.38904E-6 2.2071E-5 1.26861E-5 9.62565E-6 2.3203E-5 2.80695E-5 -9999 -9999 -9999 -9999 2.85644E-6 4.16735E-6 3.69295E-6 3.0592E-7 7.41193E-7 2.809E-6 1.02116E-5 1.3011E-5 2.29189E-5 -9999 -9999 -9999 -9999 -9999 -9999 -9999 -9999 -9999 -9999
-9999 -9999 -9999 -9999 -9999 -9999 -9999 -9999 -9999 -9999 -9999 -9999 -9999 4.43981E-3 4.66875E-3 -9999 -9999 2.64464E-4 1.03391E-5 7.99475E-6 1.82571E-5 3.69155E-5 3.84303E-5 5.87844E-5 6.07678E-6 1.57253E-5 7.80787E-5 4.47872E-5 3.68061E-5 2.2289E-6 7.97283E-7 4.42321E-7 3.32148E-7 3.08667E-7 4.98211E-7 4.57472E-7 1.91613E-7 1.92873E-7 2.64316E-7 1.46002E-6 1.24114E-6 2.72761E-7 3.4011E-7 3.75741E-7 2.25643E-7 5.17145E-7 3.67032E-6 4.04037E-6 7.06721E-6 9.39707E-6 1.56107E-5 3.61413E-5 1.87006E-5 -9999 -9999 -9999 -9999 -9999 -9999 3.28327E-6 2.21903E-6 1.65059E-6 1.65646E-6 4.58112E-6 1.19761E-5 1.7153E-5 -9999 -9999 -9999 -9999 -9999 -9999 -9999 -9999 -9999 -9999
-9999 -9999 -9999 -9999 -9999 -9999 -9999 -9999 -9999 -9999 -9999 -9999 2.03705E-3 3.45667E-3 3.93393E-3 -9999 -9999 8.86601E-5 1.64689E-5 1.12588E-5 1.9648E-5 5.22191E-5 4.2076E-5 3.05506E-5 3.24801E-6 1.0548E-5 6.26883E-5 1.63419E-5 2.14732E-5 5.04768E-6 7.50155E-7 5.27206E-7 3.10526E-7 4.08663E-7 4.56649E-7 1.45286E-6 1.92386E-6 8.05686E-7 1.0879E-6 5.93357E-7 4.75664E-7 7.51332E-7 8.01914E-7 5.6265E-7 9.07409E-7 1.03936E-6 2.52175E-6 3.17842E-6 1.05548E-5 1.66673E-5 3.28827E-5 3.15195E-5 2.67507E-5 -9999 -9999 -9999 -9999 -9999 -9999 1.6265E-6 5.49707E-7 4.85054E-7 2.03372E-6 5.21825E-6 6.97934E-6 1.94286E-5 -9999 -9999 -9999 -9999 -9999 -9999 -9999 -9999 -9999 -9999
-9999 -9999 -9999 -9999 -9999 -9999 -9999 -9999 8.94766E-3 5.93251E-3 -9999 -9999 9.61521E-4 2.98245E-3 1.78319E-3 1.75095E-4 1.45231E-5 1.33658E-5 1.09431E-5 1.37933E-6 1.42606E-5 5.15422E-5 5.52812E-5 1.38153E-5 5.73752E-6 1.52867E-5 3.32068E-5 2.83291E-6 7.24356E-7 2.46478E-6 7.87354E-7 3.76188E-7 4.11443E-7 3.43676E-7 1.49799E-6 6.28538E-6 6.5972E-6 6.39768E-6 1.91632E-6 8.79733E-7 1.32405E-6 3.84682E-6 2.15418E-6 1.74231E-6 1.52972E-6 1.49027E-6 6.45512E-6 7.13467E-6 1.13281E-5 1.72384E-5 2.55584E-5 3.21164E-5 2.19698E-5 2.4604E-5 9.47437E-6 1.04221E-5 -9999 -9999 -9999 1.15254E-6 6.15152E-7 1.01493E-6 2.44623E-6 4.23363E-6 6.85478E-6 1.20851E-5 2.55477E-5 -9999 -9999 -9999 -9999 -9999 -9999 -9999 -9999 -9999
-9999 -9999 -9999 6.35498E-4 1.86739E-3 -9999 -9999 5.17462E-3 1.07278E-2 6.52631E-3 -9999 -9999 1.02961E-3 1.80207E-3 4.32685E-4 7.51585E-5 7.93005E-6 2.67247E-6 4.90277E-6 1.225E-6 2.88137E-6 9.39421E-6 4.00463E-6 3.86875E-6 1.49433E-6 1.90304E-5 9.55915E-6 8.77761E-7 5.90444E-7 9.7903E-7 2.54375E-6 7.58989E-7 7.18415E-7 8.42968E-7 8.52867E-6 2.93534E-5 1.44611E-5 4.30283E-6 1.1431E-6 1.31634E-6 1.00181E-6 1.13403E-6 2.36419E-6 1.27858E-6 2.2119E-6 1.35413E-6 3.40702E-6 4.532E-6 1.25097E-5 2.12805E-5 3.3849E-5 2.2863E-5 2.837E-5 2.56755E-5 1.74106E-5 1.35411E-5 1.13906E-5 -9999 -9999 1.82795E-6 2.75168E-7 2.45377E-7 4.54087E-7 2.23183E-6 4.37768E-6 7.84712E-6 2.81982E-5 -9999 -9999 -9999 -9999 -9999 -9999 -9999 -9999 -9999
-9999 -9999 -9999 2.52279E-4 5.66958E-4 1.70796E-4 1.36944E-3 3.27012E-3 8.21058E-3 3.93511E-3 -9999 8.74496E-4 6.94953E-4 1.60245E-4 4.98056E-5 3.64526E-6 1.99611E-6 1.73697E-6 3.04925E-6 1.49366E-6 8.36208E-7 2.03737E-6 1.38523E-6 1.51698E-6 9.09003E-7 6.04905E-6 9.35034E-6 1.70367E-6 4.80032E-7 1.12696E-6 1.18188E-6 3.5725E-7 7.12075E-7 1.09329E-6 5.26716E-6 7.11477E-6 5.28928E-6 1.69526E-6 1.01477E-6 1.1458E-6 1.77602E-6 1.07463E-6 3.45724E-6 6.11214E-6 4.26669E-6 1.55822E-6 3.08645E-6 3.65962E-6 9.16274E-6 1.74187E-5 2.11378E-5 1.368E-5 2.14672E-5 1.69042E-5 2.45861E-5 1.24448E-5 1.09481E-5 -9999 -9999 1.43478E-6 5.94052E-7 2.65237E-7 2.95982E-7 1.91711E-7 1.62212E-6 5.31268E-6 3.07293E-5 -9999 -9999 -9999 -9999 -9999 -9999 -9999 -9999 -9999
