ENM/Final_Models/M_0.9_F_q_Set_1_E/Gustavia_santanderiensis_5_Choco.asc
ncols         367
nrows         963
xllcorner     -78.6
yllcorner     0.65
cellsize      0.00833333333333323
NODATA_value  -9999
[rows 510 to 539 of 963, columns 201 to 267 of 367]
4.60127E-1 5.88759E-1 6.57093E-1 3.25826E-1 5.06315E-1 4.27882E-1 3.86819E-1 4.25459E-1 4.28759E-1 8.14766E-1 4.88995E-1 4.79051E-1 6.7952E-1 5.25561E-1 5.60293E-1 9.59317E-1 7.75189E-1 7.37744E-1 6.95332E-1 6.94658E-1 5.09301E-1 5.10572E-1 7.80531E-1 5.91829E-1 6.34752E-1 5.10062E-1 9.23899E-1 9.25869E-1 4.22491E-1 4.16459E-1 7.00204E-1 5.94667E-1 6.68496E-1 7.31254E-1 8.14825E-1 5.68513E-1 5.33339E-1 5.24878E-1 2.97435E-1 1.66423E-1 1.44561E-1 3.96247E-2 7.84081E-2 1.1293E-1 2.13353E-1 2.11542E-1 1.34394E-1 8.69433E-2 2.72385E-2 3.98776E-2 1.5482E-2 5.35848E-3 3.92467E-2 3.64745E-2 8.40219E-2 2.30453E-1 1.67776E-1 5.07942E-2 2.77554E-3 1.43127E-3 4.99933E-3 5.25194E-3 1.03842E-2 1.22648E-2 2.74957E-3 5.64574E-3 2.57072E-3
2.68022E-1 2.91022E-1 2.62252E-1 2.3474E-1 4.68347E-1 4.71241E-1 4.02173E-1 5.20971E-1 4.6026E-1 4.57275E-1 4.56497E-1 4.70076E-1 5.63646E-1 5.05592E-1 5.75404E-1 5.28876E-1 8.49623E-1 7.79109E-1 8.98467E-1 9.63347E-1 7.88798E-1 7.68735E-1 7.38463E-1 5.53328E-1 6.56184E-1 6.57592E-1 7.20071E-1 5.39839E-1 6.14698E-1 6.72947E-1 7.25607E-1 7.26511E-1 6.53537E-1 5.24767E-1 7.40761E-1 6.34586E-1 7.14212E-1 5.60338E-1 3.3587E-1 2.34479E-1 1.7195E-1 2.64427E-2 7.1162E-2 1.86988E-1 3.05522E-1 3.71248E-1 2.83778E-1 3.85497E-2 1.49654E-1 8.37414E-2 3.04258E-2 1.65208E-1 1.57272E-1 1.68072E-1 8.84305E-2 3.69918E-3 2.51602E-3 3.33858E-2 1.91926E-2 9.43466E-3 4.2913E-3 1.9311E-2 1.62463E-2 4.22E-3 1.55826E-3 1.39018E-3 1.0028E-3
2.65822E-1 2.17095E-1 2.95935E-1 2.56054E-1 2.60541E-1 3.86172E-1 2.265E-1 4.28536E-1 4.12598E-1 4.98028E-1 5.50633E-1 3.53696E-1 3.18097E-1 4.76588E-1 5.9311E-1 4.63656E-1 6.1116E-1 8.54636E-1 8.86383E-1 9.32484E-1 6.87334E-1 7.89781E-1 9.04737E-1 6.09986E-1 6.54878E-1 6.71811E-1 6.19104E-1 7.75438E-1 6.54963E-1 5.35761E-1 5.34692E-1 6.9813E-1 7.61805E-1 4.9567E-1 5.09233E-1 6.52185E-1 6.14076E-1 4.84788E-1 2.10243E-1 1.01505E-1 5.12618E-2 3.24102E-2 8.9076E-2 2.2253E-1 3.47407E-1 4.02756E-1 8.99082E-2 1.55556E-1 3.67265E-1 3.988E-1 6.67141E-2 2.20831E-2 2.54864E-2 3.36946E-2 3.65517E-3 1.45345E-3 8.778E-3 5.25958E-2 1.81871E-1 8.43985E-2 2.09453E-2 1.00806E-2 3.16714E-2 3.54275E-3 1.58573E-4 2.08002E-4 3.28711E-4
2.7E-1 2.15577E-1 3.20494E-1 2.62963E-1 5.55448E-1 5.03082E-1 4.59201E-1 3.15706E-1 2.61889E-1 3.92949E-1 4.61698E-1 3.7739E-1 3.63075E-1 4.24363E-1 4.42684E-1 5.02813E-1 4.78426E-1 5.69717E-1 6.34381E-1 8.2455E-1 7.33926E-1 7.24812E-1 7.25006E-1 7.62933E-1 6.38155E-1 6.68802E-1 7.80283E-1 8.25323E-1 8.37499E-1 7.50028E-1 6.78898E-1 7.67404E-1 6.57588E-1 4.48994E-1 4.13675E-1 6.46582E-1 6.76796E-1 5.13131E-1 2.47587E-1 1.26282E-1 9.24978E-2 9.79264E-2 2.14526E-1 6.09112E-1 6.94205E-1 3.78628E-1 2.25108E-1 2.4274E-1 1.50425E-1 5.06009E-3 1.88553E-2 3.90817E-3 1.10711E-2 2.91209E-2 2.88937E-2 8.58158E-3 4.14745E-2 7.16236E-3 2.98602E-2 3.74551E-2 1.08285E-2 5.63421E-3 3.38699E-3 1.11116E-3 6.59383E-4 9.8208E-5 1.30141E-4
2.75824E-1 2.61314E-1 2.36352E-1 2.48083E-1 2.44842E-1 5.64167E-1 2.33571E-1 2.53505E-1 4.11022E-1 3.95695E-1 4.97067E-1 3.80795E-1 4.71446E-1 4.69408E-1 6.31865E-1 4.85338E-1 4.63277E-1 5.31522E-1 4.7777E-1 7.37533E-1 5.50049E-1 7.57421E-1 7.46255E-1 8.04349E-1 7.39307E-1 6.46654E-1 7.48209E-1 8.40432E-1 8.07632E-1 8.36337E-1 5.67297E-1 6.43306E-1 6.05375E-1 5.13684E-1 6.41508E-1 5.77586E-1 4.09691E-1 6.43377E-1 3.98627E-1 1.23286E-1 1.39776E-1 1.82518E-1 3.07767E-1 1.33499E-1 3.25037E-1 3.87187E-1 3.67691E-1 3.07702E-1 9.12777E-2 4.00569E-3 3.58547E-2 2.08446E-2 7.13298E-2 9.56371E-2 4.14955E-2 5.08428E-2 1.52986E-1 1.27289E-2 6.43728E-3 6.92469E-3 2.97583E-3 1.51966E-3 6.32947E-4 8.43189E-4 8.26896E-4 7.83411E-5 3.00617E-4
3.49099E-1 3.00545E-1 3.86664E-1 3.25976E-1 5.54922E-1 5.00549E-1 3.82138E-1 3.2522E-1 2.73373E-1 3.05066E-1 3.14086E-1 4.38293E-1 3.98596E-1 4.18166E-1 4.57446E-1 5.81213E-1 4.7919E-1 6.12983E-1 6.29086E-1 6.34008E-1 6.29074E-1 5.42242E-1 6.28774E-1 5.96699E-1 7.9583E-1 7.29511E-1 7.58303E-1 6.50328E-1 6.78653E-1 7.51389E-1 5.40012E-1 5.17744E-1 7.00676E-1 6.53274E-1 6.6251E-1 5.69592E-1 6.43129E-1 6.13136E-1 4.4395E-1 4.42217E-1 5.2468E-1 4.2951E-1 6.49471E-2 3.97119E-2 6.70731E-2 7.26528E-2 2.39796E-1 2.03479E-1 2.43044E-2 1.16456E-2 1.18548E-1 4.32796E-2 1.27408E-2 8.69537E-2 1.07379E-1 2.29806E-2 2.58539E-2 1.9893E-2 5.45962E-3 2.08784E-3 2.9902E-4 3.12642E-4 1.02832E-4 9.53042E-5 2.91345E-4 2.60254E-4 5.13603E-4
5.52615E-1 4.06726E-1 4.32898E-1 3.45173E-1 3.90828E-1 4.20544E-1 3.11988E-1 2.72683E-1 2.4494E-1 4.03134E-1 3.03013E-1 4.31464E-1 3.60507E-1 3.37802E-1 5.65948E-1 5.55427E-1 5.31042E-1 4.85444E-1 6.46109E-1 7.11043E-1 7.41778E-1 5.48044E-1 6.02035E-1 8.82659E-1 6.54173E-1 6.86808E-1 7.82709E-1 5.9917E-1 5.69468E-1 6.47106E-1 6.48134E-1 6.57573E-1 6.79044E-1 7.00413E-1 7.10401E-1 4.54775E-1 4.88175E-1 5.94469E-1 6.04976E-1 7.63227E-1 6.66572E-1 3.2007E-1 3.1368E-1 6.55566E-2 1.33526E-1 4.13298E-1 1.70826E-1 1.93576E-1 1.40783E-1 1.26645E-1 2.2871E-1 4.87167E-2 4.7192E-3 9.80866E-3 5.37425E-3 5.65131E-3 3.60133E-3 3.27344E-3 4.34432E-4 1.85402E-4 6.17598E-4 5.68387E-4 2.43288E-4 4.98951E-4 2.36703E-4 2.87279E-4 4.56728E-4
4.25053E-1 4.07914E-1 3.83144E-1 3.26702E-1 2.28885E-1 3.86589E-1 4.32076E-1 3.04167E-1 2.94748E-1 3.17393E-1 2.77887E-1 4.16237E-1 3.3142E-1 3.5124E-1 3.1409E-1 4.2055E-1 5.4286E-1 4.63804E-1 6.32026E-1 4.76889E-1 5.22037E-1 6.50742E-1 6.40225E-1 8.76708E-1 8.15038E-1 8.88035E-1 7.85159E-1 6.07998E-1 6.36181E-1 5.67765E-1 5.85065E-1 6.48383E-1 5.77119E-1 6.12319E-1 5.15448E-1 4.75937E-1 4.2699E-1 6.59107E-1 5.91961E-1 6.13324E-1 5.19293E-1 4.52253E-1 3.3532E-1 1.94166E-1 8.85373E-2 1.14975E-1 1.5925E-1 2.74641E-1 3.60503E-1 2.59875E-1 8.60528E-2 2.08417E-2 1.22798E-2 3.04434E-2 3.98645E-2 3.17513E-2 2.56681E-2 6.34512E-3 4.55596E-4 4.09404E-4 2.03219E-3 1.69966E-3 1.99696E-4 7.6893E-4 3.99552E-4 8.84665E-4 2.11586E-3
3.55518E-1 4.30868E-1 5.07471E-1 4.02011E-1 2.45313E-1 4.03192E-1 4.49134E-1 3.36602E-1 3.92865E-1 3.64329E-1 2.76592E-1 3.82859E-1 4.03112E-1 3.93329E-1 4.94116E-1 5.41833E-1 3.9453E-1 5.52794E-1 4.42638E-1 5.24746E-1 5.48896E-1 6.48641E-1 6.33614E-1 6.73108E-1 6.83382E-1 6.38559E-1 7.56607E-1 7.18047E-1 6.93168E-1 7.64718E-1 7.07156E-1 6.70858E-1 5.97214E-1 6.82255E-1 6.55679E-1 5.15309E-1 4.29857E-1 6.07102E-1 4.69333E-1 3.56225E-1 2.26037E-1 1.60858E-1 9.65831E-2 1.09742E-1 3.05091E-2 1.67378E-2 3.68465E-2 9.01426E-2 1.61129E-1 2.13793E-1 2.33697E-1 9.88512E-2 1.75202E-3 6.04736E-3 1.55141E-2 3.3907E-2 8.63965E-3 1.86859E-3 1.50673E-3 2.03138E-3 2.76022E-3 1.62711E-3 2.3087E-4 7.0745E-3 3.37921E-3 4.35493E-4 9.67065E-4
5.3841E-1 5.63569E-1 3.81023E-1 2.98485E-1 4.34231E-1 4.07406E-1 5.17395E-1 3.47755E-1 3.52763E-1 3.32957E-1 4.48181E-1 3.36152E-1 4.77036E-1 6.10589E-1 4.4329E-1 4.44475E-1 4.02027E-1 4.97275E-1 6.29291E-1 6.13478E-1 8.93543E-1 4.6588E-1 5.47543E-1 4.86639E-1 5.68554E-1 6.2978E-1 7.14002E-1 7.64929E-1 7.2734E-1 6.91847E-1 7.49601E-1 7.07227E-1 4.37914E-1 6.9219E-1 8.22387E-1 5.97929E-1 3.76094E-1 2.76418E-1 3.98943E-1 4.5586E-1 2.41922E-1 1.38768E-1 1.25132E-2 7.58496E-3 7.14372E-3 2.05647E-3 8.23338E-3 1.36296E-2 3.36249E-2 1.39462E-1 2.0966E-1 1.47178E-1 2.60451E-2 2.16289E-2 1.92357E-2 2.05815E-2 2.11452E-3 1.64419E-3 4.96858E-3 4.85775E-3 3.01408E-3 9.69734E-4 5.46084E-3 3.98251E-3 2.17312E-3 3.1218E-3 2.79209E-3
4.20644E-1 4.27449E-1 2.66212E-1 2.82669E-1 3.16598E-1 3.09154E-1 4.66067E-1 4.14569E-1 2.83506E-1 2.74561E-1 3.64604E-1 3.61517E-1 4.26379E-1 4.13489E-1 3.68171E-1 4.14688E-1 4.51281E-1 4.79507E-1 7.45506E-1 6.66597E-1 7.08085E-1 5.60186E-1 6.56751E-1 5.70376E-1 7.00697E-1 6.62965E-1 5.83536E-1 5.55891E-1 5.79395E-1 7.65096E-1 6.95816E-1 7.1455E-1 6.35732E-1 6.66033E-1 6.16706E-1 5.78815E-1 3.78125E-1 3.86316E-1 2.82415E-1 2.62038E-1 1.54061E-1 1.28604E-1 9.92459E-3 2.8905E-3 1.55379E-3 1.44235E-3 2.27556E-3 8.42251E-3 3.94458E-2 1.05024E-1 2.63674E-1 1.06801E-1 1.01003E-1 7.58532E-2 1.89056E-2 2.29745E-2 9.68647E-3 7.76255E-3 5.26338E-3 1.08169E-3 2.71811E-3 4.93138E-3 5.42891E-3 3.02361E-4 4.27391E-4 7.59987E-4 6.99396E-4
3.70364E-1 4.20216E-1 3.62464E-1 4.06717E-1 3.72522E-1 4.35694E-1 4.65864E-1 5.17987E-1 1.96752E-1 2.10526E-1 4.35805E-1 3.96285E-1 3.44585E-1 3.87434E-1 5.04348E-1 5.22978E-1 6.97336E-1 3.803E-1 6.14366E-1 6.88499E-1 7.0596E-1 5.9687E-1 5.1386E-1 6.30906E-1 7.20955E-1 7.26828E-1 7.58596E-1 6.29082E-1 5.29373E-1 6.52089E-1 6.73823E-1 6.86642E-1 5.29242E-1 6.97544E-1 7.40267E-1 8.2901E-1 4.29155E-1 5.00607E-1 3.86467E-1 2.66043E-1 1.49031E-1 1.882E-1 7.52792E-2 2.25354E-2 3.80976E-3 6.5633E-3 2.15946E-3 3.81659E-3 1.21039E-2 1.05328E-1 1.00957E-1 9.53482E-2 2.59741E-2 2.24006E-2 5.13049E-2 2.4692E-2 3.10349E-2 3.00857E-3 1.12611E-3 1.56881E-3 1.79997E-3 2.38141E-3 4.24555E-4 1.49156E-4 4.14926E-4 3.41652E-4 1.55275E-3
3.8032E-1 2.89804E-1 4.33194E-1 4.09659E-1 3.65909E-1 3.48136E-1 6.15725E-1 5.96225E-1 4.09438E-1 4.55192E-1 4.20615E-1 5.725E-1 3.2816E-1 4.23916E-1 4.42311E-1 4.59646E-1 4.82486E-1 4.90111E-1 6.04196E-1 7.11935E-1 7.1471E-1 7.06335E-1 5.46561E-1 7.14724E-1 7.55024E-1 7.05038E-1 7.92463E-1 7.53146E-1 5.73105E-1 5.94753E-1 5.94291E-1 4.91524E-1 5.64038E-1 8.00476E-1 7.57451E-1 8.51255E-1 7.46148E-1 7.10819E-1 7.84561E-1 5.09354E-1 3.22086E-1 1.47861E-1 1.28044E-1 8.60223E-2 2.07936E-2 2.06864E-2 9.2311E-3 5.77206E-3 3.17475E-2 5.99671E-2 1.87658E-2 4.75256E-2 1.87232E-2 7.98228E-3 2.11114E-2 2.06185E-3 2.7629E-3 5.03435E-4 3.28591E-3 3.48363E-3 1.7071E-3 8.33455E-4 6.96741E-4 3.03417E-4 2.58763E-5 1.21885E-3 8.90506E-4
4.23663E-1 3.1626E-1 4.23924E-1 4.72891E-1 4.67736E-1 3.5346E-1 3.64537E-1 4.88207E-1 5.32645E-1 4.42879E-1 3.08963E-1 5.58931E-1 3.80909E-1 3.77551E-1 4.00034E-1 8.11564E-1 5.03385E-1 3.9751E-1 4.57004E-1 5.61991E-1 5.02332E-1 4.64747E-1 6.60778E-1 6.01165E-1 5.2696E-1 8.53811E-1 7.14982E-1 6.88917E-1 6.61813E-1 6.43148E-1 5.22679E-1 7.6796E-1 4.44037E-1 4.7458E-1 4.73663E-1 4.47705E-1 5.29332E-1 4.47938E-1 3.67188E-1 3.87887E-1 3.03285E-1 1.21146E-1 2.13116E-1 1.22294E-1 6.72865E-2 4.59376E-2 1.29247E-2 1.2061E-2 1.17702E-2 2.9734E-2 2.05078E-2 1.9582E-2 4.89931E-3 1.55442E-3 5.3001E-3 3.20839E-3 5.12693E-4 4.89755E-4 1.01526E-3 4.35773E-4 3.38466E-4 1.33149E-4 5.54101E-5 1.81411E-4 4.60371E-5 1.03384E-3 1.23077E-3
3.99342E-1 3.14892E-1 3.53918E-1 4.02985E-1 2.78715E-1 3.73806E-1 3.20498E-1 3.28581E-1 3.63633E-1 2.72103E-1 3.29704E-1 3.21574E-1 4.29779E-1 2.99485E-1 3.98102E-1 4.52527E-1 4.46455E-1 4.39244E-1 4.04536E-1 4.10451E-1 5.86066E-1 6.42481E-1 9.30692E-1 9.2278E-1 6.4449E-1 7.22949E-1 5.28078E-1 6.52367E-1 6.03894E-1 5.76452E-1 4.00779E-1 3.55526E-1 4.95394E-1 4.36155E-1 4.40644E-1 6.06268E-1 7.50454E-1 4.64921E-1 3.5079E-1 2.78735E-1 2.26527E-1 2.47896E-1 2.33383E-1 1.1305E-1 8.14939E-2 1.83947E-2 2.03699E-2 8.31625E-3 3.14713E-2 3.53413E-2 4.83511E-3 4.09955E-3 1.19355E-3 1.20118E-3 8.03382E-4 1.20038E-3 1.69117E-3 5.5216E-4 3.34152E-4 5.3198E-4 3.3402E-4 3.81836E-5 2.03973E-5 7.30857E-5 2.23144E-4 9.89443E-5 1.70016E-4
3.86353E-1 3.54904E-1 3.6398E-1 3.6289E-1 4.01677E-1 3.42099E-1 4.21157E-1 4.26102E-1 4.02387E-1 2.66734E-1 2.85441E-1 5.24011E-1 4.70639E-1 3.79736E-1 4.0275E-1 4.38851E-1 4.09129E-1 4.70995E-1 6.1201E-1 7.36416E-1 5.55841E-1 6.23725E-1 6.86511E-1 6.78271E-1 6.02561E-1 5.69003E-1 5.75393E-1 7.44749E-1 5.13433E-1 4.95789E-1 3.85885E-1 5.68431E-1 5.73936E-1 6.43452E-1 5.63282E-1 6.22976E-1 7.37919E-1 4.09484E-1 5.61406E-1 4.37776E-1 2.82413E-1 1.87518E-1 3.43128E-1 1.57323E-1 6.72991E-2 4.98797E-2 1.41279E-3 2.72215E-3 4.85801E-3 5.15064E-3 6.41258E-3 2.91117E-3 9.97473E-4 8.06602E-4 1.07359E-3 8.22721E-4 8.47506E-4 6.3898E-4 1.1153E-4 3.67258E-4 5.83006E-4 1.34871E-5 8.68207E-6 8.95241E-5 3.83886E-4 2.52269E-4 2.82258E-4
3.73227E-1 4.92582E-1 3.81696E-1 3.42953E-1 2.45859E-1 2.79091E-1 3.54227E-1 5.63568E-1 3.32973E-1 2.01877E-1 2.48348E-1 6.39105E-1 4.41264E-1 3.71223E-1 3.68017E-1 3.70961E-1 3.61743E-1 4.23707E-1 3.87732E-1 6.92811E-1 7.7418E-1 5.3361E-1 6.59715E-1 6.86061E-1 5.52099E-1 5.44531E-1 5.51319E-1 5.44889E-1 5.35798E-1 6.21025E-1 7.03962E-1 6.4791E-1 6.52409E-1 7.71304E-1 6.89515E-1 6.64195E-1 5.28029E-1 3.7842E-1 4.25238E-1 5.25445E-1 2.08474E-1 1.50985E-1 2.94498E-1 2.03573E-1 1.81131E-1 8.22726E-2 2.90869E-3 1.96681E-3 5.74749E-4 3.70865E-3 9.01188E-3 8.92611E-4 5.59524E-4 2.37871E-4 1.70986E-4 1.07668E-4 5.05132E-4 2.40118E-4 1.32333E-4 2.60178E-4 2.951E-4 7.62232E-6 9.27764E-6 1.75865E-4 8.45701E-4 1.04354E-4 1.17628E-4
4.04963E-1 4.53231E-1 4.17391E-1 4.16708E-1 4.63195E-1 3.82489E-1 4.14414E-1 5.66315E-1 3.03809E-1 4.46175E-1 3.20762E-1 4.12545E-1 3.2765E-1 3.8254E-1 4.26656E-1 4.97038E-1 4.50864E-1 3.99383E-1 5.25255E-1 7.00386E-1 6.3676E-1 9.07669E-1 7.34293E-1 6.64667E-1 5.8119E-1 5.33592E-1 5.8976E-1 4.83515E-1 5.12372E-1 5.43091E-1 5.1871E-1 4.91036E-1 5.21663E-1 7.72339E-1 6.11542E-1 7.11852E-1 6.32113E-1 3.20426E-1 2.78815E-1 3.15494E-1 2.46512E-1 1.75528E-1 1.65125E-1 4.10224E-2 1.76041E-2 3.04606E-2 5.22457E-3 2.31895E-3 9.29859E-5 2.40793E-3 1.03919E-3 7.02752E-4 7.27255E-4 7.93531E-4 2.2276E-4 5.706E-5 4.52615E-5 2.55582E-5 5.57071E-5 7.09852E-6 3.4356E-6 1.4823E-5 6.25392E-5 2.27551E-4 5.04234E-4 6.25428E-5 6.15917E-5
4.66847E-1 3.67824E-1 4.19211E-1 3.88756E-1 3.67543E-1 4.35974E-1 4.02813E-1 4.88111E-1 2.80537E-1 6.25412E-1 4.74878E-1 3.44585E-1 3.38459E-1 3.25764E-1 5.46048E-1 4.6671E-1 4.99682E-1 2.98726E-1 4.24367E-1 5.87773E-1 5.73348E-1 6.06382E-1 4.57843E-1 5.10218E-1 4.142E-1 6.24585E-1 5.58816E-1 5.03691E-1 5.50416E-1 5.05288E-1 5.09522E-1 2.97274E-1 4.00624E-1 5.65043E-1 5.87825E-1 5.95026E-1 6.08496E-1 3.98804E-1 3.02977E-1 2.66303E-1 1.97384E-1 2.23333E-1 1.64485E-1 1.2602E-1 7.31298E-2 5.58731E-2 2.55257E-2 2.6901E-3 1.30592E-3 3.52045E-4 1.44635E-4 6.26185E-4 1.09551E-4 3.57133E-4 4.6505E-4 5.34765E-5 4.93727E-6 8.26092E-6 2.99215E-6 8.19554E-7 1.5506E-6 3.17216E-5 8.62425E-5 1.93935E-4 2.28289E-4 2.09408E-4 1.99496E-4
4.93556E-1 4.54011E-1 3.01788E-1 4.24358E-1 3.60779E-1 3.13868E-1 3.26782E-1 4.54013E-1 3.41611E-1 4.7645E-1 4.76166E-1 4.34453E-1 4.32391E-1 3.92084E-1 5.60671E-1 5.50065E-1 4.99542E-1 3.81899E-1 4.9706E-1 5.20173E-1 5.96921E-1 5.0211E-1 4.88091E-1 5.15389E-1 4.58218E-1 5.26334E-1 8.04538E-1 7.20529E-1 8.03099E-1 8.72557E-1 5.48995E-1 4.15482E-1 5.09878E-1 5.71114E-1 6.70265E-1 6.78714E-1 2.92094E-1 3.92655E-1 3.62793E-1 2.77372E-1 2.4608E-1 1.79049E-1 5.86925E-2 1.61476E-2 8.72978E-3 8.78603E-3 6.38037E-3 5.7963E-3 1.55294E-3 4.30235E-4 6.57415E-5 2.22816E-4 5.33326E-5 1.53416E-5 1.22684E-4 2.82039E-5 1.8553E-6 2.64094E-6 2.0923E-6 7.96491E-6 9.24839E-6 2.93001E-5 9.06913E-5 8.99535E-5 1.58273E-4 6.25954E-5 1.79143E-4
5.36209E-1 4.41772E-1 2.28827E-1 2.27298E-1 2.29993E-1 2.94422E-1 2.4485E-1 2.89688E-1 3.73024E-1 5.83865E-1 5.53972E-1 4.80451E-1 3.70344E-1 4.76308E-1 4.08245E-1 5.48458E-1 5.57143E-1 4.65446E-1 3.26942E-1 5.85537E-1 6.78736E-1 7.43503E-1 5.85646E-1 5.68928E-1 7.093E-1 7.23027E-1 5.80669E-1 7.34329E-1 5.58385E-1 4.7258E-1 3.88682E-1 4.66158E-1 5.76524E-1 5.87425E-1 3.79021E-1 2.4758E-1 4.31628E-1 2.62893E-1 1.77202E-1 2.43784E-1 2.12545E-1 1.80462E-1 1.58921E-1 5.98264E-2 3.31204E-2 5.81455E-3 1.82535E-3 5.34203E-3 6.32478E-4 1.22182E-4 1.77915E-5 5.1707E-5 5.72121E-5 1.83554E-5 5.02174E-5 1.18008E-5 1.48985E-7 1.76906E-7 5.03154E-7 1.49749E-6 1.44939E-6 1.77935E-5 1.27183E-4 1.8775E-4 7.52577E-5 1.29522E-4 2.13218E-4
4.27432E-1 2.50933E-1 3.58322E-1 3.94471E-1 3.63678E-1 4.65025E-1 3.12405E-1 2.9775E-1 4.62773E-1 5.74017E-1 4.34413E-1 5.36712E-1 5.04286E-1 5.20131E-1 4.96744E-1 4.24069E-1 4.45572E-1 4.91368E-1 7.12252E-1 6.26499E-1 7.61416E-1 5.63364E-1 8.87755E-1 7.23476E-1 7.42473E-1 7.42465E-1 6.07175E-1 7.1302E-1 6.72844E-1 5.67937E-1 5.55123E-1 4.82789E-1 4.21378E-1 4.60242E-1 3.35748E-1 3.29835E-1 3.64477E-1 1.56825E-1 2.02555E-1 1.97922E-1 1.16009E-1 1.02785E-1 4.40288E-2 2.81656E-2 1.05337E-2 7.10992E-3 2.83872E-3 3.62295E-3 1.82427E-3 2.28955E-4 1.07556E-4 2.85341E-6 1.29992E-7 2.54194E-6 7.19478E-6 6.76499E-7 1.1162E-7 2.51047E-6 1.33884E-6 1.12282E-6 1.81546E-6 1.39414E-5 2.15013E-5 2.13858E-4 1.803E-4 3.99843E-4 8.7387E-5
2.90721E-1 3.91515E-1 4.22495E-1 3.70927E-1 3.79926E-1 4.36016E-1 4.76449E-1 4.2504E-1 4.6271E-1 5.35565E-1 4.62313E-1 4.78793E-1 5.95627E-1 5.82914E-1 4.16287E-1 7.08557E-1 7.10755E-1 8.56192E-1 8.9579E-1 7.28731E-1 9.32134E-1 7.57341E-1 7.61946E-1 6.21886E-1 5.2939E-1 5.12049E-1 6.47445E-1 5.37826E-1 4.86606E-1 3.50115E-1 5.57035E-1 6.50068E-1 5.30059E-1 3.22752E-1 4.50142E-1 3.40764E-1 2.42015E-1 3.50408E-1 2.75819E-1 2.50356E-1 1.02972E-1 1.27974E-1 3.46006E-2 2.34208E-2 3.2693E-3 5.2188E-3 2.3777E-3 1.04878E-4 2.09225E-4 5.73974E-4 1.09847E-4 3.71865E-7 5.37081E-7 3.66188E-8 8.63967E-8 5.34385E-8 4.12177E-8 7.70837E-7 3.30133E-6 4.42801E-6 1.13395E-5 3.27669E-5 4.91021E-5 6.98923E-5 2.6315E-4 4.26164E-4 7.40428E-5
3.57143E-1 3.952E-1 3.22939E-1 3.10577E-1 3.58333E-1 3.75315E-1 3.87921E-1 4.51108E-1 3.80577E-1 5.42848E-1 5.19028E-1 4.82969E-1 4.63426E-1 3.86639E-1 4.93612E-1 5.04506E-1 4.17947E-1 7.64773E-1 9.05175E-1 8.87274E-1 9.10409E-1 7.48195E-1 7.24574E-1 8.19037E-1 7.85791E-1 7.67016E-1 4.59224E-1 3.60235E-1 3.63298E-1 2.69023E-1 3.72269E-1 4.39353E-1 3.75691E-1 3.50508E-1 3.30091E-1 3.33587E-1 1.94415E-1 2.08777E-1 2.38656E-1 2.14238E-1 1.187E-1 7.22934E-2 1.769E-2 4.18539E-2 5.61605E-3 1.87508E-3 3.15265E-3 1.24618E-4 6.15218E-5 4.30458E-4 3.11436E-4 7.52666E-7 9.8946E-7 1.70082E-6 1.19697E-6 1.2244E-6 2.29878E-8 1.92121E-6 5.50587E-6 4.61035E-6 4.79719E-5 5.73437E-5 8.67296E-5 2.10075E-4 6.29434E-4 6.54573E-4 1.46944E-4
4.10571E-1 4.74089E-1 3.05688E-1 2.79453E-1 3.23023E-1 3.5252E-1 4.24939E-1 3.61163E-1 3.56602E-1 5.0819E-1 4.9888E-1 4.81166E-1 5.83472E-1 3.81892E-1 6.77077E-1 5.1877E-1 5.3796E-1 8.59109E-1 8.83844E-1 7.74991E-1 7.2962E-1 9.18722E-1 7.42284E-1 5.48108E-1 7.80347E-1 5.43469E-1 3.82058E-1 2.63185E-1 2.49529E-1 2.47273E-1 2.53761E-1 3.18724E-1 4.06442E-1 2.63012E-1 2.64386E-1 2.47207E-1 1.34472E-1 2.8398E-1 3.44406E-1 3.35453E-1 1.77035E-1 4.76649E-2 3.138E-2 6.80432E-3 3.1538E-3 1.13909E-3 2.30224E-4 3.50451E-5 7.41331E-5 7.65151E-6 7.23293E-7 4.34973E-6 4.79658E-6 6.42082E-6 3.93569E-6 1.94845E-6 3.9728E-7 5.05837E-6 5.74836E-6 8.09827E-6 1.53419E-5 4.61127E-5 1.43151E-4 4.646E-4 8.36383E-4 4.43029E-4 -9999
4.1609E-1 4.69524E-1 2.83727E-1 3.11182E-1 3.88945E-1 3.07554E-1 4.19723E-1 4.78486E-1 3.70496E-1 5.60961E-1 5.28695E-1 4.26912E-1 4.83689E-1 5.47396E-1 5.9747E-1 7.11797E-1 8.79367E-1 8.33488E-1 5.75251E-1 6.43953E-1 4.90555E-1 7.38513E-1 7.33958E-1 6.38849E-1 5.49195E-1 5.87904E-1 5.51252E-1 2.64035E-1 1.73825E-1 2.73836E-1 2.12442E-1 2.4667E-1 2.43921E-1 3.30702E-1 2.47271E-1 1.74759E-1 6.40786E-2 4.58509E-1 2.00807E-1 7.39556E-2 4.5718E-2 1.1614E-2 4.87658E-3 1.4377E-2 4.47321E-3 9.93966E-4 1.82065E-4 2.19327E-5 4.58725E-6 2.21038E-6 6.13477E-6 9.03614E-6 1.17873E-5 2.05707E-5 5.55945E-6 3.38917E-6 1.85921E-7 1.1598E-6 3.36214E-6 3.92022E-6 2.04768E-5 1.04945E-4 6.81128E-5 3.38796E-4 -9999 -9999 -9999
4.25445E-1 3.00833E-1 3.46498E-1 3.06283E-1 3.79495E-1 3.9804E-1 2.87266E-1 3.44605E-1 5.39359E-1 4.30601E-1 5.17142E-1 5.71485E-1 5.69454E-1 3.04255E-1 6.96413E-1 6.43316E-1 6.22068E-1 6.75502E-1 5.04717E-1 5.59135E-1 5.61285E-1 6.7953E-1 7.21388E-1 7.38484E-1 6.92872E-1 6.46533E-1 5.27595E-1 1.97693E-1 2.5068E-1 3.67458E-1 3.22665E-1 3.31345E-1 2.75918E-1 1.77034E-1 1.89127E-1 2.4833E-1 1.26305E-1 1.89565E-1 5.48204E-2 7.95915E-2 5.01987E-2 1.08613E-2 3.54934E-3 4.37403E-3 1.46467E-3 2.89444E-4 2.25177E-5 1.00157E-4 4.16267E-5 1.43187E-6 4.71479E-6 3.93461E-5 2.27206E-5 2.37363E-5 6.64108E-6 1.41171E-6 4.26947E-7 1.34575E-6 2.61566E-6 3.26036E-6 2.67277E-5 8.74048E-5 6.58315E-5 -9999 -9999 -9999 -9999
4.41561E-1 4.43693E-1 5.48423E-1 3.28653E-1 2.95221E-1 3.49096E-1 3.35006E-1 3.28416E-1 4.22063E-1 4.17002E-1 5.51191E-1 4.46018E-1 4.58201E-1 3.65455E-1 4.80142E-1 5.80891E-1 6.75467E-1 6.13958E-1 5.78182E-1 4.61528E-1 5.86714E-1 4.60759E-1 7.97907E-1 4.34379E-1 6.90158E-1 5.39873E-1 5.12611E-1 5.21524E-1 3.27431E-1 2.94761E-1 3.0933E-1 1.89853E-1 2.06678E-1 1.61965E-1 2.06193E-1 2.56693E-1 2.33438E-1 2.29478E-1 1.49749E-1 1.0164E-1 6.34298E-2 2.83994E-2 2.5517E-2 1.86753E-2 2.83356E-3 1.59038E-4 4.52769E-4 3.43571E-4 3.27815E-4 2.95114E-5 5.79129E-6 3.34661E-5 1.03976E-4 4.21954E-5 9.22256E-6 1.24191E-6 1.40357E-6 2.35474E-7 3.8438E-6 9.51277E-6 1.65368E-5 8.45054E-5 -9999 -9999 -9999 -9999 -9999
6.6295E-1 6.4608E-1 6.32819E-1 5.49304E-1 6.66488E-1 6.98629E-1 3.35892E-1 3.03674E-1 3.58614E-1 4.5733E-1 6.19722E-1 5.94087E-1 4.24691E-1 4.16689E-1 5.23967E-1 4.77087E-1 5.02252E-1 4.28735E-1 4.69925E-1 4.86937E-1 4.23355E-1 4.97699E-1 6.63558E-1 5.86026E-1 6.09484E-1 7.36895E-1 4.9974E-1 5.44505E-1 6.42403E-1 4.43397E-1 4.41193E-1 3.70667E-1 8.18738E-2 1.13055E-1 1.90111E-1 1.3816E-1 1.77911E-1 1.09185E-1 6.79027E-2 7.1826E-2 8.81996E-2 8.75687E-2 9.31546E-2 4.9373E-2 2.39998E-2 2.17897E-3 1.02938E-3 3.5572E-4 1.35634E-4 8.6381E-5 2.36917E-5 6.21128E-5 4.87166E-4 6.56837E-5 2.31309E-5 1.0178E-5 2.92516E-6 1.28681E-7 1.8049E-6 6.75775E-6 1.02782E-5 -9999 -9999 -9999 -9999 -9999 -9999
6.54337E-1 4.44508E-1 6.0861E-1 5.75002E-1 6.20411E-1 6.37962E-1 4.66842E-1 3.65606E-1 5.22082E-1 5.6519E-1 6.6195E-1 6.45432E-1 4.60011E-1 3.55986E-1 3.6699E-1 4.73494E-1 4.6563E-1 4.56853E-1 4.60233E-1 7.09979E-1 6.42449E-1 4.0019E-1 6.25073E-1 4.29345E-1 5.40425E-1 7.85498E-1 7.03788E-1 7.06264E-1 7.12177E-1 6.44518E-1 6.79785E-1 7.27381E-1 3.64555E-1 8.52252E-2 1.77409E-1 6.66648E-2 1.1686E-1 6.50617E-2 1.99063E-2 2.14245E-2 7.10511E-2 3.39408E-2 1.18079E-2 2.49255E-3 7.72236E-3 1.55147E-2 5.87388E-3 7.08295E-4 5.41501E-4 3.21955E-4 2.72023E-4 3.33488E-4 3.07543E-4 2.25178E-5 1.82423E-5 1.04738E-5 4.91119E-6 4.88168E-7 -9999 -9999 -9999 -9999 -9999 -9999 -9999 -9999 -9999
