ENM/Final_Models/M_0.9_F_q_Set_1_E/Gustavia_santanderiensis_7_Choco.asc
ncols         367
nrows         963
xllcorner     -78.6
yllcorner     0.65
cellsize      0.00833333333333323
NODATA_value  -9999
[rows 272 to 305 of 963, columns 228 to 303 of 367]
1E0 1E0 1E0 1E0 1E0 1E0 1E0 1E0 1E0 1E0 1E0 1E0 1E0 1E0 9.99988E-1 6.09885E-1 4.29809E-3 9.7903E-3 8.13642E-2 4.83007E-2 1.04893E-1 2.00815E-2 3.16625E-1 1E0 1E0 1E0 9.80605E-1 9.69043E-1 9.20085E-1 9.45996E-1 8.43947E-1 7.19357E-1 9.44606E-1 9.75507E-1 9.90877E-1 8.18523E-1 9.71908E-1 9.60601E-1 9.99451E-1 9.99746E-1 9.9971E-1 9.99966E-1 9.96813E-1 9.88881E-1 9.88254E-1 8.25816E-1 4.17543E-1 7.32762E-1 5.51333E-1 7.08689E-1 2.4567E-3 2.81584E-3 2.0185E-2 6.51385E-3 1.02711E-2 1.96317E-2 1.21258E-2 1.19556E-2 6.55359E-3 2.58513E-3 1.00613E-3 1.42692E-3 1.40716E-4 8.58807E-5 3.2318E-5 1.2462E-5 7.47577E-5 3.68137E-6 8.18693E-8 -9999 -9999 -9999 -9999 -9999 -9999 -9999
1E0 1E0 1E0 1E0 1E0 1E0 1E0 1E0 1E0 1E0 1E0 1E0 1E0 1E0 1E0 6.06951E-1 4.36923E-3 9.54907E-3 1.39087E-1 4.07851E-2 3.09976E-2 3.15632E-2 8.66186E-2 9.93904E-1 1E0 1E0 9.99888E-1 8.69984E-1 8.91069E-1 9.98433E-1 9.34824E-1 8.04468E-1 8.97242E-1 9.93129E-1 9.99999E-1 9.93094E-1 9.67572E-1 9.99336E-1 9.93083E-1 9.99766E-1 9.9992E-1 9.99983E-1 9.99343E-1 9.85975E-1 9.93208E-1 7.92269E-1 6.9908E-1 4.34588E-1 2.00482E-1 2.82673E-1 1.53438E-3 8.99258E-4 7.57025E-3 1.4918E-2 2.18596E-2 6.9773E-3 2.63898E-3 1.11351E-3 2.60917E-3 4.00776E-3 2.08043E-3 1.52255E-3 2.00866E-4 5.97327E-5 2.37935E-5 3.02891E-5 3.07236E-5 4.14111E-5 1.21007E-6 -9999 -9999 -9999 -9999 -9999 -9999 -9999
1E0 1E0 1E0 1E0 1E0 1E0 1E0 1E0 1E0 1E0 1E0 1E0 1E0 1E0 1E0 6.66969E-1 4.00524E-2 7.09559E-3 1.13061E-1 2.17188E-1 5.32284E-2 1.99454E-1 1.22541E-1 7.05585E-1 1E0 1E0 9.99996E-1 9.16339E-1 9.79671E-1 9.88083E-1 8.37659E-1 8.2088E-1 9.67618E-1 9.99388E-1 9.99821E-1 9.99927E-1 9.98596E-1 9.99063E-1 9.83261E-1 9.99296E-1 9.99179E-1 9.97182E-1 9.998E-1 9.94057E-1 9.95077E-1 8.58494E-1 4.7425E-1 3.30081E-1 2.1768E-1 2.37563E-1 9.90571E-4 7.85367E-5 2.33897E-3 1.06888E-2 2.61839E-2 2.58881E-2 6.95889E-3 1.17352E-3 6.92038E-4 1.18153E-3 2.99318E-4 2.36535E-4 3.26591E-4 1.89021E-4 3.49301E-5 1.59628E-4 2.40662E-4 6.31435E-5 1.30761E-5 5.79691E-5 -9999 -9999 -9999 -9999 -9999 -9999
1E0 1E0 1E0 1E0 1E0 1E0 1E0 1E0 1E0 1E0 1E0 1E0 1E0 1E0 1E0 9.32015E-1 1.21486E-1 2.54537E-2 1.74869E-2 1.41193E-1 1.14955E-1 1.12169E-1 3.03228E-1 4.76966E-1 9.99884E-1 1E0 9.97946E-1 9.88926E-1 9.81677E-1 9.91297E-1 9.97223E-1 8.97313E-1 9.51208E-1 9.99991E-1 9.94922E-1 9.88017E-1 9.99661E-1 9.99331E-1 8.89955E-1 9.31571E-1 8.08383E-1 9.89101E-1 9.99322E-1 9.93469E-1 9.69585E-1 7.80191E-1 4.67138E-1 2.43026E-1 2.72512E-1 2.52409E-1 9.44355E-4 8.5984E-5 8.68125E-4 1.341E-3 5.31646E-3 1.01592E-2 7.27463E-4 2.7086E-3 2.1817E-3 1.05059E-3 1.29518E-4 3.0911E-4 1.26929E-4 3.73388E-4 6.45832E-5 1.44255E-4 1.02024E-4 6.2223E-6 5.8E-6 5.99711E-6 -9999 -9999 -9999 -9999 -9999 -9999
1E0 1E0 1E0 1E0 1E0 1E0 1E0 1E0 1E0 1E0 1E0 1E0 1E0 1E0 1E0 9.99926E-1 3.12347E-1 2.51645E-2 4.39534E-2 1.82898E-1 7.81469E-2 6.30948E-2 1.17883E-1 5.23756E-1 9.99732E-1 1E0 1E0 9.9209E-1 9.71544E-1 9.95309E-1 1E0 9.73844E-1 9.97844E-1 9.99972E-1 9.91183E-1 7.87065E-1 9.97635E-1 9.99996E-1 9.99799E-1 9.84683E-1 9.19774E-1 8.51401E-1 9.96264E-1 8.77429E-1 9.63433E-1 9.05376E-1 4.44016E-1 2.82991E-1 1.58233E-1 6.15526E-2 2.77706E-5 1.84213E-5 1.89082E-3 2.11937E-3 2.34482E-3 2.39686E-3 1.41622E-2 1.79741E-3 2.14381E-4 8.44835E-4 3.96379E-4 1.11363E-3 4.64935E-4 1.51558E-4 2.22692E-4 1.62368E-4 2.91637E-4 4.25052E-6 8.45267E-6 1.97926E-5 2.35208E-5 -9999 -9999 -9999 -9999 -9999
1E0 1E0 1E0 1E0 1E0 1E0 1E0 1E0 1E0 1E0 1E0 1E0 1E0 1E0 1E0 1E0 2.90615E-1 5.86901E-2 1.59483E-1 2.08528E-1 1.26853E-1 4.56438E-2 1.67038E-1 3.27349E-1 9.99992E-1 1E0 1E0 9.31364E-1 9.11138E-1 9.97827E-1 9.9903E-1 9.94945E-1 9.48996E-1 9.98538E-1 9.87548E-1 9.34187E-1 9.99944E-1 9.99994E-1 9.99082E-1 9.56468E-1 9.63134E-1 7.12648E-1 8.96659E-1 6.89402E-1 6.63354E-1 2.21038E-1 5.29181E-1 2.44808E-1 1.30487E-1 2.88635E-4 1.17677E-3 2.41225E-4 1.37536E-4 3.15124E-4 1.06207E-3 2.87201E-4 1.20249E-2 1.01515E-3 5.94548E-4 2.49802E-4 7.94678E-4 8.47075E-5 5.26418E-4 9.1631E-4 3.2188E-4 4.89065E-5 5.76344E-5 9.49814E-5 2.50502E-5 1.32577E-5 1.65178E-5 1.65566E-5 -9999 -9999 -9999 -9999
1E0 1E0 1E0 1E0 1E0 1E0 1E0 1E0 1E0 1E0 1E0 1E0 1E0 1E0 1E0 1E0 4.47745E-1 4.0005E-2 6.70313E-2 5.42792E-2 6.38043E-2 4.07578E-2 3.64551E-2 2.45267E-1 1E0 1E0 1E0 9.89609E-1 9.26027E-1 9.89132E-1 9.96279E-1 9.99996E-1 9.98698E-1 9.96966E-1 9.84489E-1 9.70507E-1 9.99713E-1 1E0 9.96743E-1 8.6778E-1 8.42255E-1 7.90449E-1 9.22872E-1 8.78407E-1 9.19509E-1 4.39072E-1 1.46296E-1 8.38693E-2 1.10637E-1 6.73002E-4 3.92681E-4 5.37317E-4 7.72265E-4 1.33602E-4 4.46914E-4 1.05345E-4 3.15982E-3 3.58067E-3 8.66241E-4 4.8798E-4 7.99189E-4 1.44329E-4 5.17044E-4 2.74856E-4 3.13623E-4 2.5466E-4 1.51099E-4 1.57496E-4 2.47735E-5 5.79798E-5 1.42209E-5 2.04732E-5 1.00323E-5 -9999 -9999 -9999
1E0 1E0 1E0 1E0 1E0 1E0 1E0 1E0 1E0 1E0 1E0 1E0 1E0 1E0 1E0 1E0 9.47354E-1 3.8333E-1 2.83861E-1 3.91151E-2 2.49142E-2 2.247E-2 8.26911E-3 1.95396E-1 9.89256E-1 1E0 9.99997E-1 9.97019E-1 8.92432E-1 8.8402E-1 9.99249E-1 9.99495E-1 9.95174E-1 9.97592E-1 9.58337E-1 9.98367E-1 9.9989E-1 1E0 9.91358E-1 8.1653E-1 4.92446E-1 6.24068E-1 7.32323E-1 8.95796E-1 6.70759E-1 5.62638E-1 2.36038E-2 1.05346E-2 6.62178E-2 6.13677E-3 2.06736E-3 4.2948E-5 5.92731E-4 4.16062E-4 4.28879E-5 3.1305E-5 7.14251E-4 1.90429E-3 1.61843E-3 9.43755E-4 4.5355E-4 1.9069E-4 9.71299E-5 3.47374E-4 1.39597E-4 1.90928E-4 1.43996E-4 1.28932E-4 2.0286E-5 3.43906E-5 3.73381E-5 7.16965E-5 9.32071E-6 5.8354E-6 -9999 -9999
1E0 1E0 1E0 1E0 1E0 1E0 1E0 1E0 1E0 1E0 1E0 1E0 1E0 1E0 1E0 1E0 1E0 9.96734E-1 1.35787E-1 3.66512E-2 6.86715E-2 4.75901E-2 6.09938E-2 2.50509E-1 9.99939E-1 1E0 9.99998E-1 9.99426E-1 9.91805E-1 9.96516E-1 9.98428E-1 9.95926E-1 9.9212E-1 9.99985E-1 9.86342E-1 9.83851E-1 9.99047E-1 9.99999E-1 9.99622E-1 9.31929E-1 9.09872E-1 7.67874E-1 6.60365E-1 7.76332E-1 2.61233E-1 4.38204E-1 3.23203E-1 1.39561E-1 2.85408E-2 1.99447E-3 1.46525E-4 2.53862E-5 2.06006E-4 6.27548E-5 3.54246E-4 7.26981E-4 5.07003E-3 3.56379E-3 2.22711E-3 5.2778E-5 1.3076E-4 1.05194E-4 8.26629E-5 5.77939E-5 1.94139E-5 4.51178E-4 1.46426E-4 1.40521E-4 6.62215E-5 1.36467E-4 2.53186E-5 5.98282E-6 3.25924E-5 5.01991E-5 -9999 -9999
1E0 1E0 1E0 1E0 1E0 1E0 1E0 1E0 1E0 1E0 1E0 1E0 1E0 1E0 1E0 1E0 1E0 9.99687E-1 3.28954E-2 6.48987E-3 3.90076E-2 7.24272E-2 1.82283E-1 8.93896E-1 1E0 1E0 9.9499E-1 9.99429E-1 9.48685E-1 9.70569E-1 9.79681E-1 8.76608E-1 9.99049E-1 9.99972E-1 9.98635E-1 9.99741E-1 9.99972E-1 1E0 9.99195E-1 9.9429E-1 9.32334E-1 9.74703E-1 6.34747E-1 6.07353E-1 3.10966E-1 1.06272E-2 2.60343E-1 1.07325E-1 6.22048E-2 8.62345E-3 7.30885E-4 2.12417E-4 2.6661E-5 2.15302E-4 2.2843E-4 3.72257E-3 4.19317E-3 1.59526E-3 4.99027E-4 1.15471E-4 7.27281E-5 6.11973E-6 6.69142E-5 5.70306E-6 2.0769E-5 2.39976E-5 4.36092E-4 1.69739E-4 6.42287E-5 7.11666E-5 7.51531E-5 1.89234E-5 3.04798E-5 1.79725E-5 3.99257E-5 -9999
1E0 1E0 1E0 1E0 1E0 1E0 1E0 1E0 1E0 1E0 1E0 1E0 1E0 1E0 1E0 1E0 1E0 5.04411E-1 4.45303E-2 1.51005E-2 1.15116E-2 4.09629E-2 1.64179E-1 9.9948E-1 1E0 1E0 9.99992E-1 9.71303E-1 9.31822E-1 8.61354E-1 8.11795E-1 6.88232E-1 8.39105E-1 9.98437E-1 9.8139E-1 9.27679E-1 9.79923E-1 9.99998E-1 9.98704E-1 9.65865E-1 9.6539E-1 9.92178E-1 9.13363E-1 8.27938E-1 8.08528E-1 8.14822E-1 2.57653E-1 1.85609E-1 8.6369E-2 7.69782E-4 4.46679E-5 4.97726E-4 1.76081E-4 1.96397E-4 4.69595E-4 1.70351E-4 3.87541E-4 2.38262E-4 1.48691E-4 3.13929E-4 4.88626E-5 1.10876E-5 1.87796E-5 1.32881E-5 1.74319E-5 3.06056E-5 9.28287E-5 9.4342E-5 6.67195E-5 2.97256E-5 6.82725E-6 3.36422E-5 1.14609E-5 7.58485E-6 -9999 -9999
1E0 1E0 1E0 1E0 1E0 1E0 1E0 1E0 1E0 1E0 1E0 1E0 1E0 1E0 1E0 1E0 1E0 8.38898E-1 2.06467E-2 1.93084E-1 6.82246E-2 6.06554E-2 2.21819E-1 9.9995E-1 1E0 1E0 9.99999E-1 8.71972E-1 5.76926E-1 7.95277E-1 9.28306E-1 9.81743E-1 9.32578E-1 9.99999E-1 9.73609E-1 7.036E-1 8.26842E-1 9.79882E-1 9.65993E-1 9.71158E-1 9.70721E-1 8.49824E-1 6.05392E-1 4.39129E-1 4.9894E-1 1.49983E-2 2.38132E-3 5.62589E-3 2.54996E-3 1.75386E-3 8.44192E-4 4.08798E-5 4.12351E-5 2.61308E-5 9.1583E-5 2.02122E-4 5.76258E-5 4.93751E-4 3.2273E-4 2.21009E-4 1.65354E-4 2.97083E-5 6.64256E-6 3.7316E-5 6.38094E-6 4.00317E-5 2.78889E-4 9.75577E-4 4.22847E-5 3.99822E-5 4.021E-5 6.57213E-5 1.21767E-4 7.8193E-5 -9999 -9999
1E0 1E0 1E0 1E0 1E0 1E0 1E0 1E0 1E0 1E0 1E0 1E0 1E0 1E0 1E0 1E0 1E0 7.03186E-1 2.09239E-2 7.31533E-2 7.60383E-2 1.08152E-1 1.83281E-1 9.99955E-1 1E0 1E0 1E0 9.50927E-1 8.88602E-1 9.43866E-1 8.62892E-1 8.06827E-1 9.50593E-1 9.99268E-1 9.9999E-1 9.98257E-1 9.91145E-1 5.8751E-1 9.50703E-1 9.86861E-1 6.94013E-1 5.57585E-1 4.3071E-1 2.37176E-1 2.35444E-1 2.13005E-2 3.35481E-3 2.09439E-4 2.03196E-4 1.84764E-3 3.15969E-4 4.3216E-5 3.10487E-5 2.1912E-5 6.53461E-5 5.89814E-5 4.2221E-5 1.82142E-3 2.41721E-4 1.38014E-4 8.68632E-5 8.27146E-5 1.74161E-5 7.76579E-6 3.67032E-5 8.26917E-6 1.03546E-4 3.3658E-4 2.60966E-4 9.99069E-5 4.47335E-5 1.1625E-5 2.02648E-5 6.59411E-6 -9999 -9999
1E0 1E0 1E0 1E0 1E0 1E0 1E0 1E0 1E0 1E0 1E0 1E0 1E0 1E0 1E0 1E0 1E0 9.99769E-1 4.78216E-2 9.45901E-2 8.31043E-2 7.30892E-2 4.34887E-2 9.58152E-1 1E0 1E0 1E0 9.07404E-1 8.65735E-1 8.51098E-1 9.78448E-1 9.48293E-1 9.91021E-1 9.82581E-1 1E0 9.99997E-1 9.84658E-1 7.96404E-1 8.58136E-1 8.97172E-1 7.87998E-1 6.88447E-1 2.87947E-1 1.74687E-1 9.84103E-2 1.54536E-1 6.08011E-3 1.78572E-3 9.05266E-4 3.95626E-5 1.09758E-5 3.31141E-6 1.31032E-5 3.82478E-5 9.12137E-5 7.65285E-5 3.2076E-5 1.00443E-4 3.21532E-4 6.04645E-5 1.00514E-4 4.087E-5 8.93143E-6 1.99436E-5 9.89855E-6 2.01496E-5 1.21917E-4 8.91011E-5 8.30336E-5 4.82662E-5 1.81786E-5 2.51818E-5 4.51039E-5 1.19425E-5 -9999 -9999
1E0 1E0 1E0 1E0 1E0 1E0 1E0 1E0 1E0 1E0 1E0 1E0 1E0 1E0 1E0 1E0 1E0 9.99999E-1 2.10157E-2 1.17361E-1 1.34189E-1 1.19129E-1 1.47522E-1 9.99779E-1 1E0 1E0 1E0 9.9995E-1 9.95257E-1 7.5053E-1 9.99866E-1 9.9993E-1 9.63089E-1 9.97013E-1 9.99999E-1 9.9525E-1 8.67368E-1 4.85163E-1 7.37078E-1 1.0252E-1 3.913E-2 4.14012E-1 4.63477E-1 4.96434E-3 3.17594E-1 1.33305E-1 1.17284E-1 6.77072E-5 1.06859E-3 3.98938E-5 1.86333E-5 2.52363E-6 7.51245E-6 5.30724E-5 1.43382E-4 9.44226E-5 3.63777E-5 9.34991E-5 1.25955E-4 1.13318E-4 9.06442E-5 1.53653E-5 1.65714E-5 4.74084E-6 1.14216E-5 3.29917E-5 7.77061E-5 9.62341E-5 6.64286E-5 4.44757E-5 1.17806E-5 1.01872E-5 2.39617E-5 3.92776E-5 4.364E-5 -9999
1E0 1E0 1E0 1E0 1E0 1E0 1E0 1E0 1E0 1E0 1E0 1E0 1E0 1E0 1E0 1E0 1E0 1E0 8.94538E-2 2.66451E-2 1.40888E-1 2.07715E-1 6.4551E-1 9.99963E-1 1E0 1E0 1E0 1E0 9.99994E-1 9.99095E-1 9.17308E-1 9.87625E-1 9.9871E-1 9.99913E-1 1E0 9.67183E-1 9.99509E-1 8.56287E-1 5.84255E-1 1.91981E-1 4.92542E-1 4.58068E-1 4.30041E-1 3.42645E-2 2.19976E-2 9.55363E-2 1.12079E-1 5.38355E-3 5.53225E-4 2.5487E-4 2.66328E-4 9.56047E-5 1.2175E-5 5.42504E-5 1.64349E-4 8.36428E-5 3.00043E-5 2.35724E-5 3.47141E-5 1.92493E-5 1.40762E-5 1.29885E-5 3.1523E-5 4.24285E-5 2.42336E-5 7.11969E-6 8.26968E-5 1.30123E-4 5.72925E-5 1.86286E-4 2.80245E-5 2.93543E-5 1.30022E-4 1.52612E-5 -9999 -9999
1E0 1E0 1E0 1E0 1E0 1E0 1E0 1E0 1E0 1E0 1E0 1E0 1E0 1E0 1E0 1E0 1E0 1E0 5.40478E-1 3.2105E-2 7.64571E-2 1.45244E-1 5.9912E-1 1E0 1E0 1E0 1E0 1E0 9.99965E-1 9.99971E-1 9.13957E-1 8.81475E-1 9.42515E-1 8.47207E-1 9.99598E-1 1E0 9.99999E-1 9.22184E-1 9.71964E-1 9.31195E-1 9.99513E-1 9.99799E-1 9.85748E-1 6.86362E-1 4.47545E-2 2.58044E-2 1.65359E-1 2.13263E-2 1.91991E-4 8.70547E-4 1.90129E-4 3.61844E-4 8.77675E-6 2.46055E-5 4.76597E-5 2.54756E-5 3.96623E-5 2.81971E-5 3.11074E-5 1.3651E-5 4.48774E-5 5.86623E-5 4.91431E-5 3.14402E-5 6.20002E-6 2.56135E-5 5.82316E-5 2.59981E-4 3.39566E-4 1.36957E-4 1.37314E-4 3.77171E-5 5.17933E-5 1.30674E-4 -9999 -9999
1E0 1E0 1E0 1E0 1E0 1E0 1E0 1E0 1E0 1E0 1E0 1E0 1E0 1E0 1E0 1E0 1E0 1E0 1E0 2.82142E-1 5.58059E-2 1.84718E-1 6.82023E-1 9.99981E-1 1E0 1E0 1E0 9.99977E-1 9.72439E-1 9.29905E-1 8.1467E-1 6.51054E-1 9.42741E-1 9.89421E-1 6.80467E-1 9.99971E-1 9.93388E-1 1E0 9.99721E-1 9.98347E-1 9.99957E-1 9.99991E-1 9.99E-1 9.66574E-1 7.09643E-1 4.32268E-1 2.13822E-1 1.91255E-3 1.59795E-3 2.2144E-4 2.10192E-4 5.43365E-4 1.37681E-4 3.93699E-5 5.1408E-6 1.53997E-5 2.22167E-5 3.73766E-5 7.33975E-5 2.33952E-5 6.3544E-5 1.10085E-4 2.07229E-5 1.26244E-5 7.12779E-6 7.17451E-5 1.0083E-4 5.03516E-5 5.21983E-5 1.13837E-4 2.64872E-4 8.42672E-5 1.16451E-4 7.9596E-5 -9999 -9999
1E0 1E0 1E0 1E0 1E0 1E0 1E0 1E0 1E0 1E0 1E0 1E0 1E0 1E0 1E0 1E0 1E0 1E0 1E0 9.9967E-1 5.14805E-1 3.22094E-1 1E0 1E0 1E0 1E0 1E0 9.99949E-1 9.93508E-1 9.12699E-1 9.30808E-1 8.49487E-1 9.72669E-1 8.80934E-1 9.804E-1 7.07043E-1 7.81138E-1 9.46681E-1 8.93369E-1 9.62857E-1 9.61344E-1 9.99997E-1 9.99881E-1 9.90964E-1 9.54522E-1 5.86399E-1 2.09567E-1 5.56291E-2 3.12364E-3 4.68714E-3 8.41627E-4 1.46325E-3 1.91753E-4 2.62249E-4 5.76673E-5 7.67887E-6 1.1621E-5 1.43728E-5 1.08844E-5 7.54159E-6 1.20815E-5 8.34578E-6 1.61634E-5 2.22664E-5 2.28353E-5 4.98697E-5 1.63659E-4 2.34698E-4 2.94824E-4 3.21007E-4 1.70089E-4 1.43598E-4 2.75928E-4 2.49369E-5 -9999 -9999
1E0 1E0 1E0 1E0 1E0 1E0 1E0 1E0 1E0 1E0 1E0 1E0 1E0 1E0 1E0 1E0 1E0 1E0 1E0 1E0 9.99985E-1 9.91225E-1 1E0 1E0 1E0 1E0 1E0 1E0 9.75639E-1 8.98553E-1 9.6149E-1 9.50285E-1 9.05466E-1 8.4302E-1 9.24202E-1 9.98448E-1 9.90011E-1 6.32149E-1 4.37697E-1 6.78321E-1 6.84233E-1 9.73697E-1 6.5392E-1 7.02774E-1 6.6813E-1 5.26182E-1 5.2507E-1 1.54126E-1 5.0342E-3 1.63317E-2 2.49727E-3 3.2835E-4 9.16301E-4 6.26281E-4 3.01706E-5 1.02E-5 1.81862E-5 7.39258E-6 6.43433E-6 2.68847E-5 3.45553E-5 5.4609E-5 2.12631E-5 2.1869E-5 9.393E-5 3.78793E-5 6.62792E-5 2.82143E-4 3.50021E-4 3.62777E-4 1.29675E-4 7.6392E-5 5.3023E-5 9.76722E-5 5.19069E-5 -9999
1E0 1E0 1E0 1E0 1E0 1E0 1E0 1E0 1E0 1E0 1E0 1E0 1E0 1E0 1E0 1E0 1E0 1E0 1E0 1E0 9.99999E-1 1E0 1E0 1E0 1E0 1E0 1E0 9.98791E-1 9.51209E-1 9.7363E-1 9.75932E-1 9.85731E-1 5.00642E-1 7.9885E-1 7.86369E-1 9.9496E-1 9.99997E-1 9.51794E-1 5.42238E-1 6.65067E-1 7.94729E-1 3.29702E-1 5.51116E-1 2.12071E-1 4.86446E-1 5.01854E-1 6.19729E-1 4.80337E-1 2.48136E-2 1.89306E-2 4.4054E-4 1.5736E-4 7.16404E-5 8.72998E-4 3.93976E-5 9.6117E-6 1.14358E-5 6.78877E-6 4.6705E-7 8.05849E-6 5.29463E-5 4.60363E-5 1.53881E-5 2.12968E-5 3.48813E-5 5.72035E-5 1.21604E-4 3.00397E-4 2.18914E-4 1.77127E-4 6.73442E-4 5.90363E-5 4.3648E-5 4.12836E-6 1.5304E-5 4.26882E-5
1E0 1E0 1E0 1E0 1E0 1E0 1E0 1E0 1E0 1E0 1E0 1E0 1E0 1E0 1E0 1E0 1E0 1E0 1E0 1E0 1E0 1E0 1E0 1E0 1E0 1E0 1E0 9.99843E-1 7.81292E-1 9.37458E-1 9.52079E-1 7.87728E-1 2.90606E-1 7.93323E-1 7.71277E-1 9.90491E-1 9.9996E-1 9.36706E-1 7.07282E-1 6.87467E-1 5.6988E-1 2.49778E-1 8.76649E-2 1.96006E-1 1.17116E-1 6.92169E-2 7.05347E-1 7.44234E-1 3.16577E-1 1.66322E-3 3.90225E-3 3.56274E-5 1.50902E-5 9.90559E-6 1.02856E-5 1.75767E-6 1.62172E-6 1.74323E-6 4.41901E-6 7.75614E-5 1.23379E-4 4.60868E-5 1.73187E-4 2.26768E-5 1.9926E-5 9.20512E-5 1.50801E-4 1.03137E-4 2.21213E-5 1.22633E-4 8.29335E-4 6.01058E-5 2.28561E-5 1.48212E-5 1.41782E-5 3.47034E-5
1E0 1E0 1E0 1E0 1E0 1E0 1E0 1E0 1E0 1E0 1E0 1E0 1E0 1E0 1E0 1E0 1E0 1E0 1E0 1E0 1E0 1E0 1E0 1E0 1E0 1E0 1E0 9.55043E-1 9.7906E-1 9.09902E-1 6.73139E-1 7.99569E-1 6.42623E-1 9.28296E-1 9.93219E-1 9.99999E-1 9.97573E-1 8.86824E-1 9.91953E-1 9.93254E-1 9.99303E-1 9.88612E-1 3.92996E-1 9.37503E-2 1.27825E-1 6.75799E-1 9.45396E-1 7.6872E-1 3.00172E-1 1.08828E-1 2.39757E-4 5.56046E-4 9.15795E-5 1.64572E-5 3.61502E-6 7.20898E-6 5.62622E-6 1.62856E-5 8.72912E-6 3.35287E-5 6.16147E-5 6.09625E-5 8.93633E-5 3.1852E-5 5.11262E-5 5.8016E-5 3.82823E-5 1.85658E-5 1.4115E-5 3.66416E-5 3.17215E-5 3.46798E-5 1.63664E-5 1.88814E-5 8.49089E-5 8.2459E-5
1E0 1E0 1E0 1E0 1E0 1E0 1E0 1E0 1E0 1E0 1E0 1E0 1E0 1E0 1E0 1E0 1E0 1E0 1E0 1E0 1E0 1E0 1E0 1E0 1E0 1E0 9.96895E-1 9.9816E-1 9.99138E-1 9.98703E-1 9.98858E-1 9.78345E-1 9.99683E-1 8.46899E-1 9.9957E-1 9.95235E-1 9.99982E-1 1E0 1E0 1E0 9.99942E-1 9.97063E-1 1E0 9.8452E-1 7.0437E-1 8.46458E-1 8.7106E-1 4.57303E-1 5.00275E-1 1.77988E-1 1.80076E-3 3.66339E-4 1.21742E-4 1.09423E-5 5.18293E-6 2.58583E-6 1.86199E-6 4.12911E-5 4.6748E-5 1.728E-5 1.10449E-5 4.80456E-5 1.16032E-4 1.31945E-4 1.12643E-4 4.22246E-5 2.23366E-5 1.13083E-5 1.14829E-5 1.13345E-5 1.88042E-5 4.37263E-6 2.64764E-6 1.19863E-5 3.8429E-5 1.80879E-5
1E0 1E0 1E0 1E0 1E0 1E0 1E0 1E0 1E0 1E0 1E0 1E0 1E0 1E0 1E0 1E0 1E0 1E0 1E0 1E0 1E0 1E0 1E0 1E0 1E0 1E0 1E0 1E0 1E0 9.99543E-1 9.99534E-1 1E0 9.91108E-1 9.99998E-1 9.97083E-1 1E0 1E0 1E0 1E0 9.99998E-1 1.57886E-1 5.27512E-2 7.40311E-1 8.679E-1 1.76478E-1 1.39128E-1 1.40767E-1 6.45332E-2 2.90009E-1 5.25711E-4 1.8853E-4 9.86429E-5 9.07848E-6 1.92356E-6 1.95808E-6 5.09429E-6 5.51974E-6 3.38393E-5 3.3576E-5 8.21173E-5 1.47886E-4 1.50779E-5 7.80984E-6 6.57275E-5 1.26699E-4 7.29477E-5 6.74328E-5 5.63493E-5 1.07279E-5 9.4225E-6 1.05386E-5 6.72406E-6 4.49722E-6 1.54631E-5 3.52281E-5 5.43059E-5
1E0 1E0 1E0 1E0 1E0 1E0 1E0 1E0 1E0 1E0 1E0 1E0 1E0 1E0 1E0 1E0 1E0 1E0 1E0 1E0 1E0 1E0 1E0 1E0 1E0 1E0 1E0 1E0 9.99978E-1 5.04774E-1 4.85802E-1 8.98547E-1 9.26432E-1 9.99967E-1 9.99998E-1 9.99953E-1 9.9997E-1 9.99796E-1 9.99631E-1 9.95127E-1 9.08963E-1 4.72221E-1 7.4972E-1 7.54314E-1 3.6228E-1 1.41557E-1 7.06644E-2 5.02101E-2 9.05183E-2 2.55959E-3 1.55428E-3 4.13158E-5 6.14934E-5 7.47003E-6 7.44112E-6 5.79233E-5 5.10553E-6 3.84513E-6 1.60227E-5 1.81802E-5 8.456E-5 7.31525E-6 6.46064E-6 9.48375E-5 5.99492E-5 1.89881E-4 1.328E-4 6.37077E-5 2.54127E-5 7.94057E-5 9.27403E-5 1.13562E-4 4.92358E-5 2.68437E-5 3.70176E-5 1.62882E-5
1E0 1E0 1E0 1E0 1E0 1E0 1E0 1E0 1E0 1E0 1E0 1E0 1E0 1E0 1E0 1E0 1E0 1E0 1E0 1E0 1E0 1E0 1E0 1E0 1E0 1E0 9.89884E-1 4.78899E-1 9.72017E-1 5.42087E-1 3.42478E-1 3.99999E-1 8.70604E-1 9.91586E-1 1E0 9.9961E-1 9.92475E-1 8.59416E-1 9.99872E-1 9.17836E-1 9.80532E-1 9.29557E-1 8.04282E-1 5.90224E-1 5.90957E-1 4.94725E-1 1.12986E-1 1.57444E-1 4.77866E-4 4.55381E-3 3.91015E-4 4.04396E-4 7.28683E-5 5.35711E-5 1.57723E-5 3.47733E-4 3.55253E-5 2.94689E-5 5.07281E-5 4.33832E-5 7.6106E-5 3.22285E-5 2.08203E-5 1.6089E-5 8.00779E-5 2.25213E-4 8.50496E-5 7.70461E-5 2.14341E-5 1.46665E-4 4.31301E-5 3.63049E-5 1.90603E-5 7.28179E-5 1.05642E-4 1.17733E-5
1E0 1E0 1E0 1E0 1E0 1E0 1E0 1E0 1E0 1E0 1E0 1E0 1E0 1E0 1E0 1E0 1E0 1E0 1E0 1E0 1E0 1E0 1E0 1E0 1E0 1E0 8.61796E-1 2.26932E-1 8.2546E-1 5.25661E-1 2.49374E-1 1.77846E-1 7.81044E-1 9.93277E-1 9.99666E-1 9.99997E-1 9.99982E-1 1E0 9.99086E-1 9.73368E-1 9.99996E-1 9.96948E-1 9.90974E-1 9.01015E-1 6.02621E-1 1.43575E-1 1.67157E-1 9.11587E-2 2.82826E-2 5.74156E-3 1.0568E-3 1.65703E-4 6.3007E-5 7.9714E-6 3.51383E-5 1.83137E-4 5.3167E-5 5.40032E-5 1.53143E-5 5.83433E-5 2.20001E-5 5.50344E-5 2.02171E-5 2.72617E-5 2.73842E-4 2.10997E-4 1.94101E-4 9.55242E-5 6.21162E-5 1.13683E-4 7.49946E-5 3.33794E-5 4.38232E-5 1.52271E-4 1.84206E-4 2.83415E-5
1E0 1E0 1E0 1E0 1E0 1E0 1E0 1E0 1E0 1E0 1E0 1E0 1E0 1E0 1E0 1E0 1E0 1E0 1E0 1E0 1E0 1E0 1E0 1E0 9.57486E-1 7.57823E-1 1.8512E-1 3.13221E-1 7.73333E-1 1.58595E-1 1.8073E-2 2.23471E-2 9.68111E-2 8.48689E-1 9.9562E-1 1E0 1E0 1E0 9.98086E-1 9.89635E-1 9.96151E-1 9.50254E-1 9.55096E-1 8.83197E-1 3.99886E-1 4.15628E-1 4.07107E-1 2.77576E-1 1.91545E-2 1.10597E-2 4.34124E-4 3.90325E-4 4.35348E-4 3.66781E-4 2.67225E-4 1.47612E-5 1.60591E-5 2.94113E-5 6.22873E-5 1.21453E-5 1.09635E-4 1.00022E-4 1.71512E-4 6.73997E-5 3.10375E-4 1.48213E-4 1.36588E-4 4.14358E-5 1.46923E-4 9.24825E-5 6.17014E-5 5.27025E-5 1.65193E-4 1.16169E-4 1.25203E-4 6.59913E-5
1E0 1E0 1E0 1E0 1E0 1E0 1E0 1E0 1E0 1E0 1E0 1E0 1E0 1E0 1E0 1E0 1E0 1E0 1E0 1E0 1E0 1E0 1E0 9.99993E-1 7.30518E-1 1.69475E-1 8.1503E-2 1.70624E-1 8.78994E-1 2.06511E-1 8.21916E-2 8.25916E-2 1.28877E-1 6.40503E-1 1E0 1E0 1E0 1E0 1E0 1E0 1E0 9.99912E-1 9.08077E-1 4.85092E-1 3.53027E-1 8.73481E-1 8.40157E-1 6.49514E-1 2.23984E-1 1.62727E-2 3.05959E-3 1.59379E-2 9.96414E-3 6.88119E-3 1.56185E-4 1.37407E-4 3.15377E-4 6.24812E-5 5.25907E-5 7.53466E-5 5.01789E-5 1.42374E-5 1.76119E-5 3.34223E-5 6.73341E-5 1.52752E-4 1.96625E-5 1.576E-6 5.17557E-5 2.07213E-5 5.13411E-5 2.95418E-5 2.32198E-5 8.43255E-6 1.11927E-5 1.73669E-5
1E0 1E0 1E0 1E0 1E0 1E0 1E0 1E0 1E0 1E0 1E0 1E0 1E0 1E0 1E0 1E0 1E0 1E0 1E0 1E0 1E0 1E0 1E0 1E0 8.92426E-1 2.89955E-1 6.18559E-2 1.81732E-1 9.40953E-1 8.03771E-1 4.53933E-1 1.59107E-1 4.58703E-1 9.89167E-1 1E0 1E0 1E0 1E0 1E0 1E0 9.99532E-1 9.97681E-1 9.83194E-1 9.08854E-1 9.99773E-1 9.9999E-1 9.9921E-1 9.50014E-1 5.82151E-1 5.68663E-2 7.66131E-3 1.26875E-2 6.03261E-2 4.87623E-3 4.25389E-4 1.58769E-3 1.00086E-3 6.73473E-4 2.21999E-4 2.26702E-5 4.49374E-6 2.91756E-6 1.94132E-5 2.41134E-5 2.73177E-5 1.10456E-4 4.3184E-5 1.61469E-6 3.00138E-5 3.12532E-5 1.21261E-5 9.8382E-6 2.45437E-5 6.25406E-5 1.67226E-5 3.91356E-5
1E0 1E0 1E0 1E0 1E0 1E0 1E0 1E0 1E0 1E0 1E0 1E0 1E0 1E0 1E0 1E0 1E0 1E0 1E0 1E0 1E0 1E0 1E0 1E0 9.99999E-1 9.99979E-1 9.9011E-1 9.99991E-1 9.99944E-1 9.92573E-1 2.45838E-1 1.79825E-1 8.03549E-1 1E0 1E0 1E0 1E0 1E0 1E0 1E0 9.99185E-1 9.99998E-1 9.99991E-1 1E0 1E0 1E0 9.99998E-1 9.44093E-1 6.08313E-1 3.52225E-1 2.4282E-1 7.9269E-2 1.963E-3 3.9946E-3 8.24118E-4 1.02744E-3 4.30808E-4 2.24939E-4 9.77216E-5 8.17105E-6 1.31166E-5 8.04983E-6 3.16528E-6 2.717E-6 2.6223E-5 3.04344E-5 4.23977E-5 2.68869E-5 2.37211E-5 5.38182E-6 4.78081E-6 1.3882E-5 1.03204E-5 2.55152E-5 8.15584E-5 1.70148E-4
1E0 1E0 1E0 1E0 1E0 1E0 1E0 1E0 1E0 1E0 1E0 1E0 1E0 1E0 1E0 1E0 1E0 1E0 1E0 1E0 1E0 1E0 1E0 1E0 1E0 1E0 1E0 1E0 9.889E-1 9.24676E-1 3.10025E-1 9.51275E-1 9.9639E-1 1E0 1E0 1E0 1E0 1E0 1E0 1E0 1E0 1E0 1E0 1E0 1E0 9.99935E-1 9.84091E-1 5.87176E-1 9.54921E-1 7.12498E-1 6.70511E-1 1.13797E-1 9.40306E-3 1.8383E-3 3.99755E-4 4.12747E-3 2.04946E-3 3.09454E-4 3.08619E-4 6.31097E-5 1.52378E-5 1.99248E-5 4.97224E-5 7.262E-5 1.2816E-4 3.74718E-5 2.52847E-5 4.22631E-5 3.08857E-5 4.50533E-5 3.47005E-5 1.50727E-5 2.53998E-5 2.26431E-5 3.31866E-6 1.26358E-5
1E0 1E0 1E0 1E0 1E0 1E0 1E0 1E0 1E0 1E0 1E0 1E0 1E0 1E0 1E0 1E0 1E0 1E0 1E0 1E0 1E0 1E0 1E0 1E0 1E0 1E0 1E0 1E0 9.99439E-1 9.99934E-1 1E0 1E0 1E0 1E0 1E0 1E0 1E0 1E0 1E0 1E0 1E0 1E0 1E0 1E0 1E0 9.99992E-1 9.93463E-1 9.52328E-1 9.99518E-1 9.63986E-1 5.27016E-1 4.7233E-1 4.73025E-3 2.4314E-3 1.54284E-3 9.22131E-3 3.51845E-3 1.05627E-3 1.11544E-3 7.55829E-5 2.27379E-5 9.47184E-6 4.26886E-5 8.18993E-5 2.45836E-4 7.04435E-5 1.91091E-5 9.00851E-5 4.0896E-5 3.89604E-5 3.66011E-5 7.29778E-6 2.75157E-6 4.8279E-5 1.12017E-4 3.19134E-5
