ENM/Final_Models/M_0.9_F_q_Set_1_E/Gustavia_santanderiensis_3_Choco.asc
ncols         367
nrows         963
xllcorner     -78.6
yllcorner     0.65
cellsize      0.00833333333333323
NODATA_value  -9999
[rows 660 to 692 of 963, columns 148 to 221 of 367]
1E0 1E0 1E0 1E0 1E0 1E0 1E0 1E0 9.99529E-1 1E0 1E0 1E0 1E0 1E0 1E0 1E0 1E0 9.99987E-1 9.99998E-1 9.97221E-1 9.98337E-1 9.94618E-1 9.75345E-1 9.95824E-1 9.97105E-1 8.44244E-1 9.57718E-1 9.99095E-1 9.17564E-1 7.92312E-1 9.18926E-1 9.98287E-1 7.89602E-1 9.94969E-1 9.99817E-1 9.9134E-1 9.95916E-1 9.8292E-1 9.95762E-1 9.82617E-1 9.8126E-1 9.72229E-1 3.71329E-1 3.80738E-1 3.45904E-1 1.00735E-1 7.39923E-2 8.63694E-2 5.62903E-2 1.17091E-1 1.73381E-1 6.52095E-2 2.59994E-1 2.43534E-1 2.59785E-1 2.97076E-1 1.49418E-1 5.61037E-2 2.18071E-2 6.42368E-3 2.02514E-3 2.53383E-3 9.45227E-4 5.39829E-4 6.55963E-4 2.55501E-4 6.09979E-4 8.13619E-5 1.56102E-4 5.4123E-5 6.05703E-5 8.68537E-5 -9999 -9999
1E0 1E0 1E0 1E0 1E0 1E0 1E0 1E0 9.99948E-1 9.9998E-1 1E0 9.99994E-1 1E0 9.99994E-1 1E0 1E0 9.99996E-1 9.99999E-1 9.99452E-1 9.99778E-1 9.82441E-1 9.92606E-1 8.97841E-1 9.98501E-1 9.77038E-1 5.65519E-1 7.62874E-1 9.99327E-1 9.99911E-1 9.99505E-1 9.9567E-1 9.83843E-1 9.10948E-1 9.65776E-1 9.95122E-1 9.99897E-1 8.53075E-1 9.87011E-1 9.16926E-1 7.35956E-1 3.96719E-1 1.76021E-1 5.46492E-2 9.63808E-2 1.68935E-1 6.15335E-2 4.37415E-2 4.37406E-2 4.64022E-2 1.0661E-1 1.77525E-1 2.05862E-1 3.74021E-1 2.48319E-1 5.15492E-1 4.67604E-1 1.70997E-1 9.67278E-2 2.91768E-2 1.08924E-2 1.29079E-3 4.28088E-3 9.66145E-4 1.45296E-3 1.95005E-3 3.66509E-3 2.05529E-3 4.46994E-4 4.57553E-4 4.7084E-4 4.29834E-4 -9999 -9999 -9999
1E0 1E0 1E0 1E0 1E0 1E0 1E0 1E0 1E0 1E0 1E0 9.99996E-1 1E0 1E0 1E0 9.99989E-1 9.99998E-1 9.99998E-1 9.99986E-1 9.98415E-1 9.99897E-1 9.794E-1 9.98056E-1 9.38962E-1 9.77455E-1 9.78017E-1 9.97973E-1 9.9971E-1 9.99949E-1 9.99975E-1 9.99997E-1 9.99994E-1 9.77613E-1 9.89967E-1 9.7055E-1 8.15898E-1 8.06443E-1 6.41852E-1 9.86008E-1 8.61054E-1 5.63816E-1 6.35031E-1 9.17094E-1 8.62942E-1 8.05976E-1 1.53049E-1 3.46313E-1 1.18169E-1 1.37264E-1 1.65665E-1 2.68784E-1 4.34879E-1 3.9008E-1 4.26586E-1 4.61485E-1 2.22789E-1 1.7723E-1 9.00871E-2 2.03315E-2 8.47508E-3 3.03686E-3 7.16664E-3 5.16448E-3 1.4528E-2 3.05882E-2 4.46556E-3 1.19272E-3 2.36941E-4 4.24208E-4 2.14566E-4 1.92584E-4 -9999 -9999 -9999
1E0 1E0 1E0 1E0 1E0 1E0 1E0 1E0 1E0 1E0 1E0 1E0 1E0 1E0 1E0 1E0 1E0 1E0 1E0 9.99938E-1 1E0 9.99996E-1 9.98846E-1 9.99949E-1 9.99938E-1 9.98678E-1 9.98087E-1 9.9979E-1 9.98893E-1 9.9999E-1 1E0 9.98065E-1 9.74457E-1 9.78102E-1 9.66265E-1 7.59068E-1 5.07292E-1 5.62661E-1 8.40375E-1 4.98285E-1 8.90698E-1 7.50524E-1 1.62541E-1 6.747E-1 8.41053E-1 7.95555E-1 2.67773E-1 6.23448E-2 1.33259E-1 3.99736E-1 6.44589E-1 6.26777E-1 4.64708E-1 7.68515E-1 3.74118E-1 3.86808E-1 1.99377E-1 1.41979E-1 1.663E-2 2.2837E-2 1.56243E-2 3.2485E-2 8.78002E-3 3.41357E-2 2.16539E-2 9.35394E-3 1.86161E-3 4.08E-4 4.71621E-4 4.339E-4 4.91001E-4 -9999 -9999 -9999
1E0 1E0 1E0 1E0 1E0 1E0 1E0 1E0 1E0 1E0 1E0 1E0 1E0 9.99999E-1 1E0 9.99155E-1 9.99975E-1 9.99988E-1 9.99998E-1 9.99996E-1 9.99988E-1 9.98548E-1 9.99911E-1 9.99526E-1 9.99912E-1 9.99986E-1 9.99872E-1 9.67366E-1 9.109E-1 9.99997E-1 9.99997E-1 9.99806E-1 9.91191E-1 7.95012E-1 7.69268E-1 5.69262E-1 3.6107E-1 5.41259E-1 5.47768E-1 5.66234E-1 3.93768E-1 4.46912E-1 2.46552E-1 5.03793E-1 7.51188E-1 9.07806E-1 7.19252E-1 2.42378E-1 2.09022E-1 3.42072E-1 5.59496E-1 5.66583E-1 8.3116E-1 6.46981E-1 2.24552E-1 3.1198E-1 4.35808E-1 2.5833E-1 1.40253E-1 1.75311E-1 2.27195E-2 3.10476E-2 7.29599E-2 4.76543E-2 1.00343E-2 6.86245E-4 4.96744E-4 7.28473E-4 5.66087E-4 6.44894E-4 1.38913E-3 -9999 -9999 -9999
1E0 1E0 1E0 1E0 1E0 1E0 1E0 1E0 1E0 1E0 1E0 1E0 1E0 1E0 9.99987E-1 9.87786E-1 9.99846E-1 9.99997E-1 9.97667E-1 9.999E-1 9.98027E-1 9.99955E-1 9.998E-1 9.99831E-1 9.99929E-1 9.99104E-1 9.95534E-1 7.94931E-1 8.49047E-1 9.99994E-1 1E0 1E0 9.98874E-1 9.00129E-1 9.72405E-1 8.68953E-1 6.58615E-1 4.04521E-1 2.2768E-1 1.66975E-1 5.22222E-2 2.64157E-1 3.65495E-1 3.15751E-1 4.92255E-1 8.02421E-1 9.59308E-1 3.97314E-1 3.6097E-1 3.08333E-1 3.85355E-1 4.29832E-1 8.29661E-1 8.01203E-1 7.02574E-1 3.10814E-1 3.05511E-1 5.34731E-1 2.04096E-1 1.25797E-1 2.41219E-1 1.29492E-1 1.34393E-1 2.01501E-2 6.05035E-3 1.18476E-4 1.11728E-4 3.93308E-4 7.3712E-4 7.04359E-4 -9999 -9999 -9999 -9999
1E0 1E0 1E0 1E0 1E0 1E0 1E0 1E0 1E0 1E0 1E0 1E0 1E0 1E0 1E0 9.99939E-1 9.99992E-1 9.98742E-1 9.99538E-1 9.87391E-1 9.99152E-1 9.98908E-1 9.99979E-1 9.9999E-1 9.99967E-1 9.95442E-1 9.78232E-1 6.84258E-1 7.4795E-1 9.99887E-1 9.99982E-1 9.99625E-1 9.98041E-1 9.08341E-1 7.21472E-1 6.00303E-1 2.88121E-1 3.95451E-1 2.45678E-2 2.3507E-3 1.08605E-2 2.2682E-1 3.3336E-1 3.65697E-1 3.55097E-1 2.07391E-1 8.58636E-1 8.60584E-1 8.40577E-1 7.05523E-1 5.87804E-1 8.43708E-1 9.02367E-1 6.49917E-1 7.78759E-1 5.00028E-1 5.56416E-1 3.1512E-1 3.26309E-1 1.6587E-1 1.50721E-1 1.30945E-1 6.18486E-2 5.55505E-3 9.283E-4 4.3955E-5 2.33374E-5 5.85308E-4 7.15535E-4 2.14377E-3 -9999 -9999 -9999 -9999
1E0 1E0 1E0 1E0 1E0 1E0 1E0 1E0 1E0 1E0 1E0 1E0 1E0 1E0 1E0 1E0 9.99707E-1 9.99809E-1 9.9986E-1 9.99891E-1 1E0 9.99804E-1 9.99999E-1 9.99325E-1 9.90982E-1 9.84073E-1 8.62813E-1 7.24314E-1 8.16932E-1 9.99935E-1 9.94128E-1 7.75137E-1 9.5975E-1 9.50663E-1 8.07418E-1 4.6538E-2 2.89466E-2 1.90839E-2 2.18496E-3 1.23366E-3 4.45108E-3 2.9545E-1 4.06339E-1 3.88407E-1 2.82842E-1 2.39193E-1 6.20757E-1 8.22198E-1 6.27619E-1 8.65125E-1 7.19447E-1 9.44848E-1 8.11447E-1 3.21087E-1 1.95604E-1 1.52321E-1 1.14161E-1 1.48571E-1 3.38206E-1 1.33374E-1 9.6747E-2 3.67889E-2 2.25616E-2 1.36768E-3 5.5476E-4 1.10186E-5 3.43522E-5 9.99799E-5 2.786E-4 -9999 -9999 -9999 -9999 -9999
1E0 1E0 1E0 1E0 1E0 1E0 1E0 1E0 1E0 1E0 1E0 1E0 1E0 1E0 1E0 1E0 9.99979E-1 9.48252E-1 9.41976E-1 9.9787E-1 9.99774E-1 9.9983E-1 9.99515E-1 9.99747E-1 9.82342E-1 9.23479E-1 8.21376E-1 5.32885E-1 6.53675E-1 9.9896E-1 9.92554E-1 8.55748E-1 8.83381E-1 7.95793E-1 1.89183E-1 2.41953E-2 5.33876E-3 1.22395E-3 1.90948E-4 3.61124E-3 8.37941E-3 2.44116E-1 5.42434E-1 4.47448E-1 1.27029E-1 3.52521E-1 6.2662E-1 8.89072E-1 4.2095E-1 5.71108E-1 7.476E-1 9.52255E-1 8.02232E-1 2.76788E-1 3.48887E-1 1.41875E-1 1.10645E-1 6.66937E-2 2.32864E-1 7.42199E-2 5.71294E-2 3.61594E-2 1.06844E-2 4.98091E-3 1.24153E-3 2.36901E-5 8.27808E-6 3.23937E-5 5.66904E-4 -9999 -9999 -9999 -9999 -9999
1E0 1E0 1E0 1E0 1E0 1E0 1E0 1E0 1E0 1E0 1E0 1E0 1E0 1E0 1E0 1E0 9.99303E-1 9.99637E-1 9.99854E-1 9.58766E-1 9.96827E-1 9.97729E-1 9.99502E-1 9.99239E-1 9.57426E-1 8.67404E-1 6.94172E-1 5.08238E-1 6.68101E-1 9.37603E-1 9.9843E-1 9.13129E-1 8.63157E-1 5.88698E-1 1.15673E-1 1.62859E-2 1.85711E-2 5.30862E-3 6.65834E-4 4.65685E-3 2.27949E-2 4.18318E-1 2.26125E-1 3.50186E-1 2.14147E-1 4.72767E-1 4.52997E-1 7.3854E-1 7.3814E-1 4.26729E-1 4.93535E-1 7.16302E-1 9.32568E-1 7.39541E-1 3.60102E-1 3.07797E-1 2.0471E-1 4.49138E-2 1.54604E-2 1.29664E-2 8.94576E-3 5.8838E-3 4.53479E-3 1.5855E-3 7.5217E-4 3.91563E-5 3.04047E-5 7.59299E-6 3.18817E-4 -9999 -9999 -9999 -9999 -9999
1E0 1E0 1E0 1E0 1E0 1E0 1E0 1E0 1E0 1E0 1E0 1E0 1E0 1E0 1E0 1E0 1E0 9.99994E-1 9.99994E-1 9.94844E-1 9.18954E-1 9.99809E-1 9.92177E-1 9.97467E-1 9.26176E-1 8.21947E-1 6.78662E-1 7.9175E-1 7.27615E-1 7.95376E-1 7.29007E-1 5.68409E-1 8.98349E-1 6.53046E-1 6.81059E-2 2.73709E-2 9.4934E-3 4.96415E-3 3.33133E-4 8.33266E-3 1.91099E-2 1.23547E-1 2.09892E-1 2.93128E-1 2.79535E-1 4.29716E-1 3.67071E-1 4.40451E-1 5.42431E-1 5.14883E-1 3.8287E-1 3.45269E-1 7.617E-1 8.81842E-1 6.33374E-1 3.82621E-1 2.48289E-1 1.69929E-1 1.83307E-2 2.98423E-3 1.11693E-2 3.47869E-3 1.06648E-3 1.42086E-3 1.58048E-3 1.19104E-4 1.05896E-4 1.18137E-4 1.83216E-4 -9999 -9999 -9999 -9999 -9999
1E0 1E0 1E0 1E0 1E0 1E0 1E0 1E0 1E0 1E0 1E0 1E0 1E0 1E0 1E0 1E0 1E0 9.99474E-1 9.99808E-1 9.69046E-1 9.9538E-1 9.99166E-1 9.92234E-1 9.99963E-1 9.99194E-1 9.46787E-1 9.83876E-1 9.9675E-1 9.98559E-1 9.98294E-1 9.04997E-1 9.34131E-1 9.94826E-1 8.29649E-1 1.30647E-2 5.80868E-3 4.49292E-3 1.57089E-3 2.69431E-4 9.56235E-4 1.79326E-2 6.33303E-2 2.86673E-1 3.01412E-1 1.8514E-1 3.19094E-1 2.99654E-1 4.42226E-1 1.01857E-1 3.53248E-1 3.25589E-1 1.73887E-1 3.98903E-1 4.70482E-1 6.19253E-1 5.87775E-1 4.0288E-1 2.15354E-1 1.95343E-2 8.6886E-3 1.69185E-2 1.10183E-2 5.94101E-3 5.72064E-3 4.41629E-3 1.49338E-3 9.2655E-5 3.71928E-4 1.96475E-4 -9999 -9999 -9999 -9999 -9999
1E0 1E0 1E0 1E0 1E0 1E0 1E0 1E0 1E0 1E0 1E0 1E0 9.99999E-1 1E0 1E0 1E0 1E0 9.96491E-1 9.88675E-1 9.94117E-1 9.67735E-1 9.75118E-1 9.87334E-1 9.99986E-1 9.97647E-1 9.99772E-1 9.71895E-1 9.96937E-1 9.99962E-1 9.99185E-1 9.92858E-1 9.9878E-1 9.8722E-1 3.86301E-1 3.65102E-2 5.11955E-2 3.12295E-2 4.13491E-3 3.90893E-4 6.98522E-4 1.29832E-2 7.33981E-2 2.07974E-1 2.6484E-1 9.85946E-2 1.08606E-1 2.22226E-1 3.39752E-1 1.42922E-1 3.23423E-1 2.2861E-1 2.1598E-1 2.94759E-1 1.31199E-1 2.12913E-1 1.51317E-1 2.3886E-1 1.99716E-1 9.62352E-2 6.19767E-2 2.75593E-2 2.42448E-2 1.69941E-2 7.6733E-3 5.80975E-3 2.64276E-3 1.36155E-5 1.42379E-5 1.86802E-4 -9999 -9999 -9999 -9999 -9999
1E0 1E0 1E0 1E0 1E0 1E0 1E0 1E0 1E0 1E0 1E0 1E0 1E0 9.99996E-1 9.99994E-1 1E0 1E0 9.9991E-1 9.78286E-1 9.75372E-1 9.86359E-1 9.97314E-1 9.99763E-1 9.92454E-1 9.95829E-1 9.32924E-1 9.99633E-1 9.93576E-1 9.99916E-1 9.98469E-1 9.99799E-1 9.95282E-1 9.87198E-1 3.64306E-1 3.70215E-2 9.1992E-3 1.69383E-2 2.46216E-3 1.71625E-4 6.89577E-4 1.92197E-2 8.97259E-2 1.16178E-1 9.19671E-2 2.24086E-2 3.74763E-2 1.53125E-1 1.19255E-1 1.07504E-1 2.75168E-1 2.83594E-1 1.66796E-1 1.55016E-1 1.25981E-1 2.07243E-1 2.36908E-1 2.61298E-1 3.11258E-1 1.06517E-1 2.08046E-1 1.2024E-1 2.02744E-1 9.267E-2 2.02441E-2 8.1952E-3 3.50347E-3 2.3477E-5 2.41146E-5 2.8719E-4 -9999 -9999 -9999 -9999 -9999
1E0 1E0 1E0 1E0 1E0 1E0 1E0 1E0 1E0 1E0 1E0 1E0 1E0 1E0 9.99999E-1 1E0 9.99984E-1 9.99818E-1 9.98424E-1 9.98096E-1 9.99282E-1 9.99975E-1 9.99298E-1 9.94009E-1 9.97218E-1 8.98641E-1 9.6728E-1 9.92562E-1 9.99909E-1 9.20644E-1 9.22513E-1 8.96146E-1 7.58896E-1 8.7281E-1 8.07459E-2 1.88728E-1 4.74053E-2 2.17414E-2 6.79454E-4 8.88642E-5 4.63279E-3 3.87404E-2 2.42897E-1 2.63089E-1 1.47069E-1 1.85969E-1 9.93473E-2 1.26942E-1 3.2141E-2 9.36598E-2 1.01908E-1 1.6074E-1 8.25301E-2 4.43393E-2 1.18803E-1 1.86373E-1 1.66047E-1 1.1485E-1 9.33433E-2 8.66855E-2 7.77104E-2 1.3947E-1 1.11069E-1 6.74016E-2 7.02229E-3 1.22881E-3 3.214E-5 1.62644E-5 4.16819E-4 -9999 -9999 -9999 -9999 -9999
1E0 1E0 1E0 1E0 1E0 1E0 1E0 1E0 1E0 1E0 1E0 1E0 1E0 1E0 9.99993E-1 1E0 1E0 9.99985E-1 9.99949E-1 9.99961E-1 9.98121E-1 1E0 9.95563E-1 9.99657E-1 9.11766E-1 9.83867E-1 9.95059E-1 9.99999E-1 9.99628E-1 9.95009E-1 8.27932E-1 7.55858E-1 4.67109E-1 2.96167E-1 5.80739E-1 8.82959E-2 2.40998E-2 2.05575E-3 6.72102E-4 4.19409E-3 6.38937E-3 3.22639E-2 7.7939E-2 7.99261E-2 9.61518E-2 1.73833E-1 8.94724E-2 4.73062E-2 5.48795E-2 6.74895E-2 1.19412E-1 5.3893E-2 2.48069E-2 4.46392E-2 8.78595E-2 6.93082E-2 1.0031E-1 7.25937E-2 9.78908E-3 8.62665E-3 7.33741E-2 6.59748E-2 2.18899E-2 4.12331E-2 7.61369E-3 1.83682E-3 6.13033E-5 1.96277E-5 7.17988E-5 -9999 -9999 -9999 -9999 -9999
1E0 1E0 1E0 1E0 1E0 1E0 1E0 1E0 1E0 1E0 1E0 1E0 1E0 1E0 9.99999E-1 9.99993E-1 1E0 9.99994E-1 9.99889E-1 9.99909E-1 9.99978E-1 1E0 9.99999E-1 9.99928E-1 9.16696E-1 9.99982E-1 1E0 1E0 9.98068E-1 9.93901E-1 8.05792E-1 9.62249E-1 9.34278E-1 5.22076E-1 2.89494E-1 5.50626E-2 3.68351E-2 7.63113E-3 6.79221E-3 1.2648E-2 3.51788E-2 9.967E-2 1.5117E-2 1.7275E-2 1.41354E-2 5.92001E-2 5.58941E-2 2.38655E-2 4.74434E-2 2.67986E-2 3.93224E-2 3.75047E-2 1.27608E-2 8.35429E-3 1.50735E-2 1.07564E-2 6.07313E-2 2.40711E-2 4.62128E-3 1.86722E-3 2.23646E-2 7.36879E-3 2.62271E-3 3.07519E-3 1.33608E-3 2.18955E-3 3.0161E-5 8.38815E-5 6.01602E-4 -9999 -9999 -9999 -9999 -9999
1E0 1E0 1E0 1E0 1E0 1E0 1E0 1E0 1E0 1E0 1E0 1E0 1E0 1E0 1E0 1E0 1E0 9.9994E-1 9.99971E-1 9.99791E-1 1E0 1E0 9.99067E-1 9.99991E-1 9.68064E-1 9.93075E-1 9.98981E-1 9.91939E-1 9.80413E-1 9.76199E-1 9.71018E-1 9.4765E-1 9.34886E-1 8.70563E-1 7.60754E-1 4.53012E-2 9.75098E-2 5.35043E-2 1.39015E-2 6.75401E-2 4.57844E-1 1.03305E-1 2.15447E-2 4.40552E-2 3.90305E-2 3.18491E-2 1.36648E-2 1.32443E-2 2.16209E-2 1.69622E-2 3.22501E-2 4.66598E-2 6.1882E-3 3.2982E-3 9.7247E-4 2.33831E-3 8.87477E-3 3.0207E-2 2.07069E-2 2.16621E-3 5.39366E-3 2.91177E-3 1.91928E-3 2.51499E-3 1.27622E-4 3.6563E-5 7.38642E-5 2.68351E-4 7.41823E-4 -9999 -9999 -9999 -9999 -9999
1E0 1E0 1E0 1E0 1E0 1E0 1E0 1E0 1E0 1E0 9.99998E-1 9.99999E-1 1E0 9.99996E-1 9.99971E-1 9.99998E-1 1E0 1E0 9.99999E-1 9.99954E-1 1E0 1E0 1E0 9.97533E-1 9.99794E-1 9.98976E-1 9.55858E-1 9.15312E-1 8.79042E-1 9.64907E-1 9.99602E-1 9.99775E-1 9.99421E-1 9.3189E-1 9.71628E-1 8.29429E-1 4.47976E-1 3.40813E-1 1.26052E-1 3.79812E-1 4.84037E-1 3.7312E-1 1.82616E-1 3.14827E-1 2.17619E-1 3.43098E-2 6.7844E-3 1.76035E-2 6.38556E-3 8.51423E-3 1.03955E-2 1.1982E-2 3.82026E-3 9.43143E-4 7.94679E-4 8.61933E-4 8.30954E-3 1.81654E-2 1.3309E-2 1.93252E-2 3.9584E-3 3.62345E-3 1.13743E-3 8.77258E-4 5.17129E-5 1.21695E-5 5.50442E-5 6.56003E-4 6.03064E-4 -9999 -9999 -9999 -9999 -9999
1E0 1E0 1E0 1E0 1E0 1E0 1E0 1E0 1E0 1E0 1E0 1E0 9.99998E-1 9.99995E-1 1E0 1E0 9.99998E-1 1E0 1E0 9.99951E-1 1E0 9.99976E-1 9.99879E-1 9.9965E-1 9.77018E-1 9.89839E-1 9.27735E-1 9.06427E-1 9.96058E-1 9.49051E-1 9.9988E-1 9.98872E-1 9.99887E-1 9.95208E-1 8.30145E-1 5.68846E-1 6.79765E-1 4.87071E-1 1.97701E-1 5.34025E-1 7.30148E-1 3.80021E-1 4.9601E-1 8.55766E-1 6.87388E-1 4.0288E-1 1.67907E-1 4.55612E-2 8.61099E-3 5.39262E-3 6.2578E-3 1.7401E-2 3.58499E-4 1.06329E-4 4.88336E-4 1.35377E-3 2.98305E-3 4.35392E-3 2.0533E-3 3.86414E-3 3.56121E-3 4.0977E-3 2.93037E-3 3.58325E-4 1.15787E-5 2.44838E-5 1.89191E-4 4.16537E-3 -9999 -9999 -9999 -9999 -9999 -9999
1E0 1E0 1E0 1E0 1E0 1E0 1E0 1E0 1E0 1E0 1E0 1E0 9.99886E-1 1E0 9.9995E-1 1E0 9.99969E-1 9.99997E-1 9.99999E-1 1E0 1E0 9.99992E-1 9.9494E-1 9.99996E-1 9.98976E-1 9.99984E-1 9.73629E-1 9.8093E-1 9.89482E-1 9.73661E-1 5.1272E-1 4.90451E-1 4.7467E-1 1.62305E-1 9.48422E-1 9.95761E-1 9.83013E-1 7.74583E-1 4.6868E-1 8.6516E-1 9.39323E-1 6.63487E-1 8.41277E-1 9.86035E-1 8.92427E-1 6.70648E-1 4.86547E-1 8.54994E-2 3.57001E-2 1.38872E-2 6.9975E-4 3.41781E-4 3.76439E-5 5.71589E-5 7.88971E-5 1.15521E-3 3.38144E-4 8.16089E-4 2.11542E-4 8.76321E-4 1.1333E-3 6.01491E-4 3.09047E-4 5.67816E-5 7.25641E-6 4.66898E-5 2.72865E-4 5.76055E-4 -9999 -9999 -9999 -9999 -9999 -9999
1E0 1E0 1E0 1E0 1E0 1E0 1E0 1E0 1E0 9.99997E-1 1E0 1E0 9.99993E-1 9.99913E-1 9.99572E-1 9.99972E-1 9.99993E-1 9.99997E-1 9.99997E-1 1E0 9.99999E-1 9.9962E-1 9.84574E-1 9.9714E-1 9.84375E-1 9.99966E-1 9.9963E-1 9.69642E-1 9.99878E-1 9.99548E-1 9.7317E-1 7.69931E-1 7.54389E-1 8.30931E-1 9.58022E-1 9.89192E-1 9.99713E-1 9.78165E-1 9.80132E-1 9.68725E-1 9.12372E-1 8.44324E-1 9.75736E-1 9.74371E-1 7.01401E-1 7.14464E-1 4.02222E-1 3.26479E-1 6.17767E-2 5.48614E-3 1.29093E-2 3.88167E-4 1.88325E-5 7.88917E-6 6.07508E-5 4.03749E-4 3.14842E-4 2.04998E-4 2.4271E-4 1.90222E-4 1.6426E-4 4.38382E-5 1.42176E-5 8.3774E-6 1.60993E-5 7.73676E-5 4.54621E-4 5.1399E-3 -9999 -9999 -9999 -9999 -9999 -9999
1E0 1E0 1E0 1E0 1E0 1E0 1E0 1E0 1E0 1E0 9.99997E-1 1E0 9.99994E-1 9.9996E-1 9.9993E-1 1E0 9.99999E-1 9.97699E-1 1E0 1E0 9.99942E-1 9.48605E-1 8.8435E-1 9.53963E-1 9.99834E-1 9.9999E-1 9.98547E-1 9.94248E-1 9.97148E-1 9.90199E-1 8.54208E-1 7.60968E-1 7.97514E-1 5.4733E-1 8.92286E-1 9.78405E-1 9.46243E-1 4.52082E-1 5.46812E-1 8.63688E-1 7.76446E-1 9.72678E-1 9.49088E-1 9.64309E-1 7.97838E-1 6.90561E-1 4.95978E-1 1.83248E-1 5.4816E-3 1.78245E-3 6.31467E-4 1.43311E-3 2.24063E-5 1.06538E-5 7.16038E-5 4.88082E-4 7.66108E-5 3.78036E-5 3.15514E-5 1.53122E-4 1.08824E-4 1.5568E-5 1.72177E-5 2.86414E-5 3.51475E-5 4.68142E-5 8.74997E-4 2.33259E-3 -9999 -9999 -9999 -9999 -9999 -9999
1E0 1E0 1E0 1E0 1E0 1E0 1E0 1E0 1E0 1E0 9.99998E-1 1E0 9.99984E-1 9.99898E-1 1E0 1E0 9.99878E-1 9.99978E-1 9.99896E-1 9.99731E-1 9.99958E-1 9.94619E-1 8.17182E-1 8.89319E-1 9.99225E-1 9.92381E-1 9.95721E-1 9.99499E-1 9.99905E-1 9.94015E-1 9.79789E-1 9.41594E-1 8.75872E-1 6.22049E-1 5.32791E-1 5.79007E-1 8.32807E-1 3.76007E-1 4.52568E-1 9.05152E-1 9.80058E-1 9.83406E-1 9.60716E-1 8.15875E-1 5.96971E-1 5.98705E-1 4.89882E-1 2.2687E-2 5.99992E-3 6.79333E-4 2.07434E-4 3.99072E-3 4.31952E-4 5.06673E-4 2.89595E-3 6.93792E-4 2.94118E-4 7.43174E-5 2.1068E-5 2.63878E-5 2.78737E-5 2.05297E-5 6.99113E-5 9.7087E-5 1.23743E-4 4.35841E-5 8.91374E-5 4.00075E-4 -9999 -9999 -9999 -9999 -9999 -9999
1E0 1E0 1E0 1E0 1E0 1E0 1E0 1E0 1E0 1E0 1E0 1E0 9.99996E-1 9.99968E-1 9.99998E-1 1E0 9.99976E-1 9.99949E-1 9.9992E-1 9.99981E-1 1E0 9.79421E-1 9.82577E-1 7.79818E-1 9.83081E-1 9.99466E-1 9.99599E-1 9.97906E-1 9.99985E-1 9.99959E-1 9.63206E-1 9.94699E-1 9.79564E-1 8.55293E-1 5.07515E-1 6.04016E-1 6.23966E-1 4.92867E-1 8.17708E-1 8.96348E-1 9.94056E-1 9.98997E-1 6.70215E-1 4.40696E-1 4.2838E-1 7.55642E-1 2.37356E-1 7.04096E-3 6.01677E-3 1.21224E-3 4.53884E-4 4.14056E-3 1.32718E-3 5.37485E-3 5.94675E-3 2.09061E-3 1.27499E-3 1.5336E-4 2.16026E-5 1.14221E-5 1.11955E-5 1.48455E-5 2.63901E-5 3.21432E-5 1.52556E-4 8.64769E-4 1.06496E-4 2.46767E-4 -9999 -9999 -9999 -9999 -9999 -9999
1E0 1E0 1E0 1E0 1E0 1E0 1E0 1E0 1E0 1E0 1E0 9.99837E-1 9.99999E-1 9.99949E-1 1E0 1E0 9.99999E-1 9.9936E-1 9.99935E-1 1E0 9.99996E-1 9.81783E-1 9.7868E-1 9.12646E-1 9.64852E-1 9.03537E-1 9.88239E-1 9.98598E-1 9.997E-1 9.99426E-1 9.9406E-1 9.90792E-1 9.86137E-1 9.79327E-1 9.39509E-1 8.14318E-1 6.55384E-1 8.4363E-1 9.78064E-1 9.52203E-1 9.88605E-1 9.98905E-1 9.9495E-1 8.3906E-1 8.03411E-1 7.40298E-1 2.61104E-1 4.36897E-3 2.05517E-3 6.06783E-4 1.14729E-3 1.41846E-2 1.00989E-2 1.38307E-2 5.98717E-3 3.7878E-3 1.43647E-3 3.28161E-4 2.94378E-5 9.10321E-6 1.15241E-5 1.40021E-5 1.6235E-5 1.45414E-5 6.14151E-5 3.37182E-4 6.11275E-4 -9999 -9999 -9999 -9999 -9999 -9999 -9999
1E0 1E0 1E0 1E0 1E0 1E0 1E0 1E0 1E0 1E0 9.99979E-1 9.99995E-1 9.99999E-1 1E0 1E0 1E0 9.99999E-1 1E0 1E0 1E0 9.99993E-1 9.99219E-1 9.83244E-1 9.99878E-1 9.92627E-1 9.54865E-1 9.79665E-1 9.92284E-1 9.99937E-1 9.60825E-1 9.64299E-1 9.86964E-1 9.94922E-1 9.94279E-1 9.93944E-1 9.35188E-1 7.28153E-1 9.68436E-1 9.99678E-1 9.97915E-1 9.7695E-1 9.98787E-1 9.97146E-1 9.586E-1 8.38005E-1 6.15117E-1 2.24254E-1 5.52013E-3 7.23229E-4 9.30447E-4 2.52561E-3 1.66405E-2 1.12755E-2 1.57352E-3 1.77117E-4 9.5684E-5 6.18743E-5 2.72481E-5 7.7501E-6 3.2284E-5 4.17836E-5 5.90253E-5 1.90305E-4 2.65834E-5 1.72546E-5 4.6975E-5 1.93145E-4 -9999 -9999 -9999 -9999 -9999 -9999 -9999
1E0 1E0 1E0 1E0 1E0 1E0 1E0 1E0 1E0 1E0 1E0 9.9996E-1 1E0 1E0 1E0 1E0 1E0 9.99987E-1 9.99469E-1 9.99948E-1 9.99942E-1 9.9926E-1 9.4121E-1 9.53207E-1 9.96026E-1 9.9998E-1 9.99319E-1 9.81734E-1 9.81345E-1 9.95634E-1 9.84637E-1 8.6668E-1 9.56951E-1 9.90242E-1 9.86146E-1 9.28402E-1 8.66503E-1 9.85581E-1 9.99907E-1 9.99902E-1 9.99323E-1 8.80414E-1 8.32682E-1 9.47149E-1 7.73851E-1 5.92747E-1 2.29653E-1 2.56594E-2 1.02614E-3 7.62618E-3 1.525E-2 7.98945E-3 3.49303E-3 1.4934E-4 5.23863E-5 4.21357E-5 3.88138E-5 7.66726E-6 2.08335E-5 3.07808E-5 3.10989E-5 3.87763E-4 8.53046E-4 1.21554E-4 1.04795E-4 9.69356E-5 -9999 -9999 -9999 -9999 -9999 -9999 -9999 -9999
1E0 1E0 1E0 1E0 1E0 1E0 1E0 1E0 1E0 1E0 9.99941E-1 1E0 1E0 1E0 1E0 9.99996E-1 9.9987E-1 9.99144E-1 9.99996E-1 1E0 9.99021E-1 9.99199E-1 9.9982E-1 9.9953E-1 9.99595E-1 9.99998E-1 9.99881E-1 9.99702E-1 9.97576E-1 9.84716E-1 9.85454E-1 9.7363E-1 9.78666E-1 9.96578E-1 9.99874E-1 9.9915E-1 8.4629E-1 9.71222E-1 9.93122E-1 9.99943E-1 9.93232E-1 6.38361E-1 5.15429E-1 2.35637E-1 2.0193E-1 4.02825E-1 1.33574E-1 1.93341E-2 1.23439E-3 1.78397E-3 4.09586E-3 2.72922E-3 1.76515E-3 8.61153E-4 1.48266E-3 3.27546E-4 2.71318E-5 1.73906E-5 4.09817E-5 8.18587E-5 2.07047E-4 3.02847E-4 6.31649E-4 1.03784E-3 6.37442E-4 5.24453E-4 -9999 -9999 -9999 -9999 -9999 -9999 -9999 -9999
1E0 1E0 1E0 1E0 1E0 1E0 1E0 1E0 1E0 9.99999E-1 9.99999E-1 1E0 1E0 1E0 1E0 9.99578E-1 9.98867E-1 9.98721E-1 9.99997E-1 1E0 9.87798E-1 9.97844E-1 9.97936E-1 9.99747E-1 9.99897E-1 9.99931E-1 9.99799E-1 9.91926E-1 8.9337E-1 9.95271E-1 9.96087E-1 9.9986E-1 9.99774E-1 9.98955E-1 9.99938E-1 9.94859E-1 9.23925E-1 9.84534E-1 9.97855E-1 9.89922E-1 2.98883E-1 8.43852E-1 4.45374E-1 3.50074E-1 2.16972E-1 1.51837E-1 9.97046E-2 6.39473E-2 1.27342E-3 2.51484E-4 9.30484E-4 5.97678E-3 1.48598E-2 9.59378E-3 4.18562E-3 9.38661E-4 4.66747E-5 6.29748E-5 1.7916E-5 7.091E-5 7.81281E-5 1.01236E-4 5.06332E-4 7.71524E-4 4.84207E-4 -9999 -9999 -9999 -9999 -9999 -9999 -9999 -9999 -9999
1E0 1E0 1E0 1E0 1E0 1E0 1E0 1E0 1E0 1E0 9.99999E-1 1E0 1E0 9.99998E-1 9.99924E-1 9.99818E-1 9.99993E-1 9.99348E-1 9.99952E-1 9.98002E-1 9.99934E-1 9.98813E-1 9.59873E-1 9.41155E-1 9.81401E-1 9.6359E-1 9.86117E-1 9.79937E-1 7.36858E-1 8.97205E-1 9.89747E-1 9.99936E-1 9.99599E-1 9.99822E-1 9.99973E-1 9.99393E-1 8.85984E-1 7.96275E-1 7.21712E-1 6.6929E-1 6.66107E-1 9.55972E-1 9.17222E-1 7.63352E-1 2.68319E-1 5.27442E-1 2.04419E-1 8.80503E-2 6.87027E-3 1.75795E-4 2.55876E-4 1.28175E-4 4.56689E-3 1.77676E-2 6.35214E-3 2.9845E-3 9.27148E-5 5.67477E-5 3.68932E-5 3.68302E-5 4.03804E-4 5.13626E-4 4.24261E-5 1.14052E-4 1.06739E-3 -9999 -9999 -9999 -9999 -9999 -9999 -9999 -9999 -9999
1E0 1E0 1E0 1E0 1E0 1E0 1E0 -9999 1E0 1E0 -9999 1E0 1E0 1E0 9.99999E-1 1E0 1E0 1E0 1E0 1E0 1E0 9.95567E-1 9.71077E-1 9.71985E-1 9.99959E-1 9.9973E-1 9.86595E-1 9.51894E-1 9.44839E-1 7.3824E-1 9.82992E-1 9.99476E-1 9.9583E-1 9.92497E-1 9.93457E-1 9.96714E-1 7.12737E-1 7.03905E-1 9.26435E-1 5.7933E-1 9.59547E-1 9.37752E-1 8.85513E-1 6.27874E-1 6.81197E-1 7.40287E-1 5.45697E-1 2.01106E-1 1.51391E-1 2.82337E-2 2.92161E-4 1.69681E-4 2.84355E-3 2.07814E-2 5.4433E-3 2.00241E-3 8.82536E-5 6.26378E-5 3.68634E-5 3.34552E-5 1.2308E-3 6.70803E-4 9.50054E-5 9.84409E-4 -9999 -9999 -9999 -9999 -9999 -9999 -9999 -9999 -9999 -9999
1E0 1E0 1E0 1E0 1E0 1E0 1E0 1E0 1E0 1E0 1E0 1E0 1E0 9.99883E-1 9.99979E-1 9.99999E-1 1E0 9.99871E-1 9.99927E-1 9.99999E-1 1E0 9.99804E-1 9.99889E-1 9.87913E-1 9.90172E-1 9.95532E-1 9.814E-1 9.94638E-1 9.55661E-1 9.69284E-1 9.99997E-1 9.96462E-1 9.74406E-1 9.68032E-1 9.30338E-1 9.9702E-1 9.93017E-1 9.51368E-1 7.70582E-1 9.35193E-1 9.93207E-1 9.88122E-1 9.81178E-1 9.9065E-1 9.87375E-1 8.38127E-1 3.81534E-1 1.68911E-1 2.97896E-1 2.22061E-1 7.11042E-3 5.85416E-4 1.23905E-2 1.40948E-2 1.59727E-2 4.65095E-3 9.74871E-5 6.77305E-5 1.42377E-5 8.03584E-5 8.78959E-4 3.05676E-4 4.82654E-4 1.74622E-4 -9999 -9999 -9999 -9999 -9999 -9999 -9999 -9999 -9999 -9999
