ENM/Final_Models/M_0.9_F_q_Set_1_E/Gustavia_santanderiensis_8_Choco_novel.asc
ncols         367
nrows         963
xllcorner     -78.6
yllcorner     0.65
cellsize      0.00833333333333323
NODATA_value  -9999
[rows 660 to 689 of 963, columns 136 to 203 of 367]
-9999 -9999 -9999 -9999 -6.55292E1 -6.10427E1 -5.92733E1 -6.40758E1 -6.7109E1 -6.77725E1 -6.49605E1 -6.02041E1 -6.93878E1 -6.88775E1 -6.83673E1 -6.78571E1 -6.68367E1 -7.7551E1 -4.73618E1 -4.40126E1 -4.07583E1 -6.07143E1 -6.88775E1 -6.68367E1 -5.40816E1 -5.05102E1 -5.30612E1 -6.22449E1 -5.2551E1 -5.30612E1 -3.46288E1 -2.36019E1 -2.5E1 -2.5E1 -2.05371E1 -2.09163E1 -9.44708E0 -8.12006E0 -6.12245E0 -6.63265E0 -2.55102E0 -1.35861E0 -3.34913E0 -1.58163E1 2.19605E-1 -1.02041E1 -3.87755E1 -1.88776E1 -1.9898E1 -7.99368E0 -8.02528E0 -9.19431E0 -1.27551E1 -5.10204E0 5.98922E-1 1.33759E0 4.55181E0 1.29966E1 2.62128E1 1.5572E1 2.57137E1 1.89858E1 2.69515E0 1.82072E1 2.00639E1 1.93851E1 2.00639E1 1.97045E1
-9999 -9999 -9999 -6.17378E1 -6.15482E1 -6.05371E1 -6.43602E1 -6.32227E1 -6.30964E1 -6.76461E1 -6.63507E1 -6.45814E1 -5.95893E1 -6.83673E1 -6.73469E1 -5.04897E1 -6.32653E1 -6.27551E1 -5.45918E1 -7.7551E1 -3.99368E1 -3.55134E1 -4.27172E1 -3.95577E1 -5.2551E1 -6.37755E1 -5.10204E1 -5.30612E1 -4.94898E1 -6.17347E1 -4.89796E1 -3.25118E1 -2.76145E1 -2.26224E1 -1.41864E1 -1.37755E1 -6.09795E0 -2.21169E0 3.99281E-2 1.99641E-2 -5.61225E0 -1.93878E1 -3.03318E0 -2.8436E-1 -6.12245E0 -3.46939E1 -3.0102E1 -4.13265E1 1.59713E-1 -1.27551E1 -1.22449E1 5.98922E-1 4.79138E-1 1.03813E0 1.61509E1 5.82951E0 4.1126E0 1.29966E1 2.45358E1 2.31982E1 3.45378E1 2.90078E1 1.89858E1 1.49132E1 1.7768E1 2.23198E1 1.61509E1 1.32561E1
-9999 -9999 -9999 -7.04082E1 -6.17694E1 -5.69036E1 -6.1485E1 -6.95735E1 -6.46761E1 -7.14286E1 -7.09184E1 -7.14286E1 -7.04082E1 -6.12245E1 -6.02041E1 -4.93839E1 -4.65719E1 -5.56122E1 -5.91837E1 -4.72986E1 -6.27551E1 -6.27551E1 -3.99052E1 -4.54344E1 -5.71429E1 -5.66327E1 -5.61224E1 -5.20408E1 -6.37755E1 -6.37755E1 -6.17347E1 -5.35714E1 -3.22591E1 -2.42338E1 -1.82306E1 -1.48499E1 -6.91943E0 -1.02041E1 -1.11532E1 -2.34694E1 -4.28571E1 -5.35714E1 -4.28571E1 -5.56122E1 -3.26531E1 -4.28571E1 -2.5E1 -1.07143E1 -9.69388E0 -7.14286E0 -2.2449E1 5.58994E-1 6.18886E-1 9.78239E-1 1.2777E0 1.57716E0 1.93651E0 7.46656E0 1.64903E1 2.12018E1 2.58734E1 2.00639E1 2.22E1 9.66261E0 1.61509E1 1.49132E1 1.70293E1 2.224E1
-9999 -9999 -6.9898E1 -7.09184E1 -5.72512E1 -6.12006E1 -6.35387E1 -5.79463E1 -6.12954E1 -6.02041E1 -6.02041E1 -6.09479E1 -7.09184E1 -6.22449E1 -5.76531E1 -5.76531E1 -5.66327E1 -5.66327E1 -6.02041E1 -6.02041E1 -5.56122E1 -8.52041E1 -6.32653E1 -7.19388E1 -6.73469E1 -4.37915E1 -4.02212E1 -3.49131E1 -4.18957E1 -5.20408E1 -5.45918E1 -5.71429E1 -3.06122E1 -1.90521E1 -1.64297E1 -1.45656E1 -2.39494E1 -4.59184E1 -5.10204E1 -5E1 -4.38776E1 -4.33673E1 -6.63265E1 -3.06122E1 -3.36735E1 -3.46939E1 -2.2449E1 -7.65306E0 -1.02041E0 -3.06122E0 -1.42857E1 1.51727E0 9.98203E-2 7.98563E-2 3.67339E0 6.40846E0 2.03633E0 2.21601E0 1.49132E1 2.45358E1 1.79876E1 9.66261E0 6.40846E0 6.82771E0 1.11998E1 9.66261E0 1.29966E1 1.8886E1
-9999 -9999 -7.14286E1 -6.21485E1 -5.72196E1 -6.27488E1 -6.31596E1 -5.8515E1 -6.04423E1 -7.14286E1 -5.87362E1 -6.12245E1 -5.87046E1 -6.02528E1 -5.82938E1 -5.81633E1 -5.81633E1 -6.9898E1 -6.9898E1 -6.12245E1 -5.66327E1 -6.93878E1 -5.66327E1 -5.66327E1 -5.96939E1 -3.82622E1 -3.65561E1 -2.83412E1 -3.11224E1 -3.41548E1 -3.47235E1 -3.21429E1 -3.16327E1 -2.27172E1 -2.5E1 -2.39796E1 -2.10111E1 -5.61224E1 -4.38776E1 -2.90816E1 -1.83673E1 -4.38776E1 -4.94898E1 -4.28571E1 -3.77551E1 -1.63265E1 -9.69388E0 -2.04082E0 9.98203E-2 3.99281E-2 -2.04082E0 -5.61225E0 5.98922E-2 1.99641E-2 8.12537E0 5.45019E0 2.15612E0 2.15612E0 3.01457E0 1.70094E1 1.78479E1 1.29966E1 9.66261E0 5.45019E0 5.45019E0 1.61509E1 2.59333E1 1.86664E1
-9999 -7.19388E1 -5.69352E1 -6.28752E1 -6.06003E1 -6.1169E1 -6.07267E1 -5.59558E1 -5.86098E1 -6.07143E1 -5.83254E1 -5.95893E1 -7.09184E1 -5.87362E1 -7.04082E1 -7.14286E1 -7.14286E1 -7.2449E1 -7.09184E1 -6.22449E1 -5.76531E1 -6.93878E1 -6.83673E1 -5.71429E1 -6.12245E1 -6.83673E1 -3.46939E1 -2.297E1 -3.11224E1 -3.41837E1 -2.95918E1 -2.50869E1 -1.89258E1 -2.34439E1 -5E1 -5.91837E1 -5.61224E1 -4.94898E1 -3.62245E1 -1.47959E1 -1.63265E1 -4.43878E1 -4.7449E1 -5.35714E1 -4.18367E1 -2.65306E1 -2.2449E1 -1.22449E1 -2.04082E0 9.98203E-2 1.59713E-1 2.39569E-1 4.99102E-1 5.98922E-2 6.82771E0 9.66261E0 8.92394E0 6.40846E0 1.51727E0 1.11998E1 1.50529E1 1.45139E1 1.41346E1 9.66261E0 3.01457E0 6.40846E0 1.29966E1 2.32781E1
-9999 -6.18009E1 -5.74092E1 -6.02041E1 -5.91837E1 -5.96939E1 -5.82938E1 -5.89573E1 -6.297E1 -7.34694E1 -6.17347E1 -6.22449E1 -7.19388E1 -5.86735E1 -5.96939E1 -7.19388E1 -7.19388E1 -7.19388E1 -7.14286E1 -5.86735E1 -5.81633E1 -6.9898E1 -6.9898E1 -6.93878E1 -5.76531E1 -6.17347E1 -3.62245E1 -2.33491E1 -3.21429E1 -2.80253E1 -1.93997E1 -2.32859E1 -3.06122E1 -3.06122E1 -5.20408E1 -5.76531E1 -5.71429E1 -5.20408E1 -2.80612E1 -6.63265E0 -2.14286E1 -4.28571E1 -4.13265E1 -3.16327E1 -3.57143E1 -2.85714E1 -1.37755E1 3.99281E-2 7.98563E-2 5.98922E-2 2.03633E0 1.37353E1 5.45019E0 9.98203E-2 6.40846E0 3.67339E0 1.79876E1 1.70293E1 3.67339E0 4.1126E0 3.35396E0 1.11998E1 1.49132E1 7.46656E0 3.67339E0 1.38551E1 1.32761E1 1.37353E1
-6.1327E1 -5.99684E1 -6.35071E1 -7.2449E1 -6.07143E1 -6.07143E1 -6.12245E1 -6.12245E1 -6.17347E1 -6.27551E1 -6.27551E1 -7.34694E1 -7.29592E1 -6.02041E1 -7.2449E1 -6.22449E1 -7.39796E1 -7.2449E1 -7.09184E1 -5.96939E1 -5.05529E1 -5.07741E1 -5.81633E1 -6.68367E1 -6.93878E1 -4.47709E1 -6.17347E1 -5.76531E1 -2.50553E1 -2.12954E1 -2.04107E1 -2.22117E1 -3.21429E1 -3.11224E1 -5.20408E1 -2.55102E1 -5E1 -3.62245E1 -2.60204E1 -2.55102E0 -1.26382E0 -3.67347E1 -3.31633E1 -1.42857E1 -2.09184E1 -2.2449E1 -1.93878E1 2.25594E1 2.35576E1 2.30984E1 2.23398E1 2.18207E1 2.60331E1 1.59713E-1 4.59174E-1 2.39569E-1 1.70293E1 1.88061E1 1.01817E1 4.1126E0 3.67339E0 2.41565E0 6.40846E0 4.93112E0 1.01218E1 1.97844E1 1.79876E1 2.96666E1
-7.39796E1 -6.33175E1 -6.07267E1 -5.66327E1 -6.55924E1 -6.47709E1 -6.12245E1 -7.39796E1 -6.27551E1 -6.32653E1 -5.71429E1 -5.76531E1 -7.34694E1 -6.07143E1 -7.2449E1 -7.34694E1 -6.63265E1 -6.63265E1 -6.07143E1 -6.47959E1 -5.07741E1 -4.8436E1 -6.78571E1 -4.60348E1 -4.37599E1 -7.60204E1 -6.68367E1 -6.73469E1 -2E1 -1.93997E1 -2.12322E1 -2.47709E1 -5.20408E1 -3.06122E1 -3.0102E1 -5E1 -5E1 -2.60204E1 -1.9898E1 7.98563E-2 5.98922E-2 -3.77551E1 -2.55102E1 -5.61225E0 -1.27551E1 -9.69388E0 6.40846E0 2.22E1 2.6133E1 2.75304E1 2.02036E1 1.75484E1 2.11819E1 1.59713E-1 7.98563E-2 9.98203E-2 1.19984E1 1.11998E1 3.35396E0 6.40846E0 8.92394E0 7.46656E0 4.47195E0 3.01457E0 7.72609E0 2.15612E1 1.59513E1 2.23598E1
-7.44898E1 -6.66983E1 -6.39494E1 -6.04739E1 -5.94945E1 -6.02041E1 -6.22449E1 -7.5E1 -6.32653E1 -6.40126E1 -7.44898E1 -7.5E1 -6.37755E1 -6.12245E1 -6.68367E1 -7.39796E1 -6.63265E1 -6.73469E1 -7.09184E1 -5.04265E1 -5.37757E1 -4.55292E1 -5.44708E1 -5.91837E1 -6.02041E1 -8.21429E1 -9.08163E1 -4.4613E1 -3.05213E1 -3.36735E1 -3.36735E1 -1.73776E1 -2.80612E1 -2.18957E1 -2.99526E1 -3.33017E1 -4.38776E1 -2.39796E1 -9.18367E0 1.59713E-1 7.98563E-2 -2.44898E1 -4.23469E1 -2.04082E1 -1.02041E1 -2.04082E0 1.61909E1 2.52745E1 2.09623E1 1.70293E1 2.36973E1 2.34777E1 2.37373E1 1.59713E-1 6.58814E-1 9.78239E-1 9.66261E0 4.93112E0 1.29966E1 9.92214E0 9.10361E0 1.37153E1 1.2757E1 8.80415E0 5.82951E0 9.26333E0 1.71891E1 1.85865E1
-7.44898E1 -6.30964E1 -6.59084E1 -5.90205E1 -5.77883E1 -5.66327E1 -6.27551E1 -7.55102E1 -6.32653E1 -6.72038E1 -7.44898E1 -7.44898E1 -7.5E1 -7.5E1 -6.22449E1 -7.39796E1 -7.44898E1 -7.44898E1 -6.68367E1 -6.12245E1 -7.09184E1 -4.8436E1 -7.09184E1 -6.02041E1 -6.58163E1 -5.96939E1 -6.47959E1 -6.93878E1 -6.78571E1 -6.02041E1 -5.86735E1 -3.11224E1 -1.96524E1 -2.06319E1 -2.64771E1 -2.96682E1 -3.97959E1 -2.60204E1 -1.32653E1 -9.69388E0 -2.09184E1 -1.68367E1 -1.27551E1 -5.61225E0 -1.53061E1 -3.06122E0 1.79876E1 2.01038E1 2.10022E1 2.00639E1 2.08026E1 1.95847E1 2.22599E1 4.47195E0 2.09623E1 1.83669E1 1.19984E1 1.49132E1 1.47734E1 1.29966E1 8.92394E0 1.31962E1 1.4993E1 1.67498E1 8.92394E0 9.02376E0 1.29966E1 1.29966E1
-7.39796E1 -7.5E1 -6.27551E1 -5.76531E1 -5.92101E1 -5.87994E1 -6.17347E1 -7.55102E1 -6.37755E1 -6.47959E1 -6.48973E1 -6.33175E1 -7.55102E1 -7.5E1 -7.44898E1 -7.5E1 -7.5E1 -7.5E1 -8.77551E1 -7.34694E1 -7.39796E1 -6.27551E1 -7.44898E1 -7.34694E1 -7.2449E1 -7.2449E1 -6.63265E1 -7.5E1 -6.68367E1 -3.72449E1 -3.62245E1 -1.63265E1 -1.5545E1 -1.51975E1 -2.05687E1 -2.90047E1 -4.18367E1 -2.594E1 -3.97959E1 -4.03061E1 -4.23469E1 -3.87755E1 -1.83673E1 -2.04082E1 -2.7551E1 -5.61225E0 2.00639E1 2.15812E1 2.15812E1 2.07427E1 2.06828E1 2.14813E1 2.37972E1 4.93112E0 1.78878E1 1.91455E1 1.82671E1 1.71491E1 1.36754E1 1.28569E1 1.79876E1 1.58714E1 1.59114E1 1.79876E1 1.63106E1 1.29966E1 1.20783E1 1.29966E1
-7.44898E1 -6.4613E1 -6.45814E1 -5.76531E1 -6.15166E1 -6.28752E1 -6.22449E1 -7.5E1 -6.42857E1 -7.65306E1 -7.55102E1 -7.60204E1 -6.42857E1 -6.37755E1 -6.32653E1 -7.55102E1 -6.37755E1 -6.32653E1 -6.83673E1 -6.32653E1 -7.44898E1 -7.44898E1 -7.5E1 -6.22449E1 -6.17347E1 -6.22449E1 -6.17347E1 -6.58163E1 -4.28571E1 -3.62245E1 -1.78571E1 -1.38073E1 -1.40916E1 -8.68878E0 -1.9684E1 -2.88152E1 -2.08847E1 -2.96051E1 -2.14286E1 -5.30612E1 -5E1 -4.54082E1 -3.52041E1 -3.46939E1 -3.36735E1 2.21601E0 2.00639E1 1.57516E1 1.40347E1 1.78279E1 2.45159E1 2.12617E1 2.45358E1 4.93112E0 1.61509E1 1.7249E1 2.39768E1 2.04831E1 1.94849E1 1.40347E1 2.02436E1 1.54322E1 1.91855E1 2.00439E1 1.64903E1 2.58734E1 1.89858E1 2.65123E1
-6.27551E1 -5.94945E1 -6.47393E1 -6.22449E1 -6.85308E1 -6.43602E1 -7.55102E1 -7.44898E1 -7.60204E1 -7.65306E1 -7.70408E1 -7.70408E1 -7.7551E1 -6.47959E1 -7.04082E1 -6.42857E1 -7.65306E1 -7.5E1 -7.5E1 -6.42857E1 -7.55102E1 -6.47959E1 -7.19388E1 -5.13744E1 -4.92575E1 -6.73469E1 -6.88775E1 -6.12245E1 -6.58163E1 -3.91153E1 -2.98894E1 -3.0102E1 -3.31633E1 -1.75671E1 -2.5466E1 -1.55134E1 -1.50711E1 -2.25908E1 -2.27488E1 -2.09184E1 -5.10204E1 -5.10204E1 -4.59184E1 -4.13265E1 -4.7449E1 1.21781E0 2.00639E1 2.29986E1 1.79876E1 1.79876E1 1.89659E1 2.20803E1 2.62128E1 1.21781E0 5.45019E0 1.29966E1 2.86684E1 2.7211E1 2.09623E1 2.45358E1 2.14015E1 1.56918E1 1.37153E1 1.8866E1 2.04432E1 2.30585E1 1.54721E1 1.79876E1
-6.37755E1 -6.297E1 -5.84202E1 -7.60204E1 -7.55102E1 -6.22449E1 -7.5E1 -6.32653E1 -7.70408E1 -7.65306E1 -6.47959E1 -6.53061E1 -7.80612E1 -6.53061E1 -7.70408E1 -6.47959E1 -7.70408E1 -7.60204E1 -7.60204E1 -7.55102E1 -7.60204E1 -7.14286E1 -5.2733E1 -5.01738E1 -4.37599E1 -4.72038E1 -6.88775E1 -6.32653E1 -6.22449E1 -4.15798E1 -3.4218E1 -5.71429E1 -3.83254E1 -3.15008E1 -2.72354E1 -2.34123E1 -2.09184E1 -1.37755E1 -1.16272E1 -2.09184E1 -4.89796E1 -2.7551E1 -2.29592E1 -2.04082E1 -1.53061E1 -2.7551E1 1.19984E1 2.41565E0 2.52945E1 1.50729E1 2.0543E1 2.02635E1 2.43961E1 3.01457E0 1.59713E-1 1.39748E-1 2.39569E-1 1.59713E-1 1.11998E1 1.70293E1 2.22E1 2.56339E1 2.7211E1 6.82771E0 2.45358E1 1.29966E1 1.71292E1 1.81074E1
-6.37755E1 -6.47393E1 -6.28436E1 -6.42857E1 -7.65306E1 -7.65306E1 -7.70408E1 -7.80612E1 -7.7551E1 -7.7551E1 -6.53061E1 -7.7551E1 -6.63265E1 -7.39796E1 -6.58163E1 -7.2449E1 -6.58163E1 -7.65306E1 -7.60204E1 -7.55102E1 -6.58163E1 -7.60204E1 -7.29592E1 -7.14286E1 -6.9898E1 -4.71406E1 -6.93878E1 -6.83673E1 -6.37755E1 -6.17347E1 -3.41837E1 -3.31633E1 -6.37755E1 -6.02041E1 -2.99842E1 -2.70774E1 -9.69388E0 -2.70774E1 -2.80885E1 -3.08689E1 -6.32653E1 -3.62245E1 -5.61225E0 -5.61225E0 -2.04082E0 3.99281E-2 -5.10204E0 1.03813E1 2.00639E1 2.22E1 2.21002E1 1.89858E1 2.48553E1 1.73687E0 1.59713E-1 2.39569E-1 2.39569E-1 2.39569E-1 2.03633E0 1.49132E1 9.66261E0 1.61509E1 7.46656E0 1.03813E1 1.79876E1 4.47195E0 1.37353E1 1.37353E1
-6.45814E1 -6.64139E1 -6.47959E1 -6.42857E1 -6.53061E1 -7.80612E1 -6.58163E1 -7.85714E1 -7.85714E1 -7.85714E1 -7.80612E1 -7.7551E1 -7.80612E1 -7.44898E1 -5.4376E1 -5.24171E1 -7.19388E1 -7.14286E1 -6.63265E1 -6.63265E1 -6.63265E1 -6.63265E1 -4.57504E1 -7.14286E1 -7.60204E1 -6.53061E1 -7.5E1 -7.04082E1 -6.47959E1 -6.42857E1 -4.28571E1 -6.02041E1 -5.76531E1 -6.53061E1 -6.53061E1 -3.5545E1 -1.05529E1 -3.01422E1 -3.37441E1 -3.33649E1 -5.2551E1 -3.82653E1 -1.73469E1 -1.9898E1 -1.37755E1 -5.61225E0 5.98922E-2 2.13216E1 2.51946E1 2.48553E1 1.93452E1 2.61729E1 2.21601E0 9.98203E-2 6.78778E-1 5.19066E-1 9.78239E-1 5.58994E-1 1.03813E1 1.19984E1 3.01457E0 1.37353E1 1.70293E1 2.45358E1 5.45019E0 8.92394E0 1.03813E1 2.85885E1
-7.7551E1 -7.7551E1 -6.47959E1 -7.80612E1 -6.53061E1 -7.90816E1 -6.68367E1 -7.95918E1 -7.90816E1 -7.95918E1 -7.34694E1 -7.90816E1 -6.78571E1 -6.00948E1 -5.38705E1 -5.19747E1 -6.78571E1 -4.55608E1 -4.73618E1 -7.39796E1 -6.73469E1 -7.29592E1 -6.68367E1 -6.58163E1 -7.60204E1 -7.2449E1 -7.2449E1 -7.39796E1 -7.14286E1 -7.2449E1 -3.57143E1 -5.81633E1 -5.76531E1 -6.9898E1 -3.26531E1 -3.46603E1 -4.69388E1 -4.7449E1 -4.94898E1 -2.63823E1 -4.13265E1 -3.36735E1 -3.16327E1 -2.95918E1 -2.85714E1 -1.47959E1 -1.12245E1 1.79876E1 1.84867E1 4.47195E0 3.35396E0 1.2777E0 1.99641E-2 1.39748E-1 7.58634E-1 4.19245E-1 4.99102E-1 9.78239E-1 1.70293E1 6.82771E0 3.35396E0 6.40846E0 2.53344E1 2.05231E1 2.09623E1 2.26193E1 2.43961E1 2.30186E1
-7.80612E1 -7.80612E1 -7.85714E1 -7.90816E1 -6.68367E1 -8.0102E1 -8.0102E1 -7.95918E1 -7.95918E1 -7.95918E1 -7.44898E1 -6.83673E1 -6.88775E1 -5.73144E1 -5.23539E1 -5.81359E1 -5.28594E1 -4.55608E1 -4.75513E1 -4.92259E1 -7.39796E1 -7.39796E1 -6.68367E1 -6.58163E1 -7.65306E1 -6.68367E1 -6.73469E1 -6.78571E1 -7.65306E1 -7.14286E1 -6.9898E1 -6.58163E1 -7.14286E1 -7.04082E1 -3.62245E1 -2.84992E1 -5.15306E1 -4.59184E1 -4.03061E1 -4.03061E1 -2.5E1 -2.95918E1 -4.54082E1 -4.7449E1 -4.54082E1 -2.60204E1 -2.34694E1 -1.88776E1 -4.08163E0 9.98203E-2 1.59713E-1 5.98922E-2 3.99281E-2 1.59713E-1 9.98203E-2 7.98563E-2 3.19425E-1 7.78599E-1 9.66261E0 1.57716E0 2.21601E0 1.93651E0 1.61509E1 2.74905E1 1.9465E1 2.6652E1 2.23797E1 2.64923E1
-7.85714E1 -7.90816E1 -6.68367E1 -7.95918E1 -8.0102E1 -6.78571E1 -6.83673E1 -6.83673E1 -6.83673E1 -6.88775E1 -6.93878E1 -6.93878E1 -6.9898E1 -7.70408E1 -7.7551E1 -5.2733E1 -5.2891E1 -5.16272E1 -5.20695E1 -4.77409E1 -5.43128E1 -4.59084E1 -4.62243E1 -7.2449E1 -6.68367E1 -7.09184E1 -4.91311E1 -6.83673E1 -7.55102E1 -7.2449E1 -7.09184E1 -7.09184E1 -8.06122E1 -6.32653E1 -3.41837E1 -4.00948E1 -2.2449E1 -2.14286E1 -3.97959E1 -3.06122E1 -3.87755E1 -5.78199E0 -4.64286E1 -5.81633E1 -5E1 -5.20408E1 -2.34694E1 -8.67347E0 -4.59184E0 -1.02041E0 1.59713E-1 5.98922E-2 -7.14286E0 7.98563E-2 5.98922E-2 -3.57143E0 7.98563E-2 2.39569E-1 1.59713E-1 2.79497E-1 1.11998E1 1.49132E1 8.98383E-1 1.4973E0 2.43961E1 1.03015E1 2.43562E1 2.1641E1
-7.95918E1 -7.65306E1 -6.73469E1 -5.70932E1 -5.76303E1 -5.64297E1 -9999 -5.65877E1 -7.70408E1 -6.93878E1 -5.84202E1 -7.04082E1 -5.47551E1 -5.66193E1 -5.95261E1 -4.7267E1 -4.38231E1 -4.59716E1 -4.58136E1 -5.109E1 -5.07425E1 -4.62243E1 -4.06003E1 -4.27172E1 -3.78831E1 -4.08163E1 -4.51501E1 -4.93523E1 -5.26066E1 -6.37755E1 -4.54082E1 -6.9898E1 -5.09005E1 -3.97156E1 -2.63191E1 -3.48499E1 -4.08531E1 -3.91469E1 -4.28571E1 -4.79592E1 -3.41837E1 1.59713E-1 1.09802E0 3.67339E0 1.51727E0 2.69515E0 -1.58163E1 -3.67347E1 -2.55102E1 -1.12245E1 1.99641E-2 -1.02041E1 -1.58163E1 -1.53061E0 -7.65306E0 -1.93878E1 -5.10204E-1 7.98563E-2 5.98922E-2 4.59174E-1 8.98383E-1 9.66261E0 2.84089E1 2.13017E1 8.98383E-1 8.38491E-1 8.02555E0 2.43961E1
-5.82622E1 -5.77883E1 -9999 -5.57346E1 -7.60204E1 -5.5861E1 -5.406E1 -5.65561E1 -5.78831E1 -4.93839E1 -7.80612E1 -5.406E1 -5.42496E1 -5.5387E1 -7.80612E1 -7.7551E1 -4.61611E1 -4.44866E1 -4.61295E1 -4.75197E1 -5.34913E1 -4.83096E1 -4.23381E1 -4.58768E1 -4.08163E1 -3.92857E1 -4.03061E1 -7.19388E1 -4.38776E1 -6.42857E1 -4.58768E1 -4.85308E1 -4.09795E1 -3.52041E1 -2.36019E1 -2.4613E1 -4.08163E1 -5.61224E1 -6.02041E1 -5.10204E1 -6.17347E1 -4.18367E1 -3.57143E1 -1.58163E1 -1.37755E1 -2.2449E1 -2.34694E1 -3.57143E1 -3.82653E1 -3.92857E1 -3.57143E1 -2.04082E1 -1.68367E1 -9.69388E0 -1.27551E1 -2.29592E1 -3.06122E0 -1.02041E0 1.59713E-1 9.98203E-2 2.41565E0 3.1683E1 1.8906E1 1.37353E1 4.6117E0 2.97465E0 7.18706E-1 2.14813E1
-6.0316E1 -5.91153E1 -5.98104E1 -5.81359E1 -7.70408E1 -6.9898E1 -7.7551E1 -7.95918E1 -7.85714E1 -5.61137E1 -5.8673E1 -7.80612E1 -7.7551E1 -7.7551E1 -7.90816E1 -8.0102E1 -4.8436E1 -4.84992E1 -5.09321E1 -7.70408E1 -7.7551E1 -4.82149E1 -4.54082E1 -5.38389E1 -4.48973E1 -4.42022E1 -4.60032E1 -5.01738E1 -4.79937E1 -3.77567E1 -4.23381E1 -4.33175E1 -3.58294E1 -3.19115E1 -2.03476E1 -1.85466E1 -5.2551E1 -5.81633E1 -5.20408E1 -5.66327E1 -5.35714E1 -4.59184E1 -2.04082E1 -8.67347E0 -1.02041E1 9.98203E-2 -2.55102E0 -2.7551E1 -2.34694E1 -2.55102E0 -4.08163E0 -1.37755E1 -8.16327E0 -2.14286E1 -2.5E1 -1.83673E1 -9.18367E0 -1.02041E0 5.98922E-2 1.33759E0 2.80096E1 1.70293E1 1.49132E1 1.78479E1 2.51547E0 4.39209E-1 7.08724E0 1.49132E1
-7.60204E1 -7.65306E1 -6.78571E1 -7.7551E1 -8.21429E1 -8.26531E1 -7.14286E1 -8.0102E1 -7.85714E1 -7.7551E1 -7.80612E1 -7.85714E1 -7.80612E1 -7.7551E1 -7.80612E1 -5.51343E1 -7.85714E1 -7.34694E1 -7.39796E1 -7.60204E1 -7.70408E1 -7.60204E1 -4.43918E1 -4.41706E1 -4.33673E1 -3.97959E1 -4.36019E1 -4.76145E1 -4.63823E1 -4.72986E1 -4.62875E1 -4.55608E1 -4.59084E1 -2.99526E1 -2.19273E1 -2.55102E1 -4.7449E1 -4.13265E1 -5.30612E1 -6.12245E1 -6.02041E1 -5.15306E1 -4.18367E1 -1.88776E1 -1.78571E1 5.98922E-2 9.98203E-2 1.99641E-2 -8.16327E0 5.98922E-2 1.99641E-2 -1.83673E1 -1.9898E1 -2.95918E1 -2.44898E1 -1.07143E1 -3.06122E0 -5.10204E-1 -5.10204E-1 2.58734E1 2.09623E1 2.09623E1 1.19984E1 1.89858E1 1.68097E1 1.69096E1 1.80275E1 1.89858E1
-7.70408E1 -7.70408E1 -8.11225E1 -8.21429E1 -8.21429E1 -8.26531E1 -8.31633E1 -9999 -6.02528E1 -7.85714E1 -7.80612E1 -7.80612E1 -7.80612E1 -7.80612E1 -7.80612E1 -5.109E1 -5.66193E1 -8.16327E1 -8.11225E1 -8.06122E1 -7.5E1 -4.90047E1 -4.90363E1 -4.88468E1 -7.19388E1 -6.83673E1 -7.29592E1 -7.29592E1 -4.18367E1 -4.32543E1 -4.28752E1 -4.18957E1 -4.10111E1 -2.88784E1 -1.73144E1 -8.34123E0 -2.7551E1 -3.69984E1 -2.7551E1 -4.89796E1 -5.91837E1 -7.09184E1 -4.28571E1 -3.06122E1 -2.55102E1 -8.67347E0 5.98922E-2 5.98922E-2 1.99641E-2 7.98563E-2 -4.08163E0 -8.16327E0 -2.39796E1 -3.36735E1 5.98922E-2 1.59713E-1 2.19605E-1 -9.69388E0 3.01457E0 3.1683E1 1.89858E1 2.09623E1 1.19984E1 1.89858E1 1.49132E1 1.89858E1 2.22E1 2.31583E1
-8.16327E1 -8.21429E1 -8.21429E1 -8.26531E1 -8.26531E1 -8.31633E1 -8.31633E1 -7.90816E1 -6.21801E1 -9999 -5.4376E1 -6.12638E1 -6.06635E1 -5.33965E1 -5.81991E1 -5.24803E1 -5.60821E1 -5.51343E1 -5.24487E1 -7.5E1 -7.39796E1 -4.40758E1 -4.28436E1 -3.7188E1 -7.29592E1 -7.09184E1 -4.23469E1 -4.48973E1 -4.4898E1 -4.17694E1 -4.18957E1 -4.54082E1 -4.28752E1 -2.64139E1 -2.2449E1 -1.73469E1 -2.04082E1 -1.89889E1 -1.78571E1 -2.2449E1 -5.56122E1 -5.45918E1 -4.94898E1 -5.10204E1 -3.92857E1 -2.80612E1 -1.53061E1 -1.17347E1 5.98922E-2 -1.17347E1 -3.31633E1 -3.06122E1 -1.9898E1 -3.52041E1 -1.17347E1 2.19605E-1 2.39569E-1 9.98203E-2 3.01457E0 3.75524E1 2.22E1 2.31982E1 1.61509E1 1.67299E1 2.00639E1 1.91455E1 1.51927E1 1.85067E1
-6.78571E1 -6.88775E1 -8.26531E1 -8.31633E1 -8.31633E1 -7.7551E1 -7.2449E1 -7.29592E1 -7.39796E1 -5.7188E1 -5.38705E1 -9999 -5.24171E1 -4.8278E1 -5.1406E1 -5.23855E1 -5.12164E1 -5.33649E1 -5.06161E1 -4.91943E1 -4.88152E1 -4.64139E1 -4.06003E1 -4.37283E1 -7.19388E1 -7.39796E1 -4.64286E1 -4.64139E1 -4.07899E1 -4.10742E1 -4.16746E1 -3.69984E1 -3.47551E1 -3.19431E1 -2.55102E1 -2.65306E1 -1.47959E1 -5.05529E0 -9.69388E0 -2.60204E1 -5.66327E1 -3.92857E1 -3.77551E1 -4.84694E1 -2.34694E1 -4.64286E1 -3.16327E1 -1.78571E1 -7.14286E0 -1.88776E1 -3.11224E1 -3.06122E1 -7.65306E0 -9.60505E0 -9.47867E-2 2.79497E-1 1.51727E0 2.39569E-1 4.93112E0 2.09623E1 2.95269E1 3.1683E1 2.00639E1 2.00639E1 2.18207E1 2.21601E1 9.56279E0 2.02635E1
-6.83673E1 -6.32653E1 -6.37755E1 -7.80612E1 -7.80612E1 -7.70408E1 -7.2449E1 -8.0102E1 -7.44898E1 -8.0102E1 -5.26698E1 -5.62401E1 -5.60821E1 -5.81043E1 -6.25592E1 -4.9921E1 -5.10204E1 -5.02054E1 -4.94471E1 -4.84694E1 -4.40126E1 -4.80885E1 -4.62559E1 -5.109E1 -5.20695E1 -5.62717E1 -4.84694E1 -3.1248E1 -3.06122E1 -3.68404E1 -4.04423E1 -2.88784E1 -2.99842E1 -3.87755E1 -2.09184E1 -2.85714E1 -3.0102E1 -3.77551E1 -4.54082E1 -4.59184E1 -4.33673E1 -3.52041E1 -2.70408E1 -1.58163E1 -2.04082E1 -2.7551E1 -2.44898E1 -1.9898E1 -1.58163E1 -2.44898E1 -4.08163E1 -4.28571E1 -1.11532E1 2.39569E-1 5.58994E-1 6.58814E-1 1.57716E0 1.33759E0 3.35396E0 1.87662E1 3.06448E1 3.34997E1 3.80515E1 3.03254E1 2.09024E1 1.27371E1 8.88401E0 1.27371E1
-8.21429E1 -8.26531E1 -8.31633E1 -8.36735E1 -7.85714E1 -7.29592E1 -7.34694E1 -7.85714E1 -8.21429E1 -8.0102E1 -8.06122E1 -5.92733E1 -5.74408E1 -5.47551E1 -8.21429E1 -5.31754E1 -5.30174E1 -4.84044E1 -5.15306E1 -5.19747E1 -7.7551E1 -4.94898E1 -3.72196E1 -3.98104E1 -5.05102E1 -5.05102E1 -4.89796E1 -3.51975E1 -3.26531E1 -3.46939E1 -2.85714E1 -3.0237E1 -2.60204E1 -2.34694E1 -2.6951E1 -3.21429E1 -5.10204E1 -6.42857E1 -4.59184E1 -5.96939E1 -5.2551E1 -3.31633E1 -3.31633E1 -3.11224E1 -3.0102E1 -2.70408E1 -3.97959E1 -3.31633E1 -1.83673E1 -2.85714E1 -2.80612E1 -3.87755E1 -1.02041E1 2.39569E-1 7.18706E-1 1.57716E0 5.45019E0 5.82951E0 5.45019E0 3.02655E1 3.0545E1 1.70293E1 2.00639E1 2.22E1 2.51547E1 2.50749E1 2.29387E1 2.63326E1
-8.21429E1 -6.88775E1 -8.31633E1 -8.41837E1 -8.41837E1 -7.34694E1 -7.39796E1 -7.5E1 -7.55102E1 -8.31633E1 -8.41837E1 -8.11225E1 -8.06122E1 -5.8515E1 -5.31754E1 -5.35861E1 -8.26531E1 -5.2551E1 -5.20408E1 -4.27172E1 -5.15306E1 -5.25434E1 -3.91785E1 -3.62245E1 -3.57143E1 -4.59184E1 -4.84694E1 -3.4534E1 -3.57143E1 -2.14286E1 -2.19388E1 -2.44898E1 -1.48499E1 -1.58163E1 -2.70408E1 -3.72449E1 -4.4898E1 -3.77551E1 -3.31633E1 -5.10204E0 -9.69388E0 -3.82653E1 -4.43878E1 -6.17347E1 -5.40816E1 -4.28571E1 -4.79592E1 -3.72449E1 -2.5E1 -2.19388E1 -1.78571E1 7.98563E-2 4.79138E-1 4.19245E-1 1.21781E0 1.57716E0 3.35396E0 7.46656E0 1.11998E1 2.65322E1 2.7211E1 2.5574E1 2.88081E1 2.09623E1 1.93851E1 2.37772E1 2.32781E1 2.05231E1
