ENM/Final_Models/M_0.9_F_q_Set_1_E/Gustavia_santanderiensis_Choco_max.asc
ncols         367
nrows         963
xllcorner     -78.6
yllcorner     0.65
cellsize      0.00833333333333323
NODATA_value  -9999
[rows 816 to 849 of 963, columns 77 to 153 of 367]
1E0 1E0 1E0 1E0 1E0 1E0 1E0 1E0 1E0 1E0 1E0 1E0 1E0 1E0 1E0 1E0 1E0 1E0 1E0 1E0 9.99983E-1 1E0 1E0 1E0 1E0 1E0 9.99829E-1 9.02275E-1 7.23095E-1 6.11081E-1 9.98561E-1 8.58739E-1 7.64971E-1 9.62382E-1 9.58732E-1 6.63449E-1 3.01617E-1 -9999 -9999 -9999 -9999 9.35256E-1 9.51863E-1 7.27023E-1 -9999 -9999 -9999 -9999 3.76241E-1 4.58947E-1 1.67313E-1 1.49788E-1 2.11164E-1 9.42562E-2 8.60038E-2 5.8943E-2 1.54861E-1 1.47967E-1 2.20991E-1 1.27917E-1 4.98566E-2 3.28922E-2 1.10032E-1 5.14609E-2 3.61502E-2 2.90618E-2 1.00842E-2 1.30991E-2 9.91144E-3 1.18877E-2 9.71555E-3 2.2696E-3 1.43654E-3 9.11733E-4 3.80932E-4 2.7936E-3 1.73324E-2
1E0 1E0 1E0 1E0 1E0 1E0 1E0 1E0 1E0 1E0 1E0 1E0 1E0 1E0 1E0 1E0 1E0 1E0 1E0 1E0 1E0 1E0 1E0 1E0 1E0 9.99997E-1 9.93541E-1 1E0 9.99087E-1 7.84231E-1 9.98262E-1 9.45255E-1 9.70325E-1 9.955E-1 9.68606E-1 5.89582E-1 3.57942E-1 -9999 -9999 -9999 -9999 -9999 9.0287E-1 -9999 -9999 -9999 -9999 -9999 -9999 3.54888E-1 1.20171E-1 1.51611E-1 3.24117E-1 1.72456E-1 1.97395E-1 2.80645E-1 3.89466E-1 3.38284E-1 4.95071E-2 6.34649E-2 7.58125E-2 4.09865E-2 3.47365E-2 2.00369E-2 1.25491E-2 9.91655E-3 3.77378E-3 8.32415E-3 5.01249E-3 4.27578E-3 5.93579E-3 6.78355E-4 5.20195E-4 1.51599E-4 1.91565E-4 3.14343E-3 4.4248E-2
1E0 1E0 1E0 1E0 1E0 1E0 1E0 1E0 1E0 1E0 1E0 1E0 1E0 1E0 1E0 1E0 1E0 1E0 1E0 1E0 1E0 1E0 1E0 1E0 1E0 1E0 1E0 9.99935E-1 1E0 1E0 9.99752E-1 9.11536E-1 9.00436E-1 8.512E-1 7.75047E-1 6.07369E-1 5.3267E-1 -9999 -9999 -9999 -9999 -9999 -9999 -9999 -9999 -9999 -9999 -9999 -9999 4.87311E-1 6.43572E-1 4.30128E-1 5.45461E-1 2.0358E-1 8.4444E-2 2.57849E-1 1.80896E-1 1.80104E-1 1.96097E-1 1.02074E-1 5.17301E-2 1.68768E-2 3.76042E-2 2.78746E-2 1.70691E-2 2.84171E-2 1.77073E-2 4.05591E-3 1.85801E-3 1.72086E-3 1.60733E-3 4.71319E-4 1.1485E-4 6.11815E-5 2.48929E-4 2.69368E-3 2.86207E-2
1E0 1E0 1E0 1E0 1E0 1E0 1E0 1E0 1E0 1E0 1E0 1E0 1E0 1E0 1E0 1E0 1E0 1E0 1E0 1E0 1E0 1E0 1E0 1E0 1E0 1E0 9.99985E-1 9.96819E-1 1E0 1E0 1E0 9.0325E-1 4.19816E-1 6.17003E-1 5.94849E-1 -9999 -9999 -9999 -9999 -9999 -9999 -9999 -9999 -9999 -9999 -9999 -9999 -9999 -9999 3.41105E-1 4.65834E-1 6.60894E-1 2.28408E-1 5.89464E-2 3.68907E-2 2.67259E-1 1.44555E-1 6.40955E-2 1.0777E-1 1.81609E-1 9.004E-2 9.59848E-3 2.44542E-2 2.8304E-2 6.22879E-2 2.71305E-2 1.75194E-2 2.79687E-3 1.66954E-3 4.70279E-4 8.94985E-5 2.55797E-5 4.02889E-5 6.64313E-5 5.50887E-4 8.12336E-3 7.71934E-2
1E0 1E0 1E0 1E0 1E0 1E0 1E0 1E0 1E0 1E0 1E0 1E0 1E0 1E0 1E0 1E0 1E0 1E0 1E0 1E0 1E0 1E0 1E0 1E0 1E0 1E0 1E0 1E0 1E0 1E0 9.99999E-1 9.82738E-1 6.30817E-1 5.80932E-1 7.29738E-1 5.86695E-1 -9999 -9999 -9999 -9999 -9999 -9999 -9999 -9999 -9999 -9999 -9999 -9999 -9999 2.78505E-1 3.0526E-1 5.60044E-1 2.47722E-1 9.90281E-2 5.0046E-2 9.93693E-2 1.31017E-1 6.11668E-2 3.31631E-2 3.01079E-2 6.90043E-2 1.30261E-2 2.52326E-3 3.11092E-2 2.59518E-2 3.93143E-2 5.4912E-2 4.91566E-3 2.26337E-3 1.11636E-3 7.04997E-5 1.62377E-5 2.02338E-5 9.1601E-5 1.27755E-3 1.96635E-2 4.12019E-2
1E0 1E0 1E0 1E0 1E0 1E0 1E0 1E0 1E0 1E0 1E0 1E0 1E0 1E0 1E0 1E0 1E0 1E0 1E0 1E0 1E0 1E0 1E0 1E0 1E0 1E0 1E0 1E0 9.99958E-1 9.99996E-1 1E0 9.93365E-1 7.24095E-1 9.99866E-1 9.99856E-1 9.9996E-1 3.81657E-1 -9999 -9999 -9999 -9999 -9999 -9999 -9999 -9999 -9999 -9999 -9999 -9999 1.21483E-1 4.7595E-1 7.11484E-1 3.69248E-1 6.19025E-2 3.30888E-2 7.02121E-2 4.57755E-2 4.10515E-2 2.00019E-2 1.45952E-2 1.94959E-2 1.11567E-2 1.18068E-3 4.13971E-3 2.15734E-3 1.00008E-2 2.55671E-2 6.69798E-3 1.80995E-3 4.1575E-4 3.58156E-4 8.16362E-5 4.63863E-5 3.58129E-4 2.52503E-3 2.11769E-2 8.60444E-2
1E0 1E0 1E0 1E0 1E0 1E0 1E0 1E0 1E0 1E0 1E0 1E0 1E0 1E0 1E0 1E0 1E0 1E0 1E0 1E0 1E0 1E0 1E0 1E0 1E0 1E0 9.99997E-1 9.99448E-1 9.98636E-1 1E0 9.9997E-1 9.99996E-1 9.99845E-1 9.99827E-1 9.99975E-1 9.99985E-1 7.11497E-1 5.45741E-1 -9999 -9999 -9999 -9999 -9999 -9999 -9999 -9999 -9999 -9999 -9999 1.62649E-1 3.29923E-1 5.57912E-1 5.9263E-1 2.23851E-1 1.31578E-1 6.88154E-2 3.62568E-2 3.24398E-2 2.1586E-2 1.18052E-2 4.60472E-3 3.95627E-3 3.70229E-3 2.8918E-3 6.75125E-4 3.9549E-3 1.82827E-2 6.67103E-3 2.06586E-3 2.08522E-3 5.18781E-4 1.49402E-4 6.70051E-5 3.25778E-4 1.34597E-3 3.25373E-2 7.94092E-2
1E0 1E0 1E0 1E0 1E0 1E0 1E0 1E0 1E0 1E0 1E0 1E0 1E0 1E0 1E0 1E0 1E0 1E0 1E0 1E0 1E0 1E0 1E0 1E0 1E0 1E0 9.97882E-1 9.93333E-1 9.97118E-1 9.9999E-1 9.99897E-1 9.99891E-1 9.99994E-1 9.99099E-1 9.99139E-1 9.99079E-1 9.23386E-1 5.76451E-1 -9999 -9999 -9999 -9999 -9999 -9999 -9999 -9999 -9999 -9999 -9999 8.18105E-2 3.69302E-1 3.54152E-1 2.77405E-1 2.87541E-1 2.72112E-1 1.75183E-1 6.84113E-2 3.92357E-2 3.84226E-2 4.38873E-2 3.53888E-2 1.22211E-2 3.30087E-2 3.25907E-3 4.69164E-4 2.62447E-3 1.0262E-2 2.46949E-3 5.79228E-4 8.64089E-4 3.67453E-4 1.78973E-4 7.49429E-5 8.05305E-5 2.6599E-3 3.15367E-2 1.01347E-1
1E0 1E0 1E0 1E0 1E0 1E0 1E0 1E0 1E0 1E0 1E0 1E0 1E0 1E0 1E0 1E0 1E0 1E0 1E0 1E0 1E0 1E0 1E0 1E0 1E0 1E0 9.99796E-1 9.99991E-1 9.99956E-1 1E0 1E0 9.99956E-1 9.98465E-1 9.97892E-1 9.99963E-1 9.9588E-1 7.5519E-1 2.97855E-1 -9999 -9999 -9999 -9999 -9999 -9999 -9999 -9999 -9999 -9999 -9999 3.26955E-2 6.4874E-2 1.56903E-1 1.07304E-1 1.18889E-1 4.49262E-2 5.13298E-2 6.18613E-2 4.86696E-2 2.94029E-2 3.01471E-2 2.08868E-2 2.13751E-2 2.13024E-2 4.51696E-3 6.43987E-4 6.42801E-4 5.67761E-3 2.00161E-3 3.98324E-4 8.32974E-5 3.81611E-5 4.28815E-5 2.40692E-5 3.9202E-4 4.23909E-3 3.9737E-2 7.89131E-2
1E0 1E0 1E0 1E0 1E0 1E0 1E0 1E0 1E0 1E0 1E0 1E0 1E0 1E0 1E0 1E0 1E0 1E0 9.99995E-1 1E0 1E0 1E0 1E0 1E0 1E0 1E0 1E0 9.99927E-1 1E0 9.99998E-1 9.99999E-1 9.99974E-1 9.99999E-1 1E0 9.99649E-1 9.88898E-1 4.12413E-1 3.29448E-1 -9999 -9999 -9999 -9999 -9999 -9999 -9999 -9999 -9999 -9999 -9999 -9999 1.04343E-1 8.62267E-2 6.49248E-2 8.34516E-2 4.9008E-2 1.79683E-2 1.78776E-2 3.70219E-2 1.85636E-2 2.37606E-2 1.27274E-2 6.64865E-3 2.25065E-2 1.97335E-3 4.76707E-4 6.00419E-4 3.51763E-3 2.46064E-3 5.04552E-4 4.37852E-4 3.08034E-5 1.54663E-5 5.65698E-5 3.91495E-4 7.26092E-3 5.61783E-2 7.05395E-2
1E0 1E0 1E0 1E0 1E0 1E0 1E0 1E0 1E0 1E0 9.99998E-1 9.99999E-1 1E0 1E0 1E0 1E0 1E0 1E0 1E0 9.99998E-1 1E0 1E0 1E0 1E0 1E0 9.99993E-1 9.99631E-1 9.99909E-1 9.90554E-1 9.93061E-1 1E0 1E0 9.99998E-1 9.96621E-1 9.27204E-1 8.14534E-1 5.59167E-1 7.42801E-1 9.78801E-1 -9999 -9999 -9999 -9999 -9999 -9999 -9999 -9999 -9999 -9999 3.66526E-2 5.75705E-2 5.98581E-2 6.73084E-2 4.95491E-2 4.64059E-2 2.75331E-2 1.76062E-2 1.4008E-2 1.16382E-2 7.18595E-3 3.96075E-3 7.1152E-3 1.56323E-3 2.56519E-4 1.69621E-4 6.29465E-5 5.48358E-4 9.37045E-4 5.45608E-5 4.21069E-5 6.14814E-5 4.50958E-5 1.23382E-4 3.89497E-4 2.84042E-3 1.37922E-2 9.325E-2
1E0 1E0 1E0 1E0 1E0 1E0 1E0 1E0 1E0 1E0 9.99957E-1 9.94632E-1 9.99268E-1 1E0 1E0 1E0 1E0 1E0 1E0 1E0 1E0 1E0 1E0 1E0 1E0 1E0 9.98251E-1 9.99973E-1 1E0 9.99705E-1 9.99906E-1 9.99976E-1 1E0 9.99995E-1 9.98016E-1 9.89547E-1 9.30071E-1 9.69099E-1 8.07955E-1 2.25967E-1 -9999 -9999 -9999 -9999 -9999 -9999 -9999 -9999 -9999 3.44937E-2 8.84865E-2 4.38065E-2 3.50168E-2 6.43304E-2 5.25356E-2 5.79571E-2 5.82624E-2 2.70918E-2 2.09672E-2 5.44574E-3 3.4327E-3 3.96833E-3 1.68932E-3 7.09498E-4 1.58798E-3 2.18809E-4 1.4415E-4 2.5423E-4 2.58876E-5 2.52851E-4 5.29736E-4 4.59659E-4 1.4542E-4 6.00145E-4 2.57633E-3 3.04553E-2 9.18228E-2
1E0 1E0 1E0 1E0 1E0 1E0 1E0 1E0 1E0 1E0 1E0 8.7745E-1 8.27927E-1 9.86087E-1 9.99998E-1 1E0 1E0 1E0 1E0 1E0 1E0 1E0 1E0 1E0 1E0 9.99986E-1 9.9994E-1 9.99989E-1 9.99874E-1 9.99842E-1 9.99974E-1 1E0 9.99951E-1 9.89929E-1 9.45837E-1 9.86192E-1 8.90939E-1 1.38902E-1 4.87168E-2 6.11921E-2 6.65844E-2 -9999 -9999 -9999 -9999 -9999 -9999 -9999 -9999 -9999 2.36644E-1 4.63618E-2 5.87882E-2 6.71915E-2 8.18967E-2 6.20434E-2 1.01989E-1 8.83535E-2 2.4054E-2 2.93872E-2 1.98759E-2 1.3838E-2 7.31571E-3 6.91869E-3 1.12383E-3 1.33428E-4 2.97112E-5 4.68684E-5 6.96363E-5 3.04599E-4 8.6197E-4 3.36692E-4 1.49161E-4 8.36603E-4 1.63802E-3 1.3424E-2 5.51303E-2
1E0 1E0 1E0 1E0 1E0 1E0 1E0 1E0 1E0 1E0 1E0 9.37268E-1 6.98686E-1 9.02222E-1 9.77714E-1 9.99922E-1 1E0 1E0 1E0 1E0 9.99987E-1 1E0 1E0 1E0 1E0 1E0 1E0 1E0 9.99988E-1 9.99947E-1 1E0 9.99934E-1 9.99414E-1 9.99912E-1 9.53791E-1 7.2074E-1 2.40206E-1 3.96327E-2 6.30058E-2 7.68786E-2 9.66737E-2 -9999 -9999 -9999 -9999 -9999 -9999 -9999 -9999 -9999 -9999 4.73478E-2 4.51965E-2 5.81478E-2 4.26262E-2 1.09602E-1 5.73192E-2 6.3671E-2 5.94929E-2 5.45829E-2 5.11906E-2 1.90215E-2 2.23884E-2 5.36693E-3 4.7197E-4 5.57033E-5 4.451E-5 2.03589E-4 5.85874E-4 5.17584E-4 1.75979E-3 1.62974E-3 2.98402E-4 1.02003E-3 1.1712E-3 3.68426E-3 3.20776E-2
1E0 1E0 1E0 1E0 1E0 1E0 1E0 1E0 1E0 1E0 1E0 9.86064E-1 7.90322E-1 8.75035E-1 9.4646E-1 9.9991E-1 1E0 1E0 1E0 1E0 9.99774E-1 9.99057E-1 9.98361E-1 1E0 1E0 1E0 1E0 1E0 9.98502E-1 9.99913E-1 9.9925E-1 9.99863E-1 9.8526E-1 7.74071E-1 5.26412E-1 3.53778E-1 9.78727E-2 3.29109E-2 4.25315E-2 7.39133E-2 1.12809E-1 1.19738E-1 -9999 -9999 -9999 -9999 -9999 -9999 -9999 -9999 -9999 -9999 -9999 6.98367E-2 8.5616E-2 7.99132E-2 7.47829E-2 6.34359E-2 4.05143E-2 2.00858E-2 2.24676E-2 9.52544E-3 2.96166E-3 2.54197E-3 8.57604E-4 6.41021E-5 4.72343E-5 5.80273E-4 1.52632E-3 3.24149E-3 2.40359E-3 1.88373E-3 1.42262E-3 2.52471E-3 2.58727E-3 3.01223E-3 3.86416E-2
1E0 1E0 1E0 1E0 1E0 1E0 1E0 1E0 1E0 1E0 1E0 9.99366E-1 9.59341E-1 8.29799E-1 8.79606E-1 9.39777E-1 9.86944E-1 9.99996E-1 1E0 1E0 9.98024E-1 9.99468E-1 9.99986E-1 1E0 1E0 9.99999E-1 1E0 9.99992E-1 9.99901E-1 9.99834E-1 9.73672E-1 9.73986E-1 8.41249E-1 7.75417E-1 6.35228E-1 4.94742E-1 3.8706E-1 2.88121E-2 6.00748E-2 2.07477E-1 2.78343E-1 5.69022E-1 1.88729E-1 2.55015E-1 -9999 -9999 -9999 -9999 -9999 -9999 -9999 -9999 -9999 -9999 5.76356E-2 3.61241E-2 2.32096E-2 7.69557E-2 7.45242E-2 6.28794E-2 5.05277E-2 2.24732E-2 5.12758E-3 3.68131E-3 8.3718E-4 4.42917E-4 1.3877E-4 9.61328E-5 5.72399E-4 3.16616E-3 6.086E-3 3.63631E-3 2.95972E-3 9.93885E-3 4.81078E-3 7.15497E-3 6.15186E-2
1E0 1E0 1E0 1E0 1E0 1E0 1E0 1E0 1E0 1E0 1E0 1E0 9.99515E-1 9.64537E-1 9.36277E-1 9.70364E-1 8.63177E-1 9.96684E-1 1E0 1E0 9.99945E-1 1E0 1E0 1E0 9.99989E-1 1E0 1E0 9.99993E-1 9.66164E-1 8.79993E-1 7.54524E-1 7.46882E-1 7.52174E-1 8.29586E-1 7.39041E-1 4.85078E-1 2.18323E-1 6.55255E-2 1.75734E-1 9.76605E-1 9.46806E-1 9.91639E-1 2.60076E-1 1.26764E-1 1.38527E-1 -9999 -9999 -9999 -9999 -9999 -9999 -9999 -9999 -9999 -9999 2.97055E-2 8.35817E-3 2.18778E-2 4.13439E-2 2.90706E-2 3.91285E-2 4.54302E-2 2.33418E-2 8.59186E-3 4.77791E-3 2.69028E-3 1.77834E-4 6.01079E-5 7.4158E-4 2.5268E-3 9.89249E-3 2.10572E-2 2.55623E-2 1.80571E-2 4.45458E-3 8.22788E-3 7.47527E-2
1E0 1E0 1E0 9.99977E-1 1E0 1E0 1E0 1E0 9.99986E-1 1E0 1E0 1E0 1E0 9.99998E-1 9.9833E-1 9.34478E-1 9.54625E-1 9.92145E-1 9.99999E-1 1E0 1E0 1E0 1E0 1E0 1E0 1E0 1E0 9.99981E-1 9.48185E-1 8.00608E-1 6.33785E-1 3.3695E-1 4.75619E-1 5.13929E-1 6.14187E-1 4.46313E-1 2.71116E-1 4.22846E-1 7.85658E-1 9.98771E-1 9.89181E-1 6.07204E-1 1.56127E-1 2.82212E-2 5.82836E-2 2.50369E-1 -9999 -9999 -9999 -9999 -9999 -9999 -9999 -9999 -9999 4.93039E-2 9.17606E-3 3.0738E-3 2.67197E-2 1.29228E-2 1.48056E-2 2.23432E-2 1.98164E-2 4.14237E-3 2.6619E-3 8.96523E-4 3.01538E-4 3.03819E-5 1.07507E-4 1.08317E-3 2.22872E-3 1.9416E-2 5.59255E-2 2.56691E-2 4.45715E-3 9.98229E-3 6.9097E-2
1E0 1E0 1E0 1E0 1E0 1E0 1E0 1E0 9.99406E-1 9.65875E-1 9.86496E-1 9.99968E-1 1E0 9.99848E-1 9.60555E-1 8.06928E-1 7.76349E-1 9.96457E-1 1E0 1E0 1E0 1E0 1E0 1E0 1E0 1E0 9.99847E-1 9.19116E-1 7.42289E-1 7.24102E-1 6.45128E-1 5.55887E-1 2.90245E-1 4.73725E-1 3.21408E-1 1.77358E-1 2.28368E-1 6.42931E-1 7.27276E-1 8.90319E-1 1.96037E-1 7.42694E-3 1.22908E-2 2.16582E-2 2.19699E-2 5.02101E-2 7.35253E-2 -9999 -9999 -9999 -9999 -9999 -9999 -9999 -9999 -9999 1.47935E-2 3.10517E-3 2.29305E-2 1.28582E-2 1.41237E-2 1.05075E-2 2.86007E-2 2.83752E-3 3.87926E-4 1.34976E-4 3.44539E-5 5.729E-5 6.05969E-4 2.0665E-3 2.40598E-3 3.05769E-3 3.48256E-2 1.77846E-2 1.93584E-2 4.26773E-2 8.0158E-2
1E0 1E0 1E0 1E0 1E0 1E0 9.99993E-1 9.99124E-1 9.97115E-1 9.4329E-1 9.04723E-1 9.66248E-1 9.99731E-1 9.9999E-1 9.39834E-1 9.23949E-1 9.04725E-1 9.99221E-1 1E0 1E0 1E0 1E0 1E0 1E0 9.99999E-1 9.99994E-1 9.57886E-1 8.59009E-1 6.62868E-1 5.67165E-1 6.90167E-1 7.81093E-1 2.2651E-1 2.06047E-1 2.52367E-1 1.05904E-1 1.24904E-1 2.09879E-1 1.76026E-1 4.58541E-1 3.07553E-2 1.85422E-3 6.7118E-3 1.32988E-3 3.33976E-3 8.7648E-3 3.25043E-2 6.16203E-2 -9999 -9999 -9999 -9999 -9999 -9999 -9999 -9999 4.40105E-2 1.26269E-2 1.42112E-2 4.43731E-3 7.78367E-3 4.60036E-3 7.17856E-3 4.6347E-3 2.98969E-4 4.96151E-5 2.08548E-5 9.72299E-5 1.41008E-3 3.92355E-3 7.39261E-3 9.07044E-3 4.08723E-2 4.17304E-2 2.76416E-2 9.36448E-2 1.73824E-1
1E0 1E0 1E0 1E0 1E0 1E0 1E0 9.99997E-1 9.99922E-1 9.81927E-1 9.54849E-1 9.5047E-1 9.83046E-1 9.99851E-1 9.99979E-1 9.9974E-1 9.74012E-1 9.97784E-1 1E0 1E0 1E0 1E0 1E0 1E0 1E0 9.99995E-1 9.90657E-1 8.87201E-1 7.30244E-1 5.54869E-1 5.85158E-1 4.02758E-1 3.07915E-2 3.70922E-2 1.4789E-1 1.45863E-2 1.67147E-2 2.97363E-2 7.71085E-2 1.56188E-1 3.13335E-3 7.21056E-4 9.96049E-4 1.37166E-4 3.77146E-4 1.86235E-3 3.69115E-3 1.64267E-2 5.01233E-2 6.99777E-2 -9999 -9999 -9999 -9999 -9999 -9999 1.01274E-1 4.10103E-2 3.39699E-2 9.86726E-3 3.22063E-2 8.30776E-3 2.29364E-3 5.69344E-4 6.89583E-5 8.65836E-5 3.88102E-5 1.36661E-4 2.7834E-3 1.2547E-2 2.30642E-2 3.63891E-2 4.05467E-2 5.00741E-2 8.17203E-2 9.35785E-2 -9999
1E0 1E0 1E0 1E0 1E0 1E0 1E0 9.99961E-1 9.85569E-1 9.83274E-1 9.61531E-1 9.55866E-1 9.34133E-1 9.9905E-1 1E0 1E0 9.99601E-1 9.99993E-1 1E0 1E0 1E0 9.99998E-1 9.99999E-1 1E0 1E0 9.99077E-1 9.19125E-1 7.6147E-1 5.56582E-1 5.76207E-1 5.96568E-1 1.16954E-2 9.24509E-2 2.65078E-2 1.73513E-3 7.67488E-4 8.31422E-4 1.15966E-3 3.0931E-3 9.78518E-3 2.29227E-3 3.35023E-4 8.78615E-5 2.47994E-5 1.06676E-4 2.60727E-4 9.50062E-4 8.48157E-3 4.12745E-2 8.55989E-2 3.57199E-2 -9999 1.29321E-1 -9999 -9999 -9999 -9999 -9999 -9999 1.86073E-2 4.41565E-2 1.00084E-2 1.03687E-3 9.71355E-5 4.15097E-5 3.25102E-4 9.06149E-5 2.18584E-3 1.14267E-2 2.07481E-2 6.82095E-2 9.80105E-2 3.85488E-2 6.09787E-2 7.91702E-2 -9999 -9999
1E0 1E0 1E0 1E0 1E0 1E0 9.99819E-1 9.91592E-1 9.98153E-1 9.96912E-1 9.85763E-1 9.96143E-1 8.93319E-1 9.95612E-1 9.99998E-1 1E0 1E0 1E0 1E0 1E0 1E0 1E0 9.99984E-1 9.99985E-1 9.99979E-1 9.95071E-1 9.79365E-1 6.93028E-1 4.43205E-1 5.1132E-1 4.22418E-1 2.95641E-1 3.71624E-1 1.08819E-2 1.74401E-3 3.15297E-3 1.61258E-3 8.59694E-4 3.57236E-3 5.03621E-3 1.09697E-3 7.3052E-5 1.44075E-5 1.45913E-5 6.53682E-5 1.46523E-4 7.26701E-4 5.70437E-3 3.23016E-2 6.06753E-2 1.1485E-1 7.11731E-2 3.51505E-1 -9999 -9999 -9999 -9999 -9999 -9999 1.38782E-2 1.88002E-2 2.52995E-3 7.82723E-4 1.96764E-4 4.38507E-5 4.02192E-4 1.34701E-3 3.05918E-3 9.62197E-3 1.07778E-2 1.94257E-2 6.33246E-2 7.78698E-2 -9999 -9999 -9999 -9999
1E0 1E0 1E0 1E0 1E0 1E0 9.99817E-1 9.82577E-1 9.9967E-1 9.99611E-1 9.99069E-1 9.7607E-1 7.71765E-1 8.01218E-1 9.97902E-1 1E0 1E0 1E0 1E0 1E0 1E0 1E0 1E0 1E0 9.99813E-1 9.67841E-1 9.65809E-1 9.09095E-1 7.34676E-1 5.08661E-1 4.38597E-1 3.23642E-1 3.1707E-1 2.83223E-2 1.38901E-2 6.0075E-3 1.43809E-3 4.23214E-3 1.44606E-3 1.41371E-3 1.64053E-4 2.38945E-5 1.44263E-5 1.42692E-5 8.40028E-5 1.33475E-3 4.4732E-4 6.17645E-3 2.74355E-2 3.54932E-2 7.17646E-2 1.50534E-1 1.32002E-1 -9999 -9999 -9999 -9999 -9999 -9999 -9999 2.06671E-2 6.25206E-3 4.42447E-4 1.05991E-4 2.94819E-5 2.14829E-4 1.07814E-3 2.32925E-3 1.111E-3 4.20128E-3 2.21196E-2 8.86336E-2 2.0811E-1 -9999 -9999 -9999 -9999
1E0 1E0 1E0 1E0 1E0 1E0 1E0 1E0 9.99994E-1 9.97647E-1 9.77548E-1 9.47369E-1 6.97615E-1 9.67142E-1 9.98578E-1 1E0 1E0 1E0 1E0 1E0 1E0 1E0 1E0 1E0 9.99854E-1 9.68637E-1 8.08135E-1 8.70755E-1 8.02323E-1 7.62621E-1 5.81939E-1 4.44281E-1 3.37377E-1 4.46229E-1 3.59607E-1 1.39808E-1 2.05608E-2 8.06643E-3 5.90872E-4 4.06439E-5 3.5763E-5 9.2671E-6 1.18647E-5 3.24654E-5 5.40433E-5 9.54099E-4 3.41473E-3 1.50249E-2 9.1711E-3 8.39717E-3 5.19386E-2 6.92164E-2 7.90668E-2 -9999 -9999 -9999 -9999 -9999 -9999 -9999 5.36515E-2 1.07712E-2 1.38591E-3 2.36752E-4 5.72742E-5 1.65199E-5 2.25365E-4 6.02115E-4 1.33124E-3 1.06965E-2 4.3913E-2 1.23911E-1 8.1942E-2 -9999 -9999 -9999 -9999
1E0 1E0 1E0 1E0 1E0 1E0 1E0 1E0 9.99995E-1 9.96009E-1 9.7113E-1 9.11272E-1 8.94492E-1 9.93107E-1 1E0 1E0 1E0 1E0 1E0 1E0 1E0 9.99992E-1 9.99797E-1 1E0 9.99798E-1 9.82348E-1 9.332E-1 8.70812E-1 8.05315E-1 7.46141E-1 8.99161E-1 8.3105E-1 9.40115E-1 5.97523E-1 4.79187E-1 2.46419E-1 1.10753E-1 6.88637E-3 2.08216E-3 2.10643E-4 8.69908E-5 1.24548E-5 2.36991E-5 9.21865E-5 3.94613E-4 1.03715E-3 3.18084E-3 2.59827E-3 8.23009E-4 2.16576E-3 1.17012E-2 7.04715E-2 9.15081E-2 1.34449E-1 -9999 -9999 -9999 -9999 -9999 -9999 -9999 1.10985E-2 6.94587E-4 2.50266E-4 6.93697E-5 3.24458E-5 2.86315E-4 1.36263E-3 3.82771E-3 8.76823E-3 1.96459E-2 1.21567E-1 -9999 -9999 -9999 -9999 -9999
1E0 1E0 1E0 1E0 1E0 1E0 1E0 1E0 1E0 9.98121E-1 9.28478E-1 9.7886E-1 9.9216E-1 9.99756E-1 1E0 1E0 1E0 1E0 1E0 1E0 1E0 1E0 1E0 1E0 9.93555E-1 9.88238E-1 9.7346E-1 8.90094E-1 7.2267E-1 6.3639E-1 8.36298E-1 7.49911E-1 6.90551E-1 6.54887E-1 4.87836E-2 3.52529E-2 4.48221E-3 1.22679E-3 1.7985E-3 2.20679E-4 7.18475E-5 2.49429E-5 1.7126E-5 3.77022E-5 1.27191E-4 3.89272E-4 3.59242E-3 1.18036E-3 2.51923E-4 8.56174E-4 3.64261E-2 1.70671E-1 8.54112E-2 6.37416E-2 -9999 -9999 -9999 -9999 -9999 -9999 -9999 3.16733E-3 8.89001E-4 1.49345E-4 1.20675E-4 2.35595E-4 1.85509E-3 4.88847E-3 1.3988E-2 5.63894E-3 8.44141E-2 1.17259E-1 -9999 -9999 -9999 -9999 -9999
1E0 1E0 1E0 1E0 1E0 1E0 1E0 1E0 1E0 1E0 9.99691E-1 9.999E-1 9.99998E-1 1E0 1E0 1E0 1E0 1E0 1E0 1E0 1E0 1E0 1E0 9.99987E-1 9.98545E-1 9.92282E-1 9.30174E-1 8.81544E-1 5.53637E-1 4.45529E-1 1.69406E-1 1.36679E-1 1.52839E-1 3.15577E-1 2.50162E-2 4.48838E-4 2.89374E-4 3.89665E-4 5.63597E-4 6.15857E-4 2.0689E-4 7.16821E-5 3.12436E-5 2.45682E-5 1.21329E-4 4.57885E-4 2.42974E-3 2.61998E-4 2.85119E-4 7.65362E-4 8.86525E-3 1.94947E-2 1.74065E-2 4.1194E-2 2.14572E-2 -9999 -9999 -9999 -9999 -9999 -9999 -9999 7.80458E-4 1.15407E-4 2.63753E-4 1.89483E-3 3.81251E-3 8.79694E-3 2.76047E-2 3.372E-2 1.52317E-1 -9999 -9999 -9999 -9999 -9999 -9999
1E0 1E0 1E0 1E0 1E0 1E0 1E0 1E0 1E0 9.99981E-1 1E0 1E0 1E0 1E0 1E0 1E0 9.99997E-1 9.97797E-1 1E0 9.99965E-1 1E0 1E0 1E0 9.99983E-1 9.86469E-1 9.56703E-1 9.71657E-1 8.28777E-1 8.2111E-1 1.77991E-1 2.85059E-2 1.39643E-2 6.42508E-3 3.79338E-3 1.03947E-3 1.2833E-4 3.87988E-5 5.51698E-5 1.19197E-4 2.45679E-4 3.93315E-4 9.77538E-5 2.54293E-5 2.6294E-5 8.48328E-5 4.55643E-4 1.99733E-3 6.32418E-5 1.01765E-4 4.35048E-5 3.50789E-4 2.8763E-3 2.16704E-3 2.73087E-2 2.78088E-2 6.17987E-2 -9999 -9999 -9999 -9999 -9999 -9999 1.15766E-3 3.05144E-4 8.70848E-4 1.16918E-3 1.0131E-3 1.16417E-2 4.67534E-2 -9999 -9999 -9999 -9999 -9999 -9999 -9999 -9999
1E0 1E0 1E0 1E0 1E0 1E0 1E0 1E0 1E0 1E0 1E0 1E0 1E0 1E0 1E0 1E0 9.99999E-1 9.96402E-1 9.99632E-1 9.98212E-1 9.99673E-1 1E0 1E0 9.99674E-1 9.29693E-1 9.78217E-1 9.12219E-1 9.43325E-1 8.20088E-1 3.48104E-1 2.24696E-1 2.12162E-1 7.52248E-2 2.46235E-3 5.6041E-4 4.33409E-4 1.81803E-4 9.34282E-5 3.53682E-5 2.1591E-4 5.34013E-5 8.49157E-5 4.4666E-5 2.14101E-5 5.28398E-5 8.28131E-4 7.87122E-4 2.61934E-5 7.80601E-5 2.90348E-5 1.80964E-5 6.24561E-5 1.86853E-4 8.53145E-3 5.2514E-2 5.97612E-2 2.51897E-1 -9999 -9999 -9999 -9999 -9999 1.44597E-3 3.33187E-4 1.10687E-3 4.43136E-4 1.36791E-3 9.99455E-3 4.49971E-2 -9999 -9999 -9999 -9999 -9999 -9999 -9999 -9999
1E0 1E0 1E0 1E0 1E0 1E0 1E0 1E0 1E0 1E0 1E0 1E0 1E0 1E0 1E0 9.99421E-1 9.91948E-1 9.44144E-1 9.05161E-1 9.70934E-1 9.99788E-1 9.99994E-1 9.9999E-1 9.60971E-1 7.3422E-1 8.73515E-1 6.59815E-1 8.90419E-1 7.94098E-1 6.71811E-1 7.65801E-1 5.20202E-1 3.41446E-1 3.33732E-2 3.44899E-3 7.52035E-4 2.00801E-4 1.23557E-4 4.94618E-5 1.73142E-5 3.69389E-5 3.4102E-5 3.74699E-5 3.27684E-5 1.28172E-4 9.90853E-4 4.82685E-4 1.58623E-5 1.62271E-5 1.65841E-5 1.39466E-5 1.92109E-4 1.1456E-3 2.2062E-2 8.94408E-2 9.98678E-2 1.32796E-1 -9999 -9999 -9999 -9999 -9999 3.36245E-3 2.72618E-3 2.74586E-3 5.6236E-3 6.4158E-3 3.97146E-2 -9999 -9999 -9999 -9999 -9999 -9999 1.83841E-1 -9999 -9999
1E0 1E0 1E0 1E0 1E0 1E0 1E0 1E0 1E0 1E0 1E0 1E0 1E0 1E0 9.99973E-1 9.78976E-1 9.51095E-1 9.84769E-1 9.91907E-1 9.99255E-1 9.9936E-1 9.99614E-1 9.95248E-1 9.76892E-1 7.45086E-1 6.22431E-1 3.8406E-1 6.34958E-1 6.40897E-1 6.59578E-1 2.17591E-1 3.52933E-2 1.64444E-2 1.62649E-2 3.46414E-3 1.03002E-3 1.25288E-3 5.68547E-4 8.23559E-5 3.35936E-5 2.54984E-5 3.22921E-5 3.49093E-5 2.44716E-5 3.42189E-5 1.02188E-4 2.29937E-4 2.70891E-5 1.57541E-5 3.41338E-5 1.4937E-5 3.33485E-5 9.28023E-4 9.19518E-3 1.2405E-1 1.26918E-1 2.47472E-1 4.37033E-1 -9999 -9999 -9999 -9999 2.29086E-2 3.12684E-2 4.1041E-2 2.54578E-2 -9999 -9999 -9999 -9999 -9999 -9999 -9999 9.88008E-2 1.33267E-1 -9999 -9999
1E0 1E0 1E0 1E0 1E0 1E0 1E0 1E0 1E0 1E0 1E0 1E0 1E0 1E0 1E0 9.9901E-1 9.99999E-1 1E0 1E0 9.99999E-1 9.9733E-1 9.9393E-1 9.8181E-1 8.84813E-1 9.41728E-1 9.19465E-1 5.34122E-1 3.25546E-1 2.05974E-1 1.23289E-1 1.14541E-1 1.57259E-2 6.19519E-4 3.09688E-3 6.46227E-3 2.94457E-3 1.53667E-3 1.04436E-3 2.90092E-4 1.03367E-4 3.86035E-5 4.44444E-5 6.5518E-5 2.6656E-5 3.31995E-5 1.33655E-5 4.15338E-5 2.62331E-5 3.36541E-5 9.16499E-5 2.03647E-5 3.74815E-5 6.10254E-4 9.09436E-3 8.81948E-2 1.37512E-1 2.36312E-1 2.95462E-1 -9999 -9999 -9999 -9999 5.42914E-2 -9999 -9999 -9999 -9999 -9999 -9999 -9999 -9999 1.1787E-1 1.3037E-1 7.63699E-2 1.07877E-1 -9999 -9999
1E0 1E0 1E0 1E0 1E0 1E0 1E0 1E0 1E0 1E0 1E0 1E0 1E0 1E0 1E0 1E0 1E0 1E0 1E0 1E0 9.99946E-1 9.271E-1 9.00187E-1 3.83296E-1 6.34965E-1 9.44949E-1 7.18193E-1 3.99048E-1 3.16425E-1 1.52356E-1 3.63665E-2 1.40083E-2 1.07299E-3 3.75966E-4 1.56274E-3 3.53266E-4 4.03195E-4 2.05835E-4 1.26818E-4 1.12445E-4 4.6109E-5 3.50852E-5 9.52822E-5 6.26612E-5 2.95917E-5 2.41264E-5 2.8647E-5 4.31294E-5 1.75757E-4 4.94072E-5 1.74863E-5 1.50781E-5 1.5582E-4 2.49537E-3 1.40776E-2 1.14145E-1 2.77628E-1 -9999 -9999 -9999 -9999 -9999 -9999 -9999 -9999 -9999 -9999 -9999 -9999 -9999 -9999 1.43563E-1 7.35863E-2 9.60053E-2 9.02154E-2 -9999 -9999
