ENM/Final_Models/M_0.9_F_q_Set_1_E/Gustavia_santanderiensis_5_Choco.asc
ncols         367
nrows         963
xllcorner     -78.6
yllcorner     0.65
cellsize      0.00833333333333323
NODATA_value  -9999
[rows 480 to 509 of 963, columns 201 to 267 of 367]
1.85411E-1 2.9333E-1 3.13039E-1 2.48888E-1 2.61482E-1 2.62536E-1 4.32366E-1 5.025E-1 3.02348E-1 2.06033E-1 2.25551E-1 2.07387E-1 1.67712E-1 2.57673E-1 3.5887E-1 2.41666E-1 4.09779E-1 2.36583E-1 2.26787E-1 2.47699E-1 5.21108E-1 5.44649E-1 5.4733E-1 5.87897E-1 6.15534E-1 5.59388E-1 4.18755E-1 6.14183E-1 5.87298E-1 4.961E-1 5.73837E-1 4.70524E-1 4.88921E-1 6.64413E-1 4.10243E-1 7.04806E-1 6.37938E-1 5.332E-1 5.55718E-1 5.76498E-1 2.71104E-1 1.06766E-1 1.66152E-1 1.48299E-1 3.27255E-1 1.9857E-1 2.34417E-1 2.10369E-1 1.65636E-1 1.19437E-1 2.25121E-1 8.92154E-2 7.52666E-2 1.301E-2 3.97703E-2 2.05305E-2 7.25659E-2 2.70406E-1 3.07428E-2 3.20315E-1 1.97289E-1 2.85423E-1 1.34239E-1 1.30495E-2 8.88432E-3 1.3521E-2 3.78054E-2
5.91673E-1 2.55996E-1 5.77059E-1 7.15668E-1 5.93722E-1 2.91709E-1 2.08759E-1 3.13332E-1 3.17368E-1 3.13146E-1 2.1935E-1 2.524E-1 2.3373E-1 2.62502E-1 3.80101E-1 3.05694E-1 2.51133E-1 2.28774E-1 2.69064E-1 2.93796E-1 5.12307E-1 5.73106E-1 4.85815E-1 6.09259E-1 5.94484E-1 5.56666E-1 7.3011E-1 5.38468E-1 7.11022E-1 4.852E-1 5.93984E-1 5.0381E-1 4.92651E-1 6.78031E-1 5.23985E-1 5.76991E-1 4.85001E-1 6.03692E-1 4.16302E-1 5.31821E-1 2.2789E-1 5.09745E-1 1.30687E-1 2.32444E-1 4.10539E-1 4.49608E-1 5.76956E-2 3.58244E-2 1.3051E-1 1.73302E-1 3.87571E-1 5.38785E-1 2.65188E-2 6.64882E-2 1.11744E-1 6.38981E-2 2.81793E-2 1.59288E-1 4.57921E-2 4.10175E-2 6.01381E-2 2.48575E-1 2.57017E-1 2.3781E-2 9.74555E-3 2.45816E-2 6.20383E-2
5.23589E-1 5.32104E-1 5.4206E-1 6.1613E-1 2.27998E-1 2.40049E-1 2.68624E-1 3.59474E-1 3.59694E-1 2.12279E-1 2.41596E-1 2.72426E-1 1.47303E-1 2.33312E-1 3.68869E-1 3.24794E-1 4.6996E-1 4.2057E-1 4.38514E-1 3.04599E-1 3.41521E-1 6.04138E-1 5.32111E-1 4.24744E-1 4.36499E-1 4.87199E-1 3.62053E-1 6.67073E-1 6.03141E-1 7.07316E-1 6.99771E-1 5.13944E-1 5.84232E-1 7.50759E-1 6.18255E-1 5.25401E-1 6.0619E-1 4.72795E-1 5.64693E-1 1.74147E-1 2.31956E-1 4.65916E-1 4.60448E-1 6.01438E-1 5.03202E-1 4.91158E-1 5.26689E-1 1.36221E-1 1.25506E-1 1.36591E-1 7.45651E-1 2.72108E-1 3.44427E-1 2.93688E-1 9.84461E-2 4.79884E-2 1.1688E-1 2.45732E-1 1.10719E-1 7.38654E-2 4.0876E-2 1.77028E-1 3.34493E-1 1.29752E-1 2.52223E-2 6.09266E-2 1.24791E-1
6.33523E-1 4.75062E-1 4.3631E-1 2.22811E-1 2.21229E-1 2.64944E-1 4.10243E-1 3.86062E-1 3.59584E-1 3.41903E-1 2.78002E-1 3.14871E-1 2.64016E-1 2.96346E-1 2.34166E-1 1.82872E-1 2.51262E-1 5.04966E-1 2.748E-1 4.08424E-1 5.52549E-1 6.23184E-1 6.30039E-1 5.76003E-1 6.07415E-1 6.21592E-1 7.08458E-1 7.3618E-1 5.48171E-1 6.7156E-1 6.35534E-1 5.2913E-1 9.07457E-1 6.77793E-1 5.54299E-1 7.17327E-1 4.42441E-1 7.88578E-1 3.98658E-1 3.40596E-1 3.57019E-1 7.33847E-1 4.15265E-1 2.5484E-1 2.94846E-1 5.26403E-1 2.74457E-1 3.81222E-1 6.23143E-1 5.82307E-1 2.95488E-1 5.17119E-1 2.8757E-1 1.15852E-1 6.1211E-2 1.16661E-1 2.56622E-1 2.89448E-1 6.90586E-2 3.31128E-2 1.73654E-2 6.80073E-2 9.51026E-2 1.89055E-1 2.99816E-2 2.05143E-2 2.03312E-2
4.99623E-1 4.46074E-1 2.77933E-1 2.08879E-1 4.20515E-1 4.04075E-1 2.77754E-1 4.7642E-1 3.21413E-1 5.65979E-1 2.00246E-1 1.92054E-1 2.74815E-1 5.13503E-1 2.14189E-1 1.37202E-1 2.91158E-1 3.04906E-1 2.69166E-1 5.66162E-1 5.52047E-1 6.11402E-1 7.66963E-1 7.65995E-1 5.26671E-1 6.75646E-1 8.07963E-1 5.82684E-1 5.15698E-1 7.03691E-1 7.37985E-1 4.11003E-1 7.62404E-1 4.57208E-1 2.70118E-1 4.99427E-1 6.25159E-1 5.19355E-1 6.12772E-1 5.67212E-1 2.95156E-1 2.92276E-1 4.58633E-1 2.46195E-1 2.01475E-1 5.79523E-1 4.15985E-1 3.20071E-1 3.12629E-1 4.46037E-1 3.90413E-1 2.73934E-1 2.14282E-1 2.5613E-1 3.95032E-2 3.7651E-2 1.51317E-1 4.34605E-1 2.60041E-1 2.26731E-1 1.01649E-1 6.74598E-2 1.6329E-2 1.56766E-2 1.1554E-1 3.22587E-2 4.28554E-2
4.18161E-1 4.81323E-1 5.33582E-1 2.0785E-1 2.96282E-1 3.67784E-1 2.45592E-1 3.66343E-1 2.81384E-1 2.98214E-1 2.95121E-1 4.91603E-1 2.23041E-1 3.02254E-1 2.34927E-1 1.43963E-1 3.22468E-1 3.43784E-1 4.79708E-1 2.50775E-1 3.96245E-1 5.6872E-1 4.72049E-1 3.91161E-1 6.14544E-1 6.0176E-1 6.92488E-1 7.06691E-1 6.35544E-1 8.17647E-1 7.33119E-1 7.79307E-1 6.88358E-1 3.08844E-1 4.66343E-1 3.64811E-1 4.59559E-1 5.37019E-1 4.86341E-1 6.57828E-1 3.50209E-1 2.97364E-1 6.2936E-1 5.42019E-1 3.0605E-1 5.42428E-1 6.59803E-1 2.96285E-1 3.28654E-1 6.14699E-1 4.54828E-1 6.38547E-1 2.09173E-1 1.70996E-1 4.74151E-2 2.94784E-2 9.31049E-2 1.80149E-1 2.87243E-1 8.16495E-2 1.89763E-1 8.85155E-2 2.62633E-2 5.83571E-2 7.30284E-2 4.41768E-2 7.6858E-2
4.51972E-1 5.73165E-1 6.76567E-1 4.7658E-1 3.58967E-1 3.64221E-1 8.78658E-1 6.14665E-1 3.31391E-1 5.64758E-1 5.04712E-1 7.99789E-1 2.63203E-1 4.25754E-1 4.43042E-1 2.30045E-1 3.96175E-1 1.80278E-1 6.02959E-1 5.65218E-1 6.81045E-1 4.68386E-1 5.20869E-1 5.44573E-1 4.27268E-1 4.96222E-1 5.95194E-1 7.05591E-1 6.22138E-1 8.93924E-1 9.41407E-1 8.59185E-1 7.66743E-1 6.48203E-1 5.74372E-1 4.21513E-1 3.90749E-1 3.36324E-1 3.28002E-1 4.56014E-1 3.39672E-1 4.36536E-1 5.53884E-1 2.82287E-1 3.77272E-1 4.90083E-1 4.19815E-1 3.44074E-1 6.59087E-1 6.23014E-1 4.07435E-1 3.78558E-1 6.59276E-1 2.60819E-1 1.5455E-1 6.78202E-2 4.51654E-2 4.38005E-2 7.00883E-2 1.49883E-1 7.19009E-2 4.84816E-2 6.81811E-2 7.90345E-2 7.62177E-2 1.41001E-1 5.94102E-2
8.54589E-1 7.74847E-1 6.6158E-1 3.93529E-1 3.99896E-1 3.40102E-1 2.6072E-1 2.96411E-1 3.64575E-1 3.51359E-1 5.33872E-1 4.59995E-1 3.83887E-1 3.9011E-1 3.92196E-1 5.42301E-1 2.22733E-1 5.6908E-1 7.51449E-1 5.44906E-1 7.66136E-1 7.08897E-1 4.74811E-1 5.2066E-1 5.21643E-1 5.23427E-1 5.4105E-1 4.60337E-1 6.86959E-1 7.81181E-1 5.84149E-1 5.57623E-1 6.69559E-1 6.73198E-1 4.02622E-1 4.35154E-1 5.13752E-1 3.7288E-1 3.2395E-1 5.72796E-1 2.45279E-1 2.22555E-1 5.06665E-1 4.72823E-1 5.04812E-1 2.38371E-1 3.23977E-1 3.46641E-1 2.58826E-1 3.31831E-1 9.8251E-2 5.73725E-2 1.77147E-2 2.13907E-2 7.76867E-2 5.71349E-2 3.45972E-2 9.96842E-3 7.23845E-3 1.5611E-2 2.57302E-2 9.96801E-2 3.76304E-2 4.69997E-2 3.59675E-2 9.49408E-2 4.58457E-2
8.87003E-1 8.21887E-1 5.33714E-1 3.70978E-1 4.23805E-1 2.98485E-1 3.75956E-1 2.76307E-1 4.24841E-1 5.8393E-1 5.12195E-1 5.55316E-1 5.78842E-1 4.27741E-1 4.33647E-1 4.55487E-1 4.3425E-1 5.62732E-1 8.07052E-1 7.1727E-1 6.6637E-1 8.42749E-1 7.12951E-1 5.12356E-1 4.43818E-1 5.01015E-1 5.58556E-1 5.4527E-1 5.24404E-1 6.69315E-1 7.19135E-1 6.4784E-1 7.34772E-1 6.4912E-1 6.0368E-1 3.64355E-1 3.30769E-1 3.56488E-1 3.09659E-1 2.38493E-1 2.65085E-1 2.16327E-1 9.11018E-1 4.6176E-1 6.29704E-1 6.28343E-1 4.94534E-1 3.38338E-1 2.91008E-1 2.61899E-1 1.14852E-1 1.02169E-1 1.43964E-2 9.15234E-3 8.95624E-3 1.80512E-2 7.81715E-3 4.5808E-3 3.04119E-3 1.83003E-2 3.10691E-2 1.3071E-1 1.18534E-1 4.40268E-2 2.65842E-2 6.11156E-2 4.54355E-2
8.6784E-1 5.19376E-1 4.33457E-1 4.66942E-1 4.621E-1 3.11208E-1 3.27822E-1 2.42277E-1 2.06643E-1 5.03427E-1 4.54572E-1 4.22618E-1 4.75488E-1 4.72927E-1 5.59456E-1 5.39403E-1 5.63619E-1 7.94297E-1 5.94269E-1 5.39313E-1 4.43312E-1 4.56396E-1 5.17213E-1 4.91769E-1 5.20747E-1 5.16676E-1 6.40821E-1 6.1615E-1 4.75429E-1 5.18642E-1 6.03952E-1 5.76978E-1 8.6773E-1 7.05548E-1 7.08788E-1 7.74249E-1 3.72835E-1 4.21893E-1 2.39118E-1 5.45165E-1 3.07506E-1 2.36241E-1 4.44023E-1 5.36051E-1 3.62161E-1 4.33766E-1 4.13112E-1 4.03143E-1 3.69811E-1 2.15527E-1 1.91711E-1 2.22241E-1 4.89657E-1 1.13171E-1 1.2431E-2 5.64536E-3 2.01223E-3 9.84581E-4 3.50245E-3 2.73326E-2 6.26007E-2 1.16424E-1 2.07717E-1 1.58026E-1 6.8523E-2 1.45009E-1 2.82873E-2
5.51942E-1 4.61373E-1 4.39419E-1 5.73486E-1 4.7082E-1 3.71728E-1 3.94311E-1 3.52669E-1 2.86112E-1 4.03257E-1 2.46119E-1 4.16438E-1 4.55733E-1 5.94483E-1 4.94269E-1 5.32107E-1 4.74777E-1 4.28382E-1 4.49754E-1 4.38993E-1 6.43414E-1 4.20995E-1 3.0582E-1 5.73368E-1 5.28445E-1 4.75336E-1 3.03843E-1 3.33046E-1 4.76866E-1 5.10879E-1 6.74695E-1 6.5856E-1 6.82577E-1 5.50842E-1 8.24989E-1 6.23683E-1 3.42964E-1 5.04821E-1 1.6819E-1 3.43671E-1 2.79061E-1 2.6669E-1 2.83359E-1 4.51283E-1 4.033E-1 2.46048E-1 2.72715E-1 3.47235E-1 1.47519E-1 2.45135E-1 3.52182E-1 2.3298E-1 2.87545E-1 2.56984E-1 3.78313E-1 1.48325E-2 1.96054E-3 1.69158E-3 5.35279E-3 3.08562E-2 9.06427E-2 1.99541E-1 1.67066E-1 1.21208E-1 4.65539E-2 2.20386E-2 2.04108E-2
5.33384E-1 3.20284E-1 6.45822E-1 5.78792E-1 6.04998E-1 2.66067E-1 2.28222E-1 4.69122E-1 4.03721E-1 3.7451E-1 5.80893E-1 2.49052E-1 2.27229E-1 4.54836E-1 4.71317E-1 3.91621E-1 3.92702E-1 5.11901E-1 5.79501E-1 5.58636E-1 5.31585E-1 7.61665E-1 7.4743E-1 4.95164E-1 2.57668E-1 2.57809E-1 5.03809E-1 3.6813E-1 5.54813E-1 6.56409E-1 5.84775E-1 5.61477E-1 5.54993E-1 8.92133E-1 7.09783E-1 7.45833E-1 4.67707E-1 2.53366E-1 3.01545E-1 2.89837E-1 3.85049E-1 1.72258E-1 3.71825E-1 5.24209E-1 3.49836E-1 1.26444E-1 3.60853E-1 4.56964E-1 2.88176E-1 2.66047E-1 3.00415E-1 9.32523E-2 8.89454E-2 1.91331E-1 2.8334E-1 1.27373E-1 1.22044E-2 1.63836E-2 1.72158E-2 5.72281E-2 8.70803E-2 8.00303E-2 3.37212E-2 2.69949E-2 1.05837E-2 3.83038E-3 5.87228E-3
4.51335E-1 4.77081E-1 4.48192E-1 4.35968E-1 6.30318E-1 4.23159E-1 3.90371E-1 3.98241E-1 5.10975E-1 5.69589E-1 6.5072E-1 6.46191E-1 6.37266E-1 4.1608E-1 3.51364E-1 3.65143E-1 3.53904E-1 3.1194E-1 7.9192E-1 8.07489E-1 6.73853E-1 7.47331E-1 8.06421E-1 6.30879E-1 7.29922E-1 7.32679E-1 4.83068E-1 2.86966E-1 3.23817E-1 3.76496E-1 7.12666E-1 6.16442E-1 5.47716E-1 4.22348E-1 2.98547E-1 4.15193E-1 3.84705E-1 4.1451E-1 2.12064E-1 2.55864E-1 1.29822E-1 3.65466E-1 4.73337E-1 4.63061E-1 4.90019E-1 4.46593E-1 3.84342E-1 2.65133E-1 3.85755E-1 1.02628E-1 3.65926E-2 1.103E-2 2.09181E-3 1.83593E-3 5.21554E-3 9.29188E-3 1.51073E-3 4.95177E-3 1.27136E-2 1.29186E-2 3.25319E-2 3.19307E-2 1.63047E-2 8.90265E-3 2.97685E-3 7.77035E-4 1.41006E-3
3.5654E-1 5.23825E-1 3.7407E-1 4.53126E-1 4.60552E-1 3.58988E-1 3.73084E-1 3.89757E-1 4.37499E-1 5.54908E-1 4.29272E-1 6.27154E-1 6.13057E-1 3.54063E-1 4.63594E-1 3.84349E-1 2.96455E-1 3.19544E-1 5.75465E-1 5.11911E-1 6.53007E-1 4.74435E-1 7.3896E-1 6.14709E-1 5.05121E-1 5.60747E-1 5.35557E-1 2.91662E-1 5.24168E-1 5.39971E-1 5.72137E-1 6.53737E-1 6.40693E-1 6.34091E-1 3.84352E-1 3.86789E-1 6.08507E-1 5.18799E-1 3.78348E-1 3.1494E-1 1.98079E-1 4.60584E-1 4.96908E-1 2.07856E-1 2.853E-1 2.92571E-1 2.44346E-1 1.90649E-1 2.41081E-1 1.89684E-1 1.11568E-1 1.98404E-2 2.34573E-3 2.03314E-3 4.04133E-4 1.05305E-3 1.00929E-3 9.19424E-4 2.09601E-3 3.9934E-3 2.09139E-2 2.00256E-2 1.2184E-2 1.99504E-3 1.62288E-3 1.45942E-3 2.07191E-3
2.31297E-1 5.23333E-1 5.37918E-1 6.05996E-1 4.72319E-1 3.63489E-1 4.21735E-1 4.32103E-1 4.14626E-1 4.79058E-1 4.41271E-1 2.17131E-1 5.25687E-1 4.92045E-1 4.6043E-1 2.41741E-1 1.81047E-1 3.1992E-1 6.19829E-1 6.80114E-1 8.29121E-1 5.82509E-1 5.64695E-1 5.57698E-1 5.63998E-1 6.96626E-1 6.0201E-1 6.57132E-1 5.92477E-1 5.19599E-1 5.67448E-1 6.66966E-1 6.16935E-1 5.82606E-1 5.22341E-1 6.83217E-1 5.05907E-1 3.78626E-1 2.94765E-1 2.80279E-1 2.61407E-1 6.82631E-1 6.51587E-1 1.69798E-1 2.13915E-1 1.88313E-1 2.00891E-1 4.71933E-2 2.02761E-1 4.32519E-1 2.05017E-1 3.75402E-2 1.42891E-2 4.76645E-3 3.46264E-4 5.10591E-4 8.50196E-4 9.86794E-4 1.21572E-3 1.12842E-3 1.27773E-2 7.58413E-3 2.7413E-3 3.31023E-3 1.29127E-3 2.01236E-4 5.90961E-4
2.64347E-1 3.7679E-1 4.27957E-1 4.46313E-1 2.42986E-1 3.05232E-1 4.14191E-1 3.67658E-1 5.5052E-1 5.58066E-1 4.23201E-1 3.31287E-1 2.674E-1 3.79053E-1 4.11713E-1 2.8457E-1 2.65157E-1 2.81075E-1 6.40407E-1 8.4593E-1 4.9236E-1 5.66417E-1 4.58088E-1 5.67418E-1 5.46546E-1 7.80002E-1 6.59845E-1 6.84709E-1 5.2904E-1 4.81178E-1 7.36272E-1 8.04734E-1 8.02133E-1 5.87039E-1 4.82073E-1 6.61668E-1 3.52363E-1 3.71906E-1 2.53856E-1 3.32413E-1 4.90183E-1 5.46441E-1 3.9994E-1 2.0145E-1 1.71169E-1 6.58656E-2 1.15345E-2 2.10912E-2 1.1352E-1 2.71447E-1 3.30835E-2 2.44482E-2 7.73854E-3 4.65697E-3 9.82841E-4 1.12704E-3 1.06202E-3 1.41977E-3 2.83023E-3 1.96786E-3 5.29271E-3 7.30872E-4 4.98981E-4 3.19358E-4 3.87545E-5 1.87787E-4 1.69227E-3
5.10421E-1 4.18191E-1 4.86484E-1 4.83725E-1 2.94822E-1 4.79773E-1 3.29257E-1 2.08683E-1 2.65218E-1 3.54699E-1 4.83116E-1 2.50874E-1 4.37496E-1 4.35617E-1 3.03501E-1 4.12214E-1 3.42954E-1 3.60501E-1 3.86087E-1 3.47371E-1 2.32201E-1 2.97053E-1 5.29814E-1 5.37961E-1 4.42334E-1 5.55855E-1 6.14567E-1 6.97598E-1 6.87301E-1 5.1599E-1 5.83298E-1 6.66222E-1 6.79584E-1 5.76481E-1 7.11613E-1 5.45715E-1 5.09898E-1 5.99677E-1 3.44111E-1 5.14309E-1 6.58131E-1 5.17309E-1 3.3352E-1 1.34946E-1 2.53349E-1 8.8659E-2 2.04991E-2 4.04626E-2 1.71087E-1 1.82046E-1 8.24086E-2 6.44165E-2 2.52749E-2 6.72277E-3 4.03355E-3 7.0016E-3 7.34336E-3 7.0885E-3 7.84277E-3 5.41834E-3 7.33998E-4 2.60009E-4 2.72384E-5 1.99978E-4 3.23662E-4 3.4135E-4 2.14217E-3
3.47101E-1 3.76E-1 5.08044E-1 5.37466E-1 4.04571E-1 3.67921E-1 3.48689E-1 4.46952E-1 2.18679E-1 4.21543E-1 5.40185E-1 4.91291E-1 2.26073E-1 3.14693E-1 3.33451E-1 4.282E-1 3.78826E-1 3.17382E-1 2.15272E-1 3.59765E-1 2.64906E-1 2.72936E-1 5.30253E-1 3.67027E-1 5.57162E-1 8.61904E-1 8.09618E-1 5.74879E-1 5.2829E-1 4.76326E-1 6.09821E-1 6.77842E-1 6.32543E-1 6.70473E-1 6.24496E-1 5.23394E-1 4.71968E-1 4.92431E-1 5.07804E-1 5.75885E-1 4.59114E-1 6.71214E-1 5.29476E-1 3.94202E-1 2.41375E-1 8.0609E-2 2.12091E-1 2.33455E-1 3.54513E-1 3.75563E-1 2.52284E-1 2.77622E-1 3.69714E-1 1.07744E-1 2.80149E-2 4.65035E-2 1.77693E-2 4.42305E-3 5.91793E-3 1.41277E-3 4.09188E-4 9.71389E-5 8.97838E-5 1.33036E-4 8.1179E-4 1.41715E-3 5.84391E-3
4.05299E-1 3.35783E-1 3.56072E-1 4.27003E-1 2.75297E-1 3.4191E-1 4.20411E-1 3.64661E-1 4.21077E-1 4.55336E-1 3.79468E-1 2.05669E-1 3.44795E-1 3.42023E-1 3.56532E-1 4.08572E-1 4.2822E-1 5.33412E-1 4.62519E-1 5.34362E-1 3.23851E-1 3.36567E-1 5.13624E-1 4.09668E-1 4.0388E-1 4.92606E-1 4.74507E-1 5.00041E-1 5.75801E-1 5.17348E-1 5.136E-1 4.93481E-1 5.46048E-1 5.14393E-1 6.63369E-1 5.25082E-1 8.28924E-1 5.64977E-1 6.26201E-1 5.47782E-1 5.09993E-1 5.19043E-1 6.8399E-1 6.25038E-1 3.61148E-1 3.26186E-1 5.25385E-1 6.03324E-1 4.18734E-1 4.80921E-1 3.14515E-1 2.02407E-1 9.91532E-2 9.92531E-3 3.17169E-3 3.41732E-3 9.83652E-3 2.78237E-3 8.16858E-4 1.99931E-3 1.91564E-4 6.06015E-5 3.15473E-4 9.37847E-4 1.38338E-3 4.27088E-3 4.47502E-3
2.56381E-1 2.40092E-1 4.01014E-1 4.16492E-1 3.64945E-1 4.38571E-1 2.1276E-1 2.80503E-1 2.72945E-1 2.86344E-1 1.94169E-1 2.13809E-1 3.8913E-1 4.06747E-1 3.14706E-1 4.40176E-1 4.40732E-1 4.18958E-1 4.45443E-1 3.42863E-1 3.41491E-1 3.30231E-1 2.85806E-1 5.26924E-1 5.74861E-1 3.93151E-1 3.70366E-1 4.086E-1 3.81193E-1 5.60983E-1 4.60348E-1 4.98555E-1 5.73426E-1 5.33079E-1 4.81485E-1 7.80313E-1 7.03372E-1 7.21669E-1 7.19649E-1 5.18818E-1 4.86274E-1 4.7754E-1 5.46055E-1 6.32595E-1 5.11563E-1 5.08684E-1 5.19014E-1 2.15023E-1 1.86461E-1 1.95356E-1 2.26706E-1 2.25548E-1 1.11871E-1 8.27399E-3 8.89687E-4 2.85781E-3 4.7006E-3 2.07582E-3 5.90128E-4 2.6017E-3 2.40594E-3 1.55431E-3 1.10949E-3 1.52836E-3 3.54334E-3 1.05772E-3 9.22972E-4
2.3232E-1 2.51147E-1 4.064E-1 4.87772E-1 3.8284E-1 3.95185E-1 3.27393E-1 3.41668E-1 4.2465E-1 3.56646E-1 3.48373E-1 7.15424E-1 3.84713E-1 3.58069E-1 5.34509E-1 2.32293E-1 3.02435E-1 3.51657E-1 3.49261E-1 3.21083E-1 3.11825E-1 4.92818E-1 4.85296E-1 5.67184E-1 4.78915E-1 5.67713E-1 5.94174E-1 4.38754E-1 4.40099E-1 4.25153E-1 4.10217E-1 3.77429E-1 3.90879E-1 5.24367E-1 7.98327E-1 6.06504E-1 6.35495E-1 4.37231E-1 5.4531E-1 6.48953E-1 4.34358E-1 4.76629E-1 3.17178E-1 4.81914E-1 2.95907E-1 2.46416E-1 2.37912E-1 1.13278E-1 4.80828E-2 1.28545E-2 9.7596E-3 1.17146E-2 6.91198E-3 6.28869E-3 5.74377E-3 5.57233E-3 1.088E-3 4.64599E-4 7.02516E-4 2.71639E-3 4.15947E-3 9.89134E-3 2.38768E-3 7.86834E-3 7.48518E-3 3.12834E-3 9.7111E-3
2.82456E-1 2.51268E-1 3.89626E-1 4.55674E-1 3.93765E-1 3.7567E-1 3.1025E-1 4.82229E-1 4.327E-1 3.98628E-1 3.2018E-1 3.39685E-1 3.9533E-1 4.21195E-1 3.45361E-1 3.1033E-1 2.59836E-1 3.26096E-1 3.69052E-1 6.13888E-1 5.75296E-1 6.74593E-1 4.60376E-1 4.92243E-1 5.40918E-1 4.99759E-1 5.0808E-1 4.41121E-1 5.07516E-1 4.72613E-1 5.91548E-1 4.35015E-1 3.69844E-1 5.40202E-1 6.88392E-1 7.26375E-1 4.24001E-1 4.97928E-1 4.67493E-1 3.96615E-1 3.78773E-1 3.84034E-1 3.19778E-1 1.52773E-1 2.76616E-1 2.8742E-1 1.12178E-1 3.52029E-2 1.45814E-2 4.01063E-3 3.16401E-3 1.16493E-2 3.51306E-3 1.54546E-3 1.03863E-3 2.9232E-3 4.10052E-4 1.36207E-3 2.92868E-3 4.53008E-3 7.58354E-3 1.22066E-2 1.36473E-2 2.58551E-3 8.11284E-3 4.77167E-3 5.01453E-2
2.5181E-1 4.08954E-1 4.20844E-1 4.48996E-1 4.28581E-1 2.46799E-1 4.31038E-1 4.14997E-1 2.03458E-1 3.80347E-1 2.85076E-1 2.62136E-1 2.37963E-1 4.74807E-1 3.00915E-1 4.77778E-1 4.00011E-1 3.59469E-1 5.77264E-1 6.07274E-1 5.97111E-1 5.47677E-1 5.63691E-1 5.49152E-1 6.20369E-1 4.54642E-1 4.97175E-1 7.19974E-1 6.5486E-1 5.39188E-1 5.91186E-1 5.47547E-1 4.98625E-1 5.49492E-1 9.12832E-1 6.4197E-1 4.36047E-1 6.95493E-1 5.17481E-1 5.63734E-1 8.20702E-1 7.48786E-1 3.03393E-1 1.40412E-1 1.46636E-1 9.42775E-2 2.54431E-2 1.99279E-2 8.22022E-3 2.69689E-3 2.14514E-3 5.80534E-3 2.17383E-3 2.7715E-3 1.56307E-3 9.1852E-4 1.01432E-3 1.34506E-3 3.59903E-3 5.57967E-3 2.43116E-3 1.40849E-2 1.17338E-2 3.63011E-3 2.11709E-2 1.64906E-2 1.98196E-2
4.44622E-1 4.4638E-1 4.99506E-1 4.6927E-1 4.13364E-1 3.28699E-1 3.78167E-1 3.86404E-1 3.6721E-1 3.6326E-1 4.45683E-1 3.70239E-1 3.29512E-1 6.06477E-1 5.03E-1 4.60208E-1 5.90948E-1 6.15861E-1 6.86422E-1 7.51044E-1 6.96231E-1 6.32483E-1 5.4875E-1 4.67332E-1 5.74069E-1 5.34018E-1 5.20343E-1 5.07924E-1 6.36735E-1 5.43008E-1 5.97836E-1 6.78057E-1 9.30948E-1 9.33139E-1 9.41647E-1 6.69369E-1 7.63654E-1 4.54409E-1 6.14459E-1 6.3784E-1 7.3711E-1 5.60258E-1 5.82393E-1 1.95969E-1 3.62263E-1 3.28516E-1 2.81456E-1 6.18133E-2 1.06538E-2 1.83025E-3 2.51986E-3 3.0633E-3 4.36951E-3 3.76464E-3 6.5393E-3 5.61541E-3 2.38769E-3 2.86148E-3 5.86177E-3 1.23745E-2 5.19621E-3 3.38482E-2 2.93273E-3 2.6469E-2 6.20823E-2 1.74005E-2 3.89871E-4
3.33795E-1 5.38119E-1 5.0377E-1 5.80187E-1 3.5281E-1 2.53438E-1 3.23959E-1 3.57832E-1 4.62411E-1 4.78313E-1 4.93603E-1 5.49894E-1 4.78234E-1 5.59839E-1 2.79298E-1 4.9741E-1 6.80929E-1 5.42231E-1 6.17378E-1 5.01077E-1 7.50007E-1 3.96029E-1 6.22589E-1 5.22869E-1 4.60084E-1 5.54873E-1 8.01842E-1 7.84845E-1 7.34966E-1 6.07174E-1 5.75144E-1 6.23755E-1 8.35771E-1 8.52198E-1 7.55554E-1 5.18812E-1 6.62713E-1 4.72379E-1 5.40342E-1 4.60599E-1 4.28409E-1 4.00723E-1 3.29232E-1 2.81093E-1 2.90328E-1 2.92545E-1 3.11781E-1 2.01332E-2 4.76495E-3 4.51367E-3 3.59351E-3 5.79813E-3 7.96776E-3 8.35819E-3 4.29103E-3 1.68541E-2 1.65439E-2 4.75842E-3 6.93052E-3 9.84175E-3 2.96716E-2 2.08463E-2 2.18334E-1 1.07315E-1 4.88064E-2 1.05865E-2 2.03336E-3
4.47623E-1 2.39424E-1 4.26371E-1 5.58136E-1 4.25662E-1 3.65727E-1 3.95679E-1 5.06603E-1 5.33092E-1 4.71592E-1 4.29922E-1 3.05968E-1 6.07183E-1 4.85006E-1 4.95812E-1 5.6422E-1 5.05797E-1 6.70136E-1 6.3967E-1 5.66082E-1 4.45037E-1 7.70386E-1 6.10388E-1 5.41259E-1 5.71883E-1 5.43736E-1 7.12128E-1 8.78892E-1 8.53534E-1 8.95297E-1 8.54917E-1 9.12793E-1 9.5359E-1 7.88737E-1 5.58515E-1 4.95383E-1 4.65334E-1 4.68275E-1 4.94379E-1 5.08848E-1 3.45963E-1 3.18028E-1 1.84609E-1 3.4387E-1 5.08752E-1 3.13097E-1 9.99061E-2 1.54723E-2 3.77734E-3 3.88355E-3 3.66238E-3 2.11029E-2 3.04069E-2 1.45501E-2 1.12589E-2 2.41468E-2 2.44145E-2 1.71447E-2 9.34227E-3 1.42058E-2 1.50223E-2 1.91508E-1 1.38894E-1 2.60364E-2 2.56658E-2 1.18251E-2 8.65266E-4
4.05324E-1 5.14713E-1 4.2508E-1 3.5823E-1 4.46991E-1 5.01219E-1 4.13709E-1 4.4725E-1 5.15443E-1 6.13776E-1 4.75624E-1 3.84455E-1 4.71162E-1 4.75924E-1 5.55385E-1 6.7381E-1 6.89799E-1 8.15748E-1 5.76169E-1 7.13767E-1 5.19032E-1 5.96176E-1 6.66827E-1 7.41942E-1 4.91366E-1 5.03719E-1 6.62942E-1 7.40123E-1 8.35201E-1 6.76542E-1 8.2448E-1 8.55089E-1 7.97695E-1 8.65988E-1 5.14601E-1 6.32943E-1 5.4631E-1 4.81485E-1 6.38902E-1 6.52621E-1 5.95304E-1 6.67034E-1 3.47244E-1 3.51394E-1 2.71718E-1 5.40639E-1 3.03704E-1 5.13729E-2 7.72618E-3 3.10162E-3 3.50716E-3 3.92436E-2 5.49149E-2 1.02935E-2 6.78833E-3 1.31952E-2 3.94019E-2 1.39832E-2 6.08755E-3 2.53987E-2 1.46477E-1 1.75322E-1 8.30086E-2 2.52563E-3 2.0071E-3 1.74267E-3 1.59674E-2
4.61996E-1 4.77497E-1 2.87203E-1 4.33844E-1 4.46536E-1 7.4488E-1 4.39954E-1 4.95794E-1 5.53887E-1 5.69819E-1 5.15555E-1 4.95123E-1 6.16094E-1 4.18298E-1 4.44827E-1 6.22134E-1 5.1922E-1 8.51863E-1 5.92791E-1 7.43966E-1 7.31415E-1 5.85436E-1 6.85802E-1 7.80546E-1 5.04588E-1 5.5274E-1 6.66418E-1 7.22773E-1 6.69452E-1 6.60547E-1 7.96233E-1 8.67589E-1 6.10565E-1 6.46105E-1 4.62456E-1 6.05991E-1 5.46034E-1 4.92626E-1 5.53322E-1 5.86214E-1 6.1651E-1 5.48214E-1 3.51929E-1 2.66402E-1 1.2477E-1 1.97101E-1 1.59103E-1 3.10776E-2 6.71002E-3 9.72943E-3 7.53319E-3 7.7947E-2 8.15571E-2 1.9598E-2 1.29451E-2 8.93904E-3 1.17155E-2 1.72023E-2 1.0486E-1 7.33198E-3 2.10591E-1 9.03228E-2 4.22091E-3 3.22348E-3 1.49282E-3 3.81362E-3 3.79988E-3
5.91365E-1 4.50391E-1 2.53467E-1 4.43851E-1 3.72713E-1 4.95461E-1 4.1802E-1 3.5749E-1 4.14464E-1 4.4242E-1 4.23081E-1 5.50499E-1 5.17492E-1 3.91375E-1 4.3261E-1 5.89133E-1 7.17431E-1 7.45607E-1 7.29603E-1 9.24034E-1 7.28698E-1 6.83246E-1 5.5872E-1 7.0071E-1 6.15796E-1 6.36934E-1 7.49005E-1 7.19877E-1 7.16429E-1 6.69511E-1 8.60347E-1 7.956E-1 8.59479E-1 6.87255E-1 5.46692E-1 5.84254E-1 5.7396E-1 6.91053E-1 4.53541E-1 4.35338E-1 4.04467E-1 4.18804E-1 2.20508E-1 2.0384E-1 1.60607E-1 6.77372E-2 5.7492E-2 1.64638E-2 1.62364E-2 7.08257E-2 8.06697E-2 2.43982E-1 9.21202E-2 2.43966E-2 1.99094E-2 2.74294E-2 1.19439E-2 3.54568E-2 2.13806E-2 1.07056E-1 1.70851E-1 1.27057E-1 4.64083E-3 3.68599E-3 9.17126E-3 4.88593E-3 7.29653E-4
3.44175E-1 9.20388E-1 9.18214E-1 3.67952E-1 3.8481E-1 4.57296E-1 4.08897E-1 3.81557E-1 4.05402E-1 5.1844E-1 4.03346E-1 5.98284E-1 4.66578E-1 4.60075E-1 4.84906E-1 9.03521E-1 9.26238E-1 8.47065E-1 7.49438E-1 8.69966E-1 6.61752E-1 6.40845E-1 7.16843E-1 9.07928E-1 5.48114E-1 6.95628E-1 8.12051E-1 7.78064E-1 5.40652E-1 5.96537E-1 6.67095E-1 8.32743E-1 7.10858E-1 7.00011E-1 7.68468E-1 5.11691E-1 5.36967E-1 6.88624E-1 4.70263E-1 4.23662E-1 2.23053E-1 1.92815E-1 9.7283E-2 1.223E-1 1.47994E-1 1.28346E-1 6.88575E-2 3.80177E-2 2.27074E-2 5.60666E-2 2.16638E-1 1.91238E-1 1.38233E-2 1.65046E-2 5.02318E-3 8.76865E-3 6.81313E-2 6.1591E-2 3.77585E-2 2.21351E-2 1.24184E-2 8.84754E-3 1.1594E-2 2.70049E-2 2.65021E-2 9.38762E-3 2.91911E-4
