ENM/Final_Models/M_0.9_F_q_Set_1_E/Gustavia_santanderiensis_Choco_median.asc
ncols         367
nrows         963
xllcorner     -78.6
yllcorner     0.65
cellsize      0.00833333333333323
NODATA_value  -9999
[rows 510 to 543 of 963, columns 228 to 303 of 367]
1E0 1E0 1E0 1E0 9.99514E-1 1E0 1E0 1E0 1E0 1E0 1E0 1E0 1E0 9.54503E-1 5.95207E-1 6.56118E-1 9.94468E-1 1E0 9.99997E-1 9.78661E-1 8.28045E-1 8.06501E-2 1.15779E-1 3.09364E-2 6.43577E-3 8.53875E-2 4.34619E-2 1.24899E-1 4.17461E-1 3.44231E-1 1.19696E-1 6.60082E-3 3.60884E-3 1.22883E-2 2.33979E-2 8.29023E-2 1.46776E-1 3.42005E-2 6.18845E-2 3.06892E-2 1.83356E-3 2.15838E-3 1.40423E-3 5.15021E-3 9.73349E-3 4.32001E-3 -9999 -9999 -9999 -9999 -9999 -9999 -9999 -9999 -9999 -9999 -9999 -9999 -9999 -9999 -9999 -9999 -9999 -9999 -9999 -9999 -9999 -9999 -9999 -9999 -9999 -9999 -9999 -9999 -9999 -9999
1E0 1E0 1E0 1E0 1E0 1E0 1E0 1E0 1E0 1E0 1E0 1E0 1E0 9.54197E-1 4.73951E-1 9.27017E-1 9.99991E-1 1E0 1E0 9.95311E-1 1.18155E-1 3.00624E-1 1.02514E-1 3.04258E-2 2.01485E-1 1.83385E-1 2.83665E-1 2.93642E-1 6.64482E-3 5.1313E-3 1.16994E-1 5.5804E-2 3.7218E-2 1.89512E-2 9.47789E-2 9.84581E-2 5.66604E-2 2.69074E-2 1.85402E-2 1.43265E-2 2.54522E-3 5.12243E-3 1.9013E-3 3.99808E-3 1.0858E-2 -9999 -9999 -9999 -9999 -9999 -9999 -9999 -9999 -9999 -9999 -9999 -9999 -9999 -9999 -9999 -9999 -9999 -9999 -9999 -9999 -9999 -9999 -9999 -9999 -9999 -9999 -9999 -9999 -9999 -9999 -9999
9.99997E-1 1E0 1E0 1E0 1E0 1E0 1E0 1E0 1E0 1E0 1E0 1E0 9.99513E-1 8.61532E-1 3.93755E-1 9.35052E-1 1E0 1E0 9.98398E-1 3.16451E-1 3.28258E-1 5.4436E-1 5.35281E-1 1.26181E-1 4.2477E-2 5.03786E-2 8.69405E-2 1.23376E-2 4.55326E-3 4.5318E-2 4.21501E-1 8.68961E-1 6.72803E-1 1.38848E-1 9.69908E-2 2.66918E-1 5.22561E-2 1.85536E-3 2.94403E-3 6.32431E-3 2.67466E-3 1.6682E-2 1.25525E-2 4.87349E-3 6.35457E-3 -9999 -9999 -9999 -9999 -9999 -9999 -9999 -9999 -9999 -9999 -9999 -9999 -9999 -9999 -9999 -9999 -9999 -9999 -9999 -9999 -9999 -9999 -9999 -9999 -9999 -9999 -9999 -9999 -9999 -9999 -9999
9.99896E-1 1E0 9.99944E-1 1E0 1E0 1E0 1E0 1E0 1E0 1E0 1E0 1E0 9.99929E-1 8.97441E-1 8.55694E-1 9.97424E-1 9.99999E-1 9.90917E-1 7.31225E-1 4.10702E-1 5.12027E-1 3.73365E-1 7.87623E-3 4.6452E-2 1.27306E-2 3.11632E-2 6.55323E-2 7.93165E-2 2.7529E-2 3.75968E-1 4.96203E-2 2.3057E-1 2.64266E-1 1.02637E-1 6.84529E-2 2.95308E-2 7.90545E-3 8.41607E-3 1.74134E-3 2.65556E-3 7.63969E-3 9.41759E-3 1.37677E-2 8.50588E-3 1.9802E-2 -9999 -9999 -9999 -9999 -9999 -9999 -9999 -9999 -9999 -9999 -9999 -9999 -9999 -9999 -9999 -9999 -9999 -9999 -9999 -9999 -9999 -9999 -9999 -9999 -9999 -9999 -9999 -9999 -9999 -9999 -9999
1E0 1E0 1E0 1E0 1E0 1E0 1E0 1E0 1E0 1E0 1E0 1E0 9.99975E-1 9.99999E-1 9.99771E-1 8.55423E-1 3.06203E-1 6.23326E-1 5.80471E-1 5.39112E-1 5.5887E-1 2.3291E-1 7.26978E-3 1.35751E-1 1.09232E-1 3.28599E-1 3.64577E-1 1.48959E-1 2.48229E-1 7.48675E-1 9.03901E-2 5.24277E-2 5.57191E-2 2.63353E-2 1.66523E-2 7.8497E-3 8.6837E-3 1.03709E-2 1.35063E-3 4.39553E-3 3.58256E-3 2.26247E-2 7.29438E-3 8.43416E-3 2.37248E-2 -9999 -9999 -9999 -9999 -9999 -9999 -9999 -9999 -9999 -9999 -9999 -9999 -9999 -9999 -9999 -9999 -9999 -9999 -9999 -9999 -9999 -9999 -9999 -9999 -9999 -9999 -9999 -9999 -9999 -9999 -9999
1E0 1E0 1E0 1E0 1E0 1E0 1E0 1E0 1E0 1E0 1E0 1E0 9.99704E-1 9.84876E-1 9.55038E-1 1.44042E-1 6.79764E-2 1.28154E-1 1.3024E-1 3.84331E-1 3.70551E-1 4.43176E-2 1.81393E-2 8.68619E-1 3.23614E-1 1.13023E-1 7.38681E-1 8.85815E-1 2.17266E-1 2.08888E-1 1.43671E-1 7.29567E-2 2.99759E-2 3.60196E-3 3.40839E-3 1.50427E-3 1.45571E-3 5.13716E-3 4.23728E-3 6.56982E-3 1.12812E-2 1.30983E-2 2.11547E-3 1.17372E-2 7.99629E-3 -9999 -9999 -9999 -9999 -9999 -9999 -9999 -9999 -9999 -9999 -9999 -9999 -9999 -9999 -9999 -9999 -9999 -9999 -9999 -9999 -9999 -9999 -9999 -9999 -9999 -9999 -9999 -9999 -9999 -9999 -9999
1E0 1E0 1E0 1E0 1E0 1E0 1E0 1E0 1E0 1E0 1E0 1E0 9.99966E-1 9.99254E-1 9.23464E-1 7.0688E-1 2.53743E-1 4.39268E-1 9.15857E-1 5.07718E-1 5.1666E-1 2.76033E-1 5.23055E-1 9.98176E-1 2.96304E-1 3.84785E-2 8.25092E-2 4.8984E-2 4.61095E-2 2.54342E-2 3.10038E-2 4.23632E-3 1.88359E-3 7.64878E-3 4.82133E-3 2.96415E-3 6.72824E-3 3.6222E-3 4.37245E-3 5.00603E-3 6.87943E-3 2.39144E-2 8.39273E-3 2.95261E-3 1.50221E-3 -9999 -9999 -9999 -9999 -9999 -9999 -9999 -9999 -9999 -9999 -9999 -9999 -9999 -9999 -9999 -9999 -9999 -9999 -9999 -9999 -9999 -9999 -9999 -9999 -9999 -9999 -9999 -9999 -9999 -9999 -9999
1E0 1E0 1E0 1E0 1E0 1E0 1E0 1E0 1E0 1E0 1E0 1E0 1E0 1E0 1E0 1E0 9.99991E-1 9.68749E-1 7.88456E-1 9.88221E-1 9.99971E-1 1E0 9.97848E-1 5.47633E-1 2.22762E-1 1.15971E-1 2.64278E-1 2.69929E-1 2.62358E-1 2.06283E-1 5.60396E-2 3.50551E-3 3.18623E-3 1.48303E-2 1.47649E-2 2.29524E-3 6.52743E-3 4.16479E-3 9.39951E-3 1.88044E-2 1.60422E-2 1.59163E-2 7.00112E-3 2.02315E-3 1.19161E-2 -9999 -9999 -9999 -9999 -9999 -9999 -9999 -9999 -9999 -9999 -9999 -9999 -9999 -9999 -9999 -9999 -9999 -9999 -9999 -9999 -9999 -9999 -9999 -9999 -9999 -9999 -9999 -9999 -9999 -9999 -9999
1E0 1E0 1E0 1E0 1E0 1E0 1E0 1E0 1E0 1E0 1E0 1E0 1E0 1E0 9.99778E-1 6.54886E-1 9.25812E-1 2.54754E-1 1.37714E-1 4.28978E-1 9.40455E-1 9.96725E-1 9.97234E-1 7.26162E-1 3.42817E-1 6.38143E-3 2.12678E-2 8.30494E-2 1.72862E-1 4.94191E-2 1.40674E-2 1.01585E-2 1.19556E-2 1.58536E-2 7.31846E-3 1.08012E-3 4.19849E-2 2.77055E-2 3.43381E-3 4.73499E-3 1.2238E-2 1.72735E-2 1.40757E-2 5.7915E-2 1.90403E-2 1.51381E-2 -9999 -9999 -9999 -9999 -9999 -9999 -9999 -9999 -9999 -9999 -9999 -9999 -9999 -9999 -9999 -9999 -9999 -9999 -9999 -9999 -9999 -9999 -9999 -9999 -9999 -9999 -9999 -9999 -9999 -9999
9.99994E-1 9.99963E-1 1E0 1E0 1E0 1E0 1E0 1E0 1E0 1E0 1E0 1E0 1E0 1E0 9.95807E-1 7.11498E-2 3.66535E-2 3.65942E-2 1.20054E-2 4.01135E-2 7.51806E-2 2.83143E-1 9.84245E-1 9.93213E-1 5.14264E-1 8.50303E-2 6.64656E-2 5.63267E-2 6.51825E-2 9.43339E-3 5.6121E-3 1.70991E-2 1.81286E-2 1.11733E-2 2.36459E-3 2.22321E-2 1.55952E-2 8.51913E-3 1.70926E-2 1.25171E-2 1.19013E-2 1.31454E-2 1.19184E-1 4.85794E-3 4.93013E-4 5.80234E-4 -9999 -9999 -9999 -9999 -9999 -9999 -9999 -9999 -9999 -9999 -9999 -9999 -9999 -9999 -9999 -9999 -9999 -9999 -9999 -9999 -9999 -9999 -9999 -9999 -9999 -9999 -9999 -9999 -9999 -9999
1E0 1E0 9.99986E-1 1E0 1E0 1E0 1E0 1E0 1E0 1E0 1E0 1E0 1E0 9.99995E-1 7.90514E-1 5.15313E-2 1.67394E-2 1.0475E-2 1.05421E-2 1.64242E-2 5.3487E-2 2.93706E-1 9.66002E-1 9.97497E-1 9.24459E-1 4.21449E-1 3.02211E-1 6.08417E-2 7.52908E-2 2.51408E-2 1.88565E-2 1.84345E-2 3.57273E-3 1.43781E-2 2.89056E-2 3.65107E-2 1.46197E-3 2.92704E-3 4.74191E-3 3.18628E-3 1.11728E-2 8.73207E-3 4.11509E-2 1.72166E-2 7.74509E-3 5.14885E-3 1.02605E-2 -9999 -9999 -9999 -9999 -9999 -9999 -9999 -9999 -9999 -9999 -9999 -9999 -9999 -9999 -9999 -9999 -9999 -9999 -9999 -9999 -9999 -9999 -9999 -9999 -9999 -9999 -9999 -9999 -9999
1E0 1E0 1E0 1E0 1E0 1E0 1E0 1E0 9.99989E-1 1E0 1E0 1E0 1E0 9.99985E-1 1E0 4.96569E-1 1.62061E-1 2.03788E-2 4.54463E-2 1.44809E-2 2.60813E-2 8.63726E-2 9.32744E-1 8.51605E-1 6.69069E-1 1.79515E-1 1.42943E-1 3.01384E-1 1.43925E-1 1.5846E-1 1.58155E-2 7.03266E-3 7.7859E-3 1.68201E-2 2.2947E-2 3.33268E-3 1.6164E-3 5.65478E-3 2.79887E-3 9.01228E-3 1.82694E-2 7.39556E-3 1.40871E-2 3.78225E-3 7.03321E-3 7.14927E-3 1.30609E-3 -9999 -9999 -9999 -9999 -9999 -9999 -9999 -9999 -9999 -9999 -9999 -9999 -9999 -9999 -9999 -9999 -9999 -9999 -9999 -9999 -9999 -9999 -9999 -9999 -9999 -9999 -9999 -9999 -9999
1E0 1E0 1E0 9.98747E-1 1E0 1E0 9.99986E-1 9.98761E-1 9.99887E-1 1E0 1E0 1E0 1E0 1E0 9.96905E-1 9.99257E-1 9.45197E-1 1.69757E-1 1.18836E-1 6.03078E-2 3.83383E-2 1.9757E-1 4.39403E-1 1.84316E-1 6.44385E-1 1.6966E-1 7.17859E-2 1.86431E-1 1.82683E-2 2.32018E-2 5.43961E-3 2.86456E-2 3.4406E-2 2.22395E-2 1.45098E-2 8.49623E-3 5.59978E-3 2.99932E-4 1.0474E-2 5.06492E-3 2.75052E-3 5.45684E-3 2.75289E-3 1.173E-3 1.29017E-3 5.13983E-4 1.33363E-3 -9999 -9999 -9999 -9999 -9999 -9999 -9999 -9999 -9999 -9999 -9999 -9999 -9999 -9999 -9999 -9999 -9999 -9999 -9999 -9999 -9999 -9999 -9999 -9999 -9999 -9999 -9999 -9999 -9999
1E0 1E0 1E0 1E0 9.99933E-1 1E0 1E0 1E0 9.99971E-1 1E0 1E0 1E0 1E0 1E0 9.93221E-1 1E0 9.97457E-1 9.06246E-1 7.33221E-1 1.01998E-1 1.04702E-1 9.88861E-2 2.88597E-1 1.59587E-1 1.4851E-1 4.30679E-2 1.50492E-2 4.70494E-2 2.51539E-2 4.33303E-3 6.18662E-3 1.05027E-2 4.88556E-3 4.48253E-3 2.42756E-3 7.78408E-4 3.28382E-3 4.21843E-4 9.13766E-3 9.18275E-3 1.66754E-2 2.89539E-3 2.43446E-4 1.15229E-3 1.49737E-3 7.71673E-3 5.35322E-3 -9999 -9999 -9999 -9999 -9999 -9999 -9999 -9999 -9999 -9999 -9999 -9999 -9999 -9999 -9999 -9999 -9999 -9999 -9999 -9999 -9999 -9999 -9999 -9999 -9999 -9999 -9999 -9999 -9999
1E0 1E0 9.97198E-1 9.99969E-1 9.99604E-1 1E0 1E0 1E0 9.99899E-1 1E0 1E0 1E0 1E0 9.99992E-1 9.99998E-1 1E0 9.96713E-1 8.2353E-1 2.61726E-1 1.48658E-1 4.62635E-2 2.28553E-1 1.82898E-1 2.53394E-2 2.74978E-2 1.01777E-2 1.50676E-2 8.37884E-3 1.2865E-2 1.86622E-2 8.46388E-3 4.41707E-3 6.13942E-3 4.91704E-3 7.77776E-4 4.92179E-4 1.0904E-3 2.62494E-3 8.63105E-4 1.23825E-3 2.25562E-3 9.8378E-4 5.33962E-3 5.37342E-3 9.49703E-4 4.11967E-4 6.09102E-4 3.23933E-3 -9999 -9999 -9999 -9999 -9999 -9999 -9999 -9999 -9999 -9999 -9999 -9999 -9999 -9999 -9999 -9999 -9999 -9999 -9999 -9999 -9999 -9999 -9999 -9999 -9999 -9999 -9999 -9999
1E0 1E0 1E0 1E0 1E0 1E0 1E0 1E0 1E0 1E0 1E0 1E0 1E0 1E0 9.99996E-1 1E0 9.9837E-1 9.44166E-1 1.74622E-1 2.41085E-3 1.2647E-2 2.28028E-2 2.32808E-2 2.92742E-2 2.27453E-2 1.33862E-2 1.48388E-2 1.60545E-2 1.51052E-2 1.23914E-2 9.12595E-3 1.62504E-3 5.25103E-3 1.08809E-2 2.44305E-4 1.45202E-4 1.34198E-3 4.11649E-3 1.94272E-3 2.23922E-3 2.45128E-3 1.53799E-3 4.04627E-3 1.43886E-3 1.83056E-3 1.66742E-3 1.93309E-3 1.01027E-2 -9999 -9999 -9999 -9999 -9999 -9999 -9999 -9999 -9999 -9999 -9999 -9999 -9999 -9999 -9999 -9999 -9999 -9999 -9999 -9999 -9999 -9999 -9999 -9999 -9999 -9999 -9999 -9999
1E0 1E0 1E0 1E0 1E0 1E0 9.9672E-1 1E0 1E0 1E0 1E0 1E0 1E0 9.99997E-1 9.99582E-1 1E0 9.6473E-1 9.94229E-1 3.64695E-1 5.5419E-3 9.37114E-3 3.95556E-3 2.87674E-2 7.80057E-2 7.67925E-3 5.88818E-3 3.80273E-3 3.76605E-3 2.47845E-3 1.05587E-2 5.17569E-3 2.6133E-3 5.407E-3 6.62005E-3 1.34045E-4 1.5585E-4 2.46848E-3 8.49406E-3 8.45673E-4 1.27533E-3 1.78407E-3 1.04983E-3 9.22155E-3 5.45566E-4 2.18971E-3 4.85574E-3 6.13187E-3 8.74659E-3 -9999 -9999 -9999 -9999 -9999 -9999 -9999 -9999 -9999 -9999 -9999 -9999 -9999 -9999 -9999 -9999 -9999 -9999 -9999 -9999 -9999 -9999 -9999 -9999 -9999 -9999 -9999 -9999
1E0 1E0 1E0 1E0 1E0 1E0 9.99997E-1 1E0 1E0 1E0 1E0 1E0 1E0 9.99999E-1 9.99342E-1 9.95537E-1 2.05463E-1 8.5103E-2 1.90949E-1 2.4351E-2 1.17883E-2 8.01815E-4 2.44574E-2 1.10307E-2 5.89428E-3 7.82004E-3 9.85152E-3 3.79724E-3 1.23161E-3 1.19912E-3 7.02324E-4 1.45279E-3 1.67151E-4 7.80896E-5 3.67358E-4 1.41904E-3 3.23689E-3 4.39886E-3 5.94988E-4 6.06212E-4 6.386E-4 3.64646E-3 3.744E-3 1.28412E-3 2.16557E-3 3.59233E-3 3.00839E-3 -9999 -9999 -9999 -9999 -9999 -9999 -9999 -9999 -9999 -9999 -9999 -9999 -9999 -9999 -9999 -9999 -9999 -9999 -9999 -9999 -9999 -9999 -9999 -9999 -9999 -9999 -9999 -9999 -9999
1E0 1E0 1E0 1E0 1E0 1E0 1E0 1E0 1E0 1E0 1E0 1E0 1E0 9.99999E-1 1E0 9.99688E-1 9.77572E-1 9.60087E-1 7.34121E-1 1.59478E-1 2.45661E-2 1.56362E-2 4.71305E-3 1.84868E-3 7.05243E-3 1.46631E-3 5.04147E-3 6.31568E-3 1.00284E-3 1.09417E-4 1.94393E-4 6.82152E-5 1.91452E-5 3.05609E-5 7.10492E-4 1.50746E-3 2.03601E-3 2.08225E-3 2.89961E-3 2.92318E-3 3.96423E-3 1.73572E-3 1.5196E-3 6.38065E-4 3.18848E-3 7.0638E-3 -9999 -9999 -9999 -9999 -9999 -9999 -9999 -9999 -9999 -9999 -9999 -9999 -9999 -9999 -9999 -9999 -9999 -9999 -9999 -9999 -9999 -9999 -9999 -9999 -9999 -9999 -9999 -9999 -9999 -9999
9.99873E-1 9.99986E-1 1E0 1E0 1E0 1E0 1E0 1E0 1E0 1E0 1E0 1E0 9.99998E-1 1E0 9.99604E-1 7.25173E-1 4.96333E-2 2.92078E-2 5.55116E-2 4.14348E-2 3.43385E-2 1.18368E-2 5.07338E-3 8.93343E-4 2.56118E-3 7.85662E-4 2.24154E-4 1.4975E-3 4.91392E-4 3.67325E-5 6.21368E-5 5.78522E-5 1.97127E-4 1.99497E-4 6.34138E-4 1.55994E-3 8.64562E-4 1.73527E-3 7.313E-4 2.64323E-3 1.87436E-3 2.8686E-3 1.02145E-3 1.22595E-3 -9999 -9999 -9999 -9999 -9999 -9999 -9999 -9999 -9999 -9999 -9999 -9999 -9999 -9999 -9999 -9999 -9999 -9999 -9999 -9999 -9999 -9999 -9999 -9999 -9999 -9999 -9999 -9999 -9999 -9999 -9999 -9999
1E0 1E0 1E0 1E0 1E0 1E0 1E0 1E0 9.99528E-1 1E0 9.99984E-1 9.98795E-1 9.99991E-1 9.9996E-1 9.99442E-1 9.93019E-1 6.96762E-1 2.64731E-1 4.8527E-2 1.453E-2 4.04653E-2 5.13202E-3 1.71758E-3 3.13166E-4 9.67143E-4 1.24591E-3 4.40626E-4 7.1988E-4 2.1084E-4 1.73653E-6 3.1206E-6 1.27817E-5 3.40885E-5 3.22235E-5 4.30218E-4 2.17862E-3 2.18893E-3 9.42144E-4 1.3387E-3 2.5181E-3 9.80567E-4 1.21086E-3 2.33174E-3 -9999 -9999 -9999 -9999 -9999 -9999 -9999 -9999 -9999 -9999 -9999 -9999 -9999 -9999 -9999 -9999 -9999 -9999 -9999 -9999 -9999 -9999 -9999 -9999 -9999 -9999 -9999 -9999 -9999 -9999 -9999 -9999 -9999
1E0 1E0 1E0 1E0 1E0 1E0 1E0 9.99999E-1 9.99998E-1 1E0 9.94227E-1 9.99734E-1 9.99995E-1 9.21434E-1 8.98225E-1 2.01888E-1 1.42021E-1 4.56124E-2 4.44355E-2 2.53865E-2 3.76465E-2 2.06573E-2 3.50204E-3 2.79977E-3 6.85021E-5 1.93289E-6 4.90696E-5 1.55278E-4 1.21146E-5 1.68759E-6 7.49697E-5 4.20846E-5 3.02653E-5 4.24442E-5 3.01299E-4 2.92532E-4 3.32581E-3 2.42735E-3 4.23136E-3 1.02294E-3 5.88137E-4 9.08099E-4 -9999 -9999 -9999 -9999 -9999 -9999 -9999 -9999 -9999 -9999 -9999 -9999 -9999 -9999 -9999 -9999 -9999 -9999 -9999 -9999 -9999 -9999 -9999 -9999 -9999 -9999 -9999 -9999 -9999 -9999 -9999 -9999 -9999 -9999
1E0 1E0 1E0 1E0 1E0 1E0 9.99999E-1 9.99995E-1 9.99978E-1 9.99871E-1 1E0 9.9996E-1 9.99995E-1 9.51632E-1 4.52107E-1 1.56372E-1 1.46473E-1 1.59139E-2 3.76125E-2 2.32719E-2 1.23802E-3 2.70973E-3 7.14734E-3 2.13836E-3 6.66536E-6 1.29946E-5 3.1955E-7 1.0088E-6 7.27032E-7 5.85359E-7 2.11027E-5 9.34063E-5 1.02224E-4 2.24528E-4 6.19243E-4 6.32652E-4 8.01516E-4 3.11855E-3 4.14644E-3 6.946E-4 1.69228E-3 -9999 -9999 -9999 -9999 -9999 -9999 -9999 -9999 -9999 -9999 -9999 -9999 -9999 -9999 -9999 -9999 -9999 -9999 -9999 -9999 -9999 -9999 -9999 -9999 -9999 -9999 -9999 -9999 -9999 -9999 -9999 -9999 -9999 -9999 -9999
1E0 1E0 1E0 1E0 1E0 1E0 1E0 9.99978E-1 9.99977E-1 9.98694E-1 1E0 9.99919E-1 9.99997E-1 9.9946E-1 7.89404E-1 1.495E-1 3.47255E-1 3.19069E-2 1.44283E-2 2.9829E-2 1.8522E-3 9.78807E-4 5.90853E-3 5.43474E-3 1.26114E-5 2.5033E-5 4.01512E-5 3.07193E-5 3.45937E-5 2.89842E-7 5.26929E-5 1.51899E-4 9.54802E-5 9.5766E-4 7.34242E-4 1.08041E-3 2.36833E-3 6.06709E-3 5.61745E-3 1.54282E-3 -9999 -9999 -9999 -9999 -9999 -9999 -9999 -9999 -9999 -9999 -9999 -9999 -9999 -9999 -9999 -9999 -9999 -9999 -9999 -9999 -9999 -9999 -9999 -9999 -9999 -9999 -9999 -9999 -9999 -9999 -9999 -9999 -9999 -9999 -9999 -9999
1E0 9.99999E-1 1E0 1E0 1E0 1E0 1E0 9.99996E-1 9.99842E-1 9.92767E-1 1E0 1E0 1E0 9.99872E-1 6.77019E-1 2.57752E-1 3.86559E-2 2.05639E-2 1.14453E-2 3.07833E-3 4.07721E-4 1.32275E-3 1.20263E-4 9.20068E-6 9.99285E-5 1.19223E-4 1.54904E-4 1.01587E-4 5.06491E-5 9.31438E-6 1.34768E-4 1.33039E-4 1.60988E-4 3.36635E-4 9.01141E-4 1.92491E-3 6.06929E-3 8.07147E-3 3.14916E-3 -9999 -9999 -9999 -9999 -9999 -9999 -9999 -9999 -9999 -9999 -9999 -9999 -9999 -9999 -9999 -9999 -9999 -9999 -9999 -9999 -9999 -9999 -9999 -9999 -9999 -9999 -9999 -9999 -9999 -9999 -9999 -9999 -9999 -9999 -9999 -9999 -9999
9.99999E-1 9.99977E-1 1E0 1E0 1E0 1E0 1E0 1E0 9.99925E-1 8.76092E-1 1E0 9.49638E-1 3.52996E-1 2.12203E-1 8.4483E-2 3.42903E-2 8.71705E-2 3.6482E-2 1.04154E-2 2.79494E-3 3.66881E-4 6.61136E-5 4.32203E-5 1.45685E-4 1.97436E-4 2.54207E-4 4.40128E-4 1.28813E-4 8.20711E-5 3.77099E-6 3.15065E-5 9.05944E-5 1.03473E-4 5.2961E-4 2.07405E-3 8.63208E-4 3.78187E-3 -9999 -9999 -9999 -9999 -9999 -9999 -9999 -9999 -9999 -9999 -9999 -9999 -9999 -9999 -9999 -9999 -9999 -9999 -9999 -9999 -9999 -9999 -9999 -9999 -9999 -9999 -9999 -9999 -9999 -9999 -9999 -9999 -9999 -9999 -9999 -9999 -9999 -9999 -9999
9.99949E-1 1E0 1E0 1E0 1E0 9.99999E-1 9.99997E-1 9.99709E-1 9.9864E-1 9.95704E-1 9.84912E-1 1.93578E-1 9.3665E-1 2.42788E-1 5.77909E-2 2.06998E-2 2.8503E-2 1.45275E-2 4.59139E-3 2.8127E-4 1.4025E-3 4.50298E-4 2.15051E-5 1.11498E-4 8.48192E-4 3.71818E-4 4.02599E-4 1.66646E-4 3.51414E-5 1.05781E-5 3.96427E-5 6.43956E-5 6.54041E-5 5.87612E-4 1.38944E-3 7.07569E-4 -9999 -9999 -9999 -9999 -9999 -9999 -9999 -9999 -9999 -9999 -9999 -9999 -9999 -9999 -9999 -9999 -9999 -9999 -9999 -9999 -9999 -9999 -9999 -9999 -9999 -9999 -9999 -9999 -9999 -9999 -9999 -9999 -9999 -9999 -9999 -9999 -9999 -9999 -9999 -9999
1E0 1E0 1E0 1E0 9.99221E-1 9.98744E-1 9.98572E-1 9.99864E-1 9.99997E-1 9.99941E-1 9.99939E-1 9.98804E-1 9.32234E-1 5.22797E-1 2.05251E-1 1.82981E-1 1.70347E-1 2.58429E-2 2.0686E-3 6.14437E-3 2.68567E-3 2.85383E-3 5.16301E-4 1.20679E-4 6.99797E-4 1.509E-3 6.26251E-4 2.031E-4 2.79296E-5 3.5793E-5 5.80146E-6 9.61443E-5 2.25938E-4 3.1661E-4 1.30193E-3 -9999 -9999 -9999 -9999 -9999 -9999 -9999 -9999 -9999 -9999 -9999 -9999 -9999 -9999 -9999 -9999 -9999 -9999 -9999 -9999 -9999 -9999 -9999 -9999 -9999 -9999 -9999 -9999 -9999 -9999 -9999 -9999 -9999 -9999 -9999 -9999 -9999 -9999 -9999 -9999 -9999
1E0 1E0 9.75984E-1 9.79119E-1 9.89798E-1 9.2801E-1 9.88689E-1 9.9957E-1 9.93837E-1 9.98744E-1 9.87124E-1 6.72633E-1 8.35463E-1 9.67915E-1 9.48768E-1 9.51712E-1 5.57927E-1 1.61246E-1 1.77006E-2 6.13391E-3 1.9225E-3 1.29372E-3 1.31045E-3 3.23593E-4 8.32008E-4 6.42894E-3 7.68358E-4 5.02633E-4 2.63948E-4 7.06276E-5 3.10963E-6 4.95973E-5 1.63686E-4 1.73479E-4 -9999 -9999 -9999 -9999 -9999 -9999 -9999 -9999 -9999 -9999 -9999 -9999 -9999 -9999 -9999 -9999 -9999 -9999 -9999 -9999 -9999 -9999 -9999 -9999 -9999 -9999 -9999 -9999 -9999 -9999 -9999 -9999 -9999 -9999 -9999 -9999 -9999 -9999 -9999 -9999 -9999 -9999
1E0 1E0 9.99989E-1 9.99999E-1 1E0 1E0 9.53857E-1 9.98596E-1 8.01279E-1 9.80348E-1 8.79559E-1 1.69518E-1 1.79272E-1 8.89378E-1 4.40427E-1 9.50598E-2 2.12547E-2 5.54721E-2 1.17022E-1 5.26868E-2 3.24185E-3 3.05491E-3 2.57702E-3 2.68063E-3 4.11836E-3 3.19733E-3 3.68533E-4 4.12696E-4 2.4589E-4 1.20969E-4 1.08341E-5 -9999 -9999 -9999 -9999 -9999 -9999 -9999 -9999 -9999 -9999 -9999 -9999 -9999 -9999 -9999 -9999 -9999 -9999 -9999 -9999 -9999 -9999 -9999 -9999 -9999 -9999 -9999 -9999 -9999 -9999 -9999 -9999 -9999 -9999 -9999 -9999 -9999 -9999 -9999 -9999 -9999 -9999 -9999 -9999 -9999
1E0 1E0 1E0 1E0 1E0 1E0 9.99963E-1 9.99861E-1 6.72455E-1 3.16132E-1 3.19636E-1 1.38495E-1 4.46712E-2 2.6427E-1 1.06265E-1 2.10246E-3 2.57868E-2 1.84305E-2 1.28112E-2 1.07171E-2 2.2016E-2 1.29328E-2 6.50261E-3 1.96481E-3 1.23086E-3 1.28633E-3 8.71123E-4 7.90411E-4 6.58824E-4 1.32863E-4 -9999 -9999 -9999 -9999 -9999 -9999 -9999 -9999 -9999 -9999 -9999 -9999 -9999 -9999 -9999 -9999 -9999 -9999 -9999 -9999 -9999 -9999 -9999 -9999 -9999 -9999 -9999 -9999 -9999 -9999 -9999 -9999 -9999 -9999 -9999 -9999 -9999 -9999 -9999 -9999 -9999 -9999 -9999 -9999 -9999 -9999
1E0 1E0 1E0 1E0 1E0 1E0 1E0 9.01332E-1 1.93048E-1 1.05603E-1 3.80487E-2 1.44518E-1 5.51869E-2 2.61885E-2 1.70783E-2 2.10761E-3 5.6027E-3 8.81709E-3 1.59468E-2 6.94759E-3 1.36606E-3 1.26348E-3 3.83681E-3 8.31465E-4 5.90057E-4 7.11188E-4 2.41181E-3 1.13538E-3 2.52089E-4 -9999 -9999 -9999 -9999 -9999 -9999 -9999 -9999 -9999 -9999 -9999 -9999 -9999 -9999 -9999 -9999 -9999 -9999 -9999 -9999 -9999 -9999 -9999 -9999 -9999 -9999 -9999 -9999 -9999 -9999 -9999 -9999 -9999 -9999 -9999 -9999 -9999 -9999 -9999 -9999 -9999 -9999 -9999 -9999 -9999 -9999 -9999
1E0 1E0 1E0 9.99758E-1 1E0 9.9999E-1 1E0 9.23531E-1 3.59545E-1 1.12933E-1 2.89601E-2 1.41478E-2 2.59721E-2 3.11284E-2 2.08161E-2 1.02786E-2 3.96578E-3 1.82613E-2 1.08144E-2 1.32251E-2 4.75116E-4 1.25729E-4 2.87221E-5 1.70811E-4 6.27939E-4 3.85055E-4 5.71859E-4 8.78364E-4 -9999 -9999 -9999 -9999 -9999 -9999 -9999 -9999 -9999 -9999 -9999 -9999 -9999 -9999 -9999 -9999 -9999 -9999 -9999 -9999 -9999 -9999 -9999 -9999 -9999 -9999 -9999 -9999 -9999 -9999 -9999 -9999 -9999 -9999 -9999 -9999 -9999 -9999 -9999 -9999 -9999 -9999 -9999 -9999 -9999 -9999 -9999 -9999
1E0 1E0 1E0 9.99968E-1 9.70027E-1 9.88206E-1 7.25049E-1 6.86627E-1 1.7933E-1 9.55832E-2 3.83009E-2 5.37673E-3 3.24949E-3 4.96685E-3 8.58227E-3 8.09772E-3 3.16106E-3 4.96672E-3 1.04399E-2 1.33187E-2 1.56328E-3 3.46408E-4 2.27661E-5 1.22213E-5 3.8974E-5 1.9289E-4 6.15958E-4 -9999 -9999 -9999 -9999 -9999 -9999 -9999 -9999 -9999 -9999 -9999 -9999 -9999 -9999 -9999 -9999 -9999 -9999 -9999 -9999 -9999 -9999 -9999 -9999 -9999 -9999 -9999 -9999 -9999 -9999 -9999 -9999 -9999 -9999 -9999 -9999 -9999 -9999 -9999 -9999 -9999 -9999 -9999 -9999 -9999 -9999 -9999 -9999 -9999
