ENM/Final_Models/M_0.9_F_q_Set_1_E/Gustavia_santanderiensis_4_Choco.asc
ncols         367
nrows         963
xllcorner     -78.6
yllcorner     0.65
cellsize      0.00833333333333323
NODATA_value  -9999
[rows 868 to 898 of 963, columns 140 to 209 of 367]
4.28453E-5 3.22601E-5 1.10534E-5 8.37496E-7 6.28373E-7 3.99692E-6 1.66154E-6 7.51789E-7 1.33577E-5 8.36076E-5 2.66621E-4 4.52959E-5 1.18988E-4 1.34984E-4 1.06575E-3 1.69459E-2 1.61837E-2 5.47228E-4 5.73279E-4 1.47131E-3 8.70946E-4 1.22691E-3 3.0085E-3 4.16431E-3 7.22883E-3 2.98488E-3 3.21727E-3 8.12304E-4 1.03018E-3 1.07535E-3 1.81878E-3 7.70294E-3 7.0104E-3 8.42718E-4 2.58183E-4 4.98242E-3 7.72047E-3 2.05173E-3 1.02031E-3 2.06059E-3 5.77908E-4 5.77206E-4 7.60461E-4 3.57275E-4 5.46102E-5 7.13314E-5 3.87426E-5 7.35419E-5 5.43364E-5 6.46207E-5 9.20843E-5 1.18942E-4 1.67671E-4 1.31906E-4 9.81896E-5 4.92762E-5 6.04679E-5 -9999 -9999 -9999 -9999 -9999 -9999 -9999 -9999 -9999 -9999 -9999 9.96416E-6 3.10169E-5
2.51168E-5 7.17908E-6 4.05299E-6 2.95521E-6 6.3056E-7 1.09282E-6 1.45329E-6 9.42182E-7 1.00454E-5 7.48894E-5 1.19517E-4 4.07804E-5 1.20332E-4 1.89909E-4 7.20248E-4 1.5511E-2 4.82114E-3 4.85584E-4 7.36034E-4 1.08259E-3 8.37432E-4 1.32244E-3 1.89313E-4 4.64012E-4 2.02034E-3 5.39353E-4 2.54267E-3 1.32791E-3 4.99205E-4 1.94456E-3 1.83643E-3 1.77165E-3 3.61629E-4 5.64451E-5 3.19779E-4 5.41198E-3 2.01711E-4 2.24182E-4 1.2996E-4 3.25136E-3 9.26374E-4 5.79298E-4 4.81062E-5 4.96485E-5 2.96516E-5 3.43557E-5 7.12663E-5 5.40182E-5 8.26303E-5 9.10818E-5 1.0059E-4 7.77032E-5 9.78952E-5 1.16852E-4 1.88253E-4 1.46575E-4 1.41787E-4 -9999 -9999 -9999 -9999 -9999 -9999 -9999 -9999 -9999 -9999 -9999 1.99279E-6 9.90398E-6
6.94961E-6 2.84906E-6 2.9825E-6 2.86927E-6 2.01572E-6 1.71983E-6 1.01886E-6 1.20886E-6 3.40578E-6 2.95943E-5 4.1522E-5 4.16918E-5 1.17512E-4 1.81353E-4 3.18245E-4 8.04751E-3 6.7839E-3 7.14367E-4 1.02978E-3 8.34021E-5 4.2676E-4 6.76497E-4 1.45454E-4 5.8754E-5 1.74828E-4 1.83277E-4 1.21172E-3 1.2627E-3 5.75925E-4 3.426E-4 2.26375E-4 5.48534E-4 1.45423E-4 3.40355E-5 1.22553E-4 2.73123E-3 5.01391E-5 6.74199E-5 4.63286E-4 2.89905E-3 2.16187E-3 8.34182E-5 4.84654E-5 2.80517E-5 3.6409E-5 2.69558E-5 8.86433E-5 8.92418E-5 5.85556E-5 8.90647E-5 1.1023E-4 1.0461E-4 1.1264E-4 1.69813E-4 1.51508E-4 1.24455E-4 1.49473E-4 1.13035E-4 -9999 -9999 -9999 -9999 -9999 -9999 -9999 -9999 -9999 -9999 6.04935E-6 3.80994E-6
8.46162E-6 1.69505E-6 2.5731E-6 5.18354E-6 3.05215E-6 1.6685E-6 8.14318E-7 1.52966E-6 8.47046E-6 4.05269E-5 1.01415E-5 1.57889E-5 9.79023E-5 9.48003E-5 1.75142E-4 2.19811E-3 7.17546E-4 1.54097E-4 2.56478E-4 1.61502E-4 4.98571E-4 4.36841E-4 1.78179E-4 5.81752E-5 6.02396E-5 7.79113E-5 6.06637E-5 8.97264E-5 5.23895E-4 1.34175E-4 6.20529E-5 5.92628E-5 1.01632E-3 4.83987E-5 4.30226E-5 1.45799E-3 5.48946E-5 2.97057E-5 6.23264E-5 5.6405E-5 1.71002E-4 5.77317E-4 5.33113E-4 3.00004E-4 2.60907E-5 3.04613E-5 1.11219E-4 4.72216E-5 2.12634E-4 2.25276E-4 3.70777E-4 3.97709E-4 2.6164E-4 1.79861E-4 1.24777E-4 1.6904E-4 8.85035E-5 5.62658E-5 -9999 -9999 -9999 -9999 -9999 -9999 -9999 -9999 -9999 -9999 -9999 2.1503E-5
1.2159E-5 3.8706E-6 2.1989E-6 4.5082E-6 4.69841E-6 4.09588E-6 2.10153E-6 1.13037E-6 5.68049E-6 9.63597E-6 5.22332E-6 1.90315E-5 3.36681E-5 1.85279E-4 1.70175E-4 2.06634E-4 2.71023E-4 1.6272E-4 1.76179E-4 1.50565E-4 2.36957E-4 2.03414E-4 1.22489E-4 4.47187E-5 3.28148E-5 1.87256E-5 3.2248E-5 9.02145E-5 1.02725E-4 5.32603E-5 4.79711E-5 5.82286E-5 6.22359E-4 4.87742E-5 4.30558E-5 1.12989E-3 6.27515E-5 3.02314E-5 1.88931E-5 1.958E-5 2.30487E-5 2.14204E-5 1.92911E-5 8.66117E-5 7.6801E-5 2.30737E-5 5.80492E-5 6.4379E-5 2.35726E-4 2.20117E-4 3.88784E-4 1.60825E-4 1.31363E-4 1.37843E-4 1.79222E-4 1.41593E-4 1.1215E-4 4.01512E-5 1.67596E-5 -9999 -9999 -9999 -9999 -9999 -9999 -9999 -9999 -9999 -9999 1.57952E-4
3.72101E-5 5.00637E-6 1.90809E-6 1.7813E-6 4.06497E-6 4.8775E-6 4.49433E-6 1.18315E-6 2.42515E-6 2.08913E-6 4.60926E-6 1.6112E-5 4.72254E-5 1.23536E-4 1.08787E-4 7.16324E-4 2.05883E-4 1.58528E-4 2.29448E-4 1.08684E-4 1.82248E-4 1.07015E-4 5.68993E-5 5.55429E-5 2.66002E-5 2.21676E-5 2.80075E-5 3.40736E-5 5.55706E-5 3.18916E-5 3.59751E-5 3.10833E-5 1.34699E-4 3.5443E-5 4.84098E-5 2.93647E-4 4.82186E-5 2.49257E-5 3.28063E-5 5.09376E-5 3.54479E-5 6.29818E-5 2.13474E-5 7.70764E-5 1.53564E-4 2.44382E-4 5.29662E-5 3.63373E-5 2.00001E-4 3.58976E-4 3.88486E-4 1.11797E-4 8.10769E-5 1.8153E-4 1.22614E-4 8.49678E-5 6.88061E-5 -9999 -9999 -9999 -9999 -9999 -9999 -9999 -9999 -9999 -9999 -9999 -9999 -9999
2.76319E-5 1.60552E-5 4.89098E-6 1.20496E-6 3.14753E-6 1.15968E-6 2.41857E-6 1.38623E-6 4.17884E-6 4.28817E-6 1.00437E-5 3.40373E-5 1.04366E-4 8.14402E-5 1.46279E-4 1.00098E-3 2.99509E-4 1.39361E-4 1.10904E-4 4.72006E-5 3.82229E-5 1.03685E-4 4.86661E-5 3.52421E-5 2.4093E-5 1.9579E-5 1.93065E-5 2.12267E-5 4.52861E-5 2.86954E-5 2.41616E-5 3.54001E-5 5.15396E-5 3.56117E-5 1.61153E-4 3.14364E-5 1.99472E-5 3.39737E-5 3.77796E-5 1.23014E-5 4.15062E-5 3.20354E-5 2.88316E-5 4.6357E-5 4.78055E-5 3.18443E-5 3.7811E-5 3.68779E-5 3.70824E-4 2.74117E-4 1.05356E-4 1.19223E-4 1.42146E-4 1.41364E-4 7.50209E-5 2.96856E-5 -9999 -9999 -9999 -9999 -9999 -9999 -9999 -9999 -9999 -9999 -9999 -9999 -9999 -9999
7.7575E-6 1.13228E-5 9.86305E-6 1.77262E-6 1.19076E-6 5.0116E-7 7.24189E-7 5.34982E-6 2.21005E-5 2.74099E-5 2.51661E-5 6.04727E-5 4.25131E-5 9.43747E-5 1.35486E-4 2.87151E-4 1.39123E-3 2.02531E-4 1.22497E-4 8.65591E-5 2.70623E-5 6.36568E-5 6.22779E-5 3.21522E-5 2.17459E-5 1.2383E-5 1.55465E-5 2.50577E-5 1.73956E-5 1.80054E-5 2.96659E-5 1.76736E-5 3.38052E-5 3.04855E-5 4.71818E-5 1.6253E-5 6.17635E-5 4.89667E-5 1.11797E-5 8.56025E-6 3.84536E-5 5.48893E-5 7.04516E-5 8.03182E-5 5.58657E-5 2.83388E-5 3.05766E-5 3.2511E-5 5.02276E-4 1.04491E-4 1.42919E-4 2.19593E-4 2.02486E-4 2.15874E-4 5.92273E-5 2.5965E-5 -9999 -9999 -9999 -9999 -9999 -9999 -9999 -9999 -9999 -9999 -9999 -9999 -9999 -9999
2.2269E-6 5.31227E-6 7.22332E-6 7.97026E-6 7.28926E-7 5.15886E-7 6.89735E-7 6.22029E-6 1.84339E-5 2.10248E-5 1.36177E-5 3.61732E-5 4.19237E-5 8.8526E-5 9.90468E-5 1.44372E-4 6.99429E-4 3.43584E-4 5.46186E-5 5.61014E-5 3.37374E-5 3.77074E-5 4.21377E-5 2.10778E-5 1.30893E-5 9.54176E-6 9.6847E-6 2.62695E-5 3.12688E-5 2.99047E-5 3.96489E-5 4.27576E-5 2.25588E-5 3.59017E-5 4.48984E-5 5.8586E-5 3.5268E-5 8.55988E-6 6.79954E-6 6.04787E-5 7.8922E-5 5.67584E-5 2.92909E-5 7.19E-5 5.38276E-5 1.39336E-4 2.31606E-4 3.81014E-5 1.84722E-4 2.00811E-4 2.06001E-4 2.37152E-4 2.33188E-4 1.0397E-4 7.1173E-5 4.24389E-5 5.08465E-5 4.91843E-5 -9999 -9999 -9999 -9999 -9999 -9999 -9999 -9999 -9999 -9999 -9999 -9999
2.95295E-6 3.05599E-6 1.11974E-5 3.15788E-6 5.65135E-7 6.3593E-7 1.08124E-6 1.04553E-5 1.26425E-5 7.51315E-6 1.91088E-5 2.85447E-5 6.24993E-5 9.0069E-5 6.05579E-5 1.8779E-4 1.10172E-3 1.24755E-4 6.17962E-5 5.11298E-5 3.27491E-5 5.07201E-5 3.81983E-5 2.88955E-5 7.57804E-6 3.50527E-6 9.31256E-6 2.38841E-5 3.67545E-5 2.59437E-5 4.30115E-5 2.6917E-5 1.60553E-5 3.53182E-5 3.169E-5 4.46535E-5 2.4191E-5 1.46257E-5 3.89675E-5 5.37465E-5 3.94008E-5 5.24701E-5 4.47948E-5 1.31677E-4 1.24819E-4 9.44957E-5 1.3168E-4 1.02596E-4 2.81118E-4 3.26669E-4 9.16893E-5 9.51553E-5 1.37889E-4 1.99325E-4 1.56225E-4 6.19227E-5 5.97154E-5 8.16969E-5 7.51864E-5 2.05443E-5 -9999 -9999 -9999 -9999 -9999 -9999 -9999 -9999 -9999 -9999
6.73213E-6 1.20264E-6 4.7713E-6 1.41549E-6 4.18693E-7 3.46526E-7 2.65902E-6 6.75242E-6 9.73799E-6 7.75007E-6 1.13879E-5 3.86196E-5 7.06296E-5 8.90642E-5 2.53293E-4 3.02687E-4 4.33338E-4 6.59283E-5 4.64111E-5 6.16077E-5 3.40569E-5 2.91878E-5 2.89775E-5 2.07492E-5 1.00739E-5 3.13449E-6 1.35783E-5 4.29572E-5 3.72527E-5 3.37353E-5 3.81305E-5 3.72109E-5 6.10668E-5 4.10612E-5 9.11234E-5 5.29463E-5 3.12403E-5 2.16282E-5 2.46602E-5 2.44931E-5 3.53316E-5 3.42731E-5 1.65752E-4 2.56516E-4 2.27424E-4 4.77127E-5 1.98863E-4 4.40509E-4 1.91082E-4 7.90114E-4 2.7073E-4 5.17265E-4 2.5322E-4 1.59081E-4 5.64557E-5 8.93975E-5 1.75012E-4 2.09009E-4 1.36021E-4 3.82808E-5 -9999 -9999 -9999 -9999 -9999 -9999 -9999 -9999 -9999 -9999
2.85191E-5 1.60864E-6 3.1074E-6 1.00233E-6 6.43847E-7 1.2119E-6 1.43051E-6 3.94642E-6 1.23096E-5 2.17657E-5 3.34856E-5 6.7362E-5 8.53171E-5 1.02138E-4 2.35042E-4 1.38646E-4 1.07561E-4 8.17668E-5 4.66236E-5 6.5779E-5 2.62744E-5 3.93155E-5 2.76139E-5 1.20249E-5 1.08365E-5 1.93197E-6 6.53594E-6 3.08445E-5 2.66504E-5 2.46382E-5 1.11485E-4 7.56819E-5 8.00977E-5 5.61922E-5 1.22143E-4 2.05699E-4 9.13748E-5 1.82734E-5 6.90145E-5 1.03388E-4 7.44211E-5 5.52205E-5 2.4083E-4 8.70251E-5 5.54329E-5 7.68198E-5 4.96597E-4 5.50817E-4 3.3917E-4 7.66682E-4 8.01668E-4 1.55964E-4 2.05433E-4 2.0428E-4 1.00811E-4 2.88995E-4 2.30385E-4 1.32733E-4 4.49142E-5 1.43939E-5 -9999 -9999 -9999 -9999 -9999 -9999 -9999 -9999 -9999 -9999
6.40542E-6 2.34571E-6 1.54964E-6 1.51903E-6 9.27247E-7 6.64998E-7 1.94652E-6 2.50828E-6 1.26835E-5 1.76878E-5 2.28491E-5 4.38845E-5 5.68447E-5 7.6281E-5 1.94142E-4 1.39977E-4 8.92268E-5 5.98875E-5 5.96196E-5 3.84354E-5 8.39746E-6 3.54296E-5 1.24027E-5 3.29066E-6 3.43448E-6 3.8188E-6 1.03782E-5 3.86329E-5 1.98779E-5 4.31162E-5 1.06393E-4 1.68128E-5 5.35395E-5 7.02236E-5 1.40654E-4 8.6373E-5 2.60832E-5 3.85375E-5 1.38694E-4 9.09688E-5 2.21104E-5 4.38267E-5 5.11973E-5 1.2636E-4 6.96872E-5 2.24623E-4 2.99815E-4 6.48608E-4 5.48324E-4 8.21167E-4 1.18683E-3 5.35645E-4 1.64379E-4 1.88109E-4 2.53044E-4 3.12774E-4 2.91999E-4 1.44998E-4 3.09311E-5 6.92708E-6 5.69413E-6 -9999 -9999 -9999 -9999 -9999 -9999 -9999 -9999 -9999
1.26217E-5 6.53243E-6 3.26724E-6 1.51664E-6 1.17699E-6 9.82613E-7 1.3004E-6 2.91162E-6 9.49551E-6 1.80761E-5 3.43605E-5 3.32614E-5 3.3759E-5 5.7907E-5 1.46605E-4 4.00995E-5 6.04266E-5 5.1029E-5 6.23232E-5 4.58609E-5 9.47935E-6 1.20502E-5 1.23185E-5 4.45668E-6 1.29548E-5 3.71289E-6 3.3444E-5 1.31113E-5 3.428E-5 3.93663E-5 7.66171E-5 9.77711E-6 2.75419E-5 1.64236E-4 2.16368E-4 8.21214E-5 1.54292E-5 6.22612E-5 5.53124E-5 6.40948E-5 8.08207E-5 5.15517E-5 1.58039E-4 1.84029E-4 6.59077E-5 7.52944E-5 2.90834E-4 1.28948E-4 5.03972E-4 1.14047E-3 1.05539E-3 8.95716E-4 3.18873E-4 9.51246E-4 6.07105E-4 3.73433E-4 2.29818E-4 7.62691E-5 3.21206E-5 1.24735E-5 7.01895E-6 1.36916E-6 -9999 -9999 -9999 -9999 -9999 -9999 -9999 -9999
7.0139E-5 2.94378E-5 2.23419E-6 8.61202E-7 4.98051E-7 6.71676E-7 5.34506E-7 3.31711E-6 7.54857E-6 2.00785E-5 2.1888E-5 2.82528E-5 5.34543E-5 4.03587E-5 7.0112E-5 1.20383E-4 4.12528E-5 1.36361E-5 6.69226E-5 2.87002E-5 7.95009E-6 6.3747E-6 5.12264E-6 1.7801E-5 4.24781E-5 2.54376E-6 1.01796E-5 1.28313E-5 2.10461E-5 3.71253E-5 6.94266E-5 1.04199E-5 7.03503E-5 2.0211E-4 2.3622E-4 1.23024E-4 2.53387E-5 2.88268E-5 1.42181E-5 7.62325E-5 1.70235E-4 1.46309E-4 1.47738E-4 1.25489E-4 1.54892E-4 7.43365E-5 8.96124E-5 9.40255E-5 5.92857E-4 1.16795E-3 1.36961E-3 1.93925E-3 1.54288E-3 8.81873E-4 4.29606E-4 3.16618E-4 2.59601E-4 1.12975E-4 2.53207E-5 3.34496E-5 1.37256E-5 7.44556E-6 -9999 -9999 -9999 -9999 -9999 -9999 -9999 -9999
1.99374E-5 3.77873E-5 2.18862E-5 3.15821E-6 1.17529E-6 6.97385E-7 5.41334E-7 1.09232E-6 1.65517E-6 3.46471E-6 1.26332E-5 1.92486E-5 2.72265E-5 1.26844E-4 8.90577E-5 3.50855E-5 2.85139E-5 4.11995E-6 4.93512E-5 1.26638E-5 4.48492E-6 3.33008E-6 3.60016E-6 2.54086E-5 6.39148E-6 3.8121E-6 3.5783E-6 5.10872E-6 1.87164E-5 4.56748E-6 3.16806E-5 4.85282E-5 2.21663E-5 1.70547E-5 1.94782E-4 3.27E-4 8.6022E-5 3.96677E-5 1.29297E-5 6.40376E-5 1.54412E-4 1.36451E-4 1.34966E-4 1.4961E-4 1.66085E-4 2.10858E-4 1.29902E-4 2.33737E-4 1.24754E-3 2.46382E-4 2.99388E-4 1.59588E-3 8.42569E-4 2.25937E-4 2.45326E-4 1.7333E-4 3.20444E-4 1.47958E-4 2.84483E-5 3.43186E-5 1.34218E-5 1.3109E-5 -9999 -9999 -9999 -9999 -9999 -9999 -9999 -9999
1.6308E-5 1.18588E-5 2.6272E-5 1.81649E-5 3.89411E-6 2.9832E-6 8.20509E-7 6.49899E-7 8.35821E-7 3.18529E-6 7.77381E-6 4.00967E-5 6.45792E-5 1.23333E-4 1.70875E-4 1.14498E-5 5.72111E-6 5.79389E-6 1.47895E-5 1.7584E-5 3.55389E-6 2.118E-6 4.04658E-6 2.45555E-5 4.5542E-6 2.16638E-6 9.9604E-6 5.62859E-6 6.8842E-6 3.0442E-5 9.82911E-6 3.00788E-5 1.57927E-5 1.48832E-5 6.7693E-5 1.73752E-4 1.37908E-5 3.51444E-5 3.47538E-5 1.14156E-4 1.05796E-4 9.23654E-5 1.36895E-4 2.16449E-4 1.32568E-4 1.30909E-4 1.32376E-4 1.12295E-3 3.81481E-4 1.60134E-4 2.17974E-4 6.73244E-4 2.638E-4 2.67868E-4 8.76694E-5 1.10084E-4 8.11602E-5 1.45987E-4 6.68464E-5 2.83516E-5 1.12118E-5 8.85548E-6 6.45429E-6 -9999 -9999 -9999 -9999 -9999 -9999 -9999
2.33927E-4 4.48856E-5 1.56928E-5 1.07191E-5 2.07962E-5 8.76269E-6 4.32091E-6 9.87874E-7 2.01405E-6 5.17916E-6 1.24258E-5 6.53337E-5 5.25647E-5 3.58533E-5 2.11955E-4 7.66093E-6 3.00067E-6 4.46137E-6 3.00643E-6 8.135E-6 5.65666E-6 2.91751E-5 5.09257E-5 1.36865E-5 1.04867E-5 3.43125E-5 2.53792E-5 8.76908E-6 5.70698E-6 3.21967E-5 1.2373E-5 2.10255E-5 4.31446E-5 7.67057E-5 3.13095E-5 8.66395E-5 7.50187E-5 1.57003E-5 8.9324E-5 1.15315E-4 1.65373E-4 9.05008E-5 1.10058E-4 1.29895E-4 1.95358E-4 1.33092E-4 4.69678E-4 3.58814E-4 2.32521E-4 2.02921E-4 2.32686E-4 3.00037E-4 3.67817E-4 2.17466E-4 8.72853E-5 1.13381E-5 1.81844E-5 7.48888E-5 4.24273E-5 1.13238E-5 2.3905E-6 3.49254E-6 3.29603E-6 -9999 -9999 -9999 -9999 -9999 -9999 -9999
5.33398E-5 1.55756E-5 9.40024E-6 7.5371E-6 9.1323E-6 9.97005E-6 3.63831E-6 1.23896E-6 2.21554E-6 3.34923E-6 1.1078E-5 3.21884E-5 5.08548E-5 5.0568E-5 1.5519E-4 1.35016E-5 3.59616E-6 5.49238E-6 6.13263E-6 4.38169E-6 4.88437E-6 2.33462E-5 3.90248E-5 3.7329E-5 7.64157E-5 6.73388E-5 5.98047E-5 1.10494E-5 2.38651E-5 2.30874E-5 8.88637E-6 2.24525E-5 1.9639E-5 1.07011E-4 1.07868E-5 8.21106E-6 9.30962E-6 1.15157E-5 1.21185E-4 1.15272E-4 1.39167E-4 5.7355E-5 1.52407E-4 1.60546E-4 1.89808E-4 1.98387E-4 1.37203E-4 1.91875E-4 1.68399E-4 1.38951E-4 2.12695E-4 2.63521E-4 2.8996E-4 2.44822E-4 3.7252E-5 1.04245E-5 2.93634E-5 2.66341E-5 9.61905E-6 4.5936E-6 2.42689E-6 3.75213E-6 5.07643E-6 -9999 -9999 -9999 -9999 -9999 -9999 -9999
4.3245E-6 2.55714E-6 3.019E-6 5.27664E-6 1.9987E-6 1.89413E-6 1.44674E-6 1.3932E-6 8.46081E-7 1.38666E-6 3.62085E-6 8.58668E-6 1.25688E-5 6.68374E-5 4.45226E-5 7.08213E-6 4.52637E-6 2.31194E-6 6.21845E-6 2.94373E-6 4.77587E-6 1.25663E-5 5.48764E-5 5.84297E-5 6.52046E-5 1.19343E-4 7.74369E-5 6.31926E-5 1.14342E-4 4.47737E-5 3.73683E-5 1.08093E-5 1.26119E-5 5.2679E-5 9.7851E-5 2.31914E-5 7.86395E-5 3.8549E-5 9.49835E-5 1.60134E-4 5.3894E-5 6.5144E-5 9.29502E-5 1.29003E-4 2.16715E-4 1.5749E-4 1.5826E-4 1.90708E-4 1.41804E-4 1.91008E-4 1.63464E-4 2.41547E-4 1.96888E-4 8.01582E-5 2.87939E-5 2.81608E-5 3.95496E-5 2.30868E-5 1.57019E-5 5.61803E-6 8.4573E-6 1.70763E-5 5.57915E-6 -9999 -9999 -9999 -9999 -9999 -9999 -9999
5.0959E-6 3.92065E-6 1.87845E-6 2.0574E-6 3.46122E-6 2.9124E-6 2.76609E-6 5.87143E-6 3.35137E-6 9.47564E-7 1.26022E-6 2.65366E-6 3.4192E-6 3.33798E-5 9.68001E-6 2.02044E-6 1.105E-6 3.58912E-6 1.05723E-5 4.76644E-6 9.06167E-6 2.66552E-5 4.61924E-5 4.09675E-5 4.20973E-5 6.79197E-5 5.57346E-5 1.24488E-4 8.19892E-5 9.13001E-5 4.99055E-5 7.27107E-6 7.00408E-5 1.15604E-4 1.10086E-4 9.48993E-5 8.58744E-5 1.02977E-4 9.38888E-5 1.41271E-4 5.67268E-5 4.97435E-5 7.95345E-5 1.4046E-4 1.42134E-4 4.69173E-5 3.84873E-5 6.32945E-5 1.16339E-4 1.6467E-4 2.29977E-4 2.08422E-4 1.26144E-4 4.46792E-5 2.90765E-5 4.65606E-5 2.33568E-5 3.83792E-5 1.49811E-5 5.25011E-6 8.39159E-5 4.11192E-5 -9999 -9999 -9999 -9999 -9999 -9999 -9999 -9999
1.38177E-6 3.38572E-6 4.97701E-6 2.45315E-6 4.69561E-6 7.58204E-6 1.86131E-6 2.70777E-5 8.73765E-6 6.86335E-6 2.13335E-6 1.04109E-6 1.65432E-6 1.00015E-5 2.92118E-5 3.39641E-6 6.60694E-6 7.46533E-6 1.79626E-5 1.99651E-5 3.50931E-5 3.94615E-5 3.47206E-5 5.4201E-5 6.49691E-5 7.39778E-5 7.58435E-5 6.57317E-5 6.96747E-5 7.5222E-5 2.59088E-5 1.73672E-5 8.9353E-5 1.33257E-4 7.2321E-5 9.59386E-5 5.62872E-5 8.08221E-5 1.25227E-4 1.28652E-4 7.24373E-5 4.83058E-5 8.3316E-5 9.21104E-5 5.70439E-5 2.63523E-5 4.33711E-5 9.69509E-5 2.44977E-4 2.5469E-4 2.26236E-4 1.69705E-4 1.08702E-4 8.33649E-5 8.14002E-5 7.53306E-5 3.64949E-5 1.8538E-5 5.38951E-5 1.28068E-4 1.29678E-4 6.26682E-5 -9999 -9999 -9999 -9999 -9999 -9999 -9999 -9999
2.49895E-6 4.5135E-6 9.16912E-6 2.20322E-5 2.68063E-5 3.87628E-5 1.23503E-5 4.58242E-5 6.10552E-5 4.00541E-5 1.4585E-5 2.5613E-6 2.16914E-6 3.38337E-6 7.68507E-6 9.47842E-6 4.84112E-6 3.0184E-5 4.44758E-5 5.43655E-5 5.25716E-5 6.2174E-5 7.57313E-5 7.72728E-5 7.75938E-5 5.57064E-5 4.81622E-5 4.41728E-5 2.31609E-5 6.39293E-5 5.0268E-5 5.84843E-5 6.32588E-5 9.04076E-5 4.81136E-5 7.44433E-5 6.28216E-5 5.22959E-5 6.70342E-5 9.504E-5 6.08184E-5 2.86141E-5 3.31694E-5 3.29494E-5 2.36947E-5 1.73721E-5 6.41547E-5 1.18552E-4 1.62659E-4 2.73539E-4 2.05517E-4 2.24359E-4 1.63429E-4 1.13363E-4 8.57979E-5 6.12353E-5 1.31959E-4 8.76652E-5 4.17902E-4 5.77436E-4 3.2854E-4 -9999 -9999 -9999 -9999 -9999 -9999 -9999 -9999 -9999
5.6117E-6 8.57581E-6 3.89751E-5 4.26748E-5 4.00399E-5 -9999 -9999 -9999 4.50528E-5 6.4714E-5 4.76096E-5 3.41863E-5 1.42238E-5 2.7049E-6 2.0952E-6 1.01834E-5 4.84928E-6 8.08508E-6 7.40371E-6 5.89644E-6 1.85937E-5 5.1696E-5 6.16299E-5 6.22329E-5 8.10843E-5 5.53805E-5 4.58629E-5 4.9613E-5 3.24919E-5 5.12796E-5 6.21697E-5 6.9371E-5 4.36902E-5 6.12274E-5 2.9675E-5 2.8425E-5 2.49826E-5 3.39128E-5 4.07134E-5 4.88674E-5 3.65123E-5 2.53999E-5 1.30004E-5 2.70344E-5 2.27457E-5 4.12981E-5 5.49463E-5 1.05407E-4 1.60829E-4 1.61846E-4 1.21259E-4 1.5437E-4 2.01827E-4 1.68409E-4 8.68674E-5 6.61865E-5 1.09412E-4 1.84392E-4 4.21962E-4 -9999 -9999 -9999 -9999 -9999 -9999 -9999 -9999 -9999 -9999 -9999
-9999 -9999 -9999 -9999 -9999 -9999 -9999 -9999 -9999 5.01073E-5 5.53597E-5 6.95636E-5 4.51204E-5 1.51492E-5 3.05446E-6 5.66104E-6 3.55236E-6 2.91582E-6 2.29111E-6 2.22906E-6 8.36585E-6 4.14271E-5 4.56695E-5 6.74579E-5 7.68709E-5 6.23008E-5 7.30361E-5 1.01471E-4 4.14019E-5 4.73992E-5 6.21983E-5 9.85023E-5 7.0341E-5 7.95566E-5 3.6541E-5 2.84882E-5 2.25119E-5 2.24324E-5 2.38095E-5 3.00649E-5 3.46038E-5 1.698E-5 1.14421E-5 2.77401E-5 2.44827E-5 4.07923E-5 6.29263E-5 1.28192E-4 -9999 -9999 -9999 -9999 -9999 -9999 -9999 -9999 2.24818E-4 -9999 -9999 -9999 -9999 -9999 -9999 -9999 -9999 -9999 -9999 -9999 -9999 -9999
-9999 -9999 -9999 -9999 -9999 -9999 -9999 -9999 -9999 -9999 3.05751E-5 6.86505E-5 7.27801E-5 3.77181E-5 9.79084E-6 3.02133E-6 4.43444E-6 6.16589E-6 5.19046E-6 3.51194E-6 5.17897E-6 1.26316E-5 2.17667E-5 3.28588E-5 4.49589E-5 7.81705E-5 5.60992E-5 9.55206E-5 5.26296E-5 4.37631E-5 5.28957E-5 5.97851E-5 7.44886E-5 5.58808E-5 3.9402E-5 2.15271E-5 1.99843E-5 2.72087E-5 2.87142E-5 2.37899E-5 1.85329E-5 1.02824E-5 1.02277E-5 1.40489E-5 1.31654E-5 1.83228E-5 4.05181E-5 -9999 -9999 -9999 -9999 -9999 -9999 -9999 -9999 -9999 -9999 -9999 -9999 -9999 -9999 -9999 -9999 -9999 -9999 -9999 -9999 -9999 -9999 -9999
-9999 -9999 -9999 -9999 -9999 -9999 -9999 -9999 -9999 -9999 -9999 3.7157E-5 6.66517E-5 4.42379E-5 1.83209E-5 7.21068E-6 5.77055E-6 1.44205E-5 1.99804E-5 1.05264E-5 1.1311E-5 9.83136E-6 1.47763E-5 2.72606E-5 2.57626E-5 4.95252E-5 4.41192E-5 8.04156E-5 7.01408E-5 5.84244E-5 4.17087E-5 4.80677E-5 6.34757E-5 5.89503E-5 3.51764E-5 2.35838E-5 2.60987E-5 2.29391E-5 2.48805E-5 1.27719E-5 1.25353E-5 7.95726E-6 5.19531E-6 5.82145E-6 5.62352E-6 2.30504E-5 -9999 -9999 -9999 -9999 -9999 -9999 -9999 -9999 -9999 -9999 -9999 -9999 -9999 -9999 -9999 -9999 -9999 -9999 -9999 -9999 -9999 -9999 -9999 -9999
2.14851E-4 -9999 -9999 -9999 -9999 -9999 -9999 -9999 -9999 -9999 -9999 2.89161E-5 6.16562E-5 7.75239E-5 4.54739E-5 1.7571E-5 2.36913E-6 5.20302E-6 1.4775E-5 1.76666E-5 1.33851E-5 1.95721E-5 1.30604E-5 2.87887E-5 3.02596E-5 3.18565E-5 3.81596E-5 3.50415E-5 7.30905E-5 7.74023E-5 7.99528E-5 6.48578E-5 5.92064E-5 3.10494E-5 3.27162E-5 3.02295E-5 1.85929E-5 1.6191E-5 1.0344E-5 4.67702E-6 6.95266E-6 6.16077E-6 5.92623E-6 -9999 -9999 8.65646E-6 -9999 -9999 -9999 -9999 -9999 -9999 -9999 -9999 -9999 -9999 -9999 -9999 -9999 -9999 -9999 -9999 -9999 -9999 -9999 -9999 -9999 -9999 -9999 -9999
3.0089E-4 -9999 -9999 -9999 -9999 -9999 -9999 -9999 -9999 -9999 -9999 2.22403E-5 4.06849E-5 5.83394E-5 5.33705E-5 1.67658E-5 5.82785E-6 3.48651E-6 1.34836E-5 3.48951E-5 3.11174E-5 4.82247E-5 2.75212E-5 2.95892E-5 3.28336E-5 3.90653E-5 2.36305E-5 3.30877E-5 4.98053E-5 8.56749E-5 9.22047E-5 7.86754E-5 5.59301E-5 2.6564E-5 2.25053E-5 1.95485E-5 1.97278E-5 1.9125E-5 1.67901E-5 1.53685E-5 9.79996E-6 4.66504E-6 -9999 -9999 -9999 -9999 -9999 -9999 -9999 -9999 -9999 -9999 -9999 -9999 -9999 -9999 -9999 -9999 -9999 -9999 -9999 -9999 -9999 -9999 -9999 -9999 -9999 -9999 -9999 -9999
-9999 -9999 -9999 -9999 -9999 -9999 -9999 -9999 -9999 -9999 -9999 2.77312E-5 6.37991E-5 7.91085E-5 3.0523E-5 2.31996E-5 8.13697E-6 4.47721E-6 6.43594E-6 9.18386E-6 2.06348E-5 2.56157E-5 2.30206E-5 3.67907E-5 3.34875E-5 2.97666E-5 4.14226E-5 6.00236E-5 7.72053E-5 9.02225E-5 8.88025E-5 5.77645E-5 3.41659E-5 1.7971E-5 1.3864E-5 2.30793E-5 1.58616E-5 1.27836E-5 1.60316E-5 1.85574E-5 1.62975E-5 1.55267E-5 -9999 -9999 -9999 -9999 -9999 -9999 -9999 -9999 -9999 -9999 -9999 -9999 -9999 -9999 -9999 -9999 -9999 -9999 -9999 -9999 -9999 -9999 -9999 -9999 -9999 -9999 -9999 -9999
-9999 -9999 -9999 -9999 -9999 -9999 -9999 -9999 -9999 -9999 -9999 2.93542E-5 4.55378E-5 7.44277E-5 5.6649E-5 4.59208E-5 2.16812E-5 6.40414E-6 5.35626E-6 8.49811E-6 2.67464E-5 2.70914E-5 6.84323E-5 3.22002E-5 5.44218E-5 6.9287E-5 6.22543E-5 5.30524E-5 7.78366E-5 6.88484E-5 5.9075E-5 4.36586E-5 3.80499E-5 2.88223E-5 1.84503E-5 2.21347E-5 2.07788E-5 1.14636E-5 1.35438E-5 1.58704E-5 2.59093E-5 1.74174E-5 -9999 -9999 -9999 -9999 -9999 -9999 -9999 -9999 -9999 -9999 -9999 -9999 -9999 -9999 -9999 -9999 -9999 -9999 -9999 -9999 -9999 -9999 -9999 -9999 -9999 -9999 -9999 -9999
