ENM/Final_Models/M_0.9_F_q_Set_1_E/Gustavia_santanderiensis_8_Choco_novel.asc
ncols         367
nrows         963
xllcorner     -78.6
yllcorner     0.65
cellsize      0.00833333333333323
NODATA_value  -9999
[rows 420 to 449 of 963, columns 136 to 203 of 367]
-9999 -9999 -9999 -9999 -9999 -9999 -9999 -9999 -9999 -9999 -9999 -9999 -9999 -9999 -9999 -9999 -9999 -9999 -6.29384E1 -6E1 -5.63665E1 -5.7346E1 -8.26531E1 -8.52041E1 -8.46939E1 -1.2398E2 -1.27041E2 -1.28061E2 -1.29592E2 -1.36735E2 -1.28571E2 -1.27551E2 -8.90047E1 -1.15816E2 -1.09694E2 -8.36735E1 -7.97472E1 -8.62875E1 -8.35703E1 -9.11848E1 -8.94155E1 -9.01422E1 -9.08057E1 -9.0079E1 -9.27014E1 -9.43878E1 -9.22591E1 -8.92857E1 -9.22907E1 -9.59184E1 -9.59184E1 -1.31122E2 -1.29592E2 -9.64286E1 -9.78199E1 -9.56714E1 -9.09953E1 -9.51659E1 -9.5545E1 -9.03633E1 -8.38231E1 -8.57504E1 -9.28571E1 -9.28571E1 -1.05102E2 -1.05612E2 -1.06122E2 -1.06633E2
-9999 -9999 -9999 -9999 -9999 -9999 -9999 -9999 -9999 -9999 -9999 -9999 -9999 -9999 -9999 -9999 -9999 -9999 -6.20221E1 -5.98736E1 -5.54818E1 -4.48657E1 -5.69668E1 -6.02844E1 -6.83412E1 -8.0102E1 -1.13265E2 -1.14796E2 -8.98578E1 -9.43444E1 -8.55608E1 -8.7267E1 -8.67347E1 -9.1406E1 -1.18367E2 -8.97959E1 -8.63191E1 -8.90047E1 -8.79937E1 -8.96682E1 -9.50079E1 -9.2733E1 -8.99526E1 -8.68562E1 -8.81517E1 -9.19431E1 -8.891E1 -8.90679E1 -9.56398E1 -1.30612E2 -1.32143E2 -1.33163E2 -1.31122E2 -1.33673E2 -1.36224E2 -9.23469E1 -8.5466E1 -8.82464E1 -9.11532E1 -9.51659E1 -9.23539E1 -9.07741E1 -9.76935E1 -9.72828E1 -1.44898E2 -9.85782E1 -1.45918E2 -9.72196E1
-9999 -9999 -9999 -9999 -9999 -9999 -9999 -9999 -9999 -9999 -9999 -9999 -9999 -9999 -9999 -9999 -9999 -9999 -5.07425E1 -5.58294E1 -6.45182E1 -6.02041E1 -6.22449E1 -6.48025E1 -5.74408E1 -5.85782E1 -7.46288E1 -8.77551E1 -8.35071E1 -8.52041E1 -1.06633E2 -7.56714E1 -1.15816E2 -8.09795E1 -9.40284E1 -9.21011E1 -8.96998E1 -8.53081E1 -8.46939E1 -1.11735E2 -9.50395E1 -9.38705E1 -9.49763E1 -9.10584E1 -9.08057E1 -9.15008E1 -8.64455E1 -9.07109E1 -9.59184E1 -1.2602E2 -1.26531E2 -1.45408E2 -1.32653E2 -9.49763E1 -9.32385E1 -8.4297E1 -8.13586E1 -7.91153E1 -7.89573E1 -8.48657E1 -9.33965E1 -8.66983E1 -1.43367E2 -1.43878E2 -1.01011E2 -9.38775E1 -1.46429E2 -1.05656E2
-9999 -9999 -9999 -9999 -9999 -9999 -9999 -9999 -9999 -9999 -9999 -9999 -9999 -9999 -9999 -9999 -9999 -9999 -9999 -8.41837E1 -8.36735E1 -6.22449E1 -6.73934E1 -6.62243E1 -7.34913E1 -7.21011E1 -7.17536E1 -8.67347E1 -8.63507E1 -8.62245E1 -8.67347E1 -8.72449E1 -8.8594E1 -1.32143E2 -1.12755E2 -9.7188E1 -9.49131E1 -9.4376E1 -8.94787E1 -8.88152E1 -1.20918E2 -1.22959E2 -9.95261E1 -8.9921E1 -8.76777E1 -8.93207E1 -9.00158E1 -9.56082E1 -9.37757E1 -9.48499E1 -9.44708E1 -1.34184E2 -1.35204E2 -8.55292E1 -9.28571E1 -8.40442E1 -8.31596E1 -8.07899E1 -8.51817E1 -9.38775E1 -9.43878E1 -9.43878E1 -1.43367E2 -1.44388E2 -1.45408E2 -1.54592E2 -1.46939E2 -1.47959E2
-9999 -9999 -9999 -9999 -9999 -9999 -9999 -9999 -9999 -9999 -9999 -9999 -9999 -9999 -9999 -9999 -9999 -9999 -9999 -6.27551E1 -6.96998E1 -6.41706E1 -7.24487E1 -6.48341E1 -6.81201E1 -8.52041E1 -7.16904E1 -7.47551E1 -7.78199E1 -8.62245E1 -8.72449E1 -9.0079E1 -1.10714E2 -1.32653E2 -1.34184E2 -9.35545E1 -9.5387E1 -9.84202E1 -9.4376E1 -9.33649E1 -1.13776E2 -1.0019E2 -9.69668E1 -9.3049E1 -8.84044E1 -9.69036E1 -9.54186E1 -1.01485E2 -1.44388E2 -1.32653E2 -1.33673E2 -1.46429E2 -1.4949E2 -9.67773E1 -8.8278E1 -8.35071E1 -8.4613E1 -8.99842E1 -9.38775E1 -9.43878E1 -9.62717E1 -9.43878E1 -1.43878E2 -9.91785E1 -1.01485E2 -1.01833E2 -1.46939E2 -1.47449E2
-9999 -9999 -9999 -9999 -9999 -9999 -9999 -9999 -9999 -9999 -9999 -9999 -9999 -9999 -9999 -9999 -9999 -9999 -9999 -5.81633E1 -6.25276E1 -6.61927E1 -7.25118E1 -6.93839E1 -5.90521E1 -6.18009E1 -6.67931E1 -7.15324E1 -7.8673E1 -8.77551E1 -8.82653E1 -8.93207E1 -8.82653E1 -1.17857E2 -1.34694E2 -9.71248E1 -9.68088E1 -9.55134E1 -9.93997E1 -9.5387E1 -9.49763E1 -1.22959E2 -9.80095E1 -9.35861E1 -9.0079E1 -1.01706E2 -1.28571E2 -1.43367E2 -1.40816E2 -1.31122E2 -1.46939E2 -1.44388E2 -1.45408E2 -1.01801E2 -9.36493E1 -8.76461E1 -8.97946E1 -9.15956E1 -9.02054E1 -9.37757E1 -1.02022E2 -9.43878E1 -1.43878E2 -9.4898E1 -9.99368E1 -1.04771E2 -1.02464E2 -1.47449E2
-9999 -9999 -9999 -9999 -9999 -9999 -9999 -9999 -9999 -9999 -9999 -9999 -9999 -9999 -9999 -9999 -9999 -9999 -9999 -7.01738E1 -6.96998E1 -7.14376E1 -6.40126E1 -6.85624E1 -6.33491E1 -5.39021E1 -6.58768E1 -6.81517E1 -7.63033E1 -8.69194E1 -8.30332E1 -8.59716E1 -8.88152E1 -8.97959E1 -9.35861E1 -9.66825E1 -9.48183E1 -1.20408E2 -1.00126E2 -9.51343E1 -9.27646E1 -9.91469E1 -1.01611E2 -1.02496E2 -9.43878E1 -1.01201E2 -1.28061E2 -1.41327E2 -9.64286E1 -1.31122E2 -1.32653E2 -1.33673E2 -1.48469E2 -1.03381E2 -9.56714E1 -8.06635E1 -8.34123E1 -8.79621E1 -9.33673E1 -9.25118E1 -9.60821E1 -1.42857E2 -1.43367E2 -1.01675E2 -1.04866E2 -1.03191E2 -9.88942E1 -1.47449E2
-9999 -9999 -9999 -9999 -9999 -9999 -9999 -9999 -9999 -9999 -9999 -9999 -9999 -9999 -9999 -9999 -9999 -9999 -9999 -6.24961E1 -7.01738E1 -7.41864E1 -7.08057E1 -1.04592E2 -8.41837E1 -8.46939E1 -8.57143E1 -6.65719E1 -8.67347E1 -9.13112E1 -9.31438E1 -8.91311E1 -8.87755E1 -1.33163E2 -9.47551E1 -1.33163E2 -9.81675E1 -1.21429E2 -9.16588E1 -9.50711E1 -9.19747E1 -9.29226E1 -9.44708E1 -1.00411E2 -1.2602E2 -1.27041E2 -1.03633E2 -1.29082E2 -9.85782E1 -1.32143E2 -1.32143E2 -1.34694E2 -1.43367E2 -9.65245E1 -9.87678E1 -8.54976E1 -8.66983E1 -8.13902E1 -9.23469E1 -9.04265E1 -8.86572E1 -1.42857E2 -1.43367E2 -1.09184E2 -1.09184E2 -1.10204E2 -9.64613E1 -1.47449E2
-9999 -9999 -9999 -9999 -9999 -9999 -9999 -9999 -9999 -9999 -9999 -9999 -9999 -9999 -9999 -9999 -9999 -9999 -9999 -6.22117E1 -6.67931E1 -6.95103E1 -6.95735E1 -6.30648E1 -1.03571E2 -6.36651E1 -8.62245E1 -8.57143E1 -8.67347E1 -8.87755E1 -8.88784E1 -8.79305E1 -9.13744E1 -9.59874E1 -1.19898E2 -1.33163E2 -1.34694E2 -1.21939E2 -9.33333E1 -1.22959E2 -9.33673E1 -9.77883E1 -1.03633E2 -1.03254E2 -1.01422E2 -1.01706E2 -1.02433E2 -1.02117E2 -1.04518E2 -1.45408E2 -1.33673E2 -1.47959E2 -1.35714E2 -9.33673E1 -9.58294E1 -8.7425E1 -9.17536E1 -9.06161E1 -8.45182E1 -8.70142E1 -9.33673E1 -1.08163E2 -1.42857E2 -1.44898E2 -1.45408E2 -1.45408E2 -1.11224E2 -9.98736E1
-9999 -9999 -9999 -9999 -9999 -9999 -9999 -9999 -9999 -9999 -9999 -9999 -9999 -9999 -9999 -9999 -9999 -9999 -9999 -6.18641E1 -5.46603E1 -5.18167E1 -5.79779E1 -6.74566E1 -1.05612E2 -8.46939E1 -8.46939E1 -7.33017E1 -7.62401E1 -8.82653E1 -9.04897E1 -8.64771E1 -8.77093E1 -9.27646E1 -9.33017E1 -9.64613E1 -1.20918E2 -9.6019E1 -9.52607E1 -1.0079E2 -9.39336E1 -9.44392E1 -1.00442E2 -1.38776E2 -1.38776E2 -1.39286E2 -1.42347E2 -1.30612E2 -9.34597E1 -1.32143E2 -1.0079E2 -9.85782E1 -1.35714E2 -9.78831E1 -1.02212E2 -9.5545E1 -9.58294E1 -1.05612E2 -1.06122E2 -1.06633E2 -1.07653E2 -1.08673E2 -1.08673E2 -1.44898E2 -1.45408E2 -1.11224E2 -1.11735E2 -1.12245E2
-9999 -9999 -9999 -9999 -9999 -9999 -9999 -9999 -9999 -9999 -9999 -9999 -9999 -9999 -9999 -9999 -9999 -9999 -6.07267E1 -5.93997E1 -6.11058E1 -6.0316E1 -6.49289E1 -7.27646E1 -6.38231E1 -6.40758E1 -6.46445E1 -7.45024E1 -7.15008E1 -7.70932E1 -9.03002E1 -8.92891E1 -8.71406E1 -9.11848E1 -9.47235E1 -9.46288E1 -9.67457E1 -9.74724E1 -9.75355E1 -9.86414E1 -9.94313E1 -9.8673E1 -1.00253E2 -1.04329E2 -1.01991E2 -1.00569E2 -1.04518E2 -9.43444E1 -1.01643E2 -9.57346E1 -9.90837E1 -9.96525E1 -9.8357E1 -1.36224E2 -1.02496E2 -9.33673E1 -1.05102E2 -1.06122E2 -1.07143E2 -1.5102E2 -1.41327E2 -1.41327E2 -1.10204E2 -1.10714E2 -1.11224E2 -1.11735E2 -1.12245E2 -1.55612E2
-9999 -9999 -9999 -9999 -9999 -9999 -9999 -9999 -9999 -9999 -9999 -9999 -9999 -9999 -9999 -9999 -9999 -9999 -5.45024E1 -6.49921E1 -6.24961E1 -6.5466E1 -5.99368E1 -7.51975E1 -7.03949E1 -6.00948E1 -5.77251E1 -7.20063E1 -7.63981E1 -7.63665E1 -7.72828E1 -9.42496E1 -9.62717E1 -8.49289E1 -8.66667E1 -9.37757E1 -9.1406E1 -8.87836E1 -9.26382E1 -9.38389E1 -9.78831E1 -9.63981E1 -9.5545E1 -1.03602E2 -1.05592E2 -1.01643E2 -9.69388E1 -1.05308E2 -9.54818E1 -9.78515E1 -1.0158E2 -1E2 -9.30174E1 -9.97788E1 -9.703E1 -1.01201E2 -1.06122E2 -1.06633E2 -1.07143E2 -1.5051E2 -1.39796E2 -1.09184E2 -1.05308E2 -1.11224E2 -1.11735E2 -1.12245E2 -1.13265E2 -1.55612E2
-9999 -9999 -9999 -9999 -9999 -9999 -9999 -9999 -9999 -9999 -9999 -9999 -9999 -9999 -9999 -9999 -9999 -9999 -6.03791E1 -6.14218E1 -5.8357E1 -6.03475E1 -6.43286E1 -6.46761E1 -6.70142E1 -6.56872E1 -6.50237E1 -6.16746E1 -8.18009E1 -8.72449E1 -7.93049E1 -8.7267E1 -8.56556E1 -9.18167E1 -9.21011E1 -8.58768E1 -9.74408E1 -9.69984E1 -9.70932E1 -9.73144E1 -9.99052E1 -1.00284E2 -1.01801E2 -9.87362E1 -9.6872E1 -9.38073E1 -9.06161E1 -1.0278E2 -9.59558E1 -9.41864E1 -9.87362E1 -9.64929E1 -9.52923E1 -9.33673E1 -9.63665E1 -1.36735E2 -1.05612E2 -1.05612E2 -9.88626E1 -1.08163E2 -1.41837E2 -1.42857E2 -9.90837E1 -1.07615E2 -1.04423E2 -1.13265E2 -1.13776E2 -1.52041E2
-9999 -9999 -9999 -9999 -9999 -9999 -9999 -9999 -9999 -9999 -9999 -9999 -9999 -9999 -9999 -9999 -9999 -9999 -8.21429E1 -5.89889E1 -6.30964E1 -4.96051E1 -6.20221E1 -5.23855E1 -6.11058E1 -6.67615E1 -7.02686E1 -7.17536E1 -1.08673E2 -8.92575E1 -9.13112E1 -8.49605E1 -8.86572E1 -9.406E1 -9.23539E1 -8.2654E1 -9.97788E1 -9.67457E1 -9.22591E1 -9.04581E1 -9.1722E1 -1.25E2 -9.62717E1 -9.65561E1 -9.45972E1 -9.48183E1 -9.6019E1 -1.03096E2 -1.00221E2 -9.56398E1 -9.97472E1 -1.03823E2 -1.01169E2 -1.04455E2 -9.38775E1 -1.06122E2 -1.5E2 -1.07653E2 -1.08163E2 -1.09184E2 -1.5051E2 -1.53061E2 -9.703E1 -1.43878E2 -1.12755E2 -1.13776E2 -1.55612E2 -1.56122E2
-9999 -9999 -9999 -9999 -9999 -9999 -9999 -9999 -9999 -9999 -9999 -9999 -9999 -9999 -9999 -9999 -9999 -9999 -9999 -6.25592E1 -6.12322E1 -5.56122E1 -4.92575E1 -5.406E1 -5.61769E1 -6.86572E1 -7.46603E1 -7.38389E1 -1.09184E2 -1.29592E2 -8.87755E1 -8.19589E1 -7.33965E1 -8.45182E1 -9.33649E1 -9.33649E1 -9.6872E1 -8.75513E1 -8.8278E1 -8.29384E1 -9.04581E1 -9.81359E1 -9.80411E1 -9.46919E1 -9.7449E1 -9.98104E1 -9.19431E1 -9.36493E1 -9.51659E1 -9.63981E1 -9.49447E1 -1.34184E2 -1.34694E2 -1.35714E2 -1.05612E2 -1.06122E2 -1.03191E2 -1.08163E2 -1.08673E2 -1.09694E2 -1.10204E2 -1.42857E2 -1.00316E2 -1.43878E2 -1.5E2 -1.54592E2 -1.55102E2 -1.46939E2
-9999 -9999 -9999 -9999 -9999 -9999 -9999 -9999 -9999 -9999 -9999 -9999 -9999 -9999 -9999 -9999 -9999 -9999 -9999 -6.75829E1 -6.297E1 -6.48657E1 -5.406E1 -5.45972E1 -5.06793E1 -7.26066E1 -7.58294E1 -7.89258E1 -8.4613E1 -1.30102E2 -9.11848E1 -8.69826E1 -8.96682E1 -8.30332E1 -8.7109E1 -9.43444E1 -9.21327E1 -9.2575E1 -9.24487E1 -8.89731E1 -8.73302E1 -8.68562E1 -9.74724E1 -9.7504E1 -1.05561E2 -1.02022E2 -9.84518E1 -9.79592E1 -9.24803E1 -8.85624E1 -8.98894E1 -1.32653E2 -1.33673E2 -1.04082E2 -1.05102E2 -1.06122E2 -9.32069E1 -1.00411E2 -1.07653E2 -1.09184E2 -1.39796E2 -1.41837E2 -1.43367E2 -1.5E2 -1.13265E2 -1.55102E2 -1.46429E2 -9.54082E1
-9999 -9999 -9999 -9999 -9999 -9999 -9999 -9999 -9999 -9999 -9999 -9999 -9999 -9999 -9999 -9999 -9999 -9999 -9999 -1.05612E2 -7.01422E1 -7.34281E1 -5.90521E1 -5.63349E1 -8.36735E1 -7.17536E1 -8.62245E1 -8.57143E1 -8.72449E1 -8.92857E1 -7.19747E1 -7.13112E1 -8.53397E1 -8.76145E1 -8.86572E1 -9.08163E1 -9.34913E1 -9.25118E1 -9.38389E1 -8.84992E1 -9.21959E1 -8.96051E1 -8.92575E1 -9.41232E1 -1.28061E2 -9.69388E1 -9.22275E1 -8.80885E1 -9.08689E1 -9.15956E1 -8.66351E1 -8.64139E1 -8.68878E1 -8.39179E1 -8.8752E1 -8.97314E1 -9.08689E1 -9.39021E1 -1.04592E2 -1.06122E2 -1.46939E2 -1.52551E2 -1.12755E2 -1.13265E2 -1.14286E2 -1.55102E2 -1.46429E2 -9.34913E1
-9999 -9999 -9999 -9999 -9999 -9999 -9999 -9999 -9999 -9999 -9999 -9999 -9999 -9999 -9999 -9999 -9999 -9999 -9999 -8.44234E1 -1.05102E2 -1.03061E2 -6.13902E1 -5.67773E1 -6.10111E1 -7.6872E1 -7.41864E1 -8.62245E1 -8.77551E1 -8.38547E1 -6.73618E1 -7.36177E1 -8.30332E1 -8.70458E1 -9.13428E1 -9.20379E1 -8.72449E1 -8.87204E1 -9.56398E1 -9.89258E1 -9.81359E1 -9.17536E1 -8.9763E1 -9.59242E1 -9.79592E1 -9.7449E1 -9.79592E1 -8.92891E1 -9.14376E1 -9.7346E1 -9.37125E1 -8.68562E1 -8.60664E1 -8.42654E1 -8.16114E1 -8.92891E1 -9.8357E1 -9.47867E1 -9.5545E1 -9.83254E1 -1.38776E2 -1.40306E2 -1.42347E2 -1.42857E2 -1.14796E2 -1.15306E2 -9.54082E1 -9.40284E1
-9999 -9999 -9999 -9999 -9999 -9999 -9999 -9999 -9999 -9999 -9999 -9999 -9999 -9999 -9999 -9999 -9999 -9999 -9999 -8.46939E1 -1.05102E2 -1.04082E2 -6.47393E1 -5.65561E1 -8.36735E1 -8.62559E1 -7.95577E1 -8.77551E1 -8.87755E1 -9.01738E1 -7.64297E1 -8.00948E1 -9.39336E1 -9.51343E1 -9.75671E1 -9.52923E1 -9.33673E1 -9.26698E1 -8.83412E1 -9.11532E1 -9.44708E1 -9.22591E1 -9.70616E1 -9.69388E1 -9.8515E1 -9.89796E1 -9.89796E1 -9.29542E1 -9.56082E1 -9.39968E1 -9.38389E1 -8.52133E1 -8.66667E1 -8.69826E1 -8.38863E1 -8.62243E1 -1.05612E2 -9.75671E1 -9.27646E1 -9.62717E1 -9.36177E1 -1.02654E2 -1.01706E2 -9.61453E1 -1.43878E2 -1.44388E2 -1.45918E2 -9.95893E1
-9999 -9999 -9999 -9999 -9999 -9999 -9999 -9999 -9999 -9999 -9999 -9999 -9999 -9999 -9999 -9999 -9999 -9999 -9999 -1.09184E2 -1.03571E2 -1.03571E2 -9.7449E1 -5.69984E1 -9.84694E1 -8.67347E1 -9.33333E1 -9.33017E1 -8.77551E1 -8.34755E1 -9.32701E1 -9.2575E1 -9.58926E1 -9.46603E1 -9.91469E1 -1.02717E2 -1.00664E2 -9.33673E1 -9.19115E1 -8.88468E1 -8.90995E1 -8.93839E1 -9.82306E1 -9.58926E1 -8.94155E1 -9.94898E1 -9.89796E1 -9.23223E1 -8.90995E1 -9.51659E1 -9.18367E1 -8.68562E1 -8.90679E1 -8.80253E1 -8.84676E1 -8.87755E1 -1.02551E2 -9.33017E1 -9.81043E1 -9.36493E1 -9.28571E1 -9.77883E1 -1.00948E2 -9.69668E1 -1.43878E2 -1.44388E2 -9.42496E1 -1.45408E2
-9999 -9999 -9999 -9999 -9999 -9999 -9999 -9999 -9999 -9999 -9999 -9999 -9999 -9999 -9999 -9999 -9999 -9999 -9999 -7.94945E1 -7.93049E1 -9.03061E1 -6.60348E1 -6.54028E1 -8.62245E1 -8.67347E1 -8.594E1 -8.60032E1 -8.87755E1 -8.97959E1 -9.43444E1 -9.06793E1 -9.64297E1 -9.52607E1 -1.20408E2 -1.20918E2 -1.35204E2 -9.80095E1 -9.82938E1 -9.44392E1 -9.12164E1 -9.29542E1 -9.34597E1 -9.74408E1 -1.04866E2 -9.67773E1 -9.65561E1 -9.5387E1 -9.08057E1 -9.17851E1 -9.03002E1 -9.23855E1 -9.28571E1 -9.32701E1 -9.8515E1 -1.00063E2 -1.06633E2 -9.52607E1 -9.2733E1 -8.90363E1 -1.11735E2 -1.41327E2 -1.53061E2 -1.42347E2 -1.43367E2 -9.55134E1 -9.63665E1 -1.45408E2
-9999 -9999 -9999 -9999 -9999 -9999 -9999 -9999 -9999 -9999 -9999 -9999 -9999 -9999 -9999 -9999 -9999 -9999 -9999 -9999 -9.03061E1 -9.13265E1 -1.06633E2 -1.06122E2 -1.0051E2 -9.94898E1 -1.0102E2 -9.4898E1 -1.29082E2 -9.03633E1 -9.01422E1 -9.26698E1 -9.77251E1 -1.02338E2 -9.56398E1 -1.21429E2 -1.21429E2 -1.22449E2 -9.87994E1 -9.69352E1 -9.01422E1 -8.66351E1 -1.01611E2 -9.5545E1 -9.70932E1 -1.00221E2 -1.00758E2 -9.80095E1 -1.00095E2 -1.02528E2 -9.5545E1 -9.35861E1 -1.04082E2 -1.05102E2 -1.06122E2 -1.06633E2 -1.07143E2 -1.08163E2 -1.09694E2 -1.11224E2 -1.00758E2 -9.50711E1 -9.4898E1 -1.43367E2 -1.37245E2 -9.18483E1 -9.68404E1 -9.4898E1
-9999 -9999 -9999 -9999 -9999 -9999 -9999 -9999 -9999 -9999 -9999 -9999 -9999 -9999 -9999 -9999 -9999 -9999 -9999 -9999 -1.07653E2 -1.08163E2 -1.06633E2 -1.06122E2 -1.08163E2 -1.25E2 -1.27551E2 -1.09184E2 -1.11224E2 -9.08373E1 -8.83728E1 -9.40916E1 -1.33163E2 -1.34184E2 -1.01769E2 -1.02591E2 -1.20408E2 -9.71564E1 -9.64613E1 -9.96525E1 -9.5545E1 -9.17536E1 -9.54082E1 -9.69388E1 -9.32385E1 -9.50395E1 -1.02686E2 -1.04455E2 -1.02212E2 -1.01359E2 -1.03665E2 -9.42496E1 -1.04592E2 -1.43878E2 -1.43878E2 -1.47959E2 -9.39968E1 -1.07653E2 -1.5051E2 -1.38265E2 -1.37755E2 -9.90837E1 -1.37755E2 -1.42347E2 -1.43367E2 -1.37245E2 -1.36735E2 -1.45918E2
-9999 -9999 -9999 -9999 -9999 -9999 -9999 -9999 -9999 -9999 -9999 -9999 -9999 -9999 -9999 -9999 -9999 -9999 -9999 -9999 -1.18367E2 -7.18167E1 -8.67347E1 -6.7267E1 -1.27551E2 -1.10714E2 -1.11224E2 -1.11735E2 -9.08163E1 -8.93839E1 -9.44392E1 -9.08163E1 -9.79463E1 -9.28571E1 -9.33673E1 -9.80411E1 -9.78515E1 -1.02085E2 -9.06477E1 -9.15324E1 -1.00126E2 -9.0079E1 -9.109E1 -8.91311E1 -9.75355E1 -1.0316E2 -1.29592E2 -1.0102E2 -1.04613E2 -9.6872E1 -1.02551E2 -9.95893E1 -9.79147E1 -1.41327E2 -1.36224E2 -1.42857E2 -1.07143E2 -1.09184E2 -1.5E2 -1.38776E2 -1.39286E2 -9.43878E1 -1.37245E2 -1.36224E2 -1.36735E2 -1.36224E2 -1.47449E2 -1.55612E2
-9999 -9999 -9999 -9999 -9999 -9999 -9999 -9999 -9999 -9999 -9999 -9999 -9999 -9999 -9999 -9999 -9999 -9999 -9999 -9999 -1.09184E2 -7.24171E1 -7.75355E1 -1.04082E2 -9.38775E1 -1.04592E2 -1.13265E2 -8.27488E1 -8.02212E1 -7.99368E1 -8.64771E1 -9.1406E1 -9.69984E1 -9.74408E1 -9.67457E1 -9.76303E1 -9.74724E1 -1.02749E2 -9.85466E1 -8.98894E1 -9.54502E1 -8.86572E1 -9.20063E1 -9.63349E1 -9.84518E1 -9.8515E1 -1.28571E2 -1.42857E2 -1.39796E2 -9.94313E1 -9.52291E1 -1.03728E2 -1.04592E2 -1.04592E2 -1.40306E2 -1.43367E2 -1.07653E2 -1.46429E2 -1.43878E2 -1.43367E2 -1.37755E2 -1.38776E2 -1.41327E2 -1.36735E2 -1.36224E2 -1.35204E2 -1.35204E2 -1.45408E2
-9999 -9999 -9999 -9999 -9999 -9999 -9999 -9999 -9999 -9999 -9999 -9999 -9999 -9999 -9999 -9999 -9999 -9999 -9999 -9999 -7.67457E1 -7.78515E1 -7.85782E1 -6.93523E1 -6.17694E1 -8.82653E1 -8.44234E1 -7.75671E1 -7.74724E1 -7.5861E1 -8.97959E1 -1.09694E2 -9.38705E1 -8.90047E1 -9.43128E1 -9.4218E1 -9.49763E1 -9.8357E1 -9.30806E1 -8.99526E1 -9.03949E1 -9.5545E1 -9.19115E1 -9.5545E1 -1.02022E2 -9.89258E1 -9.94898E1 -9.84694E1 -1.26531E2 -1.0102E2 -1.0102E2 -9.11848E1 -1.03571E2 -1.04082E2 -1.05612E2 -1.45918E2 -1.46939E2 -1.41837E2 -1.44388E2 -1.44388E2 -1.43878E2 -1.39286E2 -1.37245E2 -1.41327E2 -1.35204E2 -1.33673E2 -1.34184E2 -1.34694E2
-9999 -9999 -9999 -9999 -9999 -9999 -9999 -9999 -9999 -9999 -9999 -9999 -9999 -9999 -9999 -9999 -9999 -9999 -9999 -9999 -9999 -8.12006E1 -8E1 -7.04581E1 -6.11058E1 -6.22749E1 -8.16746E1 -6.84992E1 -6.89731E1 -8.82653E1 -8.43286E1 -8.54344E1 -8.44866E1 -8.99526E1 -8.93523E1 -8.02212E1 -8.14218E1 -9.13265E1 -9.40284E1 -8.97959E1 -9.35545E1 -9.34913E1 -9.81043E1 -9.41548E1 -9.20695E1 -9.63033E1 -1.2449E2 -1.2398E2 -1.16837E2 -1.23469E2 -1.2551E2 -1.19388E2 -1.2551E2 -1.22959E2 -1.28061E2 -1.45918E2 -1.41327E2 -1.41837E2 -1.41837E2 -1.35204E2 -1.36224E2 -1.37245E2 -1.37755E2 -1.44898E2 -1.25E2 -1.39286E2 -1.34694E2 -1.45918E2
-9999 -9999 -9999 -9999 -9999 -9999 -9999 -9999 -9999 -9999 -9999 -9999 -9999 -9999 -9999 -9999 -9999 -9999 -9999 -9999 -9999 -6.98894E1 -7.62717E1 -8.57143E1 -5.70616E1 -5.94945E1 -6.45182E1 -7.31754E1 -7.45972E1 -7.15324E1 -7.61453E1 -7.81359E1 -8.70458E1 -8.60348E1 -8.594E1 -8.2812E1 -8.1327E1 -8.73302E1 -9.4898E1 -1.23469E2 -8.85624E1 -8.594E1 -8.79621E1 -8.88784E1 -1.01801E2 -9.69984E1 -7.97472E1 -7.85782E1 -9.79592E1 -1.13265E2 -9.59184E1 -1.10714E2 -8.46939E1 -1.13776E2 -1.39796E2 -1.31633E2 -1.32653E2 -1.41837E2 -1.40816E2 -1.33163E2 -1.33163E2 -1.35714E2 -1.34694E2 -1.36224E2 -1.44388E2 -1.38776E2 -9.96208E1 -1.43878E2
-9999 -9999 -9999 -9999 -9999 -9999 -9999 -9999 -9999 -9999 -9999 -9999 -9999 -9999 -9999 -9999 -9999 -9999 -9999 -9999 -9999 -6.46445E1 -6.41706E1 -6.60979E1 -6.5466E1 -6.75829E1 -7.04897E1 -8.13902E1 -8.12322E1 -7.76619E1 -7.54818E1 -7.15008E1 -7.88626E1 -9.01738E1 -8.99842E1 -8.8752E1 -9.48499E1 -9.12796E1 -8.68562E1 -9.38775E1 -9.13112E1 -8.76461E1 -8.33175E1 -8.24013E1 -8.16114E1 -7.78831E1 -9.33673E1 -9.33673E1 -8.45814E1 -1.17857E2 -1.33163E2 -1.11224E2 -1.13265E2 -1.02041E2 -1.03571E2 -1.34184E2 -1.39796E2 -1.40816E2 -1.39796E2 -1.42347E2 -1.35204E2 -1.34694E2 -1.34184E2 -1.34184E2 -1.44388E2 -1.44898E2 -1.38776E2 -1.43367E2
-9999 -9999 -9999 -9999 -9999 -9999 -9999 -9999 -9999 -9999 -9999 -9999 -9999 -9999 -9999 -9999 -9999 -9999 -9999 -9999 -9999 -6.88468E1 -6.80885E1 -6.86572E1 -7.77567E1 -7.03318E1 -7.38073E1 -7.78199E1 -8.92857E1 -7.63349E1 -8.88784E1 -7.34281E1 -8.51185E1 -8.34755E1 -8.07899E1 -8.39494E1 -8.55924E1 -8.85624E1 -9.33673E1 -9.38775E1 -7.36177E1 -7.23223E1 -7.92101E1 -8.01896E1 -7.84202E1 -9.33673E1 -8.05371E1 -9.43878E1 -8.15482E1 -9.7449E1 -1.38776E2 -1.40816E2 -1.41837E2 -1.29592E2 -1.03061E2 -1.38265E2 -1.38265E2 -1.38265E2 -1.32143E2 -1.33163E2 -1.41837E2 -1.41327E2 -1.5E2 -1.33673E2 -1.33673E2 -1.37245E2 -1.38265E2 -1.33673E2
