ENM/Final_Models/M_0.9_F_q_Set_1_E/Gustavia_santanderiensis_2_Choco_novel.asc
ncols         367
nrows         963
xllcorner     -78.6
yllcorner     0.65
cellsize      0.00833333333333323
NODATA_value  -9999
[rows 630 to 659 of 963, columns 136 to 203 of 367]
-9999 -9999 -9999 -9999 -9999 -9999 -9999 -9999 -9999 -9999 -9999 -9999 -9999 -9999 -9999 -9999 -9999 -9999 -9999 -9999 -9999 -9999 -9999 -9999 -9999 -5.62401E1 -5.60821E1 -5.37757E1 -4.68562E1 -5.11216E1 -4.84992E1 -4.76145E1 -5.23223E1 -5.08373E1 -5.24803E1 -4.37283E1 -3.52041E1 -9.51027E0 -3.85466E0 -4.07583E0 1.99581E-2 7.58407E-1 7.58407E-1 7.78365E-1 3.39287E-1 -3.22275E0 -2.1169E0 -1.08373E1 -8.75198E0 -1.07143E1 -1.22449E1 -1.93878E1 -2.2449E1 -1.22449E1 -2.55102E0 -9.69388E0 1.39707E-1 2.19539E-1 5.58826E-1 8.98114E-1 1.09769E0 4.59036E-1 6.38659E0 2.45884E1 2.52669E1 1.91398E1 1.91398E1 1.60862E1
-9999 -9999 -9999 -9999 -9999 -9999 -9999 -9999 -9999 -9999 -9999 -9999 -9999 -9999 -9999 -9999 -9999 -9999 -9999 -9999 -9999 -9999 -9999 -9999 -5.71564E1 -5.99684E1 -5.6019E1 -5.44392E1 -5.52607E1 -5.5545E1 -5.00474E1 -5.23539E1 -5.20379E1 -5.08373E1 -4.8436E1 -4.89731E1 -4.66351E1 -2.29592E1 -4.51817E0 -4.51817E0 -2.40126E0 5.98743E-2 5.58826E-1 5.98743E-1 5.98743E-1 -3.98104E0 -3.72828E0 -7.93049E0 -2.57504E1 -2.80612E1 -1.02041E1 -1.22449E1 -1.88776E1 -1.68367E1 -1.68367E1 -9.69388E0 -6.63265E0 1.99581E-2 1.99581E-1 6.78575E-1 9.97904E-2 4.78994E-1 3.79204E-1 1.37112E1 4.1912E-1 2.39497E-1 7.18491E-1 1.51681E0
-9999 -9999 -9999 -9999 -9999 -9999 -9999 -9999 -9999 -9999 -9999 -9999 -9999 -9999 -9999 -9999 -9999 -9999 -9999 -9999 -9999 -9999 -9999 -9999 -5.81675E1 -5.77567E1 -5.41864E1 -5.29542E1 -5.41232E1 -5.24487E1 -5.08373E1 -4.78673E1 -5.1564E1 -5.20695E1 -5.2733E1 -4.71406E1 -4.84694E1 -2.89415E1 -1.67457E1 -3.31754E0 3.99162E-2 1.59665E-1 7.18491E-1 7.58407E-1 5.98743E-1 -5.87678E0 -4.67615E0 -2.06319E1 -4.23469E1 -2.27172E1 -1.23539E1 -1.17347E1 -9.18367E0 2.39497E-1 1.99581E-2 -1.78571E1 -9.18367E0 -1.02041E1 -2.55102E0 1.99581E-2 7.98324E-2 9.97904E-2 1.99581E-1 8.98114E-1 4.59036E-1 1.59665E-1 4.1912E-1 8.3824E-1
-9999 -9999 -9999 -9999 -9999 -9999 -9999 -9999 -9999 -9999 -9999 -9999 -9999 -9999 -9999 -9999 -9999 -9999 -9999 -9999 -9999 -9999 -9999 -6.03791E1 -6.00632E1 -6.06635E1 -5.73776E1 -5.57662E1 -5.46603E1 -5.13112E1 -4.87836E1 -5.13744E1 -4.60348E1 -4.60663E1 -5.19431E1 -5.38389E1 -4.25276E1 -4.08163E1 -2.33807E1 -8.46761E0 -7.36177E0 1.59665E-1 7.58407E-1 7.58407E-1 8.98114E-1 5.38868E-1 -2.62243E0 -1.0237E1 -2.2449E1 -1.88776E1 -3.52041E1 5.98743E-2 4.1912E-1 4.11137E0 9.55992E0 -5.10204E0 -1.17347E1 -8.67347E0 1.99581E-2 5.98743E-2 1.99581E-1 9.97904E-2 1.59665E-1 7.98324E-2 2.39497E-1 4.59036E-1 1.41702E0 5.58826E-1
-9999 -9999 -9999 -9999 -9999 -9999 -9999 -9999 -9999 -9999 -9999 -9999 -9999 -9999 -9999 -9999 -9999 -9999 -9999 -9999 -9999 -9999 -9999 -5.8831E1 -5.87362E1 -5.49763E1 -5.35229E1 -5.75671E1 -5.52291E1 -5.09637E1 -4.94155E1 -4.88152E1 -4.18009E1 -4.18325E1 -4.89731E1 -4.90363E1 -4.79592E1 -4.7449E1 -2.14534E1 -1.18483E1 -8.21485E0 1.99581E-2 4.98952E-1 5.1891E-1 5.58826E-1 -2.21169E0 -1.27962E1 -3.50711E0 -1.47867E1 -1.62085E1 -1.07143E1 -1.17347E1 -2.04082E0 5.4286E0 1.09769E0 -5.61225E0 -1.37755E1 -5.61225E0 1.99581E-2 5.98743E-2 2.19539E-1 2.39497E-1 2.19539E-1 1.59665E-1 2.79413E-1 1.93593E0 2.03572E0 1.73635E0
-9999 -9999 -9999 -9999 -9999 -9999 -9999 -9999 -9999 -9999 -9999 -9999 -9999 -9999 -9999 -9999 -9999 -9999 -9999 -9999 -9999 -9999 -9999 -6.1643E1 -5.76619E1 -5.59874E1 -5.2733E1 -5.68088E1 -5.39337E1 -5.20063E1 -6.02041E1 -6.02041E1 -4.33175E1 -4.32543E1 -4.32227E1 -3.99052E1 -3.5703E1 -2.31596E1 -1.80727E1 -8.21485E0 -1.70616E0 7.98324E-2 1.59665E-1 4.98952E-1 2.99371E-1 -1.60821E1 -2.3981E1 -2.91627E1 -2.2812E1 -2.34694E1 -1.27551E1 -3.57143E0 -1.73469E1 -9.18367E0 -8.67347E0 -1.47959E1 -6.12245E0 1.99581E-2 5.98743E-2 5.98743E-2 7.98324E-2 2.39497E-1 2.39497E-1 8.3824E-1 3.67229E0 2.21535E0 1.41702E0 8.10298E0
-9999 -9999 -9999 -9999 -9999 -9999 -9999 -9999 -9999 -9999 -9999 -9999 -9999 -9999 -9999 -9999 -9999 -9999 -9999 -9999 -9999 -9999 -6.08531E1 -6.21801E1 -5.62085E1 -5.30612E1 -5.20408E1 -4.78357E1 -5.16588E1 -5.109E1 -5.86735E1 -6.12245E1 -5.10585E1 -4.53712E1 -4.09163E1 -3.52291E1 -2.39796E1 -2.44898E1 -6.54028E0 3.99162E-2 1.99581E-2 5.98743E-2 9.97904E-2 2.19539E-1 6.18701E-1 6.78575E-1 8.3824E-1 -6.63507E0 -1.46919E1 -1.58163E1 -1.17347E1 -8.67347E0 -5.10204E-1 -4.08163E0 -4.08163E0 -8.16327E0 -5.61225E0 5.98743E-2 9.97904E-2 7.98324E-2 5.98743E-2 7.98324E-2 2.19539E-1 4.98952E-1 2.69434E0 4.11137E0 5.58826E-1 4.92965E0
-9999 -9999 -9999 -9999 -9999 -9999 -9999 -9999 -9999 -9999 -9999 -9999 -9999 -9999 -9999 -9999 -9999 -9999 -9999 -9999 -9999 -5.68404E1 -5.91153E1 -5.72828E1 -5.35714E1 -5.54186E1 -5.41548E1 -5.34281E1 -5E1 -5.19115E1 -6.07143E1 -4.90995E1 -4.87836E1 -6.07143E1 -4.4898E1 -3.97959E1 -3.97959E1 -1.66193E1 1.99581E-2 5.98743E-2 3.99162E-2 5.98743E-2 9.97904E-2 9.97904E-2 5.98743E-1 7.18491E-1 8.98114E-1 9.77946E-1 2.39497E-1 1.21744E0 1.99581E-2 -3.06122E0 -3.57143E0 9.97904E-2 5.98743E-2 -7.65306E0 -8.16327E0 -4.59184E0 5.98743E-2 3.99162E-2 5.98743E-2 5.98743E-2 5.98743E-2 7.98324E-2 1.59665E-1 4.98952E-1 6.18701E-1 1.33719E0
-9999 -9999 -9999 -9999 -9999 -9999 -9999 -9999 -9999 -9999 -9999 -9999 -9999 -9999 -9999 -9999 -9999 -9999 -9999 -9999 -9999 -5.72196E1 -5.68088E1 -5.60506E1 -5.15306E1 -5.39968E1 -5.26382E1 -4.69826E1 -4.67615E1 -5.05102E1 -5.06793E1 -4.80569E1 -4.5624E1 -3.37757E1 -2.63507E1 -2.63823E1 -2.42022E1 -6.82464E0 9.97904E-2 9.97904E-2 3.99162E-2 5.98743E-2 1.39707E-1 1.39707E-1 2.99371E-1 -4.13902E0 -2.08531E1 -1.24803E1 -1.83673E1 5.98743E-2 -1.47959E1 3.99162E-2 3.99162E-2 1.59665E-1 9.97904E-2 -4.59184E0 -2.55102E0 2.39497E-1 2.79413E-1 -1.02041E0 5.98743E-2 1.39707E-1 9.97904E-2 1.59665E-1 9.97904E-2 2.39497E-1 4.78994E-1 8.90131E0
-9999 -9999 -9999 -9999 -9999 -9999 -9999 -9999 -9999 -9999 -9999 -9999 -9999 -9999 -9999 -9999 -9999 -9999 -9999 -9999 -5.78515E1 -5.40816E1 -5.72512E1 -5.43444E1 -5.27014E1 -5.06161E1 -5.20408E1 -5.01422E1 -4.94471E1 -4.81201E1 -4.84992E1 -4.98894E1 -4.47709E1 -3.17852E1 -2.90995E1 -1.99368E1 -2.19589E1 -1.51659E0 7.98324E-2 9.97904E-2 2.39497E-1 9.97904E-2 -6.35071E0 -3.66509E0 1.59665E-1 -1.11216E1 -2.75513E1 -2.49289E1 -1.02041E1 -2.34694E1 -3.06122E0 5.98743E-2 1.59665E-1 2.39497E-1 2.19539E-1 5.98743E-2 5.98743E-2 1.99581E-2 7.58407E-1 6.78575E-1 7.98324E-2 1.99581E-1 4.59036E-1 5.58826E-1 8.98114E-1 1.09769E0 4.98952E-1 1.27732E0
-9999 -9999 -9999 -9999 -9999 -9999 -9999 -9999 -9999 -9999 -9999 -9999 -9999 -9999 -9999 -9999 -9999 -9999 -9999 -5.69668E1 -5.77567E1 -6.01264E1 -5.45918E1 -5.35714E1 -5.10204E1 -5.4376E1 -5.59874E1 -4.89796E1 -4.92259E1 -4.62559E1 -4.65087E1 -4.88468E1 -6.47959E1 -3.28594E1 -3.04581E1 -2.26856E1 -1.74092E1 -3.22275E0 7.98324E-2 2.99371E-1 4.98952E-1 2.39497E-1 -2.8752E0 -5.37125E-1 -6.12245E0 -4.18367E1 -5.45918E1 -4.33673E1 -1.17347E1 -1.93878E1 7.98324E-2 1.80621E1 4.92965E0 5.98743E-1 2.19539E-1 1.21744E0 9.97904E-2 1.39707E-1 7.98324E-2 1.03782E0 2.03572E0 1.00389E1 1.9978E1 1.79623E1 1.89402E1 1.6186E1 4.47061E0 3.67229E0
-9999 -9999 -9999 -9999 -9999 -9999 -9999 -9999 -9999 -9999 -9999 -9999 -9999 -9999 -9999 -9999 -9999 -9999 -9999 -6.13902E1 -5.71248E1 -5.81991E1 -5.703E1 -5.31122E1 -5.10204E1 -5.30612E1 -5.23223E1 -4.7425E1 -4.10742E1 -4.28436E1 -4.65087E1 -4.57504E1 -4.7449E1 -3.42496E1 -2.82148E1 -2.18957E1 -1.35861E1 -4.64455E0 -1.1564E1 -5.40284E0 2.39497E-1 9.97904E-2 9.97904E-2 -8.68878E0 -4.64286E1 -1.83673E1 -2.29592E1 -2.34694E1 -2.55102E1 -6.63265E0 -4.59184E0 2.45884E1 2.85001E1 2.70432E1 2.19339E1 2.15348E1 2.22932E1 4.59036E-1 2.19539E-1 9.97904E-2 8.90131E0 2.21136E1 1.80621E1 1.92196E1 1.28131E1 1.11366E1 1.69644E1 7.44437E0
-9999 -9999 -9999 -9999 -9999 -9999 -9999 -9999 -9999 -9999 -9999 -9999 -9999 -9999 -9999 -9999 -9999 -9999 -5.75987E1 -6.01264E1 -5.79463E1 -5.14692E1 -5.35714E1 -5.5102E1 -5.20408E1 -5.40816E1 -4.79305E1 -6.07143E1 -5.5102E1 -4.68878E1 -5.52923E1 -4.54344E1 -4.28571E1 -4.28571E1 -4.18367E1 -1.62401E1 -9.47867E0 -4.92891E0 -1.26698E1 -1.17347E1 -1.02041E0 1.99581E-2 -7.8357E0 -1.81991E1 -2.19388E1 -3.06122E1 -3.77551E1 -4.13265E1 -2.95918E1 -4.59184E0 -3.06122E0 -8.67347E0 2.06766E1 2.30316E1 2.16346E1 2.14749E1 2.05768E1 2.10159E1 4.92965E0 2.07963E1 1.92596E1 1.51282E1 1.70243E1 1.69644E1 1.07774E1 9.63976E0 1.22742E1 8.02315E0
-9999 -9999 -9999 -9999 -9999 -9999 -9999 -9999 -9999 -9999 -9999 -9999 -9999 -9999 -9999 -9999 -9999 -9999 -6.21485E1 -5.91469E1 -5.61769E1 -5.53239E1 -5.45656E1 -5.61224E1 -5.15306E1 -5E1 -4.05371E1 -4.66667E1 -4.02212E1 -4.45182E1 -5.10585E1 -3.26698E1 -2.94155E1 -3.07425E1 -3.08373E1 -1.85782E1 -1.51659E0 1.59665E-1 -1.09953E1 -2.01896E1 -4.08163E1 -4.08163E1 -2.2496E1 -1.51343E1 -3.62245E1 -3.67347E1 -3.5545E1 -2.75513E1 -3.52041E1 -1.88776E1 -1.68367E1 -5.10204E-1 9.97904E-2 1.51681E0 2.55663E1 1.99581E1 1.31324E1 1.93993E1 1.99581E1 1.87606E1 1.8581E1 2.18142E1 1.2873E1 1.80621E1 1.58268E1 1.61461E1 1.55873E1 1.37312E1
-9999 -9999 -9999 -9999 -9999 -9999 -9999 -9999 -9999 -9999 -9999 -9999 -9999 -9999 -9999 -9999 -9999 -6.60979E1 -6.62875E1 -6.27804E1 -5.81633E1 -5.50079E1 -5.29226E1 -5.20408E1 -5.22591E1 -5.10204E1 -5.20408E1 -5.08057E1 -4.61295E1 -4.4613E1 -3.84518E1 -3.26382E1 -2.78673E1 -2.74566E1 -2.29068E1 -2.22433E1 -9.9842E0 -7.89889E-1 -6.63507E0 -1.5861E1 -4.08163E1 -4.4898E1 -2.53397E1 -2.81517E1 -3.06122E1 -2.80612E1 -3.52041E1 -3.97959E1 -4.18367E1 -2.65306E1 -2.04082E1 -9.18367E0 -7.14286E0 9.97904E-2 5.98743E-2 1.99581E-2 -3.06122E0 1.33719E0 1.85011E1 1.95789E1 2.10558E1 2.01577E1 1.86808E1 1.80621E1 1.89602E1 2.0976E1 1.96986E1 1.63058E1
-9999 -9999 -9999 -9999 -9999 -9999 -9999 -9999 -9999 -9999 -9999 -9999 -9999 -9999 -9999 -9999 -9999 -5.92733E1 -6.35387E1 -6.08531E1 -6E1 -5.58294E1 -5.18167E1 -5.35714E1 -5.2551E1 -5.2551E1 -5.40816E1 -4.53081E1 -4.51501E1 -4.03061E1 -2.90679E1 -2.36019E1 -2.45814E1 -2.35071E1 -2.20221E1 -1.18799E1 -7.89889E0 -2.40126E0 -9.22591E0 -1.58926E1 -4.08163E1 -4.18367E1 -4.08163E1 -2.81201E1 -4.79592E1 -2.34694E1 -1.68367E1 -2.70408E1 -2.65306E1 -2.55102E1 -2.44898E1 -2.09184E1 -1.78571E1 -6.12245E0 -1.07143E1 -1.53061E0 5.98743E-2 1.99581E-2 5.8078E0 2.08163E1 2.07365E1 2.11755E1 1.90201E1 2.15747E1 2.06766E1 1.51482E1 1.50883E1 1.35515E1
-9999 -9999 -9999 -9999 -9999 -9999 -9999 -9999 -9999 -9999 -9999 -9999 -9999 -9999 -9999 -9999 -5.83254E1 -6.02528E1 -5.79463E1 -5.66327E1 -5.89573E1 -5.6019E1 -5.22907E1 -5.39021E1 -5.20408E1 -5.56122E1 -5.45918E1 -4.24961E1 -4.40442E1 -5.76531E1 -2.8436E1 -2.45814E1 -2.11058E1 -2.02528E1 -1.09953E1 -1.2891E1 -1.30174E1 -3.5703E0 -1.1564E1 -1.30174E1 -2.60664E1 -4.28571E1 -5.15306E1 -2.92259E1 -2.80612E1 -3.06122E1 -1.68367E1 -2.55102E1 -3.41837E1 -2.39796E1 -1.37755E1 -1.07143E1 -1.32653E1 -9.69388E0 -5.61225E0 7.98324E-2 5.98743E-2 1.59665E-1 8.10298E0 2.12554E1 1.9978E1 2.05169E1 2.15947E1 2.11755E1 1.95789E1 1.70043E1 2.07963E1 2.2872E1
-9999 -9999 -9999 -9999 -9999 -9999 -9999 -9999 -9999 -9999 -9999 -9999 -9999 -9999 -9999 -9999 -5.83254E1 -5.99684E1 -5.87046E1 -5.88626E1 -6.06003E1 -5.7188E1 -5.2575E1 -4.73934E1 -5.40816E1 -5.56122E1 -4.55292E1 -4.34123E1 -4.21485E1 -5.35714E1 -3.44392E1 -2.71722E1 -2.59084E1 -1.74724E1 -1.35861E1 5.98743E-2 5.98743E-2 -1.48499E0 -7.64613E0 -8.594E0 -1.42857E1 -4.13265E1 -3.41837E1 -4.38776E1 -2.60204E1 -2.85714E1 -2.39796E1 -3.31633E1 -3.31633E1 -3.57143E1 -2.44898E1 -1.93878E1 -1.22449E1 -8.67347E0 -1.68367E1 -6.63265E0 -9.69388E0 7.78365E-1 2.35705E1 1.93993E1 2.01577E1 1.88804E1 1.31125E1 7.98324E0 9.65971E0 9.95909E0 1.80421E1 1.95789E1
-9999 -9999 -9999 -9999 -9999 -9999 -9999 -9999 -9999 -9999 -9999 -9999 -9999 -9999 -9999 -5.5861E1 -6.1169E1 -5.89573E1 -5.76531E1 -5.8515E1 -5.9842E1 -5.74092E1 -5.53239E1 -5.34913E1 -5.66327E1 -5.61224E1 -4.33673E1 -6.47959E1 -4.33673E1 -3.31122E1 -2.86888E1 -5.61224E1 -4.79592E1 -1.49763E1 -1.35545E1 -1.26382E1 -7.04581E0 -6.47709E0 -8.81517E0 -6.88784E0 -4.86572E0 5.98743E-2 -6.22433E0 -1.87678E1 -6.54028E0 -1.33017E1 -5.56122E1 -6.02041E1 -2.29592E1 -3.52041E1 -2.70408E1 -3.72449E1 -2.60204E1 -1.12245E1 -1.9898E1 -8.67347E0 3.79204E-1 2.01178E1 2.02375E1 2.10558E1 2.02974E1 2.05169E1 1.62459E1 2.08163E1 2.00778E1 1.7643E1 1.7124E1 1.56272E1
-9999 -9999 -9999 -9999 -9999 -9999 -9999 -9999 -9999 -9999 -9999 -9999 -9999 -9999 -6.07143E1 -5.76531E1 -5.18799E1 -5.81633E1 -5.81633E1 -6.13902E1 -5.76531E1 -5.77883E1 -7.09184E1 -5.58294E1 -5.81633E1 -5.76531E1 -5.71429E1 -4.28571E1 -4.33673E1 -3.43444E1 -3.12796E1 -2.79621E1 -3.03633E1 -2.75513E1 -2.08847E1 -1.74408E1 -1.35861E1 -4.01264E0 -1.41548E1 -3.63349E0 -2.08531E0 -1.70616E0 -3.25434E0 -3.82653E1 -1.24487E1 -1.17852E1 1.59665E-1 5.98743E-1 3.79204E-1 -3.11224E1 -1.17347E1 -1.9898E1 -3.62245E1 -2.04082E1 -2.80612E1 2.19539E-1 1.03582E1 2.78814E1 2.19539E1 2.53268E1 2.40695E1 1.69644E1 1.6206E1 1.4769E1 1.51083E1 8.34248E0 1.61062E1 1.84213E1
-9999 -9999 -9999 -9999 -9999 -9999 -9999 -9999 -9999 -9999 -9999 -9999 -9999 -5.96939E1 -6.02041E1 -5.5861E1 -5.29226E1 -5.86735E1 -5.46288E1 -5.79463E1 -5.3049E1 -5.86735E1 -5.86735E1 -5.21011E1 -5.51027E1 -5.71429E1 -4.43878E1 -4.38776E1 -4.33673E1 -4.43878E1 -2.55924E1 -2.04423E1 -2.10742E1 -1.89258E1 -2.3128E1 -1.59558E1 -1.15008E1 -1.74408E1 -1.63349E1 -2.8752E0 1.59665E-1 -1.51659E0 -2.49605E0 -2.68562E0 -9.19431E0 -1.07143E1 -3.06122E1 -3.52041E1 -2.44898E1 -2.70408E1 -1.07143E1 -5.10204E0 -9.69388E0 -1.07143E1 -1.68367E1 1.49686E0 3.03563E1 2.78814E1 2.83604E1 2.07365E1 1.68845E1 1.68646E1 1.48289E1 1.99182E1 1.69644E1 1.71041E1 2.00778E1 1.92196E1
-9999 -9999 -9999 -9999 -9999 -9999 -9999 -9999 -9999 -9999 -9999 -5.79463E1 -5.96939E1 -6.12245E1 -6.05687E1 -5.72196E1 -5.42496E1 -5.05529E1 -5.37757E1 -5.77251E1 -5.75987E1 -5.86735E1 -6.07143E1 -6.17347E1 -4.95419E1 -4.71406E1 -5.71429E1 -5.81633E1 -4.59184E1 -2.98578E1 -2.67299E1 -2.43918E1 -1.51659E1 -1.33649E1 -1.32385E1 -1.46919E1 -2.68246E1 -2.23065E1 -1.67773E1 -1.51343E1 -2.8436E0 3.99162E-2 -2.1485E0 -9.13112E0 -7.51975E0 -3.72449E1 -3.0102E1 -2.60204E1 -6.63265E0 -9.69388E0 -2.55102E0 7.98324E-2 -1.07143E1 -1.68367E1 -1.93878E1 -1.88776E1 2.70033E1 2.29119E1 2.76819E1 2.19339E1 2.10558E1 9.10089E0 2.07365E1 1.62658E1 1.22343E1 1.87007E1 1.73835E1 1.86409E1
-9999 -9999 -9999 -9999 -9999 -9999 -9999 -9999 -9999 -9999 -6.42857E1 -6.31596E1 -6.37755E1 -6.12245E1 -6.02041E1 -5.84202E1 -5.63033E1 -5.08373E1 -5.47867E1 -5.40916E1 -6.02528E1 -5.81633E1 -5.91837E1 -6.17347E1 -5.91837E1 -4.60663E1 -5.76531E1 -4.4898E1 -3.12164E1 -2.95419E1 -3.21011E1 -2.76461E1 -1.65877E1 -1.30174E1 -1.55134E1 -1.93365E1 -2.25276E1 -2.18641E1 -1.81043E1 -1.25434E1 -1.406E1 -5.75039E0 -5.27646E0 -1.80727E1 -3.62245E1 -4.33673E1 -3.46939E1 -2.09184E1 5.98743E-2 5.98743E-2 5.98743E-2 5.98743E-2 7.98324E-2 7.98324E-2 -3.06122E0 -5.61225E0 2.15747E1 2.22134E1 2.08362E1 2.26524E1 2.13152E1 1.94591E1 1.75831E1 1.29528E1 1.72039E1 2.03972E1 2.26125E1 2.27522E1
-9999 -9999 -9999 -9999 -9999 -9999 -9999 -9999 -9999 -6.94155E1 -6.94787E1 -6.38863E1 -6.17347E1 -5.52923E1 -5.22591E1 -5.58294E1 -5.5545E1 -5.25434E1 -5.33649E1 -5.27962E1 -5.4218E1 -5.52923E1 -6.02041E1 -6.02041E1 -5.33649E1 -4.89796E1 -5.86735E1 -4.69388E1 -3.25118E1 -3.27962E1 -3.00474E1 -2.12322E1 -1.48815E1 -9.09953E0 -1.29226E1 -1.53239E1 -2.09163E1 -2.28436E1 -1.85466E1 -1.15956E1 -1.5703E1 -1.50079E1 -1.6872E1 -2.34439E1 -2.47393E1 -3.16327E1 -3.0102E1 -5.61225E0 1.99581E-2 1.39707E-1 1.59665E-1 1.59665E-1 3.19329E-1 2.19539E-1 7.98324E-2 3.99162E-2 2.16745E1 2.4269E1 2.08961E1 2.59256E1 2.43888E1 1.92196E1 2.18142E1 1.7643E1 1.71041E1 1.97186E1 2.379E1 2.6644E1
-9999 -9999 -9999 -9999 -9999 -9999 -9999 -9999 -9999 -6.47959E1 -6.42857E1 -6.16746E1 -7.29592E1 -7.60204E1 -5.33649E1 -5.10204E1 -5.23855E1 -5.27962E1 -5.09005E1 -5.81633E1 -4.92259E1 -5.04581E1 -6.12245E1 -6.07143E1 -6.32653E1 -5.91837E1 -5.81633E1 -5.76531E1 -4.59184E1 -4.54082E1 -3.01106E1 -2.96998E1 -2.49289E1 -1.34597E1 -1.1406E1 -1.1722E1 -1.57978E1 -2.00632E1 -1.83673E1 -1.63349E1 -1.81359E1 -1.96209E1 -1.56714E1 -3.16327E1 -1.86098E1 -3.46939E1 -2.55102E1 -1.9898E1 -7.65306E0 1.39707E-1 2.39497E-1 2.69434E0 4.11137E0 4.1912E-1 1.73635E0 2.15547E0 3.22922E1 2.30716E1 2.39497E1 1.53877E1 2.22932E1 2.25726E1 1.87606E1 2.12554E1 1.83614E1 1.92196E1 2.48478E1 2.73625E1
-9999 -9999 -9999 -9999 -9999 -9999 -9999 -9999 -9999 -6.78571E1 -6.78571E1 -5.79779E1 -5.94629E1 -5.54818E1 -5.33017E1 -6.32653E1 -6.17347E1 -6.12245E1 -6.17347E1 -6.07143E1 -6.07143E1 -5.82622E1 -8.31633E1 -5.13112E1 -5.26698E1 -5.05102E1 -5E1 -3.1406E1 -3.58926E1 -3.70932E1 -3.92417E1 -3.07109E1 -3.01422E1 -2.30964E1 -1.31438E1 -1.18799E1 -7.64613E0 -1.84518E1 -2.58452E1 -2.5624E1 -1.95577E1 -1.64929E1 -7.26698E0 -1.29858E1 -3.36735E1 -3.67347E1 -4.18367E1 -2.2449E1 -1.58163E1 7.98324E-2 1.59665E-1 7.44437E0 2.22533E1 2.59256E1 3.02764E1 3.14739E1 2.79613E1 2.26125E1 2.48877E1 2.06766E1 2.12154E1 1.41902E1 1.51881E1 1.98783E1 1.79822E1 2.10558E1 2.25127E1 2.52071E1
-9999 -9999 -9999 -9999 -9999 -9999 -9999 -6.55292E1 -6.56556E1 -6.61295E1 -6.57188E1 -6.53061E1 -6.42857E1 -6.42857E1 -5.93049E1 -6.37755E1 -6.53061E1 -5.5102E1 -6.22449E1 -6.37755E1 -6.17347E1 -6.22449E1 -4.89796E1 -4.84694E1 -4.9763E1 -4.80569E1 -5.10204E1 -6.37755E1 -6.22449E1 -6.07143E1 -3.77251E1 -2.92259E1 -2.79937E1 -2.60204E1 -1.72196E1 -1.70932E1 -1.12164E1 -1.38389E1 -1.96524E1 -1.82622E1 -2.53397E1 -1.84202E1 -8.67347E0 -1.47959E1 -4.64286E1 -3.67347E1 -3.57143E1 -3.52041E1 -2.5E1 -8.16327E0 1.99581E-2 9.97904E-2 1.39707E-1 2.45884E1 2.96976E1 2.89791E1 3.30706E1 3.01367E0 1.19749E1 1.83614E1 2.10558E1 2.06766E1 2.02974E1 1.84812E1 2.06167E1 1.93993E1 1.906E1 1.906E1
-9999 -9999 -9999 -9999 -9999 -9999 -9999 -6.83673E1 -6.55292E1 -6.72038E1 -6.88775E1 -6.63265E1 -6.78571E1 -6.12322E1 -6.68367E1 -6.42857E1 -6.37755E1 -6.37755E1 -5.10204E1 -6.22449E1 -6.32653E1 -6.27551E1 -6.47959E1 -6.53061E1 -6.53061E1 -5.2551E1 -5.20408E1 -5.5102E1 -5.61224E1 -5.5102E1 -3.45972E1 -3.03002E1 -3.31122E1 -5.35714E1 -2.60204E1 -2.39796E1 -2.03476E1 -1.27014E1 -1.55134E1 -1.45024E1 -1.9898E1 -1.27551E1 -5.6872E-1 -1.78571E1 -1.83886E1 -3.72449E1 -5.66327E1 -2.65306E1 -1.68367E1 -2.04082E0 -5.61225E0 3.99162E-2 3.99162E-2 1.39707E-1 1.61461E1 2.0477E1 1.73635E0 7.98324E-2 4.47061E0 2.08562E1 1.86608E1 1.92995E1 1.80621E1 4.92965E0 2.25726E1 2.40894E1 1.906E1 2.21535E1
-9999 -9999 -9999 -9999 -9999 -9999 -6.32543E1 -6.93878E1 -6.3128E1 -6.79621E1 -6.93878E1 -6.88775E1 -6.01896E1 -5.73776E1 -6.73469E1 -5.41548E1 -5.45918E1 -6.47959E1 -5.15306E1 -5.5102E1 -5.5102E1 -5.45918E1 -6.58163E1 -6.53061E1 -6.47959E1 -5.2551E1 -5.71429E1 -4.27172E1 -5.56122E1 -6.12245E1 -3.02686E1 -2.99526E1 -3.29226E1 -5.15306E1 -1.43444E1 -1.21959E1 -7.14286E0 -8.27804E0 -8.67347E0 -9.69388E0 -3.06122E0 -1.02041E0 -2.71722E0 -1.50079E1 -1.93365E1 -4.18367E1 -7.09184E1 -4.7449E1 -2.19388E1 -8.67347E0 -1.07143E1 -1.58163E1 -8.67347E0 -1.83673E1 2.41493E0 1.41702E0 -3.06122E0 4.59036E-1 1.04381E1 1.96986E1 1.03582E1 2.69434E0 1.59665E-1 2.39497E-1 2.0956E1 1.79423E1 2.10159E1 2.35106E1
-9999 -9999 -9999 -9999 -9999 -6.88775E1 -6.19273E1 -6.9898E1 -6.47709E1 -7.04082E1 -7.04082E1 -6.78571E1 -6.68367E1 -6.03475E1 -6.83673E1 -6.63265E1 -5.30612E1 -5.30612E1 -5.66327E1 -7.44898E1 -7.09184E1 -5.56122E1 -5.5102E1 -6.63265E1 -7.14286E1 -5.35714E1 -5.30612E1 -5.81633E1 -5.76531E1 -3.92733E1 -3.27014E1 -2.83412E1 -3.01106E1 -2.55102E1 -1.78831E1 -1.61769E1 -1.22275E1 -8.16327E0 -4.59184E0 -1.0079E1 -3.47551E-1 1.39707E-1 -3.15956E-1 -1.93878E1 -8.27804E0 -4.84694E1 -5.91837E1 -4.43878E1 -4.13265E1 -2.39796E1 -2.90816E1 -1.47959E1 -1.02041E1 -2.34694E1 5.98743E-2 -3.57143E0 -1.12245E1 5.68806E0 2.00778E1 2.06367E1 1.65253E1 1.33719E0 1.99581E-2 7.58407E-1 1.27133E1 2.10558E1 2.01178E1 2.58058E1
