ENM/Final_Models/M_0.9_F_q_Set_1_E/Gustavia_santanderiensis_5_Choco_novel.asc
ncols         367
nrows         963
xllcorner     -78.6
yllcorner     0.65
cellsize      0.00833333333333323
NODATA_value  -9999
[rows 870 to 899 of 963, columns 136 to 203 of 367]
2.68064E1 2.68064E1 2.28543E1 2.62275E1 3.67066E1 2.1477E1 3.2475E1 3.10978E1 2.06786E1 2.01996E1 2.13174E1 1.90619E1 2.85429E1 3.58683E1 3.97006E1 4.01996E1 3.43114E1 3.66068E1 2.2475E1 3.37924E1 3.28942E1 1.9501E1 2.0998E1 1.62475E1 2.36527E1 3.23952E1 2.5988E1 2.45509E1 2.85429E1 3.0998E1 3.71257E1 3.71257E1 3.3992E1 3.18164E1 2.9501E1 3.68663E1 3.35329E1 4.10978E1 3.5988E1 5.18762E1 3.48703E1 4.27545E1 4.12176E1 4.01397E1 4.71856E1 4.27745E1 4.89222E1 4.66267E1 4.39321E1 2.83633E1 1.84631E1 1.0519E1 1.47904E1 1.47904E1 1.77246E1 1.50898E1 1.48303E1 1.06387E1 7.58483E0 3.43313E0 1.99601E-1 3.99202E-2 -9999 -9999 -9999 -9999 -9999 -9999
-9999 2.998E1 2.46507E1 2.66068E1 3.53693E1 2.53892E1 3.09182E1 3.25749E1 2.7485E1 2.27545E1 2.06786E1 2.19361E1 3.47505E1 3.94012E1 2.49301E1 3.80838E1 4.23353E1 3.43114E1 2.03992E1 2.41517E1 1.9501E1 1.81038E1 2.12575E1 2.26747E1 2.70659E1 2.9521E1 2.5988E1 3.06786E1 3.08383E1 2.61078E1 2.84232E1 2.7505E1 3.29341E1 2.73054E1 2.88822E1 2.98802E1 4.46507E1 3.77246E1 4.06587E1 5.18762E1 4.23353E1 4.1996E1 4.06387E1 4.43513E1 3.88822E1 5.17964E1 5.33733E1 5.32535E1 4.81038E1 2.85429E1 1.77645E1 1.47904E1 1.76846E1 1.63673E1 1.62076E1 1.16367E1 1.21956E1 8.60279E0 6.46707E0 8.38323E-1 1.99601E-1 2.79441E-1 -9999 -9999 -9999 -9999 -9999 -9999
-9999 2.1976E1 2.29341E1 2.68862E1 3.57086E1 2.20758E1 2.63473E1 2.77445E1 2.32535E1 2.76846E1 2.2994E1 1.998E1 2.8503E1 3.61078E1 1.55888E1 3.73852E1 3.96008E1 2.97405E1 2.20958E1 2.22754E1 2.31138E1 2.41517E1 2.51896E1 2.93214E1 3.22156E1 2.79242E1 2.70659E1 2.43513E1 3.59681E1 3.77246E1 3.34132E1 3.35729E1 3.23752E1 3.28743E1 3.34132E1 3.72056E1 4.60878E1 3.87226E1 4.1996E1 5.19361E1 4.54092E1 4.32136E1 4.01597E1 4.03593E1 4.14371E1 4.13373E1 4.12375E1 5.07984E1 5.01397E1 4.17764E1 2.54491E1 2.63273E1 2.8503E1 2.98802E1 1.82236E1 1.46906E1 1.21557E1 4.8503E0 3.19361E-1 1.59681E-1 1.59681E-1 3.19361E-1 8.38323E-1 -9999 -9999 -9999 -9999 -9999
-9999 2.11178E1 3.66068E1 2.21756E1 4.07585E1 2.32535E1 2.48503E1 2.5988E1 2.19361E1 2.06188E1 2.37325E1 1.80639E1 1.76447E1 1.71856E1 1.64671E1 2.8503E1 4.0998E1 2.88224E1 2.91617E1 2.998E1 2.42315E1 2.9521E1 3.00798E1 3.7006E1 3.23752E1 2.99002E1 2.56088E1 2.68862E1 3.12974E1 3.96008E1 4.16367E1 3.60479E1 3.70459E1 3.67465E1 4.16966E1 4.13174E1 3.9521E1 3.90419E1 3.7505E1 4.61677E1 4.01597E1 3.94611E1 2.70459E1 2.00798E1 2.06188E1 2.0519E1 4.14371E1 4.83433E1 4.99601E1 5.06587E1 3.55689E1 3.98802E1 3.03194E1 1.76048E1 1.11776E1 1.36128E1 7.78443E0 8.38323E-1 5.98802E-2 1.59681E-1 1.59681E-1 -9999 -9999 -9999 -9999 -9999 -9999 -9999
-9999 4.49102E1 5.05988E1 2.36527E1 3.80838E1 3.21557E1 2.5988E1 2.13373E1 2.20758E1 2.1477E1 1.94611E1 1.64671E1 1.59681E1 1.69661E1 2.07385E1 3.95609E1 3.33134E1 3.77246E1 2.36527E1 3.49301E1 2.41517E1 3.17166E1 3.77246E1 3.82834E1 3.71058E1 3.70459E1 2.77046E1 3.0519E1 3.94012E1 3.40918E1 2.32535E1 3.40918E1 4.03194E1 3.98204E1 2.87625E1 4.19561E1 4.00599E1 3.91417E1 3.83433E1 3.83433E1 3.75449E1 2.1996E1 2.00798E1 2.40319E1 2.66866E1 3.43513E1 4.07784E1 2.85429E1 3.67465E1 4.54092E1 4.72056E1 4.27146E1 2.12974E1 1.17964E1 1.27146E1 1.07784E1 5.60878E0 1.39721E-1 1.59681E-1 7.18563E-1 -9999 -9999 -9999 -9999 -9999 -9999 -9999 -9999
-9999 3.00399E1 2.78244E1 2.89222E1 3.48104E1 3.53693E1 3.00399E1 2.26148E1 2.0519E1 1.78443E1 1.88024E1 1.95808E1 2.2515E1 3.7505E1 3.99601E1 3.21158E1 3.77246E1 3.59681E1 2.47705E1 2.71657E1 3.60479E1 3.11377E1 3.57086E1 4.16766E1 2.63273E1 4.06587E1 3.9481E1 4E1 3.72655E1 1.98802E1 1.99002E1 2.20758E1 3.77844E1 1.998E1 1.99002E1 3.87226E1 3.60479E1 3.53094E1 3.58683E1 2.98403E1 1.98802E1 2.38723E1 2.30938E1 2.25549E1 2.94012E1 3.40918E1 3.24152E1 3.12774E1 3.18962E1 4.09182E1 3.82834E1 4.38323E1 1.58084E1 1.27345E1 1.37725E0 6.78643E-1 6.78643E-1 5.98802E-2 1.99601E-1 9.58084E-1 -9999 -9999 -9999 -9999 -9999 -9999 -9999 -9999
-9999 -9999 -9999 3.64072E1 2.0519E1 2.23752E1 2.11776E1 2.05788E1 1.83633E1 1.68663E1 2.01198E1 1.91417E1 2.33333E1 2.76846E1 3.60679E1 4.03393E1 3.88822E1 3.62076E1 4.06587E1 2.9022E1 3.58683E1 3.06786E1 4.06986E1 3.93413E1 3.57884E1 3.9501E1 3.88623E1 3.59481E1 2.3014E1 2.16367E1 2.15369E1 2.06786E1 2.32735E1 2.03992E1 1.80639E1 3.98403E1 3.98603E1 3.94012E1 3.92615E1 2.25749E1 2.61677E1 2.19361E1 1.81038E1 2.64671E1 3.16966E1 3.1996E1 2.02595E1 3.00399E1 3.22954E1 2.87625E1 2.48703E1 4.15768E1 3.35928E1 9.16168E0 1.45709E0 3.19361E-1 1.79641E-1 1.1976E-1 2.59481E-1 5.78842E-1 5.78842E-1 1.01796E0 -9999 -9999 -9999 -9999 -9999 -9999
-9999 -9999 -9999 3.09182E1 1.76048E1 1.88822E1 2.07385E1 2.05788E1 1.91417E1 1.86826E1 1.73054E1 1.73852E1 2.0519E1 2.11377E1 2.40719E1 2.31138E1 3.98802E1 4.12974E1 4.09182E1 2.78244E1 4.0479E1 3.67465E1 3.86228E1 2.2515E1 2.12176E1 3.70459E1 3.56487E1 2.94611E1 2.16367E1 2.34731E1 2.25749E1 2.18164E1 1.998E1 2.00798E1 2.22555E1 3.93214E1 2.31537E1 4.04591E1 2.70459E1 2.2994E1 2.40719E1 1.66667E1 2.25549E1 2.55888E1 2.33932E1 2.2515E1 2.46707E1 3.23752E1 3.37725E1 2.22555E1 2.002E1 2.66467E1 2.60878E1 6.98603E0 1.08982E1 7.10579E0 4.93014E0 1.59681E-1 1.99601E-1 1.07784E0 4.19162E-1 2.79441E-1 6.18762E-1 1.51697E0 -9999 -9999 -9999 -9999
-9999 -9999 -9999 3.32535E1 1.95808E1 2.01198E1 1.88822E1 2.03792E1 1.89421E1 1.68663E1 1.75449E1 1.48303E1 1.41916E1 1.70259E1 1.82036E1 2.19561E1 3.2994E1 4.05589E1 2.99002E1 3.00798E1 3.30539E1 3.94611E1 2.70659E1 2.34731E1 2.25349E1 2.52695E1 2.45309E1 2.1996E1 2.5509E1 1.9002E1 2.5988E1 2.08782E1 1.95808E1 1.92216E1 2.01198E1 2.2515E1 2.38124E1 3.36727E1 2.56088E1 2.63872E1 2.24351E1 1.82834E1 1.55888E1 1.61078E1 1.43313E1 1.66267E1 1.96806E1 1.98603E1 1.55489E1 1.76647E1 1.0998E1 1.74451E1 3.43313E1 7.82435E0 5.8483E0 3.63273E0 1.11776E0 1.39721E-1 5.58882E-1 6.78643E-1 5.98802E-2 3.99202E-2 1.99601E-1 1.0978E0 -9999 -9999 -9999 -9999
2.23154E1 4.41517E1 2.54691E1 3.12974E1 2.66866E1 1.71856E1 1.64671E1 1.61078E1 2.08184E1 1.75449E1 1.64671E1 1.32934E1 1.40519E1 2.00798E1 2.8024E1 3.89022E1 4.09182E1 4.0479E1 2.87625E1 3.03992E1 4.01996E1 3.67066E1 2.2515E1 2.2515E1 2.42914E1 2.32735E1 2.2994E1 2.58683E1 2.45509E1 1.85629E1 2.46507E1 2.48104E1 2.28743E1 2.22555E1 2.12176E1 2.48503E1 2.38723E1 2.34731E1 2.76846E1 2.85429E1 2.61078E1 1.72255E1 1.25349E1 3.63273E0 9.96008E0 2.16766E1 1.30739E1 1.72655E1 1.66467E1 1.49102E1 8.68263E0 1.86228E1 3.20559E1 1.01796E1 3.99202E0 7.00599E0 1.99601E-1 3.99202E-2 1.99601E-1 5.98802E-2 3.99202E-2 1.79641E-1 1.21756E0 1.93613E0 -9999 -9999 -9999 -9999
2.24551E1 3.54291E1 2.48703E1 3.72455E1 1.65868E1 1.59681E1 1.72854E1 2.01198E1 2.08782E1 1.68663E1 1.55888E1 1.44711E1 1.49701E1 2.15768E1 2.32535E1 3.08383E1 3.0499E1 3.5489E1 2.94611E1 3.5509E1 3.33333E1 3.58882E1 2.41916E1 2.16367E1 2.41118E1 2.32735E1 2.65269E1 2.01397E1 1.62874E1 2.002E1 2.47305E1 2.4511E1 2.46707E1 2.1477E1 2.25749E1 2.47904E1 2.71657E1 2.65868E1 2.38723E1 2.49102E1 2.1497E1 1.44112E1 3.05389E0 5.36926E0 1.54291E1 1.91018E1 1.4491E1 6.74651E0 1.21956E1 1.34331E1 9.52096E0 6.80639E0 1.11178E1 1.59082E1 2.47505E0 2.93413E0 1.45709E0 1.45709E0 3.99202E-2 2.19561E-1 5.98802E-2 1.59681E-1 1.33733E0 2.59481E0 2.17565E0 -9999 -9999 -9999
2.88224E1 2.83633E1 3.08383E1 3.67465E1 2.02595E1 1.65868E1 9.64072E0 1.92615E1 1.89621E1 1.93812E1 1.9501E1 1.60279E1 1.55888E1 1.69661E1 2.04192E1 2.22555E1 2.42515E1 3.82834E1 3.2016E1 2.82635E1 1.90619E1 2.12176E1 2.29341E1 2.22555E1 2.40719E1 2.50699E1 2.48104E1 1.44112E1 1.19561E1 2.002E1 2.49501E1 2.2994E1 2.51098E1 2.43513E1 2.27545E1 2.25749E1 2.501E1 3.10978E1 2.82635E1 2.51098E1 1.61277E1 1.28343E1 1.27944E1 7.18563E0 6.80639E0 1.38523E1 1.29741E0 1.61677E0 1.45709E1 1.66667E1 8.80239E0 1.22355E1 4.7505E0 8.14371E0 9.42116E0 1.53693E0 2.73453E0 3.39321E-1 4.19162E-1 2.79441E-1 3.99202E-2 8.38323E-1 1.33733E0 2.15569E0 2.03593E0 2.13573E0 -9999 -9999
2.44112E1 3.88822E1 2.6986E1 2.44112E1 3.88822E1 1.62675E1 1.62675E1 1.59281E1 1.68663E1 1.46507E1 1.68663E1 1.62076E1 1.36327E1 1.75449E1 1.98004E1 2.08184E1 1.71257E1 2.43912E1 3.83433E1 2.68862E1 2.10579E1 2.50499E1 2.0978E1 2.32535E1 2.21557E1 2.16966E1 2.15968E1 1.20958E1 1.01397E1 1.86228E1 2.2994E1 2.13772E1 2.37325E1 2.46507E1 2.61677E1 2.13772E1 2.62076E1 2.7006E1 3.06387E1 2.32335E1 2.07585E1 2.00599E1 1.73852E1 7.32535E0 3.19361E-1 3.59281E0 2.79441E-1 1.59681E-1 1.01796E0 9.92016E0 9.82036E0 9.9002E0 3.67265E0 1.65669E0 8.18363E-1 1.01796E0 3.19361E-1 3.19361E-1 1.63673E0 6.18762E-1 1.39721E-1 3.39321E-1 1.41717E0 1.03792E0 1.73653E0 2.13573E0 -9999 -9999
2.6986E1 2.97405E1 3.12375E1 1.76447E1 1.90619E1 2.53293E1 1.84631E1 1.71257E1 1.97006E1 2.3014E1 2.01198E1 1.91417E1 1.91417E1 2.13373E1 1.87625E1 1.62076E1 1.60279E1 2.2515E1 3.77645E1 2.01198E1 1.94012E1 2.17565E1 2.43313E1 2.49102E1 1.76447E1 1.81637E1 1.91018E1 1.10978E1 1.37525E1 1.94411E1 1.57685E1 1.60679E1 2.08982E1 1.76647E1 2.23952E1 2.31537E1 2.10379E1 2.10379E1 1.98802E1 1.72655E1 2.21158E1 2.03992E1 1.60679E1 8.46307E0 2.59481E-1 1.99601E-1 1.79641E-1 1.79641E-1 3.19361E-1 4.19162E-1 5.70858E0 8.50299E0 1.55689E0 5.3493E0 3.97206E0 2.79441E-1 9.18164E-1 1.61677E0 3.99202E-2 3.19361E-1 2.99401E-1 1.79641E-1 8.38323E-1 8.98204E-1 1.51697E0 1.93613E0 -9999 -9999
2.74052E1 2.62275E1 3.08383E1 2.42515E1 1.12375E1 1.56287E1 1.74651E1 1.48703E1 2.04192E1 2.03992E1 2.2515E1 2.002E1 2.03992E1 1.998E1 1.83234E1 1.58283E1 1.99002E1 1.998E1 2.15968E1 2.13174E1 2.2515E1 1.52096E1 2.41317E1 2.46707E1 1.72854E1 1.66467E1 1.43713E1 1.06188E1 1.48902E1 1.59082E1 1.39521E1 1.46108E1 1.76248E1 1.27944E1 1.77246E1 2.19361E1 1.54291E1 1.55689E1 2.33533E1 1.85828E1 1.68463E1 1.39321E1 1.35529E1 8.18363E-1 9.98004E-2 2.79441E-1 1.59681E-1 2.79441E-1 5.36926E0 7.62475E0 7.82435E0 1.55689E0 3.73253E0 2.47505E0 3.43313E0 7.78443E-1 2.19561E0 7.98403E-2 6.78643E-1 8.18363E-1 8.38323E-1 5.98802E-1 7.18563E-1 8.98204E-1 2.41517E0 1.69661E0 1.73653E0 -9999
2.99002E1 3.31138E1 3.44711E1 3.22156E1 3.27345E1 2.23752E1 2.11776E1 1.63074E1 1.99002E1 1.9501E1 2.01597E1 2.11178E1 2.08782E1 1.97006E1 1.87026E1 1.46906E1 1.88822E1 1.89621E1 1.80639E1 2.38124E1 1.66267E1 1.57685E1 1.86826E1 2.12176E1 1.55289E1 1.08184E1 9.54092E0 1.13174E1 1.19561E1 1.08982E1 1.17565E1 1.30339E1 1.46906E1 1.29741E1 1.80838E1 1.96008E1 1.21956E1 1.09381E1 1.88024E1 2.23154E1 2.15569E1 1.48503E1 4.07186E0 8.98204E-1 5.98802E-2 4.19162E-1 3.59281E-1 2.19561E-1 3.19361E-1 6.90619E0 3.21357E0 3.67265E0 1.49701E0 1.13772E0 3.07385E0 2.07585E0 8.18363E-1 1.79641E-1 9.78044E-1 1.03792E0 7.78443E-1 7.18563E-1 6.58683E-1 1.21756E0 2.41517E0 2.21557E0 1.57685E0 -9999
2.78443E1 3.62076E1 2.1477E1 1.7006E1 2.18164E1 1.40519E1 1.95808E1 2.33733E1 2.22954E1 2.06786E1 2.06786E1 2.02395E1 2.24152E1 2.11776E1 1.83234E1 1.8483E1 1.71856E1 1.41916E1 1.87625E1 2.61277E1 2.10978E1 1.42914E1 1.36926E1 1.83034E1 1.48104E1 1.11377E1 9.501E0 8.70259E0 3.05389E0 7.26547E0 6.80639E0 1.29741E1 1.15569E1 1.34731E1 1.5988E1 1.79641E1 1.41517E1 3.8523E0 1.46307E1 1.62275E1 1.48902E1 1.5509E1 1.55689E0 1.79641E-1 1.99601E-1 3.59281E-1 2.79441E-1 7.58483E-1 2.99401E0 4.61078E0 4.67066E0 4.53094E0 1.79641E-1 1.99601E-1 9.18164E-1 1.01796E0 2.19561E-1 1.79641E-1 7.78443E-1 7.78443E-1 7.18563E-1 7.18563E-1 7.18563E-1 1.49701E0 1.51697E0 8.98204E-1 6.78643E-1 -9999
1.02994E1 2.1477E1 1.60279E1 2.01198E1 1.93812E1 2.36527E1 2.36527E1 2.17565E1 2.00798E1 1.97605E1 1.98603E1 1.9501E1 1.79042E1 1.83832E1 2.20958E1 2.22555E1 2.1996E1 1.69661E1 2.38723E1 2.40918E1 2.19361E1 1.501E1 1.19162E1 1.57685E1 1.36527E1 1.20958E1 7.38523E0 1.01796E0 2.19561E-1 5.98802E-1 3.17365E0 7.98403E0 3.35329E0 1.16966E1 1.16766E1 1.61677E1 1.43313E1 9.2016E0 3.71257E0 1.23553E1 6.80639E0 1.21756E1 6.12774E0 5.98802E-2 4.79042E-1 6.18762E-1 4.19162E-1 3.59281E-1 3.99202E-1 2.59481E-1 3.19361E-1 1.99601E-1 1.79641E-1 1.59681E-1 1.59681E-1 6.38723E-1 1.99601E-1 7.78443E-1 8.38323E-1 8.38323E-1 7.58483E-1 7.18563E-1 7.18563E-1 8.98204E-1 5.98802E-1 5.98802E-1 6.18762E-1 -9999
1.79242E1 1.60279E1 1.79042E1 1.92216E1 2.11178E1 1.80838E1 1.9022E1 2.04591E1 1.58882E1 1.6487E1 1.61277E1 1.42914E1 1.43313E1 1.70858E1 1.63273E1 1.82236E1 2.0519E1 1.90619E1 2.62675E1 1.64471E1 1.54691E1 1.28343E1 1.13373E1 1.37525E1 1.36128E1 9.86028E0 3.41317E0 1.35729E0 6.78643E-1 2.37525E0 6.94611E0 1.29741E0 4.07186E0 2.19561E0 1.08383E1 1.48303E1 7.66467E0 8.38323E-1 7.38523E-1 4.43114E0 6.78643E-1 4.59082E-1 1.91617E0 1.79641E-1 5.18962E-1 7.58483E-1 7.78443E-1 3.59281E-1 3.59281E-1 1.49701E0 1.41717E0 1.49701E0 9.78044E-1 5.38922E-1 3.59281E-1 7.58483E-1 1.41717E0 8.98204E-1 8.98204E-1 8.38323E-1 7.18563E-1 6.78643E-1 5.98802E-1 6.18762E-1 7.18563E-1 6.18762E-1 -9999 -9999
3.25549E1 1.63074E1 1.88822E1 1.96008E1 1.96008E1 1.7485E1 1.57485E1 1.56886E1 1.51697E1 9.7006E0 1.37525E1 9.1018E0 1.08383E1 1.13373E1 1.42715E1 1.68064E1 1.66068E1 1.96008E1 2.43513E1 1.68064E1 1.44511E1 1.29341E1 1.12774E1 1.05389E1 1.05389E1 7.26547E0 7.18563E-1 5.58882E-1 5.98802E-1 2.37525E0 3.33333E0 9.18164E-1 9.18164E-1 1.55689E0 1.17764E1 1.28743E1 6.70659E0 7.18563E-1 3.39321E-1 5.18962E-1 1.99601E-1 1.79641E-1 1.39721E-1 1.79641E-1 3.79242E-1 9.58084E-1 1.01796E0 1.37725E0 1.41717E0 1.49701E0 1.27745E0 2.21557E0 7.78443E-1 4.79042E-1 3.99202E-1 8.18363E-1 1.41717E0 1.27745E0 1.03792E0 8.98204E-1 7.78443E-1 7.18563E-1 7.78443E-1 8.98204E-1 8.38323E-1 7.18563E-1 -9999 -9999
2.8024E1 1.12375E1 2.11178E1 1.78443E1 1.67265E1 1.37525E1 1.18563E1 1.02196E1 8.42315E0 7.00599E0 9.86028E0 5.50898E0 6.12774E0 6.52695E0 9.42116E0 1.28144E1 1.56886E1 1.93014E1 2.27745E1 2.20958E1 1.54291E1 1.00399E1 8.06387E0 8.30339E0 6.54691E0 7.58483E-1 5.58882E-1 1.11776E0 9.18164E-1 5.58882E-1 1.35729E0 1.37725E0 3.01397E0 1.91617E0 6.74651E0 7.02595E0 4.19162E-1 5.98802E-2 2.19561E-1 1.59681E-1 7.98403E-2 1.59681E-1 1.99601E-1 2.19561E-1 4.19162E-1 1.81637E0 3.15369E0 2.41517E0 2.03593E0 1.41717E0 1.33733E0 1.93613E0 1.29741E0 3.59281E-1 3.99202E-1 7.18563E-1 1.51697E0 1.49701E0 1.41717E0 8.98204E-1 1.03792E0 9.78044E-1 7.58483E-1 1.99601E-1 7.58483E-1 -9999 -9999 -9999
1.02994E1 1.42914E1 1.90818E1 1.68064E1 1.41517E1 1.13174E1 7.90419E0 5.66866E0 4.37126E0 -9999 -9999 -9999 2.65469E0 1.33733E0 5.88822E0 8.68263E0 1.15768E1 1.53693E1 1.77246E1 2.07984E1 1.58882E1 1.22754E1 1.28543E1 1.33932E1 1.1477E1 2.77445E0 1.37725E0 2.81437E0 9.18164E-1 3.19361E-1 5.58882E-1 8.58283E-1 1.13772E0 7.58483E-1 3.41317E0 3.59281E-1 1.79641E-1 1.39721E-1 1.59681E-1 2.79441E-1 4.39122E-1 3.39321E-1 7.58483E-1 8.18363E-1 1.61677E0 2.17565E0 2.69461E0 2.69461E0 2.03593E0 1.41717E0 1.27745E0 2.07585E0 9.18164E-1 9.18164E-1 1.1976E0 1.29741E0 1.1976E0 1.35729E0 1.33733E0 1.27745E0 1.41717E0 1.21756E0 5.58882E-1 -9999 -9999 -9999 -9999 -9999
1.48902E1 1.96008E1 1.63473E1 1.43713E1 -9999 -9999 -9999 -9999 -9999 -9999 -9999 -9999 -9999 4.79042E-1 5.98802E-1 3.33333E0 8.74251E0 1.2475E1 1.54691E1 2.0998E1 1.87226E1 1.80838E1 1.71457E1 1.56687E1 1.27745E1 7.68463E0 6.46707E0 5.5489E0 1.55689E0 4.19162E-1 9.18164E-1 5.78842E-1 6.78643E-1 3.19361E-1 8.38323E-1 7.78443E-1 1.79641E-1 3.99202E-2 2.79441E-1 5.38922E-1 9.58084E-1 1.33733E0 1.83633E0 2.21557E0 1.85629E0 2.31537E0 2.59481E0 2.03593E0 1.57685E0 1.41717E0 1.33733E0 1.27745E0 -9999 -9999 -9999 -9999 -9999 -9999 -9999 -9999 1.43713E0 -9999 -9999 -9999 -9999 -9999 -9999 -9999
1.36327E1 1.74052E1 1.64471E1 -9999 -9999 -9999 -9999 -9999 -9999 -9999 -9999 -9999 -9999 -9999 1.39721E-1 3.19361E-1 5.16966E0 9.82036E0 1.24351E1 1.46307E1 1.77046E1 2.0519E1 1.78842E1 1.55689E1 1.38124E1 1.16966E1 1.13174E1 1.11377E1 4.07186E0 2.93413E0 4.41118E0 1.37725E0 3.19361E-1 5.78842E-1 3.39321E-1 3.19361E-1 1.59681E-1 1.79641E-1 2.79441E-1 7.58483E-1 1.0978E0 1.27745E0 1.31737E0 1.73653E0 1.83633E0 2.13573E0 2.59481E0 3.23353E0 2.41517E0 1.49701E0 1.41717E0 -9999 -9999 -9999 -9999 -9999 -9999 -9999 -9999 -9999 -9999 -9999 -9999 -9999 -9999 -9999 -9999 -9999
1.50299E1 1.26347E1 7.38523E0 1.79641E1 -9999 -9999 -9999 -9999 -9999 -9999 -9999 -9999 -9999 -9999 -9999 6.18762E-1 1.55689E0 8.42315E0 1.12774E1 1.36128E1 1.501E1 1.81038E1 2.01996E1 1.79441E1 1.48104E1 1.40918E1 1.35529E1 1.15768E1 1.12974E1 7.94411E0 6.82635E0 3.43313E0 1.0978E0 3.79242E-1 2.79441E-1 1.79641E-1 5.98802E-2 1.1976E-1 3.79242E-1 8.18363E-1 8.18363E-1 1.11776E0 1.55689E0 1.59681E0 1.69661E0 1.75649E0 2.09581E0 2.61477E0 2.21557E0 1.33733E0 -9999 -9999 -9999 -9999 -9999 -9999 -9999 -9999 -9999 -9999 -9999 -9999 -9999 -9999 -9999 -9999 -9999 -9999
3.80838E1 3.68663E1 1.71856E1 1.2515E1 1.42914E1 -9999 -9999 -9999 -9999 -9999 -9999 -9999 -9999 -9999 -9999 1.83633E0 2.05589E0 3.47305E0 1.02395E1 1.28343E1 1.61078E1 1.65269E1 1.73054E1 1.82834E1 1.66667E1 1.6008E1 1.45509E1 1.22754E1 1.21357E1 1.16766E1 1.08583E1 8.14371E0 2.01597E0 2.19561E-1 1.59681E-1 5.98802E-2 5.98802E-2 3.19361E-1 5.78842E-1 7.58483E-1 1.35729E0 1.43713E0 1.69661E0 1.69661E0 1.83633E0 2.37525E0 2.35529E0 -9999 -9999 1.49701E0 -9999 -9999 -9999 -9999 -9999 -9999 -9999 -9999 -9999 -9999 -9999 -9999 -9999 -9999 -9999 -9999 -9999 -9999
3.1497E1 4.12176E1 3.08383E1 1.998E1 9.48104E0 -9999 -9999 -9999 -9999 -9999 -9999 -9999 -9999 -9999 -9999 2.45509E0 4.07186E0 5.18962E0 8.44311E0 1.32535E1 1.39321E1 1.35928E1 1.65269E1 1.9022E1 1.80838E1 1.61876E1 1.54691E1 1.31138E1 1.28343E1 1.18164E1 1.15768E1 1.06387E1 4.89022E0 1.01796E0 1.79641E-1 3.99202E-2 1.39721E-1 7.18563E-1 1.53693E0 1.47705E0 1.29741E0 1.75649E0 1.93613E0 2.31537E0 2.43513E0 3.01397E0 -9999 -9999 -9999 -9999 -9999 -9999 -9999 -9999 -9999 -9999 -9999 -9999 -9999 -9999 -9999 -9999 -9999 -9999 -9999 -9999 -9999 -9999
2.61477E1 4.01597E1 6.96607E0 1.65269E1 -9999 -9999 -9999 -9999 -9999 -9999 -9999 -9999 -9999 -9999 -9999 1.79641E0 1.61677E0 4.37126E0 1.10778E1 1.23952E1 1.42116E1 1.34132E1 1.43513E1 1.56886E1 1.69261E1 1.49102E1 1.41517E1 1.38922E1 1.05988E1 9.92016E0 5.98802E0 5.32934E0 3.41317E0 1.01796E0 1.39721E-1 1.59681E-1 7.18563E-1 1.37725E0 1.69661E0 2.33533E0 2.25549E0 1.69661E0 1.91617E0 2.59481E0 2.79441E0 3.17365E0 -9999 -9999 -9999 -9999 -9999 -9999 -9999 -9999 -9999 -9999 -9999 -9999 -9999 -9999 -9999 -9999 -9999 -9999 -9999 -9999 -9999 -9999
2.53693E1 -9999 -9999 -9999 -9999 -9999 -9999 -9999 -9999 -9999 -9999 -9999 -9999 -9999 -9999 2.25549E0 2.81437E0 4.39122E0 7.92415E0 1.13373E1 1.32136E1 1.37725E1 1.39321E1 1.41717E1 1.35928E1 1.44112E1 9.82036E0 1.24351E1 6.62675E0 2.59481E0 1.53693E0 1.87625E0 1.01796E0 3.79242E-1 1.99601E-1 2.79441E-1 5.78842E-1 1.49701E0 2.69461E0 3.77245E0 2.69461E0 2.23553E0 2.23553E0 2.41517E0 2.73453E0 3.05389E0 -9999 -9999 -9999 -9999 -9999 -9999 -9999 -9999 -9999 -9999 -9999 -9999 -9999 -9999 -9999 -9999 -9999 -9999 -9999 -9999 -9999 -9999
-9999 -9999 -9999 -9999 -9999 -9999 -9999 -9999 -9999 -9999 -9999 -9999 -9999 1.15768E0 1.81637E0 2.87425E0 3.97206E0 2.81437E0 1.95609E0 8.82236E0 1.22754E1 1.23154E1 1.18762E1 1.34731E1 1.39321E1 1.16367E1 2.01597E0 4.4511E0 1.55689E0 9.78044E-1 1.59681E-1 2.59481E-1 1.99601E-1 1.39721E-1 3.79242E-1 7.18563E-1 3.19361E-1 2.19561E-1 2.85429E0 3.21357E0 3.01397E0 3.25349E0 2.85429E0 2.97405E0 2.97405E0 -9999 -9999 -9999 -9999 -9999 -9999 -9999 -9999 -9999 -9999 -9999 -9999 -9999 -9999 -9999 -9999 -9999 -9999 -9999 -9999 -9999 -9999 -9999
