ENM/Final_Models/M_0.9_F_q_Set_1_E/Gustavia_santanderiensis_Choco_max.asc
ncols         367
nrows         963
xllcorner     -78.6
yllcorner     0.65
cellsize      0.00833333333333323
NODATA_value  -9999
[rows 680 to 713 of 963, columns 154 to 230 of 367]
1E0 1E0 1E0 1E0 1E0 1E0 1E0 1E0 1E0 1E0 1E0 1E0 1E0 1E0 1E0 1E0 1E0 1E0 1E0 1E0 1E0 1E0 1E0 9.99853E-1 7.3937E-1 7.26115E-1 7.06519E-1 3.36776E-1 1E0 1E0 1E0 1E0 9.95925E-1 1E0 1E0 9.99949E-1 1E0 1E0 1E0 9.98225E-1 9.91727E-1 3.71862E-1 1.47396E-1 6.05695E-2 4.36621E-3 2.35815E-3 3.38464E-4 5.26525E-4 6.81436E-4 7.15562E-3 2.51497E-3 5.43155E-3 1.74899E-3 6.06682E-3 7.30805E-3 4.01321E-3 2.41426E-3 5.42022E-4 9.09085E-5 4.28026E-4 2.03252E-3 3.91882E-3 -9999 -9999 -9999 -9999 -9999 -9999 -9999 -9999 -9999 -9999 -9999 -9999 -9999 -9999 -9999
1E0 1E0 1E0 1E0 1E0 1E0 1E0 1E0 1E0 1E0 1E0 1E0 1E0 1E0 1E0 1E0 1E0 1E0 1E0 1E0 1E0 1E0 1E0 1E0 1E0 1E0 1E0 1E0 1E0 1E0 1E0 1E0 1E0 1E0 1E0 1E0 1E0 1E0 9.99983E-1 9.99944E-1 9.32238E-1 9.3575E-1 2.06562E-1 2.54054E-2 5.7694E-2 3.00218E-3 2.37084E-4 1.2373E-4 5.68894E-4 2.98328E-3 2.43611E-3 1.69649E-3 1.97293E-3 1.63387E-3 1.37121E-3 4.17085E-4 1.54589E-4 1.04691E-4 1.63499E-4 7.15553E-4 3.39033E-3 2.64956E-2 -9999 -9999 -9999 -9999 -9999 -9999 -9999 -9999 -9999 -9999 -9999 -9999 -9999 -9999 -9999
1E0 1E0 1E0 1E0 1E0 1E0 1E0 1E0 1E0 1E0 1E0 1E0 1E0 1E0 1E0 1E0 9.99999E-1 1E0 1E0 1E0 1E0 1E0 1E0 1E0 1E0 1E0 1E0 9.68277E-1 1E0 1E0 1E0 9.96865E-1 9.9977E-1 1E0 1E0 1E0 1E0 1E0 1E0 9.99961E-1 9.92207E-1 4.43022E-1 2.48171E-2 1.04731E-2 4.28285E-3 8.60967E-3 2.40879E-4 1.24065E-4 6.5227E-4 3.62379E-3 6.95169E-4 4.03681E-4 3.1605E-4 1.26377E-3 9.52338E-4 1.75689E-4 1.76677E-4 2.72299E-4 3.3238E-4 4.53159E-4 5.67988E-3 1.32632E-2 -9999 -9999 -9999 -9999 -9999 -9999 -9999 -9999 -9999 -9999 -9999 -9999 -9999 -9999 -9999
1E0 1E0 1E0 1E0 1E0 1E0 1E0 1E0 1E0 1E0 1E0 1E0 1E0 1E0 1E0 1E0 1E0 1E0 1E0 1E0 1E0 1E0 1E0 1E0 1E0 1E0 1E0 9.9841E-1 9.65725E-1 9.98153E-1 1E0 9.64302E-1 9.92634E-1 1E0 1E0 1E0 1E0 1E0 9.99487E-1 9.99322E-1 9.975E-1 7.82215E-2 2.87624E-2 4.56961E-3 1.65566E-3 2.15728E-2 3.00507E-3 3.567E-3 1.64548E-2 5.01222E-3 2.19602E-3 6.84049E-4 2.28035E-4 2.56978E-4 2.89667E-4 2.17946E-4 6.23979E-4 8.07395E-4 1.02735E-3 4.07461E-4 7.69284E-4 2.92369E-3 -9999 -9999 -9999 -9999 -9999 -9999 -9999 -9999 -9999 -9999 -9999 -9999 -9999 -9999 -9999
1E0 1E0 1E0 1E0 1E0 1E0 1E0 1E0 1E0 1E0 1E0 1E0 1E0 1E0 1E0 1E0 1E0 9.99779E-1 1E0 1E0 1E0 1E0 1E0 1E0 1E0 1E0 1E0 1E0 9.85212E-1 9.98445E-1 9.99598E-1 9.75062E-1 9.99999E-1 1E0 1E0 1E0 9.91804E-1 8.45006E-1 8.20035E-1 1E0 4.76578E-1 3.11161E-2 2.89148E-2 7.41677E-3 3.43664E-3 2.26919E-2 8.76937E-3 2.9006E-2 3.13476E-2 1.28422E-2 8.23016E-3 1.32406E-3 2.21515E-4 1.39362E-4 1.33103E-4 1.65923E-4 2.7175E-4 3.20126E-4 1.40385E-3 5.95445E-3 9.13142E-4 1.92715E-3 -9999 -9999 -9999 -9999 -9999 -9999 -9999 -9999 -9999 -9999 -9999 -9999 -9999 -9999 -9999
1E0 1E0 1E0 1E0 1E0 1E0 1E0 1E0 1E0 1E0 1E0 1E0 1E0 1E0 1E0 1E0 1E0 1E0 1E0 1E0 1E0 1E0 1E0 1E0 1E0 1E0 1E0 1E0 1E0 1E0 9.99467E-1 1E0 1E0 1E0 1E0 1E0 1E0 9.86289E-1 9.7458E-1 9.94227E-1 5.02931E-1 2.02437E-2 1.17556E-2 3.89518E-3 7.25624E-3 5.99857E-2 4.69844E-2 6.13807E-2 2.99888E-2 2.09197E-2 8.85863E-3 2.50686E-3 3.09306E-4 1.12575E-4 1.39964E-4 1.55261E-4 1.74431E-4 1.64652E-4 5.67988E-4 2.5636E-3 4.22315E-3 -9999 -9999 -9999 -9999 -9999 -9999 -9999 -9999 -9999 -9999 -9999 -9999 -9999 -9999 -9999 -9999
1E0 1E0 1E0 1E0 1E0 1E0 1E0 1E0 1E0 1E0 1E0 1E0 1E0 1E0 1E0 1E0 1E0 1E0 1E0 9.99998E-1 1E0 1E0 1E0 1E0 1E0 1E0 1E0 1E0 1E0 1E0 9.99999E-1 1E0 1E0 1E0 1E0 1E0 1E0 9.99498E-1 9.75865E-1 9.38252E-1 4.76523E-1 2.70528E-2 4.57928E-3 5.73455E-3 1.37716E-2 6.83744E-2 5.02291E-2 9.79985E-3 1.42461E-3 8.48515E-4 5.94347E-4 2.78115E-4 9.14734E-5 3.19491E-4 3.92079E-4 5.17371E-4 1.4612E-3 2.59428E-4 1.82165E-4 4.34091E-4 1.56181E-3 -9999 -9999 -9999 -9999 -9999 -9999 -9999 -9999 -9999 -9999 -9999 -9999 -9999 -9999 -9999 -9999
1E0 1E0 1E0 1E0 1E0 1E0 1E0 1E0 1E0 1E0 1E0 1E0 1E0 1E0 1E0 1E0 1E0 1E0 1E0 1E0 1E0 1E0 1E0 1E0 1E0 1E0 1E0 1E0 1E0 1E0 1E0 1E0 1E0 1E0 1E0 9.89351E-1 9.64523E-1 9.98666E-1 9.55018E-1 8.41677E-1 4.64344E-1 9.44415E-2 6.12795E-3 3.22161E-2 5.93066E-2 3.50369E-2 1.86774E-2 1.18606E-3 4.88349E-4 4.18705E-4 3.94708E-4 9.09881E-5 2.33882E-4 3.29078E-4 3.01017E-4 2.87267E-3 6.01426E-3 1.0772E-3 9.25842E-4 8.82817E-4 -9999 -9999 -9999 -9999 -9999 -9999 -9999 -9999 -9999 -9999 -9999 -9999 -9999 -9999 -9999 -9999 -9999
1E0 1E0 1E0 1E0 1E0 1E0 1E0 1E0 1E0 1E0 1E0 1E0 1E0 1E0 1E0 1E0 1E0 1E0 1E0 1E0 1E0 1E0 1E0 1E0 1E0 1E0 1E0 1E0 1E0 1E0 1E0 1E0 1E0 1E0 1E0 8.52475E-1 7.3869E-1 4.31688E-1 3.90847E-1 6.45878E-1 3.23469E-1 7.17176E-2 7.05912E-3 1.05644E-2 2.19355E-2 1.51134E-2 1.01345E-2 5.36059E-3 8.88616E-3 2.40879E-3 2.87997E-4 1.8673E-4 4.3684E-4 7.08887E-4 1.58581E-3 2.19869E-3 4.52596E-3 6.66759E-3 4.32834E-3 3.6727E-3 -9999 -9999 -9999 -9999 -9999 -9999 -9999 -9999 -9999 -9999 -9999 -9999 -9999 -9999 -9999 -9999 -9999
1E0 1E0 1E0 1E0 1E0 1E0 1E0 1E0 1E0 1E0 1E0 1E0 1E0 1E0 1E0 1E0 1E0 1E0 1E0 1E0 1E0 1E0 1E0 1E0 1E0 1E0 1E0 1E0 1E0 1E0 1E0 1E0 1E0 9.99996E-1 5.36641E-1 9.52715E-1 6.67742E-1 5.69882E-1 4.17784E-1 3.18081E-1 2.405E-1 1.7462E-1 7.36093E-3 1.87773E-3 5.7218E-3 2.95588E-2 6.28451E-2 4.4542E-2 2.20459E-2 6.17837E-3 4.53082E-4 5.40783E-4 2.06661E-4 5.90825E-4 6.9331E-4 8.63401E-4 3.57689E-3 5.2333E-3 3.536E-3 -9999 -9999 -9999 -9999 -9999 -9999 -9999 -9999 -9999 -9999 -9999 -9999 -9999 -9999 -9999 -9999 -9999 -9999
1E0 1E0 1E0 1E0 1E0 1E0 1E0 1E0 1E0 1E0 1E0 1E0 1E0 1E0 1E0 1E0 1E0 1E0 1E0 1E0 1E0 9.99996E-1 9.68085E-1 9.99914E-1 1E0 1E0 1E0 1E0 1E0 1E0 9.98094E-1 9.82769E-1 9.14623E-1 8.81235E-1 8.61304E-1 9.97059E-1 9.8458E-1 9.16254E-1 4.74985E-1 7.47506E-1 3.84296E-1 1.9929E-1 3.11024E-2 1.35556E-3 1.79661E-3 1.04952E-3 2.34931E-2 7.56335E-2 3.0705E-2 1.58955E-2 8.21558E-4 5.05875E-4 3.69509E-4 3.56698E-4 3.04974E-3 3.70894E-3 4.27078E-4 1.07287E-3 7.27059E-3 -9999 -9999 -9999 -9999 -9999 -9999 -9999 -9999 -9999 -9999 -9999 -9999 -9999 -9999 -9999 -9999 -9999 -9999
1E0 -9999 1E0 1E0 -9999 1E0 1E0 1E0 1E0 1E0 1E0 1E0 1E0 1E0 1E0 1E0 1E0 1E0 1E0 1E0 1E0 9.99997E-1 9.99671E-1 9.94766E-1 1E0 1E0 1E0 1E0 1E0 1E0 9.34484E-1 8.92077E-1 9.90557E-1 8.1058E-1 9.97425E-1 9.92586E-1 9.66501E-1 8.38958E-1 8.59542E-1 8.92272E-1 7.56837E-1 3.74504E-1 3.2785E-1 1.01292E-1 2.0598E-3 1.26556E-3 1.6026E-2 8.44202E-2 2.67338E-2 1.17134E-2 7.83836E-4 5.43662E-4 3.36707E-4 3.55162E-4 8.16566E-3 4.90577E-3 9.27947E-4 6.86613E-3 -9999 -9999 -9999 -9999 -9999 -9999 -9999 -9999 -9999 -9999 -9999 -9999 -9999 -9999 -9999 -9999 -9999 -9999 -9999
1E0 1E0 1E0 1E0 1E0 1E0 1E0 1E0 1E0 1E0 1E0 1E0 1E0 1E0 1E0 1E0 1E0 1E0 1E0 1E0 1E0 1E0 1E0 9.99998E-1 1E0 1E0 1E0 1E0 9.99851E-1 1E0 9.99991E-1 9.95174E-1 9.08593E-1 9.89443E-1 9.99892E-1 9.99603E-1 9.98786E-1 9.99575E-1 9.99465E-1 9.47167E-1 6.24482E-1 3.67349E-1 5.3441E-1 4.33753E-1 3.27138E-2 3.99225E-3 5.5941E-2 6.2252E-2 6.96036E-2 2.38575E-2 8.69528E-4 5.57378E-4 1.4852E-4 7.74142E-4 5.86069E-3 2.39945E-3 3.72731E-3 1.61894E-3 -9999 -9999 -9999 -9999 -9999 -9999 -9999 -9999 -9999 -9999 -9999 -9999 -9999 -9999 -9999 -9999 -9999 -9999 -9999
1E0 1E0 1E0 1E0 1E0 1E0 1E0 1E0 1E0 1E0 1E0 1E0 1E0 1E0 1E0 1E0 1E0 1E0 1E0 1E0 1E0 1E0 1E0 1E0 1E0 1E0 1E0 1E0 1E0 9.98644E-1 9.62473E-1 9.915E-1 8.07088E-1 9.77201E-1 9.84263E-1 9.4344E-1 9.8236E-1 9.99109E-1 9.83416E-1 9.0863E-1 4.00059E-1 7.09705E-1 9.90985E-1 8.61425E-1 2.35896E-1 1.40281E-1 5.50133E-2 1.69339E-2 1.30119E-2 3.49736E-3 8.32117E-4 2.88231E-4 1.90204E-4 7.73658E-4 2.58199E-3 4.27419E-3 2.0509E-3 -9999 -9999 -9999 -9999 -9999 -9999 -9999 -9999 -9999 -9999 -9999 -9999 -9999 -9999 -9999 -9999 -9999 -9999 -9999 -9999
1E0 1E0 1E0 1E0 1E0 -9999 1E0 1E0 1E0 1E0 1E0 1E0 1E0 1E0 1E0 1E0 1E0 1E0 1E0 1E0 1E0 1E0 1E0 1E0 1E0 1E0 1E0 1E0 1E0 9.91902E-1 9.55765E-1 9.99999E-1 1E0 1E0 1E0 1E0 1E0 9.99999E-1 8.04997E-1 8.84248E-1 9.85006E-1 9.45947E-1 7.13845E-1 7.36719E-2 5.90114E-3 4.00853E-2 1.88306E-2 9.20866E-3 7.70932E-3 3.74764E-4 3.19955E-4 8.7187E-5 1.04671E-4 1.19918E-3 5.7572E-3 3.09687E-3 1.94593E-3 -9999 -9999 -9999 -9999 -9999 -9999 -9999 -9999 -9999 -9999 -9999 -9999 -9999 -9999 -9999 -9999 -9999 -9999 -9999 -9999
1E0 1E0 1E0 1E0 1E0 1E0 1E0 1E0 1E0 1E0 1E0 1E0 1E0 1E0 1E0 1E0 1E0 1E0 1E0 1E0 1E0 1E0 1E0 9.99999E-1 9.98903E-1 1E0 1E0 1E0 1E0 8.9853E-1 7.26937E-1 9.83079E-1 1E0 1E0 1E0 1E0 1E0 1E0 1E0 9.99931E-1 9.00402E-1 7.88158E-1 1.36102E-1 3.91379E-2 2.08574E-3 7.4236E-3 7.43668E-3 2.02667E-3 3.05293E-4 2.74972E-4 4.25899E-4 2.58793E-4 3.94246E-4 3.32484E-3 4.45994E-3 3.25231E-3 -9999 -9999 -9999 -9999 -9999 -9999 -9999 -9999 -9999 -9999 -9999 -9999 -9999 -9999 -9999 -9999 -9999 -9999 -9999 -9999 -9999
1E0 1E0 1E0 1E0 1E0 1E0 1E0 1E0 1E0 1E0 1E0 1E0 1E0 1E0 1E0 1E0 1E0 1E0 1E0 1E0 1E0 1E0 1E0 9.99999E-1 1E0 1E0 1E0 1E0 1E0 6.94478E-1 6.40613E-1 8.7075E-1 1E0 1E0 1E0 1E0 1E0 1E0 1E0 9.05761E-1 2.19751E-1 2.02822E-1 7.69115E-2 4.67159E-3 1.08133E-3 1.05811E-3 3.0821E-3 7.98552E-4 2.8919E-4 4.16176E-4 1.71757E-4 4.22155E-4 5.76125E-4 7.15142E-4 2.47668E-3 3.79006E-3 -9999 -9999 -9999 -9999 -9999 -9999 -9999 -9999 -9999 -9999 -9999 -9999 -9999 -9999 -9999 -9999 -9999 -9999 -9999 -9999 -9999
1E0 1E0 1E0 1E0 1E0 1E0 1E0 1E0 1E0 1E0 1E0 1E0 1E0 1E0 1E0 1E0 1E0 1E0 1E0 1E0 1E0 1E0 1E0 1E0 1E0 1E0 1E0 1E0 1E0 9.99322E-1 7.96284E-1 8.14914E-1 9.99338E-1 9.95193E-1 9.9811E-1 9.99234E-1 9.72007E-1 1E0 1E0 8.14765E-1 1.18177E-1 4.47863E-1 2.70473E-1 1.66535E-2 1.11604E-3 4.844E-3 5.80573E-2 7.95129E-3 3.42958E-4 2.5218E-4 6.22818E-5 1.04713E-3 1.89356E-3 4.58458E-3 4.02587E-3 -9999 -9999 -9999 -9999 -9999 -9999 -9999 -9999 -9999 -9999 -9999 -9999 -9999 -9999 -9999 -9999 -9999 -9999 -9999 -9999 -9999 -9999
1E0 1E0 1E0 1E0 1E0 1E0 1E0 1E0 1E0 1E0 -9999 1E0 1E0 1E0 1E0 1E0 1E0 1E0 1E0 1E0 1E0 1E0 1E0 1E0 9.99999E-1 1E0 1E0 1E0 1E0 9.96892E-1 9.99994E-1 9.9987E-1 9.99764E-1 9.98625E-1 9.83375E-1 9.99179E-1 9.89293E-1 9.77069E-1 5.33127E-1 2.65264E-1 2.62999E-1 2.0487E-1 2.58634E-1 3.52171E-2 1.07912E-3 2.5113E-2 1.05404E-1 1.15801E-2 5.50779E-4 2.45754E-4 1.25348E-4 6.88589E-4 2.47774E-3 9.96561E-3 1.47189E-2 -9999 -9999 -9999 -9999 -9999 -9999 -9999 -9999 -9999 -9999 -9999 -9999 -9999 -9999 -9999 -9999 -9999 -9999 -9999 -9999 -9999 -9999
1E0 1E0 1E0 1E0 1E0 1E0 1E0 1E0 1E0 1E0 1E0 -9999 1E0 1E0 1E0 1E0 1E0 1E0 1E0 1E0 1E0 1E0 1E0 1E0 1E0 9.77485E-1 1E0 1E0 1E0 1E0 9.94298E-1 8.86541E-1 9.95895E-1 9.99939E-1 9.99608E-1 9.99802E-1 9.58862E-1 7.65976E-1 6.4644E-1 5.58308E-1 4.9127E-1 3.65379E-1 3.87349E-1 1.13936E-2 6.90284E-4 4.25654E-3 1.83536E-2 3.84724E-3 1.92476E-4 1.25312E-4 3.88192E-4 2.52415E-4 3.58929E-4 4.14567E-3 -9999 -9999 -9999 -9999 -9999 -9999 -9999 -9999 -9999 -9999 -9999 -9999 -9999 -9999 -9999 -9999 -9999 -9999 -9999 -9999 -9999 -9999 -9999
1E0 1E0 1E0 1E0 1E0 1E0 1E0 1E0 1E0 1E0 -9999 1E0 1E0 1E0 1E0 1E0 1E0 1E0 1E0 1E0 1E0 9.9923E-1 1E0 1E0 1E0 1E0 1E0 1E0 1E0 1E0 1E0 9.30561E-1 9.99015E-1 9.9991E-1 9.99447E-1 9.99794E-1 9.93721E-1 6.93243E-1 3.97411E-1 4.1584E-1 4.7306E-1 4.30053E-1 2.22489E-1 3.73071E-3 8.22768E-4 1.9153E-3 1.05478E-3 2.59503E-4 2.19107E-4 2.79498E-4 3.77272E-4 2.8345E-4 3.53509E-4 -9999 -9999 -9999 -9999 -9999 -9999 -9999 -9999 -9999 -9999 -9999 -9999 -9999 -9999 -9999 -9999 -9999 -9999 -9999 -9999 -9999 -9999 -9999 -9999
1E0 1E0 1E0 1E0 1E0 1E0 1E0 1E0 1E0 1E0 1E0 1E0 1E0 1E0 1E0 1E0 1E0 1E0 1E0 1E0 1E0 1E0 1E0 9.84397E-1 1E0 1E0 1E0 1E0 1E0 1E0 1E0 9.99995E-1 9.99283E-1 9.99437E-1 9.98901E-1 9.99134E-1 9.8172E-1 7.44882E-1 3.76717E-1 3.84388E-1 9.79498E-1 5.80187E-1 4.0268E-2 2.08889E-3 1.31172E-2 7.19446E-3 1.74762E-3 3.12014E-4 3.00006E-5 4.3415E-4 1.17008E-3 3.08651E-3 1.14373E-3 -9999 -9999 -9999 -9999 -9999 -9999 -9999 -9999 -9999 -9999 -9999 -9999 -9999 -9999 -9999 -9999 -9999 -9999 -9999 -9999 -9999 -9999 -9999 -9999
1E0 1E0 1E0 1E0 1E0 1E0 1E0 1E0 1E0 1E0 1E0 1E0 1E0 1E0 1E0 1E0 1E0 1E0 1E0 1E0 1E0 9.99985E-1 9.99991E-1 1E0 9.99997E-1 1E0 1E0 1E0 1E0 1E0 1E0 1E0 9.99988E-1 9.97867E-1 9.93538E-1 9.93396E-1 7.83082E-1 4.36181E-1 2.41293E-1 3.70396E-1 9.77009E-1 3.22272E-1 1.73776E-2 1.13866E-3 1.24965E-3 1.07129E-3 3.74641E-4 1.69312E-4 2.38413E-4 1.7698E-4 1.60174E-3 1.3365E-3 -9999 -9999 -9999 -9999 -9999 -9999 -9999 -9999 -9999 -9999 -9999 -9999 -9999 -9999 -9999 -9999 -9999 -9999 -9999 -9999 -9999 -9999 -9999 -9999 -9999
1E0 1E0 1E0 1E0 1E0 1E0 1E0 1E0 1E0 1E0 1E0 1E0 1E0 1E0 1E0 1E0 1E0 1E0 1E0 1E0 9.99738E-1 9.99999E-1 1E0 1E0 1E0 1E0 1E0 1E0 1E0 9.99996E-1 1E0 1E0 1E0 9.99973E-1 9.61986E-1 9.82388E-1 3.52667E-1 1.33982E-1 1.00974E-1 2.07047E-1 3.59369E-1 2.53504E-1 9.37439E-3 2.76359E-3 4.38429E-3 2.98823E-3 4.43193E-4 3.77916E-4 1.41423E-4 2.55028E-4 2.68821E-4 7.43667E-4 -9999 -9999 -9999 -9999 -9999 -9999 -9999 -9999 -9999 -9999 -9999 -9999 -9999 -9999 -9999 -9999 -9999 -9999 -9999 -9999 -9999 -9999 -9999 -9999 -9999
1E0 1E0 1E0 1E0 1E0 1E0 1E0 1E0 1E0 1E0 1E0 1E0 1E0 1E0 1E0 1E0 1E0 1E0 1E0 1E0 1E0 1E0 1E0 1E0 1E0 1E0 9.99997E-1 9.99996E-1 1E0 9.99998E-1 1E0 1E0 1E0 1E0 8.55461E-1 6.75257E-1 5.89665E-1 1.37079E-1 6.14277E-2 5.52192E-2 8.78457E-2 2.9612E-1 4.17366E-2 5.96092E-3 4.54177E-3 7.86719E-3 2.35038E-3 2.47555E-4 4.29299E-4 2.32143E-3 1.55185E-3 3.41754E-3 -9999 -9999 -9999 -9999 -9999 -9999 -9999 -9999 -9999 -9999 -9999 -9999 -9999 -9999 -9999 -9999 -9999 -9999 -9999 -9999 -9999 -9999 -9999 -9999 -9999
1E0 1E0 1E0 1E0 1E0 1E0 1E0 1E0 1E0 1E0 1E0 1E0 1E0 1E0 1E0 1E0 1E0 1E0 1E0 1E0 1E0 1E0 1E0 1E0 1E0 1E0 9.97002E-1 9.99919E-1 1E0 9.99898E-1 1E0 1E0 1E0 1E0 9.3999E-1 6.12954E-1 6.15819E-1 2.76596E-1 7.3554E-2 2.84297E-2 8.90615E-3 6.31208E-2 8.50627E-2 2.67189E-2 1.22687E-3 6.48554E-4 6.59059E-4 3.90694E-4 1.06786E-3 8.01262E-3 7.91927E-3 -9999 -9999 -9999 -9999 -9999 -9999 -9999 -9999 -9999 -9999 -9999 -9999 -9999 -9999 -9999 -9999 -9999 -9999 -9999 -9999 -9999 -9999 -9999 -9999 -9999 -9999
1E0 1E0 1E0 1E0 1E0 1E0 1E0 1E0 1E0 1E0 1E0 1E0 1E0 1E0 1E0 1E0 1E0 1E0 1E0 1E0 1E0 1E0 1E0 9.99998E-1 1E0 9.90481E-1 9.99956E-1 1E0 1E0 1E0 1E0 1E0 1E0 1E0 9.9999E-1 9.99999E-1 9.71367E-1 3.9879E-1 1.10408E-2 7.858E-3 6.86425E-3 5.14969E-3 1.73016E-2 2.04042E-2 2.7427E-3 3.06256E-4 3.8702E-4 5.65995E-3 7.99295E-3 5.38924E-3 6.65579E-3 -9999 -9999 -9999 -9999 -9999 -9999 -9999 -9999 -9999 -9999 -9999 -9999 -9999 -9999 -9999 -9999 -9999 -9999 -9999 -9999 -9999 -9999 -9999 -9999 -9999 -9999
1E0 1E0 1E0 1E0 1E0 1E0 1E0 1E0 1E0 1E0 1E0 1E0 1E0 1E0 1E0 1E0 9.99999E-1 1E0 1E0 1E0 1E0 1E0 9.96085E-1 9.98525E-1 9.99491E-1 9.94462E-1 1E0 1E0 1E0 1E0 1E0 1E0 1E0 1E0 9.99995E-1 7.94209E-1 7.68804E-1 6.60978E-1 2.87217E-1 2.58133E-1 9.70483E-2 4.28232E-3 2.46324E-3 1.81006E-2 2.09953E-3 4.7052E-4 1.01628E-3 1.11688E-2 3.32503E-2 6.6135E-3 1.68239E-2 -9999 -9999 -9999 -9999 -9999 -9999 -9999 -9999 -9999 -9999 -9999 -9999 -9999 -9999 -9999 -9999 -9999 -9999 -9999 -9999 -9999 -9999 -9999 -9999 -9999 -9999
1E0 1E0 1E0 1E0 1E0 1E0 1E0 1E0 1E0 1E0 1E0 1E0 1E0 1E0 1E0 9.99999E-1 1E0 9.99999E-1 1E0 9.99795E-1 1E0 1E0 1E0 9.99858E-1 7.76292E-1 8.43998E-1 9.97373E-1 9.99737E-1 9.99324E-1 1E0 1E0 1E0 1E0 1E0 1E0 9.73521E-1 3.94296E-1 9.99935E-1 9.99894E-1 9.74969E-1 3.41123E-1 6.88428E-3 1.59912E-3 4.25855E-4 2.15619E-4 4.1725E-4 6.79083E-3 2.14065E-2 1.01486E-2 3.94833E-2 4.00949E-2 -9999 -9999 -9999 -9999 -9999 -9999 -9999 -9999 -9999 -9999 -9999 -9999 -9999 -9999 -9999 -9999 -9999 -9999 -9999 -9999 -9999 -9999 -9999 -9999 -9999 -9999
1E0 1E0 1E0 1E0 1E0 1E0 1E0 1E0 1E0 1E0 1E0 1E0 1E0 1E0 1E0 9.99811E-1 9.55308E-1 6.7121E-1 9.60292E-1 9.99992E-1 1E0 1E0 1E0 1E0 5.95075E-1 6.42533E-1 7.46591E-1 9.98929E-1 9.04998E-1 1E0 1E0 1E0 1E0 9.98351E-1 9.33981E-1 7.28493E-1 2.39393E-1 4.63388E-1 5.52415E-1 2.17659E-1 5.85895E-2 1.72005E-2 2.14678E-2 8.7878E-4 5.07487E-4 4.25206E-3 5.61134E-3 1.00122E-2 3.76622E-2 6.45588E-2 4.82277E-2 -9999 -9999 -9999 -9999 -9999 -9999 -9999 -9999 -9999 -9999 -9999 -9999 -9999 -9999 -9999 -9999 -9999 -9999 -9999 -9999 -9999 -9999 -9999 -9999 -9999 -9999
1E0 1E0 1E0 1E0 1E0 1E0 1E0 1E0 1E0 1E0 1E0 1E0 1E0 1E0 1E0 1E0 1E0 9.97462E-1 1E0 1E0 1E0 1E0 1E0 1E0 9.94404E-1 8.22024E-1 8.46624E-1 9.3043E-1 9.8711E-1 9.74844E-1 9.99935E-1 9.99963E-1 9.99957E-1 5.34583E-1 3.88566E-1 3.60483E-1 3.62756E-1 1.59311E-1 3.07653E-1 1.71798E-1 7.48541E-2 1.06978E-1 2.30627E-2 2.73583E-3 2.3851E-3 1.96923E-2 1.36239E-2 1.68494E-2 2.08404E-2 6.33737E-2 3.86556E-2 -9999 -9999 -9999 -9999 -9999 -9999 -9999 -9999 -9999 -9999 -9999 -9999 -9999 -9999 -9999 -9999 -9999 -9999 -9999 -9999 -9999 -9999 -9999 -9999 -9999 -9999
1E0 1E0 1E0 1E0 1E0 1E0 1E0 1E0 1E0 1E0 1E0 1E0 9.99933E-1 1E0 1E0 1E0 1E0 1E0 1E0 1E0 1E0 1E0 1E0 9.99751E-1 1E0 1E0 1E0 7.43065E-1 7.24931E-1 8.30259E-1 7.52388E-1 8.88111E-1 1E0 9.9425E-1 5.66091E-1 2.44534E-1 1.9089E-1 2.32938E-1 3.48897E-1 1.82165E-1 1.82538E-1 4.73157E-2 2.13136E-2 2.55474E-3 1.31859E-3 3.5116E-2 3.79262E-2 4.80661E-2 5.7488E-2 4.79228E-2 3.98431E-2 -9999 -9999 -9999 -9999 -9999 -9999 -9999 -9999 -9999 -9999 -9999 -9999 -9999 -9999 -9999 -9999 -9999 -9999 -9999 -9999 -9999 -9999 -9999 -9999 -9999 -9999
1E0 1E0 1E0 1E0 1E0 1E0 1E0 1E0 1E0 1E0 1E0 9.96725E-1 9.00653E-1 9.99898E-1 1E0 1E0 1E0 1E0 1E0 1E0 1E0 1E0 1E0 9.82695E-1 9.99998E-1 1E0 1E0 9.31135E-1 8.91649E-1 8.04829E-1 9.95202E-1 8.8971E-1 1E0 9.9997E-1 9.86224E-1 9.60727E-1 8.95397E-2 1.28332E-2 5.71678E-2 2.56854E-1 1.61835E-1 5.1982E-2 6.59893E-3 4.38216E-3 1.44339E-2 1.41376E-2 2.47592E-2 7.26089E-2 1.07003E-1 8.67843E-3 6.8375E-3 -9999 -9999 -9999 -9999 -9999 -9999 -9999 -9999 -9999 -9999 -9999 -9999 -9999 -9999 -9999 -9999 -9999 -9999 -9999 -9999 -9999 -9999 -9999 -9999 -9999 -9999
1E0 1E0 1E0 1E0 1E0 1E0 1E0 1E0 1E0 1E0 1E0 9.99207E-1 9.88905E-1 9.89387E-1 1E0 1E0 1E0 1E0 1E0 1E0 1E0 1E0 1E0 9.99971E-1 1E0 1E0 1E0 1E0 9.9987E-1 1E0 1E0 9.99953E-1 9.99993E-1 9.41882E-1 8.9929E-1 1.32444E-1 4.71532E-2 1.48265E-2 6.19569E-3 8.4365E-3 8.58926E-3 1.23366E-2 3.78784E-3 1.44559E-2 2.0505E-2 3.65317E-2 7.14412E-2 1.41837E-1 4.13946E-2 3.57523E-3 1.20097E-3 -9999 -9999 -9999 -9999 -9999 -9999 -9999 -9999 -9999 -9999 -9999 -9999 -9999 -9999 -9999 -9999 -9999 -9999 -9999 -9999 -9999 -9999 -9999 -9999 -9999 -9999
