ENM/Final_Models/M_0.9_F_q_Set_1_E/Gustavia_santanderiensis_2_Choco.asc
ncols         367
nrows         963
xllcorner     -78.6
yllcorner     0.65
cellsize      0.00833333333333323
NODATA_value  -9999
[rows 272 to 305 of 963, columns 228 to 303 of 367]
1E0 1E0 1E0 1E0 1E0 1E0 1E0 1E0 1E0 1E0 1E0 1E0 1E0 1E0 9.99999E-1 7.03386E-1 1.3138E-2 2.4542E-2 9.7437E-2 4.37728E-2 9.53222E-2 3.90694E-2 3.83557E-1 1E0 9.98492E-1 9.99757E-1 8.60439E-1 9.18599E-1 8.97099E-1 8.82438E-1 7.81759E-1 5.58765E-1 7.45132E-1 8.18784E-1 9.2033E-1 6.35618E-1 9.34514E-1 8.92994E-1 9.85671E-1 9.99382E-1 9.99241E-1 9.99985E-1 9.98755E-1 9.96976E-1 9.78425E-1 5.87727E-1 3.0204E-1 6.38674E-1 6.77376E-1 5.69395E-1 2.9122E-3 3.46738E-3 2.05023E-2 6.80841E-3 7.94974E-3 1.27739E-2 8.68391E-3 8.24849E-3 4.39582E-3 1.79055E-3 7.841E-4 1.09355E-3 1.56371E-4 9.35214E-5 3.27136E-5 2.02329E-5 8.46251E-5 7.40249E-6 3.08406E-7 -9999 -9999 -9999 -9999 -9999 -9999 -9999
1E0 1E0 1E0 1E0 1E0 1E0 1E0 1E0 1E0 1E0 1E0 1E0 1E0 1E0 1E0 7.09376E-1 1.20246E-2 1.69646E-2 1.17771E-1 3.25311E-2 2.6605E-2 5.14135E-2 1.48462E-1 9.99996E-1 9.99979E-1 1E0 9.77638E-1 7.63818E-1 8.67383E-1 9.83797E-1 8.1578E-1 6.13379E-1 7.79616E-1 9.83348E-1 9.99995E-1 9.62054E-1 8.34907E-1 9.95729E-1 9.29052E-1 9.91912E-1 9.93351E-1 9.99994E-1 9.99788E-1 9.95841E-1 9.93923E-1 6.86507E-1 6.24705E-1 3.81548E-1 1.79593E-1 2.32599E-1 1.96375E-3 1.35619E-3 8.43709E-3 1.44604E-2 1.98791E-2 5.88126E-3 2.15313E-3 1.15803E-3 2.16472E-3 2.64146E-3 1.43056E-3 1.35585E-3 2.21498E-4 7.52449E-5 3.17906E-5 4.50189E-5 3.87744E-5 4.48962E-5 1.98402E-6 -9999 -9999 -9999 -9999 -9999 -9999 -9999
1E0 1E0 1E0 1E0 1E0 1E0 1E0 1E0 1E0 1E0 1E0 1E0 1E0 1E0 1E0 7.83691E-1 7.69386E-2 1.8195E-2 1.27367E-1 2.25519E-1 4.22396E-2 1.85008E-1 1.39451E-1 8.19109E-1 1E0 9.99988E-1 9.90551E-1 7.91794E-1 9.32964E-1 9.4512E-1 6.81906E-1 6.49561E-1 8.23408E-1 9.96582E-1 9.99491E-1 9.99865E-1 9.80977E-1 9.70336E-1 9.71655E-1 9.81848E-1 9.82659E-1 9.65237E-1 9.99268E-1 9.97627E-1 9.95104E-1 9.16462E-1 4.69774E-1 3.38123E-1 2.16528E-1 1.73796E-1 1.37825E-3 1.60521E-4 3.00263E-3 1.06494E-2 2.44057E-2 1.78694E-2 6.44722E-3 1.28007E-3 7.57766E-4 1.05098E-3 3.02077E-4 3.17022E-4 2.93772E-4 1.91294E-4 4.89217E-5 1.89211E-4 2.45459E-4 6.95547E-5 1.62576E-5 4.57167E-5 -9999 -9999 -9999 -9999 -9999 -9999
1E0 1E0 1E0 1E0 1E0 1E0 1E0 1E0 1E0 1E0 1E0 1E0 1E0 1E0 1E0 9.39384E-1 1.97009E-1 4.79148E-2 2.98859E-2 1.36726E-1 1.12778E-1 9.79888E-2 2.38427E-1 5.54442E-1 9.99191E-1 9.98412E-1 9.65425E-1 9.18879E-1 8.97507E-1 9.36311E-1 9.71455E-1 7.55918E-1 8.06251E-1 9.9998E-1 9.9438E-1 9.25385E-1 9.90519E-1 9.92046E-1 6.99134E-1 8.56352E-1 6.90498E-1 9.83452E-1 9.98408E-1 9.97009E-1 9.99979E-1 8.65307E-1 3.80436E-1 2.01843E-1 2.24606E-1 2.35897E-1 9.25336E-4 1.56808E-4 1.15128E-3 1.70636E-3 5.36468E-3 8.90462E-3 1.0577E-3 2.71386E-3 2.55251E-3 1.3079E-3 1.98758E-4 3.61415E-4 1.62452E-4 3.97005E-4 9.07499E-5 1.68512E-4 1.16752E-4 1.23747E-5 9.27583E-6 8.95796E-6 -9999 -9999 -9999 -9999 -9999 -9999
1E0 1E0 1E0 1E0 1E0 1E0 1E0 1E0 1E0 1E0 1E0 1E0 1E0 1E0 1E0 9.99278E-1 3.82495E-1 3.81886E-2 3.97234E-2 1.54911E-1 9.11695E-2 7.64954E-2 1.20027E-1 5.44314E-1 9.97747E-1 9.99348E-1 9.99994E-1 9.18554E-1 8.61114E-1 9.72005E-1 9.99463E-1 9.01869E-1 9.58701E-1 9.99958E-1 9.66095E-1 6.34761E-1 9.46548E-1 9.99904E-1 9.93517E-1 9.5638E-1 8.84955E-1 6.75881E-1 9.99981E-1 9.98935E-1 9.99579E-1 9.84961E-1 4.38131E-1 2.50318E-1 1.58527E-1 4.39008E-2 6.33494E-5 3.6048E-5 2.93645E-3 3.24072E-3 1.97766E-3 2.61113E-3 1.11838E-2 1.90258E-3 3.25119E-4 1.09362E-3 5.78869E-4 1.05656E-3 5.25543E-4 2.22139E-4 2.48728E-4 2.00204E-4 3.40339E-4 9.75758E-6 1.77102E-5 2.58414E-5 3.41354E-5 -9999 -9999 -9999 -9999 -9999
1E0 1E0 1E0 1E0 1E0 1E0 1E0 1E0 1E0 1E0 1E0 1E0 1E0 1E0 1E0 1E0 3.69759E-1 8.01251E-2 1.42466E-1 1.8176E-1 1.18203E-1 4.21475E-2 1.66695E-1 3.4497E-1 1E0 9.98663E-1 9.99996E-1 8.24914E-1 8.01746E-1 9.6926E-1 9.82145E-1 9.70075E-1 8.19927E-1 9.99397E-1 9.88361E-1 8.46077E-1 9.99464E-1 9.99786E-1 9.96035E-1 8.31048E-1 9.27515E-1 5.23716E-1 9.99578E-1 9.48584E-1 7.67621E-1 2.94942E-1 4.84615E-1 1.86705E-1 1.07882E-1 4.75903E-4 8.73866E-4 2.11665E-4 2.05562E-4 4.35957E-4 1.08752E-3 3.89071E-4 9.23075E-3 1.22576E-3 6.87636E-4 3.3665E-4 1.00413E-3 1.59886E-4 5.80862E-4 9.04238E-4 4.15633E-4 8.95712E-5 9.38385E-5 1.4067E-4 4.57058E-5 3.02639E-5 2.57553E-5 2.82657E-5 -9999 -9999 -9999 -9999
1E0 1E0 1E0 1E0 1E0 1E0 1E0 1E0 1E0 1E0 1E0 1E0 1E0 1E0 1E0 1E0 4.86222E-1 7.96854E-2 1.16136E-1 7.47321E-2 6.57017E-2 3.70041E-2 4.62282E-2 2.72542E-1 1E0 9.99991E-1 9.99058E-1 9.47896E-1 8.68897E-1 9.35018E-1 9.69057E-1 9.98689E-1 9.60745E-1 9.87825E-1 9.39409E-1 9.0083E-1 9.99502E-1 1E0 9.99996E-1 9.98126E-1 9.78344E-1 9.58355E-1 9.53026E-1 9.42033E-1 9.96719E-1 3.61701E-1 9.37298E-2 5.1448E-2 9.70104E-2 9.01186E-4 3.26643E-4 3.96647E-4 7.62142E-4 1.99418E-4 5.52597E-4 1.62079E-4 2.56813E-3 3.3144E-3 9.08589E-4 4.61689E-4 7.79032E-4 1.89746E-4 5.98242E-4 3.56035E-4 3.89091E-4 3.26507E-4 2.14333E-4 2.10714E-4 4.74742E-5 8.45749E-5 2.22858E-5 2.74559E-5 1.46124E-5 -9999 -9999 -9999
1E0 1E0 1E0 1E0 1E0 1E0 1E0 1E0 1E0 1E0 1E0 1E0 1E0 1E0 1E0 1E0 9.73658E-1 5.60375E-1 3.74782E-1 5.68935E-2 3.08456E-2 2.80945E-2 1.72621E-2 2.3405E-1 9.99122E-1 9.99285E-1 9.91192E-1 9.73371E-1 8.09245E-1 8.24751E-1 9.85866E-1 9.90507E-1 9.22279E-1 9.98452E-1 8.4061E-1 9.95995E-1 9.99992E-1 1E0 9.99999E-1 9.7325E-1 7.86062E-1 7.68888E-1 8.54368E-1 9.40298E-1 7.97803E-1 3.99388E-1 1.98939E-2 8.63335E-3 5.25552E-2 5.70488E-3 1.35049E-3 5.1619E-5 3.97847E-4 3.22952E-4 7.09419E-5 5.59384E-5 7.81573E-4 1.89576E-3 1.61655E-3 8.04211E-4 4.66303E-4 1.98171E-4 1.2142E-4 3.96223E-4 1.71221E-4 2.7579E-4 2.08426E-4 1.98779E-4 3.79688E-5 5.50355E-5 5.85208E-5 8.90997E-5 1.67484E-5 1.15413E-5 -9999 -9999
1E0 1E0 1E0 1E0 1E0 1E0 1E0 1E0 1E0 1E0 1E0 1E0 1E0 1E0 1E0 1E0 1E0 9.99777E-1 2.22009E-1 5.4701E-2 6.26357E-2 5.14418E-2 8.61279E-2 2.76839E-1 1E0 9.99989E-1 9.91957E-1 9.79758E-1 9.5995E-1 9.81275E-1 9.83685E-1 9.59079E-1 9.07928E-1 9.99978E-1 9.67834E-1 9.91679E-1 9.98593E-1 1E0 1E0 9.95923E-1 9.97473E-1 9.84267E-1 8.11412E-1 8.70262E-1 4.24477E-1 3.00177E-1 3.39257E-1 1.16773E-1 3.55218E-2 1.97699E-3 1.6278E-4 3.49632E-5 1.93102E-4 7.33325E-5 2.88468E-4 7.03136E-4 3.7977E-3 3.22714E-3 1.96087E-3 7.19311E-5 1.55172E-4 1.17188E-4 1.01062E-4 6.35793E-5 3.60603E-5 5.10234E-4 2.14984E-4 2.13779E-4 1.01927E-4 1.781E-4 4.97298E-5 1.41509E-5 5.14179E-5 6.56544E-5 -9999 -9999
1E0 1E0 1E0 1E0 1E0 1E0 1E0 1E0 1E0 1E0 1E0 1E0 1E0 1E0 1E0 1E0 1E0 9.99869E-1 7.24376E-2 1.59804E-2 4.26074E-2 6.99735E-2 2.00449E-1 8.40053E-1 1E0 1E0 9.22796E-1 9.91544E-1 9.06444E-1 9.34712E-1 9.2686E-1 7.6061E-1 9.82224E-1 9.99899E-1 9.98895E-1 9.99595E-1 1E0 1E0 9.99999E-1 9.99854E-1 9.97653E-1 9.99635E-1 9.31112E-1 9.08379E-1 1.85356E-1 1.18309E-2 2.90271E-1 1.31914E-1 5.68652E-2 6.27283E-3 7.8288E-4 2.31817E-4 3.78538E-5 2.06701E-4 2.26402E-4 2.5237E-3 2.65541E-3 1.49773E-3 6.31484E-4 1.52138E-4 9.09243E-5 1.24987E-5 9.37968E-5 1.19837E-5 3.62458E-5 5.06509E-5 5.21032E-4 2.50075E-4 9.71051E-5 1.08622E-4 1.20095E-4 3.48402E-5 3.47357E-5 2.44216E-5 4.51176E-5 -9999
1E0 1E0 1E0 1E0 1E0 1E0 1E0 1E0 1E0 1E0 1E0 1E0 1E0 1E0 1E0 1E0 1E0 6.31102E-1 8.43928E-2 2.50328E-2 1.45975E-2 4.03595E-2 1.93444E-1 9.98546E-1 1E0 1E0 9.91918E-1 9.33398E-1 8.92835E-1 8.29556E-1 7.56116E-1 6.25708E-1 6.72525E-1 9.77284E-1 9.7458E-1 9.49149E-1 9.94393E-1 1E0 1E0 9.99226E-1 9.9842E-1 9.99991E-1 9.92037E-1 9.63238E-1 9.47192E-1 8.58461E-1 1.64758E-1 2.22598E-1 8.44771E-2 9.29998E-4 7.83599E-5 3.72702E-4 1.8077E-4 1.79356E-4 4.73444E-4 1.92922E-4 3.72132E-4 3.10046E-4 2.51898E-4 3.94758E-4 6.88324E-5 1.97132E-5 2.47678E-5 2.15906E-5 3.25042E-5 4.78423E-5 1.33115E-4 1.54713E-4 1.01493E-4 4.68213E-5 1.56457E-5 4.34247E-5 1.78821E-5 1.25896E-5 -9999 -9999
1E0 1E0 1E0 1E0 1E0 1E0 1E0 1E0 1E0 1E0 1E0 1E0 1E0 1E0 1E0 1E0 1E0 8.66699E-1 3.89185E-2 1.63922E-1 5.98116E-2 6.05399E-2 2.37846E-1 9.99654E-1 1E0 1E0 9.96982E-1 8.16212E-1 5.47861E-1 7.21516E-1 8.63409E-1 9.11555E-1 8.06412E-1 9.99398E-1 9.78296E-1 8.05522E-1 9.37584E-1 9.99519E-1 9.95329E-1 9.99874E-1 9.99776E-1 9.9064E-1 8.21016E-1 4.97661E-1 5.48605E-1 1.41848E-2 2.42922E-3 4.35262E-3 1.96599E-3 1.61178E-3 6.37299E-4 4.59065E-5 4.43144E-5 3.45731E-5 1.27235E-4 2.08966E-4 6.18976E-5 5.55176E-4 4.126E-4 2.53534E-4 1.69499E-4 4.04935E-5 1.14482E-5 4.71895E-5 1.27072E-5 4.91332E-5 2.82238E-4 1.10496E-3 8.32863E-5 6.80955E-5 5.78463E-5 9.74278E-5 1.27805E-4 7.66424E-5 -9999 -9999
1E0 1E0 1E0 1E0 1E0 1E0 1E0 1E0 1E0 1E0 1E0 1E0 1E0 1E0 1E0 1E0 1E0 7.57389E-1 4.14522E-2 8.25176E-2 7.42026E-2 1.10476E-1 2.05622E-1 9.99853E-1 1E0 1E0 9.99996E-1 8.51005E-1 7.594E-1 8.55762E-1 7.96573E-1 7.2933E-1 9.69334E-1 9.8498E-1 9.99999E-1 1E0 9.99999E-1 8.8717E-1 9.97486E-1 9.99987E-1 9.49026E-1 7.6079E-1 5.30431E-1 3.61788E-1 2.73727E-1 1.78027E-2 2.94788E-3 2.58415E-4 2.18439E-4 1.34393E-3 3.14335E-4 4.72821E-5 3.12104E-5 2.64681E-5 8.34275E-5 7.90622E-5 5.03399E-5 1.68995E-3 3.10364E-4 1.77646E-4 1.37278E-4 1.02048E-4 2.39057E-5 1.35131E-5 5.02349E-5 1.8149E-5 1.33028E-4 3.94452E-4 4.0487E-4 1.30785E-4 7.20075E-5 2.02044E-5 3.35241E-5 1.17764E-5 -9999 -9999
1E0 1E0 1E0 1E0 1E0 1E0 1E0 1E0 1E0 1E0 1E0 1E0 1E0 1E0 1E0 1E0 1E0 9.99449E-1 9.45164E-2 9.59903E-2 8.26573E-2 7.41912E-2 7.04884E-2 9.74404E-1 1E0 1E0 1E0 8.0626E-1 8.43542E-1 8.28347E-1 9.54243E-1 9.25126E-1 9.95295E-1 9.44268E-1 1E0 1E0 9.99987E-1 9.63549E-1 7.20676E-1 7.30287E-1 6.60115E-1 8.06265E-1 2.07744E-1 1.05848E-1 1.20073E-1 2.03732E-1 5.73269E-3 1.41487E-3 7.10996E-4 5.89484E-5 1.78229E-5 4.66719E-6 1.53379E-5 4.27708E-5 1.13113E-4 8.25913E-5 4.31056E-5 1.28383E-4 3.54584E-4 9.2152E-5 1.20155E-4 5.68042E-5 1.59955E-5 2.96102E-5 1.77326E-5 3.97962E-5 1.77371E-4 1.70863E-4 1.42427E-4 7.55129E-5 3.4928E-5 4.30934E-5 5.49885E-5 1.55439E-5 -9999 -9999
1E0 1E0 1E0 1E0 1E0 1E0 1E0 1E0 1E0 1E0 1E0 1E0 1E0 1E0 1E0 1E0 1E0 9.99976E-1 3.45985E-2 1.26189E-1 1.24974E-1 1.55716E-1 2.19992E-1 9.99448E-1 1E0 1E0 1E0 9.98155E-1 9.98654E-1 7.59081E-1 9.97115E-1 9.99928E-1 9.31264E-1 9.75187E-1 1E0 1E0 9.88632E-1 8.06012E-1 7.00258E-1 6.73596E-2 3.31602E-2 2.7958E-1 5.16944E-1 5.42205E-3 2.60751E-1 1.28714E-1 9.26481E-2 1.09316E-4 7.33966E-4 6.1361E-5 2.71996E-5 3.42785E-6 8.75009E-6 5.47569E-5 1.46619E-4 1.09934E-4 4.415E-5 1.09763E-4 1.41244E-4 1.07956E-4 9.38811E-5 2.06089E-5 2.50364E-5 1.10676E-5 2.35813E-5 6.26017E-5 1.13964E-4 1.50358E-4 1.20531E-4 6.94626E-5 2.28261E-5 1.72113E-5 3.21233E-5 4.52826E-5 5.43746E-5 -9999
1E0 1E0 1E0 1E0 1E0 1E0 1E0 1E0 1E0 1E0 1E0 1E0 1E0 1E0 1E0 1E0 1E0 1E0 1.10628E-1 4.935E-2 1.76586E-1 2.65894E-1 8.32829E-1 9.99735E-1 1E0 1E0 9.99998E-1 1E0 9.99998E-1 9.96827E-1 8.47696E-1 9.49424E-1 9.75048E-1 9.99219E-1 1E0 9.99998E-1 1E0 9.90671E-1 4.93057E-1 1.24377E-1 3.66492E-1 6.33388E-1 5.44675E-1 3.94703E-2 1.83056E-2 8.09136E-2 8.22587E-2 4.40612E-3 5.0796E-4 2.90483E-4 2.46928E-4 9.40021E-5 1.34732E-5 5.26079E-5 1.61811E-4 9.73301E-5 3.88912E-5 3.08522E-5 3.84884E-5 2.36316E-5 2.14361E-5 1.74904E-5 3.72832E-5 6.33017E-5 4.19707E-5 1.51189E-5 1.08813E-4 1.84185E-4 1.09078E-4 2.28997E-4 4.12404E-5 4.50288E-5 1.49698E-4 2.5707E-5 -9999 -9999
1E0 1E0 1E0 1E0 1E0 1E0 1E0 1E0 1E0 1E0 1E0 1E0 1E0 1E0 1E0 1E0 1E0 1E0 4.42856E-1 5.24991E-2 1.01658E-1 1.89694E-1 7.87876E-1 1E0 1E0 1E0 1E0 9.99917E-1 9.96267E-1 9.97874E-1 8.64773E-1 8.1649E-1 8.78616E-1 9.26354E-1 9.99828E-1 1E0 1E0 9.77444E-1 1E0 9.98255E-1 1E0 1E0 9.9993E-1 7.91781E-1 3.69104E-2 2.15852E-2 1.08706E-1 1.30087E-2 3.10867E-4 8.38903E-4 2.36737E-4 3.14479E-4 1.21262E-5 2.65395E-5 4.86567E-5 2.68935E-5 4.30752E-5 3.37853E-5 3.64894E-5 1.63189E-5 4.19559E-5 5.72581E-5 6.22045E-5 4.72218E-5 1.04214E-5 3.23942E-5 8.03977E-5 3.77065E-4 4.98137E-4 1.65076E-4 1.77568E-4 5.83208E-5 6.36528E-5 1.2732E-4 -9999 -9999
1E0 1E0 1E0 1E0 1E0 1E0 1E0 1E0 1E0 1E0 1E0 1E0 1E0 1E0 1E0 1E0 1E0 1E0 1E0 4.49713E-1 9.28976E-2 2.55286E-1 9.34256E-1 1E0 1E0 1E0 1E0 9.99268E-1 9.31098E-1 8.86993E-1 7.69559E-1 6.66627E-1 8.82359E-1 9.517E-1 6.54927E-1 1E0 9.99891E-1 1E0 1E0 1E0 1E0 1E0 1E0 9.99594E-1 5.65672E-1 2.75382E-1 2.11632E-1 1.92431E-3 1.80689E-3 2.99878E-4 2.55998E-4 4.83752E-4 1.16385E-4 4.50775E-5 7.65255E-6 1.77196E-5 2.12352E-5 3.65128E-5 7.09196E-5 2.47029E-5 6.23458E-5 1.17179E-4 2.95011E-5 1.69579E-5 1.09447E-5 7.32729E-5 1.37965E-4 8.95186E-5 9.43477E-5 1.67473E-4 2.99195E-4 1.18657E-4 1.30648E-4 7.97954E-5 -9999 -9999
1E0 1E0 1E0 1E0 1E0 1E0 1E0 1E0 1E0 1E0 1E0 1E0 1E0 1E0 1E0 1E0 1E0 1E0 1E0 1E0 6.9522E-1 4.98091E-1 1E0 1E0 1E0 1E0 1E0 9.98923E-1 9.72335E-1 8.92529E-1 9.0005E-1 8.22776E-1 9.23844E-1 8.26992E-1 9.34067E-1 6.72832E-1 7.0953E-1 9.80785E-1 9.89049E-1 9.96019E-1 9.93126E-1 1E0 1E0 9.99983E-1 9.89576E-1 5.10234E-1 2.53691E-1 4.62599E-2 2.47811E-3 3.8953E-3 9.20274E-4 1.22419E-3 1.86908E-4 2.37493E-4 5.89876E-5 9.8046E-6 1.13695E-5 1.46447E-5 1.15885E-5 8.82831E-6 1.51062E-5 1.14664E-5 2.17136E-5 2.65516E-5 2.44527E-5 5.68174E-5 1.78655E-4 2.78422E-4 3.53209E-4 3.59432E-4 2.13892E-4 1.72621E-4 2.63537E-4 2.94212E-5 -9999 -9999
1E0 1E0 1E0 1E0 1E0 1E0 1E0 1E0 1E0 1E0 1E0 1E0 1E0 1E0 1E0 1E0 1E0 1E0 1E0 1E0 1E0 1E0 1E0 1E0 1E0 1E0 9.99998E-1 1E0 9.36345E-1 8.88165E-1 9.4968E-1 9.17968E-1 8.6425E-1 7.95228E-1 8.73089E-1 9.92439E-1 9.59744E-1 5.46431E-1 3.78148E-1 7.30062E-1 5.17109E-1 9.24655E-1 5.11507E-1 8.38261E-1 7.87021E-1 6.80698E-1 6.44108E-1 1.30537E-1 4.41025E-3 1.38375E-2 2.24705E-3 3.26684E-4 7.84088E-4 5.76761E-4 3.96349E-5 1.27523E-5 1.73648E-5 8.7832E-6 7.12797E-6 2.33166E-5 3.34053E-5 4.82517E-5 2.35037E-5 2.44396E-5 1.0519E-4 5.58879E-5 9.91974E-5 3.68468E-4 3.95371E-4 4.06798E-4 1.60736E-4 8.36409E-5 6.14171E-5 1.01714E-4 4.70273E-5 -9999
1E0 1E0 1E0 1E0 1E0 1E0 1E0 1E0 1E0 1E0 1E0 1E0 1E0 1E0 1E0 1E0 1E0 1E0 1E0 1E0 1E0 1E0 1E0 1E0 1E0 1E0 1E0 9.93131E-1 9.13833E-1 9.55202E-1 9.57138E-1 9.71846E-1 5.39622E-1 7.5406E-1 7.45743E-1 9.84221E-1 9.99996E-1 8.90113E-1 5.03955E-1 6.00079E-1 6.62814E-1 3.08571E-1 4.10998E-1 1.48996E-1 4.45704E-1 5.80572E-1 7.61177E-1 3.3905E-1 1.81075E-2 1.28407E-2 4.58121E-4 1.332E-4 7.72856E-5 5.9904E-4 4.39231E-5 1.18401E-5 1.16106E-5 7.11154E-6 8.38501E-7 1.05475E-5 4.37627E-5 4.52659E-5 2.21538E-5 2.0719E-5 4.59487E-5 7.77953E-5 1.57119E-4 3.86423E-4 2.82481E-4 2.20022E-4 6.59612E-4 7.28568E-5 5.0573E-5 6.21134E-6 1.73402E-5 4.33858E-5
1E0 1E0 1E0 1E0 1E0 1E0 1E0 1E0 1E0 1E0 1E0 1E0 1E0 1E0 1E0 1E0 1E0 1E0 1E0 1E0 1E0 1E0 1E0 1E0 1E0 1E0 1E0 9.97715E-1 7.53104E-1 8.47349E-1 8.87587E-1 7.39751E-1 3.45995E-1 7.60566E-1 7.60284E-1 9.72093E-1 9.99966E-1 8.56461E-1 6.68061E-1 6.26624E-1 5.21267E-1 2.40984E-1 9.44984E-2 1.66153E-1 1.0819E-1 6.45832E-2 5.67237E-1 9.03494E-1 2.37416E-1 1.76149E-3 2.68686E-3 4.71571E-5 1.8336E-5 1.04901E-5 1.13381E-5 3.25491E-6 2.09537E-6 1.96245E-6 5.25035E-6 6.04581E-5 9.59628E-5 5.46424E-5 1.57585E-4 2.23007E-5 2.59737E-5 1.14327E-4 2.01168E-4 1.53682E-4 4.25206E-5 1.67697E-4 7.87176E-4 7.63618E-5 2.27757E-5 1.86424E-5 1.95627E-5 4.11238E-5
1E0 1E0 1E0 1E0 1E0 1E0 1E0 1E0 1E0 1E0 1E0 1E0 1E0 1E0 1E0 1E0 1E0 1E0 1E0 1E0 1E0 1E0 1E0 1E0 1E0 1E0 9.99997E-1 9.50774E-1 9.69063E-1 8.31651E-1 6.55318E-1 7.63877E-1 5.93222E-1 8.56321E-1 9.66081E-1 9.99994E-1 9.96045E-1 8.7183E-1 9.66144E-1 9.84128E-1 9.76709E-1 9.95387E-1 3.28468E-1 9.24723E-2 1.08325E-1 5.08603E-1 9.83995E-1 9.15473E-1 2.70784E-1 8.14168E-2 3.38566E-4 5.52609E-4 1.17072E-4 2.13797E-5 4.51053E-6 6.56539E-6 5.09303E-6 1.45895E-5 1.1179E-5 3.36144E-5 5.39477E-5 6.61236E-5 1.03241E-4 3.22153E-5 5.92614E-5 9.00685E-5 7.14209E-5 4.17413E-5 3.16585E-5 7.20471E-5 5.67851E-5 4.36715E-5 1.83433E-5 2.35413E-5 8.70041E-5 6.88739E-5
1E0 1E0 1E0 1E0 1E0 1E0 1E0 1E0 1E0 1E0 1E0 1E0 1E0 1E0 1E0 1E0 1E0 1E0 1E0 1E0 1E0 1E0 1E0 1E0 1E0 1E0 9.63154E-1 9.70426E-1 9.98842E-1 9.95569E-1 9.93968E-1 8.86576E-1 9.98903E-1 9.08098E-1 9.99899E-1 9.92547E-1 9.99775E-1 1E0 1E0 9.99831E-1 9.99825E-1 9.97957E-1 1E0 9.99988E-1 9.03517E-1 9.52212E-1 9.8915E-1 6.04236E-1 6.41051E-1 1.48668E-1 2.07049E-3 3.72509E-4 1.11004E-4 1.35784E-5 5.67588E-6 2.71379E-6 2.08316E-6 3.22934E-5 4.33892E-5 2.08055E-5 1.56195E-5 5.23674E-5 1.2295E-4 1.38296E-4 1.51863E-4 6.8828E-5 4.25353E-5 2.87442E-5 2.79413E-5 2.85516E-5 4.17688E-5 1.11527E-5 5.53385E-6 2.33088E-5 4.73806E-5 2.18582E-5
1E0 1E0 1E0 1E0 1E0 1E0 1E0 1E0 1E0 1E0 1E0 1E0 1E0 1E0 1E0 1E0 1E0 1E0 1E0 1E0 1E0 1E0 1E0 1E0 1E0 1E0 1E0 1E0 9.99999E-1 9.99388E-1 9.98955E-1 9.99999E-1 9.69746E-1 9.97271E-1 9.62733E-1 9.99998E-1 9.99999E-1 9.99999E-1 1E0 9.99974E-1 1.58372E-1 4.81144E-2 6.52333E-1 9.35161E-1 1.69151E-1 1.46008E-1 1.5269E-1 7.17176E-2 2.47373E-1 8.69533E-4 2.9855E-4 1.04122E-4 1.28557E-5 2.59212E-6 1.98703E-6 4.50019E-6 4.89385E-6 2.97655E-5 3.11409E-5 7.11682E-5 1.23782E-4 2.05151E-5 1.17815E-5 8.37562E-5 1.40334E-4 1.08708E-4 1.03484E-4 9.41524E-5 2.4705E-5 2.49689E-5 2.83024E-5 1.76515E-5 1.04395E-5 3.4643E-5 6.19741E-5 6.94313E-5
1E0 1E0 1E0 1E0 1E0 1E0 1E0 1E0 1E0 1E0 1E0 1E0 1E0 1E0 1E0 1E0 1E0 1E0 1E0 1E0 1E0 1E0 1E0 1E0 1E0 1E0 1E0 1E0 1E0 5.62694E-1 6.71786E-1 9.8441E-1 9.96159E-1 1E0 1E0 9.99999E-1 1E0 1E0 1E0 9.99603E-1 6.51242E-1 3.81565E-1 9.64805E-1 9.67917E-1 2.96485E-1 1.52619E-1 8.03398E-2 5.55432E-2 8.22692E-2 1.75869E-3 1.13176E-3 5.02872E-5 6.36559E-5 7.72371E-6 6.92478E-6 4.86704E-5 5.22643E-6 4.80902E-6 1.58437E-5 1.88145E-5 6.20548E-5 1.37684E-5 1.2963E-5 8.47733E-5 5.79763E-5 2.2282E-4 1.79475E-4 9.94893E-5 4.09641E-5 1.2157E-4 1.51686E-4 1.91289E-4 9.56314E-5 4.71607E-5 5.58368E-5 2.71647E-5
1E0 1E0 1E0 1E0 1E0 1E0 1E0 1E0 1E0 1E0 1E0 1E0 1E0 1E0 1E0 1E0 1E0 1E0 1E0 1E0 1E0 1E0 1E0 1E0 1E0 1E0 9.68038E-1 4.04856E-1 9.44808E-1 4.39377E-1 3.39477E-1 4.4461E-1 8.95706E-1 9.99996E-1 1E0 1E0 1E0 9.95207E-1 1E0 9.85421E-1 9.95761E-1 9.86122E-1 8.22074E-1 6.94765E-1 5.0602E-1 4.33536E-1 1.26139E-1 1.6369E-1 1.06672E-3 3.13721E-3 3.93834E-4 3.59404E-4 7.05316E-5 4.85252E-5 1.92581E-5 2.41375E-4 2.63842E-5 2.47763E-5 4.0925E-5 3.86342E-5 7.34778E-5 3.76356E-5 3.13032E-5 2.37639E-5 9.0116E-5 2.37821E-4 1.26119E-4 1.12646E-4 3.89569E-5 2.12294E-4 6.80951E-5 5.88883E-5 4.28429E-5 1.00246E-4 1.29702E-4 2.07292E-5
1E0 1E0 1E0 1E0 1E0 1E0 1E0 1E0 1E0 1E0 1E0 1E0 1E0 1E0 1E0 1E0 1E0 1E0 1E0 1E0 1E0 1E0 1E0 1E0 1E0 1E0 7.80967E-1 2.09296E-1 7.53318E-1 3.96314E-1 2.1946E-1 2.00715E-1 7.93873E-1 9.99981E-1 1E0 1E0 9.99998E-1 1E0 9.99938E-1 9.99955E-1 1E0 9.99999E-1 9.99949E-1 9.2459E-1 4.83649E-1 1.49771E-1 1.48196E-1 9.07399E-2 1.82299E-2 3.82883E-3 7.52777E-4 1.64762E-4 8.75835E-5 1.53587E-5 5.33916E-5 1.63658E-4 4.83664E-5 5.90377E-5 1.64574E-5 5.67356E-5 2.79581E-5 5.60197E-5 2.80657E-5 3.62158E-5 2.63137E-4 2.08185E-4 2.31493E-4 1.2996E-4 9.64932E-5 1.71578E-4 9.35794E-5 4.78226E-5 7.15376E-5 2.29051E-4 2.53758E-4 3.82835E-5
1E0 1E0 1E0 1E0 1E0 1E0 1E0 1E0 1E0 1E0 1E0 1E0 1E0 1E0 1E0 1E0 1E0 1E0 1E0 1E0 1E0 1E0 1E0 1E0 8.91549E-1 7.37858E-1 1.75655E-1 3.06976E-1 7.13946E-1 1.77733E-1 2.2127E-2 3.35687E-2 1.71328E-1 9.21087E-1 9.99966E-1 1E0 1E0 1E0 9.98389E-1 9.98313E-1 9.99998E-1 9.99992E-1 9.95624E-1 8.72875E-1 4.71423E-1 4.25766E-1 3.89849E-1 2.81497E-1 2.17329E-2 7.4362E-3 4.3016E-4 4.42872E-4 5.48068E-4 3.73897E-4 3.08792E-4 1.87483E-5 2.40247E-5 2.96754E-5 5.37827E-5 1.95548E-5 1.02401E-4 9.49439E-5 1.50397E-4 7.76114E-5 3.4038E-4 1.83491E-4 1.85704E-4 5.59017E-5 1.98506E-4 1.12368E-4 7.73006E-5 7.42632E-5 1.88983E-4 1.28175E-4 1.55119E-4 9.80989E-5
1E0 1E0 1E0 1E0 1E0 1E0 1E0 1E0 1E0 1E0 1E0 1E0 1E0 1E0 1E0 1E0 1E0 1E0 1E0 1E0 1E0 1E0 1E0 1E0 6.53095E-1 1.50897E-1 1.02413E-1 1.4187E-1 8.15112E-1 2.28328E-1 1.24635E-1 1.27792E-1 1.94644E-1 7.86924E-1 1E0 1E0 1E0 1E0 1E0 1E0 1E0 1E0 9.17163E-1 6.16891E-1 4.58093E-1 8.93239E-1 8.76138E-1 8.51721E-1 1.48851E-1 1.02516E-2 2.52664E-3 1.13207E-2 7.62414E-3 5.09123E-3 1.74962E-4 1.42707E-4 3.02645E-4 7.01066E-5 4.78193E-5 6.30259E-5 5.30819E-5 1.76829E-5 2.34098E-5 4.44886E-5 7.8181E-5 1.83217E-4 2.92635E-5 3.95223E-6 7.27901E-5 3.23148E-5 5.35987E-5 3.36582E-5 3.42436E-5 1.99905E-5 2.07399E-5 3.07394E-5
1E0 1E0 1E0 1E0 1E0 1E0 1E0 1E0 1E0 1E0 1E0 1E0 1E0 1E0 1E0 1E0 1E0 1E0 1E0 1E0 1E0 1E0 1E0 1E0 8.97221E-1 3.28047E-1 1.24293E-1 2.46365E-1 9.57378E-1 9.7616E-1 6.38253E-1 2.36621E-1 6.37773E-1 9.99969E-1 1E0 1E0 1E0 1E0 1E0 1E0 1E0 1E0 9.99998E-1 9.23716E-1 1E0 1E0 1E0 9.81312E-1 5.71774E-1 4.99426E-2 9.55435E-3 1.0186E-2 5.49445E-2 5.49168E-3 5.88328E-4 1.33703E-3 6.97495E-4 4.9918E-4 1.62254E-4 2.08995E-5 6.03258E-6 4.84325E-6 2.6186E-5 3.67093E-5 4.59307E-5 1.30276E-4 5.62858E-5 3.82882E-6 4.61117E-5 4.68958E-5 1.91284E-5 1.19502E-5 3.1481E-5 8.79514E-5 2.19045E-5 5.15533E-5
1E0 1E0 1E0 1E0 1E0 1E0 1E0 1E0 1E0 1E0 1E0 1E0 1E0 1E0 1E0 1E0 1E0 1E0 1E0 1E0 1E0 1E0 1E0 1E0 9.9974E-1 1E0 9.99979E-1 1E0 9.99994E-1 9.96896E-1 3.01693E-1 2.89719E-1 9.55542E-1 1E0 1E0 1E0 1E0 1E0 1E0 1E0 1E0 1E0 1E0 1E0 1E0 1E0 1E0 9.7646E-1 6.20638E-1 3.39149E-1 2.47148E-1 7.76043E-2 2.15747E-3 3.0519E-3 6.1619E-4 7.62196E-4 3.50336E-4 1.73116E-4 7.63077E-5 1.16055E-5 1.67169E-5 1.27806E-5 6.6817E-6 6.27896E-6 4.09969E-5 4.05478E-5 4.25705E-5 3.37335E-5 3.25377E-5 1.08196E-5 9.52636E-6 1.54776E-5 1.67907E-5 5.09184E-5 9.19151E-5 1.63854E-4
1E0 1E0 1E0 1E0 1E0 1E0 1E0 1E0 1E0 1E0 1E0 1E0 1E0 1E0 1E0 1E0 1E0 1E0 1E0 1E0 1E0 1E0 1E0 1E0 1E0 1E0 1E0 1E0 9.91682E-1 9.6503E-1 4.94627E-1 9.96837E-1 9.9994E-1 1E0 1E0 1E0 1E0 1E0 1E0 1E0 1E0 1E0 1E0 1E0 1E0 1E0 9.99926E-1 5.70348E-1 9.91555E-1 7.33393E-1 8.25148E-1 1.18887E-1 6.8701E-3 1.515E-3 3.77221E-4 2.89928E-3 1.52093E-3 2.7927E-4 3.00546E-4 6.18767E-5 1.808E-5 2.75695E-5 6.08654E-5 9.31712E-5 1.41289E-4 4.63622E-5 2.92826E-5 4.67177E-5 3.948E-5 5.25448E-5 4.17201E-5 1.66221E-5 3.13879E-5 3.38301E-5 6.91666E-6 2.00041E-5
1E0 1E0 1E0 1E0 1E0 1E0 1E0 1E0 1E0 1E0 1E0 1E0 1E0 1E0 1E0 1E0 1E0 1E0 1E0 1E0 1E0 1E0 1E0 1E0 1E0 1E0 1E0 1E0 9.99988E-1 1E0 1E0 1E0 1E0 1E0 1E0 1E0 1E0 1E0 1E0 1E0 1E0 1E0 1E0 1E0 1E0 1E0 1E0 9.79419E-1 1E0 9.53036E-1 5.79914E-1 7.22172E-1 4.7613E-3 2.93338E-3 1.7774E-3 6.93606E-3 2.98488E-3 9.94371E-4 9.2514E-4 8.60533E-5 2.51393E-5 1.64147E-5 4.81227E-5 9.51512E-5 2.46223E-4 8.18115E-5 2.63898E-5 8.42992E-5 4.58818E-5 4.44429E-5 3.96105E-5 9.66011E-6 6.03707E-6 6.21531E-5 9.72543E-5 4.45808E-5
