ENM/Final_Models/M_0.9_F_q_Set_1_E/Gustavia_santanderiensis_Choco_stddev.asc
ncols         367
nrows         963
xllcorner     -78.6
yllcorner     0.65
cellsize      0.00833333333333323
NODATA_value  -9999
[rows 780 to 809 of 963, columns 134 to 200 of 367]
3.72866E-4 1.7884E-3 1.11016E-2 5.24153E-3 2.7753E-3 2.76944E-3 1.3106E-3 5.83579E-4 5.69978E-4 3.96776E-4 1.21497E-4 1.06162E-4 7.99934E-4 2.4418E-4 2.29837E-5 6.87798E-5 3.87445E-5 1.4914E-5 7.06088E-6 3.63835E-5 3.88474E-5 7.71006E-6 1.05402E-5 1.0549E-5 1.55097E-5 1.06034E-5 3.18088E-5 1.25482E-4 4.11156E-5 3.57111E-5 5.34259E-5 1.87486E-5 1.94359E-5 6.35848E-5 4.1711E-5 2.3807E-5 1.7834E-5 6.49308E-6 1.02297E-5 1.00387E-5 2.62471E-5 1.26645E-4 3.09734E-4 1.08613E-3 3.96761E-3 4.94095E-3 -9999 -9999 1.80242E-2 -9999 -9999 -9999 -9999 -9999 -9999 -9999 -9999 -9999 -9999 -9999 -9999 -9999 -9999 -9999 -9999 1.17876E-2 4.77484E-3
1.20692E-3 8.8108E-3 1.40737E-2 7.27313E-3 1.14013E-3 9.98168E-4 2.36449E-3 4.16082E-3 2.65496E-3 1.22943E-3 2.67529E-4 4.99523E-4 1.23636E-3 9.30737E-5 6.93307E-5 3.31703E-4 7.61665E-5 1.61921E-5 1.77918E-5 3.02408E-5 6.90069E-5 2.09997E-5 3.67148E-5 1.18729E-5 8.572E-6 1.1786E-5 4.66681E-5 1.33288E-4 2.79873E-5 1.49792E-5 1.52806E-5 2.02977E-5 2.91953E-5 3.04046E-5 1.61891E-5 2.67374E-5 1.82968E-5 1.21448E-5 1.41107E-5 9.00106E-6 2.39233E-5 2.4123E-4 1.38993E-3 2.40379E-3 4.2211E-3 6.00724E-3 -9999 -9999 -9999 -9999 -9999 -9999 -9999 -9999 -9999 -9999 -9999 -9999 -9999 -9999 -9999 -9999 -9999 -9999 1.15795E-2 1.33983E-2 1.17441E-2
3.9572E-4 4.56201E-3 1.93745E-2 1.3674E-2 5.06425E-3 1.63375E-3 5.30682E-4 7.03267E-4 1.56552E-3 1.66241E-3 1.01857E-3 2.09857E-3 1.28902E-3 6.2583E-4 4.50029E-4 1.97166E-4 2.43857E-5 1.09939E-5 1.26115E-5 2.50637E-5 7.23109E-5 1.99072E-4 3.54798E-4 1.41931E-4 3.9583E-5 1.81802E-4 3.05543E-4 1.50007E-4 3.63756E-5 1.16593E-5 2.37327E-5 2.35329E-5 1.65034E-5 1.80246E-5 1.1829E-5 1.02573E-5 1.71409E-5 6.1611E-5 3.99535E-5 3.21783E-5 1.28147E-4 8.13367E-4 1.87491E-3 1.98668E-3 6.71964E-3 1.1574E-2 -9999 -9999 -9999 -9999 -9999 -9999 -9999 -9999 -9999 -9999 -9999 -9999 -9999 -9999 -9999 -9999 -9999 1.29114E-2 9.15358E-3 7.26773E-3 1.22472E-2
5.09571E-3 1.1116E-2 9.66022E-3 1.62517E-2 4.44648E-3 6.57741E-3 2.95247E-3 3.69743E-4 3.56902E-4 1.03883E-3 3.40668E-4 2.68328E-4 1.31445E-3 5.66283E-4 2.29457E-4 1.24931E-4 9.88369E-6 2.06143E-5 1.35613E-5 3.37138E-5 8.73329E-5 1.93856E-4 1.18687E-4 4.5743E-5 5.90999E-5 6.26154E-5 3.9971E-5 8.68201E-5 3.80451E-5 9.05702E-6 1.67287E-5 9.87314E-6 7.74863E-6 9.49461E-6 8.49852E-6 1.96886E-5 3.85482E-5 9.98625E-5 1.06895E-4 1.50345E-4 3.33682E-4 1.53109E-3 4.15028E-3 7.17221E-3 -9999 -9999 3.23207E-3 -9999 -9999 -9999 -9999 -9999 -9999 -9999 -9999 -9999 -9999 -9999 -9999 -9999 -9999 -9999 1.72782E-2 1.38528E-2 1.20593E-2 6.38383E-3 1.51362E-2
4.87028E-3 4.18023E-3 1.89276E-2 7.52406E-3 2.03169E-3 4.57899E-3 9.2029E-3 2.51666E-3 6.99832E-5 1.32265E-4 2.57744E-4 7.49634E-5 3.49651E-5 4.29539E-5 3.83774E-5 1.10188E-4 4.20032E-5 2.52275E-5 2.70151E-5 3.98327E-5 1.34945E-4 8.72044E-5 3.08724E-5 1.25397E-5 7.76231E-6 1.39299E-5 1.3335E-5 4.53478E-5 1.85499E-5 9.07722E-6 2.10242E-5 1.6081E-5 5.76248E-6 8.59456E-6 2.19753E-5 4.89077E-5 7.22885E-5 4.03034E-4 1.96305E-4 7.00886E-4 1.58234E-3 3.67436E-3 6.72384E-3 -9999 -9999 -9999 8.65372E-3 -9999 -9999 -9999 -9999 -9999 -9999 -9999 -9999 -9999 -9999 -9999 -9999 -9999 -9999 8.85595E-3 9.49196E-3 6.6945E-3 8.67349E-3 7.27415E-3 1.51989E-2
1.92601E-2 2.47257E-2 2.20214E-2 1.65343E-2 5.51882E-3 2.51482E-3 5.97555E-3 4.40447E-3 5.00001E-4 8.58841E-4 8.07819E-4 1.53715E-4 1.50811E-4 3.27063E-5 1.80464E-5 2.61079E-5 2.31884E-5 2.14837E-5 4.50808E-6 4.1479E-5 1.05405E-4 5.17406E-5 1.47443E-5 1.77397E-5 1.39757E-5 1.17737E-5 8.21937E-6 1.90942E-5 9.77446E-6 1.56569E-5 2.16853E-5 1.38986E-5 1.14475E-5 2.05724E-5 5.54333E-5 1.1133E-4 2.44649E-4 1.15352E-3 9.40236E-5 3.76952E-4 1.67803E-3 5.97687E-3 5.16617E-3 -9999 -9999 -9999 1.34165E-2 -9999 -9999 -9999 -9999 -9999 -9999 -9999 -9999 -9999 -9999 -9999 -9999 -9999 6.18406E-3 6.20226E-3 6.71423E-3 5.91905E-3 5.85532E-3 9.94965E-3 1.74651E-2
3.56916E-2 1.49417E-2 6.77555E-3 1.18427E-2 2.46961E-2 1.09248E-2 1.0954E-2 1.31556E-2 1.97589E-2 8.83509E-3 7.43923E-3 3.57536E-3 8.03225E-4 1.81408E-4 3.19467E-5 2.1627E-5 1.89675E-5 1.89636E-5 4.84879E-6 1.05092E-5 3.43921E-5 7.88986E-5 4.22223E-5 3.34791E-5 1.78482E-5 2.62116E-5 8.55765E-6 9.84566E-6 8.39115E-6 1.95595E-5 3.15941E-5 1.26152E-5 1.60265E-5 1.8874E-5 8.15701E-5 1.60598E-4 2.9657E-4 7.75369E-4 9.26508E-5 1.10298E-4 9.41935E-4 1.84014E-3 -9999 -9999 -9999 -9999 -9999 -9999 -9999 -9999 -9999 -9999 -9999 -9999 -9999 -9999 -9999 -9999 -9999 -9999 -9999 6.78873E-3 6.29622E-3 5.50333E-3 7.72296E-3 1.49672E-2 1.77124E-2
2.61493E-2 1.26731E-2 1.26821E-2 7.11213E-3 1.24732E-2 2.16247E-2 9.53124E-3 4.00895E-3 1.65191E-2 8.84253E-3 3.9625E-3 2.94078E-3 4.03314E-3 1.33503E-3 4.7457E-4 1.03083E-4 4.23824E-5 2.08246E-6 5.62482E-5 7.01103E-5 3.71169E-5 7.41808E-5 3.56163E-5 7.27824E-6 1.57472E-5 7.75859E-5 3.94571E-5 1.15373E-5 1.26927E-5 3.65932E-5 7.38341E-5 1.19479E-5 1.11309E-5 2.46166E-5 8.59229E-5 1.32518E-4 3.49159E-4 4.70015E-4 6.77804E-4 9.42711E-5 2.79486E-4 1.70334E-3 -9999 -9999 -9999 -9999 -9999 -9999 -9999 -9999 -9999 -9999 -9999 -9999 -9999 -9999 -9999 -9999 -9999 -9999 -9999 1.0621E-2 8.51807E-3 1.9211E-2 1.47522E-2 2.54869E-2 2.11541E-2
4.50496E-2 1.62701E-2 6.5258E-3 6.4866E-3 4.10128E-3 6.46313E-3 1.93971E-2 3.36361E-3 2.56556E-3 5.40342E-3 2.54294E-3 2.56463E-4 2.17836E-4 1.28305E-4 3.13809E-4 1.12709E-4 2.45799E-5 8.27844E-6 4.93963E-5 5.48278E-5 2.72534E-5 1.72263E-5 1.16913E-5 5.3198E-6 1.5237E-5 4.34901E-5 2.40983E-5 1.75496E-5 2.44085E-5 5.24121E-5 1.57625E-4 3.09284E-5 4.59675E-6 7.92961E-6 6.91954E-5 1.96192E-4 5.63219E-4 1.32912E-3 6.47937E-4 5.5095E-4 1.31232E-4 1.24784E-3 2.92234E-3 -9999 -9999 -9999 -9999 -9999 -9999 -9999 -9999 -9999 -9999 -9999 -9999 -9999 -9999 -9999 -9999 1.1281E-2 1.69391E-2 1.1476E-2 9.08386E-3 2.05289E-2 2.41198E-2 1.52192E-2 9.93326E-3
1.19899E-2 2.71975E-3 9.41171E-4 2.29273E-3 1.22999E-3 1.41235E-3 6.21794E-3 3.63483E-3 5.68464E-4 4.41651E-4 2.67769E-3 8.07462E-4 8.93188E-5 6.77894E-5 5.84573E-5 9.36818E-5 1.19177E-5 6.45149E-6 4.85502E-5 1.96045E-5 9.8259E-6 1.84636E-5 1.85021E-5 1.79253E-5 1.04796E-5 1.19261E-5 6.80902E-6 4.6652E-6 1.1187E-5 3.26167E-5 1.70571E-4 3.91248E-5 1.14198E-5 1.68235E-5 4.35362E-5 5.1057E-4 2.06487E-3 2.39404E-3 1.76364E-3 9.0523E-4 5.73133E-4 2.05102E-3 5.42107E-3 6.6566E-3 -9999 -9999 -9999 -9999 -9999 -9999 -9999 -9999 -9999 -9999 -9999 -9999 -9999 -9999 7.24122E-3 1.19751E-2 2.03585E-2 9.94296E-3 1.56039E-2 1.69757E-2 9.36932E-3 9.04389E-3 9.36564E-3
1.47066E-2 1.31291E-2 5.68469E-3 1.33801E-3 3.45767E-4 4.47406E-4 1.18933E-3 1.26925E-3 5.08397E-4 9.32339E-5 7.5612E-5 3.91811E-4 1.42887E-4 1.23847E-5 1.29466E-5 2.38941E-5 1.68947E-5 1.73655E-5 2.04512E-5 7.50958E-6 2.84732E-6 2.9633E-5 4.52893E-5 4.62739E-5 5.63217E-6 3.88882E-5 1.30075E-4 4.09999E-5 8.792E-5 2.89065E-4 8.12776E-5 3.83769E-5 1.48875E-5 2.00106E-5 1.77182E-4 4.43999E-4 1.51874E-3 5.11919E-3 2.22012E-3 2.31798E-3 3.25856E-3 1.25978E-3 3.80438E-3 -9999 -9999 -9999 -9999 -9999 -9999 -9999 -9999 -9999 -9999 -9999 -9999 -9999 -9999 -9999 7.83111E-3 9.67095E-3 1.90757E-2 1.8548E-2 1.37782E-2 8.4027E-3 4.49573E-3 3.2731E-3 3.4023E-3
1.06772E-2 9.91248E-3 4.80245E-3 1.84628E-3 8.02021E-4 1.91021E-4 2.68391E-4 3.94407E-4 1.23787E-4 4.59688E-5 1.88011E-5 3.0952E-5 4.29239E-5 1.62324E-5 6.73674E-6 4.44181E-6 7.5452E-6 4.21649E-6 3.66786E-6 8.49707E-6 1.67248E-5 2.95834E-5 3.21997E-5 3.80736E-5 1.06046E-5 2.01058E-5 2.27616E-4 3.20777E-4 4.14016E-4 5.67838E-4 6.03311E-5 1.03321E-5 1.49634E-5 8.11909E-5 3.53898E-4 6.17203E-4 2.32883E-3 -9999 3.27582E-3 6.01439E-3 3.36959E-3 3.87016E-3 3.23572E-3 -9999 -9999 -9999 -9999 -9999 -9999 -9999 -9999 -9999 -9999 -9999 -9999 -9999 -9999 -9999 7.26063E-3 1.36951E-2 2.47007E-2 2.49939E-2 1.227E-2 4.89884E-3 3.53048E-3 3.33999E-3 2.12793E-3
8.27545E-3 4.99314E-3 1.48109E-3 5.71583E-4 2.80173E-4 1.06223E-4 5.264E-5 5.93379E-5 3.62263E-5 1.61625E-5 1.03257E-5 8.96265E-6 1.58761E-5 1.03812E-5 8.38618E-6 2.57409E-6 2.77932E-6 7.35217E-6 2.25514E-6 1.42359E-5 1.46589E-5 2.68316E-5 9.80496E-6 2.19437E-5 3.25242E-6 4.35076E-6 7.81532E-5 1.12236E-3 5.03396E-4 1.75089E-4 2.24131E-5 1.64094E-5 4.06702E-5 2.86188E-4 6.86772E-4 1.06246E-3 1.75646E-3 -9999 -9999 -9999 9.94387E-3 7.87884E-3 2.37033E-2 -9999 -9999 -9999 -9999 -9999 -9999 -9999 -9999 -9999 -9999 -9999 -9999 -9999 -9999 -9999 -9999 -9999 -9999 1.81035E-2 5.24647E-3 5.36143E-3 5.87248E-3 2.51913E-3 7.84477E-4
2.82742E-3 1.40607E-3 1.97092E-3 7.84724E-4 3.10587E-4 3.77157E-5 4.09052E-5 8.68416E-5 4.12712E-5 1.47735E-4 1.13648E-4 2.7889E-5 2.0765E-5 7.51721E-5 3.5368E-6 1.51207E-5 1.62001E-5 8.80764E-6 1.5661E-6 5.55854E-6 8.81551E-6 3.80537E-6 6.95717E-6 1.16792E-5 1.14201E-5 3.14406E-5 8.85022E-5 1.21575E-3 4.1216E-4 2.95627E-5 1.33845E-5 2.62804E-5 9.71065E-5 3.62938E-4 1.07838E-3 2.57815E-3 4.42835E-3 5.51108E-3 -9999 -9999 -9999 -9999 -9999 -9999 -9999 -9999 -9999 -9999 -9999 -9999 -9999 -9999 -9999 -9999 -9999 -9999 -9999 -9999 -9999 2.39449E-2 9.97932E-3 5.64472E-3 8.82167E-3 5.85769E-3 2.78358E-3 9.07004E-4 8.08096E-4
2.44451E-3 4.09503E-3 7.1004E-3 1.5144E-3 4.57796E-4 5.75422E-5 1.0355E-4 5.7451E-4 2.08401E-4 1.0705E-3 2.02194E-4 1.28908E-4 2.08605E-4 1.88022E-4 2.44976E-6 1.74294E-5 5.61127E-6 1.53368E-5 5.51752E-6 5.35429E-6 3.21457E-6 3.64324E-6 4.37407E-6 1.0008E-5 1.43874E-4 8.36578E-5 1.04846E-3 7.94907E-4 2.70316E-4 4.01464E-5 6.38803E-6 8.7261E-5 3.48138E-4 8.24156E-4 1.9993E-3 3.24209E-3 2.05006E-3 3.88828E-3 -9999 -9999 -9999 -9999 -9999 -9999 -9999 -9999 -9999 -9999 -9999 -9999 -9999 -9999 -9999 -9999 -9999 -9999 -9999 -9999 2.1453E-2 1.70569E-2 -9999 1.01037E-2 8.68748E-3 2.20925E-3 2.14355E-3 2.18627E-3 9.14805E-4
1.59488E-2 3.32405E-2 2.32816E-2 1.12893E-2 2.62066E-2 5.58203E-4 3.79699E-4 2.54075E-3 1.49409E-3 1.91461E-3 1.84163E-3 9.32957E-4 6.10156E-4 7.54743E-5 7.85492E-6 1.82662E-5 8.2607E-6 8.04533E-6 2.25037E-5 3.01245E-5 3.46318E-6 8.43754E-6 1.59509E-5 1.63932E-5 2.45992E-4 1.08203E-3 1.62737E-3 5.34288E-4 1.99093E-4 4.9931E-6 1.28063E-5 7.49463E-5 5.90269E-4 1.47661E-3 5.29907E-3 3.6957E-3 5.63784E-3 -9999 -9999 -9999 -9999 -9999 -9999 -9999 -9999 -9999 -9999 -9999 -9999 -9999 -9999 -9999 -9999 -9999 -9999 -9999 -9999 1.66042E-2 1.73879E-2 -9999 -9999 1.65839E-2 1.37671E-2 4.58339E-3 3.10444E-3 8.7869E-4 2.29989E-3
8.6729E-3 1.22723E-2 8.17471E-3 3.98209E-3 1.5088E-2 2.68641E-3 3.47347E-3 8.97761E-3 4.75737E-3 3.07808E-3 8.65155E-4 3.07644E-4 8.01364E-5 2.04803E-5 8.86472E-6 4.07757E-6 6.57157E-6 6.30564E-6 5.28814E-6 1.37357E-5 7.31453E-5 7.77018E-5 1.77249E-6 3.74441E-5 6.61615E-5 1.05969E-3 1.92387E-3 -9999 -9999 4.36995E-5 3.95767E-5 3.61982E-4 5.69917E-4 1.41569E-3 4.04615E-3 7.40244E-3 -9999 -9999 -9999 -9999 -9999 -9999 -9999 -9999 -9999 -9999 -9999 -9999 -9999 -9999 -9999 -9999 -9999 -9999 -9999 -9999 -9999 -9999 -9999 -9999 -9999 6.99671E-3 6.67508E-3 1.09786E-2 8.08523E-3 6.35055E-3 2.88279E-3
1.1666E-2 1.32295E-2 1.11755E-2 1.08409E-2 5.83882E-3 8.15901E-3 1.47025E-2 1.80066E-2 6.90699E-3 4.0804E-3 1.84116E-3 8.82476E-5 1.14989E-5 3.59715E-6 5.21704E-6 3.24259E-6 2.04463E-6 2.17413E-6 5.66733E-6 6.23897E-6 7.68065E-6 1.43862E-4 3.22296E-4 8.3847E-5 1.38481E-4 2.02487E-3 2.47811E-3 -9999 -9999 1.17378E-4 2.42778E-4 8.23334E-4 1.72131E-3 2.4363E-3 4.97809E-3 3.91841E-3 1.07319E-2 -9999 -9999 -9999 -9999 -9999 -9999 -9999 -9999 -9999 -9999 -9999 -9999 -9999 -9999 -9999 -9999 -9999 -9999 -9999 -9999 -9999 -9999 -9999 -9999 5.51267E-3 4.24546E-3 8.33213E-3 3.92394E-3 2.43108E-3 2.52329E-3
4.69245E-2 2.87373E-2 1.97784E-2 2.06483E-2 2.13544E-2 1.13316E-2 3.85617E-3 1.28655E-3 4.6979E-4 1.60465E-4 1.28411E-4 3.98054E-5 1.38144E-5 6.7264E-6 3.23769E-6 9.56354E-6 3.43613E-6 2.34634E-6 9.65492E-6 3.59023E-6 5.93759E-6 1.32844E-5 2.03573E-4 5.72635E-4 1.29744E-3 2.90484E-3 2.62631E-3 -9999 -9999 8.24689E-4 9.77535E-4 1.5357E-3 1.73537E-3 6.31451E-3 5.28547E-3 3.98521E-3 1.34502E-2 -9999 -9999 -9999 -9999 -9999 -9999 -9999 -9999 -9999 -9999 -9999 -9999 -9999 -9999 -9999 -9999 -9999 -9999 -9999 -9999 -9999 -9999 -9999 -9999 3.56588E-3 2.80343E-3 7.15676E-3 2.47498E-3 7.08905E-4 2.41346E-4
6.47398E-2 4.37647E-2 2.28926E-2 2.69515E-2 2.13037E-2 7.55448E-3 1.30071E-3 2.81324E-4 7.22483E-5 3.26258E-5 6.10447E-6 6.2182E-6 1.11986E-5 8.38061E-6 6.62069E-6 2.41593E-5 1.095E-5 3.31986E-5 1.6365E-5 5.18872E-6 5.65159E-6 6.74431E-6 2.70586E-5 1.49991E-4 2.3133E-3 -9999 -9999 -9999 -9999 2.31753E-3 1.66553E-3 3.47425E-3 4.70639E-3 5.82554E-3 -9999 -9999 -9999 -9999 -9999 -9999 -9999 -9999 -9999 -9999 -9999 -9999 -9999 -9999 -9999 -9999 -9999 -9999 -9999 -9999 -9999 -9999 -9999 -9999 -9999 -9999 2.12371E-3 2.98415E-3 2.00354E-3 2.52297E-3 1.5171E-3 3.6376E-4 3.34862E-4
2.28046E-2 3.3436E-2 5.60472E-2 4.51073E-2 1.86042E-2 1.76407E-2 1.64302E-3 1.12849E-3 1.96764E-4 2.85908E-5 9.70773E-6 5.3096E-6 1.06291E-5 6.22426E-6 1.04654E-5 3.35169E-5 7.77753E-5 2.59214E-5 9.51105E-6 6.33383E-6 6.59693E-6 4.65442E-6 2.0192E-5 3.78782E-4 3.42566E-3 -9999 -9999 -9999 -9999 1.40589E-3 4.71664E-3 2.42075E-3 1.18976E-2 2.36453E-2 -9999 -9999 -9999 -9999 -9999 -9999 -9999 -9999 -9999 -9999 -9999 -9999 -9999 -9999 -9999 -9999 -9999 -9999 -9999 -9999 -9999 -9999 -9999 -9999 -9999 -9999 7.3583E-4 4.4344E-4 3.03694E-3 1.59095E-3 9.90104E-4 8.03575E-4 2.94242E-4
3.35435E-2 2.40924E-2 2.94331E-2 5.57162E-2 6.09965E-3 2.42767E-3 3.21134E-4 2.18325E-4 7.94033E-5 2.39343E-5 8.07785E-6 3.44884E-6 5.51492E-6 5.28505E-6 1.14857E-4 1.44105E-4 9.27045E-5 1.754E-5 6.83924E-6 5.60392E-6 7.48093E-6 8.68688E-6 5.32043E-5 4.68149E-4 3.59014E-3 3.07641E-3 -9999 -9999 -9999 -9999 -9999 1.15307E-2 1.42833E-2 1.96278E-2 -9999 -9999 -9999 -9999 -9999 -9999 -9999 -9999 -9999 -9999 -9999 -9999 -9999 -9999 -9999 -9999 -9999 -9999 -9999 -9999 -9999 -9999 -9999 -9999 -9999 -9999 5.04049E-4 1.17576E-3 1.98153E-3 8.66943E-4 1.82123E-4 2.68599E-4 3.77832E-4
1.80271E-2 7.5963E-3 7.51423E-3 1.01134E-2 3.83183E-3 4.96676E-4 1.50817E-4 5.45297E-5 2.87956E-5 7.78454E-6 2.58005E-6 6.70524E-6 1.34207E-5 1.49244E-5 2.70299E-5 2.27034E-4 9.24586E-5 2.04278E-5 8.58789E-6 5.2161E-6 7.33454E-6 1.20254E-5 1.83763E-4 8.20665E-4 2.62331E-3 1.80019E-3 -9999 -9999 -9999 -9999 -9999 -9999 1.79718E-2 -9999 -9999 -9999 -9999 -9999 -9999 -9999 -9999 -9999 -9999 -9999 -9999 -9999 -9999 -9999 -9999 -9999 -9999 -9999 -9999 -9999 -9999 -9999 -9999 -9999 -9999 -9999 3.16106E-3 5.39194E-4 1.00996E-3 6.11385E-4 2.85331E-4 4.11606E-4 4.37379E-4
5.37216E-3 1.58245E-3 2.28259E-3 1.77893E-3 5.24776E-4 4.13307E-4 3.71877E-4 3.08494E-4 3.0739E-5 2.98028E-6 1.83203E-6 1.22483E-5 1.3735E-4 5.82178E-5 4.92748E-5 1.83546E-4 3.36711E-4 1.1518E-4 2.12884E-5 1.09181E-5 4.22237E-6 8.47166E-6 3.10467E-5 4.17953E-4 3.60833E-4 3.72051E-4 8.78229E-4 1.30435E-3 3.06245E-3 -9999 -9999 -9999 -9999 -9999 -9999 -9999 -9999 -9999 -9999 -9999 -9999 -9999 -9999 -9999 -9999 -9999 -9999 -9999 -9999 -9999 -9999 -9999 -9999 -9999 -9999 -9999 -9999 -9999 -9999 -9999 3.40321E-3 9.69897E-4 1.33953E-3 1.58567E-3 1.24263E-3 3.56087E-4 2.34521E-4
3.21544E-3 9.72768E-4 1.20194E-3 1.0197E-3 1.08716E-3 1.70636E-3 6.0096E-4 8.00265E-5 4.58873E-5 5.56937E-6 1.90244E-6 4.27761E-5 4.24529E-4 1.03588E-4 3.11274E-5 2.54109E-4 3.39487E-4 1.05895E-4 1.26635E-5 6.76969E-6 5.07418E-6 4.66633E-6 5.74051E-5 5.99321E-4 5.25295E-4 8.75506E-4 1.193E-3 8.63801E-4 1.33461E-3 4.68341E-3 1.04517E-2 -9999 -9999 -9999 -9999 -9999 -9999 -9999 -9999 -9999 -9999 -9999 -9999 -9999 -9999 -9999 -9999 -9999 -9999 -9999 -9999 -9999 -9999 -9999 -9999 -9999 -9999 -9999 -9999 -9999 -9999 1.69126E-3 1.36272E-3 1.98953E-3 1.24872E-3 2.50034E-4 9.01615E-5
1.58844E-3 1.57312E-3 1.53814E-3 3.74252E-3 4.24764E-3 1.6859E-3 9.37161E-4 8.50442E-5 1.10947E-4 1.64634E-5 6.52936E-6 1.88889E-4 3.79525E-4 9.97948E-5 1.54837E-4 7.29364E-4 4.09431E-4 8.91859E-5 1.49184E-5 7.56783E-6 3.02862E-6 5.26826E-6 3.39178E-5 4.19873E-4 1.54442E-3 1.42587E-3 1.9483E-3 1.29146E-3 1.24274E-3 9.72803E-3 2.63475E-2 1.33999E-2 -9999 -9999 -9999 -9999 -9999 -9999 -9999 -9999 -9999 -9999 -9999 -9999 -9999 -9999 -9999 -9999 -9999 -9999 -9999 -9999 -9999 -9999 -9999 -9999 -9999 -9999 -9999 -9999 -9999 3.23959E-3 1.55218E-3 1.20314E-3 1.07797E-3 6.25202E-4 1.13199E-4
5.40877E-3 5.834E-3 8.81315E-3 9.30463E-3 6.48823E-3 1.56599E-3 7.75817E-4 3.82869E-4 1.2723E-4 3.61021E-5 4.28745E-5 3.76203E-4 6.44426E-4 6.85413E-5 4.35965E-4 1.21487E-3 3.42017E-4 4.09416E-5 5.51306E-6 4.88688E-6 3.30175E-6 2.16783E-5 3.51674E-4 5.61024E-4 3.09355E-3 2.85871E-3 9.40943E-3 -9999 1.70742E-3 1.12358E-2 -9999 -9999 -9999 -9999 -9999 -9999 -9999 -9999 -9999 -9999 -9999 -9999 -9999 -9999 -9999 -9999 -9999 -9999 -9999 -9999 -9999 -9999 -9999 -9999 -9999 -9999 -9999 -9999 -9999 -9999 -9999 -9999 4.01292E-3 2.66699E-3 1.93533E-3 3.14778E-4 1.1109E-4
5.8082E-3 4.25238E-3 1.528E-2 6.47382E-3 1.56165E-3 4.85563E-4 1.2219E-4 7.81385E-5 2.46976E-5 2.99288E-5 2.70662E-4 7.59368E-4 1.04942E-3 7.31788E-4 1.05618E-3 7.17955E-4 1.3444E-4 2.80335E-5 5.16537E-6 4.54238E-6 1.16085E-5 3.94401E-4 7.20694E-4 8.43657E-4 3.61604E-3 2.92841E-3 1.0131E-2 -9999 3.68624E-3 -9999 -9999 -9999 -9999 -9999 -9999 -9999 -9999 -9999 -9999 -9999 -9999 -9999 -9999 -9999 -9999 -9999 -9999 -9999 -9999 -9999 -9999 -9999 -9999 -9999 -9999 -9999 -9999 -9999 -9999 -9999 -9999 -9999 -9999 2.49703E-3 2.72371E-3 7.10331E-4 1.34289E-4
5.06958E-3 4.38561E-3 8.50815E-3 3.47731E-3 1.79622E-3 3.531E-4 3.36683E-4 8.58842E-5 3.04839E-5 1.79436E-5 1.34535E-4 1.81298E-3 2.00949E-3 1.5985E-3 1.29588E-3 4.4517E-4 1.30166E-4 2.09456E-5 4.76178E-6 8.72844E-6 2.78119E-5 4.42991E-4 1.6777E-3 1.82646E-3 3.3746E-3 1.08675E-2 -9999 -9999 -9999 -9999 -9999 -9999 -9999 -9999 -9999 -9999 -9999 -9999 -9999 -9999 -9999 -9999 -9999 -9999 -9999 -9999 -9999 -9999 -9999 -9999 -9999 -9999 -9999 -9999 -9999 -9999 -9999 -9999 -9999 -9999 -9999 -9999 -9999 -9999 1.90879E-3 2.08637E-4 3.35947E-4
7.81264E-3 4.69265E-3 5.6667E-3 3.9634E-3 5.09125E-3 1.49289E-3 9.90109E-4 6.18783E-5 1.41021E-5 3.72036E-5 1.31783E-4 1.28372E-3 2.7116E-3 1.6987E-3 8.26267E-4 4.076E-4 2.14961E-4 4.86744E-5 1.13111E-5 4.67149E-6 1.40981E-4 1.15692E-3 1.74961E-3 4.40773E-3 2.48233E-3 5.09958E-3 -9999 -9999 -9999 -9999 -9999 -9999 -9999 -9999 -9999 -9999 -9999 -9999 -9999 -9999 -9999 -9999 -9999 -9999 -9999 -9999 -9999 -9999 -9999 -9999 -9999 -9999 -9999 -9999 -9999 -9999 -9999 -9999 3.1522E-3 2.54355E-3 3.05548E-3 -9999 -9999 -9999 -9999 2.17804E-3 2.76614E-3
