ENM/Final_Models/M_0.9_F_q_Set_1_E/Gustavia_santanderiensis_4_Choco.asc
ncols         367
nrows         963
xllcorner     -78.6
yllcorner     0.65
cellsize      0.00833333333333323
NODATA_value  -9999
[rows 682 to 712 of 963, columns 140 to 209 of 367]
1E0 1E0 1E0 1E0 1E0 1E0 1E0 1E0 1E0 1E0 1E0 1E0 1E0 1E0 1E0 9.99997E-1 1E0 1E0 9.98803E-1 9.99136E-1 9.98141E-1 9.9417E-1 9.92253E-1 9.99894E-1 9.9921E-1 9.62402E-1 9.99968E-1 9.99976E-1 9.94711E-1 7.92714E-1 7.08898E-1 8.189E-1 9.91293E-1 9.97821E-1 9.73968E-1 9.39061E-1 9.64544E-1 9.42884E-1 7.19107E-1 6.44481E-1 6.77327E-1 4.15234E-1 7.78255E-1 9.17696E-1 8.49932E-1 3.3116E-1 4.1695E-1 7.43049E-1 6.3991E-1 9.10774E-1 8.6079E-1 8.86456E-1 6.51545E-1 5.6678E-1 3.83584E-1 1.32517E-1 3.60935E-3 1.1396E-3 3.70738E-4 8.90887E-4 1.13848E-5 5.24001E-6 3.92682E-5 2.87376E-4 4.15097E-5 1.89956E-5 1.59243E-5 8.58142E-5 6.19807E-5 7.92939E-6
1E0 1E0 1E0 1E0 1E0 1E0 1E0 1E0 1E0 1E0 1E0 1E0 1E0 9.99998E-1 9.99999E-1 9.99982E-1 9.99815E-1 9.99984E-1 9.99002E-1 9.9973E-1 9.97488E-1 9.94119E-1 9.99564E-1 9.9982E-1 9.90527E-1 9.96109E-1 9.9104E-1 9.84504E-1 9.94697E-1 9.45252E-1 6.14477E-1 7.23542E-1 9.81399E-1 9.37653E-1 9.52387E-1 9.8717E-1 9.95058E-1 9.48685E-1 9.12716E-1 8.56687E-1 7.47998E-1 5.00444E-1 4.03946E-1 4.45526E-1 7.01532E-1 2.74325E-1 3.33883E-1 7.98236E-1 9.1393E-1 9.15547E-1 8.83311E-1 6.80141E-1 4.63908E-1 4.70903E-1 3.78427E-1 1.57577E-2 4.06912E-3 4.10384E-4 1.16141E-4 2.78579E-3 2.48385E-4 2.93817E-4 1.9321E-3 4.49027E-4 1.6798E-4 3.72873E-5 1.0296E-5 1.27451E-5 1.4661E-5 1.01896E-5
1E0 1E0 1E0 -9999 1E0 1E0 1E0 1E0 1E0 1E0 1E0 9.99999E-1 1E0 1E0 9.99996E-1 9.99997E-1 1E0 9.99931E-1 9.99419E-1 9.99946E-1 9.99014E-1 9.97497E-1 9.99147E-1 9.99798E-1 9.97499E-1 9.94421E-1 9.93298E-1 9.97347E-1 9.99746E-1 8.81752E-1 9.0545E-1 5.98321E-1 8.9453E-1 9.80085E-1 9.89066E-1 9.7394E-1 9.97632E-1 9.97146E-1 8.73317E-1 9.67549E-1 9.22845E-1 7.34125E-1 3.84838E-1 4.783E-1 4.96325E-1 3.63683E-1 6.729E-1 7.80352E-1 9.5816E-1 9.86614E-1 5.18089E-1 3.25537E-1 3.19509E-1 6.27416E-1 1.71516E-1 4.84343E-3 4.06054E-3 7.4022E-4 2.75528E-4 2.93773E-3 8.74711E-4 3.88505E-3 4.26472E-3 1.43297E-3 8.53909E-4 8.96175E-5 1.04992E-5 5.62229E-6 5.40981E-6 7.07138E-6
1E0 1E0 1E0 1E0 1E0 -9999 1E0 1E0 1E0 1E0 1E0 1E0 9.99999E-1 1E0 1E0 9.99999E-1 9.99994E-1 9.99978E-1 9.99592E-1 9.91268E-1 9.99261E-1 9.94717E-1 9.99888E-1 9.9996E-1 9.99558E-1 9.78567E-1 9.94695E-1 9.99814E-1 9.98638E-1 8.93966E-1 8.95606E-1 7.68261E-1 8.57893E-1 7.41444E-1 9.31758E-1 9.77267E-1 9.91385E-1 9.89722E-1 9.54869E-1 9.49562E-1 9.41599E-1 9.13864E-1 8.47625E-1 6.80324E-1 5.30956E-1 7.21312E-1 9.19454E-1 8.64505E-1 9.46959E-1 9.86753E-1 9.66337E-1 7.03686E-1 6.6387E-1 6.02478E-1 1.86759E-1 2.9454E-3 1.3395E-3 3.50604E-4 6.91636E-4 1.00666E-2 7.33496E-3 1.01663E-2 4.0766E-3 2.5691E-3 9.29375E-4 1.96048E-4 1.56282E-5 4.38323E-6 5.39543E-6 6.41491E-6
1E0 1E0 1E0 1E0 1E0 1E0 1E0 -9999 1E0 1E0 1E0 1E0 1E0 9.99982E-1 9.99996E-1 1E0 9.99999E-1 9.99999E-1 9.96349E-1 9.98305E-1 9.99293E-1 9.99871E-1 9.99912E-1 9.99837E-1 9.99291E-1 9.99978E-1 9.99908E-1 9.99941E-1 9.9828E-1 9.8158E-1 9.20371E-1 9.96827E-1 9.57645E-1 8.57489E-1 9.1087E-1 9.4519E-1 9.97261E-1 8.6731E-1 8.78704E-1 9.34476E-1 9.60822E-1 9.61871E-1 9.58672E-1 8.42389E-1 5.86852E-1 8.94174E-1 9.93002E-1 9.77778E-1 9.15471E-1 9.82413E-1 9.75097E-1 8.71122E-1 7.10015E-1 4.85991E-1 1.64938E-1 3.8441E-3 4.46981E-4 5.73497E-4 1.61383E-3 1.21903E-2 8.09081E-3 1.02615E-3 9.84015E-5 5.46513E-5 3.52352E-5 1.3983E-5 3.59132E-6 1.51514E-5 2.00245E-5 2.90833E-5
1E0 1E0 1E0 1E0 1E0 1E0 1E0 1E0 1E0 1E0 1E0 1E0 1E0 1E0 9.99984E-1 9.999E-1 9.99719E-1 9.99973E-1 9.99914E-1 9.93113E-1 9.99866E-1 9.99792E-1 9.99965E-1 9.99889E-1 9.99937E-1 9.97704E-1 9.78456E-1 9.96013E-1 9.95728E-1 9.8028E-1 8.11233E-1 8.40479E-1 9.67813E-1 9.98732E-1 9.89896E-1 9.22789E-1 9.14019E-1 9.66254E-1 9.33881E-1 7.31715E-1 8.70646E-1 9.4368E-1 9.32497E-1 8.22312E-1 7.45582E-1 9.42406E-1 9.96784E-1 9.96477E-1 9.8787E-1 7.44005E-1 7.05927E-1 8.55024E-1 6.36137E-1 4.68445E-1 1.63416E-1 1.84781E-2 6.23148E-4 5.25855E-3 1.13805E-2 5.70692E-3 2.31751E-3 8.2856E-5 2.839E-5 2.34204E-5 2.124E-5 3.61367E-6 9.78923E-6 1.48993E-5 1.46014E-5 2.05555E-4
1E0 1E0 1E0 1E0 1E0 1E0 1E0 1E0 1E0 1E0 1E0 1E0 1E0 1E0 1E0 9.99996E-1 1E0 9.99998E-1 9.96378E-1 9.99955E-1 1E0 1E0 9.99999E-1 9.98963E-1 9.95462E-1 9.8377E-1 9.99448E-1 9.99894E-1 9.81206E-1 9.87422E-1 9.91934E-1 9.89925E-1 9.89597E-1 9.9969E-1 9.96697E-1 9.93769E-1 9.79074E-1 9.21217E-1 9.20558E-1 8.90188E-1 9.09565E-1 9.72176E-1 9.94566E-1 9.87106E-1 7.04285E-1 9.01852E-1 9.59836E-1 9.97623E-1 9.65014E-1 4.86465E-1 3.90798E-1 1.67828E-1 1.49253E-1 3.04823E-1 9.49045E-2 1.37568E-2 7.46116E-4 1.13383E-3 2.89773E-3 1.86966E-3 1.12674E-3 5.22466E-4 9.52548E-4 1.95024E-4 1.45812E-5 8.23447E-6 2.0195E-5 3.89367E-5 1.10346E-4 1.61484E-4
1E0 1E0 1E0 1E0 1E0 1E0 1E0 1E0 1E0 1E0 1E0 1E0 1E0 1E0 1E0 1E0 1E0 9.99097E-1 9.99718E-1 1E0 1E0 1E0 9.99956E-1 9.88349E-1 9.86113E-1 9.87879E-1 9.99757E-1 9.99954E-1 9.33809E-1 9.7801E-1 9.72346E-1 9.93596E-1 9.96211E-1 9.97567E-1 9.95471E-1 9.54067E-1 7.53693E-1 9.65499E-1 9.68077E-1 9.95435E-1 9.941E-1 9.87419E-1 9.96333E-1 9.62565E-1 8.09961E-1 9.31859E-1 9.79811E-1 9.47413E-1 2.1577E-1 7.32347E-1 3.45852E-1 2.69527E-1 1.67112E-1 1.13671E-1 7.22027E-2 4.71722E-2 7.84028E-4 1.43057E-4 5.67051E-4 4.06706E-3 1.07847E-2 6.98007E-3 2.8709E-3 5.94097E-4 2.55329E-5 3.0027E-5 8.37058E-6 3.1618E-5 4.02634E-5 5.28915E-5
1E0 1E0 1E0 1E0 1E0 1E0 1E0 1E0 1E0 1E0 1E0 9.99999E-1 1E0 1E0 1E0 9.99998E-1 1E0 1E0 9.9965E-1 9.99999E-1 9.99894E-1 9.9974E-1 9.96499E-1 9.95584E-1 9.99587E-1 9.92784E-1 9.99114E-1 9.85743E-1 9.98187E-1 9.84986E-1 8.69381E-1 8.36692E-1 9.02772E-1 8.6359E-1 9.26894E-1 9.08905E-1 5.50017E-1 7.7249E-1 9.41352E-1 9.95615E-1 9.91132E-1 9.94012E-1 9.98172E-1 9.8959E-1 7.48431E-1 6.51935E-1 5.80125E-1 5.3089E-1 5.47568E-1 9.06897E-1 8.4333E-1 6.63553E-1 2.04913E-1 4.35331E-1 1.5026E-1 6.47693E-2 4.68517E-3 9.92841E-5 1.41543E-4 7.31563E-5 3.1905E-3 1.37065E-2 4.48112E-3 1.95335E-3 5.28738E-5 2.70686E-5 1.67467E-5 1.69289E-5 2.18713E-4 2.78245E-4
1E0 1E0 1E0 1E0 1E0 1E0 9.99999E-1 1E0 1E0 1E0 1E0 9.99977E-1 1E0 1E0 1E0 -9999 1E0 1E0 -9999 1E0 9.99986E-1 9.9998E-1 9.99766E-1 9.99996E-1 9.99993E-1 9.9998E-1 9.99965E-1 9.99999E-1 1E0 9.73986E-1 8.92316E-1 8.97894E-1 9.98638E-1 9.92849E-1 9.25609E-1 8.43534E-1 8.41097E-1 5.4308E-1 8.9335E-1 9.84536E-1 9.63867E-1 9.32906E-1 9.44403E-1 9.63806E-1 5.46493E-1 5.6128E-1 8.53321E-1 4.64885E-1 9.07553E-1 8.74162E-1 8.01837E-1 5.33558E-1 5.69865E-1 6.38121E-1 4.58121E-1 1.52948E-1 1.1787E-1 2.08785E-2 1.67472E-4 9.18231E-5 2.01088E-3 1.56617E-2 3.71764E-3 1.301E-3 4.92374E-5 3.03483E-5 1.62358E-5 1.66562E-5 7.18822E-4 3.92847E-4
1E0 1E0 1E0 1E0 1E0 1E0 1E0 1E0 1E0 1E0 1E0 1E0 9.99999E-1 1E0 1E0 1E0 1E0 1E0 1E0 1E0 1E0 9.97459E-1 9.99272E-1 9.99875E-1 1E0 9.97684E-1 9.98483E-1 9.99938E-1 1E0 9.97032E-1 9.97972E-1 9.16279E-1 9.35671E-1 9.58353E-1 9.03845E-1 9.51449E-1 8.49626E-1 8.91225E-1 9.9981E-1 9.73122E-1 9.0208E-1 8.89795E-1 8.31902E-1 9.81375E-1 9.73699E-1 8.90543E-1 6.64549E-1 8.69029E-1 9.7774E-1 9.66355E-1 9.52659E-1 9.71641E-1 9.64473E-1 7.53324E-1 3.09081E-1 1.29067E-1 2.29632E-1 1.73661E-1 4.95604E-3 3.62958E-4 9.54113E-3 1.04778E-2 1.16898E-2 3.1216E-3 5.48194E-5 3.19286E-5 6.19143E-6 4.19421E-5 5.08109E-4 1.77029E-4
1E0 1E0 1E0 1E0 1E0 1E0 1E0 1E0 1E0 1E0 1E0 1E0 1E0 1E0 1E0 1E0 1E0 9.99996E-1 9.99999E-1 9.99967E-1 9.843E-1 9.89311E-1 9.92105E-1 9.99997E-1 9.97421E-1 9.99921E-1 9.97118E-1 9.98497E-1 9.99035E-1 9.98399E-1 9.99643E-1 9.96275E-1 9.96328E-1 9.99791E-1 9.84108E-1 9.96699E-1 9.34378E-1 9.2444E-1 9.86753E-1 9.67765E-1 9.99644E-1 9.98999E-1 9.97028E-1 8.99087E-1 7.02146E-1 8.12111E-1 4.68433E-1 7.63971E-1 8.31507E-1 7.3898E-1 8.49176E-1 9.53593E-1 8.57313E-1 6.60219E-1 1.56418E-1 2.69609E-1 3.56274E-1 2.64302E-1 5.23723E-2 2.80934E-2 9.20997E-3 2.17913E-3 1.38935E-3 2.98094E-4 5.30919E-5 1.39495E-5 7.80612E-6 4.20204E-5 1.90308E-4 3.22491E-4
1E0 1E0 1E0 1E0 1E0 1E0 1E0 1E0 1E0 1E0 1E0 9.99996E-1 1E0 1E0 1E0 1E0 9.98961E-1 9.99372E-1 9.99999E-1 -9999 9.85995E-1 9.99053E-1 9.99931E-1 9.99997E-1 9.99999E-1 9.92998E-1 9.99405E-1 9.926E-1 9.92151E-1 9.99329E-1 9.80878E-1 9.99726E-1 9.9888E-1 9.95203E-1 9.90386E-1 9.5965E-1 9.57983E-1 9.99223E-1 9.99653E-1 9.95747E-1 9.99722E-1 9.99747E-1 9.86414E-1 7.66153E-1 6.11033E-1 6.1533E-1 8.45973E-1 9.7222E-1 9.68243E-1 9.91128E-1 9.78339E-1 9.41545E-1 4.13898E-1 4.13545E-1 5.61918E-1 4.60722E-1 1.62399E-1 1.33992E-2 6.26001E-4 6.21773E-3 2.42143E-3 1.0243E-3 7.42022E-4 2.05925E-5 1.53625E-5 2.78588E-6 3.77015E-6 7.17208E-5 4.76683E-4 2.32822E-4
1E0 1E0 1E0 1E0 1E0 1E0 1E0 1E0 1E0 1E0 1E0 1E0 1E0 1E0 1E0 9.99997E-1 9.99976E-1 9.99998E-1 1E0 9.99996E-1 9.98816E-1 9.99955E-1 9.99999E-1 9.9997E-1 1E0 9.99999E-1 9.99891E-1 9.90146E-1 9.75466E-1 9.80486E-1 9.96592E-1 9.97524E-1 9.93477E-1 9.95752E-1 9.99923E-1 9.49157E-1 9.99392E-1 9.75109E-1 8.86316E-1 9.88615E-1 9.97128E-1 9.98769E-1 9.93302E-1 6.00461E-1 3.87088E-1 5.87992E-1 8.1736E-1 9.68983E-1 9.72791E-1 9.98664E-1 9.87885E-1 9.51901E-1 7.93082E-1 6.66661E-1 3.06737E-1 1.82798E-1 2.87298E-2 5.76287E-3 1.60768E-4 7.42344E-4 7.30366E-4 1.40501E-4 1.57999E-5 1.30831E-5 1.89387E-5 1.01812E-5 1.80594E-5 2.37117E-4 3.52223E-4 2.42899E-4
1E0 1E0 1E0 1E0 1E0 1E0 1E0 1E0 1E0 1E0 1E0 1E0 1E0 1E0 1E0 1E0 1E0 1E0 1E0 9.99876E-1 9.99812E-1 9.84938E-1 9.99999E-1 9.99995E-1 1E0 1E0 1E0 9.99733E-1 9.99764E-1 9.97801E-1 9.96193E-1 9.99078E-1 9.9785E-1 9.98984E-1 9.9977E-1 9.97749E-1 9.84066E-1 7.67167E-1 8.74044E-1 9.97112E-1 9.99107E-1 9.99864E-1 9.96648E-1 3.69169E-1 3.1137E-1 4.43484E-1 8.80321E-1 9.96454E-1 9.95592E-1 9.96915E-1 9.30454E-1 9.79764E-1 7.63201E-1 3.12633E-1 3.95297E-2 4.36866E-2 1.49893E-2 4.41396E-4 7.5286E-5 7.05336E-5 2.60714E-4 4.98564E-5 1.38008E-5 1.79875E-5 6.31337E-6 1.96815E-5 2.88854E-5 3.75365E-5 1.75844E-4 3.02296E-4
1E0 1E0 1E0 1E0 1E0 1E0 1E0 9.99998E-1 1E0 9.99998E-1 1E0 9.99997E-1 9.99999E-1 9.99989E-1 1E0 9.99999E-1 1E0 1E0 9.99968E-1 9.99996E-1 9.99998E-1 9.99863E-1 9.99846E-1 1E0 1E0 1E0 1E0 1E0 1E0 1E0 9.99812E-1 9.92337E-1 9.99671E-1 9.99985E-1 9.99993E-1 9.91064E-1 9.93673E-1 8.00289E-1 6.41566E-1 9.92021E-1 9.95253E-1 9.90417E-1 9.97631E-1 9.36798E-1 4.69427E-1 4.56846E-1 8.64767E-1 7.51326E-1 7.54628E-1 8.25631E-1 6.57233E-1 9.46593E-1 8.18782E-1 1.91774E-1 2.02389E-2 1.3669E-1 8.56534E-2 2.15118E-3 7.80812E-5 4.52283E-4 9.71546E-3 8.28811E-4 1.83149E-5 1.05734E-5 2.00607E-6 6.4055E-5 1.27698E-4 3.62374E-4 3.13506E-4 -9999
1E0 1E0 1E0 1E0 1E0 1E0 1E0 1E0 1E0 1E0 9.99997E-1 9.99996E-1 9.99997E-1 1E0 1E0 9.99999E-1 9.99995E-1 1E0 1E0 9.99976E-1 9.98592E-1 1E0 9.99999E-1 9.99963E-1 -9999 1E0 1E0 1E0 1E0 1E0 1E0 1E0 9.99943E-1 9.99964E-1 9.9865E-1 8.32217E-1 9.62974E-1 8.72656E-1 5.96302E-1 7.86927E-1 9.85412E-1 9.87046E-1 9.40031E-1 8.62318E-1 9.86301E-1 9.64851E-1 9.54185E-1 9.1864E-1 8.02099E-1 9.34518E-1 8.69765E-1 7.61386E-1 2.35236E-1 8.34437E-2 8.38549E-2 5.81291E-2 8.85953E-2 5.42488E-3 7.32367E-5 3.46196E-3 2.11933E-2 1.3266E-3 3.21321E-5 1.17937E-5 4.82617E-6 3.66848E-5 1.74841E-4 9.2222E-4 1.48105E-3 -9999
1E0 1E0 1E0 1E0 1E0 1E0 1E0 1E0 9.99999E-1 9.99998E-1 9.99941E-1 1E0 9.99982E-1 9.99997E-1 9.99997E-1 1E0 9.99999E-1 9.99999E-1 9.99979E-1 9.99998E-1 1E0 1E0 1E0 9.99407E-1 1E0 -9999 1E0 1E0 1E0 1E0 1E0 1E0 9.99934E-1 9.99911E-1 9.99979E-1 9.96071E-1 8.92334E-1 9.97509E-1 7.52252E-1 4.48491E-1 9.27877E-1 9.77517E-1 9.44668E-1 9.98745E-1 8.12054E-1 6.26122E-1 9.18441E-1 9.81384E-1 9.67244E-1 9.74779E-1 7.78461E-1 4.59853E-1 3.30682E-1 2.56558E-1 2.12835E-1 1.43079E-1 1.45302E-1 1.30951E-3 4.28291E-5 3.62517E-4 2.21711E-3 3.30544E-4 9.19327E-6 5.17969E-6 1.77838E-5 1.11377E-5 1.76912E-5 3.11241E-4 -9999 -9999
1E0 1E0 1E0 1E0 1E0 1E0 1E0 1E0 1E0 9.99999E-1 9.99999E-1 9.99949E-1 9.99997E-1 9.99904E-1 9.99997E-1 9.99733E-1 9.99994E-1 9.99994E-1 9.99478E-1 9.99999E-1 1E0 1E0 1E0 9.99584E-1 -9999 1E0 1E0 9.99992E-1 9.99999E-1 1E0 9.99996E-1 9.99996E-1 9.99964E-1 9.99966E-1 9.99842E-1 7.9735E-1 9.98246E-1 9.78044E-1 8.77564E-1 8.32296E-1 9.71051E-1 9.85962E-1 8.53692E-1 9.81249E-1 8.23916E-1 6.43796E-1 9.29488E-1 9.7362E-1 9.64632E-1 9.75141E-1 9.17223E-1 3.7293E-1 1.28593E-1 1.40517E-1 1.85231E-1 1.63391E-1 6.40676E-2 3.40254E-4 5.38284E-5 1.46777E-4 7.05988E-5 1.32897E-5 9.72713E-6 1.33244E-5 1.95333E-5 1.36819E-5 1.77515E-5 -9999 -9999 -9999
1E0 1E0 1E0 1E0 1E0 1E0 1E0 1E0 1E0 1E0 9.99996E-1 1E0 1E0 9.99999E-1 9.99982E-1 9.98509E-1 9.99906E-1 9.99993E-1 9.99972E-1 9.99638E-1 1E0 9.9998E-1 9.99999E-1 9.99899E-1 1E0 1E0 9.99763E-1 9.99764E-1 9.99998E-1 9.99591E-1 9.94721E-1 9.98492E-1 9.99991E-1 9.99836E-1 9.99111E-1 9.83822E-1 9.86333E-1 6.63865E-1 9.23028E-1 9.65914E-1 9.31281E-1 9.37231E-1 9.22449E-1 6.99365E-1 8.16678E-1 8.22854E-1 8.73379E-1 8.89855E-1 9.36841E-1 9.55422E-1 8.55807E-1 4.07292E-1 1.24675E-1 1.20832E-1 4.038E-1 1.7691E-1 6.32141E-3 1.72037E-4 1.64599E-3 7.66064E-4 1.19424E-4 1.68145E-5 9.02529E-7 2.30125E-5 7.65804E-5 2.41317E-4 7.16783E-5 -9999 -9999 -9999
1E0 1E0 1E0 1E0 1E0 1E0 1E0 1E0 1E0 9.99999E-1 9.99999E-1 1E0 1E0 1E0 9.99797E-1 9.99983E-1 9.99823E-1 9.99996E-1 9.99997E-1 1E0 1E0 9.99994E-1 9.99998E-1 9.98621E-1 9.99994E-1 9.98558E-1 9.9424E-1 9.99995E-1 9.99982E-1 9.99451E-1 9.99481E-1 9.99162E-1 9.99987E-1 9.95423E-1 9.87838E-1 9.3762E-1 9.14649E-1 9.69709E-1 8.89825E-1 9.57728E-1 9.69125E-1 8.34946E-1 7.23554E-1 7.13436E-1 9.33562E-1 9.99369E-1 8.28349E-1 7.52376E-1 8.10863E-1 8.94373E-1 4.7442E-1 1.62902E-1 7.08146E-2 1.23874E-1 3.50562E-1 6.61221E-2 2.09632E-3 7.93289E-5 8.7707E-5 6.69853E-5 1.84102E-5 7.03345E-6 1.06306E-5 8.1958E-6 1.12154E-4 9.10669E-5 -9999 -9999 -9999 -9999
1E0 1E0 1E0 1E0 9.99999E-1 1E0 1E0 1E0 9.99999E-1 9.99991E-1 9.99984E-1 1E0 1E0 1E0 9.99377E-1 9.99621E-1 9.99997E-1 1E0 9.99989E-1 9.99981E-1 9.99984E-1 9.99989E-1 9.99423E-1 9.50416E-1 8.74879E-1 9.96665E-1 9.9959E-1 9.86513E-1 9.92564E-1 9.9731E-1 9.99678E-1 9.99935E-1 9.99756E-1 9.95194E-1 9.12336E-1 9.70737E-1 9.45728E-1 9.98063E-1 9.74797E-1 9.03893E-1 9.51135E-1 9.59707E-1 9.32255E-1 5.66011E-1 7.77432E-1 9.94214E-1 9.1801E-1 8.98645E-1 6.89561E-1 8.45127E-1 1.27956E-1 3.00561E-2 2.09356E-2 5.41056E-2 1.0145E-1 5.76024E-2 1.07061E-3 2.1811E-4 3.94056E-4 2.46635E-4 2.52068E-5 1.946E-5 6.02741E-6 1.27244E-5 1.33864E-5 4.46708E-5 -9999 -9999 -9999 -9999
1E0 1E0 1E0 9.99999E-1 1E0 1E0 9.99975E-1 1E0 1E0 9.99998E-1 1E0 9.99999E-1 1E0 9.99999E-1 1E0 1E0 1E0 1E0 1E0 9.99998E-1 1E0 1E0 9.83755E-1 7.99152E-1 8.7413E-1 9.98919E-1 9.99357E-1 9.99759E-1 9.99497E-1 9.99946E-1 9.99394E-1 9.94502E-1 9.99922E-1 9.62367E-1 8.7917E-1 9.79475E-1 9.05815E-1 9.95107E-1 9.90503E-1 9.63597E-1 6.93238E-1 6.93831E-1 8.33269E-1 5.56659E-1 8.8799E-1 9.90853E-1 9.95021E-1 9.85938E-1 5.13874E-1 3.52933E-1 2.54296E-1 3.10025E-2 1.07628E-2 9.15986E-3 1.62843E-2 7.29848E-2 6.88634E-3 5.55423E-4 4.20659E-4 8.5313E-4 1.88505E-4 1.25295E-5 2.39447E-5 1.80741E-4 1.01861E-4 2.8207E-4 -9999 -9999 -9999 -9999
1E0 1E0 1E0 9.99988E-1 1E0 1E0 1E0 9.99997E-1 9.99987E-1 9.99999E-1 9.99951E-1 9.99998E-1 9.99674E-1 9.99999E-1 9.99999E-1 9.99912E-1 1E0 9.99992E-1 9.99981E-1 1E0 9.99984E-1 9.99822E-1 9.95989E-1 9.40982E-1 9.87374E-1 9.97794E-1 9.94633E-1 9.97088E-1 9.94995E-1 9.99509E-1 9.96906E-1 9.81214E-1 9.99809E-1 9.9995E-1 9.98193E-1 9.9913E-1 9.91863E-1 9.87341E-1 8.24387E-1 8.51169E-1 4.10277E-1 5.81767E-1 6.50851E-1 5.07227E-1 8.11621E-1 9.60678E-1 9.7761E-1 8.64737E-1 5.95908E-1 2.37946E-1 2.11633E-1 7.2244E-2 1.26901E-2 3.90909E-3 9.3762E-4 1.05812E-2 1.70597E-2 3.48136E-3 8.42084E-5 3.9971E-5 3.9745E-5 2.11062E-5 7.19953E-5 8.19354E-4 7.99179E-4 -9999 -9999 -9999 -9999 -9999
1E0 1E0 1E0 1E0 1E0 1E0 1E0 1E0 9.99987E-1 9.97661E-1 9.99997E-1 9.99992E-1 9.98834E-1 9.88937E-1 9.99832E-1 1E0 1E0 9.99953E-1 9.99982E-1 9.99938E-1 9.99488E-1 9.80595E-1 9.99595E-1 9.96843E-1 9.9346E-1 9.93474E-1 9.89096E-1 9.94745E-1 9.97983E-1 9.99296E-1 9.94986E-1 9.84019E-1 9.95454E-1 9.93965E-1 9.72992E-1 9.94328E-1 9.89889E-1 8.91503E-1 8.40821E-1 5.02752E-1 4.70011E-1 8.21034E-1 6.73135E-1 7.56575E-1 9.01209E-1 8.97232E-1 8.46449E-1 8.29408E-1 8.41475E-1 6.59846E-1 3.20032E-1 7.32591E-2 1.30423E-3 8.77609E-4 7.25252E-4 5.00621E-4 2.27065E-3 2.80237E-3 2.30724E-4 1.58561E-5 2.16657E-5 5.31917E-4 8.03143E-4 5.10696E-4 6.56005E-4 -9999 -9999 -9999 -9999 -9999
1E0 1E0 1E0 1E0 1E0 1E0 9.99999E-1 1E0 9.99952E-1 9.99724E-1 1E0 9.99999E-1 1E0 9.85733E-1 1E0 9.99987E-1 9.99988E-1 9.99991E-1 9.8224E-1 9.84209E-1 9.71498E-1 9.9228E-1 9.96379E-1 9.99579E-1 9.9068E-1 9.57796E-1 9.83297E-1 9.62229E-1 7.46782E-1 9.09753E-1 7.31586E-1 7.89128E-1 7.1087E-1 7.37384E-1 7.55623E-1 9.56781E-1 6.91741E-1 8.76984E-1 8.74933E-1 8.36956E-1 7.88869E-1 9.28949E-1 6.54766E-1 9.51248E-1 9.88531E-1 9.69344E-1 7.77505E-1 8.29651E-1 6.09221E-1 3.84247E-1 1.64511E-1 1.08798E-1 5.65794E-2 6.05669E-2 1.87722E-2 4.09671E-4 1.82736E-4 2.16736E-3 1.65773E-4 2.73214E-5 6.8281E-5 1.23E-3 4.71385E-3 6.52389E-4 2.01339E-3 -9999 -9999 -9999 -9999 -9999
1E0 1E0 1E0 1E0 1E0 9.99991E-1 1E0 9.99471E-1 9.9996E-1 9.99996E-1 9.99938E-1 9.99987E-1 9.99925E-1 9.99999E-1 9.99982E-1 9.99288E-1 9.99997E-1 9.99999E-1 9.93997E-1 9.54503E-1 8.84624E-1 9.94783E-1 9.98464E-1 9.9954E-1 9.85321E-1 8.46487E-1 9.54334E-1 8.37612E-1 7.35584E-1 6.26401E-1 5.71857E-1 6.38458E-1 6.79883E-1 4.80225E-1 7.59611E-1 9.17626E-1 9.78466E-1 9.27187E-1 4.16586E-1 4.99894E-1 8.48104E-1 8.29326E-1 6.45495E-1 9.5254E-1 9.94677E-1 9.76306E-1 9.40919E-1 9.69059E-1 8.76252E-1 4.67973E-1 1.18714E-1 5.33187E-1 5.93019E-1 3.38713E-1 8.72466E-2 7.13347E-4 1.14846E-4 2.44227E-5 1.06241E-5 2.34234E-5 6.82256E-4 2.76872E-3 1.08959E-3 5.78686E-3 5.6832E-3 -9999 -9999 -9999 -9999 -9999
1E0 1E0 1E0 1E0 1E0 1E0 9.99896E-1 9.94259E-1 9.99003E-1 9.97612E-1 9.97392E-1 9.99319E-1 9.9589E-1 9.99478E-1 9.99592E-1 9.99999E-1 9.9968E-1 9.98987E-1 9.8616E-1 9.89611E-1 9.84675E-1 9.98653E-1 9.99959E-1 9.80659E-1 9.15025E-1 9.89273E-1 7.64036E-1 9.36513E-1 7.8065E-1 4.22194E-1 2.49079E-1 1.32754E-1 2.72611E-1 6.00846E-1 8.47798E-1 9.43518E-1 9.9333E-1 9.94809E-1 2.56575E-1 3.02747E-1 4.07415E-1 8.69205E-1 5.42522E-1 8.99869E-1 8.85778E-1 9.96046E-1 9.61059E-1 8.14949E-1 5.56104E-1 3.00939E-1 7.20508E-2 1.62441E-1 2.36902E-1 5.75084E-2 1.01575E-2 2.27965E-3 3.0162E-3 5.79876E-5 2.96843E-5 3.83887E-4 5.39391E-4 1.08871E-3 5.25652E-3 1.07007E-2 7.08008E-3 -9999 -9999 -9999 -9999 -9999
1E0 1E0 1E0 9.99999E-1 1E0 1E0 9.99998E-1 9.97826E-1 9.98836E-1 9.88693E-1 9.78411E-1 9.90846E-1 9.99163E-1 9.99999E-1 9.99143E-1 9.9924E-1 9.98112E-1 9.99175E-1 9.58905E-1 9.47825E-1 9.92681E-1 9.98858E-1 9.997E-1 9.4636E-1 9.93863E-1 9.97736E-1 9.83897E-1 9.42998E-1 9.6703E-1 9.05162E-1 7.97913E-1 3.92195E-1 7.50949E-1 8.09341E-1 9.77935E-1 9.97234E-1 9.998E-1 9.93292E-1 8.43103E-1 4.544E-1 5.2745E-1 6.41436E-1 7.715E-1 6.78874E-1 8.88265E-1 7.2627E-1 5.0752E-1 1.66423E-1 1.13583E-1 1.01334E-1 1.1408E-1 3.77081E-2 9.08549E-2 4.5804E-2 1.47708E-2 2.38969E-2 3.2089E-3 2.30239E-4 1.92083E-4 2.58029E-3 1.61721E-3 2.11898E-3 2.68312E-3 1.07538E-2 5.49224E-3 -9999 -9999 -9999 -9999 -9999
1E0 1E0 1E0 1E0 1E0 9.99999E-1 9.99993E-1 9.90771E-1 9.98465E-1 8.84187E-1 7.83842E-1 9.85564E-1 9.78998E-1 9.99392E-1 8.92878E-1 9.99743E-1 9.94632E-1 9.96021E-1 9.84123E-1 9.81413E-1 9.94041E-1 9.96335E-1 9.99811E-1 9.96071E-1 9.64044E-1 9.03051E-1 7.63062E-1 9.33312E-1 9.8046E-1 8.66049E-1 9.83464E-1 6.61109E-1 7.65566E-1 8.35667E-1 9.94533E-1 9.99904E-1 9.99988E-1 8.75378E-1 9.84275E-1 7.13918E-1 8.80227E-1 3.99167E-1 3.88041E-1 5.0778E-1 3.96763E-1 5.40071E-1 8.26445E-1 3.59089E-1 9.98677E-2 4.47856E-2 3.97588E-2 4.85627E-2 6.72248E-2 4.31224E-2 4.52033E-2 8.68914E-3 2.83739E-3 2.09727E-4 9.35974E-5 5.19926E-3 5.81557E-3 7.73246E-3 9.62125E-3 7.10379E-3 5.58112E-3 -9999 -9999 -9999 -9999 -9999
1E0 1E0 1E0 1E0 1E0 1E0 1E0 1E0 9.9912E-1 9.44474E-1 8.95769E-1 9.94147E-1 9.40423E-1 9.46462E-1 9.9707E-1 9.98501E-1 9.9954E-1 9.99936E-1 9.97187E-1 9.96127E-1 9.85341E-1 9.94837E-1 9.74215E-1 9.97454E-1 9.98548E-1 7.56563E-1 5.69952E-1 8.23543E-1 7.80098E-1 9.0592E-1 9.76563E-1 9.22541E-1 8.01491E-1 9.45394E-1 9.98609E-1 1E0 9.99425E-1 6.83272E-1 8.30582E-1 8.91015E-1 9.21536E-1 5.59806E-1 5.14977E-1 3.98279E-1 5.97927E-1 3.28771E-1 7.39263E-1 5.37147E-1 3.25092E-1 2.31101E-1 1.63671E-2 1.57287E-3 8.4956E-3 4.89134E-2 3.05644E-2 8.78469E-3 6.95345E-4 3.96421E-4 1.79186E-3 1.68456E-3 3.45169E-3 1.33335E-2 2.0856E-2 9.30948E-4 6.48642E-4 -9999 -9999 -9999 -9999 -9999
