ENM/Final_Models/M_0.9_F_q_Set_1_E/Gustavia_santanderiensis_Choco_min.asc
ncols         367
nrows         963
xllcorner     -78.6
yllcorner     0.65
cellsize      0.00833333333333323
NODATA_value  -9999
[rows 390 to 419 of 963, columns 268 to 334 of 367]
1.67359E-1 1.95362E-1 1.51574E-1 9.07441E-2 1.72503E-1 2.89921E-1 4.01001E-1 5.79771E-1 3.80523E-1 2.04385E-1 9.71833E-2 2.21203E-2 2.2016E-1 3.9556E-2 2.82602E-2 7.88729E-2 1.38805E-1 1.51897E-1 1.23365E-1 1.62433E-1 2.44439E-1 1.71166E-1 9.0767E-2 5.88716E-2 9.80414E-2 4.49159E-3 4.26418E-3 6.22001E-3 2.61565E-2 1.64186E-2 1.88821E-2 4.1992E-2 5.26943E-2 5.17744E-2 3.55756E-2 4.60321E-2 3.10238E-2 1.39081E-2 3.44638E-2 2.36814E-2 2.05646E-3 3.48432E-3 2.27E-3 5.96856E-4 1.26478E-3 4.23483E-4 9.46253E-5 6.12874E-5 5.22153E-5 1.33758E-5 2.28407E-5 4.53709E-4 1.41726E-3 2.14994E-3 1.1621E-3 -9999 -9999 -9999 -9999 -9999 -9999 -9999 -9999 -9999 -9999 -9999 -9999
5.33443E-1 4.68259E-1 3.40016E-1 3.61988E-1 2.95675E-1 8.80991E-1 7.55496E-1 5.5263E-2 5.84173E-1 7.27716E-1 9.35647E-1 4.0882E-1 3.08638E-1 3.18762E-1 4.53431E-2 6.43893E-2 1.36567E-1 3.90233E-2 8.15806E-2 1.11085E-1 1.57199E-1 2.59987E-1 2.5149E-1 1.19033E-1 3.86281E-2 6.29394E-3 1.70481E-3 7.81049E-3 3.5442E-2 2.09604E-2 1.67964E-2 1.81802E-2 1.00148E-1 1.00493E-1 2.46397E-2 3.41968E-2 2.12759E-2 1.82903E-2 5.82498E-3 1.16748E-2 3.46548E-3 1.24738E-3 1.0506E-3 8.40444E-4 6.90184E-4 2.47345E-4 2.9814E-4 2.48351E-4 1.65499E-4 6.10605E-5 3.53865E-5 5.35392E-4 2.8172E-3 1.39764E-3 1.03401E-3 -9999 -9999 -9999 -9999 -9999 -9999 -9999 -9999 -9999 -9999 -9999 -9999
7.71721E-1 7.68009E-1 8.45948E-1 8.06871E-1 7.36421E-1 7.16056E-1 3.71438E-1 2.85775E-1 7.65632E-1 1.77728E-1 1.17861E-1 4.45124E-2 1.81481E-1 8.42536E-2 1.43303E-1 3.28106E-1 1.9234E-1 7.75339E-2 3.69227E-2 1.19041E-1 1.3798E-1 2.03821E-1 7.8951E-2 3.95357E-2 1.74711E-2 8.56563E-3 4.65478E-3 8.61453E-3 2.43854E-2 2.24517E-2 3.8523E-2 6.41555E-2 2.11672E-2 1.66929E-2 4.52784E-3 3.76308E-3 3.70887E-3 8.39784E-3 4.33468E-3 2.33657E-3 4.87281E-3 2.18622E-3 2.21307E-3 4.37111E-4 4.83545E-4 1.29589E-3 1.40727E-3 7.41262E-4 5.91422E-4 1.80903E-4 1.16872E-4 3.0697E-4 1.20836E-3 5.46418E-3 5.67268E-3 -9999 -9999 -9999 -9999 -9999 -9999 -9999 -9999 -9999 -9999 -9999 -9999
6.67969E-1 5.37137E-1 8.20065E-1 5.88963E-1 3.02621E-1 9.87866E-1 9.89619E-1 9.96117E-1 4.71092E-1 2.73715E-1 1.14017E-1 1.24192E-1 1.77187E-1 4.52317E-1 6.01352E-2 8.77975E-2 6.65126E-2 9.08408E-2 8.66495E-2 1.27338E-1 2.48945E-1 1.77994E-1 1.0598E-1 9.77131E-2 3.37219E-2 3.14431E-2 8.82643E-3 7.99695E-3 1.96528E-2 3.29941E-2 4.62432E-2 6.38067E-2 1.7538E-2 1.3807E-2 1.22016E-2 5.29657E-3 1.79308E-3 6.05509E-3 2.62742E-3 4.47319E-3 8.4361E-3 5.59842E-3 4.01655E-3 4.01436E-3 6.201E-3 6.26892E-3 2.49345E-3 9.3308E-4 1.20063E-3 4.46121E-4 1.18972E-3 1.89127E-3 5.90427E-3 9.68667E-3 4.4804E-3 -9999 -9999 -9999 -9999 -9999 -9999 -9999 -9999 -9999 -9999 -9999 -9999
2.03716E-1 5.27113E-1 2.54179E-1 7.60065E-1 8.44569E-1 9.68414E-1 9.90473E-1 9.93965E-1 9.80815E-1 5.25399E-1 2.75386E-1 1.53435E-1 2.43455E-1 2.92461E-1 3.24138E-1 1.43269E-1 1.36499E-1 4.08747E-2 1.45619E-1 1.01634E-1 3.33305E-1 1.27962E-1 8.38151E-2 1.35394E-1 7.84825E-2 5.50936E-2 9.21261E-3 5.8979E-3 2.03958E-2 2.4926E-2 1.29645E-1 3.5574E-2 1.08075E-2 2.04089E-2 1.09731E-2 8.02171E-3 4.00743E-3 6.0475E-3 1.11584E-2 8.70392E-3 4.46436E-3 6.78646E-3 4.14786E-3 5.143E-3 5.19204E-3 8.73266E-3 1.21459E-2 4.16814E-3 2.63324E-3 2.76916E-3 6.29101E-3 7.55808E-3 1.60038E-2 1.90458E-3 4.28469E-3 -9999 -9999 -9999 -9999 -9999 -9999 -9999 -9999 -9999 -9999 -9999 -9999
1.09325E-1 7.33804E-2 1.13691E-1 5.46217E-1 5.02414E-1 4.17676E-1 5.72276E-1 9.55002E-1 7.00602E-1 5.45799E-1 3.48832E-1 3.1014E-2 2.76377E-1 5.82379E-1 3.15294E-1 1.16978E-1 8.89624E-2 7.14987E-2 1.97555E-1 2.33218E-1 2.33647E-1 1.94342E-1 2.13066E-1 1.77766E-1 7.52466E-2 3.20152E-2 9.54306E-3 1.40061E-2 1.84208E-2 1.73721E-2 2.12557E-2 9.2353E-4 3.38675E-2 2.83154E-2 1.53056E-2 5.59643E-3 1.58343E-2 9.20316E-4 5.09575E-5 1.30906E-2 9.25071E-3 1.81693E-2 1.19075E-2 8.18185E-2 6.72784E-2 3.26268E-2 3.46249E-2 9.60329E-3 3.61807E-3 1.75616E-3 1.22653E-2 1.37729E-3 2.64857E-3 1.16709E-2 -9999 -9999 -9999 -9999 -9999 -9999 -9999 -9999 -9999 -9999 -9999 -9999 -9999
2.44995E-1 9.33044E-2 1.92807E-1 1.46923E-1 3.66121E-1 2.7044E-1 5.51702E-1 5.73942E-1 2.8439E-1 3.82986E-1 3.12388E-1 9.62206E-2 4.24625E-1 2.46602E-1 1.68473E-1 4.65162E-2 4.79962E-2 1.28797E-1 3.37492E-1 4.00059E-1 3.8578E-1 1.87185E-1 4.44895E-2 1.81349E-2 2.24674E-2 3.16501E-2 2.4614E-2 1.37823E-2 2.01881E-3 2.28829E-3 5.93525E-3 5.01497E-3 3.57753E-2 1.86244E-1 1.37032E-1 1.54421E-1 8.76297E-2 7.99769E-2 1.21263E-1 5.50391E-2 5.31139E-2 1.40098E-1 6.3423E-2 2.04968E-2 4.35799E-2 7.4057E-2 5.01155E-2 2.82298E-2 2.9204E-2 1.83842E-2 4.39844E-2 1.57271E-2 2.76107E-2 6.59029E-3 -9999 -9999 -9999 -9999 -9999 -9999 -9999 -9999 -9999 -9999 -9999 -9999 -9999
1.71755E-1 1.55561E-1 8.98619E-2 2.96221E-1 4.45993E-1 2.12044E-1 2.79845E-1 5.10353E-1 4.13757E-1 2.1203E-1 2.76471E-1 3.92975E-1 4.63196E-1 1.95609E-1 1.97435E-1 1.49519E-1 2.25842E-1 1.26768E-1 2.42959E-1 3.63973E-1 6.06908E-2 8.25901E-2 2.04344E-1 1.01716E-1 5.80229E-2 2.01449E-2 2.77361E-3 1.75811E-2 2.51904E-2 1.29789E-2 6.44693E-2 4.68778E-2 2.63608E-1 9.60231E-2 3.16255E-2 5.34729E-2 4.769E-2 5.35227E-2 7.01108E-2 4.50001E-2 1.24804E-2 3.36938E-2 1.56018E-2 4.45926E-3 3.11862E-3 9.83798E-3 1.65223E-2 2.57218E-2 1.235E-2 1.24172E-2 2.49463E-2 3.80839E-2 2.78493E-2 -9999 -9999 -9999 -9999 -9999 -9999 -9999 -9999 -9999 -9999 -9999 -9999 -9999 -9999
3.70528E-1 1.23842E-1 6.81429E-2 1.34768E-1 1.7374E-1 2.72284E-1 4.82614E-1 2.72764E-1 2.53337E-1 2.64932E-1 2.30512E-1 2.7806E-1 4.46727E-1 2.46425E-1 2.22669E-1 1.19805E-1 1.38165E-1 6.62065E-2 4.44902E-2 1.13376E-1 7.0239E-2 1.71958E-1 2.72723E-2 2.44711E-2 7.84269E-1 5.323E-2 3.3524E-3 3.88276E-3 8.81175E-2 2.02562E-1 1.89421E-1 6.75349E-2 7.72641E-2 1.46366E-1 3.26083E-2 3.52848E-2 5.94047E-2 1.63938E-2 2.59521E-2 3.02693E-2 2.42886E-2 1.76554E-2 7.08127E-3 1.17796E-3 1.17568E-3 1.25193E-3 2.68027E-3 3.12653E-3 7.96468E-4 1.55829E-3 2.75658E-3 7.98406E-3 -9999 -9999 -9999 -9999 -9999 -9999 -9999 -9999 -9999 -9999 -9999 -9999 -9999 -9999 -9999
1.39512E-1 1.38904E-1 4.0425E-2 3.27782E-2 3.55589E-2 1.3045E-1 3.46293E-1 2.51673E-1 2.20662E-1 5.48425E-1 2.84187E-1 5.58469E-1 1.7504E-1 2.56716E-1 6.03425E-2 1.22274E-1 7.48725E-3 1.16859E-2 1.66741E-2 3.17819E-1 9.48535E-2 1.78471E-1 4.65938E-1 1.86619E-1 2.66209E-1 4.18036E-1 2.88204E-1 4.43747E-1 2.84578E-1 1.37796E-1 1.15452E-1 3.60972E-1 2.75724E-1 1.74184E-1 4.88766E-2 3.99978E-2 1.49109E-2 3.77951E-3 7.12608E-3 1.15736E-3 5.2802E-3 2.74199E-3 1.15194E-3 1.60652E-3 2.85329E-3 7.9735E-4 6.63066E-4 1.07072E-3 2.13401E-3 9.47616E-4 1.57076E-3 -9999 -9999 -9999 -9999 -9999 -9999 -9999 -9999 -9999 -9999 -9999 -9999 -9999 -9999 -9999 -9999
1.50396E-1 5.15852E-2 6.96017E-2 3.01178E-2 7.77581E-2 3.33458E-1 2.54522E-1 4.27891E-1 2.3972E-1 3.13469E-1 6.74221E-1 5.31834E-1 1.86955E-1 3.98246E-1 4.10764E-2 1.53135E-2 2.65624E-2 1.7749E-2 1.35797E-1 7.46483E-3 4.85782E-3 2.9702E-2 1.9454E-2 1.95315E-2 3.65178E-2 1.27218E-1 1.66154E-2 2.82543E-3 2.55359E-2 3.88607E-2 9.75654E-2 8.5976E-2 1.09513E-1 1.71273E-1 1.36654E-1 2.58341E-2 1.1459E-2 7.58269E-3 7.89696E-3 1.30792E-2 5.9295E-3 5.2051E-3 6.78477E-3 6.62124E-3 5.92719E-3 2.32691E-3 3.51301E-3 2.706E-3 2.3566E-3 1.33593E-3 -9999 -9999 -9999 -9999 -9999 -9999 -9999 -9999 -9999 -9999 -9999 -9999 -9999 -9999 -9999 -9999 -9999
1.4711E-1 9.978E-2 1.17809E-1 9.01885E-2 1.2588E-1 2.99297E-1 3.94126E-1 4.46011E-1 3.84186E-1 4.4881E-1 1.61433E-1 8.85659E-2 5.88838E-2 2.16545E-1 8.54868E-2 3.44033E-1 1.25239E-1 1.31539E-1 1.48771E-1 5.24356E-2 2.59813E-2 6.19682E-2 9.91331E-2 5.589E-2 8.86682E-2 1.33501E-1 2.0289E-1 5.13462E-2 2.5637E-2 2.91772E-3 2.6669E-3 6.47631E-3 2.99565E-2 3.68503E-2 7.90475E-2 2.57039E-2 1.37296E-2 1.44556E-2 7.71874E-3 7.47325E-2 5.26602E-2 2.12944E-2 1.08795E-2 1.20587E-2 5.08349E-3 4.81412E-3 4.58159E-3 1.07206E-2 4.04015E-3 -9999 -9999 -9999 -9999 -9999 -9999 -9999 -9999 -9999 -9999 -9999 -9999 -9999 -9999 -9999 -9999 -9999 -9999
1.76803E-1 2.45844E-1 2.60887E-1 3.50787E-1 1.37604E-1 2.61826E-1 4.29498E-1 3.48397E-1 2.00853E-1 1.66966E-1 1.77183E-1 5.14539E-1 2.27092E-1 4.03908E-1 1.46914E-1 2.52259E-1 4.27336E-3 1.33736E-2 2.28723E-2 8.73656E-2 2.28046E-1 6.91829E-2 8.05211E-2 4.91489E-2 3.46571E-2 2.64007E-2 3.68157E-2 6.82451E-2 4.79455E-2 1.49682E-2 4.54098E-3 4.44492E-3 9.74629E-3 3.07723E-2 1.39549E-1 8.78109E-2 6.08806E-2 8.92105E-2 4.34015E-2 4.70227E-2 3.66953E-2 2.77737E-2 1.85814E-2 1.73295E-2 1.1766E-2 2.01848E-2 2.09802E-3 3.49025E-3 -9999 -9999 -9999 -9999 -9999 -9999 -9999 -9999 -9999 -9999 -9999 -9999 -9999 -9999 -9999 -9999 -9999 -9999 -9999
2.32475E-1 2.57573E-1 4.37314E-1 1.57888E-1 2.85927E-1 4.43369E-1 1.17995E-1 4.9676E-1 1.13549E-1 3.29608E-1 2.47999E-1 2.60986E-1 2.64963E-1 1.06094E-1 5.8866E-2 4.28341E-2 1.17044E-1 1.69338E-1 1.80819E-1 1.79954E-1 9.20295E-2 8.29342E-2 6.27806E-2 2.5597E-2 9.43667E-3 7.83696E-3 4.13272E-2 9.84376E-3 7.01038E-3 1.70489E-3 7.08035E-4 2.5809E-3 8.76701E-3 7.15606E-3 9.52152E-2 9.14513E-2 5.00716E-2 6.09801E-3 8.25525E-3 8.04261E-3 4.40987E-2 6.73339E-3 1.8272E-3 2.43391E-3 2.04151E-3 1.5825E-3 3.40026E-3 -9999 -9999 -9999 -9999 -9999 -9999 -9999 -9999 -9999 -9999 -9999 -9999 -9999 -9999 -9999 -9999 -9999 -9999 -9999 -9999
1.62293E-1 4.07198E-1 4.27329E-1 3.08342E-1 3.15078E-1 3.13121E-1 1.27557E-1 9.71628E-2 1.11608E-1 1.64037E-1 4.99227E-2 1.00996E-1 1.87698E-1 1.5611E-1 1.17533E-1 1.86099E-1 5.52837E-2 7.95329E-2 1.04166E-1 7.09008E-2 9.03924E-2 2.08835E-2 3.94464E-3 2.56113E-3 1.04106E-3 2.81311E-3 9.28926E-3 6.82123E-3 7.07269E-3 5.68667E-4 7.64736E-4 1.61681E-3 1.28619E-3 1.10401E-3 4.3599E-3 6.13405E-2 8.67575E-2 3.46974E-2 4.37234E-3 1.6433E-3 2.74801E-3 4.97294E-3 1.91327E-3 4.9616E-4 2.3794E-3 2.31729E-3 -9999 -9999 -9999 -9999 -9999 -9999 -9999 -9999 -9999 -9999 -9999 -9999 -9999 -9999 -9999 -9999 -9999 -9999 -9999 -9999 -9999
5.5994E-1 5.02849E-1 4.33003E-1 6.11207E-1 5.4356E-1 5.93561E-1 3.22507E-1 3.56229E-1 4.56304E-1 3.87484E-1 1.47169E-1 1.24651E-1 8.75359E-2 1.17324E-1 1.39802E-1 1.56427E-1 1.0494E-1 1.24002E-1 1.44952E-1 2.50329E-2 1.17157E-2 6.78407E-3 1.00162E-3 1.77227E-3 8.79815E-4 1.22569E-3 1.50049E-2 7.31334E-3 1.52759E-3 2.43685E-4 7.10337E-5 2.56209E-4 4.78318E-4 2.99344E-3 6.43961E-3 4.68704E-2 6.03596E-2 1.44164E-2 7.81309E-4 9.41603E-4 7.668E-4 7.72942E-4 2.2207E-3 8.76924E-4 5.48674E-4 -9999 -9999 -9999 -9999 -9999 -9999 -9999 -9999 -9999 -9999 -9999 -9999 -9999 -9999 -9999 -9999 -9999 -9999 -9999 -9999 -9999 -9999
4.99552E-1 5.0264E-1 7.08867E-1 7.12238E-1 6.41728E-1 6.64994E-1 1.63659E-1 4.48978E-1 2.60443E-1 1.62709E-1 1.66325E-1 1.28605E-1 5.93365E-2 1.24957E-1 7.82303E-2 1.92709E-1 1.25702E-1 8.70605E-2 6.80327E-2 2.55832E-2 9.08161E-3 3.01344E-3 1.9796E-3 6.72881E-4 2.4465E-3 9.2583E-3 2.78138E-3 3.60201E-3 3.13107E-3 3.27673E-3 1.19628E-4 3.04033E-4 1.12992E-3 1.40636E-3 3.40547E-3 6.58321E-3 3.63294E-2 1.03009E-2 2.05255E-3 4.06658E-4 2.08552E-3 7.32168E-4 6.19624E-4 -9999 -9999 -9999 -9999 -9999 -9999 -9999 -9999 -9999 -9999 -9999 -9999 -9999 -9999 -9999 -9999 -9999 -9999 -9999 -9999 -9999 -9999 -9999 -9999
2.51865E-1 3.62515E-1 5.1064E-1 2.88909E-1 2.49532E-1 5.73707E-1 3.14395E-1 2.00925E-1 2.1116E-1 1.86802E-1 1.42343E-1 1.94799E-1 1.93008E-1 1.36842E-1 1.26417E-1 1.35658E-1 7.49632E-2 4.89204E-2 4.16454E-2 1.5619E-2 4.90872E-3 2.10363E-3 3.22448E-4 4.46341E-4 1.25736E-3 4.45941E-3 1.98685E-3 4.01644E-4 3.20891E-4 2.21628E-4 1.00139E-4 4.11069E-5 2.02223E-4 6.35107E-4 4.49441E-3 2.08733E-3 4.75429E-2 1.50411E-2 2.55125E-3 1.98381E-3 2.25404E-3 1.59521E-3 -9999 -9999 -9999 -9999 -9999 -9999 -9999 -9999 -9999 -9999 -9999 -9999 -9999 -9999 -9999 -9999 -9999 -9999 -9999 -9999 -9999 -9999 -9999 -9999 -9999
4.3325E-1 3.53729E-1 4.55004E-1 2.45983E-1 3.06684E-1 2.24703E-1 1.76935E-1 3.02064E-1 8.48006E-2 2.43436E-1 1.08891E-1 9.6389E-2 1.13462E-1 1.4096E-1 9.9445E-2 1.5562E-1 2.46095E-2 6.46753E-3 5.7398E-3 1.03252E-3 4.98319E-3 9.15504E-3 2.54777E-4 4.25461E-5 2.15599E-4 7.18229E-4 4.1134E-4 8.25247E-5 1.79023E-4 6.00363E-4 1.45601E-4 1.72946E-4 1.32008E-4 7.40133E-4 8.63587E-3 1.60046E-3 1.72379E-2 1.55998E-2 7.26385E-3 8.31006E-3 4.83828E-3 3.38009E-3 -9999 -9999 -9999 -9999 -9999 -9999 -9999 -9999 -9999 -9999 -9999 -9999 -9999 -9999 -9999 -9999 -9999 -9999 -9999 -9999 -9999 -9999 -9999 -9999 -9999
2.08681E-1 1.5076E-1 1.18216E-1 7.57857E-2 5.13599E-2 2.21498E-1 2.33483E-1 3.81244E-1 2.13147E-1 1.3898E-1 1.27679E-1 1.60542E-1 1.36603E-1 1.12165E-1 1.24164E-1 1.44055E-1 2.07325E-2 2.767E-3 1.90663E-3 1.6718E-3 3.0071E-3 1.53146E-2 3.56878E-3 3.44501E-4 5.44514E-4 5.24544E-4 1.3483E-3 2.11137E-4 6.39995E-5 2.63207E-5 2.08E-5 3.61918E-5 3.2427E-4 3.89588E-4 2.82739E-3 1.90541E-3 8.35172E-3 1.74777E-2 3.34867E-3 2.07348E-3 2.75993E-3 7.4508E-4 -9999 -9999 -9999 -9999 -9999 -9999 -9999 -9999 -9999 -9999 -9999 -9999 -9999 -9999 -9999 -9999 -9999 -9999 -9999 -9999 -9999 -9999 -9999 -9999 -9999
1.57271E-2 8.05579E-3 8.87742E-3 1.36245E-2 3.83225E-3 1.2227E-2 2.37875E-2 3.91084E-2 4.08518E-1 2.93599E-1 2.87098E-1 1.38943E-1 9.09927E-2 1.0511E-1 1.08197E-1 1.25647E-1 3.46878E-2 2.47863E-3 5.74421E-4 7.59689E-4 5.308E-4 1.42351E-2 2.36189E-2 2.58718E-3 5.85103E-4 7.60085E-4 9.54069E-4 1.76653E-4 3.55983E-5 1.25776E-5 1.26839E-5 5.11791E-5 6.12173E-4 1.28073E-3 3.09466E-4 3.46432E-3 6.06712E-3 6.26996E-3 3.8868E-3 1.33884E-3 4.53875E-4 4.53287E-4 -9999 -9999 -9999 -9999 -9999 -9999 -9999 -9999 -9999 -9999 -9999 -9999 -9999 -9999 -9999 -9999 -9999 -9999 -9999 -9999 -9999 -9999 -9999 -9999 -9999
1.05507E-2 4.3173E-3 5.94773E-4 1.71542E-3 5.10039E-4 8.67427E-4 1.67396E-3 2.40037E-3 5.37585E-2 4.83381E-1 2.81178E-1 2.65475E-1 7.28539E-2 5.14226E-2 7.27213E-2 1.02709E-1 3.24466E-2 3.00656E-3 1.45328E-3 2.86011E-3 3.16482E-2 2.5531E-2 4.494E-2 9.30723E-3 6.13671E-4 1.74015E-4 5.00908E-5 1.32396E-5 1.53838E-5 2.93689E-5 2.06271E-4 1.74216E-4 2.59158E-4 3.69362E-3 9.67361E-4 3.00676E-3 3.0119E-3 3.92475E-3 6.78008E-3 9.94147E-4 1.93215E-3 1.78388E-3 -9999 -9999 -9999 -9999 -9999 -9999 -9999 -9999 -9999 -9999 -9999 -9999 -9999 -9999 -9999 -9999 -9999 -9999 -9999 -9999 -9999 -9999 -9999 -9999 -9999
9.63339E-3 1.27496E-3 2.7938E-4 3.25115E-4 5.85957E-4 2.0711E-4 3.28717E-4 9.70465E-4 2.87617E-2 3.76406E-1 1.53097E-1 2.19618E-1 5.2904E-2 1.18685E-2 4.95738E-2 8.37709E-2 3.46903E-2 2.43505E-3 2.27011E-3 3.85829E-3 5.87313E-3 3.3741E-2 1.23086E-2 2.34428E-2 5.74267E-3 1.54716E-4 3.71816E-5 6.807E-6 3.48623E-5 7.28469E-5 2.91025E-4 2.89447E-4 9.64613E-4 1.4351E-3 1.60843E-3 7.73606E-4 1.03772E-3 2.01958E-3 5.81639E-3 2.95148E-3 4.7454E-3 9.68002E-4 -9999 -9999 -9999 -9999 -9999 -9999 -9999 -9999 -9999 -9999 -9999 -9999 -9999 -9999 -9999 -9999 -9999 -9999 -9999 -9999 -9999 -9999 -9999 -9999 -9999
6.52787E-3 2.26407E-3 7.06343E-4 2.73293E-4 3.69202E-4 6.89989E-4 4.19704E-4 4.7831E-4 4.05748E-3 1.94106E-1 2.8429E-1 1.49113E-1 5.88114E-2 1.35183E-2 3.8086E-2 5.18548E-2 6.44977E-2 2.35793E-2 6.23263E-3 5.4258E-3 4.18666E-3 1.13821E-2 9.75071E-3 5.96294E-3 6.42803E-3 4.35789E-3 6.07228E-5 5.21236E-6 7.46762E-6 2.55738E-5 1.95115E-4 2.20438E-4 2.86532E-4 6.83136E-4 4.46863E-4 1.31119E-4 1.91786E-4 7.04472E-4 4.49404E-4 1.78504E-3 2.94044E-3 -9999 -9999 -9999 -9999 -9999 -9999 -9999 -9999 -9999 -9999 -9999 -9999 -9999 -9999 -9999 -9999 -9999 -9999 -9999 -9999 -9999 -9999 -9999 -9999 -9999 -9999
1.18211E-2 1.89781E-2 2.76893E-3 8.09787E-4 3.71946E-3 4.84039E-4 4.62906E-4 1.3959E-3 9.19415E-3 1.90169E-1 1.52034E-1 1.3368E-1 2.47156E-2 2.22472E-2 3.49788E-2 2.30646E-2 2.03512E-2 6.86522E-3 2.37855E-3 1.80083E-3 1.69095E-3 3.19377E-3 5.66293E-3 7.62977E-3 1.5737E-2 5.2868E-3 1.45637E-4 6.83566E-6 3.23852E-5 6.07368E-5 1.53345E-5 2.03343E-5 2.3715E-4 5.42353E-4 4.1245E-4 1.94252E-4 1.51919E-4 6.31301E-5 1.0614E-4 9.08585E-4 1.61947E-3 -9999 -9999 -9999 -9999 -9999 -9999 -9999 -9999 -9999 -9999 -9999 -9999 -9999 -9999 -9999 -9999 -9999 -9999 -9999 -9999 -9999 -9999 -9999 -9999 -9999 -9999
5.15381E-3 1.18937E-2 5.51533E-3 3.09088E-4 7.86171E-4 9.65666E-4 1.41382E-3 5.08256E-3 1.92468E-2 7.81248E-2 1.72776E-1 1.3872E-1 1.08267E-2 2.16177E-2 1.04967E-2 1.69901E-2 8.52439E-3 4.92747E-3 1.16263E-3 1.35709E-3 8.14252E-4 1.50554E-3 1.93449E-3 1.61342E-3 1.30923E-3 7.07258E-4 7.73026E-5 4.73653E-6 9.97757E-6 5.97121E-7 4.49117E-6 1.07416E-4 2.33421E-4 3.1202E-4 7.66776E-4 5.88115E-4 2.28476E-5 2.07834E-5 3.46949E-5 8.08336E-4 -9999 -9999 -9999 -9999 -9999 -9999 -9999 -9999 -9999 -9999 -9999 -9999 -9999 -9999 -9999 -9999 -9999 -9999 -9999 -9999 -9999 -9999 -9999 -9999 -9999 -9999 -9999
4.53593E-3 3.10699E-3 3.97157E-3 2.46438E-3 9.39776E-4 3.13606E-4 1.24031E-3 4.40383E-3 1.70855E-2 1.35882E-1 5.11934E-2 7.16604E-2 1.49482E-2 1.13044E-2 6.56944E-3 7.08046E-3 4.30663E-3 3.47887E-3 1.69779E-3 2.31275E-3 1.31009E-3 1.32687E-3 1.06678E-3 7.31937E-4 2.09178E-4 2.95894E-5 2.57391E-6 3.48217E-6 6.17439E-6 1.58454E-6 1.1611E-5 8.60516E-5 5.25372E-5 1.40627E-4 7.62842E-5 1.12181E-4 2.38434E-5 4.75224E-5 1.63057E-4 -9999 -9999 -9999 -9999 -9999 -9999 -9999 -9999 -9999 -9999 -9999 -9999 -9999 -9999 -9999 -9999 -9999 -9999 -9999 -9999 -9999 -9999 -9999 -9999 -9999 -9999 -9999 -9999
1.64415E-3 1.77625E-3 5.32302E-3 1.02404E-2 8.29458E-3 3.13961E-3 1.802E-3 4.6667E-3 1.75089E-2 6.69478E-2 9.42916E-2 3.71124E-2 1.21725E-2 5.03129E-3 5.18958E-3 2.09667E-3 1.86734E-3 1.35557E-3 6.53851E-4 1.86628E-3 2.35162E-3 1.6276E-3 3.15848E-3 7.04874E-4 9.54021E-6 2.61054E-8 3.35071E-8 1.90708E-7 5.1678E-7 8.12815E-7 1.56285E-5 1.58754E-5 1.00343E-5 8.04967E-5 2.1653E-5 1.26053E-5 7.0305E-5 8.91937E-5 6.06853E-5 -9999 -9999 -9999 -9999 -9999 -9999 -9999 -9999 -9999 -9999 -9999 -9999 -9999 -9999 -9999 -9999 -9999 -9999 -9999 -9999 -9999 -9999 -9999 -9999 -9999 -9999 -9999 -9999
3.37763E-3 4.13291E-3 1.0663E-2 2.23925E-2 1.58713E-2 5.15387E-3 3.75355E-3 2.9247E-3 1.03501E-2 4.16445E-2 5.97847E-2 5.08514E-2 1.53709E-2 5.07124E-3 3.72651E-3 2.72612E-3 2.78785E-3 7.28276E-4 7.13873E-4 3.02931E-3 1.01386E-3 1.00366E-3 2.74055E-3 1.54087E-3 1.72171E-6 3.48422E-9 3.09004E-9 1.56488E-8 3.02638E-7 1.24479E-6 4.12103E-7 4.41456E-7 7.06987E-6 1.45743E-5 4.13495E-6 7.51101E-6 1.06884E-4 1.78003E-5 -9999 -9999 -9999 -9999 -9999 -9999 -9999 -9999 -9999 -9999 -9999 -9999 -9999 -9999 -9999 -9999 -9999 -9999 -9999 -9999 -9999 -9999 -9999 -9999 -9999 -9999 -9999 -9999 -9999
2.41086E-2 9.59098E-3 1.0098E-2 3.14215E-2 2.83437E-2 2.13064E-2 1.72678E-2 1.24842E-2 1.94184E-2 3.26484E-2 9.10031E-2 5.876E-2 1.55784E-2 9.55309E-3 4.57421E-3 9.46579E-4 1.2445E-3 8.78316E-4 1.03066E-3 1.87879E-3 8.52862E-4 5.14636E-4 6.86802E-4 6.50384E-4 2.15344E-4 1.72057E-6 1.62944E-7 1.58716E-7 1.01791E-5 8.89284E-7 1.08844E-7 1.94083E-7 2.476E-6 1.40992E-6 2.04751E-6 1.64405E-5 7.62106E-6 5.9882E-6 -9999 -9999 -9999 -9999 -9999 -9999 -9999 -9999 -9999 -9999 -9999 -9999 -9999 -9999 -9999 -9999 -9999 -9999 -9999 -9999 -9999 -9999 -9999 -9999 -9999 -9999 -9999 -9999 -9999
