ENM/Final_Models/M_0.9_F_q_Set_1_E/Gustavia_santanderiensis_9_Choco.asc
ncols         367
nrows         963
xllcorner     -78.6
yllcorner     0.65
cellsize      0.00833333333333323
NODATA_value  -9999
[rows 408 to 441 of 963, columns 231 to 307 of 367]
1E0 1E0 1E0 1E0 1E0 1E0 1E0 1E0 1E0 1E0 1E0 1E0 1E0 1E0 1E0 1E0 1E0 1E0 1E0 1E0 1E0 1E0 1E0 1E0 1E0 1E0 1E0 1E0 1E0 1E0 1E0 1E0 1E0 1E0 1E0 1E0 1E0 1E0 1E0 1E0 1E0 1E0 1E0 1E0 1E0 9.94152E-1 1E0 1E0 9.99996E-1 1E0 1E0 1E0 1E0 9.66906E-1 6.13509E-2 5.43842E-2 8.77047E-3 4.83602E-2 9.05397E-1 5.14415E-3 1.24142E-3 3.62721E-3 1.18664E-2 1.18722E-2 3.01898E-3 1.238E-2 7.78097E-2 1.66108E-2 2.55682E-2 3.26136E-3 1.35096E-2 3.05962E-1 1.15041E-2 1.44878E-1 1.25998E-1 7.03913E-2 7.74829E-2
1E0 1E0 1E0 1E0 1E0 1E0 1E0 1E0 1E0 1E0 1E0 1E0 1E0 1E0 1E0 1E0 1E0 1E0 1E0 1E0 1E0 1E0 1E0 1E0 1E0 1E0 1E0 1E0 1E0 1E0 1E0 1E0 1E0 1E0 1E0 1E0 9.99974E-1 9.40895E-1 7.76267E-1 4.2235E-1 3.66785E-1 2.94156E-1 1E0 1E0 1E0 1E0 1E0 1E0 1E0 1E0 1E0 1E0 1E0 2.22619E-1 3.31729E-2 2.89946E-2 2.74945E-2 5.07389E-2 2.54879E-1 6.95381E-2 1.70564E-2 1.82425E-2 1.10053E-2 1.55613E-2 5.43285E-3 3.44407E-3 1.47596E-3 9.30704E-4 1.12173E-3 1.65071E-2 2.19677E-2 8.13499E-2 1.65359E-2 6.3178E-2 1.40683E-1 2.78121E-2 2.48154E-2
1E0 1E0 1E0 1E0 1E0 1E0 1E0 1E0 1E0 1E0 1E0 1E0 1E0 1E0 1E0 1E0 1E0 1E0 1E0 1E0 1E0 1E0 1E0 1E0 1E0 1E0 1E0 1E0 1E0 1E0 1E0 1E0 1E0 1E0 9.9996E-1 1.95106E-1 8.3462E-2 9.08406E-2 3.69921E-2 2.41092E-2 3.71845E-2 1.33744E-2 6.594E-2 1.15805E-1 5.06635E-1 1E0 1E0 1E0 1E0 1E0 9.99984E-1 1E0 1E0 6.2888E-1 3.50721E-2 1.00332E-2 3.99887E-2 7.70055E-3 6.09817E-1 2.54187E-1 4.39165E-2 3.84578E-2 3.67207E-2 2.83988E-2 6.95853E-3 2.36135E-3 6.057E-4 6.3172E-4 1.45213E-3 2.08724E-2 3.15113E-2 2.21018E-3 3.12436E-2 7.05768E-2 4.54693E-2 2.93921E-2 2.05618E-2
1E0 1E0 1E0 1E0 1E0 1E0 1E0 1E0 1E0 1E0 1E0 1E0 1E0 1E0 1E0 1E0 1E0 1E0 1E0 1E0 1E0 1E0 1E0 1E0 1E0 1E0 1E0 1E0 1E0 1E0 1E0 1E0 7.60563E-1 4.79598E-1 3.87369E-1 2.31892E-1 1.13431E-1 5.73194E-2 2.5008E-2 3.90351E-3 7.82174E-3 3.09827E-3 5.05693E-3 7.99416E-3 1.45506E-2 6.55591E-1 1E0 1E0 1E0 9.99985E-1 9.9444E-1 9.99222E-1 9.9997E-1 9.58606E-1 5.56511E-2 3.53581E-2 7.82182E-2 6.1281E-1 8.74036E-2 3.26205E-1 2.03961E-1 7.63631E-2 1.23831E-2 3.39544E-3 6.2969E-4 7.10913E-4 1.16061E-3 1.75791E-2 9.7628E-3 1.58373E-2 1.10349E-1 5.87914E-3 3.3275E-2 5.30705E-2 4.10124E-2 4.7538E-2 8.15395E-3
1E0 1E0 1E0 1E0 1E0 1E0 1E0 1E0 1E0 1E0 1E0 1E0 1E0 1E0 1E0 1E0 1E0 1E0 1E0 1E0 1E0 1E0 1E0 1E0 1E0 1E0 1E0 1E0 1E0 1E0 1E0 7.77019E-1 4.33039E-1 1.19283E-1 6.02105E-2 2.07003E-2 5.07565E-2 4.19924E-2 7.52664E-3 2.651E-3 3.08744E-3 5.67475E-3 2.01484E-3 2.6581E-3 7.54769E-3 1.78512E-1 1E0 1E0 1E0 1E0 5.83728E-1 6.96912E-1 9.99826E-1 9.69649E-1 1.05261E-1 3.6759E-2 4.38117E-2 5.42316E-2 3.74897E-1 6.48057E-2 2.40721E-1 2.2704E-1 5.35631E-3 3.50782E-3 3.8924E-4 1.35747E-3 2.15515E-3 1.45854E-2 1.05759E-2 6.06315E-2 2.70424E-2 2.02007E-2 8.19424E-3 1.71712E-2 3.07344E-2 5.56669E-2 2.15074E-2
1E0 1E0 1E0 1E0 1E0 1E0 1E0 1E0 1E0 1E0 1E0 1E0 1E0 1E0 1E0 1E0 1E0 1E0 1E0 1E0 1E0 1E0 1E0 1E0 1E0 1E0 1E0 1E0 1E0 1E0 1E0 9.54466E-1 8.81227E-2 1.74672E-2 3.59791E-2 1.73491E-2 2.03714E-2 2.97277E-2 2.11787E-2 1.34598E-2 9.48006E-3 7.27957E-3 8.71872E-3 4.08449E-3 4.67945E-3 3.05498E-2 1E0 1E0 1E0 9.98564E-1 6.57135E-1 9.96136E-1 9.98415E-1 9.99416E-1 9.87437E-1 3.28713E-1 7.51521E-2 6.18651E-2 7.79559E-1 6.19534E-2 4.81598E-2 9.59925E-2 9.40717E-2 3.97732E-3 2.87043E-4 1.8052E-4 4.81178E-4 2.66817E-3 3.21902E-3 3.45013E-3 1.58848E-2 4.27575E-3 1.34493E-3 6.16399E-3 1.4696E-2 4.52558E-3 2.82721E-2
1E0 1E0 1E0 1E0 1E0 1E0 1E0 1E0 1E0 1E0 1E0 1E0 1E0 1E0 1E0 1E0 1E0 1E0 1E0 1E0 1E0 1E0 1E0 1E0 1E0 1E0 1E0 1E0 1E0 1E0 1E0 1E0 7.61777E-2 8.3378E-3 9.01947E-3 8.87855E-3 5.7308E-3 1.13765E-1 4.70173E-1 1.31033E-1 3.75568E-2 4.09114E-1 8.06895E-3 8.1008E-3 1.26241E-2 1.10275E-1 1E0 1E0 1E0 8.74836E-1 8.24897E-1 9.58072E-1 4.10631E-1 8.7502E-1 3.72938E-1 5.08655E-2 3.22617E-2 2.94668E-2 7.13391E-2 8.41493E-2 1.32279E-1 4.24504E-1 1.84536E-1 4.46932E-3 3.45776E-4 8.81265E-4 5.2802E-3 4.34419E-4 1.22132E-3 2.29595E-2 4.76403E-2 2.06251E-2 1.55424E-2 1.19251E-2 3.1686E-3 2.05107E-3 2.02173E-2
1E0 1E0 1E0 1E0 1E0 1E0 1E0 1E0 1E0 1E0 1E0 1E0 1E0 1E0 1E0 1E0 1E0 1E0 1E0 1E0 1E0 1E0 1E0 1E0 1E0 1E0 1E0 1E0 1E0 1E0 1E0 1E0 8.24073E-2 6.50396E-2 2.72887E-2 1.43241E-2 2.31585E-2 1.26769E-1 1.32127E-1 2.50141E-1 1.36903E-2 3.78442E-2 5.44252E-2 3.98679E-2 6.00192E-2 3.88015E-1 1E0 1E0 1E0 5.23989E-1 9.65308E-1 1.96795E-1 3.27937E-1 5.05559E-1 1.13648E-1 2.07185E-2 2.0015E-2 1.07045E-2 3.41395E-2 3.73419E-2 2.60393E-2 2.11654E-2 2.36844E-2 5.97734E-3 2.29776E-4 6.19826E-4 2.58357E-5 1.90737E-4 6.06043E-3 1.02607E-2 1.33643E-2 2.97793E-2 1.32272E-1 1.58933E-3 7.38784E-4 8.64806E-4 1.94856E-2
1E0 1E0 1E0 1E0 1E0 1E0 1E0 1E0 1E0 1E0 1E0 1E0 1E0 1E0 1E0 1E0 1E0 1E0 1E0 1E0 1E0 1E0 1E0 1E0 1E0 1E0 1E0 1E0 1E0 1E0 1E0 1E0 8.70583E-1 8.95845E-1 7.08392E-1 4.63136E-2 3.25395E-1 4.83549E-1 3.46267E-1 2.38606E-1 1.01864E-1 3.87618E-2 1.1313E-2 3.67551E-2 1.103E-1 2.93752E-1 1E0 1E0 1E0 6.92171E-1 5.17229E-1 7.61332E-2 1.38233E-1 5.93219E-2 5.22273E-2 1.69105E-2 2.7444E-2 2.12115E-2 2.95787E-2 1.68399E-2 1.31029E-2 3.94478E-3 8.8536E-4 2.1781E-4 2.26897E-4 4.02292E-4 6.87862E-5 4.20817E-4 4.18139E-3 2.54745E-3 5.52548E-3 2.59135E-3 7.13937E-3 1.84764E-3 2.6124E-3 4.60733E-3 -9999
1E0 1E0 1E0 1E0 1E0 1E0 1E0 1E0 1E0 1E0 1E0 1E0 1E0 1E0 1E0 1E0 1E0 1E0 1E0 1E0 1E0 1E0 1E0 1E0 1E0 1E0 1E0 1E0 1E0 1E0 1E0 1E0 1E0 1E0 9.84719E-1 9.91196E-1 5.67854E-1 6.1455E-2 4.27908E-2 2.58899E-1 9.26595E-1 4.77546E-1 1.54265E-1 1.09318E-1 1.00049E-1 8.16496E-1 1E0 1E0 1E0 9.4847E-1 2.72998E-1 9.70737E-2 2.17752E-2 2.4742E-2 2.59765E-2 8.4343E-3 1.92046E-2 4.93501E-2 4.54996E-2 3.82699E-1 1.44759E-2 3.33736E-4 2.98544E-6 3.16928E-6 1.88473E-5 4.02235E-5 4.16881E-5 8.35711E-4 1.27093E-3 7.73042E-4 5.29547E-3 8.34755E-4 8.03199E-4 1.02736E-2 6.41717E-3 4.42783E-3 -9999
1E0 1E0 1E0 1E0 1E0 1E0 1E0 1E0 1E0 1E0 1E0 1E0 1E0 1E0 1E0 1E0 1E0 1E0 1E0 1E0 1E0 1E0 1E0 1E0 1E0 1E0 1E0 1E0 1E0 1E0 1E0 1E0 1E0 1E0 9.97362E-1 5.76842E-1 9.39839E-2 5.84159E-2 7.5111E-2 9.91446E-1 9.99928E-1 9.1914E-1 3.82172E-1 1.8771E-1 1.41674E-1 5.23905E-1 1E0 1E0 1E0 9.70607E-1 4.52529E-1 6.57119E-2 3.04048E-2 3.68393E-2 1.37098E-2 1.75961E-2 4.65505E-2 1.73724E-2 2.18138E-2 3.80685E-1 1.36302E-1 7.74048E-5 6.08673E-7 5.09254E-7 2.04885E-6 1.68853E-5 1.25672E-4 2.83792E-5 3.14993E-5 4.65052E-4 1.13019E-3 1.70267E-4 5.57057E-4 1.23309E-2 1.9821E-3 -9999 -9999
1E0 1E0 1E0 1E0 1E0 1E0 1E0 1E0 1E0 1E0 1E0 1E0 1E0 1E0 1E0 1E0 1E0 1E0 1E0 1E0 1E0 1E0 1E0 1E0 1E0 1E0 1E0 1E0 1E0 1E0 1E0 1E0 1E0 1E0 1E0 9.99964E-1 9.11477E-1 9.99702E-1 6.83125E-1 9.63814E-1 1E0 1E0 9.8938E-1 9.97526E-1 9.93904E-1 9.92127E-1 1E0 1E0 1E0 9.79715E-1 8.26801E-1 2.61277E-1 1.52937E-2 1.77667E-2 6.19711E-3 1.40384E-2 2.70716E-2 1.50421E-2 1.50565E-2 2.20131E-2 5.32796E-2 1.57517E-2 6.47318E-5 1.04849E-5 8.28562E-6 3.94785E-4 4.18382E-5 1.93859E-5 2.06892E-5 1.34079E-4 1.05134E-4 1.82805E-4 7.79552E-4 3.54281E-4 5.95453E-4 -9999 -9999
1E0 1E0 1E0 1E0 1E0 1E0 1E0 1E0 1E0 1E0 1E0 1E0 1E0 1E0 1E0 1E0 1E0 1E0 1E0 1E0 1E0 1E0 1E0 1E0 1E0 1E0 1E0 1E0 1E0 1E0 1E0 1E0 1E0 1E0 1E0 1E0 1E0 1E0 1E0 1E0 1E0 1E0 9.99989E-1 9.9991E-1 9.98273E-1 9.95982E-1 9.99995E-1 1E0 9.9999E-1 9.9993E-1 7.0507E-1 2.79954E-1 3.98561E-2 7.46301E-2 2.2959E-2 4.88441E-3 4.12255E-3 6.95499E-3 6.80226E-2 5.48254E-2 5.62347E-2 1.1925E-2 1.17921E-2 7.34657E-3 5.8909E-3 9.68935E-3 9.83854E-4 5.73615E-6 1.19997E-6 9.77036E-6 2.64977E-5 6.07803E-6 8.03702E-5 7.49619E-5 -9999 -9999 -9999
1E0 1E0 1E0 1E0 1E0 1E0 1E0 1E0 1E0 1E0 1E0 1E0 1E0 1E0 1E0 1E0 1E0 1E0 1E0 1E0 1E0 1E0 1E0 1E0 1E0 1E0 1E0 1E0 1E0 1E0 1E0 1E0 1E0 1E0 1E0 1E0 1E0 1E0 1E0 1E0 1E0 9.95944E-1 9.99988E-1 9.7161E-1 9.28806E-1 9.82674E-1 9.9942E-1 9.99936E-1 1E0 9.99986E-1 9.59886E-1 1.94247E-1 3.39635E-2 1.00516E-1 2.70064E-1 1.97091E-1 1.08961E-1 4.11458E-2 4.89493E-2 1.44037E-2 1.52069E-2 1.03262E-2 9.01292E-3 7.60444E-3 7.43716E-3 3.85787E-3 3.53758E-3 1.0768E-5 1.6193E-4 1.08832E-4 1.20042E-4 1.60407E-4 -9999 -9999 -9999 -9999 -9999
1E0 1E0 1E0 1E0 1E0 1E0 1E0 1E0 1E0 1E0 1E0 1E0 1E0 1E0 1E0 1E0 1E0 1E0 1E0 1E0 1E0 1E0 1E0 1E0 1E0 1E0 1E0 1E0 1E0 1E0 1E0 1E0 1E0 1E0 1E0 1E0 4.00015E-1 5.60742E-1 3.61547E-1 1E0 1E0 9.9999E-1 9.9588E-1 5.44101E-1 1.64902E-1 6.6598E-1 6.24969E-1 9.33199E-1 1E0 9.5345E-1 3.57593E-1 1.11451E-1 8.38268E-3 1.76217E-2 3.70815E-1 8.62726E-2 1.33899E-1 2.06134E-1 1.64854E-1 1.01883E-1 8.58592E-2 4.93379E-3 4.30571E-3 1.85378E-3 6.76781E-4 7.17681E-4 1.59609E-3 9.31588E-5 3.90695E-4 5.39342E-5 6.33823E-5 -9999 -9999 -9999 -9999 -9999 -9999
1E0 1E0 1E0 1E0 1E0 1E0 1E0 1E0 1E0 1E0 1E0 1E0 1E0 1E0 1E0 1E0 1E0 1E0 1E0 1E0 1E0 1E0 1E0 1E0 1E0 1E0 1E0 1E0 1E0 1E0 1E0 1E0 1E0 1E0 1E0 1E0 1E0 1E0 1E0 1E0 9.99999E-1 9.94303E-1 9.76477E-1 9.89861E-1 2.57067E-1 6.07229E-1 2.67544E-1 8.33444E-1 9.58007E-1 5.14391E-1 2.03531E-1 1.93723E-2 6.28257E-2 2.09737E-2 1.35127E-2 5.10054E-3 1.03527E-2 3.33856E-3 6.1891E-3 6.22386E-4 2.56463E-3 3.74315E-3 1.35382E-2 3.17087E-3 1.39026E-3 2.2729E-4 1.44422E-5 2.67348E-4 2.23966E-4 1.00198E-4 -9999 -9999 -9999 -9999 -9999 -9999 -9999
1E0 1E0 1E0 1E0 1E0 1E0 1E0 1E0 1E0 1E0 1E0 1E0 1E0 1E0 1E0 1E0 1E0 1E0 1E0 1E0 1E0 1E0 1E0 1E0 1E0 1E0 1E0 1E0 1E0 1E0 9.99999E-1 9.9272E-1 1E0 1E0 1E0 1E0 1E0 5.66918E-1 6.42543E-1 1.33327E-1 5.92317E-2 9.46285E-2 1.3791E-1 5.56707E-1 2.11002E-1 1.87366E-1 1.60389E-1 5.14453E-1 4.27188E-1 6.06328E-2 1.18396E-2 1.82924E-2 4.07311E-2 6.34872E-2 4.95775E-3 4.08935E-3 2.69084E-2 9.30178E-3 1.1829E-2 6.50477E-3 4.31543E-3 1.98477E-2 4.28474E-3 1.41375E-3 3.39922E-4 1.26734E-4 3.62215E-4 4.90243E-4 4.46042E-4 -9999 -9999 -9999 -9999 -9999 -9999 -9999 -9999
1E0 1E0 1E0 1E0 1E0 1E0 1E0 1E0 1E0 1E0 1E0 1E0 1E0 1E0 1E0 1E0 1E0 1E0 1E0 1E0 1E0 1E0 1E0 1E0 1E0 1E0 1E0 1E0 1E0 1E0 8.42262E-1 5.63128E-1 9.99901E-1 1E0 1E0 1E0 5.497E-1 5.49038E-2 9.31636E-2 4.81343E-2 8.57052E-2 1.13324E-1 1.31027E-1 4.96228E-2 1.76142E-1 1.00279E-1 9.11329E-2 1.48215E-1 4.9732E-2 3.16387E-2 1.33184E-2 2.86782E-2 4.5559E-2 4.07633E-2 3.00159E-3 5.40003E-3 4.0606E-2 1.98443E-2 1.04597E-2 4.86396E-3 1.6846E-3 4.31826E-3 2.52508E-3 4.84476E-4 1.45893E-4 3.69942E-5 1.43692E-4 6.17044E-4 -9999 -9999 -9999 -9999 -9999 -9999 -9999 -9999 -9999
1E0 1E0 1E0 1E0 1E0 1E0 1E0 1E0 1E0 1E0 1E0 1E0 1E0 1E0 1E0 1E0 1E0 1E0 1E0 1E0 1E0 1E0 1E0 1E0 1E0 1E0 1E0 1E0 1E0 1E0 6.75451E-1 6.00753E-1 7.60649E-1 1E0 1E0 1E0 6.36462E-1 3.90294E-2 3.20128E-2 1.43389E-2 1.41582E-1 4.0798E-1 1.71601E-1 3.72467E-1 1.55547E-1 6.67861E-2 8.42685E-2 7.2904E-2 2.47077E-2 9.87142E-3 3.66205E-2 7.47645E-2 9.83484E-2 1.96885E-2 3.47736E-2 2.37361E-2 2.15109E-2 1.71083E-2 5.81648E-3 4.00921E-3 1.47026E-3 1.52856E-3 4.68667E-4 9.15746E-4 2.38272E-4 1.41002E-4 1.22794E-4 2.13995E-4 -9999 -9999 -9999 -9999 -9999 -9999 -9999 -9999 -9999
1E0 1E0 1E0 1E0 1E0 1E0 1E0 1E0 1E0 1E0 1E0 1E0 1E0 1E0 1E0 1E0 1E0 1E0 1E0 1E0 1E0 1E0 1E0 1E0 1E0 1E0 1E0 1E0 1E0 1E0 1E0 9.96868E-1 9.95578E-1 1E0 1E0 1E0 9.47355E-1 7.55536E-2 6.08977E-2 1.73491E-1 7.18737E-1 3.96176E-1 3.46433E-1 3.9744E-1 1.04936E-1 5.53171E-2 2.40342E-2 1.98835E-2 1.29272E-2 1.32757E-2 3.77767E-3 8.47598E-3 2.62982E-2 1.625E-2 5.0739E-2 2.13777E-2 7.50676E-4 1.0217E-3 2.49697E-4 5.95185E-5 2.22519E-4 1.33705E-4 4.23428E-5 3.72864E-5 1.116E-4 3.42722E-4 5.96754E-4 -9999 -9999 -9999 -9999 -9999 -9999 -9999 -9999 -9999 -9999
1E0 1E0 1E0 1E0 1E0 1E0 1E0 1E0 1E0 1E0 1E0 1E0 1E0 1E0 1E0 1E0 1E0 1E0 1E0 1E0 1E0 1E0 1E0 1E0 1E0 1E0 1E0 1E0 1E0 1E0 1E0 1E0 1E0 1E0 1E0 1E0 1E0 4.92065E-1 1.02634E-1 3.64245E-1 8.95777E-1 6.47222E-1 4.67887E-1 1.35059E-1 4.3465E-2 4.67326E-2 1.40903E-1 1.66557E-1 2.71306E-2 2.02903E-2 4.86969E-2 2.30824E-2 7.2528E-3 2.76062E-2 8.17932E-3 1.14425E-2 1.20115E-3 6.74283E-4 7.49494E-4 1.01845E-3 3.67578E-4 2.58796E-4 3.42827E-4 5.02514E-4 5.66582E-4 1.07346E-3 1.48955E-4 -9999 -9999 -9999 -9999 -9999 -9999 -9999 -9999 -9999 -9999
1E0 1E0 1E0 1E0 1E0 1E0 1E0 1E0 1E0 1E0 1E0 1E0 1E0 1E0 1E0 1E0 1E0 1E0 1E0 1E0 1E0 1E0 1E0 1E0 1E0 1E0 1E0 1E0 1E0 1E0 1E0 1E0 1E0 1E0 1E0 1E0 1E0 9.99966E-1 8.9994E-1 1E0 1E0 4.25751E-1 8.16602E-3 6.61907E-3 6.26533E-2 1.06698E-1 1.92755E-1 1.92667E-1 1.54691E-1 1.48108E-2 1.57754E-2 1.64925E-2 2.88821E-2 1.6897E-2 2.04084E-2 5.2705E-2 5.07463E-4 3.12577E-5 1.08051E-5 2.86007E-5 8.84889E-5 1.27218E-4 9.85642E-5 6.99458E-4 5.05265E-4 5.81276E-4 6.62715E-4 -9999 -9999 -9999 -9999 -9999 -9999 -9999 -9999 -9999 -9999
1E0 1E0 1E0 1E0 1E0 1E0 1E0 1E0 1E0 1E0 1E0 1E0 1E0 1E0 1E0 1E0 1E0 1E0 1E0 1E0 1E0 1E0 1E0 1E0 1E0 1E0 1E0 1E0 1E0 1E0 1E0 1E0 1E0 1E0 1E0 9.99997E-1 9.99462E-1 9.3456E-1 9.06413E-1 9.95441E-1 7.26879E-1 9.96903E-1 9.93214E-1 6.75701E-1 4.80285E-1 2.32416E-1 2.54311E-1 9.97401E-2 1.43649E-2 1.99984E-2 1.74481E-1 2.35104E-1 7.9999E-3 1.89408E-2 3.86993E-2 7.8725E-3 8.33441E-5 1.21468E-6 8.69368E-7 9.11887E-7 6.10468E-6 2.74677E-5 1.41442E-4 4.81222E-4 1.03675E-3 7.00242E-4 -9999 -9999 -9999 -9999 -9999 -9999 -9999 -9999 -9999 -9999 -9999
1E0 1E0 1E0 1E0 1E0 1E0 1E0 1E0 1E0 1E0 1E0 1E0 1E0 1E0 1E0 1E0 1E0 1E0 1E0 1E0 1E0 1E0 1E0 1E0 1E0 1E0 1E0 1E0 1E0 1E0 1E0 1E0 1E0 1E0 1E0 4.30464E-1 3.59701E-1 1E0 9.99248E-1 7.86933E-1 3.76281E-1 7.36256E-1 9.51195E-1 8.17738E-1 3.13788E-1 1.37283E-1 2.68933E-1 1.71601E-2 9.92473E-3 3.76944E-2 1.22641E-1 4.94998E-1 2.52898E-2 2.35021E-2 3.21684E-2 4.59579E-2 3.3123E-5 1.0934E-7 1.75148E-7 3.3422E-7 1.92887E-6 6.62929E-6 1.02599E-4 8.264E-4 1.32529E-3 1.49601E-3 -9999 -9999 -9999 -9999 -9999 -9999 -9999 -9999 -9999 -9999 -9999
1E0 1E0 1E0 1E0 1E0 1E0 1E0 1E0 1E0 1E0 1E0 1E0 1E0 1E0 1E0 1E0 1E0 1E0 1E0 1E0 1E0 1E0 1E0 1E0 1E0 1E0 1E0 1E0 1E0 1E0 1E0 1E0 1E0 1E0 1E0 7.98197E-1 3.54622E-1 5.01192E-1 7.58146E-1 5.34856E-1 6.71731E-1 6.1862E-1 6.6291E-1 7.15233E-1 3.29137E-1 7.54551E-1 2.42326E-1 9.52064E-3 1.09893E-2 5.76923E-2 1.28813E-1 1.62961E-1 8.81455E-2 1.97777E-2 1.66474E-2 2.1239E-2 3.64703E-5 4.16159E-8 6.64453E-8 2.50682E-7 6.40047E-7 6.0976E-6 3.81606E-5 1.03605E-4 2.16765E-3 -9999 -9999 -9999 -9999 -9999 -9999 -9999 -9999 -9999 -9999 -9999 -9999
1E0 1E0 1E0 1E0 1E0 1E0 1E0 1E0 1E0 1E0 1E0 1E0 1E0 1E0 1E0 1E0 1E0 1E0 1E0 1E0 1E0 1E0 1E0 1E0 1E0 1E0 1E0 1E0 1E0 1E0 1E0 1E0 1E0 1E0 9.99999E-1 6.4207E-2 3.25777E-1 9.96666E-1 1.97928E-1 2.31533E-1 9.99701E-1 9.99831E-1 9.99555E-1 9.6229E-1 9.99926E-1 9.99958E-1 6.07527E-2 2.99264E-2 2.90315E-2 1.31452E-2 4.42519E-1 4.47691E-2 1.35659E-1 5.23863E-2 4.11617E-2 6.45332E-3 5.46192E-4 2.95824E-7 1.16597E-7 2.00413E-7 1.61258E-6 7.35003E-6 1.7891E-5 4.65955E-5 -9999 -9999 -9999 -9999 -9999 -9999 -9999 -9999 -9999 -9999 -9999 -9999 -9999
1E0 1E0 1E0 1E0 1E0 1E0 1E0 1E0 1E0 1E0 1E0 1E0 1E0 1E0 1E0 1E0 1E0 1E0 1E0 1E0 1E0 1E0 1E0 1E0 1E0 1E0 1E0 1E0 1E0 1E0 1E0 1E0 1E0 1E0 1E0 9.77436E-2 9.24895E-2 2.97677E-2 6.32664E-1 5.45957E-1 4.40609E-2 1.95578E-1 6.27998E-1 6.60439E-1 8.46646E-1 1.01631E-1 7.49977E-2 6.23555E-2 1.32625E-2 4.90474E-2 6.91389E-2 2.91029E-3 1.49054E-2 1.56321E-2 2.75013E-2 2.66983E-2 1.48793E-2 2.08918E-6 1.3427E-7 2.15527E-7 1.87478E-6 8.93182E-6 4.83781E-5 -9999 -9999 -9999 -9999 -9999 -9999 -9999 -9999 -9999 -9999 -9999 -9999 -9999 -9999
1E0 1E0 1E0 1E0 1E0 1E0 1E0 1E0 1E0 1E0 1E0 1E0 1E0 1E0 1E0 1E0 1E0 1E0 1E0 1E0 1E0 1E0 1E0 1E0 1E0 1E0 1E0 1E0 1E0 1E0 1E0 1E0 1E0 1E0 1E0 9.88324E-1 4.55842E-1 2.34002E-1 9.33581E-1 8.69807E-1 7.71737E-1 8.83607E-3 1.06346E-1 2.86209E-2 1.49771E-2 1.69267E-2 2.3181E-2 6.92975E-2 9.1128E-2 2.5697E-2 6.02693E-3 7.19287E-3 4.60532E-3 1.19649E-1 8.87758E-2 7.85511E-2 1.07598E-1 6.46745E-5 4.04399E-7 4.10982E-7 2.29331E-6 -9999 -9999 -9999 -9999 -9999 -9999 -9999 -9999 -9999 -9999 -9999 -9999 -9999 -9999 -9999 -9999
1E0 1E0 1E0 1E0 1E0 1E0 1E0 1E0 1E0 1E0 1E0 1E0 1E0 1E0 1E0 1E0 1E0 1E0 1E0 1E0 1E0 1E0 1E0 1E0 1E0 1E0 1E0 1E0 1E0 1E0 1E0 1E0 1E0 1E0 9.96418E-1 3.66276E-1 1E0 7.36488E-1 2.83047E-1 2.63941E-1 8.44533E-2 6.42069E-1 8.21062E-1 1.44341E-1 9.86811E-2 7.70442E-2 1.69498E-1 1.22955E-2 7.2194E-2 2.01659E-1 1.6436E-1 2.73954E-1 2.22576E-1 1.12138E-1 5.41736E-2 -9999 -9999 -9999 -9999 -9999 -9999 -9999 -9999 -9999 -9999 -9999 -9999 -9999 -9999 -9999 -9999 -9999 -9999 -9999 -9999 -9999 -9999
1E0 1E0 1E0 1E0 1E0 1E0 1E0 1E0 1E0 1E0 1E0 1E0 1E0 1E0 1E0 1E0 1E0 1E0 1E0 1E0 1E0 1E0 1E0 1E0 1E0 1E0 1E0 1E0 1E0 1E0 1E0 1E0 9.69766E-1 8.05222E-1 8.77651E-1 2.14475E-1 8.74758E-1 5.44295E-1 9.39576E-1 9.12926E-1 8.79104E-1 8.83487E-1 7.76987E-1 6.60374E-1 8.43996E-1 1.47241E-1 1.55535E-1 4.02458E-1 1.79892E-1 1.70727E-1 1.93077E-1 5.96399E-1 3.59427E-1 1.52019E-1 5.97307E-2 -9999 -9999 -9999 -9999 -9999 -9999 -9999 -9999 -9999 -9999 -9999 -9999 -9999 -9999 -9999 -9999 -9999 -9999 -9999 -9999 -9999 -9999
1E0 1E0 1E0 1E0 1E0 1E0 1E0 1E0 1E0 1E0 1E0 1E0 1E0 1E0 1E0 1E0 1E0 1E0 1E0 1E0 1E0 1E0 1E0 1E0 1E0 1E0 1E0 1E0 1E0 1E0 1E0 1E0 9.8442E-1 9.96649E-1 5.58592E-1 7.26273E-2 2.69963E-1 3.22871E-1 7.03505E-1 9.99992E-1 1E0 9.99994E-1 9.48719E-1 3.5147E-1 5.64958E-1 1.42432E-1 6.44204E-1 2.36989E-1 2.57858E-1 2.07512E-1 2.0198E-1 5.04551E-2 5.1379E-2 1.93412E-2 7.57612E-3 9.967E-2 -9999 -9999 -9999 -9999 -9999 -9999 -9999 -9999 -9999 -9999 -9999 -9999 -9999 -9999 -9999 -9999 -9999 -9999 -9999 -9999 -9999
1E0 1E0 1E0 1E0 1E0 1E0 1E0 1E0 1E0 1E0 1E0 1E0 1E0 1E0 1E0 1E0 1E0 1E0 1E0 1E0 1E0 1E0 1E0 1E0 1E0 1E0 1E0 1E0 9.81285E-1 9.38051E-1 9.49053E-1 9.98983E-1 6.4662E-1 1.33759E-1 3.33746E-1 1.86583E-1 1.14954E-1 2.25944E-1 9.99985E-1 9.99906E-1 1E0 8.09669E-1 9.51213E-1 1.08711E-1 8.13108E-1 6.73433E-1 5.74124E-1 7.13187E-1 3.15569E-2 7.2603E-3 9.35894E-3 3.92924E-2 8.02086E-2 5.00327E-2 8.38641E-1 2.32379E-1 6.32181E-2 -9999 -9999 -9999 -9999 1.12197E-5 2.01202E-4 2.84575E-4 8.14917E-4 -9999 -9999 -9999 -9999 -9999 -9999 -9999 -9999 -9999 -9999 -9999 -9999
1E0 1E0 1E0 1E0 1E0 1E0 1E0 1E0 1E0 1E0 1E0 1E0 1E0 1E0 1E0 1E0 1E0 1E0 1E0 1E0 1E0 1E0 1E0 1E0 1E0 1E0 8.71067E-1 9.44998E-1 9.65915E-1 6.02856E-2 7.45797E-2 1.0479E-3 1.67552E-2 5.19608E-1 9.99851E-1 1E0 9.67226E-1 1.93853E-1 2.47661E-1 3.88108E-1 6.68285E-1 4.19206E-1 5.37792E-1 7.69932E-1 8.49884E-1 8.54055E-1 2.93518E-2 1.39325E-1 1.90057E-2 3.11096E-1 3.38614E-1 7.34505E-1 4.91622E-1 8.43716E-1 4.54937E-1 5.72952E-2 7.90328E-2 1.00958E-2 2.27133E-2 5.29945E-3 8.10305E-5 5.9793E-6 1.07737E-4 2.7457E-4 3.78723E-4 1.20027E-3 -9999 -9999 -9999 -9999 -9999 -9999 -9999 -9999 -9999 -9999 -9999
1E0 1E0 1E0 1E0 1E0 1E0 1E0 1E0 1E0 1E0 1E0 1E0 1E0 1E0 1E0 1E0 1E0 1E0 1E0 1E0 1E0 1E0 1E0 1E0 1E0 1E0 9.80833E-1 9.99971E-1 7.22054E-1 2.98432E-2 5.70582E-1 6.13469E-1 1.15619E-2 3.8481E-1 4.67892E-1 2.57109E-1 1.93609E-1 4.69514E-1 3.84058E-1 3.47716E-1 4.02997E-1 9.95934E-1 9.96527E-1 9.99997E-1 5.74648E-1 6.3484E-1 3.28952E-1 9.5318E-3 1.06854E-1 2.95894E-2 4.69812E-1 2.21427E-1 5.84E-1 9.92519E-1 7.18238E-1 1.57367E-1 7.85777E-2 1.68387E-2 1.58978E-2 4.15928E-2 2.36238E-4 3.58958E-6 1.05675E-5 4.54647E-5 -9999 -9999 -9999 -9999 -9999 -9999 -9999 -9999 -9999 -9999 -9999 -9999 -9999
