ENM/Final_Models/M_0.9_F_q_Set_1_E/Gustavia_santanderiensis_Choco_min.asc
ncols         367
nrows         963
xllcorner     -78.6
yllcorner     0.65
cellsize      0.00833333333333323
NODATA_value  -9999
[rows 210 to 239 of 963, columns 268 to 334 of 367]
5.33582E-3 4.12983E-2 3.37983E-2 3.99634E-2 2.76139E-2 9.973E-3 5.92032E-3 2.20318E-4 1.7514E-4 5.5604E-4 7.68928E-5 3.25891E-5 2.57E-4 1.44789E-4 1.89275E-4 1.95253E-4 1.84561E-4 4.79673E-4 1.80441E-4 3.83628E-4 5.51273E-5 1.90276E-4 6.61108E-4 2.72664E-4 8.66294E-5 9.91843E-5 3.20986E-5 6.60091E-5 6.81992E-5 6.50203E-6 1.69699E-5 1.12944E-5 8.43707E-5 4.13058E-5 6.49682E-6 9.05619E-6 3.14163E-6 6.64128E-6 2.89186E-6 -9999 -9999 -9999 -9999 -9999 -9999 -9999 -9999 -9999 -9999 -9999 -9999 -9999 -9999 -9999 -9999 -9999 -9999 -9999 -9999 -9999 -9999 -9999 -9999 -9999 -9999 -9999 -9999
5.22307E-3 6.25378E-3 2.82174E-2 1.91621E-2 1.9875E-2 6.22127E-3 2.3878E-3 1.93689E-5 6.49525E-5 2.0883E-4 5.65941E-5 1.97589E-5 9.72976E-6 9.13331E-5 9.43428E-5 3.49957E-4 3.15246E-4 6.71903E-4 2.96513E-4 1.08779E-4 2.1711E-4 6.04603E-4 4.06584E-4 2.66911E-4 4.1511E-4 4.99126E-4 1.67675E-4 1.31803E-4 1.09861E-4 2.53001E-5 1.72942E-5 9.29652E-6 1.93785E-5 1.4616E-5 1.19914E-5 2.26416E-5 1.37058E-5 2.08811E-5 1.26284E-5 -9999 -9999 -9999 -9999 -9999 -9999 -9999 -9999 -9999 -9999 -9999 -9999 -9999 -9999 -9999 -9999 -9999 -9999 -9999 -9999 -9999 -9999 -9999 -9999 -9999 -9999 -9999 -9999
2.75105E-2 2.38856E-2 4.63447E-2 2.17152E-2 1.99812E-2 6.13897E-3 2.21226E-4 3.98082E-5 3.86967E-5 2.16147E-5 1.9379E-5 3.21423E-5 1.30794E-4 1.37143E-4 5.31813E-4 9.58747E-4 7.52286E-4 6.45887E-4 2.62625E-4 2.14462E-4 1.84053E-4 1.18014E-4 9.14173E-4 4.40876E-4 6.25915E-5 2.4962E-4 3.44505E-4 5.55617E-5 3.3213E-5 2.74445E-5 2.86511E-5 1.16704E-5 1.33105E-5 1.62129E-5 3.6637E-5 2.28705E-5 1.3457E-5 1.31672E-5 1.6592E-5 -9999 -9999 -9999 -9999 -9999 -9999 -9999 -9999 -9999 -9999 -9999 -9999 -9999 -9999 -9999 -9999 -9999 -9999 -9999 -9999 -9999 -9999 -9999 -9999 -9999 -9999 -9999 -9999
9.16541E-2 7.34794E-2 2.61275E-2 7.81158E-3 1.82337E-3 9.40785E-4 2.10419E-4 2.2532E-4 1.17406E-4 3.86285E-5 4.85366E-5 1.73925E-4 8.55526E-5 2.62348E-4 2.66035E-4 4.71145E-4 1.80469E-3 1.42004E-3 8.49596E-4 1.92314E-4 3.60524E-5 3.10388E-5 1.12938E-4 3.59182E-5 1.57124E-4 6.98459E-4 1.80851E-4 2.36475E-5 8.88255E-6 1.38951E-5 2.95393E-5 1.02069E-5 3.5541E-5 8.47105E-6 1.53272E-5 1.01382E-5 6.75592E-6 8.15479E-6 -9999 -9999 -9999 -9999 -9999 -9999 -9999 -9999 -9999 -9999 -9999 -9999 -9999 -9999 -9999 -9999 -9999 -9999 -9999 -9999 -9999 -9999 -9999 -9999 -9999 -9999 -9999 -9999 -9999
1.6581E-1 6.07639E-2 4.94632E-2 1.91464E-2 4.61203E-3 1.88202E-3 1.06517E-4 6.93661E-5 7.62639E-5 4.28308E-5 1.47677E-4 9.0631E-5 1.5572E-5 3.21621E-4 1.31258E-3 2.55307E-3 1.76342E-3 1.08797E-3 1.22605E-3 5.07278E-4 1.49405E-4 9.44664E-5 1.27682E-4 8.01052E-5 5.56552E-5 8.28107E-4 5.47899E-4 7.03891E-5 2.74833E-5 2.4478E-5 5.88087E-5 1.32564E-5 1.53612E-5 2.31477E-5 1.76247E-5 2.91387E-5 4.32589E-6 1.18958E-5 1.08237E-4 -9999 -9999 -9999 -9999 -9999 -9999 -9999 -9999 -9999 -9999 -9999 -9999 -9999 -9999 -9999 -9999 -9999 -9999 -9999 -9999 -9999 -9999 -9999 -9999 -9999 -9999 -9999 -9999
1.21213E-1 1.95606E-2 5.22151E-3 1.0881E-2 5.5019E-4 6.15512E-4 4.65664E-4 8.91577E-5 3.0469E-5 2.83966E-5 8.3574E-5 3.68492E-5 2.00776E-4 5.58749E-4 9.8593E-4 1.70102E-3 5.59701E-4 5.93105E-4 8.52884E-4 9.78467E-4 1.02343E-3 4.4174E-4 8.27021E-4 8.14728E-4 1.50797E-3 5.57679E-4 3.0133E-4 1.13376E-4 5.81843E-4 2.03363E-4 3.54996E-4 1.21536E-4 9.02245E-5 1.97949E-4 4.03218E-5 3.81822E-5 4.22396E-6 5.19994E-5 2.51093E-4 -9999 -9999 -9999 -9999 -9999 -9999 -9999 -9999 -9999 -9999 -9999 -9999 -9999 -9999 -9999 -9999 -9999 -9999 -9999 -9999 -9999 -9999 -9999 -9999 -9999 -9999 -9999 -9999
6.01049E-2 1.34167E-2 1.59451E-3 4.42174E-3 2.23997E-3 4.37619E-4 7.60794E-4 5.34614E-5 2.42015E-5 7.77177E-5 1.23053E-4 4.79026E-5 4.64291E-4 8.06759E-4 2.13853E-3 2.95635E-3 7.65612E-4 5.20212E-4 5.30847E-4 6.87403E-4 5.3561E-4 1.50173E-4 1.52715E-4 2.01149E-4 5.64635E-4 4.77612E-4 5.02493E-4 1.42249E-4 2.49322E-4 2.80347E-4 4.02822E-4 1.34399E-4 1.60547E-4 6.37215E-5 3.78244E-5 1.3364E-5 2.66767E-6 8.89115E-5 2.8128E-4 -9999 -9999 -9999 -9999 -9999 -9999 -9999 -9999 -9999 -9999 -9999 -9999 -9999 -9999 -9999 -9999 -9999 -9999 -9999 -9999 -9999 -9999 -9999 -9999 -9999 -9999 -9999 -9999
6.38734E-2 2.87857E-2 1.4638E-2 1.0011E-2 4.62804E-3 1.32498E-3 1.59659E-3 1.33031E-4 1.13283E-4 2.76852E-5 5.61327E-5 2.85212E-4 2.89074E-5 4.12557E-4 2.89207E-3 2.20724E-3 1.87837E-3 7.25935E-4 5.46584E-4 3.49925E-4 2.24044E-4 1.60553E-4 1.05082E-4 7.87385E-5 1.54535E-4 4.80688E-4 5.12333E-4 4.94046E-4 2.14165E-4 2.29207E-4 3.12079E-4 2.52916E-4 2.71244E-4 1.15188E-4 2.4974E-5 8.11164E-6 3.68845E-6 1.59539E-4 6.16889E-4 -9999 -9999 -9999 -9999 -9999 -9999 -9999 -9999 -9999 -9999 -9999 -9999 -9999 -9999 -9999 -9999 -9999 -9999 -9999 -9999 -9999 -9999 -9999 -9999 -9999 -9999 -9999 -9999
7.36118E-2 9.71787E-2 6.95519E-2 2.65034E-2 1.39722E-2 1.60259E-3 2.04753E-3 8.71775E-4 2.03141E-4 4.42731E-5 1.06025E-4 4.13515E-5 3.26312E-5 1.26339E-3 1.35958E-3 1.71329E-3 1.80604E-3 1.31312E-3 9.33168E-4 3.94181E-4 2.37105E-4 2.62943E-4 5.19822E-4 1.40701E-4 1.73926E-4 3.29789E-4 4.82057E-4 4.61434E-4 1.60507E-4 2.03316E-4 2.87455E-4 1.64104E-4 1.08045E-4 2.11899E-4 7.58739E-5 3.11658E-5 2.54098E-5 2.07888E-4 8.92967E-4 -9999 -9999 -9999 -9999 -9999 -9999 -9999 -9999 -9999 -9999 -9999 -9999 -9999 -9999 -9999 -9999 -9999 -9999 -9999 -9999 -9999 -9999 -9999 -9999 -9999 -9999 -9999 -9999
9.10331E-2 9.64296E-2 7.03377E-2 1.10162E-2 1.29807E-3 1.87523E-4 1.85367E-4 8.78982E-4 7.81548E-4 2.60848E-4 6.86691E-5 2.09986E-5 8.51235E-5 4.03207E-4 7.54529E-4 2.01062E-3 2.23078E-3 1.84091E-3 1.03653E-3 8.75813E-4 1.68263E-4 4.8053E-4 1.03609E-3 3.92781E-4 4.06312E-4 2.80937E-4 5.1644E-5 3.4325E-5 7.3677E-5 1.48078E-4 5.00289E-5 7.17916E-5 1.69461E-5 1.71967E-4 2.30142E-5 8.73386E-6 3.25073E-5 8.52887E-5 8.21741E-5 -9999 -9999 -9999 -9999 -9999 -9999 -9999 -9999 -9999 -9999 -9999 -9999 -9999 -9999 -9999 -9999 -9999 -9999 -9999 -9999 -9999 -9999 -9999 -9999 -9999 -9999 -9999 -9999
1.41375E-1 8.9342E-2 6.43123E-2 2.62981E-3 2.83055E-4 1.16674E-4 2.18809E-5 1.72853E-6 1.54269E-5 1.06203E-5 6.32488E-5 6.28557E-5 3.15341E-5 6.0259E-5 1.36559E-3 1.83439E-3 1.60452E-3 8.10354E-4 4.60383E-4 4.2615E-4 5.86973E-5 4.17875E-4 6.42561E-4 2.34662E-4 5.794E-4 3.20316E-4 2.46721E-5 2.52577E-5 8.16884E-5 8.16024E-5 3.50239E-5 4.90241E-5 2.90225E-5 3.17785E-5 1.47612E-5 3.25141E-6 3.23916E-5 9.23671E-6 3.80232E-6 -9999 -9999 -9999 -9999 -9999 -9999 -9999 -9999 -9999 -9999 -9999 -9999 -9999 -9999 -9999 -9999 -9999 -9999 -9999 -9999 -9999 -9999 -9999 -9999 -9999 -9999 -9999 -9999
1.44799E-1 1.06627E-1 9.27638E-3 1.5124E-3 5.43426E-4 3.97728E-4 2.07108E-5 4.6681E-6 1.02762E-5 1.46542E-5 1.16102E-5 1.53823E-5 2.7442E-5 5.35179E-5 1.43739E-4 7.15772E-4 2.08485E-3 1.68495E-3 6.2574E-4 5.1227E-4 1.54574E-4 2.80091E-4 6.34593E-4 4.38956E-4 4.25899E-4 1.10444E-3 3.79938E-4 5.2729E-5 6.46903E-5 5.85458E-5 1.92043E-5 3.71498E-5 1.80692E-5 1.10119E-5 4.71001E-6 1.13087E-5 4.84429E-5 4.37838E-5 -9999 -9999 -9999 -9999 -9999 -9999 -9999 -9999 -9999 -9999 -9999 -9999 -9999 -9999 -9999 -9999 -9999 -9999 -9999 -9999 -9999 -9999 -9999 -9999 -9999 -9999 -9999 -9999 -9999
1.83948E-1 1.2684E-1 8.26851E-3 1.17795E-2 1.21498E-3 3.35331E-4 1.339E-4 5.60901E-5 1.42123E-5 1.6605E-5 2.00721E-5 1.43693E-5 2.91084E-5 7.42807E-5 2.44663E-5 8.86759E-4 1.75459E-3 1.34664E-3 8.92935E-4 1.29831E-3 2.75653E-4 1.46366E-4 2.69214E-4 2.77926E-4 3.45627E-4 9.75231E-4 1.0825E-3 2.08144E-4 1.36618E-4 9.09518E-5 2.16626E-5 4.2987E-5 2.00966E-5 1.52523E-5 1.05272E-5 4.04161E-5 2.45804E-5 1.65505E-5 -9999 -9999 -9999 -9999 -9999 -9999 -9999 -9999 -9999 -9999 -9999 -9999 -9999 -9999 -9999 -9999 -9999 -9999 -9999 -9999 -9999 -9999 -9999 -9999 -9999 -9999 -9999 -9999 -9999
1.37867E-1 8.62221E-2 1.04562E-2 7.04948E-3 2.70718E-3 1.36107E-3 1.18729E-3 4.17507E-4 8.53078E-5 1.55549E-5 1.93214E-5 2.79078E-5 8.84458E-5 4.06478E-4 4.72626E-5 1.37135E-3 2.06943E-3 2.68566E-3 3.0096E-3 2.03882E-3 2.62663E-4 2.38235E-4 2.37663E-4 3.25216E-4 3.2629E-4 6.48753E-4 9.36886E-4 4.44511E-4 1.15488E-4 1.51802E-4 1.42957E-4 3.36276E-5 2.0003E-5 1.22664E-5 1.67308E-5 3.75695E-5 2.40088E-5 5.48902E-6 -9999 -9999 -9999 -9999 -9999 -9999 -9999 -9999 -9999 -9999 -9999 -9999 -9999 -9999 -9999 -9999 -9999 -9999 -9999 -9999 -9999 -9999 -9999 -9999 -9999 -9999 -9999 -9999 -9999
1.32489E-1 8.09631E-2 5.25482E-3 5.73563E-4 1.08956E-3 1.76187E-3 7.12929E-4 9.65456E-5 6.40333E-5 1.30804E-5 1.24585E-5 2.45087E-5 7.34612E-5 5.22612E-5 4.48761E-4 3.13895E-3 1.05346E-3 8.73349E-4 9.57392E-4 1.46316E-3 3.83458E-4 8.67134E-5 2.83808E-4 2.2751E-4 4.62639E-4 8.47752E-4 7.40191E-4 1.43693E-3 4.67819E-4 9.46809E-5 1.51931E-4 1.19167E-4 3.29108E-5 1.45864E-5 1.94689E-5 3.09326E-5 1.92641E-5 -9999 -9999 -9999 -9999 -9999 -9999 -9999 -9999 -9999 -9999 -9999 -9999 -9999 -9999 -9999 -9999 -9999 -9999 -9999 -9999 -9999 -9999 -9999 -9999 -9999 -9999 -9999 -9999 -9999 -9999
1.67825E-1 9.29812E-2 1.32144E-2 2.13872E-3 2.50243E-4 3.78464E-4 6.96915E-5 2.58338E-5 1.58485E-5 2.13117E-5 2.01607E-5 2.9823E-5 5.79105E-5 1.70071E-4 3.44353E-4 1.76908E-3 8.91384E-4 6.1101E-4 3.73196E-4 1.35354E-3 4.06479E-4 7.83477E-5 2.86235E-4 1.76117E-4 2.17488E-4 4.02436E-4 1.6042E-3 1.45752E-3 5.30766E-4 4.96091E-5 4.61545E-5 1.00576E-4 1.3162E-4 3.46435E-5 3.86319E-5 3.55083E-5 -9999 -9999 -9999 -9999 -9999 -9999 -9999 -9999 -9999 -9999 -9999 -9999 -9999 -9999 -9999 -9999 -9999 -9999 -9999 -9999 -9999 -9999 -9999 -9999 -9999 -9999 -9999 -9999 -9999 -9999 -9999
1.13176E-1 4.25425E-2 2.08922E-3 3.80324E-4 1.44757E-4 1.09975E-4 6.12677E-5 3.23663E-5 9.28702E-6 1.70708E-5 1.54332E-5 2.68879E-5 4.97746E-5 7.41481E-6 1.5981E-4 1.82584E-3 1.1726E-3 1.20478E-3 1.42326E-3 1.62126E-3 4.68367E-4 2.35334E-4 1.39495E-4 2.69564E-4 2.95334E-4 1.14144E-3 1.67229E-3 7.54681E-4 4.51509E-4 1.22266E-4 3.08183E-5 4.73382E-5 2.11178E-5 4.34366E-5 7.23585E-5 4.80272E-5 -9999 -9999 -9999 -9999 -9999 -9999 -9999 -9999 -9999 -9999 -9999 -9999 -9999 -9999 -9999 -9999 -9999 -9999 -9999 -9999 -9999 -9999 -9999 -9999 -9999 -9999 -9999 -9999 -9999 -9999 -9999
1.18007E-1 4.28988E-2 6.92017E-4 1.57465E-4 1.61109E-4 3.23474E-5 1.30419E-5 1.09506E-5 1.63478E-5 2.97761E-5 6.51741E-5 5.38926E-5 3.86035E-5 4.03383E-5 2.38267E-5 3.67522E-4 9.38773E-4 9.7219E-4 1.91519E-3 1.48007E-3 6.1359E-4 3.85375E-4 4.46184E-5 1.42641E-4 1.58748E-3 1.638E-3 7.24915E-4 6.22588E-4 6.89051E-4 3.03263E-4 1.55145E-4 8.87729E-5 9.35815E-5 2.30904E-4 7.76527E-5 -9999 -9999 -9999 -9999 -9999 -9999 -9999 -9999 -9999 -9999 -9999 -9999 -9999 -9999 -9999 -9999 -9999 -9999 -9999 -9999 -9999 -9999 -9999 -9999 -9999 -9999 -9999 -9999 -9999 -9999 -9999 -9999
6.65809E-2 2.78026E-2 1.44849E-3 2.73989E-4 2.14078E-4 1.72282E-4 1.93473E-5 2.89585E-5 1.5745E-5 2.61496E-5 3.31636E-5 1.29079E-5 2.4986E-5 3.51145E-5 1.7444E-4 8.01852E-5 6.46099E-5 3.64462E-4 1.65475E-3 2.38884E-3 7.11788E-4 1.88939E-4 6.12535E-5 1.0342E-4 6.82173E-4 1.04305E-3 3.04836E-4 4.89335E-4 4.49175E-4 8.3206E-4 3.2529E-4 5.31665E-4 3.08682E-4 3.16802E-4 -9999 -9999 -9999 -9999 -9999 -9999 -9999 -9999 -9999 -9999 -9999 -9999 -9999 -9999 -9999 -9999 -9999 -9999 -9999 -9999 -9999 -9999 -9999 -9999 -9999 -9999 -9999 -9999 -9999 -9999 -9999 -9999 -9999
9.87963E-2 5.70978E-2 1.82915E-2 2.51256E-2 1.57253E-3 1.66772E-4 1.94875E-4 2.28347E-4 7.65099E-5 4.90058E-6 1.69039E-5 1.29656E-5 1.21115E-5 4.756E-5 3.16929E-4 3.01144E-4 2.58182E-5 1.21761E-4 5.00795E-4 1.41742E-3 5.84028E-4 3.60505E-4 9.00596E-5 7.63098E-5 5.9226E-4 9.04669E-4 5.24461E-4 3.84068E-4 4.71078E-4 3.32773E-4 4.95513E-4 6.13443E-4 4.61121E-4 -9999 -9999 -9999 -9999 -9999 -9999 -9999 -9999 -9999 -9999 -9999 -9999 -9999 -9999 -9999 -9999 -9999 -9999 -9999 -9999 -9999 -9999 -9999 -9999 -9999 -9999 -9999 -9999 -9999 -9999 -9999 -9999 -9999 -9999
9.81979E-2 1.19231E-1 5.90863E-2 4.2259E-2 1.9441E-3 1.81415E-3 6.73634E-4 2.23245E-4 1.85492E-4 1.19124E-5 5.44386E-5 2.49632E-5 1.16313E-5 1.70949E-4 1.61508E-4 2.48598E-4 1.99876E-4 1.45362E-5 4.8009E-5 1.77255E-4 6.94716E-4 8.12867E-4 2.47648E-4 1.56899E-4 3.26351E-4 4.39199E-4 5.25395E-4 5.39831E-4 5.94144E-4 6.43326E-4 3.89079E-4 3.72426E-4 -9999 -9999 -9999 -9999 -9999 -9999 -9999 -9999 -9999 -9999 -9999 -9999 -9999 -9999 -9999 -9999 -9999 -9999 -9999 -9999 -9999 -9999 -9999 -9999 -9999 -9999 -9999 -9999 -9999 -9999 -9999 -9999 -9999 -9999 -9999
3.72858E-2 9.21761E-2 1.08163E-1 3.78826E-2 3.42043E-3 1.48662E-3 8.02206E-4 1.25129E-4 1.28774E-4 1.96169E-5 3.10756E-5 2.46303E-5 1.0736E-4 3.45055E-4 2.66406E-4 1.83467E-4 4.79308E-5 6.75203E-5 1.7182E-4 1.74755E-4 4.46256E-4 1.49143E-4 4.18308E-4 1.9461E-4 4.36929E-4 4.16692E-4 4.18921E-4 5.3845E-4 4.44129E-4 3.01243E-4 1.9273E-4 3.28381E-4 -9999 -9999 -9999 -9999 -9999 -9999 -9999 -9999 -9999 -9999 -9999 -9999 -9999 -9999 -9999 -9999 -9999 -9999 -9999 -9999 -9999 -9999 -9999 -9999 -9999 -9999 -9999 -9999 -9999 -9999 -9999 -9999 -9999 -9999 -9999
6.51246E-2 9.57E-2 1.73382E-1 4.67754E-2 1.65867E-3 1.42902E-4 2.3131E-4 3.3159E-5 6.26573E-5 7.50203E-6 1.32444E-5 1.95258E-5 3.63612E-5 5.90531E-5 9.23366E-6 2.29531E-5 2.67451E-5 1.66653E-5 4.61903E-5 1.2755E-4 6.76686E-5 1.36961E-4 1.75141E-4 1.90725E-4 2.52553E-4 2.43879E-4 4.13398E-4 2.65264E-4 4.52745E-4 4.77938E-4 3.96694E-4 -9999 -9999 -9999 -9999 -9999 -9999 -9999 -9999 -9999 -9999 -9999 -9999 -9999 -9999 -9999 -9999 -9999 -9999 -9999 -9999 -9999 -9999 -9999 -9999 -9999 -9999 -9999 -9999 -9999 -9999 -9999 -9999 -9999 -9999 -9999 -9999
5.28242E-2 9.30933E-2 8.68967E-2 1.28567E-2 1.47673E-3 5.59661E-4 5.10448E-5 7.30618E-5 2.23766E-5 3.46026E-5 9.01126E-6 1.15709E-5 9.93299E-6 4.07796E-6 2.99619E-6 3.8368E-6 8.7887E-7 5.49494E-7 3.09592E-6 2.23765E-7 7.70659E-5 1.44778E-4 2.98825E-5 4.62316E-5 6.64455E-5 3.12995E-4 1.64892E-4 1.11356E-4 4.21484E-4 1.20831E-4 -9999 -9999 -9999 -9999 -9999 -9999 -9999 -9999 -9999 -9999 -9999 -9999 -9999 -9999 -9999 -9999 -9999 -9999 -9999 -9999 -9999 -9999 -9999 -9999 -9999 -9999 -9999 -9999 -9999 -9999 -9999 -9999 -9999 -9999 -9999 -9999 -9999
5.12307E-2 4.4555E-2 1.22566E-1 6.73965E-2 4.18094E-3 9.58426E-4 1.20786E-4 1.32991E-4 2.97269E-5 1.03932E-5 1.48943E-5 3.12059E-5 1.48975E-5 9.21276E-6 1.28957E-5 9.17659E-6 6.73055E-6 9.87866E-7 1.26121E-7 1.4724E-7 1.48428E-6 3.09026E-5 2.08863E-5 2.75022E-5 6.9953E-5 4.54823E-5 1.06553E-4 4.9925E-4 1.25534E-4 -9999 -9999 -9999 -9999 -9999 -9999 -9999 -9999 -9999 -9999 -9999 -9999 -9999 -9999 -9999 -9999 -9999 -9999 -9999 -9999 -9999 -9999 -9999 -9999 -9999 -9999 -9999 -9999 -9999 -9999 -9999 -9999 -9999 -9999 -9999 -9999 -9999 -9999
9.41781E-2 8.66631E-2 7.39328E-2 5.52559E-2 9.19622E-4 4.52975E-4 1.42106E-5 2.88095E-5 1.64321E-4 4.31729E-6 1.28206E-5 2.09089E-4 8.99665E-5 2.02164E-5 1.18531E-5 1.08093E-5 7.74058E-6 1.27283E-6 3.01931E-7 8.19958E-7 1.42881E-5 4.4319E-7 1.25939E-7 1.12617E-6 3.23792E-5 3.1969E-5 2.5004E-5 5.65797E-5 -9999 -9999 -9999 -9999 -9999 -9999 -9999 -9999 -9999 -9999 -9999 -9999 -9999 -9999 -9999 -9999 -9999 -9999 -9999 -9999 -9999 -9999 -9999 -9999 -9999 -9999 -9999 -9999 -9999 -9999 -9999 -9999 -9999 -9999 -9999 -9999 -9999 -9999 -9999
8.33871E-2 7.20886E-2 3.80915E-2 3.06887E-2 9.18241E-4 4.86553E-4 5.31408E-4 5.85866E-4 3.30218E-4 2.06309E-5 1.73859E-5 1.48007E-4 1.29153E-4 2.23629E-5 6.54647E-6 1.55811E-5 3.36829E-6 2.60632E-6 1.08822E-6 8.74533E-7 5.23381E-7 4.30606E-8 5.63928E-8 1.97801E-7 3.83959E-6 3.09452E-5 3.83615E-5 -9999 -9999 -9999 -9999 -9999 -9999 -9999 -9999 -9999 -9999 -9999 -9999 -9999 -9999 -9999 -9999 -9999 -9999 -9999 -9999 -9999 -9999 -9999 -9999 -9999 -9999 -9999 -9999 -9999 -9999 -9999 -9999 -9999 -9999 -9999 -9999 -9999 -9999 -9999 -9999
6.3567E-2 4.62293E-2 3.54723E-2 3.27868E-2 4.22284E-3 5.27288E-3 4.47102E-3 2.06298E-3 1.17743E-3 3.16414E-5 4.02635E-5 1.7048E-4 1.58223E-4 1.16154E-4 1.10038E-4 3.9946E-5 1.68399E-5 1.23595E-6 9.11207E-8 8.81592E-8 3.28895E-7 5.67234E-7 7.37131E-8 7.1653E-7 8.25926E-7 4.94461E-7 -9999 -9999 -9999 -9999 -9999 -9999 -9999 -9999 -9999 -9999 -9999 -9999 -9999 -9999 -9999 -9999 -9999 -9999 -9999 -9999 -9999 -9999 -9999 -9999 -9999 -9999 -9999 -9999 -9999 -9999 -9999 -9999 -9999 -9999 -9999 -9999 -9999 -9999 -9999 -9999 -9999
5.30659E-2 2.16558E-2 1.06109E-2 1.13027E-2 1.09081E-2 1.94749E-2 6.39921E-3 3.65057E-3 1.85944E-4 2.43044E-5 1.33436E-4 3.41158E-4 1.69698E-4 6.27272E-5 1.43652E-4 1.79779E-4 7.67593E-5 1.1515E-5 3.60528E-7 9.67484E-9 1.59633E-8 6.06839E-6 6.64989E-7 8.10224E-7 1.5661E-7 1.98053E-6 -9999 -9999 -9999 -9999 -9999 -9999 -9999 -9999 -9999 -9999 -9999 -9999 -9999 -9999 -9999 -9999 -9999 -9999 -9999 -9999 -9999 -9999 -9999 -9999 -9999 -9999 -9999 -9999 -9999 -9999 -9999 -9999 -9999 -9999 -9999 -9999 -9999 -9999 -9999 -9999 -9999
4.88128E-2 2.18413E-2 1.80003E-2 1.25909E-2 2.46624E-3 1.08487E-2 4.19173E-3 1.4317E-3 1.09818E-4 9.5392E-5 4.60301E-4 3.92593E-4 1.57287E-4 2.20984E-4 1.18052E-4 4.35612E-5 4.72608E-5 1.7856E-5 8.86526E-8 -9999 -9999 1.54937E-7 2.67056E-8 2.54907E-9 2.26075E-7 -9999 -9999 -9999 -9999 -9999 -9999 -9999 -9999 -9999 -9999 -9999 -9999 -9999 -9999 -9999 -9999 -9999 -9999 -9999 -9999 -9999 -9999 -9999 -9999 -9999 -9999 -9999 -9999 -9999 -9999 -9999 -9999 -9999 -9999 -9999 -9999 -9999 -9999 -9999 -9999 -9999 -9999
