ENM/Final_Models/M_0.9_F_q_Set_1_E/Gustavia_santanderiensis_1_Choco.asc
ncols         367
nrows         963
xllcorner     -78.6
yllcorner     0.65
cellsize      0.00833333333333323
NODATA_value  -9999
[rows 238 to 271 of 963, columns 225 to 299 of 367]
1E0 1E0 1E0 1E0 1E0 1E0 1E0 1E0 1E0 1E0 9.99996E-1 5.16764E-1 4.27137E-1 1.5409E-1 3.2538E-2 2.52684E-2 2.10422E-1 2.2702E-1 2.66145E-1 6.74404E-1 9.27326E-1 9.20737E-1 7.69231E-1 7.72536E-1 8.39633E-1 9.24395E-1 9.78923E-1 9.98716E-1 9.94768E-1 9.76479E-1 9.44286E-1 9.67989E-1 9.84731E-1 9.84539E-1 9.95077E-1 9.95228E-1 7.55568E-1 7.00885E-1 4.81501E-1 4.53786E-1 4.20672E-1 4.36046E-1 2.78174E-1 2.27234E-1 1.17328E-1 8.1189E-2 1.23662E-1 1.07581E-1 1.61034E-1 6.58284E-2 4.52163E-2 1.99342E-3 3.05215E-4 1.7829E-3 3.83975E-3 1.74559E-3 6.20744E-4 1.57266E-3 2.1902E-3 9.07993E-4 1.40974E-4 8.38559E-6 4.28928E-7 6.7906E-7 8.39935E-5 1.26652E-5 1.69716E-5 3.96236E-6 3.49725E-5 -9999 -9999 -9999 -9999 -9999 -9999
1E0 1E0 1E0 1E0 1E0 1E0 1E0 1E0 1E0 1E0 9.99987E-1 8.78597E-1 6.31905E-1 3.49357E-1 7.29241E-2 2.37194E-2 1.49941E-1 1.67422E-1 2.04644E-1 7.18935E-1 9.7002E-1 8.66412E-1 6.92335E-1 6.77122E-1 5.22839E-1 6.30944E-1 9.80351E-1 9.799E-1 9.96989E-1 8.92986E-1 9.08331E-1 9.31572E-1 9.03664E-1 9.94752E-1 9.9639E-1 9.98427E-1 8.31138E-1 7.18603E-1 8.10507E-1 2.59738E-1 2.8832E-1 3.58615E-1 4.24125E-1 1.78211E-1 9.33999E-2 1.20069E-1 1.62373E-1 2.80823E-2 1.06497E-1 3.20893E-2 1.32113E-2 1.03386E-3 1.10886E-3 5.58514E-3 3.55977E-3 1.46028E-3 2.38195E-3 1.32144E-3 4.79035E-4 5.37917E-4 1.89982E-4 2.76805E-6 -9999 -9999 3.90119E-6 8.92643E-7 1.41991E-7 5.2657E-6 -9999 -9999 -9999 -9999 -9999 -9999 -9999
1E0 1E0 1E0 1E0 1E0 1E0 1E0 1E0 1E0 1E0 1E0 9.27328E-1 6.97025E-1 5.89942E-1 3.36901E-1 4.76494E-2 3.66006E-2 3.09595E-1 3.54077E-1 5.88928E-1 6.90554E-1 9.17873E-1 9.27165E-1 8.72765E-1 6.98588E-1 8.32804E-1 8.85924E-1 9.31258E-1 9.75399E-1 9.38743E-1 8.37697E-1 8.96719E-1 9.71327E-1 9.38637E-1 9.96399E-1 9.9182E-1 9.58526E-1 6.41354E-1 5.51002E-1 3.80811E-1 2.05893E-1 3.57269E-1 4.00314E-1 1.3077E-1 1.46318E-1 1.2154E-1 1.18819E-1 4.28974E-2 6.23111E-2 2.09042E-2 1.21893E-2 7.96271E-3 3.49868E-3 5.8625E-3 7.32114E-3 1.34128E-3 6.80082E-4 9.72795E-4 7.20022E-5 7.00395E-6 2.20089E-6 1.04266E-6 1.12869E-6 9.95832E-8 -9999 1.24775E-6 -9999 -9999 -9999 -9999 -9999 -9999 -9999 -9999 -9999
1E0 1E0 1E0 1E0 1E0 1E0 1E0 1E0 1E0 1E0 1E0 9.9985E-1 8.94212E-1 7.57781E-1 4.86225E-1 5.73647E-2 4.10059E-2 1.91192E-1 2.69795E-1 4.58608E-1 7.26187E-1 9.1121E-1 9.55375E-1 9.80069E-1 8.13639E-1 9.31935E-1 8.52865E-1 8.86648E-1 9.27551E-1 8.80261E-1 7.7931E-1 9.28403E-1 9.75009E-1 9.69455E-1 9.87714E-1 9.98581E-1 9.54461E-1 7.2492E-1 7.10174E-1 4.20455E-1 2.80326E-1 2.25719E-1 2.07421E-1 1.24936E-1 8.99037E-2 7.04625E-2 7.54497E-2 2.26672E-2 1.40947E-2 4.50695E-3 5.62273E-3 9.00038E-3 1.05526E-2 1.23047E-2 2.22066E-3 6.23608E-4 3.80905E-4 1.76422E-3 1.78841E-4 1.20218E-4 1.98366E-5 6.34456E-7 5.02736E-8 6.26178E-8 3.41385E-6 -9999 -9999 -9999 -9999 -9999 -9999 -9999 -9999 -9999 -9999
1E0 1E0 1E0 1E0 1E0 1E0 1E0 1E0 1E0 1E0 1E0 1E0 9.99999E-1 9.8743E-1 3.37745E-1 2.71192E-2 2.15081E-2 8.7054E-2 2.44086E-1 4.53468E-1 8.06042E-1 9.23264E-1 9.93169E-1 9.64012E-1 6.14467E-1 7.11359E-1 7.3014E-1 9.54399E-1 9.01303E-1 7.88167E-1 8.07021E-1 9.8307E-1 9.96838E-1 9.99461E-1 9.98945E-1 9.99648E-1 9.68491E-1 9.62487E-1 9.4177E-1 3.40742E-1 1.89659E-1 1.31138E-1 1.48095E-1 2.00222E-1 9.80441E-2 6.66017E-2 3.50408E-2 2.08333E-2 1.88745E-2 1.32571E-3 1.48874E-3 2.10828E-3 6.35613E-3 4.40597E-3 5.69985E-3 5.25166E-3 1.71598E-3 2.66974E-3 1.58938E-3 4.85208E-4 4.75035E-5 1.11562E-6 5.51481E-7 7.28006E-8 5.63633E-7 -9999 -9999 -9999 -9999 -9999 -9999 -9999 -9999 -9999 -9999
1E0 1E0 1E0 1E0 1E0 1E0 1E0 1E0 1E0 1E0 1E0 1E0 9.99828E-1 9.9787E-1 4.48368E-1 4.8414E-2 2.44727E-2 5.41615E-2 1.96353E-1 3.50241E-1 6.57233E-1 8.37865E-1 9.97016E-1 9.55522E-1 8.82149E-1 9.61796E-1 9.24529E-1 6.23819E-1 9.75397E-1 9.23328E-1 9.87777E-1 9.95465E-1 9.99728E-1 9.99997E-1 9.99932E-1 9.97459E-1 9.53497E-1 9.5135E-1 9.85527E-1 4.7053E-1 2.82948E-1 1.60551E-1 1.68605E-1 2.22602E-1 8.84627E-2 2.65062E-2 3.14993E-2 6.71777E-3 2.30164E-2 1.21565E-2 2.57736E-3 1.37639E-3 1.07167E-3 1.48361E-2 2.49315E-3 1.52621E-3 1.88536E-3 1.85875E-3 2.01231E-3 9.40551E-4 1.43649E-4 1.19967E-5 1.17603E-5 2.29792E-6 -9999 -9999 -9999 -9999 -9999 -9999 -9999 -9999 -9999 -9999 -9999
1E0 1E0 1E0 1E0 1E0 1E0 1E0 1E0 1E0 1E0 1E0 1E0 9.99952E-1 9.99953E-1 8.16203E-1 9.13179E-2 7.51591E-2 2.00392E-1 3.59977E-1 4.56802E-1 7.41481E-1 9.99352E-1 9.99751E-1 9.89528E-1 9.2551E-1 9.75166E-1 9.26736E-1 7.94208E-1 9.49287E-1 9.70265E-1 9.91493E-1 9.98543E-1 9.9982E-1 9.99845E-1 9.97158E-1 9.8953E-1 9.90088E-1 9.90986E-1 9.9477E-1 4.12195E-1 2.52042E-1 3.61362E-1 3.44303E-1 1.66015E-1 7.37415E-2 4.18229E-2 5.31485E-2 3.45239E-2 2.63214E-2 2.18267E-2 1.17863E-2 1.12639E-2 2.48101E-4 9.0979E-4 4.87959E-3 3.0811E-3 7.1149E-4 5.43122E-4 8.05784E-4 1.0833E-3 2.96807E-3 1.11918E-3 1.64061E-4 3.34537E-5 2.80461E-6 -9999 -9999 -9999 -9999 -9999 -9999 -9999 -9999 -9999 -9999
1E0 1E0 1E0 1E0 1E0 1E0 1E0 1E0 1E0 1E0 1E0 1E0 9.99947E-1 9.82247E-1 3.74787E-1 1.25694E-1 6.32806E-2 1.6587E-1 4.24275E-1 4.65163E-1 8.89224E-1 9.99815E-1 9.99753E-1 9.44209E-1 9.45811E-1 7.33793E-1 6.07121E-1 8.81205E-1 7.09496E-1 9.41571E-1 9.9977E-1 9.99959E-1 9.99687E-1 9.9988E-1 9.78741E-1 9.94713E-1 9.86254E-1 7.72569E-1 8.90794E-1 5.33303E-1 1.23577E-1 1.59688E-1 6.29921E-1 2.06757E-1 1.91886E-1 1.6733E-1 1.29368E-1 5.24693E-2 4.93149E-2 9.05393E-3 6.54024E-3 4.31492E-3 2.35519E-3 2.05115E-4 2.25823E-3 9.12514E-4 7.79873E-5 1.94366E-4 2.79606E-4 3.83884E-4 1.56365E-3 5.38247E-4 9.97771E-5 1.94742E-5 1.68816E-6 2.55393E-7 -9999 -9999 -9999 -9999 -9999 -9999 -9999 -9999 -9999
1E0 1E0 1E0 1E0 1E0 1E0 1E0 1E0 1E0 1E0 1E0 1E0 9.99911E-1 8.39084E-1 2.34661E-1 2.70174E-2 8.15395E-2 3.00541E-1 5.6492E-1 8.56329E-1 8.45859E-1 9.96849E-1 9.99581E-1 9.88415E-1 9.88378E-1 8.26091E-1 7.73444E-1 7.42336E-1 8.76113E-1 9.28169E-1 9.11615E-1 8.90184E-1 9.7626E-1 9.61641E-1 9.78842E-1 9.32459E-1 9.0461E-1 7.13469E-1 8.31662E-1 4.11209E-1 1.10112E-1 4.74654E-1 5.82106E-1 1.84672E-1 1.26459E-1 6.58649E-2 1.29951E-2 3.365E-2 5.76295E-2 2.91401E-2 1.59991E-2 1.72783E-2 1.99128E-3 1.05059E-4 9.47485E-5 1.71336E-5 6.48709E-5 1.77981E-5 7.80093E-6 4.75844E-5 1.00423E-4 3.69866E-4 3.30163E-4 5.30478E-5 3.0779E-5 3.70658E-7 -9999 -9999 -9999 -9999 -9999 -9999 -9999 -9999 -9999
1E0 1E0 1E0 1E0 1E0 1E0 1E0 1E0 1E0 1E0 1E0 1E0 1E0 9.80225E-1 3.5706E-1 8.84454E-2 8.76218E-2 2.60768E-1 4.77733E-1 8.67385E-1 9.99997E-1 9.99996E-1 9.98894E-1 9.99996E-1 7.61797E-1 5.438E-1 4.37259E-1 4.37766E-1 8.23319E-1 8.59735E-1 6.03044E-1 5.11458E-1 4.69199E-1 6.15618E-1 7.20122E-1 6.10864E-1 9.19384E-1 8.73337E-1 5.17765E-1 3.33453E-1 2.85737E-1 3.95858E-1 4.90198E-1 3.89311E-1 1.96478E-1 6.68508E-2 3.06805E-2 3.9686E-2 2.7658E-2 1.53129E-2 1.93125E-3 5.23872E-4 6.50801E-4 4.392E-5 1.68415E-4 4.49806E-6 1.99274E-5 3.80733E-6 2.09814E-6 1.36256E-6 5.71635E-6 1.08715E-6 3.74566E-5 2.96424E-5 1.4548E-5 8.96479E-7 -9999 -9999 -9999 -9999 -9999 -9999 -9999 -9999 -9999
1E0 1E0 1E0 1E0 1E0 1E0 1E0 1E0 1E0 1E0 1E0 1E0 1E0 9.99178E-1 5.88293E-1 8.64334E-2 1.53939E-1 5.25667E-1 8.21611E-1 8.50347E-1 9.99995E-1 9.99995E-1 9.98479E-1 9.99865E-1 7.00473E-1 7.32135E-1 2.878E-1 3.95359E-1 5.15677E-1 8.77016E-1 4.94506E-1 4.32552E-1 4.55103E-1 5.35805E-1 6.83368E-1 4.19941E-1 6.48531E-1 9.51812E-1 4.88039E-1 3.09708E-1 3.00936E-1 3.29942E-1 5.08252E-1 3.50826E-1 5.71827E-1 9.68198E-2 3.44038E-2 4.59937E-2 4.65595E-2 9.84058E-3 8.46225E-4 2.54508E-4 3.84861E-4 5.89941E-5 1.5094E-4 7.34777E-6 9.54355E-5 3.72917E-5 4.57824E-6 1.04923E-6 1.00763E-6 4.13463E-7 3.10621E-6 -9999 -9999 -9999 -9999 -9999 -9999 -9999 -9999 -9999 -9999 -9999 -9999
1E0 1E0 1E0 1E0 1E0 1E0 1E0 1E0 1E0 1E0 1E0 1E0 1E0 9.67353E-1 6.98822E-1 5.01326E-1 8.88854E-1 9.99992E-1 9.88187E-1 9.99998E-1 1E0 9.99997E-1 9.8589E-1 9.99981E-1 6.95305E-1 5.70291E-1 4.47019E-1 4.17168E-1 6.0715E-1 5.79862E-1 5.0538E-1 5.26525E-1 8.31331E-1 8.1903E-1 9.07676E-1 7.00212E-1 4.16058E-1 9.50168E-1 5.85683E-1 3.12392E-1 1.92855E-1 3.24318E-1 3.71184E-1 5.86496E-1 6.36787E-1 1.8779E-1 1.02856E-1 4.21839E-2 2.28936E-2 9.99246E-3 3.35638E-3 2.09649E-4 1.0599E-4 2.02207E-4 4.05515E-4 3.19214E-4 7.97668E-4 3.10235E-4 7.25706E-5 4.9694E-6 1.05074E-6 2.20846E-7 -9999 -9999 -9999 -9999 -9999 -9999 -9999 -9999 -9999 -9999 -9999 -9999 -9999
1E0 1E0 1E0 1E0 1E0 1E0 1E0 1E0 1E0 1E0 1E0 1E0 1E0 1E0 1E0 1E0 1E0 1E0 1E0 1E0 1E0 9.99991E-1 9.99983E-1 9.99707E-1 7.37935E-1 6.93563E-1 8.14184E-1 8.34031E-1 7.81823E-1 8.16168E-1 7.48481E-1 9.61866E-1 6.89621E-1 8.0664E-1 9.15523E-1 8.33705E-1 3.94048E-1 8.63693E-1 4.06523E-1 2.88557E-1 2.33792E-1 7.26991E-2 2.39754E-1 4.94071E-1 4.81213E-1 2.85576E-1 1.92771E-1 3.70308E-2 1.82002E-2 2.04643E-2 3.96014E-3 3.24151E-4 2.55378E-4 6.11143E-4 2.10604E-3 3.31202E-3 2.42827E-3 2.99407E-4 2.33936E-4 5.23791E-5 9.8616E-6 8.93292E-6 -9999 -9999 -9999 -9999 2.91548E-6 1.01685E-6 -9999 -9999 -9999 -9999 -9999 -9999 -9999
1E0 1E0 1E0 1E0 1E0 1E0 1E0 1E0 1E0 1E0 1E0 1E0 1E0 1E0 1E0 1E0 1E0 1E0 1E0 9.99724E-1 9.99997E-1 9.83721E-1 7.28101E-1 9.96184E-1 9.47626E-1 6.05393E-1 4.41645E-1 4.9732E-1 7.05301E-1 9.72762E-1 8.13802E-1 8.79634E-1 9.91974E-1 9.72278E-1 9.99672E-1 9.58771E-1 7.82082E-1 8.52595E-1 5.99501E-1 3.46902E-1 7.07148E-2 1.00443E-1 2.90473E-1 4.40257E-1 4.268E-1 2.97708E-1 1.72265E-1 3.50532E-2 1.60302E-2 1.40427E-2 7.69807E-3 4.36168E-3 5.9222E-3 2.48722E-3 2.77553E-3 4.3464E-3 2.17663E-4 2.79005E-4 1.07924E-4 4.19317E-5 7.74478E-6 -9999 -9999 6.85534E-7 1.60564E-6 1.70939E-6 7.08259E-6 7.26744E-7 -9999 -9999 -9999 -9999 -9999 -9999 -9999
1E0 1E0 1E0 1E0 1E0 1E0 1E0 1E0 1E0 1E0 1E0 1E0 1E0 1E0 1E0 1E0 9.99999E-1 9.99982E-1 1E0 9.99688E-1 9.99909E-1 9.72354E-1 8.99798E-1 8.7477E-1 9.94626E-1 8.49378E-1 6.14228E-1 7.51532E-1 6.46139E-1 7.43674E-1 8.46342E-1 9.90314E-1 9.99927E-1 9.99992E-1 9.9725E-1 9.86159E-1 9.78458E-1 7.36453E-1 3.65704E-1 3.9205E-1 9.44868E-2 2.08291E-1 2.37895E-1 6.4106E-1 4.00494E-1 4.97851E-1 3.84691E-1 1.82848E-1 9.99158E-2 7.34917E-3 1.20125E-2 1.99483E-2 2.14938E-2 1.3617E-2 4.78576E-3 7.47185E-3 2.51939E-4 2.12707E-4 5.56682E-5 2.71456E-5 1.13195E-5 5.85153E-6 6.68913E-6 1.7157E-5 7.72554E-6 1.42516E-5 2.11036E-6 9.95469E-5 2.07014E-5 -9999 -9999 -9999 -9999 -9999 -9999
1E0 1E0 1E0 1E0 1E0 1E0 1E0 1E0 1E0 1E0 1E0 1E0 1E0 1E0 1E0 1E0 9.99998E-1 9.99443E-1 1E0 1E0 9.99999E-1 9.9999E-1 9.6521E-1 9.55965E-1 7.60139E-1 9.72174E-1 7.39799E-1 5.99033E-1 8.53654E-1 8.43544E-1 8.95732E-1 9.99617E-1 9.9999E-1 9.99748E-1 9.99693E-1 9.99401E-1 9.36667E-1 5.97093E-1 4.05963E-1 4.7614E-1 4.58748E-1 2.91696E-1 4.88827E-1 5.10111E-1 4.98293E-1 3.37936E-1 4.92098E-1 4.44439E-1 2.51239E-1 6.54016E-2 7.42546E-3 3.38035E-3 1.93977E-2 4.37283E-3 8.10913E-3 1.76058E-3 2.06205E-3 1.33383E-3 3.45372E-4 2.32076E-5 4.16181E-5 8.7396E-5 7.4304E-6 1.99623E-5 3.00987E-5 1.58316E-5 6.9101E-5 9.21824E-6 3.73422E-5 -9999 -9999 -9999 -9999 -9999 -9999
1E0 1E0 1E0 1E0 1E0 1E0 1E0 1E0 1E0 1E0 1E0 1E0 1E0 1E0 1E0 1E0 9.98067E-1 6.84159E-1 9.9565E-1 9.96219E-1 1E0 9.98393E-1 9.99482E-1 9.99968E-1 8.35135E-1 9.98901E-1 9.08393E-1 8.16256E-1 6.85847E-1 6.74802E-1 8.12688E-1 9.96809E-1 9.99994E-1 9.96492E-1 9.99999E-1 8.53681E-1 9.42806E-1 7.00346E-1 5.14469E-1 3.52318E-1 4.32193E-1 3.75912E-1 5.62841E-1 3.07312E-1 4.36941E-1 3.94681E-1 3.1768E-1 1.98673E-1 4.23516E-1 2.28643E-1 7.56901E-2 8.92403E-3 2.78695E-2 2.68884E-2 2.88952E-3 3.09825E-3 3.86952E-3 6.09106E-4 7.33116E-5 1.03132E-4 1.02609E-4 1.6593E-4 2.16465E-4 4.97615E-5 2.61176E-5 3.27461E-5 3.74336E-5 4.20776E-5 3.10688E-6 1.43277E-5 -9999 -9999 -9999 -9999 -9999
1E0 1E0 1E0 1E0 1E0 1E0 1E0 1E0 1E0 1E0 1E0 1E0 1E0 1E0 9.99999E-1 9.99167E-1 7.57973E-1 4.27287E-1 7.17591E-1 9.93065E-1 1E0 9.99732E-1 9.81692E-1 9.92171E-1 9.44218E-1 9.98889E-1 9.97431E-1 9.82612E-1 9.82717E-1 9.78247E-1 8.1491E-1 9.74899E-1 9.9738E-1 9.99989E-1 9.99996E-1 7.99548E-1 8.40206E-1 7.9572E-1 4.69434E-1 3.65823E-1 4.03687E-1 4.47189E-1 5.06772E-1 3.74825E-1 3.06867E-1 3.96278E-1 4.29224E-1 2.10459E-1 2.59314E-1 2.55312E-1 1.27811E-1 1.43111E-2 9.84934E-3 3.77963E-3 8.69596E-4 2.51786E-3 9.96522E-4 1.42797E-4 1.60844E-4 1.076E-4 1.19903E-3 3.19956E-4 2.73672E-4 6.1514E-5 2.53749E-5 6.48143E-5 2.38789E-4 1.18746E-4 2.59802E-5 3.40984E-6 -9999 -9999 -9999 -9999 -9999
1E0 1E0 1E0 1E0 1E0 1E0 1E0 1E0 1E0 1E0 1E0 1E0 1E0 1E0 9.52629E-1 5.4063E-1 2.25684E-1 4.00281E-1 5.5968E-1 6.58091E-1 9.97955E-1 9.99993E-1 9.98944E-1 1E0 9.82466E-1 1E0 9.9997E-1 9.91349E-1 9.99755E-1 8.97479E-1 9.34144E-1 9.6536E-1 9.51453E-1 9.90385E-1 9.35287E-1 6.90158E-1 8.6398E-1 8.03763E-1 5.17903E-1 5.98891E-1 4.82179E-1 3.01402E-1 3.3019E-1 2.38949E-1 2.73924E-1 3.06095E-1 2.57982E-1 1.92849E-1 1.11205E-1 9.72412E-2 4.58399E-2 5.26328E-3 8.673E-4 2.47161E-4 5.67873E-4 4.06836E-4 1.89452E-4 3.4591E-4 5.01436E-4 1.75981E-4 6.5347E-5 2.31171E-5 1.36164E-5 9.50521E-5 7.08297E-5 4.21462E-5 1.29315E-4 9.43736E-5 1.07863E-4 6.55065E-5 5.79785E-5 -9999 -9999 -9999 -9999
1E0 1E0 1E0 1E0 1E0 1E0 1E0 1E0 1E0 1E0 1E0 1E0 1E0 9.90498E-1 4.23327E-1 3.67835E-1 3.55214E-1 4.62994E-1 7.72162E-1 9.26093E-1 8.74718E-1 8.97351E-1 9.96937E-1 1E0 9.25081E-1 9.99873E-1 6.65034E-1 9.05089E-1 8.64326E-1 6.13473E-1 9.64202E-1 9.38389E-1 9.96546E-1 9.00569E-1 5.89918E-1 5.9074E-1 7.53497E-1 6.81261E-1 3.90007E-1 2.71262E-1 2.59617E-1 2.2187E-1 1.82648E-1 4.07163E-1 3.88897E-1 2.31837E-1 1.43667E-1 1.36405E-1 1.18394E-1 1.26211E-1 5.35435E-2 7.48578E-3 6.58131E-3 9.64875E-3 5.74574E-3 4.49002E-2 1.7533E-3 5.7193E-3 7.60966E-3 1.93082E-3 4.20727E-4 3.18873E-4 4.29251E-5 1.43653E-4 3.0829E-5 1.18187E-4 2.02858E-4 2.77127E-4 3.28549E-4 1.79695E-4 7.35844E-5 9.49128E-5 -9999 -9999 -9999
1E0 1E0 1E0 1E0 1E0 1E0 1E0 1E0 1E0 1E0 1E0 1E0 1E0 9.99978E-1 8.9635E-1 6.9237E-1 1.37902E-1 8.35127E-2 5.56136E-1 9.2765E-1 8.68056E-1 8.88878E-1 9.99966E-1 9.99975E-1 9.86659E-1 9.98589E-1 7.6922E-1 5.64566E-1 7.24875E-1 5.49114E-1 4.57534E-1 7.98833E-1 7.95441E-1 3.46956E-1 2.20007E-1 2.31012E-1 4.5548E-1 5.39976E-1 3.9493E-1 4.72764E-1 4.55523E-1 3.81399E-1 3.01679E-1 3.22673E-1 3.61493E-1 1.91071E-1 2.5152E-1 2.20598E-1 2.44314E-1 2.59181E-1 1.34677E-1 1.56771E-2 1.81773E-2 1.87747E-2 1.55571E-2 1.50844E-2 1.87005E-2 1.78056E-2 1.32366E-2 2.31054E-3 4.23285E-4 3.36343E-5 7.31175E-5 1.95378E-4 1.0008E-4 3.12218E-4 1.45724E-4 2.09206E-4 6.19733E-5 4.75641E-5 5.2432E-5 3.34387E-5 5.00014E-5 -9999 -9999
1E0 1E0 1E0 1E0 1E0 1E0 1E0 1E0 1E0 1E0 1E0 1E0 1E0 1E0 9.55165E-1 9.09565E-1 8.01265E-1 3.09596E-1 4.96991E-1 5.60118E-1 6.41703E-1 9.42839E-1 9.9762E-1 1E0 9.99981E-1 9.98199E-1 9.99979E-1 9.23828E-1 8.153E-1 6.33538E-1 2.2312E-1 4.86841E-1 3.26817E-1 1.96767E-1 2.57477E-1 2.0407E-1 3.43305E-1 5.72611E-1 4.18409E-1 4.29905E-1 5.77809E-1 7.44785E-1 4.17709E-1 2.14673E-1 2.72464E-1 1.65346E-1 6.80072E-1 7.79996E-1 4.31762E-1 1.48682E-1 1.7158E-1 1.35584E-2 8.85768E-3 2.8074E-3 3.06291E-3 1.02584E-2 9.89403E-3 2.67492E-3 5.27929E-4 1.75616E-4 3.15812E-5 2.52656E-4 2.89438E-4 1.23345E-4 2.8255E-4 3.18934E-4 2.48804E-4 2.90269E-4 4.42269E-4 1.66631E-4 1.63002E-4 2.01629E-4 6.70062E-5 1.44821E-4 -9999
1E0 1E0 1E0 1E0 1E0 1E0 1E0 1E0 1E0 1E0 1E0 1E0 1E0 1E0 9.97797E-1 9.53032E-1 9.13637E-1 7.48652E-1 6.33577E-1 5.08333E-1 5.82384E-1 6.42886E-1 9.36042E-1 9.99309E-1 9.99733E-1 9.47427E-1 9.99797E-1 9.88048E-1 9.80502E-1 8.02468E-1 3.72661E-1 3.24014E-1 5.19342E-1 2.43897E-1 1.88041E-1 3.05985E-1 3.81884E-1 6.86611E-1 7.28785E-1 6.81908E-1 5.77846E-1 7.14044E-1 5.57191E-1 3.75542E-1 1.70651E-1 2.15033E-1 5.94783E-1 9.50297E-1 4.52695E-1 1.32529E-1 1.40113E-1 1.70803E-2 9.31182E-3 1.51287E-3 1.00508E-3 2.66782E-3 2.61239E-3 2.33145E-3 2.59929E-3 4.97826E-5 1.68662E-5 1.10911E-6 1.91768E-4 1.89932E-4 1.46928E-3 7.93043E-4 2.97407E-4 2.00408E-4 -9999 -9999 -9999 7.84331E-5 1.09118E-4 1.495E-4 -9999
1E0 1E0 1E0 1E0 1E0 1E0 1E0 1E0 1E0 1E0 1E0 1E0 1E0 1E0 9.99998E-1 9.87883E-1 9.92033E-1 8.5987E-1 5.4151E-1 5.05634E-1 5.77203E-1 6.33762E-1 9.28053E-1 9.83096E-1 9.96436E-1 9.83161E-1 9.90162E-1 9.95366E-1 9.69314E-1 9.51258E-1 4.93307E-1 3.21164E-1 3.2638E-1 2.13165E-1 2.58384E-1 2.56424E-1 4.40368E-1 5.17586E-1 6.21507E-1 5.89119E-1 7.30395E-1 9.25846E-1 7.81236E-1 9.77229E-1 2.11518E-1 2.6374E-1 5.00986E-1 7.99997E-1 5.39035E-1 1.47922E-1 8.25295E-2 3.35009E-2 3.07609E-2 1.86426E-2 6.95334E-3 6.76623E-3 1.78546E-3 4.77678E-4 6.01915E-3 9.2724E-5 1.16778E-5 1.16636E-5 1.61577E-4 5.13346E-4 5.28621E-4 6.14954E-4 8.18321E-4 4.37759E-4 2.44482E-4 -9999 -9999 -9999 8.1805E-7 2.79303E-6 -9999
1E0 1E0 1E0 1E0 1E0 1E0 1E0 1E0 1E0 1E0 1E0 1E0 1E0 1E0 1E0 9.99774E-1 1E0 9.99218E-1 7.97479E-1 2.14983E-1 3.48873E-1 4.56372E-1 6.78493E-1 8.99128E-1 9.99578E-1 9.99966E-1 9.34674E-1 9.9477E-1 6.37522E-1 7.78094E-1 7.30666E-1 4.89609E-1 4.29755E-1 2.34208E-1 5.28161E-1 3.05753E-1 3.93337E-1 8.30373E-1 8.80676E-1 7.69048E-1 8.46009E-1 9.67922E-1 9.98806E-1 9.34827E-1 3.33126E-1 2.86847E-1 5.95025E-1 7.04426E-1 7.0861E-1 2.06062E-1 1.02675E-1 2.88144E-2 6.93857E-3 9.64289E-3 8.90982E-3 5.86438E-3 1.25791E-3 1.18108E-3 3.15106E-4 2.29621E-4 2.24541E-5 1.20727E-4 4.93458E-4 9.37041E-4 7.20899E-4 7.70874E-4 4.83737E-4 3.56348E-4 9.82744E-5 -9999 -9999 -9999 -9999 -9999 8.43098E-7
1E0 1E0 1E0 1E0 1E0 1E0 1E0 1E0 1E0 1E0 1E0 1E0 1E0 1E0 1E0 1E0 1E0 1E0 8.76388E-1 1.29487E-1 4.7748E-1 2.52127E-1 4.91108E-1 9.70279E-1 9.9998E-1 9.99967E-1 9.96744E-1 9.3002E-1 8.24966E-1 7.5374E-1 4.06611E-1 4.86514E-1 2.68766E-1 2.04519E-1 2.31603E-1 2.65799E-1 7.80512E-1 7.90545E-1 8.95308E-1 9.88252E-1 9.89883E-1 9.45652E-1 9.87937E-1 8.60222E-1 6.51176E-1 3.0403E-1 1.53452E-1 7.043E-1 6.9201E-1 3.94851E-1 2.74321E-1 7.65363E-2 4.1125E-3 3.26627E-3 2.79083E-3 1.73476E-3 3.55845E-5 1.19047E-4 7.8091E-5 3.26887E-4 5.74789E-4 9.86161E-5 7.29792E-5 8.26123E-4 1.43343E-3 6.48686E-4 3.51526E-4 1.48866E-4 1.24379E-4 7.95114E-6 -9999 -9999 -9999 -9999 -9999
1E0 1E0 1E0 1E0 1E0 1E0 1E0 1E0 1E0 1E0 1E0 1E0 1E0 1E0 1E0 1E0 1E0 1E0 9.74564E-1 4.92248E-1 4.96158E-1 3.39545E-1 6.54272E-1 9.51523E-1 1E0 9.9999E-1 9.98788E-1 9.00618E-1 9.82658E-1 9.92213E-1 7.50576E-1 3.01479E-1 2.41498E-1 2.82884E-1 3.36645E-1 5.39861E-1 8.32666E-1 7.25767E-1 8.23301E-1 9.25617E-1 9.48009E-1 9.67392E-1 9.46493E-1 8.33226E-1 6.79125E-1 4.63972E-1 2.73632E-1 2.84872E-1 4.88768E-1 6.09276E-1 1.85147E-1 8.38301E-2 3.02751E-3 4.75439E-3 4.06621E-3 6.33633E-4 2.37251E-2 3.53302E-2 3.59078E-5 1.17854E-3 2.10376E-4 6.90226E-4 2.65819E-4 1.1794E-3 8.79266E-4 9.31464E-4 1.31144E-3 1.20373E-3 -9999 -9999 -9999 -9999 -9999 -9999 -9999
1E0 1E0 1E0 1E0 1E0 1E0 1E0 1E0 1E0 1E0 1E0 1E0 1E0 1E0 1E0 1E0 1E0 1E0 6.84925E-1 2.21889E-1 4.70011E-1 6.77581E-1 8.82435E-1 9.99461E-1 9.99992E-1 9.99984E-1 9.98898E-1 9.05201E-1 9.84975E-1 9.73218E-1 7.4929E-1 3.51005E-1 4.24219E-1 4.61304E-1 6.04372E-1 6.39373E-1 7.84144E-1 9.49396E-1 9.88145E-1 9.98121E-1 9.98637E-1 9.39894E-1 8.65974E-1 8.97986E-1 8.08648E-1 5.99237E-1 2.9005E-1 2.84145E-1 4.52027E-1 7.4651E-1 5.38698E-1 4.02125E-1 2.5641E-3 1.60213E-3 2.18994E-3 1.54542E-3 1.8852E-3 2.40288E-2 1.06855E-4 2.94718E-3 9.85996E-4 2.78367E-3 8.43561E-4 8.55463E-4 1.10817E-3 9.93779E-4 8.13615E-4 1.12665E-3 -9999 -9999 -9999 -9999 -9999 -9999 -9999
1E0 1E0 1E0 1E0 1E0 1E0 1E0 1E0 1E0 1E0 1E0 1E0 1E0 1E0 1E0 1E0 1E0 9.98017E-1 2.77245E-1 1.18187E-1 3.83496E-1 4.8865E-1 9.23893E-1 9.30378E-1 9.87971E-1 9.98745E-1 9.98504E-1 9.70554E-1 9.70919E-1 9.95761E-1 9.46E-1 5.08929E-1 5.83658E-1 7.31636E-1 8.6909E-1 7.8989E-1 8.31414E-1 7.88074E-1 9.92971E-1 9.96048E-1 9.97518E-1 9.53442E-1 8.70784E-1 9.48503E-1 9.89528E-1 8.25817E-1 3.72454E-1 5.29947E-1 4.5036E-1 7.87658E-1 3.95184E-1 3.43152E-1 3.88222E-2 5.6029E-4 2.12958E-3 2.06384E-3 2.30856E-3 3.00033E-4 2.0545E-4 2.90543E-3 1.31176E-3 1.17765E-3 1.25972E-3 2.49512E-3 7.22522E-4 3.25418E-3 8.26036E-4 -9999 -9999 -9999 -9999 -9999 -9999 -9999 -9999
1E0 1E0 1E0 1E0 1E0 1E0 1E0 1E0 1E0 1E0 1E0 1E0 1E0 1E0 1E0 1E0 1E0 9.94913E-1 2.54669E-1 4.58086E-2 1.83337E-1 6.34938E-1 8.14171E-1 8.59524E-1 8.03234E-1 9.9493E-1 9.98774E-1 9.6609E-1 8.75005E-1 9.959E-1 8.94521E-1 3.68319E-1 5.54255E-1 7.35784E-1 7.1285E-1 6.19755E-1 7.47284E-1 8.41038E-1 9.38521E-1 9.9364E-1 9.96633E-1 9.28333E-1 8.89808E-1 9.14839E-1 9.39009E-1 9.90279E-1 6.54045E-1 5.90969E-1 7.15482E-1 4.05012E-1 6.75632E-1 3.81162E-1 1.41369E-1 1.24889E-1 4.38846E-2 8.92159E-4 2.91454E-3 1.06958E-3 1.22143E-4 2.7158E-3 2.61121E-3 1.27715E-3 2.58155E-3 3.45176E-3 2.12195E-3 4.98699E-4 2.67235E-4 1.85191E-4 -9999 -9999 -9999 -9999 -9999 -9999 -9999
1E0 1E0 1E0 1E0 1E0 1E0 1E0 1E0 1E0 1E0 1E0 1E0 1E0 1E0 1E0 1E0 1E0 9.96782E-1 3.78694E-1 1.38236E-1 2.08829E-1 2.64322E-1 2.67978E-1 3.99096E-1 5.05234E-1 8.30901E-1 9.98354E-1 9.95317E-1 9.55158E-1 9.99587E-1 9.20584E-1 9.55034E-1 8.11548E-1 6.36399E-1 8.97491E-1 9.04594E-1 9.04224E-1 7.64101E-1 9.37314E-1 9.95551E-1 9.78254E-1 9.8601E-1 9.90479E-1 9.92385E-1 9.11161E-1 8.1179E-1 9.83903E-1 8.99561E-1 7.7555E-1 8.94264E-1 6.7221E-1 2.41993E-1 5.63011E-2 1.84597E-1 1.09669E-1 6.21406E-2 1.36234E-2 6.15423E-3 8.26969E-4 7.704E-3 5.68038E-3 5.57036E-3 2.03449E-3 4.57286E-3 1.02486E-3 1.94013E-3 1.66143E-4 6.33781E-5 -9999 -9999 -9999 2.38496E-6 -9999 -9999 -9999
1E0 1E0 1E0 1E0 1E0 1E0 1E0 1E0 1E0 1E0 1E0 1E0 1E0 1E0 1E0 1E0 9.9991E-1 9.86658E-1 5.66066E-1 3.57943E-1 3.49776E-1 1.84917E-1 1.15901E-1 1.92401E-1 4.27686E-1 9.25387E-1 9.80805E-1 9.99998E-1 9.49754E-1 9.9651E-1 9.99082E-1 9.9512E-1 8.8464E-1 8.37338E-1 9.75229E-1 9.8564E-1 9.63443E-1 7.90963E-1 8.55623E-1 9.69405E-1 9.6292E-1 9.89745E-1 9.90031E-1 9.8528E-1 9.73241E-1 7.95349E-1 9.38176E-1 9.57232E-1 9.23852E-1 9.79594E-1 9.30913E-1 5.86024E-1 2.73054E-1 2.92841E-1 1.01336E-1 1.19923E-1 2.11429E-1 1.89357E-2 5.71714E-3 1.05958E-2 4.60456E-3 3.30514E-3 3.01582E-3 1.43981E-3 1.55986E-3 2.50048E-4 3.9105E-4 1.10211E-4 -9999 -9999 -9999 2.35738E-6 -9999 -9999 -9999
1E0 1E0 1E0 1E0 1E0 1E0 1E0 1E0 1E0 1E0 1E0 1E0 1E0 1E0 1E0 1E0 1E0 9.94471E-1 3.99331E-1 1.26296E-1 5.17007E-2 1.45854E-1 1.7086E-1 2.08242E-1 2.9864E-1 9.97603E-1 1E0 9.99973E-1 9.95819E-1 9.84709E-1 9.94262E-1 9.77982E-1 9.38929E-1 9.05405E-1 9.47045E-1 9.36698E-1 8.23613E-1 8.76846E-1 9.92468E-1 9.76839E-1 9.96152E-1 9.99793E-1 9.99906E-1 9.68501E-1 9.12781E-1 9.43525E-1 9.85251E-1 9.071E-1 6.65846E-1 8.82254E-1 6.50856E-1 6.15238E-1 5.47353E-1 5.27041E-1 3.36155E-1 2.72366E-1 2.27162E-1 2.48199E-2 8.75496E-3 3.29028E-2 2.84861E-2 1.55296E-2 6.76866E-3 4.34925E-3 1.08871E-3 3.3107E-4 2.77551E-4 1.40293E-4 4.80372E-5 1.52064E-4 2.33384E-5 -9999 -9999 -9999 -9999
1E0 1E0 1E0 1E0 1E0 1E0 1E0 1E0 1E0 1E0 1E0 1E0 1E0 1E0 1E0 1E0 1E0 9.999E-1 1.40681E-1 1.616E-2 6.39928E-2 1.20926E-1 9.22172E-2 2.37832E-1 2.04606E-1 9.76387E-1 1E0 9.99761E-1 9.97616E-1 8.29476E-1 9.61295E-1 9.5602E-1 9.71648E-1 9.86393E-1 9.96795E-1 9.21607E-1 9.04926E-1 6.80149E-1 9.46253E-1 9.34458E-1 9.93097E-1 9.96213E-1 9.98671E-1 9.91577E-1 9.7848E-1 9.80899E-1 5.69699E-1 1.68334E-1 3.08007E-1 3.39621E-1 3.00204E-1 8.08662E-1 7.95852E-1 5.09266E-2 2.84102E-2 4.26413E-2 4.68822E-2 6.29154E-3 3.02291E-2 4.15429E-2 3.49004E-2 1.30237E-2 4.39043E-3 2.60922E-3 3.09745E-3 1.56111E-3 2.71647E-4 2.90732E-4 4.21042E-5 5.39274E-5 5.64237E-6 1.67348E-6 -9999 -9999 -9999
