ENM/Final_Models/M_0.9_F_q_Set_1_E/Gustavia_santanderiensis_6_Choco.asc
ncols         367
nrows         963
xllcorner     -78.6
yllcorner     0.65
cellsize      0.00833333333333323
NODATA_value  -9999
[rows 660 to 692 of 963, columns 152 to 227 of 367]
1E0 1E0 1E0 1E0 1E0 1E0 1E0 1E0 1E0 1E0 1E0 1E0 1E0 1E0 1E0 9.99887E-1 9.99996E-1 9.99989E-1 9.98832E-1 9.99878E-1 9.99985E-1 9.84057E-1 9.99216E-1 9.99999E-1 9.92975E-1 9.59275E-1 9.91629E-1 9.99996E-1 9.0109E-1 9.99836E-1 1E0 9.99936E-1 9.99991E-1 9.97906E-1 9.99734E-1 9.94393E-1 9.98956E-1 9.95076E-1 4.5031E-1 4.56553E-1 4.11258E-1 1.51148E-1 1.02072E-1 1.055E-1 7.21774E-2 1.44173E-1 2.4918E-1 1.03802E-1 3.26631E-1 2.76915E-1 3.54391E-1 3.50351E-1 1.81582E-1 6.5683E-2 3.21778E-2 1.12186E-2 4.41971E-3 5.77487E-3 2.26664E-3 1.32327E-3 1.68582E-3 7.96146E-4 1.56502E-3 3.49941E-4 5.88449E-4 2.64745E-4 3.05327E-4 4.24757E-4 -9999 -9999 -9999 -9999 -9999 -9999 -9999 -9999
1E0 1E0 1E0 1E0 1E0 1E0 1E0 1E0 1E0 1E0 1E0 1E0 1E0 1E0 1E0 1E0 9.9853E-1 9.99787E-1 9.941E-1 9.99999E-1 9.98843E-1 8.4758E-1 9.42535E-1 9.99994E-1 1E0 1E0 9.99733E-1 9.97006E-1 9.8314E-1 9.99819E-1 9.9999E-1 1E0 9.36978E-1 9.9956E-1 9.93008E-1 8.73904E-1 6.12733E-1 2.87067E-1 8.62244E-2 1.58192E-1 2.63594E-1 1.02333E-1 7.10411E-2 6.05374E-2 7.17688E-2 1.48932E-1 2.37372E-1 3.0157E-1 4.39492E-1 3.08959E-1 6.25464E-1 5.13141E-1 1.837E-1 1.01833E-1 3.96599E-2 1.65023E-2 2.97551E-3 7.1912E-3 2.20787E-3 2.98938E-3 3.63226E-3 6.18389E-3 4.46202E-3 1.21601E-3 1.35836E-3 1.62793E-3 1.46403E-3 -9999 -9999 -9999 -9999 -9999 -9999 -9999 -9999 -9999
1E0 1E0 1E0 1E0 1E0 1E0 1E0 1E0 1E0 1E0 1E0 1E0 1E0 1E0 1E0 1E0 1E0 9.98948E-1 9.99985E-1 9.96751E-1 9.9946E-1 9.99539E-1 9.99986E-1 1E0 1E0 1E0 1E0 1E0 9.99962E-1 9.99997E-1 9.99377E-1 9.50505E-1 9.42231E-1 8.48643E-1 9.99828E-1 9.24774E-1 7.40209E-1 7.9058E-1 9.7183E-1 9.41899E-1 9.22258E-1 2.63025E-1 4.1497E-1 1.47797E-1 1.92882E-1 2.39517E-1 3.5375E-1 5.90964E-1 5.09327E-1 5.32253E-1 6.13345E-1 2.48452E-1 1.90824E-1 9.92082E-2 2.62273E-2 1.37336E-2 5.71061E-3 9.9408E-3 7.86585E-3 2.0866E-2 3.63045E-2 7.13985E-3 2.47562E-3 7.83079E-4 1.55958E-3 9.52162E-4 6.14482E-4 -9999 -9999 -9999 -9999 -9999 -9999 -9999 -9999 -9999
1E0 1E0 1E0 1E0 1E0 1E0 1E0 1E0 1E0 1E0 1E0 1E0 1E0 1E0 1E0 1E0 1E0 1E0 9.99994E-1 1E0 1E0 1E0 1E0 1E0 1E0 1E0 1E0 1E0 9.99904E-1 9.99931E-1 9.9925E-1 9.20296E-1 7.12004E-1 7.69493E-1 9.65984E-1 6.0571E-1 9.5381E-1 8.75557E-1 2.39348E-1 7.53696E-1 9.39512E-1 9.08038E-1 3.61971E-1 8.87191E-2 1.96824E-1 5.35212E-1 7.76307E-1 7.72743E-1 6.24873E-1 8.7132E-1 5.10483E-1 4.34877E-1 2.30213E-1 1.36806E-1 2.19617E-2 2.79459E-2 1.83159E-2 3.47711E-2 1.16817E-2 3.6631E-2 2.39332E-2 1.35584E-2 3.76218E-3 1.23137E-3 1.66502E-3 1.41105E-3 1.48923E-3 -9999 -9999 -9999 -9999 -9999 -9999 -9999 -9999 -9999
1E0 1E0 1E0 1E0 1E0 1E0 1E0 1E0 1E0 1E0 1E0 9.99988E-1 1E0 1E0 1E0 1E0 1E0 9.9996E-1 1E0 1E0 1E0 1E0 1E0 9.99712E-1 9.92727E-1 1E0 1E0 1E0 9.99999E-1 9.6582E-1 9.39397E-1 7.55757E-1 4.71712E-1 6.85602E-1 7.6363E-1 7.92773E-1 5.34461E-1 5.8896E-1 2.99859E-1 5.87933E-1 8.77839E-1 9.71684E-1 8.64847E-1 3.32756E-1 2.91923E-1 4.65458E-1 6.91218E-1 7.42155E-1 9.36997E-1 7.40895E-1 2.7455E-1 3.43309E-1 4.66147E-1 2.49935E-1 1.52279E-1 1.77164E-1 2.75439E-2 3.82401E-2 7.85536E-2 4.91886E-2 1.45027E-2 1.58045E-3 1.20814E-3 2.05377E-3 1.76264E-3 1.98052E-3 3.23796E-3 -9999 -9999 -9999 -9999 -9999 -9999 -9999 -9999 -9999
1E0 1E0 1E0 1E0 1E0 1E0 1E0 1E0 1E0 1E0 1E0 9.99751E-1 1E0 1E0 9.99999E-1 1E0 9.99979E-1 1E0 1E0 1E0 1E0 1E0 1E0 9.63767E-1 9.78748E-1 1E0 1E0 1E0 1E0 9.96205E-1 9.99245E-1 9.77776E-1 8.14202E-1 4.90529E-1 2.99353E-1 2.12159E-1 7.86119E-2 3.52894E-1 4.15121E-1 3.73443E-1 6.09814E-1 8.87135E-1 9.89561E-1 5.29008E-1 4.87981E-1 4.21266E-1 4.84055E-1 5.50826E-1 9.32828E-1 9.02069E-1 7.74388E-1 3.88241E-1 3.75362E-1 5.7407E-1 2.52254E-1 1.54126E-1 2.37961E-1 1.3127E-1 1.18451E-1 2.62331E-2 1.00864E-2 3.89468E-4 4.72744E-4 1.38602E-3 1.9579E-3 1.92288E-3 -9999 -9999 -9999 -9999 -9999 -9999 -9999 -9999 -9999 -9999
1E0 1E0 1E0 1E0 1E0 1E0 1E0 1E0 1E0 1E0 1E0 1E0 1E0 9.99995E-1 9.99999E-1 9.99712E-1 1E0 1E0 1E0 1E0 1E0 1E0 9.99856E-1 9.03646E-1 9.74073E-1 1E0 1E0 1E0 1E0 9.97596E-1 9.12775E-1 7.05447E-1 3.8752E-1 4.95659E-1 3.55786E-2 4.86492E-3 1.75335E-2 2.97302E-1 3.37376E-1 3.98284E-1 4.27504E-1 3.02963E-1 9.30196E-1 9.34168E-1 9.30794E-1 8.00321E-1 6.90562E-1 9.19829E-1 9.57485E-1 7.04761E-1 8.36979E-1 6.17339E-1 6.2148E-1 3.94724E-1 3.53298E-1 1.67557E-1 1.41754E-1 1.27266E-1 6.06596E-2 8.75628E-3 2.42429E-3 1.96791E-4 1.34097E-4 1.71217E-3 1.61915E-3 3.87627E-3 -9999 -9999 -9999 -9999 -9999 -9999 -9999 -9999 -9999 -9999
1E0 1E0 1E0 1E0 1E0 1E0 1E0 1E0 1E0 1E0 1E0 1E0 9.99999E-1 1E0 1E0 1E0 1E0 1E0 1E0 1E0 1E0 9.99996E-1 9.94995E-1 9.21292E-1 9.41069E-1 1E0 9.99993E-1 9.52419E-1 9.98042E-1 9.97664E-1 9.61435E-1 5.8969E-2 3.47794E-2 2.60658E-2 4.12355E-3 2.86615E-3 6.99191E-3 3.32017E-1 4.42133E-1 4.6415E-1 2.93811E-1 2.89139E-1 7.39732E-1 9.26252E-1 7.97433E-1 9.51572E-1 8.70968E-1 9.7947E-1 8.51014E-1 3.60327E-1 2.52381E-1 1.83975E-1 1.44927E-1 1.62162E-1 3.34169E-1 1.27522E-1 9.13681E-2 4.08965E-2 2.4516E-2 3.24667E-3 1.51616E-3 7.87403E-5 1.77498E-4 3.952E-4 8.87026E-4 -9999 -9999 -9999 -9999 -9999 -9999 -9999 -9999 -9999 -9999 -9999
1E0 1E0 1E0 1E0 1E0 1E0 1E0 1E0 1E0 1E0 1E0 1E0 1E0 9.97973E-1 9.95897E-1 9.99972E-1 1E0 1E0 1E0 1E0 1E0 9.98228E-1 9.81646E-1 7.33208E-1 8.50916E-1 1E0 9.99958E-1 9.50041E-1 9.80943E-1 9.31245E-1 2.15666E-1 3.31911E-2 9.15984E-3 2.61466E-3 6.21809E-4 7.61943E-3 1.26002E-2 2.9511E-1 6.12152E-1 5.24709E-1 1.4602E-1 4.5298E-1 7.79502E-1 9.49083E-1 5.5353E-1 7.17687E-1 8.73709E-1 9.85935E-1 8.56747E-1 3.03903E-1 3.53435E-1 1.42986E-1 1.08141E-1 6.31343E-2 2.05084E-1 7.0606E-2 5.97175E-2 3.77816E-2 1.41742E-2 7.96249E-3 3.10206E-3 1.50036E-4 5.72826E-5 1.86682E-4 1.65862E-3 -9999 -9999 -9999 -9999 -9999 -9999 -9999 -9999 -9999 -9999 -9999
1E0 1E0 1E0 1E0 1E0 1E0 1E0 1E0 1E0 1E0 1E0 1E0 9.9999E-1 1E0 1E0 9.9919E-1 9.99999E-1 9.99989E-1 9.99997E-1 9.99999E-1 9.99988E-1 9.93477E-1 8.83417E-1 6.2048E-1 8.54603E-1 9.99482E-1 1E0 9.954E-1 9.67204E-1 7.47187E-1 1.22826E-1 2.19416E-2 2.63924E-2 9.65295E-3 1.89555E-3 8.68954E-3 2.79761E-2 4.49656E-1 2.61589E-1 3.69069E-1 2.72887E-1 5.78823E-1 5.53641E-1 8.30661E-1 8.27088E-1 5.28461E-1 6.21777E-1 8.08481E-1 9.71366E-1 8.35657E-1 4.23473E-1 3.20711E-1 1.91773E-1 5.01068E-2 2.01893E-2 1.69747E-2 1.14046E-2 8.46057E-3 7.38714E-3 2.9799E-3 2.28344E-3 2.12574E-4 1.75123E-4 5.31046E-5 1.08569E-3 -9999 -9999 -9999 -9999 -9999 -9999 -9999 -9999 -9999 -9999 -9999
1E0 1E0 1E0 1E0 1E0 1E0 1E0 1E0 1E0 1E0 1E0 1E0 1E0 1E0 1E0 1E0 9.96089E-1 9.99999E-1 9.99788E-1 9.99995E-1 9.99942E-1 9.90321E-1 9.05297E-1 9.58458E-1 9.68061E-1 9.76754E-1 9.4013E-1 7.98531E-1 9.86237E-1 8.09607E-1 8.5334E-2 3.54876E-2 1.59179E-2 9.74415E-3 1.06928E-3 1.37461E-2 2.3455E-2 1.33367E-1 2.05489E-1 3.38087E-1 3.41935E-1 4.73692E-1 3.91608E-1 5.65193E-1 6.71022E-1 6.43249E-1 4.66991E-1 4.04314E-1 8.35675E-1 9.28624E-1 7.70437E-1 5.0088E-1 2.76813E-1 1.60975E-1 2.44806E-2 5.06968E-3 1.47075E-2 5.36349E-3 2.23018E-3 2.9684E-3 3.5119E-3 4.37574E-4 5.35265E-4 4.83445E-4 5.99529E-4 -9999 -9999 -9999 -9999 -9999 -9999 -9999 -9999 -9999 -9999 -9999
1E0 1E0 1E0 1E0 1E0 1E0 1E0 1E0 1E0 1E0 1E0 1E0 1E0 1E0 1E0 9.99647E-1 9.99779E-1 9.99976E-1 9.99894E-1 1E0 1E0 9.9776E-1 9.99992E-1 1E0 1E0 1E0 9.93995E-1 9.97103E-1 9.99984E-1 9.32648E-1 2.06803E-2 9.55015E-3 7.89715E-3 3.72226E-3 9.02324E-4 2.34308E-3 2.23302E-2 7.6743E-2 2.6464E-1 3.11477E-1 2.09857E-1 3.03794E-1 2.9884E-1 4.70398E-1 1.37828E-1 4.23611E-1 3.79616E-1 2.31255E-1 5.15566E-1 5.75716E-1 6.87655E-1 6.93706E-1 5.01725E-1 2.3496E-1 2.49057E-2 1.29325E-2 2.06774E-2 1.37157E-2 8.52445E-3 8.14418E-3 6.33063E-3 2.88156E-3 4.14683E-4 1.07585E-3 5.90033E-4 -9999 -9999 -9999 -9999 -9999 -9999 -9999 -9999 -9999 -9999 -9999
1E0 1E0 1E0 1E0 1E0 1E0 1E0 1E0 1E0 1E0 1E0 1E0 1E0 1E0 9.99959E-1 9.99934E-1 9.98523E-1 9.98579E-1 9.99682E-1 1E0 9.99984E-1 9.99998E-1 9.99663E-1 1E0 1E0 1E0 9.99996E-1 1E0 9.99985E-1 4.53329E-1 4.86864E-2 6.33987E-2 4.13032E-2 8.90283E-3 1.24714E-3 1.95302E-3 1.8333E-2 8.39935E-2 2.25877E-1 2.73964E-1 1.00921E-1 1.18084E-1 2.40025E-1 3.6759E-1 1.60163E-1 3.77091E-1 2.77729E-1 2.42372E-1 3.42031E-1 1.80475E-1 2.63254E-1 1.8685E-1 2.9747E-1 2.51458E-1 1.07124E-1 6.67443E-2 3.19983E-2 2.83805E-2 2.1097E-2 1.02903E-2 8.41478E-3 5.24927E-3 7.76976E-5 8.52871E-5 6.76411E-4 -9999 -9999 -9999 -9999 -9999 -9999 -9999 -9999 -9999 -9999 -9999
1E0 1E0 1E0 1E0 1E0 1E0 1E0 1E0 1E0 1E0 1E0 1E0 1E0 1E0 9.99574E-1 9.9997E-1 9.99995E-1 9.99929E-1 9.99998E-1 9.99785E-1 9.9993E-1 9.95052E-1 9.99995E-1 9.9997E-1 1E0 1E0 1E0 1E0 1E0 4.6988E-1 5.1104E-2 1.32909E-2 2.34665E-2 5.6806E-3 6.53247E-4 1.92955E-3 2.49869E-2 1.12809E-1 1.19746E-1 1.06092E-1 2.87601E-2 4.59658E-2 1.71686E-1 1.2488E-1 1.13106E-1 2.9338E-1 3.13843E-1 1.73463E-1 1.63413E-1 1.24651E-1 2.04858E-1 2.40651E-1 3.10644E-1 3.33239E-1 1.25669E-1 2.28629E-1 1.23976E-1 1.77706E-1 9.02894E-2 2.25196E-2 1.08267E-2 6.38911E-3 1.34686E-4 1.33508E-4 1.09096E-3 -9999 -9999 -9999 -9999 -9999 -9999 -9999 -9999 -9999 -9999 -9999
1E0 1E0 1E0 1E0 1E0 1E0 1E0 1E0 1E0 1E0 1E0 1E0 1E0 1E0 9.99986E-1 1E0 9.99954E-1 1E0 9.99999E-1 9.99936E-1 9.99992E-1 9.94751E-1 9.9686E-1 9.99973E-1 1E0 9.97682E-1 9.95075E-1 9.90651E-1 9.44719E-1 9.94229E-1 1.12535E-1 2.18674E-1 6.06034E-2 3.27446E-2 1.98258E-3 3.63778E-4 8.28785E-3 5.13842E-2 3.26188E-1 3.34604E-1 1.93339E-1 2.54365E-1 1.13749E-1 1.35468E-1 3.83836E-2 1.0364E-1 1.14469E-1 1.67834E-1 8.15068E-2 4.60352E-2 1.1451E-1 1.91223E-1 1.76192E-1 1.18458E-1 8.66556E-2 8.88747E-2 8.14323E-2 1.31524E-1 1.04143E-1 6.3105E-2 9.19038E-3 2.48512E-3 1.54401E-4 9.38729E-5 1.22703E-3 -9999 -9999 -9999 -9999 -9999 -9999 -9999 -9999 -9999 -9999 -9999
1E0 1E0 1E0 1E0 1E0 1E0 1E0 1E0 1E0 1E0 1E0 1E0 1E0 1E0 1E0 1E0 1E0 1E0 9.9998E-1 9.99998E-1 9.94807E-1 9.9967E-1 9.99855E-1 1E0 1E0 9.99997E-1 9.52619E-1 9.3036E-1 7.02274E-1 4.65241E-1 8.01036E-1 1.16085E-1 3.48114E-2 4.50339E-3 1.77979E-3 8.50097E-3 1.02577E-2 4.55763E-2 1.3098E-1 1.21819E-1 1.36762E-1 2.20223E-1 1.11976E-1 5.42013E-2 5.73174E-2 7.0755E-2 1.23718E-1 6.01856E-2 2.95349E-2 5.23819E-2 8.79802E-2 7.2583E-2 9.63205E-2 6.99991E-2 1.34021E-2 1.13326E-2 6.89143E-2 6.48889E-2 2.63445E-2 4.21442E-2 9.91172E-3 3.55998E-3 2.5907E-4 1.30231E-4 2.86892E-4 -9999 -9999 -9999 -9999 -9999 -9999 -9999 -9999 -9999 -9999 -9999
1E0 1E0 1E0 1E0 1E0 1E0 1E0 1E0 1E0 1E0 1E0 1E0 1E0 1E0 1E0 1E0 1E0 1E0 1E0 1E0 9.84139E-1 1E0 1E0 1E0 1E0 9.99999E-1 9.71003E-1 9.98536E-1 9.94361E-1 7.58477E-1 4.60065E-1 7.43597E-2 4.92552E-2 1.31769E-2 1.31473E-2 1.94241E-2 4.75735E-2 1.68211E-1 2.87455E-2 3.34195E-2 2.70376E-2 8.2514E-2 5.92674E-2 3.02396E-2 5.89382E-2 3.3048E-2 4.63903E-2 4.34564E-2 1.90162E-2 1.31916E-2 2.10954E-2 1.38958E-2 6.4282E-2 2.66677E-2 7.11088E-3 3.36149E-3 2.51454E-2 9.63703E-3 4.04694E-3 4.59059E-3 2.72345E-3 4.31238E-3 1.48739E-4 3.25233E-4 1.4478E-3 -9999 -9999 -9999 -9999 -9999 -9999 -9999 -9999 -9999 -9999 -9999
1E0 1E0 1E0 1E0 1E0 1E0 1E0 1E0 1E0 1E0 1E0 1E0 1E0 1E0 1E0 1E0 1E0 1E0 1E0 1E0 9.99999E-1 1E0 1E0 9.99954E-1 9.99995E-1 9.99912E-1 9.99879E-1 9.99515E-1 9.9889E-1 9.83238E-1 9.30858E-1 6.93078E-2 1.1857E-1 6.75107E-2 2.18121E-2 9.65102E-2 6.07826E-1 1.63868E-1 3.61876E-2 6.66821E-2 6.34724E-2 4.99786E-2 1.98625E-2 2.09429E-2 3.36727E-2 2.43972E-2 3.57072E-2 4.752E-2 1.04893E-2 5.81048E-3 2.17303E-3 3.80258E-3 1.20988E-2 3.13711E-2 2.42107E-2 3.82999E-3 7.66515E-3 4.62701E-3 3.71427E-3 4.36082E-3 5.20221E-4 1.81296E-4 3.26762E-4 8.45829E-4 1.52444E-3 -9999 -9999 -9999 -9999 -9999 -9999 -9999 -9999 -9999 -9999 -9999
1E0 1E0 1E0 1E0 1E0 1E0 1E0 1E0 1E0 1E0 1E0 1E0 1E0 1E0 1E0 1E0 1E0 1E0 1E0 9.99946E-1 1E0 1E0 9.99965E-1 9.99765E-1 9.95006E-1 9.9958E-1 1E0 1E0 1E0 9.98255E-1 9.99191E-1 9.75989E-1 6.6393E-1 4.45476E-1 1.9096E-1 5.23674E-1 6.41727E-1 4.80694E-1 2.81113E-1 4.22922E-1 2.52209E-1 5.58904E-2 1.24726E-2 2.92257E-2 1.41181E-2 1.65026E-2 1.57828E-2 1.72262E-2 6.62689E-3 2.30294E-3 2.04166E-3 2.08996E-3 1.13655E-2 2.21318E-2 1.69444E-2 2.14073E-2 5.8092E-3 5.53485E-3 2.42926E-3 2.2351E-3 2.83237E-4 7.64508E-5 1.9694E-4 1.5833E-3 1.43113E-3 -9999 -9999 -9999 -9999 -9999 -9999 -9999 -9999 -9999 -9999 -9999
1E0 1E0 1E0 1E0 1E0 1E0 1E0 1E0 1E0 1E0 1E0 1E0 1E0 1E0 1E0 1E0 1E0 1E0 1E0 9.99996E-1 9.99772E-1 9.99944E-1 9.99808E-1 9.9882E-1 1E0 9.92752E-1 1E0 1E0 1E0 1E0 9.84089E-1 8.0811E-1 8.49518E-1 6.70782E-1 2.5403E-1 6.93763E-1 9.04804E-1 5.4653E-1 6.30848E-1 9.4049E-1 7.76236E-1 4.67031E-1 2.19686E-1 7.44309E-2 1.57791E-2 1.03245E-2 1.39652E-2 2.93811E-2 1.14333E-3 4.71393E-4 1.43851E-3 2.88513E-3 5.08986E-3 7.04569E-3 3.72962E-3 6.1034E-3 5.6331E-3 6.87967E-3 5.44425E-3 1.33327E-3 7.71423E-5 1.45019E-4 5.84218E-4 6.08285E-3 -9999 -9999 -9999 -9999 -9999 -9999 -9999 -9999 -9999 -9999 -9999 -9999
1E0 1E0 1E0 1E0 1E0 1E0 1E0 1E0 1E0 1E0 1E0 1E0 1E0 1E0 1E0 1E0 1E0 1E0 9.99897E-1 1E0 9.99972E-1 1E0 9.99988E-1 9.99999E-1 9.99991E-1 9.98695E-1 7.03009E-1 5.95875E-1 6.32231E-1 2.64932E-1 9.97637E-1 9.99999E-1 9.99756E-1 9.43778E-1 6.37735E-1 9.66434E-1 9.94725E-1 8.32362E-1 9.58872E-1 9.99732E-1 9.51624E-1 7.83929E-1 6.34328E-1 1.17479E-1 5.6982E-2 2.29088E-2 1.97058E-3 1.15917E-3 2.32728E-4 3.6065E-4 3.78163E-4 2.70914E-3 9.61358E-4 1.82414E-3 7.15288E-4 1.97452E-3 2.57172E-3 1.58803E-3 1.02356E-3 3.07559E-4 5.58785E-5 2.51527E-4 8.9796E-4 1.40668E-3 -9999 -9999 -9999 -9999 -9999 -9999 -9999 -9999 -9999 -9999 -9999 -9999
1E0 1E0 1E0 1E0 1E0 1E0 1E0 1E0 1E0 1E0 1E0 1E0 1E0 1E0 1E0 1E0 1E0 1E0 9.9864E-1 9.99983E-1 9.99998E-1 1E0 1E0 9.99999E-1 1E0 1E0 9.99971E-1 9.59265E-1 9.49284E-1 9.83395E-1 9.98061E-1 9.9999E-1 1E0 9.99988E-1 9.99949E-1 9.99085E-1 9.93724E-1 9.717E-1 9.98432E-1 9.99697E-1 8.72057E-1 8.8337E-1 5.02407E-1 4.41417E-1 8.01102E-2 9.41616E-3 1.89752E-2 1.30721E-3 1.23259E-4 6.45931E-5 3.98384E-4 1.29643E-3 1.11122E-3 9.15553E-4 9.09157E-4 6.94084E-4 5.80442E-4 2.24409E-4 9.65568E-5 6.03704E-5 1.14219E-4 2.83215E-4 1.07368E-3 7.72402E-3 -9999 -9999 -9999 -9999 -9999 -9999 -9999 -9999 -9999 -9999 -9999 -9999
1E0 1E0 1E0 1E0 1E0 1E0 1E0 1E0 1E0 1E0 1E0 1E0 1E0 9.99998E-1 1E0 1E0 1E0 9.97285E-1 9.78867E-1 9.96776E-1 1E0 1E0 1E0 1E0 1E0 1E0 9.8377E-1 8.98128E-1 9.37713E-1 7.16855E-1 9.64713E-1 9.99759E-1 9.98358E-1 6.7462E-1 7.5128E-1 9.76379E-1 9.41571E-1 9.99284E-1 9.99292E-1 9.98975E-1 9.63628E-1 8.34567E-1 6.70201E-1 2.23562E-1 9.81291E-3 4.25478E-3 2.12602E-3 3.84998E-3 1.47403E-4 8.51995E-5 3.65662E-4 1.71315E-3 3.86447E-4 2.54969E-4 2.061E-4 6.13392E-4 4.16947E-4 9.55753E-5 1.1581E-4 1.7793E-4 2.01135E-4 2.18203E-4 2.44072E-3 4.93221E-3 -9999 -9999 -9999 -9999 -9999 -9999 -9999 -9999 -9999 -9999 -9999 -9999
1E0 1E0 1E0 1E0 1E0 1E0 1E0 1E0 1E0 1E0 1E0 1E0 1E0 1E0 1E0 1E0 1E0 9.99971E-1 9.75477E-1 9.9726E-1 1E0 9.99999E-1 1E0 1E0 1E0 1E0 9.9999E-1 9.9548E-1 9.87977E-1 7.52994E-1 6.83559E-1 7.90479E-1 9.59036E-1 5.29097E-1 6.48629E-1 9.90222E-1 9.99488E-1 9.99963E-1 9.9934E-1 9.68426E-1 8.32479E-1 7.94035E-1 6.96022E-1 3.0405E-2 1.0157E-2 1.97006E-3 8.92429E-4 7.02862E-3 1.58785E-3 1.8186E-3 5.87542E-3 1.84784E-3 1.10524E-3 4.72734E-4 1.49902E-4 1.8047E-4 1.44538E-4 1.23654E-4 3.11252E-4 4.10932E-4 4.87706E-4 2.02756E-4 3.78688E-4 1.09144E-3 -9999 -9999 -9999 -9999 -9999 -9999 -9999 -9999 -9999 -9999 -9999 -9999
1E0 1E0 1E0 1E0 1E0 1E0 1E0 1E0 1E0 1E0 1E0 1E0 1E0 1E0 1E0 1E0 1E0 9.99192E-1 9.99299E-1 9.50037E-1 9.99944E-1 1E0 1E0 1E0 1E0 1E0 9.99978E-1 9.9999E-1 9.99746E-1 9.61831E-1 6.73404E-1 7.38502E-1 7.71583E-1 6.41197E-1 9.41286E-1 9.76353E-1 9.9996E-1 1E0 8.44628E-1 5.8783E-1 5.53145E-1 9.28801E-1 2.77038E-1 1.07758E-2 1.03592E-2 3.23927E-3 1.45481E-3 6.86311E-3 3.148E-3 8.59946E-3 9.02132E-3 4.0629E-3 2.61527E-3 5.69066E-4 1.46308E-4 8.00117E-5 7.93784E-5 1.02643E-4 1.35866E-4 1.57287E-4 4.84206E-4 2.20244E-3 3.80819E-4 7.54527E-4 -9999 -9999 -9999 -9999 -9999 -9999 -9999 -9999 -9999 -9999 -9999 -9999
1E0 1E0 1E0 1E0 1E0 1E0 1E0 1E0 1E0 1E0 1E0 1E0 1E0 1E0 1E0 1E0 1E0 9.998E-1 9.99746E-1 9.95454E-1 9.99047E-1 9.8719E-1 9.9987E-1 9.99996E-1 1E0 1E0 1E0 1E0 9.99976E-1 9.99728E-1 9.92691E-1 9.61181E-1 7.67768E-1 9.63158E-1 9.99951E-1 9.99547E-1 9.99702E-1 1E0 9.9987E-1 9.04669E-1 8.78876E-1 8.62918E-1 3.01892E-1 7.52761E-3 4.24053E-3 1.89662E-3 3.15754E-3 2.11744E-2 1.46094E-2 1.90835E-2 1.08442E-2 6.89207E-3 3.08323E-3 1.00543E-3 1.513E-4 6.64071E-5 8.67995E-5 1.05977E-4 1.11279E-4 1.03013E-4 2.45928E-4 8.75966E-4 1.45492E-3 -9999 -9999 -9999 -9999 -9999 -9999 -9999 -9999 -9999 -9999 -9999 -9999 -9999
1E0 1E0 1E0 1E0 1E0 1E0 1E0 1E0 1E0 1E0 1E0 1E0 1E0 1E0 1E0 1E0 1E0 9.99999E-1 9.99936E-1 1E0 9.99827E-1 9.9543E-1 9.98064E-1 9.99972E-1 1E0 9.99923E-1 9.9985E-1 1E0 9.99963E-1 1E0 9.99991E-1 9.91732E-1 8.9174E-1 9.98198E-1 1E0 9.99999E-1 9.95354E-1 9.99056E-1 9.98426E-1 9.61255E-1 8.34171E-1 7.15923E-1 2.27639E-1 9.29148E-3 1.86718E-3 2.29857E-3 5.55525E-3 2.29591E-2 1.67334E-2 3.663E-3 7.72805E-4 3.90371E-4 2.63363E-4 1.63529E-4 6.45238E-5 2.08424E-4 2.46106E-4 3.00698E-4 6.52112E-4 1.70073E-4 1.1054E-4 2.22787E-4 5.90483E-4 -9999 -9999 -9999 -9999 -9999 -9999 -9999 -9999 -9999 -9999 -9999 -9999 -9999
1E0 1E0 1E0 1E0 1E0 1E0 1E0 1E0 1E0 1E0 1E0 1E0 1E0 1E0 9.99999E-1 1E0 1E0 1E0 9.97461E-1 9.99397E-1 9.99996E-1 1E0 1E0 9.99997E-1 9.99991E-1 9.99989E-1 9.9969E-1 9.76745E-1 9.97498E-1 9.99905E-1 9.99722E-1 9.95074E-1 9.75154E-1 9.99756E-1 1E0 1E0 9.99865E-1 9.31369E-1 8.83786E-1 9.57172E-1 7.77514E-1 6.20743E-1 2.6353E-1 3.41563E-2 2.50907E-3 1.14183E-2 1.87981E-2 1.13858E-2 6.83467E-3 6.2871E-4 2.56559E-4 2.01178E-4 1.79541E-4 6.24284E-5 1.52168E-4 1.8291E-4 1.86671E-4 1.35998E-3 2.0257E-3 4.78634E-4 4.73041E-4 3.82474E-4 -9999 -9999 -9999 -9999 -9999 -9999 -9999 -9999 -9999 -9999 -9999 -9999 -9999 -9999
1E0 1E0 1E0 1E0 1E0 1E0 1E0 1E0 1E0 1E0 1E0 1E0 1E0 1E0 1E0 1E0 1E0 9.99999E-1 1E0 1E0 1E0 1E0 1E0 1E0 1E0 9.99958E-1 9.99965E-1 9.99835E-1 9.99813E-1 9.99985E-1 1E0 1E0 9.77075E-1 9.99599E-1 9.99961E-1 1E0 9.99636E-1 7.54878E-1 6.25385E-1 3.2459E-1 2.62399E-1 4.13258E-1 1.5811E-1 2.46307E-2 3.03791E-3 3.977E-3 6.65486E-3 5.03784E-3 3.82212E-3 2.32429E-3 3.2688E-3 1.00926E-3 1.37569E-4 1.24701E-4 2.27499E-4 4.43777E-4 7.26693E-4 9.96689E-4 1.54118E-3 2.38798E-3 1.75441E-3 1.46409E-3 -9999 -9999 -9999 -9999 -9999 -9999 -9999 -9999 -9999 -9999 -9999 -9999 -9999 -9999
1E0 1E0 1E0 1E0 1E0 1E0 1E0 1E0 1E0 1E0 1E0 1E0 1E0 9.99999E-1 1E0 1E0 9.9943E-1 9.99987E-1 9.99999E-1 1E0 1E0 1E0 1E0 9.99448E-1 9.80265E-1 9.99999E-1 1E0 1E0 1E0 1E0 1E0 9.99998E-1 9.97179E-1 9.99816E-1 9.99978E-1 9.98364E-1 4.66354E-1 9.38374E-1 5.8034E-1 4.71032E-1 2.8194E-1 2.00084E-1 1.27652E-1 6.91673E-2 3.10372E-3 8.39936E-4 2.404E-3 1.00343E-2 1.97051E-2 1.31625E-2 6.83861E-3 2.18159E-3 2.15482E-4 3.5148E-4 1.21471E-4 4.24059E-4 3.22434E-4 4.05479E-4 1.54363E-3 1.7658E-3 1.23558E-3 -9999 -9999 -9999 -9999 -9999 -9999 -9999 -9999 -9999 -9999 -9999 -9999 -9999 -9999 -9999
1E0 1E0 1E0 1E0 1E0 1E0 1E0 1E0 1E0 1E0 1E0 1E0 1E0 1E0 1E0 9.99998E-1 1E0 9.99994E-1 9.97858E-1 9.98312E-1 9.99843E-1 9.99637E-1 9.9992E-1 9.96632E-1 8.6195E-1 9.57035E-1 9.98773E-1 1E0 9.99999E-1 1E0 1E0 1E0 9.16848E-1 8.71495E-1 8.54559E-1 8.28219E-1 8.35552E-1 9.86475E-1 9.7387E-1 8.69214E-1 3.8292E-1 6.21653E-1 2.61509E-1 1.25684E-1 1.13205E-2 5.97069E-4 8.60819E-4 4.7125E-4 7.42839E-3 2.00978E-2 9.67116E-3 5.68191E-3 3.31302E-4 3.05392E-4 2.26028E-4 2.17156E-4 1.2216E-3 1.45499E-3 1.74493E-4 3.08942E-4 1.84326E-3 -9999 -9999 -9999 -9999 -9999 -9999 -9999 -9999 -9999 -9999 -9999 -9999 -9999 -9999 -9999
1E0 1E0 1E0 -9999 1E0 1E0 -9999 1E0 1E0 1E0 1E0 1E0 1E0 1E0 1E0 1E0 1E0 9.99978E-1 9.98677E-1 9.96794E-1 1E0 1E0 9.99667E-1 9.94472E-1 9.85318E-1 8.65536E-1 9.99649E-1 9.99998E-1 9.99859E-1 9.99992E-1 9.99377E-1 9.99679E-1 7.58224E-1 8.2477E-1 9.72112E-1 7.59187E-1 9.9162E-1 9.84408E-1 9.53513E-1 7.18682E-1 7.9867E-1 8.3104E-1 6.02797E-1 2.61346E-1 1.89483E-1 3.56856E-2 9.16498E-4 6.25624E-4 4.91858E-3 2.38304E-2 8.68056E-3 3.84599E-3 3.24818E-4 3.17223E-4 2.35737E-4 1.59824E-4 2.72827E-3 1.55238E-3 2.72911E-4 1.74093E-3 -9999 -9999 -9999 -9999 -9999 -9999 -9999 -9999 -9999 -9999 -9999 -9999 -9999 -9999 -9999 -9999
1E0 1E0 1E0 1E0 1E0 1E0 1E0 1E0 1E0 1E0 1E0 1E0 1E0 1E0 1E0 1E0 1E0 1E0 1E0 9.99966E-1 1E0 9.99999E-1 9.99718E-1 9.99997E-1 9.97274E-1 9.96422E-1 1E0 9.9997E-1 9.99446E-1 9.98077E-1 9.85686E-1 9.99865E-1 9.99244E-1 9.87382E-1 8.60892E-1 9.79996E-1 9.99138E-1 9.97894E-1 9.95704E-1 9.9748E-1 9.96429E-1 8.90245E-1 4.35366E-1 1.9913E-1 3.48792E-1 2.64176E-1 1.07815E-2 1.39551E-3 1.61946E-2 1.87188E-2 2.02243E-2 7.36151E-3 3.50801E-4 3.48979E-4 1.0407E-4 3.0099E-4 1.89265E-3 7.13582E-4 1.08544E-3 4.15059E-4 -9999 -9999 -9999 -9999 -9999 -9999 -9999 -9999 -9999 -9999 -9999 -9999 -9999 -9999 -9999 -9999
