ENM/Final_Models/M_0.9_F_q_Set_1_E/Gustavia_santanderiensis_1_Choco.asc
ncols         367
nrows         963
xllcorner     -78.6
yllcorner     0.65
cellsize      0.00833333333333323
NODATA_value  -9999
[rows 136 to 169 of 963, columns 75 to 149 of 367]
-9999 -9999 -9999 -9999 -9999 -9999 -9999 -9999 -9999 -9999 -9999 -9999 -9999 -9999 -9999 -9999 -9999 -9999 -9999 -9999 -9999 -9999 -9999 -9999 -9999 -9999 -9999 -9999 -9999 -9999 -9999 -9999 -9999 -9999 3.91991E-4 4.15637E-4 7.49622E-5 7.22235E-5 5.31105E-4 6.88026E-4 8.45407E-4 2.68886E-4 2.90296E-4 -9999 -9999 -9999 -9999 -9999 -9999 -9999 -9999 -9999 -9999 -9999 -9999 -9999 -9999 1.39053E-3 6.16756E-4 4.33819E-4 2.7585E-4 4.5879E-4 7.76441E-4 4.23404E-4 8.17361E-5 4.28856E-4 6.06366E-4 3.39082E-4 4.77229E-4 5.514E-4 5.32154E-5 9.90732E-5 4.91515E-4 2.27494E-4 3.35981E-4
-9999 -9999 -9999 -9999 -9999 -9999 -9999 -9999 -9999 -9999 -9999 -9999 -9999 -9999 -9999 -9999 -9999 -9999 -9999 -9999 -9999 -9999 -9999 -9999 -9999 -9999 -9999 -9999 -9999 -9999 -9999 -9999 -9999 -9999 2.07519E-4 3.00549E-4 1.87197E-4 3.44196E-4 4.48873E-4 7.83655E-4 4.45162E-4 1.19694E-3 3.5939E-4 -9999 -9999 -9999 -9999 -9999 -9999 -9999 -9999 -9999 -9999 -9999 -9999 -9999 2.44182E-3 8.97877E-4 6.20238E-4 4.49382E-4 3.52244E-4 6.49395E-4 5.43157E-4 1.40252E-3 4.60391E-4 4.19918E-4 3.32717E-4 4.95805E-4 8.77178E-4 4.99432E-4 1.63196E-4 1.50264E-4 3.1016E-4 5.87789E-4 1.33241E-3
-9999 -9999 -9999 -9999 -9999 -9999 -9999 -9999 -9999 -9999 -9999 -9999 -9999 -9999 -9999 -9999 -9999 -9999 -9999 -9999 -9999 -9999 -9999 -9999 -9999 -9999 -9999 -9999 -9999 -9999 -9999 -9999 -9999 1.1609E-4 1.83231E-5 2.77266E-4 4.24903E-5 2.74614E-4 3.90295E-4 6.90855E-4 4.75034E-4 5.76339E-4 6.51897E-5 6.95288E-5 -9999 -9999 -9999 -9999 -9999 -9999 -9999 -9999 6.34153E-3 1.18566E-2 7.27922E-3 9.90942E-4 1.45686E-3 1.99652E-3 7.17976E-4 9.80893E-4 9.70704E-4 2.54541E-3 1.26901E-3 6.55477E-4 5.853E-4 3.91551E-4 5.26205E-4 6.04386E-4 5.26546E-4 4.39125E-4 8.84054E-4 3.74783E-4 5.40357E-4 7.42123E-4 5.67915E-4
-9999 -9999 -9999 -9999 -9999 -9999 -9999 -9999 -9999 -9999 -9999 -9999 -9999 -9999 -9999 -9999 -9999 -9999 -9999 -9999 -9999 -9999 -9999 -9999 -9999 -9999 -9999 -9999 -9999 -9999 -9999 -9999 -9999 6.91909E-5 1.12642E-4 2.63372E-5 6.91322E-4 7.35975E-5 7.14402E-4 4.58461E-4 7.80782E-4 1.56212E-3 1.70464E-4 2.57827E-4 -9999 -9999 -9999 -9999 -9999 -9999 -9999 5.20966E-3 7.47768E-3 7.33468E-3 3.8882E-3 3.34021E-3 2.05371E-3 9.53507E-4 1.21562E-3 4.75058E-4 9.29973E-4 5.58382E-4 7.08434E-4 8.0767E-4 4.84835E-4 6.09926E-4 5.25386E-4 3.27305E-4 5.00746E-4 5.05191E-4 5.42782E-4 3.34259E-4 6.64889E-4 5.33708E-4 5.48966E-4
-9999 -9999 -9999 -9999 -9999 -9999 -9999 -9999 -9999 -9999 -9999 -9999 -9999 -9999 -9999 -9999 -9999 -9999 -9999 -9999 -9999 -9999 -9999 -9999 -9999 -9999 -9999 -9999 -9999 -9999 -9999 -9999 1.05724E-4 8.90704E-5 1.7212E-4 3.72668E-5 4.43436E-4 4.75786E-4 6.61286E-4 7.95921E-4 8.82799E-4 9.26803E-4 5.96345E-4 8.70935E-4 -9999 -9999 -9999 -9999 -9999 -9999 -9999 1.20921E-2 7.12864E-3 4.81574E-3 3.16013E-3 3.57157E-3 5.77378E-4 9.48855E-4 1.38714E-3 9.25838E-4 3.55073E-4 1.53342E-4 8.7952E-4 9.59468E-4 7.17329E-4 5.78748E-4 4.56684E-4 3.86124E-4 1.02117E-3 8.71465E-4 2.08468E-4 4.49136E-4 9.31009E-4 4.61839E-4 4.03891E-4
-9999 -9999 -9999 -9999 -9999 -9999 -9999 -9999 -9999 -9999 -9999 -9999 -9999 -9999 -9999 -9999 -9999 -9999 -9999 -9999 -9999 -9999 -9999 -9999 -9999 -9999 -9999 -9999 -9999 -9999 -9999 -9999 1.40607E-4 1.02351E-4 1.16599E-4 1.39346E-4 7.33183E-5 6.54384E-5 8.42306E-5 7.5299E-4 9.19928E-4 2.3864E-3 5.52884E-4 6.57457E-4 -9999 -9999 -9999 -9999 -9999 -9999 -9999 1.20516E-2 7.00231E-3 3.74913E-3 3.03548E-3 4.97657E-3 4.4831E-4 3.04822E-4 1.16695E-3 2.84398E-3 6.95603E-4 4.52286E-4 8.76111E-4 1.96699E-3 7.10018E-4 4.33836E-4 4.48661E-4 2.86359E-4 4.1911E-4 4.89129E-4 1.82911E-4 4.6509E-4 9.4782E-4 5.94482E-4 3.5437E-4
-9999 -9999 -9999 -9999 -9999 -9999 -9999 -9999 -9999 -9999 -9999 -9999 -9999 -9999 -9999 -9999 -9999 -9999 -9999 -9999 -9999 -9999 -9999 -9999 -9999 -9999 -9999 -9999 -9999 -9999 -9999 4.54148E-5 8.48377E-5 1.01125E-4 1.37998E-4 1.6797E-4 4.45768E-4 1.55168E-3 1.11168E-3 1.14979E-3 1.50877E-3 1.72029E-3 8.41567E-4 2.8203E-4 -9999 -9999 -9999 -9999 -9999 -9999 -9999 1.75519E-2 5.67171E-3 2.26235E-3 1.5047E-3 1.18046E-3 2.9921E-4 1.39974E-3 4.73976E-4 1.76619E-4 6.58298E-4 1.87009E-4 9.19103E-4 6.89077E-4 5.64236E-4 5.10263E-4 4.44388E-4 2.92027E-4 3.27889E-4 4.06756E-4 4.24199E-4 3.61105E-4 1.0177E-4 2.02524E-4 6.81678E-4
-9999 -9999 -9999 -9999 -9999 -9999 -9999 -9999 -9999 -9999 -9999 -9999 -9999 -9999 -9999 -9999 -9999 -9999 -9999 -9999 -9999 -9999 -9999 -9999 -9999 -9999 -9999 -9999 -9999 -9999 8.18561E-5 4.53325E-5 9.62741E-5 2.85299E-5 1.23677E-4 2.15709E-4 2.1739E-4 1.18294E-3 2.74862E-3 1.02216E-3 2.70572E-3 1.27672E-3 8.4698E-4 7.66334E-4 -9999 -9999 -9999 -9999 -9999 -9999 -9999 -9999 1.63983E-2 5.21524E-3 2.36063E-3 3.36571E-3 8.98442E-4 1.69893E-4 7.69144E-4 4.84017E-4 1.59559E-4 4.75035E-4 1.14872E-3 2.90578E-4 2.77902E-4 1.11875E-4 1.25894E-4 1.80843E-4 2.61471E-4 2.21364E-4 3.38454E-4 2.91693E-4 4.20296E-4 1.47655E-3 2.73687E-4
-9999 -9999 -9999 -9999 -9999 -9999 -9999 -9999 -9999 -9999 -9999 -9999 -9999 -9999 -9999 -9999 -9999 -9999 -9999 -9999 -9999 -9999 -9999 -9999 -9999 9.67984E-7 4.88174E-5 1.61745E-4 2.97873E-5 2.89996E-5 9.20346E-5 6.52977E-5 4.42562E-5 5.42944E-5 5.77278E-5 4.92722E-4 6.20571E-4 1.59763E-3 1.36141E-3 2.18636E-3 4.46096E-3 5.70137E-4 2.26968E-3 9.68378E-4 -9999 -9999 -9999 -9999 -9999 -9999 -9999 -9999 3.11315E-2 1.07865E-2 3.82781E-3 1.83861E-3 1.67957E-3 9.03986E-4 1.00457E-3 1.02634E-3 2.60384E-4 9.0772E-4 4.22566E-4 4.57671E-4 3.38853E-4 1.27064E-4 1.942E-4 2.03076E-4 8.33643E-4 6.62368E-4 8.1665E-4 2.8764E-4 1.13181E-3 6.28354E-4 4.88946E-4
-9999 -9999 -9999 -9999 -9999 -9999 -9999 -9999 -9999 -9999 -9999 -9999 -9999 -9999 -9999 -9999 -9999 -9999 -9999 -9999 -9999 -9999 -9999 -9999 2.04098E-6 1.5064E-6 1.7085E-6 4.44126E-5 5.73979E-5 1.8036E-5 1.89792E-4 1.17214E-4 9.3031E-5 8.7211E-5 4.90258E-5 1.23086E-4 1.44154E-4 2.51331E-4 6.09877E-4 6.69581E-4 2.40192E-3 1.71565E-3 2.13539E-3 1.74464E-3 -9999 -9999 -9999 -9999 -9999 -9999 -9999 -9999 2.01452E-2 6.02543E-3 9.8192E-4 8.99582E-4 3.00915E-4 4.03092E-4 3.99505E-4 5.15377E-4 6.66661E-4 7.9887E-4 2.13697E-4 1.67076E-4 1.15417E-4 2.13861E-4 2.36014E-4 5.74597E-4 2.93858E-4 7.20278E-4 6.73817E-4 1.99844E-4 9.49317E-4 5.39911E-4 1.72839E-4
-9999 -9999 -9999 -9999 -9999 -9999 -9999 -9999 -9999 -9999 -9999 -9999 -9999 -9999 -9999 -9999 -9999 -9999 -9999 -9999 -9999 -9999 -9999 -9999 1.1808E-5 2.60583E-5 1.49943E-6 1.14227E-6 7.22106E-5 1.17285E-4 3.49507E-4 1.44943E-4 1.06562E-4 1.14281E-4 1.74747E-4 4.14278E-4 5.07829E-4 2.3402E-4 4.74224E-4 5.86682E-4 3.77143E-3 2.63684E-3 3.01461E-3 1.64891E-3 -9999 -9999 -9999 -9999 -9999 -9999 -9999 -9999 5.18386E-3 1.10627E-3 8.86554E-4 2.85399E-3 1.93917E-3 4.66358E-4 5.2078E-4 6.7147E-4 3.91009E-4 2.6111E-4 2.64834E-4 9.84556E-5 9.34981E-5 1.62618E-4 1.75982E-4 4.99378E-4 7.94185E-4 6.95562E-4 4.59768E-4 3.64709E-4 1.03499E-3 6.18854E-4 2.16837E-3
-9999 -9999 -9999 -9999 -9999 -9999 -9999 -9999 -9999 -9999 -9999 -9999 -9999 -9999 -9999 -9999 -9999 -9999 -9999 -9999 -9999 -9999 -9999 -9999 8.70138E-6 2.63206E-4 1.18626E-4 2.6485E-6 8.49278E-5 1.45123E-4 4.53412E-4 3.72881E-4 1.53124E-4 1.25138E-4 3.31213E-4 7.89522E-4 1.3248E-3 8.23273E-4 7.35794E-4 9.85393E-4 2.3849E-3 2.43295E-3 2.59362E-3 1.39476E-3 7.66818E-3 -9999 -9999 -9999 -9999 -9999 -9999 1.76717E-2 5.24258E-3 4.70982E-4 1.77881E-4 6.24686E-4 7.99157E-4 2.36467E-4 2.61805E-4 2.52878E-4 3.43724E-4 2.04619E-4 2.2283E-4 1.25527E-4 1.19378E-4 1.45274E-4 2.43025E-4 5.65889E-4 3.71027E-4 4.44791E-4 2.54873E-4 4.69156E-4 9.52649E-4 5.10559E-4 1.31342E-3
-9999 -9999 -9999 -9999 -9999 -9999 -9999 -9999 -9999 -9999 -9999 -9999 -9999 -9999 -9999 -9999 -9999 -9999 -9999 -9999 -9999 -9999 -9999 -9999 7.70261E-5 1.01928E-4 7.78578E-5 4.41954E-5 2.53645E-4 4.18894E-4 2.78479E-4 1.21572E-4 1.53825E-4 2.20266E-4 2.43365E-4 1.01783E-3 1.22978E-3 7.05454E-4 4.89292E-4 4.88337E-4 1.20574E-3 2.3589E-3 2.28436E-3 9.17585E-3 1.56809E-2 9.10593E-3 7.71236E-3 -9999 2.17306E-2 3.95984E-2 2.5584E-2 1.63212E-2 4.5775E-3 9.50508E-4 2.31124E-4 7.7752E-4 1.09141E-3 1.88026E-4 1.96866E-4 6.05009E-4 3.55037E-4 1.90938E-4 2.54325E-4 1.93432E-4 1.99883E-4 2.95041E-4 5.26136E-4 2.45482E-4 5.03347E-4 8.42903E-4 5.91255E-4 4.90976E-4 6.27524E-4 4.37793E-4 7.3179E-4
-9999 -9999 -9999 -9999 -9999 -9999 -9999 -9999 -9999 -9999 -9999 -9999 -9999 -9999 -9999 -9999 -9999 -9999 -9999 -9999 -9999 -9999 -9999 -9999 2.9971E-5 6.90197E-5 1.41776E-4 1.20551E-4 1.19E-4 2.77013E-4 6.09086E-4 2.6865E-4 2.00253E-4 1.93323E-4 3.09031E-4 3.88243E-4 4.32608E-4 4.9826E-4 1.50332E-3 1.61313E-3 1.94206E-3 1.80823E-3 3.38781E-3 1.51345E-2 9.4814E-3 1.14928E-2 1.23598E-2 1.78342E-2 2.53169E-2 4.14712E-2 2.1909E-2 3.50756E-2 2.67309E-3 1.07057E-3 8.75186E-4 5.84485E-4 9.66696E-4 3.94226E-4 2.57138E-4 4.48475E-4 7.11705E-4 7.61853E-4 2.74022E-4 2.79095E-4 7.14554E-4 2.96397E-4 5.36607E-4 9.10516E-5 1.89297E-4 4.24681E-4 5.91262E-4 2.26647E-4 5.22816E-4 5.62648E-4 3.15244E-4
-9999 -9999 -9999 -9999 -9999 -9999 -9999 -9999 -9999 -9999 -9999 -9999 -9999 -9999 -9999 -9999 -9999 -9999 -9999 -9999 -9999 -9999 -9999 -9999 -9999 6.10644E-5 2.70739E-5 4.7906E-5 6.71242E-5 2.22301E-4 1.7836E-4 2.10606E-4 -9999 2.25997E-4 1.99339E-4 5.47139E-4 1.64009E-3 6.36367E-4 8.46286E-4 2.9562E-3 2.27566E-3 2.64162E-3 5.7626E-3 1.83867E-2 1.0742E-2 2.16873E-2 3.08651E-2 6.60338E-2 4.00323E-2 3.9107E-3 3.44535E-3 8.50613E-3 5.88663E-3 2.46404E-3 1.20901E-3 8.47401E-4 9.81245E-4 1.1683E-3 4.2593E-4 4.62136E-4 9.60903E-4 5.73682E-4 6.20323E-4 2.01154E-4 5.60771E-4 4.32485E-4 4.49816E-4 3.57477E-4 2.17375E-4 5.27698E-4 4.03772E-4 4.96805E-4 3.58401E-4 4.36256E-4 5.71245E-4
-9999 -9999 -9999 -9999 -9999 -9999 -9999 -9999 -9999 -9999 -9999 -9999 -9999 -9999 -9999 -9999 -9999 -9999 -9999 -9999 -9999 -9999 -9999 -9999 5.75166E-5 9.84821E-5 1.78889E-4 5.88159E-5 1.09818E-4 2.90633E-4 2.47852E-4 1.08608E-4 -9999 -9999 1.44396E-4 7.98657E-4 7.72255E-4 1.18145E-3 1.47325E-3 1.73422E-3 2.42706E-3 5.95155E-3 7.52088E-2 1.36245E-2 2.26603E-2 3.59919E-2 6.01556E-2 3.101E-2 7.11816E-3 2.67739E-3 3.99645E-4 2.0872E-3 2.09602E-3 1.03303E-3 3.99031E-4 2.88739E-4 4.30288E-4 9.99757E-4 1.34258E-3 1.39853E-3 1.78956E-3 9.54861E-4 3.34462E-4 4.0364E-4 3.29782E-4 4.82113E-4 6.54529E-4 8.57545E-4 4.90236E-4 5.9881E-4 2.8024E-4 2.37163E-4 1.34688E-4 2.35771E-4 3.32589E-4
-9999 -9999 -9999 -9999 -9999 -9999 -9999 -9999 -9999 -9999 -9999 -9999 -9999 -9999 -9999 -9999 -9999 -9999 -9999 -9999 -9999 -9999 -9999 -9999 3.39261E-5 9.65353E-5 2.23875E-4 1.71691E-4 1.32296E-4 2.57405E-4 1.8381E-4 1.18522E-4 -9999 -9999 2.56619E-4 1.51252E-3 1.5409E-3 1.34428E-3 2.08721E-3 2.42684E-3 4.13871E-3 5.03944E-2 4.64456E-2 2.03758E-2 1.23003E-2 1.65627E-2 2.29458E-2 1.03333E-2 2.28202E-3 1.8455E-3 2.1579E-3 6.38252E-4 5.83227E-4 5.1141E-4 1.18497E-3 4.16675E-4 5.81027E-4 1.66285E-3 6.69025E-4 8.35735E-4 5.60952E-4 2.61299E-3 2.30765E-4 3.41647E-4 3.69879E-4 3.86811E-4 2.02583E-4 7.39933E-4 5.87063E-4 2.15997E-4 2.63626E-4 2.83624E-4 3.39773E-4 4.97337E-4 1.88484E-4
-9999 -9999 -9999 -9999 -9999 -9999 -9999 -9999 -9999 -9999 -9999 -9999 -9999 -9999 -9999 -9999 -9999 -9999 -9999 -9999 1.13299E-4 -9999 6.79008E-5 7.1318E-5 1.21729E-5 3.74262E-5 1.59129E-4 9.4582E-5 1.49694E-4 2.43156E-4 2.48057E-4 2.57042E-4 -9999 -9999 -9999 6.57509E-4 9.90848E-4 3.07311E-3 3.30098E-3 2.50297E-3 3.2995E-3 5.7118E-2 6.42299E-2 2.94826E-2 7.88813E-3 1.01515E-2 1.7564E-2 2.04124E-3 2.13978E-3 3.01845E-4 4.89851E-4 1.74076E-4 1.14733E-4 9.89127E-5 3.49741E-4 2.26732E-4 3.98792E-4 1.26744E-3 9.26274E-4 1.04984E-3 1.48196E-4 2.9608E-4 5.76505E-4 1.6282E-4 2.43664E-4 2.35401E-4 3.0871E-4 3.51866E-4 4.09709E-4 2.8903E-4 3.4567E-4 5.74059E-4 9.11071E-4 2.09048E-4 7.50116E-5
-9999 -9999 -9999 -9999 -9999 -9999 -9999 -9999 -9999 -9999 -9999 -9999 -9999 -9999 -9999 -9999 -9999 -9999 -9999 2.53961E-4 8.97836E-5 9.69227E-5 1.19043E-4 6.07265E-5 2.34428E-5 4.2449E-5 6.80123E-5 6.67731E-5 2.60794E-4 3.3401E-4 5.86165E-4 5.15175E-4 -9999 -9999 -9999 8.82602E-4 2.97692E-3 1.99653E-3 3.18581E-3 2.31677E-3 4.40526E-3 7.08899E-2 1.18803E-1 7.33009E-2 1.62488E-2 2.46409E-2 1.89461E-2 2.41634E-3 9.97421E-4 1.31851E-3 1.02455E-3 4.63796E-4 3.97416E-4 6.54466E-4 6.33341E-4 5.58289E-4 5.93126E-4 1.08729E-3 1.34751E-3 7.62213E-4 9.11984E-4 6.7142E-4 2.0361E-4 3.46721E-4 3.22619E-4 5.25421E-4 5.61379E-4 1.11805E-3 4.91242E-4 3.31688E-4 6.38605E-4 6.51247E-4 5.94051E-4 1.06509E-4 2.09642E-4
-9999 -9999 -9999 -9999 -9999 -9999 -9999 -9999 -9999 -9999 -9999 -9999 -9999 -9999 -9999 -9999 -9999 -9999 -9999 1.78899E-4 7.47933E-5 6.63929E-5 8.38838E-5 1.12944E-4 8.43251E-5 1.23773E-4 6.38408E-5 7.04172E-5 8.45147E-5 2.40114E-4 5.82922E-5 8.54718E-5 -9999 -9999 -9999 1.0694E-3 3.80729E-3 4.3686E-3 2.03305E-3 2.1038E-3 3.35462E-3 3.67518E-2 5.43907E-2 7.68036E-2 2.54044E-2 6.39071E-3 7.61751E-3 6.53556E-4 1.74169E-3 1.48041E-3 7.35442E-4 3.98996E-5 1.20012E-4 1.57662E-4 2.12951E-4 4.37378E-4 1.71736E-4 4.75124E-5 5.8449E-5 4.47523E-5 5.21981E-5 3.1858E-4 8.60175E-4 7.3256E-4 6.2399E-4 1.03376E-3 1.10521E-3 6.47785E-4 6.50917E-4 5.11385E-4 4.62718E-4 8.98194E-5 1.91647E-4 1.58986E-4 2.54397E-4
-9999 -9999 -9999 -9999 -9999 -9999 -9999 -9999 -9999 -9999 -9999 -9999 -9999 -9999 -9999 -9999 -9999 -9999 -9999 1.50131E-4 7.90913E-5 2.61746E-5 2.92425E-5 4.98345E-5 5.61013E-5 7.76175E-5 7.05803E-5 7.21674E-5 7.27136E-5 1.57136E-4 8.36558E-5 2.1062E-4 -9999 -9999 -9999 1.27898E-3 1.57213E-3 9.92262E-4 1.10365E-3 4.04065E-3 1.53701E-2 2.16579E-2 2.77594E-2 2.12952E-2 1.0243E-2 4.37135E-3 8.92445E-4 3.2684E-4 5.09388E-4 4.78564E-4 4.60392E-5 1.40491E-4 3.80915E-5 3.16393E-5 4.483E-4 2.67571E-4 3.00988E-4 2.27614E-4 2.95098E-4 3.73917E-4 2.96109E-4 2.54154E-4 5.48134E-5 5.97631E-4 1.65151E-4 6.21605E-4 5.54632E-4 4.56667E-4 3.20748E-4 5.39229E-4 2.27641E-4 1.73328E-4 1.0873E-3 2.91192E-3 1.45425E-3
-9999 -9999 -9999 -9999 -9999 -9999 -9999 -9999 -9999 -9999 -9999 -9999 -9999 -9999 -9999 -9999 -9999 -9999 4.9487E-4 4.25254E-4 1.00463E-4 3.45827E-5 8.059E-5 2.71755E-4 2.0858E-4 1.61034E-4 8.57561E-5 1.74335E-4 1.37967E-4 1.05942E-4 5.90242E-5 1.14231E-4 1.68306E-4 -9999 -9999 -9999 1.1283E-3 1.34264E-3 2.13959E-3 1.74613E-3 2.46734E-3 1.04993E-2 2.81272E-2 3.24994E-2 1.98173E-2 6.28345E-3 6.82805E-4 4.03236E-4 2.08777E-4 4.75787E-5 2.23829E-5 2.39224E-4 2.84319E-4 2.85156E-4 1.94402E-4 3.64857E-4 2.14597E-4 7.80158E-4 6.31483E-4 3.12641E-4 2.73697E-4 1.79875E-4 4.31224E-5 3.90096E-4 2.57153E-4 2.38829E-4 1.24446E-4 1.05715E-3 2.11126E-4 3.76281E-4 3.74163E-4 1.19594E-3 1.70515E-3 2.27404E-3 2.71135E-3
-9999 -9999 -9999 -9999 -9999 -9999 -9999 -9999 -9999 -9999 -9999 -9999 -9999 -9999 -9999 -9999 -9999 -9999 9.94467E-5 8.07103E-5 1.80461E-4 6.42025E-5 9.5356E-5 1.06217E-4 1.15014E-4 6.42354E-5 2.36236E-4 2.23831E-4 1.93985E-4 2.97942E-4 1.15089E-4 1.94887E-4 6.80754E-4 -9999 -9999 -9999 5.96313E-4 6.99245E-4 1.86019E-3 1.5108E-3 4.11406E-3 5.66021E-3 1.62196E-2 4.35324E-2 1.43368E-2 4.94953E-3 9.49061E-4 5.45742E-4 2.77451E-4 4.39561E-4 1.28057E-4 1.68427E-4 5.12111E-4 5.15337E-4 2.01878E-4 5.23179E-4 5.25611E-4 5.08473E-4 1.00983E-3 3.04656E-4 3.29005E-4 5.28E-4 4.65168E-5 2.86022E-4 1.05721E-4 1.96818E-4 1.86477E-4 5.64312E-4 6.25245E-4 8.428E-4 3.54762E-3 5.01458E-3 2.36337E-3 3.02572E-3 2.51492E-3
-9999 -9999 -9999 -9999 -9999 -9999 -9999 -9999 -9999 -9999 -9999 -9999 -9999 -9999 -9999 -9999 -9999 8.81753E-4 1.89513E-4 4.34433E-5 1.31039E-3 1.58251E-4 1.72076E-4 2.13384E-4 3.63405E-4 1.47088E-4 2.7701E-4 2.60751E-4 4.47895E-4 2.28372E-4 2.37918E-4 3.8457E-4 3.40641E-4 -9999 -9999 -9999 8.44064E-4 1.32144E-3 9.18809E-4 1.62161E-3 4.18505E-3 5.55945E-3 1.11759E-2 2.83494E-2 1.3115E-2 5.33873E-3 3.72939E-4 3.04875E-4 3.53364E-4 4.40015E-4 2.29002E-4 6.16264E-4 5.01795E-4 7.26916E-4 1.21887E-3 5.05695E-4 1.18197E-3 4.23198E-4 5.15816E-4 4.11347E-4 2.67117E-4 2.71527E-4 1.35695E-3 2.71815E-4 7.01289E-5 1.61743E-4 5.16078E-4 2.6204E-4 1.87903E-3 1.90022E-3 1.69976E-3 4.20615E-3 3.58201E-3 1.44751E-3 1.43033E-3
-9999 -9999 -9999 -9999 -9999 -9999 -9999 -9999 -9999 -9999 -9999 -9999 -9999 -9999 -9999 -9999 -9999 9.40212E-4 4.84912E-4 1.32737E-4 2.12396E-4 6.41563E-5 3.3444E-5 1.55898E-4 1.25137E-4 8.361E-5 3.49887E-4 2.84386E-4 7.73978E-4 2.15016E-4 4.71111E-4 4.05635E-4 9.05439E-4 5.24114E-4 -9999 -9999 4.09255E-4 1.41559E-3 1.32295E-3 1.28525E-3 2.3194E-3 3.80558E-3 6.03738E-3 1.49946E-2 8.88905E-3 6.64149E-3 9.79541E-4 4.29935E-4 7.6718E-4 5.97504E-4 4.7822E-4 5.46556E-4 6.12919E-4 7.103E-4 9.36169E-4 6.82129E-4 8.68683E-4 2.24162E-4 2.76366E-4 5.64889E-4 3.1324E-4 3.70392E-4 8.07653E-4 6.90191E-4 3.31958E-4 1.21203E-4 2.30502E-4 3.3453E-4 1.07727E-3 3.62496E-3 1.2085E-3 2.66334E-3 2.61004E-3 3.93631E-3 2.64622E-3
-9999 -9999 -9999 -9999 -9999 -9999 -9999 -9999 -9999 -9999 -9999 -9999 -9999 -9999 -9999 -9999 1.33526E-3 6.3276E-4 7.56473E-4 2.69842E-4 7.53221E-5 1.33165E-4 7.84133E-5 9.07827E-5 5.20707E-5 3.47422E-5 8.80058E-5 1.83098E-4 1.06397E-4 1.03731E-4 3.36743E-4 5.08289E-4 4.85908E-4 2.47104E-4 3.67932E-4 1.20865E-4 6.06635E-4 4.27358E-4 8.68356E-4 1.59751E-3 2.35932E-3 3.57511E-3 6.60641E-3 2.22882E-3 2.75955E-3 1.82393E-3 4.46627E-4 4.86266E-4 7.38612E-4 3.47153E-4 5.28141E-4 5.97081E-4 5.24774E-4 6.77824E-4 5.54968E-4 5.75853E-4 4.86188E-4 1.1386E-3 2.00089E-4 4.86104E-4 4.36603E-4 5.28022E-4 1.87047E-4 4.88033E-4 3.69812E-4 1.11631E-4 4.89994E-4 1.89331E-3 1.63551E-3 2.9635E-3 1.60555E-3 3.11206E-3 3.88982E-3 4.03578E-3 1.40875E-2
-9999 -9999 -9999 -9999 -9999 -9999 -9999 -9999 -9999 -9999 -9999 -9999 -9999 -9999 -9999 -9999 6.22605E-4 4.90764E-4 4.4798E-4 2.43458E-4 1.65176E-4 1.24209E-4 1.23069E-4 9.83431E-5 4.04538E-5 1.23922E-4 2.61603E-4 3.73105E-4 1.73398E-4 1.43538E-4 4.54102E-4 4.74929E-4 5.6944E-4 4.32448E-4 4.01584E-4 1.58846E-4 2.71199E-4 1.0626E-3 7.50584E-4 1.28315E-3 4.05234E-4 4.99987E-4 1.04413E-3 1.93808E-3 8.59168E-4 6.16388E-4 3.82652E-4 1.64644E-4 2.71272E-4 1.95478E-3 8.18707E-4 1.28301E-3 9.49291E-4 9.10063E-4 5.45198E-4 5.3698E-4 8.93356E-4 6.65576E-4 8.86441E-4 9.97118E-4 2.77725E-4 8.06984E-4 1.23502E-4 5.44469E-5 1.24833E-4 5.48784E-4 2.4508E-4 6.25887E-4 1.03605E-3 1.66909E-3 2.24814E-3 2.16591E-3 2.53276E-3 5.08272E-3 4.81477E-3
-9999 -9999 -9999 -9999 -9999 -9999 -9999 -9999 -9999 -9999 -9999 -9999 -9999 -9999 -9999 -9999 2.20764E-4 3.45393E-4 1.01953E-3 3.37405E-4 3.10549E-4 1.29626E-4 9.8314E-5 2.08504E-4 4.92974E-5 1.65502E-4 1.681E-4 1.6913E-4 3.70546E-4 3.66626E-4 3.25781E-4 6.01309E-4 7.9077E-4 6.0539E-4 6.82004E-4 2.94399E-4 9.98225E-5 9.5966E-5 8.23269E-4 3.01376E-4 2.88862E-4 5.55884E-4 5.08413E-4 9.06882E-4 1.1533E-3 1.57723E-3 7.15588E-4 3.07421E-4 5.51595E-4 6.87051E-4 7.28228E-4 1.68066E-3 5.69517E-4 3.47094E-4 5.66378E-4 2.12656E-3 5.97E-4 5.54439E-4 6.53646E-4 4.04704E-4 7.76296E-4 7.09865E-4 1.48942E-4 2.9917E-4 2.17454E-4 5.74821E-4 9.79579E-4 1.12265E-3 8.08811E-4 1.6022E-3 1.18949E-3 2.26403E-3 1.6826E-3 1.86157E-3 5.19208E-3
-9999 -9999 -9999 -9999 -9999 -9999 -9999 -9999 -9999 -9999 -9999 -9999 -9999 -9999 -9999 1.57707E-4 1.6404E-4 7.35265E-4 5.64697E-4 3.45679E-4 2.74471E-4 1.33071E-4 4.89774E-4 5.1482E-4 3.17301E-4 5.47142E-4 5.77873E-4 3.70534E-4 2.09475E-4 1.72911E-4 1.28481E-3 2.11623E-3 1.32004E-3 1.55753E-3 9.56115E-4 9.63865E-4 4.53344E-4 3.98745E-4 8.55762E-4 8.69057E-4 6.15615E-4 5.36689E-4 5.47408E-4 6.9897E-4 6.80384E-4 8.02636E-4 9.20441E-4 5.33652E-4 4.92883E-4 3.78186E-4 4.41896E-4 1.25807E-3 8.47066E-4 6.28734E-4 1.03856E-3 2.91266E-3 1.23764E-3 4.33406E-4 2.65362E-4 4.74709E-4 3.90542E-4 4.18961E-4 2.64341E-4 3.10656E-4 6.67075E-4 9.76311E-4 4.29715E-4 8.08754E-4 7.08735E-4 1.45944E-3 1.44549E-3 3.72541E-3 4.36628E-3 2.27633E-3 2.82509E-3
-9999 -9999 -9999 -9999 -9999 -9999 -9999 -9999 -9999 -9999 -9999 -9999 -9999 -9999 -9999 6.02932E-4 3.44508E-4 4.26016E-4 6.86784E-4 2.44733E-4 2.79906E-4 2.34045E-4 2.76461E-4 2.29963E-4 4.03166E-4 2.61373E-4 3.8677E-4 1.33485E-4 3.04271E-4 2.67748E-4 4.42726E-4 2.94716E-3 8.63804E-4 5.62261E-4 2.74349E-4 2.71066E-4 1.45688E-4 1.85316E-4 6.08387E-4 4.35356E-4 5.46104E-4 7.86878E-4 8.63139E-4 8.86188E-4 6.17483E-4 6.91786E-4 6.35912E-4 1.10715E-3 1.34924E-3 6.98392E-4 1.09781E-3 1.32326E-3 1.45564E-3 4.94303E-4 9.61022E-4 9.45008E-4 1.97409E-3 8.16097E-4 4.32439E-4 7.57282E-4 2.74759E-4 1.50843E-4 2.66734E-4 1.23036E-3 3.27126E-4 6.77417E-4 4.47666E-4 6.70992E-4 8.44319E-4 1.03383E-3 2.98604E-3 6.66346E-3 6.87814E-3 2.322E-3 4.89713E-3
-9999 -9999 -9999 -9999 -9999 -9999 -9999 -9999 -9999 -9999 -9999 -9999 -9999 -9999 3.15987E-4 2.19986E-4 3.19365E-4 2.29508E-4 5.45441E-4 3.08128E-4 3.05118E-4 3.09136E-4 2.22789E-4 3.10477E-4 2.56089E-4 3.17602E-4 7.50843E-4 2.19817E-4 9.69254E-5 2.67991E-4 3.54566E-4 9.24989E-4 8.54902E-4 7.57754E-4 2.24182E-4 2.13681E-4 4.6322E-4 4.6502E-4 4.98537E-4 2.96682E-4 5.54812E-4 5.71139E-4 7.18514E-4 2.74822E-4 6.21509E-4 8.40646E-4 5.80001E-4 1.23264E-3 1.65763E-3 9.93487E-4 6.56569E-4 1.73197E-3 1.71308E-3 7.77432E-4 9.83064E-4 9.10902E-4 1.12581E-3 2.22623E-3 4.72385E-4 9.23274E-4 2.16493E-4 4.58361E-4 2.60111E-4 2.03449E-4 1.06483E-3 6.35161E-4 5.46443E-4 6.9191E-4 1.08559E-3 2.29317E-3 3.21967E-3 1.97576E-2 9.16756E-3 3.21272E-3 8.32944E-3
-9999 -9999 -9999 -9999 -9999 -9999 -9999 -9999 -9999 -9999 -9999 -9999 -9999 -9999 4.42281E-4 4.59943E-4 4.92263E-4 4.14896E-4 9.5388E-4 5.36338E-4 5.22515E-4 3.05278E-4 1.62618E-4 2.07141E-4 3.18085E-4 2.20335E-4 7.35051E-4 2.33606E-4 2.17233E-4 1.64222E-4 4.61618E-4 6.08633E-4 6.73398E-4 2.12993E-3 8.44048E-4 5.49831E-4 9.04173E-4 1.37578E-3 3.04442E-3 1.40895E-3 3.83648E-4 3.45228E-4 2.154E-4 3.11176E-4 3.48361E-4 3.04708E-4 6.91945E-4 9.40197E-4 2.18506E-3 1.46357E-3 7.80694E-4 2.30122E-3 1.09744E-3 1.23472E-3 2.80385E-3 1.69477E-3 1.4003E-3 8.6137E-4 5.70967E-4 4.61235E-4 9.43984E-4 8.19977E-4 1.39684E-3 7.65049E-4 7.37202E-4 1.38712E-3 9.37949E-4 1.9916E-3 1.94836E-3 2.58725E-3 5.11709E-3 8.515E-3 4.24472E-3 3.36243E-3 5.06219E-3
-9999 -9999 -9999 -9999 -9999 -9999 -9999 -9999 -9999 -9999 -9999 -9999 -9999 1.57254E-4 3.38721E-4 2.79303E-4 8.19533E-4 1.69388E-3 1.55294E-3 1.09751E-3 6.15556E-4 3.50258E-4 1.59645E-4 2.93975E-4 4.21261E-4 1.96071E-4 2.07105E-4 2.81037E-4 1.41656E-4 2.32341E-4 3.42015E-4 3.95582E-4 9.79987E-4 1.18187E-3 1.05094E-3 1.1705E-3 1.71287E-3 1.58003E-3 8.85094E-4 6.88485E-4 3.50584E-4 5.33192E-4 3.28855E-4 4.2529E-4 6.85297E-4 2.521E-4 2.35491E-4 1.55801E-3 1.54455E-3 1.97011E-3 1.16424E-3 2.75591E-3 2.02847E-3 5.144E-4 1.56448E-3 9.51667E-4 8.21807E-4 6.5105E-4 1.23871E-3 8.97922E-4 4.70364E-4 4.63473E-4 3.75919E-4 5.04753E-4 1.16733E-3 6.20098E-4 5.82672E-4 3.16476E-3 3.47696E-3 2.69388E-3 2.6988E-3 5.66548E-3 4.70832E-3 2.70553E-3 2.5778E-3
-9999 -9999 -9999 -9999 -9999 -9999 -9999 -9999 -9999 -9999 -9999 -9999 -9999 1.80585E-5 9.99406E-5 3.61405E-4 3.15446E-4 6.66357E-4 2.65826E-3 1.048E-3 8.40025E-5 4.01508E-4 4.89612E-4 4.86843E-4 3.89146E-4 1.03764E-4 1.67179E-4 1.7599E-4 1.89163E-4 9.95739E-5 1.31678E-4 7.94353E-4 1.31502E-3 2.60057E-3 1.29191E-3 1.42256E-3 2.07671E-3 1.83731E-3 1.9468E-3 1.56147E-3 8.3848E-4 9.28426E-4 9.72744E-4 9.37026E-4 8.64677E-4 6.42221E-4 6.3014E-4 1.4914E-3 2.65628E-3 2.7939E-3 7.20713E-4 2.04249E-3 1.29642E-3 9.33561E-4 2.26402E-3 1.62303E-3 5.94599E-4 2.85213E-4 3.94886E-4 4.62632E-4 7.2672E-4 3.10897E-4 3.79483E-4 3.96057E-4 5.3848E-4 7.02387E-4 3.80245E-3 3.77699E-3 3.04198E-3 2.48157E-3 7.30042E-3 4.86549E-3 1.14363E-2 2.37466E-2 2.70952E-2
