ENM/Final_Models/M_0.9_F_q_Set_1_E/Gustavia_santanderiensis_5_Choco_novel.asc
ncols         367
nrows         963
xllcorner     -78.6
yllcorner     0.65
cellsize      0.00833333333333323
NODATA_value  -9999
[rows 510 to 539 of 963, columns 136 to 203 of 367]
-9999 -9999 -9999 -9999 -9999 -9999 -9999 -9999 -9999 -9999 -9999 -9999 -9999 -9999 -9999 -9999 -9999 -9999 -9999 -9999 -8.95735E1 -7.80095E1 -8.0158E1 -8.1327E1 -7.72196E1 -9.13265E1 -8.47393E1 -9.08163E1 -9.84694E1 -9.89796E1 -1.04082E2 -9.57346E1 -1.05612E2 -9.33673E1 -8.50553E1 -8.52449E1 -9.4898E1 -9.4898E1 -1.08163E2 -8.96998E1 -8.09795E1 -8.17378E1 -9.7449E1 -9.46288E1 -9.29542E1 -9.41548E1 -8.77093E1 -1.10714E2 -8.44866E1 -8.80569E1 -8.55924E1 -9.23469E1 -1.10714E2 -8.82149E1 -8.86256E1 -7.95918E1 -9999 -8.16327E1 -7.60204E1 -7.70408E1 -7.70408E1 -7.65306E1 -1.03061E2 -1.03571E2 -7.65306E1 -7.65306E1 -7.51659E1 -7.50395E1
-9999 -9999 -9999 -9999 -9999 -9999 -9999 -9999 -9999 -9999 -9999 -9999 -9999 -9999 -9999 -9999 -9999 -9999 -9999 -9999 -8.82653E1 -8.1327E1 -8.25276E1 -8.06003E1 -7.27014E1 -7.67457E1 -9.08163E1 -1.03571E2 -9.13265E1 -9.18367E1 -9.69984E1 -9.65877E1 -1.01531E2 -9.33673E1 -1.06122E2 -1.06633E2 -8.64771E1 -7.91785E1 -9.43878E1 -8.5624E1 -1.08163E2 -8.55292E1 -9.79592E1 -1.10714E2 -9.27646E1 -8.78673E1 -1.10714E2 -8.43602E1 -8.45182E1 -8.19905E1 -8.06635E1 -8.53712E1 -8.39179E1 -9.89796E1 -9.94898E1 -9999 -7.21011E1 -6.7425E1 -7.07425E1 -7.70408E1 -7.70408E1 -7.60204E1 -9.4898E1 -1.02041E2 -1.02551E2 -1.12245E2 -1.12245E2 -1.11735E2
-9999 -9999 -9999 -9999 -9999 -9999 -9999 -9999 -9999 -9999 -9999 -9999 -9999 -9999 -9999 -9999 -9999 -9999 -9999 -9999 -1E2 -6.43918E1 -6.48025E1 -9.69388E1 -6.69826E1 -7.63349E1 -7.66193E1 -7.42496E1 -9.13265E1 -9.23469E1 -8.77409E1 -9.23469E1 -9.28571E1 -1.01531E2 -8.54976E1 -8.51817E1 -7.99368E1 -9.43878E1 -9.43878E1 -9.43878E1 -8.30964E1 -8.85624E1 -9.69388E1 -1.10204E2 -1.07143E2 -9.52607E1 -9.10269E1 -8.76145E1 -8.96051E1 -8.7267E1 -8.39494E1 -9.23469E1 -1.13776E2 -1.10204E2 -1.10714E2 -7.7551E1 -6.63191E1 -6.51501E1 -8.02212E1 -7.85466E1 -1.10714E2 -9.4898E1 -1.14796E2 -1.0102E2 -1.15816E2 -1.15306E2 -1.11224E2 -1.11735E2
-9999 -9999 -9999 -9999 -9999 -9999 -9999 -9999 -9999 -9999 -9999 -9999 -9999 -9999 -9999 -9999 -9999 -9999 -9999 -9999 -8.87755E1 -6.78989E1 -6.52765E1 -8.87755E1 -6.81201E1 -8.30648E1 -7.60821E1 -8.00316E1 -9.39968E1 -9.19431E1 -9.13265E1 -9.1564E1 -8.12322E1 -9.28571E1 -8.67931E1 -8.10427E1 -7.63349E1 -9.43878E1 -8.76461E1 -8.79305E1 -9.02054E1 -8.53712E1 -1.09694E2 -1.09694E2 -1.06122E2 -9.10584E1 -9.37125E1 -8.51185E1 -8.45498E1 -9.69388E1 -1.07143E2 -8.18957E1 -9.23469E1 -8.8752E1 -8.45182E1 -8.0102E1 -6.60348E1 -7.76619E1 -7.92101E1 -7.57662E1 -7.59874E1 -9.43878E1 -9.94898E1 -1E2 -1E2 -1.13776E2 -1.10204E2 -1.11224E2
-9999 -9999 -9999 -9999 -9999 -9999 -9999 -9999 -9999 -9999 -9999 -9999 -9999 -9999 -9999 -9999 -9999 -9999 -9999 -9999 -7.93681E1 -8.87755E1 -6.18641E1 -7.04265E1 -9.7449E1 -8.97959E1 -8.97959E1 -7.5545E1 -9.18483E1 -9.67457E1 -9.69352E1 -9.09953E1 -9.13265E1 -9.23469E1 -8.37283E1 -8.43918E1 -7.74724E1 -1.03571E2 -9.4898E1 -9.43878E1 -9.38775E1 -9.0237E1 -1.08673E2 -9.30806E1 -9.14692E1 -9.04581E1 -8.90363E1 -8.85624E1 -8.76145E1 -1.10714E2 -8.42022E1 -8.37915E1 -1.13265E2 -9.24487E1 -9.28594E1 -8.2812E1 -6.47077E1 -6.30648E1 -7.70408E1 -7.80095E1 -1.09694E2 -1.10204E2 -1.10204E2 -1.09694E2 -1.10714E2 -1.14286E2 -1.10714E2 -1.10204E2
-9999 -9999 -9999 -9999 -9999 -9999 -9999 -9999 -9999 -9999 -9999 -9999 -9999 -9999 -9999 -9999 -9999 -9999 -9999 -9999 -9.69388E1 -7.34694E1 -6.49605E1 -5.4218E1 -6.28752E1 -6.36651E1 -8.97959E1 -9.08163E1 -9.31754E1 -9.23223E1 -9.61137E1 -9.53555E1 -1.04592E2 -7.91153E1 -8.17378E1 -7.51343E1 -8.29384E1 -9.28571E1 -8.60979E1 -9.28571E1 -9.23469E1 -1.07143E2 -8.65403E1 -9.02686E1 -8.75829E1 -8.42338E1 -8.8594E1 -9.40916E1 -8.61295E1 -8.58768E1 -8.5466E1 -8.59084E1 -8.93839E1 -8.78041E1 -8.65719E1 -7.63033E1 -5.85782E1 -5.20408E1 -7.5E1 -1.12245E2 -1.09694E2 -7.78831E1 -7.65306E1 -7.83886E1 -7.65306E1 -9.89796E1 -9.84694E1 -9.38775E1
-9999 -9999 -9999 -9999 -9999 -9999 -9999 -9999 -9999 -9999 -9999 -9999 -9999 -9999 -9999 -9999 -9999 -9999 -9999 -9999 -5.5861E1 -6.37755E1 -5.89258E1 -5.92733E1 -7.03002E1 -8.15798E1 -8.36651E1 -8.05687E1 -1.03571E2 -1.03571E2 -1.04082E2 -9.80727E1 -1.04082E2 -1.0102E2 -7.61769E1 -7.85466E1 -8.14218E1 -7.78199E1 -9.28571E1 -7.98736E1 -9.18367E1 -9.23469E1 -1.06122E2 -8.89416E1 -8.88468E1 -7.64613E1 -8.29068E1 -9.13112E1 -8.1327E1 -8.28752E1 -7.90816E1 -8.54344E1 -9.2575E1 -8.54976E1 -8.66983E1 -7.7346E1 -6.06003E1 -4.42338E1 -5.34281E1 -7.70408E1 -7.70408E1 -7.65306E1 -7.65306E1 -7.09184E1 -7.55102E1 -7.60204E1 -9.79592E1 -8.21429E1
-9999 -9999 -9999 -9999 -9999 -9999 -9999 -9999 -9999 -9999 -9999 -9999 -9999 -9999 -9999 -9999 -9999 -9999 -9999 -9999 -7.39796E1 -6.37915E1 -6.54028E1 -6.53397E1 -8.92857E1 -8.8752E1 -1.01531E2 -8.15482E1 -9.4898E1 -1.03061E2 -8.67615E1 -7.86098E1 -9.03061E1 -7.62085E1 -7.4376E1 -6.03475E1 -7.36809E1 -6.95735E1 -8.10427E1 -9.18367E1 -9.08163E1 -1.04592E2 -1.04592E2 -1.06633E2 -1.04082E2 -8.30016E1 -8.75829E1 -8.48341E1 -8.63507E1 -8.28752E1 -8.0102E1 -8.40758E1 -8.79305E1 -8.12954E1 -6.21169E1 -6.68246E1 -5.51027E1 -4.5624E1 -6E1 -7.2449E1 -7.31438E1 -6.6951E1 -5.51975E1 -7.14286E1 -6.40442E1 -6.83673E1 -8.97959E1 -7.70408E1
-9999 -9999 -9999 -9999 -9999 -9999 -9999 -9999 -9999 -9999 -9999 -9999 -9999 -9999 -9999 -9999 -9999 -9999 -9999 -9999 -8.46939E1 -9.59184E1 -8.73302E1 -8.52133E1 -1.0102E2 -9.89796E1 -7.74092E1 -8.04107E1 -8.87755E1 -9.51975E1 -9.59558E1 -8.97959E1 -9.12796E1 -7.72828E1 -9.03061E1 -7.85782E1 -7.95918E1 -7.92101E1 -7.92417E1 -7.95918E1 -9.13265E1 -1.04592E2 -1.04592E2 -8.26224E1 -8.13586E1 -8.43286E1 -8.43286E1 -8.18641E1 -9.33673E1 -9.08163E1 -8.7267E1 -8.2654E1 -8.46445E1 -7.39968E1 -6.2654E1 -9999 -5.57978E1 -5.82306E1 -7.7551E1 -7.80612E1 -7.70408E1 -7.70408E1 -7.65306E1 -7.60204E1 -7.04082E1 -7.44898E1 -7.44898E1 -7.51343E1
-9999 -9999 -9999 -9999 -9999 -9999 -9999 -9999 -9999 -9999 -9999 -9999 -9999 -9999 -9999 -9999 -9999 -9999 -9999 -9999 -8.46939E1 -9.59184E1 -8.57143E1 -9.11848E1 -8.94155E1 -8.82653E1 -9.33673E1 -8.82653E1 -7.81991E1 -8.63823E1 -9.49447E1 -9.20379E1 -7.58294E1 -8.05055E1 -7.55766E1 -9.03061E1 -9.13265E1 -1.0102E2 -8.32227E1 -7.95261E1 -1.02551E2 -1.05612E2 -1.06122E2 -9.03318E1 -8.77093E1 -9.26698E1 -9.4898E1 -7.72828E1 -8.67347E1 -8.82653E1 -8.41074E1 -8.40126E1 -8.91311E1 -7.16272E1 -6.24013E1 -5.90521E1 -5.21327E1 -5.97156E1 -7.0079E1 -7.7504E1 -8.2496E1 -8.10742E1 -7.60204E1 -6.97946E1 -6.68367E1 -7.39796E1 -7.55102E1 -7.55102E1
-9999 -9999 -9999 -9999 -9999 -9999 -9999 -9999 -9999 -9999 -9999 -9999 -9999 -9999 -9999 -9999 -9999 -9999 -9999 -9999 -8.52041E1 -9.07741E1 -8.57143E1 -8.62245E1 -8.73618E1 -8.67347E1 -8.72449E1 -8.49289E1 -7.66825E1 -7.94629E1 -7.90205E1 -8.96682E1 -8.52765E1 -8.45814E1 -7.87362E1 -9.03061E1 -9.13265E1 -1.0051E2 -8.11225E1 -9.08163E1 -1.02551E2 -1.03061E2 -1.03571E2 -1.06122E2 -8.35387E1 -1.03571E2 -8.92857E1 -8.59716E1 -9.03061E1 -9.18367E1 -8.34439E1 -8.42338E1 -8.34439E1 -6.23065E1 -9999 -6.2654E1 -5.39337E1 -5.97472E1 -6.46445E1 -7.15008E1 -7.72512E1 -7.69668E1 -7.60204E1 -7.5E1 -7.44898E1 -7.5E1 -7.5E1 -8.92857E1
-9999 -9999 -9999 -9999 -9999 -9999 -9999 -9999 -9999 -9999 -9999 -9999 -9999 -9999 -9999 -9999 -9999 -9999 -9999 -9999 -9.79592E1 -9.79592E1 -9.84694E1 -9.84694E1 -8.38547E1 -8.68246E1 -8.35071E1 -8.9763E1 -9.2575E1 -7.51343E1 -7.45972E1 -8.82653E1 -8.87755E1 -9.76619E1 -9.03061E1 -9.03061E1 -9.03061E1 -8.16327E1 -9.08163E1 -9.13265E1 -9.02054E1 -9.20379E1 -9.06477E1 -1.04082E2 -9.69388E1 -8.77725E1 -8.67347E1 -8.67347E1 -9.08163E1 -9.23469E1 -8.27172E1 -8.11225E1 -9999 -6.60032E1 -6.5466E1 -6.24645E1 -6.38863E1 -8.35071E1 -7.94629E1 -7.84202E1 -7.84202E1 -7.59558E1 -7.11848E1 -7.29858E1 -7.45656E1 -7.39796E1 -7.44898E1 -8.87755E1
-9999 -9999 -9999 -9999 -9999 -9999 -9999 -9999 -9999 -9999 -9999 -9999 -9999 -9999 -9999 -9999 -9999 -9999 -9999 -9999 -8.65719E1 -8.41837E1 -8.46939E1 -8.52041E1 -8.15798E1 -9.69388E1 -8.62245E1 -6.83096E1 -7.20379E1 -7.71564E1 -7.56398E1 -7.8831E1 -7.40284E1 -8.41074E1 -9.87362E1 -9.41864E1 -9.39652E1 -8.99842E1 -8.594E1 -9.03061E1 -9.38073E1 -8.80569E1 -8.58452E1 -8.18641E1 -8.83728E1 -8.89416E1 -8.06635E1 -8.29068E1 -8.75513E1 -9.23469E1 -8.7109E1 -8.41706E1 -6.8278E1 -5.69036E1 -6.41074E1 -7.11216E1 -7.70408E1 -7.87678E1 -7.95261E1 -8.69826E1 -8.55292E1 -8.41706E1 -6.83412E1 -7.08689E1 -7.2449E1 -7.82622E1 -8.87755E1 -7.39796E1
-9999 -9999 -9999 -9999 -9999 -9999 -9999 -9999 -9999 -9999 -9999 -9999 -9999 -9999 -9999 -9999 -9999 -9999 -9999 -9999 -8.64771E1 -7.64297E1 -8.46939E1 -8.46939E1 -8.70458E1 -9.03633E1 -7.92733E1 -7.04265E1 -7.24487E1 -7.68088E1 -8.06951E1 -8.22117E1 -8.30964E1 -8.27172E1 -9.00474E1 -8.99526E1 -9.1406E1 -8.92857E1 -1.03571E2 -1.03061E2 -1.03061E2 -9.21959E1 -9.02054E1 -8.90679E1 -9.1564E1 -9.29858E1 -8.8436E1 -8.12006E1 -8.36335E1 -8.37283E1 -8.49921E1 -8.42022E1 -9999 -9999 -6.76777E1 -6.72038E1 -7.53555E1 -7.62085E1 -7.58294E1 -8.2812E1 -8.38547E1 -7.99052E1 -7.39336E1 -8.49289E1 -8.45498E1 -7.98104E1 -7.95893E1 -7.34694E1
-9999 -9999 -9999 -9999 -9999 -9999 -9999 -9999 -9999 -9999 -9999 -9999 -9999 -9999 -9999 -9999 -9999 -9999 -9999 -9999 -8.31633E1 -7.49447E1 -8.41837E1 -9.33673E1 -8.61611E1 -8.0316E1 -7.82622E1 -8.45814E1 -7.59558E1 -8.76145E1 -8.79937E1 -8.18957E1 -8.71406E1 -8.45182E1 -8.66035E1 -8.82653E1 -8.82653E1 -8.87755E1 -1.03061E2 -8.92857E1 -9.49447E1 -1.03061E2 -1.02551E2 -9.59184E1 -9.19115E1 -9.35545E1 -9.08057E1 -8.54028E1 -8.77551E1 -8.26531E1 -7.93681E1 -8.04423E1 -8.06122E1 -7.5E1 -7.5E1 -7.39796E1 -6.66983E1 -7.08057E1 -7.90837E1 -7.90837E1 -8.34439E1 -8.66983E1 -7.53555E1 -8.27172E1 -8.14218E1 -8.2654E1 -8.25908E1 -7.39652E1
-9999 -9999 -9999 -9999 -9999 -9999 -9999 -9999 -9999 -9999 -9999 -9999 -9999 -9999 -9999 -9999 -9999 -9999 -9999 -6.76461E1 -7.8673E1 -7.00474E1 -7.37757E1 -8.46939E1 -8.52041E1 -9.09321E1 -8.33807E1 -8.70142E1 -8.05687E1 -9.52923E1 -8.4297E1 -8.89416E1 -1.00411E2 -8.77093E1 -9.57662E1 -9.64613E1 -8.96367E1 -8.30964E1 -9.32069E1 -9.02686E1 -1.02041E2 -9.64286E1 -9.109E1 -9.09953E1 -8.62243E1 -9.32701E1 -9.01422E1 -8.80569E1 -9.23469E1 -9.0237E1 -8.65403E1 -8.22433E1 -9999 -1.08163E2 -7.44898E1 -6.56872E1 -6.2654E1 -6.52133E1 -7.08373E1 -7.75355E1 -8.43602E1 -8.79305E1 -8.48341E1 -7.58926E1 -6.9898E1 -8.47709E1 -7.51659E1 -7.19388E1
-9999 -9999 -9999 -9999 -9999 -9999 -9999 -9999 -9999 -9999 -9999 -9999 -9999 -9999 -9999 -9999 -9999 -9999 -9999 -6.82464E1 -6.97314E1 -7.61137E1 -8.24329E1 -8.40442E1 -8.82149E1 -7.72512E1 -8.42022E1 -8.4297E1 -7.64297E1 -8.61295E1 -9.07425E1 -9.35861E1 -1.02551E2 -8.93207E1 -8.79937E1 -9.69352E1 -7.7188E1 -9.1564E1 -9.07109E1 -9.21959E1 -1.02551E2 -9.32385E1 -9.02054E1 -8.68878E1 -8.31596E1 -8.96682E1 -8.95419E1 -8.2496E1 -8.49921E1 -8.08847E1 -8.45498E1 -8.30332E1 -8.06122E1 -7.93997E1 -9999 -6.76145E1 -6.44866E1 -6.18957E1 -6.71722E1 -7.39336E1 -8.26856E1 -8.66035E1 -8.08847E1 -6.70142E1 -6.9898E1 -8.18009E1 -7.14286E1 -7.5703E1
-9999 -9999 -9999 -9999 -9999 -9999 -9999 -9999 -9999 -9999 -9999 -9999 -9999 -9999 -9999 -9999 -9999 -9999 -9999 -7.15008E1 -7.64929E1 -7.6019E1 -7.78515E1 -7.38705E1 -8.40126E1 -8.16114E1 -7.32069E1 -8.40126E1 -8.80253E1 -8.37915E1 -8.72449E1 -8.96051E1 -8.87755E1 -9.09321E1 -9.13744E1 -9.71564E1 -9.45656E1 -8.78041E1 -8.81833E1 -8.93207E1 -9.52291E1 -8.89731E1 -8.86256E1 -9.04897E1 -8.69194E1 -8.8594E1 -9.48183E1 -8.57143E1 -8.18957E1 -8.80885E1 -9.22591E1 -8.79305E1 -9.00474E1 -1.05102E2 -8.19589E1 -9999 -6.62559E1 -6.02528E1 -7.34597E1 -7.65877E1 -7.7188E1 -8.48341E1 -8.50237E1 -7.99052E1 -7.93997E1 -7.8831E1 -7.06793E1 -7.5703E1
-9999 -9999 -9999 -9999 -9999 -9999 -9999 -9999 -9999 -9999 -9999 -9999 -9999 -9999 -9999 -9999 -9999 -9999 -9999 -6.58163E1 -7.5703E1 -7.67141E1 -6.88784E1 -7.23223E1 -7.13112E1 -8.80569E1 -8.86256E1 -8.51501E1 -9.72196E1 -8.33175E1 -8.20221E1 -8.05371E1 -9.26066E1 -9.9684E1 -1.01517E2 -9.7346E1 -8.89416E1 -9.11848E1 -8.92259E1 -9.29542E1 -9.44708E1 -8.93523E1 -8.99526E1 -8.90679E1 -9.13265E1 -8.84044E1 -9.03061E1 -9.24487E1 -9.13265E1 -8.06003E1 -8.88152E1 -8.86256E1 -8.80253E1 -8.80569E1 -7.90816E1 -7.75671E1 -7.46603E1 -6.75197E1 -7.406E1 -8.00316E1 -8.30016E1 -8.64771E1 -8.38863E1 -8.18641E1 -7.78199E1 -7.65245E1 -7.04082E1 -7.98104E1
-9999 -9999 -9999 -9999 -9999 -9999 -9999 -9999 -9999 -9999 -9999 -9999 -9999 -9999 -9999 -9999 -9999 -9999 -9999 -9.43878E1 -9.64286E1 -8.21429E1 -8.11225E1 -7.109E1 -8.31633E1 -8.88152E1 -9.17851E1 -9.18799E1 -9.20379E1 -8.21169E1 -8.24329E1 -7.95577E1 -8.17062E1 -9.58294E1 -9.51027E1 -9.94945E1 -9.14692E1 -9.13112E1 -9.56082E1 -9.30174E1 -1.02551E2 -9.71248E1 -9.23469E1 -9.13265E1 -8.74882E1 -8.70142E1 -8.52041E1 -8.90363E1 -8.05055E1 -8.07583E1 -8.32543E1 -8.81517E1 -7.61453E1 -7.97788E1 -9999 -7.28278E1 -7.17851E1 -7.25434E1 -6.72986E1 -7.33965E1 -7.36177E1 -7.52607E1 -7.59874E1 -7.82938E1 -8.21169E1 -6.90679E1 -7.0237E1 -7.46288E1
-9999 -9999 -9999 -9999 -9999 -9999 -9999 -9999 -9999 -9999 -9999 -9999 -9999 -9999 -9999 -9999 -9999 -9999 -9999 -6.91943E1 -9.59184E1 -8.21429E1 -9.69388E1 -9.7449E1 -9.79592E1 -9.84694E1 -9.9842E1 -9.98104E1 -9.83886E1 -9.14692E1 -8.297E1 -8.23381E1 -8.54028E1 -8.08847E1 -9.42812E1 -1.01201E2 -9.73144E1 -9.57662E1 -9.44708E1 -9.16272E1 -9.76935E1 -1.03061E2 -9.2733E1 -9.00158E1 -8.65403E1 -8.74882E1 -8.37283E1 -7.54186E1 -7.35545E1 -8.24645E1 -8.26224E1 -8.5624E1 -8.15798E1 -9999 -6.90363E1 -6.10111E1 -6.06319E1 -6.05687E1 -7.30806E1 -6.88784E1 -7.44898E1 -7.50079E1 -7.31122E1 -7.33649E1 -7.69668E1 -7.5545E1 -7.36493E1 -7.09953E1
-9999 -9999 -9999 -9999 -9999 -9999 -9999 -9999 -9999 -9999 -9999 -9999 -9999 -9999 -9999 -9999 -9999 -9999 -9999 -6.45498E1 -9.59184E1 -9.69388E1 -9.7449E1 -9.79592E1 -9.84694E1 -9.89796E1 -9.94898E1 -9.71248E1 -9.82306E1 -9.57978E1 -8.88152E1 -8.92575E1 -8.86888E1 -9.37757E1 -9.36177E1 -9.32701E1 -9.81991E1 -9.60821E1 -9.7504E1 -9.2733E1 -9.11216E1 -9.15956E1 -8.81517E1 -8.69826E1 -9.18367E1 -8.80569E1 -8.15482E1 -7.57662E1 -7.85714E1 -7.70408E1 -8.26856E1 -8.07267E1 -8.12006E1 -9999 -7.80612E1 -4.95735E1 -4.96682E1 -5.20063E1 -6.26224E1 -6.92259E1 -6.46761E1 -7.32701E1 -7.31122E1 -7.13428E1 -7.18799E1 -7.703E1 -7.54502E1 -7.13112E1
-9999 -9999 -9999 -9999 -9999 -9999 -9999 -9999 -9999 -9999 -9999 -9999 -9999 -9999 -9999 -9999 -9999 -9999 -9999 -6.93878E1 -9.64286E1 -8.3128E1 -8.90995E1 -9.79592E1 -9.89796E1 -9.51975E1 -9.94898E1 -9.81359E1 -9.70616E1 -9.64613E1 -8.36735E1 -7.34913E1 -7.80612E1 -9.64613E1 -9.57346E1 -9.18483E1 -1.006E2 -9.74408E1 -9.00474E1 -9.26382E1 -9.25118E1 -9.15008E1 -9.1248E1 -9.18367E1 -9.09953E1 -8.73618E1 -7.89258E1 -8.06122E1 -7.1406E1 -8.24645E1 -8.30648E1 -8.26224E1 -8.47709E1 -7.24487E1 -7.80612E1 -5.75355E1 -5.81359E1 -5.14692E1 -6.07899E1 -6.83412E1 -7.43444E1 -7.2449E1 -7.14286E1 -7.2733E1 -7.70616E1 -7.8515E1 -7.91785E1 -7.04082E1
-9999 -9999 -9999 -9999 -9999 -9999 -9999 -9999 -9999 -9999 -9999 -9999 -9999 -9999 -9999 -9999 -9999 -9999 -9.59184E1 -8.21429E1 -9999 -9999 -9.79592E1 -9999 -9.05845E1 -9.47235E1 -9.5861E1 -9.5703E1 -9.90521E1 -9.72828E1 -8.31633E1 -8.31633E1 -7.03002E1 -8.20537E1 -9.53239E1 -9.39336E1 -9.10584E1 -9.41864E1 -9.66193E1 -9.38705E1 -9.45972E1 -9.32069E1 -8.91627E1 -9.2575E1 -9.31122E1 -9999 -9.4898E1 -7.51343E1 -8.59716E1 -8.53397E1 -7.8673E1 -7.56714E1 -7.52923E1 -7.7551E1 -7.7551E1 -9999 -5.33017E1 -5.07109E1 -6.12638E1 -7.11848E1 -7.27646E1 -7.5387E1 -7.56398E1 -7.81991E1 -7.63349E1 -8.01896E1 -8.28752E1 -7.13744E1
-9999 -9999 -9999 -9999 -9999 -9999 -9999 -9999 -9999 -9999 -9999 -9999 -9999 -9999 -7.4376E1 -9999 -9999 -9999 -9999 -9999 -9999 -9999 -9999 -9.69668E1 -9.33649E1 -8.98578E1 -9.37441E1 -1.03507E2 -1.00379E2 -1.00379E2 -8.26531E1 -7.51027E1 -8.08215E1 -9.69388E1 -9.94898E1 -8.95735E1 -9.5861E1 -8.76777E1 -9.13744E1 -9.55766E1 -9.22591E1 -9.64613E1 -9.7188E1 -9.09321E1 -9.6019E1 -9.07109E1 -7.95577E1 -7.09184E1 -7.9684E1 -8.4297E1 -8.1643E1 -7.85714E1 -7.59874E1 -9999 -7.70408E1 -6.1169E1 -5.5703E1 -6.02528E1 -6.12322E1 -6.69194E1 -6.84992E1 -7.04581E1 -7.27646E1 -7.07109E1 -7.93365E1 -8.07267E1 -7.25434E1 -7.65306E1
-9999 -9999 -9999 -9999 -9999 -9999 -9999 -9999 -9999 -9999 -9999 -9999 -9999 -9999 -9999 -9999 -9999 -9999 -9999 -9999 -9999 -9999 -9.59874E1 -9.62401E1 -8.8752E1 -9.2733E1 -9.78199E1 -1.00221E2 -9.64286E1 -9.11848E1 -9.47867E1 -9.03318E1 -8.36019E1 -8.36335E1 -9.45656E1 -9.72196E1 -9.67141E1 -9.37125E1 -8.84676E1 -9.6019E1 -9.84202E1 -9.47867E1 -9.80727E1 -9999 -8.90679E1 -9.58294E1 -9999 -8.16327E1 -9999 -9999 -7.90816E1 -7.80612E1 -7.80612E1 -7.7551E1 -7.70408E1 -6.90679E1 -6.67299E1 -6.40442E1 -5.57662E1 -7.09953E1 -8.12322E1 -7.38073E1 -7.00158E1 -7.14286E1 -7.03318E1 -7.21327E1 -6.8752E1 -7.60204E1
-9999 -9999 -9999 -9999 -9999 -9999 -9999 -9999 -9999 -9999 -9999 -9999 -9999 -9999 -9999 -9999 -9999 -9999 -9999 -9999 -9999 -9999 -8.66667E1 -8.20853E1 -7.5387E1 -7.93049E1 -8.98262E1 -9.81991E1 -9.16588E1 -9.19115E1 -8.22749E1 -9.09953E1 -8.98894E1 -9.54082E1 -9.51975E1 -9.87994E1 -9.80095E1 -9.59184E1 -9.59184E1 -9.84694E1 -9.94898E1 -9.98104E1 -9.91785E1 -9.81675E1 -9.90205E1 -8.52041E1 -8.77093E1 -8.91311E1 -9.84694E1 -8.41837E1 -9999 -9999 -5.74724E1 -5.45918E1 -7.65306E1 -7.55102E1 -8.21429E1 -6.93878E1 -7.34694E1 -7.61137E1 -7.93997E1 -7.88626E1 -7.90205E1 -7.52291E1 -7.29858E1 -7.46288E1 -8.52041E1 -6.68878E1
-9999 -9999 -9999 -9999 -9999 -9999 -9999 -9999 -9999 -9999 -9999 -9999 -9999 -9999 -9999 -9999 -9999 -9999 -9999 -9999 -9999 -9999 -8.18957E1 -8.26224E1 -7.75671E1 -8.29068E1 -9.8831E1 -1.00853E2 -9.86098E1 -9.67457E1 -8.93523E1 -8.78989E1 -9.06161E1 -9.03318E1 -9.66825E1 -9.92417E1 -9.18799E1 -9.23855E1 -9.0079E1 -9.80411E1 -1.0079E2 -9.76935E1 -9.8673E1 -9.67141E1 -9.84202E1 -9.89796E1 -9.37125E1 -9.69388E1 -8.96367E1 -8.58768E1 -8.16114E1 -7.99052E1 -6.9898E1 -7.29592E1 -7.2449E1 -7.5E1 -8.21429E1 -6.88775E1 -7.34694E1 -7.2449E1 -7.2449E1 -6.68562E1 -7.38073E1 -7.4376E1 -5.81043E1 -6.72354E1 -7.76303E1 -6.86256E1
-9999 -9999 -9999 -9999 -9999 -9999 -9999 -9999 -9999 -9999 -9999 -9999 -6.95103E1 -7.16588E1 -8.12638E1 -8.92575E1 -9999 -9999 -9999 -9999 -9999 -9999 -9.34597E1 -7.53555E1 -6.95419E1 -7.4534E1 -8.66983E1 -9.99684E1 -1.02148E2 -9.43878E1 -8.8436E1 -8.83412E1 -9.13428E1 -8.86572E1 -9.20379E1 -9.90837E1 -8.66351E1 -8.77093E1 -9.04897E1 -1.02433E2 -9.39021E1 -9.24171E1 -9.08057E1 -9.26698E1 -9999 -9.31122E1 -9.24171E1 -9.05213E1 -8.7425E1 -8.92891E1 -9.0237E1 -9.28571E1 -9999 -9999 -7.2449E1 -7.2449E1 -4.69194E1 -4.4613E1 -7.29592E1 -7.2449E1 -6.40758E1 -7.09184E1 -6.64139E1 -6.22749E1 -5.51659E1 -6.27488E1 -6.20853E1 -6.11058E1
-9999 -9999 -9999 -9999 -9999 -9999 -9999 -9999 -9999 -9999 -9999 -7.21959E1 -6.41706E1 -6.5782E1 -7.39021E1 -8.24329E1 -8.65403E1 -9999 -9999 -9999 -9999 -9999 -9.21959E1 -7.04581E1 -7.05845E1 -6.96682E1 -9999 -1.02433E2 -1.06066E2 -9.78831E1 -9.66193E1 -9.69984E1 -9.73144E1 -9.30174E1 -9999 -9.75355E1 -9.28594E1 -9999 -9.50711E1 -9999 -9999 -9.30174E1 -8.65087E1 -8.61611E1 -9999 -8.97946E1 -9.11216E1 -9.43444E1 -9.00158E1 -8.51501E1 -8.93207E1 -9.18367E1 -8.76461E1 -9999 -7.44898E1 -7.44898E1 -7.39796E1 -7.29592E1 -7.80411E1 -7.41548E1 -7.14286E1 -6.78571E1 -6.9898E1 -6.93878E1 -6.88775E1 -6.01896E1 -6.24013E1 -5.57662E1
