ENM/Final_Models/M_0.9_F_q_Set_1_E/Gustavia_santanderiensis_3_Choco_novel.asc
ncols         367
nrows         963
xllcorner     -78.6
yllcorner     0.65
cellsize      0.00833333333333323
NODATA_value  -9999
[rows 510 to 539 of 963, columns 204 to 271 of 367]
-7.29592E1 -7.19388E1 -8.92857E1 -7.14286E1 -7.04082E1 -8.92857E1 -5.54502E1 -8.31633E1 -8.87755E1 -8.26531E1 -8.77551E1 -8.77551E1 -4.58452E1 -4.08215E1 -5.76531E1 -5.66327E1 -5.61224E1 -5.40816E1 -5.35714E1 -5.35714E1 -5.34281E1 -5.17536E1 -4.89796E1 -3.76303E1 -3.97472E1 -4.08163E1 -7.65306E1 -5.30612E1 -3.63981E1 -3.5387E1 -3.54502E1 -3.7346E1 -6.42857E1 -5.61224E1 -6.02041E1 -6.88775E1 -5.91837E1 -1.44392E1 -7.65306E0 -2.36967E0 -3.31633E1 -4.13265E1 -4.18367E1 -2.04082E1 -6.63265E0 3.01427E0 2.69488E0 1.7367E0 1.03404E1 1.19573E1 2.21379E1 2.50724E1 1.56503E1 1.32947E1 2.70087E1 3.15401E1 2.71484E1 6.7871E0 1.8944E1 4.75097E0 7.98483E-1 1.09791E0 1.03803E0 7.38597E0 1.19573E1 9.16259E0 9.16259E0 1.054E1
-1.12245E2 -7.80612E1 -7.80612E1 -6.9898E1 -6.88775E1 -6.88775E1 -6.73469E1 -6.68367E1 -8.77551E1 -9.43878E1 -9.33673E1 -9.38775E1 -9.33673E1 -4.85308E1 -4.34123E1 -4.39179E1 -4.30332E1 -5.56122E1 -5.5102E1 -5.45918E1 -5.15306E1 -7.55102E1 -4.94898E1 -4.89796E1 -4.69388E1 -4.7425E1 -4.7425E1 -4.33673E1 -5.20408E1 -5E1 -3.52041E1 -3.71564E1 -6.88775E1 -5.86735E1 -6.53061E1 -7.2449E1 -6.07143E1 -8.12006E0 -9.69388E0 -2.04082E1 -4.33673E1 -6.47959E1 -4.33673E1 -9.18367E0 7.18635E-1 1.7367E0 1.3694E1 1.95229E1 1.95229E1 1.95229E1 1.85048E1 6.10839E0 2.82264E1 2.09003E1 7.42589E0 4.11219E0 3.01427E0 3.67302E0 1.3694E1 7.78521E0 7.58559E-1 6.7871E-1 8.38407E-1 1.04801E1 1.054E1 8.08464E0 1.054E1 1.41132E1
-1.11735E2 -1.11735E2 -8.87755E1 -1.08673E2 -6.83673E1 -6.68367E1 -7.60204E1 -7.65306E1 -8.21429E1 -8.11225E1 -8.06122E1 -8.11225E1 -9.33673E1 -5.86735E1 -4.66351E1 -5.47235E1 -4.03475E1 -5.61224E1 -5.61224E1 -4.03791E1 -5.30612E1 -7.55102E1 -7.70408E1 -4.94898E1 -4.22433E1 -6.12245E1 -7.5E1 -7.44898E1 -5.15306E1 -4.89796E1 -3.26531E1 -3.11224E1 -3.67141E1 -5.61224E1 -5.05102E1 -6.32653E1 -4.59184E1 -1.68367E1 -2.55102E0 -1.68367E1 -4.08163E1 -7.95918E1 -1.37755E1 2.39545E-1 6.58748E-1 1.03803E0 4.11219E0 4.11219E0 1.48518E1 1.3694E1 1.19573E1 2.50724E1 1.29554E1 1.50514E1 5.98862E-2 5.98862E-2 -5.10204E-1 3.6331E0 4.99052E-1 3.79279E-1 3.79279E-1 1.41132E1 1.19573E1 8.74339E0 1.19573E1 6.82703E0 1.2656E1 1.95229E1
-1.11735E2 -7.70408E1 -7.65306E1 -7.70408E1 -9.23469E1 -9.18367E1 -8.72449E1 -7.60204E1 -8.57143E1 -8.11225E1 -8.0102E1 -8.62245E1 -8.67347E1 -6.07143E1 -7.95918E1 -7.85714E1 -5.56122E1 -7.60204E1 -7.70408E1 -5.45918E1 -4.60663E1 -7.5E1 -7.55102E1 -4.22433E1 -3.86098E1 -3.01422E1 -3.15324E1 -5.2551E1 -3.57978E1 -5.71429E1 -5.35714E1 -5.96939E1 -3.46939E1 -6.37755E1 -5.45918E1 -5.76531E1 -4.54082E1 -8.16327E0 -6.63265E0 -1.93878E1 -1.406E1 -1.7504E1 5.98862E-1 1.03803E0 2.41541E0 1.41731E0 3.35363E0 3.67302E0 6.7871E0 2.69488E0 5.40972E0 7.42589E0 7.42589E0 5.98862E-2 2.21579E0 4.7909E-1 2.39545E-1 4.99052E-1 1.99621E-1 5.40972E0 2.21379E1 1.41132E1 9.16259E0 1.054E1 1.05799E1 1.95229E1 2.01417E1 2.50724E1
-1.10714E2 -1.13776E2 -7.65306E1 -1.10204E2 -9.89796E1 -8.67347E1 -8.72449E1 -8.67347E1 -8.62245E1 -7.39796E1 -7.39796E1 -7.7551E1 -8.52041E1 -9.28571E1 -7.95918E1 -8.82653E1 -5.40816E1 -8.31633E1 -5.35714E1 -6.07143E1 -4.76461E1 -6.37755E1 -7.55102E1 -4.7449E1 -4.69388E1 -4.64286E1 -3.18483E1 -4.08163E1 -5.81633E1 -5.71429E1 -2.95918E1 -2.47393E1 -6.68367E1 -6.93878E1 -5.86735E1 -5.05102E1 -4.94898E1 -5.66327E1 -3.87755E1 -1.86414E0 6.7871E-1 8.98293E-1 1.51712E0 1.93632E0 3.01427E0 2.41541E0 2.69488E0 1.33746E0 2.03613E0 1.09791E0 4.99052E-1 6.7871E0 3.35363E0 1.39735E-1 1.93632E0 1.33746E0 1.21769E0 2.21579E0 4.4715E0 4.4715E0 1.41132E1 1.29554E1 1.054E1 1.19573E1 1.64487E1 1.27158E1 2.82264E1 3.02226E1
-9.94898E1 -7.65306E1 -7.70408E1 -9.28571E1 -9.18367E1 -9.84694E1 -9.79592E1 -8.57143E1 -8.06122E1 -8.0102E1 -8.46939E1 -7.95918E1 -7.29592E1 -8.36735E1 -5.81633E1 -7.19388E1 -5.30612E1 -8.21429E1 -8.26531E1 -7.55102E1 -8.21429E1 -6.27551E1 -4.89796E1 -6.22449E1 -7.44898E1 -7.39796E1 -6.02041E1 -4.08163E1 -5.76531E1 -5.66327E1 -3.0102E1 -2.5E1 -5.91837E1 -6.42857E1 -5.66327E1 -4.84694E1 -9.51027E0 -1.00474E1 -1.73776E0 1.59697E-1 3.01427E0 2.41541E0 3.01427E0 2.03613E0 4.4715E0 7.42589E0 5.40972E0 -5.10204E0 1.59697E-1 1.59697E-1 -5.10204E-1 -4.59184E0 2.39545E-1 7.58559E-1 2.21579E0 2.39545E-1 4.19204E-1 3.67302E0 1.19573E1 9.16259E0 9.16259E0 8.64358E0 9.16259E0 1.41132E1 1.93432E1 2.49726E1 3.58918E1 1.77662E1
-9.43878E1 -7.09184E1 -7.42812E1 -8.36735E1 -8.77551E1 -9.54082E1 -8.06122E1 -8.46939E1 -7.95918E1 -8.36735E1 -9.23469E1 -7.55102E1 -7.5E1 -7.80612E1 -9.08163E1 -5.94945E1 -5.45918E1 -7.44898E1 -8.06122E1 -8.11225E1 -5.46919E1 -4.90363E1 -6.17347E1 -4.23469E1 -7.29592E1 -7.29592E1 -5.91837E1 -5.81633E1 -3.74408E1 -5.35714E1 -2.7551E1 -2.41706E1 -6.93878E1 -7.39796E1 -7.29592E1 -4.13265E1 -1.30174E1 -1.53239E1 -7.61453E0 3.01427E0 6.7871E-1 5.58938E-1 4.99052E-1 2.39545E-1 2.39545E-1 1.33746E0 1.39735E-1 -1.53061E1 2.39545E-1 7.78521E-1 7.78521E-1 4.99052E-1 3.35363E0 3.01427E0 2.41541E0 1.48518E1 1.19573E1 7.58559E-1 1.64487E1 1.19573E1 1.19573E1 1.054E1 1.054E1 1.41132E1 2.50724E1 2.02815E1 2.88053E1 2.21379E1
-7.60204E1 -9.23469E1 -7.65306E1 -7.60204E1 -8.21429E1 -8.16327E1 -8.11225E1 -8.97959E1 -7.90816E1 -9.23469E1 -9.38775E1 -7.19388E1 -7.19388E1 -7.2449E1 -8.21429E1 -5.77567E1 -8.82653E1 -8.82653E1 -7.39796E1 -7.34694E1 -5.15306E1 -4.36967E1 -4.35071E1 -4.43878E1 -7.44898E1 -7.39796E1 -7.09184E1 -6.9898E1 -5.5102E1 -6.42857E1 -6.17347E1 -6.02041E1 -5.86735E1 -7.2449E1 -7.19388E1 -6.78571E1 -4.69388E1 -4.18367E1 -4.33673E1 -3.82653E1 -3.82653E1 -2.2449E1 -1.53061E0 -1.83673E1 -3.31633E1 -3.62245E1 -1.93878E1 5.98862E-2 3.99241E-2 2.39545E-1 1.39735E-1 6.7871E-1 2.19583E-1 4.99052E-1 6.58748E-1 1.64487E1 1.64487E1 1.03404E1 1.19573E1 1.41132E1 1.95229E1 1.64487E1 1.64487E1 1.20172E1 2.32758E1 2.29763E1 3.23585E1 3.58718E1
-7.29592E1 -8.77551E1 -8.31633E1 -7.5E1 -8.67347E1 -6.47959E1 -6.37755E1 -8.46939E1 -8.92857E1 -7.44898E1 -7.39796E1 -6.32653E1 -6.27551E1 -7.14286E1 -5.45918E1 -8.77551E1 -8.72449E1 -6.93878E1 -6.32653E1 -6.27551E1 -6.32653E1 -5.1248E1 -7.2449E1 -4.38776E1 -4.28571E1 -4.13265E1 -4.59084E1 -5.76531E1 -5.56122E1 -6.83673E1 -6.63265E1 -6.27551E1 -6.07143E1 -5.91837E1 -6.17347E1 -6.02041E1 -5.56122E1 -4.79592E1 -4.13265E1 5.98862E-2 -1.12245E1 5.98862E-2 1.99621E-1 -2.04082E0 -2.09184E1 -2.39796E1 -2.14286E1 2.79469E-1 7.78521E-1 1.3694E1 6.3679E0 1.93632E0 9.66164E0 1.34744E1 1.11588E1 1.95229E1 2.21379E1 2.13993E1 2.21379E1 2.21379E1 9.96107E0 8.38407E0 1.95229E1 2.50724E1 3.22188E1 2.72682E1 2.71285E1 5.0504E0
-7.5E1 -7.19388E1 -7.2449E1 -6.60348E1 -6.47959E1 -7.5E1 -7.5E1 -7.44898E1 -7.44898E1 -7.44898E1 -6.78571E1 -4.79621E1 -4.77093E1 -5.61224E1 -5.35714E1 -5.10204E1 -6.83673E1 -5.17536E1 -6.83673E1 -6.83673E1 -7.90816E1 -7.29592E1 -7.2449E1 -4.8278E1 -3.43128E1 -3.35861E1 -3.89258E1 -5.56122E1 -5.45918E1 -6.37755E1 -2.8752E1 -3.11848E1 -7.14286E1 -7.44898E1 -7.7551E1 -6.93878E1 -6.63265E1 -5.10204E1 -2.65306E1 1.03803E0 4.4715E0 5.789E0 7.42589E0 5.789E0 1.21769E0 9.98104E-2 -1.73469E1 -1.63265E1 9.78142E-1 4.11219E0 3.67302E0 1.11588E1 8.08464E0 2.50724E1 2.50724E1 3.15401E1 1.69877E1 2.82264E1 2.82264E1 1.94231E1 3.15401E1 2.82264E1 1.60894E1 3.1041E1 2.26769E1 3.06817E1 2.33556E0 2.86855E1
-8.82653E1 -7.39796E1 -7.5E1 -7.14286E1 -7.5E1 -6.47959E1 -6.37755E1 -6.37755E1 -7.44898E1 -7.39796E1 -7.34694E1 -5.24803E1 -5.3207E1 -5.66327E1 -8.92857E1 -5.15306E1 -6.83673E1 -6.02041E1 -6.78571E1 -6.78571E1 -7.80612E1 -6.37755E1 -6.32653E1 -7.09184E1 -6.9898E1 -6.93878E1 -3.67457E1 -3.46939E1 -3.16327E1 -6.53061E1 -6.58163E1 -7.14286E1 -6.9898E1 -8.31633E1 -6.78571E1 -6.32653E1 -5.81633E1 -4.94898E1 -7.26698E-1 4.4715E0 6.7871E0 8.08464E0 8.08464E0 2.21579E0 1.93632E0 9.98104E-2 -2.34694E1 -1.17347E1 -9.69388E0 7.78521E-1 8.38407E-1 1.60894E1 7.42589E0 2.87454E1 2.87454E1 2.82264E1 2.82264E1 2.40942E1 1.28556E1 6.82703E0 2.21379E1 2.21379E1 2.21379E1 3.15401E1 2.13794E1 2.79868E1 6.2082E0 1.11588E1
-7.80612E1 -6.50869E1 -6.37755E1 -6.47959E1 -6.20221E1 -6.27551E1 -6.17347E1 -5.14692E1 -6.26856E1 -7.29592E1 -7.2449E1 -6.42654E1 -6.27551E1 -5.3049E1 -8.16327E1 -8.06122E1 -8.0102E1 -6.93878E1 -6.78571E1 -6.73469E1 -6.73469E1 -6.78571E1 -6.22449E1 -4.13265E1 -6.88775E1 -6.78571E1 -5.66327E1 -3.90521E1 -3.72449E1 -5.71429E1 -2.9763E1 -2.71406E1 -1.59874E1 -7.2449E1 -7.04082E1 -6.12245E1 -5.96939E1 -4.89796E1 -5.30612E1 7.98483E-2 9.98104E-2 6.7871E0 1.7367E0 2.41541E0 2.21579E0 9.98104E-2 -1.22449E1 -3.06122E0 3.99241E-2 2.39545E-1 1.33746E0 1.03803E0 3.71295E0 6.02855E0 2.02815E1 1.48518E1 2.0002E1 9.78141E0 8.46392E0 1.95229E1 1.41132E1 1.27158E1 2.21379E1 2.35153E1 1.88043E1 1.97824E1 8.28426E0 2.87853E1
-7.34694E1 -8.16327E1 -8.72449E1 -6.68246E1 -6.06635E1 -6.37755E1 -7.5E1 -5.62717E1 -6.25276E1 -7.29592E1 -7.34694E1 -7.2449E1 -7.19388E1 -6.29384E1 -7.09184E1 -7.09184E1 -6.17347E1 -6.02041E1 -5.96939E1 -5.91837E1 -5.81633E1 -6.68367E1 -6.68367E1 -6.58163E1 -5E1 -6.02041E1 -4.59184E1 -2.30016E1 -4.89796E1 -5.15306E1 -3.00158E1 -3.1406E1 -1.98736E1 -2.5E1 -2.42022E1 -2.17062E1 -5.30612E1 -4.79592E1 -3.21429E1 -3.97959E1 -2.09184E1 7.98483E-2 1.03803E0 1.7367E0 2.1559E0 1.33746E0 7.98483E-2 7.98483E-2 -7.65306E0 9.98104E-2 3.19393E-1 1.39735E-1 2.03613E0 1.41731E0 3.35363E0 3.35363E0 5.40972E0 5.40972E0 1.03803E0 1.13385E1 8.34415E0 1.41132E1 1.55305E1 2.82264E1 3.15401E1 1.81256E1 1.48518E1 1.79459E1
-7.29592E1 -7.34694E1 -9.18367E1 -8.57143E1 -6.37755E1 -6.13586E1 -5.84202E1 -5.96939E1 -5.56714E1 -6.01264E1 -7.5E1 -7.2449E1 -5.25434E1 -6.22449E1 -7.5E1 -6.9898E1 -6.12245E1 -6.07143E1 -5.96939E1 -5.86735E1 -5.81633E1 -5.71429E1 -5.66327E1 -5.71429E1 -6.53061E1 -5.56122E1 -4.54082E1 -3.36735E1 -1.36493E1 -4.94898E1 -5.61224E1 -4.79592E1 -2.07267E1 -5E1 -3.97959E1 -5.76531E1 -5.5102E1 -4.54082E1 -3.77551E1 -5.81633E1 -3.62245E1 -1.68367E1 -1.32653E1 1.59697E-1 3.19393E-1 2.39545E-1 5.98862E-2 1.39735E-1 2.39545E-1 4.99052E-1 2.21579E0 5.19014E-1 4.4715E0 1.19573E1 1.054E1 5.40972E0 1.19573E1 1.054E1 2.03613E0 9.16259E0 1.054E1 1.41132E1 1.58898E1 1.86246E1 1.40733E1 1.69877E1 2.50724E1 2.82264E1
-7.14286E1 -9.08163E1 -8.06122E1 -6.90363E1 -7.2449E1 -7.2449E1 -6.17347E1 -6.07143E1 -5.86735E1 -5.88942E1 -7.19388E1 -8.21429E1 -8.11225E1 -7.39796E1 -7.34694E1 -6.9898E1 -6.02041E1 -5.96939E1 -5.91837E1 -4.15482E1 -4.34439E1 -5.66327E1 -5.56122E1 -5.71429E1 -5.61224E1 -5.45918E1 -2.50237E1 -3.21429E1 -2.34694E1 -4.13265E1 -5.2551E1 -4.28571E1 -1.20379E1 -1.63665E1 -4.23469E1 -4.54082E1 -4.79592E1 -4.59184E1 -4.4898E1 -5.81633E1 -3.57143E1 -6.63265E0 -4.59184E0 9.98104E-2 5.40972E0 2.19583E-1 7.18635E-1 2.41541E0 6.7871E0 1.41731E0 2.69488E0 4.11219E0 2.69488E0 3.35363E0 8.44396E0 1.054E1 8.88312E0 1.054E1 8.04471E0 5.40972E0 9.16259E0 1.41132E1 2.0002E1 2.09003E1 2.44735E1 2.21379E1 1.76065E1 1.54307E1
-7.19388E1 -6.53061E1 -8.06122E1 -6.88775E1 -6.93878E1 -6.88775E1 -6.78571E1 -5.96939E1 -4.7109E1 -6.9898E1 -7.14286E1 -7.14286E1 -8.06122E1 -7.85714E1 -6.9898E1 -5.54186E1 -4.61611E1 -5.91837E1 -5.91837E1 -5.76531E1 -5.56122E1 -5.71429E1 -6.27551E1 -6.63265E1 -4.24013E1 -5.5102E1 -5.30612E1 -5E1 -4.7449E1 -4.28571E1 -4.64286E1 -5.45918E1 -4.64286E1 -4.4898E1 -5.56122E1 -5.5102E1 -5.15306E1 -6.42857E1 -5.15306E1 -4.33673E1 -3.31633E1 -3.31633E1 3.35363E0 1.95229E1 1.41132E1 1.41132E1 1.41132E1 1.41132E1 7.26619E0 7.6854E0 2.41541E0 2.69488E0 3.01427E0 4.11219E0 4.93063E0 8.04471E0 9.16259E0 5.07037E0 8.04471E0 7.22627E0 1.054E1 1.64487E1 2.50724E1 2.09003E1 2.3136E1 2.50724E1 1.88043E1 2.21379E1
-7.14286E1 -8.92857E1 -7.14286E1 -6.93878E1 -5.89889E1 -6.83673E1 -6.32653E1 -5.96939E1 -5.13112E1 -6.9898E1 -6.88775E1 -6.88775E1 -6.88775E1 -6.78571E1 -5.95893E1 -5.73144E1 -5.02054E1 -4.54344E1 -6.58163E1 -6.58163E1 -6.42857E1 -6.22449E1 -6.53061E1 -7.09184E1 -5.2551E1 -5.35714E1 -5.40816E1 -5.20408E1 -5.05102E1 -4.69388E1 -2.59716E1 -4.59184E1 -4.23469E1 -5.2551E1 -4.43878E1 -4.79592E1 -5.5102E1 -4.69388E1 -4.03061E1 -3.77551E1 -3.57143E0 -1.88776E1 5.98862E-1 1.95229E1 1.19573E1 9.16259E0 4.85078E0 4.99052E-1 9.78142E-1 3.35363E0 7.22627E0 7.22627E0 7.22627E0 3.01427E0 3.01427E0 3.35363E0 5.40972E0 3.67302E0 7.22627E0 8.04471E0 1.054E1 1.30752E1 2.09003E1 1.79459E1 2.0002E1 2.21379E1 1.43128E1 1.95229E1
-7.04082E1 -7.09184E1 -7.09184E1 -6.88775E1 -5.82938E1 -6.12245E1 -6.07143E1 -5.96939E1 -6.43602E1 -5.98736E1 -6.51817E1 -6.83673E1 -6.80253E1 -6.68367E1 -6.78571E1 -6.78571E1 -6.07143E1 -5.86735E1 -3.83254E1 -6.02041E1 -5.91837E1 -6.37755E1 -6.07143E1 -5.40816E1 -5.76531E1 -5.81633E1 -5.5102E1 -5.66327E1 -5.30612E1 -4.23469E1 -3.16588E1 -4.43878E1 -4.4898E1 -4.69388E1 -4.79592E1 -4.69388E1 -4.13265E1 -3.72449E1 -3.31633E1 -2.44898E1 5.98862E-1 7.58559E-1 4.99052E-1 1.64487E1 1.41132E1 8.04471E0 3.43348E0 6.3679E0 1.054E1 4.93063E0 2.21579E0 4.4715E0 5.82893E0 6.5276E0 4.11219E0 2.41541E0 5.82893E0 5.82893E0 6.5276E0 8.04471E0 1.41132E1 2.21379E1 1.95229E1 1.95229E1 1.95229E1 2.06607E1 2.14193E1 1.95229E1
-7.27646E1 -7.2733E1 -6.88775E1 -6.88152E1 -6.64139E1 -6.22449E1 -7.7551E1 -7.65306E1 -7.60204E1 -8.06122E1 -6.78571E1 -5.77567E1 -6.17347E1 -6.07143E1 -6.63265E1 -6.68367E1 -6.63265E1 -5.91837E1 -5.81633E1 -5.5102E1 -5.40816E1 -5.81633E1 -3.51659E1 -5.2551E1 -5.86735E1 -5.71429E1 -5.40816E1 -5.86735E1 -4.94898E1 -5E1 -4.94898E1 -3.92857E1 -4.03061E1 -4.84694E1 -4.03061E1 -4.23469E1 -5.40816E1 -4.69388E1 -4.89796E1 -3.82653E1 -2.29592E1 -3.21429E1 -8.67347E0 1.49716E0 7.18635E-1 6.3679E0 7.22627E0 7.22627E0 9.16259E0 7.22627E0 8.04471E0 1.054E1 7.22627E0 5.13025E0 5.13025E0 5.13025E0 5.82893E0 5.82893E0 8.04471E0 1.054E1 1.64487E1 2.21379E1 1.95229E1 1.51712E1 1.09592E1 1.95229E1 2.21379E1 1.95229E1
-6.93878E1 -7.12164E1 -6.95103E1 -6.78571E1 -6.891E1 -6.93878E1 -9.33673E1 -9.23469E1 -7.55102E1 -6.78571E1 -6.37755E1 -6.32653E1 -6.22449E1 -6.12245E1 -6.12245E1 -6.53061E1 -4.59184E1 -5.86735E1 -5.81633E1 -5.71429E1 -5.61224E1 -6.22449E1 -5.40816E1 -3.20695E1 -1.85782E1 -2.13902E1 -2.33175E1 -5.61224E1 -5.2551E1 -4.03061E1 -5E1 -4.03061E1 -4.03061E1 -4.54082E1 -4.13265E1 -4.28571E1 -4.08163E1 -4.79592E1 -3.77551E1 -1.47959E1 1.69877E1 1.8944E1 1.49716E0 1.93632E0 1.93632E0 3.67302E0 7.22627E0 6.5276E0 7.22627E0 6.5276E0 6.5276E0 8.04471E0 7.22627E0 6.5276E0 5.13025E0 5.13025E0 6.5276E0 6.5276E0 8.04471E0 1.054E1 1.95229E1 1.95229E1 1.95229E1 1.91436E1 1.64487E1 1.41331E1 1.64487E1 1.64487E1
-6.42857E1 -6.32653E1 -6.27551E1 -6.24961E1 -6.07143E1 -6.68367E1 -6.07143E1 -5.91837E1 -5.81633E1 -5.71429E1 -6.37755E1 -6.32653E1 -4.68562E1 -3.66193E1 -6.02041E1 -5.56398E1 -6.63265E1 -5.86735E1 -5.81633E1 -5.66327E1 -5.61224E1 -3.16327E1 -3.62245E1 -4.94898E1 -3.46939E1 -3.36735E1 -3.31633E1 -4.4898E1 -4.33673E1 -5E1 -4.28571E1 -4.28571E1 -3.41837E1 -4.59184E1 -3.82653E1 -3.72449E1 -4.03061E1 -3.97959E1 -3.77551E1 -2.34694E1 -5.10204E0 7.98483E-2 3.67302E0 6.3679E0 8.98293E-1 7.42589E0 7.22627E0 5.82893E0 6.5276E0 6.5276E0 6.5276E0 7.22627E0 6.5276E0 5.82893E0 5.82893E0 5.13025E0 5.82893E0 5.82893E0 7.22627E0 1.19573E1 1.64487E1 1.64487E1 2.21379E1 2.21379E1 1.95229E1 6.7871E0 1.95229E1 -9999
-6.88775E1 -6.88775E1 -6.83673E1 -6.12245E1 -6.11374E1 -6.63265E1 -6.83673E1 -5.81633E1 -4.71722E1 -6.73469E1 -4.49921E1 -4.60979E1 -3.81043E1 -3.67347E1 -3.77551E1 -4.70142E1 -5.86735E1 -3.90205E1 -4.24961E1 -3.6019E1 -2.96682E1 -3.62245E1 -2.61611E1 -5.05102E1 -3.41837E1 -3.26531E1 -4.08163E1 -4.43878E1 -4.69388E1 -4.38776E1 -4.18367E1 -4.13265E1 -3.87755E1 -3.97959E1 -3.31633E1 -3.77551E1 -4.38776E1 -1.73469E1 -1.58163E1 7.58559E-1 7.18635E-1 5.40972E0 1.21769E0 1.49716E0 1.577E0 7.78521E-1 2.21579E0 2.69488E0 5.13025E0 4.43158E0 5.82893E0 6.5276E0 5.82893E0 5.13025E0 5.13025E0 4.73101E0 5.82893E0 6.5276E0 9.16259E0 1.41132E1 1.37339E1 2.0002E1 1.95229E1 2.20781E1 1.75467E1 1.64487E1 -9999 -9999
-7.21643E1 -6.83673E1 -6.73469E1 -6.68367E1 -7.07425E1 -6.73469E1 -6.78571E1 -5.76531E1 -4.60663E1 -4.45814E1 -4.50553E1 -3.80727E1 -3.81675E1 -3.9684E1 -4.05055E1 -3.59558E1 -4.11374E1 -3.69352E1 -4.02844E1 -3.2891E1 -2.38863E1 -1.57978E1 -1.53239E1 -4.94898E1 -3.36735E1 -4.59184E1 -4.4898E1 -5E1 -3.97959E1 -2.85714E1 -3.92857E1 -2.14286E1 -2.70408E1 -3.77551E1 -4.64286E1 -3.21429E1 -3.82653E1 -2.39796E1 1.03803E0 2.69488E0 6.58748E-1 8.88312E0 4.11219E0 5.789E0 8.04471E0 7.22627E0 8.04471E0 6.5276E0 5.13025E0 3.73291E0 5.13025E0 5.82893E0 5.13025E0 5.13025E0 4.35173E0 5.82893E0 6.5276E0 8.04471E0 1.19573E1 1.41132E1 1.60894E1 2.09003E1 2.00419E1 2.31161E1 2.21379E1 -9999 -9999 -9999
-6.83673E1 -6.78571E1 -6.78571E1 -6.77093E1 -6.63265E1 -6.73469E1 -6.68367E1 -6.68367E1 -4.23469E1 -4.23469E1 -5.45918E1 -4.03061E1 -2.9763E1 -2.99526E1 -3.97156E1 -3.46603E1 -3.66825E1 -3.35545E1 -3.90205E1 -5.66327E1 -2.62875E1 -3.0102E1 -3.36735E1 -4.64286E1 -4.4898E1 -4.13265E1 -4.38776E1 -5.2551E1 -5E1 -4.08163E1 -4.79592E1 -2.44898E1 -2.5E1 -3.36735E1 -5.30612E1 -3.97959E1 -4.79592E1 -4.54082E1 -8.67347E0 7.98483E-2 9.98104E-2 3.35363E0 8.88312E0 1.51712E0 8.04471E0 6.5276E0 8.04471E0 7.66544E0 5.82893E0 4.43158E0 5.13025E0 5.13025E0 5.13025E0 4.43158E0 4.43158E0 5.82893E0 7.22627E0 1.054E1 1.41132E1 1.95229E1 2.21379E1 1.5251E1 2.09402E1 2.70486E1 -9999 -9999 -9999 -9999
-6.84992E1 -6.94787E1 -6.68367E1 -6.80885E1 -6.63265E1 -8.41837E1 -6.58163E1 -6.58163E1 -7.19388E1 -5.40816E1 -6.47959E1 -4.28571E1 -4.84694E1 -6.42857E1 -3.67347E1 -3.44076E1 -3.63665E1 -3.20063E1 -3.80095E1 -3.77551E1 -3.41837E1 -2.95419E1 -5E1 -5.45918E1 -6.12245E1 -3.97959E1 -5.91837E1 -6.88775E1 -4.89796E1 -4.79592E1 -4.59184E1 -3.72449E1 -3.36735E1 -3.36735E1 -5.20408E1 -5.15306E1 -3.92857E1 -4.28571E1 -9.69388E0 7.98483E-2 2.21579E0 6.7871E0 4.11219E0 8.88312E0 8.04471E0 7.22627E0 6.5276E0 6.5276E0 5.13025E0 5.82893E0 6.5276E0 6.5276E0 5.82893E0 5.13025E0 5.82893E0 7.22627E0 8.04471E0 9.16259E0 3.35363E0 1.41132E1 1.09193E1 1.38337E1 3.0502E1 -9999 -9999 -9999 -9999 -9999
-7.14286E1 -7.09184E1 -7.44898E1 -6.58163E1 -6.53061E1 -6.53061E1 -7.2449E1 -6.47959E1 -7.09184E1 -6.58163E1 -6.53061E1 -6.12245E1 -5.96939E1 -4.13265E1 -3.62245E1 -3.91153E1 -3.35545E1 -4.51817E1 -3.66825E1 -3.36809E1 -2.22117E1 -4.94898E1 -4.84694E1 -5E1 -4.08163E1 -4.08163E1 -4.7449E1 -4.84694E1 -5.61224E1 -5.40816E1 -4.43878E1 -5.30612E1 -4.33673E1 -2.65306E1 -1.73469E1 -4.08163E0 9.98104E-2 5.58938E-1 1.39735E-1 4.99052E-1 1.21769E0 1.49716E0 1.49716E0 9.16259E0 7.22627E0 6.5276E0 5.82893E0 6.5276E0 6.5276E0 6.5276E0 7.22627E0 6.5276E0 5.82893E0 5.13025E0 5.82893E0 5.82893E0 6.5276E0 6.3679E0 4.93063E0 1.41132E1 1.98223E1 -9999 -9999 -9999 -9999 -9999 -9999 -9999
-6.58163E1 -6.53061E1 -6.53061E1 -7.5E1 -6.92259E1 -6.47959E1 -8.0102E1 -7.14286E1 -7.04082E1 -6.9898E1 -6.22449E1 -3.87755E1 -6.27551E1 -5.86735E1 -5.81633E1 -6.07143E1 -2.98578E1 -3.87678E1 -4.18367E1 -4.03061E1 -3.41837E1 -5.2551E1 -4.54082E1 -4.4898E1 -3.97959E1 -4.08163E1 -4.59184E1 -4.59184E1 -4.13265E1 -3.62245E1 -5.2551E1 -3.57143E1 -2.14286E1 -3.11224E1 -1.32653E1 9.78142E-1 -2.34694E1 8.98293E-1 1.577E0 2.41541E0 3.35363E0 1.93632E0 2.03613E0 9.16259E0 9.16259E0 9.16259E0 6.5276E0 6.5276E0 8.04471E0 8.04471E0 9.16259E0 6.5276E0 5.13025E0 4.73101E0 4.43158E0 5.82893E0 7.22627E0 9.16259E0 5.40972E0 1.64487E1 -9999 -9999 -9999 -9999 -9999 -9999 -9999 -9999
-6.47959E1 -6.53061E1 -6.42857E1 -6.37755E1 -6.42857E1 -6.32653E1 -7.2449E1 -6.32653E1 -7.04082E1 -7.04082E1 -6.17347E1 -6.27551E1 -6.12245E1 -6.12245E1 -6.12245E1 -6.02041E1 -3.63665E1 -3.5545E1 -3.77551E1 -2.66667E1 -2.66351E1 -2.71722E1 -5E1 -3.67347E1 -3.21429E1 -3.41837E1 -4.18367E1 -4.03061E1 -3.57143E1 -3.16327E1 -3.82653E1 -3.67347E1 -3.52041E1 -3.31633E1 -3.21429E1 -3.46939E1 -1.78571E1 5.98862E-2 5.58938E-1 3.19393E-1 9.98104E-2 1.33746E0 1.51712E0 1.33746E0 1.41132E1 1.19573E1 8.04471E0 7.22627E0 8.04471E0 1.054E1 9.16259E0 7.22627E0 5.13025E0 5.13025E0 5.13025E0 5.82893E0 7.22627E0 9.16259E0 6.7871E0 -9999 -9999 -9999 -9999 -9999 -9999 -9999 -9999 -9999
-5.80727E1 -4.97314E1 -4.78989E1 -6.37755E1 -7.2449E1 -7.29592E1 -7.09184E1 -6.22449E1 -6.22449E1 -6.93878E1 -6.02041E1 -5.81633E1 -6.12245E1 -6.07143E1 -5.91837E1 -5.91837E1 -3.11216E1 -3.22591E1 -2.89415E1 -3.25118E1 -2.09163E1 -2.39179E1 -5.45918E1 -3.67347E1 -3.72449E1 -1.22449E1 -1.61137E1 -1.2575E1 1.99621E-2 -3.0102E1 -3.26531E1 -3.46939E1 -3.0102E1 -3.11224E1 -2.95918E1 -2.04082E0 -1.22449E1 -2.7551E1 -2.19388E1 -1.88776E1 -3.06122E0 3.79279E-1 5.58938E-1 1.3694E1 1.95229E1 1.054E1 9.16259E0 8.04471E0 8.04471E0 8.44396E0 9.16259E0 7.22627E0 6.5276E0 5.13025E0 4.89071E0 5.82893E0 6.5276E0 9.16259E0 -9999 -9999 -9999 -9999 -9999 -9999 -9999 -9999 -9999 -9999
-5.55766E1 -6.53061E1 -6.42857E1 -6.37755E1 -7.29592E1 -7.19388E1 -6.17347E1 -6.02041E1 -5.91837E1 -5.81633E1 -5.66327E1 -5.56122E1 -5.96939E1 -5.96939E1 -5.91837E1 -5.56122E1 -4.27488E1 -3.72196E1 -2.89731E1 -3.25118E1 -2.75829E1 -2.76145E1 -2.58768E1 -4.79592E1 -1.46288E1 -4.54082E1 -1.32653E1 -1.12245E1 -1.45972E1 -4.08163E1 -2.85714E1 -2.90816E1 -1.07143E1 -2.65306E1 -1.9898E1 7.98483E-2 7.98483E-2 -1.63265E1 -4.08163E0 7.98483E-2 4.99052E-1 2.39545E-1 2.39545E-1 4.99052E-1 2.21379E1 1.64487E1 1.19573E1 1.054E1 1.054E1 1.054E1 8.04471E0 6.5276E0 6.5276E0 5.13025E0 4.43158E0 -9999 -9999 -9999 -9999 -9999 -9999 -9999 -9999 -9999 -9999 -9999 -9999 -9999
