ENM/Final_Models/M_0.9_F_q_Set_1_E/Gustavia_santanderiensis_8_Choco.asc
ncols         367
nrows         963
xllcorner     -78.6
yllcorner     0.65
cellsize      0.00833333333333323
NODATA_value  -9999
[rows 782 to 815 of 963, columns 77 to 153 of 367]
1E0 1E0 1E0 1E0 1E0 1E0 1E0 1E0 1E0 1E0 1E0 1E0 1E0 1E0 1E0 1E0 1E0 1E0 1E0 1E0 1E0 1E0 1E0 1E0 1E0 1E0 1E0 1E0 1E0 1E0 1E0 1E0 1E0 1E0 9.99999E-1 9.9914E-1 9.9999E-1 1E0 1E0 9.99984E-1 9.9938E-1 9.98988E-1 9.41472E-1 9.96678E-1 9.98516E-1 9.9387E-1 9.99258E-1 8.9445E-1 9.83756E-1 3.58652E-1 3.64298E-3 4.4101E-4 6.49506E-5 1.09103E-3 1.25939E-3 1.9622E-4 9.12623E-5 2.2884E-4 4.59956E-3 2.87291E-2 1.5107E-2 4.28944E-3 1.03987E-3 2.99303E-4 4.36945E-4 1.05337E-3 1.10847E-3 5.88023E-4 1.63054E-3 9.39045E-4 3.55992E-4 2.44573E-4 9.1671E-5 7.72421E-6 3.12637E-6 4.03177E-6 1.04652E-5
1E0 1E0 1E0 1E0 1E0 1E0 1E0 1E0 1E0 1E0 1E0 1E0 1E0 1E0 1E0 1E0 1E0 1E0 1E0 1E0 1E0 1E0 1E0 1E0 1E0 1E0 1E0 1E0 1E0 1E0 1E0 1E0 1E0 1E0 9.99999E-1 9.99938E-1 1E0 1E0 1E0 9.99936E-1 9.99975E-1 9.99801E-1 9.6712E-1 9.98495E-1 9.99991E-1 1E0 8.56759E-1 8.2186E-1 9.93324E-1 9.01015E-1 3.90373E-3 1.84734E-4 7.33438E-5 7.71119E-4 3.11964E-3 1.07638E-3 1.52784E-3 5.52016E-3 1.45436E-2 9.76571E-3 1.95526E-2 3.52894E-3 6.35303E-3 2.50133E-3 1.87362E-4 1.93677E-4 7.15879E-4 1.69399E-4 1.35073E-4 1.07754E-3 3.50047E-4 1.14042E-4 5.04567E-5 2.47061E-6 7.83187E-6 4.64162E-6 1.69647E-5
1E0 1E0 1E0 1E0 1E0 1E0 1E0 1E0 1E0 1E0 1E0 1E0 1E0 1E0 1E0 1E0 1E0 1E0 1E0 1E0 1E0 1E0 1E0 1E0 1E0 1E0 1E0 1E0 1E0 1E0 1E0 1E0 1E0 1E0 1E0 1E0 1E0 1E0 1E0 1E0 1E0 9.98899E-1 9.06743E-1 8.85463E-1 9.99889E-1 9.99922E-1 9.62172E-1 9.64707E-1 9.97496E-1 9.72673E-1 1.30578E-2 5.14388E-4 3.39805E-4 9.34969E-4 3.08102E-3 1.35632E-2 3.41639E-2 3.88316E-3 3.09755E-3 2.31806E-2 7.22248E-3 1.46635E-3 4.22446E-3 1.15248E-2 2.39875E-3 2.39468E-5 5.814E-5 1.244E-4 2.77329E-5 1.05189E-5 1.34733E-5 1.17101E-5 4.21923E-5 1.38176E-5 8.85539E-6 1.15037E-5 2.16237E-5
1E0 1E0 1E0 1E0 1E0 1E0 1E0 1E0 1E0 1E0 1E0 1E0 1E0 1E0 1E0 1E0 1E0 1E0 1E0 1E0 1E0 1E0 1E0 1E0 1E0 1E0 1E0 1E0 1E0 1E0 1E0 1E0 1E0 1E0 1E0 1E0 1E0 1E0 9.9927E-1 9.8586E-1 9.99914E-1 9.89697E-1 9.58414E-1 9.70498E-1 9.57591E-1 9.03486E-1 8.70118E-1 9.99148E-1 9.97519E-1 8.3774E-1 9.80326E-3 1.26142E-3 1.89602E-3 4.82516E-3 1.07806E-2 1.31424E-2 3.86886E-2 2.37641E-2 3.34512E-2 2.83426E-2 1.98713E-2 5.09248E-3 1.77081E-3 6.76919E-3 4.56112E-3 2.64134E-4 5.42504E-4 4.81609E-4 6.35818E-5 6.30997E-5 9.64064E-6 4.90862E-6 8.00823E-6 7.02211E-6 6.59654E-6 9.87646E-7 2.31437E-5
1E0 1E0 1E0 1E0 1E0 1E0 1E0 1E0 1E0 1E0 1E0 1E0 1E0 1E0 1E0 1E0 1E0 1E0 1E0 1E0 1E0 1E0 1E0 1E0 1E0 1E0 1E0 1E0 1E0 1E0 1E0 1E0 1E0 1E0 1E0 9.99998E-1 9.99749E-1 1E0 9.97486E-1 9.87637E-1 9.18432E-1 8.56192E-1 9.52825E-1 9.9291E-1 9.54394E-1 8.54401E-1 9.81322E-1 9.89894E-1 9.57308E-1 6.94793E-1 1.34311E-2 9.87787E-4 2.36003E-3 1.63652E-2 1.11111E-1 2.00502E-2 5.40819E-2 5.60705E-2 1.75447E-2 6.49765E-3 1.30645E-2 3.42754E-2 1.17043E-2 1.13397E-2 1.53238E-2 2.96092E-2 1.0466E-2 8.29562E-3 3.17401E-3 4.87492E-4 7.52383E-5 9.20321E-6 6.39826E-6 6.66331E-6 6.9065E-6 1.08318E-6 3.44267E-6
1E0 1E0 1E0 1E0 1E0 1E0 1E0 1E0 1E0 1E0 1E0 1E0 1E0 1E0 1E0 1E0 1E0 1E0 1E0 1E0 1E0 1E0 1E0 1E0 1E0 1E0 1E0 1E0 1E0 1E0 1E0 1E0 1E0 9.99996E-1 9.92413E-1 9.99812E-1 9.99069E-1 9.75555E-1 6.72461E-1 5.87594E-1 4.30851E-1 7.35405E-1 9.35983E-1 9.61547E-1 6.58461E-1 4.22581E-1 4.44724E-1 1.84364E-1 3.882E-1 1.31078E-1 4.47511E-3 3.34037E-3 5.26632E-3 1.58165E-2 1.76599E-1 4.88092E-2 3.35674E-2 3.7884E-2 1.49424E-2 1.54859E-2 7.47224E-3 1.44988E-2 3.01629E-2 1.11482E-2 3.489E-3 2.16968E-2 9.84107E-3 3.42172E-3 2.57107E-3 3.66412E-3 8.96246E-4 2.53626E-4 4.56587E-5 1.57516E-5 3.2849E-7 3.68838E-5 5.1957E-5
1E0 1E0 1E0 1E0 1E0 1E0 1E0 1E0 1E0 1E0 1E0 1E0 1E0 1E0 1E0 1E0 1E0 1E0 1E0 1E0 1E0 1E0 1E0 1E0 1E0 1E0 1E0 1E0 1E0 1E0 1E0 9.99999E-1 9.9047E-1 9.55469E-1 9.79342E-1 9.40557E-1 9.03183E-1 6.39529E-1 7.11727E-1 3.20223E-1 2.00622E-1 3.95045E-1 8.58377E-1 9.65099E-1 6.75333E-1 4.12458E-1 1.84928E-1 6.16809E-2 1.56463E-1 5.69959E-2 1.69789E-2 7.23032E-3 1.37597E-2 4.30878E-2 1.39703E-1 1.19121E-1 3.88101E-2 8.91112E-2 2.29862E-2 7.31719E-3 7.63388E-3 4.25901E-3 7.64527E-3 3.02188E-2 3.31177E-3 2.31923E-3 5.93871E-3 2.17331E-3 1.29601E-4 1.02962E-4 5.12453E-5 1.65308E-4 4.48619E-5 7.82375E-6 2.21734E-6 3.08514E-5 3.64243E-5
1E0 1E0 1E0 1E0 1E0 1E0 1E0 1E0 1E0 1E0 1E0 1E0 1E0 1E0 1E0 1E0 1E0 1E0 1E0 1E0 1E0 1E0 1E0 1E0 1E0 1E0 1E0 1E0 1E0 1E0 1E0 9.99997E-1 9.98344E-1 9.96371E-1 9.89655E-1 9.75406E-1 7.38527E-1 3.73943E-1 1.22238E-1 1.58721E-1 1.0456E-1 3.25884E-1 5.90282E-1 9.49184E-1 9.62404E-1 7.80136E-1 2.33732E-1 1.41915E-1 2.11894E-1 4.19035E-2 4.29147E-2 2.21858E-2 3.27713E-2 1.12936E-1 4.64442E-2 9.36108E-2 1.25107E-1 1.64757E-2 2.35282E-3 6.49966E-4 2.13425E-3 9.03789E-4 1.12154E-3 6.81855E-3 3.45973E-3 3.67745E-4 2.59783E-4 2.3575E-3 5.50831E-4 3.87234E-5 2.55842E-5 2.10945E-5 3.82652E-5 3.17137E-6 1.69164E-6 2.98895E-5 7.81852E-6
1E0 1E0 1E0 1E0 1E0 1E0 1E0 1E0 1E0 1E0 1E0 1E0 1E0 1E0 1E0 1E0 1E0 1E0 1E0 1E0 1E0 1E0 1E0 1E0 1E0 1E0 1E0 1E0 1E0 1E0 1E0 1E0 9.94898E-1 9.86685E-1 9.82243E-1 9.58417E-1 9.59572E-1 3.71631E-1 1.03678E-1 1.78194E-1 1.09105E-1 8.47873E-2 4.45994E-1 9.34614E-1 8.73697E-1 2.37605E-1 2.16763E-1 3.61363E-1 3.32538E-1 1.40312E-1 1.26256E-1 1.82622E-1 2.41092E-1 7.16491E-2 1.75969E-2 2.0868E-2 1.63496E-2 2.16515E-2 1.93854E-2 6.33978E-3 9.91693E-4 1.96461E-4 2.69681E-4 7.8133E-4 7.96518E-4 2.83596E-4 3.82861E-5 3.00326E-5 2.18257E-4 5.97152E-5 3.17988E-6 3.44441E-6 6.55292E-6 4.55401E-6 6.39134E-6 8.29845E-6 1.88293E-6
1E0 1E0 1E0 1E0 1E0 1E0 1E0 1E0 1E0 1E0 1E0 1E0 1E0 1E0 1E0 1E0 1E0 1E0 1E0 1E0 1E0 1E0 1E0 1E0 1E0 1E0 9.99997E-1 9.99998E-1 1E0 1E0 9.99995E-1 9.99524E-1 9.69582E-1 9.0876E-1 8.5418E-1 8.83494E-1 8.94339E-1 3.49295E-1 9.44262E-2 1.25469E-1 5.58206E-2 4.83369E-2 2.94179E-1 9.15091E-1 7.77941E-1 3.33875E-1 3.6927E-1 6.25579E-1 5.069E-1 3.18889E-1 3.06007E-1 1.32813E-1 1.13204E-1 2.77568E-2 2.86855E-3 2.1528E-2 2.50114E-2 1.47981E-2 1.38944E-2 5.45896E-3 1.46194E-3 5.2198E-4 9.00444E-5 1.32961E-4 1.98009E-4 4.70647E-5 1.5357E-5 5.48165E-6 9.65768E-6 1.35749E-5 4.06527E-6 1.64473E-6 8.24836E-7 1.58084E-6 9.1089E-7 7.29045E-7 1.99268E-6
1E0 1E0 1E0 1E0 1E0 1E0 1E0 1E0 1E0 1E0 1E0 1E0 1E0 1E0 1E0 1E0 1E0 1E0 1E0 1E0 1E0 1E0 1E0 1E0 1E0 1E0 1E0 1E0 9.99999E-1 1E0 9.99185E-1 9.99512E-1 9.71104E-1 7.78766E-1 5.47172E-1 5.35019E-1 3.88304E-1 4.86679E-1 2.31679E-1 3.53495E-1 2.39957E-1 8.786E-2 4.09332E-1 9.51811E-1 8.33145E-1 7.55984E-1 6.77433E-1 8.26743E-1 2.69531E-1 8.44065E-2 9.44128E-2 8.14704E-2 2.25387E-2 7.68514E-3 7.52657E-3 1.08041E-2 7.26596E-3 1.07067E-2 5.8625E-3 1.21044E-3 3.43261E-4 1.42388E-4 4.3231E-5 1.78173E-5 2.0277E-5 1.10593E-5 4.23833E-6 2.34083E-6 2.01764E-6 4.86829E-6 2.34524E-6 1.70905E-6 4.10386E-7 4.45541E-7 1.74564E-6 3.13958E-7 3.75503E-6
1E0 1E0 1E0 1E0 1E0 1E0 1E0 1E0 1E0 1E0 1E0 1E0 1E0 1E0 1E0 1E0 1E0 1E0 1E0 1E0 1E0 1E0 1E0 1E0 1E0 1E0 1E0 1E0 9.99986E-1 1E0 9.99939E-1 9.87592E-1 9.98819E-1 9.91729E-1 9.4645E-1 7.97197E-1 8.13764E-2 1.92956E-1 6.86516E-1 8.5876E-1 8.46475E-1 2.60098E-1 2.48262E-1 8.25849E-1 9.77065E-1 6.23819E-1 5.10251E-1 7.31642E-1 3.23499E-1 5.27402E-2 5.82958E-2 2.96923E-2 4.61877E-3 1.16259E-3 2.02944E-3 8.51568E-3 1.02978E-2 2.67348E-3 1.04772E-3 1.53592E-3 4.71391E-4 1.56624E-4 1.11882E-5 1.22267E-5 2.99006E-5 1.23064E-5 5.93298E-5 4.23917E-5 8.36041E-6 5.65157E-6 2.42961E-5 5.20214E-7 4.97136E-6 5.43967E-6 1.75612E-6 1.42679E-7 1.07318E-6
1E0 1E0 1E0 1E0 1E0 1E0 1E0 1E0 1E0 1E0 1E0 1E0 1E0 1E0 1E0 1E0 1E0 1E0 1E0 1E0 1E0 1E0 1E0 1E0 1E0 1E0 1E0 1E0 1E0 1E0 9.99268E-1 9.83186E-1 9.15574E-1 8.7565E-1 8.94182E-1 7.6705E-1 1.36196E-1 3.08052E-1 8.78293E-1 9.37354E-1 9.52497E-1 4.09305E-1 9.93355E-2 3.59209E-1 8.60557E-1 3.09497E-1 2.00964E-1 4.93909E-1 1.6467E-1 3.22974E-2 1.23154E-2 1.06865E-2 9.94979E-3 6.38054E-4 2.30478E-3 1.93882E-3 2.90386E-3 2.07506E-3 4.63604E-3 9.54528E-3 1.2385E-3 2.54241E-4 1.85117E-5 3.59917E-5 3.22011E-4 8.92555E-5 6.40931E-4 9.20024E-5 5.18906E-5 8.97467E-5 8.56574E-5 3.32111E-7 6.51433E-6 1.15911E-6 3.00955E-6 6.84869E-7 7.98534E-7
1E0 1E0 1E0 1E0 1E0 1E0 1E0 1E0 1E0 1E0 1E0 1E0 1E0 1E0 1E0 1E0 1E0 1E0 1E0 1E0 1E0 1E0 1E0 1E0 1E0 1E0 1E0 1E0 1E0 1E0 1E0 9.98245E-1 9.84121E-1 8.33792E-1 9.13447E-1 8.45454E-1 3.27086E-1 8.74723E-1 9.95098E-1 9.99702E-1 9.99103E-1 3.3518E-1 1.70822E-1 5.58621E-1 8.82998E-1 5.62698E-1 1.72268E-1 1.79063E-1 2.7734E-1 4.73211E-2 6.7416E-3 3.49891E-3 4.65751E-3 1.45825E-3 2.33515E-3 6.67162E-3 2.53564E-2 2.46189E-2 7.01646E-2 4.23941E-2 1.82589E-2 5.31087E-2 3.4552E-4 1.99193E-4 1.99024E-3 1.04108E-3 1.32224E-3 1.28122E-3 5.52657E-4 3.26649E-4 2.35655E-5 1.44496E-6 6.46962E-6 2.09062E-6 1.48997E-6 4.4031E-6 5.76198E-6
1E0 1E0 1E0 1E0 1E0 1E0 1E0 1E0 1E0 1E0 1E0 1E0 1E0 1E0 1E0 1E0 1E0 1E0 1E0 1E0 1E0 1E0 1E0 9.99999E-1 1E0 1E0 1E0 1E0 1E0 9.99995E-1 9.99866E-1 9.99825E-1 9.05574E-1 5.57465E-1 7.5224E-1 6.17428E-1 2.07545E-1 9.16826E-1 9.95658E-1 9.38027E-1 7.52091E-1 9.57602E-1 5.2109E-1 4.10509E-1 7.46089E-1 3.82533E-1 1.71264E-1 2.97842E-1 2.17041E-1 6.48469E-2 1.08927E-2 4.73876E-3 3.55559E-3 3.89725E-3 8.63498E-3 3.52337E-2 8.62957E-3 9.51036E-3 1.4147E-2 8.1019E-3 3.44705E-3 2.19153E-2 2.34234E-3 3.13964E-3 1.00026E-2 4.17485E-3 2.66051E-3 5.86235E-4 1.66327E-4 2.81722E-5 4.16416E-6 1.70353E-6 7.72844E-7 1.51561E-6 1.4057E-6 9.20182E-7 2.46423E-6
1E0 1E0 1E0 1E0 1E0 1E0 1E0 1E0 1E0 1E0 1E0 1E0 1E0 1E0 1E0 1E0 1E0 1E0 1E0 1E0 1E0 1E0 1E0 1E0 1E0 1E0 1E0 9.99999E-1 9.99965E-1 9.99699E-1 9.99864E-1 9.97534E-1 9.57044E-1 8.56876E-1 8.12124E-1 6.99058E-1 2.05054E-1 6.38477E-1 7.40451E-1 5.81809E-1 8.02563E-1 9.50535E-1 6.86196E-1 2.83758E-1 5.74533E-1 7.02491E-1 5.68091E-1 5.38161E-1 3.32348E-1 1.53138E-1 5.75614E-2 9.23192E-3 1.03766E-2 1.07722E-2 1.90203E-2 3.24695E-2 2.67965E-2 1.2232E-2 1.49695E-2 1.19076E-2 1.10768E-2 5.24611E-3 8.92794E-3 2.03365E-2 2.51745E-2 7.6423E-3 3.99814E-3 1.54984E-3 2.94859E-5 2.4203E-6 4.58884E-7 1.03193E-6 4.84821E-7 2.35927E-7 3.09136E-7 1.13665E-6 1.13527E-6
1E0 1E0 1E0 1E0 1E0 1E0 1E0 1E0 1E0 1E0 1E0 1E0 1E0 1E0 1E0 1E0 1E0 1E0 1E0 1E0 1E0 1E0 9.99996E-1 1E0 1E0 1E0 1E0 9.99992E-1 9.99927E-1 9.9896E-1 9.90558E-1 9.71008E-1 9.74588E-1 8.46612E-1 8.19811E-1 6.06784E-1 1.64824E-1 5.1321E-1 5.27713E-1 4.66877E-1 9.43591E-1 9.97945E-1 5.77172E-1 4.30794E-1 7.39849E-1 7.12048E-1 7.10723E-1 5.3871E-1 4.9547E-1 2.26426E-1 1.12505E-1 2.20737E-2 8.50744E-3 1.86384E-2 3.52895E-2 7.34268E-2 8.93333E-2 9.18189E-2 4.4736E-2 2.55003E-2 3.11787E-2 3.29674E-2 1.59258E-2 3.84787E-3 9.45378E-4 2.64092E-4 6.85009E-5 5.47096E-5 1.11004E-5 3.07764E-6 1.44428E-6 4.91595E-7 1.66627E-6 4.62094E-7 2.52434E-7 1.76902E-6 5.683E-7
1E0 1E0 1E0 1E0 1E0 1E0 1E0 1E0 1E0 1E0 1E0 1E0 1E0 1E0 1E0 1E0 1E0 1E0 1E0 1E0 1E0 1E0 9.99999E-1 1E0 1E0 1E0 1E0 1E0 1E0 9.9997E-1 9.84327E-1 9.68203E-1 9.38352E-1 8.56572E-1 6.65009E-1 3.10462E-1 3.85093E-1 7.23848E-1 5.2155E-1 2.91009E-1 7.0836E-1 9.70747E-1 8.1509E-1 2.20581E-1 6.08007E-1 5.70424E-1 6.04577E-1 4.64107E-1 4.17565E-1 4.83039E-1 1.19117E-1 1.15642E-1 6.10682E-2 6.33701E-2 1.29086E-1 6.95206E-2 1.38114E-1 1.44733E-1 8.48339E-2 3.54457E-2 4.6556E-2 3.53126E-2 9.45351E-3 9.63311E-4 1.41431E-4 2.55342E-5 1.08728E-5 1.17037E-6 1.2435E-6 3.0159E-6 2.01493E-6 1.09334E-6 4.81874E-6 1.96645E-6 6.96195E-6 2.98696E-6 8.14375E-7
1E0 1E0 1E0 1E0 1E0 1E0 1E0 1E0 1E0 1E0 1E0 1E0 1E0 1E0 1E0 1E0 1E0 1E0 1E0 1E0 1E0 9.99988E-1 9.99921E-1 1E0 1E0 1E0 1E0 9.99991E-1 9.99997E-1 9.99991E-1 9.50547E-1 8.42282E-1 9.03289E-1 9.21336E-1 7.17663E-1 5.44678E-1 5.15691E-1 9.20332E-1 2.9011E-1 1.08573E-1 6.17686E-1 9.96063E-1 9.9993E-1 3.76775E-1 1.01708E-1 5.56098E-1 6.58457E-1 5.3861E-1 5.21224E-1 3.72575E-1 2.29307E-1 1.06571E-1 1.56987E-1 1.73425E-1 2.8406E-1 6.73393E-2 9.30483E-2 3.50281E-2 6.52894E-2 1.34246E-1 9.97546E-2 3.0988E-2 3.12132E-2 1.27523E-3 7.51444E-4 8.42687E-5 7.56783E-6 1.85364E-6 8.97381E-7 2.78658E-6 1.12623E-6 1.64508E-6 6.7008E-6 2.06965E-5 5.66794E-6 1.62541E-6 1.11685E-6
1E0 1E0 1E0 1E0 1E0 1E0 1E0 1E0 1E0 1E0 1E0 1E0 1E0 1E0 1E0 1E0 1E0 1E0 1E0 1E0 1E0 9.99431E-1 9.97369E-1 1E0 9.99999E-1 9.99999E-1 1E0 9.99995E-1 9.99997E-1 9.9991E-1 8.6088E-1 8.13531E-1 7.41617E-1 8.43171E-1 5.38397E-1 7.49208E-1 9.61579E-1 9.44014E-1 7.04681E-1 1.21673E-1 3.47756E-1 9.32014E-1 9.02138E-1 2.41975E-1 3.36393E-1 4.46965E-1 5.13649E-1 6.22497E-1 3.67944E-1 3.65825E-1 4.02891E-1 3.75837E-1 2.45581E-1 1.13892E-1 1.03564E-1 4.49388E-2 1.66232E-1 6.57218E-2 4.49651E-2 5.8301E-2 1.4012E-1 7.16394E-3 2.32767E-3 1.62933E-4 9.68615E-5 2.74669E-5 5.85675E-6 1.41071E-6 5.08729E-7 1.10479E-6 8.17854E-7 3.38523E-5 4.34335E-5 2.57586E-5 3.77917E-6 1.25981E-6 1.08625E-6
1E0 1E0 1E0 1E0 1E0 1E0 1E0 1E0 1E0 1E0 1E0 1E0 1E0 1E0 1E0 1E0 1E0 1E0 1E0 1E0 9.99997E-1 9.98156E-1 9.97533E-1 9.99951E-1 9.99901E-1 9.98928E-1 1E0 9.99998E-1 9.99948E-1 9.99338E-1 9.31597E-1 8.44971E-1 5.82782E-1 3.91414E-1 4.83101E-1 9.35668E-1 9.62954E-1 9.7085E-1 8.09409E-1 2.87957E-1 5.64985E-1 9.77633E-1 9.97992E-1 4.52329E-1 3.27778E-1 4.51981E-1 4.3248E-1 6.99535E-1 2.47092E-1 4.26174E-1 4.2224E-1 3.47485E-1 1.54836E-1 6.88103E-2 4.34949E-2 4.00317E-2 2.49206E-2 2.96227E-2 9.48318E-3 9.40766E-3 1.44057E-2 3.88805E-3 2.60948E-4 6.44989E-5 1.67039E-5 7.97361E-6 1.5536E-6 3.69798E-7 1.37753E-6 2.87887E-6 3.32013E-6 5.25315E-6 7.25847E-5 2.35772E-5 4.07992E-6 1.34136E-6 8.52783E-7
1E0 1E0 1E0 1E0 1E0 1E0 1E0 1E0 1E0 1E0 1E0 1E0 1E0 1E0 1E0 1E0 1E0 1E0 1E0 1E0 9.99998E-1 9.97217E-1 9.99539E-1 9.99673E-1 9.97185E-1 9.91058E-1 1E0 9.99999E-1 1E0 9.99754E-1 9.93402E-1 9.15488E-1 2.3876E-1 2.40075E-1 7.81547E-1 9.32043E-1 9.55924E-1 9.59864E-1 6.68851E-1 3.76155E-1 8.18401E-1 9.91952E-1 9.92022E-1 3.15239E-1 4.78042E-1 4.18742E-1 4.71296E-1 4.11231E-1 9.05191E-2 1.48871E-1 2.51689E-1 2.27853E-1 1.52709E-1 3.16717E-2 1.81569E-2 1.79718E-2 1.89948E-2 5.58982E-3 1.19128E-3 1.86382E-3 1.39221E-3 2.88549E-4 1.97097E-4 1.66886E-4 1.54893E-4 8.94025E-6 3.91192E-7 2.3001E-7 2.57488E-6 4.55098E-5 1.74027E-5 1.27999E-5 5.26095E-5 1.14534E-4 3.12014E-5 3.94686E-6 2.13005E-6
1E0 1E0 1E0 1E0 1E0 1E0 1E0 1E0 1E0 1E0 1E0 1E0 1E0 1E0 1E0 1E0 1E0 1E0 1E0 1E0 1E0 9.99973E-1 9.99894E-1 9.99999E-1 9.99976E-1 9.99335E-1 9.99995E-1 9.99836E-1 9.99999E-1 9.99126E-1 9.97272E-1 9.57986E-1 5.34133E-1 5.33055E-1 9.31382E-1 9.84644E-1 9.99445E-1 9.89696E-1 6.68327E-1 3.29527E-1 8.24223E-1 9.99801E-1 7.27988E-1 4.18214E-1 6.4158E-1 2.68401E-1 2.17045E-1 3.75318E-1 1.12232E-1 1.33038E-1 1.18965E-1 1.38418E-1 6.98605E-2 3.17622E-2 1.69639E-2 5.59578E-3 2.81651E-3 3.1188E-3 6.55761E-4 8.37441E-4 6.90507E-4 6.89366E-4 1.13581E-3 3.21396E-4 2.74057E-5 1.39572E-5 8.58568E-7 2.253E-7 1.20838E-5 1.74478E-4 3.20693E-5 6.2078E-6 7.80972E-5 1.15456E-4 2.90799E-5 2.24162E-6 1.28365E-6
1E0 1E0 1E0 1E0 1E0 1E0 1E0 1E0 1E0 1E0 1E0 1E0 1E0 1E0 1E0 1E0 1E0 1E0 9.99961E-1 1E0 1E0 1E0 9.99955E-1 1E0 9.99999E-1 9.99348E-1 9.99685E-1 9.98672E-1 9.97268E-1 9.99873E-1 9.98438E-1 9.91961E-1 9.06243E-1 6.81351E-1 9.32439E-1 9.99265E-1 9.99986E-1 9.87427E-1 9.47606E-1 4.57612E-1 8.74074E-1 9.97064E-1 7.63249E-1 5.94837E-1 3.61192E-1 4.29149E-1 3.96537E-1 2.79054E-1 1.96079E-1 2.18272E-1 1.65495E-1 1.68858E-1 1.16881E-1 8.86533E-2 1.54629E-2 1.85729E-3 4.48647E-4 1.26838E-3 1.22146E-3 1.1589E-3 3.67142E-3 3.8078E-3 1.14387E-3 5.99077E-4 2.96133E-5 4.3895E-5 3.50897E-6 9.77794E-7 6.94501E-5 1.38983E-4 2.97819E-5 4.42116E-5 2.95408E-4 1.49379E-4 2.32705E-5 2.77805E-6 1.30927E-6
1E0 1E0 1E0 1E0 1E0 1E0 1E0 1E0 1E0 1E0 1E0 1E0 1E0 1E0 1E0 1E0 1E0 9.99997E-1 9.99763E-1 9.99989E-1 9.99991E-1 9.99969E-1 9.99999E-1 1E0 1E0 1E0 9.99996E-1 9.95845E-1 9.58782E-1 9.93864E-1 9.99435E-1 9.69274E-1 8.6066E-1 5.58489E-1 8.18519E-1 9.78556E-1 9.99946E-1 9.99358E-1 9.99247E-1 7.55983E-1 4.43016E-1 8.56194E-1 9.99822E-1 5.01001E-1 2.83045E-1 3.34382E-1 2.60155E-1 2.03609E-1 3.32645E-1 2.40253E-1 8.41693E-2 2.72615E-2 5.31695E-2 2.10535E-2 1.25048E-2 2.47385E-3 2.59851E-3 5.612E-3 6.59412E-3 1.1235E-2 1.18042E-2 7.17132E-3 1.04728E-3 4.29518E-4 1.81613E-4 4.75608E-5 9.92055E-6 1.07083E-5 1.46904E-4 2.40861E-4 1.40699E-5 1.55459E-4 5.5303E-4 1.18315E-4 9.27848E-6 8.1039E-7 8.32786E-7
1E0 1E0 1E0 1E0 1E0 1E0 1E0 1E0 1E0 1E0 1E0 1E0 1E0 1E0 1E0 1E0 9.99988E-1 9.92944E-1 9.97256E-1 9.58798E-1 9.88893E-1 9.99804E-1 9.9997E-1 1E0 1E0 9.99973E-1 9.99002E-1 9.92949E-1 8.80514E-1 9.30136E-1 9.86468E-1 9.70119E-1 5.68429E-1 2.41872E-1 3.14059E-1 9.75841E-1 9.99996E-1 1E0 9.78698E-1 3.17741E-1 2.75144E-1 9.16125E-1 9.99866E-1 9.95417E-1 2.64819E-1 7.33835E-2 7.30695E-2 9.86664E-2 2.17804E-1 1.50119E-1 5.27349E-2 3.32985E-2 2.03493E-2 8.31296E-3 5.86728E-3 4.07454E-3 3.79527E-3 5.49587E-3 4.17161E-3 2.1896E-2 7.45076E-3 1.17324E-3 2.48813E-4 4.26727E-5 2.5688E-5 6.15196E-6 7.54028E-6 1.03754E-4 3.10975E-4 4.36507E-4 2.98257E-4 4.04662E-4 2.64768E-4 3.59998E-5 5.82037E-6 7.67438E-7 7.74757E-7
1E0 1E0 1E0 1E0 1E0 1E0 1E0 1E0 1E0 1E0 1E0 1E0 1E0 1E0 1E0 1E0 9.99984E-1 9.79963E-1 9.73882E-1 9.38868E-1 9.57495E-1 9.99005E-1 1E0 1E0 1E0 9.99319E-1 9.98027E-1 9.95874E-1 8.82983E-1 8.74066E-1 9.14231E-1 9.14843E-1 2.66523E-1 1.37223E-1 3.07625E-1 9.43556E-1 9.99813E-1 1E0 9.31526E-1 1.85773E-1 1.71826E-1 9.8949E-1 9.79704E-1 9.93336E-1 7.23759E-1 2.50758E-1 3.84546E-1 4.89316E-1 1.27241E-1 2.2409E-1 8.06499E-2 4.35452E-2 2.75852E-2 1.41036E-2 2.06874E-3 3.02796E-3 6.39683E-3 4.45599E-3 3.8598E-3 8.80144E-3 2.74935E-3 1.35379E-3 1.56865E-4 1.66323E-4 2.82346E-5 8.10717E-6 3.61117E-6 3.82784E-5 9.62717E-4 1.06113E-3 6.87272E-4 5.58012E-4 1.55303E-4 3.50843E-5 4.05501E-6 6.69299E-7 1.63447E-6
1E0 1E0 1E0 1E0 1E0 1E0 1E0 1E0 1E0 1E0 1E0 1E0 1E0 1E0 1E0 9.99989E-1 9.9998E-1 9.59176E-1 9.77176E-1 9.45881E-1 9.98179E-1 9.99919E-1 9.99995E-1 1E0 1E0 9.96487E-1 9.97551E-1 9.95335E-1 9.9625E-1 9.80767E-1 9.55555E-1 8.51789E-1 3.57803E-1 3.25241E-1 6.86248E-1 8.15261E-1 9.8001E-1 9.55814E-1 8.75097E-1 2.9749E-1 7.38748E-1 9.52547E-1 9.82178E-1 6.61003E-1 7.6346E-1 8.23578E-1 9.95691E-1 4.45966E-1 1.27393E-1 1.87578E-1 9.2403E-2 2.86486E-2 2.56372E-2 1.21174E-2 2.95247E-3 2.6489E-3 5.95762E-3 7.4992E-3 3.86437E-3 5.00801E-3 3.35776E-3 5.03563E-3 1.01958E-3 6.3341E-4 1.81219E-5 2.90492E-6 9.58064E-6 3.63576E-5 6.06384E-4 1.33552E-3 7.96382E-4 3.80859E-4 1.60258E-4 7.88891E-5 1.24077E-5 2.25736E-6 6.24371E-7
1E0 1E0 1E0 1E0 1E0 1E0 1E0 1E0 1E0 1E0 1E0 1E0 1E0 1E0 1E0 9.99997E-1 9.99757E-1 9.50373E-1 8.84472E-1 9.25125E-1 9.99004E-1 9.99996E-1 9.99999E-1 1E0 1E0 9.99974E-1 9.99999E-1 9.97654E-1 8.977E-1 9.56042E-1 7.56853E-1 7.06251E-1 6.00036E-1 6.03793E-1 5.32452E-1 9.73703E-1 8.48825E-1 7.99094E-1 4.63327E-1 7.71632E-1 9.39268E-1 9.77495E-1 8.9558E-1 7.17058E-1 6.41288E-1 8.8948E-1 9.99889E-1 4.65202E-1 1.99447E-1 9.38303E-2 1.02318E-1 4.88977E-2 1.87355E-2 1.21549E-2 2.5075E-3 7.81692E-3 1.22734E-2 1.43869E-2 1.23936E-2 4.10171E-3 1.9556E-3 9.1744E-4 2.48753E-4 8.06832E-6 3.23874E-6 1.72389E-6 7.08524E-6 1.34213E-4 1.53002E-3 1.15755E-3 3.48738E-4 5.32792E-5 9.45586E-6 4.88598E-6 2.499E-6 7.28406E-7 1.88088E-5
1E0 1E0 1E0 1E0 1E0 1E0 1E0 1E0 1E0 1E0 1E0 1E0 1E0 1E0 9.99588E-1 9.9099E-1 9.97877E-1 9.28541E-1 9.49393E-1 9.96759E-1 9.99913E-1 1E0 1E0 1E0 1E0 1E0 1E0 9.9994E-1 9.96495E-1 9.99978E-1 9.98675E-1 9.50284E-1 9.76179E-1 4.39889E-1 5.35886E-1 9.14853E-1 7.11417E-1 3.84449E-1 1.19208E-1 3.41633E-1 5.25186E-1 5.73237E-1 5.76141E-1 4.68538E-1 4.37077E-1 7.8708E-1 9.80526E-1 5.94922E-1 1.01754E-1 8.46862E-2 4.22629E-2 1.82821E-2 6.81888E-3 4.77105E-3 2.45677E-3 1.24703E-2 1.61754E-2 3.12313E-2 1.12238E-2 7.754E-3 1.66553E-3 4.33487E-4 3.94383E-5 3.58075E-6 9.64947E-7 1.4046E-6 6.12666E-6 2.89197E-4 2.34909E-3 1.13945E-3 2.67452E-4 2.76057E-5 1.16205E-5 2.18418E-6 4.19717E-6 5.07785E-6 6.84251E-5
1E0 1E0 1E0 1E0 1E0 1E0 1E0 1E0 1E0 1E0 1E0 1E0 1E0 9.99985E-1 9.98067E-1 9.70178E-1 9.72127E-1 9.894E-1 9.99906E-1 9.99974E-1 1E0 1E0 1E0 1E0 1E0 1E0 1E0 9.99999E-1 9.77039E-1 9.84592E-1 9.2653E-1 9.87384E-1 8.11009E-1 7.47368E-1 7.64003E-1 8.88385E-1 8.56391E-1 3.12267E-1 1.59566E-1 1.07066E-1 9.70968E-2 6.99703E-2 6.72133E-2 3.68209E-1 2.20462E-1 2.7786E-1 4.65129E-1 2.75721E-1 7.87063E-2 6.72106E-2 4.0422E-2 1.95603E-2 5.58679E-3 2.21198E-3 1.59249E-3 5.30329E-3 1.25096E-2 5.10812E-2 1.44938E-2 5.18098E-3 4.57486E-3 1.21195E-3 4.30376E-4 5.56679E-6 7.46828E-7 6.52218E-6 8.35303E-6 3.59298E-4 2.17985E-3 8.69791E-4 2.31622E-4 3.96501E-5 1.67264E-5 8.31789E-6 3.74876E-6 3.89482E-6 4.01104E-5
1E0 1E0 1E0 1E0 1E0 1E0 1E0 1E0 1E0 1E0 1E0 1E0 1E0 1E0 9.98195E-1 9.85166E-1 9.78253E-1 9.82342E-1 9.99998E-1 1E0 1E0 1E0 1E0 1E0 1E0 9.98524E-1 9.64219E-1 9.76529E-1 7.11845E-1 8.47983E-1 8.09543E-1 4.60216E-1 8.39094E-1 7.53653E-1 3.34628E-1 3.99374E-1 5.9841E-1 7.23957E-1 7.35517E-1 3.46165E-1 1.79764E-1 9.42324E-2 1.05816E-1 1.74044E-1 4.4091E-1 4.97278E-1 6.88446E-1 1.85159E-1 6.79507E-2 1.03831E-1 2.0408E-2 7.41052E-2 8.38652E-2 5.85796E-2 1.62217E-2 2.19584E-2 5.52108E-2 4.87985E-2 1.04725E-2 4.29628E-3 7.18919E-3 4.44102E-3 7.91257E-4 1.77238E-5 6.98784E-7 1.49256E-6 2.30486E-5 5.4388E-4 3.14218E-3 8.13011E-4 1.10717E-4 7.15319E-5 1.7774E-4 3.80677E-4 2.76863E-5 7.48885E-6 1.33972E-4
1E0 1E0 1E0 1E0 1E0 1E0 1E0 1E0 1E0 1E0 1E0 1E0 1E0 1E0 1E0 9.99974E-1 9.99755E-1 9.99878E-1 1E0 1E0 1E0 1E0 1E0 1E0 1E0 1E0 5.07117E-1 6.18583E-1 9.94993E-1 9.93567E-1 8.32707E-1 2.30794E-1 7.9036E-1 6.27533E-1 3.15818E-1 3.2367E-1 3.48416E-1 4.99647E-1 9.37613E-1 6.8337E-1 4.5426E-1 1.10846E-1 3.50456E-1 3.49097E-1 4.7204E-1 4.78227E-1 3.23389E-1 7.69433E-2 4.91302E-2 1.4736E-1 1.39182E-1 8.81397E-2 5.1388E-2 4.3476E-2 2.53523E-2 4.04642E-2 3.88874E-2 4.70472E-2 2.39086E-2 1.602E-2 2.34861E-3 4.66731E-4 3.63946E-4 7.04613E-4 3.78959E-4 1.96468E-4 2.65164E-4 1.18988E-3 1.18701E-3 7.00263E-4 4.57613E-5 3.22376E-5 2.97219E-4 3.12811E-5 7.92306E-6 6.43072E-5 7.94879E-4
1E0 1E0 1E0 1E0 1E0 1E0 1E0 1E0 1E0 1E0 1E0 1E0 1E0 9.99892E-1 9.99274E-1 9.99819E-1 9.99846E-1 1E0 1E0 1E0 1E0 1E0 1E0 1E0 1E0 9.99999E-1 9.99965E-1 7.92519E-1 5.12324E-1 9.10936E-1 9.88435E-1 7.53677E-1 7.03743E-1 7.68848E-1 4.94445E-1 4.28235E-1 1.43403E-1 1.67414E-1 5.54034E-1 7.01075E-1 8.65534E-1 7.72207E-1 8.04991E-1 8.65522E-1 8.60779E-1 5.99457E-1 2.06643E-1 3.46546E-2 5.25277E-2 1.22213E-1 2.86212E-1 2.75027E-1 1.70301E-1 4.06643E-2 1.2038E-2 1.70924E-2 3.79705E-2 1.20139E-2 9.49221E-2 3.50202E-2 1.45436E-2 4.32107E-3 3.12435E-3 1.59585E-3 2.90832E-3 1.47841E-3 6.37648E-4 2.52362E-3 1.88769E-3 5.3145E-4 6.74251E-4 7.62235E-4 5.06732E-4 1.03372E-4 2.28499E-5 2.26992E-4 1.13319E-3
