ENM/Final_Models/M_0.9_F_q_Set_1_E/Gustavia_santanderiensis_0_Choco.asc
ncols         367
nrows         963
xllcorner     -78.6
yllcorner     0.65
cellsize      0.00833333333333323
NODATA_value  -9999
[rows 782 to 815 of 963, columns 152 to 227 of 367]
4.17904E-5 8.51296E-5 2.47723E-4 6.74856E-4 1.16974E-3 4.84819E-4 1.31966E-4 6.16967E-4 1.01705E-3 5.07397E-4 1.23496E-4 3.68068E-5 7.95458E-5 7.85754E-5 5.44603E-5 5.96438E-5 3.87397E-5 3.4443E-5 5.87896E-5 2.14055E-4 1.39124E-4 1.10804E-4 4.51575E-4 2.90661E-3 6.78881E-3 7.23925E-3 2.50638E-2 4.33548E-2 -9999 -9999 -9999 -9999 -9999 -9999 -9999 -9999 -9999 -9999 -9999 -9999 -9999 -9999 -9999 -9999 -9999 4.80241E-2 3.3965E-2 2.7052E-2 4.55555E-2 3.12952E-2 3.64915E-2 5.91478E-2 4.47273E-2 3.32591E-2 2.60469E-2 1.98317E-2 1.77505E-2 2.27793E-2 1.86095E-2 1.52842E-2 1.6615E-2 1.64365E-2 1.37826E-2 1.25145E-2 5.39011E-3 5.99765E-3 4.45471E-3 3.56411E-3 1.70967E-3 1.16836E-3 4.56339E-4 1.35564E-4 9.17383E-5 4.36559E-4 2.37807E-4 5.33369E-4
4.56278E-5 1.14898E-4 2.9696E-4 6.53652E-4 4.05138E-4 1.55966E-4 2.02442E-4 2.14583E-4 1.37223E-4 2.95996E-4 1.27916E-4 2.97368E-5 5.69248E-5 3.22112E-5 2.44846E-5 3.13187E-5 2.82352E-5 6.79885E-5 1.34683E-4 3.51933E-4 3.76852E-4 5.32057E-4 1.18714E-3 5.51983E-3 1.51738E-2 2.65E-2 -9999 -9999 1.18662E-2 -9999 -9999 -9999 -9999 -9999 -9999 -9999 -9999 -9999 -9999 -9999 -9999 -9999 -9999 -9999 6.46971E-2 5.12713E-2 4.50413E-2 2.36503E-2 5.62861E-2 6.07748E-2 6.48381E-2 5.76983E-2 4.2349E-2 1.94796E-2 1.28756E-2 1.16563E-2 1.5916E-2 2.62151E-2 8.36951E-3 5.24545E-3 1.31387E-2 1.48217E-2 1.11337E-2 6.58732E-3 6.41464E-3 7.88939E-3 2.51607E-3 1.02322E-3 8.63709E-4 8.62268E-4 6.33152E-4 1.74337E-4 6.0663E-5 2.40092E-4 2.76188E-4 3.13577E-4
9.02098E-5 1.35967E-4 4.59855E-4 2.98659E-4 1.05087E-4 4.18058E-5 2.48718E-5 4.51438E-5 4.34304E-5 1.54801E-4 6.22815E-5 2.92582E-5 7.15855E-5 5.45016E-5 1.83596E-5 2.87497E-5 7.57353E-5 1.70992E-4 2.54314E-4 1.4379E-3 6.95026E-4 2.50781E-3 5.70052E-3 1.33495E-2 2.49164E-2 -9999 -9999 -9999 3.20579E-2 -9999 -9999 -9999 -9999 -9999 -9999 -9999 -9999 -9999 -9999 -9999 -9999 -9999 -9999 3.33876E-2 3.5342E-2 2.49305E-2 3.23081E-2 2.68763E-2 5.77195E-2 6.6136E-2 5.19052E-2 3.08463E-2 1.27085E-2 3.72539E-3 1.94843E-2 1.05292E-2 1.07708E-2 8.98301E-3 1.78292E-2 4.95476E-3 4.00801E-3 1.9808E-3 3.42775E-3 3.28102E-3 2.35437E-3 2.09583E-3 2.31324E-3 1.31022E-3 6.98287E-4 2.04252E-4 1.37269E-4 2.83171E-4 2.6746E-4 2.52458E-4 3.04675E-4 2.0597E-4
1.50096E-5 1.41672E-4 3.58197E-4 1.77553E-4 4.97581E-5 5.88233E-5 4.70954E-5 3.90215E-5 2.68865E-5 6.32301E-5 3.10884E-5 5.18536E-5 7.47E-5 4.72288E-5 3.82971E-5 7.04528E-5 1.94359E-4 3.94056E-4 8.70117E-4 4.15554E-3 3.3101E-4 1.33786E-3 6.03308E-3 2.19049E-2 1.90634E-2 -9999 -9999 -9999 5.04363E-2 -9999 -9999 -9999 -9999 -9999 -9999 -9999 -9999 -9999 -9999 -9999 -9999 -9999 2.27658E-2 2.30198E-2 2.50494E-2 2.18732E-2 2.16333E-2 3.74841E-2 6.67932E-2 7.73313E-2 3.29476E-2 3.29963E-2 6.03305E-3 2.27379E-3 1.28005E-2 9.82795E-3 3.89117E-3 4.51441E-3 1.79309E-2 7.7228E-3 2.55585E-3 1.81334E-3 2.59024E-3 1.3607E-3 5.17692E-4 4.78171E-4 3.52299E-3 1.61671E-3 5.24341E-4 2.83957E-4 4.18354E-4 1.76123E-4 1.71454E-4 2.2973E-4 3.04101E-4 2.3458E-4
1.63013E-5 3.56524E-5 1.18088E-4 2.69844E-4 1.43665E-4 1.13177E-4 5.7436E-5 8.97987E-5 2.82056E-5 3.18841E-5 2.67854E-5 6.61471E-5 1.09325E-4 4.29153E-5 5.3797E-5 6.53038E-5 2.874E-4 5.68621E-4 1.054E-3 2.77941E-3 3.26565E-4 3.88486E-4 3.38267E-3 6.66895E-3 -9999 -9999 -9999 -9999 -9999 -9999 -9999 -9999 -9999 -9999 -9999 -9999 -9999 -9999 -9999 -9999 -9999 -9999 -9999 2.52555E-2 2.34508E-2 2.05263E-2 2.89726E-2 5.72292E-2 6.68925E-2 3.75146E-2 2.14652E-2 1.19745E-2 5.04033E-3 1.78931E-3 6.0151E-3 5.97344E-3 2.94846E-3 3.86916E-3 1.63972E-2 1.42792E-2 3.67501E-3 2.60587E-3 6.86989E-4 5.84137E-4 3.48365E-4 6.72746E-4 1.13751E-3 1.86108E-3 2.10993E-4 1.51782E-4 3.74683E-4 3.40576E-4 3.47533E-4 2.01679E-4 3.37741E-4 3.45279E-4
1.9298E-4 2.38076E-4 1.26616E-4 2.54233E-4 1.20087E-4 2.37262E-5 5.07395E-5 2.68029E-4 1.34428E-4 3.74699E-5 4.15605E-5 1.26473E-4 2.57023E-4 4.07543E-5 3.73642E-5 8.52545E-5 3.01988E-4 4.67283E-4 1.24259E-3 1.67446E-3 2.42337E-3 3.3228E-4 9.88995E-4 6.12926E-3 -9999 -9999 -9999 -9999 -9999 -9999 -9999 -9999 -9999 -9999 -9999 -9999 -9999 -9999 -9999 -9999 -9999 -9999 -9999 3.98044E-2 3.16913E-2 7.18482E-2 5.60322E-2 9.7526E-2 8.0375E-2 4.47752E-2 2.98488E-2 8.57314E-3 2.19247E-3 1.60393E-3 4.09896E-3 5.95404E-3 5.22171E-3 5.25908E-3 1.82208E-2 1.66136E-2 4.0619E-3 1.71385E-3 2.05735E-4 4.48394E-4 1.75807E-4 5.53471E-4 9.74918E-4 2.62551E-4 1.35169E-4 2.11903E-4 1.17379E-4 4.65452E-4 4.40742E-4 2.59068E-4 3.39644E-4 5.53319E-4
1.67536E-4 1.86089E-4 9.27254E-5 5.82156E-5 3.83833E-5 1.72509E-5 5.18091E-5 1.5096E-4 8.27727E-5 5.76677E-5 8.21233E-5 1.83273E-4 5.54882E-4 1.06544E-4 1.54558E-5 2.69806E-5 2.42355E-4 6.95086E-4 2.00796E-3 4.80027E-3 2.30431E-3 1.96188E-3 4.64136E-4 4.47917E-3 1.06966E-2 -9999 -9999 -9999 -9999 -9999 -9999 -9999 -9999 -9999 -9999 -9999 -9999 -9999 -9999 -9999 -9999 4.20965E-2 6.45754E-2 4.31719E-2 3.42638E-2 7.86691E-2 9.27409E-2 5.79888E-2 3.71591E-2 3.90161E-2 2.02755E-2 8.34754E-3 6.1302E-4 3.62838E-4 6.27873E-4 1.82861E-3 5.00498E-3 7.91473E-3 8.62149E-3 1.52948E-2 6.44102E-3 7.97622E-4 9.87473E-4 4.34552E-4 3.12687E-4 4.34483E-4 5.13695E-4 7.28245E-4 1.9966E-4 3.24844E-4 4.02079E-4 4.58069E-4 3.40523E-4 2.75922E-4 4.55611E-4 3.05963E-4
1.64407E-4 6.59196E-5 3.27941E-5 6.31827E-5 6.28938E-5 6.0324E-5 3.43223E-5 4.09141E-5 2.3324E-5 1.55284E-5 3.81943E-5 1.13768E-4 6.03132E-4 1.35956E-4 3.85459E-5 5.72728E-5 1.51542E-4 1.81767E-3 7.42493E-3 8.67999E-3 6.33998E-3 3.23741E-3 2.03791E-3 7.39296E-3 1.98168E-2 2.47543E-2 -9999 -9999 -9999 -9999 -9999 -9999 -9999 -9999 -9999 -9999 -9999 -9999 -9999 -9999 2.70292E-2 4.46312E-2 7.69542E-2 3.7497E-2 5.97037E-2 6.53598E-2 3.55064E-2 3.34374E-2 3.47329E-2 3.37226E-2 4.78322E-3 5.00389E-3 1.70474E-3 9.06245E-4 3.16641E-4 2.26816E-3 2.34318E-3 4.45915E-3 2.21492E-3 4.4404E-3 5.47973E-3 2.17924E-3 1.26499E-3 5.31705E-4 3.59288E-4 2.84153E-4 2.81929E-4 3.6209E-4 2.87421E-4 4.13968E-4 3.98353E-4 5.12022E-4 5.27992E-4 4.6036E-4 3.189E-4 7.32291E-4
6.94659E-5 2.47816E-5 9.38814E-6 1.01571E-4 1.53415E-4 1.57351E-4 1.76138E-5 1.3357E-4 4.56921E-4 1.41207E-4 3.06085E-4 1.02805E-3 2.8587E-4 1.33418E-4 5.06433E-5 6.95206E-5 6.23621E-4 1.5765E-3 5.43585E-3 1.88567E-2 8.04037E-3 8.37271E-3 1.17437E-2 4.49579E-3 1.39265E-2 -9999 -9999 -9999 -9999 -9999 -9999 -9999 -9999 -9999 -9999 -9999 -9999 -9999 -9999 -9999 2.92306E-2 3.59133E-2 7.32203E-2 7.09733E-2 5.30177E-2 3.15672E-2 1.63737E-2 1.17327E-2 1.23074E-2 1.60565E-2 6.13874E-3 8.46143E-4 9.79351E-4 7.52907E-4 6.86816E-4 1.35563E-3 9.43444E-4 3.20982E-3 1.65625E-3 1.51502E-3 5.45637E-3 2.06094E-3 1.59182E-4 4.56579E-4 3.11275E-4 3.33899E-4 3.26608E-4 3.74799E-4 3.9608E-4 4.60229E-4 4.18914E-4 4.68096E-4 6.02774E-4 5.69682E-4 3.5907E-4 9.0263E-4
1.21504E-5 2.77961E-5 5.5256E-5 1.00057E-4 1.09168E-4 1.29816E-4 3.386E-5 6.88334E-5 8.02977E-4 1.13231E-3 1.47363E-3 2.02528E-3 2.10989E-4 3.53313E-5 5.14431E-5 2.8443E-4 1.25426E-3 2.19689E-3 8.38389E-3 -9999 1.2155E-2 2.22825E-2 1.24161E-2 1.42207E-2 1.19331E-2 -9999 -9999 -9999 -9999 -9999 -9999 -9999 -9999 -9999 -9999 -9999 -9999 -9999 -9999 -9999 2.72264E-2 5.19904E-2 9.52628E-2 9.66184E-2 4.57803E-2 1.77737E-2 1.2679E-2 1.19603E-2 7.59249E-3 4.5607E-3 1.21684E-2 1.30999E-3 1.27493E-3 7.8678E-4 9.16994E-4 6.3906E-4 1.04666E-3 1.00843E-3 5.47151E-4 1.05815E-3 2.7048E-3 1.83617E-3 1.57368E-4 4.37441E-4 1.80996E-4 2.72384E-4 3.24707E-4 3.17535E-4 3.27862E-4 2.15028E-4 3.5942E-4 3.49041E-4 3.14372E-4 1.84038E-3 8.84393E-4 1.33159E-3
7.29562E-6 4.73034E-5 4.81396E-5 9.03284E-5 3.30133E-5 7.31851E-5 1.05268E-5 1.46335E-5 2.73697E-4 4.01848E-3 1.77195E-3 6.19274E-4 7.77001E-5 5.60064E-5 1.41364E-4 1.01356E-3 2.44506E-3 3.79115E-3 6.31994E-3 -9999 -9999 -9999 3.75991E-2 2.95006E-2 9.27791E-2 -9999 -9999 -9999 -9999 -9999 -9999 -9999 -9999 -9999 -9999 -9999 -9999 -9999 -9999 -9999 -9999 -9999 -9999 6.86271E-2 1.91481E-2 1.96359E-2 2.12465E-2 8.98397E-3 2.77518E-3 9.58894E-4 2.09623E-3 1.49124E-3 1.05534E-3 2.53777E-4 1.98302E-4 1.21538E-4 4.71342E-4 6.90127E-4 1.97593E-4 1.74042E-4 8.29783E-4 3.19868E-3 5.27176E-4 3.32041E-4 1.79568E-4 2.23393E-4 1.9251E-4 3.08123E-4 3.43194E-4 1.48601E-4 1.64208E-4 2.03855E-4 3.69045E-4 1.21955E-3 1.66157E-3 9.39214E-4
5.27311E-6 1.78323E-5 2.91815E-5 1.21844E-5 2.21903E-5 3.78668E-5 3.81468E-5 1.0783E-4 3.0789E-4 4.36443E-3 1.45801E-3 1.02866E-4 4.55189E-5 9.08835E-5 3.39996E-4 1.28507E-3 3.85107E-3 9.33129E-3 1.61538E-2 2.05135E-2 -9999 -9999 -9999 -9999 -9999 -9999 -9999 -9999 -9999 -9999 -9999 -9999 -9999 -9999 -9999 -9999 -9999 -9999 -9999 -9999 -9999 9.17596E-2 3.71229E-2 2.06617E-2 3.28348E-2 2.15635E-2 1.0004E-2 3.21843E-3 2.85082E-3 8.15838E-4 1.51757E-3 2.03217E-3 5.56873E-4 9.76734E-5 1.63972E-4 9.53114E-5 2.65074E-4 1.53297E-4 2.04761E-4 3.13138E-4 1.18335E-3 6.85927E-4 1.30441E-3 2.78425E-4 1.88765E-4 1.97247E-4 1.57191E-4 1.69145E-4 1.87742E-4 2.2623E-4 2.47229E-4 3.59638E-4 1.98737E-4 4.65857E-4 8.95937E-4 1.45925E-3
1.88215E-5 1.79966E-5 1.02811E-5 1.15888E-5 1.39752E-5 3.38591E-5 5.04099E-4 2.92894E-4 3.73448E-3 2.82658E-3 9.55881E-4 1.39149E-4 2.14928E-5 3.05006E-4 1.23294E-3 2.93488E-3 7.16827E-3 1.17506E-2 7.45897E-3 1.44625E-2 -9999 -9999 -9999 -9999 -9999 -9999 -9999 -9999 -9999 -9999 -9999 -9999 -9999 -9999 -9999 -9999 -9999 -9999 -9999 -9999 8.15431E-2 6.47221E-2 -9999 3.76029E-2 3.22459E-2 8.04472E-3 7.72359E-3 7.75202E-3 3.23445E-3 1.82099E-3 7.55576E-4 3.6203E-4 4.72378E-4 3.19187E-4 3.54759E-4 3.0871E-4 4.00254E-4 2.31653E-4 1.01461E-4 2.12966E-4 4.95923E-4 4.26219E-4 1.17353E-3 1.99214E-4 1.87903E-4 3.90549E-4 2.79773E-4 1.35738E-4 1.44687E-4 2.5177E-4 2.08469E-4 3.60028E-4 4.18972E-4 2.16102E-4 5.34616E-4 9.60266E-4
7.72991E-5 1.04217E-4 1.17547E-5 2.87397E-5 5.37579E-5 5.55111E-5 8.69903E-4 3.86201E-3 5.84334E-3 1.89802E-3 7.02169E-4 1.71404E-5 4.39659E-5 2.61433E-4 2.10191E-3 5.28257E-3 1.93494E-2 1.3552E-2 2.10745E-2 -9999 -9999 -9999 -9999 -9999 -9999 -9999 -9999 -9999 -9999 -9999 -9999 -9999 -9999 -9999 -9999 -9999 -9999 -9999 -9999 6.27068E-2 6.61716E-2 -9999 -9999 6.24682E-2 5.17274E-2 1.69846E-2 1.12429E-2 3.13399E-3 8.23535E-3 6.26416E-3 1.48572E-3 2.8119E-4 6.02361E-4 2.42247E-4 2.75679E-4 4.72453E-4 3.55531E-4 4.73134E-4 3.11532E-4 2.46591E-4 2.11306E-4 1.72129E-4 2.00233E-4 3.22085E-4 1.66858E-4 1.22984E-4 1.54671E-4 3.44406E-4 2.16118E-4 1.87499E-4 2.40257E-4 2.36456E-4 2.57863E-4 7.04715E-4 4.36319E-4 1.12607E-3
1.71453E-5 4.67058E-5 2.53928E-4 2.70592E-4 5.93618E-6 1.29504E-4 2.31603E-4 3.76314E-3 6.93811E-3 -9999 -9999 1.51726E-4 1.37696E-4 1.27775E-3 2.01947E-3 5.05618E-3 1.46957E-2 2.74661E-2 -9999 -9999 -9999 -9999 -9999 -9999 -9999 -9999 -9999 -9999 -9999 -9999 -9999 -9999 -9999 -9999 -9999 -9999 -9999 -9999 -9999 -9999 -9999 -9999 -9999 2.60377E-2 2.48873E-2 4.08441E-2 2.98668E-2 2.32584E-2 1.04525E-2 1.30355E-2 3.4417E-3 2.4201E-3 1.35681E-3 3.12018E-4 3.30897E-4 2.23436E-4 1.99962E-4 3.57233E-4 2.37043E-4 3.44291E-4 3.28207E-4 2.66561E-4 1.51026E-4 1.73904E-4 1.95206E-4 9.77964E-5 1.04593E-4 2.24332E-4 5.47606E-4 4.71068E-4 4.03675E-4 6.46255E-4 7.68581E-4 1.38998E-3 7.34408E-4 7.63946E-4
1.85968E-5 2.08596E-5 2.59043E-5 5.03397E-4 1.14283E-3 2.93706E-4 4.86356E-4 7.30934E-3 8.99402E-3 -9999 -9999 4.12265E-4 8.54891E-4 2.92765E-3 6.14539E-3 8.82801E-3 1.8268E-2 1.42308E-2 4.04497E-2 -9999 -9999 -9999 -9999 -9999 -9999 -9999 -9999 -9999 -9999 -9999 -9999 -9999 -9999 -9999 -9999 -9999 -9999 -9999 -9999 -9999 -9999 -9999 -9999 2.02691E-2 1.56179E-2 3.06078E-2 1.41665E-2 8.64929E-3 8.83872E-3 5.56787E-3 4.13124E-3 2.27015E-3 2.87727E-3 9.40072E-4 3.08592E-4 2.77473E-4 3.2527E-4 3.20266E-4 2.23965E-4 6.14562E-4 3.92897E-4 2.84404E-4 2.25346E-4 1.16045E-4 1.9335E-4 1.33371E-4 1.19234E-4 1.53756E-4 5.7195E-4 1.12406E-3 7.51616E-4 1.42312E-3 1.57187E-3 9.76659E-4 5.5361E-4 1.12316E-3
3.25969E-5 1.16166E-5 1.92454E-5 4.50494E-5 7.14637E-4 2.02275E-3 4.66277E-3 1.05483E-2 9.56282E-3 -9999 -9999 2.92166E-3 3.46558E-3 5.48955E-3 6.25032E-3 2.32452E-2 1.95364E-2 1.46232E-2 5.14315E-2 -9999 -9999 -9999 -9999 -9999 -9999 -9999 -9999 -9999 -9999 -9999 -9999 -9999 -9999 -9999 -9999 -9999 -9999 -9999 -9999 -9999 -9999 -9999 -9999 1.3009E-2 1.01412E-2 2.60578E-2 8.78558E-3 2.48163E-3 8.4537E-4 1.72922E-3 1.10655E-3 1.69128E-3 3.96066E-4 8.56085E-4 4.56064E-4 3.76926E-4 4.44008E-4 2.49474E-4 2.61219E-4 2.4642E-4 3.70572E-4 2.64091E-4 9.39173E-5 2.39138E-4 2.23024E-4 2.44202E-4 2.11542E-4 2.18918E-4 4.45552E-4 9.48484E-4 9.85488E-4 1.21059E-3 1.46301E-3 1.52216E-3 1.346E-3 1.16179E-3
5.60378E-5 1.73666E-5 1.80778E-5 2.2055E-5 9.34044E-5 5.28176E-4 8.43442E-3 -9999 -9999 -9999 -9999 8.3411E-3 5.94762E-3 1.25776E-2 1.7276E-2 2.16199E-2 -9999 -9999 -9999 -9999 -9999 -9999 -9999 -9999 -9999 -9999 -9999 -9999 -9999 -9999 -9999 -9999 -9999 -9999 -9999 -9999 -9999 -9999 -9999 -9999 -9999 -9999 7.57025E-3 1.07437E-2 7.15962E-3 9.05483E-3 5.34237E-3 1.26432E-3 1.17371E-3 1.69251E-3 5.3569E-3 8.57385E-4 4.17054E-4 4.57358E-4 3.93295E-4 2.43986E-4 3.44053E-4 2.68606E-4 2.93491E-4 3.84811E-4 4.20954E-4 2.55659E-4 1.61517E-4 2.30068E-4 1.26146E-4 2.50787E-4 1.65155E-4 1.83507E-4 3.19157E-4 2.64037E-4 4.48769E-4 1.07838E-3 1.2194E-3 1.23462E-3 9.02238E-4 8.75663E-4
3.24782E-5 2.12566E-5 2.21406E-5 1.53375E-5 6.96835E-5 1.33912E-3 1.24647E-2 -9999 -9999 -9999 -9999 5.03308E-3 1.71379E-2 8.74828E-3 4.47585E-2 9.08403E-2 -9999 -9999 -9999 -9999 -9999 -9999 -9999 -9999 -9999 -9999 -9999 -9999 -9999 -9999 -9999 -9999 -9999 -9999 -9999 -9999 -9999 -9999 -9999 -9999 -9999 -9999 2.56076E-3 1.55361E-3 1.08833E-2 5.63854E-3 3.4342E-3 2.78995E-3 1.0325E-3 3.99993E-4 1.47612E-3 9.82628E-4 4.88541E-4 5.75555E-4 4.28551E-4 3.85721E-4 8.64886E-4 6.01904E-4 7.10135E-4 7.09646E-4 1.2816E-3 7.64681E-4 2.29206E-4 1.2993E-4 1.15739E-4 2.19289E-4 3.94631E-4 1.25194E-4 1.34562E-4 1.44773E-4 3.35056E-4 5.93701E-4 1.2341E-3 1.4237E-3 9.61618E-4 1.07368E-3
2.28941E-5 1.84278E-5 2.48819E-5 2.97544E-5 1.85221E-4 1.65593E-3 1.30569E-2 1.11142E-2 -9999 -9999 -9999 -9999 -9999 4.29235E-2 5.40038E-2 7.59996E-2 -9999 -9999 -9999 -9999 -9999 -9999 -9999 -9999 -9999 -9999 -9999 -9999 -9999 -9999 -9999 -9999 -9999 -9999 -9999 -9999 -9999 -9999 -9999 -9999 -9999 -9999 1.74502E-3 4.10302E-3 6.96997E-3 3.01585E-3 6.39262E-4 9.37131E-4 1.31472E-3 1.35491E-3 1.51739E-3 3.76671E-4 4.53344E-4 4.60079E-4 4.88432E-4 1.06294E-3 4.20375E-4 5.88406E-4 1.10823E-3 1.19759E-3 1.66598E-3 8.47381E-4 2.28142E-4 3.27119E-4 8.20397E-4 2.05583E-4 1.32518E-4 1.58862E-4 9.89228E-5 1.47062E-4 1.81265E-4 2.30921E-4 9.80484E-4 1.35198E-3 9.90033E-4 1.60576E-3
2.93189E-5 1.72765E-5 2.45931E-5 4.12046E-5 6.44359E-4 2.92017E-3 9.42471E-3 6.41066E-3 -9999 -9999 -9999 -9999 -9999 -9999 6.89742E-2 -9999 -9999 -9999 -9999 -9999 -9999 -9999 -9999 -9999 -9999 -9999 -9999 -9999 -9999 -9999 -9999 -9999 -9999 -9999 -9999 -9999 -9999 -9999 -9999 -9999 -9999 -9999 1.12687E-2 1.84875E-3 3.48071E-3 2.11759E-3 9.79938E-4 1.41891E-3 1.51174E-3 1.34544E-3 4.52362E-4 2.8194E-4 2.07885E-4 2.10254E-4 2.63698E-4 1.2709E-3 8.41526E-4 1.17119E-3 1.54025E-3 1.82861E-3 1.84158E-3 1.61229E-3 1.51042E-3 1.2951E-3 4.86756E-4 2.09977E-4 2.03398E-4 1.97933E-4 9.63899E-5 1.21854E-4 2.74266E-4 6.86748E-4 9.72583E-4 1.35781E-3 1.00091E-3 1.55815E-3
7.29233E-5 3.70611E-5 1.39231E-5 2.89915E-5 1.07458E-4 1.47591E-3 1.27489E-3 1.31101E-3 3.10264E-3 4.64006E-3 1.09947E-2 -9999 -9999 -9999 -9999 -9999 -9999 -9999 -9999 -9999 -9999 -9999 -9999 -9999 -9999 -9999 -9999 -9999 -9999 -9999 -9999 -9999 -9999 -9999 -9999 -9999 -9999 -9999 -9999 -9999 -9999 -9999 1.23241E-2 3.39696E-3 4.67578E-3 5.57441E-3 4.30798E-3 1.20928E-3 8.10234E-4 3.6536E-4 2.26272E-4 4.04911E-4 7.97605E-4 1.5079E-4 1.41957E-4 2.71923E-4 1.21563E-3 2.0989E-3 2.10616E-3 1.32115E-3 1.0662E-3 7.51747E-4 1.40933E-3 1.39791E-3 1.55258E-4 8.59748E-5 8.56518E-5 1.12335E-4 1.50138E-4 1.34254E-4 2.53563E-4 9.83448E-4 1.62311E-3 1.59716E-3 1.35663E-3 1.15998E-3
4.32145E-5 2.22796E-5 1.66428E-5 1.57359E-5 1.99475E-4 2.11952E-3 1.85811E-3 3.09994E-3 4.24103E-3 3.0498E-3 4.75879E-3 1.6803E-2 3.93323E-2 -9999 -9999 -9999 -9999 -9999 -9999 -9999 -9999 -9999 -9999 -9999 -9999 -9999 -9999 -9999 -9999 -9999 -9999 -9999 -9999 -9999 -9999 -9999 -9999 -9999 -9999 -9999 -9999 -9999 -9999 5.98732E-3 4.83037E-3 7.03008E-3 4.29059E-3 8.59219E-4 3.1446E-4 1.98477E-4 1.28727E-4 1.59184E-4 3.59521E-4 2.51682E-4 1.51263E-4 2.76603E-4 2.91097E-4 1.32478E-3 9.72499E-4 4.12887E-4 5.427E-4 3.89605E-4 6.02449E-4 9.31868E-4 2.45022E-4 1.65486E-4 1.82874E-4 2.61326E-4 1.59619E-4 1.95695E-4 3.76419E-4 1.11038E-3 1.40955E-3 1.31163E-3 1.22471E-3 1.38192E-3
5.09998E-5 2.56571E-5 1.00393E-5 1.79717E-5 1.17354E-4 1.48179E-3 5.52372E-3 5.13788E-3 7.02309E-3 4.59596E-3 4.42702E-3 3.56554E-2 1.02044E-1 5.23441E-2 -9999 -9999 -9999 -9999 -9999 -9999 -9999 -9999 -9999 -9999 -9999 -9999 -9999 -9999 -9999 -9999 -9999 -9999 -9999 -9999 -9999 -9999 -9999 -9999 -9999 -9999 -9999 -9999 -9999 1.14784E-2 5.5195E-3 4.18929E-3 3.70423E-3 2.13305E-3 3.8767E-4 2.60937E-4 3.89644E-4 6.59257E-4 2.96402E-4 8.83414E-5 2.25264E-4 2.75966E-4 1.55283E-4 2.53762E-4 1.7249E-4 1.48225E-4 1.85404E-4 2.22277E-4 3.0702E-4 5.06178E-4 4.10834E-4 2.76713E-4 4.16815E-4 3.79857E-4 2.46639E-4 2.07784E-4 3.29535E-4 5.0145E-4 1.3306E-3 1.44444E-3 1.26832E-3 -9999
1.85019E-5 1.60888E-5 1.10456E-5 7.48193E-5 1.23239E-3 1.9781E-3 1.10849E-2 1.04405E-2 3.52169E-2 -9999 6.08049E-3 4.21344E-2 -9999 -9999 -9999 -9999 -9999 -9999 -9999 -9999 -9999 -9999 -9999 -9999 -9999 -9999 -9999 -9999 -9999 -9999 -9999 -9999 -9999 -9999 -9999 -9999 -9999 -9999 -9999 -9999 -9999 -9999 -9999 -9999 1.4328E-2 9.37653E-3 6.86975E-3 1.06754E-3 3.84586E-4 3.29352E-4 1.09532E-3 6.22247E-4 1.81756E-4 6.45112E-5 7.36718E-5 1.13141E-4 1.17036E-4 2.22459E-4 1.41115E-4 1.33198E-4 1.06001E-4 1.30412E-4 1.81828E-4 2.99544E-4 9.77537E-4 1.29867E-3 1.59933E-3 1.31437E-3 7.24727E-4 5.72854E-4 4.05853E-4 1.22136E-3 9.48736E-4 -9999 -9999 -9999
1.73391E-5 1.47879E-5 3.98217E-5 1.38229E-3 2.54659E-3 2.98802E-3 1.30712E-2 1.07112E-2 3.82319E-2 -9999 1.32713E-2 -9999 -9999 -9999 -9999 -9999 -9999 -9999 -9999 -9999 -9999 -9999 -9999 -9999 -9999 -9999 -9999 -9999 -9999 -9999 -9999 -9999 -9999 -9999 -9999 -9999 -9999 -9999 -9999 -9999 -9999 -9999 -9999 -9999 -9999 8.90849E-3 9.64158E-3 2.46203E-3 4.51656E-4 8.06276E-4 6.88517E-4 4.86204E-4 2.31676E-4 1.32983E-4 1.06249E-4 7.33629E-5 6.14093E-5 1.78601E-4 1.52595E-4 1.50562E-4 1.12569E-4 1.45661E-4 2.08706E-4 5.02424E-4 9.62317E-4 1.34851E-3 1.05743E-3 1.13926E-3 1.05596E-3 1.08483E-3 8.3405E-4 1.07219E-3 -9999 -9999 -9999 -9999
1.60577E-5 2.93787E-5 9.55948E-5 1.5589E-3 5.99107E-3 6.51111E-3 1.2234E-2 4.11037E-2 -9999 -9999 -9999 -9999 -9999 -9999 -9999 -9999 -9999 -9999 -9999 -9999 -9999 -9999 -9999 -9999 -9999 -9999 -9999 -9999 -9999 -9999 -9999 -9999 -9999 -9999 -9999 -9999 -9999 -9999 -9999 -9999 -9999 -9999 -9999 -9999 -9999 -9999 6.67995E-3 7.0378E-4 1.13728E-3 1.70016E-3 1.29363E-3 4.32475E-4 2.64245E-4 1.8574E-4 1.92126E-4 1.64716E-4 1.26268E-4 6.94477E-5 2.8136E-4 1.50345E-4 1.35429E-4 2.5776E-4 3.69197E-4 6.34454E-4 2.06995E-4 6.88367E-4 4.90571E-4 4.2979E-4 7.5915E-4 9.59602E-4 4.02866E-4 -9999 -9999 -9999 -9999 -9999
3.84176E-5 1.59559E-5 4.91513E-4 4.11018E-3 6.23185E-3 1.60169E-2 8.91245E-3 1.87705E-2 -9999 -9999 -9999 -9999 -9999 -9999 -9999 -9999 -9999 -9999 -9999 -9999 -9999 -9999 -9999 -9999 -9999 -9999 -9999 -9999 -9999 -9999 -9999 -9999 -9999 -9999 -9999 -9999 -9999 -9999 -9999 -9999 1.11183E-2 8.96862E-3 1.07657E-2 -9999 -9999 -9999 -9999 7.6181E-3 9.69479E-3 4.86248E-3 1.53974E-3 5.74716E-4 1.92285E-4 2.05139E-4 1.85355E-4 3.94014E-4 1.58806E-4 2.02029E-5 1.29446E-4 2.75524E-4 3.22417E-4 3.94592E-4 6.33902E-4 6.08893E-4 3.22782E-4 2.48252E-4 3.0311E-4 4.20442E-4 8.90227E-4 7.09694E-4 -9999 -9999 -9999 -9999 -9999 -9999
1.79781E-5 2.31178E-4 1.45871E-3 5.01262E-3 1.21574E-2 2.66868E-2 -9999 -9999 1.35379E-2 -9999 -9999 -9999 -9999 -9999 -9999 -9999 -9999 -9999 -9999 -9999 -9999 -9999 -9999 -9999 -9999 -9999 -9999 -9999 -9999 -9999 -9999 -9999 -9999 -9999 -9999 -9999 -9999 -9999 -9999 -9999 2.09043E-3 2.29672E-3 7.75936E-3 1.00496E-2 1.13273E-2 -9999 -9999 2.28052E-2 1.76016E-2 1.24514E-2 1.16432E-3 2.94261E-4 6.40558E-4 7.43354E-4 7.28407E-4 4.96268E-4 1.22149E-4 2.89502E-5 2.55493E-4 2.93842E-4 1.69337E-4 4.22722E-4 3.81573E-4 4.97221E-4 4.0567E-4 2.05165E-4 3.25347E-4 3.45424E-4 7.90099E-4 -9999 -9999 -9999 -9999 -9999 -9999 -9999
8.80576E-5 8.09397E-4 5.18238E-3 6.05513E-3 1.8025E-2 2.47855E-2 -9999 -9999 1.9664E-2 -9999 -9999 -9999 -9999 -9999 -9999 -9999 -9999 -9999 -9999 -9999 -9999 -9999 -9999 -9999 -9999 -9999 -9999 -9999 -9999 -9999 -9999 -9999 -9999 -9999 -9999 -9999 -9999 -9999 -9999 -9999 1.5917E-3 1.45617E-3 8.41159E-3 4.38742E-3 1.90997E-3 2.36757E-3 4.15039E-3 5.33705E-3 1.56429E-2 1.09655E-2 7.51933E-3 8.98266E-4 1.62027E-3 7.28638E-4 5.76239E-4 2.78735E-4 3.39031E-5 2.90791E-5 6.58014E-5 1.69958E-4 1.06566E-4 1.41147E-4 3.05156E-4 3.14513E-4 2.29265E-4 3.09173E-4 3.67181E-4 6.22457E-4 6.73423E-4 -9999 -9999 -9999 -9999 -9999 -9999 -9999
7.18123E-5 6.06227E-4 7.83136E-3 8.32022E-3 1.90594E-2 -9999 -9999 -9999 -9999 -9999 -9999 -9999 -9999 -9999 -9999 -9999 -9999 -9999 -9999 -9999 -9999 -9999 -9999 -9999 -9999 -9999 -9999 -9999 -9999 -9999 -9999 -9999 -9999 -9999 -9999 -9999 -9999 1.50311E-2 1.64789E-2 -9999 -9999 1.33766E-3 2.21832E-3 2.70033E-3 2.02272E-3 8.09151E-4 2.77531E-4 4.2992E-4 5.04519E-3 1.30205E-2 5.49411E-3 6.46002E-3 1.41359E-3 4.87978E-4 2.53563E-4 4.20386E-5 8.25153E-5 1.10008E-4 9.37669E-5 1.45444E-4 8.45255E-5 1.56775E-4 2.24925E-4 2.72351E-4 2.07754E-4 2.20841E-4 6.33629E-4 5.58777E-4 -9999 -9999 -9999 -9999 -9999 -9999 -9999 -9999
1.35497E-4 1.46443E-3 1.28826E-2 2.87438E-2 1.06794E-2 2.04033E-2 -9999 -9999 -9999 -9999 -9999 -9999 -9999 -9999 -9999 -9999 -9999 -9999 -9999 -9999 -9999 -9999 -9999 -9999 -9999 -9999 -9999 -9999 -9999 -9999 -9999 -9999 -9999 -9999 -9999 -9999 -9999 1.41592E-2 1.99534E-2 -9999 -9999 1.05464E-3 2.1239E-3 5.30081E-4 4.86928E-4 2.76837E-4 4.18155E-4 5.85285E-4 2.78871E-3 6.36358E-3 8.14382E-3 8.70658E-3 4.53453E-4 3.02179E-4 8.95654E-5 9.38709E-5 1.54754E-4 2.63449E-4 2.46581E-4 1.67609E-4 9.13255E-5 1.85697E-4 4.47422E-4 2.99337E-4 2.40496E-4 1.73359E-4 4.5549E-4 5.77132E-4 -9999 -9999 -9999 -9999 -9999 -9999 -9999 -9999
7.27128E-4 6.08983E-3 1.41617E-2 2.79687E-2 -9999 -9999 6.6566E-2 -9999 -9999 -9999 -9999 -9999 -9999 -9999 -9999 -9999 -9999 -9999 -9999 -9999 -9999 -9999 -9999 -9999 -9999 -9999 -9999 -9999 -9999 -9999 -9999 -9999 -9999 -9999 -9999 -9999 -9999 9.83366E-3 2.22339E-2 6.79126E-3 3.61121E-3 1.62773E-3 3.50023E-3 2.49936E-4 6.88927E-5 4.33812E-4 9.17264E-4 3.49259E-3 2.68307E-3 6.08477E-4 1.02535E-3 5.46896E-3 1.49769E-3 9.9236E-4 1.69226E-3 8.52963E-4 4.03341E-4 3.05729E-4 3.42353E-4 8.11662E-5 1.05496E-4 1.77343E-4 1.99129E-4 1.14182E-4 5.1529E-5 1.71296E-4 2.30388E-4 3.83828E-4 -9999 -9999 -9999 -9999 -9999 -9999 -9999 -9999
2.22502E-3 9.25194E-3 1.71925E-2 1.69296E-2 1.87594E-2 -9999 -9999 -9999 -9999 -9999 -9999 -9999 -9999 -9999 -9999 -9999 -9999 -9999 -9999 -9999 -9999 -9999 -9999 -9999 -9999 -9999 -9999 -9999 -9999 -9999 -9999 -9999 -9999 -9999 -9999 -9999 -9999 8.48816E-3 3.05032E-3 6.96588E-3 7.27561E-3 4.96726E-3 1.64126E-3 3.95623E-4 1.68432E-4 5.48776E-4 7.324E-4 1.18907E-3 1.11477E-3 2.17049E-4 3.64694E-4 2.90828E-3 9.13962E-4 5.25814E-4 6.76118E-4 5.71045E-4 2.02971E-4 1.00941E-4 9.20186E-5 2.66778E-5 5.92741E-5 5.57553E-5 1.01367E-4 1.56777E-4 6.87338E-5 1.51033E-4 1.98784E-4 -9999 -9999 -9999 -9999 -9999 -9999 -9999 -9999 -9999
