ENM/Final_Models/M_0.8_F_q_Set_1_NE/Gustavia_santanderiensis_6_Choco_novel.asc
ncols         367
nrows         963
xllcorner     -78.6
yllcorner     0.65
cellsize      0.00833333333333323
NODATA_value  -9999
[rows 930 to 959 of 963, columns 68 to 135 of 367]
3.59246E0 5.40864E0 5.64814E0 4.84982E0 6.54625E0 6.38659E0 7.12504E0 6.32671E0 3.05359E0 2.15547E0 5.1891E-1 5.78785E-1 7.78365E-1 2.59455E-1 2.79413E-1 5.98743E-1 8.18282E-1 1.19749E0 9.3803E-1 1.35715E0 1.77627E0 2.0956E0 2.83405E0 3.39287E0 3.45275E0 3.87187E0 4.4307E0 4.73007E0 4.63028E0 4.59036E0 3.75212E0 3.11346E0 2.55464E0 2.4748E0 2.25526E0 2.55464E0 3.15338E0 3.21325E0 2.93384E0 2.51472E0 2.51472E0 3.13342E0 3.15338E0 2.87396E0 2.61451E0 2.89392E0 2.97376E0 2.89392E0 3.11346E0 3.35296E0 3.53258E0 4.21116E0 4.71011E0 4.84982E0 4.11137E0 4.59036E0 4.07145E0 4.49057E0 4.25107E0 4.49057E0 5.14919E0 7.12504E0 7.26474E0 8.08303E0 7.7637E0 8.30256E0 8.82148E0 8.32252E0
4.63028E0 4.39078E0 4.63028E0 4.63028E0 5.26894E0 5.4286E0 6.38659E0 5.20906E0 2.45484E0 2.03572E0 3.79204E-1 2.79413E-1 2.59455E-1 1.79623E-1 1.79623E-1 2.79413E-1 5.1891E-1 1.73635E0 1.59665E0 1.63656E0 2.13552E0 2.59455E0 3.27313E0 3.7122E0 3.97166E0 4.21116E0 3.89183E0 3.85191E0 3.85191E0 4.15128E0 2.93384E0 2.55464E0 2.55464E0 2.4748E0 2.37501E0 2.67438E0 3.07355E0 3.21325E0 3.13342E0 2.75422E0 2.77417E0 3.53258E0 3.13342E0 2.77417E0 3.05359E0 2.73426E0 2.93384E0 2.89392E0 3.05359E0 3.15338E0 3.65233E0 4.05149E0 4.67019E0 4.37082E0 3.87187E0 5.14919E0 5.84772E0 7.12504E0 6.38659E0 5.20906E0 5.6681E0 8.18282E0 7.12504E0 2.57459E0 2.07564E0 2.73426E0 7.16495E0 8.18282E0
2.49476E0 2.61451E0 3.67229E0 3.11346E0 3.85191E0 5.6681E0 7.60403E0 5.58826E0 2.4748E0 1.77627E0 1.17753E0 3.19329E-1 9.97904E-2 9.97904E-2 1.19749E-1 2.59455E-1 3.19329E-1 1.29728E0 1.97585E0 2.01577E0 2.13552E0 2.65443E0 3.29308E0 3.81199E0 4.05149E0 3.47271E0 3.53258E0 3.41283E0 3.53258E0 3.59246E0 2.75422E0 2.55464E0 2.31514E0 2.51472E0 2.37501E0 2.25526E0 2.77417E0 3.13342E0 3.13342E0 2.89392E0 2.77417E0 3.13342E0 3.25317E0 3.85191E0 2.67438E0 2.51472E0 2.67438E0 2.77417E0 2.93384E0 3.15338E0 3.21325E0 3.21325E0 4.25107E0 4.11137E0 3.53258E0 5.40864E0 7.16495E0 7.60403E0 7.7637E0 7.84353E0 8.70173E0 7.26474E0 3.97166E0 1.91598E0 2.55464E0 1.99581E0 1.83614E0 1.57669E0
2.25526E0 3.53258E0 2.67438E0 2.39497E0 4.37082E0 7.10508E0 7.36453E0 4.94961E0 2.17543E0 1.59665E0 9.77946E-1 5.98743E-1 1.79623E-1 9.97904E-2 2.39497E-1 2.79413E-1 6.78575E-1 1.35715E0 1.09769E0 1.97585E0 2.0956E0 2.35505E0 3.31304E0 3.81199E0 4.3309E0 3.47271E0 3.35296E0 3.47271E0 2.93384E0 3.13342E0 2.37501E0 2.35505E0 2.31514E0 2.51472E0 2.4748E0 2.45484E0 2.75422E0 3.01367E0 3.13342E0 2.75422E0 2.45484E0 2.55464E0 2.89392E0 4.05149E0 2.75422E0 2.45484E0 2.55464E0 2.55464E0 2.93384E0 3.05359E0 3.07355E0 3.07355E0 3.11346E0 4.39078E0 5.20906E0 6.12713E0 7.70382E0 7.50424E0 8.56202E0 9.06097E0 7.70382E0 6.10717E0 4.69015E0 2.21535E0 2.07564E0 -9999 -9999 7.78365E-1
3.41283E0 2.37501E0 2.73426E0 2.55464E0 4.15128E0 7.44437E0 5.14919E0 3.35296E0 1.57669E0 1.01786E0 6.78575E-1 2.79413E-1 1.19749E-1 1.19749E-1 3.19329E-1 6.58617E-1 6.58617E-1 8.58198E-1 1.05778E0 1.41702E0 2.0956E0 2.85401E0 3.53258E0 3.79204E0 3.21325E0 3.75212E0 3.01367E0 2.89392E0 2.93384E0 2.35505E0 2.25526E0 2.25526E0 2.55464E0 2.55464E0 2.59455E0 2.55464E0 2.55464E0 2.75422E0 2.75422E0 2.67438E0 2.67438E0 2.77417E0 2.93384E0 2.97376E0 3.05359E0 2.73426E0 2.75422E0 2.55464E0 2.75422E0 2.77417E0 2.93384E0 3.21325E0 4.63028E0 5.26894E0 5.4286E0 5.72797E0 6.46642E0 8.00319E0 7.30466E0 8.28261E0 8.62189E0 7.5242E0 6.666E0 4.21116E0 2.59455E0 -9999 -9999 -9999
1.65652E0 1.53677E0 1.4769E0 2.05568E0 2.4748E0 5.24898E0 7.44437E0 3.65233E0 1.59665E0 2.59455E-1 3.79204E-1 2.79413E-1 1.79623E-1 1.39707E-1 1.39707E-1 2.39497E-1 2.79413E-1 5.1891E-1 1.01786E0 1.09769E0 2.03572E0 2.49476E0 3.47271E0 3.5725E0 4.09141E0 3.35296E0 3.13342E0 2.75422E0 2.73426E0 2.49476E0 2.65443E0 2.21535E0 2.29518E0 2.73426E0 2.51472E0 2.77417E0 2.73426E0 2.51472E0 2.73426E0 2.93384E0 2.77417E0 2.87396E0 2.75422E0 2.49476E0 2.67438E0 2.59455E0 2.55464E0 2.75422E0 2.89392E0 3.01367E0 2.67438E0 3.25317E0 5.14919E0 5.84772E0 4.84982E0 5.48847E0 6.94541E0 8.04311E0 4.69015E0 2.63447E0 5.08931E0 5.46852E0 6.38659E0 4.86977E0 1.99581E0 1.35715E0 -9999 -9999
-9999 -9999 1.31723E0 2.49476E0 3.87187E0 3.75212E0 6.2868E0 5.12923E0 1.4769E0 1.79623E-1 1.19749E-1 2.79413E-1 5.1891E-1 1.99581E-1 1.79623E-1 3.39287E-1 6.58617E-1 6.58617E-1 1.05778E0 1.4769E0 2.13552E0 2.7143E0 3.03363E0 2.41493E0 3.65233E0 3.41283E0 3.21325E0 2.77417E0 2.77417E0 2.61451E0 2.97376E0 2.67438E0 2.31514E0 2.77417E0 2.4748E0 2.85401E0 2.97376E0 2.85401E0 3.13342E0 3.25317E0 3.05359E0 3.13342E0 2.59455E0 2.39497E0 2.55464E0 2.61451E0 2.65443E0 2.55464E0 2.77417E0 3.01367E0 3.01367E0 3.13342E0 4.63028E0 5.90759E0 4.73007E0 7.12504E0 7.26474E0 7.68386E0 3.05359E0 1.33719E0 1.83614E0 2.61451E0 5.10927E0 5.32881E0 3.5725E0 1.21744E0 -9999 -9999
-9999 -9999 -9999 3.41283E0 4.59036E0 5.20906E0 6.12713E0 5.02944E0 1.53677E0 1.05778E0 8.58198E-1 5.1891E-1 6.98533E-1 2.59455E-1 4.1912E-1 2.79413E-1 5.38868E-1 1.15757E0 1.31723E0 1.87606E0 1.87606E0 2.11556E0 2.49476E0 2.49476E0 3.65233E0 3.35296E0 3.45275E0 3.07355E0 2.87396E0 2.85401E0 2.77417E0 2.87396E0 2.49476E0 2.75422E0 2.59455E0 2.65443E0 2.97376E0 2.89392E0 3.15338E0 2.85401E0 2.89392E0 2.89392E0 2.97376E0 2.55464E0 2.55464E0 2.55464E0 2.73426E0 3.45275E0 2.67438E0 2.75422E0 3.01367E0 3.11346E0 4.07145E0 5.02944E0 5.00948E0 5.88764E0 7.26474E0 7.32462E0 1.77627E0 1.21744E0 9.77946E-1 9.3803E-1 1.75631E0 4.45065E0 3.53258E0 1.51681E0 -9999 -9999
-9999 -9999 -9999 -9999 5.48847E0 4.71011E0 -9999 -9999 -9999 -9999 -9999 -9999 6.98533E-1 2.79413E-1 5.78785E-1 5.98743E-1 8.18282E-1 1.09769E0 1.09769E0 1.31723E0 1.97585E0 2.27522E0 2.41493E0 3.15338E0 3.79204E0 4.11137E0 3.93174E0 3.25317E0 3.07355E0 3.05359E0 2.75422E0 2.93384E0 3.47271E0 2.77417E0 2.67438E0 3.07355E0 3.25317E0 3.05359E0 3.13342E0 3.11346E0 3.25317E0 3.59246E0 2.77417E0 2.65443E0 2.85401E0 2.4748E0 2.67438E0 3.41283E0 3.67229E0 3.75212E0 3.45275E0 3.41283E0 4.73007E0 4.11137E0 4.78994E0 5.90759E0 6.9055E0 6.56621E0 3.25317E0 1.91598E0 1.59665E0 1.07774E0 7.98324E-1 1.99581E0 4.07145E0 1.95589E0 9.18072E-1 7.98324E-1
-9999 -9999 -9999 -9999 -9999 -9999 -9999 -9999 -9999 -9999 -9999 -9999 -9999 -9999 -9999 9.77946E-1 1.59665E0 1.65652E0 1.77627E0 1.99581E0 2.13552E0 2.41493E0 3.65233E0 3.25317E0 3.53258E0 4.11137E0 3.87187E0 3.35296E0 3.41283E0 3.67229E0 3.07355E0 3.15338E0 3.79204E0 4.25107E0 4.03153E0 3.67229E0 3.59246E0 -9999 -9999 4.07145E0 3.79204E0 3.45275E0 2.93384E0 2.97376E0 2.55464E0 2.49476E0 3.45275E0 3.07355E0 3.61241E0 3.65233E0 5.02944E0 5.00948E0 5.0494E0 4.15128E0 4.67019E0 5.72797E0 5.4286E0 5.90759E0 3.23321E0 2.41493E0 1.39707E0 1.35715E0 1.21744E0 7.18491E-1 1.37711E0 1.27732E0 1.37711E0 1.01786E0
-9999 -9999 -9999 -9999 -9999 -9999 -9999 -9999 -9999 -9999 -9999 -9999 -9999 -9999 -9999 -9999 -9999 1.65652E0 2.23531E0 2.55464E0 2.45484E0 2.65443E0 2.97376E0 3.07355E0 3.75212E0 3.65233E0 3.89183E0 4.11137E0 5.12923E0 4.73007E0 4.73007E0 -9999 -9999 -9999 4.49057E0 4.25107E0 -9999 -9999 -9999 -9999 -9999 3.87187E0 3.21325E0 3.41283E0 2.85401E0 3.47271E0 3.97166E0 4.11137E0 3.67229E0 3.87187E0 3.89183E0 4.63028E0 4.25107E0 4.11137E0 4.94961E0 5.6681E0 5.68806E0 5.6681E0 3.27313E0 2.4748E0 1.77627E0 1.35715E0 1.35715E0 6.58617E-1 1.27732E0 1.07774E0 8.98114E-1 1.03782E0
-9999 -9999 -9999 -9999 -9999 -9999 -9999 -9999 -9999 -9999 -9999 -9999 -9999 -9999 -9999 -9999 -9999 -9999 -9999 2.77417E0 2.55464E0 2.93384E0 3.53258E0 3.85191E0 4.11137E0 3.87187E0 4.63028E0 -9999 -9999 -9999 -9999 -9999 -9999 -9999 -9999 -9999 -9999 -9999 -9999 -9999 -9999 -9999 4.63028E0 3.59246E0 3.05359E0 3.41283E0 3.59246E0 3.41283E0 3.85191E0 3.61241E0 3.79204E0 3.93174E0 4.15128E0 5.0494E0 4.86977E0 5.58826E0 5.96747E0 5.90759E0 5.34877E0 3.65233E0 1.59665E0 1.35715E0 9.77946E-1 9.77946E-1 1.91598E0 1.61661E0 1.15757E0 5.58826E-1
-9999 -9999 -9999 -9999 -9999 -9999 -9999 -9999 -9999 -9999 -9999 -9999 -9999 -9999 -9999 -9999 -9999 -9999 -9999 2.11556E0 3.53258E0 4.05149E0 3.87187E0 4.03153E0 4.05149E0 3.97166E0 5.0494E0 -9999 -9999 -9999 -9999 -9999 -9999 -9999 -9999 -9999 -9999 -9999 -9999 -9999 -9999 -9999 -9999 -9999 4.07145E0 4.15128E0 4.71011E0 3.89183E0 3.93174E0 4.11137E0 3.85191E0 4.49057E0 4.21116E0 4.49057E0 4.86977E0 5.4286E0 4.35086E0 3.39287E0 3.77208E0 1.91598E0 1.35715E0 7.98324E-1 8.58198E-1 6.98533E-1 1.15757E0 7.78365E-1 6.18701E-1 6.98533E-1
-9999 -9999 -9999 -9999 -9999 -9999 -9999 -9999 -9999 -9999 -9999 -9999 -9999 -9999 -9999 -9999 -9999 -9999 -9999 -9999 3.11346E0 4.71011E0 4.59036E0 4.49057E0 4.21116E0 5.16914E0 -9999 -9999 -9999 -9999 -9999 -9999 -9999 -9999 -9999 -9999 -9999 -9999 -9999 -9999 -9999 -9999 -9999 -9999 -9999 5.12923E0 4.94961E0 4.59036E0 4.73007E0 4.84982E0 5.16914E0 4.05149E0 4.39078E0 4.59036E0 4.71011E0 5.4286E0 4.3309E0 2.67438E0 2.13552E0 1.21744E0 1.33719E0 6.98533E-1 8.3824E-1 1.21744E0 7.38449E-1 4.78994E-1 3.39287E-1 2.99371E-1
-9999 -9999 -9999 -9999 -9999 -9999 -9999 -9999 -9999 -9999 -9999 -9999 -9999 -9999 -9999 -9999 -9999 -9999 -9999 -9999 2.89392E0 4.84982E0 5.08931E0 4.84982E0 -9999 -9999 -9999 -9999 -9999 -9999 -9999 -9999 -9999 -9999 -9999 -9999 -9999 -9999 -9999 -9999 -9999 -9999 -9999 -9999 -9999 4.25107E0 4.4307E0 4.78994E0 4.73007E0 4.15128E0 5.40864E0 5.26894E0 5.06935E0 4.84982E0 5.16914E0 3.03363E0 3.47271E0 2.07564E0 1.07774E0 1.07774E0 9.57988E-1 5.38868E-1 5.78785E-1 4.59036E-1 3.79204E-1 3.59246E-1 2.99371E-1 4.39078E-1
-9999 -9999 -9999 -9999 -9999 -9999 -9999 -9999 -9999 -9999 -9999 -9999 -9999 -9999 -9999 -9999 -9999 -9999 -9999 -9999 -9999 -9999 -9999 -9999 -9999 -9999 -9999 -9999 -9999 -9999 -9999 -9999 -9999 -9999 -9999 -9999 -9999 -9999 -9999 -9999 -9999 -9999 -9999 -9999 -9999 -9999 3.59246E0 3.85191E0 3.67229E0 3.93174E0 5.02944E0 4.84982E0 3.65233E0 4.23111E0 4.03153E0 2.13552E0 3.47271E0 2.55464E0 1.75631E0 5.38868E-1 7.38449E-1 7.38449E-1 4.59036E-1 3.79204E-1 -9999 -9999 -9999 -9999
-9999 -9999 -9999 -9999 -9999 -9999 -9999 -9999 -9999 -9999 -9999 -9999 -9999 -9999 -9999 -9999 -9999 -9999 -9999 -9999 -9999 -9999 -9999 -9999 -9999 -9999 -9999 -9999 -9999 -9999 -9999 -9999 -9999 -9999 -9999 -9999 -9999 -9999 -9999 -9999 -9999 -9999 -9999 -9999 -9999 -9999 4.21116E0 5.02944E0 4.49057E0 3.61241E0 4.37082E0 3.77208E0 3.27313E0 2.73426E0 3.53258E0 1.91598E0 2.13552E0 1.4769E0 7.78365E-1 4.59036E-1 3.79204E-1 2.59455E-1 3.79204E-1 1.19749E-1 -9999 -9999 -9999 -9999
-9999 -9999 -9999 -9999 -9999 -9999 -9999 -9999 -9999 -9999 -9999 -9999 -9999 -9999 -9999 -9999 -9999 -9999 -9999 -9999 -9999 -9999 -9999 -9999 -9999 -9999 -9999 -9999 -9999 -9999 -9999 -9999 -9999 -9999 -9999 -9999 -9999 -9999 -9999 -9999 -9999 -9999 -9999 -9999 -9999 4.07145E0 5.00948E0 4.3309E0 4.05149E0 4.15128E0 4.05149E0 4.25107E0 4.37082E0 3.53258E0 2.29518E0 1.75631E0 1.09769E0 1.05778E0 6.78575E-1 4.39078E-1 5.38868E-1 3.79204E-1 2.39497E-1 7.98324E-2 1.99581E-1 2.45484E0 -9999 -9999
-9999 -9999 -9999 -9999 -9999 -9999 -9999 -9999 -9999 -9999 -9999 -9999 -9999 -9999 -9999 -9999 -9999 -9999 -9999 -9999 -9999 -9999 -9999 -9999 -9999 -9999 -9999 -9999 -9999 -9999 -9999 -9999 -9999 -9999 -9999 -9999 -9999 -9999 -9999 -9999 -9999 -9999 -9999 -9999 4.78994E0 4.15128E0 4.37082E0 4.63028E0 4.3309E0 4.78994E0 4.3309E0 3.85191E0 2.73426E0 2.3351E0 2.0956E0 1.99581E0 9.77946E-1 7.18491E-1 6.58617E-1 3.79204E-1 2.39497E-1 9.97904E-2 1.99581E-1 1.19749E-1 2.39497E-1 1.09769E0 2.93384E0 3.03363E0
-9999 -9999 -9999 -9999 -9999 -9999 -9999 -9999 -9999 -9999 -9999 -9999 -9999 -9999 -9999 -9999 -9999 -9999 -9999 -9999 -9999 -9999 -9999 -9999 -9999 -9999 -9999 -9999 -9999 -9999 -9999 -9999 -9999 -9999 -9999 -9999 -9999 -9999 -9999 -9999 -9999 -9999 -9999 3.99162E0 5.20906E0 5.0494E0 4.63028E0 4.59036E0 4.37082E0 4.94961E0 4.03153E0 3.27313E0 1.73635E0 2.07564E0 1.75631E0 9.3803E-1 5.38868E-1 3.39287E-1 3.79204E-1 1.99581E-1 1.99581E-1 1.19749E-1 3.39287E-1 5.78785E-1 1.95589E0 2.75422E0 1.77627E0 3.03363E0
-9999 -9999 -9999 -9999 -9999 -9999 -9999 -9999 -9999 -9999 -9999 -9999 -9999 -9999 -9999 -9999 -9999 -9999 -9999 -9999 -9999 -9999 -9999 -9999 -9999 -9999 -9999 -9999 -9999 -9999 -9999 -9999 -9999 -9999 -9999 -9999 -9999 -9999 -9999 -9999 -9999 -9999 2.43489E0 3.59246E0 5.08931E0 4.3309E0 4.73007E0 4.27103E0 4.21116E0 3.65233E0 2.67438E0 1.61661E0 1.75631E0 1.07774E0 7.98324E-1 5.78785E-1 2.99371E-1 2.39497E-1 2.19539E-1 9.97904E-2 1.19749E-1 1.79623E-1 3.39287E-1 7.78365E-1 1.35715E0 1.39707E0 1.07774E0 2.7143E0
-9999 -9999 -9999 -9999 -9999 -9999 -9999 -9999 -9999 -9999 -9999 -9999 -9999 -9999 -9999 -9999 -9999 -9999 -9999 -9999 -9999 -9999 -9999 -9999 -9999 -9999 -9999 -9999 -9999 -9999 -9999 -9999 -9999 -9999 -9999 -9999 -9999 -9999 -9999 -9999 -9999 4.59036E0 5.48847E0 3.5725E0 2.43489E0 2.21535E0 1.91598E0 1.81619E0 1.69644E0 1.65652E0 1.73635E0 1.29728E0 9.77946E-1 6.18701E-1 4.78994E-1 4.78994E-1 2.39497E-1 1.79623E-1 2.19539E-1 1.19749E-1 7.98324E-2 1.99581E-1 3.39287E-1 9.3803E-1 2.11556E0 2.55464E0 1.61661E0 -9999
-9999 -9999 -9999 -9999 -9999 -9999 -9999 -9999 -9999 -9999 -9999 -9999 -9999 -9999 -9999 -9999 -9999 -9999 -9999 -9999 -9999 -9999 -9999 -9999 -9999 -9999 -9999 -9999 -9999 -9999 -9999 -9999 -9999 -9999 -9999 -9999 -9999 -9999 -9999 -9999 -9999 -9999 1.91598E0 1.17753E0 1.77627E0 1.07774E0 8.58198E-1 7.38449E-1 7.38449E-1 7.38449E-1 6.78575E-1 5.58826E-1 5.38868E-1 2.59455E-1 2.39497E-1 2.39497E-1 2.39497E-1 1.59665E-1 9.97904E-2 7.98324E-2 1.19749E-1 5.38868E-1 1.15757E0 2.51472E0 1.21744E0 -9999 -9999 -9999
-9999 -9999 -9999 -9999 -9999 -9999 -9999 -9999 -9999 -9999 -9999 -9999 -9999 -9999 -9999 -9999 -9999 -9999 -9999 -9999 -9999 -9999 -9999 -9999 -9999 -9999 -9999 -9999 -9999 -9999 -9999 -9999 -9999 -9999 -9999 -9999 -9999 -9999 -9999 -9999 -9999 -9999 -9999 -9999 7.78365E-1 6.18701E-1 5.78785E-1 5.1891E-1 3.79204E-1 3.79204E-1 3.79204E-1 2.59455E-1 3.79204E-1 3.79204E-1 2.39497E-1 2.99371E-1 9.97904E-2 2.99371E-1 7.98324E-2 3.79204E-1 3.39287E-1 5.58826E-1 1.03782E0 1.91598E0 -9999 -9999 -9999 -9999
-9999 -9999 -9999 -9999 -9999 -9999 -9999 -9999 -9999 -9999 -9999 -9999 -9999 -9999 -9999 -9999 -9999 -9999 -9999 -9999 -9999 -9999 -9999 -9999 -9999 -9999 -9999 -9999 -9999 -9999 -9999 -9999 -9999 -9999 -9999 -9999 -9999 -9999 -9999 -9999 -9999 -9999 -9999 -9999 -9999 4.39078E-1 5.58826E-1 4.98952E-1 2.39497E-1 1.99581E-1 3.39287E-1 4.78994E-1 5.78785E-1 4.78994E-1 3.59246E-1 1.99581E-1 4.39078E-1 5.78785E-1 2.19539E-1 2.39497E-1 2.39497E-1 3.79204E-1 -9999 -9999 -9999 -9999 -9999 -9999
-9999 -9999 -9999 -9999 -9999 -9999 -9999 -9999 -9999 -9999 -9999 -9999 -9999 -9999 -9999 -9999 -9999 -9999 -9999 -9999 -9999 -9999 -9999 -9999 -9999 -9999 -9999 -9999 -9999 -9999 -9999 -9999 -9999 -9999 -9999 -9999 -9999 -9999 -9999 -9999 -9999 -9999 -9999 -9999 -9999 9.97904E-1 5.78785E-1 9.3803E-1 4.39078E-1 2.39497E-1 2.39497E-1 4.78994E-1 7.38449E-1 3.79204E-1 5.1891E-1 1.99581E-1 3.99162E-1 9.3803E-1 2.99371E-1 3.59246E-1 1.99581E-1 1.99581E-1 -9999 -9999 -9999 -9999 -9999 -9999
-9999 -9999 -9999 -9999 -9999 -9999 -9999 -9999 -9999 -9999 -9999 -9999 -9999 -9999 -9999 -9999 -9999 -9999 -9999 -9999 -9999 -9999 -9999 -9999 -9999 -9999 -9999 -9999 -9999 -9999 -9999 -9999 -9999 -9999 -9999 -9999 -9999 -9999 -9999 -9999 -9999 -9999 -9999 -9999 -9999 -9999 2.57459E0 2.17543E0 1.29728E0 6.98533E-1 3.79204E-1 4.1912E-1 4.78994E-1 3.59246E-1 3.79204E-1 2.39497E-1 2.39497E-1 5.38868E-1 3.79204E-1 4.39078E-1 5.1891E-1 -9999 -9999 -9999 -9999 -9999 -9999 -9999
-9999 -9999 -9999 -9999 -9999 -9999 -9999 -9999 -9999 -9999 -9999 -9999 -9999 -9999 -9999 -9999 -9999 -9999 -9999 -9999 -9999 -9999 -9999 -9999 -9999 -9999 -9999 -9999 -9999 -9999 -9999 -9999 -9999 -9999 -9999 -9999 -9999 -9999 -9999 -9999 -9999 -9999 -9999 -9999 -9999 -9999 -9999 -9999 -9999 1.15757E0 6.58617E-1 3.39287E-1 3.79204E-1 2.19539E-1 1.99581E-1 2.39497E-1 2.39497E-1 2.39497E-1 3.79204E-1 3.59246E-1 -9999 -9999 -9999 -9999 -9999 -9999 -9999 -9999
-9999 -9999 -9999 -9999 -9999 -9999 -9999 -9999 -9999 -9999 -9999 -9999 -9999 -9999 -9999 -9999 -9999 -9999 -9999 -9999 -9999 -9999 -9999 -9999 -9999 -9999 -9999 -9999 -9999 -9999 -9999 -9999 -9999 -9999 -9999 -9999 -9999 -9999 -9999 -9999 -9999 -9999 -9999 -9999 -9999 -9999 -9999 -9999 -9999 -9999 1.07774E0 6.58617E-1 4.78994E-1 4.1912E-1 2.99371E-1 2.19539E-1 2.19539E-1 2.19539E-1 2.99371E-1 -9999 -9999 -9999 -9999 -9999 -9999 -9999 -9999 -9999
-9999 -9999 -9999 -9999 -9999 -9999 -9999 -9999 -9999 -9999 -9999 -9999 -9999 -9999 -9999 -9999 -9999 -9999 -9999 -9999 -9999 -9999 -9999 -9999 -9999 -9999 -9999 -9999 -9999 -9999 -9999 -9999 -9999 -9999 -9999 -9999 -9999 -9999 -9999 -9999 -9999 -9999 -9999 -9999 -9999 -9999 -9999 -9999 -9999 -9999 -9999 -9999 3.79204E-1 1.99581E-1 1.99581E-1 1.99581E-1 1.99581E-1 3.79204E-1 3.59246E-1 -9999 -9999 -9999 -9999 -9999 -9999 -9999 -9999 -9999
