ENM/Final_Models/M_0.8_F_q_Set_1_NE/Gustavia_santanderiensis_6_Choco.asc
ncols         367
nrows         963
xllcorner     -78.6
yllcorner     0.65
cellsize      0.00833333333333323
NODATA_value  -9999
[rows 476 to 509 of 963, columns 234 to 311 of 367]
0E0 0E0 0E0 0E0 0E0 0E0 0E0 0E0 0E0 0E0 0E0 0E0 0E0 0E0 0E0 0E0 0E0 0E0 0E0 0E0 0E0 0E0 0E0 0E0 4.12366E-1 3.34947E-2 1.53017E-3 1.88554E-2 6.70142E-2 1.64142E-1 5.31225E-2 4.64163E-1 4.30815E-1 1.61219E-1 1.89111E-1 2.47575E-1 2.84786E-1 1.06161E-1 1.42759E-1 7.74377E-2 3.28086E-2 1.42855E-2 2.71414E-3 1.22789E-2 6.67135E-3 3.25912E-3 1.21516E-3 1.63113E-3 2.67164E-3 8.75838E-3 3.2199E-2 7.82739E-3 8.75354E-3 1.14591E-2 7.49693E-3 -9999 -9999 -9999 -9999 -9999 -9999 -9999 -9999 -9999 -9999 -9999 -9999 -9999 -9999 -9999 -9999 -9999 -9999 -9999 -9999 -9999 -9999 -9999
0E0 0E0 0E0 0E0 0E0 0E0 0E0 0E0 0E0 0E0 0E0 0E0 0E0 0E0 0E0 0E0 0E0 0E0 0E0 0E0 0E0 7.09322E-2 5.85697E-2 3.92661E-3 3.74793E-2 2.8387E-3 9.7659E-2 7.07978E-2 2.73878E-1 1.82785E-1 2.97032E-1 1.82424E-1 1.41081E-1 1.53042E-1 4.05534E-1 3.87365E-1 1.53889E-1 2.47689E-1 9.56349E-2 9.34804E-2 2.76468E-2 8.61235E-3 2.98365E-3 6.60518E-3 1.95802E-2 7.27715E-3 4.14095E-3 2.83161E-3 8.00922E-3 3.5838E-2 1.56398E-2 1.55958E-2 1.914E-2 3.34502E-3 5.43123E-3 -9999 -9999 -9999 -9999 -9999 -9999 -9999 -9999 -9999 -9999 -9999 -9999 -9999 -9999 -9999 -9999 -9999 -9999 -9999 -9999 -9999 -9999 -9999
0E0 0E0 0E0 0E0 0E0 0E0 0E0 0E0 0E0 0E0 0E0 0E0 0E0 0E0 0E0 0E0 0E0 0E0 1.07358E-2 8.42767E-3 7.78995E-2 2.13573E-1 1.8415E-1 1.74298E-1 3.85888E-1 6.89099E-1 3.81678E-2 1.22759E-1 3.92391E-1 4.14645E-1 0E0 3.59596E-1 1.39359E-1 2.05461E-1 2.20489E-1 2.20962E-1 1.27027E-1 1.30017E-1 9.16545E-2 1.06702E-1 1.59942E-2 1.19973E-2 8.43998E-4 3.11381E-3 5.06341E-3 6.61739E-4 9.80504E-3 2.61651E-3 2.35305E-3 1.03643E-2 2.35654E-2 1.65099E-2 1.40507E-2 5.46832E-2 5.80864E-2 -9999 -9999 -9999 -9999 -9999 -9999 -9999 -9999 -9999 -9999 -9999 -9999 -9999 -9999 -9999 -9999 -9999 -9999 -9999 -9999 -9999 -9999 -9999
0E0 0E0 0E0 0E0 0E0 0E0 0E0 0E0 0E0 0E0 0E0 0E0 0E0 0E0 0E0 0E0 0E0 2.98261E-1 5.9931E-3 8.67967E-3 9.87393E-3 7.81574E-3 8.60566E-2 3.78819E-1 6.63004E-1 6.11568E-1 4.37018E-1 1.72164E-1 0E0 0E0 0E0 0E0 0E0 5.42286E-1 8.307E-1 6.78471E-1 5.68858E-1 2.38711E-1 1.21351E-1 3.83006E-2 2.57665E-2 2.02593E-3 1.33101E-3 2.41776E-3 2.91771E-3 7.77488E-3 6.00792E-3 2.81793E-2 1.51871E-2 1.63429E-2 1.19159E-2 4.4782E-2 2.10349E-2 1.05124E-2 -9999 -9999 -9999 -9999 -9999 -9999 -9999 -9999 -9999 -9999 -9999 -9999 -9999 -9999 -9999 -9999 -9999 -9999 -9999 -9999 -9999 -9999 -9999 -9999
0E0 0E0 0E0 0E0 0E0 0E0 0E0 0E0 0E0 0E0 0E0 0E0 3.48609E-1 4.68959E-1 4.21428E-1 4.00823E-1 2.40105E-1 3.4303E-1 1.73923E-1 1.92462E-1 2.68758E-2 8.58734E-2 5.97768E-2 2.01947E-1 4.77144E-1 7.93458E-2 8.00846E-1 7.71975E-1 0E0 0E0 1.67285E-1 1.19045E-1 1.83782E-1 4.64743E-1 0E0 1.77333E-1 2.48963E-1 3.25426E-1 5.56747E-2 7.16689E-3 2.06618E-2 5.77464E-3 7.26133E-4 5.7502E-3 5.4383E-3 1.15333E-2 2.19473E-3 5.08138E-3 1.0192E-2 1.9983E-2 5.89307E-3 1.28608E-2 1.16578E-2 1.1222E-2 -9999 -9999 -9999 -9999 -9999 -9999 -9999 -9999 -9999 -9999 -9999 -9999 -9999 -9999 -9999 -9999 -9999 -9999 -9999 -9999 -9999 -9999 -9999 -9999
0E0 0E0 0E0 0E0 0E0 0E0 0E0 0E0 0E0 0E0 0E0 0E0 6.97429E-1 9.48497E-2 5.67688E-2 2.58163E-1 3.70571E-1 6.90211E-1 8.65876E-1 4.61787E-2 1.51936E-1 2.84835E-1 2.08739E-1 8.26023E-2 3.61016E-1 2.05693E-1 4.14214E-1 5.60458E-1 0E0 0E0 2.38748E-1 1.21368E-1 2.39344E-1 0E0 0E0 3.26771E-1 1.65759E-1 1.16326E-1 1.35082E-2 2.99439E-2 1.69989E-2 7.40022E-3 1.04083E-2 4.85567E-3 5.03675E-3 3.38373E-3 6.40313E-3 2.36114E-2 2.23885E-2 8.26583E-3 2.24361E-2 1.19266E-2 4.17693E-2 7.06434E-2 -9999 -9999 -9999 -9999 -9999 -9999 -9999 -9999 -9999 -9999 -9999 -9999 -9999 -9999 -9999 -9999 -9999 -9999 -9999 -9999 -9999 -9999 -9999 -9999
0E0 0E0 0E0 0E0 0E0 0E0 0E0 0E0 0E0 0E0 8.25346E-1 7.52073E-1 7.28334E-1 7.7699E-1 2.18933E-1 1.82822E-1 2.25596E-1 9.87478E-1 6.51663E-1 8.33052E-1 7.9732E-1 0E0 3.25137E-1 3.9617E-1 5.87248E-1 4.58972E-1 5.68699E-1 4.7331E-1 0E0 0E0 6.07688E-1 3.22627E-1 0E0 0E0 0E0 4.56551E-1 2.93343E-1 2.9128E-1 2.6392E-2 1.27771E-2 2.3037E-2 6.37283E-3 4.82932E-3 1.81278E-3 5.02946E-3 6.58066E-3 1.74749E-2 2.17072E-3 3.76603E-3 1.89785E-2 2.64842E-2 1.62297E-2 8.50721E-2 6.36997E-2 -9999 -9999 -9999 -9999 -9999 -9999 -9999 -9999 -9999 -9999 -9999 -9999 -9999 -9999 -9999 -9999 -9999 -9999 -9999 -9999 -9999 -9999 -9999 -9999
0E0 0E0 0E0 0E0 0E0 0E0 0E0 0E0 0E0 0E0 0E0 0E0 0E0 0E0 0E0 0E0 0E0 0E0 0E0 0E0 0E0 6.17008E-1 0E0 0E0 0E0 5.47322E-1 3.6689E-1 2.30864E-1 0E0 0E0 7.8754E-1 1.09473E-1 6.41659E-2 7.35605E-2 7.31999E-2 8.43165E-2 2.41699E-1 1.74233E-1 1.18825E-1 3.75027E-2 4.05975E-2 3.08076E-3 2.02991E-2 8.61822E-3 4.37223E-3 4.45003E-3 1.33888E-2 1.70738E-2 2.4266E-2 1.4407E-3 3.38219E-2 1.05853E-2 5.85285E-2 7.1592E-2 -9999 -9999 -9999 -9999 -9999 -9999 -9999 -9999 -9999 -9999 -9999 -9999 -9999 -9999 -9999 -9999 -9999 -9999 -9999 -9999 -9999 -9999 -9999 -9999
0E0 0E0 0E0 0E0 0E0 0E0 0E0 0E0 0E0 0E0 0E0 0E0 0E0 0E0 0E0 0E0 0E0 0E0 0E0 0E0 0E0 4.54838E-1 0E0 0E0 0E0 0E0 8.63355E-1 0E0 0E0 2.05875E-1 1.65528E-1 0E0 1.70084E-1 2.41532E-1 5.33438E-1 4.71909E-1 5.47659E-1 1.27479E-1 4.16369E-2 1.10243E-1 7.68579E-4 2.03358E-2 1.38147E-2 1.38297E-2 1.34455E-2 2.3958E-2 2.14461E-2 1.64895E-2 3.26277E-2 1.21801E-2 2.96781E-2 2.75565E-2 1.19412E-1 4.02757E-2 -9999 -9999 -9999 -9999 -9999 -9999 -9999 -9999 -9999 -9999 -9999 -9999 -9999 -9999 -9999 -9999 -9999 -9999 -9999 -9999 -9999 -9999 -9999 -9999
0E0 0E0 0E0 0E0 0E0 0E0 0E0 0E0 0E0 0E0 0E0 0E0 0E0 0E0 0E0 0E0 0E0 0E0 0E0 0E0 0E0 5.37507E-1 3.8614E-1 0E0 0E0 0E0 2.69548E-1 5.86771E-1 4.22504E-1 3.08143E-1 0E0 0E0 0E0 0E0 6.00635E-1 6.55205E-1 4.61869E-1 9.65112E-2 4.04483E-2 2.82045E-3 3.02044E-3 1.31652E-2 4.49509E-2 7.12143E-3 1.86726E-2 3.96961E-3 7.2833E-3 5.01945E-2 1.07214E-2 3.3914E-2 5.38746E-2 2.21166E-2 4.4398E-2 7.41158E-2 -9999 -9999 -9999 -9999 -9999 -9999 -9999 -9999 -9999 -9999 -9999 -9999 -9999 -9999 -9999 -9999 -9999 -9999 -9999 -9999 -9999 -9999 -9999 -9999
0E0 0E0 0E0 0E0 0E0 0E0 0E0 0E0 0E0 0E0 0E0 0E0 0E0 0E0 0E0 0E0 0E0 0E0 0E0 0E0 0E0 0E0 0E0 5.06146E-1 4.87233E-1 0E0 0E0 3.49656E-1 2.04547E-1 2.47758E-1 2.90813E-1 2.97564E-1 0E0 3.63675E-1 3.68577E-1 1.77812E-1 1.57193E-1 1.24875E-1 4.35936E-2 1.93709E-2 1.26698E-2 8.07859E-3 3.57636E-3 6.2291E-3 4.86052E-3 9.74486E-3 3.18853E-2 1.46527E-2 5.91721E-2 5.1071E-2 8.96745E-3 1.89056E-2 4.24509E-2 6.13472E-2 -9999 -9999 -9999 -9999 -9999 -9999 -9999 -9999 -9999 -9999 -9999 -9999 -9999 -9999 -9999 -9999 -9999 -9999 -9999 -9999 -9999 -9999 -9999 -9999
0E0 0E0 0E0 0E0 0E0 0E0 0E0 0E0 0E0 0E0 0E0 0E0 0E0 0E0 0E0 0E0 0E0 0E0 0E0 8.16768E-2 1.0549E-1 0E0 2.82999E-1 2.08116E-1 9.6222E-2 9.50499E-2 2.04014E-1 3.10908E-1 5.95977E-1 1.24096E-1 1.75748E-1 1.56422E-1 4.87995E-1 3.28782E-1 1.24379E-1 1.10464E-1 3.73582E-2 3.6279E-2 9.98041E-2 8.8945E-3 5.79815E-3 4.92562E-2 7.70824E-2 3.76696E-2 1.37752E-2 1.11487E-2 1.12285E-2 2.4141E-2 5.30685E-2 6.7902E-2 1.18752E-1 1.10793E-1 1.75073E-2 1.67787E-2 -9999 -9999 -9999 -9999 -9999 -9999 -9999 -9999 -9999 -9999 -9999 -9999 -9999 -9999 -9999 -9999 -9999 -9999 -9999 -9999 -9999 -9999 -9999 -9999
0E0 0E0 0E0 0E0 0E0 0E0 0E0 0E0 0E0 0E0 0E0 0E0 0E0 0E0 0E0 0E0 0E0 0E0 0E0 7.16446E-2 4.6043E-2 4.63145E-2 6.96607E-2 3.94171E-2 3.36278E-2 3.42949E-2 2.24257E-1 3.46456E-1 0E0 4.24187E-1 1.94164E-1 1.17166E-1 0E0 3.67399E-1 2.58095E-1 1.61087E-1 7.25182E-2 2.48007E-2 2.38719E-3 3.20884E-3 8.95328E-3 5.45133E-2 1.19097E-1 9.27171E-2 7.81386E-3 2.1876E-2 7.86192E-2 1.00652E-1 9.98137E-2 7.0686E-2 1.02792E-1 3.94928E-2 4.98587E-2 -9999 -9999 -9999 -9999 -9999 -9999 -9999 -9999 -9999 -9999 -9999 -9999 -9999 -9999 -9999 -9999 -9999 -9999 -9999 -9999 -9999 -9999 -9999 -9999 -9999
0E0 0E0 0E0 0E0 0E0 0E0 0E0 0E0 0E0 0E0 0E0 0E0 0E0 0E0 0E0 0E0 0E0 0E0 0E0 0E0 0E0 5.93336E-2 2.7974E-2 1.03631E-2 7.86201E-3 3.57524E-2 3.18859E-1 0E0 0E0 8.10063E-1 7.21457E-1 4.223E-1 7.00291E-1 2.70308E-1 1.31219E-1 3.60668E-2 2.0385E-2 6.61406E-3 3.26809E-3 6.88078E-3 1.32549E-2 3.97402E-2 2.82482E-2 2.796E-2 2.02558E-2 2.58374E-2 1.5391E-1 6.2526E-2 4.23523E-2 3.04928E-2 5.81138E-2 6.69541E-3 2.88762E-2 -9999 -9999 -9999 -9999 -9999 -9999 -9999 -9999 -9999 -9999 -9999 -9999 -9999 -9999 -9999 -9999 -9999 -9999 -9999 -9999 -9999 -9999 -9999 -9999 -9999
0E0 0E0 0E0 0E0 0E0 0E0 0E0 0E0 0E0 0E0 0E0 0E0 0E0 0E0 0E0 0E0 0E0 0E0 0E0 0E0 0E0 0E0 1.04578E-1 1.429E-2 1.81494E-2 5.62453E-2 3.60216E-1 0E0 0E0 8.58013E-1 7.56195E-1 4.55179E-1 2.57815E-1 2.14728E-1 4.59771E-2 1.33873E-1 5.81238E-3 1.99317E-3 4.51331E-3 1.22234E-2 1.7769E-2 2.61682E-2 3.30766E-2 7.09196E-2 1.93482E-2 9.20605E-2 4.67735E-2 2.27306E-2 2.634E-2 5.40679E-2 4.29086E-2 1.80195E-2 8.06726E-3 -9999 -9999 -9999 -9999 -9999 -9999 -9999 -9999 -9999 -9999 -9999 -9999 -9999 -9999 -9999 -9999 -9999 -9999 -9999 -9999 -9999 -9999 -9999 -9999 -9999
0E0 0E0 0E0 0E0 0E0 4.6968E-1 0E0 0E0 0E0 0E0 0E0 0E0 0E0 0E0 0E0 0E0 0E0 0E0 0E0 0E0 0E0 0E0 0E0 1.32587E-1 1.87013E-1 1.7008E-1 5.49661E-1 0E0 6.32384E-1 3.34602E-1 2.76579E-1 1.26726E-1 5.47606E-2 7.05128E-2 7.6322E-2 3.4434E-3 5.14023E-3 6.66598E-3 9.74186E-3 2.94929E-2 9.60577E-3 8.76296E-2 8.9402E-2 6.30062E-2 1.53732E-1 2.08496E-1 2.75794E-2 2.78124E-2 3.23588E-3 2.19527E-2 2.5551E-3 5.43828E-3 8.19585E-3 -9999 -9999 -9999 -9999 -9999 -9999 -9999 -9999 -9999 -9999 -9999 -9999 -9999 -9999 -9999 -9999 -9999 -9999 -9999 -9999 -9999 -9999 -9999 -9999 -9999
0E0 0E0 0E0 0E0 0E0 0E0 0E0 0E0 0E0 0E0 0E0 0E0 0E0 0E0 0E0 0E0 0E0 2.07369E-1 8.38333E-2 1.45717E-2 9.22218E-3 1.88625E-2 4.43817E-2 1.41808E-2 6.67933E-2 1.57562E-1 1.44022E-1 3.53431E-1 3.39351E-1 1.95051E-1 1.194E-1 4.08766E-2 1.32526E-2 2.91838E-2 4.78389E-2 1.40389E-3 1.47108E-2 8.06823E-3 3.86662E-2 1.81062E-2 5.06105E-2 6.92625E-2 4.88865E-2 3.95034E-2 1.88649E-2 1.24143E-2 4.45044E-3 1.87444E-2 2.29194E-2 2.74525E-2 1.10466E-2 6.4116E-3 -9999 -9999 -9999 -9999 -9999 -9999 -9999 -9999 -9999 -9999 -9999 -9999 -9999 -9999 -9999 -9999 -9999 -9999 -9999 -9999 -9999 -9999 -9999 -9999 -9999 -9999
0E0 0E0 0E0 0E0 0E0 0E0 0E0 0E0 0E0 0E0 0E0 0E0 0E0 0E0 0E0 0E0 0E0 0E0 1.65656E-1 1.54308E-2 1.54971E-2 2.5484E-3 6.65317E-3 7.36248E-3 1.17753E-2 3.03106E-2 4.5308E-2 2.34739E-1 2.24701E-1 1.36284E-1 2.91687E-2 3.95954E-2 4.50537E-2 7.3918E-2 2.41478E-3 1.69086E-3 1.76596E-2 2.56241E-2 5.30102E-2 6.31141E-3 5.32817E-2 1.17123E-1 3.17823E-2 3.90421E-3 1.88091E-2 5.14792E-3 1.26574E-2 1.45905E-2 7.16615E-3 6.57147E-3 2.55933E-3 2.42368E-3 -9999 -9999 -9999 -9999 -9999 -9999 -9999 -9999 -9999 -9999 -9999 -9999 -9999 -9999 -9999 -9999 -9999 -9999 -9999 -9999 -9999 -9999 -9999 -9999 -9999 -9999
0E0 0E0 0E0 0E0 0E0 0E0 0E0 0E0 0E0 0E0 0E0 0E0 0E0 0E0 1.98699E-1 0E0 0E0 0E0 1.69286E-1 7.03367E-2 2.76175E-2 2.9301E-3 6.27714E-3 1.06047E-2 1.52071E-2 2.0232E-2 1.31655E-2 1.60813E-1 9.42688E-2 4.02353E-2 5.86683E-2 4.7422E-2 4.922E-3 1.36502E-2 4.00052E-3 5.69031E-3 5.97234E-3 6.99458E-2 1.94608E-2 2.80986E-3 2.7063E-2 3.03134E-1 2.2545E-2 4.36172E-3 6.9265E-3 1.66946E-2 1.55943E-2 8.77623E-3 1.14386E-2 7.34605E-3 7.79048E-3 1.27262E-3 -9999 -9999 -9999 -9999 -9999 -9999 -9999 -9999 -9999 -9999 -9999 -9999 -9999 -9999 -9999 -9999 -9999 -9999 -9999 -9999 -9999 -9999 -9999 -9999 -9999 -9999
0E0 0E0 0E0 0E0 0E0 0E0 0E0 0E0 0E0 0E0 0E0 0E0 0E0 7.18726E-2 7.55326E-2 0E0 0E0 1.71397E-1 1.44399E-1 4.31684E-2 3.166E-2 8.94538E-3 1.20852E-2 1.10056E-2 1.5306E-2 3.52541E-2 2.63907E-2 8.37378E-2 1.33046E-2 1.21031E-2 8.86278E-3 1.05837E-3 4.67679E-3 3.72566E-2 1.98052E-2 4.19626E-2 2.475E-2 9.68936E-3 2.99242E-2 1.67241E-3 1.16917E-1 1.71617E-1 8.35659E-3 1.03724E-2 9.8639E-3 3.95639E-3 1.08509E-2 1.1544E-2 4.21815E-3 1.43742E-2 4.12736E-3 -9999 -9999 -9999 -9999 -9999 -9999 -9999 -9999 -9999 -9999 -9999 -9999 -9999 -9999 -9999 -9999 -9999 -9999 -9999 -9999 -9999 -9999 -9999 -9999 -9999 -9999 -9999
0E0 0E0 0E0 0E0 0E0 0E0 0E0 0E0 0E0 0E0 0E0 0E0 0E0 1.26272E-1 1.25708E-1 0E0 0E0 4.89753E-1 2.92778E-1 9.53436E-2 3.07892E-2 2.96322E-2 5.02944E-2 5.83688E-2 7.61595E-2 9.23901E-2 7.66968E-2 1.37097E-2 7.96779E-3 1.01006E-3 7.93025E-3 8.57256E-3 5.07864E-3 3.25929E-2 8.90035E-3 3.17334E-2 2.05658E-2 3.35904E-2 4.52808E-2 1.43336E-2 1.71814E-1 4.11695E-2 2.14507E-2 2.24092E-2 4.00399E-3 1.3019E-2 2.65575E-3 2.1438E-2 2.41393E-2 2.02582E-3 4.51757E-3 -9999 -9999 -9999 -9999 -9999 -9999 -9999 -9999 -9999 -9999 -9999 -9999 -9999 -9999 -9999 -9999 -9999 -9999 -9999 -9999 -9999 -9999 -9999 -9999 -9999 -9999 -9999
0E0 0E0 0E0 0E0 0E0 0E0 0E0 0E0 0E0 0E0 0E0 0E0 0E0 0E0 0E0 0E0 0E0 0E0 0E0 0E0 0E0 1.94638E-1 4.32671E-1 2.01388E-1 5.75056E-2 8.189E-2 2.67305E-2 1.02582E-2 3.4147E-3 3.91723E-3 4.12689E-3 1.62811E-2 1.93001E-2 6.43265E-2 1.75152E-2 2.28282E-2 1.65372E-2 1.73013E-2 5.88732E-3 7.9013E-2 6.44434E-2 1.05269E-1 5.30294E-2 4.44538E-2 6.46463E-3 1.51175E-2 1.43684E-2 3.36962E-2 1.45503E-2 1.23635E-2 1.29324E-2 -9999 -9999 -9999 -9999 -9999 -9999 -9999 -9999 -9999 -9999 -9999 -9999 -9999 -9999 -9999 -9999 -9999 -9999 -9999 -9999 -9999 -9999 -9999 -9999 -9999 -9999 -9999
0E0 0E0 0E0 0E0 0E0 0E0 0E0 0E0 0E0 0E0 0E0 0E0 0E0 0E0 0E0 0E0 0E0 0E0 0E0 0E0 8.0185E-2 2.28686E-2 3.05513E-2 1.13896E-1 4.04485E-2 1.82436E-2 6.95867E-2 3.28013E-3 1.46825E-3 9.31969E-3 2.62802E-2 2.82197E-2 5.54854E-2 3.25563E-2 6.38584E-2 9.47299E-3 1.43213E-2 2.53943E-3 6.51872E-2 9.20196E-2 8.33886E-2 2.70885E-2 1.7261E-2 1.24376E-2 1.0176E-2 1.74837E-2 2.22532E-2 1.8767E-2 1.12754E-2 7.79886E-2 1.16233E-1 -9999 -9999 -9999 -9999 -9999 -9999 -9999 -9999 -9999 -9999 -9999 -9999 -9999 -9999 -9999 -9999 -9999 -9999 -9999 -9999 -9999 -9999 -9999 -9999 -9999 -9999 -9999
0E0 0E0 0E0 0E0 0E0 0E0 0E0 0E0 0E0 0E0 0E0 0E0 0E0 0E0 0E0 0E0 0E0 0E0 0E0 0E0 4.66835E-2 7.41901E-3 3.42952E-2 7.45812E-2 3.90715E-2 1.45289E-2 4.97119E-2 4.67804E-2 2.46942E-2 1.95612E-2 2.52828E-2 4.21767E-2 1.02372E-2 5.40372E-3 5.58907E-2 2.73981E-2 2.2501E-2 2.59066E-2 1.95769E-1 3.30088E-2 2.03856E-2 2.90587E-2 1.82669E-2 4.48182E-2 3.61165E-2 3.26979E-3 2.73787E-2 1.35416E-2 4.52326E-2 6.44925E-2 -9999 -9999 -9999 -9999 -9999 -9999 -9999 -9999 -9999 -9999 -9999 -9999 -9999 -9999 -9999 -9999 -9999 -9999 -9999 -9999 -9999 -9999 -9999 -9999 -9999 -9999 -9999 -9999
0E0 0E0 0E0 0E0 0E0 0E0 0E0 0E0 0E0 0E0 0E0 0E0 0E0 0E0 0E0 2.65713E-1 7.07794E-2 5.58821E-2 6.26054E-2 4.73268E-2 3.94359E-2 4.16289E-2 6.54332E-2 2.02335E-2 1.16007E-2 1.41707E-2 4.84328E-2 6.42722E-2 1.54198E-1 2.5636E-2 8.65622E-2 6.48539E-2 1.71081E-2 4.40705E-2 1.33828E-1 1.71196E-1 9.30969E-2 6.47559E-2 1.07873E-1 1.88538E-2 8.94685E-3 3.98979E-2 8.33197E-2 8.04905E-2 2.71997E-2 1.55789E-2 9.81293E-3 9.03625E-3 1.29039E-2 2.30837E-2 -9999 -9999 -9999 -9999 -9999 -9999 -9999 -9999 -9999 -9999 -9999 -9999 -9999 -9999 -9999 -9999 -9999 -9999 -9999 -9999 -9999 -9999 -9999 -9999 -9999 -9999 -9999 -9999
0E0 0E0 0E0 0E0 0E0 0E0 0E0 0E0 0E0 0E0 0E0 0E0 0E0 0E0 2.3944E-1 9.18023E-2 2.64951E-2 2.74701E-2 7.75996E-2 2.66092E-2 1.52469E-2 1.12142E-2 5.22392E-2 9.46865E-3 2.62141E-2 6.11301E-2 7.15171E-2 1.1334E-1 1.41113E-1 1.02596E-1 1.69442E-2 3.56862E-2 1.47003E-2 2.2114E-1 1.60515E-1 8.28407E-2 2.86453E-2 1.5009E-2 1.39476E-2 2.03166E-2 1.81664E-3 4.14812E-2 3.80903E-2 5.04451E-2 3.19115E-2 3.75541E-2 1.38576E-2 2.13848E-2 1.74278E-2 2.86879E-2 -9999 -9999 -9999 -9999 -9999 -9999 -9999 -9999 -9999 -9999 -9999 -9999 -9999 -9999 -9999 -9999 -9999 -9999 -9999 -9999 -9999 -9999 -9999 -9999 -9999 -9999 -9999 -9999
0E0 0E0 0E0 0E0 0E0 0E0 0E0 0E0 0E0 0E0 0E0 0E0 0E0 1.00687E-1 1.02183E-1 5.29854E-2 2.35697E-2 2.16336E-2 5.51438E-2 2.50046E-2 4.93431E-2 2.94962E-2 1.62434E-2 1.75952E-2 2.44849E-2 4.48501E-2 8.27585E-2 3.45129E-2 2.16956E-1 5.61378E-2 1.92413E-2 6.58317E-2 7.21423E-2 8.19184E-2 1.17782E-1 8.34237E-2 1.71352E-1 1.46254E-2 3.38569E-2 3.24916E-2 4.73406E-2 2.73876E-2 2.53605E-2 1.71659E-2 1.50091E-2 7.24118E-3 1.87082E-2 3.38011E-2 2.49624E-2 -9999 -9999 -9999 -9999 -9999 -9999 -9999 -9999 -9999 -9999 -9999 -9999 -9999 -9999 -9999 -9999 -9999 -9999 -9999 -9999 -9999 -9999 -9999 -9999 -9999 -9999 -9999 -9999 -9999
0E0 0E0 0E0 0E0 0E0 0E0 0E0 0E0 0E0 0E0 0E0 0E0 0E0 0E0 2.51266E-1 6.85588E-2 1.92763E-2 3.70301E-2 4.14481E-2 5.66876E-2 5.66775E-2 9.89034E-2 7.77577E-2 3.00778E-2 4.20858E-2 7.72156E-2 1.18413E-1 3.2247E-2 2.07634E-1 7.81802E-3 8.63546E-2 1.82713E-1 9.16329E-2 2.5475E-3 5.53187E-2 6.84556E-2 9.56984E-3 8.96609E-3 8.62869E-3 7.9862E-2 1.40459E-1 6.56293E-3 2.34005E-2 1.53594E-2 6.80743E-3 1.05794E-2 1.67674E-2 4.1248E-2 -9999 -9999 -9999 -9999 -9999 -9999 -9999 -9999 -9999 -9999 -9999 -9999 -9999 -9999 -9999 -9999 -9999 -9999 -9999 -9999 -9999 -9999 -9999 -9999 -9999 -9999 -9999 -9999 -9999 -9999
0E0 0E0 0E0 0E0 0E0 0E0 0E0 0E0 0E0 0E0 0E0 0E0 0E0 0E0 8.76522E-2 2.94918E-2 4.94966E-2 4.70127E-2 6.21169E-2 8.36644E-2 1.02096E-1 4.84497E-2 1.71163E-1 1.75042E-1 6.00353E-2 8.88664E-2 6.89999E-2 1.28365E-1 7.05125E-2 5.07535E-1 2.7924E-1 2.21298E-1 8.24491E-2 2.04475E-2 7.05588E-3 1.06752E-2 4.66582E-3 3.86061E-3 6.87161E-3 1.12223E-2 2.79799E-3 2.04927E-2 3.04762E-2 4.75902E-3 2.54178E-3 5.51423E-3 8.54158E-3 -9999 -9999 -9999 -9999 -9999 -9999 -9999 -9999 -9999 -9999 -9999 -9999 -9999 -9999 -9999 -9999 -9999 -9999 -9999 -9999 -9999 -9999 -9999 -9999 -9999 -9999 -9999 -9999 -9999 -9999 -9999
0E0 0E0 0E0 0E0 0E0 0E0 0E0 0E0 0E0 0E0 0E0 0E0 0E0 4.02843E-1 7.91313E-2 3.30638E-2 5.37679E-2 4.24366E-2 2.05043E-1 0E0 1.45508E-1 1.22825E-1 1.70034E-1 1.93775E-1 2.10438E-1 6.83493E-2 7.8298E-2 5.41957E-2 4.58397E-1 4.4903E-1 1.15612E-1 1.12191E-1 7.92929E-2 9.19908E-3 4.83629E-2 4.36824E-3 2.22936E-3 3.4454E-2 3.10769E-3 5.39833E-3 2.38039E-2 7.98098E-3 7.50815E-3 7.99092E-3 4.2954E-3 4.01922E-3 -9999 -9999 -9999 -9999 -9999 -9999 -9999 -9999 -9999 -9999 -9999 -9999 -9999 -9999 -9999 -9999 -9999 -9999 -9999 -9999 -9999 -9999 -9999 -9999 -9999 -9999 -9999 -9999 -9999 -9999 -9999 -9999
0E0 0E0 0E0 0E0 0E0 0E0 0E0 0E0 0E0 0E0 0E0 0E0 0E0 0E0 2.55392E-1 7.75094E-2 4.20858E-2 3.59541E-2 3.61542E-1 0E0 1.05401E-1 9.81737E-2 1.05488E-1 1.74447E-1 6.03267E-2 2.07476E-2 8.08679E-2 3.22292E-1 3.86643E-1 3.10843E-1 1.5879E-2 1.29905E-2 1.04311E-2 2.31004E-1 9.98346E-2 2.32898E-2 2.72571E-3 1.61614E-3 4.86686E-3 6.07979E-3 3.31677E-3 3.80351E-3 1.14246E-2 4.55229E-3 -9999 -9999 -9999 -9999 -9999 -9999 -9999 -9999 -9999 -9999 -9999 -9999 -9999 -9999 -9999 -9999 -9999 -9999 -9999 -9999 -9999 -9999 -9999 -9999 -9999 -9999 -9999 -9999 -9999 -9999 -9999 -9999 -9999 -9999
0E0 0E0 0E0 0E0 0E0 0E0 0E0 0E0 0E0 0E0 0E0 0E0 0E0 0E0 1.99398E-1 7.07733E-2 1.22925E-1 7.41721E-2 0E0 0E0 1.62092E-1 7.44684E-2 4.49042E-2 4.09455E-2 4.01455E-2 2.2504E-1 1.05426E-2 4.43942E-1 2.72286E-1 1.91151E-2 2.31836E-2 1.40226E-2 3.47635E-2 6.20277E-2 1.04851E-2 1.40663E-2 2.62449E-3 1.3528E-3 2.30872E-3 1.06059E-2 4.54251E-3 4.00733E-3 5.74939E-3 -9999 -9999 -9999 -9999 -9999 -9999 -9999 -9999 -9999 -9999 -9999 -9999 -9999 -9999 -9999 -9999 -9999 -9999 -9999 -9999 -9999 -9999 -9999 -9999 -9999 -9999 -9999 -9999 -9999 -9999 -9999 -9999 -9999 -9999 -9999
0E0 0E0 0E0 0E0 0E0 0E0 0E0 0E0 0E0 0E0 0E0 0E0 3.71125E-1 3.24483E-1 1.7282E-1 1.90205E-1 5.21308E-1 0E0 0E0 6.39874E-1 2.07604E-1 7.53292E-2 8.3589E-2 2.33504E-2 7.50924E-2 6.00869E-2 3.35224E-1 4.43803E-1 3.66952E-1 1.78716E-2 1.70362E-2 7.56641E-2 6.45041E-2 2.07907E-2 1.33579E-3 5.05174E-4 3.66172E-4 2.2453E-3 8.18867E-3 1.03176E-2 1.10681E-2 3.89241E-3 -9999 -9999 -9999 -9999 -9999 -9999 -9999 -9999 -9999 -9999 -9999 -9999 -9999 -9999 -9999 -9999 -9999 -9999 -9999 -9999 -9999 -9999 -9999 -9999 -9999 -9999 -9999 -9999 -9999 -9999 -9999 -9999 -9999 -9999 -9999 -9999
0E0 0E0 0E0 0E0 0E0 0E0 0E0 0E0 0E0 0E0 0E0 0E0 0E0 0E0 3.54251E-1 1.73722E-1 0E0 0E0 6.22744E-1 6.49405E-2 5.79871E-2 9.36043E-3 1.31702E-2 1.68018E-1 2.30756E-1 2.41614E-1 1.12362E-1 3.13641E-2 4.52275E-2 9.52767E-2 2.1108E-1 2.16978E-1 1.08548E-1 5.80366E-3 7.24224E-3 1.41838E-3 3.33164E-3 5.31364E-3 1.55715E-2 7.73706E-3 9.90377E-3 -9999 -9999 -9999 -9999 -9999 -9999 -9999 -9999 -9999 -9999 -9999 -9999 -9999 -9999 -9999 -9999 -9999 -9999 -9999 -9999 -9999 -9999 -9999 -9999 -9999 -9999 -9999 -9999 -9999 -9999 -9999 -9999 -9999 -9999 -9999 -9999 -9999
