ENM/Final_Models/M_0.8_F_q_Set_1_NE/Gustavia_santanderiensis_8_Choco.asc
ncols         367
nrows         963
xllcorner     -78.6
yllcorner     0.65
cellsize      0.00833333333333323
NODATA_value  -9999
[rows 816 to 849 of 963, columns 78 to 155 of 367]
0E0 0E0 0E0 0E0 0E0 0E0 0E0 0E0 0E0 0E0 0E0 0E0 0E0 0E0 0E0 0E0 0E0 0E0 0E0 1.37347E-1 0E0 0E0 0E0 0E0 7.68984E-2 3.9007E-2 1.86683E-1 1.76408E-1 1.01619E-1 3.50061E-1 3.05557E-1 2.54316E-1 3.43775E-1 3.75803E-1 2.5728E-1 1.07446E-1 -9999 -9999 -9999 -9999 5.14065E-1 6.40093E-1 3.69124E-1 -9999 -9999 -9999 -9999 1.37243E-1 1.78283E-1 5.34328E-2 5.36371E-2 8.84432E-2 2.96551E-2 2.50038E-2 1.52124E-2 4.79353E-2 4.15412E-2 9.73164E-2 3.86969E-2 1.02619E-2 5.89498E-3 3.75181E-2 1.33456E-2 8.57595E-3 5.97816E-3 1.37902E-3 2.12835E-3 1.7088E-3 1.87548E-3 1.46423E-3 2.14011E-4 1.06378E-4 5.10064E-5 1.46562E-5 2.71744E-4 2.99732E-3 8.67539E-3 5.0104E-3
0E0 0E0 0E0 0E0 0E0 0E0 0E0 0E0 0E0 0E0 0E0 0E0 0E0 0E0 0E0 0E0 0E0 0E0 0E0 3.02386E-2 0E0 0E0 3.90106E-2 0E0 5.46043E-2 5.38401E-2 2.98008E-2 2.08982E-1 6.82478E-2 3.69901E-1 3.12638E-1 3.0512E-1 5.13038E-1 4.27347E-1 2.55687E-1 1.3343E-1 -9999 -9999 -9999 -9999 -9999 4.60159E-1 -9999 -9999 -9999 -9999 -9999 -9999 1.32751E-1 3.18392E-2 5.28778E-2 1.26358E-1 6.23785E-2 8.02473E-2 1.15124E-1 2.1119E-1 1.92549E-1 1.1034E-2 1.68918E-2 2.15905E-2 8.47903E-3 6.70577E-3 3.08072E-3 1.79103E-3 1.34593E-3 4.09943E-4 1.30265E-3 6.09889E-4 4.77914E-4 8.11701E-4 3.68598E-5 2.50422E-5 4.35251E-6 5.67357E-6 2.731E-4 1.26622E-2 -9999 -9999
0E0 0E0 0E0 0E0 0E0 0E0 0E0 0E0 0E0 0E0 0E0 0E0 0E0 0E0 0E0 0E0 0E0 0E0 0E0 0E0 0E0 0E0 0E0 0E0 0E0 2.414E-2 3.59797E-2 5.98307E-2 0E0 2.37524E-1 2.32943E-1 2.70039E-1 2.68345E-1 2.47205E-1 2.20963E-1 2.05882E-1 -9999 -9999 -9999 -9999 -9999 -9999 -9999 -9999 -9999 -9999 -9999 -9999 2.53117E-1 3.43046E-1 1.96514E-1 2.47961E-1 9.07757E-2 2.74941E-2 1.15063E-1 7.87669E-2 7.90635E-2 8.56405E-2 3.22078E-2 1.29168E-2 3.11959E-3 9.20513E-3 6.55633E-3 3.06715E-3 6.25512E-3 3.5032E-3 4.52637E-4 1.46623E-4 1.33487E-4 1.17772E-4 2.34908E-5 3.22842E-6 1.17233E-6 8.12712E-6 2.10579E-4 7.65254E-3 -9999 -9999
0E0 0E0 0E0 0E0 0E0 0E0 0E0 0E0 0E0 0E0 0E0 0E0 0E0 0E0 0E0 0E0 0E0 0E0 3.80258E-2 0E0 0E0 0E0 0E0 0E0 3.41083E-2 3.46607E-2 4.15509E-2 3.73332E-2 0E0 0E0 3.049E-1 1.29453E-1 2.42425E-1 2.76974E-1 -9999 -9999 -9999 -9999 -9999 -9999 -9999 -9999 -9999 -9999 -9999 -9999 -9999 -9999 1.74359E-1 2.03173E-1 3.7641E-1 9.82995E-2 1.52091E-2 7.99143E-3 1.18589E-1 4.7688E-2 1.81889E-2 3.82239E-2 7.85539E-2 3.10279E-2 1.2852E-3 5.61174E-3 7.0223E-3 2.1706E-2 6.00689E-3 3.16673E-3 2.47697E-4 1.42553E-4 2.25855E-5 2.2228E-6 3.82646E-7 7.04776E-7 1.39934E-6 2.46023E-5 1.27321E-3 3.14328E-2 1.59135E-2 -9999
0E0 0E0 0E0 0E0 0E0 0E0 0E0 0E0 0E0 0E0 0E0 0E0 0E0 0E0 0E0 0E0 0E0 0E0 0E0 0E0 0E0 0E0 0E0 0E0 3.79989E-2 6.82245E-2 4.64261E-2 2.49272E-2 0E0 4.42144E-2 4.11604E-1 2.47764E-1 1.36122E-1 1.93332E-1 1.82114E-1 -9999 -9999 -9999 -9999 -9999 -9999 -9999 -9999 -9999 -9999 -9999 -9999 -9999 1.24448E-1 1.27662E-1 2.38483E-1 9.58329E-2 2.877E-2 9.70711E-3 3.0942E-2 5.07857E-2 1.72975E-2 6.18656E-3 4.88749E-3 1.96808E-2 2.24988E-3 2.48046E-4 8.62579E-3 5.08371E-3 9.50055E-3 1.88879E-2 5.87355E-4 2.08358E-4 8.04603E-5 1.74198E-6 1.8938E-7 2.55572E-7 2.3578E-6 7.96258E-5 4.01834E-3 1.09131E-2 1.00661E-2 -9999
0E0 0E0 0E0 0E0 0E0 0E0 0E0 0E0 0E0 0E0 0E0 0E0 0E0 0E0 0E0 0E0 0E0 0E0 0E0 0E0 0E0 0E0 0E0 0E0 0E0 0E0 0E0 2.65983E-2 1.39431E-2 0E0 4.07769E-2 5.59347E-2 5.15384E-2 4.37265E-2 2.32914E-2 7.69231E-2 -9999 -9999 -9999 -9999 -9999 -9999 -9999 -9999 -9999 -9999 -9999 -9999 3.39569E-2 2.61434E-1 4.01496E-1 1.89274E-1 1.52978E-2 7.45827E-3 2.17587E-2 1.16185E-2 9.30271E-3 3.92786E-3 2.68059E-3 4.10772E-3 1.71208E-3 8.24813E-5 4.56917E-4 1.99982E-4 1.51222E-3 5.97308E-3 9.09545E-4 1.46792E-4 1.60133E-5 1.83261E-5 2.177E-6 8.18494E-7 1.48946E-5 2.47316E-4 4.52058E-3 2.77227E-2 3.52462E-2 -9999
0E0 0E0 0E0 0E0 0E0 0E0 0E0 0E0 0E0 0E0 0E0 0E0 0E0 0E0 0E0 0E0 0E0 0E0 0E0 0E0 0E0 0E0 0E0 0E0 0E0 2.7125E-2 5.17675E-2 5.24369E-2 3.35369E-2 3.80444E-2 3.34188E-2 1.32919E-2 6.57126E-2 7.50222E-2 3.09453E-2 7.41564E-2 1.76447E-1 -9999 -9999 -9999 -9999 -9999 -9999 -9999 -9999 -9999 -9999 -9999 5.81635E-2 1.43635E-1 3.18956E-1 3.36291E-1 1.04593E-1 5.293E-2 2.22037E-2 6.90042E-3 6.80214E-3 4.12137E-3 1.83119E-3 5.04455E-4 4.15274E-4 3.45554E-4 2.7761E-4 4.35869E-5 4.23444E-4 3.62477E-3 9.35598E-4 1.64023E-4 1.89216E-4 2.54094E-5 4.87395E-6 1.41925E-6 1.30627E-5 8.76242E-5 9.08249E-3 2.83271E-2 -9999 -9999
0E0 0E0 0E0 0E0 0E0 0E0 0E0 0E0 0E0 0E0 0E0 0E0 0E0 0E0 0E0 0E0 0E0 0E0 0E0 0E0 0E0 0E0 0E0 0E0 4.16852E-2 2.92209E-2 3.36901E-2 3.0352E-2 2.42638E-2 3.09689E-2 4.08339E-2 2.43782E-2 7.71001E-2 7.67614E-2 9.39446E-2 1.41427E-1 1.31688E-1 -9999 -9999 -9999 -9999 -9999 -9999 -9999 -9999 -9999 -9999 -9999 2.06748E-2 1.73118E-1 2.11941E-1 1.38434E-1 1.6164E-1 1.48898E-1 7.64769E-2 1.84737E-2 7.91454E-3 7.71308E-3 9.88183E-3 7.82103E-3 1.83756E-3 7.91846E-3 3.2309E-4 2.48889E-5 2.40395E-4 1.86257E-3 2.23404E-4 2.69607E-5 5.76803E-5 1.67451E-5 6.27055E-6 1.49074E-6 1.78743E-6 2.52581E-4 9.17222E-3 4.13972E-2 -9999 -9999
0E0 0E0 0E0 0E0 0E0 0E0 0E0 0E0 0E0 0E0 0E0 0E0 0E0 0E0 0E0 0E0 0E0 0E0 0E0 0E0 0E0 0E0 0E0 0E0 4.14194E-2 4.18522E-2 4.01967E-2 2.69436E-2 0E0 0E0 4.61603E-2 5.51876E-2 4.276E-2 6.72456E-2 6.70349E-2 8.31247E-2 7.71932E-2 -9999 -9999 -9999 -9999 -9999 -9999 -9999 -9999 -9999 -9999 -9999 5.45805E-3 1.29891E-2 5.78361E-2 3.64548E-2 4.39714E-2 1.20351E-2 1.40914E-2 1.83683E-2 1.11295E-2 5.7804E-3 5.5697E-3 3.66314E-3 4.32501E-3 4.22991E-3 5.70306E-4 4.57033E-5 3.7523E-5 7.1192E-4 1.53731E-4 1.86421E-5 1.97289E-6 6.83286E-7 8.19586E-7 3.07844E-7 1.46906E-5 4.48789E-4 1.22474E-2 2.82015E-2 -9999 -9999
0E0 0E0 0E0 0E0 0E0 0E0 0E0 0E0 0E0 0E0 0E0 0E0 0E0 0E0 0E0 0E0 0E0 0E0 0E0 0E0 0E0 0E0 0E0 0E0 0E0 2.58555E-2 3.7661E-2 3.72784E-2 4.42729E-2 3.48827E-2 3.54409E-2 2.43519E-2 0E0 2.23405E-2 2.1597E-2 8.09084E-2 9.82623E-2 -9999 -9999 -9999 -9999 -9999 -9999 -9999 -9999 -9999 -9999 -9999 -9999 3.19074E-2 2.45269E-2 1.78361E-2 2.65101E-2 1.36668E-2 2.86396E-3 2.97898E-3 8.85649E-3 3.40722E-3 4.5674E-3 2.17041E-3 8.92302E-4 4.40115E-3 1.68897E-4 2.79192E-5 3.47931E-5 3.65008E-4 2.10866E-4 2.53853E-5 2.34068E-5 4.46917E-7 1.39551E-7 1.01141E-6 1.58923E-5 1.0208E-3 1.89674E-2 2.22719E-2 -9999 -9999
0E0 0E0 0E0 0E0 0E0 0E0 0E0 0E0 0E0 0E0 0E0 0E0 0E0 0E0 0E0 0E0 0E0 0E0 0E0 0E0 0E0 0E0 0E0 0E0 0E0 1.18333E-2 3.46714E-2 2.52397E-1 1.50094E-1 2.33342E-2 3.22222E-2 2.80224E-2 2.00421E-2 5.53861E-2 1.37622E-1 1.2718E-1 1.29533E-1 4.12447E-2 -9999 -9999 -9999 -9999 -9999 -9999 -9999 -9999 -9999 -9999 8.34945E-3 1.50766E-2 1.74084E-2 2.00976E-2 1.32617E-2 1.1512E-2 6.0408E-3 3.10733E-3 2.28111E-3 2.0537E-3 9.91971E-4 4.11219E-4 1.01941E-3 1.22502E-4 1.0459E-5 5.85232E-6 1.36528E-6 2.67901E-5 5.57813E-5 1.05906E-6 7.12773E-7 1.02517E-6 7.35313E-7 3.01138E-6 1.59182E-5 2.31532E-4 2.72103E-3 3.62441E-2 -9999 -9999
0E0 0E0 0E0 0E0 0E0 0E0 0E0 0E0 0E0 0E0 1.26502E-2 8.43076E-3 0E0 0E0 0E0 0E0 0E0 0E0 0E0 0E0 0E0 0E0 0E0 0E0 0E0 9.92037E-3 2.28288E-2 0E0 2.25839E-2 4.29256E-2 4.47854E-2 3.03987E-2 4.70231E-2 4.05068E-2 6.62446E-2 3.69428E-2 4.15677E-2 8.49982E-2 4.90121E-2 -9999 -9999 -9999 -9999 -9999 -9999 -9999 -9999 -9999 7.68217E-3 2.40511E-2 7.84009E-3 7.25852E-3 1.50199E-2 1.21587E-2 1.51165E-2 1.68434E-2 6.00129E-3 4.29971E-3 6.01656E-4 3.16896E-4 4.02848E-4 1.48659E-4 4.3259E-5 1.28764E-4 7.84393E-6 4.23373E-6 8.7462E-6 3.39152E-7 9.39713E-6 2.28137E-5 1.95979E-5 3.9491E-6 2.47828E-5 2.08332E-4 7.78981E-3 3.28804E-2 -9999 -9999
0E0 0E0 0E0 0E0 0E0 0E0 0E0 0E0 0E0 0E0 1.33724E-2 1.34647E-2 6.54921E-3 0E0 0E0 0E0 0E0 0E0 0E0 0E0 0E0 0E0 0E0 0E0 1.979E-2 1.6509E-2 1.72368E-2 8.69361E-3 1.03925E-2 3.15202E-2 3.68196E-2 5.14819E-2 5.52167E-2 8.02137E-2 4.86614E-2 4.87618E-2 3.07292E-2 1.04423E-2 1.7128E-2 1.87202E-2 -9999 -9999 -9999 -9999 -9999 -9999 -9999 -9999 -9999 8.5133E-2 9.91273E-3 1.48315E-2 1.63714E-2 2.15354E-2 1.50394E-2 3.33482E-2 2.74303E-2 4.61214E-3 5.422E-3 3.41375E-3 2.00451E-3 9.61672E-4 1.00483E-3 7.17295E-5 3.82517E-6 4.05334E-7 9.80199E-7 1.54414E-6 1.01024E-5 4.10808E-5 1.21513E-5 3.85393E-6 4.20757E-5 1.09738E-4 2.51316E-3 1.65832E-2 -9999 -9999
0E0 0E0 0E0 0E0 0E0 0E0 0E0 0E0 0E0 0E0 1.23963E-2 1.06453E-2 1.60878E-2 1.87412E-2 0E0 0E0 0E0 0E0 0E0 0E0 0E0 0E0 0E0 0E0 0E0 0E0 0E0 2.44582E-2 2.0047E-2 0E0 2.5545E-2 3.81487E-2 6.09427E-2 8.16312E-2 6.00071E-2 3.78378E-2 8.29296E-3 1.57843E-2 2.58183E-2 3.26349E-2 -9999 -9999 -9999 -9999 -9999 -9999 -9999 -9999 -9999 -9999 1.11925E-2 9.52033E-3 1.4702E-2 9.67134E-3 3.74284E-2 1.52607E-2 1.75062E-2 1.79561E-2 1.33293E-2 1.17179E-2 3.41241E-3 4.21798E-3 7.06778E-4 2.22616E-5 1.13596E-6 9.08631E-7 7.38191E-6 2.73024E-5 2.03085E-5 1.14303E-4 1.22266E-4 9.97214E-6 5.69541E-5 6.82878E-5 3.55825E-4 8.98341E-3 2.13777E-2 -9999
0E0 0E0 0E0 0E0 0E0 0E0 0E0 0E0 0E0 0E0 1.73346E-2 1.23698E-2 1.75796E-2 2.06455E-2 0E0 0E0 0E0 0E0 0E0 0E0 2.16504E-2 1.85658E-2 0E0 0E0 0E0 0E0 0E0 3.69661E-2 3.28722E-2 5.92677E-2 3.20628E-2 4.47797E-2 5.07744E-2 4.09449E-2 3.33205E-2 2.68107E-2 6.92587E-3 1.03245E-2 2.20039E-2 3.65711E-2 3.30775E-2 -9999 -9999 -9999 -9999 -9999 -9999 -9999 -9999 -9999 -9999 -9999 2.29063E-2 3.01464E-2 2.79347E-2 2.33823E-2 1.93823E-2 9.15574E-3 3.41813E-3 4.02619E-3 1.181E-3 2.50658E-4 2.70389E-4 5.52039E-5 1.46202E-6 8.95762E-7 3.13111E-5 1.16219E-4 3.24375E-4 1.87563E-4 1.44726E-4 1.00213E-4 2.12795E-4 2.17963E-4 2.90757E-4 1.07687E-2 2.48961E-2 -9999
0E0 0E0 0E0 0E0 0E0 0E0 0E0 0E0 0E0 0E0 1.45816E-2 1.26059E-2 1.4707E-2 2.12422E-2 1.24884E-2 1.41951E-2 0E0 0E0 0E0 1.43952E-2 3.57251E-2 3.22617E-2 0E0 0E0 1.70479E-2 0E0 2.15723E-2 3.91674E-2 4.96537E-2 4.74247E-2 5.04581E-2 3.48535E-2 2.55296E-2 3.34872E-2 4.68783E-2 4.41672E-2 6.56506E-3 1.71347E-2 1.06763E-1 1.33839E-1 3.74819E-1 5.54454E-2 9.82788E-2 -9999 -9999 -9999 -9999 -9999 -9999 -9999 -9999 -9999 -9999 1.79856E-2 9.39805E-3 5.00287E-3 2.86093E-2 2.75686E-2 1.37196E-2 1.17857E-2 4.34033E-3 5.41716E-4 3.60542E-4 6.08106E-5 2.07063E-5 4.4873E-6 2.72698E-6 2.97577E-5 3.41811E-4 7.64426E-4 3.98636E-4 2.85253E-4 1.58697E-3 5.55961E-4 9.51087E-4 2.00742E-2 2.76004E-2 -9999
0E0 0E0 0E0 0E0 0E0 0E0 0E0 0E0 0E0 0E0 0E0 8.36692E-3 1.69947E-2 2.09613E-2 2.81916E-2 1.9579E-2 1.09691E-2 0E0 0E0 1.48999E-2 0E0 0E0 0E0 0E0 0E0 0E0 2.58714E-2 6.14286E-2 5.41938E-2 8.19751E-2 5.99183E-2 3.51821E-2 3.41071E-2 4.67983E-2 3.30255E-2 8.44034E-2 1.60574E-2 6.16106E-2 1.56544E-1 1.21151E-1 1.79903E-1 1.08949E-1 3.61583E-2 4.35155E-2 -9999 -9999 -9999 -9999 -9999 -9999 -9999 -9999 -9999 -9999 7.24411E-3 1.17148E-3 4.83218E-3 1.0998E-2 7.02936E-3 9.94845E-3 1.30203E-2 5.61041E-3 1.31801E-3 6.54421E-4 2.45642E-4 6.31728E-6 1.27199E-6 4.19152E-5 2.31218E-4 1.70529E-3 4.81832E-3 7.01066E-3 4.1173E-3 4.95644E-4 1.0816E-3 2.37269E-2 2.50594E-2 -9999
0E0 0E0 0E0 0E0 0E0 0E0 0E0 0E0 0E0 0E0 0E0 0E0 0E0 1.67464E-2 1.63677E-2 2.3409E-2 1.6871E-2 1.75435E-2 0E0 0E0 0E0 0E0 0E0 0E0 0E0 0E0 3.03605E-2 1.1189E-1 9.14708E-2 7.26182E-2 2.91961E-2 4.00423E-2 4.14257E-2 4.92564E-2 3.03193E-2 3.41114E-2 8.58266E-2 2.04364E-1 1.30803E-1 9.98164E-2 8.29807E-2 2.57896E-2 4.66318E-3 1.32186E-2 1.11003E-1 -9999 -9999 -9999 -9999 -9999 -9999 -9999 -9999 -9999 1.4713E-2 1.35948E-3 2.94902E-4 6.39809E-3 2.28643E-3 2.71025E-3 5.30719E-3 4.55535E-3 5.21225E-4 3.04814E-4 5.89094E-5 1.40163E-5 4.17963E-7 2.82175E-6 7.17025E-5 1.86216E-4 4.39086E-3 1.86929E-2 6.8253E-3 4.36502E-4 1.65186E-3 2.19196E-2 3.02531E-2 -9999
0E0 0E0 0E0 0E0 0E0 0E0 0E0 9.64641E-3 8.25821E-3 8.3117E-3 0E0 0E0 1.20058E-2 1.29154E-2 1.42445E-2 1.50299E-2 3.52504E-2 0E0 0E0 0E0 0E0 0E0 0E0 0E0 0E0 3.42608E-2 6.0042E-2 6.65965E-2 7.69851E-2 6.17192E-2 3.75625E-2 2.53275E-2 3.65352E-2 3.91078E-2 2.18671E-2 3.09829E-2 6.29975E-2 9.10843E-2 6.97286E-2 3.78946E-2 1.2114E-3 1.74684E-3 4.98974E-3 4.81775E-3 1.36941E-2 2.03642E-2 -9999 -9999 -9999 -9999 -9999 -9999 -9999 -9999 -9999 2.96287E-3 3.31699E-4 5.2061E-3 2.2647E-3 2.77785E-3 1.88451E-3 5.92373E-3 3.41619E-4 1.81836E-5 4.58447E-6 6.09187E-7 1.29203E-6 3.40949E-5 1.72886E-4 2.09757E-4 3.00652E-4 9.28264E-3 3.58495E-3 4.11441E-3 1.22962E-2 2.32008E-2 7.57193E-2 -9999
0E0 0E0 0E0 0E0 0E0 0E0 1.32569E-2 7.72068E-3 8.71117E-3 1.19243E-2 1.12065E-2 8.42177E-3 0E0 1.07069E-2 1.86611E-2 1.85439E-2 1.80884E-2 0E0 0E0 0E0 0E0 0E0 0E0 0E0 4.1222E-2 5.14174E-2 8.18352E-2 6.24381E-2 6.88697E-2 5.29897E-2 1.84086E-2 3.94199E-2 1.5062E-2 2.89016E-2 2.21761E-2 3.30925E-2 6.2251E-2 2.8244E-2 5.86223E-2 7.0122E-3 1.98252E-4 1.08464E-3 1.20099E-4 3.69152E-4 1.16274E-3 6.97954E-3 1.56984E-2 -9999 -9999 -9999 -9999 -9999 -9999 -9999 -9999 1.26243E-2 2.57344E-3 2.8551E-3 5.49424E-4 1.26596E-3 5.84467E-4 9.53475E-4 6.49636E-4 1.19705E-5 1.08771E-6 2.66346E-7 2.62831E-6 1.03432E-4 3.93351E-4 1.14172E-3 1.53194E-3 1.13204E-2 1.16039E-2 7.36281E-3 3.215E-2 6.55366E-2 -9999 -9999
0E0 0E0 0E0 0E0 0E0 0E0 0E0 9.03384E-3 1.04649E-2 1.31929E-2 1.00688E-2 9.19099E-3 0E0 1.31985E-2 1.53447E-2 1.79178E-2 2.13119E-2 0E0 0E0 0E0 0E0 0E0 0E0 0E0 4.5719E-2 1.00907E-1 8.75779E-2 8.08627E-2 5.72626E-2 3.48225E-2 1.58914E-2 7.07211E-3 8.56485E-3 2.14369E-2 2.76806E-3 4.73114E-3 1.04516E-2 1.93193E-2 5.53785E-2 3.50582E-4 5.21604E-5 7.74391E-5 4.93924E-6 1.90589E-5 1.72342E-4 3.72147E-4 2.88415E-3 1.30464E-2 1.92078E-2 -9999 -9999 -9999 -9999 -9999 -9999 3.76859E-2 1.20206E-2 8.99502E-3 1.59626E-3 8.63581E-3 1.36804E-3 2.33559E-4 3.5487E-5 1.62449E-6 2.5301E-6 6.62533E-7 3.6703E-6 2.90533E-4 2.39565E-3 4.80368E-3 1.00176E-2 1.12965E-2 1.28638E-2 2.96827E-2 2.84824E-2 -9999 -9999 -9999
0E0 0E0 0E0 0E0 0E0 0E0 0E0 6.49439E-3 1.13858E-2 1.40353E-2 1.0667E-2 1.06282E-2 1.43823E-2 0E0 0E0 2.29263E-2 3.08962E-2 0E0 0E0 0E0 0E0 0E0 3.05798E-2 4.05687E-2 6.57579E-2 7.68314E-2 6.97009E-2 4.88232E-2 5.36201E-2 2.29443E-2 2.20631E-3 1.75446E-2 5.86347E-3 1.59136E-4 5.29725E-5 6.25119E-5 1.01853E-4 3.71704E-4 1.38269E-3 2.5006E-4 1.83664E-5 2.53254E-6 3.96711E-7 3.53673E-6 1.18146E-5 6.51126E-5 1.15513E-3 1.10675E-2 2.70377E-2 7.55228E-3 -9999 4.36107E-2 -9999 -9999 -9999 -9999 -9999 -9999 3.41457E-3 9.87527E-3 1.74317E-3 6.99947E-5 2.37904E-6 8.08115E-7 1.58469E-5 2.14119E-6 2.23233E-4 2.21342E-3 4.35082E-3 2.50131E-2 3.90797E-2 1.04543E-2 1.64897E-2 2.27273E-2 -9999 -9999 -9999 -9999
0E0 0E0 0E0 0E0 0E0 0E0 8.33093E-3 6.16275E-3 8.51858E-3 1.19697E-2 1.53606E-2 1.17573E-2 1.14633E-2 0E0 0E0 0E0 0E0 0E0 0E0 0E0 0E0 0E0 5.81748E-2 7.88208E-2 9.8253E-2 1.06543E-1 6.98115E-2 4.01269E-2 4.4529E-2 3.5294E-2 2.40376E-2 3.38521E-2 1.9474E-3 1.70399E-4 3.99351E-4 1.62166E-4 6.5163E-5 4.90385E-4 8.30296E-4 8.96015E-5 2.06573E-6 2.02406E-7 2.17661E-7 1.80952E-6 4.89212E-6 4.63758E-5 8.12712E-4 7.97445E-3 1.70901E-2 4.05198E-2 1.78192E-2 1.98301E-1 -9999 -9999 -9999 -9999 -9999 -9999 2.51431E-3 4.04664E-3 2.42667E-4 4.4198E-5 8.10658E-6 9.15246E-7 2.14281E-5 1.10836E-4 3.1237E-4 1.55526E-3 1.73812E-3 4.17566E-3 1.93198E-2 2.14015E-2 -9999 -9999 -9999 -9999 -9999 -9999
0E0 0E0 0E0 0E0 0E0 0E0 6.53672E-3 7.38115E-3 0E0 8.72446E-3 8.60876E-3 1.5958E-2 1.55403E-2 8.90505E-3 0E0 0E0 0E0 0E0 0E0 0E0 0E0 0E0 0E0 7.02619E-2 7.00716E-2 1.03497E-1 9.77332E-2 8.12592E-2 4.99915E-2 3.91819E-2 2.893E-2 2.86271E-2 4.23838E-3 2.56368E-3 8.9894E-4 1.26196E-4 6.31545E-4 1.36268E-4 1.25677E-4 5.62995E-6 4.05188E-7 2.14638E-7 1.87685E-7 2.16783E-6 1.20111E-4 2.34702E-5 8.5787E-4 6.35033E-3 7.7109E-3 2.19076E-2 6.03903E-2 4.61221E-2 -9999 -9999 -9999 -9999 -9999 -9999 -9999 4.20199E-3 9.82847E-4 2.15771E-5 3.07659E-6 4.78572E-7 8.62513E-6 7.88905E-5 2.35615E-4 6.77004E-5 4.10433E-4 5.24896E-3 3.51576E-2 8.57404E-2 -9999 -9999 -9999 -9999 -9999 -9999
0E0 0E0 0E0 0E0 0E0 0E0 0E0 0E0 6.47739E-3 6.23153E-3 1.26981E-2 1.28894E-2 2.17752E-2 1.19226E-2 0E0 0E0 0E0 0E0 0E0 0E0 0E0 0E0 2.74586E-2 6.28382E-2 8.4704E-2 6.90435E-2 6.91984E-2 7.49603E-2 7.64498E-2 4.42703E-2 4.1306E-2 3.49208E-2 2.96024E-2 2.4693E-2 1.46319E-2 3.56451E-3 1.39134E-3 3.91727E-5 9.05153E-7 7.41078E-7 1.04632E-7 1.55674E-7 6.92983E-7 1.17878E-6 7.22001E-5 4.20931E-4 3.08084E-3 1.54796E-3 1.30159E-3 1.20151E-2 2.00589E-2 2.29547E-2 -9999 -9999 -9999 -9999 -9999 -9999 -9999 1.57638E-2 1.89376E-3 9.8475E-5 1.00051E-5 1.02851E-6 1.73336E-7 8.42676E-6 3.21697E-5 9.06161E-5 1.921E-3 1.16124E-2 4.29778E-2 1.56412E-2 -9999 -9999 -9999 -9999 -9999 -9999
0E0 0E0 0E0 0E0 0E0 0E0 0E0 0E0 9.32292E-3 7.48812E-3 7.71224E-3 1.39102E-2 9.71944E-3 0E0 0E0 0E0 0E0 0E0 0E0 0E0 0E0 2.34667E-2 3.54633E-2 5.84664E-2 7.26437E-2 7.15056E-2 7.59582E-2 7.03788E-2 5.01666E-2 6.63762E-2 5.51407E-2 4.70232E-2 4.7753E-2 3.93137E-2 2.035E-2 1.44345E-2 1.15096E-3 2.33841E-4 8.82042E-6 2.52405E-6 1.61784E-7 4.33436E-7 2.86386E-6 2.1739E-5 7.59111E-5 3.21181E-4 2.3092E-4 4.50038E-5 1.79083E-4 2.03015E-3 1.6612E-2 2.88317E-2 5.85514E-2 -9999 -9999 -9999 -9999 -9999 -9999 -9999 1.9376E-3 3.93249E-5 9.80148E-6 1.5686E-6 4.65401E-7 1.15056E-5 9.79039E-5 4.24725E-4 1.40717E-3 3.95542E-3 3.80971E-2 -9999 -9999 -9999 -9999 -9999 -9999 -9999
0E0 0E0 0E0 0E0 0E0 0E0 0E0 0E0 8.98754E-3 9.5608E-3 9.85343E-3 1.60897E-2 0E0 0E0 0E0 0E0 0E0 0E0 0E0 0E0 0E0 2.38196E-2 3.39164E-2 4.73517E-2 8.77287E-2 1.04799E-1 7.57235E-2 4.95716E-2 4.47296E-2 4.21639E-2 1.75714E-2 2.79169E-2 6.07098E-2 1.23401E-2 9.5221E-3 7.26787E-4 1.18676E-4 1.95677E-4 9.63279E-6 2.04806E-6 4.61175E-7 2.89441E-7 8.63423E-7 4.19694E-6 1.99306E-5 4.30346E-4 8.60439E-5 9.38344E-6 6.33214E-5 7.86584E-3 6.41724E-2 2.86064E-2 1.68256E-2 -9999 -9999 -9999 -9999 -9999 -9999 -9999 2.79788E-4 5.38979E-5 5.0108E-6 3.32282E-6 7.35599E-6 1.46233E-4 6.02566E-4 2.67978E-3 6.94806E-4 2.81378E-2 3.69412E-2 -9999 -9999 -9999 -9999 -9999 -9999 -9999
0E0 0E0 0E0 0E0 0E0 0E0 0E0 0E0 0E0 1.22724E-2 0E0 0E0 0E0 0E0 0E0 0E0 0E0 0E0 0E0 0E0 0E0 0E0 0E0 2.86206E-2 6.09306E-2 6.47831E-2 6.39176E-2 3.53401E-2 2.55431E-2 2.68227E-2 8.24215E-3 1.09689E-2 3.2974E-2 5.94006E-3 2.53914E-5 1.42316E-5 2.13658E-5 3.50942E-5 4.06844E-5 8.88602E-6 2.08452E-6 6.0563E-7 4.69193E-7 4.25177E-6 2.64619E-5 2.41713E-4 1.12257E-5 1.23653E-5 5.11116E-5 1.49815E-3 3.71709E-3 3.1487E-3 1.22338E-2 4.07142E-3 -9999 -9999 -9999 -9999 -9999 -9999 -9999 4.76203E-5 3.16255E-6 9.64696E-6 1.75771E-4 3.98942E-4 1.22944E-3 6.257E-3 9.06638E-3 6.23184E-2 -9999 -9999 -9999 -9999 -9999 -9999 -9999 -9999
0E0 0E0 0E0 0E0 0E0 0E0 0E0 0E0 0E0 0E0 0E0 0E0 0E0 0E0 0E0 0E0 9.92189E-3 0E0 0E0 0E0 0E0 0E0 0E0 3.52685E-2 4.47169E-2 8.4043E-2 4.76881E-2 3.14874E-2 1.81847E-2 5.20965E-3 1.38953E-3 8.18893E-4 5.46341E-4 9.71764E-5 4.70319E-6 7.9873E-7 1.41121E-6 3.82213E-6 1.1318E-5 2.29248E-5 3.42464E-6 4.84039E-7 5.0615E-7 2.46897E-6 2.26096E-5 1.98422E-4 1.7738E-6 3.12757E-6 7.56901E-7 1.6955E-5 3.24099E-4 2.04625E-4 5.48143E-3 5.60173E-3 1.53797E-2 -9999 -9999 -9999 -9999 -9999 -9999 7.97295E-5 1.31077E-5 5.3615E-5 7.36974E-5 6.25243E-5 2.10205E-3 1.22437E-2 -9999 -9999 -9999 -9999 -9999 -9999 -9999 -9999 -9999 -9999
0E0 0E0 0E0 0E0 0E0 0E0 0E0 0E0 0E0 0E0 0E0 0E0 0E0 0E0 0E0 0E0 1.51293E-2 2.3152E-2 2.52314E-2 2.47353E-2 0E0 2.4531E-2 2.81977E-2 2.42248E-2 2.3114E-2 5.66474E-2 7.50813E-2 5.63199E-2 3.52288E-2 2.18198E-2 2.23175E-2 7.70641E-3 2.99649E-4 3.72984E-5 2.91108E-5 8.64435E-6 3.31161E-6 7.39213E-7 9.1484E-6 1.36324E-6 2.3897E-6 1.10134E-6 3.51396E-7 1.29753E-6 5.52521E-5 4.85339E-5 4.92734E-7 2.23825E-6 5.34626E-7 2.57526E-7 1.54545E-6 6.69051E-6 1.28865E-3 1.42305E-2 1.54436E-2 1.24691E-1 -9999 -9999 -9999 -9999 -9999 1.04483E-4 1.22907E-5 6.91411E-5 1.54049E-5 9.80333E-5 1.46745E-3 1.19627E-2 -9999 -9999 -9999 -9999 -9999 -9999 -9999 -9999 -9999 -9999
0E0 0E0 0E0 0E0 0E0 0E0 0E0 0E0 0E0 0E0 0E0 0E0 0E0 0E0 0E0 7.69006E-3 1.49014E-2 1.17377E-2 1.59764E-2 1.17687E-2 1.66634E-2 2.74934E-2 1.80574E-2 1.98397E-2 2.68606E-2 4.94202E-2 6.71994E-2 5.26928E-2 4.53109E-2 5.9164E-2 3.25044E-2 2.55596E-2 7.84805E-3 4.83879E-4 5.60151E-5 8.09746E-6 4.49362E-6 1.0655E-6 2.36093E-7 7.89251E-7 7.00308E-7 8.41466E-7 6.21669E-7 4.09343E-6 6.43172E-5 2.64394E-5 2.18505E-7 2.44617E-7 2.27836E-7 1.83617E-7 7.74453E-6 7.81886E-5 5.2773E-3 2.91971E-2 3.37005E-2 4.67367E-2 -9999 -9999 -9999 -9999 -9999 3.58905E-4 2.16912E-4 2.3437E-4 6.67684E-4 8.53207E-4 9.74132E-3 -9999 -9999 -9999 -9999 -9999 -9999 7.59177E-2 -9999 -9999 -9999 -9999
0E0 0E0 0E0 0E0 0E0 0E0 0E0 0E0 0E0 0E0 0E0 0E0 0E0 0E0 1.2345E-2 1.48311E-2 1.41347E-2 1.38431E-2 7.87696E-3 2.97632E-2 3.79025E-2 3.40569E-2 3.39614E-2 1.89254E-2 2.80993E-2 1.95908E-2 3.59855E-2 3.69725E-2 3.30447E-2 1.53048E-2 5.07315E-3 2.98634E-3 3.80353E-3 5.10573E-4 9.29489E-5 1.21799E-4 3.85744E-5 2.38361E-6 6.76273E-7 4.28563E-7 5.74683E-7 6.79995E-7 4.40986E-7 6.72839E-7 3.08658E-6 1.04208E-5 4.67325E-7 2.28174E-7 7.20505E-7 2.00463E-7 6.81585E-7 6.72044E-5 1.5053E-3 3.96448E-2 3.58984E-2 1.02969E-1 2.21686E-1 -9999 -9999 -9999 -9999 4.79817E-3 7.84349E-3 1.1515E-2 6.05255E-3 -9999 -9999 -9999 -9999 -9999 -9999 -9999 3.71384E-2 5.17536E-2 -9999 -9999 -9999 -9999
0E0 0E0 0E0 0E0 0E0 0E0 0E0 0E0 0E0 0E0 0E0 0E0 0E0 0E0 1.58627E-2 0E0 0E0 0E0 0E0 2.55974E-2 2.89673E-2 2.75146E-2 2.65033E-2 3.37312E-2 3.41229E-2 2.6675E-2 3.03591E-2 2.41623E-2 1.21046E-2 1.6631E-2 2.09009E-3 5.04293E-5 4.58776E-4 1.13439E-3 3.86606E-4 1.65017E-4 1.02988E-4 1.58969E-5 3.37213E-6 7.89313E-7 9.4966E-7 1.75235E-6 5.29789E-7 6.55447E-7 1.63909E-7 1.032E-6 4.4141E-7 6.32255E-7 2.97113E-6 3.21138E-7 8.31401E-7 3.53237E-5 1.47701E-3 2.74006E-2 4.58985E-2 9.45807E-2 1.35943E-1 -9999 -9999 -9999 -9999 1.29422E-2 -9999 -9999 -9999 -9999 -9999 -9999 -9999 -9999 4.10937E-2 5.11656E-2 2.23664E-2 3.49156E-2 -9999 -9999 -9999 5.82471E-3
0E0 0E0 0E0 0E0 0E0 0E0 0E0 0E0 0E0 0E0 0E0 0E0 0E0 0E0 0E0 0E0 0E0 0E0 0E0 1.89393E-2 2.82832E-2 2.21765E-2 1.95437E-2 1.82986E-2 2.00368E-2 2.53157E-2 2.44247E-2 2.47913E-2 1.47589E-2 4.88927E-3 2.48615E-3 9.76396E-5 2.30782E-5 1.49258E-4 2.20059E-5 2.69301E-5 9.94484E-6 4.73398E-6 3.76693E-6 1.08205E-6 7.08544E-7 3.103E-6 1.52981E-6 6.00579E-7 4.09228E-7 5.23667E-7 1.01735E-6 6.97223E-6 1.17012E-6 2.60762E-7 2.03503E-7 5.14147E-6 3.03535E-4 2.59364E-3 3.94327E-2 1.3495E-1 -9999 -9999 -9999 -9999 -9999 -9999 -9999 -9999 -9999 -9999 -9999 -9999 -9999 -9999 5.44815E-2 2.15747E-2 3.19822E-2 3.31221E-2 -9999 -9999 -9999 2.26358E-3
