ENM/Final_Models/M_0.8_F_q_Set_1_NE/Gustavia_santanderiensis_8_Choco.asc
ncols         367
nrows         963
xllcorner     -78.6
yllcorner     0.65
cellsize      0.00833333333333323
NODATA_value  -9999
[rows 782 to 815 of 963, columns 156 to 233 of 367]
2.42622E-5 1.07141E-5 3.01063E-6 1.24122E-5 1.7379E-5 1.06412E-5 2.57084E-6 6.38481E-7 1.74844E-6 1.82432E-6 1.01866E-6 1.06437E-6 6.13281E-7 4.5604E-7 8.90485E-7 5.66739E-6 2.78893E-6 2.47967E-6 1.27522E-5 1.73206E-4 7.28011E-4 7.68626E-4 4.94097E-3 1.10944E-2 -9999 -9999 -9999 -9999 -9999 -9999 -9999 -9999 -9999 -9999 -9999 -9999 -9999 -9999 -9999 -9999 -9999 1.05053E-2 5.99548E-3 4.23066E-3 1.02549E-2 5.5002E-3 6.55986E-3 1.18235E-2 7.63241E-3 4.97307E-3 3.57499E-3 2.01373E-3 2.13875E-3 3.24693E-3 2.17864E-3 1.62387E-3 2.22797E-3 1.94612E-3 1.63412E-3 1.39366E-3 4.16607E-4 4.69282E-4 2.95698E-4 2.17613E-4 7.57236E-5 4.05078E-5 1.06138E-5 1.66511E-6 9.08659E-7 1.07459E-5 5.1756E-6 1.49382E-5 3.21875E-5 3.90804E-5 2.62923E-5 1.35948E-5 3.94502E-5 6.30094E-5
9.16886E-6 4.14979E-6 5.62988E-6 5.30091E-6 3.09223E-6 6.87625E-6 2.85902E-6 3.90376E-7 8.72258E-7 5.07775E-7 3.55418E-7 4.49745E-7 3.71264E-7 1.06101E-6 2.38239E-6 9.24696E-6 1.03154E-5 1.63537E-5 4.61537E-5 4.83442E-4 2.31975E-3 5.52786E-3 -9999 -9999 1.37748E-3 -9999 -9999 -9999 -9999 -9999 -9999 -9999 -9999 -9999 -9999 -9999 -9999 -9999 -9999 -9999 1.72405E-2 1.24187E-2 9.99775E-3 3.59148E-3 1.31392E-2 1.42239E-2 1.43239E-2 1.09957E-2 7.64402E-3 2.59354E-3 1.3318E-3 1.22968E-3 1.95242E-3 3.71157E-3 7.20737E-4 3.66824E-4 1.31714E-3 1.73859E-3 1.19659E-3 5.35491E-4 5.66088E-4 6.73889E-4 1.19035E-4 3.45574E-5 2.75668E-5 2.88976E-5 1.53026E-5 2.18451E-6 4.71954E-7 4.09532E-6 5.91947E-6 8.75268E-6 1.10525E-5 1.78937E-5 4.28325E-5 1.18519E-5 4.45417E-5 4.48209E-5
1.98267E-6 6.44889E-7 3.86999E-7 9.24193E-7 8.32211E-7 3.90279E-6 1.17702E-6 4.01602E-7 1.21176E-6 8.5581E-7 2.234E-7 3.60785E-7 1.25311E-6 3.64696E-6 5.58787E-6 7.07257E-5 2.09306E-5 1.51932E-4 5.43708E-4 2.08895E-3 5.06004E-3 -9999 -9999 -9999 6.76204E-3 -9999 -9999 -9999 -9999 -9999 -9999 -9999 -9999 -9999 -9999 -9999 -9999 -9999 -9999 6.8368E-3 6.68645E-3 4.05095E-3 5.84846E-3 4.2837E-3 1.38354E-2 1.59321E-2 1.02261E-2 4.47963E-3 1.39066E-3 2.24959E-4 2.75691E-3 1.03259E-3 1.24648E-3 8.71401E-4 2.11261E-3 3.4004E-4 2.49514E-4 8.65634E-5 2.20232E-4 1.93499E-4 1.11839E-4 9.54226E-5 1.17898E-4 4.58761E-5 1.68487E-5 2.84654E-6 1.66931E-6 4.9976E-6 4.88014E-6 5.96316E-6 8.19186E-6 4.42895E-6 1.86636E-5 8.25312E-6 4.36018E-6 1.14794E-5 2.65005E-5 2.7293E-5
7.65435E-7 1.28475E-6 8.14522E-7 5.97365E-7 3.89971E-7 1.29472E-6 4.48212E-7 9.12976E-7 1.09553E-6 6.74744E-7 5.88119E-7 1.19057E-6 4.03355E-6 1.03104E-5 3.49165E-5 3.28291E-4 6.35857E-6 5.74612E-5 5.9917E-4 4.21749E-3 3.07622E-3 -9999 -9999 -9999 1.39537E-2 -9999 -9999 -9999 -9999 -9999 -9999 -9999 -9999 -9999 -9999 -9999 -9999 -9999 3.42889E-3 3.54262E-3 4.79318E-3 2.67566E-3 2.63049E-3 7.80835E-3 1.70811E-2 1.73571E-2 5.06811E-3 5.11176E-3 4.88981E-4 1.0313E-4 1.59415E-3 9.46461E-4 2.52916E-4 3.06944E-4 2.29157E-3 7.33241E-4 1.31767E-4 7.7325E-5 1.45256E-4 5.10745E-5 1.15614E-5 1.06223E-5 2.18355E-4 6.54568E-5 1.12943E-5 5.39447E-6 1.12728E-5 3.091E-6 2.91125E-6 5.39421E-6 8.42708E-6 5.87765E-6 6.90991E-6 2.80204E-5 1.93978E-5 1.9591E-5 1.76585E-5 6.48566E-5
3.37806E-6 2.92204E-6 1.39343E-6 1.73491E-6 3.81102E-7 4.39738E-7 3.93573E-7 1.11839E-6 1.82796E-6 5.74579E-7 9.42211E-7 8.52418E-7 6.16332E-6 1.82983E-5 4.6243E-5 1.88581E-4 6.52265E-6 8.03075E-6 2.59549E-4 7.40226E-4 -9999 -9999 -9999 -9999 -9999 -9999 -9999 -9999 -9999 -9999 -9999 -9999 -9999 -9999 -9999 -9999 -9999 -9999 -9999 4.55885E-3 4.01054E-3 3.0871E-3 4.87965E-3 1.42116E-2 1.58483E-2 6.39875E-3 3.16455E-3 1.37736E-3 3.88126E-4 8.05666E-5 5.91577E-4 5.196E-4 1.63577E-4 2.67395E-4 2.20545E-3 1.78837E-3 2.34952E-4 1.46459E-4 1.90686E-5 1.30532E-5 6.30962E-6 1.60735E-5 3.80491E-5 8.23318E-5 3.29271E-6 2.04054E-6 9.65288E-6 8.28265E-6 9.01732E-6 4.9453E-6 1.04334E-5 9.31182E-6 9.36764E-6 1.08588E-5 2.235E-5 5.4224E-5 9.6694E-5 1.05994E-4
2.89647E-6 2.96274E-7 1.11949E-6 8.71278E-6 3.63892E-6 6.62895E-7 7.19096E-7 2.66041E-6 7.18537E-6 5.25218E-7 5.21571E-7 1.34027E-6 6.59787E-6 1.27768E-5 6.0187E-5 9.10649E-5 1.50194E-4 6.53334E-6 3.10658E-5 6.11622E-4 -9999 -9999 -9999 -9999 -9999 -9999 -9999 -9999 -9999 -9999 -9999 -9999 -9999 -9999 -9999 -9999 -9999 -9999 -9999 8.52645E-3 5.01341E-3 1.76935E-2 1.34036E-2 2.81658E-2 2.1146E-2 9.70122E-3 5.97804E-3 9.67233E-4 1.24318E-4 6.50294E-5 3.40273E-4 5.37315E-4 4.63857E-4 4.69028E-4 2.58346E-3 2.3044E-3 2.9405E-4 7.52728E-5 3.25011E-6 1.18409E-5 2.4899E-6 1.45577E-5 3.59513E-5 4.3199E-6 1.81284E-6 4.1318E-6 1.79041E-6 1.35681E-5 1.55937E-5 7.62053E-6 9.1038E-6 1.99966E-5 8.54955E-6 4.28157E-6 3.56788E-6 8.54669E-6 7.34758E-5 7.9941E-5
5.82516E-7 2.02644E-7 8.37542E-7 2.86239E-6 1.46677E-6 1.29666E-6 1.83071E-6 3.89887E-6 1.95892E-5 2.13271E-6 1.31093E-7 2.82943E-7 5.50141E-6 2.26903E-5 1.1854E-4 4.13849E-4 1.29667E-4 1.06139E-4 1.02574E-5 3.82518E-4 1.50059E-3 -9999 -9999 -9999 -9999 -9999 -9999 -9999 -9999 -9999 -9999 -9999 -9999 -9999 -9999 -9999 -9999 1.02459E-2 1.87574E-2 8.5215E-3 6.47983E-3 2.34653E-2 2.90475E-2 1.38627E-2 7.66017E-3 8.63873E-3 3.13018E-3 9.92656E-4 1.56861E-5 7.08214E-6 1.63301E-5 9.11349E-5 4.18316E-4 8.42833E-4 9.68853E-4 1.96437E-3 6.31065E-4 2.52046E-5 3.4646E-5 1.12598E-5 7.94624E-6 1.09071E-5 1.3717E-5 2.40402E-5 3.45843E-6 8.28211E-6 1.1645E-5 1.29874E-5 9.83599E-6 7.24872E-6 1.82582E-5 6.63357E-6 1.11461E-5 5.09557E-6 5.35148E-6 1.24072E-5 3.03058E-5 3.05782E-5
1.0473E-6 1.21627E-6 6.05041E-7 4.35745E-7 1.94018E-7 1.49353E-7 4.55967E-7 1.66936E-6 1.86511E-5 2.56562E-6 5.29526E-7 9.17529E-7 3.08186E-6 9.20738E-5 9.37925E-4 1.09507E-3 7.00042E-4 2.27263E-4 9.17122E-5 8.55472E-4 3.34006E-3 4.86187E-3 -9999 -9999 -9999 -9999 -9999 -9999 -9999 -9999 -9999 -9999 -9999 -9999 -9999 -9999 5.0377E-3 8.77006E-3 2.2064E-2 6.92006E-3 1.34614E-2 1.57975E-2 6.6435E-3 6.27534E-3 7.60448E-3 6.81784E-3 4.42728E-4 4.7715E-4 8.75352E-5 2.88409E-5 6.00723E-6 1.19613E-4 1.42297E-4 3.97354E-4 1.3753E-4 3.7514E-4 5.155E-4 1.10017E-4 5.13637E-5 1.39323E-5 9.75894E-6 7.67683E-6 7.73552E-6 9.89303E-6 6.62349E-6 1.17411E-5 1.29657E-5 1.98471E-5 1.90276E-5 1.48644E-5 7.60106E-6 2.59162E-5 1.47862E-5 1.32448E-6 1.16631E-6 1.74217E-6 6.77899E-6 3.54318E-5
2.74006E-6 4.18754E-6 2.46156E-7 3.25301E-6 1.42734E-5 3.46241E-6 8.77855E-6 4.24743E-5 6.09598E-6 2.56415E-6 7.68354E-7 8.90978E-7 2.32821E-5 7.73859E-5 6.1115E-4 3.40475E-3 9.80752E-4 1.02142E-3 1.5079E-3 3.31467E-4 2.17929E-3 -9999 -9999 -9999 -9999 -9999 -9999 -9999 -9999 -9999 -9999 -9999 -9999 -9999 -9999 -9999 5.20121E-3 6.00157E-3 2.1568E-2 2.17626E-2 1.27417E-2 5.90882E-3 2.38864E-3 1.65203E-3 1.73418E-3 2.57266E-3 5.80336E-4 2.78355E-5 3.32118E-5 2.35204E-5 2.21049E-5 5.37977E-5 3.03232E-5 2.00757E-4 7.6248E-5 5.91627E-5 4.99447E-4 1.22408E-4 2.1811E-6 1.27258E-5 8.50046E-6 1.05273E-5 1.13657E-5 1.16974E-5 1.2843E-5 1.43943E-5 1.32623E-5 1.67107E-5 2.41214E-5 2.06487E-5 9.24418E-6 2.56914E-5 3.88029E-5 1.48541E-6 1.00124E-6 5.58519E-6 2.5018E-5 1.94024E-5
1.92566E-6 2.96736E-6 6.1707E-7 1.26859E-6 3.38624E-5 6.06429E-5 7.97351E-5 1.32595E-4 4.2884E-6 3.87213E-7 6.89882E-7 6.88117E-6 5.4721E-5 1.21228E-4 1.05133E-3 -9999 1.56748E-3 4.0349E-3 1.67507E-3 2.12534E-3 1.60388E-3 -9999 -9999 -9999 -9999 -9999 -9999 -9999 -9999 -9999 -9999 -9999 -9999 -9999 -9999 -9999 4.5863E-3 1.35364E-2 3.3573E-2 3.18543E-2 1.08222E-2 2.96717E-3 1.65878E-3 1.93986E-3 9.05846E-4 4.23999E-4 1.60078E-3 6.01528E-5 5.50911E-5 2.91895E-5 3.46258E-5 1.80129E-5 3.64319E-5 3.94874E-5 1.45916E-5 4.25941E-5 1.84987E-4 1.10078E-4 2.22604E-6 1.25593E-5 4.56555E-6 7.7786E-6 1.0866E-5 9.64793E-6 9.25468E-6 5.51601E-6 1.09656E-5 1.07604E-5 9.55436E-6 8.68638E-5 2.82171E-5 5.97531E-5 8.08398E-5 1.52318E-5 6.429E-6 5.54086E-6 1.75474E-5 2.2131E-5
4.32574E-7 1.5775E-6 8.97411E-8 1.25012E-7 6.20325E-6 3.71748E-4 1.21761E-4 1.99812E-5 1.18732E-6 9.10343E-7 2.84589E-6 3.49778E-5 1.5277E-4 3.17549E-4 6.67184E-4 -9999 -9999 -9999 8.69224E-3 6.12833E-3 3.46784E-2 -9999 -9999 -9999 -9999 -9999 -9999 -9999 -9999 -9999 -9999 -9999 -9999 -9999 -9999 -9999 -9999 -9999 -9999 1.98331E-2 3.30512E-3 3.37908E-3 4.11716E-3 1.19907E-3 1.75524E-4 3.17212E-5 1.31414E-4 7.65215E-5 3.74235E-5 4.44362E-6 3.39788E-6 1.59879E-6 1.39005E-5 2.43952E-5 3.42044E-6 2.74003E-6 2.93234E-5 2.25185E-4 1.462E-5 8.21109E-6 4.50059E-6 6.26264E-6 6.07526E-6 9.68876E-6 1.25298E-5 3.5806E-6 4.03716E-6 5.06753E-6 1.09818E-5 4.56731E-5 6.51724E-5 4.51598E-5 5.67899E-5 7.19421E-6 9.71175E-6 7.46235E-6 1.03538E-5 1.73827E-5
3.22755E-7 7.27056E-7 5.93161E-7 2.31552E-6 7.78852E-6 4.03838E-4 7.93287E-5 1.46602E-6 6.91193E-7 1.70176E-6 9.17419E-6 5.54758E-5 3.08847E-4 1.30268E-3 3.00183E-3 3.59766E-3 -9999 -9999 -9999 -9999 -9999 -9999 -9999 -9999 -9999 -9999 -9999 -9999 -9999 -9999 -9999 -9999 -9999 -9999 -9999 -9999 -9999 2.96558E-2 8.53639E-3 3.35985E-3 7.15148E-3 4.04086E-3 1.16737E-3 2.69057E-4 2.05167E-4 2.34498E-5 6.93272E-5 1.29342E-4 1.51802E-5 1.40184E-6 3.14072E-6 1.62415E-6 5.85082E-6 2.42635E-6 4.11011E-6 7.24428E-6 5.59179E-5 2.22293E-5 6.32052E-5 6.85636E-6 4.5593E-6 4.33361E-6 3.95734E-6 4.52508E-6 5.41245E-6 6.24278E-6 7.67384E-6 1.56431E-5 5.82267E-6 1.43407E-5 1.86361E-5 7.54452E-5 6.40392E-5 1.0054E-5 8.39319E-6 3.87133E-6 1.04904E-5 1.46432E-5
1.67573E-7 4.64395E-7 1.59865E-5 6.99949E-6 3.5518E-4 2.41275E-4 4.04562E-5 3.14755E-6 2.36177E-7 8.99705E-6 4.91357E-5 2.08767E-4 9.18816E-4 1.89922E-3 8.78506E-4 2.13405E-3 -9999 -9999 -9999 -9999 -9999 -9999 -9999 -9999 -9999 -9999 -9999 -9999 -9999 -9999 -9999 -9999 -9999 -9999 -9999 -9999 2.65244E-2 1.8755E-2 -9999 8.05903E-3 6.66467E-3 8.32038E-4 8.22605E-4 8.78138E-4 2.6437E-4 1.05807E-4 2.48819E-5 8.04191E-6 1.54005E-5 1.09472E-5 1.30688E-5 9.73471E-6 1.13739E-5 6.16136E-6 1.93402E-6 5.18165E-6 1.62846E-5 1.37488E-5 6.44251E-5 4.82534E-6 4.16046E-6 1.13576E-5 7.45174E-6 2.90917E-6 3.08701E-6 5.93782E-6 6.39258E-6 1.0436E-5 1.41017E-5 5.45419E-6 1.50213E-5 2.89937E-5 8.5371E-5 2.32178E-5 1.10002E-5 7.09767E-6 7.88285E-6 1.06293E-5
1.16586E-6 1.05791E-6 3.66072E-5 3.79674E-4 7.25639E-4 1.25537E-4 2.69642E-5 1.3539E-7 6.37554E-7 6.67981E-6 1.04942E-4 5.16859E-4 3.65459E-3 2.20462E-3 4.00875E-3 -9999 -9999 -9999 -9999 -9999 -9999 -9999 -9999 -9999 -9999 -9999 -9999 -9999 -9999 -9999 -9999 -9999 -9999 -9999 -9999 1.80757E-2 1.91599E-2 -9999 -9999 1.69783E-2 1.34967E-2 2.48938E-3 1.32071E-3 2.13766E-4 9.89001E-4 7.23055E-4 7.64692E-5 5.73548E-6 2.06304E-5 7.28285E-6 9.41304E-6 1.86145E-5 1.22909E-5 2.0682E-5 1.19265E-5 6.53862E-6 5.03511E-6 4.2578E-6 4.95607E-6 9.40604E-6 3.9977E-6 2.54794E-6 3.53634E-6 1.09267E-5 5.90649E-6 4.62509E-6 5.47182E-6 5.89877E-6 6.34872E-6 2.46406E-5 1.34123E-5 4.02896E-5 7.30632E-5 2.99462E-5 1.75165E-5 6.989E-6 3.09E-6 7.33967E-6
3.452E-8 3.33319E-6 4.84514E-6 3.89907E-4 9.35936E-4 -9999 -9999 3.6116E-6 2.59981E-6 5.49293E-5 1.16023E-4 5.06996E-4 2.40187E-3 6.11808E-3 -9999 -9999 -9999 -9999 -9999 -9999 -9999 -9999 -9999 -9999 -9999 -9999 -9999 -9999 -9999 -9999 -9999 -9999 -9999 -9999 -9999 -9999 -9999 -9999 -9999 5.02808E-3 4.43963E-3 9.19352E-3 6.07629E-3 3.94953E-3 1.1907E-3 1.89131E-3 3.0924E-4 1.72781E-4 6.86413E-5 8.82463E-6 8.29494E-6 6.83738E-6 5.98652E-6 1.36886E-5 7.57168E-6 1.10186E-5 1.04608E-5 8.78109E-6 3.59498E-6 4.35516E-6 5.01443E-6 2.00355E-6 2.19044E-6 5.07539E-6 1.26671E-5 1.37896E-5 8.95046E-6 2.43829E-5 2.56426E-5 4.9947E-5 2.37894E-5 2.2891E-5 4.19577E-5 3.50581E-5 1.32699E-5 1.27361E-5 6.66476E-6 6.22999E-6
5.81333E-5 7.6803E-6 1.59703E-5 9.82075E-4 1.37811E-3 -9999 -9999 1.08825E-5 2.84549E-5 1.93574E-4 6.39844E-4 1.18081E-3 3.27045E-3 2.50804E-3 1.03803E-2 -9999 -9999 -9999 -9999 -9999 -9999 -9999 -9999 -9999 -9999 -9999 -9999 -9999 -9999 -9999 -9999 -9999 -9999 -9999 -9999 -9999 -9999 -9999 -9999 3.41969E-3 2.36209E-3 6.493E-3 2.34002E-3 1.22723E-3 1.08498E-3 5.89096E-4 3.8567E-4 1.5097E-4 2.16725E-4 3.82305E-5 7.17451E-6 8.69449E-6 1.17265E-5 1.00807E-5 6.86293E-6 2.79117E-5 1.56156E-5 8.35151E-6 6.26927E-6 2.64594E-6 5.21756E-6 2.90395E-6 2.53274E-6 3.4294E-6 1.48337E-5 3.08933E-5 1.4494E-5 6.15854E-5 6.26668E-5 3.13025E-5 1.72041E-5 4.14669E-5 4.16566E-5 5.91262E-5 2.82834E-5 1.37214E-5 1.51182E-5 1.24196E-5
3.23078E-5 1.62397E-4 5.18435E-4 1.71804E-3 1.41656E-3 -9999 -9999 2.17171E-4 2.83312E-4 5.70154E-4 6.63205E-4 5.02652E-3 3.68949E-3 2.21054E-3 1.37855E-2 -9999 -9999 -9999 -9999 -9999 -9999 -9999 -9999 -9999 -9999 -9999 -9999 -9999 -9999 -9999 -9999 -9999 -9999 -9999 -9999 -9999 -9999 -9999 -9999 1.93008E-3 1.52429E-3 5.77409E-3 1.18455E-3 1.70974E-4 3.17203E-5 9.16029E-5 5.01299E-5 8.079E-5 9.62731E-6 3.04664E-5 1.19266E-5 1.10771E-5 1.51218E-5 9.11437E-6 6.83489E-6 7.13823E-6 1.17839E-5 8.22763E-6 1.78256E-6 6.62254E-6 7.48657E-6 5.73831E-6 5.26948E-6 5.15022E-6 1.26149E-5 2.39104E-5 2.55097E-5 5.67366E-5 7.89608E-5 8.27831E-5 4.93225E-5 5.01033E-5 7.08119E-5 4.72297E-5 1.3885E-5 9.43728E-6 2.40856E-5 2.77343E-5
2.06704E-6 1.6979E-5 1.21112E-3 -9999 -9999 -9999 -9999 1.16593E-3 6.58071E-4 2.02028E-3 2.93271E-3 4.33926E-3 -9999 -9999 -9999 -9999 -9999 -9999 -9999 -9999 -9999 -9999 -9999 -9999 -9999 -9999 -9999 -9999 -9999 -9999 -9999 -9999 -9999 -9999 -9999 -9999 -9999 -9999 1.05332E-3 1.69264E-3 8.74209E-4 1.27617E-3 6.66253E-4 6.83949E-5 5.05827E-5 7.54348E-5 4.03695E-4 3.23261E-5 1.51183E-5 1.70362E-5 1.45319E-5 8.02562E-6 1.35991E-5 1.04908E-5 9.87345E-6 1.09517E-5 1.28419E-5 6.81037E-6 3.83365E-6 6.59869E-6 2.69669E-6 6.82936E-6 3.79777E-6 4.29572E-6 9.74934E-6 7.17801E-6 1.69379E-5 4.12741E-5 5.24676E-5 7.62979E-5 4.25835E-5 4.51937E-5 8.2912E-5 5.45312E-5 1.73836E-5 1.40467E-5 2.46321E-5 4.04787E-5
1.30549E-6 7.75392E-5 2.26514E-3 -9999 -9999 -9999 -9999 5.77101E-4 3.30132E-3 1.07183E-3 1.35809E-2 3.48424E-2 -9999 -9999 -9999 -9999 -9999 -9999 -9999 -9999 -9999 -9999 -9999 -9999 -9999 -9999 -9999 -9999 -9999 -9999 -9999 -9999 -9999 -9999 -9999 -9999 -9999 -9999 2.21015E-4 1.02532E-4 1.84701E-3 7.19741E-4 3.34749E-4 2.27821E-4 4.13988E-5 1.08442E-5 5.92271E-5 3.51418E-5 1.95966E-5 2.86571E-5 1.90711E-5 1.27134E-5 3.91037E-5 1.91546E-5 3.04092E-5 3.55863E-5 6.95213E-5 3.71196E-5 6.45462E-6 2.90422E-6 2.14028E-6 6.27047E-6 1.20069E-5 2.6066E-6 2.84456E-6 2.95595E-6 1.04293E-5 1.86063E-5 4.49776E-5 7.2297E-5 4.96925E-5 5.89276E-5 5.29496E-5 3.1272E-5 1.67039E-5 2.79156E-5 3.05308E-5 5.97198E-5
4.27274E-6 1.08407E-4 2.27297E-3 1.72486E-3 -9999 -9999 -9999 -9999 -9999 1.16212E-2 1.69552E-2 2.32537E-2 -9999 -9999 -9999 -9999 -9999 -9999 -9999 -9999 -9999 -9999 -9999 -9999 -9999 -9999 -9999 -9999 -9999 -9999 -9999 -9999 -9999 -9999 -9999 -9999 -9999 -9999 1.2742E-4 4.96836E-4 1.11397E-3 3.43679E-4 2.31822E-5 4.68766E-5 8.70901E-5 7.28642E-5 8.37093E-5 1.36725E-5 2.2547E-5 2.10397E-5 2.61183E-5 4.22352E-5 1.40096E-5 1.80027E-5 3.92634E-5 5.02791E-5 6.45124E-5 1.79273E-5 5.95214E-6 1.00808E-5 2.75147E-5 5.02833E-6 2.67409E-6 3.5389E-6 1.69552E-6 3.0059E-6 3.88453E-6 5.38282E-6 3.99413E-5 6.40384E-5 5.42088E-5 8.15881E-5 4.21864E-5 2.41455E-5 2.99801E-5 6.18052E-5 6.92683E-5 6.5447E-5
2.57416E-5 2.33128E-4 1.51747E-3 7.73361E-4 -9999 -9999 -9999 -9999 -9999 -9999 2.08885E-2 -9999 -9999 -9999 -9999 -9999 -9999 -9999 -9999 -9999 -9999 -9999 -9999 -9999 -9999 -9999 -9999 -9999 -9999 -9999 -9999 -9999 -9999 -9999 -9999 -9999 -9999 -9999 1.61987E-3 1.37643E-4 4.25527E-4 1.78628E-4 5.9923E-5 9.72193E-5 1.13155E-4 8.63849E-5 1.49517E-5 9.5123E-6 6.66912E-6 7.36015E-6 9.65282E-6 5.11759E-5 3.05272E-5 3.72096E-5 5.45775E-5 7.87501E-5 8.40466E-5 5.01802E-5 4.14289E-5 4.49347E-5 1.63531E-5 5.32961E-6 5.14857E-6 5.28863E-6 1.85567E-6 2.4329E-6 7.2143E-6 2.20498E-5 3.77691E-5 8.03132E-5 5.2752E-5 6.92515E-5 4.03299E-5 5.24584E-5 4.90665E-5 5.77248E-5 9.69618E-5 9.71608E-5
1.99195E-6 8.9849E-5 6.28458E-5 5.79635E-5 2.27855E-4 4.41499E-4 1.71627E-3 -9999 -9999 -9999 -9999 -9999 -9999 -9999 -9999 -9999 -9999 -9999 -9999 -9999 -9999 -9999 -9999 -9999 -9999 -9999 -9999 -9999 -9999 -9999 -9999 -9999 -9999 -9999 -9999 -9999 -9999 -9999 2.07477E-3 3.35647E-4 5.98861E-4 6.3896E-4 4.67431E-4 7.27312E-5 4.23499E-5 9.01867E-6 5.27537E-6 1.75438E-5 3.45587E-5 4.61238E-6 4.46647E-6 8.0441E-6 4.44481E-5 7.00388E-5 9.14719E-5 4.24778E-5 3.6865E-5 3.2808E-5 6.18826E-5 6.46909E-5 3.21917E-6 1.41307E-6 1.41971E-6 1.91598E-6 2.55982E-6 2.57338E-6 6.19631E-6 3.09625E-5 9.08861E-5 1.02665E-4 8.5604E-5 6.30381E-5 6.09574E-5 6.68181E-5 7.23274E-5 5.29024E-5 6.98209E-5 6.25061E-5
4.80013E-6 1.46954E-4 1.09962E-4 2.51963E-4 3.69255E-4 2.06272E-4 4.37348E-4 3.23874E-3 1.03269E-2 -9999 -9999 -9999 -9999 -9999 -9999 -9999 -9999 -9999 -9999 -9999 -9999 -9999 -9999 -9999 -9999 -9999 -9999 -9999 -9999 -9999 -9999 -9999 -9999 -9999 -9999 -9999 -9999 -9999 -9999 7.98997E-4 5.18052E-4 8.74381E-4 4.95757E-4 4.15993E-5 8.68689E-6 3.97613E-6 2.46431E-6 4.16558E-6 1.34656E-5 7.35154E-6 4.29657E-6 7.49347E-6 8.38903E-6 5.0073E-5 3.44768E-5 1.28884E-5 1.99342E-5 1.50059E-5 2.63694E-5 3.83651E-5 6.03412E-6 3.41403E-6 4.11829E-6 6.62555E-6 3.20162E-6 4.28565E-6 1.20336E-5 3.89339E-5 6.17723E-5 6.3622E-5 7.72949E-5 6.5586E-5 1.01831E-4 5.8371E-5 -9999 -9999 5.32612E-5 3.69485E-5
2.23592E-6 8.12891E-5 6.15255E-4 5.17777E-4 8.48629E-4 4.71378E-4 4.06383E-4 9.26363E-3 3.89386E-2 1.13159E-2 -9999 -9999 -9999 -9999 -9999 -9999 -9999 -9999 -9999 -9999 -9999 -9999 -9999 -9999 -9999 -9999 -9999 -9999 -9999 -9999 -9999 -9999 -9999 -9999 -9999 -9999 -9999 -9999 -9999 2.22601E-3 6.36823E-4 4.98475E-4 4.76255E-4 2.24031E-4 1.28609E-5 5.90172E-6 1.22963E-5 2.59728E-5 8.8762E-6 2.03046E-6 6.38997E-6 7.1095E-6 4.43626E-6 6.11751E-6 3.95323E-6 3.62368E-6 4.70525E-6 6.51383E-6 9.86822E-6 1.83407E-5 1.30586E-5 6.85293E-6 1.10491E-5 1.22822E-5 7.21215E-6 4.71973E-6 7.48814E-6 1.53422E-5 4.38879E-5 6.00581E-5 6.45483E-5 -9999 -9999 -9999 -9999 -9999 -9999 -9999
6.64477E-5 1.22899E-4 1.77039E-3 1.33E-3 8.52734E-3 -9999 7.48057E-4 1.05909E-2 -9999 -9999 -9999 -9999 -9999 -9999 -9999 -9999 -9999 -9999 -9999 -9999 -9999 -9999 -9999 -9999 -9999 -9999 -9999 -9999 -9999 -9999 -9999 -9999 -9999 -9999 -9999 -9999 -9999 -9999 -9999 -9999 2.42827E-3 1.32286E-3 9.4247E-4 8.11199E-5 1.13864E-5 8.77901E-6 7.77888E-5 3.11793E-5 4.03353E-6 1.07638E-6 1.27608E-6 2.63597E-6 3.08314E-6 7.52773E-6 3.9933E-6 3.14509E-6 2.33219E-6 2.987E-6 4.92638E-6 8.29363E-6 3.73311E-5 5.20957E-5 6.40062E-5 4.31608E-5 2.6297E-5 1.77323E-5 9.77536E-6 3.68373E-5 3.22954E-5 -9999 -9999 -9999 -9999 -9999 -9999 -9999 -9999 -9999
2.25648E-4 2.44871E-4 2.24788E-3 1.42464E-3 1.06565E-2 -9999 2.24248E-3 -9999 -9999 -9999 -9999 -9999 -9999 -9999 -9999 -9999 -9999 -9999 -9999 -9999 -9999 -9999 -9999 -9999 -9999 -9999 -9999 -9999 -9999 -9999 -9999 -9999 -9999 -9999 -9999 -9999 -9999 -9999 -9999 -9999 -9999 1.39639E-3 1.68659E-3 2.35065E-4 2.29556E-5 5.15375E-5 4.12823E-5 2.23994E-5 5.61194E-6 3.51397E-6 2.49761E-6 1.23028E-6 1.10168E-6 5.28691E-6 4.06892E-6 3.71126E-6 2.46018E-6 3.42135E-6 4.68423E-6 1.8929E-5 4.45234E-5 5.53859E-5 4.6519E-5 3.95183E-5 4.09594E-5 4.07724E-5 2.42137E-5 2.87896E-5 -9999 -9999 -9999 -9999 -9999 -9999 -9999 -9999 -9999 -9999
7.55766E-4 8.25366E-4 1.99579E-3 1.02113E-2 -9999 -9999 -9999 -9999 -9999 -9999 -9999 -9999 -9999 -9999 -9999 -9999 -9999 -9999 -9999 -9999 -9999 -9999 -9999 -9999 -9999 -9999 -9999 -9999 -9999 -9999 -9999 -9999 -9999 -9999 -9999 -9999 -9999 -9999 -9999 -9999 -9999 -9999 1.11349E-3 4.74082E-5 9.4225E-5 1.36875E-4 9.82194E-5 2.07205E-5 7.15059E-6 4.91241E-6 5.24456E-6 3.88095E-6 2.66173E-6 1.0388E-6 8.64116E-6 4.36499E-6 3.1997E-6 5.6563E-6 1.0051E-5 2.1153E-5 5.09079E-6 3.03024E-5 1.917E-5 1.45335E-5 3.24068E-5 3.52175E-5 1.47974E-5 -9999 -9999 -9999 -9999 -9999 -9999 -9999 -9999 -9999 -9999 -9999
8.00944E-4 3.03115E-3 1.21358E-3 3.41997E-3 -9999 -9999 -9999 -9999 -9999 -9999 -9999 -9999 -9999 -9999 -9999 -9999 -9999 -9999 -9999 -9999 -9999 -9999 -9999 -9999 -9999 -9999 -9999 -9999 -9999 -9999 -9999 -9999 -9999 -9999 -9999 -9999 2.10582E-3 1.5595E-3 2.04625E-3 -9999 -9999 -9999 -9999 1.28951E-3 1.80503E-3 6.77363E-4 1.43391E-4 2.88978E-5 4.37797E-6 5.28677E-6 4.72854E-6 1.43663E-5 3.68911E-6 1.8641E-7 3.25849E-6 1.17102E-5 1.1378E-5 1.28975E-5 2.14391E-5 2.14214E-5 8.95942E-6 6.3624E-6 9.57657E-6 1.47395E-5 3.34173E-5 2.97969E-5 -9999 -9999 -9999 -9999 -9999 -9999 -9999 -9999 -9999 -9999 -9999 -9999
2.16658E-3 6.60913E-3 -9999 -9999 2.19683E-3 -9999 -9999 -9999 -9999 -9999 -9999 -9999 -9999 -9999 -9999 -9999 -9999 -9999 -9999 -9999 -9999 -9999 -9999 -9999 -9999 -9999 -9999 -9999 -9999 -9999 -9999 -9999 -9999 -9999 -9999 -9999 2.05656E-4 2.17021E-4 1.10224E-3 1.52154E-3 2.18539E-3 -9999 -9999 5.66827E-3 4.30816E-3 2.58418E-3 9.23589E-5 1.17524E-5 3.15648E-5 4.93137E-5 4.55714E-5 2.37636E-5 2.64324E-6 3.12257E-7 7.48271E-6 1.23454E-5 5.0402E-6 1.80898E-5 1.14591E-5 1.5933E-5 1.22796E-5 5.68182E-6 9.91907E-6 1.1909E-5 2.75004E-5 -9999 -9999 -9999 -9999 -9999 -9999 -9999 -9999 -9999 -9999 -9999 -9999 -9999
3.8867E-3 5.47389E-3 -9999 -9999 3.867E-3 -9999 -9999 -9999 -9999 -9999 -9999 -9999 -9999 -9999 -9999 -9999 -9999 -9999 -9999 -9999 -9999 -9999 -9999 -9999 -9999 -9999 -9999 -9999 -9999 -9999 -9999 -9999 -9999 -9999 -9999 -9999 1.30243E-4 1.00768E-4 1.23401E-3 5.44898E-4 1.67846E-4 2.62475E-4 6.42414E-4 8.99152E-4 3.80035E-3 2.49669E-3 1.38446E-3 6.35802E-5 1.43889E-4 4.31919E-5 2.77325E-5 8.36806E-6 4.35693E-7 3.37112E-7 1.37384E-6 4.33112E-6 2.62808E-6 3.74558E-6 1.00755E-5 1.00311E-5 6.54644E-6 1.0763E-5 1.19608E-5 2.29069E-5 2.91036E-5 -9999 -9999 -9999 -9999 -9999 -9999 -9999 -9999 -9999 -9999 -9999 -9999 -9999
3.42177E-3 -9999 -9999 -9999 -9999 -9999 -9999 -9999 -9999 -9999 -9999 -9999 -9999 -9999 -9999 -9999 -9999 -9999 -9999 -9999 -9999 -9999 -9999 -9999 -9999 -9999 -9999 -9999 -9999 -9999 -9999 -9999 -9999 3.2342E-3 3.31995E-3 -9999 -9999 1.03754E-4 2.31377E-4 3.70651E-4 2.31956E-4 7.26432E-5 1.23503E-5 2.64553E-5 7.11324E-4 2.76836E-3 9.56883E-4 1.14577E-3 1.259E-4 2.63491E-5 7.34562E-6 5.61372E-7 1.55384E-6 2.21964E-6 1.85062E-6 3.68848E-6 1.83406E-6 4.17016E-6 5.49583E-6 9.52589E-6 5.43251E-6 6.43913E-6 2.47274E-5 2.33903E-5 -9999 -9999 -9999 -9999 -9999 -9999 -9999 -9999 -9999 -9999 -9999 -9999 -9999 -9999
1.6327E-3 3.929E-3 -9999 -9999 -9999 -9999 -9999 -9999 -9999 -9999 -9999 -9999 -9999 -9999 -9999 -9999 -9999 -9999 -9999 -9999 -9999 -9999 -9999 -9999 -9999 -9999 -9999 -9999 -9999 -9999 -9999 -9999 -9999 2.9045E-3 4.47089E-3 -9999 -9999 7.25812E-5 2.16126E-4 3.77911E-5 2.0422E-5 9.02278E-6 3.19459E-5 3.98991E-5 3.29263E-4 1.19098E-3 1.4508E-3 1.5786E-3 2.53701E-5 1.22418E-5 1.52806E-6 1.57333E-6 3.56861E-6 7.41234E-6 7.52709E-6 3.65587E-6 1.87834E-6 4.97721E-6 1.50848E-5 9.96269E-6 7.28869E-6 4.37574E-6 1.62964E-5 2.48572E-5 -9999 -9999 -9999 -9999 -9999 -9999 -9999 -9999 -9999 -9999 -9999 -9999 -9999 -9999
-9999 -9999 2.07986E-2 -9999 -9999 -9999 -9999 -9999 -9999 -9999 -9999 -9999 -9999 -9999 -9999 -9999 -9999 -9999 -9999 -9999 -9999 -9999 -9999 -9999 -9999 -9999 -9999 -9999 -9999 -9999 -9999 -9999 -9999 1.82805E-3 4.39746E-3 9.44417E-4 3.72594E-4 1.23315E-4 4.73113E-4 1.04418E-5 1.05971E-6 2.0558E-5 8.01211E-5 5.03414E-4 3.58541E-4 4.60814E-5 9.24883E-5 9.04851E-4 1.36775E-4 6.78211E-5 1.68956E-4 5.52979E-5 1.85604E-5 9.16354E-6 1.18388E-5 1.3867E-6 2.57012E-6 4.52803E-6 5.10953E-6 2.57092E-6 8.00323E-7 4.40489E-6 7.2925E-6 1.32731E-5 -9999 -9999 -9999 -9999 -9999 -9999 -9999 -9999 -9999 -9999 -9999 -9999 -9999 -9999
3.28605E-3 -9999 -9999 -9999 -9999 -9999 -9999 -9999 -9999 -9999 -9999 -9999 -9999 -9999 -9999 -9999 -9999 -9999 -9999 -9999 -9999 -9999 -9999 -9999 -9999 -9999 -9999 -9999 -9999 -9999 -9999 -9999 -9999 1.49709E-3 3.24404E-4 1.38375E-3 1.32538E-3 7.75303E-4 1.74368E-4 1.98445E-5 4.16531E-6 3.40642E-5 6.67659E-5 1.16779E-4 1.23442E-4 7.2926E-6 2.06934E-5 3.84115E-4 7.92487E-5 3.5498E-5 4.41866E-5 2.63014E-5 5.48293E-6 1.7662E-6 1.6241E-6 3.07544E-7 9.3648E-7 8.4325E-7 2.17641E-6 3.88129E-6 1.11832E-6 3.7938E-6 5.56903E-6 -9999 -9999 -9999 -9999 -9999 -9999 -9999 -9999 -9999 -9999 -9999 -9999 -9999 -9999 -9999
