ENM/Final_Models/M_0.8_F_q_Set_1_NE/Gustavia_santanderiensis_3_Choco.asc
ncols         367
nrows         963
xllcorner     -78.6
yllcorner     0.65
cellsize      0.00833333333333323
NODATA_value  -9999
[rows 782 to 815 of 963, columns 156 to 233 of 367]
2.65498E-4 1.39479E-4 5.6224E-5 1.63996E-4 2.15725E-4 1.36232E-4 4.77425E-5 1.92976E-5 4.04969E-5 4.11799E-5 2.60881E-5 2.72142E-5 1.88675E-5 1.51509E-5 2.49673E-5 1.01819E-4 6.07631E-5 5.22994E-5 1.86685E-4 1.44117E-3 4.27235E-3 4.79065E-3 1.98681E-2 3.58508E-2 -9999 -9999 -9999 -9999 -9999 -9999 -9999 -9999 -9999 -9999 -9999 -9999 -9999 -9999 -9999 -9999 -9999 3.52392E-2 2.30372E-2 1.79469E-2 3.36222E-2 2.12625E-2 2.46787E-2 3.99847E-2 2.86827E-2 2.0276E-2 1.57974E-2 1.04623E-2 1.06062E-2 1.43569E-2 1.02364E-2 8.31389E-3 9.87913E-3 8.59648E-3 7.97292E-3 6.98415E-3 2.8004E-3 3.04362E-3 2.15249E-3 1.71867E-3 7.6172E-4 4.71493E-4 1.69619E-4 4.37999E-5 2.74225E-5 1.63007E-4 9.50287E-5 2.11315E-4 3.62558E-4 4.12567E-4 2.99895E-4 1.87881E-4 3.7194E-4 4.84494E-4
1.18746E-4 6.54112E-5 8.17128E-5 7.82812E-5 5.29694E-5 9.73232E-5 5.34957E-5 1.35027E-5 2.47362E-5 1.65614E-5 1.268E-5 1.48482E-5 1.29255E-5 2.80848E-5 5.40139E-5 1.48717E-4 1.57563E-4 2.21254E-4 5.21959E-4 3.25674E-3 1.07245E-2 2.12783E-2 -9999 -9999 8.03877E-3 -9999 -9999 -9999 -9999 -9999 -9999 -9999 -9999 -9999 -9999 -9999 -9999 -9999 -9999 -9999 5.05071E-2 3.92373E-2 3.37845E-2 1.59128E-2 4.00869E-2 4.36448E-2 4.52598E-2 3.77731E-2 2.67564E-2 1.10548E-2 6.8962E-3 6.61616E-3 9.35089E-3 1.55175E-2 4.52726E-3 2.61999E-3 6.78854E-3 8.30209E-3 6.04914E-3 3.29817E-3 3.44379E-3 3.85379E-3 1.0576E-3 4.21634E-4 3.5545E-4 3.59218E-4 2.3461E-4 5.44208E-5 1.75742E-5 8.36173E-5 1.07782E-4 1.41516E-4 1.66176E-4 2.3617E-4 4.1053E-4 1.56073E-4 3.90708E-4 3.91229E-4
3.75281E-5 1.77364E-5 1.27763E-5 2.35243E-5 2.23182E-5 6.3247E-5 2.73072E-5 1.39189E-5 3.20271E-5 2.44314E-5 9.12748E-6 1.29666E-5 3.24578E-5 7.29462E-5 1.03855E-4 7.28077E-4 2.76947E-4 1.31277E-3 3.48389E-3 9.76799E-3 1.96937E-2 -9999 -9999 -9999 2.48556E-2 -9999 -9999 -9999 -9999 -9999 -9999 -9999 -9999 -9999 -9999 -9999 -9999 -9999 -9999 2.69969E-2 2.56847E-2 1.76879E-2 2.28116E-2 1.79676E-2 4.46251E-2 5.00606E-2 3.63481E-2 1.87437E-2 7.44415E-3 1.78094E-3 1.1341E-2 5.75498E-3 6.48985E-3 5.08497E-3 1.02859E-2 2.48505E-3 1.93581E-3 8.64245E-4 1.69374E-3 1.53581E-3 9.98277E-4 8.85977E-4 1.08188E-3 5.20605E-4 2.46901E-4 6.41129E-5 4.21925E-5 9.59837E-5 9.21793E-5 1.05725E-4 1.32311E-4 8.47403E-5 2.38803E-4 1.34058E-4 8.4991E-5 1.65383E-4 2.63775E-4 2.70046E-4
1.91735E-5 2.93885E-5 2.20583E-5 1.82344E-5 1.31475E-5 2.98306E-5 1.48087E-5 2.58218E-5 3.00629E-5 2.06568E-5 1.81505E-5 3.15096E-5 8.0762E-5 1.67585E-4 4.36062E-4 2.2523E-3 1.14004E-4 6.28356E-4 3.77963E-3 1.68229E-2 1.38942E-2 -9999 -9999 -9999 4.36864E-2 -9999 -9999 -9999 -9999 -9999 -9999 -9999 -9999 -9999 -9999 -9999 -9999 -9999 1.54139E-2 1.60382E-2 2.02823E-2 1.34006E-2 1.32378E-2 2.91633E-2 5.29369E-2 5.14469E-2 2.10155E-2 2.04008E-2 3.29291E-3 9.6197E-4 7.5596E-3 5.40083E-3 1.94393E-3 2.2515E-3 1.05452E-2 4.36025E-3 1.17066E-3 7.58484E-4 1.22377E-3 5.58055E-4 1.77006E-4 1.69169E-4 1.67793E-3 6.83722E-4 1.77796E-4 1.03262E-4 1.70028E-4 6.52981E-5 6.32337E-5 9.99576E-5 1.3563E-4 1.01132E-4 1.17571E-4 3.23738E-4 2.40923E-4 2.29993E-4 1.95287E-4 4.89308E-4
5.58789E-5 5.18984E-5 3.33227E-5 4.04095E-5 1.29946E-5 1.42748E-5 1.3653E-5 3.06417E-5 4.51674E-5 1.82899E-5 2.58398E-5 2.50078E-5 1.14904E-4 2.65721E-4 5.5255E-4 1.57035E-3 1.19836E-4 1.347E-4 1.94226E-3 4.53665E-3 -9999 -9999 -9999 -9999 -9999 -9999 -9999 -9999 -9999 -9999 -9999 -9999 -9999 -9999 -9999 -9999 -9999 -9999 -9999 1.9393E-2 1.79181E-2 1.47678E-2 2.09762E-2 4.67406E-2 5.01144E-2 2.42326E-2 1.39274E-2 7.13291E-3 2.70592E-3 7.92488E-4 3.58206E-3 3.27731E-3 1.37776E-3 1.98166E-3 9.93199E-3 8.54987E-3 1.78348E-3 1.19713E-3 2.62509E-4 2.00526E-4 1.15391E-4 2.3664E-4 4.58496E-4 7.91366E-4 6.9299E-5 4.95633E-5 1.48428E-4 1.35454E-4 1.46956E-4 9.21642E-5 1.57906E-4 1.4808E-4 1.42975E-4 1.61132E-4 2.75963E-4 4.74909E-4 6.41663E-4 6.73565E-4
5.08796E-5 1.03972E-5 2.85025E-5 1.34807E-4 6.9182E-5 1.91202E-5 2.1097E-5 5.6782E-5 1.22952E-4 1.7059E-5 1.69603E-5 3.44187E-5 1.18061E-4 2.10097E-4 6.8998E-4 9.77109E-4 1.29787E-3 1.18737E-4 3.85888E-4 3.63166E-3 -9999 -9999 -9999 -9999 -9999 -9999 -9999 -9999 -9999 -9999 -9999 -9999 -9999 -9999 -9999 -9999 -9999 -9999 -9999 3.09051E-2 2.15464E-2 5.33851E-2 4.44521E-2 7.72988E-2 6.19692E-2 3.33912E-2 2.12516E-2 5.13212E-3 1.06783E-3 6.26352E-4 2.33163E-3 3.24726E-3 2.95551E-3 3.05195E-3 1.14139E-2 1.02508E-2 2.1182E-3 7.28089E-4 6.81917E-5 1.7544E-4 5.51255E-5 2.05884E-4 4.19885E-4 8.97659E-5 4.53993E-5 8.00356E-5 4.37372E-5 1.96324E-4 2.14101E-4 1.23097E-4 1.45103E-4 2.62681E-4 1.39862E-4 8.09349E-5 7.36849E-5 1.38004E-4 5.53828E-4 5.83077E-4
1.65184E-5 8.18672E-6 2.33526E-5 6.12034E-5 3.60636E-5 3.15994E-5 4.20838E-5 7.65243E-5 2.67954E-4 4.83172E-5 6.07117E-6 1.08431E-5 9.93449E-5 3.09731E-4 1.14623E-3 3.02911E-3 1.21007E-3 9.89913E-4 1.66864E-4 2.61831E-3 7.96346E-3 -9999 -9999 -9999 -9999 -9999 -9999 -9999 -9999 -9999 -9999 -9999 -9999 -9999 -9999 -9999 -9999 3.48078E-2 5.60168E-2 3.23829E-2 2.65234E-2 6.82572E-2 8.01985E-2 4.69688E-2 2.84867E-2 3.02744E-2 1.3335E-2 5.34254E-3 2.32242E-4 1.27676E-4 2.42173E-4 8.81099E-4 2.81478E-3 4.80791E-3 5.44659E-3 9.0875E-3 3.78109E-3 3.3671E-4 3.99156E-4 1.70413E-4 1.29045E-4 1.65359E-4 1.96387E-4 2.96627E-4 7.10202E-5 1.35703E-4 1.77114E-4 1.87325E-4 1.50252E-4 1.19846E-4 2.31607E-4 1.10801E-4 1.57143E-4 9.42908E-5 9.81688E-5 1.80756E-4 3.21265E-4 2.86073E-4
2.39598E-5 2.73086E-5 1.83341E-5 1.60204E-5 8.62822E-6 6.7232E-6 1.58206E-5 4.23547E-5 2.64638E-4 5.69448E-5 1.69273E-5 2.54467E-5 6.30283E-5 8.76092E-4 5.1876E-3 6.38088E-3 4.39568E-3 1.75976E-3 8.86118E-4 4.69277E-3 1.41437E-2 2.12347E-2 -9999 -9999 -9999 -9999 -9999 -9999 -9999 -9999 -9999 -9999 -9999 -9999 -9999 -9999 2.15021E-2 3.21818E-2 6.4563E-2 2.84116E-2 4.66934E-2 5.20968E-2 2.70862E-2 2.33874E-2 2.67474E-2 2.46257E-2 2.91615E-3 3.00615E-3 8.37736E-4 3.60002E-4 1.11285E-4 1.0474E-3 1.25342E-3 2.66354E-3 1.20024E-3 2.56704E-3 3.305E-3 9.90144E-4 5.38646E-4 1.99674E-4 1.47633E-4 1.2258E-4 1.24952E-4 1.5112E-4 1.16025E-4 1.78038E-4 1.86397E-4 2.5455E-4 2.48345E-4 2.04623E-4 1.18197E-4 2.84599E-4 1.78985E-4 3.51319E-5 3.14609E-5 4.35892E-5 1.14762E-4 3.52565E-4
4.91792E-5 6.69936E-5 9.58563E-6 6.67552E-5 2.19565E-4 7.05103E-5 1.50437E-4 5.01533E-4 1.16882E-4 5.60328E-5 2.24253E-5 2.51757E-5 2.93209E-4 7.52036E-4 3.96247E-3 1.51039E-2 6.02576E-3 5.94226E-3 7.38096E-3 2.41917E-3 1.07994E-2 -9999 -9999 -9999 -9999 -9999 -9999 -9999 -9999 -9999 -9999 -9999 -9999 -9999 -9999 -9999 2.20743E-2 2.50601E-2 6.43977E-2 6.49618E-2 4.49535E-2 2.40844E-2 1.10841E-2 7.8536E-3 8.47459E-3 1.13681E-2 3.5694E-3 3.46398E-4 3.90401E-4 3.01462E-4 2.8674E-4 5.61865E-4 3.69509E-4 1.53529E-3 7.4145E-4 6.15489E-4 3.25919E-3 1.07772E-3 5.25804E-5 1.80949E-4 1.31754E-4 1.5224E-4 1.60173E-4 1.67779E-4 1.83013E-4 2.05588E-4 1.86854E-4 2.16115E-4 2.68404E-4 2.29002E-4 1.26142E-4 2.69055E-4 3.57845E-4 3.50996E-5 2.83456E-5 9.45833E-5 2.69412E-4 2.07828E-4
3.80362E-5 5.21771E-5 1.83248E-5 3.20046E-5 4.13483E-4 6.6573E-4 8.12635E-4 1.18302E-3 8.66152E-5 1.39429E-5 2.08826E-5 1.17182E-4 5.68321E-4 1.11963E-3 5.76049E-3 -9999 9.25455E-3 1.80352E-2 9.24035E-3 1.06055E-2 9.1932E-3 -9999 -9999 -9999 -9999 -9999 -9999 -9999 -9999 -9999 -9999 -9999 -9999 -9999 -9999 -9999 2.04222E-2 4.573E-2 8.88166E-2 8.55476E-2 3.6149E-2 1.28053E-2 8.07066E-3 8.72048E-3 4.90528E-3 2.73228E-3 7.75585E-3 6.25329E-4 5.35808E-4 3.34577E-4 3.83457E-4 2.36053E-4 4.12443E-4 4.59837E-4 2.15285E-4 4.68744E-4 1.47864E-3 9.71661E-4 5.21622E-5 1.78855E-4 8.4718E-5 1.23744E-4 1.59207E-4 1.46312E-4 1.42172E-4 9.76629E-5 1.65993E-4 1.58422E-4 1.39235E-4 6.30124E-4 2.78348E-4 4.60429E-4 5.74823E-4 1.81239E-4 1.12531E-4 9.60136E-5 2.03093E-4 2.19845E-4
1.29767E-5 3.42518E-5 4.39871E-6 5.82987E-6 1.19275E-4 2.63803E-3 1.18585E-3 2.74839E-4 3.13089E-5 2.53708E-5 5.93547E-5 4.12456E-4 1.29331E-3 2.33061E-3 4.08603E-3 -9999 -9999 -9999 3.28467E-2 2.49429E-2 9.42311E-2 -9999 -9999 -9999 -9999 -9999 -9999 -9999 -9999 -9999 -9999 -9999 -9999 -9999 -9999 -9999 -9999 -9999 -9999 5.71717E-2 1.40894E-2 1.45314E-2 1.61026E-2 6.06556E-3 1.40377E-3 3.74047E-4 1.20747E-3 7.59797E-4 4.08435E-4 8.40142E-5 6.73633E-5 4.09011E-5 1.97273E-4 3.06638E-4 7.17924E-5 6.16677E-5 3.65585E-4 1.67844E-3 2.12689E-4 1.30606E-4 8.47968E-5 1.06003E-4 1.04792E-4 1.4566E-4 1.75012E-4 7.07191E-5 7.67741E-5 9.0879E-5 1.56317E-4 4.02879E-4 4.88185E-4 3.52358E-4 4.5351E-4 1.06883E-4 1.53268E-4 1.16524E-4 1.36535E-4 1.87381E-4
1.11944E-5 2.07943E-5 1.83742E-5 5.13426E-5 1.51989E-4 2.9708E-3 8.20375E-4 3.78621E-5 2.04319E-5 3.92201E-5 1.47977E-4 5.98416E-4 2.30926E-3 7.00353E-3 1.34904E-2 1.64852E-2 -9999 -9999 -9999 -9999 -9999 -9999 -9999 -9999 -9999 -9999 -9999 -9999 -9999 -9999 -9999 -9999 -9999 -9999 -9999 -9999 -9999 8.28349E-2 3.09453E-2 1.48071E-2 2.65126E-2 1.711E-2 6.33617E-3 2.02147E-3 1.51659E-3 3.03369E-4 6.81895E-4 1.07161E-3 2.08618E-4 3.47069E-5 6.22183E-5 3.81253E-5 1.00673E-4 5.42667E-5 7.85052E-5 1.22498E-4 5.62088E-4 2.90112E-4 6.09822E-4 1.16635E-4 8.44928E-5 7.9597E-5 7.61819E-5 8.20926E-5 9.29137E-5 1.05623E-4 1.23065E-4 2.08021E-4 1.00838E-4 1.72489E-4 2.20295E-4 5.22355E-4 4.78261E-4 1.2917E-4 1.32895E-4 7.15634E-5 1.27109E-4 1.59725E-4
7.04143E-6 1.53961E-5 2.38191E-4 1.34238E-4 2.68314E-3 2.01512E-3 4.80238E-4 6.35918E-5 9.33224E-6 1.36896E-4 5.28103E-4 1.69191E-3 5.28189E-3 9.76243E-3 5.92333E-3 1.20664E-2 -9999 -9999 -9999 -9999 -9999 -9999 -9999 -9999 -9999 -9999 -9999 -9999 -9999 -9999 -9999 -9999 -9999 -9999 -9999 -9999 7.4992E-2 5.68409E-2 -9999 2.93063E-2 2.52956E-2 5.44679E-3 5.10474E-3 4.89428E-3 1.85744E-3 9.18514E-4 3.14982E-4 1.28852E-4 2.02388E-4 1.52319E-4 1.7511E-4 1.44083E-4 1.65086E-4 1.04158E-4 4.46567E-5 9.15986E-5 2.20029E-4 1.92784E-4 6.38414E-4 8.88937E-5 8.17851E-5 1.52157E-4 1.16729E-4 6.10599E-5 6.45407E-5 9.79311E-5 1.06681E-4 1.54908E-4 1.92116E-4 9.48223E-5 1.80941E-4 2.87373E-4 5.76215E-4 2.31461E-4 1.35806E-4 1.12216E-4 1.03356E-4 1.23377E-4
2.8881E-5 2.79219E-5 4.59526E-4 2.77365E-3 4.7494E-3 1.16602E-3 3.41463E-4 6.17919E-6 1.87665E-5 1.14782E-4 9.58801E-4 3.34209E-3 1.5265E-2 1.13892E-2 1.92673E-2 -9999 -9999 -9999 -9999 -9999 -9999 -9999 -9999 -9999 -9999 -9999 -9999 -9999 -9999 -9999 -9999 -9999 -9999 -9999 -9999 5.71373E-2 6.03723E-2 -9999 -9999 5.20808E-2 4.33588E-2 1.25075E-2 7.53008E-3 1.85945E-3 5.44664E-3 4.18211E-3 7.2933E-4 1.02278E-4 2.62574E-4 1.14538E-4 1.37816E-4 2.28229E-4 1.716E-4 2.40814E-4 1.63258E-4 1.09405E-4 9.0903E-5 8.05476E-5 9.21993E-5 1.48087E-4 7.71918E-5 5.58186E-5 7.00996E-5 1.51785E-4 1.01627E-4 8.41361E-5 9.48713E-5 9.77284E-5 9.99801E-5 2.50581E-4 1.61153E-4 3.5245E-4 4.90582E-4 2.76564E-4 1.80312E-4 1.11797E-4 5.95653E-5 9.94945E-5
2.33559E-6 6.36965E-5 9.81786E-5 2.87932E-3 5.68122E-3 -9999 -9999 7.01273E-5 5.56744E-5 5.52431E-4 1.07009E-3 3.35472E-3 1.12345E-2 2.3855E-2 -9999 -9999 -9999 -9999 -9999 -9999 -9999 -9999 -9999 -9999 -9999 -9999 -9999 -9999 -9999 -9999 -9999 -9999 -9999 -9999 -9999 -9999 -9999 -9999 -9999 2.08858E-2 1.94261E-2 3.29184E-2 2.38743E-2 1.68114E-2 6.85408E-3 9.2137E-3 2.19485E-3 1.30421E-3 6.5354E-4 1.37661E-4 1.30869E-4 1.11932E-4 1.0149E-4 1.84381E-4 1.23546E-4 1.63078E-4 1.54078E-4 1.38643E-4 7.21805E-5 8.28683E-5 9.15037E-5 4.56748E-5 5.03268E-5 8.70962E-5 1.80296E-4 1.65014E-4 1.24406E-4 2.39902E-4 2.53477E-4 4.16386E-4 2.41991E-4 2.32227E-4 3.4066E-4 3.11397E-4 1.56179E-4 1.67316E-4 9.42351E-5 9.40494E-5
6.26301E-4 1.42436E-4 2.47092E-4 5.68014E-3 7.39531E-3 -9999 -9999 1.7921E-4 3.52651E-4 1.50486E-3 3.96655E-3 6.78051E-3 1.46121E-2 1.212E-2 3.76654E-2 -9999 -9999 -9999 -9999 -9999 -9999 -9999 -9999 -9999 -9999 -9999 -9999 -9999 -9999 -9999 -9999 -9999 -9999 -9999 -9999 -9999 -9999 -9999 -9999 1.54569E-2 1.17341E-2 2.46862E-2 1.11708E-2 6.5496E-3 5.69401E-3 3.65537E-3 2.64234E-3 1.30921E-3 1.61259E-3 4.37749E-4 1.21877E-4 1.35314E-4 1.70447E-4 1.48948E-4 1.15094E-4 3.10854E-4 2.09544E-4 1.32363E-4 1.05369E-4 5.6994E-5 9.17662E-5 6.13226E-5 5.49723E-5 6.64102E-5 1.81706E-4 3.02203E-4 1.73621E-4 4.58222E-4 4.79307E-4 2.93287E-4 1.85003E-4 3.47024E-4 3.34721E-4 4.56756E-4 2.63481E-4 1.70397E-4 1.7341E-4 1.42971E-4
4.04998E-4 1.4354E-3 3.71491E-3 8.4961E-3 7.81716E-3 -9999 -9999 1.72439E-3 2.05918E-3 3.59128E-3 4.34269E-3 2.04143E-2 1.71556E-2 1.15245E-2 4.89998E-2 -9999 -9999 -9999 -9999 -9999 -9999 -9999 -9999 -9999 -9999 -9999 -9999 -9999 -9999 -9999 -9999 -9999 -9999 -9999 -9999 -9999 -9999 -9999 -9999 1.02563E-2 8.26146E-3 2.19977E-2 6.27813E-3 1.37895E-3 3.80812E-4 8.50507E-4 5.3914E-4 7.63272E-4 1.54706E-4 3.56852E-4 1.82471E-4 1.7326E-4 2.08575E-4 1.39573E-4 1.09462E-4 1.18683E-4 1.6565E-4 1.26703E-4 4.25243E-5 1.0918E-4 1.17966E-4 9.99619E-5 8.97614E-5 8.1954E-5 1.49732E-4 2.45428E-4 2.54998E-4 4.23816E-4 5.25964E-4 5.49598E-4 3.99087E-4 3.90701E-4 4.84184E-4 3.82142E-4 1.58213E-4 1.24612E-4 2.34325E-4 2.56966E-4
4.45039E-5 2.45954E-4 7.11207E-3 -9999 -9999 -9999 -9999 6.32823E-3 4.16384E-3 9.96447E-3 1.38213E-2 1.96536E-2 -9999 -9999 -9999 -9999 -9999 -9999 -9999 -9999 -9999 -9999 -9999 -9999 -9999 -9999 -9999 -9999 -9999 -9999 -9999 -9999 -9999 -9999 -9999 -9999 -9999 -9999 6.08716E-3 9.01281E-3 5.41862E-3 6.99868E-3 4.05801E-3 6.78875E-4 5.26775E-4 7.10763E-4 2.46889E-3 3.76331E-4 2.03338E-4 2.26532E-4 2.01101E-4 1.26001E-4 1.82862E-4 1.54343E-4 1.40159E-4 1.43214E-4 1.57274E-4 1.03737E-4 7.30043E-5 1.09351E-4 5.60907E-5 1.11338E-4 7.32148E-5 7.41075E-5 1.22648E-4 1.03424E-4 1.78486E-4 3.51206E-4 4.0842E-4 4.97596E-4 3.26819E-4 3.3479E-4 5.30666E-4 4.16456E-4 1.846E-4 1.56466E-4 2.31847E-4 3.20819E-4
3.14767E-5 7.83041E-4 1.10981E-2 -9999 -9999 -9999 -9999 4.01954E-3 1.50983E-2 6.61525E-3 4.58555E-2 9.21358E-2 -9999 -9999 -9999 -9999 -9999 -9999 -9999 -9999 -9999 -9999 -9999 -9999 -9999 -9999 -9999 -9999 -9999 -9999 -9999 -9999 -9999 -9999 -9999 -9999 -9999 -9999 1.78946E-3 1.06881E-3 9.27585E-3 4.29713E-3 2.17882E-3 1.63923E-3 4.52465E-4 1.67112E-4 5.78234E-4 3.95331E-4 2.49557E-4 3.17076E-4 2.32288E-4 1.8525E-4 4.24257E-4 2.3072E-4 2.85521E-4 3.2003E-4 5.08918E-4 3.25292E-4 1.08361E-4 6.06872E-5 4.65323E-5 1.05872E-4 1.68956E-4 5.56221E-5 5.85444E-5 5.72226E-5 1.29492E-4 1.94662E-4 3.70012E-4 4.81996E-4 3.50768E-4 3.98608E-4 3.93814E-4 2.79641E-4 1.77893E-4 2.47159E-4 2.61958E-4 4.12702E-4
8.12545E-5 1.01066E-3 1.09546E-2 8.80321E-3 -9999 -9999 -9999 -9999 -9999 3.99168E-2 5.40471E-2 7.23513E-2 -9999 -9999 -9999 -9999 -9999 -9999 -9999 -9999 -9999 -9999 -9999 -9999 -9999 -9999 -9999 -9999 -9999 -9999 -9999 -9999 -9999 -9999 -9999 -9999 -9999 -9999 1.18416E-3 3.28471E-3 5.9969E-3 2.38878E-3 2.92047E-4 4.93982E-4 7.97715E-4 6.94774E-4 7.15189E-4 1.88551E-4 2.67264E-4 2.5661E-4 2.99528E-4 4.19936E-4 1.93654E-4 2.30187E-4 3.77573E-4 4.1472E-4 5.0173E-4 2.03875E-4 8.79822E-5 1.27033E-4 2.63076E-4 7.73775E-5 5.63416E-5 7.00608E-5 4.02436E-5 5.68923E-5 6.56693E-5 8.06708E-5 3.27002E-4 4.55723E-4 3.77792E-4 5.36538E-4 3.47459E-4 2.29236E-4 2.67517E-4 4.24278E-4 4.47604E-4 4.39948E-4
3.23554E-4 1.86709E-3 7.77153E-3 4.57369E-3 -9999 -9999 -9999 -9999 -9999 -9999 6.4748E-2 -9999 -9999 -9999 -9999 -9999 -9999 -9999 -9999 -9999 -9999 -9999 -9999 -9999 -9999 -9999 -9999 -9999 -9999 -9999 -9999 -9999 -9999 -9999 -9999 -9999 -9999 -9999 8.87829E-3 1.23889E-3 2.83227E-3 1.48866E-3 6.21059E-4 9.14757E-4 9.99825E-4 7.66094E-4 2.10608E-4 1.45566E-4 1.07969E-4 1.17839E-4 1.42456E-4 4.44999E-4 3.09698E-4 3.58473E-4 4.67347E-4 5.72381E-4 5.87046E-4 4.20412E-4 3.68191E-4 3.8971E-4 1.74608E-4 8.38008E-5 8.95582E-5 9.21188E-5 4.37357E-5 5.05224E-5 9.89666E-5 2.17145E-4 3.1985E-4 5.1883E-4 3.82018E-4 4.91235E-4 3.27757E-4 3.97316E-4 3.80179E-4 4.15335E-4 5.78461E-4 5.82064E-4
4.63381E-5 9.04417E-4 6.85204E-4 6.4242E-4 1.78068E-3 3.05412E-3 8.66066E-3 -9999 -9999 -9999 -9999 -9999 -9999 -9999 -9999 -9999 -9999 -9999 -9999 -9999 -9999 -9999 -9999 -9999 -9999 -9999 -9999 -9999 -9999 -9999 -9999 -9999 -9999 -9999 -9999 -9999 -9999 -9999 1.08435E-2 2.56723E-3 3.96014E-3 4.25251E-3 3.17179E-3 7.03129E-4 4.69842E-4 1.4073E-4 9.31397E-5 2.19712E-4 3.84019E-4 8.04809E-5 7.99102E-5 1.12228E-4 3.91668E-4 5.50502E-4 6.41629E-4 3.80637E-4 3.37255E-4 2.9694E-4 4.7742E-4 4.8018E-4 5.54179E-5 3.38255E-5 3.41266E-5 4.16577E-5 5.07619E-5 5.1851E-5 8.70897E-5 2.85963E-4 5.79067E-4 6.07621E-4 5.36488E-4 4.24975E-4 4.34394E-4 4.41054E-4 4.62731E-4 3.77548E-4 4.65522E-4 4.36339E-4
8.75192E-5 1.21994E-3 9.67572E-4 1.94387E-3 2.56517E-3 1.5894E-3 3.00382E-3 1.37903E-2 3.71628E-2 -9999 -9999 -9999 -9999 -9999 -9999 -9999 -9999 -9999 -9999 -9999 -9999 -9999 -9999 -9999 -9999 -9999 -9999 -9999 -9999 -9999 -9999 -9999 -9999 -9999 -9999 -9999 -9999 -9999 -9999 4.98833E-3 3.71077E-3 5.52857E-3 3.19016E-3 4.57715E-4 1.42557E-4 7.51108E-5 5.41569E-5 7.63645E-5 1.87686E-4 1.1812E-4 7.66168E-5 1.07357E-4 1.16864E-4 4.15387E-4 3.1657E-4 1.58466E-4 2.11941E-4 1.75305E-4 2.60319E-4 3.32523E-4 8.86549E-5 6.0951E-5 6.65131E-5 9.4249E-5 5.76617E-5 6.9526E-5 1.39463E-4 3.28962E-4 4.60435E-4 4.64141E-4 5.04312E-4 4.64256E-4 6.03457E-4 3.99344E-4 -9999 -9999 3.85917E-4 2.93988E-4
4.96041E-5 7.5692E-4 3.8088E-3 3.78393E-3 5.30695E-3 3.224E-3 2.93647E-3 3.22553E-2 1.01362E-1 4.44412E-2 -9999 -9999 -9999 -9999 -9999 -9999 -9999 -9999 -9999 -9999 -9999 -9999 -9999 -9999 -9999 -9999 -9999 -9999 -9999 -9999 -9999 -9999 -9999 -9999 -9999 -9999 -9999 -9999 -9999 1.06348E-2 4.41728E-3 3.4101E-3 3.02929E-3 1.69718E-3 1.92858E-4 1.05128E-4 1.80992E-4 3.08508E-4 1.39406E-4 4.54891E-5 1.07557E-4 1.11486E-4 8.14923E-5 9.44701E-5 6.94695E-5 6.87964E-5 8.05992E-5 1.04595E-4 1.37486E-4 1.9106E-4 1.47305E-4 9.28532E-5 1.31856E-4 1.40103E-4 9.49953E-5 7.11313E-5 1.0204E-4 1.64289E-4 3.57042E-4 4.34198E-4 4.48943E-4 -9999 -9999 -9999 -9999 -9999 -9999 -9999
6.3242E-4 1.03912E-3 8.5256E-3 7.78739E-3 3.18068E-2 -9999 4.54434E-3 3.72847E-2 -9999 -9999 -9999 -9999 -9999 -9999 -9999 -9999 -9999 -9999 -9999 -9999 -9999 -9999 -9999 -9999 -9999 -9999 -9999 -9999 -9999 -9999 -9999 -9999 -9999 -9999 -9999 -9999 -9999 -9999 -9999 -9999 1.20809E-2 7.45386E-3 5.7215E-3 7.71743E-4 1.71967E-4 1.44668E-4 7.18886E-4 3.66163E-4 7.76125E-5 2.91216E-5 3.20163E-5 5.46456E-5 6.22492E-5 1.16637E-4 7.21438E-5 6.1911E-5 5.01516E-5 5.98438E-5 8.72099E-5 1.13882E-4 3.21182E-4 4.09179E-4 4.67826E-4 3.70562E-4 2.39062E-4 1.85649E-4 1.21397E-4 3.23147E-4 2.89413E-4 -9999 -9999 -9999 -9999 -9999 -9999 -9999 -9999 -9999
1.7027E-3 1.80951E-3 1.05641E-2 8.22974E-3 3.86287E-2 -9999 1.09756E-2 -9999 -9999 -9999 -9999 -9999 -9999 -9999 -9999 -9999 -9999 -9999 -9999 -9999 -9999 -9999 -9999 -9999 -9999 -9999 -9999 -9999 -9999 -9999 -9999 -9999 -9999 -9999 -9999 -9999 -9999 -9999 -9999 -9999 -9999 7.99097E-3 8.75344E-3 1.92318E-3 2.96287E-4 5.47699E-4 4.70225E-4 2.85507E-4 1.01065E-4 6.82462E-5 5.53527E-5 3.2719E-5 3.00009E-5 9.31253E-5 7.53141E-5 7.19334E-5 5.21885E-5 6.65505E-5 7.77491E-5 1.9265E-4 3.5803E-4 4.39615E-4 3.78205E-4 3.40923E-4 3.36772E-4 3.38684E-4 2.44497E-4 2.73995E-4 -9999 -9999 -9999 -9999 -9999 -9999 -9999 -9999 -9999 -9999
4.41018E-3 4.71936E-3 9.9813E-3 3.72181E-2 -9999 -9999 -9999 -9999 -9999 -9999 -9999 -9999 -9999 -9999 -9999 -9999 -9999 -9999 -9999 -9999 -9999 -9999 -9999 -9999 -9999 -9999 -9999 -9999 -9999 -9999 -9999 -9999 -9999 -9999 -9999 -9999 -9999 -9999 -9999 -9999 -9999 -9999 6.1446E-3 5.20642E-4 8.74701E-4 1.25963E-3 9.24313E-4 2.77952E-4 1.2218E-4 9.0288E-5 9.62924E-5 7.90394E-5 5.88789E-5 3.01438E-5 1.36539E-4 7.95796E-5 6.41637E-5 9.5537E-5 1.30211E-4 2.13081E-4 7.72986E-5 2.72755E-4 2.03699E-4 1.6562E-4 2.80803E-4 3.09759E-4 1.5761E-4 -9999 -9999 -9999 -9999 -9999 -9999 -9999 -9999 -9999 -9999 -9999
4.65364E-3 1.34049E-2 6.85817E-3 1.59191E-2 -9999 -9999 -9999 -9999 -9999 -9999 -9999 -9999 -9999 -9999 -9999 -9999 -9999 -9999 -9999 -9999 -9999 -9999 -9999 -9999 -9999 -9999 -9999 -9999 -9999 -9999 -9999 -9999 -9999 -9999 -9999 -9999 1.01536E-2 8.19205E-3 9.91479E-3 -9999 -9999 -9999 -9999 6.79874E-3 8.60149E-3 4.15943E-3 1.19416E-3 3.47646E-4 8.43896E-5 9.92447E-5 9.28397E-5 2.10051E-4 7.69284E-5 8.19582E-6 6.81546E-5 1.60168E-4 1.58067E-4 1.67233E-4 2.19934E-4 2.22572E-4 1.22571E-4 9.61137E-5 1.36184E-4 1.62445E-4 2.92979E-4 2.65587E-4 -9999 -9999 -9999 -9999 -9999 -9999 -9999 -9999 -9999 -9999 -9999 -9999
1.01466E-2 2.47581E-2 -9999 -9999 1.14705E-2 -9999 -9999 -9999 -9999 -9999 -9999 -9999 -9999 -9999 -9999 -9999 -9999 -9999 -9999 -9999 -9999 -9999 -9999 -9999 -9999 -9999 -9999 -9999 -9999 -9999 -9999 -9999 -9999 -9999 -9999 -9999 1.62249E-3 1.73159E-3 6.32003E-3 8.37574E-3 1.03891E-2 -9999 -9999 2.14125E-2 1.68021E-2 1.17984E-2 9.03351E-4 1.80342E-4 3.65948E-4 5.23047E-4 5.02742E-4 3.04983E-4 5.90136E-5 1.20361E-5 1.23079E-4 1.71022E-4 8.7591E-5 2.2481E-4 1.45561E-4 1.81133E-4 1.58496E-4 9.71807E-5 1.37945E-4 1.40611E-4 2.49557E-4 -9999 -9999 -9999 -9999 -9999 -9999 -9999 -9999 -9999 -9999 -9999 -9999 -9999
1.61959E-2 2.17799E-2 -9999 -9999 1.74618E-2 -9999 -9999 -9999 -9999 -9999 -9999 -9999 -9999 -9999 -9999 -9999 -9999 -9999 -9999 -9999 -9999 -9999 -9999 -9999 -9999 -9999 -9999 -9999 -9999 -9999 -9999 -9999 -9999 -9999 -9999 -9999 1.1607E-3 9.86586E-4 6.79791E-3 3.63908E-3 1.4638E-3 1.96004E-3 3.91848E-3 4.97617E-3 1.54668E-2 1.11132E-2 6.93246E-3 6.68865E-4 1.21753E-3 5.01824E-4 3.48011E-4 1.36693E-4 1.51234E-5 1.24042E-5 3.4051E-5 8.01741E-5 5.61054E-5 7.15919E-5 1.44822E-4 1.38865E-4 1.07713E-4 1.5434E-4 1.56511E-4 2.19215E-4 2.60734E-4 -9999 -9999 -9999 -9999 -9999 -9999 -9999 -9999 -9999 -9999 -9999 -9999 -9999
1.57364E-2 -9999 -9999 -9999 -9999 -9999 -9999 -9999 -9999 -9999 -9999 -9999 -9999 -9999 -9999 -9999 -9999 -9999 -9999 -9999 -9999 -9999 -9999 -9999 -9999 -9999 -9999 -9999 -9999 -9999 -9999 -9999 -9999 1.44911E-2 1.56459E-2 -9999 -9999 1.02702E-3 1.7498E-3 2.40354E-3 1.69592E-3 6.47619E-4 1.76544E-4 3.18328E-4 4.28902E-3 1.23989E-2 5.28041E-3 6.08976E-3 1.0936E-3 3.26016E-4 1.26085E-4 1.84716E-5 3.91587E-5 5.08219E-5 4.51466E-5 7.54556E-5 4.32907E-5 7.72689E-5 9.54356E-5 1.44989E-4 9.72289E-5 1.0929E-4 2.49305E-4 2.32614E-4 -9999 -9999 -9999 -9999 -9999 -9999 -9999 -9999 -9999 -9999 -9999 -9999 -9999 -9999
8.47433E-3 1.89322E-2 -9999 -9999 -9999 -9999 -9999 -9999 -9999 -9999 -9999 -9999 -9999 -9999 -9999 -9999 -9999 -9999 -9999 -9999 -9999 -9999 -9999 -9999 -9999 -9999 -9999 -9999 -9999 -9999 -9999 -9999 -9999 1.29847E-2 1.92542E-2 -9999 -9999 7.99122E-4 1.68985E-3 3.98555E-4 2.574E-4 1.40061E-4 3.47751E-4 4.64938E-4 2.45879E-3 6.23155E-3 7.49354E-3 7.75162E-3 3.33048E-4 1.82289E-4 3.97443E-5 4.06583E-5 7.48595E-5 1.31154E-4 1.3286E-4 7.54266E-5 4.35321E-5 8.96374E-5 1.89098E-4 1.48429E-4 1.16634E-4 8.55631E-5 1.88518E-4 2.61088E-4 -9999 -9999 -9999 -9999 -9999 -9999 -9999 -9999 -9999 -9999 -9999 -9999 -9999 -9999
-9999 -9999 6.38663E-2 -9999 -9999 -9999 -9999 -9999 -9999 -9999 -9999 -9999 -9999 -9999 -9999 -9999 -9999 -9999 -9999 -9999 -9999 -9999 -9999 -9999 -9999 -9999 -9999 -9999 -9999 -9999 -9999 -9999 -9999 9.29331E-3 1.86175E-2 5.62845E-3 2.82267E-3 1.20274E-3 2.9963E-3 1.56783E-4 2.86925E-5 2.57786E-4 7.65928E-4 3.16514E-3 2.52523E-3 4.81089E-4 8.14798E-4 5.11208E-3 1.24317E-3 7.13231E-4 1.32558E-3 5.7826E-4 2.58418E-4 1.55763E-4 1.82124E-4 3.61608E-5 5.49601E-5 8.22279E-5 8.95876E-5 5.58706E-5 2.36419E-5 8.16113E-5 1.21669E-4 1.7736E-4 -9999 -9999 -9999 -9999 -9999 -9999 -9999 -9999 -9999 -9999 -9999 -9999 -9999 -9999
1.67473E-2 -9999 -9999 -9999 -9999 -9999 -9999 -9999 -9999 -9999 -9999 -9999 -9999 -9999 -9999 -9999 -9999 -9999 -9999 -9999 -9999 -9999 -9999 -9999 -9999 -9999 -9999 -9999 -9999 -9999 -9999 -9999 -9999 7.71763E-3 2.44972E-3 6.38588E-3 6.44981E-3 4.2959E-3 1.32047E-3 2.5462E-4 7.97907E-5 3.72056E-4 6.40122E-4 1.00742E-3 9.75316E-4 1.19774E-4 2.56921E-4 2.61943E-3 7.48521E-4 4.13222E-4 4.73268E-4 3.28056E-4 1.06015E-4 4.57334E-5 4.13694E-5 1.1738E-5 2.62838E-5 2.42422E-5 4.87016E-5 7.38073E-5 3.03403E-5 7.54999E-5 1.00318E-4 -9999 -9999 -9999 -9999 -9999 -9999 -9999 -9999 -9999 -9999 -9999 -9999 -9999 -9999 -9999
