ENM/Final_Models/M_0.8_F_q_Set_1_NE/Gustavia_santanderiensis_Choco_median.asc
ncols         367
nrows         963
xllcorner     -78.6
yllcorner     0.65
cellsize      0.00833333333333323
NODATA_value  -9999
[rows 272 to 305 of 963, columns 234 to 311 of 367]
0E0 0E0 0E0 0E0 0E0 0E0 0E0 0E0 0E0 2.82919E-1 7.99299E-3 1.04037E-2 3.25016E-2 1.77502E-2 3.71512E-2 1.18274E-2 8.61047E-2 0E0 0E0 0E0 7.82667E-1 8.08492E-1 7.85977E-1 8.12795E-1 6.83156E-1 4.8593E-1 6.68166E-1 7.62628E-1 8.66982E-1 5.16043E-1 5.40604E-1 4.04478E-1 5.26795E-1 4.27639E-1 4.05892E-1 0E0 0E0 0E0 0E0 0E0 8.51172E-2 1.4369E-1 7.50947E-2 1.61749E-1 2.16834E-3 2.41178E-3 1.28095E-2 5.11144E-3 1.18917E-2 2.56088E-2 1.9965E-2 1.48367E-2 1.07123E-2 4.62144E-3 2.33383E-3 3.41431E-3 8.63977E-4 5.52134E-4 2.26195E-4 8.87805E-5 3.9497E-4 2.6326E-5 1.20348E-6 -9999 -9999 -9999 -9999 -9999 -9999 -9999 -9999 -9999 -9999 -9999 -9999 -9999 -9999 -9999
0E0 0E0 0E0 0E0 0E0 0E0 0E0 0E0 0E0 0E0 6.51379E-3 9.38331E-3 5.0045E-2 1.60431E-2 1.47028E-2 1.7115E-2 3.07651E-2 0E0 0E0 0E0 9.62626E-1 7.24736E-1 7.39182E-1 9.4971E-1 7.17613E-1 4.75046E-1 4.78665E-1 5.16779E-1 8.36188E-1 8.01065E-1 6.83608E-1 6.33693E-1 5.78446E-1 5.82378E-1 5.69066E-1 0E0 0E0 0E0 0E0 1.55033E-1 1.61719E-1 1.12712E-1 5.54442E-2 7.57441E-2 1.48963E-3 1.24066E-3 5.48492E-3 1.10863E-2 1.42501E-2 8.07411E-3 7.1312E-3 3.02849E-3 3.9446E-3 7.09912E-3 4.4858E-3 3.08393E-3 1.02566E-3 3.63806E-4 1.6148E-4 2.04477E-4 2.40811E-4 2.13886E-4 1.02963E-5 -9999 -9999 -9999 -9999 -9999 -9999 -9999 -9999 -9999 -9999 -9999 -9999 -9999 -9999 -9999
0E0 0E0 0E0 0E0 0E0 0E0 0E0 0E0 0E0 0E0 3.38133E-2 9.93309E-3 5.98179E-2 6.09645E-2 2.20815E-2 5.95105E-2 4.58297E-2 1.19153E-1 0E0 0E0 9.74252E-1 7.06151E-1 8.23992E-1 8.58691E-1 6.48454E-1 5.34566E-1 7.06399E-1 6.73316E-1 6.44228E-1 7.16272E-1 8.72811E-1 8.94508E-1 5.82894E-1 7.61596E-1 5.78918E-1 4.03551E-1 0E0 0E0 0E0 1.2368E-1 9.09923E-2 7.08945E-2 6.19646E-2 5.5665E-2 9.0564E-4 2.58964E-4 2.44658E-3 9.28602E-3 1.69037E-2 3.03848E-2 8.00744E-3 2.65403E-3 2.14178E-3 3.27705E-3 1.60832E-3 1.16005E-3 1.62554E-3 1.1362E-3 2.18802E-4 7.79508E-4 1.09307E-3 4.22578E-4 1.02213E-4 2.53706E-4 -9999 -9999 -9999 -9999 -9999 -9999 -9999 -9999 -9999 -9999 -9999 -9999 -9999 -9999
0E0 0E0 0E0 0E0 0E0 0E0 0E0 0E0 0E0 0E0 6.53661E-2 2.35028E-2 1.71504E-2 5.46591E-2 3.46064E-2 3.57925E-2 9.74568E-2 9.17544E-2 0E0 0E0 7.48966E-1 8.52971E-1 8.19704E-1 8.85878E-1 8.94422E-1 6.58038E-1 7.52222E-1 8.0473E-1 5.01689E-1 6.01564E-1 8.1235E-1 6.86874E-1 4.7598E-1 3.59039E-1 2.69089E-1 2.64883E-1 3.05361E-1 0E0 0E0 1.09939E-1 1.26338E-1 7.3669E-2 7.00564E-2 4.22657E-2 1.02131E-3 2.13752E-4 1.2878E-3 1.74682E-3 5.69796E-3 1.13032E-2 2.65774E-3 5.88625E-3 3.57062E-3 2.17536E-3 6.16832E-4 1.56321E-3 7.17648E-4 1.71748E-3 3.53548E-4 7.58761E-4 5.86861E-4 4.35217E-5 4.03879E-5 4.66066E-5 -9999 -9999 -9999 -9999 -9999 -9999 -9999 -9999 -9999 -9999 -9999 -9999 -9999 -9999
0E0 0E0 0E0 0E0 0E0 0E0 0E0 0E0 0E0 0E0 1.46235E-1 2.27791E-2 2.32644E-2 6.32923E-2 2.57254E-2 2.16372E-2 5.17256E-2 1.10608E-1 0E0 0E0 0E0 8.16862E-1 7.84468E-1 8.95036E-1 9.93299E-1 7.86941E-1 9.15493E-1 7.66026E-1 5.4988E-1 2.97686E-1 5.97091E-1 6.23703E-1 4.70888E-1 3.35174E-1 2.45369E-1 2.76265E-1 0E0 0E0 0E0 0E0 8.33936E-2 6.44461E-2 4.1924E-2 1.78552E-2 1.06819E-4 8.98334E-5 1.4833E-3 1.56024E-3 3.37445E-3 3.11772E-3 1.71957E-2 3.03993E-3 1.04546E-3 2.7646E-3 1.61982E-3 3.78582E-3 1.90841E-3 7.45732E-4 1.17746E-3 8.40781E-4 9.38358E-4 3.71902E-5 5.74081E-5 1.43523E-4 1.68998E-4 -9999 -9999 -9999 -9999 -9999 -9999 -9999 -9999 -9999 -9999 -9999 -9999 -9999
0E0 0E0 0E0 0E0 0E0 0E0 0E0 0E0 0E0 0E0 1.48472E-1 3.84356E-2 6.69318E-2 8.70656E-2 4.85247E-2 2.16665E-2 6.47205E-2 1.04639E-1 0E0 0E0 0E0 7.13786E-1 7.00702E-1 9.44496E-1 9.55343E-1 8.9535E-1 7.47762E-1 6.29277E-1 4.25574E-1 2.74722E-1 4.65784E-1 0E0 0E0 0E0 0E0 1.845E-1 0E0 0E0 8.5738E-2 3.93072E-2 9.60303E-2 5.90568E-2 3.29998E-2 5.10397E-4 2.49283E-3 8.25086E-4 3.21821E-4 5.77479E-4 1.67459E-3 8.40918E-4 1.38925E-2 3.17852E-3 1.68749E-3 1.09663E-3 2.33148E-3 4.3647E-4 2.47893E-3 3.42114E-3 1.44338E-3 2.46654E-4 3.34039E-4 4.24442E-4 1.34349E-4 8.3896E-5 1.13578E-4 1.07794E-4 -9999 -9999 -9999 -9999 -9999 -9999 -9999 -9999 -9999 -9999 -9999 -9999
0E0 0E0 0E0 0E0 0E0 0E0 0E0 0E0 0E0 0E0 1.70969E-1 2.75959E-2 4.32312E-2 3.88605E-2 3.21414E-2 1.78479E-2 2.18151E-2 9.01369E-2 0E0 0E0 9.51843E-1 8.23481E-1 6.97974E-1 8.53903E-1 9.22119E-1 9.89529E-1 9.05727E-1 6.4318E-1 5.0535E-1 3.26016E-1 4.19286E-1 0E0 0E0 0E0 0E0 0E0 0E0 0E0 0E0 0E0 4.69418E-2 3.15528E-2 2.63491E-2 8.2669E-4 1.3348E-3 1.82173E-3 1.84087E-3 5.13163E-4 8.04003E-4 4.0438E-4 4.64155E-3 7.56775E-3 2.71256E-3 1.77994E-3 2.57932E-3 7.26896E-4 1.64184E-3 1.37182E-3 1.44436E-3 1.27012E-3 7.69955E-4 8.3259E-4 1.43985E-4 3.02788E-4 9.80514E-5 1.43507E-4 7.19035E-5 -9999 -9999 -9999 -9999 -9999 -9999 -9999 -9999 -9999 -9999 -9999
0E0 0E0 0E0 0E0 0E0 0E0 0E0 0E0 0E0 0E0 0E0 1.86189E-1 1.54226E-1 2.98569E-2 1.48573E-2 1.17086E-2 7.63202E-3 8.34531E-2 0E0 0E0 9.69082E-1 9.04867E-1 7.01027E-1 7.19706E-1 9.67619E-1 9.49397E-1 9.24147E-1 5.7202E-1 5.0611E-1 3.46414E-1 0E0 0E0 0E0 0E0 0E0 0E0 0E0 0E0 9.21195E-2 0E0 1.94385E-2 1.0734E-2 2.01743E-2 3.1325E-3 4.17337E-3 2.90219E-4 2.59108E-3 1.46439E-3 2.12271E-4 1.52118E-4 1.67024E-3 5.39858E-3 4.30336E-3 2.91011E-3 2.10218E-3 1.04271E-3 5.45832E-4 1.03689E-3 7.74459E-4 9.62352E-4 7.11239E-4 6.27125E-4 1.25555E-4 2.01245E-4 2.20298E-4 4.07343E-4 8.01888E-5 5.61848E-5 -9999 -9999 -9999 -9999 -9999 -9999 -9999 -9999 -9999 -9999
0E0 0E0 0E0 0E0 0E0 0E0 0E0 0E0 0E0 0E0 0E0 0E0 8.19598E-2 2.93297E-2 2.87237E-2 2.18304E-2 2.9124E-2 1.02251E-1 0E0 0E0 9.71814E-1 9.60341E-1 9.02873E-1 9.39773E-1 9.47117E-1 8.8569E-1 8.98496E-1 7.41676E-1 4.75262E-1 2.87664E-1 3.54308E-1 0E0 0E0 0E0 0E0 0E0 0E0 1.03866E-1 3.33531E-2 9.91551E-2 3.29008E-2 2.99613E-2 9.24557E-3 2.00698E-3 8.50171E-4 1.60252E-4 8.71155E-4 3.8551E-4 1.78261E-3 1.89137E-3 7.33019E-3 7.70199E-3 4.48438E-3 2.94257E-4 7.50063E-4 6.06604E-4 4.92317E-4 4.01799E-4 1.21491E-4 2.09358E-3 7.81968E-4 6.96464E-4 3.72625E-4 7.83986E-4 1.46022E-4 6.02832E-5 2.09775E-4 2.99484E-4 -9999 -9999 -9999 -9999 -9999 -9999 -9999 -9999 -9999 -9999
0E0 0E0 0E0 0E0 0E0 0E0 0E0 0E0 0E0 0E0 0E0 0E0 2.26081E-2 8.39794E-3 1.95655E-2 2.83074E-2 6.08397E-2 0E0 0E0 0E0 8.75781E-1 9.26555E-1 8.08159E-1 8.60281E-1 8.75641E-1 6.51049E-1 8.55173E-1 6.66451E-1 4.11877E-1 4.01057E-1 0E0 0E0 0E0 0E0 0E0 0E0 0E0 0E0 8.44244E-2 9.8323E-3 2.52529E-2 2.31276E-2 1.99714E-2 4.38777E-3 1.33398E-3 7.06132E-4 1.55694E-4 7.66321E-4 1.31979E-3 1.06536E-2 1.59352E-2 4.28322E-3 2.07571E-3 6.43242E-4 4.5731E-4 4.69749E-5 2.68486E-4 4.39353E-5 1.31704E-4 1.66627E-4 1.71156E-3 9.25567E-4 3.53633E-4 4.00681E-4 4.01547E-4 1.19242E-4 2.11311E-4 1.24216E-4 2.73431E-4 -9999 -9999 -9999 -9999 -9999 -9999 -9999 -9999 -9999
0E0 0E0 0E0 0E0 0E0 0E0 0E0 0E0 0E0 0E0 0E0 2.26869E-1 2.91082E-2 1.50182E-2 7.80789E-3 1.90829E-2 5.88042E-2 0E0 0E0 0E0 9.84215E-1 8.43621E-1 7.31506E-1 6.93255E-1 6.42602E-1 5.48413E-1 5.83934E-1 5.15069E-1 2.21442E-1 0E0 0E0 0E0 0E0 0E0 0E0 0E0 0E0 0E0 0E0 0E0 5.92162E-2 2.47425E-2 2.58674E-2 8.41754E-4 1.7959E-4 1.93714E-3 7.87796E-4 1.09082E-3 2.02263E-3 1.00435E-3 1.79631E-3 1.26648E-3 7.77329E-4 1.06583E-3 3.02864E-4 7.75418E-5 1.15822E-4 8.18783E-5 1.14204E-4 1.73365E-4 5.12839E-4 4.73817E-4 3.86304E-4 1.93034E-4 6.47206E-5 2.27435E-4 8.33281E-5 5.93872E-5 -9999 -9999 -9999 -9999 -9999 -9999 -9999 -9999 -9999 -9999
0E0 0E0 0E0 0E0 0E0 0E0 0E0 0E0 0E0 0E0 0E0 0E0 1.61462E-2 5.94741E-2 2.45791E-2 2.79695E-2 7.259E-2 0E0 0E0 0E0 9.9613E-1 7.55578E-1 4.58678E-1 6.43378E-1 7.58614E-1 8.40622E-1 6.87438E-1 0E0 0E0 0E0 0E0 0E0 0E0 0E0 0E0 0E0 0E0 5.61174E-2 6.36942E-2 1.17938E-2 4.19657E-3 9.62379E-3 4.56888E-3 2.52068E-3 3.28706E-3 2.55696E-4 2.65247E-4 1.74728E-4 5.50005E-4 1.23774E-3 3.9214E-4 2.31158E-3 1.641E-3 1.16875E-3 1.03401E-3 1.83348E-4 4.70022E-5 2.53193E-4 4.72393E-5 2.39133E-4 1.57894E-3 2.71203E-3 2.27729E-4 2.13052E-4 2.44333E-4 4.20548E-4 7.62953E-4 4.52116E-4 -9999 -9999 -9999 -9999 -9999 -9999 -9999 -9999 -9999 -9999
0E0 0E0 0E0 0E0 0E0 0E0 0E0 0E0 0E0 0E0 0E0 0E0 1.53157E-2 2.9802E-2 2.71006E-2 4.75754E-2 8.22523E-2 0E0 0E0 0E0 0E0 7.85471E-1 7.05959E-1 7.55053E-1 6.93941E-1 6.01428E-1 5.47356E-1 7.4905E-1 0E0 0E0 0E0 0E0 0E0 0E0 0E0 0E0 0E0 0E0 3.53654E-2 1.42826E-2 7.05741E-3 9.76269E-4 9.5854E-4 4.63748E-3 8.3041E-4 2.87521E-4 2.27585E-4 1.62105E-4 4.20054E-4 3.43361E-4 2.85469E-4 4.06738E-3 1.16468E-3 7.99197E-4 3.96171E-4 4.47006E-4 1.16757E-4 5.1349E-5 2.18816E-4 7.3579E-5 6.22073E-4 1.77247E-3 1.06824E-3 5.69827E-4 2.36055E-4 8.19901E-5 1.30044E-4 4.41907E-5 -9999 -9999 -9999 -9999 -9999 -9999 -9999 -9999 -9999 -9999
0E0 0E0 0E0 0E0 0E0 0E0 0E0 0E0 0E0 0E0 0E0 0E0 3.12663E-2 3.68359E-2 2.92078E-2 2.86942E-2 2.33192E-2 0E0 0E0 0E0 0E0 7.13455E-1 5.9699E-1 5.70675E-1 7.91264E-1 7.02648E-1 6.9148E-1 6.4833E-1 0E0 0E0 0E0 0E0 1.80345E-1 2.73003E-1 1.58093E-1 0E0 9.22711E-2 6.58362E-2 1.76128E-2 1.91671E-2 4.27645E-3 3.48417E-3 1.95547E-3 2.38788E-4 7.24736E-5 2.61994E-5 9.86278E-5 2.60643E-4 5.36919E-4 4.77882E-4 1.94967E-4 5.97894E-4 1.2127E-3 2.99405E-4 5.99038E-4 2.2563E-4 5.93118E-5 1.1237E-4 6.60153E-5 1.15735E-4 6.46797E-4 4.90525E-4 4.66225E-4 2.94646E-4 1.54504E-4 1.51545E-4 2.60095E-4 8.28054E-5 -9999 -9999 -9999 -9999 -9999 -9999 -9999 -9999 -9999 -9999
0E0 0E0 0E0 0E0 0E0 0E0 0E0 0E0 0E0 0E0 0E0 0E0 1.86469E-2 4.77609E-2 4.30463E-2 2.48611E-2 4.77958E-2 0E0 0E0 0E0 0E0 9.57268E-1 7.94482E-1 5.83197E-1 9.43568E-1 9.06537E-1 7.56954E-1 7.34315E-1 0E0 0E0 0E0 0E0 1.18248E-1 9.17031E-2 2.83595E-2 1.20057E-1 6.40577E-2 8.43756E-3 9.39688E-2 3.51901E-2 3.23788E-2 2.6457E-4 2.79929E-3 2.0003E-4 1.08878E-4 2.07849E-5 5.95644E-5 3.37635E-4 6.00736E-4 5.83098E-4 2.3823E-4 4.54294E-4 6.57467E-4 6.99022E-4 5.4408E-4 9.86887E-5 1.0636E-4 5.00167E-5 8.49699E-5 1.93946E-4 4.66444E-4 5.05172E-4 3.71791E-4 2.5069E-4 9.89847E-5 8.10944E-5 1.67366E-4 2.40607E-4 2.73859E-4 -9999 -9999 -9999 -9999 -9999 -9999 -9999 -9999 -9999
0E0 0E0 0E0 0E0 0E0 0E0 0E0 0E0 0E0 0E0 0E0 0E0 5.62408E-2 1.95493E-2 3.91498E-2 3.54723E-2 1.08292E-1 0E0 0E0 0E0 0E0 9.86461E-1 9.67517E-1 9.55548E-1 7.92731E-1 9.08732E-1 9.39584E-1 8.14354E-1 0E0 0E0 0E0 0E0 9.23675E-2 7.2995E-2 1.47351E-1 0E0 0E0 1.79325E-2 1.69325E-2 3.37164E-2 2.77688E-2 6.13693E-3 2.36061E-3 1.00996E-3 9.23361E-4 5.81896E-4 8.07182E-5 3.0585E-4 7.21897E-4 4.96418E-4 1.89656E-4 1.49143E-4 2.27351E-4 1.37626E-4 9.05028E-5 8.17982E-5 2.2312E-4 2.462E-4 1.49169E-4 5.91446E-5 4.6892E-4 6.50639E-4 3.08818E-4 9.92093E-4 1.83133E-4 2.02283E-4 8.00329E-4 1.17223E-4 -9999 -9999 -9999 -9999 -9999 -9999 -9999 -9999 -9999 -9999
0E0 0E0 0E0 0E0 0E0 0E0 0E0 0E0 0E0 0E0 0E0 0E0 0E0 2.73371E-2 3.60378E-2 3.22832E-2 0E0 0E0 0E0 0E0 0E0 9.92632E-1 9.96613E-1 9.94399E-1 7.92994E-1 8.45182E-1 8.7666E-1 4.92576E-1 5.7824E-1 0E0 0E0 0E0 0E0 0E0 0E0 0E0 0E0 0E0 4.2881E-2 2.22435E-2 4.51234E-2 4.91136E-2 9.89128E-4 2.26548E-3 9.28691E-4 1.32399E-3 5.85306E-5 1.66989E-4 3.23137E-4 1.89091E-4 2.33395E-4 1.82792E-4 1.89164E-4 9.87738E-5 3.09662E-4 3.80675E-4 2.76884E-4 1.75426E-4 4.50624E-5 1.43533E-4 3.40128E-4 1.07699E-3 1.25621E-3 7.38783E-4 7.00263E-4 2.26781E-4 3.06036E-4 7.52243E-4 -9999 -9999 -9999 -9999 -9999 -9999 -9999 -9999 -9999 -9999
0E0 0E0 0E0 0E0 0E0 0E0 0E0 0E0 0E0 0E0 0E0 0E0 0E0 1.23016E-1 3.21091E-2 3.39687E-2 0E0 0E0 0E0 0E0 0E0 9.75103E-1 9.29276E-1 9.14146E-1 7.861E-1 6.66389E-1 8.79127E-1 8.95422E-1 4.22214E-1 0E0 0E0 0E0 0E0 0E0 0E0 0E0 0E0 0E0 0E0 0E0 4.00298E-2 3.27591E-3 3.37638E-3 1.05043E-3 1.05332E-3 1.80986E-3 8.43201E-4 2.42967E-4 3.97369E-5 1.09882E-4 1.7085E-4 2.56493E-4 4.26273E-4 1.63012E-4 3.33868E-4 5.71202E-4 1.40371E-4 9.11199E-5 4.56727E-5 4.32697E-4 5.30479E-4 2.95248E-4 2.95004E-4 5.8463E-4 1.3427E-3 4.20074E-4 6.00493E-4 4.89058E-4 -9999 -9999 -9999 -9999 -9999 -9999 -9999 -9999 -9999 -9999
0E0 0E0 0E0 0E0 0E0 0E0 0E0 0E0 0E0 0E0 0E0 0E0 0E0 0E0 1.07436E-1 0E0 0E0 0E0 0E0 0E0 0E0 9.71677E-1 9.74402E-1 8.76375E-1 9.01666E-1 8.44154E-1 9.15722E-1 7.56543E-1 8.809E-1 4.77893E-1 5.06207E-1 2.82361E-1 0E0 0E0 0E0 0E0 0E0 0E0 0E0 8.18081E-2 2.98647E-2 1.63587E-2 4.36969E-3 7.33896E-3 2.54586E-3 4.70295E-3 9.63099E-4 1.27765E-3 3.53839E-4 6.08255E-5 1.00231E-4 1.11603E-4 8.39308E-5 5.81672E-5 8.3939E-5 6.19948E-5 1.10224E-4 1.34312E-4 1.4033E-4 2.86264E-4 9.31608E-4 1.33136E-3 1.62077E-3 1.58101E-3 9.10858E-4 7.49545E-4 1.22897E-3 1.52473E-4 -9999 -9999 -9999 -9999 -9999 -9999 -9999 -9999 -9999 -9999
0E0 0E0 0E0 0E0 0E0 0E0 0E0 0E0 0E0 0E0 0E0 0E0 0E0 0E0 0E0 0E0 0E0 0E0 0E0 0E0 0E0 9.89745E-1 9.3114E-1 7.91248E-1 8.96423E-1 9.27543E-1 8.71545E-1 8.50262E-1 8.35587E-1 9.40266E-1 8.72223E-1 3.64395E-1 2.44586E-1 2.73893E-1 3.54834E-1 0E0 0E0 0E0 0E0 0E0 0E0 3.4633E-2 5.25365E-3 1.05751E-2 5.77636E-3 1.58261E-3 2.88883E-3 1.90191E-3 2.02151E-4 7.16199E-5 1.50807E-4 5.71633E-5 4.97013E-5 1.26257E-4 1.71158E-4 2.59891E-4 1.48853E-4 1.32789E-4 5.31822E-4 2.19637E-4 3.67382E-4 1.34572E-3 1.89684E-3 1.9542E-3 7.24796E-4 4.49782E-4 3.05789E-4 5.09202E-4 2.74614E-4 -9999 -9999 -9999 -9999 -9999 -9999 -9999 -9999 -9999
0E0 0E0 0E0 0E0 0E0 0E0 0E0 0E0 0E0 0E0 0E0 0E0 0E0 0E0 0E0 0E0 0E0 0E0 0E0 0E0 0E0 9.44314E-1 8.9362E-1 8.97157E-1 8.93737E-1 9.45711E-1 5.37369E-1 7.67144E-1 6.89432E-1 9.06042E-1 9.60182E-1 7.58212E-1 3.39813E-1 4.26709E-1 5.13342E-1 2.32402E-1 3.03235E-1 1.14881E-1 1.30707E-1 0E0 0E0 9.22039E-2 2.12159E-2 2.63041E-2 1.47088E-3 7.7044E-4 3.97172E-4 2.11532E-3 2.39277E-4 6.65621E-5 6.99777E-5 5.53047E-5 4.29991E-6 5.75216E-5 2.23363E-4 2.71201E-4 9.13196E-5 1.31907E-4 1.82308E-4 2.88856E-4 6.18529E-4 1.42862E-3 1.11762E-3 8.8239E-4 2.52939E-3 3.61641E-4 2.42438E-4 3.03535E-5 1.11513E-4 2.74507E-4 -9999 -9999 -9999 -9999 -9999 -9999 -9999 -9999
0E0 0E0 0E0 0E0 0E0 0E0 0E0 0E0 0E0 0E0 0E0 0E0 0E0 0E0 0E0 0E0 0E0 0E0 0E0 0E0 0E0 9.53132E-1 7.20088E-1 7.90629E-1 8.76975E-1 7.10754E-1 3.22055E-1 6.53611E-1 6.3798E-1 8.81448E-1 9.06194E-1 7.61558E-1 4.5596E-1 4.14319E-1 3.50939E-1 1.91545E-1 8.46223E-2 1.52081E-1 1.01071E-1 4.8914E-2 0E0 0E0 6.89767E-2 1.70434E-3 7.02811E-3 2.06109E-4 9.65442E-5 8.00891E-5 7.77422E-5 1.35068E-5 1.63938E-5 1.75676E-5 3.19591E-5 3.71654E-4 5.57914E-4 2.69449E-4 7.3453E-4 1.4888E-4 1.12068E-4 4.72282E-4 7.49922E-4 5.40812E-4 1.55971E-4 6.61977E-4 2.79484E-3 3.49966E-4 1.57769E-4 9.08467E-5 9.55581E-5 2.2134E-4 9.31934E-4 -9999 -9999 -9999 -9999 -9999 -9999 -9999
0E0 0E0 0E0 0E0 0E0 0E0 0E0 0E0 0E0 0E0 0E0 0E0 0E0 0E0 0E0 0E0 0E0 0E0 0E0 0E0 0E0 7.26484E-1 7.91126E-1 6.89445E-1 4.82881E-1 5.69701E-1 4.52354E-1 6.965E-1 8.38103E-1 9.28163E-1 7.70368E-1 0E0 0E0 0E0 0E0 0E0 2.27361E-1 1.03871E-1 1.6131E-1 0E0 0E0 0E0 5.52963E-2 2.92887E-2 6.2679E-4 1.42093E-3 5.14667E-4 1.06657E-4 3.02489E-5 6.79985E-5 5.3849E-5 7.91102E-5 5.52482E-5 1.61942E-4 4.11428E-4 3.47766E-4 4.78071E-4 1.88727E-4 2.82658E-4 2.86519E-4 1.89706E-4 1.39813E-4 1.0545E-4 2.02884E-4 1.9577E-4 2.19952E-4 1.02647E-4 1.2147E-4 4.94794E-4 4.65697E-4 -9999 -9999 -9999 -9999 -9999 -9999 -9999 -9999
0E0 0E0 0E0 0E0 0E0 0E0 0E0 0E0 0E0 0E0 0E0 0E0 0E0 0E0 0E0 0E0 0E0 0E0 0E0 0E0 0E0 0E0 0E0 0E0 0E0 0E0 0E0 0E0 0E0 0E0 0E0 0E0 0E0 0E0 0E0 0E0 0E0 0E0 0E0 0E0 0E0 7.6058E-2 0E0 4.09273E-2 1.97262E-3 1.56441E-3 6.58543E-4 7.14128E-5 4.40956E-5 2.38423E-5 1.90748E-5 2.42169E-4 2.34199E-4 1.00015E-4 7.35397E-5 2.82944E-4 6.74726E-4 7.07861E-4 4.98311E-4 2.05298E-4 1.50434E-4 9.26371E-5 9.07495E-5 9.54861E-5 1.39953E-4 4.73005E-5 2.02736E-5 8.79826E-5 2.16993E-4 1.21806E-4 1.10711E-4 -9999 -9999 -9999 -9999 -9999 -9999 -9999
0E0 0E0 0E0 0E0 0E0 0E0 0E0 0E0 0E0 0E0 0E0 0E0 0E0 0E0 0E0 0E0 0E0 0E0 0E0 0E0 0E0 0E0 0E0 0E0 0E0 0E0 0E0 0E0 0E0 0E0 0E0 0E0 0E0 0E0 1.09527E-1 6.00389E-2 0E0 0E0 5.42659E-2 4.02085E-2 4.40422E-2 2.9441E-2 7.75401E-2 6.1538E-4 4.76089E-4 4.28502E-4 5.65944E-5 1.62174E-5 1.94138E-5 4.43571E-5 5.20535E-5 2.00301E-4 2.12255E-4 4.75164E-4 7.19104E-4 1.08562E-4 5.83438E-5 3.54718E-4 6.75827E-4 3.91022E-4 3.26109E-4 2.90211E-4 7.92806E-5 8.83723E-5 9.98174E-5 6.96594E-5 4.12452E-5 1.02633E-4 1.89908E-4 3.25756E-4 4.90394E-4 3.06033E-4 -9999 -9999 -9999 -9999 -9999 -9999
0E0 0E0 0E0 0E0 0E0 0E0 0E0 0E0 0E0 0E0 0E0 0E0 0E0 0E0 0E0 0E0 0E0 0E0 0E0 0E0 0E0 0E0 0E0 0E0 0E0 0E0 0E0 0E0 0E0 0E0 0E0 0E0 0E0 0E0 3.93103E-1 1.29154E-1 0E0 0E0 8.71982E-2 4.84811E-2 2.79651E-2 2.28693E-2 2.14944E-2 4.90171E-3 2.91613E-3 2.43672E-4 3.40713E-4 4.90951E-5 4.70106E-5 2.84061E-4 3.433E-5 3.10146E-5 9.4247E-5 1.3446E-4 5.18943E-4 4.49338E-5 4.31587E-5 5.7197E-4 3.27145E-4 8.45952E-4 7.1065E-4 3.37289E-4 1.60923E-4 4.45667E-4 4.5174E-4 5.44719E-4 2.41958E-4 1.84455E-4 1.95337E-4 1.03031E-4 4.41183E-4 2.17272E-4 4.33872E-5 -9999 -9999 -9999 -9999 -9999
0E0 0E0 0E0 0E0 0E0 0E0 0E0 0E0 0E0 0E0 0E0 0E0 0E0 0E0 0E0 0E0 0E0 0E0 0E0 0E0 0E0 1.12943E-1 0E0 0E0 1.28899E-1 1.86718E-1 0E0 0E0 0E0 0E0 0E0 0E0 0E0 0E0 0E0 0E0 0E0 0E0 1.21495E-1 1.07821E-1 3.55972E-2 4.55739E-2 5.82572E-4 6.90099E-3 1.43054E-3 1.33372E-3 4.40884E-4 3.51393E-4 1.02997E-4 1.09464E-3 1.4253E-4 1.63556E-4 2.45868E-4 2.63973E-4 4.48249E-4 1.72307E-4 1.26639E-4 1.2246E-4 4.24059E-4 1.20792E-3 4.46078E-4 3.9491E-4 1.40448E-4 7.89171E-4 2.49235E-4 2.32234E-4 1.36594E-4 3.9776E-4 5.67382E-4 6.32359E-5 1.32371E-4 5.31483E-4 -9999 -9999 -9999 -9999 -9999 -9999
0E0 0E0 0E0 0E0 0E0 0E0 0E0 0E0 0E0 0E0 0E0 0E0 0E0 0E0 0E0 0E0 0E0 0E0 0E0 0E0 0E0 5.57811E-2 2.6497E-1 1.7869E-1 9.99716E-2 8.00522E-2 2.72791E-1 0E0 0E0 0E0 0E0 0E0 0E0 0E0 0E0 0E0 0E0 0E0 1.26289E-1 4.62438E-2 4.79391E-2 3.5882E-2 1.0063E-2 9.20017E-3 2.98552E-3 9.33757E-4 3.74331E-4 5.25716E-5 2.15762E-4 7.38459E-4 2.74356E-4 3.27983E-4 9.45455E-5 3.5973E-4 1.26475E-4 3.17799E-4 1.25629E-4 1.78478E-4 1.51931E-3 1.10187E-3 9.81957E-4 4.7542E-4 3.22414E-4 6.42165E-4 3.74335E-4 1.97792E-4 2.84857E-4 7.90497E-4 8.79735E-4 1.76972E-4 1.56595E-4 4.47874E-4 -9999 -9999 -9999 -9999 -9999 -9999
0E0 0E0 0E0 0E0 0E0 0E0 0E0 0E0 0E0 0E0 0E0 0E0 0E0 0E0 0E0 0E0 0E0 0E0 0E0 0E0 6.95162E-2 6.90389E-2 1.89571E-1 5.24431E-2 1.20988E-2 1.56426E-2 3.60189E-2 0E0 0E0 0E0 0E0 0E0 0E0 0E0 0E0 0E0 0E0 1.55725E-1 6.39244E-2 6.2143E-2 6.42526E-2 5.30449E-2 7.48349E-3 1.62185E-2 1.37487E-3 1.58547E-3 1.59668E-3 1.22237E-3 1.04358E-3 8.87492E-5 1.05395E-4 1.94079E-4 3.3707E-4 7.29652E-5 6.33946E-4 5.70038E-4 9.47135E-4 3.68497E-4 1.39339E-3 7.49174E-4 7.2708E-4 2.16489E-4 6.9638E-4 4.68672E-4 3.48375E-4 2.98665E-4 8.59201E-4 6.05456E-4 6.52229E-4 3.74809E-4 2.01327E-4 3.03432E-4 -9999 -9999 -9999 -9999 -9999 -9999
0E0 0E0 0E0 0E0 0E0 0E0 0E0 0E0 0E0 0E0 0E0 0E0 0E0 0E0 0E0 0E0 0E0 0E0 0E0 6.70118E-2 3.08437E-2 6.02859E-2 0E0 5.22319E-2 2.68433E-2 2.32104E-2 3.82998E-2 0E0 0E0 0E0 0E0 0E0 0E0 0E0 0E0 0E0 0E0 7.70072E-2 5.90314E-2 0E0 0E0 0E0 0E0 2.54081E-2 5.63121E-3 2.42618E-2 8.9796E-3 9.26217E-3 8.90003E-4 7.70606E-4 1.53489E-3 3.36855E-4 3.01124E-4 3.5078E-4 3.07039E-4 8.56952E-5 1.05124E-4 1.81604E-4 3.69174E-4 7.87617E-4 1.56521E-4 2.09555E-5 2.87239E-4 1.59645E-4 2.95644E-4 1.65029E-4 1.58389E-4 8.02308E-5 8.79124E-5 1.49271E-4 2.15647E-4 7.32119E-4 1.9714E-4 -9999 -9999 -9999 -9999 -9999
0E0 0E0 0E0 0E0 0E0 0E0 0E0 0E0 0E0 0E0 0E0 0E0 0E0 0E0 0E0 0E0 0E0 0E0 0E0 9.57232E-2 2.38031E-2 5.58398E-2 0E0 0E0 1.11669E-1 5.15658E-2 1.10583E-1 0E0 0E0 0E0 0E0 0E0 0E0 0E0 0E0 0E0 0E0 0E0 0E0 0E0 0E0 0E0 9.73962E-2 1.79479E-2 3.86919E-3 6.86696E-3 2.18758E-2 3.24984E-3 7.49689E-4 2.74928E-3 3.30937E-3 1.96675E-3 1.31939E-3 1.65046E-4 3.44777E-5 2.86862E-5 1.13837E-4 1.36577E-4 1.78209E-4 5.36765E-4 2.30404E-4 1.95146E-5 1.74964E-4 1.76531E-4 7.14044E-5 6.36973E-5 1.54914E-4 3.72083E-4 1.21898E-4 2.20256E-4 3.24978E-4 1.16113E-3 7.95969E-4 -9999 -9999 -9999 -9999 -9999
0E0 0E0 0E0 0E0 0E0 0E0 0E0 0E0 0E0 0E0 0E0 0E0 0E0 0E0 0E0 0E0 0E0 0E0 0E0 0E0 0E0 0E0 0E0 0E0 7.34556E-2 4.90366E-2 0E0 0E0 0E0 0E0 0E0 0E0 0E0 0E0 0E0 0E0 0E0 0E0 0E0 0E0 0E0 0E0 8.02544E-2 5.55857E-2 3.70278E-2 2.53034E-2 3.48783E-3 5.32015E-3 1.89603E-3 2.48628E-3 1.47179E-3 9.77456E-4 5.5825E-4 5.36271E-5 8.81419E-5 6.53491E-5 2.79566E-5 2.9833E-5 1.77324E-4 2.13184E-4 2.70429E-4 1.72649E-4 1.55646E-4 5.19061E-5 4.35681E-5 9.04196E-5 7.15271E-5 1.4498E-4 4.70484E-4 9.87021E-4 1.13581E-3 4.19344E-4 1.63165E-4 -9999 -9999 -9999 -9999 -9999
0E0 0E0 0E0 0E0 0E0 0E0 0E0 0E0 0E0 0E0 0E0 0E0 0E0 0E0 0E0 0E0 0E0 0E0 0E0 0E0 0E0 0E0 0E0 0E0 7.86719E-2 0E0 0E0 0E0 0E0 0E0 0E0 0E0 0E0 0E0 0E0 0E0 0E0 0E0 0E0 0E0 0E0 7.77391E-2 0E0 1.02806E-1 0E0 1.98733E-2 1.01685E-2 5.82243E-3 1.68089E-3 8.16488E-3 4.69341E-3 1.33701E-3 1.06787E-3 3.82875E-4 9.69929E-5 1.12787E-4 2.73905E-4 3.80565E-4 6.79172E-4 2.05483E-4 1.50984E-4 2.69395E-4 1.66547E-4 2.64029E-4 2.17987E-4 1.02331E-4 1.60423E-4 1.52956E-4 2.58446E-5 1.0409E-4 2.23774E-4 4.2274E-4 3.27167E-4 -9999 -9999 -9999 -9999 -9999
0E0 0E0 0E0 0E0 0E0 0E0 0E0 0E0 0E0 0E0 0E0 0E0 0E0 0E0 0E0 0E0 0E0 0E0 0E0 0E0 0E0 0E0 0E0 0E0 0E0 0E0 0E0 0E0 0E0 0E0 0E0 0E0 0E0 0E0 0E0 0E0 0E0 0E0 0E0 0E0 0E0 0E0 0E0 1.97157E-1 7.0299E-2 0E0 8.27554E-3 6.74137E-3 3.75798E-3 1.38904E-2 4.71766E-3 2.13027E-3 2.20628E-3 3.82627E-4 1.4416E-4 7.02427E-5 2.46524E-4 4.32048E-4 1.36436E-3 3.84629E-4 1.14569E-4 4.07891E-4 2.49094E-4 2.42578E-4 2.39339E-4 5.21814E-5 2.43973E-5 2.47247E-4 6.1936E-4 1.62086E-4 8.37982E-5 2.7461E-4 2.06224E-4 -9999 -9999 -9999 -9999 -9999
