ENM/Final_Models/M_0.8_F_q_Set_1_NE/Gustavia_santanderiensis_7_Choco.asc
ncols         367
nrows         963
xllcorner     -78.6
yllcorner     0.65
cellsize      0.00833333333333323
NODATA_value  -9999
[rows 578 to 611 of 963, columns 156 to 233 of 367]
-9999 -9999 -9999 -9999 -9999 -9999 -9999 -9999 0E0 0E0 0E0 0E0 0E0 0E0 0E0 1.24335E-1 5.40036E-1 -9999 -9999 -9999 -9999 -9999 -9999 -9999 -9999 9.97717E-1 9.6304E-1 0E0 -9999 0E0 0E0 0E0 0E0 0E0 0E0 0E0 0E0 0E0 0E0 0E0 0E0 0E0 0E0 0E0 0E0 0E0 0E0 0E0 0E0 0E0 0E0 0E0 0E0 0E0 0E0 0E0 0E0 0E0 0E0 0E0 0E0 0E0 1.71947E-1 1.85782E-2 7.84201E-2 1.12471E-1 1.75105E-2 3.74479E-3 2.28588E-3 1.27373E-2 1.71554E-2 2.46839E-3 1.35672E-3 1.3849E-3 1.02013E-3 3.51163E-3 1.11876E-3 7.88551E-4
-9999 -9999 -9999 -9999 -9999 -9999 -9999 -9999 -9999 0E0 0E0 0E0 0E0 9.1744E-1 9.55911E-1 -9999 -9999 -9999 -9999 -9999 -9999 -9999 -9999 8.38381E-1 1.78674E-1 2.57444E-1 0E0 0E0 0E0 0E0 0E0 0E0 0E0 0E0 0E0 0E0 0E0 0E0 0E0 0E0 0E0 0E0 0E0 0E0 0E0 0E0 0E0 0E0 0E0 0E0 0E0 0E0 0E0 0E0 0E0 0E0 0E0 0E0 4.07733E-1 8.71021E-1 0E0 8.24152E-1 3.10573E-1 1.66884E-1 7.74315E-2 3.75372E-2 5.08399E-2 3.76144E-3 1.08836E-3 2.0694E-3 5.52219E-4 2.47658E-3 4.28048E-3 7.07938E-3 1.10932E-2 2.96962E-3 1.32128E-3 4.31836E-4
-9999 -9999 -9999 -9999 -9999 -9999 -9999 -9999 -9999 -9999 -9999 -9999 -9999 -9999 9.91887E-1 -9999 -9999 -9999 -9999 -9999 -9999 -9999 -9999 4.47141E-1 3.3133E-2 0E0 0E0 0E0 0E0 0E0 0E0 0E0 0E0 0E0 0E0 0E0 0E0 0E0 0E0 0E0 0E0 0E0 0E0 0E0 0E0 0E0 0E0 0E0 0E0 0E0 0E0 0E0 0E0 0E0 0E0 1.52587E-1 1.14589E-1 8.26098E-2 1.96534E-1 5.03774E-1 0E0 2.16782E-1 9.1137E-2 1.727E-1 2.2E-1 1.2459E-1 3.39763E-2 4.72029E-2 8.11866E-3 3.47486E-3 1.21381E-3 9.49757E-3 2.04322E-2 1.88039E-2 7.64517E-3 2.33376E-3 1.13531E-3 6.22696E-3
-9999 -9999 -9999 -9999 -9999 -9999 -9999 -9999 -9999 -9999 -9999 -9999 -9999 -9999 -9999 -9999 -9999 -9999 -9999 -9999 -9999 -9999 -9999 5.39047E-1 -9999 0E0 0E0 0E0 0E0 0E0 0E0 0E0 0E0 0E0 0E0 0E0 0E0 0E0 0E0 0E0 0E0 0E0 0E0 0E0 0E0 0E0 0E0 0E0 0E0 0E0 0E0 0E0 0E0 0E0 0E0 0E0 9.04302E-2 5.71463E-2 1.09637E-1 0E0 0E0 5.40584E-1 2.82606E-3 2.8322E-1 1.58699E-1 1.70594E-1 3.00734E-2 7.71719E-2 2.8619E-2 2.50714E-3 2.1163E-3 2.20115E-2 7.26908E-3 4.62611E-3 4.47437E-3 5.02521E-4 1.8888E-3 6.60583E-3
-9999 -9999 -9999 -9999 -9999 -9999 -9999 -9999 -9999 -9999 -9999 -9999 -9999 -9999 -9999 -9999 -9999 -9999 -9999 -9999 -9999 -9999 -9999 -9999 -9999 1.16703E-1 0E0 0E0 0E0 0E0 0E0 0E0 0E0 0E0 0E0 0E0 0E0 0E0 0E0 0E0 0E0 0E0 0E0 0E0 0E0 0E0 0E0 0E0 0E0 0E0 0E0 0E0 0E0 0E0 0E0 0E0 1.42207E-1 5.51425E-2 8.26653E-2 3.18221E-1 3.90813E-1 7.31066E-1 5.92013E-3 1.24863E-2 1.01841E-1 2.18262E-1 1.54298E-1 7.44633E-2 3.80638E-2 1.13046E-2 2.77606E-2 2.08688E-2 3.21459E-3 2.31349E-3 8.51013E-4 1.31554E-4 7.92006E-4 2.80899E-3
-9999 -9999 -9999 -9999 -9999 -9999 -9999 -9999 -9999 -9999 -9999 -9999 -9999 -9999 -9999 -9999 -9999 -9999 -9999 -9999 -9999 -9999 -9999 -9999 -9999 0E0 0E0 0E0 0E0 0E0 0E0 0E0 0E0 0E0 0E0 0E0 0E0 0E0 0E0 0E0 0E0 0E0 0E0 0E0 0E0 0E0 0E0 0E0 0E0 0E0 0E0 0E0 3.02058E-1 2.36761E-1 2.00677E-1 2.44212E-1 1.62632E-1 6.36687E-2 4.21954E-2 1.6451E-1 1.6816E-1 0E0 1.08061E-2 2.10407E-3 9.72784E-2 9.88722E-2 1.05555E-1 6.55897E-2 1.57845E-2 2.49657E-2 4.65453E-2 9.78793E-3 7.96253E-4 8.86478E-4 5.40775E-4 3.65701E-4 3.58451E-4 6.18027E-4
-9999 -9999 -9999 -9999 -9999 -9999 -9999 -9999 -9999 -9999 -9999 -9999 -9999 -9999 -9999 -9999 -9999 -9999 -9999 -9999 -9999 -9999 -9999 -9999 0E0 0E0 0E0 0E0 0E0 0E0 0E0 0E0 0E0 0E0 0E0 0E0 0E0 0E0 0E0 0E0 0E0 0E0 0E0 0E0 0E0 0E0 0E0 0E0 0E0 0E0 0E0 8.96416E-2 4.34275E-2 1.0545E-2 1.01844E-2 3.7253E-2 7.2381E-2 1.87029E-1 1.06724E-1 7.5774E-2 1.0744E-1 0E0 2.4177E-2 1.55775E-3 1.58131E-3 5.2455E-2 7.72955E-2 1.52141E-1 3.69381E-3 1.42445E-3 5.42186E-3 8.08278E-4 6.90962E-4 6.7527E-4 5.40991E-4 1.9428E-3 3.73061E-3 6.32992E-3
-9999 -9999 -9999 -9999 -9999 -9999 -9999 -9999 -9999 -9999 -9999 -9999 -9999 -9999 -9999 -9999 -9999 -9999 -9999 -9999 -9999 -9999 -9999 -9999 0E0 0E0 0E0 0E0 0E0 0E0 0E0 0E0 0E0 0E0 0E0 0E0 0E0 0E0 0E0 0E0 0E0 0E0 0E0 0E0 0E0 0E0 0E0 0E0 0E0 0E0 0E0 6.82185E-2 9.2724E-2 4.35916E-2 2.86324E-2 1.59109E-1 5.51383E-2 6.0795E-2 1.61019E-1 1.06606E-1 1.39698E-1 2.90702E-1 1.88748E-1 3.54185E-3 7.99574E-3 4.74164E-4 2.73412E-3 1.8817E-3 1.16598E-3 1.20401E-4 8.22211E-4 9.06178E-5 4.79214E-5 3.09511E-4 5.9727E-3 2.76083E-3 2.67555E-4 2.43035E-3
-9999 -9999 -9999 -9999 -9999 -9999 -9999 -9999 -9999 -9999 -9999 -9999 -9999 -9999 -9999 -9999 -9999 -9999 -9999 -9999 0E0 -9999 -9999 0E0 0E0 0E0 0E0 0E0 0E0 0E0 0E0 0E0 0E0 0E0 0E0 0E0 0E0 0E0 0E0 0E0 0E0 0E0 0E0 0E0 0E0 0E0 0E0 0E0 0E0 0E0 0E0 1.50768E-1 1.09851E-1 6.01402E-2 7.44986E-2 7.72011E-2 9.24138E-2 8.48128E-2 1.23129E-1 9.02752E-2 2.99452E-1 0E0 3.94211E-2 2.21956E-3 7.38655E-3 3.54324E-2 6.50163E-4 8.51434E-3 9.52197E-4 2.57383E-4 6.43431E-4 5.68562E-5 2.12335E-3 1.10633E-3 4.35397E-3 3.03132E-3 6.0955E-4 2.96193E-3
-9999 -9999 -9999 -9999 -9999 -9999 -9999 -9999 -9999 -9999 -9999 -9999 -9999 -9999 -9999 -9999 -9999 -9999 -9999 -9999 -9999 0E0 0E0 0E0 0E0 0E0 0E0 0E0 0E0 0E0 0E0 0E0 0E0 0E0 0E0 0E0 0E0 0E0 0E0 0E0 0E0 0E0 0E0 0E0 0E0 0E0 0E0 0E0 0E0 0E0 0E0 1.02025E-1 6.53247E-2 1.89693E-2 2.58747E-2 4.35494E-2 6.70252E-2 6.92003E-2 8.47785E-2 1.30256E-1 2.39041E-1 0E0 0E0 6.27065E-3 3.06892E-3 4.08317E-2 1.45417E-3 1.7468E-3 9.79333E-4 5.65157E-3 1.59344E-2 3.29895E-3 1.77658E-3 9.71426E-3 8.99765E-3 3.71212E-3 3.70815E-3 5.18866E-3
-9999 -9999 -9999 -9999 -9999 -9999 -9999 -9999 -9999 -9999 -9999 -9999 -9999 -9999 -9999 -9999 -9999 -9999 -9999 -9999 -9999 -9999 0E0 0E0 0E0 0E0 0E0 0E0 0E0 0E0 0E0 0E0 0E0 0E0 0E0 0E0 0E0 0E0 0E0 0E0 0E0 0E0 0E0 0E0 0E0 0E0 0E0 0E0 0E0 0E0 1.29102E-1 6.85498E-2 7.09384E-2 9.17215E-2 1.68957E-2 6.63031E-2 1.0766E-1 1.08616E-1 3.92765E-2 1.20661E-1 2.31853E-1 0E0 0E0 8.82393E-3 6.24495E-3 6.63036E-4 1.03682E-2 9.99382E-3 4.45309E-3 4.02744E-3 3.16657E-3 6.36641E-3 5.59558E-3 1.0164E-2 3.4258E-3 2.51609E-3 1.53505E-3 4.62252E-3
-9999 -9999 -9999 -9999 -9999 -9999 -9999 -9999 -9999 -9999 -9999 -9999 -9999 -9999 -9999 -9999 -9999 -9999 -9999 -9999 -9999 0E0 0E0 0E0 0E0 0E0 0E0 0E0 0E0 0E0 0E0 0E0 0E0 0E0 0E0 0E0 0E0 0E0 0E0 0E0 0E0 0E0 0E0 0E0 0E0 0E0 0E0 0E0 0E0 0E0 7.31976E-2 1.7108E-1 7.71144E-2 1.60929E-2 1.71136E-2 3.33877E-2 1.08889E-1 1.44521E-1 9.10907E-3 8.65659E-2 2.7822E-1 3.16713E-1 3.25987E-1 1.23802E-1 3.34326E-2 7.32681E-5 8.46999E-5 1.0203E-3 1.86892E-2 3.21367E-3 1.26363E-2 7.79128E-3 3.59471E-3 1.04032E-2 1.13036E-2 4.54819E-3 1.33967E-2 1.58382E-2
-9999 -9999 -9999 -9999 -9999 -9999 -9999 -9999 -9999 -9999 -9999 -9999 -9999 -9999 -9999 -9999 9.94569E-1 -9999 -9999 6.59382E-1 0E0 0E0 0E0 0E0 0E0 0E0 0E0 0E0 0E0 0E0 0E0 0E0 0E0 0E0 0E0 0E0 0E0 0E0 0E0 0E0 0E0 0E0 0E0 0E0 0E0 0E0 0E0 0E0 0E0 1.42737E-1 5.90881E-2 2.40251E-2 2.08413E-2 2.34139E-2 3.48904E-2 1.67354E-2 3.18101E-2 1.07312E-1 8.93711E-3 6.95948E-2 2.67658E-1 3.03794E-1 3.2392E-1 3.37455E-1 1.29623E-1 2.21235E-2 7.69722E-3 8.93714E-4 2.91362E-3 1.34784E-2 8.62821E-3 7.14906E-3 2.31733E-3 5.92095E-3 4.73844E-3 1.6085E-2 2.25362E-3 5.12555E-3
-9999 -9999 -9999 -9999 -9999 -9999 -9999 -9999 -9999 -9999 -9999 -9999 -9999 -9999 -9999 -9999 9.45486E-1 9.53797E-1 6.80838E-1 0E0 0E0 0E0 0E0 0E0 0E0 0E0 0E0 0E0 0E0 0E0 0E0 0E0 0E0 0E0 0E0 0E0 0E0 0E0 0E0 0E0 0E0 0E0 0E0 0E0 0E0 0E0 0E0 1.34506E-1 4.93124E-2 6.49119E-3 2.48006E-2 1.4776E-1 2.17311E-2 1.01486E-2 3.9708E-2 1.25028E-1 7.4139E-2 1.40382E-2 9.40998E-3 3.31493E-2 2.72893E-1 2.50716E-1 3.40418E-1 9.5283E-1 2.67343E-1 6.96506E-2 8.53073E-2 4.00202E-2 1.24708E-2 8.42277E-3 2.36536E-2 8.00169E-4 3.07707E-3 1.15002E-2 3.77717E-2 6.07097E-3 8.50927E-3 5.51202E-3
-9999 -9999 -9999 -9999 -9999 -9999 -9999 -9999 -9999 -9999 -9999 -9999 -9999 -9999 -9999 -9999 -9999 9.84392E-1 6.20005E-1 0E0 -9999 -9999 -9999 0E0 0E0 0E0 0E0 0E0 0E0 0E0 0E0 0E0 0E0 0E0 0E0 0E0 0E0 0E0 0E0 0E0 0E0 0E0 0E0 0E0 0E0 0E0 0E0 1.09509E-1 6.31001E-2 8.52104E-2 1.0985E-1 1.00353E-1 1.35485E-2 3.30563E-2 1.97241E-1 9.39825E-2 1.57627E-3 5.09435E-2 2.38149E-3 2.42426E-2 1.96104E-1 2.84131E-1 2.82568E-1 3.53487E-1 9.98599E-3 8.69694E-3 2.95561E-3 1.74771E-3 1.84124E-3 1.56627E-2 5.36927E-3 2.26057E-3 6.33584E-3 8.7473E-4 1.53589E-2 2.42936E-2 3.42536E-3 7.79828E-4
-9999 -9999 -9999 -9999 -9999 -9999 -9999 -9999 -9999 -9999 -9999 -9999 -9999 -9999 -9999 -9999 -9999 -9999 9.41156E-1 -9999 -9999 -9999 0E0 0E0 0E0 0E0 0E0 0E0 0E0 0E0 0E0 0E0 0E0 0E0 0E0 0E0 0E0 0E0 4.64447E-1 0E0 0E0 0E0 0E0 0E0 0E0 0E0 0E0 9.53704E-2 3.03978E-2 1.14458E-2 1.47471E-2 1.31659E-1 5.2577E-2 2.5573E-2 6.10551E-2 1.21122E-1 3.49391E-2 1.43316E-3 6.54129E-3 9.79884E-2 1.86197E-1 2.70249E-1 1.86525E-1 5.05286E-1 9.75125E-4 1.19205E-3 1.50669E-3 8.09637E-4 8.32356E-3 7.93864E-3 8.15252E-4 2.28914E-4 6.10254E-4 1.62785E-3 8.09121E-3 6.48185E-3 1.1008E-2 4.04016E-3
-9999 -9999 -9999 -9999 -9999 -9999 -9999 -9999 -9999 -9999 -9999 -9999 -9999 -9999 -9999 -9999 -9999 -9999 -9999 -9999 -9999 0E0 0E0 0E0 0E0 0E0 0E0 0E0 0E0 0E0 0E0 0E0 0E0 0E0 0E0 0E0 0E0 3.16463E-1 0E0 0E0 0E0 0E0 0E0 0E0 0E0 0E0 0E0 2.22241E-2 1.45219E-2 2.02644E-2 2.92587E-2 4.22587E-2 6.98267E-2 1.0527E-1 4.94666E-2 1.13802E-1 5.61932E-2 3.02141E-3 5.96221E-2 1.24239E-1 3.49734E-2 2.30607E-2 1.68331E-1 1.75055E-1 4.98534E-3 1.32626E-4 2.01452E-4 3.93652E-4 1.95434E-2 7.24862E-3 2.45159E-3 1.18289E-4 4.65493E-4 1.40303E-2 2.16121E-2 2.56591E-2 3.29481E-3 1.09238E-3
-9999 -9999 -9999 -9999 -9999 -9999 -9999 -9999 -9999 -9999 -9999 -9999 -9999 -9999 -9999 -9999 -9999 -9999 -9999 -9999 -9999 -9999 -9999 0E0 0E0 0E0 0E0 0E0 0E0 0E0 0E0 0E0 0E0 0E0 0E0 0E0 0E0 0E0 0E0 7.37152E-1 0E0 0E0 0E0 0E0 0E0 0E0 0E0 1.00991E-1 4.28512E-2 2.24036E-2 5.95041E-2 3.43517E-2 7.17471E-2 5.91127E-2 3.18228E-3 3.30198E-3 4.74772E-3 7.93972E-3 6.16353E-2 2.00601E-1 3.10863E-2 2.84427E-2 9.71904E-2 1.84147E-1 2.709E-2 7.52723E-4 1.10553E-3 6.24954E-4 1.43327E-3 6.85788E-3 9.29809E-4 3.43144E-4 2.14872E-3 1.54704E-2 2.84172E-2 2.67671E-2 1.96628E-3 5.68135E-3
-9999 -9999 -9999 -9999 -9999 -9999 -9999 -9999 -9999 -9999 -9999 -9999 -9999 -9999 -9999 -9999 -9999 -9999 -9999 -9999 -9999 -9999 0E0 0E0 0E0 0E0 0E0 0E0 0E0 0E0 0E0 0E0 0E0 0E0 0E0 0E0 0E0 0E0 0E0 0E0 0E0 0E0 0E0 0E0 0E0 0E0 0E0 1.9159E-1 1.25929E-1 5.68974E-2 3.11455E-2 3.43815E-2 6.17986E-2 1.01679E-1 1.50047E-2 2.6653E-3 1.82225E-3 4.93322E-3 4.80797E-2 1.9984E-2 1.99039E-2 2.90633E-2 1.4118E-1 1.79586E-1 3.73411E-2 2.82207E-3 7.85089E-4 9.30268E-4 5.94129E-4 2.11282E-3 8.39013E-5 4.40788E-4 2.65084E-3 7.51408E-3 1.14687E-2 7.22332E-3 1.9365E-3 2.89721E-3
-9999 -9999 -9999 -9999 -9999 -9999 -9999 -9999 -9999 -9999 -9999 -9999 -9999 -9999 -9999 -9999 -9999 -9999 -9999 -9999 -9999 0E0 0E0 0E0 0E0 0E0 0E0 0E0 0E0 0E0 0E0 0E0 0E0 0E0 0E0 0E0 0E0 0E0 0E0 0E0 0E0 0E0 0E0 0E0 0E0 0E0 2.86971E-1 1.96348E-1 1.72827E-1 0E0 3.48537E-1 2.80098E-1 2.35262E-1 1.17976E-1 1.1215E-3 5.06902E-4 2.01518E-3 1.84165E-2 8.48541E-3 1.41076E-3 1.216E-3 7.61E-3 2.61545E-2 7.95586E-2 4.73364E-2 2.57459E-2 8.20049E-3 1.90859E-3 2.17079E-4 4.19337E-4 1.13819E-4 8.50538E-4 8.17835E-3 5.55135E-3 7.91397E-3 4.28775E-3 2.94011E-3 9.82336E-3
-9999 -9999 -9999 -9999 -9999 -9999 -9999 -9999 -9999 -9999 -9999 -9999 -9999 -9999 -9999 -9999 6.9911E-1 3.11346E-1 4.15204E-1 4.71534E-1 0E0 0E0 0E0 0E0 0E0 0E0 0E0 0E0 0E0 0E0 0E0 0E0 0E0 0E0 0E0 0E0 0E0 0E0 0E0 0E0 0E0 0E0 0E0 2.26534E-1 2.26662E-1 0E0 0E0 0E0 0E0 0E0 0E0 0E0 4.00609E-1 2.8242E-1 1.97014E-1 3.59423E-2 1.90825E-1 7.69929E-2 1.3474E-1 1.92455E-2 2.46466E-3 2.92115E-3 1.53493E-2 1.36656E-2 8.4324E-3 1.21888E-2 1.66783E-3 1.49811E-4 1.62703E-4 6.63004E-4 7.01176E-4 2.70319E-3 2.25059E-2 3.52611E-3 3.42858E-3 4.21679E-3 1.66937E-3 4.96237E-3
-9999 -9999 -9999 -9999 -9999 -9999 -9999 -9999 -9999 -9999 -9999 -9999 -9999 -9999 -9999 -9999 6.77048E-1 7.7511E-1 4.21815E-1 0E0 0E0 0E0 0E0 0E0 0E0 0E0 0E0 0E0 0E0 0E0 0E0 0E0 0E0 0E0 0E0 0E0 0E0 0E0 0E0 0E0 0E0 0E0 0E0 1.40526E-1 2.15323E-1 4.50769E-2 0E0 0E0 0E0 0E0 0E0 5.38247E-1 3.21921E-1 4.29129E-1 3.12438E-1 1.43799E-1 1.3736E-1 7.13651E-2 1.95516E-1 1.64969E-2 7.59897E-4 5.80441E-4 2.97603E-3 1.97454E-2 1.23386E-2 1.77679E-2 9.26245E-3 1.03806E-2 1.24512E-3 2.79093E-4 2.78511E-3 1.96256E-3 6.10737E-3 1.43257E-2 2.86406E-2 2.67552E-3 1.0275E-2 2.30635E-3
-9999 -9999 -9999 -9999 -9999 -9999 -9999 -9999 -9999 -9999 -9999 -9999 -9999 -9999 -9999 -9999 2.86683E-1 4.07467E-1 3.70725E-1 0E0 0E0 0E0 0E0 0E0 0E0 0E0 0E0 0E0 0E0 0E0 0E0 0E0 0E0 0E0 0E0 4.28136E-1 0E0 0E0 0E0 0E0 0E0 0E0 0E0 1.41258E-1 6.26664E-2 4.14872E-2 9.70234E-2 5.86215E-1 3.63412E-1 4.40725E-1 0E0 0E0 2.84385E-1 2.54128E-1 1.97765E-1 2.27474E-1 2.43584E-1 1.43892E-1 9.54129E-2 3.03277E-3 5.65366E-4 1.81427E-3 8.75178E-3 8.6319E-3 3.30444E-2 2.18042E-3 2.68855E-3 2.2053E-3 1.16581E-3 1.03365E-3 1.74149E-2 1.34598E-2 1.67253E-2 8.72438E-4 1.74411E-2 2.0296E-2 8.01415E-4 1.14458E-3
-9999 -9999 -9999 -9999 -9999 -9999 -9999 -9999 -9999 -9999 -9999 -9999 -9999 -9999 -9999 -9999 2.89849E-1 2.77806E-1 3.2314E-1 -9999 -9999 -9999 0E0 0E0 0E0 0E0 0E0 0E0 0E0 0E0 0E0 0E0 0E0 9.50851E-2 1.72174E-1 0E0 0E0 0E0 0E0 0E0 0E0 0E0 2.16369E-1 4.20028E-1 9.70659E-2 1.85904E-2 1.44231E-1 1.9258E-1 2.72189E-1 3.40863E-1 0E0 0E0 3.51762E-1 2.09346E-1 2.17469E-1 1.24951E-1 9.48203E-2 1.29892E-1 1.1932E-1 5.41933E-3 7.63921E-4 5.96407E-4 9.77415E-3 2.31051E-2 3.34055E-2 5.64975E-3 2.28269E-3 2.01534E-3 2.03885E-3 4.44599E-4 1.22533E-3 5.22117E-3 1.85856E-2 1.22353E-3 1.12694E-2 3.68084E-2 3.78011E-4 5.02698E-4
-9999 -9999 -9999 -9999 -9999 -9999 -9999 -9999 -9999 -9999 -9999 -9999 -9999 -9999 -9999 -9999 5.65852E-1 5.26297E-1 -9999 0E0 0E0 0E0 0E0 0E0 0E0 0E0 0E0 0E0 0E0 0E0 0E0 0E0 0E0 0E0 4.01382E-1 0E0 0E0 0E0 0E0 0E0 0E0 0E0 0E0 1.61955E-1 1.19267E-1 1.04934E-1 1.32679E-1 0E0 0E0 0E0 3.50378E-1 2.57311E-1 3.52364E-1 2.92251E-1 1.77873E-1 1.93059E-1 1.59442E-1 4.61989E-2 4.15257E-2 9.58514E-4 1.01042E-3 2.7537E-3 7.04066E-3 2.17604E-2 1.257E-2 1.22325E-3 2.26656E-4 2.30035E-3 9.85767E-4 1.376E-3 6.19089E-4 3.56484E-3 1.98245E-2 3.39304E-3 1.31756E-2 4.80595E-2 3.75465E-4 1.64952E-3
-9999 -9999 -9999 -9999 -9999 -9999 -9999 -9999 -9999 -9999 -9999 -9999 -9999 9.32661E-1 9.18955E-1 8.65695E-1 -9999 -9999 -9999 0E0 0E0 0E0 0E0 0E0 0E0 0E0 0E0 0E0 0E0 0E0 0E0 0E0 0E0 0E0 0E0 6.55309E-1 0E0 0E0 0E0 0E0 0E0 0E0 0E0 0E0 5.6026E-1 3.26104E-1 2.41024E-1 2.67341E-1 1.03951E-1 2.17121E-1 2.86251E-1 2.27322E-1 2.20394E-1 2.04736E-1 1.8164E-1 2.30927E-1 1.85888E-1 8.76697E-2 3.87652E-3 1.17129E-4 6.13975E-4 5.35518E-5 3.85506E-5 4.57541E-3 9.33839E-3 3.98902E-4 5.56395E-5 1.36321E-3 2.00761E-4 6.46146E-4 5.90623E-4 1.38603E-3 2.8652E-2 3.84523E-3 6.5534E-2 2.67255E-2 6.51229E-3 4.52415E-4
-9999 -9999 -9999 -9999 -9999 -9999 -9999 -9999 -9999 -9999 -9999 -9999 -9999 -9999 8.95074E-1 6.96303E-1 0E0 0E0 0E0 0E0 0E0 0E0 0E0 0E0 0E0 0E0 0E0 0E0 0E0 0E0 0E0 0E0 0E0 0E0 0E0 0E0 0E0 0E0 0E0 0E0 0E0 0E0 0E0 0E0 0E0 0E0 0E0 3.09704E-1 4.15662E-1 2.90269E-1 1.32507E-1 2.35622E-1 2.37838E-1 2.30485E-1 1.99814E-1 1.31959E-1 1.44749E-1 1.6072E-1 8.24879E-4 8.7984E-4 2.02304E-3 6.36386E-4 2.23137E-4 4.38129E-4 3.10222E-3 1.23272E-3 2.77242E-4 5.73328E-4 1.09472E-3 1.7275E-4 4.32342E-4 7.27162E-4 4.63876E-3 1.59038E-2 4.62134E-2 3.07927E-2 1.47214E-3 1.96405E-3
-9999 -9999 -9999 -9999 -9999 -9999 -9999 -9999 -9999 -9999 -9999 -9999 -9999 9.80652E-1 -9999 0E0 0E0 0E0 0E0 0E0 0E0 0E0 0E0 0E0 0E0 0E0 0E0 0E0 0E0 0E0 0E0 0E0 0E0 5.35731E-1 0E0 0E0 0E0 0E0 0E0 0E0 0E0 0E0 0E0 4.50722E-1 3.1779E-1 3.56678E-1 0E0 4.15269E-1 1.8834E-1 1.0385E-1 1.058E-1 2.26651E-1 6.67583E-2 8.20904E-2 2.4416E-1 1.67572E-1 1.31558E-1 4.43893E-2 3.17179E-2 2.40204E-3 1.19977E-2 1.93909E-3 1.17242E-3 2.566E-3 7.60622E-3 1.05286E-3 5.11135E-3 6.69017E-4 1.66968E-3 8.83377E-3 8.666E-3 1.44983E-3 6.58972E-4 4.80774E-3 4.36828E-3 2.69158E-3 1.27627E-3 2.96978E-3
-9999 -9999 -9999 -9999 -9999 -9999 -9999 -9999 -9999 -9999 -9999 -9999 -9999 3.06141E-1 0E0 0E0 0E0 0E0 0E0 0E0 0E0 0E0 0E0 0E0 0E0 0E0 0E0 0E0 0E0 0E0 0E0 0E0 0E0 0E0 0E0 0E0 0E0 0E0 0E0 0E0 0E0 2.68651E-1 0E0 0E0 0E0 5.28976E-1 0E0 0E0 2.22369E-1 2.38892E-1 1.72693E-1 1.25015E-2 1.35391E-2 1.27601E-2 1.50195E-2 6.32095E-3 7.04885E-3 6.69381E-2 4.70796E-2 3.24635E-2 2.10824E-2 5.52655E-3 2.41833E-3 3.00173E-3 1.98072E-1 9.00912E-2 2.84676E-3 6.46174E-4 5.88597E-4 6.325E-3 7.88841E-3 6.54482E-4 5.88446E-3 2.85838E-3 8.52865E-3 8.80334E-3 7.1721E-3 9.73755E-4
-9999 -9999 -9999 -9999 -9999 -9999 -9999 -9999 -9999 -9999 -9999 -9999 -9999 0E0 0E0 0E0 0E0 0E0 0E0 0E0 0E0 0E0 0E0 0E0 0E0 0E0 0E0 0E0 0E0 0E0 0E0 0E0 0E0 0E0 0E0 0E0 0E0 0E0 0E0 0E0 0E0 0E0 5.5617E-2 3.6239E-2 0E0 0E0 0E0 0E0 0E0 0E0 1.7817E-3 9.42924E-4 1.3588E-3 2.18841E-3 3.36609E-4 3.87804E-4 6.65046E-4 6.09004E-2 2.24921E-2 1.24035E-1 4.19499E-2 6.78283E-3 6.7829E-3 7.63763E-3 1.75641E-2 2.37329E-2 9.9931E-3 7.15483E-4 3.5626E-4 1.42509E-3 5.10408E-2 5.36119E-3 2.33827E-2 1.66886E-2 2.0502E-3 1.17555E-3 4.5464E-3 1.57597E-2
-9999 -9999 -9999 -9999 -9999 -9999 -9999 -9999 -9999 -9999 -9999 8.73884E-1 -9999 0E0 0E0 0E0 0E0 0E0 0E0 0E0 0E0 0E0 0E0 0E0 0E0 0E0 0E0 0E0 0E0 0E0 0E0 0E0 0E0 0E0 0E0 0E0 0E0 0E0 0E0 0E0 0E0 2.95004E-1 2.00482E-1 0E0 0E0 0E0 0E0 9.36052E-2 2.95535E-1 2.48282E-1 4.69567E-3 1.0115E-2 1.26575E-2 1.13111E-3 1.77925E-3 1.52458E-4 3.30116E-4 4.22054E-2 7.71147E-2 3.26533E-1 8.96587E-2 1.9847E-2 1.39341E-2 1.50035E-2 1.50423E-2 1.51874E-2 2.97458E-3 3.84934E-4 8.05264E-4 2.28537E-3 1.03498E-1 5.44264E-3 2.48182E-2 3.87299E-3 3.64415E-3 2.16696E-3 6.72163E-3 5.19764E-3
-9999 -9999 -9999 -9999 -9999 -9999 -9999 -9999 -9999 -9999 4.45117E-2 1.0223E-1 5.08885E-1 0E0 0E0 0E0 0E0 0E0 0E0 0E0 0E0 0E0 0E0 0E0 0E0 0E0 0E0 0E0 0E0 0E0 0E0 0E0 0E0 0E0 0E0 0E0 0E0 0E0 0E0 2.91445E-1 0E0 0E0 2.27273E-1 1.85336E-1 1.99184E-1 1.786E-1 1.4171E-1 1.2564E-1 9.62275E-2 1.60839E-1 3.46771E-2 1.28377E-2 4.01486E-2 8.29616E-3 5.5476E-3 5.84757E-4 2.08934E-3 2.33496E-3 2.44053E-2 8.64532E-2 1.75051E-1 3.50977E-2 4.36567E-2 4.47539E-2 2.66928E-2 1.21656E-2 1.07188E-3 1.38416E-3 1.24733E-3 8.59834E-3 8.93152E-2 1.01637E-2 3.01063E-2 4.85715E-3 3.07336E-3 3.57884E-3 2.38007E-3 2.42147E-3
-9999 -9999 -9999 -9999 -9999 -9999 -9999 -9999 -9999 7.0139E-1 2.00009E-1 2.14655E-1 0E0 0E0 0E0 0E0 0E0 0E0 0E0 0E0 0E0 0E0 0E0 0E0 0E0 0E0 0E0 0E0 0E0 0E0 0E0 0E0 0E0 0E0 0E0 0E0 0E0 0E0 0E0 0E0 0E0 3.07191E-1 1.83017E-1 6.41523E-2 3.47444E-2 2.35067E-2 8.50873E-2 4.40701E-1 9.04409E-2 1.53653E-1 3.36723E-1 1.79306E-2 1.95071E-2 6.54718E-3 1.44464E-2 3.75698E-3 4.86457E-4 3.10849E-4 3.50981E-5 8.26686E-5 4.33737E-4 9.29045E-3 2.34921E-3 1.8892E-3 2.1576E-3 2.79802E-3 2.55543E-3 2.68592E-4 3.91717E-3 3.38745E-3 2.17729E-2 8.01339E-4 2.74417E-4 2.60999E-2 3.10081E-3 2.99223E-3 3.77975E-3 3.91182E-3
-9999 -9999 -9999 -9999 -9999 -9999 -9999 -9999 -9999 0E0 0E0 0E0 0E0 0E0 0E0 0E0 0E0 0E0 0E0 0E0 0E0 0E0 0E0 0E0 0E0 0E0 0E0 0E0 0E0 0E0 0E0 0E0 0E0 0E0 0E0 0E0 0E0 0E0 0E0 0E0 0E0 1.96542E-1 1.11513E-1 1.98628E-1 7.79841E-2 3.33594E-2 2.85117E-2 1.87734E-1 2.68317E-1 1.69747E-1 4.17181E-1 1.02806E-1 1.45641E-2 1.15238E-2 5.11673E-3 1.86587E-3 5.98259E-3 1.81282E-3 4.32973E-3 2.66619E-2 1.14737E-3 9.62227E-4 2.88425E-3 3.39313E-3 2.40718E-4 4.17779E-4 8.61077E-4 3.81511E-4 5.83861E-4 2.20345E-3 3.24327E-2 7.10346E-3 2.76754E-2 1.77079E-2 1.305E-3 1.79087E-3 3.94369E-3 3.72548E-3
