ENM/Final_Models/M_0.8_F_q_Set_1_NE/Gustavia_santanderiensis_2_Choco.asc
ncols         367
nrows         963
xllcorner     -78.6
yllcorner     0.65
cellsize      0.00833333333333323
NODATA_value  -9999
[rows 476 to 509 of 963, columns 234 to 311 of 367]
0E0 0E0 0E0 0E0 0E0 0E0 0E0 0E0 0E0 0E0 0E0 0E0 0E0 0E0 0E0 0E0 0E0 0E0 0E0 0E0 0E0 0E0 0E0 0E0 5.47541E-1 2.2445E-2 4.95263E-4 8.74451E-3 4.80386E-2 1.17558E-1 3.51365E-2 4.65778E-1 4.06089E-1 1.62168E-1 1.96104E-1 2.23101E-1 2.71548E-1 9.55345E-2 1.62856E-1 7.16589E-2 2.67051E-2 9.81529E-3 1.39002E-3 6.55429E-3 3.76025E-3 1.84427E-3 4.55127E-4 6.30426E-4 1.18211E-3 4.51937E-3 2.09706E-2 3.17654E-3 4.22151E-3 6.93615E-3 3.00303E-3 -9999 -9999 -9999 -9999 -9999 -9999 -9999 -9999 -9999 -9999 -9999 -9999 -9999 -9999 -9999 -9999 -9999 -9999 -9999 -9999 -9999 -9999 -9999
0E0 0E0 0E0 0E0 0E0 0E0 0E0 0E0 0E0 0E0 0E0 0E0 0E0 0E0 0E0 0E0 0E0 0E0 0E0 0E0 0E0 3.81231E-2 2.56066E-2 9.59528E-4 1.45755E-2 8.98776E-4 5.50794E-2 3.33227E-2 2.18463E-1 1.4037E-1 2.61671E-1 1.6925E-1 1.39981E-1 1.27905E-1 3.04932E-1 2.69574E-1 1.44709E-1 2.31358E-1 9.99418E-2 9.56492E-2 2.27006E-2 6.74867E-3 1.58273E-3 3.03204E-3 1.2086E-2 3.76559E-3 1.72483E-3 1.19435E-3 3.54417E-3 2.08621E-2 9.32512E-3 9.34209E-3 1.10058E-2 1.35062E-3 2.40708E-3 -9999 -9999 -9999 -9999 -9999 -9999 -9999 -9999 -9999 -9999 -9999 -9999 -9999 -9999 -9999 -9999 -9999 -9999 -9999 -9999 -9999 -9999 -9999
0E0 0E0 0E0 0E0 0E0 0E0 0E0 0E0 0E0 0E0 0E0 0E0 0E0 0E0 0E0 0E0 0E0 0E0 4.6117E-3 2.19068E-3 3.62336E-2 1.14147E-1 1.10915E-1 9.68707E-2 2.71493E-1 5.56477E-1 2.00662E-2 8.60797E-2 2.38322E-1 3.49105E-1 0E0 4.54989E-1 1.04707E-1 2.1131E-1 3.02564E-1 3.05217E-1 1.54129E-1 1.43147E-1 9.39602E-2 6.46877E-2 1.46824E-2 6.93964E-3 3.16819E-4 1.21897E-3 3.00071E-3 2.4853E-4 5.3167E-3 1.04513E-3 9.16642E-4 5.88174E-3 1.47179E-2 9.75343E-3 6.73053E-3 3.61514E-2 3.7197E-2 -9999 -9999 -9999 -9999 -9999 -9999 -9999 -9999 -9999 -9999 -9999 -9999 -9999 -9999 -9999 -9999 -9999 -9999 -9999 -9999 -9999 -9999 -9999
0E0 0E0 0E0 0E0 0E0 0E0 0E0 0E0 0E0 0E0 0E0 0E0 0E0 0E0 0E0 0E0 0E0 2.06174E-1 1.89261E-3 2.62454E-3 2.63878E-3 2.40257E-3 4.2616E-2 2.19345E-1 5.04957E-1 4.88716E-1 3.12065E-1 1.14216E-1 0E0 0E0 0E0 0E0 0E0 5.2253E-1 7.28888E-1 6.15303E-1 6.14951E-1 2.21387E-1 1.23088E-1 3.06081E-2 1.62299E-2 9.29798E-4 6.73273E-4 1.12204E-3 1.21363E-3 3.96248E-3 3.70873E-3 1.67803E-2 7.19418E-3 7.75183E-3 5.01616E-3 2.43267E-2 9.9793E-3 4.19122E-3 -9999 -9999 -9999 -9999 -9999 -9999 -9999 -9999 -9999 -9999 -9999 -9999 -9999 -9999 -9999 -9999 -9999 -9999 -9999 -9999 -9999 -9999 -9999 -9999
0E0 0E0 0E0 0E0 0E0 0E0 0E0 0E0 0E0 0E0 0E0 0E0 2.6222E-1 3.82873E-1 3.20919E-1 3.00731E-1 1.49417E-1 2.04812E-1 9.2785E-2 1.21665E-1 1.35703E-2 4.86153E-2 3.13735E-2 1.3665E-1 3.3711E-1 3.85185E-2 8.20006E-1 5.69831E-1 0E0 0E0 1.15623E-1 9.30967E-2 1.96436E-1 3.5315E-1 0E0 1.58376E-1 2.27924E-1 2.81932E-1 4.12792E-2 3.39655E-3 1.26473E-2 3.2312E-3 2.61182E-4 2.93227E-3 2.95105E-3 6.37814E-3 1.04004E-3 2.94016E-3 5.00945E-3 1.01237E-2 2.18087E-3 5.52295E-3 5.33503E-3 4.8199E-3 -9999 -9999 -9999 -9999 -9999 -9999 -9999 -9999 -9999 -9999 -9999 -9999 -9999 -9999 -9999 -9999 -9999 -9999 -9999 -9999 -9999 -9999 -9999 -9999
0E0 0E0 0E0 0E0 0E0 0E0 0E0 0E0 0E0 0E0 0E0 0E0 5.87092E-1 4.65008E-2 3.33971E-2 9.54425E-2 1.60744E-1 5.16005E-1 8.40513E-1 2.40578E-2 1.42644E-1 2.4309E-1 1.64408E-1 5.43117E-2 2.27672E-1 1.60886E-1 2.81105E-1 4.3441E-1 0E0 0E0 1.91433E-1 1.0857E-1 2.38086E-1 0E0 0E0 2.72277E-1 1.47037E-1 9.80617E-2 8.41269E-3 2.07352E-2 1.05496E-2 4.31491E-3 5.40897E-3 2.46455E-3 2.88077E-3 1.70629E-3 3.31428E-3 1.28779E-2 1.17582E-2 3.69035E-3 1.20822E-2 5.32484E-3 1.95614E-2 3.96696E-2 -9999 -9999 -9999 -9999 -9999 -9999 -9999 -9999 -9999 -9999 -9999 -9999 -9999 -9999 -9999 -9999 -9999 -9999 -9999 -9999 -9999 -9999 -9999 -9999
0E0 0E0 0E0 0E0 0E0 0E0 0E0 0E0 0E0 0E0 7.71814E-1 6.66951E-1 5.75954E-1 6.74994E-1 1.22524E-1 1.23298E-1 1.67238E-1 9.51857E-1 5.34429E-1 6.27799E-1 7.41854E-1 0E0 2.81046E-1 5.46902E-1 6.49495E-1 5.29775E-1 3.83803E-1 3.08291E-1 0E0 0E0 5.61432E-1 1.71045E-1 0E0 0E0 0E0 4.283E-1 2.55636E-1 2.03245E-1 1.57941E-2 8.26501E-3 1.71712E-2 3.49897E-3 2.13756E-3 8.03737E-4 2.96082E-3 3.88384E-3 1.09679E-2 7.88175E-4 1.24762E-3 9.49528E-3 1.33988E-2 6.93681E-3 4.75537E-2 3.75359E-2 -9999 -9999 -9999 -9999 -9999 -9999 -9999 -9999 -9999 -9999 -9999 -9999 -9999 -9999 -9999 -9999 -9999 -9999 -9999 -9999 -9999 -9999 -9999 -9999
0E0 0E0 0E0 0E0 0E0 0E0 0E0 0E0 0E0 0E0 0E0 0E0 0E0 0E0 0E0 0E0 0E0 0E0 0E0 0E0 0E0 4.30955E-1 0E0 0E0 0E0 2.8515E-1 2.88738E-1 1.53538E-1 0E0 0E0 7.91159E-1 9.14022E-2 4.56068E-2 4.92161E-2 4.90101E-2 5.57973E-2 2.42081E-1 1.66102E-1 1.01181E-1 1.62803E-2 3.12875E-2 1.51578E-3 1.15474E-2 5.20407E-3 2.26869E-3 2.13075E-3 7.36674E-3 9.3219E-3 1.28421E-2 4.88313E-4 1.87697E-2 4.7511E-3 3.37414E-2 3.80235E-2 -9999 -9999 -9999 -9999 -9999 -9999 -9999 -9999 -9999 -9999 -9999 -9999 -9999 -9999 -9999 -9999 -9999 -9999 -9999 -9999 -9999 -9999 -9999 -9999
0E0 0E0 0E0 0E0 0E0 0E0 0E0 0E0 0E0 0E0 0E0 0E0 0E0 0E0 0E0 0E0 0E0 0E0 0E0 0E0 0E0 3.47974E-1 0E0 0E0 0E0 0E0 8.91282E-1 0E0 0E0 1.73619E-1 1.42008E-1 0E0 1.94165E-1 2.43118E-1 3.13299E-1 5.37047E-1 6.73407E-1 1.10695E-1 3.23323E-2 6.23576E-2 2.86501E-4 1.16328E-2 7.93706E-3 7.93476E-3 7.3827E-3 1.68526E-2 1.49562E-2 8.23574E-3 1.6675E-2 5.87505E-3 1.69726E-2 1.48766E-2 8.01241E-2 1.95759E-2 -9999 -9999 -9999 -9999 -9999 -9999 -9999 -9999 -9999 -9999 -9999 -9999 -9999 -9999 -9999 -9999 -9999 -9999 -9999 -9999 -9999 -9999 -9999 -9999
0E0 0E0 0E0 0E0 0E0 0E0 0E0 0E0 0E0 0E0 0E0 0E0 0E0 0E0 0E0 0E0 0E0 0E0 0E0 0E0 0E0 4.63951E-1 2.86745E-1 0E0 0E0 0E0 2.71891E-1 6.61749E-1 6.00654E-1 2.15199E-1 0E0 0E0 0E0 0E0 4.72356E-1 5.33554E-1 3.17067E-1 7.01452E-2 3.4273E-2 1.49273E-3 1.39304E-3 8.81578E-3 3.31307E-2 4.0219E-3 1.07152E-2 1.79588E-3 3.53065E-3 3.00658E-2 4.20074E-3 1.70539E-2 3.08551E-2 1.02678E-2 2.18711E-2 4.11505E-2 -9999 -9999 -9999 -9999 -9999 -9999 -9999 -9999 -9999 -9999 -9999 -9999 -9999 -9999 -9999 -9999 -9999 -9999 -9999 -9999 -9999 -9999 -9999 -9999
0E0 0E0 0E0 0E0 0E0 0E0 0E0 0E0 0E0 0E0 0E0 0E0 0E0 0E0 0E0 0E0 0E0 0E0 0E0 0E0 0E0 0E0 0E0 4.1646E-1 3.96731E-1 0E0 0E0 3.96991E-1 1.19806E-1 1.85696E-1 2.70668E-1 3.57749E-1 0E0 4.97106E-1 2.90623E-1 1.22726E-1 1.43769E-1 8.79497E-2 3.61857E-2 1.58633E-2 7.12978E-3 4.72122E-3 1.47182E-3 3.47667E-3 2.69804E-3 5.85428E-3 1.96543E-2 6.26455E-3 3.44629E-2 2.74527E-2 3.68567E-3 7.77171E-3 2.34302E-2 3.39437E-2 -9999 -9999 -9999 -9999 -9999 -9999 -9999 -9999 -9999 -9999 -9999 -9999 -9999 -9999 -9999 -9999 -9999 -9999 -9999 -9999 -9999 -9999 -9999 -9999
0E0 0E0 0E0 0E0 0E0 0E0 0E0 0E0 0E0 0E0 0E0 0E0 0E0 0E0 0E0 0E0 0E0 0E0 0E0 1.02106E-1 1.20571E-1 0E0 3.22281E-1 2.51887E-1 7.7302E-2 1.01518E-1 1.63054E-1 2.24506E-1 6.93907E-1 1.12333E-1 1.45406E-1 1.22532E-1 4.23625E-1 4.04248E-1 9.2836E-2 9.0033E-2 3.30684E-2 3.21658E-2 8.79972E-2 5.44811E-3 3.62563E-3 3.07664E-2 5.11483E-2 1.94503E-2 6.6833E-3 5.07992E-3 4.86963E-3 1.14578E-2 2.60832E-2 3.86974E-2 7.00386E-2 7.01618E-2 7.16891E-3 7.32468E-3 -9999 -9999 -9999 -9999 -9999 -9999 -9999 -9999 -9999 -9999 -9999 -9999 -9999 -9999 -9999 -9999 -9999 -9999 -9999 -9999 -9999 -9999 -9999 -9999
0E0 0E0 0E0 0E0 0E0 0E0 0E0 0E0 0E0 0E0 0E0 0E0 0E0 0E0 0E0 0E0 0E0 0E0 0E0 9.53138E-2 4.91818E-2 4.43901E-2 7.97001E-2 3.98754E-2 2.74411E-2 2.58864E-2 1.50828E-1 2.39735E-1 0E0 4.09836E-1 2.16612E-1 1.02005E-1 0E0 3.08211E-1 1.86785E-1 1.60297E-1 6.68317E-2 2.15295E-2 1.14059E-3 1.8991E-3 4.96879E-3 3.69138E-2 9.05699E-2 6.21995E-2 3.18881E-3 1.06532E-2 4.60525E-2 5.94541E-2 5.68134E-2 3.93911E-2 5.95681E-2 1.97046E-2 2.81821E-2 -9999 -9999 -9999 -9999 -9999 -9999 -9999 -9999 -9999 -9999 -9999 -9999 -9999 -9999 -9999 -9999 -9999 -9999 -9999 -9999 -9999 -9999 -9999 -9999 -9999
0E0 0E0 0E0 0E0 0E0 0E0 0E0 0E0 0E0 0E0 0E0 0E0 0E0 0E0 0E0 0E0 0E0 0E0 0E0 0E0 0E0 6.90467E-2 2.46654E-2 7.44838E-3 5.17935E-3 3.38926E-2 2.71375E-1 0E0 0E0 8.07252E-1 7.38561E-1 4.21186E-1 7.88668E-1 2.20418E-1 1.0534E-1 2.86716E-2 1.46241E-2 3.73631E-3 2.1552E-3 4.25099E-3 8.92425E-3 2.53697E-2 1.72405E-2 1.46144E-2 9.58143E-3 1.16234E-2 1.03369E-1 3.61321E-2 2.5063E-2 1.65291E-2 3.33329E-2 2.54531E-3 1.51715E-2 -9999 -9999 -9999 -9999 -9999 -9999 -9999 -9999 -9999 -9999 -9999 -9999 -9999 -9999 -9999 -9999 -9999 -9999 -9999 -9999 -9999 -9999 -9999 -9999 -9999
0E0 0E0 0E0 0E0 0E0 0E0 0E0 0E0 0E0 0E0 0E0 0E0 0E0 0E0 0E0 0E0 0E0 0E0 0E0 0E0 0E0 0E0 9.07782E-2 1.00376E-2 1.19992E-2 4.92473E-2 2.60202E-1 0E0 0E0 7.51519E-1 6.84676E-1 2.81844E-1 1.39272E-1 1.89355E-1 3.23528E-2 9.17894E-2 3.73146E-3 1.07091E-3 2.36913E-3 8.16108E-3 1.05454E-2 1.6337E-2 1.76551E-2 4.6017E-2 9.49963E-3 4.95656E-2 2.34853E-2 1.15996E-2 1.55559E-2 3.69594E-2 2.26798E-2 8.71866E-3 3.56231E-3 -9999 -9999 -9999 -9999 -9999 -9999 -9999 -9999 -9999 -9999 -9999 -9999 -9999 -9999 -9999 -9999 -9999 -9999 -9999 -9999 -9999 -9999 -9999 -9999 -9999
0E0 0E0 0E0 0E0 0E0 3.5969E-1 0E0 0E0 0E0 0E0 0E0 0E0 0E0 0E0 0E0 0E0 0E0 0E0 0E0 0E0 0E0 0E0 0E0 1.3496E-1 2.02129E-1 1.82043E-1 4.67585E-1 0E0 4.77835E-1 2.08483E-1 1.62318E-1 8.98311E-2 4.10914E-2 4.7689E-2 3.75188E-2 1.96969E-3 2.75147E-3 4.15308E-3 6.706E-3 2.16214E-2 4.92003E-3 6.22926E-2 5.13459E-2 3.68958E-2 1.09643E-1 1.49338E-1 1.3934E-2 1.53544E-2 1.27069E-3 1.22646E-2 9.45624E-4 2.36006E-3 3.65878E-3 -9999 -9999 -9999 -9999 -9999 -9999 -9999 -9999 -9999 -9999 -9999 -9999 -9999 -9999 -9999 -9999 -9999 -9999 -9999 -9999 -9999 -9999 -9999 -9999 -9999
0E0 0E0 0E0 0E0 0E0 0E0 0E0 0E0 0E0 0E0 0E0 0E0 0E0 0E0 0E0 0E0 0E0 2.94147E-1 8.83524E-2 1.00355E-2 5.37008E-3 1.34536E-2 4.18323E-2 1.11535E-2 4.71748E-2 1.31933E-1 8.75027E-2 2.0151E-1 2.57116E-1 1.37934E-1 1.0386E-1 3.39035E-2 9.74894E-3 1.31858E-2 3.98558E-2 6.65516E-4 1.03884E-2 5.71429E-3 2.90654E-2 1.05848E-2 2.76858E-2 4.50655E-2 2.83783E-2 2.04618E-2 8.72988E-3 5.75851E-3 1.62447E-3 9.56997E-3 1.3544E-2 1.48385E-2 5.3992E-3 3.57364E-3 -9999 -9999 -9999 -9999 -9999 -9999 -9999 -9999 -9999 -9999 -9999 -9999 -9999 -9999 -9999 -9999 -9999 -9999 -9999 -9999 -9999 -9999 -9999 -9999 -9999 -9999
0E0 0E0 0E0 0E0 0E0 0E0 0E0 0E0 0E0 0E0 0E0 0E0 0E0 0E0 0E0 0E0 0E0 0E0 1.21639E-1 1.06459E-2 9.73964E-3 1.15714E-3 3.95493E-3 4.11093E-3 7.28815E-3 2.34586E-2 4.19033E-2 1.80438E-1 1.48515E-1 8.96761E-2 2.04919E-2 3.27377E-2 3.77215E-2 4.21586E-2 1.32325E-3 8.30645E-4 1.2874E-2 2.00251E-2 3.93696E-2 3.08157E-3 3.31628E-2 8.40417E-2 1.44983E-2 1.41763E-3 9.25979E-3 2.00001E-3 6.09787E-3 9.38811E-3 3.35674E-3 3.39081E-3 1.05225E-3 1.1201E-3 -9999 -9999 -9999 -9999 -9999 -9999 -9999 -9999 -9999 -9999 -9999 -9999 -9999 -9999 -9999 -9999 -9999 -9999 -9999 -9999 -9999 -9999 -9999 -9999 -9999 -9999
0E0 0E0 0E0 0E0 0E0 0E0 0E0 0E0 0E0 0E0 0E0 0E0 0E0 0E0 2.40246E-1 0E0 0E0 0E0 1.51688E-1 6.01458E-2 2.16419E-2 1.36934E-3 4.05543E-3 7.05789E-3 1.0161E-2 1.62094E-2 8.66318E-3 1.32386E-1 7.52337E-2 2.91283E-2 5.56133E-2 2.86349E-2 3.62506E-3 1.18096E-2 2.33749E-3 3.62001E-3 3.44486E-3 6.08737E-2 1.41563E-2 1.16152E-3 1.41154E-2 2.24442E-1 1.03661E-2 1.76443E-3 2.69964E-3 8.63369E-3 1.00716E-2 4.4918E-3 6.1348E-3 3.64606E-3 3.73438E-3 5.03597E-4 -9999 -9999 -9999 -9999 -9999 -9999 -9999 -9999 -9999 -9999 -9999 -9999 -9999 -9999 -9999 -9999 -9999 -9999 -9999 -9999 -9999 -9999 -9999 -9999 -9999 -9999
0E0 0E0 0E0 0E0 0E0 0E0 0E0 0E0 0E0 0E0 0E0 0E0 0E0 6.50159E-2 8.73181E-2 0E0 0E0 1.63584E-1 1.35306E-1 2.99379E-2 2.18065E-2 5.30019E-3 8.1234E-3 6.41253E-3 9.2805E-3 2.32258E-2 1.81086E-2 9.01865E-2 1.02125E-2 7.71927E-3 6.05934E-3 5.35288E-4 2.84462E-3 2.93891E-2 1.36222E-2 3.12666E-2 1.62919E-2 5.3788E-3 2.3412E-2 5.76354E-4 7.37179E-2 1.12255E-1 3.67773E-3 5.02095E-3 4.5632E-3 1.77842E-3 7.77889E-3 6.95981E-3 1.75991E-3 7.7444E-3 1.78165E-3 -9999 -9999 -9999 -9999 -9999 -9999 -9999 -9999 -9999 -9999 -9999 -9999 -9999 -9999 -9999 -9999 -9999 -9999 -9999 -9999 -9999 -9999 -9999 -9999 -9999 -9999 -9999
0E0 0E0 0E0 0E0 0E0 0E0 0E0 0E0 0E0 0E0 0E0 0E0 0E0 1.30746E-1 1.28378E-1 0E0 0E0 3.09177E-1 2.70313E-1 6.8946E-2 2.26382E-2 2.56628E-2 3.75741E-2 4.79812E-2 4.31853E-2 6.40527E-2 7.65137E-2 1.00724E-2 5.25459E-3 4.89192E-4 5.1492E-3 5.56438E-3 3.04046E-3 2.39856E-2 5.11013E-3 2.25745E-2 1.24481E-2 2.23701E-2 2.89755E-2 7.90839E-3 1.09968E-1 2.1518E-2 1.01619E-2 1.0709E-2 1.46014E-3 6.90285E-3 9.62131E-4 1.20463E-2 1.51708E-2 7.90596E-4 1.83162E-3 -9999 -9999 -9999 -9999 -9999 -9999 -9999 -9999 -9999 -9999 -9999 -9999 -9999 -9999 -9999 -9999 -9999 -9999 -9999 -9999 -9999 -9999 -9999 -9999 -9999 -9999 -9999
0E0 0E0 0E0 0E0 0E0 0E0 0E0 0E0 0E0 0E0 0E0 0E0 0E0 0E0 0E0 0E0 0E0 0E0 0E0 0E0 0E0 1.29143E-1 2.78978E-1 1.60421E-1 4.90659E-2 8.61037E-2 2.25926E-2 7.06055E-3 1.90404E-3 2.11878E-3 2.50305E-3 1.20737E-2 1.14151E-2 4.33134E-2 1.02741E-2 1.29819E-2 8.74814E-3 1.00495E-2 2.49624E-3 4.61742E-2 3.53636E-2 6.02948E-2 3.3418E-2 2.96243E-2 2.74246E-3 7.17986E-3 7.44158E-3 1.92251E-2 6.90702E-3 7.31714E-3 7.30212E-3 -9999 -9999 -9999 -9999 -9999 -9999 -9999 -9999 -9999 -9999 -9999 -9999 -9999 -9999 -9999 -9999 -9999 -9999 -9999 -9999 -9999 -9999 -9999 -9999 -9999 -9999 -9999
0E0 0E0 0E0 0E0 0E0 0E0 0E0 0E0 0E0 0E0 0E0 0E0 0E0 0E0 0E0 0E0 0E0 0E0 0E0 0E0 5.23961E-2 1.5671E-2 2.00915E-2 8.41145E-2 3.45048E-2 1.23563E-2 4.17044E-2 1.85976E-3 7.22488E-4 6.77645E-3 1.81089E-2 1.97504E-2 3.92541E-2 2.14589E-2 4.21303E-2 3.8113E-3 6.26444E-3 8.51807E-4 3.30062E-2 4.92721E-2 4.89788E-2 1.23851E-2 8.09575E-3 5.69436E-3 4.92355E-3 9.63623E-3 1.21882E-2 9.16848E-3 5.29168E-3 4.82239E-2 8.27154E-2 -9999 -9999 -9999 -9999 -9999 -9999 -9999 -9999 -9999 -9999 -9999 -9999 -9999 -9999 -9999 -9999 -9999 -9999 -9999 -9999 -9999 -9999 -9999 -9999 -9999 -9999 -9999
0E0 0E0 0E0 0E0 0E0 0E0 0E0 0E0 0E0 0E0 0E0 0E0 0E0 0E0 0E0 0E0 0E0 0E0 0E0 0E0 3.15528E-2 3.38633E-3 2.16342E-2 6.41859E-2 3.49092E-2 1.04827E-2 4.15384E-2 2.23276E-2 1.85722E-2 1.55357E-2 1.71473E-2 2.978E-2 5.04009E-3 2.0598E-3 2.95672E-2 1.34704E-2 1.05363E-2 1.21068E-2 1.20344E-1 1.45391E-2 9.13959E-3 1.46881E-2 8.31669E-3 2.88459E-2 2.00577E-2 1.19464E-3 1.61738E-2 6.63261E-3 2.60106E-2 3.3069E-2 -9999 -9999 -9999 -9999 -9999 -9999 -9999 -9999 -9999 -9999 -9999 -9999 -9999 -9999 -9999 -9999 -9999 -9999 -9999 -9999 -9999 -9999 -9999 -9999 -9999 -9999 -9999 -9999
0E0 0E0 0E0 0E0 0E0 0E0 0E0 0E0 0E0 0E0 0E0 0E0 0E0 0E0 0E0 3.38511E-1 6.00436E-2 3.91166E-2 4.67288E-2 3.74055E-2 3.16351E-2 2.8806E-2 4.72201E-2 1.48825E-2 6.98486E-3 1.06674E-2 3.1518E-2 2.95887E-2 6.03136E-2 1.81555E-2 7.11073E-2 5.22561E-2 9.2608E-3 2.29682E-2 9.63009E-2 1.24177E-1 5.73702E-2 3.69027E-2 6.54567E-2 1.07716E-2 4.29691E-3 2.65584E-2 5.73371E-2 5.71974E-2 1.40581E-2 7.04626E-3 4.99701E-3 4.06569E-3 6.28948E-3 1.03759E-2 -9999 -9999 -9999 -9999 -9999 -9999 -9999 -9999 -9999 -9999 -9999 -9999 -9999 -9999 -9999 -9999 -9999 -9999 -9999 -9999 -9999 -9999 -9999 -9999 -9999 -9999 -9999 -9999
0E0 0E0 0E0 0E0 0E0 0E0 0E0 0E0 0E0 0E0 0E0 0E0 0E0 0E0 3.11916E-1 9.00968E-2 1.92744E-2 1.94482E-2 6.28921E-2 1.85223E-2 1.00609E-2 6.65018E-3 4.74302E-2 5.21214E-3 1.71445E-2 2.63889E-2 4.96633E-2 5.39783E-2 6.15642E-2 8.99328E-2 8.17568E-3 1.91764E-2 6.16395E-3 1.50556E-1 1.05114E-1 4.9852E-2 1.54906E-2 8.10608E-3 7.67069E-3 1.22119E-2 7.05843E-4 2.51428E-2 1.98355E-2 2.8296E-2 1.7474E-2 2.28345E-2 7.00517E-3 1.15303E-2 8.91229E-3 1.54432E-2 -9999 -9999 -9999 -9999 -9999 -9999 -9999 -9999 -9999 -9999 -9999 -9999 -9999 -9999 -9999 -9999 -9999 -9999 -9999 -9999 -9999 -9999 -9999 -9999 -9999 -9999 -9999 -9999
0E0 0E0 0E0 0E0 0E0 0E0 0E0 0E0 0E0 0E0 0E0 0E0 0E0 1.2664E-1 9.76343E-2 3.11457E-2 1.56962E-2 1.45472E-2 4.52522E-2 1.90865E-2 4.23636E-2 2.39184E-2 1.03124E-2 1.00806E-2 1.6507E-2 3.30394E-2 2.89622E-2 1.6318E-2 8.02736E-2 3.06973E-2 8.77409E-3 3.51041E-2 3.85607E-2 4.92129E-2 8.33148E-2 4.71001E-2 1.21686E-1 6.06844E-3 1.98941E-2 1.89027E-2 2.86767E-2 1.34247E-2 1.25505E-2 8.28131E-3 7.16526E-3 3.31798E-3 1.00911E-2 1.79476E-2 1.36898E-2 -9999 -9999 -9999 -9999 -9999 -9999 -9999 -9999 -9999 -9999 -9999 -9999 -9999 -9999 -9999 -9999 -9999 -9999 -9999 -9999 -9999 -9999 -9999 -9999 -9999 -9999 -9999 -9999 -9999
0E0 0E0 0E0 0E0 0E0 0E0 0E0 0E0 0E0 0E0 0E0 0E0 0E0 0E0 2.19436E-1 4.21982E-2 1.17522E-2 2.5865E-2 2.64092E-2 4.27611E-2 4.22522E-2 7.97053E-2 5.82132E-2 1.8134E-2 3.12031E-2 6.62772E-2 8.93155E-2 2.31035E-2 2.11225E-1 2.78493E-3 5.24897E-2 1.0802E-1 5.08113E-2 9.53708E-4 3.41266E-2 4.79998E-2 4.07169E-3 3.59623E-3 3.40847E-3 5.21291E-2 1.05602E-1 3.05603E-3 1.24042E-2 8.44096E-3 3.33139E-3 5.22929E-3 8.47471E-3 2.30359E-2 -9999 -9999 -9999 -9999 -9999 -9999 -9999 -9999 -9999 -9999 -9999 -9999 -9999 -9999 -9999 -9999 -9999 -9999 -9999 -9999 -9999 -9999 -9999 -9999 -9999 -9999 -9999 -9999 -9999 -9999
0E0 0E0 0E0 0E0 0E0 0E0 0E0 0E0 0E0 0E0 0E0 0E0 0E0 0E0 6.4601E-2 1.91028E-2 4.04306E-2 3.82177E-2 3.74453E-2 5.21028E-2 6.38081E-2 3.18622E-2 1.22524E-1 1.5082E-1 4.83702E-2 4.44201E-2 5.22011E-2 1.26647E-1 4.22147E-2 3.73577E-1 1.90388E-1 1.37874E-1 4.69469E-2 9.99292E-3 3.13821E-3 5.16824E-3 1.7382E-3 1.3751E-3 2.96862E-3 6.13582E-3 1.03759E-3 1.03152E-2 1.79667E-2 2.75389E-3 1.16394E-3 2.83343E-3 3.88149E-3 -9999 -9999 -9999 -9999 -9999 -9999 -9999 -9999 -9999 -9999 -9999 -9999 -9999 -9999 -9999 -9999 -9999 -9999 -9999 -9999 -9999 -9999 -9999 -9999 -9999 -9999 -9999 -9999 -9999 -9999 -9999
0E0 0E0 0E0 0E0 0E0 0E0 0E0 0E0 0E0 0E0 0E0 0E0 0E0 5.21328E-1 5.83628E-2 1.88426E-2 3.2727E-2 2.84706E-2 1.25242E-1 0E0 1.06133E-1 9.73952E-2 1.55101E-1 2.05655E-1 8.32749E-2 5.41049E-2 4.10459E-2 3.03507E-2 3.29553E-1 3.48965E-1 6.84896E-2 6.61796E-2 3.93225E-2 4.49255E-3 4.41661E-2 2.38694E-3 8.38306E-4 2.11423E-2 1.54579E-3 2.56101E-3 1.3046E-2 3.27495E-3 3.55442E-3 4.44641E-3 2.23685E-3 1.95208E-3 -9999 -9999 -9999 -9999 -9999 -9999 -9999 -9999 -9999 -9999 -9999 -9999 -9999 -9999 -9999 -9999 -9999 -9999 -9999 -9999 -9999 -9999 -9999 -9999 -9999 -9999 -9999 -9999 -9999 -9999 -9999 -9999
0E0 0E0 0E0 0E0 0E0 0E0 0E0 0E0 0E0 0E0 0E0 0E0 0E0 0E0 2.4352E-1 3.73608E-2 2.43001E-2 2.03922E-2 2.05418E-1 0E0 7.33509E-2 3.3861E-2 1.00127E-1 1.81549E-1 3.74911E-2 1.07922E-2 3.99348E-2 2.34495E-1 3.15399E-1 2.2317E-1 6.80402E-3 5.50721E-3 4.59508E-3 1.31574E-1 7.63008E-2 1.83196E-2 1.33824E-3 6.53359E-4 2.31263E-3 3.50585E-3 1.51655E-3 1.84754E-3 6.77955E-3 2.68285E-3 -9999 -9999 -9999 -9999 -9999 -9999 -9999 -9999 -9999 -9999 -9999 -9999 -9999 -9999 -9999 -9999 -9999 -9999 -9999 -9999 -9999 -9999 -9999 -9999 -9999 -9999 -9999 -9999 -9999 -9999 -9999 -9999 -9999 -9999
0E0 0E0 0E0 0E0 0E0 0E0 0E0 0E0 0E0 0E0 0E0 0E0 0E0 0E0 2.23086E-1 4.21331E-2 6.77441E-2 3.80178E-2 0E0 0E0 1.52245E-1 8.43001E-2 3.8671E-2 2.68512E-2 2.03078E-2 1.73499E-1 3.52957E-3 3.22046E-1 2.05857E-1 7.22376E-3 1.06119E-2 6.8777E-3 2.39648E-2 4.17065E-2 5.57058E-3 8.16889E-3 1.40176E-3 5.00144E-4 1.14401E-3 5.82182E-3 2.13828E-3 2.034E-3 3.2167E-3 -9999 -9999 -9999 -9999 -9999 -9999 -9999 -9999 -9999 -9999 -9999 -9999 -9999 -9999 -9999 -9999 -9999 -9999 -9999 -9999 -9999 -9999 -9999 -9999 -9999 -9999 -9999 -9999 -9999 -9999 -9999 -9999 -9999 -9999 -9999
0E0 0E0 0E0 0E0 0E0 0E0 0E0 0E0 0E0 0E0 0E0 0E0 4.46455E-1 3.80142E-1 1.14708E-1 1.05959E-1 4.30975E-1 0E0 0E0 4.67367E-1 1.04569E-1 6.37967E-2 5.42265E-2 9.2562E-3 3.34578E-2 2.57683E-2 2.48116E-1 3.13452E-1 2.54554E-1 6.9463E-3 6.82547E-3 5.34202E-2 6.19824E-2 9.70842E-3 6.97522E-4 2.01955E-4 1.24421E-4 1.2901E-3 5.87973E-3 6.60615E-3 6.11635E-3 2.03981E-3 -9999 -9999 -9999 -9999 -9999 -9999 -9999 -9999 -9999 -9999 -9999 -9999 -9999 -9999 -9999 -9999 -9999 -9999 -9999 -9999 -9999 -9999 -9999 -9999 -9999 -9999 -9999 -9999 -9999 -9999 -9999 -9999 -9999 -9999 -9999 -9999
0E0 0E0 0E0 0E0 0E0 0E0 0E0 0E0 0E0 0E0 0E0 0E0 0E0 0E0 2.40042E-1 1.4404E-1 0E0 0E0 5.54389E-1 4.16873E-2 2.89057E-2 3.11011E-3 4.6999E-3 9.62933E-2 1.44791E-1 1.60054E-1 6.51437E-2 1.41559E-2 1.84269E-2 6.18522E-2 2.11809E-1 2.19446E-1 1.10935E-1 4.00498E-3 4.77138E-3 6.42739E-4 2.04242E-3 2.51785E-3 8.81675E-3 4.57479E-3 5.03299E-3 -9999 -9999 -9999 -9999 -9999 -9999 -9999 -9999 -9999 -9999 -9999 -9999 -9999 -9999 -9999 -9999 -9999 -9999 -9999 -9999 -9999 -9999 -9999 -9999 -9999 -9999 -9999 -9999 -9999 -9999 -9999 -9999 -9999 -9999 -9999 -9999 -9999
