ENM/Final_Models/M_0.8_F_q_Set_1_NE/Gustavia_santanderiensis_Choco_stddev.asc
ncols         367
nrows         963
xllcorner     -78.6
yllcorner     0.65
cellsize      0.00833333333333323
NODATA_value  -9999
[rows 782 to 815 of 963, columns 78 to 155 of 367]
0E0 0E0 0E0 0E0 0E0 0E0 0E0 0E0 0E0 0E0 0E0 0E0 0E0 0E0 0E0 0E0 0E0 0E0 0E0 0E0 0E0 0E0 0E0 0E0 0E0 0E0 0E0 0E0 0E0 0E0 0E0 0E0 0E0 0E0 3.15918E-1 0E0 0E0 0E0 0E0 0E0 0E0 2.46671E-1 0E0 3.29086E-1 3.07093E-1 3.3598E-1 2.22267E-1 2.88517E-1 6.99828E-2 2.20069E-3 3.75531E-4 7.40645E-5 7.3102E-4 8.11043E-4 1.68631E-4 9.00916E-5 2.03389E-4 2.49217E-3 1.32964E-2 9.10087E-3 3.35225E-3 8.47617E-4 2.61022E-4 3.6604E-4 8.12401E-4 8.95277E-4 5.33707E-4 1.16936E-3 6.88364E-4 2.63935E-4 1.98467E-4 8.52301E-5 1.17292E-5 5.0779E-6 6.03703E-6 1.02281E-5 2.583E-5 6.99006E-5
0E0 0E0 0E0 0E0 0E0 0E0 0E0 0E0 0E0 0E0 0E0 0E0 0E0 0E0 0E0 0E0 0E0 0E0 0E0 0E0 0E0 0E0 0E0 0E0 0E0 0E0 0E0 0E0 0E0 0E0 0E0 0E0 0E0 0E0 0E0 0E0 0E0 0E0 0E0 0E0 0E0 2.62683E-1 0E0 0E0 0E0 2.06658E-1 1.94554E-1 3.12198E-1 2.31582E-1 2.69661E-3 1.73798E-4 8.13681E-5 5.93076E-4 1.99637E-3 8.6673E-4 1.03634E-3 3.58828E-3 7.82867E-3 7.3155E-3 1.22648E-2 3.06712E-3 4.40494E-3 1.8246E-3 2.00068E-4 1.7149E-4 4.91468E-4 1.4396E-4 1.25366E-4 6.37003E-4 2.61671E-4 1.05602E-4 5.12203E-5 4.79079E-6 1.04746E-5 5.78651E-6 1.20882E-5 2.83213E-5 6.56653E-5
0E0 0E0 0E0 0E0 0E0 0E0 0E0 0E0 0E0 0E0 0E0 0E0 0E0 0E0 0E0 0E0 0E0 0E0 0E0 0E0 0E0 0E0 0E0 0E0 0E0 0E0 0E0 0E0 0E0 0E0 0E0 0E0 0E0 0E0 0E0 0E0 3.49068E-1 0E0 0E0 0E0 3.1648E-1 1.82681E-1 1.42092E-1 0E0 0E0 2.73272E-1 2.73315E-1 3.23351E-1 2.76437E-1 6.32247E-3 4.74927E-4 3.26545E-4 7.19657E-4 1.99899E-3 5.99149E-3 1.4401E-2 3.44315E-3 3.04888E-3 1.54918E-2 5.90512E-3 1.29635E-3 2.72182E-3 6.13939E-3 1.53187E-3 3.19831E-5 6.47967E-5 1.20896E-4 3.38011E-5 1.63882E-5 1.83153E-5 1.69302E-5 4.96587E-5 2.03442E-5 1.39582E-5 1.31042E-5 1.67575E-5 4.93943E-5 3.2381E-5
0E0 0E0 0E0 0E0 0E0 0E0 0E0 0E0 0E0 0E0 0E0 0E0 0E0 0E0 0E0 0E0 0E0 0E0 0E0 0E0 0E0 0E0 0E0 0E0 0E0 0E0 0E0 0E0 0E0 0E0 0E0 0E0 0E0 0E0 0E0 0E0 0E0 2.61211E-1 1.96965E-1 2.02081E-1 1.56078E-1 1.19832E-1 1.34148E-1 1.56934E-1 1.46027E-1 2.16987E-1 3.39323E-1 3.20948E-1 2.01307E-1 5.07778E-3 1.05457E-3 1.54501E-3 3.25128E-3 6.05919E-3 7.66449E-3 1.8878E-2 1.49306E-2 2.02296E-2 1.92451E-2 1.28762E-2 3.89017E-3 1.52148E-3 4.21003E-3 2.66747E-3 2.53649E-4 4.26087E-4 3.72623E-4 6.952E-5 6.81261E-5 1.53051E-5 8.93629E-6 1.25391E-5 1.16482E-5 1.077E-5 1.87231E-6 1.60759E-5 3.76456E-5 1.86217E-5
0E0 0E0 0E0 0E0 0E0 0E0 0E0 0E0 0E0 0E0 0E0 0E0 0E0 0E0 0E0 0E0 0E0 0E0 0E0 0E0 0E0 0E0 0E0 0E0 0E0 0E0 0E0 0E0 0E0 0E0 0E0 0E0 0E0 0E0 0E0 0E0 0E0 2.91248E-1 2.15244E-1 1.55247E-1 1.17358E-1 1.24873E-1 1.21223E-1 1.2152E-1 1.18277E-1 2.71703E-1 2.94889E-1 2.6021E-1 1.44012E-1 6.15918E-3 7.9573E-4 1.89465E-3 8.65503E-3 3.14513E-2 1.20336E-2 2.54246E-2 2.81646E-2 1.18882E-2 5.09091E-3 9.7173E-3 1.90515E-2 7.94929E-3 7.72797E-3 8.97356E-3 1.42945E-2 5.9994E-3 4.89216E-3 2.03363E-3 3.79897E-4 8.72123E-5 1.52478E-5 1.16625E-5 1.12423E-5 9.97043E-6 1.84159E-6 3.76687E-6 1.11706E-5 2.94285E-5
0E0 0E0 0E0 0E0 0E0 0E0 0E0 0E0 0E0 0E0 0E0 0E0 0E0 0E0 0E0 0E0 0E0 0E0 0E0 0E0 0E0 0E0 0E0 0E0 0E0 0E0 0E0 0E0 0E0 0E0 0E0 0E0 0E0 0E0 0E0 0E0 2.64257E-1 1.26522E-1 9.96208E-2 7.14788E-2 9.63342E-2 9.24311E-2 1.03572E-1 9.06798E-2 7.14402E-2 7.40595E-2 3.65979E-2 8.59755E-2 2.87847E-2 2.88416E-3 2.30954E-3 3.43717E-3 8.0959E-3 4.63916E-2 2.40251E-2 1.89415E-2 2.06941E-2 9.74513E-3 1.05154E-2 4.69416E-3 8.43148E-3 1.36563E-2 6.626E-3 2.3564E-3 9.79641E-3 5.69183E-3 2.24422E-3 1.79081E-3 2.21594E-3 7.07974E-4 2.41874E-4 5.36964E-5 2.19873E-5 9.54733E-7 2.3748E-5 2.83983E-5 1.4849E-5 3.10868E-5
0E0 0E0 0E0 0E0 0E0 0E0 0E0 0E0 0E0 0E0 0E0 0E0 0E0 0E0 0E0 0E0 0E0 0E0 0E0 0E0 0E0 0E0 0E0 0E0 0E0 0E0 0E0 0E0 0E0 0E0 0E0 2.81273E-1 2.40091E-1 2.64903E-1 2.25858E-1 2.11458E-1 1.28472E-1 1.44676E-1 6.24102E-2 4.227E-2 6.54409E-2 9.03959E-2 8.60483E-2 8.52295E-2 7.7283E-2 4.75396E-2 1.92352E-2 3.28241E-2 1.67265E-2 8.14882E-3 4.85015E-3 7.73888E-3 1.91989E-2 4.44414E-2 4.52095E-2 2.09719E-2 3.24074E-2 1.10622E-2 4.30007E-3 4.47045E-3 2.56245E-3 4.23411E-3 1.37364E-2 2.11872E-3 1.51024E-3 3.40146E-3 1.32253E-3 1.18992E-4 1.0184E-4 6.15001E-5 1.42744E-4 5.84089E-5 1.30078E-5 4.06536E-6 2.24353E-5 2.39502E-5 1.22862E-5 6.81676E-6
0E0 0E0 0E0 0E0 0E0 0E0 0E0 0E0 0E0 0E0 0E0 0E0 0E0 0E0 0E0 0E0 0E0 0E0 0E0 0E0 0E0 0E0 0E0 0E0 0E0 0E0 0E0 0E0 0E0 0E0 0E0 0E0 3.02515E-1 2.80471E-1 2.5144E-1 1.53435E-1 6.84421E-2 2.45304E-2 3.15352E-2 2.36883E-2 5.53452E-2 8.27797E-2 1.02758E-1 9.43539E-2 9.48459E-2 5.80665E-2 4.3545E-2 4.9832E-2 1.68519E-2 1.57665E-2 1.16624E-2 1.50151E-2 3.54285E-2 2.02827E-2 3.6525E-2 4.14253E-2 8.37105E-3 1.77524E-3 5.70024E-4 1.36961E-3 6.99905E-4 7.9963E-4 3.98146E-3 2.1706E-3 3.19818E-4 2.34395E-4 1.39802E-3 4.54269E-4 4.81979E-5 3.48505E-5 2.91741E-5 4.8431E-5 6.94163E-6 2.55641E-6 2.1283E-5 8.98214E-6 4.39305E-6 6.98445E-6
0E0 0E0 0E0 0E0 0E0 0E0 0E0 0E0 0E0 0E0 0E0 0E0 0E0 0E0 0E0 0E0 0E0 0E0 0E0 0E0 0E0 0E0 0E0 0E0 0E0 0E0 0E0 0E0 0E0 0E0 0E0 2.78181E-1 2.66088E-1 2.70767E-1 2.43566E-1 2.52164E-1 6.83608E-2 2.33338E-2 3.38575E-2 2.34476E-2 2.20925E-2 6.9204E-2 7.87292E-2 7.86479E-2 6.42984E-2 5.37886E-2 6.92236E-2 6.73402E-2 4.50602E-2 3.81378E-2 4.8416E-2 5.50916E-2 2.72471E-2 9.85826E-3 1.12274E-2 9.18458E-3 1.13077E-2 1.02231E-2 3.67715E-3 7.3316E-4 1.77512E-4 2.40799E-4 6.04693E-4 6.91629E-4 2.55094E-4 4.61288E-5 4.17243E-5 2.31358E-4 7.01445E-5 7.86921E-6 7.61376E-6 1.19309E-5 8.87415E-6 7.49922E-6 8.73256E-6 3.51951E-6 1.24966E-6 1.20728E-5
0E0 0E0 0E0 0E0 0E0 0E0 0E0 0E0 0E0 0E0 0E0 0E0 0E0 0E0 0E0 0E0 0E0 0E0 0E0 0E0 0E0 0E0 0E0 0E0 0E0 0E0 0E0 0E0 0E0 0E0 3.13136E-1 2.32385E-1 2.03407E-1 1.87488E-1 2.06473E-1 2.16176E-1 6.26467E-2 2.01019E-2 2.70652E-2 1.35703E-2 1.51287E-2 5.79247E-2 9.56304E-2 8.59754E-2 7.5115E-2 7.66297E-2 8.30085E-2 7.7523E-2 7.10825E-2 6.4152E-2 3.83217E-2 3.64676E-2 1.36841E-2 2.0828E-3 1.14185E-2 1.24525E-2 7.39435E-3 7.05344E-3 3.17498E-3 1.11928E-3 4.60852E-4 1.05034E-4 1.44347E-4 2.11817E-4 6.14223E-5 2.40384E-5 1.09238E-5 1.65738E-5 2.09357E-5 8.93832E-6 3.23618E-6 2.75497E-6 4.49893E-6 1.82339E-6 1.68229E-6 4.62495E-6 8.4602E-6 1.28535E-5
0E0 0E0 0E0 0E0 0E0 0E0 0E0 0E0 0E0 0E0 0E0 0E0 0E0 0E0 0E0 0E0 0E0 0E0 0E0 0E0 0E0 0E0 0E0 0E0 0E0 0E0 0E0 0E0 0E0 2.99126E-1 3.09002E-1 2.61737E-1 1.69679E-1 1.05324E-1 1.02122E-1 7.01339E-2 9.09187E-2 4.30375E-2 6.26412E-2 4.19533E-2 2.01054E-2 6.71481E-2 7.72677E-2 8.58363E-2 8.08008E-2 9.11926E-2 8.23476E-2 6.18546E-2 3.18749E-2 3.3109E-2 2.81141E-2 1.12669E-2 4.52977E-3 4.08698E-3 6.44218E-3 4.52422E-3 5.78843E-3 3.29652E-3 8.64499E-4 2.98858E-4 1.49682E-4 5.49273E-5 2.49308E-5 2.84917E-5 1.78101E-5 9.35554E-6 5.80445E-6 5.25449E-6 9.24167E-6 5.60902E-6 4.28028E-6 1.16139E-6 1.47809E-6 3.73905E-6 1.33179E-6 7.85332E-6 8.05274E-6 1.27789E-5
0E0 0E0 0E0 0E0 0E0 0E0 0E0 0E0 0E0 0E0 0E0 0E0 0E0 0E0 0E0 0E0 0E0 0E0 0E0 0E0 0E0 0E0 0E0 0E0 0E0 0E0 0E0 0E0 0E0 3.39934E-1 2.64862E-1 3.17679E-1 2.95132E-1 2.44679E-1 1.75845E-1 1.61399E-2 3.61607E-2 1.24383E-1 1.69876E-1 1.66406E-1 4.30994E-2 4.78091E-2 9.22176E-2 6.76645E-2 8.62727E-2 8.60613E-2 8.27728E-2 6.7706E-2 2.32373E-2 2.19632E-2 1.34049E-2 2.91692E-3 9.36173E-4 1.47223E-3 4.66093E-3 5.5956E-3 1.79581E-3 8.45649E-4 1.09348E-3 4.26248E-4 1.50222E-4 2.03324E-5 2.0915E-5 4.30592E-5 2.19495E-5 7.39514E-5 5.83078E-5 1.48607E-5 1.17514E-5 3.46822E-5 1.70424E-6 7.58569E-6 7.97921E-6 4.88309E-6 7.44362E-7 3.53522E-6 4.29701E-6 2.13929E-6
0E0 0E0 0E0 0E0 0E0 0E0 0E0 0E0 0E0 0E0 0E0 0E0 0E0 0E0 0E0 0E0 0E0 0E0 0E0 0E0 0E0 0E0 0E0 0E0 0E0 0E0 0E0 0E0 0E0 3.07107E-1 2.49496E-1 2.08793E-1 1.86088E-1 2.04555E-1 1.62953E-1 2.93299E-2 5.54403E-2 1.93675E-1 2.27224E-1 2.15776E-1 6.11845E-2 2.92714E-2 6.98849E-2 9.66035E-2 7.26689E-2 5.06955E-2 8.14966E-2 4.73606E-2 1.75837E-2 7.26612E-3 7.33299E-3 5.97156E-3 5.86129E-4 1.74243E-3 1.47514E-3 2.07643E-3 1.41377E-3 2.6273E-3 5.1916E-3 8.97491E-4 2.47286E-4 2.88569E-5 5.12517E-5 2.86951E-4 1.03E-4 5.64316E-4 1.03808E-4 6.69953E-5 1.093E-4 9.77817E-5 1.28085E-6 8.73999E-6 3.40164E-6 8.05967E-6 2.47568E-6 2.83079E-6 2.12191E-6 2.41965E-6
0E0 0E0 0E0 0E0 0E0 0E0 0E0 0E0 0E0 0E0 0E0 0E0 0E0 0E0 0E0 0E0 0E0 0E0 0E0 0E0 0E0 0E0 0E0 0E0 0E0 0E0 0E0 0E0 0E0 0E0 2.68965E-1 2.5089E-1 1.92955E-1 2.20798E-1 1.91021E-1 6.07048E-2 2.01065E-1 3.00598E-1 3.27199E-1 3.21328E-1 5.58161E-2 3.44803E-2 8.40594E-2 9.04957E-2 8.95484E-2 5.38859E-2 5.49724E-2 6.28527E-2 2.22093E-2 4.93099E-3 2.71791E-3 3.24348E-3 1.27873E-3 1.96268E-3 4.60219E-3 1.08112E-2 1.08383E-2 2.57802E-2 1.68728E-2 8.16906E-3 2.01329E-2 3.01254E-4 2.00124E-4 1.38531E-3 7.2955E-4 1.1078E-3 1.02383E-3 5.23297E-4 3.14786E-4 3.66717E-5 4.06371E-6 9.46373E-6 4.34321E-6 4.45715E-6 1.11011E-5 1.41802E-5 1.67805E-6 4.21912E-6
0E0 0E0 0E0 0E0 0E0 0E0 0E0 0E0 0E0 0E0 0E0 0E0 0E0 0E0 0E0 0E0 0E0 0E0 0E0 0E0 0E0 0E0 0E0 0E0 0E0 0E0 0E0 0E0 0E0 3.23175E-1 2.88939E-1 2.04852E-1 1.09241E-1 1.57767E-1 1.2151E-1 3.65653E-2 2.24553E-1 3.02756E-1 2.33001E-1 1.56988E-1 2.49141E-1 7.78803E-2 7.35818E-2 9.33278E-2 7.57831E-2 5.49358E-2 7.10825E-2 6.24904E-2 3.06322E-2 7.29831E-3 3.74433E-3 3.04047E-3 3.03082E-3 5.55725E-3 1.5428E-2 5.69863E-3 5.86585E-3 8.42031E-3 4.92641E-3 2.40537E-3 1.04894E-2 1.55016E-3 2.18632E-3 5.08772E-3 2.94755E-3 1.93909E-3 5.15921E-4 1.70525E-4 4.17112E-5 9.62488E-6 4.47299E-6 2.27394E-6 3.44409E-6 3.12525E-6 3.31743E-6 7.24069E-6 3.73533E-5 3.8712E-5
0E0 0E0 0E0 0E0 0E0 0E0 0E0 0E0 0E0 0E0 0E0 0E0 0E0 0E0 0E0 0E0 0E0 0E0 0E0 0E0 0E0 0E0 0E0 0E0 0E0 0E0 0E0 0E0 3.25428E-1 2.9904E-1 2.73376E-1 2.39788E-1 1.85627E-1 1.69332E-1 1.40879E-1 3.67682E-2 1.23923E-1 1.49413E-1 1.11027E-1 1.75978E-1 2.4419E-1 1.14812E-1 5.32244E-2 8.14685E-2 8.76353E-2 1.01396E-1 8.73182E-2 7.82622E-2 5.30959E-2 2.66002E-2 6.61503E-3 6.58412E-3 7.90616E-3 1.11385E-2 1.61508E-2 1.3437E-2 7.2746E-3 9.41759E-3 6.81111E-3 6.0733E-3 3.60963E-3 5.3086E-3 1.05112E-2 1.19871E-2 4.4732E-3 2.47331E-3 1.13716E-3 4.51748E-5 5.72427E-6 1.79274E-6 2.90879E-6 1.88068E-6 1.16325E-6 1.19672E-6 3.18736E-6 3.37616E-6 4.10678E-6 7.88717E-5
0E0 0E0 0E0 0E0 0E0 0E0 0E0 0E0 0E0 0E0 0E0 0E0 0E0 0E0 0E0 0E0 0E0 0E0 0E0 0E0 0E0 0E0 0E0 0E0 0E0 0E0 0E0 0E0 3.15204E-1 2.49621E-1 2.29167E-1 2.5341E-1 1.82557E-1 1.81399E-1 1.15719E-1 3.06265E-2 9.31301E-2 9.9482E-2 8.78619E-2 2.41484E-1 3.1432E-1 8.95957E-2 6.98327E-2 9.18732E-2 8.34232E-2 8.52877E-2 8.3077E-2 8.6873E-2 7.07354E-2 4.54076E-2 1.18999E-2 6.44666E-3 1.21697E-2 1.88164E-2 3.14286E-2 2.97157E-2 3.28572E-2 2.06673E-2 1.29649E-2 1.47307E-2 1.39476E-2 7.75902E-3 2.5318E-3 7.50491E-4 2.45183E-4 7.99338E-5 6.32517E-5 1.88496E-5 6.72391E-6 3.10942E-6 2.07618E-6 5.29336E-6 1.97876E-6 1.13276E-6 5.15756E-6 2.20286E-6 3.65198E-6 7.13972E-6
0E0 0E0 0E0 0E0 0E0 0E0 0E0 0E0 0E0 0E0 0E0 0E0 0E0 0E0 0E0 0E0 0E0 0E0 0E0 0E0 0E0 0E0 0E0 0E0 0E0 0E0 0E0 0E0 0E0 2.43274E-1 2.25382E-1 2.22007E-1 1.90129E-1 1.31812E-1 5.40094E-2 6.61698E-2 1.44976E-1 9.52849E-2 5.21712E-2 1.45663E-1 2.56629E-1 1.33415E-1 4.39231E-2 8.60324E-2 8.87373E-2 8.7577E-2 8.4672E-2 8.36453E-2 8.98624E-2 4.88135E-2 4.60204E-2 2.76098E-2 2.75461E-2 4.25181E-2 2.77741E-2 4.35731E-2 4.49378E-2 3.3202E-2 1.63983E-2 1.95624E-2 1.40392E-2 4.90667E-3 6.99363E-4 1.50389E-4 3.64118E-5 1.74872E-5 3.2811E-6 3.44882E-6 5.77587E-6 4.09387E-6 3.38351E-6 1.17204E-5 5.68667E-6 1.59034E-5 7.91941E-6 2.77977E-6 3.63859E-6 3.96605E-6
0E0 0E0 0E0 0E0 0E0 0E0 0E0 0E0 0E0 0E0 0E0 0E0 0E0 0E0 0E0 0E0 0E0 0E0 0E0 0E0 0E0 0E0 0E0 0E0 0E0 0E0 0E0 0E0 3.51532E-1 2.12336E-1 1.63577E-1 1.87039E-1 2.15722E-1 1.43351E-1 1.01609E-1 9.00676E-2 2.1523E-1 5.19583E-2 2.25259E-2 1.15912E-1 2.89744E-1 3.14888E-1 6.36386E-2 3.15226E-2 8.38096E-2 8.6275E-2 8.7893E-2 8.47113E-2 7.98572E-2 7.65581E-2 5.33759E-2 6.05672E-2 6.75737E-2 7.93199E-2 2.72579E-2 3.61951E-2 1.76794E-2 2.66302E-2 4.41175E-2 3.25938E-2 1.19654E-2 1.29751E-2 9.50838E-4 5.46199E-4 9.38114E-5 1.40609E-5 4.83163E-6 3.07525E-6 5.39504E-6 3.84314E-6 4.55653E-6 1.46457E-5 3.8695E-5 1.36681E-5 4.52204E-6 3.33692E-6 3.23195E-6 2.5969E-6
0E0 0E0 0E0 0E0 0E0 0E0 0E0 0E0 0E0 0E0 0E0 0E0 0E0 0E0 0E0 0E0 0E0 0E0 0E0 0E0 0E0 0E0 0E0 0E0 0E0 0E0 0E0 0E0 3.15213E-1 1.69841E-1 1.65492E-1 1.4566E-1 1.81762E-1 9.61014E-2 1.52522E-1 2.40977E-1 2.27565E-1 1.39423E-1 2.67445E-2 6.49415E-2 2.28664E-1 1.92707E-1 4.6269E-2 6.15096E-2 7.22116E-2 8.24625E-2 8.63087E-2 8.22606E-2 7.64948E-2 8.34451E-2 8.33054E-2 7.45082E-2 4.81981E-2 3.7271E-2 2.30491E-2 5.16562E-2 2.57839E-2 1.8449E-2 2.19565E-2 4.0646E-2 3.83198E-3 1.47216E-3 1.61064E-4 1.11735E-4 3.98082E-5 1.2086E-5 4.14614E-6 2.00518E-6 2.7209E-6 2.66597E-6 5.56317E-5 7.73164E-5 4.76295E-5 8.7732E-6 3.69325E-6 3.18621E-6 3.893E-6 3.94997E-6
0E0 0E0 0E0 0E0 0E0 0E0 0E0 0E0 0E0 0E0 0E0 0E0 0E0 0E0 0E0 0E0 0E0 0E0 0E0 0E0 2.99848E-1 0E0 0E0 0E0 0E0 0E0 0E0 0E0 0E0 2.10861E-1 1.83373E-1 1.09203E-1 6.90453E-2 8.84164E-2 2.30491E-1 2.40866E-1 2.54187E-1 1.68685E-1 5.22807E-2 1.05237E-1 2.72878E-1 3.06703E-1 7.58851E-2 5.86281E-2 7.3373E-2 7.39564E-2 9.56859E-2 5.48172E-2 7.24927E-2 7.28192E-2 6.9696E-2 4.95151E-2 3.03373E-2 2.30951E-2 1.99072E-2 1.35883E-2 1.36193E-2 5.01419E-3 4.6071E-3 6.64731E-3 2.30448E-3 2.52182E-4 7.51966E-5 2.67364E-5 1.48786E-5 4.28864E-6 1.35163E-6 3.74105E-6 6.71918E-6 8.48542E-6 1.23371E-5 1.36218E-4 4.1172E-5 1.00852E-5 4.00378E-6 3.05688E-6 3.83839E-6 5.652E-6
0E0 0E0 0E0 0E0 0E0 0E0 0E0 0E0 0E0 0E0 0E0 0E0 0E0 0E0 0E0 0E0 0E0 0E0 0E0 0E0 0E0 0E0 0E0 0E0 0E0 0E0 0E0 0E0 0E0 2.93498E-1 2.20387E-1 4.29097E-2 4.14807E-2 1.60742E-1 2.25604E-1 2.32499E-1 2.39672E-1 1.33766E-1 6.73869E-2 1.71176E-1 2.74191E-1 2.70289E-1 5.33647E-2 7.85313E-2 7.71351E-2 7.64957E-2 7.51062E-2 3.30248E-2 4.79964E-2 6.29534E-2 6.15834E-2 4.74785E-2 1.62566E-2 1.18888E-2 9.42057E-3 9.32433E-3 3.41756E-3 1.00587E-3 1.34989E-3 1.07034E-3 2.75764E-4 2.19932E-4 1.95359E-4 1.62731E-4 1.60579E-5 1.45264E-6 9.92139E-7 6.87332E-6 7.09861E-5 3.29918E-5 2.62544E-5 1.06626E-4 1.97211E-4 6.09814E-5 1.03179E-5 5.66732E-6 2.32464E-6 3.90029E-6
0E0 0E0 0E0 0E0 0E0 0E0 0E0 0E0 0E0 0E0 0E0 0E0 0E0 0E0 0E0 0E0 0E0 0E0 0E0 0E0 0E0 0E0 0E0 0E0 0E0 0E0 0E0 0E0 0E0 3.06212E-1 2.51453E-1 9.95989E-2 9.31922E-2 2.22974E-1 2.76636E-1 3.31019E-1 2.88898E-1 1.30068E-1 5.93355E-2 1.79477E-1 3.12461E-1 1.15214E-1 6.99982E-2 9.08481E-2 5.49104E-2 5.02582E-2 7.41165E-2 4.17605E-2 4.51216E-2 4.23943E-2 4.51816E-2 3.09621E-2 1.69414E-2 9.55977E-3 3.69757E-3 1.88586E-3 2.14251E-3 6.28441E-4 7.32261E-4 5.64353E-4 6.38118E-4 9.77221E-4 3.41335E-4 4.25463E-5 2.51893E-5 2.70837E-6 1.196E-6 2.37646E-5 2.45654E-4 5.70881E-5 1.50387E-5 1.57915E-4 1.98639E-4 5.35733E-5 6.2031E-6 4.01265E-6 2.75449E-6 2.32364E-6
0E0 0E0 0E0 0E0 0E0 0E0 0E0 0E0 0E0 0E0 0E0 0E0 0E0 0E0 0E0 0E0 0E0 0E0 0E0 0E0 0E0 0E0 0E0 0E0 0E0 0E0 3.14927E-1 3.0433E-1 0E0 3.16666E-1 2.94779E-1 2.1829E-1 1.28784E-1 2.15536E-1 3.26197E-1 3.52637E-1 2.84782E-1 2.44704E-1 8.44162E-2 2.05053E-1 2.93555E-1 1.16473E-1 8.6967E-2 6.7219E-2 7.50328E-2 7.21587E-2 6.82093E-2 5.42949E-2 5.70146E-2 4.7653E-2 5.13261E-2 4.20125E-2 3.2516E-2 8.40169E-3 1.41939E-3 4.5093E-4 1.01755E-3 1.04401E-3 9.30607E-4 2.42152E-3 2.58037E-3 9.64057E-4 5.54436E-4 4.80451E-5 6.52588E-5 8.13618E-6 3.29037E-6 1.01116E-4 2.40872E-4 5.44979E-5 8.1573E-5 4.79899E-4 2.76352E-4 4.36658E-5 7.35341E-6 3.7798E-6 1.59923E-6 2.3984E-6
0E0 0E0 0E0 0E0 0E0 0E0 0E0 0E0 0E0 0E0 0E0 0E0 0E0 0E0 0E0 0E0 0E0 0E0 0E0 0E0 0E0 0E0 0E0 0E0 0E0 0E0 2.91753E-1 2.37066E-1 2.93037E-1 0E0 2.46146E-1 1.89721E-1 8.61369E-2 1.32058E-1 2.208E-1 0E0 3.30691E-1 3.20928E-1 1.54922E-1 8.16976E-2 1.8856E-1 3.33573E-1 7.60586E-2 5.37368E-2 6.52581E-2 6.04584E-2 5.43228E-2 6.95005E-2 5.77428E-2 3.35569E-2 1.56221E-2 2.29379E-2 1.24976E-2 7.44432E-3 1.79294E-3 1.93524E-3 3.44652E-3 3.83223E-3 5.94478E-3 6.66435E-3 4.32445E-3 8.87055E-4 4.63798E-4 2.08518E-4 6.98633E-5 1.93666E-5 2.30949E-5 2.18186E-4 4.09067E-4 3.39751E-5 3.16133E-4 9.32317E-4 1.96583E-4 2.17315E-5 2.95151E-6 2.79713E-6 1.71836E-6 9.45495E-6
0E0 0E0 0E0 0E0 0E0 0E0 0E0 0E0 0E0 0E0 0E0 0E0 0E0 0E0 0E0 0E0 0E0 0E0 2.29745E-1 2.72342E-1 0E0 0E0 0E0 0E0 0E0 0E0 2.91647E-1 1.97257E-1 2.23889E-1 2.7101E-1 2.50759E-1 8.79038E-2 3.95326E-2 5.09159E-2 2.31841E-1 0E0 0E0 2.70949E-1 5.99073E-2 5.20658E-2 2.18501E-1 3.34146E-1 3.05473E-1 4.68804E-2 2.28236E-2 2.2244E-2 3.17537E-2 5.26663E-2 4.6316E-2 2.42548E-2 1.57557E-2 1.17723E-2 6.47174E-3 3.71756E-3 2.71948E-3 2.86164E-3 3.85254E-3 3.02271E-3 1.10789E-2 4.58862E-3 1.01044E-3 2.56386E-4 6.61623E-5 4.28533E-5 1.35776E-5 1.50425E-5 1.43149E-4 5.13514E-4 7.21107E-4 4.97479E-4 8.30177E-4 4.79987E-4 8.07102E-5 1.39267E-5 2.71796E-6 2.72228E-6 5.30199E-6 2.24382E-4
0E0 0E0 0E0 0E0 0E0 0E0 0E0 0E0 0E0 0E0 0E0 0E0 0E0 0E0 0E0 0E0 2.41147E-1 2.42864E-1 2.19332E-1 2.30515E-1 0E0 0E0 0E0 0E0 3.22695E-1 3.14182E-1 3.00438E-1 1.96118E-1 1.97674E-1 2.08503E-1 1.87989E-1 4.73311E-2 2.79198E-2 5.02147E-2 1.99119E-1 3.27157E-1 3.47324E-1 2.2443E-1 3.63494E-2 3.56681E-2 2.89617E-1 2.6358E-1 3.02688E-1 1.3346E-1 4.82537E-2 6.8578E-2 8.17747E-2 4.2128E-2 6.08582E-2 3.35971E-2 2.36457E-2 1.36211E-2 7.63025E-3 1.66524E-3 2.40729E-3 4.7332E-3 3.67653E-3 3.02134E-3 6.21535E-3 2.35599E-3 1.15115E-3 1.86886E-4 1.98675E-4 4.91336E-5 1.74443E-5 9.7439E-6 7.33187E-5 1.30847E-3 1.50391E-3 1.2496E-3 1.00615E-3 3.05757E-4 7.66769E-5 1.09685E-5 2.39916E-6 4.7097E-6 1.35742E-5 2.50738E-4
0E0 0E0 0E0 0E0 0E0 0E0 0E0 0E0 0E0 0E0 0E0 0E0 0E0 0E0 0E0 3.36771E-1 2.25193E-1 2.54968E-1 2.2827E-1 3.07929E-1 0E0 0E0 0E0 0E0 3.03751E-1 3.10738E-1 2.98289E-1 3.06102E-1 2.75142E-1 2.46065E-1 1.64168E-1 5.56504E-2 5.59193E-2 9.87555E-2 1.2239E-1 1.32907E-1 1.5387E-1 2.02481E-1 5.70683E-2 1.58611E-1 2.3431E-1 2.23294E-1 1.22587E-1 1.6437E-1 1.91711E-1 3.13743E-1 7.19097E-2 4.36683E-2 5.47826E-2 3.69517E-2 1.5868E-2 1.40346E-2 8.09018E-3 2.40823E-3 2.20426E-3 4.78502E-3 6.08385E-3 3.66422E-3 3.93066E-3 2.5836E-3 3.32584E-3 1.09324E-3 6.25957E-4 3.28947E-5 7.7667E-6 2.06072E-5 7.30812E-5 9.35942E-4 2.37019E-3 1.31452E-3 5.60054E-4 2.29414E-4 1.14885E-4 2.379E-5 5.87149E-6 2.04358E-6 6.4895E-5 7.13154E-4
0E0 0E0 0E0 0E0 0E0 0E0 0E0 0E0 0E0 0E0 0E0 0E0 0E0 0E0 0E0 3.08731E-1 2.21788E-1 1.94918E-1 2.19038E-1 3.15736E-1 0E0 0E0 0E0 0E0 0E0 0E0 3.15494E-1 2.03595E-1 2.42551E-1 1.54824E-1 1.12747E-1 8.69373E-2 8.99188E-2 7.77553E-2 1.16007E-1 1.28986E-1 1.07002E-1 8.31707E-2 1.70021E-1 2.35523E-1 2.7758E-1 1.78294E-1 1.02725E-1 1.1832E-1 2.16765E-1 3.24714E-1 7.45568E-2 5.77328E-2 3.685E-2 3.71552E-2 2.51636E-2 1.25762E-2 8.33312E-3 2.26832E-3 5.36866E-3 8.81924E-3 1.11975E-2 9.57149E-3 3.43523E-3 1.54654E-3 8.66529E-4 2.81534E-4 1.86761E-5 8.60876E-6 5.15213E-6 1.75302E-5 2.46279E-4 2.35113E-3 1.95558E-3 5.50907E-4 1.00338E-4 1.94733E-5 1.18534E-5 6.33402E-6 2.48831E-6 3.41451E-5 2.15345E-4 9.96692E-4
0E0 0E0 0E0 0E0 0E0 0E0 0E0 0E0 0E0 0E0 0E0 0E0 0E0 3.10406E-1 2.53651E-1 2.8933E-1 2.06476E-1 2.24424E-1 2.90647E-1 3.27057E-1 0E0 0E0 0E0 0E0 0E0 0E0 3.43771E-1 3.0221E-1 3.44614E-1 3.1942E-1 2.05597E-1 1.50579E-1 6.94487E-2 9.39889E-2 1.52587E-1 1.05206E-1 6.79863E-2 3.0168E-2 6.09314E-2 8.16734E-2 8.54343E-2 8.45809E-2 7.68517E-2 7.34883E-2 1.18605E-1 1.23671E-1 9.10599E-2 4.25566E-2 3.47987E-2 2.24282E-2 1.10843E-2 4.63332E-3 3.87186E-3 2.30995E-3 7.94945E-3 1.09262E-2 2.31858E-2 7.41434E-3 4.6726E-3 1.24003E-3 4.43451E-4 6.77903E-5 9.52511E-6 3.02947E-6 4.9667E-6 1.71209E-5 4.68546E-4 3.58069E-3 1.72236E-3 4.63287E-4 5.71444E-5 2.47069E-5 6.47197E-6 9.86536E-6 1.15296E-5 1.19426E-4 9.33825E-4 1.23958E-3
0E0 0E0 0E0 0E0 0E0 0E0 0E0 0E0 0E0 0E0 0E0 0E0 0E0 2.91116E-1 2.31448E-1 2.45646E-1 2.705E-1 3.28812E-1 3.42844E-1 0E0 0E0 0E0 0E0 0E0 1.54202E-1 1.44417E-1 1.04429E-1 1.74209E-1 1.56651E-1 1.53107E-1 2.40817E-1 1.27556E-1 1.31354E-1 1.48603E-1 1.48258E-1 1.29042E-1 6.5221E-2 4.56761E-2 3.42544E-2 3.11461E-2 2.53164E-2 2.41885E-2 6.86506E-2 5.70603E-2 5.94907E-2 8.941E-2 8.07202E-2 4.0138E-2 3.61849E-2 2.16929E-2 1.18868E-2 4.38354E-3 1.75645E-3 1.4789E-3 4.03447E-3 9.35986E-3 2.8489E-2 8.96583E-3 3.69236E-3 2.98875E-3 1.25334E-3 4.74643E-4 1.45581E-5 2.83486E-6 1.63524E-5 2.36141E-5 6.19756E-4 3.60658E-3 1.43736E-3 4.05083E-4 7.82246E-5 3.30273E-5 1.91985E-5 9.40904E-6 1.00966E-5 9.10596E-5 1.59894E-3 1.64514E-3
0E0 0E0 0E0 0E0 0E0 0E0 0E0 0E0 0E0 0E0 0E0 0E0 0E0 0E0 2.61274E-1 2.60604E-1 2.63548E-1 0E0 0E0 0E0 0E0 0E0 2.05776E-1 2.85896E-1 1.93797E-1 1.57584E-1 1.6361E-1 1.05819E-1 1.17812E-1 1.24144E-1 7.28977E-2 1.34261E-1 1.31751E-1 6.6207E-2 8.50508E-2 1.1814E-1 1.10641E-1 9.98467E-2 7.254E-2 5.98147E-2 3.57474E-2 3.6683E-2 5.314E-2 9.43303E-2 1.0275E-1 9.51069E-2 6.40289E-2 3.16616E-2 4.96536E-2 1.50091E-2 3.50487E-2 3.59739E-2 2.53645E-2 1.0083E-2 1.28201E-2 2.69116E-2 2.95886E-2 8.83789E-3 4.36675E-3 5.46842E-3 3.0432E-3 8.32997E-4 3.56232E-5 3.01624E-6 5.31607E-6 4.98137E-5 9.42118E-4 4.77145E-3 1.43666E-3 2.14952E-4 1.07276E-4 2.58439E-4 5.09407E-4 4.95523E-5 1.71854E-5 2.18903E-4 2.70278E-3 6.37829E-3
0E0 0E0 0E0 0E0 0E0 0E0 0E0 0E0 0E0 0E0 0E0 0E0 0E0 0E0 0E0 0E0 0E0 0E0 0E0 0E0 0E0 0E0 2.3419E-1 0E0 3.66808E-1 8.47993E-2 9.16829E-2 1.71675E-1 1.43306E-1 1.39714E-1 5.04354E-2 1.2839E-1 9.52903E-2 6.5734E-2 6.45032E-2 6.55559E-2 1.03167E-1 1.165E-1 1.1655E-1 8.69138E-2 4.07081E-2 7.51753E-2 7.58443E-2 9.21149E-2 1.02452E-1 8.3725E-2 3.98367E-2 3.57399E-2 6.48778E-2 5.55463E-2 5.10644E-2 3.4469E-2 2.20384E-2 1.44757E-2 2.38557E-2 2.33059E-2 3.08904E-2 2.27994E-2 1.11472E-2 2.38059E-3 6.28994E-4 4.65589E-4 7.90086E-4 4.68899E-4 2.78179E-4 4.20578E-4 1.89056E-3 2.43371E-3 1.24124E-3 1.05294E-4 7.81735E-5 5.16466E-4 7.91607E-5 1.99264E-5 1.05284E-4 1.22435E-3 2.93084E-3 6.08034E-3
0E0 0E0 0E0 0E0 0E0 0E0 0E0 0E0 0E0 0E0 0E0 0E0 0E0 0E0 0E0 0E0 0E0 0E0 0E0 0E0 3.58857E-1 0E0 0E0 0E0 3.5939E-1 3.38428E-1 1.22662E-1 8.72377E-2 1.3451E-1 1.51784E-1 1.16038E-1 1.10342E-1 1.31308E-1 9.69602E-2 8.29174E-2 4.31868E-2 5.09669E-2 8.51146E-2 1.1926E-1 1.10656E-1 9.31584E-2 8.84143E-2 9.27333E-2 7.86472E-2 1.1677E-1 8.80981E-2 3.55424E-2 4.21157E-2 8.84516E-2 1.06241E-1 9.49788E-2 6.53441E-2 2.70813E-2 9.56764E-3 1.39184E-2 2.81301E-2 1.48609E-2 5.06492E-2 2.25817E-2 1.05789E-2 4.02906E-3 3.32425E-3 1.94066E-3 3.05957E-3 1.90461E-3 1.11041E-3 4.01259E-3 2.98903E-3 9.44344E-4 9.59525E-4 1.33551E-3 8.37546E-4 1.77462E-4 4.57891E-5 3.80116E-4 1.85714E-3 3.6869E-3 3.71613E-3
