ENM/Final_Models/M_0.8_F_q_Set_1_NE/Gustavia_santanderiensis_1_Choco.asc
ncols         367
nrows         963
xllcorner     -78.6
yllcorner     0.65
cellsize      0.00833333333333323
NODATA_value  -9999
[rows 816 to 849 of 963, columns 156 to 233 of 367]
6.55116E-3 -9999 -9999 -9999 -9999 -9999 -9999 -9999 -9999 -9999 -9999 -9999 -9999 -9999 -9999 -9999 -9999 -9999 -9999 -9999 -9999 -9999 -9999 -9999 -9999 -9999 -9999 -9999 -9999 -9999 -9999 -9999 -9999 -9999 1.65591E-4 2.64947E-4 2.09367E-4 1.02994E-4 6.34796E-5 1.7726E-5 3.00359E-6 9.1131E-6 4.05812E-5 1.90472E-5 1.41838E-5 6.48684E-6 4.48244E-5 3.31767E-4 3.8249E-4 5.3227E-5 2.04722E-5 6.13786E-6 2.21525E-6 1.08017E-6 1.90056E-6 1.28012E-6 1.65028E-6 7.05756E-7 1.93818E-6 5.5625E-6 3.44373E-6 9.31859E-6 6.23394E-6 6.30252E-6 -9999 -9999 -9999 -9999 -9999 -9999 -9999 -9999 -9999 -9999 -9999 -9999 -9999 -9999
-9999 -9999 -9999 -9999 -9999 -9999 -9999 -9999 -9999 -9999 -9999 -9999 -9999 -9999 -9999 -9999 -9999 -9999 -9999 -9999 -9999 -9999 -9999 -9999 -9999 -9999 -9999 -9999 -9999 -9999 -9999 -9999 2.03118E-3 2.47142E-4 9.24214E-4 4.46887E-4 1.23252E-4 9.8976E-5 5.65912E-5 6.42884E-6 1.17761E-6 1.58205E-6 9.98758E-6 4.55025E-6 1.78008E-6 1.91098E-5 1.07374E-5 5.83956E-5 1.5977E-4 6.64566E-5 2.18703E-5 4.78428E-6 3.5043E-7 2.96669E-7 1.19733E-6 5.69889E-6 9.99116E-6 6.79251E-6 2.24481E-6 2.05499E-6 6.4319E-6 4.10146E-6 7.80124E-6 -9999 -9999 -9999 -9999 -9999 -9999 -9999 -9999 -9999 -9999 -9999 -9999 -9999 -9999 -9999
-9999 -9999 -9999 -9999 -9999 -9999 -9999 -9999 -9999 -9999 -9999 -9999 -9999 1.73146E-3 2.38381E-3 1.66804E-3 -9999 -9999 -9999 -9999 -9999 -9999 -9999 -9999 -9999 -9999 -9999 -9999 -9999 -9999 -9999 -9999 -9999 -9999 9.13545E-4 1.78304E-4 4.71262E-5 1.9921E-5 1.29365E-5 2.85982E-6 2.5492E-6 2.08912E-6 1.29738E-6 1.214E-6 3.22007E-6 1.1556E-5 2.47868E-5 8.63592E-6 1.31495E-4 1.46679E-4 7.00142E-5 2.91127E-5 2.52036E-6 5.10135E-6 3.09213E-6 3.1673E-6 6.4076E-6 3.63706E-6 2.68954E-6 4.2051E-6 6.34847E-6 1.87459E-5 6.58064E-6 -9999 -9999 -9999 -9999 -9999 -9999 -9999 -9999 -9999 -9999 -9999 -9999 -9999 -9999 -9999
-9999 -9999 -9999 -9999 -9999 -9999 -9999 -9999 -9999 -9999 -9999 -9999 1.92257E-3 1.43278E-3 2.94111E-3 1.31975E-3 1.0522E-3 -9999 -9999 -9999 -9999 -9999 -9999 -9999 -9999 -9999 -9999 -9999 -9999 -9999 -9999 -9999 -9999 -9999 1.71409E-4 1.54897E-4 2.15923E-5 6.13387E-6 6.08325E-6 9.99929E-6 7.27416E-6 1.89574E-6 6.46971E-7 9.35316E-7 1.53206E-6 4.76334E-6 1.40928E-5 7.52449E-6 1.81138E-5 1.62294E-4 5.60002E-5 7.43044E-5 5.93606E-5 1.06922E-4 4.55309E-5 5.97891E-5 3.51777E-5 2.12636E-5 9.82408E-7 4.94603E-6 5.08112E-6 9.96573E-6 2.5143E-6 -9999 -9999 -9999 -9999 -9999 -9999 -9999 -9999 -9999 -9999 -9999 -9999 -9999 -9999 -9999
-9999 -9999 -9999 -9999 -9999 -9999 -9999 -9999 -9999 -9999 -9999 1.21874E-3 2.3571E-3 1.3068E-3 2.84039E-3 2.55992E-3 2.10863E-3 3.23573E-3 -9999 4.87522E-3 9.42076E-3 -9999 -9999 -9999 -9999 -9999 -9999 -9999 -9999 -9999 -9999 -9999 -9999 9.63235E-4 1.59979E-4 2.83683E-4 3.49919E-5 7.76634E-6 5.39756E-6 1.45713E-5 2.14038E-5 2.40534E-6 1.07824E-6 7.73362E-7 4.55662E-7 6.25572E-7 6.92702E-7 1.16636E-6 3.2376E-5 2.56262E-5 1.89014E-5 7.17457E-5 3.99798E-5 5.76606E-6 2.29652E-5 1.12069E-5 3.54009E-6 1.32198E-5 2.01952E-5 1.67107E-5 3.5493E-6 3.42792E-6 1.03382E-5 -9999 -9999 -9999 -9999 -9999 -9999 -9999 -9999 -9999 -9999 -9999 -9999 -9999 -9999 -9999
-9999 -9999 -9999 -9999 -9999 -9999 -9999 -9999 -9999 -9999 -9999 -9999 1.56288E-3 1.47489E-3 3.34651E-3 2.03351E-3 1.75318E-3 2.0453E-3 1.69598E-3 3.06825E-3 1.21799E-2 -9999 -9999 -9999 -9999 -9999 -9999 -9999 -9999 -9999 4.52611E-3 6.69248E-3 4.91433E-3 1.59719E-3 2.53584E-4 1.9927E-4 1.54174E-4 2.70475E-5 2.63742E-5 2.66506E-5 9.53666E-6 3.39301E-6 1.14669E-6 1.46412E-6 1.34778E-6 3.69675E-6 1.802E-6 7.87928E-7 5.08625E-6 6.44569E-6 3.87709E-6 2.47227E-5 4.7401E-5 7.57946E-6 5.29469E-6 1.02345E-5 2.92292E-6 7.64133E-6 8.20047E-6 3.88269E-6 3.37902E-6 2.33933E-6 1.59658E-6 -9999 -9999 -9999 -9999 -9999 -9999 -9999 -9999 -9999 -9999 -9999 -9999 -9999 -9999 -9999
-9999 -9999 -9999 -9999 -9999 -9999 -9999 -9999 -9999 -9999 -9999 3.16308E-3 5.36684E-3 -9999 -9999 1.59469E-3 2.58414E-3 1.26427E-3 2.28048E-3 6.89414E-3 -9999 -9999 -9999 -9999 -9999 -9999 -9999 -9999 -9999 -9999 -9999 -9999 -9999 -9999 -9999 -9999 6.28965E-5 3.95913E-5 2.50976E-5 5.59202E-5 2.56468E-5 1.12694E-5 3.16249E-6 1.47215E-6 7.90083E-7 5.43748E-6 6.90967E-6 4.94139E-7 1.80126E-6 2.29655E-6 1.14902E-6 2.04802E-6 1.33698E-5 1.06797E-5 2.66843E-6 7.6023E-6 5.11831E-6 2.90141E-6 4.83862E-6 1.95672E-6 4.56003E-7 8.16685E-7 2.01145E-6 -9999 -9999 -9999 -9999 -9999 -9999 -9999 -9999 -9999 -9999 -9999 -9999 -9999 -9999 -9999
-9999 -9999 -9999 -9999 -9999 -9999 -9999 -9999 -9999 -9999 -9999 -9999 -9999 -9999 -9999 1.40555E-3 1.50646E-3 1.06543E-3 3.26053E-3 7.3658E-3 -9999 -9999 -9999 -9999 -9999 -9999 -9999 -9999 -9999 -9999 -9999 -9999 -9999 -9999 -9999 -9999 -9999 1.26716E-4 8.94961E-5 1.30885E-4 1.7128E-5 3.19822E-6 2.20099E-6 1.934E-6 4.56048E-6 3.75951E-6 2.16919E-6 1.33137E-6 2.68504E-6 4.0944E-6 2.0126E-6 3.72239E-6 2.05896E-6 7.81477E-6 2.61005E-6 3.43007E-6 8.03185E-6 3.91074E-6 5.79279E-6 1.74905E-6 4.28802E-6 4.27901E-6 9.932E-6 8.75679E-6 -9999 -9999 -9999 -9999 -9999 -9999 -9999 -9999 -9999 -9999 -9999 -9999 -9999 -9999
-9999 -9999 -9999 -9999 -9999 -9999 -9999 -9999 -9999 -9999 -9999 -9999 -9999 -9999 -9999 1.25566E-3 1.15233E-3 1.20129E-3 4.17167E-3 1.36147E-2 -9999 -9999 -9999 -9999 -9999 -9999 -9999 -9999 4.00016E-3 7.33046E-3 7.29919E-3 -9999 -9999 -9999 1.62677E-4 1.72042E-4 6.00888E-4 6.32185E-4 5.02711E-4 8.72077E-5 4.06722E-5 1.44099E-5 4.93275E-6 9.97241E-7 1.8359E-6 1.43378E-6 3.42435E-7 1.97498E-6 2.87691E-6 5.33886E-6 4.51582E-6 2.81995E-6 3.17186E-6 3.37878E-6 4.99564E-6 9.04312E-7 2.48798E-6 2.08436E-6 2.55728E-6 1.74551E-6 2.982E-6 1.56595E-5 1.20336E-5 1.10295E-5 -9999 -9999 -9999 -9999 -9999 -9999 -9999 -9999 -9999 -9999 -9999 -9999 -9999 -9999
-9999 -9999 -9999 -9999 -9999 -9999 -9999 -9999 -9999 -9999 -9999 -9999 -9999 -9999 4.41583E-3 2.00317E-3 2.01247E-3 1.78131E-3 3.11365E-3 1.13824E-2 -9999 -9999 -9999 -9999 -9999 -9999 -9999 -9999 4.28091E-3 2.87162E-3 1.28334E-3 4.33846E-4 1.52483E-4 8.56836E-6 7.54366E-6 1.24216E-4 8.01207E-5 2.44182E-4 2.1993E-4 9.13694E-5 6.09067E-5 1.10767E-4 5.99311E-5 1.03657E-5 2.17293E-6 7.94985E-7 8.8125E-7 1.62976E-6 7.49024E-6 9.52879E-6 3.29812E-6 1.42376E-6 3.60782E-6 2.12967E-6 4.04641E-6 2.46231E-6 1.01533E-6 1.41439E-6 2.05041E-6 6.71429E-6 3.82782E-6 2.96856E-6 5.81931E-6 9.73713E-6 -9999 -9999 -9999 -9999 -9999 -9999 -9999 -9999 -9999 -9999 -9999 -9999 -9999 -9999
-9999 -9999 -9999 -9999 -9999 -9999 -9999 -9999 -9999 -9999 -9999 -9999 -9999 3.11559E-3 2.29161E-3 1.6213E-3 1.93232E-3 2.73437E-3 2.64371E-3 5.26554E-3 -9999 -9999 -9999 -9999 -9999 -9999 -9999 -9999 9.90107E-4 5.68347E-4 3.0125E-4 2.70839E-4 7.10996E-5 2.65778E-5 1.08451E-5 6.30568E-5 1.0828E-5 2.50342E-5 8.85411E-5 4.07563E-5 3.25425E-5 1.65803E-5 5.11402E-6 8.00407E-6 6.98114E-6 8.72247E-6 2.30652E-6 1.27074E-6 3.70045E-6 7.23258E-6 4.03538E-6 2.49824E-6 2.94799E-6 4.06354E-6 3.40974E-6 1.64985E-6 2.01151E-6 1.74928E-6 2.183E-6 7.57404E-6 7.43926E-6 8.83024E-6 1.36719E-5 1.58905E-5 -9999 -9999 -9999 -9999 -9999 -9999 -9999 -9999 -9999 -9999 -9999 -9999 -9999 -9999
-9999 -9999 -9999 -9999 -9999 -9999 -9999 -9999 -9999 -9999 -9999 -9999 -9999 -9999 -9999 1.45885E-3 2.24366E-3 1.52798E-3 2.37153E-3 5.66685E-3 -9999 -9999 -9999 -9999 -9999 -9999 -9999 -9999 7.5358E-4 2.18297E-4 8.53027E-5 4.1873E-5 1.18947E-5 6.34807E-6 7.42785E-6 7.12856E-5 1.49575E-5 1.06208E-5 3.88047E-5 3.42761E-5 2.2071E-5 5.86907E-5 2.77144E-6 1.93733E-6 1.80459E-6 4.04135E-6 6.35958E-6 7.43445E-6 7.93061E-7 8.14952E-6 5.93954E-6 4.00957E-6 2.46073E-6 4.84291E-6 3.89802E-6 4.53956E-6 7.26923E-6 7.93853E-6 2.82685E-6 1.0118E-5 4.79134E-6 1.56412E-5 1.28497E-5 1.27354E-5 -9999 -9999 -9999 -9999 -9999 -9999 -9999 -9999 -9999 -9999 -9999 -9999 -9999 -9999
-9999 -9999 -9999 -9999 -9999 -9999 -9999 -9999 -9999 -9999 -9999 -9999 -9999 -9999 -9999 -9999 7.58597E-4 9.7012E-4 2.18268E-3 4.17668E-3 -9999 -9999 3.38428E-3 -9999 -9999 -9999 -9999 -9999 1.14515E-3 1.36243E-4 1.74424E-5 8.71952E-6 4.0769E-6 3.72857E-6 1.11072E-5 2.33673E-5 1.03527E-5 2.44905E-6 6.12304E-6 2.92909E-5 1.0902E-5 2.90936E-6 7.02068E-6 1.52885E-6 1.91058E-6 4.90157E-7 6.03226E-6 4.14223E-6 3.96094E-6 1.76504E-5 9.64465E-6 5.47369E-6 9.53276E-7 2.0518E-6 7.10115E-6 1.30721E-6 2.13771E-6 5.02929E-6 1.0746E-5 7.00971E-6 1.01326E-5 9.09382E-6 9.04312E-6 -9999 -9999 -9999 -9999 -9999 -9999 -9999 -9999 -9999 -9999 -9999 -9999 -9999 -9999 -9999
-9999 -9999 -9999 -9999 -9999 -9999 -9999 -9999 -9999 -9999 -9999 -9999 -9999 -9999 -9999 -9999 -9999 7.11203E-4 1.60566E-3 3.36027E-3 -9999 -9999 5.56248E-3 -9999 -9999 -9999 -9999 1.15446E-3 1.24581E-3 2.75319E-4 4.09943E-5 4.74317E-6 2.39223E-6 4.58254E-6 1.11442E-5 6.90766E-6 7.47137E-6 2.35846E-6 3.54009E-6 2.34449E-5 8.36809E-6 1.03952E-6 7.74764E-7 8.47739E-7 8.15083E-6 4.44586E-6 3.72792E-6 2.06612E-6 3.84332E-6 5.15306E-6 8.99775E-6 8.85882E-6 2.1753E-6 9.78899E-7 2.73333E-6 2.61336E-6 4.61422E-6 1.05304E-5 1.23096E-5 1.09245E-5 1.38697E-5 1.02945E-5 -9999 -9999 -9999 -9999 -9999 -9999 -9999 -9999 -9999 -9999 -9999 -9999 -9999 -9999 -9999 -9999
-9999 -9999 -9999 -9999 -9999 -9999 -9999 -9999 -9999 -9999 -9999 -9999 -9999 -9999 6.07139E-3 -9999 -9999 9.76572E-4 7.43052E-4 2.02955E-3 -9999 -9999 -9999 -9999 -9999 4.06195E-4 3.9852E-4 9.64759E-4 3.48035E-4 1.04911E-4 1.42888E-5 4.53558E-6 5.60343E-6 4.39586E-6 7.3952E-6 6.97204E-6 6.03867E-6 3.67944E-6 3.57134E-6 1.10248E-5 1.73942E-6 1.30563E-6 4.41351E-6 2.49129E-6 1.03139E-5 9.38653E-6 5.48489E-6 2.78697E-6 4.07386E-6 2.39605E-6 5.69373E-6 8.58501E-6 2.68103E-6 9.2804E-7 5.53324E-6 2.93947E-6 1.0558E-5 2.35494E-5 1.35348E-5 1.61983E-5 1.25318E-5 1.16929E-5 -9999 -9999 -9999 -9999 -9999 -9999 -9999 -9999 -9999 -9999 -9999 -9999 -9999 -9999 -9999 -9999
-9999 -9999 -9999 -9999 -9999 -9999 -9999 -9999 -9999 6.81765E-3 1.26359E-2 -9999 -9999 4.18415E-3 6.41056E-3 -9999 -9999 1.70216E-3 9.71153E-4 5.13199E-3 1.65998E-3 -9999 -9999 9.86563E-4 1.64121E-4 1.26341E-4 1.66711E-4 1.16461E-4 6.05814E-5 1.2584E-5 2.51035E-5 9.01101E-6 5.9655E-6 2.96156E-6 7.84136E-6 8.19599E-6 3.54852E-6 3.52644E-6 3.68655E-6 1.32076E-5 7.03036E-6 1.90445E-6 4.84575E-6 1.1879E-5 2.05204E-5 5.22392E-6 3.05976E-6 2.46074E-6 4.85303E-6 7.35694E-6 3.68666E-6 5.29642E-6 4.6108E-6 1.69106E-6 8.55596E-6 1.20136E-5 3.71145E-6 7.35482E-6 1.08851E-5 1.54944E-5 1.51038E-5 1.00987E-5 -9999 -9999 -9999 -9999 -9999 -9999 -9999 -9999 -9999 -9999 -9999 -9999 -9999 -9999 -9999 -9999
-9999 -9999 -9999 -9999 -9999 -9999 -9999 -9999 -9999 5.29295E-3 5.95661E-3 -9999 -9999 3.61897E-3 6.91437E-3 -9999 -9999 1.59474E-3 1.18751E-3 2.55767E-3 2.09157E-3 -9999 -9999 4.99727E-4 8.99626E-5 5.84672E-5 1.88865E-5 2.07043E-5 4.59036E-5 3.54753E-5 2.12409E-5 9.86319E-6 2.25756E-6 1.80791E-6 5.35228E-6 3.21928E-6 2.82971E-6 8.04542E-6 1.06124E-5 1.09922E-5 6.98303E-6 2.17169E-6 2.60974E-6 1.45172E-5 1.16748E-5 4.76826E-6 1.47686E-6 1.68257E-6 4.23934E-6 6.03178E-6 3.78405E-6 4.76919E-6 4.71374E-6 5.90989E-6 1.42501E-5 2.34904E-5 1.25505E-5 1.89756E-5 1.22632E-5 2.1019E-5 1.36369E-5 2.34966E-5 -9999 -9999 -9999 -9999 -9999 -9999 -9999 -9999 -9999 -9999 -9999 -9999 -9999 -9999 -9999 -9999
-9999 -9999 -9999 -9999 -9999 -9999 -9999 -9999 -9999 5.90561E-3 4.02229E-3 -9999 -9999 4.31093E-3 5.00979E-3 -9999 -9999 1.45759E-3 4.93353E-3 8.34594E-3 3.06896E-3 -9999 -9999 9.12361E-5 3.28331E-5 2.95827E-5 2.68082E-5 6.77082E-5 2.96408E-5 9.83955E-6 4.14722E-6 3.11397E-6 2.13058E-6 1.05351E-6 2.92017E-6 2.91141E-6 8.29458E-7 4.085E-6 4.43624E-6 1.68753E-5 1.49723E-5 6.19716E-6 6.07383E-6 1.5085E-5 8.88751E-6 6.25336E-6 4.437E-6 2.96007E-6 5.62879E-6 2.98306E-6 4.60502E-6 9.63057E-6 1.38766E-5 5.59867E-6 1.00354E-5 8.73115E-6 1.44601E-5 1.37822E-5 1.82492E-5 1.33931E-5 1.69046E-5 -9999 -9999 -9999 -9999 -9999 -9999 -9999 -9999 -9999 -9999 -9999 -9999 -9999 -9999 -9999 -9999 -9999
-9999 -9999 -9999 -9999 -9999 -9999 -9999 -9999 9.24585E-4 1.60622E-3 3.03619E-3 -9999 -9999 2.74217E-3 3.73569E-3 1.56805E-3 8.81072E-4 1.74244E-3 3.14936E-3 7.09725E-3 3.5838E-3 -9999 1.348E-3 9.01672E-5 6.4498E-5 1.3675E-4 9.74454E-5 2.79583E-5 8.41406E-6 2.15834E-6 1.63026E-6 2.79949E-6 1.96634E-6 1.31382E-6 1.63263E-6 2.988E-6 1.01779E-6 2.54111E-6 3.97808E-6 1.03263E-5 1.69603E-5 1.89731E-5 1.05699E-5 1.18852E-5 2.11414E-5 1.84204E-5 9.94352E-6 6.87246E-6 3.30269E-6 2.91423E-6 4.82691E-6 1.61647E-5 2.42064E-5 1.07134E-5 1.02192E-5 1.62368E-5 1.61016E-5 1.49461E-5 1.50209E-5 2.12291E-5 1.78168E-5 -9999 -9999 -9999 -9999 -9999 -9999 -9999 -9999 -9999 -9999 -9999 -9999 -9999 -9999 -9999 -9999 -9999
-9999 -9999 -9999 -9999 -9999 -9999 -9999 -9999 1.60875E-3 5.24567E-4 1.05424E-3 1.98664E-3 -9999 2.12891E-3 1.43242E-3 2.10537E-3 1.22072E-3 3.59974E-3 4.37436E-3 8.39412E-3 2.72366E-3 2.55976E-3 1.4975E-3 4.15888E-4 1.9485E-4 5.77703E-5 1.94639E-5 9.24029E-6 3.92093E-6 1.1633E-6 2.1599E-6 4.13376E-6 3.17215E-6 2.33297E-6 2.95202E-6 4.88041E-6 3.23602E-6 7.31998E-6 5.90302E-6 1.54214E-5 9.98836E-6 1.18997E-5 6.93776E-6 1.16874E-5 2.97987E-5 3.11528E-5 1.75525E-5 7.79175E-6 5.83622E-6 1.00015E-5 1.5936E-5 1.82088E-5 2.3444E-5 2.08249E-5 1.17401E-5 1.65641E-5 1.86581E-5 2.07133E-5 1.97366E-5 1.62237E-5 1.43365E-5 -9999 -9999 -9999 -9999 -9999 -9999 -9999 -9999 -9999 -9999 -9999 -9999 -9999 -9999 -9999 -9999 -9999
-9999 -9999 -9999 -9999 -9999 4.38495E-3 5.11626E-3 3.91421E-3 1.96905E-3 4.5147E-4 4.59966E-4 7.39192E-4 8.32649E-4 1.04797E-3 1.00817E-3 9.19602E-4 3.9944E-3 3.53481E-3 4.06442E-3 8.65054E-3 3.50445E-3 2.92243E-3 1.5657E-3 4.3798E-4 7.88149E-5 6.03743E-5 2.2838E-5 2.06787E-6 2.43078E-6 1.6409E-6 1.35182E-6 2.07977E-6 2.01109E-6 1.97196E-6 3.44284E-6 3.18553E-6 5.29576E-6 2.08418E-6 2.14469E-6 5.30148E-6 5.57108E-6 4.01319E-6 4.55187E-6 1.84572E-5 2.71871E-5 1.22854E-5 1.3013E-5 7.9177E-6 1.41237E-5 2.24141E-5 2.49415E-5 1.59239E-5 2.56353E-5 2.50685E-5 1.89592E-5 2.68223E-5 1.94649E-5 1.89914E-5 1.69323E-5 1.48645E-5 1.24467E-5 -9999 -9999 -9999 -9999 -9999 -9999 -9999 -9999 -9999 -9999 -9999 -9999 -9999 -9999 -9999 -9999 -9999
-9999 -9999 -9999 -9999 -9999 1.30583E-2 1.04448E-2 1.12579E-2 1.12018E-2 3.30597E-3 -9999 6.9838E-4 9.4077E-4 1.66192E-3 1.46805E-3 3.09589E-3 1.7783E-3 2.94563E-3 3.58187E-3 6.88168E-3 4.57499E-3 1.93102E-3 3.23098E-4 2.04978E-4 5.85875E-5 5.3988E-5 7.67582E-5 9.51161E-6 3.93154E-6 1.84608E-6 2.64327E-6 2.61502E-6 5.65269E-6 1.2675E-6 1.70152E-6 3.24186E-6 2.19773E-6 1.84135E-6 3.50527E-6 4.20465E-6 1.75953E-6 3.36518E-6 5.20039E-6 1.3924E-5 8.66222E-6 8.94702E-6 1.4971E-5 1.70085E-5 1.88921E-5 2.90403E-5 2.56333E-5 2.58854E-5 2.60584E-5 1.99592E-5 1.94707E-5 2.16509E-5 1.40459E-5 1.10712E-5 1.45549E-5 1.13445E-5 1.1055E-5 -9999 -9999 -9999 -9999 -9999 -9999 -9999 -9999 -9999 -9999 -9999 -9999 -9999 -9999 -9999 -9999 -9999
-9999 -9999 -9999 -9999 -9999 -9999 1.31556E-2 1.82781E-2 -9999 -9999 -9999 1.19522E-3 -9999 -9999 2.83112E-3 3.60801E-3 2.55751E-3 -9999 -9999 -9999 4.88443E-3 5.6842E-4 1.4732E-4 1.40822E-4 7.23921E-5 1.19956E-4 4.43904E-5 3.82583E-5 4.69828E-6 5.22863E-6 4.04116E-6 6.61675E-6 5.49988E-6 1.81326E-6 1.45426E-6 9.26402E-7 1.31196E-6 2.09157E-6 4.86531E-6 1.52112E-6 1.91177E-6 2.94557E-6 5.15939E-6 6.6088E-6 6.21943E-6 1.10204E-5 2.65427E-5 2.13408E-5 2.58837E-5 3.07375E-5 2.09119E-5 1.65057E-5 2.1128E-5 2.00531E-5 1.97421E-5 -9999 -9999 -9999 1.22656E-5 1.46988E-5 9.02075E-6 -9999 -9999 -9999 -9999 -9999 -9999 -9999 -9999 -9999 -9999 -9999 -9999 -9999 -9999 -9999 -9999 -9999
-9999 -9999 -9999 -9999 -9999 -9999 -9999 -9999 -9999 -9999 -9999 -9999 -9999 -9999 -9999 -9999 -9999 -9999 -9999 -9999 2.19798E-3 1.41976E-3 3.20183E-4 5.67735E-4 4.22817E-4 1.9836E-4 7.52502E-5 1.03877E-4 2.51847E-5 8.86333E-5 4.39102E-5 3.82701E-5 6.43829E-6 2.34293E-6 1.88531E-6 1.15676E-6 2.73548E-6 1.15278E-6 1.23545E-6 1.83773E-6 3.92122E-6 1.94223E-6 2.14627E-6 5.0866E-6 5.81139E-6 1.54683E-5 2.90605E-5 2.06158E-5 2.8588E-5 2.64783E-5 1.76775E-5 1.13756E-5 1.3639E-5 1.82378E-5 -9999 -9999 -9999 -9999 1.11313E-5 5.94687E-6 2.52479E-6 -9999 -9999 -9999 -9999 -9999 -9999 -9999 -9999 -9999 -9999 -9999 -9999 -9999 -9999 -9999 -9999 -9999
-9999 -9999 -9999 -9999 -9999 -9999 -9999 -9999 -9999 -9999 -9999 -9999 -9999 -9999 -9999 -9999 -9999 -9999 -9999 -9999 2.32332E-3 1.80261E-3 1.5859E-3 4.3393E-4 8.03144E-4 2.5402E-4 1.32685E-4 1.16912E-4 1.81872E-4 1.42087E-4 6.40459E-5 4.7587E-5 2.15313E-5 8.05035E-6 3.04418E-6 1.65243E-6 1.53832E-6 2.97193E-6 6.42594E-6 2.3845E-6 1.63105E-6 3.66115E-6 1.6876E-6 3.44036E-6 6.24685E-6 1.72028E-5 2.31958E-5 2.67462E-5 2.57516E-5 2.34791E-5 2.01842E-5 -9999 -9999 -9999 -9999 -9999 -9999 3.62384E-6 2.22856E-6 3.29508E-6 3.34053E-6 -9999 -9999 -9999 -9999 -9999 -9999 -9999 -9999 -9999 -9999 -9999 -9999 -9999 -9999 -9999 -9999 -9999
-9999 -9999 -9999 -9999 -9999 -9999 -9999 -9999 -9999 -9999 -9999 -9999 -9999 -9999 -9999 -9999 -9999 1.57148E-3 2.28142E-3 4.97928E-3 1.30956E-3 6.93129E-4 1.08917E-3 5.84723E-4 3.40945E-4 1.72859E-4 1.1282E-4 2.85143E-4 2.17218E-4 3.93004E-5 3.43162E-6 9.41336E-6 2.01605E-5 1.18751E-5 6.3703E-6 4.14587E-6 3.34178E-6 1.39014E-6 1.02201E-6 1.62427E-6 2.95792E-6 7.36352E-6 2.29611E-6 5.61287E-6 6.58121E-6 1.27764E-5 2.90396E-5 2.29394E-5 2.09534E-5 2.34136E-5 2.07882E-5 -9999 -9999 -9999 8.6128E-6 1.1578E-5 9.80547E-6 7.21293E-6 3.64618E-6 3.68441E-6 5.5213E-6 -9999 -9999 -9999 -9999 -9999 -9999 -9999 -9999 -9999 -9999 -9999 -9999 -9999 -9999 -9999 -9999 -9999
-9999 -9999 -9999 -9999 -9999 -9999 -9999 -9999 -9999 -9999 -9999 -9999 -9999 -9999 -9999 2.89126E-3 1.74718E-3 1.02228E-3 2.21301E-3 8.43413E-3 5.7432E-3 3.36543E-3 8.68603E-4 5.38987E-4 3.13511E-4 4.20479E-4 3.13451E-4 7.02818E-5 5.68148E-5 1.46267E-5 1.80942E-6 3.10229E-7 2.49689E-6 6.2695E-6 3.04977E-6 1.78919E-6 4.56296E-7 7.35827E-7 7.68365E-7 2.19812E-6 2.84888E-6 7.75454E-6 6.40813E-6 9.10753E-6 1.20192E-5 2.18866E-5 2.86886E-5 2.47064E-5 2.67283E-5 1.1036E-5 1.54603E-5 -9999 -9999 1.0359E-5 9.08537E-6 1.44308E-5 1.27323E-5 1.2467E-5 1.33319E-5 6.66433E-6 1.02072E-5 -9999 -9999 -9999 -9999 -9999 -9999 -9999 -9999 -9999 -9999 -9999 -9999 -9999 -9999 -9999 -9999 -9999
-9999 -9999 -9999 -9999 -9999 -9999 -9999 -9999 -9999 -9999 -9999 -9999 -9999 -9999 2.62934E-3 7.91213E-4 5.54004E-4 6.65883E-4 7.81768E-4 2.23494E-3 2.173E-3 2.31739E-3 7.65146E-4 5.92488E-4 1.56178E-3 1.57417E-4 2.87195E-5 2.20367E-5 1.04457E-5 1.20422E-5 1.11821E-6 1.5106E-6 2.47537E-6 2.42562E-6 1.84855E-6 1.39846E-6 5.13845E-6 3.35814E-6 1.19931E-6 1.48945E-6 6.79869E-6 5.0268E-6 1.03349E-5 1.29447E-5 1.96396E-5 2.65382E-5 2.4529E-5 2.6205E-5 3.02927E-5 -9999 -9999 -9999 -9999 9.50088E-6 9.35643E-6 1.83468E-5 7.06695E-6 9.64876E-6 1.39472E-5 8.69426E-6 6.23327E-6 -9999 -9999 -9999 -9999 -9999 -9999 -9999 -9999 -9999 -9999 -9999 -9999 -9999 -9999 -9999 -9999 -9999
-9999 -9999 -9999 -9999 -9999 -9999 -9999 -9999 -9999 -9999 -9999 -9999 -9999 1.68787E-3 3.2424E-4 2.88214E-4 3.57767E-4 5.90287E-4 2.56178E-4 9.96071E-4 1.04559E-3 7.58954E-4 3.13914E-3 2.53944E-3 7.507E-4 2.74961E-5 1.13266E-5 1.84714E-5 7.3994E-6 1.94958E-6 2.04539E-6 2.23099E-6 2.69996E-6 1.68432E-6 1.28128E-6 4.86515E-6 6.34432E-6 2.31567E-6 1.12108E-6 2.26871E-6 5.67801E-6 8.8289E-6 5.96259E-6 1.05008E-5 2.5343E-5 1.8685E-5 1.47889E-5 2.64023E-5 2.74029E-5 -9999 -9999 -9999 -9999 6.37922E-6 8.70166E-6 7.22341E-6 9.35568E-7 1.7306E-6 5.15115E-6 1.46237E-5 1.63477E-5 2.80485E-5 -9999 -9999 -9999 -9999 -9999 -9999 -9999 -9999 -9999 -9999 -9999 -9999 -9999 -9999 -9999 -9999
-9999 -9999 -9999 -9999 -9999 -9999 -9999 -9999 -9999 1.43555E-2 1.54762E-2 -9999 -9999 1.57384E-3 1.16096E-4 1.01099E-4 1.78211E-4 3.13447E-4 3.18869E-4 4.40779E-4 7.60052E-5 1.61024E-4 6.03303E-4 4.19543E-4 3.14039E-4 3.56121E-5 6.52647E-6 6.21385E-6 4.5507E-6 2.40394E-6 2.57723E-6 2.63748E-6 1.29498E-6 1.39035E-6 1.49447E-6 4.19803E-6 4.98422E-6 1.78763E-6 1.79504E-6 2.23242E-6 1.75248E-6 3.11987E-6 9.60599E-6 9.05739E-6 1.28073E-5 1.52858E-5 1.98876E-5 3.28484E-5 2.10731E-5 -9999 -9999 -9999 -9999 -9999 -9999 6.48139E-6 4.49375E-6 3.54635E-6 3.37245E-6 7.00398E-6 1.6185E-5 1.97914E-5 -9999 -9999 -9999 -9999 -9999 -9999 -9999 -9999 -9999 -9999 -9999 -9999 -9999 -9999 -9999 -9999
-9999 -9999 -9999 -9999 -9999 -9999 -9999 -9999 7.85836E-3 1.16902E-2 1.30756E-2 -9999 -9999 6.73276E-4 1.54348E-4 1.33961E-4 1.8948E-4 4.09444E-4 3.37515E-4 2.63124E-4 5.99744E-5 1.31449E-4 4.68499E-4 1.58872E-4 2.09974E-4 7.7998E-5 9.92176E-6 4.58592E-6 3.412E-6 3.09936E-6 2.54955E-6 4.41102E-6 4.87208E-6 3.03241E-6 3.4438E-6 2.79311E-6 2.74465E-6 3.14678E-6 3.42674E-6 2.66826E-6 4.99414E-6 4.83171E-6 8.3136E-6 8.0647E-6 1.50896E-5 1.88698E-5 3.0551E-5 2.89317E-5 2.70226E-5 -9999 -9999 -9999 -9999 -9999 -9999 3.88242E-6 1.63122E-6 1.35008E-6 4.36355E-6 8.61317E-6 1.14431E-5 2.31385E-5 -9999 -9999 -9999 -9999 -9999 -9999 -9999 -9999 -9999 -9999 -9999 -9999 -9999 -9999 -9999 -9999
-9999 -9999 -9999 -9999 2.58687E-2 1.8217E-2 -9999 -9999 4.32352E-3 1.06763E-2 6.60272E-3 1.08889E-3 1.52148E-4 1.49284E-4 1.20593E-4 2.88381E-5 1.61458E-4 4.00333E-4 4.3101E-4 1.61731E-4 7.59246E-5 1.64592E-4 2.74086E-4 4.75245E-5 1.84867E-5 4.0754E-5 1.47051E-5 3.09748E-6 2.33615E-6 2.0649E-6 4.68103E-6 1.0805E-5 1.09172E-5 1.1037E-5 4.87896E-6 3.52284E-6 4.79292E-6 9.06686E-6 6.39285E-6 5.73828E-6 5.75173E-6 5.99732E-6 1.49357E-5 1.25371E-5 1.56905E-5 1.94433E-5 2.52616E-5 2.98213E-5 2.41266E-5 2.44207E-5 1.38233E-5 1.48573E-5 -9999 -9999 -9999 3.11693E-6 1.55998E-6 2.53994E-6 4.76057E-6 7.24247E-6 1.07893E-5 1.71625E-5 2.90735E-5 -9999 -9999 -9999 -9999 -9999 -9999 -9999 -9999 -9999 -9999 -9999 -9999 -9999 -9999 -9999
7.41038E-3 -9999 -9999 1.61598E-2 2.83099E-2 1.92742E-2 -9999 -9999 4.27082E-3 6.84126E-3 2.14425E-3 5.30345E-4 9.81454E-5 4.58815E-5 7.11148E-5 2.8537E-5 4.96198E-5 1.11581E-4 6.05944E-5 5.8719E-5 3.20489E-5 1.73462E-4 1.188E-4 1.71556E-5 5.17004E-6 1.74672E-5 4.12805E-5 4.69963E-6 2.88159E-6 3.08786E-6 1.35158E-5 2.96323E-5 1.83417E-5 8.11471E-6 3.5515E-6 4.37256E-6 3.56387E-6 3.77732E-6 5.65706E-6 3.78536E-6 6.48637E-6 5.59233E-6 1.00698E-5 9.37298E-6 1.66237E-5 2.4083E-5 2.95651E-5 2.48931E-5 3.01E-5 2.64735E-5 2.13606E-5 1.87297E-5 1.68214E-5 -9999 -9999 4.05034E-6 9.55852E-7 8.02809E-7 1.17959E-6 4.16576E-6 7.06131E-6 1.24524E-5 3.16918E-5 -9999 -9999 -9999 -9999 -9999 -9999 -9999 -9999 -9999 -9999 -9999 -9999 -9999 -9999 -9999
2.87919E-3 1.00498E-3 4.99641E-3 1.06468E-2 2.13389E-2 1.21266E-2 -9999 3.62001E-3 2.97392E-3 9.15902E-4 3.77151E-4 5.5426E-5 2.91608E-5 2.93023E-5 5.22093E-5 3.61259E-5 2.14358E-5 4.37834E-5 3.41271E-5 3.51518E-5 2.53154E-5 8.4415E-5 1.17006E-4 1.60496E-5 3.60836E-6 1.37307E-5 2.3092E-5 3.32619E-6 3.60481E-6 3.71366E-6 1.00744E-5 1.14233E-5 9.14032E-6 4.3411E-6 3.30412E-6 3.78721E-6 5.14027E-6 3.24541E-6 7.438E-6 1.13274E-5 9.83886E-6 5.11995E-6 8.49638E-6 9.1381E-6 1.44858E-5 2.1184E-5 2.42962E-5 1.95394E-5 2.72212E-5 2.27349E-5 2.78971E-5 1.83995E-5 1.69124E-5 -9999 -9999 3.28738E-6 1.65757E-6 8.27866E-7 9.2364E-7 6.35731E-7 3.34927E-6 8.36666E-6 3.15089E-5 -9999 -9999 -9999 -9999 -9999 -9999 -9999 -9999 -9999 -9999 -9999 -9999 -9999 -9999 -9999
