ENM/Final_Models/M_0.8_F_q_Set_1_NE/Gustavia_santanderiensis_9_Choco.asc
ncols         367
nrows         963
xllcorner     -78.6
yllcorner     0.65
cellsize      0.00833333333333323
NODATA_value  -9999
[rows 816 to 849 of 963, columns 78 to 155 of 367]
0E0 0E0 0E0 0E0 0E0 0E0 0E0 0E0 0E0 0E0 0E0 0E0 0E0 0E0 0E0 0E0 0E0 0E0 0E0 6.353E-1 0E0 0E0 0E0 0E0 3.1504E-1 1.81139E-1 2.57015E-1 3.73178E-1 3.93584E-1 9.1001E-1 6.38464E-1 5.31706E-1 8.31814E-1 7.97271E-1 4.50523E-1 1.66389E-1 -9999 -9999 -9999 -9999 7.78012E-1 8.25079E-1 4.79026E-1 -9999 -9999 -9999 -9999 2.91072E-1 3.63753E-1 1.16872E-1 9.40119E-2 1.38238E-1 4.88E-2 3.8406E-2 3.56123E-2 1.02504E-1 1.04791E-1 1.33757E-1 6.3791E-2 2.18469E-2 1.28092E-2 4.39809E-2 1.94021E-2 1.29499E-2 1.0371E-2 2.88518E-3 3.44408E-3 2.29445E-3 2.55062E-3 1.83584E-3 3.2941E-4 1.84118E-4 7.75471E-5 3.0705E-5 4.1142E-4 4.01769E-3 5.9613E-3 6.5133E-3
0E0 0E0 0E0 0E0 0E0 0E0 0E0 0E0 0E0 0E0 0E0 0E0 0E0 0E0 0E0 0E0 0E0 0E0 0E0 5.65291E-1 0E0 0E0 4.00362E-1 0E0 2.36717E-1 1.64222E-1 3.01631E-1 6.96048E-1 4.90555E-1 8.95034E-1 7.7831E-1 8.29728E-1 9.27625E-1 8.23902E-1 3.69802E-1 2.07732E-1 -9999 -9999 -9999 -9999 -9999 7.32991E-1 -9999 -9999 -9999 -9999 -9999 -9999 2.77171E-1 9.41154E-2 1.12551E-1 2.49431E-1 1.08711E-1 1.53113E-1 2.26264E-1 2.98759E-1 2.48906E-1 2.25887E-2 1.89703E-2 2.42099E-2 1.27191E-2 1.12301E-2 7.57686E-3 4.30502E-3 3.17779E-3 7.9366E-4 1.96976E-3 8.30709E-4 5.65108E-4 9.43196E-4 7.71688E-5 4.28669E-5 1.09427E-5 1.37716E-5 3.41387E-4 1.05911E-2 -9999 -9999
0E0 0E0 0E0 0E0 0E0 0E0 0E0 0E0 0E0 0E0 0E0 0E0 0E0 0E0 0E0 0E0 0E0 0E0 0E0 0E0 0E0 0E0 0E0 0E0 0E0 2.6517E-1 1.8337E-1 3.76555E-1 0E0 8.91144E-1 7.20946E-1 7.02112E-1 6.56836E-1 5.74875E-1 4.00682E-1 3.44216E-1 -9999 -9999 -9999 -9999 -9999 -9999 -9999 -9999 -9999 -9999 -9999 -9999 3.69144E-1 5.27256E-1 3.38494E-1 4.51946E-1 1.42217E-1 4.29015E-2 2.0005E-1 1.19342E-1 1.0791E-1 9.2544E-2 4.33909E-2 1.38114E-2 3.71095E-3 9.50887E-3 7.31016E-3 4.71503E-3 1.05517E-2 3.75797E-3 6.3746E-4 2.19153E-4 1.66241E-4 1.5077E-4 3.48091E-5 8.86528E-6 4.26372E-6 2.0581E-5 3.47777E-4 6.21105E-3 -9999 -9999
0E0 0E0 0E0 0E0 0E0 0E0 0E0 0E0 0E0 0E0 0E0 0E0 0E0 0E0 0E0 0E0 0E0 0E0 6.07318E-1 0E0 0E0 0E0 0E0 0E0 4.14609E-1 2.66081E-1 1.52764E-1 3.69306E-1 0E0 0E0 6.15927E-1 2.54364E-1 4.0877E-1 3.61119E-1 -9999 -9999 -9999 -9999 -9999 -9999 -9999 -9999 -9999 -9999 -9999 -9999 -9999 -9999 2.29397E-1 3.61139E-1 5.41285E-1 1.68562E-1 2.96648E-2 1.86881E-2 1.74972E-1 8.2953E-2 2.30968E-2 3.14338E-2 6.49217E-2 1.91007E-2 1.4734E-3 4.48837E-3 5.51279E-3 1.75626E-2 7.59652E-3 4.38148E-3 4.69212E-4 1.73537E-4 3.90513E-5 7.0649E-6 2.23719E-6 3.02653E-6 5.03014E-6 5.84695E-5 1.51553E-3 1.8117E-2 1.52193E-2 -9999
0E0 0E0 0E0 0E0 0E0 0E0 0E0 0E0 0E0 0E0 0E0 0E0 0E0 0E0 0E0 0E0 0E0 0E0 0E0 0E0 0E0 0E0 0E0 0E0 5.00824E-1 3.5049E-1 3.38635E-1 4.03942E-1 0E0 7.48606E-1 6.96231E-1 3.2347E-1 3.08387E-1 4.32206E-1 3.80999E-1 -9999 -9999 -9999 -9999 -9999 -9999 -9999 -9999 -9999 -9999 -9999 -9999 -9999 1.7133E-1 2.14391E-1 4.23701E-1 1.85491E-1 5.4119E-2 1.61967E-2 4.6701E-2 6.68351E-2 1.92459E-2 8.76333E-3 7.66506E-3 1.81993E-2 1.88533E-3 2.80466E-4 6.15756E-3 3.94841E-3 6.81918E-3 1.28523E-2 8.93771E-4 2.95226E-4 1.03934E-4 6.2211E-6 1.28104E-6 1.63051E-6 8.26887E-6 1.34658E-4 3.97469E-3 1.08446E-2 1.37898E-2 -9999
0E0 0E0 0E0 0E0 0E0 0E0 0E0 0E0 0E0 0E0 0E0 0E0 0E0 0E0 0E0 0E0 0E0 0E0 0E0 0E0 0E0 0E0 0E0 0E0 0E0 0E0 0E0 2.89217E-1 4.35305E-1 0E0 4.23545E-1 2.50804E-1 4.50473E-1 4.98158E-1 4.35547E-1 1.59358E-1 -9999 -9999 -9999 -9999 -9999 -9999 -9999 -9999 -9999 -9999 -9999 -9999 7.38599E-2 3.27612E-1 5.79687E-1 2.64467E-1 3.29723E-2 1.14993E-2 2.27357E-2 1.50298E-2 1.2177E-2 4.75289E-3 2.35656E-3 3.81298E-3 1.73453E-3 1.26683E-4 5.74863E-4 2.21535E-4 1.39446E-3 6.1302E-3 9.67426E-4 1.77295E-4 3.70429E-5 3.42789E-5 6.44051E-6 3.38956E-6 3.24897E-5 3.93161E-4 4.62513E-3 2.44013E-2 3.3939E-2 -9999
0E0 0E0 0E0 0E0 0E0 0E0 0E0 0E0 0E0 0E0 0E0 0E0 0E0 0E0 0E0 0E0 0E0 0E0 0E0 0E0 0E0 0E0 0E0 0E0 0E0 3.22589E-1 2.8488E-1 2.55372E-1 4.66848E-1 4.18481E-1 3.35493E-1 2.37761E-1 4.45508E-1 5.47174E-1 4.31971E-1 2.47483E-1 3.64242E-1 -9999 -9999 -9999 -9999 -9999 -9999 -9999 -9999 -9999 -9999 -9999 8.68535E-2 2.44904E-1 4.24462E-1 4.59918E-1 1.29224E-1 5.64294E-2 1.76811E-2 1.03813E-2 9.99107E-3 4.64261E-3 1.98962E-3 4.67745E-4 4.59809E-4 3.64102E-4 3.1368E-4 5.86314E-5 4.58353E-4 3.68971E-3 1.39839E-3 3.70803E-4 2.98238E-4 5.95124E-5 1.23003E-5 4.52471E-6 2.46554E-5 1.56673E-4 6.4907E-3 2.47953E-2 -9999 -9999
0E0 0E0 0E0 0E0 0E0 0E0 0E0 0E0 0E0 0E0 0E0 0E0 0E0 0E0 0E0 0E0 0E0 0E0 0E0 0E0 0E0 0E0 0E0 0E0 4.1843E-1 2.14315E-1 1.76254E-1 2.25444E-1 3.38704E-1 3.49554E-1 3.75152E-1 3.55378E-1 3.62094E-1 4.80114E-1 4.58032E-1 4.1559E-1 3.75705E-1 -9999 -9999 -9999 -9999 -9999 -9999 -9999 -9999 -9999 -9999 -9999 4.04393E-2 2.41386E-1 2.17594E-1 1.81542E-1 1.53083E-1 1.62026E-1 7.62934E-2 2.73666E-2 1.6575E-2 1.27677E-2 1.15498E-2 7.3824E-3 2.46723E-3 5.60888E-3 3.83565E-4 4.33985E-5 2.68259E-4 2.00559E-3 2.81702E-4 6.0371E-5 8.2303E-5 2.88846E-5 1.35707E-5 5.10273E-6 7.26991E-6 3.59485E-4 5.98993E-3 2.71569E-2 -9999 -9999
0E0 0E0 0E0 0E0 0E0 0E0 0E0 0E0 0E0 0E0 0E0 0E0 0E0 0E0 0E0 0E0 0E0 0E0 0E0 0E0 0E0 0E0 0E0 0E0 3.8511E-1 2.47874E-1 3.60201E-1 3.14499E-1 0E0 0E0 4.65252E-1 3.55205E-1 3.39051E-1 4.60953E-1 4.28656E-1 2.75757E-1 1.71521E-1 -9999 -9999 -9999 -9999 -9999 -9999 -9999 -9999 -9999 -9999 -9999 1.21713E-2 4.30849E-2 7.57726E-2 5.12411E-2 5.01118E-2 1.95465E-2 1.48362E-2 1.48905E-2 1.58236E-2 7.52193E-3 8.17796E-3 3.91911E-3 3.46651E-3 3.91546E-3 5.75148E-4 6.53077E-5 6.02602E-5 8.69795E-4 2.16035E-4 3.62536E-5 6.6553E-6 3.06276E-6 3.3874E-6 2.06468E-6 3.42218E-5 7.86663E-4 8.69143E-3 2.10055E-2 -9999 -9999
0E0 0E0 0E0 0E0 0E0 0E0 0E0 0E0 0E0 0E0 0E0 0E0 0E0 0E0 0E0 0E0 0E0 0E0 0E0 0E0 0E0 0E0 0E0 0E0 0E0 3.9713E-1 3.67621E-1 5.07731E-1 5.04476E-1 4.76393E-1 4.06156E-1 3.7678E-1 0E0 3.20369E-1 2.80279E-1 1.56327E-1 1.9767E-1 -9999 -9999 -9999 -9999 -9999 -9999 -9999 -9999 -9999 -9999 -9999 -9999 4.64548E-2 4.08108E-2 2.42362E-2 3.48913E-2 1.68694E-2 3.90084E-3 3.14412E-3 9.7841E-3 4.53137E-3 5.66626E-3 2.33525E-3 1.00076E-3 3.22361E-3 2.01453E-4 3.94202E-5 4.53478E-5 3.91702E-4 2.63803E-4 4.19651E-5 3.10447E-5 2.4052E-6 1.06414E-6 3.71694E-6 2.88442E-5 1.0479E-3 1.27391E-2 2.16894E-2 -9999 -9999
0E0 0E0 0E0 0E0 0E0 0E0 0E0 0E0 0E0 0E0 0E0 0E0 0E0 0E0 0E0 0E0 0E0 0E0 0E0 0E0 0E0 0E0 0E0 0E0 0E0 3.50994E-1 4.46562E-1 6.1784E-1 4.75563E-1 4.16183E-1 4.67284E-1 3.86861E-1 2.7903E-1 3.02521E-1 2.68133E-1 2.11644E-1 2.58976E-1 2.93136E-1 -9999 -9999 -9999 -9999 -9999 -9999 -9999 -9999 -9999 -9999 9.54793E-3 2.44304E-2 2.3395E-2 2.11659E-2 1.76432E-2 1.64495E-2 6.63024E-3 4.28111E-3 2.36802E-3 2.08433E-3 1.15285E-3 4.84243E-4 8.0438E-4 1.47066E-4 1.96495E-5 1.33994E-5 5.39729E-6 4.80801E-5 7.85148E-5 4.67434E-6 3.67532E-6 5.03414E-6 3.69378E-6 8.05781E-6 2.64014E-5 2.83863E-4 2.2322E-3 2.27056E-2 -9999 -9999
0E0 0E0 0E0 0E0 0E0 0E0 0E0 0E0 0E0 0E0 2.00322E-1 2.60719E-1 0E0 0E0 0E0 0E0 0E0 0E0 0E0 0E0 0E0 0E0 0E0 0E0 0E0 2.26591E-1 3.76693E-1 0E0 3.48519E-1 3.83057E-1 4.09014E-1 3.93571E-1 2.90623E-1 2.75187E-1 2.37564E-1 2.06103E-1 2.27186E-1 2.18555E-1 6.63351E-2 -9999 -9999 -9999 -9999 -9999 -9999 -9999 -9999 -9999 1.19984E-2 4.5913E-2 1.6149E-2 1.47178E-2 2.81835E-2 2.31338E-2 2.21211E-2 1.86375E-2 6.66541E-3 4.84662E-3 9.74262E-4 5.21062E-4 6.2748E-4 1.6107E-4 5.77907E-5 1.51974E-4 1.73361E-5 1.01709E-5 1.87184E-5 2.29026E-6 2.19938E-5 5.62422E-5 4.05575E-5 1.11251E-5 3.56243E-5 2.85146E-4 5.90413E-3 2.43574E-2 -9999 -9999
0E0 0E0 0E0 0E0 0E0 0E0 0E0 0E0 0E0 0E0 1.28947E-1 1.27601E-1 2.30627E-1 0E0 0E0 0E0 0E0 0E0 0E0 0E0 0E0 0E0 0E0 0E0 3.29561E-1 3.17902E-1 3.75301E-1 3.07423E-1 3.23507E-1 4.02835E-1 4.05502E-1 3.39998E-1 2.24816E-1 2.18689E-1 1.78377E-1 1.47871E-1 3.55175E-2 1.51678E-2 1.46381E-2 2.32221E-2 -9999 -9999 -9999 -9999 -9999 -9999 -9999 -9999 -9999 1.23061E-1 2.66956E-2 3.63744E-2 3.45829E-2 3.70634E-2 1.82905E-2 3.27661E-2 2.62314E-2 6.05372E-3 7.4923E-3 4.2651E-3 2.597E-3 1.06839E-3 8.61157E-4 1.22234E-4 1.23092E-5 2.29665E-6 4.23222E-6 6.12996E-6 2.46569E-5 1.08355E-4 3.46177E-5 1.10193E-5 6.94135E-5 1.38651E-4 1.72142E-3 1.29935E-2 -9999 -9999
0E0 0E0 0E0 0E0 0E0 0E0 0E0 0E0 0E0 0E0 1.78157E-1 1.18044E-1 2.02994E-1 2.62386E-1 0E0 0E0 0E0 0E0 0E0 0E0 0E0 0E0 0E0 0E0 0E0 0E0 0E0 3.44044E-1 3.63731E-1 0E0 3.9876E-1 3.34748E-1 3.34605E-1 2.37833E-1 1.01885E-1 4.2279E-2 9.8995E-3 1.74254E-2 1.95864E-2 2.93298E-2 -9999 -9999 -9999 -9999 -9999 -9999 -9999 -9999 -9999 -9999 2.6491E-2 2.99286E-2 2.90326E-2 1.89041E-2 3.51196E-2 1.87199E-2 1.7459E-2 1.54188E-2 1.36342E-2 1.08267E-2 4.08477E-3 3.96009E-3 5.96126E-4 4.47763E-5 4.47546E-6 4.07849E-6 1.5385E-5 5.08998E-5 5.52634E-5 2.33633E-4 1.46076E-4 2.26777E-5 1.2615E-4 9.92143E-5 4.29529E-4 7.04216E-3 2.0987E-2 -9999
0E0 0E0 0E0 0E0 0E0 0E0 0E0 0E0 0E0 0E0 2.64708E-1 1.46064E-1 1.58889E-1 1.84774E-1 0E0 0E0 0E0 0E0 0E0 0E0 3.02228E-1 3.47157E-1 0E0 0E0 0E0 0E0 0E0 3.00738E-1 3.73394E-1 4.20966E-1 4.06531E-1 2.5798E-1 1.21851E-1 6.36894E-2 3.93365E-2 1.70681E-2 5.92797E-3 8.85878E-3 2.10697E-2 3.8244E-2 5.82078E-2 -9999 -9999 -9999 -9999 -9999 -9999 -9999 -9999 -9999 -9999 -9999 3.62E-2 4.82952E-2 3.88677E-2 3.05487E-2 2.37731E-2 1.01034E-2 3.71464E-3 4.90486E-3 1.74759E-3 4.38387E-4 3.0612E-4 6.89111E-5 5.26489E-6 3.96749E-6 5.30895E-5 2.15604E-4 4.89067E-4 4.05318E-4 1.82317E-4 1.04604E-4 3.28075E-4 2.45045E-4 4.12292E-4 8.99399E-3 2.3215E-2 -9999
0E0 0E0 0E0 0E0 0E0 0E0 0E0 0E0 0E0 0E0 3.7631E-1 2.64088E-1 1.60432E-1 1.67056E-1 2.47029E-1 3.42181E-1 0E0 0E0 0E0 3.09311E-1 4.708E-1 5.78445E-1 0E0 0E0 4.17195E-1 0E0 3.08502E-1 3.73344E-1 3.77557E-1 3.09482E-1 2.76161E-1 1.34541E-1 8.58759E-2 8.35009E-2 5.89653E-2 4.3606E-2 5.51874E-3 1.40851E-2 5.48515E-2 6.49979E-2 2.64906E-1 8.03234E-2 1.15435E-1 -9999 -9999 -9999 -9999 -9999 -9999 -9999 -9999 -9999 -9999 2.28086E-2 1.71637E-2 8.9917E-3 3.30174E-2 2.83325E-2 1.57993E-2 1.27602E-2 6.0695E-3 8.16817E-4 3.06954E-4 7.9409E-5 3.84896E-5 9.64156E-6 7.58826E-6 5.42653E-5 4.41866E-4 1.05669E-3 5.21314E-4 3.50435E-4 1.509E-3 4.42464E-4 8.41533E-4 1.37127E-2 3.18377E-2 -9999
0E0 0E0 0E0 0E0 0E0 0E0 0E0 0E0 0E0 0E0 0E0 2.99042E-1 2.35765E-1 2.2163E-1 2.65881E-1 2.25873E-1 3.34301E-1 0E0 0E0 3.67252E-1 0E0 0E0 0E0 0E0 0E0 0E0 3.86163E-1 3.65634E-1 2.73455E-1 2.01282E-1 1.10078E-1 9.35175E-2 9.52696E-2 7.88989E-2 4.64424E-2 3.84873E-2 1.16308E-2 3.93134E-2 2.0849E-1 2.56775E-1 3.08533E-1 6.30643E-2 3.45867E-2 5.78746E-2 -9999 -9999 -9999 -9999 -9999 -9999 -9999 -9999 -9999 -9999 8.10045E-3 1.80852E-3 6.11955E-3 1.25046E-2 9.02637E-3 9.95126E-3 1.18261E-2 4.67695E-3 1.49737E-3 7.03512E-4 2.50283E-4 1.52405E-5 4.41436E-6 6.58266E-5 2.89937E-4 1.43461E-3 3.81292E-3 4.61808E-3 2.55932E-3 3.72326E-4 1.08155E-3 1.67063E-2 3.17555E-2 -9999
0E0 0E0 0E0 0E0 0E0 0E0 0E0 0E0 0E0 0E0 0E0 0E0 0E0 3.58901E-1 2.54089E-1 2.26872E-1 3.6645E-1 5.53049E-1 0E0 0E0 0E0 0E0 0E0 0E0 0E0 0E0 3.91721E-1 3.46713E-1 2.51418E-1 1.26532E-1 4.90147E-2 5.83629E-2 7.58833E-2 6.59005E-2 3.41623E-2 2.57134E-2 6.89856E-2 1.70597E-1 2.57558E-1 1.80068E-1 6.84861E-2 2.22415E-2 4.13057E-3 1.06938E-2 7.99679E-2 -9999 -9999 -9999 -9999 -9999 -9999 -9999 -9999 -9999 1.40358E-2 1.47695E-3 5.28309E-4 7.82692E-3 3.45791E-3 4.06023E-3 5.42339E-3 2.88752E-3 5.53814E-4 3.09511E-4 7.78656E-5 1.87698E-5 2.04338E-6 8.06018E-6 8.60993E-5 1.97229E-4 2.92115E-3 1.10064E-2 3.86071E-3 4.45439E-4 1.47222E-3 1.75623E-2 3.91355E-2 -9999
0E0 0E0 0E0 0E0 0E0 0E0 0E0 3.10144E-1 2.25115E-1 2.92863E-1 0E0 0E0 4.0024E-1 2.33323E-1 1.4368E-1 1.88684E-1 4.13629E-1 0E0 0E0 0E0 0E0 0E0 0E0 0E0 0E0 3.43025E-1 2.66238E-1 2.3672E-1 1.92594E-1 1.51468E-1 6.74203E-2 3.4666E-2 5.18398E-2 2.90997E-2 1.41154E-2 2.30276E-2 7.49576E-2 9.23018E-2 9.95275E-2 2.45486E-2 8.361E-4 1.7293E-3 2.86644E-3 2.70685E-3 1.05658E-2 1.65311E-2 -9999 -9999 -9999 -9999 -9999 -9999 -9999 -9999 -9999 2.41536E-3 4.81263E-4 5.22822E-3 2.4537E-3 2.85237E-3 1.79915E-3 4.02883E-3 3.44924E-4 3.02102E-5 9.98884E-6 2.77261E-6 4.61636E-6 5.44841E-5 2.00776E-4 1.97272E-4 3.48659E-4 6.56827E-3 3.21095E-3 3.0981E-3 8.80725E-3 2.22324E-2 7.30874E-2 -9999
0E0 0E0 0E0 0E0 0E0 0E0 3.05999E-1 2.6231E-1 2.30927E-1 1.80029E-1 2.16981E-1 3.45769E-1 0E0 2.24784E-1 2.07525E-1 2.59219E-1 4.24937E-1 0E0 0E0 0E0 0E0 0E0 0E0 0E0 3.68424E-1 2.46148E-1 2.38713E-1 1.70906E-1 1.22801E-1 1.08263E-1 8.61941E-2 4.26341E-2 2.10439E-2 2.32443E-2 9.0349E-3 1.36923E-2 2.29692E-2 1.45005E-2 5.61495E-2 3.82742E-3 1.61058E-4 8.57872E-4 1.25772E-4 3.27351E-4 9.85542E-4 6.20548E-3 1.73756E-2 -9999 -9999 -9999 -9999 -9999 -9999 -9999 -9999 9.88847E-3 2.22419E-3 2.55905E-3 6.03443E-4 1.16355E-3 4.85551E-4 6.49125E-4 5.18044E-4 2.77778E-5 3.98936E-6 1.56622E-6 7.03773E-6 1.51321E-4 6.69974E-4 1.1201E-3 1.19984E-3 8.43676E-3 8.98632E-3 4.94097E-3 2.48494E-2 6.15411E-2 -9999 -9999
0E0 0E0 0E0 0E0 0E0 0E0 0E0 3.49083E-1 2.47582E-1 1.97424E-1 1.87931E-1 2.52175E-1 0E0 4.48054E-1 3.99599E-1 3.15864E-1 4.32208E-1 0E0 0E0 0E0 0E0 0E0 0E0 0E0 4.67606E-1 3.83788E-1 2.3992E-1 1.416E-1 8.58532E-2 5.31902E-2 4.00481E-2 5.93678E-3 7.40344E-3 1.2927E-2 1.59222E-3 1.44062E-3 3.27003E-3 8.4753E-3 2.14285E-2 4.03077E-4 5.26907E-5 6.84268E-5 1.04027E-5 2.77237E-5 1.55736E-4 4.26148E-4 2.33518E-3 1.00217E-2 1.94983E-2 -9999 -9999 -9999 -9999 -9999 -9999 3.65372E-2 1.03655E-2 9.48642E-3 1.43718E-3 5.62688E-3 1.19153E-3 2.02188E-4 4.4597E-5 5.92637E-6 6.99936E-6 2.96638E-6 1.24821E-5 2.94319E-4 2.1704E-3 5.15751E-3 7.52723E-3 8.04801E-3 1.22079E-2 1.85531E-2 2.87049E-2 -9999 -9999 -9999
0E0 0E0 0E0 0E0 0E0 0E0 0E0 2.4481E-1 2.39044E-1 1.83226E-1 2.1579E-1 2.32678E-1 4.00787E-1 0E0 0E0 3.89324E-1 5.15491E-1 0E0 0E0 0E0 0E0 0E0 5.37197E-1 5.19795E-1 4.94648E-1 2.86577E-1 1.33534E-1 6.7848E-2 8.07756E-2 4.36954E-2 1.61937E-3 1.01233E-2 3.84479E-3 2.35848E-4 6.47449E-5 5.52614E-5 7.53702E-5 4.05821E-4 1.55101E-3 2.36284E-4 2.30686E-5 6.14723E-6 1.7441E-6 8.35207E-6 2.19895E-5 9.04197E-5 1.171E-3 8.30525E-3 2.45847E-2 1.46219E-2 -9999 6.65328E-2 -9999 -9999 -9999 -9999 -9999 -9999 4.1165E-3 8.74971E-3 1.46387E-3 9.71578E-5 7.84471E-6 3.31175E-6 2.29803E-5 7.28286E-6 2.32915E-4 2.46851E-3 4.61322E-3 1.67667E-2 2.46868E-2 8.63209E-3 1.66038E-2 2.38043E-2 -9999 -9999 -9999 -9999
0E0 0E0 0E0 0E0 0E0 0E0 2.00257E-1 2.46777E-1 2.80858E-1 2.67658E-1 3.03117E-1 2.09823E-1 3.05943E-1 0E0 0E0 0E0 0E0 0E0 0E0 0E0 0E0 0E0 5.49485E-1 5.35993E-1 4.41656E-1 3.17979E-1 9.78799E-2 5.3048E-2 5.89115E-2 4.85957E-2 2.57862E-2 3.67144E-2 1.31403E-3 2.10233E-4 3.67238E-4 1.28443E-4 5.63147E-5 3.80761E-4 6.24428E-4 1.06517E-4 5.04219E-6 1.12953E-6 1.29785E-6 5.27139E-6 1.08593E-5 7.34362E-5 6.44192E-4 6.79226E-3 1.55576E-2 4.53307E-2 3.79101E-2 2.41391E-1 -9999 -9999 -9999 -9999 -9999 -9999 2.17147E-3 3.28388E-3 3.42093E-4 6.29989E-5 1.68053E-5 3.58955E-6 3.09024E-5 1.50465E-4 4.99146E-4 1.48126E-3 1.58011E-3 3.8088E-3 1.3549E-2 2.23207E-2 -9999 -9999 -9999 -9999 -9999 -9999
0E0 0E0 0E0 0E0 0E0 0E0 1.84953E-1 3.11213E-1 0E0 3.14978E-1 2.40812E-1 1.30938E-1 2.07107E-1 3.50019E-1 0E0 0E0 0E0 0E0 0E0 0E0 0E0 0E0 0E0 4.83453E-1 2.4118E-1 2.91847E-1 2.10788E-1 1.18896E-1 7.25641E-2 6.28568E-2 4.06634E-2 2.26892E-2 2.46252E-3 2.22903E-3 8.89722E-4 1.41524E-4 4.71814E-4 9.94497E-5 7.72006E-5 1.09396E-5 1.76692E-6 1.0615E-6 1.19645E-6 6.62699E-6 1.05857E-4 3.91514E-5 8.22562E-4 5.71525E-3 6.58282E-3 2.12857E-2 6.66436E-2 7.24877E-2 -9999 -9999 -9999 -9999 -9999 -9999 -9999 4.03835E-3 7.65088E-4 3.16758E-5 8.05534E-6 2.49476E-6 1.42771E-5 7.83334E-5 2.02889E-4 8.59476E-5 4.04843E-4 2.95996E-3 1.50013E-2 5.90059E-2 -9999 -9999 -9999 -9999 -9999 -9999
0E0 0E0 0E0 0E0 0E0 0E0 0E0 0E0 3.22529E-1 2.34143E-1 2.18135E-1 1.15856E-1 2.72721E-1 3.90956E-1 0E0 0E0 0E0 0E0 0E0 0E0 0E0 0E0 5.11011E-1 5.22395E-1 2.93016E-1 1.4818E-1 1.47609E-1 1.76432E-1 1.20609E-1 7.20529E-2 4.09121E-2 3.55607E-2 4.56253E-2 3.36936E-2 1.2842E-2 2.65418E-3 1.10929E-3 3.33471E-5 3.1786E-6 2.39243E-6 6.7574E-7 1.0097E-6 2.7652E-6 4.6958E-6 8.98318E-5 3.91671E-4 2.45994E-3 1.12812E-3 1.12826E-3 9.21376E-3 1.76088E-2 3.55963E-2 -9999 -9999 -9999 -9999 -9999 -9999 -9999 1.32967E-2 1.6199E-3 1.32864E-4 1.99007E-5 3.66577E-6 1.26794E-6 1.47231E-5 3.66991E-5 8.85588E-5 1.44226E-3 9.6952E-3 3.43646E-2 3.17969E-2 -9999 -9999 -9999 -9999 -9999 -9999
0E0 0E0 0E0 0E0 0E0 0E0 0E0 0E0 2.46035E-1 1.79064E-1 1.65109E-1 1.78101E-1 3.07336E-1 0E0 0E0 0E0 0E0 0E0 0E0 0E0 0E0 3.42562E-1 5.06098E-1 5.03366E-1 4.07677E-1 2.72351E-1 2.09871E-1 1.77097E-1 1.18318E-1 1.26625E-1 1.03278E-1 1.06218E-1 7.68467E-2 4.62855E-2 2.53117E-2 1.10812E-2 9.03343E-4 1.63011E-4 1.38008E-5 5.7812E-6 9.94338E-7 2.09636E-6 6.92643E-6 3.08388E-5 8.70325E-5 4.10446E-4 3.32784E-4 6.73984E-5 2.42251E-4 1.4052E-3 1.46042E-2 3.28512E-2 7.18719E-2 -9999 -9999 -9999 -9999 -9999 -9999 -9999 1.60891E-3 6.71527E-5 1.9666E-5 5.65373E-6 2.67857E-6 2.21315E-5 1.32692E-4 4.11821E-4 8.66621E-4 4.17932E-3 4.15139E-2 -9999 -9999 -9999 -9999 -9999 -9999 -9999
0E0 0E0 0E0 0E0 0E0 0E0 0E0 0E0 2.47088E-1 1.49901E-1 1.97192E-1 2.86211E-1 0E0 0E0 0E0 0E0 0E0 0E0 0E0 0E0 0E0 4.93712E-1 4.55432E-1 3.71009E-1 4.06097E-1 3.16461E-1 2.41249E-1 9.8457E-2 6.93982E-2 8.63411E-2 6.70588E-2 7.08658E-2 6.14887E-2 7.2289E-3 4.48183E-3 5.08028E-4 1.25757E-4 1.82039E-4 1.71735E-5 5.69221E-6 2.12053E-6 1.62964E-6 3.31863E-6 8.16643E-6 3.46273E-5 3.82389E-4 1.18991E-4 1.85014E-5 7.23079E-5 5.20383E-3 4.2149E-2 2.51108E-2 2.19257E-2 -9999 -9999 -9999 -9999 -9999 -9999 -9999 4.69826E-4 7.64407E-5 1.25144E-5 9.34043E-6 1.82384E-5 1.75564E-4 5.56417E-4 2.20737E-3 7.96262E-4 2.15227E-2 4.53211E-2 -9999 -9999 -9999 -9999 -9999 -9999 -9999
0E0 0E0 0E0 0E0 0E0 0E0 0E0 0E0 0E0 2.76282E-1 0E0 0E0 0E0 0E0 0E0 0E0 0E0 0E0 0E0 0E0 0E0 0E0 0E0 2.94311E-1 3.5465E-1 2.72643E-1 1.84881E-1 6.81249E-2 3.87543E-2 1.46049E-2 1.24379E-2 1.21851E-2 2.63815E-2 3.10322E-3 4.68862E-5 1.98372E-5 3.29201E-5 5.88124E-5 6.2783E-5 1.58068E-5 5.40858E-6 2.28794E-6 2.18446E-6 8.60888E-6 3.76154E-5 2.23261E-4 1.85179E-5 1.98717E-5 5.64864E-5 9.11978E-4 3.06802E-3 2.40263E-3 8.81688E-3 5.96646E-3 -9999 -9999 -9999 -9999 -9999 -9999 -9999 5.39159E-5 8.48084E-6 1.78335E-5 1.5606E-4 4.4168E-4 1.80244E-3 5.26949E-3 6.21999E-3 4.73943E-2 -9999 -9999 -9999 -9999 -9999 -9999 -9999 -9999
0E0 0E0 0E0 0E0 0E0 0E0 0E0 0E0 0E0 0E0 0E0 0E0 0E0 0E0 0E0 0E0 2.40257E-1 0E0 0E0 0E0 0E0 0E0 0E0 1.8954E-1 2.27323E-1 3.02637E-1 1.62728E-1 8.08746E-2 1.19663E-2 2.14776E-3 1.02353E-3 5.2603E-4 3.61662E-4 8.05898E-5 9.65915E-6 2.90068E-6 4.62905E-6 1.05343E-5 2.07559E-5 3.09754E-5 7.96374E-6 2.11402E-6 2.19908E-6 5.99978E-6 2.89602E-5 1.39312E-4 5.08182E-6 7.25924E-6 3.27309E-6 2.32549E-5 1.89493E-4 2.17264E-4 4.65629E-3 8.18485E-3 2.14694E-2 -9999 -9999 -9999 -9999 -9999 -9999 9.70351E-5 2.10899E-5 6.19084E-5 1.00494E-4 8.7014E-5 1.52462E-3 1.02475E-2 -9999 -9999 -9999 -9999 -9999 -9999 -9999 -9999 -9999 -9999
0E0 0E0 0E0 0E0 0E0 0E0 0E0 0E0 0E0 0E0 0E0 0E0 0E0 0E0 0E0 0E0 2.33276E-1 3.46678E-1 2.86959E-1 3.52042E-1 0E0 4.95465E-1 3.03284E-1 1.29892E-1 1.94973E-1 1.87139E-1 2.06444E-1 1.18239E-1 3.08885E-2 2.25017E-2 1.52198E-2 6.37222E-3 1.94399E-4 4.22961E-5 3.5122E-5 1.37156E-5 7.51989E-6 2.83149E-6 1.46555E-5 4.17197E-6 6.46844E-6 3.7427E-6 1.60454E-6 4.03689E-6 5.04441E-5 4.88527E-5 2.27908E-6 6.09513E-6 2.30199E-6 1.36532E-6 5.18291E-6 1.57E-5 1.18041E-3 1.26556E-2 2.2035E-2 1.17192E-1 -9999 -9999 -9999 -9999 -9999 1.25411E-4 3.12615E-5 1.05667E-4 4.4155E-5 1.06983E-4 1.37209E-3 1.15754E-2 -9999 -9999 -9999 -9999 -9999 -9999 -9999 -9999 -9999 -9999
0E0 0E0 0E0 0E0 0E0 0E0 0E0 0E0 0E0 0E0 0E0 0E0 0E0 0E0 0E0 1.78936E-1 1.60324E-1 1.63689E-1 1.9277E-1 3.0105E-1 3.88002E-1 3.62466E-1 1.82847E-1 7.35925E-2 1.28947E-1 8.80209E-2 1.66454E-1 1.28769E-1 9.36027E-2 9.79028E-2 5.1919E-2 2.91805E-2 3.58731E-3 4.10615E-4 6.77126E-5 1.52019E-5 9.88187E-6 3.73936E-6 1.30901E-6 2.26028E-6 2.4943E-6 2.94497E-6 2.50166E-6 8.80933E-6 5.90147E-5 2.86285E-5 1.11978E-6 1.63902E-6 1.05239E-6 1.11959E-6 1.36138E-5 1.21151E-4 3.78158E-3 1.97288E-2 3.46972E-2 5.23182E-2 -9999 -9999 -9999 -9999 -9999 4.95081E-4 3.53708E-4 3.72409E-4 7.20213E-4 9.01983E-4 8.70814E-3 -9999 -9999 -9999 -9999 -9999 -9999 3.47829E-2 -9999 -9999 -9999 -9999
0E0 0E0 0E0 0E0 0E0 0E0 0E0 0E0 0E0 0E0 0E0 0E0 0E0 0E0 1.65351E-1 1.43766E-1 1.94793E-1 2.34451E-1 2.52279E-1 3.21441E-1 3.53029E-1 3.19068E-1 2.38558E-1 1.04877E-1 7.95655E-2 4.28349E-2 6.42526E-2 7.62094E-2 6.75245E-2 1.97421E-2 3.06261E-3 1.33241E-3 1.95049E-3 3.85303E-4 1.00937E-4 1.04869E-4 5.01407E-5 6.55117E-6 2.60013E-6 1.95968E-6 1.59416E-6 1.68524E-6 1.8062E-6 2.76434E-6 7.60282E-6 1.5204E-5 1.89386E-6 1.23842E-6 1.64167E-6 1.02206E-6 3.0046E-6 7.74732E-5 1.25606E-3 2.57156E-2 3.41112E-2 9.29036E-2 2.10958E-1 -9999 -9999 -9999 -9999 4.4518E-3 5.26074E-3 9.38651E-3 4.79956E-3 -9999 -9999 -9999 -9999 -9999 -9999 -9999 1.62573E-2 2.85518E-2 -9999 -9999 -9999 -9999
0E0 0E0 0E0 0E0 0E0 0E0 0E0 0E0 0E0 0E0 0E0 0E0 0E0 0E0 2.43722E-1 0E0 0E0 0E0 0E0 2.88137E-1 2.70408E-1 2.42568E-1 1.17474E-1 1.64872E-1 1.50147E-1 5.81261E-2 2.79921E-2 1.93888E-2 9.37203E-3 8.45391E-3 1.15503E-3 5.50139E-5 3.01549E-4 7.01635E-4 2.7874E-4 1.23691E-4 9.18959E-5 2.1265E-5 8.56169E-6 2.72683E-6 1.85805E-6 2.22854E-6 1.49211E-6 2.72502E-6 1.21708E-6 2.92939E-6 1.60446E-6 1.55688E-6 3.14912E-6 1.28758E-6 3.21795E-6 5.09503E-5 1.27217E-3 1.68731E-2 4.1591E-2 8.28782E-2 1.39435E-1 -9999 -9999 -9999 -9999 1.64207E-2 -9999 -9999 -9999 -9999 -9999 -9999 -9999 -9999 2.07086E-2 1.85438E-2 1.33396E-2 2.25652E-2 -9999 -9999 -9999 2.82116E-3
0E0 0E0 0E0 0E0 0E0 0E0 0E0 0E0 0E0 0E0 0E0 0E0 0E0 0E0 0E0 0E0 0E0 0E0 0E0 2.76723E-1 1.70815E-1 1.16263E-1 3.40713E-2 5.92112E-2 1.3246E-1 8.35866E-2 3.59274E-2 3.27251E-2 1.4565E-2 2.95329E-3 1.32681E-3 1.00418E-4 2.7916E-5 1.25046E-4 3.387E-5 3.51928E-5 1.59233E-5 9.92962E-6 8.8483E-6 3.3925E-6 1.73053E-6 2.66844E-6 2.10104E-6 2.41083E-6 1.69218E-6 1.48022E-6 1.9455E-6 4.7059E-6 1.9456E-6 1.0595E-6 1.11264E-6 1.10338E-5 2.71181E-4 2.23918E-3 2.61209E-2 1.01573E-1 -9999 -9999 -9999 -9999 -9999 -9999 -9999 -9999 -9999 -9999 -9999 -9999 -9999 -9999 1.94098E-2 1.05943E-2 1.67857E-2 1.6742E-2 -9999 -9999 -9999 1.32378E-3
