ENM/Final_Models/M_0.8_F_q_Set_1_NE/Gustavia_santanderiensis_Choco_min.asc
ncols         367
nrows         963
xllcorner     -78.6
yllcorner     0.65
cellsize      0.00833333333333323
NODATA_value  -9999
[rows 238 to 271 of 963, columns 234 to 311 of 367]
0E0 0E0 2.03138E-2 1.97631E-2 1.16038E-2 1.58105E-3 1.41302E-3 1.39266E-2 4.07091E-3 8.6266E-3 3.22046E-2 5.02501E-2 0E0 1.15455E-1 9.12142E-2 8.59853E-2 9.42445E-2 1.50695E-1 7.94885E-2 5.89106E-2 0E0 1.15504E-1 9.25064E-2 9.82109E-2 1.29257E-1 3.0633E-1 2.35225E-1 3.47756E-1 3.02918E-1 1.77466E-1 2.12498E-1 1.95525E-1 1.96427E-1 1.14827E-1 7.94121E-2 3.96504E-2 1.6349E-2 2.12051E-2 1.64969E-2 2.58678E-2 1.04718E-2 6.63982E-3 5.05278E-4 7.30883E-5 4.1422E-4 9.93674E-4 4.80815E-4 1.69471E-4 4.32103E-4 5.64557E-4 2.2734E-4 3.73383E-5 1.18259E-6 2.58085E-8 4.50274E-8 1.73554E-5 2.16108E-6 2.75167E-6 4.12347E-7 6.13601E-6 -9999 -9999 -9999 -9999 -9999 -9999 -9999 -9999 -9999 -9999 -9999 -9999 -9999 -9999 -9999 -9999 -9999 -9999
0E0 0E0 7.8423E-2 3.64507E-2 2.65722E-2 5.07826E-3 1.1242E-3 1.50776E-2 9.16615E-3 7.68385E-3 1.2569E-2 3.5152E-2 0E0 5.40868E-2 1.73571E-1 1.22284E-1 1.2775E-1 6.85336E-2 8.05945E-2 7.03423E-2 7.96177E-2 7.60993E-2 0E0 1.16736E-1 1.48836E-1 1.95693E-1 3.07177E-1 4.06209E-1 3.33311E-1 3.18854E-1 1.27769E-1 1.28981E-1 1.50235E-1 1.84644E-1 7.76651E-2 2.70192E-2 2.44112E-2 1.66559E-2 5.86801E-3 1.59284E-2 8.93023E-3 3.33972E-3 2.80184E-4 2.89859E-4 1.32E-3 1.00612E-3 4.16474E-4 5.99803E-4 3.37919E-4 1.2089E-4 1.3818E-4 4.85935E-5 2.63361E-7 -9999 -9999 4.39777E-7 9.26321E-8 7.93689E-9 7.36125E-7 -9999 -9999 -9999 -9999 -9999 -9999 -9999 -9999 -9999 -9999 -9999 -9999 -9999 -9999 -9999 -9999 -9999 -9999 -9999
0E0 0E0 0E0 3.87842E-2 5.619E-2 3.81827E-2 2.35763E-3 1.6885E-3 1.1509E-2 8.75642E-3 1.28414E-2 2.69891E-2 0E0 0E0 9.74607E-2 1.47646E-1 8.99134E-2 9.7979E-2 8.08119E-2 9.5695E-2 7.45068E-2 2.8422E-2 6.36004E-2 1.7507E-1 1.65047E-1 2.46381E-1 2.49106E-1 6.07652E-1 2.84956E-1 2.06091E-1 2.21854E-1 7.77801E-2 1.53412E-1 1.28111E-1 4.7976E-2 5.27378E-2 3.96861E-2 2.33992E-2 7.42873E-3 9.92788E-3 5.72507E-3 3.18329E-3 1.93914E-3 9.71418E-4 1.56937E-3 1.80225E-3 3.56082E-4 1.76044E-4 2.22551E-4 1.67825E-5 9.79335E-7 1.5319E-7 7.90205E-8 1.03321E-7 4.86797E-9 -9999 1.68759E-7 -9999 -9999 -9999 -9999 -9999 -9999 -9999 -9999 -9999 -9999 -9999 -9999 -9999 -9999 -9999 -9999 -9999 -9999 -9999 -9999 -9999
0E0 0E0 0E0 0E0 0E0 2.3062E-2 2.11723E-3 1.73831E-3 7.91111E-3 7.08901E-3 1.15081E-2 1.50167E-2 0E0 0E0 2.07865E-1 2.13151E-1 1.78014E-1 2.40301E-1 8.9854E-2 6.24671E-2 6.80377E-2 4.12534E-2 8.84926E-2 1.51612E-1 1.5381E-1 2.41656E-1 2.84944E-1 4.36427E-1 3.02169E-1 3.94785E-1 2.50589E-1 1.20369E-1 1.35337E-1 8.3146E-2 4.55686E-2 2.91107E-2 2.02051E-2 1.74491E-2 4.05372E-3 3.35765E-3 1.20061E-3 1.40257E-3 2.21402E-3 2.70506E-3 2.74421E-3 6.03875E-4 1.57988E-4 9.70884E-5 3.87093E-4 2.7111E-5 1.77315E-5 2.61969E-6 5.33015E-8 1.63448E-9 2.03555E-9 3.9605E-7 -9999 -9999 -9999 -9999 -9999 -9999 -9999 -9999 -9999 -9999 -9999 -9999 -9999 -9999 -9999 -9999 -9999 -9999 -9999 -9999 -9999 -9999
0E0 0E0 0E0 0E0 0E0 1.23915E-2 2.19555E-3 1.75214E-3 5.09783E-3 3.67133E-3 6.07498E-3 1.11526E-2 0E0 0E0 3.48908E-1 2.08441E-1 3.2421E-1 2.63198E-1 1.26971E-1 5.42834E-2 3.05406E-2 6.35984E-2 1.85114E-1 2.61399E-1 1.87241E-1 2.50688E-1 2.76694E-1 5.18988E-1 4.84972E-1 4.91957E-1 1.8338E-1 7.17439E-2 4.31931E-2 4.00981E-2 9.09728E-2 2.80016E-2 1.39618E-2 8.18788E-3 4.06098E-3 3.94928E-3 3.72399E-4 3.4741E-4 5.39826E-4 1.4799E-3 1.10878E-3 1.43028E-3 1.22944E-3 4.36324E-4 6.53352E-4 3.56788E-4 1.03468E-4 9.33666E-6 1.16384E-7 4.06989E-8 2.93018E-9 3.4588E-8 -9999 -9999 -9999 -9999 -9999 -9999 -9999 -9999 -9999 -9999 -9999 -9999 -9999 -9999 -9999 -9999 -9999 -9999 -9999 -9999 -9999 -9999
0E0 0E0 0E0 0E0 0E0 1.82104E-2 1.51421E-3 1.05906E-3 1.91689E-3 2.9457E-3 4.08818E-3 1.11951E-2 0E0 0E0 4.51369E-1 4.11526E-1 5.30312E-1 3.90206E-1 1.64967E-1 8.92092E-2 4.49111E-2 5.72359E-2 1.52802E-1 2.94369E-1 3.31299E-1 3.10289E-1 3.9628E-1 5.13643E-1 3.95819E-1 6.09207E-1 2.67511E-1 1.41598E-1 7.78764E-2 6.70779E-2 6.13964E-2 2.44284E-2 5.92582E-3 6.35548E-3 1.28707E-3 5.60709E-3 2.86738E-3 7.00782E-4 3.64943E-4 2.67257E-4 2.96907E-3 6.97418E-4 4.26871E-4 5.00456E-4 4.78733E-4 5.01426E-4 2.07268E-4 3.197E-5 2.73352E-6 2.31347E-6 2.51678E-7 -9999 -9999 -9999 -9999 -9999 -9999 -9999 -9999 -9999 -9999 -9999 -9999 -9999 -9999 -9999 -9999 -9999 -9999 -9999 -9999 -9999 -9999 -9999
0E0 0E0 0E0 0E0 0E0 7.40704E-2 3.56259E-3 2.27477E-3 8.49382E-3 3.23198E-3 4.52579E-3 0E0 0E0 0E0 6.02388E-1 5.57053E-1 5.75962E-1 4.7383E-1 3.22345E-1 1.95654E-1 1.36419E-1 2.09247E-1 3.01476E-1 4.43624E-1 3.64139E-1 4.67236E-1 5.15441E-1 5.27136E-1 5.66159E-1 7.0576E-1 2.55635E-1 1.12702E-1 1.50237E-1 1.13696E-1 4.83246E-2 1.74964E-2 8.55488E-3 1.04991E-2 7.8853E-3 6.82792E-3 5.70621E-3 2.94184E-3 2.27121E-3 6.15916E-5 2.23788E-4 1.17492E-3 7.11991E-4 1.88429E-4 1.43285E-4 2.14909E-4 2.87881E-4 6.25576E-4 2.57989E-4 3.63883E-5 6.73424E-6 3.53635E-7 -9999 -9999 -9999 -9999 -9999 -9999 -9999 -9999 -9999 -9999 -9999 -9999 -9999 -9999 -9999 -9999 -9999 -9999 -9999 -9999 -9999 -9999
0E0 0E0 0E0 0E0 0E0 2.13826E-2 8.33766E-3 3.36161E-3 7.58897E-3 4.71156E-3 5.52806E-3 0E0 0E0 0E0 5.70403E-1 4.87741E-1 4.39725E-1 3.75735E-1 3.08267E-1 2.79292E-1 3.59596E-1 2.18327E-1 3.16442E-1 4.0308E-1 4.11176E-1 4.83998E-1 6.77966E-1 4.41186E-1 3.59816E-1 4.53086E-1 2.98359E-1 6.14818E-2 9.66792E-2 1.93798E-1 7.64548E-2 5.45497E-2 3.64645E-2 2.16298E-2 1.13296E-2 1.21377E-2 2.41114E-3 1.72742E-3 1.18503E-3 5.45835E-4 4.65952E-5 5.58209E-4 2.39248E-4 1.17166E-5 4.39076E-5 6.4882E-5 1.01035E-4 3.51827E-4 1.1722E-4 1.75888E-5 3.23806E-6 1.51821E-7 1.75858E-8 -9999 -9999 -9999 -9999 -9999 -9999 -9999 -9999 -9999 -9999 -9999 -9999 -9999 -9999 -9999 -9999 -9999 -9999 -9999 -9999 -9999
0E0 0E0 0E0 0E0 0E0 1.94976E-2 2.38463E-3 3.54893E-3 7.36118E-3 5.74821E-3 0E0 0E0 0E0 0E0 7.85923E-1 7.97324E-1 5.80046E-1 4.59186E-1 4.34316E-1 4.24714E-1 5.21566E-1 4.4258E-1 4.58688E-1 4.98151E-1 5.14615E-1 5.4818E-1 4.69189E-1 3.92466E-1 3.32845E-1 5.33025E-1 2.09685E-1 4.62649E-2 1.9786E-1 2.01356E-1 6.44359E-2 2.89692E-2 9.06018E-3 3.80003E-3 8.16021E-3 1.21477E-2 5.46303E-3 3.78043E-3 3.81388E-3 4.42897E-4 1.04242E-5 6.91702E-6 1.20334E-6 1.17887E-5 1.88792E-6 7.89409E-7 7.7855E-6 1.22878E-5 7.29913E-5 6.34112E-5 1.03769E-5 5.36081E-6 2.1862E-8 -9999 -9999 -9999 -9999 -9999 -9999 -9999 -9999 -9999 -9999 -9999 -9999 -9999 -9999 -9999 -9999 -9999 -9999 -9999 -9999 -9999
0E0 0E0 0E0 0E0 0E0 1.74303E-2 1.19754E-2 2.3483E-3 5.53835E-3 4.65954E-3 0E0 0E0 0E0 4.12794E-1 9.68421E-1 5.40973E-1 3.67595E-1 2.53598E-1 2.53814E-1 5.86349E-1 6.08053E-1 3.639E-1 2.09421E-1 1.96362E-1 2.39443E-1 3.00064E-1 2.99911E-1 5.7819E-1 6.00394E-1 3.54612E-1 1.62519E-1 1.25317E-1 1.4766E-1 1.88832E-1 1.00689E-1 3.60987E-2 1.21166E-2 6.48773E-3 8.61145E-3 4.58633E-3 2.85471E-3 2.2127E-4 5.48387E-5 6.3651E-5 2.9055E-6 1.94807E-5 3.81983E-7 3.5223E-6 2.73836E-7 2.1654E-7 1.06414E-7 5.23049E-7 6.7335E-8 7.59372E-6 6.09111E-6 2.37944E-6 8.91433E-8 -9999 -9999 -9999 -9999 -9999 -9999 -9999 -9999 -9999 -9999 -9999 -9999 -9999 -9999 -9999 -9999 -9999 -9999 -9999 -9999 -9999
0E0 0E0 0E0 0E0 0E0 0E0 1.05381E-2 4.72234E-3 8.89459E-3 0E0 0E0 0E0 0E0 0E0 9.02906E-1 4.68102E-1 5.68208E-1 1.24384E-1 2.10108E-1 2.98649E-1 5.76956E-1 2.83481E-1 1.43043E-1 1.59314E-1 2.06654E-1 2.12473E-1 1.26914E-1 3.79013E-1 6.4124E-1 2.68281E-1 1.46635E-1 1.41194E-1 1.53568E-1 2.20826E-1 9.63421E-2 9.05754E-2 1.86791E-2 8.26573E-3 9.05906E-3 7.06012E-3 2.00986E-3 9.15112E-5 2.46759E-5 3.4302E-5 4.49961E-6 1.11222E-5 4.99914E-7 2.08942E-5 7.53004E-6 7.42747E-7 7.94711E-8 6.91692E-8 2.22835E-8 2.19424E-7 -9999 -9999 -9999 -9999 -9999 -9999 -9999 -9999 -9999 -9999 -9999 -9999 -9999 -9999 -9999 -9999 -9999 -9999 -9999 -9999 -9999 -9999 -9999 -9999
0E0 0E0 0E0 0E0 0E0 0E0 2.89761E-2 0E0 0E0 0E0 0E0 0E0 0E0 6.10957E-1 9.65187E-1 4.69387E-1 3.87602E-1 2.2513E-1 2.20862E-1 3.87153E-1 3.56422E-1 2.17116E-1 1.60801E-1 2.76768E-1 3.45955E-1 2.32091E-1 2.43968E-1 1.35333E-1 7.24691E-1 3.65921E-1 1.39171E-1 7.31881E-2 1.40463E-1 2.14759E-1 3.10724E-1 2.00773E-1 6.20918E-2 1.75907E-2 7.35789E-3 4.11757E-3 1.70531E-3 4.99429E-4 2.6646E-5 1.06312E-5 1.59529E-5 3.5213E-5 3.77206E-5 1.57425E-4 5.87804E-5 1.27746E-5 4.69394E-7 6.81765E-8 1.05908E-8 -9999 -9999 -9999 -9999 -9999 -9999 -9999 -9999 -9999 -9999 -9999 -9999 -9999 -9999 -9999 -9999 -9999 -9999 -9999 -9999 -9999 -9999 -9999 -9999 -9999
0E0 0E0 0E0 0E0 0E0 0E0 0E0 0E0 0E0 0E0 0E0 0E0 0E0 8.86471E-1 9.78085E-1 5.07305E-1 3.33995E-1 5.98041E-1 6.48359E-1 5.50222E-1 5.11593E-1 3.32733E-1 4.00126E-1 2.03907E-1 3.3174E-1 2.45956E-1 2.08749E-1 1.24455E-1 5.37982E-1 2.15902E-1 1.3302E-1 1.3533E-1 2.69586E-2 1.0337E-1 2.61381E-1 1.76775E-1 4.89817E-2 2.3215E-2 4.35977E-3 3.55636E-3 3.30743E-3 5.45246E-4 2.9007E-5 2.21563E-5 5.61328E-5 2.197E-4 7.21115E-4 5.30593E-4 4.24905E-5 3.64365E-5 5.10373E-6 8.59634E-7 8.58345E-7 -9999 -9999 -9999 -9999 4.26399E-7 7.90953E-8 -9999 -9999 -9999 -9999 -9999 -9999 -9999 -9999 -9999 -9999 -9999 -9999 -9999 -9999 -9999 -9999 -9999 -9999 -9999
0E0 0E0 0E0 0E0 0E0 0E0 0E0 0E0 0E0 0E0 3.57243E-1 0E0 5.69261E-1 2.73063E-1 8.12254E-1 8.45934E-1 4.20853E-1 2.46085E-1 2.9723E-1 4.36216E-1 6.16968E-1 4.29308E-1 3.64865E-1 5.58034E-1 5.38661E-1 5.38878E-1 4.20517E-1 4.35373E-1 6.65062E-1 3.62545E-1 1.59609E-1 3.64166E-2 4.35261E-2 1.36367E-1 2.5407E-1 1.6525E-1 5.80909E-2 2.61851E-2 3.42494E-3 3.50156E-3 2.62522E-3 1.68082E-3 9.51859E-4 1.26064E-3 2.25384E-4 2.29261E-4 8.93503E-4 2.43049E-5 4.70332E-5 2.09689E-5 5.63806E-6 1.35853E-6 -9999 -9999 9.18499E-8 2.37641E-7 2.44274E-7 8.06591E-7 5.2084E-8 -9999 -9999 -9999 -9999 -9999 -9999 -9999 -9999 -9999 -9999 -9999 -9999 -9999 -9999 -9999 -9999 -9999 -9999 -9999
0E0 0E0 0E0 0E0 0E0 0E0 0E0 0E0 0E0 0E0 0E0 0E0 3.49606E-1 2.56009E-1 4.52662E-1 8.82991E-1 6.62053E-1 3.93429E-1 5.26664E-1 4.02594E-1 3.3696E-1 4.45027E-1 2.94715E-1 2.84214E-1 3.88822E-1 4.29462E-1 6.14735E-1 8.71605E-1 5.15929E-1 1.62874E-1 1.84562E-1 4.18267E-2 1.14367E-1 1.40105E-1 3.11167E-1 1.84407E-1 1.05224E-1 5.08215E-2 1.65964E-2 1.44622E-2 1.55902E-3 2.53026E-3 4.08002E-3 4.22425E-3 2.57679E-3 4.56676E-4 1.20979E-3 2.92149E-5 2.80099E-5 7.79028E-6 4.55847E-6 1.19826E-6 9.29038E-7 9.94322E-7 2.53015E-6 1.09635E-6 1.99006E-6 2.38318E-7 1.52902E-5 3.06944E-6 -9999 -9999 -9999 -9999 -9999 -9999 -9999 -9999 -9999 -9999 -9999 -9999 -9999 -9999 -9999 -9999 -9999 -9999
0E0 0E0 0E0 0E0 0E0 0E0 0E0 0E0 0E0 0E0 0E0 0E0 0E0 1.45353E-1 5.15013E-1 3.29988E-1 8.23457E-1 4.56804E-1 3.77312E-1 4.14568E-1 4.70177E-1 4.37097E-1 2.40086E-1 4.27653E-1 3.99935E-1 8.06457E-1 9.34484E-1 8.04689E-1 4.15833E-1 2.37103E-1 2.67261E-1 2.31157E-1 1.68242E-1 2.90086E-1 2.71807E-1 2.87697E-1 1.43606E-1 7.94044E-2 3.1437E-2 2.16029E-2 1.2673E-2 1.09801E-3 4.11299E-4 4.37174E-3 4.56886E-4 6.93829E-4 1.98561E-4 3.72589E-4 2.12964E-4 6.63145E-5 3.29738E-6 5.68464E-6 1.60793E-5 1.2776E-6 3.54231E-6 4.7651E-6 2.28801E-6 1.14751E-5 9.42796E-7 5.41463E-6 -9999 -9999 -9999 -9999 -9999 -9999 -9999 -9999 -9999 -9999 -9999 -9999 -9999 -9999 -9999 -9999 -9999 -9999
0E0 0E0 0E0 0E0 0E0 0E0 0E0 0E0 0E0 0E0 0E0 0E0 0E0 2.61103E-1 4.70337E-1 3.90574E-1 9.49312E-1 6.43687E-1 5.98124E-1 3.23197E-1 2.99783E-1 2.83337E-1 1.94889E-1 2.93873E-1 6.2666E-1 8.91393E-1 6.32938E-1 6.34565E-1 4.73775E-1 3.37449E-1 1.99758E-1 2.39593E-1 2.50103E-1 2.77642E-1 1.3108E-1 2.52459E-1 1.54447E-1 1.1107E-1 3.92933E-2 3.01509E-2 3.15825E-2 1.1776E-2 1.15429E-3 5.76321E-3 4.67662E-3 2.39753E-4 2.68142E-4 6.23457E-4 7.80304E-5 8.34521E-6 1.49254E-5 1.52621E-5 2.9888E-5 4.29841E-5 9.91035E-6 4.55789E-6 4.96891E-6 5.89224E-6 7.33107E-6 3.96455E-7 1.40835E-6 -9999 -9999 -9999 -9999 -9999 -9999 -9999 -9999 -9999 -9999 -9999 -9999 -9999 -9999 -9999 -9999 -9999
0E0 0E0 0E0 0E0 0E0 0E0 0E0 0E0 2.24786E-2 0E0 0E0 0E0 0E0 0E0 0E0 7.32612E-1 7.69916E-1 7.85135E-1 7.14091E-1 6.70898E-1 5.95E-1 4.15031E-1 4.3833E-1 6.22505E-1 9.57438E-1 9.55378E-1 4.11342E-1 5.47424E-1 4.68657E-1 2.81883E-1 1.79242E-1 2.1948E-1 2.22239E-1 2.67362E-1 1.15458E-1 1.37149E-1 1.5146E-1 1.59212E-1 6.76271E-2 3.55578E-2 3.73675E-2 2.40228E-2 1.74078E-3 1.12107E-3 4.09463E-4 5.37297E-5 2.65733E-4 1.04556E-4 1.40495E-5 1.66263E-5 1.13057E-5 2.36996E-4 6.55568E-5 5.61771E-5 1.1228E-5 3.66449E-6 1.0735E-5 3.93406E-5 1.94743E-5 4.25714E-6 3.36414E-7 -9999 -9999 -9999 -9999 -9999 -9999 -9999 -9999 -9999 -9999 -9999 -9999 -9999 -9999 -9999 -9999 -9999
0E0 0E0 0E0 0E0 0E0 0E0 0E0 2.00495E-3 6.62902E-3 9.43146E-3 1.41581E-2 0E0 0E0 0E0 0E0 8.04721E-1 9.84482E-1 8.87714E-1 7.87045E-1 9.41179E-1 5.1774E-1 3.73057E-1 4.3832E-1 5.93909E-1 8.46066E-1 5.81721E-1 3.10716E-1 5.13967E-1 5.05005E-1 3.14534E-1 3.17272E-1 2.2033E-1 1.00842E-1 1.11976E-1 8.90393E-2 8.10013E-2 1.18559E-1 9.43445E-2 6.45247E-2 3.52218E-2 3.07011E-2 6.98971E-3 4.7491E-4 7.68539E-5 1.72628E-5 6.56278E-5 3.44283E-5 1.40826E-5 3.88248E-5 5.9007E-5 1.82002E-5 7.23049E-6 2.67238E-6 2.39316E-6 1.41111E-5 1.07611E-5 6.74899E-6 2.2302E-5 1.77897E-5 1.93984E-5 1.07059E-5 9.94807E-6 -9999 -9999 -9999 -9999 -9999 -9999 -9999 -9999 -9999 -9999 -9999 -9999 -9999 -9999 -9999 -9999
0E0 0E0 0E0 0E0 0E0 0E0 7.45765E-3 8.89554E-3 8.54808E-3 1.64748E-2 3.27721E-2 2.56533E-2 0E0 0E0 0E0 0E0 9.3351E-1 3.5854E-1 7.55963E-1 7.29271E-1 4.06883E-1 5.43298E-1 3.6187E-1 7.49616E-1 7.48873E-1 3.71743E-1 3.18254E-1 4.61153E-1 4.05696E-1 1.8189E-1 1.10068E-1 9.49317E-2 7.08446E-2 4.18581E-2 1.18489E-1 9.83767E-2 7.46348E-2 4.63902E-2 4.41933E-2 2.44456E-2 2.04452E-2 9.37483E-3 1.04524E-3 1.30414E-3 1.81986E-3 1.0131E-3 1.33219E-3 1.51289E-4 1.16188E-3 1.91521E-3 4.8097E-4 8.70752E-5 5.80539E-5 9.10333E-6 2.82849E-5 4.78592E-6 1.78172E-5 3.49985E-5 5.32351E-5 6.3043E-5 3.12102E-5 1.40338E-5 1.64015E-5 -9999 -9999 -9999 -9999 -9999 -9999 -9999 -9999 -9999 -9999 -9999 -9999 -9999 -9999 -9999
0E0 0E0 0E0 0E0 0E0 0E0 0E0 2.48841E-3 1.85149E-3 1.59211E-2 2.50979E-2 0E0 0E0 0E0 0E0 0E0 7.95404E-1 5.11327E-1 2.79402E-1 4.6526E-1 3.15726E-1 2.61671E-1 4.36509E-1 5.18162E-1 1.42521E-1 8.31218E-2 1.02866E-1 2.70061E-1 3.02865E-1 1.94717E-1 1.60991E-1 1.57741E-1 1.08955E-1 6.16795E-2 1.21638E-1 1.11905E-1 7.06872E-2 4.69356E-2 3.43436E-2 4.15149E-2 3.48605E-2 1.9189E-2 3.31094E-3 3.33323E-3 3.07604E-3 2.81656E-3 2.89968E-3 3.17017E-3 3.71171E-3 2.81814E-3 5.59597E-4 8.21322E-5 3.31474E-6 1.73246E-5 3.46578E-5 1.33552E-5 5.65658E-5 2.73494E-5 4.32989E-5 1.26906E-5 9.96244E-6 1.06731E-5 6.37879E-6 8.79932E-6 -9999 -9999 -9999 -9999 -9999 -9999 -9999 -9999 -9999 -9999 -9999 -9999 -9999 -9999
0E0 0E0 0E0 0E0 0E0 0E0 0E0 0E0 2.89415E-3 9.86004E-3 6.15689E-3 7.06082E-3 0E0 0E0 0E0 0E0 7.80412E-1 8.68975E-1 7.78744E-1 5.81198E-1 4.02094E-1 9.1157E-2 2.98119E-1 1.3212E-1 6.42817E-2 1.01029E-1 7.23733E-2 1.64829E-1 3.1309E-1 1.46024E-1 1.24551E-1 1.82857E-1 1.69266E-1 1.13076E-1 6.89201E-2 7.73905E-2 6.08644E-2 4.70354E-2 4.96828E-2 3.99889E-2 1.6388E-2 1.74968E-2 1.48667E-3 1.4649E-3 2.92389E-4 3.02877E-4 1.97648E-3 2.23417E-3 7.37619E-4 1.30196E-4 1.3552E-5 2.37302E-6 5.61843E-5 5.27046E-5 2.06727E-5 4.71596E-5 6.10873E-5 5.21323E-5 6.66178E-5 9.97566E-5 3.42261E-5 3.02703E-5 3.67339E-5 1.15801E-5 2.32586E-5 -9999 -9999 -9999 -9999 -9999 -9999 -9999 -9999 -9999 -9999 -9999 -9999 -9999
0E0 0E0 0E0 0E0 0E0 0E0 0E0 0E0 1.69892E-2 1.90602E-2 6.62774E-3 7.24199E-3 1.07097E-2 0E0 0E0 0E0 0E0 8.68565E-1 9.12528E-1 9.30517E-1 6.7356E-1 1.83327E-1 1.30122E-1 2.41723E-1 9.52226E-2 6.91836E-2 1.27715E-1 1.95103E-1 3.08785E-1 2.67586E-1 2.00964E-1 1.56774E-1 1.28696E-1 1.80223E-1 9.67407E-2 5.22823E-2 7.64588E-2 4.38065E-2 3.76027E-2 1.95267E-2 1.20804E-2 1.37015E-2 1.61152E-3 1.2931E-3 1.58293E-4 8.12131E-5 3.60034E-4 5.67181E-4 6.03992E-4 5.8699E-4 4.76728E-6 1.50047E-6 8.06001E-8 3.23032E-5 3.57763E-5 2.29476E-4 1.72508E-4 6.372E-5 4.49067E-5 -9999 -9999 -9999 1.11366E-5 1.42644E-5 1.89272E-5 -9999 -9999 -9999 -9999 -9999 -9999 -9999 -9999 -9999 -9999 -9999 -9999 -9999
0E0 0E0 0E0 0E0 0E0 0E0 0E0 0E0 0E0 1.2653E-2 5.61189E-3 7.35432E-3 1.11687E-2 2.57204E-2 0E0 0E0 0E0 6.83282E-1 8.49641E-1 8.93154E-1 8.6457E-1 2.31916E-1 1.25056E-1 1.39802E-1 7.25667E-2 1.01936E-1 1.06156E-1 1.6653E-1 2.03988E-1 2.40048E-1 1.91454E-1 1.60088E-1 2.60081E-1 2.21472E-1 4.81713E-1 8.45946E-2 9.65426E-2 6.51373E-2 0E0 2.4808E-2 1.01811E-2 9.56195E-3 3.70347E-3 4.78941E-3 4.05342E-3 1.34947E-3 1.0057E-3 2.93369E-4 1.30799E-4 1.32088E-3 1.3068E-5 1.49064E-6 2.12461E-6 2.85179E-5 1.02607E-4 1.03321E-4 1.47429E-4 1.82656E-4 9.49112E-5 4.96468E-5 -9999 -9999 -9999 6.57408E-8 2.70024E-7 -9999 -9999 -9999 -9999 -9999 -9999 -9999 -9999 -9999 -9999 -9999 -9999 -9999
0E0 0E0 0E0 0E0 0E0 0E0 0E0 0E0 0E0 1.55032E-2 6.89954E-3 3.25697E-3 8.51039E-3 1.34608E-2 0E0 0E0 0E0 0E0 6.5052E-1 3.43784E-1 5.14224E-1 5.1711E-1 2.39682E-1 1.73818E-1 7.62326E-2 3.06572E-1 1.34426E-1 1.40484E-1 2.55515E-1 2.63193E-1 2.44209E-1 1.96844E-1 1.82645E-1 1.44379E-1 4.55341E-1 1.47543E-1 9.27896E-2 8.61487E-2 2.16967E-2 1.88793E-2 1.57334E-2 1.37225E-2 3.1359E-3 6.40578E-4 2.10213E-3 1.87802E-3 1.01122E-3 2.02134E-4 2.58689E-4 5.77606E-5 5.02302E-5 4.83155E-6 2.21133E-5 8.62532E-5 1.6499E-4 1.43284E-4 1.83757E-4 1.10975E-4 7.64594E-5 1.83181E-5 -9999 -9999 -9999 -9999 -9999 9.42997E-8 -9999 -9999 -9999 -9999 -9999 -9999 -9999 -9999 -9999 -9999 -9999 -9999
0E0 0E0 0E0 0E0 0E0 0E0 0E0 0E0 0E0 9.81007E-2 2.81874E-3 6.526E-3 6.08922E-3 8.9208E-3 0E0 0E0 0E0 0E0 5.79969E-1 3.80746E-1 2.75165E-1 1.8331E-1 2.55386E-1 9.10473E-2 6.9511E-2 8.00254E-2 9.56442E-2 4.66274E-1 2.51659E-1 1.91913E-1 3.21889E-1 1.24894E-1 1.15563E-1 1.72693E-1 2.97386E-1 1.82301E-1 1.35101E-1 5.0411E-2 1.63658E-2 3.50154E-2 4.1996E-2 2.49146E-2 1.08891E-2 5.74042E-4 5.34775E-4 4.25133E-4 2.73829E-4 1.68117E-6 8.95819E-6 8.77142E-6 7.19168E-5 1.26547E-4 2.0918E-5 1.34813E-5 1.74303E-4 3.21662E-4 1.53646E-4 7.98576E-5 2.83124E-5 2.00654E-5 1.10503E-6 -9999 -9999 -9999 -9999 -9999 -9999 -9999 -9999 -9999 -9999 -9999 -9999 -9999 -9999 -9999 -9999 -9999
0E0 0E0 0E0 0E0 0E0 0E0 0E0 0E0 0E0 0E0 1.86516E-2 1.51675E-2 1.09463E-2 9.79705E-3 0E0 0E0 0E0 0E0 4.74444E-1 6.65147E-1 8.10241E-1 4.91247E-1 1.36664E-1 8.2047E-2 1.14418E-1 1.47607E-1 2.77682E-1 4.78227E-1 2.4948E-1 2.07682E-1 3.14569E-1 3.66736E-1 4.49937E-1 4.0518E-1 2.23148E-1 2.40579E-1 2.04428E-1 1.03572E-1 4.68239E-2 7.44181E-2 2.52828E-2 1.53107E-2 8.34955E-3 4.3232E-4 6.83055E-4 6.44108E-4 5.64016E-5 9.81208E-4 1.15608E-3 1.71128E-6 2.40109E-4 5.11338E-5 1.53708E-4 6.18105E-5 2.7431E-4 2.03952E-4 2.17197E-4 2.74166E-4 2.25104E-4 -9999 -9999 -9999 -9999 -9999 -9999 -9999 -9999 -9999 -9999 -9999 -9999 -9999 -9999 -9999 -9999 -9999 -9999 -9999
0E0 0E0 0E0 0E0 0E0 0E0 0E0 0E0 0E0 2.5492E-2 1.26528E-2 3.03494E-2 9.83195E-3 1.39639E-2 0E0 0E0 0E0 0E0 0E0 6.31224E-1 6.62695E-1 4.39271E-1 1.5787E-1 2.10725E-1 2.60567E-1 2.79096E-1 3.00506E-1 2.91185E-1 3.12436E-1 4.61959E-1 3.27716E-1 1.09632E-1 9.08693E-2 7.02627E-2 7.58746E-2 2.57171E-1 1.2582E-1 6.72248E-2 4.65716E-2 5.14871E-2 0E0 1.76048E-2 3.49602E-3 2.09339E-4 1.47369E-4 2.09806E-4 1.04732E-4 1.48117E-4 3.80775E-3 6.0442E-6 6.26785E-4 2.23466E-4 5.45849E-4 1.98029E-4 2.0874E-4 2.62622E-4 2.20868E-4 1.68361E-4 2.21685E-4 -9999 -9999 -9999 -9999 -9999 -9999 -9999 -9999 -9999 -9999 -9999 -9999 -9999 -9999 -9999 -9999 -9999 -9999 -9999
0E0 0E0 0E0 0E0 0E0 0E0 0E0 0E0 0E0 6.52282E-3 5.86922E-3 2.01499E-2 1.63255E-2 3.7929E-2 4.15572E-2 0E0 0E0 0E0 0E0 6.81912E-1 8.65838E-1 8.05142E-1 2.83872E-1 3.64861E-1 3.87782E-1 4.61217E-1 3.85531E-1 3.19363E-1 2.13975E-1 2.27448E-1 1.54029E-1 1.57363E-1 1.04807E-1 0E0 0E0 0E0 2.73515E-1 8.32324E-2 7.55707E-2 5.91619E-2 1.9901E-2 1.4308E-2 6.86377E-3 8.48397E-4 3.80424E-5 2.75632E-4 2.32707E-4 2.89144E-4 2.02977E-5 2.06809E-5 6.07807E-4 3.43272E-4 2.82381E-4 3.34563E-4 5.891E-4 1.76317E-4 6.4688E-4 1.83173E-4 -9999 -9999 -9999 -9999 -9999 -9999 -9999 -9999 -9999 -9999 -9999 -9999 -9999 -9999 -9999 -9999 -9999 -9999 -9999 -9999
0E0 0E0 0E0 0E0 0E0 0E0 0E0 0E0 0E0 5.90664E-3 7.71474E-4 1.05545E-2 2.29782E-2 3.59016E-2 6.93028E-2 3.25066E-2 0E0 0E0 0E0 4.63272E-1 8.84013E-1 6.6954E-1 1.74403E-1 3.45437E-1 3.58845E-1 4.02844E-1 2.60906E-1 3.62786E-1 2.51011E-1 1.65876E-1 8.43669E-2 2.16843E-1 1.12829E-1 0E0 0E0 0E0 0E0 1.81741E-1 1.45628E-1 1.59857E-1 6.61363E-2 2.84535E-2 9.06173E-3 9.27391E-4 3.54293E-3 5.16863E-3 8.22453E-5 5.13686E-4 1.54646E-4 1.35455E-5 6.18037E-4 6.44711E-4 3.3367E-4 6.65946E-4 8.37956E-4 4.87403E-4 1.14323E-4 5.7778E-5 3.44914E-5 -9999 -9999 -9999 -9999 -9999 -9999 -9999 -9999 -9999 -9999 -9999 -9999 -9999 -9999 -9999 -9999 -9999 -9999 -9999
0E0 0E0 0E0 0E0 0E0 0E0 0E0 0E0 0E0 1.35102E-2 3.27062E-3 1.32982E-2 1.03034E-2 1.54941E-2 2.30387E-2 4.50622E-2 6.38978E-2 0E0 0E0 6.10409E-1 9.40555E-1 5.98031E-1 7.09691E-1 5.55225E-1 3.5158E-1 4.8467E-1 4.29656E-1 4.74431E-1 2.12949E-1 1.78673E-1 7.5289E-2 8.47494E-2 8.54716E-2 9.71321E-2 0E0 0E0 0E0 0E0 2.09681E-1 1.10185E-1 1.81553E-1 5.29562E-2 1.77569E-2 4.17955E-3 3.70888E-3 3.2289E-3 1.81946E-3 2.8567E-3 1.15645E-3 1.6996E-4 1.66519E-3 1.23859E-3 1.39482E-3 5.24421E-4 9.7324E-4 2.63913E-4 3.92277E-4 2.92875E-5 1.35594E-5 -9999 -9999 -9999 3.04889E-7 -9999 -9999 -9999 -9999 -9999 -9999 -9999 -9999 -9999 -9999 -9999 -9999 -9999 -9999 -9999
0E0 0E0 0E0 0E0 0E0 0E0 0E0 0E0 0E0 1.52188E-2 2.44418E-2 2.22242E-2 7.12941E-3 7.52674E-3 1.11752E-2 4.09144E-2 9.02735E-2 0E0 0E0 0E0 8.32552E-1 8.89436E-1 8.73095E-1 7.83131E-1 5.41328E-1 6.37751E-1 6.49736E-1 5.85294E-1 3.11251E-1 1.82261E-1 3.74816E-2 6.15171E-2 0E0 0E0 0E0 0E0 0E0 0E0 0E0 0E0 0E0 2.9216E-2 3.01846E-2 2.11328E-3 2.28719E-3 5.84256E-4 1.56596E-3 3.92799E-3 3.06306E-3 1.24605E-3 2.30048E-3 1.2559E-3 9.1482E-4 7.49806E-4 3.52706E-4 3.47836E-4 5.83042E-5 8.23901E-5 2.38421E-5 -9999 -9999 -9999 2.83744E-7 -9999 -9999 -9999 -9999 -9999 -9999 -9999 -9999 -9999 -9999 -9999 -9999 -9999 -9999 -9999
0E0 0E0 0E0 0E0 0E0 0E0 0E0 0E0 0E0 1.144E-2 5.77518E-3 2.17179E-3 8.71508E-3 1.24015E-2 1.86212E-2 2.84868E-2 0E0 0E0 0E0 6.16519E-1 7.39859E-1 8.41759E-1 6.51181E-1 7.97698E-1 7.38217E-1 5.66403E-1 6.11925E-1 4.12193E-1 2.8495E-1 6.14664E-2 1.80973E-2 0E0 0E0 0E0 0E0 0E0 0E0 0E0 0E0 0E0 0E0 0E0 3.61545E-2 0E0 6.45016E-3 1.49072E-2 8.30089E-3 7.20849E-3 4.47474E-3 1.80373E-3 7.77938E-3 6.78412E-3 3.49133E-3 1.40065E-3 9.07296E-4 2.16596E-4 7.07516E-5 6.30734E-5 2.7362E-5 7.88577E-6 2.82986E-5 2.61189E-6 -9999 -9999 -9999 -9999 -9999 -9999 -9999 -9999 -9999 -9999 -9999 -9999 -9999 -9999 -9999 -9999
0E0 0E0 0E0 0E0 0E0 0E0 0E0 0E0 0E0 4.67092E-3 9.10016E-4 3.98348E-3 7.09414E-3 3.75668E-3 6.72932E-3 1.32772E-2 0E0 0E0 0E0 7.64739E-1 3.15874E-1 6.73449E-1 6.19458E-1 6.69982E-1 7.15543E-1 7.44195E-1 5.25726E-1 5.5336E-1 3.0494E-1 1.27743E-1 8.37869E-2 3.03515E-2 0E0 0E0 0E0 0E0 0E0 0E0 4.81905E-2 4.82108E-2 5.89755E-2 3.3239E-2 0E0 0E0 1.86849E-3 6.65877E-3 1.05029E-2 7.48958E-3 1.45694E-3 5.31675E-3 9.39657E-3 7.30213E-3 2.6338E-3 9.27122E-4 5.27519E-4 6.32588E-4 3.64573E-4 6.46414E-5 5.38076E-5 6.90534E-6 9.24142E-6 3.26889E-7 1.24088E-7 -9999 -9999 -9999 -9999 -9999 -9999 -9999 -9999 -9999 -9999 -9999 -9999 -9999 -9999 -9999
