ENM/G_variables/Set_1/Choco/bio_14.asc
NCOLS 367 
NROWS 963 
XLLCORNER -78.6 
YLLCORNER 0.65 
CELLSIZE 0.00833333333333323 
NODATA_value -9999 
[rows 777 to 813 of 963, columns 82 to 163 of 367]
281 288 286 288 285 274 302 271 294 331 332 341 265 289 334 338 295 295 293 317 286 287 313 312 256 267 279 301 320 317 296 280 217 232 218 212 253 166 160 150 165 150 68 72 67 76 65 66 58 59 59 61 59 59 62 66 62 62 62 61 62 60 56 63 69 64 59 58 59 59 66 81 79 65 62 62 64 66 67 62 69 63
289 288 286 289 286 284 274 272 266 293 337 294 264 261 341 292 292 293 264 288 284 308 315 312 312 283 281 323 294 289 275 254 258 233 230 232 237 160 152 156 160 143 72 71 71 69 76 62 58 57 57 59 59 60 62 62 62 62 66 61 67 61 56 63 62 62 65 64 65 66 75 79 79 59 61 62 58 67 77 82 80 72
282 280 279 279 281 287 285 290 279 265 332 333 291 289 291 291 263 265 272 322 284 317 314 311 279 282 328 316 295 288 249 242 239 210 208 229 227 161 157 169 158 138 83 85 74 72 68 68 57 60 57 56 57 66 63 62 62 62 65 61 59 58 57 62 67 67 61 64 62 62 82 86 76 58 64 61 57 63 75 96 100 89
258 310 307 305 306 307 277 285 271 268 338 345 338 289 290 289 262 272 273 269 301 313 316 305 247 279 273 309 295 281 203 205 210 249 243 224 207 181 180 173 160 169 195 184 126 70 66 62 60 61 63 60 62 63 79 61 61 60 64 65 65 62 64 67 68 63 58 60 61 64 69 80 74 60 66 65 60 61 79 102 87 77
255 282 307 304 304 339 307 275 275 271 343 300 269 274 271 270 260 264 272 270 255 283 282 279 299 309 264 264 266 210 197 217 217 176 180 210 199 183 167 197 184 190 181 163 174 69 64 61 76 77 59 70 67 74 64 64 60 60 61 60 60 62 59 61 69 61 60 63 60 60 60 77 94 71 73 61 58 64 82 101 78 64
284 282 307 304 305 350 309 308 287 285 274 280 286 277 278 276 271 272 262 277 267 284 282 308 300 289 271 283 272 227 198 227 253 252 235 221 216 195 211 202 200 201 194 181 106 68 66 61 73 73 71 71 66 73 65 65 60 63 64 64 58 60 57 59 60 66 67 66 63 64 61 73 91 103 119 100 79 107 120 107 79 61
309 282 278 277 305 305 276 290 286 286 284 292 289 286 271 267 272 277 269 267 256 280 278 269 294 306 256 236 225 218 211 230 244 224 210 215 212 185 213 216 222 189 185 200 183 66 64 61 66 67 66 77 61 61 62 62 59 60 58 59 67 69 67 68 72 72 64 68 57 59 66 86 103 107 98 75 78 84 75 94 77 60
308 309 278 280 278 276 303 276 278 280 288 286 292 282 281 277 264 273 262 268 263 282 277 306 305 316 293 255 252 238 250 242 196 236 230 217 188 138 129 225 218 193 192 202 178 70 64 63 65 65 75 65 61 61 59 59 59 61 60 60 63 60 63 58 62 64 64 58 54 59 65 75 95 91 82 67 57 60 58 76 66 61
311 309 306 307 300 276 302 307 277 278 275 293 284 272 281 279 266 275 260 256 266 276 306 280 320 323 326 249 246 240 252 245 214 167 149 156 138 121 126 130 128 185 207 197 173 75 64 64 65 71 64 67 65 63 57 59 58 60 59 59 60 64 64 61 65 60 59 53 53 58 62 82 98 87 72 60 54 59 54 65 65 55
281 327 327 328 298 305 305 335 306 304 304 285 286 283 289 288 269 266 262 259 264 279 289 302 317 317 314 297 287 214 237 232 231 175 150 133 123 128 131 125 117 191 186 185 142 73 66 64 67 81 65 70 65 60 58 60 62 58 59 60 57 56 57 61 71 59 55 53 55 57 65 75 88 91 80 68 55 55 58 66 56 55
308 280 307 315 313 301 317 313 299 300 272 274 286 283 280 280 276 263 272 270 278 278 274 252 316 293 279 253 246 219 224 218 203 157 104 99 107 115 124 112 98 110 113 165 104 67 67 65 68 86 70 67 65 62 59 64 71 74 58 57 72 57 56 56 60 57 58 54 52 59 77 88 79 81 76 64 55 56 54 57 54 53
308 307 279 288 332 314 299 299 314 329 302 286 287 283 281 269 287 275 284 281 257 271 260 244 294 272 215 196 191 185 183 180 189 172 168 90 98 111 119 103 92 86 90 111 89 77 65 69 70 77 72 64 78 72 64 60 62 62 59 58 58 60 66 69 65 62 69 54 50 59 75 79 66 74 70 54 53 57 54 52 52 51
283 309 311 308 303 322 298 299 306 305 279 287 293 292 291 282 279 276 238 234 249 264 268 253 250 227 229 212 205 185 162 171 166 101 93 91 100 99 122 123 107 86 85 91 82 84 70 71 78 72 70 79 66 62 60 63 63 63 61 60 59 62 66 58 54 52 53 55 51 66 78 65 62 72 72 63 49 51 49 49 50 52
287 313 306 302 303 278 305 305 278 287 279 276 276 278 285 284 285 270 268 248 244 260 256 258 242 225 218 182 172 178 175 195 156 90 99 93 91 98 110 107 82 94 92 91 79 87 80 83 70 64 64 64 62 61 62 62 64 64 61 57 60 59 54 55 61 52 53 52 52 63 67 60 60 71 93 75 51 49 50 47 51 50
284 336 310 305 327 303 295 306 279 290 276 302 302 303 271 272 280 231 227 225 224 221 237 255 221 209 192 160 147 153 165 187 148 102 92 96 94 96 114 103 85 89 101 97 84 88 81 76 66 64 65 62 63 62 61 58 58 57 57 58 60 52 55 56 57 48 51 45 46 55 54 52 60 73 85 75 55 48 49 47 47 48
312 323 327 322 309 321 296 305 281 278 274 275 275 276 280 269 288 267 260 268 245 246 240 248 241 182 183 185 167 152 147 146 169 109 115 108 93 96 110 107 102 100 106 89 74 82 79 70 63 64 61 63 62 62 62 58 57 57 59 64 62 49 51 48 52 46 44 48 45 47 43 50 54 64 65 65 59 51 51 46 48 50
334 328 298 295 294 309 310 281 309 305 301 305 277 283 282 286 285 286 282 276 274 251 240 221 214 202 174 191 185 181 170 108 115 133 141 150 104 102 105 114 98 90 101 86 72 76 75 68 64 63 63 62 62 62 61 58 66 54 50 53 51 59 56 51 50 55 50 52 51 41 41 44 57 54 57 52 51 51 51 47 49 52
326 317 313 319 305 292 274 308 308 304 303 279 273 291 282 284 284 281 279 272 250 246 255 234 256 193 164 153 151 155 167 93 121 171 176 152 113 94 97 111 83 89 93 82 69 67 64 63 62 60 59 62 62 59 57 60 61 54 55 63 56 54 54 59 55 55 49 55 44 42 43 41 42 44 50 47 54 50 47 44 48 47
328 334 323 308 313 317 321 296 308 304 331 307 284 288 289 285 281 268 252 245 241 269 265 252 244 219 164 152 149 151 170 115 172 195 188 195 99 92 103 110 89 74 76 83 71 64 65 64 60 63 59 66 66 61 60 56 59 57 59 59 69 52 55 53 54 55 47 50 49 40 43 45 43 42 41 46 48 45 43 43 49 44
328 323 330 330 313 308 331 320 306 305 333 296 274 283 287 277 273 241 239 243 283 274 260 246 218 191 169 151 143 156 158 133 172 184 175 166 185 113 102 109 87 76 82 79 69 75 62 62 64 64 65 62 63 65 60 57 60 56 58 69 57 53 52 53 52 48 40 44 47 49 41 41 45 45 40 43 48 44 41 -9999 -9999 45
329 322 326 331 321 326 321 319 307 306 316 295 277 287 290 276 258 232 251 269 283 281 225 231 194 174 167 165 146 150 160 136 150 152 161 167 170 123 94 94 94 93 91 82 71 65 63 67 66 67 69 71 68 64 64 63 58 56 58 65 63 63 54 53 48 41 43 41 36 46 44 40 39 43 41 42 44 41 38 -9999 -9999 49
326 329 323 314 318 315 319 316 316 318 323 302 298 286 284 275 263 221 258 281 271 272 223 232 197 164 160 162 154 160 154 110 147 158 156 180 193 108 96 101 91 93 86 86 76 66 74 64 69 72 74 80 74 66 63 60 60 58 54 54 54 55 57 49 49 45 37 36 36 38 39 41 42 39 42 39 37 38 39 -9999 -9999 47
322 321 313 297 309 309 316 316 327 309 307 298 304 303 271 252 237 224 263 279 271 260 252 259 208 160 157 159 163 159 137 120 156 122 140 148 168 128 92 92 84 87 81 78 83 72 65 69 70 83 78 78 75 63 59 60 62 56 58 57 54 48 46 48 46 43 38 41 39 38 40 39 42 43 39 42 36 -9999 -9999 -9999 -9999 40
318 271 271 263 268 288 289 306 320 309 303 302 325 318 274 258 239 219 247 272 255 257 238 248 204 159 146 149 171 171 160 129 166 111 102 128 170 175 94 82 88 91 84 84 82 80 74 71 72 73 74 70 61 61 62 66 70 60 54 67 59 52 42 39 46 38 40 43 43 41 38 39 46 42 39 42 38 -9999 -9999 -9999 -9999 39
308 288 304 300 302 308 319 327 329 296 317 301 301 299 268 248 216 222 259 252 246 255 233 223 182 158 156 167 174 150 174 170 169 154 90 98 164 137 95 89 90 94 89 81 81 80 78 75 69 80 69 68 62 59 62 71 61 58 56 59 52 49 41 39 45 39 43 43 43 38 38 41 46 38 42 41 40 40 -9999 -9999 -9999 -9999
306 301 302 307 307 319 323 320 324 297 294 321 311 298 276 231 199 209 237 229 229 257 244 225 211 166 168 167 157 160 185 174 173 161 133 144 175 176 114 90 93 94 92 87 90 89 89 74 67 62 64 62 63 63 61 61 57 56 57 47 46 46 40 39 39 41 44 42 43 39 38 34 41 38 42 40 40 45 -9999 -9999 -9999 -9999
311 307 309 318 319 317 316 297 322 295 294 288 296 271 256 230 210 229 223 210 220 254 251 235 209 198 190 153 138 171 187 174 171 169 143 158 172 165 100 94 93 90 85 74 73 79 78 72 64 61 64 63 56 58 58 57 56 57 52 55 46 41 40 38 43 41 43 41 40 42 40 37 41 37 43 42 45 47 46 45 44 -9999
295 309 289 326 324 302 315 298 309 324 313 308 282 248 261 246 228 227 247 227 222 249 216 220 212 198 201 172 148 187 196 202 192 161 139 159 177 129 101 97 93 89 86 77 73 82 75 65 62 62 56 59 58 55 54 54 57 57 52 53 48 41 38 40 42 42 41 40 39 42 38 38 45 38 44 44 44 43 45 48 45 43
293 306 290 310 309 324 299 299 322 318 309 296 274 236 244 253 247 226 267 231 215 224 206 207 211 207 204 191 160 171 201 204 194 183 148 172 174 126 101 90 87 83 82 82 77 75 74 72 67 61 58 55 55 55 54 55 58 65 50 49 49 39 37 42 41 42 41 39 39 41 37 37 40 36 43 45 43 40 40 41 44 42
304 310 310 322 321 322 320 293 309 307 298 277 246 220 216 223 229 230 236 228 229 221 195 182 196 209 182 178 125 130 158 210 202 189 160 145 162 194 98 89 82 77 77 84 78 68 65 68 62 58 56 56 56 56 56 55 56 62 51 51 49 44 44 43 39 41 39 38 40 40 36 38 37 39 42 46 44 41 39 -9999 39 41
321 335 321 315 316 320 316 317 301 275 261 236 209 208 194 204 221 227 236 255 235 213 198 188 197 194 185 102 113 102 162 223 212 185 143 143 160 190 187 101 79 80 84 82 75 69 64 63 60 59 56 57 56 56 56 54 55 56 50 48 45 45 49 45 40 39 38 38 40 38 36 39 37 42 40 44 43 41 38 -9999 41 -9999
300 298 308 302 303 300 282 281 287 269 252 216 187 186 183 189 227 246 244 256 205 203 192 178 187 174 151 94 101 120 148 192 196 164 112 95 180 169 186 129 123 104 111 79 78 74 68 67 64 58 56 57 56 55 55 55 56 51 53 48 43 43 46 44 40 39 40 40 41 40 36 36 39 41 38 42 42 40 -9999 -9999 -9999 -9999
305 301 314 307 307 302 283 277 280 261 243 197 179 186 175 193 212 228 238 225 200 200 186 194 189 195 152 108 95 101 98 124 129 168 146 154 163 146 138 166 174 192 114 74 73 69 64 61 61 56 56 57 59 58 57 57 62 48 52 45 38 39 41 40 38 40 46 47 44 39 35 36 42 41 43 42 43 41 -9999 -9999 -9999 -9999
315 315 313 308 297 290 297 287 277 232 226 184 175 175 176 193 221 225 244 219 208 219 197 171 170 149 118 108 100 112 114 116 101 133 161 165 186 142 106 129 162 184 105 76 67 73 67 62 59 56 56 60 61 61 58 62 54 48 46 37 35 39 39 39 38 40 45 46 39 35 35 39 43 40 43 41 -9999 -9999 43 -9999 -9999 -9999
313 315 317 310 296 303 296 273 241 203 185 178 167 166 185 186 218 241 254 257 232 233 197 180 197 189 147 130 101 119 125 106 90 84 95 98 107 103 96 95 108 117 101 75 67 66 63 60 60 57 57 58 65 66 68 66 55 47 41 35 35 39 39 39 38 39 43 43 37 35 37 39 38 39 40 39 -9999 -9999 40 -9999 -9999 -9999
294 299 314 308 285 294 284 243 209 185 176 169 168 189 201 225 230 268 231 180 158 148 132 105 128 126 157 126 125 130 123 117 91 84 89 90 82 80 95 90 85 93 88 69 68 66 60 57 57 59 56 57 73 69 68 67 54 50 40 35 36 40 38 37 38 40 43 40 38 35 38 38 39 41 41 -9999 -9999 -9999 -9999 -9999 -9999 -9999
290 298 302 317 305 291 284 244 227 210 183 187 177 209 238 267 279 234 152 176 141 130 134 116 118 121 98 123 123 97 97 120 109 106 88 84 74 75 88 98 99 96 74 67 68 66 65 64 61 56 56 57 64 58 52 55 66 47 44 35 37 40 39 37 37 41 44 44 41 42 38 38 42 42 42 40 -9999 -9999 -9999 -9999 -9999 -9999
