ENM/G_variables/Set_1/Choco/bio_1.asc
NCOLS 367 
NROWS 963 
XLLCORNER -78.6 
YLLCORNER 0.65 
CELLSIZE 0.00833333333333323 
NODATA_value -9999 
[rows 810 to 836 of 963, columns 180 to 239 of 367]
-9999 -9999 -9999 -9999 -9999 -9999 -9999 -9999 -9999 -9999 -9999 -9999 22.0666675567627 22.0458335876465 22.8666667938232 23.283332824707 23.091667175293 -9999 -9999 23.2416667938232 22.8125 22.7875003814697 21.6916656494141 20.4874992370605 19.9458332061768 20.533332824707 20.4291667938232 19.5 17.8999996185303 16.8083324432373 15.6291666030884 14.3500003814697 14.3041667938232 14.0166664123535 12.3916664123535 12.0041666030884 12.8125 14.0833330154419 13.0666666030884 11.5708332061768 10.4666662216187 -9999 -9999 -9999 -9999 -9999 -9999 -9999 -9999 -9999 -9999 -9999 -9999 -9999 -9999 -9999 -9999 -9999 -9999 -9999
-9999 -9999 -9999 -9999 -9999 -9999 -9999 -9999 -9999 -9999 -9999 -9999 22.0208339691162 22.0458335876465 22.7291660308838 22.4833335876465 22.1416664123535 21.9750003814697 22.1458339691162 22.1916656494141 22.845832824707 22.6166667938232 22.2333335876465 21.4624996185303 21.2541675567627 21.095832824707 20.2749996185303 18.5083332061768 16.6666660308838 16.2625007629395 15.6374998092651 15.1499996185303 15.9708337783813 15.5625 13.3291664123535 12.8583335876465 14.2458333969116 14.595832824707 12.7583332061768 11.2416667938232 11.2041664123535 -9999 -9999 -9999 -9999 -9999 -9999 -9999 -9999 -9999 -9999 -9999 -9999 -9999 -9999 -9999 -9999 -9999 -9999 -9999
-9999 -9999 -9999 -9999 -9999 -9999 -9999 -9999 -9999 23.2333335876465 23.7625007629395 -9999 -9999 22.1666660308838 21.8791675567627 21.6666660308838 21.5666675567627 20.845832824707 20.5083332061768 21.1375007629395 22.3374996185303 22.8250007629395 22.1041660308838 21.8875007629395 21.3291664123535 20.470832824707 18.716667175293 17.4125003814697 17.3833332061768 17.4458332061768 17.0874996185303 17.125 16.6208324432373 15.1999998092651 13.2624998092651 13.7166662216187 15.1499996185303 13.9583330154419 12.154167175293 12.1333332061768 -9999 -9999 -9999 -9999 -9999 -9999 -9999 -9999 -9999 -9999 -9999 -9999 -9999 -9999 -9999 -9999 -9999 -9999 -9999 -9999
-9999 -9999 -9999 -9999 -9999 -9999 -9999 -9999 -9999 23.0666656494141 23.6291675567627 -9999 -9999 22.2291660308838 21.8791675567627 20.9583339691162 19.7541675567627 19.5083332061768 20.7875003814697 21.5499992370605 22.2749996185303 22.1875 22.3833332061768 22.1791667938232 21.1749992370605 19.8833332061768 18.7083339691162 18.8208332061768 19.1875 18.720832824707 18.6958332061768 17.6958332061768 16.1041660308838 14.2166662216187 12.841667175293 13.9208335876465 15.4624996185303 14.2291669845581 12.5458335876465 12.9458332061768 -9999 -9999 -9999 -9999 -9999 -9999 -9999 -9999 -9999 -9999 -9999 -9999 -9999 -9999 -9999 -9999 -9999 -9999 -9999 -9999
-9999 -9999 -9999 -9999 -9999 -9999 -9999 -9999 -9999 22.9500007629395 23.3083324432373 22.6791667938232 22.5 22.1708335876465 21.7625007629395 20.5458335876465 18.625 20.1416664123535 21.3624992370605 21.845832824707 21.9291667938232 21.0458335876465 20.9833335876465 21.9166660308838 21.5458335876465 21.2124996185303 20.8333339691162 20.5499992370605 20.2916660308838 19.7458324432373 18.533332824707 17.1124992370605 15.2833337783813 13.8374996185303 13.4499998092651 14.3208332061768 15.9250001907349 14.6916666030884 14.0416669845581 13.4083337783813 -9999 -9999 -9999 -9999 -9999 -9999 -9999 -9999 -9999 -9999 -9999 -9999 -9999 -9999 -9999 -9999 -9999 -9999 -9999 -9999
-9999 -9999 -9999 -9999 -9999 -9999 -9999 -9999 -9999 22.6458339691162 22.2666664123535 21.7374992370605 21.9958343505859 21.7958335876465 21.2583332061768 20.1416664123535 18.966667175293 20.4208335876465 21.0416660308838 21.2625007629395 20.8000011444092 19.4791660308838 20.2083339691162 21.7000007629395 21.0041656494141 20.8083324432373 20.2958335876465 19.5874996185303 19.4208335876465 18.8999996185303 17.5750007629395 16.0791664123535 15.0375003814697 14.9291667938232 14.8125 14.4333333969116 16.1791667938232 15.8583335876465 14.6291666030884 -9999 -9999 -9999 -9999 -9999 -9999 -9999 -9999 -9999 -9999 -9999 -9999 -9999 -9999 -9999 -9999 -9999 -9999 -9999 -9999 -9999
-9999 -9999 -9999 -9999 -9999 -9999 -9999 -9999 -9999 -9999 21.4291667938232 21.4166660308838 21.533332824707 21.3083324432373 20.7374992370605 19.2541675567627 18.1333332061768 19.3041667938232 20.4500007629395 20.2250003814697 19.3083324432373 19.404167175293 20.7999992370605 21.6208324432373 21.5625 20.5708332061768 19.1499996185303 18.0125007629395 18.3041667938232 17.5125007629395 16.9416675567627 16.0416660308838 16.5791664123535 16.3250007629395 15.9041662216187 14.375 15.6875 16.6166667938232 15.341667175293 15.7875003814697 -9999 -9999 -9999 -9999 -9999 -9999 -9999 -9999 -9999 -9999 -9999 -9999 -9999 -9999 -9999 -9999 -9999 -9999 -9999 -9999
-9999 -9999 -9999 -9999 -9999 -9999 -9999 -9999 22.7083339691162 22.0083332061768 21.9291667938232 21.6458339691162 20.3791675567627 20.2333335876465 19.8541660308838 18.1208324432373 15.9583330154419 17.4583339691162 18.9833335876465 18.4416675567627 18.2000007629395 19.7749996185303 20.4333324432373 21.0125007629395 21.3833332061768 20.6083335876465 19.3374996185303 17.9624996185303 16.7875003814697 16.3583335876465 15.9833335876465 17.2000007629395 17.5208339691162 17.5416660308838 16.1083335876465 14.5166664123535 15.3249998092651 16.6749992370605 16.6791667938232 -9999 -9999 -9999 -9999 -9999 -9999 -9999 -9999 -9999 -9999 -9999 -9999 -9999 -9999 -9999 -9999 -9999 -9999 -9999 -9999 -9999
-9999 -9999 -9999 -9999 -9999 -9999 -9999 -9999 -9999 -9999 22.2916660308838 21.2416667938232 19.470832824707 19 18.8916664123535 17.4624996185303 17.0083332061768 17.4375 17.1875 16.9458332061768 18.0083332061768 18.9833335876465 20.0249996185303 20.2124996185303 21.0041675567627 21.2250003814697 20.4750003814697 19.466667175293 17.6916656494141 18.2875003814697 18.2625007629395 18.345832824707 18.3916664123535 17.9416675567627 16.7458324432373 15.7250003814697 16.345832824707 17.3166675567627 16.2958335876465 -9999 -9999 -9999 -9999 -9999 -9999 -9999 -9999 -9999 -9999 -9999 -9999 -9999 -9999 -9999 -9999 -9999 -9999 -9999 -9999 -9999
-9999 -9999 -9999 -9999 -9999 -9999 -9999 -9999 -9999 -9999 21.8833332061768 20.9500007629395 19.1833324432373 18.283332824707 18.1083335876465 18.4791660308838 18.3333339691162 17.4874992370605 16 15.8083333969116 17.2458343505859 18.7041664123535 19.3166675567627 18.8041667938232 19.75 20.8583335876465 20.8125 20.8333339691162 20.3875007629395 20.2916660308838 20.0750007629395 19.595832824707 19.4416675567627 18.9583339691162 17.375 17.3125 17.7083339691162 17.1833324432373 16.2749996185303 -9999 -9999 -9999 -9999 -9999 -9999 -9999 -9999 -9999 -9999 -9999 -9999 -9999 -9999 -9999 -9999 -9999 -9999 -9999 -9999 -9999
-9999 -9999 -9999 -9999 -9999 -9999 -9999 -9999 -9999 22.6041660308838 21.9375 21.4166660308838 19.8999996185303 18.9166660308838 18.6625003814697 19.1458339691162 18.966667175293 17.6875 16.7041664123535 15.9166669845581 16.3916664123535 16.841667175293 16.8624992370605 17.0874996185303 19.5 19.5750007629395 19.220832824707 20.2041664123535 19.9500007629395 18.5874996185303 19.029167175293 18.466667175293 17.9916667938232 18.5208339691162 18.6000003814697 18.216667175293 17.6416664123535 17.0750007629395 16.2916660308838 -9999 -9999 -9999 -9999 -9999 -9999 -9999 -9999 -9999 -9999 -9999 -9999 -9999 -9999 -9999 -9999 -9999 -9999 -9999 -9999 -9999
-9999 -9999 -9999 -9999 -9999 -9999 23.2333335876465 23.4958324432373 23.3041667938232 23 22.2625007629395 21.6958332061768 21.1458339691162 19.6375007629395 19.4500007629395 19.9208335876465 19.2708339691162 18.2666664123535 17.2916660308838 17.1958332061768 15.9833335876465 14.0791664123535 14.0375003814697 16.3583335876465 18.716667175293 18.0208339691162 17.8875007629395 19.2749996185303 19.8958339691162 18.6833324432373 17.904167175293 18.4416675567627 16.8083324432373 17.7583332061768 17.5208339691162 16.8291664123535 16.7625007629395 16.3833332061768 16.783332824707 -9999 -9999 -9999 -9999 -9999 -9999 -9999 -9999 -9999 -9999 -9999 -9999 -9999 -9999 -9999 -9999 -9999 -9999 -9999 -9999 -9999
-9999 -9999 -9999 -9999 -9999 -9999 -9999 -9999 -9999 -9999 -9999 -9999 21.4333324432373 20.5708332061768 20.0833339691162 20.4333343505859 19.8083324432373 19.1458339691162 18.1791667938232 17.1666660308838 15.8291664123535 13.0083332061768 12.7124996185303 15.8999996185303 17.7583332061768 17.3500003814697 16.8708324432373 17.6124992370605 18.9583339691162 19.1958332061768 17.2083339691162 17.8250007629395 17.5249996185303 17.0708332061768 17.2041664123535 15.9291667938232 16.0166664123535 15.6999998092651 15.8999996185303 -9999 -9999 -9999 -9999 -9999 -9999 -9999 -9999 -9999 -9999 -9999 -9999 -9999 -9999 -9999 -9999 -9999 -9999 -9999 -9999 -9999
-9999 -9999 -9999 -9999 -9999 -9999 -9999 -9999 -9999 -9999 -9999 -9999 -9999 21.345832824707 21.2291660308838 20.6333332061768 19.5166664123535 18.0208339691162 17.3791675567627 16.1833343505859 14.4250001907349 13.3791666030884 13.9624996185303 15.4666662216187 16.4958324432373 16.3624992370605 16.1916675567627 17.3875007629395 17.8041667938232 18.9583339691162 17.5458335876465 16.5375003814697 17.3833332061768 16.466667175293 17.1166667938232 16.3875007629395 15.1791667938232 14.6833333969116 15.0208330154419 15.1166667938232 -9999 -9999 -9999 -9999 -9999 -9999 -9999 -9999 -9999 -9999 -9999 -9999 -9999 -9999 -9999 -9999 -9999 -9999 -9999 -9999
-9999 -9999 -9999 -9999 23 23.529167175293 23.2291660308838 -9999 -9999 -9999 20.9458332061768 21.3999996185303 21.875 21.9458332061768 21.8374996185303 20.8666667938232 19.8708324432373 19.2875003814697 18.4333324432373 16.9791660308838 15.2875003814697 15.1208333969116 15.9416666030884 15.970832824707 15.2916669845581 14.8333330154419 15.1708335876465 16.0833339691162 17.4333343505859 17.8291664123535 18.2583332061768 16.5625 16.625 16.3083343505859 16.3250007629395 16.5125007629395 15.720832824707 14.2708330154419 13.875 15 -9999 -9999 -9999 -9999 -9999 -9999 -9999 -9999 -9999 -9999 -9999 -9999 -9999 -9999 -9999 -9999 -9999 -9999 -9999 -9999
-9999 -9999 -9999 -9999 22.9874992370605 22.6166667938232 21.8583335876465 21.7666664123535 21.1625003814697 19.2416667938232 18.9208335876465 20.7000007629395 20.8999996185303 21.1333332061768 21.1291675567627 20.9375 21.1124992370605 20.7374992370605 20.1791667938232 19.0541667938232 17.033332824707 16.6833343505859 17.1458339691162 15.7458333969116 13.9791660308838 13.3208332061768 14.875 16.4291667938232 16.7333335876465 16.970832824707 18.0041675567627 16.9249992370605 16.0874996185303 16.345832824707 15.2958335876465 15.1208333969116 14.6208333969116 14.5958337783813 13.4375 13.8166666030884 -9999 -9999 -9999 -9999 -9999 -9999 -9999 -9999 -9999 -9999 -9999 -9999 -9999 -9999 -9999 -9999 -9999 -9999 -9999 -9999
-9999 -9999 -9999 -9999 22.4333343505859 21.6499996185303 21.0541667938232 21.0666675567627 20.3875007629395 19.029167175293 18.9916667938232 20.5 19.5458335876465 19.9166660308838 20.6666660308838 20.2916660308838 20.1333332061768 20.2458324432373 18.625 18.216667175293 18.2083339691162 18.4291667938232 17.4375 16.3541660308838 14.6499996185303 13.0083332061768 14.2291669845581 15.1416664123535 15.3833332061768 16.8250007629395 17.4916667938232 16.3083343505859 15.3208332061768 15.4958333969116 15.4875001907349 14.0208330154419 13.0333337783813 12.5041666030884 12.4750003814697 11.9833335876465 -9999 -9999 -9999 -9999 -9999 -9999 -9999 -9999 -9999 -9999 -9999 -9999 -9999 -9999 -9999 -9999 -9999 -9999 -9999 -9999
-9999 -9999 -9999 -9999 21.845832824707 20.7749996185303 19.9333343505859 19.3916664123535 18.4375 18.0458335876465 18.4291667938232 19.9291667938232 18.6708335876465 18.845832824707 19.7541675567627 20.408332824707 19.3916664123535 19.6166667938232 17.7374992370605 15.9666662216187 15.7416667938232 16.8875007629395 18.0083332061768 16.8999996185303 15.2666664123535 13.6958332061768 12.8625001907349 13.8208332061768 14.904167175293 16.6833324432373 16.9874992370605 16.1625003814697 14.7916669845581 13.8708333969116 14.716667175293 14.6916666030884 13.3208332061768 11.6499996185303 11.1999998092651 10.6416664123535 -9999 -9999 -9999 -9999 -9999 -9999 -9999 -9999 -9999 -9999 -9999 -9999 -9999 -9999 -9999 -9999 -9999 -9999 -9999 -9999
-9999 -9999 -9999 -9999 21.5083332061768 20.529167175293 19.029167175293 18.1875 17.4125003814697 17.3083324432373 18.4500007629395 19.4958324432373 18.6791667938232 17.4958324432373 18.1041660308838 19.2916660308838 18.8958339691162 17.6458339691162 17.9333324432373 16.375 14.5625 15.8791666030884 16.3833332061768 17.0125007629395 15.3125 13.7583332061768 13.029167175293 14.1458339691162 15.6750001907349 16.5166664123535 16.2875003814697 16.2000007629395 14.3291664123535 12.7708330154419 13.091667175293 13.4624996185303 13.466667175293 12.3458337783813 11.2708330154419 -9999 -9999 -9999 -9999 -9999 -9999 -9999 -9999 -9999 -9999 -9999 -9999 -9999 -9999 -9999 -9999 -9999 -9999 -9999 -9999 -9999
-9999 -9999 -9999 22.0083332061768 21.5499992370605 20.7749996185303 19.7124996185303 17.7374992370605 17.4291667938232 17.6625003814697 18.5458335876465 18.841667175293 17.9791660308838 16.5249996185303 17.1041660308838 18.5416660308838 18.345832824707 16.3583335876465 16.8125 15.595832824707 13.2041664123535 13.8208332061768 15.0625 16.7124996185303 16.3916664123535 15.1750001907349 13.1750001907349 13.5041666030884 14.7833337783813 16.1499996185303 15.5124998092651 15.8249998092651 13.7416667938232 12.4083337783813 11.7208337783813 12.375 12.5874996185303 11.9125003814697 -9999 -9999 -9999 -9999 -9999 -9999 -9999 -9999 -9999 -9999 -9999 -9999 -9999 -9999 -9999 -9999 -9999 -9999 -9999 -9999 -9999 -9999
-9999 21.7000007629395 21.5499992370605 21.345832824707 20.8916664123535 20.4791660308838 18.8708324432373 17.7708339691162 17.7333335876465 18.0499992370605 18.1458339691162 17.8916664123535 17.4125003814697 15.8249998092651 16.1041660308838 17.6499996185303 17.6458339691162 15.7124996185303 14.6875 14.6374998092651 12.0791664123535 12.4916667938232 14.783332824707 15.9875001907349 15.6708335876465 15.9624996185303 14.3916664123535 13.0375003814697 14.4875001907349 15.7458333969116 14.6500005722046 15.2375001907349 14.7541666030884 13.1875 11.6125001907349 11.2541666030884 11.3958330154419 11.7749996185303 -9999 -9999 -9999 -9999 -9999 -9999 -9999 -9999 -9999 -9999 -9999 -9999 -9999 -9999 -9999 -9999 -9999 -9999 -9999 -9999 -9999 -9999
20.6000003814697 20.4208335876465 20.3958339691162 20.1875 19.9208335876465 19.1916656494141 18.9458332061768 18.654167175293 18.283332824707 17.9958324432373 17.7999992370605 17.3791675567627 16.5458335876465 15.4291667938232 15.6875 17.1666660308838 16.9541664123535 15.9958333969116 13.966667175293 12.1916666030884 11.3083333969116 13.0458335876465 14.9541664123535 15.716667175293 14.4458332061768 15.375 14.6875 13.3874998092651 13.9041662216187 15.341667175293 14.1333332061768 13.2624998092651 14.3999996185303 13.8041667938232 12.9166669845581 11.5124998092651 10.3374996185303 11.1125001907349 -9999 -9999 -9999 -9999 -9999 -9999 -9999 -9999 -9999 -9999 -9999 -9999 -9999 -9999 -9999 -9999 -9999 -9999 -9999 -9999 -9999 -9999
20.2000007629395 19.529167175293 19.033332824707 18.9624996185303 19.654167175293 19.6708335876465 19.1958332061768 18.6916675567627 17.3291664123535 16.9624996185303 17.3125 17.033332824707 16.158332824707 15.3041667938232 15.0541667938232 15.7666664123535 15.6041669845581 15.4583330154419 14.3583335876465 11.7916660308838 12 13.4875001907349 14.2083330154419 15.2791662216187 14.0541667938232 14.4291667938232 14.3999996185303 12.6291666030884 13.5958337783813 14.6833333969116 13.9250001907349 12.3208332061768 12.9125003814697 13.0249996185303 12.1041669845581 11.7749996185303 10.3583335876465 10.0166664123535 -9999 -9999 -9999 -9999 -9999 -9999 -9999 -9999 -9999 -9999 -9999 -9999 -9999 -9999 -9999 -9999 -9999 -9999 -9999 -9999 -9999 -9999
20.3374996185303 19.7041664123535 19.8875007629395 20.1708335876465 19.3666667938232 18.7083339691162 17.7749996185303 17.4916667938232 17.033332824707 16.0125007629395 16.2999992370605 16.6458339691162 16.341667175293 15.5124998092651 14.5166664123535 13.3541669845581 12.8916664123535 13.3500003814697 12.7208337783813 11.3625001907349 12.1083335876465 12.2541666030884 13.4499998092651 14.0208330154419 13.6041669845581 13.9541664123535 13.9541664123535 12.1374998092651 12.6625003814697 14.0166664123535 13.1333332061768 11.8125 12.1374998092651 12.5166664123535 11.2166662216187 11.2250003814697 10.0541667938232 -9999 -9999 -9999 -9999 -9999 -9999 -9999 -9999 -9999 -9999 -9999 -9999 -9999 -9999 -9999 -9999 -9999 -9999 -9999 -9999 -9999 -9999 -9999
20.9249992370605 20.9458332061768 20.3374996185303 19.1875 18.3624992370605 17.2083339691162 16.6916656494141 16.5750007629395 15.7666664123535 15.75 15.5791664123535 15.7041664123535 15.4250001907349 15.1000003814697 14.7624998092651 13.1833333969116 11.3125 11.2083330154419 12.6625003814697 12.4208335876465 11.4041662216187 11.2875003814697 12.5041666030884 13.2291669845581 13.1500005722046 13.1750001907349 13.4333333969116 12.3208332061768 11.4916667938232 12.5375003814697 12.6125001907349 11.1166667938232 10.9499998092651 11.2916669845581 11.1166667938232 9.94999980926514 8.97500038146973 -9999 -9999 -9999 -9999 -9999 -9999 -9999 -9999 -9999 -9999 -9999 -9999 -9999 -9999 -9999 -9999 -9999 -9999 -9999 -9999 -9999 -9999 -9999
21.3708343505859 20.466667175293 18.9458332061768 17.9249992370605 17.595832824707 16.3333339691162 16.4333343505859 15.779167175293 15.3083333969116 15.3458337783813 14.8916664123535 14.6708335876465 14.2583332061768 14.1166667938232 14.0291662216187 12.5500001907349 12.6291666030884 12.9916667938232 14.0291662216187 12.9750003814697 11.2916669845581 11.0333337783813 11.7208337783813 12.9833335876465 12.5666666030884 11.7250003814697 12.0333337783813 12.5791664123535 11.4000005722046 11.2083330154419 11.5333337783813 10.5791664123535 9.90416622161865 10.0916662216187 9.78750038146973 8.82499980926514 8.85416698455811 -9999 -9999 -9999 -9999 -9999 -9999 -9999 -9999 -9999 -9999 -9999 -9999 -9999 -9999 -9999 -9999 -9999 -9999 -9999 -9999 -9999 -9999 -9999
20.8916664123535 20.279167175293 19.375 17.2333335876465 16.8875007629395 16.470832824707 15.9750003814697 16.0874996185303 16.4208335876465 16.0541667938232 14.9166669845581 14.6083335876465 14.8500003814697 15.7624998092651 14.9166669845581 13.6875 14.1916666030884 14.8249998092651 14.5 12.6916666030884 11.8958330154419 12.2375001907349 12.1416664123535 13.0375003814697 11.8625001907349 10.7166662216187 10.8583335876465 11.8708333969116 11.0958337783813 10.3291664123535 10.2958335876465 9.96666622161865 8.9375 9.25416660308838 9.19999980926514 8.54583358764648 8.73333358764648 -9999 -9999 -9999 -9999 -9999 -9999 -9999 -9999 -9999 -9999 -9999 -9999 -9999 -9999 -9999 -9999 -9999 -9999 -9999 -9999 -9999 -9999 -9999
