ENM/G_variables/Set_1/Choco/bio_15.asc
NCOLS 367 
NROWS 963 
XLLCORNER -78.6 
YLLCORNER 0.65 
CELLSIZE 0.00833333333333323 
NODATA_value -9999 
[rows 891 to 917 of 963, columns 118 to 176 of 367]
47.5067405700684 50.8780632019043 50.4488410949707 53.0115928649902 53.9287261962891 49.3909454345703 46.6555137634277 47.3223495483398 47.1571807861328 42.4427032470703 39.6597671508789 38.5144729614258 32.2304458618164 31.9117565155029 38.4506492614746 40.4990425109863 41.2836723327637 42.845157623291 43.3865394592285 45.5873222351074 47.2765846252441 45.8035316467285 41.5237350463867 38.894401550293 30.83860206604 28.2769794464111 25.9930515289307 -9999 -9999 -9999 22.2549381256104 20.0735607147217 25.1511726379395 28.9792633056641 35.5282554626465 43.2517738342285 45.1589164733887 40.6602935791016 41.382022857666 36.793270111084 36.9384918212891 38.0181007385254 32.5722579956055 21.6471900939941 20.1919689178467 21.6844635009766 19.1643257141113 17.4061756134033 18.1187286376953 19.0147914886475 19.8427467346191 18.6740856170654 22.4433727264404 17.7708740234375 16.6914196014404 16.020845413208 16.3001327514648 17.319034576416 17.9835166931152
51.0214538574219 52.3823661804199 52.9766807556152 52.9310836791992 52.2696113586426 47.6781387329102 43.3074722290039 47.3150329589844 48.7975769042969 41.9129180908203 40.3330078125 41.3787689208984 34.6014404296875 30.4833164215088 37.3048934936523 40.6191444396973 42.3779716491699 43.8676719665527 45.6535987854004 45.5480346679688 46.474479675293 43.1194648742676 -9999 -9999 -9999 -9999 -9999 -9999 -9999 -9999 -9999 18.0289249420166 18.3746585845947 22.3808460235596 29.0024566650391 35.6558570861816 42.7168846130371 41.8817443847656 43.3472175598145 43.7707901000977 43.3051452636719 41.7699966430664 36.500675201416 26.2288341522217 25.2851905822754 24.4192352294922 20.4616680145264 17.9653491973877 19.1999835968018 18.287088394165 18.5075435638428 17.4978160858154 18.9734802246094 18.8479995727539 16.435884475708 15.1839618682861 17.3168239593506 18.1019248962402 19.6790637969971
50.9501190185547 50.8369979858398 50.8551712036133 49.8414192199707 46.8454895019531 43.6301879882812 42.5012741088867 50.1167793273926 46.1008834838867 42.8694648742676 42.2730102539062 38.5018501281738 33.3626594543457 32.0871505737305 37.4961624145508 41.4948883056641 43.0903701782227 44.8607864379883 46.0459213256836 46.4745216369629 46.4983139038086 -9999 -9999 -9999 -9999 -9999 -9999 -9999 -9999 -9999 -9999 -9999 15.9674005508423 17.5846366882324 24.030252456665 29.5306777954102 37.1808853149414 42.2012481689453 42.0730895996094 41.5546875 41.7063026428223 41.0503158569336 38.1308097839355 33.0427703857422 30.4094753265381 28.3315601348877 23.1766548156738 21.8024883270264 23.3775863647461 20.1932640075684 17.4402027130127 18.2879600524902 17.6683654785156 17.5672092437744 16.3548450469971 16.4045124053955 17.3225040435791 18.7294826507568 19.7059841156006
50.308406829834 49.7951469421387 49.2787590026855 47.0036659240723 42.7932586669922 42.0227966308594 41.3617095947266 47.3298416137695 46.6666717529297 42.2557716369629 46.3125 39.4921379089355 36.643367767334 32.8501167297363 37.2745933532715 40.5464477539062 40.9345741271973 42.0007095336914 40.0532531738281 41.4958381652832 43.0100021362305 42.7322235107422 -9999 -9999 -9999 -9999 -9999 -9999 -9999 -9999 -9999 -9999 -9999 18.4275188446045 20.4516773223877 27.8421669006348 33.3885040283203 38.8669166564941 41.1511497497559 38.0374374389648 36.5700263977051 37.2721366882324 35.4429168701172 36.752685546875 34.5171928405762 30.0453929901123 29.6482925415039 26.4691505432129 25.6862411499023 22.4786834716797 19.7210655212402 17.8165950775146 17.321662902832 16.604133605957 15.2826280593872 15.919849395752 17.8218994140625 18.9620933532715 18.9454822540283
48.5004844665527 49.1737518310547 44.6701316833496 44.0776710510254 41.314697265625 40.7579536437988 40.6641159057617 48.814868927002 45.8813819885254 42.0892753601074 44.6520500183105 41.799072265625 39.0932731628418 36.2058906555176 33.1191062927246 34.7436828613281 37.2845458984375 36.8163681030273 39.0905075073242 38.0265808105469 38.8887062072754 38.1757583618164 38.5093154907227 -9999 -9999 -9999 -9999 -9999 -9999 -9999 -9999 -9999 -9999 22.1896286010742 20.9920616149902 22.5190868377686 28.8544330596924 34.896167755127 42.3342742919922 42.1260643005371 37.2616271972656 35.9494247436523 36.9588584899902 34.6878890991211 34.6892280578613 30.0297050476074 30.5139236450195 29.3754367828369 28.0761451721191 26.5983104705811 20.9610424041748 17.054500579834 16.3030261993408 15.581955909729 15.4742240905762 17.5105628967285 18.235559463501 18.7382984161377 20.1064338684082
44.3856506347656 48.2795295715332 44.686840057373 41.6413459777832 40.4329414367676 41.8247451782227 41.7049179077148 47.422737121582 47.0960311889648 45.0249671936035 44.615550994873 42.7355499267578 37.613151550293 37.7233772277832 35.8242492675781 30.8262367248535 33.9922180175781 34.9380989074707 35.526065826416 37.5474739074707 38.0816612243652 38.8850059509277 37.707893371582 -9999 -9999 -9999 -9999 -9999 -9999 -9999 -9999 -9999 -9999 23.8494281768799 23.0982208251953 24.0408096313477 26.7987899780273 35.3265151977539 39.7113456726074 41.1651573181152 37.2316017150879 33.3080902099609 32.9986114501953 30.6608619689941 33.0086708068848 30.5467796325684 30.5312557220459 28.5992393493652 30.7261600494385 28.7751388549805 23.8131713867188 19.4674034118652 16.6132392883301 15.0800094604492 16.0630302429199 18.6361389160156 20.3829975128174 20.6670398712158 20.0250091552734
43.0920524597168 43.0264663696289 45.7532768249512 43.8698844909668 41.4489669799805 39.0046653747559 40.6046485900879 44.082347869873 46.8899040222168 46.8153343200684 44.547290802002 39.4230079650879 37.320198059082 36.9367866516113 39.0777053833008 34.3155174255371 31.7038726806641 34.5506553649902 34.227367401123 38.9307441711426 38.7981643676758 42.2682151794434 -9999 -9999 -9999 -9999 -9999 -9999 -9999 -9999 -9999 -9999 -9999 21.4450092315674 20.506290435791 23.3440589904785 30.8553295135498 32.1098709106445 37.4819450378418 40.7079124450684 39.7801208496094 38.4439468383789 35.0264091491699 32.8260612487793 31.7156372070312 30.3799171447754 27.9745635986328 27.6267604827881 24.914026260376 24.1377658843994 22.4376029968262 19.5250797271729 16.0599479675293 16.125675201416 18.6063976287842 20.2117671966553 21.9949703216553 22.8985824584961 22.780200958252
44.4039192199707 41.5968742370605 44.7340049743652 44.3001480102539 40.2568740844727 33.4960784912109 38.6296119689941 44.2182464599609 47.7112045288086 45.8534927368164 43.0694007873535 40.4383087158203 38.6552085876465 36.8789558410645 39.4181175231934 35.7840957641602 30.1912631988525 33.6050910949707 33.9553909301758 -9999 -9999 -9999 -9999 -9999 -9999 -9999 -9999 -9999 -9999 -9999 -9999 -9999 -9999 22.8869552612305 21.6806564331055 23.3681869506836 26.4650554656982 28.8233051300049 33.675220489502 39.2740783691406 39.6963272094727 37.6286087036133 33.5012626647949 32.6759910583496 27.5286140441895 30.0363101959229 25.4025821685791 21.4592266082764 20.3808536529541 20.7774753570557 19.5591259002686 17.8419303894043 16.7906761169434 17.2659721374512 18.2541656494141 20.331470489502 24.388744354248 23.0643043518066 22.7778835296631
43.2271995544434 43.6295547485352 44.1001129150391 42.9349937438965 36.1266822814941 31.2156143188477 39.6141014099121 46.0622291564941 46.966495513916 45.6665458679199 43.8226737976074 40.2285118103027 38.6765441894531 38.1655044555664 39.1052474975586 38.2850532531738 31.6142578125 32.3872451782227 -9999 -9999 -9999 -9999 -9999 -9999 -9999 -9999 -9999 -9999 -9999 -9999 -9999 25.0011825561523 25.3662395477295 24.4263477325439 23.0100250244141 21.6923351287842 20.9054412841797 27.0499610900879 31.0448780059814 35.1186676025391 36.6068687438965 33.0896873474121 31.2397518157959 28.4664497375488 20.9427852630615 23.4009876251221 20.4559364318848 19.3822402954102 16.3392219543457 17.2408676147461 16.9691734313965 16.1087684631348 17.8392086029053 18.6443214416504 17.4336071014404 17.0247135162354 21.7415256500244 22.1679000854492 21.8803806304932
39.9236450195312 42.6179962158203 42.8439064025879 37.6733055114746 32.4189682006836 35.5483283996582 40.3673706054688 43.8024978637695 46.9648361206055 45.6345825195312 42.3985939025879 41.695972442627 44.3694648742676 40.3156852722168 41.7489128112793 40.5388870239258 31.616455078125 33.1856422424316 33.5656967163086 -9999 -9999 -9999 -9999 -9999 -9999 -9999 -9999 -9999 -9999 -9999 23.2812919616699 24.3138542175293 24.0350036621094 23.1374359130859 21.9339065551758 19.6926345825195 18.1412715911865 24.2661056518555 30.1162605285645 31.1826858520508 30.3205852508545 27.2626857757568 26.9413604736328 26.1321353912354 19.9856204986572 19.4141254425049 19.8499412536621 18.6670989990234 18.345775604248 18.602087020874 18.8005619049072 22.250093460083 22.1968898773193 21.3630123138428 18.972972869873 -9999 -9999 -9999 -9999
33.2774047851562 40.5644416809082 42.1545219421387 34.729248046875 26.3131160736084 35.2265014648438 40.0585746765137 45.6345596313477 46.9300422668457 45.7804565429688 44.1011581420898 45.0220565795898 44.9824371337891 41.3392486572266 43.9270401000977 37.8317642211914 29.0945796966553 32.9004516601562 35.1189918518066 38.6064643859863 -9999 -9999 -9999 -9999 -9999 -9999 -9999 -9999 -9999 -9999 19.233003616333 18.9865875244141 20.1828804016113 17.5836086273193 16.5588798522949 18.3442497253418 20.8599643707275 24.0057926177979 26.6522312164307 29.5386238098145 29.7612953186035 28.6039276123047 25.1090545654297 20.1013946533203 18.307804107666 18.876220703125 19.307897567749 18.6351470947266 18.7507247924805 21.0109462738037 23.5903911590576 33.5723037719727 27.753791809082 -9999 -9999 -9999 -9999 -9999 -9999
22.628755569458 28.1733684539795 31.489782333374 29.4832019805908 28.375415802002 36.2020149230957 40.7403602600098 43.8732566833496 46.768009185791 47.1785545349121 44.9532318115234 44.5430641174316 44.0626678466797 44.6657180786133 43.4157066345215 34.9404830932617 29.5000419616699 31.4354076385498 34.4256973266602 36.5871543884277 -9999 -9999 43.2165870666504 44.674259185791 33.5124206542969 -9999 -9999 -9999 -9999 21.0079479217529 19.4646301269531 18.8223686218262 20.0639801025391 17.8538150787354 19.8293590545654 21.3588466644287 22.8520431518555 24.0581531524658 25.4885215759277 21.1206607818604 22.9938678741455 22.730920791626 19.6639366149902 17.3303661346436 17.1328620910645 17.8924617767334 18.2734203338623 18.0497074127197 18.1987209320068 20.0030384063721 28.8912811279297 30.5536499023438 -9999 -9999 -9999 -9999 -9999 -9999 -9999
25.414608001709 25.5410614013672 26.4808654785156 31.5344390869141 33.564395904541 37.4420166015625 39.2831878662109 45.6401786804199 46.140796661377 47.1427345275879 46.7418899536133 47.5827522277832 44.9164199829102 45.1947059631348 41.3203201293945 37.3206634521484 34.4088821411133 33.5748825073242 36.2247200012207 37.3074264526367 38.3926200866699 41.6844100952148 43.7022361755371 41.7248687744141 32.5478172302246 -9999 -9999 27.7127704620361 24.1250019073486 22.1480903625488 21.4726982116699 20.3079566955566 19.2888584136963 22.2445526123047 23.7393970489502 22.1677627563477 22.7284965515137 23.4683780670166 21.1113357543945 17.8906497955322 17.8533744812012 16.8837451934814 16.5855140686035 17.218448638916 17.4307861328125 17.6265335083008 17.4786758422852 17.3366603851318 16.8130893707275 17.8781795501709 25.0497016906738 21.2056179046631 -9999 -9999 -9999 -9999 -9999 -9999 -9999
30.9622688293457 29.2128524780273 28.3116455078125 32.558708190918 36.8991355895996 37.4880332946777 39.3484725952148 42.6143455505371 45.493839263916 47.4260215759277 45.5195732116699 45.1036109924316 42.8437576293945 43.6677742004395 42.5030136108398 38.8412933349609 35.5105361938477 34.2531242370605 35.711368560791 36.4260177612305 36.4266624450684 40.1194496154785 43.8292579650879 39.6470718383789 35.1666526794434 35.9505004882812 32.8822288513184 30.9813842773438 27.4862747192383 25.5532207489014 24.1613883972168 21.3717727661133 18.5419464111328 19.9944400787354 20.613395690918 20.6867790222168 19.9706020355225 18.8474006652832 17.7671279907227 17.1815700531006 17.471752166748 16.8079032897949 17.1139831542969 17.3757438659668 17.6073570251465 17.7975559234619 18.0279922485352 17.5349388122559 17.884204864502 20.9185695648193 25.2962207794189 -9999 -9999 -9999 -9999 -9999 -9999 -9999 -9999
26.060697555542 26.5041923522949 25.9158248901367 29.748592376709 37.993579864502 37.0147285461426 38.4266052246094 43.022102355957 43.6777610778809 44.9532165527344 44.9430046081543 42.1153297424316 44.7961769104004 44.3155364990234 43.8495216369629 40.3923225402832 36.8181533813477 34.1661758422852 35.5289192199707 36.396427154541 36.4272193908691 37.0641136169434 40.0407447814941 39.7868537902832 37.896183013916 38.7639770507812 36.9447250366211 33.384464263916 30.8487319946289 28.212459564209 23.6153678894043 19.6527690887451 18.8896160125732 20.5526542663574 19.9079055786133 19.1653079986572 18.3318500518799 17.9723720550537 17.0269947052002 16.8887882232666 17.4501781463623 17.2428741455078 16.3682823181152 16.9828205108643 17.3250370025635 18.1084804534912 17.9907913208008 18.0582962036133 19.0301685333252 19.7618408203125 27.7216281890869 -9999 -9999 -9999 -9999 -9999 -9999 -9999 -9999
28.1696262359619 23.9039649963379 28.1305408477783 30.8375816345215 35.3305397033691 35.5744400024414 36.9670753479004 41.7170753479004 43.2142066955566 43.5061340332031 41.2435607910156 43.067928314209 45.0648956298828 45.0873146057129 46.7439308166504 39.7340126037598 35.3740005493164 37.764835357666 35.6123695373535 34.7287330627441 33.4389495849609 36.6476516723633 41.1177177429199 39.4344062805176 39.6718673706055 40.4948959350586 38.8225517272949 36.1701507568359 33.3210983276367 28.1600513458252 21.0393161773682 19.2725009918213 19.8295516967773 19.355375289917 18.846866607666 18.8917407989502 19.2221565246582 19.2494487762451 18.5467624664307 17.2944412231445 18.4555606842041 17.7352542877197 18.4674892425537 18.4194526672363 18.6036396026611 17.5243549346924 17.7657241821289 17.7752990722656 19.0795001983643 20.0317611694336 22.1664714813232 -9999 -9999 -9999 -9999 -9999 -9999 -9999 -9999
32.7334632873535 28.3490238189697 30.832727432251 32.8517799377441 34.6377754211426 37.0940628051758 36.0195541381836 38.1346244812012 39.4748420715332 38.6500854492188 39.8097305297852 43.1567993164062 44.1133842468262 44.8502616882324 44.1448669433594 38.6441078186035 36.3331031799316 36.4962768554688 35.2135620117188 39.940860748291 39.4886169433594 39.1690711975098 40.0638961791992 41.4103240966797 41.1472816467285 39.1068992614746 39.9868507385254 36.8658752441406 34.7457656860352 28.8242645263672 22.1425552368164 20.4801959991455 20.6098899841309 18.7268714904785 19.3304309844971 18.3723564147949 18.6165161132812 19.9415416717529 19.7177410125732 19.2980995178223 19.8088836669922 19.3997268676758 19.0997047424316 18.6823616027832 18.1143531799316 17.3276405334473 17.2322692871094 17.4199562072754 18.3733043670654 20.3961868286133 -9999 -9999 -9999 -9999 -9999 -9999 -9999 -9999 -9999
35.5044937133789 34.2954330444336 35.7827301025391 36.2251930236816 36.3976516723633 37.0182647705078 36.5618705749512 36.0307998657227 34.8127365112305 34.0103607177734 36.0100059509277 36.0886116027832 42.5788230895996 44.7236404418945 45.645149230957 46.1714363098145 38.3212471008301 31.3175582885742 33.4662818908691 34.5503196716309 32.8679389953613 40.646842956543 40.1990127563477 41.6429405212402 40.4593048095703 40.2278366088867 37.6607284545898 38.6586036682129 40.079948425293 35.9490623474121 30.5664348602295 31.4783267974854 24.9849700927734 24.3474082946777 22.4077186584473 19.5058937072754 18.9601306915283 20.0035934448242 20.422420501709 20.7412433624268 20.2213001251221 19.0805702209473 18.7555847167969 17.6993846893311 17.4866733551025 17.4439830780029 17.41868019104 17.8197765350342 19.1353321075439 19.4671802520752 -9999 -9999 -9999 -9999 -9999 -9999 -9999 -9999 -9999
35.1101036071777 37.5238189697266 37.2945556640625 36.603816986084 36.9691009521484 36.6947975158691 35.868236541748 35.1157875061035 34.1388473510742 32.9516220092773 34.9503059387207 38.2219886779785 43.0915718078613 44.5483055114746 46.7483406066895 44.5465888977051 37.1594772338867 32.7886276245117 32.897705078125 30.5726737976074 31.8494968414307 34.5871734619141 40.9314727783203 40.3051986694336 38.8806190490723 37.9700164794922 39.3191299438477 41.133918762207 40.3665237426758 39.4879913330078 38.0474243164062 37.7024726867676 35.0244483947754 33.5014343261719 33.8128128051758 26.3234786987305 22.1759643554688 20.3830795288086 19.6160278320312 19.4984683990479 19.0009136199951 18.2712211608887 17.6871585845947 17.3440761566162 17.2058410644531 17.5804290771484 17.9761085510254 18.4553356170654 18.8107070922852 -9999 -9999 -9999 -9999 -9999 -9999 -9999 -9999 -9999 -9999
34.7133941650391 36.1772155761719 36.6372299194336 37.1776962280273 37.7111968994141 37.8774337768555 37.1393775939941 37.9144973754883 35.0131568908691 33.5824165344238 35.3496475219727 39.0948028564453 41.1655502319336 44.0110969543457 44.7843322753906 41.9171333312988 37.9272918701172 35.334529876709 31.8996543884277 29.3495197296143 30.5990161895752 29.4830932617188 29.8704662322998 37.7476005554199 35.4963684082031 32.2762336730957 29.1690711975098 32.1502799987793 32.4905281066895 35.9571952819824 37.5745697021484 36.8634910583496 35.9983253479004 34.6834106445312 36.1829376220703 33.2257957458496 31.4125423431396 21.0666465759277 17.9646606445312 18.9242649078369 18.2672653198242 17.323917388916 17.4499759674072 17.9430160522461 17.6331424713135 17.1257572174072 18.0262470245361 18.0322189331055 19.5594024658203 -9999 -9999 -9999 -9999 -9999 -9999 -9999 -9999 -9999 -9999
36.6626510620117 36.1808738708496 36.3051643371582 37.8289909362793 36.7192993164062 37.4785194396973 40.9723014831543 38.889476776123 34.4827842712402 33.6566543579102 37.4086036682129 41.4855117797852 44.3760719299316 43.4588012695312 44.1442909240723 41.7186508178711 38.530876159668 37.4898834228516 35.252124786377 29.4922008514404 28.634391784668 30.3621196746826 32.9165840148926 30.8435840606689 27.9082489013672 27.0291347503662 27.7049179077148 31.749475479126 33.0758209228516 35.0982208251953 31.1555709838867 29.0899143218994 28.9661769866943 34.9143447875977 33.8203125 30.9158897399902 28.9325942993164 23.023738861084 18.9035015106201 17.9092407226562 17.2910404205322 17.6827125549316 17.6307010650635 15.9990177154541 16.5337924957275 16.8479804992676 18.0308952331543 18.5780086517334 21.4431247711182 -9999 -9999 -9999 -9999 -9999 -9999 -9999 -9999 -9999 -9999
38.0164794921875 37.4089202880859 37.0771865844727 36.9958801269531 37.6736907958984 41.0047569274902 43.668514251709 41.7381439208984 37.3645935058594 36.5246391296387 39.8241424560547 43.5656433105469 44.6096687316895 44.1013374328613 44.7558441162109 41.7918243408203 40.3134803771973 38.4005546569824 36.9293632507324 30.3705158233643 31.7591152191162 34.0908432006836 31.9359493255615 31.6788940429688 27.8273391723633 26.2001762390137 28.3643589019775 33.230167388916 29.5204486846924 23.8359298706055 20.3130874633789 18.8479747772217 22.9066543579102 25.7980823516846 24.865701675415 23.4673404693604 22.8534297943115 25.1674270629883 18.4725246429443 17.5658111572266 17.1659450531006 17.7965984344482 16.96315574646 16.2814350128174 17.0090465545654 18.4859828948975 19.1027565002441 19.8136177062988 21.8023052215576 -9999 -9999 -9999 -9999 -9999 -9999 -9999 -9999 -9999 -9999
38.1266746520996 38.0822219848633 36.6674957275391 36.9331741333008 39.0256538391113 38.7618751525879 36.3800277709961 41.2920570373535 43.5080451965332 43.7040939331055 42.1192321777344 42.0768508911133 39.5870819091797 41.7683982849121 43.7273864746094 41.4526138305664 37.2266464233398 38.2933044433594 35.4103889465332 33.6300964355469 32.7358551025391 33.6726913452148 30.9630317687988 29.2654590606689 28.2067470550537 27.4265537261963 28.3785209655762 35.4498100280762 29.4139537811279 -9999 -9999 16.106861114502 16.8775806427002 18.7950344085693 18.1630268096924 19.8227844238281 20.1581745147705 23.0652751922607 21.8702182769775 17.5170650482178 18.5102443695068 17.3349838256836 16.5530967712402 16.6004619598389 17.7697429656982 18.1445484161377 18.7815418243408 19.2273139953613 23.8523826599121 -9999 -9999 -9999 -9999 -9999 -9999 -9999 -9999 -9999 -9999
37.1461029052734 37.7765464782715 37.6407585144043 37.8607711791992 36.9660720825195 36.0647773742676 35.1406440734863 34.5484809875488 35.4157333374023 37.7412185668945 40.2048721313477 40.7820625305176 37.4604835510254 41.2715301513672 41.559326171875 42.376106262207 42.2473068237305 40.4524688720703 37.6220397949219 33.3323211669922 31.377555847168 29.5619888305664 29.1321582794189 30.1620616912842 27.3780288696289 28.5620059967041 33.7947883605957 34.1461219787598 32.157787322998 -9999 -9999 -9999 15.7396335601807 16.4006443023682 15.6421947479248 17.4312229156494 18.5613346099854 19.7650337219238 18.9936504364014 18.3000774383545 18.3464660644531 18.3417816162109 18.5073070526123 17.2260570526123 16.7754383087158 17.5379104614258 17.7455863952637 18.8653755187988 24.98362159729 -9999 -9999 -9999 -9999 -9999 -9999 -9999 -9999 -9999 -9999
35.8287582397461 36.7117156982422 34.9334449768066 34.7756309509277 34.939037322998 33.3017578125 35.301025390625 34.5071601867676 34.3662490844727 37.3708076477051 40.4066619873047 42.3433418273926 36.3562698364258 41.6494255065918 37.5940933227539 40.3383483886719 39.2931480407715 42.3834991455078 33.3224220275879 32.1347427368164 32.5552711486816 31.4276866912842 30.6718521118164 30.0636615753174 28.3443260192871 31.5102806091309 34.7527313232422 29.9314842224121 26.8850975036621 -9999 -9999 -9999 16.1871128082275 15.9364261627197 16.333667755127 16.8047657012939 17.6591396331787 17.9902420043945 18.5657348632812 18.3798313140869 17.7910480499268 17.519495010376 18.0084896087646 17.0656642913818 17.5262794494629 17.1667804718018 18.7222919464111 20.0472621917725 24.2587223052979 -9999 -9999 -9999 -9999 -9999 -9999 -9999 -9999 -9999 -9999
34.6987266540527 35.3822479248047 35.2954330444336 35.0870552062988 35.4834671020508 34.9992370605469 34.1381301879883 34.1954956054688 34.6937370300293 34.8972778320312 38.36865234375 42.1395606994629 34.189151763916 38.446102142334 40.5843772888184 40.854434967041 40.2118339538574 37.663330078125 32.4813194274902 32.3098678588867 35.3186798095703 34.5684700012207 31.650749206543 30.0399227142334 29.9671535491943 35.568244934082 32.0462493896484 26.2010250091553 23.4780578613281 22.5926208496094 -9999 -9999 -9999 15.7070484161377 16.4045696258545 16.2745418548584 17.2967014312744 17.6864070892334 18.0384712219238 18.1477928161621 17.4641304016113 17.2968635559082 17.6300067901611 16.9103107452393 16.6247406005859 18.1454067230225 20.5352249145508 21.1284275054932 25.0970764160156 -9999 -9999 -9999 -9999 -9999 -9999 -9999 -9999 -9999 -9999
35.2582206726074 34.5968475341797 34.3988914489746 34.979679107666 34.9962692260742 33.9419593811035 34.7732734680176 34.2659950256348 35.466739654541 35.5560264587402 37.6516799926758 39.8241424560547 38.1354179382324 32.1826362609863 31.5568981170654 31.703821182251 32.9008445739746 32.1634407043457 31.2911243438721 31.6558437347412 32.4026184082031 35.8847198486328 37.8203735351562 32.9166374206543 27.2310371398926 30.081958770752 33.7585372924805 30.5831203460693 31.1766452789307 28.7544403076172 21.637903213501 -9999 -9999 -9999 -9999 16.660623550415 17.3289642333984 17.387716293335 17.2083568572998 17.5960540771484 17.3688507080078 17.1015644073486 17.4127559661865 17.1115322113037 18.6953887939453 19.3492088317871 22.3845195770264 23.9278144836426 26.4981479644775 -9999 -9999 -9999 -9999 -9999 -9999 -9999 -9999 -9999 -9999
