ENM/G_variables/Set_1/Choco/bio_1.asc
NCOLS 367 
NROWS 963 
XLLCORNER -78.6 
YLLCORNER 0.65 
CELLSIZE 0.00833333333333323 
NODATA_value -9999 
[rows 756 to 782 of 963, columns 180 to 239 of 367]
16.783332824707 15.7875003814697 15.7124996185303 16.9166660308838 17.1833324432373 17.7916660308838 16.5375003814697 16.158332824707 16.904167175293 19.0041656494141 16.8541660308838 17.6083335876465 16.5249996185303 17.8833332061768 19.1875 19.5750007629395 19.1916675567627 20.2041664123535 21.7666664123535 22.6166667938232 22.6083335876465 21.7291660308838 20.966667175293 20.9166660308838 22.2541675567627 23.1291675567627 -9999 -9999 23.4791660308838 23.3250007629395 23.0499992370605 -9999 -9999 -9999 22.4208335876465 21.9249992370605 21.2333335876465 20.8875007629395 20.3624992370605 20.2749996185303 19.6833343505859 18.6041660308838 18.2666664123535 18.1708335876465 18.1833324432373 18.2374992370605 18.2916660308838 18.1166667938232 18.1083335876465 18.1208324432373 18.0833339691162 17.966667175293 17.6166667938232 17.4833335876465 17.2875003814697 16.9541664123535 16.8083324432373 16.75 16.6875 16.6875
15.1666669845581 14.6708335876465 15.7250003814697 16.1458339691162 17.1375007629395 18.4333324432373 17.9333324432373 17.6791667938232 17.9541664123535 19.216667175293 17.0041675567627 18.533332824707 18.3208332061768 18.4624996185303 20.1833324432373 20.6041660308838 18.9458332061768 20.2416667938232 21.6208343505859 22.5 22.9750003814697 21.595832824707 21.9583339691162 21.841667175293 22.966667175293 -9999 -9999 -9999 23.7708339691162 23.6499996185303 -9999 -9999 -9999 -9999 -9999 22.1166667938232 21.4416675567627 21.1666660308838 21.0208339691162 20.2541675567627 19.716667175293 19.2250003814697 18.4583339691162 18.466667175293 18.2958335876465 18.1375007629395 18.1208324432373 18.158332824707 18.2083339691162 18.125 18.0041675567627 17.8708324432373 17.5166664123535 17.6499996185303 17.3583335876465 16.8791675567627 16.658332824707 16.4624996185303 16.216667175293 16.4874992370605
14.2291669845581 14.7541666030884 15.5874996185303 15.8041667938232 15.9624996185303 17.1958332061768 19.1499996185303 19.4958324432373 19.5583324432373 18.783332824707 17.470832824707 18.9624996185303 19.7291660308838 19.3583335876465 21.1958332061768 20.6291656494141 19.2124996185303 20.1166667938232 20.9750003814697 21.6916675567627 22.9874992370605 22.2916660308838 23.1749992370605 23.404167175293 -9999 -9999 -9999 24.1041660308838 24.0166664123535 -9999 -9999 -9999 -9999 -9999 -9999 -9999 22.2999992370605 21.7916660308838 21.2958335876465 20.8208332061768 19.9416675567627 18.9916667938232 18.9208335876465 18.5208339691162 18.3541660308838 18.2916660308838 18.220832824707 18.2083339691162 18.1291675567627 18.1375007629395 18.0874996185303 17.9833335876465 17.7708339691162 17.658332824707 17.1875 16.9458332061768 16.2958335876465 16.1208324432373 16.1458339691162 16.1749992370605
13.529167175293 14.4958333969116 14.8833332061768 14.970832824707 15.2708330154419 16.9583339691162 17.4249992370605 19.5166664123535 20.6749992370605 19.3083343505859 18.6625003814697 20.3875007629395 19.6083335876465 20.6916656494141 21.8833332061768 20.3958339691162 18.095832824707 18.8583335876465 20.8791675567627 22.3666667938232 -9999 23.2041664123535 23.341667175293 -9999 -9999 -9999 -9999 -9999 -9999 -9999 -9999 -9999 -9999 -9999 -9999 -9999 -9999 21.5708332061768 20.8291664123535 20.3791675567627 19.7999992370605 18.4125003814697 18.279167175293 18.3666667938232 18.279167175293 18.2416667938232 18.1749992370605 18.1749992370605 18.1166667938232 18.029167175293 17.966667175293 17.8666667938232 17.8624992370605 17.6791667938232 17.4333343505859 16.9583339691162 16.466667175293 15.9750003814697 16.091667175293 15.8458337783813
13.1833333969116 14.3166666030884 13.8000001907349 13.3874998092651 15.0958337783813 16.75 17.716667175293 19.3958339691162 20.8166675567627 21.2916660308838 20.9249992370605 20.7958335876465 20.6625003814697 21.8916664123535 22.1625003814697 20.375 18.3999996185303 18.9333324432373 20.8333339691162 22.5208339691162 -9999 23.5375003814697 23.9791660308838 -9999 -9999 -9999 -9999 -9999 -9999 -9999 23.4375 23.5166664123535 23.4874992370605 23.345832824707 23.0083332061768 22.5833339691162 21.9916667938232 21.0833339691162 21.3541660308838 20.8666667938232 20.3958339691162 19.6916675567627 18.6833324432373 18.2625007629395 18.2124996185303 18.283332824707 18.2749996185303 18.2416667938232 18.1124992370605 18.029167175293 17.8791675567627 17.7250003814697 17.6208324432373 17.2749996185303 17.4375 17.1000003814697 16.8875007629395 16.6333332061768 15.9583330154419 15.3791666030884
12.7166662216187 13.9291667938232 13.1916666030884 13.7291669845581 16.0708332061768 17.2291660308838 18.5125007629395 19.3708343505859 19.8666667938232 19.6625003814697 21.470832824707 21.9958343505859 22.2749996185303 22.8958339691162 22.3500003814697 20.2583332061768 19.6083335876465 20.0708332061768 21.8500003814697 -9999 -9999 -9999 -9999 -9999 -9999 -9999 -9999 -9999 24.1499996185303 24.095832824707 23.904167175293 23.5 -9999 -9999 -9999 22.966667175293 21.9291667938232 21.2291660308838 20.8833332061768 20.875 20.6458339691162 20.2999992370605 19.9375 19.5208339691162 19.1124992370605 18.8708324432373 18.3541660308838 18.1041660308838 17.8333339691162 17.8624992370605 17.8166675567627 17.6666660308838 17.1499996185303 16.8166675567627 16.9833335876465 16.533332824707 16.5833339691162 16.6708335876465 16.1375007629395 14.8833332061768
13.2083330154419 13.2333335876465 12.6666669845581 12.8874998092651 14.9833335876465 16.9624996185303 17.6833324432373 18.1749992370605 18.6458339691162 18.3624992370605 20.1666660308838 20.716667175293 20.6333332061768 -9999 -9999 21.4791660308838 21.2541675567627 21.4583339691162 22.6416664123535 -9999 -9999 -9999 -9999 -9999 -9999 -9999 -9999 -9999 -9999 -9999 -9999 -9999 -9999 -9999 -9999 -9999 22.5708332061768 21.8583335876465 21.533332824707 20.9333324432373 20.7541675567627 20.7041664123535 19.783332824707 18.8791675567627 18.5208339691162 18.3208332061768 18.4916667938232 17.875 17.6124992370605 17.5750007629395 17.6291656494141 17.3708343505859 17.1166667938232 16.4791660308838 16.470832824707 16.4583339691162 16.3083343505859 16.216667175293 15.7333335876465 14.2124996185303
14.0083332061768 14.3999996185303 14.8374996185303 14.345832824707 15.1708335876465 16.3291664123535 16.7666664123535 17.5666675567627 19.1000003814697 19.1416664123535 19.0416660308838 20.1666660308838 21.3500003814697 -9999 -9999 -9999 21.8624992370605 21.9791660308838 23.3624992370605 -9999 -9999 -9999 -9999 -9999 -9999 -9999 -9999 -9999 -9999 -9999 -9999 -9999 -9999 -9999 -9999 -9999 -9999 22.6625003814697 22.1958332061768 22.0125007629395 21.6666660308838 21.3208332061768 20.4333343505859 19.5 18.5499992370605 18.1916675567627 18.1000003814697 18.125 17.7000007629395 17.4249992370605 17.4500007629395 17.1375007629395 16.7458324432373 16.1916656494141 15.9583330154419 16.2041664123535 16.2666664123535 15.6958332061768 14.783332824707 13.7333335876465
14.7708330154419 15.8541669845581 16.6041660308838 17.3083324432373 17.1291675567627 17.5125007629395 18.3125 18.220832824707 19.3708324432373 20.0125007629395 19.7124996185303 20.9833335876465 22.6666660308838 23.3208332061768 -9999 -9999 21.0833339691162 21.5499992370605 -9999 -9999 -9999 -9999 -9999 -9999 -9999 -9999 -9999 -9999 -9999 -9999 22.7041664123535 22.4375 22.2333335876465 22.1458339691162 21.9249992370605 -9999 -9999 22.1708335876465 21.7250003814697 21.9333324432373 21.8291664123535 21.7250003814697 21.3125 20.6958332061768 20.091667175293 19.279167175293 19.0833339691162 17.8791675567627 17.6749992370605 17.5583324432373 17.3041667938232 16.9208335876465 16.6208324432373 16.4500007629395 16.2541656494141 15.9958333969116 15.8708333969116 15.4624996185303 14.9291667938232 14.3791666030884
17.0375003814697 16.3291664123535 17.4208335876465 18.8333339691162 18.654167175293 19.533332824707 18.4375 19.1000003814697 19.7749996185303 20.5458335876465 20.1666660308838 21.5 23.0041675567627 23.9874992370605 -9999 -9999 21.158332824707 22.533332824707 -9999 -9999 -9999 -9999 -9999 -9999 -9999 -9999 -9999 -9999 -9999 23.8791675567627 23.75 23.3958339691162 22.6875 22.4416675567627 22.154167175293 21.3708343505859 21.1166667938232 21.7041664123535 21.4624996185303 20.9874992370605 20.7083339691162 20.9500007629395 21.3041667938232 21.3208332061768 20.841667175293 20.6291656494141 19.6458339691162 18.1749992370605 17.6666660308838 17.2250003814697 16.8666667938232 16.8666667938232 16.7000007629395 16.470832824707 16.283332824707 15.7541666030884 15.3999996185303 15.2041664123535 14.6458330154419 14.3083333969116
18.6041660308838 18.3166656494141 17.3958339691162 18.2541675567627 20.1833343505859 20.5375003814697 19.9208335876465 19.595832824707 20.5833339691162 21.095832824707 20.6375007629395 21.716667175293 23.033332824707 -9999 -9999 -9999 21.8208332061768 -9999 -9999 -9999 -9999 -9999 -9999 -9999 -9999 -9999 -9999 -9999 -9999 -9999 -9999 -9999 22.6041660308838 22.25 22.1416664123535 21.8125 21.3041667938232 20.8999996185303 20.8875007629395 20.6291656494141 19.6916656494141 20.1916675567627 20.3958339691162 20.2583332061768 20.6791667938232 20.8541660308838 20.3875007629395 19.4416675567627 18.779167175293 17.8125 16.8916664123535 16.1749992370605 16.1875 16.4541664123535 16.154167175293 15.7083330154419 15.3625001907349 14.9166669845581 14.3958330154419 13.8708333969116
19.6083335876465 20.0874996185303 20.1124992370605 18.6208343505859 20.3125 21.1916656494141 21.4125003814697 20.8791675567627 21.6791667938232 21.9874992370605 21.5083332061768 21.8958339691162 23.3041667938232 -9999 -9999 21.8333339691162 23.283332824707 -9999 -9999 -9999 -9999 -9999 -9999 -9999 -9999 -9999 -9999 -9999 -9999 -9999 -9999 22.8624992370605 22.5750007629395 22.3624992370605 21.9249992370605 21.5833339691162 21.2875003814697 20.5416660308838 20.0125007629395 19.7083339691162 19.2000007629395 18.0625 18.6916675567627 19.3374996185303 19.8791675567627 19.9375 20.4458332061768 19.9333343505859 19.2416667938232 18.7708339691162 17.5833339691162 16.2958335876465 15.8041667938232 15.9250001907349 15.5208330154419 15.2083330154419 15.1625003814697 14.7541666030884 14.2458333969116 13.4875001907349
19.0499992370605 21.0166664123535 21.6083335876465 21.0874996185303 20.3583335876465 20.779167175293 22.1124992370605 21.8666667938232 22.5083332061768 22.6666660308838 22.279167175293 22.1000003814697 23.2583332061768 -9999 -9999 22.9458332061768 -9999 -9999 -9999 -9999 -9999 -9999 -9999 -9999 -9999 -9999 -9999 -9999 -9999 22.9791660308838 23.0833339691162 23.0499992370605 22.3624992370605 22.2958335876465 21.9291667938232 21.5249996185303 20.7250003814697 20.2625007629395 19.6375007629395 17.9333324432373 18.2583332061768 17.4375 17.3624992370605 18.7124996185303 18.7583332061768 18.9541664123535 19.970832824707 19.9958343505859 19.0458335876465 17.8833332061768 17.4125003814697 16.6375007629395 15.8999996185303 15.4916667938232 14.9375 14.3791666030884 14.6000003814697 14.625 13.9916667938232 13.375
18.9958343505859 19.8791675567627 21.783332824707 22.3083324432373 20.5833339691162 20.7583332061768 22.095832824707 22.3041667938232 23.1333332061768 23.1708335876465 22.1333332061768 22.658332824707 -9999 -9999 -9999 -9999 -9999 -9999 -9999 -9999 -9999 -9999 -9999 -9999 -9999 -9999 -9999 -9999 23.6208324432373 22.7250003814697 22.716667175293 22.4500007629395 22.2999992370605 21.9166660308838 21.9249992370605 21.4583339691162 20.3333339691162 19.4416656494141 18.7666664123535 17.5874996185303 17.4541664123535 18.2333335876465 18.6458339691162 18.3666667938232 17.7250003814697 18.4458332061768 18.7083339691162 19.6708335876465 19.6375007629395 18.8666667938232 17.591667175293 16.6958332061768 16.4375 15.3000001907349 14.720832824707 14.904167175293 14.2916669845581 14.2541666030884 13.8458337783813 13.279167175293
20.8291664123535 20.1291675567627 21.783332824707 22.7374992370605 21.8291664123535 22.2583332061768 22.875 22.466667175293 23.3291664123535 -9999 -9999 22.9833335876465 -9999 -9999 -9999 -9999 -9999 -9999 -9999 -9999 -9999 -9999 -9999 -9999 -9999 -9999 -9999 -9999 23.7749996185303 23.5750007629395 22.9750003814697 21.8833332061768 22.283332824707 22.4458332061768 22.4458332061768 21.9916667938232 21.1416664123535 20.6000003814697 19.7708339691162 18.904167175293 19.4416656494141 20.0166664123535 19.8250007629395 18.3708324432373 17.2541675567627 17.5041656494141 17.908332824707 18.9916667938232 18.5458335876465 19.125 18.7291660308838 18.0541667938232 17.3041667938232 15.8916664123535 15.7958335876465 15.9541664123535 14.8374996185303 14.1666669845581 13.6625003814697 12.8999996185303
21.0541667938232 21.8374996185303 22.0666675567627 22.7958335876465 23.0041675567627 22.9833335876465 -9999 22.3791656494141 23.5083332061768 -9999 -9999 23.9416656494141 -9999 -9999 -9999 -9999 -9999 -9999 -9999 -9999 -9999 -9999 -9999 -9999 -9999 -9999 -9999 -9999 -9999 -9999 23.5125007629395 22.6291675567627 22.779167175293 23.0125007629395 22.5708332061768 22.0083332061768 21.470832824707 21.1083335876465 20.7000007629395 20.4624996185303 20.6833324432373 20.8208332061768 20.2250003814697 18.5083332061768 17.375 16.6958332061768 17.5125007629395 18.0249996185303 17.6625003814697 17.8333339691162 17.9458332061768 17.8875007629395 17.6958332061768 17.0583343505859 16.6375007629395 15.9250001907349 15.3791666030884 14.8000001907349 13.3041667938232 12.5124998092651
22.1083335876465 22.6958332061768 22.9541664123535 23.2416667938232 23.2875003814697 -9999 -9999 -9999 23.6416664123535 -9999 -9999 -9999 -9999 -9999 -9999 -9999 -9999 -9999 -9999 -9999 -9999 -9999 -9999 -9999 -9999 -9999 -9999 -9999 -9999 -9999 -9999 23.5125007629395 23.6083335876465 22.9833335876465 21.9208335876465 21.6000003814697 21.875 21.5083332061768 21.5249996185303 21.1666660308838 21.3624992370605 21.4249992370605 20.0833339691162 18.4583339691162 18.2749996185303 17.5666675567627 17.2000007629395 16.9916667938232 16.966667175293 16.3916664123535 16.9166660308838 16.8291664123535 16.658332824707 17.2083339691162 16.4750003814697 15.4291667938232 14.1458330154419 13.779167175293 12.5708332061768 11.4958333969116
20.966667175293 21.9125003814697 -9999 -9999 -9999 -9999 -9999 23.0041675567627 23.3791675567627 -9999 -9999 -9999 -9999 -9999 -9999 -9999 -9999 -9999 -9999 -9999 -9999 -9999 -9999 -9999 -9999 -9999 -9999 -9999 -9999 -9999 23.8500003814697 24.0083332061768 23.3999996185303 22.7875003814697 22.3708324432373 22.5249996185303 22.0833339691162 21.7916660308838 22.1458339691162 22.0125007629395 22.033332824707 21.4624996185303 20.5499992370605 19.5625 19.5583343505859 18.6458339691162 17.5625 16.0125007629395 15.9875001907349 15.7541666030884 15.3541669845581 15.6666669845581 15.5208330154419 16.7875003814697 16.5499992370605 15.2124996185303 14.1208333969116 13.5166664123535 12.2083330154419 11.220832824707
21.1458339691162 -9999 -9999 -9999 -9999 -9999 -9999 23.375 23.4166660308838 23.3041667938232 -9999 -9999 -9999 -9999 -9999 -9999 -9999 -9999 -9999 -9999 -9999 -9999 -9999 -9999 -9999 -9999 -9999 -9999 -9999 -9999 -9999 -9999 -9999 23.5583324432373 23.0208339691162 22.4333324432373 22.4624996185303 22.5249996185303 22.4791660308838 22.4249992370605 22.033332824707 21.5833339691162 20.9166660308838 19.6666660308838 18.8541660308838 18.3333339691162 17.5375003814697 15.9499998092651 14.9291667938232 15.4125003814697 14.908332824707 15.0541667938232 15.1083335876465 16.4958343505859 16.375 15.8208332061768 14.9791669845581 13.9375 12.0166664123535 11
21.9750003814697 23.0375003814697 23.529167175293 -9999 -9999 -9999 -9999 24.2916660308838 23.5083332061768 24.0416660308838 -9999 -9999 -9999 -9999 -9999 -9999 -9999 -9999 -9999 -9999 -9999 23.5499992370605 -9999 -9999 -9999 -9999 -9999 -9999 -9999 -9999 -9999 -9999 -9999 23.1708335876465 23.1000003814697 22.6041660308838 22.875 22.9500007629395 22.7708339691162 22.2291660308838 20.7958335876465 20.4791660308838 19.8791675567627 18.2291660308838 17.7000007629395 17.0791664123535 16.5874996185303 16.2374992370605 15.1833333969116 14.625 14.3708333969116 14.4624996185303 14.3791666030884 16.0083332061768 15.6708335876465 15.8666667938232 15.4166669845581 14.2958335876465 12.7541666030884 11.5249996185303
22.3541660308838 22.9791660308838 23.3666667938232 -9999 -9999 -9999 -9999 -9999 -9999 -9999 -9999 -9999 -9999 -9999 -9999 -9999 -9999 -9999 -9999 23.5791664123535 23.4874992370605 23.2958335876465 -9999 -9999 -9999 23.2083339691162 22.2999992370605 -9999 -9999 -9999 21.9125003814697 21.1333332061768 21.6875 22.4583339691162 23.341667175293 23.1958332061768 22.8500003814697 22.470832824707 22.5458335876465 21.9458332061768 20.720832824707 19.2124996185303 18.6833343505859 17.6749992370605 16.9416656494141 15.908332824707 15.8999996185303 15.4875001907349 15.2416667938232 14.5083332061768 13.8916664123535 13.8000001907349 14 15.345832824707 14.6666669845581 15.2916669845581 15.3333330154419 13.7375001907349 12.0833330154419 11.3999996185303
22.7416667938232 -9999 -9999 -9999 -9999 -9999 -9999 -9999 -9999 -9999 -9999 -9999 -9999 -9999 -9999 -9999 -9999 -9999 -9999 23.8875007629395 23.8083343505859 23.1916675567627 -9999 -9999 -9999 22.4833335876465 22.0541667938232 22.1375007629395 22.4416656494141 22.470832824707 21.9416656494141 21.7583332061768 22.8208332061768 22.9958324432373 22.7916660308838 21.904167175293 21.466667175293 22.0125007629395 22.1375007629395 21.1416664123535 19.9874992370605 18.5708332061768 17.7625007629395 17.8666667938232 17.0499992370605 16.6041660308838 16.6375007629395 16.341667175293 15.2250003814697 14.5833330154419 13.7583332061768 13.5083332061768 13.5666666030884 14.2416667938232 13.9499998092651 14.6125001907349 14.9416666030884 14.2041664123535 12.1333332061768 11.033332824707
23.0541667938232 22.2666664123535 -9999 -9999 -9999 -9999 -9999 -9999 -9999 -9999 -9999 -9999 -9999 -9999 -9999 -9999 -9999 -9999 -9999 -9999 23.6208324432373 23.3708324432373 -9999 -9999 23.0166664123535 22.8999996185303 22.3666667938232 22.404167175293 22.6124992370605 22.5125007629395 22.3500003814697 22.158332824707 21.841667175293 21.8833332061768 22.3833332061768 21.7333335876465 21.091667175293 21.3958339691162 20.9249992370605 20.3958339691162 18.9833335876465 18.0791664123535 18.2583332061768 18.1625003814697 17.5249996185303 17.279167175293 17.1958332061768 16.7541675567627 15.3708333969116 14.2958335876465 14.529167175293 15.1000003814697 14.6416664123535 13.7333335876465 13.1041669845581 14.4583330154419 14.4083337783813 13.8000001907349 11.6541662216187 10.6833333969116
-9999 22.6875 -9999 -9999 -9999 -9999 -9999 -9999 -9999 -9999 -9999 -9999 -9999 -9999 -9999 -9999 -9999 -9999 -9999 -9999 23.0666675567627 22.8958339691162 22.9958324432373 22.8999996185303 23.125 22.8374996185303 22.6791667938232 22.6083335876465 22.4208335876465 21.8374996185303 21.5583324432373 21.7958335876465 21.4583339691162 21.2250003814697 21.4166660308838 21.2708339691162 20.9750003814697 20.466667175293 19.904167175293 19.3916664123535 18.4458332061768 18.3666667938232 18.6833324432373 18.3708324432373 18.1000003814697 17.7374992370605 17.2999992370605 16.654167175293 15.904167175293 15.8583335876465 15.6833333969116 14.7250003814697 13.6416664123535 13.7416667938232 13.4458332061768 13.6875 12.9750003814697 13.8958330154419 13 11.9041662216187
-9999 -9999 24.2458324432373 -9999 -9999 -9999 -9999 -9999 -9999 -9999 -9999 -9999 -9999 -9999 -9999 -9999 -9999 -9999 -9999 23.1291675567627 22.9958324432373 22.9833335876465 22.9416675567627 22.8125 22.9750003814697 23.1333332061768 22.6625003814697 22.4583339691162 21.9541664123535 21.2458343505859 21.720832824707 22.0791664123535 21.7333335876465 21.7999992370605 21.591667175293 21.1291675567627 21.0166664123535 20.6083335876465 20.2749996185303 19.5583324432373 19.1208343505859 19.0791664123535 18.8875007629395 18.3166675567627 17.8291664123535 17.4291667938232 17.029167175293 16.7666664123535 16.1625003814697 15.3833332061768 15.3291664123535 14.4583330154419 13.5874996185303 12.5541667938232 11.4833335876465 12.7041664123535 11.5041666030884 12.5541667938232 13.0958337783813 12.3083333969116
-9999 -9999 -9999 -9999 -9999 -9999 -9999 -9999 -9999 -9999 -9999 -9999 -9999 -9999 -9999 -9999 -9999 -9999 23.4125003814697 23.220832824707 23.125 23.1208343505859 23.0708332061768 23.3833332061768 23.7000007629395 23.5416660308838 23.1875 22.7583332061768 22.4416656494141 22.3583335876465 22.5833339691162 22.154167175293 21.8374996185303 21.7999992370605 21.3541660308838 20.9624996185303 20.5750007629395 20.3875007629395 20.0499992370605 19.9208335876465 19.5541667938232 19 18.6625003814697 18.2000007629395 17.779167175293 17.3250007629395 16.7083339691162 16.0583343505859 15.4750003814697 14.5625 14.3416662216187 13.1999998092651 13.0708332061768 11.5166664123535 10.4166669845581 11.5416669845581 10.5749998092651 10.1000003814697 11.1291666030884 11.6791667938232
-9999 -9999 -9999 -9999 -9999 -9999 -9999 -9999 -9999 -9999 -9999 -9999 -9999 -9999 -9999 -9999 -9999 23.7916660308838 23.3291664123535 23.4416675567627 23.408332824707 23.3125 23.5083332061768 23.8250007629395 23.6666660308838 23.2124996185303 23.2124996185303 23.1000003814697 22.7875003814697 22.7958335876465 22.1625003814697 22.0666675567627 21.5499992370605 21.2083339691162 21.5874996185303 21.2875003814697 20.9458332061768 20.8583335876465 20.6000003814697 20.3999996185303 19.8875007629395 19.6458339691162 18.7999992370605 18.5791664123535 18.0583324432373 17.283332824707 16.8583335876465 16.2333335876465 15.1916666030884 14.3374996185303 13.1833333969116 12.8916664123535 10.8000001907349 9.72500038146973 10.1875 10.6166667938232 10.0916662216187 8.88333320617676 9.21666622161865 9.93333339691162
