ENM/G_variables/Set_1/Choco/bio_12.asc
NCOLS 367 
NROWS 963 
XLLCORNER -78.6 
YLLCORNER 0.65 
CELLSIZE 0.00833333333333323 
NODATA_value -9999 
[rows 735 to 769 of 963, columns 0 to 78 of 367]
-9999 -9999 -9999 -9999 -9999 -9999 -9999 -9999 -9999 -9999 -9999 -9999 -9999 -9999 -9999 -9999 -9999 -9999 -9999 -9999 -9999 -9999 -9999 -9999 -9999 -9999 -9999 -9999 -9999 -9999 -9999 -9999 -9999 -9999 -9999 -9999 -9999 -9999 -9999 -9999 -9999 -9999 -9999 -9999 -9999 -9999 -9999 -9999 -9999 -9999 -9999 -9999 -9999 -9999 -9999 -9999 -9999 -9999 -9999 -9999 -9999 -9999 -9999 -9999 -9999 -9999 -9999 -9999 -9999 -9999 -9999 -9999 -9999 5080 5029 4941 4979 4948 5037
-9999 -9999 -9999 -9999 -9999 -9999 -9999 -9999 -9999 -9999 -9999 -9999 -9999 -9999 -9999 -9999 -9999 -9999 -9999 -9999 -9999 -9999 -9999 -9999 -9999 -9999 -9999 -9999 -9999 -9999 -9999 -9999 -9999 -9999 -9999 -9999 -9999 -9999 -9999 -9999 -9999 -9999 -9999 -9999 -9999 -9999 -9999 -9999 -9999 -9999 -9999 -9999 -9999 -9999 -9999 -9999 -9999 -9999 -9999 -9999 -9999 -9999 -9999 -9999 -9999 -9999 -9999 -9999 -9999 -9999 5055 4958 5013 5010 4996 4988 5042 4909 4973
-9999 -9999 -9999 -9999 -9999 -9999 -9999 -9999 -9999 -9999 -9999 -9999 -9999 -9999 -9999 -9999 -9999 -9999 -9999 -9999 -9999 -9999 -9999 -9999 -9999 -9999 -9999 -9999 -9999 -9999 -9999 -9999 -9999 -9999 -9999 -9999 -9999 -9999 -9999 -9999 -9999 -9999 -9999 -9999 -9999 -9999 -9999 -9999 -9999 -9999 -9999 -9999 -9999 -9999 -9999 -9999 -9999 -9999 -9999 -9999 -9999 -9999 -9999 -9999 -9999 -9999 -9999 -9999 4958 4925 5006 4996 5009 4983 5048 5005 4993 5047 4886
-9999 -9999 -9999 -9999 -9999 -9999 -9999 -9999 -9999 -9999 -9999 -9999 -9999 -9999 -9999 -9999 -9999 -9999 -9999 -9999 -9999 -9999 -9999 -9999 -9999 -9999 -9999 -9999 -9999 -9999 -9999 -9999 -9999 -9999 -9999 -9999 -9999 -9999 -9999 -9999 -9999 -9999 -9999 -9999 -9999 -9999 -9999 -9999 -9999 -9999 -9999 -9999 -9999 -9999 -9999 -9999 -9999 -9999 -9999 -9999 -9999 -9999 -9999 -9999 -9999 -9999 -9999 4918 5007 4924 4986 5044 5036 5001 4907 4987 5027 4864 4995
-9999 -9999 -9999 -9999 -9999 -9999 -9999 -9999 -9999 -9999 -9999 -9999 -9999 -9999 -9999 -9999 -9999 -9999 -9999 -9999 -9999 -9999 -9999 -9999 -9999 -9999 -9999 -9999 -9999 -9999 -9999 -9999 -9999 -9999 -9999 -9999 -9999 -9999 -9999 -9999 -9999 -9999 -9999 -9999 -9999 -9999 -9999 -9999 -9999 -9999 -9999 -9999 -9999 -9999 -9999 -9999 -9999 -9999 -9999 -9999 -9999 -9999 -9999 -9999 -9999 -9999 4880 4898 4915 4909 4930 4999 4896 4865 5003 4931 4942 4883 5014
-9999 -9999 -9999 -9999 -9999 -9999 -9999 -9999 -9999 -9999 -9999 -9999 -9999 -9999 -9999 -9999 -9999 -9999 -9999 -9999 -9999 -9999 -9999 -9999 -9999 -9999 -9999 -9999 -9999 -9999 -9999 -9999 -9999 -9999 -9999 -9999 -9999 -9999 -9999 -9999 -9999 -9999 -9999 -9999 -9999 -9999 -9999 -9999 -9999 -9999 -9999 -9999 -9999 -9999 -9999 -9999 -9999 -9999 -9999 -9999 -9999 -9999 -9999 -9999 -9999 5012 4942 4905 4843 4831 4885 4962 4957 4834 4909 4931 4896 4976 4819
-9999 -9999 -9999 -9999 -9999 -9999 -9999 -9999 -9999 -9999 -9999 -9999 -9999 -9999 -9999 -9999 -9999 -9999 -9999 -9999 -9999 -9999 -9999 -9999 -9999 -9999 -9999 -9999 -9999 -9999 -9999 -9999 -9999 -9999 -9999 -9999 -9999 -9999 -9999 -9999 -9999 -9999 -9999 -9999 -9999 -9999 -9999 -9999 -9999 -9999 -9999 -9999 -9999 -9999 -9999 -9999 -9999 -9999 -9999 -9999 -9999 -9999 -9999 -9999 4891 4870 4852 4930 4925 4951 4921 4959 4986 4863 5026 4926 4962 5003 4961
-9999 -9999 -9999 -9999 -9999 -9999 -9999 -9999 -9999 -9999 -9999 -9999 -9999 -9999 -9999 -9999 -9999 -9999 -9999 -9999 -9999 -9999 -9999 -9999 -9999 -9999 -9999 -9999 -9999 -9999 -9999 -9999 -9999 -9999 -9999 -9999 -9999 -9999 -9999 -9999 -9999 -9999 -9999 -9999 -9999 -9999 -9999 -9999 -9999 -9999 -9999 -9999 -9999 -9999 -9999 -9999 -9999 -9999 -9999 -9999 -9999 -9999 4830 4816 4845 4807 4800 4924 4870 4760 4760 4890 4897 4844 4981 4949 5038 4940 4893
-9999 -9999 -9999 -9999 -9999 -9999 -9999 -9999 -9999 -9999 -9999 -9999 -9999 -9999 -9999 -9999 -9999 -9999 -9999 -9999 -9999 -9999 -9999 -9999 -9999 -9999 -9999 -9999 -9999 -9999 -9999 -9999 -9999 -9999 -9999 -9999 -9999 -9999 -9999 -9999 -9999 -9999 -9999 -9999 -9999 -9999 -9999 -9999 -9999 -9999 -9999 -9999 -9999 -9999 -9999 -9999 -9999 -9999 -9999 4732 4819 -9999 4810 4759 4806 4843 4844 4931 4818 4921 4927 4964 4869 4933 4870 4988 5003 4976 4999
-9999 -9999 -9999 -9999 -9999 -9999 -9999 -9999 -9999 -9999 -9999 -9999 -9999 -9999 -9999 -9999 -9999 -9999 -9999 -9999 -9999 -9999 -9999 -9999 -9999 -9999 -9999 -9999 -9999 -9999 -9999 -9999 -9999 -9999 -9999 -9999 -9999 -9999 -9999 -9999 -9999 -9999 -9999 -9999 -9999 -9999 -9999 -9999 -9999 -9999 -9999 -9999 -9999 -9999 -9999 -9999 -9999 4598 4652 4766 4755 4900 4721 4873 4790 4778 4853 4920 4956 4976 4990 5022 4952 4903 4881 4835 4951 4986 4986
-9999 -9999 -9999 -9999 -9999 -9999 -9999 -9999 -9999 -9999 -9999 -9999 -9999 -9999 -9999 -9999 -9999 -9999 -9999 -9999 -9999 -9999 -9999 -9999 -9999 -9999 -9999 -9999 -9999 -9999 -9999 -9999 -9999 -9999 -9999 -9999 -9999 -9999 -9999 -9999 -9999 -9999 -9999 -9999 -9999 -9999 -9999 -9999 -9999 -9999 -9999 -9999 -9999 -9999 -9999 -9999 4583 4627 4672 -9999 4826 4829 4863 4830 4847 -9999 4878 4964 5028 4948 4952 4999 4904 4875 4887 4927 4929 5043 4972
-9999 -9999 -9999 -9999 -9999 -9999 -9999 -9999 -9999 -9999 -9999 -9999 -9999 -9999 -9999 -9999 -9999 -9999 -9999 -9999 -9999 -9999 -9999 -9999 -9999 -9999 -9999 -9999 -9999 -9999 -9999 -9999 -9999 -9999 -9999 -9999 -9999 -9999 -9999 -9999 -9999 -9999 -9999 -9999 -9999 -9999 -9999 -9999 -9999 -9999 -9999 -9999 -9999 -9999 -9999 4523 4655 4757 4714 4772 4855 4873 4880 4894 4884 4917 4919 4945 5007 4992 4969 4927 4974 5003 4960 4971 4983 5041 4949
-9999 -9999 -9999 -9999 -9999 -9999 -9999 -9999 -9999 -9999 -9999 -9999 -9999 -9999 -9999 -9999 -9999 -9999 -9999 -9999 -9999 -9999 -9999 -9999 -9999 -9999 -9999 -9999 -9999 -9999 -9999 -9999 -9999 -9999 -9999 -9999 -9999 -9999 -9999 -9999 -9999 -9999 -9999 -9999 -9999 -9999 -9999 -9999 -9999 -9999 -9999 -9999 -9999 -9999 4601 4699 4701 4705 4769 4844 -9999 4873 4950 4921 4879 4821 4838 4979 4911 4941 4928 4937 4951 4982 4966 4975 4990 5027 4879
-9999 -9999 -9999 -9999 -9999 -9999 -9999 -9999 -9999 -9999 -9999 -9999 -9999 -9999 -9999 -9999 -9999 -9999 -9999 -9999 -9999 -9999 -9999 -9999 -9999 -9999 -9999 -9999 -9999 -9999 -9999 -9999 -9999 -9999 -9999 -9999 -9999 -9999 -9999 -9999 -9999 -9999 -9999 -9999 -9999 -9999 -9999 -9999 -9999 -9999 -9999 -9999 -9999 4728 4635 4655 4661 4669 4754 4856 4856 4880 4805 4805 4785 4748 4855 4932 4973 4867 4877 4887 4903 4944 4972 4972 4994 5045 5016
-9999 -9999 -9999 -9999 -9999 -9999 -9999 -9999 -9999 -9999 -9999 -9999 -9999 -9999 -9999 -9999 -9999 -9999 -9999 3866 3748 3832 -9999 -9999 -9999 -9999 -9999 -9999 -9999 -9999 4308 -9999 -9999 -9999 -9999 -9999 -9999 -9999 -9999 -9999 -9999 -9999 -9999 -9999 -9999 -9999 -9999 -9999 -9999 -9999 -9999 -9999 -9999 4864 4724 4730 4624 4622 -9999 4785 4829 4825 4831 4863 4873 4863 4877 4992 4996 4980 4965 4921 4888 5069 5062 5052 5016 4943 4984
-9999 -9999 -9999 -9999 -9999 -9999 -9999 -9999 -9999 -9999 -9999 -9999 -9999 -9999 -9999 -9999 -9999 3926 3822 3819 3704 3729 3836 3989 -9999 -9999 -9999 -9999 4137 4280 4361 4367 -9999 -9999 -9999 -9999 -9999 -9999 -9999 -9999 -9999 -9999 -9999 -9999 -9999 -9999 -9999 -9999 -9999 -9999 -9999 -9999 4622 4749 4771 4801 4804 4822 4789 4828 4828 4842 4863 4848 4827 4818 4933 5039 4958 4942 4900 4997 4916 4994 4999 5053 5000 4847 4924
-9999 -9999 -9999 -9999 -9999 -9999 -9999 -9999 -9999 -9999 -9999 -9999 -9999 -9999 -9999 3741 -9999 3685 3695 3715 3666 3683 3803 3914 3942 3986 3985 4126 4149 4297 4310 4306 4332 -9999 -9999 -9999 -9999 -9999 -9999 -9999 -9999 -9999 -9999 -9999 -9999 -9999 -9999 -9999 -9999 -9999 4674 4738 4758 4757 4743 4751 4764 4764 -9999 4917 4879 4797 4836 4888 4843 4808 4962 4995 5038 5031 4993 5023 4896 5007 4949 4979 5050 4953 4990
-9999 -9999 -9999 -9999 -9999 -9999 -9999 -9999 -9999 -9999 -9999 -9999 -9999 -9999 3550 3556 3562 3551 3605 3670 3669 3720 3829 3987 4032 3998 3991 4046 4152 4242 4294 4365 4409 -9999 -9999 -9999 -9999 -9999 4629 -9999 -9999 -9999 -9999 -9999 -9999 -9999 -9999 -9999 -9999 4680 4730 4760 4809 4727 4708 4724 4809 4855 4896 4888 4817 4825 4875 4799 4853 4856 4883 4993 5023 5038 5006 4956 4996 5000 5018 5028 5106 4901 5003
-9999 -9999 -9999 -9999 -9999 -9999 -9999 -9999 -9999 -9999 -9999 -9999 -9999 3540 3523 3550 3582 3548 3654 3679 3674 3717 3962 3950 4034 4051 4060 4109 4186 4209 4251 -9999 -9999 -9999 -9999 4705 4634 4673 4648 4687 4655 4586 4636 -9999 -9999 -9999 -9999 -9999 4590 4594 4738 4796 4803 4778 4722 4678 4801 -9999 4806 4796 4779 4787 4859 4783 4797 4794 4953 4993 5008 5112 5084 5032 5016 4938 4977 5033 5049 5042 4992
-9999 -9999 -9999 -9999 -9999 -9999 -9999 -9999 -9999 -9999 -9999 -9999 -9999 3539 3470 3528 3502 3488 3577 3640 3678 3777 3924 4017 3976 4056 4057 4130 4245 4226 4326 4344 -9999 -9999 4650 4677 4653 4719 4683 4688 4636 4608 4659 4699 4656 4656 4736 4724 4703 4643 4734 4715 4850 4770 4712 4737 4811 4839 4883 4856 4830 4720 4769 4854 4891 4811 4891 4969 4911 5010 4989 5031 4895 4896 4914 5007 4997 4979 4975
-9999 -9999 -9999 -9999 -9999 -9999 -9999 -9999 -9999 -9999 -9999 -9999 3532 3467 3473 3460 3407 3463 3553 3634 3757 3829 3952 4047 4066 4055 4075 4110 4270 4315 4315 4428 4395 -9999 4639 4638 4667 4593 4526 4509 4517 4538 4658 4672 4713 4737 4766 4679 4733 4711 4739 4715 4788 4860 4777 4898 4901 4933 4928 4791 4863 4766 4922 4876 4877 4791 4792 4711 4864 4976 4989 4996 4994 4884 4866 4919 4956 5014 4999
-9999 -9999 -9999 -9999 -9999 -9999 -9999 -9999 -9999 -9999 -9999 3551 3527 3505 3527 3535 3481 3624 3655 3674 3767 3801 3929 3953 4111 4139 4132 4197 4192 4254 4342 4385 4521 4528 4653 4666 4546 4484 4489 4521 4488 4477 4664 4707 4818 4833 4778 4748 4812 4687 4757 4740 4790 4826 4891 4830 5014 4923 4959 4862 4847 4834 4832 4797 4811 4875 4866 4762 4748 4838 4916 4924 4914 4916 4845 4833 4899 5044 5024
-9999 -9999 -9999 -9999 -9999 -9999 -9999 -9999 -9999 -9999 -9999 3511 3534 3547 3499 3525 3633 3722 3839 3970 3984 4005 4029 4092 4185 4227 4217 4212 4160 4291 4359 4523 4511 4560 4658 4611 4565 4485 4519 4642 4723 4654 4673 4666 4730 4767 4767 4855 4744 4734 4800 4825 4785 4764 4872 4860 4856 4914 4894 4776 4817 4870 4716 4751 4788 4858 4870 4887 4900 4899 4893 4823 4797 4847 4806 4992 5000 5044 5109
-9999 -9999 -9999 -9999 -9999 -9999 -9999 -9999 -9999 -9999 3535 3615 3584 3598 3562 3614 3717 3925 4030 4044 4023 4031 4100 4076 4164 4161 4168 4191 4156 4316 4392 4553 4539 4555 4615 4571 4534 4713 4813 4759 4782 4685 4687 4740 4752 4790 4786 4841 4745 4708 4748 4742 4780 4772 4857 4843 4883 4882 4844 4798 4830 4842 4862 4801 4826 4826 4780 4858 4895 4926 4952 4872 4770 4756 4808 4902 5003 5038 4938
-9999 -9999 -9999 -9999 -9999 -9999 -9999 -9999 -9999 -9999 3642 3681 3633 3615 3645 3680 3785 3899 3956 4045 4042 4039 4082 4128 4057 4140 4177 4214 4158 4351 4521 4494 4356 4284 4454 4520 4551 4692 4755 4817 4795 4681 4694 4739 4735 4735 4688 4779 4723 4680 4723 4777 4800 4779 4707 4776 4833 4834 4830 4869 4884 4818 4844 4812 4833 4866 4851 4851 4773 4783 4852 4831 4747 4827 4761 4910 4973 4956 4923
-9999 -9999 -9999 -9999 -9999 -9999 -9999 -9999 -9999 3599 3627 3706 3674 3718 3731 3746 3797 3946 4010 3987 4004 4020 4069 4099 4103 4225 4207 4206 4246 4367 4430 4516 4504 4512 4556 4503 4595 4647 4713 4703 4703 4664 4679 4735 4736 4672 4780 4701 4700 4700 4638 4748 4760 4803 4774 4865 4815 4826 4849 4906 4868 4786 4824 4853 4868 4877 4922 4883 4808 4921 4897 4869 4797 4792 4816 4913 4853 4910 4935
-9999 -9999 -9999 -9999 -9999 -9999 -9999 -9999 3734 3672 3609 3633 3722 3853 3875 3892 3880 3900 3969 3941 3942 4022 4070 4102 4073 4165 4239 4262 4287 4376 4423 4462 4499 4497 4576 4548 4611 4600 4661 4654 4701 4682 4688 4673 4725 4737 4753 4679 4693 4711 4679 4707 4747 4773 4836 4867 4781 4801 4929 4909 4864 4831 4835 4903 4901 4891 4911 4923 4841 4799 4764 4845 4859 4828 4868 4940 4809 4815 4868
-9999 -9999 -9999 -9999 -9999 -9999 -9999 -9999 3595 3673 3630 3742 3758 3840 3877 3871 3888 3962 3925 3903 3990 4010 4092 4022 4128 4150 4193 4196 4238 4314 4437 4433 4506 4524 4569 4597 4666 4536 4610 4553 4619 4684 4587 4669 4659 4726 4767 4747 4636 4729 4754 4755 4791 4749 4786 4825 4925 4821 4875 4940 4846 4874 4676 4794 4785 4786 4890 4932 4944 4872 4749 4775 4858 4809 4809 4882 4860 4871 4788
-9999 -9999 -9999 -9999 -9999 -9999 -9999 -9999 3618 3566 3583 3721 3807 3813 3836 3840 3768 3908 3912 4008 4017 4016 4079 4103 4064 4129 4193 4247 4343 4277 4433 4524 4511 4567 4571 4518 4580 4554 4602 4588 4687 4622 4588 4626 4676 4639 4691 4744 4714 4729 4864 4818 4768 4783 4840 4793 4879 4859 4863 4869 4873 4848 4835 4757 4748 4773 4804 4934 4943 4839 4863 4862 4828 4831 4821 4956 4907 4873 4837
-9999 -9999 -9999 -9999 -9999 -9999 -9999 3566 3623 3636 3648 3688 3747 3886 3911 3875 3826 3850 3915 4104 4141 4047 4025 4040 4024 4135 4174 4218 4297 4363 4434 4487 4530 4527 4555 4554 4574 4601 4587 4584 4616 4605 4624 4661 4715 4723 4734 4702 4715 4731 4723 4785 4778 4801 4815 4782 4824 4792 4827 4824 4897 4859 4756 4787 4812 4817 4815 4852 4874 4776 4743 4755 4846 4831 4846 4883 4885 4880 4889
-9999 -9999 -9999 -9999 -9999 -9999 -9999 3577 3592 3603 3638 3716 3827 3871 3906 3911 3831 3783 3861 4002 4045 4084 4072 4092 4125 4164 4202 4263 4337 4363 4410 4418 4471 4461 4514 4565 4594 4588 4611 4572 4567 4576 4627 4654 4640 4674 4675 4703 4694 4702 4696 4810 4799 4816 4793 4730 4752 4807 4804 4876 4842 4862 4843 4866 4894 4887 4857 4875 4814 4802 4685 4707 4761 4799 4736 4761 4787 4743 4771
-9999 -9999 -9999 -9999 -9999 -9999 3482 3525 3556 3644 3613 3737 3800 3890 3913 3991 3843 3804 3792 3872 3895 3994 4100 4103 4184 4184 4124 4146 4290 4352 4418 4456 4457 4485 4485 4551 4571 4577 4597 4581 4606 4669 4671 4636 4680 4681 4690 4667 4724 4667 4670 4756 4738 4762 4751 4791 4811 4820 4828 4883 4878 4883 4798 4854 4941 4943 4835 4895 4931 4797 4705 4660 4745 4797 4808 4784 4850 4833 4776
-9999 -9999 -9999 -9999 -9999 -9999 3549 3600 3605 3613 3658 3723 3800 3895 3905 3945 3875 3830 3824 3890 3957 3970 4069 4164 4153 4175 4133 4155 4354 4377 4409 4487 4520 4535 4556 4535 4567 4559 4532 4542 4623 4676 4690 4700 4693 4698 4720 4709 4710 4656 4674 4712 4710 4753 4832 4834 4850 4828 4834 4885 4959 4893 4865 4957 4921 4938 4816 4778 4841 4756 4702 4682 4740 4765 4763 4765 4868 4912 4820
-9999 -9999 -9999 -9999 -9999 3477 3524 3577 3592 3578 3631 3727 3816 3865 3894 3864 3960 3825 3842 3901 3899 3906 4033 4168 4179 4091 4082 4124 4324 4355 4466 4426 4492 4482 4517 4532 4527 4540 4499 4515 4605 4656 4726 4649 4618 4628 4659 4648 4768 4634 4759 4759 4752 4834 4794 4798 4817 4843 4870 4902 4935 4935 4832 4801 4923 4920 4795 4789 4778 4799 4770 4779 4811 4828 4805 4775 4745 4757 4713
-9999 -9999 -9999 -9999 -9999 3472 3477 3495 3527 3560 3669 3828 3926 3878 3896 3917 3954 3948 3880 3928 3934 3936 4060 4136 4287 4215 4185 4239 4439 4446 4452 4445 4387 4446 4533 4523 4522 4514 4505 4523 4643 4696 4630 4688 4683 4695 4663 4764 4603 4687 4739 4687 4714 4725 4790 4861 4854 4832 4831 4989 4893 4936 4874 4895 4908 4921 4925 4760 4870 4832 4723 4775 4827 4856 4844 4769 4738 4759 4802
