ENM/G_variables/Set_1/Choco/bio_14.asc
NCOLS 367 
NROWS 963 
XLLCORNER -78.6 
YLLCORNER 0.65 
CELLSIZE 0.00833333333333323 
NODATA_value -9999 
[rows 703 to 739 of 963, columns 164 to 245 of 367]
208 233 252 222 186 222 225 255 245 193 167 178 205 209 180 226 243 269 241 205 218 263 247 178 158 133 99 93 92 95 125 122 84 103 94 93 90 89 89 85 85 87 -9999 -9999 -9999 -9999 -9999 -9999 -9999 -9999 -9999 -9999 -9999 -9999 -9999 -9999 -9999 -9999 -9999 -9999 -9999 -9999 -9999 -9999 -9999 -9999 -9999 -9999 -9999 -9999 -9999 -9999 -9999 -9999 -9999 -9999 -9999 -9999 -9999 -9999 -9999 -9999
237 267 335 323 273 285 241 223 246 231 227 226 210 199 208 227 198 204 249 210 230 261 256 226 145 114 109 95 98 97 97 128 86 100 92 84 86 87 85 87 102 85 -9999 -9999 -9999 -9999 -9999 -9999 -9999 -9999 -9999 -9999 -9999 -9999 -9999 -9999 -9999 -9999 -9999 -9999 -9999 -9999 -9999 -9999 -9999 -9999 -9999 -9999 -9999 -9999 -9999 -9999 -9999 -9999 -9999 -9999 -9999 -9999 -9999 -9999 -9999 -9999
250 338 321 269 264 274 279 235 239 239 219 230 236 193 218 218 191 197 218 202 225 264 245 214 151 138 140 110 102 99 96 101 86 96 95 89 90 89 88 86 84 -9999 -9999 -9999 -9999 -9999 -9999 -9999 -9999 -9999 -9999 -9999 -9999 -9999 -9999 -9999 -9999 -9999 -9999 -9999 -9999 -9999 -9999 -9999 -9999 -9999 -9999 -9999 -9999 -9999 -9999 -9999 -9999 -9999 -9999 -9999 -9999 -9999 -9999 -9999 -9999 -9999
267 311 310 288 278 290 276 264 277 264 255 279 248 184 198 175 207 234 209 203 240 239 230 205 187 209 180 152 86 83 85 85 84 80 87 89 87 87 87 85 84 -9999 -9999 -9999 -9999 -9999 -9999 -9999 -9999 -9999 -9999 -9999 -9999 -9999 -9999 -9999 -9999 -9999 -9999 -9999 -9999 -9999 -9999 -9999 -9999 -9999 -9999 -9999 -9999 -9999 -9999 -9999 -9999 -9999 -9999 -9999 -9999 -9999 -9999 -9999 -9999 -9999
248 285 306 271 207 226 202 196 220 215 233 261 183 162 174 137 197 260 213 229 263 251 229 224 204 136 172 171 140 118 102 85 108 97 88 87 86 86 85 87 84 -9999 -9999 -9999 -9999 -9999 -9999 -9999 -9999 -9999 -9999 -9999 -9999 -9999 -9999 -9999 -9999 -9999 -9999 -9999 -9999 -9999 -9999 -9999 -9999 -9999 -9999 -9999 -9999 -9999 -9999 -9999 -9999 -9999 -9999 -9999 -9999 -9999 -9999 -9999 -9999 -9999
235 212 284 229 214 201 205 198 198 193 220 260 213 171 142 154 165 177 186 248 277 268 252 250 231 169 132 198 187 178 124 85 101 90 89 88 86 85 87 84 89 -9999 -9999 -9999 -9999 -9999 -9999 -9999 -9999 -9999 -9999 -9999 -9999 -9999 -9999 -9999 -9999 -9999 -9999 -9999 -9999 -9999 -9999 -9999 -9999 -9999 -9999 -9999 -9999 -9999 -9999 -9999 -9999 -9999 -9999 -9999 -9999 -9999 -9999 -9999 -9999 -9999
215 231 245 237 218 199 176 158 177 192 222 245 254 160 123 129 133 168 159 204 201 267 211 158 145 153 114 127 105 93 87 84 83 88 88 87 86 85 93 82 90 -9999 -9999 -9999 -9999 -9999 -9999 -9999 -9999 -9999 -9999 -9999 -9999 -9999 -9999 -9999 -9999 -9999 -9999 -9999 -9999 -9999 -9999 -9999 -9999 -9999 -9999 -9999 -9999 -9999 -9999 -9999 -9999 -9999 -9999 -9999 -9999 -9999 -9999 -9999 -9999 -9999
256 245 224 284 248 227 224 185 212 192 248 269 301 179 143 127 125 151 163 166 182 197 201 139 127 127 119 106 115 92 86 80 84 88 88 84 84 84 86 82 88 -9999 -9999 -9999 -9999 -9999 -9999 -9999 -9999 -9999 -9999 -9999 -9999 -9999 -9999 -9999 -9999 -9999 -9999 -9999 -9999 -9999 -9999 -9999 -9999 -9999 -9999 -9999 -9999 -9999 -9999 -9999 -9999 -9999 -9999 -9999 -9999 -9999 -9999 -9999 -9999 -9999
275 230 193 235 245 234 238 205 193 202 259 285 313 176 202 207 197 138 128 133 139 136 215 188 161 143 122 125 145 109 105 78 89 88 88 82 84 84 83 92 90 -9999 -9999 -9999 -9999 -9999 -9999 -9999 -9999 -9999 -9999 -9999 -9999 -9999 -9999 -9999 -9999 -9999 -9999 -9999 -9999 -9999 -9999 -9999 -9999 -9999 -9999 -9999 -9999 -9999 -9999 -9999 -9999 -9999 -9999 -9999 -9999 -9999 -9999 -9999 -9999 -9999
234 173 148 178 210 213 267 230 201 223 265 299 243 153 187 222 229 139 138 149 173 161 213 199 184 184 103 85 111 137 121 86 82 93 83 85 84 84 87 83 85 -9999 -9999 -9999 -9999 -9999 -9999 -9999 -9999 -9999 -9999 -9999 -9999 -9999 -9999 -9999 -9999 -9999 -9999 -9999 -9999 -9999 -9999 -9999 -9999 -9999 -9999 -9999 -9999 -9999 -9999 -9999 -9999 -9999 -9999 -9999 -9999 -9999 -9999 -9999 -9999 -9999
201 197 178 165 215 221 252 239 261 276 259 280 227 177 189 229 231 209 187 220 208 198 208 171 170 90 87 81 87 85 84 82 95 82 84 87 87 94 91 86 85 -9999 -9999 -9999 -9999 -9999 -9999 -9999 -9999 -9999 -9999 -9999 -9999 -9999 -9999 -9999 -9999 -9999 -9999 -9999 -9999 -9999 -9999 -9999 -9999 -9999 -9999 -9999 -9999 -9999 -9999 -9999 -9999 -9999 -9999 -9999 -9999 -9999 -9999 -9999 -9999 -9999
184 193 203 198 190 188 195 196 193 243 213 191 160 142 142 175 224 211 181 177 202 180 138 86 86 84 90 84 92 89 89 88 83 81 82 84 84 83 86 86 86 -9999 -9999 -9999 -9999 -9999 -9999 -9999 -9999 -9999 -9999 -9999 -9999 -9999 -9999 -9999 -9999 -9999 -9999 -9999 -9999 -9999 -9999 -9999 -9999 -9999 -9999 -9999 -9999 -9999 -9999 -9999 -9999 -9999 -9999 -9999 -9999 -9999 -9999 -9999 -9999 -9999
222 197 185 187 198 197 195 199 204 196 172 186 139 111 130 157 182 218 188 172 158 127 102 85 79 83 87 86 82 88 88 88 84 84 84 84 81 81 84 86 86 -9999 -9999 -9999 -9999 -9999 -9999 -9999 -9999 -9999 -9999 -9999 -9999 -9999 -9999 -9999 -9999 -9999 -9999 -9999 -9999 -9999 -9999 -9999 -9999 -9999 -9999 -9999 -9999 -9999 -9999 -9999 -9999 -9999 -9999 -9999 -9999 -9999 -9999 -9999 -9999 -9999
268 144 152 165 177 173 160 168 196 158 166 166 125 113 148 190 154 195 181 182 115 85 85 81 91 96 88 88 88 81 82 87 82 84 83 83 82 79 80 85 88 -9999 -9999 -9999 -9999 -9999 -9999 -9999 -9999 -9999 -9999 -9999 -9999 -9999 -9999 -9999 -9999 -9999 -9999 -9999 -9999 -9999 -9999 -9999 -9999 -9999 -9999 -9999 -9999 -9999 -9999 -9999 -9999 -9999 -9999 -9999 -9999 -9999 -9999 -9999 -9999 -9999
270 201 146 151 145 147 140 137 166 138 163 157 112 98 114 136 139 117 112 123 102 79 79 89 88 89 80 79 88 87 87 82 84 83 84 82 82 82 87 88 88 -9999 -9999 -9999 -9999 -9999 -9999 -9999 -9999 -9999 -9999 -9999 -9999 -9999 -9999 -9999 -9999 -9999 -9999 -9999 -9999 -9999 -9999 -9999 -9999 -9999 -9999 -9999 -9999 -9999 -9999 -9999 -9999 -9999 -9999 -9999 -9999 -9999 -9999 -9999 -9999 -9999
280 265 228 220 169 151 127 138 160 175 160 129 114 96 97 98 89 95 100 112 92 81 86 85 88 85 89 89 82 82 87 81 87 84 84 83 82 83 88 88 84 -9999 -9999 -9999 -9999 -9999 -9999 -9999 -9999 -9999 -9999 -9999 -9999 -9999 -9999 -9999 -9999 -9999 -9999 -9999 -9999 -9999 -9999 -9999 -9999 -9999 -9999 -9999 -9999 -9999 -9999 -9999 -9999 -9999 -9999 -9999 -9999 -9999 -9999 -9999 -9999 -9999
276 227 218 213 240 238 226 158 145 177 176 133 97 93 99 97 92 101 122 115 105 91 92 87 89 89 91 90 86 83 81 82 81 80 82 82 80 80 84 85 89 -9999 -9999 -9999 -9999 -9999 -9999 -9999 -9999 -9999 -9999 -9999 -9999 -9999 -9999 -9999 -9999 -9999 -9999 -9999 -9999 -9999 -9999 -9999 -9999 -9999 -9999 -9999 -9999 -9999 -9999 -9999 -9999 -9999 -9999 -9999 -9999 -9999 -9999 -9999 -9999 -9999
264 229 217 208 201 184 219 131 127 152 167 114 98 96 101 102 104 124 129 100 101 109 101 97 100 95 90 97 89 83 81 87 88 94 94 84 79 81 87 88 -9999 -9999 -9999 -9999 -9999 -9999 -9999 -9999 -9999 -9999 -9999 -9999 -9999 -9999 -9999 -9999 -9999 -9999 -9999 -9999 -9999 -9999 -9999 -9999 -9999 -9999 -9999 -9999 -9999 -9999 -9999 -9999 -9999 -9999 -9999 -9999 -9999 -9999 -9999 -9999 -9999 -9999
234 207 193 161 158 166 136 124 127 154 167 119 117 132 128 133 130 139 110 95 103 98 104 96 101 88 96 97 86 87 87 86 85 88 102 87 96 84 87 -9999 -9999 -9999 -9999 -9999 -9999 -9999 -9999 -9999 -9999 -9999 -9999 -9999 -9999 -9999 -9999 -9999 -9999 -9999 -9999 -9999 -9999 -9999 -9999 -9999 -9999 -9999 -9999 -9999 -9999 -9999 -9999 -9999 -9999 -9999 -9999 -9999 -9999 -9999 -9999 -9999 -9999 -9999
201 172 169 149 110 148 132 117 118 164 157 134 153 157 145 136 127 125 111 119 117 110 93 85 83 82 83 83 83 86 77 85 81 100 105 88 92 89 86 -9999 -9999 -9999 -9999 -9999 -9999 -9999 -9999 -9999 -9999 -9999 -9999 -9999 -9999 -9999 -9999 -9999 -9999 -9999 -9999 -9999 -9999 -9999 -9999 -9999 -9999 -9999 -9999 -9999 -9999 -9999 -9999 -9999 -9999 -9999 -9999 -9999 -9999 -9999 -9999 -9999 -9999 -9999
162 119 105 107 107 165 133 119 133 157 133 103 106 128 115 97 95 95 116 117 95 112 100 89 86 85 85 85 86 80 79 83 88 87 91 89 87 85 87 -9999 -9999 -9999 -9999 -9999 -9999 -9999 -9999 -9999 -9999 -9999 -9999 -9999 -9999 -9999 -9999 -9999 -9999 -9999 -9999 -9999 -9999 -9999 -9999 -9999 -9999 -9999 -9999 -9999 -9999 -9999 -9999 -9999 -9999 -9999 -9999 -9999 -9999 -9999 -9999 -9999 -9999 -9999
105 84 88 117 127 118 125 115 137 162 131 97 96 107 94 91 82 92 95 92 85 102 110 91 85 84 84 85 84 84 88 82 87 86 82 81 87 86 92 102 -9999 -9999 -9999 -9999 -9999 -9999 -9999 -9999 -9999 -9999 -9999 -9999 -9999 -9999 -9999 -9999 -9999 -9999 -9999 -9999 -9999 -9999 -9999 -9999 -9999 -9999 -9999 -9999 -9999 -9999 -9999 -9999 -9999 -9999 -9999 -9999 -9999 -9999 -9999 -9999 -9999 -9999
89 96 98 160 131 106 122 125 135 156 147 127 124 118 94 87 78 114 128 109 89 102 108 110 100 97 92 87 81 80 89 87 73 84 83 84 87 87 91 97 -9999 -9999 -9999 -9999 -9999 -9999 -9999 -9999 -9999 -9999 -9999 -9999 -9999 -9999 -9999 -9999 -9999 -9999 -9999 -9999 -9999 -9999 -9999 -9999 -9999 -9999 -9999 -9999 -9999 -9999 -9999 -9999 -9999 -9999 -9999 -9999 -9999 -9999 -9999 -9999 -9999 -9999
96 109 113 110 128 119 126 146 151 139 134 152 132 104 99 83 76 82 98 101 110 96 86 104 98 92 91 83 78 78 84 82 83 83 81 78 86 86 86 100 -9999 -9999 -9999 -9999 -9999 -9999 -9999 -9999 -9999 -9999 -9999 -9999 -9999 -9999 -9999 -9999 -9999 -9999 -9999 -9999 -9999 -9999 -9999 -9999 -9999 -9999 -9999 -9999 -9999 -9999 -9999 -9999 -9999 -9999 -9999 -9999 -9999 -9999 -9999 -9999 -9999 -9999
94 103 119 119 121 134 134 162 123 98 104 128 129 105 85 84 87 82 88 84 103 121 96 84 100 91 86 86 80 79 78 79 77 81 81 80 83 86 88 100 -9999 -9999 -9999 -9999 -9999 -9999 -9999 -9999 -9999 -9999 -9999 -9999 -9999 -9999 -9999 -9999 -9999 -9999 -9999 -9999 -9999 -9999 -9999 -9999 -9999 -9999 -9999 -9999 -9999 -9999 -9999 -9999 -9999 -9999 -9999 -9999 -9999 -9999 -9999 -9999 -9999 -9999
107 110 126 129 124 140 149 133 114 105 88 98 104 128 102 98 97 93 77 75 79 117 117 99 90 97 91 91 91 83 83 80 77 75 80 79 87 86 91 100 -9999 -9999 -9999 -9999 -9999 -9999 -9999 -9999 -9999 -9999 -9999 -9999 -9999 -9999 -9999 -9999 -9999 -9999 -9999 -9999 -9999 -9999 -9999 -9999 -9999 -9999 -9999 -9999 -9999 -9999 -9999 -9999 -9999 -9999 -9999 -9999 -9999 -9999 -9999 -9999 -9999 -9999
105 107 116 131 148 155 134 99 101 100 88 92 117 128 110 105 108 83 83 85 79 80 91 92 85 90 87 93 84 84 79 78 79 79 85 86 84 93 92 100 -9999 -9999 -9999 -9999 -9999 -9999 -9999 -9999 -9999 -9999 -9999 -9999 -9999 -9999 -9999 -9999 -9999 -9999 -9999 -9999 -9999 -9999 -9999 -9999 -9999 -9999 -9999 -9999 -9999 -9999 -9999 -9999 -9999 -9999 -9999 -9999 -9999 -9999 -9999 -9999 -9999 -9999
81 92 93 103 141 144 108 96 85 85 85 85 102 121 127 110 89 87 79 78 83 74 80 82 85 92 84 84 89 84 78 75 75 79 82 85 89 105 102 87 83 -9999 -9999 -9999 -9999 -9999 -9999 -9999 -9999 -9999 -9999 -9999 -9999 -9999 -9999 -9999 -9999 -9999 -9999 -9999 -9999 -9999 -9999 -9999 -9999 -9999 -9999 -9999 -9999 -9999 -9999 -9999 -9999 -9999 -9999 -9999 -9999 -9999 -9999 -9999 -9999 -9999
82 93 102 128 155 131 100 89 82 76 90 101 109 99 110 101 81 80 90 83 80 82 72 79 83 86 81 78 82 81 79 79 78 76 87 83 102 101 95 86 86 -9999 -9999 -9999 -9999 -9999 -9999 -9999 -9999 -9999 -9999 -9999 -9999 -9999 -9999 -9999 -9999 -9999 -9999 -9999 -9999 -9999 -9999 -9999 -9999 -9999 -9999 -9999 -9999 -9999 -9999 -9999 -9999 -9999 -9999 -9999 -9999 -9999 -9999 -9999 -9999 -9999
91 98 120 142 128 105 105 91 85 90 115 104 106 85 86 99 103 95 87 79 82 79 81 73 73 74 73 80 80 80 78 77 77 83 82 85 99 102 99 83 85 103 -9999 -9999 -9999 -9999 -9999 -9999 -9999 -9999 -9999 -9999 -9999 -9999 -9999 -9999 -9999 -9999 -9999 -9999 -9999 -9999 -9999 -9999 -9999 -9999 -9999 -9999 -9999 -9999 -9999 -9999 -9999 -9999 -9999 -9999 -9999 -9999 -9999 -9999 -9999 -9999
118 117 135 146 125 91 87 79 81 84 119 158 137 89 88 91 102 110 89 88 93 91 78 80 79 79 70 80 77 80 79 78 77 84 85 96 95 95 95 86 103 88 -9999 -9999 -9999 -9999 -9999 -9999 -9999 -9999 -9999 -9999 -9999 -9999 -9999 -9999 -9999 -9999 -9999 -9999 -9999 -9999 -9999 -9999 -9999 -9999 -9999 -9999 -9999 -9999 -9999 -9999 -9999 -9999 -9999 -9999 -9999 -9999 -9999 -9999 -9999 -9999
113 124 135 115 107 95 90 84 75 77 78 133 148 114 103 73 84 106 82 82 79 78 74 74 75 76 79 77 75 77 69 78 72 83 83 91 91 96 100 87 102 86 97 -9999 -9999 -9999 -9999 -9999 -9999 -9999 -9999 -9999 -9999 -9999 -9999 -9999 -9999 -9999 -9999 -9999 -9999 -9999 -9999 -9999 -9999 -9999 -9999 -9999 -9999 -9999 -9999 -9999 -9999 -9999 -9999 -9999 -9999 -9999 -9999 -9999 -9999 -9999
99 124 125 95 83 81 79 86 76 82 89 79 81 81 77 73 83 110 86 78 75 84 75 78 75 74 81 84 81 77 69 88 87 85 85 95 90 95 97 84 85 98 96 94 -9999 -9999 -9999 -9999 -9999 -9999 -9999 -9999 -9999 -9999 -9999 -9999 -9999 -9999 -9999 -9999 -9999 -9999 -9999 -9999 -9999 -9999 -9999 -9999 -9999 -9999 -9999 -9999 -9999 -9999 -9999 -9999 -9999 -9999 -9999 -9999 -9999 -9999
96 115 119 96 81 79 76 75 81 78 79 84 84 84 77 77 79 91 89 79 79 84 76 79 74 73 78 85 87 79 84 79 84 90 88 83 94 95 101 83 99 93 95 92 85 -9999 -9999 -9999 -9999 -9999 -9999 -9999 -9999 -9999 -9999 -9999 -9999 -9999 -9999 -9999 -9999 -9999 -9999 -9999 -9999 -9999 -9999 -9999 -9999 -9999 -9999 -9999 -9999 -9999 -9999 -9999 -9999 -9999 -9999 -9999 -9999 -9999
91 107 113 110 97 80 76 80 82 78 81 81 79 78 83 76 76 85 99 83 82 80 83 76 76 78 75 84 83 81 84 81 91 91 85 82 81 82 85 97 96 82 90 91 88 90 88 -9999 -9999 -9999 -9999 -9999 -9999 -9999 -9999 -9999 -9999 -9999 -9999 -9999 -9999 -9999 -9999 -9999 -9999 -9999 -9999 -9999 -9999 -9999 -9999 -9999 -9999 -9999 -9999 -9999 -9999 -9999 -9999 -9999 -9999 -9999
92 96 103 100 94 84 78 78 79 82 81 79 84 81 75 80 84 89 98 92 89 82 80 79 78 74 74 77 93 81 86 88 90 97 89 84 81 81 82 81 79 77 91 89 86 86 80 86 79 -9999 -9999 -9999 -9999 -9999 -9999 -9999 -9999 -9999 -9999 -9999 -9999 -9999 -9999 -9999 -9999 -9999 -9999 -9999 -9999 -9999 -9999 -9999 -9999 -9999 -9999 -9999 -9999 -9999 -9999 -9999 -9999 -9999
93 102 95 85 80 78 77 77 78 76 78 74 77 83 76 76 83 87 88 94 81 76 76 78 78 72 74 76 84 77 81 93 102 105 89 83 81 80 81 78 77 78 77 87 77 86 84 83 78 78 80 80 -9999 -9999 -9999 -9999 -9999 -9999 -9999 -9999 -9999 -9999 -9999 -9999 -9999 -9999 -9999 -9999 -9999 -9999 -9999 -9999 -9999 -9999 -9999 -9999 -9999 -9999 -9999 -9999 -9999 -9999
