ENM/Final_Models/M_1_F_q_Set_1_NE/Gustavia_santanderiensis_2_Choco.asc
ncols         367
nrows         963
xllcorner     -78.6
yllcorner     0.65
cellsize      0.00833333333333323
NODATA_value  -9999
[rows 816 to 849 of 963, columns 156 to 233 of 367]
5.86505E-2 -9999 -9999 -9999 -9999 -9999 -9999 -9999 -9999 -9999 -9999 -9999 -9999 -9999 -9999 -9999 -9999 -9999 -9999 -9999 -9999 -9999 -9999 -9999 -9999 -9999 -9999 -9999 -9999 -9999 -9999 -9999 -9999 -9999 5.14746E-3 7.3844E-3 5.89773E-3 3.4284E-3 2.57593E-3 8.09719E-4 1.97681E-4 4.97254E-4 1.95522E-3 1.05542E-3 7.60809E-4 4.02034E-4 2.12033E-3 8.60841E-3 9.31609E-3 2.21896E-3 9.29137E-4 3.54574E-4 1.52825E-4 8.77663E-5 1.43558E-4 1.14842E-4 1.35875E-4 6.60224E-5 1.53799E-4 4.17743E-4 2.56326E-4 5.43559E-4 4.2429E-4 4.24581E-4 -9999 -9999 -9999 -9999 -9999 -9999 -9999 -9999 -9999 -9999 -9999 -9999 -9999 -9999
-9999 -9999 -9999 -9999 -9999 -9999 -9999 -9999 -9999 -9999 -9999 -9999 -9999 -9999 -9999 -9999 -9999 -9999 -9999 -9999 -9999 -9999 -9999 -9999 -9999 -9999 -9999 -9999 -9999 -9999 -9999 -9999 3.12385E-2 6.25034E-3 1.79979E-2 1.04863E-2 4.23645E-3 3.48781E-3 2.15745E-3 3.67707E-4 1.05627E-4 1.2335E-4 5.5384E-4 2.93981E-4 1.34E-4 1.03973E-3 6.77179E-4 2.30941E-3 4.8825E-3 2.74476E-3 9.73064E-4 2.98476E-4 3.64369E-5 3.33458E-5 1.07094E-4 3.54546E-4 5.51733E-4 3.92938E-4 1.73393E-4 1.78917E-4 4.42327E-4 2.74132E-4 4.63103E-4 -9999 -9999 -9999 -9999 -9999 -9999 -9999 -9999 -9999 -9999 -9999 -9999 -9999 -9999 -9999
-9999 -9999 -9999 -9999 -9999 -9999 -9999 -9999 -9999 -9999 -9999 -9999 -9999 2.53241E-2 3.19497E-2 2.39069E-2 -9999 -9999 -9999 -9999 -9999 -9999 -9999 -9999 -9999 -9999 -9999 -9999 -9999 -9999 -9999 -9999 -9999 -9999 1.68911E-2 5.54584E-3 1.81368E-3 8.76608E-4 6.24401E-4 1.9743E-4 1.83498E-4 1.58692E-4 1.06825E-4 1.04714E-4 2.1963E-4 6.38167E-4 1.28276E-3 5.34118E-4 4.43481E-3 4.51733E-3 2.75612E-3 1.24109E-3 1.74892E-4 2.97657E-4 1.93595E-4 1.93068E-4 3.54775E-4 2.33497E-4 1.92441E-4 3.08283E-4 4.11135E-4 9.15818E-4 4.16195E-4 -9999 -9999 -9999 -9999 -9999 -9999 -9999 -9999 -9999 -9999 -9999 -9999 -9999 -9999 -9999
-9999 -9999 -9999 -9999 -9999 -9999 -9999 -9999 -9999 -9999 -9999 -9999 2.81462E-2 2.20984E-2 3.97766E-2 2.07392E-2 1.74127E-2 -9999 -9999 -9999 -9999 -9999 -9999 -9999 -9999 -9999 -9999 -9999 -9999 -9999 -9999 -9999 -9999 -9999 4.70635E-3 5.16508E-3 1.0045E-3 3.55525E-4 3.53948E-4 5.11762E-4 3.87652E-4 1.39377E-4 6.55461E-5 9.13557E-5 1.24201E-4 2.90718E-4 7.33438E-4 4.2094E-4 9.01946E-4 5.29692E-3 2.21035E-3 2.68965E-3 2.25811E-3 3.79496E-3 1.76101E-3 2.19191E-3 1.34978E-3 9.09058E-4 7.82014E-5 3.15155E-4 3.01128E-4 5.54656E-4 1.9564E-4 -9999 -9999 -9999 -9999 -9999 -9999 -9999 -9999 -9999 -9999 -9999 -9999 -9999 -9999 -9999
-9999 -9999 -9999 -9999 -9999 -9999 -9999 -9999 -9999 -9999 -9999 1.89737E-2 3.29205E-2 2.07088E-2 3.82277E-2 3.56425E-2 3.13737E-2 4.32119E-2 -9999 6.15299E-2 9.47098E-2 -9999 -9999 -9999 -9999 -9999 -9999 -9999 -9999 -9999 -9999 -9999 -9999 1.66937E-2 4.41638E-3 7.62906E-3 1.49986E-3 4.14302E-4 3.10184E-4 6.84346E-4 9.50097E-4 1.67233E-4 9.31039E-5 7.61127E-5 4.75163E-5 5.96234E-5 6.54835E-5 9.89049E-5 1.44588E-3 1.15246E-3 8.5777E-4 2.74552E-3 1.67568E-3 3.28829E-4 9.83051E-4 5.40103E-4 2.18986E-4 6.17692E-4 8.76214E-4 7.84937E-4 2.26485E-4 2.32358E-4 6.44214E-4 -9999 -9999 -9999 -9999 -9999 -9999 -9999 -9999 -9999 -9999 -9999 -9999 -9999 -9999 -9999
-9999 -9999 -9999 -9999 -9999 -9999 -9999 -9999 -9999 -9999 -9999 -9999 2.36558E-2 2.27647E-2 4.56431E-2 3.08288E-2 2.59432E-2 3.14531E-2 2.69792E-2 3.8857E-2 1.04246E-1 -9999 -9999 -9999 -9999 -9999 -9999 -9999 -9999 -9999 5.16882E-2 6.72232E-2 5.34713E-2 2.2939E-2 5.71321E-3 5.33167E-3 4.998E-3 1.15905E-3 1.12703E-3 1.14567E-3 4.82462E-4 2.04468E-4 9.09895E-5 1.12317E-4 1.17339E-4 3.00725E-4 1.59521E-4 7.44081E-5 3.05279E-4 3.76964E-4 2.44751E-4 1.09035E-3 1.95288E-3 4.05518E-4 3.22872E-4 5.09245E-4 2.14903E-4 4.43381E-4 4.65911E-4 2.61767E-4 2.40005E-4 1.81063E-4 1.24338E-4 -9999 -9999 -9999 -9999 -9999 -9999 -9999 -9999 -9999 -9999 -9999 -9999 -9999 -9999 -9999
-9999 -9999 -9999 -9999 -9999 -9999 -9999 -9999 -9999 -9999 -9999 3.96411E-2 5.89797E-2 -9999 -9999 2.51221E-2 3.69506E-2 2.11748E-2 3.54707E-2 7.34759E-2 -9999 -9999 -9999 -9999 -9999 -9999 -9999 -9999 -9999 -9999 -9999 -9999 -9999 -9999 -9999 -9999 2.21205E-3 1.61882E-3 1.08787E-3 2.14048E-3 1.06758E-3 5.45679E-4 1.96176E-4 1.13788E-4 7.40508E-5 4.74873E-4 6.26855E-4 5.19215E-5 1.29117E-4 1.68541E-4 1.00507E-4 1.48938E-4 6.68846E-4 5.37639E-4 1.96036E-4 4.35365E-4 3.16071E-4 2.05268E-4 3.05963E-4 1.69766E-4 4.81528E-5 8.09064E-5 1.605E-4 -9999 -9999 -9999 -9999 -9999 -9999 -9999 -9999 -9999 -9999 -9999 -9999 -9999 -9999 -9999
-9999 -9999 -9999 -9999 -9999 -9999 -9999 -9999 -9999 -9999 -9999 -9999 -9999 -9999 -9999 2.30689E-2 2.44232E-2 1.91948E-2 4.50379E-2 7.44364E-2 -9999 -9999 -9999 -9999 -9999 -9999 -9999 -9999 -9999 -9999 -9999 -9999 -9999 -9999 -9999 -9999 -9999 3.94453E-3 2.91925E-3 4.41319E-3 7.78238E-4 2.09972E-4 1.63137E-4 1.52078E-4 3.32682E-4 3.33254E-4 1.88786E-4 1.21233E-4 2.1308E-4 2.96643E-4 1.66883E-4 2.4997E-4 1.48279E-4 4.28132E-4 1.78485E-4 2.53612E-4 4.69515E-4 2.79679E-4 3.64159E-4 1.40936E-4 3.27129E-4 3.25248E-4 6.34234E-4 5.58584E-4 -9999 -9999 -9999 -9999 -9999 -9999 -9999 -9999 -9999 -9999 -9999 -9999 -9999 -9999
-9999 -9999 -9999 -9999 -9999 -9999 -9999 -9999 -9999 -9999 -9999 -9999 -9999 -9999 -9999 2.05182E-2 1.99484E-2 2.07794E-2 5.50256E-2 1.22753E-1 -9999 -9999 -9999 -9999 -9999 -9999 -9999 -9999 4.69203E-2 6.91809E-2 7.21575E-2 -9999 -9999 -9999 5.07703E-3 4.90011E-3 1.24239E-2 1.19428E-2 1.00546E-2 3.1884E-3 1.60584E-3 6.79109E-4 2.8948E-4 8.41508E-5 1.53054E-4 1.26927E-4 3.8077E-5 1.67203E-4 2.36366E-4 3.99419E-4 3.31825E-4 2.29971E-4 2.13141E-4 2.15935E-4 2.91399E-4 8.29136E-5 1.90435E-4 1.67612E-4 1.96819E-4 1.42713E-4 2.28902E-4 9.82567E-4 8.51769E-4 7.00284E-4 -9999 -9999 -9999 -9999 -9999 -9999 -9999 -9999 -9999 -9999 -9999 -9999 -9999 -9999
-9999 -9999 -9999 -9999 -9999 -9999 -9999 -9999 -9999 -9999 -9999 -9999 -9999 -9999 5.33149E-2 2.96785E-2 3.16025E-2 2.85975E-2 4.42984E-2 1.08901E-1 -9999 -9999 -9999 -9999 -9999 -9999 -9999 -9999 5.09371E-2 3.82143E-2 2.39367E-2 9.93133E-3 4.63568E-3 4.6684E-4 4.1389E-4 4.37373E-3 2.88753E-3 6.98375E-3 6.4204E-3 3.1046E-3 2.15252E-3 3.80326E-3 2.31037E-3 5.31754E-4 1.65606E-4 7.30998E-5 7.57415E-5 1.42697E-4 5.7754E-4 7.77812E-4 2.6891E-4 1.22565E-4 2.5686E-4 1.61858E-4 2.51242E-4 1.8432E-4 9.59414E-5 1.24405E-4 1.72526E-4 4.64386E-4 2.95622E-4 2.34639E-4 4.99592E-4 7.162E-4 -9999 -9999 -9999 -9999 -9999 -9999 -9999 -9999 -9999 -9999 -9999 -9999 -9999 -9999
-9999 -9999 -9999 -9999 -9999 -9999 -9999 -9999 -9999 -9999 -9999 -9999 -9999 3.6318E-2 3.02804E-2 2.61967E-2 3.044E-2 3.92972E-2 3.80106E-2 5.8653E-2 -9999 -9999 -9999 -9999 -9999 -9999 -9999 -9999 1.64573E-2 1.22314E-2 8.24702E-3 7.4769E-3 2.44256E-3 1.17494E-3 5.8359E-4 2.36893E-3 5.59509E-4 1.11203E-3 3.17503E-3 1.71465E-3 1.3716E-3 8.06637E-4 3.05642E-4 4.38432E-4 3.91383E-4 4.84416E-4 1.6364E-4 1.09544E-4 2.87104E-4 6.3124E-4 3.16813E-4 2.06874E-4 2.32264E-4 2.76687E-4 2.2573E-4 1.39108E-4 1.68668E-4 1.50281E-4 1.76154E-4 5.56391E-4 6.58555E-4 8.69045E-4 1.21904E-3 1.60223E-3 -9999 -9999 -9999 -9999 -9999 -9999 -9999 -9999 -9999 -9999 -9999 -9999 -9999 -9999
-9999 -9999 -9999 -9999 -9999 -9999 -9999 -9999 -9999 -9999 -9999 -9999 -9999 -9999 -9999 2.35841E-2 3.49567E-2 2.5281E-2 3.35507E-2 5.99721E-2 -9999 -9999 -9999 -9999 -9999 -9999 -9999 -9999 1.50765E-2 6.24883E-3 2.9976E-3 1.71483E-3 6.31162E-4 3.7439E-4 4.29648E-4 2.70042E-3 7.79985E-4 5.57919E-4 1.63304E-3 1.48163E-3 9.96771E-4 2.29642E-3 1.92866E-4 1.60534E-4 1.55657E-4 2.80647E-4 3.72154E-4 4.49468E-4 7.69134E-5 6.18653E-4 5.43267E-4 3.36339E-4 2.07623E-4 3.21467E-4 2.76905E-4 3.2591E-4 5.18689E-4 5.98549E-4 2.26232E-4 7.03883E-4 4.2724E-4 1.72607E-3 1.4873E-3 1.66094E-3 -9999 -9999 -9999 -9999 -9999 -9999 -9999 -9999 -9999 -9999 -9999 -9999 -9999 -9999
-9999 -9999 -9999 -9999 -9999 -9999 -9999 -9999 -9999 -9999 -9999 -9999 -9999 -9999 -9999 -9999 1.38849E-2 1.74175E-2 3.22556E-2 4.98846E-2 -9999 -9999 4.49229E-2 -9999 -9999 -9999 -9999 -9999 2.23526E-2 4.32242E-3 8.60425E-4 5.0044E-4 2.6966E-4 2.52107E-4 6.04596E-4 1.06491E-3 5.74967E-4 1.81706E-4 3.62426E-4 1.27852E-3 5.88832E-4 2.0525E-4 4.16705E-4 1.26887E-4 1.59313E-4 5.20188E-5 4.02253E-4 2.78031E-4 3.0146E-4 1.18012E-3 7.97163E-4 4.22229E-4 9.13382E-5 1.65502E-4 4.67273E-4 1.13754E-4 1.86515E-4 5.01242E-4 9.34802E-4 6.0581E-4 7.95126E-4 8.58466E-4 1.15355E-3 -9999 -9999 -9999 -9999 -9999 -9999 -9999 -9999 -9999 -9999 -9999 -9999 -9999 -9999 -9999
-9999 -9999 -9999 -9999 -9999 -9999 -9999 -9999 -9999 -9999 -9999 -9999 -9999 -9999 -9999 -9999 -9999 1.34975E-2 2.51632E-2 4.24173E-2 -9999 -9999 6.21463E-2 -9999 -9999 -9999 -9999 1.94534E-2 2.225E-2 7.47751E-3 1.64797E-3 3.0397E-4 1.75556E-4 3.06928E-4 5.93641E-4 4.01746E-4 4.45487E-4 1.84204E-4 2.46951E-4 1.12594E-3 4.84346E-4 9.51758E-5 7.15194E-5 8.36805E-5 6.57872E-4 3.48185E-4 2.83217E-4 1.60275E-4 2.80239E-4 3.89241E-4 7.25186E-4 7.16789E-4 1.90692E-4 9.05896E-5 2.19844E-4 2.04803E-4 3.87224E-4 1.03871E-3 1.28664E-3 1.01281E-3 1.24084E-3 1.05025E-3 -9999 -9999 -9999 -9999 -9999 -9999 -9999 -9999 -9999 -9999 -9999 -9999 -9999 -9999 -9999 -9999
-9999 -9999 -9999 -9999 -9999 -9999 -9999 -9999 -9999 -9999 -9999 -9999 -9999 -9999 5.99084E-2 -9999 -9999 1.72816E-2 1.43272E-2 2.71045E-2 -9999 -9999 -9999 -9999 -9999 9.40808E-3 9.28463E-3 1.92283E-2 9.12092E-3 3.52179E-3 7.43427E-4 2.96464E-4 3.50041E-4 2.90472E-4 4.37611E-4 4.24412E-4 3.77949E-4 2.66183E-4 2.67599E-4 6.26297E-4 1.33715E-4 1.19883E-4 3.29499E-4 2.12133E-4 9.90997E-4 8.10581E-4 4.05923E-4 2.22388E-4 3.04014E-4 1.99365E-4 4.36046E-4 7.3974E-4 2.33622E-4 8.88789E-5 4.08589E-4 2.28521E-4 7.05916E-4 1.72294E-3 1.4775E-3 1.75807E-3 1.4512E-3 1.20521E-3 -9999 -9999 -9999 -9999 -9999 -9999 -9999 -9999 -9999 -9999 -9999 -9999 -9999 -9999 -9999 -9999
-9999 -9999 -9999 -9999 -9999 -9999 -9999 -9999 -9999 6.64023E-2 9.99399E-2 -9999 -9999 4.7336E-2 6.08298E-2 -9999 -9999 2.73132E-2 1.71189E-2 5.93695E-2 2.64211E-2 -9999 -9999 1.71875E-2 5.15891E-3 4.0804E-3 5.0362E-3 3.86852E-3 2.33008E-3 6.64429E-4 1.18008E-3 5.39912E-4 3.79752E-4 2.04807E-4 4.69222E-4 4.90001E-4 2.60155E-4 2.6071E-4 2.69937E-4 7.56371E-4 4.43548E-4 1.54679E-4 3.75847E-4 1.05898E-3 2.073E-3 4.50367E-4 2.5109E-4 2.00936E-4 3.7289E-4 5.27789E-4 2.89313E-4 4.43532E-4 3.82471E-4 1.47875E-4 6.2355E-4 9.53035E-4 3.01003E-4 5.49984E-4 9.24456E-4 1.69304E-3 1.97871E-3 1.22064E-3 -9999 -9999 -9999 -9999 -9999 -9999 -9999 -9999 -9999 -9999 -9999 -9999 -9999 -9999 -9999 -9999
-9999 -9999 -9999 -9999 -9999 -9999 -9999 -9999 -9999 5.60772E-2 5.68611E-2 -9999 -9999 3.90624E-2 6.63503E-2 -9999 -9999 2.59639E-2 2.04467E-2 3.30923E-2 3.15154E-2 -9999 -9999 1.10154E-2 3.21648E-3 2.44032E-3 9.68217E-4 1.03435E-3 1.78914E-3 1.47897E-3 1.03414E-3 5.75034E-4 1.70237E-4 1.43817E-4 3.52786E-4 2.33525E-4 2.15481E-4 5.30648E-4 6.66608E-4 6.80558E-4 4.84547E-4 1.88771E-4 2.19921E-4 1.33423E-3 1.05858E-3 3.95452E-4 1.41778E-4 1.53574E-4 3.41098E-4 4.6035E-4 3.16487E-4 4.73963E-4 3.99614E-4 4.27763E-4 9.65088E-4 2.0841E-3 1.00829E-3 1.41399E-3 1.17858E-3 2.09433E-3 1.8812E-3 3.22998E-3 -9999 -9999 -9999 -9999 -9999 -9999 -9999 -9999 -9999 -9999 -9999 -9999 -9999 -9999 -9999 -9999
-9999 -9999 -9999 -9999 -9999 -9999 -9999 -9999 -9999 6.09304E-2 4.48027E-2 -9999 -9999 4.77944E-2 5.38638E-2 -9999 -9999 2.45275E-2 6.50111E-2 9.12543E-2 4.17295E-2 -9999 -9999 2.80738E-3 1.37694E-3 1.34727E-3 1.21488E-3 2.5364E-3 1.32151E-3 5.76305E-4 2.7575E-4 2.19381E-4 1.61028E-4 9.67571E-5 2.23634E-4 2.23421E-4 7.95278E-5 2.97557E-4 3.39963E-4 1.1476E-3 1.11862E-3 4.95097E-4 5.45198E-4 1.4771E-3 8.34683E-4 6.19372E-4 3.68973E-4 2.50662E-4 4.56625E-4 2.60626E-4 3.83274E-4 9.62085E-4 1.21246E-3 4.22925E-4 7.95124E-4 9.46439E-4 1.37208E-3 1.22341E-3 2.07252E-3 1.62323E-3 2.45951E-3 -9999 -9999 -9999 -9999 -9999 -9999 -9999 -9999 -9999 -9999 -9999 -9999 -9999 -9999 -9999 -9999 -9999
-9999 -9999 -9999 -9999 -9999 -9999 -9999 -9999 1.65442E-2 2.32266E-2 3.74372E-2 -9999 -9999 3.63746E-2 4.41837E-2 2.58983E-2 1.55304E-2 2.8083E-2 4.50367E-2 7.77418E-2 4.75908E-2 -9999 2.30437E-2 3.02258E-3 2.23395E-3 4.14444E-3 3.31021E-3 1.38364E-3 5.09243E-4 1.62469E-4 1.32686E-4 2.0714E-4 1.61423E-4 1.16179E-4 1.36077E-4 2.34443E-4 9.21083E-5 2.06951E-4 3.06145E-4 8.02437E-4 1.6966E-3 1.96878E-3 8.98621E-4 1.02159E-3 2.01665E-3 1.87714E-3 9.03832E-4 5.68263E-4 3.14764E-4 2.79115E-4 4.20209E-4 1.45618E-3 2.49936E-3 9.29385E-4 9.06147E-4 1.86076E-3 1.90697E-3 1.76813E-3 1.73393E-3 3.00268E-3 2.69822E-3 -9999 -9999 -9999 -9999 -9999 -9999 -9999 -9999 -9999 -9999 -9999 -9999 -9999 -9999 -9999 -9999 -9999
-9999 -9999 -9999 -9999 -9999 -9999 -9999 -9999 2.65198E-2 9.62824E-3 1.62823E-2 2.86279E-2 -9999 3.29267E-2 2.42375E-2 3.2688E-2 2.16088E-2 4.99996E-2 5.86997E-2 8.80514E-2 3.6466E-2 3.65847E-2 2.43646E-2 9.47547E-3 5.23191E-3 2.10906E-3 1.02703E-3 5.55788E-4 2.64329E-4 9.7859E-5 1.63776E-4 2.86517E-4 2.4087E-4 1.85345E-4 2.30804E-4 3.6227E-4 2.57439E-4 5.26999E-4 4.4007E-4 1.24473E-3 8.55013E-4 9.61309E-4 5.23763E-4 8.97297E-4 2.76741E-3 3.11107E-3 1.70808E-3 6.56084E-4 5.55721E-4 1.05765E-3 1.48263E-3 1.50001E-3 2.37687E-3 2.23941E-3 1.23928E-3 2.07728E-3 2.45843E-3 2.63557E-3 2.76869E-3 2.37532E-3 2.28483E-3 -9999 -9999 -9999 -9999 -9999 -9999 -9999 -9999 -9999 -9999 -9999 -9999 -9999 -9999 -9999 -9999 -9999
-9999 -9999 -9999 -9999 -9999 4.92361E-2 5.75711E-2 4.45303E-2 2.75166E-2 9.328E-3 9.37405E-3 1.42062E-2 1.56459E-2 1.87747E-2 1.78615E-2 1.61048E-2 5.38988E-2 4.98351E-2 5.34147E-2 9.07657E-2 4.53796E-2 4.18251E-2 2.59708E-2 1.0299E-2 2.6191E-3 2.30903E-3 1.16148E-3 1.58846E-4 1.80845E-4 1.29981E-4 1.14143E-4 1.63265E-4 1.60451E-4 1.58999E-4 2.63955E-4 2.47928E-4 3.87423E-4 1.68927E-4 1.8263E-4 4.22279E-4 4.31385E-4 3.22411E-4 3.63819E-4 1.48413E-3 2.37402E-3 1.11756E-3 1.19065E-3 6.57676E-4 1.36514E-3 2.61345E-3 2.91221E-3 1.56583E-3 2.74492E-3 3.12014E-3 2.44797E-3 3.42162E-3 2.80692E-3 2.74717E-3 2.468E-3 2.3647E-3 2.00363E-3 -9999 -9999 -9999 -9999 -9999 -9999 -9999 -9999 -9999 -9999 -9999 -9999 -9999 -9999 -9999 -9999 -9999
-9999 -9999 -9999 -9999 -9999 1.05113E-1 9.16167E-2 9.02122E-2 9.12801E-2 3.78753E-2 -9999 1.38201E-2 1.68797E-2 2.73328E-2 2.34167E-2 4.29475E-2 2.80083E-2 4.28029E-2 5.00374E-2 7.98223E-2 5.32543E-2 3.05549E-2 8.34454E-3 5.75416E-3 2.21121E-3 2.0542E-3 2.83447E-3 5.94852E-4 2.71865E-4 1.46221E-4 1.9711E-4 1.91324E-4 3.61348E-4 1.09578E-4 1.41741E-4 2.50777E-4 1.75567E-4 1.50531E-4 2.73105E-4 3.36965E-4 1.55662E-4 2.6807E-4 4.05514E-4 1.2474E-3 7.16822E-4 7.65371E-4 1.33759E-3 1.65552E-3 1.70176E-3 3.43032E-3 3.48155E-3 2.92003E-3 3.17825E-3 2.68228E-3 2.7808E-3 3.1596E-3 2.1917E-3 1.73876E-3 2.31441E-3 1.78609E-3 1.72804E-3 -9999 -9999 -9999 -9999 -9999 -9999 -9999 -9999 -9999 -9999 -9999 -9999 -9999 -9999 -9999 -9999 -9999
-9999 -9999 -9999 -9999 -9999 -9999 1.01941E-1 1.21987E-1 -9999 -9999 -9999 1.88595E-2 -9999 -9999 3.76054E-2 4.62245E-2 3.66748E-2 -9999 -9999 -9999 5.92273E-2 1.20921E-2 4.54663E-3 4.33497E-3 2.40086E-3 3.94532E-3 1.9239E-3 1.66218E-3 3.19066E-4 3.52208E-4 2.72796E-4 4.18003E-4 3.54023E-4 1.48045E-4 1.20942E-4 8.33015E-5 1.0991E-4 1.60296E-4 3.60853E-4 1.29271E-4 1.53231E-4 2.3621E-4 4.23562E-4 5.3374E-4 4.78005E-4 8.82112E-4 2.5048E-3 2.07056E-3 2.66396E-3 3.52293E-3 2.9337E-3 2.39525E-3 2.89095E-3 3.06616E-3 3.1038E-3 -9999 -9999 -9999 1.88745E-3 2.3411E-3 1.54101E-3 -9999 -9999 -9999 -9999 -9999 -9999 -9999 -9999 -9999 -9999 -9999 -9999 -9999 -9999 -9999 -9999 -9999
-9999 -9999 -9999 -9999 -9999 -9999 -9999 -9999 -9999 -9999 -9999 -9999 -9999 -9999 -9999 -9999 -9999 -9999 -9999 -9999 3.33057E-2 2.34781E-2 7.95573E-3 1.29369E-2 1.01494E-2 5.74589E-3 2.57787E-3 3.60624E-3 1.20898E-3 3.37474E-3 1.93044E-3 1.68061E-3 4.06866E-4 1.78887E-4 1.50752E-4 1.00188E-4 1.93354E-4 9.694E-5 1.08802E-4 1.46126E-4 2.75845E-4 1.58378E-4 1.82841E-4 3.8097E-4 4.40214E-4 1.34297E-3 3.03892E-3 2.09223E-3 3.17121E-3 3.46947E-3 2.59131E-3 1.77564E-3 2.13462E-3 2.7629E-3 -9999 -9999 -9999 -9999 1.82016E-3 1.07797E-3 5.2878E-4 -9999 -9999 -9999 -9999 -9999 -9999 -9999 -9999 -9999 -9999 -9999 -9999 -9999 -9999 -9999 -9999 -9999
-9999 -9999 -9999 -9999 -9999 -9999 -9999 -9999 -9999 -9999 -9999 -9999 -9999 -9999 -9999 -9999 -9999 -9999 -9999 -9999 3.73185E-2 3.00019E-2 2.56641E-2 9.44745E-3 1.58454E-2 6.50542E-3 4.12475E-3 3.75213E-3 5.35177E-3 4.46109E-3 2.40622E-3 1.96955E-3 1.08664E-3 4.91506E-4 2.22439E-4 1.29753E-4 1.25445E-4 2.05256E-4 4.07429E-4 1.80962E-4 1.30744E-4 2.87864E-4 1.45893E-4 2.7088E-4 4.82795E-4 1.53486E-3 2.17761E-3 3.02877E-3 3.12279E-3 3.0228E-3 2.82019E-3 -9999 -9999 -9999 -9999 -9999 -9999 6.65189E-4 4.57705E-4 6.28571E-4 6.23264E-4 -9999 -9999 -9999 -9999 -9999 -9999 -9999 -9999 -9999 -9999 -9999 -9999 -9999 -9999 -9999 -9999 -9999
-9999 -9999 -9999 -9999 -9999 -9999 -9999 -9999 -9999 -9999 -9999 -9999 -9999 -9999 -9999 -9999 -9999 2.81642E-2 3.80762E-2 6.6672E-2 2.40127E-2 1.38283E-2 2.13381E-2 1.21036E-2 8.46008E-3 5.03695E-3 3.67806E-3 7.53015E-3 6.26748E-3 1.66562E-3 2.58647E-4 5.92143E-4 1.02517E-3 7.08565E-4 4.23687E-4 2.83354E-4 2.38866E-4 1.15447E-4 8.79113E-5 1.2953E-4 2.23298E-4 5.73508E-4 1.96012E-4 4.40555E-4 5.08655E-4 1.11932E-3 3.07155E-3 2.94187E-3 2.91189E-3 3.41599E-3 2.93433E-3 -9999 -9999 -9999 1.509E-3 1.87069E-3 1.67105E-3 1.20426E-3 6.79595E-4 6.88878E-4 9.22772E-4 -9999 -9999 -9999 -9999 -9999 -9999 -9999 -9999 -9999 -9999 -9999 -9999 -9999 -9999 -9999 -9999 -9999
-9999 -9999 -9999 -9999 -9999 -9999 -9999 -9999 -9999 -9999 -9999 -9999 -9999 -9999 -9999 4.26988E-2 2.96642E-2 2.01887E-2 3.64458E-2 9.15945E-2 7.00426E-2 4.60223E-2 1.75846E-2 1.23318E-2 7.7632E-3 1.01104E-2 8.01937E-3 2.68548E-3 2.31413E-3 8.25018E-4 1.41971E-4 3.34723E-5 1.93064E-4 4.21814E-4 2.23464E-4 1.41191E-4 4.61331E-5 6.8251E-5 6.76491E-5 1.67123E-4 2.1097E-4 5.57617E-4 5.12914E-4 6.92641E-4 9.88232E-4 1.87279E-3 3.18648E-3 3.01794E-3 3.63651E-3 1.76024E-3 2.36974E-3 -9999 -9999 1.78115E-3 1.5052E-3 2.34764E-3 2.15572E-3 1.95465E-3 2.0457E-3 1.16517E-3 1.56817E-3 -9999 -9999 -9999 -9999 -9999 -9999 -9999 -9999 -9999 -9999 -9999 -9999 -9999 -9999 -9999 -9999 -9999
-9999 -9999 -9999 -9999 -9999 -9999 -9999 -9999 -9999 -9999 -9999 -9999 -9999 -9999 4.14033E-2 1.66174E-2 1.25242E-2 1.48726E-2 1.60186E-2 3.58029E-2 3.69253E-2 3.75173E-2 1.5741E-2 1.28666E-2 2.54618E-2 4.78707E-3 1.28978E-3 1.11989E-3 6.42281E-4 6.97945E-4 9.6641E-5 1.24364E-4 1.89199E-4 1.89559E-4 1.46398E-4 1.12958E-4 3.55564E-4 2.63322E-4 9.92219E-5 1.20061E-4 4.13071E-4 3.60433E-4 7.8449E-4 1.05659E-3 1.87832E-3 2.56524E-3 2.28789E-3 3.16106E-3 3.97636E-3 -9999 -9999 -9999 -9999 1.63346E-3 1.64158E-3 2.88183E-3 1.36748E-3 1.75945E-3 2.20906E-3 1.48866E-3 1.03999E-3 -9999 -9999 -9999 -9999 -9999 -9999 -9999 -9999 -9999 -9999 -9999 -9999 -9999 -9999 -9999 -9999 -9999
-9999 -9999 -9999 -9999 -9999 -9999 -9999 -9999 -9999 -9999 -9999 -9999 -9999 2.92309E-2 8.67354E-3 8.35405E-3 9.84119E-3 1.35568E-2 7.06207E-3 1.90155E-2 2.07146E-2 1.70794E-2 4.67733E-2 3.85167E-2 1.65326E-2 1.32567E-3 7.11356E-4 1.07548E-3 4.7415E-4 1.52733E-4 1.57824E-4 1.68375E-4 2.04705E-4 1.38048E-4 1.07798E-4 3.52734E-4 4.62477E-4 1.80375E-4 9.88695E-5 1.70909E-4 3.55786E-4 5.64194E-4 4.43515E-4 7.34769E-4 2.21286E-3 1.47338E-3 1.23636E-3 2.67205E-3 3.4087E-3 -9999 -9999 -9999 -9999 1.14553E-3 1.61785E-3 1.36658E-3 2.55364E-4 4.00883E-4 9.56266E-4 2.1347E-3 2.29695E-3 3.41361E-3 -9999 -9999 -9999 -9999 -9999 -9999 -9999 -9999 -9999 -9999 -9999 -9999 -9999 -9999 -9999 -9999
-9999 -9999 -9999 -9999 -9999 -9999 -9999 -9999 -9999 1.13902E-1 1.20856E-1 -9999 -9999 2.71323E-2 3.93019E-3 3.71854E-3 5.35758E-3 7.93687E-3 8.23689E-3 1.02297E-2 2.71133E-3 5.17999E-3 1.32657E-2 1.04512E-2 8.17332E-3 1.86382E-3 4.14803E-4 4.00118E-4 3.14321E-4 1.75313E-4 1.9346E-4 2.01988E-4 1.10529E-4 1.19022E-4 1.25766E-4 3.30517E-4 3.52082E-4 1.46386E-4 1.48866E-4 1.70985E-4 1.35303E-4 2.20454E-4 6.40082E-4 6.2892E-4 8.806E-4 1.12306E-3 1.9156E-3 3.85028E-3 2.8558E-3 -9999 -9999 -9999 -9999 -9999 -9999 1.21278E-3 8.6799E-4 7.09094E-4 6.98569E-4 1.24147E-3 2.25904E-3 2.65689E-3 -9999 -9999 -9999 -9999 -9999 -9999 -9999 -9999 -9999 -9999 -9999 -9999 -9999 -9999 -9999 -9999
-9999 -9999 -9999 -9999 -9999 -9999 -9999 -9999 7.52377E-2 1.04667E-1 1.14679E-1 -9999 -9999 1.43384E-2 4.957E-3 4.81058E-3 5.73118E-3 1.00232E-2 8.25001E-3 7.23154E-3 2.67342E-3 4.38416E-3 1.10549E-2 4.94622E-3 6.06537E-3 3.24153E-3 6.14313E-4 3.05963E-4 2.44331E-4 2.29423E-4 1.96151E-4 3.22489E-4 3.7702E-4 2.38237E-4 2.75961E-4 2.23053E-4 2.07728E-4 2.43672E-4 2.56687E-4 2.10868E-4 3.27021E-4 3.22787E-4 5.40684E-4 5.52434E-4 1.22272E-3 1.81717E-3 3.25952E-3 3.86816E-3 3.85901E-3 -9999 -9999 -9999 -9999 -9999 -9999 7.98694E-4 3.74341E-4 3.10068E-4 7.93121E-4 1.45086E-3 1.72941E-3 3.22302E-3 -9999 -9999 -9999 -9999 -9999 -9999 -9999 -9999 -9999 -9999 -9999 -9999 -9999 -9999 -9999 -9999
-9999 -9999 -9999 -9999 1.82948E-1 1.43152E-1 -9999 -9999 5.03086E-2 9.92407E-2 7.70042E-2 2.1835E-2 4.74313E-3 5.14859E-3 3.99856E-3 1.5371E-3 5.21483E-3 9.65771E-3 1.0624E-2 5.25757E-3 3.0485E-3 5.17377E-3 7.35897E-3 2.15159E-3 1.11714E-3 1.91008E-3 8.76252E-4 2.21346E-4 1.76751E-4 1.5928E-4 3.41924E-4 7.95235E-4 8.6681E-4 8.60072E-4 3.84805E-4 2.64925E-4 3.50898E-4 6.26432E-4 4.50231E-4 4.02985E-4 3.93577E-4 3.92185E-4 8.95836E-4 8.69462E-4 1.39894E-3 1.89748E-3 2.84402E-3 3.79579E-3 2.98323E-3 3.55298E-3 2.27179E-3 2.49422E-3 -9999 -9999 -9999 6.59683E-4 3.44595E-4 5.28713E-4 8.70499E-4 1.26429E-3 1.74916E-3 2.27602E-3 3.41057E-3 -9999 -9999 -9999 -9999 -9999 -9999 -9999 -9999 -9999 -9999 -9999 -9999 -9999 -9999 -9999
7.55444E-2 -9999 -9999 1.32108E-1 1.84282E-1 1.5078E-1 -9999 -9999 5.26448E-2 7.44528E-2 3.54667E-2 1.27547E-2 3.75686E-3 2.28237E-3 3.02495E-3 1.53392E-3 2.05843E-3 3.8059E-3 2.36579E-3 2.30395E-3 1.5343E-3 5.2102E-3 3.9805E-3 1.05E-3 3.31162E-4 1.04387E-3 2.09689E-3 3.06758E-4 2.2127E-4 2.34845E-4 1.00821E-3 2.30521E-3 1.45089E-3 6.47897E-4 2.86875E-4 3.24432E-4 2.65628E-4 2.87133E-4 4.29403E-4 2.95148E-4 4.4982E-4 3.76249E-4 6.43552E-4 6.77144E-4 1.41205E-3 2.31509E-3 3.57281E-3 3.14256E-3 3.39104E-3 3.61861E-3 3.18144E-3 2.98792E-3 2.62548E-3 -9999 -9999 8.20775E-4 2.4162E-4 2.02429E-4 2.6708E-4 8.02699E-4 1.17672E-3 1.7733E-3 3.64254E-3 -9999 -9999 -9999 -9999 -9999 -9999 -9999 -9999 -9999 -9999 -9999 -9999 -9999 -9999 -9999
4.13048E-2 1.87726E-2 6.6157E-2 1.03362E-1 1.60498E-1 1.07887E-1 -9999 4.89427E-2 4.46696E-2 1.74484E-2 9.22713E-3 2.32934E-3 1.50878E-3 1.55688E-3 2.32184E-3 1.9193E-3 1.2617E-3 2.17144E-3 1.80355E-3 1.80167E-3 1.44734E-3 3.05178E-3 4.03668E-3 8.9023E-4 2.40392E-4 8.15331E-4 1.31142E-3 2.3081E-4 2.50988E-4 2.7406E-4 7.36593E-4 8.65307E-4 7.65642E-4 3.54214E-4 2.61946E-4 2.90034E-4 3.8086E-4 2.6179E-4 5.52171E-4 8.15003E-4 6.92456E-4 3.60329E-4 5.59878E-4 5.99201E-4 1.14239E-3 1.93005E-3 2.32969E-3 1.72564E-3 2.52541E-3 2.62225E-3 3.88361E-3 2.80376E-3 2.65662E-3 -9999 -9999 6.69779E-4 3.6946E-4 2.05514E-4 2.17152E-4 1.78021E-4 6.66932E-4 1.33968E-3 3.7751E-3 -9999 -9999 -9999 -9999 -9999 -9999 -9999 -9999 -9999 -9999 -9999 -9999 -9999 -9999 -9999
