ENM/Final_Models/M_1_F_q_Set_1_NE/Gustavia_santanderiensis_3_Choco.asc
ncols         367
nrows         963
xllcorner     -78.6
yllcorner     0.65
cellsize      0.00833333333333323
NODATA_value  -9999
[rows 204 to 237 of 963, columns 234 to 311 of 367]
0E0 0E0 0E0 0E0 0E0 0E0 0E0 0E0 0E0 0E0 0E0 0E0 0E0 0E0 0E0 0E0 0E0 0E0 0E0 0E0 9.96314E-1 1E0 1E0 1E0 9.40432E-1 6.81714E-1 9.63603E-1 9.99999E-1 1E0 1E0 1E0 1E0 9.99981E-1 9.99999E-1 9.99986E-1 9.9836E-1 9.99753E-1 6.96195E-1 7.7637E-1 8.6431E-1 3.56936E-1 2.4132E-2 8.41924E-3 2.07987E-4 2.48609E-4 1.54678E-5 3.27997E-4 3.99261E-4 3.88731E-4 8.27911E-4 3.08208E-3 3.13935E-3 5.72598E-4 2.78388E-4 1.36432E-4 1.79206E-4 1.82168E-4 2.03197E-4 8.45421E-5 6.6749E-5 4.11564E-5 7.174E-5 3.41867E-4 5.36968E-4 1.8533E-4 1.8976E-5 2.5389E-5 2.00709E-5 1.55252E-5 1.0189E-5 2.01027E-5 1.81679E-5 1.3636E-4 7.76098E-5 -9999 -9999 -9999 -9999
0E0 0E0 0E0 0E0 0E0 0E0 0E0 0E0 0E0 0E0 0E0 0E0 0E0 0E0 9.7836E-1 0E0 0E0 0E0 9.9872E-1 9.47856E-1 9.17493E-1 1E0 1E0 1E0 9.99421E-1 5.45566E-1 3.86599E-1 5.91339E-1 9.69192E-1 1E0 1E0 9.17948E-1 9.97511E-1 9.89691E-1 9.93523E-1 9.96638E-1 9.99411E-1 8.187E-1 1.51253E-1 6.84179E-1 3.34573E-1 7.43695E-2 1.87251E-2 5.4187E-3 1.67125E-4 1.3873E-4 1.31766E-4 5.88198E-4 1.20038E-3 6.50234E-4 2.63126E-3 4.63048E-3 1.27389E-3 4.58202E-4 1.75158E-4 5.7586E-5 1.60269E-4 1.38768E-4 2.499E-4 2.75809E-4 2.33482E-4 5.9954E-4 1.83926E-4 2.45222E-4 1.65129E-3 1.72941E-4 3.64981E-5 6.09976E-6 5.36235E-6 2.90952E-5 3.85779E-5 5.97176E-5 3.94871E-4 3.32759E-5 -9999 -9999 -9999 -9999
0E0 0E0 0E0 0E0 0E0 0E0 0E0 0E0 0E0 0E0 0E0 0E0 0E0 0E0 0E0 8.39381E-1 0E0 0E0 0E0 9.18439E-1 6.26081E-1 0E0 0E0 0E0 1E0 4.69162E-1 1.35972E-1 1.55013E-1 7.20806E-1 9.25113E-1 8.66021E-1 8.85287E-1 6.899E-1 9.46731E-1 9.68661E-1 9.99973E-1 1E0 9.99714E-1 8.11609E-1 2.10728E-1 5.25462E-1 3.00459E-2 8.42682E-4 6.26929E-3 1.48117E-3 1.50803E-4 8.61882E-5 1.60107E-4 4.54125E-4 1.46172E-4 2.95213E-3 3.188E-3 2.27969E-3 8.28258E-4 4.88431E-4 2.9178E-4 3.85426E-4 8.28513E-4 1.54783E-4 1.14489E-3 2.13578E-4 1.46222E-3 7.84415E-4 3.60634E-4 1.40512E-3 8.12654E-4 2.67571E-4 1.68943E-4 4.68743E-5 1.0867E-4 1.72983E-4 2.32905E-4 5.29395E-4 7.76614E-5 -9999 -9999 -9999 -9999
0E0 0E0 0E0 0E0 0E0 0E0 0E0 0E0 0E0 0E0 0E0 0E0 0E0 0E0 0E0 9.12922E-1 4.57334E-1 3.46381E-1 9.28898E-1 6.98375E-1 6.72547E-1 0E0 1E0 1E0 1E0 8.81049E-1 2.80599E-1 2.61991E-1 4.56239E-1 3.96314E-1 5.6015E-1 6.4316E-1 9.05607E-1 9.87308E-1 9.96708E-1 9.99902E-1 9.99762E-1 9.44386E-1 6.04726E-1 5.87278E-1 6.80986E-1 4.96605E-2 2.03403E-3 1.57006E-3 1.59973E-4 3.09054E-4 2.32237E-4 5.61696E-5 4.7163E-4 6.6868E-4 1.65512E-3 3.76385E-3 1.89992E-3 3.01558E-3 4.83058E-3 9.34545E-4 4.59063E-4 2.20095E-4 2.92293E-3 6.89941E-4 7.48434E-4 1.40549E-3 3.56167E-3 2.74145E-3 7.65632E-4 1.68061E-3 3.06765E-4 5.82295E-4 9.5609E-5 3.16931E-4 4.83577E-4 2.22542E-4 9.98755E-5 3.88749E-4 -9999 -9999 -9999 -9999
0E0 0E0 0E0 0E0 0E0 0E0 0E0 0E0 0E0 0E0 0E0 0E0 0E0 0E0 9.56244E-1 5.29241E-1 2.01944E-1 2.34162E-1 8.39099E-1 7.99604E-1 8.47597E-1 0E0 1E0 0E0 1E0 8.49649E-1 8.42524E-1 8.76449E-1 9.51481E-1 6.30231E-1 4.78098E-1 6.70255E-1 8.53711E-1 7.98955E-1 7.24375E-1 9.98657E-1 9.95852E-1 9.56047E-1 9.68634E-1 2.9397E-1 3.71139E-1 2.75514E-2 2.33954E-3 9.06553E-4 2.4379E-4 1.75816E-3 9.29922E-4 1.9818E-4 1.55756E-3 5.81899E-4 2.73284E-3 3.57082E-3 1.25109E-3 4.74182E-3 1.79782E-3 1.38631E-3 5.38547E-3 3.86506E-3 9.90545E-3 9.65942E-3 1.34327E-3 2.77444E-4 5.78704E-5 4.8965E-5 7.04325E-5 1.63611E-4 9.53532E-4 6.39637E-4 2.23849E-4 1.65975E-4 3.78192E-4 7.81705E-5 5.7629E-5 1.91678E-4 -9999 -9999 -9999 -9999
0E0 0E0 0E0 0E0 0E0 0E0 0E0 0E0 0E0 0E0 0E0 0E0 0E0 0E0 9.97856E-1 0E0 7.48483E-1 8.67781E-1 9.21789E-1 0E0 0E0 9.83508E-1 0E0 0E0 1E0 9.99977E-1 9.91904E-1 9.99879E-1 9.99995E-1 9.98618E-1 9.06898E-1 9.11227E-1 7.78181E-1 8.40321E-1 4.39402E-1 9.92395E-1 9.86109E-1 9.99621E-1 9.6986E-1 2.53258E-1 1.18853E-1 1.56925E-2 4.462E-3 1.88806E-3 1.69229E-3 4.13996E-4 1.01414E-3 1.31812E-4 1.20722E-3 8.10166E-4 7.51659E-4 3.10307E-3 1.09573E-3 1.29297E-3 1.13319E-3 1.05522E-3 2.51805E-3 9.99161E-4 1.68889E-3 1.01178E-3 3.33475E-4 1.27642E-4 8.14222E-5 5.92094E-5 7.51173E-5 9.6348E-5 3.92291E-4 1.55798E-4 3.78823E-5 6.27458E-5 1.64573E-4 3.86246E-5 1.2704E-5 -9999 -9999 -9999 -9999 -9999
0E0 0E0 0E0 9.99984E-1 9.99991E-1 0E0 0E0 0E0 0E0 0E0 0E0 0E0 0E0 0E0 0E0 0E0 0E0 0E0 0E0 0E0 9.99571E-1 0E0 0E0 1E0 1E0 1E0 9.99197E-1 1E0 9.99997E-1 9.98534E-1 9.8981E-1 9.89395E-1 7.58707E-1 6.10477E-1 1.66997E-1 9.6613E-1 9.22397E-1 9.5176E-1 9.17085E-1 3.18885E-1 1.52768E-1 2.70894E-3 1.95097E-3 7.3192E-3 4.47086E-4 1.95758E-4 1.65163E-3 6.82624E-4 7.75471E-4 6.13681E-4 4.98645E-4 1.23854E-3 7.20649E-4 1.4896E-3 3.27521E-4 1.08816E-3 3.03401E-3 1.14402E-3 4.89607E-4 5.6738E-4 1.71097E-4 2.87994E-4 2.97246E-4 4.09208E-5 1.09598E-4 7.53774E-5 4.6881E-4 2.56325E-4 4.31799E-5 5.86447E-5 2.19915E-5 4.57464E-5 1.98365E-5 -9999 -9999 -9999 -9999 -9999
0E0 0E0 1E0 9.99731E-1 9.99971E-1 1E0 0E0 0E0 0E0 0E0 0E0 0E0 0E0 0E0 0E0 9.99959E-1 0E0 0E0 0E0 9.71017E-1 9.97315E-1 9.99937E-1 1E0 1E0 1E0 1E0 1E0 1E0 9.99999E-1 9.97669E-1 9.89462E-1 9.63275E-1 9.70477E-1 8.63683E-1 1.50886E-1 3.86521E-1 8.48386E-1 7.88481E-1 7.33532E-1 1.8943E-1 5.70373E-2 1.47754E-4 4.26123E-4 1.61161E-3 3.78306E-4 1.34711E-4 6.29563E-5 4.89779E-4 4.50839E-4 1.52974E-3 9.87402E-4 1.5733E-3 8.43826E-4 3.98665E-4 1.00397E-3 2.79614E-3 1.60241E-3 1.02554E-3 1.71676E-3 2.19136E-3 7.49529E-4 4.33868E-4 4.18682E-4 1.04991E-4 8.30194E-5 6.23044E-5 1.30157E-4 8.74294E-5 7.60237E-5 1.3451E-4 8.04887E-5 1.22963E-4 8.15411E-5 -9999 -9999 -9999 -9999 -9999
0E0 0E0 1E0 1E0 1E0 0E0 0E0 0E0 0E0 0E0 0E0 0E0 0E0 0E0 0E0 0E0 0E0 0E0 0E0 0E0 1E0 1E0 1E0 1E0 1E0 9.99975E-1 9.99996E-1 1E0 1E0 8.68044E-1 8.49366E-1 8.38279E-1 9.99992E-1 9.32655E-1 9.7696E-1 9.54877E-1 9.43144E-1 7.77016E-1 5.69186E-1 1.97914E-1 3.14726E-3 2.7543E-4 2.61699E-4 1.25471E-4 1.48204E-4 2.36361E-4 7.96404E-4 6.34542E-4 2.47297E-3 3.47383E-3 1.94713E-3 2.11882E-3 6.99713E-4 5.81117E-4 5.01653E-4 3.57037E-4 2.73782E-3 1.2099E-3 1.95202E-4 8.32889E-4 1.11049E-3 2.64304E-4 2.06189E-4 1.37957E-4 1.17352E-4 5.67527E-5 7.52451E-5 9.05405E-5 1.92072E-4 1.25197E-4 7.87896E-5 8.05319E-5 1.04484E-4 -9999 -9999 -9999 -9999 -9999
0E0 1E0 9.99997E-1 9.99993E-1 1E0 0E0 0E0 0E0 0E0 0E0 0E0 0E0 0E0 0E0 0E0 0E0 0E0 0E0 0E0 0E0 0E0 1E0 1E0 9.99983E-1 9.99835E-1 9.99998E-1 9.99995E-1 1E0 1E0 9.99238E-1 9.08055E-1 8.6144E-1 9.92362E-1 9.99994E-1 9.99874E-1 9.98993E-1 6.44456E-1 2.7076E-1 4.22578E-2 1.80765E-2 3.2913E-3 2.63679E-3 1.09806E-3 5.20443E-4 4.49132E-4 1.619E-3 4.74873E-4 1.18566E-3 9.3409E-4 1.35049E-3 5.34607E-3 5.70079E-3 2.80383E-3 8.03077E-4 1.15545E-4 8.78194E-5 3.3544E-4 1.05246E-4 6.46116E-4 2.83056E-3 7.84011E-4 1.14999E-4 5.52615E-5 8.30284E-5 1.58184E-4 5.57695E-5 1.75814E-4 4.73598E-5 8.62515E-5 6.7068E-5 4.78473E-5 5.59997E-5 -9999 -9999 -9999 -9999 -9999 -9999
0E0 0E0 8.1981E-1 9.9151E-1 1E0 0E0 0E0 0E0 0E0 0E0 0E0 0E0 0E0 1E0 0E0 0E0 0E0 1E0 1E0 1E0 1E0 1E0 1E0 1E0 9.99998E-1 1E0 1E0 1E0 1E0 9.14923E-1 7.51391E-1 7.82216E-1 7.88495E-1 9.90743E-1 9.9995E-1 9.94846E-1 9.55997E-1 4.55575E-1 8.84745E-2 2.74832E-2 1.3876E-3 5.4333E-4 1.13919E-3 4.25745E-4 9.05319E-4 4.8837E-4 8.65862E-5 1.22142E-3 3.95443E-3 8.30991E-3 9.80903E-3 6.67899E-3 5.62267E-3 2.247E-3 5.41838E-4 3.67249E-4 5.2689E-4 2.97803E-4 1.79436E-4 2.88632E-3 2.57479E-3 3.9135E-4 1.61363E-4 1.48644E-4 3.09397E-4 8.25739E-5 9.61641E-5 1.27601E-4 1.06636E-4 1.91609E-4 3.00087E-5 7.06691E-5 5.83896E-4 -9999 -9999 -9999 -9999 -9999
9.99999E-1 3.7338E-1 2.47251E-1 6.36902E-1 9.99092E-1 0E0 0E0 0E0 0E0 0E0 0E0 1E0 1E0 1E0 0E0 0E0 0E0 0E0 0E0 1E0 1E0 1E0 9.99975E-1 1E0 9.99999E-1 9.99999E-1 1E0 9.99999E-1 9.99728E-1 9.46244E-1 6.59858E-1 6.34806E-1 6.55858E-1 6.87917E-1 9.99525E-1 7.33377E-1 1.23616E-1 3.3049E-1 1.02221E-2 1.16707E-2 5.7273E-3 1.062E-3 2.93503E-4 1.98232E-4 4.8811E-4 2.20506E-4 1.02849E-3 2.05821E-3 3.00846E-3 7.99092E-3 3.73351E-3 3.63814E-3 5.60121E-3 5.52614E-3 4.32301E-3 2.65627E-3 3.39358E-3 3.32406E-3 5.65922E-3 1.80037E-3 1.26481E-3 6.30449E-4 3.54856E-3 1.07944E-3 1.97353E-3 6.76495E-4 4.88032E-4 1.05051E-3 2.61E-4 2.40733E-4 2.89334E-5 2.72515E-4 1.66195E-3 -9999 -9999 -9999 -9999 -9999
9.92296E-1 1.87084E-1 8.95453E-2 2.1695E-1 9.25006E-1 0E0 0E0 0E0 0E0 0E0 0E0 0E0 0E0 0E0 0E0 0E0 0E0 0E0 0E0 1E0 9.99999E-1 9.99999E-1 9.99904E-1 9.99982E-1 9.99999E-1 9.99998E-1 1E0 1E0 1E0 9.99829E-1 8.14225E-1 7.62578E-1 6.45985E-1 9.93228E-1 9.51414E-1 5.18017E-1 1.73568E-2 8.08445E-2 4.76734E-2 6.82976E-3 1.21406E-2 6.56421E-4 2.62102E-4 7.0608E-4 1.13807E-3 2.73236E-4 2.35334E-3 3.06343E-3 7.02567E-3 1.01879E-2 4.60418E-3 3.81836E-3 4.37746E-3 3.22239E-3 3.03656E-3 9.59793E-4 8.51621E-4 1.07132E-3 2.84042E-3 1.71733E-3 1.62641E-3 6.49415E-4 1.25073E-3 1.35563E-3 2.04063E-3 7.06598E-4 8.96735E-4 3.60362E-4 2.34944E-4 8.80507E-5 1.83032E-5 5.41632E-4 2.23803E-3 -9999 -9999 -9999 -9999 -9999
9.04933E-1 4.92922E-1 1.55603E-1 2.55304E-1 4.47228E-1 9.99829E-1 0E0 0E0 0E0 0E0 0E0 0E0 0E0 0E0 0E0 0E0 0E0 0E0 0E0 1E0 1E0 1E0 1E0 9.99999E-1 1E0 9.99999E-1 1E0 1E0 1E0 1E0 9.98144E-1 9.36804E-1 8.16665E-1 8.17249E-1 9.94532E-1 8.8638E-1 2.40108E-1 1.72334E-1 9.00538E-2 2.6596E-2 3.33508E-2 1.24093E-3 1.48636E-3 3.09584E-4 5.26601E-4 3.10148E-3 1.66837E-4 1.82166E-3 1.30725E-2 1.04951E-2 7.03988E-3 4.95853E-3 4.83439E-3 2.25326E-3 1.52754E-3 1.32243E-3 5.74345E-4 4.62344E-4 8.71791E-4 2.079E-3 1.70946E-3 1.60925E-3 8.2756E-4 1.20825E-3 1.86831E-3 1.30954E-3 1.5831E-3 6.35677E-4 1.4902E-4 5.65299E-5 2.46832E-5 9.80534E-4 4.21552E-3 -9999 -9999 -9999 -9999 -9999
9.77464E-1 8.9505E-1 8.06328E-1 7.44877E-1 1.49429E-1 8.93055E-1 9.99984E-1 0E0 0E0 1E0 1E0 1E0 1E0 1E0 0E0 0E0 0E0 0E0 0E0 1E0 1E0 1E0 1E0 1E0 1E0 1E0 1E0 9.99999E-1 1E0 1E0 9.96807E-1 8.08624E-1 7.70898E-1 8.80596E-1 9.19446E-1 9.96922E-1 9.87736E-1 6.97194E-1 4.15252E-1 3.29428E-2 4.53988E-2 1.33325E-2 1.69119E-3 4.36791E-4 8.5091E-4 2.47389E-4 1.81551E-4 7.39389E-3 6.5931E-3 1.18927E-2 7.52724E-3 9.59421E-3 6.75182E-3 3.62282E-3 2.22795E-3 2.11086E-3 4.08179E-3 8.4374E-4 9.26216E-4 1.75186E-3 2.18412E-3 1.84393E-3 5.88108E-4 8.09875E-4 1.37973E-3 8.1265E-4 6.35402E-4 1.27713E-3 4.22347E-4 1.85933E-4 1.52198E-4 1.1826E-3 7.5517E-3 -9999 -9999 -9999 -9999 -9999
9.91154E-1 9.91325E-1 9.42995E-1 9.99401E-1 9.95962E-1 1E0 1E0 0E0 0E0 0E0 9.99993E-1 9.99996E-1 1E0 1E0 0E0 0E0 0E0 0E0 1E0 1E0 0E0 1E0 0E0 0E0 9.99998E-1 9.99957E-1 1E0 1E0 9.99999E-1 9.99999E-1 9.36777E-1 8.69167E-1 7.22126E-1 9.68145E-1 9.90799E-1 9.99863E-1 9.98873E-1 3.58587E-1 3.27089E-2 2.53409E-3 2.44081E-3 1.33278E-2 1.15043E-2 3.57765E-3 6.00346E-4 1.31265E-4 4.74944E-4 3.41331E-3 5.30059E-3 1.32468E-2 1.05645E-2 1.41413E-2 8.23826E-3 1.00876E-2 1.90362E-3 4.65404E-3 1.03434E-2 3.38635E-3 3.0711E-3 1.89927E-3 2.9114E-4 2.0316E-4 2.95248E-4 5.96946E-4 3.08546E-4 4.3571E-4 1.10138E-4 9.33088E-4 1.43759E-4 5.38262E-5 1.99582E-4 5.05257E-4 4.47732E-4 -9999 -9999 -9999 -9999 -9999
0E0 1E0 9.99998E-1 9.99781E-1 1E0 0E0 0E0 0E0 0E0 0E0 1E0 0E0 9.99861E-1 9.99938E-1 1E0 0E0 0E0 1E0 0E0 1E0 1E0 1E0 9.99997E-1 1E0 1E0 9.99999E-1 1E0 1E0 1E0 9.7637E-1 8.15834E-1 9.41266E-1 8.91161E-1 9.99997E-1 9.99999E-1 9.99723E-1 9.92228E-1 7.00649E-2 4.76445E-3 1.53454E-3 1.73608E-4 1.47641E-5 1.11656E-4 6.53207E-5 8.51545E-4 5.38748E-4 1.87139E-4 3.268E-4 1.26289E-2 1.23385E-2 7.1675E-3 5.56218E-3 3.89436E-3 4.30329E-3 4.26222E-4 3.85956E-3 5.18192E-3 1.62827E-3 4.81973E-3 2.07661E-3 1.51276E-4 1.54522E-4 3.71175E-4 3.32E-4 1.60442E-4 2.8171E-4 1.71256E-4 1.84072E-4 9.15883E-5 2.1934E-5 2.08119E-4 6.13484E-5 2.45998E-5 -9999 -9999 -9999 -9999 -9999
0E0 0E0 0E0 0E0 0E0 0E0 0E0 0E0 0E0 0E0 1E0 0E0 1E0 1E0 1E0 1E0 1E0 0E0 1E0 1E0 1E0 1E0 9.99606E-1 1E0 1E0 9.99991E-1 1E0 1E0 1E0 9.61446E-1 3.46294E-1 4.72454E-1 4.09482E-1 9.86205E-1 9.99997E-1 9.99604E-1 2.60144E-1 3.30692E-2 1.00342E-2 6.56936E-3 1.82228E-4 3.20474E-5 6.60578E-5 1.75342E-4 1.02856E-4 1.11309E-4 2.45813E-4 4.6228E-4 1.00425E-3 4.72851E-3 1.24068E-2 1.04633E-2 5.23185E-3 6.31002E-3 1.47728E-3 3.10682E-3 7.66332E-3 5.33074E-3 4.6065E-3 1.22518E-2 2.50056E-3 3.03095E-4 3.16414E-4 2.89909E-4 1.03833E-4 1.63111E-4 9.14726E-5 6.79863E-5 3.1439E-5 7.4335E-5 2.73449E-4 2.74533E-4 -9999 -9999 -9999 -9999 -9999 -9999
0E0 0E0 0E0 0E0 0E0 0E0 0E0 0E0 0E0 0E0 0E0 0E0 0E0 0E0 1E0 1E0 1E0 0E0 1E0 1E0 1E0 0E0 9.93088E-1 9.99999E-1 1E0 9.99996E-1 9.99998E-1 1E0 9.99986E-1 9.9028E-1 2.18575E-1 2.52085E-1 4.95167E-1 9.73071E-1 1E0 9.98941E-1 1.69823E-1 4.22994E-1 2.41587E-2 5.83632E-3 1.6811E-3 5.57459E-4 9.55953E-5 1.44107E-4 2.77457E-4 1.18803E-4 2.49676E-4 4.77008E-4 1.49662E-4 7.7028E-3 1.2803E-2 8.6645E-3 7.61947E-3 1.58599E-2 2.73832E-3 1.14494E-3 2.45158E-3 2.53927E-3 3.2739E-3 1.1148E-2 7.3639E-3 1.10952E-3 6.85429E-4 4.32924E-4 1.19791E-4 2.35883E-4 9.28076E-5 8.64859E-5 6.82859E-5 2.33409E-4 1.43589E-4 1.07354E-4 -9999 -9999 -9999 -9999 -9999 -9999
0E0 0E0 0E0 0E0 0E0 0E0 0E0 0E0 0E0 1E0 0E0 0E0 0E0 0E0 1E0 1E0 1E0 1E0 1E0 1E0 1E0 0E0 9.99784E-1 1E0 9.99998E-1 9.99999E-1 1E0 1E0 9.99693E-1 9.98871E-1 3.77728E-1 3.77723E-1 9.25305E-1 9.20911E-1 1E0 9.96562E-1 2.0473E-1 2.49646E-1 5.19058E-2 2.8566E-2 2.60822E-2 6.2284E-3 9.35775E-4 1.52676E-4 2.65403E-4 2.77304E-4 8.38264E-4 4.15799E-3 2.56829E-4 1.1365E-2 1.86147E-2 2.42046E-2 2.72495E-2 2.7495E-2 2.71911E-3 1.89818E-3 2.02087E-3 3.70153E-3 2.96064E-3 7.27576E-3 6.43972E-3 2.18258E-3 5.73488E-4 8.62088E-4 6.58948E-4 1.94169E-4 1.05405E-4 6.3169E-5 8.8649E-5 2.1438E-4 1.40882E-4 3.50192E-5 -9999 -9999 -9999 -9999 -9999 -9999
0E0 0E0 0E0 0E0 0E0 0E0 0E0 0E0 0E0 1E0 0E0 0E0 0E0 1E0 1E0 1E0 1E0 1E0 1E0 0E0 0E0 1E0 9.99961E-1 1E0 9.99953E-1 0E0 0E0 1E0 1E0 9.98304E-1 7.93866E-1 8.98934E-1 9.90891E-1 9.99732E-1 9.99977E-1 9.99909E-1 1.72805E-1 1.06822E-2 2.46268E-2 4.32146E-2 1.41164E-2 9.34318E-4 6.27253E-4 1.22735E-4 1.21742E-4 2.50414E-4 6.39786E-4 3.08156E-4 2.75778E-3 3.23262E-2 9.32871E-3 5.75451E-3 6.8554E-3 1.56445E-2 4.32056E-3 6.15954E-4 2.74059E-3 2.15897E-3 4.8768E-3 9.02832E-3 5.90696E-3 8.65115E-3 2.35071E-3 5.19589E-4 8.19751E-4 6.27894E-4 1.88816E-4 7.80653E-5 1.05919E-4 1.92759E-4 1.23341E-4 -9999 -9999 -9999 -9999 -9999 -9999 -9999
0E0 0E0 0E0 0E0 0E0 0E0 0E0 0E0 0E0 0E0 0E0 0E0 0E0 0E0 0E0 0E0 0E0 1E0 1E0 1E0 1E0 9.99986E-1 1E0 1E0 1E0 0E0 0E0 1E0 1E0 9.99974E-1 9.65202E-1 9.1245E-1 9.80769E-1 9.84478E-1 1E0 9.99997E-1 4.26695E-1 6.13879E-2 3.60239E-3 6.50336E-3 6.2911E-4 1.79922E-4 1.80207E-4 2.53841E-4 1.82503E-4 2.01786E-4 3.71186E-4 9.62996E-4 3.10577E-3 1.5016E-2 7.73496E-3 4.56897E-3 2.35277E-3 1.49572E-2 4.91061E-3 5.92422E-4 2.99414E-3 1.63808E-3 2.03934E-3 3.56905E-3 1.52313E-2 1.0364E-2 2.91043E-3 2.92092E-4 2.58572E-4 5.65626E-4 7.52873E-4 2.05491E-4 2.21549E-4 2.08919E-4 -9999 -9999 -9999 -9999 -9999 -9999 -9999 -9999
0E0 0E0 0E0 0E0 0E0 0E0 0E0 0E0 0E0 0E0 0E0 0E0 0E0 0E0 0E0 0E0 0E0 1E0 0E0 0E0 9.75969E-1 0E0 0E0 0E0 0E0 1E0 1E0 1E0 1E0 9.64411E-1 6.43547E-1 3.9282E-1 7.77707E-1 9.9546E-1 9.99995E-1 9.982E-1 6.07942E-2 7.76906E-3 1.69755E-3 1.00908E-3 5.44925E-4 2.67071E-4 9.64126E-5 1.86616E-4 9.31042E-5 1.5622E-4 2.62228E-4 4.47372E-5 1.18707E-3 1.83194E-2 1.19787E-2 1.14034E-2 1.4569E-2 1.8516E-2 5.10834E-3 2.3268E-3 1.10245E-3 2.46617E-3 2.57338E-3 1.25315E-2 1.60475E-2 4.63464E-3 2.60887E-3 6.7314E-4 1.77879E-4 2.73315E-4 1.29819E-4 2.73958E-4 4.09007E-4 2.43207E-4 -9999 -9999 -9999 -9999 -9999 -9999 -9999 -9999
1E0 0E0 0E0 0E0 0E0 0E0 0E0 0E0 0E0 0E0 0E0 0E0 0E0 0E0 1E0 0E0 0E0 1E0 1E0 9.99912E-1 9.99859E-1 1E0 0E0 0E0 9.99998E-1 1E0 1E0 9.99919E-1 1E0 9.92999E-1 9.94174E-1 6.44301E-1 9.97709E-1 9.99999E-1 1E0 9.93203E-1 1.46915E-2 2.49589E-3 1.75511E-3 2.3578E-4 8.82328E-5 7.3533E-5 1.27783E-4 3.28159E-4 9.42153E-4 7.24355E-4 2.67974E-4 3.51625E-4 1.29176E-4 2.5369E-3 1.04428E-2 1.1273E-2 2.3042E-2 1.56207E-2 6.59685E-3 4.62494E-3 2.56643E-4 1.21925E-3 2.04868E-2 2.02342E-2 6.05605E-3 4.41152E-3 4.59869E-3 1.67353E-3 7.54208E-4 4.53204E-4 5.33959E-4 1.2814E-3 4.47137E-4 -9999 -9999 -9999 -9999 -9999 -9999 -9999 -9999 -9999
9.47319E-1 9.58963E-1 1E0 9.99999E-1 0E0 0E0 0E0 0E0 0E0 0E0 0E0 0E0 0E0 1E0 1E0 1E0 0E0 1E0 1E0 1E0 1E0 1E0 1E0 9.9935E-1 9.99963E-1 1E0 1E0 1E0 9.99999E-1 9.99984E-1 9.91583E-1 7.98163E-1 9.99643E-1 9.99999E-1 9.99152E-1 9.92016E-1 5.63819E-2 5.70805E-3 4.07018E-3 1.82814E-3 1.24602E-4 1.87331E-4 9.03531E-5 2.10994E-4 4.40173E-4 1.00787E-4 1.8317E-4 2.81431E-4 1.70164E-3 4.32551E-4 3.4333E-4 3.40978E-3 2.06667E-2 2.81525E-2 7.83391E-3 1.81336E-3 4.34927E-4 8.3031E-4 6.99121E-3 1.27216E-2 2.0016E-3 3.2143E-3 2.8221E-3 6.71048E-3 1.97083E-3 3.99038E-3 1.89322E-3 1.80315E-3 -9999 -9999 -9999 -9999 -9999 -9999 -9999 -9999 -9999 -9999
9.9189E-1 9.63222E-1 9.91865E-1 9.82774E-1 9.99998E-1 0E0 0E0 0E0 0E0 0E0 0E0 0E0 0E0 0E0 1E0 1E0 0E0 0E0 0E0 1E0 0E0 0E0 1E0 9.93716E-1 9.9976E-1 9.99929E-1 1E0 0E0 1E0 9.88843E-1 9.98359E-1 7.70639E-1 9.8647E-1 9.9999E-1 9.99987E-1 9.99279E-1 8.81961E-1 8.98589E-1 4.16615E-2 3.25108E-3 2.78363E-3 1.99897E-3 7.7673E-4 3.26977E-5 1.48873E-4 1.00743E-4 9.09406E-5 3.64731E-4 3.24535E-3 2.24263E-3 1.47833E-4 6.72104E-4 4.97191E-3 1.80929E-2 5.94745E-3 3.48271E-3 6.23815E-4 5.2773E-4 5.64895E-3 1.04716E-2 4.51243E-3 2.57327E-3 3.37183E-3 1.92257E-3 3.75767E-3 4.71939E-3 3.577E-3 -9999 -9999 -9999 -9999 -9999 -9999 -9999 -9999 -9999 -9999 -9999
9.99934E-1 9.9443E-1 9.37775E-1 7.57285E-1 9.60768E-1 9.99986E-1 0E0 0E0 0E0 0E0 0E0 0E0 0E0 1E0 1E0 1E0 1E0 1E0 0E0 0E0 0E0 0E0 0E0 9.99851E-1 9.99671E-1 1E0 0E0 1E0 9.99964E-1 9.98675E-1 9.96736E-1 9.51309E-1 9.79841E-1 9.30347E-1 9.71601E-1 1E0 9.99825E-1 9.90936E-1 4.12001E-2 4.1306E-2 1.52742E-2 2.28721E-3 1.85268E-3 6.72812E-5 5.34814E-4 1.9191E-4 7.04655E-5 1.42962E-3 1.18739E-3 2.11135E-3 2.01526E-3 8.72508E-5 2.48675E-4 1.36642E-3 9.32036E-3 9.01537E-3 2.03323E-3 1.01478E-3 2.82958E-3 3.62752E-3 4.06477E-3 4.32092E-3 4.85758E-3 4.68209E-3 2.74008E-3 2.57182E-3 -9999 -9999 -9999 -9999 -9999 -9999 -9999 -9999 -9999 -9999 -9999 -9999
1E0 9.62528E-1 7.48483E-1 8.44075E-1 7.56751E-1 9.50423E-1 9.87372E-1 9.98686E-1 0E0 0E0 0E0 0E0 0E0 0E0 1E0 1E0 1E0 1E0 0E0 0E0 0E0 0E0 1E0 1E0 9.99978E-1 9.99997E-1 1E0 1E0 1E0 9.80298E-1 9.75972E-1 6.55033E-1 3.99038E-1 3.46627E-1 3.49953E-1 9.68064E-1 9.99531E-1 9.07571E-1 9.59456E-2 3.37422E-2 1.92997E-2 1.25744E-3 1.40653E-3 1.16784E-4 2.48348E-4 1.79295E-4 1.02234E-3 4.64356E-3 2.93792E-3 1.73118E-3 3.18838E-4 5.51225E-4 1.49771E-3 1.07158E-3 3.21944E-3 7.65496E-4 3.26844E-3 1.65097E-3 3.80047E-3 3.64542E-3 3.11763E-3 4.57785E-3 3.20854E-3 1.96069E-3 1.46712E-3 3.15381E-3 -9999 -9999 -9999 -9999 -9999 -9999 -9999 -9999 -9999 -9999 -9999 -9999
1E0 9.86287E-1 7.69294E-1 8.74022E-1 9.1413E-1 9.32954E-1 9.94579E-1 9.94457E-1 9.73442E-1 0E0 0E0 0E0 0E0 1E0 0E0 0E0 0E0 0E0 0E0 0E0 0E0 0E0 0E0 1E0 1E0 1E0 0E0 1E0 9.9957E-1 9.95762E-1 7.08962E-1 6.87671E-1 5.46982E-1 6.33879E-1 5.5715E-1 9.18145E-1 1E0 9.77019E-1 3.80583E-2 9.95449E-4 2.3991E-3 1.8776E-4 6.02893E-4 4.67553E-5 1.01805E-4 1.54185E-4 2.24254E-4 4.16622E-4 5.37004E-5 1.34299E-4 1.62455E-4 1.06627E-4 2.69866E-4 9.03789E-4 4.69309E-4 1.06664E-3 1.0129E-3 1.33116E-3 2.07479E-3 2.00905E-3 3.17942E-3 2.00755E-3 3.18028E-3 3.65091E-3 4.04599E-3 -9999 -9999 -9999 -9999 -9999 -9999 -9999 -9999 -9999 -9999 -9999 -9999 -9999
8.30469E-1 6.32427E-1 6.06317E-1 6.43675E-1 6.23981E-1 7.87806E-1 8.8636E-1 9.82673E-1 9.98671E-1 0E0 0E0 0E0 1E0 1E0 1E0 1E0 1E0 0E0 0E0 0E0 0E0 0E0 1E0 0E0 1E0 1E0 1E0 1E0 9.99995E-1 9.2276E-1 8.20162E-1 4.50944E-1 5.02666E-1 3.62598E-1 4.07832E-1 9.2989E-1 9.9991E-1 7.96126E-1 3.17873E-2 5.76792E-3 3.37007E-4 5.38783E-4 1.25353E-4 2.82218E-4 6.21445E-5 7.68413E-5 5.39355E-5 2.47782E-5 1.81411E-5 2.23631E-5 6.17226E-6 4.01569E-6 2.22879E-5 1.83783E-6 5.85401E-4 1.051E-3 1.62927E-4 2.59734E-4 4.07609E-4 2.29828E-3 1.10335E-3 6.25784E-4 3.80798E-3 6.5852E-4 -9999 -9999 -9999 -9999 -9999 -9999 -9999 -9999 -9999 -9999 -9999 -9999 -9999 -9999
8.98669E-1 2.54983E-1 1.39189E-1 3.87689E-1 3.58962E-1 4.0109E-1 5.77661E-1 7.39029E-1 9.04462E-1 9.99841E-1 0E0 0E0 0E0 1E0 1E0 9.99999E-1 9.99992E-1 9.9707E-1 9.99998E-1 0E0 0E0 0E0 0E0 1E0 9.99999E-1 1E0 9.99934E-1 9.86888E-1 7.75616E-1 9.18945E-1 5.67363E-1 6.50409E-1 6.53721E-1 4.26624E-1 3.94517E-1 6.8524E-1 9.99993E-1 9.94092E-1 1.60411E-1 1.90374E-2 1.15748E-3 1.43594E-3 1.71167E-4 6.4119E-5 1.23144E-4 2.76733E-4 1.05023E-4 6.63129E-5 7.00877E-5 5.50077E-5 3.96342E-5 6.58114E-6 9.91781E-7 1.20491E-6 1.12873E-5 1.72933E-4 1.12676E-4 1.73105E-4 5.01195E-4 2.52738E-4 6.33614E-4 4.33798E-3 7.99249E-4 -9999 -9999 -9999 -9999 -9999 -9999 -9999 -9999 -9999 -9999 -9999 -9999 -9999 -9999 -9999
9.93537E-1 2.9582E-1 2.06106E-1 1.64026E-1 6.31467E-1 4.46653E-1 4.55015E-1 7.67385E-1 9.63168E-1 9.99446E-1 0E0 0E0 1E0 1E0 0E0 0E0 0E0 9.99977E-1 9.75737E-1 0E0 0E0 0E0 0E0 9.99996E-1 0E0 1E0 9.99077E-1 8.24877E-1 8.71898E-1 9.87862E-1 9.25538E-1 4.8416E-1 5.0072E-1 6.18029E-1 5.20191E-1 5.79504E-1 8.08432E-1 9.9737E-1 2.75274E-2 7.6331E-3 9.51783E-5 2.81917E-4 1.9172E-3 2.68513E-5 7.27061E-5 2.94865E-3 7.01853E-4 1.39868E-4 9.02816E-5 7.45616E-5 4.56974E-5 8.69981E-6 2.41706E-6 6.16345E-6 8.83658E-5 3.09548E-6 9.72684E-7 7.80363E-6 2.88191E-4 1.76272E-4 1.48629E-4 2.88323E-4 -9999 -9999 -9999 -9999 -9999 -9999 -9999 -9999 -9999 -9999 -9999 -9999 -9999 -9999 -9999 -9999
0E0 9.92227E-1 2.09796E-1 8.40416E-2 1.63457E-1 5.5746E-1 6.68854E-1 7.42158E-1 9.00801E-1 9.86399E-1 9.99982E-1 0E0 0E0 9.99891E-1 0E0 0E0 0E0 1E0 1E0 0E0 0E0 0E0 1E0 1E0 9.99984E-1 1E0 1E0 9.75396E-1 9.89338E-1 9.96867E-1 9.70252E-1 5.59191E-1 3.68706E-1 4.65508E-1 3.97497E-1 4.03962E-1 3.79289E-1 7.44703E-1 1.85515E-2 8.48207E-3 9.40677E-3 1.13575E-2 5.61521E-3 1.67382E-4 1.34168E-4 1.48804E-3 1.30057E-3 1.47939E-4 3.93015E-5 1.3523E-4 2.18184E-5 1.70011E-5 7.74674E-6 6.62657E-6 3.76911E-6 3.84506E-7 4.48565E-7 1.56415E-6 2.62775E-5 1.77112E-4 2.30735E-4 -9999 -9999 -9999 -9999 -9999 -9999 -9999 -9999 -9999 -9999 -9999 -9999 -9999 -9999 -9999 -9999 -9999
0E0 0E0 3.24222E-1 2.44925E-1 1.00824E-1 5.67154E-2 1.23552E-1 5.59389E-1 5.35285E-1 6.67325E-1 9.66895E-1 9.99993E-1 0E0 9.93789E-1 9.99826E-1 1E0 1E0 1E0 1E0 0E0 0E0 0E0 0E0 0E0 0E0 1E0 9.99995E-1 9.2475E-1 9.76015E-1 9.50275E-1 6.05875E-1 7.07332E-1 4.71152E-1 4.65455E-1 3.29175E-1 3.36464E-1 4.22788E-1 5.69927E-1 6.2457E-2 1.17945E-1 8.73339E-2 4.45308E-2 2.6069E-2 2.30417E-4 3.53913E-4 1.58709E-3 1.59065E-3 1.48942E-3 1.26903E-3 3.27856E-4 1.0721E-4 8.26069E-6 7.12956E-7 7.23056E-7 2.59391E-6 4.39704E-6 5.77024E-7 4.83961E-6 5.49983E-6 3.727E-6 -9999 -9999 -9999 -9999 -9999 -9999 -9999 -9999 -9999 -9999 -9999 -9999 -9999 -9999 -9999 -9999 -9999 -9999
