ENM/Final_Models/M_1_F_q_Set_1_NE/Gustavia_santanderiensis_6_Choco.asc
ncols         367
nrows         963
xllcorner     -78.6
yllcorner     0.65
cellsize      0.00833333333333323
NODATA_value  -9999
[rows 476 to 509 of 963, columns 234 to 311 of 367]
0E0 0E0 0E0 0E0 0E0 0E0 0E0 0E0 0E0 0E0 0E0 0E0 0E0 0E0 0E0 0E0 0E0 0E0 0E0 0E0 0E0 0E0 0E0 0E0 0E0 2.94802E-2 2.27913E-3 2.24164E-2 5.83109E-2 8.89012E-2 2.3117E-2 7.80954E-2 6.76669E-2 2.76152E-2 3.13902E-2 3.80031E-2 4.25058E-2 2.11611E-2 2.75158E-2 1.55205E-2 7.09528E-3 2.1947E-3 5.83621E-4 1.68047E-3 1.28046E-3 7.09643E-4 2.7691E-4 3.35004E-4 5.12553E-4 1.79372E-3 7.21773E-3 1.1449E-3 1.821E-3 3.59471E-3 2.24296E-3 -9999 -9999 -9999 -9999 -9999 -9999 -9999 -9999 -9999 -9999 -9999 -9999 -9999 -9999 -9999 -9999 -9999 -9999 -9999 -9999 -9999 -9999 -9999
0E0 0E0 0E0 0E0 0E0 0E0 0E0 0E0 0E0 0E0 0E0 0E0 0E0 0E0 0E0 0E0 0E0 0E0 0E0 0E0 0E0 2.80557E-2 2.68813E-2 3.38613E-3 3.67251E-2 4.14141E-3 9.0509E-2 5.77684E-2 1.4349E-1 5.06977E-2 4.92383E-2 2.81306E-2 2.73857E-2 1.82247E-2 2.79198E-2 2.36321E-2 1.73447E-2 2.85287E-2 1.74758E-2 2.00286E-2 6.02685E-3 2.19746E-3 6.71776E-4 1.07046E-3 3.37945E-3 2.05114E-3 6.2424E-4 5.6006E-4 1.32215E-3 5.45195E-3 6.07358E-3 3.76943E-3 6.91538E-3 1.32478E-3 2.4032E-3 -9999 -9999 -9999 -9999 -9999 -9999 -9999 -9999 -9999 -9999 -9999 -9999 -9999 -9999 -9999 -9999 -9999 -9999 -9999 -9999 -9999 -9999 -9999
0E0 0E0 0E0 0E0 0E0 0E0 0E0 0E0 0E0 0E0 0E0 0E0 0E0 0E0 0E0 0E0 0E0 0E0 8.05872E-3 5.75455E-3 5.96772E-2 1.27486E-1 1.59476E-1 1.46427E-1 3.04371E-1 3.92785E-1 1.89037E-2 5.79279E-2 8.90234E-2 1.11231E-1 0E0 8.16351E-2 2.26859E-2 3.44285E-2 5.63429E-2 5.90519E-2 3.54482E-2 2.48127E-2 1.97208E-2 8.90661E-3 4.49738E-3 1.47213E-3 1.76174E-4 5.73039E-4 1.38436E-3 2.50252E-4 3.30763E-3 9.78138E-4 8.96566E-4 3.99665E-3 8.69377E-3 5.78656E-3 5.65534E-3 2.57325E-2 3.26612E-2 -9999 -9999 -9999 -9999 -9999 -9999 -9999 -9999 -9999 -9999 -9999 -9999 -9999 -9999 -9999 -9999 -9999 -9999 -9999 -9999 -9999 -9999 -9999
0E0 0E0 0E0 0E0 0E0 0E0 0E0 0E0 0E0 0E0 0E0 0E0 0E0 0E0 0E0 0E0 0E0 1.09099E-1 4.37921E-3 5.44873E-3 6.35083E-3 6.51717E-3 5.61112E-2 2.3951E-1 3.92618E-1 3.83585E-1 1.77797E-1 4.06777E-2 0E0 0E0 0E0 0E0 0E0 5.86885E-2 0E0 8.84888E-2 8.75419E-2 3.41456E-2 2.45588E-2 9.14044E-3 3.27538E-3 4.74707E-4 3.24606E-4 4.74107E-4 5.00088E-4 1.61594E-3 1.89989E-3 6.23235E-3 4.24129E-3 5.97504E-3 5.58178E-3 1.99558E-2 1.15391E-2 6.49412E-3 -9999 -9999 -9999 -9999 -9999 -9999 -9999 -9999 -9999 -9999 -9999 -9999 -9999 -9999 -9999 -9999 -9999 -9999 -9999 -9999 -9999 -9999 -9999 -9999
0E0 0E0 0E0 0E0 0E0 0E0 0E0 0E0 0E0 0E0 0E0 0E0 1.4809E-1 1.87296E-1 1.74448E-1 1.40852E-1 8.75576E-2 1.93905E-1 7.72259E-2 9.6336E-2 2.08663E-2 5.95111E-2 3.76116E-2 1.10639E-1 3.11783E-1 4.32688E-2 3.72997E-1 0E0 0E0 0E0 1.70624E-2 1.97228E-2 2.92166E-2 0E0 0E0 2.36153E-2 4.03896E-2 3.47158E-2 1.10706E-2 2.90489E-3 5.61474E-3 1.26027E-3 1.62675E-4 9.04655E-4 1.10026E-3 1.80283E-3 4.85765E-4 1.42399E-3 2.17859E-3 6.03054E-3 2.86853E-3 5.34965E-3 4.97908E-3 4.54949E-3 -9999 -9999 -9999 -9999 -9999 -9999 -9999 -9999 -9999 -9999 -9999 -9999 -9999 -9999 -9999 -9999 -9999 -9999 -9999 -9999 -9999 -9999 -9999 -9999
0E0 0E0 0E0 0E0 0E0 0E0 0E0 0E0 0E0 0E0 0E0 0E0 3.66482E-1 4.52546E-2 3.75598E-2 5.11085E-2 8.15007E-2 3.07146E-1 4.37221E-1 3.11602E-2 8.57452E-2 1.57362E-1 1.06356E-1 5.00107E-2 1.79841E-1 7.93055E-2 4.14217E-2 5.11156E-2 0E0 0E0 2.69337E-2 2.32432E-2 3.74298E-2 0E0 0E0 3.38031E-2 2.56865E-2 1.78019E-2 6.21045E-3 6.64131E-3 3.51047E-3 1.44841E-3 1.67072E-3 1.37373E-3 1.729E-3 1.23206E-3 2.33964E-3 6.71173E-3 6.44796E-3 2.65814E-3 6.83431E-3 3.67567E-3 1.78103E-2 3.572E-2 -9999 -9999 -9999 -9999 -9999 -9999 -9999 -9999 -9999 -9999 -9999 -9999 -9999 -9999 -9999 -9999 -9999 -9999 -9999 -9999 -9999 -9999 -9999 -9999
0E0 0E0 0E0 0E0 0E0 0E0 0E0 0E0 0E0 0E0 4.05857E-1 3.33845E-1 3.62559E-1 4.1619E-1 9.42692E-2 1.04659E-1 1.29595E-1 5.04782E-1 1.84268E-1 1.52981E-1 1.8916E-1 0E0 7.59877E-2 1.95358E-1 2.71805E-1 1.97608E-1 5.25527E-2 3.11585E-2 0E0 0E0 1.18812E-1 0E0 0E0 0E0 0E0 6.57427E-2 3.85523E-2 2.68167E-2 9.9662E-3 4.27748E-3 5.03863E-3 1.08927E-3 7.40478E-4 4.88735E-4 1.28213E-3 2.08601E-3 5.61209E-3 6.98479E-4 1.6677E-3 8.23823E-3 1.14223E-2 8.99822E-3 3.248E-2 2.56919E-2 -9999 -9999 -9999 -9999 -9999 -9999 -9999 -9999 -9999 -9999 -9999 -9999 -9999 -9999 -9999 -9999 -9999 -9999 -9999 -9999 -9999 -9999 -9999 -9999
0E0 0E0 0E0 0E0 0E0 0E0 0E0 0E0 0E0 0E0 0E0 0E0 0E0 0E0 0E0 0E0 0E0 0E0 0E0 0E0 0E0 0E0 0E0 0E0 0E0 0E0 3.3508E-2 1.77711E-2 0E0 0E0 1.89766E-1 5.02021E-2 3.1193E-2 3.38564E-2 3.49356E-2 2.65807E-2 8.1561E-2 3.07255E-2 2.47628E-2 4.31373E-3 1.03575E-2 7.50467E-4 2.93163E-3 2.22343E-3 1.01466E-3 7.85279E-4 2.45324E-3 4.27443E-3 8.37438E-3 6.28912E-4 1.19367E-2 4.55119E-3 2.36663E-2 4.58558E-2 -9999 -9999 -9999 -9999 -9999 -9999 -9999 -9999 -9999 -9999 -9999 -9999 -9999 -9999 -9999 -9999 -9999 -9999 -9999 -9999 -9999 -9999 -9999 -9999
0E0 0E0 0E0 0E0 0E0 0E0 0E0 0E0 0E0 0E0 0E0 0E0 0E0 0E0 0E0 0E0 0E0 0E0 0E0 0E0 0E0 2.95643E-2 0E0 0E0 0E0 0E0 1.74522E-1 0E0 0E0 2.69168E-2 2.27017E-2 0E0 7.01621E-2 9.66932E-2 4.40626E-2 1.24813E-1 1.76302E-1 2.18686E-2 1.04158E-2 9.43394E-3 2.93091E-4 3.76396E-3 3.40987E-3 3.7092E-3 4.19488E-3 4.91487E-3 6.58771E-3 5.77048E-3 1.42299E-2 4.38995E-3 8.58887E-3 1.14307E-2 5.84056E-2 2.81477E-2 -9999 -9999 -9999 -9999 -9999 -9999 -9999 -9999 -9999 -9999 -9999 -9999 -9999 -9999 -9999 -9999 -9999 -9999 -9999 -9999 -9999 -9999 -9999 -9999
0E0 0E0 0E0 0E0 0E0 0E0 0E0 0E0 0E0 0E0 0E0 0E0 0E0 0E0 0E0 0E0 0E0 0E0 0E0 0E0 0E0 3.52581E-2 2.43007E-2 0E0 0E0 0E0 8.15309E-2 1.96488E-1 1.37362E-1 2.46208E-2 0E0 0E0 0E0 0E0 0E0 4.74288E-2 2.81446E-2 1.54893E-2 1.18979E-2 1.05796E-3 7.03782E-4 4.06424E-3 1.72022E-2 3.05151E-3 3.6277E-3 7.63587E-4 2.03482E-3 1.46222E-2 7.12968E-3 1.88598E-2 1.7719E-2 1.02038E-2 2.8321E-2 4.5798E-2 -9999 -9999 -9999 -9999 -9999 -9999 -9999 -9999 -9999 -9999 -9999 -9999 -9999 -9999 -9999 -9999 -9999 -9999 -9999 -9999 -9999 -9999 -9999 -9999
0E0 0E0 0E0 0E0 0E0 0E0 0E0 0E0 0E0 0E0 0E0 0E0 0E0 0E0 0E0 0E0 0E0 0E0 0E0 0E0 0E0 0E0 0E0 3.45706E-2 3.53673E-2 0E0 0E0 9.86056E-2 4.14164E-2 8.94822E-2 1.1771E-1 1.3481E-1 0E0 9.75074E-2 3.56492E-2 2.44374E-2 2.77372E-2 1.55657E-2 1.03363E-2 4.15499E-3 2.68567E-3 2.8917E-3 1.88748E-3 2.62688E-3 1.5718E-3 3.53357E-3 8.75247E-3 7.93188E-3 3.29228E-2 3.10538E-2 5.42097E-3 1.40019E-2 2.29058E-2 2.28816E-2 -9999 -9999 -9999 -9999 -9999 -9999 -9999 -9999 -9999 -9999 -9999 -9999 -9999 -9999 -9999 -9999 -9999 -9999 -9999 -9999 -9999 -9999 -9999 -9999
0E0 0E0 0E0 0E0 0E0 0E0 0E0 0E0 0E0 0E0 0E0 0E0 0E0 0E0 0E0 0E0 0E0 0E0 0E0 4.05716E-2 3.56563E-2 0E0 0E0 4.9855E-2 1.8768E-2 1.96874E-2 2.54942E-2 2.59897E-2 1.42703E-1 5.9141E-2 7.9239E-2 6.99256E-2 1.05318E-1 8.88815E-2 1.88253E-2 1.99964E-2 8.34148E-3 8.33363E-3 1.7478E-2 1.8243E-3 1.59139E-3 1.1665E-2 2.64755E-2 1.29997E-2 3.8149E-3 4.04517E-3 5.88401E-3 1.58958E-2 3.8747E-2 4.23166E-2 5.69863E-2 5.842E-2 9.19671E-3 6.67701E-3 -9999 -9999 -9999 -9999 -9999 -9999 -9999 -9999 -9999 -9999 -9999 -9999 -9999 -9999 -9999 -9999 -9999 -9999 -9999 -9999 -9999 -9999 -9999 -9999
0E0 0E0 0E0 0E0 0E0 0E0 0E0 0E0 0E0 0E0 0E0 0E0 0E0 0E0 0E0 0E0 0E0 0E0 0E0 3.14506E-2 1.94674E-2 1.84923E-2 3.29463E-2 1.72689E-2 1.04633E-2 8.21531E-3 2.21659E-2 2.44766E-2 0E0 1.32691E-1 8.36975E-2 4.49938E-2 0E0 5.89253E-2 2.82955E-2 3.32336E-2 1.80298E-2 4.24772E-3 5.31937E-4 7.94197E-4 1.7204E-3 1.2716E-2 3.54644E-2 4.00662E-2 3.10142E-3 1.21607E-2 5.03218E-2 6.68319E-2 3.86424E-2 2.72178E-2 4.21129E-2 2.21617E-2 2.01302E-2 -9999 -9999 -9999 -9999 -9999 -9999 -9999 -9999 -9999 -9999 -9999 -9999 -9999 -9999 -9999 -9999 -9999 -9999 -9999 -9999 -9999 -9999 -9999 -9999 -9999
0E0 0E0 0E0 0E0 0E0 0E0 0E0 0E0 0E0 0E0 0E0 0E0 0E0 0E0 0E0 0E0 0E0 0E0 0E0 0E0 0E0 2.48897E-2 1.14146E-2 5.40953E-3 3.1354E-3 1.0655E-2 3.10106E-2 0E0 0E0 1.89512E-1 1.80114E-1 1.04275E-1 2.07958E-1 4.94245E-2 2.16268E-2 8.82408E-3 5.29975E-3 1.28824E-3 6.82814E-4 1.68658E-3 3.71739E-3 9.59511E-3 7.41174E-3 1.2904E-2 1.25969E-2 2.01123E-2 9.97483E-2 3.63256E-2 1.70049E-2 9.4611E-3 2.79093E-2 3.69496E-3 1.08392E-2 -9999 -9999 -9999 -9999 -9999 -9999 -9999 -9999 -9999 -9999 -9999 -9999 -9999 -9999 -9999 -9999 -9999 -9999 -9999 -9999 -9999 -9999 -9999 -9999 -9999
0E0 0E0 0E0 0E0 0E0 0E0 0E0 0E0 0E0 0E0 0E0 0E0 0E0 0E0 0E0 0E0 0E0 0E0 0E0 0E0 0E0 0E0 2.36132E-2 4.81185E-3 4.82354E-3 1.12865E-2 2.48962E-2 0E0 0E0 0E0 9.58247E-2 4.0068E-2 2.47831E-2 4.05364E-2 1.08323E-2 1.3269E-2 1.16945E-3 4.68518E-4 7.90954E-4 2.68962E-3 3.90721E-3 1.14378E-2 1.12645E-2 2.36024E-2 1.24532E-2 5.86343E-2 2.61967E-2 8.12416E-3 7.79148E-3 1.64556E-2 1.75283E-2 5.73783E-3 2.05656E-3 -9999 -9999 -9999 -9999 -9999 -9999 -9999 -9999 -9999 -9999 -9999 -9999 -9999 -9999 -9999 -9999 -9999 -9999 -9999 -9999 -9999 -9999 -9999 -9999 -9999
0E0 0E0 0E0 0E0 0E0 0E0 0E0 0E0 0E0 0E0 0E0 0E0 0E0 0E0 0E0 0E0 0E0 0E0 0E0 0E0 0E0 0E0 0E0 2.58918E-2 4.27125E-2 3.16306E-2 4.34086E-2 0E0 5.08234E-2 2.5846E-2 2.33362E-2 1.68621E-2 1.09401E-2 1.21187E-2 6.61219E-3 8.07864E-4 9.51412E-4 1.50205E-3 2.31738E-3 7.67409E-3 3.92846E-3 2.65437E-2 3.55249E-2 3.29354E-2 9.57008E-2 1.06072E-1 1.31195E-2 1.14782E-2 9.88387E-4 8.43801E-3 1.216E-3 1.52216E-3 2.02092E-3 -9999 -9999 -9999 -9999 -9999 -9999 -9999 -9999 -9999 -9999 -9999 -9999 -9999 -9999 -9999 -9999 -9999 -9999 -9999 -9999 -9999 -9999 -9999 -9999 -9999
0E0 0E0 0E0 0E0 0E0 0E0 0E0 0E0 0E0 0E0 0E0 0E0 0E0 0E0 0E0 0E0 0E0 8.24594E-2 2.59398E-2 6.03741E-3 4.60471E-3 1.08477E-2 1.90238E-2 4.57596E-3 1.13338E-2 2.33469E-2 1.60475E-2 0E0 2.61437E-2 2.38498E-2 2.0695E-2 8.82704E-3 3.32226E-3 2.90315E-3 9.9858E-3 5.12517E-4 2.21397E-3 1.65656E-3 7.48145E-3 6.47733E-3 2.20303E-2 3.09421E-2 2.96495E-2 2.95151E-2 1.31649E-2 7.44414E-3 1.78799E-3 4.88479E-3 4.64685E-3 6.71593E-3 2.82803E-3 1.71224E-3 -9999 -9999 -9999 -9999 -9999 -9999 -9999 -9999 -9999 -9999 -9999 -9999 -9999 -9999 -9999 -9999 -9999 -9999 -9999 -9999 -9999 -9999 -9999 -9999 -9999 -9999
0E0 0E0 0E0 0E0 0E0 0E0 0E0 0E0 0E0 0E0 0E0 0E0 0E0 0E0 0E0 0E0 0E0 0E0 2.04114E-2 6.13512E-3 6.10863E-3 1.19372E-3 2.80189E-3 2.81616E-3 2.82621E-3 6.88923E-3 1.17618E-2 3.08314E-2 2.01433E-2 1.91853E-2 5.84058E-3 6.94265E-3 6.8078E-3 4.44217E-3 5.93556E-4 3.67178E-4 2.74311E-3 4.12226E-3 9.07102E-3 2.3038E-3 2.02523E-2 7.01806E-2 2.11415E-2 2.77233E-3 1.108E-2 2.20066E-3 3.97899E-3 3.70203E-3 1.65338E-3 1.48182E-3 6.88151E-4 7.04763E-4 -9999 -9999 -9999 -9999 -9999 -9999 -9999 -9999 -9999 -9999 -9999 -9999 -9999 -9999 -9999 -9999 -9999 -9999 -9999 -9999 -9999 -9999 -9999 -9999 -9999 -9999
0E0 0E0 0E0 0E0 0E0 0E0 0E0 0E0 0E0 0E0 0E0 0E0 0E0 0E0 6.94007E-2 0E0 0E0 0E0 4.13058E-2 2.46882E-2 1.08415E-2 1.19489E-3 1.81467E-3 2.89321E-3 3.2139E-3 4.60138E-3 4.0778E-3 2.58339E-2 1.74864E-2 7.6485E-3 1.1744E-2 3.79379E-3 1.47439E-3 3.68888E-3 9.83872E-4 1.19433E-3 1.20302E-3 1.09149E-2 7.55386E-3 1.51215E-3 1.13258E-2 1.63919E-1 1.48725E-2 2.34657E-3 2.77327E-3 5.67354E-3 5.32907E-3 1.97495E-3 2.73647E-3 1.9927E-3 1.71089E-3 3.51752E-4 -9999 -9999 -9999 -9999 -9999 -9999 -9999 -9999 -9999 -9999 -9999 -9999 -9999 -9999 -9999 -9999 -9999 -9999 -9999 -9999 -9999 -9999 -9999 -9999 -9999 -9999
0E0 0E0 0E0 0E0 0E0 0E0 0E0 0E0 0E0 0E0 0E0 0E0 0E0 2.27278E-2 4.29667E-2 0E0 0E0 4.3268E-2 3.82393E-2 1.33559E-2 1.19821E-2 3.46747E-3 3.58357E-3 3.26699E-3 3.90901E-3 7.02568E-3 5.56213E-3 1.79052E-2 3.16925E-3 2.1368E-3 1.82708E-3 3.25644E-4 1.14304E-3 8.0011E-3 4.06962E-3 8.73126E-3 5.67859E-3 2.24305E-3 8.46032E-3 9.62497E-4 6.42536E-2 9.83458E-2 5.35951E-3 4.94261E-3 3.72912E-3 1.03361E-3 3.35264E-3 3.46617E-3 1.312E-3 4.20547E-3 1.08485E-3 -9999 -9999 -9999 -9999 -9999 -9999 -9999 -9999 -9999 -9999 -9999 -9999 -9999 -9999 -9999 -9999 -9999 -9999 -9999 -9999 -9999 -9999 -9999 -9999 -9999 -9999 -9999
0E0 0E0 0E0 0E0 0E0 0E0 0E0 0E0 0E0 0E0 0E0 0E0 0E0 3.48781E-2 6.10202E-2 0E0 0E0 0E0 7.02858E-2 3.4179E-2 1.42301E-2 1.19354E-2 1.48718E-2 1.4696E-2 9.25682E-3 1.24126E-2 1.64684E-2 3.03792E-3 1.43705E-3 2.52668E-4 1.40926E-3 1.75191E-3 1.77054E-3 8.22308E-3 2.78093E-3 9.16755E-3 7.47388E-3 8.81297E-3 1.26755E-2 6.64994E-3 9.04301E-2 3.1343E-2 1.5749E-2 1.3938E-2 2.07127E-3 3.38589E-3 8.56941E-4 6.10075E-3 9.72468E-3 7.22863E-4 1.10082E-3 -9999 -9999 -9999 -9999 -9999 -9999 -9999 -9999 -9999 -9999 -9999 -9999 -9999 -9999 -9999 -9999 -9999 -9999 -9999 -9999 -9999 -9999 -9999 -9999 -9999 -9999 -9999
0E0 0E0 0E0 0E0 0E0 0E0 0E0 0E0 0E0 0E0 0E0 0E0 0E0 0E0 0E0 0E0 0E0 0E0 0E0 0E0 0E0 2.5487E-2 3.1711E-2 2.43833E-2 1.31049E-2 1.79877E-2 5.72982E-3 2.25587E-3 7.47478E-4 7.34288E-4 1.05362E-3 5.0339E-3 5.17556E-3 1.85169E-2 7.80125E-3 1.05579E-2 6.97094E-3 5.73239E-3 3.42544E-3 3.89106E-2 5.03259E-2 5.90566E-2 3.30516E-2 2.26732E-2 2.02435E-3 3.1718E-3 5.06401E-3 1.02492E-2 4.4128E-3 4.46503E-3 4.89211E-3 -9999 -9999 -9999 -9999 -9999 -9999 -9999 -9999 -9999 -9999 -9999 -9999 -9999 -9999 -9999 -9999 -9999 -9999 -9999 -9999 -9999 -9999 -9999 -9999 -9999 -9999 -9999
0E0 0E0 0E0 0E0 0E0 0E0 0E0 0E0 0E0 0E0 0E0 0E0 0E0 0E0 0E0 0E0 0E0 0E0 0E0 0E0 1.90871E-2 9.32141E-3 8.50075E-3 1.98594E-2 9.83218E-3 3.13182E-3 5.20936E-3 1.11331E-3 3.76003E-4 2.2382E-3 4.38424E-3 6.1713E-3 1.54332E-2 1.71766E-2 3.08934E-2 5.13233E-3 9.53502E-3 1.6338E-3 3.21521E-2 5.8717E-2 5.07125E-2 1.54886E-2 6.36287E-3 4.06476E-3 2.90018E-3 6.17065E-3 8.8409E-3 6.6626E-3 4.66257E-3 2.61158E-2 3.56645E-2 -9999 -9999 -9999 -9999 -9999 -9999 -9999 -9999 -9999 -9999 -9999 -9999 -9999 -9999 -9999 -9999 -9999 -9999 -9999 -9999 -9999 -9999 -9999 -9999 -9999 -9999 -9999
0E0 0E0 0E0 0E0 0E0 0E0 0E0 0E0 0E0 0E0 0E0 0E0 0E0 0E0 0E0 0E0 0E0 0E0 0E0 0E0 1.68238E-2 2.53519E-3 7.69223E-3 1.66597E-2 8.83549E-3 3.30782E-3 1.02665E-2 4.98581E-3 6.31611E-3 5.44588E-3 6E-3 1.35116E-2 4.00646E-3 3.46959E-3 2.85825E-2 1.36895E-2 1.8809E-2 2.32363E-2 1.07968E-1 2.28992E-2 1.09673E-2 9.81547E-3 5.53861E-3 1.56346E-2 1.38532E-2 1.67079E-3 1.13973E-2 5.97971E-3 1.9271E-2 2.4822E-2 -9999 -9999 -9999 -9999 -9999 -9999 -9999 -9999 -9999 -9999 -9999 -9999 -9999 -9999 -9999 -9999 -9999 -9999 -9999 -9999 -9999 -9999 -9999 -9999 -9999 -9999 -9999 -9999
0E0 0E0 0E0 0E0 0E0 0E0 0E0 0E0 0E0 0E0 0E0 0E0 0E0 0E0 0E0 0E0 2.2893E-2 2.0589E-2 1.97092E-2 1.94871E-2 1.7385E-2 1.29208E-2 1.50238E-2 4.65949E-3 2.13507E-3 3.63536E-3 8.26537E-3 6.2494E-3 9.4822E-3 9.19724E-3 2.62572E-2 2.60299E-2 1.06888E-2 3.23414E-2 9.15655E-2 1.30916E-1 7.46686E-2 3.80342E-2 3.75533E-2 9.23409E-3 2.54943E-3 1.27909E-2 3.67306E-2 3.22298E-2 8.64247E-3 5.22531E-3 3.03018E-3 2.56399E-3 4.4526E-3 8.53868E-3 -9999 -9999 -9999 -9999 -9999 -9999 -9999 -9999 -9999 -9999 -9999 -9999 -9999 -9999 -9999 -9999 -9999 -9999 -9999 -9999 -9999 -9999 -9999 -9999 -9999 -9999 -9999 -9999
0E0 0E0 0E0 0E0 0E0 0E0 0E0 0E0 0E0 0E0 0E0 0E0 0E0 0E0 7.39472E-2 3.90882E-2 1.25182E-2 1.0825E-2 3.37442E-2 1.1868E-2 6.39221E-3 3.98677E-3 1.17885E-2 1.90494E-3 5.41917E-3 4.90321E-3 1.43397E-2 1.09625E-2 1.16924E-2 4.07945E-2 7.92604E-3 2.44155E-2 1.32976E-2 1.28198E-1 1.35476E-1 6.19683E-2 2.03251E-2 8.51394E-3 5.35731E-3 4.71623E-3 6.30121E-4 1.29409E-2 1.62957E-2 1.70648E-2 1.09958E-2 9.92274E-3 3.59929E-3 7.74891E-3 6.27753E-3 9.90834E-3 -9999 -9999 -9999 -9999 -9999 -9999 -9999 -9999 -9999 -9999 -9999 -9999 -9999 -9999 -9999 -9999 -9999 -9999 -9999 -9999 -9999 -9999 -9999 -9999 -9999 -9999 -9999 -9999
0E0 0E0 0E0 0E0 0E0 0E0 0E0 0E0 0E0 0E0 0E0 0E0 0E0 5.81302E-2 4.64256E-2 1.84796E-2 8.95648E-3 8.63644E-3 2.14563E-2 1.00954E-2 1.30919E-2 7.67066E-3 4.02117E-3 3.96907E-3 4.94117E-3 1.18434E-2 6.52239E-3 5.08108E-3 0E0 2.22993E-2 1.22256E-2 5.45458E-2 5.12207E-2 6.45658E-2 8.26653E-2 5.34472E-2 1.28291E-1 1.15105E-2 1.7459E-2 1.63317E-2 1.79735E-2 1.31455E-2 1.05263E-2 5.94442E-3 4.60306E-3 2.0907E-3 4.5793E-3 9.82279E-3 6.25376E-3 -9999 -9999 -9999 -9999 -9999 -9999 -9999 -9999 -9999 -9999 -9999 -9999 -9999 -9999 -9999 -9999 -9999 -9999 -9999 -9999 -9999 -9999 -9999 -9999 -9999 -9999 -9999 -9999 -9999
0E0 0E0 0E0 0E0 0E0 0E0 0E0 0E0 0E0 0E0 0E0 0E0 0E0 0E0 8.77444E-2 2.3217E-2 6.43827E-3 1.00489E-2 1.15243E-2 1.47769E-2 1.38619E-2 2.32016E-2 1.61301E-2 7.53439E-3 9.47336E-3 1.7061E-2 2.57082E-2 1.54036E-2 9.62561E-2 7.07842E-3 6.66203E-2 1.47901E-1 5.53251E-2 1.91171E-3 3.60888E-2 3.18468E-2 7.14152E-3 7.11681E-3 4.25771E-3 3.05084E-2 5.32746E-2 3.10674E-3 7.37012E-3 4.38252E-3 1.76276E-3 2.2975E-3 4.23167E-3 1.09943E-2 -9999 -9999 -9999 -9999 -9999 -9999 -9999 -9999 -9999 -9999 -9999 -9999 -9999 -9999 -9999 -9999 -9999 -9999 -9999 -9999 -9999 -9999 -9999 -9999 -9999 -9999 -9999 -9999 -9999 -9999
0E0 0E0 0E0 0E0 0E0 0E0 0E0 0E0 0E0 0E0 0E0 0E0 0E0 0E0 3.20309E-2 1.25942E-2 1.5576E-2 1.25893E-2 1.28327E-2 1.47607E-2 1.76922E-2 1.20013E-2 2.88884E-2 3.53488E-2 1.62572E-2 1.2499E-2 2.54987E-2 7.02934E-2 4.70853E-2 3.62936E-1 2.35E-1 1.38413E-1 3.95115E-2 8.5009E-3 2.29285E-3 3.24275E-3 1.78831E-3 1.74536E-3 2.38221E-3 3.3952E-3 1.60072E-3 7.54042E-3 9.54247E-3 1.66709E-3 8.2301E-4 1.74568E-3 2.26856E-3 -9999 -9999 -9999 -9999 -9999 -9999 -9999 -9999 -9999 -9999 -9999 -9999 -9999 -9999 -9999 -9999 -9999 -9999 -9999 -9999 -9999 -9999 -9999 -9999 -9999 -9999 -9999 -9999 -9999 -9999 -9999
0E0 0E0 0E0 0E0 0E0 0E0 0E0 0E0 0E0 0E0 0E0 0E0 0E0 1.60846E-1 3.30995E-2 9.83061E-3 1.10304E-2 1.09678E-2 2.59315E-2 0E0 2.69895E-2 2.36413E-2 5.13002E-2 5.62888E-2 1.57047E-2 2.47619E-2 3.09627E-2 3.87071E-2 3.22102E-1 2.98603E-1 8.07198E-2 7.7505E-2 3.59535E-2 4.02751E-3 1.70914E-2 1.38882E-3 7.26332E-4 6.34125E-3 9.67225E-4 1.56245E-3 7.66313E-3 3.09346E-3 2.4031E-3 2.35713E-3 1.15724E-3 1.10088E-3 -9999 -9999 -9999 -9999 -9999 -9999 -9999 -9999 -9999 -9999 -9999 -9999 -9999 -9999 -9999 -9999 -9999 -9999 -9999 -9999 -9999 -9999 -9999 -9999 -9999 -9999 -9999 -9999 -9999 -9999 -9999 -9999
0E0 0E0 0E0 0E0 0E0 0E0 0E0 0E0 0E0 0E0 0E0 0E0 0E0 0E0 7.38757E-2 1.3725E-2 9.5842E-3 9.16645E-3 2.70142E-2 0E0 2.31898E-2 8.37425E-3 3.5685E-2 7.84105E-2 3.23681E-2 1.31287E-2 5.63193E-2 2.78959E-1 3.34287E-1 1.87184E-1 8.42087E-3 7.09797E-3 6.2881E-3 3.2632E-2 2.55864E-2 6.21912E-3 7.49519E-4 3.44278E-4 1.03645E-3 2.24383E-3 1.375E-3 1.47587E-3 2.87761E-3 1.37829E-3 -9999 -9999 -9999 -9999 -9999 -9999 -9999 -9999 -9999 -9999 -9999 -9999 -9999 -9999 -9999 -9999 -9999 -9999 -9999 -9999 -9999 -9999 -9999 -9999 -9999 -9999 -9999 -9999 -9999 -9999 -9999 -9999 -9999 -9999
0E0 0E0 0E0 0E0 0E0 0E0 0E0 0E0 0E0 0E0 0E0 0E0 0E0 0E0 6.51479E-2 1.39419E-2 1.69056E-2 1.087E-2 0E0 0E0 4.27823E-2 4.2912E-2 2.61347E-2 2.51504E-2 3.48103E-2 1.80294E-1 1.55254E-2 3.65083E-1 2.21095E-1 1.23662E-2 1.25823E-2 5.79549E-3 1.77424E-2 1.50926E-2 2.40817E-3 2.86608E-3 7.19358E-4 2.5794E-4 6.02096E-4 2.9453E-3 1.22559E-3 1.26591E-3 1.44372E-3 -9999 -9999 -9999 -9999 -9999 -9999 -9999 -9999 -9999 -9999 -9999 -9999 -9999 -9999 -9999 -9999 -9999 -9999 -9999 -9999 -9999 -9999 -9999 -9999 -9999 -9999 -9999 -9999 -9999 -9999 -9999 -9999 -9999 -9999 -9999
0E0 0E0 0E0 0E0 0E0 0E0 0E0 0E0 0E0 0E0 0E0 0E0 1.216E-1 1.104E-1 2.73049E-2 2.09025E-2 6.10942E-2 0E0 0E0 6.33164E-2 2.15421E-2 4.76731E-2 4.71406E-2 2.13967E-2 6.23242E-2 4.35993E-2 2.53553E-1 3.0334E-1 2.53009E-1 1.07535E-2 1.06318E-2 3.35728E-2 2.54966E-2 2.81758E-3 3.71908E-4 1.51415E-4 1.13921E-4 6.16897E-4 2.01911E-3 2.8903E-3 3.00897E-3 1.38299E-3 -9999 -9999 -9999 -9999 -9999 -9999 -9999 -9999 -9999 -9999 -9999 -9999 -9999 -9999 -9999 -9999 -9999 -9999 -9999 -9999 -9999 -9999 -9999 -9999 -9999 -9999 -9999 -9999 -9999 -9999 -9999 -9999 -9999 -9999 -9999 -9999
0E0 0E0 0E0 0E0 0E0 0E0 0E0 0E0 0E0 0E0 0E0 0E0 0E0 0E0 4.04799E-2 3.91455E-2 0E0 0E0 1.36906E-1 2.81313E-2 2.70031E-2 9.02764E-3 1.71265E-2 1.43744E-1 1.35202E-1 1.07522E-1 6.13697E-2 2.79092E-2 2.17776E-2 4.12798E-2 9.70573E-2 1.05534E-1 4.72508E-2 1.99786E-3 1.59634E-3 3.61033E-4 8.56775E-4 1.2956E-3 3.67237E-3 2.61865E-3 2.95739E-3 -9999 -9999 -9999 -9999 -9999 -9999 -9999 -9999 -9999 -9999 -9999 -9999 -9999 -9999 -9999 -9999 -9999 -9999 -9999 -9999 -9999 -9999 -9999 -9999 -9999 -9999 -9999 -9999 -9999 -9999 -9999 -9999 -9999 -9999 -9999 -9999 -9999
