ENM/Final_Models/M_1_F_q_Set_1_NE/Gustavia_santanderiensis_Choco_avg.asc
ncols         367
nrows         963
xllcorner     -78.6
yllcorner     0.65
cellsize      0.00833333333333323
NODATA_value  -9999
[rows 476 to 509 of 963, columns 234 to 311 of 367]
0E0 0E0 0E0 0E0 0E0 0E0 0E0 0E0 0E0 0E0 0E0 0E0 0E0 0E0 0E0 0E0 0E0 0E0 0E0 0E0 0E0 0E0 0E0 0E0 0E0 3.68851E-2 1.83845E-3 1.90423E-2 6.07333E-2 1.35311E-1 5.06673E-2 4.17669E-1 3.81799E-1 1.77932E-1 2.13494E-1 2.59388E-1 2.93232E-1 1.15433E-1 1.54522E-1 8.90618E-2 3.40236E-2 1.53231E-2 2.77861E-3 1.15221E-2 6.30422E-3 3.14414E-3 1.13476E-3 1.57131E-3 2.6432E-3 8.05476E-3 2.66845E-2 7.85071E-3 7.9833E-3 9.56038E-3 6.69413E-3 -9999 -9999 -9999 -9999 -9999 -9999 -9999 -9999 -9999 -9999 -9999 -9999 -9999 -9999 -9999 -9999 -9999 -9999 -9999 -9999 -9999 -9999 -9999
0E0 0E0 0E0 0E0 0E0 0E0 0E0 0E0 0E0 0E0 0E0 0E0 0E0 0E0 0E0 0E0 0E0 0E0 0E0 0E0 0E0 7.94022E-2 5.66573E-2 4.33022E-3 3.57343E-2 3.20761E-3 8.84371E-2 6.65004E-2 2.37905E-1 1.56671E-1 2.91866E-1 2.06841E-1 1.4989E-1 1.79679E-1 3.93726E-1 3.85573E-1 1.95727E-1 2.72327E-1 9.98958E-2 9.41045E-2 2.90989E-2 8.53967E-3 2.82909E-3 6.32569E-3 1.79691E-2 6.63336E-3 4.3569E-3 2.76339E-3 7.75118E-3 3.30529E-2 1.29242E-2 1.34471E-2 1.55672E-2 3.06176E-3 4.82564E-3 -9999 -9999 -9999 -9999 -9999 -9999 -9999 -9999 -9999 -9999 -9999 -9999 -9999 -9999 -9999 -9999 -9999 -9999 -9999 -9999 -9999 -9999 -9999
0E0 0E0 0E0 0E0 0E0 0E0 0E0 0E0 0E0 0E0 0E0 0E0 0E0 0E0 0E0 0E0 0E0 0E0 1.3441E-2 9.42872E-3 7.52095E-2 1.87853E-1 1.66627E-1 1.54131E-1 3.26804E-1 5.42654E-1 3.55417E-2 1.14535E-1 3.62411E-1 3.69881E-1 0E0 3.68562E-1 1.5465E-1 2.38297E-1 2.60177E-1 2.58505E-1 1.40976E-1 1.43068E-1 9.04569E-2 1.14826E-1 1.54704E-2 1.33935E-2 8.77388E-4 2.93145E-3 4.49821E-3 6.91777E-4 8.42036E-3 2.4598E-3 2.19597E-3 8.82591E-3 1.96625E-2 1.33118E-2 1.15592E-2 4.11795E-2 4.37089E-2 -9999 -9999 -9999 -9999 -9999 -9999 -9999 -9999 -9999 -9999 -9999 -9999 -9999 -9999 -9999 -9999 -9999 -9999 -9999 -9999 -9999 -9999 -9999
0E0 0E0 0E0 0E0 0E0 0E0 0E0 0E0 0E0 0E0 0E0 0E0 0E0 0E0 0E0 0E0 0E0 3.16734E-1 7.09097E-3 9.09617E-3 1.05084E-2 7.96214E-3 7.73638E-2 3.1376E-1 5.3294E-1 4.93292E-1 3.62838E-1 1.87867E-1 0E0 0E0 0E0 0E0 0E0 4.53199E-1 0E0 5.03021E-1 4.67504E-1 2.74365E-1 1.34874E-1 3.79867E-2 2.71934E-2 1.9667E-3 1.30971E-3 2.43387E-3 3.09586E-3 7.23195E-3 5.41226E-3 2.36006E-2 1.28557E-2 1.35192E-2 9.73703E-3 3.36272E-2 1.65841E-2 8.64349E-3 -9999 -9999 -9999 -9999 -9999 -9999 -9999 -9999 -9999 -9999 -9999 -9999 -9999 -9999 -9999 -9999 -9999 -9999 -9999 -9999 -9999 -9999 -9999 -9999
0E0 0E0 0E0 0E0 0E0 0E0 0E0 0E0 0E0 0E0 0E0 0E0 3.5909E-1 4.36656E-1 3.97379E-1 3.72257E-1 2.53827E-1 3.14938E-1 1.71494E-1 1.71507E-1 2.68487E-2 7.96302E-2 5.2674E-2 1.72601E-1 4.04108E-1 7.13997E-2 6.32933E-1 0E0 0E0 0E0 2.03951E-1 1.2528E-1 2.06032E-1 0E0 0E0 2.06998E-1 2.48232E-1 3.29233E-1 5.9272E-2 6.68101E-3 1.82263E-2 5.41284E-3 7.61684E-4 5.79199E-3 5.17813E-3 1.08094E-2 2.19414E-3 4.58223E-3 9.03993E-3 1.6051E-2 5.0327E-3 1.03928E-2 9.43414E-3 9.14349E-3 -9999 -9999 -9999 -9999 -9999 -9999 -9999 -9999 -9999 -9999 -9999 -9999 -9999 -9999 -9999 -9999 -9999 -9999 -9999 -9999 -9999 -9999 -9999 -9999
0E0 0E0 0E0 0E0 0E0 0E0 0E0 0E0 0E0 0E0 0E0 0E0 5.94009E-1 1.06036E-1 6.44402E-2 2.84784E-1 3.50943E-1 5.65487E-1 6.84994E-1 4.89831E-2 1.65048E-1 2.60498E-1 1.82757E-1 7.52515E-2 3.01218E-1 1.81916E-1 3.67766E-1 4.51912E-1 0E0 0E0 2.79093E-1 1.26774E-1 2.74082E-1 0E0 0E0 3.30876E-1 1.79605E-1 1.28452E-1 1.20761E-2 2.74708E-2 1.60082E-2 6.84425E-3 9.8107E-3 4.359E-3 4.50205E-3 3.11109E-3 5.51954E-3 1.94256E-2 1.81602E-2 7.10731E-3 1.82344E-2 1.00868E-2 3.03629E-2 5.07313E-2 -9999 -9999 -9999 -9999 -9999 -9999 -9999 -9999 -9999 -9999 -9999 -9999 -9999 -9999 -9999 -9999 -9999 -9999 -9999 -9999 -9999 -9999 -9999 -9999
0E0 0E0 0E0 0E0 0E0 0E0 0E0 0E0 0E0 0E0 6.60922E-1 6.14594E-1 6.07522E-1 6.44868E-1 2.34442E-1 1.97775E-1 2.32823E-1 7.54283E-1 5.28474E-1 5.8241E-1 5.77678E-1 0E0 2.95027E-1 3.91199E-1 5.19418E-1 4.0308E-1 4.54881E-1 4.13866E-1 0E0 0E0 4.89442E-1 0E0 0E0 0E0 0E0 4.18583E-1 3.1758E-1 3.17849E-1 2.35305E-2 1.20439E-2 2.10132E-2 6.17E-3 4.64505E-3 1.75389E-3 4.64024E-3 5.70681E-3 1.4147E-2 2.06153E-3 3.30111E-3 1.51738E-2 2.07588E-2 1.27207E-2 6.02847E-2 4.67278E-2 -9999 -9999 -9999 -9999 -9999 -9999 -9999 -9999 -9999 -9999 -9999 -9999 -9999 -9999 -9999 -9999 -9999 -9999 -9999 -9999 -9999 -9999 -9999 -9999
0E0 0E0 0E0 0E0 0E0 0E0 0E0 0E0 0E0 0E0 0E0 0E0 0E0 0E0 0E0 0E0 0E0 0E0 0E0 0E0 0E0 0E0 0E0 0E0 0E0 0E0 3.60267E-1 2.73372E-1 0E0 0E0 5.69954E-1 1.10008E-1 6.6962E-2 7.10002E-2 6.78243E-2 8.03494E-2 2.12516E-1 1.93444E-1 1.23854E-1 4.42544E-2 3.57865E-2 3.06283E-3 1.91048E-2 7.70479E-3 4.29603E-3 4.49931E-3 1.18797E-2 1.43869E-2 1.92129E-2 1.38847E-3 2.6114E-2 8.62036E-3 4.2411E-2 5.15331E-2 -9999 -9999 -9999 -9999 -9999 -9999 -9999 -9999 -9999 -9999 -9999 -9999 -9999 -9999 -9999 -9999 -9999 -9999 -9999 -9999 -9999 -9999 -9999 -9999
0E0 0E0 0E0 0E0 0E0 0E0 0E0 0E0 0E0 0E0 0E0 0E0 0E0 0E0 0E0 0E0 0E0 0E0 0E0 0E0 0E0 4.16348E-1 0E0 0E0 0E0 0E0 5.89232E-1 0E0 0E0 2.26487E-1 2.00085E-1 0E0 1.67275E-1 2.12623E-1 4.2848E-1 4.18056E-1 4.65161E-1 1.43798E-1 4.21901E-2 1.2346E-1 8.18143E-4 1.88631E-2 1.24012E-2 1.19527E-2 1.12699E-2 2.06281E-2 1.73585E-2 1.37161E-2 2.48623E-2 1.00657E-2 2.34785E-2 2.12443E-2 8.45858E-2 3.04952E-2 -9999 -9999 -9999 -9999 -9999 -9999 -9999 -9999 -9999 -9999 -9999 -9999 -9999 -9999 -9999 -9999 -9999 -9999 -9999 -9999 -9999 -9999 -9999 -9999
0E0 0E0 0E0 0E0 0E0 0E0 0E0 0E0 0E0 0E0 0E0 0E0 0E0 0E0 0E0 0E0 0E0 0E0 0E0 0E0 0E0 4.44799E-1 3.86017E-1 0E0 0E0 0E0 3.02066E-1 5.04651E-1 4.13566E-1 3.31826E-1 0E0 0E0 0E0 0E0 0E0 4.82761E-1 4.14852E-1 1.05726E-1 3.95901E-2 2.80154E-3 3.0182E-3 1.123E-2 3.47706E-2 6.28068E-3 1.69469E-2 4.00039E-3 6.34137E-3 3.88024E-2 8.67719E-3 2.52945E-2 4.01973E-2 1.73071E-2 3.33067E-2 5.28931E-2 -9999 -9999 -9999 -9999 -9999 -9999 -9999 -9999 -9999 -9999 -9999 -9999 -9999 -9999 -9999 -9999 -9999 -9999 -9999 -9999 -9999 -9999 -9999 -9999
0E0 0E0 0E0 0E0 0E0 0E0 0E0 0E0 0E0 0E0 0E0 0E0 0E0 0E0 0E0 0E0 0E0 0E0 0E0 0E0 0E0 0E0 0E0 4.34481E-1 4.27595E-1 0E0 0E0 3.45823E-1 2.15875E-1 2.25973E-1 2.64632E-1 2.8708E-1 0E0 3.67838E-1 3.61028E-1 1.79878E-1 1.56016E-1 1.41868E-1 4.20544E-2 1.76504E-2 1.14046E-2 7.19073E-3 3.26932E-3 5.50166E-3 4.39297E-3 8.26546E-3 2.59328E-2 1.15532E-2 4.39986E-2 3.768E-2 7.35735E-3 1.486E-2 3.16557E-2 4.48082E-2 -9999 -9999 -9999 -9999 -9999 -9999 -9999 -9999 -9999 -9999 -9999 -9999 -9999 -9999 -9999 -9999 -9999 -9999 -9999 -9999 -9999 -9999 -9999 -9999
0E0 0E0 0E0 0E0 0E0 0E0 0E0 0E0 0E0 0E0 0E0 0E0 0E0 0E0 0E0 0E0 0E0 0E0 0E0 9.36784E-2 1.29108E-1 0E0 0E0 2.46298E-1 1.07062E-1 1.00735E-1 2.15593E-1 3.29802E-1 4.86735E-1 1.2937E-1 1.62679E-1 1.3715E-1 4.21473E-1 3.14871E-1 1.36956E-1 1.1213E-1 3.76372E-2 3.70588E-2 8.97267E-2 8.19171E-3 5.32877E-3 3.96353E-2 5.89834E-2 2.94175E-2 1.17996E-2 9.41111E-3 9.17148E-3 1.88508E-2 3.9722E-2 4.94967E-2 8.25489E-2 7.81397E-2 1.3507E-2 1.32952E-2 -9999 -9999 -9999 -9999 -9999 -9999 -9999 -9999 -9999 -9999 -9999 -9999 -9999 -9999 -9999 -9999 -9999 -9999 -9999 -9999 -9999 -9999 -9999 -9999
0E0 0E0 0E0 0E0 0E0 0E0 0E0 0E0 0E0 0E0 0E0 0E0 0E0 0E0 0E0 0E0 0E0 0E0 0E0 8.73173E-2 5.37438E-2 5.1621E-2 8.44497E-2 4.50559E-2 3.69339E-2 3.60101E-2 2.47995E-1 3.59935E-1 0E0 3.96212E-1 1.89718E-1 1.16419E-1 0E0 3.40243E-1 2.77178E-1 1.62699E-1 6.97965E-2 2.59511E-2 2.40252E-3 3.03727E-3 8.44492E-3 4.39705E-2 9.00398E-2 6.92835E-2 6.66275E-3 1.7128E-2 5.77798E-2 7.30782E-2 6.95675E-2 5.09945E-2 7.22704E-2 2.944E-2 3.64642E-2 -9999 -9999 -9999 -9999 -9999 -9999 -9999 -9999 -9999 -9999 -9999 -9999 -9999 -9999 -9999 -9999 -9999 -9999 -9999 -9999 -9999 -9999 -9999 -9999 -9999
0E0 0E0 0E0 0E0 0E0 0E0 0E0 0E0 0E0 0E0 0E0 0E0 0E0 0E0 0E0 0E0 0E0 0E0 0E0 0E0 0E0 7.12375E-2 3.19984E-2 1.11326E-2 8.28017E-3 3.71651E-2 3.35604E-1 0E0 0E0 5.78708E-1 5.44321E-1 3.71646E-1 5.41393E-1 2.5321E-1 1.37385E-1 3.44123E-2 1.97444E-2 7.09609E-3 3.41975E-3 6.23236E-3 1.13661E-2 3.30226E-2 2.38409E-2 2.19384E-2 1.59322E-2 2.03792E-2 1.11644E-1 4.56111E-2 3.17381E-2 2.31231E-2 4.19475E-2 5.57213E-3 2.19439E-2 -9999 -9999 -9999 -9999 -9999 -9999 -9999 -9999 -9999 -9999 -9999 -9999 -9999 -9999 -9999 -9999 -9999 -9999 -9999 -9999 -9999 -9999 -9999 -9999 -9999
0E0 0E0 0E0 0E0 0E0 0E0 0E0 0E0 0E0 0E0 0E0 0E0 0E0 0E0 0E0 0E0 0E0 0E0 0E0 0E0 0E0 0E0 1.18844E-1 1.59053E-2 1.90752E-2 6.59196E-2 3.70388E-1 0E0 0E0 0E0 5.29387E-1 3.94079E-1 2.55478E-1 2.08152E-1 4.36855E-2 1.32451E-1 6.01466E-3 2.12162E-3 4.741E-3 1.17155E-2 1.6073E-2 2.07951E-2 2.58368E-2 5.41174E-2 1.55525E-2 6.7633E-2 3.47174E-2 1.78152E-2 2.09674E-2 4.0983E-2 3.20379E-2 1.44409E-2 6.96686E-3 -9999 -9999 -9999 -9999 -9999 -9999 -9999 -9999 -9999 -9999 -9999 -9999 -9999 -9999 -9999 -9999 -9999 -9999 -9999 -9999 -9999 -9999 -9999 -9999 -9999
0E0 0E0 0E0 0E0 0E0 0E0 0E0 0E0 0E0 0E0 0E0 0E0 0E0 0E0 0E0 0E0 0E0 0E0 0E0 0E0 0E0 0E0 0E0 1.44155E-1 1.80716E-1 1.9164E-1 4.50768E-1 0E0 4.78471E-1 3.46938E-1 2.97571E-1 1.44325E-1 5.54012E-2 7.62393E-2 8.94375E-2 3.63641E-3 4.97093E-3 6.22901E-3 9.11834E-3 2.631E-2 8.21593E-3 6.75679E-2 6.41482E-2 4.66719E-2 1.12905E-1 1.47548E-1 2.13093E-2 2.1567E-2 3.01028E-3 1.72972E-2 2.33882E-3 4.85584E-3 7.00839E-3 -9999 -9999 -9999 -9999 -9999 -9999 -9999 -9999 -9999 -9999 -9999 -9999 -9999 -9999 -9999 -9999 -9999 -9999 -9999 -9999 -9999 -9999 -9999 -9999 -9999
0E0 0E0 0E0 0E0 0E0 0E0 0E0 0E0 0E0 0E0 0E0 0E0 0E0 0E0 0E0 0E0 0E0 2.22855E-1 9.03985E-2 1.46496E-2 9.41965E-3 2.01038E-2 4.91921E-2 1.53795E-2 7.00461E-2 1.71332E-1 1.69279E-1 0E0 3.60988E-1 2.05889E-1 1.23261E-1 4.29036E-2 1.32044E-2 3.46708E-2 4.50238E-2 1.48554E-3 1.42664E-2 7.67102E-3 3.50074E-2 1.5396E-2 3.80376E-2 5.19813E-2 3.73039E-2 3.06686E-2 1.50746E-2 1.01967E-2 3.94116E-3 1.56359E-2 1.96579E-2 2.24729E-2 9.4723E-3 5.62497E-3 -9999 -9999 -9999 -9999 -9999 -9999 -9999 -9999 -9999 -9999 -9999 -9999 -9999 -9999 -9999 -9999 -9999 -9999 -9999 -9999 -9999 -9999 -9999 -9999 -9999 -9999
0E0 0E0 0E0 0E0 0E0 0E0 0E0 0E0 0E0 0E0 0E0 0E0 0E0 0E0 0E0 0E0 0E0 0E0 2.10056E-1 1.59205E-2 1.49783E-2 2.76125E-3 7.17758E-3 7.78263E-3 1.26087E-2 3.12094E-2 4.77522E-2 2.4483E-1 2.62953E-1 1.49285E-1 3.07023E-2 3.85256E-2 4.27765E-2 9.02522E-2 2.55523E-3 1.85186E-3 1.6701E-2 2.4182E-2 4.71756E-2 5.74189E-3 4.18212E-2 8.70123E-2 2.50224E-2 3.50968E-3 1.50405E-2 4.46157E-3 1.04512E-2 1.22666E-2 6.29594E-3 6.07232E-3 2.4256E-3 2.2199E-3 -9999 -9999 -9999 -9999 -9999 -9999 -9999 -9999 -9999 -9999 -9999 -9999 -9999 -9999 -9999 -9999 -9999 -9999 -9999 -9999 -9999 -9999 -9999 -9999 -9999 -9999
0E0 0E0 0E0 0E0 0E0 0E0 0E0 0E0 0E0 0E0 0E0 0E0 0E0 0E0 2.34066E-1 0E0 0E0 0E0 2.07797E-1 7.68191E-2 2.90525E-2 3.0559E-3 6.86378E-3 1.11464E-2 1.61301E-2 2.06605E-2 1.31107E-2 1.63735E-1 9.78973E-2 4.23321E-2 5.81124E-2 5.36692E-2 4.68302E-3 1.26451E-2 3.97404E-3 5.76711E-3 5.96593E-3 6.5639E-2 1.69431E-2 2.66247E-3 2.20311E-2 2.16447E-1 1.77536E-2 3.85492E-3 5.85097E-3 1.3642E-2 1.26593E-2 7.61406E-3 9.98909E-3 6.46719E-3 6.9966E-3 1.23632E-3 -9999 -9999 -9999 -9999 -9999 -9999 -9999 -9999 -9999 -9999 -9999 -9999 -9999 -9999 -9999 -9999 -9999 -9999 -9999 -9999 -9999 -9999 -9999 -9999 -9999 -9999
0E0 0E0 0E0 0E0 0E0 0E0 0E0 0E0 0E0 0E0 0E0 0E0 0E0 8.25287E-2 8.49733E-2 0E0 0E0 2.03348E-1 1.59767E-1 4.70237E-2 3.01488E-2 8.74466E-3 1.28168E-2 1.12683E-2 1.62953E-2 3.74773E-2 2.80362E-2 8.47765E-2 1.35617E-2 1.24995E-2 8.70716E-3 1.07381E-3 4.58869E-3 3.35723E-2 1.93086E-2 3.84881E-2 2.28801E-2 9.1728E-3 2.50766E-2 1.61729E-3 8.55825E-2 1.22775E-1 7.00111E-3 8.44438E-3 8.24366E-3 3.74669E-3 9.35694E-3 9.64549E-3 3.8329E-3 1.18108E-2 3.76766E-3 -9999 -9999 -9999 -9999 -9999 -9999 -9999 -9999 -9999 -9999 -9999 -9999 -9999 -9999 -9999 -9999 -9999 -9999 -9999 -9999 -9999 -9999 -9999 -9999 -9999 -9999 -9999
0E0 0E0 0E0 0E0 0E0 0E0 0E0 0E0 0E0 0E0 0E0 0E0 0E0 1.49055E-1 1.43035E-1 0E0 0E0 0E0 3.10753E-1 1.0299E-1 3.17058E-2 2.98341E-2 5.44892E-2 6.55581E-2 9.58834E-2 1.10481E-1 7.96922E-2 1.41202E-2 8.1086E-3 1.02557E-3 7.56239E-3 8.39448E-3 4.87034E-3 3.0009E-2 8.67786E-3 2.87229E-2 1.785E-2 2.91236E-2 3.68858E-2 1.18999E-2 1.20857E-1 3.26652E-2 1.71927E-2 1.74679E-2 3.50005E-3 1.10365E-2 2.43096E-3 1.74527E-2 1.88399E-2 1.91654E-3 4.08728E-3 -9999 -9999 -9999 -9999 -9999 -9999 -9999 -9999 -9999 -9999 -9999 -9999 -9999 -9999 -9999 -9999 -9999 -9999 -9999 -9999 -9999 -9999 -9999 -9999 -9999 -9999 -9999
0E0 0E0 0E0 0E0 0E0 0E0 0E0 0E0 0E0 0E0 0E0 0E0 0E0 0E0 0E0 0E0 0E0 0E0 0E0 0E0 0E0 2.36157E-1 4.04127E-1 2.30903E-1 5.91193E-2 8.65469E-2 2.71137E-2 9.90613E-3 3.27548E-3 3.70921E-3 3.83585E-3 1.39542E-2 1.77137E-2 5.47741E-2 1.51859E-2 1.88614E-2 1.39239E-2 1.50245E-2 5.25365E-3 5.90587E-2 4.88687E-2 7.50746E-2 3.97734E-2 3.35514E-2 5.67386E-3 1.30928E-2 1.14841E-2 2.61625E-2 1.16235E-2 1.00467E-2 1.0297E-2 -9999 -9999 -9999 -9999 -9999 -9999 -9999 -9999 -9999 -9999 -9999 -9999 -9999 -9999 -9999 -9999 -9999 -9999 -9999 -9999 -9999 -9999 -9999 -9999 -9999 -9999 -9999
0E0 0E0 0E0 0E0 0E0 0E0 0E0 0E0 0E0 0E0 0E0 0E0 0E0 0E0 0E0 0E0 0E0 0E0 0E0 0E0 8.23631E-2 2.22289E-2 3.10414E-2 1.19311E-1 3.98537E-2 1.89767E-2 7.86893E-2 3.20939E-3 1.56396E-3 8.49992E-3 2.44658E-2 2.51456E-2 4.71795E-2 2.7064E-2 4.92303E-2 7.99836E-3 1.19452E-2 2.37058E-3 4.84835E-2 6.85278E-2 6.28508E-2 2.08335E-2 1.38112E-2 1.03086E-2 8.74153E-3 1.3841E-2 1.73139E-2 1.48946E-2 9.1769E-3 5.50938E-2 8.23075E-2 -9999 -9999 -9999 -9999 -9999 -9999 -9999 -9999 -9999 -9999 -9999 -9999 -9999 -9999 -9999 -9999 -9999 -9999 -9999 -9999 -9999 -9999 -9999 -9999 -9999 -9999 -9999
0E0 0E0 0E0 0E0 0E0 0E0 0E0 0E0 0E0 0E0 0E0 0E0 0E0 0E0 0E0 0E0 0E0 0E0 0E0 0E0 4.77898E-2 7.51038E-3 3.4813E-2 7.01521E-2 3.78049E-2 1.35884E-2 4.69334E-2 5.2493E-2 2.3657E-2 1.81129E-2 2.35917E-2 3.61989E-2 9.23969E-3 4.914E-3 4.26596E-2 2.20119E-2 1.87425E-2 2.15953E-2 1.40513E-1 2.56522E-2 1.60496E-2 2.29269E-2 1.46272E-2 3.41456E-2 2.71522E-2 2.89093E-3 2.09887E-2 1.06118E-2 3.26478E-2 4.49805E-2 -9999 -9999 -9999 -9999 -9999 -9999 -9999 -9999 -9999 -9999 -9999 -9999 -9999 -9999 -9999 -9999 -9999 -9999 -9999 -9999 -9999 -9999 -9999 -9999 -9999 -9999 -9999 -9999
0E0 0E0 0E0 0E0 0E0 0E0 0E0 0E0 0E0 0E0 0E0 0E0 0E0 0E0 0E0 0E0 8.1516E-2 5.6396E-2 6.99659E-2 4.46249E-2 3.85921E-2 4.29701E-2 6.40776E-2 1.97808E-2 1.16397E-2 1.34291E-2 4.69769E-2 7.74242E-2 1.84904E-1 2.28576E-2 7.47762E-2 5.46301E-2 1.48692E-2 3.54972E-2 1.04657E-1 1.32344E-1 7.33359E-2 4.8794E-2 7.84496E-2 1.52457E-2 7.94839E-3 3.09963E-2 5.987E-2 5.86722E-2 2.12228E-2 1.22353E-2 8.21391E-3 7.45454E-3 1.03584E-2 1.75732E-2 -9999 -9999 -9999 -9999 -9999 -9999 -9999 -9999 -9999 -9999 -9999 -9999 -9999 -9999 -9999 -9999 -9999 -9999 -9999 -9999 -9999 -9999 -9999 -9999 -9999 -9999 -9999 -9999
0E0 0E0 0E0 0E0 0E0 0E0 0E0 0E0 0E0 0E0 0E0 0E0 0E0 0E0 2.50352E-1 8.93112E-2 2.49232E-2 2.51115E-2 6.85449E-2 2.43399E-2 1.38472E-2 1.06218E-2 4.96154E-2 9.29808E-3 2.49169E-2 7.18147E-2 6.55788E-2 1.23603E-1 1.68286E-1 8.8348E-2 1.47993E-2 2.96739E-2 1.3241E-2 1.65279E-1 1.26078E-1 6.33309E-2 2.2697E-2 1.23978E-2 1.14803E-2 1.76394E-2 1.75412E-3 3.23382E-2 2.85095E-2 3.75334E-2 2.44572E-2 2.92967E-2 1.14847E-2 1.6425E-2 1.3663E-2 2.18316E-2 -9999 -9999 -9999 -9999 -9999 -9999 -9999 -9999 -9999 -9999 -9999 -9999 -9999 -9999 -9999 -9999 -9999 -9999 -9999 -9999 -9999 -9999 -9999 -9999 -9999 -9999 -9999 -9999
0E0 0E0 0E0 0E0 0E0 0E0 0E0 0E0 0E0 0E0 0E0 0E0 0E0 1.09836E-1 9.90651E-2 4.86535E-2 2.16695E-2 1.90838E-2 4.85172E-2 2.21061E-2 4.35823E-2 2.68361E-2 1.52803E-2 1.6677E-2 2.43305E-2 4.22004E-2 9.85645E-2 3.69945E-2 0E0 5.15864E-2 1.60791E-2 5.45851E-2 5.62032E-2 6.46435E-2 9.11827E-2 6.37248E-2 1.27863E-1 1.19684E-2 2.60096E-2 2.46951E-2 3.61394E-2 2.08724E-2 1.97007E-2 1.36682E-2 1.19809E-2 6.27056E-3 1.50682E-2 2.54467E-2 1.96564E-2 -9999 -9999 -9999 -9999 -9999 -9999 -9999 -9999 -9999 -9999 -9999 -9999 -9999 -9999 -9999 -9999 -9999 -9999 -9999 -9999 -9999 -9999 -9999 -9999 -9999 -9999 -9999 -9999 -9999
0E0 0E0 0E0 0E0 0E0 0E0 0E0 0E0 0E0 0E0 0E0 0E0 0E0 0E0 2.43762E-1 6.25857E-2 1.78509E-2 3.32057E-2 3.61212E-2 5.20398E-2 5.19004E-2 8.7668E-2 7.46216E-2 2.88471E-2 4.14342E-2 7.75115E-2 1.18994E-1 3.00029E-2 1.75523E-1 7.43854E-3 7.11551E-2 1.432E-1 6.87993E-2 2.38992E-3 4.16693E-2 5.17108E-2 8.18737E-3 7.66104E-3 7.30037E-3 5.84958E-2 1.009E-1 5.68846E-3 1.8539E-2 1.26266E-2 5.84142E-3 9.05886E-3 1.34595E-2 3.07141E-2 -9999 -9999 -9999 -9999 -9999 -9999 -9999 -9999 -9999 -9999 -9999 -9999 -9999 -9999 -9999 -9999 -9999 -9999 -9999 -9999 -9999 -9999 -9999 -9999 -9999 -9999 -9999 -9999 -9999 -9999
0E0 0E0 0E0 0E0 0E0 0E0 0E0 0E0 0E0 0E0 0E0 0E0 0E0 0E0 9.14012E-2 2.80869E-2 4.606E-2 4.52575E-2 6.34809E-2 8.98784E-2 1.03227E-1 4.75857E-2 1.74767E-1 1.73801E-1 5.61261E-2 9.20864E-2 6.47593E-2 1.19809E-1 5.95419E-2 4.01709E-1 2.22181E-1 1.61761E-1 6.0326E-2 1.64335E-2 6.22541E-3 9.11376E-3 4.25822E-3 3.46512E-3 6.0598E-3 9.72709E-3 2.50539E-3 1.61866E-2 2.392E-2 4.26834E-3 2.2762E-3 4.75176E-3 7.06689E-3 -9999 -9999 -9999 -9999 -9999 -9999 -9999 -9999 -9999 -9999 -9999 -9999 -9999 -9999 -9999 -9999 -9999 -9999 -9999 -9999 -9999 -9999 -9999 -9999 -9999 -9999 -9999 -9999 -9999 -9999 -9999
0E0 0E0 0E0 0E0 0E0 0E0 0E0 0E0 0E0 0E0 0E0 0E0 0E0 3.93221E-1 7.51452E-2 3.14816E-2 5.16742E-2 4.09585E-2 2.22062E-1 0E0 1.5231E-1 1.27042E-1 1.67487E-1 1.90719E-1 2.29921E-1 6.47257E-2 6.52907E-2 4.55172E-2 3.61579E-1 3.39483E-1 8.74978E-2 8.56063E-2 5.86612E-2 7.78416E-3 3.86263E-2 3.97115E-3 2.12982E-3 3.00686E-2 2.87678E-3 4.84012E-3 1.92041E-2 6.61217E-3 6.37921E-3 6.78429E-3 3.8164E-3 3.56934E-3 -9999 -9999 -9999 -9999 -9999 -9999 -9999 -9999 -9999 -9999 -9999 -9999 -9999 -9999 -9999 -9999 -9999 -9999 -9999 -9999 -9999 -9999 -9999 -9999 -9999 -9999 -9999 -9999 -9999 -9999 -9999 -9999
0E0 0E0 0E0 0E0 0E0 0E0 0E0 0E0 0E0 0E0 0E0 0E0 0E0 0E0 2.6256E-1 7.86276E-2 3.93306E-2 3.52362E-2 3.66796E-1 0E0 1.03386E-1 1.12267E-1 1.00749E-1 1.75608E-1 5.25097E-2 1.95689E-2 6.57978E-2 2.66042E-1 3.21584E-1 2.34861E-1 1.32158E-2 1.08875E-2 8.95066E-3 1.89953E-1 8.15308E-2 2.05403E-2 2.59195E-3 1.63539E-3 4.62043E-3 5.3447E-3 3.05824E-3 3.43507E-3 9.82568E-3 3.9675E-3 -9999 -9999 -9999 -9999 -9999 -9999 -9999 -9999 -9999 -9999 -9999 -9999 -9999 -9999 -9999 -9999 -9999 -9999 -9999 -9999 -9999 -9999 -9999 -9999 -9999 -9999 -9999 -9999 -9999 -9999 -9999 -9999 -9999 -9999
0E0 0E0 0E0 0E0 0E0 0E0 0E0 0E0 0E0 0E0 0E0 0E0 0E0 0E0 2.01633E-1 7.2118E-2 1.25017E-1 8.50271E-2 0E0 0E0 1.60403E-1 7.19106E-2 4.21899E-2 3.833E-2 3.61251E-2 1.96182E-1 1.08071E-2 3.60075E-1 2.15409E-1 1.58235E-2 1.82596E-2 1.18355E-2 2.77367E-2 5.12993E-2 9.66169E-3 1.2735E-2 2.40323E-3 1.38463E-3 2.29773E-3 9.2169E-3 4.22272E-3 3.58536E-3 5.12096E-3 -9999 -9999 -9999 -9999 -9999 -9999 -9999 -9999 -9999 -9999 -9999 -9999 -9999 -9999 -9999 -9999 -9999 -9999 -9999 -9999 -9999 -9999 -9999 -9999 -9999 -9999 -9999 -9999 -9999 -9999 -9999 -9999 -9999 -9999 -9999
0E0 0E0 0E0 0E0 0E0 0E0 0E0 0E0 0E0 0E0 0E0 0E0 3.53847E-1 3.12641E-1 1.7603E-1 2.04772E-1 4.4355E-1 0E0 0E0 4.83702E-1 2.33673E-1 7.00831E-2 7.66634E-2 2.18305E-2 6.44857E-2 4.96894E-2 2.58431E-1 3.43121E-1 2.81942E-1 1.55418E-2 1.43064E-2 5.87991E-2 5.19423E-2 1.96919E-2 1.31906E-3 5.30055E-4 3.89534E-4 2.20999E-3 7.68923E-3 9.01373E-3 9.51708E-3 3.5454E-3 -9999 -9999 -9999 -9999 -9999 -9999 -9999 -9999 -9999 -9999 -9999 -9999 -9999 -9999 -9999 -9999 -9999 -9999 -9999 -9999 -9999 -9999 -9999 -9999 -9999 -9999 -9999 -9999 -9999 -9999 -9999 -9999 -9999 -9999 -9999 -9999
0E0 0E0 0E0 0E0 0E0 0E0 0E0 0E0 0E0 0E0 0E0 0E0 0E0 0E0 3.42886E-1 1.8114E-1 0E0 0E0 5.04736E-1 5.95054E-2 5.28382E-2 9.2793E-3 1.3176E-2 1.36863E-1 1.74267E-1 1.72366E-1 8.47651E-2 2.75221E-2 3.56425E-2 7.11957E-2 1.63477E-1 1.65896E-1 8.53104E-2 5.29318E-3 6.61074E-3 1.37236E-3 3.24077E-3 5.0125E-3 1.38031E-2 6.92673E-3 8.61702E-3 -9999 -9999 -9999 -9999 -9999 -9999 -9999 -9999 -9999 -9999 -9999 -9999 -9999 -9999 -9999 -9999 -9999 -9999 -9999 -9999 -9999 -9999 -9999 -9999 -9999 -9999 -9999 -9999 -9999 -9999 -9999 -9999 -9999 -9999 -9999 -9999 -9999
