ENM/Final_Models/M_1_F_q_Set_1_NE/Gustavia_santanderiensis_4_Choco.asc
ncols         367
nrows         963
xllcorner     -78.6
yllcorner     0.65
cellsize      0.00833333333333323
NODATA_value  -9999
[rows 238 to 271 of 963, columns 234 to 311 of 367]
0E0 0E0 8.75619E-1 8.03226E-1 3.27106E-1 8.36063E-2 7.43099E-2 5.29348E-1 7.58971E-1 7.10211E-1 9.61201E-1 9.99226E-1 0E0 8.85268E-1 9.46603E-1 9.85261E-1 9.98595E-1 9.99809E-1 1E0 1E0 0E0 0E0 0E0 0E0 9.99924E-1 9.99935E-1 9.99997E-1 9.00291E-1 8.60661E-1 7.06635E-1 6.03723E-1 5.76234E-1 5.8836E-1 4.10868E-1 3.42619E-1 1.84371E-1 1.46599E-1 1.7406E-1 1.7466E-1 2.69509E-1 1.30524E-1 1.00339E-1 4.86246E-3 9.74424E-4 5.32728E-3 8.86094E-3 3.7981E-3 1.47713E-3 3.62783E-3 5.62233E-3 2.46337E-3 4.31065E-4 3.30691E-5 2.15192E-6 3.02788E-6 3.38071E-4 5.54492E-5 7.91986E-5 2.10413E-5 1.30812E-4 -9999 -9999 -9999 -9999 -9999 -9999 -9999 -9999 -9999 -9999 -9999 -9999 -9999 -9999 -9999 -9999 -9999 -9999
0E0 0E0 9.95652E-1 9.24496E-1 6.42785E-1 1.79258E-1 6.40647E-2 3.62162E-1 4.49076E-1 5.73365E-1 9.98888E-1 9.99998E-1 0E0 9.14917E-1 7.86635E-1 6.67624E-1 8.14395E-1 9.99998E-1 9.9999E-1 1E0 9.89826E-1 9.92402E-1 0E0 9.90246E-1 9.99999E-1 9.99999E-1 9.99999E-1 9.42802E-1 8.74793E-1 9.49739E-1 3.83987E-1 4.48494E-1 5.32579E-1 5.80735E-1 2.67595E-1 1.43247E-1 2.07753E-1 2.73624E-1 5.18428E-2 1.89603E-1 5.05024E-2 2.31367E-2 2.33557E-3 2.7321E-3 1.35722E-2 6.92318E-3 2.89732E-3 5.25038E-3 3.26429E-3 1.36442E-3 1.59484E-3 5.3987E-4 1.10366E-5 -9999 -9999 1.84595E-5 5.18187E-6 9.32391E-7 2.3676E-5 -9999 -9999 -9999 -9999 -9999 -9999 -9999 -9999 -9999 -9999 -9999 -9999 -9999 -9999 -9999 -9999 -9999 -9999 -9999
0E0 0E0 0E0 0E0 8.34735E-1 5.94379E-1 1.24445E-1 1.07892E-1 7.39914E-1 8.55028E-1 9.79299E-1 9.69792E-1 0E0 0E0 9.89892E-1 8.59478E-1 9.84896E-1 9.94346E-1 9.98249E-1 9.9992E-1 9.98573E-1 9.97815E-1 9.95342E-1 9.98713E-1 9.97597E-1 9.99999E-1 9.99997E-1 9.90163E-1 8.12016E-1 7.68247E-1 5.35671E-1 3.33856E-1 5.16258E-1 5.85303E-1 1.87131E-1 2.1963E-1 1.77629E-1 1.65764E-1 7.95641E-2 1.14934E-1 3.79792E-2 2.08708E-2 1.55083E-2 6.75292E-3 9.92263E-3 1.45502E-2 3.14879E-3 1.73891E-3 2.90328E-3 2.58701E-4 2.71489E-5 9.52763E-6 4.45498E-6 5.22642E-6 5.99482E-7 -9999 7.34698E-6 -9999 -9999 -9999 -9999 -9999 -9999 -9999 -9999 -9999 -9999 -9999 -9999 -9999 -9999 -9999 -9999 -9999 -9999 -9999 -9999 -9999
0E0 0E0 0E0 0E0 0E0 8.53658E-1 1.54012E-1 1.14682E-1 5.6314E-1 7.50521E-1 9.27131E-1 9.97156E-1 0E0 0E0 9.99103E-1 9.27215E-1 9.97543E-1 9.48721E-1 9.93883E-1 9.98867E-1 9.94444E-1 9.78138E-1 9.96877E-1 9.99695E-1 9.99782E-1 9.99924E-1 1E0 9.93295E-1 8.95336E-1 8.5097E-1 5.73259E-1 4.34539E-1 3.23466E-1 3.20114E-1 1.8745E-1 1.38145E-1 1.0508E-1 1.10884E-1 4.81467E-2 3.08045E-2 8.84419E-3 1.2593E-2 1.6214E-2 2.01953E-2 2.60662E-2 5.16558E-3 1.57743E-3 9.78309E-4 5.09963E-3 6.1807E-4 4.6975E-4 8.65971E-5 3.27824E-6 3.04408E-7 4.42195E-7 2.1542E-5 -9999 -9999 -9999 -9999 -9999 -9999 -9999 -9999 -9999 -9999 -9999 -9999 -9999 -9999 -9999 -9999 -9999 -9999 -9999 -9999 -9999 -9999
0E0 0E0 0E0 0E0 0E0 6.95786E-1 5.65754E-2 4.93539E-2 2.74836E-1 8.32481E-1 9.71134E-1 9.99952E-1 0E0 0E0 9.83799E-1 7.43262E-1 8.17426E-1 8.42383E-1 9.99018E-1 9.98605E-1 9.89007E-1 9.71673E-1 9.99626E-1 9.99987E-1 1E0 1E0 1E0 9.95433E-1 9.966E-1 9.92403E-1 4.72603E-1 3.11804E-1 2.25951E-1 2.42825E-1 2.86465E-1 1.4857E-1 1.03584E-1 5.52078E-2 4.4968E-2 4.04147E-2 2.80942E-3 3.84939E-3 4.7091E-3 1.35133E-2 7.79536E-3 1.08952E-2 1.16291E-2 3.80582E-3 6.11341E-3 4.13152E-3 1.51385E-3 2.02669E-4 5.64508E-6 2.70655E-6 4.51158E-7 3.33112E-6 -9999 -9999 -9999 -9999 -9999 -9999 -9999 -9999 -9999 -9999 -9999 -9999 -9999 -9999 -9999 -9999 -9999 -9999 -9999 -9999 -9999 -9999
0E0 0E0 0E0 0E0 0E0 8.18896E-1 1.31364E-1 6.60587E-2 2.04401E-1 7.50027E-1 9.35596E-1 9.95641E-1 0E0 0E0 9.75796E-1 9.58342E-1 9.91553E-1 9.81678E-1 7.77283E-1 9.99924E-1 9.99677E-1 1E0 9.99999E-1 1E0 1E0 1E0 9.99987E-1 9.90591E-1 9.96029E-1 9.9897E-1 6.34247E-1 4.31821E-1 2.53925E-1 2.60088E-1 3.57826E-1 1.24339E-1 4.63153E-2 5.33723E-2 1.4263E-2 4.35224E-2 2.534E-2 5.45253E-3 3.2089E-3 2.72579E-3 3.18367E-2 4.56998E-3 2.84161E-3 4.00267E-3 4.03486E-3 4.83812E-3 2.9731E-3 5.23261E-4 4.83711E-5 4.40583E-5 9.82371E-6 -9999 -9999 -9999 -9999 -9999 -9999 -9999 -9999 -9999 -9999 -9999 -9999 -9999 -9999 -9999 -9999 -9999 -9999 -9999 -9999 -9999 -9999 -9999
0E0 0E0 0E0 0E0 0E0 9.82506E-1 2.19814E-1 2.26731E-1 5.52872E-1 9.54352E-1 9.86235E-1 0E0 0E0 0E0 9.95212E-1 9.75132E-1 9.98098E-1 9.83016E-1 8.98801E-1 9.96576E-1 9.99556E-1 9.99966E-1 9.99998E-1 1E0 1E0 9.99982E-1 9.99299E-1 9.99514E-1 9.99656E-1 9.99694E-1 5.63818E-1 4.2791E-1 5.61003E-1 5.00778E-1 2.55754E-1 1.18283E-1 7.77187E-2 9.95833E-2 6.27901E-2 4.33225E-2 3.90684E-2 2.48844E-2 2.50802E-2 6.44109E-4 2.24372E-3 1.10965E-2 7.51973E-3 1.6174E-3 1.17199E-3 1.83507E-3 2.4471E-3 9.45222E-3 3.64325E-3 6.35544E-4 1.42066E-4 1.46217E-5 -9999 -9999 -9999 -9999 -9999 -9999 -9999 -9999 -9999 -9999 -9999 -9999 -9999 -9999 -9999 -9999 -9999 -9999 -9999 -9999 -9999 -9999
0E0 0E0 0E0 0E0 0E0 7.12582E-1 2.91714E-1 1.66363E-1 4.95243E-1 9.74742E-1 9.81292E-1 0E0 0E0 0E0 9.66928E-1 9.94563E-1 8.50031E-1 7.29541E-1 9.83305E-1 8.64001E-1 9.91718E-1 1E0 1E0 1E0 1E0 9.9867E-1 9.99402E-1 9.99755E-1 9.04808E-1 9.75336E-1 7.23948E-1 1.90819E-1 2.39444E-1 8.18867E-1 2.95483E-1 2.79743E-1 2.5553E-1 2.29516E-1 9.1188E-2 7.35752E-2 1.53982E-2 1.20927E-2 8.37532E-3 5.76654E-3 5.2706E-4 4.85276E-3 1.93824E-3 2.42144E-4 5.70714E-4 8.54545E-4 1.01538E-3 4.81611E-3 1.95876E-3 4.5409E-4 1.01115E-4 9.90722E-6 1.66304E-6 -9999 -9999 -9999 -9999 -9999 -9999 -9999 -9999 -9999 -9999 -9999 -9999 -9999 -9999 -9999 -9999 -9999 -9999 -9999 -9999 -9999
0E0 0E0 0E0 0E0 0E0 4.65022E-1 6.33844E-2 2.44221E-1 7.92834E-1 9.94519E-1 0E0 0E0 0E0 0E0 9.95814E-1 9.98915E-1 9.2035E-1 9.03508E-1 8.66726E-1 9.66735E-1 9.78663E-1 9.81983E-1 9.69147E-1 9.98455E-1 9.93581E-1 9.97441E-1 9.88509E-1 9.8477E-1 8.68036E-1 9.44606E-1 6.09116E-1 1.85308E-1 6.53099E-1 7.39654E-1 2.65699E-1 2.08676E-1 1.38741E-1 2.45393E-2 6.21555E-2 1.04603E-1 5.63084E-2 2.95418E-2 3.35999E-2 4.49307E-3 3.51248E-4 2.61142E-4 6.56745E-5 2.22406E-4 6.99292E-5 3.32498E-5 1.71845E-4 5.1662E-4 1.56336E-3 1.44059E-3 2.373E-4 1.35146E-4 2.20319E-6 -9999 -9999 -9999 -9999 -9999 -9999 -9999 -9999 -9999 -9999 -9999 -9999 -9999 -9999 -9999 -9999 -9999 -9999 -9999 -9999 -9999
0E0 0E0 0E0 0E0 0E0 6.68108E-1 1.73658E-1 2.82855E-1 7.44779E-1 9.7963E-1 0E0 0E0 0E0 0E0 1E0 8.67697E-1 6.94369E-1 5.83159E-1 5.93167E-1 9.0701E-1 9.29701E-1 7.33682E-1 6.96864E-1 6.15308E-1 7.70952E-1 8.16155E-1 7.45442E-1 9.69416E-1 9.50677E-1 6.83567E-1 5.15427E-1 4.57155E-1 5.87377E-1 6.41426E-1 5.52186E-1 3.27744E-1 1.37217E-1 6.67534E-2 7.63291E-2 5.63084E-2 3.02466E-2 4.75708E-3 1.37233E-3 1.58406E-3 1.57369E-4 5.06304E-4 1.65885E-5 7.38354E-5 1.59888E-5 9.13866E-6 5.97856E-6 3.26048E-5 6.77092E-6 1.61012E-4 1.31954E-4 8.01779E-5 5.31697E-6 -9999 -9999 -9999 -9999 -9999 -9999 -9999 -9999 -9999 -9999 -9999 -9999 -9999 -9999 -9999 -9999 -9999 -9999 -9999 -9999 -9999
0E0 0E0 0E0 0E0 0E0 0E0 1.60313E-1 3.78176E-1 9.61236E-1 0E0 0E0 0E0 0E0 0E0 9.99998E-1 8.43264E-1 8.43465E-1 4.00687E-1 5.39949E-1 6.53419E-1 9.4616E-1 6.11618E-1 6.27105E-1 6.16912E-1 6.77463E-1 8.23064E-1 5.64988E-1 7.54973E-1 9.91422E-1 6.64579E-1 4.81955E-1 4.73055E-1 4.76146E-1 6.60335E-1 5.18657E-1 7.80279E-1 1.71759E-1 6.67221E-2 9.24766E-2 9.40785E-2 2.12273E-2 2.17992E-3 7.54446E-4 1.09191E-3 2.00351E-4 4.49527E-4 2.98037E-5 3.08866E-4 1.41344E-4 1.9302E-5 5.54705E-6 5.37511E-6 2.58443E-6 1.80972E-5 -9999 -9999 -9999 -9999 -9999 -9999 -9999 -9999 -9999 -9999 -9999 -9999 -9999 -9999 -9999 -9999 -9999 -9999 -9999 -9999 -9999 -9999 -9999 -9999
0E0 0E0 0E0 0E0 0E0 0E0 0E0 0E0 0E0 0E0 0E0 0E0 0E0 9.91379E-1 9.99999E-1 8.43475E-1 7.30718E-1 6.06381E-1 5.57078E-1 7.37926E-1 7.0224E-1 6.86714E-1 7.46668E-1 9.40858E-1 8.95598E-1 9.8067E-1 8.16861E-1 5.80159E-1 9.81358E-1 7.54759E-1 4.81517E-1 3.00811E-1 4.73968E-1 4.99547E-1 6.94029E-1 7.75647E-1 2.67876E-1 1.80128E-1 9.55577E-2 5.05334E-2 2.25939E-2 8.38293E-3 6.72226E-4 3.37655E-4 5.65954E-4 1.03654E-3 9.19533E-4 2.19991E-3 9.55131E-4 2.76146E-4 2.16684E-5 5.34296E-6 1.26801E-6 -9999 -9999 -9999 -9999 -9999 -9999 -9999 -9999 -9999 -9999 -9999 -9999 -9999 -9999 -9999 -9999 -9999 -9999 -9999 -9999 -9999 -9999 -9999 -9999 -9999
0E0 0E0 0E0 0E0 0E0 0E0 0E0 0E0 0E0 0E0 0E0 0E0 0E0 9.99999E-1 9.99969E-1 8.59159E-1 8.83073E-1 9.06969E-1 9.12723E-1 8.66888E-1 9.02625E-1 8.97398E-1 9.9347E-1 8.253E-1 8.8032E-1 9.80042E-1 9.51301E-1 5.4898E-1 9.50963E-1 5.50494E-1 4.10489E-1 3.44253E-1 1.13446E-1 3.71236E-1 6.5641E-1 6.42025E-1 3.99579E-1 3.13382E-1 8.08852E-2 3.55853E-2 4.19234E-2 9.41489E-3 9.33295E-4 7.73409E-4 1.55478E-3 5.44342E-3 8.40363E-3 5.75367E-3 8.85338E-4 7.57139E-4 2.06559E-4 4.25253E-5 4.70175E-5 -9999 -9999 -9999 -9999 1.68197E-5 6.53167E-6 -9999 -9999 -9999 -9999 -9999 -9999 -9999 -9999 -9999 -9999 -9999 -9999 -9999 -9999 -9999 -9999 -9999 -9999 -9999
0E0 0E0 0E0 0E0 0E0 0E0 0E0 0E0 0E0 0E0 1E0 0E0 9.92149E-1 8.35129E-1 9.99697E-1 9.7413E-1 7.50786E-1 5.87058E-1 6.43312E-1 8.287E-1 9.94947E-1 9.09271E-1 9.52597E-1 9.96678E-1 9.79624E-1 9.99998E-1 9.9143E-1 9.10736E-1 9.37558E-1 7.53631E-1 4.8499E-1 1.01336E-1 1.51439E-1 4.32191E-1 5.6927E-1 5.8481E-1 4.68079E-1 2.83081E-1 7.79844E-2 2.91919E-2 3.05028E-2 1.5957E-2 1.07698E-2 1.38567E-2 6.46241E-3 6.80291E-3 1.06247E-2 7.04371E-4 9.37341E-4 4.56024E-4 1.97286E-4 3.39805E-5 -9999 -9999 4.01329E-6 8.424E-6 8.89455E-6 3.95069E-5 4.39225E-6 -9999 -9999 -9999 -9999 -9999 -9999 -9999 -9999 -9999 -9999 -9999 -9999 -9999 -9999 -9999 -9999 -9999 -9999 -9999
0E0 0E0 0E0 0E0 0E0 0E0 0E0 0E0 0E0 0E0 0E0 0E0 9.95114E-1 9.60848E-1 9.2854E-1 9.99158E-1 9.27889E-1 7.41522E-1 8.57071E-1 7.46726E-1 8.81569E-1 9.20184E-1 9.99855E-1 1E0 1E0 9.99967E-1 9.98172E-1 9.93618E-1 8.65725E-1 5.2571E-1 5.29948E-1 1.39381E-1 2.94494E-1 3.32285E-1 8.12069E-1 5.378E-1 7.18131E-1 5.75186E-1 3.24826E-1 1.67684E-1 1.47581E-2 2.78143E-2 4.37973E-2 4.97284E-2 3.06815E-2 1.04278E-2 1.86075E-2 7.6378E-4 7.15876E-4 2.21008E-4 1.35364E-4 6.24033E-5 2.92522E-5 3.35999E-5 8.12018E-5 4.14984E-5 6.88244E-5 9.71507E-6 3.98051E-4 9.88401E-5 -9999 -9999 -9999 -9999 -9999 -9999 -9999 -9999 -9999 -9999 -9999 -9999 -9999 -9999 -9999 -9999 -9999 -9999
0E0 0E0 0E0 0E0 0E0 0E0 0E0 0E0 0E0 0E0 0E0 0E0 0E0 9.99163E-1 9.8028E-1 8.67087E-1 9.95001E-1 8.62352E-1 7.27705E-1 9.51802E-1 9.30266E-1 9.62479E-1 1E0 1E0 1E0 9.99997E-1 9.99931E-1 9.77386E-1 7.22179E-1 5.57225E-1 6.02148E-1 6.01481E-1 3.78194E-1 6.70024E-1 6.72748E-1 6.22461E-1 4.37018E-1 7.1082E-1 7.33264E-1 4.16026E-1 1.02629E-1 1.34499E-2 6.47161E-3 3.48702E-2 9.14477E-3 1.75582E-2 4.17337E-3 5.05488E-3 3.38804E-3 1.11828E-3 1.01064E-4 1.9678E-4 3.69457E-4 3.39945E-5 9.04938E-5 1.42155E-4 8.27108E-5 3.02106E-4 4.5909E-5 1.71353E-4 -9999 -9999 -9999 -9999 -9999 -9999 -9999 -9999 -9999 -9999 -9999 -9999 -9999 -9999 -9999 -9999 -9999 -9999
0E0 0E0 0E0 0E0 0E0 0E0 0E0 0E0 0E0 0E0 0E0 0E0 0E0 0E0 1E0 8.99988E-1 9.99924E-1 9.68166E-1 9.09398E-1 8.53702E-1 8.10636E-1 9.35636E-1 1E0 1E0 9.99811E-1 1E0 9.29349E-1 9.8684E-1 8.29902E-1 6.62738E-1 4.953E-1 5.62037E-1 4.72017E-1 7.37644E-1 4.49599E-1 5.6687E-1 5.34099E-1 4.25961E-1 3.09297E-1 6.81545E-1 3.50616E-1 1.16469E-1 1.55127E-2 4.43048E-2 4.75137E-2 6.88796E-3 7.59966E-3 8.90069E-3 1.72443E-3 2.88938E-4 3.98282E-4 4.09586E-4 7.77595E-4 8.37967E-4 1.98771E-4 1.14107E-4 1.54303E-4 1.73092E-4 1.75045E-4 1.18863E-5 6.85346E-5 -9999 -9999 -9999 -9999 -9999 -9999 -9999 -9999 -9999 -9999 -9999 -9999 -9999 -9999 -9999 -9999 -9999
0E0 0E0 0E0 0E0 0E0 0E0 0E0 0E0 8.02389E-1 0E0 0E0 0E0 0E0 0E0 0E0 9.471E-1 9.99978E-1 9.99848E-1 9.97654E-1 9.99013E-1 9.98026E-1 9.1082E-1 9.969E-1 9.99883E-1 1E0 1E0 9.29444E-1 9.2312E-1 9.15168E-1 6.02672E-1 5.09622E-1 5.34397E-1 5.58559E-1 6.42636E-1 5.52801E-1 3.89165E-1 5.38472E-1 5.63873E-1 2.94564E-1 4.48473E-1 3.79386E-1 1.89905E-1 2.33602E-2 1.79606E-2 8.40276E-3 2.33562E-3 6.26837E-3 2.49801E-3 4.77355E-4 5.25136E-4 3.68489E-4 3.79903E-3 1.15591E-3 1.01523E-3 2.58598E-4 1.23968E-4 2.7092E-4 9.36177E-4 5.12826E-4 1.0461E-4 1.3077E-5 -9999 -9999 -9999 -9999 -9999 -9999 -9999 -9999 -9999 -9999 -9999 -9999 -9999 -9999 -9999 -9999 -9999
0E0 0E0 0E0 0E0 0E0 0E0 0E0 8.10561E-1 9.23993E-1 9.8592E-1 9.9099E-1 0E0 0E0 0E0 0E0 0E0 1E0 1E0 9.99065E-1 9.9999E-1 9.71419E-1 9.92549E-1 9.94799E-1 9.88727E-1 9.98297E-1 9.8141E-1 8.61802E-1 9.35659E-1 8.79622E-1 6.24794E-1 7.13695E-1 5.97406E-1 3.88599E-1 4.01796E-1 3.41536E-1 3.89846E-1 4.00059E-1 3.40317E-1 2.72E-1 1.54561E-1 1.41288E-1 8.24769E-2 9.97724E-3 2.054E-3 6.82746E-4 1.45467E-3 1.1165E-3 6.1418E-4 1.03549E-3 1.42004E-3 5.62254E-4 2.56284E-4 1.1211E-4 6.42033E-5 4.61135E-4 3.09433E-4 1.78879E-4 4.84351E-4 3.09136E-4 3.74527E-4 2.38753E-4 2.27062E-4 -9999 -9999 -9999 -9999 -9999 -9999 -9999 -9999 -9999 -9999 -9999 -9999 -9999 -9999 -9999 -9999
0E0 0E0 0E0 0E0 0E0 0E0 8.08073E-1 8.49753E-1 9.68504E-1 9.99301E-1 9.99971E-1 0E0 0E0 0E0 0E0 0E0 9.99985E-1 7.9492E-1 9.52751E-1 9.2233E-1 7.40386E-1 9.94873E-1 9.94452E-1 9.99912E-1 9.46168E-1 7.13334E-1 7.27547E-1 8.55004E-1 7.85634E-1 4.78557E-1 3.59808E-1 3.58293E-1 2.75278E-1 2.11345E-1 5.71282E-1 5.46798E-1 3.0403E-1 1.88402E-1 1.83046E-1 1.95112E-1 2.10803E-1 8.64455E-2 1.50139E-2 1.64503E-2 2.38803E-2 1.25368E-2 1.56104E-1 4.91517E-3 1.4009E-2 1.52014E-2 4.84462E-3 1.45377E-3 1.25039E-3 1.60667E-4 5.32303E-4 1.39464E-4 5.47014E-4 7.72786E-4 9.05686E-4 1.0068E-3 6.23626E-4 2.48909E-4 3.48268E-4 -9999 -9999 -9999 -9999 -9999 -9999 -9999 -9999 -9999 -9999 -9999 -9999 -9999 -9999 -9999
0E0 0E0 0E0 0E0 0E0 0E0 0E0 3.86913E-1 2.73949E-1 9.69273E-1 9.9999E-1 0E0 0E0 0E0 0E0 0E0 9.99555E-1 8.13654E-1 6.58074E-1 8.14851E-1 6.81403E-1 6.02818E-1 9.22707E-1 8.81822E-1 4.56639E-1 3.23582E-1 3.43976E-1 5.85724E-1 6.51426E-1 4.77003E-1 6.16352E-1 6.13733E-1 5.25118E-1 3.87365E-1 4.61553E-1 4.9246E-1 2.4316E-1 3.73863E-1 3.59899E-1 3.59575E-1 3.61668E-1 1.86804E-1 2.64966E-2 3.58155E-2 3.81884E-2 3.0226E-2 2.91586E-2 3.89778E-2 3.6345E-2 2.67767E-2 5.45811E-3 1.21982E-3 1.14456E-4 2.27678E-4 8.25272E-4 4.83277E-4 1.15845E-3 5.21636E-4 7.10406E-4 2.00451E-4 1.62848E-4 1.69356E-4 1.11657E-4 1.8173E-4 -9999 -9999 -9999 -9999 -9999 -9999 -9999 -9999 -9999 -9999 -9999 -9999 -9999 -9999
0E0 0E0 0E0 0E0 0E0 0E0 0E0 0E0 8.029E-1 9.45313E-1 9.93894E-1 9.98137E-1 0E0 0E0 0E0 0E0 9.98109E-1 1E0 9.56607E-1 8.7883E-1 7.45727E-1 3.30991E-1 6.26908E-1 4.27873E-1 2.93378E-1 3.6609E-1 2.91816E-1 4.5338E-1 6.93442E-1 5.77981E-1 5.72429E-1 7.09054E-1 8.76496E-1 5.313E-1 2.66031E-1 4.10731E-1 2.16976E-1 9.38145E-1 9.64717E-1 5.93207E-1 2.17045E-1 2.5102E-1 2.41075E-2 1.52518E-2 5.42866E-3 6.63033E-3 2.30876E-2 2.21814E-2 5.54099E-3 1.23819E-3 5.37973E-4 1.11582E-4 8.17041E-4 1.13427E-3 4.61881E-4 1.04016E-3 1.04345E-3 8.08966E-4 8.38174E-4 1.26844E-3 5.3264E-4 5.64713E-4 7.19509E-4 2.49996E-4 5.41203E-4 -9999 -9999 -9999 -9999 -9999 -9999 -9999 -9999 -9999 -9999 -9999 -9999 -9999
0E0 0E0 0E0 0E0 0E0 0E0 0E0 0E0 9.93198E-1 9.81907E-1 9.86996E-1 9.94728E-1 9.94231E-1 0E0 0E0 0E0 0E0 9.99862E-1 9.92668E-1 9.90229E-1 8.71237E-1 5.10688E-1 4.41621E-1 6.66339E-1 3.52173E-1 2.77955E-1 4.42912E-1 4.99727E-1 8.50779E-1 8.54801E-1 8.32254E-1 7.2926E-1 8.52688E-1 6.49025E-1 4.69618E-1 2.46249E-1 2.78238E-1 8.53641E-1 9.99928E-1 7.38058E-1 1.99831E-1 2.02303E-1 3.06826E-2 1.72242E-2 3.10975E-3 2.54735E-3 6.91168E-3 7.17167E-3 5.83458E-3 7.78321E-3 1.79434E-4 6.80251E-5 4.70252E-6 7.62833E-4 6.48445E-4 5.99665E-3 2.22569E-3 8.75447E-4 5.77899E-4 -9999 -9999 -9999 3.0342E-4 4.59811E-4 6.11792E-4 -9999 -9999 -9999 -9999 -9999 -9999 -9999 -9999 -9999 -9999 -9999 -9999 -9999
0E0 0E0 0E0 0E0 0E0 0E0 0E0 0E0 0E0 9.57501E-1 9.91218E-1 9.94041E-1 9.90966E-1 9.99995E-1 0E0 0E0 0E0 9.91482E-1 9.98128E-1 9.80179E-1 9.69985E-1 6.04715E-1 4.25264E-1 4.48219E-1 3.03264E-1 3.6283E-1 3.61871E-1 6.4178E-1 6.98273E-1 7.8529E-1 7.24106E-1 8.84248E-1 9.79902E-1 8.69251E-1 9.91761E-1 2.7762E-1 3.3768E-1 6.9903E-1 0E0 0E0 2.51236E-1 1.25718E-1 5.63866E-2 5.21353E-2 3.01487E-2 1.4245E-2 1.70136E-2 4.62912E-3 1.19478E-3 1.7554E-2 3.19878E-4 5.07983E-5 4.62877E-5 6.02268E-4 1.54585E-3 1.69333E-3 1.5853E-3 2.11329E-3 1.26725E-3 8.17238E-4 -9999 -9999 -9999 4.11262E-6 1.291E-5 -9999 -9999 -9999 -9999 -9999 -9999 -9999 -9999 -9999 -9999 -9999 -9999 -9999
0E0 0E0 0E0 0E0 0E0 0E0 0E0 0E0 0E0 9.98291E-1 5.59432E-1 9.22742E-1 9.49839E-1 9.95967E-1 0E0 0E0 0E0 0E0 9.97129E-1 6.86596E-1 8.17892E-1 8.14301E-1 5.97046E-1 5.60324E-1 3.31102E-1 6.49844E-1 4.17402E-1 5.73979E-1 9.58193E-1 9.67564E-1 8.62337E-1 9.36494E-1 9.97895E-1 1E0 9.49892E-1 3.89367E-1 3.86715E-1 7.89169E-1 0E0 9.78072E-1 3.40295E-1 1.49485E-1 4.83218E-2 1.32719E-2 1.83119E-2 1.80011E-2 1.43037E-2 3.2115E-3 3.24857E-3 9.63923E-4 7.14676E-4 7.96657E-5 4.31509E-4 1.73955E-3 3.26509E-3 2.17634E-3 1.92407E-3 1.33506E-3 1.06396E-3 3.65689E-4 -9999 -9999 -9999 -9999 -9999 4.2495E-6 -9999 -9999 -9999 -9999 -9999 -9999 -9999 -9999 -9999 -9999 -9999 -9999
0E0 0E0 0E0 0E0 0E0 0E0 0E0 0E0 0E0 0E0 3.44937E-1 9.71064E-1 7.3859E-1 9.66619E-1 0E0 0E0 0E0 0E0 9.28782E-1 9.09687E-1 8.3974E-1 5.00477E-1 6.07601E-1 3.61257E-1 3.03505E-1 3.22304E-1 3.52747E-1 8.80794E-1 9.26415E-1 9.8643E-1 9.98276E-1 9.99993E-1 9.97858E-1 0E0 9.11574E-1 7.90528E-1 3.84873E-1 2.10838E-1 9.92048E-1 9.50619E-1 5.74694E-1 4.16805E-1 1.11645E-1 7.48506E-3 8.75901E-3 7.41592E-3 5.1287E-3 1.30941E-4 4.5569E-4 2.87412E-4 9.61889E-4 1.68185E-3 2.99101E-4 2.44803E-4 2.23447E-3 3.49952E-3 1.55215E-3 9.6633E-4 5.38756E-4 5.20174E-4 4.03386E-5 -9999 -9999 -9999 -9999 -9999 -9999 -9999 -9999 -9999 -9999 -9999 -9999 -9999 -9999 -9999 -9999 -9999
0E0 0E0 0E0 0E0 0E0 0E0 0E0 0E0 0E0 0E0 8.67155E-1 9.39142E-1 7.91533E-1 9.96618E-1 0E0 0E0 0E0 0E0 9.0476E-1 9.92863E-1 9.96838E-1 8.55588E-1 4.1739E-1 3.45228E-1 3.67208E-1 4.22044E-1 6.64844E-1 9.19352E-1 8.7666E-1 9.51858E-1 9.68404E-1 9.73115E-1 9.76443E-1 9.61988E-1 9.01802E-1 7.55586E-1 5.21306E-1 3.47743E-1 4.49215E-1 6.43506E-1 9.00569E-1 2.96647E-1 1.37933E-1 6.13959E-3 1.24053E-2 1.08554E-2 1.70788E-3 1.0087E-1 1.60541E-1 1.30301E-4 3.79442E-3 5.68949E-4 1.7769E-3 7.42756E-4 2.72205E-3 2.0339E-3 2.2957E-3 3.91707E-3 4.32549E-3 -9999 -9999 -9999 -9999 -9999 -9999 -9999 -9999 -9999 -9999 -9999 -9999 -9999 -9999 -9999 -9999 -9999 -9999 -9999
0E0 0E0 0E0 0E0 0E0 0E0 0E0 0E0 0E0 9.57245E-1 4.64631E-1 8.44458E-1 9.98129E-1 0E0 0E0 0E0 0E0 0E0 0E0 9.93493E-1 9.87831E-1 8.32171E-1 4.53361E-1 5.29486E-1 5.73198E-1 7.58049E-1 7.83255E-1 9.20966E-1 9.91882E-1 9.97509E-1 9.99974E-1 1E0 9.97689E-1 9.88203E-1 9.93006E-1 8.42816E-1 7.49029E-1 4.04326E-1 4.14469E-1 6.23633E-1 0E0 8.18798E-1 8.89864E-1 5.7819E-3 4.03036E-3 5.31629E-3 3.93573E-3 4.82207E-3 5.07592E-2 3.35937E-4 8.17771E-3 2.42158E-3 7.78024E-3 1.91382E-3 1.87134E-3 2.59572E-3 2.58351E-3 2.55511E-3 3.65436E-3 -9999 -9999 -9999 -9999 -9999 -9999 -9999 -9999 -9999 -9999 -9999 -9999 -9999 -9999 -9999 -9999 -9999 -9999 -9999
0E0 0E0 0E0 0E0 0E0 0E0 0E0 0E0 0E0 6.39107E-1 2.96753E-1 7.65401E-1 9.11691E-1 9.9981E-1 9.99941E-1 0E0 0E0 0E0 0E0 9.75572E-1 9.96761E-1 9.71454E-1 6.17915E-1 6.87619E-1 8.5409E-1 9.67129E-1 8.98666E-1 9.47921E-1 9.26099E-1 9.99976E-1 9.99996E-1 9.99997E-1 9.97235E-1 0E0 0E0 0E0 0E0 4.97933E-1 7.05634E-1 6.06493E-1 9.92984E-1 6.54961E-1 7.14978E-1 1.47024E-1 1.47495E-3 4.11292E-3 4.65463E-3 6.44418E-3 8.60002E-4 6.80867E-4 8.0611E-3 2.6424E-3 2.78567E-3 2.51727E-3 5.63834E-3 1.60565E-3 9.16337E-3 2.26211E-3 -9999 -9999 -9999 -9999 -9999 -9999 -9999 -9999 -9999 -9999 -9999 -9999 -9999 -9999 -9999 -9999 -9999 -9999 -9999 -9999
0E0 0E0 0E0 0E0 0E0 0E0 0E0 0E0 0E0 5.97369E-1 1.67917E-1 4.82526E-1 9.75516E-1 9.96782E-1 9.91591E-1 9.96502E-1 0E0 0E0 0E0 8.93866E-1 9.97326E-1 9.32194E-1 4.73564E-1 6.48122E-1 8.57697E-1 8.5711E-1 7.46928E-1 8.72264E-1 9.53455E-1 9.98055E-1 1E0 9.99941E-1 9.90396E-1 0E0 0E0 0E0 0E0 7.22839E-1 7.23007E-1 8.29228E-1 5.38471E-1 0E0 7.23702E-1 6.05052E-1 3.61074E-1 8.79815E-2 1.91131E-3 6.29077E-3 2.75629E-3 3.58741E-4 6.20881E-3 5.33935E-3 2.29432E-3 4.44401E-3 6.60588E-3 4.4053E-3 1.22587E-3 7.72166E-4 7.02298E-4 -9999 -9999 -9999 -9999 -9999 -9999 -9999 -9999 -9999 -9999 -9999 -9999 -9999 -9999 -9999 -9999 -9999 -9999 -9999
0E0 0E0 0E0 0E0 0E0 0E0 0E0 0E0 0E0 7.24551E-1 3.91211E-1 5.19645E-1 6.83444E-1 5.91607E-1 7.63799E-1 7.68321E-1 9.82447E-1 0E0 0E0 9.59064E-1 9.99787E-1 9.69434E-1 9.8865E-1 8.93682E-1 7.41012E-1 9.76894E-1 9.78412E-1 9.64078E-1 9.08388E-1 9.97728E-1 1E0 9.99873E-1 9.99956E-1 0E0 0E0 0E0 0E0 0E0 9.36554E-1 8.85802E-1 9.55458E-1 8.61901E-1 3.90415E-1 1.09767E-1 4.76193E-1 3.20591E-1 2.18552E-1 2.33054E-2 1.40523E-2 2.05192E-3 1.70082E-2 1.17315E-2 9.17546E-3 3.50608E-3 1.0494E-2 2.04253E-3 5.08398E-3 6.23739E-4 1.91738E-4 -9999 -9999 -9999 1.15847E-5 -9999 -9999 -9999 -9999 -9999 -9999 -9999 -9999 -9999 -9999 -9999 -9999 -9999 -9999 -9999
0E0 0E0 0E0 0E0 0E0 0E0 0E0 0E0 0E0 8.94414E-1 6.19925E-1 7.08195E-1 5.40875E-1 3.23014E-1 4.88098E-1 7.15939E-1 9.97049E-1 0E0 0E0 0E0 9.97244E-1 9.99801E-1 9.99316E-1 9.28932E-1 9.26056E-1 9.9667E-1 9.98583E-1 9.92757E-1 8.87017E-1 9.63304E-1 9.99999E-1 9.99785E-1 0E0 0E0 0E0 0E0 0E0 0E0 0E0 0E0 0E0 0E0 8.00545E-1 7.59915E-1 8.1148E-1 4.605E-1 4.5029E-1 5.40923E-1 3.67936E-2 1.32831E-2 2.13512E-2 7.2539E-3 5.36356E-3 5.54299E-3 2.68691E-3 3.32144E-3 5.79061E-4 1.05653E-3 3.4113E-4 -9999 -9999 -9999 1.04813E-5 -9999 -9999 -9999 -9999 -9999 -9999 -9999 -9999 -9999 -9999 -9999 -9999 -9999 -9999 -9999
0E0 0E0 0E0 0E0 0E0 0E0 0E0 0E0 0E0 7.67621E-1 3.02021E-1 1.42102E-1 3.88408E-1 3.91654E-1 4.338E-1 5.64605E-1 0E0 0E0 0E0 0E0 9.88739E-1 9.95603E-1 9.97222E-1 9.7102E-1 9.50226E-1 9.89087E-1 9.69807E-1 9.0537E-1 9.53194E-1 1E0 1E0 0E0 0E0 0E0 0E0 0E0 0E0 0E0 0E0 0E0 0E0 0E0 7.91044E-1 0E0 9.30619E-1 5.87119E-1 5.64048E-1 5.38536E-1 5.11929E-2 2.00951E-2 5.23081E-2 4.42654E-2 2.87742E-2 1.45149E-2 9.58836E-3 2.99502E-3 8.24524E-4 6.5431E-4 4.1876E-4 1.71712E-4 4.88355E-4 9.51108E-5 -9999 -9999 -9999 -9999 -9999 -9999 -9999 -9999 -9999 -9999 -9999 -9999 -9999 -9999 -9999 -9999
0E0 0E0 0E0 0E0 0E0 0E0 0E0 0E0 0E0 3.02689E-1 3.67642E-2 1.74017E-1 3.40119E-1 3.2214E-1 6.62367E-1 4.22024E-1 0E0 0E0 0E0 9.95264E-1 9.16595E-1 9.70127E-1 9.85218E-1 9.929E-1 9.98535E-1 9.99721E-1 9.71651E-1 9.4855E-1 7.94473E-1 9.9918E-1 9.98001E-1 1E0 0E0 0E0 0E0 0E0 0E0 0E0 2.31631E-1 4.68277E-1 4.87234E-1 0E0 0E0 0E0 1.30065E-1 4.06005E-2 5.90563E-2 8.05472E-2 1.19712E-2 6.62463E-2 6.96147E-2 6.37855E-2 2.50898E-2 9.03341E-3 6.19097E-3 7.69828E-3 3.34858E-3 6.51672E-4 8.15836E-4 1.39592E-4 1.72055E-4 2.55209E-5 8.11394E-6 -9999 -9999 -9999 -9999 -9999 -9999 -9999 -9999 -9999 -9999 -9999 -9999 -9999 -9999 -9999
