ENM/Final_Models/M_1_F_q_Set_1_NE/Gustavia_santanderiensis_0_Choco_novel.asc
ncols         367
nrows         963
xllcorner     -78.6
yllcorner     0.65
cellsize      0.00833333333333323
NODATA_value  -9999
[rows 510 to 539 of 963, columns 136 to 203 of 367]
-9999 -9999 -9999 -9999 -9999 -9999 -9999 -9999 -9999 -9999 -9999 -9999 -9999 -9999 -9999 -9999 -9999 -9999 -9999 -9999 -9.11267E1 -7.94446E1 -8.16151E1 -8.2796E1 -7.86467E1 -8.88889E1 -8.62432E1 -8.83838E1 -9.78296E1 -9.80211E1 -1.01515E2 -9.73508E1 -1.0303E2 -9.09091E1 -8.65624E1 -8.67539E1 -9.24992E1 -9.24242E1 -1.05556E2 -9.12544E1 -8.24449E1 -8.3211E1 -9.49495E1 -9.62336E1 -9.4542E1 -9.57549E1 -8.92435E1 -1.08081E2 -8.59879E1 -8.95946E1 -8.7105E1 -8.9899E1 -1.08081E2 -8.97542E1 -9.01692E1 -7.72727E1 -9999 -7.92929E1 -7.37374E1 -7.47475E1 -7.47475E1 -7.42424E1 -1.00505E2 -1.0101E2 -7.42424E1 -7.42424E1 -7.6572E1 -7.64443E1
-9999 -9999 -9999 -9999 -9999 -9999 -9999 -9999 -9999 -9999 -9999 -9999 -9999 -9999 -9999 -9999 -9999 -9999 -9999 -9999 -8.72965E1 -8.2796E1 -8.40089E1 -8.20619E1 -7.40824E1 -7.81679E1 -8.83838E1 -1.0101E2 -8.93712E1 -8.98819E1 -9.86275E1 -9.82126E1 -9.89899E1 -9.09091E1 -1.03535E2 -1.0404E2 -8.79987E1 -8.06256E1 -9.19192E1 -8.71369E1 -1.05556E2 -8.70412E1 -9.63294E1 -1.08081E2 -9.43505E1 -8.94031E1 -1.08081E2 -8.58602E1 -8.60198E1 -8.34663E1 -8.21258E1 -8.68816E1 -8.54133E1 -9.64646E1 -9.69697E1 -9999 -7.34759E1 -6.8752E1 -7.21034E1 -7.47846E1 -7.6572E1 -7.37374E1 -9.24242E1 -9.94949E1 -1E2 -1.09596E2 -1.09596E2 -1.09091E2
-9999 -9999 -9999 -9999 -9999 -9999 -9999 -9999 -9999 -9999 -9999 -9999 -9999 -9999 -9999 -9999 -9999 -9999 -9999 -9999 -9.74747E1 -6.56878E1 -6.61028E1 -9.44444E1 -6.83051E1 -7.7753E1 -7.80402E1 -7.56463E1 -8.88924E1 -8.9899E1 -8.92755E1 -9.18608E1 -9.0404E1 -9.89899E1 -8.70093E1 -8.66901E1 -8.13916E1 -9.19192E1 -9.19192E1 -9.19192E1 -8.45835E1 -9.01053E1 -9.48292E1 -1.07576E2 -1.04545E2 -9.6872E1 -9.2595E1 -8.91478E1 -9.11586E1 -8.87967E1 -8.54453E1 -8.9899E1 -1.11111E2 -1.07576E2 -1.08081E2 -7.52525E1 -6.76349E1 -6.64539E1 -8.16789E1 -7.99872E1 -1.08081E2 -9.24242E1 -1.12121E2 -9.84848E1 -1.13131E2 -1.12626E2 -1.08586E2 -1.09091E2
-9999 -9999 -9999 -9999 -9999 -9999 -9999 -9999 -9999 -9999 -9999 -9999 -9999 -9999 -9999 -9999 -9999 -9999 -9999 -9999 -8.64666E1 -6.92308E1 -6.65816E1 -8.63636E1 -6.94542E1 -8.45516E1 -7.74976E1 -8.14874E1 -9.55953E1 -9.35206E1 -8.92116E1 -9.31376E1 -8.27003E1 -9.0404E1 -8.83179E1 -8.25088E1 -7.7753E1 -9.19192E1 -8.91797E1 -8.9467E1 -9.17651E1 -8.68816E1 -1.07071E2 -1.07071E2 -1.03535E2 -9.26269E1 -9.5308E1 -8.66262E1 -8.60517E1 -9.44444E1 -1.04545E2 -8.33706E1 -8.9899E1 -9.02968E1 -8.60198E1 -7.77778E1 -6.73476E1 -7.90935E1 -8.06575E1 -7.71784E1 -7.74018E1 -9.19192E1 -9.69697E1 -9.74747E1 -9.74747E1 -1.11111E2 -1.07576E2 -1.08586E2
-9999 -9999 -9999 -9999 -9999 -9999 -9999 -9999 -9999 -9999 -9999 -9999 -9999 -9999 -9999 -9999 -9999 -9999 -9999 -9999 -8.08171E1 -8.63636E1 -6.31344E1 -7.17842E1 -9.49495E1 -8.73737E1 -8.73737E1 -7.6955E1 -9.34248E1 -9.83722E1 -9.85637E1 -9.2563E1 -8.88889E1 -8.9899E1 -8.52218E1 -8.58921E1 -7.8902E1 -1.0101E2 -9.24242E1 -9.36802E1 -9.34248E1 -9.1797E1 -1.06061E2 -9.46696E1 -9.30418E1 -9.20204E1 -9.05841E1 -9.01053E1 -8.91478E1 -1.08081E2 -8.57006E1 -8.52857E1 -1.10606E2 -9.40313E1 -9.44462E1 -8.42962E1 -6.6007E1 -6.43473E1 -7.47475E1 -7.94446E1 -1.07071E2 -1.07576E2 -1.07576E2 -1.07071E2 -1.08081E2 -1.11616E2 -1.08081E2 -1.07576E2
-9999 -9999 -9999 -9999 -9999 -9999 -9999 -9999 -9999 -9999 -9999 -9999 -9999 -9999 -9999 -9999 -9999 -9999 -9999 -9999 -9.44444E1 -7.12121E1 -6.62624E1 -5.54101E1 -6.41558E1 -6.49537E1 -8.73737E1 -8.83838E1 -9.47654E1 -9.39036E1 -9.77338E1 -9.69678E1 -1.0202E2 -8.05618E1 -8.3211E1 -7.65401E1 -8.44239E1 -9.0404E1 -8.76157E1 -9.0404E1 -8.9899E1 -1.04545E2 -8.80626E1 -9.18289E1 -8.91159E1 -8.57325E1 -9.01372E1 -9.5691E1 -8.76476E1 -8.73923E1 -8.69773E1 -8.74242E1 -9.09352E1 -8.93393E1 -8.80945E1 -7.7721E1 -5.98149E1 -5E1 -7.27273E1 -1.09596E2 -1.07071E2 -7.93169E1 -7.77849E1 -7.98276E1 -7.49122E1 -9.64646E1 -9.59596E1 -9.14141E1
-9999 -9999 -9999 -9999 -9999 -9999 -9999 -9999 -9999 -9999 -9999 -9999 -9999 -9999 -9999 -9999 -9999 -9999 -9999 -9999 -5.70699E1 -6.16162E1 -6.0166E1 -6.05171E1 -7.16566E1 -8.30514E1 -8.5158E1 -8.203E1 -1.0101E2 -1.0101E2 -1.01515E2 -9.97127E1 -1.01515E2 -9.84848E1 -7.75934E1 -7.99872E1 -8.28918E1 -7.92531E1 -9.0404E1 -8.13278E1 -8.93939E1 -9.0999E1 -1.03535E2 -9.04883E1 -9.03926E1 -7.78806E1 -8.4392E1 -9.28822E1 -8.2796E1 -8.436E1 -7.97638E1 -8.69454E1 -9.4159E1 -8.70093E1 -8.82222E1 -7.87743E1 -6.18576E1 -4.5324E1 -5.46122E1 -7.47475E1 -7.47475E1 -7.42424E1 -7.42424E1 -6.86869E1 -7.32323E1 -7.37374E1 -9.54545E1 -7.9798E1
-9999 -9999 -9999 -9999 -9999 -9999 -9999 -9999 -9999 -9999 -9999 -9999 -9999 -9999 -9999 -9999 -9999 -9999 -9999 -9999 -7.17172E1 -6.50814E1 -6.67092E1 -6.66454E1 -8.68687E1 -9.02968E1 -9.89899E1 -8.30195E1 -9.24242E1 -1.00505E2 -8.8286E1 -8.00511E1 -9.1797E1 -7.76253E1 -7.5774E1 -6.16023E1 -7.50718E1 -7.09224E1 -8.25088E1 -8.93939E1 -8.9435E1 -1.0202E2 -1.0202E2 -1.0404E2 -1.01515E2 -8.44877E1 -8.91159E1 -8.6339E1 -8.7871E1 -8.436E1 -7.97957E1 -8.55729E1 -8.9467E1 -8.27641E1 -6.33897E1 -6.81455E1 -5.63039E1 -4.67284E1 -6.12512E1 -7.0202E1 -7.45292E1 -6.82732E1 -5.63996E1 -6.91919E1 -6.53367E1 -6.61616E1 -8.73737E1 -7.66996E1
-9999 -9999 -9999 -9999 -9999 -9999 -9999 -9999 -9999 -9999 -9999 -9999 -9999 -9999 -9999 -9999 -9999 -9999 -9999 -9999 -8.23232E1 -9.34343E1 -8.88605E1 -8.6722E1 -9.84848E1 -9.64646E1 -7.88382E1 -8.18704E1 -8.98181E1 -9.68082E1 -9.75742E1 -8.84456E1 -9.28503E1 -7.87105E1 -8.78788E1 -8.00191E1 -8.00511E1 -8.06575E1 -8.06894E1 -8.07214E1 -8.88889E1 -1.0202E2 -1.0202E2 -8.41047E1 -8.2828E1 -8.58283E1 -8.58283E1 -8.33387E1 -9.09091E1 -8.83838E1 -8.87967E1 -8.41366E1 -8.61475E1 -7.5391E1 -6.39323E1 -9999 -5.70061E1 -5.94638E1 -7.52525E1 -7.57576E1 -7.84232E1 -7.83594E1 -7.75295E1 -7.37374E1 -6.81818E1 -7.22222E1 -7.22222E1 -7.65401E1
-9999 -9999 -9999 -9999 -9999 -9999 -9999 -9999 -9999 -9999 -9999 -9999 -9999 -9999 -9999 -9999 -9999 -9999 -9999 -9999 -8.23232E1 -9.34343E1 -8.50303E1 -9.27545E1 -9.09671E1 -8.88605E1 -9.09091E1 -8.58586E1 -7.96361E1 -8.7903E1 -9.65528E1 -9.36163E1 -7.72423E1 -8.19662E1 -7.69869E1 -8.78788E1 -8.88889E1 -9.84848E1 -8.47111E1 -8.09767E1 -1E2 -1.0303E2 -1.03535E2 -9.18928E1 -8.92435E1 -9.42547E1 -9.24242E1 -7.87105E1 -8.43434E1 -8.7903E1 -8.56049E1 -8.55091E1 -9.06799E1 -7.29971E1 -6.3677E1 -6.02936E1 -5.33035E1 -6.09639E1 -7.14331E1 -7.89339E1 -8.3977E1 -8.25407E1 -7.6189E1 -7.11459E1 -6.46465E1 -7.17172E1 -7.32323E1 -7.32323E1
-9999 -9999 -9999 -9999 -9999 -9999 -9999 -9999 -9999 -9999 -9999 -9999 -9999 -9999 -9999 -9999 -9999 -9999 -9999 -9999 -8.46154E1 -9.23396E1 -8.33387E1 -8.42004E1 -8.88924E1 -8.70412E1 -8.6722E1 -8.64347E1 -7.81041E1 -8.09129E1 -8.0466E1 -9.12225E1 -8.67858E1 -8.60836E1 -8.01787E1 -8.78788E1 -8.88889E1 -9.79798E1 -7.89659E1 -8.83838E1 -1E2 -1.00505E2 -1.0101E2 -1.03535E2 -8.50303E1 -1.0101E2 -8.93393E1 -8.7488E1 -8.78788E1 -8.93939E1 -8.49346E1 -8.57325E1 -8.49346E1 -6.35812E1 -9999 -6.39323E1 -5.51229E1 -6.09958E1 -6.59432E1 -7.28695E1 -7.86786E1 -7.83913E1 -7.37374E1 -7.41781E1 -7.22222E1 -7.27273E1 -7.27273E1 -8.68687E1
-9999 -9999 -9999 -9999 -9999 -9999 -9999 -9999 -9999 -9999 -9999 -9999 -9999 -9999 -9999 -9999 -9999 -9999 -9999 -9999 -9.54545E1 -9.54545E1 -9.59596E1 -9.59596E1 -8.53495E1 -8.83498E1 -8.49984E1 -9.13182E1 -9.4159E1 -7.65401E1 -7.59974E1 -8.58586E1 -8.80306E1 -9.92978E1 -9.11267E1 -8.85413E1 -8.78788E1 -8.01468E1 -8.83838E1 -8.94989E1 -9.17651E1 -9.36163E1 -9.22119E1 -1.01515E2 -9.44444E1 -8.93074E1 -8.64986E1 -8.43434E1 -8.83838E1 -8.9899E1 -8.42004E1 -8.18066E1 -9999 -6.73157E1 -6.67731E1 -6.37408E1 -6.51771E1 -8.49984E1 -8.09129E1 -7.98596E1 -7.98596E1 -7.73699E1 -7.25503E1 -7.43696E1 -7.59655E1 -7.3029E1 -7.34759E1 -8.63636E1
-9999 -9999 -9999 -9999 -9999 -9999 -9999 -9999 -9999 -9999 -9999 -9999 -9999 -9999 -9999 -9999 -9999 -9999 -9999 -9999 -8.80945E1 -8.22853E1 -8.60517E1 -8.64666E1 -8.30514E1 -9.44444E1 -8.68497E1 -6.96457E1 -7.34121E1 -7.85828E1 -7.70508E1 -8.02745E1 -7.54229E1 -8.56049E1 -1.00383E2 -9.57868E1 -9.55634E1 -9.15417E1 -8.74561E1 -9.11586E1 -9.54038E1 -8.95946E1 -8.73604E1 -8.33387E1 -8.99138E1 -9.04883E1 -8.21258E1 -8.4392E1 -8.90839E1 -8.9899E1 -8.86371E1 -8.56687E1 -6.96138E1 -5.81232E1 -6.54006E1 -7.24864E1 -7.60613E1 -8.02107E1 -8.09767E1 -8.85094E1 -8.70412E1 -8.56687E1 -6.96776E1 -7.22311E1 -7.24545E1 -7.97E1 -8.63636E1 -7.17172E1
-9999 -9999 -9999 -9999 -9999 -9999 -9999 -9999 -9999 -9999 -9999 -9999 -9999 -9999 -9999 -9999 -9999 -9999 -9999 -9999 -8.79987E1 -7.78487E1 -8.23232E1 -8.2413E1 -8.85732E1 -9.19247E1 -8.07214E1 -7.17842E1 -7.3827E1 -7.82317E1 -8.21577E1 -8.36898E1 -8.45835E1 -8.42004E1 -9.16055E1 -9.15097E1 -9.2978E1 -8.72327E1 -1.0101E2 -1.00505E2 -1.01053E2 -9.37759E1 -9.17651E1 -9.0616E1 -9.31376E1 -9.45739E1 -8.99777E1 -8.26684E1 -8.51261E1 -8.52218E1 -8.64986E1 -8.57006E1 -9999 -9999 -6.90073E1 -6.85286E1 -7.67635E1 -7.76253E1 -7.72423E1 -8.42962E1 -8.53495E1 -8.13597E1 -7.53272E1 -8.64347E1 -8.60517E1 -8.1264E1 -8.10405E1 -7.12121E1
-9999 -9999 -9999 -9999 -9999 -9999 -9999 -9999 -9999 -9999 -9999 -9999 -9999 -9999 -9999 -9999 -9999 -9999 -9999 -9999 -8.08081E1 -7.63485E1 -8.18182E1 -9.09091E1 -8.76795E1 -8.17747E1 -7.97E1 -8.60836E1 -7.73699E1 -8.91478E1 -8.95308E1 -8.33706E1 -8.8669E1 -8.60198E1 -8.81264E1 -8.97861E1 -8.68177E1 -8.8286E1 -1.00505E2 -8.68687E1 -9.65528E1 -1.00505E2 -1E2 -9.34343E1 -9.34887E1 -9.51484E1 -9.23715E1 -8.69135E1 -8.76157E1 -8.19662E1 -8.08171E1 -8.19023E1 -7.94127E1 -7.27273E1 -7.27273E1 -7.17172E1 -6.80179E1 -7.21673E1 -8.05298E1 -8.05298E1 -8.49346E1 -8.82222E1 -7.67635E1 -8.42004E1 -8.28918E1 -8.41366E1 -8.40728E1 -7.53591E1
-9999 -9999 -9999 -9999 -9999 -9999 -9999 -9999 -9999 -9999 -9999 -9999 -9999 -9999 -9999 -9999 -9999 -9999 -9999 -6.89754E1 -8.01149E1 -7.14012E1 -7.51676E1 -8.31152E1 -8.62751E1 -9.24992E1 -8.48707E1 -8.85413E1 -8.203E1 -9.69039E1 -8.57964E1 -9.04883E1 -1.02075E2 -8.92435E1 -9.73827E1 -9.80849E1 -9.11906E1 -8.45835E1 -9.47973E1 -9.18289E1 -9.94949E1 -9.47973E1 -9.26588E1 -9.2563E1 -8.77434E1 -9.48612E1 -9.17012E1 -8.95946E1 -9.34887E1 -9.1797E1 -8.80626E1 -8.37217E1 -9999 -1.05556E2 -7.22222E1 -6.69965E1 -6.39323E1 -6.65177E1 -7.21992E1 -7.89659E1 -8.58602E1 -8.9467E1 -8.6339E1 -7.73061E1 -7.05713E1 -8.62751E1 -7.6572E1 -7.2646E1
-9999 -9999 -9999 -9999 -9999 -9999 -9999 -9999 -9999 -9999 -9999 -9999 -9999 -9999 -9999 -9999 -9999 -9999 -9999 -6.95819E1 -7.1082E1 -7.75295E1 -8.39132E1 -8.5541E1 -8.97542E1 -7.86786E1 -8.57006E1 -8.57964E1 -7.78487E1 -8.76476E1 -9.23077E1 -9.51803E1 -1.03351E2 -9.08714E1 -8.95308E1 -9.85637E1 -7.86147E1 -9.31376E1 -9.22758E1 -9.37759E1 -1E2 -9.48292E1 -9.17651E1 -8.84137E1 -8.46473E1 -9.12225E1 -9.10948E1 -8.3977E1 -8.64986E1 -8.23492E1 -8.60517E1 -8.45196E1 -7.88063E1 -8.0849E1 -9999 -6.89435E1 -6.57836E1 -6.31663E1 -6.84967E1 -7.53272E1 -8.41685E1 -8.81264E1 -8.23492E1 -6.83371E1 -7.08267E1 -8.32748E1 -7.25822E1 -7.71146E1
-9999 -9999 -9999 -9999 -9999 -9999 -9999 -9999 -9999 -9999 -9999 -9999 -9999 -9999 -9999 -9999 -9999 -9999 -9999 -7.28695E1 -7.79125E1 -7.74338E1 -7.9285E1 -7.52633E1 -8.55091E1 -8.30833E1 -7.4593E1 -8.55091E1 -8.95627E1 -8.52857E1 -8.68497E1 -9.11586E1 -8.63636E1 -9.24992E1 -9.29461E1 -9.87871E1 -9.61698E1 -8.93393E1 -8.97223E1 -9.08714E1 -9.68401E1 -9.05203E1 -9.01692E1 -9.20523E1 -8.84456E1 -9.01372E1 -9.64251E1 -8.59879E1 -8.33706E1 -8.96266E1 -9.38398E1 -8.9467E1 -9.16055E1 -1.02525E2 -8.34344E1 -9999 -6.7571E1 -6.15065E1 -7.48484E1 -7.80083E1 -7.86147E1 -8.6339E1 -8.65305E1 -8.13597E1 -8.0849E1 -8.02745E1 -7.20396E1 -7.71146E1
-9999 -9999 -9999 -9999 -9999 -9999 -9999 -9999 -9999 -9999 -9999 -9999 -9999 -9999 -9999 -9999 -9999 -9999 -9999 -6.38685E1 -7.71146E1 -7.8136E1 -7.02202E1 -7.36993E1 -7.26779E1 -8.95946E1 -9.01692E1 -8.66582E1 -9.88509E1 -8.48069E1 -8.34982E1 -8.19981E1 -9.41909E1 -1.01341E2 -1.03192E2 -9.89786E1 -9.04883E1 -9.27545E1 -9.07756E1 -9.4542E1 -9.60741E1 -9.09033E1 -9.15097E1 -9.0616E1 -9.27226E1 -8.99457E1 -9.14459E1 -9.40313E1 -8.88889E1 -8.20619E1 -9.03607E1 -9.01692E1 -8.95627E1 -8.95946E1 -7.94765E1 -7.89978E1 -7.60613E1 -6.88477E1 -7.54548E1 -8.14874E1 -8.44877E1 -8.79987E1 -8.53814E1 -8.33387E1 -7.92531E1 -7.79445E1 -7.02202E1 -8.1264E1
-9999 -9999 -9999 -9999 -9999 -9999 -9999 -9999 -9999 -9999 -9999 -9999 -9999 -9999 -9999 -9999 -9999 -9999 -9999 -9.19192E1 -9.39394E1 -7.9798E1 -7.87879E1 -7.24545E1 -8.08081E1 -9.03607E1 -9.3361E1 -9.34567E1 -9.36163E1 -8.3594E1 -8.39132E1 -8.10086E1 -8.31791E1 -9.74465E1 -9.67124E1 -1.01149E2 -9.30418E1 -9.28822E1 -9.72231E1 -9.46058E1 -1.01787E2 -9.87552E1 -9.35844E1 -9.18928E1 -8.90201E1 -8.85413E1 -8.57964E1 -9.05841E1 -8.19662E1 -8.22215E1 -8.47431E1 -8.96904E1 -7.75614E1 -8.1232E1 -9999 -7.421E1 -7.31567E1 -7.39228E1 -6.86243E1 -7.47846E1 -7.5008E1 -7.66677E1 -7.74018E1 -7.97319E1 -8.3594E1 -7.04117E1 -7.15927E1 -7.60294E1
-9999 -9999 -9999 -9999 -9999 -9999 -9999 -9999 -9999 -9999 -9999 -9999 -9999 -9999 -9999 -9999 -9999 -9999 -9999 -7.05394E1 -9.34343E1 -7.99553E1 -9.44444E1 -9.49495E1 -9.54545E1 -9.59596E1 -1.015E2 -1.01468E2 -1.00032E2 -9.30418E1 -8.44558E1 -8.38174E1 -8.69135E1 -8.23492E1 -9.58825E1 -1.02873E2 -9.89467E1 -9.73827E1 -9.60741E1 -9.32014E1 -9.93297E1 -1.00505E2 -9.43185E1 -9.15736E1 -8.80626E1 -8.90201E1 -8.52218E1 -7.68273E1 -7.49441E1 -8.39451E1 -8.41047E1 -8.71369E1 -8.30514E1 -9999 -7.03798E1 -6.22726E1 -6.18896E1 -6.18257E1 -7.44654E1 -7.02202E1 -7.22222E1 -7.64124E1 -7.44973E1 -7.47526E1 -7.83913E1 -7.6955E1 -7.50399E1 -7.23588E1
-9999 -9999 -9999 -9999 -9999 -9999 -9999 -9999 -9999 -9999 -9999 -9999 -9999 -9999 -9999 -9999 -9999 -9999 -9999 -6.58474E1 -9.34343E1 -9.44444E1 -9.49495E1 -9.54545E1 -9.59596E1 -9.64646E1 -9.69697E1 -9.87552E1 -9.98723E1 -9.74146E1 -9.03607E1 -9.08075E1 -9.0233E1 -9.53718E1 -9.52123E1 -9.48612E1 -9.98404E1 -9.77019E1 -9.91382E1 -9.43185E1 -9.26907E1 -9.31695E1 -8.96904E1 -8.85094E1 -9.19247E1 -8.95946E1 -8.30195E1 -7.71784E1 -7.66358E1 -7.67316E1 -8.41685E1 -8.21896E1 -8.26684E1 -9999 -7.57576E1 -5.07182E1 -5.08139E1 -5.31759E1 -6.39004E1 -7.05713E1 -6.59751E1 -7.46569E1 -7.44973E1 -7.27099E1 -7.32525E1 -7.84552E1 -7.68592E1 -7.26779E1
-9999 -9999 -9999 -9999 -9999 -9999 -9999 -9999 -9999 -9999 -9999 -9999 -9999 -9999 -9999 -9999 -9999 -9999 -9999 -6.92308E1 -9.39394E1 -8.46154E1 -9.06479E1 -9.54545E1 -9.64646E1 -9.68082E1 -9.69697E1 -9.97766E1 -9.86914E1 -9.80849E1 -8.25088E1 -7.48803E1 -7.57576E1 -9.80849E1 -9.73508E1 -9.34248E1 -1.02266E2 -9.90744E1 -9.16055E1 -9.42228E1 -9.40951E1 -9.30737E1 -9.28184E1 -9.26907E1 -9.2563E1 -8.88924E1 -8.03703E1 -7.82828E1 -7.27737E1 -8.39451E1 -8.45516E1 -8.41047E1 -8.62751E1 -7.3827E1 -7.57576E1 -5.87616E1 -5.9368E1 -5.26333E1 -6.20492E1 -6.96776E1 -7.57421E1 -7.27737E1 -7.03798E1 -7.41143E1 -7.84871E1 -7.99553E1 -8.06256E1 -6.81818E1
-9999 -9999 -9999 -9999 -9999 -9999 -9999 -9999 -9999 -9999 -9999 -9999 -9999 -9999 -9999 -9999 -9999 -9999 -9.34343E1 -8.15512E1 -9999 -9999 -9.63294E1 -9999 -9.21481E1 -9.63294E1 -9.74785E1 -9.73189E1 -1.00702E2 -9.89148E1 -8.27003E1 -8.08081E1 -7.16566E1 -8.35302E1 -9.69358E1 -9.55314E1 -9.26269E1 -9.57868E1 -9.82445E1 -9.54676E1 -9.62017E1 -9.47973E1 -9.07118E1 -9.4159E1 -9.47016E1 -9999 -9.24242E1 -7.65401E1 -8.7488E1 -8.68497E1 -8.01149E1 -7.70827E1 -7.66996E1 -7.52525E1 -7.52525E1 -9999 -5.44845E1 -5.18672E1 -6.25279E1 -7.25503E1 -7.41462E1 -7.67954E1 -7.70508E1 -7.96361E1 -7.7753E1 -8.1647E1 -8.436E1 -7.27418E1
-9999 -9999 -9999 -9999 -9999 -9999 -9999 -9999 -9999 -9999 -9999 -9999 -9999 -9999 -7.5774E1 -9999 -9999 -9999 -9999 -9999 -9999 -9999 -9999 -9.85956E1 -9.49569E1 -9.1414E1 -9.53399E1 -1.05203E2 -1.02043E2 -1.02043E2 -8.3977E1 -7.65081E1 -8.22853E1 -9.44444E1 -9.69697E1 -9.11267E1 -9.74785E1 -8.92116E1 -9.29461E1 -9.71912E1 -9.38398E1 -9.80849E1 -9.8819E1 -9.24992E1 -9.7638E1 -9.22758E1 -8.10086E1 -7.01245E1 -8.11363E1 -8.57964E1 -8.31152E1 -7.62626E1 -7.74018E1 -9999 -7.47475E1 -6.24322E1 -5.69103E1 -6.15065E1 -6.2496E1 -6.82413E1 -6.98372E1 -7.18161E1 -7.41462E1 -7.20715E1 -8.07852E1 -8.21896E1 -7.39228E1 -7.42424E1
-9999 -9999 -9999 -9999 -9999 -9999 -9999 -9999 -9999 -9999 -9999 -9999 -9999 -9999 -9999 -9999 -9999 -9999 -9999 -9999 -9999 -9999 -9.76061E1 -9.78615E1 -9.02968E1 -9.43185E1 -9.94574E1 -1.01883E2 -9.6106E1 -9.27545E1 -9.63932E1 -9.18928E1 -8.50942E1 -8.51261E1 -9.61698E1 -9.88509E1 -9.83402E1 -9.5308E1 -9.00096E1 -9.7638E1 -1.00064E2 -9.63932E1 -9.97127E1 -9999 -9.0616E1 -9.74465E1 -9999 -7.92929E1 -9999 -9999 -7.67677E1 -7.57576E1 -7.57576E1 -7.52525E1 -7.47475E1 -7.04117E1 -6.80498E1 -6.53367E1 -5.69741E1 -7.23588E1 -8.27003E1 -7.51995E1 -7.13693E1 -6.91919E1 -7.16885E1 -7.35078E1 -7.00926E1 -7.37374E1
-9999 -9999 -9999 -9999 -9999 -9999 -9999 -9999 -9999 -9999 -9999 -9999 -9999 -9999 -9999 -9999 -9999 -9999 -9999 -9999 -9999 -9999 -8.81902E1 -8.35621E1 -7.67954E1 -8.07533E1 -9.13821E1 -9.98404E1 -9.32333E1 -9.34887E1 -8.37536E1 -9.2563E1 -9.14459E1 -9.29293E1 -9.68082E1 -1.00447E2 -9.96489E1 -9.38717E1 -9.68401E1 -9.69678E1 -9.83083E1 -1.01468E2 -1.0083E2 -9.98085E1 -1.0067E2 -8.64666E1 -8.92435E1 -9.06799E1 -9.59596E1 -8.18182E1 -9999 -9999 -5.86977E1 -5.47718E1 -7.42424E1 -7.32323E1 -7.9798E1 -6.71717E1 -7.31567E1 -7.75295E1 -8.0849E1 -8.03064E1 -8.0466E1 -7.66358E1 -7.43696E1 -7.60294E1 -8.28283E1 -6.82094E1
-9999 -9999 -9999 -9999 -9999 -9999 -9999 -9999 -9999 -9999 -9999 -9999 -9999 -9999 -9999 -9999 -9999 -9999 -9999 -9999 -9999 -9999 -8.33706E1 -8.41047E1 -7.89978E1 -8.4392E1 -1.00479E2 -1.02522E2 -1.00255E2 -9.83722E1 -9.09033E1 -8.9435E1 -9.218E1 -9.18928E1 -9.83083E1 -1.00894E2 -9.34567E1 -9.39674E1 -9.16374E1 -9.96808E1 -1.02458E2 -9.93297E1 -1.00319E2 -9.83402E1 -1.00064E2 -9.64646E1 -9.5308E1 -9.44444E1 -9.11906E1 -8.73923E1 -8.30833E1 -8.13597E1 -6.76768E1 -7.07071E1 -7.0202E1 -7.27273E1 -7.9798E1 -6.85605E1 -7.12121E1 -7.21034E1 -7.24545E1 -6.81775E1 -7.51995E1 -7.5774E1 -5.93361E1 -6.85605E1 -7.90616E1 -6.99649E1
-9999 -9999 -9999 -9999 -9999 -9999 -9999 -9999 -9999 -9999 -9999 -9999 -7.08586E1 -7.3029E1 -8.27322E1 -9.08075E1 -9999 -9999 -9999 -9999 -9999 -9999 -9.50527E1 -7.67635E1 -7.08905E1 -7.59336E1 -8.82222E1 -1.01628E2 -1.0383E2 -9.44143E1 -8.99777E1 -8.98819E1 -9.29141E1 -9.02011E1 -9.36163E1 -1.00734E2 -8.81583E1 -8.92435E1 -9.20523E1 -1.04117E2 -9.54995E1 -9.39994E1 -9.23715E1 -9.42547E1 -9999 -9.47016E1 -9.39994E1 -9.20843E1 -8.89563E1 -9.08395E1 -9.1797E1 -9.0404E1 -9999 -9999 -7.0202E1 -7.0202E1 -4.8037E1 -4.5707E1 -7.19119E1 -7.0202E1 -6.53687E1 -6.86869E1 -6.77306E1 -6.35493E1 -5.63677E1 -6.40281E1 -6.33578E1 -6.23683E1
-9999 -9999 -9999 -9999 -9999 -9999 -9999 -9999 -9999 -9999 -9999 -7.35717E1 -6.54644E1 -6.70922E1 -7.52952E1 -8.39132E1 -8.80626E1 -9999 -9999 -9999 -9999 -9999 -9.37759E1 -7.18161E1 -7.19438E1 -7.10182E1 -9999 -1.04117E2 -1.07788E2 -9.95212E1 -9.82445E1 -9.86275E1 -9.89467E1 -9.46058E1 -9999 -9.91701E1 -9.44462E1 -9999 -9.66805E1 -9999 -9999 -9.46058E1 -8.80306E1 -8.76795E1 -9999 -9.13501E1 -9.26907E1 -9.59464E1 -9.15736E1 -8.66582E1 -9.08714E1 -8.93939E1 -8.91797E1 -9999 -7.22222E1 -7.22222E1 -7.17172E1 -7.07071E1 -7.94765E1 -7.55506E1 -6.91919E1 -6.56566E1 -6.92627E1 -7.01564E1 -6.66667E1 -6.14427E1 -6.3677E1 -5.69741E1
