ENM/Final_Models/M_1_F_q_Set_1_NE/Gustavia_santanderiensis_5_Choco.asc
ncols         367
nrows         963
xllcorner     -78.6
yllcorner     0.65
cellsize      0.00833333333333323
NODATA_value  -9999
[rows 884 to 917 of 963, columns 0 to 77 of 367]
-9999 -9999 -9999 -9999 -9999 -9999 -9999 -9999 -9999 -9999 -9999 -9999 -9999 -9999 -9999 -9999 -9999 -9999 -9999 -9999 -9999 1.3273E-1 2.67991E-1 1.48764E-1 2.37861E-1 2.08024E-1 0E0 0E0 0E0 0E0 0E0 0E0 0E0 0E0 0E0 0E0 0E0 0E0 0E0 0E0 0E0 0E0 0E0 0E0 0E0 0E0 0E0 0E0 0E0 0E0 0E0 0E0 0E0 0E0 0E0 0E0 0E0 0E0 1.78234E-2 1.4351E-2 1.87141E-2 9.41123E-3 2.48251E-3 9.44576E-4 3.87617E-4 2.61448E-4 1.99915E-4 7.36422E-4 2.20257E-3 6.16868E-3 9.23396E-3 1.7861E-2 1.58845E-2 7.21987E-3 2.4491E-3 4.63171E-4 2.93578E-4 9.69703E-4
-9999 -9999 -9999 -9999 -9999 -9999 -9999 -9999 -9999 -9999 -9999 -9999 -9999 -9999 -9999 -9999 -9999 -9999 -9999 -9999 -9999 1.42831E-1 1.26493E-1 0E0 0E0 0E0 0E0 0E0 0E0 0E0 0E0 0E0 0E0 0E0 0E0 0E0 0E0 0E0 0E0 0E0 0E0 0E0 0E0 0E0 0E0 0E0 0E0 0E0 0E0 0E0 0E0 0E0 0E0 0E0 0E0 4.42345E-2 0E0 0E0 1.14787E-2 2.50986E-2 3.38207E-2 2.03097E-2 5.94043E-3 2.46552E-3 1.0766E-3 5.27945E-4 5.8988E-4 5.02459E-4 9.20634E-4 1.31763E-3 3.11966E-3 1.93427E-2 2.10611E-2 1.0599E-2 4.82252E-3 1.27595E-3 6.44274E-5 8.86133E-5
-9999 -9999 -9999 -9999 -9999 -9999 -9999 -9999 -9999 -9999 -9999 -9999 -9999 -9999 -9999 -9999 -9999 -9999 -9999 -9999 -9999 1.98613E-1 0E0 0E0 1.37819E-1 0E0 0E0 0E0 0E0 0E0 0E0 0E0 0E0 0E0 0E0 0E0 0E0 0E0 0E0 0E0 0E0 0E0 0E0 0E0 0E0 0E0 0E0 0E0 0E0 0E0 0E0 0E0 1.86805E-2 0E0 1.11751E-2 3.60573E-2 0E0 0E0 2.15655E-2 3.95664E-2 4.32161E-2 2.34234E-2 8.86792E-3 3.45663E-3 2.11178E-3 1.21047E-3 8.58621E-4 3.77462E-4 5.92475E-4 1.29363E-3 2.60932E-3 1.59856E-2 1.49715E-2 5.01523E-3 1.80566E-3 1.6163E-3 6.15954E-5 2.81375E-5
-9999 -9999 -9999 -9999 -9999 -9999 -9999 -9999 -9999 -9999 -9999 -9999 -9999 -9999 -9999 -9999 -9999 -9999 -9999 -9999 -9999 -9999 1.46109E-1 7.85866E-2 0E0 0E0 0E0 1.4616E-1 0E0 0E0 0E0 0E0 0E0 0E0 0E0 0E0 0E0 0E0 0E0 0E0 0E0 0E0 0E0 0E0 0E0 0E0 0E0 0E0 0E0 0E0 0E0 0E0 1.68291E-2 1.27955E-2 1.89569E-2 1.25854E-2 0E0 0E0 4.07708E-2 6.03732E-2 4.79412E-2 2.33346E-2 7.4438E-3 1.89022E-3 1.50333E-3 1.39278E-3 6.62372E-4 5.40752E-4 5.73116E-4 9.21823E-4 1.88263E-3 6.14916E-3 4.81627E-3 7.58108E-3 3.64691E-4 3.08722E-4 1.83607E-4 3.29105E-5
-9999 -9999 -9999 -9999 -9999 -9999 -9999 -9999 -9999 -9999 -9999 -9999 -9999 -9999 -9999 -9999 -9999 -9999 -9999 -9999 -9999 -9999 1.49587E-1 0E0 0E0 0E0 0E0 0E0 0E0 0E0 0E0 0E0 0E0 0E0 0E0 0E0 0E0 0E0 0E0 0E0 0E0 0E0 0E0 0E0 0E0 0E0 0E0 0E0 0E0 0E0 0E0 0E0 1.58768E-2 1.42357E-2 1.38694E-2 1.14233E-2 2.22607E-2 2.72768E-2 4.34644E-2 5.14119E-2 4.82578E-2 2.71566E-2 8.45615E-3 4.19898E-3 2.37236E-3 2.0051E-3 1.62891E-3 1.09702E-3 4.22629E-4 4.79121E-4 1.06286E-3 2.25634E-3 1.67784E-3 1.03946E-3 4.76128E-4 2.80214E-5 1.43872E-5 1.05219E-5
-9999 -9999 -9999 -9999 -9999 -9999 -9999 -9999 -9999 -9999 -9999 -9999 -9999 -9999 -9999 -9999 -9999 -9999 -9999 -9999 -9999 -9999 7.96281E-2 0E0 0E0 1.1835E-1 1.12059E-1 0E0 6.79456E-2 9.97728E-2 0E0 0E0 0E0 0E0 0E0 0E0 0E0 0E0 0E0 0E0 0E0 0E0 0E0 0E0 0E0 0E0 0E0 0E0 0E0 0E0 0E0 0E0 1.23758E-2 1.24547E-2 8.8612E-3 5.29156E-3 5.72296E-3 2.4997E-2 5.03078E-2 4.80944E-2 4.84956E-2 3.92816E-2 2.31314E-2 1.06172E-2 4.60952E-3 2.56903E-3 1.79142E-3 1.25967E-3 6.5363E-4 3.4476E-4 5.03261E-4 4.50946E-4 1.17621E-3 4.49536E-4 1.51507E-4 1.96902E-5 1.311E-5 7.95744E-6
-9999 -9999 -9999 -9999 -9999 -9999 -9999 -9999 -9999 -9999 -9999 -9999 -9999 -9999 -9999 -9999 -9999 -9999 -9999 -9999 -9999 -9999 8.30482E-2 1.1866E-1 1.13958E-1 0E0 1.14893E-1 8.75436E-2 6.71088E-2 1.15485E-1 0E0 0E0 0E0 2.1152E-1 0E0 0E0 0E0 0E0 0E0 0E0 0E0 0E0 0E0 0E0 0E0 0E0 0E0 0E0 0E0 0E0 0E0 0E0 1.50669E-2 1.47277E-2 4.80974E-3 9.66102E-4 2.11522E-3 1.32308E-2 4.51178E-2 6.22884E-2 6.76968E-2 2.78598E-2 1.75701E-2 9.58822E-3 4.25502E-3 2.52927E-3 1.27921E-3 1.16827E-3 1.29586E-3 1.2862E-3 2.12965E-3 2.79973E-3 1.96776E-3 1.88663E-3 2.67983E-4 2.47289E-5 1.09793E-5 1.23318E-5
-9999 -9999 -9999 -9999 -9999 -9999 -9999 -9999 -9999 -9999 -9999 -9999 -9999 -9999 -9999 -9999 -9999 -9999 -9999 -9999 -9999 -9999 -9999 7.59158E-2 9.38523E-2 1.10803E-1 0E0 1.06381E-1 1.26219E-1 8.7673E-2 0E0 0E0 0E0 7.87564E-2 0E0 0E0 0E0 0E0 0E0 0E0 0E0 0E0 0E0 0E0 0E0 0E0 0E0 0E0 0E0 0E0 1.02177E-2 9.05144E-3 1.02047E-2 1.09447E-2 3.80528E-3 3.77337E-4 2.28854E-3 1.89063E-2 6.05583E-2 4.24115E-2 5.9324E-2 2.77357E-2 5.67935E-3 3.16165E-3 2.70273E-3 2.32578E-3 5.11302E-3 3.5238E-3 2.75716E-3 8.19285E-3 3.73192E-3 1.3215E-3 1.37144E-3 1.15128E-3 1.92424E-4 7.14879E-5 1.05348E-5 3.51457E-6
-9999 -9999 -9999 -9999 -9999 -9999 -9999 -9999 -9999 -9999 -9999 -9999 -9999 -9999 -9999 -9999 -9999 -9999 -9999 -9999 -9999 -9999 -9999 8.17474E-2 8.16941E-2 6.53471E-2 8.77736E-2 6.29767E-2 8.47775E-2 1.04614E-1 9.57523E-2 9.49301E-2 0E0 0E0 1.42074E-1 1.23346E-1 0E0 0E0 0E0 0E0 0E0 0E0 0E0 0E0 0E0 0E0 0E0 0E0 0E0 0E0 8.77964E-3 1.17133E-2 8.8257E-3 6.91441E-3 2.88602E-3 7.29409E-4 2.40086E-3 1.33899E-2 5.60419E-2 6.89647E-2 6.47577E-2 3.91594E-2 6.53748E-3 3.5499E-3 5.90056E-3 2.69035E-2 2.0866E-2 1.30055E-2 2.3916E-2 2.06323E-2 7.11392E-3 1.19866E-3 2.68679E-4 5.85246E-4 2.81362E-4 5.29777E-5 6.62325E-6 2.29412E-6
-9999 -9999 -9999 -9999 -9999 -9999 -9999 -9999 -9999 -9999 -9999 -9999 -9999 -9999 -9999 -9999 -9999 -9999 -9999 -9999 -9999 -9999 -9999 -9999 -9999 5.79036E-2 7.69721E-2 0E0 0E0 0E0 0E0 5.96667E-2 8.97472E-2 1.28652E-1 0E0 8.9921E-2 7.56514E-2 6.19239E-2 6.67493E-2 1.43557E-1 0E0 0E0 0E0 1.3931E-1 0E0 0E0 0E0 0E0 0E0 0E0 0E0 9.05543E-3 1.08276E-2 9.29958E-3 4.14628E-3 1.42655E-3 5.54626E-3 1.73309E-2 4.77305E-2 4.98878E-2 6.65442E-2 3.71062E-2 1.44814E-2 9.38763E-3 2.33834E-2 4.81571E-2 3.46497E-2 2.40616E-2 3.4607E-2 2.80444E-2 2.61817E-2 7.03435E-3 3.45759E-3 1.87183E-3 6.91231E-4 3.00649E-4 1.69374E-5 1.01214E-5
-9999 -9999 -9999 -9999 -9999 -9999 -9999 -9999 -9999 -9999 -9999 -9999 -9999 -9999 -9999 -9999 -9999 -9999 -9999 -9999 -9999 7.91331E-2 9.85255E-2 -9999 -9999 5.45143E-2 4.44808E-2 5.66698E-2 5.08502E-2 5.21011E-2 6.43849E-2 5.31181E-2 6.81413E-2 0E0 9.77709E-2 5.79357E-2 4.3873E-2 4.03138E-2 4.224E-2 7.27646E-2 0E0 5.37723E-2 1.27732E-1 0E0 0E0 0E0 0E0 0E0 0E0 0E0 0E0 8.85007E-3 9.50573E-3 6.95925E-3 4.38489E-3 1.69306E-3 6.9726E-3 2.40963E-2 4.12099E-2 4.71965E-2 7.17743E-2 6.85868E-2 2.93891E-2 6.07445E-2 6.38865E-2 4.06223E-2 4.12212E-2 4.06717E-2 2.54155E-2 9.73213E-3 2.84459E-2 2.33263E-2 1.56747E-2 4.32305E-3 2.83898E-3 1.65248E-3 2.75155E-4 6.14421E-5
-9999 -9999 -9999 -9999 -9999 -9999 -9999 -9999 -9999 -9999 -9999 -9999 -9999 -9999 -9999 -9999 -9999 -9999 -9999 -9999 -9999 7.41197E-2 5.03361E-2 5.50048E-2 6.46693E-2 4.6646E-2 4.44538E-2 3.74309E-2 4.18039E-2 3.79219E-2 3.60815E-2 4.05039E-2 0E0 0E0 0E0 0E0 3.93491E-2 0E0 0E0 0E0 0E0 0E0 6.42892E-2 1.5079E-1 6.26156E-2 0E0 0E0 0E0 0E0 0E0 0E0 1.27351E-2 1.32651E-2 7.77958E-3 1.82542E-3 8.3667E-4 3.73107E-3 2.21098E-2 4.7067E-2 6.1994E-2 5.37253E-2 3.75038E-2 4.61036E-2 2.82647E-2 2.07336E-2 3.1918E-2 2.30165E-2 2.30929E-2 2.39273E-3 6.50672E-4 5.61526E-3 1.24497E-2 1.98925E-2 1.00033E-2 2.88173E-3 7.14596E-4 4.95704E-4 1.32426E-4
-9999 -9999 -9999 -9999 -9999 -9999 -9999 -9999 -9999 -9999 -9999 -9999 -9999 -9999 -9999 -9999 -9999 -9999 -9999 -9999 7.3111E-2 6.11476E-2 4.95055E-2 3.86369E-2 3.92798E-2 3.59195E-2 2.86169E-2 3.03688E-2 2.63246E-2 2.81028E-2 2.5241E-2 2.8798E-2 0E0 3.6923E-2 0E0 5.51183E-2 0E0 0E0 0E0 0E0 0E0 0E0 6.90439E-2 0E0 0E0 0E0 1.51314E-2 1.63136E-2 1.60885E-2 1.21409E-2 1.07933E-2 1.12582E-2 9.97359E-3 7.27486E-3 3.37394E-3 7.204E-4 2.78548E-3 2.53993E-2 3.70107E-2 5.38792E-2 3.34408E-2 1.87451E-2 7.46615E-3 2.89679E-3 7.68075E-4 2.51891E-3 3.45533E-3 1.55926E-2 2.68555E-3 2.71643E-4 1.85636E-3 8.37763E-3 6.40983E-3 1.2143E-2 1.12888E-2 4.47142E-3 1.31194E-3 1.00102E-4
-9999 -9999 -9999 -9999 -9999 -9999 -9999 -9999 -9999 -9999 -9999 -9999 -9999 -9999 -9999 -9999 -9999 -9999 -9999 -9999 1.08382E-1 9.27491E-2 5.51094E-2 4.67894E-2 2.5707E-2 2.6621E-2 2.11179E-2 2.01443E-2 1.79546E-2 1.49203E-2 2.58831E-2 2.46607E-2 4.66109E-2 5.13666E-2 0E0 4.76959E-2 0E0 0E0 0E0 0E0 0E0 0E0 0E0 8.0791E-2 0E0 0E0 1.60671E-2 1.27863E-2 1.11295E-2 1.58774E-2 1.43433E-2 1.17541E-2 9.66981E-3 4.91583E-3 1.32041E-3 4.19281E-4 2.36931E-3 2.07157E-2 2.45624E-2 4.79893E-2 5.00793E-2 2.48869E-2 5.77499E-3 8.85088E-4 3.42211E-4 2.09978E-4 1.07499E-3 3.37319E-3 2.32858E-3 1.22332E-4 3.75305E-4 5.58594E-3 2.94756E-3 4.57E-3 7.28124E-3 4.31646E-3 3.68165E-4 5.79678E-4
-9999 -9999 -9999 -9999 -9999 -9999 -9999 -9999 -9999 -9999 -9999 -9999 -9999 -9999 -9999 -9999 -9999 -9999 -9999 -9999 1.84287E-1 1.2588E-1 5.9622E-2 3.77437E-2 2.3472E-2 2.13745E-2 1.64965E-2 2.17958E-2 1.72094E-2 2.40172E-2 4.19832E-2 3.48311E-2 5.82306E-2 3.47469E-2 0E0 5.61169E-2 3.31915E-2 0E0 0E0 0E0 0E0 0E0 9.879E-2 0E0 0E0 0E0 1.44039E-2 1.08926E-2 8.72154E-3 9.58294E-3 8.55498E-3 9.07781E-3 7.3788E-3 2.7679E-3 9.94245E-4 2.62699E-4 1.02378E-3 4.73476E-3 1.76676E-2 3.67947E-2 4.7414E-2 2.87655E-2 8.13242E-3 8.79985E-4 4.87979E-4 6.57943E-5 1.15496E-4 7.10583E-4 1.58622E-3 9.78747E-5 2.91795E-4 1.4584E-3 7.33881E-4 1.35818E-3 2.23379E-3 1.03266E-2 4.2066E-3 4.28075E-3
-9999 -9999 -9999 -9999 -9999 -9999 -9999 -9999 -9999 -9999 -9999 -9999 -9999 -9999 -9999 -9999 -9999 -9999 -9999 -9999 -9999 1.26515E-1 8.81303E-2 5.92255E-2 3.01497E-2 1.80353E-2 3.02392E-2 5.64575E-2 4.68802E-2 6.60364E-2 4.79214E-2 5.78698E-2 5.16945E-2 3.46908E-2 2.59731E-2 4.52722E-2 0E0 0E0 0E0 0E0 0E0 0E0 9.1831E-2 0E0 0E0 0E0 1.42338E-2 1.7172E-2 1.03952E-2 6.47672E-3 5.87107E-3 5.3732E-3 3.59391E-3 1.81841E-3 5.82404E-4 2.18472E-4 5.12658E-4 1.86409E-3 4.83038E-3 1.44546E-2 3.28086E-2 4.74509E-2 1.82226E-2 1.96665E-3 7.68463E-4 1.97365E-4 9.37006E-5 4.80449E-4 6.97304E-4 1.44796E-4 5.02876E-5 2.38264E-4 1.37489E-4 1.75439E-4 9.35187E-4 5.25126E-3 6.75905E-3 2.67327E-3
-9999 -9999 -9999 -9999 -9999 -9999 -9999 -9999 -9999 -9999 -9999 -9999 -9999 -9999 -9999 -9999 -9999 -9999 -9999 -9999 -9999 1.05431E-1 9.59967E-2 6.43643E-2 3.26325E-2 3.09749E-2 8.83038E-2 6.71185E-2 6.13459E-2 3.11028E-2 0E0 0E0 3.27547E-2 0E0 0E0 0E0 0E0 0E0 0E0 0E0 0E0 5.60724E-2 0E0 0E0 0E0 0E0 0E0 2.20927E-2 2.18422E-2 1.01929E-2 4.59154E-3 1.96062E-3 1.67403E-3 8.21944E-4 2.18111E-4 1.70191E-4 1.50626E-4 4.91131E-4 1.98171E-3 1.13046E-2 3.32935E-2 3.62357E-2 1.62994E-2 1.50596E-3 1.25682E-3 2.41663E-4 3.11717E-5 4.12909E-4 2.95272E-4 2.26883E-4 3.83597E-4 3.62417E-4 1.04834E-4 1.01555E-4 3.04797E-4 2.86337E-3 3.09759E-3 3.47445E-4
-9999 -9999 -9999 -9999 -9999 -9999 -9999 -9999 -9999 -9999 -9999 -9999 -9999 -9999 -9999 -9999 -9999 -9999 -9999 -9999 1.27364E-1 9.90114E-2 7.15519E-2 6.2175E-2 5.41405E-2 8.88518E-2 1.06438E-1 5.59515E-2 3.79762E-2 2.0319E-2 1.59398E-2 0E0 0E0 0E0 0E0 3.08755E-2 0E0 0E0 0E0 0E0 0E0 6.49807E-2 7.39262E-2 0E0 0E0 0E0 1.521E-2 1.98308E-2 1.99245E-2 5.82437E-3 2.32714E-3 5.05022E-4 2.00727E-4 1.06259E-4 4.30217E-5 2.22186E-5 5.90543E-5 2.45739E-4 5.26927E-4 5.87718E-3 8.71013E-3 3.60555E-2 2.96724E-2 1.40159E-3 3.62758E-3 5.59795E-4 1.3845E-4 2.26062E-4 7.37716E-4 1.36324E-3 8.25976E-4 4.44916E-4 8.54582E-5 6.85943E-5 1.52603E-4 4.4745E-4 2.77529E-3 1.25231E-3
-9999 -9999 -9999 -9999 -9999 -9999 -9999 -9999 -9999 -9999 -9999 -9999 -9999 -9999 -9999 -9999 -9999 -9999 -9999 -9999 1.07466E-1 7.91732E-2 6.17614E-2 5.90179E-2 1.31411E-1 1.03517E-1 8.9691E-2 7.52687E-2 6.87271E-2 5.71915E-2 4.32807E-2 2.96827E-2 2.4077E-2 0E0 0E0 0E0 7.15241E-2 0E0 0E0 0E0 0E0 7.92885E-2 0E0 0E0 0E0 1.60263E-2 1.64071E-2 1.3304E-2 8.27713E-3 5.49123E-3 1.09956E-3 3.39557E-4 6.81318E-5 4.11983E-5 2.27345E-5 1.17816E-5 1.42763E-5 4.45929E-5 5.71651E-4 8.24308E-4 3.3787E-3 3.24929E-2 3.25225E-2 2.60954E-2 5.56159E-3 3.5293E-3 1.83516E-3 1.26383E-3 2.40658E-3 3.31044E-3 8.43783E-4 5.09809E-4 2.77244E-4 3.18068E-4 2.6377E-4 2.32186E-4 4.82641E-4 2.35533E-3
-9999 -9999 -9999 -9999 -9999 -9999 -9999 -9999 -9999 -9999 -9999 -9999 -9999 -9999 -9999 -9999 -9999 -9999 -9999 -9999 8.66083E-2 8.75781E-2 1.12398E-1 8.08097E-2 5.04128E-2 3.65498E-2 2.97472E-2 5.17928E-2 3.16243E-2 1.84818E-2 3.22254E-2 2.52339E-2 0E0 0E0 0E0 2.00908E-2 5.38828E-2 0E0 0E0 0E0 4.92775E-2 0E0 1.05353E-1 3.52001E-2 1.30307E-2 1.59895E-2 1.75045E-2 8.35468E-3 7.72928E-3 5.21722E-3 1.92589E-3 1.39697E-3 2.01551E-4 4.08036E-5 9.30732E-6 9.73891E-6 8.3982E-6 3.09248E-5 4.92668E-4 1.22969E-3 5.25384E-3 1.86292E-2 3.45501E-2 1.89527E-2 1.71092E-2 1.4219E-2 3.23816E-3 3.2199E-3 6.29226E-3 1.82181E-3 1.13789E-3 5.32286E-4 4.45964E-4 2.482E-4 2.05068E-4 2.79978E-4 2.44149E-4 1.57041E-3
-9999 -9999 -9999 -9999 -9999 -9999 -9999 -9999 -9999 -9999 -9999 -9999 -9999 -9999 -9999 -9999 -9999 -9999 -9999 -9999 -9999 -9999 -9999 -9999 6.34106E-2 6.25809E-2 2.51026E-2 1.81557E-2 0E0 0E0 0E0 0E0 1.98504E-2 0E0 9.39509E-3 0E0 5.40789E-2 4.30548E-2 0E0 0E0 0E0 0E0 5.17765E-2 8.63137E-2 2.29223E-2 2.64796E-2 2.06297E-2 1.11923E-2 1.18751E-2 1.24081E-2 6.78942E-3 3.01783E-3 1.03477E-3 3.47081E-4 1.77071E-5 4.70075E-6 5.72141E-6 3.10423E-5 3.10915E-4 2.31996E-3 2.19126E-3 1.27018E-3 9.78802E-3 3.69472E-2 8.3361E-3 6.24985E-3 1.02631E-2 5.0667E-3 6.16171E-3 1.83911E-3 9.47254E-4 6.20227E-4 6.37825E-4 4.58268E-4 1.0716E-4 1.80042E-4 5.70773E-4 7.53195E-4
-9999 -9999 -9999 -9999 -9999 -9999 -9999 -9999 -9999 -9999 -9999 -9999 -9999 -9999 -9999 -9999 -9999 -9999 -9999 -9999 -9999 -9999 -9999 -9999 -9999 9.08263E-2 6.2686E-2 4.28386E-2 4.72715E-2 3.09728E-2 2.50881E-2 0E0 0E0 0E0 9.06102E-3 9.53364E-3 0E0 5.1312E-2 0E0 1.6085E-2 0E0 0E0 2.68882E-2 5.96933E-2 3.91207E-2 2.30447E-2 1.2728E-2 1.54257E-2 1.89538E-2 1.85745E-2 1.0217E-2 4.18012E-3 1.02855E-3 2.72259E-4 3.64698E-5 3.05908E-5 2.00483E-5 2.49743E-5 1.53606E-4 8.63961E-4 2.02748E-4 2.40382E-4 1.84769E-3 2.02909E-2 2.53773E-2 6.1315E-3 2.67252E-3 1.39463E-3 2.49148E-3 4.41785E-3 8.35616E-4 6.63949E-4 1.57881E-3 5.25763E-4 2.04597E-4 1.27339E-4 2.10633E-4 3.75927E-4
-9999 -9999 -9999 -9999 -9999 -9999 -9999 -9999 -9999 -9999 -9999 -9999 -9999 -9999 -9999 -9999 -9999 -9999 -9999 -9999 -9999 -9999 -9999 -9999 -9999 -9999 -9999 -9999 -9999 9.16703E-2 4.47742E-2 2.99326E-2 1.60948E-2 0E0 1.01831E-2 1.47882E-2 0E0 5.65868E-2 4.17765E-2 0E0 1.54174E-2 0E0 2.4246E-2 3.10791E-2 4.95389E-2 3.38698E-2 0E0 1.44131E-2 1.57059E-2 1.9008E-2 1.11663E-2 3.92543E-3 3.61764E-3 1.22022E-3 1.09429E-4 6.85961E-5 1.12249E-4 7.13007E-5 9.76486E-5 1.755E-4 9.61824E-5 1.27835E-4 6.48424E-4 2.5116E-3 1.8826E-3 2.27237E-2 3.63075E-3 1.15427E-3 5.38336E-4 3.2352E-3 2.63367E-3 2.18062E-3 6.77961E-4 7.04469E-4 5.45918E-4 1.48526E-4 1.4998E-4 1.33016E-4
-9999 -9999 -9999 -9999 -9999 -9999 -9999 -9999 -9999 -9999 -9999 -9999 -9999 -9999 -9999 -9999 -9999 -9999 -9999 -9999 -9999 -9999 -9999 -9999 -9999 -9999 -9999 -9999 -9999 -9999 8.05294E-2 3.24556E-2 2.09442E-2 9.7581E-3 1.00308E-2 8.22898E-3 2.48507E-2 4.69318E-2 6.88098E-2 3.76098E-2 0E0 1.62224E-2 1.5208E-2 1.96932E-2 1.78389E-2 3.18611E-2 3.9271E-2 3.31005E-2 1.79213E-2 1.67017E-2 1.28718E-2 1.26595E-2 1.13769E-2 4.93099E-3 8.71717E-4 4.11718E-4 3.95476E-4 1.90719E-4 6.53886E-5 4.69761E-5 1.73069E-4 4.56674E-4 1.08137E-3 5.33366E-4 6.35605E-4 2.15342E-2 2.66285E-3 1.12937E-3 7.18466E-4 1.89333E-3 4.48694E-4 1.06291E-3 3.11517E-4 1.29642E-4 1.21844E-4 5.63884E-4 5.77742E-5 2.36947E-5
-9999 -9999 -9999 -9999 -9999 -9999 -9999 -9999 -9999 -9999 -9999 -9999 -9999 -9999 -9999 -9999 -9999 -9999 -9999 -9999 -9999 -9999 -9999 -9999 -9999 -9999 -9999 -9999 -9999 -9999 -9999 6.59145E-2 3.28711E-2 1.6403E-2 0E0 2.03838E-2 2.66319E-2 4.09971E-2 0E0 0E0 0E0 0E0 0E0 2.17864E-2 2.17165E-2 0E0 2.88978E-2 4.55924E-2 3.66114E-2 4.38904E-2 5.49408E-2 4.78152E-2 2.47004E-2 3.40354E-3 2.96781E-3 1.5569E-3 7.30455E-4 2.41173E-4 3.1897E-5 2.85056E-5 1.00041E-4 7.2112E-4 1.01032E-3 3.88269E-4 4.75267E-4 1.00554E-2 3.79597E-3 3.51104E-4 2.78401E-4 4.18832E-4 1.31672E-4 2.07231E-4 6.30385E-4 8.03332E-5 1.58549E-4 2.58615E-4 2.86369E-5 5.74116E-5
-9999 -9999 -9999 -9999 -9999 -9999 -9999 -9999 -9999 -9999 -9999 -9999 -9999 -9999 -9999 -9999 -9999 -9999 -9999 -9999 -9999 -9999 -9999 -9999 -9999 -9999 -9999 -9999 -9999 -9999 -9999 -9999 3.08857E-2 1.43964E-2 1.87283E-2 1.85883E-2 0E0 3.04227E-2 3.52631E-2 3.26888E-2 2.77955E-2 2.9592E-2 0E0 1.95198E-2 1.48479E-2 1.94889E-2 2.76312E-2 3.64929E-2 4.90939E-2 3.78838E-2 2.22286E-2 3.05867E-2 1.4229E-2 1.13004E-2 6.61742E-3 1.89402E-3 5.5248E-4 1.21628E-4 1.14608E-5 2.21794E-5 1.31923E-4 3.03474E-4 6.66235E-4 1.84594E-4 1.61624E-4 6.7172E-3 5.45205E-3 1.41164E-3 3.76157E-4 1.27781E-4 6.48595E-5 4.64192E-5 9.15257E-5 1.95243E-5 4.06414E-5 5.69254E-5 2.9887E-5 1.47314E-5
-9999 -9999 -9999 -9999 -9999 -9999 -9999 -9999 -9999 -9999 -9999 -9999 -9999 -9999 -9999 -9999 -9999 -9999 -9999 -9999 -9999 -9999 -9999 -9999 -9999 -9999 -9999 -9999 -9999 -9999 -9999 -9999 -9999 2.29957E-2 1.7144E-2 2.12565E-2 2.29463E-2 1.82786E-2 0E0 3.48915E-2 2.94303E-2 4.95858E-2 2.23369E-2 2.49555E-2 1.48617E-2 7.92154E-3 8.79005E-3 3.39049E-2 4.0853E-2 4.53262E-2 2.59086E-2 8.19279E-3 9.15647E-3 7.71522E-3 2.212E-3 8.16245E-4 1.68985E-4 5.90492E-5 1.25728E-5 1.8563E-5 1.35853E-4 5.27852E-4 6.46047E-4 5.38234E-4 3.47489E-4 4.83758E-3 1.74694E-2 5.83763E-3 8.13125E-4 8.39202E-5 3.67276E-5 2.14239E-5 3.12141E-5 3.67362E-5 2.07334E-5 2.22587E-5 1.60642E-5 2.08146E-5
-9999 -9999 -9999 -9999 -9999 -9999 -9999 -9999 -9999 -9999 -9999 -9999 -9999 -9999 -9999 -9999 -9999 -9999 -9999 -9999 -9999 -9999 -9999 -9999 -9999 -9999 -9999 -9999 -9999 -9999 -9999 -9999 -9999 -9999 -9999 1.1062E-2 1.29284E-2 1.84331E-2 2.97033E-2 3.10491E-2 4.98159E-2 4.6443E-2 3.70331E-2 1.24045E-2 1.76239E-2 1.25122E-2 5.37228E-3 2.26749E-2 3.58842E-2 4.25106E-2 5.22142E-2 1.76343E-2 4.56524E-3 3.73371E-3 2.03306E-3 7.466E-4 6.20839E-4 3.15564E-4 1.0592E-4 2.63236E-4 1.65706E-4 1.11066E-4 3.6702E-4 6.35038E-4 4.16938E-4 1.16002E-3 4.66418E-3 1.51945E-2 1.52852E-3 2.93372E-4 4.80324E-5 2.01394E-5 1.23355E-5 2.70751E-5 1.25632E-5 1.86721E-5 1.42766E-5 7.46658E-6
-9999 -9999 -9999 -9999 -9999 -9999 -9999 -9999 -9999 -9999 -9999 -9999 -9999 -9999 -9999 -9999 -9999 -9999 -9999 -9999 -9999 -9999 -9999 -9999 -9999 -9999 -9999 -9999 -9999 -9999 -9999 -9999 -9999 -9999 -9999 -9999 1.15844E-2 3.83972E-2 2.65327E-2 3.08135E-2 4.2863E-2 3.7859E-2 3.80035E-2 3.5794E-2 1.99696E-2 2.43806E-2 8.74561E-3 1.2456E-2 1.79649E-2 2.88052E-2 4.65389E-2 2.63718E-2 1.30152E-2 2.23274E-2 1.6624E-2 8.56955E-3 1.32836E-3 8.20592E-4 7.25696E-4 8.67813E-4 4.39246E-4 3.04099E-4 1.30021E-4 1.27769E-4 7.87322E-5 9.25422E-4 3.91882E-3 5.32344E-3 9.18655E-4 6.54446E-5 1.9213E-5 1.11073E-5 6.81042E-6 9.30032E-6 1.12307E-5 6.72856E-6 1.03342E-5 1.46997E-5
-9999 -9999 -9999 -9999 -9999 -9999 -9999 -9999 -9999 -9999 -9999 -9999 -9999 -9999 -9999 -9999 -9999 -9999 -9999 -9999 -9999 -9999 -9999 -9999 -9999 -9999 -9999 -9999 -9999 -9999 -9999 -9999 -9999 -9999 -9999 -9999 -9999 2.92973E-2 3.77066E-2 3.01827E-2 3.75423E-2 3.50612E-2 3.41111E-2 3.35542E-2 3.13119E-2 1.80563E-2 9.07015E-3 4.69678E-3 5.73538E-3 1.17271E-2 1.53435E-2 4.32144E-2 3.25746E-2 2.3062E-2 2.65605E-2 1.00657E-2 7.22151E-3 4.69566E-3 1.9444E-3 1.51011E-3 9.39145E-4 4.80044E-4 1.3182E-4 1.69521E-5 7.98356E-6 6.50482E-5 4.13132E-3 1.26002E-3 3.69419E-4 6.15907E-5 7.22978E-5 2.20854E-5 1.18892E-5 7.10047E-6 6.08667E-6 1.28343E-5 1.12759E-5 1.61593E-5
-9999 -9999 -9999 -9999 -9999 -9999 -9999 -9999 -9999 -9999 -9999 -9999 -9999 -9999 -9999 -9999 -9999 -9999 -9999 -9999 -9999 -9999 -9999 -9999 -9999 -9999 -9999 -9999 -9999 -9999 -9999 -9999 -9999 -9999 -9999 -9999 -9999 -9999 3.24799E-2 3.17259E-2 2.7034E-2 2.22145E-2 1.87644E-2 2.46257E-2 1.12416E-2 4.48498E-3 4.35186E-3 1.27049E-3 1.49063E-3 4.41036E-3 1.10736E-2 1.88826E-2 2.34822E-2 3.40869E-3 1.49933E-2 2.69656E-2 6.26338E-3 2.91217E-3 1.57631E-3 1.2086E-3 7.99463E-4 2.15858E-4 3.89049E-5 1.7147E-5 6.29057E-6 1.10813E-4 4.91074E-3 6.39021E-4 1.08936E-4 1.20232E-4 1.75487E-4 2.07259E-5 9.65102E-6 4.1093E-5 5.20755E-5 3.78484E-5 4.04148E-5 8.47681E-6
-9999 -9999 -9999 -9999 -9999 -9999 -9999 -9999 -9999 -9999 -9999 -9999 -9999 -9999 -9999 -9999 -9999 -9999 -9999 -9999 -9999 -9999 -9999 -9999 -9999 -9999 -9999 -9999 -9999 -9999 -9999 -9999 -9999 -9999 -9999 -9999 -9999 -9999 -9999 -9999 3.00624E-2 2.09272E-2 7.59353E-3 6.15229E-3 4.90944E-3 2.84418E-3 2.09855E-3 6.31622E-4 4.42984E-4 2.74056E-3 5.44015E-3 1.87933E-2 1.57774E-2 2.01377E-3 2.73973E-3 2.37136E-2 1.99796E-2 3.46302E-3 6.4556E-4 6.44532E-4 8.43246E-4 3.91059E-4 1.04244E-4 2.57315E-5 1.34062E-5 1.25836E-3 5.72872E-3 1.09445E-3 5.24561E-4 4.64785E-4 5.91871E-5 5.96956E-6 3.56657E-5 1.23585E-4 1.85265E-5 3.44584E-5 1.38679E-5 5.28145E-6
-9999 -9999 -9999 -9999 -9999 -9999 -9999 -9999 -9999 -9999 -9999 -9999 -9999 -9999 -9999 -9999 -9999 -9999 -9999 -9999 -9999 -9999 -9999 -9999 -9999 -9999 -9999 -9999 -9999 -9999 -9999 -9999 -9999 -9999 -9999 -9999 -9999 -9999 -9999 -9999 -9999 3.24957E-2 1.42553E-2 1.82618E-2 1.30401E-2 2.96739E-3 8.49871E-4 5.58703E-4 1.6421E-4 1.12268E-3 1.16517E-3 1.41082E-2 2.02947E-2 5.77526E-3 1.81538E-3 2.87104E-3 7.50008E-3 1.16898E-2 1.19432E-3 2.39265E-4 1.27134E-4 1.4359E-4 7.05433E-5 2.25119E-5 1.01423E-4 1.388E-3 1.11404E-3 1.20624E-3 1.9648E-3 1.18928E-3 7.21978E-5 6.04667E-5 3.49754E-4 2.29231E-4 1.48152E-4 8.30314E-5 7.24867E-6 2.09287E-6
-9999 -9999 -9999 -9999 -9999 -9999 -9999 -9999 -9999 -9999 -9999 -9999 -9999 -9999 -9999 -9999 -9999 -9999 -9999 -9999 -9999 -9999 -9999 -9999 -9999 -9999 -9999 -9999 -9999 -9999 -9999 -9999 -9999 -9999 -9999 -9999 -9999 -9999 -9999 -9999 -9999 -9999 2.71245E-2 2.8305E-2 6.75877E-3 1.78179E-3 6.38416E-4 2.85543E-4 7.71461E-5 1.31342E-4 1.34554E-3 1.56386E-2 2.7043E-2 1.40647E-2 5.58546E-3 1.44452E-3 4.158E-3 7.65918E-3 5.34539E-3 1.75139E-3 7.19545E-4 4.35641E-4 1.06305E-4 4.52279E-5 8.50099E-5 4.38879E-4 2.59487E-4 3.35941E-4 3.26198E-4 3.01356E-4 2.05765E-4 5.05353E-4 9.3501E-5 1.6187E-5 9.36391E-5 1.58214E-4 6.9386E-5 3.97323E-5
