ENM/Final_Models/M_1_F_q_Set_1_NE/Gustavia_santanderiensis_6_Choco.asc
ncols         367
nrows         963
xllcorner     -78.6
yllcorner     0.65
cellsize      0.00833333333333323
NODATA_value  -9999
[rows 816 to 849 of 963, columns 78 to 155 of 367]
0E0 0E0 0E0 0E0 0E0 0E0 0E0 0E0 0E0 0E0 0E0 0E0 0E0 0E0 0E0 0E0 0E0 0E0 0E0 3.95768E-1 0E0 0E0 0E0 0E0 1.8418E-1 1.07076E-1 2.51199E-1 3.5653E-1 3.35261E-1 7.95381E-1 6.20517E-1 5.47668E-1 7.88026E-1 7.55451E-1 5.08025E-1 2.23041E-1 -9999 -9999 -9999 -9999 7.76445E-1 8.49622E-1 5.4438E-1 -9999 -9999 -9999 -9999 3.64157E-1 4.37803E-1 1.55633E-1 1.37662E-1 1.96693E-1 7.60427E-2 5.98044E-2 5.2685E-2 1.34748E-1 1.31804E-1 1.88225E-1 8.80917E-2 3.09223E-2 1.86034E-2 6.75391E-2 3.06433E-2 2.08851E-2 1.64651E-2 4.66839E-3 5.84524E-3 4.16779E-3 4.42806E-3 3.27803E-3 6.32433E-4 3.56077E-4 1.5482E-4 6.10678E-5 7.60745E-4 6.61786E-3 1.09039E-2 1.04729E-2
0E0 0E0 0E0 0E0 0E0 0E0 0E0 0E0 0E0 0E0 0E0 0E0 0E0 0E0 0E0 0E0 0E0 0E0 0E0 0E0 0E0 0E0 0E0 0E0 1.37365E-1 1.15187E-1 0E0 5.32355E-1 3.40728E-1 7.83875E-1 7.17785E-1 7.5394E-1 8.80675E-1 8.00358E-1 4.4789E-1 2.68528E-1 -9999 -9999 -9999 -9999 -9999 7.55036E-1 -9999 -9999 -9999 -9999 -9999 -9999 3.5836E-1 1.27476E-1 1.56847E-1 3.23667E-1 1.53022E-1 2.1179E-1 2.95212E-1 3.90337E-1 3.39137E-1 3.3161E-2 3.05882E-2 3.8255E-2 1.96561E-2 1.73016E-2 1.1207E-2 6.79527E-3 5.15521E-3 1.43047E-3 3.56175E-3 1.56363E-3 1.07895E-3 1.77721E-3 1.48459E-4 8.68661E-5 2.28675E-5 2.81248E-5 6.43156E-4 1.83087E-2 -9999 -9999
0E0 0E0 0E0 0E0 0E0 0E0 0E0 0E0 0E0 0E0 0E0 0E0 0E0 0E0 0E0 0E0 0E0 0E0 0E0 0E0 0E0 0E0 0E0 0E0 0E0 0E0 1.0578E-1 2.03884E-1 0E0 7.10609E-1 6.28004E-1 6.62918E-1 6.34031E-1 5.86688E-1 4.53337E-1 4.05694E-1 -9999 -9999 -9999 -9999 -9999 -9999 -9999 -9999 -9999 -9999 -9999 -9999 4.74926E-1 6.29931E-1 4.18292E-1 5.41388E-1 2.05324E-1 6.80514E-2 2.73412E-1 1.74628E-1 1.60111E-1 1.39062E-1 6.56348E-2 2.27662E-2 6.61698E-3 1.64633E-2 1.30492E-2 8.03599E-3 1.72372E-2 6.83376E-3 1.21305E-3 4.25991E-4 3.34429E-4 2.98093E-4 7.34613E-5 1.84945E-5 9.04782E-6 4.11149E-5 6.22015E-4 1.12564E-2 -9999 -9999
0E0 0E0 0E0 0E0 0E0 0E0 0E0 0E0 0E0 0E0 0E0 0E0 0E0 0E0 0E0 0E0 0E0 0E0 0E0 0E0 0E0 0E0 0E0 0E0 0E0 1.39586E-1 1.00942E-1 1.79273E-1 0E0 0E0 5.9154E-1 2.95147E-1 4.64639E-1 4.36315E-1 -9999 -9999 -9999 -9999 -9999 -9999 -9999 -9999 -9999 -9999 -9999 -9999 -9999 -9999 3.1456E-1 4.57894E-1 6.50432E-1 2.36899E-1 4.58134E-2 2.91643E-2 2.44428E-1 1.19082E-1 3.75838E-2 5.24239E-2 1.01173E-1 3.39416E-2 2.72903E-3 8.37696E-3 1.04501E-2 3.16363E-2 1.3048E-2 7.51456E-3 8.4446E-4 3.60184E-4 8.02405E-5 1.43184E-5 4.79456E-6 6.54947E-6 1.06138E-5 1.11032E-4 2.73718E-3 3.28176E-2 2.49854E-2 -9999
0E0 0E0 0E0 0E0 0E0 0E0 0E0 0E0 0E0 0E0 0E0 0E0 0E0 0E0 0E0 0E0 0E0 0E0 0E0 0E0 0E0 0E0 0E0 0E0 0E0 1.91783E-1 1.74376E-1 0E0 0E0 3.83558E-1 6.73519E-1 3.75274E-1 3.14754E-1 4.34007E-1 4.1021E-1 -9999 -9999 -9999 -9999 -9999 -9999 -9999 -9999 -9999 -9999 -9999 -9999 -9999 2.37277E-1 2.8478E-1 5.00127E-1 2.48741E-1 8.03321E-2 2.5601E-2 7.24096E-2 1.04267E-1 3.2314E-2 1.41453E-2 1.17712E-2 3.02099E-2 3.66291E-3 5.73593E-4 1.1862E-2 7.34183E-3 1.27776E-2 2.3658E-2 1.63938E-3 5.79609E-4 2.15894E-4 1.28633E-5 2.7347E-6 3.58361E-6 1.70069E-5 2.51968E-4 7.00663E-3 1.80924E-2 2.11905E-2 -9999
0E0 0E0 0E0 0E0 0E0 0E0 0E0 0E0 0E0 0E0 0E0 0E0 0E0 0E0 0E0 0E0 0E0 0E0 0E0 0E0 0E0 0E0 0E0 0E0 0E0 0E0 0E0 1.38625E-1 0E0 0E0 2.43461E-1 1.99423E-1 2.53924E-1 2.69739E-1 1.99949E-1 1.8019E-1 -9999 -9999 -9999 -9999 -9999 -9999 -9999 -9999 -9999 -9999 -9999 -9999 9.98463E-2 4.19687E-1 6.74433E-1 3.61578E-1 4.9756E-2 1.9831E-2 3.96299E-2 2.50499E-2 2.00926E-2 8.40667E-3 4.52628E-3 7.20966E-3 3.22621E-3 2.58532E-4 1.10768E-3 4.60271E-4 2.67525E-3 1.10512E-2 1.82786E-3 3.56835E-4 7.07241E-5 7.21883E-5 1.35726E-5 7.25693E-6 6.49938E-5 7.27518E-4 7.96108E-3 3.90748E-2 5.34599E-2 -9999
0E0 0E0 0E0 0E0 0E0 0E0 0E0 0E0 0E0 0E0 0E0 0E0 0E0 0E0 0E0 0E0 0E0 0E0 0E0 0E0 0E0 0E0 0E0 0E0 0E0 1.52891E-1 1.73586E-1 1.61755E-1 0E0 2.16591E-1 1.69035E-1 1.03634E-1 2.69057E-1 3.29276E-1 2.16225E-1 2.13118E-1 4.01525E-1 -9999 -9999 -9999 -9999 -9999 -9999 -9999 -9999 -9999 -9999 -9999 1.23629E-1 3.08757E-1 5.28073E-1 5.70226E-1 1.93128E-1 9.31134E-2 3.20726E-2 1.6614E-2 1.6582E-2 8.14751E-3 3.66123E-3 9.28532E-4 9.06682E-4 7.22251E-4 6.29853E-4 1.27608E-4 9.14608E-4 6.74046E-3 2.54534E-3 6.55012E-4 5.71022E-4 1.13687E-4 2.54056E-5 9.62782E-6 5.0624E-5 2.88746E-4 1.20226E-2 4.05706E-2 -9999 -9999
0E0 0E0 0E0 0E0 0E0 0E0 0E0 0E0 0E0 0E0 0E0 0E0 0E0 0E0 0E0 0E0 0E0 0E0 0E0 0E0 0E0 0E0 0E0 0E0 2.00094E-1 1.21865E-1 1.10329E-1 1.30513E-1 1.58932E-1 1.77947E-1 2.02784E-1 1.67434E-1 2.39435E-1 3.10447E-1 3.11629E-1 3.54461E-1 3.74906E-1 -9999 -9999 -9999 -9999 -9999 -9999 -9999 -9999 -9999 -9999 -9999 5.84408E-2 3.10481E-1 3.14435E-1 2.59001E-1 2.33633E-1 2.43459E-1 1.20764E-1 4.27794E-2 2.4806E-2 1.94697E-2 1.87458E-2 1.26126E-2 4.34921E-3 1.05054E-2 7.52094E-4 9.1265E-5 5.43322E-4 3.83645E-3 5.56658E-4 1.14457E-4 1.70878E-4 6.00851E-5 2.87122E-5 1.01768E-5 1.41736E-5 6.69701E-4 1.1343E-2 4.63893E-2 -9999 -9999
0E0 0E0 0E0 0E0 0E0 0E0 0E0 0E0 0E0 0E0 0E0 0E0 0E0 0E0 0E0 0E0 0E0 0E0 0E0 0E0 0E0 0E0 0E0 0E0 1.86342E-1 1.45096E-1 1.89633E-1 1.56736E-1 0E0 0E0 2.52167E-1 2.18527E-1 1.99873E-1 2.74021E-1 2.7905E-1 2.33999E-1 2.03487E-1 -9999 -9999 -9999 -9999 -9999 -9999 -9999 -9999 -9999 -9999 -9999 1.77734E-2 5.58548E-2 1.12616E-1 7.95784E-2 8.06516E-2 3.2601E-2 2.59873E-2 2.64399E-2 2.52883E-2 1.24439E-2 1.29059E-2 6.78506E-3 6.54454E-3 7.1014E-3 1.16855E-3 1.44525E-4 1.25271E-4 1.64575E-3 4.18384E-4 7.51628E-5 1.36243E-5 6.59771E-6 7.511E-6 4.1837E-6 6.53439E-5 1.34947E-3 1.59571E-2 3.55338E-2 -9999 -9999
0E0 0E0 0E0 0E0 0E0 0E0 0E0 0E0 0E0 0E0 0E0 0E0 0E0 0E0 0E0 0E0 0E0 0E0 0E0 0E0 0E0 0E0 0E0 0E0 0E0 0E0 1.97912E-1 2.42486E-1 2.60482E-1 2.31601E-1 2.10468E-1 1.71183E-1 0E0 1.53986E-1 1.48846E-1 1.76743E-1 2.38847E-1 -9999 -9999 -9999 -9999 -9999 -9999 -9999 -9999 -9999 -9999 -9999 -9999 6.98631E-2 6.14289E-2 3.9204E-2 5.66297E-2 2.91035E-2 6.717E-3 5.66353E-3 1.69597E-2 7.97795E-3 9.77704E-3 4.33396E-3 1.94475E-3 6.18681E-3 4.13195E-4 8.79097E-5 9.885E-5 7.77908E-4 5.20009E-4 8.74203E-5 6.96163E-5 5.00948E-6 2.18078E-6 8.34215E-6 5.88398E-5 1.94862E-3 2.30072E-2 3.51845E-2 -9999 -9999
0E0 0E0 0E0 0E0 0E0 0E0 0E0 0E0 0E0 0E0 0E0 0E0 0E0 0E0 0E0 0E0 0E0 0E0 0E0 0E0 0E0 0E0 0E0 0E0 0E0 0E0 2.22513E-1 5.37151E-1 3.68439E-1 0E0 2.19789E-1 1.84582E-1 1.4029E-1 2.12411E-1 2.59002E-1 2.38075E-1 2.57687E-1 1.83898E-1 -9999 -9999 -9999 -9999 -9999 -9999 -9999 -9999 -9999 -9999 1.66731E-2 3.86193E-2 3.9057E-2 3.64205E-2 2.97401E-2 2.72082E-2 1.17353E-2 7.5406E-3 4.36661E-3 3.98596E-3 2.21093E-3 9.46593E-4 1.65282E-3 3.02827E-4 4.24748E-5 2.84849E-5 1.12776E-5 9.62249E-5 1.60088E-4 9.5637E-6 7.39412E-6 9.39219E-6 7.24974E-6 1.75131E-5 5.55614E-5 5.21926E-4 4.1602E-3 3.90535E-2 -9999 -9999
0E0 0E0 0E0 0E0 0E0 0E0 0E0 0E0 0E0 0E0 9.41864E-2 0E0 0E0 0E0 0E0 0E0 0E0 0E0 0E0 0E0 0E0 0E0 0E0 0E0 0E0 9.72749E-2 1.74129E-1 0E0 1.63839E-1 2.10297E-1 2.22936E-1 0E0 1.66465E-1 1.68972E-1 1.74394E-1 1.4514E-1 1.53703E-1 1.92252E-1 8.9886E-2 -9999 -9999 -9999 -9999 -9999 -9999 -9999 -9999 -9999 2.02311E-2 6.69927E-2 2.41353E-2 2.29781E-2 4.23926E-2 3.56482E-2 3.55692E-2 3.17702E-2 1.19385E-2 8.74196E-3 1.74436E-3 9.54017E-4 1.16839E-3 3.44475E-4 1.24005E-4 3.15037E-4 3.60286E-5 2.15415E-5 3.79071E-5 4.55508E-6 4.51528E-5 1.05357E-4 7.96379E-5 2.28817E-5 7.15101E-5 5.24996E-4 1.07296E-2 4.07644E-2 -9999 -9999
0E0 0E0 0E0 0E0 0E0 0E0 0E0 0E0 0E0 0E0 7.74232E-2 7.69373E-2 0E0 0E0 0E0 0E0 0E0 0E0 0E0 0E0 0E0 0E0 0E0 0E0 0E0 0E0 0E0 0E0 0E0 2.03236E-1 2.02753E-1 1.98439E-1 1.58838E-1 1.82232E-1 1.29205E-1 1.21765E-1 5.3098E-2 2.42768E-2 2.62372E-2 3.83446E-2 -9999 -9999 -9999 -9999 -9999 -9999 -9999 -9999 -9999 1.69247E-1 3.90868E-2 5.32328E-2 5.06598E-2 5.52366E-2 2.98351E-2 5.4086E-2 4.38827E-2 1.04215E-2 1.23857E-2 7.38601E-3 4.48497E-3 2.03551E-3 1.72239E-3 2.397E-4 2.45273E-5 4.65988E-6 9.09854E-6 1.26058E-5 4.72177E-5 1.89675E-4 6.4892E-5 2.18862E-5 1.32246E-4 2.70768E-4 3.29922E-3 2.22689E-2 -9999 -9999
0E0 0E0 0E0 0E0 0E0 0E0 0E0 0E0 0E0 0E0 9.39794E-2 7.27807E-2 1.13285E-1 1.36278E-1 0E0 0E0 0E0 0E0 0E0 0E0 0E0 0E0 0E0 0E0 0E0 0E0 0E0 1.63127E-1 1.66687E-1 0E0 1.93797E-1 1.88658E-1 2.0616E-1 1.94535E-1 1.0331E-1 5.79133E-2 1.68736E-2 2.89122E-2 3.53686E-2 4.99218E-2 -9999 -9999 -9999 -9999 -9999 -9999 -9999 -9999 -9999 -9999 3.95451E-2 4.21727E-2 4.4095E-2 2.95543E-2 5.97101E-2 3.1793E-2 3.03589E-2 2.72102E-2 2.32545E-2 1.86983E-2 7.23261E-3 7.26937E-3 1.22035E-3 8.8892E-5 9.10841E-6 8.82925E-6 3.28166E-5 1.00856E-4 1.00081E-4 4.12138E-4 2.95433E-4 4.43354E-5 2.27486E-4 1.91211E-4 7.92778E-4 1.27278E-2 3.29752E-2 -9999
0E0 0E0 0E0 0E0 0E0 0E0 0E0 0E0 0E0 0E0 1.31828E-1 8.63192E-2 9.70019E-2 1.09501E-1 0E0 0E0 0E0 0E0 0E0 0E0 1.50996E-1 1.6703E-1 0E0 0E0 0E0 0E0 0E0 1.75065E-1 1.95763E-1 2.57563E-1 2.10128E-1 1.70959E-1 1.11333E-1 6.92047E-2 4.82108E-2 3.09151E-2 1.09194E-2 1.59176E-2 3.60803E-2 6.08695E-2 8.15082E-2 -9999 -9999 -9999 -9999 -9999 -9999 -9999 -9999 -9999 -9999 -9999 5.89065E-2 7.60597E-2 6.34701E-2 4.99889E-2 4.00592E-2 1.76308E-2 6.64231E-3 8.56018E-3 3.01089E-3 7.95513E-4 6.35128E-4 1.45066E-4 1.08117E-5 8.17394E-6 1.10033E-4 4.11159E-4 9.03513E-4 7.00596E-4 3.58079E-4 2.16678E-4 5.96187E-4 4.71461E-4 7.52455E-4 1.57342E-2 3.65487E-2 -9999
0E0 0E0 0E0 0E0 0E0 0E0 0E0 0E0 0E0 0E0 1.55476E-1 1.26712E-1 9.60446E-2 1.05747E-1 1.23327E-1 1.57191E-1 0E0 0E0 0E0 1.41868E-1 2.47211E-1 2.78839E-1 0E0 0E0 0E0 0E0 1.43405E-1 2.06353E-1 2.21632E-1 2.05587E-1 1.89596E-1 1.06179E-1 7.10138E-2 7.91266E-2 6.85692E-2 5.47695E-2 1.05775E-2 2.5394E-2 9.90434E-2 1.11247E-1 3.73547E-1 1.09016E-1 1.61473E-1 -9999 -9999 -9999 -9999 -9999 -9999 -9999 -9999 -9999 -9999 3.88588E-2 2.85946E-2 1.54544E-2 5.60173E-2 4.9251E-2 2.53729E-2 2.14054E-2 1.04227E-2 1.48082E-3 6.32392E-4 1.71429E-4 7.73563E-5 2.11047E-5 1.62807E-5 1.07921E-4 8.54759E-4 1.92105E-3 9.80047E-4 6.67416E-4 2.80406E-3 8.7818E-4 1.56941E-3 2.39748E-2 4.73841E-2 -9999
0E0 0E0 0E0 0E0 0E0 0E0 0E0 0E0 0E0 0E0 0E0 0E0 1.2284E-1 1.27634E-1 1.53516E-1 1.34499E-1 1.39481E-1 0E0 0E0 0E0 0E0 0E0 0E0 0E0 0E0 0E0 1.85615E-1 2.55639E-1 2.03798E-1 1.89488E-1 1.07118E-1 8.25824E-2 8.05493E-2 7.7908E-2 5.15907E-2 6.93894E-2 2.07492E-2 6.58578E-2 1.95952E-1 2.25485E-1 2.67149E-1 1.03525E-1 5.36011E-2 8.46675E-2 -9999 -9999 -9999 -9999 -9999 -9999 -9999 -9999 -9999 -9999 1.46616E-2 3.30622E-3 1.1124E-2 2.18326E-2 1.58965E-2 1.75753E-2 2.11815E-2 8.89333E-3 2.83115E-3 1.40072E-3 4.95999E-4 3.1538E-5 9.52942E-6 1.33674E-4 5.70301E-4 2.82199E-3 7.21776E-3 9.07151E-3 5.05024E-3 7.48043E-4 1.94596E-3 2.79703E-2 4.51689E-2 -9999
0E0 0E0 0E0 0E0 0E0 0E0 0E0 0E0 0E0 0E0 0E0 0E0 0E0 1.60104E-1 1.34654E-1 1.31075E-1 1.70077E-1 0E0 0E0 0E0 0E0 0E0 0E0 0E0 0E0 0E0 1.97967E-1 2.81904E-1 2.25995E-1 1.31304E-1 5.71782E-2 6.50792E-2 7.96196E-2 7.0919E-2 3.98091E-2 3.61851E-2 9.20024E-2 2.01594E-1 2.04072E-1 1.51441E-1 8.2884E-2 3.31677E-2 7.1911E-3 1.82858E-2 1.26467E-1 -9999 -9999 -9999 -9999 -9999 -9999 -9999 -9999 -9999 2.53227E-2 2.83406E-3 1.00072E-3 1.40966E-2 6.20053E-3 7.23351E-3 1.0069E-2 5.77862E-3 1.11335E-3 6.3712E-4 1.59717E-4 4.23753E-5 4.4157E-6 1.68361E-5 1.81573E-4 4.00605E-4 5.75669E-3 2.0489E-2 7.66627E-3 8.31703E-4 2.73334E-3 2.93378E-2 5.59249E-2 -9999
0E0 0E0 0E0 0E0 0E0 0E0 0E0 0E0 9.71177E-2 1.16911E-1 0E0 0E0 0E0 1.14904E-1 8.78597E-2 1.1289E-1 2.20802E-1 0E0 0E0 0E0 0E0 0E0 0E0 0E0 0E0 1.83633E-1 1.98891E-1 2.02305E-1 1.79489E-1 1.43647E-1 6.88424E-2 4.25416E-2 5.75756E-2 3.98102E-2 2.18568E-2 3.39889E-2 8.1589E-2 1.02823E-1 9.45746E-2 3.7795E-2 1.82351E-3 3.21012E-3 5.92253E-3 5.5445E-3 1.93372E-2 2.82048E-2 -9999 -9999 -9999 -9999 -9999 -9999 -9999 -9999 -9999 4.86009E-3 9.68568E-4 9.82441E-3 4.65112E-3 5.48942E-3 3.56939E-3 7.59051E-3 7.26678E-4 6.35365E-5 2.20733E-5 6.14631E-6 1.01765E-5 1.13643E-4 4.01279E-4 4.03565E-4 6.73601E-4 1.21377E-2 5.83139E-3 5.75802E-3 1.58617E-2 3.50667E-2 1.06929E-1 -9999
0E0 0E0 0E0 0E0 0E0 0E0 1.28888E-1 0E0 1.03728E-1 9.51644E-2 1.02697E-1 0E0 0E0 1.10079E-1 1.18363E-1 1.44301E-1 1.8345E-1 0E0 0E0 0E0 0E0 0E0 0E0 0E0 1.95633E-1 1.73339E-1 2.03391E-1 1.59861E-1 1.3143E-1 1.03048E-1 6.34563E-2 6.0274E-2 2.59198E-2 3.28978E-2 1.70708E-2 2.58034E-2 4.11462E-2 2.3499E-2 6.93547E-2 7.53403E-3 3.72874E-4 1.84116E-3 2.81093E-4 7.00195E-4 1.94309E-3 1.11815E-2 2.86249E-2 -9999 -9999 -9999 -9999 -9999 -9999 -9999 -9999 1.85077E-2 4.50457E-3 5.02201E-3 1.22692E-3 2.3475E-3 1.0156E-3 1.35927E-3 1.08593E-3 5.48495E-5 8.74276E-6 3.52369E-6 1.52766E-5 2.97118E-4 1.17745E-3 2.15164E-3 2.36225E-3 1.53292E-2 1.6011E-2 9.3456E-3 4.10434E-2 9.14845E-2 -9999 -9999
0E0 0E0 0E0 0E0 0E0 0E0 0E0 0E0 1.08764E-1 1.01308E-1 9.02944E-2 1.08412E-1 0E0 0E0 1.66363E-1 1.59362E-1 2.02069E-1 0E0 0E0 0E0 0E0 0E0 0E0 0E0 2.47724E-1 2.77993E-1 2.028E-1 1.39544E-1 9.30981E-2 5.58165E-2 3.8831E-2 1.14251E-2 1.37914E-2 2.07489E-2 3.52537E-3 3.56904E-3 7.75887E-3 1.65587E-2 3.99459E-2 8.27752E-4 1.22344E-4 1.575E-4 2.41803E-5 6.25761E-5 3.46282E-4 8.5461E-4 4.51403E-3 1.83109E-2 3.26387E-2 -9999 -9999 -9999 -9999 -9999 -9999 6.16811E-2 1.93905E-2 1.70791E-2 2.86367E-3 1.10696E-2 2.41531E-3 4.41348E-4 1.01503E-4 1.24292E-5 1.5394E-5 6.32018E-6 2.40972E-5 5.91806E-4 4.09898E-3 8.94206E-3 1.37153E-2 1.46068E-2 2.03339E-2 3.27989E-2 4.42734E-2 -9999 -9999 -9999
0E0 0E0 0E0 0E0 0E0 0E0 0E0 9.38571E-2 1.08242E-1 9.46093E-2 1.01333E-1 1.10975E-1 1.66007E-1 0E0 0E0 1.8333E-1 2.43204E-1 0E0 0E0 0E0 0E0 0E0 0E0 2.53974E-1 3.05677E-1 2.23007E-1 1.27023E-1 7.36736E-2 8.58077E-2 4.19942E-2 3.47571E-3 1.81116E-2 7.70322E-3 4.94283E-4 1.438E-4 1.30611E-4 1.76931E-4 8.48527E-4 2.88072E-3 5.15982E-4 5.5404E-5 1.42092E-5 4.10555E-6 1.94284E-5 4.88108E-5 1.92013E-4 2.31057E-3 1.57091E-2 4.13143E-2 2.29676E-2 -9999 9.79266E-2 -9999 -9999 -9999 -9999 -9999 -9999 7.37428E-3 1.5522E-2 2.9115E-3 2.00838E-4 1.60319E-5 7.19379E-6 5.11776E-5 1.45895E-5 4.8319E-4 4.58281E-3 8.08952E-3 3.02617E-2 4.382E-2 1.53626E-2 2.71038E-2 3.72067E-2 -9999 -9999 -9999 -9999
0E0 0E0 0E0 0E0 0E0 0E0 8.43284E-2 0E0 0E0 1.19161E-1 1.35746E-1 1.07702E-1 1.29551E-1 0E0 0E0 0E0 0E0 0E0 0E0 0E0 0E0 0E0 3.06493E-1 3.23805E-1 3.09761E-1 2.45294E-1 1.01757E-1 6.05198E-2 6.55624E-2 5.53634E-2 3.30776E-2 4.4636E-2 2.87024E-3 4.52841E-4 8.02504E-4 2.96327E-4 1.3063E-4 8.42324E-4 1.37685E-3 2.31866E-4 1.18859E-5 2.73624E-6 3.16032E-6 1.2307E-5 2.36187E-5 1.56401E-4 1.37811E-3 1.28465E-2 2.71651E-2 7.26904E-2 5.4633E-2 3.31745E-1 -9999 -9999 -9999 -9999 -9999 -9999 4.19011E-3 6.36885E-3 6.73505E-4 1.30817E-4 3.74941E-5 8.05256E-6 6.81294E-5 3.0588E-4 9.14718E-4 2.81229E-3 2.96401E-3 6.97676E-3 2.3821E-2 3.49663E-2 -9999 -9999 -9999 -9999 -9999 -9999
0E0 0E0 0E0 0E0 0E0 0E0 7.48817E-2 0E0 0E0 0E0 1.03252E-1 8.48964E-2 1.21004E-1 0E0 0E0 0E0 0E0 0E0 0E0 0E0 0E0 0E0 0E0 2.94696E-1 1.8202E-1 2.31695E-1 1.84032E-1 1.20937E-1 7.9693E-2 6.88195E-2 4.83832E-2 3.02684E-2 4.90641E-3 4.44754E-3 1.85935E-3 3.09751E-4 1.05697E-3 2.28041E-4 1.82802E-4 2.35794E-5 4.12656E-6 2.68989E-6 2.61685E-6 1.38842E-5 2.41637E-4 8.4637E-5 1.66624E-3 1.0766E-2 1.19337E-2 3.645E-2 1.04798E-1 1.05991E-1 -9999 -9999 -9999 -9999 -9999 -9999 -9999 7.47288E-3 1.62175E-3 6.84277E-5 1.80623E-5 5.68424E-6 3.29241E-5 1.73258E-4 4.34938E-4 1.72515E-4 7.64049E-4 5.8608E-3 2.85273E-2 9.23169E-2 -9999 -9999 -9999 -9999 -9999 -9999
0E0 0E0 0E0 0E0 0E0 0E0 0E0 0E0 0E0 9.17809E-2 1.07915E-1 7.5246E-2 1.47034E-1 1.56845E-1 0E0 0E0 0E0 0E0 0E0 0E0 0E0 0E0 0E0 3.09266E-1 2.26866E-1 1.34697E-1 1.29848E-1 1.58264E-1 1.18704E-1 7.44559E-2 4.97479E-2 4.52644E-2 5.01398E-2 3.88696E-2 1.86229E-2 5.14227E-3 2.34062E-3 8.03483E-5 7.37746E-6 5.77834E-6 1.62316E-6 2.39246E-6 6.40973E-6 9.7352E-6 1.95957E-4 8.36355E-4 4.96259E-3 2.34953E-3 2.31382E-3 1.64556E-2 3.05445E-2 5.44135E-2 -9999 -9999 -9999 -9999 -9999 -9999 -9999 2.36813E-2 3.19891E-3 2.6833E-4 4.39866E-5 7.98553E-6 2.72744E-6 3.39939E-5 8.21363E-5 1.88188E-4 2.83384E-3 1.68311E-2 5.49061E-2 4.09593E-2 -9999 -9999 -9999 -9999 -9999 -9999
0E0 0E0 0E0 0E0 0E0 0E0 0E0 0E0 1.01811E-1 8.01364E-2 7.90598E-2 9.84052E-2 1.25702E-1 0E0 0E0 0E0 0E0 0E0 0E0 0E0 0E0 1.69245E-1 0E0 2.93511E-1 2.80111E-1 2.06671E-1 1.76661E-1 1.55007E-1 1.06517E-1 1.11635E-1 9.51452E-2 8.71507E-2 8.10684E-2 5.30554E-2 3.13112E-2 1.74424E-2 1.93652E-3 3.78063E-4 3.14789E-5 1.34025E-5 2.31519E-6 4.92661E-6 1.57738E-5 6.97285E-5 1.87456E-4 8.02271E-4 6.44248E-4 1.38637E-4 4.83353E-4 2.93449E-3 2.48664E-2 5.27291E-2 1.13678E-1 -9999 -9999 -9999 -9999 -9999 -9999 -9999 3.18366E-3 1.35611E-4 4.23257E-5 1.23583E-5 5.50168E-6 4.73984E-5 2.62713E-4 8.03958E-4 1.7588E-3 7.32715E-3 6.14305E-2 -9999 -9999 -9999 -9999 -9999 -9999 -9999
0E0 0E0 0E0 0E0 0E0 0E0 0E0 0E0 0E0 7.7031E-2 9.11564E-2 1.34667E-1 0E0 0E0 0E0 0E0 0E0 0E0 0E0 0E0 0E0 0E0 2.18055E-1 2.29872E-1 2.89616E-1 2.48972E-1 1.94961E-1 9.29471E-2 7.09057E-2 7.70473E-2 5.09177E-2 6.19932E-2 6.90604E-2 1.40332E-2 9.33245E-3 1.18446E-3 2.89623E-4 4.12245E-4 3.8831E-5 1.3237E-5 4.96279E-6 3.89042E-6 7.76666E-6 1.88635E-5 7.49817E-5 8.04184E-4 2.46679E-4 3.90625E-5 1.6436E-4 9.92867E-3 7.09423E-2 4.3122E-2 3.49811E-2 -9999 -9999 -9999 -9999 -9999 -9999 -9999 8.54514E-4 1.59016E-4 2.74532E-5 1.99647E-5 3.61291E-5 3.45948E-4 1.08196E-3 4.17545E-3 1.45629E-3 3.61698E-2 6.63667E-2 -9999 -9999 -9999 -9999 -9999 -9999 -9999
0E0 0E0 0E0 0E0 0E0 0E0 0E0 0E0 0E0 0E0 0E0 0E0 0E0 0E0 0E0 0E0 0E0 0E0 0E0 0E0 0E0 0E0 0E0 1.61502E-1 2.36635E-1 2.05745E-1 1.52146E-1 6.86968E-2 4.28545E-2 2.42868E-2 1.58025E-2 1.60764E-2 3.4928E-2 6.50866E-3 1.01371E-4 4.72642E-5 7.41262E-5 1.27298E-4 1.39495E-4 3.59528E-5 1.29341E-5 5.55877E-6 5.25377E-6 2.02562E-5 8.42846E-5 4.79079E-4 4.12892E-5 4.46651E-5 1.28843E-4 1.95784E-3 5.84914E-3 4.66208E-3 1.68706E-2 1.02219E-2 -9999 -9999 -9999 -9999 -9999 -9999 -9999 1.18588E-4 1.84806E-5 3.82173E-5 3.43348E-4 8.53065E-4 3.13925E-3 9.47986E-3 1.147E-2 7.62025E-2 -9999 -9999 -9999 -9999 -9999 -9999 -9999 -9999
0E0 0E0 0E0 0E0 0E0 0E0 0E0 0E0 0E0 0E0 0E0 0E0 0E0 0E0 0E0 0E0 0E0 0E0 0E0 0E0 0E0 0E0 0E0 1.24408E-1 1.59737E-1 2.30448E-1 1.31526E-1 6.90344E-2 1.81464E-2 4.68951E-3 2.01316E-3 1.15865E-3 8.46781E-4 1.97842E-4 2.29913E-5 6.73305E-6 1.07426E-5 2.29138E-5 4.65878E-5 7.34673E-5 1.9181E-5 5.2929E-6 5.35809E-6 1.41111E-5 6.35272E-5 3.20506E-4 1.2233E-5 1.7158E-5 7.0792E-6 5.44336E-5 4.43177E-4 4.57837E-4 8.5867E-3 1.36817E-2 3.36165E-2 -9999 -9999 -9999 -9999 -9999 -9999 2.06413E-4 4.68053E-5 1.36084E-4 2.02479E-4 1.76957E-4 3.00241E-3 1.7669E-2 -9999 -9999 -9999 -9999 -9999 -9999 -9999 -9999 -9999 -9999
0E0 0E0 0E0 0E0 0E0 0E0 0E0 0E0 0E0 0E0 0E0 0E0 0E0 0E0 0E0 0E0 1.1535E-1 1.67744E-1 1.52953E-1 1.74817E-1 0E0 0E0 1.6025E-1 8.85355E-2 1.16469E-1 1.46886E-1 1.66207E-1 1.06156E-1 4.00577E-2 3.04145E-2 2.22172E-2 9.98473E-3 4.65378E-4 9.89774E-5 8.53884E-5 3.46296E-5 1.91144E-5 6.60668E-6 3.5255E-5 1.01084E-5 1.52878E-5 9.35826E-6 4.01299E-6 9.50688E-6 1.16146E-4 1.09037E-4 5.51202E-6 1.46612E-5 5.62849E-6 3.40566E-6 1.21874E-5 3.32362E-5 2.33063E-3 2.20949E-2 3.4702E-2 1.7717E-1 -9999 -9999 -9999 -9999 -9999 2.60112E-4 6.0827E-5 2.06332E-4 7.86605E-5 2.2171E-4 2.5325E-3 1.9699E-2 -9999 -9999 -9999 -9999 -9999 -9999 -9999 -9999 -9999 -9999
0E0 0E0 0E0 0E0 0E0 0E0 0E0 0E0 0E0 0E0 0E0 0E0 0E0 0E0 0E0 7.87888E-2 9.25586E-2 9.11187E-2 1.04477E-1 0E0 0E0 1.75083E-1 1.07054E-1 5.92588E-2 9.39639E-2 8.71839E-2 1.40676E-1 1.13497E-1 8.89895E-2 9.41032E-2 5.41667E-2 3.53372E-2 7.5508E-3 9.37691E-4 1.57018E-4 3.5199E-5 2.39498E-5 8.63349E-6 3.09931E-6 5.92539E-6 6.23092E-6 7.36042E-6 6.1645E-6 2.06726E-5 1.34022E-4 6.76433E-5 2.82134E-6 3.89926E-6 2.76952E-6 2.72622E-6 3.17291E-5 2.43914E-4 7.5251E-3 3.45122E-2 5.64953E-2 8.10192E-2 -9999 -9999 -9999 -9999 -9999 9.62539E-4 6.35239E-4 6.82649E-4 1.36111E-3 1.69979E-3 1.51219E-2 -9999 -9999 -9999 -9999 -9999 -9999 5.90801E-2 -9999 -9999 -9999 -9999
0E0 0E0 0E0 0E0 0E0 0E0 0E0 0E0 0E0 0E0 0E0 0E0 0E0 0E0 8.61801E-2 8.42959E-2 1.00428E-1 1.12496E-1 0E0 1.68563E-1 1.91723E-1 1.83028E-1 1.50072E-1 7.71902E-2 7.12477E-2 4.41198E-2 6.3225E-2 7.28103E-2 6.35707E-2 2.4925E-2 5.87539E-3 2.97464E-3 4.35239E-3 9.13912E-4 2.41051E-4 2.53607E-4 1.18693E-4 1.53713E-5 6.26374E-6 4.78917E-6 4.17535E-6 4.55195E-6 4.61561E-6 6.31128E-6 1.72841E-5 3.79475E-5 4.6279E-6 3.06957E-6 4.93725E-6 2.64244E-6 7.00232E-6 1.73175E-4 2.55269E-3 4.43386E-2 5.33686E-2 1.41649E-1 2.90019E-1 -9999 -9999 -9999 -9999 8.13314E-3 1.00541E-2 1.70719E-2 8.96362E-3 -9999 -9999 -9999 -9999 -9999 -9999 -9999 2.96864E-2 4.8776E-2 -9999 -9999 -9999 -9999
0E0 0E0 0E0 0E0 0E0 0E0 0E0 0E0 0E0 0E0 0E0 0E0 0E0 0E0 1.15523E-1 0E0 0E0 0E0 0E0 1.5337E-1 1.53761E-1 1.42883E-1 8.55187E-2 1.15421E-1 1.08405E-1 5.65E-2 3.61846E-2 2.8368E-2 1.45597E-2 1.47144E-2 2.41795E-3 1.3738E-4 7.35475E-4 1.61915E-3 6.62256E-4 3.01322E-4 2.2762E-4 5.21886E-5 2.02608E-5 6.76156E-6 5.20233E-6 6.98364E-6 4.24966E-6 6.41789E-6 2.74909E-6 7.81269E-6 4.09964E-6 4.4351E-6 1.07443E-5 3.44522E-6 7.69471E-6 1.11253E-4 2.56661E-3 3.01199E-2 6.59991E-2 1.25219E-1 1.98269E-1 -9999 -9999 -9999 -9999 2.60265E-2 -9999 -9999 -9999 -9999 -9999 -9999 -9999 -9999 3.64501E-2 3.42219E-2 2.32116E-2 3.76165E-2 -9999 -9999 -9999 5.55685E-3
0E0 0E0 0E0 0E0 0E0 0E0 0E0 0E0 0E0 0E0 0E0 0E0 0E0 0E0 0E0 0E0 0E0 0E0 0E0 1.29284E-1 1.14116E-1 8.03487E-2 3.71877E-2 5.04888E-2 8.43026E-2 6.8947E-2 4.008E-2 3.89278E-2 2.09254E-2 5.65594E-3 2.9635E-3 2.41712E-4 7.02376E-5 2.98052E-4 8.18895E-5 8.74384E-5 3.98122E-5 2.42741E-5 2.09619E-5 8.5491E-6 4.85549E-6 8.95649E-6 6.45302E-6 6.08668E-6 4.34534E-6 3.96964E-6 5.84835E-6 1.65533E-5 6.0999E-6 2.85978E-6 2.83678E-6 2.4867E-5 6.08989E-4 4.34282E-3 4.52254E-2 1.58056E-1 -9999 -9999 -9999 -9999 -9999 -9999 -9999 -9999 -9999 -9999 -9999 -9999 -9999 -9999 3.58143E-2 1.91542E-2 2.96702E-2 3.04014E-2 -9999 -9999 -9999 2.60773E-3
