ENM/Final_Models/M_1_F_q_Set_1_NE/Gustavia_santanderiensis_Choco_median.asc
ncols         367
nrows         963
xllcorner     -78.6
yllcorner     0.65
cellsize      0.00833333333333323
NODATA_value  -9999
[rows 782 to 815 of 963, columns 156 to 233 of 367]
9.37734E-5 3.39683E-5 2.01832E-5 4.53519E-5 8.36944E-5 3.24808E-5 1.60065E-5 6.69062E-6 1.5486E-5 1.51126E-5 1.09436E-5 1.25889E-5 7.12788E-6 5.97759E-6 1.01578E-5 4.35973E-5 2.48164E-5 2.15225E-5 7.231E-5 5.60804E-4 1.66964E-3 2.13766E-3 8.4743E-3 1.52251E-2 -9999 -9999 -9999 -9999 -9999 -9999 -9999 -9999 -9999 -9999 -9999 -9999 -9999 -9999 -9999 -9999 -9999 1.54922E-2 1.00611E-2 8.27558E-3 1.39678E-2 9.01488E-3 1.07758E-2 1.8438E-2 1.3147E-2 8.78551E-3 7.05164E-3 4.78455E-3 4.79281E-3 6.28495E-3 3.92455E-3 3.32327E-3 3.50242E-3 2.78791E-3 2.96621E-3 2.55876E-3 1.06876E-3 1.15104E-3 8.42333E-4 7.02205E-4 3.17688E-4 2.01847E-4 7.59371E-5 1.98272E-5 1.25759E-5 6.90817E-5 4.42806E-5 8.9824E-5 1.43764E-4 1.63831E-4 1.15027E-4 7.43022E-5 9.27381E-5 1.20759E-4
2.63467E-5 1.91227E-5 2.26753E-5 2.0929E-5 1.5961E-5 2.53372E-5 1.96455E-5 5.09577E-6 1.00855E-5 5.30463E-6 4.27056E-6 5.55027E-6 4.8747E-6 1.1579E-5 2.26835E-5 6.21925E-5 6.25139E-5 8.41574E-5 2.08585E-4 1.35314E-3 4.35712E-3 8.86713E-3 -9999 -9999 3.43059E-3 -9999 -9999 -9999 -9999 -9999 -9999 -9999 -9999 -9999 -9999 -9999 -9999 -9999 -9999 -9999 2.15411E-2 1.63637E-2 1.46755E-2 7.3043E-3 1.62045E-2 1.85902E-2 2.09569E-2 1.73247E-2 1.07931E-2 3.86831E-3 2.62011E-3 2.65177E-3 3.68011E-3 6.25423E-3 1.91723E-3 1.03206E-3 2.48565E-3 3.0252E-3 2.12479E-3 1.19945E-3 1.2531E-3 1.33386E-3 4.07033E-4 1.80138E-4 1.55597E-4 1.56237E-4 1.10926E-4 2.63555E-5 8.0518E-6 4.11333E-5 5.16448E-5 6.79689E-5 7.19734E-5 1.02019E-4 1.20822E-4 4.45132E-5 9.37538E-5 1.10476E-4
1.0573E-5 7.18112E-6 4.01739E-6 8.39118E-6 8.0109E-6 1.94867E-5 1.09288E-5 5.03059E-6 1.30713E-5 9.91615E-6 2.98968E-6 4.78732E-6 1.33035E-5 3.1121E-5 4.59449E-5 3.10727E-4 1.0737E-4 5.25871E-4 1.36468E-3 3.8343E-3 8.28677E-3 -9999 -9999 -9999 1.04425E-2 -9999 -9999 -9999 -9999 -9999 -9999 -9999 -9999 -9999 -9999 -9999 -9999 -9999 -9999 1.10415E-2 1.17652E-2 8.15086E-3 1.02418E-2 7.92493E-3 2.11736E-2 2.4171E-2 1.74697E-2 8.12292E-3 3.10899E-3 6.96512E-4 3.81557E-3 2.25811E-3 2.46457E-3 2.06254E-3 4.3183E-3 1.01738E-3 7.60099E-4 3.49883E-4 6.49503E-4 5.74106E-4 3.69993E-4 3.41037E-4 4.45281E-4 2.11684E-4 1.07308E-4 2.98533E-5 2.03248E-5 4.42553E-5 4.14067E-5 4.90783E-5 5.90388E-5 4.00951E-5 9.70608E-5 6.23219E-5 4.28032E-5 6.12889E-5 6.01235E-5 6.11609E-5
6.78077E-6 1.15302E-5 8.40521E-6 6.49391E-6 4.41972E-6 1.25862E-5 5.56968E-6 9.28956E-6 1.24784E-5 8.05076E-6 6.74524E-6 1.26562E-5 3.50247E-5 7.56471E-5 1.96826E-4 8.31397E-4 4.69059E-5 2.59846E-4 1.49027E-3 6.6413E-3 6.14923E-3 -9999 -9999 -9999 1.77053E-2 -9999 -9999 -9999 -9999 -9999 -9999 -9999 -9999 -9999 -9999 -9999 -9999 -9999 6.98096E-3 7.37103E-3 7.65848E-3 6.54812E-3 6.47414E-3 1.27622E-2 2.54536E-2 2.13864E-2 9.67552E-3 8.5659E-3 1.33174E-3 3.60336E-4 2.6223E-3 2.1309E-3 7.61073E-4 8.66194E-4 4.11621E-3 1.67699E-3 4.54213E-4 2.83373E-4 4.50746E-4 2.17867E-4 7.20918E-5 7.21323E-5 6.45064E-4 2.77903E-4 7.34997E-5 4.7972E-5 7.33974E-5 3.04799E-5 3.03294E-5 4.8747E-5 6.11679E-5 4.38968E-5 5.39449E-5 1.31094E-4 9.20097E-5 6.42807E-5 4.43332E-5 1.16892E-4
1.56776E-5 1.78058E-5 1.04035E-5 1.63333E-5 4.5987E-6 5.84164E-6 4.59429E-6 1.17815E-5 1.89361E-5 7.15579E-6 9.97869E-6 1.02962E-5 5.19076E-5 1.18919E-4 2.40349E-4 6.49898E-4 5.28262E-5 5.28543E-5 7.43205E-4 1.90393E-3 -9999 -9999 -9999 -9999 -9999 -9999 -9999 -9999 -9999 -9999 -9999 -9999 -9999 -9999 -9999 -9999 -9999 -9999 -9999 7.81737E-3 7.10162E-3 6.3375E-3 9.40095E-3 2.09331E-2 2.32978E-2 1.02527E-2 5.74445E-3 2.74679E-3 1.05256E-3 2.99149E-4 1.29339E-3 1.19164E-3 5.18221E-4 7.35076E-4 3.58345E-3 3.20546E-3 6.49982E-4 4.084E-4 1.04946E-4 8.22271E-5 5.08729E-5 9.93264E-5 1.95846E-4 3.06243E-4 3.15083E-5 2.30324E-5 6.12288E-5 5.82746E-5 6.66354E-5 4.46023E-5 7.10011E-5 6.71793E-5 6.28536E-5 6.95502E-5 1.04777E-4 1.31206E-4 1.37034E-4 1.17729E-4
1.60486E-5 4.08681E-6 9.15756E-6 5.16316E-5 2.71878E-5 6.85319E-6 7.69586E-6 2.35008E-5 5.25422E-5 6.53938E-6 6.53684E-6 1.41364E-5 4.98591E-5 9.24246E-5 2.93068E-4 3.93213E-4 5.16326E-4 5.01737E-5 1.4706E-4 1.2668E-3 -9999 -9999 -9999 -9999 -9999 -9999 -9999 -9999 -9999 -9999 -9999 -9999 -9999 -9999 -9999 -9999 -9999 -9999 -9999 1.34619E-2 1.04561E-2 2.35237E-2 1.98568E-2 3.70385E-2 2.90729E-2 1.47471E-2 7.65607E-3 1.74369E-3 3.78077E-4 2.09939E-4 8.36495E-4 1.10641E-3 1.07266E-3 1.13748E-3 4.30794E-3 3.657E-3 7.70765E-4 2.64254E-4 2.96369E-5 7.16904E-5 2.38866E-5 8.16284E-5 1.68697E-4 4.10394E-5 2.05157E-5 3.5253E-5 1.94189E-5 8.33831E-5 9.51159E-5 5.43663E-5 6.62294E-5 1.21419E-4 6.67682E-5 3.68812E-5 3.78683E-5 5.30676E-5 1.41002E-4 1.78281E-4
6.99053E-6 2.61551E-6 8.76792E-6 2.50962E-5 1.45275E-5 1.08943E-5 1.60487E-5 3.23892E-5 1.13619E-4 1.9592E-5 2.2786E-6 4.03111E-6 4.05208E-5 1.3483E-4 5.0269E-4 1.30242E-3 4.91619E-4 3.7945E-4 6.87169E-5 9.77462E-4 3.2266E-3 -9999 -9999 -9999 -9999 -9999 -9999 -9999 -9999 -9999 -9999 -9999 -9999 -9999 -9999 -9999 -9999 1.38611E-2 2.32687E-2 1.44829E-2 1.10891E-2 2.92972E-2 3.55176E-2 2.03061E-2 1.25547E-2 1.31407E-2 5.08546E-3 1.90497E-3 9.24573E-5 5.45588E-5 9.97372E-5 3.3276E-4 1.05189E-3 1.81764E-3 2.09672E-3 3.21219E-3 1.34827E-3 1.38966E-4 1.4758E-4 6.93622E-5 5.40581E-5 6.71752E-5 7.79413E-5 1.15281E-4 3.18889E-5 5.92458E-5 7.79817E-5 7.60047E-5 6.5763E-5 5.33439E-5 9.82074E-5 4.5769E-5 6.03491E-5 4.65759E-5 4.80976E-5 8.53334E-5 9.58474E-5 6.63177E-5
8.02919E-6 1.04256E-5 5.55574E-6 5.88637E-6 3.03336E-6 2.30189E-6 5.83954E-6 1.76731E-5 1.11767E-4 2.35785E-5 6.74372E-6 1.03097E-5 2.5534E-5 3.39428E-4 1.9481E-3 2.36668E-3 1.71714E-3 6.57851E-4 3.26751E-4 1.63842E-3 5.49883E-3 7.65201E-3 -9999 -9999 -9999 -9999 -9999 -9999 -9999 -9999 -9999 -9999 -9999 -9999 -9999 -9999 8.58991E-3 1.50178E-2 2.71667E-2 1.23375E-2 2.18477E-2 2.50098E-2 1.20089E-2 9.60574E-3 1.0848E-2 9.87026E-3 1.0468E-3 1.03331E-3 3.0511E-4 1.35168E-4 4.51171E-5 3.67705E-4 4.95653E-4 9.85691E-4 4.54336E-4 9.3494E-4 1.24259E-3 3.57227E-4 1.92709E-4 7.62092E-5 5.82324E-5 4.90466E-5 5.20472E-5 6.24448E-5 5.17525E-5 7.62783E-5 8.01488E-5 1.06342E-4 1.07656E-4 8.85037E-5 4.51868E-5 9.19504E-5 4.90897E-5 1.88922E-5 1.68266E-5 2.2532E-5 5.36441E-5 1.06097E-4
1.38626E-5 2.12384E-5 3.01079E-6 2.46757E-5 9.45413E-5 2.70413E-5 6.39821E-5 2.13657E-4 5.07831E-5 2.3244E-5 8.80533E-6 1.02134E-5 1.10613E-4 2.76591E-4 1.40005E-3 5.75862E-3 2.03599E-3 2.32538E-3 2.54266E-3 9.10721E-4 4.1175E-3 -9999 -9999 -9999 -9999 -9999 -9999 -9999 -9999 -9999 -9999 -9999 -9999 -9999 -9999 -9999 9.28802E-3 1.12537E-2 2.88162E-2 2.77805E-2 2.10296E-2 1.02375E-2 4.41652E-3 2.70851E-3 3.21079E-3 4.2251E-3 1.27588E-3 1.26281E-4 1.36811E-4 1.11487E-4 1.10542E-4 1.99602E-4 1.37242E-4 5.12516E-4 2.62204E-4 2.15612E-4 1.25428E-3 4.06405E-4 2.27674E-5 6.84776E-5 5.19658E-5 5.99269E-5 6.39432E-5 6.67779E-5 7.49932E-5 8.68485E-5 7.44867E-5 8.52143E-5 9.17033E-5 6.73659E-5 3.83323E-5 6.5724E-5 9.53659E-5 1.50333E-5 1.41584E-5 3.71327E-5 7.96852E-5 5.19162E-5
1.16284E-5 1.68373E-5 5.9454E-6 1.20391E-5 1.67558E-4 2.75499E-4 3.39302E-4 4.82194E-4 3.68268E-5 5.24739E-6 8.08237E-6 4.52176E-5 2.04588E-4 4.44416E-4 2.20872E-3 -9999 3.50748E-3 6.62363E-3 3.57423E-3 4.33352E-3 3.22364E-3 -9999 -9999 -9999 -9999 -9999 -9999 -9999 -9999 -9999 -9999 -9999 -9999 -9999 -9999 -9999 8.92109E-3 1.95165E-2 3.89933E-2 3.93079E-2 1.56707E-2 4.86238E-3 2.90232E-3 2.93448E-3 1.66052E-3 9.14303E-4 2.73145E-3 2.21486E-4 1.72562E-4 1.17494E-4 1.3426E-4 8.2316E-5 1.4453E-4 1.76896E-4 8.43389E-5 1.67509E-4 5.3726E-4 3.52101E-4 2.32339E-5 6.8048E-5 3.8575E-5 5.30043E-5 6.77722E-5 6.03226E-5 5.69173E-5 4.2856E-5 7.09101E-5 6.60997E-5 5.5778E-5 1.65224E-4 6.24924E-5 9.95316E-5 1.47298E-4 5.44951E-5 5.60774E-5 4.17815E-5 6.14885E-5 4.97257E-5
5.40178E-6 1.39245E-5 1.60881E-6 2.07343E-6 4.98903E-5 1.05264E-3 4.10301E-4 1.10861E-4 1.19803E-5 9.62389E-6 2.33151E-5 1.51691E-4 4.81366E-4 9.10273E-4 1.57354E-3 -9999 -9999 -9999 1.2564E-2 9.11678E-3 4.09125E-2 -9999 -9999 -9999 -9999 -9999 -9999 -9999 -9999 -9999 -9999 -9999 -9999 -9999 -9999 -9999 -9999 -9999 -9999 2.53477E-2 5.55092E-3 5.88844E-3 5.7658E-3 2.02196E-3 4.80575E-4 1.2789E-4 4.82112E-4 2.78557E-4 1.34684E-4 3.1783E-5 2.54514E-5 1.82917E-5 7.46076E-5 1.14621E-4 3.09496E-5 2.62043E-5 1.4285E-4 5.84683E-4 8.43579E-5 5.06483E-5 4.10464E-5 4.68332E-5 4.41217E-5 5.8836E-5 7.28617E-5 3.26653E-5 3.47838E-5 4.05356E-5 6.1807E-5 8.99021E-5 1.3868E-4 6.53636E-5 1.11912E-4 3.2344E-5 6.95617E-5 4.56073E-5 4.12374E-5 4.60468E-5
3.69097E-6 6.27744E-6 6.30075E-6 1.99067E-5 6.06744E-5 1.13742E-3 3.36184E-4 1.5264E-5 7.81456E-6 1.54241E-5 5.73553E-5 2.25761E-4 9.18402E-4 2.65682E-3 4.64596E-3 6.16263E-3 -9999 -9999 -9999 -9999 -9999 -9999 -9999 -9999 -9999 -9999 -9999 -9999 -9999 -9999 -9999 -9999 -9999 -9999 -9999 -9999 -9999 3.57672E-2 1.14091E-2 6.1948E-3 1.06714E-2 6.49261E-3 2.38747E-3 7.55883E-4 4.79643E-4 1.08337E-4 2.28494E-4 3.54418E-4 7.20807E-5 1.40656E-5 2.32459E-5 1.53704E-5 3.70954E-5 2.28666E-5 3.07758E-5 4.86384E-5 1.97861E-4 1.09661E-4 2.11842E-4 4.85404E-5 3.86962E-5 3.38978E-5 3.59079E-5 3.59004E-5 3.99314E-5 4.73927E-5 5.52066E-5 9.26867E-5 4.84182E-5 4.97479E-5 5.63127E-5 1.10588E-4 1.00973E-4 3.54253E-5 5.85345E-5 3.00312E-5 3.50662E-5 3.84029E-5
2.08242E-6 5.31135E-6 9.94746E-5 5.50959E-5 9.36189E-4 6.79646E-4 1.91647E-4 2.45568E-5 3.32816E-6 4.79502E-5 1.87748E-4 6.64668E-4 1.96123E-3 3.20014E-3 2.01079E-3 4.61067E-3 -9999 -9999 -9999 -9999 -9999 -9999 -9999 -9999 -9999 -9999 -9999 -9999 -9999 -9999 -9999 -9999 -9999 -9999 -9999 -9999 3.076E-2 2.31416E-2 -9999 1.24014E-2 1.03483E-2 2.06955E-3 2.04971E-3 1.66543E-3 5.9968E-4 3.00287E-4 1.15542E-4 4.58069E-5 6.88145E-5 5.32217E-5 6.3608E-5 5.37251E-5 5.96245E-5 4.10866E-5 1.91983E-5 3.64275E-5 8.348E-5 7.52864E-5 2.41246E-4 3.82212E-5 3.98905E-5 4.98098E-5 4.61114E-5 2.99352E-5 3.04216E-5 3.81322E-5 4.98888E-5 6.46858E-5 7.99684E-5 4.21179E-5 5.06218E-5 6.3984E-5 1.14736E-4 4.62195E-5 3.86138E-5 4.75881E-5 2.8135E-5 3.00424E-5
9.36386E-6 8.78965E-6 1.97576E-4 9.81943E-4 1.48459E-3 4.6197E-4 1.32023E-4 2.05371E-6 6.78611E-6 4.35666E-5 3.46242E-4 1.26016E-3 6.03461E-3 3.68587E-3 7.39418E-3 -9999 -9999 -9999 -9999 -9999 -9999 -9999 -9999 -9999 -9999 -9999 -9999 -9999 -9999 -9999 -9999 -9999 -9999 -9999 -9999 2.28587E-2 2.52146E-2 -9999 -9999 2.16224E-2 1.77422E-2 5.00165E-3 3.09709E-3 7.25334E-4 1.95377E-3 1.46095E-3 2.42479E-4 3.85456E-5 9.14182E-5 4.18846E-5 4.99663E-5 7.68453E-5 6.1644E-5 8.08144E-5 6.07336E-5 4.32917E-5 3.74023E-5 3.55633E-5 3.93367E-5 6.21117E-5 3.46718E-5 2.77518E-5 3.36879E-5 5.6823E-5 4.59682E-5 3.8263E-5 3.97586E-5 3.93019E-5 3.65132E-5 6.29526E-5 4.59841E-5 7.18646E-5 8.0869E-5 5.39798E-5 4.30089E-5 4.5588E-5 2.5174E-5 2.92876E-5
6.89168E-7 2.36416E-5 3.91027E-5 9.08655E-4 1.80652E-3 -9999 -9999 2.64434E-5 2.14308E-5 1.78915E-4 4.07532E-4 1.31377E-3 4.39965E-3 8.47276E-3 -9999 -9999 -9999 -9999 -9999 -9999 -9999 -9999 -9999 -9999 -9999 -9999 -9999 -9999 -9999 -9999 -9999 -9999 -9999 -9999 -9999 -9999 -9999 -9999 -9999 7.88739E-3 7.50855E-3 1.33348E-2 9.40542E-3 6.85813E-3 2.89699E-3 3.47056E-3 7.55793E-4 3.87395E-4 2.08494E-4 5.0678E-5 4.62041E-5 4.46813E-5 4.21533E-5 7.12537E-5 5.34084E-5 6.50769E-5 5.91052E-5 6.04881E-5 3.22803E-5 3.73027E-5 4.01924E-5 1.98846E-5 2.239E-5 3.41525E-5 6.5308E-5 4.4153E-5 3.48315E-5 5.61608E-5 5.73622E-5 9.22932E-5 5.7147E-5 4.80673E-5 5.96797E-5 5.83927E-5 3.81388E-5 5.2424E-5 2.56973E-5 3.04511E-5
2.43793E-4 5.35065E-5 9.61812E-5 1.99444E-3 2.49029E-3 -9999 -9999 7.38003E-5 1.24503E-4 5.12608E-4 1.48122E-3 2.34139E-3 5.427E-3 3.73337E-3 1.38502E-2 -9999 -9999 -9999 -9999 -9999 -9999 -9999 -9999 -9999 -9999 -9999 -9999 -9999 -9999 -9999 -9999 -9999 -9999 -9999 -9999 -9999 -9999 -9999 -9999 5.87138E-3 4.46114E-3 9.56311E-3 3.91386E-3 2.24084E-3 1.79937E-3 1.23142E-3 9.29198E-4 4.71156E-4 4.94174E-4 1.49541E-4 4.59532E-5 5.15319E-5 6.99482E-5 6.06108E-5 5.19803E-5 1.1052E-4 8.75164E-5 5.96377E-5 4.59439E-5 2.39077E-5 3.94615E-5 2.98281E-5 2.6201E-5 2.99747E-5 5.05477E-5 7.22671E-5 4.6348E-5 9.89877E-5 1.00908E-4 5.97213E-5 4.1632E-5 6.18608E-5 6.01806E-5 8.15913E-5 5.33398E-5 4.73862E-5 4.0551E-5 3.12121E-5
1.59118E-4 4.67901E-4 1.13176E-3 3.07739E-3 2.61249E-3 -9999 -9999 6.24914E-4 7.13198E-4 1.32579E-3 1.62014E-3 6.86102E-3 5.73474E-3 3.8254E-3 2.02549E-2 -9999 -9999 -9999 -9999 -9999 -9999 -9999 -9999 -9999 -9999 -9999 -9999 -9999 -9999 -9999 -9999 -9999 -9999 -9999 -9999 -9999 -9999 -9999 -9999 3.34292E-3 2.54335E-3 7.80999E-3 2.21191E-3 4.4943E-4 1.31003E-4 2.69188E-4 1.79143E-4 2.43998E-4 5.76108E-5 1.173E-4 6.73893E-5 6.88539E-5 7.81653E-5 5.70798E-5 4.28325E-5 5.5448E-5 6.63788E-5 5.42051E-5 1.9197E-5 4.48052E-5 5.07675E-5 4.41693E-5 3.73845E-5 2.79496E-5 3.78018E-5 6.24689E-5 6.12239E-5 7.65499E-5 9.3704E-5 9.82877E-5 7.91085E-5 6.95952E-5 8.12407E-5 6.63391E-5 3.31603E-5 3.16328E-5 4.8037E-5 5.05232E-5
1.54682E-5 9.52734E-5 2.26694E-3 -9999 -9999 -9999 -9999 2.3072E-3 1.54643E-3 3.49383E-3 4.95191E-3 6.71248E-3 -9999 -9999 -9999 -9999 -9999 -9999 -9999 -9999 -9999 -9999 -9999 -9999 -9999 -9999 -9999 -9999 -9999 -9999 -9999 -9999 -9999 -9999 -9999 -9999 -9999 -9999 1.73092E-3 2.61904E-3 1.65673E-3 2.31047E-3 1.26952E-3 2.19729E-4 1.66601E-4 2.18118E-4 6.71061E-4 1.32206E-4 7.38898E-5 8.60202E-5 7.77593E-5 4.92871E-5 6.61729E-5 6.31019E-5 5.36314E-5 4.3648E-5 4.43059E-5 3.6971E-5 3.33995E-5 4.73005E-5 2.54062E-5 4.62457E-5 3.51622E-5 2.89288E-5 3.40504E-5 3.44616E-5 4.42664E-5 7.0932E-5 7.59293E-5 8.25437E-5 5.48848E-5 5.34963E-5 8.10545E-5 6.77461E-5 3.77749E-5 3.20863E-5 4.14876E-5 5.16149E-5
1.05971E-5 2.98717E-4 3.42859E-3 -9999 -9999 -9999 -9999 1.1727E-3 4.53513E-3 2.11542E-3 1.61544E-2 3.50072E-2 -9999 -9999 -9999 -9999 -9999 -9999 -9999 -9999 -9999 -9999 -9999 -9999 -9999 -9999 -9999 -9999 -9999 -9999 -9999 -9999 -9999 -9999 -9999 -9999 -9999 -9999 4.88305E-4 2.79261E-4 2.72695E-3 1.3504E-3 6.26989E-4 4.78557E-4 1.45775E-4 6.22798E-5 1.74305E-4 1.31175E-4 9.12399E-5 1.10277E-4 8.17767E-5 7.64417E-5 1.51397E-4 7.46045E-5 6.87903E-5 8.0978E-5 1.04823E-4 7.82906E-5 4.97391E-5 2.90552E-5 2.15548E-5 4.89992E-5 6.72213E-5 2.76828E-5 2.90898E-5 2.43023E-5 3.67393E-5 4.38601E-5 6.7637E-5 7.89392E-5 5.3053E-5 6.03023E-5 6.42751E-5 4.95253E-5 3.45594E-5 4.03196E-5 4.25581E-5 6.13877E-5
2.92165E-5 3.79958E-4 3.73889E-3 3.06926E-3 -9999 -9999 -9999 -9999 -9999 1.30069E-2 1.88483E-2 3.06273E-2 -9999 -9999 -9999 -9999 -9999 -9999 -9999 -9999 -9999 -9999 -9999 -9999 -9999 -9999 -9999 -9999 -9999 -9999 -9999 -9999 -9999 -9999 -9999 -9999 -9999 -9999 3.08836E-4 8.42826E-4 1.58711E-3 6.09035E-4 9.90323E-5 1.56625E-4 2.51343E-4 2.19808E-4 2.04856E-4 6.82098E-5 9.97588E-5 1.02793E-4 1.20264E-4 1.28605E-4 7.81687E-5 8.04338E-5 9.73967E-5 8.65264E-5 1.26083E-4 5.349E-5 2.75387E-5 3.5571E-5 5.85086E-5 2.48171E-5 2.82802E-5 3.40879E-5 2.06166E-5 2.28375E-5 2.24586E-5 2.38609E-5 5.97322E-5 7.49818E-5 5.87641E-5 8.25695E-5 5.73592E-5 4.06035E-5 4.56885E-5 6.25639E-5 6.46434E-5 6.58561E-5
1.11418E-4 7.11309E-4 2.5786E-3 1.62478E-3 -9999 -9999 -9999 -9999 -9999 -9999 2.58681E-2 -9999 -9999 -9999 -9999 -9999 -9999 -9999 -9999 -9999 -9999 -9999 -9999 -9999 -9999 -9999 -9999 -9999 -9999 -9999 -9999 -9999 -9999 -9999 -9999 -9999 -9999 -9999 2.62005E-3 3.2245E-4 6.71067E-4 3.99092E-4 1.69488E-4 2.57142E-4 2.89281E-4 2.29082E-4 7.68682E-5 5.60343E-5 4.48826E-5 4.85586E-5 5.88344E-5 1.17079E-4 8.4517E-5 8.6592E-5 1.20066E-4 1.40604E-4 1.35739E-4 1.13315E-4 9.78426E-5 8.82705E-5 4.13837E-5 2.97138E-5 4.06255E-5 4.37726E-5 2.10096E-5 2.28996E-5 2.73868E-5 4.36205E-5 5.88106E-5 8.30853E-5 6.25219E-5 7.77478E-5 5.48502E-5 6.65686E-5 6.27183E-5 6.27672E-5 8.29497E-5 8.38715E-5
1.60265E-5 3.46842E-4 2.66713E-4 2.38571E-4 6.16358E-4 1.14308E-3 3.0487E-3 -9999 -9999 -9999 -9999 -9999 -9999 -9999 -9999 -9999 -9999 -9999 -9999 -9999 -9999 -9999 -9999 -9999 -9999 -9999 -9999 -9999 -9999 -9999 -9999 -9999 -9999 -9999 -9999 -9999 -9999 -9999 3.31874E-3 6.565E-4 9.72133E-4 1.19943E-3 8.80122E-4 2.04751E-4 1.50326E-4 4.67688E-5 3.31347E-5 7.55215E-5 1.3578E-4 3.06432E-5 2.90874E-5 3.38879E-5 8.91398E-5 1.90978E-4 1.79434E-4 9.55131E-5 7.25238E-5 6.73136E-5 9.82488E-5 1.01297E-4 1.73954E-5 1.60281E-5 1.6513E-5 1.74685E-5 1.97704E-5 2.16323E-5 2.3279E-5 5.43637E-5 9.76995E-5 8.88898E-5 8.27725E-5 6.27124E-5 7.11055E-5 6.39542E-5 6.35062E-5 5.78523E-5 7.04096E-5 6.76552E-5
2.97636E-5 4.05634E-4 3.1528E-4 6.99766E-4 8.93292E-4 5.1307E-4 1.112E-3 4.77241E-3 1.27216E-2 -9999 -9999 -9999 -9999 -9999 -9999 -9999 -9999 -9999 -9999 -9999 -9999 -9999 -9999 -9999 -9999 -9999 -9999 -9999 -9999 -9999 -9999 -9999 -9999 -9999 -9999 -9999 -9999 -9999 -9999 1.29415E-3 9.83656E-4 1.52408E-3 8.56257E-4 1.39101E-4 5.15455E-5 2.58164E-5 2.1454E-5 2.8116E-5 6.92254E-5 4.36141E-5 3.09937E-5 3.28576E-5 3.65579E-5 1.06197E-4 6.83422E-5 4.59269E-5 5.33697E-5 5.35241E-5 7.21832E-5 7.0467E-5 2.6446E-5 2.22167E-5 2.1146E-5 2.77267E-5 2.0067E-5 2.17638E-5 3.4357E-5 5.98364E-5 8.22872E-5 8.29222E-5 8.07021E-5 7.41695E-5 8.54562E-5 6.12211E-5 -9999 -9999 5.96757E-5 4.76844E-5
1.7167E-5 2.41257E-4 1.36514E-3 1.24318E-3 1.81652E-3 1.14743E-3 1.11711E-3 1.07266E-2 3.97658E-2 2.15799E-2 -9999 -9999 -9999 -9999 -9999 -9999 -9999 -9999 -9999 -9999 -9999 -9999 -9999 -9999 -9999 -9999 -9999 -9999 -9999 -9999 -9999 -9999 -9999 -9999 -9999 -9999 -9999 -9999 -9999 2.76477E-3 1.24471E-3 8.02827E-4 6.96411E-4 3.60402E-4 6.19935E-5 3.78827E-5 6.36576E-5 1.01478E-4 5.17049E-5 1.59943E-5 4.70738E-5 4.15772E-5 3.631E-5 3.13757E-5 2.58785E-5 3.07791E-5 3.24219E-5 4.38026E-5 5.18535E-5 4.55065E-5 3.46812E-5 2.30574E-5 3.01695E-5 3.33158E-5 2.48538E-5 1.88497E-5 2.60984E-5 3.39785E-5 6.8871E-5 7.8652E-5 7.22628E-5 -9999 -9999 -9999 -9999 -9999 -9999 -9999
1.86141E-4 3.22854E-4 2.96464E-3 2.84363E-3 1.0978E-2 -9999 1.52781E-3 1.35689E-2 -9999 -9999 -9999 -9999 -9999 -9999 -9999 -9999 -9999 -9999 -9999 -9999 -9999 -9999 -9999 -9999 -9999 -9999 -9999 -9999 -9999 -9999 -9999 -9999 -9999 -9999 -9999 -9999 -9999 -9999 -9999 -9999 3.54003E-3 2.03965E-3 1.54226E-3 1.5917E-4 5.62204E-5 5.10677E-5 1.99161E-4 1.10462E-4 3.00148E-5 1.13175E-5 1.379E-5 2.31182E-5 2.43516E-5 4.78472E-5 3.0759E-5 2.61769E-5 2.16964E-5 2.63961E-5 4.01317E-5 3.50464E-5 6.62053E-5 8.44458E-5 1.05376E-4 7.13297E-5 4.50875E-5 3.97029E-5 2.73088E-5 6.21726E-5 5.40866E-5 -9999 -9999 -9999 -9999 -9999 -9999 -9999 -9999 -9999
5.73011E-4 5.96852E-4 3.83691E-3 2.91128E-3 1.31993E-2 -9999 3.44826E-3 -9999 -9999 -9999 -9999 -9999 -9999 -9999 -9999 -9999 -9999 -9999 -9999 -9999 -9999 -9999 -9999 -9999 -9999 -9999 -9999 -9999 -9999 -9999 -9999 -9999 -9999 -9999 -9999 -9999 -9999 -9999 -9999 -9999 -9999 2.33721E-3 2.31333E-3 4.40887E-4 5.8676E-5 1.15238E-4 1.0012E-4 7.86122E-5 3.85348E-5 2.51064E-5 1.90644E-5 1.28153E-5 1.04596E-5 3.68792E-5 3.06445E-5 3.11827E-5 2.34411E-5 3.02329E-5 2.74108E-5 4.45754E-5 7.21728E-5 9.21534E-5 7.74998E-5 6.65494E-5 6.49328E-5 6.2028E-5 4.98816E-5 5.40098E-5 -9999 -9999 -9999 -9999 -9999 -9999 -9999 -9999 -9999 -9999
1.53928E-3 1.62963E-3 3.45603E-3 1.32958E-2 -9999 -9999 -9999 -9999 -9999 -9999 -9999 -9999 -9999 -9999 -9999 -9999 -9999 -9999 -9999 -9999 -9999 -9999 -9999 -9999 -9999 -9999 -9999 -9999 -9999 -9999 -9999 -9999 -9999 -9999 -9999 -9999 -9999 -9999 -9999 -9999 -9999 -9999 1.47262E-3 9.25184E-5 1.64867E-4 2.76404E-4 2.04204E-4 5.98507E-5 4.54068E-5 3.67618E-5 3.82351E-5 3.09347E-5 2.30886E-5 1.19118E-5 5.5467E-5 3.12688E-5 3.04259E-5 3.78449E-5 3.74599E-5 4.77148E-5 2.30452E-5 6.21374E-5 5.61026E-5 4.44722E-5 5.71696E-5 6.06464E-5 3.5746E-5 -9999 -9999 -9999 -9999 -9999 -9999 -9999 -9999 -9999 -9999 -9999
1.65615E-3 4.77413E-3 2.34419E-3 5.33251E-3 -9999 -9999 -9999 -9999 -9999 -9999 -9999 -9999 -9999 -9999 -9999 -9999 -9999 -9999 -9999 -9999 -9999 -9999 -9999 -9999 -9999 -9999 -9999 -9999 -9999 -9999 -9999 -9999 -9999 -9999 -9999 -9999 2.5239E-3 2.09241E-3 2.49548E-3 -9999 -9999 -9999 -9999 1.60897E-3 2.18522E-3 9.66201E-4 2.42199E-4 8.55377E-5 3.18918E-5 3.52037E-5 3.19824E-5 7.36127E-5 3.02392E-5 2.88401E-6 2.47187E-5 6.65377E-5 6.55432E-5 5.82825E-5 5.24373E-5 5.52032E-5 3.90517E-5 3.30659E-5 5.34749E-5 4.18339E-5 5.7827E-5 5.4182E-5 -9999 -9999 -9999 -9999 -9999 -9999 -9999 -9999 -9999 -9999 -9999 -9999
3.58818E-3 8.18763E-3 -9999 -9999 3.46663E-3 -9999 -9999 -9999 -9999 -9999 -9999 -9999 -9999 -9999 -9999 -9999 -9999 -9999 -9999 -9999 -9999 -9999 -9999 -9999 -9999 -9999 -9999 -9999 -9999 -9999 -9999 -9999 -9999 -9999 -9999 -9999 3.35473E-4 3.77699E-4 1.6568E-3 2.27256E-3 2.57677E-3 -9999 -9999 6.05966E-3 4.40411E-3 3.13539E-3 1.82877E-4 3.83059E-5 1.1319E-4 1.13253E-4 1.1679E-4 9.00636E-5 2.2437E-5 4.34206E-6 5.12397E-5 7.31094E-5 3.97831E-5 9.41187E-5 4.47482E-5 4.89877E-5 5.27728E-5 4.44368E-5 5.09047E-5 3.78209E-5 4.74905E-5 -9999 -9999 -9999 -9999 -9999 -9999 -9999 -9999 -9999 -9999 -9999 -9999 -9999
5.28737E-3 7.68114E-3 -9999 -9999 5.23614E-3 -9999 -9999 -9999 -9999 -9999 -9999 -9999 -9999 -9999 -9999 -9999 -9999 -9999 -9999 -9999 -9999 -9999 -9999 -9999 -9999 -9999 -9999 -9999 -9999 -9999 -9999 -9999 -9999 -9999 -9999 -9999 2.52611E-4 2.30347E-4 1.85952E-3 8.2971E-4 3.04955E-4 3.86334E-4 8.46303E-4 1.05328E-3 4.00321E-3 2.75604E-3 1.58813E-3 1.31107E-4 2.76175E-4 1.06689E-4 9.42852E-5 5.35139E-5 5.0794E-6 4.37651E-6 1.18006E-5 3.47207E-5 2.01125E-5 2.94869E-5 6.04803E-5 5.19121E-5 4.8419E-5 6.55122E-5 5.50073E-5 4.64392E-5 5.62633E-5 -9999 -9999 -9999 -9999 -9999 -9999 -9999 -9999 -9999 -9999 -9999 -9999 -9999
5.61263E-3 -9999 -9999 -9999 -9999 -9999 -9999 -9999 -9999 -9999 -9999 -9999 -9999 -9999 -9999 -9999 -9999 -9999 -9999 -9999 -9999 -9999 -9999 -9999 -9999 -9999 -9999 -9999 -9999 -9999 -9999 -9999 -9999 4.02226E-3 4.86957E-3 -9999 -9999 2.13096E-4 3.72422E-4 4.43688E-4 3.1176E-4 9.8519E-5 3.2704E-5 4.78313E-5 9.8295E-4 3.29257E-3 1.21606E-3 1.45262E-3 2.28087E-4 6.97199E-5 4.89197E-5 6.45623E-6 1.43118E-5 2.03565E-5 1.68092E-5 2.78209E-5 1.54475E-5 3.42759E-5 4.17747E-5 6.96003E-5 4.55699E-5 5.34317E-5 6.77424E-5 6.04368E-5 -9999 -9999 -9999 -9999 -9999 -9999 -9999 -9999 -9999 -9999 -9999 -9999 -9999 -9999
2.84196E-3 6.42181E-3 -9999 -9999 -9999 -9999 -9999 -9999 -9999 -9999 -9999 -9999 -9999 -9999 -9999 -9999 -9999 -9999 -9999 -9999 -9999 -9999 -9999 -9999 -9999 -9999 -9999 -9999 -9999 -9999 -9999 -9999 -9999 3.36906E-3 5.87125E-3 -9999 -9999 1.70386E-4 3.63854E-4 6.17964E-5 7.33361E-5 4.34331E-5 4.46878E-5 8.08425E-5 5.79709E-4 1.42106E-3 1.91296E-3 1.98423E-3 6.34395E-5 4.45833E-5 1.43345E-5 1.48064E-5 2.61839E-5 5.21199E-5 4.74431E-5 3.29042E-5 1.70964E-5 4.26432E-5 6.72807E-5 6.70719E-5 4.97028E-5 3.94662E-5 5.91536E-5 8.36473E-5 -9999 -9999 -9999 -9999 -9999 -9999 -9999 -9999 -9999 -9999 -9999 -9999 -9999 -9999
-9999 -9999 2.35568E-2 -9999 -9999 -9999 -9999 -9999 -9999 -9999 -9999 -9999 -9999 -9999 -9999 -9999 -9999 -9999 -9999 -9999 -9999 -9999 -9999 -9999 -9999 -9999 -9999 -9999 -9999 -9999 -9999 -9999 -9999 2.39592E-3 6.09391E-3 1.47037E-3 7.05282E-4 2.76501E-4 6.47266E-4 2.94085E-5 9.30661E-6 6.28359E-5 1.30758E-4 6.37898E-4 5.51236E-4 7.23162E-5 1.35547E-4 1.22904E-3 2.91336E-4 1.56798E-4 2.84402E-4 1.37931E-4 6.2215E-5 5.238E-5 7.35088E-5 1.4363E-5 2.11354E-5 3.83944E-5 4.10394E-5 2.47876E-5 9.04796E-6 3.91779E-5 5.66963E-5 7.11059E-5 -9999 -9999 -9999 -9999 -9999 -9999 -9999 -9999 -9999 -9999 -9999 -9999 -9999 -9999
5.89964E-3 -9999 -9999 -9999 -9999 -9999 -9999 -9999 -9999 -9999 -9999 -9999 -9999 -9999 -9999 -9999 -9999 -9999 -9999 -9999 -9999 -9999 -9999 -9999 -9999 -9999 -9999 -9999 -9999 -9999 -9999 -9999 -9999 1.83007E-3 5.73247E-4 1.43181E-3 1.56081E-3 9.9497E-4 2.54022E-4 5.60189E-5 2.65095E-5 7.11708E-5 9.70809E-5 1.71301E-4 1.4292E-4 3.04662E-5 4.41761E-5 5.71986E-4 1.32427E-4 7.52425E-5 1.05217E-4 1.11147E-4 3.2766E-5 1.615E-5 1.65953E-5 4.00009E-6 1.12098E-5 1.08104E-5 2.13135E-5 3.57146E-5 1.30734E-5 3.21032E-5 4.74768E-5 -9999 -9999 -9999 -9999 -9999 -9999 -9999 -9999 -9999 -9999 -9999 -9999 -9999 -9999 -9999
