ENM/Final_Models/M_1_F_q_Set_1_NE/Gustavia_santanderiensis_0_Choco_novel.asc
ncols         367
nrows         963
xllcorner     -78.6
yllcorner     0.65
cellsize      0.00833333333333323
NODATA_value  -9999
[rows 600 to 629 of 963, columns 136 to 203 of 367]
-9999 -9999 -9999 -9999 -9999 -9999 -9999 -9999 -9999 -9999 -9999 -9999 -9999 -9999 -9999 -9999 -9999 -9999 -9999 -9999 -9999 -9999 -9999 -9999 -9999 -9999 -9999 -9999 -9999 -9999 -9999 -9999 -9999 -9999 -9999 -9999 2.59455E-1 1.39707E-1 7.98324E-2 -1.11111E1 -2.04915E1 -3.43434E1 -3.38384E1 -3.46633E1 -3.88446E1 -3.72806E1 -3.03862E1 -3.70252E1 -3.18864E1 -2.42424E1 -1.81818E1 -1.81818E1 -9.16055E0 -5.52186E0 -8.93712E0 -2.52525E0 -1.46465E1 -6.56566E0 -3.35142E0 -1.39164E1 -5.45803E0 -1.81818E1 -6.99011E0 1.59665E-1 1.99581E-2 -7.30532E-1 1.99581E-2 2.59455E-1
-9999 -9999 -9999 -9999 -9999 -9999 -9999 -9999 -9999 -9999 -9999 -9999 -9999 -9999 -9999 -9999 -9999 -9999 -9999 -9999 -9999 -9999 -9999 -9999 -9999 -9999 -9999 -9999 -9999 -9999 -9999 -9999 -9999 -9999 -9999 -9999 2.59455E-1 1.39707E-1 -1.51515E0 -9999 -9999 -9999 -3.38384E1 -4.0249E1 -3.45994E1 -3.77913E1 -3.47909E1 -3.15991E1 -2.82796E1 -1.67252E1 -1.90871E1 -1.91919E1 -1.12991E1 -3.83019E-1 3.99162E-2 -2.45771E0 -6.70284E0 -3.41526E0 -2.17044E0 -1.08522E1 -1.20013E1 -1.9151E0 -1.08522E0 2.59455E-1 1.19749E-1 9.3803E-1 1.99581E-2 1.99581E-2
-9999 -9999 -9999 -9999 -9999 -9999 -9999 -9999 -9999 -9999 -9999 -9999 -9999 -9999 -9999 -9999 -9999 -9999 -9999 -9999 -9999 -9999 -9999 -9999 -9999 -9999 -9999 -9999 -9999 -9999 -9999 -9999 -9999 -9999 -9999 -9999 2.59455E-1 1.59665E-1 -9999 -1.21212E1 -2.77778E1 -3.43434E1 -4.1398E1 -3.77913E1 -4.01851E1 -4.0217E1 -3.827E1 -3.12799E1 -3.21098E1 -2.47475E1 -2.42424E1 -1.43313E1 -6.09639E0 -1.69167E0 -2.52525E0 -2.84073E0 -6.73476E0 -5.26652E0 -5.48995E0 -8.68178E0 -1.89275E1 -1.59591E0 -5.9368E0 1.99581E-2 2.59455E-1 7.98324E-2 5.98743E-2 -1.71401E1
-9999 -9999 -9999 -9999 -9999 -9999 -9999 -9999 -9999 -9999 -9999 -9999 -9999 -9999 -9999 -9999 -9999 -9999 -9999 -9999 -9999 -9999 -9999 -9999 -9999 -9999 -9999 -9999 -9999 -9999 -9999 -9999 -9999 2.59455E-1 2.59455E-1 2.19539E-1 -9999 -9999 -9999 -1.26263E1 -2.82828E1 -3.38384E1 -3.88126E1 -4.58666E1 -4.50367E1 -4.1781E1 -3.53974E1 -3.10884E1 -2.94287E1 -2.20236E1 -2.01085E1 -1.36929E1 -4.75583E0 -4.54545E0 -7.07071E0 -2.87265E-1 -6.44749E0 -4.56432E0 -6.57517E0 -1.66613E1 -1.50016E1 -1.99808E1 -3.07692E1 -5.77721E0 7.98324E-2 2.19539E-1 2.39497E-1 7.98324E-2
-9999 -9999 -9999 -9999 -9999 -9999 -9999 -9999 -9999 -9999 -9999 -9999 -9999 -9999 -9999 -9999 -9999 -9999 -9999 -9999 -9999 -9999 -9999 -9999 -9999 -9999 -9999 -9999 -9999 -9999 -9999 -9999 -9999 -9999 2.59455E-1 2.59455E-1 -1.20013E1 -1.76768E1 -2.92929E1 -1.31313E1 -2.87879E1 -3.29397E1 -3.43434E1 -3.13438E1 -2.94606E1 -3.70571E1 -2.74816E1 -3.48548E1 -3.48548E1 -2.14491E1 -2.16406E1 -1.61187E1 -5.04309E0 -3.35142E0 -6.38366E0 -9.28822E0 -1.22566E1 -8.68178E0 -1.78742E0 -9.44781E0 -1.35334E1 -2.02681E1 -3.27162E1 -4.0404E0 -9.09091E0 -1.21212E1 -1.11111E1 3.19329E-1
-9999 -9999 -9999 -9999 -9999 -9999 -9999 -9999 -9999 -9999 -9999 -9999 -9999 -9999 -9999 -9999 -9999 -9999 -9999 -9999 -9999 -9999 -9999 -9999 -9999 -9999 -9999 -9999 -9999 -9999 -9999 -9999 -9999 1.79623E-1 -9999 -1.02139E1 -3.08081E1 -3.63636E1 -3.58586E1 -3.30035E1 -3.44079E1 -3.80147E1 -4.25152E1 -3.85892E1 -3.97383E1 -3.01628E1 -3.78232E1 -2.67475E1 -2.41302E1 -2.2279E1 -2.19279E1 -1.90871E1 -5.01117E0 -1.0101E0 -1.08522E1 -1.62145E1 -9.44781E0 -7.18161E0 -1.04054E1 -2.21194E1 -5.05051E0 -1.04692E1 -1.88637E1 -3.0303E0 7.98324E-2 1.19749E-1 -4.54545E0 -1.0101E0
-9999 -9999 -9999 -9999 -9999 -9999 -9999 -9999 -9999 -9999 -9999 -9999 -9999 -9999 -9999 -9999 -9999 -9999 -9999 -9999 -9999 -9999 -9999 -9999 -9999 -9999 -9999 -9999 -9999 -9999 -9999 -9999 -9999 2.59455E-1 -6.73476E0 -2.36195E1 -4.06001E1 -4.03128E1 -3.93233E1 -4.1813E1 -4.25471E1 -4.39834E1 -4.51644E1 -4.05043E1 -3.95468E1 -3.6323E1 -3.24928E1 -3.43441E1 -2.50878E1 -2.14491E1 -1.94063E1 -2.34599E1 -1.02777E1 -8.26684E0 -9.28822E0 -1.97574E1 -1.6789E1 -1.2512E1 -2.0715E1 -2.64603E1 -6.56566E0 -2.0202E0 -5.55556E0 -2.17172E1 -7.07071E0 -5.0505E-1 -1.11111E1 -7.57576E0
-9999 -9999 -9999 -9999 -9999 -9999 -9999 -9999 -9999 -9999 -9999 -9999 -9999 -9999 -9999 -9999 -9999 -9999 -9999 -9999 -9999 -9999 -9999 -9999 -9999 -9999 -9999 -9999 -9999 -9999 -9999 -9999 -9999 -2.01085E0 -1.84169E1 -3.0865E1 -3.62273E1 -4.29301E1 -4.36961E1 -4.62815E1 -4.95372E1 -5.25694E1 -4.89307E1 -5.23779E1 -5.20268E1 -4.15257E1 -3.90999E1 -3.38653E1 -2.49601E1 -2.18002E1 -2.03E1 -1.66933E1 -1.61187E1 -1.11395E1 -1.3278E1 -2.46728E1 -2.1864E1 -1.57038E1 -2.14172E1 -1.99489E1 -1.51515E1 -4.0404E0 3.19329E-1 5.38868E-1 -1.51515E1 -2.37472E1 -2.85988E1 -2.16406E1
-9999 -9999 -9999 -9999 -9999 -9999 -9999 -9999 -9999 -9999 -9999 -9999 -9999 -9999 -9999 -9999 -9999 -9999 -9999 -9999 -9999 -9999 -9999 -9999 -9999 -9999 -9999 -9999 -9999 -9999 -9999 1.67648E0 -9999 -5.20268E0 -1.95659E1 -3.74402E1 -3.81104E1 -4.42388E1 -4.376E1 -5.21864E1 -4.87711E1 -4.75263E1 -4.71433E1 -4.95691E1 -5.12289E1 -4.59943E1 -3.13438E1 -2.87584E1 -2.76412E1 -2.13214E1 -1.5608E1 -2.17683E1 -2.18002E1 -1.55123E1 -1.93106E1 -2.32365E1 -2.5407E1 -1.76508E1 -2.18959E1 -1.41414E1 -8.08081E0 7.98324E-2 1.19749E-1 -6.06061E0 -1.21212E1 -1.36364E1 -5.05051E0 3.59246E-1
-9999 -9999 -9999 -9999 -9999 -9999 -9999 -9999 -9999 -9999 -9999 -9999 -9999 -9999 -9999 -9999 -9999 -9999 -9999 -9999 -9999 -9999 -9999 -9999 -9999 -9999 -9999 -9999 -9999 -9999 4.1912E-1 4.39078E-1 2.59455E-1 -1.96936E1 -3.40568E1 -3.92914E1 -4.67284E1 -4.71114E1 -4.28024E1 -4.81966E1 -5.5059E1 -5.158E1 -4.47175E1 -4.44622E1 -4.51644E1 -3.81104E1 -3.03543E1 -2.88222E1 -1.94702E1 -2.6173E1 -2.52474E1 -2.01724E1 -2.58219E1 -1.91191E1 -1.40121E1 -1.55442E1 -1.88318E1 -7.66039E0 -1.41414E1 -1.0101E0 -3.53535E0 -5.05051E0 3.99162E-2 3.99162E-2 1.19749E-1 1.39707E-1 2.59455E-1 3.19329E-1
-9999 -9999 -9999 -9999 -9999 -9999 -9999 -9999 -9999 -9999 -9999 -9999 -9999 -9999 -9999 -9999 -9999 -9999 -9999 -9999 -9999 -9999 -9999 -9999 -9999 -9999 -9999 -9999 -9999 -1.27673E-1 1.19749E-1 2.19539E-1 -1.01181E1 -2.84392E1 -4.22598E1 -4.34727E1 -4.78774E1 -5.01436E1 -4.95053E1 -5.39419E1 -5.36227E1 -5.1548E1 -4.54516E1 -3.62273E1 -3.43441E1 -2.94606E1 -2.1864E1 -2.32684E1 -1.75231E1 -2.29492E1 -2.50239E1 -2.24705E1 -1.94063E1 -1.5225E1 -1.9151E1 -1.95659E1 -2.0202E1 -1.76768E1 -1.11111E1 -1.46465E1 -4.0404E0 3.99162E-2 1.39707E-1 7.38449E-1 8.78156E-1 4.1912E-1 5.1891E-1 1.39707E-1
-9999 -9999 -9999 -9999 -9999 -9999 -9999 -9999 -9999 -9999 -9999 -9999 -9999 -9999 -9999 -9999 -9999 -9999 -9999 -9999 -9999 -9999 -9999 -9999 -9999 -9999 -9999 -9999 -9999 -1.49058E1 -1.6789E1 -2.75774E1 -2.76412E1 -3.96425E1 -4.51963E1 -5.30163E1 -5.24737E1 -5.03671E1 -4.58666E1 -4.98883E1 -4.80051E1 -4.02809E1 -3.5557E1 -3.42483E1 -3.07054E1 -2.25343E1 -2.17364E1 -1.50016E1 -9.19247E0 -1.36291E1 -1.6023E1 -1.57038E1 -1.24801E1 -9.6074E0 -9.70316E0 -1.41717E1 -1.81818E1 -1.81818E1 -2.17172E1 -2.12121E1 -7.07071E0 1.39707E-1 5.1891E-1 8.58198E-1 5.1891E-1 1.05778E0 9.57988E-1 4.39078E-1
-9999 -9999 -9999 -9999 -9999 -9999 -9999 -9999 -9999 -9999 -9999 -9999 -9999 -9999 -9999 -9999 -9999 -9999 -9999 -9999 -9999 -9999 -9999 -9999 -9999 -9999 -9999 -9999 -9999 -3.52059E1 -4.06001E1 -3.82062E1 -4.45579E1 -4.49729E1 -5.01117E1 -4.58666E1 -5.07501E1 -5.37823E1 -4.27386E1 -5.1165E1 -4.73029E1 -3.58586E1 -3.6323E1 -3.7121E1 -2.80243E1 -2.04915E1 -1.23205E1 -1.20013E1 -7.8519E0 -4.69199E0 9.97904E-2 -2.74497E0 -3.83019E0 -6.12831E0 -1.24481E0 -6.38366E0 -1.70763E1 -2.0202E1 -2.22222E1 -2.01404E1 -7.07071E0 2.59455E-1 6.58617E-1 1.05778E0 2.59455E-1 8.58198E-1 1.73037E1 8.58198E-1
-9999 -9999 -9999 -9999 -9999 -9999 -9999 -9999 -9999 -9999 -9999 -9999 -9999 -9999 -9999 -9999 -9999 -9999 -9999 -9999 -9999 -9999 -9999 -9999 -9999 -9999 -9999 -9999 -9999 -4.99202E1 -5.05267E1 -4.22917E1 -3.88446E1 -4.27067E1 -4.90903E1 -4.73667E1 -4.95372E1 -4.75263E1 -4.36961E1 -4.73029E1 -4.70795E1 -3.14076E1 -3.54931E1 -3.4759E1 -1.96297E1 -2.11618E1 -1.25758E1 -4.72391E0 -3.06416E0 1.79623E-1 2.59455E-1 2.59455E-1 -1.18098E0 -4.62815E0 -5.0505E-1 -5.55556E0 -1.15544E1 -1.86869E1 -1.41414E1 -1.28312E1 -9.09091E0 2.59455E-1 3.79204E-1 7.98324E-1 5.1891E-1 1.67648E0 2.33709E1 1.53677E0
-9999 -9999 -9999 -9999 -9999 -9999 -9999 -9999 -9999 -9999 -9999 -9999 -9999 -9999 -9999 -9999 -9999 -9999 -9999 -9999 -9999 -9999 -9999 -9999 -9999 -9999 -9999 -9999 -9999 -9999 -5.07501E1 -5.02394E1 -4.9218E1 -4.29301E1 -4.80051E1 -4.57708E1 -4.88031E1 -4.34408E1 -4.62177E1 -4.64411E1 -4.89307E1 -3.56846E1 -3.20779E1 -2.76732E1 -1.69486E1 -1.43632E1 -8.61794E0 -6.47941E0 1.99581E-2 5.1891E-1 2.17543E0 6.58617E-1 5.98743E-2 -3.3195E0 2.19539E-1 -2.13853E0 -1.78742E0 -2.32323E1 -1.81818E1 -1.46465E1 -1.55123E1 -1.0101E1 3.19329E-1 2.59455E-1 1.19749E-1 5.1891E-1 1.35116E1 5.38868E-1
-9999 -9999 -9999 -9999 -9999 -9999 -9999 -9999 -9999 -9999 -9999 -9999 -9999 -9999 -9999 -9999 -9999 -9999 -9999 -9999 -9999 -9999 -9999 -9999 -9999 -9999 -9999 -9999 -9999 -9999 -9999 -9999 -5.18991E1 -5.01117E1 -5.16757E1 -5.12608E1 -5.0016E1 -5.38462E1 -4.46537E1 -4.08235E1 -3.80147E1 -3.1631E1 -2.55665E1 -2.78008E1 -1.78742E1 -1.31313E1 -1.16821E1 -4.97925E0 -2.68114E0 5.78785E-1 5.78785E-1 1.99581E-1 -6.70284E-1 -8.77753E0 -9.2563E0 -2.0202E1 -1.41414E1 -2.0202E1 -1.61616E1 -6.06061E0 -1.31313E1 -8.08081E0 -5.05051E0 -5.0505E-1 1.39707E-1 4.01158E0 1.88804E1 4.1912E-1
-9999 -9999 -9999 -9999 -9999 -9999 -9999 -9999 -9999 -9999 -9999 -9999 -9999 -9999 -9999 -9999 -9999 -9999 -9999 -9999 -9999 -9999 -9999 -9999 -9999 -9999 -9999 -9999 -9999 -9999 -9999 -9999 -5.09097E1 -5.72933E1 -5.36227E1 -5.34951E1 -5.06224E1 -4.90584E1 -4.28343E1 -4.39515E1 -3.25567E1 -2.78966E1 -2.63007E1 -2.33004E1 -2.42424E1 -2.32323E1 -1.0565E1 -3.0303E0 -4.11746E0 -4.85158E0 -1.26396E1 -1.09161E1 -1.42036E1 -9.83083E0 -1.42036E1 -1.26263E1 -1.79062E1 -1.9697E1 -1.81818E1 9.97904E-2 -9.09091E0 -1.0101E1 -3.53535E0 3.99162E-2 1.39707E-1 2.59455E-1 5.78785E-1 7.18491E-1
-9999 -9999 -9999 -9999 -9999 -9999 -9999 -9999 -9999 -9999 -9999 -9999 -9999 -9999 -9999 -9999 -9999 -9999 -9999 -9999 -9999 -9999 -9999 -9999 -9999 -9999 -9999 -9999 -9999 -9999 -9999 -9999 -5.47079E1 -4.58985E1 -4.6888E1 -5.74529E1 -5.61124E1 -3.97064E1 -3.63868E1 -3.83838E1 -2.99074E1 -3.12161E1 -2.83754E1 -2.62626E1 -1.3661E1 -1.58634E1 -7.46888E0 -1.75551E0 -8.33067E0 -1.39164E1 -2.59496E1 -1.80338E1 -1.76189E1 -1.36364E1 1.79623E-1 1.99581E-2 -2.1098E1 -4.24513E0 7.98324E-1 1.59066E1 -5.05051E0 -2.52525E0 -9.09091E0 -2.52525E0 1.99581E-2 2.59455E-1 2.59455E-1 7.98324E-1
-9999 -9999 -9999 -9999 -9999 -9999 -9999 -9999 -9999 -9999 -9999 -9999 -9999 -9999 -9999 -9999 -9999 -9999 -9999 -9999 -9999 -9999 -9999 -9999 -9999 -9999 -9999 -9999 -9999 -9999 -9999 -9999 -4.99202E1 -4.77178E1 -5.01117E1 -5.27929E1 -3.7504E1 -3.11842E1 -2.9798E1 -3.01309E1 -3.30354E1 -2.6556E1 -2.63326E1 -3.63636E1 -2.57576E1 -2.37374E1 -1.3661E1 -1.4076E1 -8.49026E0 -1.19694E1 -2.51197E1 -2.0202E1 -1.15544E1 1.59665E-1 3.79204E-1 2.79413E-1 -1.76768E1 2.05568E0 2.52071E1 2.75422E0 -3.53535E0 9.97904E-2 -1.51515E0 -2.0202E0 1.19749E-1 1.39707E-1 1.39707E-1 3.39287E-1
-9999 -9999 -9999 -9999 -9999 -9999 -9999 -9999 -9999 -9999 -9999 -9999 -9999 -9999 -9999 -9999 -9999 -9999 -9999 -9999 -9999 -9999 -9999 -9999 -9999 -9999 -9999 -9999 -9999 -9999 -9999 -9999 -5.1165E1 -5.23779E1 -4.73029E1 -4.20683E1 -3.16949E1 -2.92052E1 -2.74497E1 -2.66199E1 -3.2429E1 -3.15034E1 -2.48005E1 -2.08426E1 -1.98851E1 -2.02681E1 -1.18736E1 -8.49026E0 -1.36929E1 -1.86084E1 -2.52525E1 -2.0202E1 -5.0505E-1 1.17753E0 3.39287E0 1.59665E0 -1.31313E1 3.99162E-2 1.00788E1 3.99162E-2 -5.05051E0 1.19749E-1 5.1891E-1 1.59665E-1 5.98743E-1 2.59455E-1 3.39287E-1 5.30885E0
-9999 -9999 -9999 -9999 -9999 -9999 -9999 -9999 -9999 -9999 -9999 -9999 -9999 -9999 -9999 -9999 -9999 -9999 -9999 -9999 -9999 -9999 -9999 -9999 -9999 -9999 -9999 -9999 -9999 -9999 -9999 -5.43568E1 -5.38462E1 -4.83562E1 -4.73029E1 -4.55155E1 -3.19183E1 -3.00989E1 -2.8918E1 -3.0067E1 -3.22056E1 -3.00032E1 -2.82828E1 -1.74593E1 -1.95021E1 -1.80658E1 -9.22439E0 -8.203E0 -1.4842E1 -1.46824E1 -1.99808E1 -1.71717E1 -1.11111E1 9.57988E-1 3.39287E0 3.39287E0 5.1891E-1 -2.52525E0 -8.58586E0 4.88973E0 1.19749E-1 4.59036E-1 4.1912E-1 2.59455E-1 3.19329E-1 3.19329E-1 7.54416E0 2.06167E1
-9999 -9999 -9999 -9999 -9999 -9999 -9999 -9999 -9999 -9999 -9999 -9999 -9999 -9999 -9999 -9999 -9999 -9999 -9999 -9999 -9999 -9999 -9999 -9999 -9999 -9999 -9999 -9999 -9999 -9999 -5.0016E1 -5.29205E1 -5.24098E1 -5.20906E1 -4.37281E1 -4.50686E1 -3.85254E1 -3.27162E1 -2.67156E1 -2.86945E1 -2.81519E1 -3.02905E1 -2.82828E1 -1.63741E1 -9.73508E0 -2.90456E0 -2.52525E0 -7.07071E0 -1.86084E1 -1.65975E1 -2.33642E1 -1.11076E1 -2.0202E0 2.05568E0 2.49476E0 3.7122E0 3.0935E0 1.19749E-1 -9.59596E0 1.19749E-1 3.99162E-2 7.98324E-2 4.59036E-1 2.19539E-1 1.19749E-1 1.44097E1 3.04361E1 3.12144E1
-9999 -9999 -9999 -9999 -9999 -9999 -9999 -9999 -9999 -9999 -9999 -9999 -9999 -9999 -9999 -9999 -9999 -9999 -9999 -9999 -9999 -9999 -9999 -9999 -9999 -9999 -9999 -9999 -9999 -9999 -4.27386E1 -4.76221E1 -4.67922E1 -4.67603E1 -4.10469E1 -3.58586E1 -4.04086E1 -3.6323E1 -3.19183E1 -2.76732E1 -3.59081E1 -2.8503E1 -2.07071E1 -1.564E0 3.79204E-1 4.78994E-1 -4.46856E-1 -3.76636E0 -1.48739E1 -2.09065E1 -1.12033E1 -2.52525E0 3.19329E-1 8.78156E-1 1.17753E0 1.95589E0 3.39287E-1 3.19329E-1 1.19749E-1 -8.08081E0 -1.16162E1 -4.54545E0 1.19749E-1 1.19749E-1 2.59455E-1 3.19329E-1 2.7123E1 2.17543E1
-9999 -9999 -9999 -9999 -9999 -9999 -9999 -9999 -9999 -9999 -9999 -9999 -9999 -9999 -9999 -9999 -9999 -9999 -9999 -9999 -9999 -9999 -9999 -9999 -9999 -9999 -9999 -9999 -9999 -5.05586E1 -5.3144E1 -4.75263E1 -4.03128E1 -3.93939E1 -3.66103E1 -3.46633E1 -2.27258E1 -3.33333E1 -3.08969E1 -2.83115E1 -2.83115E1 -1.54485E1 -2.47475E1 -2.37374E1 4.39078E-1 1.8561E0 2.05568E0 9.18072E-1 -1.71717E1 -2.67677E1 -1.76768E1 -1.61616E1 -1.41414E1 -1.26263E1 3.39287E-1 4.78994E-1 2.19539E-1 1.39707E-1 -2.0202E0 -3.0303E0 -2.52525E0 -7.57576E0 -3.0303E0 -5.55556E0 1.99581E-2 1.19749E-1 3.08752E1 2.37102E1
-9999 -9999 -9999 -9999 -9999 -9999 -9999 -9999 -9999 -9999 -9999 -9999 -9999 -9999 -9999 -9999 -9999 -9999 -9999 -9999 -9999 -9999 -9999 -9999 -9999 -9999 -9999 -9999 -5.51229E1 -5.95595E1 -5.54101E1 -5.76444E1 -5.32078E1 -4.66326E1 -4.69697E1 -3.76636E1 -3.15034E1 -2.82828E1 -1.85445E1 -2.20875E1 -2.83115E1 -1.99489E1 -1.21212E1 -9.09091E0 4.1912E-1 1.67648E0 1.95589E0 1.95589E0 1.67648E0 1.19749E-1 -2.09384E1 -1.73636E1 -2.0202E1 -1.68848E1 -2.49601E1 -1.06061E1 1.99581E-2 7.98324E-2 -1.06061E1 -1.0101E1 -5.0505E-1 3.99162E-2 -1.0101E0 1.99581E-2 1.19749E-1 1.39707E-1 2.59455E-1 1.29528E1
-9999 -9999 -9999 -9999 -9999 -9999 -9999 -9999 -9999 -9999 -9999 -9999 -9999 -9999 -9999 -9999 -9999 -9999 -9999 -9999 -9999 -9999 -9999 -9999 -9999 -9999 -9999 -9999 -5.35908E1 -5.5059E1 -5.42611E1 -5.48037E1 -5.23779E1 -5.1963E1 -4.69697E1 -3.594E1 -2.43217E1 -2.87879E1 -3.43434E1 -9.06479E0 -8.13916E0 -4.94733E0 3.99162E-2 7.98324E-2 9.57988E-1 1.2374E0 1.59665E0 1.67648E0 2.05568E0 3.79204E-1 -1.16183E1 -8.23492E0 -6.56566E0 -2.39068E1 -1.47143E1 -6.70284E0 -5.0505E-1 -1.46465E1 -1.41414E1 -1.11111E1 1.19749E-1 2.19539E-1 1.19749E-1 1.19749E-1 2.19539E-1 3.39287E-1 3.19329E-1 8.70173E0
-9999 -9999 -9999 -9999 -9999 -9999 -9999 -9999 -9999 -9999 -9999 -9999 -9999 -9999 -9999 -9999 -9999 -9999 -9999 -9999 -9999 -9999 -9999 -9999 -9999 -9999 -9999 -5.64635E1 -4.93776E1 -5.5474E1 -4.98564E1 -5.31759E1 -5.63677E1 -5.70061E1 -4.89899E1 -3.27162E1 -2.87879E1 -4.69697E1 -1.76768E1 -6.639E0 -3.76636E0 -2.64922E0 7.98324E-2 3.79204E-1 8.78156E-1 1.57669E0 1.59665E0 1.59665E0 1.67648E0 7.18491E-1 -1.06061E1 -1.46824E1 -2.35238E1 -2.19917E1 -1.31313E1 -3.19183E0 5.98743E-2 3.99162E-2 1.19749E-1 -6.06061E0 1.19749E-1 2.59455E-1 2.39497E-1 1.19749E-1 2.59455E-1 4.03153E0 2.67039E1 2.58058E1
-9999 -9999 -9999 -9999 -9999 -9999 -9999 -9999 -9999 -9999 -9999 -9999 -9999 -9999 -9999 -9999 -9999 -9999 -9999 -9999 -9999 -9999 -9999 -9999 -9999 -9999 -9999 -5.80594E1 -5.28248E1 -5.19311E1 -5.2346E1 -5.1963E1 -5.00798E1 -5.22502E1 -4.77178E1 -3.68687E1 -2.34599E1 -2.51835E1 -7.1497E0 -5.55378E0 -5.61762E0 -2.33004E0 9.97904E-2 7.98324E-1 3.59246E-1 1.31723E0 1.41702E0 9.18072E-1 1.59665E0 5.38868E-1 -2.12121E1 -3.23232E1 -3.58586E1 -3.13131E1 4.35086E0 4.59036E-1 6.98533E-1 1.99581E-2 4.35086E0 2.59455E-1 1.19749E-1 5.1891E-1 2.59455E-1 1.39707E-1 2.19539E-1 3.19329E-1 2.87796E1 2.39497E1
-9999 -9999 -9999 -9999 -9999 -9999 -9999 -9999 -9999 -9999 -9999 -9999 -9999 -9999 -9999 -9999 -9999 -9999 -9999 -9999 -9999 -9999 -9999 -9999 -9999 -9999 -5.94638E1 -5.76444E1 -5.71018E1 -5.18672E1 -4.98244E1 -5.40057E1 -5.11331E1 -5.11012E1 -5.16119E1 -4.21321E1 -3.90361E1 -1.83849E1 -1.24481E1 -4.75583E0 -2.87265E0 1.99581E-2 1.19749E-1 3.39287E-1 7.98324E-1 1.31723E0 1.53677E0 4.59036E-1 6.58617E-1 1.99581E-2 -4.54545E0 -2.16406E1 -2.18002E1 -2.57576E1 3.79204E-1 1.19749E-1 -1.0101E0 1.99581E-2 1.59665E-1 1.79623E-1 1.19749E-1 2.59455E-1 3.39287E-1 4.78994E-1 5.1891E-1 1.57669E0 1.19749E1 1.9998E1
-9999 -9999 -9999 -9999 -9999 -9999 -9999 -9999 -9999 -9999 -9999 -9999 -9999 -9999 -9999 -9999 -9999 -9999 -9999 -9999 -9999 -9999 -9999 -9999 -9999 -5.69422E1 -5.53782E1 -5.5474E1 -5.49952E1 -5.19949E1 -5.03351E1 -4.82924E1 -5.2346E1 -5.43249E1 -5.5091E1 -4.1015E1 -2.59496E1 -9.4159E0 -6.22407E0 -1.94702E0 7.98324E-2 1.99581E-2 2.19539E-1 3.19329E-1 6.98533E-1 1.17753E0 1.53677E0 -3.19183E-2 -1.06061E1 -4.0404E0 -1.06061E1 -2.53112E1 -2.77778E1 -1.86869E1 -6.06061E0 -1.51515E0 -5.05051E0 -5.0505E-1 1.19749E-1 1.19749E-1 3.39287E-1 2.59455E-1 6.98533E-1 4.59036E-1 1.94991E1 2.39896E1 2.86399E1 2.25526E0
