ENM/Final_Models/M_1_F_q_Set_1_NE/Gustavia_santanderiensis_Choco_avg.asc
ncols         367
nrows         963
xllcorner     -78.6
yllcorner     0.65
cellsize      0.00833333333333323
NODATA_value  -9999
[rows 170 to 203 of 963, columns 156 to 233 of 367]
8.67133E-3 7.89465E-3 8.49606E-3 1.15289E-2 8.46446E-3 3.87861E-3 7.46021E-3 8.98756E-3 1.6146E-2 1.29923E-2 4.07677E-2 3.86675E-2 7.45083E-2 8.73133E-2 1.05562E-1 4.76787E-2 1.18866E-1 1.13974E-1 1.6744E-1 2.67461E-1 2.01306E-1 2.13445E-1 2.61737E-1 2.79118E-1 3.95743E-1 4.23273E-1 7.91908E-1 7.64539E-1 4.01838E-1 1.79707E-1 1.99357E-1 5.40193E-1 6.20852E-1 8.48908E-1 9.88301E-1 8.59354E-1 9.1084E-1 8.77587E-1 9.44231E-1 9.81361E-1 9.90959E-1 9.96625E-1 9.25076E-1 8.54359E-1 8.98174E-1 8.65215E-1 8.52073E-1 7.36043E-1 4.82053E-1 8.1185E-1 9.79754E-1 9.66621E-1 9.13708E-1 9.5311E-1 9.93242E-1 9.84068E-1 9.58687E-1 9.6117E-1 9.39047E-1 9.65905E-1 9.82514E-1 9.98899E-1 9.64632E-1 9.90817E-1 9.91782E-1 9.8147E-1 9.92967E-1 9.98698E-1 9.97007E-1 9.9701E-1 9.98654E-1 9.99039E-1 9.88932E-1 9.97911E-1 9.94902E-1 9.87948E-1 9.95996E-1 8.90683E-1
2.2593E-3 7.42801E-3 1.15098E-2 1.96889E-2 1.13767E-2 9.66177E-3 8.67749E-3 9.11394E-3 1.73908E-2 9.92927E-3 3.65981E-2 5.54004E-2 9.20182E-2 1.34782E-1 1.67289E-1 7.77685E-2 1.96805E-1 1.73985E-1 2.48127E-1 3.0423E-1 3.65911E-1 2.98648E-1 5.46468E-1 3.96953E-1 6.28038E-1 5.93622E-1 6.59381E-1 8.35519E-1 6.50083E-1 2.01719E-1 3.67295E-1 5.45783E-1 6.29011E-1 6.97522E-1 6.55357E-1 8.9751E-1 9.32902E-1 9.39702E-1 9.33624E-1 9.74954E-1 9.95597E-1 9.86318E-1 8.804E-1 9.52183E-1 9.64927E-1 9.71391E-1 9.07138E-1 8.69851E-1 7.34386E-1 8.33357E-1 9.26226E-1 9.27192E-1 9.44494E-1 9.92165E-1 0E0 9.94863E-1 9.49662E-1 9.40312E-1 0E0 9.955E-1 9.92489E-1 9.9678E-1 9.69613E-1 9.87458E-1 9.93776E-1 9.96379E-1 9.9775E-1 9.88963E-1 9.66143E-1 9.99127E-1 9.99567E-1 9.99693E-1 9.98924E-1 9.83816E-1 9.99129E-1 9.94804E-1 9.97532E-1 9.48505E-1
8.33435E-3 9.10587E-3 8.21035E-3 1.54458E-2 1.93293E-2 5.12131E-3 1.45867E-2 1.30161E-2 7.84482E-3 3.69352E-2 6.76677E-2 5.56543E-2 9.64166E-2 1.11541E-1 1.93811E-1 1.7261E-1 1.21923E-1 1.23814E-1 2.53081E-1 1.27518E-1 2.39557E-1 4.23639E-1 5.89747E-1 7.33407E-1 9.37698E-1 8.99096E-1 8.23174E-1 8.5753E-1 5.8778E-1 2.50887E-1 3.39944E-1 5.66043E-1 7.12298E-1 8.79195E-1 6.25214E-1 7.37505E-1 7.85653E-1 9.41074E-1 8.31383E-1 9.56159E-1 9.98044E-1 9.48761E-1 9.55049E-1 9.54297E-1 8.7976E-1 9.44902E-1 8.14087E-1 7.32598E-1 6.84399E-1 9.3425E-1 9.69274E-1 9.71021E-1 9.4515E-1 9.86355E-1 9.96096E-1 9.96136E-1 9.92057E-1 9.89527E-1 9.91751E-1 9.92944E-1 9.93199E-1 9.94637E-1 0E0 9.91896E-1 9.94273E-1 9.84918E-1 9.98004E-1 9.93462E-1 9.59705E-1 9.97178E-1 9.96961E-1 9.99198E-1 9.96607E-1 9.72434E-1 9.91003E-1 9.97197E-1 9.92082E-1 9.97005E-1
1.44543E-2 1.22603E-2 7.00121E-3 1.21307E-2 1.43338E-2 9.74328E-3 1.5484E-2 2.01764E-2 1.61161E-2 2.79422E-2 3.86352E-2 4.5343E-2 7.9419E-2 8.69093E-2 1.61273E-1 2.40142E-1 2.09119E-1 1.21752E-1 2.38069E-1 2.50965E-1 3.2901E-1 4.4895E-1 4.90139E-1 7.87523E-1 9.27891E-1 8.92765E-1 9.54774E-1 9.78598E-1 5.60634E-1 2.44548E-1 5.86731E-1 7.52703E-1 6.87566E-1 6.79826E-1 6.82384E-1 7.54742E-1 7.82817E-1 9.33242E-1 9.52476E-1 9.88368E-1 9.95854E-1 9.29404E-1 9.28732E-1 9.24752E-1 9.76912E-1 9.47321E-1 9.48986E-1 9.16958E-1 7.09656E-1 9.46325E-1 9.93578E-1 9.93174E-1 0E0 9.90544E-1 9.96989E-1 9.96499E-1 9.95429E-1 9.94225E-1 9.96791E-1 9.94316E-1 9.9907E-1 9.96728E-1 9.93711E-1 0E0 0E0 0E0 9.95452E-1 9.74394E-1 9.77714E-1 9.87447E-1 9.81605E-1 9.99448E-1 9.98092E-1 9.94275E-1 9.82037E-1 9.98188E-1 9.9908E-1 9.64572E-1
1.16176E-2 1.68143E-2 1.53463E-2 1.99123E-2 1.46541E-2 9.02229E-3 9.5444E-3 1.01907E-2 2.05263E-2 1.76809E-2 3.63302E-2 5.42435E-2 9.763E-2 9.8171E-2 2.14928E-1 2.16838E-1 2.85287E-1 2.58551E-1 3.26028E-1 5.27623E-1 5.20078E-1 6.15868E-1 9.2352E-1 9.35937E-1 9.65501E-1 8.93973E-1 8.94603E-1 9.76597E-1 6.29545E-1 4.15401E-1 4.54652E-1 6.2042E-1 5.56895E-1 7.35099E-1 8.28956E-1 8.33364E-1 8.64706E-1 9.95739E-1 9.98001E-1 9.96653E-1 9.90894E-1 9.70723E-1 9.41753E-1 9.13338E-1 9.19277E-1 9.52379E-1 9.40826E-1 9.53913E-1 9.41335E-1 9.16454E-1 9.33716E-1 9.65072E-1 9.74739E-1 0E0 9.97558E-1 9.97747E-1 9.98511E-1 9.9477E-1 9.95913E-1 9.98895E-1 9.93775E-1 9.98939E-1 0E0 9.98737E-1 9.99285E-1 0E0 0E0 0E0 9.90941E-1 9.90478E-1 9.99746E-1 9.99118E-1 9.98506E-1 9.98695E-1 9.8956E-1 9.91469E-1 9.10776E-1 9.08649E-1
4.29874E-3 5.55487E-3 2.67614E-2 4.55825E-3 1.09757E-2 1.90452E-2 1.54677E-2 1.65444E-2 5.80704E-2 3.62713E-2 4.37469E-2 7.48238E-2 1.20975E-1 1.04448E-1 6.75967E-2 1.87562E-1 4.13624E-1 3.583E-1 5.50134E-1 3.58188E-1 4.0084E-1 8.59174E-1 9.60262E-1 9.67487E-1 9.37388E-1 9.27493E-1 9.90237E-1 9.72624E-1 9.6947E-1 7.87692E-1 4.89136E-1 6.04228E-1 8.3769E-1 8.66267E-1 9.75259E-1 9.82254E-1 8.48537E-1 7.85709E-1 9.38552E-1 9.55193E-1 9.78917E-1 9.93041E-1 9.62283E-1 8.04803E-1 8.35349E-1 9.01488E-1 9.56733E-1 9.18817E-1 9.83124E-1 9.85925E-1 9.89263E-1 9.93325E-1 9.9931E-1 9.96935E-1 9.99004E-1 9.92034E-1 9.9564E-1 9.9815E-1 9.95066E-1 9.9521E-1 9.93639E-1 9.96699E-1 9.88703E-1 9.79307E-1 9.84202E-1 9.93093E-1 9.97882E-1 0E0 9.81878E-1 9.96571E-1 9.99714E-1 9.98796E-1 0E0 9.78608E-1 9.99075E-1 9.39104E-1 9.93124E-1 9.91018E-1
1.31757E-2 9.6546E-3 9.69704E-3 1.80416E-2 2.67327E-2 2.10403E-2 2.14614E-2 2.83557E-2 4.9539E-2 3.87571E-2 1.02915E-1 7.20521E-2 7.18469E-2 9.07135E-2 1.28448E-1 2.17351E-1 3.40793E-1 4.27606E-1 5.89023E-1 0E0 4.94094E-1 0E0 9.20644E-1 9.77737E-1 9.44E-1 9.92415E-1 9.72564E-1 9.83114E-1 8.84598E-1 8.51146E-1 5.60474E-1 8.63943E-1 9.20294E-1 9.42929E-1 9.60896E-1 9.19321E-1 9.1748E-1 9.91706E-1 9.96369E-1 9.99018E-1 9.9818E-1 9.8277E-1 9.92121E-1 9.20563E-1 8.85522E-1 9.63675E-1 9.39842E-1 9.93981E-1 0E0 0E0 9.99096E-1 9.98251E-1 9.9782E-1 9.98222E-1 9.98444E-1 9.93776E-1 9.90703E-1 9.88824E-1 9.87639E-1 9.95646E-1 9.99476E-1 9.95015E-1 9.94518E-1 9.935E-1 9.13925E-1 9.77683E-1 9.81405E-1 9.98933E-1 9.95788E-1 0E0 9.95424E-1 0E0 9.90581E-1 9.6209E-1 9.97772E-1 9.91306E-1 9.49741E-1 9.4431E-1
1.142E-2 1.32029E-2 7.07184E-3 7.66471E-3 2.92349E-2 2.33545E-2 2.19107E-2 3.77079E-2 4.60189E-2 9.1416E-2 1.18714E-1 9.67043E-2 1.88221E-1 1.75678E-1 2.05312E-1 3.14742E-1 3.33975E-1 5.25996E-1 8.4567E-1 9.15454E-1 9.04361E-1 0E0 0E0 0E0 0E0 9.79981E-1 9.75719E-1 9.8968E-1 7.9553E-1 7.19565E-1 7.95137E-1 9.06726E-1 8.71744E-1 9.05021E-1 8.89478E-1 9.83346E-1 9.34634E-1 9.84934E-1 9.89744E-1 9.91965E-1 9.78522E-1 9.6673E-1 9.72219E-1 9.73145E-1 8.28587E-1 9.85102E-1 9.98779E-1 9.98684E-1 9.96139E-1 0E0 0E0 9.98996E-1 0E0 9.98122E-1 9.94399E-1 9.84254E-1 9.8767E-1 0E0 0E0 9.98558E-1 9.94707E-1 9.97394E-1 9.80078E-1 9.81962E-1 9.84058E-1 9.97357E-1 9.98055E-1 0E0 0E0 0E0 0E0 0E0 0E0 9.9445E-1 9.99812E-1 9.91987E-1 9.83423E-1 9.84259E-1
7.80398E-3 9.99939E-3 1.31658E-2 1.04113E-2 2.66163E-2 2.3221E-2 1.61833E-2 2.14305E-2 4.14514E-2 7.40202E-2 5.51975E-2 1.23328E-1 2.00827E-1 2.28178E-1 1.7494E-1 2.04494E-1 3.98446E-1 8.12588E-1 8.97365E-1 9.34164E-1 0E0 0E0 9.58507E-1 9.42874E-1 0E0 8.18331E-1 9.39034E-1 9.53206E-1 8.43597E-1 7.59175E-1 7.2686E-1 9.52776E-1 8.36318E-1 8.42691E-1 9.01996E-1 9.01047E-1 7.82384E-1 9.12102E-1 9.01635E-1 9.36124E-1 9.80397E-1 7.44803E-1 7.96927E-1 8.87224E-1 8.94257E-1 9.95367E-1 9.93931E-1 9.99011E-1 9.99936E-1 9.98247E-1 0E0 9.97516E-1 9.97903E-1 9.97588E-1 9.98501E-1 9.77146E-1 0E0 9.90679E-1 9.94327E-1 9.95482E-1 9.86739E-1 9.90848E-1 9.70569E-1 9.64685E-1 9.98882E-1 9.99761E-1 0E0 0E0 9.98776E-1 0E0 0E0 9.9997E-1 0E0 9.98678E-1 9.98773E-1 9.97813E-1 9.91275E-1 9.81823E-1
1.52039E-2 1.40717E-2 1.5121E-2 1.41689E-2 4.49134E-2 3.28644E-2 3.21975E-2 5.24204E-2 6.58791E-2 5.93504E-2 9.41057E-2 1.16394E-1 2.48045E-1 2.61188E-1 2.84274E-1 2.96864E-1 4.27787E-1 8.71539E-1 7.89904E-1 9.0466E-1 9.62579E-1 9.58226E-1 9.80787E-1 9.67727E-1 9.74136E-1 9.88254E-1 9.95942E-1 9.92983E-1 8.41889E-1 6.77115E-1 6.84433E-1 9.36976E-1 8.83844E-1 8.90003E-1 9.07469E-1 8.95046E-1 8.66281E-1 8.94258E-1 9.41806E-1 9.88111E-1 9.40149E-1 9.75783E-1 9.70357E-1 9.75646E-1 9.40894E-1 0E0 9.95094E-1 0E0 0E0 0E0 0E0 0E0 9.98804E-1 0E0 9.95623E-1 9.69673E-1 9.98346E-1 9.98095E-1 9.97576E-1 9.95466E-1 9.89915E-1 9.87717E-1 9.87673E-1 9.88619E-1 9.95001E-1 9.96061E-1 0E0 0E0 0E0 0E0 9.97878E-1 9.99659E-1 0E0 9.96247E-1 9.97458E-1 9.99796E-1 0E0 9.90757E-1
1.20258E-2 6.74476E-3 7.24723E-3 5.39453E-2 3.24487E-2 3.05624E-2 4.4985E-2 6.7598E-2 5.72074E-2 1.05569E-1 1.01142E-1 1.84434E-1 2.62319E-1 3.44775E-1 3.34839E-1 4.26392E-1 6.4054E-1 0E0 0E0 0E0 0E0 0E0 0E0 9.44036E-1 8.56576E-1 9.86386E-1 9.89813E-1 9.95849E-1 9.44046E-1 7.4648E-1 6.48508E-1 8.941E-1 9.07189E-1 0E0 9.75345E-1 9.42963E-1 9.61011E-1 9.27441E-1 9.80144E-1 9.83489E-1 9.86085E-1 9.59558E-1 9.98819E-1 9.98569E-1 0E0 0E0 9.9667E-1 0E0 0E0 0E0 0E0 9.9594E-1 0E0 0E0 0E0 9.74138E-1 9.99529E-1 9.95391E-1 9.89398E-1 9.89252E-1 9.94324E-1 9.64707E-1 9.98726E-1 9.97071E-1 0E0 0E0 0E0 0E0 9.66676E-1 9.80092E-1 9.95373E-1 9.99791E-1 9.98731E-1 0E0 9.99835E-1 9.99463E-1 9.9975E-1 9.99258E-1
1.22914E-2 9.61802E-3 1.06827E-2 3.70634E-2 1.75953E-2 1.39821E-2 4.32984E-2 8.09956E-2 8.8093E-2 1.73582E-1 3.30126E-1 3.10798E-1 3.91023E-1 7.06115E-1 7.0096E-1 8.73089E-1 0E0 0E0 6.38813E-1 0E0 0E0 0E0 9.86358E-1 0E0 9.68386E-1 9.38842E-1 9.03902E-1 9.24865E-1 9.6903E-1 9.13335E-1 9.69257E-1 9.3337E-1 9.71026E-1 9.91817E-1 9.23675E-1 5.60815E-1 9.66444E-1 9.96791E-1 9.86551E-1 9.52873E-1 9.85524E-1 9.94599E-1 9.99305E-1 0E0 9.71566E-1 0E0 0E0 0E0 0E0 9.93673E-1 9.98581E-1 9.97245E-1 9.98654E-1 9.9681E-1 9.98485E-1 0E0 9.98086E-1 9.99021E-1 0E0 9.95642E-1 9.94445E-1 9.63494E-1 9.976E-1 0E0 0E0 0E0 0E0 0E0 9.88703E-1 9.41739E-1 9.89229E-1 9.9645E-1 9.89632E-1 9.98691E-1 9.98327E-1 9.99208E-1 9.99848E-1 9.99969E-1
1.21948E-2 2.06176E-2 1.5635E-2 3.09677E-2 2.04073E-2 1.32868E-2 4.86027E-2 9.68254E-2 1.58475E-1 2.17903E-1 3.77763E-1 6.20073E-1 7.32021E-1 9.12826E-1 9.67407E-1 0E0 9.29794E-1 0E0 0E0 7.25428E-1 7.34891E-1 0E0 9.70017E-1 8.4588E-1 8.60247E-1 9.89733E-1 9.87049E-1 9.80454E-1 9.86099E-1 9.65116E-1 9.82845E-1 9.78858E-1 9.6755E-1 9.81808E-1 9.91737E-1 9.06498E-1 9.47982E-1 9.6652E-1 9.87839E-1 9.9848E-1 9.9738E-1 9.99352E-1 0E0 0E0 0E0 0E0 0E0 0E0 0E0 9.98523E-1 9.99582E-1 9.99955E-1 9.95552E-1 9.97718E-1 0E0 0E0 9.70367E-1 0E0 9.98489E-1 9.98597E-1 9.9553E-1 0E0 9.98691E-1 9.99515E-1 0E0 0E0 0E0 0E0 0E0 0E0 9.57224E-1 9.90966E-1 9.99741E-1 9.99969E-1 9.99967E-1 9.99855E-1 9.99873E-1 9.99862E-1
1.13499E-2 3.07033E-2 2.53498E-2 4.57984E-2 1.01987E-2 3.32164E-2 4.19305E-2 1.78137E-1 1.32455E-1 2.07218E-1 4.25984E-1 0E0 0E0 0E0 9.65608E-1 9.50952E-1 8.40507E-1 0E0 0E0 0E0 0E0 7.24183E-1 9.28571E-1 0E0 9.83039E-1 8.56288E-1 8.98466E-1 8.52815E-1 9.87033E-1 9.69693E-1 9.74337E-1 9.63131E-1 9.94353E-1 9.74753E-1 9.68171E-1 9.90618E-1 9.85165E-1 9.87135E-1 9.94917E-1 9.96025E-1 9.97777E-1 9.95897E-1 9.91478E-1 9.96662E-1 0E0 9.90866E-1 9.95641E-1 0E0 0E0 9.99889E-1 9.99981E-1 9.99946E-1 9.99948E-1 9.99791E-1 0E0 0E0 0E0 9.98514E-1 0E0 0E0 0E0 0E0 9.99896E-1 9.99863E-1 0E0 0E0 0E0 0E0 9.88328E-1 9.96341E-1 9.99083E-1 9.9993E-1 9.99945E-1 9.99959E-1 9.99937E-1 9.99882E-1 9.99842E-1 9.99464E-1
1.30464E-2 2.24635E-2 1.57125E-2 1.62575E-2 1.89851E-2 5.30263E-2 1.17586E-1 1.52386E-1 1.71519E-1 1.86004E-1 3.17768E-1 0E0 0E0 9.57837E-1 7.33301E-1 8.58986E-1 8.93642E-1 0E0 0E0 0E0 0E0 0E0 9.2483E-1 9.41074E-1 0E0 0E0 9.67821E-1 9.59812E-1 9.83604E-1 9.92596E-1 9.8171E-1 8.44975E-1 9.85439E-1 9.62604E-1 9.7438E-1 0E0 9.94353E-1 9.96806E-1 9.97698E-1 9.6441E-1 9.34434E-1 9.95142E-1 9.98184E-1 9.99592E-1 9.9203E-1 0E0 9.21156E-1 9.35697E-1 9.97153E-1 0E0 0E0 0E0 9.98647E-1 9.99449E-1 0E0 0E0 9.99354E-1 9.99833E-1 0E0 0E0 9.9983E-1 9.99985E-1 0E0 9.99804E-1 0E0 0E0 0E0 0E0 0E0 0E0 9.99995E-1 9.99979E-1 9.99955E-1 0E0 9.99826E-1 9.99883E-1 9.99997E-1 9.99683E-1
1.14404E-2 1.64657E-2 1.09061E-2 1.81102E-2 1.79245E-2 2.97942E-2 9.00896E-2 2.01645E-1 2.00553E-1 1.68255E-1 0E0 0E0 0E0 8.25239E-1 7.662E-1 8.23959E-1 0E0 0E0 0E0 0E0 0E0 0E0 0E0 0E0 0E0 0E0 9.82688E-1 9.64576E-1 9.65554E-1 9.90993E-1 9.475E-1 9.55747E-1 9.60487E-1 9.78861E-1 9.51494E-1 9.98041E-1 9.99227E-1 9.98886E-1 9.97106E-1 9.84709E-1 9.95081E-1 9.86951E-1 9.97526E-1 9.98582E-1 9.98325E-1 9.85868E-1 9.85034E-1 9.88166E-1 9.98277E-1 9.98794E-1 0E0 0E0 0E0 0E0 0E0 0E0 0E0 0E0 0E0 0E0 0E0 0E0 0E0 0E0 9.99809E-1 0E0 0E0 0E0 0E0 0E0 0E0 0E0 0E0 9.98799E-1 9.99746E-1 9.99024E-1 9.99904E-1 9.99611E-1
1.11978E-2 1.05625E-2 1.28422E-2 1.251E-2 2.62951E-2 4.54298E-2 8.78039E-2 2.00144E-1 0E0 0E0 0E0 0E0 0E0 0E0 0E0 0E0 0E0 0E0 0E0 0E0 0E0 0E0 9.94672E-1 9.82108E-1 9.1779E-1 9.78404E-1 9.7085E-1 9.45096E-1 9.61189E-1 9.27913E-1 8.65836E-1 9.48639E-1 9.59989E-1 9.70974E-1 9.64727E-1 9.98704E-1 9.99391E-1 0E0 9.99968E-1 9.99355E-1 9.99381E-1 9.96026E-1 9.9941E-1 9.99624E-1 9.87536E-1 0E0 0E0 0E0 0E0 9.99979E-1 9.99973E-1 0E0 0E0 9.99873E-1 0E0 0E0 0E0 0E0 0E0 0E0 0E0 0E0 0E0 0E0 0E0 0E0 0E0 0E0 0E0 0E0 9.98673E-1 0E0 0E0 0E0 9.98401E-1 9.97283E-1 9.99904E-1 9.95369E-1
1.01125E-2 9.86451E-3 1.46311E-2 1.46443E-2 3.19964E-2 5.47295E-2 8.92371E-2 1.50147E-1 0E0 0E0 0E0 1.73952E-1 0E0 6.41601E-1 0E0 6.49464E-1 0E0 0E0 0E0 0E0 0E0 9.90998E-1 9.64064E-1 9.38313E-1 8.74022E-1 9.16331E-1 8.97216E-1 9.93893E-1 9.54123E-1 0E0 9.67249E-1 9.96021E-1 8.63759E-1 9.98393E-1 9.9994E-1 0E0 9.78335E-1 9.96719E-1 0E0 9.99952E-1 9.99993E-1 9.99632E-1 9.9981E-1 9.983E-1 0E0 9.99832E-1 0E0 0E0 0E0 9.99985E-1 0E0 0E0 0E0 0E0 0E0 0E0 0E0 0E0 0E0 0E0 0E0 0E0 0E0 0E0 0E0 0E0 0E0 0E0 0E0 0E0 0E0 9.88027E-1 0E0 0E0 0E0 9.99401E-1 9.99946E-1 9.99672E-1
2.23546E-2 1.45584E-2 2.0529E-2 2.51428E-2 6.66659E-2 1.25261E-1 1.20111E-1 1.50903E-1 1.31892E-1 1.51473E-1 1.44814E-1 2.31605E-1 0E0 0E0 5.11771E-1 0E0 6.14284E-1 0E0 0E0 0E0 0E0 0E0 0E0 0E0 8.95106E-1 9.24375E-1 8.97949E-1 9.68133E-1 9.90907E-1 9.79412E-1 0E0 0E0 9.82035E-1 9.71307E-1 9.96306E-1 9.9819E-1 9.96353E-1 0E0 9.99332E-1 9.98814E-1 9.99575E-1 9.86023E-1 9.92845E-1 9.99923E-1 0E0 9.99178E-1 0E0 9.99998E-1 0E0 0E0 0E0 0E0 0E0 0E0 0E0 0E0 0E0 0E0 0E0 0E0 0E0 0E0 0E0 0E0 0E0 0E0 0E0 0E0 0E0 0E0 0E0 0E0 0E0 0E0 0E0 9.99898E-1 9.99836E-1 9.99858E-1
2.29542E-2 2.92169E-2 4.66091E-2 5.78314E-2 7.89932E-2 1.56606E-1 1.17721E-1 1.48336E-1 1.98497E-1 1.71974E-1 1.73968E-1 1.55866E-1 0E0 0E0 0E0 4.77999E-1 0E0 0E0 0E0 0E0 0E0 0E0 0E0 9.42261E-1 9.33021E-1 0E0 8.2224E-1 8.53054E-1 8.28277E-1 0E0 0E0 0E0 9.87474E-1 9.83215E-1 9.71684E-1 9.9561E-1 9.99826E-1 9.99477E-1 9.98188E-1 9.79907E-1 0E0 0E0 9.99944E-1 9.99996E-1 0E0 0E0 9.92035E-1 0E0 0E0 0E0 0E0 0E0 0E0 0E0 0E0 0E0 0E0 0E0 0E0 0E0 0E0 0E0 0E0 0E0 0E0 0E0 0E0 0E0 0E0 0E0 0E0 0E0 0E0 0E0 0E0 9.97627E-1 9.98841E-1 9.99027E-1
2.5365E-2 2.77821E-2 3.6785E-2 6.40484E-2 1.11935E-1 1.73056E-1 2.02723E-1 1.69154E-1 2.61181E-1 2.22326E-1 1.71123E-1 0E0 0E0 0E0 6.20716E-1 7.57513E-1 0E0 0E0 0E0 0E0 0E0 0E0 9.23552E-1 9.25039E-1 9.44992E-1 9.10646E-1 9.19689E-1 8.1277E-1 8.68015E-1 8.76509E-1 9.62274E-1 9.91202E-1 9.84539E-1 9.84364E-1 9.87542E-1 9.91122E-1 9.99475E-1 9.85377E-1 0E0 9.7745E-1 0E0 9.98126E-1 9.9981E-1 0E0 0E0 0E0 9.98669E-1 9.98574E-1 9.99463E-1 9.9998E-1 0E0 0E0 0E0 0E0 0E0 0E0 0E0 0E0 0E0 0E0 0E0 0E0 0E0 0E0 0E0 0E0 0E0 0E0 0E0 0E0 0E0 0E0 0E0 0E0 9.99905E-1 9.99995E-1 9.99859E-1 9.99684E-1
2.08264E-2 3.06583E-2 6.41047E-2 7.8376E-2 1.01518E-1 1.21537E-1 1.8048E-1 2.70602E-1 0E0 2.50927E-1 2.30007E-1 0E0 0E0 5.15503E-1 5.84158E-1 0E0 0E0 0E0 0E0 0E0 0E0 0E0 9.12992E-1 9.41937E-1 0E0 8.46297E-1 8.62519E-1 0E0 8.48487E-1 9.01761E-1 9.934E-1 0E0 9.89576E-1 9.80652E-1 9.89572E-1 9.85762E-1 9.98569E-1 0E0 9.89643E-1 0E0 9.91558E-1 9.84902E-1 9.99671E-1 9.9605E-1 0E0 0E0 0E0 9.98714E-1 9.98614E-1 9.97667E-1 0E0 0E0 0E0 0E0 0E0 0E0 0E0 0E0 0E0 0E0 0E0 0E0 0E0 0E0 0E0 0E0 0E0 0E0 0E0 0E0 0E0 0E0 0E0 0E0 9.99823E-1 9.99754E-1 9.99606E-1 9.99419E-1
2.00472E-2 3.15005E-2 4.38225E-2 1.14198E-1 8.3913E-2 1.06554E-1 1.82513E-1 2.21391E-1 1.68069E-1 2.2455E-1 2.0697E-1 0E0 0E0 0E0 7.48008E-1 0E0 0E0 0E0 0E0 0E0 0E0 0E0 9.51642E-1 9.53423E-1 0E0 0E0 9.31937E-1 9.40065E-1 0E0 0E0 0E0 9.88224E-1 9.70409E-1 9.86026E-1 9.97436E-1 0E0 9.99792E-1 9.99871E-1 9.97161E-1 0E0 0E0 9.79166E-1 9.99746E-1 9.9908E-1 9.99927E-1 0E0 0E0 0E0 0E0 9.99732E-1 0E0 0E0 0E0 0E0 0E0 0E0 0E0 0E0 0E0 0E0 0E0 0E0 0E0 0E0 0E0 0E0 0E0 0E0 0E0 0E0 0E0 0E0 0E0 9.99986E-1 9.99853E-1 9.99416E-1 0E0 0E0
4.77299E-2 6.23574E-2 9.94073E-2 1.41392E-1 1.23726E-1 2.19145E-1 2.57556E-1 0E0 0E0 0E0 0E0 0E0 0E0 0E0 0E0 0E0 0E0 0E0 0E0 0E0 0E0 8.97516E-1 0E0 0E0 0E0 0E0 0E0 0E0 9.64926E-1 9.47246E-1 0E0 0E0 0E0 0E0 0E0 9.99985E-1 9.99916E-1 9.99072E-1 9.9964E-1 0E0 0E0 9.84647E-1 0E0 0E0 9.99406E-1 9.99829E-1 0E0 0E0 0E0 9.99988E-1 0E0 0E0 0E0 0E0 0E0 0E0 0E0 0E0 0E0 0E0 0E0 0E0 0E0 0E0 0E0 0E0 0E0 0E0 0E0 0E0 0E0 0E0 0E0 0E0 0E0 0E0 0E0 0E0
4.89955E-2 1.25191E-1 1.98538E-1 1.9666E-1 1.85297E-1 2.58171E-1 2.32736E-1 0E0 0E0 0E0 0E0 0E0 0E0 0E0 6.17467E-1 4.49308E-1 5.96871E-1 0E0 0E0 0E0 0E0 8.46795E-1 9.37891E-1 8.71734E-1 8.94092E-1 0E0 9.50701E-1 9.91216E-1 9.67255E-1 9.65722E-1 9.73156E-1 0E0 0E0 0E0 0E0 9.99973E-1 9.99992E-1 9.97824E-1 0E0 0E0 0E0 9.96159E-1 9.87418E-1 0E0 9.99392E-1 0E0 0E0 0E0 0E0 0E0 0E0 0E0 0E0 0E0 0E0 0E0 0E0 0E0 0E0 0E0 0E0 0E0 0E0 0E0 0E0 0E0 0E0 0E0 0E0 0E0 0E0 0E0 0E0 0E0 0E0 0E0 0E0 0E0
1.35772E-1 1.65153E-1 1.81592E-1 1.85986E-1 2.0987E-1 3.00967E-1 0E0 0E0 0E0 0E0 0E0 0E0 0E0 0E0 5.30761E-1 4.29806E-1 6.83032E-1 0E0 0E0 0E0 0E0 0E0 9.75769E-1 9.83056E-1 9.72065E-1 9.17673E-1 9.2685E-1 0E0 0E0 0E0 9.58044E-1 0E0 0E0 0E0 0E0 0E0 0E0 9.9788E-1 0E0 0E0 0E0 0E0 0E0 0E0 0E0 0E0 0E0 0E0 0E0 0E0 0E0 0E0 0E0 0E0 0E0 0E0 0E0 0E0 0E0 0E0 0E0 0E0 0E0 0E0 0E0 0E0 0E0 0E0 0E0 0E0 0E0 0E0 0E0 0E0 7.4784E-1 5.90572E-1 7.56129E-1 0E0
1.55892E-1 1.66389E-1 2.27824E-1 2.52663E-1 3.89637E-1 0E0 0E0 0E0 0E0 0E0 0E0 0E0 0E0 0E0 6.30655E-1 5.00073E-1 0E0 0E0 0E0 0E0 0E0 0E0 0E0 0E0 0E0 9.54217E-1 9.7525E-1 0E0 9.60329E-1 0E0 0E0 0E0 0E0 0E0 0E0 0E0 0E0 0E0 0E0 0E0 0E0 0E0 0E0 0E0 0E0 0E0 0E0 0E0 0E0 0E0 0E0 0E0 0E0 0E0 0E0 0E0 0E0 0E0 0E0 0E0 0E0 0E0 0E0 0E0 0E0 0E0 0E0 0E0 0E0 0E0 0E0 0E0 0E0 9.48458E-1 5.72894E-1 3.53702E-1 7.14003E-1 9.56609E-1
0E0 0E0 0E0 0E0 0E0 0E0 0E0 0E0 0E0 0E0 0E0 0E0 0E0 0E0 0E0 0E0 8.15346E-1 0E0 0E0 0E0 0E0 0E0 0E0 0E0 0E0 0E0 0E0 0E0 0E0 0E0 0E0 0E0 0E0 0E0 9.93397E-1 9.99632E-1 9.99183E-1 0E0 0E0 0E0 0E0 0E0 0E0 0E0 0E0 0E0 0E0 0E0 0E0 0E0 0E0 0E0 0E0 0E0 0E0 0E0 0E0 0E0 0E0 0E0 0E0 0E0 0E0 0E0 0E0 0E0 0E0 0E0 0E0 0E0 0E0 0E0 0E0 8.63538E-1 4.27656E-1 4.56335E-1 5.7011E-1 9.1281E-1
0E0 0E0 0E0 2.79327E-1 5.77048E-1 0E0 0E0 0E0 0E0 0E0 0E0 0E0 0E0 0E0 0E0 0E0 0E0 0E0 0E0 0E0 0E0 0E0 0E0 0E0 0E0 0E0 0E0 0E0 0E0 0E0 0E0 0E0 0E0 0E0 0E0 0E0 0E0 9.97542E-1 0E0 0E0 0E0 0E0 0E0 0E0 0E0 0E0 0E0 0E0 0E0 0E0 0E0 0E0 0E0 0E0 0E0 0E0 0E0 0E0 0E0 0E0 0E0 0E0 0E0 0E0 0E0 0E0 0E0 0E0 0E0 0E0 0E0 0E0 0E0 0E0 6.75945E-1 6.17467E-1 7.89378E-1 0E0
0E0 0E0 0E0 0E0 0E0 0E0 0E0 0E0 0E0 0E0 0E0 0E0 0E0 0E0 0E0 0E0 0E0 0E0 0E0 0E0 0E0 0E0 0E0 0E0 0E0 0E0 0E0 0E0 0E0 0E0 0E0 0E0 0E0 0E0 0E0 0E0 0E0 0E0 0E0 0E0 0E0 0E0 0E0 0E0 0E0 0E0 0E0 0E0 0E0 0E0 0E0 0E0 0E0 0E0 0E0 0E0 0E0 0E0 0E0 0E0 0E0 0E0 0E0 0E0 0E0 0E0 0E0 0E0 0E0 0E0 0E0 0E0 0E0 0E0 0E0 0E0 0E0 0E0
0E0 0E0 0E0 0E0 0E0 0E0 0E0 0E0 0E0 0E0 0E0 0E0 0E0 0E0 0E0 0E0 0E0 0E0 0E0 0E0 0E0 0E0 0E0 0E0 0E0 0E0 0E0 0E0 0E0 0E0 0E0 0E0 0E0 0E0 0E0 9.99999E-1 9.99833E-1 0E0 0E0 0E0 0E0 0E0 0E0 0E0 0E0 0E0 0E0 0E0 0E0 0E0 0E0 0E0 0E0 0E0 0E0 0E0 0E0 0E0 0E0 0E0 0E0 0E0 0E0 0E0 0E0 0E0 0E0 0E0 0E0 0E0 0E0 0E0 0E0 0E0 0E0 0E0 0E0 0E0
0E0 0E0 0E0 0E0 0E0 0E0 0E0 0E0 0E0 0E0 0E0 0E0 0E0 0E0 0E0 0E0 0E0 0E0 0E0 0E0 0E0 0E0 0E0 0E0 0E0 0E0 0E0 0E0 0E0 0E0 0E0 0E0 0E0 0E0 0E0 0E0 0E0 0E0 0E0 0E0 0E0 0E0 0E0 0E0 0E0 0E0 0E0 0E0 0E0 0E0 0E0 0E0 0E0 0E0 0E0 0E0 0E0 0E0 0E0 0E0 0E0 0E0 0E0 0E0 0E0 0E0 0E0 0E0 0E0 0E0 0E0 0E0 0E0 0E0 0E0 0E0 0E0 0E0
0E0 0E0 0E0 0E0 0E0 0E0 0E0 0E0 0E0 0E0 0E0 0E0 0E0 0E0 0E0 0E0 0E0 0E0 0E0 0E0 0E0 0E0 0E0 0E0 0E0 0E0 0E0 0E0 0E0 0E0 0E0 0E0 0E0 0E0 0E0 0E0 0E0 0E0 0E0 0E0 0E0 0E0 0E0 0E0 0E0 0E0 0E0 0E0 0E0 0E0 0E0 0E0 0E0 0E0 0E0 0E0 0E0 0E0 0E0 0E0 0E0 0E0 0E0 0E0 0E0 0E0 0E0 0E0 0E0 0E0 0E0 0E0 0E0 0E0 0E0 0E0 0E0 0E0
0E0 0E0 0E0 0E0 0E0 0E0 0E0 0E0 0E0 0E0 0E0 0E0 0E0 0E0 0E0 0E0 0E0 0E0 0E0 0E0 0E0 0E0 0E0 0E0 0E0 0E0 0E0 0E0 0E0 0E0 0E0 0E0 0E0 0E0 0E0 0E0 0E0 0E0 0E0 0E0 0E0 0E0 0E0 0E0 0E0 0E0 0E0 0E0 0E0 0E0 0E0 0E0 0E0 0E0 0E0 0E0 0E0 0E0 0E0 0E0 0E0 0E0 0E0 0E0 0E0 0E0 0E0 0E0 0E0 0E0 0E0 0E0 0E0 0E0 0E0 0E0 0E0 0E0
