ENM/Final_Models/M_1_F_q_Set_1_NE/Gustavia_santanderiensis_9_Choco.asc
ncols         367
nrows         963
xllcorner     -78.6
yllcorner     0.65
cellsize      0.00833333333333323
NODATA_value  -9999
[rows 816 to 849 of 963, columns 156 to 233 of 367]
7.94708E-3 -9999 -9999 -9999 -9999 -9999 -9999 -9999 -9999 -9999 -9999 -9999 -9999 -9999 -9999 -9999 -9999 -9999 -9999 -9999 -9999 -9999 -9999 -9999 -9999 -9999 -9999 -9999 -9999 -9999 -9999 -9999 -9999 -9999 2.77686E-4 4.8374E-4 3.4529E-4 1.72055E-4 1.05145E-4 6.27276E-5 1.23914E-5 2.65532E-5 6.54307E-5 3.3727E-5 3.53473E-5 1.67968E-5 5.94972E-5 5.28671E-4 6.01551E-4 8.93606E-5 7.18485E-5 2.56783E-5 1.01991E-5 4.99489E-6 9.36094E-6 7.76838E-6 9.44748E-6 3.642E-6 1.05302E-5 5.06327E-5 2.28389E-5 5.45223E-5 4.19811E-5 4.23069E-5 -9999 -9999 -9999 -9999 -9999 -9999 -9999 -9999 -9999 -9999 -9999 -9999 -9999 -9999
-9999 -9999 -9999 -9999 -9999 -9999 -9999 -9999 -9999 -9999 -9999 -9999 -9999 -9999 -9999 -9999 -9999 -9999 -9999 -9999 -9999 -9999 -9999 -9999 -9999 -9999 -9999 -9999 -9999 -9999 -9999 -9999 2.84723E-3 3.71259E-4 1.75723E-3 8.23457E-4 3.32889E-4 2.66977E-4 1.6284E-4 2.93849E-5 6.60297E-6 6.57159E-6 3.49446E-5 1.72701E-5 5.99972E-6 3.90737E-5 1.44261E-5 7.97181E-5 2.35504E-4 1.14987E-4 6.70498E-5 2.27933E-5 1.51009E-6 1.30385E-6 6.38289E-6 2.90823E-5 5.22736E-5 3.5364E-5 1.27986E-5 1.72261E-5 4.68669E-5 2.18192E-5 4.46281E-5 -9999 -9999 -9999 -9999 -9999 -9999 -9999 -9999 -9999 -9999 -9999 -9999 -9999 -9999 -9999
-9999 -9999 -9999 -9999 -9999 -9999 -9999 -9999 -9999 -9999 -9999 -9999 -9999 2.19903E-3 3.02062E-3 1.92487E-3 -9999 -9999 -9999 -9999 -9999 -9999 -9999 -9999 -9999 -9999 -9999 -9999 -9999 -9999 -9999 -9999 -9999 -9999 1.59207E-3 3.35631E-4 1.75892E-4 7.90506E-5 5.13833E-5 1.32299E-5 1.25589E-5 9.68709E-6 5.15861E-6 4.90723E-6 1.29731E-5 3.3397E-5 4.87583E-5 1.43294E-5 2.16082E-4 2.63022E-4 1.34239E-4 9.17245E-5 1.10124E-5 2.07447E-5 1.25385E-5 1.23812E-5 2.7048E-5 1.68202E-5 1.31964E-5 2.70642E-5 3.54582E-5 1.071E-4 3.57408E-5 -9999 -9999 -9999 -9999 -9999 -9999 -9999 -9999 -9999 -9999 -9999 -9999 -9999 -9999 -9999
-9999 -9999 -9999 -9999 -9999 -9999 -9999 -9999 -9999 -9999 -9999 -9999 2.48095E-3 1.87438E-3 3.85983E-3 1.59987E-3 1.16729E-3 -9999 -9999 -9999 -9999 -9999 -9999 -9999 -9999 -9999 -9999 -9999 -9999 -9999 -9999 -9999 -9999 -9999 2.68477E-4 3.00444E-4 8.92662E-5 2.77484E-5 3.04468E-5 4.30706E-5 3.01425E-5 7.83617E-6 3.0608E-6 4.76308E-6 6.19466E-6 1.46865E-5 3.65574E-5 2.60693E-5 4.38917E-5 2.69573E-4 9.71165E-5 1.36628E-4 1.28054E-4 2.55961E-4 1.27372E-4 1.84009E-4 1.1397E-4 7.70913E-5 4.30059E-6 2.62834E-5 2.42185E-5 5.15141E-5 1.41869E-5 -9999 -9999 -9999 -9999 -9999 -9999 -9999 -9999 -9999 -9999 -9999 -9999 -9999 -9999 -9999
-9999 -9999 -9999 -9999 -9999 -9999 -9999 -9999 -9999 -9999 -9999 1.57476E-3 3.18483E-3 1.70028E-3 3.59356E-3 3.4813E-3 2.471E-3 3.69097E-3 -9999 6.06422E-3 1.12154E-2 -9999 -9999 -9999 -9999 -9999 -9999 -9999 -9999 -9999 -9999 -9999 -9999 1.34194E-3 2.43062E-4 4.75495E-4 1.04097E-4 2.96753E-5 2.20199E-5 5.27455E-5 8.80373E-5 1.06671E-5 5.08369E-6 3.86546E-6 1.7795E-6 2.44838E-6 2.71061E-6 4.77686E-6 9.00031E-5 6.41576E-5 5.86793E-5 1.59922E-4 1.09212E-4 2.16263E-5 8.0318E-5 4.39276E-5 1.49167E-5 5.48992E-5 8.26866E-5 7.75241E-5 1.69584E-5 1.7822E-5 6.41345E-5 -9999 -9999 -9999 -9999 -9999 -9999 -9999 -9999 -9999 -9999 -9999 -9999 -9999 -9999 -9999
-9999 -9999 -9999 -9999 -9999 -9999 -9999 -9999 -9999 -9999 -9999 -9999 2.24372E-3 1.91877E-3 4.63613E-3 2.68791E-3 2.28068E-3 2.51507E-3 2.20448E-3 3.58544E-3 1.37315E-2 -9999 -9999 -9999 -9999 -9999 -9999 -9999 -9999 -9999 6.74698E-3 9.03971E-3 6.60464E-3 2.15936E-3 3.48792E-4 3.16658E-4 2.7172E-4 8.63116E-5 8.98042E-5 7.50196E-5 3.39504E-5 1.3063E-5 4.69779E-6 6.23285E-6 6.12703E-6 3.6436E-5 1.4343E-5 3.05312E-6 1.69452E-5 2.64262E-5 1.54579E-5 7.55364E-5 1.11306E-4 2.76324E-5 2.25931E-5 3.71358E-5 1.4733E-5 3.63783E-5 4.26792E-5 2.13119E-5 1.7151E-5 1.27681E-5 7.65687E-6 -9999 -9999 -9999 -9999 -9999 -9999 -9999 -9999 -9999 -9999 -9999 -9999 -9999 -9999 -9999
-9999 -9999 -9999 -9999 -9999 -9999 -9999 -9999 -9999 -9999 -9999 4.82877E-3 7.62311E-3 -9999 -9999 2.31551E-3 3.80308E-3 1.64399E-3 2.9504E-3 8.57627E-3 -9999 -9999 -9999 -9999 -9999 -9999 -9999 -9999 -9999 -9999 -9999 -9999 -9999 -9999 -9999 -9999 9.39776E-5 7.9372E-5 5.76563E-5 1.34754E-4 7.20578E-5 3.78823E-5 1.16612E-5 6.08858E-6 3.58185E-6 7.74983E-5 1.10695E-4 2.19636E-6 6.95493E-6 8.90856E-6 4.83548E-6 7.69061E-6 4.56096E-5 3.15869E-5 1.19641E-5 3.34355E-5 2.37482E-5 1.33324E-5 2.40107E-5 1.09899E-5 2.16702E-6 4.42953E-6 9.93987E-6 -9999 -9999 -9999 -9999 -9999 -9999 -9999 -9999 -9999 -9999 -9999 -9999 -9999 -9999 -9999
-9999 -9999 -9999 -9999 -9999 -9999 -9999 -9999 -9999 -9999 -9999 -9999 -9999 -9999 -9999 2.08025E-3 2.12336E-3 1.42887E-3 4.73022E-3 9.97622E-3 -9999 -9999 -9999 -9999 -9999 -9999 -9999 -9999 -9999 -9999 -9999 -9999 -9999 -9999 -9999 -9999 -9999 2.06813E-4 1.4791E-4 2.66677E-4 5.02411E-5 1.32419E-5 9.9744E-6 8.83073E-6 3.7073E-5 4.76355E-5 1.83502E-5 7.02759E-6 1.23318E-5 1.95829E-5 9.13349E-6 1.47457E-5 8.00468E-6 2.49699E-5 9.72027E-6 1.71754E-5 3.74971E-5 2.0883E-5 2.93103E-5 8.1168E-6 2.98539E-5 3.41839E-5 6.35906E-5 5.17095E-5 -9999 -9999 -9999 -9999 -9999 -9999 -9999 -9999 -9999 -9999 -9999 -9999 -9999 -9999
-9999 -9999 -9999 -9999 -9999 -9999 -9999 -9999 -9999 -9999 -9999 -9999 -9999 -9999 -9999 1.72099E-3 1.70744E-3 1.65414E-3 5.74722E-3 1.86554E-2 -9999 -9999 -9999 -9999 -9999 -9999 -9999 -9999 5.84529E-3 9.88651E-3 1.13424E-2 -9999 -9999 -9999 2.83359E-4 2.98794E-4 1.00511E-3 1.02923E-3 8.69082E-4 1.64302E-4 1.04256E-4 4.43978E-5 1.73356E-5 4.03223E-6 1.10123E-5 8.45476E-6 1.47387E-6 9.41567E-6 1.79241E-5 4.02703E-5 2.84993E-5 1.51577E-5 1.34614E-5 1.27634E-5 1.74459E-5 3.9888E-6 1.29829E-5 1.06011E-5 1.30173E-5 8.80396E-6 1.52844E-5 1.26893E-4 1.14244E-4 7.81315E-5 -9999 -9999 -9999 -9999 -9999 -9999 -9999 -9999 -9999 -9999 -9999 -9999 -9999 -9999
-9999 -9999 -9999 -9999 -9999 -9999 -9999 -9999 -9999 -9999 -9999 -9999 -9999 -9999 6.55289E-3 2.87699E-3 3.27676E-3 2.75944E-3 4.51757E-3 1.65761E-2 -9999 -9999 -9999 -9999 -9999 -9999 -9999 -9999 6.92518E-3 4.92564E-3 2.27715E-3 7.95274E-4 2.79557E-4 3.03046E-5 2.61431E-5 2.21932E-4 1.48347E-4 4.68517E-4 3.90618E-4 1.61882E-4 1.06642E-4 1.98997E-4 1.3236E-4 2.85145E-5 9.48324E-6 3.14466E-6 3.25832E-6 7.75354E-6 8.46693E-5 1.34891E-4 2.36734E-5 6.12642E-6 1.74114E-5 9.81552E-6 1.49536E-5 1.15566E-5 5.17416E-6 7.11183E-6 1.22185E-5 4.57401E-5 2.62992E-5 1.86385E-5 6.06899E-5 9.7156E-5 -9999 -9999 -9999 -9999 -9999 -9999 -9999 -9999 -9999 -9999 -9999 -9999 -9999 -9999
-9999 -9999 -9999 -9999 -9999 -9999 -9999 -9999 -9999 -9999 -9999 -9999 -9999 4.03258E-3 3.27005E-3 2.48412E-3 3.13556E-3 4.53871E-3 3.90062E-3 7.42019E-3 -9999 -9999 -9999 -9999 -9999 -9999 -9999 -9999 1.6283E-3 1.12744E-3 5.98785E-4 5.42839E-4 1.68472E-4 9.6926E-5 3.50089E-5 1.20975E-4 3.01341E-5 5.84026E-5 1.69767E-4 8.31509E-5 7.02089E-5 3.46927E-5 1.60815E-5 2.71073E-5 2.36409E-5 2.88218E-5 8.18947E-6 5.11198E-6 2.77484E-5 1.04512E-4 3.31971E-5 1.53197E-5 1.65246E-5 1.8174E-5 1.49162E-5 8.87293E-6 1.09892E-5 9.09839E-6 1.07539E-5 6.63114E-5 8.69572E-5 1.11647E-4 1.76324E-4 2.46963E-4 -9999 -9999 -9999 -9999 -9999 -9999 -9999 -9999 -9999 -9999 -9999 -9999 -9999 -9999
-9999 -9999 -9999 -9999 -9999 -9999 -9999 -9999 -9999 -9999 -9999 -9999 -9999 -9999 -9999 2.39757E-3 3.72336E-3 2.33522E-3 3.62782E-3 8.29437E-3 -9999 -9999 -9999 -9999 -9999 -9999 -9999 -9999 1.48487E-3 5.32738E-4 2.42045E-4 1.38239E-4 4.44536E-5 2.54579E-5 2.53105E-5 1.76113E-4 4.80492E-5 3.19926E-5 1.001E-4 6.23345E-5 6.05046E-5 1.4651E-4 1.01803E-5 9.12231E-6 8.47562E-6 1.7887E-5 2.18959E-5 3.21844E-5 4.04305E-6 8.69861E-5 7.96746E-5 3.94964E-5 1.64558E-5 2.17584E-5 2.00248E-5 2.21743E-5 5.48866E-5 7.73073E-5 1.93746E-5 8.65398E-5 5.09177E-5 3.10478E-4 2.14825E-4 2.49754E-4 -9999 -9999 -9999 -9999 -9999 -9999 -9999 -9999 -9999 -9999 -9999 -9999 -9999 -9999
-9999 -9999 -9999 -9999 -9999 -9999 -9999 -9999 -9999 -9999 -9999 -9999 -9999 -9999 -9999 -9999 1.14322E-3 1.43282E-3 3.42775E-3 6.19182E-3 -9999 -9999 5.13797E-3 -9999 -9999 -9999 -9999 -9999 2.30753E-3 3.41525E-4 5.67931E-5 3.60619E-5 1.89321E-5 1.78586E-5 4.08478E-5 6.42734E-5 3.43876E-5 9.56392E-6 2.18229E-5 7.91E-5 3.20351E-5 1.04673E-5 2.70751E-5 6.4525E-6 1.26814E-5 2.14659E-6 2.84606E-5 1.6882E-5 2.13519E-5 2.12636E-4 1.36184E-4 4.89888E-5 4.63286E-6 9.84566E-6 3.898E-5 6.5113E-6 1.5346E-5 6.3949E-5 1.52864E-4 8.14897E-5 1.15813E-4 1.10348E-4 1.52006E-4 -9999 -9999 -9999 -9999 -9999 -9999 -9999 -9999 -9999 -9999 -9999 -9999 -9999 -9999 -9999
-9999 -9999 -9999 -9999 -9999 -9999 -9999 -9999 -9999 -9999 -9999 -9999 -9999 -9999 -9999 -9999 -9999 1.00827E-3 2.41031E-3 5.11193E-3 -9999 -9999 9.13183E-3 -9999 -9999 -9999 -9999 2.23229E-3 2.69082E-3 6.10777E-4 1.11532E-4 2.14227E-5 1.00422E-5 2.04267E-5 3.91991E-5 2.10499E-5 2.5883E-5 1.15092E-5 1.64607E-5 8.88997E-5 2.98937E-5 4.73871E-6 2.90693E-6 4.27485E-6 1.13149E-4 4.22808E-5 2.21051E-5 8.42678E-6 1.84828E-5 3.40792E-5 1.15114E-4 1.10049E-4 1.45255E-5 4.74285E-6 1.49146E-5 1.34235E-5 4.34701E-5 1.66251E-4 2.08978E-4 1.61811E-4 1.98463E-4 1.46316E-4 -9999 -9999 -9999 -9999 -9999 -9999 -9999 -9999 -9999 -9999 -9999 -9999 -9999 -9999 -9999 -9999
-9999 -9999 -9999 -9999 -9999 -9999 -9999 -9999 -9999 -9999 -9999 -9999 -9999 -9999 9.0741E-3 -9999 -9999 1.47793E-3 1.04148E-3 2.88062E-3 -9999 -9999 -9999 -9999 -9999 7.74452E-4 7.74597E-4 2.10234E-3 7.46433E-4 2.27818E-4 4.65322E-5 2.02897E-5 2.3264E-5 1.56607E-5 2.54845E-5 2.608E-5 2.48544E-5 1.95719E-5 1.98098E-5 4.65109E-5 6.05233E-6 6.45089E-6 3.19096E-5 1.94247E-5 1.98655E-4 1.48214E-4 4.20862E-5 1.47164E-5 2.20939E-5 1.3202E-5 5.25876E-5 1.18013E-4 2.25725E-5 4.76733E-6 4.46582E-5 1.56473E-5 8.0365E-5 3.34246E-4 2.31357E-4 3.03643E-4 2.39091E-4 1.75539E-4 -9999 -9999 -9999 -9999 -9999 -9999 -9999 -9999 -9999 -9999 -9999 -9999 -9999 -9999 -9999 -9999
-9999 -9999 -9999 -9999 -9999 -9999 -9999 -9999 -9999 9.07914E-3 1.61868E-2 -9999 -9999 6.49389E-3 8.60175E-3 -9999 -9999 2.55738E-3 1.36014E-3 8.87035E-3 2.90917E-3 -9999 -9999 1.775E-3 4.55752E-4 3.14646E-4 4.00737E-4 2.88001E-4 1.50238E-4 3.25825E-5 8.19444E-5 2.89184E-5 2.05719E-5 9.59779E-6 2.93772E-5 3.60137E-5 1.8502E-5 2.15911E-5 2.18499E-5 5.85126E-5 3.36257E-5 9.23319E-6 4.70424E-5 2.21758E-4 5.69126E-4 6.82559E-5 2.06848E-5 1.39011E-5 4.12509E-5 5.02112E-5 2.84209E-5 5.74487E-5 4.68151E-5 9.29084E-6 8.17112E-5 1.55209E-4 3.06347E-5 6.99837E-5 1.44399E-4 2.99347E-4 3.30821E-4 1.73408E-4 -9999 -9999 -9999 -9999 -9999 -9999 -9999 -9999 -9999 -9999 -9999 -9999 -9999 -9999 -9999 -9999
-9999 -9999 -9999 -9999 -9999 -9999 -9999 -9999 -9999 7.52158E-3 8.16274E-3 -9999 -9999 4.36649E-3 1.01958E-2 -9999 -9999 2.5213E-3 1.87517E-3 3.96994E-3 3.20198E-3 -9999 -9999 1.01438E-3 2.49065E-4 1.92349E-4 6.25442E-5 7.03509E-5 1.30091E-4 9.05727E-5 5.83855E-5 2.84794E-5 9.41596E-6 8.28019E-6 2.27355E-5 1.45643E-5 1.52704E-5 5.27482E-5 7.18762E-5 6.27194E-5 4.25332E-5 1.20948E-5 2.12876E-5 2.89572E-4 2.203E-4 5.27554E-5 1.25233E-5 9.69471E-6 3.89761E-5 5.49255E-5 3.66861E-5 6.29623E-5 4.81605E-5 4.20448E-5 1.38466E-4 4.22297E-4 1.59968E-4 2.5558E-4 1.95585E-4 3.93351E-4 2.99028E-4 6.49915E-4 -9999 -9999 -9999 -9999 -9999 -9999 -9999 -9999 -9999 -9999 -9999 -9999 -9999 -9999 -9999 -9999
-9999 -9999 -9999 -9999 -9999 -9999 -9999 -9999 -9999 8.41856E-3 5.85328E-3 -9999 -9999 5.79757E-3 6.78515E-3 -9999 -9999 2.41401E-3 9.1785E-3 1.54185E-2 5.15196E-3 -9999 -9999 1.70005E-4 7.47848E-5 8.39531E-5 6.35395E-5 1.62528E-4 7.58782E-5 3.01093E-5 1.56701E-5 1.26488E-5 8.87125E-6 5.72983E-6 1.73817E-5 1.44291E-5 4.21979E-6 2.40103E-5 3.5533E-5 2.17176E-4 2.28707E-4 6.87304E-5 8.9917E-5 3.24629E-4 1.56342E-4 1.04239E-4 4.7794E-5 2.63789E-5 5.7817E-5 2.88448E-5 4.64646E-5 1.54932E-4 2.19339E-4 4.66748E-5 1.16366E-4 1.35979E-4 2.3642E-4 2.00741E-4 3.8289E-4 2.55261E-4 3.93191E-4 -9999 -9999 -9999 -9999 -9999 -9999 -9999 -9999 -9999 -9999 -9999 -9999 -9999 -9999 -9999 -9999 -9999
-9999 -9999 -9999 -9999 -9999 -9999 -9999 -9999 1.66563E-3 2.40797E-3 4.50331E-3 -9999 -9999 4.08039E-3 5.41916E-3 2.56643E-3 1.50354E-3 3.12413E-3 5.4253E-3 1.26412E-2 6.24842E-3 -9999 2.4024E-3 1.99763E-4 1.31561E-4 2.86342E-4 2.31183E-4 8.37734E-5 2.95733E-5 1.04803E-5 8.68741E-6 1.5995E-5 1.19424E-5 7.60391E-6 9.52766E-6 1.83427E-5 5.61856E-6 1.68383E-5 3.03516E-5 1.36758E-4 4.13006E-4 4.90128E-4 1.6767E-4 1.94911E-4 4.73559E-4 4.09949E-4 1.6965E-4 8.57599E-5 3.88362E-5 3.18512E-5 5.53504E-5 2.8258E-4 5.49701E-4 1.45816E-4 1.3771E-4 3.41923E-4 3.27212E-4 3.04768E-4 3.02484E-4 5.94947E-4 4.79576E-4 -9999 -9999 -9999 -9999 -9999 -9999 -9999 -9999 -9999 -9999 -9999 -9999 -9999 -9999 -9999 -9999 -9999
-9999 -9999 -9999 -9999 -9999 -9999 -9999 -9999 2.96184E-3 7.81329E-4 1.5401E-3 3.05328E-3 -9999 3.81121E-3 2.59125E-3 4.16232E-3 2.13695E-3 6.2914E-3 7.88859E-3 1.49624E-2 4.44823E-3 4.34629E-3 2.51345E-3 7.86096E-4 3.7164E-4 1.31307E-4 6.03265E-5 3.9861E-5 1.65346E-5 6.47615E-6 1.19327E-5 2.76168E-5 2.31718E-5 1.54609E-5 2.27435E-5 4.18344E-5 2.78927E-5 7.60729E-5 5.65782E-5 2.57893E-4 1.53651E-4 1.83375E-4 7.21073E-5 1.56755E-4 7.77331E-4 7.99665E-4 3.92265E-4 1.0233E-4 7.94573E-5 1.81701E-4 2.86369E-4 2.909E-4 4.77721E-4 4.45674E-4 1.94037E-4 3.74293E-4 4.5575E-4 4.947E-4 5.21971E-4 4.20236E-4 3.75715E-4 -9999 -9999 -9999 -9999 -9999 -9999 -9999 -9999 -9999 -9999 -9999 -9999 -9999 -9999 -9999 -9999 -9999
-9999 -9999 -9999 -9999 -9999 6.55017E-3 7.99723E-3 6.41659E-3 2.96482E-3 7.69905E-4 8.1554E-4 1.38531E-3 1.64952E-3 2.07196E-3 1.73658E-3 1.68856E-3 7.88987E-3 7.17543E-3 7.46207E-3 1.5214E-2 6.73675E-3 5.76347E-3 3.10489E-3 8.67385E-4 1.62262E-4 1.44281E-4 5.55456E-5 1.05008E-5 1.30805E-5 9.17502E-6 8.30812E-6 1.25307E-5 1.12354E-5 1.17804E-5 2.90487E-5 2.53349E-5 4.78949E-5 1.24337E-5 1.67045E-5 5.87541E-5 5.5736E-5 3.45062E-5 4.30288E-5 3.15519E-4 5.64507E-4 2.04064E-4 2.22804E-4 1.0082E-4 2.55186E-4 5.81545E-4 6.85976E-4 2.92728E-4 5.99886E-4 6.63091E-4 4.66961E-4 7.56906E-4 5.57758E-4 5.15772E-4 4.25762E-4 3.80224E-4 3.09158E-4 -9999 -9999 -9999 -9999 -9999 -9999 -9999 -9999 -9999 -9999 -9999 -9999 -9999 -9999 -9999 -9999 -9999
-9999 -9999 -9999 -9999 -9999 2.02704E-2 1.66571E-2 1.60693E-2 1.6669E-2 5.10522E-3 -9999 1.42092E-3 1.73138E-3 3.08925E-3 2.62541E-3 5.71641E-3 3.62935E-3 5.67022E-3 7.02489E-3 1.35214E-2 8.01653E-3 3.96614E-3 6.15772E-4 4.44208E-4 1.31509E-4 1.3466E-4 1.801E-4 2.79294E-5 1.4728E-5 9.99653E-6 1.57154E-5 1.30639E-5 2.39191E-5 7.49715E-6 1.18625E-5 2.6814E-5 1.40166E-5 1.03135E-5 2.82564E-5 3.6452E-5 1.12038E-5 2.27691E-5 5.19285E-5 2.49607E-4 1.1553E-4 1.29484E-4 2.543E-4 3.20919E-4 3.38279E-4 8.36584E-4 7.6069E-4 6.23874E-4 6.89024E-4 5.48787E-4 5.21766E-4 6.01682E-4 3.49982E-4 2.48101E-4 3.63082E-4 2.70731E-4 2.28076E-4 -9999 -9999 -9999 -9999 -9999 -9999 -9999 -9999 -9999 -9999 -9999 -9999 -9999 -9999 -9999 -9999 -9999
-9999 -9999 -9999 -9999 -9999 -9999 1.99272E-2 2.67658E-2 -9999 -9999 -9999 2.17083E-3 -9999 -9999 4.94225E-3 6.86005E-3 4.95922E-3 -9999 -9999 -9999 9.54442E-3 1.09219E-3 3.36185E-4 2.97495E-4 1.46244E-4 2.65095E-4 1.04211E-4 9.23529E-5 1.39989E-5 1.74164E-5 1.48507E-5 2.46773E-5 1.79045E-5 1.12475E-5 8.09703E-6 5.14286E-6 6.25716E-6 1.07913E-5 3.92423E-5 9.40166E-6 9.61442E-6 2.10427E-5 5.57149E-5 7.56874E-5 6.59735E-5 1.4757E-4 5.90043E-4 4.42802E-4 5.96746E-4 8.45071E-4 5.94502E-4 4.31921E-4 5.92479E-4 5.77371E-4 5.86105E-4 -9999 -9999 -9999 2.99478E-4 4.15455E-4 2.41206E-4 -9999 -9999 -9999 -9999 -9999 -9999 -9999 -9999 -9999 -9999 -9999 -9999 -9999 -9999 -9999 -9999 -9999
-9999 -9999 -9999 -9999 -9999 -9999 -9999 -9999 -9999 -9999 -9999 -9999 -9999 -9999 -9999 -9999 -9999 -9999 -9999 -9999 4.218E-3 2.66125E-3 6.91311E-4 1.39284E-3 9.34566E-4 4.53783E-4 1.61884E-4 2.42602E-4 5.66449E-5 2.04222E-4 1.01146E-4 8.44595E-5 1.68561E-5 1.06237E-5 9.22731E-6 5.6666E-6 9.25466E-6 4.96056E-6 7.03281E-6 8.73208E-6 2.0955E-5 1.13082E-5 1.50177E-5 4.22629E-5 5.52548E-5 2.49175E-4 7.31359E-4 4.50348E-4 7.6796E-4 7.99707E-4 5.04194E-4 2.90053E-4 3.48853E-4 5.1872E-4 -9999 -9999 -9999 -9999 3.14566E-4 1.53372E-4 6.74515E-5 -9999 -9999 -9999 -9999 -9999 -9999 -9999 -9999 -9999 -9999 -9999 -9999 -9999 -9999 -9999 -9999 -9999
-9999 -9999 -9999 -9999 -9999 -9999 -9999 -9999 -9999 -9999 -9999 -9999 -9999 -9999 -9999 -9999 -9999 -9999 -9999 -9999 5.06991E-3 3.7889E-3 3.24125E-3 8.8276E-4 1.75278E-3 4.98472E-4 2.85466E-4 2.62129E-4 3.96826E-4 2.79527E-4 1.39263E-4 1.11387E-4 4.80142E-5 1.80915E-5 6.66699E-6 3.90082E-6 4.63749E-6 8.52096E-6 2.31461E-5 9.75009E-6 9.07575E-6 3.01159E-5 1.13825E-5 3.04638E-5 6.46429E-5 3.18995E-4 4.61922E-4 6.81684E-4 6.96603E-4 6.40952E-4 5.79318E-4 -9999 -9999 -9999 -9999 -9999 -9999 8.77784E-5 5.98831E-5 8.10998E-5 8.28782E-5 -9999 -9999 -9999 -9999 -9999 -9999 -9999 -9999 -9999 -9999 -9999 -9999 -9999 -9999 -9999 -9999 -9999
-9999 -9999 -9999 -9999 -9999 -9999 -9999 -9999 -9999 -9999 -9999 -9999 -9999 -9999 -9999 -9999 -9999 3.61185E-3 5.22513E-3 1.10665E-2 2.84634E-3 1.48742E-3 2.4812E-3 1.23966E-3 7.72162E-4 3.85123E-4 2.42921E-4 6.51753E-4 4.74259E-4 8.88485E-5 8.08501E-6 2.60247E-5 4.56427E-5 2.67808E-5 1.43826E-5 9.77041E-6 9.82051E-6 4.74509E-6 3.86276E-6 6.10545E-6 1.89892E-5 8.31806E-5 1.98004E-5 5.71335E-5 7.46819E-5 2.02823E-4 6.99916E-4 6.29574E-4 5.78421E-4 7.36832E-4 5.65639E-4 -9999 -9999 -9999 2.04505E-4 2.81095E-4 2.90382E-4 2.13781E-4 9.55895E-5 9.95993E-5 1.38305E-4 -9999 -9999 -9999 -9999 -9999 -9999 -9999 -9999 -9999 -9999 -9999 -9999 -9999 -9999 -9999 -9999 -9999
-9999 -9999 -9999 -9999 -9999 -9999 -9999 -9999 -9999 -9999 -9999 -9999 -9999 -9999 -9999 6.24621E-3 3.63515E-3 2.26353E-3 4.84832E-3 1.8857E-2 1.32037E-2 7.60309E-3 2.18577E-3 1.31758E-3 7.18046E-4 9.87945E-4 6.92505E-4 1.50973E-4 1.22468E-4 3.18407E-5 7.92845E-6 1.72462E-6 7.741E-6 1.48247E-5 9.3354E-6 5.89236E-6 1.67778E-6 3.1515E-6 2.41598E-6 7.96946E-6 1.62032E-5 7.81318E-5 7.14793E-5 1.07195E-4 1.74559E-4 4.16338E-4 7.48247E-4 6.85228E-4 8.12558E-4 2.97252E-4 4.43153E-4 -9999 -9999 2.54792E-4 2.22479E-4 3.87415E-4 3.88129E-4 3.40626E-4 3.87886E-4 1.74766E-4 2.68779E-4 -9999 -9999 -9999 -9999 -9999 -9999 -9999 -9999 -9999 -9999 -9999 -9999 -9999 -9999 -9999 -9999 -9999
-9999 -9999 -9999 -9999 -9999 -9999 -9999 -9999 -9999 -9999 -9999 -9999 -9999 -9999 5.81674E-3 1.83601E-3 1.2445E-3 1.61588E-3 1.61688E-3 5.25687E-3 5.17121E-3 5.5229E-3 1.80378E-3 1.37311E-3 3.53268E-3 3.42535E-4 5.83045E-5 4.73723E-5 2.55285E-5 3.88712E-5 5.92039E-6 6.59557E-6 6.44286E-6 6.73079E-6 6.71214E-6 6.41027E-6 4.09745E-5 2.71728E-5 4.41882E-6 5.56083E-6 3.2862E-5 3.75908E-5 1.19464E-4 1.90573E-4 3.77972E-4 5.97443E-4 4.94339E-4 7.32659E-4 9.4448E-4 -9999 -9999 -9999 -9999 2.13987E-4 2.36536E-4 5.64419E-4 2.14664E-4 3.08693E-4 4.58518E-4 2.94305E-4 1.75829E-4 -9999 -9999 -9999 -9999 -9999 -9999 -9999 -9999 -9999 -9999 -9999 -9999 -9999 -9999 -9999 -9999 -9999
-9999 -9999 -9999 -9999 -9999 -9999 -9999 -9999 -9999 -9999 -9999 -9999 -9999 3.73805E-3 7.19477E-4 6.89116E-4 8.85282E-4 1.48058E-3 6.18097E-4 2.43984E-3 2.66069E-3 1.77429E-3 7.91174E-3 6.07578E-3 1.71791E-3 5.6065E-5 2.60997E-5 4.14069E-5 2.55503E-5 1.03936E-5 1.22084E-5 9.55996E-6 9.43839E-6 6.36912E-6 5.79671E-6 3.42291E-5 5.62081E-5 1.34419E-5 5.50975E-6 1.03331E-5 2.31041E-5 5.99305E-5 5.28255E-5 1.08702E-4 4.67684E-4 2.64759E-4 2.11496E-4 5.86756E-4 8.03383E-4 -9999 -9999 -9999 -9999 1.38124E-4 2.13441E-4 1.87278E-4 2.41386E-5 4.94213E-5 1.48157E-4 4.07254E-4 4.76317E-4 7.50215E-4 -9999 -9999 -9999 -9999 -9999 -9999 -9999 -9999 -9999 -9999 -9999 -9999 -9999 -9999 -9999 -9999
-9999 -9999 -9999 -9999 -9999 -9999 -9999 -9999 -9999 2.69333E-2 2.79868E-2 -9999 -9999 3.46092E-3 2.77195E-4 2.36641E-4 4.32678E-4 7.24937E-4 7.79422E-4 1.03773E-3 1.70093E-4 3.95891E-4 1.31112E-3 8.75211E-4 7.48425E-4 9.04011E-5 3.01752E-5 1.90991E-5 1.48844E-5 1.14659E-5 1.59707E-5 1.61339E-5 7.37828E-6 7.68351E-6 8.95254E-6 3.71623E-5 3.42604E-5 9.8246E-6 1.12637E-5 1.17396E-5 8.01556E-6 1.58729E-5 8.28015E-5 8.83058E-5 1.37755E-4 1.93504E-4 3.75978E-4 9.66307E-4 5.71591E-4 -9999 -9999 -9999 -9999 -9999 -9999 1.65858E-4 1.22062E-4 9.65135E-5 9.63991E-5 2.19329E-4 4.44104E-4 5.89116E-4 -9999 -9999 -9999 -9999 -9999 -9999 -9999 -9999 -9999 -9999 -9999 -9999 -9999 -9999 -9999 -9999
-9999 -9999 -9999 -9999 -9999 -9999 -9999 -9999 1.47662E-2 2.38164E-2 2.64787E-2 -9999 -9999 1.44201E-3 4.08506E-4 3.20163E-4 4.65856E-4 9.96974E-4 7.82449E-4 6.49123E-4 1.19495E-4 2.75136E-4 1.14251E-3 3.95945E-4 4.81149E-4 1.66749E-4 3.2578E-5 2.03534E-5 1.31904E-5 1.5763E-5 1.56367E-5 3.81915E-5 4.74957E-5 2.36549E-5 2.96428E-5 1.86134E-5 1.49193E-5 2.22461E-5 2.26359E-5 1.70182E-5 2.46097E-5 2.77305E-5 5.87503E-5 7.00493E-5 2.24941E-4 3.7807E-4 8.1603E-4 9.27431E-4 8.55309E-4 -9999 -9999 -9999 -9999 -9999 -9999 9.06218E-5 3.65114E-5 3.30643E-5 1.07504E-4 2.40394E-4 2.85581E-4 6.95835E-4 -9999 -9999 -9999 -9999 -9999 -9999 -9999 -9999 -9999 -9999 -9999 -9999 -9999 -9999 -9999 -9999
-9999 -9999 -9999 -9999 5.04496E-2 3.61798E-2 -9999 -9999 8.48427E-3 2.11078E-2 1.55752E-2 2.73387E-3 3.59506E-4 3.63761E-4 2.81323E-4 6.13557E-5 3.65644E-4 9.48412E-4 1.05642E-3 3.57487E-4 1.85889E-4 3.81366E-4 6.84224E-4 1.0574E-4 3.78043E-5 9.30563E-5 3.61944E-5 1.51243E-5 1.41414E-5 1.23539E-5 4.02181E-5 1.39883E-4 1.52631E-4 1.47416E-4 4.79043E-5 2.49508E-5 3.61302E-5 8.88491E-5 5.08873E-5 4.34015E-5 3.89898E-5 3.83714E-5 1.29982E-4 1.44988E-4 2.64198E-4 3.97864E-4 6.4224E-4 9.17402E-4 6.29539E-4 8.24932E-4 3.74414E-4 4.41703E-4 -9999 -9999 -9999 6.68853E-5 4.03436E-5 6.18036E-5 1.27048E-4 2.05602E-4 3.08535E-4 4.248E-4 8.07259E-4 -9999 -9999 -9999 -9999 -9999 -9999 -9999 -9999 -9999 -9999 -9999 -9999 -9999 -9999 -9999
1.52831E-2 -9999 -9999 3.24904E-2 5.52371E-2 3.91764E-2 -9999 -9999 9.77079E-3 1.48138E-2 5.36305E-3 1.41197E-3 2.4207E-4 1.09685E-4 1.69769E-4 5.6548E-5 9.72925E-5 2.52805E-4 1.24703E-4 1.23464E-4 5.95381E-5 4.44364E-4 2.50385E-4 4.3256E-5 2.2986E-5 4.55502E-5 1.02588E-4 2.56168E-5 2.27934E-5 2.42915E-5 1.92296E-4 6.08429E-4 3.10109E-4 1.01776E-4 3.01483E-5 3.45998E-5 2.77325E-5 2.99081E-5 5.42259E-5 3.30753E-5 5.06791E-5 3.52229E-5 7.68202E-5 9.66215E-5 2.6939E-4 4.99513E-4 8.9841E-4 6.52496E-4 7.79688E-4 8.26118E-4 6.44796E-4 5.63181E-4 4.52805E-4 -9999 -9999 1.03511E-4 2.09837E-5 1.9064E-5 2.95832E-5 1.15007E-4 1.99314E-4 3.00416E-4 8.65837E-4 -9999 -9999 -9999 -9999 -9999 -9999 -9999 -9999 -9999 -9999 -9999 -9999 -9999 -9999 -9999
6.5138E-3 2.47281E-3 1.36843E-2 2.41723E-2 4.71135E-2 2.66414E-2 -9999 8.81411E-3 7.86739E-3 2.35369E-3 9.48764E-4 1.22902E-4 8.18588E-5 7.49268E-5 1.11769E-4 6.86815E-5 4.21148E-5 8.72663E-5 6.39978E-5 6.79279E-5 4.62722E-5 1.75059E-4 2.53834E-4 6.37034E-5 1.76839E-5 4.59033E-5 5.20706E-5 1.41496E-5 2.30913E-5 3.06895E-5 1.17588E-4 1.57407E-4 1.30321E-4 4.39731E-5 2.72598E-5 3.02556E-5 4.48212E-5 2.98065E-5 7.69508E-5 1.29188E-4 9.76898E-5 3.89248E-5 7.04216E-5 7.9972E-5 1.93243E-4 3.86838E-4 4.93725E-4 3.24575E-4 5.26728E-4 4.95196E-4 8.50693E-4 4.8572E-4 4.39718E-4 -9999 -9999 8.06077E-5 4.00345E-5 2.02249E-5 2.08519E-5 1.53823E-5 9.09865E-5 2.33342E-4 9.53453E-4 -9999 -9999 -9999 -9999 -9999 -9999 -9999 -9999 -9999 -9999 -9999 -9999 -9999 -9999 -9999
