ENM/Final_Models/M_1_F_q_Set_1_NE/Gustavia_santanderiensis_1_Choco.asc
ncols         367
nrows         963
xllcorner     -78.6
yllcorner     0.65
cellsize      0.00833333333333323
NODATA_value  -9999
[rows 612 to 645 of 963, columns 156 to 233 of 367]
-9999 -9999 -9999 -9999 -9999 -9999 -9999 -9999 -9999 0E0 0E0 0E0 0E0 0E0 0E0 0E0 0E0 0E0 0E0 0E0 0E0 0E0 0E0 0E0 0E0 0E0 0E0 0E0 0E0 0E0 2.86654E-1 0E0 0E0 0E0 0E0 0E0 0E0 0E0 0E0 0E0 0E0 5.08455E-2 1.64233E-1 5.28592E-2 3.25552E-2 6.65086E-3 3.95794E-3 2.24241E-2 3.77248E-2 0E0 1.85834E-1 0E0 2.52238E-1 1.3018E-2 8.67906E-3 1.64076E-2 1.4689E-2 9.86654E-3 3.02538E-3 6.05481E-3 8.65535E-3 3.20329E-2 2.83182E-2 6.28673E-3 6.39404E-3 4.94424E-3 1.24193E-3 4.31945E-4 8.91852E-4 1.89247E-3 3.01996E-2 3.32878E-2 3.47316E-2 7.33564E-3 3.57708E-3 2.97508E-3 5.85308E-3 5.99313E-3
-9999 -9999 -9999 -9999 -9999 -9999 -9999 -9999 -9999 0E0 0E0 0E0 0E0 0E0 0E0 0E0 0E0 0E0 0E0 0E0 0E0 0E0 0E0 0E0 0E0 0E0 0E0 0E0 0E0 1.73491E-1 7.14457E-1 5.37383E-1 0E0 0E0 0E0 0E0 0E0 0E0 0E0 0E0 0E0 9.33595E-2 1.32169E-1 7.57966E-2 1.903E-2 6.53059E-3 1.47248E-3 2.00895E-2 3.02242E-2 5.0132E-2 1.11405E-1 0E0 3.08435E-1 8.69978E-3 4.38647E-2 1.33783E-1 4.8816E-2 1.11898E-2 7.62164E-3 2.40716E-2 1.09225E-2 2.00518E-2 9.07366E-3 7.55531E-3 9.28521E-3 1.45391E-2 2.82331E-3 1.73288E-3 8.44431E-4 1.18594E-3 1.84705E-2 3.10277E-3 2.48249E-3 8.12542E-3 1.2311E-2 3.04347E-2 8.90485E-3 1.07091E-2
-9999 -9999 -9999 -9999 -9999 -9999 -9999 -9999 -9999 -9999 0E0 0E0 0E0 0E0 0E0 0E0 0E0 0E0 0E0 0E0 0E0 0E0 0E0 0E0 0E0 0E0 0E0 0E0 1.91059E-1 4.33538E-1 3.63936E-1 4.50212E-1 5.55599E-1 0E0 3.36499E-1 0E0 0E0 0E0 0E0 0E0 0E0 0E0 2.11239E-1 7.19784E-2 6.90641E-2 7.44332E-2 6.27974E-3 2.28964E-2 6.30869E-2 1.07023E-1 9.61171E-2 3.0996E-1 1.69308E-2 1.3326E-2 5.24606E-2 1.04998E-1 3.59828E-2 1.20181E-2 1.9563E-2 1.65803E-2 2.58231E-2 2.20012E-2 1.5058E-2 2.3127E-2 8.4732E-3 3.89765E-3 1.26976E-3 4.67013E-4 1.91067E-3 3.93556E-3 2.35539E-3 1.20781E-2 2.16172E-3 1.58634E-2 5.69199E-3 9.70187E-3 1.14726E-2 5.62944E-3
-9999 -9999 -9999 -9999 -9999 -9999 -9999 -9999 -9999 -9999 -9999 -9999 0E0 0E0 0E0 0E0 0E0 0E0 0E0 0E0 0E0 0E0 0E0 0E0 0E0 0E0 0E0 0E0 0E0 3.51279E-1 7.19285E-1 4.46368E-1 0E0 0E0 0E0 0E0 0E0 0E0 0E0 0E0 0E0 0E0 0E0 0E0 1.01555E-1 7.96306E-2 5.18689E-3 2.16097E-2 7.12953E-2 4.192E-2 1.23677E-1 5.4965E-2 6.7986E-2 1.04006E-2 8.23041E-2 8.85442E-2 5.57426E-2 6.11664E-2 1.03835E-2 2.11408E-2 1.51073E-2 1.74053E-2 6.55662E-3 1.92013E-2 5.35719E-2 2.6684E-3 2.29394E-3 3.28283E-4 1.61201E-3 3.04598E-3 2.06657E-3 3.4763E-3 1.57699E-3 1.43179E-3 4.18786E-3 6.6037E-3 7.03482E-3 2.26057E-2
-9999 -9999 -9999 -9999 -9999 -9999 -9999 -9999 -9999 -9999 -9999 -9999 0E0 0E0 0E0 0E0 0E0 0E0 0E0 0E0 0E0 0E0 0E0 0E0 0E0 0E0 0E0 0E0 0E0 0E0 0E0 0E0 0E0 0E0 0E0 0E0 0E0 0E0 0E0 8.74953E-2 0E0 0E0 0E0 8.8034E-2 7.22523E-2 2.80269E-2 1.0901E-2 1.00245E-2 3.12359E-2 6.02364E-2 1.3602E-1 7.5991E-2 1.10623E-1 3.83095E-2 5.41169E-2 8.90722E-2 2.23269E-2 6.86126E-3 5.27833E-3 1.22871E-2 2.09313E-2 3.11106E-2 6.81856E-2 1.57686E-1 3.33002E-2 6.59713E-3 3.42226E-3 6.40739E-4 1.39375E-3 1.70994E-3 2.80326E-4 9.45327E-4 3.71037E-3 5.59134E-4 6.62123E-4 2.74528E-3 2.65218E-3 9.24436E-3
-9999 -9999 -9999 -9999 -9999 -9999 -9999 -9999 -9999 -9999 -9999 -9999 0E0 0E0 0E0 0E0 0E0 0E0 0E0 0E0 0E0 0E0 0E0 0E0 0E0 0E0 0E0 0E0 0E0 0E0 0E0 0E0 0E0 0E0 1.07684E-1 1.13604E-1 0E0 0E0 5.99544E-2 2.44381E-2 0E0 0E0 0E0 0E0 1.04284E-1 5.74527E-2 5.31983E-2 2.62029E-2 5.76357E-3 3.14644E-2 8.13895E-2 2.31205E-1 3.83256E-2 4.18897E-2 3.60282E-2 3.03816E-2 1.59593E-2 6.20254E-3 7.84916E-3 1.1719E-2 1.74195E-2 3.31043E-2 8.19157E-2 5.66864E-2 1.64544E-2 5.95511E-3 1.41995E-2 4.65897E-4 2.23146E-3 2.57184E-3 2.34733E-3 3.01562E-3 2.50478E-3 4.79424E-3 2.42789E-4 2.1282E-3 2.15717E-3 2.25392E-2
-9999 -9999 -9999 -9999 -9999 -9999 -9999 -9999 -9999 -9999 -9999 -9999 0E0 0E0 0E0 0E0 0E0 0E0 0E0 0E0 0E0 0E0 0E0 0E0 0E0 0E0 0E0 0E0 0E0 0E0 0E0 0E0 0E0 1.13948E-1 7.03728E-2 1.39132E-1 0E0 1.58156E-2 7.41737E-3 6.25618E-2 0E0 1.3678E-1 0E0 0E0 1.36106E-1 8.74056E-2 9.02622E-2 3.71726E-2 1.53313E-2 2.89111E-2 2.76243E-2 1.03023E-1 9.62789E-2 4.40807E-2 2.27926E-2 1.4092E-2 5.45738E-3 2.93493E-3 5.11916E-3 1.17373E-2 5.20398E-2 3.26288E-2 4.74775E-2 3.35247E-2 3.87803E-2 1.47071E-3 4.2812E-3 3.8822E-4 4.20991E-3 9.49885E-3 7.02318E-3 8.99523E-4 1.30753E-3 2.45456E-3 4.87729E-4 2.66916E-3 5.39532E-3 1.35854E-2
-9999 -9999 -9999 -9999 -9999 -9999 -9999 -9999 -9999 -9999 -9999 -9999 0E0 0E0 0E0 0E0 0E0 0E0 0E0 0E0 0E0 0E0 0E0 0E0 0E0 0E0 0E0 0E0 0E0 0E0 0E0 0E0 0E0 6.06681E-2 8.76161E-2 4.67117E-1 0E0 1.36539E-1 8.00335E-2 6.41634E-2 0E0 4.38089E-2 4.76095E-2 8.4838E-2 5.49817E-2 5.90086E-2 3.08535E-2 6.67002E-2 4.74933E-2 3.93594E-2 1.29624E-1 1.76513E-1 6.12854E-2 1.41813E-2 1.56242E-2 8.07594E-2 7.4861E-3 1.79429E-2 2.25834E-2 4.49344E-3 2.13063E-3 1.02612E-2 4.11231E-3 4.00893E-3 2.45394E-2 1.71906E-3 7.02126E-4 1.13692E-3 4.00719E-4 1.1797E-3 4.38356E-4 5.052E-4 1.63527E-4 6.85858E-5 2.6256E-4 2.65832E-3 3.85068E-3 7.53089E-3
-9999 -9999 -9999 -9999 -9999 -9999 -9999 -9999 -9999 -9999 -9999 0E0 0E0 0E0 0E0 0E0 0E0 0E0 0E0 0E0 0E0 0E0 0E0 0E0 0E0 0E0 0E0 0E0 0E0 0E0 0E0 0E0 0E0 1.6073E-1 4.09572E-2 1.53269E-1 1.17517E-1 0E0 0E0 8.87295E-2 7.80478E-2 6.38329E-2 4.90703E-2 5.96447E-2 4.00689E-2 2.25823E-2 2.35498E-2 6.53892E-3 9.71137E-3 2.36275E-2 7.56043E-2 9.7953E-2 3.43776E-2 1.35377E-2 2.48513E-2 6.7213E-2 1.31856E-2 1.37785E-2 4.46482E-2 7.06094E-3 4.91979E-4 4.51125E-3 4.35636E-3 2.62548E-3 8.42449E-4 2.50961E-3 6.15197E-4 5.74656E-4 1.59082E-3 1.48651E-3 3.09462E-3 1.71591E-3 3.12206E-4 4.83742E-4 8.56764E-4 1.76595E-3 1.71288E-3 3.79155E-3
-9999 -9999 -9999 -9999 -9999 -9999 -9999 -9999 -9999 -9999 0E0 0E0 0E0 0E0 0E0 0E0 0E0 0E0 0E0 0E0 0E0 0E0 0E0 0E0 0E0 0E0 0E0 0E0 0E0 0E0 0E0 0E0 0E0 1.6269E-1 6.86721E-2 6.52787E-2 3.20507E-2 1.25152E-1 0E0 5.94461E-2 8.95231E-2 8.63044E-2 6.87468E-2 6.922E-2 6.60295E-2 4.17762E-2 3.55412E-3 4.14738E-4 9.34329E-3 1.43816E-2 7.2849E-2 6.1117E-2 1.65697E-2 1.31928E-2 1.03257E-2 5.75192E-2 2.38303E-2 2.84957E-2 2.05592E-2 1.73211E-2 2.08492E-3 1.62749E-3 4.45989E-3 1.46411E-3 4.08469E-4 1.41411E-3 6.48982E-4 6.69221E-4 1.48942E-3 1.46841E-3 5.51867E-4 2.19358E-3 2.11011E-3 1.29939E-3 1.87945E-3 9.93771E-4 1.75608E-3 5.14937E-3
-9999 -9999 -9999 -9999 -9999 -9999 -9999 -9999 -9999 -9999 0E0 0E0 0E0 0E0 0E0 0E0 0E0 0E0 0E0 0E0 0E0 0E0 0E0 0E0 1.50242E-1 1.09122E-1 0E0 0E0 0E0 0E0 0E0 0E0 1.00458E-1 2.54829E-1 3.14234E-1 1.7085E-1 7.823E-2 1.6178E-1 2.3042E-1 0E0 0E0 0E0 1.11333E-1 9.81651E-2 7.51897E-2 2.96664E-2 3.90314E-3 1.01648E-3 7.25037E-3 1.67768E-2 2.63462E-2 5.76409E-2 2.09192E-2 2.28514E-2 2.167E-2 4.47059E-2 7.10476E-2 5.53508E-2 1.16684E-2 9.93698E-3 2.21557E-3 9.50296E-4 8.27563E-4 1.3496E-3 3.77488E-4 8.26065E-4 1.31399E-3 1.68969E-3 1.68539E-3 7.48127E-4 1.96579E-3 2.50317E-3 2.07654E-3 7.33454E-4 1.42525E-3 1.18053E-3 1.6401E-3 2.03998E-3
-9999 -9999 -9999 -9999 -9999 -9999 -9999 -9999 -9999 0E0 0E0 0E0 0E0 0E0 0E0 0E0 0E0 0E0 0E0 0E0 0E0 0E0 0E0 0E0 8.57748E-2 5.23193E-2 7.42828E-2 1.22015E-1 0E0 0E0 0E0 0E0 0E0 0E0 3.91033E-1 2.22918E-1 9.77692E-2 1.13629E-1 0E0 0E0 0E0 0E0 0E0 0E0 1.19945E-1 8.92506E-2 1.8559E-3 4.22652E-3 8.27456E-3 2.88349E-2 2.21202E-2 7.05433E-2 2.28937E-2 3.12042E-2 8.44378E-2 2.58835E-2 5.67575E-2 1.98991E-1 5.63257E-2 3.40457E-2 8.49723E-3 2.2114E-4 4.42755E-4 2.81922E-4 2.77801E-4 2.75368E-3 1.88267E-3 8.23246E-4 4.16494E-4 2.71623E-4 1.0711E-3 1.25193E-3 5.31315E-4 1.22872E-3 1.10738E-3 2.17967E-4 6.23044E-4 1.45431E-3
-9999 -9999 -9999 -9999 -9999 -9999 -9999 -9999 0E0 0E0 0E0 0E0 0E0 0E0 0E0 0E0 0E0 0E0 0E0 0E0 0E0 0E0 0E0 0E0 1.13795E-1 1.14446E-1 6.53695E-2 6.01603E-2 1.40074E-1 2.05853E-1 0E0 0E0 0E0 0E0 0E0 0E0 6.3904E-2 1.77795E-1 0E0 0E0 0E0 1.04673E-1 0E0 7.84841E-2 7.56118E-2 5.42426E-2 6.53758E-2 5.53355E-3 6.95263E-3 7.1236E-3 7.52357E-3 3.25311E-2 2.8442E-2 4.70629E-2 1.68629E-2 1.80577E-2 2.102E-2 5.64021E-2 6.15587E-2 2.78416E-2 8.56474E-3 3.37866E-5 6.37126E-5 1.31318E-3 6.16607E-4 2.80122E-3 6.59514E-4 4.58241E-4 2.88811E-4 2.95032E-4 7.23674E-4 8.99453E-4 6.3497E-4 4.20985E-4 2.72531E-4 2.23284E-4 4.6319E-4 1.09396E-3
-9999 -9999 -9999 -9999 -9999 -9999 -9999 -9999 0E0 0E0 0E0 0E0 0E0 0E0 0E0 0E0 0E0 0E0 0E0 0E0 0E0 0E0 2.12796E-1 1.32865E-1 1.11063E-1 1.206E-1 5.79103E-2 5.63642E-2 6.93926E-2 2.72467E-1 0E0 0E0 0E0 0E0 0E0 0E0 0E0 0E0 0E0 0E0 8.49096E-2 6.84844E-2 5.82859E-2 7.3063E-2 6.80544E-2 2.39889E-2 2.58226E-2 3.1387E-2 6.34834E-3 1.89772E-3 3.91954E-3 1.21103E-2 1.46537E-2 3.10031E-2 3.151E-2 1.67193E-2 1.51519E-2 2.88207E-2 2.11764E-2 1.45986E-2 4.91825E-3 1.84574E-3 5.59727E-4 3.70426E-3 1.65873E-3 6.48269E-4 1.01471E-3 3.61588E-4 3.07876E-4 6.10956E-4 5.54501E-4 6.40103E-4 2.65017E-4 2.09155E-4 1.42609E-4 1.20085E-4 3.86536E-4 5.50701E-4
-9999 -9999 -9999 -9999 -9999 -9999 -9999 0E0 0E0 0E0 0E0 0E0 0E0 0E0 0E0 0E0 0E0 0E0 0E0 0E0 0E0 0E0 8.70678E-2 1.06099E-1 6.77001E-2 9.26194E-2 5.05371E-2 1.0749E-1 5.385E-2 6.98945E-2 0E0 0E0 0E0 0E0 0E0 0E0 2.1457E-1 2.14121E-1 2.15721E-1 0E0 6.2693E-2 4.64498E-2 3.37511E-2 7.22362E-2 5.44022E-2 7.97683E-2 5.82856E-3 5.90454E-3 2.65226E-3 5.23464E-3 6.82664E-3 1.0607E-2 1.41996E-2 1.55476E-2 4.91483E-2 2.46933E-2 9.26504E-3 1.566E-2 1.48428E-2 8.95093E-3 7.7541E-3 1.09778E-3 1.81738E-3 2.42657E-3 1.47683E-3 8.03709E-4 5.71115E-4 1.87728E-4 1.88389E-4 1.77641E-4 1.25747E-4 2.49387E-4 1.52696E-4 1.76433E-4 1.71696E-4 2.28826E-4 5.10704E-4 5.30124E-4
-9999 -9999 -9999 -9999 -9999 -9999 -9999 0E0 0E0 0E0 0E0 0E0 0E0 0E0 0E0 0E0 0E0 0E0 0E0 0E0 0E0 0E0 1.18948E-1 9.32061E-2 3.18227E-2 9.89173E-2 6.34209E-2 2.93875E-2 3.82399E-2 4.91305E-2 0E0 0E0 0E0 0E0 5.88799E-2 1.88315E-1 1.42937E-1 1.19934E-1 3.94507E-2 2.31937E-1 7.05014E-2 8.34803E-2 4.31231E-2 7.39025E-2 7.20607E-2 4.45825E-2 7.26336E-3 2.19933E-3 1.48409E-3 3.06866E-3 6.96653E-3 1.0857E-2 1.70431E-2 2.04652E-2 4.24772E-2 5.58141E-3 4.24674E-3 1.63106E-2 8.05465E-3 9.32676E-3 5.34795E-3 4.88965E-3 5.69542E-3 4.62694E-3 2.44786E-3 7.99927E-4 2.33833E-4 2.12178E-4 1.99615E-4 2.00423E-4 7.41055E-5 6.97954E-5 3.95901E-5 7.77529E-5 6.53013E-5 2.64082E-4 2.09015E-4 2.45969E-4
-9999 -9999 -9999 -9999 -9999 -9999 0E0 0E0 0E0 0E0 0E0 0E0 0E0 0E0 0E0 0E0 0E0 0E0 0E0 0E0 0E0 2.05166E-1 7.13404E-2 8.13179E-2 2.86393E-2 7.51449E-2 4.42304E-2 3.26927E-2 9.54075E-2 2.25962E-1 0E0 0E0 0E0 0E0 1.37137E-1 1.96539E-1 0E0 1.80534E-1 1.73015E-1 7.80616E-2 1.04004E-1 2.53972E-2 2.50711E-2 4.55265E-2 4.75316E-2 2.45004E-2 3.59458E-2 1.14277E-3 6.56638E-4 1.41993E-3 4.10717E-3 7.37346E-3 1.1293E-2 1.32262E-2 2.34064E-2 1.24337E-2 8.57178E-3 3.62961E-3 2.65046E-3 5.93962E-3 4.79152E-3 8.64323E-3 2.84387E-3 5.71804E-3 1.75181E-3 5.11398E-4 2.09065E-4 1.19262E-4 7.68254E-5 1.6943E-4 6.92377E-5 8.06178E-6 5.72021E-6 1.58447E-5 1.78022E-4 9.81194E-5 1.05177E-4 2.2455E-4
-9999 -9999 -9999 -9999 -9999 0E0 0E0 0E0 0E0 0E0 0E0 0E0 0E0 0E0 0E0 0E0 0E0 0E0 0E0 0E0 3.27752E-1 1.75653E-1 1.54225E-1 1.73316E-1 4.39196E-2 8.26469E-2 5.43115E-2 0E0 0E0 0E0 0E0 0E0 0E0 0E0 0E0 0E0 0E0 0E0 9.16615E-2 7.49691E-2 4.55111E-2 4.53976E-2 1.14972E-2 1.04119E-2 1.49202E-2 3.60205E-3 3.31803E-3 1.16767E-2 2.18195E-3 6.76706E-4 5.40009E-4 8.17176E-4 7.42148E-3 7.7495E-3 2.23425E-2 1.08464E-2 5.38884E-3 6.37542E-3 2.68697E-3 2.35933E-3 3.98905E-3 4.99893E-3 7.76888E-3 1.85008E-3 8.72287E-4 2.3904E-4 3.44359E-4 1.36488E-4 7.84751E-5 8.69023E-5 4.41504E-5 1.21018E-6 6.89538E-6 2.30461E-5 1.04298E-4 6.14343E-5 8.46407E-5 2.12876E-4
-9999 -9999 -9999 -9999 -9999 0E0 0E0 0E0 0E0 0E0 0E0 0E0 0E0 0E0 0E0 0E0 0E0 0E0 0E0 0E0 0E0 2.05701E-1 2.0855E-1 1.5087E-1 2.48649E-1 0E0 0E0 0E0 0E0 0E0 0E0 0E0 0E0 0E0 0E0 0E0 3.34437E-1 2.02206E-1 1.03906E-1 4.28563E-2 4.69759E-2 2.02312E-2 1.47248E-2 2.46304E-3 3.18688E-3 4.21431E-3 7.20907E-4 3.27921E-3 1.17063E-3 4.6009E-3 1.33883E-3 1.41158E-3 7.83933E-3 1.01886E-2 1.1594E-2 1.19601E-2 1.22421E-2 1.73741E-3 1.82517E-3 2.60879E-3 2.71756E-3 1.64296E-3 5.96312E-3 2.34078E-3 1.51048E-3 9.15767E-4 8.32086E-4 2.91918E-4 2.5614E-4 1.07131E-4 5.3716E-5 3.06769E-6 3.44784E-6 1.36942E-5 4.43545E-5 3.68089E-5 1.31855E-4 2.98374E-4
-9999 -9999 -9999 -9999 0E0 0E0 0E0 0E0 0E0 0E0 0E0 0E0 0E0 0E0 0E0 0E0 0E0 0E0 0E0 0E0 0E0 1.14947E-1 6.36967E-2 9.61455E-2 1.18983E-1 0E0 0E0 0E0 0E0 0E0 0E0 0E0 0E0 0E0 0E0 0E0 0E0 1.55899E-1 1.26692E-1 7.81431E-2 5.58662E-2 1.05425E-1 2.41749E-2 7.04314E-3 9.07937E-3 8.45934E-3 9.83625E-3 1.30713E-2 1.93253E-3 6.24479E-4 8.39155E-4 1.64009E-3 9.15784E-3 1.28495E-2 7.80188E-3 5.82238E-3 5.4266E-3 4.75108E-3 8.14688E-3 6.51407E-3 1.39841E-3 1.20308E-3 6.41713E-4 1.14596E-3 1.36745E-3 8.35133E-4 1.0817E-3 1.11792E-3 8.16754E-4 1.35859E-4 1.51001E-5 6.44244E-6 1.04282E-5 2.23676E-6 2.87608E-5 8.54648E-5 2.27112E-4 5.57893E-4
-9999 -9999 -9999 -9999 0E0 0E0 0E0 0E0 0E0 0E0 0E0 0E0 0E0 0E0 0E0 0E0 0E0 0E0 0E0 0E0 0E0 1.55485E-1 4.16001E-2 5.1548E-2 7.63594E-2 0E0 0E0 0E0 0E0 0E0 0E0 0E0 0E0 1.05342E-1 1.15548E-1 0E0 0E0 0E0 0E0 1.00318E-1 1.45962E-1 1.0608E-1 6.96216E-2 1.78168E-2 4.62984E-2 5.15834E-2 1.98723E-2 1.28297E-2 4.1196E-3 7.65468E-4 1.60504E-3 3.44275E-3 1.62709E-2 1.18637E-2 1.01422E-2 1.19193E-2 8.13826E-3 9.12463E-3 1.3123E-2 1.03432E-2 4.19953E-3 7.04831E-3 2.4298E-3 2.859E-3 1.69058E-3 6.91573E-4 9.08648E-4 3.89804E-4 8.07988E-4 1.8049E-4 6.01467E-5 3.8967E-5 1.97079E-5 1.42905E-5 2.86986E-5 8.97592E-5 2.96518E-4 3.06864E-4
-9999 -9999 -9999 0E0 0E0 0E0 0E0 0E0 0E0 0E0 0E0 0E0 0E0 0E0 0E0 0E0 0E0 0E0 0E0 0E0 0E0 1.43409E-1 5.51863E-2 8.01998E-2 8.61571E-2 3.53003E-1 0E0 0E0 0E0 0E0 0E0 4.35598E-1 5.31563E-1 9.79896E-2 1.32012E-1 0E0 0E0 0E0 5.7717E-2 5.92937E-2 3.40542E-2 7.34162E-2 8.56527E-2 4.88439E-2 5.71984E-2 2.8167E-2 4.03822E-3 1.23413E-2 8.32537E-3 1.08951E-3 1.00406E-3 3.15822E-3 4.10247E-3 8.42783E-3 1.05557E-2 5.67026E-3 4.62994E-3 2.74178E-3 5.25359E-3 3.37958E-3 5.71805E-3 1.5453E-3 -9999 -9999 1.77577E-3 5.20464E-4 1.91654E-4 5.59552E-5 1.82996E-4 1.48372E-4 2.74789E-5 1.90431E-5 1.90827E-5 1.14348E-5 1.57538E-5 1.07116E-4 2.38296E-4 1.62495E-4
-9999 -9999 -9999 0E0 0E0 0E0 0E0 0E0 0E0 0E0 0E0 0E0 0E0 0E0 0E0 0E0 0E0 0E0 0E0 0E0 0E0 0E0 3.83804E-2 6.53038E-2 9.28527E-2 0E0 0E0 0E0 0E0 0E0 0E0 0E0 0E0 3.45756E-2 9.34807E-2 0E0 0E0 0E0 1.13886E-1 8.14501E-2 5.07885E-2 6.22866E-2 5.80678E-2 4.42522E-2 4.45188E-2 6.99281E-3 1.95894E-3 2.62715E-3 3.1725E-3 8.32251E-4 4.21431E-4 8.09997E-4 1.05469E-3 3.5113E-3 2.79149E-3 8.09644E-3 5.30578E-3 2.50423E-3 1.16627E-3 8.05925E-4 3.69889E-3 -9999 -9999 -9999 4.06977E-4 3.58645E-4 4.70459E-5 3.74545E-5 3.98517E-5 5.80868E-5 3.4012E-5 1.3012E-5 1.34071E-5 1.00406E-5 3.66302E-5 1.10253E-4 1.17984E-4 -9999
-9999 -9999 -9999 0E0 0E0 0E0 0E0 0E0 0E0 0E0 0E0 0E0 0E0 0E0 0E0 0E0 0E0 0E0 0E0 0E0 0E0 9.31034E-2 8.18087E-2 4.81862E-2 2.99868E-2 0E0 0E0 0E0 0E0 0E0 0E0 0E0 0E0 0E0 0E0 0E0 0E0 1.14094E-1 6.91492E-2 7.8967E-2 7.4277E-2 2.83281E-2 3.26096E-2 1.47084E-2 4.55586E-3 3.0094E-3 6.93625E-3 3.00969E-3 9.42574E-4 6.5178E-4 3.27174E-4 3.76579E-4 2.8436E-4 9.82941E-4 2.66364E-3 2.19226E-3 5.524E-3 1.58259E-3 2.24106E-4 1.60298E-4 -9999 -9999 -9999 -9999 1.18441E-4 1.2289E-4 9.999E-5 3.49716E-5 6.24046E-6 5.59962E-6 1.18012E-5 3.67313E-6 1.39086E-5 1.09766E-5 1.99935E-5 5.4002E-5 7.74633E-5 -9999
-9999 -9999 0E0 0E0 0E0 0E0 0E0 0E0 0E0 0E0 0E0 0E0 0E0 0E0 0E0 0E0 0E0 0E0 0E0 1.38212E-1 7.08065E-2 1.33262E-1 7.54323E-2 1.19522E-1 6.499E-2 4.51819E-2 4.98656E-2 0E0 0E0 0E0 0E0 0E0 7.4232E-2 0E0 0E0 0E0 0E0 6.80733E-2 3.597E-2 6.06936E-2 8.25246E-2 8.32458E-2 1.09229E-1 3.54762E-2 3.66492E-3 4.28409E-3 1.45978E-2 7.45142E-3 2.28619E-3 9.1011E-4 2.58189E-4 3.18512E-4 3.02705E-4 6.30961E-4 2.70121E-3 5.75516E-4 1.75983E-3 1.92889E-3 3.42654E-4 3.19383E-4 -9999 -9999 -9999 4.03789E-5 3.14653E-5 9.00069E-5 5.00528E-5 1.26987E-5 1.47598E-5 3.9971E-6 3.96806E-6 5.82145E-6 1.99059E-5 8.74913E-6 7.40871E-6 9.59691E-5 3.17025E-5 -9999
-9999 0E0 0E0 0E0 0E0 0E0 0E0 0E0 0E0 0E0 0E0 0E0 0E0 0E0 0E0 0E0 0E0 0E0 1.62617E-1 1.23122E-1 8.0622E-2 3.30678E-2 5.63487E-2 5.19552E-2 8.04062E-2 5.21674E-2 1.65773E-1 7.92892E-2 1.41562E-1 4.4584E-2 7.95816E-2 0E0 0E0 5.20039E-2 7.62386E-2 0E0 0E0 0E0 9.18081E-2 1.03717E-1 9.47062E-2 6.17492E-2 8.88027E-2 5.32467E-2 4.87031E-2 1.24341E-2 1.20106E-2 4.86503E-3 3.78433E-3 3.04859E-3 1.56357E-3 2.57374E-4 7.78176E-5 3.54042E-4 8.24221E-4 7.56877E-4 1.12363E-3 1.4096E-3 3.00694E-4 -9999 -9999 -9999 1.37574E-5 4.05702E-6 5.15903E-6 3.26776E-5 8.32208E-6 9.13246E-6 3.69971E-6 1.15453E-6 7.48555E-6 1.4329E-5 1.9154E-5 6.44448E-6 2.06773E-5 6.79386E-5 2.61983E-5 -9999
-9999 0E0 0E0 0E0 0E0 0E0 0E0 0E0 0E0 0E0 0E0 0E0 0E0 0E0 0E0 0E0 0E0 0E0 3.67245E-2 2.21063E-2 2.52235E-2 6.32786E-2 5.58091E-2 5.60043E-2 9.1532E-2 0E0 0E0 0E0 0E0 3.33259E-1 0E0 7.52896E-2 9.13894E-2 3.72737E-2 1.79661E-1 0E0 0E0 1.44248E-1 1.34701E-1 8.48435E-2 6.93997E-2 4.35347E-2 7.13184E-2 5.96335E-2 3.45704E-2 3.06407E-2 4.43803E-2 2.48052E-2 2.26015E-2 1.12757E-2 2.12089E-3 5.97211E-4 1.67916E-4 1.07999E-4 4.5726E-4 2.84928E-4 5.15611E-4 3.37819E-4 -9999 -9999 -9999 -9999 1.96301E-5 9.35303E-6 6.26415E-6 8.30047E-6 4.3203E-6 6.43103E-6 1.63838E-6 2.75706E-5 2.96099E-5 2.46887E-5 1.49581E-5 2.02526E-5 1.18202E-4 7.37516E-5 -9999 -9999
0E0 0E0 0E0 0E0 0E0 0E0 0E0 0E0 0E0 0E0 0E0 0E0 0E0 0E0 0E0 0E0 0E0 0E0 7.06788E-2 1.02581E-1 1.04629E-1 1.03085E-1 0E0 0E0 1.51879E-1 0E0 0E0 0E0 0E0 0E0 0E0 5.16473E-2 3.43355E-2 2.01839E-2 5.17289E-2 1.69682E-1 6.24695E-2 7.55453E-2 8.62363E-2 8.54187E-2 5.61783E-2 4.52875E-2 4.13057E-2 2.47373E-2 1.1093E-2 1.42666E-2 9.4138E-3 7.52446E-3 9.3391E-3 3.77625E-3 3.6195E-3 3.07261E-4 8.85543E-5 8.44452E-5 1.80214E-4 9.44056E-5 2.02249E-4 6.39144E-5 -9999 -9999 -9999 -9999 1.19209E-5 8.57214E-6 2.13757E-5 4.03161E-5 1.64099E-5 1.50812E-6 2.07289E-5 2.36478E-5 1.35394E-5 1.65819E-5 1.02908E-5 4.93086E-6 9.20785E-5 1.58216E-4 -9999 -9999
0E0 0E0 0E0 0E0 0E0 0E0 0E0 0E0 0E0 0E0 0E0 0E0 0E0 0E0 0E0 0E0 0E0 0E0 1.97087E-1 3.60357E-1 9.8464E-2 8.95711E-2 0E0 0E0 0E0 0E0 0E0 0E0 0E0 0E0 9.84116E-2 1.77946E-2 8.78323E-3 7.74064E-3 2.10814E-2 7.70373E-2 2.7781E-2 3.7376E-2 6.56839E-2 1.10326E-1 6.36123E-2 4.48688E-2 1.18487E-2 7.73014E-3 3.6306E-3 1.38246E-3 1.24715E-3 4.3983E-3 4.63171E-3 1.45349E-3 1.04669E-3 2.86187E-4 8.21258E-5 5.06545E-5 8.34982E-5 2.42516E-5 8.6091E-5 -9999 -9999 -9999 -9999 -9999 3.23348E-5 1.46777E-5 1.90959E-5 2.53187E-5 2.05779E-5 1.23664E-6 1.67461E-5 1.7608E-5 1.7584E-5 1.74693E-5 7.97292E-6 1.46297E-5 6.05752E-5 -9999 -9999 -9999
0E0 0E0 0E0 0E0 0E0 0E0 0E0 0E0 0E0 0E0 0E0 0E0 0E0 0E0 0E0 0E0 0E0 0E0 0E0 0E0 2.65738E-1 1.06716E-1 1.02081E-1 0E0 0E0 0E0 0E0 0E0 0E0 0E0 0E0 1.61764E-2 6.33005E-3 2.34271E-3 2.24876E-3 7.23881E-3 5.20734E-3 1.96481E-2 7.23007E-2 3.26683E-2 1.6718E-2 6.55282E-3 1.88348E-3 7.6843E-4 1.45977E-4 6.10217E-4 2.26273E-4 1.35782E-3 8.79123E-4 2.37468E-4 3.01468E-4 3.47018E-4 1.36435E-4 8.74567E-5 5.58448E-5 2.85554E-5 5.89362E-5 -9999 -9999 -9999 -9999 -9999 5.20194E-5 6.66577E-5 3.55126E-5 1.10404E-5 1.34117E-6 4.40129E-6 1.04122E-5 1.84684E-5 2.77797E-5 2.34552E-5 7.94277E-6 2.39276E-5 4.62422E-5 -9999 -9999 -9999
0E0 0E0 0E0 0E0 0E0 0E0 0E0 0E0 0E0 0E0 0E0 0E0 0E0 0E0 0E0 0E0 0E0 0E0 0E0 0E0 0E0 1.42677E-1 0E0 0E0 0E0 0E0 0E0 0E0 0E0 0E0 0E0 0E0 4.88463E-2 5.04674E-3 2.39605E-3 6.45529E-3 4.18119E-3 5.3656E-3 1.65418E-2 1.84416E-2 3.41137E-3 2.42237E-3 4.03509E-4 2.87202E-4 1.307E-4 5.74781E-5 1.97174E-4 8.27395E-4 2.46488E-4 1.48848E-4 1.19503E-4 1.20707E-4 5.96768E-5 4.78562E-5 3.68363E-5 3.44073E-5 -9999 -9999 -9999 -9999 -9999 -9999 3.08174E-5 1.28174E-5 1.40187E-5 1.41278E-5 2.33879E-6 1.02424E-5 1.32158E-5 3.24184E-5 2.74007E-5 1.82747E-5 4.37654E-6 3.04345E-5 -9999 -9999 -9999 -9999
0E0 0E0 0E0 0E0 0E0 0E0 0E0 0E0 0E0 0E0 0E0 0E0 0E0 0E0 0E0 0E0 0E0 9.41705E-2 0E0 0E0 0E0 0E0 0E0 0E0 0E0 0E0 0E0 0E0 0E0 0E0 0E0 7.81798E-2 7.9323E-2 4.12408E-2 1.01957E-2 2.83697E-2 6.48798E-2 1.24839E-2 2.30299E-2 1.02107E-2 1.32641E-2 5.25406E-3 3.99409E-4 4.72612E-4 4.27039E-4 3.01134E-4 3.24988E-4 9.23931E-5 1.46552E-4 6.11096E-4 1.66178E-4 1.08968E-4 1.04672E-4 6.60639E-5 5.25195E-5 -9999 -9999 -9999 -9999 -9999 -9999 -9999 2.81517E-5 3.17377E-5 3.03153E-6 3.06756E-6 1.9133E-6 8.35445E-6 1.45985E-5 1.46245E-5 5.38817E-5 3.29301E-5 4.43134E-6 -9999 -9999 -9999 -9999 -9999
0E0 0E0 0E0 0E0 0E0 0E0 0E0 0E0 0E0 0E0 0E0 0E0 0E0 0E0 0E0 0E0 0E0 0E0 0E0 0E0 0E0 0E0 0E0 0E0 0E0 0E0 0E0 0E0 0E0 0E0 0E0 0E0 0E0 4.55919E-2 7.036E-2 9.88723E-2 0E0 9.17862E-2 5.33818E-2 2.48458E-2 2.20565E-2 9.69058E-3 9.78893E-4 1.89335E-3 2.95517E-4 1.18767E-3 7.3262E-4 6.30758E-4 3.81396E-4 1.40628E-3 3.30661E-4 1.45135E-4 1.27707E-4 2.83484E-5 5.83073E-5 -9999 -9999 -9999 -9999 -9999 -9999 6.17116E-5 7.63063E-5 5.43348E-6 6.08657E-6 5.89994E-6 9.91837E-6 2.18126E-6 4.12954E-5 5.24611E-5 3.86234E-5 4.69703E-5 2.65307E-5 -9999 -9999 -9999 -9999 -9999
0E0 0E0 0E0 0E0 0E0 0E0 0E0 0E0 0E0 0E0 0E0 0E0 0E0 0E0 0E0 0E0 0E0 0E0 0E0 0E0 0E0 0E0 0E0 0E0 0E0 0E0 0E0 0E0 0E0 0E0 0E0 0E0 0E0 0E0 0E0 1.126E-1 5.37222E-2 6.7611E-2 7.77868E-2 2.25033E-2 1.06733E-2 2.58739E-2 4.64554E-3 2.42817E-3 3.54854E-3 1.5491E-2 9.56667E-3 5.35323E-3 4.39075E-3 1.28494E-3 5.49244E-4 2.30637E-4 9.53257E-5 1.02978E-4 1.21616E-4 -9999 -9999 -9999 -9999 -9999 5.6997E-5 5.59995E-5 2.09238E-5 8.03275E-6 1.78323E-5 1.29886E-5 1.33294E-5 1.34666E-5 2.89359E-6 2.94149E-6 1.33736E-4 7.36073E-5 -9999 -9999 -9999 -9999 -9999 -9999
