ENM/Final_Models/M_1_F_q_Set_1_NE/Gustavia_santanderiensis_Choco_median.asc
ncols         367
nrows         963
xllcorner     -78.6
yllcorner     0.65
cellsize      0.00833333333333323
NODATA_value  -9999
[rows 238 to 271 of 963, columns 234 to 311 of 367]
0E0 0E0 3.701E-1 3.22793E-1 1.08345E-1 2.13673E-2 1.8667E-2 1.9988E-1 2.59102E-1 2.96619E-1 6.1718E-1 7.66535E-1 0E0 5.86824E-1 6.46729E-1 7.35705E-1 8.31706E-1 9.18163E-1 9.75508E-1 9.31565E-1 0E0 0E0 0E0 0E0 8.84725E-1 9.4671E-1 9.64032E-1 7.67666E-1 7.08407E-1 4.95841E-1 4.57824E-1 4.35663E-1 4.63029E-1 2.97625E-1 2.40253E-1 1.25996E-1 8.22088E-2 1.22954E-1 1.05348E-1 1.65885E-1 7.37672E-2 5.52202E-2 1.89458E-3 2.46261E-4 1.48978E-3 4.02415E-3 1.49381E-3 4.82476E-4 1.22884E-3 1.73577E-3 6.56043E-4 1.39404E-4 1.04016E-5 4.56576E-7 7.20423E-7 6.63555E-5 1.25623E-5 1.43364E-5 3.68437E-6 3.05666E-5 -9999 -9999 -9999 -9999 -9999 -9999 -9999 -9999 -9999 -9999 -9999 -9999 -9999 -9999 -9999 -9999 -9999 -9999
0E0 0E0 6.98902E-1 4.86178E-1 2.59361E-1 5.1743E-2 1.58374E-2 1.30528E-1 1.8674E-1 2.22143E-1 6.93873E-1 8.68806E-1 0E0 5.22158E-1 6.02062E-1 4.96486E-1 6.0601E-1 9.22815E-1 9.27819E-1 9.55882E-1 7.29778E-1 7.3603E-1 0E0 7.51114E-1 9.61954E-1 9.69692E-1 9.79893E-1 8.43152E-1 7.33609E-1 8.39403E-1 2.46734E-1 2.75636E-1 3.72465E-1 4.61205E-1 1.83673E-1 8.47277E-2 1.17005E-1 1.68339E-1 3.04613E-2 1.13011E-1 3.33628E-2 1.43353E-2 8.34158E-4 9.13237E-4 6.12553E-3 3.43327E-3 1.23609E-3 2.44893E-3 1.07665E-3 3.36695E-4 3.8962E-4 1.58834E-4 2.97726E-6 -9999 -9999 4.50416E-6 9.44355E-7 1.83457E-7 5.71052E-6 -9999 -9999 -9999 -9999 -9999 -9999 -9999 -9999 -9999 -9999 -9999 -9999 -9999 -9999 -9999 -9999 -9999 -9999 -9999
0E0 0E0 0E0 0E0 4.2504E-1 2.55584E-1 3.20423E-2 2.65287E-2 3.25079E-1 3.92031E-1 5.71638E-1 5.49446E-1 0E0 0E0 7.60133E-1 6.49421E-1 7.50852E-1 8.16099E-1 8.39414E-1 8.79495E-1 7.94136E-1 6.77984E-1 7.32082E-1 8.59366E-1 8.65852E-1 9.7728E-1 9.7272E-1 9.46438E-1 6.40974E-1 5.6508E-1 3.64361E-1 1.72728E-1 3.63439E-1 4.21882E-1 1.17503E-1 1.35727E-1 1.19368E-1 1.12213E-1 4.56559E-2 6.76483E-2 2.10663E-2 1.11265E-2 7.89614E-3 3.45154E-3 6.41933E-3 8.78187E-3 1.15654E-3 5.0174E-4 8.37439E-4 6.16157E-5 8.18625E-6 2.19119E-6 1.10514E-6 1.32203E-6 1.17237E-7 -9999 1.30274E-6 -9999 -9999 -9999 -9999 -9999 -9999 -9999 -9999 -9999 -9999 -9999 -9999 -9999 -9999 -9999 -9999 -9999 -9999 -9999 -9999 -9999
0E0 0E0 0E0 0E0 0E0 3.56162E-1 3.70241E-2 2.87798E-2 1.74467E-1 2.97264E-1 4.88991E-1 6.29584E-1 0E0 0E0 8.96856E-1 7.30127E-1 8.52818E-1 7.78866E-1 8.01276E-1 8.11774E-1 7.35216E-1 6.21427E-1 7.5745E-1 8.76256E-1 9.06327E-1 9.55264E-1 9.88373E-1 9.35046E-1 7.25034E-1 7.36169E-1 4.06945E-1 2.68131E-1 2.01477E-1 2.01632E-1 1.14325E-1 8.43105E-2 6.31547E-2 6.94455E-2 2.41741E-2 1.77273E-2 4.65706E-3 6.12891E-3 8.50191E-3 1.09899E-2 1.4833E-2 1.89976E-3 4.86055E-4 2.90895E-4 1.6162E-3 1.23951E-4 7.4982E-5 1.7092E-5 7.64896E-7 5.16648E-8 7.3633E-8 2.77627E-6 -9999 -9999 -9999 -9999 -9999 -9999 -9999 -9999 -9999 -9999 -9999 -9999 -9999 -9999 -9999 -9999 -9999 -9999 -9999 -9999 -9999 -9999
0E0 0E0 0E0 0E0 0E0 2.3724E-1 1.71169E-2 1.49059E-2 7.65497E-2 2.79783E-1 5.04921E-1 7.54956E-1 0E0 0E0 8.2242E-1 5.36911E-1 6.47721E-1 6.7098E-1 8.72686E-1 8.14883E-1 6.35363E-1 6.39975E-1 8.93799E-1 9.40446E-1 9.89591E-1 9.91368E-1 9.96617E-1 9.57598E-1 9.64673E-1 9.50953E-1 3.2181E-1 1.65278E-1 1.08282E-1 1.34795E-1 1.94857E-1 9.03497E-2 6.17473E-2 3.12257E-2 2.40337E-2 2.44157E-2 1.02649E-3 1.38358E-3 2.05089E-3 6.95484E-3 4.23913E-3 6.48264E-3 6.0836E-3 1.67107E-3 2.74944E-3 1.59226E-3 3.79241E-4 3.56805E-5 1.41883E-6 6.35836E-7 7.92214E-8 6.83111E-7 -9999 -9999 -9999 -9999 -9999 -9999 -9999 -9999 -9999 -9999 -9999 -9999 -9999 -9999 -9999 -9999 -9999 -9999 -9999 -9999 -9999 -9999
0E0 0E0 0E0 0E0 0E0 3.12631E-1 2.98616E-2 1.63164E-2 4.5973E-2 2.36074E-1 3.96158E-1 5.99937E-1 0E0 0E0 8.44094E-1 8.15721E-1 9.17834E-1 8.74583E-1 5.792E-1 8.99784E-1 8.26433E-1 9.14508E-1 9.61093E-1 9.8695E-1 9.99419E-1 9.98988E-1 9.85977E-1 9.48574E-1 9.60826E-1 9.83682E-1 4.63549E-1 2.39413E-1 1.45651E-1 1.62615E-1 2.19082E-1 7.87639E-2 2.70248E-2 3.14085E-2 6.64661E-3 2.66829E-2 1.39213E-2 2.44418E-3 1.14492E-3 8.9415E-4 1.81202E-2 2.39682E-3 1.35715E-3 1.76092E-3 1.76228E-3 1.73031E-3 7.55881E-4 1.1623E-4 1.43482E-5 1.47889E-5 2.70921E-6 -9999 -9999 -9999 -9999 -9999 -9999 -9999 -9999 -9999 -9999 -9999 -9999 -9999 -9999 -9999 -9999 -9999 -9999 -9999 -9999 -9999 -9999 -9999
0E0 0E0 0E0 0E0 0E0 6.11336E-1 5.67489E-2 5.29596E-2 1.811E-1 3.90977E-1 4.84534E-1 0E0 0E0 0E0 9.15624E-1 9.05226E-1 9.55495E-1 9.06323E-1 7.69533E-1 8.62368E-1 8.89849E-1 9.52183E-1 9.80997E-1 9.95051E-1 9.9762E-1 9.87966E-1 9.78387E-1 9.85951E-1 9.896E-1 9.93974E-1 3.89403E-1 1.98712E-1 3.56463E-1 3.60294E-1 1.63748E-1 7.42807E-2 4.78257E-2 6.0073E-2 3.63258E-2 2.79658E-2 2.44296E-2 1.31126E-2 1.36388E-2 1.93477E-4 7.52004E-4 5.76085E-3 3.3332E-3 5.28845E-4 4.09639E-4 6.13337E-4 8.66039E-4 2.97708E-3 7.9617E-4 1.24573E-4 3.12381E-5 3.01326E-6 -9999 -9999 -9999 -9999 -9999 -9999 -9999 -9999 -9999 -9999 -9999 -9999 -9999 -9999 -9999 -9999 -9999 -9999 -9999 -9999 -9999 -9999
0E0 0E0 0E0 0E0 0E0 2.7799E-1 9.13155E-2 4.54178E-2 1.5955E-1 4.45692E-1 4.34073E-1 0E0 0E0 0E0 8.51435E-1 9.2908E-1 7.27672E-1 6.06203E-1 8.71336E-1 7.20566E-1 9.1344E-1 9.96361E-1 9.98661E-1 9.96675E-1 9.98492E-1 9.65196E-1 9.87661E-1 9.86256E-1 8.00697E-1 8.9396E-1 5.16099E-1 9.76638E-2 1.34718E-1 6.91703E-1 2.05898E-1 1.93548E-1 1.77837E-1 1.47846E-1 5.24954E-2 4.98816E-2 8.39475E-3 6.60631E-3 4.47912E-3 2.54079E-3 1.58348E-4 2.29568E-3 7.57007E-4 5.80657E-5 1.43279E-4 1.93731E-4 3.12495E-4 1.34436E-3 3.64442E-4 6.91947E-5 1.52932E-5 1.4703E-6 2.85538E-7 -9999 -9999 -9999 -9999 -9999 -9999 -9999 -9999 -9999 -9999 -9999 -9999 -9999 -9999 -9999 -9999 -9999 -9999 -9999 -9999 -9999
0E0 0E0 0E0 0E0 0E0 1.70741E-1 1.97839E-2 6.282E-2 2.92174E-1 5.14816E-1 0E0 0E0 0E0 0E0 9.57992E-1 9.82446E-1 8.36851E-1 8.01211E-1 7.4291E-1 8.71694E-1 9.09952E-1 9.00261E-1 8.96101E-1 9.64771E-1 9.53666E-1 9.68083E-1 9.41883E-1 9.20487E-1 7.07198E-1 8.43989E-1 3.93728E-1 8.91559E-2 4.97602E-1 6.11081E-1 1.69278E-1 1.2666E-1 7.42978E-2 1.4785E-2 3.57464E-2 6.21048E-2 3.11706E-2 1.76583E-2 1.95304E-2 2.08593E-3 7.10143E-5 7.1409E-5 1.32303E-5 5.20325E-5 1.54834E-5 7.80377E-6 4.13379E-5 5.809E-5 2.57466E-4 2.3816E-4 4.34896E-5 2.59263E-5 4.55798E-7 -9999 -9999 -9999 -9999 -9999 -9999 -9999 -9999 -9999 -9999 -9999 -9999 -9999 -9999 -9999 -9999 -9999 -9999 -9999 -9999 -9999
0E0 0E0 0E0 0E0 0E0 2.48E-1 6.73885E-2 6.37787E-2 2.19745E-1 4.22789E-1 0E0 0E0 0E0 0E0 9.99884E-1 7.46286E-1 5.47336E-1 4.28027E-1 4.17335E-1 8.17059E-1 8.55192E-1 5.75571E-1 4.88332E-1 4.21579E-1 5.71442E-1 6.43149E-1 5.65497E-1 9.07121E-1 8.70828E-1 4.68407E-1 3.21445E-1 2.87492E-1 4.16735E-1 5.17627E-1 3.69574E-1 1.94256E-1 8.35476E-2 4.25021E-2 4.70166E-2 2.6599E-2 1.49171E-2 1.73293E-3 4.69588E-4 5.58487E-4 2.72554E-5 1.15896E-4 4.65354E-6 2.02771E-5 3.98847E-6 2.42594E-6 1.45847E-6 4.45488E-6 1.06735E-6 3.08101E-5 2.68779E-5 1.07057E-5 9.23782E-7 -9999 -9999 -9999 -9999 -9999 -9999 -9999 -9999 -9999 -9999 -9999 -9999 -9999 -9999 -9999 -9999 -9999 -9999 -9999 -9999 -9999
0E0 0E0 0E0 0E0 0E0 0E0 6.0758E-2 1.04702E-1 4.10729E-1 0E0 0E0 0E0 0E0 0E0 9.98276E-1 6.8939E-1 7.21032E-1 2.65295E-1 3.64977E-1 4.92391E-1 8.7832E-1 4.69603E-1 3.9725E-1 4.07817E-1 4.7794E-1 6.01596E-1 3.35098E-1 5.92034E-1 9.48992E-1 4.78213E-1 3.10444E-1 2.88269E-1 3.46111E-1 5.57244E-1 3.35624E-1 5.53983E-1 1.04321E-1 4.19221E-2 5.84757E-2 5.0658E-2 9.93211E-3 7.58842E-4 2.32289E-4 3.47588E-4 3.95408E-5 1.27752E-4 7.19321E-6 9.2375E-5 3.43677E-5 5.80484E-6 1.24454E-6 1.20443E-6 4.59339E-7 2.63908E-6 -9999 -9999 -9999 -9999 -9999 -9999 -9999 -9999 -9999 -9999 -9999 -9999 -9999 -9999 -9999 -9999 -9999 -9999 -9999 -9999 -9999 -9999 -9999 -9999
0E0 0E0 0E0 0E0 0E0 0E0 0E0 0E0 0E0 0E0 0E0 0E0 0E0 8.99533E-1 9.99564E-1 7.07204E-1 5.63369E-1 4.30148E-1 3.90708E-1 5.94879E-1 5.68555E-1 4.81889E-1 5.05037E-1 7.91561E-1 7.45017E-1 7.91793E-1 6.16895E-1 3.61883E-1 9.48751E-1 5.30314E-1 2.87731E-1 1.65632E-1 2.67399E-1 3.57354E-1 5.92977E-1 6.19148E-1 1.79804E-1 1.13271E-1 5.53112E-2 2.5174E-2 9.78854E-3 3.43403E-3 1.72357E-4 7.3091E-5 1.58531E-4 3.45566E-4 2.89199E-4 8.32152E-4 2.42581E-4 5.34943E-5 5.11794E-6 1.16405E-6 2.53924E-7 -9999 -9999 -9999 -9999 -9999 -9999 -9999 -9999 -9999 -9999 -9999 -9999 -9999 -9999 -9999 -9999 -9999 -9999 -9999 -9999 -9999 -9999 -9999 -9999 -9999
0E0 0E0 0E0 0E0 0E0 0E0 0E0 0E0 0E0 0E0 0E0 0E0 0E0 9.98097E-1 9.9882E-1 7.16098E-1 7.13415E-1 8.38512E-1 8.44889E-1 7.73619E-1 8.10782E-1 7.28958E-1 8.96773E-1 6.38565E-1 7.16745E-1 7.79245E-1 7.18092E-1 3.41561E-1 8.87856E-1 3.52429E-1 2.60208E-1 2.05555E-1 6.76047E-2 1.85884E-1 5.06909E-1 4.52283E-1 2.4116E-1 1.86742E-1 3.68916E-2 1.75029E-2 1.98752E-2 3.74164E-3 2.76793E-4 2.31363E-4 5.11715E-4 1.91438E-3 3.82024E-3 2.73546E-3 2.44118E-4 1.82985E-4 3.56673E-5 8.7932E-6 7.67762E-6 -9999 -9999 -9999 -9999 2.47735E-6 9.2058E-7 -9999 -9999 -9999 -9999 -9999 -9999 -9999 -9999 -9999 -9999 -9999 -9999 -9999 -9999 -9999 -9999 -9999 -9999 -9999
0E0 0E0 0E0 0E0 0E0 0E0 0E0 0E0 0E0 0E0 9.69901E-1 0E0 8.62389E-1 6.46891E-1 9.8259E-1 9.31937E-1 6.02918E-1 4.24102E-1 4.83774E-1 6.80828E-1 9.53866E-1 7.96596E-1 8.26729E-1 9.39027E-1 8.67235E-1 9.91069E-1 9.03714E-1 7.90341E-1 8.47171E-1 5.37378E-1 2.96656E-1 6.62938E-2 9.08445E-2 2.75073E-1 4.24033E-1 4.30812E-1 2.67565E-1 1.5254E-1 3.01797E-2 1.44739E-2 1.40993E-2 7.70009E-3 5.18856E-3 7.02952E-3 2.1478E-3 2.28789E-3 4.62523E-3 1.81145E-4 2.20384E-4 7.47447E-5 2.72067E-5 8.83156E-6 -9999 -9999 7.09783E-7 1.71951E-6 1.69381E-6 4.97946E-6 7.46211E-7 -9999 -9999 -9999 -9999 -9999 -9999 -9999 -9999 -9999 -9999 -9999 -9999 -9999 -9999 -9999 -9999 -9999 -9999 -9999
0E0 0E0 0E0 0E0 0E0 0E0 0E0 0E0 0E0 0E0 0E0 0E0 8.44464E-1 7.69364E-1 7.68599E-1 9.81641E-1 8.32089E-1 6.01753E-1 7.46537E-1 6.1105E-1 7.10123E-1 8.03741E-1 9.58019E-1 9.93042E-1 9.97786E-1 9.8057E-1 9.78455E-1 9.81772E-1 7.28868E-1 3.37813E-1 3.30863E-1 8.83875E-2 1.74059E-1 2.23311E-1 6.56154E-1 4.04893E-1 4.70641E-1 3.61769E-1 1.8231E-1 1.00619E-1 7.17203E-3 1.34819E-2 2.54779E-2 2.76428E-2 1.50322E-2 3.74784E-3 7.66629E-3 2.15868E-4 1.69598E-4 4.09367E-5 1.97832E-5 7.68124E-6 5.62176E-6 6.10812E-6 1.4911E-5 5.96272E-6 1.12615E-5 2.28136E-6 7.90523E-5 1.47072E-5 -9999 -9999 -9999 -9999 -9999 -9999 -9999 -9999 -9999 -9999 -9999 -9999 -9999 -9999 -9999 -9999 -9999 -9999
0E0 0E0 0E0 0E0 0E0 0E0 0E0 0E0 0E0 0E0 0E0 0E0 0E0 8.47356E-1 8.54227E-1 6.65355E-1 9.68515E-1 7.50803E-1 5.74584E-1 8.38868E-1 8.37392E-1 8.61742E-1 9.93689E-1 9.98952E-1 9.94982E-1 9.9828E-1 9.98401E-1 9.3625E-1 5.70821E-1 3.74148E-1 4.31555E-1 3.98793E-1 2.79138E-1 4.52567E-1 5.07643E-1 5.01604E-1 3.2408E-1 4.9019E-1 4.68542E-1 2.46485E-1 6.53106E-2 5.95249E-3 2.60484E-3 1.8327E-2 3.46163E-3 6.15052E-3 1.49182E-3 2.08282E-3 1.3315E-3 2.68102E-4 1.96343E-5 2.67195E-5 6.53855E-5 7.8381E-6 1.90701E-5 2.27511E-5 1.08548E-5 5.07816E-5 6.44634E-6 2.41347E-5 -9999 -9999 -9999 -9999 -9999 -9999 -9999 -9999 -9999 -9999 -9999 -9999 -9999 -9999 -9999 -9999 -9999 -9999
0E0 0E0 0E0 0E0 0E0 0E0 0E0 0E0 0E0 0E0 0E0 0E0 0E0 0E0 9.92432E-1 7.25326E-1 9.96866E-1 9.13792E-1 8.31362E-1 6.70157E-1 6.3731E-1 8.11715E-1 9.81945E-1 9.99516E-1 9.85872E-1 9.99973E-1 8.51047E-1 9.52141E-1 7.03078E-1 4.90732E-1 3.44866E-1 4.1466E-1 3.56967E-1 6.05704E-1 3.21968E-1 4.41497E-1 3.78496E-1 3.03293E-1 1.84217E-1 4.10568E-1 2.31206E-1 6.2353E-2 6.58904E-3 2.24501E-2 2.27297E-2 2.30961E-3 2.56444E-3 3.61969E-3 6.02524E-4 4.68187E-5 6.97521E-5 6.67498E-5 1.18856E-4 1.55195E-4 4.59469E-5 2.2867E-5 2.42183E-5 2.68534E-5 3.34735E-5 3.68283E-6 9.09804E-6 -9999 -9999 -9999 -9999 -9999 -9999 -9999 -9999 -9999 -9999 -9999 -9999 -9999 -9999 -9999 -9999 -9999
0E0 0E0 0E0 0E0 0E0 0E0 0E0 0E0 3.5258E-1 0E0 0E0 0E0 0E0 0E0 0E0 8.66051E-1 9.93913E-1 9.93264E-1 9.76636E-1 9.79778E-1 9.66687E-1 8.08378E-1 9.50586E-1 9.8873E-1 9.99656E-1 9.99917E-1 8.34813E-1 8.66942E-1 8.00668E-1 4.62018E-1 3.6262E-1 4.02404E-1 4.11023E-1 4.97707E-1 3.9483E-1 2.84893E-1 3.75733E-1 4.1679E-1 1.97858E-1 2.56128E-1 2.34453E-1 1.10027E-1 1.01768E-2 7.23444E-3 3.09171E-3 7.08051E-4 2.28019E-3 8.5927E-4 1.03581E-4 1.23514E-4 7.01296E-5 1.17416E-3 2.18849E-4 2.06814E-4 5.31545E-5 1.76602E-5 5.12235E-5 1.81753E-4 7.73049E-5 2.01216E-5 3.8241E-6 -9999 -9999 -9999 -9999 -9999 -9999 -9999 -9999 -9999 -9999 -9999 -9999 -9999 -9999 -9999 -9999 -9999
0E0 0E0 0E0 0E0 0E0 0E0 0E0 2.06669E-1 3.76718E-1 4.68427E-1 5.25938E-1 0E0 0E0 0E0 0E0 0E0 9.99998E-1 9.99633E-1 9.86569E-1 9.98952E-1 8.94504E-1 9.30727E-1 9.50555E-1 9.38751E-1 9.8514E-1 9.36839E-1 7.2045E-1 8.87046E-1 8.05377E-1 5.04804E-1 6.01499E-1 4.78496E-1 2.49172E-1 2.71149E-1 2.24896E-1 2.57706E-1 2.76764E-1 2.32874E-1 1.74245E-1 9.76869E-2 8.79998E-2 3.83292E-2 3.72912E-3 6.95009E-4 2.03654E-4 5.15712E-4 3.65879E-4 1.67069E-4 3.39152E-4 4.81154E-4 1.38251E-4 4.27577E-5 1.71423E-5 1.30179E-5 7.53027E-5 5.33789E-5 3.36838E-5 9.35424E-5 8.70378E-5 8.53205E-5 5.03715E-5 4.58292E-5 -9999 -9999 -9999 -9999 -9999 -9999 -9999 -9999 -9999 -9999 -9999 -9999 -9999 -9999 -9999 -9999
0E0 0E0 0E0 0E0 0E0 0E0 2.81173E-1 3.2017E-1 4.67449E-1 6.45376E-1 7.67679E-1 0E0 0E0 0E0 0E0 0E0 9.98141E-1 6.13661E-1 8.91145E-1 8.30553E-1 5.94771E-1 9.7029E-1 9.46305E-1 9.94879E-1 8.90245E-1 6.10345E-1 6.04928E-1 7.91502E-1 6.90194E-1 3.5384E-1 2.40238E-1 2.32197E-1 1.75954E-1 1.46808E-1 3.75604E-1 3.65591E-1 1.93989E-1 1.18448E-1 1.1378E-1 1.05016E-1 1.13957E-1 4.35407E-2 6.49434E-3 7.72395E-3 1.10065E-2 5.49595E-3 4.36208E-2 1.64144E-3 6.41842E-3 9.15423E-3 1.63168E-3 2.90353E-4 2.44881E-4 4.52063E-5 1.24599E-4 2.42648E-5 8.56517E-5 1.4542E-4 2.11175E-4 2.39265E-4 1.28535E-4 6.51024E-5 7.52779E-5 -9999 -9999 -9999 -9999 -9999 -9999 -9999 -9999 -9999 -9999 -9999 -9999 -9999 -9999 -9999
0E0 0E0 0E0 0E0 0E0 0E0 0E0 9.54566E-2 6.31237E-2 4.99782E-1 7.46458E-1 0E0 0E0 0E0 0E0 0E0 9.76704E-1 6.8926E-1 4.89068E-1 6.64803E-1 5.1143E-1 4.66573E-1 8.18708E-1 7.61923E-1 3.08399E-1 1.85009E-1 1.98268E-1 4.63399E-1 5.39891E-1 3.61274E-1 4.19631E-1 4.24854E-1 3.40925E-1 2.21073E-1 3.16684E-1 3.53291E-1 1.6398E-1 2.09223E-1 1.91284E-1 2.16438E-1 2.36222E-1 1.14251E-1 1.3578E-2 1.75363E-2 1.74226E-2 1.41781E-2 1.44798E-2 1.96361E-2 2.0501E-2 1.62152E-2 2.18954E-3 3.0048E-4 2.81001E-5 7.50634E-5 1.29383E-4 8.46248E-5 2.20601E-4 1.17358E-4 1.55312E-4 5.72528E-5 4.49732E-5 5.29974E-5 3.49819E-5 3.99638E-5 -9999 -9999 -9999 -9999 -9999 -9999 -9999 -9999 -9999 -9999 -9999 -9999 -9999 -9999
0E0 0E0 0E0 0E0 0E0 0E0 0E0 0E0 2.1822E-1 4.16217E-1 4.94405E-1 5.4354E-1 0E0 0E0 0E0 0E0 9.52536E-1 9.9845E-1 9.02043E-1 7.61477E-1 5.91642E-1 1.96102E-1 4.81814E-1 2.869E-1 1.53222E-1 2.28388E-1 1.71144E-1 3.27668E-1 5.82598E-1 3.93998E-1 3.71648E-1 5.19919E-1 7.02294E-1 3.41998E-1 1.70559E-1 2.59151E-1 1.46567E-1 5.89238E-1 6.20111E-1 3.40908E-1 1.17942E-1 1.47164E-1 1.00858E-2 7.04275E-3 2.07224E-3 2.45588E-3 1.07505E-2 1.27931E-2 2.47794E-3 4.3446E-4 1.36044E-4 2.47024E-5 1.98533E-4 2.0403E-4 9.78225E-5 2.2682E-4 2.41423E-4 2.00415E-4 2.64767E-4 3.72178E-4 1.47365E-4 1.37515E-4 1.52163E-4 5.62887E-5 1.00243E-4 -9999 -9999 -9999 -9999 -9999 -9999 -9999 -9999 -9999 -9999 -9999 -9999 -9999
0E0 0E0 0E0 0E0 0E0 0E0 0E0 0E0 5.46514E-1 5.23932E-1 5.03386E-1 5.6016E-1 5.38282E-1 0E0 0E0 0E0 0E0 9.88927E-1 9.75942E-1 9.72046E-1 7.92042E-1 3.49541E-1 2.67444E-1 4.47372E-1 1.95127E-1 1.53004E-1 2.9383E-1 3.72448E-1 7.12126E-1 7.1753E-1 6.502E-1 5.3792E-1 6.38035E-1 4.6971E-1 2.95814E-1 1.49426E-1 2.01001E-1 5.20559E-1 8.09272E-1 3.66614E-1 1.05029E-1 1.09022E-1 1.21378E-2 7.43756E-3 1.16067E-3 8.53783E-4 2.60967E-3 2.85911E-3 1.95652E-3 2.41337E-3 3.44141E-5 1.54191E-5 1.22393E-6 1.4359E-4 1.58509E-4 1.47581E-3 5.82837E-4 2.26637E-4 1.70324E-4 -9999 -9999 -9999 5.56362E-5 8.81678E-5 1.30693E-4 -9999 -9999 -9999 -9999 -9999 -9999 -9999 -9999 -9999 -9999 -9999 -9999 -9999
0E0 0E0 0E0 0E0 0E0 0E0 0E0 0E0 0E0 4.47424E-1 4.79343E-1 5.49003E-1 5.73969E-1 8.10924E-1 0E0 0E0 0E0 8.94893E-1 9.82607E-1 9.52366E-1 9.40491E-1 4.37457E-1 2.77889E-1 2.78973E-1 1.77309E-1 2.34412E-1 2.42224E-1 4.39238E-1 5.12368E-1 6.09573E-1 5.36965E-1 6.98956E-1 8.53205E-1 6.6209E-1 9.07884E-1 1.87821E-1 2.59453E-1 4.62848E-1 0E0 0E0 1.21583E-1 6.2757E-2 2.40546E-2 2.46885E-2 1.58975E-2 6.47524E-3 6.89865E-3 1.85206E-3 3.90903E-4 6.45303E-3 6.71945E-5 1.07182E-5 1.30531E-5 1.24781E-4 3.81541E-4 3.71762E-4 5.23217E-4 5.96833E-4 3.41845E-4 1.92284E-4 -9999 -9999 -9999 7.09792E-7 2.08289E-6 -9999 -9999 -9999 -9999 -9999 -9999 -9999 -9999 -9999 -9999 -9999 -9999 -9999
0E0 0E0 0E0 0E0 0E0 0E0 0E0 0E0 0E0 5.93964E-1 1.73624E-1 3.04555E-1 4.39688E-1 5.91178E-1 0E0 0E0 0E0 0E0 9.2038E-1 5.33351E-1 7.20056E-1 6.78174E-1 4.38904E-1 3.54286E-1 2.01774E-1 5.08986E-1 2.82199E-1 3.93862E-1 8.6092E-1 8.39802E-1 7.01214E-1 7.37482E-1 8.83818E-1 9.67002E-1 8.13332E-1 2.86397E-1 2.89504E-1 5.84608E-1 0E0 5.485E-1 1.62678E-1 7.69213E-2 2.02976E-2 5.17095E-3 9.27939E-3 8.70475E-3 6.28734E-3 1.30451E-3 1.08002E-3 2.17558E-4 1.63374E-4 2.7698E-5 1.00554E-4 4.00176E-4 7.30741E-4 5.28499E-4 5.91865E-4 3.65563E-4 2.75017E-4 8.29809E-5 -9999 -9999 -9999 -9999 -9999 7.48604E-7 -9999 -9999 -9999 -9999 -9999 -9999 -9999 -9999 -9999 -9999 -9999 -9999
0E0 0E0 0E0 0E0 0E0 0E0 0E0 0E0 0E0 0E0 8.83837E-2 4.22648E-1 2.35375E-1 4.49357E-1 0E0 0E0 0E0 0E0 7.78292E-1 7.41292E-1 6.37737E-1 3.54925E-1 4.20972E-1 2.34482E-1 1.73589E-1 1.92509E-1 2.39713E-1 7.99013E-1 8.0931E-1 8.80427E-1 9.3872E-1 9.25272E-1 7.9524E-1 0E0 7.40345E-1 5.64197E-1 2.92954E-1 1.41619E-1 6.19585E-1 6.22305E-1 3.60402E-1 2.30991E-1 5.85017E-2 3.2284E-3 3.63379E-3 3.08569E-3 1.86296E-3 2.22799E-5 8.71263E-5 5.56427E-5 2.57628E-4 4.56054E-4 1.01752E-4 6.26268E-5 6.09946E-4 1.1276E-3 4.9846E-4 2.99297E-4 1.10272E-4 8.93659E-5 6.34455E-6 -9999 -9999 -9999 -9999 -9999 -9999 -9999 -9999 -9999 -9999 -9999 -9999 -9999 -9999 -9999 -9999 -9999
0E0 0E0 0E0 0E0 0E0 0E0 0E0 0E0 0E0 0E0 3.85235E-1 4.47436E-1 3.3094E-1 5.56316E-1 0E0 0E0 0E0 0E0 7.16599E-1 9.28013E-1 9.62382E-1 7.34382E-1 2.43467E-1 1.9909E-1 2.54022E-1 3.13749E-1 5.24231E-1 8.38276E-1 7.29045E-1 8.1664E-1 8.54304E-1 8.33311E-1 8.34376E-1 8.04605E-1 7.27755E-1 5.94405E-1 4.11536E-1 2.5874E-1 2.64641E-1 4.58303E-1 5.17277E-1 1.45488E-1 6.55374E-2 2.63192E-3 5.09876E-3 4.61797E-3 5.91204E-4 2.93595E-2 4.72204E-2 2.19163E-5 9.78355E-4 2.3443E-4 5.99356E-4 2.32932E-4 9.39355E-4 6.40705E-4 7.21102E-4 9.30215E-4 8.79041E-4 -9999 -9999 -9999 -9999 -9999 -9999 -9999 -9999 -9999 -9999 -9999 -9999 -9999 -9999 -9999 -9999 -9999 -9999 -9999
0E0 0E0 0E0 0E0 0E0 0E0 0E0 0E0 0E0 4.8785E-1 1.66503E-1 4.36582E-1 6.0745E-1 0E0 0E0 0E0 0E0 0E0 0E0 9.21441E-1 9.16587E-1 7.0053E-1 3.07359E-1 3.79654E-1 4.40021E-1 5.99564E-1 6.35742E-1 7.80371E-1 9.27522E-1 9.601E-1 9.70603E-1 9.45191E-1 7.89123E-1 6.95869E-1 7.35489E-1 6.31169E-1 5.45427E-1 2.65461E-1 2.55841E-1 3.85878E-1 0E0 4.32187E-1 3.27638E-1 2.06625E-3 1.46036E-3 1.98812E-3 1.30976E-3 1.68445E-3 2.93262E-2 7.35033E-5 2.74382E-3 7.61698E-4 2.66723E-3 6.19064E-4 6.55262E-4 8.18054E-4 7.43814E-4 5.63056E-4 8.55692E-4 -9999 -9999 -9999 -9999 -9999 -9999 -9999 -9999 -9999 -9999 -9999 -9999 -9999 -9999 -9999 -9999 -9999 -9999 -9999
0E0 0E0 0E0 0E0 0E0 0E0 0E0 0E0 0E0 1.96111E-1 9.19292E-2 3.52071E-1 4.61586E-1 7.56126E-1 7.61282E-1 0E0 0E0 0E0 0E0 8.75313E-1 9.65153E-1 9.31688E-1 4.92E-1 5.20493E-1 7.22582E-1 8.89091E-1 8.01783E-1 8.34824E-1 8.00177E-1 9.77551E-1 9.54109E-1 9.35137E-1 8.24939E-1 0E0 0E0 0E0 0E0 3.25681E-1 4.81969E-1 3.77844E-1 6.23739E-1 3.05709E-1 3.08959E-1 3.58753E-2 4.99892E-4 1.7935E-3 1.85241E-3 2.57107E-3 2.6258E-4 1.43742E-4 2.71339E-3 1.2119E-3 8.43259E-4 1.05565E-3 1.90932E-3 5.83318E-4 3.00787E-3 6.01016E-4 -9999 -9999 -9999 -9999 -9999 -9999 -9999 -9999 -9999 -9999 -9999 -9999 -9999 -9999 -9999 -9999 -9999 -9999 -9999 -9999
0E0 0E0 0E0 0E0 0E0 0E0 0E0 0E0 0E0 1.86714E-1 3.33691E-2 1.72179E-1 6.05744E-1 6.96127E-1 6.71989E-1 6.62769E-1 0E0 0E0 0E0 7.23146E-1 9.70973E-1 8.65613E-1 3.3065E-1 5.02247E-1 7.33549E-1 7.35332E-1 6.08835E-1 7.56156E-1 8.47307E-1 9.15947E-1 9.48134E-1 9.364E-1 7.50873E-1 0E0 0E0 0E0 0E0 5.28533E-1 5.26695E-1 5.97373E-1 3.37811E-1 0E0 3.1138E-1 1.3544E-1 1.30351E-1 4.46603E-2 7.56152E-4 3.05779E-3 9.34046E-4 9.2478E-5 2.32683E-3 2.18765E-3 1.15151E-3 1.97402E-3 2.92656E-3 1.71898E-3 4.42144E-4 2.69832E-4 1.35516E-4 -9999 -9999 -9999 -9999 -9999 -9999 -9999 -9999 -9999 -9999 -9999 -9999 -9999 -9999 -9999 -9999 -9999 -9999 -9999
0E0 0E0 0E0 0E0 0E0 0E0 0E0 0E0 0E0 2.75001E-1 1.06019E-1 1.98657E-1 2.79403E-1 2.61222E-1 3.47728E-1 4.29709E-1 6.33372E-1 0E0 0E0 8.27843E-1 9.93966E-1 9.04167E-1 9.56379E-1 7.99162E-1 6.04013E-1 9.13288E-1 9.14611E-1 9.05104E-1 7.76942E-1 9.17091E-1 9.55972E-1 8.56012E-1 8.79839E-1 0E0 0E0 0E0 0E0 0E0 7.33465E-1 6.10666E-1 7.50406E-1 5.82922E-1 2.17415E-1 4.76382E-2 1.58507E-1 1.15586E-1 6.81922E-2 1.53431E-2 7.30202E-3 6.26777E-4 8.25808E-3 6.20111E-3 5.16522E-3 1.55831E-3 3.96907E-3 9.50877E-4 1.74659E-3 1.17786E-4 7.9496E-5 -9999 -9999 -9999 2.20756E-6 -9999 -9999 -9999 -9999 -9999 -9999 -9999 -9999 -9999 -9999 -9999 -9999 -9999 -9999 -9999
0E0 0E0 0E0 0E0 0E0 0E0 0E0 0E0 0E0 3.9775E-1 2.69435E-1 3.0769E-1 1.83464E-1 1.25286E-1 1.85299E-1 3.91901E-1 7.54483E-1 0E0 0E0 0E0 9.63214E-1 9.90684E-1 9.91162E-1 8.59792E-1 8.42158E-1 9.70339E-1 9.81587E-1 9.5234E-1 7.7019E-1 8.15485E-1 9.10825E-1 8.28609E-1 0E0 0E0 0E0 0E0 0E0 0E0 0E0 0E0 0E0 0E0 4.80147E-1 2.18051E-1 2.55058E-1 9.21985E-2 1.24989E-1 2.09664E-1 2.06283E-2 5.78959E-3 1.22905E-2 4.0392E-3 2.71731E-3 2.38746E-3 1.08755E-3 1.18068E-3 2.73518E-4 3.21097E-4 1.23192E-4 -9999 -9999 -9999 2.48718E-6 -9999 -9999 -9999 -9999 -9999 -9999 -9999 -9999 -9999 -9999 -9999 -9999 -9999 -9999 -9999
0E0 0E0 0E0 0E0 0E0 0E0 0E0 0E0 0E0 2.95284E-1 9.69103E-2 4.05305E-2 1.32924E-1 1.8134E-1 2.04791E-1 2.52299E-1 0E0 0E0 0E0 0E0 9.1875E-1 9.58471E-1 9.64196E-1 9.34943E-1 9.10403E-1 9.38837E-1 9.04748E-1 8.07124E-1 8.33405E-1 9.65969E-1 9.13909E-1 0E0 0E0 0E0 0E0 0E0 0E0 0E0 0E0 0E0 0E0 0E0 4.67257E-1 0E0 4.06931E-1 3.1332E-1 2.70029E-1 2.56632E-1 3.16536E-2 1.05877E-2 4.35407E-2 3.78051E-2 1.88452E-2 7.17252E-3 4.22306E-3 7.8567E-4 2.6592E-4 3.01923E-4 1.38452E-4 4.64399E-5 1.33655E-4 1.75013E-5 -9999 -9999 -9999 -9999 -9999 -9999 -9999 -9999 -9999 -9999 -9999 -9999 -9999 -9999 -9999 -9999
0E0 0E0 0E0 0E0 0E0 0E0 0E0 0E0 0E0 9.37603E-2 1.13014E-2 5.48916E-2 1.32287E-1 9.76625E-2 2.13336E-1 1.58739E-1 0E0 0E0 0E0 9.55489E-1 7.31168E-1 8.74617E-1 9.2814E-1 9.57847E-1 9.78684E-1 9.88811E-1 8.78756E-1 8.56264E-1 6.70138E-1 9.19394E-1 8.60865E-1 9.38724E-1 0E0 0E0 0E0 0E0 0E0 0E0 1.50779E-1 3.0641E-1 3.23091E-1 0E0 0E0 0E0 4.19025E-2 2.53363E-2 3.84873E-2 4.90938E-2 6.73952E-3 4.2417E-2 5.5114E-2 4.89196E-2 1.65762E-2 4.46937E-3 2.1754E-3 2.59793E-3 1.25323E-3 3.11973E-4 2.58195E-4 3.90512E-5 5.14395E-5 4.72471E-6 1.64924E-6 -9999 -9999 -9999 -9999 -9999 -9999 -9999 -9999 -9999 -9999 -9999 -9999 -9999 -9999 -9999
