ENM/Final_Models/M_1_F_q_Set_1_NE/Gustavia_santanderiensis_3_Choco.asc
ncols         367
nrows         963
xllcorner     -78.6
yllcorner     0.65
cellsize      0.00833333333333323
NODATA_value  -9999
[rows 646 to 679 of 963, columns 156 to 233 of 367]
0E0 0E0 0E0 0E0 0E0 0E0 0E0 0E0 0E0 0E0 0E0 0E0 0E0 0E0 0E0 0E0 0E0 0E0 0E0 0E0 0E0 0E0 0E0 0E0 0E0 0E0 0E0 0E0 0E0 0E0 0E0 0E0 0E0 0E0 0E0 9.75402E-1 9.2748E-1 4.5941E-1 4.12558E-1 9.35884E-2 2.15232E-2 5.85528E-2 1.80551E-2 3.43586E-2 3.37429E-2 4.36456E-2 2.8705E-2 9.43041E-3 4.62463E-2 2.74444E-3 1.34766E-3 5.74919E-4 2.62692E-4 1.64768E-4 -9999 -9999 -9999 -9999 -9999 -9999 1.22323E-4 1.74698E-5 4.92201E-5 2.03973E-5 2.85445E-5 1.66455E-5 3.11709E-5 1.33383E-5 1.23137E-5 1.88198E-5 4.49925E-5 -9999 -9999 -9999 -9999 -9999 -9999 -9999
0E0 0E0 0E0 0E0 0E0 0E0 0E0 0E0 0E0 0E0 0E0 0E0 0E0 0E0 0E0 9.79129E-1 9.92865E-1 0E0 0E0 0E0 0E0 0E0 0E0 0E0 0E0 0E0 0E0 0E0 0E0 0E0 0E0 0E0 0E0 0E0 0E0 0E0 0E0 6.12331E-1 2.88304E-2 9.99201E-3 7.80029E-3 4.24873E-3 5.4879E-2 1.93806E-1 6.96532E-2 2.82199E-2 3.48729E-2 4.01134E-2 2.99827E-2 6.9026E-3 7.65471E-3 5.3027E-3 6.45433E-4 5.62085E-4 -9999 -9999 -9999 -9999 -9999 -9999 8.97504E-5 2.92353E-5 8.66697E-6 6.14388E-6 1.95219E-5 3.27338E-5 2.92228E-5 1.23132E-5 2.13192E-5 3.25245E-5 -9999 -9999 -9999 -9999 -9999 -9999 -9999 -9999
0E0 0E0 0E0 0E0 0E0 0E0 0E0 0E0 0E0 0E0 0E0 0E0 0E0 0E0 0E0 0E0 0E0 0E0 0E0 0E0 0E0 7.62375E-1 0E0 0E0 0E0 0E0 0E0 0E0 0E0 0E0 0E0 0E0 0E0 0E0 0E0 0E0 8.63085E-1 8.87451E-2 1.0241E-1 6.90925E-2 1.94906E-3 1.84402E-3 1.29216E-2 6.48539E-3 4.07353E-3 6.36326E-3 1.28335E-2 5.08382E-2 8.21003E-2 9.52764E-2 2.86639E-2 1.63005E-2 2.9411E-3 1.53867E-3 -9999 -9999 -9999 -9999 -9999 5.47944E-4 1.27745E-4 4.05481E-5 1.85889E-5 4.31075E-6 3.10614E-6 1.30965E-5 1.25468E-6 0E0 2.95691E-5 -9999 -9999 -9999 -9999 -9999 -9999 -9999 -9999 -9999
0E0 0E0 0E0 0E0 0E0 0E0 0E0 0E0 0E0 0E0 0E0 0E0 0E0 0E0 0E0 0E0 0E0 0E0 0E0 0E0 0E0 0E0 0E0 0E0 0E0 0E0 4.08538E-1 1.87694E-1 7.04373E-1 0E0 0E0 0E0 0E0 0E0 0E0 9.52684E-1 1.9199E-1 1.67861E-2 1.61459E-2 5.6565E-3 3.99963E-3 3.09921E-3 2.20432E-3 6.19056E-3 6.17823E-3 2.28258E-2 2.12037E-2 1.35127E-2 2.28788E-2 1.06047E-1 5.44052E-2 3.04679E-2 2.28627E-2 9.84815E-3 -9999 -9999 -9999 -9999 -9999 1.67083E-3 8.23563E-4 1.91335E-4 6.08529E-5 0E0 4.47665E-6 4.35902E-6 9.70327E-6 2.76979E-5 -9999 -9999 -9999 -9999 -9999 -9999 -9999 -9999 -9999 -9999
0E0 0E0 0E0 0E0 0E0 0E0 0E0 0E0 0E0 0E0 0E0 0E0 0E0 0E0 0E0 0E0 0E0 0E0 0E0 0E0 8.5242E-1 0E0 0E0 0E0 0E0 0E0 0E0 0E0 0E0 0E0 0E0 0E0 0E0 0E0 0E0 5.11572E-1 5.02806E-2 2.04244E-2 8.8148E-3 1.37593E-2 5.60626E-3 4.78491E-4 3.91256E-4 1.75598E-3 1.32648E-2 4.5188E-3 1.30695E-2 4.98858E-3 1.82154E-2 3.12664E-2 3.55988E-2 1.05676E-2 1.71674E-2 4.28692E-2 -9999 -9999 -9999 -9999 -9999 5.3097E-4 5.37935E-4 3.70449E-5 1.13816E-5 3.73326E-5 2.15928E-5 4.01089E-5 3.73815E-5 3.14066E-5 -9999 -9999 -9999 -9999 -9999 -9999 -9999 -9999 -9999 -9999
0E0 0E0 0E0 0E0 0E0 0E0 0E0 0E0 0E0 0E0 0E0 0E0 0E0 0E0 0E0 0E0 0E0 0E0 0E0 0E0 0E0 1E0 0E0 0E0 0E0 0E0 0E0 0E0 0E0 0E0 0E0 8.96863E-1 0E0 0E0 0E0 0E0 1.00586E-1 9.6944E-2 6.51731E-2 2.23925E-2 7.01303E-3 1.23346E-2 5.285E-4 7.09674E-3 1.56923E-1 1.37375E-1 1.67143E-1 2.16334E-1 3.74647E-2 1.4719E-2 2.33667E-2 1.42735E-2 8.64677E-3 1.4726E-2 1.05568E-2 -9999 -9999 -9999 1.47254E-3 6.62369E-4 4.61795E-4 2.09229E-5 4.83121E-6 1.13832E-5 1.02894E-5 2.68563E-5 6.86307E-6 -9999 -9999 -9999 -9999 -9999 -9999 -9999 -9999 -9999 -9999 -9999
0E0 0E0 0E0 0E0 0E0 0E0 0E0 0E0 0E0 0E0 0E0 0E0 0E0 0E0 0E0 0E0 0E0 0E0 0E0 0E0 0E0 0E0 0E0 0E0 0E0 0E0 0E0 0E0 7.31283E-1 7.5521E-1 9.47573E-1 9.52411E-1 9.22424E-1 9.23492E-1 0E0 0E0 1.44099E-1 1.072E-1 1.66804E-1 6.22709E-2 1.27714E-2 1.72356E-2 1.78773E-2 2.68348E-2 4.56027E-2 9.29547E-2 1.47181E-1 1.01129E-1 9.77193E-3 9.17907E-3 4.4127E-2 3.15316E-2 2.07798E-2 1.0756E-2 6.83605E-3 -9999 -9999 -9999 8.67912E-5 1.02952E-4 6.12529E-5 3.85674E-5 2.39917E-5 2.46134E-5 7.84556E-5 8.83472E-5 0E0 -9999 -9999 -9999 -9999 -9999 -9999 -9999 -9999 -9999 -9999 -9999
0E0 0E0 0E0 0E0 0E0 0E0 0E0 0E0 0E0 0E0 0E0 0E0 0E0 0E0 0E0 0E0 0E0 0E0 0E0 0E0 0E0 0E0 0E0 0E0 0E0 0E0 0E0 0E0 9.65516E-1 5.01054E-1 2.19745E-1 4.22262E-1 2.32447E-1 4.37383E-1 7.51022E-1 9.5909E-1 6.94693E-2 8.56594E-2 2.0977E-1 1.0828E-1 6.57249E-2 5.04644E-2 2.92873E-2 3.6799E-2 5.47139E-2 4.719E-2 1.85377E-1 1.14573E-1 6.24284E-2 7.09799E-2 1.73501E-1 6.25332E-2 3.28915E-2 2.12013E-2 3.81992E-2 1.4587E-2 1.86199E-3 4.01897E-4 2.76474E-4 6.99246E-5 3.24072E-5 1.22531E-5 2.58204E-5 6.12945E-5 1.92572E-4 1.96776E-5 -9999 -9999 -9999 -9999 -9999 -9999 -9999 -9999 -9999 -9999 -9999 -9999
0E0 0E0 0E0 0E0 0E0 0E0 0E0 0E0 0E0 0E0 0E0 0E0 0E0 0E0 0E0 0E0 0E0 0E0 0E0 0E0 0E0 0E0 0E0 0E0 0E0 0E0 0E0 0E0 0E0 7.52166E-1 1.13581E-1 7.78108E-2 1.28451E-1 1.1592E-1 2.15664E-1 1.51454E-1 4.49078E-3 4.84796E-2 1.40864E-1 1.86642E-1 7.9377E-2 9.57644E-2 8.50987E-2 2.57454E-2 2.44394E-2 4.63751E-2 2.19508E-1 2.17702E-1 1.86984E-1 1.99053E-1 2.44957E-1 1.53521E-1 2.48969E-1 2.8606E-1 5.98798E-2 1.24484E-2 2.70182E-3 8.41873E-4 5.10671E-4 9.95072E-5 1.02157E-4 1.99486E-5 0E0 1.88414E-5 2.52086E-4 2.44758E-4 -9999 -9999 -9999 -9999 -9999 -9999 -9999 -9999 -9999 -9999 -9999 -9999
0E0 0E0 0E0 0E0 0E0 0E0 0E0 0E0 0E0 0E0 0E0 0E0 0E0 0E0 0E0 0E0 0E0 0E0 0E0 0E0 0E0 0E0 0E0 0E0 0E0 0E0 0E0 0E0 0E0 9.97353E-1 8.89179E-1 2.5634E-1 7.40625E-2 3.23461E-2 1.32648E-2 2.4373E-3 3.96829E-3 8.07956E-3 3.8514E-2 6.18016E-2 7.68315E-2 1.6507E-1 1.08635E-1 4.65475E-2 9.79147E-2 7.87203E-2 2.37529E-1 1.96645E-1 2.8946E-1 3.50147E-1 2.41937E-1 3.3995E-1 4.40787E-1 4.69389E-1 3.11268E-1 1.50646E-1 4.64505E-2 1.57465E-2 1.80896E-3 2.83298E-4 2.29085E-5 9.66449E-6 1.15656E-5 1.44E-5 3.57197E-4 6.67347E-4 -9999 -9999 -9999 -9999 -9999 -9999 -9999 -9999 -9999 -9999 -9999 -9999
0E0 0E0 0E0 0E0 0E0 0E0 0E0 0E0 0E0 0E0 0E0 0E0 0E0 0E0 0E0 0E0 0E0 0E0 0E0 0E0 0E0 0E0 0E0 0E0 0E0 0E0 0E0 0E0 0E0 0E0 9.58386E-1 9.09214E-1 6.10297E-1 2.48332E-2 7.94191E-3 1.20595E-2 4.62946E-3 8.23412E-2 8.55722E-2 4.4497E-2 1.90657E-2 2.17301E-2 4.78251E-2 2.79184E-2 4.58789E-2 3.93207E-1 2.08028E-1 2.5862E-1 2.06832E-1 4.25875E-1 3.65791E-1 1.29671E-1 8.80097E-2 7.15637E-2 1.91048E-1 5.55638E-2 9.43991E-3 6.50455E-3 7.42876E-4 3.99978E-5 2.52545E-5 4.56383E-5 1.35883E-4 2.28245E-4 7.61287E-4 -9999 -9999 -9999 -9999 -9999 -9999 -9999 -9999 -9999 -9999 -9999 -9999 -9999
0E0 0E0 0E0 0E0 0E0 0E0 0E0 0E0 0E0 0E0 0E0 0E0 0E0 0E0 0E0 0E0 0E0 0E0 0E0 0E0 0E0 0E0 0E0 0E0 0E0 0E0 0E0 0E0 0E0 0E0 0E0 9.87111E-1 9.82142E-1 7.03604E-1 2.70818E-2 7.31831E-2 3.04507E-1 7.74412E-1 3.87859E-1 1.52169E-1 1.17543E-1 3.98611E-2 5.18472E-2 1.71401E-1 9.41734E-2 2.37241E-1 3.13189E-1 2.74899E-1 3.9518E-1 2.10229E-1 1.56158E-1 2.32751E-1 8.12815E-2 1.0834E-2 2.62723E-2 1.67648E-2 7.72306E-3 1.13651E-3 8.70459E-5 7.26237E-6 8.01906E-6 1.73314E-5 1.43249E-5 4.48684E-5 6.57675E-4 -9999 -9999 -9999 -9999 -9999 -9999 -9999 -9999 -9999 -9999 -9999 -9999 -9999
0E0 0E0 0E0 0E0 0E0 0E0 0E0 0E0 0E0 0E0 0E0 0E0 0E0 0E0 0E0 0E0 0E0 0E0 0E0 0E0 0E0 9.99955E-1 0E0 0E0 0E0 0E0 0E0 0E0 0E0 0E0 0E0 0E0 0E0 0E0 1.77135E-1 3.56454E-1 0E0 8.12421E-1 3.29334E-1 2.13564E-1 1.80173E-1 2.58477E-1 5.88689E-1 7.89595E-1 2.55639E-1 4.02719E-1 2.26234E-1 2.84846E-1 2.49534E-1 1.231E-1 8.6236E-2 9.87905E-2 4.68394E-2 8.93545E-3 5.80308E-3 7.96336E-3 5.08822E-3 1.18345E-4 1.1497E-4 9.84267E-5 5.56949E-5 7.19304E-6 3.3425E-6 7.21305E-6 -9999 -9999 -9999 -9999 -9999 -9999 -9999 -9999 -9999 -9999 -9999 -9999 -9999 -9999
0E0 0E0 0E0 0E0 0E0 0E0 0E0 0E0 0E0 0E0 0E0 0E0 0E0 0E0 0E0 0E0 0E0 0E0 0E0 0E0 0E0 9.9383E-1 0E0 0E0 0E0 0E0 0E0 0E0 0E0 0E0 0E0 0E0 0E0 0E0 8.97604E-1 0E0 0E0 7.08111E-1 1.6264E-1 1.31097E-1 1.63872E-1 4.52178E-1 9.82259E-1 9.28624E-1 3.6956E-1 3.18961E-1 2.59771E-1 2.06113E-1 2.27899E-1 1.23486E-1 1.46757E-2 6.40243E-3 8.92737E-3 4.53848E-3 7.32743E-4 2.53692E-3 1.45745E-3 5.14715E-4 3.96953E-4 5.29018E-5 8.45214E-6 1.38663E-5 1.94204E-5 1.37577E-5 -9999 -9999 -9999 -9999 -9999 -9999 -9999 -9999 -9999 -9999 -9999 -9999 -9999 -9999
0E0 0E0 0E0 0E0 0E0 0E0 0E0 0E0 0E0 0E0 0E0 0E0 0E0 0E0 0E0 0E0 0E0 0E0 0E0 0E0 0E0 0E0 0E0 0E0 9.94538E-1 0E0 0E0 0E0 0E0 0E0 0E0 0E0 0E0 0E0 7.14917E-1 6.96022E-1 6.18731E-1 1.42763E-1 9.90785E-2 1.28118E-1 9.79242E-2 2.03505E-1 3.01379E-1 8.71997E-2 3.53456E-1 3.34505E-1 3.26913E-1 3.88476E-1 2.05522E-1 9.54974E-2 3.68466E-2 1.06238E-2 2.8911E-3 3.28918E-3 1.17691E-3 7.06082E-4 8.07895E-4 2.75114E-4 7.87658E-4 7.5808E-5 1.60483E-4 4.64107E-5 5.38443E-5 6.60215E-5 -9999 -9999 -9999 -9999 -9999 -9999 -9999 -9999 -9999 -9999 -9999 -9999 -9999 -9999
0E0 0E0 0E0 0E0 0E0 0E0 0E0 0E0 0E0 0E0 0E0 0E0 0E0 0E0 0E0 0E0 0E0 0E0 0E0 1E0 0E0 0E0 0E0 0E0 0E0 0E0 0E0 0E0 9.98552E-1 0E0 0E0 9.45267E-1 6.31949E-1 3.17944E-1 6.86534E-2 1.17519E-1 2.33469E-1 7.6564E-2 5.20848E-2 6.57886E-2 5.41958E-2 1.33131E-1 2.46428E-1 2.60571E-1 4.60958E-1 3.0822E-1 5.92215E-1 5.55135E-1 2.73708E-1 1.7022E-1 5.28424E-2 1.94645E-2 1.63884E-3 6.87072E-3 1.20158E-3 2.2047E-3 3.30823E-3 5.95205E-3 2.86444E-3 6.09417E-4 5.8602E-4 5.33063E-4 4.88968E-4 -9999 -9999 -9999 -9999 -9999 -9999 -9999 -9999 -9999 -9999 -9999 -9999 -9999 -9999 -9999
0E0 0E0 0E0 0E0 0E0 0E0 0E0 0E0 0E0 0E0 0E0 0E0 0E0 0E0 0E0 0E0 0E0 0E0 0E0 0E0 0E0 0E0 0E0 0E0 0E0 0E0 0E0 0E0 0E0 0E0 0E0 9.94915E-1 7.89515E-1 8.21654E-1 9.78929E-1 9.42174E-1 8.82981E-1 1.55836E-1 4.10167E-1 1.62793E-1 1.65431E-1 1.97656E-1 3.09513E-1 4.96281E-1 4.30801E-1 4.84562E-1 4.73444E-1 3.10405E-1 2.94439E-1 1.50142E-1 3.97131E-2 1.39262E-2 5.00126E-3 1.26066E-2 9.71983E-3 2.49701E-2 6.18201E-2 8.0344E-3 1.70693E-3 2.81197E-4 4.51104E-4 1.89686E-4 2.15135E-4 -9999 -9999 -9999 -9999 -9999 -9999 -9999 -9999 -9999 -9999 -9999 -9999 -9999 -9999 -9999
0E0 0E0 0E0 0E0 0E0 0E0 0E0 0E0 0E0 0E0 0E0 0E0 0E0 0E0 0E0 0E0 0E0 0E0 0E0 0E0 0E0 0E0 0E0 0E0 0E0 0E0 0E0 0E0 9.71762E-1 0E0 0E0 7.60896E-1 9.99921E-1 9.95649E-1 2.38264E-1 8.07732E-1 9.11025E-1 8.69889E-1 2.98064E-1 7.76593E-2 1.41662E-1 4.27702E-1 7.00048E-1 6.70872E-1 4.79141E-1 8.15828E-1 3.78905E-1 4.60845E-1 2.77879E-1 2.69012E-1 3.13093E-2 4.58385E-2 3.34061E-2 6.61134E-2 1.76983E-2 7.25435E-2 5.00857E-2 1.7085E-2 2.70388E-3 4.59717E-4 5.03892E-4 5.25243E-4 6.26533E-4 -9999 -9999 -9999 -9999 -9999 -9999 -9999 -9999 -9999 -9999 -9999 -9999 -9999 -9999 -9999
0E0 0E0 0E0 0E0 0E0 0E0 0E0 0E0 0E0 0E0 0E0 0E0 0E0 0E0 0E0 0E0 0E0 0E0 0E0 0E0 0E0 0E0 0E0 0E0 0E0 0E0 0E0 0E0 8.68811E-1 9.83597E-1 0E0 0E0 9.11841E-1 9.63484E-1 4.03145E-1 7.07919E-1 8.41463E-1 9.56056E-1 7.67893E-1 2.62689E-1 2.22315E-1 3.51969E-1 6.01407E-1 5.97367E-1 8.50187E-1 6.98492E-1 2.61681E-1 3.99404E-1 5.44323E-1 4.37107E-1 2.30018E-1 2.95754E-1 4.48367E-2 5.40532E-2 1.34169E-1 1.10895E-1 1.92416E-2 8.95498E-4 6.76472E-4 8.47999E-4 7.13313E-4 8.23959E-4 2.06824E-3 -9999 -9999 -9999 -9999 -9999 -9999 -9999 -9999 -9999 -9999 -9999 -9999 -9999 -9999 -9999
0E0 0E0 0E0 0E0 0E0 0E0 0E0 0E0 0E0 0E0 0E0 0E0 0E0 0E0 0E0 0E0 0E0 0E0 0E0 0E0 0E0 0E0 0E0 0E0 0E0 0E0 0E0 0E0 0E0 9.31793E-1 6.91202E-1 5.31363E-1 1.60187E-1 8.2902E-1 5.89514E-1 5.17391E-1 5.93026E-1 8.70911E-1 9.87817E-1 4.23751E-1 3.41053E-1 3.10891E-1 4.08086E-1 4.84016E-1 8.71704E-1 8.4781E-1 7.7588E-1 3.44493E-1 3.44319E-1 6.51378E-1 2.70046E-1 1.76625E-1 3.8145E-1 2.23044E-1 2.95594E-1 4.10438E-2 9.98484E-3 1.25675E-4 9.56548E-5 3.94614E-4 9.29558E-4 9.26688E-4 -9999 -9999 -9999 -9999 -9999 -9999 -9999 -9999 -9999 -9999 -9999 -9999 -9999 -9999 -9999 -9999
0E0 0E0 0E0 0E0 0E0 0E0 0E0 0E0 0E0 0E0 0E0 0E0 0E0 0E0 0E0 0E0 0E0 0E0 0E0 0E0 0E0 0E0 0E0 0E0 0E0 0E0 0E0 9.97312E-1 8.31806E-1 9.58031E-1 6.67794E-2 4.10532E-3 2.43004E-2 7.52901E-1 6.76742E-1 6.78444E-1 4.87498E-1 2.2129E-1 9.20348E-1 9.13515E-1 8.82027E-1 7.49776E-1 6.33839E-1 8.86092E-1 9.48334E-1 7.31061E-1 8.44944E-1 5.26394E-1 6.36081E-1 3.69722E-1 4.29751E-1 2.73249E-1 2.89253E-1 2.4259E-1 1.41841E-1 1.0547E-2 1.14559E-3 3.72764E-5 1.66024E-5 7.71111E-4 1.06422E-3 3.93123E-3 -9999 -9999 -9999 -9999 -9999 -9999 -9999 -9999 -9999 -9999 -9999 -9999 -9999 -9999 -9999 -9999
0E0 0E0 0E0 0E0 0E0 0E0 0E0 0E0 0E0 0E0 0E0 0E0 0E0 0E0 0E0 0E0 0E0 0E0 0E0 0E0 0E0 0E0 0E0 0E0 0E0 0E0 0E0 8.03574E-2 5.75351E-2 3.34672E-2 3.43813E-3 1.56816E-3 8.57979E-3 8.54181E-1 8.87601E-1 8.55172E-1 4.9519E-1 3.30553E-1 6.69513E-1 8.54797E-1 6.46886E-1 8.99749E-1 7.13242E-1 9.69155E-1 8.79831E-1 3.87423E-1 2.28566E-1 1.8163E-1 1.37096E-1 2.08492E-1 4.87017E-1 2.66863E-1 2.20096E-1 6.74307E-2 4.89732E-2 1.77211E-3 6.58566E-4 6.38508E-6 2.56783E-5 8.87532E-5 2.8663E-4 -9999 -9999 -9999 -9999 -9999 -9999 -9999 -9999 -9999 -9999 -9999 -9999 -9999 -9999 -9999 -9999 -9999
0E0 0E0 0E0 0E0 0E0 0E0 0E0 0E0 0E0 0E0 0E0 0E0 0E0 0E0 0E0 0E0 0E0 0E0 0E0 9.41609E-1 9.92266E-1 0E0 0E0 0E0 0E0 0E0 3.56681E-1 3.96216E-2 8.01146E-3 1.63761E-3 2.05994E-4 4.91908E-3 1.62299E-2 7.5317E-1 9.92197E-1 9.5343E-1 2.50696E-1 4.60648E-1 7.01056E-1 9.22042E-1 4.47588E-1 5.88217E-1 7.81364E-1 9.76378E-1 8.51511E-1 3.49893E-1 4.91503E-1 2.31299E-1 1.96765E-1 1.52716E-1 4.39968E-1 1.5767E-1 1.12365E-1 7.23176E-2 1.95962E-2 7.65427E-3 1.69904E-3 1.49825E-5 4.91045E-6 2.24562E-5 6.06999E-4 -9999 -9999 -9999 -9999 -9999 -9999 -9999 -9999 -9999 -9999 -9999 -9999 -9999 -9999 -9999 -9999 -9999
0E0 0E0 0E0 0E0 0E0 0E0 0E0 0E0 0E0 0E0 0E0 0E0 0E0 0E0 0E0 0E0 0E0 0E0 0E0 9.3719E-1 9.82388E-1 0E0 0E0 0E0 0E0 0E0 2.01388E-1 2.99407E-2 3.29848E-2 8.93904E-3 7.19979E-4 7.07056E-3 5.06392E-2 9.56425E-1 5.97234E-1 7.78041E-1 3.47775E-1 6.84574E-1 5.41745E-1 7.85529E-1 7.75963E-1 4.61182E-1 5.12973E-1 7.62641E-1 9.60684E-1 7.73442E-1 4.30347E-1 4.2914E-1 3.71515E-1 8.92991E-2 2.9047E-2 2.44921E-2 1.76923E-2 1.09125E-2 7.14347E-3 2.31027E-3 8.31716E-4 2.67633E-5 2.12171E-5 4.50235E-6 3.05041E-4 -9999 -9999 -9999 -9999 -9999 -9999 -9999 -9999 -9999 -9999 -9999 -9999 -9999 -9999 -9999 -9999 -9999
0E0 0E0 0E0 0E0 0E0 0E0 0E0 0E0 0E0 0E0 0E0 0E0 0E0 0E0 0E0 0E0 0E0 0E0 0E0 0E0 0E0 0E0 0E0 0E0 0E0 0E0 1.13744E-1 5.47229E-2 1.55924E-2 7.32669E-3 3.63103E-4 1.45179E-2 4.29156E-2 3.19659E-1 4.24061E-1 4.68369E-1 4.17725E-1 6.20406E-1 5.26789E-1 4.84336E-1 5.76472E-1 5.14903E-1 4.2735E-1 4.03583E-1 8.30083E-1 9.23415E-1 6.47441E-1 4.18014E-1 3.35684E-1 3.0591E-1 3.43578E-2 4.45393E-3 2.07871E-2 5.79532E-3 1.40315E-3 1.85827E-3 2.32029E-3 1.15696E-4 7.17637E-5 9.9758E-5 1.87942E-4 -9999 -9999 -9999 -9999 -9999 -9999 -9999 -9999 -9999 -9999 -9999 -9999 -9999 -9999 -9999 -9999 -9999
0E0 0E0 0E0 0E0 0E0 0E0 0E0 0E0 0E0 0E0 0E0 0E0 0E0 0E0 0E0 0E0 0E0 0E0 0E0 0E0 0E0 0E0 0E0 0E0 0E0 0E0 2.05629E-2 9.43817E-3 7.55594E-3 2.12399E-3 2.81347E-4 1.22532E-3 3.96296E-2 1.5209E-1 5.39333E-1 5.07313E-1 3.03727E-1 5.59384E-1 4.89535E-1 5.77905E-1 1.2972E-1 4.07788E-1 3.80759E-1 2.06689E-1 4.11734E-1 4.9991E-1 6.64509E-1 6.36013E-1 4.40018E-1 3.01831E-1 3.55551E-2 1.59313E-2 3.15606E-2 1.99337E-2 1.05986E-2 1.05493E-2 7.66551E-3 2.27233E-3 7.21598E-5 4.32927E-4 2.19213E-4 -9999 -9999 -9999 -9999 -9999 -9999 -9999 -9999 -9999 -9999 -9999 -9999 -9999 -9999 -9999 -9999 -9999
0E0 0E0 0E0 0E0 0E0 0E0 0E0 0E0 0E0 0E0 0E0 0E0 0E0 0E0 0E0 0E0 0E0 0E0 0E0 0E0 0E0 0E0 0E0 0E0 0E0 6.63906E-1 6.32351E-2 9.68556E-2 6.26194E-2 5.46293E-3 4.17208E-4 8.06198E-4 2.54928E-2 1.87043E-1 3.93389E-1 4.64918E-1 1.89074E-1 2.15147E-1 3.67386E-1 4.90957E-1 2.20524E-1 3.88433E-1 2.7606E-1 3.01435E-1 3.56035E-1 1.46529E-1 2.54697E-1 1.77798E-1 2.87402E-1 2.38405E-1 1.65458E-1 1.14362E-1 5.10211E-2 4.59105E-2 3.30032E-2 1.57169E-2 1.18923E-2 3.92189E-3 9.54636E-6 8.85747E-6 1.76128E-4 -9999 -9999 -9999 -9999 -9999 -9999 -9999 -9999 -9999 -9999 -9999 -9999 -9999 -9999 -9999 -9999 -9999
0E0 0E0 0E0 0E0 0E0 0E0 0E0 0E0 0E0 0E0 0E0 0E0 0E0 0E0 0E0 0E0 0E0 0E0 0E0 0E0 0E0 0E0 0E0 0E0 0E0 6.51919E-1 6.14461E-2 1.75754E-2 3.60116E-2 3.38214E-3 1.57795E-4 7.95097E-4 3.99276E-2 2.43881E-1 3.06993E-1 1.94734E-1 4.24297E-2 7.18234E-2 2.69009E-1 2.02847E-1 1.88709E-1 3.91205E-1 3.95098E-1 2.59127E-1 2.4247E-1 2.14048E-1 3.53395E-1 3.45019E-1 3.06519E-1 4.2598E-1 1.46637E-1 2.94616E-1 2.21494E-1 3.9456E-1 1.89334E-1 4.44399E-2 1.62913E-2 5.28769E-3 1.52813E-5 1.75883E-5 2.60315E-4 -9999 -9999 -9999 -9999 -9999 -9999 -9999 -9999 -9999 -9999 -9999 -9999 -9999 -9999 -9999 -9999 -9999
0E0 0E0 0E0 0E0 0E0 0E0 0E0 0E0 0E0 0E0 0E0 0E0 0E0 0E0 0E0 0E0 0E0 0E0 0E0 0E0 0E0 0E0 0E0 0E0 0E0 0E0 1.41395E-1 4.20682E-1 8.3259E-2 3.80088E-2 7.4248E-4 7.71826E-5 7.01847E-3 9.81313E-2 6.99272E-1 7.77604E-1 4.62572E-1 5.79786E-1 2.0059E-1 2.44024E-1 6.46553E-2 1.64714E-1 1.6687E-1 3.47491E-1 1.77876E-1 1.1314E-1 2.51479E-1 3.20768E-1 2.6566E-1 2.12297E-1 1.92443E-1 1.60736E-1 1.37158E-1 2.64391E-1 2.2749E-1 1.54034E-1 1.60335E-2 1.79643E-3 2.59689E-5 1.17188E-5 4.6851E-4 -9999 -9999 -9999 -9999 -9999 -9999 -9999 -9999 -9999 -9999 -9999 -9999 -9999 -9999 -9999 -9999 -9999
0E0 0E0 0E0 0E0 0E0 0E0 0E0 0E0 0E0 0E0 0E0 0E0 0E0 0E0 0E0 0E0 0E0 0E0 0E0 0E0 0E0 0E0 0E0 0E0 0E0 7.9128E-1 0E0 1.62907E-1 3.95661E-2 2.83833E-3 8.54408E-4 5.98564E-3 1.10414E-2 8.49308E-2 2.60588E-1 2.64651E-1 3.1993E-1 5.19623E-1 2.12876E-1 1.05293E-1 1.44666E-1 1.63692E-1 2.81923E-1 1.23885E-1 5.66039E-2 1.12432E-1 2.1914E-1 1.63031E-1 2.38756E-1 1.5242E-1 1.77284E-2 1.57068E-2 1.5227E-1 1.42422E-1 4.68993E-2 9.72319E-2 1.43602E-2 2.83056E-3 5.14291E-5 1.24134E-5 6.67741E-5 -9999 -9999 -9999 -9999 -9999 -9999 -9999 -9999 -9999 -9999 -9999 -9999 -9999 -9999 -9999 -9999 -9999
0E0 0E0 0E0 0E0 0E0 0E0 0E0 0E0 0E0 0E0 0E0 0E0 0E0 0E0 0E0 0E0 0E0 0E0 0E0 0E0 0E0 0E0 0E0 0E0 0E0 0E0 7.57266E-1 8.07462E-2 5.97102E-2 1.12792E-2 9.35198E-3 2.11119E-2 8.7863E-2 3.30125E-1 3.75335E-2 4.49439E-2 3.15811E-2 1.84892E-1 1.52693E-1 5.50355E-2 1.24045E-1 6.15692E-2 8.67479E-2 7.72966E-2 2.88291E-2 1.67718E-2 3.31489E-2 2.25385E-2 1.37641E-1 5.02225E-2 7.78415E-3 2.87093E-3 4.76092E-2 1.49315E-2 4.61246E-3 5.6615E-3 1.82756E-3 3.42029E-3 2.39747E-5 7.92452E-5 7.69123E-4 -9999 -9999 -9999 -9999 -9999 -9999 -9999 -9999 -9999 -9999 -9999 -9999 -9999 -9999 -9999 -9999 -9999
0E0 0E0 0E0 0E0 0E0 0E0 0E0 0E0 0E0 0E0 0E0 0E0 0E0 0E0 0E0 0E0 0E0 0E0 0E0 0E0 0E0 0E0 0E0 0E0 0E0 0E0 0E0 6.4223E-2 1.58441E-1 1.25486E-1 3.23706E-2 1.59455E-1 9.67414E-1 3.53026E-1 5.7222E-2 1.44467E-1 1.14865E-1 8.49422E-2 2.82914E-2 2.71717E-2 4.97804E-2 4.04305E-2 6.87512E-2 1.11003E-1 1.09323E-2 5.81009E-3 1.29564E-3 4.25538E-3 1.689E-2 6.89143E-2 3.96966E-2 3.42931E-3 1.02628E-2 4.79977E-3 2.82162E-3 4.02474E-3 1.21747E-4 2.92155E-5 6.00623E-5 2.90339E-4 1.19196E-3 -9999 -9999 -9999 -9999 -9999 -9999 -9999 -9999 -9999 -9999 -9999 -9999 -9999 -9999 -9999 -9999 -9999
0E0 0E0 0E0 0E0 0E0 0E0 0E0 0E0 0E0 0E0 0E0 0E0 0E0 0E0 0E0 0E0 0E0 0E0 0E0 0E0 0E0 0E0 0E0 0E0 0E0 0E0 0E0 0E0 0E0 8.41089E-1 3.99445E-1 9.04125E-1 9.59118E-1 8.40588E-1 5.42493E-1 8.3449E-1 6.30541E-1 8.58147E-2 1.21124E-2 4.01245E-2 1.0765E-2 1.72639E-2 2.01206E-2 2.02226E-2 6.23339E-3 1.0805E-3 8.96522E-4 9.99797E-4 1.60118E-2 3.78657E-2 2.42154E-2 3.93913E-2 7.19364E-3 6.29645E-3 1.53687E-3 1.25664E-3 3.76632E-5 7.94423E-6 5.80419E-5 8.86403E-4 7.97586E-4 -9999 -9999 -9999 -9999 -9999 -9999 -9999 -9999 -9999 -9999 -9999 -9999 -9999 -9999 -9999 -9999 -9999
0E0 0E0 0E0 0E0 0E0 0E0 0E0 0E0 0E0 0E0 0E0 0E0 0E0 0E0 0E0 0E0 0E0 0E0 0E0 0E0 0E0 0E0 0E0 0E0 0E0 0E0 0E0 0E0 0E0 9.70929E-1 6.05653E-1 9.7156E-1 0E0 8.47996E-1 9.7115E-1 0E0 9.97298E-1 8.57681E-1 5.26625E-1 1.39577E-1 1.42531E-2 8.53002E-3 1.27986E-2 4.16738E-2 3.29904E-4 7.85856E-5 4.82356E-4 1.85206E-3 4.92131E-3 7.23524E-3 3.09006E-3 6.73816E-3 5.77318E-3 7.51546E-3 5.33868E-3 3.48445E-4 7.08427E-6 1.60608E-5 2.15186E-4 8.6915E-3 -9999 -9999 -9999 -9999 -9999 -9999 -9999 -9999 -9999 -9999 -9999 -9999 -9999 -9999 -9999 -9999 -9999 -9999
