ENM/Final_Models/M_2_F_lq_Set_1_EC/Gustavia_santanderiensis_2_Choco.asc
ncols         367
nrows         963
xllcorner     -78.6
yllcorner     0.65
cellsize      0.00833333333333323
NODATA_value  -9999
[rows 480 to 511 of 963, columns 216 to 287 of 367]
1E0 1E0 1E0 1E0 1E0 1E0 1E0 1E0 1E0 1E0 9.99997E-1 9.99996E-1 1E0 9.99999E-1 9.99997E-1 1E0 1E0 1E0 9.99999E-1 9.99043E-1 9.97923E-1 9.94313E-1 9.50209E-1 9.56481E-1 9.61197E-1 8.27858E-1 4.98808E-1 5.47362E-1 5.09562E-1 7.89258E-1 5.86194E-1 6.32916E-1 5.92686E-1 5.03916E-1 4.16131E-1 5.21289E-1 2.89469E-1 2.22742E-1 4.84361E-2 1.20747E-1 6.51396E-2 1.87413E-1 5.13748E-1 1.02993E-1 7.02573E-1 8.2443E-1 9.82893E-1 6.99489E-1 9.40525E-2 5.03473E-2 7.51526E-2 3.17164E-1 3.73341E-1 8.95467E-2 1.11619E-1 1.54836E-1 2.64972E-2 3.55429E-3 4.78592E-3 5.81589E-4 6.98749E-5 5.64857E-4 6.27881E-4 1.12496E-3 3.15007E-4 7.53821E-4 1.9314E-3 5.72475E-3 3.26935E-3 5.64995E-3 4.86072E-3 4.62439E-3
1E0 1E0 1E0 1E0 1E0 1E0 1E0 1E0 1E0 1E0 1E0 1E0 1E0 1E0 9.99996E-1 1E0 9.99979E-1 1E0 9.99999E-1 9.99925E-1 9.99961E-1 9.99658E-1 9.64488E-1 8.88927E-1 9.47502E-1 6.7744E-1 9.3568E-1 4.09495E-1 6.00772E-1 8.76062E-1 8.41796E-1 2.17525E-1 1.39203E-1 5.34765E-1 5.97844E-1 8.03866E-1 9.27607E-1 1.04607E-1 2.28207E-1 3.16685E-1 1.89155E-1 9.18233E-2 3.7789E-1 1.5866E-1 2.23551E-1 3.51561E-1 9.35077E-1 9.46902E-1 1.63907E-1 5.17123E-2 1.56703E-1 5.78883E-1 6.37179E-1 1.66371E-1 7.57826E-2 4.97637E-2 6.70856E-3 6.55159E-3 2.97478E-3 5.84864E-4 9.75218E-4 6.51622E-4 8.46908E-4 7.37573E-4 1.46196E-3 6.59986E-3 6.47616E-3 2.92551E-3 7.22675E-3 4.72586E-3 1.74955E-2 3.09591E-2
1E0 1E0 1E0 1E0 1E0 1E0 1E0 1E0 1E0 1E0 1E0 9.99998E-1 1E0 1E0 1E0 1E0 9.99982E-1 9.99998E-1 1E0 9.97526E-1 9.9992E-1 9.99993E-1 9.19175E-1 9.57225E-1 6.91975E-1 7.81905E-1 9.61191E-1 8.97955E-1 9.65244E-1 9.23143E-1 8.89239E-1 8.87464E-1 4.45783E-1 3.69098E-1 3.94438E-1 9.93795E-1 7.79724E-1 9.15622E-1 8.59774E-1 6.6674E-1 2.07793E-1 3.87133E-1 6.47495E-1 3.3974E-1 4.42812E-1 2.74523E-1 8.67169E-1 9.914E-1 5.60421E-1 2.24992E-1 5.25501E-1 7.18065E-1 6.46152E-1 3.9005E-1 2.21022E-1 2.10354E-1 1.48899E-2 4.52366E-3 3.33073E-3 4.99382E-4 3.15261E-4 2.0641E-4 5.77124E-4 9.35059E-4 3.13671E-3 7.45835E-4 2.06635E-3 8.51517E-3 1.30865E-2 9.10333E-3 3.168E-2 2.47877E-2
1E0 1E0 1E0 1E0 1E0 1E0 1E0 1E0 1E0 1E0 1E0 9.99576E-1 1E0 1E0 1E0 1E0 1E0 1E0 1E0 9.99979E-1 9.99631E-1 9.99523E-1 9.99457E-1 8.54923E-1 8.24747E-1 8.35818E-1 9.91289E-1 9.3863E-1 7.0964E-1 8.4624E-1 9.73537E-1 8.94719E-1 9.91697E-1 9.97541E-1 9.95388E-1 9.82311E-1 9.99407E-1 9.93181E-1 8.02206E-1 4.2681E-1 7.46202E-1 9.98353E-1 9.89169E-1 4.30658E-1 2.03346E-1 1.33542E-1 6.12063E-1 6.25325E-1 6.6899E-1 1.23086E-1 9.06534E-2 8.66124E-2 7.62452E-2 6.94172E-2 1.33637E-1 1.03674E-1 6.7071E-2 1.94144E-2 9.06782E-3 5.0465E-4 2.02424E-3 1.08535E-3 8.31456E-4 6.95961E-4 1.65588E-3 3.73622E-3 8.4655E-3 7.76104E-4 1.20717E-2 4.6461E-3 2.16614E-2 3.78141E-2
1E0 1E0 1E0 1E0 1E0 1E0 1E0 1E0 1E0 1E0 1E0 1E0 1E0 9.9998E-1 9.99949E-1 9.9998E-1 9.99998E-1 9.99999E-1 9.98309E-1 9.91591E-1 9.99995E-1 9.99988E-1 9.7656E-1 9.71039E-1 9.84921E-1 8.85139E-1 9.79432E-1 9.52269E-1 7.72543E-1 9.57482E-1 9.96492E-1 9.99798E-1 9.98252E-1 9.99655E-1 1E0 1E0 9.91763E-1 9.98758E-1 9.32155E-1 3.10179E-1 3.82792E-1 9.58356E-1 9.98319E-1 8.88197E-1 7.92028E-1 5.64765E-1 5.07577E-1 1.00579E-1 1.05212E-1 6.73122E-1 1.28391E-1 1.55523E-1 3.31548E-1 3.36643E-1 3.6849E-1 7.2455E-2 1.91216E-2 3.43723E-2 2.32653E-4 3.67654E-3 2.74967E-3 2.5652E-3 3.04645E-3 2.96679E-3 3.49596E-3 6.66116E-3 1.48498E-2 4.82849E-3 8.67634E-3 1.05446E-2 4.59513E-2 2.45019E-2
1E0 1E0 1E0 1E0 1E0 1E0 1E0 1E0 1E0 1E0 1E0 1E0 1E0 9.99999E-1 9.99998E-1 9.99968E-1 9.99992E-1 9.99987E-1 9.71758E-1 9.9991E-1 9.98816E-1 9.99996E-1 1E0 9.99359E-1 9.93463E-1 9.89709E-1 9.77679E-1 9.90176E-1 9.75993E-1 9.94533E-1 9.99959E-1 9.99112E-1 9.96752E-1 9.87205E-1 9.99999E-1 9.99891E-1 1E0 9.99996E-1 9.67767E-1 3.44545E-1 2.39727E-1 6.78098E-1 9.90097E-1 9.68007E-1 3.47602E-1 5.98011E-1 3.64095E-1 1.9439E-1 4.81474E-1 4.15818E-1 3.56582E-1 3.62079E-1 5.10094E-1 3.90335E-1 2.96099E-1 4.98655E-2 1.79815E-2 8.24171E-4 5.01127E-4 1.96426E-3 9.32501E-3 2.14419E-3 3.69858E-3 8.55735E-4 1.66068E-3 1.50334E-2 6.57272E-3 1.57728E-2 1.85538E-2 1.14447E-2 2.58365E-2 3.46976E-2
1E0 1E0 1E0 1E0 1E0 1E0 1E0 9.99995E-1 9.99999E-1 1E0 1E0 1E0 1E0 1E0 1E0 9.99996E-1 9.99999E-1 1E0 9.99996E-1 9.99957E-1 9.99997E-1 9.94657E-1 9.87166E-1 9.85404E-1 9.81181E-1 8.87565E-1 9.4235E-1 9.78684E-1 9.72139E-1 9.91266E-1 9.99824E-1 9.9979E-1 9.99835E-1 1E0 1E0 9.99779E-1 9.93162E-1 9.97888E-1 9.41731E-1 7.41379E-1 5.5572E-1 3.225E-1 3.05889E-1 5.50112E-1 8.56909E-1 2.92954E-1 2.37113E-1 2.4343E-1 2.56972E-1 2.69857E-1 8.4523E-1 2.85884E-1 2.2073E-1 8.47625E-2 5.68201E-2 5.94665E-2 1.25081E-2 2.02436E-3 1.79212E-3 1.88627E-3 1.62468E-3 1.84913E-3 1.03067E-3 2.34333E-3 8.41546E-3 7.42357E-3 2.80725E-2 2.52437E-2 5.3367E-3 1.24425E-2 2.00605E-2 2.2495E-2
1E0 1E0 1E0 1E0 1E0 9.99998E-1 9.99991E-1 9.99993E-1 9.99998E-1 1E0 1E0 1E0 1E0 1E0 1E0 1E0 1E0 9.99998E-1 9.96093E-1 9.97908E-1 9.99987E-1 9.99969E-1 9.98772E-1 9.37273E-1 9.60647E-1 7.82293E-1 7.43774E-1 9.88717E-1 9.84181E-1 9.89049E-1 9.77458E-1 9.95018E-1 9.99705E-1 9.99998E-1 9.99999E-1 9.60224E-1 2.76457E-1 8.82116E-2 1.09455E-1 3.28103E-1 2.97452E-1 1.75494E-1 5.7341E-2 3.15177E-2 8.69929E-2 1.79766E-1 3.98283E-1 1.54815E-1 1.73882E-1 1.33925E-1 4.36576E-1 2.04226E-1 6.77867E-2 4.51373E-2 9.97435E-3 1.03042E-2 1.65401E-2 8.36136E-4 6.78113E-4 9.12161E-3 2.30062E-2 1.32011E-2 4.23267E-3 4.63576E-3 5.84835E-3 1.33613E-2 3.04282E-2 3.21216E-2 4.84717E-2 4.28389E-2 9.23033E-3 7.51164E-3
1E0 1E0 1E0 1E0 1E0 1E0 1E0 1E0 1E0 1E0 1E0 1E0 1E0 1E0 1E0 1E0 1E0 1E0 9.99841E-1 9.90619E-1 9.99982E-1 9.8616E-1 9.89813E-1 9.8656E-1 8.55116E-1 8.17767E-1 7.44413E-1 9.99658E-1 9.83456E-1 9.9777E-1 9.98425E-1 9.99707E-1 9.98032E-1 9.99985E-1 9.99999E-1 9.74219E-1 5.12303E-1 7.26803E-2 4.71108E-2 4.36171E-2 8.70934E-2 3.92062E-2 2.46621E-2 1.54176E-2 1.20252E-1 2.22471E-1 7.03816E-1 4.60984E-1 1.69224E-1 1.14276E-1 5.09363E-1 2.47057E-1 1.66667E-1 7.18356E-2 2.52239E-2 3.79581E-3 2.71253E-4 2.3515E-4 1.08361E-3 9.68711E-3 2.872E-2 3.32514E-2 3.55283E-3 1.07169E-2 3.77169E-2 4.8989E-2 3.62299E-2 2.62328E-2 3.79536E-2 1.79664E-2 1.67434E-2 -9999
1E0 1E0 1E0 1E0 9.99997E-1 1E0 1E0 1E0 1E0 1E0 1E0 1E0 1E0 1E0 1E0 1E0 1E0 1E0 9.99943E-1 9.97262E-1 9.99112E-1 9.93018E-1 9.85265E-1 9.51289E-1 9.9383E-1 8.5847E-1 7.63707E-1 9.76715E-1 9.84935E-1 9.97747E-1 9.99266E-1 9.98838E-1 9.99576E-1 9.99663E-1 9.99988E-1 9.98273E-1 9.96493E-1 9.9801E-1 4.34992E-1 6.09246E-2 2.85115E-2 1.07991E-2 5.33672E-3 1.56427E-2 1.70515E-1 5.15395E-1 7.12936E-1 7.04611E-1 5.68291E-1 2.90816E-1 5.25885E-1 1.5386E-1 6.23544E-2 1.08224E-2 6.06231E-3 1.4392E-3 2.90205E-4 6.37272E-4 1.69056E-3 8.08761E-3 7.13177E-3 1.15722E-2 1.03192E-2 1.57036E-2 7.10683E-2 2.57767E-2 1.35401E-2 7.57118E-3 2.04446E-2 3.52791E-3 9.46108E-3 -9999
1E0 1E0 1E0 1E0 1E0 1E0 9.99999E-1 1E0 1E0 1E0 1E0 1E0 1E0 1E0 1E0 1E0 1E0 1E0 9.9995E-1 9.99657E-1 9.91409E-1 8.96847E-1 9.69676E-1 7.54862E-1 9.48524E-1 9.74405E-1 7.11186E-1 9.97175E-1 9.99949E-1 9.99748E-1 9.99852E-1 9.99999E-1 9.99998E-1 9.92829E-1 9.9991E-1 1E0 9.99976E-1 9.99998E-1 9.99873E-1 9.82868E-1 7.89248E-2 1.11288E-2 9.25572E-3 2.8952E-2 2.2452E-1 6.54787E-1 8.64253E-1 7.76906E-1 5.88901E-1 2.88529E-1 1.50425E-1 1.06748E-1 1.7438E-2 2.30166E-2 7.40481E-4 2.35476E-4 5.24806E-4 2.02573E-3 3.42506E-3 7.54958E-3 1.04852E-2 2.21009E-2 1.02215E-2 5.06124E-2 2.34056E-2 7.79664E-3 6.43088E-3 1.23293E-2 1.64729E-2 5.66887E-3 1.88211E-3 -9999
1E0 1E0 1E0 1E0 1E0 9.99928E-1 1E0 1E0 1E0 1E0 1E0 1E0 1E0 1E0 1E0 1E0 1E0 1E0 1E0 9.97044E-1 9.90521E-1 9.06671E-1 6.98775E-1 7.6093E-1 8.34254E-1 9.88446E-1 7.51488E-1 9.97936E-1 9.99988E-1 9.99115E-1 9.84255E-1 9.26262E-1 9.99259E-1 9.67835E-1 7.43759E-1 7.73905E-1 3.52372E-1 3.64823E-1 6.0651E-1 7.59467E-1 5.13924E-1 6.16839E-2 7.09789E-2 8.86355E-2 3.84291E-1 6.47514E-1 5.04801E-1 2.47937E-1 1.98709E-1 6.97327E-2 2.11012E-2 3.61814E-2 2.64835E-2 5.85746E-4 3.90435E-4 5.41222E-4 1.11711E-3 6.39589E-3 2.89659E-3 2.16331E-2 2.98947E-2 2.6473E-2 6.82053E-2 8.56657E-2 1.25757E-2 9.88004E-3 1.07159E-3 6.81505E-3 1.26481E-3 1.51423E-3 1.59303E-3 -9999
1E0 1E0 1E0 1E0 1E0 9.99849E-1 9.99969E-1 1E0 1E0 1E0 1E0 1E0 1E0 1E0 1E0 1E0 1E0 1E0 9.9888E-1 9.67239E-1 8.67537E-1 8.46513E-1 9.28518E-1 7.23904E-1 9.02477E-1 4.70893E-1 9.51061E-1 9.99969E-1 1E0 9.99999E-1 9.99975E-1 9.99616E-1 9.99949E-1 9.9982E-1 4.61883E-1 1.67047E-1 5.58683E-2 1.03626E-2 8.90034E-3 2.48012E-2 4.34625E-2 7.57221E-3 2.60035E-2 7.11868E-2 8.67517E-2 2.78986E-1 2.22433E-1 9.48778E-2 4.34935E-2 1.48215E-2 3.3602E-3 8.72936E-3 1.02521E-2 3.76117E-4 9.04366E-4 5.38241E-4 5.13627E-3 4.77407E-3 1.67199E-2 2.34942E-2 2.14752E-2 2.16615E-2 1.01957E-2 6.74014E-3 2.11917E-3 5.06184E-3 4.12934E-3 6.91815E-3 2.51286E-3 8.93275E-4 -9999 -9999
1E0 1E0 1E0 1E0 1E0 9.99997E-1 9.9971E-1 1E0 1E0 1E0 1E0 1E0 1E0 1E0 1E0 1E0 1E0 1E0 9.99996E-1 9.96806E-1 9.94609E-1 9.89275E-1 9.80139E-1 9.10797E-1 8.5778E-1 6.93142E-1 9.99902E-1 9.99998E-1 9.9999E-1 9.99997E-1 1E0 9.99821E-1 9.98069E-1 9.99499E-1 9.39435E-1 6.24087E-1 1.38377E-1 1.18473E-2 9.52697E-3 2.33628E-3 5.70481E-3 5.61418E-3 4.7462E-3 9.92554E-3 1.89766E-2 1.21493E-1 1.4236E-1 7.49111E-2 1.0095E-2 5.75645E-3 4.46818E-3 1.0204E-2 3.61489E-4 2.20725E-4 1.04184E-3 1.87998E-3 6.58479E-3 1.69968E-3 1.67835E-2 4.48391E-2 1.90224E-2 2.60378E-3 9.33234E-3 2.36979E-3 3.48309E-3 1.95223E-3 1.1754E-3 1.16541E-3 5.4211E-4 3.56424E-4 -9999 -9999
1E0 1E0 1E0 1E0 9.99999E-1 1E0 9.99981E-1 9.99999E-1 1E0 1E0 1E0 1E0 1E0 1E0 1E0 1E0 1E0 1E0 1E0 9.99973E-1 9.99659E-1 9.68456E-1 9.93859E-1 8.3631E-1 7.20173E-1 9.54457E-1 9.99916E-1 1E0 9.99923E-1 9.99978E-1 9.99793E-1 8.89673E-1 2.22915E-1 7.01195E-1 9.96078E-1 8.58907E-1 2.0555E-1 6.84259E-2 2.29252E-2 1.93929E-3 2.62683E-3 4.00456E-3 4.5518E-3 5.03948E-3 5.32312E-3 6.3565E-2 3.93719E-2 1.39274E-2 1.28804E-2 5.24407E-3 5.65991E-4 1.53767E-3 5.30054E-4 6.51346E-4 7.24469E-4 8.23914E-3 4.6993E-3 1.28535E-3 1.07829E-2 1.26233E-1 1.21265E-2 2.17272E-3 2.99204E-3 5.31005E-3 2.88272E-3 1.29836E-3 2.21246E-3 1.60126E-3 1.45769E-3 1.82476E-4 -9999 -9999
1E0 1E0 1E0 1E0 1E0 1E0 9.99969E-1 9.99985E-1 1E0 1E0 1E0 1E0 1E0 1E0 1E0 1E0 1E0 1E0 1E0 1E0 9.99442E-1 9.88412E-1 9.90536E-1 7.72213E-1 7.90786E-1 9.55512E-1 1E0 9.99997E-1 9.99916E-1 9.88508E-1 4.52255E-1 6.94262E-2 9.18144E-2 3.60572E-1 9.48226E-1 1.82687E-1 1.2478E-1 4.01707E-2 2.07506E-2 4.94397E-3 6.13303E-3 5.76437E-3 7.91557E-3 1.50668E-2 9.87579E-3 2.08625E-2 2.92648E-3 1.94845E-3 9.82028E-4 1.05478E-4 5.95995E-4 5.37218E-3 3.86847E-3 7.96846E-3 5.50252E-3 1.84683E-3 4.17265E-3 8.17488E-4 4.68313E-2 7.19359E-2 4.25014E-3 4.07081E-3 3.67371E-3 1.06045E-3 1.7935E-3 1.97088E-3 1.3991E-3 3.3928E-3 9.16942E-4 -9999 -9999 -9999
1E0 1E0 1E0 1E0 1E0 1E0 1E0 1E0 1E0 9.99999E-1 1E0 1E0 1E0 1E0 1E0 1E0 1E0 1E0 1E0 1E0 9.96871E-1 9.9883E-1 9.96366E-1 9.95402E-1 9.99886E-1 9.99945E-1 9.99992E-1 9.99789E-1 9.9735E-1 9.39118E-1 4.97619E-1 1.15425E-1 1.74219E-1 6.4676E-1 8.58432E-1 5.2865E-1 3.15025E-1 1.19085E-1 3.18912E-2 1.94707E-2 4.12018E-2 4.08087E-2 4.9506E-2 4.9142E-2 2.4292E-2 3.06844E-3 8.03815E-4 6.21949E-5 4.69662E-4 1.00862E-3 1.19517E-3 8.17453E-3 3.44997E-3 1.03031E-2 7.26856E-3 8.31431E-3 1.06975E-2 4.61176E-3 6.45341E-2 2.30845E-2 1.1548E-2 1.06443E-2 2.06038E-3 2.8411E-3 9.00234E-4 5.40323E-3 6.25413E-3 6.04014E-4 9.90792E-4 -9999 -9999 -9999
1E0 1E0 1E0 1E0 1E0 1E0 1E0 1E0 9.99993E-1 9.99999E-1 9.99857E-1 9.99399E-1 9.99958E-1 1E0 1E0 1E0 1E0 1E0 1E0 1E0 9.99991E-1 9.98437E-1 9.99984E-1 9.99885E-1 9.99959E-1 9.99996E-1 1E0 9.99969E-1 9.9985E-1 9.90741E-1 8.70746E-1 9.77418E-1 9.98377E-1 9.99995E-1 9.99648E-1 9.98897E-1 9.99622E-1 9.78582E-1 4.65321E-1 1.90263E-1 3.46428E-1 1.15209E-1 2.3003E-2 2.7655E-2 5.77349E-3 1.31463E-3 2.1773E-4 1.85685E-4 3.05049E-4 2.01717E-3 5.44934E-3 2.2602E-2 7.79258E-3 9.11915E-3 6.48009E-3 5.15617E-3 3.10224E-3 3.20957E-2 3.0486E-2 4.29333E-2 2.07188E-2 1.47607E-2 2.2087E-3 3.56316E-3 3.95224E-3 9.4548E-3 3.72723E-3 2.65873E-3 2.92696E-3 -9999 -9999 -9999
1E0 1E0 1E0 1E0 1E0 1E0 1E0 1E0 9.99998E-1 9.99922E-1 1E0 1E0 9.99995E-1 1E0 1E0 1E0 1E0 1E0 1E0 1E0 9.99485E-1 9.99349E-1 9.99583E-1 9.99994E-1 9.99994E-1 9.99994E-1 9.99996E-1 1E0 1E0 9.97373E-1 9.88787E-1 9.99733E-1 9.99967E-1 9.96864E-1 9.99028E-1 9.9869E-1 9.50771E-1 7.79982E-1 5.84452E-2 1.66329E-2 1.8659E-2 5.60488E-2 1.24806E-2 3.39363E-3 8.79929E-3 6.17784E-4 2.06143E-4 7.17094E-4 2.62027E-3 3.92569E-3 1.45415E-2 1.42978E-2 2.25621E-2 4.18251E-3 7.99225E-3 1.53884E-3 2.88407E-2 4.93738E-2 4.16303E-2 1.27498E-2 6.07179E-3 4.02251E-3 2.90729E-3 4.53697E-3 7.02662E-3 6.56511E-3 4.30713E-3 1.97862E-2 2.71645E-2 -9999 -9999 -9999
1E0 1E0 1E0 1E0 1E0 1E0 1E0 1E0 1E0 1E0 9.99995E-1 9.99991E-1 9.99985E-1 9.99965E-1 9.99999E-1 9.99997E-1 1E0 1E0 1E0 9.99998E-1 9.9885E-1 9.95921E-1 9.99995E-1 9.99994E-1 9.99976E-1 9.99992E-1 9.99999E-1 1E0 1E0 9.99995E-1 9.99995E-1 9.99995E-1 9.998E-1 9.9473E-1 8.7949E-1 9.28444E-1 9.315E-1 6.94784E-1 4.60495E-2 5.55036E-3 1.57675E-2 2.0625E-2 7.84755E-3 1.92291E-3 9.14022E-3 1.4247E-2 6.54832E-3 3.8119E-3 5.6971E-3 1.31659E-2 4.50499E-3 3.29654E-3 2.24667E-2 1.24189E-2 1.36226E-2 1.72064E-2 9.51487E-2 1.92697E-2 9.95523E-3 1.01225E-2 5.40722E-3 1.11731E-2 1.1411E-2 1.63174E-3 8.76759E-3 4.94342E-3 1.39341E-2 2.12735E-2 -9999 -9999 -9999 -9999
1E0 1E0 1E0 1E0 1E0 1E0 1E0 1E0 1E0 1E0 1E0 1E0 9.99999E-1 9.99995E-1 9.99999E-1 9.99999E-1 9.99985E-1 9.99992E-1 1E0 9.99999E-1 9.59148E-1 9.88751E-1 9.95567E-1 9.99175E-1 9.99999E-1 9.99994E-1 9.99985E-1 9.99956E-1 9.99999E-1 9.99996E-1 9.99977E-1 9.9608E-1 6.23825E-1 2.43618E-1 7.78495E-2 5.64458E-2 6.7999E-2 3.35884E-2 3.19315E-2 3.25177E-2 2.99656E-2 4.70072E-3 1.90165E-3 2.39999E-3 1.17922E-2 3.02506E-2 8.38477E-2 9.62268E-3 3.04028E-2 2.77073E-2 1.09169E-2 2.43424E-2 6.52058E-2 8.14097E-2 5.0398E-2 2.91328E-2 3.37884E-2 7.06305E-3 2.6587E-3 8.45703E-3 2.28277E-2 2.07024E-2 7.97749E-3 4.6431E-3 2.44247E-3 2.1331E-3 3.74973E-3 8.83273E-3 -9999 -9999 -9999 -9999
1E0 1E0 1E0 1E0 1E0 1E0 1E0 1E0 1E0 1E0 1E0 1E0 9.99999E-1 9.99539E-1 9.99998E-1 1E0 1E0 9.99977E-1 1E0 9.99983E-1 9.86542E-1 8.64079E-1 9.98382E-1 9.98354E-1 9.99933E-1 9.99935E-1 9.99995E-1 9.99954E-1 9.9107E-1 9.39611E-1 9.49045E-1 6.23294E-1 1.68199E-1 7.1442E-2 2.05939E-2 1.526E-2 4.97095E-2 1.69824E-2 7.40012E-3 5.45151E-3 1.17743E-2 1.80567E-3 6.04594E-3 1.93644E-2 2.06908E-2 5.11675E-2 9.73274E-2 5.07026E-2 1.06076E-2 2.41475E-2 1.37846E-2 1.06406E-1 8.66397E-2 3.69161E-2 1.27383E-2 5.98696E-3 3.74071E-3 4.17212E-3 5.46483E-4 1.03936E-2 1.29917E-2 1.40083E-2 9.16041E-3 7.9936E-3 3.08725E-3 5.88939E-3 5.22629E-3 8.63238E-3 -9999 -9999 -9999 -9999
1E0 1E0 1E0 1E0 1E0 1E0 1E0 1E0 1E0 1E0 9.99997E-1 9.99999E-1 9.99998E-1 1E0 1E0 1E0 1E0 1E0 1E0 1E0 9.60366E-1 8.52236E-1 9.94413E-1 9.99978E-1 9.99938E-1 9.99998E-1 1E0 9.99881E-1 9.81407E-1 8.04347E-1 4.41363E-1 1.08726E-1 8.78873E-2 4.20496E-2 1.32416E-2 1.02789E-2 2.58143E-2 9.92136E-3 1.06372E-2 5.92199E-3 4.07765E-3 4.95712E-3 6.4393E-3 1.78896E-2 4.64838E-2 1.57983E-2 1.40595E-1 5.69812E-2 1.20668E-2 4.72561E-2 3.94446E-2 4.29045E-2 5.36008E-2 4.20433E-2 7.46171E-2 8.0728E-3 1.15092E-2 1.0586E-2 1.45295E-2 1.0587E-2 9.14791E-3 4.89776E-3 3.60428E-3 1.83736E-3 3.38916E-3 8.46243E-3 5.14275E-3 -9999 -9999 -9999 -9999 -9999
1E0 1E0 1E0 1E0 1E0 1E0 1E0 1E0 1E0 1E0 1E0 1E0 1E0 1E0 1E0 9.99919E-1 9.99988E-1 9.99984E-1 9.99987E-1 9.99992E-1 9.92841E-1 9.89384E-1 9.99995E-1 1E0 1E0 1E0 1E0 9.9999E-1 9.79154E-1 9.96363E-1 9.11483E-1 9.53673E-1 2.52702E-1 5.21726E-2 9.90655E-3 1.1544E-2 1.48557E-2 2.11692E-2 1.8412E-2 2.93729E-2 2.90555E-2 1.36614E-2 1.5137E-2 3.1557E-2 7.37676E-2 2.56836E-2 1.20704E-1 1.06601E-2 5.86656E-2 1.20508E-1 4.45174E-2 1.51227E-3 1.94175E-2 2.08187E-2 5.6667E-3 5.6077E-3 4.32327E-3 2.21426E-2 3.79156E-2 2.62399E-3 6.22039E-3 3.09918E-3 1.05697E-3 1.68255E-3 3.29745E-3 8.63602E-3 -9999 -9999 -9999 -9999 -9999 -9999
1E0 1E0 9.99999E-1 1E0 9.99895E-1 1E0 9.99995E-1 1E0 1E0 1E0 1E0 1E0 1E0 9.99999E-1 1E0 1E0 1E0 1E0 1E0 9.99998E-1 9.9998E-1 1E0 1E0 1E0 1E0 9.99946E-1 9.99995E-1 9.99919E-1 9.9993E-1 9.99855E-1 9.69729E-1 9.57814E-1 9.78857E-2 2.50413E-2 2.27005E-2 1.84737E-2 3.73405E-2 5.26862E-2 5.35537E-2 2.64438E-2 1.02622E-1 9.29909E-2 2.4024E-2 5.05879E-2 5.30158E-2 1.15797E-1 6.28497E-2 3.90452E-1 1.8411E-1 1.13529E-1 3.18813E-2 7.59798E-3 2.00328E-3 2.52794E-3 2.10838E-3 1.84972E-3 2.29676E-3 2.67609E-3 1.33179E-3 6.56845E-3 6.99356E-3 9.13465E-4 3.98737E-4 9.7087E-4 1.62677E-3 -9999 -9999 -9999 -9999 -9999 -9999 -9999
1E0 1E0 9.99999E-1 1E0 1E0 1E0 1E0 1E0 1E0 1E0 1E0 9.99999E-1 9.99876E-1 9.99785E-1 9.99924E-1 9.99748E-1 9.99961E-1 9.99996E-1 9.99999E-1 9.99995E-1 9.99997E-1 9.99985E-1 9.99996E-1 1E0 1E0 1E0 9.99969E-1 9.96352E-1 9.99972E-1 9.98747E-1 8.70586E-1 3.93015E-1 7.52596E-2 2.18861E-2 2.24491E-2 2.06728E-2 1.51963E-1 2.97161E-1 9.59777E-2 6.76302E-2 1.32345E-1 1.23205E-1 1.52336E-1 4.99105E-2 6.25271E-2 4.72811E-2 3.51237E-1 2.49928E-1 5.83159E-2 6.39235E-2 3.83161E-2 3.8081E-3 8.34064E-3 6.94548E-4 5.84561E-4 6.04506E-3 5.12696E-4 1.03044E-3 6.54578E-3 2.68317E-3 1.65129E-3 1.19713E-3 5.23175E-4 5.96599E-4 -9999 -9999 -9999 -9999 -9999 -9999 -9999 -9999
1E0 1E0 9.99602E-1 1E0 1E0 1E0 1E0 1E0 1E0 1E0 1E0 1E0 1E0 1E0 1E0 1E0 9.99742E-1 9.94227E-1 9.99759E-1 9.99992E-1 9.99995E-1 9.99999E-1 9.99982E-1 1E0 1E0 1E0 1E0 9.99982E-1 9.99988E-1 9.99954E-1 9.57627E-1 7.81653E-1 2.49994E-1 5.46322E-2 1.81104E-2 2.24555E-2 3.21359E-1 5.156E-1 6.52603E-2 6.24166E-2 6.66751E-2 1.77964E-1 5.74144E-2 2.75381E-2 6.96647E-2 2.52143E-1 2.83375E-1 1.84589E-1 1.07832E-2 8.64027E-3 7.6382E-3 8.27726E-2 2.85187E-2 4.27281E-3 3.81326E-4 1.84794E-4 6.85824E-4 1.19539E-3 1.02679E-3 9.45841E-4 1.49408E-3 4.34102E-4 -9999 -9999 -9999 -9999 -9999 -9999 -9999 -9999 -9999 -9999
9.99999E-1 9.99947E-1 9.99825E-1 1E0 1E0 1E0 1E0 1E0 1E0 1E0 1E0 1E0 1E0 1E0 1E0 1E0 9.99759E-1 9.86761E-1 9.89687E-1 9.97374E-1 9.99999E-1 9.99988E-1 9.99989E-1 1E0 1E0 1E0 9.99997E-1 9.99871E-1 9.98811E-1 9.54772E-1 6.22944E-1 5.46819E-1 1.48603E-1 4.42669E-2 6.42957E-2 5.63905E-2 6.49918E-1 6.43315E-1 1.03086E-1 5.87371E-2 4.06415E-2 4.88405E-2 5.06117E-2 2.28533E-1 1.8696E-2 3.51792E-1 1.70856E-1 1.59742E-2 1.30812E-2 6.80098E-3 1.52351E-2 1.57581E-2 2.21307E-3 2.13109E-3 2.12486E-4 1.16028E-4 3.2602E-4 1.83476E-3 8.47604E-4 6.03978E-4 5.88977E-4 -9999 -9999 -9999 -9999 -9999 -9999 -9999 -9999 -9999 -9999 -9999
1E0 1E0 1E0 1E0 9.99986E-1 1E0 9.99998E-1 1E0 9.99998E-1 1E0 1E0 1E0 1E0 1E0 1E0 1E0 9.99999E-1 9.99737E-1 9.99973E-1 9.99063E-1 9.99998E-1 9.99996E-1 1E0 9.99999E-1 9.99998E-1 9.99714E-1 9.99955E-1 9.89856E-1 9.95846E-1 9.63177E-1 3.02182E-1 2.62086E-1 1.07043E-1 1.23483E-1 4.53509E-1 5.52353E-1 9.50332E-1 5.40558E-1 1.90042E-1 7.94031E-2 9.84213E-2 3.56995E-2 8.60491E-2 5.64216E-2 1.99332E-1 3.20943E-1 2.51706E-1 1.80224E-2 1.51764E-2 3.58191E-2 1.67733E-2 3.23478E-3 1.1696E-4 5.00713E-5 3.83309E-5 2.34258E-4 9.45557E-4 1.30026E-3 1.78774E-3 7.08098E-4 -9999 -9999 -9999 -9999 -9999 -9999 -9999 -9999 -9999 -9999 -9999 -9999
9.99971E-1 9.99986E-1 9.99829E-1 1E0 9.99874E-1 9.99996E-1 9.99991E-1 9.99999E-1 9.99966E-1 9.99844E-1 1E0 1E0 1E0 1E0 9.99999E-1 1E0 1E0 9.9967E-1 9.99624E-1 1E0 9.99823E-1 9.99987E-1 1E0 9.99999E-1 9.99994E-1 9.96641E-1 9.91942E-1 8.90054E-1 8.50532E-1 9.2918E-1 8.80041E-1 5.97329E-1 2.66396E-1 1.36931E-1 5.10782E-1 7.43204E-1 7.18403E-1 6.45342E-2 7.00744E-2 1.5953E-2 2.47143E-2 1.39993E-1 1.43261E-1 1.01811E-1 6.20932E-2 3.77707E-2 3.38476E-2 4.20523E-2 9.11217E-2 8.91393E-2 3.21131E-2 9.64212E-4 5.40838E-4 1.01124E-4 3.20595E-4 8.54151E-4 2.68847E-3 1.51074E-3 2.08597E-3 -9999 -9999 -9999 -9999 -9999 -9999 -9999 -9999 -9999 -9999 -9999 -9999 -9999
9.99945E-1 9.99123E-1 1E0 9.99999E-1 9.99999E-1 9.99799E-1 9.99797E-1 1E0 9.99949E-1 9.99985E-1 9.99557E-1 9.99979E-1 9.99978E-1 9.95284E-1 9.99996E-1 9.99999E-1 9.84225E-1 9.9929E-1 9.99763E-1 9.99999E-1 9.99999E-1 9.99984E-1 9.99995E-1 9.99718E-1 9.84547E-1 7.31218E-1 3.57273E-1 4.73304E-1 8.14047E-1 9.67509E-1 9.6514E-1 7.94606E-1 5.52004E-1 1.00591E-1 1.38063E-1 5.91596E-2 1.85197E-2 1.04198E-1 7.77441E-2 1.49292E-1 3.34545E-1 2.72179E-1 1.08261E-1 9.69894E-3 5.84019E-3 2.10585E-2 2.12008E-2 4.03751E-2 5.59708E-2 1.47206E-2 3.02409E-2 8.44222E-3 5.01682E-4 2.8348E-4 2.23503E-4 1.23488E-3 3.49986E-3 1.99594E-3 -9999 -9999 -9999 -9999 -9999 -9999 -9999 -9999 -9999 -9999 -9999 -9999 -9999 -9999
1E0 9.97945E-1 9.99043E-1 9.99319E-1 9.99956E-1 1E0 1E0 1E0 9.99884E-1 1E0 9.99988E-1 9.99997E-1 9.99691E-1 9.99937E-1 9.99978E-1 9.99994E-1 1E0 9.99995E-1 9.98483E-1 9.99983E-1 1E0 1E0 9.99999E-1 9.99963E-1 9.97322E-1 7.49666E-1 2.67927E-1 6.04448E-1 9.60723E-1 9.99629E-1 9.97236E-1 9.12986E-1 1.60381E-1 3.41036E-1 1.61759E-1 6.13293E-2 2.58903E-1 2.38168E-1 2.85471E-1 2.05307E-1 1.26336E-2 9.81575E-3 1.10767E-1 7.25706E-2 4.03699E-2 2.03899E-2 7.26788E-2 5.66474E-2 2.15697E-2 7.80682E-3 7.85106E-3 3.08393E-3 4.50037E-4 7.62845E-4 4.09621E-4 1.08276E-3 4.45325E-3 -9999 -9999 -9999 -9999 -9999 -9999 -9999 -9999 -9999 -9999 -9999 -9999 -9999 -9999 -9999
