ENM/Final_Models/M_2_F_lq_Set_1_EC/Gustavia_santanderiensis_8_Choco.asc
ncols         367
nrows         963
xllcorner     -78.6
yllcorner     0.65
cellsize      0.00833333333333323
NODATA_value  -9999
[rows 198 to 230 of 963, columns 225 to 299 of 367]
1E0 1E0 1E0 1E0 9.96769E-1 9.61461E-1 8.9646E-1 9.90558E-1 1E0 1E0 1E0 1E0 1E0 9.99999E-1 9.99998E-1 9.99997E-1 1E0 1E0 1E0 1E0 9.94572E-1 7.93288E-1 9.03266E-1 9.98181E-1 9.37549E-1 9.39169E-1 8.86462E-1 5.55129E-1 7.77484E-1 9.99969E-1 1E0 1E0 1E0 9.99999E-1 7.36906E-1 2.09291E-1 3.65835E-1 5.19431E-1 6.12848E-1 4.19991E-1 1.26225E-1 3.2487E-2 8.27857E-2 1.86461E-2 1.2645E-2 2.73364E-3 5.18361E-3 2.79134E-3 5.59032E-3 5.2825E-3 6.74777E-3 1.44177E-4 1.098E-4 2.93458E-4 3.56685E-5 2.2072E-4 3.63093E-5 3.73342E-5 1.18553E-4 6.26935E-4 1.41594E-3 6.73112E-4 4.14951E-4 8.17363E-4 4.74242E-4 1.14747E-4 2.07901E-5 1.79112E-5 1.36076E-5 2.02898E-5 3.08362E-5 3.03602E-5 1.39386E-5 3.26967E-5 9.31888E-5
1E0 1E0 1E0 1E0 1E0 1E0 1E0 1E0 9.99892E-1 9.99851E-1 1E0 1E0 1E0 1E0 1E0 9.99996E-1 1E0 1E0 1E0 1E0 9.53955E-1 6.42717E-1 9.21505E-1 9.42341E-1 9.84566E-1 9.83956E-1 9.40828E-1 8.54163E-1 9.08462E-1 9.99937E-1 1E0 1E0 1E0 9.97923E-1 9.41796E-1 7.36822E-1 4.90723E-1 3.50252E-1 4.56127E-1 4.54223E-1 3.34405E-1 1.52483E-1 9.07954E-2 7.18025E-2 3.74796E-2 3.68171E-2 4.48418E-3 1.83813E-2 7.37598E-3 4.80246E-4 1.93829E-4 7.89681E-4 9.77382E-5 9.72174E-5 1.12118E-4 5.09364E-4 1.0866E-3 1.10602E-3 1.85171E-4 5.31395E-4 6.65488E-4 5.73586E-4 2.70174E-4 2.57988E-4 1.20886E-4 2.44326E-5 2.43479E-5 7.79374E-6 6.34838E-6 7.99803E-6 1.3975E-5 8.7737E-6 2.81732E-5 1.30441E-5 1.05894E-4
1E0 1E0 1E0 1E0 1E0 1E0 1E0 1E0 1E0 9.99535E-1 9.99999E-1 1E0 1E0 1E0 1E0 1E0 1E0 1E0 1E0 9.99998E-1 9.99944E-1 9.99109E-1 9.98632E-1 9.99352E-1 9.9994E-1 9.99601E-1 9.90896E-1 9.32381E-1 9.97465E-1 1E0 1E0 1E0 1E0 9.99924E-1 9.83569E-1 6.68143E-1 9.10995E-1 9.18618E-1 8.13816E-1 8.62625E-1 7.63763E-1 4.29725E-1 1.73994E-1 3.08031E-1 1.66077E-1 4.40191E-2 3.87378E-2 7.23057E-2 7.06375E-3 1.52907E-3 1.42112E-3 2.04316E-4 5.61619E-5 1.62705E-5 3.18524E-5 4.69531E-4 1.11953E-3 1.80117E-3 1.04383E-3 1.0784E-4 3.10728E-4 6.11344E-4 1.59286E-4 1.72366E-4 5.48359E-5 1.24132E-4 5.24244E-4 3.4136E-4 7.38864E-5 7.29504E-5 2.20531E-5 3.19485E-5 1.30574E-5 2.14937E-5 2.05907E-5
1E0 1E0 1E0 1E0 1E0 1E0 1E0 1E0 1E0 1E0 1E0 1E0 1E0 1E0 1E0 1E0 1E0 1E0 1E0 1E0 1E0 1E0 1E0 1E0 1E0 1E0 1E0 9.99998E-1 1E0 1E0 9.99991E-1 9.99996E-1 9.99998E-1 9.71455E-1 9.44845E-1 9.13969E-1 9.84624E-1 9.85778E-1 9.05524E-1 8.74699E-1 8.92127E-1 9.37249E-1 5.30797E-1 3.87169E-1 2.28986E-1 1.65039E-1 2.04376E-1 2.70226E-1 2.5821E-1 3.15939E-3 1.22527E-4 1.10313E-4 3.27088E-4 3.91626E-5 5.80596E-5 7.06695E-5 9.74624E-5 6.07546E-4 1.58442E-4 4.64269E-4 3.06399E-4 6.98645E-4 8.39359E-4 1.69907E-4 3.9534E-4 2.11051E-4 2.48445E-4 8.08109E-5 5.38248E-5 1.30098E-4 3.86398E-5 4.00427E-5 8.64618E-5 9.75162E-5 1.1403E-5
1E0 1E0 1E0 1E0 1E0 1E0 1E0 1E0 1E0 1E0 1E0 1E0 1E0 1E0 1E0 1E0 1E0 1E0 1E0 1E0 1E0 1E0 1E0 1E0 1E0 1E0 1E0 1E0 1E0 9.99999E-1 9.99893E-1 9.98079E-1 9.99566E-1 9.08685E-1 8.19888E-1 8.64134E-1 9.89489E-1 9.94539E-1 9.96386E-1 9.76659E-1 9.83952E-1 9.80734E-1 9.88574E-1 6.02139E-1 5.03634E-1 4.58221E-1 1.40264E-1 5.29291E-1 3.64268E-1 1.33578E-2 3.24084E-4 1.651E-4 2.48651E-5 5.34186E-5 1.56584E-4 4.42242E-4 5.58239E-5 1.19811E-4 3.3093E-4 3.52479E-4 1.63551E-4 6.74192E-4 5.57972E-4 3.77748E-4 1.09678E-4 7.03576E-5 7.84855E-5 1.94633E-5 2.51234E-5 1.977E-5 6.12184E-5 1.01085E-4 1.01625E-4 1.16133E-4 1.04342E-5
1E0 1E0 1E0 1E0 1E0 1E0 1E0 1E0 1E0 1E0 1E0 1E0 1E0 1E0 1E0 1E0 1E0 1E0 1E0 1E0 1E0 1E0 1E0 1E0 9.99993E-1 9.99984E-1 9.99948E-1 1E0 9.99959E-1 9.98986E-1 9.80297E-1 9.99382E-1 1E0 7.57339E-1 5.16985E-1 9.80301E-1 9.949E-1 9.99996E-1 9.99999E-1 9.99999E-1 9.96991E-1 9.99413E-1 9.93903E-1 8.11876E-1 7.16504E-1 8.37431E-1 1.33476E-1 3.13994E-1 4.61372E-1 5.98411E-2 8.00218E-4 5.55123E-4 1.24169E-4 4.50033E-5 5.58992E-4 1.45761E-3 1.42653E-4 1.56257E-4 3.72895E-4 8.97957E-4 5.35961E-5 6.17557E-5 9.72361E-5 1.39924E-4 6.45405E-5 2.62546E-4 1.45486E-4 2.29193E-5 5.26942E-6 1.41666E-5 7.51064E-5 6.33317E-4 2.44128E-4 4.44134E-5 8.02777E-6
1E0 1E0 1E0 1E0 1E0 1E0 1E0 1E0 1E0 1E0 1E0 1E0 1E0 1E0 1E0 1E0 1E0 1E0 1E0 1E0 1E0 9.98091E-1 1E0 1E0 9.99963E-1 1E0 1E0 9.99016E-1 8.46784E-1 6.63634E-1 9.79412E-1 9.99266E-1 9.99991E-1 9.07353E-1 6.7204E-1 9.12565E-1 9.99449E-1 1E0 1E0 1E0 9.98605E-1 9.9439E-1 9.97555E-1 9.91698E-1 9.46758E-1 9.53463E-1 2.99491E-1 3.09481E-1 5.48655E-1 1.79551E-1 7.84189E-3 2.87571E-3 7.36632E-5 1.15091E-4 9.71271E-6 2.67826E-4 2.39418E-4 4.56882E-4 7.90251E-4 1.60806E-3 9.54621E-4 1.78084E-4 9.85307E-5 4.13764E-5 6.52111E-5 6.29582E-5 9.41854E-5 2.96945E-5 2.89993E-5 1.73048E-5 2.8749E-5 1.52019E-4 2.46131E-4 7.25453E-5 7.31413E-6
1E0 1E0 1E0 1E0 1E0 1E0 1E0 1E0 1E0 1E0 1E0 1E0 1E0 1E0 1E0 1E0 1E0 1E0 1E0 1E0 1E0 9.97776E-1 7.68672E-1 5.66755E-1 4.52349E-1 9.68804E-1 9.79834E-1 7.15691E-1 3.60206E-1 4.83397E-1 9.78189E-1 9.97241E-1 1E0 9.96991E-1 5.15918E-1 3.18856E-1 5.54316E-1 9.46446E-1 1E0 9.99992E-1 8.64794E-1 9.74153E-1 9.51219E-1 8.90381E-1 9.08498E-1 9.36185E-1 4.54461E-1 4.00841E-2 2.60116E-1 1.32072E-1 2.53768E-2 5.80561E-3 1.98216E-3 6.97591E-5 5.50748E-5 7.80169E-5 3.13345E-4 7.38627E-4 6.80502E-4 1.92548E-3 2.04848E-3 3.72645E-4 1.5494E-4 5.24515E-5 1.59425E-5 6.465E-5 4.69943E-5 9.48469E-5 1.29601E-4 9.98896E-5 2.2744E-4 7.73045E-5 9.52387E-5 7.00211E-4 8.25936E-5
1E0 1E0 1E0 1E0 1E0 1E0 1E0 1E0 1E0 1E0 1E0 1E0 1E0 1E0 1E0 1E0 1E0 1E0 1E0 1E0 1E0 1E0 9.99731E-1 9.75321E-1 3.52823E-1 4.2268E-1 6.0059E-1 9.59282E-1 3.76723E-1 2.05086E-1 9.39992E-1 9.99947E-1 9.99271E-1 9.99726E-1 4.18322E-1 9.34397E-2 1.13869E-1 6.63646E-1 8.8356E-1 8.16142E-1 8.34218E-1 5.18032E-1 8.26256E-1 7.81419E-1 9.94499E-1 9.84408E-1 8.80555E-1 2.94153E-1 4.17723E-2 1.63404E-1 7.15906E-3 1.79879E-4 1.8218E-3 4.44557E-4 4.98291E-5 4.32964E-5 7.94437E-5 3.30265E-4 1.62359E-4 1.25925E-3 1.01676E-3 6.01064E-4 2.79357E-4 1.3165E-4 9.22439E-5 1.24661E-4 2.7501E-4 6.85031E-5 4.40697E-4 9.27796E-5 5.33789E-4 2.7679E-4 1.65798E-4 5.63042E-4 3.10574E-4
1E0 1E0 1E0 1E0 1E0 1E0 1E0 1E0 1E0 1E0 1E0 1E0 1E0 1E0 1E0 1E0 1E0 1E0 1E0 1E0 1E0 9.99992E-1 9.99953E-1 9.37245E-1 4.05885E-1 1.61888E-1 1.61634E-1 4.38768E-1 1.92958E-1 2.44042E-1 8.98008E-1 9.99995E-1 9.97928E-1 9.99899E-1 6.84527E-1 1.75986E-1 1.778E-1 3.61613E-1 3.48955E-1 4.32148E-1 4.90201E-1 7.48073E-1 8.10446E-1 7.04255E-1 9.5905E-1 8.81056E-1 3.93155E-1 1.42764E-1 1.28937E-1 2.25081E-1 8.18516E-3 5.1507E-4 4.37654E-4 4.70537E-5 8.24839E-5 9.24246E-5 2.74113E-5 4.5682E-4 7.00888E-4 8.62309E-4 1.23112E-3 7.84554E-4 1.03434E-3 1.4144E-3 3.57951E-4 1.39473E-4 5.4361E-5 8.20655E-4 1.58085E-4 2.07865E-4 5.05933E-4 1.09901E-3 1.00479E-3 2.26077E-4 5.85563E-4
1E0 1E0 1E0 1E0 1E0 1E0 1E0 1E0 1E0 1E0 1E0 1E0 1E0 1E0 1E0 1E0 1E0 1E0 1E0 1E0 1E0 9.99039E-1 9.99981E-1 6.0146E-1 1.79119E-1 6.36463E-2 9.93681E-2 4.02988E-1 2.77821E-1 3.41215E-1 7.22141E-1 9.85754E-1 9.99999E-1 9.99999E-1 6.72203E-1 6.90706E-1 6.40735E-1 8.29848E-1 4.7866E-1 3.3843E-1 4.87284E-1 6.02142E-1 3.62897E-1 2.3612E-1 7.53582E-1 6.83017E-1 3.55416E-1 4.58415E-1 6.19258E-2 8.11484E-2 5.21498E-3 6.59634E-4 2.54349E-4 8.96222E-5 7.18726E-4 3.65588E-4 1.08411E-4 8.15627E-4 6.59715E-4 1.78468E-3 1.48145E-3 3.53889E-4 1.46935E-3 4.74509E-4 4.20689E-4 1.84405E-3 1.09796E-3 2.87416E-3 2.87982E-3 3.55752E-4 8.0942E-5 1.52238E-5 1.3411E-5 2.03201E-5 4.44369E-5
1E0 1E0 1E0 1E0 1E0 1E0 1E0 1E0 1E0 1E0 1E0 1E0 1E0 1E0 1E0 1E0 1E0 1E0 1E0 9.99984E-1 9.99995E-1 1E0 9.99982E-1 7.31494E-1 6.03482E-1 2.59645E-1 3.64278E-1 3.75559E-1 3.14431E-1 7.81155E-1 4.42924E-1 9.9998E-1 1E0 1E0 9.97793E-1 9.28855E-1 9.70601E-1 9.98608E-1 9.66745E-1 7.18441E-1 6.59297E-1 4.23317E-1 3.56572E-1 9.6905E-2 5.76948E-1 5.08528E-1 7.01043E-1 4.38247E-1 5.33119E-2 2.23739E-2 2.44779E-3 1.32747E-3 7.32939E-4 4.21928E-4 1.16354E-4 3.45844E-4 4.76896E-5 4.6768E-4 5.92208E-4 7.49392E-4 1.4178E-3 3.81932E-4 4.5815E-4 3.06929E-4 3.34638E-4 7.25391E-4 3.25955E-4 4.79488E-4 3.73973E-4 7.8484E-5 3.27081E-5 2.52465E-5 1.91193E-5 1.91292E-5 2.16532E-5
1E0 1E0 1E0 1E0 1E0 1E0 1E0 1E0 1E0 1E0 1E0 9.99894E-1 9.67575E-1 9.71672E-1 1E0 1E0 1E0 1E0 1E0 1E0 9.99404E-1 9.99995E-1 9.94975E-1 8.78679E-1 8.23934E-1 5.25175E-1 6.45468E-1 4.56065E-1 3.1824E-1 7.01291E-1 9.66678E-1 9.99988E-1 1E0 9.99995E-1 9.95213E-1 9.41115E-1 9.98348E-1 9.989E-1 9.88488E-1 9.37581E-1 8.98797E-1 3.99515E-1 1.85577E-1 2.99915E-2 4.00439E-1 2.88941E-1 3.24557E-1 2.50629E-1 7.16519E-2 2.9163E-2 5.47643E-4 6.38258E-4 2.23828E-3 1.38012E-4 6.3132E-5 5.76121E-4 2.52588E-4 3.50622E-4 4.59276E-4 4.57386E-4 1.17739E-3 3.33885E-4 6.33185E-4 8.19167E-5 3.45204E-4 1.00484E-3 4.55401E-4 1.43027E-4 1.55324E-4 5.28266E-5 1.21976E-4 1.11232E-4 9.96213E-6 2.5366E-5 2.15515E-5
1E0 1E0 1E0 1E0 1E0 1E0 1E0 1E0 1E0 1E0 1E0 9.99344E-1 8.97577E-1 9.69115E-1 9.99999E-1 1E0 1E0 1E0 1E0 9.99943E-1 9.74312E-1 9.86233E-1 8.92862E-1 7.95943E-1 6.97322E-1 8.5182E-1 6.86043E-1 3.30967E-1 3.43189E-1 8.26286E-1 9.29623E-1 9.98912E-1 1E0 9.99949E-1 9.93356E-1 9.93331E-1 9.96801E-1 9.99004E-1 9.8197E-1 9.05199E-1 7.5321E-1 6.66228E-1 3.70984E-1 3.83327E-2 5.7402E-2 2.30753E-1 1.78036E-1 2.28919E-1 4.16863E-2 1.26232E-2 3.02395E-5 1.67152E-4 6.09238E-4 1.35155E-4 5.28598E-5 2.18418E-5 1.5462E-4 1.74167E-4 6.23591E-4 6.33989E-4 1.76485E-3 6.52168E-4 2.30289E-4 3.53166E-4 9.30576E-4 7.4505E-4 4.56503E-4 6.82066E-4 7.29484E-4 2.59652E-4 3.06853E-4 2.14619E-4 5.12412E-5 3.31204E-5 1.32744E-5
1E0 1E0 1E0 1E0 1E0 1E0 1E0 1E0 1E0 1E0 1E0 9.98228E-1 9.71825E-1 9.99918E-1 1E0 1E0 1E0 1E0 1E0 9.96834E-1 9.52073E-1 9.90282E-1 9.36002E-1 6.43969E-1 9.31716E-1 9.99262E-1 9.96191E-1 9.75133E-1 9.97095E-1 9.99914E-1 9.99983E-1 9.99507E-1 1E0 9.99985E-1 9.96794E-1 9.77999E-1 9.88825E-1 9.99044E-1 6.9673E-1 5.97382E-1 4.82351E-1 9.20874E-1 3.82577E-1 3.92575E-1 3.04751E-1 3.47548E-1 1.69106E-1 1.33072E-1 3.89594E-2 7.446E-4 7.86254E-5 8.94274E-5 5.678E-5 5.5465E-5 8.90805E-5 2.77098E-4 2.45376E-4 7.84577E-4 1.71352E-3 1.69183E-3 1.30807E-3 6.21271E-4 4.90159E-4 4.21422E-4 3.11833E-4 1.66029E-3 1.02002E-3 1.53677E-4 4.92502E-4 6.80764E-4 9.40147E-5 4.72195E-5 4.77911E-5 5.89248E-5 2.23308E-5
1E0 1E0 1E0 1E0 1E0 1E0 1E0 1E0 1E0 1E0 9.99958E-1 9.71425E-1 9.43487E-1 9.80943E-1 9.99821E-1 1E0 1E0 1E0 1E0 9.89953E-1 9.83029E-1 9.91773E-1 9.2442E-1 9.83079E-1 9.99936E-1 1E0 9.99997E-1 9.99969E-1 9.99999E-1 1E0 9.99906E-1 9.99899E-1 9.96096E-1 9.86445E-1 9.74004E-1 9.08479E-1 9.19439E-1 9.90999E-1 9.51587E-1 6.66892E-1 5.09791E-1 6.89385E-1 8.16977E-1 7.47347E-1 6.41436E-1 1.48619E-1 3.9134E-2 6.51965E-3 2.85307E-3 5.39054E-4 7.62933E-4 4.07313E-4 1.58181E-4 1.83848E-4 5.73687E-4 1.43291E-4 4.16342E-4 5.65169E-4 1.07654E-3 3.60007E-3 2.45721E-3 1.69342E-3 3.54514E-4 1.00421E-4 9.53813E-5 2.95587E-4 9.82888E-5 2.67121E-4 1.12899E-3 2.96955E-4 4.62473E-5 1.69553E-5 2.47046E-5 4.76589E-5 1.73136E-5
1E0 1E0 1E0 1E0 1E0 1E0 1E0 1E0 1E0 1E0 9.54375E-1 4.86015E-1 7.89261E-1 9.74877E-1 9.99993E-1 1E0 1E0 1E0 1E0 9.75766E-1 9.94764E-1 9.98959E-1 9.89609E-1 1E0 9.99803E-1 9.99988E-1 9.99835E-1 9.99864E-1 9.99973E-1 9.99159E-1 9.94936E-1 9.91007E-1 9.9972E-1 9.93645E-1 9.8981E-1 9.84605E-1 9.66487E-1 9.80643E-1 7.23594E-1 4.07235E-1 4.05373E-1 3.75784E-1 6.99084E-1 8.66952E-1 5.59488E-1 3.72657E-1 1.1222E-1 1.84876E-2 7.30296E-3 2.48064E-4 1.67306E-4 3.50007E-4 1.42565E-4 3.63056E-4 1.69731E-4 2.65831E-5 6.33724E-4 2.70548E-3 4.6324E-3 4.24606E-3 2.46302E-3 2.24282E-3 8.58766E-4 3.07609E-4 1.84605E-4 2.35479E-4 1.66674E-4 1.2809E-4 1.54809E-3 8.34157E-4 1.0988E-4 5.52331E-5 4.71446E-5 9.62456E-5 2.14065E-5
1E0 1E0 1E0 1E0 1E0 1E0 1E0 1E0 1E0 9.86274E-1 1.42476E-1 6.62603E-2 2.02336E-1 7.95451E-1 9.98161E-1 1E0 1E0 1E0 1E0 9.91045E-1 9.42936E-1 9.73775E-1 9.96496E-1 9.99999E-1 9.99865E-1 9.99775E-1 9.9334E-1 9.99396E-1 9.98275E-1 9.99257E-1 9.98755E-1 9.23347E-1 9.87635E-1 9.68999E-1 9.14945E-1 9.59776E-1 9.48352E-1 8.31209E-1 6.54874E-1 3.8793E-1 3.25423E-1 2.99336E-1 3.02805E-1 7.82534E-1 1.93521E-1 2.29328E-2 5.93602E-2 1.66505E-3 2.2598E-3 1.7192E-3 3.83453E-4 1.02759E-4 6.7589E-5 1.47415E-4 5.76319E-5 2.86946E-4 9.30998E-4 1.98669E-3 3.05077E-3 1.45374E-3 1.45476E-3 2.20771E-3 1.74183E-3 1.57295E-3 7.09775E-4 1.35875E-3 1.26195E-3 2.46159E-3 1.0467E-3 5.06953E-4 1.59071E-4 1.07557E-3 4.06176E-4 6.54463E-4 2.07912E-4
1E0 1E0 1E0 1E0 1E0 1E0 1E0 1E0 9.97422E-1 6.73339E-1 6.64442E-2 2.09018E-2 6.17052E-2 4.11223E-1 9.49698E-1 1E0 1E0 1E0 1E0 9.99995E-1 1E0 9.99961E-1 9.96803E-1 9.90308E-1 8.86596E-1 9.97019E-1 9.80041E-1 9.87486E-1 9.69587E-1 9.90982E-1 9.83931E-1 9.02276E-1 9.32729E-1 9.27742E-1 9.14309E-1 9.63344E-1 9.95611E-1 9.83297E-1 9.63095E-1 5.37529E-1 5.35913E-1 3.58585E-1 7.47072E-1 4.2471E-1 1.18189E-1 4.43117E-3 1.50929E-2 7.50874E-3 1.01548E-3 3.0098E-3 2.17203E-4 8.24074E-5 3.22247E-4 4.1664E-4 8.98681E-5 7.44253E-4 1.44376E-3 3.6977E-3 4.42814E-3 1.64365E-3 1.41121E-3 1.41909E-3 1.0396E-3 9.53909E-4 2.71744E-4 2.05217E-4 3.13554E-4 8.11875E-4 9.40251E-4 1.00947E-3 2.43129E-4 3.80451E-4 4.18775E-4 6.25279E-4 2.60938E-4
1E0 1E0 1E0 1E0 1E0 1E0 1E0 9.84287E-1 9.37573E-1 4.33356E-1 1.36027E-1 2.94794E-2 6.67202E-2 1.1527E-1 8.26303E-1 9.98336E-1 1E0 1E0 1E0 1E0 9.99951E-1 9.94563E-1 9.66233E-1 9.93439E-1 8.89292E-1 9.57886E-1 9.96749E-1 9.96368E-1 9.85344E-1 9.99844E-1 9.84586E-1 9.81729E-1 9.09579E-1 9.28752E-1 9.69771E-1 9.68661E-1 9.88954E-1 9.99398E-1 9.99615E-1 8.83759E-1 6.30147E-1 4.3593E-1 4.62485E-1 5.98446E-1 2.83832E-1 7.24113E-2 3.65319E-2 1.72074E-2 4.88381E-3 7.32822E-3 4.70504E-4 4.93725E-4 9.78489E-5 1.94783E-4 8.6143E-4 4.5561E-5 6.67247E-4 5.15034E-3 4.50105E-3 3.17832E-3 1.48685E-3 1.83465E-3 6.10354E-4 4.83229E-4 3.95655E-4 1.7629E-4 1.34221E-4 2.42185E-4 7.93518E-4 9.92972E-4 1.0079E-3 4.01697E-4 3.19645E-4 5.65803E-4 3.91014E-4
1E0 1E0 1E0 1E0 1E0 1E0 1E0 9.49233E-1 8.24998E-1 6.36935E-1 3.05484E-1 2.46582E-1 1.87225E-1 2.93264E-2 3.51042E-1 9.39113E-1 1E0 1E0 9.99897E-1 9.89103E-1 9.85309E-1 9.49953E-1 9.37181E-1 9.97604E-1 9.98063E-1 9.99965E-1 9.99983E-1 9.97809E-1 9.93215E-1 9.97103E-1 9.99715E-1 9.95627E-1 9.75641E-1 9.129E-1 9.83502E-1 9.69208E-1 9.61186E-1 9.95545E-1 9.97732E-1 8.67881E-1 4.32494E-1 3.96682E-1 4.97639E-1 5.17386E-1 7.00473E-1 5.35137E-1 1.89011E-1 9.19592E-2 6.34977E-3 7.7465E-3 4.15732E-3 7.18069E-4 1.56935E-4 3.42479E-4 7.05142E-5 5.36285E-5 2.37826E-3 2.51746E-3 3.63603E-3 2.8078E-3 2.53569E-3 2.68329E-3 1.16658E-3 8.33433E-4 8.74916E-4 1.13285E-3 2.79831E-4 3.19585E-4 4.31902E-4 7.01405E-4 8.14117E-4 3.19605E-4 3.85146E-4 4.07385E-4 2.43849E-4
1E0 1E0 1E0 1E0 1E0 9.99981E-1 9.99591E-1 9.95308E-1 9.17442E-1 8.05454E-1 7.14575E-1 4.03229E-1 7.76484E-1 6.03382E-1 9.4973E-1 9.66807E-1 9.99831E-1 1E0 9.80453E-1 8.98525E-1 9.37408E-1 9.9197E-1 9.78826E-1 9.87699E-1 9.99728E-1 9.99929E-1 9.99984E-1 9.98843E-1 9.79609E-1 9.92609E-1 9.96038E-1 9.83908E-1 9.84509E-1 8.84167E-1 8.36985E-1 9.6714E-1 9.82808E-1 9.82088E-1 9.84787E-1 6.47053E-1 5.51155E-1 2.94511E-1 6.39971E-1 6.61352E-1 7.84387E-1 6.15449E-1 6.76278E-2 8.02684E-3 7.18446E-4 5.62221E-4 3.18739E-3 3.52355E-3 1.42125E-3 1.85885E-4 3.90255E-5 1.47121E-4 1.15703E-3 1.67741E-3 4.2411E-3 3.87493E-3 4.19622E-3 2.545E-3 3.40253E-3 6.09982E-4 1.81687E-3 3.64615E-3 1.34833E-3 1.14929E-3 4.46341E-4 7.35941E-5 5.1449E-5 1.33712E-4 2.74184E-4 6.71107E-5 1.02826E-4
1E0 1E0 1E0 1E0 1E0 9.99943E-1 9.99998E-1 9.99964E-1 9.99083E-1 9.97086E-1 9.89655E-1 9.03643E-1 7.93104E-1 9.33082E-1 9.96855E-1 9.76027E-1 9.98372E-1 9.99749E-1 9.87608E-1 9.68136E-1 9.75958E-1 7.96646E-1 7.92634E-1 9.52316E-1 9.88572E-1 9.95999E-1 9.98902E-1 9.99337E-1 9.84069E-1 9.7345E-1 9.49105E-1 9.73586E-1 9.86565E-1 9.72641E-1 8.88851E-1 9.84918E-1 9.82907E-1 9.94847E-1 6.9889E-1 3.65357E-1 6.23806E-1 4.62624E-1 9.49459E-1 9.43646E-1 7.39663E-1 5.54662E-1 1.35309E-2 1.19374E-3 3.71365E-4 4.9483E-5 2.73181E-6 2.80959E-5 2.36113E-5 2.89795E-4 1.89882E-4 6.62105E-5 1.3711E-4 3.97971E-3 3.65242E-3 2.4553E-3 1.48357E-3 1.25579E-3 1.38399E-3 1.78838E-4 1.63254E-3 2.10876E-3 6.83959E-4 2.00421E-3 6.93558E-4 4.28517E-5 3.59602E-5 1.27848E-4 1.5035E-4 6.14049E-5 6.59171E-5
9.98974E-1 1E0 1E0 1E0 9.99983E-1 9.96195E-1 9.92735E-1 9.99982E-1 1E0 9.99907E-1 1E0 1E0 9.98935E-1 9.9573E-1 1E0 1E0 9.92778E-1 9.70043E-1 9.65651E-1 9.84586E-1 9.98324E-1 9.7541E-1 9.15726E-1 9.88984E-1 9.99577E-1 9.84948E-1 9.9933E-1 9.8793E-1 9.54286E-1 9.40293E-1 9.49364E-1 8.46639E-1 9.64257E-1 9.62123E-1 8.41627E-1 9.1693E-1 9.71972E-1 9.90638E-1 6.55095E-1 1.47414E-1 2.26104E-1 1.58108E-1 6.21805E-1 9.2796E-1 7.56063E-1 5.15482E-2 7.07184E-3 2.02017E-3 1.66451E-3 5.25501E-5 1.00863E-5 2.26711E-5 5.21748E-5 3.39085E-5 4.06308E-5 8.57972E-5 1.67881E-4 3.40023E-4 1.4295E-3 4.00354E-3 3.18245E-3 1.74648E-3 2.13114E-3 5.76699E-4 8.71168E-4 2.17982E-3 1.69167E-3 1.49558E-3 4.33925E-3 7.31802E-4 7.439E-5 9.72464E-5 9.07495E-5 3.16217E-5 6.4433E-5
9.96848E-1 1E0 9.99999E-1 9.99999E-1 9.3843E-1 9.94732E-1 8.37004E-1 9.99991E-1 1E0 1E0 1E0 1E0 1E0 1E0 1E0 1E0 9.9997E-1 9.65719E-1 9.94202E-1 9.67181E-1 9.99354E-1 9.99719E-1 9.81141E-1 9.40345E-1 9.88949E-1 9.99124E-1 9.95583E-1 9.93134E-1 9.81815E-1 9.89214E-1 9.77721E-1 5.8346E-1 9.1404E-1 9.48694E-1 8.26125E-1 8.83591E-1 9.40252E-1 9.21547E-1 8.05844E-1 9.70466E-2 1.10433E-1 1.71038E-1 5.60033E-1 9.75435E-1 7.92626E-1 3.40425E-2 8.72823E-2 4.35721E-3 1.19308E-3 5.17961E-4 1.71154E-4 3.63452E-5 5.76587E-5 7.86922E-5 4.4622E-5 8.92283E-5 1.98207E-4 4.52521E-5 2.2502E-3 4.09307E-3 2.53205E-3 2.22114E-3 5.28165E-3 1.03372E-3 3.3615E-4 6.99915E-4 7.14072E-4 1.00545E-3 3.70236E-3 2.78942E-3 2.80733E-4 1.83505E-4 1.37644E-4 3.50483E-5 6.1594E-5
9.99997E-1 9.99998E-1 9.95914E-1 9.97459E-1 9.97948E-1 9.97149E-1 9.99923E-1 9.99992E-1 1E0 1E0 1E0 1E0 1E0 1E0 1E0 1E0 1E0 9.69298E-1 9.7959E-1 9.60225E-1 9.97132E-1 9.95913E-1 9.85328E-1 9.77569E-1 9.91393E-1 9.89645E-1 9.93156E-1 9.76807E-1 9.90095E-1 9.7792E-1 9.58911E-1 7.07852E-1 9.8485E-1 7.97518E-1 8.2021E-1 9.54196E-1 9.64275E-1 9.09151E-1 9.08961E-1 1.9209E-1 1.7808E-1 4.69627E-1 4.58975E-1 9.14967E-1 6.57249E-1 5.07377E-2 4.59419E-2 1.0588E-2 5.03273E-3 5.47254E-3 1.77777E-3 2.90233E-4 4.83331E-5 7.70866E-5 1.05529E-4 3.48574E-4 1.34591E-3 8.28751E-5 3.43998E-3 4.97752E-3 5.97775E-3 7.43856E-3 6.99027E-3 8.42006E-4 6.91134E-4 6.13392E-4 9.11768E-4 9.14103E-4 2.09797E-3 1.86968E-3 5.90396E-4 1.60403E-4 1.88292E-4 2.30945E-4 4.57796E-5
9.99521E-1 9.99812E-1 9.71824E-1 9.9847E-1 9.99763E-1 9.99999E-1 1E0 1E0 1E0 1E0 1E0 1E0 1E0 1E0 1E0 1E0 1E0 9.8974E-1 9.79727E-1 9.77389E-1 9.97565E-1 9.97372E-1 9.5971E-1 9.55834E-1 9.91004E-1 9.97091E-1 9.9586E-1 9.95863E-1 9.9506E-1 9.52569E-1 8.5627E-1 8.03257E-1 9.71725E-1 6.99155E-1 9.39686E-1 9.97527E-1 9.93601E-1 9.91424E-1 9.28235E-1 5.08437E-1 5.92727E-1 7.52931E-1 8.54037E-1 8.91001E-1 7.9527E-1 3.30371E-2 2.00173E-3 5.42737E-3 9.29378E-3 2.94351E-3 2.81684E-4 2.32378E-4 3.91959E-5 4.55983E-5 9.61708E-5 2.54719E-4 8.0904E-5 8.52588E-4 9.60487E-3 2.83221E-3 1.77394E-3 1.92382E-3 4.18699E-3 1.44537E-3 1.89536E-4 7.85701E-4 6.78177E-4 1.4719E-3 2.82489E-3 1.55225E-3 2.41798E-3 5.9027E-4 1.4842E-4 2.15793E-4 1.66959E-4
9.9219E-1 9.93744E-1 9.99727E-1 1E0 1E0 1E0 9.99989E-1 9.99954E-1 1E0 1E0 1E0 1E0 1E0 1E0 1E0 1E0 9.99753E-1 9.96682E-1 9.97462E-1 9.92949E-1 9.98785E-1 9.99742E-1 9.72231E-1 9.79269E-1 9.45156E-1 9.9526E-1 9.60424E-1 9.43014E-1 9.69948E-1 8.8151E-1 6.82883E-1 9.55689E-1 9.50685E-1 9.64105E-1 9.47797E-1 9.94807E-1 9.70907E-1 9.83425E-1 9.89092E-1 7.91365E-1 6.5044E-1 7.83034E-1 7.37725E-1 9.64401E-1 8.40171E-1 8.98256E-2 1.12605E-2 9.03272E-4 1.54816E-3 1.97535E-4 5.15322E-5 5.37932E-5 8.1632E-5 6.23299E-5 9.43144E-5 1.54593E-4 3.29743E-4 1.05143E-3 5.04585E-3 2.3965E-3 1.10906E-3 6.38436E-4 4.00332E-3 1.84883E-3 2.01654E-4 9.12065E-4 5.16397E-4 6.30021E-4 9.78476E-4 4.13697E-3 2.5806E-3 6.98679E-4 7.61491E-5 7.77902E-5 1.38318E-4
9.96776E-1 9.93378E-1 9.68693E-1 9.99713E-1 9.99993E-1 1E0 9.99996E-1 9.99506E-1 9.09161E-1 9.95938E-1 9.9973E-1 9.99999E-1 1E0 1E0 1E0 1E0 9.99988E-1 9.98684E-1 9.99871E-1 9.99323E-1 9.99317E-1 9.99772E-1 9.9966E-1 9.99483E-1 9.99973E-1 9.97783E-1 9.81311E-1 9.02523E-1 7.67526E-1 3.30873E-1 6.17299E-1 9.76827E-1 6.83855E-1 7.34717E-1 8.45966E-1 9.40762E-1 9.92215E-1 9.96146E-1 7.60304E-1 4.59709E-1 1.86171E-1 4.5856E-1 8.35154E-1 8.84677E-1 6.3768E-1 1.00358E-2 1.45833E-3 4.62141E-4 3.26614E-4 2.12804E-4 8.46501E-5 2.56228E-5 6.0036E-5 4.35157E-5 6.09781E-5 1.20995E-4 1.66711E-5 4.05213E-4 5.43497E-3 3.93493E-3 3.58967E-3 3.88065E-3 4.90349E-3 1.86634E-3 8.62856E-4 4.86235E-4 9.29579E-4 7.5925E-4 3.484E-3 4.4778E-3 1.4044E-3 6.02052E-4 1.94886E-4 5.8207E-5 7.7666E-5
9.79844E-1 9.94524E-1 9.76995E-1 9.96784E-1 9.94838E-1 1E0 9.99976E-1 9.86866E-1 9.89771E-1 9.34582E-1 9.97864E-1 9.99981E-1 9.97934E-1 9.99996E-1 1E0 1E0 1E0 9.99975E-1 9.97963E-1 9.98047E-1 9.99833E-1 9.9265E-1 9.91725E-1 9.80064E-1 9.69902E-1 9.82037E-1 9.74243E-1 9.60285E-1 7.14344E-1 7.01481E-1 9.69327E-1 9.10489E-1 8.07178E-1 7.66615E-1 9.17212E-1 9.29932E-1 8.12226E-1 9.82544E-1 8.61024E-1 9.02541E-1 3.18438E-1 8.37836E-1 9.28074E-1 9.24597E-1 4.73095E-1 2.3767E-3 6.30368E-4 5.1422E-4 8.05593E-5 3.05638E-5 2.56189E-5 5.23408E-5 1.13711E-4 3.4485E-4 2.72727E-4 1.16718E-4 1.4225E-4 5.8218E-5 6.80376E-4 3.5814E-3 3.77713E-3 5.93934E-3 4.34734E-3 2.0493E-3 1.59045E-3 9.93646E-5 4.37405E-4 6.73455E-3 5.55671E-3 1.55599E-3 1.07482E-3 1.20899E-3 5.62879E-4 3.26216E-4 1.81142E-4
9.85466E-1 9.99122E-1 9.9891E-1 9.99775E-1 1E0 1E0 1E0 9.85999E-1 7.83586E-1 5.34849E-1 5.23685E-1 9.92707E-1 9.46751E-1 9.68743E-1 9.99008E-1 9.99877E-1 9.99991E-1 9.99999E-1 9.99023E-1 9.99873E-1 9.98551E-1 9.93532E-1 9.94367E-1 9.90938E-1 9.75079E-1 9.77483E-1 9.30964E-1 9.9202E-1 9.2815E-1 9.3052E-1 9.39581E-1 8.98483E-1 5.28055E-1 6.03616E-1 9.40171E-1 9.85455E-1 9.53692E-1 9.71041E-1 9.5197E-1 8.89267E-1 4.91146E-1 8.83612E-1 9.41313E-1 7.25654E-1 4.53275E-1 8.46336E-3 7.25298E-4 5.90239E-4 5.89513E-4 3.93432E-5 6.60879E-5 4.03346E-5 8.78243E-5 1.4719E-4 3.95713E-5 8.8928E-5 1.2236E-4 6.507E-4 1.29267E-4 1.30304E-4 9.66217E-4 7.11954E-3 9.68985E-3 1.88869E-3 6.09994E-4 1.56493E-4 2.95926E-4 2.45986E-3 3.86998E-3 5.69907E-4 9.75906E-4 8.11088E-4 2.0478E-3 9.43073E-4 1.62946E-3
9.80121E-1 9.97582E-1 1E0 9.99992E-1 1E0 1E0 1E0 9.63554E-1 9.42292E-1 6.7933E-1 5.00146E-1 7.65986E-1 5.81312E-1 9.25081E-1 9.99825E-1 9.95345E-1 9.99601E-1 1E0 9.99759E-1 9.99907E-1 9.97135E-1 9.92384E-1 9.91685E-1 9.87737E-1 9.66791E-1 9.7195E-1 9.81533E-1 9.98939E-1 9.72091E-1 9.1152E-1 8.36842E-1 9.30424E-1 5.11394E-1 5.66489E-1 6.12886E-1 9.9247E-1 9.99949E-1 9.68888E-1 7.44929E-1 9.56373E-1 5.1825E-1 8.58311E-1 9.37469E-1 8.63753E-1 6.37589E-1 2.07891E-1 2.31571E-1 6.46664E-3 4.41313E-4 6.55696E-4 7.60686E-4 2.5982E-4 1.00486E-5 6.04955E-5 3.46509E-5 3.72563E-5 1.97E-4 1.20805E-3 6.90803E-4 5.59196E-5 2.06915E-4 1.93165E-3 5.9252E-3 1.5694E-3 9.94068E-4 2.73044E-4 1.77922E-4 2.30817E-3 3.56527E-3 1.3784E-3 7.66062E-4 9.39192E-4 7.61596E-4 1.68323E-3 2.13709E-3
8.47099E-1 9.62825E-1 9.99989E-1 9.99998E-1 1E0 1E0 1E0 1E0 9.99954E-1 9.28168E-1 7.2282E-1 4.60242E-1 2.72493E-1 4.97588E-1 8.94798E-1 9.72126E-1 9.90834E-1 9.98625E-1 9.98969E-1 9.99701E-1 9.9464E-1 9.90667E-1 9.74147E-1 9.6631E-1 9.93822E-1 9.52473E-1 9.84625E-1 9.91303E-1 9.31778E-1 9.85787E-1 9.54196E-1 8.57447E-1 6.99952E-1 5.59594E-1 8.5606E-1 9.5958E-1 9.77553E-1 9.27721E-1 9.37783E-1 9.1027E-1 7.21526E-1 8.10775E-1 6.23241E-1 6.57304E-1 8.82146E-1 6.63219E-1 3.87834E-1 5.94162E-3 8.02467E-3 3.00228E-3 6.25769E-4 7.24672E-4 3.22919E-5 2.55986E-4 8.62592E-5 2.96663E-5 6.56722E-4 4.40586E-4 7.7757E-4 7.408E-4 2.8611E-5 1.22501E-4 3.99619E-4 2.35693E-3 2.79694E-3 7.23282E-4 4.95469E-4 9.66703E-4 1.23645E-3 1.44385E-3 1.22059E-3 1.37562E-3 1.67908E-3 1.12344E-3 1.26632E-3
