ENM/Final_Models/M_2_F_lq_Set_1_EC/Gustavia_santanderiensis_Choco_avg.asc
ncols         367
nrows         963
xllcorner     -78.6
yllcorner     0.65
cellsize      0.00833333333333323
NODATA_value  -9999
[rows 510 to 539 of 963, columns 201 to 267 of 367]
9.77482E-1 9.8122E-1 9.83928E-1 9.54926E-1 9.81681E-1 9.93427E-1 9.66324E-1 9.71381E-1 9.92173E-1 9.63062E-1 9.93217E-1 9.9645E-1 9.99021E-1 9.96729E-1 9.98204E-1 9.87536E-1 9.5304E-1 9.92635E-1 9.89073E-1 9.90218E-1 9.69646E-1 9.70096E-1 9.92165E-1 9.74738E-1 9.82572E-1 9.58377E-1 9.74549E-1 9.71425E-1 9.27429E-1 9.86792E-1 9.88652E-1 9.05862E-1 9.53519E-1 9.64602E-1 9.85034E-1 9.9008E-1 9.82545E-1 9.87929E-1 9.6805E-1 9.2423E-1 7.26291E-1 4.13458E-1 5.40429E-1 7.90207E-1 8.96364E-1 8.87193E-1 7.60754E-1 5.86981E-1 1.14921E-1 1.64883E-1 4.70077E-2 1.57032E-2 1.24137E-1 8.55185E-2 2.06976E-1 5.20394E-1 4.57274E-1 1.71402E-1 1.22545E-2 7.40993E-3 2.21862E-2 3.23246E-2 9.33537E-2 1.34092E-1 3.08464E-2 6.15124E-2 2.28337E-2
9.95101E-1 9.97493E-1 9.96455E-1 9.94734E-1 9.88467E-1 9.87231E-1 9.6674E-1 9.79723E-1 9.75292E-1 9.71334E-1 9.70729E-1 9.9598E-1 9.9952E-1 9.99307E-1 9.99415E-1 9.99186E-1 9.6108E-1 9.53422E-1 9.72222E-1 9.89022E-1 9.96152E-1 9.96149E-1 9.91588E-1 9.6903E-1 9.98012E-1 9.82077E-1 9.84478E-1 9.60762E-1 9.71785E-1 9.73956E-1 9.79475E-1 9.90622E-1 9.85112E-1 9.40953E-1 9.75205E-1 9.96679E-1 9.97081E-1 9.91867E-1 9.8237E-1 9.55579E-1 7.71859E-1 3.76093E-1 6.53168E-1 8.96517E-1 9.7014E-1 9.52506E-1 8.5242E-1 1.59571E-1 3.7795E-1 1.89165E-1 5.07344E-2 3.15311E-1 3.07944E-1 4.30243E-1 3.75869E-1 1.37223E-2 1.04364E-2 1.6014E-1 7.68704E-2 5.37814E-2 2.78175E-2 1.23498E-1 1.19664E-1 5.18447E-2 2.07428E-2 1.63193E-2 8.9893E-3
9.97253E-1 9.92017E-1 9.97909E-1 9.96121E-1 9.96406E-1 9.90017E-1 9.92631E-1 9.72883E-1 9.68636E-1 9.89134E-1 9.92942E-1 9.80937E-1 9.74832E-1 9.92038E-1 9.97163E-1 9.97994E-1 9.81191E-1 9.7129E-1 9.73064E-1 9.82732E-1 9.91514E-1 9.95377E-1 9.75363E-1 9.75701E-1 9.97674E-1 9.98701E-1 9.75343E-1 9.43482E-1 9.9028E-1 9.95528E-1 9.93342E-1 9.8749E-1 9.93476E-1 9.41498E-1 9.38853E-1 9.69592E-1 9.92538E-1 9.73818E-1 9.43526E-1 8.27874E-1 5.74918E-1 3.71763E-1 6.85295E-1 9.09652E-1 9.86965E-1 8.82983E-1 2.95432E-1 3.71184E-1 6.91364E-1 7.0658E-1 1.96899E-1 7.49437E-2 8.11015E-2 1.32572E-1 1.86605E-2 8.28783E-3 6.14718E-2 4.53528E-1 7.68343E-1 6.27955E-1 1.77128E-1 1.1079E-1 2.98646E-1 4.56744E-2 1.19455E-3 1.74211E-3 2.99154E-3
9.97504E-1 9.9344E-1 9.98681E-1 9.97198E-1 9.94295E-1 9.91986E-1 9.86898E-1 9.87564E-1 9.79351E-1 9.88783E-1 9.87479E-1 9.88866E-1 9.76313E-1 9.8673E-1 9.94417E-1 9.9607E-1 9.70466E-1 9.97224E-1 9.98536E-1 9.96182E-1 9.99275E-1 9.99445E-1 9.91381E-1 9.84872E-1 9.97701E-1 9.98678E-1 9.50917E-1 9.6505E-1 9.54168E-1 9.42236E-1 9.90872E-1 9.56394E-1 9.92033E-1 9.6355E-1 9.76264E-1 9.65562E-1 9.95612E-1 9.80756E-1 9.41138E-1 8.6348E-1 6.80026E-1 6.26972E-1 8.60006E-1 9.37905E-1 9.49494E-1 7.64012E-1 5.01964E-1 6.25088E-1 4.81126E-1 1.63496E-2 7.48627E-2 1.99595E-2 4.71299E-2 1.01655E-1 1.08916E-1 3.93767E-2 4.00801E-1 6.32697E-2 2.66753E-1 3.18346E-1 1.24237E-1 7.73998E-2 3.06764E-2 8.4621E-3 5.73939E-3 7.50834E-4 1.10067E-3
9.97774E-1 9.96586E-1 9.95412E-1 9.96361E-1 9.97821E-1 9.94165E-1 9.94688E-1 9.88538E-1 9.91554E-1 9.88275E-1 9.96594E-1 9.87518E-1 9.83563E-1 9.8404E-1 9.97595E-1 9.96103E-1 9.97314E-1 9.94431E-1 9.9722E-1 9.9424E-1 9.98517E-1 9.89898E-1 9.96984E-1 9.91181E-1 9.96927E-1 9.97766E-1 9.88501E-1 9.9641E-1 9.91999E-1 9.53067E-1 9.56584E-1 9.90378E-1 9.87791E-1 9.43594E-1 9.5966E-1 9.92332E-1 9.78547E-1 9.90003E-1 9.66096E-1 8.78242E-1 8.97708E-1 8.69998E-1 7.58817E-1 3.28036E-1 6.8024E-1 7.10159E-1 6.99671E-1 7.08616E-1 3.24884E-1 1.52218E-2 1.81031E-1 1.47401E-1 3.83799E-1 4.20246E-1 1.90852E-1 2.96889E-1 7.1342E-1 1.05954E-1 6.53692E-2 6.9259E-2 3.09186E-2 1.52938E-2 6.25151E-3 6.7424E-3 7.36366E-3 5.85827E-4 2.40558E-3
9.93877E-1 9.92822E-1 9.94899E-1 9.92837E-1 9.93192E-1 9.89538E-1 9.93347E-1 9.86321E-1 9.89537E-1 9.92753E-1 9.82198E-1 9.86567E-1 9.82215E-1 9.8991E-1 9.89766E-1 9.9253E-1 9.94188E-1 9.80909E-1 9.95018E-1 9.81716E-1 9.99125E-1 9.98089E-1 9.96944E-1 9.98728E-1 9.97944E-1 9.87511E-1 9.96793E-1 9.97799E-1 9.99062E-1 9.96233E-1 9.51885E-1 9.76623E-1 9.94051E-1 9.63876E-1 9.64532E-1 9.90643E-1 9.91955E-1 9.89815E-1 9.76838E-1 9.06771E-1 9.07499E-1 8.4056E-1 2.00916E-1 1.24729E-1 1.96519E-1 2.01618E-1 5.09693E-1 5.17721E-1 8.02799E-2 3.85363E-2 7.09794E-1 3.7806E-1 1.39561E-1 6.15526E-1 6.76329E-1 2.36887E-1 2.30106E-1 1.7312E-1 7.64777E-2 2.83112E-2 2.95101E-3 2.67706E-3 8.28357E-4 7.79259E-4 2.3611E-3 2.03135E-3 3.83959E-3
9.91546E-1 9.98246E-1 9.89384E-1 9.88723E-1 9.63488E-1 9.78046E-1 9.74405E-1 9.75105E-1 9.82362E-1 9.8343E-1 9.74326E-1 9.86122E-1 9.81894E-1 9.88898E-1 9.9531E-1 9.93641E-1 9.93807E-1 9.97108E-1 9.8355E-1 9.89264E-1 9.99039E-1 9.96686E-1 9.98366E-1 9.97237E-1 9.75784E-1 9.94317E-1 9.87228E-1 9.93741E-1 9.95646E-1 9.90651E-1 9.89216E-1 9.72944E-1 9.94982E-1 9.72068E-1 9.74217E-1 9.90091E-1 9.91991E-1 9.97704E-1 9.79586E-1 9.54471E-1 9.35783E-1 7.72266E-1 7.83869E-1 3.46771E-1 5.72653E-1 9.13499E-1 6.02738E-1 5.18983E-1 3.96428E-1 5.36732E-1 8.61057E-1 3.46541E-1 5.12737E-2 1.02751E-1 6.13913E-2 5.29849E-2 3.20685E-2 3.48373E-2 3.87805E-3 1.61608E-3 7.18629E-3 4.77915E-3 2.0888E-3 4.23868E-3 1.85108E-3 2.27683E-3 3.53149E-3
9.67296E-1 9.93661E-1 9.7512E-1 9.57767E-1 9.74052E-1 9.7163E-1 9.78983E-1 9.73284E-1 9.6799E-1 9.76294E-1 9.83391E-1 9.84841E-1 9.88911E-1 9.92959E-1 9.56663E-1 9.75116E-1 9.89768E-1 9.94527E-1 9.81452E-1 9.97308E-1 9.98448E-1 9.97865E-1 9.98035E-1 9.96884E-1 9.49893E-1 9.68235E-1 9.92914E-1 9.96355E-1 9.96944E-1 9.93558E-1 9.94448E-1 9.88151E-1 9.93932E-1 9.93229E-1 9.86488E-1 9.85746E-1 9.8779E-1 9.98438E-1 9.9574E-1 9.81137E-1 9.65964E-1 9.67199E-1 9.51226E-1 9.03061E-1 7.2683E-1 7.03447E-1 8.0076E-1 9.08956E-1 9.39533E-1 8.67286E-1 5.4144E-1 2.3848E-1 1.39873E-1 2.98725E-1 2.90747E-1 2.80875E-1 2.37762E-1 6.79911E-2 3.51967E-3 3.19501E-3 1.69236E-2 1.53638E-2 1.71038E-3 6.02442E-3 3.13749E-3 6.76273E-3 1.69452E-2
9.70505E-1 9.76079E-1 9.83127E-1 9.70892E-1 9.70285E-1 9.82733E-1 9.83428E-1 9.84821E-1 9.51767E-1 9.44837E-1 9.77389E-1 9.91144E-1 9.76216E-1 9.75104E-1 9.73876E-1 9.81722E-1 9.74057E-1 9.71003E-1 9.95939E-1 9.97794E-1 9.92234E-1 9.92065E-1 9.9372E-1 9.93991E-1 9.82569E-1 9.97232E-1 9.90029E-1 9.86907E-1 9.77573E-1 9.79159E-1 9.93279E-1 9.88645E-1 9.92879E-1 9.97292E-1 9.94434E-1 9.8941E-1 9.77617E-1 9.89844E-1 9.75937E-1 9.55218E-1 9.09424E-1 8.61783E-1 6.11632E-1 6.99547E-1 3.20589E-1 1.78505E-1 3.88862E-1 6.95792E-1 8.38883E-1 8.56954E-1 7.23846E-1 4.11414E-1 9.7853E-3 2.95577E-2 1.016E-1 2.02087E-1 6.53966E-2 1.68617E-2 1.24567E-2 1.55295E-2 2.03406E-2 1.06839E-2 1.48953E-3 5.07557E-2 2.70236E-2 3.01809E-3 5.92747E-3
9.87194E-1 9.93612E-1 9.69057E-1 9.58661E-1 9.76817E-1 9.73811E-1 9.58958E-1 9.51672E-1 9.668E-1 9.6646E-1 9.82175E-1 9.66995E-1 9.85236E-1 9.90551E-1 9.26867E-1 9.25386E-1 9.41097E-1 9.64199E-1 9.85164E-1 9.94445E-1 9.73194E-1 9.84305E-1 9.87363E-1 9.94222E-1 9.94976E-1 9.96317E-1 9.84758E-1 9.35426E-1 9.32786E-1 9.75712E-1 9.95752E-1 9.93314E-1 9.8003E-1 9.69532E-1 9.82535E-1 9.96653E-1 9.89967E-1 9.72206E-1 9.81442E-1 9.89443E-1 9.39814E-1 8.30497E-1 9.8904E-2 5.36589E-2 5.64194E-2 1.78212E-2 6.28881E-2 1.05402E-1 3.16047E-1 7.8786E-1 8.37631E-1 5.67444E-1 1.13883E-1 8.93668E-2 7.81416E-2 9.21354E-2 1.25944E-2 9.84526E-3 2.5759E-2 2.69357E-2 1.7206E-2 5.09249E-3 3.39615E-2 2.16536E-2 1.24169E-2 2.22873E-2 1.68763E-2
9.76747E-1 9.82421E-1 9.75162E-1 9.75857E-1 9.55058E-1 9.60855E-1 9.78927E-1 9.81194E-1 9.26251E-1 9.31601E-1 9.46285E-1 9.67927E-1 9.76011E-1 9.76287E-1 9.10887E-1 9.23053E-1 9.65383E-1 9.98176E-1 9.93363E-1 9.97972E-1 9.95066E-1 9.9345E-1 9.95053E-1 9.95999E-1 9.95453E-1 9.94935E-1 9.93659E-1 9.91602E-1 9.93559E-1 9.50898E-1 9.7147E-1 9.73436E-1 9.95303E-1 9.97291E-1 9.96905E-1 9.95149E-1 9.92819E-1 9.85966E-1 9.57257E-1 9.46172E-1 9.00648E-1 7.01284E-1 7.44899E-2 2.54077E-2 1.34262E-2 1.40576E-2 2.16101E-2 7.46402E-2 3.53377E-1 7.36992E-1 8.70501E-1 6.81602E-1 4.74966E-1 3.7079E-1 8.70043E-2 1.0743E-1 4.1692E-2 3.2938E-2 2.97365E-2 6.44728E-3 1.84056E-2 3.44069E-2 4.2028E-2 2.0197E-3 2.93342E-3 5.31167E-3 4.41369E-3
9.68446E-1 9.71099E-1 9.8612E-1 9.82842E-1 9.51985E-1 9.62149E-1 9.68596E-1 9.4905E-1 8.83552E-1 8.93398E-1 8.57907E-1 9.56778E-1 9.62156E-1 9.72051E-1 9.77795E-1 9.80416E-1 9.30692E-1 9.85084E-1 9.98522E-1 9.99329E-1 9.98027E-1 9.95235E-1 9.89243E-1 9.9655E-1 9.97907E-1 9.95165E-1 9.83807E-1 9.95285E-1 9.89203E-1 9.90684E-1 9.76935E-1 9.73762E-1 9.81344E-1 9.71051E-1 9.74959E-1 9.8213E-1 9.91605E-1 9.94014E-1 9.80207E-1 9.43242E-1 8.82679E-1 9.19845E-1 5.22206E-1 2.15674E-1 3.10825E-2 6.08703E-2 2.09974E-2 3.42317E-2 1.23819E-1 7.04107E-1 6.46711E-1 6.00581E-1 2.3037E-1 1.79322E-1 3.45368E-1 1.93679E-1 2.08297E-1 2.24817E-2 8.79944E-3 1.04043E-2 1.63431E-2 2.076E-2 3.2621E-3 1.1716E-3 3.65124E-3 2.51479E-3 1.10882E-2
9.617E-1 9.76185E-1 9.76469E-1 9.75484E-1 9.80085E-1 9.87174E-1 9.7094E-1 9.6449E-1 9.60085E-1 9.84344E-1 7.87453E-1 9.09624E-1 9.58823E-1 9.7725E-1 9.8139E-1 9.83485E-1 9.74124E-1 9.86941E-1 9.9323E-1 9.95055E-1 9.94579E-1 9.94386E-1 9.82447E-1 9.95917E-1 9.98779E-1 9.9806E-1 9.9872E-1 9.92138E-1 9.84873E-1 9.69923E-1 9.10985E-1 9.7135E-1 9.78037E-1 9.64753E-1 9.63244E-1 9.80445E-1 9.73779E-1 9.67452E-1 9.74822E-1 9.81436E-1 9.3568E-1 8.28614E-1 8.36709E-1 6.93672E-1 2.20285E-1 1.62496E-1 8.16679E-2 5.34395E-2 2.39675E-1 4.74915E-1 2.29192E-1 4.71404E-1 2.04951E-1 8.98255E-2 2.2568E-1 2.21553E-2 2.92796E-2 4.92329E-3 3.31331E-2 3.50444E-2 1.7767E-2 1.02863E-2 6.35978E-3 2.84952E-3 2.11101E-4 9.33645E-3 6.19304E-3
9.68886E-1 9.58295E-1 9.75003E-1 9.83591E-1 9.84897E-1 9.89674E-1 9.85821E-1 9.74635E-1 9.57685E-1 9.41075E-1 9.24755E-1 8.99338E-1 9.43236E-1 9.76759E-1 9.77047E-1 9.46007E-1 9.78507E-1 9.7959E-1 9.84143E-1 9.86755E-1 9.79958E-1 9.71895E-1 9.93867E-1 9.88857E-1 9.79173E-1 9.98519E-1 9.95506E-1 9.96561E-1 9.92598E-1 9.75291E-1 9.34816E-1 9.47676E-1 9.61234E-1 9.73496E-1 9.58274E-1 9.05378E-1 9.79252E-1 9.52875E-1 9.63739E-1 9.64395E-1 9.219E-1 7.83735E-1 9.28741E-1 8.20881E-1 6.35786E-1 4.98714E-1 1.38325E-1 1.31207E-1 1.27931E-1 3.32825E-1 2.01059E-1 1.81872E-1 5.53704E-2 1.57631E-2 5.88983E-2 2.85562E-2 4.57057E-3 4.41702E-3 9.83629E-3 3.89713E-3 3.10644E-3 1.33466E-3 3.83632E-4 1.51546E-3 3.35251E-4 8.70135E-3 9.65967E-3
9.72231E-1 9.58886E-1 9.61425E-1 9.68581E-1 9.79874E-1 9.79851E-1 9.59207E-1 9.64714E-1 9.69358E-1 9.17468E-1 9.40336E-1 9.29326E-1 9.53834E-1 9.58047E-1 9.8918E-1 9.9193E-1 9.86677E-1 9.87658E-1 9.79479E-1 9.67906E-1 9.85506E-1 9.92773E-1 9.85328E-1 9.84378E-1 9.91978E-1 9.93598E-1 9.81712E-1 9.92296E-1 9.84577E-1 9.04259E-1 9.18335E-1 8.8911E-1 9.64811E-1 9.69671E-1 9.51349E-1 9.32631E-1 9.55161E-1 9.61625E-1 9.41822E-1 9.22274E-1 9.04051E-1 9.09625E-1 9.33523E-1 8.07084E-1 6.01175E-1 2.20819E-1 1.98651E-1 6.41032E-2 2.79322E-1 2.58323E-1 3.59918E-2 3.26606E-2 1.22371E-2 1.28371E-2 7.896E-3 1.2193E-2 1.74531E-2 5.13315E-3 3.07599E-3 5.17854E-3 3.03416E-3 3.07519E-4 1.67978E-4 5.82209E-4 1.80616E-3 7.86124E-4 1.32097E-3
9.69833E-1 9.67303E-1 9.68407E-1 9.65916E-1 9.64521E-1 9.77612E-1 9.71861E-1 9.72785E-1 9.71966E-1 9.30752E-1 9.14722E-1 8.8815E-1 9.81855E-1 9.68542E-1 9.77808E-1 9.8944E-1 9.88749E-1 9.86957E-1 9.74749E-1 9.39858E-1 9.83579E-1 9.91645E-1 9.95463E-1 9.9595E-1 9.9055E-1 9.9241E-1 9.95483E-1 9.84467E-1 9.77739E-1 9.74265E-1 9.54742E-1 9.75965E-1 9.77698E-1 9.85814E-1 9.80268E-1 9.7842E-1 9.91768E-1 9.64913E-1 9.84649E-1 9.63796E-1 9.47782E-1 8.96865E-1 9.4462E-1 8.4233E-1 6.59757E-1 2.44094E-1 5.71595E-3 1.72371E-2 3.04746E-2 3.07577E-2 4.20966E-2 2.46068E-2 9.38204E-3 8.46878E-3 1.12809E-2 8.92183E-3 8.7427E-3 6.31439E-3 8.98934E-4 3.37114E-3 6.05332E-3 8.96545E-5 5.40603E-5 6.89728E-4 3.11941E-3 1.95306E-3 2.24023E-3
9.64588E-1 9.80032E-1 9.67316E-1 9.6094E-1 9.69859E-1 9.47542E-1 9.64175E-1 9.65062E-1 9.57145E-1 8.84199E-1 9.05976E-1 9.2294E-1 9.79832E-1 9.69635E-1 9.69282E-1 9.7223E-1 9.66164E-1 9.51129E-1 9.41153E-1 9.38476E-1 9.50493E-1 9.91109E-1 9.97757E-1 9.97368E-1 9.93492E-1 9.94447E-1 9.96855E-1 9.78096E-1 9.833E-1 9.885E-1 9.89947E-1 9.88695E-1 9.86873E-1 9.6413E-1 9.85149E-1 9.84981E-1 9.83966E-1 9.50743E-1 9.61983E-1 9.7917E-1 8.93165E-1 8.58162E-1 9.24563E-1 7.94166E-1 8.25035E-1 4.59539E-1 1.16679E-2 1.27522E-2 4.33493E-3 3.2421E-2 9.63089E-2 8.62659E-3 5.27155E-3 2.06346E-3 1.44099E-3 8.85268E-4 5.23134E-3 2.38443E-3 1.26488E-3 2.55763E-3 2.98378E-3 4.66809E-5 5.75212E-5 1.46058E-3 6.91323E-3 8.229E-4 9.70147E-4
9.6993E-1 9.83589E-1 9.707E-1 9.75244E-1 9.76E-1 9.71918E-1 9.69838E-1 9.65099E-1 9.23206E-1 9.66235E-1 9.37033E-1 9.5025E-1 9.26847E-1 9.62074E-1 9.77087E-1 9.83351E-1 9.76006E-1 9.76485E-1 9.91364E-1 9.94949E-1 9.93649E-1 9.82907E-1 9.96386E-1 9.97066E-1 9.94235E-1 9.8684E-1 9.87956E-1 9.84691E-1 9.85474E-1 9.8816E-1 9.80501E-1 9.77638E-1 9.73475E-1 9.6053E-1 9.76629E-1 9.87012E-1 9.89646E-1 9.50485E-1 9.32438E-1 9.33009E-1 9.01303E-1 8.56501E-1 8.25333E-1 2.59072E-1 1.16262E-1 2.43754E-1 3.42037E-2 1.51676E-2 6.80622E-4 2.25325E-2 1.02857E-2 6.20658E-3 6.81024E-3 8.083E-3 2.20292E-3 4.5577E-4 3.67554E-4 2.07063E-4 5.08982E-4 4.52658E-5 2.00859E-5 9.57623E-5 5.24431E-4 1.95847E-3 3.82508E-3 4.75331E-4 4.82154E-4
9.82004E-1 9.7006E-1 9.76487E-1 9.70058E-1 9.66719E-1 9.71403E-1 9.67995E-1 9.51018E-1 9.28742E-1 9.98245E-1 9.90485E-1 9.73962E-1 9.77093E-1 9.561E-1 9.59752E-1 9.72784E-1 9.73938E-1 9.55757E-1 9.70087E-1 9.91783E-1 9.89487E-1 9.89209E-1 9.7096E-1 9.71569E-1 9.74313E-1 9.69779E-1 9.82613E-1 9.79463E-1 9.8616E-1 9.85079E-1 9.88873E-1 9.44726E-1 9.64341E-1 9.82373E-1 9.74049E-1 9.7676E-1 9.85927E-1 9.52877E-1 9.21565E-1 9.38273E-1 9.10286E-1 9.20307E-1 8.64118E-1 7.66042E-1 6.87664E-1 4.98964E-1 1.94474E-1 2.97177E-2 1.29548E-2 2.98333E-3 1.15436E-3 5.51593E-3 8.46154E-4 3.07524E-3 4.06886E-3 3.87516E-4 2.39346E-5 3.95776E-5 1.3177E-5 3.50585E-6 7.95726E-6 2.11687E-4 6.59839E-4 1.5194E-3 1.75217E-3 1.71266E-3 1.64354E-3
9.50738E-1 9.47082E-1 9.50308E-1 9.71068E-1 9.65771E-1 9.55648E-1 9.57451E-1 9.76433E-1 9.61007E-1 9.98922E-1 9.98856E-1 9.83714E-1 9.76417E-1 9.62281E-1 9.84589E-1 9.8546E-1 9.7932E-1 9.65438E-1 9.83338E-1 9.64316E-1 9.87976E-1 9.7966E-1 9.75989E-1 9.74092E-1 9.82676E-1 9.82419E-1 9.62478E-1 9.46817E-1 9.71662E-1 9.79949E-1 9.88416E-1 9.68149E-1 9.6802E-1 9.8275E-1 9.85926E-1 9.86629E-1 9.21391E-1 9.42399E-1 9.41664E-1 9.09092E-1 9.13077E-1 8.61741E-1 4.82754E-1 7.96469E-2 4.60262E-2 7.98937E-2 5.35607E-2 4.62318E-2 1.38439E-2 3.77457E-3 5.01674E-4 1.86786E-3 3.81616E-4 9.79909E-5 9.21609E-4 1.92699E-4 9.0034E-6 1.11608E-5 8.50316E-6 4.13161E-5 5.20853E-5 1.91472E-4 7.15063E-4 6.80475E-4 1.23631E-3 4.88056E-4 1.46997E-3
9.37096E-1 9.42617E-1 9.20802E-1 9.08017E-1 9.07538E-1 9.27839E-1 9.08587E-1 9.27561E-1 9.66372E-1 9.81274E-1 9.78186E-1 9.61681E-1 9.4E-1 9.74676E-1 9.62395E-1 9.47228E-1 9.56175E-1 9.65409E-1 9.09284E-1 9.91933E-1 9.94566E-1 9.97107E-1 9.87142E-1 9.85566E-1 9.75568E-1 9.80416E-1 9.83057E-1 9.82024E-1 9.58066E-1 9.43625E-1 9.36694E-1 9.59784E-1 9.83184E-1 9.80218E-1 9.37848E-1 8.7302E-1 9.57089E-1 9.09042E-1 8.47885E-1 9.00777E-1 8.87018E-1 8.51547E-1 8.09173E-1 5.08171E-1 3.18447E-1 5.83779E-2 1.75304E-2 5.051E-2 5.80826E-3 9.28733E-4 1.09717E-4 3.55519E-4 4.53352E-4 1.41467E-4 4.15046E-4 7.13912E-5 6.56447E-7 7.0361E-7 1.65022E-6 6.15914E-6 5.8553E-6 1.21309E-4 1.02492E-3 1.62329E-3 6.63536E-4 1.0816E-3 1.80826E-3
9.25562E-1 9.32163E-1 9.59714E-1 9.64348E-1 9.6445E-1 9.74308E-1 9.31758E-1 9.2005E-1 9.73188E-1 9.88382E-1 9.59138E-1 9.55726E-1 9.82064E-1 9.47542E-1 9.33266E-1 9.18379E-1 9.18029E-1 9.29086E-1 9.80112E-1 9.88368E-1 9.79034E-1 9.41556E-1 9.72594E-1 9.42793E-1 9.82339E-1 9.6178E-1 9.8238E-1 9.74398E-1 9.72617E-1 9.66604E-1 9.69767E-1 9.698E-1 9.5416E-1 9.62578E-1 9.31347E-1 9.27109E-1 9.38753E-1 8.10871E-1 8.74671E-1 9.12214E-1 6.83881E-1 6.57673E-1 2.66497E-1 1.76845E-1 6.02209E-2 6.17272E-2 3.01184E-2 3.6813E-2 2.08711E-2 2.22446E-3 1.00905E-3 1.62217E-5 4.76445E-7 1.39812E-5 4.62783E-5 3.31782E-6 3.9001E-7 7.71606E-6 3.55049E-6 3.71606E-6 7.85514E-6 8.51025E-5 1.67512E-4 1.96758E-3 1.57517E-3 3.52624E-3 7.2348E-4
9.44914E-1 9.62876E-1 9.69402E-1 9.63096E-1 9.66537E-1 9.73562E-1 9.80983E-1 9.68757E-1 9.75845E-1 9.85524E-1 9.67229E-1 9.39918E-1 9.64232E-1 9.60027E-1 8.34298E-1 9.2852E-1 9.36223E-1 9.62964E-1 9.73838E-1 9.35733E-1 9.81076E-1 9.7722E-1 9.46377E-1 9.26501E-1 9.02466E-1 8.79819E-1 9.87528E-1 9.52477E-1 9.62578E-1 9.39825E-1 9.81895E-1 9.83292E-1 9.53536E-1 9.26454E-1 9.30269E-1 8.98759E-1 8.8692E-1 9.43717E-1 8.80908E-1 9.16508E-1 7.01979E-1 5.38097E-1 2.1079E-1 1.98449E-1 2.34325E-2 4.9927E-2 2.36908E-2 7.39414E-4 1.67441E-3 5.12367E-3 9.14811E-4 1.678E-6 1.5454E-6 1.37724E-7 3.29533E-7 1.58291E-7 1.0637E-7 1.79152E-6 1.29539E-5 2.35049E-5 7.1523E-5 2.39413E-4 4.06639E-4 6.15374E-4 2.28319E-3 3.70908E-3 5.70804E-4
9.62841E-1 9.61777E-1 9.47235E-1 9.49774E-1 9.57764E-1 9.67323E-1 9.60914E-1 9.73905E-1 9.70958E-1 9.83465E-1 9.83019E-1 9.40237E-1 9.36509E-1 9.42301E-1 9.49205E-1 8.67044E-1 8.40801E-1 9.44881E-1 9.77987E-1 9.75475E-1 9.7861E-1 9.76984E-1 9.95804E-1 9.69295E-1 9.82988E-1 9.8219E-1 9.53237E-1 9.34642E-1 9.34648E-1 9.21531E-1 9.53359E-1 9.64603E-1 9.35042E-1 9.43953E-1 8.98821E-1 8.97437E-1 8.50387E-1 9.17272E-1 8.83425E-1 9.02781E-1 8.37607E-1 5.53082E-1 1.75789E-1 3.75967E-1 4.35102E-2 1.77742E-2 3.40058E-2 9.52425E-4 4.12376E-4 3.57518E-3 2.55442E-3 3.93356E-6 3.64968E-6 7.70946E-6 4.32509E-6 3.80164E-6 4.82054E-8 6.01668E-6 2.3557E-5 2.53991E-5 3.58861E-4 4.33179E-4 7.36274E-4 1.8485E-3 5.62238E-3 5.59001E-3 1.18848E-3
9.64543E-1 9.79791E-1 9.61403E-1 9.39959E-1 9.47526E-1 9.57676E-1 9.67037E-1 9.65205E-1 9.85359E-1 9.84262E-1 9.7924E-1 9.84359E-1 9.74965E-1 9.56654E-1 9.75384E-1 9.56362E-1 9.81229E-1 9.90781E-1 9.72485E-1 9.8154E-1 9.43486E-1 9.80466E-1 9.83415E-1 9.58662E-1 9.56907E-1 9.73678E-1 9.54366E-1 9.44385E-1 9.06723E-1 9.47944E-1 9.5567E-1 9.29716E-1 9.55445E-1 9.06923E-1 8.94865E-1 8.8681E-1 7.93482E-1 9.34922E-1 9.52339E-1 9.31845E-1 8.74321E-1 4.58468E-1 3.02296E-1 5.58678E-2 2.80993E-2 1.21297E-2 2.13972E-3 2.40815E-4 5.33908E-4 4.50381E-5 3.8543E-6 2.19625E-5 2.80975E-5 4.16616E-5 2.32919E-5 1.01054E-5 1.18069E-6 2.32828E-5 3.21043E-5 5.05393E-5 1.18912E-4 4.44046E-4 1.1766E-3 4.52709E-3 7.05558E-3 3.48812E-3 -9999
9.64482E-1 9.3992E-1 9.56965E-1 9.61693E-1 9.68669E-1 9.6155E-1 9.64431E-1 9.76161E-1 9.58661E-1 9.93146E-1 9.83932E-1 9.82299E-1 9.85114E-1 9.88623E-1 9.88723E-1 9.93623E-1 9.95745E-1 9.89857E-1 9.46693E-1 9.06477E-1 9.39787E-1 9.38201E-1 9.49543E-1 9.37238E-1 9.79062E-1 9.81401E-1 9.8136E-1 9.12325E-1 8.60998E-1 9.15831E-1 8.92828E-1 9.27445E-1 9.2492E-1 9.34775E-1 9.28398E-1 8.75408E-1 5.9066E-1 9.21687E-1 7.6083E-1 3.71779E-1 2.56671E-1 1.10463E-1 4.82653E-2 1.23332E-1 4.74059E-2 1.16454E-2 1.50284E-3 1.43663E-4 2.66772E-5 1.09471E-5 3.35154E-5 5.42498E-5 7.29366E-5 1.32822E-4 3.08027E-5 1.61014E-5 5.21823E-7 3.64947E-6 1.43864E-5 2.03862E-5 1.65926E-4 1.05934E-3 5.32787E-4 3.03269E-3 -9999 -9999 -9999
9.69112E-1 9.74807E-1 9.58836E-1 9.4146E-1 9.61403E-1 9.6925E-1 9.62249E-1 9.49697E-1 9.8736E-1 9.88161E-1 9.89711E-1 9.92494E-1 9.92716E-1 9.42735E-1 9.77262E-1 9.92137E-1 9.89715E-1 9.89615E-1 9.76377E-1 8.94469E-1 9.34379E-1 9.73719E-1 9.77438E-1 9.80274E-1 9.92843E-1 9.89672E-1 9.79769E-1 8.84709E-1 9.02406E-1 9.49672E-1 9.32643E-1 9.24114E-1 8.90117E-1 8.94508E-1 8.57937E-1 8.67765E-1 8.10918E-1 7.98007E-1 2.45372E-1 6.7752E-1 3.04709E-1 8.31138E-2 2.94884E-2 3.84761E-2 1.62751E-2 3.07578E-3 1.55366E-4 7.5328E-4 2.96899E-4 8.15157E-6 2.38038E-5 2.90646E-4 1.5598E-4 1.59519E-4 3.50183E-5 5.33143E-6 9.68365E-7 3.58668E-6 1.11582E-5 1.71269E-5 2.11961E-4 8.58224E-4 5.48946E-4 -9999 -9999 -9999 -9999
9.41631E-1 9.74618E-1 9.61917E-1 9.47183E-1 9.41399E-1 9.49601E-1 9.45426E-1 9.50222E-1 9.64726E-1 9.77996E-1 9.85906E-1 9.84727E-1 9.83423E-1 9.51837E-1 9.78567E-1 9.87895E-1 9.92695E-1 9.92037E-1 9.85589E-1 8.60725E-1 9.3962E-1 9.36576E-1 9.52536E-1 8.28626E-1 9.29849E-1 9.74606E-1 9.62059E-1 9.66743E-1 9.1124E-1 9.13691E-1 9.19559E-1 8.47223E-1 8.47905E-1 8.27772E-1 8.72152E-1 8.99528E-1 8.92979E-1 8.86602E-1 8.37715E-1 6.93151E-1 4.95517E-1 2.63881E-1 2.39196E-1 2.2277E-1 3.07349E-2 1.67663E-3 5.15836E-3 2.86256E-3 2.68438E-3 2.10989E-4 3.45972E-5 2.33557E-4 7.86435E-4 3.11542E-4 5.83948E-5 4.81079E-6 4.44623E-6 6.57427E-7 1.68054E-5 6.36555E-5 1.35101E-4 8.0604E-4 -9999 -9999 -9999 -9999 -9999
9.72355E-1 9.78739E-1 9.62417E-1 9.53301E-1 9.78109E-1 9.80146E-1 9.51989E-1 9.60309E-1 9.68436E-1 9.82219E-1 9.89896E-1 9.88511E-1 9.80989E-1 9.62571E-1 9.77833E-1 9.73627E-1 9.80166E-1 9.66887E-1 9.72429E-1 8.63441E-1 8.29523E-1 8.75637E-1 9.28824E-1 9.18418E-1 9.13914E-1 9.92827E-1 9.46263E-1 9.65042E-1 9.41307E-1 8.25251E-1 8.20856E-1 8.64451E-1 6.43736E-1 7.77477E-1 8.61105E-1 8.05313E-1 8.50578E-1 7.7049E-1 5.07186E-1 5.9378E-1 7.19337E-1 6.94621E-1 7.05766E-1 4.66336E-1 1.97146E-1 2.29423E-2 7.88652E-3 2.64405E-3 1.06536E-3 6.69257E-4 1.59159E-4 4.46614E-4 4.2725E-3 4.79028E-4 1.55597E-4 5.77111E-5 1.23518E-5 3.14609E-7 6.50828E-6 3.97653E-5 6.54638E-5 -9999 -9999 -9999 -9999 -9999 -9999
9.67955E-1 9.41723E-1 9.56105E-1 9.60793E-1 9.90716E-1 9.91114E-1 9.74522E-1 9.71015E-1 9.91071E-1 9.87086E-1 9.91993E-1 9.91637E-1 9.62515E-1 9.45601E-1 9.49817E-1 9.72008E-1 9.70997E-1 9.70928E-1 9.69021E-1 9.39197E-1 9.27149E-1 8.93394E-1 9.24736E-1 9.16615E-1 9.33536E-1 9.66791E-1 9.86924E-1 9.40879E-1 9.84863E-1 9.26181E-1 9.24154E-1 9.54635E-1 9.38976E-1 6.93751E-1 8.41222E-1 5.59356E-1 7.52571E-1 6.11946E-1 1.92886E-1 2.03755E-1 6.16332E-1 3.43862E-1 1.32303E-1 2.81387E-2 7.68282E-2 1.49842E-1 6.37979E-2 4.65809E-3 4.11063E-3 2.73067E-3 2.29137E-3 2.8147E-3 2.64294E-3 1.484E-4 1.16863E-4 6.36919E-5 2.40512E-5 1.43241E-6 -9999 -9999 -9999 -9999 -9999 -9999 -9999 -9999 -9999
