ENM/Final_Models/M_2_F_lq_Set_1_EC/Gustavia_santanderiensis_3_Choco.asc
ncols         367
nrows         963
xllcorner     -78.6
yllcorner     0.65
cellsize      0.00833333333333323
NODATA_value  -9999
[rows 448 to 479 of 963, columns 213 to 283 of 367]
1E0 1E0 1E0 1E0 1E0 1E0 1E0 1E0 1E0 1E0 1E0 1E0 1E0 1E0 1E0 1E0 1E0 1E0 1E0 1E0 1E0 1E0 9.99999E-1 1E0 1E0 1E0 9.99987E-1 1E0 9.99809E-1 9.99987E-1 1E0 1E0 1E0 1E0 1E0 1E0 1E0 9.99925E-1 9.40031E-1 4.26985E-1 2.22367E-1 4.74795E-2 2.95286E-2 1.35299E-1 2.84806E-1 1.64666E-1 1.84898E-1 3.22017E-1 8.73252E-1 9.93115E-1 7.43253E-1 8.06574E-1 9.21534E-1 5.85203E-1 5.94004E-2 3.05135E-2 5.38069E-1 6.6464E-2 3.2617E-2 9.1105E-2 6.05022E-2 8.19743E-2 1.30381E-2 5.5349E-2 1.60083E-1 2.9466E-1 7.56015E-2 1.79332E-2 2.11519E-2 8.23294E-2 4.28322E-2
1E0 1E0 1E0 1E0 1E0 1E0 1E0 1E0 1E0 1E0 1E0 1E0 1E0 1E0 1E0 1E0 1E0 1E0 1E0 1E0 1E0 1E0 1E0 1E0 1E0 9.99981E-1 1E0 1E0 1E0 1E0 1E0 1E0 1E0 1E0 1E0 1E0 1E0 9.99991E-1 9.33777E-1 4.53206E-1 1.76685E-1 1.62292E-1 1.23827E-1 3.14825E-1 4.92362E-1 3.35406E-1 2.97008E-1 6.36498E-1 5.87614E-1 3.89956E-2 3.92641E-1 5.09756E-1 8.65797E-1 6.46661E-1 8.35294E-1 2.46843E-1 4.01508E-1 2.7606E-1 5.45099E-2 3.14863E-2 6.00111E-2 1.73252E-2 2.72322E-1 7.00539E-2 2.30653E-2 3.70133E-2 1.16355E-2 1.20999E-2 9.6709E-3 1.25154E-2 5.1558E-3
9.99931E-1 1E0 1E0 1E0 1E0 1E0 1E0 1E0 1E0 1E0 1E0 1E0 1E0 1E0 1E0 1E0 1E0 1E0 1E0 1E0 9.99996E-1 1E0 1E0 1E0 1E0 9.99341E-1 1E0 9.99913E-1 9.99959E-1 9.99992E-1 1E0 1E0 1E0 1E0 9.99988E-1 9.99536E-1 9.98033E-1 9.87058E-1 9.91657E-1 8.12127E-1 7.46829E-1 2.37249E-1 2.03083E-1 4.25408E-1 7.55522E-1 6.64298E-1 3.02494E-1 7.80588E-1 4.83908E-1 4.04735E-2 2.37066E-1 1.08837E-1 7.85624E-2 1.30612E-1 5.5399E-2 1.0493E-1 3.50037E-1 8.40174E-1 7.73104E-1 7.28912E-1 5.3929E-1 3.38535E-1 7.37949E-1 8.29737E-1 4.45072E-1 2.75916E-2 9.95549E-2 1.48706E-2 1.14072E-2 1.87765E-2 1.82262E-1
1E0 1E0 1E0 1E0 1E0 1E0 1E0 1E0 1E0 1E0 1E0 1E0 1E0 1E0 1E0 1E0 1E0 1E0 1E0 1E0 9.99999E-1 1E0 1E0 9.99997E-1 9.99999E-1 9.99999E-1 9.99995E-1 9.98664E-1 9.99705E-1 9.99841E-1 1E0 1E0 1E0 9.99968E-1 9.91464E-1 8.47405E-1 3.13059E-1 1.92266E-1 5.18483E-1 9.69548E-1 6.72884E-1 2.4272E-1 2.81772E-1 6.413E-1 8.25872E-1 8.99361E-1 4.86897E-1 2.79947E-1 1.09554E-1 1.13263E-2 8.04788E-2 1.26092E-1 5.32292E-1 2.56131E-1 2.71948E-1 2.378E-1 2.19176E-1 4.96521E-1 3.98817E-1 4.95624E-1 4.1849E-1 2.5399E-1 4.65125E-1 6.2421E-1 7.63357E-1 6.97607E-1 6.5791E-1 2.52723E-1 2.30927E-1 1.58658E-1 1.72188E-1
1E0 1E0 1E0 1E0 1E0 1E0 1E0 1E0 1E0 1E0 1E0 1E0 1E0 1E0 1E0 1E0 1E0 1E0 1E0 1E0 1E0 1E0 1E0 1E0 9.99212E-1 9.89984E-1 9.97876E-1 9.99196E-1 9.99982E-1 9.99917E-1 1E0 1E0 9.99821E-1 8.59153E-1 5.87649E-1 1.27615E-1 3.38469E-2 2.84952E-2 9.43925E-2 3.90513E-1 4.01798E-1 6.30271E-1 4.7514E-1 7.34774E-1 9.83591E-1 7.74972E-2 1.63156E-1 1.44104E-1 7.53745E-2 1.59444E-2 1.12345E-1 2.63304E-1 4.40132E-1 2.48593E-1 1.12862E-1 1.62083E-1 1.78059E-1 5.2654E-1 5.99327E-1 3.33225E-1 1.91255E-1 2.64684E-1 3.46957E-1 6.09255E-1 7.17621E-1 2.98407E-1 1.54211E-1 1.36585E-1 3.75007E-1 4.04391E-1 2.32555E-1
1E0 1E0 1E0 1E0 1E0 1E0 1E0 1E0 1E0 1E0 1E0 1E0 1E0 1E0 1E0 1E0 1E0 1E0 1E0 1E0 1E0 9.9999E-1 1E0 9.99997E-1 9.99795E-1 9.89952E-1 9.99682E-1 1E0 9.99977E-1 9.99985E-1 1E0 9.99938E-1 9.99345E-1 6.47783E-1 3.54481E-1 7.20172E-2 2.51039E-2 3.79276E-2 7.2932E-2 9.66347E-2 6.26441E-2 5.31362E-1 3.11106E-1 8.12725E-1 6.79822E-1 6.06822E-1 2.42109E-1 1.97118E-1 2.2879E-1 8.58734E-2 2.68834E-2 6.43363E-2 8.0048E-2 9.04279E-2 7.48006E-2 7.08923E-2 1.17142E-1 1.54538E-1 1.71699E-1 2.1189E-1 2.95856E-1 7.88324E-1 2.03094E-1 3.04013E-1 3.9756E-1 3.79007E-1 1.7624E-1 1.13505E-1 1.88083E-1 1.11324E-1 7.81819E-2
1E0 1E0 1E0 1E0 1E0 1E0 1E0 1E0 1E0 1E0 1E0 1E0 1E0 1E0 1E0 1E0 1E0 1E0 1E0 1E0 1E0 1E0 9.99849E-1 9.99993E-1 9.99998E-1 9.99996E-1 1E0 9.99999E-1 9.99575E-1 9.99979E-1 9.98452E-1 9.61848E-1 9.78324E-1 1.03216E-1 2.62768E-2 2.30923E-2 9.75459E-3 1.53515E-2 4.4859E-2 1.46299E-1 7.53072E-2 3.34758E-1 3.14868E-1 3.48041E-1 7.86062E-2 9.62792E-1 6.86161E-1 3.93943E-1 2.09869E-1 5.61405E-2 7.27693E-3 6.6941E-3 7.46044E-3 1.22571E-2 3.63119E-2 1.35104E-1 2.16343E-1 2.3164E-1 3.00719E-1 3.24692E-1 7.34273E-1 6.2675E-1 3.9303E-1 1.66898E-1 3.82517E-1 2.47895E-1 5.83753E-1 1.15926E-1 1.50043E-1 3.44459E-2 5.16407E-2
1E0 1E0 1E0 1E0 1E0 1E0 1E0 1E0 1E0 1E0 1E0 1E0 1E0 1E0 1E0 1E0 1E0 1E0 1E0 1E0 1E0 1E0 1E0 9.97932E-1 9.99741E-1 1E0 9.99901E-1 9.99588E-1 9.98986E-1 9.99931E-1 9.98919E-1 9.65656E-1 7.64211E-1 2.21669E-1 6.82781E-2 1.16313E-2 1.53385E-2 1.37136E-2 4.77476E-2 7.25134E-2 1.10359E-1 1.95171E-1 3.67071E-1 4.0695E-1 9.3296E-2 9.62799E-1 3.06874E-1 1.84921E-1 5.67401E-1 5.21128E-1 3.52735E-1 2.86668E-1 1.44906E-1 7.73797E-2 2.84412E-3 6.15109E-3 4.74762E-2 1.03015E-1 4.42979E-2 1.22548E-1 3.53095E-1 5.15457E-1 2.73147E-1 6.0316E-1 3.24096E-1 1.23807E-1 5.57111E-2 7.25662E-2 9.18919E-2 2.08638E-1 4.39621E-2
1E0 1E0 1E0 1E0 1E0 1E0 1E0 1E0 1E0 1E0 1E0 1E0 1E0 1E0 1E0 9.99998E-1 9.99995E-1 9.999E-1 1E0 1E0 1E0 1E0 1E0 9.99998E-1 9.99996E-1 9.99986E-1 9.98601E-1 9.98936E-1 9.96183E-1 9.99479E-1 9.99404E-1 7.93175E-1 1.59646E-1 1.27736E-1 6.12595E-2 9.82975E-2 1.32825E-2 2.65688E-2 1.72835E-2 2.71308E-2 1.19064E-1 3.20577E-1 6.28682E-1 7.84649E-1 3.67258E-1 7.15088E-1 5.71059E-1 7.72699E-1 9.28346E-1 6.18868E-1 5.59497E-1 6.98396E-1 7.1281E-1 1.72149E-1 3.38049E-1 1.04589E-1 7.16426E-2 7.60761E-3 4.17006E-2 3.35685E-2 1.17987E-1 2.25002E-1 3.34958E-1 3.49221E-1 5.68346E-1 1.51967E-1 2.5915E-1 2.22594E-1 1.10442E-1 3.39581E-1 6.92771E-2
1E0 1E0 1E0 1E0 1E0 1E0 1E0 1E0 1E0 1E0 1E0 1E0 1E0 1E0 1E0 1E0 9.99998E-1 1E0 1E0 1E0 1E0 9.99999E-1 1E0 9.99866E-1 9.99039E-1 9.99998E-1 9.99999E-1 9.99998E-1 9.99958E-1 9.99987E-1 9.99687E-1 7.46522E-1 9.11917E-2 2.66122E-2 2.37087E-2 2.92058E-2 3.24886E-2 6.69122E-2 2.43775E-2 4.50754E-2 6.2745E-2 1.97742E-1 6.68848E-1 7.31055E-1 2.35132E-1 6.92978E-1 8.2579E-1 8.76526E-1 7.05377E-1 5.75176E-1 6.33562E-1 8.82994E-1 7.56436E-1 4.03579E-1 4.10153E-1 5.86002E-1 9.93251E-2 6.05953E-2 3.43357E-2 2.89333E-2 3.71679E-1 1.74212E-1 2.49161E-1 4.15679E-1 4.73071E-1 2.08332E-1 1.17552E-1 4.61275E-2 6.56008E-2 1.8907E-1 3.31161E-1
1E0 1E0 1E0 1E0 1E0 1E0 1E0 1E0 1E0 1E0 1E0 1E0 1E0 1E0 1E0 1E0 1E0 1E0 1E0 9.99988E-1 1E0 1E0 9.99985E-1 9.96541E-1 9.98984E-1 1E0 1E0 1E0 1E0 9.99998E-1 9.73536E-1 2.31263E-1 3.7514E-2 8.85337E-3 1.40863E-2 1.18028E-2 4.59416E-2 1.17021E-1 6.54351E-2 7.10643E-2 1.88456E-1 2.37144E-1 6.20516E-1 6.73579E-1 4.42958E-2 5.64964E-1 4.37888E-1 8.77469E-1 9.37153E-1 5.70063E-1 2.64371E-1 1.36933E-1 3.24492E-1 8.05972E-1 7.46908E-1 4.97346E-1 2.5897E-1 9.55223E-2 1.15771E-2 1.91399E-2 2.50535E-1 1.26714E-1 3.13751E-1 4.14883E-1 4.1155E-1 1.79689E-1 5.1728E-2 7.03348E-3 4.98538E-2 2.24578E-1 4.31412E-1
1E0 1E0 1E0 1E0 1E0 9.99999E-1 1E0 1E0 1E0 1E0 1E0 1E0 1E0 1E0 1E0 1E0 1E0 9.99996E-1 1E0 1E0 9.99998E-1 9.99668E-1 1E0 9.99999E-1 9.99999E-1 1E0 1E0 9.99994E-1 9.99924E-1 9.78727E-1 2.13712E-1 1.17205E-2 5.97376E-3 1.39217E-2 2.79846E-2 3.74414E-2 1.11177E-2 3.60203E-2 6.05058E-2 1.31443E-1 1.51749E-2 1.22703E-1 4.66446E-1 6.79391E-1 2.78902E-1 1.85586E-1 4.43715E-1 2.68598E-1 3.7205E-1 4.59227E-1 2.35128E-1 3.71428E-1 2.01864E-1 3.81417E-1 5.75494E-1 7.841E-1 3.50081E-1 6.2102E-2 7.58263E-2 8.98528E-2 3.01193E-1 1.74416E-1 1.56741E-1 2.7016E-1 1.96528E-1 6.0562E-2 1.42977E-2 9.00128E-4 2.90376E-2 1.67775E-1 2.61344E-1
1E0 1E0 1E0 1E0 1E0 1E0 1E0 1E0 1E0 1E0 1E0 1E0 1E0 1E0 1E0 9.99972E-1 9.99961E-1 1E0 9.99994E-1 1E0 9.99991E-1 9.99892E-1 9.99946E-1 9.99965E-1 1E0 1E0 1E0 9.99986E-1 8.87605E-1 7.01292E-1 2.20682E-1 1.55086E-2 1.11519E-2 7.40596E-3 2.52861E-2 3.76213E-2 2.43788E-2 4.55257E-2 4.47814E-2 1.07548E-1 1.46143E-1 2.48303E-1 4.91793E-1 1.18893E-1 1.01557E-1 8.11459E-2 3.47806E-2 2.59143E-2 5.57673E-3 7.30326E-3 7.89162E-1 4.18025E-1 3.78697E-2 2.02367E-2 4.80158E-2 1.72962E-1 2.74313E-2 2.07998E-1 4.16517E-1 2.60062E-1 1.32355E-1 8.83783E-2 4.50053E-2 9.46882E-2 6.62963E-2 9.64985E-2 6.28605E-2 3.6906E-3 2.09604E-2 3.60196E-2 3.27932E-2
1E0 1E0 1E0 1E0 1E0 1E0 1E0 1E0 1E0 1E0 1E0 1E0 1E0 1E0 1E0 9.99976E-1 9.99936E-1 9.98665E-1 9.99963E-1 1E0 9.99995E-1 9.9997E-1 9.99701E-1 9.99986E-1 1E0 1E0 1E0 1E0 9.90082E-1 7.77038E-1 8.0342E-2 1.30991E-2 1.75354E-2 5.65327E-2 4.25249E-2 6.4071E-2 4.02642E-2 2.6826E-2 2.77605E-2 2.81258E-2 6.33827E-2 1.46024E-1 3.06914E-1 4.29668E-1 3.8971E-1 4.97113E-1 4.9056E-1 1.98437E-2 1.34944E-2 3.37006E-2 2.44659E-1 2.81765E-1 1.85272E-1 4.9368E-2 8.79959E-2 1.7452E-1 4.7176E-1 1.42149E-1 1.33317E-1 1.04571E-1 6.38555E-2 1.66031E-2 9.16837E-3 2.0095E-2 2.95886E-2 5.99061E-2 2.30545E-2 6.14443E-3 7.29779E-3 1.43853E-2 6.36886E-3
1E0 1E0 1E0 1E0 1E0 1E0 1E0 1E0 1E0 1E0 1E0 1E0 1E0 1E0 9.99987E-1 9.91968E-1 9.9991E-1 9.99999E-1 1E0 1E0 9.99443E-1 9.99985E-1 9.99984E-1 9.99999E-1 1E0 1E0 1E0 1E0 9.88411E-1 7.57041E-1 1.10148E-1 3.47849E-2 4.04167E-2 6.04263E-2 4.99522E-2 9.20781E-2 4.46653E-2 1.65051E-2 4.93956E-3 4.52719E-2 1.26559E-1 2.42525E-1 3.90754E-1 3.88775E-1 3.42238E-1 2.80514E-1 7.2754E-1 1.09089E-1 8.20268E-2 1.18121E-2 2.25373E-2 6.75982E-2 5.13082E-2 5.37284E-2 3.22569E-2 1.45259E-1 1.78943E-1 9.18686E-2 9.23423E-2 4.31999E-2 2.20815E-2 1.80212E-2 2.61912E-2 1.58393E-2 1.31825E-2 1.01651E-2 6.19319E-3 1.63917E-3 4.51068E-3 2.49134E-2 2.27789E-3
1E0 1E0 1E0 1E0 1E0 1E0 1E0 1E0 1E0 1E0 1E0 1E0 1E0 1E0 9.99958E-1 9.92788E-1 9.91933E-1 9.99662E-1 1E0 1E0 1E0 9.99984E-1 9.99988E-1 1E0 1E0 1E0 9.99998E-1 9.89586E-1 6.55469E-1 5.04735E-1 8.62658E-2 2.53188E-2 4.37359E-2 5.58649E-2 3.40842E-2 6.25045E-2 6.10917E-2 2.26601E-2 1.2857E-2 6.57849E-2 1.78368E-1 1.82267E-1 3.56376E-1 4.87305E-1 1.92936E-2 2.44207E-1 3.24954E-1 6.55415E-1 6.72801E-1 5.67126E-2 1.06421E-1 1.82229E-1 1.86358E-2 3.99601E-2 3.2836E-2 3.0652E-2 4.30101E-1 1.27947E-1 2.143E-1 6.45491E-2 4.98617E-2 1.31191E-1 6.23327E-2 5.51498E-2 1.36704E-2 1.48138E-2 6.51754E-3 2.27799E-3 2.49546E-3 6.00275E-3 2.22208E-3
1E0 1E0 1E0 1E0 1E0 1E0 1E0 1E0 1E0 1E0 1E0 1E0 1E0 1E0 1E0 9.98876E-1 9.98929E-1 9.99971E-1 9.99875E-1 9.9999E-1 9.99999E-1 9.99994E-1 9.99998E-1 1E0 1E0 1E0 9.99929E-1 9.98327E-1 6.42111E-1 3.79116E-1 2.11767E-2 1.34923E-2 4.43273E-2 6.32155E-2 4.44482E-2 4.95947E-2 3.83744E-2 1.20372E-2 2.85226E-2 5.61305E-2 8.05349E-2 2.10528E-1 3.17234E-1 4.54211E-1 3.78139E-1 2.16835E-2 1.86177E-1 7.18118E-1 5.03022E-1 2.2048E-1 1.20056E-1 6.03078E-2 1.12368E-1 6.47705E-2 2.96185E-2 4.3423E-2 9.01547E-2 1.32299E-1 1.08707E-1 1.147E-1 1.46885E-1 1.03993E-1 5.41674E-2 2.71882E-2 8.66525E-3 5.04324E-3 2.4857E-3 1.37888E-3 5.33811E-4 1.17258E-3 1.41448E-4
1E0 1E0 1E0 1E0 1E0 1E0 1E0 1E0 1E0 1E0 1E0 1E0 1E0 1E0 1E0 1E0 9.99954E-1 9.99902E-1 9.99563E-1 9.99935E-1 9.99418E-1 1E0 1E0 1E0 1E0 9.99999E-1 9.99999E-1 9.99998E-1 9.28325E-1 2.13775E-1 2.0552E-2 2.29121E-2 1.68948E-2 5.95806E-2 4.45283E-2 2.62293E-2 1.32037E-2 1.23721E-3 1.91126E-3 1.56686E-3 1.48227E-2 9.19905E-2 1.40591E-1 9.81039E-2 3.50391E-1 6.11245E-1 2.67189E-1 5.65655E-2 1.45552E-1 1.09874E-1 8.2007E-2 7.05503E-2 8.89102E-2 6.9057E-2 8.06407E-2 1.21385E-2 4.11935E-2 1.06477E-1 1.40307E-1 9.58687E-2 6.13687E-2 7.00111E-2 1.14276E-1 1.55872E-1 5.24319E-3 2.94001E-3 8.70768E-4 2.27069E-5 8.22041E-5 2.37389E-4 1.90568E-4
1E0 1E0 1E0 1E0 1E0 1E0 1E0 1E0 1E0 1E0 1E0 1E0 1E0 1E0 1E0 1E0 1E0 9.99972E-1 9.99867E-1 1E0 9.99682E-1 9.99996E-1 9.99999E-1 1E0 1E0 1E0 1E0 1E0 9.12335E-1 5.62312E-1 4.41872E-2 3.35369E-2 1.57812E-2 5.3765E-2 5.79273E-2 3.84472E-2 8.45628E-3 7.84495E-3 2.07151E-4 3.73719E-4 1.61448E-3 7.28356E-3 2.99644E-2 6.09305E-2 1.20316E-1 2.50822E-1 2.59284E-1 5.19001E-2 2.08725E-2 3.80644E-2 6.84635E-2 9.69366E-2 1.30298E-1 2.25482E-1 8.13665E-2 2.20837E-1 6.92068E-2 1.05756E-1 1.03328E-1 7.20326E-2 1.15143E-1 1.20847E-1 5.08839E-2 3.12672E-2 2.42602E-2 1.74034E-3 8.06423E-4 5.97331E-4 1.58302E-4 4.52783E-4 3.25919E-4
1E0 9.99994E-1 1E0 1E0 1E0 1E0 1E0 1E0 1E0 1E0 1E0 1E0 1E0 1E0 1E0 1E0 1E0 9.99999E-1 9.99992E-1 9.99878E-1 9.99999E-1 1E0 1E0 1E0 1E0 1E0 1E0 1E0 9.68516E-1 1.4018E-1 7.31152E-2 4.52701E-2 3.08264E-2 3.78724E-2 1.32038E-1 5.96729E-2 9.40786E-2 3.37689E-3 4.39847E-4 7.72873E-5 8.63258E-4 1.35659E-2 3.27664E-2 5.88045E-2 6.611E-2 1.56799E-1 1.41471E-1 3.4668E-2 3.36221E-2 2.37714E-2 7.21746E-2 5.82735E-2 3.47005E-1 1.77988E-1 2.53814E-1 1.40805E-1 2.69299E-1 1.73206E-1 2.60221E-1 1.2042E-1 7.30043E-2 6.30339E-2 7.79209E-2 1.67111E-2 9.6347E-3 1.78607E-3 1.19234E-4 4.91973E-4 2.04989E-3 6.95276E-4 9.82948E-4
1E0 1E0 1E0 1E0 1E0 1E0 1E0 1E0 1E0 1E0 1E0 1E0 1E0 1E0 1E0 1E0 9.99998E-1 1E0 9.9988E-1 1E0 9.97944E-1 1E0 1E0 1E0 1E0 1E0 1E0 9.99997E-1 9.71148E-1 2.2654E-1 7.66869E-2 3.72361E-2 2.20082E-2 4.86262E-2 1.34483E-1 2.90235E-1 6.96673E-2 7.74435E-3 1.19133E-3 2.2612E-4 8.60891E-4 2.23024E-2 1.50218E-2 2.14125E-2 7.67495E-2 1.41888E-1 2.1139E-1 6.42329E-2 5.95846E-2 5.27478E-2 6.93171E-2 1.33908E-1 3.50288E-1 2.55989E-1 1.73449E-1 7.18645E-2 6.73528E-2 5.83869E-2 1.01684E-1 6.58582E-2 5.69939E-2 6.26125E-2 2.16246E-2 5.41959E-3 4.58809E-4 1.88101E-4 9.54056E-4 1.32993E-3 3.09335E-3 3.08573E-3 3.61862E-3
1E0 1E0 1E0 1E0 9.99999E-1 1E0 1E0 1E0 1E0 9.99983E-1 1E0 1E0 1E0 1E0 1E0 1E0 9.99967E-1 9.99988E-1 9.97505E-1 9.66306E-1 9.91914E-1 1E0 1E0 1E0 1E0 1E0 1E0 9.99983E-1 9.84156E-1 1.44017E-1 9.54102E-2 2.48253E-2 1.12297E-2 6.44122E-2 1.95168E-1 5.62052E-2 5.13216E-2 5.35461E-2 2.36652E-3 4.2615E-4 1.54941E-3 8.57713E-3 8.60008E-3 1.52031E-2 6.47831E-2 1.28156E-1 2.34824E-1 1.14172E-1 1.07256E-1 9.57564E-2 8.01186E-2 6.66935E-2 1.95409E-1 2.11868E-1 1.37816E-1 7.92694E-2 2.21908E-2 1.50093E-2 1.79822E-2 4.35642E-2 2.64271E-2 2.19999E-2 2.82772E-3 1.39338E-3 1.14005E-3 3.18663E-4 9.08507E-4 4.13142E-3 1.00822E-2 4.5959E-3 9.07069E-3
1E0 1E0 1E0 1E0 1E0 1E0 1E0 1E0 9.99999E-1 1E0 1E0 1E0 1E0 1E0 1E0 1E0 1E0 9.99998E-1 9.96459E-1 9.99609E-1 9.99724E-1 1E0 1E0 1E0 1E0 1E0 1E0 1E0 8.68056E-1 1.15417E-1 2.70939E-2 1.45135E-2 4.31963E-2 1.99951E-1 3.81736E-1 7.97467E-3 4.3124E-3 6.17283E-2 1.41808E-2 2.54145E-3 2.01895E-2 3.03757E-2 7.00975E-3 1.08533E-2 1.08116E-2 6.90742E-2 4.34352E-2 2.65765E-1 1.30284E-1 1.84955E-1 1.12535E-1 7.29641E-2 1.32886E-1 4.58609E-2 1.409E-2 1.56119E-2 1.06852E-2 7.84644E-3 1.4073E-2 3.31327E-2 1.08144E-2 2.8142E-3 8.16286E-4 1.57006E-3 1.38386E-3 2.31222E-3 6.13522E-3 9.84958E-4 2.41218E-3 6.40261E-3 6.29252E-3
1E0 1E0 1E0 1E0 1E0 1E0 1E0 1E0 1E0 1E0 9.99998E-1 1E0 9.99992E-1 1E0 1E0 1E0 1E0 1E0 1E0 9.99982E-1 1E0 1E0 1E0 9.99999E-1 1E0 1E0 1E0 1E0 7.93818E-1 1.4047E-1 5.08442E-2 5.79086E-2 7.9172E-2 3.03265E-1 4.81888E-1 3.36192E-1 3.25081E-1 1.61404E-1 3.08751E-2 4.86677E-2 1.74229E-1 6.66411E-2 3.2834E-2 7.5447E-4 1.47029E-2 4.25933E-2 2.24579E-1 2.23537E-1 3.95858E-1 2.66327E-1 2.06694E-1 1.47693E-1 6.30622E-2 1.64138E-2 3.49987E-2 3.47854E-2 2.59353E-2 3.62636E-2 3.60798E-2 3.85015E-2 6.47511E-3 4.25886E-4 1.92609E-4 2.04244E-4 6.1512E-4 1.95901E-3 6.40431E-3 5.49383E-5 4.65561E-3 1.14773E-2 1.2843E-2
1E0 1E0 1E0 1E0 1E0 1E0 1E0 1E0 1E0 1E0 1E0 1E0 9.99906E-1 1E0 1E0 1E0 1E0 1E0 1E0 1E0 1E0 9.99987E-1 9.99205E-1 9.96469E-1 1E0 1E0 1E0 1E0 9.9593E-1 3.87464E-1 1.76692E-1 5.1329E-2 4.7746E-2 8.03576E-2 1.85913E-1 2.27216E-1 9.31974E-2 2.89852E-2 2.07381E-2 5.22526E-2 1.97288E-1 1.21081E-1 6.4906E-2 9.59185E-3 1.76771E-2 1.10578E-1 3.7503E-1 6.01282E-1 7.73277E-1 5.98895E-1 3.97517E-1 3.59613E-1 1.22368E-1 7.56235E-2 1.7836E-1 1.82992E-1 7.8976E-2 6.63127E-2 4.14985E-2 3.25355E-3 1.0392E-2 2.5323E-3 2.4036E-3 1.29363E-3 8.62889E-4 7.9105E-4 1.61358E-3 3.25268E-3 1.13797E-2 3.60834E-3 2.05121E-2
1E0 1E0 1E0 1E0 1E0 1E0 1E0 1E0 1E0 1E0 1E0 9.99995E-1 1E0 1E0 1E0 1E0 1E0 1E0 1E0 1E0 9.99998E-1 9.98156E-1 9.98913E-1 9.99985E-1 1E0 1E0 1E0 1E0 9.91934E-1 3.74733E-1 1.67262E-1 5.99459E-2 1.49608E-1 3.80085E-1 4.24034E-1 2.55747E-1 1.31369E-1 4.47947E-2 7.30503E-2 2.41502E-1 4.60415E-1 3.12723E-1 9.86644E-2 6.01418E-2 9.80321E-2 4.06545E-1 8.46086E-1 7.7204E-1 9.26058E-1 5.13535E-1 8.43562E-1 3.63951E-1 1.99185E-1 9.42636E-2 2.3311E-1 1.48776E-1 2.327E-1 1.50608E-1 6.89439E-2 1.01461E-1 6.13511E-2 5.60359E-2 8.67945E-3 1.07958E-3 8.4534E-4 2.94431E-3 5.58747E-3 8.25971E-3 4.02762E-3 3.0922E-3 1.52768E-4
1E0 1E0 1E0 1E0 1E0 1E0 1E0 1E0 1E0 9.99996E-1 1E0 1E0 1E0 9.99998E-1 1E0 1E0 1E0 1E0 1E0 1E0 1E0 1E0 1E0 1E0 1E0 1E0 1E0 1E0 9.99807E-1 7.76017E-1 3.16391E-1 4.9112E-1 9.58692E-1 9.67728E-1 9.71577E-1 6.22798E-1 5.74261E-1 7.44162E-1 6.39892E-1 8.22557E-1 5.20457E-1 4.12705E-1 2.07473E-1 3.06042E-1 3.2963E-1 9.17039E-1 6.56995E-1 6.42022E-1 1.05417E-1 4.83771E-2 1.51028E-1 2.09957E-1 1.6072E-1 4.9812E-2 1.14934E-1 8.27699E-2 6.08556E-2 3.33793E-2 1.99852E-1 1.00266E-1 8.80373E-2 3.58861E-2 8.14936E-3 4.62751E-3 1.61076E-3 3.13567E-3 2.00231E-3 2.94073E-3 4.17803E-3 5.04447E-3 1.85845E-2
1E0 1E0 1E0 1E0 1E0 1E0 1E0 9.9982E-1 9.99945E-1 9.99679E-1 9.99985E-1 1E0 1E0 1E0 1E0 1E0 1E0 1E0 1E0 1E0 1E0 1E0 1E0 1E0 1E0 1E0 1E0 9.99998E-1 9.98772E-1 8.3019E-1 9.25178E-1 9.76155E-1 9.92726E-1 9.98714E-1 9.93072E-1 9.03571E-1 9.25277E-1 9.91332E-1 9.98282E-1 9.9411E-1 9.84989E-1 9.898E-1 7.78602E-1 9.11721E-1 6.58645E-1 9.84006E-1 3.99167E-1 4.83889E-2 2.36327E-1 3.43635E-1 2.75062E-1 2.43818E-1 2.85272E-1 2.43333E-1 1.04262E-1 1.27048E-1 1.45007E-1 9.60002E-2 3.974E-1 2.15187E-1 1.10617E-1 5.10825E-2 7.79145E-3 9.89099E-3 1.67094E-3 5.2627E-4 4.6321E-4 3.07843E-4 4.43953E-4 2.14237E-3 3.68466E-3
1E0 1E0 1E0 1E0 1E0 1E0 1E0 9.99999E-1 9.99897E-1 9.99679E-1 1E0 1E0 1E0 1E0 1E0 1E0 1E0 1E0 1E0 1E0 1E0 1E0 1E0 1E0 1E0 1E0 1E0 9.99991E-1 9.98504E-1 9.89116E-1 9.98489E-1 9.99111E-1 9.94325E-1 9.98384E-1 9.99051E-1 9.7334E-1 9.71582E-1 9.99143E-1 9.99972E-1 9.95577E-1 9.83806E-1 9.99809E-1 9.88735E-1 9.63059E-1 8.80169E-1 5.63305E-1 9.78688E-2 7.51664E-3 6.05902E-2 1.27386E-1 2.34625E-1 9.23473E-2 4.56748E-1 3.66845E-1 1.29559E-1 1.66851E-1 2.23762E-1 2.44533E-1 9.52717E-2 9.64645E-2 6.89455E-2 2.23154E-2 6.1461E-3 1.22936E-3 3.30438E-3 2.48584E-3 1.06257E-3 3.68907E-4 5.84828E-4 1.13154E-3 4.47441E-3
1E0 1E0 1E0 1E0 1E0 1E0 1E0 1E0 9.99948E-1 1E0 1E0 1E0 1E0 1E0 1E0 1E0 1E0 1E0 1E0 1E0 1E0 1E0 1E0 9.99998E-1 1E0 1E0 9.99999E-1 9.99988E-1 9.99994E-1 9.99734E-1 9.99981E-1 9.99683E-1 9.96228E-1 9.99642E-1 9.98921E-1 9.95444E-1 9.67868E-1 9.98935E-1 9.99978E-1 9.98825E-1 4.99441E-1 2.78587E-1 1.54296E-1 1.29912E-1 1.76848E-2 1.18089E-1 1.19977E-2 2.11903E-1 1.90875E-1 4.05263E-1 1.84879E-1 2.83919E-1 1.69829E-1 1.14569E-1 1.14174E-1 3.48859E-1 3.29297E-1 1.13665E-1 1.77707E-1 5.22734E-2 5.99181E-2 1.91342E-2 4.295E-3 9.7791E-4 2.578E-3 7.91614E-3 5.31743E-3 1.96203E-3 1.26248E-3 4.16224E-3 1.89363E-2
1E0 1E0 1E0 1E0 1E0 1E0 1E0 1E0 9.99999E-1 1E0 1E0 1E0 1E0 1E0 1E0 1E0 1E0 1E0 1E0 1E0 1E0 1E0 1E0 1E0 1E0 9.99999E-1 9.99611E-1 9.75828E-1 9.99589E-1 9.87854E-1 9.86598E-1 9.45237E-1 9.88141E-1 9.99991E-1 9.76392E-1 9.80475E-1 9.12182E-1 9.06593E-1 5.31894E-1 4.21104E-2 3.31821E-2 1.99222E-1 3.77584E-1 3.47288E-1 3.32386E-1 5.66176E-1 7.77858E-1 6.91759E-2 2.13797E-1 5.75458E-1 5.02122E-1 7.91442E-1 3.85035E-1 1.50101E-1 2.05923E-1 2.44745E-1 2.4118E-1 1.33496E-1 9.53656E-2 5.30887E-2 4.81959E-2 8.59931E-3 4.70998E-3 2.86128E-4 1.12495E-3 2.01058E-3 5.40765E-4 7.43657E-3 2.516E-3 2.29595E-3 8.56854E-3
1E0 1E0 1E0 1E0 1E0 1E0 1E0 1E0 1E0 1E0 1E0 9.99999E-1 1E0 1E0 1E0 1E0 1E0 1E0 1E0 1E0 1E0 1E0 9.99997E-1 9.99997E-1 1E0 1E0 9.92083E-1 9.97946E-1 9.72233E-1 9.73878E-1 8.7132E-1 8.48861E-1 5.10199E-1 9.92783E-1 5.89055E-1 2.23449E-1 1.95383E-1 2.53455E-1 5.30284E-1 2.39005E-2 2.7558E-2 3.43618E-2 2.66951E-2 1.79231E-1 6.04076E-1 7.87808E-1 7.51357E-1 5.83675E-1 2.63289E-1 7.31235E-1 9.08071E-1 9.46368E-1 6.78868E-1 6.60329E-1 5.02474E-1 8.19195E-1 6.50471E-1 4.92296E-1 2.38202E-1 1.09056E-1 2.97296E-2 1.11145E-2 8.24127E-4 4.0316E-4 9.43355E-4 1.53951E-3 4.10674E-3 3.30921E-3 1.56639E-2 1.26808E-2 1.72028E-2
