ENM/Final_Models/M_2_F_lq_Set_1_EC/Gustavia_santanderiensis_Choco_min.asc
ncols         367
nrows         963
xllcorner     -78.6
yllcorner     0.65
cellsize      0.00833333333333323
NODATA_value  -9999
[rows 120 to 149 of 963, columns 268 to 334 of 367]
2.33306E-1 1.74198E-1 1.88076E-1 6.20656E-2 1.65872E-1 6.95681E-2 -9999 -9999 -9999 -9999 -9999 -9999 -9999 -9999 -9999 -9999 -9999 -9999 -9999 -9999 -9999 -9999 -9999 -9999 -9999 -9999 -9999 -9999 -9999 -9999 -9999 -9999 -9999 -9999 8.66867E-3 6.96691E-3 4.3295E-3 8.23228E-3 3.91009E-3 1.08227E-2 2.76511E-2 1.18715E-2 4.60088E-2 3.43803E-1 5.19279E-1 4.4217E-1 2.47525E-1 8.264E-2 9.53264E-2 3.61929E-2 2.65198E-2 4.37084E-2 6.9564E-2 4.96351E-2 5.94945E-2 -9999 -9999 -9999 -9999 -9999 -9999 -9999 1.72969E-2 -9999 -9999 -9999 1.88301E-1
2.01047E-1 2.06579E-1 7.10875E-2 4.0494E-2 7.02196E-2 3.46364E-2 -9999 -9999 -9999 -9999 -9999 -9999 -9999 -9999 -9999 -9999 -9999 -9999 -9999 -9999 -9999 -9999 -9999 -9999 -9999 -9999 -9999 -9999 -9999 -9999 -9999 -9999 -9999 7.91076E-3 9.90533E-3 9.02193E-3 4.1433E-3 4.743E-3 1.09703E-2 1.28477E-2 3.7848E-2 3.28756E-2 3.29527E-2 7.13967E-2 4.1313E-1 5.72295E-1 1.90915E-1 1.04377E-1 7.86442E-2 5.64368E-2 3.11329E-2 4.53658E-2 1.6497E-2 2.88439E-2 2.71335E-2 -9999 -9999 -9999 -9999 -9999 -9999 -9999 3.08495E-2 -9999 -9999 -9999 5.03459E-1
1.95692E-1 2.48991E-1 1.74877E-1 7.26334E-2 1.25654E-1 -9999 -9999 -9999 -9999 2.62875E-1 6.24121E-1 -9999 -9999 -9999 -9999 -9999 -9999 -9999 -9999 -9999 -9999 -9999 -9999 -9999 -9999 -9999 -9999 -9999 -9999 -9999 -9999 -9999 3.12166E-3 6.22885E-3 1.0586E-2 4.48943E-3 3.6762E-3 5.55358E-3 9.96073E-3 8.86527E-3 2.48221E-2 2.6117E-2 1.75949E-2 3.7639E-2 9.36871E-2 2.68344E-1 3.40836E-1 2.9337E-1 4.38504E-2 2.58278E-2 1.54673E-1 1.02363E-1 2.56362E-2 3.18676E-2 -9999 -9999 -9999 -9999 -9999 -9999 -9999 -9999 -9999 1.06977E-1 -9999 -9999 -9999
1.79502E-1 1.92367E-1 1.59544E-1 1.14582E-1 1.83346E-1 -9999 -9999 -9999 5.56472E-2 9.35186E-2 6.80253E-1 -9999 -9999 -9999 -9999 -9999 -9999 -9999 -9999 -9999 -9999 -9999 -9999 -9999 -9999 -9999 -9999 -9999 -9999 -9999 -9999 -9999 -9999 9.67917E-3 4.18178E-3 6.93914E-3 8.59153E-3 7.43926E-3 2.51825E-2 1.21861E-2 1.0376E-2 8.80612E-3 1.59587E-2 6.82233E-3 4.56251E-2 1.04521E-1 6.94101E-2 3.52131E-1 8.70857E-2 2.11846E-2 1.03076E-1 8.99431E-2 1.02357E-1 5.76435E-2 -9999 -9999 -9999 -9999 -9999 -9999 -9999 -9999 -9999 2.67831E-2 1.05064E-1 -9999 -9999
2.7384E-1 2.43133E-1 1.83438E-1 1.5692E-1 7.52134E-2 -9999 -9999 -9999 5.62334E-2 2.19987E-2 6.06183E-2 -9999 -9999 -9999 -9999 -9999 -9999 -9999 -9999 -9999 -9999 -9999 -9999 -9999 -9999 -9999 -9999 -9999 -9999 -9999 -9999 -9999 -9999 4.79669E-3 5.16596E-3 7.52347E-3 1.27449E-2 1.19507E-2 8.59211E-3 3.88838E-3 1.08685E-2 1.613E-2 3.12517E-2 2.5289E-2 4.10714E-2 6.55434E-2 5.67201E-2 9.85074E-2 4.00435E-2 1.83295E-2 1.51748E-2 3.41405E-2 2.24635E-2 7.36018E-2 -9999 -9999 -9999 -9999 -9999 3.57213E-2 5.80451E-2 -9999 -9999 8.56408E-2 2.74418E-1 2.91859E-1 6.21627E-1
1.76501E-1 1.88622E-1 2.13628E-1 1.18902E-1 6.9221E-2 -9999 -9999 -9999 4.46596E-2 3.00482E-2 9.8563E-3 -9999 -9999 -9999 -9999 -9999 -9999 4.74193E-3 6.57783E-3 -9999 -9999 -9999 -9999 -9999 -9999 -9999 -9999 -9999 -9999 -9999 -9999 -9999 -9999 2.85043E-3 1.10419E-2 8.37744E-3 1.09171E-2 7.6813E-3 5.09799E-3 1.48399E-2 1.46783E-2 1.22966E-2 1.19828E-2 2.53835E-2 3.97951E-2 6.33368E-2 4.28295E-2 2.25722E-1 3.1347E-1 3.80781E-1 3.7535E-1 3.39095E-1 3.62769E-1 3.66743E-1 -9999 -9999 -9999 -9999 -9999 2.77894E-2 5.95128E-2 3.43556E-2 -9999 -9999 1.69882E-1 3.1383E-1 4.70028E-1
2.51372E-1 1.33646E-1 1.62114E-1 4.03683E-1 2.45899E-1 -9999 -9999 1.03111E-2 3.2E-2 3.67591E-2 5.3147E-2 -9999 -9999 -9999 -9999 -9999 -9999 5.08075E-2 1.02049E-2 -9999 -9999 -9999 -9999 -9999 -9999 -9999 -9999 -9999 -9999 -9999 -9999 -9999 -9999 4.07548E-3 2.83968E-2 1.52298E-2 9.54607E-3 3.55923E-3 4.79242E-3 3.2533E-3 1.47709E-2 2.264E-2 5.32083E-2 5.0799E-2 5.0378E-2 6.59414E-2 8.9505E-2 2.72591E-1 5.46562E-1 2.38248E-1 9.33994E-2 1.95432E-1 4.71998E-1 2.53162E-1 -9999 -9999 -9999 -9999 -9999 6.02998E-2 1.05435E-1 3.71186E-2 -9999 -9999 7.37398E-3 1.18549E-2 1.67838E-1
2.28908E-1 1.24515E-1 1.38035E-1 2.28304E-1 2.5463E-1 -9999 -9999 3.0452E-2 2.84936E-2 1.22545E-2 4.34977E-2 -9999 -9999 -9999 -9999 -9999 -9999 1.45942E-1 1.1516E-1 -9999 -9999 -9999 -9999 -9999 -9999 -9999 -9999 -9999 -9999 -9999 -9999 -9999 -9999 -9999 6.99493E-3 1.70676E-2 3.8962E-2 1.82299E-2 7.32113E-3 2.79908E-3 2.88525E-3 1.31283E-2 3.96397E-2 3.88271E-2 5.62366E-2 2.55497E-1 3.47139E-1 5.47426E-1 6.3887E-1 3.56197E-1 2.35558E-1 2.28721E-1 1.64587E-1 -9999 -9999 -9999 7.97125E-2 5.64383E-2 -9999 8.07485E-2 3.61323E-3 1.88015E-2 1.84589E-2 1.0252E-2 1.49035E-2 2.59594E-2 3.79056E-2
3.22084E-1 2.55041E-1 1.88999E-1 1.22623E-1 1.77505E-1 1.17654E-1 2.06514E-2 1.23046E-2 1.27954E-2 1.38374E-2 1.42317E-2 -9999 -9999 -9999 -9999 -9999 -9999 2.7758E-1 1.09334E-1 5.30773E-2 -9999 -9999 -9999 -9999 -9999 -9999 -9999 -9999 -9999 -9999 -9999 -9999 -9999 -9999 5.19146E-3 8.59095E-3 2.46372E-2 5.41882E-2 8.36984E-3 8.30058E-3 1.03738E-2 1.72177E-2 4.46965E-2 5.87507E-2 1.0045E-1 2.04471E-1 2.98799E-1 2.73132E-1 7.17553E-1 3.02092E-1 2.25174E-1 9.76025E-2 -9999 -9999 -9999 -9999 8.8471E-2 4.4635E-2 8.50979E-2 1.01781E-1 1.6803E-2 6.92486E-3 3.348E-2 7.20472E-3 3.29335E-2 3.50346E-2 1.73291E-2
2.78057E-1 2.54435E-1 2.52439E-1 1.46499E-1 2.2286E-1 1.27506E-1 1.57131E-2 1.78954E-2 2.65199E-2 3.60943E-3 2.40002E-3 -9999 -9999 -9999 -9999 -9999 1.80924E-1 2.32255E-1 1.86196E-1 1.46266E-1 -9999 -9999 -9999 -9999 -9999 -9999 -9999 -9999 -9999 -9999 -9999 -9999 -9999 -9999 4.74736E-3 7.69708E-3 1.61663E-2 9.37189E-2 3.53737E-2 7.91485E-3 7.92805E-3 2.05265E-2 4.38339E-2 5.34782E-2 1.54947E-1 3.78953E-1 5.28355E-1 3.61585E-1 4.09631E-1 2.88087E-1 9.39763E-2 1.87353E-2 -9999 -9999 -9999 4.22597E-2 8.49737E-2 1.32979E-1 1.7863E-1 7.58227E-2 1.4337E-1 1.22834E-2 1.02093E-2 1.07078E-2 5.13342E-2 8.37353E-2 2.03319E-2
1.19046E-1 1.21417E-1 2.04753E-1 1.74507E-1 1.62095E-1 6.51579E-2 7.50456E-2 3.55153E-2 2.12998E-2 1.67448E-2 1.55953E-2 -9999 -9999 -9999 -9999 -9999 6.92947E-2 4.87213E-1 4.29977E-1 3.07465E-1 1.51665E-1 5.80079E-2 -9999 -9999 -9999 -9999 -9999 -9999 -9999 -9999 -9999 -9999 -9999 -9999 -9999 1.02003E-2 6.8589E-2 8.21401E-2 2.67396E-2 2.50534E-2 3.70824E-2 5.10446E-2 7.32504E-2 3.77483E-2 1.59362E-1 5.31815E-1 5.55371E-1 6.06586E-1 6.22165E-1 1.64702E-1 2.46136E-1 1.33398E-1 -9999 -9999 1.19556E-1 6.83431E-2 1.25869E-1 3.20705E-1 5.00625E-1 3.54759E-1 9.12854E-2 3.39969E-2 1.53672E-2 4.87237E-3 2.85561E-3 8.01647E-3 3.85269E-3
9.44851E-2 1.52492E-1 1.8838E-1 3.42737E-1 2.41311E-1 8.38736E-2 2.3564E-1 1.43779E-1 1.1944E-1 7.20462E-2 8.5613E-2 -9999 -9999 -9999 -9999 -9999 7.72943E-2 5.43121E-2 7.18722E-1 8.10165E-1 5.34709E-1 1.58384E-1 2.05824E-1 -9999 -9999 -9999 -9999 -9999 -9999 -9999 -9999 -9999 -9999 -9999 -9999 2.7075E-2 5.17196E-2 7.60209E-2 6.56726E-2 3.59136E-2 3.27829E-2 3.93655E-2 2.92771E-2 1.41286E-1 3.74004E-1 5.29076E-1 7.55656E-1 7.27534E-1 4.47679E-1 2.35016E-1 5.08253E-1 -9999 -9999 -9999 1.16776E-1 1.22633E-1 2.09731E-1 8.10872E-1 4.73177E-1 2.38234E-1 1.93621E-1 4.22761E-2 5.43353E-2 1.45915E-3 1.33706E-2 1.44662E-2 9.78628E-3
1.22848E-1 1.59083E-1 2.17021E-1 2.07639E-1 2.80744E-1 1.63712E-1 2.66423E-1 1.38719E-1 1.72736E-1 2.05032E-1 1.59769E-1 -9999 -9999 -9999 -9999 -9999 8.30189E-2 1.63205E-1 8.03863E-2 5.00309E-1 7.71224E-1 4.11821E-1 3.45949E-1 -9999 -9999 -9999 -9999 -9999 -9999 -9999 -9999 -9999 -9999 -9999 -9999 7.32715E-3 2.56665E-2 3.11133E-2 6.74436E-2 2.2488E-2 7.99284E-2 7.55828E-2 1.68825E-1 1.61641E-1 4.61733E-1 7.49822E-1 6.19542E-1 5.46765E-1 4.89292E-1 1.74137E-1 2.74587E-1 -9999 -9999 -9999 1.20434E-1 1.78838E-1 5.1884E-1 7.01356E-1 5.61638E-1 3.72537E-1 2.17196E-1 4.669E-2 1.26333E-3 1.84363E-2 2.55842E-3 2.28966E-2 1.05031E-2
1.96825E-1 1.84073E-1 2.00554E-1 2.70783E-1 1.84505E-1 1.70297E-1 2.23948E-1 2.50271E-1 3.46556E-1 1.96112E-1 2.28208E-1 -9999 -9999 -9999 -9999 -9999 2.07306E-2 1.54995E-2 8.10751E-2 1.63538E-1 4.03229E-1 4.04219E-1 3.62522E-1 -9999 -9999 -9999 -9999 -9999 -9999 -9999 -9999 -9999 -9999 -9999 -9999 2.1646E-2 3.19256E-2 1.9774E-2 4.21121E-2 3.19678E-2 1.45503E-1 1.55985E-1 3.57356E-1 2.96088E-1 3.41315E-1 7.19302E-1 6.53087E-1 4.64539E-1 5.18139E-1 1.58553E-1 -9999 -9999 -9999 4.34357E-1 2.29294E-1 3.26732E-1 2.92108E-1 4.26203E-1 4.94593E-1 4.511E-1 2.86571E-1 9.21684E-3 7.91843E-4 2.57331E-2 1.27881E-2 1.35965E-2 7.33424E-3
-9999 1.73004E-1 2.42705E-1 2.76467E-1 2.94592E-1 1.92725E-1 2.57554E-1 1.0585E-1 4.06274E-1 3.45166E-1 2.38451E-1 -9999 -9999 -9999 -9999 -9999 2.00578E-2 1.76986E-2 3.85707E-2 1.31766E-1 1.46615E-1 2.52715E-1 1.87472E-1 -9999 -9999 -9999 -9999 -9999 -9999 3.6215E-2 -9999 -9999 -9999 -9999 -9999 -9999 2.06825E-2 3.38944E-3 2.99015E-2 4.0427E-2 1.28369E-1 2.62666E-1 4.0118E-1 3.36501E-1 2.92816E-1 7.7809E-1 5.6774E-1 3.51141E-1 2.49958E-1 4.77611E-1 -9999 -9999 -9999 3.12166E-1 2.55658E-1 3.27169E-1 3.86812E-1 3.3356E-1 2.88019E-1 3.70092E-1 1.34131E-1 1.62348E-3 8.59158E-4 2.34944E-2 3.33586E-3 2.66344E-2 2.79631E-2
-9999 -9999 2.68141E-1 3.15196E-1 2.57623E-1 1.62514E-1 1.55877E-1 1.23942E-1 1.97592E-1 2.95549E-1 2.66411E-1 -9999 -9999 -9999 -9999 -9999 1.83757E-2 1.25663E-2 2.64231E-2 1.2495E-1 2.43605E-1 3.35816E-1 4.01679E-1 -9999 -9999 -9999 -9999 -9999 -9999 2.86875E-2 3.15197E-2 -9999 -9999 -9999 3.10822E-2 -9999 3.76217E-2 1.16675E-2 4.60776E-2 5.55504E-2 2.12432E-1 2.2102E-1 2.57181E-1 5.10949E-1 2.97438E-1 4.83909E-1 4.38097E-1 2.33787E-1 4.21543E-1 8.24082E-1 -9999 -9999 7.85353E-1 7.10179E-1 5.09256E-1 3.25759E-1 3.3979E-1 5.05943E-1 4.29344E-1 3.00444E-1 4.86254E-2 6.82459E-5 5.83818E-3 2.09746E-2 5.91216E-4 1.84726E-2 1.77681E-2
-9999 -9999 3.16357E-1 3.34495E-1 2.83553E-1 1.4543E-1 1.8799E-1 3.19494E-1 2.66461E-1 6.08113E-1 4.8035E-1 -9999 -9999 -9999 -9999 -9999 1.22903E-2 2.40153E-2 1.88474E-2 9.02421E-2 3.43904E-1 5.63161E-1 5.28176E-1 -9999 -9999 -9999 -9999 -9999 -9999 1.084E-1 7.33035E-2 -9999 -9999 -9999 7.14089E-2 9.31742E-2 9.88163E-2 1.83717E-1 2.0871E-1 4.28389E-1 3.26491E-1 2.8883E-1 4.08375E-1 4.62206E-1 7.23522E-1 4.14243E-1 3.34866E-1 5.59338E-1 8.24833E-1 6.89784E-1 8.19889E-1 6.91746E-1 6.17181E-1 6.76477E-1 3.56704E-1 4.52539E-2 1.64298E-1 1.11096E-1 2.30436E-1 2.41205E-1 1.17712E-1 1.16841E-2 6.20121E-5 2.81585E-3 3.16454E-3 1.47812E-2 2.25779E-2
-9999 -9999 -9999 2.2719E-1 2.1137E-1 2.9253E-1 1.12544E-1 1.32084E-1 2.00195E-1 3.91734E-1 2.0674E-1 1.52484E-1 -9999 -9999 -9999 9.60443E-2 7.84895E-2 6.531E-2 4.7323E-2 1.20147E-1 2.7852E-1 7.31147E-1 4.04758E-1 4.06899E-1 -9999 -9999 -9999 -9999 -9999 9.1411E-2 1.22685E-1 1.17721E-1 -9999 -9999 8.67645E-2 1.37105E-1 2.55863E-1 1.77134E-1 2.00671E-1 2.89962E-1 3.58464E-1 4.11697E-1 2.98176E-1 2.90488E-1 5.09803E-1 3.25052E-1 2.68791E-1 3.17688E-1 7.3503E-1 8.91197E-1 7.6146E-1 6.96207E-1 7.22256E-1 7.63461E-1 5.75289E-1 1.43115E-1 3.13685E-2 1.11114E-1 1.25085E-1 6.71872E-2 3.01389E-2 4.33483E-2 1.45899E-3 2.55776E-3 7.81625E-4 4.74926E-3 2.05554E-2
-9999 -9999 -9999 1.91879E-1 2.49225E-1 1.89379E-1 2.42282E-1 1.49418E-1 3.15189E-1 2.98699E-1 2.77442E-1 1.52857E-1 -9999 -9999 -9999 8.07226E-2 3.37517E-2 1.65375E-2 3.14384E-2 9.03278E-2 3.74241E-1 5.25269E-1 4.30214E-1 3.05624E-1 -9999 -9999 -9999 -9999 -9999 2.51629E-1 1.91472E-1 1.09495E-1 -9999 -9999 1.39331E-1 2.03831E-1 1.74415E-1 2.40361E-1 2.72934E-1 1.55442E-1 1.88809E-1 3.50835E-1 3.36671E-1 4.72627E-1 5.69582E-1 5.22668E-1 7.25087E-1 2.82961E-1 8.635E-1 8.64496E-1 5.61225E-1 6.19854E-1 6.57101E-1 3.50448E-1 4.69843E-1 3.81611E-1 1.81434E-1 8.26234E-2 9.47253E-2 1.56143E-1 1.10612E-1 4.21247E-2 6.49183E-5 1.09924E-3 5.7228E-4 1.42397E-2 1.47056E-2
-9999 -9999 -9999 -9999 3.03663E-1 3.08488E-1 1.98433E-1 1.53475E-1 2.31455E-1 3.60313E-1 3.61175E-1 2.94245E-1 2.09426E-1 -9999 -9999 6.18234E-2 4.19225E-2 1.13703E-1 3.11016E-2 9.60064E-2 2.37513E-1 4.0489E-1 6.66104E-1 4.65172E-1 -9999 -9999 -9999 -9999 -9999 -9999 1.6648E-1 2.03821E-1 1.41285E-1 5.17595E-2 8.66079E-2 1.35442E-1 1.3685E-1 1.41798E-1 3.2653E-1 4.71787E-1 1.60914E-1 1.30345E-1 1.77771E-1 2.19244E-1 3.72585E-1 3.46138E-1 4.1956E-1 6.83299E-1 8.94858E-1 6.54022E-1 5.18782E-1 6.61474E-1 4.70115E-1 6.90821E-1 5.75995E-1 5.29159E-1 2.24611E-1 8.87877E-2 3.75785E-2 6.39798E-2 5.02358E-2 1.34661E-2 2.77207E-5 5.9352E-3 2.06027E-3 1.27586E-2 1.06443E-1
4.11379E-1 -9999 -9999 -9999 -9999 2.94155E-1 2.35977E-1 2.28987E-1 3.87537E-1 2.73071E-1 3.52636E-1 2.49948E-1 3.17887E-1 -9999 -9999 1.31947E-1 1.44911E-1 2.98353E-1 1.04862E-1 5.7893E-2 1.73665E-1 1.92006E-1 5.40594E-1 5.21876E-1 3.10544E-1 -9999 -9999 -9999 -9999 -9999 2.17568E-1 9.8098E-2 2.88337E-1 1.98268E-1 1.4601E-1 1.3937E-1 6.86365E-2 1.39408E-1 1.40664E-1 4.45534E-1 1.64932E-1 1.57256E-1 1.2487E-1 1.80223E-1 3.48003E-1 4.11547E-1 3.90717E-1 6.45244E-1 7.7178E-1 7.6761E-1 4.35651E-1 3.70562E-1 5.9896E-1 3.63905E-1 4.65454E-1 5.07234E-1 1.97327E-1 9.03856E-2 4.29597E-2 9.52946E-3 3.58042E-4 6.24767E-4 3.08947E-4 7.83733E-4 9.11239E-3 5.56302E-3 4.18647E-2
3.60358E-1 6.16794E-1 -9999 -9999 -9999 3.39096E-1 2.68659E-1 3.16658E-1 2.70102E-1 2.43572E-1 4.55577E-1 1.63115E-1 3.12393E-1 3.38792E-1 2.88773E-1 2.56423E-1 4.09572E-1 4.03412E-1 1.20842E-1 6.50483E-2 1.69753E-1 2.1421E-1 3.30382E-1 3.31694E-1 4.44848E-1 -9999 -9999 -9999 -9999 -9999 1.83673E-1 1.09704E-1 1.26361E-1 1.48983E-1 1.40404E-1 1.09484E-1 1.15116E-1 1.04939E-1 1.11716E-1 4.27535E-1 3.7041E-1 1.05188E-1 1.58466E-1 1.74326E-1 2.12402E-1 3.77467E-1 4.19562E-1 5.24275E-1 5.34088E-1 5.73635E-1 4.42616E-1 4.32599E-1 6.43509E-1 2.38519E-1 4.32805E-1 1.47671E-1 1.99285E-1 6.0665E-2 4.27126E-2 3.7267E-3 6.31724E-5 1.05853E-4 8.74711E-4 5.46235E-3 1.03166E-2 4.66116E-3 4.54891E-2
3.30834E-1 3.98381E-1 3.58537E-1 -9999 -9999 3.40822E-1 3.06374E-1 1.97395E-1 2.99067E-1 1.99703E-1 2.90794E-1 2.15801E-1 2.82876E-1 3.73062E-1 5.04009E-1 3.42692E-1 1.91388E-1 4.39592E-1 1.22361E-1 7.37616E-2 8.88495E-2 1.28165E-1 1.16657E-1 1.94466E-1 -9999 -9999 -9999 -9999 -9999 -9999 9.09547E-2 6.72908E-2 9.66482E-2 2.56812E-1 1.60536E-1 1.84961E-1 2.49278E-1 2.48488E-1 2.16667E-1 3.96788E-1 4.48533E-1 4.32941E-1 1.84379E-1 1.69217E-1 1.7664E-1 2.26921E-1 3.98559E-1 4.25103E-1 3.97971E-1 3.25641E-1 3.7136E-1 2.93605E-1 5.14613E-1 2.66901E-1 4.17459E-1 3.00947E-1 2.49831E-1 9.37858E-2 4.21703E-2 2.82813E-2 3.13255E-5 6.82488E-4 2.23185E-3 1.01451E-2 8.24571E-3 5.42162E-3 8.27259E-3
3.09702E-1 1.79218E-1 2.0938E-1 -9999 -9999 2.71155E-1 2.55061E-1 3.45178E-1 2.36309E-1 2.2478E-1 3.36175E-1 2.7618E-1 1.30308E-1 1.6516E-1 2.96355E-1 2.01961E-1 1.72949E-1 2.72555E-1 1.71886E-1 1.70891E-1 3.47137E-2 5.76016E-2 5.91893E-2 3.13572E-1 -9999 -9999 -9999 2.83016E-1 -9999 -9999 6.8367E-2 3.7661E-2 3.38733E-2 2.45057E-1 3.44731E-1 5.21324E-1 4.79881E-1 2.56533E-1 2.67579E-1 5.42001E-1 3.82796E-1 5.55826E-1 5.44023E-1 5.09673E-1 2.15666E-1 2.27295E-1 2.37545E-1 3.65746E-1 5.29539E-1 4.84754E-1 3.36068E-1 2.44537E-1 1.27821E-1 2.38176E-1 4.01611E-1 3.345E-1 1.04299E-1 4.70216E-2 2.93174E-2 1.41363E-2 1.89988E-3 1.13039E-2 3.66413E-2 8.55478E-2 2.59497E-2 3.11347E-2 1.23746E-1
3.4502E-1 2.80601E-1 2.70974E-1 1.45053E-1 2.00026E-1 2.07671E-1 2.9015E-1 2.8713E-1 2.26967E-1 2.42033E-1 2.2908E-1 2.1288E-1 1.15837E-1 2.18618E-1 2.52671E-1 3.14645E-1 3.723E-1 2.96608E-1 2.2603E-1 1.42907E-1 5.87575E-2 3.18072E-2 9.76395E-2 1.1501E-1 1.15584E-1 -9999 2.2917E-1 2.16305E-1 -9999 -9999 2.2133E-1 9.11835E-2 4.34382E-2 4.67301E-2 1.49411E-1 3.34228E-1 3.01365E-1 3.23056E-1 2.41289E-1 5.37288E-1 3.59674E-1 4.99022E-1 6.67322E-1 8.53958E-1 4.20431E-1 3.98046E-1 4.41134E-1 5.83794E-1 5.74441E-1 5.04739E-1 7.02772E-1 3.54691E-1 1.14707E-1 1.6243E-1 9.28351E-2 1.24389E-1 1.01261E-1 6.2212E-2 1.01735E-1 5.93905E-2 1.74667E-3 2.99464E-2 5.12802E-2 5.96214E-2 9.1779E-2 1.14009E-1 1.06122E-1
3.83478E-1 4.45906E-1 2.1794E-1 1.56577E-1 2.69699E-1 2.61356E-1 2.25842E-1 2.14705E-1 1.96221E-1 2.48197E-1 2.21417E-1 2.12991E-1 2.79837E-1 3.7072E-1 3.59637E-1 4.89286E-1 4.40888E-1 1.99248E-1 1.59563E-1 2.86006E-1 2.00115E-1 1.64291E-2 1.26873E-2 3.57005E-2 4.83834E-2 -9999 1.42431E-1 1.94431E-1 3.6909E-1 1.93405E-1 5.03649E-1 2.03414E-1 1.74416E-1 1.45825E-1 1.94139E-1 2.43446E-1 3.40943E-1 4.90306E-1 4.11453E-1 3.98566E-1 1.83365E-1 2.86059E-1 6.88878E-1 8.6904E-1 3.31803E-1 1.63105E-1 2.88707E-1 3.30393E-1 4.71936E-1 5.72924E-1 6.47454E-1 3.16982E-1 8.67054E-2 3.13444E-1 2.75642E-1 1.30022E-1 9.6663E-2 1.10413E-1 3.08324E-2 4.23093E-2 5.22761E-2 9.49465E-2 1.16975E-1 4.44787E-2 3.27643E-2 5.1094E-2 7.23757E-3
2.55795E-1 2.12711E-1 3.02539E-1 1.45234E-1 1.8456E-1 2.73255E-1 1.51139E-1 2.56253E-1 3.12098E-1 2.39624E-1 1.25689E-1 1.71617E-1 4.20372E-1 3.38304E-1 3.34668E-1 4.50908E-1 2.73604E-1 1.72719E-1 4.05159E-1 2.77268E-1 2.59933E-1 8.565E-2 1.64279E-2 1.2814E-2 1.22541E-2 1.29008E-2 6.4607E-2 1.61792E-1 3.5108E-1 3.07627E-1 3.23757E-1 4.71892E-1 1.1148E-1 1.34209E-1 1.77179E-1 3.47857E-1 3.55739E-1 4.59303E-1 3.77629E-1 3.68191E-1 3.18673E-1 5.07946E-1 7.44037E-1 4.89199E-1 2.01638E-1 1.64412E-1 3.03762E-1 4.44476E-1 4.23404E-1 5.17799E-1 6.02224E-1 3.1722E-1 2.44686E-1 1.16496E-1 7.43953E-2 5.53915E-2 6.03842E-2 7.55652E-2 5.10808E-2 1.67066E-2 4.01983E-2 7.17025E-2 1.02384E-1 5.39088E-3 4.76456E-3 2.74981E-2 7.8454E-3
1.94076E-1 1.60562E-1 2.15341E-1 2.23517E-1 1.31661E-1 1.22986E-1 2.52845E-1 2.64911E-1 1.83883E-1 2.0779E-1 1.56274E-1 1.01957E-1 2.99386E-1 3.11541E-1 3.11848E-1 4.45468E-1 3.7475E-1 2.55461E-1 2.49735E-1 2.01434E-1 1.35661E-1 1.25992E-1 6.73548E-2 1.23285E-2 4.87895E-3 1.63107E-2 1.68068E-2 5.74422E-2 2.98711E-1 4.97623E-1 1.5581E-1 2.92316E-1 1.1635E-1 1.96691E-1 9.85658E-2 2.12648E-1 5.44182E-1 3.26338E-1 4.50553E-1 3.75705E-1 5.98132E-1 5.63402E-1 8.22797E-1 1.9228E-1 1.33135E-1 2.13155E-1 2.54978E-1 2.8506E-1 2.21219E-1 3.80694E-1 5.40595E-1 1.1736E-1 8.12862E-2 6.31027E-2 5.40343E-2 1.87002E-2 1.38801E-2 5.15567E-2 4.36295E-2 3.22503E-2 1.58256E-2 2.68301E-2 7.18081E-2 6.32967E-2 6.50161E-3 1.28905E-2 9.72658E-3
2.55265E-1 1.53694E-1 2.2152E-1 2.36422E-1 1.82399E-1 1.49764E-1 1.68293E-1 2.01405E-1 2.26898E-1 2.70601E-1 2.14707E-1 8.2497E-2 9.98434E-2 1.81984E-1 2.17251E-1 5.49144E-1 5.24465E-1 3.42915E-1 1.97877E-1 1.24808E-1 9.21864E-2 1.85526E-1 1.90668E-1 5.1478E-2 1.84439E-2 1.54746E-2 5.71928E-3 6.60732E-3 1.14728E-1 3.80553E-1 1.66927E-1 2.94987E-1 3.43335E-1 2.28496E-1 8.06684E-2 2.06222E-1 4.29912E-1 4.3549E-1 3.02647E-1 2.35467E-1 4.08854E-1 4.97745E-1 7.74629E-1 2.31227E-1 1.61021E-1 1.43727E-1 1.45716E-1 1.09629E-1 9.0399E-2 2.82023E-1 4.74915E-1 1.26544E-1 1.31296E-1 7.65587E-2 4.69216E-2 1.96788E-2 3.65264E-3 9.52559E-3 7.76581E-3 3.31342E-2 5.36868E-2 3.91066E-2 9.17853E-2 2.97656E-2 1.49799E-3 3.85309E-3 7.75288E-3
1.50211E-1 1.98045E-1 1.71393E-1 2.43309E-1 2.46882E-1 1.71592E-1 1.88102E-1 2.9582E-1 1.86313E-1 2.00145E-1 1.87598E-1 1.4555E-1 5.62787E-2 1.26681E-1 2.44368E-1 4.08228E-1 4.21191E-1 3.03175E-1 2.51477E-1 9.18557E-2 8.76326E-2 2.60613E-1 3.37404E-1 3.05986E-1 9.11836E-2 2.38517E-2 2.80108E-3 8.73291E-3 2.56383E-2 3.17786E-1 2.87841E-1 1.02879E-1 1.49861E-1 2.67711E-1 1.01798E-1 2.71566E-1 3.51276E-1 3.14187E-1 1.96714E-1 2.4189E-1 6.39175E-1 7.98602E-1 5.31795E-1 4.46583E-1 3.29288E-1 2.35756E-1 1.73865E-1 1.22525E-1 2.43358E-1 8.04476E-2 1.72877E-1 1.60554E-1 1.03418E-1 1.89646E-1 2.22085E-2 1.07258E-2 4.70517E-4 9.78061E-5 1.09215E-2 6.12361E-3 6.43376E-3 7.65011E-3 2.9763E-2 2.77464E-3 2.84082E-3 4.15352E-3 1.7608E-3
