ENM/Final_Models/M_2_F_lq_Set_1_EC/Gustavia_santanderiensis_4_Choco.asc
ncols         367
nrows         963
xllcorner     -78.6
yllcorner     0.65
cellsize      0.00833333333333323
NODATA_value  -9999
[rows 870 to 899 of 963, columns 67 to 133 of 367]
4.30467E-1 3.83767E-1 5.58722E-1 5.82702E-1 7.35629E-1 6.4284E-1 3.53117E-1 2.80139E-1 2.51758E-1 2.29951E-1 1.97729E-1 1.35379E-1 7.80749E-2 5.38264E-2 3.8124E-2 6.07132E-2 6.62088E-2 7.97084E-2 6.94855E-2 8.3592E-2 1.78697E-1 2.14464E-1 1.94335E-1 2.19669E-1 4.65429E-1 6.00648E-1 2.53826E-1 2.50769E-1 2.16599E-1 2.40813E-1 2.47291E-1 2.02928E-1 2.08853E-1 3.75726E-2 2.16296E-2 1.54556E-2 1.97658E-2 6.21217E-3 1.9687E-3 2.93515E-5 2.34516E-6 1.01517E-5 1.19644E-5 1.22046E-5 5.57626E-6 3.33807E-6 4.9891E-7 2.90998E-7 2.0744E-7 1.51656E-7 7.24008E-8 6.026E-8 4.53566E-8 2.2375E-7 2.03282E-6 7.52107E-5 6.39971E-4 6.28901E-3 1.10295E-2 1.2298E-3 8.05122E-5 3.03586E-5 1.32818E-4 2.84726E-5 4.66415E-4 4.65578E-2 1.95249E-1
1.78455E-1 4.86021E-1 4.89379E-1 5.7553E-1 6.39795E-1 5.79792E-1 5.77775E-1 2.47323E-1 2.14545E-1 3.08388E-1 1.58824E-1 1.06426E-1 8.00487E-2 1.99139E-2 6.75243E-3 1.2244E-2 3.39599E-2 4.74627E-2 4.33806E-2 5.58514E-2 1.02243E-1 1.60834E-1 1.43137E-1 2.38682E-1 5.2877E-1 3.35164E-1 2.83047E-1 2.08342E-1 2.20757E-1 2.20287E-1 2.54511E-1 1.89051E-1 2.31461E-1 6.4775E-2 1.28391E-2 8.40448E-3 1.38409E-2 1.00328E-2 2.35417E-4 8.03652E-5 4.37711E-5 2.04841E-5 4.85995E-5 2.6789E-5 6.35912E-6 1.21613E-6 2.71273E-7 1.49132E-7 7.77752E-8 1.19527E-7 1.08823E-7 4.25432E-8 5.48436E-8 2.79369E-7 5.26564E-6 1.53083E-4 1.80753E-3 1.48032E-2 9.31274E-4 9.73721E-5 1.63202E-5 3.43055E-5 6.31802E-5 9.34053E-5 1.11758E-3 3.08252E-2 1.33048E-1
3.35165E-1 5.12622E-1 3.76743E-1 4.6808E-1 6.78994E-1 4.91184E-1 4.43855E-1 2.32709E-1 2.87752E-1 1.27615E-1 1.31439E-1 7.2465E-2 1.02104E-2 2.20736E-3 7.68225E-4 5.07557E-3 1.24604E-2 3.09159E-2 9.28125E-2 8.87684E-2 1.23939E-1 1.26111E-1 1.79195E-1 3.94359E-1 4.94568E-1 4.34429E-1 2.60175E-1 1.59139E-1 1.20292E-1 9.45748E-2 1.03729E-1 1.13263E-1 1.65627E-1 1.12199E-1 9.51497E-3 3.10126E-2 1.2014E-2 2.04352E-2 8.26192E-3 4.95476E-3 2.09092E-3 8.44446E-4 2.75677E-4 9.41269E-5 4.96577E-6 3.89601E-7 1.39532E-7 5.98023E-8 7.0568E-8 9.72171E-8 7.93068E-8 6.87473E-8 3.06052E-7 4.02403E-6 3.67225E-5 1.96154E-3 7.1137E-3 4.75418E-3 6.29139E-5 1.22191E-5 4.28782E-6 7.79769E-6 7.22299E-5 2.90297E-3 1.6988E-2 7.68678E-2 1.32577E-1
3.89172E-1 4.15969E-1 4.07513E-1 3.81347E-1 6.42647E-1 6.19771E-1 3.81294E-1 2.12356E-1 2.97145E-1 1.60618E-1 5.31592E-2 2.47813E-2 1.88303E-3 4.9955E-4 1.85971E-3 3.21062E-3 9.07048E-3 1.09201E-2 2.14529E-2 5.55442E-2 4.01606E-2 1.84717E-1 3.87075E-1 4.30441E-1 4.04586E-1 4.3881E-1 4.03071E-1 1.76333E-1 1.17924E-1 5.31525E-2 4.29327E-2 5.73211E-2 1.20424E-1 1.61527E-1 9.61836E-2 7.20062E-2 5.24551E-2 4.1688E-2 2.05227E-3 1.4712E-3 6.02227E-4 1.50453E-4 1.14748E-4 6.92769E-5 1.47283E-5 6.33885E-7 5.72144E-8 3.75188E-8 5.53494E-8 8.13732E-8 8.07631E-8 7.43305E-8 3.16407E-7 2.08911E-6 8.61169E-5 8.64005E-4 2.9747E-3 4.55543E-4 1.39073E-5 1.37746E-6 1.40144E-6 1.65433E-6 3.14669E-5 8.14101E-4 3.48242E-2 2.37896E-2 1.82731E-1
3.3231E-1 4.01484E-1 3.80883E-1 2.78275E-1 3.85347E-1 5.5212E-1 3.74355E-1 1.44486E-1 2.71939E-1 2.13251E-1 9.78838E-2 3.76971E-2 6.23117E-3 2.23246E-2 1.5818E-2 1.80266E-3 5.45656E-3 8.30704E-3 2.85365E-2 2.5958E-2 3.88733E-2 2.05706E-1 3.0192E-1 3.79545E-1 2.9387E-1 3.95686E-1 4.27036E-1 3.87867E-1 2.27051E-1 8.88136E-2 7.61779E-2 3.50503E-2 7.84901E-2 5.07233E-2 3.93732E-2 1.48573E-2 3.93858E-3 1.6246E-2 1.89917E-3 9.44212E-5 2.01174E-5 1.41021E-5 1.15239E-5 6.26999E-6 2.32896E-6 3.76811E-7 7.7169E-8 5.94293E-8 3.87243E-8 6.44712E-8 6.28607E-8 2.07466E-7 7.61464E-7 2.62644E-6 7.76913E-5 1.98798E-4 3.76601E-3 3.1864E-4 1.165E-5 7.13252E-7 6.69447E-7 1.17304E-6 2.64529E-5 6.81571E-4 2.33724E-2 1.02879E-2 1.48957E-1
1.81581E-1 2.71635E-1 3.2437E-1 2.19866E-1 2.19214E-1 2.14848E-1 9.35385E-2 6.31767E-2 1.76309E-1 1.77235E-1 1.97116E-1 1.2459E-1 1.02791E-1 8.72227E-2 4.63345E-3 3.19822E-4 8.8352E-4 8.58109E-3 2.10626E-2 8.48345E-2 2.10038E-1 2.16913E-1 2.6924E-1 3.14712E-1 2.19286E-1 2.45375E-1 2.85923E-1 4.14818E-1 2.62286E-1 2.539E-1 1.21905E-1 3.44545E-2 4.8184E-2 1.24066E-2 2.05698E-2 1.81183E-3 7.82419E-4 1.8791E-2 3.93596E-3 4.08093E-4 5.25178E-6 5.29769E-6 1.78209E-5 5.59594E-6 6.17836E-7 3.39722E-7 1.90747E-7 8.97078E-8 6.00051E-8 5.87821E-8 5.87241E-8 2.04064E-7 1.18705E-6 4.10054E-6 8.75871E-5 3.29349E-4 3.40387E-3 2.37012E-4 2.39103E-5 6.50094E-7 9.46413E-7 1.18968E-5 3.10756E-4 1.05429E-2 1.11135E-2 2.72527E-3 6.68118E-2
1.65775E-1 1.43103E-1 1.91276E-1 1.50052E-1 1.14271E-1 1.09153E-1 5.33697E-2 2.64304E-2 1.12068E-1 1.4664E-1 1.37859E-1 1.35858E-1 1.10262E-1 6.02649E-2 1.78133E-2 4.09687E-3 7.04624E-4 3.06788E-3 3.47061E-2 1.19506E-1 8.52207E-2 1.44349E-1 1.50805E-1 2.53728E-1 1.92501E-1 1.99965E-1 1.72827E-1 3.20495E-1 1.27626E-1 1.64714E-1 1.1381E-1 5.79186E-2 9.45458E-3 1.84989E-3 6.4537E-3 2.97207E-3 1.41503E-3 6.76321E-3 1.22725E-3 2.3541E-3 1.49784E-4 8.93809E-5 2.01432E-4 1.90757E-5 3.14745E-6 1.06215E-6 3.26868E-7 9.82331E-8 8.40457E-8 7.6116E-8 7.55242E-8 2.06645E-7 6.23196E-7 2.77291E-6 7.56018E-5 6.02658E-4 2.87233E-3 1.60177E-4 2.75343E-5 3.70011E-6 1.17412E-5 4.11445E-5 4.89009E-4 6.65243E-3 4.08883E-4 5.02253E-3 9.4096E-2
1.27633E-1 8.15984E-2 1.67879E-1 1.98547E-1 1.12891E-1 4.18182E-2 1.03672E-2 9.20543E-3 6.51419E-2 1.01139E-1 6.96857E-2 1.66275E-1 1.40648E-1 6.70519E-2 2.46775E-2 1.7833E-2 3.45324E-3 6.24648E-4 1.44191E-2 7.77617E-2 1.08681E-1 7.50907E-2 1.3424E-1 1.55887E-1 9.1566E-2 7.69389E-2 2.12673E-1 2.6144E-1 9.27661E-2 5.46728E-2 1.76593E-1 4.53865E-2 4.35629E-3 9.90793E-4 7.38406E-4 9.84344E-4 9.20838E-4 9.07149E-4 2.37671E-4 2.05393E-3 5.60065E-4 2.43117E-4 1.25338E-4 2.18714E-4 1.2126E-5 5.7298E-6 1.23601E-6 2.69609E-7 7.66165E-8 6.22364E-8 1.60517E-7 8.16771E-7 1.75729E-6 1.73134E-5 2.18228E-4 1.64539E-3 5.40888E-4 6.35738E-5 7.55745E-6 5.4202E-6 5.55493E-5 3.98847E-4 1.54605E-3 1.21159E-3 7.45027E-5 5.51502E-4 3.16522E-2
5.13245E-2 3.14837E-2 9.04019E-2 1.55854E-1 1.18174E-1 2.86237E-2 2.8149E-3 6.6567E-4 2.11049E-2 5.69774E-2 2.11718E-2 4.68677E-2 2.036E-1 1.08299E-1 2.8541E-2 3.73316E-2 2.37167E-2 9.20475E-4 1.98514E-2 4.98125E-2 4.27999E-2 3.4659E-2 9.54293E-2 1.1978E-1 1.19096E-1 5.44385E-2 1.49946E-1 2.04946E-1 9.78277E-2 2.26509E-2 8.70021E-2 6.97412E-2 2.88319E-2 1.49531E-3 9.3147E-4 7.11484E-4 3.77289E-4 6.05482E-5 1.32119E-5 6.82637E-4 1.00984E-3 1.12122E-3 3.26498E-4 2.80048E-4 6.21164E-5 4.00553E-5 2.28164E-6 9.48475E-8 5.88777E-8 7.53008E-8 2.76481E-7 8.13304E-7 1.52575E-5 1.1739E-4 7.03339E-4 5.20731E-4 1.45241E-4 9.11666E-5 4.65219E-6 2.75692E-6 5.07264E-5 3.31686E-4 7.11545E-4 1.08567E-4 1.57667E-4 2.96648E-3 7.04048E-2
1.92726E-2 1.57227E-2 5.57499E-2 1.21988E-1 1.06048E-1 3.71352E-2 2.79022E-3 2.69138E-3 3.00976E-2 1.22744E-2 1.72954E-3 1.50162E-2 1.61249E-1 1.47382E-1 8.28934E-2 3.14771E-2 1.4637E-2 8.80011E-4 2.86234E-3 1.64589E-2 5.25871E-3 1.77568E-2 9.08038E-2 1.21305E-1 3.34618E-2 7.97762E-2 1.08224E-1 1.51431E-1 7.17451E-2 2.04055E-2 6.77754E-3 4.66425E-3 2.54231E-2 1.51227E-2 7.67229E-3 3.74748E-3 3.46451E-4 2.76066E-5 3.72431E-6 1.68636E-4 5.73457E-5 5.01922E-4 2.13765E-4 1.1282E-4 6.94259E-5 2.09469E-5 3.39239E-6 2.12466E-7 5.72383E-8 8.52418E-8 4.80058E-7 2.11307E-6 1.02707E-5 1.38317E-4 5.87481E-4 1.3028E-4 1.79981E-5 6.87939E-5 6.651E-6 1.93637E-6 9.01286E-5 3.29441E-4 2.14217E-4 1.22084E-4 3.17093E-3 9.56234E-2 8.30422E-2
1.1748E-2 6.00904E-3 4.19925E-2 1.34011E-1 7.19962E-2 1.09091E-2 7.62682E-4 2.21894E-3 5.69613E-3 1.39701E-3 7.86977E-3 1.08458E-1 1.28559E-1 1.63961E-1 9.64985E-2 5.11398E-2 1.49882E-2 4.04949E-3 8.31689E-4 1.49292E-3 3.63059E-4 3.97911E-3 7.39469E-2 5.90039E-2 2.1203E-2 5.60553E-2 1.10181E-1 9.8027E-2 2.33055E-2 4.50831E-3 3.96721E-4 2.10152E-4 4.20911E-3 4.2584E-4 1.01667E-3 1.55164E-3 2.58647E-4 2.87199E-5 4.83175E-7 2.30022E-6 6.58751E-6 1.34704E-4 3.0731E-5 6.54585E-5 4.11456E-5 1.27795E-5 7.87086E-7 2.09992E-7 7.98262E-8 1.45986E-7 7.06148E-7 2.48243E-6 5.97068E-5 4.41663E-4 2.92831E-4 1.22573E-5 7.37914E-6 6.76281E-6 1.00304E-6 1.04546E-6 8.80431E-5 2.14474E-4 4.60631E-5 5.18662E-4 5.42126E-2 4.228E-2 4.79622E-3
2.93952E-3 7.65314E-3 3.77265E-2 9.04904E-2 4.74129E-2 7.44935E-3 1.14855E-3 6.93938E-4 9.71479E-4 1.35099E-3 3.82727E-2 7.68552E-2 5.86471E-2 1.29061E-1 1.05552E-1 7.15246E-2 3.0016E-2 4.17884E-3 2.29638E-3 8.25748E-4 1.18174E-3 6.15283E-3 6.33669E-2 2.82224E-2 2.25636E-2 8.69811E-2 1.43048E-1 1.05883E-1 1.10632E-2 3.21853E-4 1.00135E-4 1.57733E-4 1.28931E-3 2.22026E-4 4.81812E-4 9.30619E-4 2.4711E-4 2.01101E-5 5.36087E-7 3.70869E-7 1.54945E-5 1.30517E-4 5.67451E-5 7.46211E-5 7.49884E-5 3.25797E-5 6.96303E-7 1.00535E-7 1.01708E-7 2.36328E-7 1.61878E-6 1.45605E-5 1.69803E-4 1.33056E-4 2.27593E-4 3.7139E-5 6.66721E-6 1.48898E-6 1.21886E-7 7.96847E-7 2.42043E-5 5.57209E-5 8.90633E-6 5.60014E-4 6.97885E-2 1.97804E-2 -9999
1.46139E-3 2.77492E-2 7.05131E-2 1.08322E-1 1.01414E-1 2.59864E-2 7.91198E-3 4.80183E-4 4.11503E-4 9.91544E-3 4.37986E-2 3.3294E-2 9.42694E-3 4.86964E-2 7.61722E-2 6.749E-2 3.55227E-2 7.48876E-3 2.78154E-3 1.07997E-3 5.87883E-4 3.71825E-3 1.23427E-2 6.50118E-3 2.02375E-2 8.5921E-2 9.08329E-2 3.87372E-2 4.9366E-3 1.89352E-4 4.73926E-5 2.63656E-5 5.90316E-5 2.44743E-5 8.48442E-5 1.46733E-4 2.83303E-4 4.23189E-5 8.27675E-6 3.7037E-7 1.02512E-6 1.69894E-5 2.95197E-5 2.07013E-5 4.42469E-5 1.30517E-5 4.12519E-7 1.54505E-7 1.18843E-7 3.87919E-7 1.41151E-6 1.90369E-5 2.14375E-4 4.42109E-5 2.67187E-4 1.23971E-4 2.02908E-5 3.09546E-6 1.56777E-6 7.34296E-7 7.62097E-6 4.01656E-6 2.41308E-5 9.90352E-4 6.18434E-2 1.42245E-2 -9999
6.53499E-4 1.22649E-2 1.87677E-2 4.38546E-2 6.02456E-2 2.3967E-2 9.03992E-3 4.3149E-4 4.80879E-4 2.76792E-3 5.97709E-3 1.50395E-2 1.39614E-2 4.44472E-2 4.92996E-2 6.03782E-2 5.29105E-2 4.19323E-2 2.62184E-2 2.65138E-3 1.1767E-4 1.11085E-3 3.34273E-3 1.93014E-3 2.53212E-2 5.51495E-2 4.29206E-2 3.34834E-2 6.24376E-3 3.09015E-4 3.88315E-5 2.06426E-5 1.12921E-6 8.89509E-6 2.16953E-5 2.98364E-5 6.53919E-5 7.18921E-5 2.14312E-5 6.68158E-7 6.85118E-7 6.93398E-6 1.49364E-5 5.7154E-6 1.24922E-5 1.48936E-6 7.85493E-7 1.0506E-7 7.3374E-8 4.04102E-7 1.83337E-6 4.87711E-5 1.08474E-4 6.48534E-5 6.58189E-5 2.9506E-5 5.66547E-5 1.65486E-5 3.79694E-6 4.57892E-7 2.98662E-7 2.09852E-6 7.60512E-5 5.66745E-3 7.6074E-2 1.47988E-2 -9999
4.70072E-4 1.70685E-3 5.80187E-3 8.99092E-3 2.30615E-2 3.26548E-2 1.15862E-2 2.17005E-3 2.50691E-4 1.39471E-4 6.24578E-4 4.73052E-3 1.82058E-2 2.15755E-2 2.87048E-2 4.98352E-2 2.50243E-2 1.84283E-2 7.77412E-3 3.33212E-4 2.20882E-5 1.45786E-4 5.57174E-4 1.38545E-3 2.07982E-2 1.13071E-2 1.46704E-2 3.26741E-2 1.03024E-2 2.7616E-4 6.84389E-5 1.70699E-5 4.18481E-6 2.2266E-6 7.70747E-6 1.46486E-5 5.94994E-6 1.19281E-5 2.12874E-5 3.34765E-6 1.81076E-7 2.39682E-6 4.91172E-6 4.66448E-6 9.34439E-7 2.99949E-7 2.28782E-7 6.56505E-8 2.44654E-7 1.30223E-6 3.12337E-6 1.36892E-4 1.81268E-5 3.14873E-5 2.61887E-5 3.34838E-6 5.9207E-6 6.82648E-6 4.81463E-6 9.64527E-7 4.06419E-7 2.38781E-5 8.08904E-4 3.64138E-2 3.99192E-2 -9999 -9999
2.65093E-4 5.6571E-4 9.66096E-4 2.78711E-3 2.5444E-2 2.58334E-2 9.79516E-3 4.80356E-3 8.96485E-4 2.29858E-5 4.03154E-5 2.89412E-4 5.53527E-3 3.49876E-3 4.291E-3 2.89077E-2 8.89191E-3 3.55289E-3 2.74741E-3 4.75228E-4 1.03758E-4 4.83667E-5 4.45025E-4 3.67843E-3 7.29151E-3 1.8709E-3 5.26456E-3 2.32824E-2 2.16531E-2 5.85265E-3 2.66635E-3 1.04468E-4 1.42075E-5 4.09422E-6 5.52533E-6 2.02264E-6 8.62299E-7 2.63672E-6 2.12042E-5 1.86188E-6 2.25005E-7 8.91648E-7 9.93344E-7 1.04561E-6 1.22565E-6 1.70644E-7 8.34969E-8 8.0908E-8 2.84011E-7 9.90893E-7 1.84775E-5 1.93514E-4 1.17163E-5 3.94661E-6 4.29477E-5 9.56891E-6 1.79247E-6 4.89676E-7 6.12965E-7 2.29881E-7 9.12699E-7 5.29602E-5 7.98974E-4 6.32363E-2 2.44516E-2 2.2166E-2 -9999
2.15379E-4 3.15592E-4 8.08261E-4 2.13494E-3 1.64944E-2 1.52286E-2 4.4161E-3 1.50798E-3 1.30902E-3 2.45759E-5 8.99972E-6 1.0402E-4 4.02546E-4 3.03357E-4 1.75057E-3 2.15852E-2 1.20638E-2 1.95783E-3 7.48735E-4 2.65183E-4 8.54328E-5 1.6208E-4 1.68768E-3 7.12152E-4 1.46558E-4 1.67654E-4 5.41357E-3 1.15095E-2 7.96521E-3 1.97151E-3 7.14308E-4 7.04512E-4 4.78038E-5 1.66668E-5 1.08754E-5 3.72831E-6 6.64485E-7 3.18144E-6 9.38423E-6 4.08529E-6 6.05746E-7 2.30314E-7 2.53552E-7 3.48829E-7 3.45921E-7 8.19809E-8 1.00039E-7 2.36085E-7 1.53893E-6 5.37719E-6 1.3003E-4 9.68282E-5 1.64638E-5 1.50742E-6 6.27467E-6 5.07917E-6 5.22829E-6 2.58451E-6 8.43559E-7 5.18881E-7 3.00769E-5 3.14889E-4 5.85276E-3 6.6612E-2 8.53511E-3 3.87239E-3 1.54503E-3
2.60484E-4 2.71384E-4 5.52242E-4 1.39602E-3 6.11138E-3 4.41713E-3 6.61018E-3 1.93218E-4 1.57654E-4 7.89281E-5 9.89275E-6 1.68859E-5 1.29931E-5 6.91698E-5 3.74337E-4 6.55954E-3 1.57802E-2 2.24923E-3 3.49024E-4 8.24508E-5 1.2442E-4 2.68087E-4 4.96213E-4 2.68165E-4 4.85024E-5 1.03946E-4 9.49633E-4 6.60921E-3 7.4825E-4 1.20184E-4 2.92479E-5 2.24127E-4 3.00601E-4 1.16592E-4 2.70423E-5 7.71944E-6 1.64907E-6 3.75857E-6 1.28213E-6 1.29981E-6 2.17069E-6 1.31824E-7 1.01181E-7 1.21894E-7 1.57941E-7 9.73375E-8 1.26127E-7 5.01619E-7 2.11481E-6 1.2688E-5 9.8944E-5 3.47317E-5 1.1283E-5 1.12702E-6 3.42873E-6 8.46825E-7 2.26416E-6 1.52578E-6 9.12781E-7 5.94758E-7 7.04817E-5 1.09418E-3 8.88046E-3 4.57728E-2 1.47653E-2 3.91638E-3 1.03279E-3
6.79415E-4 2.25694E-4 2.32662E-4 6.75051E-4 1.6799E-3 1.04058E-3 7.58157E-4 2.75364E-4 9.90973E-6 3.95215E-6 2.56521E-6 5.24803E-6 1.77496E-5 1.03968E-4 6.24278E-4 2.06103E-3 3.84013E-3 6.1039E-3 8.65562E-4 1.58522E-3 9.94411E-4 1.07488E-3 2.15671E-4 2.58997E-4 3.00151E-5 3.43455E-5 1.9223E-4 1.87825E-4 1.0062E-4 2.11825E-5 8.95387E-6 2.11412E-5 4.67793E-5 6.01989E-5 3.1729E-5 4.38382E-6 1.90005E-6 1.0895E-6 1.61047E-6 2.64626E-7 8.8012E-7 3.53793E-7 1.4093E-7 1.3407E-7 1.25125E-7 1.11378E-7 1.28475E-7 4.73976E-7 1.22525E-5 8.5465E-5 1.14562E-5 1.20567E-5 2.94107E-6 1.59589E-6 1.39307E-6 7.70255E-7 3.98645E-7 7.47637E-7 6.11744E-7 6.37588E-7 3.89151E-5 5.86119E-4 4.32975E-3 1.56717E-2 5.44166E-2 1.21785E-2 1.11715E-3
7.86352E-4 4.01758E-4 1.69226E-4 2.98984E-4 2.40293E-4 6.76821E-4 2.40588E-4 6.22732E-5 5.23941E-6 2.37413E-6 1.62138E-6 1.50551E-5 6.77145E-5 2.21381E-4 5.40314E-4 1.40994E-4 6.27243E-4 5.43882E-3 4.65122E-3 1.89857E-3 4.60976E-4 1.57375E-4 6.50235E-5 1.46017E-4 3.60691E-5 8.25676E-5 9.37575E-5 4.67297E-5 3.00032E-5 1.32735E-5 5.83268E-6 4.18414E-6 2.16591E-5 2.87079E-5 3.32354E-5 1.14813E-5 1.6505E-6 2.56726E-7 4.16828E-7 1.95792E-7 1.19172E-7 1.64305E-7 1.86842E-7 1.82215E-7 9.19086E-8 1.13889E-7 2.17528E-7 9.18625E-6 2.40687E-5 1.36458E-5 1.42069E-6 5.79522E-6 2.84018E-6 1.50463E-6 5.57035E-7 1.33081E-6 2.08274E-7 1.99404E-7 1.25389E-7 1.72321E-7 5.13541E-6 2.69419E-4 3.02182E-3 8.98105E-3 4.97645E-2 9.61573E-3 1.51276E-3
7.76041E-4 7.17159E-4 8.83629E-4 1.52495E-3 2.31623E-3 1.42944E-3 1.22459E-3 1.07963E-4 7.29915E-6 2.63643E-6 2.0033E-6 1.56394E-6 2.61577E-5 3.76978E-5 3.87921E-5 4.91446E-5 5.74818E-4 2.43541E-3 1.8563E-3 3.5227E-4 2.00218E-4 1.56204E-4 7.10498E-5 8.41025E-5 3.29909E-5 2.63849E-5 6.17899E-6 6.45597E-6 9.66759E-6 6.02346E-6 1.59653E-6 1.28772E-6 5.02161E-6 1.13481E-5 2.03086E-5 9.99326E-6 1.55299E-6 3.11119E-7 3.21153E-7 1.4771E-7 1.13076E-7 9.48753E-8 1.02037E-7 1.27516E-7 1.58821E-7 1.30129E-7 8.61938E-7 1.23732E-5 1.45389E-6 1.29714E-6 6.1929E-7 3.01533E-6 1.44365E-6 1.26115E-6 3.76756E-7 6.94581E-7 2.56277E-7 1.30516E-7 1.23576E-7 7.19005E-7 2.49592E-5 3.61781E-4 3.80028E-3 2.07853E-2 2.9091E-2 2.59425E-3 9.12944E-4
3.03413E-3 2.37961E-3 8.6005E-3 3.31346E-3 8.13989E-4 7.7338E-4 7.07914E-4 7.18793E-5 2.44515E-5 2.917E-6 6.06269E-7 9.22948E-7 1.84933E-6 1.01462E-5 1.63449E-5 1.26151E-4 4.06945E-4 1.4732E-3 6.57344E-4 5.36737E-4 1.31472E-4 3.98258E-5 5.2506E-5 3.07436E-5 1.07506E-5 2.3749E-6 7.95855E-7 1.32227E-6 1.35823E-6 3.17381E-6 8.55313E-7 3.75005E-7 8.46754E-7 5.56298E-6 1.04298E-5 3.30054E-6 3.32074E-6 5.57158E-7 2.40717E-7 2.42005E-7 1.57562E-7 1.47005E-7 1.42063E-7 1.88468E-7 1.71544E-7 1.5606E-7 5.85422E-6 2.2407E-6 1.08928E-6 3.22037E-7 2.80249E-7 1.74158E-6 4.06331E-7 5.72863E-7 8.43476E-8 7.702E-8 1.35047E-7 1.20655E-7 1.48001E-7 2.01316E-6 7.76529E-5 5.98053E-4 1.10404E-3 1.37483E-2 1.59963E-2 1.11774E-3 2.46672E-4
1.60486E-2 3.12252E-2 2.23337E-2 6.92351E-3 8.33171E-4 1.28551E-4 2.81889E-4 1.23743E-4 2.07885E-5 1.83379E-6 3.98954E-7 5.14063E-7 1.64205E-6 5.49957E-6 1.41983E-5 1.06552E-4 2.24269E-4 4.68723E-4 1.85255E-4 2.26206E-4 9.33603E-5 3.80662E-5 3.00097E-5 2.51535E-5 8.968E-6 1.76074E-6 5.92133E-7 4.58441E-7 5.77696E-7 1.24561E-6 3.53683E-7 1.78765E-7 5.06866E-7 3.71149E-6 6.57437E-6 2.79349E-6 4.91511E-7 4.13127E-7 1.91641E-7 2.5442E-7 1.4699E-7 1.33414E-7 1.32563E-7 1.61893E-7 1.69292E-7 5.01725E-7 1.26276E-5 1.62437E-6 3.57282E-7 1.16304E-7 5.53148E-7 3.62073E-7 1.21392E-7 1.5349E-7 8.19041E-8 5.71873E-8 1.10177E-7 1.43472E-7 1.22857E-7 5.5288E-7 8.20401E-5 3.49857E-4 3.34491E-4 7.70966E-3 2.50248E-2 2.1219E-3 2.61323E-4
2.84238E-2 4.9761E-2 4.03766E-2 3.1818E-2 6.53293E-3 3.22328E-3 1.36448E-3 3.78556E-4 1.35923E-4 5.281E-6 2.43509E-6 8.39999E-7 9.43034E-7 2.1479E-6 1.44351E-5 6.92523E-5 2.12321E-4 6.65434E-5 8.32615E-5 1.18375E-4 1.04981E-4 3.48254E-5 9.45021E-6 1.42358E-5 1.17157E-5 9.93438E-6 3.22808E-6 1.26554E-6 4.85804E-7 3.28061E-7 3.47115E-7 1.8617E-7 4.3029E-7 2.38764E-6 1.27669E-6 1.40843E-6 8.23711E-7 2.21978E-7 2.1095E-7 1.80339E-7 1.50233E-7 1.7508E-7 1.72168E-7 1.43472E-7 2.52074E-7 1.59412E-6 5.37351E-6 5.64729E-7 1.7182E-7 1.12521E-7 2.91545E-7 2.93193E-7 9.86684E-8 1.82839E-7 1.27076E-7 1.40853E-7 1.7024E-7 1.75349E-7 1.0036E-7 3.80855E-6 7.47716E-5 6.21767E-5 6.0279E-4 7.9901E-3 1.65007E-2 1.77124E-3 1.34675E-4
5.69471E-2 2.6584E-2 1.05203E-2 2.93366E-2 2.36742E-2 1.49482E-2 4.18871E-3 2.85207E-3 1.1015E-3 1.33009E-4 2.53485E-5 6.30339E-6 7.53144E-7 1.64441E-6 1.37962E-5 6.84286E-5 7.69369E-5 4.05376E-5 3.02777E-5 3.98758E-5 3.08811E-5 2.36219E-5 8.28636E-6 2.85067E-6 6.20416E-6 5.69614E-6 3.74802E-6 2.19692E-6 5.58022E-7 2.25623E-7 1.65136E-7 1.50784E-7 3.77802E-7 8.8984E-7 4.08776E-7 2.6575E-7 3.89536E-7 1.77641E-7 1.82996E-7 1.88162E-7 1.83748E-7 2.04301E-7 2.81707E-7 2.38254E-7 5.49155E-7 2.76515E-6 4.38807E-7 2.93643E-7 2.88065E-7 1.5795E-7 1.07671E-7 2.20439E-7 8.55584E-8 1.02169E-7 1.23665E-7 1.47878E-7 2.04608E-7 1.44602E-7 1.24287E-7 1.84219E-6 4.98002E-5 1.0317E-5 2.68722E-4 1.85564E-3 1.02236E-2 2.09817E-3 3.37271E-4
2.61599E-2 2.19841E-3 4.32493E-4 6.10334E-3 1.33408E-2 2.09935E-2 1.15898E-2 2.19995E-3 4.09335E-4 2.66742E-4 5.26286E-5 1.19942E-5 8.93528E-6 3.801E-6 7.65203E-6 2.47402E-5 2.27264E-5 1.05173E-5 2.46358E-5 1.85488E-5 1.115E-5 4.79378E-6 3.02607E-6 1.09091E-6 2.15891E-6 3.86792E-6 9.76963E-7 1.00203E-6 9.5397E-7 3.57804E-7 1.40693E-7 1.33307E-7 1.73452E-7 3.25441E-7 2.59115E-7 9.7182E-8 1.06785E-7 1.94416E-7 7.27088E-8 7.71032E-8 1.39601E-7 9.58659E-8 1.89675E-7 2.22866E-7 4.16781E-7 2.4741E-6 7.24618E-7 2.64378E-7 3.35394E-7 3.20057E-7 1.36111E-7 1.69362E-7 9.45919E-8 1.07373E-7 1.42836E-7 1.34872E-7 1.70345E-7 1.93288E-7 1.74647E-7 3.2275E-6 2.64829E-5 8.63774E-6 8.70957E-5 4.26218E-4 2.53362E-3 8.75586E-3 3.78293E-3
1.47073E-2 2.2944E-3 1.24069E-4 1.41396E-3 8.60649E-3 7.65983E-3 1.12408E-2 1.17577E-2 3.91459E-3 8.7467E-4 3.49594E-5 5.71349E-5 4.93548E-4 7.98876E-5 4.43469E-5 2.47465E-4 6.0734E-5 1.07725E-5 5.81119E-6 1.50329E-5 5.35225E-6 2.84224E-6 2.22554E-6 6.60198E-7 1.07868E-6 2.33214E-6 3.0909E-7 2.34E-7 5.10674E-7 2.89404E-7 1.9854E-7 1.31465E-7 1.348E-7 1.50388E-7 1.49204E-7 8.72166E-8 1.17249E-7 5.30252E-8 6.78089E-8 6.10431E-8 4.70894E-8 8.28006E-8 1.59674E-7 2.87495E-7 6.74376E-7 1.82534E-6 7.2033E-7 2.47295E-7 3.21758E-7 1.80302E-7 1.37812E-7 1.4259E-7 1.07854E-7 1.26957E-7 9.99902E-8 9.8856E-8 8.43347E-8 2.10469E-7 3.23301E-7 1.57663E-6 3.37216E-6 3.95556E-6 3.89872E-5 5.6962E-4 5.80603E-4 1.50837E-3 1.23278E-2
3.08331E-3 1.84675E-3 4.61349E-5 1.68005E-4 5.17662E-3 2.42539E-3 4.01551E-3 6.54398E-3 4.29278E-3 2.09804E-4 3.20023E-4 1.54394E-3 3.6038E-3 5.61362E-4 7.20465E-4 8.22907E-4 2.3212E-4 6.42518E-5 8.36879E-6 6.44577E-6 2.19204E-6 9.26495E-7 1.17104E-6 2.81769E-7 2.36773E-7 5.76038E-7 3.7407E-7 1.39221E-7 1.40872E-7 1.09165E-7 1.14405E-7 9.55058E-8 1.27659E-7 8.39081E-8 7.85557E-8 1.49227E-7 5.36938E-8 3.28987E-8 5.67507E-8 7.49338E-8 3.86993E-8 7.34394E-8 9.27591E-8 5.30361E-7 7.32967E-7 6.61588E-7 7.39586E-7 2.15747E-7 1.89507E-7 1.55077E-7 1.03145E-7 9.93811E-8 9.68321E-8 1.14672E-7 8.68469E-8 7.61527E-8 1.54609E-7 2.60486E-7 2.36794E-7 3.30539E-7 7.05399E-7 4.78281E-6 1.31422E-4 4.62345E-4 5.5004E-4 1.20587E-4 2.75192E-3
3.97055E-4 1.01682E-3 3.3684E-5 1.1796E-4 9.32627E-4 4.29381E-4 8.24007E-4 1.7927E-3 1.05083E-2 3.47085E-3 4.98302E-3 4.22054E-3 1.56468E-3 3.07937E-3 2.25122E-3 1.81756E-3 4.80193E-4 1.03208E-5 1.31224E-6 2.12235E-6 1.02825E-6 5.1258E-7 3.4902E-7 3.5198E-7 2.34043E-7 3.54309E-7 3.73633E-7 2.20764E-7 1.19412E-7 1.13738E-7 7.43592E-8 1.21402E-7 9.63437E-8 3.51422E-8 3.91641E-8 1.1475E-7 4.57147E-8 3.55749E-8 4.11051E-8 4.80739E-8 5.06602E-8 7.78302E-8 9.50389E-8 3.6921E-7 5.04648E-7 4.53052E-7 3.21536E-7 2.25313E-7 1.8032E-7 1.19776E-7 8.60376E-8 1.11507E-7 9.46848E-8 7.49453E-8 9.20798E-8 1.05398E-7 3.50539E-7 2.97091E-7 2.93595E-7 3.16639E-7 1.37864E-6 9.38821E-6 4.43696E-5 1.76557E-4 3.20863E-4 6.96264E-5 8.8246E-4
2.31407E-4 4.20847E-4 5.72822E-5 1.56904E-5 9.45318E-5 4.82126E-5 6.57045E-5 5.16467E-4 4.90931E-3 6.585E-3 2.23698E-3 4.01947E-4 8.03744E-5 5.72788E-4 1.25821E-3 5.3367E-4 1.96947E-5 1.96311E-6 8.40196E-7 8.06902E-7 6.73153E-7 2.76281E-7 2.13426E-7 1.5908E-7 1.65465E-7 1.70383E-7 1.17629E-7 1.321E-7 8.37231E-8 4.27957E-8 3.64784E-8 7.3395E-8 6.05431E-8 -9999 -9999 -9999 -9999 -9999 -9999 -9999 -9999 4.95205E-8 9.91242E-8 2.07001E-7 2.02873E-7 2.65261E-7 3.02913E-7 2.02829E-7 1.71674E-7 7.98183E-8 7.31574E-8 8.14036E-8 8.4421E-8 5.04689E-8 7.39201E-8 1.41824E-7 3.99011E-7 3.24226E-7 2.45714E-7 4.61809E-7 1.39942E-6 6.16296E-6 5.5833E-5 6.96046E-5 1.16135E-4 6.41235E-5 1.73543E-4
