ENM/Final_Models/M_2_F_lq_Set_1_EC/Gustavia_santanderiensis_7_Choco_clamping.asc
ncols         367
nrows         963
xllcorner     -78.6
yllcorner     0.65
cellsize      0.00833333333333323
NODATA_value  -9999
[rows 372 to 402 of 963, columns 140 to 209 of 367]
3.09849E-2 5.04503E-2 5.41765E-2 5.43496E-2 7.01994E-2 7.4974E-2 3.87995E-2 1.26382E-2 1.29255E-3 3.32175E-3 1.51627E-2 2.60683E-2 3.63932E-2 5.21791E-3 1.03041E-2 5.47053E-2 3.62284E-2 2.59054E-4 1.39822E-2 1.99172E-2 6.98571E-2 5.48079E-2 6.12291E-2 4.09011E-2 4.66065E-2 2.07784E-2 0E0 0E0 0E0 9.17285E-4 6.63647E-3 1.02155E-1 3.15675E-6 1.83758E-6 8.62985E-7 2.99479E-7 4.32335E-8 1.37327E-7 2.89546E-12 1.76362E-8 9.23454E-9 3.48915E-11 1.45281E-6 1.24031E-5 7.53856E-7 1.03667E-5 7.89267E-7 9.53645E-11 8.07872E-5 1.44057E-4 8.22406E-7 1.43663E-13 5.08981E-10 1.17208E-10 4.17221E-11 1.54599E-8 7.94115E-10 4.15012E-12 6.90402E-6 9.08068E-6 0E0 0E0 0E0 1.53996E-11 5.55112E-16 1.02273E-9 8.3511E-13 0E0 1.52101E-14 3.76366E-14
3.79382E-2 7.17992E-2 4.39774E-2 6.72312E-2 6.10444E-2 6.49299E-2 4.35229E-2 7.01869E-2 4.57151E-3 3.25242E-3 1.52662E-2 5.08405E-2 1.53036E-3 8.23006E-5 3.29649E-3 2.17659E-2 3.62737E-2 6.58453E-4 1.95847E-2 3.60853E-2 6.56683E-2 5.12692E-2 7.94287E-2 9.26284E-2 7.31335E-2 5.35818E-2 4.12591E-3 0E0 0E0 0E0 7.8084E-3 5.32716E-3 3.56083E-7 3.98828E-7 4.44846E-11 1.90831E-8 2.61725E-7 1.15031E-4 3.09671E-5 1.79816E-6 2.81154E-9 1.47691E-6 1.10876E-7 2.85676E-4 1.61991E-7 2.43705E-11 3.90575E-6 4.80466E-6 8.60158E-6 1.45634E-5 9.75228E-6 1.29339E-9 4.30614E-7 1.21896E-7 2.03239E-9 5.59359E-10 5.40679E-14 1.96156E-11 5.69586E-9 1.57892E-9 7.96169E-11 1.36557E-14 2.04281E-14 2.44249E-15 7.58986E-11 0E0 1.96047E-11 3.0953E-13 1.40998E-14 8.88178E-16
4.87668E-2 7.0814E-2 7.28558E-2 3.02206E-2 4.5314E-2 1.5512E-2 3.94545E-2 2.76158E-2 1.00761E-3 1.21247E-3 4.17053E-3 5.37148E-2 2.35306E-3 0E0 0E0 4.96606E-3 5.01154E-2 2.77498E-3 3.35209E-2 8.24573E-2 4.25226E-2 1.50664E-2 1.52425E-3 3.1132E-2 6.90082E-2 7.73529E-2 4.74284E-2 6.66053E-5 0E0 0E0 1.21776E-2 4.02823E-6 1.23865E-11 4.73428E-7 7.10972E-6 1.65903E-5 6.89816E-5 1.58133E-6 1.58212E-3 9.43392E-5 9.87493E-9 1.77239E-4 4.17582E-5 4.94216E-4 2.88332E-7 1.02218E-10 8.69551E-7 2.39298E-7 9.81762E-8 1.63641E-7 2.37993E-8 1.2322E-10 3.97575E-8 7.54521E-7 5.55149E-7 3.58347E-12 3.44169E-15 3.21965E-15 3.33067E-16 1.75985E-11 3.0732E-8 5.55112E-16 1.83409E-12 0E0 0E0 7.6239E-12 6.16199E-9 0E0 7.77156E-16 1.81932E-12
5.69432E-2 5.2178E-2 5.84104E-2 2.31184E-2 2.60827E-2 1.47696E-2 6.28068E-2 2.71366E-2 1.5829E-3 3.78434E-3 6.34426E-3 3.51799E-2 9.43501E-3 0E0 1.04994E-2 3.18028E-2 4.35324E-2 5.83904E-5 2.88002E-2 5.64384E-2 2.71568E-2 8.43344E-3 4.28759E-5 2.61525E-2 6.64615E-2 7.66745E-2 4.79511E-2 1.11391E-2 2.77462E-3 3.13102E-3 4.95724E-2 2.52431E-6 3.21551E-6 6.34469E-5 1.81151E-5 7.80749E-6 6.76421E-4 4.09491E-4 1.05679E-3 1.28791E-3 2.0717E-4 2.52253E-5 6.51716E-6 1.59264E-4 4.58881E-4 2.19806E-9 1.0697E-12 1.44329E-15 0E0 3.35313E-10 2.50257E-8 2.73892E-12 1.71995E-9 3.39362E-7 3.6062E-8 6.08889E-10 1.26565E-14 3.41371E-12 1.67525E-8 3.11737E-8 6.5642E-11 0E0 0E0 0E0 0E0 1.90277E-11 3.77808E-9 1.96754E-12 1.58429E-13 0E0
6.49197E-2 4.54449E-3 7.0338E-3 4.91983E-2 1.52953E-3 1.55486E-3 1.16007E-3 1.06161E-3 1.31217E-3 2.83099E-3 3.23223E-3 5.11309E-2 0E0 5.68113E-3 5.19757E-2 3.6825E-2 4.28256E-5 1.94487E-5 1.30752E-2 2.72084E-2 4.20959E-2 9.06719E-3 3.54828E-2 6.9345E-2 7.13111E-2 8.24725E-2 5.62017E-2 3.73897E-2 2.80312E-2 2.87194E-2 5.02848E-2 3.93084E-5 4.07616E-5 1.42118E-4 1.26574E-3 1.72561E-4 6.62026E-3 1.01203E-2 3.29404E-4 2.91943E-3 4.16866E-3 1.31957E-5 7.10169E-8 7.26745E-7 3.8508E-6 2.69575E-7 3.81398E-10 1.48981E-9 6.55032E-15 5.99063E-11 1.06343E-11 1.32507E-10 3.27178E-10 9.84637E-8 4.06203E-9 9.4712E-7 1.06649E-10 1.78478E-9 1.65225E-8 1.3259E-8 0E0 1.22096E-11 0E0 0E0 0E0 3.29829E-10 7.6159E-7 6.1099E-8 1.08968E-12 0E0
9.33484E-3 3.20355E-3 3.57658E-4 2.95951E-3 5.8722E-6 7.17318E-5 7.54909E-8 1.98913E-4 2.70177E-4 2.07295E-3 6.36007E-3 2.66272E-2 0E0 1.30288E-2 1.89485E-2 2.38343E-3 8.55489E-4 9.71654E-3 2.7913E-2 2.98445E-2 5.7386E-2 7.27145E-2 7.15314E-2 6.02402E-2 1.57037E-2 1.16874E-2 4.53534E-3 7.02777E-4 0E0 3.17205E-2 3.2838E-2 1.33844E-4 5.31611E-4 4.36273E-3 3.49432E-3 8.65996E-3 2.03967E-4 1.21485E-4 4.50538E-6 1.75735E-5 1.06066E-4 9.52339E-6 3.52002E-7 6.15718E-9 5.61323E-7 1.56558E-7 2.29029E-8 1.56267E-9 2.56006E-9 6.81284E-8 1.60152E-7 8.30194E-10 2.53981E-8 2.47655E-7 7.88666E-9 1.11022E-16 6.00834E-11 1.50728E-10 2.07681E-6 1.90514E-6 2.42695E-13 3.33067E-16 1.66533E-15 0E0 5.9508E-14 0E0 1.75637E-13 5.4144E-8 5.76206E-14 0E0
2.44287E-2 8.72971E-4 5.58675E-3 1.97376E-2 3.54957E-4 5.3871E-2 2.06108E-6 5.53878E-6 1.44059E-4 4.33516E-2 5.62758E-4 1.89675E-3 8.0328E-3 2.90532E-2 3.77969E-2 1.09515E-2 2.43959E-2 2.14157E-3 3.56729E-2 4.77594E-2 2.76517E-2 4.60872E-2 3.76517E-2 1.43371E-2 1.04329E-2 4.76517E-3 4.08436E-3 0E0 1.50351E-3 3.0935E-2 4.45862E-3 9.65691E-4 3.71586E-2 3.99994E-4 7.71601E-5 2.75094E-6 2.52841E-4 4.01347E-4 9.81587E-8 7.32189E-11 1.97562E-9 3.24119E-12 1.72941E-9 0E0 2.5846E-12 7.78069E-9 6.99441E-15 2.01554E-10 1.69481E-10 3.63408E-7 2.15136E-8 5.67869E-7 1.39982E-6 6.67785E-10 9.10913E-8 0E0 5.49782E-13 1.16573E-14 2.15838E-12 4.44089E-14 1.57652E-14 4.93461E-8 4.66294E-15 6.04466E-11 5.46027E-11 2.22045E-16 0E0 6.50258E-13 2.99905E-12 8.88178E-16
3.43129E-3 1.56734E-4 2.10079E-4 3.18219E-4 2.16114E-4 3.87901E-3 7.45979E-7 1.89353E-8 2.30515E-6 5.80726E-6 3.59415E-5 1.41498E-6 3.0533E-2 3.91117E-2 4.12497E-2 3.51564E-2 1.76366E-2 3.9061E-2 8.44904E-2 6.42628E-2 3.85387E-2 3.44684E-2 2.34795E-2 1.97331E-2 8.09519E-3 4.88423E-3 9.72826E-3 0E0 0E0 2.17938E-2 1.79223E-2 4.60815E-2 4.34771E-2 9.02643E-2 8.42552E-4 1.91832E-6 3.3033E-7 2.67579E-5 4.61834E-9 3.31957E-14 3.32045E-10 2.4758E-14 2.22045E-16 1.11022E-16 1.62526E-12 1.70578E-7 3.43382E-11 3.25743E-8 1.57595E-7 7.26396E-8 2.37658E-8 2.02663E-5 1.52862E-5 3.67653E-7 4.28102E-7 7.15895E-6 1.07085E-10 0E0 5.65326E-13 7.77156E-16 3.88543E-10 1.06099E-8 0E0 2.22045E-16 4.67448E-12 7.09433E-14 1.48353E-8 7.43849E-15 3.85414E-12 2.22045E-16
5.16185E-4 2.33502E-3 3.69933E-7 2.23438E-6 2.53537E-5 3.97715E-3 6.07006E-5 1.37655E-7 6.65778E-10 1.82593E-5 1.69496E-5 1.0156E-3 3.92569E-2 4.65498E-2 2.33046E-2 3.49572E-2 4.36044E-2 7.09464E-2 4.97471E-2 8.68344E-2 5.31298E-2 6.90072E-2 6.16764E-2 5.01425E-2 2.13091E-2 4.90064E-3 3.20919E-3 0E0 0E0 0E0 0E0 3.41292E-3 5.38051E-2 8.0077E-2 1.98484E-2 2.08017E-3 1.6694E-9 1.12818E-9 1.86602E-11 2.56398E-9 3.55301E-8 1.16603E-9 1.28708E-12 1.49536E-12 5.6537E-12 1.25788E-13 3.60019E-9 2.48115E-6 1.14253E-5 2.37588E-10 2.67192E-9 3.93238E-6 1.88804E-6 2.47603E-5 6.25402E-6 1.1436E-6 2.22714E-9 2.3152E-11 1.59491E-10 1.42353E-12 2.27163E-12 9.8499E-13 0E0 0E0 1.62362E-8 1.38778E-14 1.11022E-16 1.55431E-15 7.43849E-15 2.49623E-12
4.23688E-6 1.82636E-6 3.33781E-4 5.4958E-5 1.24925E-4 1.08188E-3 6.31767E-4 2.91301E-6 8.33885E-8 1.58725E-7 1.45206E-4 4.18123E-2 2.94648E-2 5.1275E-2 4.96329E-3 2.42031E-2 3.26925E-2 5.8396E-2 6.70453E-2 7.50984E-2 7.8069E-2 8.17947E-2 8.9806E-2 4.17794E-2 2.0989E-2 8.41916E-3 7.86842E-3 0E0 0E0 0E0 0E0 1.51521E-2 4.98671E-2 5.60278E-2 5.63726E-2 2.25841E-3 5.62736E-7 7.10554E-12 1.5329E-7 1.52205E-8 2.19249E-10 2.82554E-10 0E0 0E0 2.35356E-12 1.44662E-13 2.85181E-9 1.45645E-4 6.06373E-6 3.23228E-7 7.32756E-10 1.77453E-7 3.74474E-4 7.10769E-6 1.30082E-4 1.67254E-4 1.94083E-11 1.40332E-13 5.82867E-14 6.4726E-14 5.58109E-13 1.11022E-16 0E0 0E0 3.19692E-11 9.59233E-14 8.82645E-11 4.01727E-10 8.55205E-13 2.75335E-14
1.15365E-3 9.28687E-5 9.75893E-4 6.57913E-5 1.74275E-3 1.54414E-3 2.16765E-4 8.37501E-6 1.10842E-7 1.16474E-10 9.4813E-13 1.82471E-4 2.66711E-2 2.6806E-2 8.96966E-3 4.38482E-3 2.63002E-2 6.2697E-2 1.97175E-2 1.2784E-2 2.4047E-2 9.87729E-2 1.08781E-1 4.2936E-2 3.62944E-2 2.7219E-2 1.75025E-2 0E0 0E0 0E0 0E0 2.57831E-2 2.30635E-4 7.63894E-7 9.46821E-4 3.18976E-3 2.72348E-7 8.96815E-9 7.03853E-5 1.40606E-7 4.27623E-8 5.8005E-9 5.10703E-15 2.39229E-11 7.41629E-14 8.88178E-16 1.08014E-12 2.83722E-7 1.00726E-7 2.57366E-9 2.17172E-11 1.40848E-9 2.55828E-5 1.69891E-4 7.98206E-5 1.1308E-7 1.41788E-11 2.57373E-11 9.65117E-13 6.9426E-9 7.28965E-6 2.02007E-9 9.99201E-16 0E0 1.33893E-13 2.23377E-13 4.00088E-7 4.29332E-7 5.09203E-11 4.4019E-8
5.24804E-2 4.03248E-3 3.60482E-4 2.67551E-4 3.83428E-5 6.52677E-6 1.56205E-3 3.13163E-3 1.98939E-2 1.72974E-2 1.32447E-2 1.25667E-3 4.11235E-2 2.76474E-2 4.49841E-2 1.34727E-2 3.48337E-2 8.38269E-2 4.15386E-2 9.76458E-3 1.82673E-2 7.59191E-2 6.28984E-2 1.14469E-1 5.0672E-2 4.11303E-2 3.75033E-2 0E0 0E0 0E0 0E0 2.39966E-2 1.62143E-5 1.01392E-7 1.4723E-4 2.0307E-5 9.43634E-8 8.39809E-10 3.3441E-7 5.79731E-6 1.83164E-9 2.00795E-12 2.58184E-10 6.16647E-7 1.11022E-15 1.66533E-14 4.91607E-13 5.43899E-11 6.46014E-10 1.05225E-9 7.41647E-9 1.17623E-7 1.40879E-8 8.75101E-10 2.0648E-9 2.03232E-11 4.2033E-11 4.34985E-13 3.46104E-11 7.62315E-10 3.56981E-12 0E0 0E0 0E0 7.7871E-13 1.9984E-14 1.31341E-7 8.29021E-9 1.71689E-9 1.53544E-13
-9999 9.96688E-2 5.20112E-2 2.15181E-3 2.3398E-5 6.34433E-4 5.2823E-3 1.60094E-3 5.05213E-3 1.0949E-4 8.41131E-6 1.02043E-7 6.30709E-2 2.47274E-2 4.94475E-2 1.31842E-3 3.44694E-2 1.54732E-3 2.78517E-2 6.00523E-2 1.34599E-1 1.09593E-1 9.5887E-2 7.58976E-2 2.47171E-2 2.83193E-3 0E0 0E0 0E0 0E0 9.47628E-4 2.45081E-2 2.3959E-3 1.27195E-8 3.67901E-10 1.06508E-7 4.05847E-7 3.35045E-7 2.26652E-6 1.04962E-5 1.82257E-8 7.90894E-9 2.61168E-7 1.9574E-6 3.36383E-8 3.3173E-11 5.87613E-7 1.42179E-5 2.41532E-4 1.03111E-11 6.81213E-7 2.73872E-8 3.92648E-8 4.24859E-9 6.40994E-4 2.90075E-7 4.80757E-11 6.10778E-12 1.43251E-8 6.99741E-11 0E0 0E0 0E0 2.29364E-10 5.22826E-12 4.39941E-9 7.76046E-14 1.11022E-16 5.55112E-16 0E0
-9999 1.19239E-1 7.58628E-2 7.96413E-2 1.72394E-2 7.47738E-3 1.26877E-2 4.75732E-4 6.21927E-7 6.70757E-5 1.79401E-5 3.81068E-3 6.09698E-2 1.99024E-2 5.90907E-2 3.38299E-2 2.16057E-3 2.66676E-2 7.59657E-2 3.51001E-2 3.85666E-2 5.03216E-2 8.00532E-2 2.93783E-2 3.7138E-4 0E0 0E0 0E0 0E0 7.5373E-3 1.87276E-2 6.81829E-2 6.25102E-4 2.16223E-6 3.03443E-9 3.35292E-7 5.71198E-7 5.48012E-5 9.98317E-4 4.49989E-3 2.07854E-5 1.84404E-3 7.45482E-5 1.04505E-6 6.03163E-7 1.05077E-8 9.68233E-7 2.81452E-4 2.07936E-4 1.78227E-5 3.15429E-7 2.20792E-9 4.87262E-6 1.85824E-6 2.2842E-5 3.08419E-7 3.97959E-12 6.66134E-16 8.8123E-10 2.71216E-12 0E0 0E0 0E0 1.90958E-14 1.9762E-13 3.17764E-10 1.17301E-11 4.34495E-11 1.44329E-15 0E0
-9999 1.13285E-1 -9999 -9999 1.39234E-1 1.50005E-1 5.1366E-2 3.85816E-2 4.78887E-3 5.82849E-9 2.00121E-3 7.3609E-2 4.93692E-2 1.84935E-2 5.31003E-2 2.99375E-2 2.65673E-3 4.03676E-2 4.13424E-2 0E0 0E0 6.36128E-3 3.52539E-3 5.02938E-4 0E0 0E0 0E0 0E0 0E0 5.13024E-2 6.43755E-2 9.91462E-3 7.14606E-5 6.08698E-5 1.98296E-8 6.28499E-6 1.37191E-4 1.07886E-3 8.04182E-3 9.95875E-4 3.07991E-4 2.19551E-5 4.21819E-8 0E0 5.66214E-15 4.81563E-11 9.01416E-7 8.40537E-4 2.3975E-4 1.14641E-4 3.9075E-6 1.23923E-7 5.64193E-6 1.51861E-4 8.33757E-7 1.48467E-5 6.46183E-12 0E0 2.88991E-13 0E0 0E0 0E0 0E0 0E0 0E0 3.25295E-13 0E0 0E0 0E0 2.66454E-15
-9999 7.8528E-2 -9999 -9999 -9999 -9999 1.65476E-1 6.59953E-2 3.30723E-2 7.51585E-10 3.06333E-3 8.31253E-2 1.52106E-2 1.3316E-3 7.80717E-2 1.95851E-4 1.66821E-3 1.06864E-2 2.36537E-2 0E0 0E0 0E0 0E0 0E0 0E0 0E0 0E0 0E0 0E0 6.68261E-2 8.57727E-2 4.62101E-3 1.31968E-4 8.89528E-4 4.08527E-8 1.50626E-5 3.69057E-4 1.19284E-2 1.01814E-2 1.69575E-3 1.78416E-7 1.14701E-7 3.3383E-9 6.70175E-12 0E0 9.72894E-10 6.16923E-6 2.05462E-6 6.91743E-4 1.22179E-4 3.0977E-5 2.89153E-7 1.27071E-8 1.42914E-5 2.33667E-7 1.44747E-8 2.98787E-10 0E0 1.11022E-16 0E0 0E0 0E0 0E0 0E0 0E0 0E0 1.11022E-16 0E0 1.9984E-14 0E0
-9999 -9999 -9999 -9999 -9999 1.07391E-1 1.18124E-1 9.70714E-2 1.33534E-2 3.82515E-4 3.24991E-3 2.21392E-2 9.75773E-3 1.12913E-3 6.80259E-2 3.10568E-4 8.31628E-5 2.10358E-3 6.08867E-3 0E0 0E0 0E0 0E0 0E0 0E0 0E0 0E0 0E0 0E0 7.07517E-2 3.24574E-2 1.08466E-5 1.84008E-6 8.73848E-5 1.94029E-4 4.43644E-3 5.05615E-3 2.8072E-2 2.5062E-2 1.84377E-4 8.48395E-5 1.7829E-5 1.08894E-7 1.08901E-9 3.08442E-12 9.84768E-14 1.23398E-5 1.60261E-5 4.92019E-3 3.10191E-5 2.56086E-7 1.96632E-5 2.44989E-8 2.46647E-12 1.4474E-12 4.88498E-15 1.99407E-12 0E0 0E0 0E0 0E0 0E0 0E0 0E0 0E0 0E0 0E0 0E0 0E0 0E0
-9999 -9999 -9999 -9999 -9999 -9999 5.92104E-2 1.29037E-1 9.90728E-2 4.88863E-2 5.14247E-2 4.86719E-2 7.08978E-3 1.13117E-3 5.31865E-2 6.6822E-3 1.85544E-3 1.97613E-2 1.29581E-2 0E0 0E0 0E0 0E0 0E0 0E0 0E0 0E0 0E0 0E0 2.64667E-2 6.8041E-2 7.51432E-9 9.06972E-11 4.85354E-7 3.30631E-4 3.27944E-4 2.22828E-3 4.25305E-3 4.8888E-3 1.8881E-4 1.89232E-5 5.74423E-6 1.57851E-6 5.0209E-7 3.90316E-7 3.24753E-6 8.58694E-6 9.29168E-6 8.76943E-5 1.89834E-5 1.62951E-6 5.16215E-9 2.04002E-8 6.10745E-12 7.86038E-14 1.75804E-12 0E0 0E0 0E0 0E0 0E0 0E0 0E0 0E0 0E0 0E0 0E0 0E0 0E0 0E0
-9999 -9999 -9999 -9999 -9999 -9999 1.20444E-1 1.30737E-2 8.01033E-2 4.84586E-2 3.47666E-2 2.48856E-2 1.44478E-2 3.41876E-2 7.22575E-2 7.37124E-3 1.3725E-2 2.6808E-2 4.97406E-2 0E0 0E0 0E0 0E0 0E0 0E0 0E0 0E0 0E0 0E0 0E0 0E0 1.20185E-4 8.31593E-9 5.30659E-6 2.34907E-5 1.49094E-2 3.2315E-3 1.31578E-2 6.6167E-4 3.91812E-4 3.39653E-4 2.27893E-7 2.31983E-5 1.74481E-5 9.09121E-8 1.43312E-7 1.28231E-5 1.81158E-7 2.78268E-4 7.30951E-5 2.13397E-8 3.12195E-12 1.02141E-14 2.16049E-12 6.70797E-13 1.95263E-11 0E0 0E0 0E0 0E0 0E0 0E0 0E0 1.22125E-15 0E0 0E0 0E0 0E0 0E0 0E0
-9999 -9999 -9999 -9999 -9999 -9999 -9999 1.88779E-3 3.35763E-4 7.66511E-3 6.75836E-2 5.79813E-2 3.76986E-2 4.29982E-2 7.06827E-2 6.92296E-2 1.59173E-3 9.67692E-3 3.64682E-3 3.51355E-2 0E0 0E0 0E0 0E0 0E0 0E0 0E0 0E0 0E0 2.81679E-2 5.78665E-2 3.59259E-5 3.06593E-9 2.44901E-6 3.41598E-5 5.85129E-3 9.4097E-3 1.53974E-2 5.34778E-3 1.4917E-4 2.09971E-3 8.60574E-6 1.48526E-6 2.70479E-6 2.46786E-4 4.91251E-4 4.48724E-5 9.94112E-5 5.59417E-9 1.32494E-12 3.21965E-15 0E0 7.90401E-12 6.66134E-15 2.44249E-15 2.57994E-12 0E0 0E0 0E0 0E0 0E0 0E0 0E0 0E0 0E0 5.55112E-16 5.55112E-16 0E0 0E0 0E0
-9999 -9999 -9999 -9999 -9999 -9999 -9999 8.18214E-2 3.19676E-2 7.19466E-2 2.70477E-2 2.7588E-2 5.06113E-2 4.1065E-2 6.50948E-2 4.37699E-2 6.72266E-3 3.83695E-3 1.17848E-2 8.07367E-2 3.02116E-2 0E0 0E0 0E0 0E0 0E0 0E0 0E0 1.22201E-2 6.70662E-3 7.78653E-5 3.20837E-8 2.08229E-6 3.80693E-5 2.40697E-5 1.19239E-2 1.47061E-2 5.85996E-3 1.7291E-7 2.38811E-6 3.21013E-6 1.87272E-6 9.07578E-7 5.07213E-6 1.96386E-5 4.59732E-4 2.85055E-5 7.57654E-8 1.88005E-11 1.88738E-15 0E0 0E0 2.55351E-15 0E0 1.11022E-16 4.10783E-15 0E0 0E0 0E0 0E0 0E0 0E0 0E0 0E0 0E0 0E0 3.51135E-11 1.66533E-15 0E0 0E0
-9999 -9999 -9999 -9999 -9999 -9999 -9999 -9999 -9999 8.17721E-2 6.33149E-2 3.30665E-2 4.12859E-2 2.34119E-2 3.97888E-3 2.22421E-2 4.03452E-2 7.99643E-2 1.72307E-2 8.81061E-2 2.77652E-3 0E0 0E0 0E0 0E0 0E0 1.94565E-2 7.03453E-3 6.51437E-2 2.56622E-5 2.09874E-11 3.30476E-10 5.11066E-6 1.17668E-3 6.62941E-4 6.63485E-4 5.30796E-4 1.08175E-3 3.93207E-11 1.92739E-8 3.69688E-8 1.20615E-3 5.81509E-5 1.33609E-7 1.81933E-8 3.00344E-4 1.83979E-4 3.09801E-5 4.84784E-8 1.45495E-12 0E0 0E0 2.22045E-16 0E0 0E0 0E0 0E0 0E0 0E0 0E0 0E0 9.39138E-13 6.27942E-13 1.82077E-14 0E0 0E0 0E0 0E0 1.73861E-13 0E0
-9999 -9999 -9999 -9999 -9999 -9999 -9999 -9999 -9999 -9999 3.52004E-3 2.77103E-2 3.86985E-2 3.2325E-3 1.61337E-3 5.22234E-2 7.16217E-2 9.24527E-2 3.61938E-2 1.96271E-2 6.12323E-2 0E0 0E0 0E0 0E0 4.45978E-4 2.56274E-2 5.24147E-2 2.2781E-3 1.8611E-6 1.41488E-9 1.99089E-10 3.89854E-8 2.46915E-4 1.14747E-3 1.11738E-3 1.44702E-2 6.9623E-4 2.53311E-3 6.3871E-6 7.8585E-10 1.86137E-5 1.06211E-7 6.14832E-9 1.10329E-5 2.00576E-5 8.71184E-6 4.65097E-8 1.79856E-14 1.92841E-11 0E0 0E0 0E0 6.08269E-12 1.11022E-15 0E0 0E0 0E0 0E0 1.11022E-16 0E0 1.37601E-12 3.2907E-13 0E0 0E0 0E0 0E0 0E0 0E0 0E0
-9999 -9999 -9999 -9999 -9999 -9999 -9999 -9999 -9999 -9999 -9999 9.79857E-6 2.51995E-5 4.17372E-4 2.30678E-3 1.79915E-2 7.19061E-2 4.00805E-2 2.1884E-2 4.85396E-2 7.66636E-2 5.93139E-2 2.9306E-2 2.08054E-2 4.11544E-3 1.23633E-3 2.69737E-2 7.47117E-2 5.17094E-2 5.22339E-3 6.5781E-6 2.95981E-4 5.12929E-7 1.89739E-4 3.21608E-3 3.47623E-2 4.14004E-2 2.65794E-2 2.03949E-3 1.51358E-3 1.9239E-4 9.29906E-7 2.21056E-9 5.83075E-9 4.13627E-9 6.1323E-7 1.98763E-7 2.68111E-8 3.29736E-14 1.0481E-7 2.66761E-9 1.25766E-9 9.84046E-12 5.13932E-7 9.89819E-12 6.26285E-10 6.77916E-10 0E0 0E0 0E0 0E0 0E0 7.77156E-16 2.53908E-13 1.22125E-15 0E0 0E0 0E0 0E0 0E0
-9999 -9999 -9999 -9999 -9999 -9999 -9999 -9999 -9999 -9999 -9999 1.63991E-7 5.75185E-8 1.06375E-3 4.19552E-2 2.41453E-2 6.90018E-2 3.58361E-2 2.5502E-3 0E0 2.90747E-2 5.34628E-2 2.88508E-2 7.46091E-3 3.76936E-3 0E0 0E0 4.62346E-3 3.8581E-2 9.25165E-2 7.58953E-5 3.72672E-7 1.30292E-7 9.6464E-4 1.8479E-2 1.24458E-2 6.74729E-3 2.70105E-2 1.84896E-2 8.40859E-2 5.07512E-3 5.62382E-5 6.57667E-7 1.53611E-7 1.90146E-10 5.31671E-11 3.73608E-9 8.78475E-12 6.04167E-11 1.64781E-9 7.53867E-10 2.9976E-15 4.88498E-15 1.80005E-11 2.86493E-12 3.23963E-13 7.21645E-14 0E0 0E0 0E0 0E0 1.01134E-10 4.12735E-11 0E0 0E0 0E0 0E0 0E0 0E0 0E0
-9999 -9999 -9999 -9999 -9999 -9999 -9999 -9999 -9999 -9999 -9999 1.10388E-4 1.37744E-4 8.05608E-3 3.70738E-3 1.84455E-2 5.66604E-2 7.14791E-3 0E0 0E0 0E0 0E0 0E0 0E0 0E0 0E0 0E0 2.37604E-3 5.10234E-2 7.1012E-2 1.66497E-3 7.3539E-5 4.82228E-9 2.12644E-9 5.63568E-3 5.36265E-3 1.53147E-2 7.93753E-3 1.0088E-2 6.28491E-4 4.60904E-4 3.37011E-5 2.67679E-8 5.74818E-12 2.78191E-7 5.69983E-8 4.94593E-12 2.31679E-7 1.01245E-6 5.94426E-6 1.21628E-5 1.667E-12 0E0 1.76872E-10 8.74856E-13 4.91629E-11 2.02853E-11 0E0 1.09468E-13 1.66533E-15 6.99441E-15 3.07949E-11 7.31859E-13 0E0 0E0 0E0 0E0 0E0 0E0 0E0
-9999 -9999 -9999 -9999 -9999 -9999 -9999 -9999 -9999 -9999 -9999 1.70368E-4 1.31106E-3 1.59209E-4 6.29386E-2 5.2342E-2 2.04377E-2 1.92463E-2 2.61149E-2 6.33472E-3 0E0 0E0 3.53334E-5 0E0 0E0 0E0 0E0 0E0 1.79181E-2 7.80646E-2 1.40927E-2 1.18235E-2 2.41421E-6 1.46098E-7 1.37317E-4 1.20697E-2 3.04923E-3 8.28107E-4 2.08769E-5 2.08284E-4 2.21527E-4 5.97465E-5 6.99345E-6 5.37925E-8 8.35593E-8 6.85898E-9 1.49853E-7 1.9007E-13 5.28704E-8 2.28101E-7 1.59705E-7 4.97906E-9 4.91661E-11 0E0 9.1471E-10 0E0 0E0 0E0 0E0 0E0 0E0 4.72733E-13 1.79989E-12 0E0 3.10085E-13 0E0 0E0 0E0 0E0 0E0
-9999 -9999 -9999 -9999 -9999 -9999 -9999 -9999 -9999 -9999 -9999 3.70329E-6 2.75778E-4 8.05042E-4 4.86123E-2 4.0625E-2 2.94317E-2 3.97365E-2 2.41088E-2 4.49798E-2 3.87585E-2 1.55527E-2 1.69333E-2 2.25602E-2 6.81677E-3 1.80836E-3 0E0 0E0 9.20513E-3 7.70826E-2 3.06447E-2 3.73726E-3 5.1733E-6 4.11614E-8 2.36981E-3 1.20647E-3 4.96551E-4 2.35659E-3 1.48305E-4 4.95218E-4 4.93844E-4 5.76985E-6 4.95483E-7 1.64881E-7 5.71325E-9 3.87294E-8 9.21585E-7 1.56048E-9 3.66306E-9 9.18923E-7 4.31251E-5 1.47945E-6 7.88319E-7 0E0 9.66582E-12 1.11022E-16 7.68163E-13 0E0 0E0 0E0 0E0 0E0 1.11022E-16 1.44329E-15 0E0 0E0 0E0 0E0 0E0 0E0
-9999 -9999 -9999 -9999 -9999 -9999 -9999 -9999 -9999 -9999 -9999 2.07833E-4 7.65032E-4 4.55702E-12 1.20013E-6 3.91877E-3 5.36491E-4 4.27628E-2 3.35054E-2 1.47948E-2 3.65258E-2 4.60291E-2 2.92201E-2 2.80128E-2 7.76323E-3 5.1386E-3 0E0 0E0 0E0 6.70595E-2 5.26181E-5 2.22361E-10 7.29942E-8 9.09021E-8 2.38816E-3 1.95012E-3 6.35168E-5 5.4019E-3 1.95553E-5 3.37122E-7 2.78636E-5 5.72871E-6 1.42706E-6 1.45851E-8 3.71616E-9 2.98702E-9 1.15951E-11 4.16989E-12 9.67594E-9 3.44768E-5 2.75178E-6 8.45333E-8 3.6398E-6 8.22564E-13 8.32667E-15 5.24025E-14 4.55191E-15 0E0 0E0 0E0 0E0 0E0 3.19744E-14 0E0 0E0 0E0 0E0 0E0 0E0 3.77476E-15
-9999 -9999 -9999 -9999 -9999 -9999 -9999 -9999 -9999 -9999 -9999 4.05922E-10 1.87171E-10 3.77476E-15 9.78946E-8 2.53689E-4 8.67841E-3 4.0451E-3 5.67802E-5 1.26575E-3 5.64145E-2 2.73519E-2 1.15405E-2 2.15094E-2 4.86982E-3 0E0 0E0 0E0 2.60915E-4 7.76973E-2 2.37185E-7 1.90761E-5 4.07637E-6 2.44029E-5 1.65226E-3 3.69039E-4 6.43826E-4 4.09663E-4 6.51149E-4 1.01015E-4 1.31376E-5 3.28999E-6 2.18915E-6 2.84357E-10 5.18021E-9 7.96351E-9 1.08757E-12 6.8423E-13 1.49437E-8 1.04164E-8 2.84198E-6 1.65328E-10 8.24474E-10 7.40423E-6 5.61673E-12 0E0 3.33067E-16 0E0 1.66533E-15 0E0 4.77396E-15 2.22045E-16 1.49658E-13 0E0 0E0 0E0 0E0 0E0 0E0 0E0
-9999 -9999 -9999 -9999 -9999 -9999 -9999 -9999 -9999 -9999 -9999 3.14263E-8 3.00156E-8 4.17658E-9 6.26027E-4 1.32917E-3 4.39821E-2 5.46354E-3 2.12585E-3 3.75454E-3 2.88509E-3 1.90853E-3 0E0 0E0 0E0 0E0 0E0 0E0 2.72097E-2 8.89998E-2 1.12712E-2 1.0435E-2 4.62991E-5 1.41088E-5 2.34515E-5 1.83534E-3 1.72895E-3 4.1017E-6 9.16137E-7 5.27615E-10 5.30828E-6 5.86707E-5 2.93905E-8 1.53811E-5 1.86622E-10 4.83091E-12 4.52383E-12 2.45661E-11 3.69202E-6 8.37741E-9 1.2492E-9 2.96401E-10 1.04381E-11 3.13744E-6 6.66134E-16 0E0 0E0 0E0 4.44089E-16 1.06581E-14 3.63043E-14 0E0 0E0 0E0 0E0 0E0 0E0 0E0 0E0 0E0
