ENM/Final_Models/M_2_F_lq_Set_1_EC/Gustavia_santanderiensis_8_Choco.asc
ncols         367
nrows         963
xllcorner     -78.6
yllcorner     0.65
cellsize      0.00833333333333323
NODATA_value  -9999
[rows 528 to 560 of 963, columns 150 to 224 of 367]
-9999 -9999 -9999 -9999 -9999 1E0 9.99526E-1 9.89672E-1 9.88264E-1 9.98501E-1 9.99815E-1 9.99679E-1 9.99978E-1 9.99997E-1 9.99979E-1 9.98829E-1 9.98962E-1 9.99998E-1 1E0 1E0 1E0 1E0 1E0 1E0 1E0 1E0 1E0 1E0 1E0 1E0 1E0 1E0 1E0 1E0 1E0 1E0 1E0 9.99999E-1 1E0 1E0 1E0 1E0 1E0 1E0 9.99933E-1 1E0 1E0 1E0 1E0 9.99999E-1 1E0 1E0 1E0 1E0 1E0 1E0 1E0 1E0 9.99998E-1 9.99841E-1 1E0 1E0 1E0 1E0 9.99999E-1 1E0 1E0 1E0 9.99999E-1 1E0 1E0 1E0 1E0 1E0 1E0
-9999 -9999 -9999 -9999 -9999 9.9926E-1 9.97061E-1 9.99914E-1 9.86356E-1 9.99654E-1 1E0 9.99434E-1 9.99354E-1 9.99938E-1 9.9981E-1 1E0 9.9999E-1 9.99484E-1 9.99973E-1 1E0 1E0 1E0 1E0 1E0 1E0 1E0 1E0 1E0 1E0 1E0 1E0 1E0 1E0 1E0 1E0 1E0 1E0 9.99998E-1 1E0 1E0 -9999 1E0 1E0 1E0 9.98468E-1 9.9979E-1 9.99992E-1 1E0 1E0 1E0 1E0 9.99999E-1 9.99997E-1 9.99998E-1 1E0 1E0 9.99999E-1 1E0 1E0 1E0 1E0 1E0 1E0 1E0 1E0 1E0 1E0 1E0 1E0 1E0 1E0 1E0 1E0 1E0 1E0
-9999 -9999 -9999 -9999 -9999 9.97031E-1 1E0 9.99988E-1 9.99984E-1 1E0 1E0 1E0 1E0 1E0 1E0 1E0 9.99997E-1 9.99997E-1 9.99989E-1 1E0 1E0 1E0 1E0 1E0 1E0 1E0 1E0 1E0 1E0 1E0 1E0 1E0 1E0 1E0 1E0 1E0 1E0 1E0 9.99999E-1 -9999 9.99395E-1 9.99815E-1 9.99272E-1 9.99999E-1 9.99999E-1 1E0 1E0 1E0 1E0 1E0 1E0 9.99993E-1 9.99993E-1 9.99874E-1 9.99327E-1 9.99182E-1 9.99935E-1 9.99299E-1 9.99889E-1 1E0 1E0 1E0 1E0 9.9998E-1 1E0 1E0 9.99996E-1 9.99999E-1 1E0 9.99064E-1 1E0 1E0 1E0 1E0 1E0
-9999 -9999 -9999 -9999 -9999 9.9834E-1 1E0 9.99929E-1 1E0 1E0 1E0 1E0 1E0 9.99999E-1 1E0 9.99999E-1 1E0 1E0 1E0 9.99999E-1 1E0 9.99995E-1 1E0 1E0 1E0 1E0 1E0 1E0 1E0 1E0 1E0 9.99999E-1 9.99998E-1 1E0 1E0 1E0 1E0 1E0 1E0 -9999 1E0 9.99916E-1 9.99913E-1 1E0 1E0 9.99904E-1 9.99923E-1 1E0 1E0 9.99996E-1 9.99996E-1 9.99951E-1 9.99932E-1 1E0 1E0 1E0 1E0 9.9996E-1 9.99828E-1 1E0 1E0 1E0 9.99999E-1 1E0 9.99995E-1 9.99956E-1 9.9961E-1 9.99713E-1 9.9991E-1 1E0 1E0 1E0 9.99982E-1 1E0 9.99952E-1
-9999 -9999 -9999 -9999 -9999 9.99506E-1 9.99613E-1 9.99879E-1 1E0 1E0 1E0 1E0 1E0 1E0 9.99991E-1 9.99999E-1 9.99998E-1 1E0 1E0 1E0 1E0 9.9999E-1 1E0 1E0 1E0 1E0 1E0 1E0 1E0 1E0 1E0 1E0 9.97224E-1 1E0 1E0 1E0 1E0 1E0 1E0 1E0 1E0 9.9995E-1 9.99831E-1 9.9883E-1 1E0 1E0 1E0 1E0 1E0 1E0 1E0 9.99995E-1 1E0 1E0 1E0 1E0 1E0 1E0 1E0 1E0 1E0 1E0 9.99985E-1 1E0 1E0 9.69702E-1 9.99935E-1 9.99936E-1 9.99997E-1 1E0 9.99956E-1 1E0 1E0 9.99977E-1 9.9911E-1
-9999 -9999 -9999 -9999 9.99986E-1 9.99961E-1 -9999 -9999 1E0 -9999 1E0 1E0 1E0 1E0 9.99998E-1 1E0 1E0 1E0 9.99963E-1 9.99904E-1 1E0 1E0 1E0 1E0 1E0 1E0 1E0 1E0 9.99999E-1 9.99997E-1 1E0 -9999 1E0 1E0 1E0 1E0 1E0 9.99992E-1 1E0 1E0 1E0 -9999 9.99995E-1 9.98632E-1 1E0 1E0 9.99978E-1 9.99999E-1 1E0 1E0 1E0 1E0 1E0 9.99998E-1 9.99996E-1 1E0 1E0 1E0 1E0 1E0 1E0 1E0 9.99986E-1 9.99958E-1 9.99973E-1 9.99987E-1 9.89305E-1 9.68668E-1 9.99871E-1 1E0 1E0 1E0 1E0 1E0 1E0
9.99549E-1 -9999 -9999 -9999 -9999 -9999 -9999 -9999 -9999 1E0 9.99983E-1 1E0 1E0 1E0 1E0 1E0 9.9952E-1 9.09878E-1 9.89989E-1 9.99999E-1 1E0 9.99994E-1 1E0 1E0 1E0 1E0 1E0 9.99997E-1 1E0 1E0 9.99994E-1 9.99832E-1 1E0 1E0 1E0 1E0 9.99994E-1 1E0 9.99956E-1 -9999 1E0 1E0 1E0 1E0 1E0 9.99997E-1 9.99997E-1 9.9995E-1 1E0 1E0 1E0 1E0 1E0 1E0 9.99981E-1 9.99998E-1 1E0 1E0 1E0 1E0 1E0 1E0 1E0 1E0 1E0 1E0 1E0 1E0 1E0 1E0 1E0 9.99926E-1 1E0 1E0 1E0
-9999 -9999 -9999 -9999 -9999 -9999 -9999 -9999 1E0 9.99857E-1 9.99981E-1 1E0 1E0 1E0 1E0 1E0 1E0 9.99254E-1 9.99531E-1 9.99776E-1 9.99721E-1 1E0 1E0 1E0 1E0 1E0 1E0 1E0 1E0 -9999 1E0 1E0 -9999 9.99998E-1 -9999 -9999 1E0 1E0 9.9998E-1 1E0 1E0 9.99999E-1 1E0 1E0 1E0 9.99914E-1 1E0 1E0 1E0 1E0 1E0 1E0 9.99991E-1 1E0 1E0 1E0 1E0 1E0 1E0 1E0 1E0 1E0 1E0 1E0 1E0 1E0 1E0 1E0 1E0 9.99993E-1 9.97954E-1 9.9999E-1 9.99941E-1 9.99962E-1 9.99765E-1
-9999 -9999 -9999 -9999 -9999 -9999 -9999 -9999 1E0 9.99971E-1 9.99585E-1 9.99318E-1 9.99999E-1 1E0 1E0 1E0 9.99988E-1 9.99998E-1 1E0 1E0 1E0 1E0 1E0 1E0 1E0 1E0 1E0 1E0 1E0 1E0 1E0 1E0 1E0 9.99995E-1 1E0 1E0 -9999 -9999 9.9996E-1 1E0 1E0 1E0 1E0 1E0 1E0 9.99993E-1 1E0 1E0 9.99969E-1 9.99999E-1 9.99998E-1 1E0 1E0 1E0 9.99995E-1 1E0 1E0 1E0 9.99998E-1 1E0 1E0 1E0 1E0 1E0 9.99987E-1 1E0 1E0 1E0 1E0 1E0 9.93301E-1 9.99966E-1 1E0 1E0 1E0
-9999 -9999 -9999 -9999 -9999 -9999 -9999 -9999 1E0 1E0 9.99549E-1 9.99998E-1 1E0 1E0 1E0 1E0 9.99956E-1 9.9992E-1 1E0 9.99988E-1 1E0 1E0 1E0 1E0 9.99999E-1 1E0 1E0 1E0 1E0 1E0 1E0 1E0 1E0 1E0 9.9999E-1 9.99905E-1 9.99959E-1 9.99987E-1 1E0 1E0 9.99994E-1 1E0 1E0 1E0 1E0 1E0 9.99949E-1 9.99837E-1 9.99998E-1 9.99988E-1 1E0 9.99983E-1 1E0 1E0 9.99998E-1 9.9999E-1 9.99999E-1 9.99996E-1 9.99997E-1 1E0 1E0 1E0 1E0 1E0 9.99999E-1 1E0 1E0 1E0 1E0 1E0 9.78759E-1 9.99988E-1 9.9997E-1 9.99984E-1 9.55789E-1
9.99055E-1 9.99919E-1 -9999 -9999 -9999 -9999 -9999 -9999 1E0 9.99998E-1 9.99945E-1 1E0 1E0 1E0 1E0 1E0 9.99907E-1 9.99561E-1 9.96729E-1 9.99753E-1 9.99999E-1 1E0 9.99998E-1 9.99999E-1 9.99969E-1 1E0 1E0 1E0 9.99957E-1 1E0 -9999 9.99999E-1 9.99987E-1 1E0 1E0 1E0 1E0 9.99962E-1 -9999 -9999 1E0 9.99991E-1 1E0 1E0 1E0 9.99994E-1 9.99858E-1 1E0 9.9907E-1 9.99068E-1 9.99677E-1 1E0 1E0 1E0 9.99999E-1 1E0 1E0 9.99998E-1 1E0 1E0 1E0 1E0 1E0 1E0 1E0 1E0 1E0 1E0 1E0 1E0 9.82844E-1 9.5487E-1 9.88075E-1 9.99461E-1 9.98315E-1
9.98509E-1 9.86776E-1 1E0 -9999 -9999 -9999 -9999 -9999 1E0 9.99984E-1 9.99985E-1 9.99996E-1 -9999 1E0 1E0 1E0 1E0 1E0 1E0 1E0 -9999 1E0 1E0 -9999 1E0 -9999 -9999 1E0 9.99716E-1 9.99824E-1 -9999 9.99996E-1 9.99996E-1 1E0 1E0 1E0 1E0 1E0 1E0 -9999 1E0 1E0 1E0 1E0 9.99997E-1 9.99967E-1 1E0 9.99992E-1 9.99972E-1 9.99993E-1 9.99996E-1 1E0 9.99971E-1 9.99999E-1 1E0 1E0 1E0 1E0 1E0 1E0 1E0 1E0 1E0 1E0 9.99997E-1 9.99998E-1 1E0 1E0 1E0 1E0 9.99841E-1 9.99089E-1 9.97007E-1 9.99235E-1 9.99738E-1
9.4953E-1 9.99461E-1 9.99936E-1 1E0 -9999 -9999 1E0 1E0 1E0 1E0 1E0 9.99999E-1 1E0 -9999 1E0 1E0 1E0 -9999 9.99999E-1 -9999 1E0 9.99998E-1 1E0 9.99999E-1 9.99962E-1 1E0 1E0 1E0 9.99962E-1 9.99849E-1 9.99995E-1 9.99997E-1 1E0 1E0 1E0 1E0 9.99999E-1 1E0 1E0 1E0 9.9999E-1 1E0 1E0 1E0 9.99999E-1 9.99993E-1 1E0 1E0 9.99804E-1 9.60468E-1 9.99321E-1 9.99603E-1 1E0 9.99999E-1 9.99994E-1 1E0 1E0 1E0 1E0 1E0 1E0 1E0 1E0 1E0 1E0 9.9999E-1 9.99996E-1 1E0 1E0 1E0 9.99945E-1 9.44969E-1 9.46162E-1 1E0 1E0
9.42694E-1 9.97689E-1 9.71383E-1 9.99984E-1 9.98774E-1 9.99985E-1 9.99984E-1 9.99989E-1 9.99112E-1 9.38543E-1 1E0 1E0 1E0 1E0 -9999 1E0 1E0 9.99999E-1 9.99999E-1 1E0 1E0 1E0 1E0 1E0 1E0 1E0 1E0 1E0 9.99999E-1 1E0 1E0 1E0 9.99999E-1 1E0 1E0 1E0 1E0 9.99997E-1 1E0 1E0 9.99777E-1 1E0 1E0 1E0 1E0 9.99996E-1 1E0 1E0 1E0 9.99836E-1 9.99916E-1 9.9975E-1 1E0 9.99988E-1 9.99997E-1 1E0 1E0 1E0 9.99539E-1 9.9994E-1 9.9951E-1 9.98169E-1 9.99998E-1 1E0 1E0 1E0 1E0 9.941E-1 9.93311E-1 9.98732E-1 9.99771E-1 9.80233E-1 9.99984E-1 1E0 1E0
9.99999E-1 9.97444E-1 9.99839E-1 9.99594E-1 9.50746E-1 7.77865E-1 9.04859E-1 9.59249E-1 9.99727E-1 9.92978E-1 1E0 1E0 9.98932E-1 9.96201E-1 9.97273E-1 1E0 9.99996E-1 9.99999E-1 1E0 1E0 1E0 1E0 1E0 1E0 1E0 9.99904E-1 9.99957E-1 1E0 9.9998E-1 9.99994E-1 9.99989E-1 9.99999E-1 1E0 9.99996E-1 9.99999E-1 9.99986E-1 9.99999E-1 1E0 1E0 9.99932E-1 9.99999E-1 1E0 9.99958E-1 9.99991E-1 1E0 1E0 9.99999E-1 9.99848E-1 1E0 9.99207E-1 9.99795E-1 9.87902E-1 9.86756E-1 9.99402E-1 1E0 1E0 1E0 1E0 1E0 1E0 1E0 1E0 1E0 9.99995E-1 1E0 1E0 9.99998E-1 9.98289E-1 9.88998E-1 9.96884E-1 9.78244E-1 8.15854E-1 9.99973E-1 1E0 9.99999E-1
9.99995E-1 9.97948E-1 9.99993E-1 9.99884E-1 9.63217E-1 9.68434E-1 9.99827E-1 1E0 9.99999E-1 9.97014E-1 9.99977E-1 9.98926E-1 1E0 9.54992E-1 9.98563E-1 9.99378E-1 9.99999E-1 9.99986E-1 9.99999E-1 9.99996E-1 1E0 1E0 1E0 1E0 1E0 1E0 9.99998E-1 9.99999E-1 9.99999E-1 9.99999E-1 1E0 1E0 1E0 1E0 9.99999E-1 1E0 1E0 1E0 9.99992E-1 1E0 9.99989E-1 9.99975E-1 9.99427E-1 9.99768E-1 9.99915E-1 1E0 1E0 9.99826E-1 9.97929E-1 5.4203E-1 9.93146E-1 9.99985E-1 9.56026E-1 9.98758E-1 9.99908E-1 9.99674E-1 1E0 1E0 1E0 9.99696E-1 9.99999E-1 1E0 1E0 1E0 1E0 9.99999E-1 9.50115E-1 9.99133E-1 9.97207E-1 9.99923E-1 9.59257E-1 7.78564E-1 9.99558E-1 1E0 1E0
1E0 7.10491E-1 9.52985E-1 9.98116E-1 1E0 1E0 9.9999E-1 1E0 9.99985E-1 9.88001E-1 9.98729E-1 9.97762E-1 1E0 9.99993E-1 9.96677E-1 9.99809E-1 9.99947E-1 9.99983E-1 1E0 1E0 1E0 1E0 1E0 9.99995E-1 1E0 9.99964E-1 9.99998E-1 1E0 9.99999E-1 9.99999E-1 1E0 9.99999E-1 1E0 1E0 1E0 1E0 1E0 1E0 1E0 9.99999E-1 1E0 9.98702E-1 9.96723E-1 9.99406E-1 9.9999E-1 9.9899E-1 1E0 9.99953E-1 1E0 9.99999E-1 9.39374E-1 9.9784E-1 9.99317E-1 9.83729E-1 9.99993E-1 9.83733E-1 9.99511E-1 1E0 1E0 1E0 9.99233E-1 9.9999E-1 1E0 9.99999E-1 1E0 1E0 9.99009E-1 1E0 9.99993E-1 9.99486E-1 9.99999E-1 1E0 9.17401E-1 9.99516E-1 1E0
1E0 8.18274E-1 9.97706E-1 9.9863E-1 1E0 1E0 1E0 9.96415E-1 9.99992E-1 9.99375E-1 9.97609E-1 9.99938E-1 1E0 9.99986E-1 9.98559E-1 9.98923E-1 9.99905E-1 9.99996E-1 1E0 9.99954E-1 1E0 1E0 1E0 9.99997E-1 1E0 1E0 9.99903E-1 1E0 9.9997E-1 9.99761E-1 9.9864E-1 9.99356E-1 1E0 1E0 1E0 1E0 1E0 9.99999E-1 1E0 1E0 1E0 9.99465E-1 9.99952E-1 9.99532E-1 9.97236E-1 9.99915E-1 9.99885E-1 1E0 1E0 9.99989E-1 9.99898E-1 1E0 9.98731E-1 9.77096E-1 9.99902E-1 9.41046E-1 9.98559E-1 9.99996E-1 1E0 1E0 9.9524E-1 1E0 9.99719E-1 1E0 1E0 1E0 1E0 9.99908E-1 1E0 1E0 9.99999E-1 9.99994E-1 9.98078E-1 9.93924E-1 9.98347E-1
1E0 9.99999E-1 9.98759E-1 9.96992E-1 9.99933E-1 9.75298E-1 9.97613E-1 9.65418E-1 9.99671E-1 9.98614E-1 9.99759E-1 -9999 1E0 9.99995E-1 9.99998E-1 9.99507E-1 9.99865E-1 9.99999E-1 9.99999E-1 1E0 1E0 9.99999E-1 1E0 9.99999E-1 9.99993E-1 1E0 1E0 1E0 1E0 9.99702E-1 9.99905E-1 9.98917E-1 9.99791E-1 9.99999E-1 1E0 9.99981E-1 9.99981E-1 9.99997E-1 9.99964E-1 9.99984E-1 1E0 9.99692E-1 9.99263E-1 9.99954E-1 9.98928E-1 9.99997E-1 1E0 9.99966E-1 1E0 1E0 9.99983E-1 9.99334E-1 9.99742E-1 9.99999E-1 9.32335E-1 9.99833E-1 9.99998E-1 1E0 1E0 1E0 9.99696E-1 9.99243E-1 9.9989E-1 1E0 1E0 1E0 1E0 9.99997E-1 1E0 1E0 1E0 1E0 1E0 9.99998E-1 1E0
9.99895E-1 9.99998E-1 1E0 9.96876E-1 9.97874E-1 9.99766E-1 8.76714E-1 8.21549E-1 9.99989E-1 9.99613E-1 9.99995E-1 1E0 1E0 1E0 9.99725E-1 9.99378E-1 9.99993E-1 9.99997E-1 1E0 1E0 1E0 9.99593E-1 1E0 9.99999E-1 9.99998E-1 9.99996E-1 9.99997E-1 1E0 9.98939E-1 9.99948E-1 9.99394E-1 9.99993E-1 9.99982E-1 1E0 1E0 1E0 9.99999E-1 9.99972E-1 9.99991E-1 9.9988E-1 1E0 9.99996E-1 9.99975E-1 9.99981E-1 9.99996E-1 9.99924E-1 9.99501E-1 9.98849E-1 9.99954E-1 1E0 1E0 9.9999E-1 9.99996E-1 9.99999E-1 9.79658E-1 1E0 1E0 9.99997E-1 9.99999E-1 9.99944E-1 9.99993E-1 9.99401E-1 9.31827E-1 9.82753E-1 9.98863E-1 1E0 1E0 9.99572E-1 9.99855E-1 9.99992E-1 1E0 1E0 9.99936E-1 1E0 1E0
9.06711E-1 9.98979E-1 9.99923E-1 8.22844E-1 8.83708E-1 9.99621E-1 9.86031E-1 9.82345E-1 1E0 -9999 -9999 -9999 9.99995E-1 9.99717E-1 9.99864E-1 9.99995E-1 9.99894E-1 1E0 1E0 1E0 9.99959E-1 9.99948E-1 9.99994E-1 1E0 1E0 1E0 9.99997E-1 9.99947E-1 9.99922E-1 9.9997E-1 9.99969E-1 1E0 9.99885E-1 9.99999E-1 1E0 9.99994E-1 1E0 9.99914E-1 9.99991E-1 9.99993E-1 9.99984E-1 9.99956E-1 9.99984E-1 1E0 9.99989E-1 9.99985E-1 9.99591E-1 1E0 9.99999E-1 9.99998E-1 1E0 1E0 1E0 9.97381E-1 9.99994E-1 9.99177E-1 1E0 9.99999E-1 9.99938E-1 1E0 1E0 9.90375E-1 9.99999E-1 9.98959E-1 9.99362E-1 9.99415E-1 9.56833E-1 9.99958E-1 9.99999E-1 1E0 9.99734E-1 1E0 1E0 9.99998E-1 1E0
9.9917E-1 9.14629E-1 9.99994E-1 9.99097E-1 9.27901E-1 1E0 1E0 -9999 -9999 -9999 -9999 -9999 -9999 9.99683E-1 9.99985E-1 9.99954E-1 1E0 1E0 1E0 1E0 9.99977E-1 9.99998E-1 9.99879E-1 9.99951E-1 9.99998E-1 9.99998E-1 9.99955E-1 9.99925E-1 9.99967E-1 9.99963E-1 1E0 1E0 9.99945E-1 9.99997E-1 1E0 9.99995E-1 9.99998E-1 9.99999E-1 9.99998E-1 9.99949E-1 9.97677E-1 9.99947E-1 1E0 1E0 1E0 9.99999E-1 9.99936E-1 9.99992E-1 9.9999E-1 1E0 9.99997E-1 9.9965E-1 1E0 9.99837E-1 9.91475E-1 1E0 9.99998E-1 9.99994E-1 1E0 1E0 1E0 1E0 9.98233E-1 9.97646E-1 9.99569E-1 9.92082E-1 9.88801E-1 9.96676E-1 9.92624E-1 9.97913E-1 8.89462E-1 9.86381E-1 9.99883E-1 1E0 9.99999E-1
1E0 9.94684E-1 9.99996E-1 9.99995E-1 9.99991E-1 -9999 -9999 -9999 -9999 -9999 -9999 -9999 -9999 -9999 1E0 1E0 1E0 1E0 9.99986E-1 9.9997E-1 9.99995E-1 9.99993E-1 1E0 9.99555E-1 9.99998E-1 9.99981E-1 9.99995E-1 9.99994E-1 1E0 9.99999E-1 9.99952E-1 9.99931E-1 9.99972E-1 9.99996E-1 9.99985E-1 9.99998E-1 9.99812E-1 9.99959E-1 1E0 9.99999E-1 9.99472E-1 9.99985E-1 9.99993E-1 9.99998E-1 1E0 1E0 9.99999E-1 1E0 9.99093E-1 9.99992E-1 9.99983E-1 9.99974E-1 9.99937E-1 9.99996E-1 9.99774E-1 9.99994E-1 1E0 1E0 1E0 1E0 1E0 1E0 9.99936E-1 9.99877E-1 9.93428E-1 9.98732E-1 1E0 9.87634E-1 1E0 1E0 8.24037E-1 1E0 1E0 9.99995E-1 1E0
1E0 1E0 9.99999E-1 9.86601E-1 -9999 -9999 -9999 -9999 -9999 -9999 -9999 -9999 -9999 -9999 -9999 1E0 -9999 9.99976E-1 9.99998E-1 9.99992E-1 9.99998E-1 9.99999E-1 9.99964E-1 9.9979E-1 9.99976E-1 9.99985E-1 1E0 9.99968E-1 9.99998E-1 9.99996E-1 9.99579E-1 9.99726E-1 9.99613E-1 9.99972E-1 9.99987E-1 9.99881E-1 9.99998E-1 9.99997E-1 9.99995E-1 9.99996E-1 1E0 9.99997E-1 9.99998E-1 1E0 1E0 1E0 9.99999E-1 9.99999E-1 9.99989E-1 9.9997E-1 9.99997E-1 9.99965E-1 9.99999E-1 1E0 9.99999E-1 1E0 1E0 9.99998E-1 1E0 1E0 1E0 9.99138E-1 1E0 9.99963E-1 1E0 9.99987E-1 1E0 9.91966E-1 9.90482E-1 9.6805E-1 6.15965E-1 1E0 1E0 9.99864E-1 1E0
1E0 1E0 1E0 -9999 -9999 -9999 -9999 -9999 -9999 -9999 -9999 -9999 -9999 -9999 -9999 1E0 -9999 9.9257E-1 9.25917E-1 8.34907E-1 9.98715E-1 1E0 9.99553E-1 9.9995E-1 9.9998E-1 9.99957E-1 9.99969E-1 9.99772E-1 9.99993E-1 9.99959E-1 9.99366E-1 9.99895E-1 9.98662E-1 9.99995E-1 9.9988E-1 9.99994E-1 9.99998E-1 9.99802E-1 9.99981E-1 9.99985E-1 1E0 9.99995E-1 9.99923E-1 9.99971E-1 9.99996E-1 9.99967E-1 1E0 1E0 9.99996E-1 1E0 1E0 1E0 9.99998E-1 1E0 1E0 1E0 1E0 1E0 1E0 1E0 9.99941E-1 9.99999E-1 9.99891E-1 9.98906E-1 9.99981E-1 1E0 1E0 9.99995E-1 9.99961E-1 1E0 9.75756E-1 9.98639E-1 9.52048E-1 1E0 1E0
1E0 -9999 -9999 -9999 -9999 -9999 -9999 -9999 -9999 -9999 -9999 -9999 -9999 -9999 -9999 -9999 -9999 -9999 -9999 -9999 9.99881E-1 9.99875E-1 9.99993E-1 9.99947E-1 9.9996E-1 9.99931E-1 9.99977E-1 9.99935E-1 9.99999E-1 1E0 9.99979E-1 9.99523E-1 9.99895E-1 9.99996E-1 9.99882E-1 9.9999E-1 9.99999E-1 1E0 9.98828E-1 9.99993E-1 1E0 9.99889E-1 9.99917E-1 9.99995E-1 9.99995E-1 9.99992E-1 1E0 1E0 1E0 1E0 1E0 1E0 1E0 9.99926E-1 9.99999E-1 1E0 9.99999E-1 9.99999E-1 9.99994E-1 1E0 1E0 1E0 1E0 1E0 9.99877E-1 9.95548E-1 1E0 9.99999E-1 1E0 1E0 9.99995E-1 9.99996E-1 6.0059E-1 9.98802E-1 1E0
-9999 -9999 -9999 -9999 -9999 -9999 -9999 -9999 -9999 -9999 -9999 -9999 -9999 -9999 -9999 -9999 -9999 -9999 -9999 -9999 -9999 9.99975E-1 1E0 9.99932E-1 9.99999E-1 9.99993E-1 1E0 9.99867E-1 9.99995E-1 9.99992E-1 1E0 9.99996E-1 1E0 1E0 1E0 9.99957E-1 9.9786E-1 9.99604E-1 9.99999E-1 9.99305E-1 9.99998E-1 1E0 9.99054E-1 9.99997E-1 1E0 9.99999E-1 9.99898E-1 9.99996E-1 1E0 1E0 9.99949E-1 1E0 1E0 9.99988E-1 1E0 1E0 1E0 1E0 9.99992E-1 9.99513E-1 1E0 9.99999E-1 1E0 1E0 9.99971E-1 9.99946E-1 9.99557E-1 1E0 9.77142E-1 6.33462E-1 9.91502E-1 7.60631E-1 8.96647E-1 9.96898E-1 1E0
-9999 -9999 -9999 -9999 -9999 -9999 -9999 -9999 -9999 -9999 -9999 -9999 -9999 -9999 -9999 -9999 -9999 -9999 -9999 7.86105E-1 9.91544E-1 9.99999E-1 9.99965E-1 9.99304E-1 9.9998E-1 9.99963E-1 9.99999E-1 1E0 9.9971E-1 9.99998E-1 9.99986E-1 1E0 9.99987E-1 9.99987E-1 9.99975E-1 1E0 9.99836E-1 9.99491E-1 9.95302E-1 9.9887E-1 9.9999E-1 9.99969E-1 9.99913E-1 9.9996E-1 9.99966E-1 9.99981E-1 9.99997E-1 1E0 1E0 1E0 1E0 1E0 9.99996E-1 9.99995E-1 9.99848E-1 9.99999E-1 9.99977E-1 9.99995E-1 1E0 9.99993E-1 9.99864E-1 9.99995E-1 1E0 1E0 1E0 9.99993E-1 9.99692E-1 9.99923E-1 1E0 1E0 9.99963E-1 9.9999E-1 9.69294E-1 9.97012E-1 9.99944E-1
-9999 -9999 -9999 -9999 -9999 -9999 -9999 -9999 -9999 -9999 -9999 -9999 -9999 -9999 -9999 -9999 -9999 -9999 -9999 9.99943E-1 1E0 9.9367E-1 9.99986E-1 1E0 9.99976E-1 1E0 9.99999E-1 9.99992E-1 1E0 9.99998E-1 9.9996E-1 9.99307E-1 9.99997E-1 9.9999E-1 9.99998E-1 9.99997E-1 9.99947E-1 9.998E-1 9.99729E-1 9.99298E-1 9.99979E-1 9.97906E-1 9.9996E-1 1E0 9.9999E-1 9.99925E-1 9.99985E-1 1E0 1E0 9.99996E-1 1E0 1E0 9.99999E-1 1E0 9.99981E-1 9.51817E-1 9.99997E-1 1E0 1E0 9.99943E-1 1E0 1E0 1E0 1E0 1E0 1E0 9.99981E-1 9.99908E-1 9.99995E-1 9.99998E-1 9.9932E-1 9.8657E-1 9.66523E-1 9.93747E-1 9.99999E-1
-9999 -9999 -9999 -9999 -9999 -9999 -9999 -9999 -9999 -9999 -9999 -9999 -9999 -9999 -9999 -9999 -9999 -9999 -9999 9.99738E-1 9.99998E-1 9.98974E-1 9.99915E-1 9.9993E-1 1E0 1E0 9.99978E-1 9.99998E-1 1E0 9.99983E-1 9.99982E-1 9.99973E-1 9.99993E-1 9.99991E-1 9.99992E-1 9.9993E-1 9.99926E-1 9.99966E-1 9.99596E-1 9.99926E-1 9.99996E-1 1E0 1E0 9.99999E-1 1E0 9.99999E-1 1E0 9.99879E-1 1E0 1E0 1E0 1E0 1E0 1E0 9.99993E-1 9.35792E-1 9.99979E-1 9.99999E-1 9.99999E-1 1E0 1E0 9.995E-1 1E0 1E0 1E0 9.99943E-1 1E0 1E0 9.51983E-1 9.3056E-1 8.59649E-1 9.94925E-1 7.90026E-1 9.99224E-1 9.99996E-1
-9999 -9999 -9999 -9999 -9999 -9999 -9999 -9999 -9999 -9999 -9999 -9999 -9999 -9999 -9999 -9999 -9999 -9999 9.99976E-1 9.99993E-1 9.99958E-1 9.99584E-1 9.99821E-1 9.99988E-1 9.99999E-1 1E0 1E0 9.99998E-1 9.99954E-1 9.99963E-1 9.99995E-1 1E0 9.99998E-1 9.99979E-1 9.99996E-1 9.99855E-1 9.99916E-1 9.99718E-1 9.99998E-1 9.99986E-1 9.99962E-1 9.99949E-1 9.99998E-1 9.99973E-1 1E0 9.99999E-1 1E0 1E0 1E0 1E0 1E0 1E0 1E0 1E0 9.99991E-1 9.99989E-1 1E0 9.99969E-1 9.99994E-1 9.99995E-1 1E0 9.99753E-1 1E0 1E0 1E0 9.99998E-1 9.99991E-1 1E0 9.99776E-1 1E0 1E0 9.99996E-1 9.9913E-1 9.96926E-1 1E0
-9999 -9999 -9999 -9999 -9999 -9999 -9999 -9999 -9999 -9999 -9999 -9999 -9999 -9999 -9999 -9999 -9999 9.99644E-1 9.95178E-1 9.92265E-1 9.98597E-1 9.99922E-1 9.99891E-1 9.99276E-1 9.99981E-1 9.99992E-1 1E0 9.99995E-1 1E0 9.99987E-1 9.99999E-1 9.99964E-1 9.99876E-1 9.99976E-1 9.99998E-1 9.9968E-1 9.98816E-1 9.9999E-1 9.99977E-1 9.99983E-1 9.99773E-1 9.99995E-1 1E0 1E0 9.99999E-1 1E0 1E0 1E0 1E0 1E0 1E0 1E0 1E0 1E0 1E0 9.99998E-1 9.99997E-1 9.99942E-1 9.99882E-1 9.99994E-1 1E0 9.99978E-1 1E0 1E0 1E0 1E0 1E0 9.99996E-1 1E0 1E0 1E0 1E0 1E0 1E0 1E0
-9999 -9999 -9999 -9999 -9999 -9999 -9999 -9999 -9999 -9999 -9999 -9999 -9999 -9999 -9999 -9999 9.99714E-1 9.80481E-1 9.99593E-1 9.99993E-1 1E0 9.99816E-1 9.99199E-1 9.99654E-1 9.98747E-1 9.99994E-1 9.99929E-1 9.99984E-1 9.99998E-1 9.99947E-1 9.99956E-1 9.99802E-1 9.99814E-1 9.99988E-1 9.9998E-1 9.98435E-1 9.95524E-1 9.9798E-1 9.99465E-1 9.99972E-1 9.99995E-1 9.99999E-1 1E0 1E0 1E0 1E0 1E0 1E0 1E0 1E0 1E0 9.99354E-1 9.97065E-1 9.99959E-1 9.99836E-1 9.99998E-1 9.99818E-1 9.99898E-1 9.99915E-1 9.99996E-1 9.99926E-1 9.97929E-1 9.88693E-1 9.99738E-1 9.99738E-1 9.99982E-1 1E0 9.99996E-1 9.99997E-1 1E0 9.99953E-1 9.99929E-1 1E0 9.9999E-1 9.99994E-1
