ENM/Final_Models/M_2_F_lq_Set_1_EC/Gustavia_santanderiensis_4_Choco_clamping.asc
ncols         367
nrows         963
xllcorner     -78.6
yllcorner     0.65
cellsize      0.00833333333333323
NODATA_value  -9999
[rows 512 to 543 of 963, columns 142 to 212 of 367]
-9999 -9999 -9999 -9999 -9999 -9999 -9999 -9999 -9999 -9999 -9999 -9999 -9999 -9999 6.16844E-1 3.3939E-1 3.40142E-1 6.32842E-1 4.08635E-1 5.02158E-1 3.37798E-1 3.61926E-1 8.05637E-1 8.19492E-1 6.99248E-1 8.43043E-1 7.5829E-1 7.97261E-1 5.534E-1 5.74736E-1 5.07083E-1 7.93665E-1 7.34721E-1 7.74952E-1 5.76117E-1 6.27348E-1 8.73536E-1 9.23249E-1 9.14569E-1 7.2608E-1 7.0245E-1 6.97121E-1 7.21063E-1 7.23333E-1 7.04908E-1 7.88657E-1 9.26772E-1 9.21755E-1 9.20292E-1 5.61771E-1 3.18939E-1 2.64246E-1 4.58226E-1 6.79683E-1 9.24452E-1 8.23792E-1 9.23799E-1 8.37256E-1 9.19092E-1 9.1483E-1 9.2072E-1 8.90621E-1 9.05499E-1 9.05234E-1 7.86782E-1 9.07795E-1 6.54856E-1 6.48731E-1 6.58192E-1 6.21043E-1 7.67947E-1
-9999 -9999 -9999 -9999 -9999 -9999 -9999 -9999 -9999 -9999 -9999 -9999 -9999 -9999 5.98404E-1 4.40753E-1 3.63362E-1 5.05799E-1 2.91937E-1 4.81455E-1 3.65095E-1 3.75253E-1 7.96636E-1 8.09335E-1 8.31221E-1 8.13194E-1 5.91276E-1 7.59843E-1 6.2324E-1 4.46602E-1 3.85202E-1 6.82962E-1 6.93956E-1 6.93666E-1 6.90851E-1 5.03046E-1 9.24192E-1 9.16388E-1 9.11726E-1 7.41312E-1 7.78498E-1 6.86857E-1 6.69733E-1 8.72865E-1 9.12162E-1 7.36143E-1 8.26973E-1 6.9747E-1 6.29069E-1 6.49964E-1 1.94542E-1 4.19898E-1 7.3364E-1 7.34299E-1 7.18546E-1 8.40101E-1 8.59823E-1 8.43128E-1 8.27265E-1 9.07003E-1 9.1233E-1 8.7632E-1 8.98706E-1 6.17449E-1 6.35202E-1 6.87385E-1 8.28045E-1 8.43793E-1 7.78822E-1 6.73347E-1 7.67306E-1
-9999 -9999 -9999 -9999 -9999 -9999 -9999 -9999 -9999 -9999 -9999 -9999 -9999 -9999 5.48522E-1 6.85356E-1 3.14251E-1 4.82572E-1 6.29278E-1 6.63131E-1 7.37813E-1 3.53017E-1 6.57681E-1 6.57346E-1 8.19194E-1 8.13077E-1 7.18092E-1 6.84706E-1 6.70091E-1 6.67751E-1 3.76871E-1 8.10599E-1 8.47011E-1 8.43386E-1 8.17266E-1 6.96516E-1 9.07664E-1 7.55531E-1 7.22083E-1 7.28676E-1 7.64143E-1 7.05702E-1 6.96926E-1 9.27416E-1 7.08269E-1 7.29172E-1 9.28984E-1 6.97926E-1 7.25671E-1 7.6142E-1 1.60343E-1 4.79224E-1 6.60233E-1 7.0331E-1 9.15274E-1 9.16363E-1 9.18662E-1 9.1423E-1 9.04689E-1 9.06105E-1 9.00343E-1 9.04719E-1 9.00944E-1 9.05051E-1 6.07163E-1 9.07454E-1 8.70504E-1 7.58032E-1 7.81234E-1 6.96053E-1 7.79663E-1
-9999 -9999 -9999 -9999 -9999 -9999 -9999 -9999 -9999 -9999 -9999 -9999 -9999 -9999 6.39495E-1 5.06331E-1 3.63752E-2 3.87909E-1 2.29165E-1 4.43195E-2 6.4937E-1 7.69843E-1 6.0494E-1 6.02351E-1 7.71664E-1 7.84332E-1 8.72403E-1 4.5757E-1 5.4376E-1 4.19571E-1 5.80982E-1 6.40943E-1 7.11933E-1 7.80517E-1 8.48687E-1 9.11632E-1 7.20727E-1 7.79693E-1 5.17331E-1 7.01393E-1 7.78295E-1 7.83232E-1 7.30502E-1 7.28798E-1 7.64865E-1 7.53187E-1 7.18007E-1 6.91869E-1 7.27633E-1 3.95183E-1 2.74817E-1 5.04918E-1 7.08627E-1 9.15135E-1 9.1404E-1 6.76604E-1 6.65445E-1 6.71388E-1 6.91542E-1 8.44714E-1 8.5149E-1 7.96577E-1 8.55284E-1 6.21459E-1 6.66689E-1 7.98425E-1 8.27798E-1 8.63911E-1 8.45873E-1 7.96276E-1 7.26313E-1
-9999 -9999 -9999 -9999 -9999 -9999 -9999 -9999 -9999 -9999 -9999 -9999 -9999 -9999 1.7036E-1 3.6659E-1 2.77512E-2 2.38235E-2 5.3208E-1 6.01292E-1 4.04525E-1 3.4542E-1 7.90648E-1 8.74846E-1 8.21588E-1 7.76454E-1 8.61702E-1 7.10037E-1 3.21212E-1 2.66465E-1 4.13639E-1 5.26412E-1 7.88444E-1 4.61538E-1 7.75151E-1 8.3961E-1 9.03904E-1 7.20366E-1 6.98751E-1 6.93322E-1 7.66606E-1 7.33182E-1 7.0816E-1 7.01421E-1 7.59631E-1 7.68025E-1 5.06784E-1 6.87079E-1 4.41218E-1 3.63005E-1 4.29912E-1 2.29848E-1 2.24208E-1 6.79665E-1 7.47028E-1 7.3952E-1 6.84035E-1 6.21979E-1 7.28825E-1 6.33013E-1 7.86064E-1 7.2776E-1 8.36982E-1 6.97029E-1 6.85412E-1 7.92992E-1 8.21929E-1 8.62376E-1 7.44873E-1 8.01592E-1 7.19045E-1
-9999 -9999 -9999 -9999 -9999 -9999 -9999 -9999 -9999 -9999 -9999 -9999 -9999 -9999 6.77099E-1 3.18156E-1 4.20629E-1 5.26183E-1 6.90013E-1 6.26556E-1 7.31417E-1 5.87253E-1 7.07996E-1 8.51553E-1 6.44163E-1 4.24495E-1 7.526E-1 4.3259E-1 1.70499E-1 1.52439E-1 3.15634E-1 2.38427E-1 6.47557E-1 7.91004E-1 8.31042E-1 8.716E-1 8.90074E-1 8.93881E-1 8.77686E-1 7.11949E-1 7.13242E-1 7.19871E-1 7.35425E-1 7.21362E-1 7.72238E-1 5.013E-1 7.56698E-1 4.4917E-1 4.27481E-1 3.99418E-1 5.19732E-1 2.37074E-1 4.84797E-1 6.49308E-1 2.5884E-1 3.40735E-1 2.17999E-1 6.40981E-1 5.30657E-1 6.68111E-1 7.72396E-1 7.35813E-1 7.40562E-1 8.50073E-1 7.37074E-1 7.14799E-1 7.83861E-1 7.83181E-1 7.71975E-1 8.25425E-1 7.23437E-1
-9999 -9999 -9999 -9999 -9999 -9999 -9999 -9999 -9999 -9999 -9999 -9999 -9999 -9999 6.09053E-1 7.06019E-1 6.67885E-1 6.36508E-1 7.71621E-1 7.43644E-1 6.51925E-1 4.89127E-1 6.85921E-1 6.33782E-1 6.3492E-1 7.65659E-1 5.64045E-1 3.99322E-1 5.88878E-1 4.53243E-1 5.43752E-1 3.39173E-1 4.36224E-1 7.45767E-1 8.17119E-1 8.53126E-1 8.81462E-1 7.00971E-1 7.00007E-1 7.06812E-1 7.0244E-1 7.13662E-1 8.47847E-1 8.41568E-1 7.74665E-1 7.28851E-1 4.01174E-1 3.25044E-1 2.81805E-1 -9999 4.28426E-1 4.08679E-1 7.16738E-1 5.93059E-1 6.93289E-1 6.94821E-1 5.8648E-1 7.41229E-1 6.91617E-1 7.22377E-1 7.072E-1 6.72726E-1 7.05688E-1 8.23528E-1 7.69964E-1 6.882E-1 7.96142E-1 6.44041E-1 6.32286E-1 7.99476E-1 7.8434E-1
-9999 -9999 -9999 -9999 -9999 -9999 -9999 -9999 -9999 -9999 -9999 -9999 -9999 -9999 7.04241E-1 8.36018E-1 7.6483E-1 7.22655E-1 7.23496E-1 7.89129E-1 6.64197E-1 6.10291E-1 3.29635E-1 6.46365E-1 6.40662E-1 6.95249E-1 4.65664E-1 4.14072E-1 4.83325E-1 8.23085E-1 7.53986E-1 7.69594E-1 7.1162E-1 6.10046E-1 8.42595E-1 8.97682E-1 8.87896E-1 7.09472E-1 7.15645E-1 7.20733E-1 8.54176E-1 7.07872E-1 8.16895E-1 8.22377E-1 7.32572E-1 6.89024E-1 4.47516E-1 2.69571E-1 5.00842E-2 3.89922E-2 2.49434E-1 4.19166E-1 3.44169E-1 6.68559E-1 6.41397E-1 6.41743E-1 6.23578E-1 6.62589E-1 6.57563E-1 6.43676E-1 6.02494E-1 7.32941E-1 7.32671E-1 6.81959E-1 6.94804E-1 4.5813E-1 6.43935E-1 7.30631E-1 7.3151E-1 6.84863E-1 7.26682E-1
-9999 -9999 -9999 -9999 -9999 -9999 -9999 -9999 -9999 -9999 -9999 -9999 -9999 -9999 6.31013E-1 7.49624E-1 7.83924E-1 7.57577E-1 5.72494E-1 6.48415E-1 7.39796E-1 5.08862E-1 3.38077E-1 5.81479E-1 5.95626E-1 6.26321E-1 4.10189E-1 4.86789E-1 4.34312E-1 7.63003E-1 7.81944E-1 8.07564E-1 7.0055E-1 8.04882E-1 8.33005E-1 8.93618E-1 8.9637E-1 9.01189E-1 6.26126E-1 8.98071E-1 8.25178E-1 7.83218E-1 8.38564E-1 8.47082E-1 7.39684E-1 7.30156E-1 3.1326E-1 2.87944E-1 -9999 2.71777E-1 2.39054E-1 3.42691E-1 3.22137E-1 3.58065E-1 7.09124E-1 7.06462E-1 5.27819E-1 7.31769E-1 7.04602E-1 7.12153E-1 6.94671E-1 8.31709E-1 8.24789E-1 7.2317E-1 7.33291E-1 6.67127E-1 6.97925E-1 6.16335E-1 6.16849E-1 6.33452E-1 7.24471E-1
-9999 -9999 -9999 -9999 -9999 -9999 -9999 -9999 -9999 -9999 -9999 -9999 -9999 -9999 7.96751E-1 7.29879E-1 7.88926E-1 8.29377E-1 5.88267E-1 5.46435E-1 4.5619E-1 5.67309E-1 7.10146E-1 8.28332E-2 8.43706E-2 7.16374E-1 6.36188E-1 7.80241E-1 7.32474E-1 6.50535E-1 7.09341E-1 6.05124E-1 7.75245E-1 8.16183E-1 7.04886E-1 7.13009E-1 7.0591E-1 8.0313E-1 8.49894E-1 7.90419E-1 8.12949E-1 8.14671E-1 8.40131E-1 8.46222E-1 7.76278E-1 7.69957E-1 -9999 2.82603E-1 4.43732E-1 5.25459E-1 3.91199E-1 4.26395E-1 3.74236E-1 4.35683E-1 2.6533E-1 2.78592E-1 4.12623E-1 3.2147E-1 6.6149E-1 7.20476E-1 7.19837E-1 8.054E-1 7.23172E-1 6.39245E-1 6.2714E-1 6.24642E-1 4.36373E-1 5.14078E-1 5.29946E-1 1.12842E-1 6.0103E-1
-9999 -9999 -9999 -9999 -9999 -9999 -9999 -9999 -9999 -9999 -9999 -9999 -9999 -9999 6.76668E-1 6.97126E-1 7.11069E-1 6.97015E-1 4.83894E-1 7.59363E-1 7.56411E-1 5.11696E-1 5.73187E-1 3.03297E-1 7.82807E-2 2.83485E-1 4.51859E-1 3.64486E-1 8.17357E-1 7.5961E-1 7.28874E-1 7.86502E-1 6.54974E-1 7.87908E-1 6.84594E-1 6.16748E-1 6.41032E-1 5.6221E-1 6.39471E-1 8.14066E-1 7.25058E-1 7.23894E-1 7.26481E-1 8.46181E-1 7.78392E-1 7.81906E-1 4.51301E-1 2.53174E-1 4.36121E-1 4.71892E-1 5.9038E-1 3.55166E-1 3.93583E-1 7.17023E-1 4.2121E-1 7.08855E-1 2.46773E-1 2.0283E-1 6.99205E-1 7.24767E-1 8.27571E-1 7.02493E-1 7.02408E-1 7.66352E-1 7.90854E-1 3.75623E-1 4.05122E-1 6.29077E-1 6.82142E-1 0E0 1.05034E-1
-9999 -9999 -9999 -9999 -9999 -9999 -9999 -9999 -9999 -9999 -9999 -9999 -9999 -9999 5.55401E-1 5.62706E-1 7.09353E-1 7.37053E-1 5.85883E-1 5.51744E-1 5.80858E-1 3.67569E-1 3.54039E-1 3.92931E-1 3.54878E-1 9.24622E-2 4.65034E-1 1.26902E-1 7.57836E-1 7.78456E-1 7.56411E-1 8.26583E-1 8.82852E-1 8.76194E-1 8.43944E-1 7.60402E-1 7.37032E-1 6.84436E-1 7.52371E-1 7.76666E-1 7.74066E-1 7.6644E-1 7.81868E-1 7.41017E-1 7.39663E-1 7.82756E-1 -9999 -9999 4.03942E-1 2.48363E-1 4.12784E-1 3.51162E-1 3.87903E-1 4.31558E-1 4.27518E-1 4.96782E-1 4.64007E-1 4.82421E-1 6.91074E-1 7.13965E-1 7.16442E-1 7.02496E-1 6.63646E-1 6.61579E-1 8.14872E-1 7.82813E-1 5.95379E-1 4.27835E-1 4.45179E-1 5.70944E-1 1.00812E-1
-9999 -9999 -9999 -9999 -9999 -9999 -9999 -9999 -9999 -9999 -9999 -9999 -9999 -9999 7.05168E-1 4.80743E-1 5.51043E-1 6.24711E-1 7.29535E-1 6.9998E-1 6.02571E-1 4.87398E-1 6.27753E-1 5.85673E-1 6.10188E-1 3.92633E-1 4.82216E-1 4.1804E-1 4.28506E-1 7.63123E-1 7.98343E-1 8.17074E-1 8.66692E-1 7.93959E-1 8.23193E-1 8.5356E-1 8.39903E-1 8.08843E-1 6.76666E-1 7.95032E-1 7.17662E-1 7.3182E-1 8.22699E-1 7.84491E-1 7.32714E-1 7.32989E-1 7.54582E-1 6.43994E-1 7.04116E-1 6.79752E-1 2.23511E-1 4.18233E-1 3.52047E-1 4.86709E-1 7.24073E-1 7.19054E-1 4.97146E-1 7.02146E-1 6.5002E-1 7.04213E-1 7.12307E-1 7.16442E-1 6.95581E-1 8.37218E-1 7.58129E-1 6.81308E-1 7.10353E-1 7.05115E-1 5.7597E-1 6.012E-1 5.7211E-1
-9999 -9999 -9999 -9999 -9999 -9999 -9999 -9999 -9999 -9999 -9999 -9999 -9999 5.79323E-1 3.64636E-1 3.93089E-1 5.32345E-1 7.56405E-1 7.91073E-1 5.77061E-1 5.27579E-1 6.16529E-1 5.92436E-1 6.02616E-1 6.03168E-1 7.97561E-1 8.01057E-1 5.95537E-1 7.34312E-1 6.28148E-1 7.54859E-1 6.2391E-1 7.93391E-1 6.4642E-1 8.46585E-1 8.25975E-1 6.93755E-1 7.89457E-1 7.76434E-1 8.29432E-1 6.6338E-1 7.19017E-1 8.47486E-1 7.20236E-1 7.22422E-1 7.16441E-1 -9999 8.93505E-1 6.89347E-1 2.7798E-1 1.82613E-1 2.0839E-1 2.3543E-1 4.74649E-1 4.99539E-1 4.83872E-1 4.81527E-1 6.37427E-1 6.84485E-1 7.04168E-1 7.03873E-1 7.01895E-1 7.05073E-1 6.40921E-1 7.64424E-1 6.64182E-1 6.65943E-1 6.63727E-1 6.44285E-1 5.5695E-1 9.52019E-2
-9999 -9999 -9999 -9999 -9999 -9999 -9999 -9999 -9999 -9999 -9999 -9999 -9999 4.86523E-1 1.7249E-1 3.04767E-1 6.00425E-1 5.91853E-1 5.94621E-1 5.52423E-1 5.35996E-1 5.72217E-1 4.88719E-1 6.06102E-1 6.29147E-1 7.55876E-1 8.36365E-1 6.51745E-1 6.98265E-1 6.32386E-1 5.9273E-1 6.95213E-1 6.24737E-1 6.391E-1 8.51886E-1 7.929E-1 6.81315E-1 6.86417E-1 6.59448E-1 7.21569E-1 6.55717E-1 7.07865E-1 7.24618E-1 7.13539E-1 7.2088E-1 7.0898E-1 7.48883E-1 6.83425E-1 -9999 2.0985E-1 1.75801E-1 1.77118E-1 2.21381E-1 4.09411E-1 5.03444E-1 7.15263E-1 6.88697E-1 2.01044E-1 6.12718E-1 7.00835E-1 6.59986E-1 6.98494E-1 7.03456E-1 8.32534E-1 6.96625E-1 6.82349E-1 4.27678E-1 6.76916E-1 5.15379E-1 5.40589E-1 8.49162E-2
-9999 -9999 -9999 -9999 -9999 -9999 -9999 -9999 -9999 -9999 -9999 -9999 -9999 5.33579E-1 3.53288E-1 2.97187E-1 5.44747E-1 5.4688E-1 5.80189E-1 4.70436E-1 4.13358E-1 5.48723E-1 5.91807E-1 6.23534E-1 7.29678E-1 8.26561E-1 7.24055E-1 8.07774E-1 6.36173E-1 7.69587E-1 8.03711E-1 6.28915E-1 6.82335E-1 7.94595E-1 6.55048E-1 8.12659E-1 7.94097E-1 7.94017E-1 6.80519E-1 6.42461E-1 7.76461E-1 8.10642E-1 7.15677E-1 7.10341E-1 7.73361E-1 7.72002E-1 7.67193E-1 8.9769E-1 6.80657E-1 -9999 2.16303E-1 4.83556E-1 4.8344E-1 4.05228E-1 6.204E-1 6.80987E-1 6.94023E-1 4.81482E-1 7.15177E-1 6.8822E-1 6.37817E-1 6.82163E-1 6.72184E-1 6.71061E-1 6.85851E-1 6.6867E-1 4.26559E-1 5.82448E-1 5.86776E-1 5.88837E-1 5.83292E-1
-9999 -9999 -9999 -9999 -9999 -9999 -9999 -9999 -9999 -9999 -9999 -9999 -9999 6.20163E-1 4.58951E-1 3.45426E-1 3.56344E-1 3.8537E-1 4.65483E-1 5.27778E-1 6.00653E-1 6.38537E-1 5.43896E-1 4.56434E-1 4.42388E-1 5.89157E-1 8.06863E-1 7.94701E-1 8.24417E-1 6.35484E-1 6.98282E-1 6.497E-1 7.93E-1 7.91679E-1 7.99915E-1 6.53473E-1 7.99297E-1 7.89886E-1 8.27452E-1 7.75243E-1 8.20912E-1 7.59492E-1 8.33471E-1 7.07856E-1 7.06569E-1 5.25325E-1 3.98627E-1 4.39588E-1 6.82959E-1 3.87426E-1 4.01898E-1 4.05094E-1 4.83009E-1 4.77757E-1 6.88691E-1 7.20397E-1 7.10059E-1 4.87849E-1 4.76231E-1 6.59227E-1 6.85778E-1 6.5593E-1 6.7982E-1 6.84775E-1 6.63549E-1 6.66796E-1 4.54343E-1 6.0017E-1 5.24705E-1 6.54759E-1 7.31214E-1
-9999 -9999 -9999 -9999 -9999 -9999 -9999 -9999 -9999 -9999 -9999 -9999 -9999 4.95167E-1 4.46902E-1 5.7629E-1 3.87144E-1 4.0262E-1 7.00506E-1 4.59048E-1 4.57578E-1 5.01511E-1 5.01556E-1 5.89801E-1 6.07624E-1 4.83982E-1 5.55819E-1 6.20109E-1 7.4826E-1 7.65285E-1 6.34548E-1 6.4251E-1 6.28845E-1 7.7975E-1 8.89348E-1 8.09578E-1 8.21327E-1 8.06494E-1 8.08732E-1 7.75648E-1 7.68128E-1 7.7756E-1 7.64822E-1 5.16231E-1 7.67067E-1 5.24724E-1 3.9302E-1 3.87741E-1 -9999 4.30392E-1 4.24111E-1 4.86044E-1 4.49727E-1 4.87257E-1 5.03482E-1 3.30182E-1 3.04486E-1 4.52375E-1 6.73267E-1 4.73033E-1 4.65305E-1 6.83675E-1 6.69426E-1 6.81482E-1 6.7227E-1 6.72224E-1 6.35715E-1 6.84918E-1 7.09899E-1 7.04248E-1 6.93669E-1
-9999 -9999 -9999 -9999 -9999 -9999 -9999 -9999 -9999 -9999 -9999 -9999 -9999 3.93153E-1 7.192E-1 6.32442E-1 6.37179E-1 8.16229E-1 7.65545E-1 8.2946E-1 8.429E-1 8.73212E-1 7.23307E-1 5.99955E-1 5.72009E-1 5.71439E-1 6.27586E-1 7.16117E-1 7.28523E-1 7.75526E-1 7.31214E-1 7.26296E-1 6.35135E-1 8.15414E-1 7.16E-1 8.98605E-1 8.01941E-1 7.73046E-1 6.64892E-1 7.79884E-1 7.54682E-1 6.94885E-1 4.98533E-1 5.03803E-1 5.05747E-1 7.60382E-1 5.19605E-1 -9999 4.09842E-1 2.76035E-1 2.76507E-1 4.14594E-1 5.02697E-1 4.8788E-1 6.81307E-1 6.98454E-1 6.7237E-1 7.05369E-1 4.67056E-1 3.98547E-1 4.74288E-1 6.24616E-1 5.72289E-1 5.66019E-1 6.01741E-1 5.57138E-1 5.85164E-1 6.55013E-1 5.1574E-1 5.17983E-1 5.64999E-1
-9999 -9999 -9999 -9999 -9999 -9999 -9999 -9999 -9999 -9999 -9999 -9999 -9999 3.85549E-1 7.06687E-1 6.37277E-1 8.17256E-1 8.24512E-1 8.32468E-1 8.35177E-1 8.65408E-1 7.16591E-1 7.74567E-1 5.78787E-1 6.61072E-1 6.79769E-1 7.15923E-1 6.69611E-1 6.99477E-1 5.91794E-1 6.31153E-1 6.14218E-1 7.98273E-1 6.25107E-1 8.17169E-1 8.20303E-1 7.70417E-1 7.58429E-1 8.34813E-1 6.76592E-1 6.67216E-1 6.87678E-1 7.60886E-1 7.40925E-1 7.56033E-1 7.59028E-1 7.57187E-1 -9999 6.6979E-1 2.8365E-1 2.82736E-1 3.5846E-1 2.14443E-1 4.0944E-1 4.71007E-1 6.53018E-1 6.80117E-1 4.86485E-1 4.80411E-1 4.76965E-1 6.68999E-1 6.90193E-1 6.76462E-1 6.77305E-1 6.49004E-1 5.95554E-1 5.72696E-1 6.29757E-1 5.62863E-1 5.69286E-1 4.12177E-1
-9999 -9999 -9999 -9999 -9999 -9999 -9999 -9999 -9999 -9999 -9999 -9999 -9999 4.64244E-1 5.34995E-1 5.62437E-1 7.68728E-1 8.4726E-1 8.6814E-1 6.63328E-1 8.47328E-1 7.38307E-1 5.34043E-1 6.815E-1 6.69111E-1 5.91541E-1 7.48134E-1 6.98996E-1 7.24742E-1 5.63983E-1 6.28963E-1 6.15557E-1 6.26335E-1 6.14741E-1 7.25298E-1 7.09683E-1 7.58911E-1 8.11428E-1 7.8419E-1 7.76755E-1 5.09088E-1 7.75784E-1 6.01756E-1 7.48098E-1 7.54813E-1 6.95268E-1 7.43946E-1 6.64836E-1 5.92415E-1 2.87564E-1 2.78062E-1 2.57335E-2 3.31225E-1 3.20764E-1 7.1735E-1 7.10087E-1 6.97358E-1 6.84531E-1 6.94688E-1 6.89946E-1 6.97183E-1 6.83377E-1 6.78565E-1 6.68909E-1 6.428E-1 6.07041E-1 6.54367E-1 6.32782E-1 5.84458E-1 5.467E-1 4.27752E-1
-9999 -9999 -9999 -9999 -9999 -9999 -9999 -9999 -9999 -9999 -9999 -9999 6.28071E-1 5.89084E-1 -9999 -9999 8.18908E-1 -9999 7.52967E-1 7.78275E-1 7.66517E-1 7.88135E-1 6.7168E-1 7.1864E-1 7.33496E-1 7.63257E-1 4.79944E-1 5.03234E-1 7.71306E-1 7.78903E-1 6.24526E-1 6.15407E-1 6.31374E-1 6.36209E-1 6.31975E-1 6.18299E-1 6.19545E-1 7.34181E-1 8.16592E-1 -9999 7.81714E-1 6.93715E-1 7.71831E-1 7.54073E-1 7.4581E-1 6.6813E-1 6.88332E-1 6.51544E-1 6.75987E-1 -9999 2.62472E-1 2.57383E-1 3.24598E-1 3.30828E-1 4.06874E-1 4.81513E-1 4.59142E-1 7.0181E-1 6.87898E-1 6.97734E-1 6.88533E-1 6.774E-1 6.74993E-1 6.72129E-1 6.62993E-1 6.59823E-1 6.26089E-1 6.51034E-1 5.84969E-1 5.89456E-1 4.03347E-1
-9999 -9999 -9999 -9999 -9999 -9999 -9999 -9999 4.06612E-1 -9999 -9999 -9999 -9999 -9999 -9999 -9999 -9999 7.36902E-1 5.02206E-1 7.75209E-1 7.4951E-1 8.35922E-1 7.45566E-1 7.22068E-1 5.09955E-1 2.22223E-1 3.61607E-1 7.39767E-1 7.88454E-1 5.57741E-1 6.18957E-1 6.71007E-1 6.98952E-1 8.02152E-1 7.93296E-1 5.97372E-1 6.2751E-1 6.32702E-1 6.21325E-1 6.75745E-1 7.04563E-1 6.8606E-1 5.15321E-1 7.59438E-1 7.1714E-1 7.5446E-1 6.57474E-1 -9999 7.49357E-1 2.86428E-1 4.76798E-1 2.7516E-1 2.25912E-1 3.95451E-1 3.97873E-1 4.06604E-1 3.73377E-1 4.6352E-1 4.66742E-1 6.86054E-1 6.30884E-1 7.45331E-1 6.56146E-1 6.60037E-1 6.62732E-1 6.46916E-1 6.51085E-1 7.71331E-1 5.70159E-1 5.97689E-1 6.45423E-1
-9999 -9999 -9999 -9999 -9999 -9999 -9999 -9999 -9999 -9999 -9999 -9999 -9999 -9999 -9999 -9999 7.1183E-1 4.47249E-1 4.90017E-1 5.50989E-1 7.49689E-1 8.11542E-1 8.2398E-1 7.46254E-1 7.05886E-1 4.48083E-1 5.57074E-1 5.7218E-1 5.78732E-1 5.93623E-1 7.94127E-1 5.99439E-1 7.6435E-1 7.96969E-1 8.68861E-1 7.83591E-1 6.27539E-1 -9999 8.06346E-1 7.92408E-1 -9999 7.35955E-1 -9999 -9999 7.27382E-1 7.54061E-1 6.96465E-1 7.32534E-1 5.91114E-1 5.08172E-1 4.8366E-1 3.71136E-1 3.61349E-1 4.123E-1 7.12294E-1 4.80753E-1 3.78435E-1 6.85775E-1 6.42295E-1 6.66367E-1 4.63287E-1 7.39262E-1 7.03397E-1 6.90509E-1 7.29196E-1 6.45952E-1 6.06651E-1 6.47057E-1 5.71765E-1 5.58432E-1 6.50351E-1
-9999 -9999 -9999 -9999 -9999 -9999 -9999 -9999 -9999 -9999 -9999 -9999 -9999 -9999 -9999 -9999 5.41635E-1 4.68449E-1 4.21164E-1 4.05291E-1 6.61819E-1 7.51394E-1 7.39385E-1 7.05178E-1 6.39365E-1 6.85139E-1 7.01348E-1 7.34885E-1 7.61894E-1 7.78006E-1 8.40587E-1 8.57163E-1 8.60831E-1 8.80286E-1 8.84132E-1 8.50842E-1 6.98422E-1 7.03729E-1 8.77421E-1 8.00583E-1 6.97779E-1 7.19862E-1 8.3663E-1 7.96202E-1 -9999 -9999 5.12091E-1 4.78134E-1 6.22063E-1 6.75201E-1 7.75643E-1 6.8208E-1 7.1764E-1 4.92283E-1 7.16353E-1 6.91382E-1 4.80888E-1 4.74633E-1 3.84139E-1 6.686E-1 8.04596E-1 6.62141E-1 6.4547E-1 6.44727E-1 6.32075E-1 7.33317E-1 6.38873E-1 5.31622E-1 7.14424E-1 5.95289E-1 5.51388E-1
-9999 -9999 -9999 -9999 -9999 -9999 -9999 -9999 -9999 -9999 -9999 -9999 -9999 -9999 -9999 -9999 5.29316E-1 6.56969E-1 4.00366E-1 4.92318E-1 7.32877E-1 7.59478E-1 6.94778E-1 6.82085E-1 6.06584E-1 6.05438E-1 7.30273E-1 5.99777E-1 7.81223E-1 8.4619E-1 6.88819E-1 6.74397E-1 6.46122E-1 6.9915E-1 8.47938E-1 7.01903E-1 8.04134E-1 7.75018E-1 6.96462E-1 8.79897E-1 8.0523E-1 8.63253E-1 7.24919E-1 6.44234E-1 6.62147E-1 6.92465E-1 5.9269E-1 6.26277E-1 6.92716E-1 6.69876E-1 7.85447E-1 6.786E-1 7.08216E-1 7.12262E-1 6.8147E-1 4.73024E-1 4.75928E-1 4.8064E-1 3.2308E-1 4.62537E-1 6.44199E-1 4.227E-1 6.42221E-1 6.41124E-1 6.38721E-1 6.32236E-1 6.38913E-1 6.18801E-1 6.83023E-1 5.20223E-1 6.27682E-1
-9999 -9999 -9999 -9999 -9999 -9999 3.19283E-1 3.34692E-1 3.49966E-1 4.4492E-1 -9999 -9999 -9999 -9999 -9999 -9999 7.35882E-1 4.91211E-1 4.55783E-1 5.17488E-1 7.31486E-1 7.9994E-1 8.01079E-1 8.07943E-1 5.74917E-1 4.59208E-1 4.32315E-1 5.52589E-1 7.30128E-1 6.88356E-1 5.33339E-1 6.63045E-1 6.22412E-1 8.1263E-1 6.70101E-1 7.98635E-1 4.95947E-1 7.86185E-1 -9999 6.71649E-1 6.50958E-1 7.78838E-1 7.77438E-1 7.6782E-1 7.63948E-1 7.59166E-1 -9999 -9999 7.06557E-1 6.78349E-1 2.41465E-1 2.35766E-1 7.07623E-1 7.0025E-1 2.60177E-1 6.69514E-1 2.25564E-1 2.14118E-1 4.6266E-1 3.84451E-1 3.47701E-1 3.30122E-1 4.35076E-1 3.19004E-1 2.99832E-1 6.34364E-1 7.12378E-1 7.11496E-1 6.48193E-1 4.66707E-1 4.83557E-1
-9999 -9999 -9999 -9999 -9999 3.81263E-1 2.76529E-1 2.77181E-1 3.41839E-1 2.97505E-1 6.48949E-1 -9999 -9999 -9999 -9999 -9999 4.98908E-1 5.40846E-1 4.63543E-1 4.75582E-1 -9999 8.04802E-1 7.87964E-1 8.04408E-1 7.60743E-1 7.61415E-1 6.59986E-1 7.58207E-1 -9999 7.83434E-1 7.63818E-1 -9999 6.77702E-1 -9999 -9999 7.89443E-1 4.90518E-1 4.93319E-1 -9999 6.56596E-1 6.59641E-1 7.65412E-1 7.78699E-1 7.68272E-1 7.74982E-1 8.30416E-1 7.83346E-1 -9999 5.67667E-1 7.27279E-1 7.21318E-1 7.06254E-1 6.68698E-1 6.7501E-1 6.96052E-1 6.61833E-1 6.75916E-1 6.7641E-1 6.71766E-1 4.02866E-1 4.56314E-1 3.36042E-1 4.11744E-1 4.88069E-1 4.72007E-1 5.95127E-1 7.05759E-1 5.91474E-1 4.90393E-1 4.05694E-1 3.99637E-1
-9999 -9999 -9999 -9999 -9999 2.71295E-1 2.22069E-1 1.8946E-1 2.17865E-1 3.97933E-1 4.36706E-1 7.40264E-1 -9999 -9999 7.98439E-1 7.33081E-1 4.87552E-1 6.63913E-1 6.56496E-1 5.99405E-1 4.91455E-1 -9999 7.19822E-1 8.09644E-1 7.95198E-1 -9999 6.28399E-1 -9999 7.3294E-1 5.18253E-1 7.76089E-1 6.5785E-1 6.011E-1 7.43272E-1 7.45796E-1 5.25198E-1 5.12024E-1 4.96154E-1 7.24586E-1 6.58733E-1 7.54257E-1 8.61967E-1 8.64735E-1 6.63751E-1 6.69658E-1 6.71915E-1 8.61341E-1 6.67611E-1 6.54065E-1 7.20679E-1 6.63461E-1 6.64622E-1 7.61171E-1 6.56966E-1 6.75813E-1 6.27321E-1 3.99183E-1 1.83336E-1 2.0831E-1 6.17358E-1 6.35571E-1 4.25401E-1 4.30877E-1 6.05651E-1 5.86877E-1 6.01013E-1 5.94349E-1 6.01411E-1 5.77201E-1 5.78487E-1 4.92839E-1
-9999 -9999 -9999 -9999 3.06108E-1 4.10327E-1 3.66465E-1 3.62638E-1 2.1292E-1 3.48242E-1 3.10713E-1 5.90872E-1 4.47191E-1 6.21865E-1 5.74036E-1 4.36888E-1 3.70475E-1 2.1807E-1 6.20514E-1 6.29887E-1 4.96366E-1 7.26542E-1 -9999 8.0783E-1 7.89728E-1 7.28761E-1 7.33233E-1 7.06996E-1 7.60721E-1 7.69635E-1 8.36227E-1 6.68885E-1 6.72636E-1 7.64655E-1 5.24922E-1 7.65411E-1 6.56784E-1 6.76081E-1 6.67525E-1 8.41335E-1 7.39245E-1 8.48581E-1 6.59542E-1 7.32617E-1 6.61472E-1 6.59963E-1 6.61123E-1 6.6306E-1 6.02291E-1 7.07705E-1 7.11351E-1 7.04751E-1 6.92364E-1 6.63517E-1 6.90202E-1 4.30952E-1 6.84906E-1 6.32406E-1 6.31895E-1 4.5018E-1 6.61761E-1 4.42754E-1 6.43133E-1 6.09514E-1 6.15465E-1 5.6401E-1 5.52511E-1 5.65426E-1 5.35433E-1 3.97893E-1 2.99615E-1
-9999 -9999 -9999 -9999 5.35398E-1 4.93264E-1 6.4538E-1 4.68376E-1 4.846E-1 4.27039E-1 3.956E-1 3.78404E-1 2.03932E-1 1.34191E-1 1.92177E-1 2.42401E-1 3.90793E-1 3.03284E-1 4.67526E-1 5.25444E-1 3.72012E-1 4.36528E-1 4.50208E-1 7.47575E-1 6.03354E-1 6.03854E-1 6.32863E-1 7.30272E-1 7.18656E-1 7.4375E-1 8.37692E-1 8.45276E-1 8.52283E-1 4.75604E-1 4.88432E-1 7.38315E-1 6.17735E-1 6.37136E-1 6.30578E-1 6.59462E-1 8.60818E-1 6.49268E-1 7.15387E-1 6.72028E-1 6.45914E-1 6.555E-1 6.57468E-1 4.83083E-1 6.98386E-1 7.03837E-1 6.43174E-1 6.57914E-1 7.40844E-1 7.75811E-1 7.52464E-1 6.2563E-1 6.76793E-1 4.52907E-1 4.59428E-1 0E0 1.90926E-1 2.39364E-2 6.18912E-1 4.75693E-1 4.25027E-1 6.62313E-2 5.25306E-1 5.11302E-1 4.18203E-1 4.77234E-1 4.12141E-1
-9999 -9999 -9999 -9999 -9999 3.94071E-1 3.97042E-1 4.04713E-1 5.05296E-1 3.58944E-1 4.55303E-1 3.99963E-1 2.39013E-1 2.40878E-1 4.35207E-1 6.34501E-1 4.86459E-1 3.51664E-1 5.29854E-1 3.7302E-1 6.70763E-1 2.94765E-1 4.50435E-1 4.82497E-1 5.8345E-1 5.72926E-1 6.20126E-1 6.04492E-1 6.40965E-1 7.3987E-1 6.54752E-1 6.53323E-1 8.36764E-1 7.18766E-1 6.95087E-1 6.48268E-1 6.49401E-1 6.51696E-1 7.8266E-1 7.76627E-1 7.52491E-1 8.4822E-1 6.53907E-1 8.52654E-1 7.49064E-1 7.44946E-1 6.34012E-1 6.83595E-1 6.3334E-1 6.65023E-1 4.62058E-1 4.68553E-1 6.17358E-1 7.69576E-1 7.67881E-1 6.20824E-1 5.88E-1 2.21744E-2 2.08118E-1 1.78751E-1 0E0 3.61373E-1 6.05497E-1 5.85145E-1 4.94936E-1 6.99935E-1 6.08713E-1 5.56879E-1 5.51652E-1 3.05633E-1 5.53715E-1
