ENM/Final_Models/M_2_F_lq_Set_1_EC/Gustavia_santanderiensis_4_Choco.asc
ncols         367
nrows         963
xllcorner     -78.6
yllcorner     0.65
cellsize      0.00833333333333323
NODATA_value  -9999
[rows 330 to 359 of 963, columns 134 to 200 of 367]
-9999 -9999 -9999 -9999 -9999 -9999 -9999 -9999 -9999 -9999 -9999 -9999 -9999 -9999 -9999 -9999 -9999 -9999 -9999 -9999 -9999 8.64358E-2 1.16665E-1 3.87373E-1 6.97551E-1 8.30997E-1 9.95868E-1 8.64714E-1 8.82862E-1 9.79744E-1 5.22772E-1 4.48336E-1 5.67581E-1 3.51798E-1 3.45676E-1 6.32073E-1 6.77522E-1 6.95896E-1 7.46819E-1 7.75E-1 7.68085E-1 7.91523E-1 8.79624E-1 8.97898E-1 7.88866E-1 8.4535E-1 7.35268E-1 7.25699E-1 9.81174E-1 9.7055E-1 9.71171E-1 9.13086E-1 8.42676E-1 4.92956E-1 7.8031E-1 9.77348E-1 9.60507E-1 9.78616E-1 9.66214E-1 9.95473E-1 9.99871E-1 9.99976E-1 9.99909E-1 9.99979E-1 1E0 1E0 9.99987E-1
-9999 -9999 -9999 -9999 -9999 -9999 -9999 -9999 -9999 -9999 -9999 -9999 -9999 -9999 -9999 -9999 -9999 -9999 -9999 -9999 -9999 6.69553E-2 1.11651E-1 3.22253E-1 5.91772E-1 7.74334E-1 9.39366E-1 9.64531E-1 9.64208E-1 7.99215E-1 3.08051E-1 3.48623E-1 5.91323E-1 5.74889E-1 5.54425E-1 6.8559E-1 5.88825E-1 7.62455E-1 8.10909E-1 9.12632E-1 8.86493E-1 7.15579E-1 8.21142E-1 8.34577E-1 9.07814E-1 9.79989E-1 9.63262E-1 9.17962E-1 9.63993E-1 9.60884E-1 9.17978E-1 9.34679E-1 8.74778E-1 7.44894E-1 7.96234E-1 8.32459E-1 8.7563E-1 6.29322E-1 8.9254E-1 8.27871E-1 9.67588E-1 9.99951E-1 9.9994E-1 9.99958E-1 1E0 1E0 9.99988E-1
-9999 -9999 -9999 -9999 -9999 -9999 -9999 -9999 -9999 -9999 -9999 -9999 -9999 -9999 -9999 -9999 -9999 -9999 -9999 -9999 -9999 1.32679E-1 1.98975E-1 2.19147E-1 6.48749E-1 9.02023E-1 8.60514E-1 8.34599E-1 8.35288E-1 8.09153E-1 5.20585E-1 2.01583E-1 4.16191E-1 6.09683E-1 6.10134E-1 5.91434E-1 7.38623E-1 9.2009E-1 8.04017E-1 8.99323E-1 8.36218E-1 7.69499E-1 9.76312E-1 8.01547E-1 9.48645E-1 9.97592E-1 9.97875E-1 9.92658E-1 9.90473E-1 9.63699E-1 9.81085E-1 9.16257E-1 9.57956E-1 8.71642E-1 4.10248E-1 4.58821E-1 3.5166E-1 7.99379E-1 9.63425E-1 8.70282E-1 9.96457E-1 9.99983E-1 9.9986E-1 9.99994E-1 1E0 9.99998E-1 9.99997E-1
-9999 -9999 -9999 -9999 -9999 -9999 -9999 -9999 -9999 -9999 -9999 -9999 -9999 -9999 -9999 -9999 -9999 -9999 -9999 -9999 -9999 1.12748E-1 1.09977E-1 3.59227E-1 6.65201E-1 8.68597E-1 7.14418E-1 8.31727E-1 8.73537E-1 9.44226E-1 8.97668E-1 5.21946E-1 5.48363E-1 6.74453E-1 6.09509E-1 7.02635E-1 6.96915E-1 8.3477E-1 9.52105E-1 7.546E-1 8.13386E-1 9.02675E-1 9.6408E-1 7.91735E-1 8.41394E-1 9.91768E-1 9.98337E-1 9.87782E-1 9.95531E-1 8.87433E-1 7.41154E-1 8.22774E-1 8.51051E-1 6.6855E-1 3.93059E-1 6.08252E-1 5.57411E-1 9.16985E-1 9.99267E-1 9.62299E-1 9.65371E-1 9.99337E-1 9.99702E-1 9.99867E-1 9.99995E-1 9.99996E-1 9.99999E-1
-9999 -9999 -9999 -9999 -9999 -9999 -9999 -9999 -9999 -9999 -9999 -9999 -9999 -9999 -9999 -9999 -9999 -9999 -9999 -9999 -9999 -9999 1.02008E-1 3.59681E-1 6.20626E-1 8.32469E-1 6.41339E-1 7.87295E-1 6.82787E-1 8.09008E-1 8.69454E-1 6.63325E-1 6.87551E-1 6.11852E-1 5.77758E-1 7.05686E-1 8.3283E-1 7.85306E-1 8.05506E-1 7.63971E-1 9.36485E-1 7.00944E-1 8.86913E-1 8.93934E-1 9.76205E-1 9.82565E-1 9.89987E-1 9.3497E-1 9.65991E-1 7.1413E-1 7.18473E-1 7.11103E-1 7.31321E-1 8.64797E-1 5.24344E-1 7.33328E-1 9.40655E-1 9.93992E-1 9.99799E-1 9.97657E-1 9.98748E-1 9.99293E-1 9.99928E-1 1E0 1E0 1E0 1E0
-9999 -9999 -9999 -9999 -9999 -9999 -9999 -9999 -9999 -9999 -9999 -9999 -9999 -9999 -9999 -9999 -9999 -9999 -9999 -9999 -9999 -9999 1.91586E-1 3.55026E-1 4.40798E-1 8.59992E-1 9.49561E-1 9.53238E-1 7.6788E-1 8.32261E-1 8.75961E-1 8.21792E-1 6.88658E-1 6.87932E-1 5.4565E-1 5.61082E-1 6.69912E-1 8.49046E-1 7.62083E-1 7.43011E-1 8.95506E-1 8.72154E-1 7.70765E-1 8.97121E-1 9.02208E-1 9.8276E-1 9.22578E-1 8.85749E-1 8.33727E-1 6.78117E-1 6.77628E-1 7.15992E-1 8.89359E-1 9.78249E-1 8.27493E-1 8.54754E-1 9.78604E-1 9.99337E-1 9.99975E-1 9.71899E-1 9.86296E-1 9.99971E-1 9.99999E-1 1E0 1E0 1E0 1E0
-9999 -9999 -9999 -9999 -9999 -9999 -9999 -9999 -9999 -9999 -9999 -9999 -9999 -9999 -9999 -9999 -9999 -9999 -9999 -9999 -9999 -9999 1.75396E-1 2.91015E-1 4.6267E-1 7.39497E-1 9.84558E-1 9.9082E-1 9.15596E-1 8.6376E-1 8.61407E-1 8.56184E-1 6.48863E-1 6.55091E-1 7.27544E-1 7.01284E-1 6.30493E-1 6.81887E-1 8.50023E-1 7.59615E-1 8.32533E-1 7.73798E-1 8.32444E-1 9.50609E-1 9.00329E-1 8.62237E-1 7.48529E-1 9.10904E-1 7.95753E-1 6.84245E-1 7.07764E-1 8.19853E-1 9.10608E-1 9.9817E-1 9.36157E-1 5.72942E-1 5.17822E-1 8.02783E-1 9.99505E-1 9.99889E-1 9.89745E-1 9.99981E-1 9.99854E-1 9.99992E-1 9.99999E-1 1E0 1E0
-9999 -9999 -9999 -9999 -9999 -9999 -9999 -9999 -9999 -9999 -9999 -9999 -9999 -9999 -9999 -9999 -9999 -9999 -9999 -9999 -9999 -9999 -9999 2.31219E-1 3.58488E-1 -9999 -9999 -9999 -9999 8.51728E-1 8.11827E-1 7.98528E-1 6.52021E-1 6.125E-1 6.5606E-1 7.44351E-1 7.83554E-1 7.45457E-1 6.69921E-1 8.25533E-1 9.07969E-1 8.51471E-1 8.09557E-1 8.19352E-1 9.07042E-1 9.26721E-1 7.08339E-1 7.99527E-1 7.154E-1 8.12138E-1 8.61176E-1 8.50173E-1 7.99821E-1 9.7857E-1 9.02246E-1 6.71739E-1 3.55968E-1 4.22331E-1 9.88462E-1 9.99991E-1 9.99731E-1 9.99997E-1 9.99907E-1 9.99938E-1 9.99968E-1 9.99998E-1 1E0
-9999 -9999 -9999 -9999 -9999 -9999 -9999 -9999 -9999 -9999 -9999 -9999 -9999 -9999 -9999 -9999 -9999 -9999 -9999 -9999 -9999 -9999 -9999 5.29293E-2 -9999 -9999 -9999 -9999 -9999 -9999 9.65406E-1 6.61623E-1 7.46192E-1 7.75698E-1 7.62156E-1 6.50997E-1 8.34969E-1 8.33698E-1 6.85864E-1 7.54637E-1 8.13968E-1 7.55979E-1 7.78812E-1 8.65399E-1 8.2772E-1 7.89661E-1 8.59517E-1 9.01009E-1 9.05551E-1 9.01048E-1 8.8072E-1 7.9035E-1 8.93115E-1 8.66978E-1 6.4069E-1 6.64027E-1 6.46268E-1 4.78137E-1 7.89975E-1 9.99741E-1 9.87705E-1 9.99667E-1 9.69374E-1 9.99976E-1 9.99998E-1 1E0 9.99998E-1
-9999 -9999 -9999 -9999 -9999 -9999 -9999 -9999 -9999 -9999 -9999 -9999 -9999 -9999 -9999 -9999 -9999 -9999 -9999 -9999 -9999 -9999 -9999 -9999 -9999 -9999 -9999 -9999 -9999 -9999 -9999 6.10021E-1 8.62821E-1 8.67272E-1 8.43046E-1 6.89228E-1 8.85378E-1 7.08723E-1 6.46617E-1 6.23118E-1 7.03731E-1 5.70535E-1 7.55846E-1 7.87686E-1 8.72396E-1 9.46794E-1 8.59125E-1 9.62141E-1 9.72941E-1 8.78479E-1 8.21302E-1 8.93525E-1 9.53757E-1 8.11801E-1 7.19288E-1 7.19831E-1 6.97895E-1 9.25946E-1 9.83512E-1 9.94343E-1 9.14424E-1 9.64298E-1 9.96784E-1 9.99992E-1 9.99934E-1 9.99991E-1 9.99984E-1
-9999 -9999 -9999 -9999 -9999 -9999 -9999 -9999 -9999 -9999 -9999 -9999 -9999 -9999 -9999 -9999 -9999 -9999 -9999 -9999 -9999 -9999 -9999 -9999 -9999 -9999 -9999 -9999 -9999 -9999 -9999 8.81438E-1 9.59493E-1 9.32867E-1 9.69292E-1 8.98147E-1 8.27457E-1 6.93989E-1 6.95934E-1 7.46697E-1 7.06765E-1 8.00593E-1 8.07229E-1 7.84988E-1 9.41089E-1 8.41422E-1 6.51693E-1 7.95289E-1 8.74299E-1 9.1118E-1 8.38075E-1 7.21954E-1 8.26532E-1 9.36863E-1 8.7791E-1 8.26862E-1 8.96972E-1 9.95834E-1 9.08657E-1 8.33139E-1 9.0549E-1 9.83779E-1 9.98016E-1 9.99769E-1 9.99989E-1 9.99974E-1 9.9999E-1
-9999 -9999 -9999 -9999 -9999 -9999 -9999 -9999 -9999 -9999 -9999 -9999 -9999 -9999 -9999 -9999 -9999 -9999 -9999 -9999 -9999 -9999 -9999 -9999 -9999 -9999 -9999 -9999 -9999 -9999 -9999 -9999 -9999 9.68463E-1 9.74342E-1 8.07841E-1 7.02859E-1 5.48853E-1 6.35596E-1 7.74023E-1 9.55545E-1 9.46606E-1 9.10252E-1 9.06939E-1 8.9746E-1 8.28191E-1 6.27044E-1 7.73069E-1 6.88806E-1 6.57708E-1 7.48588E-1 8.41251E-1 7.5674E-1 8.61001E-1 9.69635E-1 9.74417E-1 8.82765E-1 9.31773E-1 8.21047E-1 6.29954E-1 4.95862E-1 9.83851E-1 9.99931E-1 9.96197E-1 9.99966E-1 9.99998E-1 9.99989E-1
-9999 -9999 -9999 -9999 -9999 -9999 -9999 -9999 -9999 -9999 -9999 -9999 -9999 -9999 -9999 -9999 -9999 -9999 -9999 -9999 -9999 -9999 -9999 -9999 -9999 -9999 -9999 -9999 -9999 -9999 -9999 -9999 -9999 9.40558E-1 9.64217E-1 8.4886E-1 7.58707E-1 4.96293E-1 7.74947E-1 8.90954E-1 8.7585E-1 9.58683E-1 9.48677E-1 7.20165E-1 6.31734E-1 6.88588E-1 8.50598E-1 8.44862E-1 8.57288E-1 8.4977E-1 8.67233E-1 7.41465E-1 9.20395E-1 8.85112E-1 9.96754E-1 9.93143E-1 8.79993E-1 7.9687E-1 8.08756E-1 6.9321E-1 9.26397E-1 9.8744E-1 9.75801E-1 9.79763E-1 9.99108E-1 9.89898E-1 9.99999E-1
-9999 -9999 -9999 -9999 -9999 -9999 -9999 -9999 -9999 -9999 -9999 -9999 -9999 -9999 -9999 -9999 -9999 -9999 -9999 -9999 -9999 -9999 -9999 -9999 -9999 -9999 -9999 -9999 -9999 -9999 -9999 -9999 -9999 -9999 8.0021E-1 8.96455E-1 7.61888E-1 6.96247E-1 8.42494E-1 9.71277E-1 9.68539E-1 9.7356E-1 9.43531E-1 7.68851E-1 9.08912E-1 7.44514E-1 9.17304E-1 7.84485E-1 8.36139E-1 9.0465E-1 7.34801E-1 7.65298E-1 8.19105E-1 8.20148E-1 9.9267E-1 9.79486E-1 8.78272E-1 8.33382E-1 9.56459E-1 9.42885E-1 9.98569E-1 9.99043E-1 9.98952E-1 9.93748E-1 9.99988E-1 9.99926E-1 1E0
-9999 -9999 -9999 -9999 -9999 -9999 -9999 -9999 -9999 -9999 -9999 -9999 -9999 -9999 -9999 -9999 -9999 -9999 -9999 -9999 -9999 -9999 -9999 -9999 -9999 -9999 -9999 -9999 -9999 -9999 -9999 -9999 -9999 -9999 7.36235E-1 7.52144E-1 7.05029E-1 8.49164E-1 8.73475E-1 9.80439E-1 9.90596E-1 9.91044E-1 9.93414E-1 8.93526E-1 9.12126E-1 9.8649E-1 8.64795E-1 6.66593E-1 7.98491E-1 8.19687E-1 9.10478E-1 8.34177E-1 7.39943E-1 8.2466E-1 9.96683E-1 9.86445E-1 5.02158E-1 7.6318E-1 9.92663E-1 9.99798E-1 9.93628E-1 9.92713E-1 9.99759E-1 9.93677E-1 9.99991E-1 9.99998E-1 9.99565E-1
-9999 -9999 -9999 -9999 -9999 -9999 -9999 -9999 -9999 -9999 -9999 -9999 -9999 -9999 -9999 -9999 -9999 -9999 -9999 -9999 -9999 -9999 -9999 -9999 -9999 -9999 -9999 -9999 -9999 -9999 -9999 -9999 -9999 -9999 8.0713E-1 8.9526E-1 9.24598E-1 7.02052E-1 7.88653E-1 9.77721E-1 9.8276E-1 9.79196E-1 9.46266E-1 9.643E-1 9.67887E-1 9.81121E-1 9.57562E-1 8.63767E-1 9.85053E-1 9.84964E-1 8.63019E-1 8.46817E-1 7.60976E-1 8.11218E-1 9.74491E-1 9.76591E-1 5.3553E-1 7.1428E-1 9.71281E-1 9.85416E-1 9.0351E-1 9.51796E-1 9.8189E-1 9.99665E-1 1E0 1E0 9.99956E-1
-9999 -9999 -9999 -9999 -9999 -9999 -9999 -9999 -9999 -9999 -9999 -9999 -9999 -9999 -9999 -9999 -9999 -9999 -9999 -9999 -9999 -9999 -9999 -9999 -9999 -9999 -9999 -9999 -9999 -9999 -9999 -9999 -9999 -9999 9.83433E-1 7.70469E-1 7.66187E-1 8.87909E-1 9.58888E-1 9.93797E-1 9.75611E-1 9.97196E-1 9.99698E-1 9.1971E-1 9.70005E-1 9.87481E-1 9.96983E-1 9.48633E-1 8.88804E-1 8.1412E-1 8.70911E-1 8.47327E-1 8.08166E-1 7.90394E-1 9.62543E-1 9.81528E-1 8.95722E-1 8.86496E-1 9.51711E-1 7.55556E-1 9.7192E-1 9.99893E-1 9.9959E-1 9.95358E-1 9.99787E-1 1E0 9.99994E-1
-9999 -9999 -9999 -9999 -9999 -9999 -9999 -9999 -9999 -9999 -9999 -9999 -9999 -9999 -9999 -9999 -9999 -9999 -9999 -9999 -9999 -9999 -9999 -9999 -9999 -9999 -9999 -9999 -9999 -9999 -9999 -9999 -9999 -9999 9.27224E-1 8.13409E-1 8.68113E-1 9.24676E-1 9.98756E-1 9.96292E-1 9.82679E-1 9.62934E-1 9.91307E-1 9.95633E-1 9.96532E-1 9.70374E-1 9.85141E-1 8.94664E-1 9.14704E-1 7.17488E-1 5.63307E-1 6.34979E-1 7.10726E-1 7.71761E-1 9.59543E-1 9.4912E-1 9.23755E-1 8.94863E-1 9.33653E-1 8.61296E-1 9.80066E-1 9.98319E-1 9.99971E-1 9.93389E-1 9.97337E-1 9.99909E-1 9.99957E-1
-9999 -9999 -9999 -9999 -9999 -9999 -9999 -9999 -9999 -9999 -9999 -9999 -9999 -9999 -9999 -9999 -9999 -9999 -9999 -9999 -9999 -9999 -9999 -9999 -9999 -9999 -9999 -9999 -9999 -9999 -9999 -9999 -9999 -9999 8.48622E-1 7.64986E-1 6.56691E-1 7.42883E-1 9.23778E-1 9.5603E-1 9.85005E-1 7.99071E-1 9.30856E-1 9.69718E-1 9.96323E-1 9.92268E-1 9.54146E-1 9.4458E-1 9.38089E-1 9.21881E-1 6.69151E-1 7.4531E-1 6.34754E-1 6.89672E-1 9.91152E-1 9.97207E-1 9.68977E-1 8.18516E-1 9.39071E-1 9.95916E-1 9.99416E-1 9.66898E-1 9.90787E-1 9.98386E-1 9.95557E-1 9.9786E-1 9.99476E-1
-9999 -9999 -9999 -9999 -9999 -9999 -9999 -9999 -9999 -9999 -9999 -9999 -9999 -9999 -9999 -9999 -9999 -9999 -9999 -9999 -9999 -9999 -9999 -9999 -9999 -9999 -9999 -9999 -9999 -9999 -9999 -9999 -9999 -9999 8.87698E-1 7.88009E-1 8.6036E-1 8.60943E-1 9.31173E-1 9.28482E-1 9.97281E-1 8.93099E-1 9.16949E-1 9.68117E-1 9.9919E-1 9.99574E-1 9.98247E-1 9.5911E-1 9.98241E-1 9.68794E-1 8.73468E-1 7.17408E-1 8.202E-1 7.30574E-1 9.97463E-1 9.98944E-1 9.94973E-1 9.70463E-1 9.90537E-1 9.99276E-1 9.99893E-1 9.99862E-1 9.9985E-1 9.99447E-1 9.9261E-1 9.94918E-1 9.99888E-1
-9999 -9999 -9999 -9999 -9999 -9999 -9999 -9999 -9999 -9999 -9999 -9999 -9999 -9999 -9999 -9999 -9999 -9999 -9999 -9999 -9999 -9999 -9999 -9999 -9999 -9999 -9999 -9999 -9999 -9999 -9999 -9999 -9999 -9999 9.7618E-1 9.47949E-1 8.51548E-1 8.60113E-1 9.45433E-1 9.39716E-1 9.77117E-1 8.99312E-1 9.53334E-1 9.8535E-1 9.91854E-1 9.87938E-1 9.73792E-1 9.78791E-1 9.82745E-1 9.79353E-1 9.37631E-1 8.9258E-1 7.75781E-1 8.69583E-1 9.96354E-1 9.99987E-1 9.98004E-1 9.77825E-1 9.88319E-1 9.92827E-1 9.88882E-1 9.98362E-1 9.95022E-1 9.95067E-1 9.97767E-1 9.82734E-1 9.99829E-1
-9999 -9999 -9999 -9999 -9999 -9999 -9999 -9999 -9999 -9999 -9999 -9999 -9999 -9999 -9999 -9999 -9999 -9999 -9999 -9999 -9999 -9999 -9999 -9999 -9999 -9999 -9999 -9999 -9999 -9999 -9999 -9999 -9999 -9999 7.10047E-1 8.8112E-1 9.40999E-1 9.34204E-1 8.42672E-1 9.27171E-1 9.94741E-1 9.30241E-1 8.10292E-1 9.2145E-1 9.1124E-1 9.54261E-1 8.70276E-1 8.78674E-1 9.45996E-1 9.36745E-1 9.54245E-1 8.4899E-1 6.55546E-1 7.47868E-1 8.90009E-1 9.99984E-1 9.99782E-1 9.82707E-1 8.52118E-1 9.67565E-1 9.76337E-1 8.67307E-1 8.81746E-1 9.93825E-1 9.92684E-1 9.99382E-1 9.99194E-1
-9999 -9999 -9999 -9999 -9999 -9999 -9999 -9999 -9999 -9999 -9999 -9999 -9999 -9999 -9999 -9999 -9999 -9999 -9999 -9999 -9999 -9999 -9999 -9999 -9999 -9999 -9999 -9999 -9999 -9999 -9999 -9999 -9999 -9999 6.25445E-1 7.36267E-1 8.41059E-1 8.69843E-1 9.04536E-1 9.86761E-1 9.23036E-1 9.59683E-1 8.28518E-1 9.26274E-1 8.88803E-1 9.44964E-1 9.02904E-1 9.55002E-1 9.92477E-1 9.97995E-1 9.83619E-1 8.5744E-1 7.56571E-1 8.61939E-1 9.57661E-1 9.98848E-1 9.98846E-1 9.99423E-1 8.47148E-1 9.83281E-1 9.97419E-1 9.8502E-1 9.86173E-1 9.98054E-1 9.6947E-1 9.98143E-1 9.99027E-1
-9999 -9999 -9999 -9999 -9999 -9999 -9999 -9999 -9999 -9999 -9999 -9999 -9999 -9999 -9999 -9999 -9999 -9999 -9999 -9999 -9999 -9999 -9999 -9999 -9999 -9999 -9999 -9999 -9999 -9999 -9999 -9999 -9999 5.56333E-1 8.98502E-1 8.63524E-1 9.66398E-1 9.5468E-1 9.7557E-1 9.77584E-1 9.62927E-1 9.91015E-1 9.91032E-1 9.76965E-1 9.55176E-1 9.12945E-1 8.37181E-1 7.91874E-1 9.96654E-1 9.97884E-1 9.90571E-1 9.25947E-1 9.02536E-1 8.5906E-1 9.74256E-1 9.9325E-1 9.95282E-1 9.93214E-1 8.01596E-1 8.77307E-1 9.7589E-1 9.98974E-1 9.75879E-1 9.99515E-1 9.99975E-1 9.99983E-1 9.98789E-1
-9999 -9999 -9999 -9999 -9999 -9999 -9999 -9999 -9999 -9999 -9999 -9999 -9999 -9999 -9999 -9999 -9999 -9999 -9999 -9999 -9999 -9999 -9999 -9999 -9999 -9999 -9999 -9999 -9999 -9999 -9999 -9999 -9999 7.51146E-1 9.78036E-1 9.54416E-1 9.82632E-1 9.93345E-1 9.22902E-1 9.09329E-1 9.45519E-1 9.89074E-1 9.81834E-1 9.68666E-1 8.80534E-1 8.39101E-1 5.52836E-1 6.4968E-1 9.08966E-1 9.67415E-1 9.80012E-1 9.68385E-1 8.90716E-1 8.45071E-1 8.69511E-1 9.24912E-1 9.61547E-1 9.63724E-1 9.6358E-1 9.95792E-1 9.9726E-1 9.51365E-1 9.83811E-1 9.71088E-1 9.99925E-1 9.9985E-1 9.99992E-1
-9999 -9999 -9999 -9999 -9999 -9999 -9999 -9999 -9999 -9999 -9999 -9999 -9999 -9999 -9999 -9999 -9999 -9999 -9999 -9999 -9999 -9999 -9999 -9999 -9999 -9999 -9999 -9999 -9999 -9999 -9999 -9999 -9999 5.96291E-1 9.37693E-1 8.54314E-1 9.98877E-1 9.77538E-1 9.80813E-1 9.83726E-1 9.75659E-1 9.41896E-1 9.80311E-1 9.6204E-1 9.44169E-1 6.63043E-1 6.63877E-1 9.471E-1 9.82549E-1 9.96853E-1 9.85648E-1 9.89708E-1 9.17702E-1 8.38338E-1 9.35547E-1 9.40279E-1 9.44221E-1 8.6057E-1 9.74016E-1 9.96137E-1 9.99722E-1 9.99993E-1 9.91952E-1 9.84607E-1 9.9835E-1 9.99411E-1 9.98165E-1
-9999 -9999 -9999 -9999 -9999 -9999 -9999 -9999 -9999 -9999 -9999 -9999 -9999 -9999 -9999 -9999 -9999 -9999 -9999 -9999 -9999 -9999 -9999 -9999 -9999 -9999 -9999 -9999 -9999 -9999 -9999 -9999 5.94766E-1 7.63347E-1 8.14265E-1 7.45845E-1 9.59134E-1 8.21089E-1 7.75758E-1 9.59436E-1 9.57341E-1 9.64879E-1 9.90754E-1 9.92349E-1 9.80439E-1 7.25265E-1 7.27234E-1 8.54702E-1 9.97486E-1 9.99872E-1 9.81349E-1 9.75276E-1 8.66455E-1 9.70466E-1 9.74999E-1 9.746E-1 9.83107E-1 9.81438E-1 9.96709E-1 9.92263E-1 9.99831E-1 1E0 1E0 9.78014E-1 9.82714E-1 9.99893E-1 9.9877E-1
-9999 -9999 -9999 -9999 -9999 -9999 -9999 -9999 -9999 -9999 -9999 -9999 -9999 -9999 -9999 -9999 -9999 -9999 -9999 -9999 -9999 -9999 -9999 -9999 -9999 -9999 -9999 -9999 -9999 -9999 -9999 -9999 5.92941E-1 7.52564E-1 9.01425E-1 8.83328E-1 6.50387E-1 7.51501E-1 5.81503E-1 7.73792E-1 6.27335E-1 7.27476E-1 8.98534E-1 9.45818E-1 8.7474E-1 6.77643E-1 5.03797E-1 7.54351E-1 9.78106E-1 9.98062E-1 9.06358E-1 9.64938E-1 9.31527E-1 9.96055E-1 9.84474E-1 9.65044E-1 9.99813E-1 9.99988E-1 9.99986E-1 9.99225E-1 9.99997E-1 1E0 1E0 9.99488E-1 9.91861E-1 9.99607E-1 9.76951E-1
-9999 -9999 -9999 -9999 -9999 -9999 -9999 -9999 -9999 -9999 -9999 -9999 -9999 -9999 -9999 -9999 -9999 -9999 -9999 -9999 -9999 -9999 -9999 -9999 -9999 -9999 -9999 -9999 -9999 -9999 -9999 7.02436E-1 7.14551E-1 8.01097E-1 9.08498E-1 8.75064E-1 8.67384E-1 9.40904E-1 8.40035E-1 7.91019E-1 6.84252E-1 4.99664E-1 4.33073E-1 4.57887E-1 3.84016E-1 4.05137E-1 1.55637E-1 2.39358E-1 9.02205E-1 9.99958E-1 9.73501E-1 9.45204E-1 9.14036E-1 9.10194E-1 9.44778E-1 8.8936E-1 9.94674E-1 9.93353E-1 1E0 1E0 1E0 9.99999E-1 9.99993E-1 9.99188E-1 9.92929E-1 9.81123E-1 9.97941E-1
-9999 -9999 -9999 -9999 -9999 -9999 -9999 -9999 -9999 -9999 -9999 -9999 -9999 -9999 -9999 -9999 -9999 -9999 -9999 -9999 -9999 -9999 -9999 -9999 -9999 -9999 -9999 -9999 -9999 -9999 -9999 8.59013E-1 8.02092E-1 8.9071E-1 9.34834E-1 8.37667E-1 9.29611E-1 7.87761E-1 6.61511E-1 6.4635E-1 4.93395E-1 5.85264E-1 4.87575E-1 4.42982E-1 2.67164E-1 2.50416E-1 4.27695E-1 2.87781E-1 6.29562E-1 9.51515E-1 9.47905E-1 8.86149E-1 8.61192E-1 8.33326E-1 8.44499E-1 9.18431E-1 9.97221E-1 9.93917E-1 1E0 1E0 1E0 1E0 1E0 9.99974E-1 9.94105E-1 9.76907E-1 9.99179E-1
