ENM/Final_Models/M_2_F_lq_Set_1_EC/Gustavia_santanderiensis_0_Choco.asc
ncols         367
nrows         963
xllcorner     -78.6
yllcorner     0.65
cellsize      0.00833333333333323
NODATA_value  -9999
[rows 693 to 725 of 963, columns 146 to 218 of 367]
1E0 1E0 1E0 1E0 1E0 1E0 1E0 1E0 1E0 1E0 1E0 1E0 1E0 1E0 9.99678E-1 9.99425E-1 9.99968E-1 1E0 9.99924E-1 1E0 9.99991E-1 9.99905E-1 9.99994E-1 9.99999E-1 1E0 9.99996E-1 9.99997E-1 1E0 9.99947E-1 9.99995E-1 9.91437E-1 9.92653E-1 9.99945E-1 9.99281E-1 1E0 1E0 9.99961E-1 9.87145E-1 7.63226E-1 8.56712E-1 6.04939E-1 9.22818E-1 9.39351E-1 8.80851E-1 9.45663E-1 9.79573E-1 9.63732E-1 7.72453E-1 1.81801E-1 1.67204E-1 2.38139E-1 1.36993E-1 2.07761E-2 8.08269E-3 2.55803E-3 6.36587E-4 3.56633E-4 6.88299E-5 1.63178E-5 3.28986E-6 1.15816E-6 8.80612E-6 3.5244E-5 4.91295E-5 2.94913E-5 -9999 -9999 -9999 -9999 -9999 -9999 -9999 -9999
1E0 1E0 1E0 1E0 1E0 1E0 1E0 1E0 1E0 1E0 9.99988E-1 9.99977E-1 1E0 -9999 9.99323E-1 9.99999E-1 1E0 1E0 1E0 9.99879E-1 9.99997E-1 9.99877E-1 9.99594E-1 9.99996E-1 9.99369E-1 1E0 1E0 9.99995E-1 9.99989E-1 9.98451E-1 9.98673E-1 9.99994E-1 9.99997E-1 9.99964E-1 9.99999E-1 1E0 9.99973E-1 9.18715E-1 7.34856E-1 6.05727E-1 8.38937E-1 9.97751E-1 9.97367E-1 9.99569E-1 9.97667E-1 9.74543E-1 5.45639E-1 4.82736E-1 5.88044E-1 3.62375E-1 9.29577E-2 4.64537E-3 2.73944E-4 1.7797E-3 6.31785E-4 2.99623E-4 1.92215E-4 7.34218E-6 3.21964E-6 3.3229E-7 9.70526E-7 1.35206E-5 8.22123E-5 4.91747E-5 3.40529E-5 -9999 -9999 -9999 -9999 -9999 -9999 -9999 -9999
1E0 1E0 1E0 1E0 1E0 1E0 1E0 1E0 1E0 1E0 1E0 1E0 1E0 1E0 9.99992E-1 1E0 1E0 1E0 1E0 1E0 1E0 9.99729E-1 9.98437E-1 9.98346E-1 9.99977E-1 9.99982E-1 9.99968E-1 1E0 1E0 9.95721E-1 9.99999E-1 9.94223E-1 9.48246E-1 9.99548E-1 9.99971E-1 1E0 9.99927E-1 7.32289E-1 4.05821E-1 5.41553E-1 8.97774E-1 9.9531E-1 9.97423E-1 9.99977E-1 9.98046E-1 9.91295E-1 8.24184E-1 5.6666E-1 1.71005E-1 9.65927E-2 1.32801E-2 2.21115E-3 7.18576E-5 2.60466E-4 2.55612E-4 4.75892E-5 4.95142E-6 2.58999E-6 2.05063E-6 8.40788E-7 2.80935E-6 3.64275E-5 6.80055E-5 4.76017E-5 -9999 -9999 -9999 -9999 -9999 -9999 -9999 -9999 -9999
1E0 1E0 1E0 1E0 1E0 1E0 1E0 1E0 1E0 1E0 1E0 1E0 1E0 9.99999E-1 9.99999E-1 9.99729E-1 1E0 1E0 1E0 1E0 1E0 1E0 9.99999E-1 9.99931E-1 9.99941E-1 9.99998E-1 9.99904E-1 1E0 1E0 9.99998E-1 9.99903E-1 8.50209E-1 9.00309E-1 9.99305E-1 9.99999E-1 1E0 9.99986E-1 5.22119E-1 4.1025E-1 4.04115E-1 9.45396E-1 9.99953E-1 9.99929E-1 9.99988E-1 9.81696E-1 9.9789E-1 7.91252E-1 1.74514E-1 1.77683E-2 2.06419E-2 7.00802E-3 1.70505E-4 3.42702E-5 2.36116E-5 8.35334E-5 1.47273E-5 2.77357E-6 1.26823E-6 5.44346E-7 3.39798E-6 5.68026E-6 7.31697E-6 3.37875E-5 6.37639E-5 -9999 -9999 -9999 -9999 -9999 -9999 -9999 -9999 -9999
1E0 1E0 1E0 1E0 1E0 1E0 1E0 1E0 1E0 1E0 1E0 1E0 1E0 1E0 1E0 1E0 1E0 1E0 1E0 1E0 1E0 1E0 1E0 1E0 1E0 9.99927E-1 1E0 1E0 1E0 9.99389E-1 9.99504E-1 7.59292E-1 6.52042E-1 9.9732E-1 9.99706E-1 9.98226E-1 9.99862E-1 9.89891E-1 6.3912E-1 5.58569E-1 9.25943E-1 9.01321E-1 8.98965E-1 9.41067E-1 8.13944E-1 9.88898E-1 8.14637E-1 8.54878E-2 1.01723E-2 7.59421E-2 6.78438E-2 8.10051E-4 3.3986E-5 1.50181E-4 2.26556E-3 2.33571E-4 5.72955E-6 1.62008E-6 3.60225E-7 1.63178E-5 2.83061E-5 6.39184E-5 5.95088E-5 -9999 -9999 -9999 -9999 -9999 -9999 -9999 -9999 -9999 -9999
1E0 1E0 1E0 1E0 1E0 1E0 1E0 1E0 1E0 1E0 1E0 1E0 1E0 1E0 9.99997E-1 1E0 1E0 1E0 -9999 1E0 1E0 1E0 1E0 1E0 1E0 1E0 1E0 1E0 9.99995E-1 9.3693E-1 9.9545E-1 8.41461E-1 4.28767E-1 8.26456E-1 9.99451E-1 9.99314E-1 9.87994E-1 9.73293E-1 9.99762E-1 9.93705E-1 9.9537E-1 9.92863E-1 9.56513E-1 9.92079E-1 9.54615E-1 8.74328E-1 3.33633E-1 6.42327E-2 7.60554E-2 5.53094E-2 9.40856E-2 2.13129E-3 2.84258E-5 1.04283E-3 5.29771E-3 3.64314E-4 9.60389E-6 2.90506E-6 5.55178E-7 8.31053E-6 3.66299E-5 1.64255E-4 2.69788E-4 -9999 -9999 -9999 -9999 -9999 -9999 -9999 -9999 -9999 -9999
1E0 1E0 1E0 1E0 1E0 1E0 1E0 1E0 1E0 1E0 1E0 1E0 1E0 1E0 1E0 1E0 1E0 1E0 1E0 -9999 1E0 1E0 1E0 1E0 1E0 1E0 1E0 1E0 1E0 9.9958E-1 9.71857E-1 9.99411E-1 7.41468E-1 3.71262E-1 9.54067E-1 9.98196E-1 9.93079E-1 9.99973E-1 9.11296E-1 7.07003E-1 9.74743E-1 9.99507E-1 9.99376E-1 9.98891E-1 8.99806E-1 5.53721E-1 3.72728E-1 2.59812E-1 2.67215E-1 1.62141E-1 1.15874E-1 5.19434E-4 1.59951E-5 1.14161E-4 6.1003E-4 7.77792E-5 3.60494E-6 1.29604E-6 1.56228E-6 1.61573E-6 4.2318E-6 5.75101E-5 -9999 -9999 -9999 -9999 -9999 -9999 -9999 -9999 -9999 -9999 -9999
1E0 1E0 1E0 1E0 1E0 1E0 1E0 1E0 1E0 1E0 1E0 1E0 1E0 1E0 1E0 1E0 1E0 9.99999E-1 -9999 1E0 1E0 1E0 1E0 1E0 1E0 1E0 1E0 1E0 1E0 9.35727E-1 9.99844E-1 9.98544E-1 8.41532E-1 8.43564E-1 9.85594E-1 9.96897E-1 9.14048E-1 9.90388E-1 8.83674E-1 7.16169E-1 9.82261E-1 9.95952E-1 9.97688E-1 9.99415E-1 9.75968E-1 3.85927E-1 6.96055E-2 9.1647E-2 1.74878E-1 1.3937E-1 2.88127E-2 1.41424E-4 2.40437E-5 4.69569E-5 2.39681E-5 4.84932E-6 1.38048E-6 2.61879E-6 4.73736E-6 3.63215E-6 4.65476E-6 -9999 -9999 -9999 -9999 -9999 -9999 -9999 -9999 -9999 -9999 -9999 -9999
1E0 1E0 1E0 1E0 1E0 1E0 1E0 1E0 1E0 1E0 1E0 1E0 1E0 1E0 1E0 1E0 1E0 1E0 1E0 1E0 9.99994E-1 9.99998E-1 1E0 9.99998E-1 9.99984E-1 1E0 1E0 1E0 9.99999E-1 9.99605E-1 9.99702E-1 7.85699E-1 9.60719E-1 9.97268E-1 9.69875E-1 9.74056E-1 9.61019E-1 7.47263E-1 9.03804E-1 9.33796E-1 9.55896E-1 9.73394E-1 9.83712E-1 9.97231E-1 9.27965E-1 5.00776E-1 1.04986E-1 6.33886E-2 2.11831E-1 8.4586E-2 2.18945E-3 6.78413E-5 5.35816E-4 2.30467E-4 4.13418E-5 7.11744E-6 1.74933E-7 5.52331E-6 1.82007E-5 5.03576E-5 1.41644E-5 -9999 -9999 -9999 -9999 -9999 -9999 -9999 -9999 -9999 -9999 -9999 -9999
1E0 1E0 1E0 1E0 1E0 1E0 1E0 1E0 1E0 1E0 1E0 1E0 1E0 1E0 1E0 1E0 1E0 9.99994E-1 1E0 9.99945E-1 9.99305E-1 1E0 1E0 1E0 1E0 1E0 1E0 9.99988E-1 9.99467E-1 9.93729E-1 9.9072E-1 9.98259E-1 9.79316E-1 9.95638E-1 9.96429E-1 8.64447E-1 8.1872E-1 6.59982E-1 9.57926E-1 9.99953E-1 9.45266E-1 8.35669E-1 9.40301E-1 9.79201E-1 5.35759E-1 1.25789E-1 5.37922E-2 1.05375E-1 2.43591E-1 2.20642E-2 6.99327E-4 3.33942E-5 3.03584E-5 2.82624E-5 6.99302E-6 1.00114E-6 1.30467E-6 2.89566E-6 2.60352E-5 2.14847E-5 -9999 -9999 -9999 -9999 -9999 -9999 -9999 -9999 -9999 -9999 -9999 -9999 -9999
1E0 1E0 1E0 1E0 1E0 1E0 1E0 1E0 9.99999E-1 1E0 1E0 1E0 1E0 1E0 1E0 1E0 9.99994E-1 9.9904E-1 9.56551E-1 9.99808E-1 1E0 9.99878E-1 9.9856E-1 9.99997E-1 1E0 1E0 1E0 9.99897E-1 9.80561E-1 9.97919E-1 9.98793E-1 9.9998E-1 9.96372E-1 9.80773E-1 9.94366E-1 9.95205E-1 9.67391E-1 5.30383E-1 8.22849E-1 9.99379E-1 9.85763E-1 9.44728E-1 8.20169E-1 9.24478E-1 1.20963E-1 1.41834E-2 9.95681E-3 2.46535E-2 5.70276E-2 2.07347E-2 3.94709E-4 8.47884E-5 1.37479E-4 7.45444E-5 1.07652E-5 3.68701E-6 1.41859E-6 4.05786E-6 3.94609E-6 1.2653E-5 -9999 -9999 -9999 -9999 -9999 -9999 -9999 -9999 -9999 -9999 -9999 -9999 -9999
9.99999E-1 1E0 1E0 1E0 1E0 1E0 1E0 1E0 1E0 1E0 1E0 1E0 1E0 1E0 1E0 1E0 9.99631E-1 9.30671E-1 9.61571E-1 9.99978E-1 1E0 1E0 9.99997E-1 1E0 1E0 9.99991E-1 1E0 9.9889E-1 9.7229E-1 9.98157E-1 9.90207E-1 9.99966E-1 9.99628E-1 9.90041E-1 6.53562E-1 8.04989E-1 9.1562E-1 5.76079E-1 9.29798E-1 9.97227E-1 9.9975E-1 9.98391E-1 6.49825E-1 4.18343E-1 1.97643E-1 1.47086E-2 5.23032E-3 3.77739E-3 5.63081E-3 3.47706E-2 2.44546E-3 1.84865E-4 1.46067E-4 2.47203E-4 5.19792E-5 4.84103E-6 7.19193E-6 4.75588E-5 2.76642E-5 5.75897E-5 -9999 -9999 -9999 -9999 -9999 -9999 -9999 -9999 -9999 -9999 -9999 -9999 -9999
1E0 1E0 1E0 1E0 1E0 1E0 1E0 1E0 1E0 1E0 1E0 1E0 1E0 1E0 1E0 1E0 9.99994E-1 9.98191E-1 9.9899E-1 1E0 9.99994E-1 9.9997E-1 9.99939E-1 9.99995E-1 9.99973E-1 9.97399E-1 9.99997E-1 1E0 9.99753E-1 9.99982E-1 9.99907E-1 9.99007E-1 9.40736E-1 9.21492E-1 3.57939E-1 5.82967E-1 7.32421E-1 5.24901E-1 8.37928E-1 9.89443E-1 9.96854E-1 9.4975E-1 6.92585E-1 2.29911E-1 1.45718E-1 3.53211E-2 4.8521E-3 1.53144E-3 3.68001E-4 3.8152E-3 6.14414E-3 8.68865E-4 3.37258E-5 1.56012E-5 1.28667E-5 6.24932E-6 2.33249E-5 1.95891E-4 1.76671E-4 -9999 -9999 -9999 -9999 -9999 -9999 -9999 -9999 -9999 -9999 -9999 -9999 -9999 -9999
1E0 1E0 1E0 9.99981E-1 1E0 1E0 9.99987E-1 9.99934E-1 1E0 1E0 1E0 1E0 1E0 1E0 1E0 9.99795E-1 1E0 9.99997E-1 9.9998E-1 9.99964E-1 9.99957E-1 9.99745E-1 9.99923E-1 9.99984E-1 9.98293E-1 9.97419E-1 9.99219E-1 9.99536E-1 9.94878E-1 9.99912E-1 9.99692E-1 9.36458E-1 9.00504E-1 4.47611E-1 4.40306E-1 8.65003E-1 6.27935E-1 6.9608E-1 9.42526E-1 9.6218E-1 9.08448E-1 9.29753E-1 9.3348E-1 7.59681E-1 2.39803E-1 3.61203E-2 5.32231E-4 3.76958E-4 2.82663E-4 1.67902E-4 7.69859E-4 8.27815E-4 7.83502E-5 5.44117E-6 9.26364E-6 1.21186E-4 1.70676E-4 1.29755E-4 1.45191E-4 -9999 -9999 -9999 -9999 -9999 -9999 -9999 -9999 -9999 -9999 -9999 -9999 -9999 -9999
1E0 1E0 1E0 9.99998E-1 1E0 1E0 1E0 9.99827E-1 1E0 1E0 1E0 1E0 9.99932E-1 9.9929E-1 9.95803E-1 9.99878E-1 1E0 1E0 9.9997E-1 9.95287E-1 9.99484E-1 9.96102E-1 7.83075E-1 9.3262E-1 7.20074E-1 7.31884E-1 7.61201E-1 7.07776E-1 7.67761E-1 9.93035E-1 8.90677E-1 9.59369E-1 9.74973E-1 8.21822E-1 8.0633E-1 9.80928E-1 6.32928E-1 9.54677E-1 9.99582E-1 9.89606E-1 8.52303E-1 8.91421E-1 6.4234E-1 3.24476E-1 1.21286E-1 6.12034E-2 2.15361E-2 2.3942E-2 7.71194E-3 1.65232E-4 7.43644E-5 6.25461E-4 5.79566E-5 1.09966E-5 2.23443E-5 2.85613E-4 1.00362E-3 1.61666E-4 4.11791E-4 -9999 -9999 -9999 -9999 -9999 -9999 -9999 -9999 -9999 -9999 -9999 -9999 -9999 -9999
1E0 9.99998E-1 1E0 1E0 1E0 1E0 1E0 1E0 1E0 1E0 1E0 1E0 9.99772E-1 9.89695E-1 9.36543E-1 9.9978E-1 1E0 1E0 9.99733E-1 9.17357E-1 9.86779E-1 8.28349E-1 6.62329E-1 4.80231E-1 3.92878E-1 4.55662E-1 4.59454E-1 3.07882E-1 6.74452E-1 9.67632E-1 9.98213E-1 9.8993E-1 4.94408E-1 7.29231E-1 9.40583E-1 8.82217E-1 7.0898E-1 9.84071E-1 9.99897E-1 9.97089E-1 9.88734E-1 9.93838E-1 9.51137E-1 4.48457E-1 1.04975E-1 4.95584E-1 4.5385E-1 2.32863E-1 3.20293E-2 2.36718E-4 5.73734E-5 1.22691E-5 4.8791E-6 9.6914E-6 1.85114E-4 6.565E-4 2.32848E-4 1.12774E-3 9.96581E-4 -9999 -9999 -9999 -9999 -9999 -9999 -9999 -9999 -9999 -9999 -9999 -9999 -9999 -9999
1E0 9.99974E-1 9.99988E-1 9.9999E-1 9.99993E-1 9.99999E-1 9.99921E-1 1E0 1E0 1E0 1E0 1E0 9.99644E-1 9.99587E-1 9.94077E-1 9.99995E-1 1E0 9.99982E-1 9.77341E-1 9.98869E-1 8.67455E-1 9.47677E-1 6.95299E-1 2.75444E-1 1.00346E-1 4.66382E-2 1.34312E-1 3.59737E-1 7.89798E-1 9.67787E-1 9.99832E-1 9.96417E-1 2.30893E-1 3.32253E-1 4.94591E-1 9.45207E-1 6.78723E-1 9.63581E-1 9.58694E-1 9.99961E-1 9.83394E-1 8.0486E-1 5.38445E-1 3.7231E-1 8.8246E-2 1.5473E-1 2.016E-1 2.51272E-2 3.36954E-3 8.0862E-4 9.91871E-4 2.10021E-5 1.17836E-5 1.05374E-4 1.49586E-4 2.52289E-4 9.24181E-4 1.82057E-3 1.20036E-3 -9999 -9999 -9999 -9999 -9999 -9999 -9999 -9999 -9999 -9999 -9999 -9999 -9999 -9999
1E0 9.99938E-1 9.99985E-1 9.99926E-1 9.99091E-1 9.99843E-1 9.99999E-1 1E0 9.99999E-1 1E0 1E0 9.99995E-1 9.99755E-1 9.99067E-1 9.99967E-1 1E0 1E0 9.95448E-1 9.9977E-1 9.99995E-1 9.96322E-1 9.90089E-1 9.8531E-1 8.5557E-1 6.67635E-1 1.96631E-1 5.57435E-1 6.41235E-1 9.68661E-1 9.98818E-1 1E0 9.98342E-1 8.77543E-1 3.75049E-1 5.28159E-1 8.13755E-1 9.40855E-1 8.54538E-1 9.55821E-1 8.50563E-1 4.34098E-1 1.01627E-1 7.65037E-2 6.54788E-2 8.89338E-2 2.32341E-2 6.36955E-2 2.6931E-2 5.80665E-3 7.95285E-3 9.43707E-4 8.76586E-5 6.11908E-5 7.29812E-4 4.0765E-4 5.35146E-4 5.94148E-4 2.19852E-3 1.06091E-3 -9999 -9999 -9999 -9999 -9999 -9999 -9999 -9999 -9999 -9999 -9999 -9999 -9999 -9999
1E0 9.99533E-1 9.99974E-1 9.83223E-1 9.5821E-1 9.98859E-1 9.99523E-1 9.99999E-1 9.93355E-1 1E0 9.99998E-1 9.99998E-1 9.99865E-1 9.99973E-1 1E0 1E0 1E0 9.9998E-1 9.99848E-1 9.84512E-1 9.27525E-1 9.79244E-1 9.92187E-1 9.03624E-1 9.65113E-1 4.34843E-1 4.70605E-1 7.32956E-1 9.97838E-1 1E0 1E0 9.43693E-1 9.79921E-1 6.27536E-1 9.02528E-1 5.438E-1 4.57269E-1 6.28733E-1 5.06763E-1 4.82287E-1 8.80413E-1 2.44739E-1 4.54891E-2 1.93766E-2 1.83529E-2 1.62017E-2 2.73898E-2 2.11955E-2 2.36857E-2 3.33034E-3 8.5808E-4 7.53712E-5 3.16569E-5 1.1611E-3 1.48092E-3 1.72505E-3 2.10798E-3 1.32152E-3 1.0441E-3 -9999 -9999 -9999 -9999 -9999 -9999 -9999 -9999 -9999 -9999 -9999 -9999 -9999 -9999
1E0 1E0 9.99999E-1 9.93819E-1 9.90793E-1 9.9989E-1 9.98405E-1 9.94417E-1 9.99999E-1 1E0 1E0 1E0 1E0 9.99991E-1 9.99989E-1 9.99977E-1 9.9982E-1 9.99993E-1 1E0 9.14994E-1 6.85157E-1 8.81124E-1 8.67572E-1 9.52398E-1 9.85554E-1 8.3772E-1 6.93424E-1 9.43588E-1 9.999E-1 1E0 9.99963E-1 7.35031E-1 8.27817E-1 8.59468E-1 9.05465E-1 5.09769E-1 4.54532E-1 4.63664E-1 6.04325E-1 2.83382E-1 7.75059E-1 4.37663E-1 2.01669E-1 1.16389E-1 6.04579E-3 6.35346E-4 2.59389E-3 1.52197E-2 9.52996E-3 2.37603E-3 2.24237E-4 1.42608E-4 5.48981E-4 4.21022E-4 8.96255E-4 3.34877E-3 4.53502E-3 2.18143E-4 1.17767E-4 -9999 -9999 -9999 -9999 -9999 -9999 -9999 -9999 -9999 -9999 -9999 -9999 -9999 -9999
1E0 1E0 9.99957E-1 1E0 1E0 1E0 9.99998E-1 9.98941E-1 9.99826E-1 9.99988E-1 9.99999E-1 9.99999E-1 9.99999E-1 9.99544E-1 9.99805E-1 9.99989E-1 9.83179E-1 9.99982E-1 9.99626E-1 9.70877E-1 9.11794E-1 8.62318E-1 8.58297E-1 9.52079E-1 9.98106E-1 9.69039E-1 9.98652E-1 9.99968E-1 9.99923E-1 1E0 9.99985E-1 9.87E-1 9.91702E-1 9.99278E-1 9.63479E-1 6.88618E-1 4.5777E-1 9.61711E-1 8.40283E-1 4.42429E-1 4.36044E-1 1.38359E-1 1.53164E-1 1.04166E-2 3.53999E-3 6.04678E-4 2.39521E-4 2.87979E-4 2.72773E-4 4.99407E-4 1.18502E-4 5.38923E-4 7.58534E-4 1.58503E-3 3.50202E-3 6.86251E-3 1.29881E-3 7.78589E-5 2.04077E-5 -9999 -9999 -9999 -9999 -9999 -9999 -9999 -9999 -9999 -9999 -9999 -9999 -9999 -9999
1E0 1E0 1E0 9.99999E-1 1E0 1E0 1E0 9.99987E-1 9.99991E-1 9.98828E-1 9.97503E-1 9.71833E-1 9.98824E-1 9.86232E-1 8.37902E-1 9.73204E-1 7.4532E-1 9.85905E-1 9.90588E-1 9.98511E-1 1E0 9.99629E-1 9.99209E-1 9.9775E-1 9.23306E-1 8.61962E-1 8.33309E-1 9.97641E-1 9.91157E-1 9.78041E-1 9.23477E-1 5.09497E-1 5.68698E-1 8.23132E-1 9.89385E-1 6.37183E-1 2.91694E-1 3.04045E-1 5.41167E-1 2.61396E-1 1.46307E-1 5.01922E-3 5.93464E-3 2.64895E-3 6.2669E-4 2.03234E-4 1.88621E-4 8.2476E-4 4.33268E-3 7.60626E-4 4.11424E-4 2.37652E-3 6.85551E-4 1.18181E-3 2.32788E-3 4.66096E-4 1.81603E-4 1.1821E-4 6.13942E-5 -9999 -9999 -9999 -9999 -9999 -9999 -9999 -9999 -9999 -9999 -9999 -9999 -9999 -9999
1E0 1E0 1E0 9.99994E-1 1E0 1E0 9.99846E-1 9.99669E-1 9.72562E-1 9.39949E-1 6.63673E-1 6.70979E-1 9.84047E-1 9.9298E-1 9.56251E-1 8.03687E-1 5.75416E-1 9.933E-1 9.97343E-1 9.99613E-1 9.99961E-1 9.99935E-1 9.97878E-1 9.33885E-1 9.59979E-1 9.66423E-1 9.74879E-1 9.81078E-1 9.10236E-1 9.77114E-1 5.28789E-1 1.27338E-1 2.10331E-1 5.11072E-1 6.81087E-1 7.4453E-1 3.95816E-1 1.90578E-1 7.36358E-2 1.84672E-2 8.33242E-3 2.37881E-3 7.05034E-4 4.03707E-4 3.74692E-4 3.94745E-4 1.87547E-3 3.07507E-3 4.91673E-3 4.81331E-3 3.61269E-3 5.33154E-3 2.36406E-3 2.63788E-3 1.96167E-3 3.14828E-4 1.24234E-4 3.13861E-5 1.5053E-5 -9999 -9999 -9999 -9999 -9999 -9999 -9999 -9999 -9999 -9999 -9999 -9999 -9999 -9999
1E0 1E0 1E0 1E0 9.99996E-1 9.9995E-1 9.99996E-1 9.96913E-1 8.25544E-1 6.32888E-1 2.85631E-1 4.87249E-1 9.85317E-1 9.79764E-1 9.20096E-1 4.76362E-1 6.8073E-1 9.99552E-1 9.98685E-1 7.49904E-1 6.95848E-1 9.86901E-1 9.97823E-1 9.97191E-1 9.73577E-1 9.94304E-1 9.999E-1 8.73391E-1 7.346E-1 7.55855E-1 4.44397E-1 1.24511E-1 2.00576E-1 3.18748E-1 3.71328E-1 4.83982E-1 2.54929E-1 1.62581E-1 7.28679E-2 2.82883E-3 1.22297E-3 5.54569E-4 1.20376E-3 1.9631E-4 2.35162E-3 2.1131E-3 2.04343E-2 3.85009E-3 1.03757E-2 8.03899E-3 6.34737E-3 3.32916E-3 2.21737E-3 1.96737E-3 4.51097E-4 1.36644E-3 2.84038E-4 2.15216E-4 4.06286E-5 -9999 -9999 -9999 -9999 -9999 -9999 -9999 -9999 -9999 -9999 -9999 -9999 -9999 -9999
9.99999E-1 9.99994E-1 9.99962E-1 1E0 9.99972E-1 9.99977E-1 9.98949E-1 9.17558E-1 7.63568E-1 3.43374E-1 2.91132E-1 7.54821E-1 8.78344E-1 9.423E-1 8.38803E-1 3.52212E-1 7.56392E-1 9.99439E-1 9.93973E-1 6.14708E-1 5.31279E-1 6.65535E-1 8.2441E-1 9.17737E-1 8.23602E-1 8.21368E-1 9.96994E-1 8.04833E-1 9.86306E-1 9.68674E-1 4.60596E-1 9.1663E-2 9.31698E-2 9.92555E-2 9.91076E-2 1.12899E-1 4.40255E-2 1.76994E-1 1.50956E-1 3.81393E-3 1.00846E-3 2.40978E-3 6.84553E-3 1.47074E-3 8.38613E-3 1.136E-2 2.30574E-2 4.6558E-3 4.91435E-3 7.59177E-3 3.61208E-3 2.2887E-3 6.83577E-3 9.9947E-4 2.03147E-3 7.31761E-4 1.09852E-4 2.22098E-5 2.74229E-5 -9999 -9999 -9999 -9999 -9999 -9999 -9999 -9999 -9999 -9999 -9999 -9999 -9999 -9999
9.99587E-1 9.99995E-1 9.9971E-1 9.99934E-1 9.99089E-1 9.98963E-1 9.80829E-1 9.49327E-1 7.57087E-1 3.28886E-1 1.02792E-1 3.9719E-1 2.02556E-1 4.16232E-1 4.16504E-1 4.98784E-1 9.8687E-1 9.99845E-1 9.99529E-1 9.91489E-1 7.18223E-1 5.55824E-1 6.20617E-1 7.67424E-1 5.61323E-1 7.15322E-1 9.96293E-1 9.99835E-1 9.91675E-1 6.90347E-1 3.4048E-1 7.30184E-2 8.23209E-2 8.00824E-2 2.3136E-2 4.77192E-2 8.54936E-2 2.57916E-1 8.09111E-2 1.01451E-2 7.54426E-3 4.58707E-3 1.05566E-2 4.23033E-3 1.73174E-2 3.24263E-2 7.83964E-3 1.11234E-2 1.01403E-2 7.40641E-3 9.1171E-3 9.19089E-3 1.00595E-2 7.35071E-3 2.41982E-3 2.42705E-4 4.22488E-5 6.21862E-6 5.57343E-6 -9999 -9999 -9999 -9999 -9999 -9999 -9999 -9999 -9999 -9999 -9999 -9999 -9999 -9999
9.99967E-1 9.99863E-1 1E0 1E0 9.99984E-1 9.99972E-1 9.77833E-1 8.10351E-1 3.82468E-1 3.0866E-1 4.70816E-2 1.50137E-1 6.93657E-2 8.52362E-2 2.75301E-1 9.16459E-1 9.95988E-1 9.99387E-1 9.79942E-1 7.6977E-1 5.51104E-1 4.15508E-1 8.87633E-1 8.19907E-1 9.44246E-1 8.98381E-1 9.5299E-1 9.99967E-1 9.99954E-1 8.52782E-1 1.16262E-1 4.28975E-2 8.1249E-2 7.83824E-2 4.51146E-2 2.19682E-1 7.65331E-1 5.06581E-1 3.63518E-1 4.04322E-2 3.50253E-2 7.19114E-3 1.99798E-2 2.52205E-2 1.2027E-1 2.22561E-2 3.0911E-2 1.75773E-2 7.64444E-3 1.40916E-2 5.76806E-3 9.13382E-4 1.67005E-3 2.30574E-3 1.92745E-3 1.23842E-3 9.24058E-5 1.30611E-5 1.34315E-6 -9999 -9999 -9999 -9999 -9999 -9999 -9999 -9999 -9999 -9999 -9999 -9999 -9999 -9999
9.99863E-1 1E0 9.99996E-1 1E0 1E0 1E0 9.89463E-1 5.62658E-1 2.15556E-1 8.7187E-2 4.03303E-2 1.257E-2 6.79771E-3 7.04063E-2 4.80647E-1 9.17735E-1 9.9013E-1 9.39892E-1 9.66495E-1 7.2877E-1 5.88494E-1 4.06011E-1 3.01593E-1 1.85338E-1 3.90917E-1 7.78022E-1 7.41757E-1 9.77994E-1 9.99935E-1 4.28998E-1 1.07836E-1 1.13624E-1 2.27033E-1 3.37295E-1 2.22427E-1 7.59457E-1 7.39033E-1 1.77974E-1 3.49717E-1 4.69848E-1 2.77719E-1 1.13111E-1 1.22289E-1 1.39994E-1 1.20996E-1 1.13313E-1 1.04173E-1 2.55233E-2 1.39608E-2 1.52573E-2 5.37305E-4 1.19029E-4 2.52149E-4 1.06567E-3 4.0345E-4 2.75076E-4 4.83623E-5 9.59497E-6 -9999 -9999 -9999 -9999 -9999 -9999 -9999 -9999 -9999 -9999 -9999 -9999 -9999 -9999 -9999
9.99557E-1 9.99558E-1 9.98805E-1 9.99998E-1 1E0 1E0 9.9919E-1 5.03363E-1 4.16224E-1 5.36658E-1 3.25456E-1 7.67329E-2 2.75165E-2 1.6362E-1 8.13186E-1 9.26277E-1 9.17437E-1 8.64321E-1 8.06687E-1 4.58286E-1 2.25208E-1 5.16919E-2 1.5317E-2 3.80197E-2 5.22828E-2 2.5636E-1 7.62844E-1 9.92627E-1 9.99953E-1 7.60426E-1 5.78136E-1 8.20025E-1 6.57118E-1 8.37326E-1 8.44327E-1 9.68199E-1 3.97583E-1 1.36945E-1 2.64653E-1 2.32707E-1 3.15083E-1 1.44712E-1 1.32112E-1 3.40885E-2 7.32574E-2 8.91697E-2 4.50508E-2 4.22162E-2 3.00818E-2 9.67367E-3 1.78794E-3 8.73423E-5 9.28183E-5 3.94352E-4 1.05369E-4 1.22737E-4 9.48113E-6 -9999 -9999 -9999 -9999 -9999 -9999 -9999 -9999 -9999 -9999 -9999 -9999 -9999 -9999 -9999 -9999
9.99984E-1 9.99936E-1 9.99251E-1 9.99999E-1 1E0 1E0 9.99996E-1 8.91655E-1 9.64919E-1 9.54116E-1 6.17061E-1 1.07527E-1 1.87828E-1 5.20633E-1 7.98585E-1 6.15854E-1 5.20824E-1 4.83397E-1 3.3161E-1 8.11866E-2 8.05952E-2 7.92475E-3 1.27794E-2 1.10657E-1 1.77842E-2 1.59492E-1 5.93628E-1 9.9944E-1 9.99868E-1 9.72096E-1 9.98289E-1 9.99463E-1 9.80953E-1 9.5288E-1 8.63113E-1 8.59966E-1 5.74632E-1 7.34171E-1 7.25346E-1 4.97414E-1 1.96619E-1 4.59856E-2 3.07841E-2 1.73908E-2 1.5124E-2 5.70676E-2 4.06494E-2 4.50141E-2 1.62004E-2 1.30196E-3 1.088E-4 3.04772E-5 4.9059E-5 1.50886E-4 7.38674E-5 3.39897E-5 4.10121E-6 -9999 -9999 -9999 -9999 -9999 -9999 -9999 -9999 -9999 -9999 -9999 -9999 -9999 -9999 -9999 -9999
9.99999E-1 9.99147E-1 9.99999E-1 1E0 1E0 1E0 9.99788E-1 9.9979E-1 9.95886E-1 9.84674E-1 8.90245E-1 7.38237E-1 4.56188E-1 1.68275E-1 2.19971E-1 1.76795E-1 7.86691E-2 8.15184E-2 5.86312E-2 4.70221E-3 6.99855E-3 6.57716E-3 1.33743E-2 2.46705E-1 8.11302E-2 2.04491E-1 8.45223E-1 9.99933E-1 9.62716E-1 3.09405E-1 5.07508E-1 8.85737E-1 5.66144E-1 1.83978E-1 8.32554E-2 8.62829E-2 5.86301E-1 5.38588E-1 8.76691E-2 5.57744E-1 3.13349E-1 7.62459E-2 1.1251E-2 9.51437E-3 3.07239E-2 4.57977E-2 3.28115E-2 7.51916E-3 6.03712E-4 8.18574E-5 5.31761E-5 7.0341E-5 1.05742E-4 3.47012E-5 1.36835E-5 4.7553E-6 2.95093E-6 -9999 -9999 -9999 -9999 -9999 -9999 -9999 -9999 -9999 -9999 -9999 -9999 -9999 -9999 -9999 -9999
1E0 9.99999E-1 9.99999E-1 9.99998E-1 1E0 9.99998E-1 9.97262E-1 9.90183E-1 9.226E-1 7.98297E-1 8.16731E-1 5.65343E-1 1.73006E-1 4.75432E-2 1.76403E-2 1.42354E-2 2.99721E-2 1.20525E-2 5.18408E-3 1.30999E-3 2.04538E-2 1.42755E-1 7.88764E-2 1.32398E-1 1.93524E-1 4.59498E-1 6.51047E-1 9.99963E-1 9.65362E-1 3.00478E-1 2.44894E-1 3.49941E-1 8.64687E-2 2.80869E-2 1.94568E-2 4.22035E-2 1.94321E-1 1.67621E-1 2.00831E-2 1.89984E-1 4.33638E-1 9.26753E-2 3.14678E-2 2.54633E-2 8.25725E-2 2.86171E-2 3.57877E-3 1.64394E-3 7.56958E-4 2.33177E-4 1.40902E-4 5.32886E-4 7.81478E-4 4.68932E-4 3.65373E-5 6.94491E-6 3.43879E-6 1.40621E-6 -9999 -9999 -9999 -9999 -9999 -9999 -9999 -9999 -9999 -9999 -9999 -9999 -9999 -9999 -9999
1E0 1E0 9.9999E-1 1E0 9.99999E-1 9.99993E-1 1E0 9.99988E-1 9.9935E-1 9.17758E-1 4.43293E-1 2.42184E-1 3.03261E-1 2.7855E-1 4.55045E-2 1.6809E-2 2.65565E-2 2.89888E-2 1.81263E-2 2.2252E-2 5.67682E-2 3.48423E-1 4.2085E-1 9.56231E-2 2.04048E-1 6.68979E-1 9.32735E-1 9.99789E-1 9.99178E-1 9.33055E-1 8.76452E-1 6.00893E-1 7.25238E-2 2.42497E-2 3.45889E-3 2.41217E-2 9.81036E-2 7.12217E-2 4.95748E-2 3.20763E-1 4.16466E-1 4.10827E-1 2.26726E-1 1.39952E-1 8.52833E-2 1.81372E-2 5.48861E-3 1.3048E-3 1.75369E-4 6.60919E-4 7.33064E-4 1.61443E-3 1.18948E-3 1.01155E-4 2.95559E-5 3.7305E-6 2.57664E-6 8.67916E-7 -9999 -9999 -9999 -9999 -9999 -9999 -9999 -9999 -9999 -9999 -9999 -9999 -9999 -9999 -9999
