ENM/Final_Models/M_2_F_lq_Set_1_EC/Gustavia_santanderiensis_4_Choco_clamping.asc
ncols         367
nrows         963
xllcorner     -78.6
yllcorner     0.65
cellsize      0.00833333333333323
NODATA_value  -9999
[rows 416 to 447 of 963, columns 213 to 283 of 367]
9.21054E-1 9.17853E-1 9.63553E-1 9.63473E-1 9.12021E-1 8.99008E-1 9.58405E-1 3.47726E-1 4.68669E-1 3.6676E-1 3.30954E-1 4.91916E-1 4.06264E-1 2.91047E-1 9.76325E-1 9.70672E-1 9.3256E-1 9.3784E-1 9.3027E-1 9.28736E-1 9.69037E-1 7.94682E-1 9.5619E-1 8.94836E-1 9.20879E-1 9.64041E-1 9.52053E-1 8.38443E-1 9.4463E-1 7.52162E-1 9.37972E-1 8.19651E-1 5.93537E-1 3.19439E-1 7.21647E-1 8.54764E-1 9.00652E-1 9.56902E-1 9.11374E-1 9.50858E-1 9.32955E-1 9.36343E-1 9.09833E-1 9.44152E-1 9.40691E-1 8.81033E-1 8.92264E-1 9.16822E-1 8.37103E-1 3.22867E-1 0E0 8.30353E-4 8.04813E-4 0E0 0E0 0E0 0E0 0E0 0E0 0E0 0E0 0E0 0E0 0E0 3.38489E-1 1.07896E-1 1.51699E-1 0E0 0E0 0E0 0E0
9.6779E-1 8.26713E-1 9.58744E-1 9.37898E-1 9.60155E-1 9.50378E-1 9.08788E-1 4.35055E-1 4.71711E-1 3.62663E-1 8.67603E-2 1.00397E-1 3.89455E-1 4.46337E-1 8.34776E-1 9.74947E-1 9.1679E-1 9.14597E-1 9.73733E-1 9.89795E-1 9.47686E-1 9.87323E-1 9.8223E-1 9.66551E-1 9.72712E-1 9.79178E-1 9.62457E-1 9.59083E-1 7.62936E-1 9.53653E-1 9.59647E-1 9.48835E-1 9.67031E-1 8.02661E-1 9.21243E-1 7.75734E-1 7.30913E-1 7.24426E-1 9.30318E-1 9.27273E-1 9.28723E-1 9.20183E-1 7.59996E-1 8.64025E-1 9.36557E-1 9.35833E-1 8.88863E-1 8.89822E-1 6.51767E-1 7.61408E-1 6.59626E-1 1.83062E-1 1.50847E-2 1.50249E-2 0E0 0E0 0E0 0E0 3.38684E-3 0E0 0E0 0E0 0E0 3.31479E-3 4.73221E-1 3.19896E-1 6.37026E-2 9.28625E-3 0E0 0E0 0E0
9.59056E-1 8.42764E-1 9.3465E-1 9.55373E-1 9.48414E-1 9.382E-1 9.59909E-1 1.02775E-1 5.124E-1 9.50064E-1 0E0 8.31341E-2 3.81751E-1 3.55384E-1 8.36307E-1 7.98275E-1 9.23299E-1 9.06062E-1 9.70141E-1 9.4954E-1 9.86484E-1 9.24209E-1 9.67794E-1 6.60946E-1 9.79509E-1 9.85937E-1 9.78114E-1 9.84471E-1 8.07789E-1 9.59218E-1 9.63881E-1 8.37218E-1 9.61769E-1 8.78855E-1 9.30583E-1 7.73317E-1 7.62447E-1 9.326E-1 9.31476E-1 9.1098E-1 9.10203E-1 9.51899E-1 3.7376E-2 4.77125E-2 9.2913E-1 9.48781E-1 8.83699E-1 8.80753E-1 7.33936E-1 7.50481E-1 6.32815E-1 5.57686E-1 2.4873E-2 0E0 0E0 0E0 0E0 1.71261E-2 3.1337E-2 0E0 0E0 0E0 0E0 0E0 2.02639E-1 4.26439E-1 1.09766E-1 1.39307E-2 0E0 0E0 0E0
9.79201E-1 9.08548E-1 9.65232E-1 9.48453E-1 9.52483E-1 9.52713E-1 9.53955E-1 8.69423E-1 8.82937E-1 9.42938E-1 7.85487E-2 7.03703E-2 2.98772E-1 2.68315E-1 9.67188E-1 9.67169E-1 9.66059E-1 9.67594E-1 9.81687E-1 9.51795E-1 5.22802E-1 9.78767E-1 9.77271E-1 5.07573E-1 5.39397E-1 9.86826E-1 9.8556E-1 9.87357E-1 7.77144E-1 4.51931E-1 4.691E-1 9.71859E-1 9.25967E-1 9.16804E-1 8.52037E-1 7.45145E-1 4.88102E-1 8.29471E-1 9.4031E-1 9.00774E-1 9.57307E-1 9.54062E-1 7.29586E-1 7.2873E-1 8.86264E-1 8.86107E-1 8.90592E-1 8.43958E-1 8.62622E-1 7.71364E-1 7.86562E-1 7.9675E-1 3.27576E-1 3.50235E-2 4.11452E-3 2.31097E-2 0E0 8.68303E-3 1.59871E-1 9.70715E-2 8.61665E-3 2.56868E-2 1.44676E-2 1.06068E-2 1.47496E-1 2.40411E-1 9.34181E-2 1.23707E-2 4.85744E-3 0E0 0E0
9.45457E-1 9.72708E-1 9.65165E-1 9.65412E-1 9.48173E-1 9.45307E-1 9.37008E-1 9.58695E-1 9.62008E-1 9.37398E-1 8.96768E-1 8.88216E-1 9.32327E-1 9.54046E-1 9.67696E-1 9.58639E-1 9.89833E-1 9.8834E-1 9.77968E-1 9.06337E-1 9.7826E-1 9.78889E-1 8.86288E-1 9.6991E-1 9.90265E-1 9.825E-1 9.8141E-1 9.84037E-1 9.78748E-1 7.57194E-1 7.59087E-1 9.21842E-1 9.06727E-1 9.18448E-1 7.65956E-1 9.57706E-1 9.57104E-1 7.09382E-1 7.80564E-1 7.58334E-1 7.36525E-1 4.16578E-1 9.10199E-1 9.38854E-1 9.03903E-1 8.32857E-1 6.99878E-1 7.49069E-1 8.79816E-1 8.77816E-1 5.24661E-1 6.03972E-1 4.55242E-1 3.41475E-1 2.4001E-1 1.64213E-1 9.75692E-2 8.81074E-2 2.04047E-1 1.67678E-1 5.67823E-2 4.77369E-2 2.51953E-2 2.06536E-2 5.43021E-2 7.52162E-2 5.50875E-2 4.64327E-2 0E0 0E0 0E0
9.37768E-1 9.56095E-1 9.6777E-1 9.68503E-1 9.24753E-1 9.35287E-1 9.45838E-1 9.42936E-1 9.22437E-1 9.729E-1 9.39394E-1 9.37632E-1 9.60562E-1 9.72697E-1 9.32922E-1 8.90712E-1 4.05512E-1 2.55676E-1 6.66116E-1 9.88864E-1 9.83384E-1 9.8043E-1 9.43527E-1 9.73071E-1 9.70344E-1 9.34001E-1 9.68887E-1 9.58467E-1 9.71901E-1 9.7188E-1 9.45355E-1 9.40766E-1 9.33792E-1 8.05031E-1 7.20313E-1 3.44342E-1 3.91744E-2 1.78598E-1 3.6579E-1 3.60115E-1 7.32541E-1 7.96888E-1 9.51401E-1 9.21413E-1 6.73925E-1 3.3906E-1 7.41105E-1 8.0524E-1 8.37215E-1 6.01357E-1 6.68238E-1 5.56302E-1 4.59585E-1 1.74653E-1 1.36536E-1 1.00852E-1 2.53111E-1 2.04105E-1 5.93636E-2 2.06891E-2 4.77243E-2 1.13027E-2 9.26798E-3 1.3095E-2 1.66183E-2 3.45806E-2 1.67381E-1 3.85733E-2 0E0 0E0 0E0
9.75966E-1 9.42102E-1 9.72433E-1 8.65289E-1 9.15247E-1 8.88285E-1 9.48224E-1 9.53322E-1 9.43892E-1 9.44348E-1 9.30931E-1 9.48493E-1 9.7869E-1 9.25533E-1 9.73284E-1 9.21516E-1 1.25613E-1 0E0 7.32896E-1 9.16163E-1 9.41479E-1 9.5443E-1 9.39757E-1 7.97391E-1 8.01702E-1 9.40243E-1 9.55325E-1 9.6359E-1 9.71356E-1 9.67299E-1 8.09715E-1 9.35293E-1 9.2467E-1 8.19185E-1 8.4746E-1 5.07212E-1 5.42936E-1 4.1019E-1 5.9161E-1 2.98587E-1 9.57879E-1 9.37688E-1 8.87775E-1 6.76121E-1 4.88795E-1 7.12068E-1 8.77118E-1 8.79803E-1 8.80055E-1 8.28227E-1 7.68056E-1 5.32682E-1 4.11502E-1 3.98128E-1 0E0 0E0 0E0 1.73449E-1 1.98506E-1 5.16253E-2 2.06765E-2 0E0 0E0 0E0 0E0 5.92145E-3 6.74911E-2 5.50419E-3 0E0 0E0 0E0
9.73191E-1 9.68843E-1 9.68477E-1 9.69824E-1 9.18954E-1 9.1884E-1 9.14161E-1 9.2303E-1 9.52431E-1 9.4072E-1 8.76494E-1 8.49182E-1 9.6235E-1 9.71436E-1 9.90617E-1 9.54632E-1 2.54109E-1 4.27309E-1 8.46038E-1 9.31732E-1 9.22972E-1 9.7613E-1 9.51568E-1 9.86199E-1 9.87526E-1 9.4309E-1 9.35163E-1 8.04539E-1 8.50146E-1 4.18215E-1 9.58514E-1 9.66265E-1 9.38533E-1 9.51481E-1 6.52817E-1 4.97782E-1 6.06326E-1 3.31279E-1 6.30184E-1 6.56834E-1 9.57774E-1 9.33189E-1 6.21334E-1 4.89778E-1 6.83734E-1 7.64283E-1 6.68978E-1 7.40251E-1 8.19848E-1 5.59514E-1 4.81008E-1 8.61353E-1 7.50085E-1 3.53348E-1 5.50744E-1 4.26605E-1 3.13116E-1 8.17303E-2 4.96226E-2 2.0883E-2 1.2354E-2 9.03137E-3 0E0 0E0 0E0 0E0 0E0 0E0 0E0 0E0 0E0
9.50127E-1 8.48147E-1 9.66523E-1 9.75556E-1 9.7123E-1 9.73611E-1 9.74895E-1 9.3513E-1 9.31293E-1 9.41457E-1 9.60695E-1 7.78604E-1 7.63162E-1 9.6197E-1 9.59382E-1 9.2779E-1 9.43109E-1 9.88356E-1 9.89459E-1 9.8728E-1 9.7735E-1 5.64168E-1 6.17237E-1 9.77603E-1 9.87679E-1 9.81321E-1 6.98049E-1 7.61179E-1 8.10624E-1 7.74283E-1 6.87133E-1 9.55513E-1 9.68869E-1 9.24388E-1 4.16441E-1 4.76579E-1 6.07207E-1 4.34605E-1 8.31157E-1 5.39867E-1 9.18655E-1 8.60062E-1 7.1664E-1 7.25188E-1 7.48696E-1 7.18748E-1 6.91625E-1 4.5006E-1 1.10074E-1 4.61853E-2 2.53247E-1 6.46316E-1 5.7015E-1 1.74322E-1 9.56994E-2 0E0 0E0 0E0 0E0 0E0 0E0 0E0 0E0 0E0 0E0 0E0 0E0 0E0 0E0 0E0 0E0
9.67196E-1 8.498E-1 8.21819E-1 9.54656E-1 9.65658E-1 8.59908E-1 8.74515E-1 9.49419E-1 9.71399E-1 9.14001E-1 8.63131E-1 1.89834E-1 8.41878E-1 9.60591E-1 9.36643E-1 9.2885E-1 9.39001E-1 9.57181E-1 9.86816E-1 9.45536E-1 9.45167E-1 6.77964E-1 7.19141E-1 7.14314E-1 7.17847E-1 9.73158E-1 3.14525E-1 1.97358E-1 7.97719E-1 5.53811E-1 1.63745E-1 7.51608E-1 7.63406E-1 9.45838E-1 5.25031E-1 2.7877E-1 3.25882E-1 8.29842E-1 8.57831E-1 7.93052E-1 9.12893E-1 7.12945E-1 6.56223E-1 8.55191E-1 7.61381E-1 6.40088E-1 3.20315E-1 2.52882E-1 0E0 0E0 5.82688E-2 3.80593E-1 6.57442E-1 2.00173E-1 0E0 0E0 0E0 0E0 0E0 0E0 0E0 0E0 0E0 0E0 0E0 0E0 0E0 0E0 0E0 0E0 0E0
9.82983E-1 7.52426E-1 9.81823E-1 9.55902E-1 9.6725E-1 9.82087E-1 9.74291E-1 9.64513E-1 9.14175E-1 8.77161E-1 9.47251E-1 9.33438E-1 9.43408E-1 9.44139E-1 9.41502E-1 9.83182E-1 9.8365E-1 9.83165E-1 9.8369E-1 8.9195E-1 9.50758E-1 9.65923E-1 9.64267E-1 6.42096E-1 4.62702E-1 4.37258E-1 3.96178E-1 2.76244E-1 7.62774E-1 7.8675E-1 7.88727E-1 8.09611E-1 7.17083E-1 9.64415E-1 9.0482E-1 5.7133E-1 7.97004E-1 7.89094E-1 7.75685E-1 7.80382E-1 8.74691E-1 8.17634E-1 9.2274E-1 8.60256E-1 5.71885E-1 8.38231E-1 9.1749E-1 5.05558E-1 0E0 0E0 0E0 2.03824E-1 5.05947E-1 3.33995E-1 0E0 0E0 0E0 0E0 0E0 0E0 0E0 0E0 0E0 0E0 0E0 0E0 0E0 0E0 0E0 0E0 0E0
9.80831E-1 9.83991E-1 9.84624E-1 9.34046E-1 9.70949E-1 9.86458E-1 9.8338E-1 9.47501E-1 9.48954E-1 9.50342E-1 9.6262E-1 9.30669E-1 9.30673E-1 9.86348E-1 9.38764E-1 9.75654E-1 9.82367E-1 9.11735E-1 9.14536E-1 9.27605E-1 9.53168E-1 7.40941E-1 9.71643E-1 2.15291E-1 7.25153E-1 7.49739E-1 7.019E-1 6.6051E-1 7.11675E-1 7.24304E-1 7.06637E-1 7.96184E-1 5.49837E-2 8.1896E-1 6.93323E-1 6.27E-1 5.87364E-1 5.03374E-1 6.14576E-1 5.70391E-1 4.36489E-1 6.20437E-1 7.93959E-1 7.14651E-1 7.46381E-1 8.87284E-1 7.53462E-1 3.81995E-1 1.26226E-1 4.17918E-2 3.73156E-2 2.21751E-1 2.22736E-1 2.28492E-1 1.1211E-2 0E0 0E0 0E0 0E0 0E0 0E0 0E0 0E0 0E0 0E0 0E0 0E0 0E0 0E0 0E0 0E0
9.82623E-1 9.82022E-1 9.82989E-1 9.63741E-1 9.67164E-1 9.67323E-1 9.80628E-1 9.58618E-1 9.61458E-1 9.631E-1 9.81498E-1 9.37653E-1 9.35732E-1 9.52476E-1 9.75498E-1 9.61591E-1 8.03273E-1 9.04443E-1 9.53167E-1 8.51337E-1 9.68497E-1 9.55706E-1 7.03087E-1 6.47134E-1 7.25387E-1 6.72803E-1 9.71744E-1 3.02054E-1 5.73332E-1 9.43758E-1 9.52943E-1 6.47597E-1 4.43889E-1 3.50726E-1 7.1687E-1 7.35858E-1 6.79001E-1 6.84327E-1 5.47014E-1 5.0583E-1 2.53396E-1 2.04323E-2 4.17003E-1 6.00902E-1 6.28246E-1 4.75952E-1 5.38154E-1 4.41325E-1 3.89368E-1 2.37151E-1 2.17362E-1 1.72906E-1 1.75447E-1 2.52412E-1 1.23789E-1 0E0 0E0 0E0 1.69037E-3 0E0 0E0 0E0 0E0 0E0 0E0 0E0 0E0 0E0 0E0 0E0 0E0
9.82928E-1 9.86301E-1 9.84572E-1 9.77043E-1 9.40975E-1 9.50971E-1 9.47509E-1 9.83422E-1 9.5653E-1 9.82748E-1 9.79545E-1 9.83059E-1 9.45741E-1 9.41682E-1 9.31059E-1 9.62002E-1 9.70259E-1 9.73739E-1 9.81699E-1 9.52499E-1 8.68712E-1 8.7938E-1 9.13651E-1 9.39843E-1 7.20625E-1 6.9641E-1 3.6251E-1 3.00264E-1 6.68844E-1 6.53941E-1 7.57879E-1 7.40862E-1 7.32931E-1 7.41936E-1 6.1729E-1 7.704E-1 4.56991E-1 6.78671E-1 6.65094E-1 6.30432E-1 2.3987E-1 2.27833E-1 1.15909E-1 2.20589E-1 3.71692E-1 4.28377E-1 2.95171E-1 4.45147E-1 7.7574E-1 5.40995E-1 4.47056E-1 1.55917E-1 4.1931E-1 4.17652E-1 3.78096E-1 3.52825E-2 0E0 5.20788E-2 8.22223E-2 0E0 0E0 0E0 0E0 0E0 0E0 0E0 0E0 0E0 0E0 0E0 0E0
6.59067E-1 6.54591E-1 9.53968E-1 9.84772E-1 9.74447E-1 9.74791E-1 9.65649E-1 9.82226E-1 9.85536E-1 9.84361E-1 9.29742E-1 9.85239E-1 9.80932E-1 9.74643E-1 9.60813E-1 9.20498E-1 9.19951E-1 9.05093E-1 9.15902E-1 9.1795E-1 2.89363E-1 2.8217E-1 9.30242E-1 9.75629E-1 9.75781E-1 9.87194E-1 9.66081E-1 4.0402E-1 4.26422E-1 7.47806E-1 9.54029E-1 9.38432E-1 5.2875E-1 9.46179E-1 9.56615E-1 8.42898E-1 1.76567E-1 1.49314E-1 2.83164E-1 4.58134E-1 4.87736E-1 5.46082E-1 6.72299E-1 4.75165E-1 3.56837E-1 4.78919E-1 5.17772E-1 6.43963E-1 9.04888E-1 7.99358E-1 6.62973E-1 6.12271E-1 4.79535E-1 6.51827E-2 2.7627E-2 0E0 0E0 0E0 0E0 2.31198E-2 1.66849E-2 0E0 0E0 0E0 0E0 0E0 0E0 0E0 0E0 0E0 0E0
6.27305E-1 6.23484E-1 9.44555E-1 9.87751E-1 9.79887E-1 9.73771E-1 9.76148E-1 9.76289E-1 9.44268E-1 9.85897E-1 9.23671E-1 9.80815E-1 9.76498E-1 9.88814E-1 9.80917E-1 7.27211E-1 6.0657E-1 5.37162E-1 6.01417E-1 8.10815E-1 2.64379E-1 3.72835E-2 8.77493E-1 9.08994E-1 9.16541E-1 7.92599E-1 8.21651E-1 7.81895E-1 8.33517E-1 9.62903E-1 9.69752E-1 9.66174E-1 5.2547E-1 9.16262E-1 5.94926E-1 9.7157E-1 3.61728E-1 8.45579E-2 1.25761E-1 3.45854E-1 5.39456E-1 3.51961E-1 7.86048E-1 6.20692E-1 5.51462E-1 2.94131E-1 6.35158E-1 4.47321E-1 7.80794E-1 8.37313E-1 6.38719E-1 6.14436E-1 4.13438E-1 0E0 0E0 1.97196E-1 2.66235E-2 0E0 0E0 0E0 3.61005E-3 0E0 0E0 0E0 0E0 0E0 0E0 0E0 0E0 3.28617E-4 0E0
7.36889E-1 6.18729E-1 9.87401E-1 9.74802E-1 9.7588E-1 8.97564E-1 8.82813E-1 9.71539E-1 9.83709E-1 9.82416E-1 9.80052E-1 9.67181E-1 9.66434E-1 9.73661E-1 9.7698E-1 9.75264E-1 9.08392E-1 8.95046E-1 7.84067E-1 9.86175E-1 8.38204E-1 2.12312E-1 9.69299E-1 9.24809E-1 9.22621E-1 9.85933E-1 9.87675E-1 9.8618E-1 9.59927E-1 9.62814E-1 8.34473E-1 9.58257E-1 9.60613E-1 6.85331E-1 7.07052E-1 9.66942E-1 8.51977E-1 5.49498E-1 5.63983E-1 6.67594E-1 6.36615E-1 7.62071E-1 6.77268E-1 6.67054E-1 4.4212E-1 5.13597E-1 5.89213E-1 5.94573E-1 6.59884E-1 8.23353E-1 3.45299E-1 4.2778E-1 3.40631E-1 0E0 0E0 0E0 0E0 0E0 0E0 0E0 0E0 0E0 0E0 0E0 0E0 0E0 0E0 0E0 0E0 0E0 0E0
9.76887E-1 9.77504E-1 9.72807E-1 9.80521E-1 9.89191E-1 8.97366E-1 9.59074E-1 9.3436E-1 6.32239E-1 9.43752E-1 9.80436E-1 9.71989E-1 9.74797E-1 9.86226E-1 7.73976E-1 7.54856E-1 2.58888E-1 6.95406E-1 9.88091E-1 9.71551E-1 8.20684E-1 8.1794E-1 9.82813E-1 9.65127E-1 9.59091E-1 9.67087E-1 9.70702E-1 9.62401E-1 9.28496E-1 8.90231E-1 8.37347E-1 8.96043E-1 9.63625E-1 9.14686E-1 9.50052E-1 9.68577E-1 6.93319E-1 4.50591E-1 3.30524E-1 6.12496E-1 8.51649E-1 8.99456E-1 9.2744E-1 8.89565E-1 8.85218E-1 6.67547E-1 6.04365E-1 3.26447E-1 4.56183E-1 8.13643E-1 6.2346E-1 4.16541E-1 1.14965E-1 0E0 0E0 1.99904E-3 0E0 0E0 2.12068E-2 1.46887E-2 1.0833E-2 0E0 1.95134E-2 2.71849E-2 0E0 0E0 0E0 0E0 3.73851E-4 0E0 0E0
9.84073E-1 9.82731E-1 6.11058E-1 6.58731E-1 6.92633E-1 9.7382E-1 9.84555E-1 9.81273E-1 9.50758E-1 9.84436E-1 9.43751E-1 9.79426E-1 6.85539E-1 9.8073E-1 9.88143E-1 8.1315E-1 2.92735E-2 1.6256E-1 9.70537E-1 9.56659E-1 9.09658E-1 9.20186E-1 9.80696E-1 9.82491E-1 5.60129E-1 9.44197E-1 9.83396E-1 9.89288E-1 9.68716E-1 9.67632E-1 9.54504E-1 9.11012E-1 9.04882E-1 9.17351E-1 9.32731E-1 9.38541E-1 9.63532E-1 9.45294E-1 8.75524E-1 6.00318E-1 4.97607E-1 8.58251E-1 8.80995E-1 8.68742E-1 8.94941E-1 8.8066E-1 7.5748E-1 5.27809E-1 4.75571E-1 8.3465E-1 5.69923E-1 5.4693E-1 1.23524E-1 0E0 0E0 0E0 0E0 0E0 0E0 0E0 0E0 0E0 0E0 0E0 0E0 0E0 0E0 0E0 0E0 0E0 0E0
7.48232E-1 9.86508E-1 9.8016E-1 9.84089E-1 6.60448E-1 9.79025E-1 9.53902E-1 9.44584E-1 9.84133E-1 9.85906E-1 9.77629E-1 6.95379E-1 9.84851E-1 9.84021E-1 1.61646E-1 2.1683E-2 1.34415E-1 8.40185E-1 9.72889E-1 9.7482E-1 9.64998E-1 9.51153E-1 8.97272E-1 9.66415E-1 9.816E-1 7.71918E-1 7.07251E-1 9.40601E-1 9.07041E-1 9.77912E-1 8.9261E-1 9.17285E-1 9.20792E-1 9.191E-1 8.90275E-1 9.38673E-1 7.38959E-1 9.09742E-1 8.86133E-1 9.32459E-1 6.5648E-1 8.60065E-1 9.04411E-1 8.65539E-1 8.65581E-1 8.49084E-1 7.16307E-1 4.145E-1 7.02023E-1 7.86655E-1 3.21175E-1 2.7316E-1 1.48426E-1 0E0 0E0 0E0 0E0 0E0 0E0 0E0 0E0 0E0 0E0 0E0 0E0 0E0 0E0 0E0 0E0 0E0 0E0
9.81843E-1 9.80226E-1 9.80173E-1 8.9247E-1 6.79435E-1 9.00006E-1 9.85212E-1 9.85094E-1 9.45182E-1 6.33259E-1 5.94761E-1 2.87752E-1 2.32254E-1 2.32566E-1 7.58631E-2 9.82754E-1 9.88104E-1 9.88305E-1 9.71405E-1 9.7296E-1 9.88298E-1 9.65822E-1 9.57102E-1 9.81877E-1 9.73859E-1 9.09306E-1 9.0922E-1 7.9922E-1 9.32196E-1 9.36484E-1 9.14079E-1 7.92104E-1 8.39561E-1 9.01989E-1 3.33426E-1 7.01096E-1 7.50507E-1 9.3232E-1 9.02911E-1 7.72169E-1 8.88617E-1 8.85954E-1 8.60759E-1 5.55745E-1 7.45318E-1 6.07762E-1 4.33572E-1 4.07362E-1 6.23785E-1 8.58876E-1 4.28444E-1 1.38224E-1 0E0 0E0 1.23332E-1 0E0 0E0 0E0 0E0 0E0 0E0 0E0 0E0 0E0 0E0 0E0 0E0 0E0 0E0 0E0 0E0
9.79816E-1 9.78706E-1 8.88979E-1 8.76264E-1 9.07699E-1 4.75736E-1 9.83642E-1 9.80812E-1 9.90825E-1 9.7567E-1 9.5707E-1 5.93304E-1 6.66204E-1 6.72586E-1 1.87254E-1 9.59509E-1 9.66018E-1 9.87689E-1 9.8755E-1 9.8783E-1 8.60219E-1 9.8668E-1 9.81057E-1 9.61889E-1 9.79542E-1 9.74647E-1 9.7598E-1 8.98637E-1 9.17914E-1 9.74227E-1 9.79189E-1 9.33882E-1 8.06864E-1 6.82281E-1 4.43591E-1 4.52955E-1 6.35683E-1 7.31777E-1 7.77857E-1 9.1605E-1 9.21089E-1 9.25914E-1 6.83544E-1 5.8255E-1 4.94694E-1 1.83794E-1 2.37418E-1 6.01304E-1 3.91299E-1 4.18156E-1 0E0 0E0 0E0 0E0 0E0 0E0 0E0 0E0 0E0 0E0 0E0 0E0 0E0 0E0 0E0 0E0 0E0 0E0 0E0 0E0 0E0
9.71929E-1 9.72492E-1 9.18428E-1 9.45959E-1 9.83027E-1 7.19755E-1 6.67329E-1 9.88248E-1 9.88487E-1 9.8787E-1 9.61936E-1 7.01145E-1 7.12077E-1 7.39389E-1 1.55384E-1 4.97476E-1 4.87281E-1 9.89006E-1 5.45176E-1 2.23458E-1 4.90039E-1 7.137E-1 9.694E-1 9.58757E-1 9.68189E-1 9.70868E-1 9.85516E-1 9.17461E-1 9.50082E-1 9.84846E-1 9.62911E-1 9.36254E-1 9.03651E-1 9.36588E-1 8.71652E-1 9.08066E-1 9.18867E-1 9.33909E-1 7.59765E-1 8.96336E-1 8.894E-1 8.93643E-1 5.37383E-1 5.2127E-1 7.56909E-1 5.52186E-1 6.60157E-1 7.52339E-1 5.49293E-1 4.18294E-1 0E0 0E0 0E0 0E0 0E0 0E0 0E0 4.59263E-2 4.30212E-1 0E0 0E0 0E0 0E0 0E0 0E0 0E0 0E0 0E0 0E0 0E0 0E0
9.82488E-1 9.82151E-1 9.8047E-1 9.82822E-1 9.86538E-1 8.62839E-1 6.8452E-1 9.87769E-1 9.15616E-1 8.96612E-1 6.49787E-1 1.97544E-1 2.87071E-1 6.94605E-1 6.87447E-1 2.7024E-1 5.18286E-1 9.63373E-1 6.53447E-1 4.46101E-1 8.09305E-1 6.43285E-1 7.51688E-1 6.44332E-1 2.96607E-1 2.41233E-1 2.28428E-1 7.11376E-1 9.85736E-1 9.30441E-1 9.64845E-1 8.6875E-1 8.67625E-1 8.79254E-1 9.22396E-1 9.08011E-1 9.20494E-1 9.07086E-1 8.90499E-1 8.78194E-1 8.89851E-1 6.50244E-1 6.80636E-1 5.56609E-1 3.47316E-1 3.31588E-1 0E0 0E0 0E0 0E0 0E0 0E0 0E0 0E0 0E0 0E0 4.16681E-2 0E0 4.62885E-1 0E0 0E0 0E0 0E0 0E0 0E0 0E0 0E0 0E0 0E0 0E0 0E0
9.82978E-1 9.79152E-1 9.76089E-1 9.05528E-1 9.06376E-1 9.85267E-1 9.79922E-1 9.7225E-1 9.31309E-1 9.71539E-1 5.74498E-1 4.75371E-1 2.15672E-1 2.312E-1 4.23653E-1 6.41073E-1 3.60911E-1 5.51429E-1 4.66881E-1 4.09639E-1 4.85247E-1 8.07256E-1 4.09562E-1 7.33495E-1 3.13843E-1 2.14979E-1 1.26656E-1 2.88172E-1 7.1193E-1 7.06824E-1 7.48397E-1 8.88653E-1 9.44561E-1 9.15377E-1 8.77683E-1 8.36371E-1 8.88868E-1 9.20007E-1 9.59545E-1 9.07701E-1 8.36618E-1 8.54629E-1 7.96223E-1 7.12197E-1 0E0 0E0 0E0 0E0 0E0 0E0 0E0 0E0 1.0896E-2 1.75724E-1 0E0 0E0 0E0 0E0 0E0 0E0 0E0 0E0 0E0 0E0 0E0 0E0 0E0 0E0 0E0 0E0 0E0
9.17373E-1 9.76612E-1 9.30785E-1 9.28194E-1 9.15848E-1 7.85127E-1 7.49E-1 5.97366E-1 9.63194E-1 7.81694E-1 6.33349E-1 3.6145E-1 8.56021E-2 4.52122E-1 5.03236E-1 4.0227E-1 3.74148E-1 2.3866E-1 7.80844E-1 7.04336E-1 3.26506E-1 5.23763E-1 4.69674E-1 4.37424E-1 3.7526E-1 3.18585E-1 6.7099E-1 4.26095E-1 2.75928E-1 7.4577E-1 9.15654E-1 9.30579E-1 8.56443E-1 9.23737E-1 8.89843E-1 7.23917E-1 8.05565E-1 5.33311E-1 8.73751E-1 8.57706E-1 8.81738E-1 7.85846E-1 8.60912E-1 8.29615E-1 0E0 0E0 0E0 0E0 0E0 0E0 0E0 0E0 0E0 0E0 0E0 0E0 0E0 0E0 0E0 0E0 0E0 3.1264E-3 0E0 0E0 0E0 0E0 0E0 0E0 0E0 0E0 0E0
9.76206E-1 9.36304E-1 9.42441E-1 9.13767E-1 9.02808E-1 8.96127E-1 6.77138E-1 6.21073E-1 8.95296E-1 8.54107E-1 8.81678E-1 8.77533E-1 9.01802E-1 8.955E-1 7.20189E-1 7.35345E-1 8.35796E-1 5.15198E-1 6.66464E-1 7.8032E-1 7.74938E-1 6.88847E-1 8.97032E-2 1.78556E-1 6.54907E-1 7.77629E-1 7.74831E-1 8.18194E-1 9.4524E-1 9.44602E-1 9.55494E-1 9.37006E-1 9.47624E-1 8.9728E-1 8.90203E-1 8.38365E-1 8.57791E-1 8.81063E-1 8.92481E-1 8.81942E-1 8.66429E-1 8.53891E-1 7.87901E-1 5.92198E-1 0E0 0E0 0E0 0E0 0E0 0E0 0E0 0E0 0E0 0E0 0E0 0E0 0E0 0E0 0E0 0E0 0E0 0E0 0E0 0E0 0E0 0E0 0E0 0E0 0E0 0E0 0E0
9.69657E-1 9.82428E-1 9.84801E-1 4.35281E-1 9.22448E-1 9.26674E-1 8.68816E-1 8.75556E-1 8.62065E-1 8.97529E-1 8.9633E-1 8.81825E-1 8.37515E-1 8.85573E-1 8.69497E-1 9.68018E-1 9.74366E-1 6.77517E-1 7.14416E-1 7.44589E-1 7.47568E-1 7.57923E-1 3.30245E-1 6.17096E-2 6.35322E-1 7.78478E-1 8.40675E-1 8.241E-1 9.30292E-1 8.00166E-1 6.26906E-1 9.41212E-1 8.81629E-1 8.67149E-1 8.97529E-1 8.72664E-1 8.40363E-1 8.55246E-1 8.78124E-1 8.6232E-1 8.6229E-1 8.99638E-1 8.13813E-1 4.71966E-1 5.01555E-1 0E0 0E0 0E0 0E0 0E0 0E0 0E0 0E0 0E0 0E0 0E0 0E0 0E0 0E0 0E0 0E0 0E0 2.55754E-3 5.05171E-2 0E0 0E0 0E0 0E0 0E0 0E0 0E0
9.68431E-1 9.89413E-1 9.90098E-1 9.42482E-1 9.22062E-1 9.67419E-1 9.81188E-1 8.90234E-1 8.8029E-1 8.7038E-1 8.73295E-1 7.31795E-1 6.19364E-1 8.86831E-1 9.88325E-1 5.96704E-1 9.4877E-1 6.33603E-1 6.81661E-1 4.97657E-1 5.05287E-1 7.0627E-1 8.01027E-1 3.2673E-1 5.10414E-1 7.87732E-1 8.67001E-1 8.6806E-1 9.72067E-1 8.12435E-1 6.99831E-1 9.35226E-1 8.38322E-1 7.29905E-1 8.05221E-1 8.81109E-1 8.51112E-1 8.47424E-1 8.62549E-1 8.64258E-1 8.74091E-1 8.88493E-1 7.87688E-1 4.40738E-1 7.66698E-2 1.92947E-1 2.9114E-1 0E0 0E0 0E0 0E0 0E0 0E0 0E0 0E0 0E0 0E0 0E0 0E0 0E0 0E0 0E0 0E0 0E0 1.39368E-2 0E0 0E0 0E0 0E0 0E0 0E0
6.55042E-1 9.33601E-1 9.30953E-1 9.27735E-1 9.6784E-1 9.15055E-1 9.06377E-1 9.20271E-1 9.19686E-1 9.85536E-1 9.87212E-1 9.81929E-1 6.19167E-1 5.20456E-1 5.11193E-1 8.99346E-1 6.61536E-1 3.00566E-1 5.85429E-1 9.90686E-1 8.38919E-1 6.11395E-1 6.32426E-1 7.53144E-1 9.70366E-1 5.60409E-1 9.21538E-1 9.75755E-1 8.86067E-1 8.39496E-1 8.15924E-1 6.51775E-1 6.05701E-1 6.40783E-1 9.00186E-1 9.004E-1 8.47088E-1 8.77139E-1 8.68869E-1 8.80676E-1 8.60217E-1 8.28324E-1 5.57256E-1 6.75496E-1 2.20856E-1 2.585E-1 4.68905E-1 4.3055E-1 1.60011E-1 3.10825E-1 0E0 0E0 0E0 0E0 0E0 0E0 0E0 0E0 0E0 0E0 0E0 0E0 4.88778E-4 0E0 0E0 0E0 0E0 0E0 0E0 0E0 0E0
9.31878E-1 9.7663E-1 9.73271E-1 9.29367E-1 9.13724E-1 9.26908E-1 9.13136E-1 9.06598E-1 9.16508E-1 9.77412E-1 8.98989E-1 8.94681E-1 5.87507E-1 6.00903E-1 5.77019E-1 5.36324E-1 5.95378E-1 5.8774E-1 2.05478E-1 2.35225E-1 5.28249E-1 8.73849E-1 5.22707E-1 6.98425E-1 9.73869E-1 9.83773E-1 6.66276E-1 6.61076E-1 6.60377E-1 2.28285E-2 6.955E-1 2.89792E-1 6.40269E-1 9.31402E-1 8.03263E-1 8.77109E-1 8.78276E-1 8.41447E-1 8.669E-1 8.68251E-1 8.05371E-1 6.67726E-1 1.99864E-1 1.06289E-1 0E0 0E0 0E0 0E0 0E0 1.78618E-1 1.04504E-1 0E0 0E0 0E0 0E0 0E0 0E0 8.40236E-2 1.51766E-1 1.47345E-1 0E0 9.22603E-3 0E0 0E0 8.42171E-4 3.9861E-3 0E0 0E0 0E0 0E0 0E0
9.33406E-1 8.89966E-1 4.71107E-1 9.70558E-1 9.65834E-1 9.22645E-1 2.9826E-1 8.98233E-1 9.81652E-1 6.81147E-1 9.83806E-1 9.78148E-1 9.6962E-1 6.41001E-1 6.26703E-1 9.88862E-1 9.65322E-1 9.69727E-1 5.89247E-1 6.71684E-1 9.21842E-1 7.92356E-1 5.93064E-1 8.06044E-1 7.06872E-1 9.65457E-1 9.85891E-1 9.07443E-1 6.84786E-1 6.71103E-1 5.82883E-1 6.87752E-1 8.79323E-1 8.9138E-1 8.60504E-1 8.64141E-1 9.39602E-1 8.97828E-1 8.99751E-1 7.04085E-1 7.65381E-2 0E0 0E0 0E0 0E0 0E0 0E0 5.10636E-4 5.25395E-3 3.60832E-1 2.28456E-1 0E0 0E0 0E0 0E0 0E0 0E0 0E0 7.87597E-3 1.01751E-2 7.62652E-3 0E0 0E0 2.19551E-3 1.3512E-1 4.4383E-2 1.27568E-2 0E0 0E0 0E0 0E0
