ENM/Final_Models/M_2_F_lq_Set_1_EC/Gustavia_santanderiensis_6_Choco_clamping.asc
ncols         367
nrows         963
xllcorner     -78.6
yllcorner     0.65
cellsize      0.00833333333333323
NODATA_value  -9999
[rows 608 to 639 of 963, columns 142 to 212 of 367]
-9999 -9999 -9999 -9999 -9999 -9999 -9999 -9999 -9999 -9999 -9999 -9999 -9999 -9999 -9999 -9999 -9999 -9999 -9999 -9999 -9999 -9999 -9999 -9999 -9999 0E0 -9999 0E0 0E0 3.42024E-1 3.95726E-1 3.22577E-1 3.33877E-1 2.08139E-1 2.02211E-1 2.765E-1 2.92528E-1 3.17528E-1 3.49318E-1 2.92533E-1 2.23577E-1 2.69508E-1 9.6452E-2 6.27516E-2 3.89613E-2 0E0 3.33715E-2 0E0 1.13629E-2 0E0 1.30343E-2 0E0 7.63022E-2 6.10995E-2 2.38928E-2 0E0 0E0 6.39021E-3 6.30598E-2 8.94696E-2 8.64074E-3 0E0 0E0 0E0 0E0 0E0 0E0 0E0 0E0 0E0 0E0
-9999 -9999 -9999 -9999 -9999 -9999 -9999 -9999 -9999 -9999 -9999 -9999 -9999 -9999 -9999 -9999 -9999 -9999 -9999 -9999 -9999 -9999 -9999 -9999 0E0 0E0 0E0 7.26964E-2 5.80967E-2 1.55434E-1 2.92715E-1 2.72758E-1 2.46886E-1 1.77047E-1 2.53702E-1 2.76865E-1 2.69334E-1 2.78353E-1 2.86533E-1 2.0398E-1 2.04931E-1 6.47282E-2 8.08485E-2 7.09942E-2 4.89927E-2 5.94052E-2 2.90263E-2 0E0 0E0 0E0 1.115E-2 5.27392E-3 6.17605E-2 0E0 0E0 6.81265E-3 0E0 0E0 0E0 0E0 0E0 0E0 0E0 0E0 0E0 0E0 0E0 0E0 0E0 0E0 0E0
-9999 -9999 -9999 -9999 -9999 -9999 -9999 -9999 -9999 -9999 -9999 -9999 -9999 -9999 -9999 -9999 -9999 -9999 -9999 -9999 -9999 -9999 -9999 0E0 0E0 0E0 3.64092E-3 5.77517E-2 1.65865E-1 2.85561E-1 3.08109E-1 2.96126E-1 3.00746E-1 2.5993E-1 2.64568E-1 2.72568E-1 2.89332E-1 6.0823E-2 1.02584E-2 7.53972E-2 5.26613E-2 0E0 0E0 0E0 0E0 0E0 0E0 0E0 0E0 5.55884E-3 1.83194E-1 1.64831E-1 4.88108E-2 6.59685E-2 0E0 0E0 0E0 0E0 0E0 0E0 0E0 0E0 0E0 0E0 0E0 0E0 0E0 0E0 0E0 0E0 0E0
-9999 -9999 -9999 -9999 -9999 -9999 -9999 -9999 -9999 -9999 -9999 -9999 -9999 -9999 -9999 -9999 -9999 -9999 -9999 -9999 -9999 -9999 -9999 0E0 6.29141E-2 1.27297E-1 1.83427E-1 3.22796E-1 3.38097E-1 3.42981E-1 2.86676E-1 3.33085E-1 3.48537E-1 3.40168E-1 2.96013E-1 1.65167E-1 7.2403E-2 1.7189E-1 1.24887E-1 1.105E-2 0E0 0E0 0E0 0E0 0E0 0E0 0E0 0E0 0E0 1.56223E-2 1.32136E-1 9.16404E-2 1.83431E-1 1.52105E-1 2.05371E-2 0E0 0E0 0E0 0E0 0E0 0E0 0E0 0E0 0E0 0E0 0E0 0E0 0E0 0E0 0E0 0E0
-9999 -9999 -9999 -9999 -9999 -9999 -9999 -9999 -9999 -9999 -9999 -9999 -9999 -9999 -9999 -9999 -9999 -9999 -9999 -9999 -9999 -9999 -9999 1.88981E-1 3.73799E-1 3.57643E-1 3.73962E-1 3.48319E-1 1.63006E-1 3.04415E-1 3.41151E-1 3.7699E-1 3.8249E-1 3.57659E-1 2.59838E-1 3.24691E-1 1.05682E-1 3.4678E-2 9.46686E-2 1.77953E-2 0E0 0E0 0E0 0E0 0E0 0E0 0E0 0E0 0E0 9.98383E-3 1.61643E-2 1.44026E-1 1.59572E-1 8.19285E-2 2.09885E-2 0E0 0E0 0E0 0E0 0E0 0E0 0E0 0E0 2.24212E-3 0E0 1.30814E-2 0E0 0E0 0E0 0E0 0E0
-9999 -9999 -9999 -9999 -9999 -9999 -9999 -9999 -9999 -9999 -9999 -9999 -9999 -9999 -9999 -9999 -9999 -9999 -9999 -9999 -9999 -9999 -9999 3.05646E-1 3.35444E-1 3.36953E-1 3.6792E-1 3.27464E-1 3.40364E-1 2.69996E-1 3.77207E-1 3.05229E-1 2.62109E-1 3.27267E-1 3.03284E-1 2.02056E-1 2.15186E-1 7.88574E-2 4.49844E-2 7.57504E-2 1.70042E-2 0E0 0E0 0E0 0E0 0E0 0E0 0E0 0E0 9.82747E-3 0E0 9.6607E-2 6.97152E-2 5.03085E-2 3.29214E-2 0E0 0E0 0E0 0E0 0E0 0E0 0E0 0E0 0E0 0E0 2.98793E-2 0E0 0E0 0E0 0E0 0E0
-9999 -9999 -9999 -9999 -9999 -9999 -9999 -9999 -9999 -9999 -9999 -9999 -9999 -9999 -9999 -9999 -9999 -9999 -9999 -9999 -9999 -9999 -9999 -9999 3.19574E-1 2.85408E-1 2.86352E-1 3.30909E-1 3.15756E-1 1.37277E-1 3.58386E-1 3.35215E-1 3.36874E-1 3.13544E-1 3.52488E-1 1.16022E-1 6.21005E-2 4.1052E-2 6.98337E-2 8.19373E-2 1.25068E-2 0E0 0E0 0E0 0E0 0E0 0E0 0E0 0E0 0E0 0E0 8.92487E-2 6.40338E-2 5.1795E-2 1.04773E-1 4.97104E-2 0E0 0E0 0E0 0E0 0E0 0E0 0E0 0E0 0E0 0E0 0E0 0E0 0E0 0E0 0E0
-9999 -9999 -9999 -9999 -9999 -9999 -9999 -9999 -9999 -9999 -9999 -9999 -9999 -9999 -9999 -9999 -9999 -9999 -9999 -9999 -9999 -9999 -9999 -9999 -9999 -9999 3.1065E-1 2.89557E-1 2.75792E-1 3.03431E-1 3.69919E-1 3.56223E-1 3.13882E-1 2.97604E-1 3.04959E-1 1.08428E-1 9.8808E-2 5.85653E-2 5.9732E-2 5.02501E-2 3.31108E-3 0E0 0E0 0E0 0E0 0E0 0E0 0E0 0E0 1.38341E-1 8.40137E-2 1.2005E-1 8.3784E-2 9.97026E-3 6.07886E-2 2.83877E-2 5.45444E-3 0E0 0E0 0E0 0E0 0E0 0E0 0E0 0E0 0E0 0E0 0E0 0E0 0E0 0E0
-9999 -9999 -9999 -9999 -9999 -9999 -9999 -9999 -9999 -9999 -9999 -9999 -9999 -9999 -9999 -9999 -9999 -9999 -9999 -9999 -9999 -9999 -9999 -9999 -9999 -9999 3.33186E-1 3.03334E-1 2.94248E-1 3.03227E-1 2.62284E-1 2.60434E-1 1.46446E-1 1.51878E-1 2.94236E-1 1.55093E-1 5.28391E-2 1.03728E-1 8.71769E-2 7.84617E-2 3.38706E-3 0E0 0E0 0E0 0E0 0E0 0E0 0E0 5.73158E-2 7.14998E-2 8.68083E-2 1.63477E-1 9.07538E-2 0E0 3.75601E-2 4.70869E-2 0E0 0E0 0E0 0E0 0E0 0E0 0E0 0E0 0E0 0E0 0E0 0E0 0E0 0E0 0E0
-9999 -9999 -9999 -9999 -9999 -9999 -9999 -9999 -9999 -9999 -9999 -9999 -9999 -9999 -9999 -9999 -9999 -9999 -9999 -9999 -9999 -9999 -9999 -9999 -9999 -9999 2.78E-1 3.10413E-1 3.57706E-1 3.56634E-1 2.74006E-1 2.18451E-1 2.41934E-1 2.70611E-1 2.52725E-1 1.14351E-1 6.93438E-2 2.62629E-1 6.42785E-2 5.55777E-2 0E0 0E0 1.41142E-2 3.44071E-3 3.99928E-2 3.51908E-3 0E0 5.97555E-2 0E0 0E0 1.26655E-1 0E0 0E0 0E0 4.67782E-3 0E0 3.90328E-2 0E0 0E0 0E0 0E0 0E0 0E0 0E0 0E0 0E0 0E0 0E0 0E0 0E0 0E0
-9999 -9999 -9999 -9999 -9999 -9999 -9999 -9999 -9999 -9999 -9999 -9999 -9999 -9999 -9999 -9999 -9999 -9999 -9999 -9999 -9999 -9999 -9999 -9999 -9999 -9999 2.71001E-1 2.91894E-1 2.30373E-1 3.92396E-1 2.92437E-1 1.88769E-1 2.16046E-1 1.30723E-1 1.27367E-1 4.26449E-2 1.23194E-1 2.36781E-1 1.90357E-1 1.68817E-1 4.27907E-3 3.7669E-2 0E0 4.41405E-2 1.57478E-1 1.13959E-1 4.7198E-2 0E0 0E0 0E0 1.32935E-1 0E0 0E0 0E0 0E0 0E0 0E0 0E0 0E0 0E0 0E0 0E0 0E0 0E0 0E0 0E0 0E0 0E0 0E0 0E0 0E0
-9999 -9999 -9999 -9999 -9999 -9999 -9999 -9999 -9999 -9999 -9999 -9999 -9999 -9999 -9999 -9999 -9999 -9999 -9999 -9999 -9999 -9999 -9999 -9999 -9999 -9999 3.08386E-1 3.53497E-1 2.2903E-1 2.73608E-1 1.67035E-1 1.37039E-1 7.14599E-2 6.89004E-2 1.00423E-1 5.53805E-2 1.09832E-1 7.38902E-2 1.09852E-2 0E0 0E0 0E0 5.69563E-2 6.77143E-2 2.1102E-1 1.52669E-1 0E0 0E0 0E0 0E0 8.55667E-2 0E0 0E0 0E0 7.14409E-3 0E0 0E0 0E0 0E0 0E0 0E0 0E0 0E0 0E0 0E0 0E0 0E0 0E0 0E0 0E0 0E0
-9999 -9999 -9999 -9999 -9999 -9999 -9999 -9999 -9999 -9999 -9999 -9999 -9999 -9999 -9999 -9999 -9999 -9999 -9999 -9999 -9999 -9999 -9999 -9999 -9999 2.0661E-1 2.00589E-1 1.58212E-1 1.58555E-1 1.79482E-1 1.68107E-1 1.19749E-1 8.03294E-2 8.5672E-2 1.1854E-1 5.9943E-2 1.88085E-1 2.40261E-2 3.14943E-2 1.17381E-2 0E0 2.17188E-2 5.73675E-3 0E0 1.36547E-1 1.09711E-1 5.08059E-2 0E0 0E0 0E0 0E0 0E0 4.51518E-2 0E0 0E0 0E0 0E0 0E0 0E0 0E0 0E0 0E0 0E0 0E0 0E0 0E0 0E0 0E0 0E0 0E0 0E0
-9999 -9999 -9999 -9999 -9999 -9999 -9999 -9999 -9999 -9999 -9999 -9999 -9999 -9999 -9999 -9999 -9999 -9999 -9999 -9999 -9999 -9999 -9999 -9999 4.18535E-1 3.83317E-1 3.11709E-1 3.55038E-1 3.4E-1 1.9725E-1 1.03064E-1 1.25667E-1 1.15049E-1 1.18237E-1 9.91792E-2 5.35171E-2 1.29093E-1 4.93458E-2 0E0 0E0 0E0 2.57485E-2 3.18846E-2 2.07944E-2 1.74702E-1 4.88958E-2 0E0 0E0 0E0 0E0 0E0 0E0 5.17667E-2 0E0 0E0 0E0 0E0 0E0 0E0 0E0 0E0 0E0 0E0 0E0 0E0 0E0 0E0 0E0 0E0 0E0 0E0
-9999 -9999 -9999 -9999 -9999 -9999 -9999 -9999 -9999 -9999 -9999 -9999 -9999 -9999 -9999 -9999 -9999 -9999 -9999 -9999 -9999 -9999 -9999 -9999 2.33532E-1 2.24843E-1 1.80385E-1 3.0047E-1 2.08312E-1 1.47241E-1 1.41177E-1 1.38001E-1 1.21067E-1 9.84038E-2 6.53053E-2 4.69032E-2 6.21949E-2 0E0 0E0 0E0 0E0 0E0 5.1009E-3 2.76443E-2 5.64107E-2 0E0 0E0 0E0 0E0 0E0 0E0 0E0 0E0 3.42089E-2 6.03358E-2 4.09125E-3 0E0 0E0 0E0 0E0 0E0 0E0 0E0 0E0 0E0 0E0 0E0 0E0 0E0 0E0 0E0
-9999 -9999 -9999 -9999 -9999 -9999 -9999 -9999 -9999 -9999 -9999 -9999 -9999 -9999 -9999 -9999 -9999 -9999 -9999 -9999 -9999 -9999 -9999 3.5576E-1 3.51198E-1 2.47111E-1 4.33083E-1 4.08768E-1 1.68716E-1 1.21839E-1 7.75151E-2 2.4179E-1 0E0 0E0 9.47868E-2 4.93562E-2 2.02321E-1 2.10795E-1 0E0 0E0 0E0 0E0 1.23873E-1 1.45083E-1 8.04336E-2 1.02271E-1 9.48322E-2 7.92038E-2 0E0 0E0 0E0 0E0 0E0 0E0 0E0 2.30363E-2 0E0 1.0436E-2 0E0 0E0 0E0 0E0 0E0 0E0 0E0 0E0 0E0 0E0 0E0 0E0 0E0
-9999 -9999 -9999 -9999 -9999 -9999 -9999 -9999 -9999 -9999 -9999 -9999 -9999 -9999 -9999 -9999 -9999 -9999 -9999 -9999 -9999 -9999 4.16418E-1 4.03099E-1 3.62042E-1 3.84178E-1 4.6481E-1 2.22076E-1 4.92397E-1 9.68198E-2 3.03706E-1 3.02328E-1 0E0 0E0 0E0 0E0 8.33498E-2 4.38378E-2 0E0 0E0 0E0 0E0 0E0 0E0 0E0 0E0 1.25653E-1 1.1629E-1 1.76165E-1 4.3434E-2 0E0 0E0 5.46243E-2 5.79205E-2 0E0 0E0 0E0 0E0 0E0 0E0 0E0 0E0 0E0 0E0 0E0 0E0 0E0 0E0 0E0 0E0 0E0
-9999 -9999 -9999 -9999 -9999 -9999 -9999 -9999 -9999 -9999 -9999 -9999 -9999 -9999 -9999 -9999 -9999 -9999 -9999 -9999 -9999 -9999 4.6611E-1 3.49289E-1 4.3361E-1 4.05659E-1 2.66732E-1 2.02216E-1 4.52877E-1 1.75546E-1 0E0 3.10882E-1 2.51021E-1 0E0 0E0 0E0 0E0 0E0 0E0 0E0 0E0 0E0 0E0 0E0 0E0 0E0 1.65286E-2 2.14242E-1 1.31948E-2 0E0 0E0 6.11165E-2 6.97649E-2 4.58185E-2 0E0 0E0 0E0 0E0 0E0 0E0 0E0 0E0 0E0 0E0 0E0 0E0 0E0 0E0 0E0 0E0 0E0
-9999 -9999 -9999 -9999 -9999 -9999 -9999 -9999 -9999 -9999 -9999 -9999 -9999 -9999 -9999 -9999 -9999 -9999 -9999 -9999 -9999 4.95686E-1 4.00644E-1 4.61916E-1 3.79206E-1 4.23987E-1 4.36226E-1 4.33382E-1 4.92521E-1 2.29932E-1 1.83066E-1 4.74293E-1 1.34808E-1 0E0 0E0 0E0 0E0 0E0 0E0 0E0 0E0 0E0 0E0 0E0 3.24947E-2 3.90257E-3 2.46004E-2 2.17036E-2 4.79141E-2 0E0 0E0 0E0 0E0 9.74875E-3 0E0 0E0 0E0 0E0 0E0 0E0 0E0 0E0 0E0 0E0 0E0 0E0 0E0 0E0 0E0 0E0 0E0
-9999 -9999 -9999 -9999 -9999 -9999 -9999 -9999 -9999 -9999 -9999 -9999 -9999 -9999 -9999 -9999 -9999 -9999 -9999 -9999 -9999 4.91405E-1 4.38188E-1 4.32196E-1 4.15168E-1 3.87191E-1 3.59139E-1 3.83215E-1 4.29135E-1 3.71948E-1 0E0 1.75253E-1 0E0 0E0 0E0 0E0 0E0 0E0 0E0 0E0 0E0 0E0 0E0 0E0 1.6791E-1 2.07612E-1 3.06706E-1 2.66349E-1 0E0 0E0 0E0 0E0 0E0 0E0 0E0 0E0 0E0 0E0 0E0 0E0 0E0 0E0 0E0 0E0 0E0 0E0 0E0 0E0 0E0 0E0 0E0
-9999 -9999 -9999 -9999 -9999 -9999 -9999 -9999 -9999 -9999 -9999 -9999 -9999 -9999 -9999 -9999 -9999 -9999 -9999 -9999 4.90136E-1 4.62215E-1 4.3545E-1 4.14444E-1 3.72847E-1 3.99098E-1 3.95127E-1 4.33735E-1 4.64172E-1 1.76983E-1 1.12552E-2 0E0 0E0 0E0 0E0 0E0 0E0 0E0 0E0 0E0 0E0 0E0 0E0 0E0 3.3293E-3 5.84336E-2 5.36095E-2 2.01983E-1 0E0 0E0 0E0 0E0 0E0 0E0 0E0 0E0 0E0 0E0 0E0 0E0 0E0 0E0 0E0 0E0 0E0 0E0 0E0 0E0 0E0 0E0 0E0
-9999 -9999 -9999 -9999 -9999 -9999 -9999 -9999 -9999 -9999 -9999 -9999 -9999 -9999 -9999 -9999 -9999 -9999 -9999 4.30608E-1 4.78325E-1 4.78656E-1 4.97028E-1 3.71112E-1 4.20302E-1 2.50939E-1 3.85055E-1 4.00594E-1 4.98334E-1 2.43712E-1 0E0 0E0 0E0 0E0 0E0 0E0 0E0 0E0 0E0 0E0 0E0 0E0 4.11547E-2 0E0 4.68435E-2 2.07522E-1 2.4919E-1 1.23709E-1 7.88187E-3 0E0 5.82397E-3 0E0 0E0 0E0 0E0 0E0 0E0 0E0 0E0 0E0 0E0 0E0 0E0 0E0 0E0 0E0 0E0 0E0 0E0 0E0 0E0
-9999 -9999 -9999 -9999 -9999 -9999 -9999 -9999 -9999 -9999 -9999 -9999 -9999 -9999 -9999 -9999 -9999 -9999 -9999 5.08563E-1 5.2439E-1 5.0403E-1 3.73663E-1 4.01246E-1 3.80601E-1 2.23925E-1 4.11687E-1 4.09774E-1 3.82647E-1 2.73496E-1 2.70499E-1 0E0 0E0 0E0 0E0 0E0 0E0 0E0 0E0 0E0 0E0 0E0 2.88892E-3 3.38314E-2 5.29118E-2 1.39648E-1 1.97044E-1 4.22663E-2 0E0 2.74642E-2 0E0 0E0 0E0 0E0 0E0 0E0 0E0 0E0 0E0 0E0 0E0 0E0 0E0 0E0 0E0 0E0 0E0 0E0 0E0 0E0 0E0
-9999 -9999 -9999 -9999 -9999 -9999 -9999 -9999 -9999 -9999 -9999 -9999 -9999 -9999 -9999 -9999 -9999 -9999 4.3347E-1 4.41923E-1 3.78242E-1 3.54472E-1 3.91874E-1 4.21996E-1 4.27153E-1 2.98141E-1 4.60757E-1 4.28734E-1 3.98055E-1 4.08877E-1 3.64053E-1 1.35009E-1 0E0 0E0 0E0 0E0 0E0 0E0 0E0 0E0 0E0 0E0 7.36924E-2 1.73949E-1 2.31738E-2 4.12213E-2 9.34461E-2 7.59859E-2 8.5445E-2 3.25193E-2 8.50953E-3 0E0 0E0 0E0 0E0 0E0 0E0 0E0 0E0 0E0 0E0 0E0 0E0 0E0 0E0 0E0 0E0 0E0 0E0 0E0 0E0
-9999 -9999 -9999 -9999 -9999 -9999 -9999 -9999 -9999 -9999 -9999 -9999 -9999 -9999 -9999 -9999 -9999 -9999 5.39944E-1 4.72659E-1 4.92391E-1 4.75217E-1 4.52995E-1 2.86605E-1 3.00623E-1 4.15152E-1 4.51412E-1 4.50341E-1 4.18343E-1 3.08971E-1 4.23085E-1 1.09388E-1 0E0 0E0 0E0 0E0 0E0 0E0 0E0 0E0 0E0 0E0 2.38143E-1 8.86586E-2 4.17602E-2 4.16223E-2 2.93419E-2 0E0 0E0 8.89863E-2 2.45131E-2 3.70132E-2 0E0 0E0 0E0 0E0 0E0 0E0 0E0 0E0 0E0 0E0 0E0 0E0 0E0 0E0 0E0 0E0 0E0 0E0 0E0
-9999 -9999 -9999 -9999 -9999 -9999 -9999 -9999 -9999 -9999 -9999 -9999 -9999 -9999 -9999 -9999 -9999 4.31955E-1 5.11185E-1 4.95403E-1 5.05838E-1 4.91783E-1 4.79068E-1 2.73044E-1 3.1351E-1 4.38522E-1 4.04068E-1 2.69873E-1 4.55369E-1 4.22347E-1 4.07638E-1 2.81537E-1 0E0 0E0 0E0 0E0 0E0 0E0 0E0 0E0 0E0 0E0 1.08077E-1 1.01933E-1 2.94895E-1 0E0 0E0 0E0 0E0 0E0 2.71561E-2 1.46302E-2 0E0 0E0 0E0 0E0 0E0 0E0 0E0 0E0 0E0 0E0 0E0 0E0 0E0 0E0 0E0 0E0 0E0 0E0 0E0
-9999 -9999 -9999 -9999 -9999 -9999 -9999 -9999 -9999 -9999 -9999 -9999 -9999 -9999 -9999 -9999 -9999 4.40797E-1 5.22564E-1 4.53786E-1 4.95596E-1 4.95394E-1 3.46226E-1 3.24028E-1 3.25959E-1 3.07489E-1 2.72703E-1 2.74839E-1 3.94283E-1 4.08262E-1 4.69264E-1 3.6261E-1 0E0 0E0 0E0 0E0 0E0 0E0 0E0 0E0 0E0 0E0 5.88612E-2 7.84846E-2 3.09142E-2 5.01685E-2 0E0 0E0 0E0 0E0 4.77976E-2 0E0 0E0 0E0 0E0 0E0 0E0 0E0 0E0 0E0 0E0 0E0 0E0 0E0 0E0 0E0 0E0 0E0 0E0 0E0 0E0
-9999 -9999 -9999 -9999 -9999 -9999 -9999 -9999 -9999 -9999 -9999 -9999 -9999 -9999 -9999 -9999 -9999 4.61641E-1 5.18448E-1 4.708E-1 4.98723E-1 4.82013E-1 5.15011E-1 3.03966E-1 5.65454E-1 5.47078E-1 2.78769E-1 3.08807E-1 2.3444E-1 2.23217E-1 2.61089E-1 1.01438E-1 0E0 0E0 0E0 0E0 0E0 0E0 0E0 0E0 0E0 2.0323E-1 1.14824E-1 1.65406E-1 5.2743E-2 0E0 6.442E-2 1.80475E-2 2.17505E-2 4.83748E-2 2.81079E-3 0E0 0E0 0E0 0E0 0E0 0E0 0E0 0E0 0E0 0E0 0E0 0E0 0E0 0E0 0E0 0E0 0E0 0E0 0E0 0E0
-9999 -9999 -9999 -9999 -9999 -9999 -9999 -9999 -9999 -9999 -9999 -9999 -9999 -9999 -9999 -9999 4.45756E-1 5.45064E-1 5.2137E-1 5.28642E-1 4.53767E-1 3.78464E-1 3.85121E-1 3.32167E-1 4.54453E-1 6.16235E-1 3.1696E-1 3.05856E-1 2.41547E-1 2.85711E-1 1.97272E-1 9.60079E-2 0E0 0E0 0E0 0E0 0E0 0E0 0E0 0E0 0E0 0E0 6.08963E-2 1.04426E-1 3.97984E-2 1.59526E-2 0E0 0E0 0E0 1.78386E-2 0E0 0E0 0E0 0E0 0E0 0E0 0E0 0E0 0E0 0E0 0E0 0E0 0E0 0E0 0E0 0E0 0E0 0E0 0E0 0E0 0E0
-9999 -9999 -9999 -9999 -9999 -9999 -9999 -9999 -9999 -9999 -9999 -9999 -9999 -9999 -9999 4.66077E-1 5.4772E-1 5.25661E-1 5.00054E-1 5.28023E-1 4.35667E-1 4.82884E-1 4.56214E-1 3.21913E-1 5.38671E-1 3.00149E-1 3.02007E-1 5.7164E-1 4.48674E-1 3.95417E-1 3.44166E-1 6.30868E-3 0E0 0E0 0E0 0E0 0E0 0E0 0E0 0E0 0E0 0E0 0E0 0E0 0E0 0E0 0E0 0E0 0E0 1.03889E-2 1.51132E-2 0E0 0E0 0E0 0E0 0E0 0E0 0E0 0E0 0E0 0E0 0E0 0E0 0E0 0E0 0E0 0E0 0E0 0E0 0E0 0E0
-9999 -9999 -9999 -9999 -9999 -9999 -9999 -9999 -9999 -9999 -9999 -9999 -9999 -9999 -9999 5.38687E-1 5.29235E-1 5.50058E-1 4.76315E-1 5.19151E-1 4.61752E-1 4.1904E-1 4.14792E-1 4.98446E-1 4.18885E-1 3.429E-1 4.34888E-1 7.69653E-2 0E0 0E0 0E0 0E0 0E0 0E0 0E0 0E0 0E0 0E0 0E0 0E0 0E0 0E0 9.27881E-2 0E0 3.72198E-2 0E0 0E0 0E0 0E0 0E0 0E0 0E0 0E0 0E0 0E0 0E0 0E0 0E0 0E0 0E0 0E0 0E0 0E0 0E0 0E0 0E0 0E0 0E0 0E0 0E0 0E0
-9999 -9999 -9999 -9999 -9999 -9999 -9999 -9999 -9999 -9999 -9999 -9999 -9999 -9999 5.55675E-1 5.60796E-1 5.36457E-1 5.38074E-1 5.37732E-1 3.72049E-1 5.31168E-1 4.24679E-1 4.01289E-1 3.28436E-1 3.18272E-1 3.51111E-1 4.34891E-1 8.55389E-2 9.24233E-2 0E0 0E0 0E0 0E0 0E0 0E0 0E0 0E0 0E0 0E0 0E0 0E0 0E0 2.7562E-2 1.42481E-1 0E0 0E0 0E0 0E0 0E0 0E0 0E0 0E0 0E0 0E0 0E0 0E0 0E0 0E0 0E0 0E0 0E0 0E0 0E0 0E0 0E0 0E0 0E0 0E0 0E0 0E0 0E0
