ENM/Final_Models/M_2_F_lq_Set_1_EC/Gustavia_santanderiensis_5_Choco.asc
ncols         367
nrows         963
xllcorner     -78.6
yllcorner     0.65
cellsize      0.00833333333333323
NODATA_value  -9999
[rows 891 to 923 of 963, columns 0 to 73 of 367]
-9999 -9999 -9999 -9999 -9999 -9999 -9999 -9999 -9999 -9999 -9999 -9999 -9999 -9999 -9999 -9999 -9999 -9999 -9999 -9999 -9999 -9999 -9999 8.13252E-1 8.85452E-1 9.58101E-1 9.61081E-1 9.40994E-1 9.43932E-1 9.07107E-1 9.44718E-1 9.61944E-1 9.62216E-1 8.55243E-1 9.8749E-1 9.85196E-1 9.94004E-1 9.59523E-1 8.99706E-1 8.35703E-1 9.95247E-1 9.81434E-1 8.53512E-1 8.79565E-1 6.20247E-1 5.4488E-1 5.02247E-1 3.73238E-1 3.59702E-1 2.58455E-1 1.57561E-1 1.46431E-1 1.24245E-1 4.50336E-2 5.07563E-3 1.80258E-4 2.03084E-3 3.97073E-2 2.24499E-1 4.29947E-1 2.89468E-1 6.58854E-2 6.09559E-3 2.65596E-3 2.04507E-3 1.66039E-3 5.14087E-3 3.24415E-3 2.36164E-3 1.04424E-2 3.70713E-3 8.38206E-4 8.48662E-4 7.36836E-4
-9999 -9999 -9999 -9999 -9999 -9999 -9999 -9999 -9999 -9999 -9999 -9999 -9999 -9999 -9999 -9999 -9999 -9999 -9999 -9999 -9999 -9999 -9999 8.91791E-1 8.43602E-1 8.18987E-1 9.07714E-1 7.90237E-1 8.86116E-1 9.38055E-1 9.2341E-1 8.9205E-1 9.8322E-1 9.7741E-1 9.74553E-1 9.6835E-1 9.76794E-1 9.84015E-1 9.89005E-1 9.92317E-1 9.83985E-1 9.84037E-1 9.52899E-1 6.98658E-1 7.65703E-1 5.84036E-1 7.73499E-1 5.01654E-1 3.4177E-1 2.34434E-1 1.82056E-1 1.33432E-1 5.97912E-2 1.82276E-2 2.83166E-3 3.65925E-4 1.86774E-3 2.13358E-2 2.12833E-1 2.87014E-1 3.44532E-1 1.07009E-1 7.64175E-3 2.97039E-3 6.42843E-3 6.64404E-2 4.41255E-2 2.35297E-2 7.00218E-2 4.27612E-2 8.39382E-3 7.58837E-4 1.16173E-4 2.91743E-4
-9999 -9999 -9999 -9999 -9999 -9999 -9999 -9999 -9999 -9999 -9999 -9999 -9999 -9999 -9999 -9999 -9999 -9999 -9999 -9999 -9999 -9999 -9999 -9999 -9999 7.84886E-1 8.16985E-1 8.36549E-1 7.71214E-1 9.3495E-1 8.857E-1 7.89547E-1 9.13617E-1 9.55836E-1 9.41901E-1 9.04817E-1 8.53022E-1 7.51104E-1 7.93712E-1 9.81623E-1 8.64058E-1 9.45834E-1 9.87694E-1 9.34593E-1 9.30738E-1 8.01435E-1 7.84376E-1 6.19738E-1 4.01892E-1 3.08046E-1 2.36096E-1 1.765E-1 9.84338E-2 2.61771E-2 5.64176E-3 9.79694E-4 6.13791E-3 3.35834E-2 1.69915E-1 2.06836E-1 3.442E-1 1.89963E-1 2.17535E-2 1.06409E-2 4.49982E-2 1.43675E-1 9.4963E-2 6.10241E-2 1.02478E-1 8.39348E-2 6.77321E-2 8.22916E-3 3.35828E-3 1.40513E-3
-9999 -9999 -9999 -9999 -9999 -9999 -9999 -9999 -9999 -9999 -9999 -9999 -9999 -9999 -9999 -9999 -9999 -9999 -9999 -9999 -9999 8.40897E-1 8.56757E-1 -9999 -9999 7.28258E-1 6.6103E-1 7.09573E-1 7.35872E-1 7.52057E-1 8.30942E-1 7.40023E-1 8.34292E-1 8.93239E-1 8.94785E-1 7.06931E-1 6.24225E-1 6.15946E-1 6.32067E-1 8.15461E-1 6.46339E-1 7.44788E-1 9.15859E-1 9.83513E-1 9.09071E-1 8.21891E-1 7.34391E-1 3.12777E-1 4.0455E-1 3.47466E-1 2.51932E-1 1.8859E-1 8.68708E-2 1.72902E-2 5.02457E-3 1.21573E-3 9.37303E-3 7.11209E-2 1.61187E-1 2.73046E-1 2.48278E-1 2.60826E-1 7.50767E-2 1.64722E-1 1.76947E-1 1.98129E-1 1.43045E-1 1.13491E-1 5.00463E-2 1.33954E-2 6.43181E-2 4.75947E-2 2.71539E-2 4.49574E-3
-9999 -9999 -9999 -9999 -9999 -9999 -9999 -9999 -9999 -9999 -9999 -9999 -9999 -9999 -9999 -9999 -9999 -9999 -9999 -9999 -9999 6.88576E-1 6.63425E-1 7.13876E-1 7.19727E-1 6.56986E-1 5.97683E-1 5.33323E-1 6.38258E-1 6.13057E-1 6.13083E-1 6.12698E-1 6.78587E-1 8.22079E-1 8.93632E-1 7.37151E-1 5.96222E-1 4.24942E-1 4.39249E-1 5.35672E-1 3.32337E-1 4.68028E-1 6.84857E-1 9.34105E-1 7.90427E-1 4.48672E-1 3.78855E-1 2.84521E-1 3.44881E-1 3.05481E-1 2.35181E-1 1.88486E-1 6.49009E-2 1.92924E-2 1.29943E-3 4.30603E-4 3.7562E-3 5.65617E-2 2.40456E-1 3.56375E-1 1.40476E-1 1.69753E-1 1.93829E-1 7.53141E-2 6.48681E-2 6.24565E-2 7.95386E-2 5.39095E-2 1.97918E-3 3.78338E-4 7.26514E-3 2.42638E-2 4.50884E-2 1.68449E-2
-9999 -9999 -9999 -9999 -9999 -9999 -9999 -9999 -9999 -9999 -9999 -9999 -9999 -9999 -9999 -9999 -9999 -9999 -9999 -9999 7.81973E-1 7.25977E-1 6.59309E-1 5.16167E-1 5.33791E-1 5.47624E-1 4.94595E-1 4.4812E-1 4.69621E-1 4.61629E-1 4.65102E-1 4.89311E-1 4.91156E-1 5.77816E-1 7.45841E-1 7.52201E-1 6.00536E-1 3.43295E-1 3.13229E-1 3.41083E-1 3.37915E-1 8.0305E-1 8.05178E-1 6.38306E-1 4.44441E-1 3.79555E-1 2.67644E-1 1.81756E-1 1.99808E-1 2.09425E-1 1.66084E-1 9.07973E-2 4.77034E-2 1.46152E-2 3.41744E-3 3.42119E-4 2.57188E-3 7.03259E-2 1.55886E-1 2.70765E-1 7.75425E-2 3.28537E-2 8.40468E-3 1.95807E-3 4.04117E-4 1.88872E-3 3.02797E-3 2.6785E-2 2.15841E-3 1.07006E-4 1.42236E-3 1.15414E-2 1.07632E-2 1.7007E-2
-9999 -9999 -9999 -9999 -9999 -9999 -9999 -9999 -9999 -9999 -9999 -9999 -9999 -9999 -9999 -9999 -9999 -9999 -9999 -9999 8.43229E-1 7.94776E-1 6.25764E-1 5.82736E-1 4.05684E-1 4.13867E-1 3.57107E-1 3.59511E-1 3.50335E-1 3.09717E-1 4.55021E-1 4.11438E-1 6.19856E-1 6.73838E-1 7.07947E-1 6.82751E-1 6.33972E-1 4.89678E-1 3.42088E-1 2.47381E-1 2.90185E-1 7.50471E-1 9.1304E-1 8.48859E-1 5.38049E-1 3.01973E-1 1.70626E-1 6.16836E-2 5.39896E-2 9.08189E-2 1.11216E-1 6.26395E-2 3.26524E-2 8.06557E-3 8.83798E-4 1.90577E-4 2.30717E-3 6.51026E-2 6.99258E-2 2.25715E-1 2.01653E-1 5.11796E-2 5.97E-3 4.94062E-4 1.41561E-4 7.28375E-5 6.21767E-4 3.0657E-3 1.85915E-3 3.88617E-5 1.59673E-4 5.462E-3 2.73656E-3 4.19415E-3
-9999 -9999 -9999 -9999 -9999 -9999 -9999 -9999 -9999 -9999 -9999 -9999 -9999 -9999 -9999 -9999 -9999 -9999 -9999 -9999 9.47366E-1 8.55801E-1 7.35E-1 5.12348E-1 4.01741E-1 4.06776E-1 2.92626E-1 3.63012E-1 3.08309E-1 3.76601E-1 6.11841E-1 5.12757E-1 7.1573E-1 5.31661E-1 6.7414E-1 6.79311E-1 5.66531E-1 3.12842E-1 3.57796E-1 2.43014E-1 2.84323E-1 6.70219E-1 9.27314E-1 8.83267E-1 7.40188E-1 2.84381E-1 1.66424E-1 5.13208E-2 2.16699E-2 2.83141E-2 2.74134E-2 2.89125E-2 1.87476E-2 3.16131E-3 6.16935E-4 1.084E-4 6.10224E-4 7.63892E-3 3.85357E-2 1.06914E-1 2.54511E-1 6.22254E-2 9.01882E-3 5.28205E-4 2.20916E-4 1.78053E-5 3.84783E-5 3.88844E-4 1.00949E-3 2.89101E-5 1.12124E-4 9.10439E-4 3.88196E-4 8.27332E-4
-9999 -9999 -9999 -9999 -9999 -9999 -9999 -9999 -9999 -9999 -9999 -9999 -9999 -9999 -9999 -9999 -9999 -9999 -9999 -9999 -9999 8.56704E-1 8.44182E-1 7.28466E-1 4.71934E-1 2.98582E-1 4.23589E-1 6.39019E-1 6.27228E-1 7.07708E-1 6.67408E-1 6.69161E-1 6.57465E-1 5.33999E-1 4.54897E-1 6.39329E-1 5.69102E-1 3.8033E-1 3.28485E-1 3.01817E-1 4.82157E-1 7.02969E-1 9.02311E-1 8.64611E-1 6.45908E-1 2.59337E-1 2.0232E-1 1.10532E-1 3.49763E-2 1.42565E-2 1.26872E-2 1.03804E-2 4.12928E-3 1.51733E-3 3.13747E-4 8.75841E-5 2.59538E-4 1.35818E-3 5.50619E-3 2.64243E-2 1.78859E-1 1.43345E-1 3.50477E-2 1.59201E-3 3.98925E-4 6.73293E-5 3.07752E-5 2.1342E-4 3.8366E-4 5.04346E-5 1.27227E-5 8.86406E-5 4.26012E-5 5.72923E-5
-9999 -9999 -9999 -9999 -9999 -9999 -9999 -9999 -9999 -9999 -9999 -9999 -9999 -9999 -9999 -9999 -9999 -9999 -9999 -9999 -9999 8.13153E-1 8.02608E-1 7.45463E-1 4.74526E-1 4.23112E-1 7.87033E-1 6.87788E-1 6.67495E-1 4.87049E-1 3.15147E-1 3.45351E-1 5.43557E-1 4.54563E-1 4.02227E-1 6.14369E-1 8.03546E-1 5.1094E-1 2.51282E-1 4.20543E-1 5.83124E-1 7.31333E-1 8.59005E-1 7.74021E-1 5.6687E-1 2.98141E-1 2.53328E-1 2.00719E-1 1.09022E-1 3.42854E-2 4.56305E-3 1.41384E-3 1.1906E-3 4.65794E-4 9.29817E-5 5.40619E-5 5.81719E-5 2.52009E-4 1.57054E-3 1.90417E-2 9.61012E-2 1.3109E-1 4.37959E-2 1.00052E-3 6.58289E-4 9.54447E-5 6.69563E-6 1.52402E-4 1.10034E-4 8.94917E-5 1.58381E-4 1.56941E-4 3.13132E-5 2.82138E-5
-9999 -9999 -9999 -9999 -9999 -9999 -9999 -9999 -9999 -9999 -9999 -9999 -9999 -9999 -9999 -9999 -9999 -9999 -9999 -9999 8.54812E-1 7.17399E-1 6.64637E-1 6.86597E-1 6.71126E-1 7.90105E-1 8.45558E-1 6.61887E-1 5.47245E-1 3.64966E-1 3.27332E-1 2.36611E-1 2.53911E-1 2.95574E-1 3.80135E-1 5.12764E-1 6.9872E-1 4.96224E-1 2.55795E-1 2.94953E-1 5.22684E-1 8.04943E-1 7.38346E-1 6.28956E-1 2.05121E-1 2.26625E-1 1.6972E-1 1.93483E-1 1.1519E-1 6.73766E-3 1.55563E-3 2.44751E-4 7.70852E-5 3.55301E-5 1.14354E-5 5.05477E-6 1.68454E-5 1.01626E-4 2.88694E-4 6.07227E-3 1.29116E-2 7.14166E-2 4.99937E-2 8.77112E-4 2.90104E-3 2.72933E-4 4.49452E-5 7.9259E-5 3.84936E-4 8.53192E-4 4.48867E-4 2.02193E-4 2.28609E-5 1.79979E-5
-9999 -9999 -9999 -9999 -9999 -9999 -9999 -9999 -9999 -9999 -9999 -9999 -9999 -9999 -9999 -9999 -9999 -9999 -9999 -9999 8.01063E-1 7.66526E-1 6.22744E-1 6.82283E-1 8.37789E-1 8.20551E-1 7.63811E-1 7.27767E-1 6.89336E-1 6.25112E-1 6.38655E-1 4.86534E-1 3.84828E-1 2.90841E-1 2.73691E-1 5.52624E-1 7.26038E-1 4.46925E-1 2.78056E-1 4.11196E-1 6.36445E-1 8.26504E-1 7.18077E-1 3.84485E-1 1.90052E-1 1.72035E-1 9.55071E-2 4.84319E-2 2.48226E-2 5.3856E-3 6.48549E-4 1.42085E-4 1.95565E-5 1.06805E-5 5.02716E-6 2.23665E-6 2.98847E-6 1.23952E-5 2.65158E-4 4.53885E-4 2.62495E-3 5.43696E-2 5.25974E-2 3.77295E-2 5.00763E-3 3.0333E-3 1.19473E-3 7.46852E-4 1.85267E-3 2.5745E-3 4.61298E-4 2.19575E-4 1.00737E-4 1.17079E-4
-9999 -9999 -9999 -9999 -9999 -9999 -9999 -9999 -9999 -9999 -9999 -9999 -9999 -9999 -9999 -9999 -9999 -9999 -9999 -9999 7.01615E-1 7.0718E-1 7.41854E-1 6.19564E-1 6.1819E-1 4.61743E-1 4.49111E-1 5.35933E-1 4.4538E-1 3.86317E-1 4.58648E-1 4.63301E-1 2.86355E-1 2.2987E-1 2.50048E-1 3.73484E-1 6.67763E-1 5.77478E-1 2.75379E-1 4.57694E-1 7.08483E-1 7.04515E-1 8.46161E-1 4.90076E-1 1.70903E-1 9.217E-2 5.46657E-2 1.65428E-2 1.75627E-2 9.6907E-3 1.40385E-3 8.59795E-4 7.45287E-5 1.06758E-5 1.73141E-6 1.57569E-6 1.52445E-6 7.66074E-6 2.30203E-4 7.84348E-4 4.99871E-3 2.56155E-2 6.14711E-2 2.59175E-2 2.21313E-2 1.85909E-2 2.56233E-3 2.71305E-3 5.53987E-3 1.14482E-3 6.4283E-4 2.5818E-4 1.91002E-4 8.75217E-5
-9999 -9999 -9999 -9999 -9999 -9999 -9999 -9999 -9999 -9999 -9999 -9999 -9999 -9999 -9999 -9999 -9999 -9999 -9999 -9999 -9999 -9999 -9999 -9999 6.83493E-1 5.52426E-1 3.22904E-1 3.45271E-1 3.07099E-1 2.92459E-1 2.59527E-1 3.00818E-1 3.291E-1 2.05215E-1 1.75124E-1 3.10407E-1 6.01358E-1 5.77636E-1 2.64091E-1 3.76919E-1 3.97722E-1 5.84954E-1 5.91385E-1 6.08852E-1 2.77279E-1 1.8963E-1 8.82066E-2 2.74861E-2 3.84875E-2 3.84485E-2 8.36141E-3 2.34786E-3 5.99778E-4 1.48106E-4 3.89578E-6 7.88309E-7 9.19057E-7 7.84468E-6 1.4177E-4 1.76031E-3 1.67227E-3 7.94795E-4 1.07073E-2 6.16671E-2 8.49068E-3 5.33252E-3 1.04285E-2 4.36574E-3 5.87465E-3 1.2869E-3 5.60293E-4 2.9234E-4 2.95781E-4 1.9964E-4
-9999 -9999 -9999 -9999 -9999 -9999 -9999 -9999 -9999 -9999 -9999 -9999 -9999 -9999 -9999 -9999 -9999 -9999 -9999 -9999 -9999 -9999 -9999 -9999 -9999 8.26379E-1 5.3013E-1 5.88524E-1 5.40924E-1 4.3154E-1 3.65065E-1 2.08471E-1 2.3433E-1 1.99369E-1 1.65025E-1 1.7112E-1 5.48356E-1 5.74511E-1 4.10733E-1 2.22128E-1 2.96229E-1 4.34597E-1 2.88628E-1 4.35124E-1 3.8311E-1 3.12123E-1 1.22766E-1 5.67289E-2 1.29204E-1 1.07908E-1 3.11638E-2 4.14575E-3 6.53569E-4 1.15982E-4 9.51012E-6 7.46965E-6 4.38845E-6 6.41409E-6 6.14876E-5 5.23386E-4 8.16454E-5 1.05121E-4 1.25806E-3 2.75061E-2 3.66162E-2 5.64505E-3 1.84504E-3 8.12874E-4 1.8094E-3 3.71641E-3 4.37679E-4 3.69801E-4 9.75685E-4 2.4705E-4
-9999 -9999 -9999 -9999 -9999 -9999 -9999 -9999 -9999 -9999 -9999 -9999 -9999 -9999 -9999 -9999 -9999 -9999 -9999 -9999 -9999 -9999 -9999 -9999 -9999 -9999 -9999 -9999 -9999 8.20485E-1 5.07218E-1 4.36308E-1 2.85499E-1 1.86286E-1 1.47333E-1 1.83128E-1 4.58256E-1 6.6898E-1 5.65048E-1 2.99626E-1 2.87266E-1 3.02846E-1 2.11275E-1 3.1584E-1 4.41033E-1 4.12357E-1 3.25942E-1 1.73763E-1 2.67564E-1 1.78911E-1 2.92539E-2 4.49682E-3 3.53412E-3 7.87286E-4 3.69401E-5 2.09237E-5 3.78118E-5 2.34472E-5 3.44076E-5 6.83809E-5 3.29025E-5 4.80165E-5 3.45493E-4 1.89505E-3 1.25847E-3 3.12114E-2 2.86055E-3 6.37305E-4 2.46176E-4 3.28499E-3 2.69355E-3 1.88038E-3 3.85007E-4 3.63322E-4
-9999 -9999 -9999 -9999 -9999 -9999 -9999 -9999 -9999 -9999 -9999 -9999 -9999 -9999 -9999 -9999 -9999 -9999 -9999 -9999 -9999 -9999 -9999 -9999 -9999 -9999 -9999 -9999 -9999 -9999 7.18577E-1 4.61412E-1 3.56788E-1 1.92957E-1 1.3354E-1 1.59183E-1 4.01194E-1 7.04674E-1 6.62937E-1 5.472E-1 3.67362E-1 2.37234E-1 2.10245E-1 3.07704E-1 3.43029E-1 4.73986E-1 3.7224E-1 3.0151E-1 2.32252E-1 9.2506E-2 3.38646E-2 4.83987E-2 4.6099E-2 5.11789E-3 4.93408E-4 1.95385E-4 1.89537E-4 7.2868E-5 2.0668E-5 1.42928E-5 6.80601E-5 2.3762E-4 6.5375E-4 2.57674E-4 3.14736E-4 2.70658E-2 1.82268E-3 5.94093E-4 3.43152E-4 1.37103E-3 2.11448E-4 5.99785E-4 1.28502E-4 4.15375E-5
-9999 -9999 -9999 -9999 -9999 -9999 -9999 -9999 -9999 -9999 -9999 -9999 -9999 -9999 -9999 -9999 -9999 -9999 -9999 -9999 -9999 -9999 -9999 -9999 -9999 -9999 -9999 -9999 -9999 -9999 -9999 5.85659E-1 5.11183E-1 3.27284E-1 2.8924E-1 3.6743E-1 3.8849E-1 5.53546E-1 6.05031E-1 5.42525E-1 6.69857E-1 4.78054E-1 3.79445E-1 1.9336E-1 1.96935E-1 2.77749E-1 1.81906E-1 3.12987E-1 1.77464E-1 1.70341E-1 2.52065E-1 1.85037E-1 4.79668E-2 3.07761E-3 2.35392E-3 1.03342E-3 3.99433E-4 1.03085E-4 7.92779E-6 7.27248E-6 3.40036E-5 4.25916E-4 6.55915E-4 1.78409E-4 2.15669E-4 1.0789E-2 2.90416E-3 1.42343E-4 1.03313E-4 1.63084E-4 4.41469E-5 7.32665E-5 3.22228E-4 2.48773E-5
-9999 -9999 -9999 -9999 -9999 -9999 -9999 -9999 -9999 -9999 -9999 -9999 -9999 -9999 -9999 -9999 -9999 -9999 -9999 -9999 -9999 -9999 -9999 -9999 -9999 -9999 -9999 -9999 -9999 -9999 -9999 -9999 5.08772E-1 2.84654E-1 2.25413E-1 2.83883E-1 2.97646E-1 4.93048E-1 5.22834E-1 4.89656E-1 4.84321E-1 4.89392E-1 3.9913E-1 2.14397E-1 5.80796E-2 1.44233E-1 1.68585E-1 2.07711E-1 2.84458E-1 1.38616E-1 5.33071E-2 7.32102E-2 2.33439E-2 1.38865E-2 6.22545E-3 1.3519E-3 2.85944E-4 4.54569E-5 2.3183E-6 4.97944E-6 4.39571E-5 1.35046E-4 4.0187E-4 7.0583E-5 5.62519E-5 6.07543E-3 4.75091E-3 8.21115E-4 1.56323E-4 3.89581E-5 1.78171E-5 1.16922E-5 2.77546E-5 4.15059E-6
-9999 -9999 -9999 -9999 -9999 -9999 -9999 -9999 -9999 -9999 -9999 -9999 -9999 -9999 -9999 -9999 -9999 -9999 -9999 -9999 -9999 -9999 -9999 -9999 -9999 -9999 -9999 -9999 -9999 -9999 -9999 -9999 -9999 1.62549E-1 1.62959E-1 1.33347E-1 2.20512E-1 2.84283E-1 3.81483E-1 2.03191E-1 1.45459E-1 3.05523E-1 1.70217E-1 1.66179E-1 5.54353E-2 1.19597E-2 1.06605E-2 1.06309E-1 2.15802E-1 1.79882E-1 5.08289E-2 1.03211E-2 1.21873E-2 8.87246E-3 1.67082E-3 4.61665E-4 6.41054E-5 1.70837E-5 2.4138E-6 4.0044E-6 4.35516E-5 2.25774E-4 3.05702E-4 2.60821E-4 1.4726E-4 5.59698E-3 2.66272E-2 4.81651E-3 4.09967E-4 2.40597E-5 8.39596E-6 4.21638E-6 7.45426E-6 8.56576E-6
-9999 -9999 -9999 -9999 -9999 -9999 -9999 -9999 -9999 -9999 -9999 -9999 -9999 -9999 -9999 -9999 -9999 -9999 -9999 -9999 -9999 -9999 -9999 -9999 -9999 -9999 -9999 -9999 -9999 -9999 -9999 -9999 -9999 -9999 -9999 2.8774E-2 3.26122E-2 6.85059E-2 1.64558E-1 2.19952E-1 2.89445E-1 2.57482E-1 2.12388E-1 2.24878E-1 1.11937E-1 2.05627E-2 5.07441E-3 4.91367E-2 1.18881E-1 1.7667E-1 1.46919E-1 2.77276E-2 4.40566E-3 3.35264E-3 1.66916E-3 4.21108E-4 3.3374E-4 1.35054E-4 3.60037E-5 1.0954E-4 5.80939E-5 3.49666E-5 1.53532E-4 2.76035E-4 1.61447E-4 7.04176E-4 4.37661E-3 1.73338E-2 9.06211E-4 1.14289E-4 1.22089E-5 3.91384E-6 2.3226E-6 5.84696E-6
-9999 -9999 -9999 -9999 -9999 -9999 -9999 -9999 -9999 -9999 -9999 -9999 -9999 -9999 -9999 -9999 -9999 -9999 -9999 -9999 -9999 -9999 -9999 -9999 -9999 -9999 -9999 -9999 -9999 -9999 -9999 -9999 -9999 -9999 -9999 -9999 1.69007E-2 1.26459E-1 1.56224E-1 1.50829E-1 1.83394E-1 1.8022E-1 1.49374E-1 1.83364E-1 1.9333E-1 7.57469E-2 1.03097E-2 1.56825E-2 4.294E-2 6.46635E-2 1.27308E-1 4.78901E-2 1.65144E-2 3.77523E-2 2.58708E-2 1.01611E-2 8.99878E-4 4.64991E-4 4.03672E-4 4.73911E-4 2.20958E-4 1.33162E-4 4.41533E-5 4.14248E-5 2.34231E-5 5.31683E-4 3.54897E-3 4.69268E-3 4.96332E-4 1.89564E-5 3.87546E-6 1.91812E-6 1.0614E-6 1.52282E-6
-9999 -9999 -9999 -9999 -9999 -9999 -9999 -9999 -9999 -9999 -9999 -9999 -9999 -9999 -9999 -9999 -9999 -9999 -9999 -9999 -9999 -9999 -9999 -9999 -9999 -9999 -9999 -9999 -9999 -9999 -9999 -9999 -9999 -9999 -9999 -9999 -9999 9.44631E-2 1.64414E-1 8.81142E-2 9.49751E-2 1.23077E-1 8.35903E-2 1.1958E-1 7.22837E-2 3.02655E-2 1.00511E-2 4.64652E-3 5.98376E-3 1.60395E-2 2.62164E-2 1.17238E-1 9.4E-2 3.63567E-2 4.29734E-2 1.19619E-2 7.30863E-3 3.96709E-3 1.36728E-3 9.37563E-4 5.47699E-4 2.21476E-4 4.46966E-5 3.44642E-6 1.31178E-6 1.74726E-5 3.35522E-3 7.52154E-4 1.59364E-4 1.76103E-5 2.10433E-5 4.56727E-6 2.10085E-6 1.04835E-6
-9999 -9999 -9999 -9999 -9999 -9999 -9999 -9999 -9999 -9999 -9999 -9999 -9999 -9999 -9999 -9999 -9999 -9999 -9999 -9999 -9999 -9999 -9999 -9999 -9999 -9999 -9999 -9999 -9999 -9999 -9999 -9999 -9999 -9999 -9999 -9999 -9999 -9999 1.26704E-1 1.09104E-1 6.5046E-2 4.44399E-2 3.32802E-2 4.96025E-2 1.56601E-2 4.39026E-3 3.32005E-3 7.5833E-4 1.0705E-3 4.09829E-3 1.33866E-2 3.09635E-2 4.96103E-2 2.73174E-3 1.73658E-2 3.68522E-2 6.07517E-3 2.30063E-3 1.04533E-3 7.67188E-4 4.64427E-4 8.38411E-5 9.5538E-6 3.41455E-6 1.01875E-6 3.54737E-5 5.83576E-3 3.06082E-4 3.57086E-5 4.08929E-5 6.44842E-5 4.04422E-6 1.67267E-6 9.79286E-6
-9999 -9999 -9999 -9999 -9999 -9999 -9999 -9999 -9999 -9999 -9999 -9999 -9999 -9999 -9999 -9999 -9999 -9999 -9999 -9999 -9999 -9999 -9999 -9999 -9999 -9999 -9999 -9999 -9999 -9999 -9999 -9999 -9999 -9999 -9999 -9999 -9999 -9999 -9999 -9999 9.4864E-2 4.44296E-2 8.72008E-3 6.57313E-3 4.62266E-3 2.28491E-3 1.5374E-3 3.25761E-4 2.19272E-4 2.0464E-3 5.10432E-3 3.16424E-2 3.10628E-2 1.43104E-3 2.05866E-3 3.30473E-2 2.55267E-2 2.66459E-3 3.37649E-4 3.25667E-4 4.48079E-4 1.80521E-4 3.42238E-5 6.33959E-6 2.82161E-6 7.82473E-4 5.46201E-3 6.53013E-4 2.39467E-4 2.26306E-4 1.63598E-5 8.66145E-7 9.01308E-6 3.98602E-5
-9999 -9999 -9999 -9999 -9999 -9999 -9999 -9999 -9999 -9999 -9999 -9999 -9999 -9999 -9999 -9999 -9999 -9999 -9999 -9999 -9999 -9999 -9999 -9999 -9999 -9999 -9999 -9999 -9999 -9999 -9999 -9999 -9999 -9999 -9999 -9999 -9999 -9999 -9999 -9999 -9999 1.01698E-1 2.27381E-2 2.93199E-2 1.74031E-2 2.39501E-3 5.38929E-4 2.84183E-4 6.26587E-5 7.5195E-4 7.3306E-4 1.98298E-2 2.87167E-2 5.51261E-3 1.31122E-3 2.2583E-3 7.62772E-3 1.29718E-2 7.58323E-4 9.58032E-5 4.16723E-5 5.17818E-5 2.08782E-5 4.82601E-6 3.30395E-5 8.39116E-4 6.25897E-4 7.00729E-4 1.37008E-3 6.76015E-4 2.09811E-5 1.69618E-5 1.46839E-4 8.69858E-5
-9999 -9999 -9999 -9999 -9999 -9999 -9999 -9999 -9999 -9999 -9999 -9999 -9999 -9999 -9999 -9999 -9999 -9999 -9999 -9999 -9999 -9999 -9999 -9999 -9999 -9999 -9999 -9999 -9999 -9999 -9999 -9999 -9999 -9999 -9999 -9999 -9999 -9999 -9999 -9999 -9999 -9999 7.38839E-2 7.07056E-2 6.82041E-3 1.32847E-3 3.56978E-4 1.2139E-4 2.38732E-5 4.91905E-5 8.2702E-4 1.7265E-2 3.57273E-2 1.47605E-2 5.11847E-3 9.45139E-4 3.56061E-3 7.56963E-3 4.7819E-3 1.11303E-3 3.72839E-4 2.10408E-4 3.21389E-5 1.10304E-5 2.61731E-5 1.8924E-4 9.33309E-5 1.3614E-4 1.39412E-4 1.2417E-4 8.11007E-5 2.41249E-4 2.83516E-5 3.01758E-6
-9999 -9999 -9999 -9999 -9999 -9999 -9999 -9999 -9999 -9999 -9999 -9999 -9999 -9999 -9999 -9999 -9999 -9999 -9999 -9999 -9999 -9999 -9999 -9999 -9999 -9999 -9999 -9999 -9999 -9999 -9999 -9999 -9999 -9999 -9999 -9999 -9999 -9999 -9999 -9999 -9999 -9999 -9999 -9999 2.1694E-2 1.18894E-3 5.88736E-4 1.83913E-4 7.23646E-5 6.4208E-5 6.18641E-4 1.41982E-2 6.05092E-3 2.59405E-3 9.43964E-4 2.30983E-4 7.05271E-4 3.67327E-3 1.16355E-3 2.64136E-3 3.33384E-3 8.11657E-4 1.47359E-4 2.19758E-5 7.85829E-6 2.24169E-4 7.05916E-5 3.76771E-5 8.83717E-6 3.12202E-6 2.67288E-6 8.60618E-5 6.36448E-6 6.02112E-7
-9999 -9999 -9999 -9999 -9999 -9999 -9999 -9999 -9999 -9999 -9999 -9999 -9999 -9999 -9999 -9999 -9999 -9999 -9999 -9999 -9999 -9999 -9999 -9999 -9999 -9999 -9999 -9999 -9999 -9999 -9999 -9999 -9999 -9999 -9999 -9999 -9999 -9999 -9999 -9999 -9999 -9999 -9999 -9999 -9999 5.369E-2 1.15319E-2 2.11369E-3 2.53505E-4 5.91436E-5 8.59203E-4 4.22073E-3 5.24147E-4 2.5438E-4 2.93639E-5 9.95839E-6 1.65313E-4 1.57543E-3 1.64132E-3 1.28443E-3 1.10587E-3 6.10062E-4 5.1233E-5 8.96629E-6 8.79053E-6 4.48074E-5 7.55512E-5 1.22801E-5 1.1146E-6 4.03992E-7 2.1411E-6 6.675E-5 1.25919E-5 6.38247E-7
-9999 -9999 -9999 -9999 -9999 -9999 -9999 -9999 -9999 -9999 -9999 -9999 -9999 -9999 -9999 -9999 -9999 -9999 -9999 -9999 -9999 -9999 -9999 -9999 -9999 -9999 -9999 -9999 -9999 -9999 -9999 -9999 -9999 -9999 -9999 -9999 -9999 -9999 -9999 -9999 -9999 -9999 -9999 -9999 -9999 -9999 -9999 4.9356E-2 6.99731E-3 1.24545E-4 3.08152E-4 2.0811E-4 5.87897E-5 1.03385E-5 2.22178E-6 5.36254E-6 1.23488E-4 7.54096E-4 2.26279E-4 5.55408E-4 2.2476E-4 2.78951E-4 2.18953E-4 2.1881E-5 3.98067E-6 1.06091E-4 3.90606E-5 3.40283E-6 6.62667E-7 1.8636E-7 2.98903E-6 1.43554E-5 6.32096E-6 1.2111E-5
-9999 -9999 -9999 -9999 -9999 -9999 -9999 -9999 -9999 -9999 -9999 -9999 -9999 -9999 -9999 -9999 -9999 -9999 -9999 -9999 -9999 -9999 -9999 -9999 -9999 -9999 -9999 -9999 -9999 -9999 -9999 -9999 -9999 -9999 -9999 -9999 -9999 -9999 -9999 -9999 -9999 -9999 -9999 -9999 -9999 -9999 -9999 -9999 1.83668E-2 2.36331E-3 2.45776E-4 4.85699E-5 2.1222E-5 5.21227E-6 1.83141E-6 1.51727E-5 2.47021E-4 2.04577E-4 2.48912E-4 3.81897E-4 4.8502E-5 3.50807E-5 4.32603E-5 2.67128E-5 2.73516E-6 1.92768E-5 7.64544E-6 8.47769E-7 3.3879E-7 2.36882E-7 2.17346E-6 8.34368E-7 4.3737E-6 1.12534E-5
-9999 -9999 -9999 -9999 -9999 -9999 -9999 -9999 -9999 -9999 -9999 -9999 -9999 -9999 -9999 -9999 -9999 -9999 -9999 -9999 -9999 -9999 -9999 -9999 -9999 -9999 -9999 -9999 -9999 -9999 -9999 -9999 -9999 -9999 -9999 -9999 -9999 -9999 -9999 -9999 -9999 -9999 -9999 -9999 -9999 -9999 -9999 -9999 2.16605E-2 1.59426E-3 5.29523E-4 1.32028E-4 1.74995E-5 5.78114E-6 2.08464E-6 1.18733E-5 3.25101E-5 1.06404E-4 1.18921E-4 1.99827E-4 1.28406E-4 1.80673E-5 2.91189E-6 1.98334E-6 9.83924E-7 8.80155E-7 1.51989E-6 4.92183E-7 1.18936E-7 2.73384E-7 2.34747E-7 2.51706E-7 4.63321E-7 2.76329E-6
-9999 -9999 -9999 -9999 -9999 -9999 -9999 -9999 -9999 -9999 -9999 -9999 -9999 -9999 -9999 -9999 -9999 -9999 -9999 -9999 -9999 -9999 -9999 -9999 -9999 -9999 -9999 -9999 -9999 -9999 -9999 -9999 -9999 -9999 -9999 -9999 -9999 -9999 -9999 -9999 -9999 -9999 -9999 -9999 -9999 -9999 -9999 -9999 -9999 7.69422E-3 1.14082E-3 4.92829E-4 2.84732E-5 2.4757E-6 1.66017E-6 3.38004E-6 1.01961E-5 1.85905E-5 1.33956E-5 6.22032E-5 1.50329E-4 2.9977E-5 4.48711E-6 2.49953E-6 5.82822E-7 9.02668E-8 4.77345E-7 4.97257E-7 2.13035E-7 1.07294E-7 4.46593E-8 1.47054E-7 2.67454E-7 1.22007E-6
