ENM/Final_Models/M_2_F_lq_Set_1_EC/Gustavia_santanderiensis_6_Choco_novel.asc
ncols         367
nrows         963
xllcorner     -78.6
yllcorner     0.65
cellsize      0.00833333333333323
NODATA_value  -9999
[rows 270 to 299 of 963, columns 204 to 271 of 367]
-6.90821E1 -6.90821E1 -6.90821E1 -5.2015E1 -6.90821E1 -6.90821E1 -8.64734E1 -5.82006E1 -5.87004E1 -8.55072E1 -5.76382E1 -5.21739E1 -4.12684E1 -3.58013E1 -3.49578E1 -3.43643E1 -3.77694E1 -3.25836E1 -3.06779E1 -3.47079E1 -3.74883E1 -4.30178E1 -5.65217E1 -6.66667E1 -5.35458E1 -5.33271E1 -5.54514E1 -5.27648E1 -5.2657E1 -5.39831E1 -5.67948E1 -5.6045E1 -5.2671E1 -5.99034E1 -5.94203E1 -5.40144E1 -5.21739E1 -1.88066E1 -1.10903E1 1.59697E-1 5.789E-1 6.18824E-1 3.59317E-1 1.09791E0 8.58369E-1 6.18824E-1 -6.24805E0 -2.66479E1 -1.66198E1 1.99621E-2 3.23386E0 5.07037E0 2.51522E0 1.55904E1 1.4712E1 2.83461E0 6.74718E0 5.6293E0 3.29374E0 9.98104E-2 1.99621E-2 -3.86473E0 -1.73913E1 -2.51208E1 -1.99938E0 -8.84099E0 -1.64251E1 -9.02843E0
-7.00483E1 -7.00483E1 -6.76329E1 -8.84058E1 -6.95652E1 -6.81159E1 -8.74396E1 -8.69565E1 -8.64734E1 -8.64734E1 -5.88878E1 -5.2657E1 -4.22056E1 -4.18307E1 -3.65823E1 -3.71446E1 -3.54577E1 -3.52077E1 -2.95845E1 -3.10528E1 -4.54106E1 -4.92754E1 -5.31401E1 -4.92754E1 -5.31401E1 -5.31401E1 -5.91065E1 -6.23188E1 -5.62637E1 -5.42018E1 -5.54514E1 -5.23899E1 -5.26086E1 -6.03865E1 -7.58454E1 -6.03865E1 -5.31401E1 -1.96813E1 -1.612E1 4.39166E-1 3.01427E0 7.58559E-1 6.18824E-1 2.99431E-1 1.39735E-1 5.98862E-1 -2.41546E0 -2.5617E1 -1.87754E1 1.39735E-1 2.51522E0 3.51332E0 5.6293E0 5.6293E0 2.83461E0 2.83461E0 3.01427E0 6.10839E0 6.10839E0 3.39355E-1 2.99431E-1 1.99621E-2 -1.69082E1 -1.69082E1 -3.38164E0 -1.69082E1 -1.64251E1 -4.37363E-1
-8.98551E1 -8.4058E1 -8.4058E1 -8.88889E1 -8.84058E1 -8.84058E1 -8.79227E1 -8.74396E1 -7.00483E1 -8.69565E1 -5.87941E1 -5.54514E1 -4.38301E1 -4.27991E1 -3.55514E1 -3.23961E1 -3.64886E1 -3.90191E1 -5.02415E1 -5.02415E1 -5.02415E1 -5.36232E1 -6.81159E1 -5.05467E1 -6.81159E1 -8.06763E1 -6.3285E1 -5.95439E1 -5.97313E1 -5.72321E1 -5.16401E1 -5.4483E1 -5.47641E1 -5.2657E1 -6.08696E1 -6.13527E1 -5.36232E1 -2.50547E1 -1.61824E1 1.19772E-1 3.59317E0 6.98673E-1 2.19583E-1 3.39355E-1 4.39166E-1 3.39355E-1 2.19583E-1 -2.07729E1 -2.77101E1 -3.93627E0 3.81276E0 4.43158E0 4.0523E0 5.6293E0 3.01427E0 6.10839E0 4.71105E0 4.75097E0 6.10839E0 5.19014E0 2.59507E-1 1.99621E-1 1.39735E-1 1.99621E-2 1.99621E-2 -7.31022E0 -1.35583E1 -9.52827E0
-9.03382E1 -8.4058E1 -8.98551E1 -8.9372E1 -8.9372E1 -8.88889E1 -6.81159E1 -8.84058E1 -8.79227E1 -8.79227E1 -8.74396E1 -5.53889E1 -4.97032E1 -5.12077E1 -3.6145E1 -3.23336E1 -3.95501E1 -5.12077E1 -5.41063E1 -5.41063E1 -4.00812E1 -4.58937E1 -5.41063E1 -5.36082E1 -5.67635E1 -6.8599E1 -6.37681E1 -5.61387E1 -5.72946E1 -5.58888E1 -5.01093E1 -5.4358E1 -5.58575E1 -5.24524E1 -6.13527E1 -7.72947E1 -6.13527E1 -3.71759E1 -2.0931E1 -4.37363E-1 3.29374E0 1.41731E0 5.58938E-1 6.18824E-1 9.78142E-1 3.59317E-1 1.99621E-1 -1.30435E1 -2.67104E1 -8.4661E0 3.93253E0 7.6854E0 4.0523E0 3.29374E0 5.6293E0 2.83461E0 4.39166E-1 1.19772E-1 9.98104E-2 1.09791E0 3.01427E0 1.19772E-1 3.59317E-1 1.39735E-1 1.39735E-1 -3.53015E0 -5.34208E0 -8.71603E0
-9.13043E1 -9.08213E1 -9.03382E1 -6.95652E1 -8.98551E1 -6.90821E1 -6.90821E1 -8.9372E1 -8.88889E1 -8.84058E1 -7.14976E1 -5.84541E1 -5.49203E1 -5.45894E1 -3.81443E1 -3.63949E1 -3.71134E1 -5.21739E1 -3.62319E1 -3.6715E1 -3.6715E1 -4.54106E1 -5.16908E1 -5.09841E1 -5.57951E1 -6.90821E1 -6.42512E1 -6.42512E1 -5.55556E1 -5.55556E1 -4.87973E1 -5.45894E1 -5.45894E1 -5.17026E1 -6.23188E1 -7.77778E1 -7.77778E1 -4.7343E1 -2.42737E1 -3.28023E0 1.41731E0 1.67681E0 7.38597E-1 1.39735E-1 6.18824E-1 2.59507E-1 3.39355E-1 1.99621E-2 -2.02899E1 -1.30272E1 1.21769E0 5.76904E0 3.29374E0 3.29374E0 8.60365E0 4.0523E0 2.83461E0 1.19772E-1 5.98862E-2 7.98483E-2 8.98293E-1 1.75666E0 2.79469E-1 4.39166E-1 2.19583E-1 1.39735E-1 -5.31084E-1 -1.06217E1
-9.17874E1 -9.17874E1 -9.13043E1 -7.29469E1 -7.29469E1 -9.03382E1 -7.29469E1 -7.29469E1 -8.9372E1 -6.47923E1 -7.24638E1 -7.24638E1 -7.24638E1 -4.79225E1 -4.03936E1 -4.06123E1 -3.75195E1 -4.68599E1 -4.63768E1 -4.63768E1 -4.58937E1 -5.21739E1 -4.24555E1 -5.21739E1 -5.50725E1 -5.63574E1 -6.52174E1 -5.65217E1 -5.60386E1 -4.78261E1 -4.7343E1 -5.55556E1 -6.3285E1 -6.3285E1 -7.8744E1 -6.76329E1 -7.24638E1 -4.7343E1 -2.38363E1 -8.43486E0 8.58369E-1 1.67681E0 1.27757E0 3.79279E-1 1.39735E-1 2.99431E-1 3.79279E-1 7.98483E-2 -5.81068E0 -2.14933E1 1.39735E-1 6.62741E0 6.38786E0 6.74718E0 2.83461E0 6.10839E0 6.90688E0 7.98483E-2 5.98862E-2 3.59317E-1 5.58938E-1 2.59507E-1 1.67681E0 2.59507E-1 2.59507E-1 1.99621E-2 1.99621E-2 -7.49766E0
-9.22705E1 -7.3913E1 -6.08872E1 -5.44517E1 -6.34177E1 -9.08213E1 -9.08213E1 -7.343E1 -7.343E1 -7.343E1 -8.9372E1 -7.343E1 -5.84541E1 -4.46423E1 -3.93939E1 -3.87379E1 -4.68599E1 -4.68599E1 -4.63768E1 -4.68599E1 -3.21462E1 -3.53015E1 -4.28304E1 -4.76414E1 -4.83911E1 -7.10145E1 -8.30918E1 -5.38894E1 -5.70048E1 -4.91097E1 -4.83092E1 -6.42512E1 -6.42512E1 -6.37681E1 -7.97101E1 -7.92271E1 -6.8599E1 -5.86379E1 -2.89909E1 -1.37769E1 7.98483E-1 1.27757E0 1.75666E0 2.79469E-1 1.39735E-1 1.39735E-1 3.79279E-1 1.39735E-1 -1.65261E1 -1.90253E1 -4.02999E0 1.39735E0 3.53329E0 2.3156E0 2.51522E0 3.01427E0 5.6293E0 7.98483E-2 1.99621E-1 3.19393E-1 3.59317E-1 3.99241E-2 9.98104E-2 9.98104E-2 9.98104E-2 2.79469E-1 -1.5942E1 -2.17391E1
-7.43961E1 -7.43961E1 -7.43961E1 -7.43961E1 -9.17874E1 -9.17874E1 -9.13043E1 -9.13043E1 -9.08213E1 -9.03382E1 -9.03382E1 -7.3913E1 -5.60386E1 -4.87035E1 -5.17026E1 -4.79538E1 -4.2518E1 -3.45517E1 -4.29952E1 -4.7343E1 -5.21739E1 -3.99563E1 -4.17994E1 -7.19807E1 -7.19807E1 -7.14976E1 -8.35749E1 -6.61836E1 -6.61836E1 -5.41706E1 -5.06717E1 -5.70048E1 -5.65217E1 -5.65217E1 -5.60386E1 -5.60386E1 -5.60386E1 -5.57326E1 -3.13652E1 -2.48672E1 5.19014E-1 7.38597E-1 7.98483E-1 7.58559E-1 5.19014E-1 6.18824E-1 3.59317E-1 2.99431E-1 -1.2871E1 -2.15558E1 -1.56201E-1 6.02855E0 6.08843E0 6.74718E0 6.74718E0 2.51522E0 6.34794E0 7.98483E-2 5.98862E-2 1.19772E-1 1.99621E-2 -4.46735E0 -2.31178E0 -2.37426E0 -2.81162E0 2.79469E-1 -2.41546E1 -1.25604E1
-7.53623E1 -9.32367E1 -7.53623E1 -7.53623E1 -7.53623E1 -8.69565E1 -7.14976E1 -9.17874E1 -9.13043E1 -9.13043E1 -9.08213E1 -7.48792E1 -5.65217E1 -4.21743E1 -4.37988E1 -5.70048E1 -4.78261E1 -3.57701E1 -4.78261E1 -4.68599E1 -4.63768E1 -3.68947E1 -4.84536E1 -7.29469E1 -8.55072E1 -8.50242E1 -8.45411E1 -6.66667E1 -6.66667E1 -6.61836E1 -5.63261E1 -5.34208E1 -5.74879E1 -5.70048E1 -5.70048E1 -5.65217E1 -5.74196E1 -6.21368E1 -4.29241E1 -2.66479E1 1.79659E-1 5.98862E-1 5.98862E-1 1.19772E0 8.58369E-1 1.09791E0 7.98483E-1 2.99431E-1 -1.74945E1 -2.36801E1 3.99241E-2 4.43158E0 2.51522E0 6.74718E0 6.74718E0 2.83461E0 4.43158E0 2.19583E-1 1.59697E-1 1.19772E-1 1.99621E-2 -1.78744E1 -1.73913E1 -1.88406E1 -1.20773E1 -1.01449E1 -4.24867E0 -4.83092E-1
-7.58454E1 -7.58454E1 -7.58454E1 -7.58454E1 -5.60386E1 -7.58454E1 -6.00437E1 -5.98875E1 -9.22705E1 -7.58454E1 -7.53623E1 -7.53623E1 -4.87923E1 -4.35801E1 -4.50172E1 -4.83092E1 -4.83092E1 -3.5239E1 -4.78261E1 -4.78261E1 -3.50203E1 -3.02718E1 -4.66417E1 -7.343E1 -8.59903E1 -6.81159E1 -6.81159E1 -6.76329E1 -6.11059E1 -6.71498E1 -5.84541E1 -5.70048E1 -5.65217E1 -5.65217E1 -5.74879E1 -5.74879E1 -5.32958E1 -6.13558E1 -4.80475E1 -3.5239E1 -3.46767E0 2.19583E-1 5.19014E-1 1.75666E0 8.98293E-1 5.98862E-1 7.58559E-1 3.59317E-1 -1.74633E1 -1.86192E1 7.98483E-2 4.19204E0 6.38786E0 6.74718E0 6.74718E0 2.51522E0 6.04851E0 5.98862E-2 3.19393E-1 1.99621E-2 -4.83092E0 -2.07729E1 -2.36715E1 -1.20773E1 -9.17874E0 -2.2493E0 -3.68635E0 1.99621E-2
-8.64734E1 -8.69565E1 -9.4686E1 -7.68116E1 -7.68116E1 -8.74396E1 -8.79227E1 -8.79227E1 -7.29469E1 -9.22705E1 -9.22705E1 -9.17874E1 -9.13043E1 -4.19556E1 -4.22368E1 -4.23618E1 -4.22368E1 -4.83092E1 -3.68947E1 -4.83092E1 -4.78261E1 -3.95814E1 -4.06123E1 -7.43961E1 -6.90821E1 -6.90821E1 -6.8599E1 -6.81159E1 -5.99034E1 -6.76329E1 -6.71498E1 -5.89372E1 -6.66667E1 -6.66667E1 -5.65217E1 -6.02312E1 -5.34833E1 -5.70134E1 -5.28585E1 -4.60169E1 -2.66792E1 -1.43705E0 5.58938E-1 1.75666E0 9.78142E-1 5.789E-1 3.39355E-1 3.59317E-1 -1.85567E1 -1.67448E1 3.99241E-2 3.33367E0 7.46582E0 5.19014E0 3.01427E0 3.01427E0 6.12836E0 7.98483E-2 1.39735E-1 1.99621E-2 1.99621E-2 -2.07729E1 -1.83575E1 -1.54589E1 -1.88406E1 -1.69082E1 -4.34239E0 1.99621E-2
-7.43961E1 -7.43961E1 -8.74396E1 -8.74396E1 -8.79227E1 -8.79227E1 -8.84058E1 -9.37198E1 -7.343E1 -7.343E1 -9.27536E1 -7.29469E1 -7.24638E1 -4.92754E1 -5.07246E1 -4.58294E1 -4.58294E1 -3.96126E1 -3.82381E1 -3.47079E1 -3.67385E1 -3.97688E1 -5.84541E1 -5.68885E1 -8.74396E1 -6.95652E1 -6.12621E1 -6.08696E1 -6.03865E1 -6.81159E1 -6.81159E1 -8.45411E1 -8.4058E1 -6.71498E1 -5.89372E1 -5.8513E1 -6.21368E1 -5.87629E1 -5.53577E1 -5.16908E1 -3.77382E1 -7.93502E0 5.98862E-1 1.27757E0 9.78142E-1 5.789E-1 3.19393E-1 -1.37457E0 -2.68978E1 -1.86817E1 1.99621E-2 3.01427E0 4.71105E0 6.74718E0 6.10839E0 6.74718E0 7.38597E-1 5.98862E-2 1.99621E-2 1.99621E-2 -1.73913E1 -2.51208E1 -1.88406E1 -1.64251E1 -1.73913E1 -1.69082E1 -1.25604E1 -1.11111E1
-7.53623E1 -7.53623E1 -8.79227E1 -7.48792E1 -8.84058E1 -7.43961E1 -6.36676E1 -6.35739E1 -6.46673E1 -6.43549E1 -5.89191E1 -6.13246E1 -7.343E1 -5.94203E1 -5.89372E1 -4.83092E1 -4.50172E1 -5.2671E1 -4.42049E1 -3.61137E1 -4.41112E1 -4.71728E1 -5.84541E1 -5.74879E1 -8.79227E1 -7.00483E1 -6.71665E1 -6.58232E1 -6.90821E1 -6.08696E1 -6.8599E1 -8.50242E1 -8.45411E1 -8.45411E1 -6.76329E1 -5.94203E1 -5.89372E1 -5.78569E1 -5.84505E1 -5.64511E1 -3.82381E1 1.99621E-2 5.98862E-1 1.47719E0 1.1578E0 1.09791E0 3.19393E-1 -8.02874E0 -3.00531E1 -2.13996E1 2.19583E-1 4.85078E0 2.83461E0 4.71105E0 6.10839E0 9.46202E0 4.25192E0 1.59697E-1 1.99621E-2 -1.44928E0 -5.7971E0 -2.41546E1 -2.17391E1 -1.98068E1 -1.5942E1 -2.22222E1 -1.35266E1 -1.01449E1
-6.61356E1 -6.46048E1 -8.79227E1 -7.53623E1 -6.66667E1 -6.04186E1 -8.88889E1 -5.86692E1 -6.25742E1 -6.11996E1 -5.98251E1 -6.57005E1 -5.94203E1 -9.27536E1 -5.94203E1 -5.94203E1 -5.32646E1 -4.96407E1 -4.77976E1 -4.66104E1 -5.0328E1 -5.51703E1 -7.68116E1 -6.83224E1 -7.63285E1 -6.43549E1 -5.45767E1 -5.41393E1 -6.18358E1 -6.18358E1 -6.95652E1 -8.59903E1 -8.55072E1 -8.50242E1 -8.45411E1 -8.4058E1 -8.35749E1 -6.66667E1 -6.41674E1 -5.17651E1 -3.73321E1 -2.62418E0 7.38597E-1 4.39166E-1 5.98862E-1 8.98293E-1 3.19393E-1 -9.99688E0 -3.56139E1 -1.22774E1 5.38976E-1 1.2117E1 8.82324E0 1.01607E1 6.10839E0 6.88691E0 3.33367E0 -1.40581E0 -6.46673E0 -4.46735E0 -5.7971E0 -1.64251E1 -1.35266E1 -2.22222E1 -2.02899E1 -1.83575E1 -7.72947E0 1.99621E-2
-6.19182E1 -6.19806E1 -6.05123E1 -7.63285E1 -7.63285E1 -8.88889E1 -6.32302E1 -6.24492E1 -6.46985E1 -6.2543E1 -6.28241E1 -5.94502E1 -7.43961E1 -5.99034E1 -5.94203E1 -5.94203E1 -5.42955E1 -5.94203E1 -4.54545E1 -4.82662E1 -5.89372E1 -5.89372E1 -7.77778E1 -7.72947E1 -8.9372E1 -8.88889E1 -7.10145E1 -6.65105E1 -5.16714E1 -7.05314E1 -8.69565E1 -8.64734E1 -8.59903E1 -8.59903E1 -8.55072E1 -6.38238E1 -6.41362E1 -6.03865E1 -6.0731E1 -5.23586E1 -4.27991E1 -1.62449E0 7.38597E-1 5.19014E-1 5.789E-1 7.98483E-1 5.98862E-1 -9.30959E0 -3.90815E1 -1.51515E1 -5.93565E-1 5.50953E0 9.56183E0 5.6293E0 7.46582E0 6.10839E0 2.19583E-1 7.98483E-2 -1.65886E1 -1.93237E1 -2.46377E1 -1.44928E1 -1.49758E1 -2.27053E1 -1.54589E1 -6.28019E0 -3.90503E0 -2.21806E0
-6.34489E1 -8.84058E1 -7.68116E1 -6.86036E1 -7.68116E1 -7.68116E1 -6.52296E1 -6.11371E1 -6.13558E1 -6.23243E1 -5.98563E1 -6.42924E1 -5.94502E1 -6.03865E1 -6.03865E1 -6.03865E1 -5.99034E1 -7.92271E1 -6.03865E1 -6.03865E1 -5.89372E1 -6.11371E1 -7.82609E1 -9.03382E1 -9.03382E1 -8.98551E1 -7.19807E1 -7.14976E1 -5.51703E1 -7.10145E1 -8.79227E1 -7.63285E1 -8.69565E1 -8.64734E1 -8.59903E1 -6.37613E1 -6.3074E1 -6.08696E1 -5.64823E1 -5.80131E1 -5.13277E1 -1.34645E1 2.99431E-1 5.19014E-1 2.79469E-1 5.58938E-1 3.39355E-1 -5.592E0 -5.02415E1 -1.27148E1 -1.96813E0 3.43348E0 8.98293E-1 8.58369E-1 1.09791E0 1.1578E0 2.19583E-1 2.99431E-1 -1.58076E1 -4.15459E1 -2.27053E1 -1.40097E1 9.98104E-2 1.39735E-1 9.98104E-2 -2.41546E0 3.79279E-1 1.67681E0
-7.82609E1 -7.77778E1 -7.77778E1 -7.77778E1 -7.72947E1 -6.65417E1 -6.32302E1 -5.8388E1 -5.66385E1 -6.08872E1 -5.9294E1 -5.92315E1 -6.12933E1 -9.08213E1 -5.99034E1 -5.99034E1 -6.08696E1 -8.01932E1 -6.08696E1 -7.97101E1 -5.94203E1 -5.94203E1 -7.92271E1 -9.13043E1 -7.29469E1 -7.29469E1 -7.24638E1 -7.19807E1 -5.92627E1 -7.14976E1 -8.84058E1 -5.99034E1 -8.74396E1 -8.69565E1 -8.69565E1 -6.95652E1 -6.95652E1 -5.70759E1 -6.17307E1 -6.4886E1 -5.08591E1 -1.81193E1 2.43537E0 3.79279E-1 2.79469E-1 9.98104E-2 1.39735E-1 -1.209E1 -4.00966E1 -1.99E1 -8.71603E0 1.47719E0 2.79469E-1 2.13594E0 1.19772E0 2.59507E-1 1.09791E0 3.99241E-1 -1.98068E1 -3.81642E1 -1.69082E1 -1.49758E1 5.98862E-2 1.75666E1 9.56183E0 2.99431E-1 1.99621E-2 3.12406E1
-6.18869E1 -5.7482E1 -5.73883E1 -7.82609E1 -6.95652E1 -6.90821E1 -7.77778E1 -9.03382E1 -9.08213E1 -6.15433E1 -6.36676E1 -6.35426E1 -6.18869E1 -4.84848E1 -5.99034E1 -5.99034E1 -5.99034E1 -8.06763E1 -8.06763E1 -8.06763E1 -8.01932E1 -8.01932E1 -7.3913E1 -7.97101E1 -9.13043E1 -9.13043E1 -7.29469E1 -7.29469E1 -7.24638E1 -6.42512E1 -8.9372E1 -7.14976E1 -7.14976E1 -8.79227E1 -8.74396E1 -7.05314E1 -7.00483E1 -6.95652E1 -6.44799E1 -6.57607E1 -6.28019E1 -2.60544E1 3.99241E-1 7.38597E-1 1.59697E-1 7.98483E-2 1.99621E-2 -1.587E1 -4.2393E1 -2.37113E1 -6.56045E0 1.19772E-1 2.99431E-1 1.75666E0 7.46582E0 9.50195E0 5.15021E0 2.59507E-1 -1.04967E1 -2.6087E1 -4.00966E1 -1.69082E1 9.98104E-2 1.75666E0 2.79469E-1 -3.86473E0 -4.83092E-1 3.79279E-1
-6.46048E1 -6.91971E1 -6.98844E1 -7.8744E1 -6.0075E1 -6.21681E1 -6.59794E1 -9.08213E1 -7.77778E1 -6.67916E1 -6.24492E1 -6.16995E1 -6.40425E1 -7.68116E1 -6.03865E1 -6.03865E1 -6.23188E1 -8.16425E1 -9.42029E1 -8.11594E1 -5.94203E1 -6.13558E1 -9.27536E1 -9.27536E1 -9.22705E1 -8.01932E1 -9.13043E1 -9.08213E1 -9.08213E1 -9.03382E1 -8.98551E1 -7.24638E1 -7.19807E1 -7.14976E1 -7.14976E1 -6.37681E1 -7.05314E1 -8.69565E1 -8.64734E1 -7.05314E1 -5.72321E1 -4.18619E1 -2.34302E0 2.53518E0 3.59317E-1 1.19772E-1 -7.71634E0 -2.09622E1 -4.01437E1 -2.57107E1 -6.34177E0 1.01807E0 5.86885E0 1.21769E1 7.46582E0 1.60894E1 1.26959E1 2.19583E-1 3.99241E-2 -2.02899E1 -1.93237E1 -1.12465E1 -3.52657E1 -2.07729E1 -3.52657E1 -3.6715E1 -2.17391E1 -5.56076E0
-6.01999E1 -6.50109E1 -6.96032E1 -6.30428E1 -5.97001E1 -5.87004E1 -6.14808E1 -6.74789E1 -6.53233E1 -6.21681E1 -6.16682E1 -6.79163E1 -6.95652E1 -6.17932E1 -5.4358E1 -6.03865E1 -9.56522E1 -9.51691E1 -8.21256E1 -9.4686E1 -4.62043E1 -4.19244E1 -5.10778E1 -7.53623E1 -9.27536E1 -7.48792E1 -7.43961E1 -9.17874E1 -7.3913E1 -7.343E1 -7.343E1 -7.29469E1 -7.24638E1 -7.24638E1 -8.88889E1 -7.14976E1 -6.29491E1 -6.35739E1 -6.52296E1 -6.07935E1 -4.78288E1 -4.79225E1 -2.05248E1 1.39735E-1 3.39355E-1 5.98862E-2 -9.17874E0 -1.81818E1 -5.02415E1 -1.78382E1 -1.02468E1 1.01807E0 6.92684E0 1.71275E1 1.76065E1 1.78661E1 1.51712E1 5.6293E0 1.75666E0 -6.59169E0 -3.86473E0 -1.93237E1 -4.78261E1 -3.76812E1 -2.46377E1 -2.70531E1 -2.56039E1 -1.73913E1
-8.45411E1 -6.54483E1 -6.40425E1 -6.14183E1 -6.13871E1 -6.69478E1 -6.66042E1 -6.801E1 -6.32927E1 -6.35114E1 -7.10145E1 -7.08216E1 -6.46361E1 -6.70415E1 -7.77778E1 -7.77778E1 -7.72947E1 -6.21681E1 -6.28019E1 -6.28019E1 -6.28019E1 -7.63285E1 -7.58454E1 -7.58454E1 -7.53623E1 -7.53623E1 -7.48792E1 -6.23243E1 -6.56045E1 -9.17874E1 -8.06763E1 -9.08213E1 -7.343E1 -7.29469E1 -8.9372E1 -6.34177E1 -5.74508E1 -5.92002E1 -6.32615E1 -5.7732E1 -6.1637E1 -5.77944E1 -4.13933E1 -8.21256E0 1.99621E-2 -8.74727E-1 -4.25121E1 -4.2029E1 -5.12077E1 -1.74008E1 -5.34208E0 2.3156E0 8.82324E0 1.75666E1 1.75666E1 1.64887E1 1.24963E1 8.82324E0 5.19014E0 1.75666E0 1.67681E0 1.99621E-2 -5.31401E0 -7.15401E0 -1.27148E1 -2.27053E1 -2.1256E1 -1.78744E1
-8.11594E1 -6.29491E1 -6.39488E1 -6.4105E1 -9.13043E1 -9.13043E1 -6.81662E1 -8.01932E1 -7.14976E1 -6.51359E1 -6.74477E1 -6.70415E1 -6.67291E1 -7.38832E1 -9.27536E1 -7.82609E1 -7.38519E1 -6.53233E1 -6.37681E1 -8.35749E1 -8.35749E1 -9.51691E1 -9.51691E1 -9.4686E1 -7.63285E1 -7.58454E1 -7.58454E1 -6.76329E1 -6.76329E1 -6.81974E1 -6.33864E1 -9.13043E1 -7.3913E1 -7.343E1 -5.90128E1 -5.86692E1 -5.99813E1 -5.4358E1 -8.84058E1 -7.14976E1 -6.52296E1 -6.3199E1 -5.7971E1 -3.40831E1 -9.66184E0 -3.38164E1 -4.2029E1 -4.15459E1 -7.19807E1 -2.31884E1 -5.31084E-1 2.79469E-1 8.38407E0 7.46582E0 8.14453E0 1.75666E1 1.40134E1 1.4712E1 7.66544E0 1.75666E0 1.67681E0 1.67681E0 1.67681E0 1.99621E-1 1.99621E0 -9.37207E-1 -3.74883E-1 -5.49828E0
-8.21256E1 -6.7354E1 -6.82599E1 -6.67604E1 -6.01999E1 -6.36676E1 -6.93533E1 -6.87598E1 -7.24638E1 -7.19807E1 -6.8666E1 -6.59169E1 -6.69166E1 -7.21962E1 -7.92271E1 -7.17276E1 -7.10715E1 -6.74477E1 -6.47298E1 -8.4058E1 -8.4058E1 -9.56522E1 -9.56522E1 -9.51691E1 -7.68116E1 -7.63285E1 -6.8599E1 -6.81159E1 -6.81159E1 -9.27536E1 -8.21256E1 -9.22705E1 -7.43961E1 -7.43961E1 -5.49203E1 -5.53265E1 -5.78882E1 -5.68885E1 -5.86379E1 -7.24638E1 -7.19807E1 -5.70759E1 -6.20119E1 -3.90503E1 -1.48704E1 -4.25121E1 -4.52983E1 -4.35489E1 -7.05314E1 -3.6715E1 -2.06186E0 2.3156E0 7.9449E0 8.14453E0 8.08464E0 8.14453E0 1.11189E1 9.76145E0 6.56752E0 1.75666E0 2.19583E-1 1.99621E0 1.47719E0 1.47719E0 2.3156E0 3.59317E0 3.01427E0 2.11598E0
-6.59794E1 -6.36988E1 -6.32927E1 -6.4105E1 -6.43861E1 -6.44486E1 -8.16425E1 -8.16425E1 -7.29469E1 -7.36332E1 -7.5039E1 -7.02905E1 -6.76039E1 -6.88222E1 -7.3477E1 -7.05405E1 -6.65105E1 -6.7104E1 -7.13839E1 -8.50242E1 -9.71014E1 -9.66184E1 -9.61353E1 -9.56522E1 -7.72947E1 -7.72947E1 -5.61387E1 -6.90821E1 -6.8599E1 -9.37198E1 -5.5264E1 -6.03249E1 -9.22705E1 -7.48792E1 -6.71498E1 -5.87629E1 -6.66667E1 -7.343E1 -6.02312E1 -5.81068E1 -6.52174E1 -7.24638E1 -6.57005E1 -4.91721E1 -2.98344E1 -4.25121E1 -7.00483E1 -7.05314E1 -7.48792E1 -5.45894E1 -9.18463E0 2.3156E0 7.50574E0 6.12836E0 5.11029E0 7.30612E0 5.56942E0 7.64547E0 5.19014E0 1.75666E0 1.59697E-1 4.71105E0 1.67681E0 1.47719E0 1.47719E0 6.10839E0 1.01607E1 1.01607E1
-5.79194E1 -5.87629E1 -6.23555E1 -6.44799E1 -5.66073E1 -6.09185E1 -8.21256E1 -7.3913E1 -7.3913E1 -7.343E1 -8.16425E1 -6.71665E1 -6.77601E1 -6.32615E1 -6.68853E1 -6.61356E1 -5.63886E1 -6.40425E1 -6.65417E1 -8.59903E1 -8.55072E1 -9.71014E1 -9.71014E1 -9.66184E1 -7.05314E1 -7.00483E1 -5.62324E1 -7.72947E1 -7.68116E1 -9.42029E1 -5.37957E1 -9.32367E1 -9.32367E1 -9.27536E1 -7.53623E1 -7.48792E1 -7.43961E1 -7.43961E1 -5.82318E1 -9.03382E1 -7.343E1 -7.29469E1 -7.343E1 -6.61836E1 -3.95189E1 -6.13527E1 -8.4058E1 -7.82609E1 -5.7971E1 -1.96813E1 -4.71728E0 1.3175E0 2.17587E0 3.39355E0 3.39355E0 1.61693E0 7.78521E-1 1.85647E0 1.59697E-1 1.59697E-1 3.99241E-2 -5.62324E-1 -2.68666E0 -8.21618E0 -1.14652E1 -1.06217E0 1.8964E0 1.55105E1
-6.5542E1 -6.53858E1 -6.51671E1 -6.70728E1 -6.66354E1 -6.49485E1 -9.32367E1 -6.61668E1 -6.74164E1 -9.37198E1 -8.21256E1 -6.80725E1 -6.16682E1 -6.35114E1 -6.53233E1 -6.64167E1 -6.36051E1 -7.1915E1 -9.4686E1 -6.71498E1 -8.64734E1 -9.80676E1 -9.75845E1 -7.92271E1 -7.10145E1 -7.10145E1 -7.82609E1 -9.4686E1 -9.4686E1 -9.4686E1 -6.30428E1 -9.42029E1 -9.37198E1 -9.32367E1 -6.8599E1 -6.81159E1 -7.53623E1 -5.58888E1 -5.13902E1 -8.21256E1 -9.03382E1 -6.79163E1 -7.06342E1 -7.3913E1 -5.21739E1 -7.3913E1 -3.03343E1 -2.19931E1 -2.37738E1 -1.12465E1 -6.93533E0 -1.45892E1 -1.0403E1 -1.33708E1 -1.09966E1 -1.24336E1 -1.17463E1 -2.49922E0 -8.87223E0 -1.32146E1 -1.29959E1 -1.9119E1 -1.76195E1 -1.86504E1 -1.72134E1 -1.86192E1 -2.41546E1 -2.02899E1
-8.45411E1 -6.45736E1 -6.46673E1 -6.49797E1 -6.40425E1 -7.02281E1 -8.35749E1 -6.72602E1 -9.37198E1 -6.86036E1 -8.26087E1 -8.26087E1 -6.81974E1 -6.58544E1 -6.86036E1 -6.91034E1 -6.83224E1 -6.99469E1 -8.74396E1 -6.76329E1 -6.76329E1 -8.69565E1 -9.80676E1 -7.97101E1 -7.97101E1 -7.92271E1 -8.59903E1 -7.8744E1 -7.82609E1 -7.82609E1 -8.50242E1 -8.50242E1 -6.61836E1 -9.42029E1 -7.63285E1 -7.63285E1 -7.58454E1 -9.27536E1 -6.81974E1 -8.26087E1 -6.57607E1 -7.43961E1 -7.3913E1 -8.9372E1 -7.8744E1 -6.03865E1 -2.76164E1 -2.32427E1 -2.52734E1 -2.60544E1 -2.53671E1 -2.99281E1 -2.47423E1 -1.80881E1 -2.26492E1 -2.81475E1 -2.66479E1 -2.43986E1 -2.04624E1 -1.77132E1 -2.1587E1 -2.13058E1 -2.14933E1 -1.79007E1 1.577E0 7.58559E0 -1.1059E1 -6.24805E0
-8.50242E1 -6.51671E1 -6.70103E1 -6.6323E1 -6.62293E1 -6.801E1 -6.59481E1 -8.4058E1 -7.58454E1 -6.59481E1 -6.79163E1 -6.65105E1 -6.70103E1 -6.46048E1 -7.07279E1 -6.82287E1 -7.06342E1 -6.71978E1 -6.39488E1 -8.79227E1 -8.79227E1 -8.79227E1 -8.74396E1 -9.85507E1 -8.01932E1 -7.97101E1 -8.69565E1 -9.56522E1 -9.56522E1 -9.56522E1 -9.56522E1 -8.55072E1 -8.55072E1 -9.4686E1 -9.4686E1 -6.54795E1 -9.37198E1 -9.32367E1 -8.4058E1 -9.27536E1 -9.22705E1 -8.30918E1 -8.26087E1 -8.21256E1 -6.37681E1 -4.15459E1 -3.3677E1 -3.87691E1 -3.68947E1 -3.63324E1 -2.65854E1 -1.7682E1 -1.98688E1 -1.15589E0 -2.59294E0 -6.93533E0 -1.08404E1 -1.99625E1 -2.55233E1 -2.15558E1 -2.657E1 -2.56039E1 -2.41546E1 -1.82443E1 2.19583E-1 3.99241E-2 -1.54589E1 -1.5942E1
-6.99156E1 -6.37301E1 -6.56045E1 -7.09153E1 -7.09153E1 -9.42029E1 -6.78538E1 -8.45411E1 -7.63285E1 -6.5667E1 -6.55733E1 -6.56357E1 -6.92284E1 -6.65729E1 -6.82912E1 -6.30116E1 -6.9697E1 -6.77288E1 -5.73571E1 -8.88889E1 -9.56522E1 -9.42029E1 -8.11594E1 -8.06763E1 -8.06763E1 -7.29469E1 -9.80676E1 -7.97101E1 -9.61353E1 -9.61353E1 -5.95127E1 -8.64734E1 -9.61353E1 -9.56522E1 -9.51691E1 -7.77778E1 -9.42029E1 -9.42029E1 -8.45411E1 -8.45411E1 -9.27536E1 -9.22705E1 -9.17874E1 -8.30918E1 -5.71072E1 -5.70048E1 -4.67979E1 -4.005E1 -4.18932E1 -5.55556E1 -1.59638E1 1.39735E-1 -5.99813E0 -1.34333E0 3.39355E-1 2.99431E-1 -1.56201E-1 -1.0628E1 -1.46204E1 -2.1256E1 -2.02899E1 -1.36832E1 -2.02899E1 -1.32459E1 -1.65261E1 -1.10903E1 -6.18557E0 -9.05967E-1
-6.69166E1 -5.93252E1 -6.58544E1 -7.06342E1 -7.0353E1 -7.01968E1 -6.73227E1 -8.55072E1 -7.72947E1 -7.68116E1 -6.75414E1 -6.69791E1 -6.90097E1 -7.08216E1 -7.01031E1 -7.19463E1 -6.65417E1 -6.43861E1 -6.07623E1 -6.34802E1 -8.21256E1 -9.4686E1 -8.88889E1 -8.88889E1 -9.85507E1 -9.90338E1 -9.90338E1 -8.06763E1 -8.01932E1 -8.01932E1 -9.66184E1 -8.69565E1 -9.66184E1 -9.61353E1 -9.61353E1 -7.82609E1 -7.77778E1 -9.4686E1 -8.55072E1 -8.50242E1 -9.37198E1 -8.45411E1 -8.4058E1 -9.22705E1 -8.35749E1 -8.26087E1 -8.16425E1 -7.53623E1 -6.90821E1 -2.68354E1 -9.09091E0 1.39735E-1 1.99621E-2 4.39166E-1 5.19014E-1 3.59317E-1 3.99241E-2 -1.0628E1 -1.38394E1 -2.6273E1 -2.47735E1 -2.12434E1 -2.09934E1 -1.93237E1 -2.82099E1 -2.07729E1 -1.54589E1 -2.31178E0
