ENM/Final_Models/M_2_F_lq_Set_1_EC/Gustavia_santanderiensis_Choco_stddev.asc
ncols         367
nrows         963
xllcorner     -78.6
yllcorner     0.65
cellsize      0.00833333333333323
NODATA_value  -9999
[rows 90 to 119 of 963, columns 268 to 334 of 367]
-9999 -9999 -9999 -9999 -9999 -9999 -9999 -9999 -9999 -9999 -9999 -9999 -9999 -9999 8.31647E-3 4.95512E-3 3.12262E-3 1.80327E-2 1.48636E-2 2.77297E-2 2.42973E-2 1.46569E-2 2.50078E-2 1.43446E-2 2.96184E-2 2.33435E-2 2.39813E-2 3.01231E-2 4.13435E-2 6.51613E-2 4.81529E-2 1.04393E-1 3.93358E-2 8.72599E-3 2.19564E-2 3.52357E-3 1.84113E-2 9.93572E-3 2.55057E-2 4.2907E-2 8.46007E-2 5.95349E-2 4.16734E-2 3.40162E-3 4.38361E-3 9.79851E-3 1.3054E-2 2.25704E-2 1.56005E-2 1.4599E-2 2.53958E-2 2.76837E-2 -9999 -9999 -9999 -9999 -9999 -9999 -9999 -9999 -9999 -9999 -9999 -9999 -9999 -9999 -9999
-9999 -9999 -9999 -9999 -9999 -9999 -9999 -9999 -9999 -9999 -9999 -9999 -9999 -9999 7.19034E-3 1.38622E-2 1.03566E-2 1.04017E-2 9.51101E-3 1.32819E-2 2.11014E-2 1.23221E-2 1.9114E-2 2.00969E-2 2.61901E-2 2.8304E-2 3.32378E-2 4.86002E-2 6.17349E-2 7.99641E-2 5.65283E-2 9.40306E-2 1.0226E-1 4.18747E-2 4.11738E-3 1.22831E-2 3.28283E-3 8.01093E-3 1.48006E-2 2.36695E-2 8.85693E-2 7.31748E-2 3.1307E-2 6.63412E-3 6.28924E-3 4.66026E-3 9.95739E-3 1.58776E-2 2.88291E-2 4.92202E-2 2.4212E-2 1.92558E-2 -9999 -9999 -9999 -9999 -9999 -9999 -9999 -9999 -9999 -9999 -9999 -9999 -9999 -9999 -9999
-9999 -9999 -9999 -9999 -9999 -9999 -9999 -9999 -9999 -9999 -9999 -9999 -9999 -9999 3.54498E-2 5.04452E-2 2.12024E-2 4.56297E-2 1.53808E-2 3.85301E-2 3.1167E-2 2.31226E-2 3.63624E-2 4.00662E-2 5.63436E-2 6.93274E-2 6.91402E-2 6.46372E-2 6.62579E-2 7.7334E-2 6.82142E-2 8.21685E-2 8.62411E-2 1.16884E-1 3.92546E-2 4.02106E-3 1.59645E-2 1.59285E-2 3.48297E-2 2.72163E-2 2.68829E-2 5.80869E-2 5.03719E-2 1.44111E-2 1.02563E-2 1.59549E-2 1.9525E-2 5.00152E-2 1.35903E-2 4.07975E-2 6.70989E-2 1.42177E-2 2.31547E-2 -9999 -9999 -9999 -9999 -9999 -9999 -9999 -9999 -9999 -9999 -9999 -9999 -9999 -9999
-9999 -9999 -9999 -9999 -9999 -9999 -9999 -9999 -9999 -9999 -9999 -9999 -9999 -9999 5.54644E-2 5.1106E-2 4.90144E-2 3.01208E-2 4.5507E-2 6.46254E-2 4.14305E-2 7.3484E-2 6.96919E-2 7.61669E-2 8.62331E-2 8.39396E-2 9.26449E-2 8.99919E-2 5.99464E-2 6.17124E-2 7.2536E-2 9.37436E-2 9.11925E-2 6.47484E-2 6.84762E-2 3.16188E-2 1.03331E-2 3.47541E-2 2.79512E-2 4.2059E-2 3.31262E-2 4.39123E-2 6.91888E-2 3.43813E-2 6.33478E-2 3.95273E-2 3.9458E-2 2.87859E-2 4.22971E-2 2.93077E-2 5.15438E-2 1.89306E-2 2.31096E-2 6.90462E-3 3.68636E-3 2.36921E-3 2.24293E-3 -9999 -9999 -9999 -9999 -9999 -9999 -9999 -9999 -9999 -9999
-9999 -9999 -9999 -9999 -9999 -9999 -9999 -9999 -9999 -9999 -9999 -9999 -9999 -9999 3.12155E-2 5.44717E-2 6.18806E-2 4.64883E-2 2.73756E-2 6.40647E-2 5.86997E-2 5.36416E-2 6.82828E-2 6.94217E-2 6.22131E-2 6.0568E-2 1.14855E-1 1.05657E-1 6.94025E-2 6.87149E-2 8.21507E-2 7.97453E-2 8.61265E-2 1.06271E-1 1.01944E-1 7.97874E-2 2.14388E-2 1.15086E-2 1.58623E-2 2.18975E-2 1.56917E-2 1.42235E-2 1.30837E-2 4.7039E-3 1.45812E-2 2.076E-2 2.45525E-2 3.08727E-2 3.74189E-2 3.4375E-2 3.01335E-2 5.52881E-3 1.21119E-2 8.07388E-3 2.19889E-3 3.58188E-3 6.00983E-3 6.05008E-3 -9999 -9999 -9999 -9999 -9999 -9999 -9999 -9999 -9999
-9999 -9999 -9999 -9999 -9999 -9999 -9999 -9999 -9999 -9999 -9999 -9999 -9999 -9999 -9999 -9999 2.67576E-2 3.91476E-2 -9999 4.40103E-2 4.45721E-2 4.23253E-2 4.68845E-2 6.74568E-2 5.30245E-2 5.69853E-2 8.86708E-2 6.1019E-2 7.5198E-2 6.9249E-2 6.20749E-2 8.65524E-2 1.15334E-1 1.2962E-1 1.45193E-1 8.63363E-2 1.76986E-2 5.65643E-3 3.85421E-3 1.13946E-2 9.11063E-3 1.05704E-2 1.26802E-2 6.08207E-3 3.59128E-3 4.74263E-3 1.09869E-2 8.99537E-3 5.25209E-3 1.46508E-2 1.43248E-2 5.75459E-3 7.96322E-3 5.36107E-3 7.33422E-3 4.05843E-3 5.42179E-3 1.47565E-2 1.54011E-2 -9999 -9999 -9999 -9999 -9999 -9999 -9999 -9999
-9999 -9999 -9999 -9999 -9999 -9999 -9999 -9999 -9999 -9999 -9999 -9999 -9999 -9999 -9999 -9999 -9999 -9999 -9999 3.62609E-2 4.34831E-2 3.70067E-2 4.84569E-2 5.9321E-2 6.42573E-2 7.06826E-2 5.66103E-2 6.05239E-2 5.63998E-2 5.15911E-2 5.97149E-2 8.98847E-2 8.18193E-2 9.84973E-2 1.30429E-1 6.89083E-2 7.2751E-3 3.45232E-3 2.84489E-3 1.37497E-3 1.56659E-3 1.98871E-3 8.73803E-3 3.50561E-3 1.33368E-3 2.09105E-3 1.203E-3 1.53043E-3 2.3403E-3 3.12294E-3 5.54245E-3 2.70168E-3 6.06313E-3 3.42995E-3 4.26149E-3 3.25511E-3 4.34414E-3 4.68349E-3 -9999 -9999 -9999 -9999 -9999 -9999 -9999 -9999 -9999
-9999 -9999 -9999 -9999 -9999 -9999 -9999 -9999 -9999 -9999 -9999 -9999 -9999 -9999 -9999 -9999 -9999 -9999 2.52995E-2 2.78093E-2 3.64434E-2 6.7146E-2 8.06098E-2 6.3112E-2 5.62366E-2 6.59286E-2 7.16794E-2 5.87454E-2 3.6189E-2 3.78219E-2 6.05847E-2 6.85225E-2 8.77285E-2 9.95543E-2 1.01365E-1 5.88239E-2 9.87114E-3 1.16926E-2 1.0363E-3 1.93726E-3 1.22933E-3 2.85356E-3 3.66491E-3 1.39423E-3 2.04287E-3 1.09844E-3 1.72714E-3 9.11476E-4 8.5626E-4 2.31466E-3 4.50265E-3 4.92996E-3 5.61585E-3 9.63585E-3 3.51887E-3 2.7016E-3 8.0718E-3 6.41209E-3 -9999 -9999 -9999 -9999 -9999 -9999 -9999 -9999 -9999
-9999 -9999 -9999 -9999 -9999 -9999 -9999 -9999 -9999 -9999 -9999 -9999 -9999 -9999 -9999 -9999 -9999 -9999 -9999 -9999 -9999 3.02271E-2 2.88396E-2 1.95347E-2 2.25891E-2 4.31126E-2 4.93493E-2 4.65391E-2 2.7469E-2 3.32153E-2 5.39594E-2 7.09287E-2 6.73083E-2 7.35376E-2 4.33833E-2 1.77564E-2 9.48544E-3 7.41968E-3 2.7548E-3 3.32369E-3 8.15911E-4 1.26333E-3 1.9838E-3 1.80949E-3 2.21594E-3 9.41277E-3 5.82343E-3 2.95952E-3 4.26814E-3 2.29385E-2 2.67692E-2 9.614E-3 2.0224E-2 1.77709E-2 1.93176E-2 6.0874E-3 6.72362E-3 -9999 -9999 -9999 -9999 -9999 -9999 -9999 -9999 -9999 -9999
-9999 -9999 -9999 -9999 -9999 -9999 -9999 -9999 -9999 -9999 -9999 -9999 -9999 -9999 -9999 -9999 -9999 -9999 -9999 3.53516E-2 3.35444E-2 1.78739E-2 1.73064E-2 2.21168E-2 2.1878E-2 1.81113E-2 2.80586E-2 2.99253E-2 2.97615E-2 3.83489E-2 2.05272E-2 3.26428E-2 3.95688E-2 1.39493E-2 2.4129E-2 2.01282E-2 9.28326E-3 4.1529E-3 1.81781E-3 1.50329E-3 3.16894E-3 3.73636E-3 2.94745E-3 6.1585E-3 2.33762E-3 1.15934E-2 1.91481E-2 1.11875E-2 5.53014E-3 9.73394E-3 1.26734E-2 1.00155E-2 1.8302E-2 1.98592E-2 4.46464E-3 4.29435E-3 -9999 -9999 -9999 -9999 -9999 -9999 -9999 -9999 -9999 -9999 -9999
-9999 -9999 -9999 -9999 -9999 -9999 -9999 -9999 -9999 -9999 -9999 -9999 -9999 -9999 -9999 -9999 -9999 -9999 -9999 3.9499E-2 3.08856E-2 2.73353E-2 2.85261E-2 2.656E-2 3.6445E-2 3.2954E-2 2.33908E-2 2.75985E-2 2.19691E-2 1.32951E-2 2.0991E-2 2.45574E-2 2.61195E-2 2.57909E-2 6.95321E-3 4.77643E-3 6.24788E-3 1.62515E-3 1.2643E-3 2.09187E-3 5.84321E-3 6.81246E-3 6.34466E-3 1.17159E-2 1.66362E-2 3.53506E-2 7.39999E-3 3.76728E-3 2.01693E-2 4.80568E-2 5.66543E-2 1.38165E-2 5.86815E-3 3.94607E-3 8.15611E-3 6.7804E-3 -9999 -9999 -9999 -9999 -9999 -9999 -9999 -9999 -9999 -9999 -9999
-9999 -9999 -9999 -9999 -9999 -9999 -9999 -9999 -9999 -9999 -9999 -9999 -9999 -9999 -9999 -9999 -9999 -9999 -9999 -9999 5.22212E-2 3.18558E-2 3.50641E-2 3.33671E-2 3.41091E-2 3.85402E-2 7.39095E-2 8.3812E-2 5.6375E-2 2.70087E-2 1.70109E-2 2.71844E-2 2.2775E-2 1.86156E-2 1.83564E-2 1.39018E-2 3.44376E-3 1.69603E-3 2.39781E-3 4.08403E-3 8.17022E-3 1.06264E-2 1.19545E-2 2.30481E-2 7.44467E-3 2.61265E-2 4.8151E-2 4.21183E-2 4.74927E-2 6.43626E-2 1.82966E-2 2.48964E-2 5.36998E-3 7.35312E-3 3.8412E-3 -9999 -9999 -9999 -9999 -9999 -9999 -9999 -9999 -9999 -9999 -9999 -9999
-9999 -9999 -9999 -9999 -9999 -9999 -9999 -9999 -9999 -9999 -9999 -9999 -9999 -9999 -9999 -9999 -9999 -9999 -9999 -9999 4.39272E-2 4.7969E-2 4.00335E-2 4.0299E-2 3.74455E-2 5.08057E-2 8.40425E-2 1.21894E-1 1.04075E-1 7.28737E-2 3.77726E-2 2.59587E-2 1.42313E-2 1.11884E-2 8.00414E-3 1.32235E-2 9.37621E-3 3.12657E-3 3.22069E-3 4.04866E-3 5.03618E-3 6.57265E-3 1.11554E-2 2.88422E-2 1.61281E-2 4.3653E-2 1.02707E-1 4.9631E-2 4.28196E-2 1.17226E-2 1.28193E-2 1.63286E-2 3.46909E-3 1.10554E-2 1.07936E-2 -9999 -9999 -9999 -9999 -9999 -9999 -9999 -9999 -9999 -9999 -9999 -9999
-9999 -9999 -9999 -9999 -9999 -9999 -9999 -9999 -9999 -9999 -9999 -9999 -9999 -9999 -9999 -9999 -9999 -9999 -9999 -9999 4.36588E-2 3.3359E-2 5.09771E-2 4.84455E-2 3.67415E-2 6.08424E-2 8.32077E-2 8.95821E-2 1.18421E-1 1.31471E-1 4.41118E-2 4.03123E-2 1.63707E-2 1.14552E-2 5.32578E-3 1.25751E-2 1.14534E-2 2.48493E-3 3.10807E-3 4.58486E-3 5.99667E-3 7.73884E-3 7.19656E-3 3.37855E-2 1.94491E-2 3.70199E-2 9.73335E-2 7.78818E-2 9.82453E-2 5.39723E-2 3.16839E-2 2.83442E-2 7.78483E-3 7.58891E-3 6.8759E-3 -9999 -9999 -9999 -9999 -9999 -9999 -9999 -9999 -9999 -9999 -9999 -9999
-9999 -9999 -9999 -9999 -9999 -9999 -9999 -9999 -9999 -9999 -9999 -9999 -9999 -9999 -9999 -9999 -9999 -9999 -9999 -9999 5.87398E-2 5.23382E-2 6.01837E-2 5.75222E-2 5.84166E-2 6.98897E-2 7.28958E-2 7.75813E-2 9.44464E-2 1.34493E-1 1.00465E-1 6.56196E-2 2.19509E-2 2.14843E-2 1.32526E-2 1.04994E-2 8.68381E-3 1.86304E-3 4.81775E-3 2.17119E-3 4.5856E-3 3.06646E-3 3.32011E-3 3.97026E-2 1.88364E-2 1.8972E-2 9.23126E-2 1.10899E-1 1.00696E-1 4.30848E-2 1.53688E-2 2.81911E-2 6.72809E-3 5.18338E-3 -9999 -9999 -9999 -9999 -9999 -9999 -9999 -9999 -9999 -9999 -9999 -9999 -9999
-9999 -9999 -9999 -9999 -9999 -9999 -9999 -9999 -9999 -9999 -9999 -9999 -9999 -9999 -9999 -9999 -9999 -9999 -9999 -9999 -9999 -9999 -9999 5.21276E-2 7.20039E-2 7.02246E-2 7.01091E-2 8.35805E-2 9.76646E-2 1.20747E-1 1.32568E-1 7.328E-2 5.74333E-2 1.08934E-2 2.67651E-2 1.35829E-2 1.26648E-2 3.65865E-3 3.37981E-3 4.05239E-3 4.14433E-3 8.60974E-3 1.39462E-2 2.78822E-2 2.25396E-2 1.40206E-2 6.84058E-2 2.51452E-2 3.59039E-2 2.30631E-2 2.38983E-2 4.45152E-3 4.50433E-3 7.6131E-3 -9999 -9999 -9999 -9999 -9999 -9999 -9999 -9999 -9999 -9999 -9999 -9999 -9999
-9999 -9999 -9999 -9999 -9999 -9999 -9999 -9999 -9999 -9999 -9999 -9999 -9999 -9999 -9999 -9999 -9999 -9999 -9999 -9999 -9999 -9999 -9999 -9999 7.10404E-2 7.05825E-2 6.68389E-2 8.61655E-2 9.74994E-2 1.02E-1 1.00674E-1 7.51224E-2 5.88186E-2 2.89361E-2 2.50317E-2 1.29317E-2 1.41086E-2 3.79305E-3 9.46764E-3 5.3395E-3 6.38319E-3 3.38669E-3 3.83261E-3 1.65343E-2 1.60594E-2 3.33854E-2 1.91028E-2 1.56473E-2 9.33671E-3 1.0152E-2 4.04983E-3 2.09571E-3 3.50967E-3 9.49232E-3 -9999 -9999 8.68425E-3 2.00374E-2 -9999 -9999 -9999 -9999 -9999 -9999 -9999 -9999 -9999
-9999 -9999 -9999 -9999 -9999 -9999 -9999 -9999 -9999 -9999 -9999 -9999 -9999 -9999 -9999 -9999 -9999 -9999 -9999 -9999 -9999 -9999 -9999 -9999 6.53697E-2 7.04113E-2 6.36484E-2 6.36637E-2 7.72702E-2 9.31496E-2 9.16699E-2 6.01937E-2 5.67777E-2 2.84483E-2 1.92743E-2 2.19145E-2 1.97151E-2 7.42929E-3 1.64997E-2 3.9205E-3 8.49843E-3 7.29588E-3 1.04798E-2 8.87101E-3 5.73802E-3 2.48559E-2 1.49E-2 1.52965E-2 3.6637E-3 5.60974E-3 3.48277E-3 4.39574E-3 1.05734E-2 -9999 -9999 -9999 7.2013E-3 1.73532E-2 -9999 -9999 -9999 -9999 -9999 -9999 -9999 -9999 -9999
-9999 -9999 -9999 -9999 -9999 -9999 -9999 -9999 -9999 -9999 -9999 -9999 -9999 -9999 -9999 -9999 -9999 -9999 -9999 -9999 -9999 -9999 -9999 4.68469E-2 5.41649E-2 6.00609E-2 5.7777E-2 7.04284E-2 6.9327E-2 6.93883E-2 6.23337E-2 4.86646E-2 4.07823E-2 4.77961E-2 2.95681E-2 4.65795E-2 4.97002E-2 1.7701E-2 2.41912E-2 1.43649E-2 6.04588E-3 6.6129E-3 2.69494E-3 3.15131E-3 3.18819E-3 4.45747E-3 5.05366E-3 6.8859E-3 6.26217E-3 5.42161E-3 4.72669E-3 6.31158E-3 5.80218E-3 -9999 -9999 -9999 9.44121E-3 1.34507E-2 -9999 -9999 -9999 -9999 -9999 -9999 -9999 -9999 -9999
-9999 -9999 -9999 -9999 -9999 2.35802E-2 -9999 -9999 -9999 -9999 -9999 -9999 -9999 -9999 -9999 -9999 -9999 -9999 -9999 -9999 -9999 -9999 -9999 3.61084E-2 3.97185E-2 5.18766E-2 5.86946E-2 6.34974E-2 6.313E-2 5.60549E-2 5.41924E-2 5.97108E-2 6.16345E-2 4.164E-2 6.11253E-2 6.45652E-2 5.2324E-2 5.21948E-2 2.27648E-2 1.07232E-2 8.91578E-3 4.15507E-3 2.20735E-3 2.28961E-3 4.34892E-3 2.29398E-3 1.67888E-3 3.5346E-3 2.78908E-3 2.86741E-3 6.62536E-3 5.19672E-3 7.92903E-3 -9999 -9999 5.45718E-3 4.25936E-3 1.76825E-2 -9999 -9999 -9999 -9999 -9999 -9999 -9999 -9999 -9999
-9999 -9999 1.58651E-2 -9999 -9999 2.51291E-2 -9999 -9999 -9999 -9999 -9999 -9999 -9999 -9999 -9999 -9999 -9999 -9999 -9999 -9999 -9999 -9999 -9999 -9999 3.01774E-2 5.45816E-2 5.66049E-2 5.69397E-2 6.97979E-2 6.08828E-2 6.22752E-2 5.84987E-2 4.51312E-2 5.61085E-2 6.49794E-2 6.17779E-2 5.27566E-2 4.97209E-2 3.23836E-2 3.89681E-2 8.60825E-3 9.31849E-3 1.41541E-3 1.64281E-3 3.58943E-3 6.1496E-3 4.2742E-3 2.35176E-3 5.23096E-3 6.00009E-3 9.98364E-3 6.95333E-3 -9999 -9999 9.42365E-3 1.34121E-2 3.84314E-3 7.02054E-3 -9999 -9999 -9999 -9999 -9999 -9999 -9999 -9999 -9999
-9999 1.48923E-2 1.08532E-2 -9999 -9999 4.01719E-2 -9999 -9999 -9999 -9999 -9999 -9999 -9999 -9999 -9999 -9999 -9999 -9999 -9999 -9999 -9999 -9999 -9999 -9999 -9999 1.37801E-2 1.67944E-2 2.86717E-2 4.64283E-2 4.50462E-2 3.92317E-2 4.42568E-2 3.76524E-2 5.32063E-2 5.99812E-2 6.43322E-2 6.23896E-2 5.6784E-2 4.2692E-2 3.31118E-2 4.82841E-3 4.17153E-3 2.3236E-3 7.63538E-3 2.57723E-3 5.426E-3 9.18202E-3 1.11963E-2 9.68593E-3 5.42413E-3 9.54289E-3 8.99249E-3 -9999 -9999 8.43161E-3 1.03868E-2 7.34988E-3 1.10007E-2 1.18868E-2 -9999 -9999 -9999 -9999 -9999 -9999 -9999 -9999
-9999 2.45518E-2 1.3559E-2 -9999 2.53392E-2 2.59247E-2 -9999 -9999 -9999 -9999 -9999 -9999 -9999 -9999 -9999 -9999 -9999 -9999 -9999 -9999 -9999 -9999 -9999 -9999 -9999 1.00107E-2 1.20893E-2 1.32916E-2 1.86707E-2 1.96563E-2 1.74047E-2 2.23787E-2 3.30936E-2 1.76757E-2 2.28179E-2 1.7576E-2 1.23556E-2 2.3231E-2 1.23803E-2 4.63477E-3 9.97238E-3 8.19886E-3 6.80938E-3 5.78874E-3 2.96457E-3 1.89587E-2 1.40554E-2 9.47666E-3 3.60784E-3 6.63726E-3 8.14286E-3 1.45128E-2 -9999 7.23583E-3 2.04857E-2 2.14433E-2 2.39978E-2 1.16396E-2 2.92966E-2 -9999 -9999 -9999 -9999 -9999 -9999 -9999 -9999
2.9422E-2 4.58735E-2 2.36138E-2 3.25659E-2 2.63531E-2 4.11424E-2 -9999 -9999 -9999 -9999 -9999 -9999 -9999 -9999 -9999 -9999 -9999 -9999 -9999 -9999 -9999 -9999 -9999 -9999 -9999 -9999 -9999 -9999 1.3421E-2 8.24586E-3 4.12857E-3 5.56233E-3 1.04049E-2 1.1017E-2 1.29771E-2 7.75818E-3 1.30584E-2 1.83051E-2 1.19604E-2 8.64503E-3 1.12833E-2 9.82767E-3 1.03469E-2 9.61625E-3 7.1979E-3 9.52698E-3 2.02747E-2 1.85627E-2 1.46988E-2 8.54192E-3 1.40771E-2 -9999 -9999 1.19938E-2 1.59553E-2 2.66963E-2 2.12999E-2 1.58748E-2 2.42646E-2 -9999 -9999 -9999 -9999 -9999 -9999 -9999 -9999
4.12333E-2 3.60627E-2 1.91762E-2 4.62314E-2 4.49776E-2 3.45932E-2 4.43062E-2 -9999 -9999 -9999 -9999 -9999 -9999 -9999 -9999 -9999 -9999 -9999 -9999 -9999 -9999 -9999 -9999 -9999 -9999 -9999 -9999 -9999 5.94352E-3 4.56977E-3 1.31064E-2 9.65194E-3 8.52392E-3 8.84388E-3 1.12152E-2 1.21057E-2 1.01375E-2 1.88558E-2 1.59864E-2 1.53893E-2 1.12777E-2 6.98124E-3 2.70854E-2 2.98132E-2 1.61894E-2 1.60658E-2 1.62796E-2 1.75046E-2 2.26789E-2 1.96824E-2 2.39267E-2 1.79768E-2 -9999 1.17102E-2 1.42265E-2 2.01306E-2 2.27726E-2 1.98396E-2 3.43671E-2 -9999 -9999 -9999 -9999 -9999 -9999 -9999 -9999
6.15861E-2 4.8223E-2 3.00686E-2 3.54192E-2 1.66123E-2 4.23839E-2 -9999 -9999 -9999 -9999 -9999 -9999 -9999 -9999 -9999 -9999 -9999 -9999 -9999 -9999 -9999 -9999 -9999 -9999 -9999 -9999 -9999 7.52632E-3 6.55387E-3 4.50155E-3 8.94077E-3 9.30941E-3 6.63669E-3 1.10805E-2 1.86905E-2 1.06271E-2 1.15109E-2 1.35673E-2 1.39691E-2 9.69098E-3 1.57805E-2 1.88881E-2 3.32197E-2 3.51105E-2 3.23387E-2 1.75421E-2 1.22842E-2 1.00186E-2 1.99384E-2 1.59604E-2 2.37103E-2 3.32225E-2 2.5846E-2 2.63992E-2 3.79745E-2 3.83191E-2 3.91004E-2 2.10609E-2 2.62359E-2 -9999 -9999 -9999 -9999 -9999 -9999 -9999 -9999
7.47648E-2 8.60268E-2 3.51562E-2 3.41735E-2 3.82568E-2 4.79539E-2 -9999 -9999 -9999 -9999 -9999 -9999 -9999 -9999 -9999 -9999 -9999 -9999 -9999 -9999 -9999 -9999 -9999 -9999 -9999 -9999 -9999 7.87719E-3 1.04329E-2 4.69541E-3 8.45028E-3 8.3842E-3 6.38766E-3 6.51072E-3 1.46043E-2 1.37589E-2 1.78652E-2 1.06942E-2 1.235E-2 1.67168E-2 1.71175E-2 2.55586E-2 4.38233E-2 2.60285E-2 2.46759E-2 1.47933E-2 7.77399E-3 2.5178E-3 5.10777E-3 1.23565E-2 2.34758E-2 2.18724E-2 2.6629E-2 2.65209E-2 2.89501E-2 3.35926E-2 3.3892E-2 7.58342E-3 2.55516E-2 -9999 -9999 -9999 -9999 -9999 -9999 -9999 -9999
4.90175E-2 6.75005E-2 4.16237E-2 2.79072E-2 4.42855E-2 1.89163E-2 -9999 -9999 -9999 -9999 -9999 -9999 -9999 -9999 -9999 -9999 -9999 -9999 -9999 -9999 -9999 -9999 -9999 -9999 -9999 -9999 8.09992E-3 7.39323E-3 1.21097E-2 9.0211E-3 6.3805E-3 7.56184E-3 9.99795E-3 9.84736E-3 1.07397E-2 1.47122E-2 1.62624E-2 1.57369E-2 1.36858E-2 1.54769E-2 1.27663E-2 5.15157E-2 4.48249E-2 1.96349E-2 1.64672E-2 1.92635E-2 1.07636E-2 5.4925E-3 3.14145E-2 1.3125E-2 1.67499E-2 2.76328E-2 2.52091E-2 1.65223E-2 2.05381E-2 1.86368E-2 9.50648E-3 1.75183E-2 -9999 -9999 -9999 -9999 -9999 -9999 -9999 -9999 -9999
7.1906E-2 1.30539E-1 1.02933E-1 4.04556E-2 5.0387E-2 1.3723E-2 -9999 -9999 -9999 -9999 -9999 -9999 -9999 -9999 -9999 -9999 -9999 -9999 -9999 -9999 -9999 -9999 -9999 -9999 -9999 -9999 -9999 -9999 -9999 -9999 -9999 -9999 1.33157E-2 6.56551E-3 8.92651E-3 4.54465E-3 1.33279E-2 8.93314E-3 1.87436E-2 8.88636E-3 2.76829E-2 1.45861E-2 2.75522E-2 3.82258E-2 6.07755E-2 7.22525E-2 1.20774E-1 7.71023E-2 2.4482E-2 2.04569E-2 1.94686E-2 2.45911E-2 3.70795E-2 1.14327E-2 2.7254E-2 1.99108E-2 2.40579E-2 -9999 -9999 -9999 -9999 -9999 -9999 3.58072E-3 3.93107E-3 6.81428E-3 1.68384E-2
8.77322E-2 9.28013E-2 6.09919E-2 5.04783E-2 4.30277E-2 3.88777E-2 -9999 -9999 -9999 -9999 -9999 -9999 -9999 -9999 -9999 -9999 -9999 -9999 -9999 -9999 -9999 -9999 -9999 -9999 -9999 -9999 -9999 -9999 -9999 -9999 -9999 -9999 -9999 -9999 7.07024E-3 1.76613E-2 6.2736E-3 1.00991E-2 7.26714E-3 8.28546E-3 1.8224E-2 1.22015E-2 3.13846E-2 6.02684E-2 5.93811E-2 6.88937E-2 1.24452E-1 1.18765E-1 1.48426E-2 2.81947E-2 2.25583E-2 3.08943E-2 4.11589E-2 4.37716E-2 2.66916E-2 -9999 -9999 -9999 -9999 -9999 -9999 -9999 -9999 -9999 1.49503E-2 3.09364E-2 4.53536E-2
