ENM/Final_Models/M_2_F_lq_Set_1_EC/Gustavia_santanderiensis_Choco_max.asc
ncols         367
nrows         963
xllcorner     -78.6
yllcorner     0.65
cellsize      0.00833333333333323
NODATA_value  -9999
[rows 858 to 890 of 963, columns 152 to 227 of 367]
-9999 -9999 6.62707E-2 4.76787E-2 -9999 -9999 3.57959E-3 7.61047E-4 4.36772E-4 5.97972E-5 2.2842E-5 2.45012E-5 9.17492E-6 9.98645E-6 1.13194E-5 6.96485E-6 6.01876E-6 9.06089E-6 7.44809E-6 6.53354E-6 1.04679E-5 1.24803E-5 8.31748E-6 1.20961E-5 1.1873E-5 9.59829E-6 1.19354E-5 1.72652E-5 2.30474E-5 2.24249E-5 1.71088E-5 2.21803E-5 1.97288E-5 1.9073E-5 3.81064E-5 3.64921E-5 4.58811E-5 5.14065E-5 1.18357E-4 9.54293E-5 1.52187E-4 1.56094E-4 2.30277E-4 2.34504E-4 2.48015E-4 1.24632E-4 5.06919E-5 2.67078E-5 3.0131E-5 8.16316E-5 8.53142E-5 8.03739E-5 3.7574E-5 8.52313E-6 1.05855E-5 4.78122E-6 5.60442E-6 1.88026E-6 6.39671E-6 3.86847E-6 1.07136E-5 1.22975E-4 1.52588E-4 6.80891E-4 1.79756E-3 2.93959E-3 3.23505E-3 -9999 -9999 -9999 -9999 -9999 -9999 -9999 -9999 -9999
-9999 -9999 -9999 -9999 -9999 -9999 -9999 6.98806E-4 5.04871E-4 1.2262E-4 2.05578E-5 2.50934E-5 1.24719E-5 2.41477E-5 1.45004E-5 1.03958E-5 3.89193E-6 4.88878E-6 1.13193E-5 8.68765E-6 8.19293E-6 8.97685E-6 1.80855E-5 1.79864E-5 1.35691E-5 1.39059E-5 1.51042E-5 1.22896E-5 9.77997E-6 1.45687E-5 2.30778E-5 3.65527E-5 2.59665E-5 3.23711E-5 2.99573E-5 3.85212E-5 3.94862E-5 5.23394E-5 5.23489E-5 8.22146E-5 1.30802E-4 1.27023E-4 1.78213E-4 3.29488E-4 2.96401E-4 1.62637E-4 3.50841E-5 7.0737E-6 1.1249E-5 2.73465E-5 4.57628E-5 2.52935E-5 9.99052E-6 3.12286E-6 3.71887E-6 2.9429E-6 1.38455E-6 4.37003E-7 1.56852E-6 1.91503E-6 9.2148E-6 1.88066E-5 9.21024E-5 1.5641E-3 1.48862E-3 3.82297E-3 -9999 -9999 -9999 -9999 -9999 -9999 -9999 -9999 -9999 -9999
-9999 -9999 -9999 -9999 -9999 -9999 -9999 1.21454E-2 6.25061E-3 1.72493E-3 3.54856E-4 1.09068E-4 6.08137E-5 2.45128E-5 1.61142E-5 6.03354E-6 7.47178E-6 3.21339E-6 8.2948E-6 4.87147E-5 5.37638E-5 1.33431E-5 1.84501E-5 2.78068E-5 1.6972E-5 2.37149E-5 2.06282E-5 9.744E-6 1.99431E-5 2.36392E-5 4.55917E-5 5.80066E-5 4.37847E-5 6.02987E-5 4.66561E-5 5.22809E-5 6.99782E-5 5.34382E-5 5.12078E-5 1.10316E-4 1.17332E-4 1.47995E-4 3.16042E-4 3.16342E-4 2.94677E-4 7.08348E-5 9.08543E-6 2.10125E-6 2.40139E-6 7.22095E-6 1.65494E-5 5.11785E-6 3.60591E-6 6.33173E-6 6.69999E-6 2.449E-6 5.21032E-6 6.49383E-7 1.22237E-6 3.79402E-6 1.27606E-5 3.01717E-6 2.64666E-5 1.28903E-4 1.47417E-4 6.04272E-4 -9999 -9999 -9999 -9999 -9999 -9999 -9999 -9999 -9999 -9999
7.44835E-3 -9999 -9999 -9999 -9999 -9999 -9999 -9999 -9999 2.73774E-3 4.82787E-4 2.96757E-4 7.62304E-5 1.20475E-5 7.43744E-6 7.89016E-6 4.57008E-6 3.50234E-6 6.3263E-6 2.80598E-5 9.3759E-5 8.81014E-5 3.03154E-5 2.42481E-5 2.9806E-5 2.51473E-5 2.32975E-5 1.75197E-5 3.33982E-5 5.34676E-5 1.30802E-4 8.83412E-5 7.72797E-5 5.51257E-5 5.65798E-5 3.07192E-5 7.86781E-5 6.45986E-5 1.46081E-4 1.34329E-4 1.90371E-4 1.62323E-4 3.24361E-4 4.02762E-4 1.58423E-4 3.46548E-5 1.16993E-5 3.18758E-6 3.56524E-6 8.60719E-6 1.64358E-5 2.27033E-5 1.45165E-5 2.22135E-5 6.98146E-5 1.26381E-5 1.42955E-6 4.84561E-7 5.62838E-7 2.10172E-6 2.32557E-6 1.22623E-6 2.00947E-6 6.48604E-6 3.80641E-6 -9999 -9999 -9999 -9999 -9999 -9999 -9999 -9999 -9999 -9999 -9999
-9999 2.84179E-3 -9999 -9999 -9999 -9999 -9999 -9999 -9999 1.03575E-3 6.01647E-4 8.03198E-4 1.57165E-4 9.60789E-6 6.91447E-6 3.77923E-6 5.17742E-6 7.79065E-6 7.93858E-6 2.44787E-5 6.89249E-5 1.62593E-4 3.49649E-5 1.06322E-5 1.70265E-5 3.45486E-5 2.24069E-5 1.79463E-5 3.56055E-5 8.2379E-5 2.0908E-4 9.64013E-5 5.02438E-5 3.3108E-5 8.60154E-5 6.02981E-5 5.12488E-5 4.94111E-5 9.30001E-5 1.44591E-4 2.35078E-4 1.68629E-4 2.7733E-4 3.03638E-4 1.59636E-4 9.84631E-5 7.49658E-5 3.10255E-5 1.75893E-5 3.25417E-5 -9999 -9999 3.03259E-5 6.22964E-5 1.08474E-4 3.77175E-5 1.27141E-5 3.37422E-6 1.56649E-6 7.454E-7 2.86237E-6 1.84011E-6 7.17104E-6 1.97097E-6 -9999 -9999 -9999 -9999 -9999 -9999 -9999 -9999 -9999 -9999 -9999 -9999
-9999 4.98943E-3 4.29327E-3 3.67901E-2 1.02254E-1 -9999 -9999 -9999 -9999 -9999 2.3705E-3 1.62234E-3 2.64477E-4 1.87127E-5 1.63199E-5 9.68301E-6 4.39475E-6 1.04624E-5 1.84056E-5 9.62947E-5 3.71816E-4 5.3279E-4 7.58181E-5 3.97145E-5 4.25951E-5 5.7574E-5 4.213E-5 2.50174E-5 4.55606E-5 2.89651E-4 6.74253E-5 4.6241E-5 4.41095E-5 7.8968E-5 7.35863E-5 1.49928E-4 8.44519E-5 7.22766E-5 8.17997E-5 2.18406E-4 2.22665E-4 1.72143E-4 2.08193E-4 3.01889E-4 3.22298E-4 2.16012E-4 1.17813E-4 5.09246E-5 -9999 -9999 -9999 -9999 -9999 -9999 3.00895E-4 8.49355E-5 1.37788E-4 6.79947E-6 2.58901E-6 3.40436E-6 8.33241E-6 1.63745E-5 4.21693E-5 -9999 -9999 -9999 -9999 -9999 -9999 -9999 -9999 -9999 -9999 -9999 -9999 -9999
2.21789E-3 7.50416E-3 2.94471E-3 1.62809E-2 2.11914E-1 1.95138E-2 -9999 8.02303E-2 -9999 -9999 -9999 1.19746E-3 2.88582E-4 4.90675E-4 5.43878E-5 2.29732E-5 8.78924E-6 4.62764E-5 8.13154E-5 1.46456E-4 1.67428E-3 6.3066E-4 8.52495E-5 1.78011E-4 1.06673E-4 2.6018E-4 1.08697E-4 1.27368E-4 7.16372E-4 5.28714E-4 6.81851E-5 4.90626E-5 6.6847E-5 8.18307E-5 1.11214E-4 1.6293E-4 1.71484E-4 1.92887E-4 1.13859E-4 2.12454E-4 2.86348E-4 2.69424E-4 1.80382E-4 3.23735E-4 3.59991E-4 3.2456E-4 -9999 -9999 -9999 -9999 -9999 -9999 -9999 -9999 -9999 8.68186E-4 4.01132E-4 2.71719E-5 2.53963E-5 8.08213E-5 6.08813E-5 7.5361E-5 3.45001E-4 -9999 -9999 -9999 -9999 -9999 -9999 -9999 -9999 -9999 -9999 -9999 -9999 -9999
8.93099E-4 3.14204E-3 4.29043E-3 3.46362E-2 1.10468E-1 6.70377E-3 7.82571E-3 8.81826E-3 6.75557E-2 -9999 -9999 -9999 3.81728E-3 9.11868E-4 2.12492E-4 3.34836E-4 2.58376E-4 5.18562E-4 4.61155E-4 5.40488E-4 6.03207E-3 9.22194E-4 6.98193E-4 2.29317E-3 1.5331E-3 1.5139E-3 4.05782E-4 1.04828E-3 2.13555E-3 1.45506E-4 7.31878E-5 6.57484E-5 9.74223E-5 1.66156E-4 2.38333E-4 1.50166E-4 2.00288E-4 2.51721E-4 2.68547E-4 1.78039E-4 2.28213E-4 3.22808E-4 1.85063E-4 2.64305E-4 2.84594E-4 2.88673E-4 -9999 -9999 -9999 -9999 -9999 -9999 -9999 -9999 -9999 8.83299E-4 1.52977E-3 1.29477E-3 1.04508E-3 4.34327E-4 7.00262E-4 1.3534E-3 -9999 -9999 -9999 -9999 -9999 -9999 -9999 -9999 -9999 -9999 -9999 -9999 -9999 -9999
4.80848E-4 3.09633E-3 4.33888E-3 5.64956E-3 9.12813E-2 7.14457E-3 4.17259E-3 8.48445E-3 5.18861E-3 7.3774E-3 3.92958E-2 -9999 -9999 2.01599E-2 1.63404E-2 3.73045E-3 1.03151E-2 1.31677E-2 1.12815E-2 1.08933E-2 1.12891E-2 8.67446E-3 1.9456E-2 6.8224E-3 2.36688E-3 1.54083E-3 1.19331E-3 5.55097E-3 1.21719E-3 1.06416E-4 7.76304E-5 8.04994E-5 3.64822E-4 6.8407E-4 2.86E-4 2.18196E-4 3.92345E-4 4.14947E-4 2.62107E-4 2.29714E-4 2.66114E-4 2.67136E-4 3.33896E-4 3.90956E-4 2.63354E-4 -9999 -9999 -9999 -9999 -9999 -9999 -9999 -9999 -9999 -9999 7.6058E-4 1.96572E-3 2.67315E-3 4.77489E-3 1.48636E-3 4.58084E-3 3.06366E-3 -9999 -9999 -9999 -9999 -9999 -9999 -9999 -9999 -9999 -9999 -9999 -9999 -9999 -9999
6.93434E-4 1.77066E-3 3.06853E-3 6.90345E-3 7.37771E-2 7.47754E-3 2.96624E-3 6.11036E-3 3.35481E-3 5.19322E-3 8.0239E-3 5.202E-2 -9999 5.1003E-2 3.76606E-2 2.33275E-2 2.00647E-2 1.33559E-2 3.35635E-2 5.40703E-2 6.55413E-2 3.73755E-2 2.66671E-2 1.98629E-2 6.22372E-3 1.29428E-2 1.67715E-2 1.11546E-2 4.90291E-4 1.50252E-4 1.43803E-4 2.01625E-4 2.09559E-3 3.91912E-4 2.23567E-4 2.46326E-4 3.52064E-4 2.09979E-4 1.62867E-4 3.19501E-4 3.41227E-4 4.64774E-4 4.65736E-4 2.24006E-4 1.14933E-4 -9999 -9999 -9999 -9999 -9999 -9999 -9999 -9999 -9999 -9999 -9999 2.76599E-4 7.8298E-4 2.87111E-3 7.59907E-3 1.00602E-2 1.57256E-2 -9999 -9999 -9999 -9999 -9999 -9999 -9999 -9999 -9999 -9999 -9999 -9999 -9999 -9999
5.61663E-4 6.73462E-4 4.42931E-3 6.03442E-2 5.74933E-2 2.53918E-3 2.80032E-3 6.78851E-3 4.08558E-3 5.69706E-3 1.35428E-2 1.83923E-2 3.14249E-2 1.36663E-2 1.5635E-2 4.3183E-3 5.43013E-3 5.7001E-3 9.36496E-3 3.48896E-2 3.11972E-2 4.45775E-3 1.48356E-3 2.2144E-2 3.1824E-2 1.00916E-2 5.20178E-3 1.11869E-2 3.20821E-3 3.18015E-3 4.2331E-3 2.12888E-3 3.48064E-4 3.21973E-4 1.78562E-4 3.25246E-4 2.18663E-4 1.99354E-4 2.57638E-4 3.2032E-4 4.39425E-4 3.44237E-4 2.2925E-4 8.45842E-5 1.11162E-4 -9999 -9999 -9999 -9999 -9999 -9999 -9999 -9999 -9999 -9999 -9999 1.70914E-5 7.69214E-5 1.44733E-3 1.7842E-3 4.24463E-3 9.65538E-3 -9999 -9999 -9999 -9999 -9999 -9999 -9999 -9999 -9999 -9999 -9999 -9999 -9999 -9999
5.5686E-4 8.59503E-4 3.25272E-3 5.61605E-2 1.93719E-2 2.17232E-3 3.33879E-3 4.859E-3 4.21671E-3 6.12084E-3 1.08551E-3 2.41743E-3 9.61889E-3 2.67609E-3 1.18893E-2 6.8913E-3 2.85105E-3 9.3915E-3 9.17194E-3 8.78755E-3 2.15219E-3 3.99146E-4 1.84834E-3 2.40981E-2 1.26426E-3 1.31727E-3 8.03906E-4 1.64184E-2 4.93291E-3 3.35239E-3 3.53294E-4 4.11233E-4 1.59554E-4 1.5414E-4 2.94524E-4 2.06684E-4 2.3306E-4 2.67115E-4 2.9108E-4 2.45302E-4 2.88848E-4 3.35703E-4 4.81754E-4 4.05823E-4 3.59441E-4 -9999 -9999 -9999 -9999 -9999 -9999 -9999 -9999 -9999 -9999 -9999 2.35389E-6 2.21299E-5 2.04561E-4 8.03336E-5 2.52175E-4 8.20118E-4 -9999 -9999 -9999 -9999 -9999 -9999 -9999 -9999 -9999 -9999 -9999 -9999 -9999 -9999
5.34342E-4 6.99118E-4 1.43919E-3 2.97159E-2 2.62019E-2 3.0854E-3 4.42457E-3 4.30352E-4 2.15798E-3 3.57339E-3 7.68203E-4 3.6556E-4 9.76188E-4 1.06243E-3 6.36142E-3 6.6232E-3 3.07655E-3 2.11354E-3 1.40125E-3 3.04486E-3 9.04854E-4 1.98261E-4 7.81833E-4 1.28857E-2 3.43182E-4 4.1058E-4 2.75472E-3 1.47364E-2 1.09243E-2 5.96631E-4 3.53776E-4 1.99818E-4 1.95769E-4 1.26461E-4 3.61388E-4 3.00915E-4 2.01787E-4 3.15796E-4 3.75535E-4 3.46583E-4 3.61192E-4 4.9642E-4 4.19176E-4 3.27498E-4 3.72124E-4 2.18729E-4 -9999 -9999 -9999 -9999 -9999 -9999 -9999 -9999 -9999 -9999 9.0968E-6 7.37809E-6 7.22171E-6 1.12919E-5 3.12149E-4 1.4879E-3 -9999 -9999 -9999 -9999 -9999 -9999 -9999 -9999 -9999 -9999 -9999 -9999 -9999 -9999
3.77327E-4 3.64516E-4 7.97317E-4 8.30702E-3 3.00786E-3 7.84275E-4 1.22545E-3 7.69692E-4 2.44439E-3 2.19108E-3 9.52553E-4 2.76477E-4 2.93771E-4 4.33458E-4 3.42086E-4 5.85901E-4 3.02585E-3 8.90464E-4 4.28459E-4 3.85404E-4 5.10241E-3 3.02308E-4 2.30269E-4 6.96555E-3 3.7179E-4 1.78582E-4 4.51566E-4 3.65516E-4 1.13208E-3 3.25502E-3 3.03447E-3 1.74926E-3 2.07621E-4 1.52289E-4 3.99888E-4 2.00588E-4 8.08513E-4 8.30052E-4 1.29594E-3 1.36117E-3 8.28694E-4 5.39998E-4 3.18346E-4 4.06208E-4 1.66819E-4 7.19158E-5 -9999 -9999 -9999 -9999 -9999 -9999 -9999 -9999 -9999 -9999 -9999 5.72431E-5 2.39756E-4 3.99622E-4 1.2102E-3 9.03293E-3 1.01426E-2 -9999 -9999 -9999 -9999 -9999 -9999 -9999 -9999 -9999 -9999 -9999 -9999 -9999
1.3541E-4 7.24977E-4 7.6566E-4 1.01531E-3 1.18686E-3 7.78165E-4 8.80937E-4 7.47361E-4 1.25948E-3 1.1072E-3 7.1354E-4 2.6615E-4 1.52428E-4 7.77142E-5 1.74976E-4 5.60136E-4 6.67318E-4 3.60193E-4 2.92204E-4 3.5848E-4 3.295E-3 2.4995E-4 2.24694E-4 5.47948E-3 3.67371E-4 1.46182E-4 9.4521E-5 8.92766E-5 1.28794E-4 1.08089E-4 1.10006E-4 6.3908E-4 5.7103E-4 1.69048E-4 2.64275E-4 2.86153E-4 8.6527E-4 8.94254E-4 1.41464E-3 6.10458E-4 3.95006E-4 3.39034E-4 4.30005E-4 3.55362E-4 2.21548E-4 4.21318E-5 8.49266E-6 -9999 -9999 -9999 -9999 -9999 -9999 -9999 -9999 -9999 -9999 5.30623E-4 8.95537E-4 3.25022E-3 5.36399E-3 1.99079E-2 3.662E-2 -9999 -9999 -9999 -9999 -9999 -9999 -9999 -9999 -9999 -9999 -9999 -9999 -9999
1.79479E-4 5.84534E-4 4.90809E-4 3.19032E-3 9.28472E-4 7.81359E-4 1.04354E-3 4.76552E-4 8.88327E-4 5.49547E-4 3.09974E-4 3.22227E-4 1.48992E-4 9.33093E-5 1.3301E-4 2.03512E-4 3.00574E-4 1.77631E-4 1.64426E-4 1.47344E-4 8.49035E-4 1.75729E-4 3.16854E-4 1.70625E-3 2.47018E-4 1.04025E-4 1.23999E-4 1.77318E-4 1.38323E-4 2.21335E-4 1.33325E-4 4.25426E-4 8.52358E-4 1.26272E-3 2.6152E-4 1.88332E-4 7.96207E-4 1.33384E-3 1.39626E-3 3.68285E-4 2.4871E-4 4.64732E-4 2.59237E-4 1.59882E-4 1.05287E-4 -9999 -9999 -9999 -9999 -9999 -9999 -9999 -9999 -9999 -9999 -9999 -9999 -9999 5.45401E-3 9.90758E-3 2.17815E-2 3.29472E-2 3.10129E-2 -9999 -9999 -9999 -9999 -9999 -9999 -9999 -9999 -9999 -9999 -9999 -9999 -9999
4.57119E-4 3.51729E-4 7.13614E-4 4.44452E-3 1.419E-3 6.30147E-4 4.89022E-4 1.86326E-4 1.51999E-4 4.70402E-4 2.52073E-4 1.78974E-4 1.17874E-4 7.50343E-5 7.58362E-5 8.37829E-5 1.88537E-4 1.21529E-4 9.64777E-5 1.74865E-4 3.60771E-4 1.75086E-4 9.75708E-4 1.97203E-4 8.86629E-5 1.28985E-4 1.33577E-4 4.36479E-5 1.57442E-4 1.28445E-4 1.41695E-4 1.77351E-4 2.0676E-4 2.07357E-4 2.59801E-4 1.79992E-4 1.33759E-3 9.85022E-4 3.90171E-4 4.14108E-4 3.56065E-4 4.03693E-4 1.12742E-4 2.92647E-5 -9999 -9999 -9999 -9999 -9999 -9999 -9999 -9999 -9999 -9999 -9999 -9999 -9999 -9999 -9999 2.41711E-2 2.59439E-2 1.21708E-2 -9999 -9999 -9999 -9999 -9999 -9999 -9999 -9999 -9999 -9999 -9999 -9999 -9999 -9999
1.90544E-4 3.80983E-4 6.45993E-4 1.23721E-3 5.85403E-3 9.22554E-4 5.75392E-4 3.6229E-4 9.89076E-5 2.80926E-4 2.85571E-4 1.38278E-4 8.93936E-5 4.88616E-5 5.46927E-5 9.15293E-5 7.81668E-5 7.05826E-5 1.09061E-4 8.9648E-5 2.22297E-4 1.8734E-4 2.89499E-4 6.78199E-5 1.92212E-4 1.64837E-4 3.81276E-5 3.13765E-5 1.42793E-4 2.08475E-4 2.65589E-4 3.11373E-4 2.16875E-4 1.42764E-4 1.535E-4 2.06332E-4 1.76715E-3 3.57031E-4 4.20158E-4 5.65545E-4 5.02193E-4 5.22052E-4 9.60163E-5 2.32098E-5 -9999 -9999 -9999 -9999 -9999 -9999 -9999 -9999 -9999 -9999 -9999 -9999 -9999 -9999 -9999 -9999 -9999 -9999 -9999 -9999 -9999 -9999 -9999 -9999 -9999 -9999 -9999 -9999 -9999 -9999 -9999 -9999
1.74573E-4 3.4853E-4 3.88585E-4 6.30318E-4 3.11073E-3 1.54489E-3 2.33629E-4 2.07046E-4 1.25066E-4 1.52795E-4 1.73664E-4 8.65577E-5 4.78606E-5 3.68044E-5 3.85563E-5 9.13867E-5 1.08442E-4 1.09554E-4 1.38536E-4 1.74975E-4 1.13049E-4 1.94629E-4 1.72189E-4 2.0358E-4 1.19936E-4 3.03465E-5 2.20767E-5 2.00512E-4 2.77598E-4 2.09187E-4 1.13415E-4 2.74469E-4 2.03747E-4 4.63336E-4 8.60542E-4 1.90262E-4 7.58378E-4 7.10486E-4 5.45309E-4 6.03222E-4 5.877E-4 2.75746E-4 1.37613E-4 6.78714E-5 8.42981E-5 7.76351E-5 -9999 -9999 -9999 -9999 -9999 -9999 -9999 -9999 -9999 -9999 -9999 -9999 -9999 -9999 -9999 -9999 -9999 -9999 -9999 -9999 -9999 -9999 -9999 -9999 -9999 -9999 -9999 -9999 -9999 -9999
2.27741E-4 3.44667E-4 2.58279E-4 8.61034E-4 4.68382E-3 5.42209E-4 2.37511E-4 1.5539E-4 1.1618E-4 1.97683E-4 1.51452E-4 1.06185E-4 2.85284E-5 1.22889E-5 3.58425E-5 8.40408E-5 1.29357E-4 8.80742E-5 1.54914E-4 1.11448E-4 6.22181E-5 1.52412E-4 1.18199E-4 1.62717E-4 8.22426E-5 4.16491E-5 1.1547E-4 1.84119E-4 1.29406E-4 1.51169E-4 1.6476E-4 4.37098E-4 4.26668E-4 3.53164E-4 5.37888E-4 3.87213E-4 1.05891E-3 1.13842E-3 2.90565E-4 3.20638E-4 4.12302E-4 5.84466E-4 3.69594E-4 1.03565E-4 1.40251E-4 1.78669E-4 1.39772E-4 3.22611E-5 -9999 -9999 -9999 -9999 -9999 -9999 -9999 -9999 -9999 -9999 -9999 -9999 -9999 -9999 -9999 -9999 -9999 -9999 -9999 -9999 -9999 -9999 -9999 -9999 -9999 -9999 -9999 -9999
2.50385E-4 3.2811E-4 1.0607E-3 1.43946E-3 1.90464E-3 2.56512E-4 1.51725E-4 1.90612E-4 1.12312E-4 1.03481E-4 1.07396E-4 7.21164E-5 3.50008E-5 9.56923E-6 4.53556E-5 1.32167E-4 1.19095E-4 1.13591E-4 1.33103E-4 1.27598E-4 1.94765E-4 1.48491E-4 3.09289E-4 1.86283E-4 1.04175E-4 6.5129E-5 6.58933E-5 6.42719E-5 8.91939E-5 9.39433E-5 5.74156E-4 8.49783E-4 7.13331E-4 1.50474E-4 6.15254E-4 1.55075E-3 7.79727E-4 2.81518E-3 1.02587E-3 1.63379E-3 7.02163E-4 4.36532E-4 1.11014E-4 1.77121E-4 4.74707E-4 5.47705E-4 3.10112E-4 7.3665E-5 -9999 -9999 -9999 -9999 -9999 -9999 -9999 -9999 -9999 -9999 -9999 -9999 -9999 -9999 -9999 -9999 -9999 -9999 -9999 -9999 -9999 -9999 -9999 -9999 -9999 -9999 -9999 -9999
3.54664E-4 4.17596E-4 1.05941E-3 6.51018E-4 4.35215E-4 2.70939E-4 1.46318E-4 1.95853E-4 8.28114E-5 1.27742E-4 9.55225E-5 3.808E-5 3.37399E-5 6.67559E-6 2.43031E-5 1.04674E-4 7.95034E-5 8.63728E-5 3.27663E-4 2.35168E-4 2.54137E-4 2.09579E-4 3.92015E-4 6.2687E-4 2.99986E-4 5.38421E-5 1.46421E-4 1.99452E-4 1.66523E-4 1.81163E-4 7.91366E-4 2.73193E-4 1.58083E-4 2.08488E-4 1.53202E-3 1.74845E-3 1.24806E-3 2.70131E-3 2.77539E-3 5.1433E-4 5.37189E-4 5.62929E-4 2.43849E-4 8.16778E-4 6.79891E-4 3.23368E-4 8.49587E-5 2.13236E-5 -9999 -9999 -9999 -9999 -9999 -9999 -9999 -9999 -9999 -9999 -9999 -9999 -9999 -9999 -9999 -9999 -9999 -9999 -9999 -9999 -9999 -9999 -9999 -9999 -9999 -9999 -9999 -9999
1.93679E-4 2.49187E-4 8.49814E-4 5.74648E-4 2.73186E-4 2.10777E-4 1.79893E-4 1.13696E-4 2.76449E-5 1.17152E-4 4.18824E-5 9.81769E-6 9.03459E-6 1.11114E-5 3.54513E-5 1.18703E-4 7.02217E-5 1.39567E-4 3.05546E-4 5.73773E-5 1.78969E-4 2.36384E-4 4.71307E-4 3.02843E-4 8.25714E-5 9.42647E-5 2.56384E-4 1.88517E-4 6.38307E-5 1.29134E-4 1.29674E-4 2.56557E-4 1.77126E-4 5.96472E-4 9.56644E-4 2.12518E-3 1.97077E-3 2.78309E-3 3.88654E-3 1.70898E-3 5.16589E-4 6.43858E-4 7.59856E-4 9.71801E-4 9.18436E-4 3.61738E-4 5.66284E-5 8.01836E-6 5.13054E-6 -9999 -9999 -9999 -9999 -9999 -9999 -9999 -9999 -9999 -9999 -9999 -9999 -9999 -9999 -9999 -9999 -9999 -9999 -9999 -9999 -9999 -9999 -9999 -9999 -9999 -9999 -9999
1.13918E-4 1.99247E-4 6.5002E-4 1.39032E-4 1.73545E-4 1.46502E-4 1.91794E-4 1.40026E-4 2.85736E-5 3.81762E-5 3.98534E-5 1.0131E-5 2.57135E-5 1.15915E-5 9.43806E-5 4.25462E-5 1.04576E-4 1.21965E-4 2.32074E-4 3.33326E-5 9.00724E-5 5.23609E-4 6.61111E-4 2.58234E-4 4.46161E-5 1.35731E-4 1.32115E-4 1.54004E-4 1.87004E-4 1.35409E-4 3.03137E-4 3.34604E-4 1.52253E-4 1.98679E-4 8.17028E-4 3.71141E-4 1.66012E-3 3.66636E-3 3.67679E-3 2.93167E-3 9.65077E-4 3.06164E-3 1.93121E-3 1.30548E-3 6.64034E-4 1.99385E-4 5.64921E-5 1.77643E-5 9.69335E-6 1.43645E-6 -9999 -9999 -9999 -9999 -9999 -9999 -9999 -9999 -9999 -9999 -9999 -9999 -9999 -9999 -9999 -9999 -9999 -9999 -9999 -9999 -9999 -9999 -9999 -9999 -9999 -9999
1.47309E-4 1.2355E-4 3.16543E-4 3.45463E-4 1.23204E-4 4.3294E-5 1.90718E-4 8.35308E-5 2.36497E-5 1.92237E-5 1.72566E-5 3.42748E-5 7.0898E-5 8.16066E-6 3.26712E-5 3.75479E-5 6.57195E-5 1.04475E-4 2.06251E-4 3.60367E-5 2.25134E-4 6.2112E-4 7.24808E-4 4.07407E-4 8.32929E-5 9.0839E-5 4.63925E-5 1.7053E-4 2.92306E-4 2.78565E-4 3.29646E-4 2.42105E-4 3.34705E-4 1.83663E-4 2.07943E-4 2.32468E-4 1.85399E-3 3.5001E-3 4.33645E-3 5.9259E-3 5.21441E-3 2.88273E-3 1.25541E-3 1.00015E-3 7.80048E-4 2.83922E-4 4.7531E-5 6.73935E-5 2.0383E-5 6.83729E-6 -9999 -9999 -9999 -9999 -9999 -9999 -9999 -9999 -9999 -9999 -9999 -9999 -9999 -9999 -9999 -9999 -9999 -9999 -9999 -9999 -9999 -9999 -9999 -9999 -9999 -9999
8.85584E-5 3.66899E-4 3.17419E-4 1.05283E-4 8.49116E-5 1.30073E-5 1.31389E-4 4.04513E-5 1.22115E-5 9.65147E-6 1.11724E-5 4.73505E-5 1.51619E-5 1.24891E-5 1.07416E-5 1.55877E-5 5.73168E-5 1.63107E-5 9.90831E-5 1.54354E-4 7.64635E-5 5.70282E-5 6.12148E-4 9.48622E-4 2.66751E-4 1.24751E-4 4.13432E-5 1.54212E-4 2.80902E-4 2.34675E-4 2.38058E-4 2.6586E-4 3.61597E-4 4.16314E-4 3.10299E-4 6.0672E-4 3.64055E-3 6.8927E-4 8.65137E-4 4.8009E-3 2.38394E-3 6.34339E-4 6.98839E-4 5.72413E-4 9.02472E-4 4.14268E-4 6.54992E-5 7.53814E-5 2.16122E-5 1.09829E-5 -9999 -9999 -9999 -9999 -9999 -9999 -9999 -9999 -9999 -9999 -9999 -9999 -9999 -9999 -9999 -9999 -9999 -9999 -9999 -9999 -9999 -9999 -9999 -9999 -9999 -9999
1.90732E-4 3.28393E-4 4.71833E-4 3.48536E-5 1.82775E-5 1.43261E-5 4.49672E-5 5.58893E-5 9.59997E-6 6.17145E-6 1.06733E-5 4.51021E-5 1.15062E-5 7.22591E-6 2.39604E-5 1.56715E-5 2.16482E-5 7.14392E-5 3.16225E-5 1.04974E-4 4.39336E-5 4.45662E-5 2.28907E-4 5.55969E-4 4.29086E-5 8.54347E-5 8.49495E-5 2.3363E-4 1.98375E-4 1.46855E-4 2.91075E-4 4.61134E-4 2.86639E-4 2.88308E-4 3.16423E-4 2.67163E-3 9.93923E-4 4.31349E-4 6.39682E-4 2.07137E-3 7.84985E-4 7.51961E-4 2.36989E-4 3.13111E-4 2.32593E-4 4.21326E-4 1.98649E-4 6.11259E-5 1.30188E-5 6.96103E-6 5.75969E-6 -9999 -9999 -9999 -9999 -9999 -9999 -9999 -9999 -9999 -9999 -9999 -9999 -9999 -9999 -9999 -9999 -9999 -9999 -9999 -9999 -9999 -9999 -9999 -9999 -9999
1.54579E-4 1.01992E-4 5.1691E-4 2.41715E-5 8.77741E-6 1.17996E-5 9.97244E-6 2.65905E-5 1.54724E-5 5.58211E-5 8.19596E-5 2.86925E-5 2.34469E-5 6.3008E-5 5.26828E-5 2.40959E-5 1.61466E-5 7.62721E-5 4.02522E-5 6.99998E-5 1.06261E-4 1.59338E-4 9.75508E-5 2.59467E-4 2.2553E-4 4.44327E-5 1.94709E-4 2.32732E-4 2.71772E-4 1.18709E-4 1.82615E-4 2.63505E-4 4.16204E-4 3.00844E-4 1.13574E-3 8.91096E-4 5.14582E-4 4.94245E-4 6.03863E-4 8.78097E-4 1.04663E-3 6.36449E-4 2.35211E-4 2.66968E-5 4.51895E-5 2.00986E-4 1.22509E-4 2.15929E-5 3.4858E-6 4.61781E-6 5.7566E-6 -9999 -9999 -9999 -9999 -9999 -9999 -9999 -9999 -9999 -9999 -9999 -9999 -9999 -9999 -9999 -9999 -9999 -9999 -9999 -9999 -9999 -9999 -9999 -9999 -9999
1.36508E-4 1.39813E-4 4.37258E-4 4.53329E-5 1.21961E-5 1.34942E-5 1.44044E-5 1.26686E-5 1.25759E-5 4.67686E-5 6.87591E-5 6.96602E-5 1.08087E-4 1.13129E-4 9.39843E-5 2.76887E-5 5.42433E-5 6.26775E-5 2.84507E-5 6.97535E-5 5.60666E-5 2.15286E-4 3.33072E-5 2.68059E-5 2.84839E-5 3.4652E-5 2.16913E-4 1.96791E-4 2.0425E-4 8.46369E-5 2.53134E-4 3.37294E-4 4.12736E-4 4.72511E-4 3.25189E-4 4.74995E-4 4.5406E-4 3.90996E-4 5.59145E-4 8.09265E-4 8.05333E-4 7.14317E-4 1.01083E-4 3.05565E-5 7.87777E-5 7.83346E-5 2.62989E-5 9.07157E-6 4.60838E-6 9.20385E-6 1.41422E-5 -9999 -9999 -9999 -9999 -9999 -9999 -9999 -9999 -9999 -9999 -9999 -9999 -9999 -9999 -9999 -9999 -9999 -9999 -9999 -9999 -9999 -9999 -9999 -9999 -9999
4.07029E-5 1.935E-4 1.27848E-4 2.22394E-5 1.46557E-5 7.0707E-6 1.58296E-5 8.69369E-6 1.27737E-5 2.88486E-5 8.80842E-5 7.23885E-5 6.37409E-5 1.47974E-4 1.34813E-4 1.22534E-4 1.95935E-4 9.79953E-5 8.24357E-5 3.13463E-5 3.34942E-5 1.18822E-4 1.93228E-4 6.14931E-5 1.59578E-4 9.01724E-5 1.79787E-4 2.3933E-4 6.86259E-5 9.21008E-5 1.56561E-4 2.17398E-4 4.34919E-4 3.23989E-4 3.60317E-4 4.33939E-4 3.67896E-4 4.70255E-4 4.70509E-4 6.82494E-4 5.85834E-4 2.3912E-4 7.52991E-5 8.83836E-5 1.027E-4 6.80332E-5 3.9375E-5 1.29969E-5 2.66568E-5 5.32656E-5 1.67335E-5 -9999 -9999 -9999 -9999 -9999 -9999 -9999 -9999 -9999 -9999 -9999 -9999 -9999 -9999 -9999 -9999 -9999 -9999 -9999 -9999 -9999 -9999 -9999 -9999 -9999
1.30806E-5 1.0625E-4 3.41807E-5 7.13435E-6 4.13816E-6 1.01397E-5 2.3452E-5 1.26847E-5 2.35414E-5 5.6347E-5 6.34491E-5 2.98262E-5 4.22676E-5 8.15788E-5 1.00126E-4 1.9304E-4 1.52607E-4 1.70004E-4 1.05249E-4 2.18243E-5 1.44352E-4 2.06425E-4 1.83608E-4 1.76165E-4 1.48394E-4 1.6071E-4 1.8658E-4 2.46981E-4 6.10257E-5 5.47223E-5 1.20517E-4 2.59013E-4 2.97085E-4 9.02105E-5 8.79549E-5 1.5353E-4 3.1201E-4 4.65596E-4 6.22906E-4 5.97136E-4 3.50528E-4 1.16793E-4 9.43603E-5 1.37603E-4 7.46976E-5 1.15812E-4 4.77519E-5 1.8307E-5 2.77704E-4 1.29537E-4 -9999 -9999 -9999 -9999 -9999 -9999 -9999 -9999 -9999 -9999 -9999 -9999 -9999 -9999 -9999 -9999 -9999 -9999 -9999 -9999 -9999 -9999 -9999 -9999 -9999 -9999
6.92843E-6 3.32726E-5 9.08566E-5 1.16109E-5 1.80155E-5 1.91901E-5 3.7907E-5 4.56096E-5 7.38007E-5 7.82399E-5 4.15707E-5 5.96459E-5 9.43651E-5 9.91892E-5 1.29786E-4 1.06392E-4 1.03651E-4 1.29525E-4 6.21389E-5 4.23228E-5 1.72883E-4 2.12483E-4 1.13289E-4 1.62431E-4 8.13529E-5 8.44652E-5 1.81144E-4 2.31367E-4 9.15729E-5 4.81003E-5 1.12438E-4 1.44577E-4 1.03043E-4 4.5669E-5 1.02678E-4 2.34808E-4 5.6738E-4 6.51059E-4 6.53304E-4 5.15326E-4 3.22105E-4 2.45369E-4 2.56943E-4 2.39144E-4 1.20173E-4 6.33778E-5 1.91378E-4 4.91221E-4 4.53815E-4 2.4078E-4 -9999 -9999 -9999 -9999 -9999 -9999 -9999 -9999 -9999 -9999 -9999 -9999 -9999 -9999 -9999 -9999 -9999 -9999 -9999 -9999 -9999 -9999 -9999 -9999 -9999 -9999
6.80554E-6 1.16178E-5 2.85201E-5 3.46024E-5 1.59894E-5 6.66101E-5 8.89899E-5 1.05114E-4 1.01211E-4 8.71723E-5 1.03901E-4 1.13204E-4 1.11992E-4 7.68319E-5 6.46325E-5 5.19478E-5 2.51532E-5 1.04992E-4 1.05771E-4 1.07747E-4 1.01404E-4 1.25311E-4 4.94344E-5 8.93966E-5 5.9632E-5 4.5557E-5 8.01041E-5 1.16563E-4 7.60883E-5 2.95098E-5 3.97699E-5 4.1596E-5 3.37372E-5 3.4919E-5 1.3424E-4 2.96172E-4 4.24758E-4 6.93534E-4 5.79956E-4 6.46042E-4 4.37307E-4 3.5771E-4 2.66423E-4 1.99588E-4 4.22411E-4 3.24237E-4 1.44239E-3 2.34228E-3 1.30837E-3 -9999 -9999 -9999 -9999 -9999 -9999 -9999 -9999 -9999 -9999 -9999 -9999 -9999 -9999 -9999 -9999 -9999 -9999 -9999 -9999 -9999 -9999 -9999 -9999 -9999 -9999 -9999
