ENM/Final_Models/M_2_F_lq_Set_1_EC/Gustavia_santanderiensis_2_Choco_novel.asc
ncols         367
nrows         963
xllcorner     -78.6
yllcorner     0.65
cellsize      0.00833333333333323
NODATA_value  -9999
[rows 360 to 389 of 963, columns 136 to 203 of 367]
-9999 -9999 -9999 -9999 -9999 -9999 -9999 -9999 -9999 -9999 -9999 -9999 -9999 -9999 -9999 -9999 -9999 -9999 -9999 -9999 -9999 -9999 -9999 -9999 -9999 -9999 -9999 -9999 -9999 -7.33521E1 -6.55108E1 -5.81381E1 -9.37198E1 -5.65217E1 -5.05779E1 -5.08591E1 -5.06717E1 -5.41393E1 -5.10153E1 -5.52015E1 -5.67323E1 -5.49203E1 -5.15464E1 -4.55483E1 -2.45548E1 -2.14933E1 -2.76789E1 -4.91721E1 -6.31365E1 -6.44486E1 -7.22899E1 -7.08529E1 -7.71009E1 -8.06311E1 -8.3349E1 -7.44455E1 -7.02593E1 -6.4105E1 -1.15942E2 -1.23672E2 -1.18841E2 -1.13043E2 -1.08696E2 -1.00483E2 -1.17391E2 -1.03865E2 -7.55389E1 -1.18357E2
-9999 -9999 -9999 -9999 -9999 -9999 -9999 -9999 -9999 -9999 -9999 -9999 -9999 -9999 -9999 -9999 -9999 -9999 -9999 -9999 -9999 -9999 -9999 -9999 -9999 -9999 -9999 -9999 -7.10091E1 -7.36332E1 -6.26367E1 -6.04811E1 -9.32367E1 -5.74879E1 -4.60481E1 -4.32365E1 -3.7582E1 -5.14214E1 -5.72321E1 -4.98594E1 -5.5139E1 -5.24836E1 -5.32646E1 -5.28585E1 -3.33333E1 -2.14308E1 -3.87067E1 -4.96407E1 -7.07591E1 -6.86348E1 -7.55389E1 -6.95408E1 -7.08216E1 -7.31334E1 -8.30678E1 -8.29428E1 -7.12902E1 -6.86036E1 -8.79227E1 -1.11594E2 -1.11594E2 -1.10145E2 -1.23672E2 -1.13043E2 -1.01449E2 -1.17391E2 -7.65698E1 -1.19807E2
-9999 -9999 -9999 -9999 -9999 -9999 -9999 -9999 -9999 -9999 -9999 -9999 -9999 -9999 -9999 -9999 -9999 -9999 -9999 -9999 -9999 -9999 -9999 -9999 -9999 -9999 -9999 -6.08247E1 -6.84161E1 -6.86036E1 -6.48235E1 -5.60386E1 -6.90821E1 -5.50725E1 -4.00812E1 -4.20806E1 -4.82662E1 -5.50453E1 -6.58232E1 -5.78257E1 -5.9169E1 -6.62605E1 -7.11965E1 -7.06342E1 -4.64855E1 -3.22712E1 -4.66417E1 -5.78569E1 -7.70072E1 -7.38207E1 -7.74133E1 -7.58201E1 -7.22899E1 -7.66011E1 -7.36645E1 -7.38519E1 -6.67916E1 -6.41987E1 -9.03382E1 -6.85098E1 -7.3727E1 -1.07729E2 -1.2029E2 -1.22222E2 -8.15058E1 -1.17391E2 -8.10684E1 -1.05314E2
-9999 -9999 -9999 -9999 -9999 -9999 -9999 -9999 -9999 -9999 -9999 -9999 -9999 -9999 -9999 -9999 -9999 -9999 -9999 -9999 -9999 -9999 -9999 -9999 -9999 -4.73602E1 -4.58607E1 -5.48579E1 -6.23555E1 -4.8641E1 -4.11434E1 -3.57488E1 -1.90253E1 -7.06029E0 -1.31834E1 -2.89285E1 -4.33302E1 -5.53577E1 -6.59481E1 -6.40112E1 -6.61043E1 -7.45392E1 -7.7757E1 -7.18525E1 -6.21368E1 -5.89372E1 -6.08696E1 -5.75758E1 -7.00406E1 -7.96001E1 -7.9069E1 -7.95689E1 -7.24149E1 -6.85411E1 -6.51047E1 -6.45111E1 -6.75414E1 -7.06342E1 -9.17874E1 -7.51328E1 -1.20773E2 -1.09662E2 -1.00483E2 -1.22705E2 -8.46298E1 -1.17391E2 -8.26304E1 -8.60981E1
-9999 -9999 -9999 -9999 -9999 -9999 -9999 -9999 -9999 -9999 -9999 -9999 -9999 -9999 -9999 -9999 -9999 -2.96157E1 -3.4333E1 -4.32052E1 -5.32334E1 -5.60762E1 -5.62637E1 -4.97032E1 -4.84536E1 -3.56763E1 -3.05217E1 -3.27085E1 -4.67666E1 -4.49859E1 -5.94203E1 -2.6273E1 -1.11111E1 -6.87285E-1 -8.99719E0 -2.49297E1 -3.12402E1 -3.80506E1 -5.97001E1 -6.60419E1 -7.83505E1 -7.50703E1 -7.65386E1 -1.04831E2 -1.15459E2 -1.16425E2 -6.19494E1 -5.28897E1 -6.6323E1 -1.14493E2 -8.0756E1 -8.28803E1 -8.56295E1 -7.41956E1 -6.97595E1 -6.62605E1 -6.64792E1 -7.07904E1 -1.17874E2 -9.17874E1 -1.24155E2 -1.17874E2 -1.21739E2 -1.02415E2 -8.09747E1 -1.07729E2 -1.20773E2 -8.25055E1
-9999 -9999 -9999 -9999 -9999 -9999 -9999 -9999 -9999 -9999 -9999 -9999 -9999 -9999 -9999 -9999 -4.45798E1 -3.69884E1 -4.46423E1 -4.50484E1 -5.4483E1 -6.09185E1 -6.09497E1 -5.16089E1 -4.76101E1 -3.40519E1 -3.29272E1 -2.1587E1 -3.20837E1 -4.77038E1 -4.29952E1 -3.47826E1 -1.30897E1 -8.18494E0 -1.48079E1 -1.83068E1 -1.89941E1 -2.52734E1 -4.50484E1 -6.62918E1 -7.10091E1 -7.22587E1 -1.13527E2 -1.1256E2 -1.19807E2 -1.2029E2 -1.15942E2 -6.53546E1 -6.91034E1 -6.99469E1 -7.40394E1 -7.38832E1 -8.0881E1 -7.38207E1 -6.68853E1 -6.42512E1 -6.42512E1 -7.08529E1 -7.16651E1 -7.37894E1 -1.04348E2 -9.95169E1 -1.01932E2 -1.00966E2 -8.14745E1 -8.57232E1 -1.14976E2 -1.2657E2
-9999 -9999 -9999 -9999 -9999 -9999 -9999 -9999 -9999 -9999 -9999 -9999 -9999 -9999 -9999 -9999 -5.01718E1 -5.01718E1 -5.30772E1 -5.69197E1 -6.14183E1 -7.18213E1 -7.12277E1 -6.73852E1 -6.18869E1 -4.30803E1 -3.80506E1 -2.75851E1 -1.56514E1 -1.26523E1 -2.62418E0 -4.68604E-1 1.99581E-2 -8.59107E0 -2.41487E1 -3.53639E1 -2.40237E1 -3.18963E1 -3.57701E1 -6.36051E1 -6.68853E1 -7.21025E1 -7.2696E1 -7.1915E1 -1.06763E2 -1.08696E2 -1.22222E2 -7.56951E1 -6.99469E1 -6.8666E1 -7.02281E1 -6.95408E1 -8.10684E1 -7.11653E1 -5.28272E1 -6.37681E1 -6.42512E1 -6.26367E1 -6.20119E1 -6.3324E1 -1.04348E2 -1.22222E2 -1.03865E2 -1.03865E2 -1.10628E2 -8.31927E1 -1.14493E2 -1.28986E2
-9999 -9999 -9999 -9999 -9999 -4.26429E1 -4.07685E1 -3.9925E1 -9999 -9999 -9999 -9999 -9999 -9999 -9999 -5.50453E1 -6.05123E1 -4.92971E1 -5.05779E1 -6.01375E1 -6.00125E1 -6.92596E1 -6.13871E1 -5.39519E1 -4.47985E1 -3.74258E1 -2.33677E1 -2.16495E1 -1.44642E1 3.59246E-1 9.77946E-1 1.09769E0 3.79204E-1 1.99581E-2 -1.85567E1 -4.35177E1 -4.50797E1 -4.05498E1 -4.61106E1 -6.46048E1 -6.96657E1 -6.99781E1 -6.9447E1 -6.45423E1 -6.14183E1 -1.01932E2 -1.21256E2 -1.18357E2 -7.70697E1 -7.80694E1 -7.89128E1 -7.37894E1 -7.30084E1 -6.9572E1 -6.2543E1 -6.30116E1 -6.42512E1 -6.38238E1 -6.01375E1 -6.45423E1 -7.02905E1 -1.22705E2 -1.22705E2 -1.10145E2 -1.1401E2 -1.14976E2 -1.14493E2 -1.28019E2
-9999 -9999 -9999 -4.97969E1 -4.07998E1 -3.44892E1 -3.12402E1 -3.93939E1 -4.65167E1 -9999 -9999 -9999 -9999 -9999 -9999 -5.76695E1 -5.6951E1 -4.39863E1 -4.70478E1 -5.97626E1 -5.9044E1 -5.78569E1 -5.56701E1 -4.82974E1 -4.02999E1 -2.48985E1 -2.02437E1 -2.44611E1 -1.17463E1 9.77946E-1 3.27313E0 1.15757E0 3.59246E-1 1.99581E-2 -1.80256E1 -4.07685E1 -5.25148E1 -4.67666E1 -5.0453E1 -7.77257E1 -6.84786E1 -6.84786E1 -6.70103E1 -1.02415E2 -6.27929E1 -1.02899E2 -1.21256E2 -1.00483E2 -8.09747E1 -8.28491E1 -8.02562E1 -8.03811E1 -6.94783E1 -6.1512E1 -6.47298E1 -5.89503E1 -5.91065E1 -6.22618E1 -5.86692E1 -6.29803E1 -7.22587E1 -1.24638E2 -1.1256E2 -1.13043E2 -1.10628E2 -8.96282E1 -1.1401E2 -1.28502E2
-9999 -9999 -4.52983E1 -4.65167E1 -3.38019E1 -3.33333E1 -2.2243E1 -2.65854E1 -2.67104E1 -3.93002E1 -9999 -9999 -9999 -5.36707E1 -5.23899E1 -5.82006E1 -4.54233E1 -3.62074E1 -4.38613E1 -6.01062E1 -6.33864E1 -5.87004E1 -4.97345E1 -4.38925E1 -2.6523E1 -2.12121E1 -1.74008E1 -2.48672E1 -1.7557E1 1.39707E-1 9.77946E-1 1.09769E0 8.98114E-1 2.99371E-1 -1.21525E1 -3.40519E1 -5.20462E1 -4.19556E1 -6.18358E1 -7.1915E1 -7.13839E1 -7.07591E1 -7.34146E1 -1.06763E2 -1.00966E2 -1.08696E2 -1.1401E2 -1.17874E2 -8.89097E1 -7.96626E1 -8.20681E1 -8.09435E1 -6.43861E1 -5.91065E1 -6.01062E1 -5.94502E1 -6.03249E1 -6.24492E1 -7.26336E1 -6.3855E1 -1.17874E2 -1.25121E2 -1.26087E2 -1.09662E2 -1.28502E2 -1.13527E2 -1.15459E2 -1.18357E2
-5.39519E1 -5.22962E1 -3.86442E1 -3.72071E1 -2.0681E1 -2.06498E1 -1.4558E1 -1.14964E1 -1.12777E1 -2.09622E1 -2.76789E1 -4.54233E1 -4.84536E1 -4.87348E1 -4.08622E1 -4.08622E1 -2.94283E1 -3.23024E1 -4.16745E1 -5.17963E1 -5.65761E1 -6.40112E1 -4.92034E1 -4.36739E1 -2.7054E1 -2.03062E1 -1.90878E1 -2.36801E1 -2.36176E1 1.79623E-1 -5.31084E-1 -6.62293E0 -1.02156E1 -1.47766E1 -1.51515E1 -4.36739E1 -7.00719E1 -7.33208E1 -9.17874E1 -7.60387E1 -7.55077E1 -7.27585E1 -9.75845E1 -1.20773E2 -1.08696E2 -1.10145E2 -1.15942E2 -8.73477E1 -7.8413E1 -6.88847E1 -7.54764E1 -7.58513E1 -7.4258E1 -7.33833E1 -6.32302E1 -6.57295E1 -6.56357E1 -6.92908E1 -6.92596E1 -7.11653E1 -8.88889E1 -1.27053E2 -1.04348E2 -1.11594E2 -1.14493E2 -1.28986E2 -1.09662E2 -1.11111E2
-5.03905E1 -3.52702E1 -3.90503E1 -2.01187E1 -1.54327E1 -1.56826E1 -1.42455E1 -1.47142E1 -2.41175E1 -2.01187E1 -2.1462E1 -3.43018E1 -4.12684E1 -5.56076E1 -4.7079E1 -2.98657E1 -2.33677E1 -1.68697E1 -2.66479E1 -3.91753E1 -4.54858E1 -6.3199E1 -5.76382E1 -3.57388E1 -2.54608E1 -2.33365E1 -1.75258E1 -1.23087E1 -1.8463E1 -8.09122E0 -5.81068E0 -1.86192E1 -1.40581E1 -1.184E1 -2.44923E1 -5.36707E1 -1.16908E2 -8.00687E1 -8.13183E1 -6.92908E1 -7.35083E1 -7.21337E1 -7.41643E1 -1.2029E2 -1.2029E2 -1.17874E2 -7.95689E1 -1.00966E2 -9.95169E1 -7.5164E1 -7.61949E1 -7.34146E1 -7.6726E1 -7.03843E1 -6.62605E1 -6.56357E1 -6.50422E1 -6.54483E1 -6.88222E1 -7.76945E1 -1.10145E2 -1.1401E2 -1.03382E2 -1.04348E2 -1.05314E2 -1.29469E2 -1.29952E2 -1.29952E2
-4.0706E1 -3.32396E1 -2.39925E1 -1.28397E1 -1.60262E1 -1.79944E1 -1.92127E1 -2.08685E1 -2.96157E1 -3.00843E1 -3.90815E1 -4.55483E1 -5.08279E1 -4.47048E1 -4.52359E1 -2.81475E1 -1.36832E1 -5.71696E0 -1.18713E1 -2.15558E1 -3.71134E1 -6.12933E1 -6.50734E1 -3.602E1 -2.49922E1 -3.25836E1 -2.20556E1 -1.54327E1 -1.87129E1 -9.80943E0 1.39707E-1 1.19749E-1 2.59455E-1 -3.12402E0 -8.02874E0 -3.70822E1 -8.55072E1 -1.07729E2 -8.00687E1 -7.6851E1 -7.47579E1 -6.93533E1 -9.80676E1 -9.66184E1 -1.12077E2 -7.41956E1 -6.88222E1 -7.37582E1 -7.58201E1 -7.69447E1 -8.18494E1 -8.23493E1 -7.45704E1 -6.88847E1 -7.11028E1 -7.19463E1 -6.89784E1 -6.88847E1 -7.23212E1 -7.24773E1 -1.03382E2 -1.25121E2 -9.21587E1 -8.69103E1 -1.05314E2 -1.15459E2 -1.25121E2 -1.0628E2
-3.07404E1 -2.98344E1 -2.5617E1 -1.39644E1 -1.68072E1 -2.62106E1 -2.34302E1 -2.42112E1 -2.32115E1 -3.10216E1 -3.40831E1 -3.85817E1 -4.73914E1 -4.68916E1 -3.30209E1 -2.14933E1 -1.62449E0 -2.81162E-1 -6.34177E0 -1.42768E1 -3.0303E1 -5.87941E1 -5.57638E1 -3.31147E1 -2.83349E1 -2.97719E1 -2.97407E1 -3.33333E1 -2.64917E1 -2.13996E1 -3.40519E0 1.39707E-1 2.19539E-1 7.98324E-2 -6.96657E0 -4.42362E1 -9.03382E1 -9.4686E1 -9.66184E1 -7.38832E1 -7.43518E1 -6.76976E1 -7.21025E1 -1.07246E2 -1.13043E2 -8.28179E1 -7.62887E1 -7.15089E1 -7.45704E1 -7.56639E1 -7.44455E1 -7.79444E1 -7.8288E1 -7.46329E1 -6.8135E1 -6.71353E1 -6.55108E1 -6.70415E1 -6.61356E1 -7.27898E1 -1.0628E2 -1.26087E2 -1.27053E2 -1.04831E2 -1.05797E2 -1.0628E2 -1.29952E2 -1.30435E2
-2.60231E1 -3.33646E1 -2.796E1 -1.59013E1 -1.88691E1 -2.50547E1 -2.59919E1 -3.28335E1 -2.88347E1 -3.29585E1 -3.07716E1 -4.04249E1 -5.04217E1 -5.189E1 -3.37395E1 -1.95251E1 -3.68635E0 6.18701E-1 7.98324E-2 -6.56045E0 -2.72415E1 -6.07935E1 -5.53577E1 -3.64574E1 -4.13933E1 -4.68604E1 -6.08696E1 -4.10809E1 -3.43643E1 -2.76476E1 -1.79007E1 -2.49922E-1 1.39707E-1 3.99162E-2 -8.18494E0 -6.23188E1 -1.09662E2 -7.40706E1 -7.51015E1 -6.94158E1 -6.98219E1 -7.24773E1 -6.47298E1 -9.42029E1 -1.0628E2 -7.45704E1 -7.02593E1 -6.57607E1 -8.09122E1 -7.89441E1 -7.65073E1 -7.71634E1 -8.08497E1 -7.36645E1 -7.32584E1 -6.69166E1 -6.71978E1 -6.76351E1 -6.09809E1 -6.77913E1 -1.20773E2 -1.28502E2 -1.28986E2 -1.1401E2 -1.05797E2 -1.30918E2 -1.29469E2 -1.12077E2
-3.06154E1 -3.00531E1 -2.83974E1 -2.30553E1 -2.04311E1 -2.92096E1 -2.93346E1 -3.6676E1 -3.56763E1 -3.09903E1 -3.32709E1 -3.63324E1 -4.81412E1 -4.78913E1 -3.29897E1 -1.56826E1 -6.56045E0 7.98324E-1 -8.24742E0 -1.34333E1 -2.8866E1 -5.51078E1 -5.07341E1 -3.94877E1 -4.35177E1 -5.30147E1 -7.77778E1 -3.70197E1 -3.64886E1 -2.72727E1 -1.76195E1 -8.34114E0 -4.87348E0 -5.65448E0 -1.88066E1 -6.18358E1 -9.95169E1 -7.50703E1 -7.38832E1 -7.43518E1 -6.93533E1 -6.6448E1 -6.67916E1 -6.48235E1 -6.49172E1 -9.66184E1 -7.41956E1 -6.89472E1 -7.64136E1 -8.25367E1 -8.32552E1 -8.76289E1 -9.61353E1 -7.99438E1 -7.81006E1 -7.19463E1 -7.39769E1 -7.54452E1 -6.65105E1 -6.66354E1 -1.07246E2 -1.06763E2 -1.07246E2 -1.09179E2 -1.14976E2 -1.19324E2 -1.31401E2 -1.15942E2
-4.19244E1 -2.52421E1 -2.7304E1 -2.23993E1 -2.33677E1 -3.72071E1 -4.14246E1 -5.15464E1 -4.95783E1 -4.48922E1 -4.77976E1 -5.13277E1 -5.85442E1 -5.59513E1 -3.87691E1 -1.88691E1 1.99581E-2 -3.46767E0 -1.83693E1 -2.46173E1 -3.45205E1 -5.22649E1 -4.08935E1 -3.63324E1 -4.11434E1 -4.73914E1 -4.01125E1 -2.64292E1 -2.74289E1 -2.9647E1 -2.05873E1 -1.44017E1 -9.90316E0 -1.1184E1 -3.33333E1 -8.88889E1 -1.16908E2 -9.17874E1 -6.62293E1 -6.79788E1 -6.41362E1 -7.00094E1 -7.50078E1 -6.27929E1 -6.03249E1 -6.98532E1 -8.30366E1 -8.39113E1 -7.47266E1 -8.03186E1 -7.67885E1 -7.86317E1 -9.06279E1 -7.85692E1 -7.39456E1 -6.56045E1 -7.08841E1 -7.31334E1 -6.9697E1 -7.15401E1 -1.04831E2 -1E2 -1.08696E2 -8.46923E1 -1.15942E2 -1.13527E2 -1.31884E2 -1.16425E2
-4.53608E1 -3.62074E1 -2.92096E1 -2.57107E1 -4.32052E1 -5.35145E1 -5.62012E1 -5.43268E1 -4.7079E1 -5.38269E1 -5.22024E1 -6.19806E1 -5.47017E1 -5.08279E1 -3.44267E1 -1.88066E1 1.99581E-2 -7.59138E0 -2.54296E1 -2.55545E1 -3.57701E1 -5.73258E1 -4.50172E1 -5.41063E1 -2.05873E1 -2.58982E1 -2.53983E1 -2.18369E1 -1.27148E1 -8.55982E0 -3.24898E0 -7.49766E-1 1.99581E-1 -1.12465E1 -3.2646E1 -8.9372E1 -8.26087E1 -8.11594E1 -5.87316E1 -6.57295E1 -7.47266E1 -7.2696E1 -6.81662E1 -7.81318E1 -7.4508E1 -7.56014E1 -8.57857E1 -8.28491E1 -8.03811E1 -8.10684E1 -8.62231E1 -8.58482E1 -8.12559E1 -7.74758E1 -7.14464E1 -6.85098E1 -7.31646E1 -7.83818E1 -7.06029E1 -7.35395E1 -1.07729E2 -1.02415E2 -7.78507E1 -9.06279E1 -1.13043E2 -1.1256E2 -8.55045E1 -1.17391E2
-5.45894E1 -5.12077E1 -3.38957E1 -4.0706E1 -4.97032E1 -5.79506E1 -5.6951E1 -6.0731E1 -5.09216E1 -4.24867E1 -5.43893E1 -5.31084E1 -5.62012E1 -5.2015E1 -4.18619E1 -2.64917E1 -3.81131E0 -1.1059E1 -1.65261E1 -2.05561E1 -3.37395E1 -4.08935E1 -2.88035E1 -1.79319E1 -1.18088E1 -1.9119E1 -1.58388E1 -7.81006E0 -1.03718E1 -3.31147E0 -2.03062E0 1.19749E-1 -3.24898E0 -1.60575E1 -3.47826E1 -5.38582E1 -6.1637E1 -9.03382E1 -9.13043E1 -7.55077E1 -6.68853E1 -7.71321E1 -7.72259E1 -7.61949E1 -7.76632E1 -7.86317E1 -7.985E1 -1.22705E2 -8.08497E1 -8.51296E1 -8.29741E1 -7.86942E1 -7.57263E1 -7.81943E1 -7.90066E1 -7.2821E1 -6.51047E1 -5.97313E1 -5.90753E1 -6.35426E1 -1.10145E2 -1.28986E2 -1.12077E2 -1.29952E2 -1.30435E2 -1.02415E2 -1.14976E2 -9.55014E1
-4.68291E1 -3.89878E1 -3.83943E1 -4.86723E1 -6.26054E1 -6.37613E1 -6.83536E1 -6.51047E1 -6.01687E1 -5.35458E1 -5.91065E1 -5.85442E1 -5.49516E1 -5.40769E1 -5.09841E1 -5.99034E1 -1.95251E1 -1.54639E1 -2.97719E1 -4.32052E1 -4.69228E1 -4.45798E1 -3.52702E1 -2.45548E1 -1.48704E1 -1.59013E1 -1.77445E1 -1.47766E1 -1.15901E1 -4.62356E0 -6.37301E0 1.19749E-1 1.99581E-2 -9.05967E0 -9.62199E0 -1.67448E1 -3.22087E1 -5.86692E1 -7.47266E1 -1.0628E2 -7.98813E1 -7.985E1 -7.49141E1 -1.19324E2 -1.23188E2 -1.25604E2 -1.2657E2 -1.22222E2 -8.5567E1 -7.95064E1 -7.60075E1 -7.76945E1 -7.54764E1 -7.52265E1 -7.26023E1 -7.14777E1 -5.35458E1 -4.74539E1 -5.07654E1 -6.398E1 -7.05092E1 -1.25121E2 -1.07729E2 -1.13043E2 -1.10628E2 -8.08497E1 -1.16908E2 -8.40987E1
-5.19525E1 -5.44517E1 -5.30772E1 -5.32334E1 -6.24805E1 -6.44486E1 -6.32927E1 -6.37301E1 -6.69791E1 -6.69166E1 -6.21681E1 -6.44799E1 -6.53546E1 -5.5139E1 -5.01718E1 -3.96126E1 -1.58076E1 -1.67135E1 -3.0428E1 -4.811E1 -4.43611E1 -3.25523E1 -3.44267E1 -3.22087E1 -3.1401E1 -2.51796E1 -2.41487E1 -1.98063E1 -1.587E1 -1.04655E1 -4.62356E0 3.59246E-1 7.98324E-2 3.59246E-1 3.59246E-1 -3.0303E0 -1.90565E1 -3.23649E1 -5.19838E1 -7.08841E1 -1.1401E2 -1.00966E2 -1.03865E2 -1.00483E2 -1.22705E2 -1.24155E2 -1.19324E2 -8.69103E1 -8.413E1 -8.68166E1 -7.83193E1 -8.45048E1 -7.68822E1 -6.91659E1 -7.09778E1 -6.57607E1 -5.00781E1 -4.93596E1 -4.5517E1 -5.22649E1 -6.81159E1 -1.27053E2 -1.06763E2 -1.05314E2 -1.05314E2 -1.07729E2 -1.18357E2 -8.95658E1
-6.03874E1 -6.36988E1 -6.10747E1 -5.90128E1 -6.48235E1 -6.04499E1 -7.14152E1 -7.31334E1 -6.96032E1 -6.48235E1 -6.79788E1 -6.53233E1 -6.01687E1 -5.73883E1 -5.12652E1 -2.93658E1 -1.78744E1 -1.89941E1 -3.56451E1 -3.66136E1 -3.28647E1 -2.43986E1 -2.51484E1 -2.92409E1 -3.33958E1 -2.91471E1 -3.18026E1 -1.90878E1 -1.50266E1 -1.03718E1 -9.62199E0 1.19749E-1 7.98324E-2 3.59246E-1 2.59455E-1 -7.5289E0 -2.55233E1 -3.96751E1 -4.77038E1 -5.65448E1 -1.15942E2 -1.02415E2 -7.70072E1 -1.14493E2 -1.18841E2 -1.19807E2 -1.23188E2 -8.88472E1 -8.61606E1 -8.35676E1 -7.66635E1 -7.5039E1 -7.86942E1 -7.17901E1 -7.41331E1 -7.55701E1 -5.99188E1 -4.92971E1 -4.65167E1 -5.03593E1 -7.11965E1 -1.29952E2 -1.29952E2 -1.33333E2 -1.32367E2 -1.15459E2 -1.20773E2 -8.66292E1
-9999 -9999 -9999 -5.82006E1 -6.25117E1 -6.84786E1 -6.58232E1 -6.58232E1 -6.61981E1 -6.68541E1 -7.37582E1 -6.70415E1 -4.6298E1 -5.72946E1 -5.89503E1 -3.93315E1 -2.34614E1 -2.77101E1 -2.61481E1 -1.90565E1 -1.32771E1 -3.47826E1 -3.59888E1 -4.41737E1 -6.90821E1 -3.83005E1 -3.85817E1 -2.57732E1 -1.78069E1 -1.29335E1 -1.01531E1 1.19749E-1 1.31723E0 9.97904E-1 3.99162E-1 -1.44928E1 -5.28272E1 -9.17874E1 -8.59903E1 -6.66354E1 -1.14493E2 -1.00966E2 -7.83505E1 -8.27866E1 -8.52546E1 -8.68166E1 -8.80037E1 -8.27554E1 -1.22705E2 -8.7129E1 -8.73165E1 -8.06311E1 -7.94439E1 -7.23836E1 -7.83193E1 -7.68822E1 -5.89816E1 -5.62637E1 -5.75133E1 -5.79194E1 -6.12621E1 -1.15459E2 -1.16425E2 -1.08696E2 -9.12527E1 -9.06279E1 -9.1159E1 -9.15339E1
-9999 -9999 -9999 -9999 -5.05155E1 -5.61699E1 -6.60419E1 -6.74477E1 -6.59481E1 -6.65729E1 -7.19463E1 -7.04467E1 -5.50765E1 -5.14527E1 -5.2015E1 -3.93002E1 -3.30834E1 -1.19338E1 -1.5995E1 -2.22222E1 -2.94686E1 -3.07716E1 -5.10153E1 -6.13527E1 -7.97101E1 -7.53623E1 -7.43961E1 -4.06123E1 -2.5492E1 -1.4558E1 -1.78744E1 -4.83092E0 2.49476E0 1.75631E0 2.99371E-1 -1.1059E1 -8.35749E1 -9.27536E1 -9.27536E1 -9.80676E1 -8.04749E1 -8.13183E1 -7.89128E1 -7.5945E1 -8.17557E1 -8.41612E1 -7.99125E1 -7.72883E1 -1.23672E2 -8.34739E1 -8.56607E1 -8.52546E1 -8.00687E1 -7.74758E1 -7.6851E1 -7.31959E1 -6.31678E1 -5.07029E1 -5.6701E1 -6.16057E1 -7.11965E1 -1.16425E2 -1.16908E2 -1.0628E2 -1.11111E2 -1.20773E2 -1.07729E2 -8.91284E1
-9999 -9999 -9999 -9999 -9999 -4.60481E1 -5.82943E1 -6.35426E1 -6.6323E1 -6.98219E1 -6.94783E1 -6.86036E1 -6.21368E1 -5.71072E1 -6.12309E1 -6.66667E1 -2.29303E1 -1.72446E1 -1.91503E1 -3.80194E1 -3.52657E1 -5.36232E1 -6.08696E1 -7.53623E1 -5.00156E1 -4.43924E1 -4.27991E1 -3.42081E1 -1.44955E1 -2.93658E0 1.19749E-1 2.99371E-1 2.11556E0 1.43698E0 -3.43643E-1 -9.68447E0 -4.74852E1 -1.22222E2 -1.15942E2 -1.15942E2 -8.26304E1 -8.00375E1 -7.5164E1 -7.98813E1 -8.76601E1 -7.87254E1 -8.03186E1 -8.05998E1 -7.607E1 -8.20369E1 -8.01937E1 -7.22587E1 -7.02281E1 -7.87254E1 -6.69478E1 -7.24773E1 -7.92565E1 -7.11965E1 -6.82599E1 -6.63855E1 -7.1259E1 -1.16908E2 -1.16425E2 -1.05314E2 -1.18841E2 -1.19324E2 -1.38164E2 -8.23805E1
-9999 -9999 -9999 -9999 -9999 -4.36114E1 -5.52952E1 -5.17026E1 -6.00437E1 -6.76976E1 -7.03843E1 -6.93221E1 -6.18557E1 -5.97626E1 -5.90753E1 -5.17026E1 -2.71478E1 -1.08716E1 -2.10872E1 -3.28647E1 -4.3955E1 -4.29952E1 -2.94686E1 -2.75362E1 -2.08997E1 -2.32115E1 -2.83349E1 -1.68385E1 -1.99938E0 5.98743E-1 4.69015E0 6.14709E0 3.99162E-1 -6.84161E0 -1.79631E1 -3.56139E1 -6.64167E1 -1.04831E2 -1.13043E2 -9.37198E1 -7.78194E1 -7.3727E1 -7.82568E1 -7.57888E1 -8.91284E1 -8.50984E1 -8.10997E1 -8.02249E1 -7.72883E1 -7.8288E1 -7.97251E1 -8.26929E1 -8.9597E1 -8.47548E1 -8.12559E1 -8.12559E1 -7.31022E1 -7.10403E1 -6.89784E1 -7.31959E1 -7.21649E1 -1.30918E2 -1.15942E2 -1.30918E2 -1.3285E2 -1.3285E2 -1.07729E2 -8.31303E1
-9999 -9999 -9999 -9999 -9999 -4.17682E1 -9999 -9999 -5.01093E1 -6.03561E1 -5.90753E1 -5.81068E1 -5.67948E1 -5.01406E1 -4.49547E1 -3.43955E1 -2.28991E1 -1.3652E1 -1.99938E1 -3.35208E1 -4.49275E1 -3.45829E1 -1.79631E1 3.99162E-2 6.78575E-1 -6.90409E0 -4.62356E0 -7.18525E-1 6.18701E-1 1.4769E0 5.50843E0 6.26684E0 6.78575E-1 -1.95251E1 -2.45861E1 -5.45142E1 -9.42029E1 -9.61353E1 -1.12077E2 -7.94439E1 -7.69135E1 -7.30397E1 -6.8916E1 -7.01343E1 -8.29428E1 -9.17838E1 -8.73165E1 -1.11111E2 -1.10145E2 -7.00483E1 -7.1915E1 -7.88816E1 -8.75976E1 -8.70978E1 -8.85661E1 -7.90066E1 -8.23805E1 -7.22899E1 -7.6851E1 -7.44142E1 -7.18838E1 -1.29469E2 -1.30435E2 -1.29952E2 -1.3285E2 -1.33333E2 -1.3913E2 -1.22705E2
-9999 -9999 -9999 -9999 -9999 -3.72384E1 -9999 -9999 -9999 -9999 -5.9169E1 -5.3702E1 -6.3199E1 -4.78261E1 -4.3174E1 -3.05217E1 -1.38082E1 -8.3099E0 -2.77101E1 -3.67073E1 -3.87691E1 -3.63012E1 -1.12152E1 5.98743E-2 1.75631E0 1.99581E-2 3.99162E-1 5.98743E-1 4.69015E0 4.69015E0 6.26684E0 6.88554E0 1.99581E-2 -2.40237E1 -3.82381E1 -5.22649E1 -9.32367E1 -6.49172E1 -1.13527E2 -7.53202E1 -7.29147E1 -6.64792E1 -6.16057E1 -7.73508E1 -8.21931E1 -8.73789E1 -8.33177E1 -1.09179E2 -1.31884E2 -7.07279E1 -7.11965E1 -8.00062E1 -7.84755E1 -8.36614E1 -8.57544E1 -7.48829E1 -7.57263E1 -7.63511E1 -8.05686E1 -8.22555E1 -7.94439E1 -1.29952E2 -1.32367E2 -1.31401E2 -1.31884E2 -1.32367E2 -1.32367E2 -1.24155E2
-9999 -9999 -9999 -9999 -9999 -9999 -9999 -9999 -9999 -6.1637E1 -5.64199E1 -5.62012E1 -5.98251E1 -4.01125E1 -3.46142E1 -2.26179E1 -6.99781E0 -1.84317E0 -2.44611E1 -4.60481E1 -4.7343E1 -4.44444E1 -5.7971E0 2.79413E-1 7.38449E-1 6.98533E-1 2.91388E0 5.1891E0 5.1891E0 4.69015E0 3.5725E0 2.11556E0 2.99371E-1 -2.97719E1 -4.75789E1 -6.34177E1 -1.02899E2 -9.66184E1 -7.94752E1 -7.65386E1 -7.63511E1 -7.21337E1 -6.9447E1 -6.85723E1 -6.99156E1 -8.33177E1 -8.50984E1 -8.78475E1 -9.00968E1 -7.89128E1 -7.34458E1 -7.29147E1 -7.77257E1 -8.69416E1 -8.72227E1 -7.62574E1 -8.21306E1 -8.50047E1 -8.29428E1 -8.40675E1 -7.91628E1 -1.30435E2 -1.3913E2 -1.33333E2 -1.33333E2 -1.3285E2 -1.33333E2 -1.24638E2
-9999 -9999 -9999 -9999 -9999 -9999 -9999 -9999 -9999 -9999 -6.19806E1 -5.25773E1 -5.8263E1 -3.67073E1 -2.06186E1 -1.73383E1 -7.02905E0 -9.05967E-1 -2.07748E1 -3.89878E1 -4.32052E1 -3.79881E1 -5.71696E0 2.19539E-1 2.79413E-1 1.75631E0 4.4307E0 5.50843E0 4.69015E0 5.1891E0 4.69015E0 3.27313E0 2.11556E0 -1.2746E1 -2.8866E1 -1.06763E2 -1.23672E2 -1.13527E2 -7.48829E1 -8.29116E1 -8.10997E1 -6.91346E1 -7.1915E1 -7.84755E1 -7.88816E1 -8.35676E1 -8.67541E1 -8.07873E1 -8.15058E1 -8.19431E1 -7.67885E1 -7.7507E1 -7.13527E1 -7.7632E1 -7.73196E1 -7.70072E1 -8.78788E1 -8.54733E1 -8.79413E1 -8.39738E1 -1.20773E2 -1.30918E2 -1.33333E2 -1.4058E2 -1.33333E2 -1.33333E2 -1.41546E2 -1.42029E2
