ENM/Final_Models/M_2_F_lq_Set_1_EC/Gustavia_santanderiensis_7_Choco_clamping.asc
ncols         367
nrows         963
xllcorner     -78.6
yllcorner     0.65
cellsize      0.00833333333333323
NODATA_value  -9999
[rows 806 to 836 of 963, columns 0 to 69 of 367]
-9999 -9999 0E0 0E0 0E0 0E0 0E0 0E0 0E0 0E0 0E0 0E0 0E0 0E0 0E0 0E0 0E0 0E0 0E0 0E0 0E0 0E0 0E0 0E0 0E0 1.38993E-6 0E0 1.97376E-6 3.45295E-5 1.18903E-5 1.19979E-5 6.57915E-6 4.28209E-6 1.21169E-6 4.95774E-6 2.16534E-6 3.98867E-7 1.12705E-7 1.3871E-7 1.08199E-8 8.84651E-8 4.20648E-8 1.95925E-7 1.65628E-8 1.16609E-8 3.34819E-8 4.83612E-9 1.05462E-7 4.96786E-8 5.8956E-10 5.60208E-10 3.38665E-10 1.18577E-9 5.52831E-9 4.3424E-9 2.43328E-11 4.56912E-12 1.64529E-10 1.36058E-10 1.36419E-11 7.48512E-12 2.88223E-11 2.93187E-7 1.41499E-8 1.37138E-7 5.95454E-7 5.55112E-16 1.11022E-16 7.77156E-16 2.04725E-13
-9999 -9999 0E0 0E0 0E0 0E0 0E0 0E0 0E0 0E0 0E0 0E0 0E0 0E0 0E0 0E0 0E0 0E0 0E0 0E0 0E0 0E0 0E0 0E0 0E0 0E0 0E0 1.1849E-5 2.09722E-6 2.66671E-6 1.149E-5 4.71334E-6 9.20182E-6 7.25668E-6 2.01519E-6 7.59958E-6 4.51206E-8 4.33445E-6 9.23342E-6 2.28519E-6 2.66918E-8 3.01009E-8 5.96276E-8 3.28516E-8 8.49415E-8 6.86204E-8 7.07736E-9 7.06897E-9 4.8795E-10 1.92118E-9 1.7719E-11 8.10907E-11 4.81792E-12 2.93015E-7 5.98277E-9 1.88617E-7 2.41712E-10 7.81274E-11 8.89647E-10 2.80731E-12 2.01139E-12 2.92766E-13 5.9746E-8 3.15847E-12 8.50354E-10 4.52975E-6 2.77556E-15 1.12022E-13 1.11022E-16 1.11022E-16
-9999 -9999 0E0 0E0 0E0 0E0 0E0 0E0 0E0 0E0 0E0 0E0 0E0 0E0 0E0 0E0 0E0 0E0 0E0 0E0 0E0 0E0 0E0 0E0 0E0 0E0 4.57051E-5 4.30051E-5 3.35869E-6 3.5186E-6 7.38244E-6 3.64945E-7 5.72535E-6 3.47549E-5 2.07002E-6 6.07494E-7 1.45299E-7 1.38957E-6 2.3956E-6 4.18481E-7 1.63358E-6 2.17957E-5 5.79732E-7 7.37345E-8 4.83331E-8 5.51648E-8 1.35271E-7 9.62982E-9 1.26882E-9 2.15856E-10 9.13627E-10 2.34561E-10 5.78861E-10 8.72633E-11 9.08218E-12 6.34761E-11 4.379E-9 1.45798E-10 1.06874E-10 3.18232E-10 9.01168E-13 1.50571E-11 4.97975E-7 1.52388E-11 4.1617E-10 1.82111E-7 1.97384E-7 4.06901E-8 1.16962E-10 2.22045E-16
-9999 -9999 0E0 0E0 0E0 0E0 0E0 0E0 0E0 0E0 0E0 0E0 0E0 0E0 0E0 0E0 0E0 0E0 0E0 0E0 0E0 0E0 0E0 0E0 0E0 0E0 2.38475E-5 1.14638E-4 2.3886E-5 4.36992E-5 2.56296E-6 6.66794E-6 7.24421E-6 4.92631E-6 7.06912E-7 3.4291E-7 1.17045E-7 1.48491E-6 7.34827E-6 7.88535E-7 1.46077E-6 8.02273E-6 1.55159E-6 1.23334E-6 9.04543E-7 5.27762E-7 2.32128E-7 1.42439E-7 1.21764E-8 3.69846E-10 3.56594E-8 5.39661E-9 2.05594E-9 1.967E-10 9.36226E-9 3.82343E-10 1.38942E-11 7.761E-11 3.34486E-10 9.92939E-12 9.50351E-12 1.52323E-13 3.02336E-12 2.85463E-8 4.61263E-10 1.31088E-6 1.57934E-8 4.03758E-8 2.60691E-12 7.88258E-15
-9999 -9999 -9999 0E0 0E0 0E0 0E0 0E0 0E0 0E0 0E0 0E0 0E0 0E0 0E0 0E0 0E0 0E0 0E0 0E0 0E0 0E0 0E0 0E0 0E0 7.74633E-6 2.95203E-5 3.26243E-5 1.36405E-5 1.26414E-5 4.07423E-6 1.4575E-5 1.36251E-5 2.29345E-6 6.48254E-7 1.74621E-6 4.16722E-7 2.61444E-6 1.92045E-6 1.54435E-6 6.28392E-6 5.49664E-6 5.73239E-6 6.00986E-6 3.99656E-7 1.07531E-8 4.96695E-8 1.81215E-5 3.08625E-6 1.14919E-9 4.46867E-9 8.37545E-9 1.98917E-7 7.30986E-7 3.358E-9 2.49713E-10 7.22633E-12 5.90169E-10 3.28046E-11 3.14293E-10 6.62785E-10 8.21523E-11 1.95718E-11 1.43476E-6 7.86175E-7 5.12009E-9 3.66505E-9 1.30213E-7 3.33067E-16 1.11022E-16
-9999 -9999 -9999 -9999 -9999 -9999 -9999 0E0 0E0 0E0 0E0 0E0 0E0 0E0 0E0 0E0 0E0 0E0 0E0 0E0 0E0 0E0 0E0 0E0 1.59417E-5 3.12349E-5 2.00801E-5 4.05184E-5 9.27E-5 1.27312E-4 5.75426E-6 2.74336E-6 8.33635E-7 1.50834E-7 3.63459E-7 4.47376E-7 5.2779E-7 1.09794E-6 2.1817E-6 1.18663E-6 3.80022E-6 3.65283E-6 3.47858E-6 6.08818E-7 5.45128E-7 1.35682E-8 1.46015E-8 1.42466E-7 6.96036E-9 1.91604E-9 1.27826E-8 8.3557E-10 3.48475E-10 2.56318E-11 3.56587E-9 1.82829E-10 2.90389E-9 5.68711E-10 7.48428E-11 7.2431E-6 2.83485E-7 1.83638E-11 6.3205E-13 7.99064E-9 2.70854E-9 2.33147E-13 0E0 1.11022E-16 0E0 0E0
-9999 -9999 -9999 -9999 -9999 -9999 -9999 -9999 0E0 0E0 0E0 0E0 0E0 0E0 0E0 0E0 0E0 0E0 0E0 0E0 0E0 0E0 0E0 0E0 3.38488E-7 4.50855E-5 1.11563E-5 9.80537E-6 9.93459E-6 6.07347E-6 9.20214E-7 5.4139E-7 1.05576E-6 5.11094E-7 6.88483E-7 1.49701E-6 2.96759E-6 3.3319E-7 6.48643E-7 5.15777E-7 1.27668E-6 9.58703E-7 1.72019E-6 1.24562E-7 5.0704E-7 5.55356E-8 9.70868E-8 6.55783E-8 4.42934E-9 3.36638E-9 3.31521E-11 1.41718E-9 6.24658E-11 2.54943E-10 5.39009E-10 1.37326E-8 1.61697E-8 1.14456E-10 2.83352E-11 4.09444E-11 7.39709E-8 3.1221E-8 2.8066E-10 1.71227E-7 2.44249E-14 2.22045E-16 5.21805E-15 1.66533E-15 7.10543E-15 1.11022E-16
-9999 -9999 -9999 -9999 -9999 -9999 -9999 -9999 0E0 0E0 0E0 0E0 0E0 0E0 0E0 0E0 0E0 0E0 0E0 0E0 0E0 0E0 4.74562E-7 0E0 1.09546E-5 1.5703E-4 1.47121E-5 2.32442E-5 1.79266E-5 4.56301E-6 7.16186E-7 6.29661E-7 5.59074E-6 4.1501E-6 1.10384E-5 1.56516E-5 3.18698E-6 3.35574E-7 2.48843E-6 3.35183E-6 1.10384E-6 1.95926E-6 1.33858E-7 2.13492E-6 3.00424E-7 3.75297E-8 1.63792E-5 2.57874E-5 6.98711E-6 5.06027E-6 1.13056E-7 2.32381E-11 1.3069E-10 3.38344E-11 2.60019E-10 1.12025E-10 2.58071E-12 2.22387E-6 4.78042E-7 1.53168E-9 1.25052E-7 7.75527E-7 5.70558E-11 1.28064E-12 1.94063E-8 7.65155E-9 1.14979E-11 1.15331E-11 2.93922E-6 1.01482E-5
-9999 -9999 -9999 -9999 -9999 -9999 -9999 -9999 0E0 0E0 0E0 0E0 0E0 0E0 0E0 0E0 0E0 0E0 0E0 0E0 0E0 0E0 0E0 0E0 0E0 7.31799E-5 5.66093E-6 8.0821E-6 7.98538E-7 2.05534E-6 4.65818E-7 1.50615E-5 5.3537E-7 3.41665E-6 6.92399E-6 1.6255E-6 3.11498E-6 7.73903E-6 5.21316E-6 1.52806E-6 4.58955E-7 1.47192E-4 8.03382E-5 7.17504E-7 3.28077E-7 4.10288E-8 4.52259E-8 3.51358E-5 1.02412E-5 1.57526E-8 5.95982E-9 2.13106E-10 1.20742E-11 7.33924E-7 1.80501E-7 2.44471E-7 8.14759E-8 1.48648E-10 3.8164E-8 2.94209E-14 2.34257E-14 2.87326E-13 1.16385E-12 3.98599E-11 7.78017E-10 3.25436E-7 3.72918E-6 9.88529E-6 2.21503E-6 7.47055E-8
-9999 -9999 -9999 -9999 -9999 -9999 -9999 -9999 0E0 0E0 0E0 0E0 0E0 0E0 0E0 0E0 0E0 0E0 0E0 0E0 0E0 0E0 0E0 0E0 0E0 2.25152E-5 5.79771E-5 1.30577E-5 1.29565E-5 1.59361E-5 1.42193E-5 2.03143E-5 1.31112E-5 1.09069E-5 1.62408E-6 2.54509E-6 9.17461E-7 1.35334E-6 6.19568E-7 1.53961E-6 5.73766E-6 3.29892E-6 4.68877E-5 5.0271E-8 1.99531E-6 5.58253E-6 5.49458E-6 2.45497E-7 6.21518E-7 4.70044E-7 1.70819E-6 3.16005E-8 2.70617E-7 6.7476E-12 4.40922E-8 1.28065E-11 8.74259E-8 8.4463E-8 3.41949E-13 1.30451E-13 1.56319E-12 5.26685E-11 1.99863E-10 5.81724E-12 5.73346E-10 4.32906E-8 1.09856E-8 1.5595E-8 3.31149E-8 1.77314E-9
-9999 -9999 -9999 -9999 -9999 -9999 -9999 -9999 0E0 0E0 0E0 0E0 0E0 0E0 0E0 0E0 0E0 0E0 0E0 0E0 0E0 0E0 0E0 0E0 0E0 1.49123E-6 4.86696E-5 7.38332E-7 1.42522E-6 8.52009E-6 2.76855E-5 2.79299E-6 3.33889E-5 6.8006E-7 2.54208E-7 3.01306E-8 9.29346E-9 6.80172E-7 1.32663E-4 1.14583E-5 9.07055E-6 8.31891E-6 8.81743E-5 1.51378E-8 4.67224E-8 2.9437E-6 8.24264E-6 7.83283E-9 2.87734E-9 5.50926E-8 6.83404E-8 4.85459E-8 4.97795E-11 2.71423E-8 1.66388E-9 5.99555E-11 9.74443E-13 3.24346E-11 1.19904E-14 2.07334E-12 8.77076E-15 1.82521E-13 2.79085E-10 1.02482E-9 1.77487E-11 2.38986E-5 2.46902E-8 1.79934E-8 3.98089E-7 4.04378E-8
-9999 -9999 -9999 -9999 -9999 -9999 -9999 0E0 0E0 0E0 0E0 0E0 0E0 0E0 0E0 0E0 0E0 0E0 0E0 0E0 0E0 0E0 0E0 0E0 1.68781E-6 1.48865E-5 7.8776E-6 7.58326E-6 2.38035E-6 7.19944E-7 2.33253E-6 2.60729E-7 1.34152E-6 1.88764E-8 2.04078E-7 2.88418E-7 2.02142E-7 7.47068E-7 1.06628E-4 5.42896E-7 9.67208E-7 4.67361E-7 2.94341E-7 4.43453E-5 1.56779E-5 1.16788E-6 1.98057E-6 3.28806E-9 2.30819E-9 1.17062E-6 1.40857E-6 2.76536E-6 3.24891E-11 1.86527E-10 5.3862E-10 3.3752E-10 5.38479E-11 1.54653E-11 1.11524E-10 1.00192E-11 9.85878E-14 6.60711E-11 5.2518E-12 6.83942E-12 6.6671E-11 7.65324E-9 2.76412E-8 6.65294E-8 2.25718E-7 1.00125E-6
-9999 -9999 -9999 -9999 -9999 -9999 -9999 0E0 0E0 0E0 0E0 0E0 0E0 0E0 0E0 0E0 0E0 0E0 0E0 0E0 0E0 0E0 0E0 0E0 4.20826E-6 2.15425E-5 3.18144E-6 8.29755E-5 6.68313E-5 3.66995E-5 1.67263E-6 9.56017E-7 1.34691E-7 1.14768E-7 7.85832E-7 2.16823E-7 2.01739E-7 1.53196E-7 6.66859E-5 2.83139E-6 2.9137E-7 8.48878E-8 7.89343E-8 1.10394E-5 8.94718E-7 6.56312E-6 2.38073E-8 3.44307E-8 1.56587E-6 2.20942E-8 4.74282E-8 1.35314E-6 1.29353E-6 1.72515E-6 1.28633E-10 2.81997E-12 3.20758E-10 3.70133E-10 4.99051E-9 1.63942E-10 1.40898E-10 4.23279E-11 2.20002E-12 2.60755E-10 2.48216E-11 9.49061E-9 2.28156E-8 6.54408E-6 1.07188E-4 3.58814E-4
-9999 -9999 -9999 -9999 -9999 -9999 -9999 0E0 0E0 0E0 0E0 0E0 0E0 0E0 0E0 0E0 0E0 0E0 0E0 0E0 0E0 0E0 0E0 0E0 0E0 2.48292E-5 9.9806E-6 8.58059E-6 1.01775E-5 3.25927E-5 6.2367E-5 1.36439E-5 6.66787E-7 2.41514E-6 3.65992E-6 1.00697E-5 4.18021E-7 4.0155E-7 8.39325E-7 2.99794E-7 3.74826E-8 4.59342E-8 3.79203E-7 1.02354E-5 5.49123E-9 3.43691E-5 1.33851E-8 5.58303E-8 3.26753E-6 4.1364E-8 7.17336E-7 3.57059E-10 1.70886E-9 3.5607E-7 1.31468E-5 2.21431E-9 2.08001E-10 5.7402E-9 1.07771E-10 7.87704E-10 4.35234E-10 7.95188E-11 4.45654E-11 2.20427E-10 6.39246E-9 2.95696E-10 9.83463E-9 3.11679E-7 2.69518E-7 3.56637E-4
-9999 -9999 -9999 -9999 -9999 -9999 -9999 0E0 0E0 0E0 0E0 0E0 0E0 0E0 0E0 0E0 0E0 0E0 0E0 0E0 0E0 0E0 0E0 0E0 0E0 3.9111E-5 1.28145E-5 3.74051E-5 4.87591E-6 6.98862E-5 2.41478E-5 1.42586E-5 1.85816E-6 1.23306E-5 3.15874E-5 9.69298E-6 8.27643E-7 2.4221E-7 6.02661E-7 2.60717E-7 5.48635E-6 3.82363E-7 8.17532E-8 3.95778E-6 2.76084E-7 7.47115E-6 2.09015E-10 5.43433E-10 2.64151E-10 3.05969E-10 6.71276E-10 1.06357E-9 4.06562E-8 2.78945E-8 6.52433E-9 4.07275E-9 6.70163E-9 2.48371E-8 1.43264E-7 1.03823E-8 9.93661E-9 6.23658E-10 3.29546E-10 8.61481E-10 9.42821E-10 7.53104E-9 3.78246E-9 7.10455E-9 2.30187E-8 6.95591E-9
-9999 -9999 -9999 -9999 -9999 -9999 0E0 0E0 0E0 0E0 0E0 0E0 0E0 0E0 0E0 0E0 0E0 0E0 0E0 0E0 0E0 0E0 0E0 0E0 0E0 0E0 0E0 9.00294E-5 1.05449E-5 1.04791E-5 2.19117E-5 1.39569E-5 7.51512E-7 4.52787E-6 3.11961E-6 1.0809E-5 5.38082E-7 2.97123E-8 9.6387E-8 1.24123E-7 7.50299E-7 1.79244E-9 3.34494E-9 6.35319E-7 3.50677E-9 2.05482E-6 1.75298E-5 6.73496E-8 4.25435E-8 1.1291E-7 1.4036E-6 1.13014E-9 5.56115E-6 1.59993E-8 4.14923E-5 2.13806E-7 1.07001E-7 3.45653E-8 8.74313E-8 5.33477E-8 6.3336E-9 2.67269E-8 1.05003E-8 6.36394E-10 1.17274E-9 5.0167E-10 3.21094E-8 2.66411E-8 1.97297E-8 3.39573E-5
-9999 -9999 -9999 -9999 -9999 -9999 0E0 0E0 0E0 0E0 0E0 0E0 0E0 0E0 0E0 0E0 0E0 0E0 0E0 0E0 0E0 0E0 0E0 0E0 0E0 4.39261E-5 8.03428E-5 7.03895E-5 2.34542E-5 6.86265E-5 4.10098E-6 9.18778E-6 2.28633E-6 1.53534E-6 2.28845E-6 1.23159E-7 3.89989E-7 3.30003E-7 3.03632E-7 9.03659E-9 1.06381E-7 6.58648E-9 3.43636E-8 7.6157E-7 8.40013E-9 6.0042E-12 1.32143E-6 2.72749E-8 1.17266E-6 1.76531E-7 3.54613E-7 8.11175E-6 6.08599E-9 4.55472E-8 7.64371E-6 6.88005E-6 2.20789E-8 3.56277E-8 7.2536E-10 1.29588E-7 1.24207E-7 2.39442E-9 2.98008E-8 7.70931E-9 1.30939E-8 1.2934E-9 1.15175E-7 3.92662E-8 2.21987E-8 8.85388E-8
-9999 -9999 -9999 -9999 -9999 -9999 0E0 0E0 0E0 0E0 0E0 0E0 0E0 0E0 0E0 0E0 0E0 0E0 0E0 0E0 0E0 0E0 0E0 0E0 0E0 4.08051E-5 1.06831E-4 2.26913E-4 3.87777E-5 2.83625E-5 4.88608E-6 7.32173E-6 1.82026E-5 2.17586E-7 5.0665E-6 1.04815E-5 5.15753E-6 1.42422E-6 1.40619E-5 5.71898E-8 2.33179E-6 8.16683E-8 2.41995E-6 2.68173E-6 1.78425E-6 8.43484E-11 2.09045E-8 2.78597E-8 9.70116E-7 1.95935E-7 1.83705E-8 1.2501E-6 3.06551E-8 9.19336E-7 4.21813E-7 1.46504E-5 3.67488E-9 1.29052E-8 3.01912E-8 1.78441E-7 5.45249E-8 2.72871E-8 1.59057E-8 5.04576E-8 1.2967E-7 4.76794E-9 7.96679E-8 1.95309E-9 1.23767E-7 2.16486E-7
-9999 -9999 -9999 -9999 -9999 -9999 -9999 -9999 0E0 0E0 0E0 0E0 0E0 0E0 0E0 0E0 0E0 0E0 0E0 0E0 0E0 0E0 0E0 0E0 0E0 2.54509E-5 2.01121E-4 1.20072E-4 1.37656E-4 1.78929E-6 2.05343E-6 1.09956E-5 1.84235E-6 9.07664E-6 1.38397E-6 5.02023E-7 1.35983E-6 1.38539E-6 1.73123E-7 9.2906E-8 2.58198E-6 2.37188E-6 2.03055E-5 8.97242E-8 2.5404E-7 3.77529E-6 8.42347E-6 2.77242E-6 3.42694E-5 2.8556E-5 1.06404E-7 9.98476E-8 5.60284E-6 5.17764E-8 1.87897E-8 1.68319E-8 5.84126E-9 2.9314E-9 5.50958E-8 6.66418E-7 7.1048E-9 1.3754E-8 2.38971E-9 9.32162E-10 2.57125E-9 6.11822E-9 3.16782E-8 3.37699E-10 1.29902E-8 3.70793E-7
-9999 -9999 -9999 -9999 -9999 0E0 0E0 0E0 0E0 0E0 0E0 0E0 0E0 0E0 0E0 0E0 0E0 0E0 0E0 0E0 0E0 0E0 0E0 0E0 0E0 0E0 4.34049E-5 2.15873E-4 2.31753E-4 7.54389E-5 5.85094E-5 9.65176E-6 5.34229E-6 4.59744E-6 1.90152E-5 1.63166E-6 1.54561E-5 2.18398E-7 1.82334E-8 1.38833E-5 1.42003E-5 4.458E-8 4.62431E-7 1.27987E-7 1.76951E-7 3.96937E-5 3.28896E-6 7.79508E-8 1.29639E-7 8.59234E-7 6.72507E-7 1.68064E-9 1.02782E-10 8.06207E-5 6.36671E-5 3.34415E-5 8.38535E-10 5.84564E-9 9.14533E-8 1.49674E-7 1.52109E-7 2.38142E-6 4.31403E-9 6.91398E-9 7.51324E-8 2.08851E-8 8.97827E-9 1.78322E-9 3.9169E-8 2.10765E-4
-9999 -9999 -9999 -9999 -9999 0E0 0E0 0E0 0E0 0E0 0E0 0E0 0E0 0E0 0E0 0E0 0E0 0E0 0E0 0E0 0E0 0E0 0E0 0E0 0E0 9.6761E-5 1.24013E-4 2.28046E-4 2.88148E-4 1.15947E-4 2.22258E-4 6.70881E-5 1.43764E-5 1.47488E-6 1.77627E-5 3.85668E-8 6.51392E-8 2.11844E-6 3.39223E-8 2.67514E-7 1.34251E-7 4.80202E-8 6.91027E-8 5.46964E-8 9.58622E-6 5.47557E-6 1.21028E-6 1.57115E-6 4.40348E-8 1.19628E-7 3.52615E-8 1.67552E-7 5.26487E-8 6.17131E-7 1.58144E-5 1.61111E-5 5.29519E-9 1.33239E-8 1.60455E-9 8.81507E-10 1.92938E-9 8.49005E-10 4.54235E-10 1.62069E-8 2.28154E-8 5.11743E-5 2.06404E-10 3.58639E-8 4.74156E-8 9.8286E-7
-9999 -9999 -9999 -9999 -9999 0E0 0E0 0E0 0E0 0E0 0E0 0E0 0E0 0E0 0E0 0E0 0E0 0E0 0E0 0E0 0E0 0E0 0E0 0E0 7.87517E-6 9.29441E-5 9.5911E-5 8.47891E-5 1.25195E-4 4.07842E-4 4.43085E-4 3.49154E-4 3.40343E-5 1.09434E-5 1.67352E-5 5.66782E-7 4.81079E-8 1.09002E-5 4.50336E-7 1.25926E-6 7.01538E-6 3.57221E-5 9.37001E-5 5.07089E-6 1.12377E-6 1.72826E-7 1.38858E-6 1.44389E-7 3.77096E-8 1.18376E-7 3.77227E-7 5.96986E-7 6.24386E-8 5.60856E-8 1.61305E-5 8.80384E-6 6.11981E-6 5.15169E-8 3.17575E-10 7.04798E-11 4.06876E-10 8.61546E-10 3.52599E-10 1.22832E-5 3.92999E-5 7.85774E-5 4.15021E-6 2.03732E-8 1.52821E-8 7.95233E-9
-9999 -9999 -9999 -9999 -9999 0E0 0E0 0E0 0E0 0E0 0E0 0E0 0E0 0E0 0E0 0E0 0E0 0E0 0E0 0E0 0E0 0E0 0E0 0E0 0E0 9.65206E-6 5.27141E-5 1.38194E-4 7.78475E-5 3.02153E-4 1.93013E-4 2.97442E-4 5.71188E-6 2.48225E-5 1.21607E-5 2.81347E-7 5.57107E-6 2.26355E-6 3.5683E-7 3.45239E-5 2.47609E-6 6.62461E-6 9.34789E-5 3.21495E-7 4.29439E-5 1.04067E-4 1.38066E-4 1.33374E-7 4.30195E-8 5.71825E-8 1.93669E-8 1.98603E-10 1.14017E-10 4.73822E-10 1.00289E-5 6.95608E-6 2.74042E-5 6.82949E-7 3.15803E-11 1.46676E-10 1.95451E-10 2.13504E-9 4.83271E-10 4.33403E-5 5.06228E-5 7.02319E-5 8.41076E-6 1.4228E-4 3.94209E-4 8.29814E-7
-9999 -9999 -9999 -9999 -9999 0E0 0E0 0E0 0E0 0E0 0E0 0E0 0E0 0E0 0E0 0E0 0E0 0E0 0E0 0E0 0E0 0E0 0E0 0E0 6.57478E-5 1.00501E-5 7.0843E-5 1.70614E-4 1.9838E-4 1.82756E-4 1.16706E-4 4.54896E-4 4.28075E-5 8.45775E-6 2.83385E-6 3.90751E-6 1.08634E-6 2.44949E-6 1.8668E-5 2.93655E-5 6.34265E-6 1.0227E-9 1.54776E-9 4.40283E-8 2.24284E-8 2.5621E-10 5.35677E-5 1.95597E-7 8.06514E-8 1.28214E-8 1.63413E-9 5.02679E-10 8.05166E-11 6.0198E-6 1.74521E-5 7.82593E-6 3.4265E-5 1.83082E-5 6.72092E-8 5.0088E-10 5.93013E-5 2.18805E-5 2.34247E-8 2.53205E-5 5.58725E-5 1.24331E-7 7.26311E-6 4.48976E-4 1.74269E-6 8.79289E-7
-9999 -9999 -9999 -9999 -9999 0E0 0E0 0E0 0E0 0E0 0E0 0E0 0E0 0E0 0E0 0E0 0E0 0E0 0E0 0E0 0E0 0E0 0E0 0E0 1.9198E-4 0E0 1.44995E-4 3.64916E-4 5.08234E-4 2.77828E-4 1.2103E-4 4.74403E-4 1.70385E-5 5.68166E-6 4.46062E-6 1.23136E-5 1.36717E-5 1.05819E-5 1.36627E-6 7.24579E-7 2.7145E-5 1.55635E-9 5.05482E-11 1.0545E-6 4.95203E-9 2.98706E-9 1.2231E-4 2.12677E-7 2.38881E-8 2.92685E-8 5.82248E-9 7.51523E-11 3.34981E-9 4.95473E-8 9.77326E-5 3.08333E-6 2.64122E-5 1.30398E-4 1.35101E-7 1.01956E-7 5.87082E-9 6.76766E-9 2.27726E-7 1.79512E-7 2.63968E-7 2.84595E-7 1.48745E-5 2.08849E-4 2.81013E-4 8.0242E-8
-9999 -9999 -9999 -9999 -9999 0E0 0E0 0E0 0E0 0E0 0E0 0E0 0E0 0E0 0E0 0E0 0E0 0E0 0E0 0E0 0E0 0E0 0E0 0E0 0E0 0E0 5.74673E-4 5.03576E-4 5.03558E-4 2.92465E-4 3.413E-4 9.15696E-5 2.01946E-4 2.98998E-5 1.28056E-5 7.07428E-6 1.03084E-5 4.17984E-6 5.88451E-6 1.75542E-5 5.69628E-5 1.43164E-7 1.29717E-10 2.89271E-9 7.35514E-11 2.17678E-8 8.97386E-5 3.86169E-7 3.20177E-5 2.40583E-6 3.11254E-9 3.07088E-8 8.97261E-8 2.59034E-7 2.89768E-7 4.3368E-7 3.43185E-8 3.01141E-9 1.43734E-7 9.67656E-9 7.46512E-5 7.02844E-5 3.64024E-7 2.22336E-7 1.78623E-7 2.01359E-4 2.50482E-5 2.86589E-5 1.34766E-5 5.2624E-7
-9999 -9999 -9999 -9999 -9999 0E0 0E0 0E0 0E0 0E0 0E0 0E0 0E0 0E0 0E0 0E0 0E0 0E0 0E0 0E0 0E0 0E0 0E0 0E0 0E0 4.2959E-4 5.88659E-4 7.82468E-4 3.72615E-4 3.75611E-4 1.63663E-4 3.89263E-4 2.21769E-5 1.59006E-4 8.31593E-5 2.19888E-5 1.92589E-6 2.19078E-6 3.12798E-6 6.67007E-7 1.41239E-7 2.16994E-6 1.63289E-7 3.18116E-7 7.24736E-10 4.90948E-8 7.61577E-6 1.81828E-7 1.59739E-7 1.34895E-7 4.89139E-7 9.24445E-7 1.2117E-6 4.4828E-7 2.14136E-6 2.22765E-6 4.26714E-4 6.34246E-8 9.33403E-8 5.29026E-8 3.1181E-7 1.09371E-7 4.03048E-8 2.52307E-8 3.56981E-8 3.60683E-5 1.45374E-5 1.66014E-4 4.19804E-4 3.67826E-8
-9999 -9999 -9999 -9999 -9999 0E0 0E0 0E0 0E0 0E0 0E0 0E0 0E0 0E0 0E0 0E0 0E0 0E0 0E0 0E0 0E0 0E0 0E0 0E0 0E0 1.57731E-4 6.23452E-4 3.73219E-4 4.40539E-4 9.8963E-5 2.19447E-4 3.7227E-4 1.79205E-4 4.74468E-5 5.99661E-5 6.451E-5 2.85468E-5 3.01148E-5 7.57135E-6 4.00683E-6 1.6843E-5 6.10355E-8 5.3617E-6 2.82115E-6 2.45633E-9 1.56413E-9 2.83584E-5 1.7644E-6 9.71419E-6 1.78764E-6 1.61044E-6 2.26841E-6 4.07561E-6 9.58767E-7 3.65075E-6 4.31536E-6 6.92953E-7 1.6434E-4 1.7999E-8 3.83051E-7 3.36926E-4 9.96598E-6 1.7113E-4 8.70314E-8 1.10856E-7 1.50773E-4 3.94525E-5 5.38713E-5 8.00998E-5 7.13209E-10
-9999 -9999 -9999 -9999 -9999 0E0 0E0 0E0 0E0 0E0 0E0 0E0 0E0 0E0 0E0 0E0 0E0 0E0 0E0 0E0 0E0 0E0 0E0 0E0 0E0 0E0 2.44637E-4 3.40659E-4 5.18314E-4 1.49843E-4 3.79986E-4 1.15497E-4 2.64419E-5 8.09292E-5 4.78075E-5 4.53313E-5 1.90156E-5 2.51988E-5 8.84433E-5 1.95277E-5 4.8773E-6 7.40027E-5 3.49519E-6 2.00039E-5 2.24242E-7 1.94508E-5 1.10389E-5 1.38513E-7 1.67675E-6 1.26255E-6 1.45615E-6 2.75347E-7 5.47486E-6 1.51206E-5 2.54594E-6 5.46962E-7 3.72471E-7 4.91511E-7 2.4749E-4 5.89294E-4 3.03865E-6 2.17739E-8 4.83104E-6 7.80528E-9 1.73464E-4 4.16153E-5 1.32721E-4 6.78634E-6 1.57653E-7 1.62381E-9
-9999 -9999 -9999 -9999 -9999 0E0 0E0 0E0 0E0 0E0 0E0 0E0 0E0 0E0 0E0 0E0 0E0 0E0 0E0 0E0 0E0 0E0 0E0 0E0 0E0 0E0 3.40725E-4 1.36712E-4 1.36913E-4 2.59269E-4 2.24158E-4 1.55202E-4 1.24621E-4 1.40818E-4 4.97662E-5 5.88238E-5 3.33737E-5 1.24141E-4 3.44882E-5 5.58729E-5 2.70601E-5 3.89303E-5 8.2504E-6 4.23807E-4 7.37838E-5 6.31334E-6 1.85887E-7 6.14034E-5 6.2681E-6 1.79019E-6 1.89854E-6 3.84895E-7 1.37759E-6 7.49428E-7 5.17999E-7 1.75852E-6 2.64128E-6 1.00292E-4 7.45161E-5 6.83821E-10 8.93054E-9 6.60304E-8 1.26453E-6 4.93842E-9 1.51893E-6 2.02446E-7 1.32992E-5 3.91286E-6 5.89507E-6 3.05556E-6
-9999 -9999 -9999 -9999 -9999 0E0 0E0 0E0 0E0 0E0 0E0 0E0 0E0 0E0 0E0 0E0 0E0 0E0 0E0 0E0 0E0 0E0 0E0 0E0 0E0 0E0 1.84109E-4 3.18793E-4 1.17115E-4 3.33811E-4 5.83039E-4 2.75479E-4 8.8441E-5 2.99117E-5 8.0669E-5 6.95006E-5 3.13753E-6 2.0067E-5 2.62616E-5 5.19401E-5 1.65729E-5 1.68251E-4 6.69233E-4 1.04992E-4 1.18991E-4 3.22476E-7 3.19813E-7 3.60808E-4 2.05445E-6 5.22063E-6 3.33474E-4 1.2948E-7 4.55111E-7 1.17885E-7 3.62027E-7 5.43943E-7 5.54604E-4 2.11551E-4 1.22465E-4 4.64445E-7 7.56005E-9 7.07485E-9 2.03175E-9 1.62692E-8 3.81131E-6 1.67802E-5 1.55287E-4 5.48397E-7 2.92368E-6 5.781E-8
