ENM/Final_Models/M_2_F_lq_Set_1_EC/Gustavia_santanderiensis_5_Choco_novel.asc
ncols         367
nrows         963
xllcorner     -78.6
yllcorner     0.65
cellsize      0.00833333333333323
NODATA_value  -9999
[rows 360 to 389 of 963, columns 204 to 271 of 367]
-1.18357E2 -1.17874E2 -1.19324E2 -1.12077E2 -1.12077E2 -1.25604E2 -1.07729E2 -1.28986E2 -1.28986E2 -1.1256E2 -1.1256E2 -1.1256E2 -1.09662E2 -1.1256E2 -1.1256E2 -1.29952E2 -1.12077E2 -1.12077E2 -1.29952E2 -1.11594E2 -1.11111E2 -1.11594E2 -9.94377E1 -9.48454E1 -1.11111E2 -1.10628E2 -1.10628E2 -1.10145E2 -1.0628E2 -9.62512E1 -7.22587E1 -6.46361E1 -1.11594E2 -8.95345E1 -1.11594E2 -8.11934E1 -7.90378E1 -1.11594E2 -1.03865E2 -1.03382E2 -1.03382E2 -1.02899E2 -1.05797E2 -1.05314E2 -1.01449E2 -1.00966E2 -1.00483E2 -1.02415E2 -9.95169E1 -7.27585E1 -7.36957E1 -7.5945E1 -8.2318E1 -8.3099E1 -9.61353E1 -6.72602E1 -9.51691E1 -9.4686E1 -9.42029E1 -9.37198E1 -9.66184E1 -9.4686E1 -8.64734E1 -8.79227E1 -8.9372E1 -8.79227E1 -9.27536E1 -9.27536E1
-8.5692E1 -8.1537E1 -1.05314E2 -1.1256E2 -1.1256E2 -1.07729E2 -1.07729E2 -1.20773E2 -1.20773E2 -1.1256E2 -1.1256E2 -1.09179E2 -1.09662E2 -1.1256E2 -1.1256E2 -1.1256E2 -1.1256E2 -1.1256E2 -1.12077E2 -1.12077E2 -1.11594E2 -1.11594E2 -1.11594E2 -1.07729E2 -1.11111E2 -1.07246E2 -1.10628E2 -1.30435E2 -1.10628E2 -1.10145E2 -1.0628E2 -1.11594E2 -1.1401E2 -1.05797E2 -1.05314E2 -8.32552E1 -1.04831E2 -1.11111E2 -1.04348E2 -1.03865E2 -1.03382E2 -1.0628E2 -1.05797E2 -1.02415E2 -1.04348E2 -1.01449E2 -1.00966E2 -1.02415E2 -7.55077E1 -9.95169E1 -7.3913E1 -1.01932E2 -7.8288E1 -8.40987E1 -9.66184E1 -9.61353E1 -9.56522E1 -9.51691E1 -9.80676E1 -9.61353E1 -9.66184E1 -9.32367E1 -9.13043E1 -8.74396E1 -9.03382E1 -8.9372E1 -9.37198E1 -7.92271E1
-8.93471E1 -8.31303E1 -1.05797E2 -1.19324E2 -1.28502E2 -1.07729E2 -1.08213E2 -1.29469E2 -1.13043E2 -1.13043E2 -1.13043E2 -1.13043E2 -1.09179E2 -1.09179E2 -1.13043E2 -1.10628E2 -1.10628E2 -1.11111E2 -1.11111E2 -1.11111E2 -1.11594E2 -1.11594E2 -9.17213E1 -9.4533E1 -1.11594E2 -1.07729E2 -1.11111E2 -1.11111E2 -9.95169E1 -1.07246E2 -1.06763E2 -1.11594E2 -1.11594E2 -1.0628E2 -1.05797E2 -9.0503E1 -1.05314E2 -1.04831E2 -1.04831E2 -1.04348E2 -1.08696E2 -1.03382E2 -1.0628E2 -1.02415E2 -1.05314E2 -1.04831E2 -1.01449E2 -1.00966E2 -1.00483E2 -1E2 -7.95376E1 -9.90338E1 -1.01449E2 -9.75845E1 -9.71014E1 -9.66184E1 -9.61353E1 -9.56522E1 -9.4686E1 -9.71014E1 -9.56522E1 -9.4686E1 -8.64734E1 -8.45411E1 -8.69565E1 -9.03382E1 -9.37198E1 -8.06763E1
-1.0628E2 -1.22222E2 -1.26087E2 -1.28502E2 -1.28986E2 -1.27536E2 -1.29469E2 -1.29469E2 -8.64417E1 -1.09179E2 -1.09179E2 -1.13527E2 -1.09179E2 -1.09179E2 -1.09179E2 -1.09179E2 -1.10628E2 -1.11111E2 -8.7254E1 -8.75039E1 -9.04092E1 -1.11594E2 -9.37832E1 -9.24086E1 -1.12077E2 -1.11594E2 -1.11594E2 -1.11111E2 -1.11111E2 -1.10628E2 -1.07246E2 -1.07246E2 -1.06763E2 -1.0628E2 -1.0628E2 -1.0628E2 -8.78163E1 -1.05314E2 -1.04831E2 -1.04348E2 -1.04348E2 -1.03865E2 -1.03382E2 -1.02899E2 -1.05797E2 -1.05314E2 -1.04831E2 -1.00966E2 -1.00483E2 -1.03382E2 -1.02899E2 -1.02415E2 -9.85507E1 -9.80676E1 -9.75845E1 -9.71014E1 -9.66184E1 -9.56522E1 -9.27536E1 -9.42029E1 -9.22705E1 -9.4686E1 -9.22705E1 -8.35749E1 -8.74396E1 -8.69565E1 -8.26087E1 -8.01932E1
-1.06763E2 -1.27053E2 -1.28986E2 -1.19324E2 -1.28019E2 -1.21256E2 -1.28502E2 -1.29469E2 -1.08696E2 -8.31615E1 -8.7254E1 -1.13527E2 -1.09662E2 -1.09662E2 -1.13527E2 -1.13527E2 -1.11111E2 -9.41268E1 -9.20962E1 -9.24086E1 -9.37207E1 -1.11594E2 -1.11594E2 -9.79694E1 -1.12077E2 -1.08213E2 -1.08213E2 -1.08213E2 -1.11111E2 -1.11111E2 -1.07729E2 -1.07246E2 -1.07246E2 -1.06763E2 -1.0628E2 -1.11594E2 -1.05797E2 -8.73477E1 -7.86629E1 -1.04831E2 -1.07729E2 -1.03865E2 -1.03865E2 -1.0628E2 -1.04348E2 -8.23805E1 -1.05467E2 -1.04348E2 -1.00966E2 -1.02415E2 -1.02499E2 -9.95169E1 -9.80676E1 -9.71014E1 -9.80676E1 -9.71014E1 -8.79227E1 -8.74396E1 -9.56522E1 -9.4686E1 -9.27536E1 -9.66184E1 -9.22705E1 -8.50242E1 -8.59903E1 -9.03382E1 -8.01932E1 -8.4058E1
-1.07729E2 -1.08696E2 -1.28019E2 -1.07246E2 -1.07729E2 -1.08213E2 -1.28986E2 -1.28986E2 -1.08696E2 -8.21931E1 -1.09662E2 -1.09662E2 -1.10145E2 -1.10145E2 -1.10628E2 -9.04405E1 -8.45673E1 -9.86254E1 -9.03155E1 -1.11594E2 -1.11594E2 -1.11594E2 -1.11594E2 -1.12077E2 -1.1256E2 -1.12077E2 -1.12077E2 -1.11594E2 -1.31884E2 -1.08213E2 -1.08213E2 -1.07729E2 -1.07246E2 -1.07246E2 -1.06763E2 -8.21931E1 -1.09179E2 -1.05797E2 -1.05797E2 -7.8744E1 -1.04831E2 -1.04348E2 -1.05314E2 -1.06763E2 -1.0628E2 -1.29469E2 -1.02415E2 -1.01932E2 -1.02899E2 -1.02415E2 -1.00483E2 -1E2 -9.90338E1 -9.71014E1 -9.80676E1 -9.75845E1 -8.74396E1 -8.74396E1 -9.56522E1 -9.85507E1 -9.37198E1 -9.71014E1 -9.32367E1 -9.56522E1 -8.55072E1 -8.01932E1 -8.45411E1 -8.16425E1
-1.28019E2 -1.28019E2 -1.28986E2 -1.29469E2 -1.29952E2 -1.14493E2 -1.30435E2 -1.30435E2 -1.30435E2 -9.07529E1 -9.81256E1 -1.10145E2 -1.10145E2 -9.48454E1 -1.10628E2 -1.10628E2 -8.28491E1 -1.11111E2 -1.11594E2 -1.11594E2 -1.11594E2 -1.13527E2 -1.13043E2 -1.13043E2 -1.1256E2 -1.32367E2 -1.31884E2 -1.27053E2 -1.32367E2 -1.2657E2 -1.26087E2 -1.11111E2 -1.07729E2 -1.07729E2 -1.07246E2 -8.60044E1 -8.51296E1 -1.0628E2 -1.05797E2 -1.05797E2 -1.05314E2 -1.04831E2 -1.04348E2 -1.03874E2 -1.0628E2 -1.0628E2 -1.02415E2 -1.01932E2 -1.02249E2 -1.00966E2 -1.03865E2 -1E2 -9.95169E1 -9.90338E1 -1.01932E2 -1.01449E2 -1.00483E2 -1E2 -9.95169E1 -9.90338E1 -1.12077E2 -8.50242E1 -8.50242E1 -8.30918E1 -7.97101E1 -8.11594E1 -1.07729E2 -7.14976E1
-1.28502E2 -1.29469E2 -1.21256E2 -1.29952E2 -1.14493E2 -1.14493E2 -1.08696E2 -1.08696E2 -1.30435E2 -1.09662E2 -1.09662E2 -9.61574E1 -9.64699E1 -9.32209E1 -9.74383E1 -9.05967E1 -9.36582E1 -1.1401E2 -1.31884E2 -1.16425E2 -1.28019E2 -1.13527E2 -1.32367E2 -1.13043E2 -1.13043E2 -1.27053E2 -1.32367E2 -1.32367E2 -1.3285E2 -1.3285E2 -1.32367E2 -1.11594E2 -1.08213E2 -7.85067E1 -8.10372E1 -8.78475E1 -8.95345E1 -1.06763E2 -1.04831E2 -1.05797E2 -1.05797E2 -1.04348E2 -1.03865E2 -1.03865E2 -1.03382E2 -1.03382E2 -1.02899E2 -1.02415E2 -1.01932E2 -1.01449E2 -1.00966E2 -1.00483E2 -1E2 -9.95169E1 -1.01932E2 -1.15459E2 -1.09179E2 -8.59903E1 -8.64734E1 -8.69565E1 -9.80676E1 -9.27536E1 -8.64734E1 -1.03865E2 -6.03865E1 -1.01932E2 -1.08696E2 -7.29469E1
-1.28986E2 -1.28502E2 -1.20773E2 -1.30435E2 -1.08213E2 -1.08696E2 -1.08696E2 -1.09179E2 -1.30918E2 -1.09662E2 -1.14976E2 -1.10145E2 -1.10628E2 -9.06592E1 -8.92846E1 -9.23149E1 -9.06592E1 -1.10628E2 -1.32367E2 -1.17391E2 -1.33816E2 -1.27536E2 -1.27053E2 -1.3285E2 -1.13527E2 -1.13043E2 -1.13043E2 -1.1256E2 -1.33333E2 -1.00966E2 -1.12077E2 -1.11594E2 -1.08213E2 -1.11594E2 -8.53171E1 -8.99094E1 -8.96907E1 -1.04831E2 -1.04831E2 -1.0628E2 -1.07729E2 -1.05314E2 -1.03865E2 -1.03382E2 -1.03382E2 -1.02899E2 -1.02899E2 -1.05797E2 -1.02415E2 -1.04831E2 -1E2 -9.90338E1 -1E2 -9.95169E1 -1.01932E2 -1.01449E2 -1.09179E2 -8.69565E1 -1.13527E2 -8.69565E1 -8.69565E1 -8.59903E1 -1.01449E2 -9.95169E1 -8.16425E1 -8.45411E1 -8.35749E1 -9.66184E1
-1.29469E2 -1.21256E2 -8.28491E1 -1.30918E2 -1.08213E2 -1.08696E2 -1.30918E2 -1.15459E2 -1.14976E2 -1.14976E2 -1.09662E2 -1.10145E2 -1.10628E2 -1.10628E2 -1.11111E2 -1.11111E2 -1.11111E2 -1.11111E2 -1.11594E2 -1.27536E2 -1.27536E2 -1.27053E2 -1.27053E2 -1.1401E2 -1.3285E2 -1.16908E2 -1.2657E2 -1.26087E2 -1.3285E2 -1.33816E2 -1.33333E2 -1.12077E2 -1.05797E2 -1.11111E2 -8.12559E1 -9.45954E1 -9.83755E1 -1.04831E2 -1.04348E2 -1.04348E2 -1.04348E2 -1.05797E2 -1.08279E2 -1.04831E2 -1.04348E2 -1.03865E2 -1.03382E2 -1.02899E2 -1.02415E2 -1.04831E2 -1.01449E2 -1.03865E2 -1.03382E2 -1.2029E2 -1.02415E2 -1.01932E2 -1.10145E2 -8.74396E1 -8.74396E1 -8.64734E1 -1.09179E2 -1.06763E2 -8.50242E1 -1.03865E2 -1.01449E2 -9.95169E1 -9.4686E1 -8.79227E1
-1.18357E2 -1.29952E2 -1.30918E2 -1.31401E2 -1.08696E2 -1.08696E2 -9.33771E1 -9.55326E1 -8.7129E1 -1.09662E2 -9.1159E1 -1.10145E2 -1.10628E2 -1.10628E2 -1.10628E2 -1.11111E2 -1.11594E2 -1.28019E2 -1.14976E2 -1.14976E2 -1.27053E2 -1.2657E2 -1.2657E2 -1.1401E2 -1.26087E2 -1.26087E2 -1.33333E2 -1.33333E2 -1.33333E2 -1.33333E2 -1.33333E2 -1.24638E2 -1.11111E2 -1.11111E2 -1.08696E2 -1.08213E2 -1.07729E2 -1.07729E2 -1.07246E2 -1.06763E2 -1.09179E2 -1.08696E2 -1.08213E2 -1.03382E2 -1.03382E2 -1.07246E2 -1.06763E2 -1.0628E2 -1.02899E2 -1.05314E2 -1.04831E2 -1.04348E2 -1.03865E2 -1.15459E2 -1.17391E2 -8.88889E1 -8.9372E1 -8.69565E1 -8.59903E1 -1.0628E2 -1.02415E2 -8.45411E1 -1.13043E2 -8.45411E1 -8.30918E1 -7.97101E1 -9.56522E1 -9.08213E1
-1.07246E2 -1.07246E2 -1.15459E2 -1.2029E2 -1.15942E2 -1.08696E2 -1.09179E2 -1.09662E2 -9.58138E1 -8.90034E1 -1.31884E2 -1.15459E2 -1.27536E2 -1.10628E2 -1.11111E2 -1.11111E2 -1.11594E2 -1.11594E2 -1.27536E2 -1.14976E2 -1.14976E2 -1.2657E2 -1.14493E2 -1.35266E2 -1.26087E2 -1.10628E2 -1.12077E2 -1.12077E2 -1.13043E2 -1.33816E2 -1.33816E2 -1.1256E2 -1.09179E2 -1.09179E2 -1.08696E2 -1.08696E2 -1.08213E2 -1.07729E2 -1.10145E2 -1.09662E2 -1.21739E2 -1.21256E2 -1.30918E2 -1.02899E2 -8.34114E1 -7.78194E1 -7.69759E1 -9.07529E1 -8.99719E1 -9.48766E1 -1.01449E2 -1.04348E2 -1.03865E2 -1.15942E2 -1.11111E2 -8.64734E1 -8.59903E1 -8.84058E1 -8.69565E1 -1.12077E2 -1.18841E2 -9.80676E1 -8.4058E1 -1.0628E2 -1.16908E2 -9.71014E1 -9.66184E1 -1.04348E2
-1.29952E2 -8.45986E1 -1.24638E2 -1.32367E2 -1.30918E2 -1.31401E2 -1.31401E2 -1.09662E2 -1.32367E2 -1.343E2 -1.32367E2 -1.15942E2 -1.27536E2 -1.3285E2 -1.3285E2 -1.11111E2 -1.27536E2 -1.33333E2 -1.15459E2 -1.15459E2 -1.14976E2 -1.33333E2 -1.33816E2 -1.33816E2 -1.33816E2 -1.11111E2 -1.10628E2 -1.10628E2 -1.13527E2 -1.13043E2 -1.24155E2 -1.1256E2 -1.1256E2 -1.12077E2 -1.09179E2 -1.08696E2 -1.08696E2 -1.08213E2 -1.10628E2 -1.10145E2 -1.33816E2 -1.33333E2 -1.2029E2 -1.30918E2 -1.02899E2 -1.02415E2 -1.01932E2 -8.91909E1 -1.01932E2 -1.05797E2 -1.18357E2 -1.17391E2 -9.56522E1 -1.17391E2 -1.16908E2 -8.69565E1 -8.64734E1 -1.10145E2 -1.08696E2 -1.21256E2 -1.10145E2 -9.37198E1 -9.80676E1 -9.75845E1 -9.66184E1 -8.88889E1 -9.08213E1 -1.08696E2
-1.22222E2 -1.1256E2 -1.1256E2 -1.25604E2 -1.31401E2 -1.31401E2 -1.31884E2 -1.09662E2 -1.10145E2 -1.17874E2 -1.10145E2 -1.27053E2 -1.16425E2 -1.16425E2 -1.3285E2 -1.11594E2 -1.11594E2 -1.15942E2 -1.15459E2 -1.15459E2 -1.15459E2 -1.14976E2 -1.33816E2 -1.33816E2 -1.33816E2 -1.14493E2 -1.1401E2 -1.11111E2 -1.13527E2 -1.00966E2 -1.343E2 -1.13043E2 -1.10145E2 -1.09662E2 -1.12077E2 -1.09179E2 -1.08213E2 -1.08213E2 -1.08213E2 -1.10145E2 -1.10145E2 -1.09179E2 -1.2029E2 -1.33333E2 -1.02415E2 -1.02415E2 -1.01932E2 -1.01932E2 -1.03382E2 -1.02899E2 -8.74396E1 -1.11111E2 -1.27536E2 -1.28986E2 -1.1401E2 -1.09662E2 -1.07246E2 -1.19807E2 -1.07729E2 -1.15459E2 -9.90338E1 -9.85507E1 -9.71014E1 -1.03865E2 -1.02899E2 -1.13527E2 -1.03382E2 -8.4058E1
-1.28019E2 -1.19324E2 -1.13043E2 -1.25604E2 -1.31401E2 -1.15942E2 -1.31884E2 -1.34783E2 -1.09662E2 -1.17874E2 -1.10628E2 -1.10628E2 -1.16425E2 -1.16425E2 -1.33333E2 -1.11594E2 -9.14714E1 -1.11594E2 -1.11594E2 -1.12077E2 -1.15459E2 -1.33816E2 -1.37198E2 -1.37198E2 -1.343E2 -1.1401E2 -1.13527E2 -1.1401E2 -1.1401E2 -1.13527E2 -1.00483E2 -1.10145E2 -1.10145E2 -1.1256E2 -1.12077E2 -1.12077E2 -9.08779E1 -1.08696E2 -1.11111E2 -1.10628E2 -1.10145E2 -1.09662E2 -1.09179E2 -1.09179E2 -1.02415E2 -1.01932E2 -1.01932E2 -1.01449E2 -1.03865E2 -1.0628E2 -1.05797E2 -8.74396E1 -1.11111E2 -1.11111E2 -1.14976E2 -1.21256E2 -1.24638E2 -1.10628E2 -1.11594E2 -1.10145E2 -1E2 -1.1401E2 -1.06763E2 -1.07729E2 -9.90338E1 -1.07246E2 -1.03865E2 -5.56389E1
-1.16425E2 -9.66573E1 -8.791E1 -1.25121E2 -1.26087E2 -1.31401E2 -1.31884E2 -1.09179E2 -8.78788E1 -1.10145E2 -1.10628E2 -1.10628E2 -1.33333E2 -1.33333E2 -1.33333E2 -1.11111E2 -1.11594E2 -1.11594E2 -1.15942E2 -1.1256E2 -1.1662E2 -1.343E2 -1.37681E2 -1.37681E2 -1.343E2 -1.343E2 -1.14493E2 -1.14493E2 -1.1401E2 -1.1401E2 -1.34783E2 -1.10628E2 -1.10628E2 -1.10145E2 -1.1256E2 -1.12077E2 -1.09179E2 -1.08696E2 -1.11111E2 -1.10628E2 -1.10628E2 -1.10145E2 -1.09662E2 -1.02415E2 -1.02415E2 -1.01932E2 -1.07729E2 -1.01449E2 -1.06763E2 -1.0628E2 -1.11111E2 -1.11111E2 -1.10628E2 -1.10628E2 -1.15942E2 -1.22222E2 -1.19324E2 -1.24155E2 -1.08696E2 -1.07729E2 -1.24638E2 -1.10628E2 -1E2 -8.84058E1 -8.50242E1 -9.22705E1 -8.06763E1 -8.9372E1
-1.16908E2 -1.01781E2 -8.98157E1 -7.62887E1 -1.26087E2 -1.31884E2 -1.32367E2 -1.09662E2 -1.09662E2 -1.10145E2 -1.10145E2 -1.33333E2 -1.33333E2 -1.16908E2 -1.11111E2 -1.16908E2 -1.11594E2 -1.11594E2 -1.12077E2 -1.12077E2 -1.343E2 -1.343E2 -1.25121E2 -1.15459E2 -1.34783E2 -1.34783E2 -1.14976E2 -1.14493E2 -1.34783E2 -1.34783E2 -1.34783E2 -1.13527E2 -1.13527E2 -1.13043E2 -1.1256E2 -1.1256E2 -1.12077E2 -1.11594E2 -1.11594E2 -1.11111E2 -1.19807E2 -1.10145E2 -1.09662E2 -1.06763E2 -1.01932E2 -1.01932E2 -1.08213E2 -1.07729E2 -1.11594E2 -1.11594E2 -1.15459E2 -1.16908E2 -8.50242E1 -1.09662E2 -1.15942E2 -1.25121E2 -1.1401E2 -1.18841E2 -1.07246E2 -1.05797E2 -1.03382E2 -9.4686E1 -1.16908E2 -6.76351E1 -8.35749E1 -6.35426E1 -6.37681E1 -5.92315E1
-1.16908E2 -9.01906E1 -8.68791E1 -8.77851E1 -1.27053E2 -1.32367E2 -1.32367E2 -1.09179E2 -1.10145E2 -1.10145E2 -1.10145E2 -9.13043E1 -1.07729E2 -8.4786E1 -1.16908E2 -1.16908E2 -1.16908E2 -1.16908E2 -1.16425E2 -1.12077E2 -1.12077E2 -1.38647E2 -1.38647E2 -1.34783E2 -1.34783E2 -1.34783E2 -1.38647E2 -1.38647E2 -1.38647E2 -1.14493E2 -1.1401E2 -1.1401E2 -1.35266E2 -1.22222E2 -1.35266E2 -1.35749E2 -1.11594E2 -1.09179E2 -1.11594E2 -1.33333E2 -1.31401E2 -1.10145E2 -1.10145E2 -1.09662E2 -1.18357E2 -1.08696E2 -1.17874E2 -1.17874E2 -1.16908E2 -1.28502E2 -1.18841E2 -9.80676E1 -7.05405E1 -9.71014E1 -1.17391E2 -1.15942E2 -1.19807E2 -1.14976E2 -1.16908E2 -1.1401E2 -1.05314E2 -1.10628E2 -1.21256E2 -9.27536E1 -8.79227E1 -8.88889E1 -8.88889E1 -4.30178E1
-9.18463E1 -8.44111E1 -1.18357E2 -1.14976E2 -1.27053E2 -1.17391E2 -1.17391E2 -1.10145E2 -1.09662E2 -8.00687E1 -8.90034E1 -1.10628E2 -1.10628E2 -1.17391E2 -1.11111E2 -1.11111E2 -1.16908E2 -1.16908E2 -1.12077E2 -9.90003E1 -1.39614E2 -1.39614E2 -1.3913E2 -1.34783E2 -1.34783E2 -1.35266E2 -1.30435E2 -1.3913E2 -1.3913E2 -1.30435E2 -1.35266E2 -1.35266E2 -1.38164E2 -1.35749E2 -1.35749E2 -1.13043E2 -1.1256E2 -1.11111E2 -1.11111E2 -1.11594E2 -1.11111E2 -1.10628E2 -1.18841E2 -1.18841E2 -1.18357E2 -1.08696E2 -1.28986E2 -1.28502E2 -1.28019E2 -1.28019E2 -1.2657E2 -9.71014E1 -7.36332E1 -7.18213E1 -1.14976E2 -1.14493E2 -1.1256E2 -1.17391E2 -1.10145E2 -1.09662E2 -1.15942E2 -1.07246E2 -1.1256E2 -1.07729E2 -1.09179E2 -8.16425E1 -7.24638E1 -3.40519E1
-8.99094E1 -8.46298E1 -9.09091E1 -1.15459E2 -1.35266E2 -1.31884E2 -1.16908E2 -8.30678E1 -7.95376E1 -8.56607E1 -9.3502E1 -1.10628E2 -1.38647E2 -1.15942E2 -1.11111E2 -1.11594E2 -1.17391E2 -1.17391E2 -1.16908E2 -1.12077E2 -1.24638E2 -1.24638E2 -1.25121E2 -1.39614E2 -1.39614E2 -1.39614E2 -1.35266E2 -1.35266E2 -1.35266E2 -1.39614E2 -1.30435E2 -1.35749E2 -1.35749E2 -1.06763E2 -1.05797E2 -1.13043E2 -1.1256E2 -1.11111E2 -1.11111E2 -1.11111E2 -1.11111E2 -1.35749E2 -1.18841E2 -1.12077E2 -1.29469E2 -1.33333E2 -1.28019E2 -1.33816E2 -1.16908E2 -1.18841E2 -1.10145E2 -1.31884E2 -1.15459E2 -1.14976E2 -9.66184E1 -9.61353E1 -1.13527E2 -1.13043E2 -1.16425E2 -1.1401E2 -1.04348E2 -1.09662E2 -1.10628E2 -1.10145E2 -9.56522E1 -8.88889E1 -7.82609E1 -8.69565E1
-9.22524E1 -9.23461E1 -1.17391E2 -1.16425E2 -1.34783E2 -1.35266E2 -1.32367E2 -1.17391E2 -9.55326E1 -1.17874E2 -1.10145E2 -1.10628E2 -1.10628E2 -1.39614E2 -1.17874E2 -1.17391E2 -1.343E2 -1.1401E2 -1.12077E2 -1.12077E2 -1.25604E2 -1.00781E2 -1.25604E2 -1.4058E2 -1.4058E2 -1.40097E2 -1.35266E2 -1.15459E2 -1.15459E2 -1.39614E2 -1.30435E2 -1.39614E2 -1.36232E2 -1.05314E2 -1.05314E2 -1.03865E2 -1.1256E2 -1.1256E2 -1.11111E2 -1.19324E2 -1.36232E2 -1.36232E2 -1.18841E2 -1.18357E2 -1.27536E2 -1.36232E2 -1.28502E2 -1.16425E2 -1.27053E2 -1.32367E2 -1.31884E2 -1.31884E2 -9.71014E1 -9.66184E1 -8.73477E1 -9.61353E1 -1.11111E2 -1.13043E2 -1.02415E2 -1.01449E2 -1.04348E2 -9.17874E1 -9.95169E1 -1.05314E2 -9.85507E1 -9.4686E1 -9.22705E1 -8.88889E1
-8.73477E1 -8.62543E1 -8.11309E1 -8.03811E1 -9.57513E1 -1.35749E2 -1.36715E2 -1.17874E2 -1.17874E2 -1.17874E2 -1.10145E2 -1.10628E2 -1.3913E2 -1.33816E2 -1.343E2 -1.17874E2 -1.24638E2 -1.11594E2 -1.11594E2 -1.12077E2 -1.12077E2 -1.12077E2 -1.41063E2 -1.41063E2 -1.2657E2 -1.35266E2 -1.35749E2 -1.35749E2 -1.15459E2 -1.35749E2 -1.36232E2 -1.40097E2 -1.3913E2 -1.36715E2 -1.11111E2 -1.11111E2 -1.13043E2 -1.11111E2 -1.11111E2 -1.36715E2 -1.11594E2 -1.10628E2 -1.10628E2 -1.17874E2 -1.36715E2 -1.27053E2 -1.27536E2 -1.26087E2 -1.15942E2 -1.31884E2 -1.15459E2 -1.14976E2 -1.2657E2 -1.26087E2 -9.66184E1 -9.56522E1 -9.4686E1 -1.14976E2 -1.28019E2 -1.2657E2 -1.04831E2 -9.37198E1 -9.71014E1 -1.11594E2 -1.1401E2 -9.22705E1 -9.13043E1 -9.56522E1
-7.96001E1 -8.5567E1 -9.21275E1 -8.80975E1 -1.08213E2 -1.08213E2 -1.3285E2 -1.3285E2 -1.33333E2 -1.33816E2 -1.17874E2 -1.38647E2 -1.40097E2 -1.4058E2 -1.11111E2 -1.11111E2 -1.17874E2 -1.11594E2 -9.46892E1 -1.12077E2 -1.12077E2 -1.12077E2 -1.41546E2 -1.41546E2 -1.41546E2 -1.40097E2 -1.35749E2 -1.35749E2 -1.35749E2 -1.36232E2 -1.14976E2 -1.36232E2 -1.36232E2 -1.36715E2 -1.36715E2 -1.02415E2 -1.10628E2 -1.10628E2 -1.10628E2 -1.12077E2 -1.11594E2 -1.11111E2 -1.10145E2 -1.35266E2 -1.35266E2 -1.36715E2 -1.34783E2 -1.25604E2 -1.15459E2 -1.08696E2 -1.06763E2 -1.0628E2 -1.26087E2 -1.25604E2 -1.1401E2 -9.61353E1 -9.51691E1 -1.1256E2 -1.1401E2 -1.16425E2 -1.07729E2 -6.68853E1 -6.86973E1 -1.03865E2 -9.03382E1 -7.97101E1 -5.19838E1 -8.4058E1
-9.07841E1 -8.75976E1 -8.77226E1 -8.65042E1 -1.08696E2 -1.08696E2 -1.28502E2 -1.23672E2 -1.3913E2 -1.33816E2 -1.33816E2 -1.33816E2 -1.38647E2 -1.343E2 -1.343E2 -1.11111E2 -1.11111E2 -1.11594E2 -1.11594E2 -9.26898E1 -1.42512E2 -1.28019E2 -1.40097E2 -1.40097E2 -1.42029E2 -1.42029E2 -1.16425E2 -1.15942E2 -1.36232E2 -1.36232E2 -1.15459E2 -1.11594E2 -1.11111E2 -1.11111E2 -1.02562E2 -1.04905E2 -1.10628E2 -1.10628E2 -8.18182E1 -1.03865E2 -1.03382E2 -1.09179E2 -1.11111E2 -1.10145E2 -1.24638E2 -1.35266E2 -1.09179E2 -1.08696E2 -1.08696E2 -1.07729E2 -1.06763E2 -1.29469E2 -1.05797E2 -9.56522E1 -1.13043E2 -1.13043E2 -1.28019E2 -1.1401E2 -1.1256E2 -1.16908E2 -1.08696E2 -1.03865E2 -6.18358E1 -6.69478E1 -1.10628E2 -9.22705E1 -7.68116E1 -3.60825E1
-8.37238E1 -9.18151E1 -1.27536E2 -1.28019E2 -1.29469E2 -1.38164E2 -1.3913E2 -1.29952E2 -1.18357E2 -1.18357E2 -1.18357E2 -1.18357E2 -1.18357E2 -1.343E2 -1.18357E2 -1.11111E2 -9.18775E1 -1.05123E2 -1.11594E2 -1.34783E2 -1.11594E2 -1.35266E2 -1.42512E2 -1.11594E2 -1.28502E2 -1.28986E2 -1.35749E2 -1.21256E2 -1.11594E2 -1.11594E2 -1.11594E2 -1.11111E2 -1.11111E2 -9.65948E1 -8.33802E1 -9.45017E1 -9.02218E1 -9.80676E1 -1.02218E2 -1.01218E2 -1.09662E2 -1.11594E2 -1.11111E2 -1.10628E2 -1.09662E2 -1.09179E2 -1.34783E2 -1.14493E2 -1.14493E2 -1.07729E2 -1.07246E2 -1.0628E2 -1.13043E2 -1.28986E2 -1.1256E2 -1.1256E2 -1.28019E2 -1.29469E2 -1.2657E2 -1.17874E2 -1.16908E2 -1.14493E2 -9.37198E1 -1.10145E2 -9.66184E1 -5.35458E1 -3.21462E1 -2.31803E1
-8.31927E1 -9.03468E1 -1.27053E2 -1.17874E2 -1.18841E2 -1.30918E2 -1.09179E2 -1.18357E2 -1.18357E2 -1.18357E2 -1.18357E2 -1.18357E2 -1.14976E2 -1.14976E2 -9.13043E1 -1.11111E2 -1.11111E2 -1.11594E2 -1.11594E2 -1.11594E2 -1.4058E2 -1.43478E2 -1.28986E2 -1.11594E2 -1.39614E2 -1.39614E2 -1.42512E2 -1.35749E2 -1.11594E2 -1.11594E2 -1.11111E2 -1.11111E2 -1.11111E2 -9.69385E1 -8.0881E1 -7.79444E1 -9.40956E1 -9.04092E1 -9.95169E1 -9.75845E1 -9.61353E1 -9.85507E1 -1.37198E2 -1.11111E2 -1.27536E2 -1.27053E2 -1.25604E2 -1.30918E2 -1.31401E2 -1.1401E2 -1.13527E2 -1.28986E2 -1.1256E2 -1.1256E2 -1.1256E2 -1.12077E2 -1.2029E2 -1.19324E2 -1.18841E2 -1.18357E2 -1.17391E2 -1.15942E2 -1.08213E2 -9.66184E1 -1.0628E2 -1.13043E2 -9.42029E1 -7.82609E1
-8.85661E1 -1.29469E2 -1.18357E2 -1.08696E2 -1.09179E2 -1.09179E2 -1.3285E2 -1.18841E2 -1.18841E2 -1.33816E2 -1.33816E2 -1.18841E2 -1.18841E2 -1.18841E2 -1.343E2 -1.11111E2 -1.11594E2 -1.18357E2 -1.11594E2 -1.11594E2 -1.17874E2 -1.43961E2 -1.40097E2 -1.11594E2 -1.11594E2 -1.35749E2 -1.20773E2 -1.2029E2 -1.11594E2 -1.11594E2 -1.11111E2 -1.11111E2 -1.11111E2 -1.10628E2 -7.89441E1 -9.02218E1 -9.01906E1 -7.34458E1 -1.10145E2 -1.1256E2 -9.51691E1 -9.66184E1 -1.11594E2 -1.09662E2 -1.28502E2 -1.27053E2 -1.14493E2 -1.1401E2 -1.1401E2 -1.30435E2 -1.30918E2 -1.06763E2 -1.05797E2 -1.12077E2 -1.12077E2 -1.11594E2 -1.19807E2 -1.18841E2 -1.18841E2 -8.0756E1 -8.00375E1 -7.71946E1 -6.99469E1 -1.07729E2 -1.08213E2 -1.03382E2 -8.50242E1 -6.3285E1
-1.22705E2 -1.33333E2 -1.08696E2 -1.08696E2 -1.09179E2 -1.41546E2 -1.33816E2 -1.19324E2 -1.19324E2 -1.41546E2 -1.33816E2 -1.343E2 -1.10628E2 -1.10628E2 -1.11111E2 -1.11111E2 -1.18841E2 -1.18357E2 -1.11111E2 -1.11594E2 -1.18357E2 -1.35266E2 -1.35266E2 -1.21739E2 -1.43961E2 -1.35749E2 -1.2029E2 -1.19807E2 -1.11111E2 -1.11111E2 -1.11111E2 -1.38647E2 -1.36715E2 -8.56295E1 -9.65948E1 -9.54077E1 -1.10145E2 -7.86629E1 -1.09662E2 -1.1256E2 -8.36614E1 -7.37894E1 -1.11594E2 -1.33333E2 -1.33333E2 -1.25604E2 -1.1401E2 -1.31401E2 -1.31401E2 -1.31401E2 -1.07246E2 -1.06763E2 -1.06763E2 -6.81159E1 -6.76329E1 -1.11111E2 -1.30435E2 -9.22705E1 -1.18841E2 -1.18357E2 -1.18357E2 -1.16908E2 -6.88535E1 -1.08213E2 -1.00966E2 -9.08213E1 -7.97101E1 -6.81159E1
-1.22705E2 -1.33333E2 -1.19324E2 -1.33816E2 -1.33816E2 -1.33816E2 -1.343E2 -1.19807E2 -1.343E2 -1.33816E2 -1.343E2 -1.343E2 -1.10145E2 -1.10628E2 -1.09179E2 -1.09662E2 -1.11111E2 -1.18841E2 -1.18357E2 -1.34783E2 -1.18357E2 -1.34783E2 -1.35266E2 -1.39614E2 -1.44444E2 -1.35749E2 -1.2029E2 -1.19807E2 -1.11111E2 -1.11111E2 -1.11111E2 -1.38164E2 -1.38164E2 -1.10628E2 -8.65355E1 -8.45361E1 -1.10145E2 -8.33177E1 -1.09662E2 -1.1256E2 -1.10628E2 -1.10145E2 -1.2657E2 -1.08696E2 -1.08696E2 -1.25121E2 -1.30435E2 -1.25121E2 -1.25604E2 -1.35266E2 -1.21256E2 -1.1256E2 -1.0628E2 -8.16425E1 -8.16425E1 -1.11111E2 -1.25604E2 -1.2029E2 -1.18841E2 -9.22705E1 -8.78788E1 -1.10145E2 -1.0628E2 -1.0628E2 -1.07246E2 -1.05797E2 -9.4686E1 -6.57005E1
-1.22705E2 -1.42029E2 -1.08696E2 -1.42512E2 -1.42512E2 -1.343E2 -1.19807E2 -1.19807E2 -1.343E2 -1.343E2 -1.343E2 -1.19324E2 -1.15459E2 -1.15459E2 -1.08213E2 -1.09179E2 -1.09179E2 -1.18841E2 -1.14976E2 -1.18357E2 -1.34783E2 -1.34783E2 -1.45411E2 -1.39614E2 -1.3913E2 -1.3913E2 -1.19807E2 -1.36232E2 -1.36232E2 -1.18841E2 -1.29952E2 -1.10628E2 -1.10628E2 -1.10628E2 -1.14976E2 -1.14493E2 -1.09662E2 -8.06311E1 -1.09662E2 -1.11111E2 -1.11111E2 -1.10628E2 -1.11594E2 -1.08696E2 -1.08696E2 -1.13527E2 -1.13043E2 -1.1256E2 -1.29469E2 -1.28986E2 -1.11594E2 -1.12077E2 -1.22705E2 -1.04831E2 -8.16425E1 -1.10628E2 -1.02899E2 -1.21256E2 -1.25121E2 -1.16908E2 -7.54452E1 -1.17874E2 -1.07729E2 -1.07246E2 -1.14493E2 -1.04348E2 -8.35749E1 -6.71498E1
