ENM/Final_Models/M_2_F_lq_Set_1_EC/Gustavia_santanderiensis_Choco_avg.asc
ncols         367
nrows         963
xllcorner     -78.6
yllcorner     0.65
cellsize      0.00833333333333323
NODATA_value  -9999
[rows 360 to 389 of 963, columns 268 to 334 of 367]
9.91772E-1 9.9442E-1 9.98358E-1 9.99237E-1 9.9949E-1 9.95646E-1 9.98849E-1 9.97124E-1 9.95743E-1 9.91187E-1 9.65782E-1 7.60712E-1 6.16421E-1 2.30586E-1 8.16239E-2 4.96865E-2 1.89675E-1 1.77432E-1 2.45369E-1 9.77864E-2 7.51176E-2 5.10211E-3 2.73611E-2 1.85857E-4 8.40888E-5 3.39158E-5 1.88582E-3 1.18835E-3 2.91832E-5 2.89626E-5 1.72707E-7 -9999 -9999 -9999 -9999 -9999 -9999 -9999 -9999 -9999 -9999 -9999 -9999 -9999 -9999 -9999 -9999 -9999 -9999 -9999 -9999 -9999 -9999 -9999 -9999 -9999 -9999 -9999 -9999 -9999 -9999 -9999 -9999 -9999 -9999 -9999 -9999
9.98159E-1 9.98505E-1 9.99698E-1 9.99505E-1 9.9958E-1 9.98337E-1 9.994E-1 9.98479E-1 9.95823E-1 9.85296E-1 7.37424E-1 2.14319E-1 1.46229E-1 1.37616E-1 6.03513E-2 1.739E-1 3.8794E-1 3.6732E-1 1.53546E-1 1.77274E-1 9.90594E-2 6.87894E-3 9.19271E-4 1.58443E-4 2.23559E-4 1.51762E-4 1.56035E-4 -9999 -9999 -9999 -9999 -9999 -9999 -9999 -9999 -9999 -9999 -9999 -9999 -9999 -9999 -9999 -9999 -9999 -9999 -9999 -9999 -9999 -9999 -9999 -9999 -9999 -9999 -9999 -9999 -9999 -9999 -9999 -9999 -9999 -9999 -9999 -9999 -9999 -9999 -9999 -9999
9.97534E-1 9.9937E-1 9.99702E-1 9.99338E-1 9.99753E-1 9.99709E-1 9.99346E-1 9.98566E-1 9.86667E-1 9.59694E-1 5.75356E-1 1.05316E-1 1.09814E-1 2.30731E-2 1.6332E-1 3.28209E-1 3.87265E-1 3.97565E-1 1.53323E-1 2.30147E-1 2.14255E-1 6.11679E-3 5.83666E-4 3.57737E-4 2.08509E-4 1.32249E-4 -9999 -9999 -9999 -9999 -9999 -9999 -9999 -9999 -9999 -9999 -9999 -9999 -9999 -9999 -9999 -9999 -9999 -9999 -9999 -9999 -9999 -9999 -9999 -9999 -9999 -9999 -9999 -9999 -9999 -9999 -9999 -9999 -9999 -9999 -9999 -9999 -9999 -9999 -9999 -9999 -9999
9.9979E-1 9.99725E-1 9.99346E-1 9.99702E-1 9.99722E-1 9.99316E-1 9.97022E-1 9.97354E-1 9.92563E-1 9.83231E-1 7.21322E-1 4.42707E-1 1.07406E-1 1.45501E-1 5.79953E-1 7.7519E-1 6.0124E-1 6.19066E-1 4.63355E-1 5.44843E-1 1.80511E-1 9.35565E-3 8.21268E-3 1.84078E-3 2.14686E-4 3.68729E-5 5.68089E-6 5.33303E-5 3.38393E-5 -9999 -9999 -9999 -9999 -9999 -9999 -9999 -9999 -9999 -9999 -9999 -9999 -9999 -9999 -9999 -9999 -9999 -9999 -9999 -9999 -9999 -9999 -9999 -9999 -9999 -9999 -9999 -9999 -9999 -9999 -9999 -9999 -9999 -9999 -9999 -9999 -9999 -9999
9.99799E-1 9.99928E-1 9.99858E-1 9.99839E-1 9.98957E-1 9.91159E-1 9.81328E-1 9.9718E-1 9.90546E-1 9.4879E-1 8.30821E-1 5.86841E-1 2.57094E-1 4.98163E-1 8.15594E-1 8.13417E-1 7.28332E-1 8.02841E-1 5.59785E-1 6.05379E-1 3.25379E-1 7.73173E-3 2.84317E-3 3.59943E-4 9.3238E-5 7.73787E-5 5.59554E-4 4.68577E-4 1.07118E-4 2.11175E-4 -9999 -9999 7.37511E-5 -9999 -9999 -9999 -9999 -9999 -9999 -9999 -9999 -9999 -9999 -9999 -9999 -9999 -9999 -9999 -9999 -9999 -9999 -9999 -9999 -9999 -9999 -9999 -9999 -9999 -9999 -9999 -9999 -9999 -9999 -9999 -9999 -9999 -9999
9.99645E-1 9.9978E-1 9.99779E-1 9.99728E-1 9.99609E-1 9.99745E-1 9.99031E-1 9.99257E-1 9.93403E-1 9.51293E-1 7.58201E-1 5.40569E-1 7.20093E-1 7.34456E-1 6.39273E-1 4.94767E-1 5.17046E-1 5.47461E-1 6.17854E-1 6.07912E-1 4.24272E-1 5.49656E-2 1.03147E-3 5.21436E-5 2.51104E-4 4.87806E-5 1.82914E-4 7.72853E-3 1.10117E-3 1.86358E-3 4.39714E-3 4.47384E-4 2.12949E-4 4.24038E-4 -9999 -9999 -9999 -9999 -9999 -9999 -9999 -9999 -9999 -9999 -9999 -9999 -9999 -9999 -9999 -9999 -9999 -9999 -9999 -9999 -9999 -9999 -9999 -9999 -9999 -9999 -9999 -9999 -9999 -9999 -9999 -9999 -9999
9.99197E-1 9.99624E-1 9.99622E-1 9.98325E-1 9.99762E-1 9.99596E-1 9.99029E-1 9.98905E-1 9.97151E-1 9.77413E-1 8.45039E-1 6.36433E-1 8.0897E-1 8.56456E-1 6.95513E-1 3.50576E-1 6.03712E-1 4.42537E-1 5.95144E-1 5.02382E-1 2.74262E-1 2.56303E-3 7.1029E-3 1.77371E-3 2.26519E-3 6.55646E-3 4.37881E-3 6.97773E-3 1.50601E-2 1.06165E-3 2.85241E-4 2.77361E-3 6.41349E-5 6.82093E-3 -9999 -9999 -9999 -9999 -9999 -9999 -9999 -9999 -9999 -9999 -9999 -9999 -9999 -9999 -9999 -9999 -9999 -9999 -9999 -9999 -9999 -9999 -9999 -9999 -9999 -9999 -9999 -9999 -9999 -9999 -9999 -9999 -9999
9.99637E-1 9.99787E-1 9.99656E-1 9.98555E-1 9.97663E-1 9.99222E-1 9.93719E-1 9.86305E-1 9.85615E-1 9.55576E-1 8.93634E-1 8.58148E-1 8.13208E-1 7.10378E-1 5.45467E-1 4.50986E-1 5.59127E-1 7.77068E-1 8.10258E-1 7.09885E-1 3.09405E-1 4.17037E-3 1.05916E-2 1.08445E-2 1.07805E-2 2.26007E-2 1.70287E-2 1.16221E-2 2.54555E-2 3.53959E-3 6.30131E-3 2.89015E-3 1.04426E-3 2.86532E-3 4.3204E-2 -9999 -9999 -9999 -9999 -9999 -9999 -9999 -9999 -9999 -9999 -9999 -9999 -9999 -9999 -9999 -9999 -9999 -9999 -9999 -9999 -9999 -9999 -9999 -9999 -9999 -9999 -9999 -9999 -9999 -9999 -9999 -9999
9.96304E-1 9.99471E-1 9.99093E-1 9.9862E-1 9.96871E-1 9.97901E-1 9.95657E-1 9.80462E-1 9.24831E-1 9.15792E-1 9.51994E-1 9.20327E-1 9.04668E-1 7.79913E-1 5.30691E-1 6.27299E-1 7.32089E-1 7.70702E-1 7.16562E-1 5.80201E-1 5.33785E-1 3.19646E-2 2.67566E-2 1.57488E-2 4.88084E-2 4.36338E-2 1.21373E-2 2.29637E-2 9.58982E-3 4.86637E-3 5.90339E-3 9.9862E-3 1.75438E-2 1.99879E-2 3.17995E-3 5.06523E-3 -9999 -9999 -9999 -9999 -9999 -9999 -9999 -9999 -9999 -9999 -9999 -9999 -9999 -9999 -9999 -9999 -9999 -9999 -9999 -9999 -9999 -9999 -9999 -9999 -9999 -9999 -9999 -9999 -9999 -9999 -9999
9.95443E-1 9.98597E-1 9.9475E-1 9.9256E-1 9.91953E-1 9.84127E-1 9.81995E-1 9.64557E-1 8.27066E-1 9.35465E-1 9.64177E-1 9.57679E-1 9.0713E-1 7.91446E-1 6.39412E-1 7.5705E-1 8.1934E-1 4.52579E-1 4.07737E-1 4.0951E-1 6.06404E-1 8.27644E-2 1.10931E-2 1.00459E-2 1.31355E-2 4.93851E-2 4.40591E-2 6.90147E-2 2.02029E-2 5.39264E-3 4.66293E-3 2.15304E-2 2.80328E-2 2.25356E-2 1.64889E-2 7.16147E-2 2.6635E-2 -9999 -9999 -9999 -9999 -9999 -9999 -9999 -9999 -9999 -9999 -9999 -9999 -9999 -9999 -9999 -9999 -9999 -9999 -9999 -9999 -9999 -9999 -9999 -9999 -9999 -9999 -9999 -9999 -9999 -9999
9.98255E-1 9.92243E-1 9.95203E-1 9.94986E-1 9.94913E-1 9.9327E-1 9.9055E-1 9.8204E-1 9.47508E-1 9.43299E-1 9.37839E-1 9.25837E-1 8.7187E-1 6.90724E-1 6.37917E-1 7.84076E-1 5.04292E-1 3.89139E-1 2.5409E-1 5.51594E-1 7.8542E-1 6.29532E-1 1.20693E-2 3.47079E-2 2.69203E-2 3.42286E-2 7.03685E-2 2.12456E-2 8.41642E-3 5.62386E-3 4.35876E-2 1.11518E-1 1.60847E-1 7.44643E-2 4.5001E-2 1.29184E-2 5.18346E-4 -9999 -9999 -9999 -9999 -9999 -9999 -9999 -9999 -9999 -9999 -9999 -9999 -9999 -9999 -9999 -9999 -9999 -9999 -9999 -9999 -9999 -9999 -9999 -9999 -9999 -9999 -9999 -9999 -9999 -9999
9.99332E-1 9.89872E-1 9.91787E-1 9.96431E-1 9.97097E-1 9.94922E-1 9.94689E-1 9.86981E-1 9.84663E-1 8.04737E-1 7.75907E-1 8.53843E-1 7.90338E-1 6.09383E-1 6.02101E-1 6.07797E-1 4.89154E-1 3.04807E-1 6.95414E-1 8.76445E-1 8.69223E-1 6.45986E-1 1.10457E-1 1.01375E-2 9.30887E-3 2.1646E-2 2.75679E-2 2.44461E-2 1.20406E-2 2.75332E-3 3.7971E-2 3.46788E-2 1.54926E-1 8.85772E-2 1.17551E-2 1.25878E-3 1.39771E-3 6.28416E-5 -9999 -9999 -9999 -9999 -9999 -9999 -9999 -9999 -9999 -9999 -9999 -9999 -9999 -9999 -9999 -9999 -9999 -9999 -9999 -9999 -9999 -9999 -9999 -9999 -9999 -9999 -9999 -9999 -9999
9.99245E-1 9.92359E-1 9.82495E-1 9.95283E-1 9.96501E-1 9.88944E-1 9.85426E-1 9.76694E-1 9.73403E-1 9.49725E-1 9.51339E-1 8.47319E-1 6.66713E-1 7.24234E-1 6.82526E-1 7.39766E-1 7.45101E-1 6.5094E-1 8.80746E-1 9.26385E-1 8.5837E-1 7.26157E-1 1.29121E-1 1.22299E-2 6.85485E-3 1.13616E-2 7.20941E-2 4.04002E-2 3.02413E-2 1.02422E-2 4.90854E-2 1.30892E-1 1.21627E-1 9.48512E-2 2.29342E-2 2.64899E-3 3.72617E-3 6.47792E-4 3.07682E-6 -9999 -9999 -9999 -9999 -9999 -9999 -9999 -9999 -9999 -9999 -9999 -9999 -9999 -9999 -9999 -9999 -9999 -9999 -9999 -9999 -9999 -9999 -9999 -9999 -9999 -9999 -9999 -9999
9.99376E-1 9.98343E-1 9.97528E-1 9.9752E-1 9.93809E-1 9.84919E-1 9.80003E-1 9.66283E-1 9.47885E-1 9.55808E-1 9.51943E-1 8.33739E-1 7.44519E-1 7.25405E-1 7.13963E-1 8.08342E-1 6.74064E-1 7.22092E-1 9.15219E-1 9.01187E-1 8.5801E-1 8.24412E-1 3.13388E-1 1.20438E-2 5.52861E-2 2.49413E-2 5.42989E-2 4.17287E-2 4.29897E-2 5.80855E-2 9.69352E-2 2.16917E-2 5.45791E-2 2.29549E-2 2.35515E-3 6.06287E-3 1.04313E-2 1.24619E-3 2.76276E-4 -9999 -9999 -9999 -9999 -9999 -9999 -9999 -9999 -9999 -9999 -9999 -9999 -9999 -9999 -9999 -9999 -9999 -9999 -9999 -9999 -9999 -9999 -9999 -9999 -9999 -9999 -9999 -9999
9.94374E-1 9.97968E-1 9.96507E-1 9.78779E-1 9.7505E-1 9.95187E-1 9.56141E-1 9.40411E-1 9.32491E-1 9.18374E-1 9.19231E-1 8.09312E-1 7.10863E-1 7.46106E-1 6.8639E-1 8.40707E-1 8.35803E-1 6.73322E-1 9.07975E-1 8.74858E-1 6.74662E-1 8.76072E-1 6.93608E-1 2.50779E-1 3.04441E-1 1.48925E-1 7.35243E-2 5.65748E-2 6.14987E-2 1.14604E-1 2.30079E-2 2.01561E-2 1.35119E-2 6.44512E-3 3.67976E-4 3.06716E-4 3.00175E-3 3.44551E-4 1.34723E-4 3.93637E-5 -9999 -9999 -9999 -9999 -9999 -9999 -9999 -9999 -9999 -9999 -9999 -9999 -9999 -9999 -9999 -9999 -9999 -9999 -9999 -9999 -9999 -9999 -9999 -9999 -9999 -9999 -9999
9.88398E-1 9.91089E-1 9.85717E-1 9.87916E-1 9.86698E-1 9.64083E-1 8.09902E-1 9.0579E-1 9.15201E-1 8.91212E-1 8.74498E-1 8.49193E-1 6.93628E-1 8.18662E-1 7.95737E-1 7.91442E-1 8.16206E-1 7.21092E-1 9.03269E-1 8.07261E-1 5.66684E-1 5.54793E-1 6.30655E-1 5.03056E-1 5.06359E-1 1.02822E-1 7.6454E-2 8.11309E-2 1.09E-1 7.46814E-2 6.44506E-2 1.25671E-2 2.21258E-2 3.98663E-2 1.5328E-2 7.41991E-4 2.87229E-4 4.5062E-4 2.38863E-4 9.52533E-6 6.3635E-6 -9999 -9999 -9999 -9999 -9999 -9999 -9999 -9999 -9999 -9999 -9999 -9999 -9999 -9999 -9999 -9999 -9999 -9999 -9999 -9999 -9999 -9999 -9999 -9999 -9999 -9999
9.63179E-1 9.64494E-1 9.75279E-1 9.30593E-1 9.10391E-1 7.76615E-1 4.66768E-1 7.02347E-1 7.45047E-1 8.98111E-1 9.22984E-1 9.02935E-1 7.93721E-1 8.79329E-1 8.68534E-1 8.07759E-1 7.23276E-1 8.52763E-1 7.41207E-1 7.32518E-1 5.49464E-1 4.53886E-1 3.66466E-1 3.35979E-1 5.36655E-1 1.92852E-1 2.59036E-1 1.1518E-1 5.51506E-2 9.39968E-3 1.03772E-2 6.71238E-3 6.27072E-3 9.43135E-4 1.31669E-3 1.98312E-3 1.71832E-3 1.23075E-2 3.78537E-3 8.16305E-5 3.52728E-6 -9999 -9999 -9999 -9999 -9999 -9999 -9999 -9999 -9999 -9999 -9999 -9999 -9999 -9999 -9999 -9999 -9999 -9999 -9999 -9999 -9999 -9999 -9999 -9999 -9999 -9999
9.73171E-1 9.74738E-1 9.80554E-1 9.49566E-1 8.52995E-1 3.69547E-1 2.5592E-1 4.36456E-1 3.955E-1 9.14503E-1 9.37906E-1 9.00207E-1 8.44443E-1 7.89306E-1 8.86128E-1 9.13474E-1 8.61902E-1 9.61545E-1 6.81803E-1 6.93551E-1 2.3944E-1 3.52411E-1 6.52766E-2 2.69556E-1 3.71579E-1 2.62727E-1 1.26427E-1 1.4686E-1 1.34885E-1 1.86151E-1 8.62965E-2 7.00588E-3 3.34506E-3 3.70156E-3 1.82976E-3 4.77607E-3 6.51287E-3 3.49551E-2 3.85898E-2 1.0783E-3 8.16967E-5 1.17546E-5 -9999 -9999 -9999 -9999 -9999 -9999 -9999 -9999 -9999 -9999 -9999 -9999 -9999 -9999 -9999 -9999 -9999 -9999 -9999 -9999 -9999 -9999 -9999 -9999 -9999
9.97703E-1 9.84536E-1 9.37819E-1 9.28225E-1 8.99549E-1 4.06894E-1 6.18707E-1 9.24811E-1 9.19802E-1 9.62252E-1 9.48205E-1 9.00257E-1 8.96636E-1 8.90472E-1 9.5112E-1 9.16212E-1 8.71671E-1 9.17828E-1 8.2413E-1 7.71602E-1 6.82892E-1 5.70131E-1 2.77617E-1 5.37203E-1 2.28791E-1 2.45555E-1 1.18952E-1 1.16632E-1 5.19058E-2 1.91162E-1 3.1695E-1 4.57656E-2 1.71815E-2 2.3868E-2 1.11199E-3 3.95944E-3 2.19132E-2 3.63002E-2 5.47139E-3 8.56574E-3 8.55334E-3 2.00575E-3 -9999 -9999 -9999 -9999 -9999 -9999 -9999 -9999 -9999 -9999 -9999 -9999 -9999 -9999 -9999 -9999 -9999 -9999 -9999 -9999 -9999 -9999 -9999 -9999 -9999
9.95921E-1 9.89843E-1 9.72167E-1 9.8095E-1 9.89202E-1 9.2137E-1 8.32157E-1 9.13087E-1 8.98562E-1 9.19963E-1 9.59083E-1 8.43974E-1 7.30906E-1 8.91798E-1 9.54443E-1 9.08682E-1 8.41671E-1 7.07527E-1 9.68011E-1 8.4332E-1 8.0956E-1 6.64073E-1 7.87485E-1 7.41537E-1 2.471E-1 1.89501E-1 1.67688E-1 1.56878E-1 9.84339E-2 1.48913E-1 1.83048E-1 1.45711E-1 1.01561E-1 4.86786E-2 2.48935E-3 2.69444E-3 1.31217E-2 9.22055E-2 1.2159E-2 4.20858E-3 1.46593E-3 2.1294E-3 -9999 -9999 -9999 -9999 -9999 -9999 -9999 -9999 -9999 -9999 -9999 -9999 -9999 -9999 -9999 -9999 -9999 -9999 -9999 -9999 -9999 -9999 -9999 -9999 -9999
9.99159E-1 9.95841E-1 9.89978E-1 9.88492E-1 9.92062E-1 9.25019E-1 8.73176E-1 9.26052E-1 9.03325E-1 9.6581E-1 9.68173E-1 8.81182E-1 8.1224E-1 8.23908E-1 8.86771E-1 9.4431E-1 8.77411E-1 8.60989E-1 9.41778E-1 5.89695E-1 7.7971E-1 8.10546E-1 8.18088E-1 7.83484E-1 3.73235E-1 6.29516E-1 2.41316E-1 1.25421E-1 2.97493E-1 2.40403E-1 1.88426E-1 2.53655E-1 7.30342E-2 4.65404E-2 6.2085E-3 3.57821E-3 1.13974E-2 3.19788E-2 9.75994E-2 1.49886E-2 7.58552E-3 2.15039E-3 -9999 -9999 -9999 -9999 -9999 -9999 -9999 -9999 -9999 -9999 -9999 -9999 -9999 -9999 -9999 -9999 -9999 -9999 -9999 -9999 -9999 -9999 -9999 -9999 -9999
9.98051E-1 9.97046E-1 9.91082E-1 9.94758E-1 9.96229E-1 9.43079E-1 8.57154E-1 8.21198E-1 8.57232E-1 9.61665E-1 9.78775E-1 9.61794E-1 7.89368E-1 7.68098E-1 9.25255E-1 8.97108E-1 8.03086E-1 9.40689E-1 8.34085E-1 4.44233E-1 7.81135E-1 8.92917E-1 7.94763E-1 1.49859E-1 1.05715E-1 3.05901E-1 2.38443E-1 2.37997E-1 1.42959E-1 2.89739E-1 3.654E-1 1.44798E-1 2.87981E-2 2.21763E-2 2.32492E-3 5.78812E-3 6.26097E-3 1.32701E-2 6.53329E-2 1.86114E-2 1.27838E-2 3.2208E-3 -9999 -9999 -9999 -9999 -9999 -9999 -9999 -9999 -9999 -9999 -9999 -9999 -9999 -9999 -9999 -9999 -9999 -9999 -9999 -9999 -9999 -9999 -9999 -9999 -9999
9.90505E-1 9.80836E-1 9.66084E-1 9.7969E-1 9.8036E-1 9.42759E-1 8.43491E-1 7.70932E-1 8.93831E-1 9.4935E-1 9.69725E-1 9.0214E-1 4.74502E-1 6.83624E-1 8.34469E-1 6.38976E-1 8.54221E-1 6.57342E-1 2.31456E-1 6.29597E-1 7.52308E-1 9.31927E-1 5.34011E-1 7.14177E-1 4.32145E-1 1.91715E-1 2.34082E-2 1.68505E-1 1.02688E-1 1.12516E-1 2.00014E-1 3.10389E-1 9.84052E-2 6.00662E-3 1.01651E-3 1.10525E-2 1.92041E-2 4.45953E-2 1.25522E-1 2.49833E-1 1.44838E-1 -9999 -9999 -9999 -9999 -9999 -9999 -9999 -9999 -9999 -9999 -9999 -9999 -9999 -9999 -9999 -9999 -9999 -9999 -9999 -9999 -9999 -9999 -9999 -9999 -9999 -9999
9.96327E-1 9.84692E-1 9.46002E-1 8.821E-1 9.54973E-1 9.57446E-1 9.52729E-1 8.066E-1 9.16519E-1 9.52841E-1 4.33972E-1 2.04469E-1 3.70033E-1 6.19315E-1 6.86629E-1 6.06098E-1 7.27204E-1 3.13568E-1 5.06329E-1 5.2986E-1 2.53774E-1 4.70881E-1 7.22278E-1 1.79644E-1 1.98031E-1 9.54127E-1 8.95343E-1 4.02262E-1 5.05096E-2 3.73125E-2 3.41773E-1 7.96233E-2 1.37527E-2 3.77686E-3 1.36881E-3 8.65796E-3 3.44254E-2 5.49468E-2 7.38867E-2 1.11515E-1 7.01165E-2 -9999 -9999 -9999 -9999 -9999 -9999 -9999 -9999 -9999 -9999 -9999 -9999 -9999 -9999 -9999 -9999 -9999 -9999 -9999 -9999 -9999 -9999 -9999 -9999 -9999 -9999
9.9321E-1 9.48453E-1 6.02551E-1 4.83249E-1 7.81176E-1 9.61839E-1 9.74647E-1 7.97667E-1 9.10542E-1 9.34913E-1 7.27353E-1 7.20435E-1 4.52372E-1 8.37171E-1 1.49599E-1 2.00587E-1 6.74937E-2 1.25335E-1 5.02431E-1 2.64364E-1 7.40362E-2 8.54702E-1 8.40004E-1 4.40112E-1 8.56561E-1 8.43199E-1 8.73263E-1 8.05123E-1 7.42352E-1 5.42103E-1 3.58351E-2 3.03024E-1 1.82538E-2 1.68318E-2 5.83294E-3 7.67743E-3 2.96486E-2 6.3267E-2 2.19561E-1 7.42434E-2 -9999 -9999 -9999 -9999 -9999 -9999 -9999 -9999 -9999 -9999 -9999 -9999 -9999 -9999 -9999 -9999 -9999 -9999 -9999 -9999 -9999 -9999 -9999 -9999 -9999 -9999 -9999
9.9631E-1 9.93273E-1 9.73409E-1 9.24936E-1 9.67577E-1 9.88208E-1 9.72001E-1 9.33609E-1 9.06619E-1 9.19786E-1 5.60876E-1 4.65328E-1 7.59832E-1 6.60283E-1 1.51405E-1 1.43562E-1 2.04751E-1 5.75136E-1 3.33581E-2 7.78919E-1 3.89223E-1 8.92479E-1 8.01821E-1 2.34039E-1 4.03266E-1 3.24995E-1 4.89582E-1 7.30649E-1 6.09669E-1 5.26677E-1 3.1046E-2 3.60227E-2 8.95312E-2 3.77116E-2 1.34852E-2 7.17383E-2 3.60759E-2 7.19379E-2 1.12399E-2 -9999 -9999 -9999 -9999 -9999 -9999 -9999 -9999 -9999 -9999 -9999 -9999 -9999 -9999 -9999 -9999 -9999 -9999 -9999 -9999 -9999 -9999 -9999 -9999 -9999 -9999 -9999 -9999
9.99275E-1 9.96072E-1 9.81551E-1 9.32481E-1 9.78329E-1 9.91388E-1 9.72958E-1 9.42818E-1 9.5982E-1 9.55726E-1 8.42584E-1 5.68277E-1 9.42613E-1 9.08058E-1 5.41475E-1 4.41239E-1 9.96738E-1 4.03862E-1 3.92869E-1 5.06473E-1 7.16485E-1 6.9466E-1 7.6799E-1 5.55683E-1 4.01113E-1 2.38281E-1 7.90571E-2 7.01885E-2 8.62279E-2 1.21266E-1 1.4769E-1 1.14224E-1 1.07826E-1 2.25838E-2 2.12681E-2 1.55417E-1 1.15117E-1 7.95776E-2 -9999 -9999 -9999 -9999 -9999 -9999 -9999 -9999 -9999 -9999 -9999 -9999 -9999 -9999 -9999 -9999 -9999 -9999 -9999 -9999 -9999 -9999 -9999 -9999 -9999 -9999 -9999 -9999 -9999
9.99395E-1 9.94404E-1 9.72813E-1 9.46204E-1 9.76057E-1 9.71683E-1 9.61289E-1 9.65429E-1 8.86342E-1 8.67355E-1 6.59325E-1 6.68113E-1 7.78736E-1 9.90852E-1 9.9988E-1 9.9949E-1 9.92604E-1 9.22837E-1 7.08559E-2 9.53457E-1 9.39682E-1 5.96846E-1 6.29957E-1 8.34179E-1 3.82124E-1 7.60128E-2 1.85917E-1 1.972E-1 1.55733E-1 1.87637E-1 3.2314E-1 7.83287E-2 7.8284E-2 1.73762E-2 1.93054E-2 2.66869E-1 6.16731E-2 1.64459E-1 -9999 -9999 -9999 2.53822E-2 3.85246E-2 2.93539E-3 2.54412E-4 2.97316E-3 -9999 -9999 -9999 -9999 -9999 -9999 -9999 -9999 -9999 -9999 -9999 -9999 -9999 -9999 -9999 -9999 -9999 -9999 -9999 -9999 -9999
9.99255E-1 9.98226E-1 9.92509E-1 9.42563E-1 9.34855E-1 9.70584E-1 9.81462E-1 9.78963E-1 8.47216E-1 9.04664E-1 7.58408E-1 4.83998E-1 8.90203E-1 9.48254E-1 9.99773E-1 9.98776E-1 9.9745E-1 9.31766E-1 9.80803E-1 7.2203E-1 7.02055E-1 1.72316E-1 8.22507E-1 4.49282E-1 2.82654E-1 2.85667E-1 2.02821E-1 2.08623E-1 1.18852E-1 1.35513E-1 6.72256E-2 1.03062E-1 1.02776E-1 4.50503E-2 5.69259E-2 2.73212E-1 1.80132E-1 1.44979E-2 1.40199E-2 1.64464E-2 8.93513E-3 5.24937E-2 4.80394E-2 4.21509E-3 1.45987E-3 2.29215E-3 2.96982E-5 7.47128E-5 -9999 -9999 -9999 -9999 -9999 -9999 -9999 -9999 -9999 -9999 -9999 -9999 -9999 -9999 -9999 -9999 -9999 -9999 -9999
9.97624E-1 9.8888E-1 9.6398E-1 8.90141E-1 9.15164E-1 9.62727E-1 9.95669E-1 9.86048E-1 9.56732E-1 9.40785E-1 7.44766E-1 6.24389E-1 9.46987E-1 8.69876E-1 8.58261E-1 4.51397E-1 7.71314E-1 8.72588E-1 4.04338E-1 9.77738E-1 9.30169E-1 8.2838E-1 2.81211E-1 2.34725E-1 6.77132E-1 2.19005E-1 3.68835E-2 1.28872E-1 1.43632E-1 1.39156E-1 1.08163E-1 9.30349E-2 3.35503E-2 5.31159E-2 1.18382E-1 1.432E-1 9.03227E-3 6.74516E-2 3.77632E-2 4.05405E-2 2.39498E-2 1.81225E-2 2.37116E-2 4.63737E-2 1.0143E-2 3.72196E-3 2.85579E-3 9.93563E-4 3.7095E-3 -9999 -9999 -9999 -9999 -9999 -9999 -9999 -9999 -9999 -9999 -9999 -9999 -9999 -9999 -9999 -9999 -9999 -9999
