ENM/Final_Models/M_2_F_lq_Set_1_EC/Gustavia_santanderiensis_6_Choco_novel.asc
ncols         367
nrows         963
xllcorner     -78.6
yllcorner     0.65
cellsize      0.00833333333333323
NODATA_value  -9999
[rows 480 to 509 of 963, columns 204 to 271 of 367]
-1.04831E2 -1.08696E2 -1.09179E2 -8.30918E1 -8.26087E1 -1.00966E2 -1.08696E2 -1.08696E2 -1.09179E2 -1.08696E2 -1.12077E2 -1.03382E2 -1.01932E2 -8.50984E1 -1.13527E2 -1.13527E2 -1.02415E2 -8.16425E1 -7.14976E1 -8.16425E1 -6.08696E1 -6.12621E1 -6.90097E1 -6.90821E1 -6.42924E1 -5.86692E1 -6.31365E1 -6.13527E1 -7.10145E1 -6.95652E1 -4.64855E1 -4.39614E1 -3.41768E1 -3.13652E1 -4.00187E1 -3.63949E1 -3.06154E1 -2.51484E1 -7.02905E0 -1.1965E1 -1.68697E1 -4.37363E0 1.99621E-1 2.79469E-1 2.79469E-1 2.99431E-1 2.19583E-1 5.58938E-1 3.59317E-1 1.27757E0 4.43158E0 4.0523E0 6.74718E0 5.19014E0 2.3156E0 1.75666E0 7.38597E-1 1.99621E-2 -2.36715E1 1.99621E-2 1.19772E-1 3.59317E-1 3.59317E-1 1.99621E-2 -3.38164E0 2.19583E-1 2.99431E-1 1.39735E-1
-7.54452E1 -7.72259E1 -1.08213E2 -1E2 -9.32367E1 -9.27536E1 -1E2 -1.08213E2 -1.08213E2 -1.10628E2 -1.11111E2 -1.01932E2 -8.9372E1 -1.02415E2 -1.12077E2 -1.1256E2 -1.01932E2 -8.16425E1 -7.14976E1 -7.10145E1 -7.4258E1 -7.36645E1 -7.81318E1 -7.26023E1 -6.88535E1 -6.23188E1 -6.23188E1 -6.18358E1 -6.01687E1 -7.343E1 -4.7343E1 -4.39614E1 -4.05797E1 -3.81642E1 -2.74602E1 -3.85817E1 -3.03343E1 -2.71165E1 -8.77851E0 -5.18588E0 -1.05592E1 -1.81193E0 2.79469E-1 2.99431E-1 6.98673E-1 1.99621E-2 5.98862E-2 2.59507E-1 2.19583E-1 7.58559E-1 1.19772E0 1.47719E0 3.01427E0 4.71105E0 1.1578E0 1.67681E0 9.98104E-2 5.98862E-2 -9.66184E0 -1.20773E1 9.98104E-2 5.98862E-1 1.39735E-1 -1.69082E1 -9.66184E0 1.19772E-1 3.19393E-1 4.39166E-1
-8.3349E1 -1.10145E2 -1.09662E2 -9.85507E1 -9.17874E1 -9.22705E1 -1.10145E2 -1.09662E2 -9.95169E1 -1.19807E2 -1.10145E2 -9.22705E1 -9.17874E1 -7.99438E1 -7.92271E1 -8.01932E1 -1.03382E2 -1.00966E2 -7.5164E1 -7.05314E1 -7.92271E1 -7.92271E1 -7.8744E1 -7.77778E1 -6.28019E1 -6.28019E1 -5.12077E1 -5.07246E1 -5.68885E1 -5.97001E1 -4.97585E1 -3.01468E1 -4.39614E1 -4.58937E1 -3.41143E1 -2.5742E1 -3.22712E1 -3.30834E1 -2.03062E1 -2.43674E0 7.98483E-2 1.19772E-1 1.59697E-1 2.79469E-1 1.99621E-1 3.79279E-1 5.789E-1 9.98104E-2 9.98104E-2 1.99621E-2 3.99241E-2 -1.25604E1 3.59317E-1 9.98104E-1 5.19014E-1 1.67681E0 1.99621E-2 1.99621E-2 -1.11111E1 -2.31884E1 1.19772E-1 1.99621E-2 -9.66184E0 -7.46642E0 -4.99844E0 9.98104E-2 1.19772E-1 5.98862E-2
-1.03382E2 -1.02899E2 -9.75845E1 -9.08213E1 -8.88889E1 -9.13043E1 -9.85507E1 -1.01449E2 -1.00966E2 -1.09179E2 -1E2 -9.95169E1 -1.06763E2 -9.85507E1 -7.82609E1 -1E2 -8.11594E1 -8.16425E1 -8.11594E1 -7.64136E1 -7.06654E1 -7.8538E1 -7.8744E1 -5.96689E1 -5.70134E1 -6.3199E1 -6.28019E1 -5.7971E1 -7.343E1 -4.10184E1 -4.83092E1 -4.7343E1 -4.02062E1 -4.39614E1 -2.57107E1 -1.15589E1 -1.35895E1 -2.68354E1 -1.18088E1 -7.43518E0 -1.31209E0 -6.27929E0 -2.8741E0 -2.06186E1 -2.70531E1 -1.62449E1 -2.13058E1 -3.27398E1 -3.89878E1 -3.33333E1 -2.07729E1 1.99621E-2 -1.20773E1 -5.07246E1 -2.99517E1 1.99621E-2 9.98104E-2 5.98862E-2 -1.83575E1 -3.38164E0 1.39735E-1 1.27757E0 1.1578E0 1.27757E0 1.99621E0 8.58369E-1 1.99621E0 3.19393E-1
-1.03382E2 -8.16425E1 -8.16425E1 -9.80676E1 -8.11594E1 -9.08213E1 -7.60387E1 -1.1401E2 -1.14493E2 -1.08696E2 -8.04749E1 -1.08696E2 -1.22222E2 -9.80676E1 -9.90338E1 -9.85507E1 -8.06763E1 -8.06763E1 -7.92271E1 -7.31022E1 -7.44455E1 -8.06763E1 -7.00483E1 -6.37681E1 -6.90821E1 -5.45894E1 -4.27679E1 -3.18026E1 -7.05314E1 -4.58919E1 -4.42987E1 -4.68599E1 -5.55556E1 -4.15459E1 -3.64574E1 -2.48985E1 -2.83661E1 -1.75883E1 -2.89855E1 -7.27898E0 -1.09341E0 -3.38164E1 -1.62449E1 -4.78261E1 -4.58937E1 -5.65217E1 -7.48792E1 -7.14976E1 -3.71981E1 -5.94203E1 -2.66479E1 1.99621E-2 -1.30435E1 -4.39614E1 -2.56039E1 -1.74945E0 7.98483E-2 -3.12402E-2 -2.89855E0 2.19583E-1 1.39735E-1 -4.34783E0 2.51522E0 2.51522E0 5.98862E-2 5.19014E-1 7.38597E-1 3.59317E-1
-1.03382E2 -9.61353E1 -8.16425E1 -1.08696E2 -9.66184E1 -9.66184E1 -1.00966E2 -1.01449E2 -7.8744E1 -1.1401E2 -1E2 -1.08213E2 -1.21739E2 -9.75845E1 -9.75845E1 -7.77778E1 -1.08213E2 -9.75845E1 -7.77778E1 -7.82609E1 -7.8744E1 -7.03218E1 -7.01968E1 -6.76976E1 -6.3285E1 -5.16908E1 -3.20837E1 -3.55201E1 -3.68947E1 -4.20494E1 -4.16745E1 -4.83092E1 -4.68599E1 -6.08696E1 -6.81159E1 -3.81756E1 -3.6145E1 -2.89855E1 -2.89855E1 -1.74321E1 -1.79319E1 -3.76812E1 -3.96135E1 -2.78351E1 -4.68599E1 -3.42705E1 -4.87923E1 -4.49275E1 -5.36232E1 -9.27536E1 -3.96135E1 1.99621E-2 1.99621E-2 -1.25604E1 -5.2657E1 -1.69082E1 2.79469E-1 2.99431E-1 1.19772E-1 5.98862E-2 -4.83092E0 -4.06123E0 -6.87285E-1 -1.43705E0 1.99621E-2 1.99621E-2 1.99621E-2 3.39355E-1
-8.34427E1 -9.61353E1 -9.61353E1 -7.4383E1 -8.0756E1 -9.66184E1 -8.40362E1 -8.32865E1 -8.01312E1 -1.07246E2 -8.36926E1 -8.45361E1 -1.14976E2 -9.80676E1 -1.21739E2 -7.72947E1 -7.68116E1 -7.0478E1 -7.72947E1 -6.53546E1 -7.57576E1 -7.77778E1 -7.77778E1 -7.22587E1 -7.72947E1 -6.28019E1 -4.25492E1 -3.58638E1 -3.51453E1 -4.68599E1 -4.39614E1 -4.2029E1 -6.57005E1 -3.22087E1 -3.09179E1 -3.04348E1 -3.73946E1 -2.75539E1 -1.82755E1 -1.78694E1 -2.70531E1 -2.56039E1 -3.86473E1 -4.44444E1 -5.60386E1 -4.63768E1 -5.74879E1 -4.29952E1 -2.9522E1 -4.07685E1 -3.09591E1 -1.87129E1 -1.01449E1 1.99621E-2 1.99621E-2 -9.17874E0 -1.93237E1 5.19014E-1 1.39735E-1 7.38597E-1 1.41731E0 1.67681E0 -2.1256E1 1.19772E-1 9.98104E-2 2.79469E-1 7.58559E-1 2.79469E-1
-9.4686E1 -8.50984E1 -9.56522E1 -1.08213E2 -1.02415E2 -1.08213E2 -1.08213E2 -8.16425E1 -7.82609E1 -7.8744E1 -8.15683E1 -7.97101E1 -7.92271E1 -1.14976E2 -8.01932E1 -6.74164E1 -7.68116E1 -5.84192E1 -6.55733E1 -7.11965E1 -6.51047E1 -6.8599E1 -7.63285E1 -7.68116E1 -7.63285E1 -6.65417E1 -6.18358E1 -7.63285E1 -7.3913E1 -4.54106E1 -3.76445E1 -3.91304E1 -5.99034E1 -4.83092E1 -4.39614E1 -2.86473E1 -2.34927E1 -1.76195E1 -1.33396E1 -7.59138E0 -1.43705E1 -1.78382E1 -3.76812E1 -3.6715E1 -5.02415E1 -8.16425E1 -7.48792E1 -5.89372E1 -2.81162E-1 1.19772E-1 7.38597E-1 -1.93689E0 1.99621E-2 3.59317E-1 3.59317E-1 2.13594E0 2.59507E-1 5.98862E-2 2.99431E-1 1.1578E0 1.47719E0 2.13594E0 1.39735E-1 7.38597E-1 2.79469E-1 5.98862E-1 4.71105E0 5.19014E0
-9.42029E1 -7.00483E1 -8.1662E1 -8.43174E1 -1.07246E2 -1.01932E2 -8.16425E1 -8.57232E1 -8.1662E1 -8.14121E1 -8.06763E1 -8.21256E1 -9.71014E1 -9.85507E1 -7.82609E1 -6.93221E1 -7.54452E1 -6.72915E1 -6.27304E1 -6.99781E1 -6.76329E1 -7.43961E1 -7.43961E1 -7.63285E1 -7.63285E1 -7.63285E1 -6.85098E1 -6.71498E1 -7.48792E1 -5.67948E1 -4.63293E1 -2.77101E1 -6.61836E1 -3.90503E1 -3.41768E1 -3.52657E1 -2.45548E1 -1.47454E1 -2.04624E1 1.99621E-2 -2.14308E1 -1.0403E1 -1.25273E1 -3.38164E1 -3.91304E1 -7.29469E1 -8.84058E1 -5.84541E1 -4.68604E-1 1.39735E-1 1.577E0 1.99621E0 7.98483E-1 2.13594E0 1.19772E0 1.47719E0 1.19772E-1 3.99241E-2 -5.592E0 2.79469E-1 1.99621E0 1.27757E0 -1.0628E1 1.59697E-1 1.19772E-1 7.38597E-1 2.51522E0 5.6293E0
-8.16425E1 -7.51328E1 -8.16425E1 -8.12559E1 -1.05797E2 -1.0628E2 -8.67541E1 -8.4661E1 -8.06763E1 -8.06763E1 -8.06763E1 -8.01932E1 -8.01932E1 -7.97101E1 -6.95095E1 -6.53233E1 -6.45423E1 -7.58454E1 -7.92271E1 -7.92271E1 -7.48792E1 -7.3913E1 -7.3913E1 -7.43961E1 -7.53623E1 -7.53623E1 -7.53623E1 -6.76976E1 -7.48792E1 -5.71696E1 -4.6548E1 -3.31771E1 -2.05873E1 -3.38164E1 -2.84911E1 -2.99517E1 -3.18963E1 -2.43986E1 -2.015E1 -1.36832E1 -2.78038E1 -4.15459E1 -4.00966E1 -3.96135E1 -4.29952E1 -4.7343E1 -8.35749E1 -6.37681E1 -5.12077E1 -2.8741E1 -9.99688E0 1.41731E0 1.99621E0 4.71105E0 5.19014E0 5.6293E0 1.19772E-1 -8.69565E0 -1.1309E1 1.39735E-1 2.59507E-1 3.79279E-1 3.39355E-1 2.99431E-1 3.59317E-1 4.43158E0 6.10839E0 3.59317E0
-8.29116E1 -8.16425E1 -9.27536E1 -9.27536E1 -9.27536E1 -1.05314E2 -8.4786E1 -1.05797E2 -8.21256E1 -8.01932E1 -7.02905E1 -7.97101E1 -7.97101E1 -7.82609E1 -7.92271E1 -7.82609E1 -7.72947E1 -5.99034E1 -7.43961E1 -1.05314E2 -7.8744E1 -7.82609E1 -7.77778E1 -9.13043E1 -9.22705E1 -7.48792E1 -6.71498E1 -7.3913E1 -7.343E1 -7.14976E1 -4.7079E1 -2.64917E1 -2.34927E1 -1.82443E1 -1.0403E1 -1.55889E1 -3.42393E1 -3.38164E1 -2.36489E1 -4.92754E1 -4.87923E1 -4.54106E1 -6.90821E1 -8.4058E1 -7.19807E1 -6.23188E1 -7.00483E1 -8.11594E1 -7.63285E1 -7.72947E1 -6.66667E1 -2.08372E1 4.39166E-1 1.75666E0 1.67681E0 7.58559E-1 3.99241E-2 -1.11111E1 -1.00906E1 1.99621E-2 5.98862E-2 5.98862E-2 9.98104E-2 4.39166E-1 1.75666E0 5.58938E-1 1.06398E1 8.12456E0
-7.91628E1 -8.03811E1 -1.09179E2 -1.09662E2 -8.73165E1 -8.46923E1 -9.32367E1 -8.08185E1 -1.12077E2 -1.12077E2 -8.16425E1 -7.91315E1 -9.37198E1 -9.42029E1 -8.16425E1 -6.52174E1 -6.42512E1 -5.00156E1 -6.32615E1 -6.51047E1 -7.24638E1 -1.03865E2 -1.01449E2 -7.24638E1 -9.08213E1 -7.77778E1 -6.61836E1 -7.3913E1 -7.3913E1 -7.43961E1 -5.64199E1 -1.48391E1 -2.05248E1 -1.58388E1 -6.56045E0 1.99621E-2 -2.60544E1 -2.83661E1 -2.30553E1 -4.10628E1 -4.58937E1 -4.29952E1 -5.94203E1 -3.28022E1 -4.25492E1 -3.05842E1 -1.90878E1 -2.07748E1 -1.08091E1 -3.93627E0 -8.34114E0 -1.49016E1 -3.49891E0 6.98673E-1 1.19772E0 5.58938E-1 1.99621E-2 -1.30435E1 1.99621E-2 1.99621E-2 5.98862E-2 2.19583E-1 8.58369E-1 3.59317E-1 1.59697E-1 1.06398E1 7.38597E0 7.38597E0
-8.06763E1 -7.61012E1 -8.17557E1 -8.11594E1 -8.64734E1 -8.01932E1 -8.13496E1 -8.59107E1 -8.0881E1 -8.01312E1 -7.2946E1 -9.17874E1 -9.22705E1 -9.32367E1 -1.04348E2 -6.62605E1 -6.51984E1 -5.8513E1 -5.57326E1 -6.19494E1 -7.19807E1 -6.78538E1 -6.61668E1 -7.72947E1 -1.03382E2 -1.01932E2 -9.27536E1 -6.47343E1 -7.24638E1 -7.14976E1 -4.62668E1 -3.46142E1 -2.3149E1 -1.46829E1 -6.24805E0 -1.34021E1 -1.49758E1 -2.11809E1 -3.07716E1 -5.07246E1 -6.76329E1 -6.18358E1 -5.16908E1 -4.44444E1 -7.05314E1 -4.97585E1 -9.96564E0 3.99241E-2 1.09791E0 5.19014E0 6.10839E0 3.01427E0 2.13594E0 5.6293E0 6.18824E-1 2.99431E-1 1.39735E-1 1.99621E-2 5.98862E-2 2.19583E-1 7.58559E-1 1.75666E0 8.14453E0 2.99431E-1 4.71105E0 1.06398E1 7.88502E0 7.38597E0
-8.06763E1 -8.11594E1 -9.03382E1 -9.08213E1 -8.0756E1 -7.97101E1 -8.59903E1 -8.34114E1 -8.06623E1 -7.86004E1 -7.72947E1 -7.77778E1 -9.17874E1 -1.02415E2 -9.61353E1 -7.72947E1 -7.63285E1 -6.06373E1 -6.34177E1 -5.49516E1 -7.48792E1 -7.3913E1 -7.68116E1 -7.19807E1 -1.02415E2 -8.4058E1 -8.26087E1 -7.63285E1 -6.57005E1 -6.57005E1 -4.68599E1 -4.05797E1 -3.52657E1 -1.46517E1 -1.09028E1 -1.89316E1 -2.13683E1 -1.92127E1 -4.63768E1 -5.55556E1 -9.37198E1 -8.50242E1 -8.35749E1 -6.66667E1 -6.47343E1 -6.28019E1 -2.75362E1 -6.02937E0 9.98104E-2 3.29374E0 5.6293E0 5.6293E0 4.43158E0 3.29374E0 2.51522E0 2.3156E0 2.51522E0 1.99621E-1 9.98104E-2 2.59507E-1 1.41731E0 4.0523E0 3.51332E0 2.59507E-1 9.08274E0 8.12456E0 5.68919E0 6.90688E0
-7.54139E1 -8.01932E1 -8.01932E1 -8.16932E1 -8.0881E1 -7.97101E1 -7.38832E1 -8.05061E1 -1.10145E2 -7.82609E1 -7.72947E1 -7.68116E1 -1.00483E2 -1.15459E2 -1.01932E2 -7.68116E1 -7.16651E1 -6.74789E1 -6.91346E1 -6.28019E1 -7.3913E1 -7.77778E1 -6.06373E1 -7.24638E1 -7.05314E1 -8.21256E1 -8.21256E1 -6.47343E1 -7.48792E1 -7.48792E1 -7.00483E1 -5.12077E1 -2.39925E1 -2.01812E1 -3.38164E1 -2.43049E1 -2.81787E1 -2.87723E1 -3.16464E1 -5.74879E1 -8.59903E1 -8.01932E1 -7.48792E1 -1.83068E1 1.19772E-1 -8.05998E0 -2.88347E1 -1.52452E1 7.98483E-2 8.58369E-1 2.83461E0 6.74718E0 6.10839E0 6.10839E0 3.29374E0 6.74718E0 6.10839E0 5.58938E-1 6.98673E-1 1.1578E0 4.43158E0 5.19014E-1 8.12456E0 9.08274E0 8.12456E0 8.12456E0 8.12456E0 4.99052E0
-7.97101E1 -9.95169E1 -8.84058E1 -8.01932E1 -8.01932E1 -7.91315E1 -7.91628E1 -8.30053E1 -9.75845E1 -9.71014E1 -8.88889E1 -7.76007E1 -1E2 -1.11111E2 -1.01449E2 -7.63285E1 -7.21025E1 -7.58454E1 -5.97001E1 -6.13527E1 -7.43961E1 -7.72947E1 -6.09809E1 -7.77778E1 -6.57005E1 -8.11594E1 -7.48792E1 -6.47343E1 -6.52174E1 -6.52174E1 -7.00483E1 -6.95652E1 -3.09591E1 -3.18841E1 -2.94686E1 -1.99938E1 -2.75226E1 -3.13652E1 -5.94203E1 -7.29469E1 -7.77778E1 -5.31401E1 -6.96657E0 5.789E-1 5.38976E-1 -3.74883E0 -1.72134E1 2.79469E-1 4.39166E-1 7.58559E-1 3.59317E0 7.46582E0 3.01427E0 2.51522E0 1.47719E0 8.98293E-1 1.67681E0 4.43158E0 9.56183E0 3.59317E0 8.12456E0 7.38597E0 8.12456E0 7.16638E0 7.46582E0 7.46582E0 7.46582E0 8.82324E0
-7.62574E1 -1.00483E2 -7.97101E1 -7.97101E1 -9.90338E1 -9.85507E1 -9.80676E1 -8.03811E1 -1.09179E2 -7.77778E1 -7.68116E1 -9.42029E1 -8.30918E1 -1.00483E2 -9.42029E1 -1.00483E2 -1E2 -1.14493E2 -1.04831E2 -7.48792E1 -7.29469E1 -7.19807E1 -7.343E1 -7.77778E1 -6.66667E1 -7.00483E1 -8.79227E1 -7.58454E1 -7.63285E1 -7.58454E1 -7.10145E1 -4.97585E1 -2.00562E1 -2.85024E1 -2.35551E1 -3.76812E1 -4.05797E1 -4.13308E1 -5.16908E1 -5.84541E1 -7.29469E1 -2.43049E1 -1.12465E0 4.39166E-1 6.7871E-1 -1.71821E0 -1.44928E1 1.99621E-2 1.59697E-1 5.58938E-1 2.3156E0 4.71105E0 6.98673E-1 7.38597E-1 1.39735E-1 2.79469E-1 2.13594E0 6.10839E0 8.12456E0 6.88691E0 7.38597E0 9.08274E0 1.06398E1 8.82324E0 9.56183E0 1.01607E1 1.74868E1 8.82324E0
-7.94127E1 -8.30918E1 -8.01932E1 -7.97101E1 -7.92271E1 -9.85507E1 -7.82609E1 -7.47579E1 -7.73508E1 -1.08696E2 -9.90338E1 -8.74396E1 -8.79227E1 -8.74396E1 -9.90338E1 -1.1401E2 -9.95169E1 -9.90338E1 -1.04348E2 -7.3913E1 -7.29469E1 -6.46048E1 -4.74227E1 -5.6045E1 -5.64823E1 -6.57005E1 -7.00483E1 -6.37681E1 -6.42512E1 -6.42512E1 -6.47343E1 -6.8599E1 -5.21739E1 -3.18841E1 -4.97585E1 -3.91304E1 -3.81642E1 -5.94203E1 -4.78261E1 -4.34783E1 -5.02415E1 -4.2029E1 -4.7343E1 -3.62319E1 -5.70048E1 -6.76329E1 -4.63768E1 -5.99034E1 -6.13527E1 -1.22774E1 1.99621E-2 9.98104E-2 1.99621E-2 1.39735E-1 1.19772E0 1.75666E0 5.19014E0 8.12456E0 7.38597E0 6.88691E0 7.38597E0 9.08274E0 9.56183E0 5.6293E0 1.74868E1 1.74868E1 2.03014E1 2.03014E1
-8.06763E1 -1E2 -1E2 -7.97101E1 -7.97101E1 -7.24638E1 -7.24638E1 -7.77778E1 -1.04348E2 -9.61353E1 -9.56522E1 -8.74396E1 -8.74396E1 -8.21256E1 -8.21256E1 -8.79227E1 -8.84058E1 -9.80676E1 -9.85507E1 -7.3913E1 -7.19807E1 -6.48235E1 -7.29469E1 -7.19807E1 -5.89372E1 -6.52174E1 -6.47343E1 -6.3285E1 -6.95652E1 -7.05314E1 -6.37681E1 -7.43961E1 -3.47826E1 -2.38051E1 -3.14277E1 -4.10628E1 -5.02415E1 -5.07246E1 -5.31401E1 -5.50725E1 -5.45894E1 -3.52657E1 -2.6087E1 -3.23671E1 -3.47826E1 -2.56039E1 -2.657E1 -4.78261E1 -2.85024E1 -2.56039E1 3.79279E-1 2.83461E0 1.19772E0 3.59317E-1 3.59317E0 2.83461E0 3.19393E-1 9.08274E0 8.12456E0 8.12456E0 8.40403E0 1.06398E1 1.09791E1 1.74868E1 1.56702E1 2.03014E1 2.34355E1 2.64697E1
-7.27273E1 -8.01932E1 -8.55072E1 -1.06763E2 -9.95169E1 -9.95169E1 -9.90338E1 -1.08213E2 -1.13043E2 -9.61353E1 -9.51691E1 -9.51691E1 -8.69565E1 -8.69565E1 -8.64734E1 -8.64734E1 -9.80676E1 -9.71014E1 -9.71014E1 -1.02899E2 -7.24638E1 -7.10145E1 -7.00483E1 -7.05314E1 -6.52174E1 -6.47343E1 -5.90128E1 -6.3285E1 -7.14976E1 -7.19807E1 -6.8599E1 -6.13527E1 -3.33333E1 -2.18369E1 -3.28502E1 -3.18841E1 -4.63768E1 -5.07246E1 -6.66667E1 -6.61836E1 -5.7971E1 -5.2657E1 -5.36232E1 -5.16908E1 -7.10145E1 -5.50725E1 -9.17874E0 -1.50578E1 -1.86504E1 -6.76329E0 7.58559E-1 1.47719E0 9.78142E-1 2.13594E0 7.46582E0 8.12456E0 6.74718E0 2.99431E-1 6.10839E0 1.06398E1 8.14453E0 1.21769E1 1.25761E1 1.74868E1 2.03014E1 2.34355E1 2.92844E1 3.22587E1
-7.0353E1 -8.01932E1 -8.50242E1 -9.85507E1 -9.90338E1 -8.59903E1 -8.4058E1 -8.35749E1 -7.19807E1 -9.80676E1 -9.75845E1 -7.68116E1 -1.09179E2 -9.42029E1 -9.27536E1 -9.66184E1 -9.71014E1 -9.66184E1 -7.82609E1 -7.77778E1 -7.29469E1 -7.14976E1 -7.00483E1 -7.00483E1 -6.90821E1 -6.42512E1 -6.95652E1 -7.24638E1 -6.57005E1 -6.57005E1 -7.10145E1 -3.58638E1 -4.10184E1 -2.28679E1 -2.796E1 -2.94908E1 -4.7343E1 -5.99034E1 -5.60386E1 -6.37681E1 -6.28019E1 -7.68116E1 -7.48792E1 -4.92754E1 -1.53077E0 1.99621E-2 5.19014E-1 6.98673E-1 5.58938E-1 2.83461E0 2.83461E0 8.98293E-1 8.58369E-1 4.71105E0 3.01427E0 1.06398E1 1.47719E0 1.39735E-1 5.98862E-2 1.4712E1 6.74718E0 1.4712E1 2.03014E1 2.34355E1 2.34554E1 1.77263E1 2.74279E1 2.16988E1
-7.53623E1 -8.4058E1 -8.45411E1 -9.85507E1 -7.97101E1 -8.45411E1 -8.45411E1 -9.75845E1 -9.66184E1 -9.75845E1 -9.71014E1 -9.75845E1 -9.71014E1 -1.10628E2 -9.66184E1 -9.56522E1 -7.8744E1 -7.8744E1 -6.76329E1 -7.29469E1 -7.29469E1 -7.14976E1 -6.61836E1 -7.58454E1 -7.05314E1 -5.09216E1 -6.37681E1 -6.28019E1 -7.10145E1 -6.47343E1 -7.05314E1 -4.52046E1 -3.5895E1 -2.76789E1 -2.94686E1 -3.23671E1 -5.55556E1 -5.36232E1 -6.66667E1 -6.37681E1 -5.89372E1 -1.72446E1 -1.94939E1 -7.90378E0 7.38597E-1 1.67681E0 4.0523E0 5.6293E0 4.43158E0 5.6293E0 1.01607E1 5.19014E0 5.19014E0 2.83461E0 2.51522E0 1.39735E-1 1.41731E0 1.39735E-1 7.98483E-2 1.09791E1 1.4712E1 2.34355E1 2.64697E1 1.65885E1 2.36351E1 2.28965E1 2.92844E1 2.92844E1
-7.53623E1 -8.35749E1 -9.75845E1 -8.35749E1 -8.35749E1 -1.10628E2 -8.21256E1 -9.71014E1 -1.03382E2 -1.02899E2 -8.11594E1 -9.71014E1 -8.45411E1 -9.66184E1 -1.02415E2 -6.95652E1 -7.8744E1 -7.82609E1 -7.77778E1 -6.81159E1 -6.71498E1 -6.66667E1 -6.66667E1 -6.61836E1 -4.86098E1 -6.47343E1 -6.76329E1 -6.28019E1 -6.66667E1 -6.66667E1 -6.13527E1 -4.43924E1 -2.89597E1 -2.24617E1 -2.57107E1 -4.92754E1 -3.81642E1 -3.83943E1 -3.71981E1 -6.18358E1 -5.50725E1 -2.04936E1 -8.80975E0 1.01807E0 2.13594E0 9.78142E-1 4.71105E0 6.74718E0 6.10839E0 1.01607E1 6.16828E0 9.70157E0 4.71105E0 2.13594E0 2.13594E0 2.3156E0 9.98104E-2 3.59317E-1 1.99621E-2 1.27757E0 2.34355E1 2.92844E1 2.64697E1 2.92844E1 2.37349E1 2.67093E1 1.35343E1 2.92844E1
-7.97101E1 -7.43961E1 -7.92271E1 -8.21256E1 -7.92271E1 -9.66184E1 -9.66184E1 -8.21256E1 -9.61353E1 -9.51691E1 -7.72947E1 -7.72947E1 -7.68116E1 -7.63285E1 -7.63285E1 -7.97101E1 -6.95652E1 -6.8599E1 -6.81159E1 -7.8744E1 -7.77778E1 -7.77778E1 -7.72947E1 -7.43961E1 -7.58454E1 -7.00483E1 -6.37681E1 -5.214E1 -5.22649E1 -4.49859E1 -5.17026E1 -4.27366E1 -2.42424E1 -2.59294E1 -5.84541E1 -6.8599E1 -6.76329E1 -4.0831E1 -5.50725E1 -4.54106E1 -4.15459E1 -3.73321E1 -2.43674E1 -1.40097E1 5.58938E-1 9.78142E-1 2.51522E0 3.29374E0 2.13594E0 1.99621E0 1.67681E0 1.67681E0 9.78142E-1 1.1578E0 1.47719E0 1.1578E0 5.58938E-1 6.10839E0 9.56183E0 2.63499E1 3.22587E1 2.59307E1 2.22976E1 2.64697E1 1.71674E1 1.44126E1 3.22587E1 3.22587E1
-7.4383E1 -8.30918E1 -7.92271E1 -7.8744E1 -7.92271E1 -7.3913E1 -8.26087E1 -7.29469E1 -8.16425E1 -8.11594E1 -8.16425E1 -1.02899E2 -7.63285E1 -6.47343E1 -6.42512E1 -6.37681E1 -5.84505E1 -5.70447E1 -7.19807E1 -7.24638E1 -6.71498E1 -8.21256E1 -8.16425E1 -5.10778E1 -4.66417E1 -5.33583E1 -7.82609E1 -6.76329E1 -6.28019E1 -4.97345E1 -4.68604E1 -4.63293E1 -4.7343E1 -5.50725E1 -6.47343E1 -8.11594E1 -7.19807E1 -4.97585E1 -6.18358E1 -5.99034E1 -6.66667E1 -6.28019E1 -2.33052E1 -8.21256E0 6.98673E-1 2.13594E0 2.3156E0 1.99621E0 3.59317E-1 2.99431E-1 2.99431E-1 7.38597E-1 2.79469E-1 5.19014E-1 2.13594E0 2.19583E-1 1.47719E0 6.74718E0 2.0541E1 1.49117E1 2.32159E1 1.20371E1 1.48717E1 2.63499E1 2.0541E1 2.14592E1 1.9463E1 2.38148E1
-6.8599E1 -7.97101E1 -7.92271E1 -8.30918E1 -7.3913E1 -6.47923E1 -8.21256E1 -7.24638E1 -7.77778E1 -7.19807E1 -8.16425E1 -8.06763E1 -7.14976E1 -7.68116E1 -5.50765E1 -7.05314E1 -7.82609E1 -9.42029E1 -6.8599E1 -7.8744E1 -7.82609E1 -7.77778E1 -7.77778E1 -5.84505E1 -5.50765E1 -4.42987E1 -3.24274E1 -4.24555E1 -4.31428E1 -4.3174E1 -3.7582E1 -4.97585E1 -5.60386E1 -5.07246E1 -6.23188E1 -7.77778E1 -6.52174E1 -7.8744E1 -6.47343E1 -6.18358E1 -6.37681E1 -3.33333E1 -1.16214E1 7.98483E-2 9.78142E-1 8.58369E-1 6.18824E-1 1.09791E0 9.98104E-2 -1.93237E0 2.79469E-1 3.79279E-1 5.98862E-1 8.58369E-1 1.99621E-2 1.67681E0 1.99621E0 2.51522E1 1.64487E1 1.13784E1 2.36351E1 2.35752E1 1.8445E1 2.51522E1 7.06657E0 1.74868E1 1.74868E1 4.0523E0
-7.97101E1 -7.43961E1 -7.43961E1 -8.30918E1 -6.2543E1 -6.09497E1 -6.17619E1 -7.77778E1 -7.05314E1 -6.61836E1 -7.10145E1 -7.10145E1 -7.14976E1 -5.5139E1 -5.32334E1 -7.58454E1 -7.53623E1 -7.58454E1 -7.48792E1 -6.81159E1 -5.214E1 -8.21256E1 -7.77778E1 -7.68116E1 -6.52174E1 -4.5642E1 -5.65217E1 -3.52657E1 -3.11778E1 -3.0428E1 -3.33021E1 -5.45894E1 -4.2029E1 -5.31401E1 -4.92754E1 -6.81159E1 -6.71498E1 -6.71498E1 -6.52174E1 -6.57005E1 -6.71498E1 -6.90821E1 -2.48985E1 -1.11528E1 2.99431E-1 2.19583E-1 7.38597E-1 6.18824E-1 1.99621E-2 -1.11111E1 3.59317E-1 5.98862E-2 1.67681E0 1.27757E0 4.71105E0 6.10839E0 2.0541E1 2.47729E1 2.27967E1 1.49316E1 1.8445E1 2.14592E1 2.74678E1 3.79279E-1 6.74718E0 1.51512E1 1.25761E1 8.82324E0
-8.35749E1 -7.97101E1 -6.42299E1 -7.43961E1 -6.16682E1 -6.10434E1 -6.41362E1 -7.82609E1 -7.20712E1 -6.11684E1 -7.10145E1 -7.10145E1 -5.70048E1 -5.7482E1 -4.74539E1 -7.53623E1 -6.37681E1 -5.51078E1 -7.53623E1 -6.8599E1 -4.93596E1 -7.72947E1 -7.72947E1 -7.68116E1 -6.47343E1 -7.48792E1 -6.8599E1 -4.54106E1 -2.84286E1 -3.70197E1 -3.28647E1 -3.83943E1 -4.83092E1 -4.78261E1 -5.02415E1 -5.7971E1 -5.55556E1 -6.47343E1 -5.21739E1 -5.55556E1 -5.65217E1 -4.97585E1 -9.68447E0 -6.52921E0 7.58559E-1 3.19393E-1 2.19583E-1 1.39735E-1 -1.44928E1 -1.01449E1 7.38597E-1 5.32987E0 9.56183E0 6.10839E0 1.9463E1 1.9463E1 2.64697E1 1.85248E1 1.92834E1 2.0541E1 2.14592E1 1.75666E1 1.95628E1 5.19014E0 7.46582E0 7.46582E0 9.08274E0 5.6293E0
-8.4058E1 -8.01932E1 -6.6323E1 -7.43961E1 -7.3913E1 -7.343E1 -7.8744E1 -7.8744E1 -7.8744E1 -6.66667E1 -7.05314E1 -7.05314E1 -7.10145E1 -5.2657E1 -5.2657E1 -5.16908E1 -5.37957E1 -4.87923E1 -5.42331E1 -7.8744E1 -5.57951E1 -6.61836E1 -7.14976E1 -6.57005E1 -6.52174E1 -6.42512E1 -7.3913E1 -3.91128E1 -3.4333E1 -2.88972E1 -3.23671E1 -3.34271E1 -5.07246E1 -5.07246E1 -4.68599E1 -6.47343E1 -6.28019E1 -4.34783E1 -5.74879E1 -4.54106E1 -5.70048E1 -4.05797E1 5.19014E-1 5.98862E-1 1.99621E-1 9.98104E-2 5.98862E-2 -1.18713E0 -1.64251E1 1.99621E-2 5.98862E-2 6.74718E0 3.59317E0 1.64887E1 1.75666E1 2.0541E1 1.50514E1 1.61094E1 1.63889E1 1.4712E1 1.75666E1 1.57301E1 9.06278E0 1.09791E0 1.06398E1 9.08274E0 8.12456E0 9.08274E0
-8.4058E1 -8.35749E1 -6.40737E1 -6.38238E1 -7.92271E1 -7.3913E1 -5.94203E1 -7.343E1 -7.29469E1 -8.45411E1 -5.60386E1 -5.41063E1 -3.89566E1 -4.27991E1 -4.72352E1 -5.2921E1 -4.3049E1 -4.98907E1 -5.24211E1 -5.42955E1 -4.74852E1 -5.24524E1 -4.92754E1 -4.7343E1 -4.68599E1 -6.76329E1 -5.2657E1 -5.21739E1 -3.1209E1 -2.36801E1 -2.33365E1 -4.05797E1 -4.00966E1 -4.97585E1 -4.87923E1 -6.18358E1 -6.03865E1 -5.21739E1 -5.21739E1 -4.39614E1 -2.75362E1 -3.52657E1 -2.94686E1 -1.40097E1 7.98483E-2 2.99431E-1 -1.11111E1 -7.56014E0 3.99241E-2 1.47719E0 1.27757E0 1.9463E1 2.34355E1 2.64697E1 1.86845E1 7.70536E0 2.27967E1 2.51522E1 8.14453E0 1.24364E1 6.92684E0 4.39166E0 5.70915E0 1.74868E1 1.06398E1 8.12456E0 1.06398E1 1.06398E1
