ENM/Final_Models/M_2_F_lq_Set_1_EC/Gustavia_santanderiensis_3_Choco.asc
ncols         367
nrows         963
xllcorner     -78.6
yllcorner     0.65
cellsize      0.00833333333333323
NODATA_value  -9999
[rows 288 to 319 of 963, columns 142 to 212 of 367]
-9999 -9999 -9999 -9999 2.13375E-1 8.59836E-1 2.21142E-1 2.33097E-1 1.64671E-2 1.40211E-3 3.09298E-3 1.53538E-2 2.89147E-2 1.19908E-2 9.40214E-3 2.12809E-2 1.90063E-2 5.8181E-2 2.24892E-1 1.31799E-1 5.86514E-2 3.73639E-2 1.13313E-1 1.80546E-1 7.9504E-2 5.4846E-1 7.68001E-1 7.5829E-1 7.13937E-1 9.27977E-1 1E0 1E0 1E0 1E0 1E0 1E0 1E0 1E0 1E0 9.99998E-1 9.99999E-1 1E0 1E0 1E0 1E0 1E0 1E0 1E0 1E0 1E0 9.99998E-1 1E0 1E0 1E0 1E0 1E0 1E0 1E0 1E0 1E0 1E0 1E0 1E0 1E0 1E0 1E0 1E0 1E0 1E0 1E0 1E0
-9999 -9999 -9999 3.9159E-1 4.90197E-1 3.29396E-1 2.76663E-1 2.72788E-1 7.6764E-2 1.16208E-1 7.50553E-3 4.60013E-3 8.05288E-3 6.87806E-3 7.36101E-3 1.96637E-2 3.25205E-2 8.78105E-2 2.00921E-1 1.31939E-1 7.19876E-2 4.90909E-2 1.15184E-1 1.04528E-1 3.79561E-1 6.65133E-1 7.25901E-1 7.69283E-1 4.75114E-1 6.52972E-1 9.72434E-1 1E0 1E0 1E0 1E0 9.99999E-1 1E0 1E0 9.99999E-1 1E0 1E0 1E0 1E0 1E0 1E0 1E0 1E0 1E0 1E0 1E0 1E0 1E0 1E0 1E0 1E0 1E0 1E0 1E0 1E0 1E0 1E0 1E0 1E0 1E0 1E0 1E0 1E0 1E0 1E0 1E0 1E0
-9999 -9999 1.7907E-1 4.40369E-1 2.84372E-1 2.88737E-1 7.64712E-1 6.3964E-1 3.60968E-1 1.02596E-1 1.23799E-2 1.94318E-2 2.41713E-2 2.06249E-2 3.33555E-2 3.80748E-2 1.74631E-1 3.6021E-1 4.66182E-1 2.13925E-1 1.00641E-1 1.45488E-1 2.47951E-1 3.33093E-1 3.28495E-1 6.46309E-1 7.34879E-1 3.68008E-1 5.29622E-1 8.03106E-1 9.99847E-1 1E0 1E0 1E0 1E0 9.99994E-1 1E0 1E0 1E0 1E0 1E0 1E0 1E0 1E0 1E0 1E0 1E0 1E0 1E0 1E0 1E0 1E0 1E0 1E0 1E0 1E0 1E0 1E0 1E0 1E0 1E0 1E0 1E0 1E0 1E0 1E0 1E0 1E0 1E0 1E0 1E0
-9999 -9999 -9999 2.3203E-1 2.7775E-1 1.82867E-1 7.81685E-1 6.89126E-1 5.99987E-1 2.23758E-1 7.4581E-2 4.14024E-2 1.09412E-1 6.43781E-2 1.16206E-1 1.27878E-1 2.42802E-1 2.90641E-1 3.7215E-1 2.33194E-1 9.54963E-2 1.49851E-1 3.34954E-1 1.36897E-1 8.11637E-2 1.73912E-1 2.97215E-1 5.92652E-1 8.15162E-1 9.94529E-1 9.99998E-1 1E0 1E0 1E0 1E0 1E0 1E0 1E0 1E0 1E0 1E0 1E0 1E0 1E0 1E0 1E0 1E0 1E0 1E0 1E0 1E0 1E0 1E0 1E0 1E0 1E0 1E0 1E0 1E0 1E0 1E0 1E0 1E0 1E0 1E0 1E0 1E0 1E0 1E0 1E0 1E0
-9999 -9999 -9999 5.31026E-1 6.58563E-2 7.78119E-2 6.4656E-1 7.34967E-1 6.75302E-1 4.26919E-1 3.20474E-1 2.48908E-1 1.13022E-1 7.73427E-2 8.94986E-2 1.89965E-1 1.29554E-1 3.06978E-1 3.5339E-1 1.49835E-1 1.29229E-1 1.37886E-1 1.78274E-1 6.40221E-2 3.56575E-2 1.15606E-1 2.3683E-1 6.41394E-1 9.27465E-1 9.99972E-1 1E0 1E0 1E0 1E0 1E0 1E0 1E0 1E0 1E0 1E0 1E0 1E0 1E0 1E0 1E0 1E0 1E0 1E0 1E0 1E0 1E0 1E0 1E0 1E0 1E0 1E0 1E0 1E0 1E0 1E0 1E0 1E0 1E0 1E0 1E0 1E0 1E0 1E0 1E0 1E0 1E0
2.16577E-1 -9999 2.8046E-1 8.61766E-1 2.30979E-1 6.71111E-2 3.34773E-1 6.38349E-1 7.20323E-1 7.62384E-1 5.29962E-1 3.36628E-1 1.76627E-1 3.77511E-2 4.58991E-2 1.08132E-1 8.18661E-2 3.43435E-1 5.06497E-1 2.79953E-1 2.35011E-1 2.14025E-1 1.51038E-1 5.75593E-2 1.00132E-1 2.82319E-1 4.90958E-1 7.96087E-1 9.91041E-1 9.99987E-1 1E0 1E0 1E0 1E0 1E0 1E0 1E0 1E0 1E0 1E0 1E0 1E0 1E0 1E0 1E0 1E0 1E0 1E0 1E0 1E0 1E0 1E0 1E0 1E0 1E0 1E0 1E0 1E0 1E0 1E0 1E0 1E0 1E0 1E0 1E0 1E0 1E0 1E0 1E0 1E0 1E0
2.69821E-1 5.02314E-1 4.53394E-1 4.47091E-1 2.04671E-1 1.72601E-1 3.1137E-1 6.5085E-1 7.34123E-1 9.00446E-1 6.09241E-1 2.18171E-1 5.78991E-2 3.51038E-2 4.14616E-2 5.58941E-2 3.31295E-2 3.41883E-1 5.62609E-1 4.6116E-1 2.23204E-1 3.66795E-1 1.69071E-1 1.23467E-1 1.92793E-1 4.58089E-1 7.70882E-1 8.1638E-1 9.95227E-1 9.99978E-1 9.79446E-1 9.99977E-1 1E0 1E0 1E0 1E0 1E0 1E0 1E0 1E0 1E0 1E0 1E0 1E0 1E0 1E0 1E0 1E0 1E0 1E0 1E0 1E0 1E0 1E0 1E0 1E0 1E0 1E0 1E0 1E0 1E0 1E0 1E0 1E0 1E0 1E0 1E0 1E0 1E0 1E0 1E0
1.76785E-1 4.02426E-1 5.24879E-1 3.77364E-1 3.24645E-1 2.65731E-1 4.25026E-1 6.57645E-1 6.0571E-1 3.7438E-1 1.97778E-1 1.13074E-1 4.47833E-2 4.41072E-2 1.39678E-1 2.1098E-1 3.21498E-1 3.46783E-1 4.68168E-1 4.32351E-1 4.40261E-1 6.08803E-1 4.47336E-1 2.3554E-1 3.0892E-1 4.98691E-1 9.81675E-1 9.92633E-1 9.67957E-1 9.59338E-1 6.77163E-1 9.20224E-1 1E0 1E0 1E0 1E0 1E0 1E0 1E0 1E0 1E0 1E0 1E0 1E0 1E0 1E0 1E0 1E0 1E0 1E0 1E0 1E0 1E0 1E0 1E0 1E0 1E0 1E0 1E0 1E0 1E0 1E0 1E0 1E0 1E0 1E0 1E0 1E0 1E0 1E0 1E0
2.62706E-2 3.36278E-1 7.50669E-1 4.94325E-1 3.32721E-1 1.09516E-1 2.39078E-1 4.51277E-1 2.70774E-1 9.98652E-2 5.54451E-2 8.29085E-3 8.50872E-3 3.16181E-2 1.57297E-1 4.96347E-1 5.08085E-1 3.24886E-1 6.57887E-1 5.96509E-1 7.65498E-1 7.71907E-1 8.54081E-1 8.29462E-1 6.1745E-1 9.32991E-1 9.00437E-1 6.4902E-1 8.44749E-1 5.48725E-1 6.81866E-1 9.59665E-1 1E0 1E0 1E0 1E0 1E0 1E0 1E0 1E0 1E0 1E0 1E0 1E0 1E0 1E0 1E0 1E0 1E0 1E0 1E0 1E0 1E0 1E0 1E0 1E0 1E0 1E0 1E0 1E0 1E0 1E0 1E0 1E0 1E0 1E0 1E0 1E0 1E0 1E0 1E0
1.72793E-2 4.76294E-2 1.80818E-1 1.36954E-1 2.0262E-1 1.23285E-1 1.41399E-1 4.31296E-1 4.57372E-1 3.61726E-1 1.10104E-1 2.07228E-2 6.05233E-3 1.02397E-2 7.15172E-2 2.50489E-1 5.63887E-1 5.16267E-1 5.95661E-1 9.88143E-1 9.85849E-1 9.6755E-1 6.747E-1 7.48368E-1 9.05081E-1 6.45114E-1 5.56358E-1 3.93633E-1 3.72485E-1 4.88391E-1 8.19775E-1 9.94188E-1 1E0 1E0 1E0 1E0 1E0 1E0 1E0 1E0 1E0 1E0 1E0 1E0 1E0 1E0 1E0 1E0 1E0 1E0 1E0 1E0 1E0 1E0 1E0 1E0 1E0 1E0 1E0 1E0 1E0 1E0 1E0 1E0 1E0 1E0 1E0 1E0 1E0 1E0 1E0
3.64491E-2 8.18956E-2 4.16642E-1 3.15864E-1 1.66064E-1 5.72435E-2 5.57193E-2 2.35104E-1 5.98653E-1 7.34864E-1 4.03224E-1 7.05688E-2 3.63875E-2 4.71585E-2 7.02835E-2 5.06327E-1 9.16562E-1 8.31358E-1 8.83273E-1 9.96819E-1 9.9891E-1 8.76138E-1 6.00773E-1 8.57769E-1 7.26835E-1 7.8155E-1 1.15072E-1 2.38556E-1 4.04917E-1 4.74716E-1 5.38694E-1 9.42029E-1 9.89733E-1 9.99999E-1 1E0 1E0 1E0 1E0 1E0 1E0 1E0 1E0 1E0 9.99999E-1 9.99958E-1 1E0 1E0 1E0 1E0 1E0 1E0 1E0 1E0 1E0 1E0 1E0 1E0 1E0 1E0 1E0 1E0 1E0 1E0 1E0 1E0 1E0 1E0 1E0 1E0 1E0 1E0
2.87133E-2 3.49848E-2 1.32463E-1 1.43001E-1 1.42443E-1 3.63187E-2 4.89987E-2 1.65847E-1 1.73549E-1 3.78653E-1 3.56048E-1 1.22117E-1 3.75969E-2 6.03484E-2 2.20358E-1 5.24647E-1 8.43221E-1 9.45754E-1 9.22264E-1 8.93727E-1 9.28446E-1 8.04606E-1 6.22437E-1 5.99519E-1 8.52703E-1 5.25816E-1 8.55594E-2 9.2414E-2 2.34417E-1 1.95633E-1 4.1608E-1 6.60934E-1 8.291E-1 9.99972E-1 1E0 1E0 1E0 1E0 1E0 1E0 1E0 1E0 1E0 1E0 1E0 1E0 1E0 1E0 1E0 1E0 1E0 1E0 1E0 1E0 1E0 1E0 1E0 1E0 1E0 1E0 1E0 1E0 1E0 1E0 1E0 1E0 1E0 1E0 1E0 1E0 1E0
4.42755E-2 4.01974E-2 1.36129E-1 1.69852E-1 2.44301E-1 2.4331E-1 1.67023E-1 1.71656E-1 2.83954E-1 2.04013E-1 3.47612E-1 2.94007E-1 1.66829E-1 3.13713E-1 3.69018E-1 9.20795E-1 9.76338E-1 9.53223E-1 8.68571E-1 6.88925E-1 8.72795E-1 5.32835E-1 3.58823E-1 4.08875E-1 2.0277E-1 1.02553E-1 3.86072E-2 3.2317E-2 1.05534E-1 9.25855E-2 8.16699E-2 2.77332E-1 6.9297E-1 9.98009E-1 1E0 1E0 1E0 1E0 1E0 1E0 1E0 1E0 1E0 1E0 1E0 1E0 1E0 1E0 1E0 1E0 1E0 1E0 1E0 1E0 1E0 1E0 1E0 1E0 1E0 1E0 1E0 1E0 1E0 1E0 1E0 1E0 1E0 1E0 1E0 1E0 1E0
1.80183E-1 2.33943E-1 2.41765E-1 3.19138E-1 1.36484E-1 3.0007E-1 3.35951E-1 2.25404E-1 2.96963E-1 4.03599E-1 4.74555E-1 8.25055E-1 5.15306E-1 6.36809E-1 9.89452E-1 7.45466E-1 6.0349E-1 8.41703E-1 9.48362E-1 8.6387E-1 5.17575E-1 3.89508E-1 3.88526E-1 1.71348E-1 9.09751E-2 6.31053E-2 3.87592E-2 4.34493E-2 8.39113E-2 2.64321E-1 2.51315E-1 6.02157E-1 7.71393E-1 9.97665E-1 9.99986E-1 1E0 1E0 1E0 1E0 1E0 1E0 1E0 1E0 1E0 9.99999E-1 1E0 1E0 1E0 1E0 1E0 1E0 1E0 1E0 1E0 1E0 1E0 1E0 1E0 1E0 1E0 1E0 1E0 1E0 1E0 1E0 1E0 1E0 1E0 1E0 1E0 1E0
6.05787E-1 5.44947E-1 2.54855E-1 2.2605E-1 3.86607E-1 1.5225E-1 3.38977E-1 4.05663E-1 8.15678E-1 8.20283E-1 6.13137E-1 3.24656E-1 7.11279E-1 9.2447E-1 6.98805E-1 1.30226E-1 7.60993E-2 4.30088E-1 4.44107E-1 2.39516E-1 2.54265E-1 3.4943E-1 2.09084E-1 5.53505E-2 5.16276E-2 1.48264E-1 2.221E-1 1.9112E-1 3.41154E-1 5.76522E-1 5.71367E-1 5.3068E-1 7.47246E-1 9.83885E-1 9.99309E-1 9.99994E-1 1E0 1E0 1E0 1E0 1E0 1E0 1E0 1E0 1E0 1E0 1E0 1E0 9.99999E-1 1E0 1E0 1E0 1E0 1E0 1E0 1E0 1E0 1E0 1E0 1E0 1E0 1E0 1E0 1E0 1E0 1E0 1E0 1E0 1E0 1E0 1E0
8.82626E-1 7.91617E-1 7.62741E-1 7.38227E-1 6.50739E-1 5.69929E-1 6.24424E-1 7.79766E-1 7.65923E-1 7.261E-1 7.78203E-1 7.42505E-1 8.93032E-1 5.23706E-1 3.02771E-1 1.05562E-1 5.75198E-2 2.57532E-1 4.19965E-1 2.98247E-1 1.76356E-1 1.01853E-1 6.489E-2 2.62715E-2 8.33119E-2 2.13613E-1 3.53662E-1 4.97846E-1 3.95097E-1 9.06527E-1 9.82507E-1 9.94221E-1 9.68774E-1 9.94449E-1 9.99998E-1 1E0 1E0 1E0 1E0 1E0 1E0 1E0 1E0 1E0 1E0 1E0 1E0 1E0 1E0 1E0 1E0 1E0 1E0 1E0 1E0 1E0 1E0 1E0 1E0 1E0 1E0 1E0 1E0 1E0 1E0 1E0 1E0 1E0 1E0 1E0 1E0
9.43203E-1 9.71761E-1 8.90019E-1 8.93132E-1 8.80098E-1 8.304E-1 6.76666E-1 8.28516E-1 8.2139E-1 9.63336E-1 7.77408E-1 7.93902E-1 7.06882E-1 4.95962E-1 1.77743E-1 7.92178E-2 3.74191E-2 1.30042E-1 2.52021E-1 1.85111E-1 6.25131E-2 3.23281E-2 3.42027E-2 5.08531E-2 5.42257E-2 1.3669E-1 4.96686E-1 8.75809E-1 9.31473E-1 9.94939E-1 9.99772E-1 1E0 9.99988E-1 1E0 1E0 1E0 1E0 1E0 1E0 1E0 1E0 9.99996E-1 9.99999E-1 1E0 9.99999E-1 1E0 1E0 1E0 1E0 1E0 1E0 1E0 1E0 1E0 1E0 1E0 1E0 1E0 1E0 1E0 1E0 1E0 1E0 1E0 1E0 1E0 1E0 1E0 1E0 1E0 1E0
9.65297E-1 9.95488E-1 9.62735E-1 9.61447E-1 9.14172E-1 9.10988E-1 9.88395E-1 9.43618E-1 9.46486E-1 9.49145E-1 8.9163E-1 7.37203E-1 5.23446E-1 5.77627E-1 3.18592E-1 1.1048E-1 2.94398E-2 6.64234E-2 1.15606E-1 7.83196E-2 2.71258E-2 1.77808E-2 1.35784E-2 1.23788E-2 4.52736E-2 1.33334E-1 1.83834E-1 5.16101E-1 7.08951E-1 9.17148E-1 9.8969E-1 1E0 1E0 1E0 1E0 1E0 1E0 1E0 9.99998E-1 1E0 9.99876E-1 9.99985E-1 1E0 1E0 1E0 1E0 1E0 1E0 1E0 1E0 1E0 1E0 1E0 1E0 1E0 1E0 1E0 1E0 1E0 1E0 1E0 1E0 1E0 1E0 1E0 1E0 1E0 1E0 1E0 1E0 1E0
8.59021E-1 9.17629E-1 9.94473E-1 9.88385E-1 9.80471E-1 9.72223E-1 9.86353E-1 9.75428E-1 9.20379E-1 8.67522E-1 8.41512E-1 8.64512E-1 4.25318E-1 3.49362E-1 2.81272E-1 1.1172E-1 5.87961E-2 4.74125E-2 2.48666E-2 1.84028E-2 1.65139E-2 2.81474E-2 2.54986E-2 2.64915E-2 7.6832E-2 8.34316E-2 9.84817E-2 2.32862E-1 7.01451E-1 9.088E-1 9.99989E-1 1E0 1E0 1E0 1E0 1E0 1E0 1E0 9.99997E-1 9.9995E-1 9.99999E-1 9.99999E-1 9.99999E-1 1E0 1E0 1E0 1E0 1E0 1E0 1E0 1E0 1E0 1E0 1E0 1E0 1E0 1E0 1E0 1E0 1E0 1E0 1E0 1E0 1E0 1E0 1E0 1E0 1E0 1E0 1E0 1E0
2.56717E-1 5.08345E-1 6.62033E-1 6.9747E-1 8.09646E-1 9.62379E-1 9.83678E-1 8.05224E-1 9.12567E-1 8.38067E-1 8.44328E-1 7.63405E-1 6.55803E-1 4.61691E-1 1.66618E-1 3.90113E-2 3.96518E-2 2.94093E-2 2.01635E-2 9.53086E-3 1.79156E-2 8.15492E-2 1.67659E-1 1.71767E-1 4.00452E-1 3.22957E-1 3.12227E-1 4.44363E-1 9.7941E-1 9.99847E-1 9.99998E-1 1E0 1E0 1E0 1E0 9.99997E-1 9.99999E-1 9.99747E-1 9.99964E-1 9.99995E-1 9.99966E-1 9.99957E-1 9.99995E-1 1E0 1E0 1E0 1E0 1E0 1E0 1E0 1E0 1E0 1E0 1E0 1E0 1E0 1E0 1E0 1E0 1E0 1E0 1E0 1E0 1E0 1E0 1E0 1E0 1E0 1E0 1E0 1E0
4.14234E-1 4.51876E-1 2.92867E-1 5.87958E-1 6.18165E-1 5.80845E-1 7.89132E-1 8.2719E-1 5.45955E-1 2.88862E-1 2.39307E-1 3.47563E-1 1.59208E-1 1.51049E-1 7.45627E-2 2.07437E-2 2.02901E-2 9.4109E-3 5.20218E-3 1.16467E-2 5.97599E-2 1.08011E-1 3.81827E-1 3.44486E-1 7.95423E-1 7.77987E-1 6.92718E-1 7.61622E-1 9.99898E-1 9.99982E-1 1E0 1E0 1E0 1E0 9.99996E-1 9.9902E-1 9.99037E-1 9.9908E-1 9.99137E-1 9.99905E-1 9.85899E-1 9.99697E-1 9.99596E-1 9.99997E-1 1E0 9.99991E-1 1E0 1E0 1E0 1E0 1E0 1E0 1E0 1E0 1E0 1E0 1E0 1E0 1E0 1E0 1E0 1E0 1E0 1E0 1E0 1E0 1E0 1E0 1E0 1E0 1E0
2.68369E-1 4.1186E-1 4.25739E-1 4.64252E-1 4.44102E-1 5.6689E-1 6.0768E-1 7.18293E-1 8.83649E-1 6.0836E-1 5.52344E-1 4.78831E-1 6.54887E-2 2.96195E-2 1.87309E-2 2.13346E-2 8.47144E-3 8.81185E-3 4.02128E-3 8.07544E-3 2.19609E-2 5.41017E-2 7.81789E-2 1.84809E-1 9.65278E-1 9.70321E-1 9.98997E-1 9.87417E-1 9.99973E-1 1E0 1E0 9.99998E-1 9.99401E-1 9.99255E-1 9.49645E-1 9.48826E-1 9.48206E-1 8.33317E-1 9.3868E-1 8.9662E-1 8.24158E-1 9.86821E-1 9.90862E-1 9.98382E-1 9.99998E-1 1E0 1E0 1E0 1E0 1E0 1E0 1E0 1E0 1E0 1E0 1E0 1E0 1E0 1E0 1E0 1E0 1E0 1E0 1E0 1E0 1E0 1E0 1E0 1E0 1E0 1E0
2.70372E-1 2.93203E-1 3.00336E-1 2.90123E-1 3.76084E-1 3.9106E-1 6.21408E-1 4.11399E-1 5.07735E-1 5.57208E-1 3.96099E-1 4.03824E-1 1.99205E-1 3.96906E-2 7.76154E-3 2.10097E-2 2.20289E-2 3.98049E-2 9.07336E-3 8.56053E-3 2.31304E-2 4.06249E-2 6.10902E-2 1.99005E-1 7.43742E-1 8.27957E-1 9.66131E-1 9.96617E-1 9.92306E-1 9.99898E-1 9.99985E-1 9.82148E-1 8.94745E-1 7.07872E-1 8.12569E-1 8.16898E-1 9.30881E-1 9.59493E-1 7.87115E-1 9.95941E-1 8.77267E-1 9.72122E-1 9.67688E-1 9.99102E-1 1E0 1E0 1E0 1E0 1E0 1E0 1E0 1E0 1E0 1E0 1E0 1E0 1E0 1E0 1E0 1E0 1E0 1E0 1E0 1E0 1E0 1E0 1E0 1E0 1E0 1E0 1E0
-9999 2.25456E-1 2.75016E-1 2.35707E-1 2.14644E-1 2.78078E-1 4.89216E-1 3.23882E-1 4.56221E-1 2.70395E-1 2.81125E-1 4.56709E-1 1.45065E-1 8.87871E-2 2.86186E-2 3.46506E-2 5.07911E-2 5.7917E-2 1.84671E-2 2.38896E-2 4.66059E-2 7.4432E-2 9.35452E-2 4.60555E-1 8.05412E-1 5.54504E-1 8.57515E-1 9.02275E-1 9.97845E-1 9.99991E-1 9.91193E-1 9.64053E-1 8.74014E-1 7.73833E-1 5.62483E-1 9.22419E-1 9.64667E-1 9.95247E-1 8.88104E-1 9.76919E-1 9.99553E-1 9.97156E-1 9.73686E-1 9.99439E-1 9.99999E-1 1E0 1E0 1E0 1E0 1E0 1E0 1E0 1E0 1E0 1E0 1E0 1E0 1E0 1E0 1E0 1E0 1E0 1E0 1E0 1E0 1E0 1E0 1E0 1E0 1E0 1E0
-9999 -9999 3.27856E-1 2.57428E-1 2.92552E-1 2.48021E-1 2.9088E-1 4.82519E-1 4.34686E-1 6.8257E-1 5.92922E-1 6.65896E-1 4.12798E-1 1.98982E-1 6.31623E-2 1.06711E-1 8.1955E-2 9.33084E-2 4.41763E-2 6.81159E-2 2.37052E-1 3.65614E-1 6.94582E-1 8.32179E-1 8.63725E-1 8.06574E-1 9.87249E-1 9.99086E-1 9.99893E-1 9.99916E-1 9.91091E-1 9.12294E-1 8.39617E-1 6.29191E-1 5.93898E-1 6.32789E-1 9.7343E-1 9.99977E-1 9.99746E-1 9.99969E-1 9.99382E-1 1E0 9.9128E-1 9.99119E-1 1E0 1E0 1E0 1E0 1E0 1E0 1E0 1E0 1E0 1E0 1E0 1E0 1E0 1E0 1E0 1E0 1E0 1E0 1E0 1E0 1E0 1E0 1E0 1E0 1E0 1E0 1E0
-9999 -9999 -9999 2.78821E-1 4.50833E-1 3.84372E-1 2.5533E-1 3.97912E-1 3.04571E-1 6.73625E-1 8.47998E-1 9.42828E-1 7.94463E-1 6.49901E-1 6.21899E-1 1.6469E-1 2.75735E-1 2.21346E-1 8.78298E-2 8.78488E-2 3.81027E-1 5.52588E-1 7.05876E-1 8.10375E-1 8.35022E-1 8.6591E-1 9.48043E-1 9.91917E-1 9.99963E-1 9.49917E-1 9.79775E-1 8.93501E-1 8.49437E-1 5.95675E-1 5.79008E-1 3.55632E-1 3.51626E-1 8.58941E-1 9.93506E-1 9.70615E-1 9.97824E-1 9.80936E-1 1E0 1E0 1E0 1E0 1E0 1E0 1E0 1E0 1E0 1E0 1E0 1E0 1E0 1E0 1E0 1E0 1E0 1E0 1E0 1E0 1E0 1E0 1E0 1E0 1E0 1E0 1E0 1E0 1E0
-9999 -9999 -9999 -9999 6.80084E-1 4.72432E-1 -9999 2.38357E-1 3.05337E-1 5.22E-1 6.81371E-1 9.19294E-1 9.48353E-1 5.16359E-1 4.25946E-1 6.85184E-1 1.56291E-1 3.02575E-1 1.61831E-1 2.05491E-1 1.159E-1 1.12342E-1 2.90738E-1 4.25166E-1 6.52955E-1 9.80795E-1 9.75263E-1 8.78162E-1 9.70403E-1 5.95966E-1 6.53417E-1 8.23285E-1 7.56593E-1 8.49456E-1 6.124E-1 4.1064E-1 4.5081E-1 3.86452E-1 9.60258E-1 8.95435E-1 6.29908E-1 9.84132E-1 9.51572E-1 9.24076E-1 9.9998E-1 1E0 1E0 1E0 1E0 1E0 1E0 1E0 1E0 1E0 1E0 1E0 1E0 1E0 1E0 1E0 1E0 1E0 1E0 1E0 1E0 1E0 1E0 1E0 1E0 1E0 1E0
-9999 -9999 -9999 -9999 -9999 3.84497E-1 -9999 3.44784E-1 3.56204E-1 3.42859E-1 6.65424E-1 7.25819E-1 8.04843E-1 3.91011E-1 2.30085E-1 3.19211E-1 2.186E-1 1.50767E-1 1.57136E-1 1.17972E-1 6.38803E-2 9.43006E-2 1.19369E-1 3.69923E-1 3.45791E-1 2.93383E-1 3.55019E-1 2.09484E-1 3.74868E-1 2.63203E-1 2.95162E-1 4.30794E-1 7.77658E-1 5.70123E-1 7.83764E-1 3.71304E-1 4.62676E-1 6.02841E-1 9.58852E-1 9.7306E-1 9.98947E-1 9.99769E-1 9.9986E-1 1E0 1E0 1E0 1E0 1E0 1E0 1E0 1E0 1E0 1E0 1E0 1E0 1E0 1E0 1E0 1E0 1E0 1E0 1E0 1E0 1E0 1E0 1E0 1E0 1E0 1E0 1E0 1E0
-9999 -9999 -9999 -9999 -9999 5.25912E-1 -9999 -9999 2.55909E-1 3.86555E-1 6.68283E-1 8.30303E-1 4.95442E-1 3.03756E-1 2.42751E-1 1.46836E-1 4.08898E-2 6.95663E-2 8.6974E-2 5.15251E-2 3.13243E-2 3.81636E-2 3.0714E-2 8.99239E-2 1.27945E-1 7.95114E-2 4.50382E-2 8.0585E-2 1.59817E-1 1.02577E-1 1.08316E-1 1.18476E-1 1.59171E-1 2.12193E-1 3.71018E-1 4.9995E-1 6.00446E-1 8.70491E-1 9.9993E-1 9.99885E-1 9.48259E-1 9.78825E-1 9.99999E-1 9.99963E-1 1E0 9.99991E-1 9.99999E-1 1E0 1E0 1E0 1E0 1E0 1E0 1E0 1E0 1E0 1E0 1E0 1E0 1E0 1E0 1E0 1E0 1E0 1E0 1E0 1E0 1E0 1E0 1E0 1E0
-9999 -9999 -9999 -9999 -9999 -9999 2.8619E-1 -9999 1.98439E-1 3.46001E-1 3.8169E-1 8.61814E-1 9.34764E-1 4.25484E-1 4.47134E-1 1.95101E-1 7.79573E-2 4.54993E-2 5.23788E-2 4.98677E-2 2.11393E-2 2.16471E-2 4.86225E-2 5.05169E-2 7.20272E-2 5.93496E-2 2.7247E-2 6.55697E-2 1.57079E-1 1.07517E-1 1.76276E-1 4.69795E-2 6.98151E-2 1.227E-1 2.99741E-1 3.53509E-1 4.93585E-1 7.81222E-1 9.99973E-1 9.98735E-1 9.39284E-1 9.12104E-1 9.92524E-1 9.99791E-1 9.99709E-1 9.99967E-1 9.94989E-1 9.99999E-1 1E0 1E0 1E0 1E0 1E0 1E0 1E0 1E0 1E0 1E0 1E0 1E0 1E0 1E0 1E0 1E0 1E0 1E0 1E0 1E0 1E0 1E0 1E0
-9999 -9999 -9999 -9999 -9999 -9999 3.4346E-1 -9999 2.60262E-1 4.09406E-1 3.76992E-1 7.21968E-1 9.75751E-1 9.07954E-1 6.12175E-1 2.09479E-1 1.14148E-1 5.75653E-2 1.94012E-2 1.20024E-2 1.93234E-2 2.75327E-2 2.69543E-2 4.66597E-2 6.72224E-2 5.16079E-2 4.70972E-2 5.21609E-2 1.0034E-1 1.49573E-1 1.0962E-1 1.8761E-1 1.08438E-1 5.22013E-2 3.04891E-1 2.25868E-1 4.60186E-1 9.00984E-1 9.99596E-1 9.97698E-1 9.80846E-1 9.20228E-1 9.98957E-1 9.99991E-1 9.99999E-1 9.99942E-1 9.99951E-1 1E0 1E0 1E0 1E0 1E0 1E0 1E0 1E0 1E0 1E0 1E0 1E0 1E0 1E0 1E0 1E0 1E0 1E0 1E0 1E0 1E0 1E0 1E0 1E0
-9999 -9999 -9999 -9999 -9999 -9999 1.81235E-1 -9999 -9999 4.32002E-1 6.02562E-1 9.59076E-1 9.71996E-1 9.14546E-1 6.72994E-1 2.90414E-1 2.11773E-1 1.10576E-1 5.34297E-2 2.22781E-2 2.23425E-2 4.02038E-2 4.07433E-2 3.73266E-2 5.09068E-2 6.25315E-2 7.35638E-2 9.92815E-2 1.58183E-1 1.24767E-1 1.74721E-1 2.30466E-1 1.28876E-1 1.87186E-1 1.23183E-1 5.54919E-1 4.1923E-1 4.0793E-1 8.60479E-1 9.83723E-1 9.26654E-1 9.48276E-1 9.97996E-1 9.99833E-1 9.99955E-1 1E0 1E0 1E0 1E0 1E0 1E0 1E0 1E0 1E0 1E0 1E0 1E0 1E0 1E0 1E0 1E0 1E0 1E0 1E0 1E0 1E0 1E0 1E0 1E0 1E0 1E0
