ENM/Final_Models/M_2_F_lq_Set_1_EC/Gustavia_santanderiensis_5_Choco_clamping.asc
ncols         367
nrows         963
xllcorner     -78.6
yllcorner     0.65
cellsize      0.00833333333333323
NODATA_value  -9999
[rows 496 to 526 of 963, columns 140 to 209 of 367]
-9999 -9999 -9999 -9999 -9999 -9999 -9999 -9999 -9999 -9999 -9999 -9999 -9999 -9999 -9999 -9999 -9999 -9999 -9999 2.48431E-4 6.52997E-3 7.14989E-3 1.5164E-4 6.66147E-5 2.30723E-5 9.8054E-6 1.6096E-5 6.1095E-5 3.21027E-6 5.87588E-6 7.77168E-9 1.88526E-3 9.97428E-5 1.16839E-6 4.47849E-7 5.05102E-4 6.00896E-5 4.0958E-7 1.58673E-12 2.26156E-11 3.60987E-11 8.41048E-10 9.27699E-10 1.60061E-12 3.44383E-9 3.23075E-13 1.09877E-8 1.03917E-13 1.01572E-8 9.41358E-13 0E0 4.31934E-11 1.9785E-6 1.87184E-13 1.05693E-13 4.48659E-10 1.09579E-13 5.40785E-9 3.85502E-7 8.38836E-10 4.02765E-10 6.32827E-15 7.59351E-11 2.36811E-13 1.13004E-8 3.21965E-15 3.10973E-13 1.19404E-7 3.96228E-9 2.04092E-12
-9999 -9999 -9999 -9999 -9999 -9999 -9999 -9999 -9999 -9999 -9999 -9999 -9999 -9999 -9999 -9999 -9999 -9999 -9999 9.01267E-5 6.33387E-4 5.30148E-5 2.82969E-5 2.64454E-4 2.86248E-5 2.25825E-9 6.68942E-5 1.97514E-3 1.04985E-5 1.82146E-3 7.66624E-5 4.94529E-7 5.24052E-7 8.96664E-9 1.74708E-6 3.75475E-8 4.48735E-9 5.29864E-10 6.76437E-10 9.24489E-10 2.27164E-7 1.42073E-5 5.01765E-9 3.0611E-9 2.66609E-12 1.20465E-7 1.01209E-9 4.49487E-8 1.32015E-10 4.21885E-15 1.85362E-9 2.97542E-8 3.5157E-6 2.57599E-8 2.90302E-9 1.9456E-9 1.05183E-12 2.86725E-11 4.64352E-8 1.30552E-9 1.16491E-10 2.28094E-8 2.35055E-9 3.42679E-9 2.9256E-10 1.13318E-11 5.28364E-9 2.39254E-8 1.35054E-11 1.73123E-9
-9999 -9999 -9999 -9999 -9999 -9999 -9999 -9999 -9999 -9999 -9999 -9999 -9999 -9999 -9999 -9999 -9999 -9999 2.44607E-7 1.36787E-2 3.95073E-3 1.05784E-1 1.11166E-4 1.52861E-3 1.34405E-6 1.02227E-8 2.13498E-5 5.41112E-4 1.58844E-2 3.21044E-3 1.65028E-4 5.45206E-7 9.64314E-9 1.91108E-4 4.48726E-4 3.6875E-4 4.08497E-5 7.92402E-10 1.21233E-7 3.13561E-7 1.664E-9 2.7337E-7 3.34047E-7 1.57534E-6 3.83243E-8 2.52617E-11 1.57352E-12 9.53682E-14 9.64545E-11 1.36758E-11 5.88131E-9 1.51764E-6 1.9311E-4 1.85718E-7 2.91805E-8 1.12235E-7 5.64176E-9 4.76981E-9 1.46643E-8 9.94068E-11 3.87416E-7 2.41238E-10 5.81173E-8 1.54149E-8 3.73798E-11 7.54286E-13 0E0 6.76472E-11 8.59232E-9 1.77278E-8
-9999 -9999 -9999 -9999 -9999 -9999 -9999 -9999 -9999 -9999 -9999 -9999 -9999 -9999 -9999 -9999 -9999 -9999 8.60686E-4 1.9473E-2 7.88317E-2 7.1101E-3 4.77576E-5 1.1907E-3 3.20133E-6 2.77514E-7 7.71721E-4 1.11487E-2 1.0456E-3 5.08003E-4 5.49831E-4 2.58998E-5 7.06227E-7 3.4588E-7 7.1928E-8 5.74837E-4 1.30728E-3 7.35651E-5 5.9719E-8 8.68614E-8 1.86998E-6 4.17938E-5 1.3615E-4 4.75899E-6 4.0594E-6 3.34225E-8 1.127E-5 2.48159E-11 1.02906E-7 1.36514E-9 1.07983E-7 1.31011E-5 3.19623E-4 1.62974E-8 1.91022E-8 1.30753E-10 1.10142E-10 2.2146E-9 1.3164E-10 4.85424E-11 2.95319E-14 2.498E-14 2.88769E-13 1.58382E-6 8.72638E-7 1.1967E-8 2.93099E-14 3.61267E-13 1.97731E-13 7.14206E-13
-9999 -9999 -9999 -9999 -9999 -9999 -9999 -9999 -9999 -9999 -9999 -9999 -9999 -9999 -9999 -9999 -9999 2.08698E-8 9.95536E-6 8.8949E-3 5.08952E-2 1.77353E-3 8.18861E-2 7.24344E-2 9.68337E-3 2.92796E-7 9.22259E-4 1.26165E-3 5.30445E-5 8.87166E-5 7.37977E-5 8.26469E-5 4.24975E-6 1.26739E-6 5.60865E-4 4.0388E-4 2.03678E-5 1.72783E-5 2.20067E-9 2.11847E-6 1.24638E-7 1.48593E-5 8.39518E-4 1.53021E-4 2.40679E-5 1.25605E-7 5.41584E-7 2.77076E-7 1.54944E-8 3.44682E-11 1.13243E-14 1.46672E-12 4.30411E-8 6.8031E-6 5.01438E-7 8.09266E-8 1.63742E-6 3.97379E-8 2.9976E-15 8.20233E-12 1.05471E-14 1.49714E-12 1.06026E-13 1.13791E-6 1.87306E-8 2.81936E-9 7.46281E-12 6.66134E-16 1.11022E-16 1.07025E-13
-9999 -9999 -9999 -9999 -9999 -9999 -9999 -9999 -9999 -9999 -9999 -9999 -9999 -9999 -9999 -9999 -9999 1.81841E-7 1.71293E-6 6.18924E-3 1.9424E-2 3.6786E-2 6.80206E-2 1.26344E-3 7.16693E-3 4.0486E-6 6.16995E-6 3.10307E-5 5.15239E-4 2.19812E-4 1.47656E-4 2.42425E-4 3.71922E-5 8.45443E-6 2.45E-7 1.60101E-5 1.01445E-6 9.40766E-6 1.56242E-5 5.83833E-5 9.83033E-7 6.75612E-7 2.55595E-6 2.10586E-6 1.33578E-5 1.00039E-6 5.15928E-9 3.19729E-7 5.66356E-11 1.39443E-11 1.37257E-12 1.00856E-9 2.20874E-10 3.81132E-4 5.87338E-6 1.70413E-5 1.07027E-5 1.64815E-8 3.34177E-14 2.63234E-13 4.44089E-16 2.39175E-12 1.15835E-10 2.06474E-6 1.0373E-9 4.43739E-11 1.35166E-10 4.996E-14 6.06848E-13 1.75193E-13
-9999 -9999 -9999 -9999 -9999 -9999 -9999 -9999 -9999 -9999 -9999 -9999 -9999 -9999 -9999 -9999 -9999 7.04292E-8 3.85377E-5 4.14635E-6 1.43667E-5 1.15412E-5 2.7288E-3 2.14823E-5 4.64554E-8 6.34916E-7 1.04017E-6 1.75828E-7 4.5504E-4 8.87727E-6 6.24025E-6 2.19998E-6 1.20058E-7 1.7454E-7 8.886E-8 4.75492E-6 9.47967E-6 1.93996E-3 4.1068E-4 1.9683E-3 1.54683E-4 1.48668E-6 3.66984E-5 6.20886E-5 1.41988E-7 1.9611E-7 3.96477E-7 1.44658E-8 2.90332E-10 7.30392E-10 3.15303E-14 8.59093E-10 1.36349E-6 1.85448E-3 1.42842E-6 1.37015E-7 2.60328E-6 2.00556E-7 1.89886E-10 4.79189E-10 4.04539E-11 3.40138E-10 6.97632E-10 5.89584E-12 1.70359E-9 2.84472E-12 4.40363E-10 1.08769E-12 4.51228E-12 7.88258E-15
-9999 -9999 -9999 -9999 -9999 -9999 -9999 -9999 -9999 -9999 -9999 -9999 -9999 -9999 -9999 -9999 -9999 1.31419E-7 3.5701E-8 4.99936E-3 3.32315E-4 2.22279E-5 1.60006E-6 2.96577E-7 1.27661E-7 1.91007E-6 9.33339E-6 8.85648E-7 7.17062E-5 1.12933E-5 8.78188E-6 2.26853E-8 1.01453E-7 1.03196E-7 1.04744E-6 3.23694E-6 1.72029E-6 2.78064E-6 2.62208E-4 1.80717E-4 5.00518E-4 2.82792E-7 1.88451E-9 1.52504E-9 2.63251E-9 3.9549E-8 4.57076E-10 1.9838E-7 2.25798E-9 3.41958E-8 4.68027E-11 9.2429E-7 -9999 8.06082E-3 2.00388E-5 1.39129E-5 7.37973E-10 7.70769E-9 4.73527E-5 1.29491E-7 1.4811E-10 1.63755E-11 2.41511E-11 1.70863E-13 1.74727E-12 1.33919E-8 1.611E-7 3.69969E-10 3.32202E-9 0E0
-9999 -9999 -9999 -9999 -9999 -9999 -9999 -9999 -9999 -9999 -9999 -9999 -9999 -9999 -9999 -9999 6.96702E-5 7.11138E-4 1.35465E-4 1.03035E-4 7.95205E-2 1.00492E-3 1.88847E-4 4.62654E-4 2.00377E-3 1.06656E-2 2.96181E-6 1.21715E-8 8.73253E-8 1.22414E-10 1.2854E-9 6.13325E-9 1.42919E-6 1.03241E-4 6.99125E-5 6.85114E-5 1.19486E-6 3.30905E-5 6.44098E-3 3.90714E-4 4.6637E-3 6.48627E-6 9.54495E-6 4.88117E-7 3.62615E-10 1.62272E-10 3.04449E-10 1.59703E-8 3.06523E-9 1.42667E-9 1.88637E-8 -9999 7.88662E-8 3.07658E-4 2.00549E-7 1.58238E-9 2.67564E-13 4.21725E-5 9.93522E-7 2.42637E-10 0E0 0E0 4.7367E-10 6.21725E-14 3.68101E-8 1.93234E-9 1.783E-5 3.09264E-7 3.10739E-8 1.96057E-9
-9999 -9999 -9999 -9999 -9999 -9999 -9999 -9999 -9999 -9999 -9999 -9999 -9999 -9999 -9999 -9999 1.41897E-6 1.51242E-5 9.8841E-9 6.72353E-7 2.83932E-2 2.12114E-2 2.47636E-3 1.28196E-5 5.84421E-4 8.01389E-5 3.62976E-3 2.5443E-8 4.57984E-10 5.15307E-9 3.4854E-8 1.01667E-6 3.38712E-6 6.48471E-5 4.04562E-5 1.29702E-5 4.36342E-6 1.96545E-6 1.57236E-4 1.42831E-4 4.2046E-4 4.88341E-7 1.12003E-8 9.61098E-12 5.68544E-9 7.59059E-13 1.67774E-10 2.28778E-11 1.11022E-12 0E0 7.21645E-15 2.80537E-8 6.73165E-6 2.15883E-5 1.08821E-5 1.25473E-10 1.53288E-12 3.18912E-8 2.67839E-10 1.33396E-9 0E0 0E0 5.16703E-9 7.04982E-11 1.16242E-10 1.51156E-10 1.12551E-8 4.82622E-11 2.44589E-11 9.61733E-8
-9999 -9999 -9999 -9999 -9999 -9999 -9999 -9999 -9999 -9999 -9999 -9999 -9999 -9999 -9999 -9999 2.03351E-7 2.60099E-7 3.31959E-6 6.00657E-5 7.91893E-4 5.03655E-2 1.45944E-4 2.35997E-4 5.06719E-5 7.2987E-6 1.02038E-5 3.27797E-7 1.52262E-7 6.6578E-7 2.33609E-6 3.53718E-6 8.52197E-5 2.50883E-5 5.08074E-5 9.56014E-7 3.12169E-7 9.00993E-6 2.60967E-6 9.30235E-5 1.92597E-5 1.19E-10 6.05033E-10 1.9913E-12 4.67515E-13 0E0 1.98395E-10 2.25312E-11 2.5386E-9 7.98919E-10 5.09882E-8 -9999 5.6122E-8 1.34517E-8 3.80183E-11 1.9873E-13 1.03617E-12 1.12158E-9 4.65183E-14 1.19682E-13 0E0 0E0 9.41469E-14 2.27832E-10 3.00461E-8 1.57223E-9 3.12993E-11 2.84639E-11 8.04312E-6 2.86264E-7
-9999 -9999 -9999 -9999 -9999 -9999 -9999 -9999 -9999 -9999 -9999 -9999 -9999 -9999 -9999 -9999 3.24536E-7 2.39745E-4 1.48237E-6 1.79167E-7 1.30353E-4 2.7939E-2 2.53236E-4 1.01534E-4 3.34473E-4 2.67061E-4 2.58341E-5 8.52283E-7 5.32172E-9 1.58398E-5 9.01637E-6 2.84886E-5 3.97267E-7 5.04183E-8 3.11474E-7 2.98287E-6 3.82226E-4 1.71027E-3 8.62522E-4 5.6378E-4 1.09243E-9 4.82007E-11 5.80882E-10 6.60583E-14 8.83627E-13 2.79743E-12 4.45713E-11 1.07152E-8 1.01692E-8 0E0 8.98369E-9 1.16417E-5 6.10304E-10 -9999 3.7967E-10 1.11022E-16 1.63536E-13 0E0 1.13437E-10 2.91352E-11 3.55271E-15 4.43667E-12 9.89098E-12 1.22961E-10 2.10743E-12 1.68635E-11 4.22153E-4 9.59178E-9 7.0543E-7 5.72604E-8
-9999 -9999 -9999 -9999 -9999 -9999 -9999 -9999 -9999 -9999 -9999 -9999 -9999 -9999 -9999 -9999 3.36919E-9 2.85129E-7 5.90527E-6 9.72204E-4 3.99075E-5 1.70737E-5 3.28729E-5 7.09247E-4 4.14837E-4 1.77707E-4 3.94826E-4 3.00507E-4 1.12429E-3 1.46689E-4 2.39189E-6 2.11912E-5 4.33929E-6 4.57349E-7 6.61103E-7 4.70157E-8 4.93643E-7 1.70489E-6 1.17073E-4 1.11933E-6 1.49339E-9 4.2917E-11 1.24149E-10 3.93788E-11 1.53857E-11 4.67026E-12 2.39142E-13 3.73032E-9 2.83808E-8 4.41869E-14 3.81751E-9 1.50268E-9 -9999 2.24043E-5 3.94394E-7 2.24265E-14 5.07561E-12 7.54952E-15 1.30644E-11 1.38889E-13 9.10843E-11 0E0 2.05841E-11 9.20608E-12 2.6712E-13 9.5785E-9 2.61416E-7 1.82489E-8 8.79707E-7 4.55946E-8
-9999 -9999 -9999 -9999 -9999 -9999 -9999 -9999 -9999 -9999 -9999 -9999 -9999 -9999 -9999 -9999 6.53012E-5 2.31666E-4 7.66142E-4 3.01671E-4 1.16519E-4 2.89512E-4 1.06084E-6 1.42407E-4 9.43963E-4 1.11385E-4 9.24822E-6 1.79216E-5 6.96521E-5 3.50457E-6 2.3468E-8 1.13441E-7 1.12784E-6 2.33475E-9 8.54254E-7 4.86878E-8 2.03316E-5 9.90453E-6 4.5947E-7 2.17718E-8 5.24757E-9 8.58122E-7 1.32796E-8 2.37167E-8 3.04645E-9 1.55674E-10 1.26777E-7 2.23312E-7 3.73773E-6 1.92186E-9 2.29636E-9 3.74478E-13 4.38674E-9 3.03056E-6 1.23292E-3 2.82975E-8 7.1702E-8 4.44089E-16 6.13631E-12 4.35061E-10 6.60652E-7 7.57857E-5 7.85041E-8 1.07988E-7 1.13643E-9 2.5502E-10 2.3526E-6 2.67912E-5 6.43431E-9 1.08386E-7
-9999 -9999 -9999 -9999 -9999 -9999 -9999 -9999 -9999 -9999 -9999 -9999 -9999 -9999 -9999 -9999 9.53125E-7 8.55724E-2 4.00895E-2 1.57261E-2 3.11048E-3 3.38577E-4 1.90172E-4 8.27887E-6 5.8441E-7 5.89066E-8 5.24224E-9 1.6113E-6 3.08304E-7 3.37338E-4 1.07328E-3 1.12152E-3 2.24964E-6 2.27723E-6 1.56429E-6 2.06187E-4 7.36166E-5 4.89179E-6 6.73087E-9 9.01703E-9 4.24403E-9 4.41795E-8 8.64877E-10 2.33431E-8 6.73585E-6 3.13144E-8 5.18257E-8 2.25226E-8 3.99902E-13 4.11449E-13 3.24737E-11 2.26374E-13 -9999 1.46548E-6 1.93139E-11 1.23201E-12 7.12175E-12 2.85956E-9 4.88498E-15 1.00824E-11 2.59628E-9 4.04927E-7 1.83843E-7 7.66827E-9 3.36509E-4 2.02268E-7 1.48537E-10 6.49612E-5 2.2739E-5 4.22801E-10
-9999 -9999 -9999 -9999 -9999 -9999 -9999 -9999 -9999 -9999 -9999 -9999 -9999 -9999 -9999 -9999 1.45672E-6 2.28768E-2 1.61851E-2 2.52105E-3 6.0664E-2 2.54085E-2 6.02389E-5 4.4602E-6 9.11971E-5 5.03338E-4 2.19031E-5 8.38989E-5 1.64135E-5 2.96216E-5 9.77113E-5 7.28562E-5 7.74078E-3 4.14117E-3 8.5798E-4 2.72048E-4 1.515E-6 7.39307E-5 1.76392E-6 3.91458E-10 3.21013E-7 4.57801E-9 1.41162E-10 3.75192E-9 2.99524E-10 1.36107E-7 5.00635E-9 9.71805E-10 1.2916E-8 8.94553E-8 5.46698E-9 -9999 3.88904E-3 3.74227E-5 8.30358E-6 9.72152E-8 1.46207E-4 4.96497E-7 2.1084E-10 5.88418E-15 0E0 5.99965E-13 1.52101E-14 1.26554E-12 6.13699E-11 4.76967E-8 2.76431E-8 4.56359E-5 3.66179E-7 1.02128E-5
-9999 -9999 -9999 -9999 -9999 -9999 -9999 -9999 -9999 -9999 -9999 -9999 -9999 -9999 -9999 -9999 7.18122E-3 4.0111E-2 4.7898E-2 2.76455E-3 2.1221E-2 1.14867E-2 2.29261E-2 1.15051E-2 1.00274E-5 7.91111E-6 2.13303E-6 2.0542E-7 5.44002E-4 9.91684E-5 1.54409E-2 7.03901E-3 5.89124E-3 3.50439E-5 6.55444E-4 2.13456E-4 7.91715E-3 3.55557E-3 8.1313E-9 1.10854E-8 1.36085E-8 8.83201E-8 3.00484E-9 1.83258E-10 2.09779E-7 7.04733E-8 4.78472E-9 8.30447E-14 8.14571E-13 1.93285E-10 1.21268E-10 2.77556E-15 5.11856E-7 9.6891E-9 1.51871E-6 1.68544E-9 1.80554E-9 3.66629E-12 1.35858E-12 3.15303E-14 8.17568E-13 5.66214E-15 4.68675E-10 1.37668E-14 5.90872E-12 7.71494E-13 5.71648E-9 1.87963E-9 2.11471E-5 6.45542E-5
-9999 -9999 -9999 -9999 -9999 -9999 -9999 -9999 -9999 -9999 -9999 -9999 -9999 -9999 -9999 -9999 3.5341E-3 1.28409E-2 3.98087E-2 2.63373E-2 9.00623E-2 8.05316E-3 1.48521E-2 8.76732E-3 1.04676E-4 8.67896E-6 1.66168E-6 1.07173E-5 2.56739E-3 6.39231E-4 1.35579E-3 3.2372E-2 4.31556E-2 2.5597E-3 1.74137E-4 2.32483E-4 1.62118E-4 2.33968E-3 1.69454E-10 2.2673E-7 7.42158E-10 5.89323E-6 4.23579E-8 7.82256E-11 2.60044E-11 5.12303E-8 5.16571E-8 1.72057E-6 2.83108E-10 3.60235E-9 6.02129E-12 1.02796E-12 1.54752E-10 3.24553E-4 5.37915E-6 1.7834E-5 1.48067E-6 2.25571E-9 4.20311E-10 8.74067E-12 3.76255E-13 9.10383E-15 1.00269E-9 4.44089E-16 1.26166E-12 6.29038E-11 7.22985E-9 8.17611E-8 8.16755E-8 4.58317E-6
-9999 -9999 -9999 -9999 -9999 -9999 -9999 -9999 -9999 -9999 -9999 -9999 -9999 -9999 -9999 -9999 1.73403E-3 1.31294E-3 2.46298E-2 1.03466E-2 3.57529E-3 1.39951E-3 1.92669E-4 2.15345E-2 1.09413E-4 3.24358E-4 3.9478E-6 5.60968E-6 6.94068E-4 3.98453E-3 9.26633E-4 1.05347E-3 5.34211E-2 1.72512E-4 4.68385E-6 3.21173E-6 3.85737E-5 1.81193E-4 1.61555E-7 3.91031E-5 1.03449E-7 2.3508E-7 4.5957E-9 3.19777E-8 7.20323E-10 3.56511E-9 6.96073E-8 2.81296E-6 1.40211E-10 2.41344E-9 2.11851E-9 3.93771E-7 4.62097E-12 1.1654E-5 1.16263E-9 6.17084E-8 6.84307E-11 1.59916E-10 1.13065E-9 1.21514E-9 1.90357E-11 3.44169E-15 9.49907E-13 4.87181E-11 1.03807E-11 3.9091E-13 6.21706E-11 9.03175E-11 6.80286E-8 1.54684E-9
-9999 -9999 -9999 -9999 -9999 -9999 -9999 -9999 -9999 -9999 -9999 -9999 -9999 -9999 -9999 -9999 2.47212E-3 9.33058E-3 1.15811E-1 5.61873E-3 8.17414E-2 1.0403E-1 2.0724E-3 8.60389E-5 1.21395E-3 1.04836E-3 8.04104E-5 5.80159E-5 2.47243E-6 3.68644E-2 8.5088E-3 4.15357E-2 8.50878E-3 3.5122E-3 5.4797E-7 2.00697E-4 6.38583E-8 8.21718E-8 2.21738E-6 5.62158E-7 3.25452E-5 2.69984E-5 4.81243E-6 1.31166E-6 2.30166E-5 3.6343E-5 9.88345E-7 1.33218E-7 2.11688E-9 3.41571E-12 2.02836E-9 1.90345E-8 3.27003E-9 2.8517E-3 1.11567E-7 1.45505E-11 1.16008E-10 9.77189E-9 1.22097E-8 2.3995E-9 1.84229E-7 2.08452E-11 1.01814E-9 5.04307E-11 1.00347E-10 1.94477E-10 9.03225E-9 4.74E-10 4.89306E-8 1.93495E-8
-9999 -9999 -9999 -9999 -9999 -9999 -9999 -9999 -9999 -9999 -9999 -9999 -9999 -9999 -9999 -9999 9.49564E-2 3.669E-2 1.1902E-1 1.11421E-1 4.51082E-3 6.76986E-4 4.5133E-3 2.58445E-2 1.72752E-4 1.20171E-6 1.74045E-4 2.62367E-4 5.3985E-6 1.48817E-3 5.25411E-2 9.4846E-2 2.91059E-2 5.34175E-3 1.37586E-4 1.78048E-2 2.47546E-4 3.82028E-6 4.07538E-7 8.9589E-7 1.16232E-4 1.01864E-4 1.9801E-5 4.46103E-5 1.3435E-4 2.65049E-4 3.35291E-5 1.61588E-7 2.21364E-5 2.89069E-12 1.20569E-7 1.25457E-9 1.16001E-3 2.9496E-3 4.99649E-4 2.15522E-9 8.26649E-5 6.51666E-6 4.97591E-9 9.9694E-9 2.33048E-5 4.70902E-10 2.18714E-14 1.57537E-8 6.22155E-9 5.82624E-5 8.71582E-6 1.89618E-5 1.50765E-5 1.1471E-6
-9999 -9999 -9999 -9999 -9999 -9999 -9999 -9999 -9999 -9999 -9999 -9999 -9999 -9999 -9999 -9999 2.64399E-4 5.84073E-2 1.81514E-2 3.46794E-3 5.65173E-4 1.45081E-3 6.24491E-4 2.85482E-3 8.51606E-4 2.45821E-5 6.83292E-4 4.32033E-3 1.75484E-4 2.30768E-2 1.16612E-1 1.10134E-1 6.65275E-2 8.23215E-2 2.5905E-3 9.67822E-5 4.79776E-7 2.39852E-6 3.91997E-7 4.49662E-7 1.88429E-6 2.6053E-5 1.12671E-4 7.93859E-5 1.47894E-5 1.81355E-5 4.40282E-6 1.72199E-6 1.55187E-7 1.26922E-7 3.44186E-3 1.32189E-8 3.12836E-4 4.25675E-3 1.13333E-2 1.80252E-7 2.39087E-11 1.95805E-8 1.30809E-3 8.88317E-3 1.00321E-3 1.9793E-5 3.05131E-10 1.14107E-5 1.17566E-4 2.40698E-5 1.08787E-5 7.92364E-7 2.33131E-5 3.80421E-5
-9999 -9999 -9999 -9999 -9999 -9999 -9999 -9999 -9999 -9999 -9999 -9999 -9999 -9999 -9999 -9999 2.17821E-3 4.50903E-4 6.97072E-4 1.01088E-3 1.58061E-4 4.04706E-4 8.91757E-4 1.77071E-2 9.64863E-4 1.82808E-4 2.20108E-4 8.65271E-5 5.9825E-3 3.81967E-2 8.18898E-3 1.82657E-2 1.28193E-2 5.63322E-2 1.17817E-2 1.48105E-5 7.36593E-6 3.10979E-5 5.52528E-7 3.76534E-5 1.37857E-4 1.61388E-4 9.60219E-5 1.16005E-6 2.59932E-9 2.7948E-7 9.55845E-6 5.29612E-10 5.78724E-6 2.01228E-11 6.01299E-3 -9999 6.32804E-4 1.42762E-4 1.06013E-7 4.66116E-12 1.82696E-8 3.37765E-8 1.59232E-11 1.3942E-4 3.19045E-4 4.9679E-5 4.04153E-6 8.11897E-8 1.62567E-5 5.5888E-5 8.73182E-8 2.56279E-7 2.65711E-7 2.00239E-4
-9999 -9999 -9999 -9999 -9999 -9999 -9999 -9999 -9999 -9999 -9999 -9999 -9999 -9999 -9999 -9999 1.69327E-4 6.91378E-7 1.48915E-5 4.64507E-4 5.69597E-4 4.82342E-5 1.68528E-3 7.89469E-3 3.57155E-2 4.91935E-5 1.21739E-4 8.76019E-4 8.42363E-3 3.35653E-2 7.24993E-3 3.0071E-6 3.17688E-4 4.7259E-4 2.4363E-4 1.879E-3 4.41632E-5 6.30963E-8 5.0883E-7 1.44088E-5 3.42428E-6 1.00963E-6 1.27161E-6 2.17818E-5 1.80811E-7 4.90358E-8 1.1641E-6 7.22422E-13 3.43364E-8 1.15489E-9 3.97841E-2 4.74436E-2 1.83536E-2 3.19788E-4 5.31181E-10 1.00346E-8 1.2567E-10 3.86244E-10 5.80309E-10 2.01167E-4 7.38844E-4 1.92681E-8 4.39144E-10 1.22429E-5 3.00186E-4 3.16201E-6 1.69601E-5 3.21457E-4 6.25034E-4 5.30031E-5
-9999 -9999 -9999 -9999 -9999 -9999 -9999 -9999 -9999 -9999 -9999 -9999 -9999 -9999 -9999 -9999 3.09786E-3 1.04795E-4 2.11131E-5 9.82512E-5 2.12225E-3 3.83612E-3 4.58401E-4 1.24896E-2 2.98184E-2 1.37231E-3 9.39665E-4 4.30236E-3 3.49532E-2 9.8919E-3 2.217E-2 2.00355E-4 1.09222E-4 9.43851E-5 5.40134E-4 3.1092E-5 1.80509E-5 2.82064E-8 1.45641E-7 4.39265E-7 2.75606E-3 4.00668E-8 1.85549E-6 5.69022E-7 2.1553E-7 1.34205E-7 3.0666E-6 1.03793E-9 7.04476E-8 6.01876E-4 -9999 6.13466E-3 1.33503E-2 2.17482E-6 3.50807E-9 5.35829E-9 1.15218E-7 3.6682E-7 1.25455E-13 8.55242E-5 1.49487E-6 2.58245E-6 1.14446E-6 1.57355E-5 6.54955E-6 2.11123E-4 2.20877E-4 1.51975E-6 2.43836E-6 5.6886E-3
-9999 -9999 -9999 -9999 -9999 -9999 -9999 -9999 -9999 -9999 -9999 -9999 -9999 -9999 -9999 -9999 1.88014E-5 7.21027E-4 1.43462E-4 4.42439E-6 3.22528E-4 1.57158E-3 1.53331E-2 1.37201E-3 4.88068E-4 7.53528E-2 7.20006E-2 9.96873E-4 3.27819E-3 1.25223E-4 1.37922E-3 6.83684E-3 9.74145E-4 5.74275E-3 2.45202E-4 2.96312E-5 1.38261E-5 4.09601E-5 6.86317E-5 2.69713E-4 2.4498E-6 3.96938E-5 7.79839E-8 1.87687E-7 3.22283E-8 1.09091E-8 3.08058E-7 2.02892E-7 -9999 2.71902E-2 2.61334E-4 1.56128E-3 2.43191E-5 8.69418E-4 5.41923E-5 1.06251E-6 9.6069E-8 3.48375E-7 3.63563E-6 5.41733E-8 2.73503E-8 2.78845E-5 3.57657E-6 3.79143E-8 7.69E-7 4.68976E-4 6.5515E-5 2.72155E-5 8.27754E-4 3.04089E-2
-9999 -9999 -9999 -9999 -9999 -9999 -9999 -9999 -9999 -9999 -9999 -9999 -9999 -9999 -9999 -9999 1.10316E-3 6.07907E-4 1.812E-4 9.2512E-4 1.33887E-2 1.40059E-4 3.95408E-5 5.19543E-3 1.17852E-3 5.04448E-2 1.05696E-1 6.88951E-2 2.43097E-3 4.49606E-2 5.01506E-6 1.76261E-4 7.95086E-4 7.47312E-5 2.09371E-4 7.58811E-5 2.87775E-4 3.16075E-3 8.84328E-4 1.12428E-2 2.77268E-3 9.10608E-7 2.67151E-6 6.22159E-5 6.51792E-5 1.37022E-8 2.43168E-7 2.58755E-6 6.21757E-4 3.42329E-2 2.83332E-4 5.48489E-6 1.77636E-14 1.65794E-6 4.91708E-5 2.53624E-7 1.0398E-6 6.99876E-7 2.99483E-8 1.68437E-3 2.91322E-5 2.71304E-5 4.58446E-6 2.14463E-6 4.85132E-6 1.14149E-6 1.50361E-7 3.96271E-5 9.14865E-5 2.21802E-4
-9999 -9999 -9999 -9999 -9999 -9999 -9999 -9999 -9999 -9999 -9999 -9999 -9999 -9999 -9999 -9999 4.88549E-3 4.53729E-4 6.09021E-4 1.27913E-4 5.05079E-4 2.20201E-3 4.75763E-4 2.77353E-2 3.52447E-2 1.39982E-2 3.46811E-2 9.24011E-2 2.73735E-3 3.19543E-2 2.01111E-4 9.48692E-5 2.31476E-4 1.28518E-6 1.79402E-6 3.29185E-6 4.88295E-5 1.17127E-4 5.13652E-4 1.23416E-4 1.69275E-4 4.89252E-5 5.39001E-5 2.05283E-5 1.57543E-5 4.23797E-5 3.30526E-6 3.61211E-6 -9999 -9999 2.51115E-8 3.67515E-4 1.04523E-4 3.43396E-6 5.60805E-5 1.85483E-6 2.59167E-6 2.63532E-3 1.8762E-2 9.84641E-5 4.08555E-6 4.85857E-6 2.85574E-4 3.90041E-6 2.74287E-7 3.14318E-7 4.5385E-9 7.63707E-8 7.64948E-6 4.21858E-4
-9999 -9999 -9999 -9999 -9999 -9999 -9999 -9999 -9999 -9999 -9999 -9999 -9999 -9999 -9999 -9999 1.58715E-4 1.08924E-2 1.2021E-2 6.55524E-3 3.91105E-4 1.29379E-4 1.88313E-4 9.26781E-3 1.44575E-5 1.15798E-3 5.80412E-4 3.38731E-2 2.45071E-3 1.38343E-2 9.6815E-3 2.17838E-4 3.65722E-5 5.56958E-6 6.73148E-6 4.91283E-5 6.61709E-6 2.08745E-5 5.08488E-5 1.21167E-4 2.37458E-4 9.30666E-5 1.88646E-4 3.60828E-5 5.03769E-6 5.57091E-7 5.64496E-6 2.91295E-6 1.49763E-8 2.381E-10 1.63728E-7 7.96213E-8 1.64821E-2 1.72399E-3 1.19277E-5 1.59741E-4 1.13961E-6 3.28024E-6 5.52999E-4 1.43446E-6 5.9267E-8 1.30022E-5 3.01602E-4 7.90856E-5 1.88823E-5 2.31571E-6 9.07946E-7 4.17518E-4 2.17557E-4 6.25317E-5
-9999 -9999 -9999 -9999 -9999 -9999 -9999 -9999 -9999 -9999 -9999 -9999 -9999 -9999 -9999 2.57544E-4 4.93536E-2 3.87504E-2 3.3925E-3 8.95231E-5 9.90838E-6 1.44542E-3 3.37141E-3 5.25185E-5 1.31441E-3 3.96485E-4 1.03607E-3 2.97415E-5 2.71516E-5 1.95425E-3 1.37533E-5 4.87211E-4 2.54613E-4 5.7015E-4 1.38911E-4 2.85922E-4 2.71389E-5 4.45813E-5 2.03688E-4 5.10249E-5 1.31303E-4 2.67762E-5 1.77209E-3 7.44064E-5 5.37755E-6 1.70629E-5 5.13664E-5 2.57294E-4 -9999 9.25926E-14 1.42528E-7 4.3342E-3 6.63757E-2 3.09341E-2 1.27122E-2 3.46827E-5 6.05987E-4 2.68011E-4 9.97116E-5 5.66387E-3 6.33566E-4 2.311E-5 7.47803E-5 6.09961E-5 5.01524E-5 1.20841E-4 6.55825E-6 1.1552E-5 1.70554E-5 4.22116E-5
-9999 -9999 -9999 -9999 -9999 -9999 -9999 -9999 -9999 -9999 -9999 -9999 -9999 -9999 -9999 5.98933E-4 1.20057E-1 3.29238E-2 7.79026E-5 2.99691E-4 5.42735E-5 1.26586E-3 2.40218E-3 6.99737E-4 1.60131E-2 4.99457E-4 1.61954E-4 2.33354E-4 5.08412E-5 8.3549E-6 7.24523E-5 2.5976E-4 2.24992E-3 3.55632E-4 9.02454E-4 4.4787E-4 2.4485E-5 2.64485E-5 3.5333E-4 2.77991E-4 1.15292E-3 7.95324E-4 1.15113E-3 5.19534E-5 4.95337E-5 1.32594E-4 1.65848E-5 3.75863E-4 9.36671E-8 1.42699E-8 -9999 8.78592E-2 8.24124E-2 5.78871E-2 1.77428E-2 5.14714E-3 1.87324E-3 1.10782E-6 3.18361E-7 1.95954E-2 9.91507E-3 5.93908E-5 2.15236E-7 2.73871E-5 1.31749E-4 3.61598E-5 1.35323E-3 1.95362E-4 1.07327E-4 4.85156E-4
