ENM/Final_Models/M_2_F_lq_Set_1_EC/Gustavia_santanderiensis_Choco_median.asc
ncols         367
nrows         963
xllcorner     -78.6
yllcorner     0.65
cellsize      0.00833333333333323
NODATA_value  -9999
[rows 330 to 362 of 963, columns 148 to 221 of 367]
-9999 -9999 -9999 -9999 -9999 -9999 -9999 1.52678E-1 1.97452E-1 8.02326E-1 9.84493E-1 9.99208E-1 1E0 9.99831E-1 9.99961E-1 1E0 9.80639E-1 9.32927E-1 9.41583E-1 5.82722E-1 5.73918E-1 9.23866E-1 9.47171E-1 9.65716E-1 9.83248E-1 9.89213E-1 9.85976E-1 9.94866E-1 9.9985E-1 9.99696E-1 9.96683E-1 9.99306E-1 9.95154E-1 9.94288E-1 1E0 9.99945E-1 9.99995E-1 9.99855E-1 9.99435E-1 9.60116E-1 9.9836E-1 1E0 9.99999E-1 1E0 1E0 1E0 1E0 1E0 1E0 1E0 1E0 1E0 1E0 1E0 1E0 1E0 1E0 1E0 1E0 1E0 1E0 1E0 1E0 1E0 1E0 1E0 1E0 1E0 1E0 1E0 1E0 1E0 1E0 1E0
-9999 -9999 -9999 -9999 -9999 -9999 -9999 1.22159E-1 1.96268E-1 5.01457E-1 9.68643E-1 9.96776E-1 9.99998E-1 1E0 1E0 9.9946E-1 8.46369E-1 8.39428E-1 9.36164E-1 8.83137E-1 8.8514E-1 9.4644E-1 9.0051E-1 9.75102E-1 9.93366E-1 9.99929E-1 9.99869E-1 9.95222E-1 9.9885E-1 9.99055E-1 9.99903E-1 1E0 9.99998E-1 9.99953E-1 9.99998E-1 9.99762E-1 9.99963E-1 9.99891E-1 9.99536E-1 9.97661E-1 9.99317E-1 9.99478E-1 9.99901E-1 9.88071E-1 9.99968E-1 9.99528E-1 9.99999E-1 1E0 1E0 1E0 1E0 1E0 1E0 1E0 1E0 1E0 1E0 1E0 1E0 1E0 1E0 1E0 1E0 1E0 1E0 1E0 1E0 1E0 1E0 1E0 1E0 1E0 1E0 1E0
-9999 -9999 -9999 -9999 -9999 -9999 -9999 2.3366E-1 2.96151E-1 3.74597E-1 9.8026E-1 9.99827E-1 9.98333E-1 9.99642E-1 9.9952E-1 9.9941E-1 9.70566E-1 6.15773E-1 9.16427E-1 9.095E-1 9.04118E-1 9.06595E-1 9.78938E-1 9.97781E-1 9.81831E-1 9.99804E-1 9.997E-1 9.9637E-1 9.99999E-1 9.98726E-1 9.99987E-1 1E0 1E0 1E0 1E0 9.99994E-1 9.99999E-1 9.98093E-1 9.99929E-1 9.97626E-1 9.19814E-1 9.39132E-1 8.91032E-1 9.99044E-1 1E0 9.99857E-1 1E0 1E0 1E0 1E0 1E0 1E0 1E0 1E0 1E0 1E0 1E0 1E0 1E0 1E0 1E0 1E0 1E0 1E0 1E0 1E0 1E0 1E0 1E0 1E0 1E0 1E0 1E0 1E0
-9999 -9999 -9999 -9999 -9999 -9999 -9999 1.79001E-1 1.79015E-1 6.83535E-1 9.61694E-1 9.95545E-1 9.95559E-1 9.99698E-1 9.99881E-1 9.99996E-1 9.99792E-1 8.68206E-1 8.76673E-1 9.45096E-1 9.2073E-1 9.72126E-1 9.56274E-1 9.85896E-1 9.98753E-1 9.84647E-1 9.98227E-1 9.99931E-1 9.99995E-1 9.96904E-1 9.99393E-1 1E0 1E0 1E0 1E0 9.99893E-1 9.92116E-1 9.73274E-1 9.86421E-1 9.29083E-1 7.14142E-1 9.3907E-1 9.76267E-1 9.99968E-1 1E0 9.99998E-1 9.99999E-1 1E0 1E0 1E0 1E0 1E0 1E0 1E0 1E0 1E0 1E0 1E0 1E0 1E0 1E0 1E0 1E0 1E0 1E0 1E0 1E0 1E0 1E0 1E0 1E0 1E0 1E0 1E0
-9999 -9999 -9999 -9999 -9999 -9999 -9999 -9999 1.63141E-1 4.85265E-1 9.79E-1 9.99026E-1 9.86615E-1 9.97963E-1 9.90628E-1 9.98693E-1 9.99639E-1 9.30387E-1 9.53198E-1 9.20948E-1 8.87285E-1 9.61757E-1 9.82501E-1 9.72386E-1 9.91564E-1 9.86922E-1 9.9974E-1 9.8007E-1 9.99707E-1 9.98191E-1 9.99999E-1 1E0 1E0 9.99972E-1 9.99997E-1 9.93914E-1 9.94958E-1 9.32483E-1 9.77546E-1 9.99691E-1 9.64107E-1 9.96889E-1 9.99996E-1 1E0 1E0 1E0 1E0 1E0 1E0 1E0 1E0 1E0 1E0 1E0 1E0 1E0 1E0 1E0 1E0 1E0 1E0 1E0 1E0 1E0 1E0 1E0 1E0 1E0 1E0 1E0 1E0 1E0 1E0 1E0
-9999 -9999 -9999 -9999 -9999 -9999 -9999 -9999 3.19586E-1 4.58395E-1 7.53405E-1 9.99217E-1 9.99974E-1 9.99779E-1 9.94534E-1 9.97508E-1 9.97517E-1 9.75145E-1 9.53146E-1 9.57867E-1 8.86902E-1 8.7908E-1 9.51967E-1 9.87601E-1 9.65983E-1 9.78094E-1 9.94273E-1 9.91489E-1 9.69593E-1 9.94219E-1 9.99949E-1 1E0 9.99943E-1 9.99487E-1 9.99264E-1 9.87704E-1 9.86859E-1 9.70156E-1 9.99597E-1 1E0 9.99601E-1 9.99694E-1 1E0 1E0 1E0 9.99999E-1 1E0 1E0 1E0 1E0 1E0 1E0 1E0 1E0 1E0 1E0 1E0 1E0 1E0 1E0 1E0 1E0 1E0 1E0 1E0 1E0 1E0 1E0 1E0 1E0 1E0 1E0 1E0 1E0
-9999 -9999 -9999 -9999 -9999 -9999 -9999 -9999 2.52729E-1 4.05717E-1 8.04636E-1 9.95107E-1 1E0 9.99996E-1 9.99907E-1 9.99098E-1 9.96346E-1 9.87128E-1 9.34611E-1 9.38975E-1 9.6106E-1 9.48645E-1 9.49981E-1 9.57076E-1 9.89213E-1 9.65614E-1 9.92282E-1 9.84538E-1 9.85419E-1 9.99739E-1 9.99914E-1 9.99543E-1 9.94874E-1 9.98986E-1 9.93662E-1 9.86262E-1 9.90427E-1 9.90223E-1 9.99883E-1 1E0 9.99995E-1 9.69761E-1 9.63485E-1 9.98677E-1 1E0 1E0 1E0 1E0 1E0 1E0 1E0 1E0 1E0 1E0 1E0 1E0 1E0 1E0 1E0 1E0 1E0 1E0 1E0 1E0 1E0 1E0 1E0 1E0 1E0 1E0 1E0 1E0 1E0 1E0
-9999 -9999 -9999 -9999 -9999 -9999 -9999 -9999 -9999 3.56551E-1 5.71153E-1 -9999 -9999 -9999 -9999 9.933E-1 9.88084E-1 9.68139E-1 9.27675E-1 9.17077E-1 9.28797E-1 9.665E-1 9.75606E-1 9.6546E-1 9.49661E-1 9.87027E-1 9.94653E-1 9.86908E-1 9.83205E-1 9.9423E-1 9.99895E-1 9.99961E-1 9.92019E-1 9.97259E-1 9.93706E-1 9.99383E-1 9.98301E-1 9.92952E-1 9.97432E-1 9.99999E-1 9.99937E-1 9.94854E-1 8.64901E-1 9.39716E-1 1E0 1E0 1E0 1E0 1E0 1E0 1E0 1E0 1E0 1E0 1E0 1E0 1E0 1E0 1E0 1E0 1E0 1E0 1E0 1E0 1E0 1E0 1E0 1E0 1E0 1E0 1E0 1E0 1E0 1E0
-9999 -9999 -9999 -9999 -9999 -9999 -9999 -9999 -9999 8.83499E-2 -9999 -9999 -9999 -9999 -9999 -9999 9.9915E-1 9.53402E-1 9.63074E-1 9.69277E-1 9.69927E-1 9.21535E-1 9.86614E-1 9.88383E-1 9.45915E-1 9.69191E-1 9.7807E-1 9.68235E-1 9.82576E-1 9.97257E-1 9.98774E-1 9.98328E-1 9.99552E-1 9.98333E-1 9.98748E-1 9.99845E-1 9.99798E-1 9.94745E-1 9.97486E-1 9.99481E-1 9.90257E-1 9.91712E-1 9.91067E-1 9.56226E-1 9.98839E-1 1E0 1E0 1E0 9.99999E-1 1E0 1E0 1E0 1E0 1E0 1E0 1E0 1E0 1E0 1E0 1E0 1E0 1E0 1E0 1E0 1E0 1E0 1E0 1E0 1E0 1E0 1E0 1E0 1E0 1E0
-9999 -9999 -9999 -9999 -9999 -9999 -9999 -9999 -9999 -9999 -9999 -9999 -9999 -9999 -9999 -9999 -9999 9.51541E-1 9.89659E-1 9.89448E-1 9.95862E-1 9.72519E-1 9.98227E-1 9.94499E-1 9.88147E-1 9.1646E-1 9.78837E-1 9.42598E-1 9.9584E-1 9.97334E-1 9.97165E-1 9.99936E-1 9.9422E-1 9.98922E-1 9.99581E-1 9.96098E-1 9.98282E-1 9.91381E-1 9.98604E-1 9.96413E-1 9.9635E-1 9.95081E-1 9.93449E-1 9.99979E-1 1E0 1E0 9.99957E-1 1E0 1E0 1E0 1E0 1E0 1E0 1E0 1E0 1E0 1E0 1E0 1E0 1E0 1E0 1E0 1E0 1E0 1E0 1E0 1E0 1E0 1E0 1E0 1E0 1E0 1E0 1E0
-9999 -9999 -9999 -9999 -9999 -9999 -9999 -9999 -9999 -9999 -9999 -9999 -9999 -9999 -9999 -9999 -9999 9.93797E-1 9.99171E-1 9.97895E-1 9.99901E-1 9.9951E-1 9.99185E-1 9.94428E-1 9.94788E-1 9.97053E-1 9.96552E-1 9.92402E-1 9.98351E-1 9.90247E-1 9.9776E-1 9.87217E-1 9.30131E-1 9.90428E-1 9.92006E-1 9.98743E-1 9.82503E-1 9.69846E-1 9.87703E-1 9.99544E-1 9.99515E-1 9.99388E-1 9.99964E-1 1E0 9.99936E-1 9.99525E-1 9.99968E-1 1E0 1E0 1E0 1E0 1E0 1E0 1E0 1E0 1E0 1E0 1E0 1E0 1E0 1E0 1E0 1E0 1E0 1E0 1E0 1E0 1E0 1E0 1E0 1E0 1E0 1E0 1E0
-9999 -9999 -9999 -9999 -9999 -9999 -9999 -9999 -9999 -9999 -9999 -9999 -9999 -9999 -9999 -9999 -9999 -9999 -9999 9.99412E-1 9.99998E-1 9.99403E-1 9.94784E-1 9.77424E-1 9.85869E-1 9.98104E-1 9.99998E-1 9.99996E-1 9.99925E-1 9.9899E-1 9.98542E-1 9.80264E-1 9.82347E-1 9.97192E-1 9.85159E-1 9.8854E-1 9.73419E-1 9.84214E-1 9.74443E-1 9.99504E-1 9.99997E-1 1E0 9.99893E-1 9.99993E-1 9.98842E-1 9.87479E-1 9.63136E-1 1E0 1E0 1E0 1E0 1E0 1E0 1E0 1E0 1E0 1E0 1E0 1E0 1E0 1E0 1E0 1E0 1E0 1E0 1E0 1E0 1E0 1E0 1E0 1E0 1E0 1E0 1E0
-9999 -9999 -9999 -9999 -9999 -9999 -9999 -9999 -9999 -9999 -9999 -9999 -9999 -9999 -9999 -9999 -9999 -9999 -9999 9.99175E-1 9.99984E-1 9.99504E-1 9.97958E-1 9.41214E-1 9.89797E-1 9.99912E-1 9.99804E-1 9.99998E-1 9.99981E-1 9.95772E-1 9.76366E-1 9.9344E-1 9.99362E-1 9.99626E-1 9.99782E-1 9.9929E-1 9.995E-1 9.4117E-1 9.99113E-1 9.99674E-1 1E0 1E0 9.99877E-1 9.9895E-1 9.98856E-1 9.93383E-1 9.99996E-1 1E0 1E0 1E0 1E0 1E0 1E0 1E0 1E0 1E0 1E0 1E0 1E0 1E0 1E0 1E0 1E0 1E0 1E0 1E0 1E0 1E0 1E0 1E0 1E0 1E0 1E0 1E0
-9999 -9999 -9999 -9999 -9999 -9999 -9999 -9999 -9999 -9999 -9999 -9999 -9999 -9999 -9999 -9999 -9999 -9999 -9999 -9999 9.91276E-1 9.99754E-1 9.96822E-1 9.93052E-1 9.99573E-1 9.99999E-1 9.99999E-1 9.99999E-1 9.99992E-1 9.99015E-1 9.99969E-1 9.97876E-1 9.99961E-1 9.98394E-1 9.99611E-1 9.99873E-1 9.91779E-1 9.95131E-1 9.9711E-1 9.98312E-1 1E0 1E0 9.99941E-1 9.99555E-1 9.99999E-1 9.99993E-1 1E0 1E0 1E0 1E0 1E0 1E0 1E0 1E0 1E0 1E0 1E0 1E0 1E0 1E0 1E0 1E0 1E0 1E0 1E0 1E0 1E0 1E0 1E0 1E0 1E0 1E0 1E0 1E0
-9999 -9999 -9999 -9999 -9999 -9999 -9999 -9999 -9999 -9999 -9999 -9999 -9999 -9999 -9999 -9999 -9999 -9999 -9999 -9999 9.80785E-1 9.93872E-1 9.93976E-1 9.99716E-1 9.99814E-1 1E0 1E0 1E0 1E0 9.99826E-1 9.99955E-1 1E0 9.9983E-1 9.93759E-1 9.96895E-1 9.96744E-1 9.98442E-1 9.94518E-1 9.77736E-1 9.97726E-1 1E0 1E0 9.51571E-1 9.98505E-1 1E0 1E0 1E0 1E0 1E0 1E0 1E0 1E0 1E0 1E0 1E0 1E0 1E0 1E0 1E0 1E0 1E0 1E0 1E0 1E0 1E0 1E0 1E0 1E0 1E0 1E0 1E0 1E0 1E0 1E0
-9999 -9999 -9999 -9999 -9999 -9999 -9999 -9999 -9999 -9999 -9999 -9999 -9999 -9999 -9999 -9999 -9999 -9999 -9999 -9999 9.7934E-1 9.90411E-1 9.97568E-1 9.95261E-1 9.97861E-1 1E0 1E0 1E0 9.99987E-1 9.99999E-1 9.99999E-1 1E0 9.99997E-1 9.99555E-1 9.99972E-1 9.99961E-1 9.87587E-1 9.78836E-1 9.93308E-1 9.98044E-1 9.99995E-1 9.99999E-1 9.66561E-1 9.93475E-1 9.99999E-1 1E0 9.9988E-1 9.99998E-1 1E0 1E0 1E0 1E0 1E0 1E0 1E0 1E0 1E0 1E0 1E0 1E0 1E0 1E0 1E0 1E0 1E0 1E0 1E0 1E0 1E0 1E0 1E0 1E0 1E0 1E0
-9999 -9999 -9999 -9999 -9999 -9999 -9999 -9999 -9999 -9999 -9999 -9999 -9999 -9999 -9999 -9999 -9999 -9999 -9999 -9999 9.99999E-1 9.9772E-1 9.98559E-1 9.99887E-1 9.99999E-1 1E0 1E0 1E0 1E0 9.99983E-1 9.99997E-1 1E0 1E0 9.9999E-1 9.99481E-1 9.90641E-1 9.82788E-1 9.83759E-1 9.96394E-1 9.98103E-1 9.99996E-1 9.99999E-1 9.99928E-1 9.99903E-1 9.99991E-1 9.97912E-1 1E0 1E0 1E0 1E0 1E0 1E0 1E0 1E0 1E0 1E0 1E0 1E0 1E0 1E0 1E0 1E0 1E0 1E0 1E0 1E0 1E0 1E0 1E0 1E0 1E0 1E0 1E0 1E0
-9999 -9999 -9999 -9999 -9999 -9999 -9999 -9999 -9999 -9999 -9999 -9999 -9999 -9999 -9999 -9999 -9999 -9999 -9999 -9999 9.99961E-1 9.99029E-1 9.99763E-1 9.99975E-1 1E0 1E0 1E0 1E0 1E0 1E0 1E0 9.99999E-1 1E0 9.99932E-1 9.9986E-1 9.85262E-1 9.60297E-1 9.33031E-1 8.80817E-1 9.96376E-1 9.99987E-1 9.9999E-1 9.99973E-1 9.99922E-1 9.99981E-1 9.99714E-1 1E0 1E0 1E0 1E0 1E0 1E0 1E0 1E0 1E0 1E0 1E0 1E0 1E0 1E0 1E0 1E0 1E0 1E0 1E0 1E0 1E0 1E0 1E0 1E0 1E0 1E0 1E0 1E0
-9999 -9999 -9999 -9999 -9999 -9999 -9999 -9999 -9999 -9999 -9999 -9999 -9999 -9999 -9999 -9999 -9999 -9999 -9999 -9999 9.99342E-1 9.97801E-1 9.88009E-1 9.97524E-1 9.99967E-1 9.99996E-1 1E0 9.99024E-1 9.99972E-1 9.99998E-1 1E0 1E0 9.99997E-1 9.99987E-1 9.99958E-1 9.99901E-1 9.81486E-1 9.72863E-1 9.70468E-1 9.91715E-1 1E0 1E0 9.99999E-1 9.99548E-1 9.99987E-1 1E0 1E0 9.99999E-1 1E0 1E0 1E0 1E0 1E0 1E0 1E0 1E0 1E0 1E0 1E0 1E0 1E0 1E0 1E0 1E0 1E0 1E0 1E0 1E0 1E0 1E0 1E0 1E0 1E0 1E0
-9999 -9999 -9999 -9999 -9999 -9999 -9999 -9999 -9999 -9999 -9999 -9999 -9999 -9999 -9999 -9999 -9999 -9999 -9999 -9999 9.99763E-1 9.9875E-1 9.99826E-1 9.99775E-1 9.99982E-1 9.9996E-1 1E0 9.99932E-1 9.99955E-1 9.99999E-1 1E0 1E0 1E0 9.99993E-1 1E0 9.99993E-1 9.99563E-1 9.88894E-1 9.97305E-1 9.92937E-1 1E0 1E0 1E0 9.99999E-1 1E0 1E0 1E0 1E0 1E0 1E0 1E0 1E0 1E0 1E0 1E0 1E0 1E0 1E0 1E0 1E0 1E0 1E0 1E0 1E0 1E0 1E0 1E0 1E0 1E0 1E0 1E0 1E0 1E0 1E0
-9999 -9999 -9999 -9999 -9999 -9999 -9999 -9999 -9999 -9999 -9999 -9999 -9999 -9999 -9999 -9999 -9999 -9999 -9999 -9999 9.99997E-1 9.99974E-1 9.99674E-1 9.99756E-1 9.99996E-1 9.99976E-1 1E0 9.99857E-1 9.99992E-1 1E0 1E0 1E0 9.99998E-1 9.99999E-1 1E0 9.99999E-1 9.99934E-1 9.99711E-1 9.95329E-1 9.99287E-1 1E0 1E0 1E0 1E0 1E0 1E0 1E0 1E0 1E0 1E0 1E0 9.99999E-1 1E0 1E0 1E0 1E0 1E0 1E0 1E0 1E0 1E0 1E0 1E0 1E0 1E0 1E0 1E0 1E0 1E0 1E0 1E0 1E0 1E0 1E0
-9999 -9999 -9999 -9999 -9999 -9999 -9999 -9999 -9999 -9999 -9999 -9999 -9999 -9999 -9999 -9999 -9999 -9999 -9999 -9999 9.95292E-1 9.99746E-1 9.99975E-1 9.99992E-1 9.9923E-1 9.99923E-1 1E0 9.9996E-1 9.98735E-1 9.99973E-1 9.99854E-1 9.99995E-1 9.99725E-1 9.99666E-1 9.99967E-1 9.99973E-1 9.99979E-1 9.98967E-1 9.75853E-1 9.91795E-1 9.99461E-1 1E0 1E0 1E0 9.99713E-1 9.99999E-1 1E0 9.9959E-1 9.99824E-1 1E0 1E0 1E0 1E0 1E0 1E0 1E0 1E0 1E0 1E0 1E0 1E0 1E0 1E0 1E0 1E0 1E0 1E0 1E0 1E0 1E0 1E0 1E0 1E0 1E0
-9999 -9999 -9999 -9999 -9999 -9999 -9999 -9999 -9999 -9999 -9999 -9999 -9999 -9999 -9999 -9999 -9999 -9999 -9999 -9999 9.83433E-1 9.96086E-1 9.98949E-1 9.99694E-1 9.99934E-1 1E0 9.99893E-1 9.99996E-1 9.99273E-1 9.99948E-1 9.99784E-1 9.99994E-1 9.99943E-1 9.99999E-1 1E0 1E0 1E0 9.99176E-1 9.92272E-1 9.99014E-1 9.99974E-1 1E0 1E0 1E0 9.99469E-1 1E0 1E0 1E0 1E0 1E0 9.99996E-1 1E0 1E0 1E0 1E0 1E0 1E0 1E0 1E0 1E0 1E0 1E0 1E0 1E0 1E0 1E0 1E0 1E0 1E0 1E0 1E0 1E0 1E0 1E0
-9999 -9999 -9999 -9999 -9999 -9999 -9999 -9999 -9999 -9999 -9999 -9999 -9999 -9999 -9999 -9999 -9999 -9999 -9999 9.7706E-1 9.99932E-1 9.99821E-1 1E0 9.99992E-1 9.99999E-1 1E0 9.99999E-1 1E0 1E0 9.99999E-1 9.99994E-1 9.99814E-1 9.99635E-1 9.97517E-1 1E0 1E0 1E0 9.99968E-1 9.99938E-1 9.98743E-1 9.99995E-1 1E0 1E0 1E0 9.98443E-1 9.99918E-1 9.99999E-1 1E0 9.99999E-1 1E0 1E0 1E0 1E0 1E0 1E0 1E0 1E0 1E0 1E0 1E0 1E0 1E0 1E0 1E0 1E0 1E0 1E0 1E0 1E0 1E0 1E0 1E0 1E0 1E0
-9999 -9999 -9999 -9999 -9999 -9999 -9999 -9999 -9999 -9999 -9999 -9999 -9999 -9999 -9999 -9999 -9999 -9999 -9999 9.96468E-1 1E0 9.99998E-1 1E0 1E0 9.99971E-1 9.99857E-1 9.99968E-1 1E0 1E0 9.99993E-1 9.99798E-1 9.9901E-1 9.66282E-1 9.81441E-1 9.99901E-1 9.99999E-1 1E0 9.99999E-1 9.9973E-1 9.98402E-1 9.99075E-1 9.99864E-1 9.99983E-1 9.99992E-1 9.99997E-1 1E0 1E0 9.99993E-1 1E0 9.99998E-1 1E0 1E0 1E0 1E0 1E0 1E0 1E0 1E0 1E0 1E0 1E0 1E0 1E0 1E0 1E0 1E0 1E0 1E0 1E0 1E0 1E0 1E0 1E0 1E0
-9999 -9999 -9999 -9999 -9999 -9999 -9999 -9999 -9999 -9999 -9999 -9999 -9999 -9999 -9999 -9999 -9999 -9999 -9999 9.80838E-1 9.99986E-1 9.99592E-1 1E0 1E0 1E0 1E0 1E0 9.9997E-1 1E0 9.99991E-1 9.99975E-1 9.86797E-1 9.85895E-1 9.99987E-1 1E0 1E0 1E0 1E0 9.99903E-1 9.98686E-1 9.99914E-1 9.99948E-1 9.99235E-1 9.98815E-1 1E0 1E0 1E0 1E0 1E0 1E0 1E0 1E0 1E0 9.99981E-1 1E0 1E0 1E0 1E0 1E0 1E0 1E0 1E0 1E0 1E0 1E0 1E0 1E0 1E0 1E0 1E0 1E0 1E0 1E0 1E0
-9999 -9999 -9999 -9999 -9999 -9999 -9999 -9999 -9999 -9999 -9999 -9999 -9999 -9999 -9999 -9999 -9999 -9999 9.82106E-1 9.97685E-1 9.99172E-1 9.95523E-1 9.99997E-1 9.98984E-1 9.98011E-1 9.99999E-1 9.99986E-1 9.99999E-1 1E0 1E0 1E0 9.9701E-1 9.94341E-1 9.99276E-1 1E0 1E0 9.99999E-1 9.99999E-1 9.99564E-1 9.99994E-1 9.99996E-1 9.99996E-1 9.99999E-1 9.99999E-1 1E0 1E0 1E0 1E0 1E0 9.99999E-1 1E0 1E0 1E0 1E0 1E0 1E0 1E0 1E0 1E0 1E0 1E0 1E0 1E0 1E0 1E0 1E0 1E0 1E0 1E0 1E0 1E0 1E0 1E0 1E0
-9999 -9999 -9999 -9999 -9999 -9999 -9999 -9999 -9999 -9999 -9999 -9999 -9999 -9999 -9999 -9999 -9999 -9999 9.87397E-1 9.98192E-1 9.99976E-1 9.9991E-1 9.90205E-1 9.96904E-1 9.71374E-1 9.97707E-1 9.83988E-1 9.96553E-1 9.99909E-1 9.99995E-1 9.99871E-1 9.86336E-1 9.61024E-1 9.97573E-1 1E0 1E0 9.99872E-1 9.99998E-1 9.99974E-1 1E0 1E0 9.99988E-1 1E0 1E0 1E0 1E0 1E0 1E0 1E0 1E0 1E0 1E0 9.99998E-1 1E0 1E0 1E0 1E0 1E0 1E0 1E0 1E0 1E0 1E0 1E0 1E0 1E0 1E0 1E0 1E0 1E0 1E0 1E0 1E0 1E0
-9999 -9999 -9999 -9999 -9999 -9999 -9999 -9999 -9999 -9999 -9999 -9999 -9999 -9999 -9999 -9999 -9999 9.95954E-1 9.95248E-1 9.99577E-1 9.99975E-1 9.99755E-1 9.99826E-1 9.99989E-1 9.9941E-1 9.98128E-1 9.92223E-1 8.99409E-1 9.39984E-1 9.41662E-1 9.09014E-1 8.9427E-1 5.98141E-1 7.69142E-1 9.99948E-1 1E0 9.99997E-1 9.99971E-1 9.99898E-1 9.99836E-1 9.99956E-1 9.99476E-1 1E0 1E0 1E0 1E0 1E0 1E0 1E0 1E0 1E0 9.99999E-1 1E0 1E0 9.99998E-1 1E0 1E0 1E0 1E0 1E0 1E0 1E0 1E0 1E0 1E0 1E0 1E0 1E0 1E0 1E0 1E0 1E0 1E0 1E0
-9999 -9999 -9999 -9999 -9999 -9999 -9999 -9999 -9999 -9999 -9999 -9999 -9999 -9999 -9999 -9999 -9999 9.99775E-1 9.99375E-1 9.99952E-1 9.99993E-1 9.99373E-1 9.99992E-1 9.99015E-1 9.88269E-1 9.90453E-1 9.51863E-1 8.87568E-1 8.25215E-1 9.39867E-1 7.89307E-1 7.36494E-1 8.96561E-1 8.2583E-1 9.90715E-1 9.99991E-1 9.99989E-1 9.99806E-1 9.99396E-1 9.98602E-1 9.99115E-1 9.99806E-1 1E0 1E0 1E0 1E0 1E0 1E0 1E0 1E0 1E0 9.99997E-1 1E0 1E0 1E0 1E0 1E0 1E0 1E0 1E0 1E0 1E0 1E0 1E0 1E0 1E0 1E0 1E0 1E0 1E0 1E0 1E0 1E0 1E0
-9999 -9999 -9999 -9999 -9999 -9999 -9999 -9999 -9999 -9999 -9999 -9999 -9999 -9999 -9999 -9999 -9999 1E0 9.99974E-1 9.99999E-1 1E0 9.95624E-1 9.7943E-1 9.78073E-1 9.5663E-1 9.9934E-1 9.4188E-1 8.49447E-1 9.00995E-1 8.85849E-1 7.9455E-1 7.30005E-1 7.57811E-1 7.80136E-1 8.2384E-1 9.65422E-1 9.99717E-1 9.99998E-1 1E0 9.96603E-1 9.98716E-1 1E0 1E0 1E0 1E0 1E0 1E0 1E0 1E0 1E0 1E0 1E0 1E0 1E0 1E0 1E0 1E0 1E0 1E0 1E0 1E0 1E0 1E0 1E0 1E0 1E0 1E0 1E0 1E0 1E0 1E0 1E0 1E0 1E0
-9999 -9999 -9999 -9999 -9999 -9999 -9999 -9999 -9999 -9999 -9999 -9999 -9999 -9999 -9999 -9999 9.99993E-1 1E0 9.95186E-1 9.99451E-1 9.99998E-1 9.98883E-1 9.27411E-1 8.53566E-1 8.19627E-1 9.49157E-1 9.5773E-1 8.38818E-1 8.63802E-1 9.24251E-1 9.23989E-1 9.12409E-1 8.03975E-1 8.52539E-1 9.36466E-1 9.99781E-1 1E0 9.99757E-1 9.99995E-1 9.99903E-1 9.99704E-1 1E0 1E0 1E0 1E0 1E0 1E0 1E0 1E0 1E0 1E0 1E0 9.99997E-1 1E0 1E0 1E0 1E0 1E0 1E0 1E0 1E0 1E0 1E0 1E0 1E0 1E0 1E0 1E0 1E0 1E0 1E0 1E0 1E0 1E0
-9999 -9999 -9999 -9999 -9999 -9999 -9999 -9999 -9999 -9999 -9999 -9999 -9999 -9999 -9999 9.99835E-1 1E0 9.99999E-1 9.99998E-1 9.99535E-1 9.99528E-1 9.99944E-1 9.19595E-1 7.27845E-1 9.12276E-1 9.75895E-1 9.95203E-1 9.89177E-1 9.9704E-1 9.97316E-1 9.97619E-1 9.86635E-1 9.4837E-1 9.76653E-1 9.90435E-1 1E0 1E0 1E0 9.99539E-1 9.99999E-1 9.9915E-1 1E0 1E0 1E0 1E0 1E0 1E0 1E0 1E0 1E0 1E0 1E0 9.99995E-1 1E0 1E0 1E0 1E0 1E0 1E0 1E0 1E0 1E0 1E0 1E0 1E0 1E0 1E0 1E0 1E0 1E0 1E0 1E0 1E0 1E0
