ENM/Final_Models/M_2_F_lq_Set_1_EC/Gustavia_santanderiensis_7_Choco.asc
ncols         367
nrows         963
xllcorner     -78.6
yllcorner     0.65
cellsize      0.00833333333333323
NODATA_value  -9999
[rows 132 to 164 of 963, columns 74 to 147 of 367]
-9999 -9999 -9999 -9999 -9999 -9999 -9999 -9999 -9999 -9999 -9999 -9999 -9999 -9999 -9999 -9999 -9999 -9999 -9999 -9999 -9999 -9999 -9999 -9999 -9999 -9999 -9999 -9999 -9999 -9999 -9999 -9999 -9999 -9999 8.30537E-4 8.01819E-4 -9999 -9999 -9999 -9999 -9999 -9999 -9999 -9999 -9999 -9999 -9999 -9999 -9999 -9999 -9999 -9999 -9999 -9999 -9999 -9999 -9999 -9999 -9999 -9999 -9999 -9999 1.89717E-3 1.14084E-3 1.19594E-3 1.88632E-4 1.2075E-3 2.08449E-3 1.0737E-3 8.17253E-4 1.88354E-3 4.9694E-4 2.73482E-3 9.87896E-4
-9999 -9999 -9999 -9999 -9999 -9999 -9999 -9999 -9999 -9999 -9999 -9999 -9999 -9999 -9999 -9999 -9999 -9999 -9999 -9999 -9999 -9999 -9999 -9999 -9999 -9999 -9999 -9999 -9999 -9999 -9999 -9999 -9999 -9999 6.46634E-4 8.02011E-4 2.69414E-4 -9999 -9999 -9999 -9999 -9999 -9999 -9999 -9999 -9999 -9999 -9999 -9999 -9999 -9999 -9999 -9999 -9999 -9999 -9999 -9999 -9999 -9999 -9999 6.95171E-4 5.93349E-4 1.27912E-3 1.64574E-3 8.09094E-4 1.07921E-3 9.36781E-4 2.73145E-3 1.34789E-3 1.78799E-3 1.77744E-3 3.61727E-3 2.22178E-3 2.08238E-3
-9999 -9999 -9999 -9999 -9999 -9999 -9999 -9999 -9999 -9999 -9999 -9999 -9999 -9999 -9999 -9999 -9999 -9999 -9999 -9999 -9999 -9999 -9999 -9999 -9999 -9999 -9999 -9999 -9999 -9999 -9999 -9999 -9999 -9999 2.5672E-4 8.09942E-4 8.92878E-4 8.48577E-4 -9999 -9999 -9999 -9999 -9999 -9999 -9999 -9999 -9999 -9999 -9999 -9999 -9999 -9999 -9999 -9999 -9999 -9999 -9999 -9999 -9999 7.5425E-4 7.95273E-4 7.66403E-4 8.39273E-4 9.74626E-4 5.80399E-4 9.67379E-4 1.07988E-3 1.72948E-3 1.37778E-3 1.4587E-3 2.92867E-3 1.98126E-3 8.34261E-4 1.31134E-3
-9999 -9999 -9999 -9999 -9999 -9999 -9999 -9999 -9999 -9999 -9999 -9999 -9999 -9999 -9999 -9999 -9999 -9999 -9999 -9999 -9999 -9999 -9999 -9999 -9999 -9999 -9999 -9999 -9999 -9999 -9999 -9999 -9999 -9999 1.25706E-3 5.60693E-4 2.00221E-3 2.90703E-4 3.87503E-4 4.83907E-4 4.57939E-4 1.44295E-3 5.76872E-4 -9999 -9999 -9999 -9999 -9999 -9999 -9999 -9999 -9999 -9999 -9999 -9999 -9999 -9999 -9999 -9999 2.27483E-3 8.32269E-4 7.99347E-4 4.76441E-4 1.28968E-3 4.97869E-4 2.88787E-4 6.63675E-4 2.15351E-3 2.40578E-3 2.06006E-3 4.15688E-3 4.29405E-4 2.03998E-4 4.41881E-4
-9999 -9999 -9999 -9999 -9999 -9999 -9999 -9999 -9999 -9999 -9999 -9999 -9999 -9999 -9999 -9999 -9999 -9999 -9999 -9999 -9999 -9999 -9999 -9999 -9999 -9999 -9999 -9999 -9999 -9999 -9999 -9999 -9999 -9999 -9999 6.87036E-4 7.23778E-4 1.4456E-4 1.42503E-4 8.61755E-4 1.04463E-3 1.21848E-3 4.85087E-4 4.64676E-4 -9999 -9999 -9999 -9999 -9999 -9999 -9999 -9999 -9999 -9999 -9999 -9999 -9999 -9999 2.1895E-3 1.01588E-3 6.70788E-4 4.29639E-4 7.87896E-4 1.43396E-3 8.44743E-4 1.83908E-4 9.20427E-4 1.25308E-3 7.46123E-4 1.03751E-3 1.10728E-3 1.45377E-4 2.5401E-4 1.07993E-3
-9999 -9999 -9999 -9999 -9999 -9999 -9999 -9999 -9999 -9999 -9999 -9999 -9999 -9999 -9999 -9999 -9999 -9999 -9999 -9999 -9999 -9999 -9999 -9999 -9999 -9999 -9999 -9999 -9999 -9999 -9999 -9999 -9999 -9999 -9999 4.253E-4 5.90944E-4 3.43715E-4 6.32278E-4 7.75306E-4 1.10179E-3 7.12267E-4 1.88331E-3 5.88869E-4 -9999 -9999 -9999 -9999 -9999 -9999 -9999 -9999 -9999 -9999 -9999 -9999 -9999 3.19065E-3 1.57627E-3 1.07384E-3 7.36898E-4 5.75088E-4 1.06147E-3 9.71323E-4 2.49532E-3 9.49779E-4 8.27059E-4 7.32172E-4 1.01319E-3 1.79748E-3 1.01101E-3 4.00529E-4 3.52785E-4 7.1303E-4
-9999 -9999 -9999 -9999 -9999 -9999 -9999 -9999 -9999 -9999 -9999 -9999 -9999 -9999 -9999 -9999 -9999 -9999 -9999 -9999 -9999 -9999 -9999 -9999 -9999 -9999 -9999 -9999 -9999 -9999 -9999 -9999 -9999 -9999 2.34629E-4 4.55601E-5 5.11504E-4 9.70169E-5 5.24018E-4 6.80493E-4 1.01557E-3 7.86532E-4 9.3384E-4 1.28712E-4 1.33666E-4 -9999 -9999 -9999 -9999 -9999 -9999 -9999 -9999 6.63658E-3 1.32606E-2 8.94587E-3 1.39851E-3 2.0606E-3 2.84042E-3 1.22839E-3 1.65395E-3 1.61561E-3 3.84373E-3 2.1428E-3 1.24328E-3 1.06226E-3 7.69163E-4 1.05488E-3 1.27083E-3 1.17745E-3 9.83525E-4 1.74526E-3 8.5655E-4 1.177E-3
-9999 -9999 -9999 -9999 -9999 -9999 -9999 -9999 -9999 -9999 -9999 -9999 -9999 -9999 -9999 -9999 -9999 -9999 -9999 -9999 -9999 -9999 -9999 -9999 -9999 -9999 -9999 -9999 -9999 -9999 -9999 -9999 -9999 -9999 1.4942E-4 2.36991E-4 5.9225E-5 1.11904E-3 1.57945E-4 1.18412E-3 7.53508E-4 1.16763E-3 2.38408E-3 3.02814E-4 4.56394E-4 -9999 -9999 -9999 -9999 -9999 -9999 -9999 6.36292E-3 8.91986E-3 8.94704E-3 5.44732E-3 4.23814E-3 2.83717E-3 1.51329E-3 1.95265E-3 8.12164E-4 1.57743E-3 1.09746E-3 1.24107E-3 1.49776E-3 8.98565E-4 1.27317E-3 1.06739E-3 7.01473E-4 1.03703E-3 1.14983E-3 1.19921E-3 7.36497E-4 1.361E-3
-9999 -9999 -9999 -9999 -9999 -9999 -9999 -9999 -9999 -9999 -9999 -9999 -9999 -9999 -9999 -9999 -9999 -9999 -9999 -9999 -9999 -9999 -9999 -9999 -9999 -9999 -9999 -9999 -9999 -9999 -9999 -9999 -9999 2.06732E-4 1.80882E-4 3.48237E-4 8.22243E-5 8.16368E-4 7.96444E-4 1.12962E-3 1.26295E-3 1.36661E-3 1.51564E-3 1.03501E-3 1.37896E-3 -9999 -9999 -9999 -9999 -9999 -9999 -9999 1.36272E-2 8.87635E-3 6.50827E-3 4.48687E-3 5.03675E-3 9.35267E-4 1.63125E-3 2.25547E-3 1.51656E-3 6.7462E-4 3.21742E-4 1.63874E-3 1.82491E-3 1.30987E-3 1.13429E-3 9.90445E-4 8.11688E-4 1.97509E-3 1.74601E-3 4.76913E-4 9.61968E-4 1.8592E-3
-9999 -9999 -9999 -9999 -9999 -9999 -9999 -9999 -9999 -9999 -9999 -9999 -9999 -9999 -9999 -9999 -9999 -9999 -9999 -9999 -9999 -9999 -9999 -9999 -9999 -9999 -9999 -9999 -9999 -9999 -9999 -9999 -9999 2.75457E-4 2.05016E-4 2.42155E-4 2.90582E-4 1.59771E-4 1.44263E-4 1.73606E-4 1.12461E-3 1.46332E-3 3.53172E-3 8.64077E-4 1.0852E-3 -9999 -9999 -9999 -9999 -9999 -9999 -9999 1.37081E-2 8.70682E-3 5.36586E-3 4.51828E-3 7.38085E-3 7.59778E-4 5.53506E-4 1.90334E-3 4.3297E-3 1.26068E-3 8.48584E-4 1.63925E-3 3.37622E-3 1.32816E-3 8.8663E-4 9.34046E-4 6.33186E-4 9.13948E-4 1.03576E-3 4.28449E-4 1.02899E-3 1.93781E-3
-9999 -9999 -9999 -9999 -9999 -9999 -9999 -9999 -9999 -9999 -9999 -9999 -9999 -9999 -9999 -9999 -9999 -9999 -9999 -9999 -9999 -9999 -9999 -9999 -9999 -9999 -9999 -9999 -9999 -9999 -9999 -9999 9.83405E-5 1.7977E-4 1.99387E-4 2.82263E-4 3.39264E-4 8.26824E-4 2.52727E-3 1.83893E-3 1.71086E-3 2.36083E-3 2.74341E-3 1.42531E-3 4.71889E-4 -9999 -9999 -9999 -9999 -9999 -9999 -9999 1.8897E-2 6.94087E-3 3.3381E-3 2.46953E-3 1.92965E-3 5.70461E-4 2.27175E-3 8.64258E-4 3.62978E-4 1.1583E-3 3.76057E-4 1.63092E-3 1.42187E-3 1.11902E-3 1.04486E-3 9.68716E-4 6.47183E-4 7.24398E-4 8.87824E-4 9.39965E-4 7.80149E-4 2.66944E-4
-9999 -9999 -9999 -9999 -9999 -9999 -9999 -9999 -9999 -9999 -9999 -9999 -9999 -9999 -9999 -9999 -9999 -9999 -9999 -9999 -9999 -9999 -9999 -9999 -9999 -9999 -9999 -9999 -9999 -9999 -9999 1.70046E-4 9.59385E-5 1.89252E-4 6.79497E-5 2.53227E-4 4.27071E-4 4.31088E-4 1.93504E-3 3.967E-3 1.68996E-3 3.85656E-3 2.03008E-3 1.43718E-3 1.21251E-3 -9999 -9999 -9999 -9999 -9999 -9999 -9999 -9999 1.92479E-2 6.64369E-3 3.61721E-3 4.58364E-3 1.48241E-3 3.30224E-4 1.3293E-3 9.24476E-4 3.27478E-4 9.27598E-4 2.03363E-3 6.61632E-4 6.11738E-4 2.66261E-4 3.0241E-4 4.19586E-4 6.03367E-4 5.27474E-4 7.55017E-4 6.56322E-4 9.52824E-4
-9999 -9999 -9999 -9999 -9999 -9999 -9999 -9999 -9999 -9999 -9999 -9999 -9999 -9999 -9999 -9999 -9999 -9999 -9999 -9999 -9999 -9999 -9999 -9999 -9999 -9999 3.26108E-6 1.14548E-4 2.98831E-4 7.0581E-5 7.06705E-5 1.98256E-4 1.30606E-4 9.7374E-5 1.19924E-4 1.22163E-4 8.97367E-4 1.11774E-3 2.51986E-3 2.19353E-3 3.58596E-3 6.8673E-3 9.6397E-4 3.54452E-3 1.46786E-3 -9999 -9999 -9999 -9999 -9999 -9999 -9999 -9999 3.61302E-2 1.41316E-2 5.79727E-3 2.89873E-3 2.73235E-3 1.5477E-3 1.77522E-3 1.97919E-3 5.15703E-4 1.67349E-3 8.57031E-4 9.05425E-4 6.99828E-4 2.91275E-4 4.47277E-4 4.66077E-4 1.57676E-3 1.40794E-3 1.62748E-3 6.81495E-4 2.35238E-3
-9999 -9999 -9999 -9999 -9999 -9999 -9999 -9999 -9999 -9999 -9999 -9999 -9999 -9999 -9999 -9999 -9999 -9999 -9999 -9999 -9999 -9999 -9999 -9999 -9999 5.82035E-6 4.72771E-6 5.1083E-6 9.30477E-5 1.26472E-4 4.02688E-5 3.70917E-4 2.43349E-4 1.8026E-4 1.69132E-4 1.10901E-4 2.48563E-4 3.01822E-4 5.06862E-4 1.12956E-3 1.14111E-3 3.74837E-3 2.79332E-3 3.20356E-3 2.62471E-3 -9999 -9999 -9999 -9999 -9999 -9999 -9999 -9999 2.53724E-2 8.63981E-3 1.53051E-3 1.50914E-3 5.95154E-4 7.59587E-4 7.84988E-4 9.62077E-4 1.1938E-3 1.50901E-3 4.91023E-4 3.64366E-4 2.67844E-4 4.82703E-4 4.93036E-4 1.19275E-3 6.67328E-4 1.53066E-3 1.418E-3 4.72112E-4 1.91755E-3
-9999 -9999 -9999 -9999 -9999 -9999 -9999 -9999 -9999 -9999 -9999 -9999 -9999 -9999 -9999 -9999 -9999 -9999 -9999 -9999 -9999 -9999 -9999 -9999 -9999 2.8556E-5 5.95709E-5 4.6961E-6 3.61572E-6 1.41227E-4 2.18016E-4 6.39402E-4 2.88514E-4 2.07482E-4 2.32729E-4 3.48577E-4 7.84876E-4 9.09209E-4 4.68517E-4 8.53483E-4 1.04656E-3 5.64846E-3 4.20882E-3 4.57505E-3 2.40428E-3 -9999 -9999 -9999 -9999 -9999 -9999 -9999 -9999 7.81032E-3 1.79886E-3 1.50109E-3 4.46947E-3 3.23542E-3 9.10436E-4 1.01715E-3 1.29768E-3 7.59199E-4 5.50856E-4 5.59833E-4 2.30533E-4 2.28884E-4 3.75148E-4 4.08781E-4 1.07302E-3 1.57395E-3 1.46529E-3 1.04024E-3 7.84185E-4 2.06885E-3
-9999 -9999 -9999 -9999 -9999 -9999 -9999 -9999 -9999 -9999 -9999 -9999 -9999 -9999 -9999 -9999 -9999 -9999 -9999 -9999 -9999 -9999 -9999 -9999 -9999 2.30885E-5 4.72748E-4 2.47112E-4 7.6486E-6 1.76564E-4 2.87489E-4 7.93918E-4 6.46505E-4 2.99818E-4 2.52077E-4 5.73519E-4 1.4078E-3 2.14551E-3 1.47482E-3 1.37881E-3 1.67596E-3 3.74276E-3 3.86998E-3 3.74553E-3 1.98466E-3 1.00297E-2 -9999 -9999 -9999 -9999 -9999 -9999 1.99358E-2 7.45321E-3 7.94164E-4 3.59118E-4 1.10203E-3 1.46844E-3 5.05107E-4 5.49173E-4 5.39926E-4 7.02571E-4 4.32996E-4 4.85455E-4 2.90118E-4 2.85254E-4 3.44654E-4 5.50868E-4 1.11099E-3 7.93492E-4 9.35339E-4 5.65231E-4 1.03569E-3 1.92103E-3
-9999 -9999 -9999 -9999 -9999 -9999 -9999 -9999 -9999 -9999 -9999 -9999 -9999 -9999 -9999 -9999 -9999 -9999 -9999 -9999 -9999 -9999 -9999 -9999 -9999 1.67761E-4 2.02911E-4 1.66768E-4 9.94175E-5 4.69723E-4 7.13067E-4 4.93638E-4 2.5124E-4 2.7203E-4 4.11291E-4 4.24128E-4 1.67209E-3 2.03336E-3 1.19289E-3 9.29631E-4 8.95818E-4 2.01382E-3 3.63583E-3 3.35189E-3 1.11174E-2 1.66791E-2 9.92201E-3 8.10966E-3 -9999 2.32146E-2 4.32456E-2 2.81238E-2 1.9975E-2 6.34634E-3 1.60753E-3 4.45924E-4 1.3182E-3 1.86208E-3 3.90525E-4 4.27436E-4 1.15199E-3 7.70232E-4 4.16377E-4 5.47066E-4 4.40059E-4 4.27027E-4 6.22783E-4 1.12078E-3 5.39871E-4 1.08779E-3 1.66031E-3 1.20845E-3 1.02155E-3 1.31855E-3
-9999 -9999 -9999 -9999 -9999 -9999 -9999 -9999 -9999 -9999 -9999 -9999 -9999 -9999 -9999 -9999 -9999 -9999 -9999 -9999 -9999 -9999 -9999 -9999 -9999 6.52557E-5 1.49606E-4 2.85966E-4 2.45804E-4 2.38726E-4 5.26339E-4 1.00306E-3 4.70162E-4 3.86264E-4 3.62389E-4 5.62834E-4 7.03686E-4 8.01961E-4 9.50597E-4 2.39382E-3 2.61247E-3 3.13719E-3 2.77237E-3 4.93273E-3 1.75009E-2 1.10146E-2 1.15988E-2 1.22223E-2 1.87343E-2 2.64099E-2 4.43786E-2 2.63561E-2 4.25412E-2 3.89696E-3 1.65884E-3 1.45118E-3 1.07402E-3 1.80296E-3 7.65817E-4 5.48979E-4 8.86508E-4 1.35194E-3 1.47861E-3 5.93105E-4 6.13889E-4 1.38022E-3 6.65396E-4 1.08743E-3 2.31768E-4 4.3024E-4 9.46537E-4 1.24934E-3 5.24898E-4 1.14004E-3
-9999 -9999 -9999 -9999 -9999 -9999 -9999 -9999 -9999 -9999 -9999 -9999 -9999 -9999 -9999 -9999 -9999 -9999 -9999 -9999 -9999 -9999 -9999 -9999 -9999 -9999 1.26474E-4 5.79441E-5 1.046E-4 1.37553E-4 3.76829E-4 3.44515E-4 3.96706E-4 -9999 4.13014E-4 3.71325E-4 1.00672E-3 2.68876E-3 1.09746E-3 1.44395E-3 4.52211E-3 3.61778E-3 3.97221E-3 7.97906E-3 2.14528E-2 1.14088E-2 2.04836E-2 3.37013E-2 6.63627E-2 4.07827E-2 5.37097E-3 5.41018E-3 1.10695E-2 8.49854E-3 3.84931E-3 1.90542E-3 1.43134E-3 1.80409E-3 2.02257E-3 8.32107E-4 9.30892E-4 1.82806E-3 1.17842E-3 1.25901E-3 4.39171E-4 1.14264E-3 9.42463E-4 9.82824E-4 7.66926E-4 5.12133E-4 1.08561E-3 8.84298E-4 1.0656E-3 7.99429E-4
-9999 -9999 -9999 -9999 -9999 -9999 -9999 -9999 -9999 -9999 -9999 -9999 -9999 -9999 -9999 -9999 -9999 -9999 -9999 -9999 -9999 -9999 -9999 -9999 -9999 1.15527E-4 1.92069E-4 3.47603E-4 1.24306E-4 2.06404E-4 5.22035E-4 4.37185E-4 2.13279E-4 -9999 -9999 2.8237E-4 1.29193E-3 1.35438E-3 1.89655E-3 2.57498E-3 2.7762E-3 3.86549E-3 8.89323E-3 7.90929E-2 1.52565E-2 2.33149E-2 3.57186E-2 5.74815E-2 3.4128E-2 9.15355E-3 3.90073E-3 7.73052E-4 3.42152E-3 3.22964E-3 1.88523E-3 7.65026E-4 5.67827E-4 8.22098E-4 1.85279E-3 2.45678E-3 2.59632E-3 3.15277E-3 1.86155E-3 7.29595E-4 8.23335E-4 7.02469E-4 1.00865E-3 1.37798E-3 1.75737E-3 1.05973E-3 1.22158E-3 6.61257E-4 5.67886E-4 3.32422E-4
-9999 -9999 -9999 -9999 -9999 -9999 -9999 -9999 -9999 -9999 -9999 -9999 -9999 -9999 -9999 -9999 -9999 -9999 -9999 -9999 -9999 -9999 -9999 -9999 -9999 7.20054E-5 1.84705E-4 4.12203E-4 2.97399E-4 2.61277E-4 4.38008E-4 3.33809E-4 2.32204E-4 -9999 -9999 5.11035E-4 2.41379E-3 2.55297E-3 2.33779E-3 3.50164E-3 4.12295E-3 6.29046E-3 6.21944E-2 5.47097E-2 2.27433E-2 1.24095E-2 1.7791E-2 2.43557E-2 1.23889E-2 3.26601E-3 2.91775E-3 3.5219E-3 1.22953E-3 1.05751E-3 8.9154E-4 2.1397E-3 8.36902E-4 1.07629E-3 2.85267E-3 1.30451E-3 1.56854E-3 1.09635E-3 4.54316E-3 5.26984E-4 7.14329E-4 8.21777E-4 8.73915E-4 4.5684E-4 1.44736E-3 1.17742E-3 5.12987E-4 6.0141E-4 6.56835E-4 8.22956E-4
-9999 -9999 -9999 -9999 -9999 -9999 -9999 -9999 -9999 -9999 -9999 -9999 -9999 -9999 -9999 -9999 -9999 -9999 -9999 -9999 -9999 2.00451E-4 -9999 1.28552E-4 1.32718E-4 2.78316E-5 7.59152E-5 3.19816E-4 1.93591E-4 2.84731E-4 4.26378E-4 4.41314E-4 4.76333E-4 -9999 -9999 -9999 1.17562E-3 1.70838E-3 4.98067E-3 5.4754E-3 4.19393E-3 5.11266E-3 7.00453E-2 7.2139E-2 3.38265E-2 8.52722E-3 1.2048E-2 2.04964E-2 3.12613E-3 3.41217E-3 5.58447E-4 9.10785E-4 3.76891E-4 2.61521E-4 2.10674E-4 6.87969E-4 4.99272E-4 8.55624E-4 2.35551E-3 1.73847E-3 1.83716E-3 3.31801E-4 6.22666E-4 1.24263E-3 3.72647E-4 5.64812E-4 5.43759E-4 7.01503E-4 7.80282E-4 8.85224E-4 6.41016E-4 8.21124E-4 1.21486E-3 1.93813E-3
-9999 -9999 -9999 -9999 -9999 -9999 -9999 -9999 -9999 -9999 -9999 -9999 -9999 -9999 -9999 -9999 -9999 -9999 -9999 -9999 4.05399E-4 1.61525E-4 1.77645E-4 1.97379E-4 1.22598E-4 5.10299E-5 8.63409E-5 1.37359E-4 1.32574E-4 4.8298E-4 5.6822E-4 1.02393E-3 8.62314E-4 -9999 -9999 -9999 1.52409E-3 4.73306E-3 3.3787E-3 5.16501E-3 3.69867E-3 6.70931E-3 7.89933E-2 1.2339E-1 7.46875E-2 1.7215E-2 2.79551E-2 2.13347E-2 3.40735E-3 1.6561E-3 2.16133E-3 1.7668E-3 9.13813E-4 7.70566E-4 1.24344E-3 1.28549E-3 1.09425E-3 1.18101E-3 2.08549E-3 2.50874E-3 1.4622E-3 1.70915E-3 1.40652E-3 4.48718E-4 7.8373E-4 7.39057E-4 1.12297E-3 1.2259E-3 2.2513E-3 1.06085E-3 8.05861E-4 1.42816E-3 1.35197E-3 1.32674E-3
-9999 -9999 -9999 -9999 -9999 -9999 -9999 -9999 -9999 -9999 -9999 -9999 -9999 -9999 -9999 -9999 -9999 -9999 -9999 -9999 2.8441E-4 1.40814E-4 1.24514E-4 1.45966E-4 2.21015E-4 1.71783E-4 2.25874E-4 1.27828E-4 1.43156E-4 1.67329E-4 4.28988E-4 1.28124E-4 1.71676E-4 -9999 -9999 -9999 1.87685E-3 5.87683E-3 6.41693E-3 3.33556E-3 3.4007E-3 5.55988E-3 4.74164E-2 6.2283E-2 8.28314E-2 2.80355E-2 7.36239E-3 9.54882E-3 1.12E-3 2.7523E-3 2.51628E-3 1.35298E-3 9.36742E-5 2.81406E-4 3.39173E-4 4.7445E-4 8.83801E-4 3.82528E-4 1.15764E-4 1.3567E-4 1.10206E-4 1.30255E-4 6.79829E-4 1.63932E-3 1.49884E-3 1.31188E-3 1.97895E-3 2.19342E-3 1.36309E-3 1.35225E-3 1.14192E-3 1.02187E-3 2.30405E-4 4.50784E-4
-9999 -9999 -9999 -9999 -9999 -9999 -9999 -9999 -9999 -9999 -9999 -9999 -9999 -9999 -9999 -9999 -9999 -9999 -9999 -9999 2.47208E-4 1.43639E-4 5.64038E-5 6.24908E-5 1.05109E-4 1.15084E-4 1.52408E-4 1.42138E-4 1.47876E-4 1.43054E-4 2.96158E-4 1.68875E-4 3.91646E-4 -9999 -9999 -9999 2.04392E-3 2.61934E-3 1.78719E-3 1.82029E-3 6.12605E-3 2.18189E-2 2.92908E-2 3.4332E-2 2.54788E-2 1.31513E-2 5.71608E-3 1.35724E-3 5.99138E-4 8.98094E-4 8.98305E-4 1.17081E-4 3.06767E-4 9.37363E-5 7.60257E-5 8.29336E-4 5.82801E-4 6.37827E-4 4.48914E-4 6.35685E-4 8.0305E-4 6.30827E-4 5.20319E-4 1.32996E-4 1.24394E-3 3.96778E-4 1.31207E-3 1.17457E-3 9.60829E-4 7.50758E-4 1.09423E-3 5.3595E-4 3.87666E-4 1.96534E-3
-9999 -9999 -9999 -9999 -9999 -9999 -9999 -9999 -9999 -9999 -9999 -9999 -9999 -9999 -9999 -9999 -9999 -9999 -9999 6.90416E-4 6.18919E-4 1.72329E-4 7.13263E-5 1.47577E-4 4.57702E-4 3.70088E-4 2.9072E-4 1.68898E-4 3.20935E-4 2.71753E-4 2.12832E-4 1.23011E-4 2.31966E-4 3.32401E-4 -9999 -9999 -9999 1.9727E-3 2.19556E-3 3.46512E-3 2.97768E-3 3.89063E-3 1.4255E-2 3.57047E-2 3.80006E-2 2.30477E-2 7.99045E-3 1.11471E-3 7.55708E-4 4.08694E-4 1.15988E-4 6.0058E-5 4.92014E-4 5.75692E-4 5.49514E-4 4.21838E-4 7.29627E-4 4.48753E-4 1.51547E-3 1.27837E-3 6.86402E-4 5.86765E-4 4.02534E-4 1.16901E-4 8.51881E-4 5.80226E-4 5.48826E-4 2.9712E-4 2.20498E-3 4.95636E-4 8.49875E-4 8.38721E-4 2.32737E-3 3.18271E-3
-9999 -9999 -9999 -9999 -9999 -9999 -9999 -9999 -9999 -9999 -9999 -9999 -9999 -9999 -9999 -9999 -9999 -9999 -9999 1.76808E-4 1.43117E-4 3.05762E-4 1.12814E-4 1.67349E-4 1.82004E-4 2.15614E-4 1.30739E-4 4.3024E-4 3.91369E-4 3.68964E-4 5.26522E-4 2.29552E-4 3.54608E-4 1.18827E-3 -9999 -9999 -9999 1.0626E-3 1.26205E-3 3.29544E-3 2.57808E-3 6.42404E-3 8.4017E-3 2.23783E-2 5.10308E-2 1.78419E-2 6.78939E-3 1.55036E-3 9.50758E-4 5.38839E-4 8.90976E-4 2.92128E-4 3.69762E-4 9.89227E-4 9.27712E-4 4.25408E-4 1.00091E-3 1.02707E-3 9.80351E-4 1.87081E-3 6.37815E-4 6.92161E-4 1.10417E-3 1.25632E-4 6.35667E-4 2.63151E-4 4.48715E-4 4.31063E-4 1.24478E-3 1.35974E-3 1.74224E-3 6.36826E-3 8.39173E-3 4.38934E-3
-9999 -9999 -9999 -9999 -9999 -9999 -9999 -9999 -9999 -9999 -9999 -9999 -9999 -9999 -9999 -9999 -9999 -9999 1.23214E-3 2.91154E-4 8.07353E-5 1.73246E-3 2.7724E-4 3.03851E-4 3.60408E-4 6.06337E-4 2.7281E-4 4.75055E-4 4.7046E-4 8.02139E-4 4.12641E-4 4.76351E-4 6.89582E-4 6.41659E-4 -9999 -9999 -9999 1.46165E-3 2.25003E-3 1.64395E-3 2.75565E-3 6.00159E-3 8.34686E-3 1.53249E-2 3.64329E-2 1.71758E-2 7.66042E-3 7.14965E-4 5.98473E-4 6.99229E-4 9.08249E-4 4.59819E-4 1.12325E-3 9.74822E-4 1.26229E-3 2.15639E-3 9.64502E-4 2.11872E-3 8.31352E-4 1.01243E-3 8.55682E-4 5.67371E-4 5.97706E-4 2.65433E-3 6.10564E-4 1.83224E-4 3.88424E-4 1.05438E-3 6.17982E-4 3.5922E-3 3.57529E-3 3.14227E-3 6.84729E-3 5.84096E-3
-9999 -9999 -9999 -9999 -9999 -9999 -9999 -9999 -9999 -9999 -9999 -9999 -9999 -9999 -9999 -9999 -9999 -9999 1.2492E-3 6.68326E-4 2.1975E-4 3.45534E-4 1.2073E-4 6.70601E-5 2.64043E-4 2.2916E-4 1.62853E-4 6.0212E-4 4.89271E-4 1.23613E-3 4.0623E-4 8.8048E-4 7.7175E-4 1.45819E-3 9.6621E-4 -9999 -9999 7.59247E-4 2.38035E-3 2.44552E-3 2.23804E-3 3.77486E-3 5.75162E-3 9.02816E-3 1.95315E-2 1.3141E-2 9.56239E-3 1.69481E-3 8.69915E-4 1.46875E-3 1.16346E-3 8.81726E-4 1.03491E-3 1.11213E-3 1.31796E-3 1.67272E-3 1.25251E-3 1.58026E-3 4.91197E-4 5.61369E-4 1.1122E-3 6.55963E-4 7.78661E-4 1.65294E-3 1.3974E-3 7.36433E-4 2.94306E-4 5.02075E-4 7.50872E-4 2.13482E-3 5.93189E-3 2.2845E-3 4.55946E-3 4.28215E-3
-9999 -9999 -9999 -9999 -9999 -9999 -9999 -9999 -9999 -9999 -9999 -9999 -9999 -9999 -9999 -9999 -9999 1.70534E-3 9.06362E-4 1.03778E-3 4.48728E-4 1.43318E-4 2.16839E-4 1.48095E-4 1.75987E-4 1.00552E-4 7.33918E-5 1.75025E-4 3.41594E-4 2.3018E-4 2.07105E-4 6.44466E-4 8.3605E-4 8.27047E-4 4.94789E-4 6.80034E-4 2.64645E-4 1.08349E-3 8.09421E-4 1.662E-3 2.89196E-3 3.92705E-3 5.72704E-3 9.56976E-3 3.70335E-3 4.56042E-3 3.06028E-3 8.29406E-4 9.19548E-4 1.44795E-3 7.17352E-4 9.79703E-4 1.12851E-3 9.80182E-4 1.17618E-3 1.05805E-3 1.06875E-3 9.30918E-4 1.94658E-3 4.22898E-4 9.93787E-4 9.11459E-4 1.0484E-3 4.2552E-4 1.00465E-3 7.85762E-4 2.62863E-4 9.91271E-4 3.53897E-3 2.95684E-3 5.01908E-3 2.86086E-3 5.20076E-3 6.14529E-3
-9999 -9999 -9999 -9999 -9999 -9999 -9999 -9999 -9999 -9999 -9999 -9999 -9999 -9999 -9999 -9999 -9999 8.94236E-4 7.46668E-4 6.90348E-4 4.00144E-4 2.6642E-4 2.2869E-4 2.24909E-4 1.78393E-4 8.1429E-5 2.30711E-4 4.69211E-4 6.67942E-4 3.23036E-4 2.78287E-4 7.91989E-4 8.01065E-4 1.02864E-3 8.13925E-4 7.82718E-4 3.38371E-4 5.15729E-4 1.95254E-3 1.36956E-3 2.18183E-3 8.00615E-4 1.0446E-3 1.93556E-3 3.32806E-3 1.66843E-3 1.21079E-3 7.48322E-4 3.82092E-4 5.98956E-4 3.45573E-3 1.53943E-3 2.11962E-3 1.69755E-3 1.6362E-3 1.06426E-3 1.01735E-3 1.6078E-3 1.20605E-3 1.59853E-3 1.8578E-3 5.99084E-4 1.58193E-3 2.94529E-4 1.37145E-4 2.92507E-4 1.14005E-3 5.41075E-4 1.24432E-3 1.95112E-3 2.97623E-3 3.84836E-3 3.5919E-3 4.48745E-3
-9999 -9999 -9999 -9999 -9999 -9999 -9999 -9999 -9999 -9999 -9999 -9999 -9999 -9999 -9999 -9999 -9999 3.52486E-4 5.32365E-4 1.45511E-3 5.59427E-4 4.9207E-4 2.42955E-4 1.83458E-4 3.4282E-4 9.67655E-5 3.13458E-4 3.04764E-4 3.2817E-4 6.67573E-4 6.59391E-4 5.95443E-4 9.98998E-4 1.3058E-3 1.04706E-3 1.16003E-3 5.53544E-4 2.07382E-4 2.14943E-4 1.43886E-3 6.07923E-4 5.91724E-4 1.07347E-3 9.90494E-4 1.70828E-3 2.07492E-3 2.77602E-3 1.3564E-3 6.24322E-4 1.0484E-3 1.31428E-3 1.31639E-3 2.77598E-3 1.10673E-3 7.10237E-4 1.10385E-3 3.33989E-3 1.04698E-3 1.04251E-3 1.22389E-3 8.71772E-4 1.54327E-3 1.41874E-3 3.53979E-4 6.83125E-4 4.69862E-4 1.16825E-3 1.79779E-3 2.11227E-3 1.50148E-3 2.76563E-3 2.35045E-3 3.71852E-3 3.04133E-3
-9999 -9999 -9999 -9999 -9999 -9999 -9999 -9999 -9999 -9999 -9999 -9999 -9999 -9999 -9999 -9999 2.66699E-4 2.77472E-4 1.07484E-3 7.87516E-4 5.36237E-4 4.25861E-4 2.46187E-4 7.48206E-4 8.02974E-4 5.57757E-4 8.48948E-4 9.52044E-4 6.76079E-4 4.17389E-4 3.39847E-4 2.05198E-3 3.27811E-3 1.98E-3 2.28505E-3 1.53911E-3 1.59266E-3 8.07642E-4 7.40686E-4 1.44402E-3 1.52899E-3 1.14512E-3 1.01729E-3 1.03818E-3 1.30376E-3 1.31996E-3 1.53878E-3 1.69088E-3 1.0474E-3 9.60349E-4 7.40778E-4 8.51386E-4 2.00372E-3 1.49368E-3 1.14689E-3 1.75157E-3 4.50795E-3 2.15475E-3 8.11177E-4 5.75381E-4 9.36342E-4 7.89271E-4 8.71084E-4 5.67891E-4 6.50218E-4 1.37063E-3 1.93052E-3 8.46742E-4 1.51628E-3 1.46494E-3 2.48611E-3 2.39983E-3 6.10289E-3 6.67814E-3
