ENM/Final_Models/M_2_F_lq_Set_1_EC/Gustavia_santanderiensis_6_Choco.asc
ncols         367
nrows         963
xllcorner     -78.6
yllcorner     0.65
cellsize      0.00833333333333323
NODATA_value  -9999
[rows 510 to 539 of 963, columns 201 to 267 of 367]
7.96877E-1 8.27753E-1 8.49472E-1 6.36103E-1 8.31563E-1 9.36233E-1 7.13217E-1 7.49493E-1 9.24272E-1 6.89759E-1 9.34113E-1 9.65023E-1 9.90247E-1 9.67711E-1 9.82162E-1 8.84464E-1 6.25735E-1 9.28816E-1 8.96322E-1 9.06546E-1 7.40029E-1 7.43322E-1 9.24156E-1 7.76926E-1 8.40089E-1 6.61876E-1 7.74262E-1 7.50408E-1 4.91929E-1 8.77132E-1 8.92913E-1 4.17586E-1 6.34557E-1 7.07378E-1 8.6101E-1 9.06786E-1 8.44656E-1 8.89684E-1 7.44066E-1 5.24718E-1 1.73061E-1 5.21261E-2 1.05092E-1 2.30369E-1 4.15913E-1 3.76975E-1 1.88642E-1 9.8242E-2 5.22718E-2 7.98678E-2 1.44706E-2 7.16233E-3 7.99141E-2 7.52375E-2 2.23186E-1 6.10767E-1 5.58042E-1 1.82691E-1 9.03145E-3 4.67002E-3 9.64286E-3 1.97949E-2 5.12073E-2 4.0178E-2 7.75576E-3 1.70956E-2 1.13972E-2
9.52023E-1 9.75193E-1 9.65161E-1 9.4858E-1 8.9065E-1 8.79865E-1 7.16704E-1 8.15682E-1 7.79237E-1 7.50177E-1 7.44779E-1 9.60474E-1 9.95209E-1 9.9309E-1 9.94164E-1 9.91885E-1 6.8728E-1 6.30145E-1 7.63076E-1 8.9736E-1 9.62177E-1 9.62215E-1 9.18965E-1 7.3332E-1 9.80297E-1 8.36137E-1 8.56163E-1 6.77541E-1 7.54801E-1 7.70748E-1 8.13815E-1 9.10691E-1 8.63255E-1 5.60923E-1 7.81589E-1 9.67433E-1 9.71431E-1 9.23078E-1 8.46106E-1 6.79314E-1 2.62142E-1 5.03046E-2 1.29919E-1 4.27393E-1 7.61231E-1 6.54127E-1 3.10388E-1 4.93091E-2 1.9188E-1 1.43948E-1 3.23956E-2 2.8028E-1 3.25001E-1 4.64142E-1 3.43354E-1 8.61638E-3 5.66146E-3 9.47569E-2 3.34281E-2 2.37904E-2 1.17746E-2 7.80483E-2 9.08551E-2 1.29558E-2 4.04556E-3 3.46915E-3 3.95848E-3
9.72847E-1 9.23341E-1 9.79268E-1 9.61844E-1 9.64679E-1 9.04711E-1 9.28913E-1 7.63209E-1 7.3153E-1 8.96806E-1 9.31556E-1 8.26451E-1 7.78534E-1 9.23382E-1 9.71935E-1 9.80111E-1 8.28125E-1 7.49619E-1 7.62483E-1 8.40439E-1 9.18685E-1 9.54629E-1 7.81017E-1 7.84138E-1 9.76951E-1 9.87071E-1 7.80686E-1 5.70316E-1 9.0756E-1 9.56408E-1 9.35797E-1 8.82485E-1 9.37231E-1 5.72639E-1 5.54008E-1 7.43541E-1 9.29626E-1 7.81524E-1 6.05885E-1 2.78108E-1 1.05127E-1 5.5109E-2 1.47739E-1 4.68574E-1 8.81971E-1 3.50825E-1 7.28488E-2 1.37864E-1 4.41292E-1 5.77615E-1 1.17635E-1 5.05097E-2 5.11962E-2 9.31735E-2 1.26516E-2 3.9839E-3 4.45498E-2 9.89022E-2 2.81645E-1 1.63365E-1 1.07069E-1 2.88897E-2 9.13003E-2 7.82979E-3 5.73319E-4 6.80981E-4 9.16337E-4
9.75333E-1 9.36533E-1 9.86878E-1 9.72335E-1 9.44645E-1 9.22764E-1 8.76934E-1 8.82804E-1 8.13318E-1 8.9334E-1 8.8238E-1 8.94664E-1 7.88056E-1 8.75582E-1 9.45624E-1 9.61283E-1 7.4351E-1 9.7255E-1 9.85473E-1 9.6242E-1 9.92774E-1 9.94465E-1 9.17152E-1 8.58656E-1 9.77267E-1 9.8686E-1 6.16112E-1 7.31136E-1 6.35427E-1 5.67514E-1 9.13375E-1 6.47006E-1 9.24244E-1 7.05376E-1 8.00091E-1 7.13834E-1 9.57187E-1 8.3129E-1 5.91805E-1 3.50275E-1 1.51751E-1 1.13656E-1 3.44937E-1 5.62622E-1 7.23052E-1 4.08485E-1 2.42074E-1 4.36165E-1 2.76919E-1 5.82072E-3 3.67541E-2 9.41216E-3 1.9847E-2 5.54571E-2 5.8646E-2 1.78476E-2 8.14559E-2 2.49563E-2 7.9347E-2 8.99554E-2 3.41754E-2 1.42712E-2 1.12943E-2 4.85185E-3 2.20709E-3 3.04644E-4 2.98462E-4
9.77953E-1 9.6649E-1 9.55229E-1 9.64269E-1 9.78453E-1 9.43222E-1 9.48277E-1 8.92049E-1 9.18903E-1 8.88705E-1 9.66463E-1 8.82809E-1 8.47955E-1 8.51844E-1 9.76186E-1 9.61731E-1 9.73398E-1 9.45623E-1 9.72554E-1 9.4401E-1 9.85315E-1 9.03191E-1 9.70256E-1 9.15834E-1 9.69672E-1 9.77896E-1 8.91763E-1 9.64836E-1 9.22968E-1 6.27764E-1 6.52553E-1 9.09036E-1 8.86708E-1 5.86537E-1 6.80435E-1 9.26676E-1 8.0931E-1 9.05806E-1 7.34228E-1 3.8971E-1 4.24171E-1 3.39209E-1 2.98451E-1 1.12934E-1 3.58125E-1 4.76915E-1 5.05498E-1 5.66277E-1 1.95956E-1 5.03667E-3 7.24017E-2 6.94465E-2 1.73866E-1 1.46082E-1 1.07314E-1 1.59793E-1 2.86729E-1 3.87094E-2 2.25043E-2 2.24315E-2 1.13878E-2 5.00657E-3 1.7904E-3 4.15692E-3 2.75533E-3 2.05411E-4 1.13102E-3
9.40473E-1 9.31054E-1 9.5024E-1 9.30796E-1 9.34075E-1 9.00402E-1 9.35368E-1 8.71548E-1 9.00797E-1 9.30094E-1 8.37956E-1 8.73571E-1 8.36524E-1 9.03604E-1 9.02568E-1 9.27869E-1 9.43304E-1 8.24614E-1 9.51287E-1 8.33614E-1 9.91285E-1 9.81069E-1 9.69834E-1 9.87363E-1 9.79621E-1 8.83253E-1 9.6838E-1 9.78208E-1 9.9067E-1 9.63057E-1 6.24587E-1 7.95672E-1 9.4263E-1 7.06071E-1 7.14416E-1 9.12954E-1 9.22971E-1 9.04941E-1 8.11469E-1 4.38944E-1 5.38884E-1 3.78623E-1 4.00714E-2 6.69778E-2 1.02915E-1 1.09381E-1 3.12871E-1 3.87336E-1 4.63739E-2 1.68721E-2 1.87974E-1 1.06142E-1 2.86248E-2 1.36459E-1 1.47318E-1 5.86334E-2 7.55047E-2 7.80091E-2 1.46386E-2 5.19836E-3 7.90926E-4 1.18571E-3 3.11979E-4 2.64228E-4 9.92347E-4 9.15105E-4 2.02535E-3
9.18654E-1 9.82625E-1 8.99244E-1 8.92748E-1 6.93797E-1 8.01938E-1 7.73061E-1 7.80062E-1 8.39454E-1 8.47295E-1 7.74335E-1 8.69856E-1 8.33706E-1 8.95247E-1 9.54129E-1 9.38417E-1 9.39688E-1 9.71435E-1 8.48004E-1 8.97874E-1 9.90419E-1 9.67404E-1 9.83772E-1 9.72664E-1 7.84718E-1 9.44914E-1 8.80101E-1 9.39194E-1 9.57561E-1 9.11604E-1 8.9826E-1 7.68617E-1 9.51962E-1 7.65398E-1 7.84811E-1 9.08709E-1 9.24161E-1 9.77459E-1 8.24174E-1 6.58153E-1 5.61739E-1 2.56359E-1 6.0571E-1 1.47052E-1 2.88316E-1 7.05276E-1 2.46179E-1 1.80958E-1 2.08079E-1 1.5914E-1 3.54273E-1 1.01194E-1 1.55281E-2 3.28847E-2 1.41226E-2 1.98197E-2 1.1756E-2 1.27464E-2 1.50972E-3 6.35676E-4 1.49148E-3 2.29388E-3 7.39313E-4 1.47324E-3 7.88001E-4 9.78591E-4 1.90137E-3
7.22533E-1 9.38659E-1 7.78849E-1 6.53764E-1 7.72407E-1 7.50571E-1 8.09769E-1 7.67016E-1 7.27543E-1 7.90804E-1 8.48698E-1 8.59467E-1 8.95516E-1 9.3208E-1 6.52244E-1 7.79148E-1 9.02069E-1 9.46861E-1 8.30825E-1 9.73392E-1 9.84601E-1 9.7889E-1 9.80565E-1 9.69201E-1 6.05531E-1 7.2849E-1 9.32215E-1 9.64206E-1 9.69885E-1 9.37895E-1 9.4626E-1 8.89563E-1 9.42187E-1 9.35323E-1 8.77163E-1 8.73248E-1 8.87845E-1 9.8456E-1 9.58772E-1 8.32292E-1 7.26113E-1 7.4222E-1 6.60001E-1 4.70029E-1 1.88866E-1 2.07859E-1 2.39163E-1 4.56387E-1 5.84861E-1 3.44015E-1 1.34435E-1 3.35373E-2 3.14484E-2 6.43131E-2 9.28476E-2 6.18794E-2 6.75064E-2 1.8717E-2 2.03985E-3 1.85341E-3 7.71777E-3 7.05275E-3 5.98893E-4 2.98844E-3 1.15221E-3 3.86816E-3 1.07692E-2
7.4559E-1 7.85522E-1 8.43764E-1 7.4617E-1 7.44153E-1 8.40834E-1 8.47913E-1 8.59761E-1 6.17255E-1 5.73914E-1 8.00962E-1 9.15029E-1 7.86871E-1 7.80842E-1 7.68852E-1 8.3285E-1 7.7183E-1 7.48279E-1 9.60175E-1 9.78158E-1 9.25498E-1 9.23731E-1 9.39523E-1 9.41566E-1 8.40644E-1 9.72736E-1 9.06053E-1 8.79307E-1 8.02175E-1 8.15142E-1 9.35143E-1 8.93239E-1 9.31503E-1 9.73548E-1 9.47029E-1 9.03168E-1 8.09581E-1 9.04425E-1 7.9274E-1 6.56028E-1 4.46451E-1 3.23077E-1 1.58449E-1 1.65418E-1 6.09692E-2 4.13721E-2 6.04864E-2 1.55722E-1 3.0202E-1 3.26516E-1 3.28286E-1 1.73029E-1 4.31405E-3 1.18536E-2 3.68808E-2 1.22813E-1 4.50364E-2 8.57643E-3 7.54617E-3 9.74932E-3 1.40861E-2 8.60086E-3 7.69131E-4 3.82051E-2 1.69155E-2 1.97046E-3 6.20643E-3
8.7878E-1 9.38048E-1 7.33362E-1 6.64723E-1 7.939E-1 7.69406E-1 6.65986E-1 6.20897E-1 7.16431E-1 7.16179E-1 8.3612E-1 7.20062E-1 8.62631E-1 9.09267E-1 4.7774E-1 4.7211E-1 5.53966E-1 7.02905E-1 8.64133E-1 9.46251E-1 7.68476E-1 8.56524E-1 8.8137E-1 9.43937E-1 9.51037E-1 9.63833E-1 8.59627E-1 5.2652E-1 5.20385E-1 7.8791E-1 9.58712E-1 9.35846E-1 8.24104E-1 7.46205E-1 8.42988E-1 9.67523E-1 9.08187E-1 7.67426E-1 8.3608E-1 9.03359E-1 5.95784E-1 3.04923E-1 3.37497E-2 2.4391E-2 2.98365E-2 8.51821E-3 3.37747E-2 3.89749E-2 6.44347E-2 2.33216E-1 2.85678E-1 2.83253E-1 5.29527E-2 3.85463E-2 4.24843E-2 5.00985E-2 8.97809E-3 7.70693E-3 1.87952E-2 1.59804E-2 1.21872E-2 4.06058E-3 3.14002E-2 2.14905E-2 1.6734E-2 1.39688E-2 1.86427E-2
7.92049E-1 8.40059E-1 7.80412E-1 7.86158E-1 6.39008E-1 6.7847E-1 8.10069E-1 8.29041E-1 4.79132E-1 5.15059E-1 5.8068E-1 7.23585E-1 7.85895E-1 7.89353E-1 4.2516E-1 4.68911E-1 7.1184E-1 9.81933E-1 9.3594E-1 9.79968E-1 9.51963E-1 9.37201E-1 9.51666E-1 9.60729E-1 9.55505E-1 9.50802E-1 9.38527E-1 9.19881E-1 9.38028E-1 6.28296E-1 7.56952E-1 7.72174E-1 9.54396E-1 9.73399E-1 9.69801E-1 9.53637E-1 9.33331E-1 8.76248E-1 6.7553E-1 6.17759E-1 4.50869E-1 2.11119E-1 3.56841E-2 1.25507E-2 5.72502E-3 6.60725E-3 7.88071E-3 3.12572E-2 8.00964E-2 1.75547E-1 3.60448E-1 1.48376E-1 2.12535E-1 1.59713E-1 5.59341E-2 6.04634E-2 3.22805E-2 2.50903E-2 2.48047E-2 4.36607E-3 1.36372E-2 3.05007E-2 3.09258E-2 1.39429E-3 1.70421E-3 3.95277E-3 3.49238E-3
7.30189E-1 7.47436E-1 8.69959E-1 8.42822E-1 6.19738E-1 6.84948E-1 7.29373E-1 5.99469E-1 3.439E-1 3.73027E-1 2.8342E-1 6.51058E-1 6.85817E-1 7.56225E-1 8.00261E-1 8.23941E-1 5.01847E-1 8.62042E-1 9.85307E-1 9.93305E-1 9.80472E-1 9.53695E-1 8.98974E-1 9.66195E-1 9.79283E-1 9.52753E-1 8.50975E-1 9.54051E-1 8.98564E-1 9.11866E-1 7.98804E-1 7.72265E-1 8.33902E-1 7.57159E-1 7.87743E-1 8.5556E-1 9.22181E-1 9.43887E-1 8.33104E-1 5.94673E-1 3.80706E-1 5.05265E-1 1.30006E-1 4.23887E-2 1.56329E-2 2.30065E-2 8.61619E-3 1.29454E-2 2.32345E-2 1.65846E-1 1.31459E-1 1.45685E-1 6.25163E-2 7.2287E-2 1.4786E-1 1.3123E-1 1.64047E-1 1.68322E-2 4.77749E-3 6.08371E-3 8.74966E-3 1.11827E-2 1.6296E-3 5.37155E-4 1.48747E-3 1.30239E-3 8.31077E-3
6.79401E-1 7.88028E-1 7.89759E-1 7.83719E-1 8.19713E-1 8.79955E-1 7.49481E-1 7.00023E-1 6.69305E-1 8.5534E-1 2.28616E-1 4.16034E-1 6.63681E-1 7.96151E-1 8.31458E-1 8.48835E-1 7.73181E-1 8.77931E-1 9.34589E-1 9.5177E-1 9.47227E-1 9.45379E-1 8.39865E-1 9.601E-1 9.87863E-1 9.80809E-1 9.87271E-1 9.24886E-1 8.61128E-1 7.45182E-1 4.70671E-1 7.62828E-1 8.08933E-1 7.2382E-1 7.59258E-1 8.52273E-1 7.76893E-1 7.33025E-1 7.87446E-1 8.39128E-1 5.5456E-1 2.76495E-1 2.8818E-1 1.53852E-1 3.78229E-2 6.16579E-2 3.30834E-2 2.21231E-2 9.75878E-2 1.09633E-1 3.84963E-2 6.90983E-2 3.58E-2 2.10235E-2 4.60321E-2 8.34288E-3 1.02401E-2 1.42131E-3 1.41696E-2 1.55563E-2 6.50786E-3 2.28254E-3 3.14248E-3 9.00503E-4 5.73702E-5 6.68305E-3 5.90217E-3
7.30928E-1 6.61881E-1 7.78965E-1 8.49173E-1 8.60188E-1 9.01657E-1 8.68019E-1 7.76766E-1 6.57012E-1 5.61208E-1 4.77267E-1 3.74965E-1 5.68476E-1 7.93408E-1 7.96338E-1 5.82332E-1 8.076E-1 8.15398E-1 8.54263E-1 8.76868E-1 8.2041E-1 7.57537E-1 9.40842E-1 8.95568E-1 8.15207E-1 9.853E-1 9.56222E-1 9.66262E-1 9.29265E-1 7.84175E-1 5.26366E-1 6.12562E-1 6.9093E-1 7.74461E-1 6.70125E-1 4.10496E-1 8.20278E-1 6.46954E-1 7.10715E-1 7.15571E-1 4.83597E-1 2.04755E-1 5.27594E-1 2.66173E-1 1.294E-1 8.07889E-2 3.15673E-2 3.32741E-2 3.15687E-2 6.24177E-2 3.95592E-2 4.21994E-2 1.36698E-2 5.06319E-3 1.49536E-2 1.1241E-2 2.13426E-3 1.95323E-3 3.42485E-3 1.56705E-3 1.2131E-3 2.79707E-4 1.91549E-4 5.76345E-4 1.53649E-4 4.97643E-3 6.69785E-3
7.57832E-1 6.66996E-1 6.80589E-1 7.29972E-1 8.18391E-1 8.17947E-1 6.71151E-1 7.04114E-1 7.37355E-1 4.45462E-1 5.54366E-1 4.95096E-1 6.31118E-1 6.6398E-1 8.97967E-1 9.22741E-1 8.76182E-1 8.85454E-1 8.17398E-1 7.31083E-1 8.66136E-1 9.30762E-1 8.66916E-1 8.5929E-1 9.23899E-1 9.3833E-1 8.35707E-1 9.26508E-1 8.58689E-1 4.35877E-1 4.66604E-1 3.68657E-1 7.20687E-1 7.50754E-1 6.33547E-1 5.40837E-1 6.58983E-1 7.01965E-1 5.83663E-1 4.9282E-1 4.258E-1 4.4407E-1 5.46996E-1 2.46113E-1 1.06786E-1 2.49696E-2 3.94929E-2 3.53803E-2 8.02745E-2 1.15591E-1 1.56303E-2 1.57543E-2 3.58223E-3 4.10162E-3 2.55772E-3 3.67613E-3 5.77747E-3 1.91839E-3 1.01704E-3 1.8082E-3 1.05496E-3 7.29058E-5 3.04119E-5 2.585E-4 8.7137E-4 2.91588E-4 6.01639E-4
7.40443E-1 7.24272E-1 7.30905E-1 7.13504E-1 7.03772E-1 8.00477E-1 7.56323E-1 7.62116E-1 7.57063E-1 5.04436E-1 4.28493E-1 3.42769E-1 8.34244E-1 7.32122E-1 8.022E-1 8.99858E-1 8.94724E-1 8.79082E-1 7.78298E-1 5.61233E-1 8.49981E-1 9.20618E-1 9.55993E-1 9.6076E-1 9.11486E-1 9.27882E-1 9.56312E-1 8.57914E-1 8.04982E-1 7.79264E-1 6.53418E-1 7.92434E-1 8.11434E-1 8.71793E-1 8.24519E-1 8.09875E-1 9.22863E-1 7.16577E-1 8.62234E-1 7.08806E-1 6.09159E-1 4.01772E-1 6.06869E-1 2.89462E-1 1.28459E-1 1.39287E-1 4.4597E-3 1.75128E-2 2.90367E-2 3.48141E-2 3.44455E-2 1.78058E-2 3.4256E-3 2.10479E-3 3.26145E-3 2.36032E-3 2.53229E-3 1.87268E-3 3.47191E-4 1.1519E-3 1.76168E-3 2.74576E-5 2.09511E-5 2.8293E-4 1.71544E-3 1.0069E-3 1.0561E-3
7.01693E-1 8.18152E-1 7.22818E-1 6.79023E-1 7.39874E-1 5.96544E-1 7.00573E-1 7.07678E-1 6.55747E-1 3.40302E-1 4.0731E-1 4.66058E-1 8.18796E-1 7.42328E-1 7.39177E-1 7.6055E-1 7.18152E-1 6.20593E-1 5.65334E-1 5.60534E-1 6.21586E-1 9.16001E-1 9.77972E-1 9.74144E-1 9.38499E-1 9.4688E-1 9.69324E-1 8.08016E-1 8.49829E-1 8.92941E-1 9.05138E-1 8.9503E-1 8.80701E-1 7.95776E-1 8.64266E-1 8.65587E-1 8.58661E-1 6.40557E-1 7.01224E-1 8.18172E-1 3.83281E-1 3.1817E-1 5.14064E-1 2.36828E-1 2.61774E-1 2.05642E-1 1.1079E-2 1.23589E-2 2.6178E-3 2.134E-2 2.75275E-2 2.02735E-3 1.48996E-3 7.11199E-4 3.68236E-4 2.08145E-4 1.19126E-3 5.23362E-4 2.6874E-4 6.51812E-4 7.09718E-4 1.39945E-5 2.09329E-5 6.97339E-4 4.35031E-3 3.44387E-4 3.51263E-4
7.40181E-1 8.50473E-1 7.46745E-1 7.82836E-1 7.85822E-1 7.57305E-1 7.41109E-1 7.07072E-1 4.64633E-1 7.16547E-1 5.3981E-1 6.07072E-1 4.84292E-1 6.86805E-1 7.95647E-1 8.47284E-1 7.88891E-1 7.94894E-1 9.17991E-1 9.50909E-1 9.39234E-1 8.47188E-1 9.64548E-1 9.71397E-1 9.44846E-1 8.79873E-1 8.89657E-1 8.63555E-1 8.6882E-1 8.92871E-1 8.2762E-1 8.07323E-1 7.81054E-1 7.0316E-1 7.97117E-1 8.8013E-1 9.05466E-1 6.44664E-1 5.47496E-1 5.48812E-1 4.22505E-1 3.14455E-1 2.63651E-1 8.64341E-2 3.6359E-2 7.8807E-2 2.76016E-2 1.25797E-2 3.03846E-4 1.21819E-2 3.88236E-3 2.55694E-3 2.11235E-3 2.16098E-3 5.41916E-4 1.20881E-4 7.90275E-5 3.56092E-5 8.43164E-5 9.43373E-6 4.17994E-6 2.40917E-5 1.30158E-4 8.35392E-4 2.54542E-3 2.32141E-4 2.05918E-4
8.35559E-1 7.45522E-1 7.91968E-1 7.442E-1 7.1941E-1 7.51083E-1 7.27454E-1 6.17295E-1 5.01792E-1 9.82609E-1 9.09293E-1 7.72464E-1 7.95608E-1 6.4875E-1 6.69866E-1 7.63538E-1 7.724E-1 6.53671E-1 7.42953E-1 9.21468E-1 9.01604E-1 8.98721E-1 7.55406E-1 7.57026E-1 7.82055E-1 7.47015E-1 8.4601E-1 8.17845E-1 8.7514E-1 8.67562E-1 8.98516E-1 6.09921E-1 7.21984E-1 8.456E-1 7.84085E-1 8.02481E-1 8.73248E-1 6.52424E-1 4.87953E-1 5.72815E-1 4.62243E-1 4.95085E-1 3.29547E-1 1.99203E-1 1.44147E-1 7.08518E-2 7.86573E-2 8.19066E-3 4.77205E-3 1.13585E-3 5.03082E-4 2.47509E-3 3.7374E-4 1.27462E-3 1.50493E-3 1.49367E-4 9.18739E-6 1.58419E-5 4.31293E-6 7.81279E-7 2.13608E-6 8.34818E-5 2.92674E-4 8.41881E-4 1.03812E-3 7.21676E-4 8.10525E-4
6.13525E-1 5.94849E-1 6.10744E-1 7.48156E-1 7.13997E-1 6.49603E-1 6.57859E-1 7.89942E-1 6.79264E-1 9.89269E-1 9.88629E-1 8.5071E-1 7.9329E-1 6.88206E-1 8.57624E-1 8.66242E-1 8.15359E-1 7.15386E-1 8.48006E-1 7.05338E-1 8.87729E-1 8.19579E-1 7.90629E-1 7.75193E-1 8.44898E-1 8.43909E-1 7.04184E-1 6.15658E-1 7.72322E-1 8.3013E-1 8.94998E-1 7.43923E-1 7.43218E-1 8.47305E-1 8.73981E-1 8.79711E-1 4.83639E-1 5.81128E-1 5.79441E-1 4.34547E-1 4.5297E-1 3.15404E-1 6.2792E-2 5.81936E-2 3.27308E-2 3.58267E-2 1.92972E-2 1.69563E-2 4.90159E-3 1.76901E-3 2.23017E-4 9.56383E-4 1.53291E-4 4.13149E-5 4.83103E-4 7.19847E-5 2.47972E-6 3.76517E-6 2.06734E-6 1.24394E-5 2.09779E-5 8.01508E-5 3.16523E-4 3.7455E-4 6.48699E-4 2.11397E-4 7.03647E-4
5.28441E-1 5.69421E-1 4.63185E-1 4.15537E-1 4.14609E-1 4.90559E-1 4.17088E-1 4.95398E-1 7.18725E-1 8.28518E-1 8.04414E-1 6.82432E-1 5.50581E-1 7.76745E-1 6.90733E-1 5.90922E-1 6.53954E-1 7.08522E-1 4.16092E-1 9.22759E-1 9.47415E-1 9.71557E-1 8.80817E-1 8.67526E-1 7.8908E-1 8.26586E-1 8.50324E-1 8.4183E-1 6.69792E-1 5.86576E-1 5.47734E-1 6.84893E-1 8.51384E-1 8.2883E-1 5.56457E-1 3.28676E-1 6.6709E-1 4.46909E-1 2.85235E-1 4.13275E-1 3.75834E-1 2.84217E-1 2.38429E-1 7.52009E-2 6.36782E-2 2.67307E-2 7.93E-3 1.46008E-2 2.19472E-3 3.7557E-4 4.80704E-5 1.61732E-4 1.2837E-4 2.77244E-5 1.42995E-4 2.95374E-5 1.38524E-7 1.4633E-7 3.96673E-7 2.14473E-6 2.09323E-6 3.49444E-5 4.78916E-4 7.48419E-4 2.49565E-4 5.02338E-4 9.88945E-4
4.72047E-1 5.12416E-1 6.70743E-1 6.99444E-1 7.03047E-1 7.73028E-1 5.10621E-1 4.5151E-1 7.64697E-1 8.89828E-1 6.65443E-1 6.43637E-1 8.35819E-1 5.94618E-1 5.1143E-1 4.51964E-1 4.46586E-1 4.93478E-1 8.20791E-1 8.90404E-1 8.12895E-1 5.62458E-1 7.66833E-1 5.88725E-1 8.41837E-1 6.91114E-1 8.42041E-1 7.80835E-1 7.69852E-1 7.28239E-1 7.48075E-1 7.54977E-1 6.4962E-1 7.08643E-1 5.2802E-1 5.11042E-1 5.6525E-1 2.32029E-1 3.40004E-1 4.78749E-1 1.32357E-1 1.26081E-1 1.03003E-1 5.45933E-2 2.65913E-2 2.16042E-2 1.11614E-2 1.22622E-2 5.45717E-3 5.04888E-4 1.99979E-4 2.91695E-6 1.19073E-7 3.85339E-6 1.0282E-5 8.0268E-7 9.71516E-8 2.43075E-6 9.94507E-7 1.14148E-6 2.76349E-6 3.39483E-5 5.49323E-5 7.57609E-4 6.04175E-4 1.79491E-3 3.00887E-4
5.79677E-1 6.8824E-1 7.35314E-1 6.93138E-1 7.16617E-1 7.6947E-1 8.28578E-1 7.32698E-1 7.85692E-1 8.65157E-1 7.23324E-1 5.49919E-1 7.00064E-1 6.7099E-1 2.47579E-1 4.88621E-1 5.301E-1 6.99417E-1 7.71232E-1 5.2945E-1 8.27805E-1 7.98577E-1 6.00879E-1 5.24818E-1 4.60102E-1 3.86698E-1 8.85696E-1 6.34843E-1 6.99596E-1 5.75092E-1 8.40733E-1 8.52974E-1 6.51725E-1 5.11573E-1 5.28893E-1 3.97182E-1 3.66985E-1 5.90803E-1 3.40249E-1 4.89816E-1 1.41579E-1 2.85893E-1 1.14387E-1 7.12507E-2 1.1681E-2 2.39063E-2 1.06339E-2 3.62315E-4 7.95296E-4 2.33673E-3 2.70987E-4 3.4329E-7 4.58985E-7 2.51107E-8 7.15174E-8 3.68802E-8 2.32776E-8 6.71351E-7 4.04833E-6 8.33603E-6 3.08888E-5 8.389E-5 1.62353E-4 2.12181E-4 9.5721E-4 2.01875E-3 2.16993E-4
6.90644E-1 6.80648E-1 5.89775E-1 6.07293E-1 6.58309E-1 7.23466E-1 6.75428E-1 7.69488E-1 7.51255E-1 8.473E-1 8.43873E-1 5.53307E-1 5.34043E-1 5.62898E-1 6.09677E-1 2.90895E-1 2.71908E-1 5.96969E-1 8.07601E-1 7.91627E-1 8.15203E-1 7.95803E-1 9.59037E-1 7.49725E-1 8.45575E-1 8.40389E-1 6.37284E-1 5.4111E-1 5.47612E-1 4.97611E-1 6.45884E-1 7.16922E-1 5.46215E-1 5.92816E-1 4.04165E-1 3.96525E-1 2.88636E-1 4.77485E-1 3.48827E-1 4.1655E-1 2.83929E-1 8.89141E-2 2.71158E-2 7.92056E-2 1.86076E-2 8.71752E-3 1.26041E-2 3.98936E-4 1.99577E-4 1.82837E-3 1.11927E-3 8.87989E-7 9.58932E-7 2.14174E-6 1.2439E-6 1.08033E-6 1.2194E-8 2.17112E-6 8.23859E-6 9.66443E-6 1.44119E-4 2.20554E-4 2.8209E-4 8.07677E-4 3.08197E-3 3.41827E-3 5.22018E-4
7.00325E-1 8.16189E-1 6.8131E-1 5.54598E-1 5.9534E-1 6.59439E-1 7.20286E-1 7.09837E-1 8.6411E-1 8.55013E-1 8.12328E-1 8.55306E-1 7.78584E-1 6.49426E-1 7.82021E-1 6.46908E-1 8.28726E-1 9.11825E-1 7.61289E-1 8.33138E-1 5.86511E-1 8.25203E-1 8.49237E-1 6.76019E-1 6.71032E-1 7.74886E-1 6.44183E-1 5.99623E-1 4.4158E-1 6.29605E-1 6.61155E-1 5.14641E-1 6.60077E-1 4.20473E-1 3.865E-1 3.71916E-1 2.1407E-1 5.47581E-1 6.43169E-1 5.38985E-1 3.43454E-1 6.43472E-2 5.4754E-2 2.36085E-2 1.38829E-2 4.71251E-3 6.78001E-4 1.13637E-4 2.20029E-4 1.75858E-5 1.06156E-6 7.02398E-6 6.49528E-6 8.97886E-6 4.88477E-6 2.21121E-6 3.75721E-7 8.25094E-6 1.04567E-5 1.89896E-5 2.48084E-5 8.52975E-5 6.18941E-4 2.06252E-3 5.01815E-3 2.64405E-3 -9999
7.00975E-1 5.47591E-1 6.54017E-1 6.8656E-1 7.30812E-1 6.81843E-1 7.01778E-1 7.88006E-1 6.63065E-1 9.3391E-1 8.5212E-1 8.39539E-1 8.6298E-1 8.93072E-1 8.93844E-1 9.38259E-1 9.58365E-1 9.0394E-1 5.88058E-1 4.15497E-1 5.4975E-1 5.44997E-1 6.28139E-1 5.89328E-1 8.15841E-1 8.35131E-1 8.3684E-1 4.59339E-1 3.11173E-1 4.58664E-1 3.78066E-1 5.08179E-1 4.99717E-1 5.49816E-1 5.19315E-1 3.48712E-1 9.95167E-2 4.90075E-1 1.88923E-1 1.02043E-1 7.78414E-2 1.83048E-2 1.20925E-2 5.00308E-2 1.74965E-2 3.74241E-3 6.74381E-4 5.84494E-5 1.06488E-5 3.70181E-6 1.00226E-5 1.74256E-5 2.54531E-5 4.96984E-5 1.05405E-5 5.4053E-6 1.79975E-7 1.2371E-6 4.24141E-6 5.33001E-6 3.37952E-5 2.5858E-4 3.00183E-4 1.47063E-3 -9999 -9999 -9999
7.33756E-1 7.77664E-1 6.6596E-1 5.60929E-1 6.81715E-1 7.37983E-1 6.88276E-1 6.06866E-1 8.81853E-1 8.88336E-1 9.02176E-1 9.27836E-1 9.29869E-1 5.71839E-1 7.9782E-1 9.24506E-1 9.02817E-1 9.01473E-1 7.91368E-1 4.04146E-1 5.1997E-1 7.69329E-1 7.9748E-1 8.23613E-1 9.31703E-1 9.04869E-1 8.28783E-1 3.75871E-1 4.15565E-1 6.3192E-1 5.37549E-1 4.95637E-1 3.64749E-1 3.94571E-1 2.99295E-1 3.33689E-1 2.50294E-1 2.2977E-1 9.42092E-2 1.41222E-1 1.25556E-1 3.44545E-2 1.18913E-2 1.69896E-2 5.67402E-3 7.63138E-4 6.74867E-5 4.00422E-4 1.40865E-4 2.64147E-6 7.98526E-6 9.61738E-5 6.93972E-5 7.23175E-5 1.09894E-5 1.74623E-6 4.14615E-7 1.12621E-6 3.5928E-6 6.19871E-6 5.15234E-5 2.20075E-4 2.26279E-4 -9999 -9999 -9999 -9999
5.61516E-1 7.7687E-1 6.8465E-1 5.93157E-1 5.63077E-1 6.07067E-1 5.81289E-1 6.12407E-1 7.05472E-1 8.03051E-1 8.68767E-1 8.59252E-1 8.47839E-1 6.21813E-1 8.08062E-1 8.86579E-1 9.2964E-1 9.23861E-1 8.66874E-1 3.51223E-1 5.499E-1 5.40795E-1 6.33583E-1 2.97448E-1 5.28217E-1 7.81608E-1 7.04844E-1 7.4122E-1 4.44141E-1 4.51477E-1 4.7928E-1 2.73562E-1 2.7378E-1 2.4017E-1 3.33554E-1 4.1323E-1 4.01886E-1 3.81468E-1 2.79102E-1 1.45174E-1 1.01262E-1 9.57662E-2 7.25982E-2 4.88348E-2 9.78307E-3 3.88332E-4 1.39316E-3 1.77401E-3 1.63948E-3 8.11974E-5 1.02826E-5 7.55516E-5 3.95855E-4 1.42199E-4 1.93992E-5 1.86434E-6 1.84474E-6 1.51391E-7 6.2649E-6 1.65803E-5 2.93515E-5 2.08022E-4 -9999 -9999 -9999 -9999 -9999
7.57335E-1 8.08043E-1 6.85224E-1 6.24174E-1 8.03561E-1 8.20459E-1 6.24371E-1 6.75923E-1 7.30899E-1 8.38017E-1 9.04195E-1 8.91956E-1 8.29121E-1 6.90796E-1 8.03108E-1 7.70176E-1 8.21877E-1 7.23931E-1 7.62176E-1 3.38482E-1 2.9743E-1 3.79025E-1 5.29221E-1 5.11214E-1 4.81766E-1 9.31039E-1 5.97386E-1 7.22251E-1 5.71592E-1 3.24664E-1 3.29323E-1 3.44473E-1 1.11134E-1 2.12833E-1 3.13847E-1 2.34947E-1 3.00097E-1 2.00613E-1 8.16978E-2 1.04296E-1 1.62834E-1 1.43187E-1 1.57473E-1 7.53624E-2 5.26573E-2 5.39324E-3 3.73583E-3 1.46518E-3 5.86334E-4 2.8037E-4 8.00206E-5 2.7179E-4 2.05044E-3 2.95574E-4 5.46954E-5 1.91955E-5 4.64494E-6 7.22262E-8 1.94756E-6 1.12332E-5 2.85766E-5 -9999 -9999 -9999 -9999 -9999 -9999
7.23131E-1 5.62467E-1 6.43094E-1 6.75678E-1 9.10688E-1 9.14611E-1 7.75519E-1 7.47541E-1 9.14839E-1 8.7941E-1 9.23111E-1 9.20063E-1 6.89481E-1 5.87544E-1 6.14092E-1 7.57332E-1 7.51888E-1 7.51784E-1 7.36942E-1 5.66165E-1 5.21733E-1 3.76149E-1 5.23612E-1 4.54401E-1 5.23387E-1 7.44224E-1 8.78811E-1 5.55787E-1 8.59909E-1 4.80219E-1 4.66774E-1 6.46229E-1 5.68565E-1 1.43319E-1 2.77469E-1 8.76996E-2 1.73001E-1 1.11477E-1 2.97623E-2 3.21671E-2 1.11533E-1 4.33459E-2 2.1652E-2 6.74727E-3 1.80783E-2 3.92052E-2 1.69678E-2 2.94964E-3 2.49123E-3 1.53969E-3 1.28465E-3 1.36836E-3 1.45616E-3 7.20412E-5 4.41092E-5 2.15616E-5 8.51409E-6 5.63784E-7 -9999 -9999 -9999 -9999 -9999 -9999 -9999 -9999 -9999
