ENM/Final_Models/M_2_F_lq_Set_1_EC/Gustavia_santanderiensis_0_Choco.asc
ncols         367
nrows         963
xllcorner     -78.6
yllcorner     0.65
cellsize      0.00833333333333323
NODATA_value  -9999
[rows 429 to 461 of 963, columns 219 to 291 of 367]
1E0 1E0 1E0 1E0 1E0 1E0 1E0 1E0 1E0 1E0 1E0 1E0 1E0 1E0 1E0 1E0 1E0 1E0 1E0 1E0 1E0 1E0 1E0 1E0 1E0 1E0 1E0 1E0 1E0 1E0 1E0 1E0 9.99984E-1 9.99999E-1 1E0 9.99726E-1 9.99999E-1 9.99429E-1 9.99995E-1 9.92149E-1 8.31514E-1 9.27079E-1 9.99607E-1 9.98199E-1 9.93322E-1 7.76356E-1 9.53316E-1 9.60113E-1 8.55556E-1 3.36936E-1 1.4707E-1 3.98519E-1 4.65324E-1 4.98927E-2 3.80976E-3 2.32497E-3 1.64406E-2 1.55636E-2 2.24685E-2 3.04163E-2 6.27526E-3 8.31054E-4 2.04667E-3 3.79985E-3 5.34436E-3 4.16871E-3 6.55661E-3 1.12304E-3 1.02415E-6 3.70394E-8 8.72152E-9 1.75279E-8 6.28997E-8
1E0 1E0 1E0 1E0 1E0 1E0 1E0 1E0 1E0 1E0 1E0 1E0 1E0 1E0 1E0 1E0 1E0 1E0 1E0 1E0 1E0 1E0 1E0 1E0 1E0 1E0 1E0 1E0 1E0 1E0 1E0 9.99996E-1 1E0 9.99788E-1 1E0 1E0 9.99989E-1 9.98675E-1 9.46902E-1 9.96485E-1 9.62496E-1 9.75441E-1 9.99912E-1 9.99999E-1 9.99714E-1 9.99709E-1 9.9998E-1 6.95809E-1 5.952E-1 2.70383E-1 3.49287E-1 5.18942E-1 1.77766E-1 2.53773E-1 2.19261E-1 9.06026E-2 4.94859E-2 3.13413E-2 3.25449E-2 1.45872E-2 5.69379E-4 8.71387E-4 8.54607E-3 2.30217E-2 2.37756E-3 6.37033E-3 1.54772E-2 3.81584E-4 1.14381E-7 6.56232E-10 2.57487E-10 4.11839E-10 2.52812E-9
1E0 1E0 1E0 1E0 1E0 1E0 1E0 1E0 1E0 1E0 1E0 1E0 1E0 1E0 1E0 1E0 1E0 1E0 1E0 1E0 1E0 1E0 1E0 1E0 1E0 1E0 1E0 1E0 1E0 1E0 1E0 1E0 9.99999E-1 9.99999E-1 1E0 9.99999E-1 1E0 9.99998E-1 9.9938E-1 8.62452E-1 9.90335E-1 9.09858E-1 9.97168E-1 9.99997E-1 9.99997E-1 1E0 9.99954E-1 3.69054E-1 3.04151E-1 7.167E-1 5.42553E-1 1.86859E-1 6.1717E-2 7.48882E-2 9.32802E-2 8.40061E-2 2.9277E-2 1.38051E-2 3.27277E-2 2.38269E-3 4.30396E-4 9.81231E-4 5.01178E-3 2.6436E-2 5.30734E-3 7.20191E-3 1.84017E-2 2.46564E-3 3.24448E-8 1.7212E-11 2.676E-11 7.46223E-11 6.18816E-10
1E0 1E0 1E0 1E0 1E0 1E0 1E0 1E0 1E0 1E0 1E0 1E0 1E0 1E0 1E0 1E0 1E0 1E0 1E0 1E0 1E0 1E0 1E0 1E0 1E0 1E0 1E0 1E0 1E0 1E0 1E0 1E0 1E0 9.99804E-1 9.99984E-1 1E0 9.99997E-1 9.99998E-1 1E0 9.9096E-1 9.9926E-1 9.62951E-1 9.878E-1 1E0 1E0 1E0 9.99056E-1 7.78004E-1 5.00183E-1 4.40484E-1 2.00431E-1 9.27806E-2 7.85949E-2 6.60438E-2 5.75832E-2 6.47647E-2 3.39875E-2 9.36411E-2 3.19395E-2 6.44268E-4 5.9127E-4 4.60648E-3 1.2544E-2 1.81243E-2 2.4652E-2 9.92527E-3 8.03526E-3 3.49456E-3 7.09234E-8 5.79337E-12 8.66851E-12 5.08872E-11 2.44565E-10
1E0 1E0 1E0 1E0 1E0 1E0 1E0 1E0 1E0 1E0 1E0 1E0 1E0 1E0 1E0 1E0 1E0 1E0 1E0 1E0 1E0 1E0 1E0 1E0 1E0 1E0 1E0 1E0 1E0 1E0 1E0 1E0 9.99999E-1 9.99999E-1 1E0 1E0 9.99999E-1 9.99998E-1 9.99995E-1 9.99663E-1 9.9925E-1 9.04629E-1 9.18994E-1 9.99897E-1 9.99999E-1 1E0 7.92159E-1 9.93958E-2 2.4314E-1 4.4913E-1 1.15961E-1 1.0939E-1 2.03548E-1 2.49795E-1 2.473E-1 1.5022E-1 1.71359E-1 2.45172E-1 8.44314E-3 2.02653E-3 3.72761E-3 2.90129E-3 3.16023E-2 1.35815E-2 4.63115E-2 3.17866E-2 2.10333E-2 1.81361E-3 3.51519E-6 5.48388E-11 1.71789E-11 6.65715E-11 9.10754E-10
1E0 1E0 1E0 1E0 1E0 1E0 1E0 1E0 1E0 1E0 1E0 1E0 1E0 1E0 1E0 1E0 1E0 1E0 1E0 1E0 1E0 1E0 1E0 1E0 1E0 1E0 1E0 1E0 1E0 1E0 1E0 1E0 9.99998E-1 9.99999E-1 1E0 1E0 9.99999E-1 9.99997E-1 9.99988E-1 9.99972E-1 9.9782E-1 9.50807E-1 9.32513E-1 9.99741E-1 1E0 1E0 9.94937E-1 1.57947E-1 1.18218E-1 4.8493E-2 6.1348E-1 3.71248E-1 3.89919E-2 9.75417E-2 1.28248E-1 1.41967E-1 2.3978E-1 3.97727E-2 3.06119E-3 3.0391E-3 5.40077E-3 1.06947E-2 2.14228E-2 1.18541E-3 1.14037E-2 1.02683E-2 2.45397E-2 1.37215E-2 1.26407E-3 1.76694E-9 2.18535E-11 6.92553E-11 1.06282E-9
1E0 1E0 1E0 1E0 1E0 1E0 1E0 1E0 1E0 1E0 1E0 1E0 1E0 1E0 1E0 1E0 1E0 1E0 1E0 1E0 1E0 1E0 1E0 1E0 1E0 1E0 1E0 1E0 1E0 1E0 1E0 1E0 1E0 1E0 9.9912E-1 1E0 1E0 1E0 9.99997E-1 9.99944E-1 9.9174E-1 8.85883E-1 9.93884E-1 9.99999E-1 1E0 1E0 9.96613E-1 8.50088E-1 4.80966E-1 4.04629E-1 9.23366E-1 8.54518E-1 6.93273E-1 8.09458E-3 1.0662E-1 2.31321E-2 1.17301E-2 1.38761E-2 6.94524E-3 5.2881E-3 3.53895E-2 2.1846E-2 7.24127E-3 8.83477E-3 6.16548E-3 1.82016E-1 1.2199E-1 6.67159E-2 4.44173E-2 2.26296E-7 6.52665E-11 1.34836E-10 1.19811E-9
1E0 1E0 1E0 1E0 1E0 1E0 1E0 1E0 1E0 1E0 1E0 1E0 1E0 1E0 1E0 1E0 1E0 1E0 1E0 1E0 1E0 1E0 1E0 1E0 1E0 1E0 1E0 1E0 1E0 1E0 1E0 1E0 1E0 1E0 1E0 1E0 1E0 9.99994E-1 9.99965E-1 9.96853E-1 9.57712E-1 9.53119E-1 9.9993E-1 1E0 9.99347E-1 9.50609E-1 9.17078E-1 3.86697E-1 8.47551E-1 6.46034E-1 2.38126E-1 1.82873E-1 7.43263E-2 5.85894E-1 7.83931E-1 2.0918E-1 8.83779E-2 1.12825E-1 2.17409E-1 4.23899E-3 3.12157E-2 3.28772E-1 3.38456E-1 4.93652E-1 4.23428E-1 1.33302E-1 7.35093E-2 -9999 -9999 -9999 -9999 -9999 -9999
1E0 1E0 1E0 1E0 1E0 1E0 1E0 1E0 1E0 1E0 1E0 1E0 1E0 1E0 1E0 1E0 1E0 1E0 1E0 1E0 1E0 1E0 1E0 1E0 1E0 1E0 1E0 1E0 1E0 1E0 1E0 1E0 9.99998E-1 1E0 1E0 1E0 9.99999E-1 1E0 9.99781E-1 9.3576E-1 9.65835E-1 9.99994E-1 1E0 9.86334E-1 9.42524E-1 6.18679E-1 8.81008E-1 2.75896E-1 5.53886E-1 5.17342E-1 3.68604E-1 2.87051E-1 6.48844E-1 7.50838E-1 7.55272E-1 8.90696E-1 8.55419E-1 2.22218E-1 2.35833E-1 4.81111E-1 3.26695E-1 3.31497E-1 1.76875E-1 6.15077E-1 3.82403E-1 8.28291E-2 2.86459E-2 -9999 -9999 -9999 -9999 -9999 -9999
1E0 1E0 1E0 1E0 1E0 1E0 1E0 1E0 1E0 1E0 1E0 1E0 1E0 1E0 1E0 1E0 1E0 1E0 1E0 1E0 1E0 1E0 1E0 1E0 1E0 1E0 1E0 1E0 1E0 1E0 1E0 1E0 1E0 1E0 1E0 1E0 9.99998E-1 9.99992E-1 9.99889E-1 9.72737E-1 9.98873E-1 9.99839E-1 1E0 9.97857E-1 9.6552E-1 9.81922E-1 8.37602E-1 1.16368E-1 2.15845E-1 2.46963E-1 1.78771E-1 5.15749E-1 9.79204E-1 9.17974E-1 7.86043E-1 5.29076E-1 5.97602E-1 2.03286E-1 8.16043E-1 2.2921E-1 2.46705E-1 2.4245E-1 3.00579E-1 2.11356E-2 1.17174E-2 5.49381E-3 1.95404E-3 1.99256E-2 -9999 -9999 -9999 -9999 -9999
1E0 1E0 1E0 1E0 1E0 1E0 1E0 1E0 1E0 1E0 1E0 1E0 1E0 1E0 1E0 1E0 1E0 1E0 1E0 1E0 1E0 1E0 1E0 1E0 1E0 1E0 1E0 1E0 1E0 1E0 1E0 1E0 1E0 1E0 1E0 9.99943E-1 9.99974E-1 1E0 9.99524E-1 9.79724E-1 7.41712E-1 7.62014E-1 8.89789E-1 9.96109E-1 5.71421E-1 1.19335E-1 4.29335E-1 3.87498E-1 1.04417E-1 8.26659E-2 4.91623E-1 7.01477E-1 9.87622E-1 5.94298E-1 6.97359E-1 2.0501E-1 8.99877E-1 4.5899E-1 2.66317E-1 3.70178E-1 7.20535E-3 3.62628E-3 4.84446E-3 1.44162E-2 1.91065E-2 1.28075E-2 4.98807E-2 1.40909E-2 3.83177E-3 -9999 -9999 -9999 -9999
1E0 1E0 1E0 1E0 1E0 1E0 1E0 1E0 1E0 1E0 1E0 1E0 1E0 1E0 1E0 1E0 1E0 1E0 1E0 1E0 1E0 1E0 1E0 1E0 9.99967E-1 9.99998E-1 1E0 1E0 9.99999E-1 9.99977E-1 9.99999E-1 1E0 1E0 1E0 1E0 1E0 1E0 9.99971E-1 7.72535E-1 9.30734E-1 9.51868E-1 9.06256E-2 1.79236E-1 1.74139E-3 1.28418E-2 2.16629E-1 7.33059E-1 6.82338E-1 4.76328E-1 1.21242E-1 3.01095E-1 3.62101E-1 7.59954E-1 6.4315E-1 7.66947E-1 9.05532E-1 9.40338E-1 8.20361E-1 1.21126E-2 6.75181E-2 5.26766E-3 5.90935E-2 7.27678E-2 1.45807E-1 8.8294E-2 8.79226E-2 2.97273E-2 7.92478E-3 2.88811E-3 3.99591E-4 2.45106E-3 3.9037E-5 2.57621E-8
1E0 1E0 1E0 1E0 1E0 1E0 1E0 1E0 1E0 1E0 1E0 1E0 1E0 1E0 1E0 1E0 9.99807E-1 1E0 1E0 1E0 1E0 1E0 1E0 1E0 1E0 1E0 1E0 1E0 1E0 9.97392E-1 9.99119E-1 9.99994E-1 1E0 1E0 9.99996E-1 1E0 1E0 1E0 9.58845E-1 9.99948E-1 8.55037E-1 8.33374E-2 7.05091E-1 7.28586E-1 2.71357E-2 4.56742E-1 6.49984E-1 2.03233E-1 1.50976E-1 6.65251E-1 5.636E-1 6.25613E-1 7.00339E-1 1E0 9.99959E-1 9.99695E-1 4.01097E-1 6.95031E-1 3.94988E-1 5.58963E-3 2.6444E-2 5.64726E-3 3.67643E-2 3.94705E-2 8.27317E-2 1.63515E-1 9.79901E-2 1.38963E-2 1.33841E-3 3.71395E-4 7.57893E-4 8.4913E-4 1.90415E-7
1E0 1E0 1E0 1E0 1E0 1E0 1E0 1E0 1E0 1E0 1E0 1E0 1E0 1E0 1E0 1E0 1E0 1E0 9.99973E-1 1E0 1E0 1E0 1E0 1E0 1E0 1E0 1E0 1E0 1E0 9.99974E-1 9.99966E-1 1E0 1E0 1E0 1E0 1E0 1E0 9.99786E-1 1E0 7.08959E-1 9.99939E-1 8.94962E-1 1E0 1E0 1E0 9.99983E-1 4.40974E-1 8.06098E-1 6.48907E-1 8.7141E-1 9.83177E-1 9.99541E-1 9.99986E-1 9.99969E-1 9.52361E-1 1.69402E-1 3.75291E-2 6.97157E-2 5.10022E-1 2.60979E-1 6.12131E-3 8.38162E-2 1.3732E-2 6.29788E-2 4.73261E-2 2.76468E-2 1.29866E-2 7.62455E-3 2.69586E-4 2.84007E-4 3.56261E-3 1.46753E-3 1.5238E-7
1E0 1E0 1E0 1E0 1E0 1E0 1E0 1E0 1E0 1E0 1E0 1E0 1E0 1E0 1E0 1E0 1E0 1E0 9.99988E-1 1E0 1E0 1E0 1E0 1E0 1E0 1E0 1E0 1E0 1E0 9.99999E-1 1E0 1E0 1E0 9.99941E-1 1E0 1E0 1E0 9.87664E-1 9.97267E-1 4.58453E-1 2.55134E-1 7.45202E-1 9.99958E-1 1E0 1E0 9.8303E-1 8.66114E-1 9.97625E-1 9.99928E-1 9.89646E-1 7.28994E-1 8.62194E-1 9.68647E-1 9.59831E-1 1.70824E-1 2.44174E-2 9.82321E-2 4.34272E-1 2.73394E-2 1.33334E-2 5.51312E-2 4.59189E-2 7.67437E-2 2.38598E-2 4.54923E-2 1.44429E-2 9.00623E-3 1.16618E-3 1.75243E-4 6.09329E-4 7.20926E-4 1.69394E-3 8.54403E-4
1E0 1E0 1E0 1E0 1E0 1E0 1E0 1E0 1E0 1E0 1E0 1E0 1E0 1E0 1E0 1E0 1E0 1E0 1E0 1E0 1E0 1E0 1E0 1E0 1E0 1E0 1E0 1E0 9.99736E-1 9.99941E-1 1E0 1E0 1E0 1E0 1E0 1E0 1E0 9.78329E-1 7.68139E-1 7.36179E-1 8.94899E-1 8.20899E-1 3.94024E-2 9.9602E-1 9.99997E-1 9.99388E-1 9.74606E-1 5.5447E-1 4.73078E-1 2.03566E-2 5.60377E-1 4.98492E-1 4.80613E-1 2.64661E-1 1.80247E-1 8.98293E-2 5.86042E-2 6.36315E-2 2.53219E-1 1.38367E-1 8.59537E-2 4.07583E-2 2.38468E-2 2.09853E-2 2.19445E-2 2.01102E-2 4.69765E-3 3.8897E-4 4.00685E-4 6.72607E-4 1.06697E-4 4.98711E-4 1.17192E-3
1E0 1E0 1E0 1E0 1E0 1E0 1E0 1E0 1E0 1E0 1E0 1E0 1E0 1E0 1E0 1E0 1E0 1E0 1E0 1E0 1E0 1E0 1E0 9.99981E-1 1E0 1E0 1E0 9.99999E-1 1E0 1E0 1E0 1E0 1E0 1E0 1E0 1E0 9.99994E-1 9.99491E-1 7.99599E-1 7.47734E-1 9.45533E-1 9.382E-1 6.83442E-1 9.55133E-1 2.75532E-1 9.98817E-1 9.99105E-1 4.98921E-1 6.3476E-1 4.7942E-1 4.86465E-1 3.68144E-1 6.13953E-1 5.37066E-1 9.01218E-1 2.63611E-1 6.07166E-2 7.48778E-2 8.0288E-2 1.01404E-1 7.69386E-2 1.02011E-1 2.34584E-2 8.86345E-3 3.47396E-2 2.30989E-2 1.62481E-3 7.89077E-4 1.27864E-3 3.92485E-3 4.36183E-4 3.88754E-3 -9999
1E0 1E0 1E0 1E0 1E0 1E0 1E0 1E0 1E0 1E0 1E0 1E0 1E0 1E0 1E0 1E0 1E0 1E0 1E0 1E0 1E0 1E0 1E0 1E0 9.99999E-1 1E0 1E0 1E0 1E0 1E0 1E0 1E0 1E0 1E0 9.99729E-1 9.89544E-1 9.42637E-1 7.67877E-1 1.31593E-1 1.05062E-1 2.17468E-1 2.44685E-1 1.20626E-1 5.95082E-1 5.54427E-1 9.4196E-1 7.12594E-1 2.75817E-1 2.25818E-1 1.54489E-1 2.20959E-1 4.64534E-1 6.61508E-1 7.85673E-1 2.30311E-1 2.19449E-1 5.65382E-2 4.61324E-2 2.05618E-1 1.6156E-1 1.19754E-1 3.50769E-2 8.06007E-3 3.71595E-2 2.16785E-2 3.38956E-2 5.83872E-3 1.39458E-3 2.37278E-3 5.40843E-3 3.51745E-3 7.94509E-3 -9999
1E0 1E0 1E0 1E0 1E0 1E0 1E0 1E0 1E0 1E0 1E0 1E0 1E0 1E0 1E0 1E0 1E0 1E0 1E0 1E0 1E0 1E0 1E0 1E0 1E0 9.99951E-1 9.99999E-1 1E0 1E0 1E0 1E0 1E0 9.99995E-1 9.95618E-1 6.22954E-1 4.32709E-2 1.49895E-2 6.10474E-2 7.88212E-2 4.22341E-2 5.36566E-2 1.31029E-1 1.89401E-1 8.76007E-1 9.95481E-1 7.47943E-1 1.4386E-1 1.11144E-1 5.61055E-2 2.51601E-2 1.44553E-1 1.01721E-1 1.30091E-1 1.83482E-1 1.50339E-1 1.64798E-2 4.86238E-3 1.15882E-1 6.38737E-1 3.33507E-1 1.44451E-1 2.15914E-2 4.26841E-2 1.36943E-2 3.41266E-2 1.67523E-2 1.01552E-2 6.6767E-3 4.6812E-3 4.27986E-3 1.25779E-2 4.29767E-2 -9999
1E0 1E0 1E0 1E0 1E0 1E0 1E0 1E0 1E0 1E0 1E0 1E0 1E0 1E0 1E0 1E0 1E0 1E0 1E0 1E0 1E0 1E0 9.99969E-1 9.99999E-1 1E0 1E0 1E0 1E0 1E0 1E0 1E0 9.99988E-1 9.22606E-1 2.96932E-1 1.26133E-1 1.83293E-2 1.00898E-2 6.55116E-2 1.68247E-1 7.92909E-2 9.27083E-2 1.93292E-1 8.09334E-1 9.93124E-1 6.74729E-1 7.39224E-1 8.86902E-1 4.59479E-1 2.59026E-2 1.13639E-2 4.12776E-1 2.81456E-2 1.15411E-2 4.09222E-2 2.46739E-2 3.53728E-2 3.75582E-3 2.1272E-2 8.13001E-2 1.7507E-1 3.08824E-2 4.84074E-3 6.39846E-3 3.43334E-2 1.5186E-2 2.30128E-3 1.61185E-3 1.6098E-2 4.79933E-4 3.52034E-4 3.84394E-2 1.13426E-2 -9999
1E0 1E0 1E0 1E0 1E0 1E0 1E0 1E0 1E0 1E0 1E0 1E0 1E0 1E0 1E0 1E0 1E0 1E0 1E0 9.99999E-1 1E0 1E0 1E0 1E0 1E0 1E0 1E0 1E0 1E0 1E0 1E0 9.99999E-1 9.10787E-1 3.23185E-1 9.51103E-2 8.10927E-2 5.47799E-2 1.86694E-1 3.52887E-1 2.06017E-1 1.80057E-1 5.09511E-1 4.6373E-1 1.65761E-2 2.7869E-1 3.85088E-1 8.22639E-1 5.42912E-1 7.78493E-1 1.52693E-1 2.85642E-1 1.72239E-1 2.21689E-2 1.1338E-2 2.51376E-2 5.57867E-3 1.597E-1 2.9404E-2 7.91837E-3 1.35037E-2 3.21049E-3 3.12811E-3 2.46653E-3 3.52345E-3 1.24712E-3 4.94311E-2 1.66385E-1 9.73642E-2 1.04723E-1 1.07143E-1 1.28797E-3 1.50205E-2 -9999
1E0 1E0 1E0 1E0 1E0 1E0 1E0 1E0 1E0 1E0 1E0 1E0 1E0 1E0 1E0 1E0 1E0 1E0 1E0 9.99844E-1 1E0 9.9999E-1 9.99996E-1 1E0 1E0 1E0 1E0 1E0 9.99999E-1 9.99844E-1 9.98902E-1 9.88295E-1 9.92382E-1 7.36496E-1 6.54511E-1 1.33657E-1 1.05671E-1 2.87987E-1 6.58379E-1 5.47757E-1 1.86645E-1 6.97791E-1 3.74251E-1 1.68519E-2 1.49917E-1 5.60791E-2 3.63926E-2 6.41374E-2 2.34165E-2 5.03624E-2 2.2465E-1 7.69843E-1 6.90755E-1 6.33591E-1 4.12692E-1 2.21566E-1 6.36737E-1 7.58479E-1 3.09732E-1 9.70009E-3 4.43386E-2 4.34037E-3 3.19107E-3 5.79029E-3 9.6174E-2 1.32736E-1 2.90228E-1 1.37908E-1 2.58026E-1 3.61844E-2 2.84023E-2 -9999 -9999
1E0 1E0 1E0 1E0 1E0 1E0 1E0 1E0 1E0 1E0 1E0 1E0 1E0 1E0 1E0 1E0 1E0 1E0 1E0 1E0 1E0 9.9947E-1 9.99926E-1 9.99957E-1 1E0 1E0 1E0 9.99996E-1 9.91536E-1 7.93565E-1 2.06609E-1 1.0845E-1 4.00221E-1 9.6159E-1 5.54233E-1 1.33845E-1 1.62208E-1 5.06374E-1 7.53967E-1 8.61948E-1 3.66707E-1 1.84623E-1 5.47332E-2 3.39692E-3 3.60243E-2 6.3744E-2 3.95786E-1 1.45968E-1 1.58857E-1 1.34571E-1 1.19139E-1 3.52989E-1 2.6612E-1 3.50096E-1 2.81704E-1 1.48376E-1 3.30086E-1 5.02716E-1 6.58505E-1 5.84489E-1 5.3329E-1 1.46867E-1 1.27547E-1 8.02292E-2 8.6093E-2 1.24166E-1 2.56315E-1 1.99808E-1 5.35591E-2 1.17963E-1 5.06041E-2 -9999 -9999
1E0 1E0 1E0 1E0 1E0 1E0 1E0 1E0 1E0 1E0 1E0 1E0 1E0 1E0 1E0 1E0 1E0 1E0 9.99806E-1 9.93922E-1 9.99204E-1 9.99735E-1 9.99999E-1 9.99983E-1 1E0 1E0 9.99948E-1 8.15562E-1 4.75123E-1 6.50323E-2 1.26538E-2 1.01585E-2 4.41663E-2 2.65221E-1 2.75102E-1 4.9597E-1 3.25316E-1 6.21146E-1 9.81086E-1 3.69477E-2 9.41869E-2 7.69375E-2 3.32731E-2 4.7286E-3 4.80521E-2 1.48082E-1 2.99926E-1 1.38089E-1 4.74566E-2 7.37342E-2 8.31098E-2 3.77225E-1 4.51506E-1 2.01345E-1 9.55316E-2 1.49267E-1 2.15365E-1 4.85362E-1 6.12111E-1 1.77535E-1 7.63886E-2 6.45501E-2 2.44639E-1 2.62581E-1 1.24521E-1 3.6426E-2 9.97802E-2 6.60718E-2 4.95656E-2 8.79163E-3 1.58422E-2 -9999 -9999
1E0 1E0 1E0 1E0 1E0 1E0 1E0 1E0 1E0 1E0 1E0 1E0 1E0 1E0 1E0 1E0 1E0 1E0 9.99977E-1 9.93956E-1 9.9994E-1 1E0 9.99998E-1 9.99999E-1 1E0 9.99994E-1 9.99823E-1 5.50823E-1 2.39212E-1 3.18187E-2 8.32219E-3 1.41482E-2 3.17292E-2 4.37467E-2 2.57082E-2 3.89286E-1 1.89049E-1 7.31319E-1 5.74361E-1 5.01223E-1 1.51945E-1 1.14836E-1 1.3162E-1 3.73316E-2 8.56582E-3 2.41134E-2 3.0741E-2 3.60383E-2 2.8434E-2 2.69731E-2 4.98511E-2 6.90575E-2 8.11584E-2 1.09004E-1 1.71889E-1 6.84136E-1 1.11893E-1 1.84578E-1 2.60019E-1 2.44891E-1 8.93117E-2 5.11724E-2 9.49966E-2 4.93165E-2 3.14256E-2 4.21688E-2 5.20687E-2 1.6237E-2 2.86452E-2 2.22063E-2 9.63005E-3 -9999 -9999
1E0 1E0 1E0 1E0 1E0 1E0 1E0 1E0 1E0 1E0 1E0 1E0 1E0 1E0 1E0 1E0 9.99986E-1 1E0 1E0 1E0 1E0 1E0 9.99853E-1 9.99998E-1 9.99288E-1 9.58608E-1 9.7856E-1 5.1568E-2 9.50353E-3 7.81897E-3 2.65121E-3 4.75228E-3 1.72206E-2 7.33036E-2 2.98981E-2 2.05429E-1 1.88462E-1 2.20866E-1 3.50754E-2 9.48873E-1 5.93766E-1 2.71332E-1 1.17046E-1 2.2519E-2 1.91123E-3 1.6964E-3 1.88579E-3 3.51112E-3 1.2525E-2 6.24111E-2 1.13295E-1 1.22884E-1 1.75652E-1 1.93682E-1 6.11658E-1 4.88449E-1 2.54502E-1 8.69458E-2 2.46853E-1 1.43081E-1 4.4278E-1 5.27743E-2 7.11774E-2 1.19486E-2 1.7889E-2 2.1059E-2 3.87744E-2 3.25502E-2 1.5552E-1 1.35027E-1 8.60308E-3 -9999 -9999
1E0 1E0 1E0 1E0 1E0 1E0 1E0 1E0 1E0 1E0 1E0 1E0 1E0 1E0 1E0 1E0 1E0 9.99354E-1 9.99965E-1 1E0 9.99978E-1 9.99862E-1 9.99469E-1 9.99986E-1 9.99469E-1 9.62428E-1 7.00813E-1 1.37064E-1 3.0919E-2 3.45268E-3 4.3744E-3 3.91683E-3 1.77522E-2 2.78876E-2 4.72346E-2 9.89871E-2 2.32627E-1 2.73415E-1 4.23736E-2 9.54196E-1 1.95987E-1 9.93161E-2 4.35117E-1 3.85673E-1 2.25919E-1 1.68404E-1 7.04485E-2 3.22752E-2 6.1178E-4 1.53537E-3 1.7641E-2 4.62708E-2 1.62776E-2 5.78744E-2 2.2168E-1 3.65512E-1 1.55301E-1 4.62272E-1 1.94602E-1 5.79838E-2 2.1396E-2 2.92927E-2 3.92569E-2 1.09656E-1 1.39355E-2 1.20038E-2 3.90945E-2 5.38046E-2 6.16427E-2 2.58361E-2 5.81945E-3 -9999 -9999
1E0 1E0 1E0 1E0 1E0 1E0 1E0 1E0 1E0 1E0 1E0 9.99992E-1 1E0 1E0 1E0 1E0 1E0 1E0 1E0 9.99999E-1 9.99201E-1 9.99442E-1 9.96783E-1 9.99796E-1 9.99769E-1 7.27715E-1 8.66514E-2 6.52638E-2 2.66693E-2 4.64961E-2 3.98332E-3 8.58204E-3 4.85992E-3 7.99394E-3 5.05624E-2 1.92E-1 4.91753E-1 6.85602E-1 2.44402E-1 6.2181E-1 4.35185E-1 6.74419E-1 9.02487E-1 4.93293E-1 4.29458E-1 5.81571E-1 5.95357E-1 8.71111E-2 2.1059E-1 4.67599E-2 3.00876E-2 2.02939E-3 1.52421E-2 1.19444E-2 5.5199E-2 1.17669E-1 1.9991E-1 2.16207E-1 4.12001E-1 7.25177E-2 1.41167E-1 1.13575E-1 4.61841E-2 1.99764E-1 2.69848E-2 6.36857E-3 1.78031E-2 5.74084E-2 7.99304E-2 7.95336E-2 4.20814E-3 -9999 -9999
1E0 1E0 1E0 1E0 1E0 1E0 1E0 1E0 1E0 1E0 1E0 1E0 1E0 1E0 1E0 1E0 1E0 9.99986E-1 9.99748E-1 1E0 1E0 1E0 9.99994E-1 9.99999E-1 9.9989E-1 6.58764E-1 4.16437E-2 9.12021E-3 7.4715E-3 9.85526E-3 1.20183E-2 2.7048E-2 7.07562E-3 1.47409E-2 2.29737E-2 1.02072E-1 5.34698E-1 6.20944E-1 1.40384E-1 5.85424E-1 7.55153E-1 8.33717E-1 5.86522E-1 4.30491E-1 5.0214E-1 8.25491E-1 6.56098E-1 2.69884E-1 2.76001E-1 4.44477E-1 4.58828E-2 2.46071E-2 1.19222E-2 9.56616E-3 2.30812E-1 8.66398E-2 1.34102E-1 2.70991E-1 3.20068E-1 1.06109E-1 4.91588E-2 1.47699E-2 2.28252E-2 9.32455E-2 1.96997E-1 3.72228E-2 9.60201E-3 2.73012E-2 3.56563E-2 4.08556E-2 7.34649E-3 -9999 -9999
1E0 1E0 1E0 1E0 1E0 1E0 1E0 1E0 1E0 1E0 1E0 1E0 1E0 1E0 1E0 1E0 1E0 9.9848E-1 9.99713E-1 1E0 1E0 1E0 1E0 1E0 9.68354E-1 1.36179E-1 1.39469E-2 2.31394E-3 3.87584E-3 3.26093E-3 1.71208E-2 5.26087E-2 2.44326E-2 2.66582E-2 9.67792E-2 1.28935E-1 4.76385E-1 5.49486E-1 1.81887E-2 4.27942E-1 3.0585E-1 8.17479E-1 9.08468E-1 4.28313E-1 1.50056E-1 6.69874E-2 2.01537E-1 7.14399E-1 6.35127E-1 3.57486E-1 1.4866E-1 4.30719E-2 3.29382E-3 5.9493E-3 1.39006E-1 5.417E-2 1.80577E-1 2.64354E-1 2.6069E-1 8.60634E-2 1.68978E-2 1.39648E-3 1.60044E-2 1.14332E-1 2.73942E-1 2.18189E-2 2.9462E-3 2.54281E-3 5.52151E-3 2.97639E-2 7.51585E-3 -9999 -9999
1E0 1E0 1E0 1E0 1E0 1E0 1E0 1E0 1E0 1E0 1E0 1E0 1E0 1E0 1E0 9.99957E-1 1E0 1E0 1E0 1E0 1E0 1E0 9.99986E-1 9.76083E-1 1.25283E-1 3.50364E-3 1.47723E-3 3.8722E-3 8.61809E-3 1.26587E-2 2.95311E-3 1.2032E-2 2.19019E-2 5.88871E-2 4.65751E-3 5.83901E-2 3.28439E-1 5.68544E-1 1.77697E-1 1.00352E-1 3.02971E-1 1.59038E-1 2.45308E-1 3.21687E-1 1.30483E-1 2.32012E-1 1.05789E-1 2.50464E-1 4.31903E-1 6.82061E-1 2.173E-1 2.51385E-2 3.21471E-2 3.86672E-2 1.70681E-1 8.28223E-2 7.17267E-2 1.45798E-1 9.79289E-2 2.29803E-2 3.41349E-3 1.2047E-4 8.35855E-3 7.74559E-2 1.32631E-1 2.68559E-2 1.78044E-3 1.69264E-3 5.5994E-3 5.81951E-3 3.05378E-3 6.42608E-4 -9999
1E0 1E0 1E0 1E0 1E0 1E0 1E0 1E0 1E0 9.99999E-1 9.99999E-1 1E0 1E0 1E0 1E0 9.99992E-1 9.99998E-1 9.99998E-1 1E0 1E0 1E0 9.99999E-1 8.43802E-1 6.06366E-1 1.28881E-1 4.80015E-3 3.10161E-3 1.81706E-3 7.55373E-3 1.24654E-2 7.08512E-3 1.53513E-2 1.47998E-2 4.66345E-2 6.92615E-2 1.36824E-1 3.53324E-1 5.7695E-2 4.98322E-2 3.6759E-2 1.26519E-2 8.59644E-3 1.37279E-3 1.92655E-3 6.88084E-1 2.75256E-1 1.35499E-2 6.37837E-3 1.8269E-2 9.02037E-2 9.26859E-3 1.10151E-1 2.74044E-1 1.4573E-1 5.69823E-2 3.3478E-2 1.44456E-2 3.64876E-2 2.36265E-2 3.87361E-2 2.11026E-2 6.44086E-4 5.522E-3 1.11317E-2 9.64306E-3 1.4709E-2 1.72596E-3 9.23728E-4 4.11789E-3 6.32264E-4 3.68941E-4 1.82965E-3 -9999
1E0 1E0 1E0 1E0 1E0 1E0 1E0 1E0 1E0 9.99999E-1 9.99997E-1 9.99645E-1 9.99999E-1 1E0 1E0 9.99999E-1 9.9996E-1 1E0 1E0 1E0 1E0 1E0 9.91514E-1 6.9826E-1 3.63783E-2 3.93571E-3 5.35747E-3 2.03252E-2 1.40645E-2 2.3595E-2 1.27604E-2 7.5814E-3 7.84125E-3 8.27922E-3 2.2319E-2 6.50799E-2 1.78904E-1 2.89153E-1 2.63179E-1 3.74228E-1 3.61365E-1 6.3339E-3 3.75275E-3 1.15929E-2 1.36078E-1 1.59322E-1 9.501E-2 1.87331E-2 3.7708E-2 8.9392E-2 3.1873E-1 6.37087E-2 5.87037E-2 4.36828E-2 2.25766E-2 4.1065E-3 1.98012E-3 5.32972E-3 8.37161E-3 2.06711E-2 6.22305E-3 1.17375E-3 1.46468E-3 3.54309E-3 1.27894E-3 1.7694E-3 1.12415E-3 1.11903E-3 1.21307E-3 3.50813E-4 2.92491E-4 4.79786E-4 -9999
