ENM/Final_Models/M_2_F_lq_Set_1_EC/Gustavia_santanderiensis_5_Choco_clamping.asc
ncols         367
nrows         963
xllcorner     -78.6
yllcorner     0.65
cellsize      0.00833333333333323
NODATA_value  -9999
[rows 465 to 495 of 963, columns 140 to 209 of 367]
-9999 -9999 -9999 -9999 -9999 -9999 -9999 -9999 -9999 -9999 -9999 -9999 -9999 -9999 -9999 -9999 -9999 -9999 -9999 -9999 -9999 7.77958E-4 4.38992E-2 2.9905E-3 8.5614E-6 1.04291E-8 6.98974E-11 2.66654E-6 2.57027E-6 1.43741E-12 2.85487E-10 4.24226E-7 1.52709E-9 2.1752E-10 1.77659E-10 2.81997E-14 2.04805E-8 2.36433E-11 2.43461E-10 1.66156E-12 8.04967E-12 1.20022E-10 0E0 1.08413E-12 9.59344E-13 2.14273E-14 6.44457E-7 2.15927E-12 8.09353E-14 1.11022E-16 0E0 1.33227E-15 0E0 7.20557E-12 3.33067E-16 1.03251E-14 1.11022E-16 0E0 0E0 0E0 4.00791E-14 8.54872E-15 2.9976E-15 5.55112E-16 0E0 4.44089E-16 0E0 0E0 0E0 0E0
-9999 -9999 -9999 -9999 -9999 -9999 -9999 -9999 -9999 -9999 -9999 -9999 -9999 -9999 -9999 -9999 -9999 -9999 -9999 -9999 -9999 4.0036E-3 1.31628E-5 3.57811E-7 8.6847E-10 2.63878E-12 2.33147E-15 2.60791E-13 9.23044E-10 4.15444E-6 1.58671E-11 4.99139E-11 2.69456E-10 2.29356E-8 4.82336E-7 5.14478E-10 4.05117E-9 8.66962E-10 1.4137E-9 2.95874E-13 1.11022E-16 1.67971E-11 7.43849E-15 4.64007E-11 9.19973E-11 1.45376E-10 2.4647E-14 1.64523E-11 6.15397E-12 8.88178E-16 1.39211E-12 8.65974E-15 0E0 0E0 2.504E-11 4.10783E-15 1.33227E-15 0E0 3.77476E-15 0E0 2.5091E-14 3.33067E-16 2.22045E-16 2.22045E-15 4.44089E-16 2.33147E-15 0E0 8.88178E-16 0E0 0E0
-9999 -9999 -9999 -9999 -9999 -9999 -9999 -9999 -9999 -9999 -9999 -9999 -9999 -9999 -9999 -9999 -9999 -9999 -9999 -9999 -9999 1.6849E-5 3.68202E-11 0E0 1.37668E-14 2.28065E-8 1.25177E-5 1.26179E-8 2.56205E-7 5.77509E-8 1.13466E-10 2.36366E-13 3.85248E-11 1.63968E-10 1.61957E-11 1.66808E-8 4.81432E-11 3.05767E-12 1.25011E-13 2.10942E-14 2.1283E-13 9.50776E-7 5.14273E-8 1.53473E-8 5.80611E-11 6.71485E-12 6.56884E-10 8.91169E-8 1.33227E-15 2.56462E-14 1.57652E-14 3.33067E-16 0E0 2.55351E-15 3.60389E-12 4.73921E-11 9.72888E-13 1.11022E-16 6.01741E-13 1.4902E-11 4.44089E-16 0E0 2.79776E-14 1.11022E-15 0E0 0E0 6.86118E-14 5.55112E-16 0E0 1.48226E-11
-9999 -9999 -9999 -9999 -9999 -9999 -9999 -9999 -9999 -9999 -9999 -9999 -9999 -9999 -9999 -9999 -9999 -9999 -9999 -9999 -9999 1.5291E-7 7.68074E-8 1.27487E-12 1.05177E-11 7.46958E-13 1.26129E-5 2.07263E-6 5.98104E-9 3.47541E-9 1.41356E-7 2.18392E-9 8.0036E-13 1.18713E-11 1.14776E-10 2.30926E-14 9.33172E-6 3.57404E-10 2.3781E-13 0E0 4.44089E-16 1.19188E-10 3.28239E-11 9.32451E-11 1.26652E-8 4.496E-8 4.25882E-13 4.49529E-13 0E0 4.44089E-16 1.19726E-12 4.88498E-14 0E0 3.28437E-10 4.54992E-12 3.33067E-16 5.16254E-14 2.44249E-15 2.3443E-11 1.23235E-14 4.17666E-13 0E0 0E0 0E0 0E0 1.02141E-14 0E0 0E0 1.03251E-14 6.75023E-8
-9999 -9999 -9999 -9999 -9999 -9999 -9999 -9999 -9999 -9999 -9999 -9999 -9999 -9999 -9999 -9999 -9999 -9999 -9999 -9999 -9999 1.77502E-6 5.57117E-11 2.27346E-7 1.5122E-6 5.29187E-6 2.19312E-4 1.56464E-9 3.43162E-6 2.15434E-8 1.94222E-6 1.34185E-10 1.65523E-12 1.97188E-10 2.81286E-12 7.66276E-13 5.46418E-5 2.36033E-12 5.11813E-14 6.20726E-13 4.5064E-13 1.11022E-16 2.80665E-10 2.4291E-9 6.12399E-13 2.87437E-13 5.92459E-12 9.85989E-13 0E0 0E0 0E0 8.59535E-13 1.11022E-16 1.16704E-9 9.34808E-14 9.29679E-12 1.22125E-15 1.80311E-12 4.70401E-13 6.11054E-10 1.69864E-14 0E0 0E0 0E0 0E0 0E0 0E0 1.36557E-14 2.37907E-8 7.97383E-5
-9999 -9999 -9999 -9999 -9999 -9999 -9999 -9999 -9999 -9999 -9999 -9999 -9999 -9999 -9999 -9999 -9999 -9999 -9999 -9999 -9999 1.30542E-8 9.49328E-8 5.87308E-13 3.99473E-6 4.55965E-7 6.47406E-8 1.96722E-9 5.56208E-10 3.13411E-10 4.74513E-7 5.18033E-10 4.1289E-8 1.97413E-10 2.58471E-12 4.90766E-11 1.45439E-14 4.80171E-13 1.29503E-11 2.65843E-12 1.37668E-14 3.36031E-12 3.8138E-10 1.67848E-8 3.34177E-14 2.80953E-12 4.44089E-16 4.44089E-16 2.55351E-15 0E0 0E0 0E0 1.9984E-15 6.64535E-12 2.70894E-14 1.17424E-11 1.05327E-12 5.55112E-16 8.18012E-13 3.79508E-12 0E0 0E0 7.77156E-16 0E0 0E0 0E0 0E0 8.75151E-11 4.8868E-3 1.89133E-2
-9999 -9999 -9999 -9999 -9999 -9999 -9999 -9999 -9999 -9999 -9999 -9999 -9999 -9999 -9999 -9999 -9999 -9999 -9999 -9999 -9999 -9999 6.48531E-8 7.14796E-6 4.03833E-7 4.50019E-8 4.90791E-4 5.05279E-7 2.03429E-10 1.30185E-7 7.15483E-6 9.86644E-8 3.2703E-7 2.496E-12 4.45977E-13 1.69766E-11 1.69751E-11 7.33286E-11 9.70455E-11 7.19452E-7 2.4877E-7 2.87492E-12 1.46898E-10 2.81997E-14 1.93672E-9 3.21276E-12 4.10494E-12 6.99441E-15 1.11022E-16 1.66533E-15 0E0 0E0 1.11022E-15 4.90097E-12 8.94015E-10 9.04855E-10 5.75096E-13 6.19504E-14 3.92415E-11 7.39927E-9 0E0 0E0 0E0 0E0 0E0 0E0 0E0 1.97674E-11 5.3165E-9 3.19539E-3
-9999 -9999 -9999 -9999 -9999 -9999 -9999 -9999 -9999 -9999 -9999 -9999 -9999 -9999 -9999 -9999 -9999 -9999 -9999 -9999 -9999 -9999 1.34277E-8 2.15295E-8 1.25749E-6 2.32964E-10 2.64399E-7 3.99762E-10 3.03983E-8 2.00016E-10 4.69624E-14 6.20846E-10 3.03024E-10 7.7538E-13 3.37508E-14 3.05311E-14 2.64566E-13 9.05653E-11 3.04612E-12 2.84772E-13 2.58016E-13 2.10588E-11 3.44169E-14 0E0 0E0 1.72085E-14 1.31006E-14 1.82476E-11 3.24253E-11 5.59108E-13 3.90221E-12 0E0 0E0 4.91829E-14 1.98175E-12 1.28786E-14 8.46174E-10 3.11814E-10 2.68513E-11 2.41251E-13 2.1575E-12 0E0 2.22045E-16 0E0 0E0 0E0 0E0 1.01141E-13 5.07187E-7 2.51913E-4
-9999 -9999 -9999 -9999 -9999 -9999 -9999 -9999 -9999 -9999 -9999 -9999 -9999 -9999 -9999 -9999 -9999 -9999 -9999 -9999 -9999 7.7145E-12 3.81806E-9 4.20973E-8 4.14981E-9 4.08788E-7 4.59713E-6 1.20361E-9 1.20171E-7 2.97558E-5 1.30143E-10 2.27088E-9 5.19512E-9 3.46386E-9 1.54787E-12 6.32827E-13 1.60927E-12 1.11955E-12 2.22045E-16 1.02046E-11 2.42695E-13 2.59998E-11 0E0 7.19647E-13 1.9984E-15 3.88578E-15 4.2033E-13 7.88258E-15 4.19553E-13 2.09146E-9 3.82027E-11 0E0 0E0 1.11022E-16 1.11022E-16 1.11022E-16 1.33227E-15 2.29494E-12 5.78337E-12 1.00142E-13 0E0 0E0 0E0 4.14113E-14 1.46957E-8 4.22982E-6 1.1962E-4 4.79085E-9 6.9128E-8 5.30859E-11
-9999 -9999 -9999 -9999 -9999 -9999 -9999 -9999 -9999 -9999 -9999 -9999 -9999 -9999 -9999 -9999 -9999 -9999 -9999 -9999 -9999 4.56929E-8 1.25128E-9 2.20463E-9 4.47717E-11 1.8352E-13 2.31149E-6 6.28874E-7 2.39133E-9 3.95284E-12 6.43495E-10 1.56379E-9 7.96852E-7 1.13907E-6 1.35883E-7 3.30402E-13 5.80647E-14 5.55112E-16 1.34781E-13 3.48892E-10 5.36475E-10 8.73746E-14 2.8888E-13 2.22045E-16 3.66374E-14 4.66294E-15 2.36478E-14 3.29736E-14 9.20375E-14 5.68212E-13 1.26287E-11 8.9484E-14 3.33067E-16 5.58442E-14 1.22125E-15 3.48499E-13 9.68204E-11 5.67779E-12 1.44373E-12 7.81153E-13 0E0 0E0 1.11022E-16 0E0 0E0 0E0 0E0 0E0 4.77396E-15 3.51996E-12
-9999 -9999 -9999 -9999 -9999 -9999 -9999 -9999 -9999 -9999 -9999 -9999 -9999 -9999 -9999 -9999 -9999 -9999 -9999 -9999 -9999 1.04132E-7 8.46392E-7 2.29767E-9 1.18353E-9 8.17107E-9 1.23779E-7 7.5745E-10 1.47674E-11 6.94036E-11 8.6553E-13 2.48952E-10 4.99092E-11 1.26188E-10 1.00556E-10 1.06765E-11 0E0 1.11022E-16 5.7232E-13 4.996E-14 2.38452E-10 9.83513E-12 7.72382E-13 7.3061E-11 1.0063E-10 1.99252E-12 1.11095E-10 1.48327E-11 8.84781E-12 9.87748E-11 6.32827E-15 1.11022E-16 3.33067E-16 2.34257E-14 4.4742E-13 2.38698E-14 3.22432E-11 2.93416E-9 7.20091E-13 4.60852E-11 0E0 1.75748E-13 0E0 0E0 0E0 5.87159E-8 1.11022E-16 6.86118E-14 0E0 1.7882E-10
-9999 -9999 -9999 -9999 -9999 -9999 -9999 -9999 -9999 -9999 -9999 -9999 -9999 -9999 -9999 -9999 -9999 -9999 -9999 -9999 -9999 1.2466E-9 4.42411E-7 4.06678E-10 4.07562E-11 6.96554E-13 2.17604E-14 3.88112E-12 3.49549E-10 2.72612E-9 8.01581E-12 4.91703E-11 2.80221E-11 5.64023E-10 3.32179E-13 1.65312E-13 2.22045E-16 3.33067E-16 0E0 1.55431E-15 2.43416E-12 7.19536E-13 6.94633E-12 1.37927E-11 4.2873E-10 1.1502E-9 1.98704E-11 4.01235E-13 1.6156E-12 3.07143E-12 7.46625E-13 1.51656E-13 3.69991E-10 1.55431E-15 7.1001E-12 1.26751E-11 2.591E-9 2.88658E-15 1.35114E-13 2.68674E-14 0E0 0E0 0E0 0E0 3.47167E-13 6.96814E-11 5.90494E-12 8.34888E-14 1.21549E-6 5.9752E-11
-9999 -9999 -9999 -9999 -9999 -9999 -9999 -9999 -9999 -9999 -9999 -9999 -9999 -9999 -9999 -9999 -9999 -9999 -9999 -9999 -9999 8.03546E-12 1.93418E-9 1.61508E-10 4.98855E-11 1.29119E-12 3.76998E-9 1.26547E-8 1.77636E-15 6.7113E-13 1.62613E-11 3.8225E-13 5.92948E-12 2.85678E-11 3.68594E-14 2.53797E-13 1.99396E-13 2.19336E-9 1.46218E-10 2.56795E-13 6.09664E-10 8.10463E-15 1.32123E-9 1.41018E-10 1.23501E-12 6.88338E-15 3.29391E-9 3.92797E-13 5.07594E-13 1.28342E-13 2.39375E-12 6.80567E-14 1.5099E-13 9.16732E-10 3.23821E-10 3.94583E-10 4.28239E-9 3.21165E-12 0E0 0E0 0E0 0E0 2.77556E-15 0E0 9.99201E-16 7.34524E-13 2.49689E-13 3.97551E-11 0E0 1.34126E-10
-9999 -9999 -9999 -9999 -9999 -9999 -9999 -9999 -9999 -9999 -9999 -9999 -9999 -9999 -9999 -9999 -9999 -9999 -9999 -9999 -9999 4.03681E-9 -9999 2.08398E-9 6.54587E-13 7.23845E-8 1.68173E-8 9.13293E-5 2.09206E-8 4.52216E-12 3.65263E-14 1.91969E-12 3.4428E-12 1.11022E-16 2.36934E-9 8.72677E-11 1.10978E-12 5.12593E-11 2.70683E-12 2.04903E-8 1.6751E-12 5.22915E-14 7.74904E-10 4.58314E-9 5.63769E-11 1.30237E-10 1.08716E-10 4.46954E-12 8.53675E-11 2.33125E-12 2.51277E-12 1.31538E-9 1.53035E-11 9.22325E-10 1.04855E-11 2.22045E-15 1.04951E-9 2.34864E-11 2.12053E-14 0E0 2.79776E-14 0E0 0E0 7.99194E-12 5.90902E-11 4.49138E-8 1.31251E-11 2.62124E-12 2.66454E-15 0E0
-9999 -9999 -9999 -9999 -9999 -9999 -9999 -9999 -9999 -9999 -9999 -9999 -9999 -9999 -9999 -9999 -9999 -9999 -9999 -9999 -9999 9.77028E-9 1.33109E-10 1.31656E-9 3.33297E-8 6.06734E-10 1.30723E-6 2.33589E-5 1.34629E-8 2.96719E-8 8.91568E-11 0E0 3.34233E-12 4.13343E-10 1.69943E-10 6.01147E-11 2.14045E-8 1.77026E-10 1.51279E-12 4.55697E-9 4.70191E-12 2.08875E-8 1.91983E-7 4.54043E-8 3.90982E-8 1.40221E-12 1.03704E-10 9.66756E-11 2.08E-12 3.38854E-10 1.68045E-9 1.46369E-10 1.70438E-11 1.17795E-13 4.5608E-13 1.27232E-13 1.08524E-11 5.19229E-11 6.16174E-14 5.43565E-13 3.17524E-14 7.42395E-12 1.35569E-11 0E0 6.77236E-15 1.83892E-8 5.83866E-13 2.6721E-11 2.66591E-11 3.33067E-16
-9999 -9999 -9999 -9999 -9999 -9999 -9999 -9999 -9999 -9999 -9999 -9999 -9999 -9999 -9999 -9999 -9999 -9999 -9999 -9999 -9999 5.57371E-3 2.89052E-3 3.54082E-5 2.80046E-6 -9999 8.27081E-7 4.88631E-10 6.53323E-9 8.54095E-13 1.03331E-9 1.65285E-6 3.05422E-13 1.35947E-12 9.37139E-13 1.87186E-7 1.13597E-8 9.61831E-12 1.91819E-8 1.03434E-11 2.71412E-11 3.278E-10 9.76569E-9 5.4293E-9 1.72143E-9 2.58727E-9 8.94418E-12 2.72493E-12 6.94862E-11 1.87628E-13 1.23246E-12 1.11022E-15 1.58725E-10 1.58026E-9 2.05391E-13 2.22045E-16 1.10179E-12 1.11022E-16 2.22045E-16 7.77156E-15 3.33067E-16 1.15133E-10 0E0 0E0 3.73368E-13 0E0 0E0 2.44513E-11 6.32827E-15 1.33227E-15
-9999 -9999 -9999 -9999 -9999 -9999 -9999 -9999 -9999 -9999 -9999 -9999 -9999 -9999 -9999 -9999 -9999 -9999 -9999 -9999 -9999 7.73418E-3 2.03657E-4 2.021E-5 1.26718E-7 1.103E-8 1.26881E-4 1.14322E-9 1.96955E-9 6.64033E-7 3.08361E-5 1.57466E-4 2.37517E-3 1.99812E-3 7.24037E-5 4.2788E-5 6.46208E-6 5.28398E-8 6.23238E-8 3.24821E-7 9.71812E-10 7.66665E-8 2.61662E-6 4.91442E-9 1.19643E-10 4.49186E-11 1.84175E-12 7.10543E-15 4.44089E-16 9.80397E-10 1.7528E-11 2.05916E-11 3.96017E-13 2.2049E-13 1.65613E-9 2.51221E-12 6.71241E-13 9.99201E-16 1.89672E-10 8.78186E-14 2.88604E-11 6.94064E-11 2.22045E-16 1.34892E-13 3.55271E-15 1.12732E-12 0E0 5.36018E-9 2.09013E-11 7.85683E-12
-9999 -9999 -9999 -9999 -9999 -9999 -9999 -9999 -9999 -9999 -9999 -9999 -9999 -9999 -9999 -9999 -9999 -9999 -9999 -9999 -9999 2.45787E-3 1.35886E-5 4.50123E-6 2.25548E-8 9.2303E-9 1.81052E-7 3.03943E-8 3.2995E-8 1.72083E-6 1.06961E-6 3.90917E-6 7.15983E-7 5.3121E-5 6.0055E-5 3.41391E-9 1.49188E-8 3.59382E-10 1.10186E-11 8.07228E-7 8.53189E-8 5.43161E-8 5.72473E-7 4.9423E-10 5.4545E-11 3.43753E-11 6.29065E-11 9.0844E-12 4.98115E-11 1.75787E-9 3.4714E-9 6.22153E-10 1.5371E-9 6.93619E-8 6.36158E-14 4.21885E-15 1.00496E-11 1.34959E-12 3.41727E-13 3.97677E-11 3.88038E-10 5.61516E-9 9.99201E-16 7.23932E-12 9.88098E-15 8.88178E-16 1.11022E-16 5.25746E-12 1.00142E-13 1.00364E-13
-9999 -9999 -9999 -9999 -9999 -9999 -9999 -9999 -9999 -9999 -9999 -9999 -9999 -9999 -9999 -9999 -9999 -9999 -9999 -9999 -9999 5.92498E-5 2.77357E-4 6.54327E-4 4.6001E-5 9.52021E-6 5.24352E-8 2.41544E-7 9.26337E-6 5.39798E-9 4.35471E-5 2.86422E-5 2.9144E-8 1.68527E-5 5.82321E-3 6.13223E-7 1.92513E-13 1.08136E-13 1.09059E-7 7.08801E-7 9.61682E-8 4.43348E-11 8.06918E-9 1.04893E-10 1.20792E-13 1.42997E-13 2.90772E-10 2.60791E-13 8.62976E-13 5.17586E-13 2.01193E-9 2.10942E-15 4.30322E-13 2.84361E-12 1.8191E-12 6.03961E-13 6.99441E-15 0E0 4.44089E-16 2.41572E-9 8.46748E-10 2.98317E-8 4.09339E-13 5.17099E-8 3.08216E-11 6.03718E-11 4.90816E-11 8.88178E-16 6.82454E-13 2.00395E-13
-9999 -9999 -9999 -9999 -9999 -9999 -9999 -9999 -9999 -9999 -9999 -9999 -9999 -9999 -9999 -9999 -9999 -9999 -9999 -9999 -9999 7.14411E-3 1.36464E-2 3.16898E-3 1.28555E-5 1.8485E-4 1.34616E-5 1.71497E-5 9.6883E-6 7.1139E-11 1.53219E-7 1.83422E-7 1.88439E-11 1.35826E-11 1.86802E-6 1.9861E-10 3.62932E-13 3.20547E-10 6.62803E-14 2.05325E-9 1.94341E-8 3.04602E-9 5.63207E-11 2.98921E-11 7.88258E-15 2.50324E-10 1.4766E-14 2.88658E-15 3.84938E-10 7.71894E-12 5.42899E-13 1.11022E-16 7.13996E-12 3.4639E-14 8.88178E-16 0E0 0E0 0E0 5.75362E-12 1.72085E-14 1.7198E-9 2.25485E-8 7.93676E-12 1.03251E-14 4.05352E-10 7.26282E-11 2.38717E-10 8.82272E-12 5.74318E-13 3.2087E-11
-9999 -9999 -9999 -9999 -9999 -9999 -9999 -9999 -9999 -9999 -9999 -9999 -9999 -9999 -9999 -9999 -9999 -9999 -9999 -9999 -9999 1.00037E-2 3.71207E-3 1.45699E-3 5.74199E-3 3.54366E-4 2.52466E-7 2.4303E-8 7.35275E-7 2.49943E-11 3.21965E-15 9.99201E-15 5.31826E-8 1.86143E-9 5.4095E-11 4.45007E-11 2.95441E-12 8.72415E-11 1.46121E-11 2.46404E-11 4.00462E-10 2.05012E-10 1.35864E-10 1.96509E-14 1.97398E-13 7.81597E-14 1.11022E-16 4.68514E-14 5.72653E-13 7.56453E-9 9.77773E-13 2.15779E-9 8.17631E-10 8.57325E-12 4.29656E-14 2.51466E-13 0E0 0E0 7.76046E-14 2.10942E-15 9.40652E-9 1.43476E-6 2.40636E-9 1.8409E-10 8.3062E-10 2.36383E-11 5.46664E-9 7.77156E-16 2.22045E-16 4.43001E-12
-9999 -9999 -9999 -9999 -9999 -9999 -9999 -9999 -9999 -9999 -9999 -9999 -9999 -9999 -9999 -9999 -9999 -9999 -9999 -9999 -9999 7.3129E-4 3.90204E-4 9.09656E-4 9.74491E-4 3.10398E-6 2.27476E-11 4.54192E-13 1.74449E-12 5.97923E-9 4.21784E-9 3.41808E-11 1.41997E-8 5.6366E-13 1.41518E-10 2.0039E-10 9.51969E-7 2.93499E-8 1.31968E-8 3.61524E-11 1.54324E-11 2.52509E-12 1.59106E-12 0E0 2.29539E-12 4.22895E-12 1.15463E-14 1.68987E-12 7.22755E-14 1.1364E-11 1.11022E-16 0E0 2.68727E-10 7.89369E-14 0E0 1.11022E-16 0E0 2.1505E-13 1.02402E-7 1.75733E-11 7.72913E-11 5.67279E-5 1.64386E-10 3.39728E-14 5.58886E-13 6.66134E-15 4.77396E-15 2.50852E-6 2.69307E-12 4.39648E-14
-9999 -9999 -9999 -9999 -9999 -9999 -9999 -9999 -9999 -9999 -9999 -9999 -9999 -9999 -9999 -9999 -9999 -9999 -9999 -9999 -9999 1.00983E-5 1.19421E-7 7.5499E-5 1.18475E-5 1.90061E-8 7.02475E-7 3.68285E-9 2.35573E-10 2.51899E-8 3.45177E-9 3.7479E-10 8.58377E-5 2.05852E-5 4.36372E-5 2.82647E-5 4.0806E-8 8.39127E-9 9.83081E-9 9.55593E-8 1.87327E-11 5.19717E-9 3.10862E-15 0E0 3.33067E-16 4.91263E-12 2.27811E-11 7.90479E-14 0E0 0E0 0E0 0E0 0E0 1.55431E-15 8.88178E-16 1.8352E-13 4.44089E-16 2.39991E-7 6.14403E-10 8.81831E-9 1.36584E-7 4.90542E-6 3.98229E-3 1.63425E-13 4.44089E-16 4.15734E-10 2.26597E-13 2.22045E-16 5.88418E-15 0E0
-9999 -9999 -9999 -9999 -9999 -9999 -9999 -9999 -9999 -9999 -9999 -9999 -9999 -9999 -9999 -9999 -9999 -9999 -9999 -9999 -9999 1.33694E-5 5.22078E-6 3.50187E-5 1.8382E-5 5.36745E-9 4.83483E-8 5.37491E-7 5.08616E-7 1.72282E-10 2.5834E-8 1.44048E-10 1.89863E-2 5.1246E-3 4.40092E-6 1.67136E-4 9.31885E-5 1.31897E-7 3.65963E-5 2.31634E-9 3.60512E-12 1.76869E-11 2.90101E-13 1.32117E-14 3.53184E-12 4.32987E-14 8.72524E-13 5.10703E-15 0E0 4.95021E-9 0E0 0E0 0E0 2.96877E-10 4.77396E-15 7.23521E-12 7.70006E-11 2.28197E-4 9.66475E-5 6.79922E-4 2.93174E-3 2.04694E-4 2.05346E-5 1.31982E-9 1.95399E-14 4.50053E-7 5.86791E-7 6.61361E-9 1.11022E-16 0E0
-9999 -9999 -9999 -9999 -9999 -9999 -9999 -9999 -9999 -9999 -9999 -9999 -9999 -9999 -9999 -9999 -9999 -9999 -9999 -9999 9.80948E-6 1.0608E-8 2.20176E-5 1.32241E-5 1.10768E-3 1.2589E-7 1.90277E-8 6.67746E-10 6.21503E-13 1.92624E-13 5.12714E-9 1.3211E-8 1.3087E-6 4.73988E-4 2.23418E-4 8.15289E-5 1.19808E-6 6.1562E-5 4.84687E-4 1.07036E-6 3.32844E-10 5.23274E-11 3.03491E-12 4.1952E-12 4.61964E-13 9.56057E-12 3.55271E-15 0E0 2.22045E-16 6.86118E-14 1.11022E-16 5.44009E-15 1.11022E-16 1.1944E-10 1.08358E-11 6.01591E-9 1.86721E-6 2.28997E-4 4.33732E-6 4.62781E-3 8.03534E-4 1.8601E-6 3.42404E-9 1.62325E-11 2.1253E-12 7.09074E-8 2.89774E-7 9.09459E-8 7.53841E-14 1.30366E-11
-9999 -9999 -9999 -9999 -9999 -9999 -9999 -9999 -9999 -9999 -9999 -9999 -9999 -9999 -9999 -9999 -9999 -9999 -9999 -9999 9.77388E-9 1.35389E-7 2.56201E-5 3.43472E-4 1.12908E-4 1.51214E-5 4.91581E-8 3.83932E-9 1.03063E-10 1.83951E-10 2.39256E-10 1.29117E-9 9.1817E-5 3.91355E-5 1.02502E-3 6.13438E-4 1.19338E-5 4.01603E-5 1.53659E-5 2.10899E-10 9.95337E-9 1.56541E-14 1.16906E-13 2.03114E-11 2.3026E-12 1.51169E-11 3.83271E-12 1.22236E-13 5.77316E-15 1.11022E-16 4.71845E-14 1.54099E-13 1.79681E-10 6.42797E-6 1.96426E-7 3.00672E-9 7.4506E-8 9.36672E-8 5.24429E-4 7.59599E-5 2.70588E-11 2.26177E-10 1.38001E-12 2.34358E-11 6.6012E-11 3.68927E-13 1.34337E-14 7.77156E-16 6.19504E-14 1.11022E-16
-9999 -9999 -9999 -9999 -9999 -9999 -9999 -9999 -9999 -9999 -9999 -9999 -9999 -9999 -9999 -9999 -9999 -9999 -9999 -9999 1.90992E-6 1.10258E-2 1.80825E-4 4.85062E-5 8.29996E-4 1.33651E-3 5.51383E-3 2.90231E-6 7.35609E-9 6.2297E-9 2.92864E-5 9.45166E-5 2.68751E-4 7.35479E-5 5.00091E-3 1.29232E-3 1.07399E-7 4.0005E-5 3.36835E-6 1.34229E-10 7.62723E-14 6.66134E-16 0E0 2.61546E-12 4.44089E-16 5.04898E-11 4.88498E-15 7.83817E-14 1.84186E-13 4.26126E-12 7.83145E-11 0E0 3.25882E-11 9.00376E-9 3.86429E-9 2.60767E-5 4.37372E-4 4.39814E-2 9.45524E-6 1.32324E-10 1.14146E-9 1.1698E-9 1.27464E-7 8.91509E-14 3.02315E-11 4.66183E-12 0E0 2.66454E-15 9.53682E-13 2.32669E-10
-9999 -9999 -9999 -9999 -9999 -9999 -9999 -9999 -9999 -9999 -9999 -9999 -9999 -9999 -9999 -9999 -9999 -9999 -9999 -9999 9.46771E-5 1.05212E-5 2.35056E-4 2.51362E-3 1.79323E-4 6.26213E-6 1.31161E-4 1.64478E-4 2.81346E-5 2.66757E-6 1.72082E-7 1.78176E-5 1.77052E-3 3.22474E-3 3.36249E-3 1.13594E-3 6.13571E-6 2.04738E-7 9.96856E-11 1.38257E-11 0E0 2.47136E-13 3.28693E-12 3.13822E-11 0E0 8.67084E-14 5.9508E-14 2.39435E-11 4.21885E-15 0E0 8.50875E-13 5.90483E-12 9.5443E-10 9.40638E-9 4.54858E-12 1.35834E-7 1.50417E-6 2.77686E-9 3.27632E-6 1.48666E-7 3.91798E-13 2.2512E-12 3.33067E-16 6.31384E-12 8.35754E-12 4.70957E-13 5.29732E-11 8.17042E-10 9.75775E-13 1.07692E-14
-9999 -9999 -9999 -9999 -9999 -9999 -9999 -9999 -9999 -9999 -9999 -9999 -9999 -9999 -9999 -9999 -9999 -9999 -9999 7.18282E-6 2.33864E-5 2.87696E-5 1.03209E-4 3.28367E-5 1.44627E-4 7.38676E-8 9.74844E-7 2.98077E-6 1.47035E-5 5.31009E-7 4.22494E-5 7.07827E-8 4.70875E-5 9.73882E-4 1.17963E-4 1.0244E-4 1.27004E-7 2.04503E-10 1.22092E-11 9.32587E-15 1.38822E-11 2.48024E-13 5.22915E-14 0E0 2.72005E-14 3.21965E-15 5.54323E-12 3.54705E-12 4.44089E-16 1.23235E-14 0E0 0E0 2.30494E-9 6.88763E-11 4.71299E-11 7.21819E-10 4.60663E-8 4.21167E-9 1.00808E-13 8.66606E-10 3.95656E-10 7.70251E-12 3.55271E-15 3.11295E-9 2.66931E-12 2.08955E-12 1.30185E-12 1.43774E-13 9.52334E-10 2.3952E-11
-9999 -9999 -9999 -9999 -9999 -9999 -9999 -9999 -9999 -9999 -9999 -9999 -9999 -9999 -9999 -9999 -9999 -9999 -9999 1.28764E-7 4.51867E-6 2.21489E-6 2.46607E-4 1.1075E-4 1.10393E-6 1.22754E-6 1.16647E-7 7.93652E-6 3.66572E-7 2.88007E-4 1.09281E-4 1.04235E-5 3.44356E-6 2.2106E-5 1.78043E-4 1.86073E-4 1.78229E-8 5.69534E-8 2.5422E-8 3.77476E-15 3.86824E-11 5.55112E-16 1.33227E-15 1.59539E-13 3.42282E-13 4.20775E-14 1.0103E-14 5.55556E-13 1.53199E-11 1.59273E-12 0E0 1.13465E-13 4.49761E-10 4.94666E-10 7.08618E-6 7.97954E-11 4.3994E-8 4.80618E-10 2.67564E-14 4.09801E-10 5.30243E-13 4.87781E-11 6.60134E-10 1.96867E-10 2.49833E-12 2.33591E-13 8.99468E-9 5.06765E-11 2.41082E-11 1.79933E-10
-9999 -9999 -9999 -9999 -9999 -9999 -9999 -9999 -9999 -9999 -9999 -9999 -9999 -9999 -9999 -9999 -9999 -9999 -9999 2.89782E-5 6.49711E-6 3.52345E-2 2.53466E-3 1.79755E-3 1.26922E-4 8.23829E-7 1.30137E-5 3.71877E-5 1.05957E-7 2.69642E-7 3.38258E-8 4.2794E-7 6.46051E-6 3.55097E-4 2.79458E-4 2.20034E-4 1.60339E-4 4.243E-8 6.1067E-9 9.2959E-13 7.63177E-11 2.19421E-9 8.52673E-12 9.90439E-10 1.51023E-9 1.7176E-8 1.37668E-14 1.2466E-11 1.97272E-9 1.11022E-16 1.86517E-14 3.21965E-15 3.82391E-10 2.59601E-11 3.92604E-8 7.09754E-12 1.76262E-7 3.08579E-9 2.19993E-11 4.66918E-10 5.88418E-15 3.8114E-13 2.22657E-9 3.0252E-11 6.30918E-12 1.10705E-11 7.03801E-10 1.70676E-10 5.82037E-9 2.95282E-10
