ENM/Final_Models/M_2_F_lq_Set_1_EC/Gustavia_santanderiensis_6_Choco.asc
ncols         367
nrows         963
xllcorner     -78.6
yllcorner     0.65
cellsize      0.00833333333333323
NODATA_value  -9999
[rows 720 to 749 of 963, columns 134 to 200 of 367]
9.85798E-1 9.49551E-1 9.75615E-1 9.30361E-1 9.04434E-1 9.40848E-1 8.69272E-1 8.2371E-1 8.08485E-1 9.65357E-1 9.25937E-1 7.99369E-1 7.2329E-1 9.06026E-1 8.56615E-1 9.23979E-1 9.11878E-1 9.20314E-1 5.16576E-1 1.45885E-1 7.92937E-2 3.683E-2 1.86454E-2 7.84688E-3 4.62278E-3 3.54425E-2 1.32125E-1 3.97658E-1 5.84917E-1 4.23752E-1 4.89337E-1 2.38103E-1 1.79899E-1 1.13972E-1 9.07572E-2 6.94779E-2 1.04273E-1 6.97425E-1 6.27041E-1 7.94829E-1 9.53996E-1 4.08879E-1 1.33766E-1 1.41088E-1 2.53483E-1 3.79399E-1 2.29819E-1 6.28367E-1 5.57552E-1 1.98876E-1 3.89802E-1 4.48817E-1 3.06854E-1 1.37913E-1 1.34582E-1 1.69095E-1 1.5994E-1 1.45747E-1 1.51961E-1 4.07583E-2 2.43652E-2 2.30188E-2 8.9478E-4 2.01522E-4 4.21051E-4 2.02042E-3 8.29187E-4
9.40126E-1 9.92584E-1 9.06695E-1 9.56684E-1 9.67597E-1 9.57398E-1 8.11584E-1 9.51755E-1 9.14987E-1 8.55285E-1 8.70096E-1 7.98572E-1 6.9324E-1 7.33574E-1 6.72511E-1 8.68562E-1 9.33636E-1 9.14677E-1 6.928E-1 1.32681E-1 1.11964E-1 1.46993E-1 8.57647E-2 2.86332E-2 1.08938E-2 6.16397E-2 2.96797E-1 3.9579E-1 3.92128E-1 3.38363E-1 2.93101E-1 1.27707E-1 7.48611E-2 2.87606E-2 8.71303E-3 1.9395E-2 4.22374E-2 2.11701E-1 6.47834E-1 8.67979E-1 9.60024E-1 6.99572E-1 5.42724E-1 6.62245E-1 5.08565E-1 6.63655E-1 6.82302E-1 8.28562E-1 3.74531E-1 1.75175E-1 2.78959E-1 2.7075E-1 3.23974E-1 1.75677E-1 1.40992E-1 4.95117E-2 9.60813E-2 1.12595E-1 6.75666E-2 6.56684E-2 4.62891E-2 1.53318E-2 3.18055E-3 1.65334E-4 1.40658E-4 7.10426E-4 1.80707E-4
9.81364E-1 9.85512E-1 9.37416E-1 9.8605E-1 9.46504E-1 9.40218E-1 7.48412E-1 9.61488E-1 9.70952E-1 9.38224E-1 9.35561E-1 9.14302E-1 7.92062E-1 7.78261E-1 6.87744E-1 8.86988E-1 9.62271E-1 9.40907E-1 8.6759E-1 3.45419E-1 4.62041E-1 4.37623E-1 1.78689E-1 4.38198E-2 4.98751E-2 1.4152E-1 2.81455E-1 1.79327E-1 1.44574E-1 1.30984E-1 9.90288E-2 3.71023E-2 3.95469E-2 5.40438E-3 1.53667E-2 6.98534E-2 1.42728E-2 1.46427E-1 5.40862E-1 9.20273E-1 9.6649E-1 8.91157E-1 9.32824E-1 9.46391E-1 8.52284E-1 8.28203E-1 7.39434E-1 7.42358E-1 5.46455E-1 6.40767E-1 6.60693E-1 4.75261E-1 2.53477E-1 7.10572E-2 5.26907E-2 3.05301E-2 2.36332E-2 9.61575E-2 6.6316E-2 7.38878E-2 2.9957E-2 2.23129E-3 2.0986E-4 4.7586E-5 7.04164E-5 2.8521E-4 1.39105E-4
9.65499E-1 9.71283E-1 9.2872E-1 7.4531E-1 8.08319E-1 7.04124E-1 7.77371E-1 6.95265E-1 8.06579E-1 8.29836E-1 9.08009E-1 8.20766E-1 8.58435E-1 6.57252E-1 8.66655E-1 9.24884E-1 9.27918E-1 9.26508E-1 7.62342E-1 7.61265E-1 6.29689E-1 5.36357E-1 3.43535E-1 2.38359E-1 1.22113E-1 4.98371E-2 6.05315E-2 6.28879E-2 3.19492E-2 3.25362E-2 3.30336E-2 5.42606E-3 1.01598E-2 8.46142E-3 1.58149E-2 1.17798E-1 6.02074E-2 1.70492E-1 6.79372E-1 9.74387E-1 8.8028E-1 3.54168E-1 5.39989E-1 7.93291E-1 5.38933E-1 2.22738E-1 1.04843E-1 1.04985E-1 5.10048E-1 4.58985E-1 1.0778E-1 5.23125E-1 3.50269E-1 1.13186E-1 1.8338E-2 1.60842E-2 5.42564E-2 7.81794E-2 5.60867E-2 1.33511E-2 1.05835E-3 1.54321E-4 1.04926E-4 1.44398E-4 2.04784E-4 7.12809E-5 2.8234E-5
9.76336E-1 9.71949E-1 9.24038E-1 7.60001E-1 6.8864E-1 7.69751E-1 8.17383E-1 7.45122E-1 8.40606E-1 6.66195E-1 6.19873E-1 6.27609E-1 9.0458E-1 8.94034E-1 8.77608E-1 8.59681E-1 9.11232E-1 8.6724E-1 6.41439E-1 5.51438E-1 3.81316E-1 2.66545E-1 2.82514E-1 1.59819E-1 5.47616E-2 2.35495E-2 1.06159E-2 1.41873E-2 2.75278E-2 1.5622E-2 7.14338E-3 2.58165E-3 3.7102E-2 1.58948E-1 7.00898E-2 1.25543E-1 1.43896E-1 4.19345E-1 4.27363E-1 9.69518E-1 8.9621E-1 3.74031E-1 3.25635E-1 3.91823E-1 1.19964E-1 3.73273E-2 3.26565E-2 6.10304E-2 2.66909E-1 2.31042E-1 3.01189E-2 2.07586E-1 4.15206E-1 1.32841E-1 5.51075E-2 4.158E-2 1.31367E-1 5.01648E-2 6.07735E-3 2.9511E-3 1.30715E-3 4.72035E-4 2.70219E-4 9.97104E-4 1.59998E-3 1.05005E-3 7.24392E-5
9.12854E-1 9.38229E-1 9.06065E-1 9.22859E-1 9.14876E-1 7.56608E-1 5.81953E-1 6.59998E-1 7.39805E-1 8.75369E-1 7.91187E-1 8.78544E-1 9.33656E-1 9.19551E-1 8.33518E-1 8.95661E-1 8.72049E-1 8.42511E-1 9.10767E-1 8.38942E-1 7.26344E-1 3.80645E-1 1.79352E-1 8.60231E-2 8.01328E-2 8.66857E-2 4.92332E-2 2.61628E-2 4.07886E-2 4.56575E-2 3.06048E-2 3.30404E-2 8.2173E-2 1.92689E-1 3.23268E-1 9.9977E-2 1.42496E-1 5.3042E-1 7.94043E-1 9.6092E-1 9.62959E-1 8.59136E-1 7.94341E-1 5.58859E-1 9.31101E-2 4.00267E-2 6.25667E-3 2.97453E-2 9.36481E-2 8.90749E-2 7.84848E-2 3.6999E-1 4.14198E-1 4.06884E-1 2.7538E-1 1.79852E-1 1.16746E-1 2.81224E-2 9.85934E-3 2.44313E-3 3.07443E-4 1.18484E-3 1.58699E-3 2.75937E-3 2.30457E-3 2.118E-4 6.01449E-5
8.12E-1 8.54209E-1 8.47391E-1 9.33212E-1 8.58842E-1 7.00237E-1 7.37727E-1 7.44756E-1 6.53787E-1 7.70785E-1 6.87586E-1 8.09431E-1 8.63097E-1 7.77314E-1 7.71373E-1 7.1015E-1 5.4665E-1 6.28999E-1 7.02144E-1 7.79525E-1 8.30374E-1 5.43005E-1 3.00399E-1 2.64049E-1 2.32964E-1 1.89108E-1 5.59971E-2 1.33282E-2 3.11702E-2 3.27291E-2 3.25817E-2 1.04042E-1 6.03037E-2 1.17933E-1 1.30254E-1 1.93679E-1 5.23579E-1 6.66514E-1 9.39221E-1 9.22041E-1 9.10276E-1 9.75106E-1 8.97159E-1 3.87693E-1 1.15754E-1 4.42821E-2 5.12729E-3 5.41894E-3 6.83375E-3 1.41737E-2 1.97144E-1 1.17888E-1 2.19416E-1 4.78277E-1 3.06789E-1 1.60844E-1 1.1233E-1 2.81271E-2 7.82246E-3 1.61463E-3 1.51183E-3 1.76253E-2 1.52455E-2 1.38438E-2 3.19831E-3 3.17474E-4 7.53317E-5
9.59765E-1 7.40891E-1 8.31617E-1 7.71837E-1 8.01173E-1 8.81617E-1 8.44747E-1 7.80209E-1 7.26489E-1 6.04054E-1 5.48985E-1 6.47492E-1 7.85557E-1 7.51445E-1 6.75207E-1 4.61205E-1 2.44446E-1 2.79573E-1 2.40996E-1 2.73039E-1 4.24283E-1 4.92903E-1 4.87368E-1 3.87366E-1 1.87986E-1 4.47652E-2 2.31705E-2 7.38096E-3 1.45793E-2 3.31557E-2 4.10784E-2 9.10058E-2 1.38642E-1 1.86783E-1 3.50142E-1 6.37249E-1 5.9457E-1 9.3355E-1 7.45305E-1 2.9384E-1 5.86638E-1 8.74051E-1 8.99281E-1 4.29341E-1 1.00379E-1 2.18321E-2 4.95602E-2 3.49588E-2 2.60666E-2 8.23706E-3 2.75395E-2 2.54015E-2 1.08636E-1 1.65072E-1 3.37355E-1 2.63477E-1 8.4438E-2 3.96272E-2 4.63151E-3 1.41934E-2 1.9615E-2 3.82935E-2 2.45197E-2 4.66051E-3 3.88553E-3 2.04228E-4 1.76674E-5
8.99014E-1 7.97328E-1 8.88995E-1 7.1108E-1 6.612E-1 8.36964E-1 7.80328E-1 8.7382E-1 7.00105E-1 5.97202E-1 3.73499E-1 5.37842E-1 7.81396E-1 7.70827E-1 6.63032E-1 5.94614E-1 4.30212E-1 2.92593E-1 3.16854E-1 2.37702E-1 2.33112E-1 2.80111E-1 2.78123E-1 1.63105E-1 2.91419E-2 3.24724E-3 1.41158E-3 2.43452E-3 9.93627E-3 2.64975E-2 5.90544E-2 3.01399E-1 3.77753E-1 2.36375E-1 2.72659E-1 7.84924E-1 8.81193E-1 8.5957E-1 5.92018E-1 2.13226E-1 1.22053E-1 3.48716E-1 5.72018E-1 9.06937E-1 3.46212E-1 1.10033E-1 1.27598E-1 1.2034E-1 2.0159E-2 6.17198E-3 2.7976E-3 1.57164E-2 1.12555E-1 2.75676E-1 2.87504E-1 3.55685E-1 1.16118E-1 2.19594E-2 5.12499E-2 8.59524E-2 7.13271E-2 1.87395E-2 1.50743E-3 2.63705E-3 7.76125E-4 7.91589E-4 1.27147E-5
7.80227E-1 8.59909E-1 8.73765E-1 6.83603E-1 6.64262E-1 9.39907E-1 7.43978E-1 9.0865E-1 7.17815E-1 3.75926E-1 2.38737E-1 3.64491E-1 5.41403E-1 6.16807E-1 5.75332E-1 5.38829E-1 4.95411E-1 3.66481E-1 2.55786E-1 2.02881E-1 1.89816E-1 2.32869E-1 1.04852E-1 6.55777E-2 2.15776E-2 6.34095E-3 3.62671E-3 9.12512E-3 1.55433E-2 5.29725E-2 8.56631E-2 1.89659E-1 2.39911E-1 5.10455E-1 7.52949E-1 9.36464E-1 8.22562E-1 2.98534E-1 1.0788E-1 1.20458E-1 6.23812E-2 1.41429E-1 7.01829E-1 8.8168E-1 6.0365E-1 4.33846E-1 2.88056E-1 3.10884E-2 1.03355E-2 1.81992E-3 4.20983E-4 8.86611E-3 3.337E-2 5.52083E-2 5.96966E-2 2.96156E-1 1.71097E-1 8.87439E-2 9.50613E-2 4.95316E-2 1.3038E-2 3.44236E-3 2.70924E-4 9.02094E-4 6.09027E-4 8.80763E-5 2.72085E-5
8.61822E-1 8.54066E-1 7.72799E-1 6.41506E-1 7.96349E-1 8.2149E-1 8.74235E-1 9.40214E-1 6.98953E-1 3.83439E-1 3.26897E-1 4.03477E-1 4.74446E-1 4.18445E-1 2.75774E-1 3.8782E-1 3.20829E-1 1.64648E-1 1.72692E-1 3.39496E-1 3.53524E-1 3.32232E-1 8.58121E-2 2.93515E-2 2.69498E-2 2.47599E-2 1.65988E-2 1.42605E-2 1.48097E-2 3.65742E-2 2.72776E-2 6.30311E-2 1.13949E-1 2.8907E-1 8.49337E-1 9.05021E-1 4.61539E-1 6.28759E-2 8.17246E-3 2.94634E-2 2.94916E-2 4.71724E-2 3.39941E-1 6.03231E-1 8.16027E-1 6.86539E-1 1.44421E-1 1.28241E-2 1.5205E-2 2.52852E-3 1.45879E-3 1.48689E-3 1.69499E-3 3.90896E-3 4.79654E-2 1.43636E-1 8.48691E-2 1.03273E-1 1.00144E-1 2.39764E-2 9.53018E-3 2.00516E-3 1.2898E-3 4.51456E-4 2.36069E-4 8.05065E-6 9.18159E-6
9.02929E-1 8.91249E-1 7.99057E-1 6.66471E-1 7.99753E-1 8.0109E-1 9.64438E-1 8.94E-1 7.9644E-1 6.75859E-1 4.48544E-1 4.06065E-1 5.26907E-1 5.09437E-1 3.1723E-1 4.72775E-1 4.29067E-1 4.52856E-1 2.9518E-1 3.8212E-1 1.97275E-1 1.47969E-1 6.81268E-2 2.49482E-2 1.84478E-2 1.14485E-2 1.38178E-2 1.79024E-2 2.77601E-2 3.33508E-2 2.00724E-2 9.2805E-2 2.36844E-1 6.00519E-1 8.94977E-1 8.0291E-1 3.13615E-1 3.9397E-2 5.67606E-3 1.69887E-2 4.5163E-2 2.00209E-1 2.98224E-1 3.18242E-1 6.95034E-1 4.17593E-1 6.07187E-2 4.36337E-2 8.42902E-3 4.01929E-3 5.63147E-3 9.42541E-3 3.47702E-3 3.55551E-3 3.59962E-2 7.49382E-2 2.66993E-2 5.49777E-2 7.47796E-2 3.4194E-2 2.21526E-2 1.90226E-2 5.11974E-3 2.56409E-3 1.49258E-5 2.28586E-5 4.61932E-6
8.55489E-1 8.81682E-1 4.78311E-1 3.04598E-1 3.54235E-1 6.92917E-1 8.38311E-1 8.42435E-1 8.93613E-1 8.65335E-1 6.47596E-1 5.46892E-1 5.16134E-1 4.06333E-1 3.96199E-1 3.31672E-1 2.7186E-1 2.63076E-1 2.20182E-1 4.21417E-1 9.00221E-2 2.62583E-2 2.87977E-2 3.36809E-2 1.75621E-2 1.45968E-2 3.06848E-2 4.05439E-2 7.76005E-2 5.14641E-2 2.56752E-2 1.17041E-1 2.40895E-1 8.43456E-1 8.16365E-1 3.46495E-1 3.77924E-1 1.00551E-1 2.45804E-2 3.65208E-2 1.07986E-1 1.47423E-1 1.7696E-1 5.96942E-2 4.40462E-2 2.38754E-1 5.2166E-1 3.23837E-1 9.42654E-2 3.07571E-2 3.62249E-2 4.95417E-2 1.19986E-2 1.65411E-2 9.64075E-3 1.60493E-2 1.07757E-2 4.06279E-2 2.31462E-2 6.02122E-2 6.1021E-3 3.61412E-3 9.29985E-5 1.17591E-4 1.64302E-5 3.80138E-6 2.46947E-6
6.87917E-1 4.74308E-1 3.13838E-1 3.17386E-1 4.26698E-1 6.5875E-1 7.3103E-1 8.28486E-1 9.09269E-1 8.71462E-1 6.58418E-1 5.45553E-1 3.30645E-1 3.23438E-1 2.01956E-1 3.07195E-1 2.89354E-1 1.67226E-1 1.40481E-1 2.01644E-1 3.09766E-2 1.88841E-2 1.71257E-2 2.27899E-2 1.59562E-2 1.20274E-2 1.91213E-2 5.12126E-2 8.10389E-2 2.56808E-1 2.59997E-1 4.54676E-1 6.38312E-1 8.16553E-1 5.7567E-1 1.06197E-1 7.66267E-2 4.75888E-2 1.81263E-2 7.0158E-3 2.1018E-2 3.7917E-2 1.77605E-1 2.64259E-2 9.83769E-2 1.89956E-1 3.51616E-1 6.94927E-1 1.89296E-1 1.23777E-1 9.08678E-2 6.51921E-2 3.77643E-2 1.18903E-2 7.29266E-3 5.23253E-3 5.57379E-3 1.88874E-2 4.36891E-3 3.26684E-2 3.00098E-2 7.37166E-3 5.38167E-4 2.4415E-5 7.6025E-7 1.08458E-5 1.23479E-5
5.90847E-1 3.0045E-1 3.83195E-1 4.12377E-1 3.70771E-1 4.49246E-1 3.37986E-1 7.02343E-1 8.98884E-1 8.67593E-1 6.701E-1 2.73736E-1 2.42999E-1 3.17936E-1 3.06106E-1 2.3354E-1 1.78294E-1 1.11307E-1 2.04919E-2 3.26235E-2 6.42466E-3 1.11299E-2 1.40221E-2 5.88841E-3 9.25308E-3 7.69496E-3 1.17822E-2 3.11709E-2 2.96444E-2 2.08511E-1 3.67559E-1 6.76413E-1 7.65212E-1 7.03265E-1 2.92233E-1 1.36695E-1 1.49463E-1 5.807E-2 2.92218E-2 7.15626E-4 1.02546E-3 6.83959E-3 1.45453E-2 1.47006E-2 5.9041E-2 9.29605E-3 6.46467E-2 6.03411E-1 5.10376E-2 6.30791E-2 4.28085E-2 5.67946E-3 3.62062E-3 1.65777E-3 7.01823E-3 1.29974E-3 1.24472E-3 2.85198E-3 7.53557E-4 1.31788E-2 8.3941E-3 1.43518E-3 1.0074E-3 4.71377E-5 1.33935E-6 9.83771E-6 3.66397E-5
6.74709E-1 3.74266E-1 3.6229E-1 3.56957E-1 4.53723E-1 4.66774E-1 3.59941E-1 4.72857E-1 7.17312E-1 6.75784E-1 3.42783E-1 1.65826E-1 2.12444E-1 3.1963E-1 2.63319E-1 9.16502E-2 1.20563E-1 9.33036E-2 1.90164E-2 4.53252E-3 1.56519E-3 6.71665E-4 6.72289E-4 8.61473E-4 7.17749E-3 1.56649E-3 2.32806E-3 1.48427E-2 4.82801E-2 7.17273E-2 3.12757E-1 7.73858E-1 7.55405E-1 2.21997E-1 2.70154E-2 7.58757E-3 1.78286E-2 6.74652E-2 3.51066E-2 5.7641E-3 4.07353E-4 5.10416E-4 5.86921E-4 6.01841E-4 3.59E-3 2.42101E-3 5.85961E-2 4.57766E-1 9.17414E-2 8.75236E-4 1.0217E-3 2.1093E-3 7.21553E-4 1.0195E-2 2.24106E-2 4.91784E-3 2.57354E-4 1.49363E-4 8.32133E-5 5.88519E-3 2.79885E-3 1.0888E-4 4.7997E-5 1.1964E-5 6.17249E-6 1.03861E-5 1.89581E-5
6.69919E-1 5.20381E-1 4.16354E-1 4.45857E-1 4.7156E-1 3.70985E-1 2.98379E-1 4.87853E-1 4.89149E-1 4.27607E-1 3.30927E-1 1.68927E-1 2.82145E-1 2.25481E-1 1.57136E-1 4.07155E-2 2.27956E-2 4.83506E-2 2.96262E-2 1.10171E-2 4.27693E-4 5.28514E-5 9.84167E-5 3.32848E-4 5.04933E-4 7.12475E-4 2.27506E-3 2.08281E-2 2.45728E-2 3.17963E-2 2.32668E-1 7.18648E-1 6.9302E-1 2.85148E-1 1.53077E-2 1.73E-3 1.5564E-3 2.80678E-2 6.49202E-3 1.93273E-3 3.85311E-4 3.17748E-5 1.68231E-5 4.24561E-5 2.24887E-4 9.12295E-4 2.33224E-2 2.10173E-1 2.63323E-1 2.56371E-3 1.47901E-3 1.65383E-3 5.30986E-3 1.61062E-2 2.20086E-2 9.58729E-3 1.50621E-3 2.90749E-5 1.77226E-5 6.55823E-5 4.97275E-4 1.4954E-4 5.69431E-6 8.62357E-6 4.51794E-6 3.22888E-6 1.80001E-5
5.19685E-1 4.82903E-1 2.96304E-1 4.44923E-1 3.62167E-1 3.51077E-1 3.1154E-1 4.23951E-1 4.34038E-1 1.89706E-1 2.04124E-1 1.94689E-1 1.72201E-1 1.05768E-1 4.52006E-2 4.65524E-3 2.4448E-3 1.52672E-2 7.57067E-3 1.14383E-3 8.35392E-5 1.30311E-5 6.65675E-6 2.72936E-5 2.28608E-5 1.65719E-4 4.18898E-3 1.93126E-2 3.31555E-2 8.73921E-2 1.51637E-1 5.33717E-1 7.22603E-1 6.43295E-1 7.59099E-2 3.19283E-2 5.22435E-3 2.80724E-3 2.84603E-3 4.72681E-4 1.3157E-4 5.34868E-5 4.10042E-5 9.24828E-4 2.00896E-2 1.22086E-2 3.31625E-2 1.04899E-1 6.06668E-1 9.93533E-2 4.61081E-2 5.73877E-2 1.10306E-1 3.33014E-2 8.65763E-3 2.47453E-3 9.04497E-4 1.92061E-5 3.21183E-6 1.14847E-5 1.18525E-5 6.84632E-6 3.07237E-6 6.03276E-6 5.96943E-6 2.53572E-6 1.96512E-6
5.87934E-1 4.30903E-1 3.16155E-1 1.94673E-1 1.81371E-1 2.87772E-1 3.12047E-1 2.86032E-1 1.67857E-1 1.16393E-1 9.85087E-2 1.34377E-1 1.03303E-1 1.31924E-1 8.91792E-2 1.11225E-2 2.77779E-4 1.04724E-3 5.38709E-4 9.23491E-5 2.07287E-5 3.1393E-6 1.84909E-6 7.18022E-6 2.63988E-6 4.22891E-5 4.37363E-4 3.17853E-3 1.03019E-2 3.51316E-2 1.63495E-1 3.10837E-1 6.01333E-1 3.8279E-1 6.91824E-2 1.17395E-2 2.7493E-3 1.08331E-3 2.73332E-4 1.05712E-4 3.11784E-4 3.2969E-4 4.707E-5 2.92794E-4 1.2973E-2 6.67811E-2 1.74343E-1 3.19704E-1 4.55385E-1 2.56948E-1 2.10541E-1 9.76286E-2 4.56524E-2 8.79386E-2 3.1136E-3 2.36503E-3 8.86937E-3 2.02298E-4 2.84414E-5 9.93872E-5 6.48728E-6 7.82223E-6 3.61263E-6 3.45057E-6 4.04113E-6 1.24367E-5 2.18035E-5
4.90684E-1 2.97549E-1 1.836E-1 2.74667E-1 2.77353E-1 3.09165E-1 3.31543E-1 2.92668E-1 1.42534E-1 1.73688E-1 2.24388E-1 1.60328E-1 4.54632E-2 1.33198E-2 3.0599E-2 1.08526E-2 2.36277E-4 1.6545E-4 7.74451E-5 9.82701E-6 1.38103E-6 1.7875E-6 4.34549E-6 6.05433E-6 1.1079E-6 7.43198E-5 6.32028E-5 4.90318E-4 1.0323E-2 5.19109E-2 3.10386E-1 5.67734E-1 3.8292E-1 8.24899E-2 1.59549E-2 5.35896E-3 1.28614E-3 3.38677E-3 6.84778E-4 2.86477E-4 4.72637E-4 2.1248E-3 1.20535E-4 7.16293E-5 1.809E-3 3.64527E-2 5.76759E-2 2.5295E-1 1.4386E-1 3.31779E-1 7.95509E-2 1.52137E-2 2.15746E-2 2.40803E-2 2.57385E-2 5.77695E-3 4.11312E-3 2.04839E-3 4.88919E-4 4.12101E-4 3.01422E-5 6.04465E-6 5.78112E-6 3.00574E-6 6.71228E-6 2.1619E-5 2.68262E-5
2.75496E-1 1.98793E-1 1.42429E-1 2.00293E-1 2.0769E-1 2.6534E-1 3.52951E-1 2.49805E-1 2.50789E-1 2.41839E-1 2.70887E-1 1.47351E-1 1.4204E-2 6.6977E-4 1.32679E-3 2.70811E-4 1.15176E-4 4.62539E-5 7.27756E-6 3.80105E-7 1.50337E-6 3.72145E-6 3.42989E-6 3.46907E-6 9.20577E-7 1.41388E-4 1.24782E-3 9.97534E-4 8.77862E-3 8.10256E-2 3.45482E-1 4.09356E-1 1.18875E-1 3.0981E-2 7.81929E-3 6.74172E-3 1.93041E-2 7.82782E-3 3.20013E-3 3.17862E-3 3.83215E-3 3.40956E-3 3.28608E-4 1.01789E-4 5.67133E-4 9.83372E-3 5.75524E-2 1.73724E-1 1.41053E-1 2.13288E-1 5.3974E-2 1.00885E-2 8.06378E-3 2.05255E-2 1.08999E-2 1.0528E-2 2.24035E-3 8.1425E-5 1.40859E-4 8.8348E-5 2.38736E-5 8.19525E-6 9.44435E-6 7.57946E-6 1.41609E-5 1.08352E-5 2.16584E-5
2.50821E-1 2.21607E-1 6.07595E-2 1.07642E-1 1.56232E-1 2.35638E-1 1.22767E-1 6.73707E-2 2.07603E-1 1.5802E-1 9.78867E-2 3.53253E-2 7.01916E-3 2.11416E-4 5.11765E-5 7.14452E-5 1.5992E-5 4.25283E-5 9.32502E-6 4.7433E-7 8.63322E-7 2.242E-6 4.1623E-6 3.85539E-6 2.75592E-5 1.3423E-3 2.76627E-3 1.06754E-2 3.31651E-2 1.16228E-1 3.53173E-1 2.19856E-1 3.82232E-2 2.56011E-2 2.77077E-2 2.76341E-2 3.46303E-2 2.14164E-2 1.14096E-2 2.01459E-2 1.09729E-2 2.4785E-3 3.62044E-4 1.48618E-3 7.299E-3 1.13508E-2 9.49127E-2 1.59245E-1 7.21742E-2 1.59446E-1 4.91201E-2 2.54949E-2 5.67964E-3 1.76866E-2 1.19315E-2 1.09303E-3 3.62625E-4 8.18071E-6 1.99866E-6 3.47484E-5 1.91946E-5 3.97177E-6 7.28722E-6 1.19006E-5 1.44189E-5 1.9551E-5 1.31619E-5
3.64712E-1 2.02926E-1 1.18168E-1 1.08072E-1 1.55506E-1 2.66185E-1 8.9566E-2 4.56974E-2 1.30277E-1 1.68028E-1 8.31146E-2 5.84146E-2 1.46491E-2 6.99892E-4 2.85677E-4 4.74233E-4 1.58988E-4 1.04719E-4 3.66006E-6 4.97473E-6 7.38672E-5 8.32652E-5 1.4336E-4 2.0749E-5 2.26352E-4 5.70227E-4 2.43085E-3 2.10913E-2 8.27754E-2 9.19908E-2 1.28336E-1 2.04014E-1 1.03524E-1 8.893E-2 8.33297E-2 9.47147E-2 5.27841E-2 1.45917E-2 8.01342E-3 5.21857E-3 8.31547E-4 1.28641E-3 5.05728E-4 8.92539E-3 5.76002E-2 4.65613E-2 1.10853E-1 5.26877E-2 1.14683E-1 8.97061E-2 2.81911E-2 7.82244E-3 1.91668E-3 5.94813E-3 1.749E-2 2.69116E-3 1.07214E-3 2.73885E-5 8.11897E-6 4.39368E-6 5.72351E-6 2.63041E-6 5.11791E-6 1.27177E-5 3.36026E-5 3.46929E-5 1.22854E-5
3.39723E-1 2.76549E-1 1.58889E-1 5.08384E-2 1.13342E-1 1.74422E-1 2.03474E-1 7.25224E-2 8.55042E-2 1.07576E-1 9.6159E-2 1.22289E-1 5.7889E-2 1.97607E-2 2.14073E-3 1.71507E-3 2.96381E-4 8.79426E-5 4.06614E-5 1.47583E-5 2.91363E-4 2.26085E-4 3.02677E-4 4.77587E-5 3.4511E-4 1.36835E-3 2.77967E-3 3.17873E-2 5.75301E-2 1.0554E-1 2.30737E-1 1.88743E-1 4.09909E-2 1.73755E-2 1.34407E-2 1.59651E-2 2.5091E-2 2.12678E-2 2.37049E-2 8.35624E-3 1.93683E-3 1.4362E-4 2.90654E-4 4.33139E-3 1.84622E-2 1.41511E-1 4.35654E-2 1.92249E-2 1.03884E-1 8.23426E-2 4.91862E-2 1.69162E-2 8.09439E-4 7.41118E-4 3.61389E-3 1.28484E-3 5.30162E-4 1.7103E-5 5.12078E-6 3.96455E-6 5.06118E-6 7.26081E-6 7.4291E-6 1.28389E-5 2.02257E-5 1.91552E-5 2.49619E-5
2.28541E-1 2.20023E-1 9.69955E-2 5.37E-2 6.80332E-2 1.29155E-1 1.10949E-1 1.36949E-1 8.73106E-2 4.38937E-2 2.72947E-2 2.21405E-2 2.37117E-2 4.19863E-3 2.18048E-4 2.38816E-4 5.19396E-4 6.8962E-4 3.48074E-5 1.99761E-5 4.14363E-5 5.09025E-4 1.41112E-3 2.55734E-3 2.93251E-3 1.65132E-3 1.48436E-2 2.65686E-2 4.89952E-2 7.85579E-2 2.06117E-1 1.09899E-1 6.53589E-2 3.54169E-3 1.66278E-3 1.17489E-2 1.89619E-2 3.86287E-3 9.05177E-3 1.11953E-2 7.47241E-4 1.08365E-4 2.11738E-4 4.522E-3 2.67831E-2 6.10862E-2 1.14517E-2 1.06716E-2 7.05456E-2 3.6364E-2 8.52701E-3 2.94056E-2 1.62492E-3 2.36126E-4 1.74415E-3 1.9886E-3 2.17079E-3 9.79633E-5 1.55272E-5 4.63942E-6 9.14304E-6 5.97162E-6 6.88874E-6 5.86904E-6 3.91856E-5 1.20135E-5 3.43216E-5
1.51546E-1 2.12587E-1 7.40437E-2 3.61708E-2 2.49385E-2 4.15885E-2 7.78218E-2 1.14084E-1 6.61209E-2 1.11521E-2 9.18048E-4 3.43419E-3 1.20897E-2 1.50422E-3 1.06894E-4 7.47746E-5 4.01406E-5 8.72304E-5 3.64686E-5 1.27311E-5 9.01995E-6 2.45923E-5 1.24125E-4 1.78681E-3 6.63067E-3 1.21812E-2 3.27876E-2 4.2977E-2 8.28116E-2 9.11553E-2 1.28175E-1 4.97189E-2 9.80668E-3 1.48466E-2 3.39991E-3 8.83526E-4 5.80899E-3 3.33801E-3 8.3177E-4 6.97841E-3 1.17297E-3 1.70845E-4 1.95704E-4 3.18883E-3 1.18273E-2 9.7403E-3 2.45524E-3 2.20984E-2 1.70856E-1 3.47252E-2 6.92114E-3 9.06945E-3 5.57676E-3 9.21702E-4 1.61875E-4 2.68705E-4 7.59543E-4 5.55719E-5 1.34759E-5 7.29185E-6 6.2555E-6 6.63242E-6 8.18166E-6 9.80876E-6 9.69545E-6 3.51887E-5 2.73806E-5
1.27598E-1 1.51233E-1 3.53843E-2 1.28452E-2 7.90189E-3 2.69606E-2 6.97848E-2 5.10881E-2 6.67554E-2 1.92449E-2 1.47136E-3 2.46118E-4 1.74413E-3 9.17257E-4 3.88594E-4 2.28548E-4 3.09224E-5 4.83069E-5 1.57116E-5 4.14068E-6 9.32129E-7 1.30234E-5 2.33833E-4 1.37348E-3 6.97159E-3 1.00968E-2 3.39208E-2 2.67298E-2 8.44119E-2 8.38048E-2 3.01166E-2 2.61288E-2 3.66884E-3 1.88785E-3 1.31074E-3 4.5398E-4 8.79508E-4 7.47963E-4 3.55131E-4 1.37116E-3 3.20655E-4 3.93952E-5 5.14249E-5 3.62804E-4 8.83584E-4 9.57619E-4 9.20865E-3 1.70118E-2 6.86364E-2 8.92352E-3 1.12469E-3 3.1045E-3 2.78326E-3 4.94187E-4 5.9431E-5 1.11076E-4 1.25044E-4 3.12548E-5 7.94232E-6 1.93309E-6 2.32408E-5 1.34832E-5 1.61334E-5 1.33313E-5 1.9195E-5 1.05944E-5 6.76008E-5
8.02245E-2 1.09362E-1 5.39676E-2 8.07702E-3 1.04593E-2 3.08068E-2 3.62905E-2 6.74646E-3 1.90453E-2 3.85321E-2 6.44603E-3 1.16902E-4 4.84292E-5 2.21695E-5 1.35791E-4 2.03074E-5 1.54872E-5 3.52495E-6 7.90089E-7 6.35017E-7 1.16729E-6 3.78276E-5 5.15511E-4 1.43801E-3 4.06345E-3 8.81855E-3 2.39632E-2 3.00936E-2 6.65538E-2 5.9387E-2 3.23384E-2 2.76344E-2 1.40258E-3 1.9916E-4 1.07389E-4 5.53326E-5 3.94433E-5 2.81422E-5 4.48595E-5 1.93631E-5 4.41839E-5 2.08675E-5 2.45158E-5 3.76859E-5 9.03591E-4 6.66951E-3 1.3955E-2 2.82601E-2 2.81955E-2 1.03715E-2 1.49602E-3 5.8584E-4 8.11223E-4 3.23109E-4 3.90439E-5 5.71335E-5 4.42318E-5 2.13581E-5 9.97909E-6 1.2282E-5 2.15233E-5 2.46657E-5 2.3989E-5 3.23873E-5 3.84986E-5 5.04733E-5 2.95419E-5
6.19637E-2 1.4522E-2 8.3074E-3 9.12608E-3 1.3476E-2 1.52577E-2 1.60261E-2 3.37195E-3 1.79759E-3 1.17932E-2 6.26276E-3 1.78457E-4 2.76037E-5 5.18226E-6 1.42E-5 1.08491E-5 4.77797E-6 7.8588E-7 8.07384E-7 1.93E-6 2.05045E-5 1.4637E-4 2.53289E-4 9.36793E-4 1.82706E-3 1.23739E-2 1.52263E-2 2.7135E-2 2.48881E-2 5.73681E-2 7.33642E-2 7.90175E-2 2.88272E-2 5.61001E-3 4.05754E-4 2.4817E-4 6.80898E-5 7.68919E-5 1.10485E-4 6.57628E-5 1.96957E-5 2.73567E-5 1.87289E-4 5.71926E-4 4.31745E-4 4.6191E-3 3.37901E-2 1.94E-2 3.92016E-2 8.92481E-3 2.21004E-3 3.40919E-3 1.04677E-4 1.4958E-4 7.68358E-6 1.43318E-5 1.4229E-5 8.06716E-6 8.70201E-6 1.21887E-5 1.2288E-5 7.63668E-5 9.25167E-5 2.4539E-5 3.40582E-5 5.6863E-5 7.91648E-5
8.12267E-3 4.39757E-3 1.36207E-3 1.1948E-3 5.68083E-3 4.47732E-3 3.49674E-3 2.53783E-4 1.11846E-4 1.40245E-3 4.8656E-3 1.88139E-4 2.10149E-5 1.71446E-5 1.39013E-5 2.52583E-6 1.46246E-6 4.56589E-6 3.62702E-6 6.8803E-5 6.87123E-5 2.76757E-4 3.9713E-4 7.31394E-4 3.73048E-3 8.80779E-3 4.24108E-3 3.11622E-3 3.86887E-3 1.41505E-2 4.09453E-2 1.10695E-1 5.20526E-2 3.7673E-3 2.9915E-3 1.01859E-3 1.01579E-3 4.66791E-4 9.82817E-5 3.90417E-5 2.8423E-5 1.79569E-5 2.18627E-4 4.24278E-3 7.66086E-3 1.68265E-2 3.8184E-2 8.77904E-3 1.46421E-2 9.36729E-3 5.91403E-3 2.56488E-3 1.31177E-4 1.8153E-5 1.25812E-5 7.10237E-6 8.19165E-6 3.03373E-6 3.33007E-6 1.0041E-5 1.91277E-5 3.39696E-5 3.86393E-5 3.63896E-5 5.83338E-5 3.01583E-5 7.69486E-5
