ENM/Final_Models/M_2_F_lq_Set_1_EC/Gustavia_santanderiensis_8_Choco_clamping.asc
ncols         367
nrows         963
xllcorner     -78.6
yllcorner     0.65
cellsize      0.00833333333333323
NODATA_value  -9999
[rows 816 to 849 of 963, columns 0 to 75 of 367]
-9999 -9999 -9999 -9999 -9999 -9999 -9999 -9999 0E0 0E0 0E0 0E0 0E0 0E0 0E0 0E0 0E0 0E0 0E0 0E0 0E0 0E0 0E0 0E0 0E0 1.43576E-7 1.21571E-5 1.97021E-9 6.44423E-9 1.67721E-7 9.89046E-7 1.3072E-8 1.12398E-6 7.58285E-10 1.11241E-10 6.25944E-13 4.78506E-14 3.09768E-10 1.32202E-5 1.2509E-7 7.32727E-8 5.87714E-8 4.89616E-6 2.94542E-13 5.99154E-12 2.41467E-8 1.08116E-7 7.13873E-14 1.21014E-14 8.335E-12 1.2611E-11 6.05793E-12 0E0 5.35461E-13 1.88738E-15 0E0 0E0 0E0 0E0 0E0 0E0 0E0 0E0 3.33067E-16 0E0 9.41945E-7 4.39204E-13 1.73084E-13 2.41222E-10 6.08025E-12 2.29231E-6 4.34391E-6 1.34034E-6 8.71315E-6 4.31366E-5 2.07199E-10
-9999 -9999 -9999 -9999 -9999 -9999 -9999 0E0 0E0 0E0 0E0 0E0 0E0 0E0 0E0 0E0 0E0 0E0 0E0 0E0 0E0 0E0 0E0 0E0 8.24207E-8 1.11196E-6 4.878E-7 2.13559E-7 2.50313E-8 3.79901E-9 1.19227E-8 6.61502E-11 3.35613E-9 1.15685E-13 3.6281E-11 1.50822E-10 3.64947E-11 7.69504E-10 1.20249E-5 2.151E-10 4.3711E-10 1.20864E-10 6.35736E-11 1.64653E-6 4.88225E-7 3.97726E-9 4.74543E-9 2.43139E-14 2.33147E-15 1.55636E-9 6.49906E-9 1.92819E-8 0E0 0E0 1.11022E-16 0E0 0E0 0E0 0E0 0E0 0E0 0E0 0E0 0E0 0E0 1.00808E-13 1.46672E-12 6.07892E-12 7.56873E-11 7.45019E-10 3.48747E-11 1.6693E-5 6.58892E-11 4.89654E-10 3.74171E-8 2.71766E-9
-9999 -9999 -9999 -9999 -9999 -9999 -9999 0E0 0E0 0E0 0E0 0E0 0E0 0E0 0E0 0E0 0E0 0E0 0E0 0E0 0E0 0E0 0E0 0E0 2.89487E-7 4.3596E-6 1.20447E-7 1.61265E-5 6.45087E-6 1.85557E-6 5.17061E-9 2.41603E-9 3.05858E-11 1.27495E-11 7.574E-10 6.08418E-11 4.89204E-11 1.73571E-11 3.24687E-6 5.21484E-9 4.50747E-11 4.51217E-12 3.60612E-12 1.13623E-7 9.67731E-10 4.24787E-8 5.01377E-13 2.31204E-12 3.51394E-9 6.90892E-13 5.60119E-12 4.11583E-9 4.38712E-9 7.54921E-9 0E0 0E0 0E0 0E0 1.87628E-14 0E0 0E0 0E0 0E0 0E0 0E0 7.4829E-14 1.03006E-12 1.10396E-7 1.27022E-5 9.69343E-5 1.77181E-9 2.57794E-13 9.86178E-12 8.55205E-13 4.31184E-11 1.42352E-6
-9999 -9999 -9999 -9999 -9999 -9999 -9999 0E0 0E0 0E0 0E0 0E0 0E0 0E0 0E0 0E0 0E0 0E0 0E0 0E0 0E0 0E0 0E0 0E0 0E0 4.62221E-6 3.6747E-7 2.33604E-7 2.95325E-7 1.8854E-6 4.61458E-6 3.69799E-7 1.0053E-9 6.9507E-9 1.70566E-8 9.13055E-8 2.45364E-10 9.91256E-11 5.08437E-10 7.1082E-11 4.41092E-13 1.06803E-12 1.15038E-10 8.54097E-8 1.46549E-14 1.25317E-6 3.56715E-13 4.47342E-12 1.4192E-8 1.86495E-12 1.38444E-9 1.11022E-16 1.77636E-15 1.96912E-10 1.72993E-7 6.21725E-15 0E0 2.07612E-14 0E0 1.11022E-16 1.11022E-16 0E0 0E0 1.11022E-16 1.35336E-13 1.11022E-16 1.03362E-13 1.30317E-10 1.12539E-10 7.45856E-5 6.60409E-9 2.83107E-14 6.56639E-6 3.07545E-8 4.78178E-9 5.34004E-10
-9999 -9999 -9999 -9999 -9999 -9999 -9999 0E0 0E0 0E0 0E0 0E0 0E0 0E0 0E0 0E0 0E0 0E0 0E0 0E0 0E0 0E0 0E0 0E0 0E0 9.28113E-6 5.59951E-7 4.26812E-6 4.41514E-8 7.97418E-6 7.03298E-7 1.75548E-7 3.03136E-9 2.03025E-7 1.37931E-6 1.41871E-7 1.08724E-9 9.99254E-11 3.19312E-10 1.48178E-10 6.15469E-8 1.06613E-10 7.85783E-12 3.82549E-8 5.636E-11 5.31702E-8 0E0 0E0 0E0 0E0 3.33067E-16 4.44089E-16 1.45861E-12 5.26801E-13 2.13163E-14 1.0103E-14 1.21014E-14 2.85216E-13 9.42746E-12 2.78666E-14 3.61933E-14 1.11022E-16 1.11022E-16 9.99201E-16 1.44329E-15 5.19584E-14 1.06581E-14 6.68354E-14 8.17901E-13 1.47549E-13 6.92157E-12 3.47838E-11 6.6728E-10 9.09038E-9 8.15803E-5 2.43582E-7
-9999 -9999 -9999 -9999 -9999 -9999 0E0 0E0 0E0 0E0 0E0 0E0 0E0 0E0 0E0 0E0 0E0 0E0 0E0 0E0 0E0 0E0 0E0 0E0 0E0 0E0 0E0 2.72144E-5 2.84205E-7 2.17682E-7 9.68233E-7 1.86667E-7 5.02521E-10 3.16922E-8 1.26309E-8 1.99636E-7 4.84229E-10 8.11795E-13 2.05802E-11 2.05329E-11 1.40516E-9 1.55431E-15 6.66134E-15 3.83299E-10 2.22045E-14 2.67189E-9 5.00444E-7 6.0566E-12 1.92635E-12 2.60433E-11 3.7742E-9 4.44089E-16 3.002E-8 6.18394E-14 1.09335E-6 3.00109E-11 5.56077E-12 1.03828E-12 2.84905E-12 2.72971E-12 2.44249E-14 2.03171E-13 5.39568E-14 9.99201E-16 2.22045E-15 3.33067E-16 2.22933E-12 1.40354E-12 9.96869E-13 2.18787E-6 1.92846E-13 7.65499E-13 1.34095E-11 1.7973E-5 1.4599E-6 5.15088E-8
-9999 -9999 -9999 -9999 -9999 -9999 0E0 0E0 0E0 0E0 0E0 0E0 0E0 0E0 0E0 0E0 0E0 0E0 0E0 0E0 0E0 0E0 0E0 0E0 0E0 1.03075E-5 2.33657E-5 1.93743E-5 7.48484E-7 5.94803E-6 3.45875E-8 1.01991E-7 5.56674E-9 2.12249E-9 8.33787E-9 1.96604E-11 1.87152E-10 2.49536E-10 3.49003E-10 8.68194E-14 2.84437E-11 2.07612E-14 8.44547E-13 3.70852E-10 5.51781E-14 0E0 2.55902E-9 8.6442E-13 1.13877E-9 3.08717E-11 2.28597E-10 6.5303E-8 2.02061E-14 5.32685E-13 6.66329E-8 4.16847E-8 3.67928E-13 6.1251E-13 3.33067E-16 8.24718E-12 7.37643E-12 1.9984E-15 4.37983E-13 5.39568E-14 1.60316E-13 1.88738E-15 1.72042E-11 1.4948E-12 3.59934E-13 1.55302E-11 2.74136E-12 1.36157E-10 1.12033E-12 3.29782E-11 4.44735E-10 2.28305E-5
-9999 -9999 -9999 -9999 -9999 -9999 0E0 0E0 0E0 0E0 0E0 0E0 0E0 0E0 0E0 0E0 0E0 0E0 0E0 0E0 0E0 0E0 0E0 0E0 0E0 1.33359E-5 3.61476E-5 7.59653E-5 3.69687E-6 7.86957E-7 4.55121E-8 6.88555E-8 2.92947E-7 3.09333E-11 3.63312E-8 1.64871E-7 5.91054E-8 3.23254E-9 1.69022E-7 5.98499E-12 1.27047E-8 5.74529E-12 3.76938E-9 1.06255E-8 3.52533E-9 0E0 4.29101E-13 7.01439E-13 8.15505E-10 3.07161E-11 2.14495E-13 2.89104E-9 2.75335E-13 1.56497E-9 1.76002E-10 2.21625E-7 5.66214E-15 1.25122E-13 7.61058E-13 1.68728E-11 7.40963E-13 2.20268E-13 1.18794E-13 2.13563E-12 1.75514E-11 6.67244E-14 7.74503E-12 1.88738E-15 2.58424E-11 7.78057E-11 7.13206E-11 3.38036E-11 1.22081E-5 6.14366E-11 5.23989E-11 5.90264E-5
-9999 -9999 -9999 -9999 -9999 -9999 -9999 -9999 0E0 0E0 0E0 0E0 0E0 0E0 0E0 0E0 0E0 0E0 0E0 0E0 0E0 0E0 0E0 0E0 0E0 7.11228E-6 5.60779E-5 1.8212E-5 2.4082E-5 8.89995E-9 8.27701E-9 1.3623E-7 3.35577E-9 1.08485E-7 3.04664E-9 2.42282E-10 1.63939E-9 1.48345E-9 6.61652E-11 3.70615E-12 7.92861E-9 6.54358E-9 2.24812E-7 1.49428E-11 7.30741E-11 7.71355E-9 1.05201E-7 9.81886E-9 8.02022E-7 7.35292E-7 1.30478E-11 1.61428E-11 3.51354E-8 2.42839E-12 2.29594E-13 2.18492E-13 3.23075E-14 4.66294E-15 8.96061E-13 2.41063E-10 6.21725E-15 3.06422E-14 2.10942E-15 6.66134E-16 5.55112E-15 3.65263E-14 2.00606E-12 2.22045E-16 3.51719E-13 1.57173E-10 2.71872E-5 5.34936E-10 1.47174E-9 2.03395E-9 1.56943E-9 2.15715E-9
-9999 -9999 -9999 -9999 -9999 0E0 0E0 0E0 0E0 0E0 0E0 0E0 0E0 0E0 0E0 0E0 0E0 0E0 0E0 0E0 0E0 0E0 0E0 0E0 0E0 0E0 1.67353E-5 6.54411E-5 8.89001E-5 6.0582E-6 4.28932E-6 1.45655E-7 2.70732E-8 2.75025E-8 2.47147E-7 4.20499E-9 2.3019E-7 1.22595E-10 5.90084E-13 2.61711E-7 2.73167E-7 2.12863E-12 4.40926E-11 3.18117E-11 1.32439E-11 2.2677E-6 3.7185E-9 1.88793E-12 1.77647E-11 7.21979E-10 6.06814E-10 1.55431E-15 0E0 5.11829E-6 2.79792E-6 5.63483E-7 3.33067E-16 3.77476E-15 2.66898E-12 1.38803E-11 1.32475E-11 4.49411E-9 8.77076E-15 5.90639E-14 1.17211E-11 7.16205E-13 8.08242E-14 3.88578E-15 1.31739E-12 3.03921E-5 9.607E-6 1.07163E-10 1.3356E-12 4.4672E-12 2.92063E-11 2.37855E-10
-9999 -9999 -9999 -9999 -9999 0E0 0E0 0E0 0E0 0E0 0E0 0E0 0E0 0E0 0E0 0E0 0E0 0E0 0E0 0E0 0E0 0E0 0E0 0E0 0E0 3.18137E-5 2.02591E-5 5.93162E-5 8.9522E-5 1.98526E-5 4.33078E-5 4.49805E-6 3.18877E-7 4.36086E-9 2.35608E-7 4.17888E-13 4.23506E-12 3.00697E-9 2.21811E-12 1.05202E-10 3.34386E-11 2.9754E-12 2.38187E-12 2.25653E-12 4.48378E-8 8.21312E-9 1.35702E-9 2.45218E-9 1.77647E-12 4.65228E-12 2.85438E-13 1.09583E-11 2.8556E-12 2.31294E-10 1.87365E-7 2.04125E-7 2.04281E-14 5.42899E-14 6.66134E-16 1.11022E-16 3.10862E-15 5.55112E-16 1.11022E-16 3.29514E-13 1.40421E-12 3.69475E-6 0E0 1.0858E-12 2.10731E-12 1.00714E-9 3.47722E-13 5.77708E-10 8.93393E-10 1.91723E-10 4.14365E-11 3.99458E-13
-9999 -9999 -9999 -9999 -9999 0E0 0E0 0E0 0E0 0E0 0E0 0E0 0E0 0E0 0E0 0E0 0E0 0E0 0E0 0E0 0E0 0E0 0E0 0E0 5.02791E-7 2.02629E-5 1.22517E-5 9.30752E-6 1.93496E-5 1.23297E-4 1.45855E-4 1.18333E-4 1.27893E-6 1.2273E-7 2.32742E-7 2.72714E-10 4.12426E-12 2.76366E-7 2.77771E-10 4.20793E-9 7.15429E-8 1.8098E-6 6.85262E-6 1.61594E-8 7.03928E-10 3.29922E-11 1.82883E-9 6.40177E-12 1.21791E-12 5.41545E-12 9.46009E-11 2.21851E-10 3.32923E-12 2.76501E-12 1.24914E-7 8.82761E-8 5.09097E-8 1.14631E-12 0E0 0E0 1.11022E-16 1.22125E-15 1.11022E-16 2.52857E-7 1.73356E-6 5.58908E-6 2.73151E-8 5.13811E-13 2.6068E-13 5.79536E-14 1.944E-13 7.27942E-11 8.79961E-10 5.24358E-13 1.0217E-11 4.14978E-11
-9999 -9999 -9999 -9999 -9999 0E0 0E0 0E0 0E0 0E0 0E0 0E0 0E0 0E0 0E0 0E0 0E0 0E0 0E0 0E0 0E0 0E0 0E0 0E0 0E0 1.46812E-6 3.09542E-6 2.0662E-5 7.26041E-6 7.88737E-5 2.74783E-5 7.03939E-5 3.76276E-8 3.6389E-7 1.59595E-7 5.8017E-11 3.17715E-8 3.13153E-9 7.73887E-11 1.46875E-6 1.19212E-8 5.86827E-8 4.72073E-6 3.72902E-11 9.95175E-7 4.78681E-6 8.16583E-6 6.4887E-12 1.02118E-12 1.5099E-12 1.24234E-13 0E0 0E0 1.11022E-16 7.40376E-8 5.98821E-8 7.55944E-7 1.33386E-9 0E0 0E0 0E0 4.44089E-15 1.11022E-16 1.67061E-6 3.6146E-6 4.61841E-6 7.84798E-8 1.8263E-5 1.04224E-4 5.67648E-10 4.15223E-14 2.44249E-15 1.6472E-11 1.58845E-11 3.08421E-10 1.67709E-9
-9999 -9999 -9999 -9999 -9999 0E0 0E0 0E0 0E0 0E0 0E0 0E0 0E0 0E0 0E0 0E0 0E0 0E0 0E0 0E0 0E0 0E0 0E0 0E0 1.51366E-5 2.63276E-6 1.02034E-5 3.20155E-5 2.96276E-5 2.2409E-5 1.32473E-5 1.30559E-4 1.2181E-6 8.99019E-8 1.92242E-8 9.15642E-9 1.26188E-9 3.97489E-9 4.7997E-7 1.05591E-6 3.38542E-8 2.22045E-16 8.88178E-16 8.18678E-13 1.08691E-13 0E0 1.77388E-6 1.49517E-11 3.32667E-12 9.67004E-14 4.44089E-16 0E0 0E0 1.84233E-8 2.11211E-7 7.96608E-8 1.06804E-6 2.17168E-7 3.1628E-12 1.11022E-16 2.64263E-6 6.45087E-7 6.37268E-13 4.68822E-7 2.10252E-6 2.12026E-11 6.37615E-8 1.03809E-4 2.60041E-9 4.3266E-10 9.65505E-12 1.80453E-10 3.04639E-10 1.34337E-13 9.50054E-11 7.638E-8
-9999 -9999 -9999 -9999 -9999 0E0 0E0 0E0 0E0 0E0 0E0 0E0 0E0 0E0 0E0 0E0 0E0 0E0 0E0 0E0 0E0 0E0 0E0 0E0 1.01995E-4 0E0 4.40102E-5 1.50151E-4 1.5059E-4 7.13792E-5 1.15593E-5 1.01131E-4 1.62668E-7 2.84169E-8 1.95504E-8 5.61936E-8 8.85824E-8 7.01046E-8 1.93456E-9 4.15147E-10 5.36691E-7 1.66533E-15 0E0 9.60104E-10 1.66533E-14 2.77556E-15 6.35903E-6 2.04894E-11 3.2685E-13 2.40918E-13 6.99441E-15 0E0 2.55351E-15 1.14142E-12 3.61178E-6 4.24784E-9 6.60943E-7 8.75335E-6 7.52765E-12 3.86791E-12 3.43059E-14 1.32894E-13 6.92405E-11 2.42901E-11 1.41538E-11 6.34292E-11 3.72122E-7 2.38744E-5 5.49816E-5 1.88596E-11 4.09506E-12 2.96796E-12 4.50654E-11 3.55855E-9 1.53769E-7 3.31743E-6
-9999 -9999 -9999 -9999 -9999 0E0 0E0 0E0 0E0 0E0 0E0 0E0 0E0 0E0 0E0 0E0 0E0 0E0 0E0 0E0 0E0 0E0 0E0 0E0 0E0 0E0 3.37272E-4 1.44855E-4 1.33967E-4 6.14151E-5 7.09335E-5 6.05548E-6 1.71508E-5 5.78768E-7 8.31062E-8 2.00128E-8 3.60019E-8 7.52952E-9 1.45781E-8 1.58826E-7 1.7997E-6 2.04899E-11 0E0 8.88178E-16 0E0 4.76397E-13 3.51306E-6 6.75416E-11 4.84298E-7 2.65747E-9 2.44249E-15 1.56763E-13 1.67721E-12 8.63964E-12 8.97133E-11 4.59625E-11 4.68958E-13 4.32987E-15 1.4726E-11 5.75096E-14 4.01978E-6 3.38757E-6 9.57546E-11 1.98476E-11 1.11933E-11 1.57251E-5 3.09641E-7 1.04336E-6 3.76616E-7 6.64345E-10 6.14806E-9 4.76577E-10 8.85706E-9 8.29554E-8 1.55133E-6 2.34291E-7
-9999 -9999 -9999 -9999 -9999 0E0 0E0 0E0 0E0 0E0 0E0 0E0 0E0 0E0 0E0 0E0 0E0 0E0 0E0 0E0 0E0 0E0 0E0 0E0 0E0 1.7042E-4 2.19479E-4 2.66626E-4 5.16281E-5 6.35641E-5 9.39557E-6 3.82014E-5 2.46048E-7 9.01585E-6 2.03157E-6 1.65704E-7 1.22093E-9 1.81655E-9 5.13159E-9 1.62741E-10 1.13597E-11 2.91229E-9 2.14778E-11 6.26231E-11 1.11022E-16 1.18472E-12 4.9629E-8 2.27039E-11 6.67888E-12 4.10783E-12 5.2863E-11 3.99618E-10 4.8218E-10 6.76275E-11 1.65475E-9 1.50131E-9 5.7478E-5 1.38078E-12 2.15827E-12 2.13363E-12 2.31863E-11 1.13026E-11 1.22524E-12 2.74225E-13 6.78679E-13 1.49045E-6 1.2346E-7 1.17779E-5 8.72072E-5 1.93356E-12 3.57556E-10 1.65493E-11 8.4421E-10 7.88986E-9 1.61152E-8 1.80265E-8
-9999 -9999 -9999 -9999 -9999 0E0 0E0 0E0 0E0 0E0 0E0 0E0 0E0 0E0 0E0 0E0 0E0 0E0 0E0 0E0 0E0 0E0 0E0 0E0 0E0 1.02666E-4 2.52903E-4 6.89307E-5 8.55016E-5 4.06256E-6 1.19923E-5 3.98488E-5 9.43538E-6 5.62749E-7 1.14288E-6 1.33624E-6 1.6625E-7 3.34464E-7 2.1662E-8 9.23137E-9 9.19603E-8 1.69831E-12 1.35787E-8 5.87418E-9 4.10783E-15 3.33067E-16 4.935E-7 9.93933E-10 2.4616E-8 5.73767E-10 4.65798E-10 1.84669E-9 4.15368E-9 3.09033E-10 3.47432E-9 5.11075E-9 1.18618E-10 8.44864E-6 9.73666E-14 3.91491E-11 3.99114E-5 3.1166E-8 1.69405E-5 7.77822E-12 5.63272E-12 8.52151E-6 2.52585E-6 9.98493E-7 1.92138E-6 1.11022E-16 4.08384E-12 1.9658E-10 4.49468E-8 7.41265E-5 3.03687E-5 7.12078E-9
-9999 -9999 -9999 -9999 -9999 0E0 0E0 0E0 0E0 0E0 0E0 0E0 0E0 0E0 0E0 0E0 0E0 0E0 0E0 0E0 0E0 0E0 0E0 0E0 0E0 0E0 9.97664E-5 5.27869E-5 1.14664E-4 7.65485E-6 5.43174E-5 4.45139E-6 1.64371E-7 1.57709E-6 5.25051E-7 6.76491E-7 6.18005E-8 1.20348E-7 1.94198E-6 8.91989E-8 1.40218E-8 3.2E-6 8.1094E-9 2.22546E-7 5.60054E-11 1.67198E-7 1.21876E-7 8.7258E-12 9.09939E-10 4.31538E-10 6.59769E-10 1.56966E-11 1.21292E-8 1.15544E-7 2.26582E-9 1.35817E-10 2.64225E-11 1.28199E-10 2.13294E-5 9.25152E-5 7.92711E-9 2.16049E-13 2.81658E-8 3.475E-14 2.33289E-5 2.03145E-6 1.34679E-5 3.46381E-8 3.01135E-11 2.10942E-15 4.04481E-7 4.88372E-5 4.2569E-5 7.96461E-6 2.33947E-8 9.74061E-10
-9999 -9999 -9999 -9999 -9999 0E0 0E0 0E0 0E0 0E0 0E0 0E0 0E0 0E0 0E0 0E0 0E0 0E0 0E0 0E0 0E0 0E0 0E0 0E0 0E0 0E0 1.3351E-4 7.0088E-6 8.95177E-6 2.47824E-5 1.71399E-5 8.51995E-6 4.04435E-6 6.47912E-6 9.19746E-7 8.20971E-7 2.70138E-7 4.68932E-6 3.24154E-7 9.07383E-7 2.37786E-7 3.64852E-7 2.20501E-8 8.51213E-5 2.2121E-6 9.93152E-9 8.11795E-12 1.64837E-6 9.13259E-9 1.34298E-9 8.04617E-10 4.85718E-11 8.88631E-10 1.25101E-10 1.64724E-10 1.85201E-9 2.90962E-9 6.30805E-6 4.35887E-6 4.44089E-16 1.4555E-13 4.17533E-12 4.17707E-9 2.02061E-14 4.26429E-9 3.50803E-11 2.0371E-7 2.1913E-8 3.1651E-8 1.52852E-8 4.16351E-9 7.34414E-6 1.13369E-5 6.80001E-10 3.00471E-11 3.7443E-10
-9999 -9999 -9999 -9999 -9999 0E0 0E0 0E0 0E0 0E0 0E0 0E0 0E0 0E0 0E0 0E0 0E0 0E0 0E0 0E0 0E0 0E0 0E0 0E0 0E0 0E0 5.53594E-5 8.10185E-5 6.7115E-6 3.16688E-5 8.53986E-5 2.20153E-5 2.93192E-6 3.28532E-7 1.66195E-6 1.60675E-6 4.06577E-9 1.49094E-7 2.06607E-7 9.82715E-7 1.02566E-7 8.87676E-6 1.31116E-4 5.489E-6 6.9565E-6 5.49368E-11 3.86751E-11 4.20196E-5 1.39128E-9 3.54021E-9 3.71641E-5 5.25746E-12 5.53536E-11 7.642E-12 5.28535E-11 1.51157E-10 8.9228E-5 2.03654E-5 9.25044E-6 3.79164E-10 7.08322E-14 1.36224E-13 3.44169E-15 1.49214E-13 9.78989E-9 3.8146E-7 1.78607E-5 9.12467E-10 1.80494E-8 4.2244E-12 1.22125E-13 1.34321E-11 3.12057E-10 1.03558E-5 1.03235E-6 6.42564E-11
-9999 -9999 -9999 -9999 -9999 0E0 0E0 0E0 0E0 0E0 0E0 0E0 0E0 0E0 0E0 0E0 0E0 0E0 0E0 0E0 0E0 0E0 0E0 0E0 0E0 0E0 2.57135E-5 6.88245E-5 1.85181E-5 1.43556E-5 5.93936E-5 4.46183E-5 6.20291E-5 6.97042E-6 3.72063E-7 8.17486E-8 6.1408E-7 1.32618E-7 5.38658E-7 4.15286E-9 1.23466E-10 2.05752E-9 1.68892E-5 1.1143E-6 3.06636E-8 3.37069E-9 1.18361E-12 1.09791E-6 1.17833E-8 3.00259E-8 3.30351E-6 1.60982E-14 2.84117E-12 5.74996E-6 2.30655E-10 2.29925E-11 2.84917E-11 7.08064E-6 7.76046E-13 1.11022E-16 0E0 0E0 0E0 3.01739E-10 1.44329E-15 3.97349E-12 3.9635E-14 5.66436E-13 1.03251E-14 0E0 0E0 2.22045E-16 5.07372E-14 1.99656E-6 4.4143E-6 1.55294E-11
-9999 -9999 -9999 -9999 -9999 -9999 -9999 0E0 0E0 0E0 0E0 0E0 0E0 0E0 0E0 0E0 0E0 0E0 0E0 0E0 0E0 0E0 0E0 0E0 0E0 2.4386E-5 5.75842E-6 1.59502E-5 4.6428E-5 2.12615E-4 3.17785E-5 7.90441E-5 1.30458E-5 2.43712E-6 7.12641E-6 2.31654E-8 2.56372E-9 4.40246E-9 2.7808E-9 4.54285E-10 2.14409E-8 3.46567E-12 1.60476E-6 9.10383E-15 1.66533E-14 2.23021E-8 6.66134E-16 3.49798E-12 1.41459E-10 0E0 0E0 3.88578E-15 7.98046E-8 7.59393E-13 1.6589E-12 6.32183E-12 2.04503E-13 2.31964E-8 3.24302E-8 0E0 0E0 0E0 0E0 0E0 0E0 0E0 0E0 0E0 0E0 0E0 0E0 0E0 0E0 6.82615E-6 4.00568E-13 1.23213E-10
-9999 -9999 -9999 -9999 -9999 -9999 -9999 -9999 -9999 0E0 0E0 0E0 0E0 0E0 0E0 0E0 0E0 0E0 0E0 0E0 0E0 0E0 0E0 0E0 0E0 5.05788E-5 8.82722E-5 1.68799E-5 2.94014E-4 6.46163E-5 9.46763E-5 3.14852E-5 1.88402E-6 4.21172E-5 7.33574E-7 1.0997E-6 2.43302E-7 2.64427E-9 4.03346E-10 1.80014E-7 3.31377E-9 3.6493E-13 5.15267E-7 4.26251E-8 0E0 0E0 0E0 0E0 0E0 0E0 0E0 0E0 0E0 0E0 3.16747E-13 2.07529E-9 3.34302E-10 0E0 4.27436E-14 0E0 0E0 0E0 0E0 0E0 0E0 0E0 0E0 0E0 0E0 0E0 0E0 0E0 3.33067E-16 2.11148E-10 4.85204E-6 6.43352E-7
-9999 -9999 -9999 -9999 -9999 -9999 -9999 -9999 -9999 -9999 -9999 0E0 0E0 0E0 0E0 0E0 0E0 0E0 0E0 0E0 0E0 0E0 0E0 0E0 0E0 0E0 2.50965E-4 2.62755E-4 1.77703E-4 2.32887E-4 6.61257E-5 1.13124E-4 4.59899E-6 2.00817E-6 8.2577E-7 5.22937E-7 2.06169E-7 2.82696E-7 9.25979E-11 1.53228E-10 6.427E-10 1.67738E-9 4.17343E-10 2.0256E-11 3.63206E-8 1.11022E-15 2.22045E-16 5.55112E-16 2.14717E-13 3.51622E-9 0E0 0E0 2.0166E-10 3.33067E-16 2.55351E-15 4.22551E-13 0E0 6.78679E-13 0E0 4.15223E-14 1.11022E-16 7.77156E-16 6.66134E-15 2.00495E-12 3.2629E-9 0E0 0E0 0E0 0E0 0E0 0E0 0E0 0E0 0E0 2.89345E-9 5.63619E-9
-9999 -9999 -9999 -9999 -9999 -9999 -9999 -9999 -9999 -9999 -9999 -9999 0E0 0E0 0E0 0E0 0E0 0E0 0E0 0E0 0E0 0E0 0E0 0E0 0E0 0E0 5.86378E-5 3.37067E-5 1.19957E-4 2.03785E-4 1.27996E-4 2.59811E-4 1.22489E-5 1.65091E-5 5.87886E-7 1.09623E-6 2.20192E-5 2.08011E-6 9.65679E-7 6.93628E-8 4.06496E-7 8.1336E-8 5.33663E-9 4.13336E-13 1.22113E-12 2.22505E-7 2.61461E-7 2.56242E-8 5.52632E-10 3.60934E-13 1.01152E-12 4.57462E-11 1.82383E-9 4.21885E-15 3.05311E-14 3.61131E-9 1.79865E-10 5.42062E-9 8.75922E-11 2.88658E-15 1.26565E-14 2.22045E-16 3.33067E-16 5.5424E-11 3.84997E-6 4.77269E-8 0E0 0E0 0E0 0E0 0E0 0E0 0E0 6.66134E-16 3.19411E-13 1.63211E-11
-9999 -9999 -9999 -9999 -9999 -9999 -9999 -9999 -9999 -9999 -9999 -9999 -9999 -9999 0E0 0E0 0E0 0E0 0E0 0E0 0E0 0E0 0E0 0E0 0E0 0E0 1.00794E-5 3.48766E-5 9.20722E-5 6.32979E-4 2.24202E-4 3.14817E-4 8.19502E-5 1.0521E-5 2.043E-6 2.90942E-5 5.78451E-6 2.71261E-6 3.61341E-7 3.55507E-8 2.20046E-9 3.05584E-6 2.05801E-7 2.35569E-9 5.86529E-11 8.81005E-7 1.70243E-6 4.80732E-7 4.47671E-8 1.59344E-9 2.1899E-6 1.5684E-11 1.66634E-10 9.69225E-14 1.04194E-12 1.14871E-10 3.62015E-8 5.40178E-11 9.34061E-11 3.74747E-11 7.77156E-16 9.10383E-15 4.22995E-14 4.55191E-15 1.52656E-5 1.03809E-10 6.22623E-8 0E0 1.11022E-16 0E0 0E0 0E0 0E0 3.77476E-15 7.41629E-14 3.27326E-11
-9999 -9999 -9999 -9999 -9999 -9999 -9999 -9999 -9999 -9999 -9999 -9999 -9999 -9999 -9999 -9999 0E0 0E0 0E0 0E0 0E0 0E0 0E0 0E0 0E0 0E0 0E0 1.12794E-4 9.88898E-5 2.50326E-4 5.76603E-4 3.39167E-4 2.58991E-4 2.23904E-4 3.0298E-5 2.02756E-5 4.92541E-6 2.26745E-5 1.12909E-5 5.62206E-8 3.51692E-7 3.54026E-9 2.5187E-9 4.31887E-10 1.46285E-9 3.24059E-5 8.69255E-6 1.2482E-5 1.56692E-6 3.07023E-5 5.19581E-6 2.2374E-8 4.11778E-10 4.97688E-7 7.52731E-14 5.87197E-13 1.02884E-12 3.10591E-8 3.72312E-11 1.15363E-12 3.33067E-16 1.34676E-11 2.26334E-9 5.38112E-9 7.13865E-7 6.98568E-6 2.29407E-10 1.43907E-12 3.66225E-9 1.55431E-15 0E0 0E0 0E0 1.39154E-7 5.1098E-5 8.15501E-6
-9999 -9999 -9999 -9999 -9999 -9999 -9999 -9999 -9999 -9999 -9999 -9999 -9999 -9999 -9999 -9999 -9999 -9999 -9999 -9999 0E0 0E0 0E0 0E0 0E0 0E0 6.69589E-5 1.3063E-4 1.3199E-4 6.63569E-4 4.93367E-4 2.36048E-4 4.86682E-4 6.19943E-5 1.63765E-5 8.88008E-6 6.76425E-5 5.18418E-5 7.97935E-6 2.9594E-7 1.27133E-5 1.00859E-7 1.81148E-7 5.31932E-8 3.39272E-10 1.83171E-8 1.19924E-5 6.88718E-7 1.24678E-12 5.92637E-12 1.08832E-5 9.07148E-6 1.47145E-8 1.80691E-5 4.75175E-13 3.75577E-8 1.41475E-7 3.42868E-9 9.24981E-10 8.6261E-12 1.38523E-12 1.80663E-10 2.28049E-11 1.11022E-16 1.68259E-8 7.77156E-16 2.60636E-12 1.18916E-12 5.53905E-10 2.63813E-11 0E0 4.76522E-11 1.11022E-16 6.42575E-5 2.45025E-4 4.87881E-5
-9999 -9999 -9999 -9999 -9999 -9999 -9999 -9999 -9999 -9999 -9999 -9999 -9999 -9999 -9999 -9999 -9999 -9999 -9999 -9999 -9999 0E0 0E0 0E0 0E0 0E0 1.59537E-5 1.31342E-4 1.60953E-4 6.70549E-5 3.1303E-4 2.70282E-4 1.36078E-4 1.69973E-4 1.52609E-4 1.02271E-4 1.59219E-4 1.06399E-5 3.93149E-6 1.65474E-5 3.59916E-8 2.00871E-9 8.10434E-6 3.06389E-6 5.34503E-10 3.19836E-10 2.10067E-9 3.35425E-5 1.61667E-6 2.31278E-4 2.963E-7 2.04791E-5 1.19507E-11 2.18714E-13 8.18499E-6 6.81455E-13 7.08034E-12 4.97156E-5 4.18524E-10 5.47429E-12 6.12677E-12 8.88178E-16 0E0 9.76996E-15 3.33067E-16 1.93278E-11 6.33826E-13 0E0 0E0 0E0 0E0 7.28451E-12 1.71366E-10 4.68427E-10 2.61365E-5 7.19819E-6
-9999 -9999 -9999 -9999 -9999 -9999 -9999 -9999 -9999 -9999 -9999 -9999 -9999 -9999 -9999 -9999 -9999 -9999 -9999 -9999 -9999 -9999 0E0 0E0 0E0 0E0 4.24287E-5 1.35297E-5 4.98262E-4 2.26757E-4 5.4408E-5 1.25877E-4 8.51081E-5 7.37289E-4 1.2522E-4 2.21332E-5 4.14574E-4 7.91647E-5 1.08556E-6 1.03578E-6 1.11587E-6 2.52913E-7 1.29272E-9 5.071E-9 4.7302E-9 2.5239E-10 3.17942E-9 5.28491E-7 4.61139E-8 1.24633E-7 5.83482E-11 2.04107E-11 2.23124E-7 7.51082E-8 4.02122E-7 8.4655E-6 1.63676E-4 4.22092E-9 1.87782E-7 3.44262E-7 5.78009E-10 2.05146E-9 6.43929E-15 2.11881E-7 4.53959E-12 1.80297E-11 1.33227E-15 0E0 0E0 0E0 0E0 4.69735E-12 5.60494E-7 8.91876E-8 9.09232E-5 8.46889E-5
-9999 -9999 -9999 -9999 -9999 -9999 -9999 -9999 -9999 -9999 -9999 -9999 -9999 -9999 -9999 -9999 -9999 -9999 -9999 -9999 -9999 -9999 -9999 -9999 0E0 0E0 0E0 6.41762E-6 1.36769E-4 5.6929E-4 1.17173E-4 7.53417E-5 3.58622E-4 5.82579E-5 5.43412E-5 6.39673E-5 1.65931E-5 2.33178E-5 1.98911E-5 7.35857E-7 3.69773E-9 9.35443E-8 1.79358E-6 2.73855E-4 4.42788E-7 6.84391E-6 8.34444E-13 4.94049E-14 6.86072E-11 2.77223E-13 2.1606E-8 4.91287E-6 3.75755E-8 1.10628E-5 1.40173E-5 3.04388E-4 5.64485E-8 7.80069E-10 6.20177E-7 6.15987E-8 1.19543E-7 1.08813E-12 4.08461E-11 4.23128E-12 3.77469E-8 4.96872E-7 3.17961E-8 6.99563E-7 5.98299E-13 2.10942E-15 0E0 2.22045E-16 1.53655E-13 4.42989E-8 5.77104E-8 2.52951E-9
-9999 -9999 -9999 -9999 -9999 -9999 -9999 -9999 -9999 -9999 -9999 -9999 -9999 -9999 -9999 -9999 -9999 -9999 -9999 -9999 -9999 -9999 -9999 -9999 -9999 -9999 9.68406E-6 1.8746E-5 2.35578E-4 6.64902E-4 7.66226E-4 5.09449E-4 5.96422E-4 9.07038E-5 5.6746E-4 1.51012E-5 5.20696E-5 1.58525E-5 6.75885E-6 2.86183E-8 1.19079E-7 5.34908E-8 1.047E-4 1.45137E-5 3.5587E-5 1.48803E-8 3.92172E-11 2.77556E-15 5.02467E-11 2.06646E-12 1.25297E-8 2.80035E-5 5.70119E-6 6.53312E-6 4.08214E-7 2.94818E-4 3.91903E-4 5.05383E-10 4.31445E-7 7.55012E-6 2.43335E-9 3.49347E-10 1.68401E-10 4.2869E-12 1.37225E-9 3.1015E-6 2.90624E-11 2.63932E-8 9.96281E-12 2.09865E-12 3.33067E-16 0E0 4.55191E-15 1.03509E-8 3.8709E-9 4.49655E-7
-9999 -9999 -9999 -9999 -9999 -9999 -9999 -9999 -9999 -9999 -9999 -9999 -9999 -9999 -9999 -9999 -9999 -9999 -9999 -9999 -9999 -9999 -9999 -9999 -9999 -9999 -9999 1.98537E-5 3.39081E-5 1.28147E-4 2.09649E-4 5.22718E-4 6.78619E-4 3.99781E-4 8.06527E-5 6.12819E-5 5.52534E-5 7.57795E-6 1.98477E-5 1.36472E-8 9.85444E-7 6.07265E-8 1.48328E-6 1.60877E-7 3.49683E-4 7.89973E-6 9.80671E-9 9.99201E-16 1.56319E-13 1.65199E-11 6.35444E-10 2.33142E-7 5.73124E-6 3.33056E-5 5.36334E-4 1.18099E-3 1.80147E-5 3.35128E-8 1.07092E-6 1.10493E-5 2.20607E-8 1.61317E-9 3.44038E-11 6.16951E-10 4.34618E-7 1.58214E-7 3.99684E-6 4.97675E-9 2.22045E-16 5.561E-12 4.52305E-13 4.11382E-12 0E0 2.55351E-15 6.17725E-11 5.04023E-10
