ENM/Final_Models/M_2_F_lq_Set_1_EC/Gustavia_santanderiensis_1_Choco_clamping.asc
ncols         367
nrows         963
xllcorner     -78.6
yllcorner     0.65
cellsize      0.00833333333333323
NODATA_value  -9999
[rows 496 to 526 of 963, columns 140 to 209 of 367]
-9999 -9999 -9999 -9999 -9999 -9999 -9999 -9999 -9999 -9999 -9999 -9999 -9999 -9999 -9999 -9999 -9999 -9999 -9999 4.66774E-5 1.88997E-3 1.85309E-3 2.40352E-5 9.86442E-6 3.26009E-6 1.44581E-6 2.4033E-6 9.57019E-6 4.33598E-7 8.12499E-7 6.65942E-10 3.84279E-4 1.48169E-5 1.32681E-7 5.17902E-8 8.89869E-5 8.30245E-6 6.97923E-8 2.03171E-13 3.31957E-12 5.67979E-12 1.00352E-10 1.41649E-10 2.4325E-13 6.38922E-10 3.94129E-14 2.58668E-9 2.05391E-14 3.58106E-9 4.78839E-13 1.11022E-16 3.80517E-11 8.5302E-7 2.65232E-13 1.1946E-13 2.89569E-10 6.52811E-14 1.76102E-9 1.29383E-7 5.03536E-10 2.7334E-10 1.31006E-14 7.72398E-11 6.64468E-13 1.02105E-8 1.46549E-14 3.93019E-13 1.11726E-7 5.64109E-9 4.73788E-12
-9999 -9999 -9999 -9999 -9999 -9999 -9999 -9999 -9999 -9999 -9999 -9999 -9999 -9999 -9999 -9999 -9999 -9999 -9999 1.44015E-5 1.38594E-4 9.58697E-6 4.46411E-6 4.31019E-5 4.59693E-6 3.06964E-10 1.09929E-5 4.64513E-4 1.7381E-6 3.6338E-4 1.02077E-5 5.12696E-8 5.51435E-8 8.56949E-10 2.0404E-7 4.57404E-9 6.43052E-10 9.54758E-11 1.19128E-10 1.25834E-10 2.52937E-8 2.8338E-6 5.78539E-10 5.13685E-10 6.92335E-13 2.09482E-8 1.93244E-10 1.09737E-8 9.13425E-11 5.88418E-15 9.13665E-10 1.09948E-8 1.16359E-6 1.24674E-8 1.72624E-9 6.03129E-10 4.57412E-13 1.31505E-11 1.53298E-8 7.5552E-10 8.17141E-11 1.17159E-8 1.73811E-9 2.99432E-9 2.42208E-10 1.5737E-11 6.4374E-9 2.69252E-8 2.02297E-11 2.89369E-9
-9999 -9999 -9999 -9999 -9999 -9999 -9999 -9999 -9999 -9999 -9999 -9999 -9999 -9999 -9999 -9999 -9999 -9999 2.98994E-8 4.10562E-3 9.8505E-4 6.47979E-2 1.83064E-5 3.0846E-4 2.6541E-7 1.36487E-9 3.18399E-6 1.13525E-4 5.14657E-3 6.96139E-4 2.43189E-5 5.95733E-8 9.22134E-10 2.94634E-5 7.96296E-5 5.50867E-5 4.73681E-6 9.51238E-11 1.97102E-8 3.21099E-8 1.68516E-10 3.18852E-8 3.52527E-8 1.96133E-7 8.82965E-9 5.34073E-12 4.06897E-13 8.37108E-14 7.50346E-11 5.74618E-12 1.75686E-9 4.39261E-7 6.14755E-5 5.76123E-8 9.16374E-9 5.45719E-8 2.40591E-9 2.24463E-9 1.06128E-8 5.48243E-11 1.26146E-7 1.65364E-10 3.64919E-8 8.06996E-9 3.56474E-11 2.10298E-12 1.11022E-16 1.48935E-10 1.13097E-8 1.4671E-8
-9999 -9999 -9999 -9999 -9999 -9999 -9999 -9999 -9999 -9999 -9999 -9999 -9999 -9999 -9999 -9999 -9999 -9999 1.62759E-4 6.16634E-3 4.33038E-2 1.91717E-3 8.30902E-6 2.6513E-4 4.68041E-7 3.64414E-8 1.55685E-4 3.3959E-3 2.2987E-4 8.58035E-5 9.36631E-5 3.56932E-6 7.41483E-8 4.33523E-8 8.35278E-9 9.52765E-5 2.67136E-4 9.23589E-6 5.86941E-9 1.27424E-8 2.13254E-7 5.41206E-6 2.06833E-5 8.32522E-7 4.89878E-7 3.94908E-9 1.81964E-6 8.30302E-12 4.53594E-8 9.46935E-10 3.4612E-8 4.10348E-6 1.161E-4 8.7093E-9 6.46824E-9 3.79419E-11 5.67539E-11 6.19641E-10 6.88365E-11 2.50002E-11 3.85247E-14 5.62883E-14 5.36571E-13 8.86052E-7 6.91616E-7 1.09517E-8 1.63314E-13 1.70042E-12 5.71876E-13 2.75968E-12
-9999 -9999 -9999 -9999 -9999 -9999 -9999 -9999 -9999 -9999 -9999 -9999 -9999 -9999 -9999 -9999 -9999 2.14313E-9 1.29034E-6 2.30475E-3 2.18674E-2 3.62244E-4 4.3937E-2 3.62023E-2 2.80522E-3 3.64441E-8 1.86455E-4 2.31102E-4 7.21868E-6 1.3003E-5 1.09312E-5 1.23495E-5 5.31767E-7 1.53096E-7 1.05237E-4 6.8765E-5 2.29944E-6 1.88672E-6 1.55018E-10 3.2487E-7 1.12461E-8 1.72125E-6 1.94078E-4 2.9848E-5 5.06999E-6 2.74716E-8 8.49092E-8 5.41805E-8 4.51651E-9 1.39053E-11 1.57652E-14 2.08522E-12 2.30053E-8 2.91937E-6 9.72842E-8 1.38769E-8 3.42589E-7 1.30852E-8 4.10783E-15 6.07137E-12 2.03171E-14 2.87936E-12 1.53433E-13 6.71096E-7 1.39399E-8 3.17912E-9 1.00062E-11 4.10783E-15 1.11022E-15 5.98521E-13
-9999 -9999 -9999 -9999 -9999 -9999 -9999 -9999 -9999 -9999 -9999 -9999 -9999 -9999 -9999 -9999 -9999 1.80558E-8 1.80178E-7 1.48275E-3 6.12476E-3 1.42174E-2 3.29974E-2 2.6757E-4 1.91239E-3 5.42987E-7 1.00111E-6 5.03571E-6 1.09389E-4 3.48184E-5 2.29229E-5 3.96305E-5 5.49278E-6 8.78591E-7 2.3106E-8 2.29455E-6 8.1303E-8 9.29561E-7 1.69993E-6 7.07344E-6 9.13779E-8 7.48002E-8 3.00574E-7 2.71829E-7 2.7751E-6 1.51293E-7 8.88968E-10 6.64745E-8 1.22875E-11 5.35028E-12 1.40221E-12 5.48302E-10 1.02503E-10 1.5689E-4 1.18982E-6 5.55423E-6 4.40745E-6 5.99299E-9 5.21805E-14 2.93432E-13 1.66533E-15 4.29878E-12 1.60702E-10 8.90613E-7 1.02541E-9 7.89141E-11 2.6618E-10 4.38316E-13 2.27163E-12 8.00693E-13
-9999 -9999 -9999 -9999 -9999 -9999 -9999 -9999 -9999 -9999 -9999 -9999 -9999 -9999 -9999 -9999 -9999 6.56821E-9 5.04725E-6 4.82898E-7 1.78579E-6 1.48893E-6 6.00818E-4 3.27948E-6 6.13922E-9 9.206E-8 1.33291E-7 1.52506E-8 9.36913E-5 1.09381E-6 6.85992E-7 2.67758E-7 8.94013E-9 1.56739E-8 8.46318E-9 6.23983E-7 1.32313E-6 4.16894E-4 6.00753E-5 3.70546E-4 2.31672E-5 1.71522E-7 5.34889E-6 1.0356E-5 2.71351E-8 4.19517E-8 7.29399E-8 3.63053E-9 8.70414E-11 3.40572E-10 5.39568E-14 5.78522E-10 4.56844E-7 7.55136E-4 2.86111E-7 3.63493E-8 1.29419E-6 7.91362E-8 1.49219E-10 3.37108E-10 3.94375E-11 3.44008E-10 5.23842E-10 9.86378E-12 1.59942E-9 3.83571E-12 7.19875E-10 2.498E-12 1.15259E-11 5.68434E-14
-9999 -9999 -9999 -9999 -9999 -9999 -9999 -9999 -9999 -9999 -9999 -9999 -9999 -9999 -9999 -9999 -9999 1.24509E-8 2.63164E-9 1.28782E-3 5.84676E-5 3.09549E-6 1.59708E-7 2.98527E-8 1.4494E-8 2.99591E-7 1.07272E-6 9.02693E-8 1.39369E-5 1.48301E-6 1.09288E-6 1.61995E-9 7.65836E-9 8.38997E-9 9.71891E-8 4.50953E-7 2.12056E-7 2.47957E-7 3.69639E-5 2.44874E-5 8.07393E-5 3.30118E-8 2.59831E-10 2.03759E-10 4.34631E-10 6.31546E-9 8.37146E-11 5.95446E-8 8.75314E-10 1.22457E-8 2.08719E-11 3.2393E-7 -9999 2.90177E-3 5.33668E-6 4.14975E-6 4.53267E-10 4.13966E-9 1.65496E-5 4.73917E-8 9.15468E-11 1.53902E-11 2.59293E-11 4.35652E-13 3.04323E-12 1.09472E-8 1.33312E-7 7.57859E-10 3.7191E-9 4.44089E-16
-9999 -9999 -9999 -9999 -9999 -9999 -9999 -9999 -9999 -9999 -9999 -9999 -9999 -9999 -9999 -9999 9.37011E-6 9.85185E-5 1.63709E-5 1.57224E-5 4.11585E-2 1.84053E-4 2.65766E-5 7.42751E-5 4.2281E-4 2.91457E-3 2.92177E-7 1.27463E-9 8.13568E-9 1.50679E-11 1.36728E-10 6.90514E-10 1.79228E-7 1.73547E-5 1.14195E-5 1.10789E-5 1.38804E-7 5.44776E-6 1.70141E-3 8.50454E-5 1.03896E-3 7.81823E-7 1.94325E-6 6.95259E-8 6.14323E-11 3.18455E-11 9.90926E-11 4.35248E-9 1.25819E-9 8.72607E-10 1.19026E-8 -9999 3.14138E-8 8.08591E-5 5.47619E-8 7.76463E-10 4.98823E-13 1.25056E-5 4.51513E-7 1.32221E-10 0E0 0E0 5.75467E-10 1.38445E-13 2.27603E-8 2.37008E-9 1.09251E-5 2.84454E-7 3.19631E-8 2.82504E-9
-9999 -9999 -9999 -9999 -9999 -9999 -9999 -9999 -9999 -9999 -9999 -9999 -9999 -9999 -9999 -9999 1.58643E-7 1.88595E-6 7.10616E-10 3.89642E-8 8.68328E-3 7.0216E-3 4.77168E-4 1.50451E-6 1.06618E-4 8.73605E-6 9.20194E-4 2.83902E-9 4.44501E-11 5.67972E-10 3.70688E-9 1.20377E-7 4.19685E-7 9.85528E-6 6.391E-6 1.93044E-6 6.40917E-7 2.9129E-7 2.09899E-5 2.91559E-5 7.19398E-5 9.79367E-8 2.41487E-9 2.12574E-12 1.17556E-9 2.39919E-13 6.27027E-11 9.43812E-12 7.9492E-13 0E0 9.99201E-15 1.23934E-8 2.34004E-6 5.872E-6 3.1397E-6 7.7344E-11 1.18439E-12 1.79894E-8 2.37338E-10 1.28029E-9 0E0 0E0 5.49971E-9 6.99579E-11 9.98343E-11 1.50902E-10 8.54806E-9 8.98589E-11 6.10707E-11 6.18598E-8
-9999 -9999 -9999 -9999 -9999 -9999 -9999 -9999 -9999 -9999 -9999 -9999 -9999 -9999 -9999 -9999 1.52096E-8 2.03103E-8 2.52956E-7 9.23955E-6 1.2631E-4 2.04017E-2 2.07495E-5 3.55727E-5 7.03462E-6 8.267E-7 1.08889E-6 2.90818E-8 2.53472E-8 7.31584E-8 2.88355E-7 4.25304E-7 1.27677E-5 3.45245E-6 7.85785E-6 8.67467E-8 2.9822E-8 1.15895E-6 2.64594E-7 1.79372E-5 3.69178E-6 1.87973E-11 1.03323E-10 5.14699E-13 2.04392E-13 0E0 1.11875E-10 9.97069E-12 1.10229E-9 4.15567E-10 2.88992E-8 -9999 2.6332E-8 5.39213E-9 1.90732E-11 2.98539E-13 1.69365E-12 3.86882E-10 1.13576E-13 3.47833E-13 0E0 2.22045E-16 2.33591E-13 2.9132E-10 2.54581E-8 2.06129E-9 5.31826E-11 5.93646E-11 5.02468E-6 1.8129E-7
-9999 -9999 -9999 -9999 -9999 -9999 -9999 -9999 -9999 -9999 -9999 -9999 -9999 -9999 -9999 -9999 2.46635E-8 3.36367E-5 1.43087E-7 1.11336E-8 1.35946E-5 9.87574E-3 4.35548E-5 1.17349E-5 5.17262E-5 4.49063E-5 2.42228E-6 7.79074E-8 4.82018E-10 1.93824E-6 1.16776E-6 2.87165E-6 2.65925E-8 3.4902E-9 3.83064E-8 4.2682E-7 5.9001E-5 3.9686E-4 1.94723E-4 1.26113E-4 1.41238E-10 9.03833E-12 1.05394E-10 3.09752E-14 4.73399E-13 8.08242E-13 1.65321E-11 3.19174E-9 3.7762E-9 0E0 3.59785E-9 4.9857E-6 4.46688E-10 -9999 3.73841E-10 4.44089E-16 3.09308E-13 1.11022E-16 1.35726E-10 4.59466E-11 1.03251E-14 1.01134E-11 1.37117E-11 1.68968E-10 2.63645E-12 2.5437E-11 2.04329E-4 1.11909E-8 3.93099E-7 4.17926E-8
-9999 -9999 -9999 -9999 -9999 -9999 -9999 -9999 -9999 -9999 -9999 -9999 -9999 -9999 -9999 -9999 2.0591E-10 2.4675E-8 7.60256E-7 1.96071E-4 4.20222E-6 1.74938E-6 3.30596E-6 1.19319E-4 6.566E-5 3.06979E-5 7.04271E-5 4.04946E-5 1.90192E-4 2.00859E-5 2.82712E-7 2.88505E-6 5.53032E-7 5.47002E-8 5.42306E-8 3.38399E-9 6.96562E-8 2.40726E-7 2.28569E-5 1.29273E-7 2.47448E-10 1.10987E-11 3.50207E-11 1.26021E-11 5.62284E-12 1.18172E-12 1.42442E-13 1.42369E-9 1.07756E-8 2.72005E-14 2.35785E-9 8.97465E-10 -9999 8.07595E-6 1.4206E-7 5.51781E-14 7.45348E-12 2.93099E-14 2.81968E-11 5.2347E-13 1.37238E-10 0E0 2.97971E-11 1.83444E-11 1.26754E-12 1.26623E-8 1.9868E-7 1.71296E-8 6.5422E-7 3.36837E-8
-9999 -9999 -9999 -9999 -9999 -9999 -9999 -9999 -9999 -9999 -9999 -9999 -9999 -9999 -9999 -9999 7.11306E-6 3.20837E-5 1.55251E-4 4.09764E-5 1.33351E-5 3.78534E-5 7.71712E-8 1.82009E-5 1.68149E-4 1.58355E-5 1.19871E-6 2.57865E-6 7.74726E-6 3.37709E-7 2.26235E-9 1.27285E-8 1.17244E-7 1.37662E-10 6.45681E-8 5.62859E-9 2.35584E-6 1.08745E-6 6.00129E-8 3.23351E-9 8.82549E-10 1.45406E-7 2.82004E-9 5.57199E-9 9.26712E-10 3.83071E-11 4.53389E-8 6.14872E-8 1.20238E-6 5.4692E-10 1.00489E-9 4.55858E-13 3.2389E-9 9.93719E-7 4.66229E-4 1.48401E-8 3.82697E-8 2.66454E-15 1.317E-11 6.03088E-10 4.71334E-7 4.34424E-5 5.82216E-8 9.28048E-8 1.09036E-9 3.14381E-10 1.56417E-6 1.60096E-5 5.58668E-9 1.3221E-7
-9999 -9999 -9999 -9999 -9999 -9999 -9999 -9999 -9999 -9999 -9999 -9999 -9999 -9999 -9999 -9999 6.69952E-8 4.43397E-2 1.43579E-2 4.3869E-3 6.42943E-4 4.6715E-5 2.35794E-5 7.22663E-7 6.53821E-8 5.1509E-9 3.23121E-10 1.32365E-7 2.98693E-8 5.38147E-5 1.94474E-4 2.09501E-4 1.7221E-7 2.68657E-7 1.81774E-7 3.40073E-5 1.18815E-5 5.14061E-7 9.14297E-10 1.57507E-9 8.21078E-10 6.09746E-9 9.47586E-11 5.16606E-9 1.58797E-6 6.263E-9 1.3329E-8 7.76627E-9 3.57159E-13 4.3332E-13 3.86934E-11 4.28546E-13 -9999 7.84704E-7 1.43698E-11 1.28819E-12 9.25893E-12 2.00795E-9 1.0103E-14 2.37416E-11 1.81546E-9 2.27181E-7 1.2175E-7 5.05047E-9 1.81939E-4 1.39571E-7 2.52783E-10 4.13312E-5 1.5888E-5 7.32506E-10
-9999 -9999 -9999 -9999 -9999 -9999 -9999 -9999 -9999 -9999 -9999 -9999 -9999 -9999 -9999 -9999 8.95507E-8 7.28192E-3 5.11129E-3 6.13323E-4 2.92236E-2 7.98081E-3 9.78259E-6 4.38921E-7 1.15255E-5 1.01097E-4 3.71979E-6 1.52376E-5 2.04328E-6 3.82549E-6 1.42061E-5 1.07975E-5 1.98304E-3 9.65699E-4 1.63604E-4 4.80899E-5 2.10673E-7 1.46632E-5 3.91555E-7 8.33549E-11 7.5912E-8 8.49824E-10 3.82285E-11 4.81461E-10 6.38257E-11 2.45206E-8 1.35989E-9 3.86304E-10 4.92769E-9 3.44452E-8 3.31234E-9 -9999 1.73653E-3 1.29987E-5 2.25506E-6 3.93056E-8 5.70603E-5 2.29861E-7 2.46715E-10 3.14193E-14 0E0 1.10423E-12 7.33857E-14 3.93219E-12 1.44315E-10 5.76094E-8 2.58025E-8 2.65956E-5 2.27495E-7 7.97871E-6
-9999 -9999 -9999 -9999 -9999 -9999 -9999 -9999 -9999 -9999 -9999 -9999 -9999 -9999 -9999 -9999 1.77679E-3 1.42561E-2 1.95188E-2 4.7243E-4 6.32611E-3 3.6135E-3 7.39185E-3 3.01467E-3 1.09675E-6 1.01756E-6 2.47337E-7 1.88002E-8 1.1635E-4 1.3744E-5 5.13217E-3 1.78554E-3 1.47597E-3 4.16821E-6 1.21861E-4 3.72248E-5 2.27137E-3 9.76564E-4 1.1083E-9 1.90107E-9 2.92716E-9 2.26852E-8 8.19084E-10 3.36243E-11 4.88655E-8 1.13865E-8 1.10063E-9 6.55032E-14 6.52034E-13 1.12679E-10 1.05855E-10 8.32667E-15 2.45829E-7 4.61589E-9 4.93299E-7 7.82904E-10 1.21907E-9 2.75302E-12 2.30915E-12 7.18314E-14 3.2131E-12 1.89848E-14 5.21179E-10 9.15934E-14 2.00534E-11 2.16416E-12 6.72642E-9 3.06311E-9 1.41596E-5 4.2007E-5
-9999 -9999 -9999 -9999 -9999 -9999 -9999 -9999 -9999 -9999 -9999 -9999 -9999 -9999 -9999 -9999 6.37046E-4 3.24729E-3 1.51919E-2 9.0533E-3 5.20757E-2 1.84473E-3 4.30692E-3 2.09971E-3 2.09974E-5 9.68506E-7 1.88818E-7 1.33388E-6 5.39422E-4 1.46183E-4 2.73116E-4 1.1837E-2 1.76557E-2 6.12895E-4 3.25087E-5 4.76965E-5 2.64173E-5 5.33844E-4 2.62889E-11 4.61923E-8 1.43611E-10 1.34545E-6 1.06051E-8 1.34637E-11 4.24383E-12 8.05404E-9 9.54916E-9 3.89702E-7 1.37505E-10 1.58576E-9 6.61193E-12 1.49902E-12 1.51523E-10 1.32441E-4 2.51883E-6 7.94707E-6 6.01533E-7 1.39243E-9 4.36019E-10 1.55478E-11 1.05671E-12 3.16414E-14 1.53665E-9 4.66294E-15 6.0314E-12 1.03949E-10 1.15934E-8 8.04029E-8 8.71624E-8 3.66864E-6
-9999 -9999 -9999 -9999 -9999 -9999 -9999 -9999 -9999 -9999 -9999 -9999 -9999 -9999 -9999 -9999 2.98654E-4 2.60013E-4 7.83489E-3 2.55118E-3 6.95447E-4 2.38638E-4 2.59025E-5 7.00483E-3 1.55887E-5 6.44817E-5 4.27355E-7 5.73976E-7 1.23196E-4 1.13984E-3 1.82505E-4 2.10418E-4 2.41582E-2 3.53892E-5 8.3166E-7 4.8661E-7 6.63426E-6 3.52426E-5 2.14489E-8 6.33947E-6 1.4643E-8 3.85491E-8 1.30505E-9 8.27864E-9 1.0831E-10 1.07573E-9 2.00758E-8 5.10254E-7 1.3088E-10 1.18462E-9 1.18545E-9 1.78024E-7 7.12208E-12 4.88039E-6 9.31761E-10 2.56184E-8 5.0108E-11 1.57596E-10 1.07477E-9 1.36785E-9 4.66048E-11 1.59872E-14 2.38598E-12 1.01069E-10 3.08272E-11 2.05225E-12 1.05418E-10 1.71469E-10 6.90614E-8 1.90664E-9
-9999 -9999 -9999 -9999 -9999 -9999 -9999 -9999 -9999 -9999 -9999 -9999 -9999 -9999 -9999 -9999 4.58627E-4 2.27585E-3 8.02078E-2 1.2832E-3 4.48579E-2 6.71491E-2 3.79341E-4 1.21783E-5 2.28573E-4 1.74591E-4 1.05341E-5 8.00162E-6 2.85668E-7 1.51893E-2 2.30793E-3 1.66223E-2 2.38538E-3 7.66477E-4 5.86642E-8 3.83484E-5 5.85932E-9 1.33772E-8 2.68425E-7 7.91319E-8 5.59886E-6 3.10641E-6 1.00308E-6 3.14003E-7 5.10523E-6 8.43735E-6 1.60077E-7 4.3112E-8 1.51878E-9 2.23477E-12 1.05458E-9 1.09249E-8 1.52372E-9 1.18312E-3 3.60631E-8 2.26258E-11 1.10559E-10 8.16808E-9 1.21533E-8 1.54068E-9 1.61705E-7 3.00904E-11 1.27379E-9 1.03454E-10 1.26456E-10 2.98427E-10 1.0547E-8 9.30247E-10 4.29365E-8 2.11047E-8
-9999 -9999 -9999 -9999 -9999 -9999 -9999 -9999 -9999 -9999 -9999 -9999 -9999 -9999 -9999 -9999 6.50979E-2 1.4021E-2 1.16143E-1 1.26249E-1 9.72228E-4 1.05328E-4 9.1549E-4 8.38504E-3 2.72753E-5 1.30676E-7 3.52229E-5 5.44559E-5 6.47591E-7 2.94625E-4 2.18635E-2 5.1271E-2 1.00377E-2 1.41433E-3 2.53287E-5 5.95427E-3 4.54283E-5 5.96895E-7 6.65946E-8 1.10039E-7 1.9624E-5 1.6243E-5 3.80003E-6 1.09684E-5 2.95288E-5 6.15437E-5 8.14613E-6 3.42378E-8 8.39697E-6 2.12164E-12 4.99329E-8 8.05778E-10 4.50084E-4 1.1841E-3 1.63988E-4 1.4165E-9 3.2958E-5 3.27699E-6 3.47438E-9 6.81838E-9 1.5051E-5 5.41802E-10 1.28564E-13 1.70508E-8 6.9807E-9 3.12079E-5 7.48601E-6 1.50043E-5 1.08605E-5 8.72648E-7
-9999 -9999 -9999 -9999 -9999 -9999 -9999 -9999 -9999 -9999 -9999 -9999 -9999 -9999 -9999 -9999 4.11186E-5 2.5943E-2 5.13014E-3 7.12678E-4 8.37046E-5 2.49987E-4 9.75315E-5 5.58125E-4 1.40187E-4 4.00104E-6 1.10041E-4 9.89666E-4 2.49707E-5 7.59418E-3 7.41486E-2 8.14594E-2 3.22341E-2 4.58076E-2 6.18285E-4 1.65369E-5 3.67104E-8 2.3474E-7 3.8905E-8 5.04693E-8 2.371E-7 3.89087E-6 2.37156E-5 1.78585E-5 3.40528E-6 2.91308E-6 1.08413E-6 3.90076E-7 7.63546E-8 5.24148E-8 1.32512E-3 7.02519E-9 1.02887E-4 1.79021E-3 5.55719E-3 1.49925E-7 3.93194E-11 2.0366E-8 6.89952E-4 5.00537E-3 4.20055E-4 9.11735E-6 5.0707E-10 8.75394E-6 5.59002E-5 1.64847E-5 6.81926E-6 5.08302E-7 1.57278E-5 2.11591E-5
-9999 -9999 -9999 -9999 -9999 -9999 -9999 -9999 -9999 -9999 -9999 -9999 -9999 -9999 -9999 -9999 3.36472E-4 5.41041E-5 1.20502E-4 1.57281E-4 2.10557E-5 6.35018E-5 1.49836E-4 4.9325E-3 1.5601E-4 2.50849E-5 3.103E-5 1.11497E-5 1.57814E-3 1.53114E-2 2.0916E-3 5.72958E-3 3.71624E-3 2.46262E-2 3.28176E-3 1.54249E-6 8.45901E-7 4.97415E-6 4.63931E-8 4.97037E-6 2.62493E-5 3.75268E-5 1.68855E-5 2.0875E-7 8.7111E-10 6.64378E-8 2.1939E-6 3.31098E-10 1.67425E-6 1.54129E-11 2.39787E-3 -9999 2.3357E-4 5.98948E-5 6.49627E-8 1.42546E-11 1.37011E-8 2.65615E-8 4.13702E-11 8.74304E-5 1.4346E-4 3.27407E-5 2.87467E-6 5.96226E-8 9.88779E-6 3.61183E-5 5.81106E-8 1.84955E-7 2.17231E-7 8.39564E-5
-9999 -9999 -9999 -9999 -9999 -9999 -9999 -9999 -9999 -9999 -9999 -9999 -9999 -9999 -9999 -9999 1.73073E-5 3.76711E-8 1.21156E-6 7.91922E-5 1.0652E-4 8.10572E-6 2.90212E-4 2.13307E-3 1.26058E-2 5.87433E-6 1.61761E-5 1.45192E-4 2.086E-3 1.29336E-2 1.82522E-3 3.62512E-7 5.62346E-5 9.12044E-5 3.9032E-5 4.02199E-4 7.41315E-6 5.20643E-9 5.06501E-8 1.79835E-6 3.95068E-7 1.18811E-7 1.76151E-7 3.35925E-6 3.54716E-8 1.47638E-8 3.34545E-7 3.39728E-13 1.11426E-8 5.1423E-10 2.20546E-2 2.77568E-2 9.19792E-3 1.30711E-4 3.37178E-10 9.97197E-9 1.47516E-10 4.39736E-10 8.46191E-10 8.53119E-5 3.5091E-4 1.99334E-8 8.42856E-10 6.18261E-6 1.64934E-4 1.92213E-6 1.2398E-5 1.87109E-4 3.26365E-4 3.23387E-5
-9999 -9999 -9999 -9999 -9999 -9999 -9999 -9999 -9999 -9999 -9999 -9999 -9999 -9999 -9999 -9999 6.3337E-4 1.43264E-5 2.88169E-6 1.38345E-5 4.59027E-4 9.22349E-4 8.94535E-5 3.7126E-3 9.77294E-3 2.44286E-4 1.58733E-4 9.33266E-4 1.32715E-2 2.86433E-3 7.38489E-3 3.37645E-5 1.86175E-5 1.58679E-5 1.00304E-4 4.69058E-6 2.01606E-6 2.314E-9 2.05039E-8 6.98537E-8 6.86166E-4 4.38061E-9 2.46025E-7 9.77494E-8 3.68408E-8 3.30073E-8 9.20591E-7 5.44474E-10 3.40116E-8 2.13379E-4 -9999 3.0879E-3 6.24955E-3 1.05412E-6 2.70158E-9 2.6912E-9 6.84532E-8 2.36099E-7 5.8431E-13 5.01921E-5 9.0175E-7 1.60458E-6 9.09059E-7 1.16945E-5 4.30738E-6 9.67662E-5 1.28406E-4 1.08475E-6 2.10534E-6 3.20084E-3
-9999 -9999 -9999 -9999 -9999 -9999 -9999 -9999 -9999 -9999 -9999 -9999 -9999 -9999 -9999 -9999 1.59419E-6 1.20819E-4 2.11911E-5 3.32765E-7 3.95357E-5 2.40146E-4 4.06903E-3 2.28789E-4 7.52354E-5 3.60499E-2 3.4045E-2 2.0616E-4 6.68497E-4 1.69354E-5 3.53272E-4 2.05467E-3 1.86863E-4 1.45557E-3 5.08036E-5 5.46247E-6 1.4308E-6 7.32154E-6 1.16663E-5 5.3902E-5 3.11048E-7 7.80321E-6 1.87157E-8 4.82539E-8 6.20253E-9 2.90174E-9 1.07817E-7 7.72694E-8 -9999 1.48411E-2 8.98117E-5 7.31519E-4 8.11294E-6 3.65034E-4 2.4577E-5 4.10099E-7 6.19179E-8 2.02481E-7 2.48031E-6 5.94339E-8 1.77221E-8 1.48972E-5 1.66051E-6 3.2179E-8 6.28222E-7 2.36201E-4 3.18782E-5 1.66035E-5 4.63094E-4 1.9033E-2
-9999 -9999 -9999 -9999 -9999 -9999 -9999 -9999 -9999 -9999 -9999 -9999 -9999 -9999 -9999 -9999 1.91429E-4 9.65966E-5 2.01433E-5 1.7092E-4 3.85606E-3 1.59712E-5 3.92943E-6 1.12423E-3 1.98209E-4 1.96826E-2 6.07511E-2 3.1107E-2 4.84104E-4 1.96675E-2 6.72215E-7 2.84064E-5 1.62021E-4 1.22064E-5 3.64064E-5 1.26675E-5 5.40719E-5 7.80055E-4 1.59915E-4 3.60712E-3 7.72687E-4 1.28654E-7 4.03476E-7 1.56152E-5 1.83441E-5 3.8239E-9 7.56302E-8 1.02759E-6 2.49184E-4 1.80747E-2 1.03522E-4 2.07085E-6 1.63203E-14 5.43371E-7 1.43287E-5 1.12776E-7 4.98981E-7 3.99663E-7 1.57501E-8 7.3685E-4 1.94305E-5 1.1202E-5 2.97471E-6 1.29528E-6 2.86867E-6 7.70873E-7 1.55929E-7 2.57831E-5 5.57844E-5 1.34465E-4
-9999 -9999 -9999 -9999 -9999 -9999 -9999 -9999 -9999 -9999 -9999 -9999 -9999 -9999 -9999 -9999 1.02311E-3 5.53576E-5 1.07532E-4 1.64212E-5 8.20695E-5 4.24416E-4 6.53008E-5 1.00359E-2 1.38434E-2 3.88569E-3 1.26932E-2 4.84118E-2 5.93896E-4 1.19714E-2 3.38223E-5 1.5606E-5 3.91645E-5 1.6571E-7 2.51882E-7 5.23542E-7 9.10573E-6 1.59876E-5 1.0607E-4 1.77949E-5 3.66459E-5 1.18983E-5 1.34724E-5 3.90524E-6 4.81577E-6 1.55927E-5 1.0936E-6 1.02236E-6 -9999 -9999 1.29971E-8 1.29537E-4 2.85714E-5 9.39427E-7 1.80801E-5 7.1572E-7 1.3302E-6 1.00429E-3 1.01027E-2 3.89981E-5 3.30006E-6 2.08218E-6 1.52429E-4 2.30748E-6 2.04778E-7 2.79733E-7 4.72186E-9 5.95772E-8 4.68397E-6 2.57957E-4
-9999 -9999 -9999 -9999 -9999 -9999 -9999 -9999 -9999 -9999 -9999 -9999 -9999 -9999 -9999 -9999 1.67419E-5 2.97005E-3 3.24415E-3 1.62687E-3 6.84673E-5 2.14249E-5 2.52568E-5 2.25235E-3 1.51876E-6 2.22572E-4 1.07618E-4 1.40365E-2 5.69978E-4 4.14004E-3 2.6506E-3 3.93578E-5 6.01489E-6 8.04436E-7 9.57734E-7 8.19584E-6 1.1033E-6 3.41841E-6 8.91338E-6 2.24473E-5 3.82919E-5 2.33695E-5 5.16544E-5 1.033E-5 1.57883E-6 1.9265E-7 1.65972E-6 1.09388E-6 5.6595E-9 1.62375E-10 7.85299E-8 4.16372E-8 6.88263E-3 5.69974E-4 3.90919E-6 5.81039E-5 3.759E-7 1.11152E-6 2.07698E-4 7.44663E-7 4.79127E-8 7.5582E-6 1.62438E-4 3.82163E-5 9.75936E-6 1.71592E-6 5.7093E-7 2.34038E-4 1.45159E-4 4.24299E-5
-9999 -9999 -9999 -9999 -9999 -9999 -9999 -9999 -9999 -9999 -9999 -9999 -9999 -9999 -9999 3.98434E-5 1.97094E-2 1.47531E-2 7.5717E-4 1.35113E-5 1.36361E-6 3.07937E-4 6.68232E-4 6.18864E-6 3.00559E-4 6.2574E-5 2.24008E-4 5.04955E-6 4.6094E-6 4.63025E-4 1.93225E-6 9.59574E-5 4.55608E-5 1.05237E-4 3.18642E-5 5.2781E-5 4.283E-6 7.61575E-6 4.00936E-5 1.0075E-5 2.81E-5 6.72344E-6 5.20268E-4 1.89051E-5 1.75133E-6 4.06157E-6 1.45218E-5 8.81648E-5 -9999 1.45439E-13 8.37249E-8 1.67941E-3 3.97912E-2 1.50306E-2 5.73122E-3 1.30528E-5 2.72657E-4 1.2481E-4 4.03429E-5 2.48783E-3 2.78231E-4 1.26372E-5 4.28417E-5 3.64316E-5 2.52972E-5 7.05581E-5 4.7531E-6 6.01404E-6 1.13963E-5 3.00561E-5
-9999 -9999 -9999 -9999 -9999 -9999 -9999 -9999 -9999 -9999 -9999 -9999 -9999 -9999 -9999 1.05224E-4 8.16453E-2 1.19277E-2 1.16304E-5 5.06124E-5 5.51497E-6 2.05891E-4 4.46826E-4 1.06539E-4 5.33584E-3 9.21141E-5 2.8006E-5 4.40568E-5 9.3171E-6 9.27036E-7 8.53194E-6 4.75129E-5 5.34008E-4 6.80141E-5 1.94345E-4 8.98338E-5 4.23439E-6 4.58882E-6 7.23804E-5 5.92693E-5 2.84494E-4 2.09247E-4 2.76634E-4 9.98445E-6 1.60928E-5 4.17594E-5 4.61598E-6 1.28432E-4 5.41041E-8 8.08499E-9 -9999 6.12468E-2 5.53877E-2 3.30712E-2 7.4633E-3 2.00308E-3 8.49248E-4 5.4188E-7 1.77032E-7 1.03696E-2 4.80425E-3 3.0249E-5 1.10255E-7 1.30485E-5 6.5552E-5 2.23641E-5 7.58238E-4 1.23571E-4 6.4908E-5 2.89425E-4
