ENM/Final_Models/M_2_F_lq_Set_1_EC/Gustavia_santanderiensis_5_Choco.asc
ncols         367
nrows         963
xllcorner     -78.6
yllcorner     0.65
cellsize      0.00833333333333323
NODATA_value  -9999
[rows 627 to 659 of 963, columns 148 to 221 of 367]
-9999 -9999 -9999 -9999 -9999 -9999 -9999 -9999 -9999 -9999 -9999 -9999 -9999 -9999 -9999 9.99999E-1 1E0 9.99995E-1 9.99996E-1 9.99788E-1 9.97513E-1 9.99739E-1 9.99968E-1 9.99536E-1 9.81361E-1 9.98014E-1 8.83424E-1 8.74716E-1 8.8233E-1 6.85699E-1 4.7536E-1 1.52815E-1 7.54172E-2 1.47712E-1 9.64039E-2 4.80789E-2 5.29599E-2 1.01794E-1 9.91936E-1 9.58491E-1 9.93865E-1 9.94133E-1 7.93479E-2 4.46201E-1 3.41498E-1 7.02442E-1 5.17184E-2 7.58445E-1 4.46517E-1 2.80139E-1 2.21609E-1 4.59581E-1 4.1984E-1 2.14931E-1 6.11603E-3 1.80268E-3 9.65658E-4 2.05371E-3 5.22056E-3 8.77322E-3 1.41199E-2 1.88634E-2 4.64246E-2 4.20773E-3 3.01891E-3 1.43071E-2 6.69687E-3 6.86136E-3 3.55827E-3 3.22884E-3 4.23472E-3 5.86275E-3 1.41648E-3 2.38832E-4
-9999 -9999 -9999 -9999 -9999 -9999 -9999 -9999 -9999 -9999 -9999 -9999 -9999 -9999 9.99998E-1 9.99927E-1 9.99923E-1 9.99991E-1 9.99716E-1 9.99921E-1 9.98913E-1 9.99884E-1 9.99975E-1 9.85897E-1 9.86945E-1 9.9268E-1 9.08536E-1 6.52792E-1 5.51193E-1 4.8001E-1 3.18355E-1 1.94179E-1 4.54062E-2 1.09629E-1 6.3602E-2 7.17977E-2 2.04207E-1 7.28323E-1 8.24064E-1 9.79716E-1 9.92078E-1 9.81937E-1 4.40791E-1 8.53331E-1 8.57937E-1 8.51274E-1 7.11339E-1 4.01773E-1 6.34305E-1 1.26434E-1 1.13371E-1 1.6663E-1 1.78274E-1 5.41372E-2 4.19011E-2 6.92291E-4 3.70212E-4 1.11878E-3 2.93035E-3 5.97119E-3 8.88348E-3 1.15301E-2 2.28972E-2 1.23231E-2 6.82909E-3 2.75009E-3 1.7622E-3 4.10526E-3 3.14648E-3 5.8663E-3 1.58529E-3 5.31238E-3 8.66637E-4 1.77613E-4
-9999 -9999 -9999 -9999 -9999 -9999 -9999 -9999 -9999 -9999 -9999 -9999 -9999 9.99993E-1 9.99995E-1 9.99988E-1 9.99999E-1 9.97441E-1 9.99513E-1 9.9934E-1 9.99602E-1 9.99488E-1 9.99991E-1 9.99382E-1 7.32634E-1 9.45927E-1 8.69274E-1 6.49499E-1 5.80364E-1 3.1465E-1 2.87189E-1 2.59285E-1 6.35384E-2 1.22898E-1 7.84828E-2 4.74444E-1 8.187E-1 8.08092E-1 8.78702E-1 9.97671E-1 9.96652E-1 9.52103E-1 6.48188E-1 7.90118E-1 7.93293E-1 6.87463E-1 5.49019E-1 5.1738E-1 1.95166E-1 2.54157E-1 3.20546E-2 3.28792E-2 1.4265E-2 2.36496E-3 2.30479E-3 1.83132E-2 1.09661E-3 3.87691E-4 3.46993E-4 5.37294E-4 5.72995E-3 5.78562E-3 2.39967E-2 9.07736E-3 4.1309E-3 5.08069E-3 1.8621E-3 1.64821E-3 2.798E-3 3.55021E-3 5.12886E-3 9.68271E-4 2.96839E-4 5.17033E-5
-9999 -9999 -9999 -9999 -9999 -9999 -9999 -9999 -9999 -9999 -9999 -9999 -9999 9.99998E-1 1E0 9.99999E-1 9.98981E-1 9.99646E-1 9.99688E-1 9.96083E-1 9.99609E-1 9.99855E-1 9.99648E-1 9.99847E-1 9.92616E-1 7.25105E-1 5.56457E-1 5.88875E-1 4.51873E-1 3.25275E-1 3.20741E-1 2.23556E-1 3.85234E-1 8.50087E-1 6.76015E-1 4.17746E-1 7.3289E-1 8.76484E-1 9.28129E-1 9.84237E-1 9.9925E-1 8.49046E-1 7.4026E-1 8.55522E-1 9.12125E-1 6.29233E-1 2.94878E-1 1.09343E-1 1.13902E-1 6.88899E-2 2.31714E-2 1.41173E-3 2.35008E-3 2.61363E-3 3.77123E-4 1.95079E-3 5.62738E-4 2.48996E-3 5.92525E-4 7.50388E-4 6.04892E-3 8.7478E-3 9.53203E-3 9.73819E-3 9.05228E-3 1.18436E-3 1.25931E-3 1.75594E-3 1.70301E-3 9.72929E-4 4.17904E-3 1.34156E-3 6.85011E-4 3.2818E-4
-9999 -9999 -9999 -9999 -9999 -9999 -9999 -9999 -9999 -9999 -9999 -9999 9.99974E-1 9.99996E-1 9.99665E-1 9.99198E-1 9.9915E-1 9.99958E-1 9.99972E-1 9.99914E-1 9.99895E-1 9.99645E-1 9.99879E-1 9.9952E-1 9.97599E-1 9.62048E-1 9.58494E-1 7.64496E-1 7.70194E-1 4.51784E-1 1.15337E-1 1.80665E-1 2.05236E-1 7.1899E-1 4.53118E-1 5.70876E-1 9.75228E-1 9.55868E-1 7.76469E-1 8.26827E-1 9.32184E-1 9.07497E-1 9.31585E-1 9.19286E-1 9.21806E-1 8.29324E-1 4.63934E-1 2.21533E-1 3.01571E-1 3.53572E-1 8.55875E-2 7.63036E-3 3.13591E-2 3.17554E-2 2.30595E-2 2.50825E-2 1.70929E-3 3.35894E-4 4.75332E-4 1.26938E-3 1.34548E-2 1.48972E-2 6.20599E-3 4.63396E-3 4.08096E-3 3.0572E-3 5.81796E-3 4.77936E-3 6.7598E-4 5.76404E-4 2.74128E-4 5.69572E-4 6.34263E-4 3.47911E-4
-9999 -9999 -9999 -9999 -9999 -9999 -9999 -9999 -9999 -9999 -9999 -9999 9.99999E-1 9.99994E-1 1E0 9.99998E-1 9.99963E-1 9.98719E-1 9.99973E-1 9.99953E-1 9.99972E-1 9.99944E-1 9.99631E-1 9.94094E-1 9.99621E-1 9.09237E-1 8.00758E-1 8.71473E-1 6.53553E-1 4.27863E-1 6.36168E-2 7.52116E-2 1.34526E-1 4.00867E-1 3.40816E-1 8.40313E-1 9.63955E-1 9.92048E-1 9.59812E-1 8.70362E-1 9.29239E-1 3.02379E-1 6.35866E-1 9.49625E-1 9.01205E-1 9.33136E-1 7.90746E-1 6.61513E-1 7.03486E-1 5.25264E-1 3.16454E-1 4.09257E-2 1.67275E-1 2.4227E-1 7.18208E-2 3.17185E-2 6.01336E-3 3.74374E-4 8.12296E-4 4.26511E-3 3.60729E-2 1.20961E-2 8.38898E-3 9.38586E-3 6.22531E-3 6.59135E-3 9.80512E-3 1.54403E-2 3.54754E-3 5.52512E-3 1.52319E-3 2.48305E-3 1.03202E-3 2.73831E-4
-9999 -9999 -9999 -9999 -9999 -9999 -9999 -9999 -9999 -9999 -9999 9.99992E-1 9.99999E-1 9.99996E-1 1E0 9.99999E-1 9.99998E-1 9.99382E-1 9.99985E-1 9.9996E-1 9.99952E-1 9.99494E-1 9.9992E-1 9.99941E-1 9.99889E-1 9.90486E-1 7.6842E-1 9.15219E-1 8.52796E-1 4.05455E-1 8.97241E-2 1.28144E-1 1.31831E-1 5.42102E-1 6.73253E-1 5.46952E-1 9.0651E-1 9.40816E-1 9.98151E-1 9.87604E-1 9.25271E-1 1.40306E-1 1.67534E-1 7.37303E-1 7.51505E-1 7.46131E-1 4.53541E-1 3.91921E-1 1.49627E-1 4.02554E-1 3.98151E-1 3.17397E-1 2.25409E-1 1.0042E-1 5.88499E-3 3.51738E-2 1.39351E-2 5.71497E-4 3.55028E-4 1.81399E-3 6.24506E-3 1.08226E-2 8.94527E-3 4.41319E-3 5.41036E-3 1.6462E-3 4.08437E-3 2.48718E-3 4.72528E-3 9.72209E-4 -9999 -9999 7.89105E-4 1.36407E-4
-9999 -9999 -9999 -9999 -9999 -9999 -9999 -9999 -9999 -9999 -9999 9.99985E-1 9.99999E-1 9.99996E-1 1E0 1E0 9.99996E-1 9.99976E-1 9.99999E-1 9.99929E-1 9.9964E-1 9.99601E-1 9.99801E-1 9.99394E-1 9.99958E-1 9.97016E-1 8.36936E-1 9.95834E-1 9.80806E-1 7.0526E-1 7.59894E-2 1.21194E-1 1.78201E-1 2.23359E-1 6.54074E-1 5.21232E-1 9.19597E-1 9.62434E-1 8.25511E-1 9.41116E-1 8.81919E-1 4.29964E-2 1.96561E-1 7.56364E-1 8.89975E-1 9.23231E-1 7.38926E-1 5.09453E-1 2.26719E-1 2.57777E-1 2.51939E-1 2.05306E-1 1.69941E-1 1.12828E-2 1.82161E-3 3.0171E-3 4.63003E-3 4.91644E-4 1.33676E-4 3.48024E-4 5.18974E-4 2.80937E-3 3.23992E-3 1.23241E-2 5.87073E-3 1.57716E-3 4.85661E-4 2.76666E-4 2.63647E-3 -9999 -9999 -9999 8.03024E-5 7.08954E-5
-9999 -9999 -9999 -9999 -9999 -9999 -9999 -9999 -9999 -9999 -9999 1E0 9.99999E-1 9.99991E-1 9.99998E-1 9.99975E-1 9.99999E-1 9.99939E-1 9.99996E-1 9.99982E-1 9.9938E-1 9.99977E-1 9.95273E-1 9.9174E-1 9.97953E-1 9.25225E-1 3.80718E-1 9.25254E-1 8.12339E-1 3.58002E-1 2.43214E-1 9.29045E-2 5.16415E-2 5.12025E-1 8.57044E-1 9.95118E-1 9.86333E-1 9.82259E-1 9.21718E-1 7.50681E-1 8.56984E-1 7.8919E-1 9.08353E-1 8.69141E-1 7.84907E-1 7.45658E-1 4.76726E-1 5.63686E-1 4.90517E-1 1.20046E-1 1.26905E-1 3.46706E-2 5.45983E-3 3.10668E-3 1.02729E-2 2.50387E-3 5.4855E-4 3.85094E-4 8.94121E-5 9.79968E-5 7.96836E-5 4.3298E-4 1.93141E-3 1.33507E-3 4.63706E-3 8.64427E-4 4.34575E-5 2.40847E-5 -9999 -9999 -9999 -9999 1.39464E-5 1.29651E-5
-9999 -9999 -9999 -9999 -9999 -9999 -9999 -9999 -9999 -9999 9.99999E-1 1E0 1E0 1E0 9.99923E-1 9.99698E-1 9.9977E-1 9.99976E-1 9.99784E-1 1E0 9.99928E-1 9.99644E-1 9.9584E-1 9.99727E-1 9.96792E-1 8.39407E-1 7.32691E-1 5.90769E-1 3.62981E-1 5.06142E-1 2.37658E-1 2.92041E-1 1.09662E-1 7.35727E-2 8.40117E-2 4.57865E-1 9.14433E-1 9.88318E-1 8.86304E-1 7.71853E-1 6.05349E-1 7.40604E-1 7.43222E-1 9.27942E-1 8.16581E-1 4.76012E-1 2.38149E-1 4.15557E-1 5.80605E-1 5.06088E-1 4.73633E-1 1.23975E-1 4.65731E-3 5.15711E-3 4.20808E-2 8.20413E-3 1.60523E-3 4.67401E-4 9.04546E-5 8.83657E-5 8.27943E-5 2.42918E-4 1.74912E-3 2.32697E-4 1.08253E-3 1.07528E-3 9.21323E-5 6.44811E-5 -9999 -9999 -9999 3.11824E-6 2.35041E-6 7.44106E-6
-9999 -9999 -9999 -9999 -9999 -9999 -9999 -9999 -9999 9.99999E-1 1E0 1E0 9.99986E-1 1E0 9.99983E-1 9.99981E-1 9.99963E-1 9.99972E-1 9.99967E-1 9.99299E-1 9.99213E-1 9.9999E-1 9.99974E-1 9.99926E-1 9.9935E-1 6.77979E-1 6.89782E-1 5.23913E-1 3.59072E-1 1.42014E-1 1.88092E-1 1.61162E-1 1.40654E-1 8.75005E-2 2.80444E-1 1.32597E-1 3.81136E-1 7.58772E-2 5.49331E-1 7.88127E-1 8.31462E-1 3.26558E-1 5.67439E-1 7.9934E-1 8.94799E-1 8.6313E-1 6.20468E-1 6.9306E-1 6.33571E-1 4.3611E-1 5.68705E-1 3.54002E-1 2.41425E-1 3.87583E-2 3.4807E-2 9.47775E-3 5.63696E-3 3.15514E-3 1.14252E-3 8.30637E-5 1.2764E-5 9.16564E-5 2.65546E-4 2.4997E-4 4.91246E-4 6.66988E-4 6.26588E-5 -9999 -9999 -9999 8.74937E-7 1.49731E-7 1.53253E-7 2.01186E-6
-9999 -9999 -9999 -9999 -9999 -9999 -9999 -9999 -9999 1E0 1E0 1E0 9.99974E-1 1E0 9.99997E-1 9.99939E-1 9.99983E-1 9.99997E-1 9.99858E-1 9.99981E-1 1E0 9.95803E-1 9.90151E-1 9.64006E-1 8.87501E-1 2.81827E-1 1.39953E-1 6.92784E-2 1.19483E-1 2.98635E-1 1.78761E-1 1.75683E-1 1.98757E-1 7.19725E-1 5.41316E-1 6.13173E-1 9.37146E-1 9.44407E-1 7.17391E-1 5.61879E-1 6.22943E-1 2.01783E-1 8.06783E-1 8.27611E-1 8.56126E-1 5.18453E-1 4.53504E-1 6.81013E-1 4.92847E-1 2.59576E-1 4.06078E-1 3.29877E-1 2.11512E-1 1.25297E-1 1.62318E-1 3.77947E-2 5.38681E-2 2.1554E-2 2.45396E-3 3.12813E-4 4.1766E-5 1.432E-5 1.08343E-4 6.12788E-5 1.77443E-4 7.63565E-5 -9999 -9999 -9999 -9999 1.13396E-6 3.94141E-7 1.97976E-7 1.73197E-7
-9999 -9999 -9999 -9999 -9999 -9999 -9999 -9999 1E0 1E0 1E0 1E0 1E0 9.99992E-1 1E0 9.99998E-1 9.9996E-1 9.99923E-1 9.99768E-1 9.99991E-1 1E0 9.99968E-1 9.99922E-1 7.01164E-1 5.3862E-1 2.21662E-1 2.49809E-1 3.7497E-1 2.58669E-1 3.57279E-1 6.61083E-1 3.89407E-1 4.32382E-1 2.89596E-1 8.92265E-1 9.29026E-1 8.68694E-1 9.75708E-1 6.64986E-1 3.83761E-1 1.90339E-1 8.47962E-2 2.34724E-1 8.23164E-1 4.91646E-1 6.25575E-1 2.59937E-1 2.67266E-1 3.86983E-1 2.19536E-1 1.72536E-1 8.18302E-2 2.67383E-2 3.16182E-2 2.73485E-2 1.47847E-2 1.39344E-2 4.43501E-3 3.27254E-3 8.48019E-5 1.19984E-5 8.2106E-6 2.53515E-5 1.30648E-5 4.65026E-5 7.08616E-6 -9999 -9999 -9999 -9999 5.54849E-7 2.28382E-7 6.83909E-7 8.54646E-7
-9999 -9999 -9999 -9999 -9999 -9999 -9999 9.99998E-1 1E0 1E0 1E0 1E0 1E0 1E0 1E0 9.99991E-1 9.99943E-1 9.98109E-1 9.98316E-1 9.9757E-1 9.99983E-1 9.9994E-1 9.99075E-1 7.47192E-1 5.70816E-1 6.72062E-1 4.74274E-1 6.69603E-1 1.92889E-1 2.01751E-1 2.11189E-1 5.23287E-1 9.37743E-1 9.94527E-1 9.99961E-1 9.95695E-1 9.47275E-1 9.20035E-1 5.88534E-1 2.50324E-2 1.31798E-2 1.97424E-2 8.97787E-2 2.22302E-1 1.68977E-1 2.28487E-1 4.52688E-1 3.17635E-1 1.57604E-1 6.95882E-2 1.15544E-2 7.35758E-3 2.22259E-3 8.8067E-4 1.09496E-3 5.50177E-3 6.4053E-3 1.00805E-3 5.89395E-4 7.49098E-5 1.09565E-5 3.78375E-6 7.57698E-6 1.97916E-6 1.21416E-5 -9999 -9999 -9999 -9999 -9999 1.27253E-6 3.7931E-7 2.6634E-7 2.53815E-7
-9999 -9999 -9999 -9999 -9999 -9999 -9999 1E0 1E0 1E0 9.99998E-1 9.99999E-1 1E0 9.99985E-1 9.99995E-1 9.99829E-1 9.98845E-1 9.99951E-1 9.99305E-1 9.98986E-1 9.97462E-1 9.81843E-1 9.80856E-1 7.40922E-1 4.93447E-1 7.17301E-1 7.48068E-1 6.959E-1 5.9131E-1 3.76621E-1 3.40343E-1 4.22173E-1 9.95468E-1 9.17007E-1 9.90186E-1 9.97745E-1 9.47723E-1 6.25513E-1 4.41902E-1 1.99086E-2 5.64052E-3 1.52332E-3 1.3702E-3 6.24211E-3 5.38595E-3 6.94336E-2 3.55455E-1 2.00501E-1 2.56717E-2 5.81106E-3 1.4879E-3 4.9587E-4 4.92508E-5 2.80499E-4 8.75656E-5 9.70406E-4 4.26043E-4 7.24042E-5 1.05055E-4 1.07708E-4 1.98863E-5 9.23812E-6 3.9202E-6 1.52484E-6 6.14346E-6 -9999 -9999 -9999 -9999 -9999 2.64639E-6 2.46664E-6 6.5349E-7 7.60405E-8
-9999 -9999 -9999 -9999 -9999 -9999 1E0 1E0 1E0 1E0 1E0 1E0 9.99999E-1 9.99999E-1 9.99969E-1 9.99301E-1 9.99555E-1 9.99771E-1 9.99978E-1 9.99028E-1 9.94611E-1 9.99997E-1 9.9949E-1 7.23516E-1 7.29474E-1 6.13491E-1 6.11827E-1 7.87369E-1 5.4795E-1 6.55781E-1 8.49122E-1 7.42777E-1 9.84688E-1 9.75482E-1 9.92896E-1 9.98365E-1 9.57943E-1 6.50127E-1 6.95392E-1 6.80278E-1 6.40046E-2 4.26248E-3 1.595E-3 6.14737E-3 4.2536E-3 5.57546E-3 3.02265E-2 2.16229E-2 2.59492E-3 1.668E-3 1.91016E-4 1.1558E-4 2.99621E-5 1.31361E-5 6.65303E-5 2.9625E-4 4.70975E-5 2.12155E-5 1.66931E-5 1.63056E-5 5.37501E-6 3.50218E-6 2.46016E-6 2.36697E-6 -9999 -9999 -9999 -9999 -9999 -9999 1.21657E-6 2.08032E-7 1.81524E-7 2.05839E-7
-9999 -9999 -9999 -9999 -9999 -9999 1E0 1E0 1E0 1E0 1E0 1E0 9.99994E-1 9.99998E-1 9.99455E-1 9.99999E-1 9.99917E-1 9.9995E-1 9.99535E-1 9.99149E-1 9.32599E-1 9.77358E-1 9.7939E-1 8.92356E-1 2.6822E-1 2.1123E-1 3.37409E-1 7.21672E-1 9.90833E-1 9.95231E-1 9.487E-1 8.27211E-1 9.93019E-1 9.97801E-1 9.99659E-1 9.98732E-1 9.887E-1 9.73703E-1 9.16283E-1 6.14196E-1 4.49219E-1 1.04452E-1 1.13608E-2 3.89579E-2 9.52666E-2 1.43689E-2 2.94215E-2 9.56214E-3 1.36812E-2 4.56596E-3 2.18557E-4 2.66273E-4 1.79338E-4 1.18406E-4 1.68596E-4 2.51512E-5 4.23874E-5 2.01535E-4 3.74905E-5 1.55103E-5 1.30513E-5 5.61648E-6 4.02524E-6 -9999 -9999 -9999 -9999 -9999 -9999 -9999 6.2067E-7 4.9642E-7 5.20153E-8 4.45066E-8
-9999 -9999 -9999 -9999 -9999 1E0 1E0 1E0 1E0 9.99999E-1 9.99994E-1 1E0 9.99983E-1 9.99998E-1 1E0 9.99987E-1 9.99879E-1 9.99954E-1 9.6545E-1 9.7656E-1 9.96739E-1 9.81455E-1 8.42305E-1 6.52727E-1 4.42537E-1 4.57622E-1 5.20439E-1 7.88591E-1 9.98598E-1 9.99691E-1 9.78543E-1 9.92109E-1 9.9591E-1 9.76399E-1 9.96634E-1 9.99979E-1 9.99839E-1 9.9337E-1 9.81202E-1 8.51046E-1 8.49488E-1 2.92606E-1 5.14823E-1 6.99288E-1 9.01062E-1 2.44233E-1 8.0447E-2 3.08067E-2 2.70213E-2 1.00608E-2 6.71147E-4 1.56472E-3 1.46916E-4 8.12485E-4 4.2134E-4 3.0487E-4 1.64646E-4 7.05365E-4 1.21449E-4 3.64945E-5 2.44602E-5 2.57839E-6 5.77813E-6 -9999 -9999 -9999 -9999 -9999 -9999 2.75262E-6 3.95715E-6 1.06613E-7 1.8429E-7 1.29638E-7
-9999 -9999 -9999 -9999 -9999 1E0 1E0 1E0 1E0 9.99999E-1 9.99995E-1 9.99998E-1 9.99998E-1 9.99999E-1 1E0 9.99832E-1 9.99739E-1 9.99973E-1 9.99999E-1 9.98497E-1 9.99709E-1 9.80833E-1 9.30536E-1 6.32497E-1 6.58729E-1 8.61941E-1 6.97044E-1 9.32477E-1 9.97634E-1 9.99985E-1 9.99993E-1 9.99697E-1 9.99561E-1 9.37144E-1 9.12491E-1 9.98889E-1 9.92498E-1 9.94394E-1 9.93492E-1 9.91417E-1 9.93625E-1 8.42947E-1 9.77567E-1 7.91448E-1 4.27087E-1 5.62813E-1 1.53242E-1 3.08006E-2 1.25201E-2 3.27948E-2 4.75946E-3 2.29449E-3 3.70519E-3 1.66011E-2 9.71513E-3 3.99082E-3 3.00651E-3 7.80733E-4 2.81877E-4 6.89298E-5 1.98443E-5 2.07181E-5 2.48401E-5 -9999 -9999 -9999 -9999 -9999 5.12155E-6 4.00602E-6 1.06518E-6 4.03466E-7 7.91885E-7 3.24573E-7
-9999 -9999 -9999 -9999 1E0 1E0 1E0 1E0 1E0 1E0 1E0 9.99998E-1 9.9997E-1 9.99972E-1 9.99997E-1 9.99946E-1 9.98816E-1 1E0 9.98834E-1 9.97187E-1 9.89644E-1 8.27789E-1 8.45213E-1 6.53794E-1 8.80979E-1 8.23847E-1 6.25521E-1 9.0232E-1 9.64374E-1 9.98243E-1 1E0 9.99888E-1 9.99986E-1 9.81765E-1 9.44965E-1 9.83471E-1 9.99985E-1 9.90691E-1 9.53929E-1 9.3576E-1 9.89642E-1 8.69599E-1 9.27453E-1 6.75731E-1 4.66834E-1 1.46763E-1 1.75433E-1 3.66011E-2 7.12023E-3 2.08076E-2 8.6558E-3 1.3752E-2 1.37073E-2 1.21702E-2 8.60162E-3 2.64764E-3 1.13058E-2 6.72784E-4 3.53793E-4 1.30523E-4 6.18741E-5 3.6765E-5 -9999 -9999 -9999 -9999 -9999 -9999 2.52158E-5 3.34056E-6 6.0643E-6 2.01795E-6 1.21549E-6 4.28007E-7
-9999 -9999 -9999 -9999 1E0 1E0 1E0 1E0 1E0 1E0 9.99995E-1 9.99673E-1 1E0 9.99999E-1 9.99474E-1 9.99919E-1 9.99891E-1 1E0 9.99938E-1 9.99995E-1 9.99993E-1 9.68514E-1 8.48726E-1 7.27077E-1 8.13358E-1 3.81535E-1 4.45515E-1 8.2725E-1 9.40315E-1 9.42968E-1 9.99872E-1 1E0 9.99756E-1 9.83854E-1 9.89177E-1 9.99979E-1 9.99998E-1 9.99993E-1 9.94323E-1 9.89573E-1 9.02304E-1 8.61687E-1 9.8658E-1 9.12728E-1 9.42745E-1 2.92194E-1 1.38969E-2 3.4844E-3 2.68284E-3 1.39326E-3 1.71171E-2 6.33703E-2 2.02653E-2 6.51437E-3 9.548E-3 1.23167E-2 8.28044E-3 1.57384E-3 2.06631E-3 1.07479E-3 1.25272E-4 1.38849E-4 -9999 -9999 -9999 -9999 -9999 -9999 1.52755E-5 4.93131E-6 1.16892E-6 5.64592E-7 1.12794E-6 6.93324E-7
-9999 -9999 -9999 1E0 1E0 9.99999E-1 1E0 1E0 1E0 1E0 9.99999E-1 9.99958E-1 1E0 1E0 9.99836E-1 9.99998E-1 9.99978E-1 9.9572E-1 9.98632E-1 1E0 9.99876E-1 8.20774E-1 8.45603E-1 6.43923E-1 4.88795E-1 5.43027E-1 6.76989E-1 8.22661E-1 5.17208E-1 4.6141E-1 8.27047E-1 9.96138E-1 9.74774E-1 9.94182E-1 9.99998E-1 9.9999E-1 9.81835E-1 9.96932E-1 9.99544E-1 9.99997E-1 9.99843E-1 9.64332E-1 9.97854E-1 9.05482E-1 5.62684E-1 4.38631E-2 6.21109E-2 2.62846E-2 7.13914E-4 6.10954E-4 3.52973E-3 1.7853E-3 9.91562E-4 1.43504E-3 3.08028E-3 1.19724E-2 2.1064E-2 2.17251E-2 6.83496E-3 3.49035E-3 6.74193E-4 3.9515E-4 -9999 -9999 -9999 -9999 -9999 1.17029E-4 2.13227E-5 6.10133E-6 2.9735E-6 4.6895E-7 2.08144E-7 3.20584E-7
-9999 -9999 1E0 1E0 9.9999E-1 1E0 1E0 1E0 1E0 1E0 1E0 1E0 1E0 9.99995E-1 9.99982E-1 9.99994E-1 9.99725E-1 9.99581E-1 9.99974E-1 9.99358E-1 9.96051E-1 8.72552E-1 9.86163E-1 7.79904E-1 4.9741E-1 8.47978E-1 9.93022E-1 6.47891E-1 7.36338E-1 4.78048E-1 2.44462E-1 9.78791E-1 9.90045E-1 6.3338E-1 2.94303E-1 1.9373E-1 5.73366E-1 9.99949E-1 9.26476E-1 9.95585E-1 9.98401E-1 9.94215E-1 9.9447E-1 7.07282E-1 8.74624E-2 7.86197E-3 6.5918E-3 2.75686E-3 1.65782E-3 7.88372E-4 5.63616E-4 1.38059E-3 1.44154E-3 4.65446E-3 4.4612E-3 3.58076E-3 5.35193E-3 2.37663E-2 1.70564E-2 8.15047E-3 5.40564E-3 2.27827E-3 -9999 -9999 -9999 -9999 -9999 3.18879E-4 1.5214E-4 3.56446E-5 9.36447E-6 1.23228E-6 3.86886E-7 2.94522E-7
-9999 9.9997E-1 1E0 1E0 9.99999E-1 1E0 1E0 1E0 9.99999E-1 1E0 1E0 9.99907E-1 9.9998E-1 9.99996E-1 9.99841E-1 9.99999E-1 1E0 1E0 9.99996E-1 9.98617E-1 8.89946E-1 9.95694E-1 9.46276E-1 8.23666E-1 9.64123E-1 9.32212E-1 9.99893E-1 6.80762E-1 6.08872E-1 6.21448E-1 9.08581E-1 9.10532E-1 9.27473E-1 9.49863E-1 9.99869E-1 9.99312E-1 9.81825E-1 9.67551E-1 6.72114E-1 7.65596E-1 8.68652E-1 8.57499E-1 9.42833E-1 3.3295E-1 2.40307E-2 9.47427E-3 4.3592E-3 4.95971E-3 1.7563E-3 1.37024E-4 8.74472E-5 5.39804E-4 3.47146E-3 1.07331E-3 3.92967E-3 1.57605E-3 4.10565E-3 7.46203E-3 1.00774E-2 2.44372E-3 4.25388E-3 1.00136E-2 -9999 -9999 -9999 -9999 -9999 1.16602E-4 1.09115E-4 7.91138E-6 1.34273E-6 3.87833E-6 1.53331E-6 7.25994E-6
1E0 9.99999E-1 1E0 1E0 9.99999E-1 9.99999E-1 9.99999E-1 1E0 9.99999E-1 1E0 1E0 1E0 9.99999E-1 9.99998E-1 1E0 1E0 1E0 1E0 9.99946E-1 9.87849E-1 9.69177E-1 9.67555E-1 9.98441E-1 9.99131E-1 9.99984E-1 9.98412E-1 9.78159E-1 9.47048E-1 9.87796E-1 9.97795E-1 9.92275E-1 9.49056E-1 9.35683E-1 9.99736E-1 9.99996E-1 9.91552E-1 7.17647E-1 8.83764E-1 7.76676E-1 5.62657E-1 9.68057E-1 9.63597E-1 9.89646E-1 9.59224E-1 7.50709E-2 6.30369E-2 3.56832E-2 7.80552E-3 2.09156E-3 3.73398E-3 1.90616E-4 2.1323E-3 4.63463E-2 3.98546E-2 5.38181E-2 7.30577E-2 1.019E-2 3.59048E-3 5.97986E-3 3.7182E-3 2.23683E-3 3.64179E-3 2.47984E-3 -9999 -9999 -9999 3.15353E-4 1.45632E-4 8.1216E-5 4.36838E-6 8.0908E-7 1.84318E-6 1.44244E-6 5.58469E-6
1E0 1E0 1E0 1E0 1E0 1E0 1E0 9.99998E-1 1E0 1E0 1E0 1E0 1E0 1E0 1E0 9.99985E-1 1E0 1E0 1E0 9.93964E-1 9.92404E-1 9.88545E-1 9.9869E-1 9.9967E-1 9.9339E-1 9.99199E-1 9.77156E-1 9.04753E-1 9.10102E-1 9.83115E-1 8.91116E-1 9.99598E-1 9.99995E-1 9.99993E-1 9.98723E-1 9.20576E-1 3.29859E-1 3.55878E-1 4.98216E-1 6.18281E-1 6.29057E-1 5.88268E-1 7.2371E-1 7.56408E-1 1.4899E-1 1.2441E-1 9.45347E-2 3.05347E-2 4.26214E-3 5.61944E-3 5.12361E-3 8.38737E-3 1.40135E-2 2.95995E-2 5.96862E-2 4.88416E-2 3.2811E-3 2.98974E-3 1.75717E-2 8.21107E-3 5.36377E-3 2.47916E-3 1.58446E-3 -9999 -9999 -9999 1.80256E-5 2.03953E-5 1.33215E-5 6.54367E-6 3.70116E-6 5.07025E-6 1.43871E-5 1.90894E-5
1E0 1E0 1E0 1E0 1E0 9.99999E-1 9.99998E-1 1E0 1E0 1E0 1E0 1E0 1E0 1E0 1E0 1E0 1E0 1E0 1E0 9.92969E-1 9.94675E-1 9.59876E-1 9.68585E-1 9.9589E-1 9.34747E-1 9.99986E-1 9.98459E-1 9.13403E-1 9.81558E-1 9.71923E-1 9.53918E-1 9.99879E-1 9.99998E-1 9.99987E-1 9.97907E-1 9.18254E-1 6.4667E-1 1.51929E-1 6.78629E-2 1.36764E-1 6.98196E-2 1.39947E-1 2.97834E-1 5.40387E-1 3.47848E-2 5.15096E-2 1.33549E-1 6.86428E-2 2.75196E-2 1.9218E-2 9.02918E-3 8.9546E-3 1.56554E-2 1.606E-2 9.00491E-2 7.10452E-2 2.53344E-2 2.90654E-2 6.98353E-2 2.09122E-2 8.12449E-3 6.0932E-3 9.02444E-3 3.27333E-3 3.85957E-4 7.81963E-5 5.23025E-5 9.47135E-6 5.10439E-6 1.87499E-6 4.18445E-6 1.05244E-5 3.8153E-5 4.07912E-6
1E0 1E0 1E0 1E0 9.99999E-1 9.99999E-1 9.99999E-1 1E0 1E0 1E0 1E0 1E0 1E0 9.99982E-1 1E0 1E0 1E0 1E0 9.99999E-1 9.99496E-1 9.95039E-1 9.69521E-1 8.70763E-1 8.56915E-1 9.88372E-1 9.53367E-1 9.92469E-1 9.41162E-1 9.9996E-1 9.99132E-1 9.96628E-1 9.99998E-1 9.9987E-1 9.99999E-1 9.9491E-1 9.93202E-1 8.52881E-1 3.22557E-1 3.39211E-2 2.85582E-2 4.0166E-2 3.8621E-2 7.70916E-2 5.03877E-2 1.88912E-3 1.93546E-2 5.46629E-2 1.02338E-1 4.17014E-2 3.52909E-2 2.97489E-2 9.1006E-3 7.11629E-3 1.61091E-2 1.43733E-1 1.43354E-1 8.80529E-2 8.20334E-2 1.19491E-1 6.38149E-2 8.52572E-2 9.33713E-2 1.9798E-2 2.54564E-3 5.43262E-4 2.07248E-4 1.13269E-4 1.93987E-5 1.92672E-5 3.89876E-6 9.35566E-7 3.50658E-6 5.14029E-5 4.96014E-5
1E0 1E0 1E0 1E0 1E0 1E0 1E0 1E0 1E0 1E0 1E0 1E0 1E0 1E0 1E0 1E0 9.99998E-1 9.99997E-1 1E0 9.56422E-1 9.99922E-1 9.97304E-1 8.71801E-1 8.36622E-1 9.51759E-1 9.57721E-1 9.98533E-1 9.99923E-1 9.99931E-1 9.99986E-1 9.98569E-1 9.95711E-1 9.99355E-1 9.99999E-1 9.99954E-1 9.96299E-1 9.82157E-1 7.7147E-1 3.7112E-1 8.14069E-2 2.37237E-2 1.17296E-2 5.30587E-3 1.13253E-3 1.48298E-3 2.68335E-3 1.41994E-2 1.95697E-2 2.70304E-2 4.89607E-2 4.05435E-2 1.66057E-2 3.48103E-2 3.72999E-2 1.61901E-1 1.78128E-1 1.90019E-1 2.84088E-1 1.67129E-1 2.22005E-1 2.40031E-1 1.89125E-1 9.10746E-2 3.63569E-2 9.58461E-3 3.10447E-3 4.12166E-4 5.45618E-5 5.64328E-6 1.88127E-6 2.47947E-6 2.78592E-6 5.92225E-5 1.29857E-4
1E0 1E0 1E0 1E0 1E0 1E0 1E0 1E0 1E0 1E0 9.99998E-1 1E0 1E0 1E0 1E0 1E0 1E0 1E0 9.9991E-1 9.96775E-1 9.99145E-1 9.98533E-1 9.72429E-1 8.17961E-1 9.73771E-1 9.78422E-1 9.98546E-1 9.96666E-1 9.99735E-1 9.99939E-1 9.99784E-1 9.98506E-1 9.99997E-1 9.99916E-1 9.99996E-1 9.99989E-1 9.99209E-1 8.77119E-1 5.32592E-1 3.70053E-1 1.99729E-1 1.0925E-2 3.20441E-3 5.33709E-3 1.92547E-3 2.697E-2 3.15033E-2 1.32639E-2 7.23169E-3 8.56929E-3 1.59862E-2 9.9164E-3 1.96901E-2 2.34538E-1 1.90687E-1 1.94805E-1 1.95654E-1 3.4868E-1 2.74817E-1 5.5606E-2 4.11991E-2 2.39495E-2 6.64363E-2 1.33309E-2 2.15435E-3 1.22655E-3 1.4425E-4 9.64259E-6 5.01681E-6 9.09974E-6 2.28528E-5 4.78473E-5 1.42359E-4 -9999
1E0 1E0 1E0 1E0 1E0 1E0 1E0 1E0 1E0 1E0 1E0 1E0 1E0 1E0 1E0 1E0 1E0 1E0 9.99995E-1 9.99993E-1 9.9975E-1 1E0 9.99655E-1 9.63801E-1 9.91974E-1 9.9728E-1 9.99993E-1 9.99995E-1 9.99923E-1 9.9047E-1 9.73867E-1 9.99516E-1 9.99996E-1 9.99995E-1 1E0 9.99778E-1 9.44221E-1 6.62036E-1 7.46436E-1 6.80994E-1 6.53851E-1 2.52694E-1 1.0223E-2 2.83769E-2 1.10437E-1 3.77965E-1 1.75293E-1 5.69782E-2 3.84124E-2 1.23762E-2 1.56182E-2 4.58028E-2 3.70352E-2 1.6021E-1 2.52074E-1 2.2221E-1 2.23887E-1 1.23064E-1 7.09537E-2 9.85805E-2 3.03324E-2 2.91891E-3 8.71847E-3 4.27911E-3 1.59023E-3 2.46704E-4 1.79547E-5 1.85441E-6 1.68148E-6 2.94871E-6 2.44509E-6 8.08544E-6 1.2024E-4 -9999
1E0 1E0 1E0 1E0 1E0 1E0 1E0 1E0 1E0 1E0 1E0 1E0 1E0 1E0 1E0 1E0 1E0 1E0 9.94722E-1 9.98896E-1 9.99992E-1 1E0 9.57449E-1 7.75548E-1 8.41913E-1 9.99658E-1 9.94108E-1 9.9526E-1 9.92107E-1 9.60645E-1 9.51762E-1 9.91749E-1 9.93762E-1 1E0 1E0 9.99859E-1 9.88842E-1 7.36264E-1 9.62262E-1 9.87107E-1 8.52472E-1 8.53641E-1 6.82503E-2 1.69517E-1 6.08854E-1 5.38026E-1 2.18998E-1 8.42944E-2 6.41115E-2 8.09058E-2 1.9071E-1 2.8452E-1 1.00628E-1 2.20081E-1 2.31193E-1 2.32039E-1 1.20118E-1 4.53532E-2 2.93889E-2 3.64675E-2 1.29343E-2 2.43756E-3 1.422E-3 2.138E-3 1.0963E-3 3.00443E-5 2.33054E-5 1.95197E-5 9.31844E-6 1.13736E-6 4.93042E-7 1.18281E-6 -9999 -9999
1E0 1E0 1E0 1E0 1E0 1E0 1E0 1E0 1E0 1E0 1E0 1E0 1E0 1E0 1E0 1E0 1E0 1E0 9.99879E-1 9.99724E-1 9.99999E-1 9.99978E-1 9.95812E-1 9.35948E-1 8.97382E-1 9.96295E-1 9.99452E-1 9.20918E-1 9.70048E-1 8.49006E-1 8.91475E-1 9.98616E-1 9.97735E-1 1E0 1E0 1E0 9.99999E-1 9.76589E-1 9.99309E-1 9.99222E-1 9.95174E-1 9.96546E-1 4.21686E-1 6.37766E-1 9.20909E-1 4.23193E-1 1.07364E-1 7.58418E-2 7.29917E-2 2.10379E-1 6.54571E-1 5.71801E-1 2.19008E-1 1.87267E-1 2.47195E-1 1.51606E-1 1.07108E-1 3.48777E-2 4.69095E-3 2.17204E-3 2.57061E-3 1.37846E-3 2.00371E-4 6.38494E-4 3.58705E-4 1.21989E-4 8.12257E-5 1.06225E-5 1.83984E-6 3.14786E-6 3.27736E-6 2.35909E-6 -9999 -9999
