ENM/Final_Models/M_1_F_lqp_Set_1_NE/Gustavia_santanderiensis_9_Choco.asc
ncols         367
nrows         963
xllcorner     -78.6
yllcorner     0.65
cellsize      0.00833333333333323
NODATA_value  -9999
[rows 70 to 104 of 963, columns 234 to 311 of 367]
-9999 -9999 -9999 -9999 -9999 -9999 -9999 -9999 3.16688E-1 3.00954E-1 2.33933E-1 4.23153E-1 3.90927E-1 2.64859E-1 1.4122E-1 4.215E-2 7.21337E-2 1.42487E-1 2.0158E-1 1.34768E-1 8.90302E-2 6.46462E-2 7.75645E-2 1.26832E-1 7.24024E-2 5.82684E-2 2.44885E-2 4.10309E-2 -9999 -9999 -9999 -9999 -9999 -9999 -9999 -9999 -9999 -9999 -9999 -9999 -9999 -9999 -9999 -9999 -9999 -9999 -9999 -9999 -9999 -9999 -9999 -9999 -9999 -9999 -9999 -9999 -9999 -9999 -9999 -9999 -9999 -9999 -9999 -9999 -9999 -9999 -9999 6.68823E-2 2.96131E-2 2.59751E-2 3.36648E-2 6.33808E-2 -9999 -9999 -9999 3.16429E-3 5.70454E-3 -9999
-9999 -9999 -9999 -9999 -9999 -9999 -9999 -9999 -9999 -9999 4.1004E-1 4.37986E-1 3.83426E-1 2.65628E-1 3.05917E-1 3.69976E-1 1.11504E-1 7.18785E-2 1.21E-1 5.79325E-2 4.29385E-2 7.06372E-2 1.25326E-1 1.1177E-1 1.64932E-1 1.15581E-1 2.20881E-2 3.09521E-2 9.50423E-2 -9999 -9999 -9999 -9999 -9999 -9999 -9999 -9999 -9999 -9999 -9999 -9999 -9999 -9999 -9999 -9999 -9999 -9999 -9999 -9999 -9999 -9999 -9999 -9999 -9999 -9999 -9999 -9999 -9999 -9999 -9999 -9999 -9999 -9999 -9999 -9999 -9999 -9999 1.15044E-1 3.92925E-2 2.42842E-2 3.22872E-2 3.48378E-2 -9999 -9999 5.75608E-2 4.34352E-2 4.17899E-2 -9999
-9999 -9999 -9999 -9999 -9999 -9999 -9999 -9999 -9999 -9999 2.98526E-1 3.44241E-1 2.76471E-1 2.0037E-1 3.07618E-1 -9999 -9999 1.01629E-1 6.0086E-2 7.99835E-2 8.5591E-2 8.75915E-2 4.79891E-2 9.22434E-2 1.45805E-1 1.1015E-1 3.83404E-2 1.6068E-2 3.79689E-2 5.70081E-2 -9999 -9999 -9999 -9999 -9999 -9999 -9999 -9999 -9999 -9999 -9999 -9999 -9999 -9999 -9999 -9999 -9999 -9999 -9999 -9999 -9999 -9999 -9999 -9999 -9999 -9999 -9999 -9999 -9999 -9999 -9999 -9999 -9999 -9999 -9999 -9999 -9999 1.72377E-1 5.97914E-2 7.28886E-2 5.26307E-2 1.51646E-2 -9999 -9999 8.29693E-2 1.21069E-2 1.20271E-2 1.02251E-1
-9999 -9999 -9999 -9999 -9999 -9999 -9999 -9999 -9999 -9999 -9999 3.23179E-1 3.69158E-1 5.00263E-1 2.03616E-1 -9999 -9999 3.14673E-1 1.66793E-1 1.07394E-1 2.98418E-2 5.29911E-2 1.12629E-1 1.05796E-1 1.19617E-1 4.69241E-2 4.45063E-2 6.09914E-2 6.25878E-2 2.70244E-1 2.71398E-1 -9999 -9999 -9999 -9999 -9999 -9999 -9999 -9999 -9999 -9999 -9999 -9999 -9999 -9999 -9999 -9999 -9999 -9999 -9999 -9999 -9999 -9999 -9999 -9999 -9999 -9999 -9999 -9999 -9999 -9999 -9999 -9999 -9999 -9999 -9999 -9999 1.62912E-1 3.10284E-2 3.13734E-1 2.47436E-1 5.91021E-2 -9999 -9999 7.93733E-2 5.87225E-2 6.86034E-2 1.03181E-1
-9999 -9999 -9999 -9999 -9999 -9999 -9999 -9999 -9999 -9999 -9999 -9999 -9999 -9999 -9999 -9999 -9999 1.87227E-1 4.98264E-1 4.13303E-1 2.43073E-1 1.0218E-1 1.26823E-1 1.49272E-1 1.44409E-1 1.60937E-1 1.6174E-1 6.4921E-2 1.33354E-1 2.09173E-1 -9999 -9999 -9999 -9999 -9999 -9999 -9999 -9999 -9999 -9999 -9999 -9999 -9999 -9999 -9999 -9999 -9999 -9999 -9999 -9999 -9999 -9999 -9999 -9999 -9999 -9999 -9999 -9999 -9999 -9999 -9999 -9999 -9999 -9999 -9999 3.70567E-2 2.93182E-2 2.84678E-2 1.05264E-1 8.91398E-2 7.13177E-2 1.78553E-2 -9999 2.14779E-2 7.40021E-2 7.6996E-2 1.59074E-1 9.46261E-2
-9999 -9999 -9999 -9999 -9999 -9999 -9999 -9999 -9999 -9999 -9999 -9999 -9999 -9999 -9999 -9999 -9999 -9999 4.61853E-1 3.91507E-1 8.09897E-2 1.26667E-1 2.34748E-1 2.66521E-1 1.6687E-1 2.04195E-1 1.62995E-1 7.906E-2 3.0479E-1 5.21138E-1 -9999 -9999 -9999 -9999 -9999 -9999 -9999 -9999 -9999 -9999 -9999 -9999 -9999 -9999 -9999 -9999 -9999 -9999 -9999 -9999 -9999 -9999 -9999 -9999 -9999 -9999 -9999 -9999 -9999 -9999 -9999 -9999 -9999 -9999 2.54569E-2 3.47176E-2 3.97172E-2 4.15782E-2 4.49349E-2 7.44999E-2 5.55329E-2 1.70536E-2 1.6372E-2 3.28739E-2 9.84908E-2 8.40961E-2 2.31888E-1 1.4105E-1
-9999 -9999 -9999 -9999 -9999 -9999 -9999 -9999 -9999 -9999 -9999 6.29745E-1 4.33128E-1 4.80871E-1 4.02261E-1 -9999 -9999 -9999 8.18385E-1 6.92367E-1 4.37313E-1 3.60193E-2 1.90865E-1 8.05703E-2 7.64797E-2 2.30813E-1 1.39232E-1 1.52319E-1 1.03856E-1 -9999 -9999 -9999 -9999 -9999 -9999 -9999 -9999 -9999 -9999 -9999 -9999 -9999 -9999 -9999 -9999 -9999 -9999 -9999 -9999 -9999 -9999 -9999 -9999 -9999 -9999 -9999 -9999 -9999 -9999 -9999 -9999 -9999 -9999 -9999 2.90372E-2 3.59917E-2 3.86851E-2 5.31741E-2 8.01673E-2 1.57811E-1 5.6596E-2 1.73945E-2 2.17374E-2 6.90514E-2 1.13925E-1 2.15018E-1 1.43161E-1 1.52282E-1
-9999 -9999 -9999 -9999 -9999 -9999 -9999 -9999 -9999 -9999 -9999 4.97709E-1 5.1361E-1 3.41402E-1 4.57525E-1 3.14272E-1 -9999 -9999 3.69022E-1 2.6581E-1 1.83296E-1 6.32596E-2 1.36433E-1 1.81844E-1 1.23968E-1 2.07338E-1 1.39253E-1 1.19627E-1 8.87642E-2 -9999 -9999 -9999 -9999 -9999 -9999 -9999 -9999 -9999 -9999 -9999 -9999 -9999 -9999 -9999 -9999 -9999 -9999 -9999 -9999 -9999 -9999 -9999 -9999 -9999 -9999 -9999 -9999 -9999 4.24141E-2 5.25353E-2 1.10437E-2 2.32432E-2 5.1217E-2 1.34817E-1 9.71551E-2 7.41251E-2 8.06749E-2 4.73177E-2 1.0743E-1 6.53956E-2 3.37823E-2 1.01193E-2 8.56948E-3 4.78691E-2 4.01779E-2 3.18727E-2 1.05373E-1 7.78991E-2
-9999 -9999 -9999 -9999 -9999 -9999 -9999 -9999 -9999 -9999 -9999 -9999 1.39627E-1 2.41194E-1 1.85947E-1 3.44258E-1 -9999 -9999 4.08593E-1 2.43176E-1 3.90459E-1 7.89444E-2 3.49155E-2 2.05405E-1 2.7921E-1 1.52152E-1 1.99836E-1 1.82543E-1 -9999 -9999 -9999 -9999 -9999 -9999 -9999 -9999 -9999 -9999 -9999 -9999 -9999 -9999 -9999 -9999 -9999 -9999 -9999 -9999 -9999 -9999 -9999 -9999 -9999 -9999 -9999 -9999 -9999 -9999 3.62542E-2 2.92809E-2 2.25152E-2 2.45076E-2 4.23807E-2 4.08276E-2 4.66623E-2 4.50702E-2 6.96118E-2 6.16356E-2 1.25197E-1 2.67551E-2 9.35549E-3 9.78048E-3 1.52305E-2 3.46201E-2 3.34928E-2 7.58751E-2 1.19558E-1 1.45793E-1
-9999 -9999 -9999 -9999 -9999 -9999 -9999 -9999 -9999 -9999 -9999 -9999 8.15669E-2 1.52194E-1 1.80259E-1 3.07602E-1 -9999 -9999 5.6307E-1 3.60082E-1 3.9723E-1 2.35151E-1 2.45565E-1 5.95688E-1 8.38904E-1 2.95164E-1 1.99867E-1 1.80334E-1 -9999 -9999 -9999 -9999 -9999 -9999 -9999 -9999 -9999 -9999 -9999 -9999 -9999 -9999 -9999 -9999 -9999 -9999 -9999 -9999 -9999 -9999 -9999 -9999 -9999 -9999 -9999 -9999 -9999 1.42337E-2 1.22749E-2 3.2089E-2 1.78625E-2 5.32918E-2 6.30364E-2 4.28015E-2 9.87173E-2 6.03375E-2 5.15643E-2 8.17971E-2 2.52333E-2 1.79816E-2 9.6477E-3 7.26244E-3 1.35585E-2 3.72827E-2 6.25835E-2 9.08724E-2 9.41018E-2 1.18327E-1
-9999 -9999 -9999 -9999 -9999 -9999 -9999 -9999 -9999 -9999 -9999 7.31202E-1 1.25424E-1 1.7352E-1 1.2471E-1 1.44255E-1 3.73946E-1 -9999 3.49617E-1 1.92589E-1 1.85162E-1 1.40987E-1 3.61102E-1 1.73827E-1 3.39869E-1 3.04493E-1 5.00201E-1 4.00195E-1 2.15575E-1 -9999 -9999 -9999 -9999 -9999 -9999 -9999 -9999 -9999 -9999 -9999 -9999 -9999 -9999 -9999 -9999 -9999 -9999 -9999 -9999 -9999 -9999 -9999 -9999 -9999 -9999 6.72437E-2 2.74228E-2 3.05535E-2 1.05242E-2 1.79078E-2 1.26795E-2 4.2018E-2 1.00898E-1 1.64194E-1 7.44913E-2 5.48933E-2 7.94838E-2 1.45515E-1 5.38972E-2 1.24808E-2 1.39746E-2 1.36234E-2 1.89079E-2 8.51741E-3 1.49789E-2 1.64317E-1 2.88839E-1 2.54353E-1
-9999 -9999 -9999 -9999 -9999 -9999 -9999 -9999 -9999 7.06751E-1 -9999 5.56271E-1 5.40088E-1 2.7685E-1 1.03133E-1 2.2953E-1 2.98148E-1 -9999 4.36765E-1 1.93305E-1 2.39289E-1 1.36453E-1 2.72626E-1 3.06631E-1 5.44624E-1 4.38198E-1 3.34169E-1 2.94153E-1 2.81554E-1 -9999 -9999 -9999 -9999 -9999 -9999 -9999 -9999 -9999 -9999 -9999 -9999 -9999 -9999 -9999 -9999 -9999 -9999 -9999 -9999 -9999 -9999 -9999 -9999 4.84658E-2 5.93877E-2 6.53623E-2 2.10747E-2 1.47467E-2 6.24897E-3 1.19181E-2 3.18873E-2 2.23296E-2 3.07169E-2 2.25092E-2 1.31403E-1 6.20449E-2 5.10069E-2 1.39215E-1 3.05506E-2 4.82087E-2 2.78498E-2 1.26394E-2 1.45621E-2 1.78151E-2 1.90096E-2 6.35595E-2 1.29473E-1 2.12945E-1
-9999 -9999 -9999 -9999 -9999 -9999 -9999 -9999 -9999 7.77747E-1 5.39191E-1 -9999 3.66921E-1 2.90976E-1 3.74201E-1 3.91739E-1 4.39128E-1 6.12901E-1 4.25844E-1 4.10431E-1 6.12788E-1 2.39259E-1 1.20881E-1 2.79957E-1 3.25301E-1 4.42506E-1 3.8088E-1 3.39591E-1 2.78434E-1 3.39092E-1 -9999 -9999 -9999 -9999 -9999 -9999 -9999 -9999 -9999 -9999 -9999 -9999 -9999 -9999 -9999 -9999 -9999 -9999 -9999 -9999 -9999 -9999 3.08088E-2 6.34893E-2 3.16955E-2 6.25504E-2 5.51541E-2 6.50103E-2 1.37318E-1 8.5364E-2 4.33123E-2 3.97457E-2 5.07753E-2 2.42475E-1 2.52128E-1 2.92294E-1 2.86895E-1 7.20379E-2 4.99438E-2 8.03132E-2 4.55099E-2 4.17978E-2 1.75471E-2 7.68075E-3 1.74955E-2 8.44347E-3 7.2088E-2 2.18472E-1
-9999 -9999 -9999 -9999 -9999 -9999 -9999 -9999 -9999 7.18242E-1 4.80218E-1 8.27264E-1 4.32149E-1 1.75805E-1 9.62491E-2 1.2511E-1 2.00319E-1 5.80962E-1 6.48638E-1 7.30687E-1 4.7846E-1 2.5364E-1 1.20891E-1 2.07726E-1 3.62594E-1 3.52799E-1 4.02458E-1 2.93737E-1 2.95415E-1 3.00513E-1 -9999 -9999 -9999 -9999 -9999 -9999 -9999 -9999 -9999 -9999 -9999 -9999 -9999 -9999 -9999 -9999 -9999 -9999 -9999 -9999 -9999 2.97687E-2 3.64006E-2 3.18984E-2 9.84239E-2 1.89843E-1 1.94295E-1 2.78115E-1 9.41317E-2 1.38244E-1 2.12616E-1 1.5051E-1 1.04197E-1 2.3472E-1 6.37339E-1 2.32551E-1 1.20781E-1 3.69585E-2 6.57799E-2 7.97486E-2 1.35838E-1 2.33931E-2 1.01451E-2 1.49422E-2 1.292E-2 7.56083E-3 1.75703E-2 7.41352E-2
-9999 -9999 -9999 -9999 -9999 -9999 -9999 -9999 6.03981E-1 4.89581E-1 4.15053E-1 5.76736E-1 5.73039E-1 4.85616E-1 1.13667E-1 1.14958E-1 2.01566E-1 3.92601E-1 6.00362E-1 5.05254E-1 7.28886E-1 4.36526E-1 1.27306E-1 1.16709E-1 2.74553E-1 4.55849E-1 3.33655E-1 1.4712E-1 2.09195E-1 -9999 -9999 -9999 -9999 -9999 -9999 -9999 -9999 -9999 -9999 -9999 -9999 -9999 -9999 -9999 -9999 -9999 -9999 -9999 -9999 -9999 -9999 1.93398E-2 4.90356E-2 2.65281E-2 1.09536E-1 1.7152E-1 3.60955E-1 5.00973E-1 3.81041E-1 3.7589E-1 1.49137E-1 1.37963E-1 2.15195E-1 3.21231E-1 4.44099E-1 2.01259E-1 1.1834E-1 4.70208E-2 4.61288E-2 8.69378E-2 7.46693E-2 3.04214E-2 1.28754E-2 5.44299E-3 5.49799E-3 3.89708E-3 1.24815E-2 2.70941E-2
-9999 -9999 -9999 -9999 -9999 -9999 -9999 -9999 -9999 -9999 -9999 -9999 5.52636E-1 3.65125E-1 2.27915E-1 2.66438E-1 1.91441E-1 2.92869E-1 5.44569E-1 5.17152E-1 6.04892E-1 4.77656E-1 1.619E-1 2.07848E-1 2.89714E-1 5.7053E-1 3.96763E-1 2.82601E-1 3.12934E-1 -9999 -9999 -9999 -9999 -9999 -9999 -9999 -9999 -9999 -9999 -9999 -9999 -9999 -9999 -9999 -9999 -9999 -9999 -9999 -9999 -9999 -9999 -9999 2.85753E-2 6.31673E-2 1.4728E-1 2.15013E-1 6.29529E-1 6.50737E-1 4.98775E-1 6.29898E-1 4.02879E-1 2.32318E-1 3.76336E-1 5.43046E-1 4.93564E-1 2.23048E-1 2.39724E-1 8.91399E-2 7.2983E-2 9.40416E-2 1.09589E-1 7.13664E-2 7.94207E-2 8.6737E-2 2.18772E-2 2.15757E-3 1.12214E-3 1.58389E-2
-9999 -9999 -9999 -9999 -9999 -9999 -9999 -9999 -9999 -9999 -9999 6.02752E-1 6.56352E-1 5.11431E-1 2.9973E-1 8.89329E-2 1.14239E-1 2.00558E-1 2.13135E-1 5.48233E-1 6.32073E-1 6.79932E-1 3.08777E-1 3.16031E-1 3.40784E-1 4.73884E-1 3.2801E-1 1.59968E-1 2.64619E-1 -9999 -9999 -9999 -9999 -9999 -9999 -9999 -9999 -9999 -9999 -9999 -9999 -9999 -9999 -9999 -9999 -9999 -9999 -9999 -9999 -9999 -9999 -9999 -9999 1.22974E-1 1.78108E-1 3.78887E-1 8.18487E-1 7.97386E-1 6.56776E-1 4.25621E-1 3.67964E-1 4.07702E-1 4.76521E-1 6.09546E-1 6.77134E-1 4.06179E-1 1.91367E-1 5.80344E-2 1.49886E-1 2.24072E-1 2.64029E-1 3.2143E-1 9.53303E-2 7.35771E-2 2.98691E-2 1.9319E-2 9.37752E-3 4.71886E-2
-9999 -9999 -9999 -9999 -9999 -9999 -9999 -9999 -9999 -9999 6.39782E-1 5.99958E-1 5.07872E-1 3.31427E-1 2.08101E-1 1.06099E-1 1.66698E-1 1.06614E-1 2.09792E-1 5.4649E-1 4.65287E-1 4.60325E-1 2.34272E-1 1.40645E-1 3.54452E-1 3.06395E-1 3.89461E-1 3.25234E-1 -9999 -9999 -9999 -9999 -9999 -9999 -9999 -9999 -9999 -9999 -9999 -9999 -9999 -9999 -9999 -9999 -9999 -9999 -9999 -9999 -9999 -9999 -9999 -9999 -9999 -9999 1.16279E-1 2.27404E-1 3.10839E-1 4.99283E-1 5.54384E-1 3.56954E-1 3.59086E-1 2.62316E-1 3.90895E-1 5.02178E-1 2.99391E-1 2.59357E-1 1.94004E-1 8.95227E-2 3.11155E-2 1.46489E-1 2.61329E-1 3.46051E-1 2.78117E-1 3.43404E-1 2.75402E-1 2.20007E-1 6.16055E-2 5.56109E-2
-9999 -9999 -9999 -9999 -9999 -9999 -9999 -9999 -9999 -9999 -9999 5.68594E-1 5.3995E-1 1.96338E-1 1.17834E-1 1.97665E-1 2.36559E-1 1.62466E-1 1.40451E-1 3.48473E-1 5.09181E-1 4.81916E-1 4.33441E-1 1.20614E-1 2.73437E-1 4.39655E-1 3.9817E-1 4.13795E-1 -9999 -9999 -9999 -9999 -9999 -9999 -9999 -9999 -9999 -9999 -9999 -9999 -9999 -9999 -9999 -9999 -9999 -9999 -9999 -9999 -9999 -9999 -9999 -9999 -9999 -9999 2.64607E-1 9.9104E-2 2.20679E-1 1.45059E-1 1.54637E-1 2.06192E-1 1.95305E-1 3.08776E-1 4.011E-1 3.41484E-1 2.90228E-1 1.90007E-1 7.55772E-2 7.81278E-2 6.91162E-2 9.55175E-2 4.30007E-2 5.7067E-2 9.7667E-2 9.02971E-2 3.14919E-1 3.35239E-1 1.40911E-1 2.33471E-2
-9999 -9999 -9999 -9999 -9999 -9999 -9999 -9999 -9999 -9999 5.08385E-1 4.08593E-1 5.8933E-1 1.45275E-1 4.8208E-2 7.48061E-2 5.63011E-2 2.24878E-1 1.43376E-1 4.25379E-1 4.50419E-1 5.04449E-1 4.0105E-1 2.85945E-1 5.32858E-1 7.39008E-1 3.00019E-1 -9999 -9999 -9999 -9999 -9999 -9999 -9999 -9999 -9999 -9999 -9999 -9999 -9999 -9999 -9999 -9999 -9999 -9999 -9999 -9999 7.1644E-3 9.0801E-3 1.20231E-2 4.01002E-2 8.75928E-2 -9999 -9999 6.67527E-2 2.38699E-1 1.31565E-1 7.47718E-2 6.91725E-2 1.08073E-1 1.28507E-1 1.80428E-1 3.05926E-1 4.3349E-1 4.37872E-1 4.00096E-1 2.87452E-2 1.93058E-2 6.48163E-2 9.05288E-2 1.2212E-1 3.79694E-2 1.27472E-1 1.8659E-1 3.01993E-1 2.31094E-1 7.35502E-2 9.06734E-3
-9999 -9999 -9999 -9999 -9999 -9999 -9999 -9999 -9999 2.95092E-1 3.3702E-1 4.88945E-1 2.99579E-1 1.91755E-1 7.66111E-2 7.30531E-2 6.03735E-2 1.43179E-1 1.57122E-1 3.79118E-1 3.6783E-1 4.17472E-1 5.03084E-1 5.84004E-1 6.70168E-1 5.91055E-1 3.3237E-1 -9999 -9999 -9999 -9999 -9999 -9999 -9999 -9999 -9999 -9999 -9999 -9999 -9999 -9999 -9999 -9999 -9999 -9999 -9999 -9999 -9999 3.18908E-2 1.90814E-2 1.1709E-2 8.94612E-2 7.10828E-2 1.52091E-1 1.36674E-1 6.96908E-2 1.2178E-1 6.5549E-2 1.73679E-1 1.29266E-1 1.33944E-1 1.74392E-1 2.69938E-1 5.12364E-1 2.54623E-1 3.60298E-1 9.56907E-2 2.12229E-2 6.35883E-2 1.22886E-2 7.78709E-2 4.49324E-2 1.35962E-1 2.4504E-1 3.3941E-1 1.93777E-1 1.0478E-1 1.10621E-2
-9999 -9999 -9999 -9999 -9999 -9999 -9999 -9999 -9999 2.66061E-1 2.81965E-1 3.95215E-1 3.51997E-1 2.74142E-1 9.63393E-2 8.78047E-2 6.30264E-2 1.43226E-1 1.50525E-1 3.2596E-1 4.70338E-1 4.68161E-1 2.69933E-1 6.37712E-1 5.80779E-1 5.17466E-1 -9999 -9999 -9999 -9999 -9999 -9999 -9999 -9999 -9999 -9999 -9999 -9999 -9999 -9999 -9999 -9999 -9999 -9999 -9999 -9999 -9999 -9999 2.70098E-2 5.97344E-2 4.3627E-2 4.61889E-2 4.24345E-2 6.10291E-2 1.09599E-1 5.74443E-2 9.03088E-2 1.01759E-1 1.49034E-1 1.61283E-1 2.00747E-1 3.03899E-1 4.65382E-1 5.44058E-1 2.27154E-1 3.08942E-1 3.38403E-1 1.26191E-1 1.06899E-2 3.72829E-2 1.17399E-2 3.48113E-2 7.30636E-2 1.23362E-1 4.53E-1 2.91747E-1 1.00684E-1 2.09988E-2
-9999 -9999 -9999 -9999 -9999 -9999 -9999 -9999 -9999 2.80254E-1 3.09092E-1 5.81977E-1 4.5789E-1 1.68053E-1 7.14636E-2 6.00656E-2 5.62395E-2 8.82688E-2 2.45883E-1 2.63385E-1 4.28622E-1 5.61127E-1 6.29787E-1 5.24286E-1 1.46132E-1 2.20682E-1 -9999 -9999 -9999 -9999 -9999 -9999 -9999 -9999 -9999 -9999 -9999 -9999 -9999 -9999 -9999 -9999 -9999 -9999 -9999 -9999 -9999 -9999 1.55602E-1 2.56285E-1 1.00465E-1 2.6329E-1 6.85673E-2 2.21851E-1 1.59533E-1 1.14406E-1 2.21908E-1 2.65191E-1 4.38737E-1 4.54269E-1 4.72934E-1 4.06676E-1 5.24381E-1 5.22241E-1 3.52129E-1 4.19543E-1 4.2741E-1 3.57052E-1 8.55292E-2 1.15792E-2 6.73622E-2 7.76688E-2 2.06682E-1 1.52694E-1 1.35657E-1 2.11261E-1 1.51303E-1 4.47623E-2
-9999 -9999 -9999 -9999 -9999 -9999 -9999 -9999 -9999 2.69569E-1 3.06308E-1 5.28147E-1 4.82127E-1 3.40786E-1 1.52677E-1 1.34371E-1 8.61999E-2 7.43316E-2 2.84827E-1 2.27987E-1 2.97168E-1 4.81654E-1 2.55216E-1 2.13957E-1 1.14846E-1 -9999 -9999 -9999 -9999 -9999 -9999 -9999 -9999 -9999 -9999 -9999 -9999 -9999 -9999 -9999 -9999 -9999 -9999 -9999 -9999 -9999 -9999 -9999 3.00762E-1 2.71853E-1 2.74586E-1 1.45467E-1 2.42672E-1 4.68957E-1 2.35215E-1 5.6054E-1 4.87881E-1 5.79922E-1 6.63506E-1 6.70946E-1 6.8543E-1 6.4663E-1 4.80626E-1 4.72542E-1 6.4296E-1 5.88877E-1 3.16774E-1 2.16864E-1 1.64951E-1 8.24814E-2 4.03684E-2 1.99194E-1 1.59302E-1 2.72617E-1 1.74263E-1 2.07337E-1 2.57244E-1 1.04923E-1
-9999 -9999 -9999 -9999 -9999 -9999 -9999 -9999 3.75623E-1 -9999 6.17286E-1 5.7999E-1 6.97336E-1 3.6174E-1 2.23098E-1 1.88656E-1 2.64041E-1 1.61285E-1 2.06446E-1 2.42524E-1 2.88475E-1 3.76401E-1 1.7165E-1 1.71416E-1 3.05243E-1 -9999 -9999 -9999 -9999 -9999 -9999 -9999 -9999 -9999 -9999 -9999 -9999 -9999 -9999 -9999 -9999 -9999 -9999 -9999 -9999 -9999 -9999 -9999 1.42739E-1 2.93443E-1 3.42415E-1 2.46647E-1 1.28327E-1 3.76926E-1 3.52563E-1 3.43865E-1 4.48829E-1 4.73061E-1 4.85644E-1 4.44462E-1 7.6377E-1 7.56368E-1 6.09249E-1 6.67861E-1 6.02605E-1 4.5768E-1 4.24055E-1 4.08246E-1 2.72342E-1 2.24552E-1 9.87022E-2 5.31608E-2 7.63814E-2 1.17007E-1 7.81977E-2 6.87671E-2 6.16679E-2 1.84633E-2
-9999 -9999 -9999 -9999 -9999 -9999 -9999 -9999 -9999 -9999 9.46242E-1 7.83127E-1 4.30053E-1 3.27623E-1 1.53022E-1 9.8965E-2 1.49622E-1 1.53072E-1 1.88072E-1 1.55384E-1 2.82715E-1 1.44214E-1 1.71604E-1 1.55667E-1 2.81886E-1 -9999 -9999 -9999 -9999 -9999 -9999 -9999 -9999 -9999 -9999 -9999 -9999 -9999 -9999 -9999 -9999 -9999 -9999 -9999 -9999 -9999 -9999 -9999 -9999 -9999 1.29491E-1 1.8491E-1 -9999 2.55265E-1 2.60772E-1 2.56811E-1 2.68626E-1 5.28373E-1 3.6215E-1 4.80741E-1 7.09455E-1 4.70303E-1 6.80101E-1 5.85328E-1 4.65649E-1 7.33308E-1 7.0571E-1 6.76633E-1 6.04201E-1 2.86139E-1 8.23552E-2 2.28085E-2 1.41581E-2 4.78768E-2 3.85087E-2 4.70473E-2 5.60702E-2 2.44695E-2
-9999 -9999 -9999 -9999 -9999 -9999 -9999 -9999 -9999 -9999 8.85784E-1 7.52608E-1 4.37733E-1 2.21144E-1 1.16957E-1 5.6587E-2 6.80499E-2 1.62396E-1 1.25176E-1 1.16269E-1 2.14193E-1 1.14499E-1 1.76698E-1 2.18919E-1 2.82634E-1 -9999 -9999 -9999 -9999 -9999 -9999 -9999 -9999 -9999 -9999 -9999 -9999 -9999 -9999 -9999 -9999 -9999 -9999 -9999 -9999 -9999 -9999 -9999 -9999 -9999 -9999 -9999 -9999 1.89892E-1 2.38909E-1 2.04675E-1 2.74788E-1 3.61981E-1 3.96467E-1 7.87207E-1 8.38825E-1 7.52377E-1 4.36287E-1 3.50498E-1 4.56716E-1 7.22866E-1 6.31409E-1 7.86259E-1 7.42325E-1 2.96686E-1 3.06772E-2 1.32018E-2 9.97176E-3 4.23761E-3 5.26592E-3 6.611E-3 3.58305E-2 1.24711E-2
-9999 -9999 -9999 -9999 -9999 -9999 -9999 -9999 -9999 9.77568E-1 7.06282E-1 5.48461E-1 7.0166E-1 2.67149E-1 1.68131E-1 7.34321E-2 6.61911E-2 1.48456E-1 2.21362E-1 2.80163E-1 1.88317E-1 1.44137E-1 1.14022E-1 2.47705E-1 -9999 -9999 -9999 -9999 -9999 -9999 -9999 -9999 -9999 -9999 -9999 -9999 -9999 -9999 -9999 -9999 -9999 -9999 -9999 -9999 -9999 -9999 -9999 -9999 -9999 -9999 -9999 -9999 1.13695E-1 1.31117E-1 1.91876E-1 4.4149E-1 4.99687E-1 3.8104E-1 3.4144E-1 4.42207E-1 5.76522E-1 4.76673E-1 2.27049E-1 2.40125E-1 4.21065E-1 5.69713E-1 7.3298E-1 7.52075E-1 8.1666E-1 2.69324E-1 4.36685E-2 5.28281E-2 3.32085E-3 6.27801E-3 3.96004E-3 9.3803E-3 1.24468E-2 4.53214E-3
-9999 -9999 -9999 -9999 -9999 -9999 -9999 -9999 -9999 9.3956E-1 8.28791E-1 7.72392E-1 2.60929E-1 3.25148E-1 2.92862E-1 1.56779E-1 8.86721E-2 1.16467E-1 1.77566E-1 3.62212E-1 3.14335E-1 2.12413E-1 7.20345E-2 -9999 -9999 -9999 -9999 -9999 -9999 -9999 -9999 -9999 -9999 -9999 -9999 -9999 -9999 -9999 -9999 -9999 -9999 -9999 -9999 -9999 -9999 -9999 -9999 -9999 -9999 -9999 -9999 -9999 -9999 -9999 -9999 1.59791E-1 1.44798E-1 9.15119E-2 1.12272E-1 2.75782E-1 3.11705E-1 3.10454E-1 1.5665E-1 2.00859E-1 3.8541E-1 5.86281E-1 4.49162E-1 4.75229E-1 2.47869E-1 9.0868E-2 4.2211E-2 3.18627E-2 9.7406E-3 1.10582E-2 2.43022E-3 3.66514E-3 6.20055E-3 5.79706E-3
-9999 -9999 -9999 -9999 -9999 -9999 -9999 -9999 -9999 8.84707E-1 8.61448E-1 5.47127E-1 3.06711E-1 3.34129E-1 1.46124E-1 1.56725E-1 2.04797E-1 2.77889E-1 3.9783E-1 5.23018E-1 3.1509E-1 2.26308E-1 2.07802E-1 -9999 -9999 -9999 -9999 -9999 -9999 -9999 -9999 -9999 -9999 -9999 -9999 -9999 -9999 -9999 -9999 -9999 -9999 -9999 -9999 -9999 -9999 -9999 -9999 -9999 -9999 -9999 -9999 -9999 -9999 1.83195E-1 1.9389E-1 8.35054E-2 8.51649E-2 1.10401E-1 1.14316E-1 9.53497E-2 1.64418E-1 1.71289E-1 1.7658E-1 2.30002E-1 1.0715E-1 1.9801E-1 2.47515E-1 6.81889E-2 1.35039E-1 1.07489E-1 4.23795E-2 1.62006E-2 6.30839E-3 4.75329E-3 1.06894E-2 1.26861E-2 9.79825E-3 2.31014E-2
9.98739E-1 -9999 -9999 -9999 -9999 -9999 -9999 -9999 -9999 8.64826E-1 8.65804E-1 7.11755E-1 3.5312E-1 3.76579E-1 3.05385E-1 2.21708E-1 2.22608E-1 5.1121E-1 4.77741E-1 5.2038E-1 2.95817E-1 3.81917E-1 5.24658E-1 -9999 -9999 -9999 -9999 -9999 -9999 -9999 -9999 -9999 -9999 -9999 -9999 -9999 -9999 -9999 -9999 -9999 -9999 -9999 -9999 -9999 -9999 -9999 -9999 -9999 -9999 -9999 -9999 -9999 -9999 2.22087E-1 1.66717E-1 1.57871E-1 1.5866E-1 1.43491E-1 2.05073E-1 1.97538E-1 1.30712E-1 1.59683E-1 1.12441E-1 6.5713E-2 1.15019E-1 1.37237E-1 1.49732E-1 1.46066E-1 2.96966E-2 1.94184E-2 2.60892E-2 5.48123E-3 4.15468E-3 6.84164E-3 2.15158E-2 2.56212E-2 2.34754E-2 4.96841E-2
9.69579E-1 9.48702E-1 -9999 -9999 -9999 -9999 -9999 -9999 -9999 -9999 7.7129E-1 5.96445E-1 4.29831E-1 4.76375E-1 4.43968E-1 3.09648E-1 2.07056E-1 5.23655E-1 6.6949E-1 6.06346E-1 4.65395E-1 4.45523E-1 6.12545E-1 4.70667E-1 -9999 -9999 -9999 -9999 -9999 -9999 -9999 -9999 -9999 -9999 -9999 -9999 -9999 -9999 -9999 -9999 -9999 -9999 -9999 -9999 -9999 -9999 -9999 -9999 -9999 -9999 -9999 -9999 -9999 -9999 3.57447E-1 1.89641E-1 2.17942E-1 2.02577E-1 2.02307E-1 2.49681E-1 5.82114E-1 5.17337E-1 3.48504E-1 1.56318E-1 8.79171E-2 1.52941E-1 1.24446E-1 9.6891E-2 9.59861E-2 6.87132E-2 1.34763E-2 5.73911E-3 8.11222E-3 1.40584E-2 3.18022E-2 4.3134E-2 5.02181E-2 1.12238E-1
9.68101E-1 8.39428E-1 8.40274E-1 -9999 -9999 -9999 -9999 -9999 -9999 -9999 8.00155E-1 8.37292E-1 8.97098E-1 3.90194E-1 5.15171E-1 3.46405E-1 2.27735E-1 3.35885E-1 3.19202E-1 4.39367E-1 3.52871E-1 4.40957E-1 3.2805E-1 -9999 -9999 -9999 -9999 -9999 -9999 -9999 -9999 -9999 -9999 -9999 -9999 -9999 -9999 -9999 -9999 -9999 -9999 -9999 -9999 -9999 -9999 -9999 -9999 -9999 -9999 -9999 -9999 -9999 -9999 -9999 2.47581E-1 3.4625E-1 2.68233E-1 2.71167E-1 2.47004E-1 3.7285E-1 6.23662E-1 6.83352E-1 5.87194E-1 3.46468E-1 2.32474E-1 1.49018E-1 6.9079E-2 5.32313E-2 3.52707E-2 6.22934E-2 4.25833E-2 1.12669E-2 1.08246E-2 1.40956E-2 1.79308E-2 2.44319E-2 4.55856E-2 1.51274E-1
9.76148E-1 9.58519E-1 8.95616E-1 6.98018E-1 7.06802E-1 -9999 -9999 -9999 -9999 -9999 7.0628E-1 7.89718E-1 8.40221E-1 5.23332E-1 3.79404E-1 4.16951E-1 3.42143E-1 4.60492E-1 4.50491E-1 2.66277E-1 2.39428E-1 3.73447E-1 2.71113E-1 -9999 -9999 -9999 -9999 -9999 -9999 -9999 -9999 -9999 -9999 -9999 -9999 -9999 -9999 -9999 -9999 -9999 -9999 -9999 -9999 -9999 -9999 -9999 -9999 -9999 -9999 -9999 -9999 -9999 -9999 -9999 2.4404E-1 1.98914E-1 3.90351E-1 3.59016E-1 2.38566E-1 4.12766E-1 6.06953E-1 6.13563E-1 6.02867E-1 7.45276E-1 2.91938E-1 2.50533E-1 8.43227E-2 5.43755E-2 2.19235E-2 5.99506E-2 5.25687E-2 8.66712E-3 1.03012E-2 1.58178E-2 2.1608E-2 2.93729E-2 2.62197E-2 1.82247E-1
9.4522E-1 8.55321E-1 9.46708E-1 9.0991E-1 6.86867E-1 7.09001E-1 -9999 -9999 -9999 -9999 7.96194E-1 6.10481E-1 4.90813E-1 3.63301E-1 4.38851E-1 3.06144E-1 6.56425E-1 6.63167E-1 5.28055E-1 3.21074E-1 2.06682E-1 5.21063E-1 -9999 -9999 -9999 -9999 -9999 -9999 -9999 -9999 -9999 -9999 -9999 -9999 -9999 -9999 -9999 -9999 -9999 -9999 -9999 -9999 -9999 -9999 -9999 -9999 -9999 -9999 -9999 -9999 -9999 -9999 -9999 -9999 3.47028E-1 3.22812E-1 4.86604E-1 5.02342E-1 4.33135E-1 5.85015E-1 8.22138E-1 8.64547E-1 8.96054E-1 8.20942E-1 6.80891E-1 3.48376E-1 1.00991E-1 9.74474E-2 5.81618E-2 4.6032E-2 3.70997E-2 6.16277E-3 1.6728E-2 6.90147E-3 1.59371E-2 9.98353E-3 1.09991E-2 2.40589E-1
