ENM/Final_Models/M_1_F_lqp_Set_1_NE/Gustavia_santanderiensis_2_Choco_novel.asc
ncols         367
nrows         963
xllcorner     -78.6
yllcorner     0.65
cellsize      0.00833333333333323
NODATA_value  -9999
[rows 360 to 389 of 963, columns 204 to 271 of 367]
-1.43243E2 -1.42703E2 -1.44324E2 -1.36216E2 -1.36216E2 -1.51351E2 -1.31351E2 -1.55135E2 -1.55135E2 -1.36757E2 -1.36757E2 -1.36757E2 -1.33514E2 -1.36757E2 -1.36757E2 -1.56216E2 -1.36216E2 -1.36216E2 -1.56216E2 -1.35676E2 -1.35135E2 -1.35676E2 -1.0044E2 -9.58242E1 -1.35135E2 -1.34595E2 -1.34595E2 -1.34054E2 -1.2973E2 -9.7237E1 -7.3124E1 -6.54631E1 -1.35676E2 -9.04867E1 -1.35676E2 -8.21036E1 -7.99372E1 -1.35676E2 -1.27027E2 -1.26486E2 -1.26486E2 -1.25946E2 -1.29189E2 -1.28649E2 -1.24324E2 -1.23784E2 -1.23243E2 -1.25405E2 -1.22162E2 -7.36264E1 -7.45683E1 -7.68289E1 -8.32339E1 -8.40188E1 -1.18378E2 -6.81005E1 -1.17297E2 -1.16757E2 -1.16216E2 -1.15676E2 -1.18919E2 -1.16757E2 -1.07568E2 -1.09189E2 -1.10811E2 -1.09189E2 -1.14595E2 -1.14595E2
-8.66248E1 -8.27027E1 -1.28649E2 -1.36757E2 -1.36757E2 -1.31351E2 -1.31351E2 -1.45946E2 -1.45946E2 -1.36757E2 -1.36757E2 -1.32973E2 -1.33514E2 -1.36757E2 -1.36757E2 -1.36757E2 -1.36757E2 -1.36757E2 -1.36216E2 -1.36216E2 -1.35676E2 -1.35676E2 -1.35676E2 -1.31351E2 -1.35135E2 -1.30811E2 -1.34595E2 -1.56757E2 -1.34595E2 -1.34054E2 -1.2973E2 -1.35676E2 -1.38378E2 -1.29189E2 -1.28649E2 -8.41758E1 -1.28108E2 -1.35135E2 -1.27568E2 -1.27027E2 -1.26486E2 -1.2973E2 -1.29189E2 -1.25405E2 -1.27568E2 -1.24324E2 -1.23784E2 -1.25405E2 -7.63893E1 -1.22162E2 -9.35135E1 -1.24865E2 -7.91837E1 -8.50235E1 -1.18919E2 -1.18378E2 -1.17838E2 -1.17297E2 -1.20541E2 -1.18378E2 -1.18919E2 -1.15135E2 -1.12973E2 -1.08649E2 -1.11892E2 -1.10811E2 -1.15676E2 -9.94595E1
-9.02983E1 -8.40502E1 -1.29189E2 -1.44324E2 -1.54595E2 -1.31351E2 -1.31892E2 -1.55676E2 -1.37297E2 -1.37297E2 -1.37297E2 -1.37297E2 -1.32973E2 -1.32973E2 -1.37297E2 -1.34595E2 -1.34595E2 -1.35135E2 -1.35135E2 -1.35135E2 -1.35676E2 -1.35676E2 -9.26845E1 -9.55102E1 -1.35676E2 -1.31351E2 -1.35135E2 -1.35135E2 -1.22162E2 -1.30811E2 -1.3027E2 -1.35676E2 -1.35676E2 -1.2973E2 -1.29189E2 -9.146E1 -1.28649E2 -1.28108E2 -1.28108E2 -1.27568E2 -1.32432E2 -1.26486E2 -1.2973E2 -1.25405E2 -1.28649E2 -1.28108E2 -1.24324E2 -1.23784E2 -1.23243E2 -1.22703E2 -9.40541E1 -1.21622E2 -1.24324E2 -1.2E2 -1.19459E2 -1.18919E2 -1.18378E2 -1.17838E2 -1.16757E2 -1.19459E2 -1.17838E2 -1.16757E2 -1.07568E2 -1.05405E2 -1.08108E2 -1.11892E2 -1.15676E2 -1.01081E2
-1.2973E2 -1.47568E2 -1.51892E2 -1.54595E2 -1.55135E2 -1.53514E2 -1.55676E2 -1.55676E2 -9.08108E1 -1.32973E2 -1.32973E2 -1.37838E2 -1.32973E2 -1.32973E2 -1.32973E2 -1.32973E2 -1.34595E2 -1.35135E2 -8.81947E1 -8.84458E1 -9.13658E1 -1.35676E2 -9.47567E1 -9.33752E1 -1.36216E2 -1.35676E2 -1.35676E2 -1.35135E2 -1.35135E2 -1.34595E2 -1.30811E2 -1.30811E2 -1.3027E2 -1.2973E2 -1.2973E2 -1.2973E2 -8.87598E1 -1.28649E2 -1.28108E2 -1.27568E2 -1.27568E2 -1.27027E2 -1.26486E2 -1.25946E2 -1.29189E2 -1.28649E2 -1.28108E2 -1.23784E2 -1.23243E2 -1.26486E2 -1.25946E2 -1.25405E2 -1.21081E2 -1.20541E2 -1.2E2 -1.19459E2 -1.18919E2 -1.17838E2 -1.14595E2 -1.16216E2 -1.14054E2 -1.16757E2 -1.14054E2 -1.04324E2 -1.08649E2 -1.08108E2 -1.03243E2 -1.00541E2
-1.3027E2 -1.52973E2 -1.55135E2 -1.44324E2 -1.54054E2 -1.46486E2 -1.54595E2 -1.55676E2 -1.32432E2 -9.18919E1 -9.18919E1 -1.37838E2 -1.33514E2 -1.33514E2 -1.37838E2 -1.37838E2 -1.35135E2 -9.5102E1 -9.30612E1 -9.33752E1 -9.46939E1 -1.35676E2 -1.35676E2 -9.89639E1 -1.36216E2 -1.31892E2 -1.31892E2 -1.31892E2 -1.35135E2 -1.35135E2 -1.31351E2 -1.30811E2 -1.30811E2 -1.3027E2 -1.2973E2 -1.35676E2 -1.29189E2 -8.82889E1 -7.95604E1 -1.28108E2 -1.31351E2 -1.27027E2 -1.27027E2 -1.2973E2 -1.27568E2 -8.32967E1 -1.28108E2 -1.27568E2 -1.23784E2 -1.25405E2 -1.22703E2 -1.22162E2 -1.20541E2 -1.19459E2 -1.20541E2 -1.19459E2 -1.09189E2 -1.08649E2 -1.17838E2 -1.16757E2 -1.14595E2 -1.18919E2 -1.14054E2 -1.05946E2 -1.07027E2 -1.11892E2 -1.00541E2 -1.04865E2
-1.31351E2 -1.32432E2 -1.54054E2 -1.30811E2 -1.31351E2 -1.31892E2 -1.55135E2 -1.55135E2 -1.32432E2 -8.31083E1 -1.33514E2 -1.33514E2 -1.34054E2 -1.34054E2 -1.34595E2 -9.13972E1 -8.54945E1 -9.96232E1 -9.12716E1 -1.35676E2 -1.35676E2 -1.35676E2 -1.35676E2 -1.36216E2 -1.36757E2 -1.36216E2 -1.36216E2 -1.35676E2 -1.58378E2 -1.31892E2 -1.31892E2 -1.31351E2 -1.30811E2 -1.30811E2 -1.3027E2 -8.31083E1 -1.32973E2 -1.29189E2 -1.29189E2 -9.89189E1 -1.28108E2 -1.27568E2 -1.28649E2 -1.3027E2 -1.2973E2 -1.55676E2 -1.25405E2 -1.24865E2 -1.25946E2 -1.25405E2 -1.23243E2 -1.22703E2 -1.21622E2 -1.19459E2 -1.20541E2 -1.2E2 -1.08649E2 -1.08649E2 -1.17838E2 -1.21081E2 -1.15676E2 -1.19459E2 -1.15135E2 -1.17838E2 -1.06486E2 -1.00541E2 -1.05405E2 -1.02162E2
-1.54054E2 -1.54054E2 -1.55135E2 -1.55676E2 -1.56216E2 -1.38919E2 -1.56757E2 -1.56757E2 -1.56757E2 -9.17111E1 -9.91209E1 -1.34054E2 -1.34054E2 -9.58242E1 -1.34595E2 -1.34595E2 -8.37677E1 -1.35135E2 -1.35676E2 -1.35676E2 -1.35676E2 -1.37838E2 -1.37297E2 -1.37297E2 -1.36757E2 -1.58919E2 -1.58378E2 -1.52973E2 -1.58919E2 -1.52432E2 -1.51892E2 -1.35135E2 -1.31351E2 -1.31351E2 -1.30811E2 -8.69388E1 -8.60597E1 -1.2973E2 -1.29189E2 -1.29189E2 -1.28649E2 -1.28108E2 -1.27568E2 -1.27027E2 -1.2973E2 -1.2973E2 -1.25405E2 -1.24865E2 -1.24324E2 -1.23784E2 -1.27027E2 -1.22703E2 -1.22162E2 -1.21622E2 -1.24865E2 -1.24324E2 -1.23243E2 -1.22703E2 -1.22162E2 -1.21622E2 -1.36216E2 -1.05946E2 -1.05946E2 -1.03784E2 -1E2 -1.01622E2 -1.31351E2 -9.08108E1
-1.54595E2 -1.55676E2 -1.46486E2 -1.56216E2 -1.38919E2 -1.38919E2 -1.32432E2 -1.32432E2 -1.56757E2 -1.33514E2 -1.33514E2 -9.71429E1 -9.74568E1 -9.41915E1 -9.84301E1 -9.15542E1 -9.46311E1 -1.38378E2 -1.58378E2 -1.41081E2 -1.54054E2 -1.37838E2 -1.58919E2 -1.37297E2 -1.37297E2 -1.52973E2 -1.58919E2 -1.58919E2 -1.59459E2 -1.59459E2 -1.58919E2 -1.35676E2 -1.31892E2 -7.94035E1 -8.19466E1 -8.87912E1 -9.04867E1 -1.3027E2 -1.28108E2 -1.29189E2 -1.29189E2 -1.27568E2 -1.27027E2 -1.27027E2 -1.26486E2 -1.26486E2 -1.25946E2 -1.25405E2 -1.24865E2 -1.24324E2 -1.23784E2 -1.23243E2 -1.22703E2 -1.22162E2 -1.24865E2 -1.4E2 -1.32973E2 -1.07027E2 -1.07568E2 -1.08108E2 -1.20541E2 -1.14595E2 -1.07568E2 -1.27027E2 -7.83784E1 -1.24865E2 -1.32432E2 -9.24324E1
-1.55135E2 -1.54595E2 -1.45946E2 -1.56757E2 -1.31892E2 -1.32432E2 -1.32432E2 -1.32973E2 -1.57297E2 -1.33514E2 -1.39459E2 -1.34054E2 -1.34595E2 -9.1617E1 -9.02355E1 -9.3281E1 -9.1617E1 -1.34595E2 -1.58919E2 -1.42162E2 -1.60541E2 -1.53514E2 -1.52973E2 -1.59459E2 -1.37838E2 -1.37297E2 -1.37297E2 -1.36757E2 -1.6E2 -1.23784E2 -1.36216E2 -1.35676E2 -1.31892E2 -1.35676E2 -8.6248E1 -9.08634E1 -9.06436E1 -1.28108E2 -1.28108E2 -1.2973E2 -1.31351E2 -1.28649E2 -1.27027E2 -1.26486E2 -1.26486E2 -1.25946E2 -1.25946E2 -1.29189E2 -1.25405E2 -1.28108E2 -1.22703E2 -1.21622E2 -1.22703E2 -1.22162E2 -1.24865E2 -1.24324E2 -1.32973E2 -1.08108E2 -1.37838E2 -1.08108E2 -1.08108E2 -1.07027E2 -1.24324E2 -1.22162E2 -1.02162E2 -1.05405E2 -1.04324E2 -1.18919E2
-1.55676E2 -1.46486E2 -9.18919E1 -1.57297E2 -1.31892E2 -1.32432E2 -1.57297E2 -1.4E2 -1.39459E2 -1.39459E2 -1.33514E2 -1.34054E2 -1.34595E2 -1.34595E2 -1.35135E2 -1.35135E2 -1.35135E2 -1.35135E2 -1.35676E2 -1.53514E2 -1.53514E2 -1.52973E2 -1.52973E2 -1.38378E2 -1.59459E2 -1.41622E2 -1.52432E2 -1.51892E2 -1.59459E2 -1.60541E2 -1.6E2 -1.36216E2 -1.29189E2 -1.35135E2 -8.21664E1 -9.5573E1 -9.93721E1 -1.28108E2 -1.27568E2 -1.27568E2 -1.27568E2 -1.29189E2 -1.27027E2 -1.28108E2 -1.27568E2 -1.27027E2 -1.26486E2 -1.25946E2 -1.25405E2 -1.28108E2 -1.24324E2 -1.27027E2 -1.26486E2 -1.45405E2 -1.25405E2 -1.24865E2 -1.34054E2 -1.08649E2 -1.08649E2 -1.07568E2 -1.32973E2 -1.3027E2 -1.05946E2 -1.27027E2 -1.24324E2 -1.22162E2 -1.16757E2 -1.09189E2
-1.43243E2 -1.56216E2 -1.57297E2 -1.57838E2 -1.32432E2 -1.32432E2 -9.43485E1 -9.65149E1 -8.80691E1 -1.33514E2 -9.21193E1 -1.34054E2 -1.34595E2 -1.34595E2 -1.34595E2 -1.35135E2 -1.35676E2 -1.54054E2 -1.39459E2 -1.39459E2 -1.52973E2 -1.52432E2 -1.52432E2 -1.38378E2 -1.51892E2 -1.51892E2 -1.6E2 -1.6E2 -1.6E2 -1.6E2 -1.6E2 -1.5027E2 -1.35135E2 -1.35135E2 -1.32432E2 -1.31892E2 -1.31351E2 -1.31351E2 -1.30811E2 -1.3027E2 -1.32973E2 -1.32432E2 -1.31892E2 -1.26486E2 -1.26486E2 -1.30811E2 -1.3027E2 -1.2973E2 -1.25946E2 -1.28649E2 -1.28108E2 -1.27568E2 -1.27027E2 -1.4E2 -1.42162E2 -1.1027E2 -1.10811E2 -1.08108E2 -1.07027E2 -1.2973E2 -1.25405E2 -1.05405E2 -1.37297E2 -1.05405E2 -1.03784E2 -1E2 -1.17838E2 -1.12432E2
-1.30811E2 -1.30811E2 -1.4E2 -1.45405E2 -1.40541E2 -1.32432E2 -1.32973E2 -1.33514E2 -9.67975E1 -8.99529E1 -1.58378E2 -1.4E2 -1.53514E2 -1.34595E2 -1.35135E2 -1.35135E2 -1.35676E2 -1.35676E2 -1.53514E2 -1.39459E2 -1.39459E2 -1.52432E2 -1.38919E2 -1.62162E2 -1.51892E2 -1.34595E2 -1.36216E2 -1.36216E2 -1.37297E2 -1.60541E2 -1.60541E2 -1.36757E2 -1.32973E2 -1.32973E2 -1.32432E2 -1.32432E2 -1.31892E2 -1.31351E2 -1.34054E2 -1.33514E2 -1.47027E2 -1.46486E2 -1.57297E2 -1.25946E2 -9.56757E1 -9.56757E1 -9.51351E1 -9.51351E1 -9.51351E1 -9.58556E1 -1.24324E2 -1.27568E2 -1.27027E2 -1.40541E2 -1.35135E2 -1.07568E2 -1.07027E2 -1.0973E2 -1.08108E2 -1.36216E2 -1.43784E2 -1.20541E2 -1.04865E2 -1.2973E2 -1.41622E2 -1.19459E2 -1.18919E2 -1.27568E2
-1.56216E2 -8.55259E1 -1.5027E2 -1.58919E2 -1.57297E2 -1.57838E2 -1.57838E2 -1.33514E2 -1.58919E2 -1.61081E2 -1.58919E2 -1.40541E2 -1.53514E2 -1.59459E2 -1.59459E2 -1.35135E2 -1.53514E2 -1.6E2 -1.4E2 -1.4E2 -1.39459E2 -1.6E2 -1.60541E2 -1.60541E2 -1.60541E2 -1.35135E2 -1.34595E2 -1.34595E2 -1.37838E2 -1.37297E2 -1.4973E2 -1.36757E2 -1.36757E2 -1.36216E2 -1.32973E2 -1.32432E2 -1.32432E2 -1.31892E2 -1.34595E2 -1.34054E2 -1.60541E2 -1.6E2 -1.45405E2 -1.57297E2 -1.25946E2 -1.25405E2 -1.24865E2 -9.51351E1 -1.24865E2 -1.29189E2 -1.43243E2 -1.42162E2 -1.17838E2 -1.42162E2 -1.41622E2 -1.08108E2 -1.07568E2 -1.34054E2 -1.32432E2 -1.46486E2 -1.34054E2 -1.15676E2 -1.20541E2 -1.2E2 -1.18919E2 -1.1027E2 -1.12432E2 -1.32432E2
-1.47568E2 -1.36757E2 -1.36757E2 -1.51351E2 -1.57838E2 -1.57838E2 -1.58378E2 -1.33514E2 -1.34054E2 -1.42703E2 -1.34054E2 -1.52973E2 -1.41081E2 -1.41081E2 -1.59459E2 -1.35676E2 -1.35676E2 -1.40541E2 -1.4E2 -1.4E2 -1.4E2 -1.39459E2 -1.60541E2 -1.60541E2 -1.60541E2 -1.38919E2 -1.38378E2 -1.35135E2 -1.37838E2 -1.23784E2 -1.61081E2 -1.37297E2 -1.34054E2 -1.33514E2 -1.36216E2 -1.32973E2 -1.31892E2 -1.31892E2 -1.31892E2 -1.34054E2 -1.34054E2 -1.32973E2 -1.45405E2 -1.6E2 -1.25405E2 -1.25405E2 -1.24865E2 -1.24865E2 -1.26486E2 -1.25946E2 -1.08649E2 -1.35135E2 -1.53514E2 -1.55135E2 -1.38378E2 -1.33514E2 -1.30811E2 -1.44865E2 -1.31351E2 -1.4E2 -1.21622E2 -1.21081E2 -1.19459E2 -1.27027E2 -1.25946E2 -1.37838E2 -1.26486E2 -1.04865E2
-1.54054E2 -1.44324E2 -1.37297E2 -1.51351E2 -1.57838E2 -1.40541E2 -1.58378E2 -1.61622E2 -1.33514E2 -1.42703E2 -1.34595E2 -1.34595E2 -1.41081E2 -1.41081E2 -1.6E2 -1.35676E2 -9.24333E1 -1.35676E2 -1.35676E2 -1.36216E2 -1.4E2 -1.60541E2 -1.64324E2 -1.64324E2 -1.61081E2 -1.38378E2 -1.37838E2 -1.38378E2 -1.38378E2 -1.37838E2 -1.23243E2 -1.34054E2 -1.34054E2 -1.36757E2 -1.36216E2 -1.36216E2 -9.18367E1 -1.32432E2 -1.35135E2 -1.34595E2 -1.34054E2 -1.33514E2 -1.32973E2 -1.32973E2 -1.25405E2 -1.24865E2 -1.24865E2 -1.24324E2 -1.27027E2 -1.2973E2 -1.29189E2 -1.08649E2 -1.35135E2 -1.35135E2 -1.39459E2 -1.46486E2 -1.5027E2 -1.34595E2 -1.35676E2 -1.34054E2 -1.22703E2 -1.38378E2 -1.3027E2 -1.31351E2 -1.21622E2 -1.30811E2 -1.27027E2 -5.64207E1
-1.41081E2 -9.76452E1 -8.8854E1 -1.50811E2 -1.51892E2 -1.57838E2 -1.58378E2 -1.32973E2 -8.88226E1 -1.34054E2 -1.34595E2 -1.34595E2 -1.6E2 -1.6E2 -1.6E2 -1.35135E2 -1.35676E2 -1.35676E2 -1.40541E2 -1.36757E2 -1.40541E2 -1.61081E2 -1.64865E2 -1.64865E2 -1.61081E2 -1.61081E2 -1.38919E2 -1.38919E2 -1.38378E2 -1.38378E2 -1.61622E2 -1.34595E2 -1.34595E2 -1.34054E2 -1.36757E2 -1.36216E2 -1.32973E2 -1.32432E2 -1.35135E2 -1.34595E2 -1.34595E2 -1.34054E2 -1.33514E2 -1.25405E2 -1.25405E2 -1.24865E2 -1.31351E2 -1.24324E2 -1.3027E2 -1.2973E2 -1.35135E2 -1.35135E2 -1.34595E2 -1.34595E2 -1.40541E2 -1.47568E2 -1.44324E2 -1.4973E2 -1.32432E2 -1.31351E2 -1.5027E2 -1.34595E2 -1.22703E2 -1.0973E2 -1.05946E2 -1.14054E2 -1.01081E2 -1.10811E2
-1.41622E2 -1.02794E2 -9.07692E1 -7.71743E1 -1.51892E2 -1.58378E2 -1.58919E2 -1.33514E2 -1.33514E2 -1.34054E2 -1.34054E2 -1.6E2 -1.6E2 -1.41622E2 -1.35135E2 -1.41622E2 -1.35676E2 -1.35676E2 -1.36216E2 -1.36216E2 -1.61081E2 -1.61081E2 -1.50811E2 -1.4E2 -1.61622E2 -1.61622E2 -1.39459E2 -1.38919E2 -1.61622E2 -1.61622E2 -1.61622E2 -1.37838E2 -1.37838E2 -1.37297E2 -1.36757E2 -1.36757E2 -1.36216E2 -1.35676E2 -1.35676E2 -1.35135E2 -1.44865E2 -1.34054E2 -1.33514E2 -1.3027E2 -1.24865E2 -1.24865E2 -1.31892E2 -1.31351E2 -1.35676E2 -1.35676E2 -1.4E2 -1.41622E2 -1.05946E2 -1.33514E2 -1.40541E2 -1.50811E2 -1.38378E2 -1.43784E2 -1.30811E2 -1.29189E2 -1.26486E2 -1.16757E2 -1.41622E2 -7.72973E1 -1.04324E2 -7.83784E1 -8.21622E1 -6.00314E1
-1.41622E2 -9.1146E1 -8.78179E1 -8.87284E1 -1.52973E2 -1.58919E2 -1.58919E2 -1.32973E2 -1.34054E2 -1.34054E2 -1.34054E2 -1.12973E2 -1.31351E2 -8.57143E1 -1.41622E2 -1.41622E2 -1.41622E2 -1.41622E2 -1.41081E2 -1.36216E2 -1.36216E2 -1.65946E2 -1.65946E2 -1.61622E2 -1.61622E2 -1.61622E2 -1.65946E2 -1.65946E2 -1.65946E2 -1.38919E2 -1.38378E2 -1.38378E2 -1.62162E2 -1.47568E2 -1.62162E2 -1.62703E2 -1.35676E2 -1.32973E2 -1.35676E2 -1.6E2 -1.57838E2 -1.34054E2 -1.34054E2 -1.33514E2 -1.43243E2 -1.32432E2 -1.42703E2 -1.42703E2 -1.41622E2 -1.54595E2 -1.43784E2 -1.20541E2 -7.72973E1 -1.19459E2 -1.42162E2 -1.40541E2 -1.44865E2 -1.39459E2 -1.41622E2 -1.38378E2 -1.28649E2 -1.34595E2 -1.46486E2 -1.14595E2 -1.09189E2 -1.1027E2 -1.1027E2 -4.37838E1
-9.281E1 -8.81081E1 -1.43243E2 -1.39459E2 -1.52973E2 -1.42162E2 -1.42162E2 -1.34054E2 -1.33514E2 -8.09733E1 -8.99529E1 -1.34595E2 -1.34595E2 -1.42162E2 -1.35135E2 -1.35135E2 -1.41622E2 -1.41622E2 -1.36216E2 -1E2 -1.67027E2 -1.67027E2 -1.66486E2 -1.61622E2 -1.61622E2 -1.62162E2 -1.56757E2 -1.66486E2 -1.66486E2 -1.56757E2 -1.62162E2 -1.62162E2 -1.65405E2 -1.62703E2 -1.62703E2 -1.37297E2 -1.36757E2 -1.35135E2 -1.35135E2 -1.35676E2 -1.35135E2 -1.34595E2 -1.43784E2 -1.43784E2 -1.43243E2 -1.32432E2 -1.55135E2 -1.54595E2 -1.54054E2 -1.54054E2 -1.52432E2 -1.19459E2 -7.72973E1 -7.78378E1 -1.39459E2 -1.38919E2 -1.36757E2 -1.42162E2 -1.34054E2 -1.33514E2 -1.40541E2 -1.30811E2 -1.36757E2 -1.31351E2 -1.32973E2 -1.02162E2 -9.18919E1 -3.47253E1
-9.08634E1 -8.55573E1 -9.18681E1 -1.4E2 -1.62162E2 -1.58378E2 -1.41622E2 -9.72973E1 -8.04396E1 -8.65934E1 -9.44741E1 -1.34595E2 -1.65946E2 -1.40541E2 -1.35135E2 -1.35676E2 -1.42162E2 -1.42162E2 -1.41622E2 -1.36216E2 -1.5027E2 -1.5027E2 -1.50811E2 -1.67027E2 -1.67027E2 -1.67027E2 -1.62162E2 -1.62162E2 -1.62162E2 -1.67027E2 -1.56757E2 -1.62703E2 -1.62703E2 -1.3027E2 -1.29189E2 -1.37297E2 -1.36757E2 -1.35135E2 -1.35135E2 -1.35135E2 -1.35135E2 -1.62703E2 -1.43784E2 -1.36216E2 -1.55676E2 -1.6E2 -1.54054E2 -1.60541E2 -1.41622E2 -1.43784E2 -1.34054E2 -1.58378E2 -1.4E2 -1.39459E2 -1.18919E2 -1.18378E2 -1.37838E2 -1.37297E2 -1.41081E2 -1.38378E2 -1.27568E2 -1.33514E2 -1.34595E2 -1.34054E2 -1.17838E2 -1.1027E2 -9.83784E1 -1.08108E2
-9.32182E1 -9.33124E1 -1.42162E2 -1.41081E2 -1.61622E2 -1.62162E2 -1.58919E2 -1.42162E2 -9.89189E1 -1.42703E2 -1.34054E2 -1.34595E2 -1.34595E2 -1.67027E2 -1.42703E2 -1.42162E2 -1.61081E2 -1.38378E2 -1.36216E2 -1.36216E2 -1.51351E2 -1.0179E2 -1.51351E2 -1.68108E2 -1.68108E2 -1.67568E2 -1.62162E2 -1.4E2 -1.4E2 -1.67027E2 -1.56757E2 -1.67027E2 -1.63243E2 -1.28649E2 -1.28649E2 -1.27027E2 -1.36757E2 -1.36757E2 -1.35135E2 -1.44324E2 -1.63243E2 -1.63243E2 -1.43784E2 -1.43243E2 -1.53514E2 -1.63243E2 -1.54595E2 -1.41081E2 -1.52973E2 -1.58919E2 -1.58378E2 -1.58378E2 -1.19459E2 -1.18919E2 -8.82889E1 -1.18378E2 -1.35135E2 -1.37297E2 -1.25405E2 -1.24324E2 -1.27568E2 -1.13514E2 -1.22162E2 -1.28649E2 -1.21081E2 -1.16757E2 -1.14054E2 -1.1027E2
-8.82889E1 -8.719E1 -8.20408E1 -8.12873E1 -9.67347E1 -1.62703E2 -1.63784E2 -1.42703E2 -1.42703E2 -1.42703E2 -1.34054E2 -1.34595E2 -1.66486E2 -1.60541E2 -1.61081E2 -1.42703E2 -1.5027E2 -1.35676E2 -1.35676E2 -1.36216E2 -1.36216E2 -1.36216E2 -1.68649E2 -1.68649E2 -1.52432E2 -1.62162E2 -1.62703E2 -1.62703E2 -1.4E2 -1.62703E2 -1.63243E2 -1.67568E2 -1.66486E2 -1.63784E2 -1.35135E2 -1.35135E2 -1.37297E2 -1.35135E2 -1.35135E2 -1.63784E2 -1.35676E2 -1.34595E2 -1.34595E2 -1.42703E2 -1.63784E2 -1.52973E2 -1.53514E2 -1.51892E2 -1.40541E2 -1.58378E2 -1.4E2 -1.39459E2 -1.52432E2 -1.51892E2 -1.18919E2 -1.17838E2 -1.16757E2 -1.39459E2 -1.54054E2 -1.52432E2 -1.28108E2 -1.15676E2 -1.19459E2 -1.35676E2 -1.38378E2 -1.14054E2 -1.12973E2 -1.17838E2
-8.05024E1 -8.64992E1 -9.30926E1 -8.90424E1 -1.31892E2 -1.31892E2 -1.59459E2 -1.59459E2 -1.6E2 -1.60541E2 -1.42703E2 -1.65946E2 -1.67568E2 -1.68108E2 -1.35135E2 -1.35135E2 -1.42703E2 -1.35676E2 -9.56672E1 -1.36216E2 -1.36216E2 -1.36216E2 -1.69189E2 -1.69189E2 -1.69189E2 -1.67568E2 -1.62703E2 -1.62703E2 -1.62703E2 -1.63243E2 -1.39459E2 -1.63243E2 -1.63243E2 -1.63784E2 -1.63784E2 -1.25405E2 -1.34595E2 -1.34595E2 -1.34595E2 -1.36216E2 -1.35676E2 -1.35135E2 -1.34054E2 -1.62162E2 -1.62162E2 -1.63784E2 -1.61622E2 -1.51351E2 -1.4E2 -1.32432E2 -1.3027E2 -1.2973E2 -1.51892E2 -1.51351E2 -1.38378E2 -1.18378E2 -1.17297E2 -1.36757E2 -1.38378E2 -1.41081E2 -1.31351E2 -8.21622E1 -8.16216E1 -1.27027E2 -1.11892E2 -1E2 -6.75676E1 -1.04865E2
-9.17425E1 -8.854E1 -8.86656E1 -8.74411E1 -1.32432E2 -1.32432E2 -1.54595E2 -1.49189E2 -1.66486E2 -1.60541E2 -1.60541E2 -1.60541E2 -1.65946E2 -1.61081E2 -1.61081E2 -1.35135E2 -1.35135E2 -1.35676E2 -1.35676E2 -9.36578E1 -1.7027E2 -1.54054E2 -1.67568E2 -1.67568E2 -1.6973E2 -1.6973E2 -1.41081E2 -1.40541E2 -1.63243E2 -1.63243E2 -1.4E2 -1.35676E2 -1.35135E2 -1.35135E2 -1.03579E2 -1.05934E2 -1.34595E2 -1.34595E2 -8.27316E1 -1.27027E2 -1.26486E2 -1.32973E2 -1.35135E2 -1.34054E2 -1.5027E2 -1.62162E2 -1.32973E2 -1.32432E2 -1.32432E2 -1.31351E2 -1.3027E2 -1.55676E2 -1.29189E2 -1.17838E2 -1.37297E2 -1.37297E2 -1.54054E2 -1.38378E2 -1.36757E2 -1.41622E2 -1.32432E2 -1.27027E2 -8E1 -8.10811E1 -1.34595E2 -1.14054E2 -9.67568E1 -4.81081E1
-8.46468E1 -9.27786E1 -1.53514E2 -1.54054E2 -1.55676E2 -1.65405E2 -1.66486E2 -1.56216E2 -1.43243E2 -1.43243E2 -1.43243E2 -1.43243E2 -1.43243E2 -1.61081E2 -1.43243E2 -1.35135E2 -9.28414E1 -1.06154E2 -1.35676E2 -1.61622E2 -1.35676E2 -1.62162E2 -1.7027E2 -1.35676E2 -1.54595E2 -1.55135E2 -1.62703E2 -1.46486E2 -1.35676E2 -1.35676E2 -1.35676E2 -1.35135E2 -1.35135E2 -9.75824E1 -8.43014E1 -9.54788E1 -9.11774E1 -1.20541E2 -1.23243E2 -1.21622E2 -1.33514E2 -1.35676E2 -1.35135E2 -1.34595E2 -1.33514E2 -1.32973E2 -1.61622E2 -1.38919E2 -1.38919E2 -1.31351E2 -1.30811E2 -1.2973E2 -1.37297E2 -1.55135E2 -1.36757E2 -1.36757E2 -1.54054E2 -1.55676E2 -1.52432E2 -1.42703E2 -1.41622E2 -1.38919E2 -1.15676E2 -1.34054E2 -1.18919E2 -6.37838E1 -3.281E1 -2.37991E1
-8.4113E1 -9.1303E1 -1.52973E2 -1.42703E2 -1.43784E2 -1.57297E2 -1.32973E2 -1.43243E2 -1.43243E2 -1.43243E2 -1.43243E2 -1.43243E2 -1.39459E2 -1.39459E2 -1.12973E2 -1.35135E2 -1.35135E2 -1.35676E2 -1.35676E2 -1.35676E2 -1.68108E2 -1.71351E2 -1.55135E2 -1.35676E2 -1.67027E2 -1.67027E2 -1.7027E2 -1.62703E2 -1.35676E2 -1.35676E2 -1.35135E2 -1.35135E2 -1.35135E2 -9.79278E1 -8.17896E1 -7.88383E1 -9.50706E1 -9.13658E1 -1.22162E2 -1.2E2 -1.18378E2 -1.21081E2 -1.64324E2 -1.35135E2 -1.53514E2 -1.52973E2 -1.51351E2 -1.57297E2 -1.57838E2 -1.38378E2 -1.37838E2 -1.55135E2 -1.36757E2 -1.36757E2 -1.36757E2 -1.36216E2 -1.45405E2 -1.44324E2 -1.43784E2 -1.43243E2 -1.42162E2 -1.40541E2 -1.31892E2 -1.18919E2 -1.2973E2 -1.37297E2 -1.16216E2 -9.83784E1
-9.78378E1 -1.55676E2 -1.43243E2 -1.32432E2 -1.32973E2 -1.32973E2 -1.59459E2 -1.43784E2 -1.43784E2 -1.60541E2 -1.60541E2 -1.43784E2 -1.43784E2 -1.43784E2 -1.61081E2 -1.35135E2 -1.35676E2 -1.43243E2 -1.35676E2 -1.35676E2 -1.42703E2 -1.71892E2 -1.67568E2 -1.35676E2 -1.35676E2 -1.62703E2 -1.45946E2 -1.45405E2 -1.35676E2 -1.35676E2 -1.35135E2 -1.35135E2 -1.35135E2 -1.34595E2 -7.9843E1 -9.11774E1 -9.1146E1 -7.43171E1 -1.34054E2 -1.36757E2 -1.17297E2 -1.18919E2 -1.35676E2 -1.33514E2 -1.54595E2 -1.52973E2 -1.38919E2 -1.38378E2 -1.38378E2 -1.56757E2 -1.57297E2 -1.3027E2 -1.29189E2 -1.36216E2 -1.36216E2 -1.35676E2 -1.44865E2 -1.43784E2 -1.43784E2 -8.43243E1 -8.43243E1 -8.27027E1 -8.21622E1 -1.31351E2 -1.31892E2 -1.26486E2 -1.05946E2 -8.16216E1
-1.48108E2 -1.6E2 -1.32432E2 -1.32432E2 -1.32973E2 -1.69189E2 -1.60541E2 -1.44324E2 -1.44324E2 -1.69189E2 -1.60541E2 -1.61081E2 -1.34595E2 -1.34595E2 -1.35135E2 -1.35135E2 -1.43784E2 -1.43243E2 -1.35135E2 -1.35676E2 -1.43243E2 -1.62162E2 -1.62162E2 -1.47027E2 -1.71892E2 -1.62703E2 -1.45405E2 -1.44865E2 -1.35135E2 -1.35135E2 -1.35135E2 -1.65946E2 -1.63784E2 -8.6562E1 -9.75824E1 -9.63893E1 -1.34054E2 -7.95604E1 -1.33514E2 -1.36757E2 -8.4584E1 -7.46625E1 -1.35676E2 -1.6E2 -1.6E2 -1.51351E2 -1.38378E2 -1.57838E2 -1.57838E2 -1.57838E2 -1.30811E2 -1.3027E2 -1.3027E2 -8.7027E1 -8.64865E1 -1.35135E2 -1.56757E2 -1.14054E2 -1.43784E2 -1.43243E2 -1.43243E2 -1.41622E2 -8.27027E1 -1.31892E2 -1.23784E2 -1.12432E2 -1E2 -8.7027E1
-1.48108E2 -1.6E2 -1.44324E2 -1.60541E2 -1.60541E2 -1.60541E2 -1.61081E2 -1.44865E2 -1.61081E2 -1.60541E2 -1.61081E2 -1.61081E2 -1.34054E2 -1.34595E2 -1.32973E2 -1.33514E2 -1.35135E2 -1.43784E2 -1.43243E2 -1.61622E2 -1.43243E2 -1.61622E2 -1.62162E2 -1.67027E2 -1.72432E2 -1.62703E2 -1.45405E2 -1.44865E2 -1.35135E2 -1.35135E2 -1.35135E2 -1.65405E2 -1.65405E2 -1.34595E2 -8.74725E1 -8.54631E1 -1.34054E2 -8.42386E1 -1.33514E2 -1.36757E2 -1.34595E2 -1.34054E2 -1.52432E2 -1.32432E2 -1.32432E2 -1.50811E2 -1.56757E2 -1.50811E2 -1.51351E2 -1.62162E2 -1.46486E2 -1.36757E2 -1.2973E2 -1.02162E2 -1.02162E2 -1.35135E2 -1.51351E2 -1.45405E2 -1.43784E2 -1.14054E2 -8.88226E1 -1.34054E2 -1.2973E2 -1.2973E2 -1.30811E2 -1.29189E2 -1.16757E2 -8.43243E1
-1.48108E2 -1.6973E2 -1.32432E2 -1.7027E2 -1.7027E2 -1.61081E2 -1.44865E2 -1.44865E2 -1.61081E2 -1.61081E2 -1.61081E2 -1.44324E2 -1.4E2 -1.4E2 -1.31892E2 -1.32973E2 -1.32973E2 -1.43784E2 -1.39459E2 -1.43243E2 -1.61622E2 -1.61622E2 -1.73514E2 -1.67027E2 -1.66486E2 -1.66486E2 -1.44865E2 -1.63243E2 -1.63243E2 -1.43784E2 -1.56216E2 -1.34595E2 -1.34595E2 -1.34595E2 -1.39459E2 -1.38919E2 -1.33514E2 -8.15385E1 -1.33514E2 -1.35135E2 -1.35135E2 -1.34595E2 -1.35676E2 -1.32432E2 -1.32432E2 -1.37838E2 -1.37297E2 -1.36757E2 -1.55676E2 -1.55135E2 -1.35676E2 -1.36216E2 -1.48108E2 -1.28108E2 -1.02162E2 -1.34595E2 -1.25946E2 -1.46486E2 -1.50811E2 -1.41622E2 -8.43243E1 -1.42703E2 -1.31351E2 -1.30811E2 -1.38919E2 -1.27568E2 -1.04324E2 -8.59459E1
