ENM/Final_Models/M_1_F_lqp_Set_1_NE/Gustavia_santanderiensis_Choco_avg.asc
ncols         367
nrows         963
xllcorner     -78.6
yllcorner     0.65
cellsize      0.00833333333333323
NODATA_value  -9999
[rows 70 to 104 of 963, columns 234 to 311 of 367]
-9999 -9999 -9999 -9999 -9999 -9999 -9999 -9999 2.09433E-1 2.08468E-1 1.54779E-1 2.96664E-1 2.57656E-1 1.85612E-1 1.02411E-1 3.30939E-2 5.39684E-2 9.97221E-2 1.40822E-1 9.66672E-2 6.34303E-2 4.84875E-2 5.65923E-2 8.83189E-2 5.61706E-2 4.60022E-2 1.9927E-2 3.21412E-2 -9999 -9999 -9999 -9999 -9999 -9999 -9999 -9999 -9999 -9999 -9999 -9999 -9999 -9999 -9999 -9999 -9999 -9999 -9999 -9999 -9999 -9999 -9999 -9999 -9999 -9999 -9999 -9999 -9999 -9999 -9999 -9999 -9999 -9999 -9999 -9999 -9999 -9999 -9999 5.69161E-2 2.46558E-2 2.40572E-2 2.97915E-2 5.08495E-2 -9999 -9999 -9999 4.17918E-3 6.97683E-3 -9999
-9999 -9999 -9999 -9999 -9999 -9999 -9999 -9999 -9999 -9999 2.83041E-1 2.94528E-1 2.60275E-1 1.85973E-1 2.14695E-1 2.63129E-1 8.04078E-2 5.39455E-2 8.70802E-2 4.44488E-2 3.34956E-2 5.18263E-2 8.79762E-2 8.35761E-2 1.13773E-1 8.25009E-2 1.78778E-2 2.44726E-2 6.79931E-2 -9999 -9999 -9999 -9999 -9999 -9999 -9999 -9999 -9999 -9999 -9999 -9999 -9999 -9999 -9999 -9999 -9999 -9999 -9999 -9999 -9999 -9999 -9999 -9999 -9999 -9999 -9999 -9999 -9999 -9999 -9999 -9999 -9999 -9999 -9999 -9999 -9999 -9999 9.81542E-2 3.66564E-2 2.30793E-2 2.99145E-2 3.06223E-2 -9999 -9999 5.21823E-2 4.12938E-2 3.84565E-2 -9999
-9999 -9999 -9999 -9999 -9999 -9999 -9999 -9999 -9999 -9999 2.05642E-1 2.38635E-1 1.9743E-1 1.37427E-1 2.11378E-1 -9999 -9999 7.75634E-2 4.53731E-2 5.89056E-2 6.29058E-2 6.37785E-2 3.63077E-2 6.64812E-2 1.05328E-1 7.92994E-2 3.06733E-2 1.37838E-2 2.97487E-2 4.17143E-2 -9999 -9999 -9999 -9999 -9999 -9999 -9999 -9999 -9999 -9999 -9999 -9999 -9999 -9999 -9999 -9999 -9999 -9999 -9999 -9999 -9999 -9999 -9999 -9999 -9999 -9999 -9999 -9999 -9999 -9999 -9999 -9999 -9999 -9999 -9999 -9999 -9999 1.43641E-1 5.48249E-2 6.37454E-2 4.4324E-2 1.42992E-2 -9999 -9999 6.96914E-2 1.27889E-2 1.30502E-2 8.95074E-2
-9999 -9999 -9999 -9999 -9999 -9999 -9999 -9999 -9999 -9999 -9999 2.21959E-1 2.46603E-1 3.41769E-1 1.41465E-1 -9999 -9999 2.18617E-1 1.20255E-1 7.8414E-2 2.46136E-2 4.00537E-2 8.28241E-2 7.80164E-2 8.35976E-2 3.61398E-2 3.58615E-2 4.64215E-2 4.6083E-2 1.81452E-1 1.87841E-1 -9999 -9999 -9999 -9999 -9999 -9999 -9999 -9999 -9999 -9999 -9999 -9999 -9999 -9999 -9999 -9999 -9999 -9999 -9999 -9999 -9999 -9999 -9999 -9999 -9999 -9999 -9999 -9999 -9999 -9999 -9999 -9999 -9999 -9999 -9999 -9999 1.34198E-1 2.94035E-2 2.47931E-1 1.87401E-1 4.9553E-2 -9999 -9999 6.67898E-2 5.33497E-2 6.0476E-2 8.71692E-2
-9999 -9999 -9999 -9999 -9999 -9999 -9999 -9999 -9999 -9999 -9999 -9999 -9999 -9999 -9999 -9999 -9999 1.29863E-1 3.41665E-1 2.93178E-1 1.72253E-1 7.76899E-2 9.05344E-2 1.04541E-1 1.05756E-1 1.10245E-1 1.16523E-1 4.88968E-2 9.62898E-2 1.47919E-1 -9999 -9999 -9999 -9999 -9999 -9999 -9999 -9999 -9999 -9999 -9999 -9999 -9999 -9999 -9999 -9999 -9999 -9999 -9999 -9999 -9999 -9999 -9999 -9999 -9999 -9999 -9999 -9999 -9999 -9999 -9999 -9999 -9999 -9999 -9999 3.63437E-2 2.88542E-2 2.81521E-2 8.89224E-2 7.49104E-2 6.13377E-2 1.55746E-2 -9999 1.95204E-2 6.07137E-2 6.57701E-2 1.29524E-1 7.67572E-2
-9999 -9999 -9999 -9999 -9999 -9999 -9999 -9999 -9999 -9999 -9999 -9999 -9999 -9999 -9999 -9999 -9999 -9999 3.18322E-1 2.72181E-1 6.10558E-2 9.64097E-2 1.70587E-1 1.93597E-1 1.16445E-1 1.4513E-1 1.16805E-1 5.90148E-2 2.12987E-1 3.66438E-1 -9999 -9999 -9999 -9999 -9999 -9999 -9999 -9999 -9999 -9999 -9999 -9999 -9999 -9999 -9999 -9999 -9999 -9999 -9999 -9999 -9999 -9999 -9999 -9999 -9999 -9999 -9999 -9999 -9999 -9999 -9999 -9999 -9999 -9999 2.40814E-2 3.19079E-2 3.93108E-2 3.99955E-2 4.22705E-2 6.2476E-2 4.57811E-2 1.51771E-2 1.48219E-2 2.76686E-2 7.889E-2 6.98749E-2 1.83842E-1 1.09961E-1
-9999 -9999 -9999 -9999 -9999 -9999 -9999 -9999 -9999 -9999 -9999 4.47766E-1 2.97716E-1 3.31355E-1 2.86769E-1 -9999 -9999 -9999 6.21651E-1 5.18047E-1 3.24211E-1 3.03927E-2 1.38394E-1 6.02865E-2 5.88619E-2 1.57732E-1 9.88862E-2 1.06391E-1 7.75805E-2 -9999 -9999 -9999 -9999 -9999 -9999 -9999 -9999 -9999 -9999 -9999 -9999 -9999 -9999 -9999 -9999 -9999 -9999 -9999 -9999 -9999 -9999 -9999 -9999 -9999 -9999 -9999 -9999 -9999 -9999 -9999 -9999 -9999 -9999 -9999 2.73924E-2 3.07142E-2 3.45841E-2 4.87671E-2 6.6608E-2 1.24511E-1 4.79771E-2 1.71654E-2 2.06932E-2 5.4687E-2 9.27537E-2 1.70114E-1 1.14301E-1 1.28502E-1
-9999 -9999 -9999 -9999 -9999 -9999 -9999 -9999 -9999 -9999 -9999 3.4748E-1 3.65277E-1 2.38016E-1 3.32926E-1 2.2249E-1 -9999 -9999 2.4868E-1 1.81774E-1 1.32677E-1 5.15342E-2 1.03147E-1 1.3259E-1 9.24047E-2 1.48942E-1 1.01749E-1 8.90525E-2 6.67842E-2 -9999 -9999 -9999 -9999 -9999 -9999 -9999 -9999 -9999 -9999 -9999 -9999 -9999 -9999 -9999 -9999 -9999 -9999 -9999 -9999 -9999 -9999 -9999 -9999 -9999 -9999 -9999 -9999 -9999 3.93084E-2 4.60049E-2 1.19737E-2 2.23295E-2 4.59638E-2 1.09112E-1 7.91119E-2 6.17029E-2 6.6304E-2 4.04288E-2 8.95412E-2 5.3475E-2 2.88482E-2 9.7281E-3 8.06635E-3 3.80155E-2 3.41726E-2 2.91684E-2 8.51204E-2 6.56401E-2
-9999 -9999 -9999 -9999 -9999 -9999 -9999 -9999 -9999 -9999 -9999 -9999 9.68839E-2 1.64813E-1 1.31207E-1 2.38771E-1 -9999 -9999 2.82979E-1 1.62964E-1 2.67725E-1 6.07098E-2 3.11857E-2 1.45836E-1 1.97293E-1 1.11031E-1 1.47088E-1 1.31387E-1 -9999 -9999 -9999 -9999 -9999 -9999 -9999 -9999 -9999 -9999 -9999 -9999 -9999 -9999 -9999 -9999 -9999 -9999 -9999 -9999 -9999 -9999 -9999 -9999 -9999 -9999 -9999 -9999 -9999 -9999 3.12104E-2 2.67841E-2 2.17097E-2 2.34277E-2 3.81713E-2 3.65189E-2 4.33168E-2 4.11691E-2 6.03208E-2 5.0337E-2 9.61468E-2 2.33444E-2 9.55596E-3 9.82482E-3 1.49938E-2 2.93813E-2 2.85862E-2 5.96331E-2 9.25333E-2 1.21067E-1
-9999 -9999 -9999 -9999 -9999 -9999 -9999 -9999 -9999 -9999 -9999 -9999 6.32993E-2 1.10738E-1 1.29735E-1 2.08801E-1 -9999 -9999 4.02401E-1 2.57844E-1 2.77664E-1 1.71974E-1 1.74969E-1 4.31604E-1 6.60599E-1 2.03226E-1 1.38789E-1 1.28898E-1 -9999 -9999 -9999 -9999 -9999 -9999 -9999 -9999 -9999 -9999 -9999 -9999 -9999 -9999 -9999 -9999 -9999 -9999 -9999 -9999 -9999 -9999 -9999 -9999 -9999 -9999 -9999 -9999 -9999 1.4221E-2 1.16607E-2 2.83682E-2 1.75204E-2 4.57898E-2 5.37737E-2 4.06347E-2 8.23625E-2 5.62564E-2 4.42626E-2 6.50155E-2 2.17194E-2 1.65898E-2 9.93291E-3 7.45465E-3 1.2834E-2 3.4265E-2 5.80345E-2 7.06873E-2 7.66559E-2 9.64353E-2
-9999 -9999 -9999 -9999 -9999 -9999 -9999 -9999 -9999 -9999 -9999 5.38592E-1 8.83042E-2 1.3073E-1 9.18481E-2 1.02307E-1 2.58909E-1 -9999 2.51814E-1 1.37126E-1 1.36088E-1 1.03357E-1 2.5384E-1 1.27517E-1 2.38217E-1 2.16549E-1 3.63557E-1 2.8016E-1 1.53615E-1 -9999 -9999 -9999 -9999 -9999 -9999 -9999 -9999 -9999 -9999 -9999 -9999 -9999 -9999 -9999 -9999 -9999 -9999 -9999 -9999 -9999 -9999 -9999 -9999 -9999 -9999 5.79118E-2 2.48986E-2 2.76241E-2 1.03497E-2 1.69618E-2 1.30908E-2 3.7925E-2 8.608E-2 1.39549E-1 6.71202E-2 5.11827E-2 6.53784E-2 1.13671E-1 4.34317E-2 1.19625E-2 1.29771E-2 1.36165E-2 1.66875E-2 8.83881E-3 1.47999E-2 1.36985E-1 2.26304E-1 1.92808E-1
-9999 -9999 -9999 -9999 -9999 -9999 -9999 -9999 -9999 5.19108E-1 -9999 3.86192E-1 3.74197E-1 1.90375E-1 7.22854E-2 1.6869E-1 2.02199E-1 -9999 3.06771E-1 1.37338E-1 1.74255E-1 1.03084E-1 1.99421E-1 2.15725E-1 3.83733E-1 3.10139E-1 2.41193E-1 2.03446E-1 2.14226E-1 -9999 -9999 -9999 -9999 -9999 -9999 -9999 -9999 -9999 -9999 -9999 -9999 -9999 -9999 -9999 -9999 -9999 -9999 -9999 -9999 -9999 -9999 -9999 -9999 4.33964E-2 5.08905E-2 5.52124E-2 1.89909E-2 1.36184E-2 6.26527E-3 1.11489E-2 2.91485E-2 2.20696E-2 2.87303E-2 2.14541E-2 1.01251E-1 5.05363E-2 4.27046E-2 1.10664E-1 2.8731E-2 4.14662E-2 2.35727E-2 1.14862E-2 1.31502E-2 1.65017E-2 1.88515E-2 5.9701E-2 1.07715E-1 1.68136E-1
-9999 -9999 -9999 -9999 -9999 -9999 -9999 -9999 -9999 6.10167E-1 3.72949E-1 -9999 2.35996E-1 2.05153E-1 2.69128E-1 2.76888E-1 3.09375E-1 4.35024E-1 2.93517E-1 3.01733E-1 4.45261E-1 1.78512E-1 9.30323E-2 1.98292E-1 2.22173E-1 3.16618E-1 2.75465E-1 2.54109E-1 2.14515E-1 2.36512E-1 -9999 -9999 -9999 -9999 -9999 -9999 -9999 -9999 -9999 -9999 -9999 -9999 -9999 -9999 -9999 -9999 -9999 -9999 -9999 -9999 -9999 -9999 2.76926E-2 5.25287E-2 2.77837E-2 5.69052E-2 4.38371E-2 5.38796E-2 1.04667E-1 6.7615E-2 3.69912E-2 3.66972E-2 4.30325E-2 1.82522E-1 1.94039E-1 2.16181E-1 2.12828E-1 6.02311E-2 4.41902E-2 6.83168E-2 3.74733E-2 3.52469E-2 1.57962E-2 7.4332E-3 1.7856E-2 8.17441E-3 6.92964E-2 1.7832E-1
-9999 -9999 -9999 -9999 -9999 -9999 -9999 -9999 -9999 5.37236E-1 3.37143E-1 6.23326E-1 2.94413E-1 1.2618E-1 7.24415E-2 9.55383E-2 1.39321E-1 3.97493E-1 4.55574E-1 5.22657E-1 3.47348E-1 1.85345E-1 9.33014E-2 1.59081E-1 2.53159E-1 2.47657E-1 2.82582E-1 2.18279E-1 2.13982E-1 2.152E-1 -9999 -9999 -9999 -9999 -9999 -9999 -9999 -9999 -9999 -9999 -9999 -9999 -9999 -9999 -9999 -9999 -9999 -9999 -9999 -9999 -9999 2.72744E-2 3.31281E-2 2.87298E-2 7.87362E-2 1.47768E-1 1.45302E-1 2.07272E-1 7.23435E-2 1.08595E-1 1.56893E-1 1.18744E-1 8.79933E-2 1.88926E-1 5.0331E-1 1.77458E-1 9.72364E-2 3.37566E-2 5.70658E-2 6.54544E-2 1.06899E-1 2.01729E-2 9.26169E-3 1.41295E-2 1.29183E-2 7.20774E-3 1.63474E-2 7.16867E-2
-9999 -9999 -9999 -9999 -9999 -9999 -9999 -9999 4.48564E-1 3.28859E-1 2.80277E-1 3.92497E-1 3.9554E-1 3.40804E-1 8.4058E-2 8.8109E-2 1.44701E-1 2.78774E-1 4.20906E-1 3.45723E-1 5.52594E-1 3.31842E-1 1.09618E-1 9.13956E-2 1.93358E-1 3.27495E-1 2.33132E-1 1.14117E-1 1.5856E-1 -9999 -9999 -9999 -9999 -9999 -9999 -9999 -9999 -9999 -9999 -9999 -9999 -9999 -9999 -9999 -9999 -9999 -9999 -9999 -9999 -9999 -9999 1.77986E-2 3.96718E-2 2.43455E-2 8.81143E-2 1.28298E-1 2.78602E-1 3.65925E-1 2.77479E-1 2.81482E-1 1.15468E-1 1.07182E-1 1.69299E-1 2.41104E-1 3.273E-1 1.57763E-1 9.85101E-2 4.35734E-2 4.02895E-2 7.02326E-2 6.1382E-2 2.60945E-2 1.19075E-2 5.52595E-3 5.4275E-3 3.91513E-3 1.23586E-2 2.5515E-2
-9999 -9999 -9999 -9999 -9999 -9999 -9999 -9999 -9999 -9999 -9999 -9999 3.79885E-1 2.54529E-1 1.65996E-1 1.95732E-1 1.41003E-1 2.01885E-1 3.94833E-1 3.59778E-1 4.46066E-1 3.52778E-1 1.3617E-1 1.6553E-1 2.06468E-1 4.1781E-1 2.92555E-1 2.14594E-1 2.4487E-1 -9999 -9999 -9999 -9999 -9999 -9999 -9999 -9999 -9999 -9999 -9999 -9999 -9999 -9999 -9999 -9999 -9999 -9999 -9999 -9999 -9999 -9999 -9999 2.5803E-2 5.60749E-2 1.2156E-1 1.64898E-1 4.68464E-1 4.95856E-1 3.57976E-1 4.79103E-1 2.92136E-1 1.72793E-1 2.80787E-1 4.19175E-1 3.81526E-1 1.71281E-1 2.04195E-1 8.13008E-2 6.17205E-2 7.42958E-2 8.7908E-2 6.11223E-2 7.29202E-2 8.03887E-2 2.10671E-2 2.40355E-3 1.29532E-3 1.42652E-2
-9999 -9999 -9999 -9999 -9999 -9999 -9999 -9999 -9999 -9999 -9999 4.00544E-1 4.62347E-1 3.58508E-1 2.17536E-1 6.85093E-2 8.2623E-2 1.42716E-1 1.50862E-1 3.78128E-1 4.74702E-1 5.26901E-1 2.22881E-1 2.5495E-1 2.439E-1 3.26905E-1 2.25591E-1 1.1823E-1 1.97112E-1 -9999 -9999 -9999 -9999 -9999 -9999 -9999 -9999 -9999 -9999 -9999 -9999 -9999 -9999 -9999 -9999 -9999 -9999 -9999 -9999 -9999 -9999 -9999 -9999 1.00113E-1 1.33611E-1 2.77975E-1 6.69769E-1 6.25984E-1 5.04582E-1 3.14759E-1 2.71366E-1 3.02092E-1 3.44627E-1 4.51158E-1 5.29481E-1 3.17412E-1 1.67871E-1 5.57465E-2 1.24979E-1 1.74223E-1 2.02358E-1 2.72461E-1 7.90975E-2 6.59566E-2 2.94934E-2 1.90179E-2 9.77033E-3 4.1218E-2
-9999 -9999 -9999 -9999 -9999 -9999 -9999 -9999 -9999 -9999 4.38287E-1 4.15545E-1 3.46428E-1 2.29327E-1 1.484E-1 8.51166E-2 1.20477E-1 7.75144E-2 1.51395E-1 3.91658E-1 3.22312E-1 3.21507E-1 1.6808E-1 1.05018E-1 2.58337E-1 2.11724E-1 2.86299E-1 2.40876E-1 -9999 -9999 -9999 -9999 -9999 -9999 -9999 -9999 -9999 -9999 -9999 -9999 -9999 -9999 -9999 -9999 -9999 -9999 -9999 -9999 -9999 -9999 -9999 -9999 -9999 -9999 9.40391E-2 1.77095E-1 2.26117E-1 3.75581E-1 4.10029E-1 2.63211E-1 2.62807E-1 1.86119E-1 2.93604E-1 3.85558E-1 2.38127E-1 2.06474E-1 1.87279E-1 8.55125E-2 2.69777E-2 1.19716E-1 1.99758E-1 2.72915E-1 2.19576E-1 2.89351E-1 2.37959E-1 1.99363E-1 5.84412E-2 4.95835E-2
-9999 -9999 -9999 -9999 -9999 -9999 -9999 -9999 -9999 -9999 -9999 3.97923E-1 3.68778E-1 1.28385E-1 8.56685E-2 1.53367E-1 1.87643E-1 1.25419E-1 1.02352E-1 2.45177E-1 3.60767E-1 3.54375E-1 3.11887E-1 8.99414E-2 1.99756E-1 3.1658E-1 2.86032E-1 3.10512E-1 -9999 -9999 -9999 -9999 -9999 -9999 -9999 -9999 -9999 -9999 -9999 -9999 -9999 -9999 -9999 -9999 -9999 -9999 -9999 -9999 -9999 -9999 -9999 -9999 -9999 -9999 2.00658E-1 7.80078E-2 1.69806E-1 1.1156E-1 1.25144E-1 1.55754E-1 1.46471E-1 2.22826E-1 3.04593E-1 2.50631E-1 2.40408E-1 1.64468E-1 7.43608E-2 7.41305E-2 6.23299E-2 7.40855E-2 3.58233E-2 4.56854E-2 8.09467E-2 7.53206E-2 2.65741E-1 2.84384E-1 1.17622E-1 2.24465E-2
-9999 -9999 -9999 -9999 -9999 -9999 -9999 -9999 -9999 -9999 3.5466E-1 2.78312E-1 4.22514E-1 1.00057E-1 3.66495E-2 6.03213E-2 4.72657E-2 1.79968E-1 1.05145E-1 3.08152E-1 3.25272E-1 3.75407E-1 3.00875E-1 2.0301E-1 3.99643E-1 5.66549E-1 2.23312E-1 -9999 -9999 -9999 -9999 -9999 -9999 -9999 -9999 -9999 -9999 -9999 -9999 -9999 -9999 -9999 -9999 -9999 -9999 -9999 -9999 7.51105E-3 9.29379E-3 1.20302E-2 3.54443E-2 7.36507E-2 -9999 -9999 5.67607E-2 1.80311E-1 1.01524E-1 6.32495E-2 5.70638E-2 8.41382E-2 9.94645E-2 1.32665E-1 2.35832E-1 3.39051E-1 3.67189E-1 3.31819E-1 3.00205E-2 1.93015E-2 5.91485E-2 7.81901E-2 9.91331E-2 3.10646E-2 9.90932E-2 1.45086E-1 2.65894E-1 2.14268E-1 6.71265E-2 9.0954E-3
-9999 -9999 -9999 -9999 -9999 -9999 -9999 -9999 -9999 1.98785E-1 2.27916E-1 3.43457E-1 2.13973E-1 1.38903E-1 5.77289E-2 5.21377E-2 4.97838E-2 1.1944E-1 1.21337E-1 2.74335E-1 2.57847E-1 3.09648E-1 3.84475E-1 4.42689E-1 5.15802E-1 4.34799E-1 2.43132E-1 -9999 -9999 -9999 -9999 -9999 -9999 -9999 -9999 -9999 -9999 -9999 -9999 -9999 -9999 -9999 -9999 -9999 -9999 -9999 -9999 -9999 2.84101E-2 1.76708E-2 1.20718E-2 7.50914E-2 5.82371E-2 1.20442E-1 1.08942E-1 5.56015E-2 9.88465E-2 5.26559E-2 1.34005E-1 9.81625E-2 1.01555E-1 1.28942E-1 1.95292E-1 3.87772E-1 1.94628E-1 3.1378E-1 9.42927E-2 2.2476E-2 5.91691E-2 1.19552E-2 6.60508E-2 3.62616E-2 1.09059E-1 1.84382E-1 2.90693E-1 1.70891E-1 1.02292E-1 1.06022E-2
-9999 -9999 -9999 -9999 -9999 -9999 -9999 -9999 -9999 1.88056E-1 1.93714E-1 2.64783E-1 2.45798E-1 2.03785E-1 6.82369E-2 6.39052E-2 5.20521E-2 1.27746E-1 1.13045E-1 2.30891E-1 3.34549E-1 3.58734E-1 1.93017E-1 4.73897E-1 4.23186E-1 3.96683E-1 -9999 -9999 -9999 -9999 -9999 -9999 -9999 -9999 -9999 -9999 -9999 -9999 -9999 -9999 -9999 -9999 -9999 -9999 -9999 -9999 -9999 -9999 2.46287E-2 5.25871E-2 3.69364E-2 4.09616E-2 3.7109E-2 5.04414E-2 8.8605E-2 4.72021E-2 7.43896E-2 7.90396E-2 1.11535E-1 1.19487E-1 1.55006E-1 2.18123E-1 3.50517E-1 4.29325E-1 1.90926E-1 2.70354E-1 2.92803E-1 1.11108E-1 1.09597E-2 3.52829E-2 1.14775E-2 2.8727E-2 5.95177E-2 9.67248E-2 3.70579E-1 2.5116E-1 8.79179E-2 1.95287E-2
-9999 -9999 -9999 -9999 -9999 -9999 -9999 -9999 -9999 1.90275E-1 2.094E-1 4.00604E-1 3.26487E-1 1.21524E-1 5.19399E-2 4.60809E-2 4.41037E-2 7.3443E-2 1.87235E-1 1.85403E-1 3.14603E-1 4.19221E-1 4.94951E-1 3.97061E-1 1.03615E-1 1.56045E-1 -9999 -9999 -9999 -9999 -9999 -9999 -9999 -9999 -9999 -9999 -9999 -9999 -9999 -9999 -9999 -9999 -9999 -9999 -9999 -9999 -9999 -9999 1.15693E-1 1.88012E-1 8.30768E-2 1.98017E-1 5.44354E-2 1.75876E-1 1.19244E-1 9.34044E-2 1.68179E-1 2.01923E-1 3.36293E-1 3.28556E-1 3.45262E-1 2.94043E-1 3.98776E-1 4.20697E-1 2.75607E-1 3.41508E-1 3.46392E-1 3.18367E-1 8.49203E-2 1.19557E-2 5.34383E-2 6.30815E-2 1.56767E-1 1.21218E-1 1.05865E-1 1.81735E-1 1.38625E-1 4.09657E-2
-9999 -9999 -9999 -9999 -9999 -9999 -9999 -9999 -9999 1.96633E-1 2.18227E-1 3.87072E-1 3.42628E-1 2.37114E-1 1.08501E-1 1.0174E-1 6.50873E-2 5.96363E-2 2.11605E-1 1.7113E-1 2.12855E-1 3.5153E-1 1.81141E-1 1.52577E-1 8.68016E-2 -9999 -9999 -9999 -9999 -9999 -9999 -9999 -9999 -9999 -9999 -9999 -9999 -9999 -9999 -9999 -9999 -9999 -9999 -9999 -9999 -9999 -9999 -9999 2.24187E-1 2.0382E-1 2.01742E-1 1.10012E-1 1.81337E-1 3.51831E-1 1.79719E-1 4.22139E-1 3.59742E-1 4.23192E-1 4.99527E-1 5.1656E-1 5.33397E-1 5.16744E-1 3.67855E-1 3.73651E-1 5.1416E-1 4.77924E-1 2.76663E-1 1.9007E-1 1.59106E-1 7.91626E-2 3.42437E-2 1.52861E-1 1.28322E-1 2.08449E-1 1.35316E-1 1.66201E-1 2.2008E-1 9.81129E-2
-9999 -9999 -9999 -9999 -9999 -9999 -9999 -9999 2.49046E-1 -9999 4.28789E-1 4.00107E-1 5.179E-1 2.75855E-1 1.58412E-1 1.34916E-1 1.95111E-1 1.39096E-1 1.62549E-1 1.79103E-1 2.01361E-1 2.7001E-1 1.23862E-1 1.25708E-1 2.47531E-1 -9999 -9999 -9999 -9999 -9999 -9999 -9999 -9999 -9999 -9999 -9999 -9999 -9999 -9999 -9999 -9999 -9999 -9999 -9999 -9999 -9999 -9999 -9999 1.10901E-1 2.18488E-1 2.53679E-1 1.78934E-1 9.5825E-2 2.71849E-1 2.60665E-1 2.56744E-1 3.26057E-1 3.46782E-1 3.60532E-1 3.37406E-1 6.51302E-1 6.4355E-1 4.73021E-1 5.3746E-1 4.72624E-1 3.55589E-1 3.44846E-1 3.45838E-1 2.52931E-1 2.01426E-1 7.65762E-2 4.37759E-2 6.38932E-2 9.45443E-2 6.0784E-2 5.4063E-2 4.9864E-2 1.6028E-2
-9999 -9999 -9999 -9999 -9999 -9999 -9999 -9999 -9999 -9999 8.01239E-1 5.65347E-1 3.04834E-1 2.19695E-1 1.1246E-1 7.2638E-2 1.23579E-1 1.21609E-1 1.40775E-1 1.19875E-1 2.10859E-1 1.11932E-1 1.42555E-1 1.32901E-1 2.23879E-1 -9999 -9999 -9999 -9999 -9999 -9999 -9999 -9999 -9999 -9999 -9999 -9999 -9999 -9999 -9999 -9999 -9999 -9999 -9999 -9999 -9999 -9999 -9999 -9999 -9999 9.76166E-2 1.35594E-1 -9999 1.88788E-1 1.96453E-1 1.87822E-1 1.96644E-1 4.06674E-1 2.65648E-1 3.65728E-1 5.91188E-1 3.4243E-1 5.27417E-1 4.46707E-1 3.50098E-1 6.00688E-1 5.92231E-1 5.78921E-1 5.24023E-1 2.40706E-1 6.43214E-2 2.09659E-2 1.35984E-2 4.19419E-2 3.42105E-2 3.93518E-2 4.92765E-2 2.12739E-2
-9999 -9999 -9999 -9999 -9999 -9999 -9999 -9999 -9999 -9999 7.17838E-1 5.61435E-1 3.0852E-1 1.52429E-1 8.49352E-2 4.3219E-2 5.39509E-2 1.18219E-1 9.23015E-2 8.87648E-2 1.61037E-1 9.38698E-2 1.63411E-1 1.75386E-1 2.03113E-1 -9999 -9999 -9999 -9999 -9999 -9999 -9999 -9999 -9999 -9999 -9999 -9999 -9999 -9999 -9999 -9999 -9999 -9999 -9999 -9999 -9999 -9999 -9999 -9999 -9999 -9999 -9999 -9999 1.40551E-1 1.77432E-1 1.54049E-1 1.98305E-1 2.6285E-1 2.84555E-1 6.19501E-1 6.95424E-1 6.30425E-1 3.2496E-1 2.57082E-1 3.43157E-1 5.92916E-1 4.93431E-1 6.50794E-1 6.37404E-1 2.37499E-1 2.59505E-2 1.20879E-2 9.34415E-3 4.90235E-3 5.52878E-3 7.06388E-3 3.23481E-2 1.21161E-2
-9999 -9999 -9999 -9999 -9999 -9999 -9999 -9999 -9999 8.87483E-1 5.14298E-1 3.91695E-1 5.43284E-1 1.86117E-1 1.20437E-1 5.61685E-2 5.9005E-2 1.10009E-1 1.58401E-1 2.11619E-1 1.35532E-1 1.14521E-1 1.01593E-1 1.95282E-1 -9999 -9999 -9999 -9999 -9999 -9999 -9999 -9999 -9999 -9999 -9999 -9999 -9999 -9999 -9999 -9999 -9999 -9999 -9999 -9999 -9999 -9999 -9999 -9999 -9999 -9999 -9999 -9999 8.55593E-2 1.01001E-1 1.4302E-1 3.2914E-1 3.6217E-1 2.77278E-1 2.45297E-1 3.21465E-1 4.36059E-1 3.54627E-1 1.71465E-1 1.81786E-1 3.20884E-1 4.5022E-1 5.94636E-1 6.02264E-1 6.87321E-1 2.21303E-1 3.62949E-2 4.54986E-2 3.50596E-3 6.61572E-3 4.09422E-3 9.79122E-3 1.28639E-2 4.8788E-3
-9999 -9999 -9999 -9999 -9999 -9999 -9999 -9999 -9999 8.17646E-1 6.4217E-1 5.95517E-1 1.78121E-1 2.18874E-1 2.0913E-1 1.19692E-1 6.82941E-2 8.81198E-2 1.24791E-1 2.56192E-1 2.18354E-1 1.71789E-1 6.57775E-2 -9999 -9999 -9999 -9999 -9999 -9999 -9999 -9999 -9999 -9999 -9999 -9999 -9999 -9999 -9999 -9999 -9999 -9999 -9999 -9999 -9999 -9999 -9999 -9999 -9999 -9999 -9999 -9999 -9999 -9999 -9999 -9999 1.22886E-1 1.07716E-1 7.11073E-2 8.49864E-2 2.03583E-1 2.24915E-1 2.28523E-1 1.21912E-1 1.54042E-1 2.7923E-1 4.35717E-1 3.52571E-1 3.69057E-1 1.98167E-1 7.33218E-2 3.54231E-2 2.74693E-2 9.50597E-3 1.1401E-2 2.63997E-3 4.37273E-3 6.75052E-3 6.09682E-3
-9999 -9999 -9999 -9999 -9999 -9999 -9999 -9999 -9999 7.25902E-1 6.67624E-1 3.74716E-1 2.06113E-1 2.32729E-1 1.08405E-1 1.25173E-1 1.52884E-1 2.05874E-1 2.91143E-1 3.86566E-1 2.34343E-1 1.90746E-1 1.67338E-1 -9999 -9999 -9999 -9999 -9999 -9999 -9999 -9999 -9999 -9999 -9999 -9999 -9999 -9999 -9999 -9999 -9999 -9999 -9999 -9999 -9999 -9999 -9999 -9999 -9999 -9999 -9999 -9999 -9999 -9999 1.32466E-1 1.42624E-1 6.56274E-2 7.08235E-2 8.70448E-2 9.10802E-2 7.42498E-2 1.26133E-1 1.32989E-1 1.348E-1 1.66279E-1 8.30147E-2 1.53948E-1 1.92349E-1 5.49074E-2 1.05814E-1 8.20318E-2 3.43315E-2 1.4615E-2 6.0802E-3 5.00569E-3 1.0829E-2 1.24803E-2 9.84407E-3 2.20421E-2
9.83048E-1 -9999 -9999 -9999 -9999 -9999 -9999 -9999 -9999 6.64195E-1 6.75307E-1 5.29948E-1 2.37393E-1 2.57887E-1 2.16072E-1 1.73674E-1 1.69246E-1 3.70766E-1 3.38268E-1 3.82666E-1 2.42178E-1 3.13436E-1 4.04702E-1 -9999 -9999 -9999 -9999 -9999 -9999 -9999 -9999 -9999 -9999 -9999 -9999 -9999 -9999 -9999 -9999 -9999 -9999 -9999 -9999 -9999 -9999 -9999 -9999 -9999 -9999 -9999 -9999 -9999 -9999 1.63769E-1 1.24129E-1 1.23575E-1 1.16784E-1 1.12955E-1 1.49089E-1 1.458E-1 9.81705E-2 1.21558E-1 8.81125E-2 5.21453E-2 9.07486E-2 1.05537E-1 1.18823E-1 1.11681E-1 2.48682E-2 1.71703E-2 2.24438E-2 5.70414E-3 4.14293E-3 7.17695E-3 1.92024E-2 2.25029E-2 2.21717E-2 4.08496E-2
9.05013E-1 8.69898E-1 -9999 -9999 -9999 -9999 -9999 -9999 -9999 -9999 5.65651E-1 4.14364E-1 2.89513E-1 3.38899E-1 3.13089E-1 2.44195E-1 1.58991E-1 3.85502E-1 5.0513E-1 4.78431E-1 4.02489E-1 3.55197E-1 4.94022E-1 3.30479E-1 -9999 -9999 -9999 -9999 -9999 -9999 -9999 -9999 -9999 -9999 -9999 -9999 -9999 -9999 -9999 -9999 -9999 -9999 -9999 -9999 -9999 -9999 -9999 -9999 -9999 -9999 -9999 -9999 -9999 -9999 2.60759E-1 1.4293E-1 1.71067E-1 1.48784E-1 1.461E-1 1.86605E-1 4.47166E-1 4.08198E-1 2.59489E-1 1.18486E-1 7.045E-2 1.12442E-1 9.46396E-2 7.44145E-2 7.63563E-2 5.45071E-2 1.233E-2 5.94643E-3 8.33519E-3 1.4399E-2 2.75679E-2 3.90249E-2 4.09962E-2 9.46882E-2
8.94568E-1 7.23541E-1 7.0308E-1 -9999 -9999 -9999 -9999 -9999 -9999 -9999 6.26146E-1 6.61816E-1 7.46855E-1 2.59352E-1 3.65498E-1 2.61795E-1 1.76212E-1 2.45604E-1 2.32013E-1 3.53957E-1 2.94404E-1 3.33695E-1 2.39337E-1 -9999 -9999 -9999 -9999 -9999 -9999 -9999 -9999 -9999 -9999 -9999 -9999 -9999 -9999 -9999 -9999 -9999 -9999 -9999 -9999 -9999 -9999 -9999 -9999 -9999 -9999 -9999 -9999 -9999 -9999 -9999 1.80307E-1 2.56311E-1 2.02534E-1 1.99795E-1 1.86417E-1 2.89496E-1 4.93632E-1 5.76126E-1 4.87758E-1 2.80393E-1 1.82394E-1 1.15576E-1 5.66481E-2 4.30533E-2 2.98191E-2 5.19441E-2 3.39486E-2 1.06333E-2 1.10784E-2 1.32192E-2 1.66007E-2 2.19105E-2 3.85865E-2 1.24752E-1
9.12669E-1 8.68893E-1 7.8634E-1 5.3512E-1 5.8544E-1 -9999 -9999 -9999 -9999 -9999 5.02293E-1 5.78072E-1 6.51965E-1 3.63815E-1 2.67122E-1 2.98999E-1 2.43793E-1 3.30221E-1 3.45974E-1 2.12377E-1 2.29451E-1 2.88093E-1 2.00911E-1 -9999 -9999 -9999 -9999 -9999 -9999 -9999 -9999 -9999 -9999 -9999 -9999 -9999 -9999 -9999 -9999 -9999 -9999 -9999 -9999 -9999 -9999 -9999 -9999 -9999 -9999 -9999 -9999 -9999 -9999 -9999 1.7812E-1 1.52242E-1 2.86168E-1 2.61209E-1 1.73481E-1 3.19859E-1 4.7576E-1 4.66771E-1 5.01945E-1 6.40314E-1 2.19506E-1 1.95171E-1 6.36419E-2 4.40628E-2 1.82961E-2 4.82278E-2 4.36707E-2 8.55937E-3 1.05761E-2 1.54093E-2 2.09193E-2 2.65019E-2 2.56855E-2 1.41265E-1
8.64051E-1 7.37425E-1 8.39331E-1 7.98673E-1 5.07944E-1 5.20581E-1 -9999 -9999 -9999 -9999 6.04493E-1 4.4388E-1 3.57342E-1 2.58059E-1 3.16504E-1 2.189E-1 4.96013E-1 5.02486E-1 3.96476E-1 2.73391E-1 2.03363E-1 4.14229E-1 -9999 -9999 -9999 -9999 -9999 -9999 -9999 -9999 -9999 -9999 -9999 -9999 -9999 -9999 -9999 -9999 -9999 -9999 -9999 -9999 -9999 -9999 -9999 -9999 -9999 -9999 -9999 -9999 -9999 -9999 -9999 -9999 2.47261E-1 2.31341E-1 3.54722E-1 3.77429E-1 3.16217E-1 4.53387E-1 6.91461E-1 7.44569E-1 7.99467E-1 7.29217E-1 5.51586E-1 2.85778E-1 8.26383E-2 8.35893E-2 5.00937E-2 3.92154E-2 3.26145E-2 6.45826E-3 1.62341E-2 6.99892E-3 1.54336E-2 1.02375E-2 1.12613E-2 1.96296E-1
