ENM/Final_Models/M_1_F_lqp_Set_1_NE/Gustavia_santanderiensis_2_Choco_novel.asc
ncols         367
nrows         963
xllcorner     -78.6
yllcorner     0.65
cellsize      0.00833333333333323
NODATA_value  -9999
[rows 780 to 809 of 963, columns 0 to 67 of 367]
-9999 5.98743E-2 -1.04167E0 5.98743E-2 5.98743E-2 5.98743E-2 -1.04167E0 -2.7027E0 5.98743E-2 5.98743E-2 5.98743E-2 5.98743E-2 1.99581E-2 -1.08108E0 1.99581E-2 1.99581E-2 1.99581E-2 -4.32432E0 -5.40541E-1 -1.45946E1 -2.16216E0 -8.10811E0 -9.18919E0 -9.72973E0 -1.08108E1 -2E1 -4.10811E1 -3.35135E1 -3.40541E1 -3.51351E1 -4.54054E1 -3.67568E1 -3.78378E1 -1.24333E1 -1.83784E1 -2.75676E1 -2.86486E1 -2.05405E1 -2.97297E1 -4.32432E1 -3.13514E1 -4.43243E1 -4.54054E1 -4.59459E1 -5.78378E1 -6.05405E1 -5.94595E1 -6E1 -6.05405E1 -6.37838E1 -6.48649E1 -6.54054E1 -7.2973E1 -7.94595E1 -7.18919E1 -7.24324E1 -6.54054E1 -7.2973E1 -7.35135E1 -7.35135E1 -7.24324E1 -5.78378E1 -7.13513E1 -7.35135E1 -8E1 -6.21622E1 -7.24324E1 -7.24324E1
-9999 5.98743E-2 5.98743E-2 5.98743E-2 -1.04167E0 5.98743E-2 -1.04165E0 5.98743E-2 5.98743E-2 5.98743E-2 5.98743E-2 5.98743E-2 1.99581E-2 1.99581E-2 -5.40541E-1 -1.62162E0 1.99581E-2 -3.24324E0 1.99581E-2 -1.08108E0 -7.56757E0 -8.10811E0 -9.18919E0 -9.72973E0 -1.89189E1 -3.13514E1 -4.05405E1 -2.10811E1 -2.21622E1 -3.45946E1 -3.62162E1 -3.67568E1 -2.54054E1 -3.83784E1 -3.89189E1 -4E1 -4.05405E1 -2.05405E1 -1.56757E1 -2.16216E1 -3.13514E1 -4.43243E1 -4.48649E1 -4.59459E1 -5.72973E1 -5.83784E1 -6.05405E1 -6.16216E1 -6.16216E1 -6.32432E1 -6.43243E1 -6.48649E1 -7.24324E1 -7.35135E1 -7.18919E1 -6.81081E1 -7.35135E1 -7.2973E1 -7.2973E1 -8.10811E1 -7.78378E1 -7.35135E1 -7.02703E1 -6.59459E1 -5.2973E1 -7.02703E1 -7.18919E1 -7.24324E1
-9999 -1.04167E0 -1.04167E0 -1.04167E0 -1.04167E0 -1.04167E0 5.98743E-2 5.98743E-2 5.98743E-2 5.98743E-2 7.98324E-2 1.99581E-2 5.98743E-2 -8.10811E0 -5.40541E-1 -1.08108E0 1.99581E-2 1.99581E-2 -5.40541E0 -6.48649E0 -1.51351E1 -1.56757E1 -1.67568E1 -1.78378E1 -2.97297E1 -1.94595E1 -3.18919E1 -3.24324E1 -3.35135E1 -3.45946E1 -3.51351E1 -3.67568E1 -3.72973E1 -3.78378E1 -3.89189E1 -1.89189E1 -1.94595E1 -2.05405E1 -2.97297E1 -3.02703E1 -3.13514E1 -3.18919E1 -4.48649E1 -4.54054E1 -4.64865E1 -4.7027E1 -5.89189E1 -5.94595E1 -6.21622E1 -6.21622E1 -6.37838E1 -6.37838E1 -6.43243E1 -5.56757E1 -6.59459E1 -6.43243E1 -5.94595E1 -5.94595E1 -5.94595E1 -7.2973E1 -8.54054E1 -7.24324E1 -7.24324E1 -5.78378E1 -7.18919E1 -7.18919E1 -6.48649E1 -6.48649E1
-9999 -1.04167E0 -1.04167E0 5.98743E-2 5.98743E-2 -1.04167E0 5.98743E-2 5.98743E-2 1.59665E-1 5.98743E-2 1.99581E-2 1.99581E-2 1.99581E-2 1.99581E-2 -1.62162E0 -2.16216E0 1.99581E-2 1.99581E-2 -4.86486E0 -1.35135E1 -2.48649E1 -2.59459E1 -1.62162E1 -1.72973E1 -1.83784E1 -1.89189E1 -2E1 -2.10811E1 -2.21622E1 -2.32432E1 -3.51351E1 -3.62162E1 -3.67568E1 -2.59459E1 -2.64865E1 -1.89189E1 -2.81081E1 -2.05405E1 -2.10811E1 -3.02703E1 -3.08108E1 -3.18919E1 -3.24324E1 -4.54054E1 -4.59459E1 -4.7027E1 -6.54054E1 -6.59459E1 -6.16216E1 -6.27027E1 -6.32432E1 -6.43243E1 -6.43243E1 -6.48649E1 -6.32432E1 -6.37838E1 -6.86487E1 -6E1 -5.94595E1 -5.94595E1 -7.35135E1 -5.89189E1 -5.89189E1 -5.89189E1 -7.24324E1 -6.54054E1 -6.48649E1 -6.48649E1
-9999 5.98743E-2 5.98743E-2 5.98743E-2 5.98743E-2 -1.04167E0 5.98743E-2 5.98743E-2 1.19749E-1 5.98743E-2 1.99581E-2 -5.40541E0 -6.48649E0 -7.56757E0 -8.10811E0 -9.18919E0 -1.02703E1 -3.78378E0 -1.24324E1 -1.35135E1 -1.40541E1 -1.51351E1 -1.62162E1 -9.18919E0 -1.78378E1 -2.97297E1 -3.02703E1 -2.05405E1 -2.16216E1 -2.27027E1 -3.45946E1 -2.43243E1 -2.48649E1 -2.59459E1 -2.64865E1 -3.89189E1 -3.94595E1 -2.86486E1 -2.91892E1 -3.02703E1 -3.08108E1 -3.13514E1 -3.18919E1 -3.2973E1 -4.59459E1 -5.72973E1 -6.54054E1 -6.59459E1 -6.64865E1 -6.86487E1 -6.97297E1 -6.86487E1 -6.48649E1 -6.54054E1 -6.64865E1 -6.75676E1 -6.81081E1 -6.05405E1 -6.05405E1 -6.43243E1 -6E1 -7.2973E1 -5.89189E1 -5.89189E1 -5.89189E1 -7.13513E1 -7.18919E1 -7.2973E1
-9999 5.98743E-2 5.98743E-2 5.98743E-2 5.98743E-2 5.98743E-2 5.98743E-2 1.99581E-1 5.98743E-2 9.97904E-2 1.99581E-2 -4.86486E0 -5.94595E0 1.99581E-2 -5.40541E-1 -1.62162E0 -2.7027E0 -1.02703E1 -2.16216E1 -2.37838E1 -6.48649E0 -7.02703E0 -1.56757E1 -1.67568E1 -9.72973E0 -1.83784E1 -1.94595E1 -2.05405E1 -2.10811E1 -2.21622E1 -1.45946E1 -1.56757E1 -1.62162E1 -2.54054E1 -2.64865E1 -3.89189E1 -4.91892E1 -4.05405E1 -3.08108E1 -3.02703E1 -3.08108E1 -1.72973E1 -3.18919E1 -3.2973E1 -3.35135E1 -5.67568E1 -5.89189E1 -6E1 -7.2973E1 -7.40541E1 -7.40541E1 -7.02703E1 -6.43243E1 -6.54054E1 -6.48649E1 -6.32432E1 -6.37838E1 -6.10811E1 -6.10811E1 -6.05405E1 -7.24324E1 -6.48649E1 -6.43243E1 -5.94595E1 -5.94595E1 -5.89189E1 -5.83784E1 -7.24324E1
-9999 5.98743E-2 5.98743E-2 5.98743E-2 5.98743E-2 5.98743E-2 5.98743E-2 5.98743E-2 5.98743E-2 5.98743E-2 3.99162E-2 1.99581E-2 -5.40541E0 -6.48649E0 1.99581E-2 -1.08108E0 -2.16216E0 -3.24324E0 -1.18919E1 -2.21622E1 -1.35135E1 -1.45946E1 -1.51351E1 -8.64865E0 -9.72973E0 -1.02703E1 -1.94595E1 -2E1 -2.10811E1 -1.40541E1 -1.45946E1 -2.32432E1 -2.43243E1 -2.54054E1 -2.59459E1 -3.83784E1 -4.81081E1 -4.05405E1 -4.10811E1 -4.21622E1 -4.27027E1 -2.27027E1 -3.18919E1 -3.24324E1 -4.54054E1 -5.67568E1 -5.78378E1 -5.94595E1 -7.24324E1 -7.35135E1 -7.51351E1 -6.32432E1 -6.43243E1 -6.48649E1 -6.59459E1 -6.54054E1 -6.37838E1 -5.24324E1 -6.37838E1 -6.43243E1 -7.13513E1 -6.37838E1 -7.13513E1 -5.94595E1 -7.24324E1 -7.2973E1 -7.2973E1 -7.18919E1
5.98743E-2 5.98743E-2 5.98743E-2 5.98743E-2 5.98743E-2 5.98743E-2 5.98743E-2 2.39497E-1 7.98324E-2 5.98743E-2 5.98743E-2 -3.78378E0 -5.40541E0 -6.48649E0 -7.02703E0 -7.56757E0 5.98743E-2 -2.7027E0 -1.62162E0 -4.86486E0 -1.2973E1 -1.40541E1 -1.51351E1 -8.64865E0 -4.32432E0 -1.02703E1 -5.94595E0 -7.02703E0 -8.10811E0 -2.16216E1 -2.27027E1 -3.45946E1 -2.37838E1 -2.48649E1 -2.59459E1 -3.83784E1 -4.75676E1 -4.91892E1 -4.97297E1 -4.16216E1 -4.27027E1 -3.13514E1 -3.18919E1 -4.48649E1 -5.67568E1 -5.72973E1 -5.83784E1 -5.94595E1 -6.05405E1 -6.7027E1 -7.45946E1 -6.91892E1 -6.37838E1 -6.48649E1 -7.18919E1 -7.02703E1 -6.32432E1 -5.24324E1 -6.37838E1 -6.81081E1 -6.43243E1 -6.43243E1 -6.43243E1 -7.18919E1 -6.43243E1 -6.16216E1 -6.21622E1 -6.43243E1
5.98743E-2 5.98743E-2 5.98743E-2 5.98743E-2 5.98743E-2 5.98743E-2 5.98743E-2 5.98743E-2 5.98743E-2 5.98743E-2 5.98743E-2 1.99581E-2 -4.32432E0 -5.94595E0 -7.02703E0 -5.40541E-1 -1.62162E0 1.99581E-2 -1.62162E0 -1.08108E1 -1.2973E1 -1.40541E1 -2.7027E0 -1.62162E1 -9.18919E0 -5.40541E0 -1.08108E1 -1.18919E1 -1.2973E1 -2.16216E1 -2.27027E1 -2.32432E1 -3.56757E1 -2.48649E1 -2.59459E1 -3.83784E1 -4.7027E1 -4.91892E1 -5.02703E1 -5.02703E1 -4.27027E1 -5.18919E1 -4.48649E1 -4.59459E1 -4.54054E1 -6.27027E1 -5.78378E1 -5.78378E1 -6.59459E1 -5.89189E1 -6.16216E1 -6.16216E1 -6.21622E1 -6.32432E1 -6.54054E1 -6.59459E1 -5.67568E1 -5.72973E1 -5.24324E1 -5.83784E1 -6.81081E1 -6.86487E1 -7.13513E1 -7.18919E1 -7.24324E1 -6.54054E1 -7.18919E1 -7.18919E1
5.98743E-2 5.98743E-2 5.98743E-2 5.98743E-2 5.98743E-2 5.98743E-2 5.98743E-2 1.59665E-1 5.98743E-2 1.59665E-1 -1.62162E0 -3.24324E0 -4.32432E0 -5.40541E0 -5.40541E0 -6.48649E0 1.99581E-2 -2.16216E0 -3.24324E0 -1.02703E1 -3.24324E0 -1.24324E1 -4.86486E0 -5.94595E0 -2.54054E1 -1.78378E1 -1.83784E1 -1.94595E1 -2.05405E1 -2.10811E1 -3.35135E1 -3.40541E1 -2.43243E1 -3.62162E1 -3.72973E1 -3.72973E1 -3.89189E1 -4.86486E1 -4.97297E1 -4.97297E1 -4.27027E1 -5.18919E1 -5.2973E1 -4.48649E1 -4.64865E1 -5.56757E1 -5.78378E1 -5.72973E1 -5.83784E1 -5.94595E1 -6E1 -6.10811E1 -6.21622E1 -6.27027E1 -6.37838E1 -6.59459E1 -6.64865E1 -6.75676E1 -6.32432E1 -5.83784E1 -6.97297E1 -7.51351E1 -7.24324E1 -6.48649E1 -6.48649E1 -7.35135E1 -7.2973E1 -7.24324E1
5.98743E-2 5.98743E-2 5.98743E-2 5.98743E-2 5.98743E-2 5.98743E-2 5.98743E-2 5.98743E-2 7.98324E-2 5.98743E-2 -1.08108E0 -2.7027E0 -3.78378E0 -4.86486E0 -4.86486E0 -5.94595E0 -1.08108E0 -9.18919E0 -2E1 -1.13514E1 -1.13514E1 -3.78378E0 -1.2973E1 -1.40541E1 -1.51351E1 -2.64865E1 -2.91892E1 -2.97297E1 -3.08108E1 -1.35135E1 -3.2973E1 -4.05405E1 -3.51351E1 -3.62162E1 -3.67568E1 -3.72973E1 -2.75676E1 -4E1 -4.91892E1 -5.02703E1 -5.13514E1 -5.13514E1 -5.2973E1 -4.43243E1 -5.51351E1 -5.62162E1 -5.62162E1 -5.72973E1 -5.78378E1 -6E1 -6E1 -6.10811E1 -6.32432E1 -6.37838E1 -6.32432E1 -6.43243E1 -6.48649E1 -6.7027E1 -6.64865E1 -6.7027E1 -6.48649E1 -7.94595E1 -7.72973E1 -7.18919E1 -7.35135E1 -7.40541E1 -7.35135E1 -7.35135E1
-9999 5.98743E-2 5.98743E-2 5.98743E-2 5.98743E-2 5.98743E-2 1.99581E-1 1.99581E-1 9.97904E-2 1.99581E-2 -1.08108E0 -1.02703E1 -1.24324E1 -1.35135E1 -5.40541E0 1.99581E-2 -5.40541E-1 -8.64865E0 -9.72973E0 -9.72973E0 -1.08108E1 -1.18919E1 -7.02703E0 -8.10811E0 -1.51351E1 -2.59459E1 -2.86486E1 -2.97297E1 -3.08108E1 -1.35135E1 -2.21622E1 -4.10811E1 -3.45946E1 -3.45946E1 -2.59459E1 -3.78378E1 -2.75676E1 -2.81081E1 -5.56757E1 -5.94595E1 -6.05405E1 -5.72973E1 -5.83784E1 -5.40541E1 -6.05405E1 -5.62162E1 -5.72973E1 -5.67568E1 -5.78378E1 -6E1 -6.10811E1 -6.16216E1 -6.27027E1 -6.37838E1 -6.32432E1 -6.37838E1 -7.24324E1 -6.7027E1 -6.75676E1 -6.86487E1 -7.13513E1 -7.67568E1 -7.78378E1 -7.83784E1 -7.89189E1 -7.2973E1 -6.59459E1 -8.05405E1
-9999 5.98743E-2 5.98743E-2 5.98743E-2 5.98743E-2 5.98743E-2 2.39497E-1 5.98743E-2 9.97904E-2 7.98324E-2 -5.40541E-1 -5.40541E-1 -1.02703E1 -1.13514E1 -5.40541E0 -6.48649E0 -5.40541E-1 -1.62162E0 -9.72973E0 -9.18919E0 -1.02703E1 -1.2973E1 -1.40541E1 -7.56757E0 -1.45946E1 -1.72973E1 -2.64865E1 -1.89189E1 -2E1 -2.10811E1 -3.24324E1 -2.32432E1 -3.2973E1 -3.56757E1 -3.51351E1 -3.78378E1 -4.54054E1 -3.94595E1 -5.35135E1 -5.45946E1 -5.72973E1 -6.16216E1 -5.78378E1 -5.35135E1 -5.45946E1 -5.56757E1 -5.56757E1 -5.67568E1 -5.72973E1 -6.54054E1 -6.64865E1 -6.75676E1 -6.27027E1 -6.32432E1 -6.27027E1 -6.37838E1 -6.43243E1 -6.64865E1 -6.32432E1 -6.81081E1 -7.08108E1 -7.67568E1 -7.83784E1 -7.83784E1 -7.89189E1 -7.18919E1 -7.24324E1 -8.05405E1
-9999 5.98743E-2 5.98743E-2 5.98743E-2 5.98743E-2 2.39497E-1 1.59665E-1 2.39497E-1 1.79623E-1 7.98324E-2 -8.64865E0 -1.08108E0 -2.7027E0 -2.16216E0 -3.24324E0 -4.32432E0 1.99581E-2 -6.48649E0 -9.18919E0 -3.24324E0 -1.13514E1 -1.24324E1 -2.10811E1 -1.45946E1 -1.40541E1 -1.67568E1 -1.78378E1 -1.89189E1 -2E1 -2.91892E1 -3.78378E1 -3.18919E1 -2.27027E1 -4.16216E1 -4.27027E1 -4.37838E1 -4.48649E1 -3.94595E1 -4.81081E1 -4.91892E1 -5.51351E1 -5.62162E1 -5.72973E1 -5.35135E1 -5.35135E1 -5.45946E1 -5.51351E1 -5.72973E1 -5.72973E1 -5.94595E1 -6.05405E1 -6.7027E1 -6.64865E1 -6.05405E1 -6.27027E1 -6.16216E1 -6.27027E1 -6.64865E1 -6.97297E1 -7.83784E1 -8.27027E1 -7.08108E1 -7.89189E1 -7.13513E1 -7.13513E1 -7.89189E1 -7.89189E1 -8.05405E1
-9999 5.98743E-2 5.98743E-2 5.98743E-2 5.98743E-2 5.98743E-2 2.39497E-1 1.19749E-1 -5.94595E0 -7.02703E0 -1.35135E1 -1.08108E0 -2.16216E0 1.99581E-2 3.99162E-2 -3.78378E0 1.99581E-2 1.99581E-2 -9.18919E0 -3.24324E0 -4.32432E0 -5.40541E0 -6.48649E0 -1.45946E1 -2.32432E1 -1.51351E1 -1.02703E1 -1.72973E1 -1.02703E1 -1.94595E1 -3.02703E1 -3.13514E1 -4E1 -3.51351E1 -4.32432E1 -4.43243E1 -4.97297E1 -5.2973E1 -4.86486E1 -4.97297E1 -5.08108E1 -5.72973E1 -5.24324E1 -5.18919E1 -4.48649E1 -4.59459E1 -5.51351E1 -5.62162E1 -6.32432E1 -6.43243E1 -6.59459E1 -5.94595E1 -6.21622E1 -6.16216E1 -6.21622E1 -6.81081E1 -6.21622E1 -6.91892E1 -6.91892E1 -7.78378E1 -7.02703E1 -7.83784E1 -7.13513E1 -7.18919E1 -7.89189E1 -7.08108E1 -6.32432E1 -7.18919E1
-9999 -9999 5.98743E-2 1.19749E-1 1.99581E-2 9.97904E-2 1.99581E-1 1.99581E-2 -4.32432E0 1.99581E-2 1.99581E-2 -5.40541E-1 1.19749E-1 1.99581E-2 -2.16216E0 -5.40541E0 1.99581E-2 -5.40541E-1 -8.64865E0 -9.72973E0 -1.08108E1 -5.40541E0 -5.94595E0 -1.24324E1 -2.27027E1 -1.45946E1 -7.56757E0 -1.67568E1 -2.75676E1 -2.86486E1 -2.97297E1 -3.83784E1 -4.05405E1 -4.16216E1 -4.27027E1 -4.81081E1 -4.97297E1 -5.08108E1 -5.18919E1 -4.86486E1 -5.45946E1 -5.56757E1 -5.08108E1 -4.37838E1 -5.2973E1 -6E1 -6.10811E1 -6.27027E1 -6.32432E1 -6.43243E1 -6.48649E1 -6.10811E1 -6.16216E1 -6.86487E1 -6.7027E1 -7.56757E1 -7.72973E1 -6.86487E1 -6.91892E1 -6.27027E1 -7.02703E1 -7.78378E1 -7.08108E1 -7.13513E1 -7.13513E1 -7.02703E1 -6.32432E1 -6.32432E1
-9999 -9999 5.98743E-2 1.59665E-1 5.98743E-2 2.39497E-1 7.98324E-2 5.98743E-2 1.99581E-2 9.97904E-2 1.99581E-2 1.99581E-2 -1.62162E0 1.99581E-2 -1.62162E0 -2.7027E0 -3.78378E0 -5.40541E0 -8.64865E0 -9.72973E0 -1.72973E1 -9.72973E0 -1.08108E1 -1.18919E1 -1.2973E1 -2.32432E1 -2.48649E1 -2.59459E1 -2.7027E1 -2.81081E1 -2.91892E1 -2.10811E1 -3.89189E1 -4.05405E1 -4.27027E1 -4.37838E1 -4.48649E1 -4.48649E1 -4.7027E1 -4.81081E1 -4.97297E1 -5.51351E1 -5.62162E1 -5.2973E1 -5.89189E1 -6E1 -6.10811E1 -5.67568E1 -6.32432E1 -5.89189E1 -5.83784E1 -6.05405E1 -6.59459E1 -6.64865E1 -6.7027E1 -6.75676E1 -6.86487E1 -7.24324E1 -6.7027E1 -6.91892E1 -7.02703E1 -6.32432E1 -6.32432E1 -6.32432E1 -5.35135E1 -6.37838E1 -6.27027E1 -6.27027E1
-9999 -9999 -9999 5.98743E-2 2.39497E-1 2.39497E-1 1.99581E-1 5.98743E-2 1.19749E-1 1.99581E-2 1.99581E-2 1.99581E-2 -7.02703E0 1.99581E-2 5.98743E-2 3.99162E-2 -3.78378E0 -1.2973E1 -1.45946E1 -1.83784E1 -1.67568E1 -4.86486E0 -3.24324E0 -4.32432E0 -8.10811E0 -2.32432E1 -2.7027E1 -3.24324E1 -2.97297E1 -2.81081E1 -2E1 -2.10811E1 -3.13514E1 -3.24324E1 -4.10811E1 -4.21622E1 -4.32432E1 -4.43243E1 -4.7027E1 -4.81081E1 -4.81081E1 -5.02703E1 -5.62162E1 -5.24324E1 -5.83784E1 -6.48649E1 -5.56757E1 -5.51351E1 -5.62162E1 -5.72973E1 -5.83784E1 -5.89189E1 -6.16216E1 -6.64865E1 -6.7027E1 -6.75676E1 -6.81081E1 -7.18919E1 -8E1 -8.10811E1 -7.78378E1 -6.91892E1 -6.97297E1 -7.02703E1 -5.2973E1 -7.78378E1 -7.02703E1 -6.91892E1
-9999 -9999 -9999 2.39497E-1 2.59455E-1 2.39497E-1 2.39497E-1 5.98743E-2 -2.16216E0 1.99581E-2 1.99581E-2 1.99581E-2 -5.40541E-1 9.97904E-2 1.99581E-2 -2.16216E0 -3.24324E0 -4.32432E0 -8.10811E0 -1.51351E1 -1.67568E1 -1.13514E1 -1.02703E1 -1.13514E1 -8.10811E0 -2.27027E1 -2.7027E1 -2.81081E1 -1.94595E1 -2.75676E1 -2.86486E1 -2.97297E1 -3.40541E1 -3.94595E1 -3.35135E1 -3.45946E1 -3.56757E1 -3.67568E1 -4.64865E1 -4.75676E1 -4.91892E1 -5.02703E1 -5.13514E1 -5.08108E1 -5.83784E1 -5.94595E1 -5.56757E1 -5.51351E1 -5.62162E1 -5.72973E1 -5.78378E1 -6.05405E1 -6E1 -6E1 -6.05405E1 -6.75676E1 -6.16216E1 -6.59459E1 -7.94595E1 -6.91892E1 -6.97297E1 -6.97297E1 -7.62162E1 -6.97297E1 -6.32432E1 -6.97297E1 -6.91892E1 -7.62162E1
-9999 -9999 -9999 1.59665E-1 1.59665E-1 1.19749E-1 9.97904E-2 -5.40541E-1 -1.62162E0 -2.7027E0 -3.78378E0 1.99581E-2 1.99581E-2 3.99162E-2 9.97904E-2 5.98743E-2 5.98743E-2 1.99581E-2 -7.56757E0 -1.45946E1 -2.27027E1 -1.72973E1 -1.83784E1 -1.13514E1 -1.24324E1 -1.62162E1 -1.72973E1 -2.48649E1 -1.94595E1 -2.05405E1 -2.16216E1 -3.24324E1 -3.78378E1 -3.89189E1 -3.2973E1 -3.40541E1 -3.56757E1 -3.67568E1 -3.78378E1 -4.64865E1 -4.75676E1 -4.86486E1 -5.08108E1 -5.08108E1 -5.2973E1 -5.45946E1 -5.40541E1 -5.51351E1 -5.62162E1 -5.67568E1 -5.78378E1 -6.05405E1 -6.16216E1 -5.13514E1 -5.18919E1 -6.10811E1 -6.16216E1 -6.21622E1 -6.86487E1 -6.91892E1 -7.72973E1 -7.83784E1 -7.78378E1 -6.32432E1 -5.35135E1 -6.32432E1 -6.97297E1 -7.56757E1
-9999 -9999 5.98743E-2 5.98743E-2 1.99581E-2 2.39497E-1 1.19749E-1 9.97904E-2 -1.08108E0 -3.78378E0 1.99581E-2 9.97904E-2 1.99581E-2 -1.08108E0 9.97904E-2 1.99581E-2 5.98743E-2 1.99581E-2 -1.08108E0 -2.16216E0 -1.02703E1 -1.13514E1 -1.83784E1 -1.94595E1 -1.18919E1 -1.2973E1 -1.45946E1 -2.43243E1 -1.94595E1 -2.7027E1 -3.13514E1 -3.72973E1 -3.02703E1 -3.45946E1 -3.2973E1 -3.40541E1 -3.51351E1 -3.62162E1 -3.78378E1 -2.10811E1 -4E1 -4.10811E1 -4.37838E1 -4.48649E1 -3.51351E1 -4.64865E1 -5.51351E1 -5.45946E1 -5.72973E1 -5.83784E1 -5.94595E1 -5.89189E1 -5.94595E1 -6.05405E1 -6.05405E1 -5.24324E1 -6.16216E1 -6.21622E1 -6.21622E1 -7.72973E1 -7.72973E1 -8.16216E1 -7.78378E1 -7.02703E1 -6.81081E1 -7.08108E1 -6.97297E1 -7.08108E1
-9999 -9999 -9999 -1.62162E0 -1.62162E0 1.99581E-2 1.19749E-1 9.97904E-2 1.99581E-2 -1.08108E0 -4.86486E0 9.97904E-2 5.98743E-2 5.98743E-2 1.59665E-1 7.98324E-2 5.98743E-2 1.99581E-2 1.99581E-2 1.99581E-2 1.99581E-2 1.99581E-2 -5.40541E0 -1.89189E1 -1.45946E1 -1.2973E1 -1.72973E1 -1.51351E1 -3.18919E1 -3.35135E1 -2.16216E1 -3.56757E1 -3.72973E1 -2.27027E1 -3.24324E1 -3.40541E1 -3.51351E1 -2.7027E1 -2.81081E1 -2.91892E1 -3.94595E1 -4.10811E1 -4.37838E1 -4.48649E1 -4.59459E1 -3.56757E1 -5.51351E1 -5.62162E1 -5.72973E1 -5.83784E1 -5.94595E1 -5.89189E1 -6.59459E1 -6.75676E1 -6.32432E1 -6.10811E1 -6.48649E1 -6.59459E1 -6.97297E1 -8E1 -8.10811E1 -8.21622E1 -7.78378E1 -7.78378E1 -7.78378E1 -7.78378E1 -7.62162E1 -7.02703E1
-9999 -9999 -9999 1.99581E-2 -1.62162E0 -2.16216E0 -3.24324E0 1.99581E-2 1.99581E-2 -3.24324E0 -4.32432E0 9.97904E-2 1.59665E-1 1.19749E-1 1.59665E-1 1.59665E-1 9.97904E-2 1.59665E-1 1.59665E-1 5.98743E-2 1.99581E-2 -7.56757E0 -5.40541E0 -6.48649E0 -8.10811E0 -5.40541E0 -1.40541E1 -1.51351E1 -2.86486E1 -2.97297E1 -3.13514E1 -3.24324E1 -3.35135E1 -3.13514E1 -2.59459E1 -3.35135E1 -3.51351E1 -3.62162E1 -3.72973E1 -3.83784E1 -4.91892E1 -5.02703E1 -4.37838E1 -4.48649E1 -4.59459E1 -4.64865E1 -4.75676E1 -5.62162E1 -5.56757E1 -5.67568E1 -6.43243E1 -6.05405E1 -6.10811E1 -6.21622E1 -6.32432E1 -6.43243E1 -6.48649E1 -6.21622E1 -6.81081E1 -7.02703E1 -6.97297E1 -7.72973E1 -6.97297E1 -7.78378E1 -7.78378E1 -6.37838E1 -7.02703E1 -7.02703E1
-9999 -9999 -9999 9.97904E-2 -1.62162E0 -2.7027E0 -3.78378E0 1.99581E-2 -1.08108E0 1.59665E-1 1.19749E-1 1.59665E-1 1.59665E-1 1.19749E-1 9.97904E-2 1.59665E-1 9.97904E-2 9.97904E-2 1.59665E-1 1.99581E-2 -3.24324E0 -5.40541E-1 -1.62162E0 -3.24324E0 -4.32432E0 1.99581E-2 1.99581E-2 -7.56757E0 -9.18919E0 -1.02703E1 -2.7027E1 -2.86486E1 -2.97297E1 -2.21622E1 -3.24324E1 -3.35135E1 -3.78378E1 -4.43243E1 -4.43243E1 -4.7027E1 -4.21622E1 -4.32432E1 -4.43243E1 -3.45946E1 -3.56757E1 -3.62162E1 -3.72973E1 -5.45946E1 -5.56757E1 -5.67568E1 -5.83784E1 -6.05405E1 -6.10811E1 -6.75676E1 -6.86487E1 -6.16216E1 -6.21622E1 -6.21622E1 -6.32432E1 -7.02703E1 -7.02703E1 -7.72973E1 -6.91892E1 -7.02703E1 -7.02703E1 -6.37838E1 -6.37838E1 -7.08108E1
-9999 -9999 -9999 1.19749E-1 -1.08108E0 -2.16216E0 -2.16216E0 1.99581E-2 5.98743E-2 1.59665E-1 1.99581E-1 1.79623E-1 1.59665E-1 1.19749E-1 2.59455E-1 1.59665E-1 1.19749E-1 9.97904E-2 5.98743E-2 1.99581E-2 -3.24324E0 -4.32432E0 -1.62162E0 -3.24324E0 -4.32432E0 -5.40541E0 -6.48649E0 -1.0989E0 -8.64865E0 -1.02703E1 -2.7027E1 -2.81081E1 -2.10811E1 -1.45946E1 -2.32432E1 -2.48649E1 -4.16216E1 -4.43243E1 -4.37838E1 -4.64865E1 -4.81081E1 -4.91892E1 -3.40541E1 -3.51351E1 -3.62162E1 -3.67568E1 -4.75676E1 -5.62162E1 -5.72973E1 -5.78378E1 -5.89189E1 -5.94595E1 -6.10811E1 -7.35135E1 -7.45946E1 -6.16216E1 -6.21622E1 -6.21622E1 -6.32432E1 -6.75676E1 -6.91892E1 -7.08108E1 -6.97297E1 -6.91892E1 -6.37838E1 -6.37838E1 -6.37838E1 -6.37838E1
-9999 -9999 5.98743E-2 3.99162E-2 1.99581E-2 1.99581E-2 1.99581E-2 1.99581E-2 5.98743E-2 1.59665E-1 1.19749E-1 1.79623E-1 1.59665E-1 1.19749E-1 9.97904E-2 1.59665E-1 1.19749E-1 9.97904E-2 1.99581E-2 -1.62162E0 1.99581E-2 1.99581E-2 -1.08108E0 -6.48649E0 -8.10811E0 -9.18919E0 -1.02703E1 -7.56757E0 -2.37838E1 -2.54054E1 -2.64865E1 -2.81081E1 -2.10811E1 -2.21622E1 -2.32432E1 -2.48649E1 -3.83784E1 -4.43243E1 -4.37838E1 -4.48649E1 -4.64865E1 -4.75676E1 -4.48649E1 -3.56757E1 -3.62162E1 -3.67568E1 -4.81081E1 -4.86486E1 -4.97297E1 -4.91892E1 -5.89189E1 -5.94595E1 -6.10811E1 -6.21622E1 -6.32432E1 -6.43243E1 -6.21622E1 -5.40541E1 -6.27027E1 -6.37838E1 -6.37838E1 -6.37838E1 -6.37838E1 -6.32432E1 -6.37838E1 -6.37838E1 -7.02703E1 -7.02703E1
-9999 -9999 1.19749E-1 9.97904E-2 1.99581E-2 1.59665E-1 1.19749E-1 2.39497E-1 1.79623E-1 1.59665E-1 1.19749E-1 9.97904E-2 2.39497E-1 1.99581E-1 1.59665E-1 9.97904E-2 5.98743E-2 9.97904E-2 1.99581E-2 1.99581E-2 -2.7027E0 1.99581E-2 -1.08108E0 -2.7027E0 -8.10811E0 -9.18919E0 -1.02703E1 -1.45946E1 -8.64865E0 -1.02703E1 -1.83784E1 -2.75676E1 -2.91892E1 -3.02703E1 -2.64865E1 -2.75676E1 -3.83784E1 -4.37838E1 -4.54054E1 -4.64865E1 -4.27027E1 -4.37838E1 -4.48649E1 -4.54054E1 -4.64865E1 -4.75676E1 -5.35135E1 -4.7027E1 -4.81081E1 -4.91892E1 -5.78378E1 -5.94595E1 -5.94595E1 -6.05405E1 -6.10811E1 -6.97297E1 -6.81081E1 -6.86487E1 -6.86487E1 -6.37838E1 -6.37838E1 -5.56757E1 -6.43243E1 -7.78378E1 -6.97297E1 -6.97297E1 -7.83784E1 -7.89189E1
-9999 -9999 1.59665E-1 1.59665E-1 1.99581E-2 1.99581E-2 2.59455E-1 3.19329E-1 2.59455E-1 2.59455E-1 1.99581E-1 9.97904E-2 1.59665E-1 1.59665E-1 1.19749E-1 9.97904E-2 5.98743E-2 3.99162E-2 5.98743E-2 1.99581E-2 1.99581E-2 -4.32432E0 -5.40541E0 -6.48649E0 -8.10811E0 -1.56757E1 -1.02703E1 -7.56757E0 -2.32432E1 -2.48649E1 -1.83784E1 -2.75676E1 -2.91892E1 -3.02703E1 -3.13514E1 -3.2973E1 -4.10811E1 -2.7027E1 -2.43243E1 -2.54054E1 -3.94595E1 -4.05405E1 -4.16216E1 -5.13514E1 -4.7027E1 -5.40541E1 -5.51351E1 -5.62162E1 -5.72973E1 -5.83784E1 -5.94595E1 -5.83784E1 -6.16216E1 -6.75676E1 -6.86487E1 -6.97297E1 -7.02703E1 -6.59459E1 -6.7027E1 -6.32432E1 -6.43243E1 -7.02703E1 -6.97297E1 -7.72973E1 -7.67568E1 -7.67568E1 -7.83784E1 -7.89189E1
-9999 -9999 5.98743E-2 1.99581E-2 1.99581E-2 1.99581E-2 1.59665E-1 3.39287E-1 1.99581E-1 5.98743E-2 3.99162E-2 1.19749E-1 1.59665E-1 1.59665E-1 1.19749E-1 9.97904E-2 5.98743E-2 3.99162E-2 1.99581E-2 1.99581E-2 1.99581E-2 1.99581E-2 -1.08108E0 -2.7027E0 -8.10811E0 -4.86486E0 -1.08108E1 -1.83784E1 -2.32432E1 -3.08108E1 -3.24324E1 -3.40541E1 -2.86486E1 -3.02703E1 -3.62162E1 -3.72973E1 -3.40541E1 -2.7027E1 -2.86486E1 -3.78378E1 -3.94595E1 -3.18919E1 -3.56757E1 -4.27027E1 -4.7027E1 -5.18919E1 -5.51351E1 -6.05405E1 -6.21622E1 -5.83784E1 -5.94595E1 -6.05405E1 -6.10811E1 -6.27027E1 -6.32432E1 -6.97297E1 -6.54054E1 -6.59459E1 -6.7027E1 -6.91892E1 -7.78378E1 -7.02703E1 -7.02703E1 -7.78378E1 -7.72973E1 -7.02703E1 -7.02703E1 -7.02703E1
-9999 -9999 9.97904E-2 1.59665E-1 1.59665E-1 1.99581E-2 1.99581E-2 1.19749E-1 9.97904E-2 1.99581E-2 1.99581E-2 1.99581E-2 1.99581E-2 1.99581E-2 9.97904E-2 9.97904E-2 1.99581E-2 -4.86486E0 -1.35135E1 -7.56757E0 -2.7027E0 -4.32432E0 -1.08108E0 -2.7027E0 -3.78378E0 -9.18919E0 -1.72973E1 -1.83784E1 -2.86486E1 -2.97297E1 -3.13514E1 -2.7027E1 -2.86486E1 -2.59459E1 -2.7027E1 -2.86486E1 -3.40541E1 -2.7027E1 -2.86486E1 -3.2973E1 -2.7027E1 -2.81081E1 -3.35135E1 -3.67568E1 -4.43243E1 -5.18919E1 -5.51351E1 -6.05405E1 -6.32432E1 -5.83784E1 -5.94595E1 -6.54054E1 -6.10811E1 -6.16216E1 -6.16216E1 -6.43243E1 -6.81081E1 -6.32432E1 -6.91892E1 -7.2973E1 -7.40541E1 -7.51351E1 -7.67568E1 -7.62162E1 -7.02703E1 -6.37838E1 -6.97297E1 -6.97297E1
