ENM/Final_Models/M_1_F_lqp_Set_1_NE/Gustavia_santanderiensis_5_Choco_novel.asc
ncols         367
nrows         963
xllcorner     -78.6
yllcorner     0.65
cellsize      0.00833333333333323
NODATA_value  -9999
[rows 150 to 179 of 963, columns 136 to 203 of 367]
1.3915E1 1.71092E1 1.12597E1 1.3915E1 1.3915E1 1.09203E1 1.09203E1 9.48293E0 1.09203E1 1.34757E1 1.49331E1 1.09203E1 1.40148E1 1.71891E1 8.22519E0 4.41206E0 2.14614E1 2.32182E1 1.7229E1 1.21781E1 1.20982E1 1.83869E1 1.29966E1 1.61709E1 1.44141E1 1.26971E1 1.13795E1 6.8876E0 1.06009E1 1.24775E1 1.95249E1 1.64105E1 1.61709E1 1.52326E1 1.51727E1 1.70693E1 1.57516E1 1.06808E1 8.00559E0 1.02416E1 9.9421E0 1.4454E1 1.4454E1 1.26772E1 1.06209E1 9.54282E0 7.6662E0 7.40667E0 7.12717E0 6.14893E0 9.00379E0 3.13436E0 3.11439E0 3.39389E0 3.47375E0 4.43202E0 5.76961E0 4.95109E0 4.91116E0 5.90936E0 2.25594E0 2.59533E0 4.35217E0 6.14893E0 8.40487E0 1.09603E1 8.1653E0 8.38491E0
1.3915E1 1.09203E1 1.3915E1 1.28968E1 1.3915E1 1.09203E1 1.3915E1 1.3915E1 1.09203E1 1.09203E1 1.02216E1 6.72789E0 1.06808E1 1.09203E1 1.04412E1 5.33041E0 9.46297E0 7.12717E0 1.51128E1 1.74087E1 1.61709E1 1.37552E1 1.67898E1 1.46736E1 1.37552E1 9.60272E0 8.90397E0 1.03214E1 9.12358E0 7.60631E0 1.31364E1 9.42304E0 9.40307E0 1.2218E1 1.46137E1 1.13795E1 1.15193E1 1.42543E1 1.112E1 8.20523E0 1.23777E1 1.4454E1 1.4454E1 1.4454E1 1.00619E1 7.56638E0 8.12537E0 6.54821E0 4.97105E0 4.91116E0 3.27411E0 4.75145E0 4.43202E0 1.97644E0 1.29766E0 3.37393E0 3.13436E0 1.69695E0 1.95648E0 4.53184E0 6.109E0 7.00739E0 5.3903E0 5.41026E0 6.60811E0 9.42304E0 1.15392E1 1.06209E1
1.71092E1 1.06009E1 1.3915E1 1.62308E1 1.56518E1 9.30325E0 1.71092E1 1.3915E1 9.78239E0 1.06808E1 1.09203E1 1.3915E1 1.09203E1 8.98383E0 6.109E0 9.86225E0 9.08365E0 1.05211E1 1.64105E1 1.65702E1 1.45937E1 1.25973E1 1.71092E1 1.80275E1 1.71691E1 1.29966E1 1.19185E1 1.46137E1 8.50469E0 7.4466E0 1.03214E1 9.2234E0 1.52326E1 1.15392E1 1.41545E1 1.665E1 1.64105E1 1.12997E1 1.00819E1 8.40487E0 9.28329E0 1.19585E1 1.03214E1 1.35157E1 1.20583E1 8.40487E0 8.78419E0 6.28868E0 5.29048E0 5.86943E0 4.43202E0 4.8912E0 4.49191E0 2.97465E0 3.47375E0 4.19245E0 4.19245E0 3.31403E0 1.75684E0 3.71332E0 6.74785E0 1.20383E1 8.48473E0 6.48832E0 7.02735E0 6.28868E0 7.60631E0 9.80236E0
1.62108E1 1.09203E1 7.36674E0 1.09203E1 1.15792E1 1.09203E1 1.3915E1 1.3915E1 1.09203E1 1.09203E1 1.09203E1 1.09203E1 8.96387E0 3.81314E0 7.40667E0 8.58455E0 1.11399E1 8.78419E0 2.23997E1 1.99241E1 1.74087E1 1.74885E1 1.90058E1 2.0004E1 1.98243E1 1.38351E1 1.112E1 1.26772E1 9.40307E0 6.74785E0 6.80775E0 1.29966E1 1.52725E1 1.0541E1 9.58275E0 1.29966E1 1.34358E1 1.19784E1 1.54522E1 7.34678E0 1.10202E1 1.26772E1 1.17389E1 1.2198E1 1.17189E1 8.52466E0 8.4448E0 7.34678E0 3.91296E0 4.87123E0 5.03094E0 6.02915E0 4.51188E0 2.43562E0 2.03633E0 2.89479E0 4.17249E0 3.37393E0 4.49191E0 7.06728E0 6.56818E0 8.74426E0 9.08365E0 6.76782E0 6.82771E0 6.32861E0 4.19245E0 9.14354E0
1.3915E1 9.42304E0 1.09203E1 1.09203E1 1.09203E1 1.09203E1 1.71092E1 1.09203E1 1.09203E1 1.3915E1 1.09203E1 1.09203E1 6.00918E0 7.92573E0 7.72609E0 8.64444E0 1.36953E1 1.48533E1 1.9425E1 2.24596E1 2.27191E1 1.36754E1 1.26971E1 1.53124E1 1.42543E1 9.46297E0 9.48293E0 1.63506E1 1.13396E1 9.90218E0 9.16351E0 1.2198E1 1.7229E1 1.02216E1 9.28329E0 1.40747E1 1.13396E1 1.14594E1 9.80236E0 8.20523E0 1.4454E1 1.4454E1 1.06009E1 1.4454E1 9.12358E0 9.40307E0 5.58994E0 8.4448E0 3.91296E0 3.89299E0 3.13436E0 3.03454E0 3.35396E0 2.2759E0 3.29407E0 3.11439E0 3.5536E0 3.39389E0 3.03454E0 4.71152E0 6.22879E0 7.26692E0 7.86584E0 7.30685E0 6.90757E0 7.26692E0 6.74785E0 7.80595E0
1.69096E1 1.3915E1 1.09203E1 1.3915E1 1.3915E1 1.09203E1 1.71092E1 2.00439E1 1.9984E1 1.20583E1 5.6099E0 1.0561E1 9.98203E0 6.74785E0 9.58275E0 1.55121E1 9.98203E0 1.32561E1 1.40347E1 1.16989E1 1.45338E1 1.35356E1 1.3875E1 1.8307E1 1.48533E1 1.00619E1 8.9439E0 8.50469E0 1.09603E1 1.15991E1 1.03414E1 1.58714E1 1.20583E1 1.28569E1 9.54282E0 1.09004E1 1.04612E1 1.05211E1 9.30325E0 1.4454E1 1.21781E1 1.4454E1 8.88401E0 8.20523E0 9.46297E0 6.94749E0 5.55001E0 5.62987E0 3.77321E0 3.79317E0 3.91296E0 3.03454E0 4.51188E0 5.66979E0 5.3903E0 5.76961E0 3.31403E0 4.03274E0 3.39389E0 6.18886E0 8.48473E0 9.76243E0 9.2234E0 1.07806E1 5.58994E0 4.95109E0 4.19245E0 7.12717E0
1.48333E1 3.5536E0 1.09203E1 8.30505E0 7.68616E0 1.71092E1 1.6131E1 1.32561E1 1.82871E1 1.06808E1 9.16351E0 1.98044E1 1.08006E1 1.21182E1 7.50649E0 8.40487E0 1.0541E1 1.03214E1 9.58275E0 8.52466E0 1.02016E1 9.76243E0 1.14594E1 1.36754E1 1.40747E1 1.36754E1 1.11799E1 9.00379E0 1.10801E1 1.08006E1 1.08804E1 1.46536E1 1.112E1 9.70254E0 7.00739E0 9.2234E0 5.80954E0 5.29048E0 6.92753E0 1.27371E1 1.35157E1 1.09004E1 6.84767E0 6.40846E0 1.24775E1 1.03214E1 5.58994E0 4.31224E0 5.19066E0 4.03274E0 3.71332E0 3.91296E0 3.37393E0 3.03454E0 3.11439E0 3.31403E0 3.01457E0 5.92933E0 3.29407E0 7.02735E0 8.48473E0 7.50649E0 7.46656E0 5.49012E0 3.73328E0 4.31224E0 4.75145E0 4.8912E0
1.06608E1 3.77321E0 1.09203E1 1.06608E1 1.0561E1 6.46836E0 9.86225E0 6.94749E0 9.76243E0 8.42484E0 1.21182E1 1.62707E1 1.03613E1 8.90397E0 7.00739E0 9.28329E0 7.46656E0 8.42484E0 9.46297E0 8.50469E0 1.30765E1 1.21781E1 1.04612E1 1.29966E1 1.7229E1 8.74426E0 9.86225E0 1.13396E1 1.29966E1 9.76243E0 8.78419E0 1.10601E1 1.09004E1 8.48473E0 9.46297E0 7.4466E0 7.46656E0 8.74426E0 6.84767E0 6.74785E0 9.46297E0 1.22779E1 1.13795E1 1.08006E1 1.03214E1 7.02735E0 6.32861E0 7.86584E0 7.80595E0 8.32502E0 6.109E0 4.29227E0 3.79317E0 6.32861E0 3.03454E0 3.25414E0 4.43202E0 7.74606E0 6.32861E0 5.78958E0 5.72969E0 4.71152E0 2.41565E0 3.35396E0 3.73328E0 6.44839E0 5.62987E0 4.75145E0
1.6111E1 3.87303E0 1.09203E1 5.68976E0 8.30505E0 8.10541E0 1.05011E1 1.03214E1 1.00419E1 1.39349E1 1.15392E1 1.00419E1 6.668E0 8.90397E0 8.60451E0 8.86405E0 1.04212E1 1.11799E1 1.03613E1 9.48293E0 9.28329E0 1.13396E1 9.54282E0 1.24775E1 1.112E1 1.112E1 1.03613E1 9.64264E0 9.56279E0 9.08365E0 1.06009E1 9.76243E0 9.08365E0 8.6644E0 8.86405E0 8.50469E0 9.28329E0 9.48293E0 8.42484E0 5.3903E0 9.02376E0 9.98203E0 9.12358E0 9.9421E0 8.50469E0 5.92933E0 7.90577E0 8.38491E0 7.68616E0 4.49191E0 4.03274E0 3.31403E0 3.91296E0 6.32861E0 3.69335E0 2.73508E0 1.81673E0 5.41026E0 4.99102E0 5.29048E0 3.85306E0 4.8912E0 4.05271E0 4.51188E0 3.5536E0 5.76961E0 8.46476E0 4.75145E0
1.16989E1 1.09203E1 1.09203E1 4.19245E0 8.20523E0 1.15193E1 6.668E0 8.52466E0 7.4466E0 1.08405E1 9.48293E0 9.08365E0 5.84947E0 7.26692E0 1.01617E1 7.86584E0 1.10601E1 1.34358E1 1.55121E1 9.02376E0 1.37552E1 9.28329E0 8.50469E0 9.80236E0 1.20383E1 1.06808E1 7.92573E0 1.16191E1 9.40307E0 8.70433E0 9.46297E0 8.70433E0 1.08006E1 7.40667E0 7.58634E0 6.72789E0 7.24696E0 8.64444E0 1.29367E1 7.22699E0 7.50649E0 7.06728E0 9.9421E0 8.12537E0 7.92573E0 5.13076E0 4.47195E0 7.20703E0 8.14534E0 6.668E0 6.92753E0 5.41026E0 3.73328E0 6.32861E0 4.31224E0 3.01457E0 3.73328E0 3.75324E0 4.43202E0 3.51368E0 4.51188E0 4.8912E0 5.62987E0 5.29048E0 6.50829E0 4.8912E0 7.46656E0 6.36854E0
1.12997E1 1.09203E1 1.09203E1 1.3875E1 7.06728E0 7.90577E0 7.60631E0 6.20882E0 7.48652E0 7.68616E0 7.48652E0 6.668E0 9.66261E0 1.10601E1 9.32322E0 6.8876E0 9.54282E0 1.03414E1 1.112E1 9.2234E0 9.9421E0 8.70433E0 6.94749E0 8.52466E0 8.64444E0 7.34678E0 9.08365E0 9.40307E0 1.00819E1 6.8876E0 6.72789E0 9.54282E0 9.02376E0 9.32322E0 8.52466E0 7.06728E0 6.58814E0 7.92573E0 1.17788E1 9.443E0 9.2234E0 6.109E0 7.80595E0 7.18706E0 5.92933E0 5.62987E0 3.51368E0 5.1108E0 6.22879E0 5.86943E0 4.27231E0 3.31403E0 3.79317E0 6.82771E0 6.94749E0 3.43382E0 3.51368E0 5.29048E0 4.01278E0 5.23059E0 5.29048E0 3.81314E0 4.25235E0 5.3903E0 3.73328E0 4.47195E0 5.56997E0 5.62987E0
1.47534E1 8.60451E0 1.09203E1 1.09203E1 6.94749E0 8.78419E0 1.06209E1 4.6117E0 9.48293E0 7.6662E0 1.10601E1 9.66261E0 1.03214E1 1.17788E1 1.0002E1 1.0541E1 9.02376E0 8.50469E0 7.90577E0 7.82591E0 7.62627E0 1.00419E1 7.40667E0 8.50469E0 7.24696E0 6.8876E0 8.52466E0 8.30505E0 8.48473E0 7.02735E0 7.50649E0 8.30505E0 8.00559E0 5.56997E0 5.62987E0 7.50649E0 6.40846E0 9.9421E0 9.86225E0 8.52466E0 8.80415E0 6.32861E0 6.80775E0 5.90936E0 6.32861E0 4.19245E0 3.21421E0 4.15253E0 3.87303E0 4.67159E0 4.51188E0 2.89479E0 2.23598E0 3.71332E0 4.8313E0 3.07447E0 3.09443E0 4.49191E0 4.25235E0 4.29227E0 4.75145E0 4.57177E0 3.23418E0 3.13436E0 3.69335E0 2.25594E0 3.87303E0 3.03454E0
1.34957E1 6.48832E0 3.41386E0 7.32681E0 1.3915E1 1.16989E1 8.52466E0 7.34678E0 9.16351E0 1.19784E1 1.15991E1 1.36754E1 1.21182E1 1.112E1 1.24775E1 1.53124E1 1.59513E1 7.50649E0 8.78419E0 8.18527E0 6.28868E0 6.02915E0 6.34857E0 7.4466E0 7.86584E0 7.88581E0 8.80415E0 9.12358E0 6.68796E0 4.71152E0 4.97105E0 5.13076E0 4.31224E0 6.34857E0 4.6117E0 6.76782E0 7.80595E0 6.34857E0 6.32861E0 7.4466E0 7.98563E0 7.36674E0 7.34678E0 3.73328E0 3.91296E0 4.3322E0 7.1671E0 4.39209E0 3.69335E0 3.37393E0 3.19425E0 3.23418E0 1.59713E0 2.43562E0 3.79317E0 3.71332E0 3.31403E0 5.49012E0 3.69335E0 3.31403E0 3.5536E0 4.49191E0 5.84947E0 6.32861E0 3.79317E0 3.89299E0 4.19245E0 3.67339E0
1.08804E1 7.40667E0 6.74785E0 5.92933E0 9.28329E0 7.90577E0 7.36674E0 7.58634E0 7.06728E0 9.54282E0 1.112E1 1.16191E1 1.16989E1 8.82412E0 1.15193E1 1.34757E1 1.77481E1 1.26772E1 1.21781E1 1.08006E1 6.20882E0 5.3903E0 9.32322E0 1.00819E1 1.09603E1 1.04612E1 6.20882E0 3.91296E0 4.39209E0 3.37393E0 3.89299E0 4.25235E0 5.19066E0 6.50829E0 6.32861E0 5.05091E0 5.78958E0 7.82591E0 8.24516E0 9.14354E0 6.76782E0 5.76961E0 2.93472E0 3.31403E0 3.21421E0 2.35576E0 3.31403E0 3.39389E0 2.41565E0 2.47554E0 3.69335E0 2.25594E0 1.11799E0 3.73328E0 2.91475E0 3.15432E0 5.98922E0 6.92753E0 4.6117E0 2.71511E0 3.73328E0 4.8912E0 4.35217E0 6.32861E0 6.36854E0 5.35037E0 5.23059E0 4.75145E0
8.40487E0 5.66979E0 6.20882E0 7.20703E0 1.00819E1 9.60272E0 1.03214E1 8.40487E0 8.40487E0 9.64264E0 1.13396E1 1.29367E1 1.20383E1 1.47135E1 1.12398E1 2.00838E1 1.64504E1 1.11799E1 1.26772E1 1.29966E1 8.10541E0 5.80954E0 9.56279E0 6.90757E0 7.18706E0 4.8912E0 3.87303E0 4.49191E0 3.91296E0 5.03094E0 3.73328E0 3.77321E0 3.31403E0 6.8876E0 4.6117E0 3.03454E0 4.29227E0 6.72789E0 9.12358E0 8.00559E0 7.22699E0 6.109E0 4.75145E0 3.25414E0 2.31583E0 1.73687E0 4.19245E0 2.75504E0 5.84947E0 2.21601E0 3.01457E0 5.35037E0 6.18886E-1 2.99461E-1 3.79317E0 4.51188E0 4.43202E0 3.15432E0 3.01457E0 3.23418E0 5.41026E0 5.05091E0 3.09443E0 1.51727E0 3.25414E0 3.39389E0 3.91296E0 3.29407E0
5.56997E0 6.109E0 8.48473E0 6.32861E0 9.08365E0 1.06009E1 1.13795E1 1.12398E1 1.16989E1 1.24775E1 1.08405E1 1.112E1 1.45338E1 1.48133E1 1.39948E1 2.00838E1 1.5552E1 1.03214E1 1.06009E1 1.44141E1 1.02416E1 4.31224E0 5.62987E0 9.90218E0 4.71152E0 3.15432E0 2.23598E0 3.91296E0 5.84947E0 4.17249E0 3.31403E0 1.47734E0 2.73508E0 3.11439E0 4.19245E0 4.67159E0 5.62987E0 6.28868E0 5.62987E0 6.48832E0 9.08365E0 5.51008E0 4.25235E0 3.03454E0 2.79497E0 2.45558E0 3.03454E0 2.15612E0 6.84767E0 3.67339E0 4.27231E0 4.25235E0 1.47734E0 3.79317E-1 2.03633E0 2.43562E0 1.51727E0 1.2777E0 2.31583E0 4.13256E0 2.71511E0 3.31403E0 2.31583E0 2.95468E0 3.73328E0 4.19245E0 4.43202E0 3.53364E0
8.50469E0 5.41026E0 7.26692E0 7.98563E0 8.64444E0 1.06009E1 1.07806E1 1.19784E1 1.06009E1 9.76243E0 1.03414E1 1.31364E1 1.79677E1 1.6111E1 1.62707E1 2.00838E1 1.16989E1 6.74785E0 8.52466E0 1.05211E1 5.86943E0 7.74606E0 4.15253E0 1.03214E1 7.68616E0 5.68976E0 4.25235E0 3.87303E0 4.81134E0 3.71332E0 2.59533E0 3.67339E0 3.31403E0 1.69695E0 1.11799E0 5.3903E0 5.82951E0 4.8912E0 5.58994E0 6.14893E0 6.28868E0 5.58994E0 3.77321E0 3.37393E0 3.77321E0 2.41565E0 2.21601E0 3.67339E0 3.25414E0 3.37393E0 3.37393E0 3.79317E0 2.57536E0 2.59533E-1 1.57716E0 3.85306E0 3.77321E0 2.31583E0 2.93472E0 4.49191E0 3.69335E0 4.97105E0 3.27411E0 4.03274E0 4.15253E0 3.03454E0 3.91296E0 2.79497E0
1.08405E1 6.8876E0 9.30325E0 1.15193E1 1.09004E1 1.03613E1 8.78419E0 9.58275E0 9.30325E0 1.17189E1 7.74606E0 1.3316E1 1.56518E1 1.74087E1 2.01038E1 2.12617E1 1.41346E1 5.78958E0 4.8912E0 7.40667E0 4.95109E0 6.3885E0 3.79317E0 8.50469E0 9.08365E0 7.26692E0 6.668E0 1.69695E0 2.35576E0 3.91296E0 4.3322E0 2.21601E0 1.79677E0 1.51727E0 8.38491E-1 1.67698E0 4.19245E0 5.58994E0 5.92933E0 4.35217E0 4.13256E0 4.27231E0 3.5536E0 6.82771E0 4.97105E0 4.97105E0 2.19605E0 2.77501E0 4.19245E0 2.2759E0 4.05271E0 3.73328E0 3.37393E0 1.01817E0 9.38311E-1 2.3358E0 3.03454E0 1.97644E0 3.79317E0 3.27411E0 2.09623E0 2.19605E0 4.29227E0 1.75684E0 1.91655E0 3.5536E0 2.93472E0 3.27411E0
1.03214E1 9.66261E0 9.16351E0 7.40667E0 1.14594E1 2.09024E1 1.7229E1 1.16989E1 9.42304E0 9.32322E0 7.80595E0 6.72789E0 1.45937E1 1.665E1 2.27191E1 2.27191E1 7.40667E0 5.13076E0 2.97465E0 3.15432E0 3.37393E0 5.19066E0 8.50469E0 8.34498E0 6.80775E0 8.32502E0 7.26692E0 6.62807E0 5.66979E0 4.81134E0 3.81314E0 1.51727E0 1.81673E0 1.43741E0 3.31403E0 3.31403E0 4.43202E0 4.67159E0 2.47554E0 2.57536E0 4.97105E0 3.71332E0 2.3358E0 4.19245E0 3.91296E0 3.91296E0 2.03633E0 1.97644E0 2.11619E0 3.31403E0 6.20882E0 6.80775E0 3.91296E0 1.37752E0 2.23598E0 2.31583E0 2.8349E0 2.89479E0 3.37393E0 3.15432E0 2.19605E0 3.19425E0 3.39389E0 1.31763E0 1.57716E0 4.59174E-1 1.17788E0 1.47734E0
1.34358E1 1.19385E1 1.12398E1 1.2198E1 1.15392E1 1.57516E1 2.24196E1 2.00838E1 1.34757E1 7.34678E0 8.40487E0 8.58455E0 8.90397E0 9.08365E0 1.91056E1 1.45338E1 6.668E0 4.27231E0 5.1108E0 3.73328E0 3.31403E0 5.43023E0 8.14534E0 7.20703E0 5.31044E0 3.15432E0 3.81314E0 3.91296E0 5.23059E0 3.87303E0 2.45558E0 3.31403E0 3.37393E0 1.7768E0 2.79497E0 3.43382E0 4.91116E0 5.90936E0 2.5554E0 2.3358E0 5.92933E0 3.03454E0 3.03454E0 3.65342E0 2.37572E0 1.71691E0 2.39569E0 3.19425E0 6.36854E0 3.91296E0 3.65342E0 4.8313E0 3.09443E0 3.39389E0 2.11619E0 1.01817E0 2.19605E0 1.41745E0 2.65522E0 3.39389E0 4.31224E0 2.15612E0 4.01278E0 1.35756E0 1.4973E0 9.78239E-1 1.81673E0 4.79138E-1
1.00419E1 1.00819E1 7.40667E0 9.46297E0 1.13396E1 2.26193E1 1.64105E1 1.33759E1 2.27191E1 1.3875E1 1.19185E1 6.668E0 6.90757E0 9.443E0 1.112E1 1.00419E1 7.60631E0 4.8912E0 5.68976E0 3.31403E0 4.49191E0 6.80775E0 9.08365E0 7.80595E0 5.1108E0 5.62987E0 4.81134E0 4.35217E0 2.85486E0 2.65522E0 3.35396E0 2.31583E0 1.69695E0 3.03454E0 2.25594E0 2.13615E0 4.95109E0 3.69335E0 3.35396E0 3.73328E0 3.73328E0 5.23059E0 3.75324E0 4.75145E0 3.31403E0 2.97465E0 5.58994E-1 2.3358E0 5.15073E0 3.11439E0 3.31403E0 4.91116E0 3.73328E0 1.2777E0 5.3903E-1 8.58455E-1 2.41565E0 2.43562E0 3.37393E0 3.5536E0 3.31403E0 3.03454E0 2.73508E0 1.31763E0 3.03454E0 1.63705E0 1.67698E0 7.78599E-1
7.40667E0 8.30505E0 9.40307E0 1.25973E1 1.46536E1 1.99241E1 2.27191E1 2.27191E1 2.00838E1 2.00838E1 1.71691E1 9.443E0 9.08365E0 9.46297E0 6.92753E0 4.19245E0 3.31403E0 4.01278E0 4.51188E0 9.16351E0 8.52466E0 9.02376E0 8.9439E0 6.50829E0 4.47195E0 3.71332E0 5.55001E0 1.7768E0 4.31224E0 4.27231E0 1.75684E0 3.91296E0 1.73687E0 2.47554E0 2.81493E0 1.31763E0 3.47375E0 6.32861E0 2.35576E0 2.93472E0 1.97644E0 4.3322E0 3.31403E0 5.23059E0 3.77321E0 4.13256E0 2.8349E0 2.41565E0 3.39389E0 2.43562E0 4.97105E0 1.59713E0 9.78239E-1 7.98563E-2 4.39209E-1 1.09802E0 4.43202E0 3.31403E0 2.75504E0 2.95468E0 2.2759E0 1.7768E0 1.69695E0 2.41565E0 3.37393E0 3.03454E0 1.57716E0 9.78239E-1
6.40846E0 9.60272E0 1.19784E1 1.47135E1 2.09024E1 1.63506E1 2.00838E1 2.27191E1 2.00838E1 2.27191E1 2.1681E1 1.47534E1 8.52466E0 6.06908E0 3.85306E0 2.95468E0 3.21421E0 3.37393E0 5.03094E0 9.60272E0 1.03414E1 1.00419E1 8.34498E0 7.06728E0 6.44839E0 3.09443E0 4.43202E0 3.03454E0 1.73687E0 2.47554E0 1.4973E0 2.57536E0 1.09802E0 2.19605E0 3.37393E0 2.41565E0 1.91655E0 2.5554E0 4.05271E0 3.71332E0 3.39389E0 3.31403E0 3.47375E0 3.85306E0 4.35217E0 1.81673E0 1.75684E0 2.59533E0 4.27231E0 3.99281E-1 4.67159E0 2.43562E0 1.37752E0 4.59174E-1 1.4973E0 2.79497E-1 1.93651E0 4.75145E0 5.56997E0 3.01457E0 1.0581E0 1.07806E0 2.19605E0 2.41565E0 3.31403E0 3.03454E0 1.63705E0 1.67698E0
5.41026E0 7.60631E0 9.14354E0 1.19784E1 1.37153E1 1.73488E1 2.27191E1 2.08026E1 2.27191E1 2.00838E1 2.06428E1 9.42304E0 8.52466E0 2.95468E0 3.11439E0 3.13436E0 2.11619E0 2.93472E0 5.76961E0 9.16351E0 1.10801E1 1.23777E1 1.03214E1 9.02376E0 6.48832E0 2.59533E0 3.43382E0 3.69335E0 3.03454E0 3.03454E0 3.25414E0 2.71511E0 3.71332E0 3.01457E0 3.09443E0 2.89479E0 2.39569E0 2.8349E0 3.91296E0 2.8349E0 2.19605E0 1.95648E0 2.23598E0 1.73687E0 2.47554E0 1.15792E0 1.17788E0 1.01817E0 3.95288E0 8.58455E-1 3.13436E0 2.43562E0 2.31583E0 1.0581E0 8.18527E-1 2.99461E-1 7.18706E-1 2.31583E0 3.71332E0 1.67698E0 3.79317E-1 1.17788E0 1.81673E0 4.51188E0 2.47554E0 1.81673E0 7.18706E-1 4.59174E-1
7.80595E0 9.80236E0 1.14594E1 1.58714E1 1.85067E1 1.99241E1 2.00838E1 1.82472E1 1.86065E1 2.19205E1 1.16989E1 8.50469E0 6.60811E0 3.51368E0 2.8349E0 4.17249E0 3.15432E0 4.43202E0 6.20882E0 5.15073E0 4.91116E0 8.42484E0 1.23777E1 9.42304E0 4.8912E0 3.35396E0 8.1653E0 7.06728E0 2.39569E0 2.63526E0 2.19605E0 2.31583E0 2.2759E0 2.47554E0 1.7768E0 3.27411E0 4.05271E0 2.47554E0 3.01457E0 1.5572E0 1.09802E0 1.0581E0 2.19605E-1 7.3867E-1 5.58994E-1 7.58634E-1 9.38311E-1 2.79497E-1 1.43741E0 1.07806E0 1.97644E0 1.17788E0 8.58455E-1 4.99102E-1 9.78239E-1 3.19425E-1 4.59174E-1 1.31763E0 1.17788E0 7.3867E-1 2.99461E-1 9.58275E-1 2.8349E0 3.73328E0 7.78599E-1 1.4973E0 2.99461E-1 1.63705E0
1.112E1 1.03214E1 1.10202E1 1.13795E1 7.82591E0 1.18187E1 1.13396E1 2.02236E1 1.86065E1 1.88061E1 9.54282E0 4.43202E0 3.37393E0 2.19605E0 3.29407E0 1.75684E0 2.79497E0 5.13076E0 8.40487E0 1.36754E1 1.15193E1 1.23178E1 9.00379E0 8.50469E0 3.21421E0 4.31224E0 6.94749E0 6.98742E0 5.92933E0 3.03454E0 2.57536E0 1.35756E0 1.47734E0 2.0563E0 1.29766E0 2.03633E0 3.09443E0 3.03454E0 3.99281E-1 3.79317E-1 3.99281E-1 3.19425E-1 3.79317E-1 3.59353E-1 9.38311E-1 1.91655E0 3.25414E0 9.38311E-1 2.99461E-1 6.18886E-1 1.29766E0 7.18706E-1 1.37752E0 3.19425E-1 3.19425E-1 5.58994E-1 1.43741E0 1.17788E0 2.31583E0 1.67698E0 7.58634E-1 2.19605E-1 3.21421E0 1.69695E0 1.29766E0 1.67698E0 1.39748E0 1.17788E0
9.66261E0 9.48293E0 1.00419E1 1.02416E1 1.41745E1 1.48133E1 1.2757E1 1.30365E1 1.29966E1 1.06009E1 4.97105E0 3.85306E0 3.31403E0 2.65522E0 3.09443E0 2.31583E0 8.78419E-1 4.8912E0 5.45019E0 9.08365E0 7.06728E0 7.6662E0 6.3885E0 6.34857E0 7.06728E0 4.19245E0 5.84947E0 5.55001E0 5.29048E0 2.41565E0 2.85486E0 1.91655E0 1.0581E0 1.39748E0 1.01817E0 4.39209E-1 4.59174E-1 1.41745E0 8.38491E-1 1.99641E-2 2.99461E-1 1.99641E-2 9.98203E-2 5.58994E-1 3.99281E-1 5.78958E-1 2.3358E0 1.59713E-1 1.73687E0 1.75684E0 2.39569E-1 2.59533E-1 2.99461E-1 1.29766E0 3.69335E0 1.71691E0 7.3867E-1 1.4973E0 1.31763E0 1.33759E0 2.99461E-1 1.47734E0 1.17788E0 1.2777E0 1.29766E0 9.38311E-1 3.99281E-1 9.98203E-2
1.33759E1 1.30365E1 1.09004E1 1.21182E1 1.77481E1 1.37552E1 9.80236E0 7.4466E0 5.90936E0 4.49191E0 3.91296E0 4.03274E0 2.41565E0 2.5554E0 3.15432E0 3.69335E0 3.19425E0 1.81673E0 3.69335E0 7.36674E0 5.31044E0 6.32861E0 5.13076E0 6.32861E0 9.30325E0 6.50829E0 4.03274E0 3.31403E0 4.57177E0 3.37393E0 1.09802E0 1.73687E0 7.18706E-1 1.01817E0 2.19605E-1 9.98203E-2 2.99461E-1 4.59174E-1 2.19605E-1 2.19605E-1 7.98563E-2 1.99641E-2 -6.27943E-1 -2.13501E0 -1.56986E-1 3.19425E-1 2.19605E-1 2.99461E-1 1.73687E0 3.5536E0 2.37572E0 9.78239E-1 3.99281E-1 2.99461E-1 7.78599E-1 2.15612E0 3.31403E0 2.65522E0 2.25594E0 2.47554E0 2.3358E0 1.35756E0 8.38491E-1 1.01817E0 2.79497E-1 1.39748E-1 2.99461E-1 5.98922E-2
1.37552E1 1.39948E1 1.38351E1 1.39349E1 1.36953E1 1.13396E1 8.46476E0 5.37033E0 4.99102E0 4.43202E0 4.81134E0 3.13436E0 1.33759E0 9.38311E-1 1.57716E0 4.75145E0 5.90936E0 5.35037E0 5.45019E0 9.54282E0 6.28868E0 4.6117E0 3.5536E0 4.51188E0 7.80595E0 6.36854E0 2.5554E0 2.97465E0 3.15432E0 3.65342E0 2.47554E0 2.43562E0 1.01817E0 7.98563E-2 4.59174E-1 2.39569E-1 7.58634E-1 1.33759E0 7.98563E-2 4.79138E-1 1.99641E-2 -1.63265E0 5.98922E-2 7.98563E-2 5.98922E-2 3.79317E-1 4.59174E-1 2.99461E-1 1.29766E0 4.13256E0 1.33759E0 1.67698E0 2.99461E-1 2.99461E-1 2.39569E-1 3.79317E-1 6.18886E-1 4.39209E-1 2.63526E0 2.5554E0 2.15612E0 1.11799E0 1.57716E0 1.29766E0 7.98563E-2 1.79677E-1 9.98203E-2 7.98563E-2
8.58455E0 1.35157E1 1.51128E1 1.62707E1 1.39948E1 7.40667E0 6.52825E0 4.97105E0 5.13076E0 3.69335E0 3.43382E0 3.31403E0 1.01817E0 1.31763E0 2.65522E0 3.03454E0 4.51188E0 3.91296E0 7.4466E0 7.18706E0 6.80775E0 5.90936E0 6.06908E0 6.02915E0 9.80236E0 6.20882E0 4.35217E0 3.77321E0 3.35396E0 3.27411E0 2.47554E0 1.73687E0 1.81673E0 3.79317E-1 3.79317E-1 1.59713E-1 7.98563E-2 7.98563E-2 7.98563E-2 5.98922E-2 7.98563E-2 5.98922E-2 7.98563E-2 9.98203E-2 1.0581E0 9.98203E-2 2.99461E-1 4.59174E-1 1.43741E0 3.91296E0 3.29407E0 1.01817E0 3.19425E-1 3.79317E-1 2.59533E-1 2.99461E-1 3.99281E-1 1.0581E0 1.31763E0 2.39569E0 2.23598E0 2.31583E0 2.99461E-1 2.99461E-1 2.79497E-1 5.98922E-2 2.79497E-1 -4.70958E-1
