ENM/Final_Models/M_1_F_lqp_Set_1_NE/Gustavia_santanderiensis_Choco_stddev.asc
ncols         367
nrows         963
xllcorner     -78.6
yllcorner     0.65
cellsize      0.00833333333333323
NODATA_value  -9999
[rows 770 to 804 of 963, columns 78 to 155 of 367]
0E0 0E0 0E0 0E0 0E0 0E0 0E0 0E0 0E0 0E0 0E0 0E0 0E0 0E0 0E0 0E0 0E0 0E0 0E0 0E0 0E0 0E0 0E0 0E0 0E0 0E0 0E0 0E0 0E0 0E0 0E0 0E0 0E0 0E0 0E0 0E0 0E0 0E0 0E0 0E0 0E0 0E0 0E0 0E0 0E0 0E0 0E0 2.59478E-1 1.78834E-1 1.97239E-2 7.80166E-3 3.39595E-2 2.06995E-2 9.59855E-4 3.84557E-4 1.13642E-4 4.95515E-5 8.12924E-6 1.86856E-4 3.45132E-4 1.65751E-4 2.301E-4 5.13794E-5 1.64417E-5 4.83389E-6 2.56047E-6 3.04369E-6 4.14137E-6 6.18451E-6 6.35223E-6 9.23983E-6 9.5624E-6 1.20711E-5 8.26603E-6 7.72559E-6 5.09288E-6 1.07695E-5 2.56968E-5
0E0 0E0 0E0 0E0 0E0 0E0 0E0 0E0 0E0 0E0 0E0 0E0 0E0 0E0 0E0 0E0 0E0 0E0 0E0 0E0 0E0 0E0 0E0 0E0 0E0 0E0 0E0 0E0 0E0 0E0 0E0 0E0 0E0 0E0 0E0 0E0 0E0 0E0 0E0 0E0 0E0 0E0 0E0 0E0 0E0 0E0 2.60476E-1 1.51687E-1 4.85343E-2 9.30771E-3 6.27322E-3 1.54844E-3 3.6788E-3 1.34495E-3 7.43013E-4 4.17887E-4 9.63254E-5 3.63937E-5 2.2007E-4 5.32416E-4 4.76201E-4 1.44279E-4 5.9653E-5 4.01426E-5 2.43094E-5 7.92916E-6 1.00344E-5 7.87035E-6 6.86268E-6 6.00416E-6 4.16219E-6 6.74173E-6 9.3839E-6 6.94744E-6 6.85002E-6 5.97447E-6 7.45308E-6 1.75267E-5
0E0 0E0 0E0 0E0 0E0 0E0 0E0 0E0 0E0 0E0 0E0 0E0 0E0 0E0 0E0 0E0 0E0 0E0 0E0 0E0 0E0 0E0 0E0 0E0 0E0 0E0 0E0 0E0 0E0 0E0 0E0 0E0 0E0 0E0 0E0 0E0 0E0 0E0 0E0 0E0 0E0 0E0 0E0 0E0 0E0 0E0 2.77849E-1 1.23524E-1 3.09686E-2 1.27095E-2 6.45704E-3 1.08653E-3 7.00945E-4 5.40822E-4 2.35682E-4 2.42022E-4 7.77889E-5 5.78169E-5 4.50273E-4 7.84207E-4 7.09516E-4 3.32338E-4 2.08006E-4 1.32258E-4 3.7585E-5 8.17629E-6 6.24205E-6 7.75959E-6 5.01259E-6 6.63821E-6 6.23717E-6 4.49261E-6 8.65806E-6 7.60681E-6 3.76542E-6 5.97671E-6 3.74553E-6 3.49058E-6
0E0 0E0 0E0 0E0 0E0 0E0 0E0 0E0 0E0 0E0 0E0 0E0 0E0 0E0 0E0 0E0 0E0 0E0 0E0 0E0 0E0 0E0 0E0 0E0 0E0 0E0 0E0 0E0 0E0 0E0 0E0 0E0 0E0 0E0 0E0 0E0 0E0 0E0 0E0 0E0 0E0 0E0 0E0 2.38777E-1 2.39818E-1 2.29439E-1 1.41004E-1 1.68688E-2 1.08021E-2 5.32046E-3 2.29319E-3 1.43735E-3 8.44958E-4 2.67321E-4 1.62386E-4 1.46624E-4 1.01628E-4 2.71171E-4 1.4316E-3 8.14686E-4 7.07948E-4 1.59601E-3 4.05399E-4 2.18471E-4 3.88144E-5 8.05092E-6 1.04717E-5 5.15927E-6 1.02521E-5 1.06728E-5 4.56633E-6 7.47193E-6 7.15912E-6 3.15368E-6 4.828E-6 6.08355E-6 4.8708E-6 1.60682E-5
0E0 0E0 0E0 0E0 0E0 0E0 0E0 0E0 0E0 0E0 0E0 0E0 0E0 0E0 0E0 0E0 0E0 0E0 0E0 0E0 0E0 0E0 0E0 0E0 0E0 0E0 0E0 0E0 0E0 0E0 0E0 0E0 0E0 0E0 0E0 0E0 0E0 0E0 0E0 0E0 0E0 2.04852E-1 2.22824E-1 2.24834E-1 2.53477E-1 8.8542E-2 1.61692E-2 8.08914E-3 1.10368E-2 3.66295E-3 2.49175E-3 1.0894E-3 1.10382E-4 2.38272E-4 7.02551E-5 3.27201E-5 1.18778E-4 4.52293E-4 1.18887E-3 3.63109E-3 1.28604E-3 6.60342E-4 9.22307E-4 6.10134E-4 2.46267E-4 2.55794E-5 1.12994E-5 1.25655E-5 2.65361E-5 2.12472E-5 5.1052E-6 1.04443E-5 5.9682E-6 4.58049E-6 3.93155E-6 6.45147E-6 8.24243E-6 1.955E-5
0E0 0E0 0E0 0E0 0E0 0E0 0E0 0E0 0E0 0E0 0E0 0E0 0E0 0E0 0E0 0E0 0E0 0E0 0E0 0E0 0E0 0E0 0E0 0E0 0E0 0E0 0E0 0E0 0E0 0E0 0E0 0E0 0E0 0E0 0E0 0E0 0E0 0E0 0E0 0E0 0E0 1.96707E-1 2.11749E-1 2.23767E-1 1.88245E-1 2.84005E-2 1.4601E-2 7.24576E-3 2.30315E-3 2.51276E-3 1.29127E-3 6.21005E-4 8.46411E-5 1.17095E-4 8.36939E-5 2.58142E-5 2.76016E-5 7.09999E-5 4.29556E-4 1.46711E-3 1.68537E-3 5.12839E-4 3.28774E-4 5.60888E-4 3.61989E-4 1.65608E-4 4.19372E-5 7.77373E-5 1.81151E-5 7.12574E-6 8.35379E-6 1.38273E-5 1.43838E-5 1.0989E-5 6.67066E-6 9.27199E-6 3.65508E-6 2.61948E-5
0E0 0E0 0E0 0E0 0E0 0E0 0E0 0E0 0E0 0E0 0E0 0E0 0E0 0E0 0E0 0E0 0E0 0E0 0E0 0E0 0E0 0E0 0E0 0E0 0E0 0E0 0E0 0E0 0E0 0E0 0E0 0E0 0E0 0E0 0E0 0E0 0E0 0E0 0E0 0E0 0E0 2.07476E-1 1.93847E-1 2.11042E-1 1.60679E-1 4.55207E-2 1.79051E-3 7.40897E-4 1.55071E-3 1.27936E-3 5.65503E-4 1.64719E-4 2.96278E-5 1.77985E-5 1.6694E-5 6.90503E-6 6.51446E-6 4.2172E-5 3.83671E-4 2.34682E-3 2.4873E-3 1.47563E-3 1.6675E-4 1.5546E-4 8.85996E-5 8.6805E-5 2.89518E-5 1.9638E-4 4.58997E-5 1.33639E-5 7.12339E-6 1.51349E-5 9.96302E-6 6.64164E-6 5.71343E-6 1.0924E-5 9.37193E-6 2.6508E-6
0E0 0E0 0E0 0E0 0E0 0E0 0E0 0E0 0E0 0E0 0E0 0E0 0E0 0E0 0E0 0E0 0E0 0E0 0E0 0E0 0E0 0E0 0E0 0E0 0E0 0E0 0E0 0E0 0E0 0E0 0E0 0E0 0E0 0E0 0E0 0E0 0E0 0E0 0E0 0E0 0E0 2.1043E-1 2.13089E-1 2.09614E-1 2.35182E-1 5.4942E-2 6.18715E-4 1.50467E-3 1.14243E-3 1.0528E-3 5.63093E-4 1.11671E-4 2.73028E-5 1.42919E-5 9.65381E-6 1.12916E-5 1.80717E-5 1.77158E-5 2.19263E-4 4.70551E-3 2.48108E-3 1.45132E-3 1.01056E-3 8.10309E-4 2.2669E-4 9.6399E-5 1.91431E-5 2.05475E-5 7.14277E-5 3.58209E-5 2.81018E-5 1.77644E-5 2.42036E-5 1.04025E-5 2.16395E-6 8.03723E-6 3.20718E-6 6.90871E-6
0E0 0E0 0E0 0E0 0E0 0E0 0E0 0E0 0E0 0E0 0E0 0E0 0E0 0E0 0E0 0E0 0E0 0E0 0E0 0E0 0E0 0E0 0E0 0E0 0E0 0E0 0E0 0E0 0E0 0E0 0E0 0E0 0E0 0E0 0E0 0E0 0E0 0E0 0E0 0E0 0E0 2.10076E-1 2.10293E-1 2.2812E-1 1.97813E-1 3.41429E-2 1.83003E-3 3.66726E-3 3.05812E-3 6.90869E-3 2.79052E-3 1.40786E-4 1.10377E-5 2.20683E-5 1.29702E-5 4.03876E-6 8.49618E-6 4.95636E-5 4.3614E-4 5.54012E-3 2.74105E-3 1.54532E-3 3.57058E-4 3.50769E-4 8.7951E-4 1.81433E-4 8.35435E-6 1.19639E-5 3.86812E-5 2.36894E-5 1.75874E-5 1.70972E-5 1.10821E-5 6.16295E-6 4.17107E-6 1.01235E-5 6.19878E-6 4.43043E-6
0E0 0E0 0E0 0E0 0E0 0E0 0E0 0E0 0E0 0E0 0E0 0E0 0E0 0E0 0E0 0E0 0E0 0E0 0E0 0E0 0E0 0E0 0E0 0E0 0E0 0E0 0E0 0E0 0E0 0E0 0E0 0E0 0E0 0E0 0E0 0E0 0E0 0E0 0E0 0E0 0E0 2.3421E-1 2.26913E-1 2.48187E-1 9.49116E-2 4.01913E-2 1.14845E-2 1.95699E-2 4.31703E-3 6.32362E-3 1.41063E-3 1.11759E-4 3.15363E-5 6.43931E-5 1.64451E-5 1.04469E-5 1.3856E-5 8.2646E-4 7.35695E-3 9.8465E-3 3.28984E-3 9.05809E-4 8.36481E-4 4.68304E-4 3.73838E-5 3.55516E-5 2.83416E-5 3.3323E-5 2.13287E-4 7.5667E-5 1.1645E-5 1.51408E-5 4.38335E-5 7.3955E-6 7.00242E-6 5.42852E-6 3.012E-6 8.67365E-6
0E0 0E0 0E0 0E0 0E0 0E0 0E0 0E0 0E0 0E0 0E0 0E0 0E0 0E0 0E0 0E0 0E0 0E0 0E0 0E0 0E0 0E0 0E0 0E0 0E0 0E0 0E0 0E0 0E0 0E0 0E0 0E0 0E0 0E0 0E0 0E0 0E0 0E0 0E0 0E0 0E0 2.56835E-1 2.30184E-1 2.19751E-1 9.24275E-2 1.34856E-1 0E0 2.57355E-1 7.26436E-2 7.15316E-3 8.55729E-4 8.61025E-5 7.89382E-5 2.9858E-4 6.9198E-5 2.09927E-4 3.63464E-4 1.76805E-3 1.17409E-2 5.52031E-3 2.95769E-3 2.87407E-3 1.41872E-3 6.21905E-4 4.94481E-4 3.57499E-4 1.00001E-4 9.04785E-5 7.52067E-4 2.14049E-4 1.80797E-5 5.42233E-5 3.50783E-5 9.5062E-6 2.3534E-6 7.34343E-6 8.73282E-6 4.95466E-6
0E0 0E0 0E0 0E0 0E0 0E0 0E0 0E0 0E0 0E0 0E0 0E0 0E0 0E0 0E0 0E0 0E0 0E0 0E0 0E0 0E0 0E0 0E0 0E0 0E0 0E0 0E0 0E0 0E0 0E0 0E0 0E0 0E0 0E0 0E0 0E0 0E0 1.99033E-1 2.18194E-1 0E0 0E0 2.54522E-1 2.37459E-1 0E0 2.67446E-1 0E0 2.57172E-1 2.15901E-1 2.45811E-1 5.08891E-3 6.37082E-4 8.27643E-5 5.63424E-4 6.26685E-4 6.32597E-5 8.86768E-5 1.25435E-3 9.30365E-3 1.48425E-2 7.73491E-3 1.36371E-3 1.05748E-3 2.36416E-3 4.09331E-3 2.65802E-3 1.2815E-3 2.43966E-4 4.53435E-4 1.16262E-3 7.64726E-5 5.51963E-5 2.91716E-4 6.31187E-5 1.13665E-5 9.0012E-6 7.64782E-6 7.5025E-6 6.02771E-6
0E0 0E0 0E0 0E0 0E0 0E0 0E0 0E0 0E0 0E0 0E0 0E0 0E0 0E0 0E0 0E0 0E0 0E0 0E0 0E0 0E0 0E0 0E0 0E0 0E0 0E0 0E0 0E0 0E0 0E0 0E0 0E0 0E0 0E0 0E0 0E0 0E0 0E0 0E0 0E0 0E0 0E0 0E0 0E0 0E0 0E0 0E0 2.49198E-1 9.83456E-2 3.94801E-3 6.54872E-4 1.13589E-4 1.37431E-3 1.60811E-3 3.50777E-4 1.83312E-4 3.89196E-4 4.86295E-3 1.97269E-2 1.41775E-2 5.47817E-3 1.76808E-3 5.28451E-4 7.21785E-4 1.57794E-3 1.70532E-3 1.08368E-3 2.00336E-3 1.20181E-3 5.76745E-4 4.24924E-4 1.65612E-4 1.75928E-5 5.7262E-6 5.22611E-6 7.03207E-6 9.68701E-6 2.14828E-5
0E0 0E0 0E0 0E0 0E0 0E0 0E0 0E0 0E0 0E0 0E0 0E0 0E0 0E0 0E0 0E0 0E0 0E0 0E0 0E0 0E0 0E0 0E0 0E0 0E0 0E0 0E0 0E0 0E0 0E0 0E0 0E0 0E0 0E0 0E0 0E0 0E0 0E0 0E0 0E0 0E0 2.49483E-1 0E0 0E0 0E0 2.62668E-1 2.61844E-1 0E0 2.5415E-1 4.73663E-3 2.8494E-4 1.24895E-4 1.0561E-3 3.69681E-3 1.74646E-3 2.29402E-3 5.58959E-3 1.17451E-2 1.13782E-2 1.7255E-2 5.05714E-3 7.04334E-3 3.07836E-3 3.90159E-4 3.42884E-4 9.98427E-4 3.32283E-4 2.48692E-4 1.14934E-3 5.26054E-4 1.92859E-4 1.069E-4 6.66112E-6 8.53831E-6 4.20323E-6 5.26926E-6 7.5212E-6 1.28357E-5
0E0 0E0 0E0 0E0 0E0 0E0 0E0 0E0 0E0 0E0 0E0 0E0 0E0 0E0 0E0 0E0 0E0 0E0 0E0 0E0 0E0 0E0 0E0 0E0 0E0 0E0 0E0 0E0 0E0 0E0 0E0 0E0 0E0 0E0 0E0 0E0 0E0 0E0 0E0 0E0 2.0955E-1 1.70186E-1 1.41711E-1 0E0 0E0 0E0 0E0 0E0 2.36507E-1 1.09988E-2 9.07493E-4 5.97233E-4 1.3678E-3 3.69174E-3 1.08122E-2 2.11713E-2 5.87915E-3 5.4383E-3 2.0991E-2 8.85208E-3 2.2153E-3 4.65149E-3 9.2143E-3 2.4892E-3 6.65253E-5 1.15756E-4 2.41729E-4 6.22286E-5 3.14569E-5 3.5279E-5 3.27132E-5 9.42319E-5 3.34424E-5 1.66454E-5 1.00957E-5 7.19678E-6 1.0808E-5 8.60095E-6
0E0 0E0 0E0 0E0 0E0 0E0 0E0 0E0 0E0 0E0 0E0 0E0 0E0 0E0 0E0 0E0 0E0 0E0 0E0 0E0 0E0 0E0 0E0 0E0 0E0 0E0 0E0 0E0 0E0 0E0 0E0 0E0 0E0 0E0 0E0 0E0 0E0 1.36301E-1 1.21862E-1 8.02281E-2 8.44496E-2 7.85446E-2 8.79756E-2 1.30215E-1 1.41862E-1 2.48564E-1 0E0 0E0 2.39152E-1 9.82094E-3 1.84217E-3 2.77558E-3 5.50719E-3 1.02886E-2 1.15026E-2 2.57263E-2 2.12329E-2 2.71623E-2 2.49308E-2 1.68849E-2 5.76331E-3 2.82028E-3 6.40496E-3 4.33067E-3 5.19496E-4 8.82767E-4 8.10023E-4 1.39965E-4 1.36422E-4 2.87701E-5 1.47692E-5 1.84122E-5 1.65677E-5 1.52174E-5 2.01704E-6 5.84427E-6 7.5711E-6 6.30516E-6
0E0 0E0 0E0 0E0 0E0 0E0 0E0 0E0 0E0 0E0 0E0 0E0 0E0 0E0 0E0 0E0 0E0 0E0 0E0 0E0 0E0 0E0 0E0 0E0 0E0 0E0 0E0 0E0 0E0 0E0 0E0 0E0 0E0 0E0 0E0 0E0 0E0 1.89083E-1 1.40262E-1 1.23732E-1 9.714E-2 7.79264E-2 5.63798E-2 8.29103E-2 9.98013E-2 0E0 2.26664E-1 2.37663E-1 1.92915E-1 1.06215E-2 1.4478E-3 3.41276E-3 1.33761E-2 4.47846E-2 1.73722E-2 3.35511E-2 3.49522E-2 1.62862E-2 7.37243E-3 1.37813E-2 2.41646E-2 1.11214E-2 1.15127E-2 1.31482E-2 1.89344E-2 8.58598E-3 7.29318E-3 3.51078E-3 8.19759E-4 1.79776E-4 2.70378E-5 1.74121E-5 1.05352E-5 8.90973E-6 1.79384E-6 2.20991E-6 3.98451E-6 7.92675E-6
0E0 0E0 0E0 0E0 0E0 0E0 0E0 0E0 0E0 0E0 0E0 0E0 0E0 0E0 0E0 0E0 0E0 0E0 0E0 0E0 0E0 0E0 0E0 0E0 0E0 0E0 0E0 0E0 0E0 0E0 0E0 0E0 0E0 0E0 0E0 0E0 0E0 2.04121E-1 1.16687E-1 9.10186E-2 8.48737E-2 6.00572E-2 5.80907E-2 8.85369E-2 7.96518E-2 9.53421E-2 6.79213E-2 1.78589E-1 5.25234E-2 5.29453E-3 3.96624E-3 5.60481E-3 1.24765E-2 5.94874E-2 3.22144E-2 2.56892E-2 2.68971E-2 1.35255E-2 1.42257E-2 6.96813E-3 1.25499E-2 1.99758E-2 9.3925E-3 4.08832E-3 1.57956E-2 8.69537E-3 3.8562E-3 2.86456E-3 3.73894E-3 1.28795E-3 4.46192E-4 7.36544E-5 2.79052E-5 1.23037E-6 7.13031E-6 6.38454E-6 5.68386E-6 1.10437E-5
0E0 0E0 0E0 0E0 0E0 0E0 0E0 0E0 0E0 0E0 0E0 0E0 0E0 0E0 0E0 0E0 0E0 0E0 0E0 0E0 0E0 0E0 0E0 0E0 0E0 0E0 0E0 0E0 0E0 0E0 0E0 0E0 0E0 2.43911E-1 2.42751E-1 2.51059E-1 2.47213E-1 2.36241E-1 1.45666E-1 6.35733E-2 8.15651E-2 7.36874E-2 4.86519E-2 7.79723E-2 9.0582E-2 6.30681E-2 3.4126E-2 6.09384E-2 3.06602E-2 1.5488E-2 8.28394E-3 1.24519E-2 2.73933E-2 5.50387E-2 5.62196E-2 2.68131E-2 4.05542E-2 1.58439E-2 6.59408E-3 6.75067E-3 4.12175E-3 6.3393E-3 1.82132E-2 3.25136E-3 2.45938E-3 5.19631E-3 2.39068E-3 2.32637E-4 1.91388E-4 1.15042E-4 2.63368E-4 9.37688E-5 1.69527E-5 4.03818E-6 7.01514E-6 7.22275E-6 6.61683E-6 4.41974E-6
0E0 0E0 0E0 0E0 0E0 0E0 0E0 0E0 0E0 0E0 0E0 0E0 0E0 0E0 0E0 0E0 0E0 0E0 0E0 0E0 0E0 0E0 0E0 0E0 0E0 0E0 0E0 0E0 0E0 0E0 0E0 0E0 0E0 2.34723E-1 2.18278E-1 2.39919E-1 1.48861E-1 4.24298E-2 5.16393E-2 4.24266E-2 7.67713E-2 8.44894E-2 6.70061E-2 5.56763E-2 7.43385E-2 7.49791E-2 6.3483E-2 6.84275E-2 2.87859E-2 2.82252E-2 1.93551E-2 2.33725E-2 4.82696E-2 2.82173E-2 4.34226E-2 4.97917E-2 1.20444E-2 3.02459E-3 1.05668E-3 2.26237E-3 1.27789E-3 1.39609E-3 6.19877E-3 3.66104E-3 5.37154E-4 4.15028E-4 2.5155E-3 7.61005E-4 6.9652E-5 5.30306E-5 4.55153E-5 7.55859E-5 8.79586E-6 2.0598E-6 7.45833E-6 5.626E-6 4.44335E-6 4.55257E-6
0E0 0E0 0E0 0E0 0E0 0E0 0E0 0E0 0E0 0E0 0E0 0E0 0E0 0E0 0E0 0E0 0E0 0E0 0E0 0E0 0E0 0E0 0E0 0E0 0E0 0E0 0E0 0E0 0E0 0E0 0E0 2.19536E-1 2.15965E-1 2.30225E-1 2.36886E-1 0E0 1.3745E-1 3.81382E-2 5.73434E-2 4.30062E-2 3.96247E-2 8.27396E-2 5.38802E-2 5.64687E-2 8.08603E-2 7.36643E-2 8.23575E-2 8.28978E-2 6.1147E-2 5.76399E-2 6.51452E-2 7.04086E-2 3.71265E-2 1.39554E-2 1.59875E-2 1.36219E-2 1.53219E-2 1.38816E-2 5.60793E-3 1.32522E-3 3.05728E-4 4.34498E-4 1.23128E-3 1.37108E-3 4.98938E-4 7.38957E-5 6.34447E-5 3.78711E-4 1.26622E-4 1.08127E-5 9.71177E-6 1.89497E-5 1.26914E-5 5.38803E-6 5.14303E-6 3.69681E-6 1.77515E-6 6.9388E-6
0E0 0E0 0E0 0E0 0E0 0E0 0E0 0E0 0E0 0E0 0E0 0E0 0E0 0E0 0E0 0E0 0E0 0E0 0E0 0E0 0E0 0E0 0E0 0E0 0E0 0E0 0E0 0E0 0E0 0E0 0E0 2.0162E-1 2.08075E-1 2.24649E-1 2.45301E-1 2.68571E-1 1.18332E-1 3.63634E-2 4.4993E-2 2.85655E-2 3.10342E-2 7.74247E-2 6.89212E-2 6.88664E-2 8.71864E-2 8.88985E-2 8.30577E-2 7.9115E-2 7.93362E-2 7.43542E-2 5.2159E-2 4.96651E-2 1.95601E-2 3.48293E-3 1.60938E-2 1.64074E-2 1.0692E-2 1.00943E-2 4.75301E-3 2.01944E-3 8.20272E-4 1.78124E-4 2.59291E-4 4.20704E-4 1.21076E-4 3.67958E-5 1.54281E-5 2.58954E-5 3.54534E-5 1.32326E-5 3.12761E-6 3.80419E-6 6.6444E-6 1.74677E-6 1.68027E-6 6.03693E-6 7.84861E-6 7.26833E-6
0E0 0E0 0E0 0E0 0E0 0E0 0E0 0E0 0E0 0E0 0E0 0E0 0E0 0E0 0E0 0E0 0E0 0E0 0E0 0E0 0E0 0E0 0E0 0E0 0E0 0E0 0E0 0E0 0E0 2.15795E-1 2.09718E-1 2.39766E-1 2.38004E-1 1.78817E-1 1.66685E-1 1.25608E-1 1.78306E-1 7.18898E-2 9.8902E-2 7.40385E-2 3.91803E-2 8.13591E-2 5.14545E-2 6.23347E-2 6.58432E-2 7.99181E-2 6.34212E-2 7.81175E-2 4.22438E-2 4.96851E-2 4.2439E-2 1.74364E-2 6.7171E-3 6.10891E-3 9.59902E-3 6.85647E-3 8.41742E-3 4.88538E-3 1.47469E-3 5.44325E-4 2.62297E-4 9.09667E-5 4.24386E-5 5.22802E-5 3.14814E-5 1.40979E-5 8.92267E-6 7.54166E-6 9.76466E-6 7.88891E-6 6.59302E-6 1.44366E-6 1.91015E-6 3.64018E-6 2.0819E-6 1.10162E-5 8.22812E-6 9.05427E-6
0E0 0E0 0E0 0E0 0E0 0E0 0E0 0E0 0E0 0E0 0E0 0E0 0E0 0E0 0E0 0E0 0E0 0E0 0E0 0E0 0E0 0E0 0E0 0E0 0E0 0E0 0E0 0E0 0E0 0E0 2.22201E-1 0E0 2.44757E-1 2.55365E-1 2.51682E-1 2.77401E-2 6.00166E-2 1.7067E-1 1.98164E-1 2.00473E-1 7.49059E-2 7.51858E-2 7.77662E-2 3.77072E-2 8.42747E-2 9.44553E-2 7.21881E-2 8.00542E-2 3.36618E-2 3.31574E-2 2.23395E-2 5.29141E-3 1.54112E-3 2.36111E-3 6.78444E-3 7.97116E-3 3.00423E-3 1.58233E-3 2.07858E-3 8.24257E-4 3.04892E-4 3.53187E-5 3.4166E-5 7.67004E-5 3.72935E-5 1.34342E-4 1.04041E-4 2.07443E-5 1.75742E-5 6.28268E-5 3.36534E-6 5.79752E-6 5.74593E-6 7.2545E-6 1.88177E-6 5.05996E-6 4.50498E-6 2.96209E-6
0E0 0E0 0E0 0E0 0E0 0E0 0E0 0E0 0E0 0E0 0E0 0E0 0E0 0E0 0E0 0E0 0E0 0E0 0E0 0E0 0E0 0E0 0E0 0E0 0E0 0E0 0E0 0E0 0E0 0E0 2.03162E-1 2.16665E-1 2.10621E-1 2.30166E-1 2.42317E-1 4.16163E-2 8.93801E-2 2.49595E-1 2.54921E-1 2.04379E-1 9.73197E-2 4.90147E-2 8.23966E-2 6.88867E-2 8.48248E-2 6.58383E-2 8.39792E-2 6.28493E-2 2.70215E-2 1.18973E-2 1.22484E-2 8.95158E-3 9.37416E-4 2.62848E-3 2.39302E-3 3.55329E-3 2.54305E-3 3.88285E-3 7.10468E-3 1.47757E-3 4.75067E-4 5.19926E-5 9.85836E-5 5.51782E-4 1.95805E-4 1.04111E-3 1.66883E-4 1.14316E-4 1.90556E-4 1.47145E-4 2.39487E-6 5.09029E-6 3.68798E-6 1.47648E-5 6.05912E-6 5.72884E-6 3.54212E-6 3.92027E-6
0E0 0E0 0E0 0E0 0E0 0E0 0E0 0E0 0E0 0E0 0E0 0E0 0E0 0E0 0E0 0E0 0E0 0E0 0E0 0E0 0E0 0E0 0E0 0E0 0E0 0E0 0E0 0E0 0E0 0E0 1.75105E-1 1.91934E-1 2.31301E-1 2.32682E-1 2.55116E-1 8.77602E-2 2.64082E-1 0E0 2.3616E-1 0E0 8.19533E-2 5.5875E-2 8.65983E-2 6.23944E-2 8.69665E-2 6.55344E-2 6.81661E-2 7.29829E-2 3.19446E-2 8.3245E-3 4.89043E-3 5.41898E-3 2.0917E-3 3.5895E-3 7.02119E-3 1.61903E-2 1.66336E-2 3.14916E-2 2.24446E-2 1.0567E-2 2.39284E-2 4.99554E-4 3.68778E-4 2.53314E-3 1.46701E-3 1.82349E-3 1.662E-3 8.8384E-4 5.62262E-4 6.83835E-5 7.17323E-6 6.73788E-6 3.6865E-6 7.00365E-6 2.27531E-5 3.40527E-5 5.03028E-6 1.02884E-5
0E0 0E0 0E0 0E0 0E0 0E0 0E0 0E0 0E0 0E0 0E0 0E0 0E0 0E0 0E0 0E0 0E0 0E0 0E0 0E0 0E0 0E0 0E0 0E0 0E0 0E0 0E0 0E0 0E0 0E0 1.6947E-1 2.11614E-1 1.6927E-1 2.2439E-1 1.96597E-1 6.37891E-2 2.68809E-1 2.62165E-1 2.6304E-1 2.35601E-1 2.50789E-1 1.1033E-1 9.13522E-2 8.39981E-2 8.12111E-2 6.46891E-2 7.84916E-2 7.58101E-2 4.2134E-2 1.36882E-2 6.22631E-3 5.5451E-3 5.55973E-3 9.19709E-3 2.21997E-2 9.39113E-3 9.54867E-3 1.36345E-2 8.50202E-3 4.23891E-3 1.46889E-2 2.57575E-3 3.56307E-3 8.2397E-3 4.55838E-3 2.82529E-3 7.46058E-4 2.37973E-4 6.42034E-5 2.00096E-5 7.05142E-6 2.63177E-6 3.3079E-6 3.06914E-6 4.92145E-6 1.43573E-5 7.57934E-5 8.43184E-5
0E0 0E0 0E0 0E0 0E0 0E0 0E0 0E0 0E0 0E0 0E0 0E0 0E0 0E0 0E0 0E0 0E0 0E0 0E0 0E0 0E0 0E0 0E0 0E0 0E0 0E0 0E0 0E0 0E0 1.83266E-1 1.86904E-1 2.15738E-1 2.09409E-1 2.16341E-1 2.18252E-1 6.58763E-2 1.89811E-1 2.1405E-1 1.88691E-1 2.4423E-1 2.4863E-1 1.50056E-1 7.38191E-2 8.0157E-2 7.31257E-2 8.89407E-2 7.88543E-2 8.47803E-2 6.44615E-2 3.52509E-2 1.07596E-2 1.11355E-2 1.35355E-2 1.79718E-2 2.44584E-2 2.13696E-2 1.26743E-2 1.4912E-2 1.16673E-2 1.11693E-2 6.32015E-3 8.33153E-3 1.39929E-2 1.6459E-2 6.36075E-3 3.68918E-3 1.59626E-3 8.21752E-5 9.28018E-6 3.92759E-6 3.42648E-6 2.93582E-6 2.19648E-6 1.54038E-6 3.6159E-6 4.92309E-6 7.57335E-6 1.63006E-4
0E0 0E0 0E0 0E0 0E0 0E0 0E0 0E0 0E0 0E0 0E0 0E0 0E0 0E0 0E0 0E0 0E0 0E0 0E0 0E0 0E0 0E0 0E0 0E0 0E0 0E0 0E0 0E0 0E0 1.96271E-1 2.02986E-1 2.14568E-1 2.2006E-1 2.37238E-1 1.86533E-1 4.89867E-2 1.5367E-1 1.71803E-1 1.53031E-1 2.55024E-1 0E0 1.20576E-1 9.25055E-2 8.24649E-2 6.92958E-2 7.13442E-2 7.63236E-2 8.175E-2 8.14244E-2 5.55554E-2 1.96657E-2 1.08956E-2 1.93492E-2 2.83197E-2 4.30472E-2 4.16082E-2 4.2871E-2 2.84487E-2 1.94349E-2 2.03691E-2 2.0509E-2 1.09731E-2 3.59053E-3 1.13968E-3 3.8296E-4 1.2028E-4 9.19604E-5 3.17883E-5 1.13659E-5 3.39591E-6 2.94334E-6 9.28767E-6 3.52728E-6 2.46128E-6 8.39111E-6 3.14387E-6 4.766E-6 1.22096E-5
0E0 0E0 0E0 0E0 0E0 0E0 0E0 0E0 0E0 0E0 0E0 0E0 0E0 0E0 0E0 0E0 0E0 0E0 0E0 0E0 0E0 0E0 0E0 0E0 0E0 0E0 0E0 0E0 0E0 2.01591E-1 2.03639E-1 2.22013E-1 2.42971E-1 2.06907E-1 9.22611E-2 1.00592E-1 2.136E-1 1.32225E-1 9.07034E-2 2.03824E-1 2.33921E-1 1.47449E-1 7.83586E-2 8.33433E-2 8.09343E-2 7.74796E-2 8.26334E-2 8.29182E-2 8.37564E-2 5.7844E-2 5.46077E-2 3.77522E-2 3.76415E-2 5.62059E-2 3.89188E-2 5.35301E-2 5.3292E-2 4.02434E-2 2.16817E-2 2.55096E-2 2.04252E-2 7.04692E-3 1.1128E-3 2.33471E-4 5.47825E-5 2.06564E-5 4.71347E-6 4.69377E-6 5.41461E-6 3.87512E-6 5.60464E-6 2.26004E-5 1.01134E-5 2.97679E-5 1.45065E-5 4.57856E-6 4.69924E-6 5.12225E-6
0E0 0E0 0E0 0E0 0E0 0E0 0E0 0E0 0E0 0E0 0E0 0E0 0E0 0E0 0E0 0E0 0E0 0E0 0E0 0E0 0E0 0E0 0E0 0E0 0E0 0E0 0E0 0E0 0E0 2.08346E-1 1.92861E-1 1.99809E-1 2.46898E-1 2.29522E-1 1.77276E-1 1.34398E-1 2.40863E-1 8.13606E-2 3.7941E-2 1.56294E-1 2.16092E-1 1.89619E-1 9.32222E-2 4.66022E-2 8.13543E-2 7.34798E-2 7.95917E-2 7.73629E-2 7.78821E-2 8.02339E-2 6.15028E-2 6.92683E-2 7.54767E-2 8.51372E-2 3.71987E-2 4.54704E-2 2.35064E-2 3.2883E-2 5.12774E-2 4.1562E-2 1.81875E-2 1.62205E-2 1.49427E-3 9.57666E-4 1.51266E-4 2.22484E-5 7.97198E-6 4.66302E-6 5.15825E-6 5.62611E-6 1.00568E-5 3.27306E-5 7.29983E-5 2.32629E-5 7.71163E-6 4.6422E-6 3.55822E-6 3.67687E-6
0E0 0E0 0E0 0E0 0E0 0E0 0E0 0E0 0E0 0E0 0E0 0E0 0E0 0E0 0E0 0E0 0E0 0E0 0E0 0E0 0E0 0E0 0E0 0E0 0E0 0E0 0E0 0E0 2.03359E-1 2.07009E-1 2.13974E-1 2.1991E-1 2.46614E-1 1.59836E-1 2.35511E-1 2.36774E-1 2.338E-1 2.03254E-1 3.80346E-2 8.54526E-2 2.37396E-1 1.956E-1 7.65129E-2 8.70885E-2 8.4928E-2 8.23548E-2 7.49982E-2 8.14559E-2 7.59153E-2 8.14979E-2 8.33016E-2 7.80652E-2 5.79159E-2 5.06914E-2 3.20001E-2 5.9945E-2 3.34649E-2 2.36486E-2 2.80885E-2 5.00013E-2 5.9891E-3 2.15161E-3 2.57897E-4 1.85769E-4 6.07392E-5 1.99985E-5 7.23529E-6 3.15928E-6 3.06462E-6 5.0416E-6 1.06677E-4 1.59333E-4 8.90728E-5 1.32465E-5 5.07522E-6 3.6724E-6 3.96341E-6 7.31222E-6
0E0 0E0 0E0 0E0 0E0 0E0 0E0 0E0 0E0 0E0 0E0 0E0 0E0 0E0 0E0 0E0 0E0 0E0 0E0 0E0 0E0 0E0 0E0 0E0 0E0 0E0 0E0 0E0 0E0 2.22345E-1 2.37978E-1 1.96573E-1 1.33256E-1 1.63829E-1 2.58984E-1 2.33342E-1 2.34638E-1 2.21199E-1 8.80561E-2 1.63298E-1 2.46755E-1 2.23071E-1 1.1503E-1 8.26492E-2 8.41832E-2 8.11155E-2 7.88028E-2 6.70282E-2 7.45231E-2 7.38815E-2 7.28594E-2 5.90456E-2 3.9061E-2 3.05684E-2 2.74945E-2 1.97803E-2 1.95159E-2 8.19769E-3 7.48613E-3 9.87024E-3 3.66912E-3 4.5481E-4 1.19739E-4 4.0675E-5 2.04278E-5 6.73635E-6 1.97836E-6 4.71738E-6 1.07022E-5 1.33107E-5 2.76206E-5 2.75611E-4 8.47569E-5 1.76744E-5 7.26196E-6 4.47853E-6 4.68666E-6 1.11718E-5
0E0 0E0 0E0 0E0 0E0 0E0 0E0 0E0 0E0 0E0 0E0 0E0 0E0 0E0 0E0 0E0 0E0 0E0 0E0 0E0 0E0 0E0 0E0 0E0 0E0 0E0 0E0 0E0 0E0 0E0 0E0 8.84794E-2 7.9789E-2 2.32314E-1 2.51268E-1 2.2867E-1 2.31296E-1 2.17906E-1 1.17985E-1 2.16862E-1 2.07858E-1 1.94829E-1 8.97329E-2 9.29808E-2 8.59208E-2 8.0208E-2 7.74771E-2 4.40953E-2 5.81024E-2 6.96667E-2 6.9633E-2 5.80644E-2 2.29967E-2 1.79009E-2 1.44299E-2 1.34618E-2 5.7418E-3 1.78924E-3 2.42716E-3 1.87541E-3 4.90917E-4 4.27223E-4 3.64778E-4 2.46095E-4 2.17066E-5 2.63951E-6 1.54284E-6 1.06716E-5 1.23854E-4 5.23407E-5 4.88465E-5 2.32378E-4 3.56483E-4 1.1567E-4 1.93801E-5 8.05697E-6 3.16157E-6 7.19414E-6
0E0 0E0 0E0 0E0 0E0 0E0 0E0 0E0 0E0 0E0 0E0 0E0 0E0 0E0 0E0 0E0 0E0 0E0 0E0 0E0 0E0 0E0 0E0 0E0 0E0 0E0 0E0 0E0 0E0 0E0 0E0 1.95576E-1 1.58997E-1 2.49107E-1 0E0 0E0 0E0 2.03157E-1 1.0337E-1 2.23762E-1 1.93225E-1 1.46691E-1 9.83791E-2 1.00771E-1 7.77226E-2 6.84552E-2 7.66761E-2 5.28492E-2 5.52148E-2 5.36005E-2 5.479E-2 4.04881E-2 2.41564E-2 1.47551E-2 5.71843E-3 3.11912E-3 3.41442E-3 1.09193E-3 1.25196E-3 9.8766E-4 1.15176E-3 1.80751E-3 5.76803E-4 6.91063E-5 3.77738E-5 4.91862E-6 2.17853E-6 3.59708E-5 4.34572E-4 1.00504E-4 3.28405E-5 3.21358E-4 3.53938E-4 9.97301E-5 1.07829E-5 5.27998E-6 3.10892E-6 4.14623E-6
