ENM/Final_Models/M_1_F_lqp_Set_1_NE/Gustavia_santanderiensis_0_Choco_novel.asc
ncols         367
nrows         963
xllcorner     -78.6
yllcorner     0.65
cellsize      0.00833333333333323
NODATA_value  -9999
[rows 120 to 149 of 963, columns 272 to 339 of 367]
7.70536E0 7.20631E0 -9999 -9999 -9999 -9999 -9999 -9999 -9999 -9999 -9999 -9999 -9999 -9999 -9999 -9999 -9999 -9999 -9999 -9999 -9999 -9999 -9999 -9999 -9999 -9999 -9999 -9999 -9999 -9999 1.98822E1 1.7347E1 1.8924E1 1.68879E1 2.00818E1 2.00818E1 1.91037E1 2.27168E1 2.27168E1 2.27168E1 2.27168E1 2.00818E1 1.20371E1 1.05999E1 1.44525E1 1.57102E1 2.00818E1 2.59307E1 2.27168E1 2.27168E1 2.27168E1 -9999 -9999 -9999 -9999 -9999 -9999 -9999 3.88063E1 -9999 -9999 -9999 3.60315E1 3.60315E1 2.27168E1 2.59307E1 4.01038E1 4.01038E1
7.70536E0 7.70536E0 -9999 -9999 -9999 -9999 -9999 -9999 -9999 -9999 -9999 -9999 -9999 -9999 -9999 -9999 -9999 -9999 -9999 -9999 -9999 -9999 -9999 -9999 -9999 -9999 -9999 -9999 -9999 1.70676E1 1.59098E1 1.56503E1 1.29953E1 1.81655E1 2.00818E1 2.27168E1 2.00818E1 1.93432E1 2.27168E1 2.27168E1 2.27168E1 2.27168E1 1.57102E1 1.44525E1 1.20371E1 1.44525E1 2.00818E1 2.39944E1 2.27168E1 2.00818E1 2.59307E1 -9999 -9999 -9999 -9999 -9999 -9999 -9999 3.97245E1 -9999 -9999 -9999 4.49346E1 4.01038E1 2.85857E1 2.85857E1 3.60315E1 2.85857E1
7.20631E0 -9999 -9999 -9999 -9999 9.44206E0 8.32418E0 -9999 -9999 -9999 -9999 -9999 -9999 -9999 -9999 -9999 -9999 -9999 -9999 -9999 -9999 -9999 -9999 -9999 -9999 -9999 -9999 -9999 1.70676E1 1.70676E1 1.71674E1 1.69278E1 1.64487E1 1.98423E1 2.00818E1 2.00818E1 2.00818E1 1.8964E1 2.27168E1 2.27168E1 2.59307E1 2.27168E1 2.27168E1 2.00818E1 1.20371E1 1.44525E1 2.27168E1 2.39944E1 2.59307E1 2.00818E1 -9999 -9999 -9999 -9999 -9999 -9999 -9999 -9999 -9999 4.01038E1 -9999 -9999 -9999 4.01038E1 3.17796E1 2.59307E1 2.00818E1 2.00818E1
7.70536E0 -9999 -9999 -9999 8.32418E0 8.32418E0 9.44206E0 -9999 -9999 -9999 -9999 -9999 -9999 -9999 -9999 -9999 -9999 -9999 -9999 -9999 -9999 -9999 -9999 -9999 -9999 -9999 -9999 -9999 -9999 1.34345E1 2.00818E1 1.76265E1 1.46122E1 1.80657E1 2.27168E1 2.27168E1 2.00818E1 2.27168E1 2.27168E1 2.27168E1 2.59307E1 2.59307E1 2.27168E1 1.70676E1 1.44525E1 1.57102E1 2.00818E1 2.27168E1 2.00818E1 1.70676E1 -9999 -9999 -9999 -9999 -9999 -9999 -9999 -9999 -9999 3.17796E1 4.01038E1 -9999 -9999 3.17796E1 2.27168E1 2.00818E1 1.44525E1 1.20371E1
8.32418E0 -9999 -9999 -9999 8.32418E0 8.32418E0 8.32418E0 -9999 -9999 -9999 -9999 -9999 -9999 -9999 -9999 -9999 -9999 -9999 -9999 -9999 -9999 -9999 -9999 -9999 -9999 -9999 -9999 -9999 -9999 2.00818E1 2.00818E1 2.00818E1 1.33746E1 1.39735E1 1.75067E1 1.98822E1 2.27168E1 2.09801E1 2.09801E1 2.39944E1 2.59307E1 2.27168E1 2.27168E1 2.27168E1 2.00818E1 1.70676E1 1.57102E1 1.57102E1 1.20371E1 1.70676E1 -9999 -9999 -9999 -9999 -9999 3.60315E1 3.60315E1 -9999 -9999 3.17796E1 3.17796E1 3.60315E1 3.05619E1 2.64897E1 1.57102E1 1.2616E1 1.05999E1 5.40972E0
7.70536E0 -9999 -9999 -9999 9.44206E0 9.44206E0 8.32418E0 -9999 -9999 -9999 -9999 -9999 -9999 9.44206E0 1.05999E1 -9999 -9999 -9999 -9999 -9999 -9999 -9999 -9999 -9999 -9999 -9999 -9999 -9999 -9999 1.57102E1 1.73071E1 2.00818E1 1.65086E1 1.17177E1 2.01218E1 1.53109E1 1.55505E1 1.48518E1 1.71674E1 1.63489E1 2.16189E1 2.27168E1 2.59307E1 2.59307E1 2.00818E1 1.44525E1 1.20371E1 9.44206E0 1.20371E1 1.44525E1 -9999 -9999 -9999 -9999 -9999 3.40952E1 2.72682E1 2.27168E1 -9999 -9999 2.59307E1 3.60315E1 2.13993E1 1.47919E1 6.44775E0 4.55135E0 6.40782E0 8.28426E0
8.32418E0 -9999 -9999 9.44206E0 8.32418E0 9.44206E0 9.44206E0 -9999 -9999 -9999 -9999 -9999 -9999 9.44206E0 9.44206E0 -9999 -9999 -9999 -9999 -9999 -9999 -9999 -9999 -9999 -9999 -9999 -9999 -9999 -9999 1.8944E1 1.4233E1 1.5251E1 1.23166E1 1.10789E1 1.12386E1 1.16978E1 1.19573E1 1.59896E1 1.80258E1 2.10799E1 2.02016E1 1.76864E1 2.10799E1 2.51522E1 2.00818E1 1.20371E1 1.05999E1 1.20371E1 1.70676E1 2.00818E1 -9999 -9999 -9999 -9999 -9999 3.17796E1 2.59307E1 1.57102E1 -9999 -9999 2.27168E1 2.85857E1 2.00818E1 1.05999E1 3.19393E0 2.4753E0 5.789E0 6.92684E0
8.32418E0 -9999 -9999 8.32418E0 9.44206E0 9.44206E0 9.44206E0 -9999 -9999 -9999 -9999 -9999 -9999 9.44206E0 1.05999E1 -9999 -9999 -9999 -9999 -9999 -9999 -9999 -9999 -9999 -9999 -9999 -9999 -9999 -9999 -9999 1.66883E1 1.35343E1 1.38337E1 1.85448E1 1.53109E1 1.38736E1 1.35343E1 1.74668E1 1.75067E1 1.59497E1 1.37139E1 1.45124E1 1.69278E1 2.08204E1 1.70476E1 1.70676E1 1.44525E1 1.57102E1 1.70676E1 -9999 -9999 -9999 2.85857E1 2.85857E1 -9999 2.85857E1 1.57102E1 1.20371E1 2.00818E1 2.18585E1 2.33157E1 2.12396E1 2.27168E1 7.00669E0 4.15211E0 2.93442E0 9.44206E0 1.05999E1
9.44206E0 8.32418E0 8.32418E0 9.44206E0 8.32418E0 9.44206E0 9.44206E0 -9999 -9999 -9999 -9999 -9999 -9999 9.44206E0 1.05999E1 9.44206E0 -9999 -9999 -9999 -9999 -9999 -9999 -9999 -9999 -9999 -9999 -9999 -9999 -9999 -9999 1.32548E1 1.49516E1 1.49516E1 1.57501E1 1.42529E1 1.31949E1 1.28556E1 1.39735E1 1.92634E1 1.32548E1 1.16579E1 1.40733E1 1.59896E1 1.95429E1 1.9463E1 1.57102E1 1.70676E1 2.27168E1 -9999 -9999 -9999 -9999 2.85857E1 2.85857E1 2.85857E1 2.27168E1 1.44525E1 1.05999E1 1.70676E1 2.39944E1 2.46332E1 2.16988E1 1.65086E1 2.00818E1 1.57102E1 9.44206E0 9.44206E0 1.20371E1
9.44206E0 9.44206E0 8.32418E0 8.32418E0 9.44206E0 9.44206E0 8.32418E0 -9999 -9999 -9999 -9999 -9999 1.05999E1 9.44206E0 9.44206E0 1.05999E1 -9999 -9999 -9999 -9999 -9999 -9999 -9999 -9999 -9999 -9999 -9999 -9999 -9999 -9999 1.38736E1 1.63489E1 1.98423E1 1.52311E1 1.56702E1 1.26759E1 1.31949E1 1.40333E1 1.40733E1 1.36141E1 1.15381E1 1.39934E1 2.07606E1 2.27168E1 1.70676E1 1.44525E1 2.00818E1 2.27168E1 -9999 -9999 -9999 2.85857E1 2.70686E1 2.85857E1 2.59307E1 2.00818E1 1.20371E1 1.05999E1 1.44525E1 2.00818E1 2.39146E1 2.0022E1 2.27168E1 2.27168E1 8.1046E0 1.20371E1 1.05999E1 1.20371E1
9.44206E0 9.44206E0 9.44206E0 9.44206E0 9.44206E0 8.32418E0 8.32418E0 -9999 -9999 -9999 -9999 -9999 1.20371E1 1.05999E1 1.05999E1 1.05999E1 1.05999E1 1.05999E1 -9999 -9999 -9999 -9999 -9999 -9999 -9999 -9999 -9999 -9999 -9999 -9999 -9999 1.18175E1 1.39735E1 1.88043E1 1.35143E1 1.71075E1 1.19174E1 1.62292E1 1.92634E1 1.33746E1 1.23765E1 1.4712E1 2.08204E1 2.10201E1 1.96427E1 1.44525E1 2.00818E1 2.27168E1 -9999 -9999 2.85857E1 2.39944E1 2.27168E1 2.24773E1 2.19583E1 1.57102E1 1.05999E1 2.4753E0 1.20371E1 1.44525E1 2.00818E1 1.44126E1 1.28556E1 1.29953E1 1.44525E1 1.20371E1 9.44206E0 9.44206E0
9.44206E0 9.44206E0 9.44206E0 8.32418E0 9.44206E0 8.32418E0 9.44206E0 -9999 -9999 -9999 -9999 -9999 1.20371E1 1.05999E1 1.20371E1 1.05999E1 8.1046E0 1.05999E1 1.20371E1 -9999 -9999 -9999 -9999 -9999 -9999 -9999 -9999 -9999 -9999 -9999 -9999 9.76145E0 1.22168E1 1.33347E1 1.83052E1 1.66883E1 1.77463E1 1.98223E1 1.72472E1 1.50314E1 1.45923E1 1.66883E1 2.10799E1 2.16988E1 1.44525E1 1.20371E1 1.57102E1 -9999 -9999 -9999 2.59307E1 2.00818E1 2.00818E1 1.46921E1 1.10191E1 1.10191E1 2.41541E0 8.32418E0 1.05999E1 1.20371E1 2.00818E1 1.67881E1 1.71075E1 1.19772E1 1.70676E1 3.81276E0 1.05999E1 9.44206E0
8.8432E0 8.8432E0 9.44206E0 8.32418E0 9.44206E0 9.44206E0 9.44206E0 -9999 -9999 -9999 -9999 -9999 1.20371E1 1.20371E1 1.20371E1 1.20371E1 1.05999E1 7.00669E0 1.05999E1 -9999 -9999 -9999 -9999 -9999 -9999 -9999 -9999 -9999 -9999 -9999 -9999 1.07795E1 1.12386E1 1.61693E1 1.35143E1 1.19573E1 1.4233E1 1.51712E1 1.3135E1 1.45923E1 1.58698E1 1.91037E1 1.81655E1 1.83851E1 1.70676E1 5.34984E0 1.44525E1 -9999 -9999 -9999 2.59307E1 1.44525E1 1.16778E1 1.28955E1 1.42529E1 9.44206E0 4.87075E0 8.32418E0 9.44206E0 9.44206E0 1.57102E1 1.53309E1 1.22168E1 1.42529E1 1.70676E1 1.70676E1 1.05999E1 9.44206E0
1.05999E1 9.44206E0 9.44206E0 7.00669E0 6.40782E0 5.34984E0 8.1046E0 -9999 -9999 -9999 -9999 -9999 1.20371E1 1.20371E1 1.20371E1 1.20371E1 1.05999E1 1.20371E1 1.05999E1 -9999 -9999 -9999 -9999 -9999 -9999 -9999 -9999 -9999 -9999 -9999 -9999 1.03204E1 1.33746E1 1.15181E1 1.40733E1 1.43527E1 1.27358E1 1.23765E1 1.13784E1 1.20571E1 1.30352E1 1.49915E1 1.19573E1 1.28955E1 1.35742E0 6.7871E-1 -9999 -9999 -9999 2.28965E1 1.70676E1 1.20371E1 8.1046E0 1.43527E1 1.1558E1 1.02206E1 2.4753E0 9.44206E0 9.44206E0 9.44206E0 1.44525E1 1.63489E1 1.11189E1 1.64088E1 1.44525E1 1.57102E1 1.20371E1 1.05999E1
1.05999E1 1.05999E1 1.05999E1 4.15211E0 2.93442E0 2.4753E0 5.84889E0 -9999 -9999 -9999 -9999 -9999 1.20371E1 1.20371E1 1.20371E1 1.20371E1 1.20371E1 1.05999E1 1.20371E1 -9999 -9999 -9999 -9999 -9999 -9999 1.57102E1 -9999 -9999 -9999 -9999 -9999 -9999 1.55505E1 1.42529E1 1.39735E1 1.38736E1 9.98104E0 9.14263E0 1.09791E1 1.11189E1 2.00818E1 1.56702E1 1.57501E1 4.15211E0 7.38597E-1 7.38597E-1 -9999 -9999 -9999 2.28566E1 1.44525E1 8.00479E0 1.28955E1 3.81276E0 2.19583E0 8.1046E0 5.34984E0 9.44206E0 9.44206E0 1.05999E1 1.44525E1 1.66883E1 1.5251E1 1.44525E1 1.20371E1 1.20371E1 1.20371E1 1.05999E1
3.19393E0 9.44206E0 4.55135E0 4.87075E0 2.4753E0 3.55325E0 5.84889E0 -9999 -9999 -9999 -9999 -9999 1.20371E1 1.44525E1 1.20371E1 1.20371E1 1.05999E1 1.20371E1 1.20371E1 -9999 -9999 -9999 -9999 -9999 -9999 1.57102E1 1.74668E1 -9999 -9999 -9999 1.36141E1 -9999 1.15181E1 1.82453E1 1.86047E1 1.50314E1 1.11388E1 1.14582E1 9.60176E0 1.33147E1 1.94231E1 1.39335E1 1.02206E1 9.38217E-1 1.53708E0 1.93632E0 -9999 -9999 2.12396E1 1.19573E1 4.15211E0 6.40782E0 1.02206E1 1.23765E0 2.67492E0 2.93442E0 8.1046E0 1.20371E1 9.44206E0 9.44206E0 1.44525E1 1.53309E1 1.86047E1 1.57102E1 1.20371E1 1.20371E1 1.05999E1 9.44206E0
1.67681E0 4.55135E0 2.67492E0 4.15211E0 4.55135E0 7.50574E0 9.44206E0 -9999 -9999 -9999 -9999 -9999 1.20371E1 1.20371E1 1.44525E1 1.44525E1 1.20371E1 7.50574E0 5.84889E0 -9999 -9999 -9999 -9999 -9999 -9999 1.41731E1 1.45124E1 -9999 -9999 -9999 1.19772E1 1.08793E1 9.16259E0 2.00818E1 2.00818E1 1.63489E1 1.19573E1 1.27358E1 1.28556E1 1.14582E1 1.74069E1 1.28955E1 7.38597E-1 1.67681E0 2.4753E0 2.67492E0 1.77463E1 2.12396E1 2.01218E1 7.00669E0 2.93442E0 1.23765E0 5.84889E0 4.87075E0 5.84889E0 8.98293E0 4.55135E0 9.44206E0 1.20371E1 9.44206E0 1.20371E1 2.00818E1 2.05609E1 1.70676E1 1.44525E1 1.20371E1 1.05999E1 1.05999E1
2.93442E0 4.15211E0 4.15211E0 3.81276E0 9.44206E0 1.05999E1 1.05999E1 1.20371E1 -9999 -9999 -9999 1.20371E1 1.20371E1 1.20371E1 1.20371E1 1.44525E1 1.44525E1 8.8432E0 1.02206E1 5.34984E0 -9999 -9999 -9999 -9999 -9999 1.06797E1 1.054E1 1.28556E1 -9999 -9999 9.46202E0 1.03204E1 1.20571E1 1.58698E1 1.19573E1 1.62691E1 1.27358E1 1.05999E1 1.04202E1 1.12386E1 1.51512E1 3.81276E0 5.58938E-1 7.18635E-1 2.03613E0 1.10191E1 2.02615E1 2.02815E1 1.79459E1 1.93632E0 9.98104E-1 8.58369E-1 4.39166E-1 7.38597E-1 2.93442E0 4.15211E0 2.67492E0 2.03613E0 3.19393E0 9.44206E0 1.44525E1 2.27168E1 2.27168E1 2.00818E1 1.57102E1 2.4753E0 1.05999E1 1.05999E1
1.19573E1 1.05999E1 3.55325E0 1.05999E1 1.05999E1 1.05999E1 1.05999E1 1.02206E1 -9999 -9999 -9999 1.20371E1 1.20371E1 1.20371E1 1.44525E1 1.44525E1 1.44525E1 1.44525E1 1.20371E1 1.20371E1 -9999 -9999 -9999 -9999 -9999 1.2097E1 1.06797E1 1.4233E1 -9999 -9999 1.1059E1 1.24763E1 1.51113E1 1.22168E1 8.1046E0 1.51512E1 1.32548E1 1.41331E1 1.39934E1 1.31949E1 9.66164E0 5.84889E0 8.58369E-1 1.53708E0 4.15211E0 1.02206E1 1.37539E1 1.89839E1 7.50574E0 2.93442E0 2.19583E0 4.87075E0 3.55325E0 5.98862E-1 5.58938E-1 4.99052E-1 3.79279E-1 1.13784E0 1.20371E1 1.05999E1 1.44525E1 2.27168E1 1.70676E1 1.44525E1 1.93632E0 1.02206E1 3.19393E0 1.05999E1
9.76145E0 4.15211E0 1.02206E1 1.05999E1 1.05999E1 1.05999E1 1.05999E1 1.05999E1 1.20371E1 -9999 -9999 1.20371E1 1.05999E1 1.19573E1 1.44525E1 1.32548E1 1.05999E1 1.44525E1 1.02206E1 7.00669E0 -9999 -9999 -9999 -9999 -9999 -9999 1.03603E1 9.12267E0 1.15181E1 1.38337E1 1.19772E1 1.38736E1 1.14582E1 1.18175E1 1.88043E1 9.44206E0 1.56702E1 1.32548E1 1.26959E1 1.04202E1 1.08793E1 1.01607E1 6.40782E0 1.93632E0 8.8432E0 1.12985E1 1.29953E1 1.19573E1 1.51512E1 2.93442E0 2.03613E0 5.30991E0 1.054E1 2.19583E0 2.59507E-1 4.77094E0 3.19393E0 9.38217E-1 1.44525E1 1.05999E1 1.44525E1 2.00818E1 1.70676E1 1.20371E1 9.28236E0 1.13784E0 4.55135E0 9.44206E0
-9999 9.64168E0 1.20371E1 9.44206E0 7.66544E0 1.05999E1 1.05999E1 1.20371E1 1.19573E1 -9999 -9999 1.05999E1 1.20371E1 1.20371E1 1.44525E1 1.19174E1 1.06198E1 1.44126E1 1.05E1 6.40782E0 6.40782E0 -9999 -9999 -9999 -9999 -9999 8.80327E0 6.22817E0 9.30233E0 1.11189E1 1.23765E1 1.29953E1 9.44206E0 9.64168E0 1.62292E1 8.1046E0 5.34984E0 1.10191E1 1.26759E1 1.08793E1 1.03404E1 1.14582E1 1.08793E1 1.1558E1 1.12386E1 1.37539E1 1.32149E1 1.28955E1 1.29354E1 2.67492E0 3.81276E0 4.55135E0 7.38597E0 2.03613E0 2.4753E0 1.20371E1 1.70676E1 1.44525E1 1.20371E1 1.05999E1 1.70676E1 1.57102E1 1.44525E1 1.20371E1 3.55325E0 5.34984E0 3.79279E-1 3.79279E-1
-9999 3.81276E0 1.20371E1 1.20371E1 3.19393E0 2.67492E0 5.34984E0 1.20371E1 1.19573E1 1.19573E1 1.20371E1 1.20371E1 1.20371E1 1.44525E1 1.44525E1 1.57102E1 1.40733E1 1.44525E1 1.39735E1 1.02206E1 6.40782E0 -9999 -9999 -9999 -9999 -9999 9.46202E0 7.46582E0 6.84699E0 1.17377E1 1.1059E1 1.03204E1 8.90308E0 1.0001E1 1.1059E1 9.44206E0 8.1046E0 9.44206E0 1.00409E1 9.60176E0 9.44206E0 1.22168E1 1.69478E1 1.29953E1 1.34744E1 1.29953E1 1.17776E1 1.02206E1 1.28955E1 9.98104E-1 2.67492E0 1.53708E0 5.01048E0 1.13784E0 1.93632E0 1.20371E1 1.44525E1 1.20371E1 1.05999E1 1.20371E1 1.57102E1 1.20371E1 1.20371E1 8.1046E0 9.92115E0 4.55135E0 2.67492E0 2.93442E0
-9999 1.20371E1 1.20371E1 1.20371E1 2.93442E0 1.93632E0 1.02206E1 1.20371E1 1.19573E1 1.20371E1 1.20371E1 1.20371E1 1.20371E1 1.44525E1 1.44525E1 1.44525E1 1.46122E1 1.2097E1 1.39335E1 1.44525E1 -9999 -9999 -9999 -9999 -9999 -9999 1.08993E1 9.56183E0 1.10191E1 1.22168E1 8.1046E0 9.44206E0 1.01607E1 1.10191E1 7.50574E0 6.40782E0 7.00669E0 5.34984E0 7.50574E0 9.16259E0 9.40214E0 1.07795E1 1.34345E1 1.8924E1 1.74069E1 1.45324E1 1.27957E1 1.08793E1 1.02206E1 1.23765E0 6.7871E-1 9.38217E-1 3.19393E0 2.19583E0 5.789E-1 8.1046E0 1.44525E1 1.44525E1 1.05999E1 1.44525E1 1.20371E1 1.05999E1 2.41541E0 4.15211E0 3.19393E0 7.18635E-1 1.44525E1 1.05999E1
-9999 7.50574E0 1.20371E1 9.32229E0 2.4753E0 2.41541E0 1.08793E1 1.20371E1 1.20371E1 1.15381E1 1.20371E1 1.20371E1 1.20371E1 1.44525E1 1.44525E1 1.10191E1 1.57102E1 1.51712E1 1.15381E1 1.46522E1 -9999 -9999 -9999 4.15211E0 -9999 -9999 1.17177E1 1.45124E1 1.11189E1 7.34604E0 7.50574E0 9.44206E0 7.50574E0 9.86126E0 9.44206E0 8.1046E0 2.4753E0 3.81276E0 8.1046E0 1.24763E1 9.64168E0 1.16179E1 1.45923E1 1.54906E1 1.8924E1 1.91037E1 1.36141E1 1.46721E1 6.40782E0 2.67492E0 7.50574E0 7.50574E0 3.55325E0 2.41541E0 2.03613E0 6.7871E-1 2.19583E0 4.55135E0 1.20371E1 3.19393E0 1.20371E1 1.05999E1 1.05999E1 3.19393E0 9.38217E-1 8.8432E0 1.44525E1 1.44525E1
1.39335E1 1.44525E1 1.20371E1 9.44206E0 1.06797E1 4.87075E0 1.20371E1 1.20371E1 1.20371E1 1.19573E1 1.20371E1 1.44525E1 1.13385E1 1.02206E1 1.10191E1 1.44525E1 1.70676E1 1.58698E1 1.00808E1 7.80517E0 8.78331E0 -9999 7.00669E0 2.93442E0 -9999 -9999 1.57102E1 1.63489E1 1.02006E1 7.98483E0 9.28236E0 9.56183E0 9.44206E0 9.44206E0 8.8432E0 7.00669E0 6.40782E0 4.15211E0 7.00669E0 1.02206E1 1.15181E1 1.29354E1 1.4752E1 1.85448E1 1.92634E1 1.98423E1 1.41531E1 4.55135E0 4.55135E0 1.67681E0 2.4753E0 3.19393E0 9.98104E-1 1.67681E0 1.35742E0 1.35742E0 7.38597E-1 1.05999E1 1.20371E1 1.23765E0 2.67492E0 9.98104E-1 4.55135E0 7.18635E-1 5.19014E-1 3.55325E0 1.44525E1 1.44525E1
1.44525E1 1.20371E1 1.44525E1 1.41531E1 1.33147E1 8.62362E0 1.18774E1 1.16778E1 1.20371E1 1.20371E1 1.44525E1 1.44525E1 4.87075E0 2.19583E0 2.19583E0 1.44525E1 1.28955E1 1.57102E1 1.44525E1 1.06797E1 1.052E1 -9999 1.23765E1 3.81276E0 4.55135E0 2.67492E0 5.34984E0 1.70676E1 1.02405E1 8.74339E0 1.11388E1 4.55135E0 8.8432E0 9.44206E0 8.1046E0 6.40782E0 5.34984E0 2.67492E0 9.44206E0 9.44206E0 1.10789E1 1.03204E1 1.20571E1 1.85448E1 1.25961E1 1.10191E1 1.10191E1 7.18635E-1 7.38597E-1 2.41541E0 1.93632E0 1.35742E0 5.19014E-1 5.789E-1 2.59507E-1 1.93632E0 1.05999E1 1.20371E1 1.10191E1 8.8432E0 5.98862E-1 5.84889E0 7.50574E0 2.19583E0 3.99241E-1 2.67492E0 1.44525E1 1.20371E1
1.44525E1 1.44525E1 1.02206E1 1.02206E1 1.1558E1 9.92115E0 4.87075E0 5.84889E0 3.19393E0 1.20371E1 1.20371E1 1.17976E1 3.55325E0 2.67492E0 3.55325E0 3.81276E0 1.57102E1 1.57102E1 1.70676E1 1.57102E1 1.57102E1 1.08394E1 1.56702E1 8.1046E0 5.84889E0 4.15211E0 4.87075E0 1.54107E1 1.57102E1 9.28236E0 8.60365E0 7.50574E0 7.00669E0 7.50574E0 7.50574E0 2.41541E0 7.18635E-1 3.55325E0 9.36221E0 7.50574E0 1.00409E1 9.16259E0 9.94111E0 1.78261E1 7.00669E0 1.19573E1 1.02206E1 6.7871E-1 4.99052E-1 4.99052E-1 6.7871E-1 1.23765E0 5.58938E-1 5.98862E-1 3.99241E-1 7.38597E-1 1.53708E0 1.20371E1 4.15211E0 1.53708E0 9.98104E-1 9.98104E-1 1.67681E0 1.20371E1 1.70676E1 1.57102E1 1.20371E1 1.20371E1
1.57102E1 1.57102E1 1.13385E1 1.19573E1 8.8432E0 9.82134E0 1.32149E1 1.39335E1 8.8432E0 1.44525E1 1.44525E1 1.16978E1 3.55325E0 3.55325E0 2.93442E0 2.19583E0 1.44525E1 5.34984E0 1.57102E1 1.70676E1 1.90039E1 1.39335E1 1.31949E1 1.67282E1 7.00669E0 5.34984E0 3.19393E0 2.67492E0 1.57102E1 1.15381E1 8.86316E0 4.87075E0 8.1046E0 5.84889E0 6.40782E0 2.19583E0 2.93442E0 3.81276E0 9.76145E0 7.50574E0 7.00669E0 8.42399E0 1.02206E1 8.8432E0 4.55135E0 3.55325E0 8.1046E0 4.99052E-1 2.59507E-1 3.59317E-1 3.81276E0 7.38597E-1 2.03613E0 5.19014E-1 9.98104E-1 9.98104E-1 9.44206E0 9.44206E0 3.55325E0 1.35742E0 3.39355E-1 3.39355E-1 8.58369E-1 1.57102E1 1.70676E1 1.05999E1 1.05999E1 1.20371E1
1.62891E1 1.57102E1 1.44525E1 1.44525E1 1.20571E1 1.37339E1 1.40932E1 1.39335E1 1.57102E1 1.44525E1 1.44525E1 1.23765E1 4.55135E0 4.55135E0 2.93442E0 2.4753E0 9.38217E-1 6.40782E0 1.70676E1 2.00818E1 1.7347E1 1.13784E1 9.28236E0 1.17776E1 3.81276E0 4.55135E0 1.53708E0 4.55135E0 1.57102E1 1.08793E1 8.1046E0 5.84889E0 4.15211E0 3.81276E0 5.84889E0 4.15211E0 2.93442E0 8.8432E0 8.8432E0 7.50574E0 7.50574E0 9.30233E0 8.96297E0 7.00669E0 4.55135E0 5.84889E0 7.50574E0 5.84889E0 3.39355E-1 2.41541E0 5.34984E0 1.29554E1 1.57102E1 1.93632E0 9.98104E-1 5.84889E0 8.58369E-1 7.00669E0 2.67492E0 5.58938E-1 4.99052E-1 1.13784E0 6.18824E-1 1.70676E1 1.57102E1 1.05999E1 1.20371E1 1.20371E1
1.20371E1 1.45923E1 4.15211E0 5.84889E0 5.84889E0 1.32947E1 1.55505E1 1.46522E1 1.10191E1 4.87075E0 1.45923E1 1.28955E1 3.81276E0 3.81276E0 3.19393E0 2.41541E0 1.93632E0 2.93442E0 1.28955E1 2.00818E1 2.00818E1 2.00818E1 1.1558E1 1.29354E1 1.7906E1 5.34984E0 5.34984E0 2.93442E0 1.10191E1 1.10191E1 1.32149E1 3.81276E0 3.55325E0 2.67492E0 3.81276E0 5.84889E0 9.98104E-1 4.55135E0 5.84889E0 2.19782E1 2.24174E1 1.29953E1 9.16259E0 4.87075E0 2.4753E0 2.93442E0 4.15211E0 4.87075E0 4.15211E0 3.55325E0 9.38217E-1 8.58369E-1 7.50574E0 1.70676E1 2.03613E0 5.84889E0 8.1046E0 5.34984E0 4.55135E0 5.84889E0 1.67681E0 9.98104E-1 1.67681E0 1.20371E1 1.20371E1 1.20371E1 1.20371E1 1.20371E1
