ENM/Final_Models/M_1_F_lqp_Set_1_NE/Gustavia_santanderiensis_0_Choco.asc
ncols         367
nrows         963
xllcorner     -78.6
yllcorner     0.65
cellsize      0.00833333333333323
NODATA_value  -9999
[rows 455 to 489 of 963, columns 234 to 311 of 367]
0E0 0E0 0E0 0E0 0E0 0E0 0E0 0E0 0E0 0E0 0E0 0E0 0E0 1.23229E-1 2.37296E-2 4.83297E-2 3.72195E-2 1.38305E-1 2.288E-1 3.29393E-1 0E0 0E0 0E0 1.50908E-1 9.40195E-1 2.63193E-1 2.03706E-1 5.54616E-1 5.10159E-1 3.7667E-1 3.68206E-1 1.97164E-1 1.11249E-1 5.20739E-3 1.28524E-2 1.04393E-1 1.90637E-1 1.00897E-1 2.30327E-1 0E0 0E0 5.40485E-1 8.49017E-1 5.84539E-1 2.12161E-1 1.1501E-1 1.47065E-1 1.7539E-1 3.50994E-1 1.55123E-1 1.8695E-1 3.8045E-1 3.43391E-1 3.66262E-1 1.54774E-1 5.71079E-2 -9999 -9999 -9999 -9999 -9999 -9999 -9999 -9999 -9999 -9999 -9999 -9999 -9999 -9999 -9999 -9999 -9999 -9999 -9999 -9999 -9999 -9999
0E0 0E0 0E0 0E0 0E0 0E0 0E0 0E0 0E0 0E0 0E0 0E0 2.28578E-1 9.85704E-2 1.59676E-1 2.91078E-2 7.49709E-2 5.45851E-2 1.13977E-1 4.08734E-1 0E0 0E0 0E0 4.85195E-1 6.37489E-1 6.08281E-1 7.85205E-1 8.61573E-1 5.80302E-1 4.86714E-1 6.63513E-1 7.08094E-1 2.17676E-1 3.46789E-1 1.48388E-1 8.79476E-2 1.16725E-2 8.06458E-2 6.05007E-2 2.30616E-1 0E0 0E0 6.35406E-1 9.01898E-1 3.82035E-1 0E0 0E0 3.12936E-1 6.82556E-1 1.71075E-1 8.96664E-2 2.28578E-1 3.79361E-1 3.98478E-1 4.16706E-1 4.56624E-2 -9999 -9999 -9999 -9999 -9999 -9999 -9999 -9999 -9999 -9999 -9999 -9999 -9999 -9999 -9999 -9999 -9999 -9999 -9999 -9999 -9999 -9999
0E0 0E0 0E0 0E0 0E0 0E0 0E0 0E0 0E0 0E0 0E0 0E0 6.11077E-2 7.05604E-2 8.15152E-2 5.98418E-2 1.90002E-1 9.97976E-2 1.85659E-1 2.35834E-1 0E0 0E0 0E0 2.80008E-1 6.67254E-1 7.84189E-1 7.68965E-1 7.39639E-1 6.48108E-1 6.29438E-1 8.65011E-1 7.04991E-1 3.85196E-1 3.86167E-1 6.06301E-1 9.9656E-2 7.81943E-2 6.43949E-2 7.1306E-2 0E0 4.2757E-1 6.29381E-1 0E0 8.64946E-1 6.10275E-1 3.58217E-1 1.75226E-1 2.37618E-1 4.79146E-1 6.22537E-1 3.27605E-1 1.9288E-1 2.468E-1 2.76201E-1 0E0 6.20739E-2 -9999 -9999 -9999 -9999 -9999 -9999 -9999 -9999 -9999 -9999 -9999 -9999 -9999 -9999 -9999 -9999 -9999 -9999 -9999 -9999 -9999 -9999
0E0 0E0 0E0 0E0 0E0 0E0 0E0 0E0 0E0 0E0 0E0 8.79884E-2 2.8456E-2 4.50348E-2 3.90823E-2 1.34521E-1 3.40731E-1 2.23936E-1 2.38174E-1 0E0 0E0 0E0 0E0 6.5621E-2 6.36173E-1 4.49658E-1 8.9659E-1 9.31278E-1 6.25194E-1 3.62227E-1 1.48719E-1 3.49653E-1 8.14887E-1 7.68563E-1 4.94143E-1 2.76479E-1 1.09802E-1 1.95382E-2 4.25361E-2 0E0 3.77366E-1 0E0 0E0 0E0 5.69404E-1 2.10157E-1 4.15509E-2 2.01326E-1 6.03539E-1 0E0 1.51778E-1 6.42247E-2 4.20619E-2 8.19025E-2 2.56921E-1 6.72206E-2 -9999 -9999 -9999 -9999 -9999 -9999 -9999 -9999 -9999 -9999 -9999 -9999 -9999 -9999 -9999 -9999 -9999 -9999 -9999 -9999 -9999 -9999
0E0 0E0 0E0 0E0 0E0 0E0 0E0 0E0 0E0 0E0 2.7341E-2 1.83099E-2 4.55864E-2 1.08729E-1 1.34176E-1 3.46984E-2 1.12516E-1 2.11254E-1 4.32528E-1 3.6872E-2 2.76093E-1 0E0 0E0 3.18626E-1 2.07067E-1 5.59314E-1 2.98325E-1 3.81277E-1 4.96715E-1 2.93995E-1 5.80846E-1 3.32903E-1 4.23767E-1 7.04953E-1 8.49428E-1 4.58024E-1 8.62728E-2 1.20528E-1 1.92773E-1 0E0 5.07081E-1 0E0 0E0 6.16689E-1 1.68324E-1 6.86718E-2 5.53947E-3 1.17341E-1 4.97172E-1 0E0 2.68885E-1 3.33818E-2 3.50591E-2 8.1582E-2 7.88073E-2 4.00317E-2 1.33306E-2 -9999 -9999 -9999 -9999 -9999 -9999 -9999 -9999 -9999 -9999 -9999 -9999 -9999 -9999 -9999 -9999 -9999 -9999 -9999 -9999 -9999
0E0 0E0 0E0 0E0 0E0 0E0 0E0 0E0 0E0 0E0 3.97364E-2 3.18726E-2 2.58534E-2 9.54602E-2 1.29254E-1 9.88264E-2 1.59934E-1 1.75519E-1 0E0 4.02481E-1 0E0 0E0 2.02675E-1 1.23883E-1 1.12594E-1 5.37659E-2 4.67416E-2 1.12465E-2 1.20224E-2 8.71835E-1 5.81483E-1 7.55455E-2 3.69868E-2 7.88811E-2 2.42378E-1 5.05615E-2 4.47446E-1 0E0 5.79835E-1 4.01124E-1 3.47229E-1 1.97031E-1 4.11902E-1 2.5166E-1 2.66536E-1 2.50343E-1 2.31105E-2 9.77745E-2 1.28438E-1 1.30551E-1 1.86613E-1 3.48898E-2 3.149E-2 7.33247E-2 1.88866E-2 1.17406E-2 4.64867E-2 -9999 -9999 -9999 -9999 -9999 -9999 -9999 -9999 -9999 -9999 -9999 -9999 -9999 -9999 -9999 -9999 -9999 -9999 -9999 -9999 -9999
0E0 0E0 0E0 0E0 0E0 0E0 0E0 0E0 0E0 1.53554E-1 2.94618E-2 4.62731E-2 2.06864E-1 1.54765E-1 2.43577E-1 1.63459E-1 1.21296E-1 1.22673E-1 1.10957E-1 2.45556E-1 5.00624E-1 0E0 7.66601E-1 4.68814E-1 4.54136E-1 4.76354E-1 3.49414E-2 3.58455E-2 7.70856E-2 4.01005E-1 5.39181E-1 3.50949E-1 9.90461E-2 1.87332E-1 3.11506E-1 0E0 0E0 3.82245E-1 2.86159E-1 2.27344E-1 8.53945E-2 5.43657E-2 1.03746E-1 1.65918E-1 2.32753E-1 1.15077E-1 4.08623E-2 4.15981E-2 6.09231E-2 2.96283E-2 5.13479E-2 3.93959E-2 4.00398E-2 3.60554E-2 1.43987E-2 1.19961E-2 1.64057E-2 -9999 -9999 -9999 -9999 -9999 -9999 -9999 -9999 -9999 -9999 -9999 -9999 -9999 -9999 -9999 -9999 -9999 -9999 -9999 -9999 -9999
0E0 0E0 0E0 0E0 0E0 0E0 0E0 0E0 0E0 2.52456E-1 7.7774E-2 1.25776E-1 2.19818E-1 2.05823E-1 3.67616E-1 1.79729E-1 7.82005E-2 2.6156E-2 2.13301E-1 4.20028E-1 0E0 0E0 0E0 5.23824E-1 3.1352E-1 7.48851E-1 1.38921E-1 1.03455E-1 2.08353E-2 4.21329E-2 1.16928E-1 1.05177E-1 1.20223E-1 6.49046E-2 2.67903E-1 0E0 3.38475E-1 3.40038E-1 1.50912E-1 1.08748E-1 8.90152E-2 1.31937E-1 8.39398E-2 7.29198E-2 6.11252E-2 3.31936E-2 1.0026E-2 3.06821E-2 1.17635E-1 1.50517E-2 2.68242E-2 1.56602E-2 2.04577E-2 5.12515E-2 3.13775E-2 5.09636E-2 4.45721E-2 -9999 -9999 -9999 -9999 -9999 -9999 -9999 -9999 -9999 -9999 -9999 -9999 -9999 -9999 -9999 -9999 -9999 -9999 -9999 -9999 -9999
0E0 0E0 0E0 0E0 0E0 0E0 0E0 0E0 0E0 1.64448E-1 5.19837E-2 1.35247E-1 2.1568E-1 1.50007E-1 2.73625E-1 2.54538E-1 1.11268E-1 7.01406E-2 2.38955E-1 0E0 0E0 0E0 0E0 3.93622E-2 3.125E-1 3.63531E-1 6.83283E-1 7.4471E-1 6.39627E-2 1.22398E-1 2.31907E-1 2.69777E-2 7.16007E-2 7.71586E-2 6.44586E-2 0E0 3.64226E-1 0E0 2.0665E-1 1.73941E-1 4.62418E-1 2.32309E-1 2.67291E-1 7.21719E-2 8.81245E-2 3.88653E-2 1.5498E-2 1.76646E-2 3.15614E-2 1.25205E-2 4.87516E-3 9.28754E-3 5.2425E-3 2.62527E-2 2.89394E-2 1.90781E-2 1.28212E-2 -9999 -9999 -9999 -9999 -9999 -9999 -9999 -9999 -9999 -9999 -9999 -9999 -9999 -9999 -9999 -9999 -9999 -9999 -9999 -9999 -9999
0E0 0E0 0E0 0E0 0E0 0E0 0E0 0E0 0E0 4.34378E-2 2.95695E-2 1.31423E-1 2.47277E-1 2.02099E-1 2.29579E-1 1.90809E-1 7.17063E-2 1.31553E-1 2.22044E-1 3.58789E-1 0E0 0E0 0E0 0E0 4.57161E-2 2.47969E-1 8.46121E-1 6.62682E-1 3.05115E-1 1.84185E-1 1.03706E-1 1.34331E-1 1.0477E-1 5.79471E-2 1.23749E-1 2.53447E-1 3.51087E-1 2.68364E-1 3.00382E-1 4.35937E-1 3.70654E-1 1.83494E-1 1.21314E-1 4.64417E-2 2.80721E-2 1.52891E-2 1.05829E-2 3.7311E-3 7.62581E-3 9.73055E-4 2.032E-3 2.45402E-3 4.47144E-3 7.29526E-3 5.98011E-2 3.84269E-3 4.63757E-2 -9999 -9999 -9999 -9999 -9999 -9999 -9999 -9999 -9999 -9999 -9999 -9999 -9999 -9999 -9999 -9999 -9999 -9999 -9999 -9999 -9999
0E0 0E0 0E0 0E0 0E0 0E0 0E0 0E0 0E0 4.00521E-2 5.46131E-2 5.12686E-2 2.34295E-1 1.90567E-1 1.31501E-1 6.58156E-2 8.56255E-3 1.28963E-2 9.57026E-3 7.09855E-2 3.38648E-1 0E0 0E0 0E0 0E0 5.39585E-1 1.0478E-1 1.90785E-1 1.80661E-1 1.5615E-1 1.45185E-1 1.40507E-1 1.0549E-1 1.21268E-1 2.10669E-2 9.87766E-2 2.52679E-1 3.04855E-1 2.30193E-1 1.64827E-1 2.03779E-1 3.70218E-1 0E0 2.42264E-2 1.59849E-2 6.08334E-3 1.7317E-4 5.88158E-4 1.52136E-3 1.27253E-3 3.15361E-3 1.75515E-2 1.4147E-2 4.14118E-2 2.96424E-2 2.64884E-2 4.60419E-2 -9999 -9999 -9999 -9999 -9999 -9999 -9999 -9999 -9999 -9999 -9999 -9999 -9999 -9999 -9999 -9999 -9999 -9999 -9999 -9999 -9999
0E0 0E0 0E0 0E0 0E0 0E0 0E0 0E0 0E0 8.17059E-2 6.03453E-2 4.6764E-2 2.15906E-1 2.75937E-1 1.8472E-1 4.08246E-2 4.2207E-2 1.28404E-3 2.38423E-3 1.0581E-2 3.61336E-2 1.50271E-1 2.56949E-1 4.19551E-1 0E0 6.34839E-1 8.39418E-2 3.69066E-2 6.72681E-2 1.33792E-1 2.11659E-1 2.07148E-1 4.79673E-1 1.92732E-1 4.10879E-1 1.22908E-1 1.97744E-1 2.06513E-1 1.95275E-1 3.61419E-1 3.57893E-1 1.8714E-1 1.53152E-1 1.30062E-1 9.54369E-3 5.21536E-3 3.37765E-3 1.085E-3 2.75564E-3 1.95462E-3 9.45594E-3 6.69825E-3 3.51472E-2 5.99214E-2 1.9651E-2 2.17998E-2 -9999 -9999 -9999 -9999 -9999 -9999 -9999 -9999 -9999 -9999 -9999 -9999 -9999 -9999 -9999 -9999 -9999 -9999 -9999 -9999 -9999 -9999
0E0 0E0 0E0 0E0 0E0 0E0 0E0 0E0 0E0 1.18824E-1 7.68313E-2 7.64229E-2 1.44833E-1 5.19313E-1 2.50044E-1 3.05513E-1 1.98335E-2 3.08278E-3 4.47046E-4 4.93953E-3 6.66538E-2 1.23175E-1 2.28156E-1 2.24596E-1 4.5686E-1 4.14429E-1 7.6387E-2 7.89772E-2 6.06578E-2 1.33082E-1 1.2329E-1 6.11714E-1 3.61261E-1 0E0 3.68011E-1 6.0486E-1 4.29802E-1 0E0 3.1828E-1 2.55658E-1 2.67111E-1 2.90307E-1 9.02567E-2 6.9442E-2 1.04481E-2 7.0012E-4 3.07142E-3 1.31401E-2 5.10635E-3 5.28015E-3 1.32691E-2 9.21555E-3 1.60973E-2 8.75167E-3 7.14865E-2 1.53156E-2 -9999 -9999 -9999 -9999 -9999 -9999 -9999 -9999 -9999 -9999 -9999 -9999 -9999 -9999 -9999 -9999 -9999 -9999 -9999 -9999 -9999 -9999
0E0 0E0 0E0 0E0 0E0 0E0 0E0 0E0 0E0 1.50302E-1 8.39921E-2 6.36381E-2 1.43606E-1 0E0 0E0 3.24442E-1 4.31283E-2 7.14618E-3 1.58764E-3 5.65935E-3 1.17497E-1 7.00292E-2 9.04005E-2 2.29553E-1 3.65831E-1 5.31391E-1 1.16545E-1 1.29583E-1 1.28461E-1 1.26258E-1 2.98291E-1 0E0 5.70137E-1 4.79816E-1 2.2885E-1 1.95812E-1 1.85887E-1 2.90656E-1 2.17712E-1 2.13915E-1 2.39007E-1 9.28827E-2 3.02605E-2 3.55375E-3 1.41729E-3 6.52572E-3 8.23559E-3 1.77028E-2 1.66384E-2 1.79185E-2 3.36981E-3 1.02188E-2 6.71072E-2 1.23899E-1 1.8756E-1 2.38055E-2 -9999 -9999 -9999 -9999 -9999 -9999 -9999 -9999 -9999 -9999 -9999 -9999 -9999 -9999 -9999 -9999 -9999 -9999 -9999 -9999 -9999 -9999
0E0 0E0 0E0 0E0 0E0 0E0 0E0 0E0 0E0 1.69887E-1 5.54707E-2 3.33902E-2 1.92013E-1 5.4756E-1 1.93738E-1 2.41818E-1 2.19644E-1 1.37134E-2 2.70009E-3 8.07665E-3 4.91258E-2 4.4924E-2 6.21722E-2 2.52695E-1 3.61712E-1 6.10566E-1 2.71809E-1 2.133E-1 1.9681E-1 1.81097E-1 1.71365E-1 0E0 5.38833E-1 3.28876E-1 2.28573E-1 8.74245E-2 6.4E-2 6.82073E-2 1.55709E-1 1.17192E-1 9.71682E-2 1.70446E-2 9.9114E-3 7.68187E-3 2.1622E-3 6.37196E-3 2.28928E-2 4.78951E-2 2.48389E-2 3.39878E-2 3.12182E-2 2.63739E-2 1.36892E-1 1.57844E-1 1.58073E-1 7.40816E-3 -9999 -9999 -9999 -9999 -9999 -9999 -9999 -9999 -9999 -9999 -9999 -9999 -9999 -9999 -9999 -9999 -9999 -9999 -9999 -9999 -9999 -9999
0E0 0E0 0E0 0E0 0E0 0E0 0E0 0E0 2.20013E-1 5.92532E-2 3.59229E-2 1.097E-1 0E0 7.83502E-1 1.86732E-2 1.3588E-2 0E0 8.47507E-2 1.36015E-2 7.69183E-2 1.19202E-1 3.22669E-2 4.9975E-2 3.80734E-2 2.17511E-1 1.34744E-1 0E0 3.08344E-1 4.80034E-1 2.53288E-1 1.83456E-1 4.19817E-1 1.75094E-1 6.31778E-2 5.25656E-2 4.52894E-2 3.88637E-2 5.36514E-2 1.16612E-1 5.48653E-2 1.58199E-2 4.13571E-3 9.86621E-3 8.64223E-3 1.43667E-2 3.41338E-2 6.11747E-3 1.23065E-2 2.21898E-2 2.19489E-2 4.75566E-2 8.52824E-2 1.72614E-1 2.67463E-1 1.26459E-1 2.63411E-2 -9999 -9999 -9999 -9999 -9999 -9999 -9999 -9999 -9999 -9999 -9999 -9999 -9999 -9999 -9999 -9999 -9999 -9999 -9999 -9999 -9999 -9999
0E0 0E0 0E0 0E0 0E0 0E0 0E0 0E0 0E0 1.24113E-1 1.16685E-1 2.01481E-1 0E0 0E0 7.73279E-1 0E0 5.60896E-1 1.52222E-1 1.87024E-1 4.52117E-1 0E0 0E0 4.05311E-3 6.17892E-2 1.33078E-1 0E0 5.16951E-1 0E0 0E0 0E0 0E0 2.24263E-1 8.88845E-2 1.15213E-1 1.145E-1 1.11369E-1 1.37611E-1 1.56415E-1 1.88822E-1 3.23035E-2 2.28499E-3 1.19476E-3 1.29301E-3 3.66895E-3 9.11216E-3 3.07251E-2 3.99972E-4 1.90103E-2 3.84595E-2 3.65494E-2 4.44077E-2 7.23024E-2 4.39332E-2 3.36957E-2 8.9661E-2 9.95903E-2 -9999 -9999 -9999 -9999 -9999 -9999 -9999 -9999 -9999 -9999 -9999 -9999 -9999 -9999 -9999 -9999 -9999 -9999 -9999 -9999 -9999 -9999
0E0 0E0 0E0 0E0 0E0 0E0 0E0 0E0 0E0 0E0 1.16566E-1 9.81281E-2 1.95204E-1 0E0 0E0 3.01899E-1 1.1236E-1 9.95132E-2 1.84853E-1 5.08875E-1 3.37569E-1 2.22709E-1 3.86045E-2 6.84156E-2 3.45207E-1 0E0 0E0 0E0 0E0 0E0 0E0 0E0 2.77847E-1 0E0 0E0 2.76932E-1 1.88551E-1 1.37497E-1 1.32249E-2 4.50661E-2 1.41596E-2 1.29082E-2 7.92243E-3 6.46415E-3 4.35902E-3 9.16381E-3 1.68851E-2 4.64525E-2 1.54929E-2 7.12978E-2 1.57516E-1 6.58641E-2 8.96217E-2 8.63897E-2 7.67874E-2 1.47056E-1 -9999 -9999 -9999 -9999 -9999 -9999 -9999 -9999 -9999 -9999 -9999 -9999 -9999 -9999 -9999 -9999 -9999 -9999 -9999 -9999 -9999 -9999
0E0 0E0 0E0 0E0 0E0 0E0 0E0 0E0 0E0 0E0 1.36421E-1 3.1075E-1 0E0 0E0 5.78111E-1 3.29487E-1 1.21556E-1 2.21998E-1 4.57448E-1 0E0 0E0 3.52409E-1 1.88768E-1 2.66458E-1 0E0 0E0 0E0 0E0 0E0 0E0 6.77466E-1 4.39167E-1 2.27467E-1 5.39262E-1 3.91311E-1 5.98147E-1 4.19951E-1 2.12409E-1 3.48614E-1 2.65731E-1 2.61797E-1 4.98402E-2 6.72312E-3 4.76631E-3 1.63774E-2 2.85209E-2 3.80244E-2 1.93321E-2 1.36105E-2 8.04146E-4 8.99233E-2 1.38455E-1 8.56524E-2 1.10988E-1 1.18321E-1 1.51876E-1 -9999 -9999 -9999 -9999 -9999 -9999 -9999 -9999 -9999 -9999 -9999 -9999 -9999 -9999 -9999 -9999 -9999 -9999 -9999 -9999 -9999 -9999
0E0 0E0 0E0 0E0 0E0 0E0 0E0 0E0 0E0 0E0 0E0 0E0 0E0 0E0 0E0 0E0 0E0 0E0 0E0 0E0 0E0 0E0 0E0 0E0 0E0 0E0 0E0 1.54359E-1 7.86683E-2 2.20662E-1 3.00838E-1 3.05928E-1 1.1131E-1 2.57244E-1 1.75962E-1 1.29012E-1 7.64356E-2 4.33956E-1 3.01471E-1 3.04627E-1 1.37897E-1 3.63987E-2 2.60571E-2 1.08067E-2 1.8325E-2 1.00441E-2 1.56443E-2 2.31972E-2 2.158E-2 6.10145E-2 1.06218E-1 7.12083E-2 6.22531E-2 1.63911E-2 4.33052E-2 7.93769E-2 -9999 -9999 -9999 -9999 -9999 -9999 -9999 -9999 -9999 -9999 -9999 -9999 -9999 -9999 -9999 -9999 -9999 -9999 -9999 -9999 -9999 -9999
0E0 0E0 0E0 0E0 0E0 0E0 0E0 0E0 0E0 0E0 0E0 0E0 0E0 0E0 0E0 0E0 0E0 0E0 0E0 0E0 0E0 0E0 0E0 0E0 0E0 0E0 7.05395E-2 2.37435E-1 3.81121E-1 3.43265E-1 3.63966E-1 4.56911E-1 5.18696E-1 2.21265E-1 2.60592E-1 2.896E-1 2.22798E-1 0E0 5.28927E-1 3.27552E-1 1.75448E-1 3.5148E-2 5.16404E-2 8.42512E-3 2.89125E-3 2.59392E-3 1.56442E-3 2.77101E-3 1.08076E-2 1.67261E-2 1.77001E-2 3.6983E-2 4.15551E-2 4.08357E-2 6.53648E-2 6.28961E-2 -9999 -9999 -9999 -9999 -9999 -9999 -9999 -9999 -9999 -9999 -9999 -9999 -9999 -9999 -9999 -9999 -9999 -9999 -9999 -9999 -9999 -9999
0E0 0E0 0E0 0E0 0E0 0E0 0E0 0E0 0E0 0E0 0E0 0E0 0E0 0E0 0E0 0E0 0E0 0E0 0E0 0E0 0E0 0E0 0E0 0E0 7.76522E-1 1.28376E-1 1.12751E-2 6.76021E-2 1.66397E-1 3.30527E-1 1.58163E-1 8.23217E-1 7.62563E-1 3.87221E-1 4.57598E-1 5.49353E-1 6.10858E-1 2.74101E-1 3.34246E-1 2.18714E-1 8.99764E-2 3.4588E-2 6.72611E-3 1.77034E-2 1.28029E-2 6.10014E-3 1.89213E-3 3.12053E-3 6.19487E-3 1.98768E-2 6.11162E-2 2.06352E-2 2.13372E-2 2.45081E-2 2.36507E-2 -9999 -9999 -9999 -9999 -9999 -9999 -9999 -9999 -9999 -9999 -9999 -9999 -9999 -9999 -9999 -9999 -9999 -9999 -9999 -9999 -9999 -9999 -9999
0E0 0E0 0E0 0E0 0E0 0E0 0E0 0E0 0E0 0E0 0E0 0E0 0E0 0E0 0E0 0E0 0E0 0E0 0E0 0E0 0E0 2.50743E-1 1.87236E-1 2.34407E-2 1.12797E-1 1.53619E-2 2.23723E-1 1.96751E-1 5.24203E-1 3.82899E-1 6.19827E-1 4.47854E-1 3.27256E-1 3.76852E-1 0E0 0E0 4.00591E-1 5.43717E-1 2.18231E-1 2.13715E-1 8.01346E-2 2.13078E-2 5.23591E-3 1.25656E-2 3.72824E-2 1.95821E-2 1.10619E-2 6.53745E-3 1.99867E-2 7.60954E-2 3.77362E-2 3.34225E-2 4.52704E-2 1.15474E-2 1.8218E-2 -9999 -9999 -9999 -9999 -9999 -9999 -9999 -9999 -9999 -9999 -9999 -9999 -9999 -9999 -9999 -9999 -9999 -9999 -9999 -9999 -9999 -9999 -9999
0E0 0E0 0E0 0E0 0E0 0E0 0E0 0E0 0E0 0E0 0E0 0E0 0E0 0E0 0E0 0E0 0E0 0E0 6.1978E-2 4.77875E-2 2.21327E-1 4.32971E-1 3.63639E-1 3.39683E-1 5.79061E-1 8.58481E-1 1.22688E-1 3.12034E-1 7.45063E-1 7.46028E-1 0E0 7.30862E-1 3.5844E-1 4.99304E-1 5.41585E-1 5.36856E-1 3.3279E-1 3.23268E-1 2.02467E-1 2.16532E-1 3.89839E-2 2.83646E-2 1.74073E-3 5.40121E-3 9.19418E-3 2.47453E-3 2.39405E-2 8.61257E-3 7.76995E-3 2.63614E-2 5.93756E-2 3.60201E-2 3.87749E-2 1.10181E-1 1.17491E-1 -9999 -9999 -9999 -9999 -9999 -9999 -9999 -9999 -9999 -9999 -9999 -9999 -9999 -9999 -9999 -9999 -9999 -9999 -9999 -9999 -9999 -9999 -9999
0E0 0E0 0E0 0E0 0E0 0E0 0E0 0E0 0E0 0E0 0E0 0E0 0E0 0E0 0E0 0E0 0E0 6.57596E-1 3.89068E-2 4.27506E-2 4.93272E-2 3.62926E-2 2.23123E-1 5.97782E-1 8.43039E-1 8.01605E-1 7.16771E-1 4.62521E-1 0E0 0E0 0E0 0E0 0E0 9.03228E-1 0E0 9.53864E-1 9.03782E-1 5.69639E-1 3.18213E-1 1.04534E-1 5.95685E-2 4.17028E-3 2.36533E-3 5.21987E-3 8.19966E-3 1.82121E-2 1.40114E-2 5.73752E-2 3.90238E-2 4.45137E-2 3.39275E-2 9.24822E-2 5.04884E-2 2.93238E-2 -9999 -9999 -9999 -9999 -9999 -9999 -9999 -9999 -9999 -9999 -9999 -9999 -9999 -9999 -9999 -9999 -9999 -9999 -9999 -9999 -9999 -9999 -9999 -9999
0E0 0E0 0E0 0E0 0E0 0E0 0E0 0E0 0E0 0E0 0E0 0E0 6.99693E-1 8.04393E-1 7.55044E-1 7.40011E-1 5.74349E-1 6.24836E-1 4.28505E-1 4.1774E-1 1.01289E-1 2.30711E-1 1.5878E-1 4.08508E-1 7.06737E-1 2.1224E-1 9.64796E-1 0E0 0E0 0E0 4.29145E-1 2.88783E-1 4.26388E-1 0E0 0E0 4.35985E-1 5.20224E-1 6.64272E-1 1.65712E-1 2.47725E-2 4.94469E-2 1.12561E-2 1.69434E-3 1.12555E-2 1.09814E-2 1.97503E-2 5.51163E-3 1.14131E-2 2.34264E-2 4.6053E-2 1.90105E-2 3.3887E-2 3.05756E-2 2.96003E-2 -9999 -9999 -9999 -9999 -9999 -9999 -9999 -9999 -9999 -9999 -9999 -9999 -9999 -9999 -9999 -9999 -9999 -9999 -9999 -9999 -9999 -9999 -9999 -9999
0E0 0E0 0E0 0E0 0E0 0E0 0E0 0E0 0E0 0E0 0E0 0E0 9.17365E-1 3.09712E-1 2.09747E-1 0E0 7.38115E-1 9.12087E-1 9.84425E-1 1.62542E-1 4.1011E-1 5.53058E-1 4.31966E-1 2.15988E-1 6.14186E-1 4.38471E-1 7.69381E-1 9.03168E-1 0E0 0E0 5.7724E-1 2.97022E-1 5.56952E-1 0E0 0E0 6.77733E-1 3.94394E-1 3.00967E-1 4.10375E-2 7.19225E-2 4.0328E-2 1.262E-2 1.86476E-2 1.03252E-2 1.16989E-2 9.21221E-3 1.56889E-2 5.4892E-2 5.1847E-2 2.36216E-2 5.42898E-2 3.40082E-2 8.48653E-2 1.31538E-1 -9999 -9999 -9999 -9999 -9999 -9999 -9999 -9999 -9999 -9999 -9999 -9999 -9999 -9999 -9999 -9999 -9999 -9999 -9999 -9999 -9999 -9999 -9999 -9999
0E0 0E0 0E0 0E0 0E0 0E0 0E0 0E0 0E0 0E0 9.77481E-1 9.58352E-1 9.32193E-1 9.51135E-1 5.33048E-1 4.5983E-1 5.11381E-1 9.99757E-1 9.2989E-1 0E0 9.83256E-1 0E0 6.31738E-1 7.30154E-1 8.81135E-1 7.58118E-1 0E0 0E0 0E0 0E0 9.18715E-1 0E0 0E0 0E0 0E0 8.37194E-1 6.61185E-1 6.61407E-1 7.77107E-2 3.94083E-2 4.71489E-2 1.12316E-2 7.55535E-3 4.12731E-3 1.03383E-2 1.35816E-2 3.46594E-2 7.6933E-3 1.30759E-2 4.83646E-2 6.57535E-2 4.07063E-2 1.56441E-1 1.25575E-1 -9999 -9999 -9999 -9999 -9999 -9999 -9999 -9999 -9999 -9999 -9999 -9999 -9999 -9999 -9999 -9999 -9999 -9999 -9999 -9999 -9999 -9999 -9999 -9999
0E0 0E0 0E0 0E0 0E0 0E0 0E0 0E0 0E0 0E0 0E0 0E0 0E0 0E0 0E0 0E0 0E0 0E0 0E0 0E0 0E0 0E0 0E0 0E0 0E0 0E0 7.45945E-1 5.6492E-1 0E0 0E0 9.80455E-1 3.01121E-1 2.10736E-1 2.16094E-1 2.05045E-1 2.35177E-1 4.85611E-1 4.38437E-1 3.1193E-1 1.25223E-1 9.0391E-2 8.35155E-3 3.55784E-2 1.74919E-2 1.19228E-2 1.12177E-2 2.49776E-2 3.85271E-2 5.69953E-2 6.04271E-3 7.52987E-2 2.87566E-2 1.14671E-1 1.2894E-1 -9999 -9999 -9999 -9999 -9999 -9999 -9999 -9999 -9999 -9999 -9999 -9999 -9999 -9999 -9999 -9999 -9999 -9999 -9999 -9999 -9999 -9999 -9999 -9999
0E0 0E0 0E0 0E0 0E0 0E0 0E0 0E0 0E0 0E0 0E0 0E0 0E0 0E0 0E0 0E0 0E0 0E0 0E0 0E0 0E0 0E0 0E0 0E0 0E0 0E0 9.95206E-1 0E0 0E0 4.78074E-1 4.41412E-1 0E0 4.03744E-1 4.87207E-1 0E0 8.13E-1 8.58326E-1 3.46654E-1 1.2143E-1 2.66903E-1 3.08206E-3 4.57102E-2 3.24086E-2 3.059E-2 3.05994E-2 4.32282E-2 4.10405E-2 4.47551E-2 7.42781E-2 3.32601E-2 6.69125E-2 6.20498E-2 2.01912E-1 8.17324E-2 -9999 -9999 -9999 -9999 -9999 -9999 -9999 -9999 -9999 -9999 -9999 -9999 -9999 -9999 -9999 -9999 -9999 -9999 -9999 -9999 -9999 -9999 -9999 -9999
0E0 0E0 0E0 0E0 0E0 0E0 0E0 0E0 0E0 0E0 0E0 0E0 0E0 0E0 0E0 0E0 0E0 0E0 0E0 0E0 0E0 0E0 0E0 0E0 0E0 0E0 6.35806E-1 9.02228E-1 7.8992E-1 6.80447E-1 0E0 0E0 0E0 0E0 0E0 0E0 0E0 2.65072E-1 1.15076E-1 9.75214E-3 8.29116E-3 2.66047E-2 8.24194E-2 1.96421E-2 4.32911E-2 1.16569E-2 1.82225E-2 1.05174E-1 2.78655E-2 7.01976E-2 1.1153E-1 5.51167E-2 9.07547E-2 1.30786E-1 -9999 -9999 -9999 -9999 -9999 -9999 -9999 -9999 -9999 -9999 -9999 -9999 -9999 -9999 -9999 -9999 -9999 -9999 -9999 -9999 -9999 -9999 -9999 -9999
0E0 0E0 0E0 0E0 0E0 0E0 0E0 0E0 0E0 0E0 0E0 0E0 0E0 0E0 0E0 0E0 0E0 0E0 0E0 0E0 0E0 0E0 0E0 0E0 0E0 0E0 0E0 7.04306E-1 5.18533E-1 5.26323E-1 5.82877E-1 6.05094E-1 0E0 7.36048E-1 7.45568E-1 4.15467E-1 3.55299E-1 3.28522E-1 1.08349E-1 3.56237E-2 2.6598E-2 2.07088E-2 1.20719E-2 1.72761E-2 1.26506E-2 2.34513E-2 7.14205E-2 3.64542E-2 1.15904E-1 9.90608E-2 2.48986E-2 4.3519E-2 8.80787E-2 1.21106E-1 -9999 -9999 -9999 -9999 -9999 -9999 -9999 -9999 -9999 -9999 -9999 -9999 -9999 -9999 -9999 -9999 -9999 -9999 -9999 -9999 -9999 -9999 -9999 -9999
0E0 0E0 0E0 0E0 0E0 0E0 0E0 0E0 0E0 0E0 0E0 0E0 0E0 0E0 0E0 0E0 0E0 0E0 0E0 2.46559E-1 3.27617E-1 0E0 6.60988E-1 5.37071E-1 2.71676E-1 2.40274E-1 4.70968E-1 6.74975E-1 9.07623E-1 3.41183E-1 4.05789E-1 3.55404E-1 8.32815E-1 6.63421E-1 3.29525E-1 2.68303E-1 9.73324E-2 9.77288E-2 1.93419E-1 1.62057E-2 1.21466E-2 9.24658E-2 1.47674E-1 8.26384E-2 3.61694E-2 3.17521E-2 3.06688E-2 5.366E-2 9.8309E-2 1.22956E-1 2.01585E-1 1.84715E-1 4.21003E-2 4.27604E-2 -9999 -9999 -9999 -9999 -9999 -9999 -9999 -9999 -9999 -9999 -9999 -9999 -9999 -9999 -9999 -9999 -9999 -9999 -9999 -9999 -9999 -9999 -9999 -9999
0E0 0E0 0E0 0E0 0E0 0E0 0E0 0E0 0E0 0E0 0E0 0E0 0E0 0E0 0E0 0E0 0E0 0E0 0E0 2.34068E-1 1.64123E-1 1.61828E-1 2.36809E-1 1.4245E-1 1.17965E-1 1.06175E-1 5.24202E-1 0E0 0E0 7.73738E-1 4.52372E-1 3.20696E-1 0E0 7.23217E-1 5.97006E-1 3.78078E-1 1.76469E-1 5.90388E-2 5.61431E-3 5.75274E-3 1.87957E-2 1.01383E-1 2.08739E-1 1.70813E-1 2.35103E-2 5.11359E-2 1.39815E-1 1.68693E-1 1.79165E-1 1.35525E-1 1.80081E-1 7.84731E-2 9.7573E-2 -9999 -9999 -9999 -9999 -9999 -9999 -9999 -9999 -9999 -9999 -9999 -9999 -9999 -9999 -9999 -9999 -9999 -9999 -9999 -9999 -9999 -9999 -9999 -9999 -9999
0E0 0E0 0E0 0E0 0E0 0E0 0E0 0E0 0E0 0E0 0E0 0E0 0E0 0E0 0E0 0E0 0E0 0E0 0E0 0E0 0E0 2.05335E-1 1.10168E-1 4.49728E-2 3.24227E-2 1.09936E-1 6.82297E-1 0E0 0E0 9.84887E-1 9.58746E-1 7.60837E-1 9.54E-1 5.66807E-1 3.30937E-1 9.35659E-2 5.67231E-2 2.02817E-2 7.14377E-3 1.26523E-2 2.53038E-2 8.06217E-2 6.53155E-2 6.3956E-2 4.67641E-2 5.5179E-2 2.42412E-1 1.12934E-1 8.47172E-2 6.19961E-2 1.06164E-1 1.88203E-2 6.20614E-2 -9999 -9999 -9999 -9999 -9999 -9999 -9999 -9999 -9999 -9999 -9999 -9999 -9999 -9999 -9999 -9999 -9999 -9999 -9999 -9999 -9999 -9999 -9999 -9999 -9999
