ENM/Final_Models/M_1_F_lqp_Set_1_NE/Gustavia_santanderiensis_0_Choco_novel.asc
ncols         367
nrows         963
xllcorner     -78.6
yllcorner     0.65
cellsize      0.00833333333333323
NODATA_value  -9999
[rows 90 to 119 of 963, columns 204 to 271 of 367]
-9999 -9999 -9999 -9999 -9999 -9999 -9999 -9999 -9999 -9999 -9999 -9999 -9999 -9999 -9999 -9999 -9999 -9999 -9999 -9999 -9999 -9999 -9999 -9999 -9999 -9999 -9999 -9999 -9999 -9999 -9999 -9999 -9999 -9999 -9999 -9999 -9999 -9999 -9999 3.81276E0 3.29374E0 3.29374E0 3.81276E0 3.81276E0 4.4715E0 3.81276E0 6.32798E0 6.32798E0 5.01048E0 4.4715E0 3.81276E0 5.01048E0 5.01048E0 5.01048E0 4.4715E0 4.4715E0 5.2101E0 -9999 -9999 -9999 -9999 -9999 -9999 -9999 -9999 -9999 -9999 -9999
-9999 -9999 -9999 -9999 -9999 -9999 -9999 -9999 -9999 -9999 -9999 -9999 -9999 -9999 -9999 -9999 -9999 -9999 -9999 -9999 -9999 -9999 5.01048E0 -9999 -9999 -9999 -9999 -9999 -9999 -9999 -9999 -9999 -9999 -9999 -9999 -9999 -9999 -9999 -9999 4.4715E0 3.81276E0 3.29374E0 3.81276E0 3.81276E0 3.81276E0 4.4715E0 6.32798E0 6.92684E0 5.01048E0 4.4715E0 4.4715E0 5.01048E0 5.2101E0 4.4715E0 4.4715E0 5.01048E0 -9999 -9999 -9999 -9999 -9999 -9999 -9999 -9999 -9999 -9999 -9999 -9999
-9999 -9999 -9999 -9999 -9999 -9999 -9999 -9999 -9999 -9999 -9999 -9999 -9999 -9999 -9999 -9999 -9999 -9999 -9999 -9999 -9999 -9999 5.01048E0 -9999 -9999 -9999 -9999 -9999 -9999 -9999 -9999 -9999 -9999 -9999 -9999 -9999 -9999 -9999 -9999 3.81276E0 2.09602E0 2.61503E0 3.81276E0 3.81276E0 3.81276E0 4.4715E0 5.01048E0 6.32798E0 5.2101E0 4.4715E0 5.01048E0 4.4715E0 5.01048E0 5.01048E0 4.4715E0 4.4715E0 -9999 -9999 -9999 -9999 -9999 -9999 -9999 -9999 -9999 -9999 -9999 -9999
-9999 -9999 -9999 -9999 -9999 -9999 -9999 -9999 -9999 -9999 -9999 -9999 -9999 -9999 -9999 -9999 -9999 -9999 -9999 -9999 -9999 5.01048E0 5.01048E0 5.01048E0 -9999 -9999 -9999 -9999 -9999 -9999 -9999 -9999 -9999 -9999 -9999 -9999 -9999 -9999 -9999 4.4715E0 3.81276E0 3.81276E0 3.81276E0 3.81276E0 4.4715E0 5.2101E0 5.01048E0 6.32798E0 5.01048E0 5.01048E0 4.4715E0 5.01048E0 5.01048E0 5.01048E0 5.01048E0 -9999 -9999 -9999 -9999 -9999 -9999 -9999 -9999 -9999 -9999 -9999 -9999 -9999
-9999 -9999 -9999 -9999 -9999 -9999 -9999 -9999 -9999 -9999 -9999 -9999 -9999 -9999 -9999 -9999 -9999 -9999 -9999 -9999 5.01048E0 5.01048E0 5.01048E0 6.32798E0 6.32798E0 -9999 -9999 -9999 -9999 -9999 -9999 -9999 -9999 -9999 -9999 -9999 -9999 -9999 2.37549E0 -9999 2.57511E0 2.8945E0 3.81276E0 4.4715E0 4.4715E0 4.4715E0 5.01048E0 6.92684E0 6.32798E0 5.01048E0 4.4715E0 5.01048E0 5.2101E0 5.01048E0 6.32798E0 -9999 -9999 -9999 -9999 -9999 -9999 -9999 -9999 -9999 -9999 -9999 -9999 -9999
-9999 -9999 -9999 -9999 -9999 -9999 -9999 -9999 -9999 -9999 -9999 -9999 -9999 -9999 -9999 -9999 -9999 -9999 -9999 4.4715E0 5.01048E0 5.01048E0 6.32798E0 6.32798E0 6.32798E0 6.32798E0 -9999 -9999 -9999 -9999 -9999 -9999 -9999 -9999 -9999 -9999 -9999 -9999 -9999 -9999 3.81276E0 2.61503E0 3.81276E0 3.81276E0 5.01048E0 5.01048E0 6.32798E0 6.32798E0 5.01048E0 5.01048E0 5.01048E0 6.32798E0 6.92684E0 6.92684E0 6.32798E0 -9999 -9999 -9999 -9999 -9999 -9999 -9999 -9999 -9999 -9999 -9999 -9999 -9999
-9999 -9999 -9999 -9999 -9999 -9999 -9999 -9999 -9999 -9999 -9999 -9999 -9999 -9999 -9999 -9999 -9999 4.4715E0 5.01048E0 5.01048E0 5.01048E0 6.32798E0 6.32798E0 6.32798E0 6.32798E0 6.92684E0 6.92684E0 -9999 -9999 -9999 -9999 -9999 -9999 -9999 -9999 -9999 -9999 -9999 -9999 -9999 3.81276E0 3.81276E0 3.81276E0 3.81276E0 4.4715E0 5.01048E0 6.32798E0 5.2101E0 5.01048E0 6.32798E0 5.01048E0 6.92684E0 7.20631E0 6.92684E0 5.01048E0 -9999 -9999 -9999 -9999 -9999 -9999 -9999 -9999 -9999 -9999 -9999 -9999 -9999
-9999 -9999 -9999 -9999 -9999 -9999 -9999 -9999 -9999 -9999 -9999 -9999 -9999 -9999 4.4715E0 5.01048E0 5.01048E0 5.01048E0 5.01048E0 5.01048E0 6.32798E0 6.32798E0 6.32798E0 6.32798E0 6.92684E0 6.92684E0 6.92684E0 7.70536E0 -9999 -9999 -9999 -9999 -9999 -9999 -9999 -9999 -9999 -9999 -9999 4.4715E0 3.81276E0 3.81276E0 4.4715E0 4.4715E0 4.4715E0 5.01048E0 6.92684E0 5.01048E0 5.01048E0 5.01048E0 5.01048E0 6.92684E0 7.70536E0 6.92684E0 -9999 -9999 -9999 -9999 -9999 -9999 -9999 -9999 -9999 -9999 -9999 -9999 -9999 -9999
-9999 -9999 -9999 -9999 -9999 -9999 -9999 -9999 -9999 -9999 -9999 4.4715E0 4.4715E0 4.4715E0 4.4715E0 5.01048E0 5.01048E0 6.32798E0 6.32798E0 6.32798E0 6.32798E0 6.32798E0 6.92684E0 6.92684E0 6.92684E0 6.92684E0 6.92684E0 7.70536E0 7.70536E0 -9999 -9999 -9999 -9999 -9999 -9999 -9999 -9999 -9999 -9999 4.4715E0 3.81276E0 3.81276E0 3.81276E0 3.81276E0 4.4715E0 5.2101E0 6.32798E0 6.32798E0 5.2101E0 5.01048E0 5.2101E0 6.92684E0 7.20631E0 -9999 -9999 -9999 -9999 -9999 -9999 -9999 -9999 -9999 -9999 -9999 -9999 -9999 -9999 -9999
-9999 -9999 -9999 -9999 -9999 -9999 -9999 -9999 4.4715E0 4.4715E0 4.4715E0 4.4715E0 4.4715E0 5.01048E0 5.01048E0 4.4715E0 6.32798E0 6.32798E0 6.32798E0 6.32798E0 6.32798E0 6.92684E0 6.92684E0 6.92684E0 6.92684E0 6.92684E0 6.92684E0 7.70536E0 7.70536E0 7.70536E0 -9999 -9999 -9999 -9999 -9999 -9999 -9999 -9999 -9999 3.81276E0 3.81276E0 3.81276E0 3.81276E0 3.81276E0 4.4715E0 6.32798E0 5.01048E0 5.01048E0 5.01048E0 5.01048E0 6.32798E0 6.92684E0 6.92684E0 -9999 -9999 -9999 -9999 -9999 -9999 -9999 -9999 -9999 -9999 -9999 -9999 -9999 -9999 -9999
-9999 6.32798E0 5.01048E0 5.01048E0 4.4715E0 4.4715E0 4.4715E0 4.4715E0 4.4715E0 3.81276E0 4.4715E0 5.01048E0 5.01048E0 5.01048E0 5.01048E0 5.01048E0 6.32798E0 6.32798E0 6.32798E0 6.92684E0 6.92684E0 6.92684E0 6.92684E0 6.92684E0 6.92684E0 7.70536E0 7.70536E0 7.70536E0 7.70536E0 7.70536E0 7.70536E0 -9999 -9999 -9999 -9999 -9999 -9999 -9999 -9999 3.81276E0 1.67681E0 3.81276E0 3.81276E0 4.4715E0 4.4715E0 6.32798E0 6.32798E0 5.2101E0 4.4715E0 5.01048E0 6.92684E0 6.92684E0 6.32798E0 -9999 -9999 -9999 -9999 -9999 -9999 -9999 -9999 -9999 -9999 -9999 -9999 -9999 -9999 -9999
6.92684E0 6.32798E0 5.01048E0 5.01048E0 5.01048E0 4.4715E0 4.4715E0 4.4715E0 4.4715E0 3.81276E0 5.01048E0 5.01048E0 5.01048E0 5.01048E0 5.01048E0 5.01048E0 6.32798E0 6.32798E0 6.92684E0 6.92684E0 6.92684E0 6.92684E0 6.92684E0 6.92684E0 6.92684E0 7.70536E0 7.70536E0 7.70536E0 7.70536E0 7.70536E0 7.70536E0 6.92684E0 -9999 -9999 -9999 -9999 -9999 -9999 -9999 -9999 3.81276E0 3.81276E0 3.81276E0 4.4715E0 4.4715E0 6.32798E0 6.32798E0 5.01048E0 5.01048E0 6.32798E0 7.20631E0 6.92684E0 6.92684E0 5.01048E0 -9999 -9999 -9999 -9999 -9999 -9999 -9999 -9999 -9999 -9999 -9999 -9999 -9999 -9999
6.92684E0 6.32798E0 5.01048E0 5.01048E0 5.01048E0 5.01048E0 3.81276E0 4.4715E0 3.81276E0 3.81276E0 5.01048E0 5.01048E0 5.01048E0 6.32798E0 5.01048E0 6.32798E0 6.32798E0 6.32798E0 6.92684E0 6.92684E0 6.92684E0 6.92684E0 6.92684E0 7.70536E0 7.70536E0 7.70536E0 7.70536E0 7.70536E0 7.70536E0 7.70536E0 6.92684E0 6.92684E0 6.92684E0 -9999 -9999 -9999 -9999 -9999 -9999 -9999 4.4715E0 4.4715E0 4.4715E0 3.37359E0 4.4715E0 5.01048E0 6.32798E0 5.01048E0 5.2101E0 6.92684E0 7.20631E0 6.92684E0 6.32798E0 -9999 -9999 -9999 -9999 -9999 -9999 -9999 -9999 -9999 -9999 -9999 -9999 -9999 -9999 -9999
6.32798E0 6.32798E0 5.01048E0 5.01048E0 5.01048E0 5.01048E0 4.4715E0 4.4715E0 4.4715E0 4.4715E0 4.4715E0 4.4715E0 4.4715E0 5.01048E0 5.01048E0 6.32798E0 6.92684E0 6.92684E0 6.92684E0 6.92684E0 6.92684E0 6.92684E0 7.70536E0 7.70536E0 7.70536E0 7.70536E0 7.70536E0 7.70536E0 7.70536E0 7.70536E0 6.92684E0 6.92684E0 6.92684E0 6.32798E0 6.32798E0 -9999 -9999 -9999 -9999 -9999 3.81276E0 2.99431E0 4.4715E0 4.4715E0 5.01048E0 5.01048E0 5.01048E0 4.4715E0 6.32798E0 6.92684E0 8.32418E0 6.92684E0 6.92684E0 -9999 -9999 -9999 -9999 -9999 -9999 -9999 -9999 -9999 -9999 -9999 -9999 -9999 -9999 -9999
6.32798E0 6.32798E0 5.01048E0 5.01048E0 4.4715E0 4.4715E0 4.4715E0 4.4715E0 4.4715E0 4.4715E0 4.4715E0 5.01048E0 5.01048E0 5.01048E0 5.01048E0 6.92684E0 6.92684E0 6.92684E0 6.92684E0 6.92684E0 6.92684E0 6.92684E0 6.92684E0 7.70536E0 8.32418E0 8.32418E0 8.32418E0 7.70536E0 7.70536E0 7.70536E0 7.70536E0 6.92684E0 6.32798E0 6.92684E0 5.01048E0 5.01048E0 -9999 -9999 -9999 -9999 4.4715E0 4.4715E0 5.01048E0 5.2101E0 5.01048E0 5.01048E0 5.01048E0 5.2101E0 6.32798E0 7.70536E0 6.40782E0 6.92684E0 -9999 -9999 -9999 -9999 -9999 -9999 -9999 -9999 -9999 -9999 -9999 -9999 -9999 -9999 -9999 -9999
6.32798E0 5.01048E0 6.32798E0 5.01048E0 4.4715E0 4.4715E0 4.4715E0 4.4715E0 4.4715E0 4.4715E0 4.4715E0 5.01048E0 6.32798E0 5.01048E0 6.92684E0 6.92684E0 6.92684E0 6.92684E0 6.92684E0 6.92684E0 6.92684E0 7.70536E0 7.70536E0 7.70536E0 8.32418E0 8.32418E0 8.32418E0 8.32418E0 8.32418E0 7.70536E0 6.92684E0 6.92684E0 6.92684E0 6.32798E0 6.32798E0 5.01048E0 5.01048E0 5.01048E0 -9999 -9999 -9999 -9999 -9999 5.01048E0 5.01048E0 5.01048E0 5.01048E0 5.01048E0 6.92684E0 3.19393E0 6.02855E0 7.70536E0 -9999 -9999 -9999 -9999 -9999 -9999 -9999 -9999 -9999 -9999 -9999 -9999 -9999 -9999 -9999 -9999
6.32798E0 6.32798E0 5.01048E0 5.01048E0 5.01048E0 5.01048E0 4.4715E0 5.01048E0 4.4715E0 4.4715E0 5.01048E0 4.4715E0 6.32798E0 6.32798E0 6.92684E0 6.92684E0 6.92684E0 6.92684E0 6.92684E0 6.92684E0 6.92684E0 7.70536E0 7.70536E0 8.32418E0 8.32418E0 8.32418E0 8.32418E0 8.32418E0 8.32418E0 7.70536E0 6.92684E0 6.92684E0 6.92684E0 6.92684E0 6.32798E0 6.32798E0 6.32798E0 5.01048E0 5.01048E0 -9999 -9999 -9999 -9999 6.32798E0 6.32798E0 6.32798E0 5.01048E0 5.01048E0 6.92684E0 7.70536E0 7.70536E0 6.92684E0 -9999 -9999 -9999 -9999 -9999 -9999 -9999 -9999 -9999 -9999 -9999 -9999 -9999 -9999 -9999 -9999
6.32798E0 6.32798E0 6.32798E0 5.01048E0 5.01048E0 5.01048E0 5.01048E0 5.01048E0 5.01048E0 5.01048E0 5.01048E0 5.01048E0 6.32798E0 5.01048E0 6.32798E0 6.32798E0 6.92684E0 6.92684E0 6.92684E0 7.70536E0 7.70536E0 7.70536E0 8.32418E0 8.32418E0 8.32418E0 8.32418E0 8.32418E0 7.70536E0 7.70536E0 7.70536E0 7.20631E0 7.20631E0 6.92684E0 6.92684E0 6.32798E0 6.92684E0 6.32798E0 6.32798E0 5.01048E0 6.32798E0 -9999 -9999 -9999 -9999 -9999 -9999 6.32798E0 6.32798E0 6.32798E0 7.70536E0 7.70536E0 -9999 -9999 -9999 -9999 -9999 -9999 -9999 -9999 -9999 -9999 -9999 -9999 -9999 -9999 -9999 -9999 -9999
7.70536E0 6.32798E0 6.32798E0 6.32798E0 5.01048E0 5.01048E0 5.01048E0 5.01048E0 5.01048E0 5.01048E0 5.01048E0 5.01048E0 5.01048E0 6.32798E0 6.32798E0 6.32798E0 6.92684E0 6.92684E0 7.70536E0 7.70536E0 7.70536E0 7.70536E0 7.70536E0 8.32418E0 8.32418E0 8.32418E0 7.70536E0 7.70536E0 8.32418E0 7.70536E0 7.20631E0 7.20631E0 6.92684E0 6.92684E0 6.92684E0 6.32798E0 6.32798E0 6.32798E0 6.32798E0 6.32798E0 4.35173E0 -9999 -9999 -9999 -9999 6.32798E0 6.92684E0 7.70536E0 6.92684E0 7.20631E0 7.20631E0 -9999 -9999 -9999 -9999 -9999 -9999 -9999 -9999 -9999 -9999 -9999 -9999 -9999 -9999 -9999 -9999 -9999
7.70536E0 6.92684E0 6.32798E0 6.32798E0 6.32798E0 6.32798E0 6.32798E0 6.32798E0 6.32798E0 6.32798E0 6.32798E0 6.32798E0 5.01048E0 6.32798E0 6.32798E0 6.32798E0 6.32798E0 7.70536E0 7.70536E0 7.70536E0 7.70536E0 7.70536E0 7.70536E0 7.70536E0 8.32418E0 8.32418E0 8.32418E0 8.32418E0 8.32418E0 7.70536E0 7.70536E0 7.20631E0 6.92684E0 7.20631E0 6.92684E0 6.92684E0 6.92684E0 6.92684E0 4.11219E0 6.92684E0 5.789E0 4.93063E0 6.92684E0 -9999 -9999 6.32798E0 7.20631E0 8.32418E0 8.32418E0 7.70536E0 7.70536E0 -9999 -9999 -9999 -9999 -9999 -9999 -9999 -9999 -9999 -9999 -9999 -9999 -9999 -9999 -9999 -9999 -9999
7.70536E0 6.92684E0 6.92684E0 6.92684E0 6.92684E0 6.92684E0 6.32798E0 6.32798E0 6.32798E0 6.32798E0 6.32798E0 6.32798E0 6.32798E0 6.32798E0 6.32798E0 6.32798E0 6.92684E0 6.92684E0 7.70536E0 7.70536E0 7.70536E0 7.70536E0 7.70536E0 8.32418E0 7.70536E0 8.32418E0 8.32418E0 8.32418E0 8.32418E0 8.32418E0 7.70536E0 8.32418E0 7.70536E0 6.92684E0 7.20631E0 7.20631E0 7.20631E0 6.92684E0 6.3679E0 6.92684E0 7.70536E0 5.90877E0 6.92684E0 6.92684E0 6.92684E0 7.70536E0 7.70536E0 9.44206E0 9.44206E0 8.32418E0 7.20631E0 -9999 -9999 -9999 -9999 -9999 -9999 -9999 -9999 -9999 -9999 -9999 -9999 -9999 -9999 -9999 6.92684E0 -9999
7.70536E0 7.70536E0 6.92684E0 6.92684E0 6.92684E0 6.92684E0 6.92684E0 6.92684E0 6.92684E0 6.92684E0 6.32798E0 6.32798E0 6.32798E0 6.32798E0 6.32798E0 6.32798E0 6.92684E0 6.92684E0 6.92684E0 7.70536E0 8.32418E0 8.32418E0 8.32418E0 8.32418E0 8.32418E0 8.32418E0 8.32418E0 8.32418E0 8.32418E0 8.32418E0 7.20631E0 8.32418E0 7.20631E0 7.20631E0 7.20631E0 7.20631E0 7.20631E0 7.20631E0 5.11029E0 7.70536E0 7.70536E0 7.70536E0 7.70536E0 6.92684E0 7.70536E0 7.20631E0 8.32418E0 8.32418E0 9.44206E0 8.32418E0 7.70536E0 7.70536E0 -9999 -9999 -9999 -9999 -9999 -9999 -9999 -9999 -9999 -9999 -9999 -9999 -9999 6.92684E0 6.92684E0 -9999
7.70536E0 7.70536E0 7.70536E0 6.92684E0 6.92684E0 6.92684E0 6.92684E0 6.92684E0 6.92684E0 6.92684E0 6.92684E0 6.92684E0 6.92684E0 6.92684E0 6.92684E0 6.92684E0 6.92684E0 6.92684E0 6.92684E0 8.32418E0 8.32418E0 8.32418E0 8.32418E0 8.32418E0 8.32418E0 9.44206E0 7.70536E0 7.70536E0 8.32418E0 7.70536E0 7.20631E0 7.20631E0 7.20631E0 7.20631E0 7.20631E0 7.70536E0 7.20631E0 7.20631E0 7.70536E0 5.11029E0 6.92684E0 6.92684E0 6.92684E0 6.92684E0 7.70536E0 7.70536E0 8.32418E0 9.44206E0 1.05999E1 9.44206E0 8.32418E0 8.32418E0 -9999 -9999 -9999 -9999 -9999 -9999 -9999 -9999 -9999 -9999 -9999 -9999 -9999 7.20631E0 6.92684E0 -9999
7.70536E0 7.70536E0 7.70536E0 6.92684E0 6.92684E0 6.92684E0 6.92684E0 6.92684E0 6.92684E0 6.92684E0 6.92684E0 6.92684E0 6.92684E0 6.92684E0 6.92684E0 6.92684E0 6.92684E0 6.92684E0 7.70536E0 7.70536E0 8.32418E0 8.32418E0 8.32418E0 8.32418E0 8.32418E0 8.32418E0 8.32418E0 7.70536E0 8.32418E0 7.20631E0 7.20631E0 7.20631E0 7.70536E0 7.70536E0 7.20631E0 7.70536E0 4.19204E0 5.90877E0 7.70536E0 6.92684E0 6.92684E0 5.789E0 6.92684E0 6.92684E0 7.70536E0 8.32418E0 8.32418E0 8.32418E0 1.05999E1 1.05999E1 9.44206E0 8.32418E0 1.05999E1 -9999 -9999 -9999 -9999 -9999 -9999 -9999 -9999 -9999 -9999 -9999 8.32418E0 7.70536E0 7.70536E0 6.92684E0
7.70536E0 7.70536E0 7.70536E0 7.70536E0 7.70536E0 7.70536E0 6.92684E0 6.92684E0 6.92684E0 6.92684E0 6.92684E0 6.92684E0 6.92684E0 6.92684E0 6.92684E0 6.92684E0 6.92684E0 6.92684E0 7.70536E0 8.32418E0 8.32418E0 8.32418E0 8.32418E0 8.32418E0 8.32418E0 8.32418E0 8.32418E0 7.70536E0 8.32418E0 7.20631E0 7.20631E0 8.32418E0 7.70536E0 7.20631E0 7.20631E0 7.20631E0 7.20631E0 7.20631E0 6.92684E0 6.92684E0 6.92684E0 6.28805E0 6.92684E0 6.92684E0 6.92684E0 7.70536E0 7.20631E0 9.44206E0 1.20371E1 1.20371E1 1.20371E1 9.44206E0 6.40782E0 -9999 -9999 -9999 -9999 -9999 -9999 -9999 8.32418E0 8.32418E0 -9999 -9999 7.70536E0 6.92684E0 7.70536E0 7.70536E0
7.70536E0 7.70536E0 7.70536E0 7.70536E0 7.70536E0 7.70536E0 6.92684E0 7.70536E0 6.92684E0 6.92684E0 6.92684E0 7.70536E0 6.92684E0 7.70536E0 7.70536E0 6.92684E0 7.70536E0 7.70536E0 7.70536E0 7.70536E0 8.32418E0 8.32418E0 8.32418E0 8.32418E0 8.32418E0 8.32418E0 8.32418E0 8.32418E0 8.32418E0 7.20631E0 7.20631E0 7.20631E0 7.20631E0 8.32418E0 7.20631E0 8.32418E0 7.20631E0 5.90877E0 6.92684E0 6.92684E0 6.28805E0 6.32798E0 6.32798E0 6.92684E0 7.20631E0 7.70536E0 8.32418E0 7.00669E0 1.05999E1 1.20371E1 1.20371E1 1.05999E1 8.1046E0 -9999 -9999 -9999 -9999 -9999 -9999 -9999 8.32418E0 8.32418E0 9.44206E0 -9999 7.70536E0 7.70536E0 7.70536E0 6.92684E0
7.70536E0 7.70536E0 8.32418E0 8.32418E0 7.70536E0 7.70536E0 6.92684E0 7.70536E0 7.70536E0 7.70536E0 7.70536E0 7.70536E0 7.70536E0 7.70536E0 7.70536E0 7.70536E0 7.70536E0 7.70536E0 7.70536E0 7.70536E0 8.32418E0 8.32418E0 8.32418E0 8.32418E0 8.32418E0 8.32418E0 8.32418E0 8.32418E0 8.32418E0 7.20631E0 7.20631E0 7.20631E0 7.20631E0 8.32418E0 8.32418E0 8.32418E0 7.20631E0 6.92684E0 6.92684E0 6.92684E0 6.32798E0 6.92684E0 6.32798E0 6.32798E0 7.20631E0 7.70536E0 8.32418E0 6.40782E0 3.81276E0 8.70346E0 1.20371E1 1.05999E1 9.44206E0 8.32418E0 -9999 -9999 -9999 -9999 -9999 -9999 -9999 8.32418E0 8.32418E0 8.32418E0 7.70536E0 7.70536E0 7.70536E0 7.70536E0
7.70536E0 8.32418E0 7.70536E0 7.70536E0 7.70536E0 7.70536E0 7.70536E0 7.70536E0 7.70536E0 7.70536E0 7.70536E0 7.70536E0 7.70536E0 7.70536E0 7.70536E0 7.70536E0 7.70536E0 7.70536E0 7.70536E0 7.70536E0 7.70536E0 8.32418E0 8.32418E0 8.32418E0 8.32418E0 8.32418E0 8.32418E0 8.32418E0 8.32418E0 8.32418E0 7.20631E0 7.20631E0 7.20631E0 7.70536E0 7.18635E0 7.70536E0 5.90877E0 6.92684E0 6.92684E0 6.92684E0 6.32798E0 6.92684E0 6.32798E0 6.92684E0 6.92684E0 8.32418E0 7.70536E0 5.34984E0 1.23765E0 2.41541E0 5.28995E0 6.32798E0 9.44206E0 8.32418E0 -9999 -9999 -9999 -9999 -9999 -9999 -9999 9.44206E0 8.32418E0 8.32418E0 7.20631E0 7.20631E0 8.32418E0 6.92684E0
7.70536E0 8.32418E0 7.70536E0 8.32418E0 7.70536E0 7.70536E0 7.70536E0 7.70536E0 7.70536E0 7.70536E0 7.70536E0 7.70536E0 7.70536E0 7.70536E0 7.70536E0 7.70536E0 7.70536E0 7.70536E0 7.70536E0 7.70536E0 7.70536E0 7.70536E0 8.32418E0 8.32418E0 8.32418E0 8.32418E0 8.32418E0 8.32418E0 7.18635E0 8.32418E0 8.32418E0 7.20631E0 7.20631E0 7.18635E0 5.96866E0 7.70536E0 5.11029E0 6.92684E0 6.92684E0 6.92684E0 6.92684E0 6.32798E0 6.92684E0 6.92684E0 6.92684E0 7.70536E0 8.1046E0 8.58369E-1 5.19014E-1 2.03613E0 3.65306E0 6.48767E0 9.44206E0 9.44206E0 -9999 -9999 -9999 -9999 -9999 -9999 -9999 -9999 9.44206E0 8.32418E0 7.70536E0 7.70536E0 7.20631E0 6.92684E0
7.70536E0 8.32418E0 8.32418E0 8.32418E0 7.70536E0 7.70536E0 7.70536E0 7.70536E0 6.92684E0 7.70536E0 7.70536E0 7.70536E0 7.70536E0 7.70536E0 7.70536E0 7.70536E0 7.70536E0 7.70536E0 7.70536E0 7.70536E0 7.70536E0 5.96866E0 8.32418E0 8.32418E0 8.32418E0 8.32418E0 8.32418E0 5.96866E0 5.19014E0 8.32418E0 8.32418E0 6.3679E0 7.70536E0 7.70536E0 7.18635E0 8.32418E0 5.11029E0 6.3679E0 5.789E0 7.20631E0 7.20631E0 6.92684E0 6.92684E0 6.92684E0 7.70536E0 7.70536E0 1.23765E0 8.58369E-1 3.55325E0 2.19583E0 7.66544E0 1.07396E1 1.20371E1 1.05999E1 8.32418E0 7.70536E0 -9999 -9999 -9999 -9999 -9999 -9999 -9999 9.44206E0 8.32418E0 7.70536E0 7.70536E0 7.20631E0
