ENM/Final_Models/M_1_F_lqp_Set_1_NE/Gustavia_santanderiensis_Choco_median.asc
ncols         367
nrows         963
xllcorner     -78.6
yllcorner     0.65
cellsize      0.00833333333333323
NODATA_value  -9999
[rows 490 to 524 of 963, columns 234 to 311 of 367]
0E0 0E0 0E0 0E0 0E0 0E0 0E0 0E0 0E0 0E0 0E0 0E0 0E0 0E0 0E0 0E0 0E0 0E0 0E0 0E0 0E0 0E0 1.25392E-1 1.83114E-2 1.75022E-2 5.13624E-2 0E0 0E0 0E0 0E0 7.28151E-1 4.23321E-1 2.52147E-1 1.91354E-1 3.44279E-2 5.82384E-2 1.94825E-3 7.16879E-4 1.48847E-3 4.95511E-3 8.15979E-3 1.86537E-2 2.36266E-2 4.65529E-2 2.08246E-2 1.06606E-1 4.82178E-2 1.65778E-2 1.51981E-2 2.80499E-2 3.42118E-2 1.25727E-2 4.46933E-3 -9999 -9999 -9999 -9999 -9999 -9999 -9999 -9999 -9999 -9999 -9999 -9999 -9999 -9999 -9999 -9999 -9999 -9999 -9999 -9999 -9999 -9999 -9999 -9999 -9999
0E0 0E0 0E0 0E0 0E0 7.99863E-1 0E0 0E0 0E0 0E0 0E0 0E0 0E0 0E0 0E0 0E0 0E0 0E0 0E0 0E0 0E0 0E0 0E0 1.12657E-1 1.41173E-1 1.48531E-1 0E0 0E0 0E0 0E0 2.9026E-1 1.14711E-1 3.92191E-2 6.49796E-2 4.97474E-2 1.60372E-3 1.28552E-3 1.86161E-3 3.31271E-3 1.53746E-2 7.16883E-3 5.20835E-2 6.74593E-2 5.48835E-2 1.4509E-1 1.75788E-1 2.49607E-2 2.15695E-2 2.30959E-3 1.53584E-2 2.41168E-3 3.3966E-3 3.82713E-3 -9999 -9999 -9999 -9999 -9999 -9999 -9999 -9999 -9999 -9999 -9999 -9999 -9999 -9999 -9999 -9999 -9999 -9999 -9999 -9999 -9999 -9999 -9999 -9999 -9999
0E0 0E0 0E0 0E0 0E0 0E0 0E0 0E0 0E0 0E0 0E0 0E0 0E0 0E0 0E0 0E0 0E0 2.44145E-1 8.87477E-2 1.90894E-2 1.4335E-2 3.24909E-2 6.57123E-2 1.37378E-2 5.26321E-2 1.29628E-1 1.4263E-1 0E0 3.03314E-1 1.66653E-1 8.48023E-2 2.85759E-2 7.54792E-3 1.78216E-2 2.50173E-2 9.88898E-4 2.95169E-3 1.7897E-3 1.46126E-2 1.26301E-2 4.11173E-2 5.43308E-2 4.63829E-2 4.82786E-2 2.20616E-2 1.29751E-2 4.03629E-3 1.16701E-2 9.46688E-3 1.5812E-2 5.92961E-3 2.48474E-3 -9999 -9999 -9999 -9999 -9999 -9999 -9999 -9999 -9999 -9999 -9999 -9999 -9999 -9999 -9999 -9999 -9999 -9999 -9999 -9999 -9999 -9999 -9999 -9999 -9999 -9999
0E0 0E0 0E0 0E0 0E0 0E0 0E0 0E0 0E0 0E0 0E0 0E0 0E0 0E0 0E0 0E0 0E0 0E0 1.95534E-1 2.14556E-2 1.91416E-2 3.97745E-3 9.61738E-3 9.78411E-3 9.60066E-3 2.06763E-2 3.65108E-2 2.08108E-1 2.09578E-1 1.28097E-1 2.02023E-2 1.5105E-2 1.31762E-2 2.64554E-2 1.06898E-3 6.41333E-4 3.57231E-3 6.1964E-3 1.9484E-2 4.63859E-3 4.06096E-2 1.07793E-1 4.06539E-2 4.94393E-3 1.87524E-2 4.6025E-3 8.20129E-3 5.39449E-3 2.93874E-3 2.89884E-3 1.28754E-3 9.16165E-4 -9999 -9999 -9999 -9999 -9999 -9999 -9999 -9999 -9999 -9999 -9999 -9999 -9999 -9999 -9999 -9999 -9999 -9999 -9999 -9999 -9999 -9999 -9999 -9999 -9999 -9999
0E0 0E0 0E0 0E0 0E0 0E0 0E0 0E0 0E0 0E0 0E0 0E0 0E0 0E0 2.85372E-1 0E0 0E0 0E0 2.54467E-1 1.01958E-1 3.80371E-2 3.68447E-3 5.27786E-3 8.20044E-3 9.43843E-3 1.11861E-2 1.08334E-2 1.22111E-1 7.60673E-2 2.75454E-2 2.96839E-2 1.48106E-2 1.77476E-3 4.63128E-3 1.58044E-3 1.87931E-3 2.13922E-3 2.32495E-2 1.2044E-2 2.89619E-3 2.51078E-2 2.59289E-1 2.66706E-2 4.3259E-3 5.94506E-3 1.1819E-2 7.75052E-3 3.27634E-3 5.4615E-3 3.76301E-3 3.53389E-3 4.70579E-4 -9999 -9999 -9999 -9999 -9999 -9999 -9999 -9999 -9999 -9999 -9999 -9999 -9999 -9999 -9999 -9999 -9999 -9999 -9999 -9999 -9999 -9999 -9999 -9999 -9999 -9999
0E0 0E0 0E0 0E0 0E0 0E0 0E0 0E0 0E0 0E0 0E0 0E0 0E0 1.05335E-1 1.20307E-1 0E0 0E0 2.41076E-1 1.87804E-1 6.30868E-2 4.08471E-2 9.77101E-3 1.1197E-2 1.1146E-2 1.45185E-2 2.8749E-2 1.89107E-2 4.46789E-2 6.72603E-3 4.84156E-3 2.76831E-3 3.3571E-4 1.7809E-3 1.50005E-2 9.30975E-3 1.99604E-2 1.32831E-2 4.87425E-3 1.24003E-2 1.81247E-3 1.07391E-1 1.5979E-1 8.97905E-3 8.62244E-3 7.34799E-3 2.28336E-3 4.47179E-3 5.08183E-3 2.86554E-3 8.00985E-3 2.11876E-3 -9999 -9999 -9999 -9999 -9999 -9999 -9999 -9999 -9999 -9999 -9999 -9999 -9999 -9999 -9999 -9999 -9999 -9999 -9999 -9999 -9999 -9999 -9999 -9999 -9999 -9999 -9999
0E0 0E0 0E0 0E0 0E0 0E0 0E0 0E0 0E0 0E0 0E0 0E0 0E0 1.6437E-1 1.96218E-1 0E0 0E0 0E0 4.09145E-1 1.58071E-1 4.78999E-2 3.55466E-2 6.77771E-2 6.51983E-2 7.75554E-2 8.08535E-2 4.87983E-2 6.95565E-3 2.24214E-3 2.03737E-4 1.55396E-3 2.82619E-3 3.25542E-3 1.91946E-2 7.24745E-3 2.22489E-2 1.65662E-2 1.98252E-2 2.7165E-2 1.14053E-2 1.48116E-1 5.20578E-2 2.56085E-2 2.33703E-2 3.99284E-3 6.82004E-3 1.76117E-3 1.24969E-2 1.49539E-2 1.36795E-3 2.32134E-3 -9999 -9999 -9999 -9999 -9999 -9999 -9999 -9999 -9999 -9999 -9999 -9999 -9999 -9999 -9999 -9999 -9999 -9999 -9999 -9999 -9999 -9999 -9999 -9999 -9999 -9999 -9999
0E0 0E0 0E0 0E0 0E0 0E0 0E0 0E0 0E0 0E0 0E0 0E0 0E0 0E0 0E0 0E0 0E0 0E0 0E0 0E0 0E0 2.44826E-1 0E0 1.80665E-1 4.27003E-2 5.45421E-2 1.31341E-2 3.68485E-3 7.82881E-4 6.5521E-4 1.08436E-3 6.64316E-3 1.30638E-2 4.97588E-2 1.7461E-2 2.16612E-2 1.5003E-2 1.24575E-2 6.62346E-3 7.17343E-2 8.01108E-2 9.99262E-2 4.55619E-2 3.35754E-2 4.56776E-3 7.70669E-3 8.94693E-3 2.11807E-2 8.48953E-3 6.50554E-3 7.18806E-3 -9999 -9999 -9999 -9999 -9999 -9999 -9999 -9999 -9999 -9999 -9999 -9999 -9999 -9999 -9999 -9999 -9999 -9999 -9999 -9999 -9999 -9999 -9999 -9999 -9999 -9999 -9999
0E0 0E0 0E0 0E0 0E0 0E0 0E0 0E0 0E0 0E0 0E0 0E0 0E0 0E0 0E0 0E0 0E0 0E0 0E0 0E0 9.90127E-2 3.09664E-2 3.39293E-2 1.02888E-1 2.6616E-2 7.84335E-3 2.34163E-2 1.81063E-3 5.95616E-4 2.4012E-3 7.97923E-3 1.16988E-2 3.69265E-2 3.24407E-2 5.52698E-2 9.94385E-3 1.83113E-2 3.38186E-3 6.34709E-2 1.09093E-1 8.80931E-2 2.84808E-2 1.31114E-2 8.41217E-3 6.08094E-3 1.00672E-2 1.55598E-2 1.37069E-2 8.6853E-3 4.63787E-2 6.2942E-2 -9999 -9999 -9999 -9999 -9999 -9999 -9999 -9999 -9999 -9999 -9999 -9999 -9999 -9999 -9999 -9999 -9999 -9999 -9999 -9999 -9999 -9999 -9999 -9999 -9999 -9999 -9999
0E0 0E0 0E0 0E0 0E0 0E0 0E0 0E0 0E0 0E0 0E0 0E0 0E0 0E0 0E0 0E0 0E0 0E0 0E0 0E0 7.28363E-2 9.98248E-3 2.93248E-2 4.41982E-2 1.84074E-2 5.37866E-3 2.22488E-2 2.87575E-2 1.47918E-2 9.66225E-3 1.38316E-2 3.0511E-2 1.0028E-2 7.39492E-3 5.57114E-2 2.76738E-2 3.10655E-2 3.65227E-2 1.96666E-1 4.38191E-2 2.05591E-2 2.14212E-2 1.20667E-2 2.64153E-2 2.53231E-2 3.10291E-3 1.88079E-2 1.00484E-2 2.99302E-2 4.69164E-2 -9999 -9999 -9999 -9999 -9999 -9999 -9999 -9999 -9999 -9999 -9999 -9999 -9999 -9999 -9999 -9999 -9999 -9999 -9999 -9999 -9999 -9999 -9999 -9999 -9999 -9999 -9999 -9999
0E0 0E0 0E0 0E0 0E0 0E0 0E0 0E0 0E0 0E0 0E0 0E0 0E0 0E0 0E0 3.41211E-1 1.10697E-1 8.92731E-2 9.78359E-2 6.26649E-2 5.52992E-2 5.37812E-2 5.39357E-2 1.07144E-2 4.71771E-3 6.02751E-3 2.62219E-2 5.1002E-2 0E0 2.12824E-2 6.46311E-2 5.78907E-2 2.17587E-2 5.83933E-2 1.46114E-1 1.88367E-1 1.16933E-1 6.49302E-2 7.72146E-2 1.53526E-2 5.8568E-3 2.08302E-2 5.52449E-2 4.95666E-2 1.72587E-2 1.02204E-2 5.49107E-3 4.88615E-3 8.23419E-3 1.73352E-2 -9999 -9999 -9999 -9999 -9999 -9999 -9999 -9999 -9999 -9999 -9999 -9999 -9999 -9999 -9999 -9999 -9999 -9999 -9999 -9999 -9999 -9999 -9999 -9999 -9999 -9999 -9999 -9999
0E0 0E0 0E0 0E0 0E0 0E0 0E0 0E0 0E0 0E0 0E0 0E0 0E0 0E0 2.67177E-1 1.27384E-1 3.82365E-2 3.04693E-2 9.78141E-2 3.36201E-2 1.55506E-2 1.10118E-2 2.70318E-2 4.37684E-3 1.37165E-2 3.73364E-2 4.34997E-2 8.88268E-2 1.38952E-1 9.59757E-2 2.14481E-2 4.78225E-2 2.53245E-2 2.24841E-1 2.0298E-1 9.63738E-2 3.21766E-2 1.37358E-2 9.00716E-3 9.60034E-3 1.20121E-3 2.42877E-2 2.92853E-2 3.24162E-2 2.08593E-2 1.8253E-2 6.96915E-3 1.30329E-2 1.14474E-2 1.87593E-2 -9999 -9999 -9999 -9999 -9999 -9999 -9999 -9999 -9999 -9999 -9999 -9999 -9999 -9999 -9999 -9999 -9999 -9999 -9999 -9999 -9999 -9999 -9999 -9999 -9999 -9999 -9999 -9999
0E0 0E0 0E0 0E0 0E0 0E0 0E0 0E0 0E0 0E0 0E0 0E0 0E0 1.57291E-1 1.44397E-1 7.84115E-2 2.67089E-2 2.30013E-2 5.48959E-2 2.23404E-2 2.50404E-2 1.44493E-2 9.42201E-3 1.12354E-2 1.37232E-2 3.41412E-2 7.56103E-2 2.78073E-2 0E0 8.52594E-2 2.5138E-2 9.52591E-2 9.39242E-2 1.04646E-1 1.2897E-1 9.48002E-2 1.81008E-1 2.00029E-2 2.73709E-2 2.51585E-2 3.33818E-2 2.27548E-2 1.99733E-2 1.11625E-2 8.61103E-3 4.1756E-3 8.35597E-3 1.882E-2 1.19678E-2 -9999 -9999 -9999 -9999 -9999 -9999 -9999 -9999 -9999 -9999 -9999 -9999 -9999 -9999 -9999 -9999 -9999 -9999 -9999 -9999 -9999 -9999 -9999 -9999 -9999 -9999 -9999 -9999 -9999
0E0 0E0 0E0 0E0 0E0 0E0 0E0 0E0 0E0 0E0 0E0 0E0 0E0 0E0 3.58337E-1 9.72534E-2 2.05297E-2 2.61142E-2 3.42609E-2 4.24994E-2 3.83051E-2 5.96173E-2 5.39627E-2 2.66153E-2 2.82105E-2 5.54247E-2 1.18889E-1 4.25536E-2 2.0098E-1 1.65612E-2 1.13596E-1 2.37292E-1 1.00941E-1 3.30537E-3 5.07902E-2 5.12914E-2 1.27232E-2 1.26726E-2 9.14676E-3 5.401E-2 9.32757E-2 5.60562E-3 1.45716E-2 7.82615E-3 2.69519E-3 4.20531E-3 8.01986E-3 2.10304E-2 -9999 -9999 -9999 -9999 -9999 -9999 -9999 -9999 -9999 -9999 -9999 -9999 -9999 -9999 -9999 -9999 -9999 -9999 -9999 -9999 -9999 -9999 -9999 -9999 -9999 -9999 -9999 -9999 -9999 -9999
0E0 0E0 0E0 0E0 0E0 0E0 0E0 0E0 0E0 0E0 0E0 0E0 0E0 0E0 1.34353E-1 4.41206E-2 4.69786E-2 3.59133E-2 6.72917E-2 8.86436E-2 9.8286E-2 4.93441E-2 1.66801E-1 1.59483E-1 4.45593E-2 8.53085E-2 8.62919E-2 1.70084E-1 1.00891E-1 5.93606E-1 3.50013E-1 2.40796E-1 7.34252E-2 1.77224E-2 4.78094E-3 6.49054E-3 4.39977E-3 3.77494E-3 5.1311E-3 6.62206E-3 2.89323E-3 1.4836E-2 1.70741E-2 2.39955E-3 1.00228E-3 2.49438E-3 3.88189E-3 -9999 -9999 -9999 -9999 -9999 -9999 -9999 -9999 -9999 -9999 -9999 -9999 -9999 -9999 -9999 -9999 -9999 -9999 -9999 -9999 -9999 -9999 -9999 -9999 -9999 -9999 -9999 -9999 -9999 -9999 -9999
0E0 0E0 0E0 0E0 0E0 0E0 0E0 0E0 0E0 0E0 0E0 0E0 0E0 5.29029E-1 1.23269E-1 4.22181E-2 4.55865E-2 3.98633E-2 2.3375E-1 0E0 1.58885E-1 1.15979E-1 2.03447E-1 1.94604E-1 0E0 8.2375E-2 1.10641E-1 7.73231E-2 5.46215E-1 4.52943E-1 1.36696E-1 1.35792E-1 8.02559E-2 8.35808E-3 2.25023E-2 1.95258E-3 1.3799E-3 1.47293E-2 1.40743E-3 2.75877E-3 1.55802E-2 6.17548E-3 4.09159E-3 3.33386E-3 1.45065E-3 1.53386E-3 -9999 -9999 -9999 -9999 -9999 -9999 -9999 -9999 -9999 -9999 -9999 -9999 -9999 -9999 -9999 -9999 -9999 -9999 -9999 -9999 -9999 -9999 -9999 -9999 -9999 -9999 -9999 -9999 -9999 -9999 -9999 -9999
0E0 0E0 0E0 0E0 0E0 0E0 0E0 0E0 0E0 0E0 0E0 0E0 0E0 0E0 3.52265E-1 1.02086E-1 3.78678E-2 4.1448E-2 0E0 0E0 1.17972E-1 1.03312E-1 1.07254E-1 2.3175E-1 9.15739E-2 3.5248E-2 1.17216E-1 4.18971E-1 4.6609E-1 3.33507E-1 2.13313E-2 1.70702E-2 1.42934E-2 1.60187E-1 6.11852E-2 1.02733E-2 1.04026E-3 4.88279E-4 1.79084E-3 3.27636E-3 2.4613E-3 2.33398E-3 4.30227E-3 1.35913E-3 -9999 -9999 -9999 -9999 -9999 -9999 -9999 -9999 -9999 -9999 -9999 -9999 -9999 -9999 -9999 -9999 -9999 -9999 -9999 -9999 -9999 -9999 -9999 -9999 -9999 -9999 -9999 -9999 -9999 -9999 -9999 -9999 -9999 -9999
0E0 0E0 0E0 0E0 0E0 0E0 0E0 0E0 0E0 0E0 0E0 0E0 0E0 0E0 2.29972E-1 7.8904E-2 1.17137E-1 8.79007E-2 0E0 0E0 1.66941E-1 9.85368E-2 6.54246E-2 6.46946E-2 7.20505E-2 3.0158E-1 2.55338E-2 5.47025E-1 3.26344E-1 2.85079E-2 2.59007E-2 1.36443E-2 3.19311E-2 3.48509E-2 5.28818E-3 5.66615E-3 6.59514E-4 3.25202E-4 9.10598E-4 5.17113E-3 2.26586E-3 1.68201E-3 1.75259E-3 -9999 -9999 -9999 -9999 -9999 -9999 -9999 -9999 -9999 -9999 -9999 -9999 -9999 -9999 -9999 -9999 -9999 -9999 -9999 -9999 -9999 -9999 -9999 -9999 -9999 -9999 -9999 -9999 -9999 -9999 -9999 -9999 -9999 -9999 -9999
0E0 0E0 0E0 0E0 0E0 0E0 0E0 0E0 0E0 0E0 0E0 0E0 4.53506E-1 4.02715E-1 1.84179E-1 2.01147E-1 0E0 0E0 0E0 0E0 2.41613E-1 1.16789E-1 1.28498E-1 5.13707E-2 1.29257E-1 9.51775E-2 3.88151E-1 5.18729E-1 4.30383E-1 2.90104E-2 2.5902E-2 7.57832E-2 3.91171E-2 7.82877E-3 3.39169E-4 1.43194E-4 1.10268E-4 6.90704E-4 2.67032E-3 4.0016E-3 5.00755E-3 1.99804E-3 -9999 -9999 -9999 -9999 -9999 -9999 -9999 -9999 -9999 -9999 -9999 -9999 -9999 -9999 -9999 -9999 -9999 -9999 -9999 -9999 -9999 -9999 -9999 -9999 -9999 -9999 -9999 -9999 -9999 -9999 -9999 -9999 -9999 -9999 -9999 -9999
0E0 0E0 0E0 0E0 0E0 0E0 0E0 0E0 0E0 0E0 0E0 0E0 0E0 0E0 3.84737E-1 2.1307E-1 0E0 0E0 7.77701E-1 9.96321E-2 9.06956E-2 2.40228E-2 3.1267E-2 2.38999E-1 2.70174E-1 2.15015E-1 1.25445E-1 5.5479E-2 6.14373E-2 8.97822E-2 1.74622E-1 1.71799E-1 7.05357E-2 2.67101E-3 1.73766E-3 3.12779E-4 1.03591E-3 2.43767E-3 7.30105E-3 4.38399E-3 5.64355E-3 -9999 -9999 -9999 -9999 -9999 -9999 -9999 -9999 -9999 -9999 -9999 -9999 -9999 -9999 -9999 -9999 -9999 -9999 -9999 -9999 -9999 -9999 -9999 -9999 -9999 -9999 -9999 -9999 -9999 -9999 -9999 -9999 -9999 -9999 -9999 -9999 -9999
0E0 0E0 0E0 0E0 0E0 0E0 0E0 0E0 0E0 0E0 0E0 0E0 0E0 0E0 0E0 1.32493E-1 1.86815E-1 6.70411E-2 2.75672E-2 1.58567E-1 1.16711E-1 2.62938E-1 5.77205E-1 5.07418E-1 2.12151E-1 1.81278E-2 1.09822E-2 3.16944E-2 3.89895E-2 8.56825E-2 1.18576E-1 2.96589E-2 5.88932E-2 2.1297E-2 1.33533E-3 9.18524E-4 7.13038E-4 3.75613E-3 9.68049E-3 5.42283E-3 -9999 -9999 -9999 -9999 -9999 -9999 -9999 -9999 -9999 -9999 -9999 -9999 -9999 -9999 -9999 -9999 -9999 -9999 -9999 -9999 -9999 -9999 -9999 -9999 -9999 -9999 -9999 -9999 -9999 -9999 -9999 -9999 -9999 -9999 -9999 -9999 -9999 -9999
0E0 0E0 0E0 0E0 0E0 0E0 0E0 0E0 0E0 0E0 0E0 0E0 0E0 0E0 1.80656E-1 4.51691E-1 2.4309E-1 8.24285E-2 3.98194E-1 3.72322E-1 4.73246E-1 3.80474E-1 2.10466E-2 1.63398E-2 1.99462E-1 9.79058E-2 7.43325E-2 3.8928E-2 1.37206E-1 1.14996E-1 4.72385E-2 1.80394E-2 1.61841E-2 8.23594E-3 1.29921E-3 2.39387E-3 1.15208E-3 3.35392E-3 1.20473E-2 -9999 -9999 -9999 -9999 -9999 -9999 -9999 -9999 -9999 -9999 -9999 -9999 -9999 -9999 -9999 -9999 -9999 -9999 -9999 -9999 -9999 -9999 -9999 -9999 -9999 -9999 -9999 -9999 -9999 -9999 -9999 -9999 -9999 -9999 -9999 -9999 -9999 -9999 -9999
0E0 0E0 0E0 0E0 0E0 0E0 0E0 0E0 0E0 0E0 0E0 0E0 0E0 3.88378E-1 4.68806E-1 7.81087E-1 7.56807E-1 2.43722E-1 9.85305E-2 1.11708E-1 1.65153E-1 2.74826E-2 1.2424E-2 6.2581E-2 4.72467E-1 8.41735E-1 0E0 1.62939E-1 1.10364E-1 2.9272E-1 4.23927E-2 1.45522E-3 1.88929E-3 2.65639E-3 1.58776E-3 1.05969E-2 8.84772E-3 4.74675E-3 8.59732E-3 -9999 -9999 -9999 -9999 -9999 -9999 -9999 -9999 -9999 -9999 -9999 -9999 -9999 -9999 -9999 -9999 -9999 -9999 -9999 -9999 -9999 -9999 -9999 -9999 -9999 -9999 -9999 -9999 -9999 -9999 -9999 -9999 -9999 -9999 -9999 -9999 -9999 -9999 -9999
0E0 0E0 0E0 0E0 0E0 0E0 0E0 0E0 0E0 0E0 0E0 0E0 8.02613E-1 5.71434E-1 6.71945E-1 5.5234E-1 2.7903E-2 9.61272E-2 2.90173E-2 6.4729E-2 1.34255E-1 1.40751E-1 5.09042E-2 4.10054E-1 7.01151E-2 2.65795E-1 3.28482E-1 1.22958E-1 7.41203E-2 3.24213E-2 1.02851E-2 6.22141E-3 7.5143E-4 1.08523E-3 4.54978E-3 9.40819E-3 1.52982E-2 1.05334E-2 2.17828E-2 -9999 -9999 -9999 -9999 -9999 -9999 -9999 -9999 -9999 -9999 -9999 -9999 -9999 -9999 -9999 -9999 -9999 -9999 -9999 -9999 -9999 -9999 -9999 -9999 -9999 -9999 -9999 -9999 -9999 -9999 -9999 -9999 -9999 -9999 -9999 -9999 -9999 -9999 -9999
0E0 0E0 0E0 0E0 0E0 0E0 0E0 0E0 0E0 0E0 3.70796E-1 7.2943E-1 7.47131E-1 7.33417E-1 7.50408E-1 3.9229E-1 2.38489E-2 2.23694E-1 1.65028E-1 4.18422E-1 4.83587E-1 2.16253E-1 2.90729E-1 7.77393E-1 1.04655E-1 6.95935E-2 7.36005E-2 3.359E-2 1.58315E-2 6.62651E-3 7.31396E-3 7.76188E-3 6.54574E-4 2.58171E-3 3.22975E-3 2.29416E-2 1.15216E-2 1.10282E-2 1.95645E-2 -9999 -9999 -9999 -9999 -9999 -9999 -9999 -9999 -9999 -9999 -9999 -9999 -9999 -9999 -9999 -9999 -9999 -9999 -9999 -9999 -9999 -9999 -9999 -9999 -9999 -9999 -9999 -9999 -9999 -9999 -9999 -9999 -9999 -9999 -9999 -9999 -9999 -9999 -9999
0E0 0E0 0E0 0E0 0E0 0E0 0E0 0E0 0E0 3.02232E-1 1.603E-1 2.36448E-1 2.41105E-1 5.6985E-1 5.60024E-1 1.07699E-1 5.42957E-2 0E0 3.86682E-1 1.4577E-1 0E0 0E0 2.2619E-1 2.22587E-1 1.54694E-1 7.07674E-2 2.71108E-2 3.38283E-3 3.09604E-3 9.0273E-4 8.54268E-4 2.24787E-3 2.09081E-3 4.03648E-3 1.08483E-2 1.7767E-2 4.05392E-3 1.10793E-2 5.65555E-3 -9999 -9999 -9999 -9999 -9999 -9999 -9999 -9999 -9999 -9999 -9999 -9999 -9999 -9999 -9999 -9999 -9999 -9999 -9999 -9999 -9999 -9999 -9999 -9999 -9999 -9999 -9999 -9999 -9999 -9999 -9999 -9999 -9999 -9999 -9999 -9999 -9999 -9999 -9999
0E0 0E0 0E0 0E0 0E0 0E0 0E0 0E0 0E0 7.60103E-1 4.03112E-1 6.34042E-1 9.64278E-1 6.62749E-1 6.21579E-1 4.20716E-1 6.02859E-1 0E0 3.64272E-1 5.6874E-2 1.04212E-1 6.78288E-2 5.50248E-2 3.68093E-2 3.62106E-2 4.59873E-3 2.00428E-3 7.99357E-3 5.81947E-3 2.36982E-3 4.72661E-3 1.9947E-3 2.42431E-3 4.07476E-3 8.1449E-3 3.3954E-2 1.17348E-2 3.28573E-3 1.51866E-3 -9999 -9999 -9999 -9999 -9999 -9999 -9999 -9999 -9999 -9999 -9999 -9999 -9999 -9999 -9999 -9999 -9999 -9999 -9999 -9999 -9999 -9999 -9999 -9999 -9999 -9999 -9999 -9999 -9999 -9999 -9999 -9999 -9999 -9999 -9999 -9999 -9999 -9999 -9999
0E0 0E0 0E0 0E0 0E0 0E0 0E0 0E0 0E0 0E0 0E0 0E0 0E0 0E0 0E0 0E0 0E0 6.06769E-1 0E0 1.40468E-1 2.98503E-1 2.88025E-1 2.73345E-1 2.32487E-1 7.16041E-2 4.45238E-3 4.05006E-3 2.011E-2 1.72355E-2 1.99341E-3 7.29255E-3 3.93116E-3 7.61646E-3 1.87882E-2 2.20935E-2 2.88164E-2 1.01534E-2 3.37731E-3 1.35478E-2 -9999 -9999 -9999 -9999 -9999 -9999 -9999 -9999 -9999 -9999 -9999 -9999 -9999 -9999 -9999 -9999 -9999 -9999 -9999 -9999 -9999 -9999 -9999 -9999 -9999 -9999 -9999 -9999 -9999 -9999 -9999 -9999 -9999 -9999 -9999 -9999 -9999 -9999 -9999
0E0 0E0 0E0 0E0 0E0 0E0 0E0 0E0 0E0 0E0 0E0 3.42304E-1 1.85671E-1 0E0 0E0 0E0 0E0 7.88459E-1 4.72221E-1 1.37164E-2 3.87275E-2 1.16059E-1 1.93815E-1 6.87877E-2 2.0039E-2 1.50317E-2 1.86221E-2 2.32415E-2 1.43239E-2 2.32852E-3 5.47971E-2 3.06277E-2 3.91099E-3 8.41499E-3 2.24627E-2 2.87817E-2 2.3169E-2 6.38536E-2 1.96391E-2 1.59179E-2 -9999 -9999 -9999 -9999 -9999 -9999 -9999 -9999 -9999 -9999 -9999 -9999 -9999 -9999 -9999 -9999 -9999 -9999 -9999 -9999 -9999 -9999 -9999 -9999 -9999 -9999 -9999 -9999 -9999 -9999 -9999 -9999 -9999 -9999 -9999 -9999 -9999 -9999
0E0 0E0 0E0 0E0 0E0 0E0 0E0 0E0 0E0 1.15677E-1 6.75954E-2 6.58266E-2 2.25929E-2 7.13972E-2 1.23306E-1 3.15448E-1 0E0 0E0 6.13572E-1 1.44901E-1 1.12291E-1 9.99618E-2 1.18961E-1 1.7239E-2 1.46748E-2 3.45789E-2 3.54731E-2 2.36342E-2 7.57286E-3 4.62826E-2 3.06696E-2 1.772E-2 2.7443E-2 2.2563E-2 1.71309E-2 1.9821E-2 1.3564E-1 6.35555E-3 6.66666E-4 7.0224E-4 -9999 -9999 -9999 -9999 -9999 -9999 -9999 -9999 -9999 -9999 -9999 -9999 -9999 -9999 -9999 -9999 -9999 -9999 -9999 -9999 -9999 -9999 -9999 -9999 -9999 -9999 -9999 -9999 -9999 -9999 -9999 -9999 -9999 -9999 -9999 -9999 -9999 -9999
0E0 0E0 0E0 0E0 0E0 0E0 0E0 0E0 0E0 8.89076E-2 3.02211E-2 1.67687E-2 1.70995E-2 2.60132E-2 8.51312E-2 3.7009E-1 0E0 0E0 0E0 5.15047E-1 4.20884E-1 1.02706E-1 1.38078E-1 5.58619E-2 4.61188E-2 4.27731E-2 9.78848E-3 2.17196E-2 3.76321E-2 4.65653E-2 3.15038E-3 4.03281E-3 6.77734E-3 6.49135E-3 1.76086E-2 1.41218E-2 4.62033E-2 2.00749E-2 8.97968E-3 5.82246E-3 9.46607E-3 -9999 -9999 -9999 -9999 -9999 -9999 -9999 -9999 -9999 -9999 -9999 -9999 -9999 -9999 -9999 -9999 -9999 -9999 -9999 -9999 -9999 -9999 -9999 -9999 -9999 -9999 -9999 -9999 -9999 -9999 -9999 -9999 -9999 -9999 -9999 -9999 -9999
0E0 0E0 0E0 0E0 0E0 0E0 0E0 0E0 0E0 5.65282E-1 2.37207E-1 3.77527E-2 6.84349E-2 2.61711E-2 4.0295E-2 1.54304E-1 0E0 0E0 0E0 2.46629E-1 1.77761E-1 3.54612E-1 1.90717E-1 2.01919E-1 2.5729E-2 1.19982E-2 1.48538E-2 1.80891E-2 2.20901E-2 4.33347E-3 1.45091E-3 3.82762E-3 3.28215E-3 1.42519E-2 2.46744E-2 8.46139E-3 1.23065E-2 3.82785E-3 6.86098E-3 6.16018E-3 1.60347E-3 -9999 -9999 -9999 -9999 -9999 -9999 -9999 -9999 -9999 -9999 -9999 -9999 -9999 -9999 -9999 -9999 -9999 -9999 -9999 -9999 -9999 -9999 -9999 -9999 -9999 -9999 -9999 -9999 -9999 -9999 -9999 -9999 -9999 -9999 -9999 -9999 -9999
0E0 0E0 0E0 0E0 0E0 0E0 0E0 0E0 0E0 0E0 0E0 2.37565E-1 1.80069E-1 9.15316E-2 6.17133E-2 2.27102E-1 4.95379E-1 2.31072E-1 0E0 2.10477E-1 9.5341E-2 2.29664E-1 2.51888E-2 3.34121E-2 5.67386E-3 3.63019E-2 3.59015E-2 1.66888E-2 9.37146E-3 6.57581E-3 2.63846E-3 2.77429E-4 1.08068E-2 8.36027E-3 5.38204E-3 5.03924E-3 2.10772E-3 1.25176E-3 1.14089E-3 5.13261E-4 1.44436E-3 -9999 -9999 -9999 -9999 -9999 -9999 -9999 -9999 -9999 -9999 -9999 -9999 -9999 -9999 -9999 -9999 -9999 -9999 -9999 -9999 -9999 -9999 -9999 -9999 -9999 -9999 -9999 -9999 -9999 -9999 -9999 -9999 -9999 -9999 -9999 -9999 -9999
0E0 0E0 0E0 0E0 0E0 0E0 0E0 0E0 0E0 0E0 0E0 0E0 0E0 1.5405E-1 1.36499E-1 1.35347E-1 3.33789E-1 2.15392E-1 1.92468E-1 6.09882E-2 1.75375E-2 6.38317E-2 3.22956E-2 5.68392E-3 4.66047E-3 1.09013E-2 4.33665E-3 3.30067E-3 1.35209E-3 4.39671E-4 1.43325E-3 4.66211E-4 1.02788E-2 1.17511E-2 2.04399E-2 2.42167E-3 2.21786E-4 1.11072E-3 1.26462E-3 4.5076E-3 3.94014E-3 -9999 -9999 -9999 -9999 -9999 -9999 -9999 -9999 -9999 -9999 -9999 -9999 -9999 -9999 -9999 -9999 -9999 -9999 -9999 -9999 -9999 -9999 -9999 -9999 -9999 -9999 -9999 -9999 -9999 -9999 -9999 -9999 -9999 -9999 -9999 -9999 -9999
0E0 0E0 0E0 0E0 0E0 0E0 0E0 0E0 0E0 0E0 0E0 0E0 0E0 2.21122E-1 7.94578E-2 3.02024E-1 2.80279E-1 4.87169E-2 3.99444E-2 1.4984E-2 1.31693E-2 8.9768E-3 1.32637E-2 1.82219E-2 4.95272E-3 3.26941E-3 5.70478E-3 3.07175E-3 3.0427E-4 1.5637E-4 6.36609E-4 2.08961E-3 1.07187E-3 1.88048E-3 3.48066E-3 1.14068E-3 3.71876E-3 3.54266E-3 7.11295E-4 3.43183E-4 5.12544E-4 2.67546E-3 -9999 -9999 -9999 -9999 -9999 -9999 -9999 -9999 -9999 -9999 -9999 -9999 -9999 -9999 -9999 -9999 -9999 -9999 -9999 -9999 -9999 -9999 -9999 -9999 -9999 -9999 -9999 -9999 -9999 -9999 -9999 -9999 -9999 -9999 -9999 -9999
