ENM/Final_Models/M_1_F_lqp_Set_1_NE/Gustavia_santanderiensis_8_Choco.asc
ncols         367
nrows         963
xllcorner     -78.6
yllcorner     0.65
cellsize      0.00833333333333323
NODATA_value  -9999
[rows 700 to 734 of 963, columns 156 to 233 of 367]
0E0 0E0 0E0 0E0 0E0 0E0 0E0 0E0 -9999 0E0 0E0 0E0 0E0 0E0 0E0 0E0 0E0 0E0 0E0 9.61593E-1 0E0 0E0 0E0 0E0 0E0 0E0 0E0 0E0 0E0 8.35358E-1 9.8434E-1 9.95571E-1 9.94411E-1 9.96684E-1 9.77798E-1 5.28384E-1 2.03885E-1 2.1682E-1 3.03769E-1 2.64509E-1 8.93221E-2 5.57699E-4 1.10459E-4 2.25796E-4 7.11441E-5 1.2102E-5 4.18457E-6 6.06702E-6 1.07335E-5 1.23524E-5 2.02877E-5 -9999 -9999 -9999 -9999 -9999 -9999 -9999 -9999 -9999 -9999 -9999 -9999 -9999 -9999 -9999 -9999 -9999 -9999 -9999 -9999 -9999 -9999 -9999 -9999 -9999 -9999 -9999
0E0 0E0 0E0 0E0 0E0 0E0 0E0 0E0 0E0 0E0 0E0 0E0 0E0 0E0 0E0 0E0 0E0 0E0 0E0 0E0 0E0 8.84147E-1 0E0 0E0 0E0 0E0 0E0 0E0 0E0 0E0 9.78121E-1 9.81334E-1 9.85792E-1 9.92522E-1 9.51264E-1 6.15505E-1 2.1969E-1 1.74604E-1 5.31244E-1 2.44503E-1 8.48326E-3 2.77464E-4 2.78056E-3 1.15348E-3 1.55696E-4 1.35628E-5 8.70257E-7 1.73918E-5 7.99324E-5 2.13565E-4 1.00611E-4 -9999 -9999 -9999 -9999 -9999 -9999 -9999 -9999 -9999 -9999 -9999 -9999 -9999 -9999 -9999 -9999 -9999 -9999 -9999 -9999 -9999 -9999 -9999 -9999 -9999 -9999 -9999
0E0 0E0 0E0 0E0 0E0 0E0 0E0 0E0 0E0 0E0 0E0 0E0 0E0 0E0 0E0 0E0 0E0 0E0 9.99247E-1 9.92067E-1 9.88613E-1 0E0 0E0 0E0 0E0 0E0 0E0 0E0 0E0 0E0 0E0 9.35392E-1 9.59425E-1 9.66824E-1 6.48913E-1 2.67331E-1 1.36688E-1 2.25348E-1 5.31228E-1 8.22406E-2 2.95879E-3 1.52518E-4 1.61663E-4 8.67621E-5 1.51513E-5 3.04089E-6 4.02012E-6 9.11217E-6 1.14062E-4 1.28779E-4 -9999 -9999 -9999 -9999 -9999 -9999 -9999 -9999 -9999 -9999 -9999 -9999 -9999 -9999 -9999 -9999 -9999 -9999 -9999 -9999 -9999 -9999 -9999 -9999 -9999 -9999 -9999 -9999
0E0 0E0 0E0 0E0 0E0 0E0 0E0 0E0 0E0 0E0 0E0 0E0 9.99421E-1 0E0 0E0 0E0 0E0 0E0 9.83361E-1 9.96986E-1 0E0 0E0 9.97261E-1 0E0 0E0 0E0 0E0 0E0 0E0 0E0 0E0 9.82385E-1 9.07954E-1 9.4104E-1 2.23472E-1 4.83093E-2 3.51942E-2 9.01474E-2 1.74826E-1 8.45369E-2 1.69403E-3 3.87813E-4 4.71464E-4 3.76067E-4 3.39571E-5 8.53563E-6 3.95888E-6 1.3472E-5 2.16467E-5 7.47999E-5 -9999 -9999 -9999 -9999 -9999 -9999 -9999 -9999 -9999 -9999 -9999 -9999 -9999 -9999 -9999 -9999 -9999 -9999 -9999 -9999 -9999 -9999 -9999 -9999 -9999 -9999 -9999 -9999
0E0 0E0 0E0 0E0 0E0 0E0 0E0 0E0 0E0 0E0 0E0 0E0 0E0 0E0 0E0 0E0 0E0 0E0 0E0 0E0 0E0 0E0 0E0 0E0 0E0 0E0 0E0 0E0 0E0 0E0 0E0 0E0 7.5703E-1 5.31154E-1 3.66222E-1 5.61119E-2 2.06534E-2 1.50699E-2 2.43603E-2 1.23083E-1 1.14248E-2 8.71171E-4 6.60797E-4 1.60527E-3 3.16681E-4 1.54577E-5 2.75962E-5 1.92696E-4 1.20029E-4 4.14014E-4 -9999 -9999 -9999 -9999 -9999 -9999 -9999 -9999 -9999 -9999 -9999 -9999 -9999 -9999 -9999 -9999 -9999 -9999 -9999 -9999 -9999 -9999 -9999 -9999 -9999 -9999 -9999 -9999
0E0 0E0 0E0 0E0 0E0 0E0 0E0 0E0 0E0 0E0 0E0 0E0 0E0 0E0 0E0 0E0 0E0 0E0 0E0 0E0 0E0 0E0 0E0 0E0 0E0 0E0 0E0 0E0 0E0 0E0 0E0 0E0 8.08306E-1 4.04083E-1 3.41202E-1 1.15217E-1 2.12781E-2 6.76155E-3 1.42911E-3 1.68616E-2 2.71346E-2 4.15413E-3 1.30199E-4 6.57557E-5 5.15946E-5 2.50961E-5 9.58962E-5 9.53701E-4 9.34945E-4 -9999 -9999 -9999 -9999 -9999 -9999 -9999 -9999 -9999 -9999 -9999 -9999 -9999 -9999 -9999 -9999 -9999 -9999 -9999 -9999 -9999 -9999 -9999 -9999 -9999 -9999 -9999 -9999 -9999
0E0 0E0 0E0 0E0 0E0 0E0 0E0 0E0 0E0 0E0 0E0 0E0 0E0 0E0 0E0 0E0 0E0 0E0 0E0 0E0 0E0 9.80335E-1 0E0 7.49551E-1 0E0 0E0 0E0 0E0 0E0 0E0 0E0 0E0 9.68676E-1 0E0 5.29929E-1 1.27259E-1 2.55227E-3 1.69986E-3 1.22059E-3 7.76955E-4 3.4676E-3 4.22572E-3 3.4016E-4 1.99805E-5 3.15539E-5 5.37868E-4 7.50301E-4 6.54413E-4 1.11352E-3 -9999 -9999 -9999 -9999 -9999 -9999 -9999 -9999 -9999 -9999 -9999 -9999 -9999 -9999 -9999 -9999 -9999 -9999 -9999 -9999 -9999 -9999 -9999 -9999 -9999 -9999 -9999 -9999 -9999
0E0 0E0 0E0 0E0 0E0 0E0 0E0 0E0 0E0 0E0 0E0 0E0 0E0 0E0 0E0 0E0 0E0 0E0 0E0 0E0 9.23547E-1 9.71287E-1 9.79515E-1 9.32702E-1 0E0 0E0 0E0 0E0 0E0 0E0 0E0 0E0 0E0 5.49078E-1 3.09644E-1 1.78044E-1 7.89044E-2 8.51726E-2 3.32041E-2 6.98072E-4 2.40459E-4 2.6921E-3 2.40057E-4 3.04426E-5 7.85147E-5 1.2067E-3 4.69156E-3 1.03854E-3 2.34285E-3 -9999 -9999 -9999 -9999 -9999 -9999 -9999 -9999 -9999 -9999 -9999 -9999 -9999 -9999 -9999 -9999 -9999 -9999 -9999 -9999 -9999 -9999 -9999 -9999 -9999 -9999 -9999 -9999 -9999
0E0 0E0 0E0 0E0 0E0 0E0 0E0 0E0 0E0 0E0 0E0 0E0 0E0 0E0 0E0 0E0 0E0 0E0 0E0 0E0 0E0 9.88204E-1 6.71253E-1 7.80942E-1 9.6886E-1 9.6346E-1 8.82478E-1 0E0 0E0 0E0 0E0 0E0 0E0 7.07161E-1 2.34661E-1 0E0 7.86197E-1 5.29207E-1 1.2668E-1 1.03337E-3 1.77923E-4 4.23482E-5 1.9437E-5 3.62493E-5 8.54531E-4 3.05433E-3 1.60081E-3 5.97105E-3 6.29989E-3 -9999 -9999 -9999 -9999 -9999 -9999 -9999 -9999 -9999 -9999 -9999 -9999 -9999 -9999 -9999 -9999 -9999 -9999 -9999 -9999 -9999 -9999 -9999 -9999 -9999 -9999 -9999 -9999 -9999
0E0 0E0 0E0 0E0 0E0 0E0 0E0 0E0 0E0 0E0 0E0 0E0 0E0 0E0 3.11779E-1 1.5447E-1 3.52764E-1 0E0 0E0 0E0 0E0 9.99163E-1 4.25887E-1 5.29647E-1 6.62176E-1 9.77598E-1 8.244E-1 0E0 0E0 0E0 0E0 9.36728E-1 7.43075E-1 5.48074E-1 1.67003E-1 3.05311E-1 3.46342E-1 8.61518E-2 1.37269E-2 3.92157E-3 4.88027E-3 1.22203E-4 5.5213E-5 6.02363E-4 6.79692E-4 1.54009E-3 7.18859E-3 1.12587E-2 7.37738E-3 -9999 -9999 -9999 -9999 -9999 -9999 -9999 -9999 -9999 -9999 -9999 -9999 -9999 -9999 -9999 -9999 -9999 -9999 -9999 -9999 -9999 -9999 -9999 -9999 -9999 -9999 -9999 -9999 -9999
0E0 0E0 0E0 0E0 0E0 0E0 0E0 0E0 0E0 0E0 0E0 0E0 0E0 0E0 0E0 5.06976E-1 0E0 0E0 0E0 0E0 0E0 9.99461E-1 9.39957E-1 6.15379E-1 7.1954E-1 8.67284E-1 9.42441E-1 9.06375E-1 0E0 0E0 0E0 2.79691E-1 1.9822E-1 1.80663E-1 2.14791E-1 7.71099E-2 1.6963E-1 8.81921E-2 2.715E-2 3.97519E-2 4.81678E-3 3.11878E-4 3.43496E-4 3.2294E-3 2.24912E-3 3.0623E-3 4.08317E-3 1.2676E-2 5.72902E-3 -9999 -9999 -9999 -9999 -9999 -9999 -9999 -9999 -9999 -9999 -9999 -9999 -9999 -9999 -9999 -9999 -9999 -9999 -9999 -9999 -9999 -9999 -9999 -9999 -9999 -9999 -9999 -9999 -9999
0E0 0E0 0E0 0E0 0E0 0E0 0E0 0E0 0E0 0E0 0E0 0E0 0E0 0E0 0E0 0E0 0E0 0E0 0E0 0E0 0E0 9.78246E-1 0E0 0E0 0E0 6.66432E-1 6.20063E-1 7.30496E-1 6.5994E-1 7.21057E-1 0E0 5.83793E-1 1.63712E-1 7.12377E-2 6.39598E-2 6.61079E-2 1.04614E-1 7.9284E-2 8.66776E-2 1.66127E-2 4.34685E-3 2.95794E-4 1.85399E-4 6.2055E-3 8.05291E-3 1.13457E-2 1.13543E-2 9.21883E-3 5.4046E-3 -9999 -9999 -9999 -9999 -9999 -9999 -9999 -9999 -9999 -9999 -9999 -9999 -9999 -9999 -9999 -9999 -9999 -9999 -9999 -9999 -9999 -9999 -9999 -9999 -9999 -9999 -9999 -9999 -9999
0E0 0E0 0E0 0E0 0E0 0E0 0E0 0E0 0E0 9.23208E-1 7.76265E-1 9.49106E-1 0E0 0E0 0E0 0E0 0E0 0E0 0E0 0E0 0E0 8.77276E-1 9.62411E-1 0E0 0E0 7.39265E-1 7.01823E-1 6.48138E-1 8.28658E-1 5.30475E-1 0E0 0E0 5.10505E-1 3.53149E-1 2.66218E-2 2.61716E-3 1.3565E-2 6.74061E-2 4.15663E-2 1.4479E-2 1.21534E-3 5.31302E-4 2.66759E-3 2.53303E-3 5.71683E-3 2.01793E-2 2.55324E-2 1.83013E-3 9.34293E-4 -9999 -9999 -9999 -9999 -9999 -9999 -9999 -9999 -9999 -9999 -9999 -9999 -9999 -9999 -9999 -9999 -9999 -9999 -9999 -9999 -9999 -9999 -9999 -9999 -9999 -9999 -9999 -9999 -9999
0E0 0E0 0E0 0E0 0E0 0E0 0E0 0E0 0E0 0E0 9.1378E-1 9.11549E-1 0E0 0E0 0E0 0E0 0E0 0E0 0E0 0E0 0E0 9.93188E-1 9.97609E-1 0E0 0E0 0E0 8.07757E-1 0E0 0E0 0E0 0E0 3.97422E-1 3.92052E-1 4.13584E-2 1.42819E-2 2.85818E-3 8.12908E-4 1.24534E-3 1.36782E-3 2.08581E-3 6.34207E-4 3.12807E-3 4.91277E-3 1.09655E-2 1.95806E-2 3.76888E-2 8.07359E-3 7.77586E-4 1.72415E-4 -9999 -9999 -9999 -9999 -9999 -9999 -9999 -9999 -9999 -9999 -9999 -9999 -9999 -9999 -9999 -9999 -9999 -9999 -9999 -9999 -9999 -9999 -9999 -9999 -9999 -9999 -9999 -9999 -9999
0E0 0E0 0E0 0E0 0E0 0E0 0E0 0E0 9.8817E-1 0E0 0E0 0E0 0E0 9.96469E-1 0E0 0E0 0E0 0E0 0E0 0E0 9.47486E-1 7.14271E-1 7.58058E-1 9.26892E-1 0E0 0E0 6.31163E-1 5.96386E-1 0E0 5.38594E-1 3.75965E-1 1.94147E-2 2.58553E-2 1.28261E-2 3.70711E-3 1.14649E-3 7.43583E-4 3.71993E-3 2.16455E-2 3.67021E-3 2.35274E-3 1.11282E-2 4.67591E-3 7.81356E-3 1.67073E-2 4.29784E-3 1.01772E-3 6.57911E-4 3.53381E-4 -9999 -9999 -9999 -9999 -9999 -9999 -9999 -9999 -9999 -9999 -9999 -9999 -9999 -9999 -9999 -9999 -9999 -9999 -9999 -9999 -9999 -9999 -9999 -9999 -9999 -9999 -9999 -9999 -9999
0E0 0E0 0E0 0E0 0E0 0E0 0E0 0E0 0E0 0E0 9.99215E-1 9.98622E-1 0E0 0E0 0E0 0E0 0E0 0E0 9.66743E-1 0E0 6.79539E-1 2.91549E-1 4.00903E-1 7.38041E-1 8.9311E-1 0E0 7.03507E-1 4.76605E-1 2.20849E-1 6.47257E-2 3.03158E-2 9.54555E-3 2.68366E-3 1.74058E-3 1.4077E-3 1.8474E-3 8.66389E-3 1.27458E-2 2.42878E-2 2.23288E-2 1.62581E-2 2.39882E-2 1.53032E-2 1.86584E-2 1.30011E-2 2.18528E-3 9.59956E-4 1.57941E-4 8.16016E-5 -9999 -9999 -9999 -9999 -9999 -9999 -9999 -9999 -9999 -9999 -9999 -9999 -9999 -9999 -9999 -9999 -9999 -9999 -9999 -9999 -9999 -9999 -9999 -9999 -9999 -9999 -9999 -9999 -9999
4.74258E-1 0E0 0E0 0E0 0E0 0E0 0E0 0E0 0E0 7.97072E-1 7.09489E-1 9.72508E-1 9.92799E-1 9.92733E-1 9.6659E-1 9.86584E-1 0E0 9.03801E-1 8.55687E-1 8.6813E-1 5.77457E-1 2.7259E-1 4.34192E-1 0E0 6.27373E-1 0E0 5.76074E-1 4.41803E-1 1.96313E-1 1.13808E-2 5.03154E-3 1.98822E-3 5.26714E-3 8.37864E-4 1.14517E-2 1.13998E-2 7.89318E-2 1.69461E-2 3.85608E-2 3.27979E-2 3.28929E-2 1.7865E-2 1.30912E-2 1.22437E-2 2.76822E-3 7.41063E-3 2.4379E-3 1.2731E-3 2.33319E-4 -9999 -9999 -9999 -9999 -9999 -9999 -9999 -9999 -9999 -9999 -9999 -9999 -9999 -9999 -9999 -9999 -9999 -9999 -9999 -9999 -9999 -9999 -9999 -9999 -9999 -9999 -9999 -9999 -9999
4.80821E-1 0E0 0E0 0E0 0E0 6.30117E-1 0E0 0E0 0E0 0E0 6.13989E-1 7.1103E-1 8.33334E-1 9.27003E-1 8.15264E-1 8.59112E-1 9.91628E-1 8.56277E-1 9.86107E-1 9.75822E-1 6.1882E-1 2.17825E-1 2.25748E-1 2.65424E-1 2.67119E-1 2.72629E-1 1.33248E-1 3.39046E-1 2.85629E-1 1.45042E-2 4.51838E-3 9.90497E-3 3.04619E-2 7.50912E-3 3.81704E-2 4.47123E-2 9.46275E-2 2.12555E-2 2.56525E-2 3.49417E-2 1.80979E-2 1.23898E-2 3.77446E-2 7.48978E-3 1.28041E-2 4.99202E-3 5.5629E-4 1.02596E-4 1.32108E-4 -9999 -9999 -9999 -9999 -9999 -9999 -9999 -9999 -9999 -9999 -9999 -9999 -9999 -9999 -9999 -9999 -9999 -9999 -9999 -9999 -9999 -9999 -9999 -9999 -9999 -9999 -9999 -9999 -9999
2.15427E-1 5.75615E-1 3.86836E-1 5.51604E-1 6.4493E-1 0E0 0E0 0E0 0E0 0E0 0E0 0E0 8.02074E-1 7.85154E-1 6.4637E-1 7.84151E-1 9.88865E-1 9.98953E-1 9.83511E-1 7.83032E-1 5.10975E-1 1.77453E-1 1.79797E-1 1.89751E-1 6.63202E-2 1.25009E-1 1.96161E-1 3.97453E-1 1.66226E-1 3.67142E-2 2.98374E-2 2.07685E-2 3.80763E-2 2.20922E-2 6.29596E-2 1.0975E-1 3.0784E-2 4.67372E-2 4.38437E-2 3.35976E-2 4.1662E-2 3.9795E-2 5.23127E-2 3.84101E-2 1.45363E-2 1.54872E-3 1.80597E-4 2.06359E-5 1.73972E-5 -9999 -9999 -9999 -9999 -9999 -9999 -9999 -9999 -9999 -9999 -9999 -9999 -9999 -9999 -9999 -9999 -9999 -9999 -9999 -9999 -9999 -9999 -9999 -9999 -9999 -9999 -9999 -9999 -9999
1.06595E-1 3.15092E-1 1.39069E-1 1.95132E-1 4.64059E-1 0E0 0E0 0E0 0E0 0E0 0E0 0E0 0E0 0E0 0E0 9.01191E-1 9.45517E-1 9.99662E-1 9.9912E-1 8.83098E-1 2.35633E-1 9.46523E-2 1.87564E-1 1.8882E-1 1.25757E-1 3.36842E-1 8.64126E-1 6.27416E-1 4.80047E-1 9.5285E-2 1.11674E-1 2.70205E-2 8.06262E-2 8.23443E-2 2.9102E-1 7.98408E-2 1.01236E-1 6.8566E-2 3.56676E-2 5.17093E-2 2.92567E-2 5.62587E-3 9.48467E-3 1.23646E-2 1.07022E-2 6.65545E-3 7.2407E-4 6.14308E-5 4.61183E-6 -9999 -9999 -9999 -9999 -9999 -9999 -9999 -9999 -9999 -9999 -9999 -9999 -9999 -9999 -9999 -9999 -9999 -9999 -9999 -9999 -9999 -9999 -9999 -9999 -9999 -9999 -9999 -9999 -9999
1.03708E-1 3.18388E-2 1.89612E-2 1.4558E-1 0E0 0E0 0E0 0E0 0E0 0E0 0E0 0E0 0E0 3.56498E-1 0E0 8.50589E-1 7.58261E-1 9.78148E-1 9.99584E-1 5.24592E-1 1.79825E-1 2.08938E-1 3.65258E-1 4.51228E-1 3.64464E-1 8.4679E-1 7.71427E-1 2.76264E-1 4.60029E-1 5.84036E-1 4.45146E-1 2.35422E-1 2.36404E-1 2.71167E-1 2.43512E-1 2.55925E-1 2.28652E-1 8.69015E-2 5.45216E-2 6.41843E-2 2.96842E-3 5.69354E-4 1.26565E-3 6.02723E-3 2.61535E-3 2.06101E-3 2.96618E-4 2.30198E-5 -9999 -9999 -9999 -9999 -9999 -9999 -9999 -9999 -9999 -9999 -9999 -9999 -9999 -9999 -9999 -9999 -9999 -9999 -9999 -9999 -9999 -9999 -9999 -9999 -9999 -9999 -9999 -9999 -9999 -9999
0E0 1.69402E-1 6.77366E-2 3.30519E-1 0E0 0E0 0E0 0E0 0E0 0E0 0E0 1.18432E-1 4.21031E-2 8.68516E-2 1.22473E-1 3.46131E-1 7.90358E-1 9.84246E-1 9.99601E-1 7.91822E-1 7.04403E-1 8.28863E-1 7.31041E-1 8.93163E-1 8.41725E-1 9.79401E-1 5.43277E-1 2.47882E-1 4.06472E-1 3.37284E-1 4.55424E-1 2.69067E-1 2.37551E-1 9.40103E-2 2.01465E-1 2.05225E-1 1.19751E-1 1.40998E-1 9.23247E-2 4.05931E-2 9.74678E-3 4.83764E-4 5.2909E-4 2.58097E-3 5.54225E-4 7.81069E-4 5.67571E-5 -9999 -9999 -9999 -9999 -9999 -9999 -9999 -9999 -9999 -9999 -9999 -9999 -9999 -9999 -9999 -9999 -9999 -9999 -9999 -9999 -9999 -9999 -9999 -9999 -9999 -9999 -9999 -9999 -9999 -9999 -9999
0E0 2.36126E-1 0E0 0E0 0E0 0E0 0E0 0E0 0E0 1.66068E-1 1.86981E-1 2.15181E-2 3.56619E-2 1.94012E-1 4.58349E-2 2.43292E-1 6.25857E-1 9.97955E-1 9.99086E-1 9.69927E-1 9.97131E-1 9.97197E-1 9.76062E-1 9.7371E-1 8.88826E-1 8.92586E-1 6.99083E-1 7.83809E-1 7.78765E-1 5.8925E-1 3.42412E-1 1.17475E-1 9.02116E-2 5.80427E-2 5.70776E-2 1.44047E-1 1.22305E-1 1.37126E-1 5.96341E-2 7.40436E-3 6.8921E-4 1.52631E-4 2.71342E-4 9.64764E-4 3.82641E-4 1.41437E-4 1.54173E-5 -9999 -9999 -9999 -9999 -9999 -9999 -9999 -9999 -9999 -9999 -9999 -9999 -9999 -9999 -9999 -9999 -9999 -9999 -9999 -9999 -9999 -9999 -9999 -9999 -9999 -9999 -9999 -9999 -9999 -9999 -9999
0E0 0E0 0E0 0E0 0E0 3.58203E-1 1.69537E-1 1.8744E-1 1.35289E-1 1.18277E-2 1.77788E-2 1.57863E-2 2.93497E-2 4.01228E-1 1.50697E-1 2.77743E-1 8.5207E-1 9.99696E-1 9.50672E-1 4.319E-1 5.38002E-1 9.09007E-1 6.35761E-1 3.03791E-1 1.58411E-1 1.47767E-1 6.70159E-1 5.99494E-1 1.54681E-1 6.45181E-1 4.25608E-1 1.6608E-1 3.8013E-2 3.45912E-2 1.02411E-1 1.25932E-1 9.63177E-2 3.46096E-2 3.92372E-3 4.94486E-4 2.14759E-4 3.17686E-4 5.47559E-4 1.57063E-4 6.1994E-5 1.29559E-5 9.02576E-6 -9999 -9999 -9999 -9999 -9999 -9999 -9999 -9999 -9999 -9999 -9999 -9999 -9999 -9999 -9999 -9999 -9999 -9999 -9999 -9999 -9999 -9999 -9999 -9999 -9999 -9999 -9999 -9999 -9999 -9999 -9999
0E0 0E0 0E0 9.79655E-2 3.94145E-2 3.16865E-2 6.69972E-2 2.82635E-2 1.2577E-2 3.3719E-3 4.58821E-2 2.3727E-1 1.60314E-1 2.08193E-1 2.75006E-1 5.31199E-1 7.08917E-1 9.98947E-1 9.68792E-1 4.14952E-1 3.27342E-1 4.55447E-1 1.31232E-1 5.76469E-2 5.31453E-2 9.79135E-2 2.94734E-1 2.38033E-1 5.39236E-2 2.7731E-1 5.44385E-1 1.68382E-1 7.7403E-2 7.88287E-2 1.92981E-1 9.04769E-2 1.7611E-2 7.7599E-3 3.89E-3 1.25759E-3 6.5748E-4 2.97324E-3 3.8235E-3 2.44521E-3 2.02334E-4 1.57279E-5 7.84877E-6 5.59046E-6 -9999 -9999 -9999 -9999 -9999 -9999 -9999 -9999 -9999 -9999 -9999 -9999 -9999 -9999 -9999 -9999 -9999 -9999 -9999 -9999 -9999 -9999 -9999 -9999 -9999 -9999 -9999 -9999 -9999 -9999
6.6153E-1 4.36078E-1 0E0 0E0 8.31638E-2 4.06673E-2 5.42497E-2 6.20892E-2 4.12028E-2 5.35325E-2 1.10623E-1 5.23203E-1 5.70293E-1 1.58356E-1 3.21E-1 7.27353E-1 9.19673E-1 9.9836E-1 9.96497E-1 9.45948E-1 8.63514E-1 6.2699E-1 1.15445E-1 5.83066E-2 9.59525E-3 6.24425E-2 2.4048E-1 1.55653E-1 1.04163E-1 4.03142E-1 4.84607E-1 5.26216E-1 3.88087E-1 2.56908E-1 2.02146E-1 7.42849E-2 2.13323E-2 7.67847E-3 8.5243E-4 3.66703E-3 3.88052E-3 9.65964E-3 6.37059E-3 5.35236E-4 1.58188E-4 1.06473E-5 8.03926E-6 3.46151E-6 -9999 -9999 -9999 -9999 -9999 -9999 -9999 -9999 -9999 -9999 -9999 -9999 -9999 -9999 -9999 -9999 -9999 -9999 -9999 -9999 -9999 -9999 -9999 -9999 -9999 -9999 -9999 -9999 -9999 -9999
0E0 0E0 0E0 0E0 3.06948E-1 2.52461E-2 5.69639E-2 4.6073E-2 5.94461E-2 1.59928E-1 1.1862E-1 2.06843E-1 3.08992E-1 3.69595E-1 7.45706E-1 9.19467E-1 9.96586E-1 9.86053E-1 9.72911E-1 9.994E-1 9.57924E-1 3.86926E-1 1.41001E-1 6.35406E-2 8.34785E-3 9.91699E-3 1.42992E-2 2.9543E-2 3.29725E-1 1.5629E-1 2.29395E-1 5.46687E-1 3.81512E-1 2.10506E-1 1.94592E-1 5.24583E-2 1.8348E-2 4.74961E-3 4.18204E-3 4.88747E-2 4.40042E-2 4.18323E-2 1.00182E-2 1.21933E-3 2.76947E-4 6.04611E-5 9.03062E-6 8.50459E-6 -9999 -9999 -9999 -9999 -9999 -9999 -9999 -9999 -9999 -9999 -9999 -9999 -9999 -9999 -9999 -9999 -9999 -9999 -9999 -9999 -9999 -9999 -9999 -9999 -9999 -9999 -9999 -9999 -9999 -9999
0E0 0E0 0E0 0E0 4.28772E-2 1.2685E-2 2.39832E-2 5.55719E-2 6.05614E-2 1.6961E-1 2.83905E-1 3.4673E-1 5.16608E-1 8.67341E-1 8.33304E-1 9.95777E-1 8.30353E-1 2.91017E-1 6.116E-1 9.17311E-1 9.67094E-1 5.23214E-1 1.27876E-1 3.32621E-2 7.38139E-2 5.52317E-2 4.68802E-2 1.5132E-2 5.32234E-2 6.27905E-2 1.61362E-1 1.91888E-1 4.20423E-1 2.96051E-1 1.37095E-1 8.0186E-2 1.32366E-2 3.52648E-2 4.37041E-2 8.35987E-2 5.02153E-2 1.46947E-2 1.3181E-2 6.56364E-4 2.5224E-5 5.08276E-6 2.37499E-6 5.93186E-6 -9999 -9999 -9999 -9999 -9999 -9999 -9999 -9999 -9999 -9999 -9999 -9999 -9999 -9999 -9999 -9999 -9999 -9999 -9999 -9999 -9999 -9999 -9999 -9999 -9999 -9999 -9999 -9999 -9999 -9999
0E0 0E0 1.75449E-1 6.85788E-3 2.45029E-3 3.94481E-3 1.95991E-2 4.56644E-2 1.03378E-1 4.27452E-1 5.7954E-1 5.0731E-1 4.73785E-1 9.23572E-1 9.82856E-1 9.58871E-1 6.55016E-1 2.4718E-1 1.30481E-1 3.90573E-1 5.84744E-1 9.58441E-1 3.80674E-1 1.63595E-1 1.63907E-1 1.57486E-1 2.75981E-2 1.02717E-2 5.33304E-3 4.34917E-2 2.57783E-1 3.64132E-1 3.05698E-1 4.44639E-1 1.86317E-1 6.00049E-2 1.0649E-1 1.37292E-1 1.35313E-1 4.69193E-2 4.32701E-3 8.44896E-3 2.29221E-3 1.74493E-3 4.21441E-5 6.05973E-6 3.92126E-6 2.95871E-6 -9999 -9999 -9999 -9999 -9999 -9999 -9999 -9999 -9999 -9999 -9999 -9999 -9999 -9999 -9999 -9999 -9999 -9999 -9999 -9999 -9999 -9999 -9999 -9999 -9999 -9999 -9999 -9999 -9999 -9999
0E0 3.75987E-1 9.04567E-2 1.31889E-2 7.74792E-3 2.1253E-2 2.77442E-2 9.32707E-2 1.44949E-1 2.57992E-1 3.69471E-1 7.09058E-1 9.63592E-1 9.94064E-1 9.38536E-1 3.87866E-1 1.51834E-1 1.77044E-1 7.94913E-2 1.92293E-1 7.71134E-1 9.64078E-1 6.76467E-1 5.03542E-1 4.1539E-1 4.74646E-2 1.84641E-2 3.19238E-3 5.67387E-4 1.4461E-2 6.14789E-2 9.92038E-2 8.96048E-2 3.49528E-1 2.1737E-1 1.50029E-1 1.53062E-1 9.07036E-2 3.1441E-2 8.15164E-3 8.06515E-4 2.32651E-3 2.04668E-3 2.51815E-4 3.9659E-5 5.11337E-6 5.70101E-6 6.85939E-6 -9999 -9999 -9999 -9999 -9999 -9999 -9999 -9999 -9999 -9999 -9999 -9999 -9999 -9999 -9999 -9999 -9999 -9999 -9999 -9999 -9999 -9999 -9999 -9999 -9999 -9999 -9999 -9999 -9999 -9999
0E0 1.94994E-1 5.77188E-2 4.75467E-2 3.15433E-2 3.16222E-2 3.05686E-2 4.74332E-2 3.14189E-2 9.16248E-2 1.36365E-1 3.37427E-1 9.50965E-1 9.80977E-1 5.26289E-1 1.01301E-1 1.97867E-2 4.35962E-2 5.35853E-2 7.34649E-2 4.86406E-1 7.91605E-1 9.22377E-1 7.65804E-1 1.84649E-1 2.62387E-2 2.6407E-2 4.04683E-3 2.77448E-3 2.69705E-3 3.53034E-3 7.93874E-3 7.83033E-2 2.3027E-1 1.24611E-1 1.81945E-1 1.57829E-1 5.59124E-2 2.35997E-2 6.13087E-3 3.52735E-3 1.26193E-3 5.91058E-4 1.69415E-5 6.94469E-6 2.7488E-6 1.77263E-6 2.55334E-5 6.91455E-5 -9999 -9999 -9999 -9999 -9999 -9999 -9999 -9999 -9999 -9999 -9999 -9999 -9999 -9999 -9999 -9999 -9999 -9999 -9999 -9999 -9999 -9999 -9999 -9999 -9999 -9999 -9999 -9999 -9999
4.68033E-1 9.5522E-2 3.77361E-2 3.66462E-2 4.03526E-2 3.55782E-2 5.74945E-2 4.79799E-2 3.28376E-2 1.33247E-1 2.79341E-1 7.31473E-1 9.86861E-1 9.10825E-1 3.60603E-1 6.30746E-2 1.17758E-2 2.74156E-2 8.01336E-2 3.43856E-1 4.54736E-1 4.36943E-1 7.99861E-1 4.79695E-1 1.00495E-1 5.90375E-2 2.09515E-2 9.92844E-3 1.1011E-2 2.13216E-2 6.39128E-3 7.4572E-3 6.10637E-2 1.14939E-1 5.49209E-2 8.60844E-2 1.2593E-1 6.07101E-2 4.39397E-2 3.8512E-2 1.61736E-2 7.07446E-3 6.59614E-5 2.68757E-5 6.61297E-6 1.24133E-6 3.71979E-6 3.74223E-5 6.87563E-5 -9999 -9999 -9999 -9999 -9999 -9999 -9999 -9999 -9999 -9999 -9999 -9999 -9999 -9999 -9999 -9999 -9999 -9999 -9999 -9999 -9999 -9999 -9999 -9999 -9999 -9999 -9999 -9999 -9999
1.09405E-1 7.83722E-2 4.2638E-2 3.57274E-2 6.72321E-2 6.83225E-2 1.70591E-1 8.40737E-2 4.78188E-2 1.6577E-1 4.04631E-1 9.78765E-1 9.25038E-1 3.9038E-1 4.01912E-1 1.39278E-1 4.00547E-2 7.32937E-2 2.62992E-1 2.61085E-1 3.13502E-1 8.44956E-2 8.12555E-2 3.28486E-1 6.26361E-1 3.66954E-1 1.30703E-1 4.33407E-2 5.80461E-2 6.24023E-2 2.46316E-2 2.32214E-2 1.71749E-2 2.83125E-2 2.2841E-2 6.18661E-2 3.99764E-2 9.99226E-2 1.4857E-2 9.3782E-3 3.33999E-4 2.84186E-4 3.00259E-5 5.70592E-6 5.09151E-6 3.01551E-6 4.38094E-6 7.13011E-5 8.64352E-5 4.8712E-4 -9999 -9999 -9999 -9999 -9999 -9999 -9999 -9999 -9999 -9999 -9999 -9999 -9999 -9999 -9999 -9999 -9999 -9999 -9999 -9999 -9999 -9999 -9999 -9999 -9999 -9999 -9999 -9999
1.22033E-1 1.61005E-1 4.05798E-2 2.54457E-2 3.53595E-2 7.27869E-2 1.34514E-1 4.83985E-1 4.1499E-1 6.29036E-1 8.83294E-1 9.74553E-1 7.45857E-1 1.28485E-1 1.02002E-1 6.36036E-2 3.05549E-2 1.26956E-2 6.47569E-2 2.16666E-1 4.68758E-1 5.37076E-2 1.56527E-1 2.2823E-1 4.29669E-1 7.80957E-1 2.4369E-1 1.55277E-1 1.16694E-1 9.84971E-2 5.73201E-2 2.19255E-2 1.25188E-2 1.09804E-2 9.3482E-3 3.44093E-2 9.05726E-3 5.32043E-2 5.70646E-2 1.92052E-2 1.47983E-3 4.44001E-5 1.99048E-6 1.21556E-5 2.11962E-5 5.3629E-6 6.9677E-6 5.29535E-5 2.08899E-4 3.80472E-4 -9999 -9999 -9999 -9999 -9999 -9999 -9999 -9999 -9999 -9999 -9999 -9999 -9999 -9999 -9999 -9999 -9999 -9999 -9999 -9999 -9999 -9999 -9999 -9999 -9999 -9999 -9999 -9999
1.05485E-1 3.64385E-2 2.93714E-2 1.78364E-2 2.25756E-2 4.57697E-2 5.04054E-2 3.04687E-1 5.02264E-1 8.50126E-1 9.19801E-1 8.14556E-1 3.9346E-1 1.85296E-1 1.78473E-1 7.98802E-2 4.10693E-2 1.52789E-3 1.70995E-3 3.29821E-2 8.85562E-2 4.52365E-2 1.16188E-1 1.83735E-2 9.11359E-2 6.81466E-1 7.47913E-2 8.24365E-2 5.18527E-2 1.16259E-2 6.46636E-3 3.33143E-3 1.2302E-2 3.77244E-3 2.72123E-3 5.96647E-3 1.70691E-3 2.69475E-2 1.87403E-2 4.68338E-3 3.84955E-3 1.14144E-4 2.78003E-6 1.22216E-5 5.54388E-5 2.56561E-5 6.55078E-5 1.05209E-4 6.40204E-4 8.12156E-4 6.05236E-4 -9999 -9999 -9999 -9999 -9999 -9999 -9999 -9999 -9999 -9999 -9999 -9999 -9999 -9999 -9999 -9999 -9999 -9999 -9999 -9999 -9999 -9999 -9999 -9999 -9999 -9999 -9999
