ENM/Final_Models/M_1_F_lqp_Set_1_NE/Gustavia_santanderiensis_1_Choco.asc
ncols         367
nrows         963
xllcorner     -78.6
yllcorner     0.65
cellsize      0.00833333333333323
NODATA_value  -9999
[rows 805 to 839 of 963, columns 78 to 155 of 367]
0E0 0E0 0E0 0E0 0E0 0E0 0E0 0E0 0E0 0E0 0E0 0E0 0E0 0E0 0E0 0E0 0E0 0E0 0E0 0E0 0E0 0E0 0E0 0E0 0E0 0E0 0E0 0E0 0E0 0E0 0E0 0E0 8.5589E-1 9.94929E-1 0E0 0E0 0E0 9.98877E-1 5.54619E-1 9.81912E-1 9.99994E-1 8.82523E-1 6.84415E-1 4.58856E-1 5.043E-1 4.16754E-1 3.52532E-1 2.90222E-1 2.51435E-1 2.14635E-1 2.08248E-1 1.47104E-1 9.89276E-2 1.9178E-2 2.15432E-3 5.02642E-4 1.5265E-3 1.66068E-3 1.84012E-3 4.30189E-3 5.78926E-3 2.03537E-3 6.83621E-4 4.00872E-5 4.21281E-5 7.12924E-6 3.05399E-6 1.11212E-4 3.33957E-4 6.27345E-5 1.47184E-4 6.74165E-4 2.7582E-4 5.12383E-5 5.76208E-6 2.8267E-6 1.35934E-6 2.60865E-6
0E0 0E0 0E0 0E0 0E0 0E0 0E0 0E0 0E0 0E0 0E0 0E0 0E0 0E0 0E0 0E0 0E0 0E0 0E0 0E0 0E0 0E0 0E0 0E0 0E0 0E0 0E0 9.99287E-1 0E0 0E0 9.99548E-1 9.83762E-1 5.8744E-1 8.54556E-1 9.98307E-1 0E0 0E0 1E0 9.03574E-1 5.19085E-1 9.70119E-1 0E0 5.65758E-1 3.6314E-1 3.59416E-1 2.62144E-1 2.37251E-1 3.88937E-1 2.90499E-1 1.03581E-1 4.26628E-2 8.81913E-2 3.07191E-2 1.63718E-2 2.98153E-3 3.1734E-3 7.55356E-3 7.1886E-3 1.25519E-2 1.21393E-2 7.93039E-3 1.89599E-3 7.19517E-4 2.53554E-4 6.58598E-5 1.3566E-5 2.12799E-5 3.33196E-4 6.73402E-4 6.7507E-5 3.6002E-4 9.93366E-4 2.46865E-4 1.82034E-5 1.95281E-6 1.84447E-6 1.39614E-6 1.34919E-5
0E0 0E0 0E0 0E0 0E0 0E0 0E0 0E0 0E0 0E0 0E0 0E0 0E0 0E0 0E0 0E0 0E0 0E0 0E0 0E0 0E0 0E0 0E0 0E0 0E0 0E0 0E0 9.95746E-1 0E0 0E0 9.99722E-1 4.79387E-1 3.23738E-1 3.36137E-1 9.98917E-1 0E0 0E0 9.99911E-1 3.84789E-1 3.40263E-1 9.81841E-1 0E0 1E0 3.41619E-1 1.05413E-1 1.22133E-1 1.92884E-1 3.1752E-1 2.00365E-1 7.60266E-2 5.08667E-2 3.6809E-2 1.59137E-2 6.76823E-3 4.80501E-3 5.15013E-3 9.72499E-3 4.93053E-3 2.16396E-2 7.72518E-3 1.55008E-3 4.19416E-4 7.2478E-5 3.97473E-5 9.51352E-6 1.29789E-5 2.2177E-4 7.96379E-4 1.04172E-3 6.48906E-4 9.91293E-4 6.23376E-4 9.4794E-5 1.26481E-5 2.24388E-6 1.61132E-6 5.70031E-6 2.54942E-4
0E0 0E0 0E0 0E0 0E0 0E0 0E0 0E0 0E0 0E0 0E0 0E0 0E0 0E0 0E0 0E0 9.99824E-1 9.99662E-1 9.95951E-1 9.99307E-1 0E0 0E0 0E0 0E0 0E0 0E0 0E0 9.88873E-1 9.93738E-1 9.91776E-1 9.70972E-1 2.66369E-1 1.82686E-1 4.39906E-1 9.82952E-1 0E0 0E0 9.92215E-1 1.60428E-1 1.34071E-1 9.99969E-1 9.9962E-1 9.99998E-1 8.16048E-1 3.47953E-1 4.40413E-1 6.31295E-1 1.84164E-1 2.87527E-1 1.34457E-1 7.69169E-2 3.77325E-2 1.7004E-2 2.69318E-3 4.02104E-3 9.48822E-3 8.42654E-3 6.02355E-3 1.42455E-2 5.35802E-3 1.95552E-3 2.94797E-4 2.09221E-4 4.19147E-5 1.08135E-5 8.66544E-6 1.23463E-4 1.89753E-3 1.87158E-3 1.70687E-3 1.17762E-3 3.76258E-4 9.59882E-5 9.80363E-6 2.51852E-6 3.57606E-6 1.28686E-5 3.14947E-4
0E0 0E0 0E0 0E0 0E0 0E0 0E0 0E0 0E0 0E0 0E0 0E0 0E0 0E0 0E0 0E0 9.97718E-1 9.99472E-1 9.91381E-1 0E0 0E0 0E0 0E0 0E0 0E0 0E0 9.99994E-1 0E0 9.99893E-1 0E0 9.53329E-1 4.29159E-1 3.27017E-1 6.56726E-1 7.25146E-1 9.84174E-1 9.73789E-1 9.84043E-1 4.08997E-1 8.8744E-1 9.96631E-1 9.98086E-1 8.81166E-1 9.59605E-1 9.81626E-1 0E0 6.32543E-1 1.81752E-1 2.26515E-1 1.28133E-1 4.62919E-2 3.67964E-2 1.69405E-2 4.1403E-3 3.92267E-3 1.02627E-2 1.77549E-2 8.18443E-3 9.77961E-3 5.86073E-3 6.50572E-3 1.37359E-3 7.46136E-4 3.02597E-5 5.546E-6 1.63579E-5 1.19402E-4 1.36811E-3 2.70306E-3 1.62388E-3 7.3539E-4 3.38242E-4 1.44574E-4 2.34827E-5 5.45623E-6 2.70986E-6 8.79597E-5 8.25168E-4
0E0 0E0 0E0 0E0 0E0 0E0 0E0 0E0 0E0 0E0 0E0 0E0 0E0 0E0 0E0 1E0 9.95085E-1 9.71263E-1 9.87236E-1 0E0 0E0 0E0 0E0 0E0 0E0 0E0 0E0 9.83722E-1 9.95661E-1 8.43808E-1 7.03221E-1 6.61991E-1 5.95883E-1 6.43832E-1 9.60152E-1 9.07181E-1 7.61455E-1 6.10357E-1 9.32656E-1 9.97035E-1 9.99985E-1 9.81289E-1 7.77409E-1 7.45082E-1 9.87863E-1 1E0 6.44808E-1 2.64421E-1 1.11038E-1 1.50411E-1 7.77321E-2 3.28767E-2 1.81107E-2 3.85069E-3 9.57143E-3 2.00763E-2 3.02531E-2 2.43557E-2 6.52141E-3 3.16284E-3 1.54782E-3 3.39779E-4 1.41833E-5 5.65935E-6 3.68364E-6 1.75311E-5 3.31647E-4 3.048E-3 2.14673E-3 6.95982E-4 1.5154E-4 2.41275E-5 8.93093E-6 6.3506E-6 2.86492E-6 3.1023E-5 2.89744E-4 8.9903E-4
0E0 0E0 0E0 0E0 0E0 0E0 0E0 0E0 0E0 0E0 0E0 0E0 0E0 0E0 9.99961E-1 9.99987E-1 9.86934E-1 9.92364E-1 9.99998E-1 1E0 0E0 0E0 0E0 0E0 0E0 0E0 0E0 9.99987E-1 0E0 1E0 9.82985E-1 9.90209E-1 5.50556E-1 7.70753E-1 9.77261E-1 7.69521E-1 3.9022E-1 1.29971E-1 3.67749E-1 5.41299E-1 6.6449E-1 6.74801E-1 6.00117E-1 5.02358E-1 8.02978E-1 9.85808E-1 7.60416E-1 1.5762E-1 1.00909E-1 6.16127E-2 2.63549E-2 9.28349E-3 7.2155E-3 3.91674E-3 1.53567E-2 2.40406E-2 6.31102E-2 2.22996E-2 1.20874E-2 2.74966E-3 6.90561E-4 6.24966E-5 7.30154E-6 2.53675E-6 3.73062E-6 1.71319E-5 6.63177E-4 4.14628E-3 2.07619E-3 5.16487E-4 1.10303E-4 3.6936E-5 5.93542E-6 8.02482E-6 1.50554E-5 1.75073E-4 1.03891E-3 1.13619E-3
0E0 0E0 0E0 0E0 0E0 0E0 0E0 0E0 0E0 0E0 0E0 0E0 0E0 9.99999E-1 9.98697E-1 9.97012E-1 9.99169E-1 1E0 0E0 0E0 0E0 0E0 0E0 0E0 1E0 1E0 9.99999E-1 9.4575E-1 9.92337E-1 9.76173E-1 9.9934E-1 9.37681E-1 9.2647E-1 9.64208E-1 9.72006E-1 9.54464E-1 4.03399E-1 2.03676E-1 1.99494E-1 1.89189E-1 1.32867E-1 1.19018E-1 5.38983E-1 4.07406E-1 3.81918E-1 6.08125E-1 4.46368E-1 1.07025E-1 9.19787E-2 5.79042E-2 2.37955E-2 7.47857E-3 2.89313E-3 2.88689E-3 7.38926E-3 2.01382E-2 1.16299E-1 3.05847E-2 9.92381E-3 6.91114E-3 1.98713E-3 7.22876E-4 1.21918E-5 2.08944E-6 1.19786E-5 2.95059E-5 8.45697E-4 4.67521E-3 1.54211E-3 5.51182E-4 1.06251E-4 3.15772E-5 1.8955E-5 9.03822E-6 1.11249E-5 1.50444E-4 1.59658E-3 1.64495E-3
0E0 0E0 0E0 0E0 0E0 0E0 0E0 0E0 0E0 0E0 0E0 0E0 0E0 0E0 9.99852E-1 9.99634E-1 9.99434E-1 0E0 0E0 0E0 0E0 0E0 1E0 1E0 9.99941E-1 9.94836E-1 9.98517E-1 8.93899E-1 9.4413E-1 9.5584E-1 5.61177E-1 9.62193E-1 9.3647E-1 4.80584E-1 5.24305E-1 8.8615E-1 8.62897E-1 8.56579E-1 4.50638E-1 2.47345E-1 1.2509E-1 1.48611E-1 3.52511E-1 7.05862E-1 7.22765E-1 8.26908E-1 2.62497E-1 8.77741E-2 1.34002E-1 4.46118E-2 9.85964E-2 1.00605E-1 5.35858E-2 1.45822E-2 1.93564E-2 5.35856E-2 9.78746E-2 2.77265E-2 1.10829E-2 1.22149E-2 7.12444E-3 9.54242E-4 3.08808E-5 2.53247E-6 5.38E-6 7.22337E-5 1.12906E-3 5.8551E-3 1.35821E-3 2.58664E-4 1.09943E-4 3.43906E-4 5.374E-4 6.78127E-5 2.63111E-5 3.36685E-4 2.74669E-3 5.98808E-3
0E0 0E0 0E0 0E0 0E0 0E0 0E0 0E0 0E0 0E0 0E0 0E0 0E0 0E0 0E0 0E0 0E0 0E0 0E0 0E0 0E0 0E0 1E0 0E0 0E0 6.95974E-1 8.27948E-1 9.99905E-1 9.99633E-1 9.70678E-1 4.32496E-1 9.62539E-1 7.82738E-1 3.92442E-1 4.02785E-1 5.28543E-1 7.54438E-1 9.89749E-1 8.51695E-1 5.97153E-1 1.88217E-1 4.6679E-1 6.1935E-1 8.16447E-1 7.14277E-1 4.84704E-1 1.3801E-1 1.04897E-1 2.2938E-1 1.95409E-1 1.71866E-1 8.82782E-2 6.27046E-2 3.23875E-2 4.79629E-2 5.75471E-2 1.32856E-1 6.43598E-2 2.34698E-2 3.70422E-3 9.04469E-4 6.76682E-4 9.28555E-4 5.02421E-4 2.89865E-4 5.39992E-4 2.24015E-3 2.93666E-3 1.27623E-3 1.58466E-4 1.0483E-4 6.88183E-4 1.27398E-4 2.68998E-5 1.40031E-4 1.09991E-3 3.04434E-3 6.31043E-3
0E0 0E0 0E0 0E0 0E0 0E0 0E0 0E0 0E0 0E0 0E0 0E0 0E0 0E0 0E0 0E0 0E0 0E0 0E0 0E0 0E0 0E0 0E0 0E0 0E0 0E0 8.91253E-1 8.75203E-1 9.82741E-1 9.9947E-1 9.21634E-1 8.85328E-1 9.42551E-1 6.90196E-1 5.23754E-1 2.26522E-1 3.10048E-1 6.65918E-1 8.87434E-1 9.56385E-1 8.79437E-1 9.16535E-1 9.63517E-1 9.43443E-1 7.96509E-1 3.3908E-1 7.06391E-2 1.17239E-1 2.65531E-1 4.19648E-1 3.9098E-1 2.57162E-1 7.16136E-2 2.14105E-2 3.45392E-2 1.12261E-1 3.59914E-2 2.04587E-1 5.29177E-2 1.98551E-2 5.97622E-3 5.31312E-3 2.90133E-3 3.90575E-3 2.08408E-3 1.51203E-3 5.64755E-3 3.84914E-3 8.29093E-4 9.79035E-4 1.11364E-3 7.68583E-4 2.16663E-4 4.95786E-5 4.24866E-4 2.0487E-3 3.43569E-3 3.78067E-3
0E0 0E0 0E0 0E0 0E0 0E0 0E0 0E0 0E0 0E0 0E0 0E0 0E0 0E0 0E0 0E0 0E0 0E0 0E0 1E0 0E0 0E0 0E0 0E0 1E0 9.99947E-1 9.37223E-1 8.55812E-1 8.5106E-1 9.99995E-1 9.46165E-1 8.48883E-1 9.91584E-1 9.92532E-1 6.99185E-1 2.79672E-1 -9999 -9999 -9999 -9999 9.75709E-1 9.73038E-1 7.57239E-1 -9999 -9999 -9999 -9999 3.2321E-1 4.29793E-1 1.43462E-1 1.12345E-1 1.55046E-1 5.66677E-2 4.88776E-2 3.46023E-2 1.25332E-1 1.31256E-1 1.4433E-1 8.45863E-2 2.8378E-2 1.61823E-2 5.16346E-2 2.12656E-2 1.34195E-2 1.15786E-2 3.20579E-3 3.79119E-3 2.22267E-3 2.98699E-3 2.26582E-3 4.12991E-4 2.66862E-4 1.56487E-4 6.18319E-5 4.90118E-4 3.94723E-3 6.73018E-3 6.27106E-3
0E0 0E0 0E0 0E0 0E0 0E0 0E0 0E0 0E0 0E0 0E0 0E0 0E0 0E0 0E0 0E0 0E0 0E0 0E0 0E0 0E0 0E0 0E0 0E0 9.99999E-1 9.97174E-1 0E0 9.99994E-1 9.79146E-1 9.99972E-1 9.93402E-1 9.96944E-1 9.99894E-1 9.88918E-1 5.83879E-1 3.4165E-1 -9999 -9999 -9999 -9999 -9999 9.3557E-1 -9999 -9999 -9999 -9999 -9999 -9999 2.58963E-1 9.56938E-2 1.13692E-1 2.49836E-1 1.2567E-1 1.48976E-1 2.28895E-1 3.40002E-1 2.33645E-1 2.64386E-2 2.68519E-2 3.24231E-2 1.80797E-2 1.54825E-2 8.98307E-3 4.84631E-3 3.5069E-3 9.26108E-4 2.03114E-3 1.14628E-3 8.66604E-4 1.17467E-3 1.12058E-4 7.48335E-5 1.9865E-5 2.79982E-5 6.43533E-4 9.81723E-3 -9999 -9999
0E0 0E0 0E0 0E0 0E0 0E0 0E0 0E0 0E0 0E0 0E0 0E0 0E0 0E0 0E0 0E0 0E0 0E0 0E0 0E0 0E0 0E0 0E0 0E0 0E0 0E0 9.99984E-1 1E0 0E0 9.99999E-1 9.92066E-1 9.6641E-1 9.36089E-1 8.54269E-1 6.50045E-1 5.49284E-1 -9999 -9999 -9999 -9999 -9999 -9999 -9999 -9999 -9999 -9999 -9999 -9999 3.78456E-1 5.40563E-1 4.27649E-1 4.91196E-1 1.41678E-1 4.47865E-2 1.90625E-1 1.17009E-1 1.0985E-1 1.12346E-1 5.4309E-2 2.05169E-2 5.08678E-3 1.27068E-2 8.78823E-3 5.55202E-3 1.02215E-2 4.74941E-3 9.17539E-4 3.68708E-4 3.00319E-4 2.75625E-4 5.79864E-5 1.28589E-5 8.14885E-6 4.0421E-5 5.92409E-4 5.87838E-3 -9999 -9999
0E0 0E0 0E0 0E0 0E0 0E0 0E0 0E0 0E0 0E0 0E0 0E0 0E0 0E0 0E0 0E0 0E0 0E0 0E0 0E0 0E0 0E0 0E0 0E0 0E0 0E0 9.98415E-1 0E0 0E0 0E0 9.61464E-1 4.76027E-1 6.54682E-1 6.14491E-1 -9999 -9999 -9999 -9999 -9999 -9999 -9999 -9999 -9999 -9999 -9999 -9999 -9999 -9999 2.78738E-1 3.53446E-1 5.75411E-1 1.64753E-1 3.40663E-2 2.07079E-2 2.00241E-1 1.04938E-1 2.92585E-2 4.70449E-2 8.89568E-2 3.32933E-2 2.79468E-3 6.77699E-3 8.25916E-3 2.10631E-2 9.03692E-3 5.46115E-3 6.74072E-4 2.72774E-4 6.45454E-5 9.92072E-6 3.15368E-6 4.83144E-6 8.20291E-6 1.04203E-4 1.50733E-3 1.72054E-2 1.47215E-2 -9999
0E0 0E0 0E0 0E0 0E0 0E0 0E0 0E0 0E0 0E0 0E0 0E0 0E0 0E0 0E0 0E0 0E0 0E0 0E0 0E0 0E0 0E0 0E0 0E0 0E0 0E0 0E0 0E0 0E0 0E0 9.90366E-1 6.72865E-1 7.15105E-1 8.53612E-1 6.79392E-1 -9999 -9999 -9999 -9999 -9999 -9999 -9999 -9999 -9999 -9999 -9999 -9999 -9999 2.14827E-1 2.69621E-1 5.55032E-1 2.15869E-1 6.79788E-2 2.91262E-2 6.01359E-2 7.49032E-2 2.72855E-2 1.57681E-2 1.48638E-2 2.95516E-2 3.37331E-3 4.62714E-4 8.48437E-3 8.15589E-3 1.31184E-2 1.57126E-2 1.17179E-3 4.37708E-4 1.64134E-4 7.42596E-6 2.04169E-6 2.858E-6 1.12162E-5 2.31177E-4 4.18263E-3 9.54393E-3 1.12137E-2 -9999
0E0 0E0 0E0 0E0 0E0 0E0 0E0 0E0 0E0 0E0 0E0 0E0 0E0 0E0 0E0 0E0 0E0 0E0 0E0 0E0 0E0 0E0 0E0 0E0 0E0 0E0 0E0 0E0 0E0 0E0 9.99979E-1 9.21071E-1 1E0 1E0 0E0 4.37532E-1 -9999 -9999 -9999 -9999 -9999 -9999 -9999 -9999 -9999 -9999 -9999 -9999 9.87944E-2 4.36675E-1 6.3033E-1 2.76896E-1 3.95011E-2 1.53052E-2 3.31659E-2 2.01859E-2 1.8534E-2 6.91867E-3 4.03608E-3 5.90812E-3 3.06891E-3 2.0477E-4 9.62801E-4 3.81867E-4 2.52299E-3 7.76342E-3 1.47059E-3 3.13731E-4 7.41687E-5 4.17528E-5 7.86813E-6 6.13077E-6 5.25315E-5 4.17566E-4 4.34141E-3 2.32751E-2 2.59639E-2 -9999
0E0 0E0 0E0 0E0 0E0 0E0 0E0 0E0 0E0 0E0 0E0 0E0 0E0 0E0 0E0 0E0 0E0 0E0 0E0 0E0 0E0 0E0 0E0 0E0 0E0 0E0 9.99981E-1 9.99906E-1 0E0 0E0 0E0 0E0 1E0 1E0 0E0 8.98711E-1 6.28193E-1 -9999 -9999 -9999 -9999 -9999 -9999 -9999 -9999 -9999 -9999 -9999 1.18464E-1 3.16938E-1 4.93781E-1 4.93038E-1 1.52738E-1 7.11931E-2 2.79392E-2 1.82089E-2 1.51386E-2 7.6187E-3 3.56647E-3 1.03613E-3 8.87479E-4 7.8602E-4 5.94749E-4 8.49043E-5 8.86071E-4 5.27391E-3 1.64984E-3 4.9038E-4 3.87017E-4 8.49828E-5 1.65231E-5 7.63507E-6 4.26046E-5 2.38103E-4 7.0411E-3 1.9799E-2 -9999 -9999
0E0 0E0 0E0 0E0 0E0 0E0 0E0 0E0 0E0 0E0 0E0 0E0 0E0 0E0 0E0 0E0 0E0 0E0 0E0 0E0 0E0 0E0 0E0 0E0 0E0 9.99835E-1 9.98441E-1 9.99788E-1 0E0 0E0 1E0 0E0 9.99992E-1 9.99999E-1 9.99998E-1 9.89424E-1 7.14649E-1 -9999 -9999 -9999 -9999 -9999 -9999 -9999 -9999 -9999 -9999 -9999 5.99481E-2 3.33598E-1 2.51576E-1 2.05867E-1 1.80267E-1 1.79439E-1 9.91251E-2 3.73199E-2 2.27867E-2 2.00618E-2 1.96308E-2 1.31172E-2 4.1313E-3 9.99724E-3 7.03564E-4 6.27278E-5 5.29156E-4 2.42473E-3 4.96379E-4 1.0545E-4 1.22473E-4 4.50976E-5 1.965E-5 9.85375E-6 1.07992E-5 4.60341E-4 6.39345E-3 2.49351E-2 -9999 -9999
0E0 0E0 0E0 0E0 0E0 0E0 0E0 0E0 0E0 0E0 0E0 0E0 0E0 0E0 0E0 0E0 0E0 0E0 0E0 0E0 0E0 0E0 0E0 0E0 0E0 9.99993E-1 0E0 0E0 0E0 0E0 0E0 9.99986E-1 9.9998E-1 1E0 9.99981E-1 9.34994E-1 3.36428E-1 -9999 -9999 -9999 -9999 -9999 -9999 -9999 -9999 -9999 -9999 -9999 2.01801E-2 6.27992E-2 1.00316E-1 6.41949E-2 6.47857E-2 2.16006E-2 2.19954E-2 2.4605E-2 2.56317E-2 1.26734E-2 1.37416E-2 7.50403E-3 6.51893E-3 6.407E-3 9.2518E-4 7.69973E-5 9.20267E-5 1.37265E-3 4.19976E-4 5.57212E-5 9.7581E-6 4.37451E-6 4.96892E-6 3.6384E-6 6.8842E-5 8.51757E-4 8.65945E-3 1.86544E-2 -9999 -9999
0E0 0E0 0E0 0E0 0E0 0E0 0E0 0E0 0E0 0E0 0E0 0E0 0E0 0E0 0E0 0E0 0E0 0E0 0E0 0E0 0E0 0E0 0E0 0E0 0E0 0E0 0E0 0E0 0E0 0E0 0E0 0E0 0E0 0E0 9.9976E-1 4.74727E-1 3.45981E-1 -9999 -9999 -9999 -9999 -9999 -9999 -9999 -9999 -9999 -9999 -9999 -9999 6.69709E-2 5.65487E-2 3.46976E-2 4.59892E-2 2.14187E-2 7.10998E-3 6.26412E-3 1.49613E-2 7.03142E-3 9.59955E-3 3.7261E-3 1.71734E-3 6.54279E-3 3.732E-4 5.3876E-5 7.34839E-5 7.16565E-4 5.11519E-4 7.00255E-5 4.80713E-5 4.2508E-6 2.89241E-6 8.28772E-6 5.56487E-5 1.41551E-3 1.30641E-2 1.84687E-2 -9999 -9999
0E0 0E0 0E0 0E0 0E0 0E0 0E0 0E0 0E0 0E0 0E0 0E0 0E0 0E0 0E0 0E0 0E0 0E0 0E0 0E0 0E0 0E0 0E0 0E0 0E0 0E0 0E0 9.98318E-1 9.99834E-1 0E0 0E0 0E0 0E0 9.93945E-1 9.06051E-1 6.1603E-1 8.49865E-1 9.98846E-1 -9999 -9999 -9999 -9999 -9999 -9999 -9999 -9999 -9999 -9999 1.59352E-2 3.27937E-2 3.04157E-2 3.14603E-2 2.25352E-2 2.17361E-2 9.79782E-3 6.84935E-3 4.52454E-3 3.18179E-3 1.93049E-3 9.50242E-4 1.54753E-3 2.66091E-4 2.98486E-5 1.93521E-5 7.95586E-6 8.50536E-5 1.56028E-4 7.29245E-6 6.0167E-6 1.03697E-5 6.48466E-6 1.83857E-5 5.41818E-5 5.41026E-4 2.57164E-3 2.28024E-2 -9999 -9999
0E0 0E0 0E0 0E0 0E0 0E0 0E0 0E0 0E0 0E0 0E0 0E0 0E0 0E0 0E0 0E0 0E0 0E0 0E0 0E0 0E0 0E0 0E0 0E0 0E0 0E0 0E0 0E0 0E0 1E0 0E0 0E0 0E0 9.99978E-1 9.99168E-1 9.87941E-1 9.95457E-1 9.19794E-1 1.96418E-1 -9999 -9999 -9999 -9999 -9999 -9999 -9999 -9999 -9999 1.72387E-2 6.52091E-2 2.86259E-2 1.82567E-2 3.89709E-2 3.16712E-2 2.96494E-2 2.58725E-2 1.01445E-2 7.24881E-3 1.66147E-3 9.42829E-4 1.07944E-3 2.69806E-4 9.56586E-5 2.64894E-4 2.77396E-5 1.75293E-5 3.63287E-5 4.21245E-6 3.60599E-5 1.02561E-4 7.62328E-5 2.09635E-5 9.91827E-5 4.95514E-4 6.87356E-3 2.38822E-2 -9999 -9999
0E0 0E0 0E0 0E0 0E0 0E0 0E0 0E0 0E0 0E0 9.70581E-1 9.53924E-1 0E0 0E0 0E0 0E0 0E0 0E0 0E0 0E0 0E0 0E0 0E0 0E0 0E0 0E0 0E0 0E0 0E0 0E0 0E0 1E0 9.99133E-1 9.90277E-1 9.97661E-1 9.54034E-1 9.15145E-2 2.52266E-2 2.64887E-2 3.42481E-2 -9999 -9999 -9999 -9999 -9999 -9999 -9999 -9999 -9999 2.0651E-1 3.4283E-2 4.06263E-2 4.66088E-2 5.16579E-2 3.11672E-2 4.9564E-2 4.24157E-2 9.69538E-3 1.33743E-2 7.35462E-3 4.96338E-3 1.94642E-3 1.47217E-3 2.21043E-4 1.83589E-5 4.61082E-6 5.41893E-6 9.28937E-6 5.36594E-5 1.95278E-4 6.11236E-5 2.24787E-5 1.43235E-4 3.01115E-4 2.45459E-3 1.30185E-2 -9999 -9999
0E0 0E0 0E0 0E0 0E0 0E0 0E0 0E0 0E0 0E0 9.9406E-1 8.94184E-1 9.90714E-1 9.99581E-1 0E0 0E0 0E0 0E0 0E0 0E0 0E0 0E0 0E0 0E0 0E0 0E0 0E0 0E0 0E0 0E0 0E0 9.99996E-1 9.99999E-1 9.92552E-1 8.03632E-1 1.97553E-1 1.80104E-2 3.2013E-2 3.22269E-2 4.68649E-2 -9999 -9999 -9999 -9999 -9999 -9999 -9999 -9999 -9999 -9999 2.98263E-2 3.53966E-2 3.35534E-2 2.29238E-2 5.47572E-2 2.67425E-2 2.8711E-2 2.31845E-2 2.46004E-2 2.24567E-2 6.60753E-3 7.30808E-3 1.07059E-3 7.37155E-5 6.45288E-6 5.34566E-6 2.40474E-5 1.02984E-4 1.12449E-4 4.02003E-4 2.73274E-4 4.84133E-5 1.98058E-4 2.05319E-4 6.94049E-4 6.72781E-3 1.96343E-2 -9999
0E0 0E0 0E0 0E0 0E0 0E0 0E0 0E0 0E0 0E0 0E0 9.50708E-1 9.77028E-1 9.94149E-1 0E0 0E0 0E0 0E0 0E0 0E0 0E0 0E0 0E0 0E0 0E0 0E0 0E0 9.99986E-1 0E0 9.99999E-1 0E0 9.99028E-1 8.754E-1 5.69605E-1 3.41293E-1 4.48538E-2 1.23526E-2 1.68098E-2 3.558E-2 6.32626E-2 9.40944E-2 -9999 -9999 -9999 -9999 -9999 -9999 -9999 -9999 -9999 -9999 -9999 3.68713E-2 4.52884E-2 3.90886E-2 3.72497E-2 2.97677E-2 1.73287E-2 7.31524E-3 8.76307E-3 3.36209E-3 8.04485E-4 4.48023E-4 1.18262E-4 7.00441E-6 6.00542E-6 8.67669E-5 2.97201E-4 6.30455E-4 5.39567E-4 3.30644E-4 2.16083E-4 4.7423E-4 4.55287E-4 5.2853E-4 8.80837E-3 2.22687E-2 -9999
0E0 0E0 0E0 0E0 0E0 0E0 0E0 0E0 0E0 0E0 0E0 0E0 9.66966E-1 9.79024E-1 9.98355E-1 0E0 0E0 0E0 0E0 0E0 0E0 0E0 0E0 0E0 0E0 0E0 0E0 0E0 1E0 9.98933E-1 9.98125E-1 9.28342E-1 8.43271E-1 7.24421E-1 5.11343E-1 3.61644E-1 9.77374E-3 2.49361E-2 1.01857E-1 1.57027E-1 4.51206E-1 1.58006E-1 2.07981E-1 -9999 -9999 -9999 -9999 -9999 -9999 -9999 -9999 -9999 -9999 2.52501E-2 1.65374E-2 1.00233E-2 3.3634E-2 3.1328E-2 3.43232E-2 2.2982E-2 8.77969E-3 1.48867E-3 6.87889E-4 1.0842E-4 6.28491E-5 1.42046E-5 9.92572E-6 8.25342E-5 5.54615E-4 1.30916E-3 6.42506E-4 5.18112E-4 1.96926E-3 8.14028E-4 1.29082E-3 1.45443E-2 3.16263E-2 -9999
0E0 0E0 0E0 0E0 0E0 0E0 0E0 0E0 0E0 0E0 0E0 0E0 9.98448E-1 9.95629E-1 9.99137E-1 9.85967E-1 0E0 0E0 0E0 0E0 0E0 0E0 0E0 0E0 0E0 0E0 0E0 9.99072E-1 9.86171E-1 8.77633E-1 8.21797E-1 8.19637E-1 8.72064E-1 7.58905E-1 4.67458E-1 1.15794E-1 2.82206E-2 9.44866E-2 9.85409E-1 9.82544E-1 9.9775E-1 1.54291E-1 7.78981E-2 9.60762E-2 -9999 -9999 -9999 -9999 -9999 -9999 -9999 -9999 -9999 -9999 1.06235E-2 2.6814E-3 7.67354E-3 1.67014E-2 1.10629E-2 1.5036E-2 1.64779E-2 6.42647E-3 2.19465E-3 9.31088E-4 4.81541E-4 2.02202E-5 7.05436E-6 1.13064E-4 4.63626E-4 1.91951E-3 4.50693E-3 5.21987E-3 3.35488E-3 7.25009E-4 1.65973E-3 1.91497E-2 3.85963E-2 -9999
0E0 0E0 0E0 0E0 0E0 0E0 0E0 0E0 0E0 0E0 0E0 0E0 0E0 0E0 9.97388E-1 9.97517E-1 0E0 0E0 0E0 0E0 0E0 0E0 0E0 0E0 0E0 0E0 0E0 9.94131E-1 9.27453E-1 7.34312E-1 3.54015E-1 4.95171E-1 5.71463E-1 6.10326E-1 3.77526E-1 2.0006E-1 3.6883E-1 7.86424E-1 9.99533E-1 9.92486E-1 5.63367E-1 1.00581E-1 1.13812E-2 2.62564E-2 1.55757E-1 -9999 -9999 -9999 -9999 -9999 -9999 -9999 -9999 -9999 1.8672E-2 2.53502E-3 8.5738E-4 9.58896E-3 4.29154E-3 5.19005E-3 6.53883E-3 4.68651E-3 7.97556E-4 4.06476E-4 1.24837E-4 2.84423E-5 4.55303E-6 1.30895E-5 1.6337E-4 3.82715E-4 4.0692E-3 1.31694E-2 5.11105E-3 8.63593E-4 1.8328E-3 1.78075E-2 3.71122E-2 -9999
0E0 0E0 0E0 0E0 0E0 0E0 0E0 0E0 0E0 0E0 0E0 0E0 0E0 9.98929E-1 9.51767E-1 9.62531E-1 9.99995E-1 0E0 0E0 0E0 0E0 0E0 0E0 0E0 0E0 0E0 9.91903E-1 9.1257E-1 8.69747E-1 7.96674E-1 5.97916E-1 2.72068E-1 4.70437E-1 2.55561E-1 1.06656E-1 1.55868E-1 6.3052E-1 7.14885E-1 8.75394E-1 1.1976E-1 1.45857E-3 3.84671E-3 5.44797E-3 5.66871E-3 1.9285E-2 3.38922E-2 -9999 -9999 -9999 -9999 -9999 -9999 -9999 -9999 -9999 3.8791E-3 7.38475E-4 7.51813E-3 3.83887E-3 3.96205E-3 2.61349E-3 8.52174E-3 4.50609E-4 4.78644E-5 1.29326E-5 3.99463E-6 6.21136E-6 8.37769E-5 3.49941E-4 3.87276E-4 5.28991E-4 8.02188E-3 3.68434E-3 3.96651E-3 1.02053E-2 2.39394E-2 6.79179E-2 -9999
0E0 0E0 0E0 0E0 0E0 0E0 0E0 0E0 0E0 9.89655E-1 0E0 0E0 0E0 0E0 9.94429E-1 9.95471E-1 0E0 0E0 0E0 0E0 0E0 0E0 0E0 0E0 0E0 9.96197E-1 9.64891E-1 8.26213E-1 6.49463E-1 7.77918E-1 8.52108E-1 1.75875E-1 1.6794E-1 1.8826E-1 4.28231E-2 5.18988E-2 1.02774E-1 9.2875E-2 4.25567E-1 8.7875E-3 2.38623E-4 1.33669E-3 1.76568E-4 6.20232E-4 2.35225E-3 1.23463E-2 3.09751E-2 -9999 -9999 -9999 -9999 -9999 -9999 -9999 -9999 1.49426E-2 3.06381E-3 3.67959E-3 9.7726E-4 1.70736E-3 8.68939E-4 1.44633E-3 7.67503E-4 4.14855E-5 5.0112E-6 3.11286E-6 1.05154E-5 2.34017E-4 8.42565E-4 1.35692E-3 1.62273E-3 1.00914E-2 1.00491E-2 5.66561E-3 2.68521E-2 6.34485E-2 -9999 -9999
0E0 0E0 0E0 0E0 0E0 0E0 0E0 0E0 0E0 9.97321E-1 0E0 0E0 0E0 0E0 0E0 9.99781E-1 0E0 0E0 0E0 0E0 0E0 0E0 0E0 0E0 0E0 9.99861E-1 9.76539E-1 8.36637E-1 6.12365E-1 5.83072E-1 4.18831E-1 1.09421E-2 1.41354E-2 7.81103E-2 3.07771E-3 2.57385E-3 5.679E-3 2.68499E-2 6.58884E-2 6.26703E-4 7.55407E-5 1.11991E-4 1.32772E-5 4.32659E-5 2.6742E-4 8.82761E-4 4.9283E-3 1.97148E-2 3.59884E-2 -9999 -9999 -9999 -9999 -9999 -9999 4.64939E-2 1.40226E-2 1.18361E-2 2.47234E-3 9.23414E-3 1.82784E-3 3.48992E-4 6.53461E-5 7.96412E-6 8.16374E-6 4.94339E-6 1.98226E-5 4.27741E-4 2.50897E-3 5.58515E-3 8.46474E-3 9.50451E-3 1.37393E-2 2.07971E-2 2.88513E-2 -9999 -9999 -9999
0E0 0E0 0E0 0E0 0E0 0E0 0E0 0E0 0E0 9.96531E-1 0E0 9.97797E-1 0E0 0E0 0E0 0E0 0E0 0E0 0E0 0E0 0E0 0E0 0E0 0E0 1E0 9.90245E-1 8.58432E-1 5.9559E-1 6.39813E-1 5.65791E-1 2.72954E-3 4.03016E-2 7.72744E-3 3.26006E-4 9.5948E-5 8.48004E-5 1.19162E-4 5.63878E-4 2.95091E-3 3.49468E-4 2.92913E-5 8.46849E-6 2.50609E-6 1.01773E-5 2.9807E-5 1.5033E-4 2.27567E-3 1.4749E-2 4.21792E-2 2.00659E-2 -9999 9.81702E-2 -9999 -9999 -9999 -9999 -9999 -9999 6.52924E-3 1.76518E-2 2.23278E-3 1.68527E-4 1.29652E-5 4.46647E-6 3.24719E-5 1.15954E-5 3.12509E-4 2.31792E-3 4.76445E-3 1.66487E-2 2.67122E-2 9.31184E-3 1.81002E-2 2.34989E-2 -9999 -9999 -9999 -9999
0E0 0E0 0E0 0E0 0E0 0E0 0E0 0E0 0E0 0E0 0E0 9.92001E-1 0E0 0E0 0E0 0E0 0E0 0E0 0E0 0E0 0E0 0E0 1E0 1E0 9.99974E-1 9.98629E-1 7.5717E-1 4.64319E-1 5.27113E-1 4.26182E-1 2.44514E-1 3.25322E-1 2.29472E-3 2.88612E-4 5.30634E-4 1.96274E-4 8.55915E-5 5.53557E-4 8.2333E-4 1.53102E-4 6.10749E-6 1.29926E-6 1.33755E-6 6.1108E-6 1.59924E-5 1.12793E-4 1.15178E-3 1.14279E-2 2.72657E-2 6.90084E-2 5.5665E-2 2.88398E-1 -9999 -9999 -9999 -9999 -9999 -9999 3.67851E-3 5.09169E-3 5.23111E-4 1.24591E-4 2.1237E-5 4.60481E-6 4.25031E-5 1.91347E-4 5.65062E-4 1.97835E-3 2.221E-3 4.29248E-3 1.71743E-2 2.47121E-2 -9999 -9999 -9999 -9999 -9999 -9999
0E0 0E0 0E0 0E0 0E0 0E0 0E0 0E0 0E0 0E0 0E0 9.30732E-1 9.73605E-1 0E0 0E0 0E0 0E0 0E0 0E0 0E0 0E0 0E0 0E0 1E0 9.95422E-1 9.96483E-1 9.7308E-1 8.08059E-1 5.5429E-1 4.74377E-1 3.08967E-1 2.27425E-1 7.75039E-3 3.82731E-3 1.30918E-3 2.22843E-4 6.83898E-4 1.59632E-4 1.3496E-4 1.71947E-5 2.14433E-6 1.10001E-6 1.43889E-6 9.6355E-6 1.69112E-4 6.09994E-5 1.41538E-3 9.51952E-3 1.36808E-2 3.35146E-2 9.28581E-2 1.00359E-1 -9999 -9999 -9999 -9999 -9999 -9999 -9999 6.32825E-3 1.16479E-3 5.57702E-5 1.22847E-5 4.07573E-6 2.14168E-5 1.36546E-4 3.27364E-4 1.71E-4 7.81685E-4 4.47005E-3 2.35259E-2 8.1538E-2 -9999 -9999 -9999 -9999 -9999 -9999
