ENM/M_variables/Set_1/bio_14.asc
NCOLS 544 
NROWS 1036 
XLLCORNER -76.9333333333333 
YLLCORNER 1.49166666666667 
CELLSIZE 0.00833333333333325 
NODATA_value -9999 
[rows 468 to 506 of 1036, columns 352 to 439 of 544]
67 71 81 72 67 66 71 71 100 82 74 73 113 93 88 87 99 75 72 89 96 90 88 71 70 70 76 75 41 74 102 115 103 116 84 83 92 100 66 38 55 38 91 84 76 76 76 79 74 63 62 36 39 32 36 44 34 39 37 38 36 48 47 92 67 46 54 58 54 53 49 71 62 70 65 66 67 69 60 87 67 78 67 46 76 46 55 74
71 71 72 72 71 71 67 65 72 74 74 100 111 92 105 109 95 83 78 90 75 77 74 98 70 70 39 50 65 65 68 57 40 73 102 94 106 101 91 87 49 96 92 73 72 92 69 77 63 63 64 64 36 42 33 43 49 39 46 38 38 51 50 85 60 60 48 54 49 49 69 70 63 64 48 48 68 62 70 86 73 64 52 75 50 67 55 74
64 67 67 72 72 71 74 68 82 76 100 95 100 103 87 98 109 107 99 98 92 75 79 99 53 40 66 69 70 65 49 41 52 98 108 82 83 84 98 91 81 69 74 65 64 76 75 63 62 37 40 43 40 42 38 38 37 39 56 50 44 45 49 66 67 63 67 54 70 70 70 72 71 66 49 49 48 70 60 97 67 57 47 70 75 47 65 70
66 66 71 72 69 69 74 74 82 111 114 101 99 83 78 87 104 130 120 94 94 82 80 106 53 53 41 39 58 50 52 71 96 72 78 86 75 70 83 91 75 76 80 79 77 76 76 65 38 42 42 50 43 33 33 38 38 42 59 77 66 57 66 69 63 66 54 50 50 50 71 71 69 49 49 49 70 70 68 69 47 52 47 51 47 66 63 53
97 98 98 82 64 70 77 83 83 105 102 98 99 77 80 79 102 105 97 88 89 83 75 96 104 103 94 76 39 39 89 96 73 79 83 101 81 81 65 81 75 74 80 77 76 81 73 81 42 45 45 45 46 43 33 38 38 47 59 67 64 79 69 67 69 71 51 73 73 72 72 60 72 49 70 70 49 70 48 48 74 73 52 47 47 57 75 55
68 85 85 77 81 69 72 82 99 92 90 99 99 79 79 77 80 79 75 82 76 77 79 75 80 84 95 102 93 74 102 101 77 69 90 107 101 99 74 65 65 66 65 67 66 79 64 65 44 33 33 44 38 36 44 32 38 38 48 68 68 68 67 71 68 69 51 72 62 60 66 64 70 72 71 71 71 68 67 53 74 72 52 48 68 66 83 55
69 78 111 118 111 80 92 83 74 89 97 83 80 83 76 75 74 67 68 69 76 79 79 71 75 75 68 79 78 95 94 93 77 73 99 103 107 100 97 97 89 79 65 64 66 65 35 44 38 38 37 43 37 35 38 32 37 37 53 82 67 63 62 65 66 67 70 64 70 83 52 45 46 80 71 69 60 68 48 59 73 77 52 48 47 69 66 94
79 84 100 107 82 52 53 81 88 67 76 80 78 85 76 82 68 69 70 70 70 78 70 80 112 112 108 111 96 67 68 67 73 67 79 91 103 102 98 99 100 78 67 77 65 39 43 48 52 40 38 33 40 40 41 38 40 47 51 59 68 48 55 56 49 68 71 64 90 55 52 52 52 54 55 80 95 64 59 53 53 48 51 48 67 54 65 93
91 75 85 94 112 39 52 52 39 113 114 83 76 68 68 68 69 69 70 70 76 76 81 99 112 112 98 82 75 69 68 69 78 68 79 79 88 87 89 90 79 72 69 66 64 40 39 52 52 41 38 38 37 37 37 53 58 59 65 82 70 49 56 56 56 50 69 66 74 86 57 49 44 39 54 49 57 64 49 70 52 52 51 48 66 55 88 88
76 82 76 83 81 53 40 40 39 41 55 90 91 92 89 90 93 99 89 86 82 81 73 74 73 85 73 83 92 92 82 81 80 79 69 92 88 98 96 87 66 85 60 57 38 32 51 52 52 39 39 39 38 38 44 49 92 93 81 71 50 56 59 59 56 56 50 70 66 74 70 71 53 48 46 56 61 64 53 59 67 52 52 51 70 68 61 93
81 83 82 68 89 81 57 41 51 40 40 109 107 107 105 100 104 99 96 100 99 78 73 75 79 86 87 94 89 88 81 81 80 82 80 85 79 90 89 81 68 67 66 63 43 32 45 52 51 47 52 53 52 49 51 49 92 92 78 68 51 56 59 61 51 56 50 67 70 65 63 78 54 51 53 85 88 64 53 69 67 77 78 74 77 52 48 58
76 75 82 67 88 82 44 40 52 62 52 54 105 105 106 99 110 112 100 97 77 100 104 73 70 73 70 69 80 78 80 88 81 81 80 85 79 88 85 84 77 65 66 39 32 36 52 51 51 48 47 47 51 47 48 59 82 82 69 70 57 67 60 61 56 56 51 61 72 74 74 68 53 49 58 75 64 70 53 79 68 78 79 77 124 76 50 50
71 69 69 84 98 111 43 40 39 61 62 39 79 80 79 95 112 83 78 74 89 96 42 42 87 85 72 85 70 72 72 81 81 79 78 77 69 70 65 80 73 59 50 38 44 52 48 52 45 51 47 53 57 65 78 90 69 74 75 52 83 68 74 62 77 56 52 52 72 74 73 63 50 65 96 70 69 60 53 79 79 78 78 51 51 50 48 47
70 70 77 86 82 85 91 85 102 39 39 40 55 79 95 115 100 78 61 43 40 42 39 44 39 53 63 42 55 77 82 83 79 85 92 65 79 52 48 37 35 37 30 39 46 53 72 49 51 51 48 47 61 77 70 70 67 53 53 57 67 70 70 77 56 52 52 75 75 61 65 60 69 69 73 69 69 53 79 79 79 68 51 49 49 67 65 53
74 71 93 77 80 75 75 81 85 97 40 56 99 107 84 82 79 67 39 38 48 78 40 37 39 39 37 37 38 72 86 86 82 83 42 38 48 37 38 37 37 35 36 47 45 53 47 57 59 55 53 58 79 70 67 71 58 86 69 67 68 72 69 75 57 52 73 75 76 69 57 57 58 75 70 70 50 53 60 69 53 52 49 48 55 69 80 46
72 85 92 81 83 73 74 82 108 101 55 108 100 85 79 83 69 56 37 35 38 38 35 39 49 78 71 68 51 46 55 72 70 91 36 37 37 35 34 34 31 32 38 39 44 45 48 58 74 73 70 74 76 76 53 53 75 70 70 62 62 71 70 57 57 57 56 76 70 50 51 58 59 73 51 61 53 53 60 53 53 71 72 64 56 49 45 48
80 86 82 81 75 83 85 88 101 113 109 98 76 79 88 78 71 65 39 46 71 59 45 60 66 76 63 60 86 45 40 57 66 37 37 39 54 68 35 32 31 35 40 37 40 49 47 56 73 81 70 77 76 71 54 59 59 70 70 63 63 76 71 62 62 63 80 52 74 74 77 80 71 55 61 61 53 52 53 53 50 70 62 73 50 48 43 35
80 85 75 79 82 76 98 101 119 109 80 112 88 79 74 86 50 65 53 58 65 65 59 59 64 61 59 59 62 39 39 56 87 46 36 29 31 31 33 33 33 38 42 37 40 48 47 55 74 75 72 73 71 72 55 59 59 58 58 74 63 74 87 82 84 73 72 56 53 73 75 74 52 55 54 67 52 52 50 53 70 70 84 80 46 48 52 36
75 73 71 81 73 75 98 98 81 80 108 102 78 79 75 42 39 77 68 56 55 57 67 66 74 56 50 51 80 62 39 43 79 76 41 32 31 28 29 31 34 38 31 40 49 56 55 56 77 70 73 72 55 55 59 59 59 74 64 64 87 76 88 73 73 72 42 87 63 57 56 56 55 81 53 52 50 50 73 70 70 59 60 62 64 53 51 38
78 77 71 76 83 85 80 55 81 111 72 99 81 77 81 41 36 48 58 57 58 56 75 72 35 35 33 33 35 39 37 61 76 73 77 50 34 30 32 33 38 32 40 49 58 76 75 81 82 81 72 55 75 59 59 72 70 74 76 64 78 81 73 72 41 41 42 72 72 73 85 74 62 54 51 72 68 67 64 68 61 63 55 56 59 49 47 44
76 72 83 89 110 81 56 81 81 114 84 64 77 92 98 96 37 38 49 55 58 55 73 36 31 30 29 31 34 39 39 35 56 79 75 48 31 32 31 33 41 37 48 74 65 72 57 79 71 78 73 56 56 59 59 77 76 71 72 72 80 81 82 61 61 67 71 42 73 72 123 126 75 52 71 60 65 49 55 68 60 55 55 49 44 47 42 43
76 73 89 111 106 98 116 98 102 79 82 78 83 78 75 101 39 29 30 34 36 55 36 29 29 27 30 33 36 38 35 35 31 34 34 32 32 28 34 30 36 47 73 71 79 79 77 57 56 72 80 81 78 56 55 60 75 87 87 59 55 57 54 54 54 60 83 73 42 41 70 72 112 74 52 72 63 52 55 82 64 69 50 47 35 34 29 29
100 77 84 99 107 115 99 83 85 82 58 84 87 86 78 86 42 29 34 37 40 36 32 30 26 30 27 32 36 38 38 29 30 30 30 30 29 29 34 30 36 45 66 80 58 57 57 61 56 56 57 57 56 56 55 60 60 78 59 55 55 79 77 75 78 77 57 64 72 41 70 71 84 83 54 75 59 64 67 62 58 64 51 47 35 27 26 35
97 75 78 92 98 109 98 84 84 85 43 69 80 85 77 86 66 49 42 45 38 33 29 28 31 27 32 32 43 44 43 38 34 30 28 30 28 29 31 30 35 45 64 81 58 79 58 61 61 57 60 60 60 60 60 60 60 59 55 55 77 76 61 56 77 78 74 64 75 71 68 83 61 83 54 75 59 58 60 59 64 62 55 45 46 34 37 29
83 76 79 96 101 90 89 94 95 73 67 44 48 89 80 80 100 45 53 43 28 30 28 27 29 27 33 36 40 46 51 43 38 35 34 26 27 29 36 30 35 46 62 85 81 81 58 58 61 61 57 60 61 60 60 60 60 59 59 55 80 64 50 62 78 78 54 63 63 63 60 58 59 69 55 69 71 63 62 64 62 57 59 48 50 37 33 37
83 80 92 97 95 83 89 84 87 74 36 75 53 48 70 53 42 44 43 39 33 29 28 27 29 30 35 40 45 52 51 45 41 38 37 33 31 34 30 35 39 47 64 86 82 81 58 58 61 57 61 73 73 73 81 80 59 56 56 78 68 46 45 54 64 78 54 81 62 60 54 53 53 59 55 52 70 56 53 53 53 54 51 42 45 45 37 33
82 90 94 105 103 77 80 81 53 47 56 68 62 68 39 32 32 39 42 45 33 29 26 28 25 27 32 40 52 53 53 51 44 37 35 33 33 34 38 45 47 62 69 86 81 58 61 60 98 89 73 82 73 73 65 82 56 81 68 65 65 50 47 48 78 71 57 54 56 52 53 52 68 79 82 56 74 58 60 63 58 47 41 41 43 43 50 45
76 92 100 104 89 86 86 69 53 45 41 61 63 63 66 66 55 46 37 33 30 28 26 26 26 32 35 42 57 59 57 50 50 43 41 40 42 42 48 46 50 64 59 59 59 60 78 83 74 73 82 59 57 56 56 80 82 66 56 47 46 51 48 49 82 65 78 54 77 57 72 51 52 54 82 63 70 73 72 61 61 45 34 31 33 31 46 43
75 91 100 89 80 82 105 71 44 40 59 64 63 62 58 57 45 35 36 29 29 27 24 28 25 30 40 48 61 58 51 55 56 52 42 43 42 45 54 56 59 68 69 58 58 59 77 73 81 80 60 72 81 80 60 63 69 53 53 45 45 47 56 58 78 86 64 60 56 50 53 51 52 75 55 71 73 81 52 73 56 50 46 32 24 32 34 42
81 97 112 87 86 84 98 92 56 39 63 80 59 62 58 55 48 32 32 32 26 25 25 28 30 31 46 54 66 64 61 60 54 53 51 51 49 53 59 61 62 82 72 83 58 84 85 61 61 88 58 81 61 57 55 59 52 45 44 44 46 48 49 60 76 70 62 60 57 45 44 41 52 58 53 82 69 72 55 55 52 56 49 35 32 32 33 36
91 96 98 84 86 92 90 92 62 54 62 80 63 60 55 63 55 36 31 28 27 26 26 29 30 32 46 54 64 66 66 62 57 57 57 57 56 57 59 61 73 72 62 82 82 60 86 84 74 74 61 80 64 63 62 61 47 44 45 46 47 48 56 55 64 65 67 61 53 44 43 41 48 59 75 63 66 67 67 67 54 72 53 45 33 33 30 40
117 114 96 89 82 100 91 90 66 60 82 66 63 62 70 55 44 36 30 27 28 27 27 29 27 37 47 51 59 64 63 63 63 65 65 64 62 89 64 63 67 65 55 58 59 59 96 74 74 62 58 79 69 67 68 62 52 47 47 48 48 48 69 66 63 66 68 51 42 33 34 39 43 63 75 56 61 64 58 59 63 53 65 47 39 41 42 34
108 95 90 89 85 74 52 64 61 63 82 66 58 67 35 47 32 30 29 27 27 27 30 30 31 36 49 58 64 65 84 92 91 91 90 88 89 90 65 64 82 81 55 65 59 61 73 62 62 80 80 58 79 79 80 58 76 58 56 49 49 48 53 54 52 45 45 42 31 25 27 32 44 47 74 81 81 59 62 60 60 55 51 62 48 45 39 36
101 88 87 83 72 50 51 68 66 79 68 65 64 60 37 37 36 28 28 27 29 29 31 30 36 41 48 58 67 63 86 83 65 90 90 89 63 63 87 65 63 57 61 82 82 62 73 62 62 81 61 61 58 58 58 79 83 59 61 61 60 54 47 38 34 34 33 32 24 25 25 29 44 48 66 61 71 61 77 75 50 46 47 49 58 46 41 41
85 82 82 85 70 57 36 61 42 68 66 63 60 60 37 31 28 30 29 27 27 30 31 27 34 41 54 84 83 82 62 83 83 91 91 91 90 64 64 63 56 56 57 88 87 73 62 63 62 61 61 58 58 81 80 79 78 82 70 57 57 57 47 37 31 36 32 23 25 27 26 30 46 55 57 52 55 54 53 48 49 47 60 42 49 47 38 41
91 81 83 83 84 58 66 26 63 61 66 66 61 60 33 31 29 30 28 26 29 30 25 31 36 41 55 84 62 62 62 84 61 61 83 83 76 72 61 62 62 64 88 88 81 74 70 74 73 81 81 70 69 80 57 80 58 79 79 82 62 61 50 35 27 22 24 24 25 24 22 31 52 70 56 68 54 50 52 50 48 47 64 46 48 57 46 44
86 83 98 85 70 47 59 48 58 68 68 67 62 64 33 36 30 28 27 29 29 26 30 33 37 45 57 72 63 62 62 61 61 61 61 76 82 61 65 61 89 89 82 82 80 80 69 69 73 66 71 61 55 78 57 80 58 79 57 82 79 55 48 34 31 23 26 24 22 23 20 34 57 50 55 52 52 52 51 49 59 45 46 46 48 51 48 46
94 86 96 81 56 42 30 47 38 66 75 60 71 68 47 35 35 29 30 30 27 32 38 38 42 53 63 66 84 84 83 61 83 70 75 73 82 77 90 61 82 83 82 81 80 73 81 66 81 67 72 60 50 54 72 80 80 79 76 74 62 57 46 36 26 20 21 20 20 19 31 42 50 45 46 45 49 52 66 61 43 39 38 41 47 43 42 45
85 110 86 57 45 33 29 32 38 56 56 57 64 66 48 36 29 29 31 26 36 39 42 51 54 59 95 94 84 63 62 83 62 62 67 82 82 67 63 62 66 76 80 61 63 60 61 59 59 60 77 62 57 57 63 64 80 58 81 79 81 62 57 39 32 28 20 17 20 29 39 39 46 43 40 45 69 61 64 43 39 29 37 40 35 35 36 38
