ENM/M_variables/Set_1/bio_12.asc
NCOLS 544 
NROWS 1036 
XLLCORNER -76.9333333333333 
YLLCORNER 1.49166666666667 
CELLSIZE 0.00833333333333325 
NODATA_value -9999 
[rows 612 to 647 of 1036, columns 162 to 242 of 544]
-9999 -9999 -9999 -9999 -9999 -9999 -9999 -9999 -9999 -9999 -9999 -9999 -9999 -9999 -9999 -9999 -9999 -9999 -9999 -9999 -9999 -9999 -9999 -9999 -9999 -9999 -9999 -9999 -9999 -9999 -9999 -9999 -9999 1380 1662 1810 1905 1866 1906 1942 2002 2039 2042 1974 2175 2209 2290 2240 2112 2031 2194 2229 2285 2254 2163 2192 2131 2429 2505 2555 2414 2312 2353 2330 2434 2364 2388 2449 2358 2268 2419 2300 2203 2416 2287 2282 2258 2285 2184 2104 2084
-9999 -9999 -9999 -9999 -9999 -9999 -9999 -9999 -9999 -9999 -9999 -9999 -9999 -9999 -9999 -9999 -9999 -9999 -9999 -9999 -9999 -9999 -9999 -9999 -9999 -9999 -9999 -9999 -9999 -9999 -9999 -9999 -9999 1513 1870 1898 1936 1872 1932 1872 2003 1853 1952 2003 2165 2316 2256 2077 1998 2085 2321 2223 2249 2068 2249 2353 2234 2373 2326 2590 2385 2445 2386 2307 2404 2512 2363 2390 2424 2248 2221 2393 2199 2237 2227 2408 2283 2156 2110 2091 2036
-9999 -9999 -9999 -9999 -9999 -9999 -9999 -9999 -9999 -9999 -9999 -9999 -9999 -9999 -9999 -9999 -9999 -9999 -9999 -9999 -9999 -9999 -9999 -9999 -9999 -9999 -9999 -9999 -9999 -9999 -9999 -9999 -9999 1741 1828 1856 1866 1826 1859 1840 1818 1758 1787 2173 2227 2199 2105 2155 2279 2127 2221 2274 1976 2262 2233 2289 2436 2417 2519 2371 2282 2198 2291 2369 2377 2190 2339 2343 2353 2211 2473 2307 2321 2420 2454 2527 2356 2263 2182 1943 1893
-9999 -9999 -9999 -9999 -9999 -9999 -9999 -9999 -9999 -9999 -9999 -9999 -9999 -9999 -9999 -9999 -9999 -9999 -9999 -9999 -9999 -9999 -9999 -9999 -9999 -9999 -9999 -9999 -9999 -9999 -9999 -9999 -9999 1687 1831 1739 1743 1610 1875 1997 1912 2050 2078 2142 2146 1982 2145 2030 2167 2156 2048 2022 2049 2026 2172 2295 2221 2295 2335 2319 2277 2254 2467 2353 2333 2127 2163 2167 2146 2238 2277 2255 2308 2362 2298 2387 2242 2136 2180 2223 2108
-9999 -9999 -9999 -9999 -9999 -9999 -9999 -9999 -9999 -9999 -9999 -9999 -9999 -9999 -9999 -9999 -9999 -9999 -9999 -9999 -9999 -9999 -9999 -9999 -9999 -9999 -9999 -9999 -9999 -9999 -9999 -9999 -9999 1475 1436 1709 1818 1867 1859 1782 1833 2028 1902 1911 1908 2152 2057 2056 1957 2068 2136 2126 2147 2221 2281 2342 2238 2288 2294 2290 2348 2383 2391 2385 2381 2219 2262 2251 2274 2127 2218 2317 2316 2336 2341 2309 2306 2235 2138 2155 2230
-9999 -9999 -9999 -9999 -9999 -9999 -9999 -9999 -9999 -9999 -9999 -9999 -9999 -9999 -9999 -9999 -9999 -9999 -9999 -9999 -9999 -9999 -9999 -9999 -9999 -9999 -9999 -9999 -9999 -9999 -9999 -9999 -9999 -9999 -9999 1604 1631 1736 1678 1634 1758 1868 1767 1900 1977 2049 1961 1857 1917 2043 2196 2076 2280 2266 2055 2039 2092 2449 2334 2324 2446 2417 2308 2423 2162 2206 2199 2325 2285 2178 2200 2177 2331 2285 2354 2253 2311 2309 2245 2098 2059
-9999 -9999 -9999 -9999 -9999 -9999 -9999 -9999 -9999 -9999 -9999 -9999 -9999 -9999 -9999 -9999 -9999 -9999 -9999 -9999 -9999 -9999 -9999 -9999 -9999 -9999 -9999 -9999 -9999 -9999 -9999 -9999 -9999 -9999 -9999 -9999 1601 1546 1525 1634 1965 1974 1931 1943 1950 2003 1896 1764 1857 1901 1919 1971 2014 2320 2069 2057 2123 2345 2470 2352 2386 2417 2377 2351 2363 2211 2212 2205 2228 2171 2400 2231 2234 2160 2308 2201 2279 2259 2252 2150 2155
-9999 -9999 -9999 -9999 -9999 -9999 -9999 -9999 -9999 -9999 -9999 -9999 -9999 -9999 -9999 -9999 -9999 -9999 -9999 -9999 -9999 -9999 -9999 -9999 -9999 -9999 -9999 -9999 -9999 -9999 -9999 -9999 -9999 -9999 -9999 -9999 -9999 -9999 1409 1580 1881 1765 1797 1829 1852 1812 1842 1916 1780 1731 1682 1807 2042 2232 2152 2161 2167 2314 2409 2245 2371 2290 2363 2314 2221 2118 2385 2256 2270 2196 2260 2289 2332 2135 2194 2178 2145 2188 2109 2028 2132
-9999 -9999 -9999 -9999 -9999 -9999 -9999 -9999 -9999 -9999 -9999 -9999 -9999 -9999 -9999 -9999 -9999 -9999 -9999 -9999 -9999 -9999 -9999 -9999 -9999 -9999 -9999 -9999 -9999 -9999 -9999 -9999 -9999 -9999 -9999 -9999 -9999 -9999 -9999 1585 1589 1645 1742 1766 1764 1703 1820 1925 1714 1688 1725 1916 1911 2120 2257 2108 2156 2116 2260 2301 2301 2346 2397 2208 2139 2178 2358 2218 2174 2312 2317 2222 2120 2168 2238 2219 2268 2203 2125 2044 2050
-9999 -9999 -9999 -9999 -9999 -9999 -9999 -9999 -9999 -9999 -9999 -9999 -9999 -9999 -9999 -9999 -9999 -9999 -9999 -9999 -9999 -9999 -9999 -9999 -9999 -9999 -9999 -9999 -9999 -9999 -9999 -9999 -9999 -9999 -9999 -9999 -9999 -9999 -9999 1583 1617 1672 1689 1665 1691 1724 1729 1712 1636 1673 1735 1857 1994 2099 2342 2276 2277 2360 2468 2380 2286 2270 2173 2189 2087 2440 2263 2237 2176 2313 2310 2196 2152 2121 2185 2164 2122 2268 2088 2029 2043
-9999 -9999 -9999 -9999 -9999 -9999 -9999 -9999 -9999 -9999 -9999 -9999 -9999 -9999 -9999 -9999 -9999 -9999 -9999 -9999 -9999 -9999 -9999 -9999 -9999 -9999 -9999 -9999 -9999 -9999 -9999 -9999 -9999 -9999 -9999 -9999 -9999 -9999 1363 1513 1575 1685 1709 1721 1623 1679 1729 1659 1597 1700 1845 1855 1846 2310 2096 2210 2347 2339 2290 2268 2463 2249 2221 2144 2138 2440 2412 2099 2110 2252 2245 2115 2148 2227 2294 2326 2415 2273 2074 2123 2049
-9999 -9999 -9999 -9999 -9999 -9999 -9999 -9999 -9999 -9999 -9999 -9999 -9999 -9999 -9999 -9999 -9999 -9999 -9999 -9999 -9999 -9999 -9999 -9999 -9999 -9999 -9999 -9999 -9999 -9999 -9999 -9999 -9999 -9999 -9999 -9999 -9999 -9999 1269 1343 1472 1475 1536 1567 1499 1552 1713 1701 1697 1829 2092 1784 1757 1895 2195 2056 2159 2240 2181 2136 2140 2308 2327 2146 2305 2365 2124 2090 2158 2211 2255 2186 2207 2213 2269 2352 2326 2286 2067 2132 2114
-9999 -9999 -9999 -9999 -9999 -9999 -9999 -9999 -9999 -9999 -9999 -9999 -9999 -9999 -9999 -9999 -9999 -9999 -9999 -9999 -9999 -9999 -9999 -9999 -9999 -9999 -9999 -9999 -9999 -9999 -9999 -9999 -9999 -9999 -9999 -9999 -9999 -9999 1304 1444 1540 1538 1515 1560 1608 1739 1725 1838 1904 1924 2019 1759 1723 1820 2024 2118 2149 2047 2208 2150 2386 2073 2182 2143 2306 2200 2115 2060 2124 2181 2224 2134 2202 2208 2275 2178 2282 2291 2106 2151 2203
-9999 -9999 -9999 -9999 -9999 -9999 -9999 -9999 -9999 -9999 -9999 -9999 -9999 -9999 -9999 -9999 -9999 -9999 -9999 -9999 -9999 -9999 -9999 -9999 -9999 -9999 -9999 -9999 -9999 -9999 -9999 -9999 -9999 -9999 -9999 -9999 -9999 -9999 1260 1586 1539 1534 1586 1605 1626 1681 1780 1794 1777 1811 1903 1999 2116 1918 1909 2190 2119 2140 2090 2296 2356 2153 2150 2181 2335 2270 2132 2089 2276 2161 2116 2135 2130 2192 2257 2147 2197 2224 1967 2115 2154
-9999 -9999 -9999 -9999 -9999 -9999 -9999 -9999 -9999 -9999 -9999 -9999 -9999 -9999 -9999 -9999 -9999 -9999 -9999 -9999 -9999 -9999 -9999 -9999 -9999 -9999 -9999 -9999 -9999 -9999 -9999 -9999 -9999 -9999 -9999 -9999 -9999 -9999 1233 1527 1407 1528 1563 1515 1540 1631 1726 1772 1856 1894 1906 2022 1917 1823 2185 2013 1966 2022 2094 2228 2301 2358 2310 2522 2266 2112 2027 2100 2206 2127 2145 2170 2114 2279 2269 2328 2111 2126 1972 2078 2222
-9999 -9999 -9999 -9999 -9999 -9999 -9999 -9999 -9999 -9999 -9999 -9999 -9999 -9999 -9999 -9999 -9999 -9999 -9999 -9999 -9999 -9999 -9999 -9999 -9999 -9999 -9999 -9999 -9999 -9999 -9999 -9999 -9999 -9999 -9999 -9999 -9999 -9999 1269 1341 1471 1488 1511 1526 1609 1670 1808 1752 1817 1836 1797 1926 2190 2039 2075 1983 2035 1968 2063 2217 2411 2400 2283 2282 2229 2156 2246 2134 2242 2130 2189 2221 2229 2163 2276 2153 2073 2074 1950 2191 2143
-9999 -9999 -9999 -9999 -9999 -9999 -9999 -9999 -9999 -9999 -9999 -9999 -9999 -9999 -9999 -9999 -9999 -9999 -9999 -9999 -9999 -9999 -9999 -9999 -9999 -9999 -9999 -9999 -9999 -9999 -9999 -9999 -9999 -9999 -9999 -9999 -9999 -9999 -9999 -9999 1421 1426 1472 1542 1620 1719 1699 1712 1823 1877 1864 2062 2197 2077 2106 2014 1978 1878 2042 2007 2306 2316 2347 2216 2236 2127 2251 2250 2130 2218 2347 2248 2226 2240 2281 2165 2151 2078 2102 2143 2138
-9999 -9999 -9999 -9999 -9999 -9999 -9999 -9999 -9999 -9999 -9999 -9999 -9999 -9999 -9999 -9999 -9999 -9999 -9999 -9999 -9999 -9999 -9999 -9999 -9999 -9999 -9999 -9999 -9999 -9999 -9999 -9999 -9999 -9999 -9999 -9999 -9999 -9999 -9999 -9999 1301 1432 1468 1523 1595 1742 1778 1714 1811 1909 1938 2046 2118 2121 2015 1966 1995 2013 2034 2017 2326 2224 2358 2437 2313 2174 2130 2191 2154 2107 2162 2256 2117 2170 2278 2178 2225 2167 2103 2106 2097
-9999 -9999 -9999 -9999 -9999 -9999 -9999 -9999 -9999 -9999 -9999 -9999 -9999 -9999 -9999 -9999 -9999 -9999 -9999 -9999 -9999 -9999 -9999 -9999 -9999 -9999 -9999 -9999 -9999 -9999 -9999 -9999 -9999 -9999 -9999 -9999 -9999 -9999 1266 1297 1248 1452 1430 1569 1630 1739 1783 1888 1848 1872 1915 2008 2123 2080 2046 2122 1997 2065 2188 2131 2160 2177 2242 2247 2378 2105 2184 2168 2199 2238 2202 2215 2186 2103 2294 2150 2129 2158 2114 2117 2217
-9999 -9999 -9999 -9999 -9999 -9999 -9999 -9999 -9999 -9999 -9999 -9999 -9999 -9999 -9999 -9999 -9999 -9999 -9999 -9999 -9999 -9999 -9999 -9999 -9999 -9999 -9999 -9999 -9999 -9999 -9999 -9999 -9999 -9999 -9999 -9999 1182 1203 1224 1286 1368 1416 1470 1541 1623 1761 1761 1857 1980 1961 1984 1980 2124 2160 2086 2120 2143 2219 2100 2144 2173 2094 1987 2010 2331 2253 2076 2220 2114 2187 2321 2169 2179 2162 2237 2140 2123 2204 2098 2304 2411
-9999 -9999 -9999 -9999 -9999 -9999 -9999 -9999 -9999 -9999 -9999 -9999 -9999 -9999 -9999 -9999 -9999 -9999 -9999 -9999 -9999 -9999 -9999 -9999 -9999 -9999 -9999 -9999 -9999 -9999 -9999 -9999 -9999 -9999 -9999 1125 1151 1243 1266 1392 1328 1425 1523 1592 1632 1790 1817 1897 1995 1990 1872 1963 1964 2018 2049 2082 2026 2056 2092 2102 2145 2102 2253 2323 2447 2158 2225 2149 2113 2124 2223 2237 2196 2113 2132 2158 2147 2095 2085 2355 2141
-9999 -9999 -9999 -9999 -9999 -9999 -9999 -9999 -9999 -9999 -9999 -9999 -9999 -9999 -9999 -9999 -9999 -9999 -9999 -9999 -9999 -9999 -9999 -9999 -9999 -9999 -9999 -9999 -9999 -9999 -9999 -9999 -9999 -9999 -9999 1263 1204 1302 1360 1463 1517 1551 1563 1609 1659 1725 1804 1835 1829 1907 1854 1831 1964 2026 2030 2065 1899 2090 1958 2107 2094 2122 2098 2272 2435 2134 2288 2115 2066 2189 2242 2240 2315 2123 2115 2284 2231 2134 2071 2216 2445
-9999 -9999 -9999 -9999 -9999 -9999 -9999 -9999 -9999 -9999 -9999 -9999 -9999 -9999 -9999 -9999 -9999 -9999 -9999 -9999 -9999 -9999 -9999 -9999 -9999 -9999 -9999 -9999 -9999 -9999 -9999 -9999 -9999 -9999 -9999 1287 1290 1452 1557 1615 1561 1432 1590 1630 1666 1645 1725 1935 1889 1997 1945 1944 1968 2025 1922 2090 2040 2117 2161 2344 2273 2263 2307 2218 2148 2123 2235 2150 2124 2163 2223 2225 2137 2176 2212 2191 2180 2081 2158 2128 2128
-9999 -9999 -9999 -9999 -9999 -9999 -9999 -9999 -9999 -9999 -9999 -9999 -9999 -9999 -9999 -9999 -9999 -9999 -9999 -9999 -9999 -9999 -9999 -9999 -9999 -9999 -9999 -9999 -9999 -9999 -9999 -9999 -9999 -9999 -9999 1434 1483 1493 1520 1676 1570 1431 1499 1662 1629 1678 1742 1875 1715 1777 1931 1990 1980 1956 1996 2082 2104 2030 2132 2112 2217 2217 2192 2147 2144 2195 2071 2175 2083 2069 2079 2170 2066 2265 2233 2104 2158 2107 2162 2151 2158
-9999 -9999 -9999 -9999 -9999 -9999 -9999 -9999 -9999 -9999 -9999 -9999 -9999 -9999 -9999 -9999 -9999 -9999 -9999 -9999 -9999 -9999 -9999 -9999 -9999 -9999 -9999 -9999 -9999 -9999 -9999 -9999 -9999 -9999 -9999 1404 1340 1282 1318 1331 1417 1440 1537 1588 1635 1770 1780 1705 1733 1729 1811 1995 2085 1962 1984 1963 2009 1997 2160 2073 2039 2074 2144 2132 2158 2129 2167 2132 2177 2051 2124 2108 2144 2310 2142 2099 2088 2028 2217 2174 2153
-9999 -9999 -9999 -9999 -9999 -9999 -9999 -9999 -9999 -9999 -9999 -9999 -9999 -9999 -9999 -9999 -9999 -9999 -9999 -9999 -9999 -9999 -9999 -9999 -9999 -9999 -9999 -9999 -9999 -9999 -9999 -9999 -9999 -9999 1369 1382 1382 1343 1299 1340 1430 1602 1653 1640 1622 1706 1750 1757 1777 1803 1795 1896 1968 1824 1976 1880 1886 2075 2044 2093 2045 2026 2220 2212 2202 2158 2160 2212 2154 2059 2083 2065 2028 2213 2198 2010 2033 2059 2238 2151 2154
-9999 -9999 -9999 -9999 -9999 -9999 -9999 -9999 -9999 -9999 -9999 -9999 -9999 -9999 -9999 -9999 -9999 -9999 -9999 -9999 -9999 -9999 -9999 -9999 -9999 -9999 -9999 -9999 -9999 -9999 -9999 -9999 -9999 1295 1302 1238 1422 1374 1513 1451 1419 1640 1677 1718 1690 1697 1678 1601 1763 1925 1780 1794 1787 1845 1785 1845 1886 1896 1959 1995 2172 2031 2100 2222 2244 2262 2255 2131 2067 2114 2085 1983 2026 2237 2127 2045 2015 2084 2137 2188 2165
-9999 -9999 -9999 -9999 -9999 -9999 -9999 -9999 -9999 -9999 -9999 -9999 -9999 -9999 -9999 -9999 -9999 -9999 -9999 -9999 -9999 -9999 -9999 -9999 -9999 -9999 -9999 -9999 -9999 -9999 -9999 -9999 -9999 -9999 -9999 -9999 1391 1471 1466 1347 1328 1384 1463 1481 1588 1631 1873 1774 1813 1766 1869 1897 1868 1801 1901 1879 1835 1706 1825 1866 2000 2176 2103 2197 2226 2239 2237 2216 2100 2090 2170 2042 2198 2113 2149 2169 2052 2059 2108 2119 2060
-9999 -9999 -9999 -9999 -9999 -9999 -9999 -9999 -9999 -9999 -9999 -9999 -9999 -9999 -9999 -9999 -9999 -9999 -9999 -9999 -9999 -9999 -9999 -9999 -9999 -9999 -9999 -9999 -9999 -9999 -9999 -9999 -9999 -9999 -9999 -9999 1391 1398 1280 1325 1251 1325 1326 1369 1485 1516 1670 1663 1589 1903 1853 1860 1764 1642 1733 1799 1701 1790 1959 1828 2016 2082 2079 2322 2283 2242 2223 2214 2174 2111 2084 2140 2098 2143 1984 2070 2158 2167 2070 2041 2012
-9999 -9999 -9999 -9999 -9999 -9999 -9999 -9999 -9999 -9999 -9999 -9999 -9999 -9999 -9999 -9999 -9999 -9999 -9999 -9999 -9999 -9999 -9999 -9999 -9999 -9999 -9999 -9999 -9999 -9999 -9999 -9999 -9999 -9999 -9999 -9999 1257 -9999 -9999 -9999 1255 1275 1341 1347 1402 1405 1502 1541 1598 1734 1788 1866 1919 1681 1892 1872 1753 1834 1910 1845 1831 1930 2055 2178 2162 2078 2170 2169 2266 2144 2087 2109 2015 2299 2203 2115 2062 2056 2047 2082 2046
-9999 -9999 -9999 -9999 -9999 -9999 -9999 -9999 -9999 -9999 -9999 -9999 -9999 -9999 -9999 -9999 -9999 -9999 -9999 -9999 -9999 -9999 -9999 -9999 -9999 -9999 -9999 -9999 -9999 -9999 -9999 -9999 -9999 -9999 -9999 -9999 -9999 -9999 -9999 -9999 -9999 -9999 1275 1290 1383 1426 1499 1520 1670 1751 1765 1777 1797 1807 1829 1898 1810 1893 1886 2034 2050 2059 2124 2118 2067 2095 2160 2103 2241 2121 2116 2046 2113 2160 2123 2054 2157 2074 2082 2177 2137
-9999 -9999 -9999 -9999 -9999 -9999 -9999 -9999 -9999 -9999 -9999 -9999 -9999 -9999 -9999 -9999 -9999 -9999 -9999 -9999 -9999 -9999 -9999 -9999 -9999 -9999 -9999 -9999 -9999 -9999 -9999 -9999 -9999 -9999 -9999 -9999 -9999 -9999 -9999 -9999 -9999 -9999 1301 1360 1339 1406 1467 1559 1601 1719 1782 1799 1810 1866 1855 1898 1852 2014 1762 1971 2057 2130 2068 2107 2082 2148 2176 2133 2296 2073 2080 2142 2084 2270 2155 2061 2165 2137 2153 2116 2139
-9999 -9999 -9999 -9999 -9999 -9999 -9999 -9999 -9999 -9999 -9999 -9999 -9999 -9999 -9999 -9999 -9999 -9999 -9999 -9999 -9999 -9999 -9999 -9999 -9999 -9999 -9999 -9999 -9999 -9999 -9999 -9999 -9999 -9999 -9999 -9999 -9999 -9999 -9999 1402 1433 1304 1346 1333 1428 1523 1551 1507 1640 1649 1737 1862 1920 1776 1897 1826 1841 1905 1940 2083 2127 2028 2065 2071 2067 2115 2136 2175 2169 2017 1970 1999 2158 2175 2142 2133 2154 2128 2099 2134 2119
-9999 -9999 -9999 -9999 -9999 -9999 -9999 -9999 -9999 -9999 -9999 -9999 -9999 -9999 -9999 -9999 -9999 -9999 -9999 -9999 -9999 -9999 -9999 -9999 -9999 -9999 -9999 -9999 -9999 -9999 -9999 -9999 -9999 -9999 -9999 -9999 -9999 -9999 -9999 1325 1341 1372 1315 1411 1477 1443 1501 1548 1663 1679 1764 1831 1813 1777 1897 1794 1925 2080 2227 2189 2077 1929 2054 2113 2135 2088 2109 2149 2180 2028 2044 2030 2045 2032 2214 2139 2129 2137 2062 2068 1966
-9999 -9999 -9999 -9999 -9999 -9999 -9999 -9999 -9999 -9999 -9999 -9999 -9999 -9999 -9999 -9999 -9999 -9999 -9999 -9999 -9999 -9999 -9999 -9999 -9999 -9999 -9999 -9999 -9999 -9999 -9999 -9999 -9999 1308 -9999 1329 1258 1218 1324 1380 1369 1335 1343 1405 1462 1601 1602 1615 1637 1792 1851 1810 1822 1801 1773 1847 1841 1939 1858 2061 2097 2065 1921 2030 2049 2031 2178 2261 2149 1974 2109 2042 2076 2059 2196 2145 2123 2118 2131 2085 2048
-9999 -9999 -9999 -9999 -9999 -9999 -9999 -9999 -9999 -9999 -9999 -9999 -9999 -9999 -9999 -9999 -9999 -9999 -9999 -9999 -9999 -9999 -9999 -9999 -9999 -9999 -9999 -9999 -9999 -9999 -9999 -9999 1267 1257 1189 1177 1296 1346 1287 1316 1289 1304 1418 1495 1522 1668 1611 1683 1743 1689 1717 1809 1850 1811 1835 1782 1862 2044 1864 2092 2142 1986 2018 2039 1944 2055 2191 2140 2097 2066 2093 2075 2015 1992 2071 2089 2090 2025 2101 2118 2058
