ENM/M_variables/Set_1/bio_14.asc
NCOLS 544 
NROWS 1036 
XLLCORNER -76.9333333333333 
YLLCORNER 1.49166666666667 
CELLSIZE 0.00833333333333325 
NODATA_value -9999 
[rows 936 to 974 of 1036, columns 88 to 175 of 544]
80 89 85 76 86 94 97 106 105 102 102 105 106 111 110 107 103 104 115 112 105 108 112 111 93 93 92 90 87 84 84 84 92 98 104 95 88 90 93 97 90 83 80 73 76 76 79 79 79 84 85 77 78 86 60 67 77 68 67 66 54 53 74 74 53 63 57 55 55 55 66 49 78 63 59 71 74 68 69 69 71 69 70 86 80 93 107 102
88 105 99 101 99 97 100 104 106 102 100 104 102 107 110 107 112 109 107 105 101 97 95 95 98 94 92 93 89 86 84 89 91 98 92 96 96 98 92 81 77 82 83 84 77 84 88 89 88 82 81 69 70 78 78 79 78 67 56 67 64 66 66 54 54 56 67 66 54 66 55 55 55 71 66 68 68 71 72 74 74 70 74 83 79 94 97 107
97 112 107 111 99 100 100 103 100 105 108 104 105 105 110 104 112 108 110 101 98 96 95 94 97 98 98 91 84 84 86 89 99 94 102 95 94 98 100 85 79 80 77 82 85 89 89 86 86 86 86 76 73 87 85 73 74 67 68 67 55 54 55 56 56 51 67 54 54 55 51 56 80 70 66 68 64 71 73 72 71 73 75 76 85 93 101 106
104 112 120 113 105 97 100 100 102 94 104 112 112 112 109 107 110 108 104 111 96 103 93 93 97 96 95 85 85 85 95 97 104 104 106 98 96 99 93 81 79 84 81 78 83 88 87 81 80 79 79 87 80 81 80 69 69 68 68 55 67 65 51 84 83 51 58 57 68 66 66 57 54 58 58 60 60 68 73 76 75 82 87 76 86 98 105 97
108 109 118 122 111 110 101 106 99 94 100 117 112 115 114 112 109 105 106 103 105 102 93 92 90 89 84 76 84 85 97 106 105 102 100 98 95 95 92 88 80 85 81 80 73 86 81 73 72 69 69 90 83 80 59 65 69 57 55 55 68 65 51 78 83 58 57 58 68 66 56 64 64 58 60 60 67 68 72 74 73 81 81 79 96 100 103 92
111 112 115 124 125 125 107 114 107 101 103 96 110 115 116 112 107 105 107 106 104 96 101 97 87 89 85 84 85 93 95 101 95 101 97 94 96 96 97 90 82 87 84 68 72 83 80 70 61 60 60 60 60 60 65 68 65 56 69 69 69 69 52 56 79 84 52 52 68 57 52 58 59 58 66 63 62 64 71 72 73 76 88 88 85 101 97 89
105 117 109 107 111 114 118 115 109 105 103 109 96 98 101 111 110 108 105 102 97 95 94 93 92 91 86 89 87 96 103 102 104 106 99 98 97 100 100 91 80 80 72 63 60 87 81 61 61 61 61 61 60 60 58 57 56 57 57 56 56 57 56 56 57 70 58 52 54 53 53 66 61 63 67 71 65 64 68 73 80 78 88 77 82 101 95 99
101 110 113 115 115 109 106 107 112 115 114 108 107 105 112 107 111 107 103 101 98 102 94 94 92 92 96 85 96 102 112 105 100 99 107 98 98 101 107 89 83 81 73 74 70 72 85 68 73 62 62 83 87 83 60 58 57 58 55 57 55 54 53 57 78 58 59 65 58 58 82 57 57 64 70 74 70 67 73 73 82 80 78 76 87 96 105 96
107 116 115 110 113 114 112 104 102 107 109 111 114 109 109 108 110 106 100 99 96 97 96 95 93 88 85 81 86 103 109 100 104 106 104 103 100 108 100 86 80 79 77 74 72 71 62 62 74 61 61 86 87 81 83 58 57 58 59 57 58 83 83 58 58 78 53 58 59 59 59 60 58 65 71 74 75 73 75 82 74 87 92 86 83 93 100 102
109 113 119 119 115 113 117 111 108 102 99 102 106 101 110 108 104 93 91 97 90 94 95 93 87 84 87 83 98 103 105 100 108 105 100 103 97 107 89 82 80 69 71 74 76 72 71 63 62 62 62 61 60 59 60 60 61 60 56 55 83 75 71 71 83 71 54 59 59 66 65 67 62 67 71 75 77 76 85 89 87 87 85 80 90 105 103 95
100 106 113 119 115 105 109 120 119 115 106 98 103 108 105 99 93 95 97 102 99 97 87 89 86 87 85 86 101 103 107 100 109 104 98 94 100 111 88 82 80 76 77 76 76 71 63 64 63 63 68 62 61 60 61 60 75 59 56 59 83 75 58 71 71 72 54 56 57 61 65 66 64 68 75 75 82 79 88 79 73 76 89 78 99 96 95 88
89 92 105 103 109 99 111 108 105 117 110 108 99 97 100 97 107 108 106 104 107 105 93 91 93 89 87 84 90 102 104 103 111 105 100 102 104 99 94 82 81 77 76 80 73 73 64 69 64 64 67 66 62 61 61 78 60 60 59 59 59 59 82 75 75 72 55 57 57 59 63 64 67 69 73 74 78 79 78 77 78 79 89 79 99 93 87 83
95 98 100 102 99 99 94 112 107 107 114 112 116 115 112 112 112 111 107 109 107 102 103 97 93 87 88 85 98 93 97 103 108 98 98 100 97 92 92 95 83 85 79 74 64 64 64 69 69 74 76 67 69 63 63 63 62 61 61 57 77 83 80 79 72 60 57 57 58 60 62 62 64 67 69 74 78 78 78 86 79 84 89 84 102 92 94 85
93 95 101 100 97 101 102 94 96 91 101 98 107 106 100 109 109 113 113 111 104 104 102 96 91 87 85 89 89 94 94 103 109 98 96 100 99 96 101 85 85 79 70 73 64 68 65 65 76 76 75 65 64 64 76 76 62 61 59 61 83 59 44 72 60 62 61 58 59 62 62 68 69 70 69 73 77 79 90 86 88 78 84 98 98 92 97 93
96 98 102 104 103 104 104 100 95 96 102 104 110 112 108 104 104 108 108 105 103 102 97 91 84 84 83 84 90 93 96 102 102 99 98 103 99 99 107 87 84 79 74 73 65 73 67 65 65 65 68 64 63 64 69 64 76 63 62 62 61 46 45 74 62 62 78 49 50 85 68 75 76 70 74 77 76 77 77 81 80 83 92 101 92 100 95 98
100 103 106 107 107 107 106 103 103 106 102 106 111 109 107 105 105 104 107 107 104 95 90 85 84 84 96 86 91 100 103 98 98 100 97 92 95 98 107 86 84 72 69 73 65 66 66 67 67 66 65 70 67 64 65 77 76 63 63 63 60 77 76 76 85 85 68 74 75 75 71 55 57 72 76 79 77 77 78 88 86 86 97 99 95 101 98 98
103 100 101 103 99 104 106 109 107 108 109 109 108 108 103 113 109 108 102 109 95 89 100 103 103 97 99 97 99 96 94 97 97 102 96 94 103 104 91 89 83 74 69 66 65 77 78 66 67 67 66 65 65 65 74 69 69 65 64 64 64 76 78 78 78 76 51 75 76 76 77 73 61 68 88 81 77 78 90 89 79 84 92 102 101 94 98 94
119 109 99 101 101 101 105 110 113 110 105 105 104 105 101 108 109 106 103 108 104 96 107 107 107 106 113 106 108 96 95 98 99 98 95 97 92 86 92 86 84 74 68 66 76 77 77 67 68 68 67 67 65 70 66 65 66 67 65 65 62 64 64 79 77 77 77 71 72 77 79 63 74 78 81 82 84 89 93 79 89 91 97 99 97 92 91 -9999
109 111 113 100 101 102 105 111 110 103 102 101 104 102 103 103 112 107 108 107 106 99 108 100 99 102 95 89 90 98 99 100 98 96 95 102 96 94 88 93 78 79 75 74 77 77 78 70 72 72 68 67 67 70 72 66 68 76 66 66 63 63 62 62 65 77 77 54 54 70 73 76 75 78 82 76 85 93 82 92 97 92 88 95 87 87 82 -9999
105 104 110 107 105 98 104 108 103 100 104 101 97 100 101 106 107 102 103 101 102 103 104 100 101 96 96 98 97 97 101 101 96 94 100 105 96 96 88 89 80 73 68 66 66 68 66 86 66 79 68 67 65 67 81 68 68 68 68 68 64 67 68 67 66 66 65 66 66 80 76 78 77 76 81 85 87 77 91 101 91 90 101 97 96 88 -9999 -9999
99 109 108 110 111 106 106 107 106 105 99 101 101 102 101 100 110 107 107 105 105 100 98 105 103 100 96 98 98 95 99 99 97 91 102 105 96 91 87 89 77 74 69 64 76 67 77 66 64 63 70 83 68 68 69 67 67 66 66 66 67 67 67 80 79 70 66 68 76 73 74 78 81 83 82 88 77 90 102 98 94 97 99 95 94 -9999 -9999 -9999
98 106 102 107 109 111 108 110 108 102 103 105 105 102 103 101 106 106 106 98 102 104 111 107 104 98 92 89 96 105 111 103 87 92 103 101 90 87 90 78 83 78 68 67 81 74 76 70 67 63 68 70 70 70 69 68 68 68 67 80 80 68 68 69 68 66 72 74 79 75 76 83 82 89 77 77 87 98 95 94 93 92 100 98 98 -9999 -9999 -9999
101 105 101 103 106 112 111 100 95 96 104 110 110 105 104 101 100 102 105 104 104 112 116 107 102 97 93 93 95 110 111 99 90 100 101 97 95 94 88 87 78 70 75 74 77 70 74 69 67 66 72 70 70 72 70 69 69 67 80 80 80 70 70 68 68 73 73 82 82 76 78 76 84 77 85 89 102 99 109 102 103 102 102 96 -9999 -9999 -9999 -9999
111 101 100 102 106 114 105 90 90 97 110 113 108 105 105 101 105 104 109 109 108 113 108 100 95 97 97 101 102 112 111 98 92 101 98 90 94 93 94 88 77 80 73 72 73 71 70 79 72 73 85 71 71 71 72 70 70 79 80 87 67 70 72 70 73 71 79 82 75 77 82 81 90 79 102 103 97 109 103 99 97 97 94 -9999 -9999 -9999 -9999 -9999
104 99 103 100 102 109 100 98 98 101 104 105 105 106 113 107 105 102 103 114 113 113 105 98 95 98 101 105 107 111 106 103 99 105 100 88 93 94 77 78 78 70 83 83 74 75 73 75 74 76 79 74 71 72 74 71 71 88 79 68 69 71 70 79 81 74 81 82 82 74 83 82 90 85 99 94 93 101 100 101 97 94 94 -9999 -9999 -9999 -9999 -9999
108 102 99 100 90 95 97 103 107 102 102 105 105 105 109 111 115 104 104 114 114 108 98 96 96 98 101 105 109 99 105 101 104 102 94 93 93 91 87 86 77 72 76 75 73 76 89 77 77 77 75 78 75 77 77 73 72 67 71 69 67 78 77 77 75 76 80 76 74 74 74 90 90 89 95 94 104 100 101 101 105 100 -9999 -9999 -9999 -9999 -9999 -9999
113 102 101 104 95 97 97 101 108 103 102 104 103 104 98 106 109 113 114 109 106 99 100 101 100 101 105 106 101 97 94 100 98 90 88 94 93 88 87 71 84 76 77 75 76 92 76 90 98 75 72 76 76 74 74 73 71 73 73 72 72 82 91 95 90 76 79 75 87 82 88 89 77 89 99 94 100 103 101 97 84 85 -9999 -9999 -9999 -9999 -9999 -9999
111 111 110 104 98 106 107 106 104 109 106 102 105 106 93 84 90 97 103 100 100 102 103 101 102 105 107 111 108 93 90 91 89 87 92 93 84 90 88 72 88 78 79 81 81 79 75 70 70 69 69 69 69 73 72 81 82 85 73 85 78 95 92 82 90 84 82 86 86 88 91 79 79 89 98 94 97 103 98 82 85 -9999 -9999 -9999 -9999 -9999 -9999 -9999
110 115 110 106 103 107 110 104 104 106 112 110 110 103 96 94 93 94 99 102 101 103 104 103 109 112 110 111 101 92 93 93 93 94 92 92 85 81 80 74 86 77 79 82 78 75 68 78 78 59 59 79 73 67 83 81 74 77 83 72 76 92 91 91 90 83 84 87 89 91 82 95 101 98 93 90 94 90 84 85 81 -9999 -9999 -9999 -9999 -9999 -9999 -9999
113 118 113 111 109 105 107 113 112 107 108 106 109 102 94 97 106 112 104 114 108 106 107 114 114 107 101 99 92 94 95 92 90 88 89 83 86 84 82 81 84 78 81 80 75 74 78 58 76 79 78 78 73 69 75 73 79 80 86 76 74 79 80 89 90 82 86 88 90 81 90 100 98 94 95 88 91 86 85 89 85 -9999 -9999 -9999 -9999 -9999 -9999 -9999
110 112 118 117 118 107 108 107 110 112 109 109 111 102 99 104 109 112 104 109 111 107 116 108 102 102 101 94 95 93 94 78 83 93 89 83 91 76 78 84 85 81 83 79 76 89 81 59 76 76 77 59 84 78 72 76 77 73 84 93 88 86 88 91 88 85 83 88 90 80 90 94 99 93 93 94 89 81 84 85 -9999 -9999 -9999 -9999 -9999 -9999 -9999 -9999
111 108 120 114 112 104 103 109 112 113 112 110 113 114 116 116 111 113 109 113 109 113 103 100 93 95 95 93 94 90 81 82 87 93 73 88 80 91 85 79 80 82 84 80 77 71 93 59 60 59 84 75 81 91 78 74 89 83 81 90 83 83 83 81 85 87 90 80 79 79 94 90 90 89 90 87 82 86 83 82 -9999 -9999 -9999 -9999 -9999 -9999 -9999 -9999
111 111 108 125 118 109 109 114 118 114 113 110 113 116 113 109 114 114 120 117 109 101 99 98 95 99 96 82 89 89 86 88 88 82 91 76 85 80 79 88 81 84 84 82 80 77 78 76 79 79 80 86 87 73 86 77 78 79 80 88 88 81 81 81 83 91 86 80 85 89 101 93 93 91 84 84 84 82 94 -9999 -9999 -9999 -9999 -9999 -9999 -9999 -9999 -9999
110 109 109 105 110 111 110 120 117 118 119 118 119 107 106 114 103 103 98 97 100 102 100 90 75 78 91 74 80 90 86 91 90 89 78 82 80 90 80 79 87 83 81 81 79 78 80 80 84 82 85 80 87 76 81 77 82 76 79 87 72 72 90 81 84 88 79 87 100 100 96 92 91 87 81 82 83 94 -9999 -9999 -9999 -9999 -9999 -9999 -9999 -9999 -9999 -9999
110 108 110 109 105 107 104 104 104 106 106 107 105 100 101 99 98 100 98 100 102 93 95 93 96 94 88 85 80 102 97 101 94 86 86 94 100 86 79 83 79 80 79 81 81 78 88 85 92 89 87 79 80 81 81 75 79 75 86 72 80 81 82 80 74 89 77 80 102 97 92 95 88 86 84 82 79 -9999 -9999 -9999 -9999 -9999 -9999 -9999 -9999 -9999 -9999 -9999
111 108 110 114 98 104 106 103 103 102 102 103 102 102 100 98 99 103 102 101 90 95 94 96 98 103 86 76 86 97 81 87 84 86 86 85 93 81 94 90 85 74 81 74 72 92 90 92 76 92 80 77 79 79 79 77 80 81 84 85 76 88 89 87 88 89 80 89 98 91 92 99 93 80 76 80 78 -9999 -9999 -9999 -9999 -9999 -9999 -9999 -9999 -9999 -9999 -9999
108 108 113 118 101 104 104 105 103 102 101 103 102 101 103 102 99 98 99 103 93 80 77 89 100 97 84 100 93 99 80 80 80 96 84 95 92 85 90 82 82 76 71 71 75 94 94 93 91 90 92 82 80 91 80 80 76 79 89 84 90 89 92 89 89 87 83 94 97 92 92 88 79 76 82 80 -9999 -9999 -9999 -9999 -9999 -9999 -9999 -9999 -9999 -9999 -9999 -9999
107 108 113 120 100 98 90 90 106 104 101 106 104 108 94 93 96 93 88 86 90 74 88 93 97 97 94 103 93 100 93 92 91 88 94 92 91 91 89 83 72 75 92 98 97 96 81 81 71 87 84 81 77 80 83 80 86 90 80 80 91 88 80 79 80 89 99 97 91 91 92 89 77 76 76 -9999 -9999 -9999 -9999 -9999 -9999 -9999 -9999 -9999 -9999 -9999 -9999 -9999
108 108 108 107 106 101 100 83 82 96 95 106 88 92 93 96 96 94 81 79 74 74 79 91 98 100 105 109 94 93 80 96 93 94 86 100 102 84 82 74 71 75 93 96 91 81 71 81 71 91 88 83 80 82 83 81 86 90 71 88 81 83 99 94 94 97 94 92 94 89 90 92 81 81 80 -9999 -9999 -9999 -9999 -9999 -9999 -9999 -9999 -9999 -9999 -9999 -9999 -9999
