ENM/M_variables/Set_1/bio_12.asc
NCOLS 544 
NROWS 1036 
XLLCORNER -76.9333333333333 
YLLCORNER 1.49166666666667 
CELLSIZE 0.00833333333333325 
NODATA_value -9999 
[rows 72 to 107 of 1036, columns 162 to 242 of 544]
-9999 -9999 -9999 -9999 -9999 -9999 -9999 -9999 -9999 -9999 -9999 -9999 -9999 -9999 -9999 -9999 -9999 -9999 -9999 -9999 -9999 -9999 -9999 -9999 -9999 -9999 -9999 -9999 -9999 -9999 -9999 -9999 -9999 -9999 -9999 -9999 -9999 -9999 -9999 -9999 -9999 -9999 1384 1444 1528 1502 1504 1509 1498 1602 1575 1776 1811 1801 1764 1803 1827 1862 1751 1678 1606 1541 1573 1469 1504 1569 1568 1471 1539 1545 1536 1528 1607 1556 1476 1423 1474 1496 1482 1536 1512
-9999 -9999 -9999 -9999 -9999 -9999 -9999 -9999 -9999 -9999 -9999 -9999 -9999 -9999 -9999 -9999 -9999 -9999 -9999 -9999 -9999 -9999 -9999 -9999 -9999 -9999 -9999 -9999 -9999 -9999 -9999 -9999 -9999 -9999 -9999 -9999 -9999 -9999 -9999 -9999 -9999 -9999 1398 1540 1646 1692 1554 1537 1455 1534 1614 1641 1573 1695 1673 1648 1716 1807 1588 1669 1606 1534 1537 1455 1409 1531 1643 1639 1585 1565 1585 1560 1463 1483 1436 1430 1412 1384 1480 1461 1483
-9999 -9999 -9999 -9999 -9999 -9999 -9999 -9999 -9999 -9999 -9999 -9999 -9999 -9999 -9999 -9999 -9999 -9999 -9999 -9999 -9999 -9999 -9999 -9999 -9999 -9999 -9999 -9999 -9999 -9999 -9999 -9999 -9999 -9999 -9999 -9999 -9999 -9999 -9999 -9999 -9999 -9999 1520 1594 1765 1596 1572 1559 1588 1619 1606 1588 1564 1513 1494 1627 1577 1619 1624 1522 1495 1599 1589 1490 1462 1515 1587 1559 1497 1439 1518 1470 1410 1406 1399 1445 1480 1451 1471 1471 1436
-9999 -9999 -9999 -9999 -9999 -9999 -9999 -9999 -9999 -9999 -9999 -9999 -9999 -9999 -9999 -9999 -9999 -9999 -9999 -9999 -9999 -9999 -9999 -9999 -9999 -9999 -9999 -9999 -9999 -9999 -9999 -9999 -9999 -9999 -9999 -9999 -9999 -9999 -9999 -9999 -9999 -9999 1611 1550 1578 1572 1590 1620 1598 1566 1532 1565 1542 1568 1571 1615 1590 1602 1519 1624 1638 1620 1539 1457 1354 1379 1525 1529 1451 1485 1454 1431 1464 1498 1450 1406 1476 1493 1471 1451 1444
-9999 -9999 -9999 -9999 -9999 -9999 -9999 -9999 -9999 -9999 -9999 -9999 -9999 -9999 -9999 -9999 -9999 -9999 -9999 -9999 -9999 -9999 -9999 -9999 -9999 -9999 -9999 -9999 -9999 -9999 -9999 -9999 -9999 -9999 -9999 -9999 -9999 -9999 -9999 -9999 -9999 1629 1636 1449 1541 1464 1457 1433 1442 1490 1593 1547 1586 1509 1443 1516 1522 1578 1525 1464 1433 1362 1391 1442 1402 1364 1543 1498 1419 1363 1463 1518 1450 1386 1430 1496 1455 1495 1374 1343 1368
-9999 -9999 -9999 -9999 -9999 -9999 -9999 -9999 -9999 -9999 -9999 -9999 -9999 -9999 -9999 -9999 -9999 -9999 -9999 -9999 -9999 -9999 -9999 -9999 -9999 -9999 -9999 -9999 -9999 -9999 -9999 -9999 -9999 -9999 -9999 -9999 -9999 -9999 -9999 -9999 -9999 1720 1557 1489 1451 1526 1400 1445 1467 1388 1542 1570 1584 1469 1497 1526 1561 1520 1462 1365 1367 1356 1360 1411 1502 1490 1487 1502 1428 1358 1504 1441 1411 1348 1414 1446 1301 1362 1381 1354 1362
-9999 -9999 -9999 -9999 -9999 -9999 -9999 -9999 -9999 -9999 -9999 -9999 -9999 -9999 -9999 -9999 -9999 -9999 -9999 -9999 -9999 -9999 -9999 -9999 -9999 -9999 -9999 -9999 -9999 -9999 -9999 -9999 -9999 -9999 -9999 -9999 -9999 -9999 -9999 -9999 -9999 1713 1570 1459 1503 1485 1449 1502 1476 1573 1603 1560 1589 1524 1644 1521 1474 1484 1495 1413 1376 1389 1377 1366 1349 1361 1382 1358 1342 1390 1417 1398 1358 1319 1304 1255 1311 1351 1369 1359 1360
-9999 -9999 -9999 -9999 -9999 -9999 -9999 -9999 -9999 -9999 -9999 -9999 -9999 -9999 -9999 -9999 -9999 -9999 -9999 -9999 -9999 -9999 -9999 -9999 -9999 -9999 -9999 -9999 -9999 -9999 -9999 -9999 -9999 -9999 -9999 -9999 -9999 -9999 -9999 -9999 -9999 1553 1445 1530 1519 1414 1468 1392 1418 1468 1433 1515 1494 1578 1450 1438 1530 1518 1469 1432 1413 1410 1320 1344 1356 1342 1349 1380 1377 1352 1433 1345 1289 1265 1266 1153 1134 1202 1371 1349 1342
-9999 -9999 -9999 -9999 -9999 -9999 -9999 -9999 -9999 -9999 -9999 -9999 -9999 -9999 -9999 -9999 -9999 -9999 -9999 -9999 -9999 -9999 -9999 -9999 -9999 -9999 -9999 -9999 -9999 -9999 -9999 -9999 -9999 -9999 -9999 -9999 -9999 -9999 -9999 -9999 1643 1515 1463 1531 1493 1469 1387 1336 1391 1382 1362 1371 1421 1473 1403 1402 1329 1360 1421 1372 1400 1425 1377 1317 1350 1333 1323 1418 1421 1410 1397 1227 1264 1180 1153 1123 1138 1103 1250 1370 1343
-9999 -9999 -9999 -9999 -9999 -9999 -9999 -9999 -9999 -9999 -9999 -9999 -9999 -9999 -9999 -9999 -9999 -9999 -9999 -9999 -9999 -9999 -9999 -9999 -9999 -9999 -9999 -9999 -9999 -9999 -9999 -9999 -9999 -9999 -9999 -9999 -9999 -9999 -9999 -9999 1602 1517 1500 1489 1503 1515 1504 1479 1384 1375 1360 1339 1416 1427 1418 1400 1311 1319 1333 1336 1359 1394 1362 1283 1379 1353 1353 1339 1393 1350 1309 1227 1230 1218 1167 1172 1134 1106 1238 1360 1384
-9999 -9999 -9999 -9999 -9999 -9999 -9999 -9999 -9999 -9999 -9999 -9999 -9999 -9999 -9999 -9999 -9999 -9999 -9999 -9999 -9999 -9999 -9999 -9999 -9999 -9999 -9999 -9999 -9999 -9999 -9999 -9999 -9999 -9999 -9999 -9999 -9999 -9999 -9999 -9999 1457 1489 1404 1476 1488 1538 1471 1461 1386 1374 1333 1369 1399 1354 1390 1364 1329 1319 1291 1334 1304 1348 1348 1324 1399 1436 1395 1360 1233 1209 1133 1099 1166 1208 1148 1172 1171 1151 1220 1291 1276
-9999 -9999 -9999 -9999 -9999 -9999 -9999 -9999 -9999 -9999 -9999 -9999 -9999 -9999 -9999 -9999 -9999 -9999 -9999 -9999 -9999 -9999 -9999 -9999 -9999 -9999 -9999 -9999 -9999 -9999 -9999 -9999 -9999 -9999 -9999 -9999 -9999 -9999 -9999 1471 1458 1438 1301 1321 1367 1403 1402 1323 1369 1364 1357 1363 1354 1341 1351 1427 1409 1366 1347 1327 1375 1356 1336 1252 1322 1389 1426 1435 1234 1178 1165 1146 1222 1184 1131 1120 1161 1142 1212 1222 1169
-9999 -9999 -9999 -9999 -9999 -9999 -9999 -9999 -9999 -9999 -9999 -9999 -9999 -9999 -9999 -9999 -9999 -9999 -9999 -9999 -9999 -9999 -9999 -9999 -9999 -9999 -9999 -9999 -9999 -9999 -9999 -9999 -9999 -9999 -9999 -9999 -9999 -9999 -9999 1581 1447 1259 1273 1326 1328 1310 1275 1318 1405 1414 1427 1388 1400 1373 1386 1372 1368 1391 1341 1288 1257 1231 1245 1196 1153 1239 1287 1289 1221 1217 1211 1217 1284 1186 1126 1112 1106 1187 1321 1293 1318
-9999 -9999 -9999 -9999 -9999 -9999 -9999 -9999 -9999 -9999 -9999 -9999 -9999 -9999 -9999 -9999 -9999 -9999 -9999 -9999 -9999 -9999 -9999 -9999 -9999 -9999 -9999 -9999 -9999 -9999 -9999 -9999 -9999 -9999 -9999 -9999 -9999 -9999 -9999 1443 1364 1266 1317 1347 1322 1307 1273 1268 1393 1396 1409 1345 1356 1370 1382 1350 1335 1365 1356 1317 1315 1219 1166 1156 1148 1282 1212 1261 1275 1232 1229 1188 1218 1302 1398 1378 1269 1281 1334 1293 1279
-9999 -9999 -9999 -9999 -9999 -9999 -9999 -9999 -9999 -9999 -9999 -9999 -9999 -9999 -9999 -9999 -9999 -9999 -9999 -9999 -9999 -9999 -9999 -9999 -9999 -9999 -9999 -9999 -9999 -9999 -9999 -9999 -9999 -9999 -9999 -9999 -9999 -9999 1424 1292 1266 1262 1277 1325 1305 1350 1286 1266 1280 1345 1375 1308 1332 1367 1352 1364 1381 1286 1267 1334 1262 1177 1153 1144 1181 1243 1255 1138 1188 1183 1106 1162 1167 1182 1377 1491 1456 1420 1372 1300 1252
-9999 -9999 -9999 -9999 -9999 -9999 -9999 -9999 -9999 -9999 -9999 -9999 -9999 -9999 -9999 -9999 -9999 -9999 -9999 -9999 -9999 -9999 -9999 -9999 -9999 -9999 -9999 -9999 -9999 -9999 -9999 -9999 -9999 -9999 -9999 -9999 -9999 -9999 1243 1190 1273 1258 1306 1304 1360 1361 1336 1316 1207 1313 1358 1338 1284 1303 1371 1379 1335 1354 1334 1272 1317 1198 1156 1119 1262 1250 1203 1166 1181 1200 1126 1172 1152 1111 1176 1342 1343 1399 1360 1311 1131
-9999 -9999 -9999 -9999 -9999 -9999 -9999 -9999 -9999 -9999 -9999 -9999 -9999 -9999 -9999 -9999 -9999 -9999 -9999 -9999 -9999 -9999 -9999 -9999 -9999 -9999 -9999 -9999 -9999 -9999 -9999 -9999 -9999 -9999 -9999 -9999 -9999 1469 1249 1192 1187 1251 1330 1353 1369 1387 1379 1358 1286 1339 1351 1296 1306 1327 1383 1375 1376 1347 1301 1279 1344 1258 1152 1149 1272 1286 1211 1148 1147 1136 1137 1171 1146 1133 1199 1311 1298 1287 1188 1159 1114
-9999 -9999 -9999 -9999 -9999 -9999 -9999 -9999 -9999 -9999 -9999 -9999 -9999 -9999 -9999 -9999 -9999 -9999 -9999 -9999 -9999 -9999 -9999 -9999 -9999 -9999 -9999 -9999 -9999 -9999 -9999 -9999 -9999 -9999 -9999 1511 1457 1155 1144 1174 1194 1230 1376 1382 1368 1361 1346 1358 1347 1347 1335 1334 1386 1412 1418 1380 1342 1300 1335 1329 1261 1250 1199 1207 1230 1327 1370 1239 1147 1170 1202 1127 1120 1141 1189 1252 1258 1165 1118 1062 1240
-9999 -9999 -9999 -9999 -9999 -9999 -9999 -9999 -9999 -9999 -9999 -9999 -9999 -9999 -9999 -9999 -9999 -9999 -9999 -9999 -9999 -9999 -9999 -9999 -9999 -9999 -9999 -9999 -9999 -9999 -9999 -9999 -9999 -9999 -9999 1506 1323 1178 1180 1251 1341 1323 1306 1386 1375 1283 1268 1287 1301 1277 1325 1358 1395 1418 1375 1364 1357 1313 1352 1347 1286 1137 1131 1135 1116 1155 1229 1340 1225 1166 1208 1289 1279 1141 1229 1236 1284 1289 1109 1150 1137
-9999 -9999 -9999 -9999 -9999 -9999 -9999 -9999 -9999 -9999 -9999 -9999 -9999 -9999 -9999 -9999 -9999 -9999 -9999 -9999 -9999 -9999 -9999 -9999 -9999 -9999 -9999 -9999 -9999 -9999 -9999 -9999 -9999 -9999 1494 1357 1253 1296 1269 1492 1496 1400 1371 1400 1372 1309 1302 1361 1339 1314 1341 1334 1375 1448 1399 1381 1330 1321 1319 1365 1301 1235 1206 1126 1127 1151 1140 1258 1327 1284 1340 1308 1260 1214 1163 1151 1211 1207 1136 1108 1307
-9999 -9999 -9999 -9999 -9999 -9999 -9999 -9999 -9999 -9999 -9999 -9999 -9999 -9999 -9999 -9999 -9999 -9999 -9999 -9999 -9999 -9999 -9999 -9999 -9999 -9999 -9999 -9999 -9999 -9999 -9999 -9999 -9999 1345 1180 1193 1271 1398 1473 1513 1492 1429 1368 1351 1306 1311 1352 1401 1345 1331 1339 1365 1358 1390 1418 1411 1339 1376 1337 1329 1244 1290 1248 1211 1180 1119 1140 1123 1249 1258 1350 1328 1451 1198 1197 1129 1211 1221 1161 1235 1308
-9999 -9999 -9999 -9999 -9999 -9999 -9999 -9999 -9999 -9999 -9999 -9999 -9999 -9999 -9999 -9999 -9999 -9999 -9999 -9999 -9999 -9999 -9999 -9999 -9999 -9999 -9999 -9999 -9999 -9999 -9999 1380 1308 1240 1201 1205 1264 1316 1538 1513 1495 1457 1383 1444 1345 1407 1383 1345 1354 1375 1347 1358 1357 1378 1441 1419 1360 1428 1423 1389 1274 1192 1195 1150 1165 1124 1167 1110 1243 1363 1559 1559 1441 1376 1191 1120 1189 1204 1177 1224 1306
-9999 -9999 -9999 -9999 -9999 -9999 -9999 -9999 -9999 -9999 -9999 -9999 -9999 -9999 -9999 -9999 -9999 -9999 -9999 -9999 -9999 -9999 -9999 -9999 -9999 -9999 -9999 -9999 -9999 1526 1459 1285 1199 1167 1226 1243 1214 1376 1430 1459 1500 1489 1430 1441 1392 1393 1380 1390 1389 1414 1346 1342 1340 1409 1483 1473 1389 1382 1304 1401 1300 1230 1211 1193 1181 1151 1148 1156 1137 1288 1456 1455 1411 1388 1282 1117 1170 1195 1196 1172 1224
1327 1333 1381 1391 1280 1259 1270 1258 1340 1404 1413 1437 -9999 -9999 -9999 -9999 -9999 -9999 -9999 -9999 -9999 -9999 -9999 -9999 -9999 -9999 1574 1560 1501 1441 1267 1164 1183 1190 1221 1254 1193 1238 1292 1302 1392 1524 1496 1431 1411 1402 1398 1352 1383 1395 1379 1367 1383 1411 1473 1468 1441 1397 1348 1384 1316 1216 1283 1332 1329 1225 1317 1253 1287 1344 1367 1408 1419 1404 1292 1221 1210 1225 1218 1138 1219
1343 1346 1367 1364 1325 1304 1289 1338 1338 1426 1460 1461 1486 1426 1456 1459 1444 1455 1428 1303 1242 1225 1216 1308 1415 1506 1492 1496 1468 1369 1285 1243 1172 1174 1367 1333 1133 1322 1391 1406 1390 1482 1473 1377 1369 1360 1391 1400 1369 1355 1372 1378 1392 1385 1325 1432 1416 1387 1353 1412 1481 1479 1376 1333 1313 1327 1364 1426 1367 1371 1428 1340 1338 1217 1293 1317 1282 1283 1265 1184 1196
1400 1401 1316 1303 1292 1268 1343 1380 1340 1372 1481 1490 1474 1474 1468 1390 1417 1419 1369 1212 1207 1306 1320 1345 1180 1305 1349 1338 1355 1310 1335 1309 1236 1230 1326 1391 1219 1361 1356 1349 1365 1411 1411 1386 1342 1370 1377 1344 1344 1380 1366 1357 1346 1358 1344 1375 1413 1428 1439 1429 1477 1467 1413 1318 1285 1317 1374 1376 1394 1356 1366 1395 1378 1316 1309 1316 1246 1197 1209 1226 1244
1409 1377 1392 1281 1276 1353 1413 1411 1412 1439 1419 1464 1460 1480 1453 1406 1463 1459 1379 1221 1209 1314 1342 1297 1310 1193 1360 1446 1396 1346 1392 1395 1373 1331 1260 1206 1391 1524 1455 1380 1377 1312 1209 1234 1289 1329 1269 1302 1366 1408 1402 1414 1369 1369 1345 1369 1431 1400 1369 1367 1472 1478 1434 1443 1498 1496 1406 1338 1415 1367 1474 1391 1356 1277 1272 1299 1288 1263 1294 1211 1298
1360 1345 1408 1424 1364 1374 1449 1447 1459 1496 1470 1457 1517 1480 1445 1436 1451 1508 1483 1304 1222 1344 1304 1290 1298 1190 1312 1448 1379 1296 1334 1356 1317 1438 1420 1389 1424 1503 1481 1346 1334 1353 1287 1240 1272 1326 1289 1307 1369 1392 1372 1445 1394 1391 1350 1349 1421 1490 1426 1375 1428 1491 1486 1519 1460 1438 1472 1425 1460 1354 1394 1308 1323 1334 1271 1436 1452 1274 1242 1187 1244
1377 1380 1369 1388 1376 1413 1425 1402 1401 1423 1466 1419 1496 1472 1455 1473 1469 1541 1529 1420 1163 1259 1304 1252 1352 1161 1342 1314 1314 1278 1353 1305 1309 1455 1458 1438 1444 1515 1509 1511 1454 1414 1368 1379 1365 1316 1283 1294 1335 1423 1397 1373 1296 1261 1317 1295 1404 1399 1469 1462 1503 1468 1473 1492 1524 1455 1462 1418 1460 1374 1361 1393 1359 1329 1385 1363 1431 1376 1243 1240 1207
1369 1355 1372 1444 1401 1458 1458 1442 1443 1451 1463 1497 1487 1448 1491 1492 1547 1507 1542 1594 1172 1163 1389 1407 1339 1224 1298 1339 1317 1362 1394 1312 1287 1378 1418 1388 1413 1449 1509 1508 1513 1425 1347 1418 1468 1385 1375 1378 1315 1347 1348 1348 1238 1198 1229 1293 1283 1478 1481 1408 1462 1476 1417 1425 1491 1499 1525 1422 1423 1335 1351 1312 1358 1420 1341 1364 1404 1417 1476 1427 1283
1382 1339 1364 1411 1403 1445 1461 1493 1425 1427 1495 1422 1470 1505 1498 1547 1485 1506 1516 1565 1356 1292 1249 1306 1315 1376 1361 1299 1318 1417 1379 1329 1263 1316 1328 1378 1405 1372 1380 1389 1388 1276 1278 1318 1389 1463 1433 1415 1366 1317 1353 1431 1250 1198 1193 1228 1390 1466 1466 1477 1480 1498 1513 1522 1484 1554 1556 1487 1450 1365 1331 1335 1309 1302 1384 1312 1383 1397 1580 1554 1491
1385 1415 1400 1453 1454 1532 1485 1475 1492 1450 1457 1443 1489 1467 1500 1474 1503 1481 1490 1546 1508 1422 1424 1448 1492 1439 1362 1338 1355 1394 1364 1292 1392 1323 1345 1317 1359 1392 1417 1415 1397 1323 1420 1342 1362 1343 1401 1323 1316 1329 1408 1419 1249 1240 1229 1202 1424 1475 1489 1503 1509 1521 1460 1553 1477 1469 1484 1396 1384 1326 1441 1419 1454 1487 1534 1454 1395 1429 1517 1544 1576
1403 1457 1492 1462 1438 1463 1517 1471 1448 1462 1457 1511 1461 1489 1530 1544 1547 1512 1513 1519 1509 1568 1585 1535 1500 1437 1374 1280 1289 1305 1349 1334 1342 1334 1345 1347 1283 1294 1263 1287 1338 1333 1326 1398 1358 1385 1412 1459 1443 1473 1514 1211 1208 1230 1244 1261 1363 1407 1498 1445 1485 1525 1527 1500 1468 1496 1476 1469 1407 1497 1376 1441 1480 1470 1460 1475 1358 1366 1443 1475 1447
1345 1475 1525 1528 1511 1502 1484 1497 1518 1510 1500 1535 1545 1536 1540 1573 1569 1618 1564 1573 1502 1517 1525 1533 1495 1426 1322 1276 1317 1317 1343 1360 1328 1319 1255 1269 1295 1236 1278 1258 1257 1243 1232 1249 1261 1393 1474 1480 1478 1441 1318 1231 1268 1210 1261 1375 1391 1399 1465 1541 1531 1536 1486 1452 1546 1560 1528 1517 1496 1546 1531 1494 1497 1491 1470 1499 1373 1312 1452 1479 1440
1410 1521 1476 1494 1543 1512 1486 1483 1500 1547 1539 1527 1550 1553 1533 1604 1600 1536 1592 1527 1487 1505 1519 1516 1402 1397 1262 1234 1279 1303 1293 1277 1264 1302 1276 1275 1242 1225 1356 1303 1240 1262 1268 1266 1265 1339 1462 1502 1484 1440 1338 1268 1234 1227 1308 1357 1394 1390 1470 1450 1435 1418 1446 1493 1508 1485 1532 1527 1496 1513 1539 1490 1533 1559 1561 1506 1439 1353 1351 1371 1377
1488 1510 1481 1501 1514 1501 1443 1444 1454 1486 1469 1543 1564 1555 1555 1571 1581 1556 1523 1487 1458 1471 1516 1519 1427 1328 1315 1263 1275 1266 1281 1292 1285 1289 1266 1235 1258 1271 1316 1283 1275 1291 1286 1256 1261 1356 1434 1503 1466 1434 1364 1257 1253 1195 1218 1241 1417 1337 1418 1426 1500 1513 1483 1513 1429 1468 1435 1432 1394 1483 1530 1495 1470 1591 1597 1466 1519 1480 1344 1461 1364
