ENM/Final_Models/M_0.9_F_q_Set_1_EC/Gustavia_santanderiensis_0_Choco_novel.asc
ncols         367
nrows         963
xllcorner     -78.6
yllcorner     0.65
cellsize      0.00833333333333323
NODATA_value  -9999
[rows 510 to 539 of 963, columns 136 to 203 of 367]
-9999 -9999 -9999 -9999 -9999 -9999 -9999 -9999 -9999 -9999 -9999 -9999 -9999 -9999 -9999 -9999 -9999 -9999 -9999 -9999 -8.90571E1 -7.7515E1 -7.96594E1 -8.08262E1 -7.67266E1 -8.27184E1 -8.42321E1 -8.5872E1 -9.56796E1 -9.58688E1 -9.4292E1 -9.52066E1 -9.51456E1 -8.4989E1 -8.45475E1 -8.47367E1 -9.04131E1 -8.91517E1 -9.75728E1 -8.91832E1 -8.04793E1 -8.12362E1 -8.94986E1 -9.41028E1 -9.24314E1 -9.36298E1 -8.71965E1 -1E2 -8.39798E1 -8.75434E1 -8.50836E1 -8.74172E1 -1E2 -8.7701E1 -8.8111E1 -7.03884E1 -9999 -7.23301E1 -6.69903E1 -7.14916E1 -7.08925E1 -7.20593E1 -9.27184E1 -9.32039E1 -6.9568E1 -6.74757E1 -7.46768E1 -7.45506E1
-9999 -9999 -9999 -9999 -9999 -9999 -9999 -9999 -9999 -9999 -9999 -9999 -9999 -9999 -9999 -9999 -9999 -9999 -9999 -9999 -8.52728E1 -8.08262E1 -8.20246E1 -8.01009E1 -7.2217E1 -7.62535E1 -8.51466E1 -9.32039E1 -8.73226E1 -8.78272E1 -9.6468E1 -9.6058E1 -9.46704E1 -8.80479E1 -9.56311E1 -9.61165E1 -8.59666E1 -7.86818E1 -8.4466E1 -8.51151E1 -9.75728E1 -8.50205E1 -9.41974E1 -1E2 -9.22422E1 -8.73541E1 -1E2 -8.38537E1 -8.40114E1 -8.14885E1 -8.0164E1 -8.48628E1 -8.34122E1 -8.8835E1 -8.93204E1 -9999 -7.16178E1 -6.69505E1 -7.02617E1 -7.29108E1 -7.46768E1 -6.95049E1 -8.49515E1 -9.17476E1 -9.2233E1 -1.01456E2 -1.01456E2 -1.00971E2
-9999 -9999 -9999 -9999 -9999 -9999 -9999 -9999 -9999 -9999 -9999 -9999 -9999 -9999 -9999 -9999 -9999 -9999 -9999 -9999 -8.98058E1 -6.39231E1 -6.4333E1 -8.68932E1 -6.6509E1 -7.58436E1 -7.61274E1 -7.37622E1 -8.68496E1 -8.65027E1 -8.7228E1 -8.97824E1 -8.59666E1 -9.12621E1 -8.4989E1 -8.46736E1 -7.94387E1 -8.4466E1 -8.65342E1 -8.83948E1 -8.25922E1 -8.80479E1 -9.27152E1 -9.95146E1 -9.66019E1 -9.47335E1 -9.05077E1 -8.71019E1 -8.90886E1 -8.6755E1 -8.34437E1 -8.37275E1 -1.02913E2 -9.95146E1 -1E2 -7.21539E1 -6.58467E1 -6.46799E1 -7.97225E1 -7.80511E1 -1E2 -8.49515E1 -1.03883E2 -9.07767E1 -1.04854E2 -1.04369E2 -1.00485E2 -1.00971E2
-9999 -9999 -9999 -9999 -9999 -9999 -9999 -9999 -9999 -9999 -9999 -9999 -9999 -9999 -9999 -9999 -9999 -9999 -9999 -9999 -8.44529E1 -6.74235E1 -6.48061E1 -7.91262E1 -6.76443E1 -8.25607E1 -7.55913E1 -7.95333E1 -9.34721E1 -9.14223E1 -8.71649E1 -9.10438E1 -8.07316E1 -8.60296E1 -8.62819E1 -8.05424E1 -7.58436E1 -8.54305E1 -8.71334E1 -8.74172E1 -8.96878E1 -8.48628E1 -9.90291E1 -9.90291E1 -9.56311E1 -9.05393E1 -9.31883E1 -8.46105E1 -8.40429E1 -8.68932E1 -9.66019E1 -8.13939E1 -8.61243E1 -8.82372E1 -8.40114E1 -7.08738E1 -6.55629E1 -7.71681E1 -7.87133E1 -7.52759E1 -7.54967E1 -8.4466E1 -8.93204E1 -8.98058E1 -8.98058E1 -1.02913E2 -9.95146E1 -1.00485E2
-9999 -9999 -9999 -9999 -9999 -9999 -9999 -9999 -9999 -9999 -9999 -9999 -9999 -9999 -9999 -9999 -9999 -9999 -9999 -9999 -7.8871E1 -7.91262E1 -6.14002E1 -6.99464E1 -8.73786E1 -8.00971E1 -8.00971E1 -7.50552E1 -9.13277E1 -9.62157E1 -9.64049E1 -9.04762E1 -8.15534E1 -8.30022E1 -8.3223E1 -8.38852E1 -7.69789E1 -9.32039E1 -8.49515E1 -9.15799E1 -9.13277E1 -8.97193E1 -9.80583E1 -9.25576E1 -9.09492E1 -8.99401E1 -8.8521E1 -8.80479E1 -8.71019E1 -1E2 -8.3696E1 -8.3286E1 -1.02427E2 -9.19268E1 -9.23368E1 -8.23084E1 -6.42384E1 -6.25985E1 -7.20593E1 -7.7515E1 -9.90291E1 -9.95146E1 -9.95146E1 -9.90291E1 -1E2 -1.03398E2 -1E2 -9.95146E1
-9999 -9999 -9999 -9999 -9999 -9999 -9999 -9999 -9999 -9999 -9999 -9999 -9999 -9999 -9999 -9999 -9999 -9999 -9999 -9999 -8.68932E1 -6.85588E1 -6.44907E1 -5.37685E1 -6.24093E1 -6.31977E1 -8.05424E1 -8.1068E1 -9.26522E1 -9.18007E1 -9.5585E1 -9.48281E1 -9.57742E1 -7.86187E1 -8.12362E1 -7.46452E1 -8.24346E1 -8.30097E1 -8.55881E1 -8.30097E1 -8.25243E1 -9.66019E1 -8.60296E1 -8.97509E1 -8.70703E1 -8.37275E1 -8.80795E1 -9.35667E1 -8.56197E1 -8.53674E1 -8.49574E1 -8.53989E1 -8.88679E1 -8.72911E1 -8.60612E1 -7.5812E1 -5.81205E1 -4.83759E1 -6.60194E1 -1.01456E2 -9.90291E1 -7.73888E1 -7.58751E1 -7.78934E1 -7.30369E1 -8.8835E1 -8.83495E1 -8.39806E1
-9999 -9999 -9999 -9999 -9999 -9999 -9999 -9999 -9999 -9999 -9999 -9999 -9999 -9999 -9999 -9999 -9999 -9999 -9999 -9999 -5.54084E1 -5.89404E1 -5.84674E1 -5.88143E1 -6.98202E1 -8.10785E1 -8.31599E1 -8.00694E1 -9.5585E1 -9.50173E1 -9.36893E1 -9.75402E1 -9.36893E1 -9.07767E1 -7.56859E1 -7.80511E1 -8.09208E1 -7.73258E1 -8.54935E1 -7.93756E1 -8.46736E1 -8.89309E1 -9.56311E1 -8.84264E1 -8.83318E1 -7.59697E1 -8.2403E1 -9.07915E1 -8.08262E1 -8.23715E1 -7.78303E1 -8.49259E1 -9.2053E1 -8.4989E1 -8.61873E1 -7.68527E1 -6.01388E1 -4.38032E1 -5.29801E1 -6.79612E1 -6.79612E1 -6.74757E1 -6.74757E1 -6.63828E1 -6.97256E1 -7.05456E1 -8.78641E1 -7.28155E1
-9999 -9999 -9999 -9999 -9999 -9999 -9999 -9999 -9999 -9999 -9999 -9999 -9999 -9999 -9999 -9999 -9999 -9999 -9999 -9999 -6.54368E1 -6.33239E1 -6.49322E1 -6.48691E1 -8.11101E1 -8.82372E1 -9.12621E1 -8.1047E1 -8.78587E1 -9.60896E1 -8.62504E1 -7.81142E1 -8.97193E1 -7.57174E1 -7.38884E1 -5.98865E1 -7.31946E1 -6.90949E1 -8.05424E1 -8.40744E1 -8.73857E1 -9.41748E1 -9.41748E1 -9.61165E1 -9.36893E1 -8.24976E1 -8.70703E1 -8.43267E1 -8.58404E1 -8.23715E1 -7.78619E1 -8.35699E1 -8.74172E1 -8.07947E1 -6.16525E1 -6.63513E1 -5.46515E1 -4.51908E1 -5.95396E1 -6.35922E1 -7.26585E1 -6.64775E1 -5.47461E1 -6.26214E1 -6.35762E1 -6.42699E1 -8.00971E1 -7.48029E1
-9999 -9999 -9999 -9999 -9999 -9999 -9999 -9999 -9999 -9999 -9999 -9999 -9999 -9999 -9999 -9999 -9999 -9999 -9999 -9999 -7.52427E1 -8.59223E1 -8.6818E1 -8.47051E1 -9.07767E1 -8.8835E1 -7.69158E1 -7.99117E1 -8.77641E1 -9.46704E1 -9.54273E1 -8.64081E1 -9.076E1 -7.67897E1 -8.05825E1 -7.80826E1 -7.81142E1 -7.87133E1 -7.87449E1 -7.87764E1 -8.15534E1 -9.41748E1 -9.41748E1 -8.21192E1 -8.08578E1 -8.38221E1 -8.38221E1 -8.13623E1 -8.60927E1 -8.38852E1 -8.6755E1 -8.21507E1 -8.41375E1 -7.35099E1 -6.21886E1 -9999 -5.53453E1 -5.77736E1 -6.84466E1 -6.8932E1 -7.65058E1 -7.64428E1 -7.56228E1 -6.74235E1 -6.33869E1 -6.5534E1 -6.5534E1 -7.46452E1
-9999 -9999 -9999 -9999 -9999 -9999 -9999 -9999 -9999 -9999 -9999 -9999 -9999 -9999 -9999 -9999 -9999 -9999 -9999 -9999 -7.52427E1 -8.59223E1 -8.30337E1 -9.06654E1 -8.88994E1 -8.6818E1 -8.34951E1 -8.37906E1 -7.77042E1 -8.5872E1 -9.44182E1 -9.15169E1 -7.5339E1 -8.00063E1 -7.50867E1 -8.05825E1 -8.15831E1 -9.07767E1 -8.27184E1 -7.90287E1 -9.2233E1 -9.51456E1 -9.56311E1 -8.98139E1 -8.71965E1 -9.21476E1 -8.59981E1 -7.67897E1 -8.09524E1 -8.5872E1 -8.36014E1 -8.35068E1 -8.86156E1 -7.11448E1 -6.19363E1 -5.85935E1 -5.16872E1 -5.92558E1 -6.95995E1 -7.70104E1 -8.19931E1 -8.0574E1 -7.42983E1 -6.93157E1 -5.93188E1 -6.50485E1 -6.65049E1 -6.65049E1
-9999 -9999 -9999 -9999 -9999 -9999 -9999 -9999 -9999 -9999 -9999 -9999 -9999 -9999 -9999 -9999 -9999 -9999 -9999 -9999 -8.26238E1 -9.02554E1 -8.13623E1 -8.22138E1 -8.68496E1 -8.50205E1 -8.47051E1 -8.44213E1 -7.61905E1 -7.89656E1 -7.85241E1 -8.91517E1 -8.47682E1 -8.40744E1 -7.82403E1 -8.22769E1 -8.34122E1 -9.02913E1 -7.70419E1 -8.37275E1 -9.2233E1 -9.27184E1 -9.32039E1 -9.56311E1 -8.30337E1 -9.32039E1 -8.72911E1 -8.5462E1 -8.25922E1 -8.50836E1 -8.29391E1 -8.37275E1 -8.29391E1 -6.18417E1 -9999 -6.21886E1 -5.34847E1 -5.92873E1 -6.41753E1 -7.10186E1 -7.67581E1 -7.64743E1 -6.94418E1 -7.23116E1 -6.5534E1 -6.60194E1 -7.05456E1 -7.96116E1
-9999 -9999 -9999 -9999 -9999 -9999 -9999 -9999 -9999 -9999 -9999 -9999 -9999 -9999 -9999 -9999 -9999 -9999 -9999 -9999 -8.78641E1 -8.80164E1 -8.83495E1 -8.98139E1 -8.33491E1 -8.63135E1 -8.30022E1 -8.92463E1 -9.2053E1 -7.46452E1 -7.41091E1 -8.17723E1 -8.59981E1 -9.71302E1 -8.90571E1 -8.65027E1 -8.47682E1 -7.82088E1 -8.1068E1 -8.74488E1 -8.96878E1 -9.15169E1 -9.01293E1 -9.36893E1 -8.68932E1 -8.72595E1 -8.44844E1 -8.16777E1 -8.38221E1 -8.63765E1 -8.22138E1 -7.98486E1 -9999 -6.55314E1 -6.49953E1 -6.19994E1 -6.34185E1 -8.30022E1 -7.89656E1 -7.79249E1 -7.79249E1 -7.54652E1 -7.07032E1 -7.25008E1 -7.40776E1 -7.11763E1 -7.16178E1 -7.91262E1
-9999 -9999 -9999 -9999 -9999 -9999 -9999 -9999 -9999 -9999 -9999 -9999 -9999 -9999 -9999 -9999 -9999 -9999 -9999 -9999 -8.60612E1 -8.03217E1 -8.40429E1 -8.44529E1 -8.10785E1 -8.68932E1 -8.48313E1 -6.78335E1 -7.15547E1 -7.66635E1 -7.51498E1 -7.83349E1 -7.35415E1 -8.36014E1 -9.82025E1 -9.36613E1 -9.34406E1 -8.9467E1 -8.54305E1 -8.90886E1 -9.32829E1 -8.75434E1 -8.53359E1 -8.13623E1 -8.78587E1 -8.84264E1 -8.0164E1 -8.2403E1 -8.70388E1 -8.71334E1 -8.65973E1 -8.36645E1 -6.7802E1 -5.64491E1 -6.36392E1 -7.06402E1 -7.41722E1 -7.82718E1 -7.90287E1 -8.64711E1 -8.50205E1 -8.36645E1 -6.7865E1 -7.03879E1 -7.06086E1 -7.77673E1 -7.91262E1 -6.50485E1
-9999 -9999 -9999 -9999 -9999 -9999 -9999 -9999 -9999 -9999 -9999 -9999 -9999 -9999 -9999 -9999 -9999 -9999 -9999 -9999 -8.59666E1 -7.59382E1 -8.01009E1 -8.04478E1 -8.65342E1 -8.98455E1 -7.87764E1 -6.99464E1 -7.19647E1 -7.63166E1 -8.01955E1 -8.17092E1 -8.25922E1 -8.22138E1 -8.95301E1 -8.94355E1 -9.08862E1 -8.52097E1 -9.45443E1 -9.62157E1 -9.88647E1 -9.16746E1 -8.96878E1 -8.85525E1 -9.10438E1 -9.24629E1 -8.79218E1 -8.07001E1 -8.31283E1 -8.3223E1 -8.44844E1 -8.3696E1 -9999 -9999 -6.72028E1 -6.67297E1 -7.4866E1 -7.57174E1 -7.5339E1 -8.23084E1 -8.33491E1 -7.94071E1 -7.34469E1 -8.44213E1 -8.40429E1 -7.93125E1 -7.90918E1 -6.68559E1
-9999 -9999 -9999 -9999 -9999 -9999 -9999 -9999 -9999 -9999 -9999 -9999 -9999 -9999 -9999 -9999 -9999 -9999 -9999 -9999 -7.47714E1 -7.4456E1 -7.66635E1 -8.39483E1 -8.56512E1 -7.98171E1 -7.77673E1 -8.40744E1 -7.54652E1 -8.71019E1 -8.74803E1 -8.13939E1 -8.66288E1 -8.40114E1 -8.60927E1 -8.77326E1 -8.47998E1 -8.62504E1 -9.4702E1 -8.37591E1 -9.44182E1 -9.66572E1 -9.36928E1 -8.93094E1 -9.13907E1 -9.30306E1 -9.0287E1 -8.48944E1 -8.55881E1 -8.00063E1 -7.8871E1 -7.99432E1 -7.74834E1 -7.04825E1 -6.70451E1 -6.50485E1 -6.62252E1 -7.03248E1 -7.85872E1 -7.85872E1 -8.29391E1 -8.61873E1 -7.4866E1 -8.22138E1 -8.09208E1 -8.21507E1 -8.20877E1 -7.34784E1
-9999 -9999 -9999 -9999 -9999 -9999 -9999 -9999 -9999 -9999 -9999 -9999 -9999 -9999 -9999 -9999 -9999 -9999 -9999 -6.71712E1 -7.81772E1 -6.9568E1 -7.32892E1 -8.11416E1 -8.42636E1 -9.04131E1 -8.28761E1 -8.65027E1 -8.00694E1 -9.47651E1 -8.37906E1 -8.84264E1 -9.98739E1 -8.71965E1 -9.52381E1 -9.59319E1 -8.91201E1 -8.25922E1 -9.26837E1 -8.97509E1 -9.17476E1 -9.26837E1 -9.05708E1 -9.04762E1 -8.57143E1 -9.27468E1 -8.96247E1 -8.75434E1 -9.13907E1 -8.97193E1 -8.60296E1 -8.17408E1 -9999 -9.75728E1 -6.5534E1 -6.5216E1 -6.21886E1 -6.4743E1 -7.03564E1 -7.70419E1 -8.38537E1 -8.74172E1 -8.43267E1 -7.54021E1 -6.8748E1 -8.42636E1 -7.46768E1 -7.07979E1
-9999 -9999 -9999 -9999 -9999 -9999 -9999 -9999 -9999 -9999 -9999 -9999 -9999 -9999 -9999 -9999 -9999 -9999 -9999 -6.77704E1 -6.92526E1 -7.56228E1 -8.193E1 -8.35383E1 -8.7701E1 -7.67581E1 -8.3696E1 -8.37906E1 -7.59382E1 -8.56197E1 -9.02239E1 -9.30621E1 -1.01135E2 -8.88048E1 -8.74803E1 -9.64049E1 -7.6695E1 -9.10438E1 -9.01924E1 -9.16746E1 -9.2233E1 -9.27152E1 -8.96878E1 -8.63765E1 -8.26553E1 -8.91517E1 -8.90255E1 -8.19931E1 -8.44844E1 -8.03847E1 -8.40429E1 -8.25292E1 -7.68843E1 -7.89026E1 -9999 -6.71397E1 -6.40177E1 -6.14317E1 -6.66982E1 -7.34469E1 -8.21823E1 -8.60927E1 -8.03847E1 -6.65405E1 -6.90003E1 -8.12993E1 -7.07348E1 -7.52129E1
-9999 -9999 -9999 -9999 -9999 -9999 -9999 -9999 -9999 -9999 -9999 -9999 -9999 -9999 -9999 -9999 -9999 -9999 -9999 -7.10186E1 -7.60013E1 -7.55282E1 -7.73573E1 -7.33838E1 -8.35068E1 -8.11101E1 -7.27215E1 -8.35068E1 -8.75118E1 -8.3286E1 -8.48313E1 -8.90886E1 -8.25922E1 -9.04131E1 -9.08546E1 -9.66257E1 -9.40397E1 -8.72911E1 -8.76695E1 -8.88048E1 -9.4702E1 -8.84579E1 -8.8111E1 -8.99716E1 -8.64081E1 -8.80795E1 -9.4292E1 -8.39798E1 -8.13939E1 -8.75749E1 -9.17376E1 -8.74172E1 -8.95301E1 -9.46602E1 -8.1457E1 -9999 -6.57837E1 -5.97919E1 -7.29738E1 -7.60959E1 -7.6695E1 -8.43267E1 -8.45159E1 -7.94071E1 -7.89026E1 -7.83349E1 -7.01987E1 -7.52129E1
-9999 -9999 -9999 -9999 -9999 -9999 -9999 -9999 -9999 -9999 -9999 -9999 -9999 -9999 -9999 -9999 -9999 -9999 -9999 -6.21255E1 -7.52129E1 -7.6222E1 -6.84011E1 -7.18385E1 -7.08294E1 -8.75434E1 -8.8111E1 -8.46421E1 -9.66887E1 -8.2813E1 -8.152E1 -8.00378E1 -9.20845E1 -9.91485E1 -1.00978E2 -9.68149E1 -8.84264E1 -9.06654E1 -8.87102E1 -9.24314E1 -9.39451E1 -8.88363E1 -8.94355E1 -8.85525E1 -9.06339E1 -8.78903E1 -8.93724E1 -9.19268E1 -8.67865E1 -8.01009E1 -8.83002E1 -8.8111E1 -8.75118E1 -8.75434E1 -7.75465E1 -7.70735E1 -7.41722E1 -6.70451E1 -7.3573E1 -7.95333E1 -8.24976E1 -8.59666E1 -8.33806E1 -8.13623E1 -7.73258E1 -7.60328E1 -6.84011E1 -7.93125E1
-9999 -9999 -9999 -9999 -9999 -9999 -9999 -9999 -9999 -9999 -9999 -9999 -9999 -9999 -9999 -9999 -9999 -9999 -9999 -8.4466E1 -8.64078E1 -7.36045E1 -7.18447E1 -7.06086E1 -7.54336E1 -8.83002E1 -9.12646E1 -9.13592E1 -9.15169E1 -8.16146E1 -8.193E1 -7.90602E1 -8.12047E1 -9.53012E1 -9.45758E1 -9.89593E1 -9.09492E1 -9.07915E1 -9.50804E1 -9.24945E1 -9.959E1 -9.65941E1 -9.14853E1 -8.98139E1 -8.69757E1 -8.65027E1 -8.37906E1 -8.8521E1 -8.00063E1 -8.02586E1 -8.27499E1 -8.7638E1 -7.56544E1 -7.9281E1 -9999 -7.23431E1 -7.13024E1 -7.20593E1 -6.68243E1 -7.29108E1 -7.31315E1 -7.47714E1 -7.54967E1 -7.77988E1 -8.16146E1 -6.85903E1 -6.97572E1 -7.41406E1
-9999 -9999 -9999 -9999 -9999 -9999 -9999 -9999 -9999 -9999 -9999 -9999 -9999 -9999 -9999 -9999 -9999 -9999 -9999 -6.87165E1 -8.59223E1 -7.80196E1 -8.68932E1 -8.73786E1 -8.88679E1 -9.34721E1 -9.93062E1 -9.92747E1 -9.78556E1 -9.09492E1 -8.24661E1 -8.18354E1 -8.48944E1 -8.03847E1 -9.37559E1 -1.00662E2 -9.67833E1 -9.52381E1 -9.39451E1 -9.11069E1 -9.71618E1 -9.73195E1 -9.22107E1 -8.94986E1 -8.60296E1 -8.69757E1 -8.3223E1 -7.4929E1 -7.30684E1 -8.19615E1 -8.21192E1 -8.51151E1 -8.10785E1 -9999 -6.85588E1 -6.05487E1 -6.01703E1 -6.01072E1 -7.25954E1 -6.84011E1 -6.89688E1 -7.45191E1 -7.26269E1 -7.28792E1 -7.64743E1 -7.50552E1 -7.3163E1 -7.0514E1
-9999 -9999 -9999 -9999 -9999 -9999 -9999 -9999 -9999 -9999 -9999 -9999 -9999 -9999 -9999 -9999 -9999 -9999 -9999 -6.40807E1 -8.59223E1 -8.68932E1 -8.99085E1 -9.19584E1 -9.29991E1 -9.35036E1 -9.19584E1 -9.65941E1 -9.76979E1 -9.52696E1 -8.83002E1 -8.87417E1 -8.81741E1 -9.32513E1 -9.30937E1 -9.27468E1 -9.76664E1 -9.55535E1 -9.69726E1 -9.22107E1 -9.06023E1 -9.10754E1 -8.7638E1 -8.64711E1 -8.98455E1 -8.75434E1 -8.1047E1 -7.52759E1 -7.47398E1 -7.48344E1 -8.21823E1 -8.02271E1 -8.07001E1 -9999 -6.8932E1 -4.91328E1 -4.92274E1 -5.1561E1 -6.2157E1 -6.8748E1 -6.42069E1 -7.27846E1 -7.26269E1 -7.08609E1 -7.1397E1 -7.65374E1 -7.49606E1 -7.08294E1
-9999 -9999 -9999 -9999 -9999 -9999 -9999 -9999 -9999 -9999 -9999 -9999 -9999 -9999 -9999 -9999 -9999 -9999 -9999 -6.74235E1 -8.64078E1 -8.26238E1 -8.8584E1 -9.117E1 -9.33775E1 -9.46704E1 -9.2936E1 -9.76033E1 -9.65311E1 -9.59319E1 -8.05424E1 -7.30054E1 -6.98833E1 -9.59319E1 -9.52066E1 -9.13277E1 -1.00063E2 -9.69095E1 -8.95301E1 -9.21161E1 -9.19899E1 -9.09808E1 -9.07285E1 -9.06023E1 -9.04762E1 -8.68496E1 -7.84295E1 -7.59067E1 -7.0924E1 -8.19615E1 -8.25607E1 -8.21192E1 -8.42636E1 -7.19647E1 -6.8932E1 -5.70798E1 -5.7679E1 -5.10249E1 -6.0328E1 -6.7865E1 -7.38568E1 -7.0924E1 -6.85588E1 -7.22485E1 -7.65689E1 -7.80196E1 -7.86818E1 -6.5216E1
-9999 -9999 -9999 -9999 -9999 -9999 -9999 -9999 -9999 -9999 -9999 -9999 -9999 -9999 -9999 -9999 -9999 -9999 -8.59223E1 -7.95963E1 -9999 -9999 -9.41974E1 -9999 -9.00662E1 -9.41974E1 -9.53327E1 -9.5175E1 -9.85178E1 -9.67518E1 -8.07316E1 -7.37864E1 -6.98202E1 -8.15516E1 -9.47966E1 -9.3409E1 -9.05393E1 -9.36613E1 -9.60896E1 -9.33459E1 -9.40713E1 -9.26837E1 -8.86471E1 -9.2053E1 -9.25891E1 -9999 -8.49515E1 -7.46452E1 -8.5462E1 -8.48313E1 -7.81772E1 -7.51813E1 -7.48029E1 -7.07663E1 -7.01671E1 -9999 -5.2854E1 -5.02681E1 -6.0801E1 -7.07032E1 -7.228E1 -7.48975E1 -7.51498E1 -7.77042E1 -7.58436E1 -7.96909E1 -8.23715E1 -7.08925E1
-9999 -9999 -9999 -9999 -9999 -9999 -9999 -9999 -9999 -9999 -9999 -9999 -9999 -9999 -7.38884E1 -9999 -9999 -9999 -9999 -9999 -9999 -9999 -9999 -9.64365E1 -9.28414E1 -8.93409E1 -9.32198E1 -1.02964E2 -9.98423E1 -9.98423E1 -8.19931E1 -7.46137E1 -8.03217E1 -8.91832E1 -9.11384E1 -8.90571E1 -9.53327E1 -8.71649E1 -9.08546E1 -9.50489E1 -9.17376E1 -9.59319E1 -9.66572E1 -9.04131E1 -9.54904E1 -9.01924E1 -7.90602E1 -6.83065E1 -7.91864E1 -8.37906E1 -8.11416E1 -6.94175E1 -7.54967E1 -9999 -6.79612E1 -6.07064E1 -5.52507E1 -5.97919E1 -6.07695E1 -6.64459E1 -6.80227E1 -6.99779E1 -7.228E1 -7.02302E1 -7.88395E1 -8.02271E1 -7.20593E1 -6.74757E1
-9999 -9999 -9999 -9999 -9999 -9999 -9999 -9999 -9999 -9999 -9999 -9999 -9999 -9999 -9999 -9999 -9999 -9999 -9999 -9999 -9999 -9999 -9.54588E1 -9.57111E1 -8.82372E1 -9.22107E1 -9.72879E1 -9.96846E1 -9.39767E1 -9.06654E1 -9.42605E1 -8.98139E1 -8.30968E1 -8.31283E1 -9.40397E1 -9.66887E1 -9.61842E1 -9.31883E1 -8.79533E1 -9.54904E1 -9.78871E1 -9.42605E1 -9.75402E1 -9999 -8.85525E1 -9.53012E1 -9999 -7.23301E1 -9999 -9999 -7.04194E1 -6.8932E1 -7.17124E1 -6.84466E1 -6.9631E1 -6.85903E1 -6.62567E1 -6.35762E1 -5.53138E1 -7.0514E1 -8.07316E1 -7.33207E1 -6.95364E1 -6.67297E1 -6.98518E1 -7.16493E1 -6.8275E1 -6.94103E1
-9999 -9999 -9999 -9999 -9999 -9999 -9999 -9999 -9999 -9999 -9999 -9999 -9999 -9999 -9999 -9999 -9999 -9999 -9999 -9999 -9999 -9999 -8.61558E1 -8.15831E1 -7.48975E1 -7.88079E1 -8.93094E1 -9.76664E1 -9.11384E1 -9.13907E1 -8.17723E1 -9.04762E1 -8.93724E1 -8.74488E1 -9.46704E1 -9.82655E1 -9.74771E1 -9.17692E1 -9.4702E1 -9.48281E1 -9.61526E1 -9.92747E1 -9.8644E1 -9.76348E1 -9.84863E1 -8.44529E1 -8.71965E1 -8.86156E1 -9.33775E1 -7.47573E1 -9999 -9999 -5.70167E1 -5.31378E1 -6.74757E1 -6.65049E1 -7.28155E1 -6.06796E1 -7.13024E1 -7.56228E1 -7.89026E1 -7.83664E1 -7.85241E1 -7.47398E1 -7.25008E1 -7.41406E1 -7.65058E1 -6.64144E1
-9999 -9999 -9999 -9999 -9999 -9999 -9999 -9999 -9999 -9999 -9999 -9999 -9999 -9999 -9999 -9999 -9999 -9999 -9999 -9999 -9999 -9999 -8.13939E1 -8.21192E1 -7.70735E1 -8.2403E1 -9.82971E1 -1.00315E2 -9.80763E1 -9.62157E1 -8.88363E1 -8.73857E1 -9.00978E1 -8.98139E1 -9.61526E1 -9.8707E1 -9.13592E1 -9.18638E1 -8.95617E1 -9.75087E1 -1.00252E2 -9.71618E1 -9.81394E1 -9.61842E1 -9.78871E1 -9.24945E1 -9.31883E1 -9.2053E1 -8.91201E1 -8.53674E1 -8.11101E1 -7.94071E1 -6.1165E1 -6.40777E1 -6.35922E1 -6.60194E1 -7.28155E1 -6.67613E1 -6.85588E1 -7.02617E1 -7.06086E1 -6.63828E1 -7.33207E1 -7.38884E1 -5.76474E1 -6.67613E1 -7.71366E1 -6.81488E1
-9999 -9999 -9999 -9999 -9999 -9999 -9999 -9999 -9999 -9999 -9999 -9999 -6.90319E1 -7.11763E1 -8.07632E1 -8.87417E1 -9999 -9999 -9999 -9999 -9999 -9999 -9.2936E1 -7.4866E1 -6.90634E1 -7.4046E1 -8.61873E1 -9.94324E1 -1.01608E2 -9.23053E1 -8.79218E1 -8.78272E1 -9.08231E1 -8.81425E1 -9.15169E1 -9.85494E1 -8.61243E1 -8.71965E1 -8.99716E1 -1.01892E2 -9.33775E1 -9.18953E1 -9.0287E1 -9.21476E1 -9999 -9.25891E1 -9.18953E1 -9.00032E1 -8.69126E1 -8.87733E1 -8.97193E1 -8.30097E1 -9999 -9999 -6.35922E1 -6.35922E1 -4.64838E1 -4.41816E1 -7.00725E1 -6.75497E1 -6.36077E1 -6.21359E1 -6.59413E1 -6.18102E1 -5.47146E1 -6.22832E1 -6.16209E1 -6.06433E1
-9999 -9999 -9999 -9999 -9999 -9999 -9999 -9999 -9999 -9999 -9999 -7.17124E1 -6.37023E1 -6.53106E1 -7.34153E1 -8.193E1 -8.60296E1 -9999 -9999 -9999 -9999 -9999 -9.16746E1 -6.99779E1 -7.01041E1 -6.91895E1 -9999 -1.01892E2 -1.05519E2 -9.7351E1 -9.60896E1 -9.6468E1 -9.67833E1 -9.24945E1 -9999 -9.70041E1 -9.23368E1 -9999 -9.45443E1 -9999 -9999 -9.24945E1 -8.59981E1 -8.56512E1 -9999 -8.92778E1 -9.06023E1 -9.3819E1 -8.94986E1 -8.46421E1 -8.88048E1 -8.36645E1 -8.71334E1 -9999 -6.5534E1 -6.70766E1 -6.50485E1 -6.40777E1 -7.75465E1 -7.36676E1 -6.71712E1 -6.30401E1 -6.74551E1 -6.83381E1 -6.01942E1 -5.97288E1 -6.19363E1 -5.53138E1
