ENM/Final_Models/M_0.9_F_q_Set_1_EC/Gustavia_santanderiensis_Choco_median.asc
ncols         367
nrows         963
xllcorner     -78.6
yllcorner     0.65
cellsize      0.00833333333333323
NODATA_value  -9999
[rows 928 to 959 of 963, columns 73 to 145 of 367]
1.14355E-5 1.12586E-5 1.39958E-5 1.40029E-5 1.78504E-5 1.92172E-5 9.6861E-6 1.33728E-5 2.24995E-5 6.74978E-5 7.3714E-5 5.3666E-5 6.39864E-5 6.56509E-5 8.11209E-5 7.13171E-5 4.67906E-5 3.66082E-5 5.10269E-5 6.18345E-5 8.04984E-5 7.63216E-5 9.05462E-5 6.7176E-5 6.01626E-5 5.71168E-5 6.85921E-5 4.90732E-5 2.29969E-5 2.19517E-5 1.86866E-5 2.60748E-5 3.45427E-5 3.31115E-5 3.00519E-5 2.78424E-5 2.81408E-5 3.93196E-5 7.45351E-5 3.45578E-5 5.60401E-5 4.97791E-5 5.32933E-5 5.28157E-5 5.09061E-5 7.13077E-5 1.45368E-4 1.22138E-4 1.26798E-4 1.37872E-4 1.23861E-4 1.80952E-4 1.39599E-4 2.19338E-4 2.05414E-4 2.67686E-4 2.77574E-4 2.51768E-4 3.78204E-4 3.43273E-4 1.94809E-4 5.80539E-4 3.20016E-3 6.37452E-4 4.78104E-4 6.50996E-4 9.46728E-4 8.5116E-4 6.24077E-4 4.94237E-4 2.39343E-4 1.72833E-4 -9999
5.93692E-6 4.88852E-6 3.66843E-6 9.8511E-6 1.75568E-5 2.37182E-5 2.23885E-5 3.23912E-5 3.68375E-5 5.48554E-5 6.98478E-5 5.6416E-5 6.26317E-5 6.03321E-5 5.4548E-5 6.68474E-5 7.27302E-5 4.31626E-5 3.86827E-5 2.80248E-5 4.04949E-5 9.08134E-5 8.08469E-5 7.67042E-5 3.91345E-5 3.79195E-5 4.17794E-5 4.63082E-5 1.61868E-5 1.58025E-5 1.82569E-5 2.33332E-5 2.38356E-5 1.86974E-5 2.97178E-5 3.56583E-5 4.24647E-5 5.21543E-5 4.11232E-5 4.8886E-5 5.45595E-5 5.75085E-5 5.03768E-5 5.23824E-5 5.90187E-5 8.07087E-5 1.15633E-4 1.25065E-4 1.20861E-4 1.16182E-4 1.63385E-4 1.84139E-4 2.65629E-4 2.73186E-4 2.75749E-4 2.4098E-4 3.35043E-4 3.31798E-4 3.28607E-4 7.90377E-4 1.14726E-3 5.33675E-3 7.39766E-4 4.21952E-4 6.25582E-4 6.00329E-4 7.02633E-4 6.97038E-4 6.15374E-4 4.30484E-4 2.61258E-4 2.82834E-4 -9999
3.62846E-6 4.96344E-6 3.531E-6 4.15408E-6 7.93788E-6 2.74899E-5 2.23656E-5 3.12599E-5 4.89747E-5 4.87909E-5 4.51822E-5 4.71544E-5 5.77896E-5 5.34077E-5 6.45442E-5 5.57612E-5 4.26532E-5 3.48965E-5 3.23628E-5 3.03428E-5 3.12438E-5 7.44194E-5 4.75015E-5 4.63349E-5 4.77777E-5 3.6392E-5 2.80912E-5 1.63463E-5 1.41656E-5 1.6227E-5 1.64427E-5 1.9265E-5 3.09065E-5 2.9593E-5 2.36582E-5 4.05385E-5 4.93949E-5 6.9248E-5 5.67909E-5 4.27497E-5 5.36838E-5 5.22328E-5 5.48732E-5 5.61704E-5 7.10999E-5 6.26926E-5 1.12108E-4 2.24947E-4 2.23626E-4 1.6641E-4 1.57116E-4 4.40847E-4 3.16872E-4 2.64229E-4 2.56398E-4 2.81654E-4 3.46208E-4 9.27607E-4 6.79851E-4 5.13854E-4 8.16315E-4 1.03744E-3 6.54918E-4 4.66004E-4 5.97054E-4 6.51757E-4 5.54029E-4 6.17651E-4 4.93126E-4 5.15672E-4 4.65667E-4 5.07263E-4 -9999
4.03414E-6 3.88386E-6 3.59516E-6 5.53944E-6 8.19058E-6 2.34928E-5 2.45792E-5 5.32704E-5 5.22359E-5 4.89042E-5 6.75764E-5 5.17981E-5 3.98382E-5 3.89847E-5 4.65322E-5 3.34645E-5 4.67469E-5 9.67555E-5 5.00959E-5 3.89223E-5 3.06164E-5 3.08743E-5 4.33563E-5 3.04251E-5 5.0013E-5 2.48138E-5 1.66575E-5 1.7518E-5 1.94463E-5 2.35849E-5 1.98988E-5 2.65895E-5 2.96984E-5 4.42053E-5 2.99137E-5 3.33411E-5 5.60975E-5 6.26868E-5 5.41413E-5 4.56101E-5 6.75416E-5 6.88584E-5 7.28275E-5 7.7425E-5 7.81471E-5 7.66295E-5 1.39841E-4 3.54937E-4 2.74539E-4 2.64796E-4 3.20634E-4 3.56287E-4 2.71433E-4 3.2026E-4 3.33898E-4 2.67224E-4 7.65083E-4 4.76201E-4 6.62285E-4 5.14322E-4 7.71895E-4 6.63215E-4 5.7898E-4 5.52615E-4 6.92341E-4 7.191E-4 4.72432E-4 4.36112E-4 3.5286E-4 4.14121E-4 4.90888E-4 3.66852E-4 -9999
3.81949E-6 2.75111E-6 3.84232E-6 4.271E-6 6.4958E-6 1.59143E-5 1.81831E-5 4.50628E-5 5.29028E-5 5.19518E-5 6.81409E-5 6.1038E-5 4.46812E-5 3.60981E-5 3.89266E-5 3.78929E-5 5.45418E-5 7.92793E-5 5.09696E-5 3.79911E-5 2.60127E-5 2.31457E-5 3.03497E-5 2.76765E-5 3.15721E-5 1.71408E-5 1.64226E-5 1.7224E-5 1.84772E-5 1.98699E-5 2.54179E-5 3.46736E-5 3.56631E-5 3.70343E-5 4.24144E-5 4.35315E-5 5.5204E-5 7.22707E-5 8.05826E-5 5.5941E-5 6.37133E-5 7.82075E-5 7.78745E-5 8.47634E-5 1.1139E-4 1.07717E-4 1.30063E-4 2.86292E-4 3.65291E-4 2.73681E-4 3.43733E-4 3.81475E-4 4.33867E-4 3.81822E-4 3.55349E-4 3.43235E-4 3.11087E-4 6.19556E-4 6.60461E-4 4.70484E-4 4.44407E-4 5.28807E-4 8.00787E-4 6.95442E-4 7.92021E-4 6.24014E-4 5.77583E-4 3.51057E-4 2.90056E-4 2.09801E-4 3.35136E-4 4.97953E-4 3.28135E-4
3.29073E-6 3.47105E-6 4.06984E-6 5.2582E-6 1.03913E-5 1.40125E-5 2.44972E-5 2.44553E-5 4.81765E-5 5.41291E-5 6.48766E-5 5.13223E-5 4.84196E-5 5.15546E-5 5.37723E-5 4.46808E-5 3.15991E-5 4.0049E-5 4.78481E-5 4.5971E-5 2.49196E-5 2.1201E-5 2.53618E-5 1.88687E-5 3.04387E-5 1.66733E-5 1.59347E-5 2.22533E-5 2.90126E-5 2.97891E-5 2.78435E-5 2.73659E-5 3.72664E-5 3.5031E-5 3.72904E-5 4.73703E-5 4.98871E-5 5.96514E-5 9.16254E-5 4.94411E-5 5.62561E-5 6.50356E-5 6.87819E-5 7.63777E-5 9.21148E-5 1.8433E-4 1.34636E-4 2.09261E-4 3.1658E-4 2.46187E-4 3.20666E-4 3.21562E-4 4.33517E-4 5.13331E-4 5.18492E-4 4.46899E-4 5.175E-4 5.99489E-4 7.21525E-4 6.07903E-4 -9999 -9999 5.84096E-4 8.67233E-4 7.59769E-4 6.19921E-4 5.4074E-4 4.65414E-4 2.98235E-4 -9999 -9999 2.6829E-4 -9999
4.17665E-6 6.50178E-6 6.69069E-6 1.64265E-5 1.62534E-5 2.86993E-5 3.01993E-5 5.36783E-5 4.58003E-5 4.84588E-5 4.50475E-5 4.24752E-5 4.8689E-5 7.15354E-5 7.44071E-5 4.12036E-5 4.35671E-5 3.2475E-5 4.76225E-5 2.63256E-5 2.48764E-5 2.53054E-5 1.632E-5 1.43472E-5 1.36925E-5 1.37813E-5 1.40432E-5 1.69868E-5 1.85664E-5 2.26563E-5 2.39799E-5 3.29208E-5 3.16508E-5 3.41228E-5 3.01954E-5 4.10789E-5 3.9906E-5 5.88825E-5 5.53589E-5 4.8802E-5 4.9516E-5 7.1034E-5 7.78897E-5 9.32009E-5 1.40346E-4 1.64766E-4 2.53373E-4 2.24298E-4 2.55129E-4 2.82428E-4 2.97447E-4 4.00087E-4 4.54654E-4 7.43185E-4 4.36278E-4 4.16766E-4 3.95159E-4 4.87449E-4 4.96636E-4 6.57532E-4 -9999 -9999 -9999 -9999 5.8348E-4 4.81935E-4 5.4659E-4 -9999 -9999 -9999 -9999 -9999 -9999
4.7587E-6 3.06611E-6 7.62974E-6 1.52314E-5 2.50541E-5 3.09041E-5 3.47535E-5 3.61436E-5 4.89605E-5 6.99868E-5 7.12905E-5 6.06947E-5 5.43597E-5 3.79995E-5 6.97297E-5 6.36327E-5 6.19377E-5 5.30995E-5 6.15177E-5 5.11894E-5 2.7666E-5 2.37686E-5 1.92139E-5 1.70734E-5 1.48412E-5 1.44188E-5 1.60599E-5 1.34254E-5 1.22438E-5 1.25879E-5 2.24491E-5 2.93851E-5 2.77971E-5 2.87492E-5 3.08775E-5 3.67962E-5 4.86851E-5 5.00053E-5 5.60524E-5 5.21437E-5 6.27086E-5 8.63417E-5 6.16994E-5 8.17901E-5 1.32604E-4 1.46527E-4 1.80888E-4 2.88692E-4 2.85165E-4 4.2925E-4 3.91727E-4 3.44636E-4 5.42391E-4 7.46749E-4 8.70167E-4 7.05083E-4 8.00539E-4 5.44074E-4 5.21416E-4 5.28274E-4 7.36083E-4 -9999 -9999 -9999 -9999 -9999 -9999 -9999 -9999 -9999 -9999 -9999 -9999
2.02069E-6 2.00255E-6 6.66622E-6 1.94704E-5 3.55143E-5 4.83675E-5 4.71918E-5 4.18621E-5 6.10007E-5 5.54565E-5 4.23986E-5 3.79751E-5 4.28166E-5 5.29908E-5 5.42078E-5 4.95419E-5 5.54759E-5 6.66562E-5 6.0155E-5 5.82622E-5 2.88112E-5 2.57632E-5 2.33595E-5 1.78677E-5 1.65999E-5 1.96535E-5 1.52348E-5 1.8864E-5 1.37221E-5 1.45319E-5 2.02323E-5 2.69296E-5 2.97141E-5 2.70445E-5 2.99199E-5 3.61972E-5 4.37141E-5 3.93215E-5 5.63706E-5 5.48281E-5 6.31226E-5 6.528E-5 6.35999E-5 1.00393E-4 9.30358E-5 1.48759E-4 2.02219E-4 3.03069E-4 3.76618E-4 4.4287E-4 3.78722E-4 4.14394E-4 4.25986E-4 7.49185E-4 8.34722E-4 1.03374E-3 9.73719E-4 6.79324E-4 5.30428E-4 5.11158E-4 9.92514E-4 -9999 -9999 -9999 -9999 -9999 -9999 -9999 -9999 -9999 -9999 2.74113E-4 1.28435E-4
1.60946E-6 1.91298E-6 3.18705E-6 1.07848E-5 2.49997E-5 3.51852E-5 4.04625E-5 4.04349E-5 5.02023E-5 5.33858E-5 5.34485E-5 4.41383E-5 3.85726E-5 5.25393E-5 5.38095E-5 6.06396E-5 4.87371E-5 4.4255E-5 4.20108E-5 4.88494E-5 2.93842E-5 3.94104E-5 2.01248E-5 1.88897E-5 1.9695E-5 1.93206E-5 2.55016E-5 1.72933E-5 1.30042E-5 1.60841E-5 1.89881E-5 2.00218E-5 2.70423E-5 3.02887E-5 4.58318E-5 4.24459E-5 5.34796E-5 3.73079E-5 3.81337E-5 6.01829E-5 7.4738E-5 7.36607E-5 5.59666E-5 8.41111E-5 1.07636E-4 1.54349E-4 2.46299E-4 3.28821E-4 4.20908E-4 3.09485E-4 2.88087E-4 4.13981E-4 6.064E-4 1.04247E-3 7.43592E-4 8.42015E-4 9.28822E-4 8.00289E-4 6.01513E-4 7.68457E-4 9.344E-4 -9999 -9999 -9999 -9999 -9999 -9999 -9999 -9999 -9999 3.18533E-4 2.65933E-4 4.23599E-4
3.24024E-6 -9999 -9999 -9999 -9999 -9999 -9999 3.1554E-5 4.05525E-5 4.91006E-5 6.27138E-5 5.57735E-5 5.67612E-5 6.9816E-5 4.4892E-5 4.72911E-5 4.82196E-5 5.53868E-5 4.13709E-5 4.75738E-5 3.19478E-5 3.21113E-5 1.76979E-5 1.80292E-5 1.97558E-5 1.92719E-5 1.52182E-5 1.61612E-5 2.18719E-5 2.50133E-5 2.71259E-5 2.40188E-5 2.29062E-5 3.84418E-5 3.04094E-5 4.64577E-5 6.52271E-5 6.06781E-5 6.46844E-5 9.3826E-5 7.37509E-5 8.30453E-5 1.05538E-4 1.48079E-4 1.66751E-4 2.70674E-4 2.12878E-4 2.19016E-4 1.91419E-4 2.90491E-4 3.88069E-4 3.11408E-4 5.44669E-4 5.82415E-4 5.87694E-4 6.13409E-4 6.39685E-4 1.05405E-3 9.85393E-4 7.56763E-4 8.312E-4 8.95701E-4 6.6124E-4 5.84379E-4 -9999 -9999 -9999 -9999 -9999 -9999 -9999 -9999 8.69196E-5
-9999 -9999 -9999 -9999 -9999 -9999 -9999 -9999 -9999 -9999 3.88954E-5 4.24348E-5 4.09284E-5 3.88516E-5 4.22915E-5 5.2486E-5 4.99277E-5 5.26184E-5 6.33024E-5 3.34639E-5 2.4455E-5 2.13288E-5 1.97936E-5 1.53989E-5 1.66546E-5 1.85334E-5 1.96826E-5 1.40645E-5 1.69846E-5 1.75326E-5 2.29393E-5 1.76059E-5 -9999 -9999 4.03667E-5 4.70295E-5 5.65203E-5 6.68345E-5 8.36107E-5 8.03139E-5 8.32269E-5 1.45738E-4 1.1623E-4 1.82594E-4 2.03354E-4 2.17115E-4 2.65627E-4 2.80974E-4 3.29129E-4 3.30323E-4 3.19762E-4 3.17139E-4 5.00977E-4 5.64715E-4 5.19634E-4 5.52125E-4 4.41779E-4 5.24878E-4 8.8958E-4 9.44045E-4 7.55914E-4 8.52116E-4 9.16792E-4 7.27239E-4 6.76013E-4 -9999 -9999 -9999 -9999 -9999 -9999 -9999 7.69217E-5
-9999 -9999 -9999 -9999 -9999 -9999 -9999 -9999 -9999 -9999 -9999 -9999 4.44441E-5 3.09319E-5 3.10359E-5 3.51539E-5 3.92873E-5 4.13435E-5 2.49096E-5 2.32253E-5 2.44976E-5 2.50989E-5 1.85579E-5 1.85536E-5 1.39959E-5 1.65365E-5 -9999 -9999 -9999 2.18125E-5 2.64474E-5 -9999 -9999 -9999 -9999 -9999 6.38577E-5 6.11991E-5 8.82514E-5 8.75231E-5 1.16902E-4 1.36495E-4 1.93356E-4 1.66131E-4 2.02495E-4 2.17561E-4 2.85044E-4 2.42264E-4 1.90456E-4 2.74693E-4 3.03483E-4 2.52611E-4 3.74195E-4 4.1749E-4 5.46212E-4 5.00315E-4 6.6023E-4 4.73483E-4 7.40396E-4 7.74345E-4 7.48955E-4 6.95997E-4 7.02194E-4 7.87185E-4 7.40277E-4 -9999 -9999 -9999 -9999 -9999 -9999 -9999 1.46858E-4
-9999 -9999 -9999 -9999 -9999 -9999 -9999 -9999 -9999 -9999 -9999 -9999 -9999 -9999 3.74818E-5 2.72584E-5 3.24136E-5 3.46717E-5 2.31834E-5 2.05365E-5 2.41179E-5 2.66173E-5 -9999 -9999 -9999 -9999 -9999 -9999 -9999 -9999 -9999 -9999 -9999 -9999 -9999 -9999 -9999 8.49203E-5 1.18271E-4 8.88353E-5 1.38144E-4 1.46672E-4 1.3441E-4 1.50854E-4 2.55231E-4 2.16603E-4 2.03827E-4 3.23363E-4 3.17389E-4 4.03586E-4 4.34913E-4 3.91638E-4 3.13886E-4 4.33794E-4 5.08721E-4 6.92562E-4 4.97536E-4 6.07655E-4 5.50594E-4 2.76066E-4 3.73312E-4 4.69311E-4 5.81144E-4 6.9854E-4 6.27406E-4 -9999 -9999 -9999 -9999 -9999 -9999 1.17235E-4 9.45751E-5
-9999 -9999 -9999 -9999 -9999 -9999 -9999 -9999 -9999 -9999 -9999 -9999 -9999 -9999 3.37782E-5 3.73088E-5 3.40681E-5 2.46899E-5 2.45271E-5 2.2973E-5 2.34978E-5 2.15557E-5 -9999 -9999 -9999 -9999 -9999 -9999 -9999 -9999 -9999 -9999 -9999 -9999 -9999 -9999 -9999 -9999 -9999 1.53149E-4 1.60159E-4 1.73853E-4 1.64511E-4 2.25871E-4 2.86775E-4 2.23628E-4 3.27012E-4 2.986E-4 3.06545E-4 3.85206E-4 4.25742E-4 4.4212E-4 5.13422E-4 6.22005E-4 6.12654E-4 7.87695E-4 9.19076E-4 6.28643E-4 6.50338E-4 5.00114E-4 3.53583E-4 5.10405E-4 4.55676E-4 4.49559E-4 5.35176E-4 -9999 -9999 -9999 -9999 -9999 -9999 -9999 3.87007E-5
-9999 -9999 -9999 -9999 -9999 -9999 -9999 -9999 -9999 -9999 -9999 -9999 -9999 -9999 -9999 3.02112E-5 4.28197E-5 2.99569E-5 2.73758E-5 2.61113E-5 2.30447E-5 -9999 -9999 -9999 -9999 -9999 -9999 -9999 -9999 -9999 -9999 -9999 -9999 -9999 -9999 -9999 -9999 -9999 -9999 -9999 1.93639E-4 3.06073E-4 1.78553E-4 2.3032E-4 2.43371E-4 2.57127E-4 2.68739E-4 3.80026E-4 3.74155E-4 4.06137E-4 4.35193E-4 4.38126E-4 5.18342E-4 6.65352E-4 6.49887E-4 8.04995E-4 7.3573E-4 6.14321E-4 4.03433E-4 4.29456E-4 4.82404E-4 4.9673E-4 4.60531E-4 3.34801E-4 3.6945E-4 -9999 -9999 -9999 -9999 -9999 -9999 -9999 4.91582E-5
-9999 -9999 -9999 -9999 -9999 -9999 -9999 -9999 -9999 -9999 -9999 -9999 -9999 -9999 -9999 3.30562E-5 3.09688E-5 3.17848E-5 3.00804E-5 -9999 -9999 -9999 -9999 -9999 -9999 -9999 -9999 -9999 -9999 -9999 -9999 -9999 -9999 -9999 -9999 -9999 -9999 -9999 -9999 -9999 1.62128E-4 2.64119E-4 2.65477E-4 2.83947E-4 2.85796E-4 3.31275E-4 3.37876E-4 2.9828E-4 2.96926E-4 3.55338E-4 4.11866E-4 3.53268E-4 3.98085E-4 6.80026E-4 6.85643E-4 7.55299E-4 7.36262E-4 4.81224E-4 5.23751E-4 4.34243E-4 2.71409E-4 2.66591E-4 3.14905E-4 2.936E-4 3.29426E-4 3.93484E-4 -9999 -9999 -9999 -9999 -9999 4.09999E-5 4.47969E-5
-9999 -9999 -9999 -9999 -9999 -9999 -9999 -9999 -9999 -9999 -9999 -9999 -9999 -9999 -9999 -9999 -9999 -9999 -9999 -9999 -9999 -9999 -9999 -9999 -9999 -9999 -9999 -9999 -9999 -9999 -9999 -9999 -9999 -9999 -9999 -9999 -9999 -9999 -9999 -9999 -9999 2.16647E-4 2.17525E-4 3.02894E-4 2.85687E-4 4.0637E-4 3.29538E-4 4.15472E-4 3.92144E-4 4.6415E-4 4.29182E-4 3.71464E-4 4.13112E-4 4.92175E-4 6.67724E-4 6.53093E-4 6.50557E-4 6.55149E-4 5.49927E-4 -9999 -9999 -9999 -9999 -9999 2.72803E-4 2.59464E-4 -9999 -9999 -9999 -9999 1.67848E-4 8.91946E-5 4.9656E-5
-9999 -9999 -9999 -9999 -9999 -9999 -9999 -9999 -9999 -9999 -9999 -9999 -9999 -9999 -9999 -9999 -9999 -9999 -9999 -9999 -9999 -9999 -9999 -9999 -9999 -9999 -9999 -9999 -9999 -9999 -9999 -9999 -9999 -9999 -9999 -9999 -9999 -9999 -9999 -9999 -9999 3.28653E-4 2.93202E-4 3.53314E-4 2.71274E-4 3.19452E-4 3.45782E-4 3.39963E-4 3.85407E-4 4.69268E-4 4.42138E-4 3.78607E-4 4.55483E-4 5.72569E-4 6.36843E-4 6.66859E-4 7.14614E-4 4.46451E-4 6.75641E-4 -9999 -9999 -9999 -9999 -9999 -9999 -9999 -9999 -9999 5.42345E-5 1.20119E-4 2.81494E-4 1.84778E-4 2.38023E-4
-9999 -9999 -9999 -9999 -9999 -9999 -9999 -9999 -9999 -9999 -9999 -9999 -9999 -9999 -9999 -9999 -9999 -9999 -9999 -9999 -9999 -9999 -9999 -9999 -9999 -9999 -9999 -9999 -9999 -9999 -9999 -9999 -9999 -9999 -9999 -9999 -9999 -9999 -9999 -9999 2.38575E-4 3.96184E-4 2.62501E-4 3.02506E-4 1.97904E-4 2.26064E-4 2.70856E-4 2.67423E-4 3.56511E-4 3.14255E-4 4.99962E-4 5.69925E-4 4.27822E-4 5.29238E-4 5.93247E-4 5.42902E-4 6.25249E-4 6.20911E-4 6.99582E-4 4.68587E-4 1.7337E-4 -9999 -9999 -9999 3.10256E-4 -9999 2.56619E-4 5.2428E-5 8.55319E-5 6.73918E-5 3.66045E-4 5.20124E-4 3.66747E-4
-9999 -9999 -9999 -9999 -9999 -9999 -9999 -9999 -9999 -9999 -9999 -9999 -9999 -9999 -9999 -9999 -9999 -9999 -9999 -9999 -9999 -9999 -9999 -9999 -9999 -9999 -9999 -9999 -9999 -9999 -9999 -9999 -9999 -9999 -9999 -9999 -9999 -9999 -9999 2.16711E-4 1.92771E-4 2.48719E-4 2.49055E-4 2.97367E-4 2.24055E-4 2.76565E-4 3.10941E-4 3.01324E-4 3.17275E-4 3.70648E-4 3.47982E-4 4.69228E-4 4.85584E-4 4.75791E-4 6.05917E-4 4.55146E-4 6.70924E-4 6.42627E-4 6.38441E-4 5.17513E-4 2.93811E-4 2.46445E-4 2.99025E-4 2.69159E-4 4.043E-4 3.47602E-4 2.8484E-4 9.16325E-5 -9999 -9999 -9999 -9999 -9999
-9999 -9999 -9999 -9999 -9999 -9999 -9999 -9999 -9999 -9999 -9999 -9999 -9999 -9999 -9999 -9999 -9999 -9999 -9999 -9999 -9999 -9999 -9999 -9999 -9999 -9999 -9999 -9999 -9999 -9999 -9999 -9999 -9999 -9999 -9999 -9999 -9999 -9999 1.86996E-4 1.88463E-4 2.22159E-4 2.22979E-4 2.7594E-4 2.66079E-4 2.18939E-4 2.55884E-4 2.50714E-4 3.44791E-4 3.964E-4 4.41919E-4 4.36663E-4 4.10279E-4 4.7899E-4 5.49526E-4 6.00421E-4 5.87779E-4 5.71909E-4 4.14301E-4 3.43662E-4 2.80036E-4 2.69201E-4 4.3386E-4 3.37127E-4 2.89421E-4 4.02497E-4 2.98018E-4 -9999 -9999 -9999 -9999 -9999 -9999 -9999
-9999 -9999 -9999 -9999 -9999 -9999 -9999 -9999 -9999 -9999 -9999 -9999 -9999 -9999 -9999 -9999 -9999 -9999 -9999 -9999 -9999 -9999 -9999 -9999 -9999 -9999 -9999 -9999 -9999 -9999 -9999 -9999 -9999 -9999 -9999 -9999 -9999 1.28278E-4 1.68411E-4 1.44168E-4 1.9347E-4 2.07535E-4 2.17745E-4 2.68672E-4 2.49878E-4 2.93929E-4 2.96492E-4 3.40048E-4 4.43594E-4 4.01241E-4 4.01566E-4 3.57016E-4 3.84191E-4 4.1686E-4 5.09315E-4 5.34868E-4 5.51802E-4 5.49256E-4 3.92724E-4 3.55485E-4 5.08478E-4 5.69895E-4 4.68415E-4 3.96406E-4 -9999 -9999 -9999 -9999 -9999 -9999 -9999 -9999 -9999
-9999 -9999 -9999 -9999 -9999 -9999 -9999 -9999 -9999 -9999 -9999 -9999 -9999 -9999 -9999 -9999 -9999 -9999 -9999 -9999 -9999 -9999 -9999 -9999 -9999 -9999 -9999 -9999 -9999 -9999 -9999 -9999 -9999 -9999 -9999 -9999 6.3707E-5 9.95448E-5 1.6674E-4 2.13915E-4 2.46008E-4 2.11621E-4 2.54787E-4 2.47453E-4 3.10128E-4 2.91623E-4 4.05577E-4 3.97389E-4 3.9043E-4 3.83315E-4 3.33519E-4 3.81515E-4 4.29688E-4 3.05865E-4 4.80169E-4 6.58891E-4 7.29628E-4 7.93079E-4 5.84385E-4 4.93889E-4 4.6898E-4 5.59835E-4 -9999 -9999 -9999 -9999 -9999 -9999 -9999 -9999 -9999 -9999 -9999
-9999 -9999 -9999 -9999 -9999 -9999 -9999 -9999 -9999 -9999 -9999 -9999 -9999 -9999 -9999 -9999 -9999 -9999 -9999 -9999 -9999 -9999 -9999 -9999 -9999 -9999 -9999 -9999 -9999 -9999 -9999 -9999 -9999 -9999 -9999 -9999 -9999 1.4241E-4 2.07792E-4 1.86882E-4 2.13729E-4 2.68762E-4 2.93021E-4 3.31506E-4 2.80211E-4 3.25113E-4 3.74874E-4 3.7837E-4 3.76786E-4 3.34122E-4 3.60221E-4 3.52275E-4 3.25647E-4 3.73996E-4 5.55283E-4 5.37791E-4 6.41743E-4 5.8612E-4 5.06817E-4 7.20376E-4 -9999 -9999 -9999 -9999 -9999 -9999 -9999 -9999 -9999 -9999 -9999 -9999 -9999
-9999 -9999 -9999 -9999 -9999 -9999 -9999 -9999 -9999 -9999 -9999 -9999 -9999 -9999 -9999 -9999 -9999 -9999 -9999 -9999 -9999 -9999 -9999 -9999 -9999 -9999 -9999 -9999 -9999 -9999 -9999 -9999 -9999 -9999 -9999 -9999 -9999 -9999 -9999 2.64465E-4 2.0607E-4 2.62901E-4 2.55105E-4 2.9361E-4 3.86093E-4 3.52741E-4 3.49356E-4 3.69995E-4 3.41034E-4 4.41295E-4 2.42136E-4 3.57808E-4 3.4637E-4 5.38314E-4 4.72287E-4 5.96592E-4 7.00611E-4 6.3707E-4 6.61658E-4 -9999 -9999 -9999 -9999 -9999 -9999 -9999 -9999 -9999 -9999 -9999 -9999 -9999 -9999
-9999 -9999 -9999 -9999 -9999 -9999 -9999 -9999 -9999 -9999 -9999 -9999 -9999 -9999 -9999 -9999 -9999 -9999 -9999 -9999 -9999 -9999 -9999 -9999 -9999 -9999 -9999 -9999 -9999 -9999 -9999 -9999 -9999 -9999 -9999 -9999 -9999 -9999 -9999 -9999 2.55148E-4 2.5652E-4 3.09046E-4 2.46624E-4 3.84748E-4 3.66894E-4 3.6305E-4 3.56311E-4 5.84409E-4 3.92864E-4 2.89907E-4 3.03182E-4 2.61387E-4 5.68191E-4 6.70547E-4 7.93555E-4 8.44803E-4 -9999 -9999 -9999 -9999 -9999 -9999 -9999 -9999 -9999 -9999 -9999 -9999 -9999 -9999 -9999 -9999
-9999 -9999 -9999 -9999 -9999 -9999 -9999 -9999 -9999 -9999 -9999 -9999 -9999 -9999 -9999 -9999 -9999 -9999 -9999 -9999 -9999 -9999 -9999 -9999 -9999 -9999 -9999 -9999 -9999 -9999 -9999 -9999 -9999 -9999 -9999 -9999 -9999 -9999 -9999 -9999 2.71366E-4 2.79083E-4 3.61785E-4 3.79584E-4 3.66854E-4 2.91384E-4 3.4656E-4 2.9714E-4 4.07873E-4 6.00018E-4 3.9831E-4 3.42114E-4 4.20401E-4 7.76452E-4 8.83826E-4 9.49478E-4 1.04472E-3 -9999 -9999 -9999 -9999 -9999 -9999 -9999 -9999 -9999 -9999 -9999 -9999 -9999 -9999 -9999 -9999
-9999 -9999 -9999 -9999 -9999 -9999 -9999 -9999 -9999 -9999 -9999 -9999 -9999 -9999 -9999 -9999 -9999 -9999 -9999 -9999 -9999 -9999 -9999 -9999 -9999 -9999 -9999 -9999 -9999 -9999 -9999 -9999 -9999 -9999 -9999 -9999 -9999 -9999 -9999 -9999 -9999 3.30342E-4 5.16598E-4 5.78833E-4 4.5973E-4 3.25437E-4 2.88067E-4 3.20397E-4 4.2897E-4 7.0589E-4 6.68129E-4 5.20969E-4 6.92956E-4 9.8938E-4 1.12574E-3 9.5737E-4 -9999 -9999 -9999 -9999 -9999 -9999 -9999 -9999 -9999 -9999 -9999 -9999 -9999 -9999 -9999 -9999 -9999
-9999 -9999 -9999 -9999 -9999 -9999 -9999 -9999 -9999 -9999 -9999 -9999 -9999 -9999 -9999 -9999 -9999 -9999 -9999 -9999 -9999 -9999 -9999 -9999 -9999 -9999 -9999 -9999 -9999 -9999 -9999 -9999 -9999 -9999 -9999 -9999 -9999 -9999 -9999 -9999 -9999 -9999 -9999 -9999 5.15692E-4 4.57949E-4 3.92163E-4 4.94997E-4 7.19589E-4 8.69636E-4 9.63204E-4 9.70964E-4 9.58679E-4 8.22208E-4 1.03028E-3 -9999 -9999 -9999 -9999 -9999 -9999 -9999 -9999 -9999 -9999 -9999 -9999 -9999 -9999 -9999 -9999 -9999 -9999
-9999 -9999 -9999 -9999 -9999 -9999 -9999 -9999 -9999 -9999 -9999 -9999 -9999 -9999 -9999 -9999 -9999 -9999 -9999 -9999 -9999 -9999 -9999 -9999 -9999 -9999 -9999 -9999 -9999 -9999 -9999 -9999 -9999 -9999 -9999 -9999 -9999 -9999 -9999 -9999 -9999 -9999 -9999 -9999 -9999 5.34516E-4 4.38786E-4 5.56516E-4 6.69405E-4 8.28068E-4 9.9049E-4 1.11714E-3 1.00428E-3 1.15229E-3 -9999 -9999 -9999 -9999 -9999 -9999 -9999 -9999 -9999 -9999 -9999 -9999 -9999 -9999 -9999 -9999 -9999 -9999 -9999
-9999 -9999 -9999 -9999 -9999 -9999 -9999 -9999 -9999 -9999 -9999 -9999 -9999 -9999 -9999 -9999 -9999 -9999 -9999 -9999 -9999 -9999 -9999 -9999 -9999 -9999 -9999 -9999 -9999 -9999 -9999 -9999 -9999 -9999 -9999 -9999 -9999 -9999 -9999 -9999 -9999 -9999 -9999 -9999 -9999 -9999 -9999 7.26635E-4 1.01444E-3 8.78666E-4 1.13256E-3 1.14159E-3 1.1609E-3 1.13092E-3 -9999 -9999 -9999 -9999 -9999 -9999 -9999 -9999 -9999 -9999 -9999 -9999 -9999 -9999 -9999 -9999 -9999 -9999 -9999
