ENM/Final_Models/M_0.9_F_q_Set_1_EC/Gustavia_santanderiensis_0_Choco_clamping.asc
ncols         367
nrows         963
xllcorner     -78.6
yllcorner     0.65
cellsize      0.00833333333333323
NODATA_value  -9999
[rows 186 to 216 of 963, columns 140 to 209 of 367]
0E0 0E0 0E0 0E0 0E0 0E0 0E0 0E0 0E0 0E0 0E0 0E0 0E0 0E0 0E0 0E0 0E0 0E0 0E0 0E0 0E0 0E0 0E0 0E0 3.9346E-6 3.30893E-6 0E0 1.13974E-5 5.47146E-5 5.39157E-5 1.57551E-5 5.70691E-6 8.73784E-5 1.10853E-4 1.70045E-4 1.01841E-4 4.75157E-6 0E0 0E0 0E0 0E0 0E0 0E0 0E0 0E0 0E0 0E0 0E0 0E0 0E0 0E0 0E0 0E0 3.87307E-7 0E0 0E0 0E0 0E0 0E0 0E0 0E0 0E0 3.2515E-5 3.02952E-5 6.83116E-7 0E0 0E0 8.30965E-8 9.40871E-9 0E0
0E0 0E0 0E0 0E0 0E0 0E0 0E0 0E0 0E0 0E0 0E0 0E0 0E0 0E0 0E0 0E0 0E0 0E0 0E0 0E0 0E0 0E0 0E0 0E0 0E0 4.25342E-5 9.69425E-6 0E0 8.06904E-6 0E0 0E0 0E0 2.99035E-5 5.44015E-5 1.19306E-4 9.92483E-5 7.5162E-6 0E0 0E0 0E0 0E0 0E0 0E0 0E0 0E0 1.72268E-6 0E0 0E0 0E0 0E0 0E0 9.88123E-7 0E0 0E0 0E0 0E0 0E0 0E0 0E0 0E0 2.74549E-6 0E0 7.66481E-8 4.11716E-10 1.53428E-9 0E0 7.12635E-10 1.42454E-9 1.34946E-10 1.597E-8
0E0 0E0 0E0 0E0 0E0 0E0 0E0 0E0 0E0 0E0 0E0 0E0 0E0 0E0 0E0 0E0 0E0 0E0 0E0 0E0 0E0 0E0 0E0 0E0 0E0 0E0 0E0 0E0 0E0 9.06085E-6 0E0 0E0 0E0 3.3021E-5 4.18207E-5 6.83707E-5 1.95276E-5 2.76187E-5 1.32119E-5 0E0 0E0 0E0 0E0 0E0 0E0 0E0 1.01491E-6 0E0 0E0 0E0 0E0 0E0 0E0 1.16617E-7 0E0 0E0 0E0 0E0 0E0 0E0 3.72357E-9 0E0 1.8033E-8 0E0 1.53404E-7 1.95145E-7 6.05734E-7 0E0 4.75172E-10 4.9791E-9
0E0 0E0 0E0 0E0 0E0 0E0 0E0 0E0 0E0 0E0 0E0 0E0 0E0 0E0 0E0 0E0 0E0 0E0 0E0 0E0 0E0 0E0 0E0 0E0 0E0 0E0 0E0 0E0 4.3842E-5 4.92229E-5 4.42802E-6 0E0 2.51682E-5 1.59613E-4 1.32303E-4 5.74522E-5 8.11184E-5 4.81552E-5 0E0 0E0 0E0 0E0 0E0 0E0 0E0 4.17962E-6 4.46658E-6 1.11586E-5 0E0 0E0 0E0 0E0 0E0 0E0 0E0 0E0 6.7707E-9 0E0 0E0 0E0 3.76604E-7 0E0 0E0 2.94616E-6 3.17832E-6 6.51229E-7 8.73091E-7 8.64425E-10 4.04991E-7 2.70916E-10
0E0 0E0 0E0 0E0 0E0 0E0 0E0 0E0 0E0 0E0 0E0 0E0 0E0 0E0 0E0 0E0 0E0 0E0 0E0 0E0 0E0 0E0 0E0 0E0 0E0 0E0 0E0 1.73753E-5 7.5782E-5 6.94538E-5 0E0 0E0 4.03633E-5 1.71596E-5 8.02915E-5 7.63627E-5 1.40236E-4 5.18383E-5 0E0 0E0 0E0 0E0 0E0 0E0 0E0 0E0 0E0 0E0 0E0 0E0 0E0 0E0 0E0 0E0 5.29614E-6 0E0 0E0 0E0 0E0 0E0 4.49595E-8 6.50798E-9 0E0 0E0 0E0 0E0 6.46343E-9 4.1415E-9 4.17235E-10 7.76702E-9
0E0 0E0 0E0 0E0 0E0 0E0 0E0 0E0 0E0 0E0 0E0 0E0 0E0 0E0 0E0 0E0 0E0 0E0 0E0 0E0 0E0 0E0 0E0 0E0 2.41873E-5 0E0 0E0 8.53314E-6 3.03629E-5 0E0 0E0 0E0 0E0 1.43614E-5 1.38686E-4 6.15692E-5 9.90901E-5 5.33977E-5 0E0 0E0 3.53868E-5 0E0 0E0 0E0 0E0 0E0 0E0 0E0 0E0 0E0 0E0 0E0 0E0 0E0 0E0 8.40993E-6 0E0 0E0 0E0 0E0 1.14782E-7 3.63838E-8 1.19426E-7 0E0 0E0 0E0 1.3274E-9 3.91866E-9 1.20963E-7 4.34939E-7
0E0 0E0 0E0 0E0 0E0 0E0 0E0 0E0 0E0 0E0 0E0 0E0 0E0 0E0 0E0 0E0 0E0 0E0 0E0 0E0 0E0 0E0 0E0 0E0 0E0 0E0 0E0 9.05886E-5 1.4788E-4 7.49339E-6 0E0 0E0 2.95988E-5 0E0 4.78324E-5 2.62663E-5 3.49647E-5 1.35921E-5 0E0 0E0 1.79554E-5 6.12476E-6 0E0 0E0 0E0 9.62672E-6 3.37523E-7 0E0 0E0 0E0 0E0 0E0 0E0 0E0 0E0 6.28606E-6 0E0 0E0 0E0 0E0 0E0 5.5641E-12 1.38158E-8 6.86228E-7 3.6148E-8 0E0 2.30909E-11 9.21193E-8 8.24456E-8 9.42763E-10
0E0 0E0 0E0 0E0 0E0 0E0 0E0 0E0 0E0 0E0 0E0 0E0 0E0 0E0 0E0 0E0 0E0 0E0 0E0 0E0 0E0 0E0 0E0 0E0 0E0 4.14607E-5 4.8276E-5 5.80858E-5 1.14406E-4 9.6469E-5 7.60927E-6 0E0 0E0 5.77294E-5 4.00587E-5 1.81967E-5 0E0 0E0 0E0 0E0 0E0 5.20317E-5 3.66759E-5 0E0 0E0 0E0 1.34438E-5 6.06428E-7 1.83579E-6 0E0 0E0 0E0 0E0 0E0 0E0 1.65244E-8 0E0 0E0 1.076E-6 9.42224E-7 0E0 0E0 2.08807E-6 5.33084E-7 3.09027E-8 0E0 6.11476E-11 4.10203E-9 1.34552E-9 2.73729E-11
0E0 0E0 0E0 0E0 0E0 0E0 0E0 0E0 0E0 0E0 0E0 0E0 0E0 0E0 0E0 0E0 0E0 0E0 0E0 0E0 0E0 0E0 0E0 5.61276E-7 4.59003E-6 8.66348E-5 1.39464E-4 2.34284E-4 1.9276E-4 4.70607E-5 0E0 0E0 0E0 1.74292E-5 5.23428E-5 9.03549E-6 1.04811E-4 0E0 0E0 0E0 0E0 1.34658E-5 0E0 0E0 0E0 0E0 0E0 3.61106E-6 3.58568E-6 3.82205E-8 2.00863E-7 0E0 0E0 0E0 0E0 2.66121E-6 1.21471E-7 0E0 0E0 1.7458E-7 0E0 0E0 2.39082E-6 3.33292E-9 1.43069E-9 1.74108E-8 8.77709E-12 1.9932E-9 3.71226E-11 1.00779E-11
0E0 0E0 0E0 0E0 0E0 0E0 0E0 0E0 0E0 0E0 0E0 0E0 0E0 0E0 0E0 0E0 0E0 0E0 0E0 0E0 0E0 0E0 0E0 4.70272E-6 6.02295E-5 7.44795E-5 1.28182E-4 1.02084E-4 8.74823E-5 1.0467E-5 0E0 0E0 0E0 7.84635E-6 8.38961E-5 1.50626E-4 6.44553E-5 1.23223E-4 0E0 0E0 0E0 0E0 0E0 4.98016E-5 2.16534E-5 1.59927E-5 0E0 1.50879E-7 3.97381E-7 1.34176E-7 5.94892E-10 1.042E-11 0E0 0E0 2.41713E-7 3.63149E-9 1.93281E-8 1.15118E-9 7.00351E-10 5.73881E-8 2.55302E-9 4.57731E-8 3.03137E-5 1.08663E-6 1.63949E-8 1.52113E-8 5.08672E-10 3.20478E-10 4.01571E-11 3.19744E-14
0E0 0E0 0E0 0E0 0E0 0E0 0E0 0E0 0E0 0E0 0E0 0E0 0E0 0E0 0E0 0E0 0E0 0E0 0E0 0E0 0E0 1.59392E-5 5.73077E-5 1.31357E-4 5.73229E-5 1.53195E-4 2.19346E-4 2.29216E-4 1.51231E-4 4.74538E-5 0E0 0E0 0E0 8.70123E-5 1.68221E-4 1.8023E-4 3.21524E-5 3.48474E-5 2.63036E-5 1.83568E-5 0E0 0E0 0E0 3.08263E-6 0E0 0E0 6.4457E-6 1.26323E-6 7.14149E-7 3.98551E-7 0E0 0E0 0E0 1.14228E-6 2.03547E-8 1.13291E-9 9.70503E-11 2.80419E-10 1.65389E-9 1.72645E-8 6.64031E-7 1.57757E-5 8.28441E-7 9.44402E-7 4.08041E-9 5.47893E-10 9.58323E-11 4.62852E-13 4.36318E-13 1.09801E-13
0E0 0E0 0E0 0E0 0E0 0E0 0E0 0E0 0E0 0E0 0E0 0E0 0E0 0E0 0E0 9.34009E-6 1.07598E-5 2.4106E-5 3.66518E-6 0E0 3.11707E-5 6.11977E-5 1.0596E-4 1.24241E-4 6.11287E-5 1.27833E-4 2.26413E-4 2.73095E-4 5.94907E-5 1.42053E-4 0E0 1.77136E-5 0E0 3.71558E-5 1.71587E-4 8.14928E-5 6.33178E-5 1.08724E-4 1.00013E-5 4.37213E-5 2.03954E-5 1.21006E-5 2.44885E-5 6.52792E-6 2.08197E-5 9.47496E-6 4.80372E-6 1.39105E-6 1.81559E-6 3.77322E-6 0E0 0E0 0E0 4.48722E-5 9.01221E-11 3.30133E-11 4.54147E-11 8.08434E-9 1.77913E-8 0E0 2.60891E-6 1.28236E-5 5.8352E-7 4.06116E-7 6.26827E-9 3.92307E-9 3.07976E-13 0E0 5.76849E-11 4.51353E-10
0E0 0E0 0E0 0E0 0E0 0E0 0E0 0E0 0E0 0E0 0E0 0E0 0E0 0E0 0E0 2.71845E-5 1.96053E-5 1.88666E-5 0E0 0E0 0E0 0E0 1.49294E-4 1.44788E-4 1.28142E-4 2.09043E-4 2.49977E-4 1.87698E-4 6.40397E-5 1.15378E-4 7.41375E-5 4.51717E-6 2.51689E-5 5.67223E-5 6.95903E-5 2.4728E-4 9.44941E-5 7.67093E-5 2.94192E-5 4.72011E-5 5.04552E-5 1.26094E-6 2.30415E-5 3.88615E-6 2.86728E-5 1.69026E-6 1.32046E-6 2.81234E-8 8.54177E-7 6.94168E-6 0E0 6.62343E-7 0E0 0E0 1.30189E-8 5.67355E-10 8.74586E-11 1.12496E-11 5.34335E-11 1.15997E-9 7.76708E-6 4.60113E-7 2.87323E-6 1.9997E-6 1.10439E-8 3.85618E-10 6.99785E-12 2.27596E-13 5.75379E-11 6.25999E-12
0E0 0E0 0E0 0E0 0E0 0E0 0E0 0E0 0E0 0E0 0E0 0E0 0E0 0E0 0E0 3.97502E-5 7.62226E-5 3.82147E-5 2.60586E-5 2.55998E-5 5.95381E-5 5.49718E-6 1.49748E-4 2.17024E-4 1.86327E-4 1.80097E-4 2.05636E-4 1.46409E-4 1.58887E-4 2.14671E-4 2.7085E-4 4.32592E-5 3.94881E-5 3.0303E-5 5.77755E-5 2.71591E-4 1.60241E-4 1.70303E-4 5.18091E-5 9.15805E-5 6.3046E-5 1.41507E-5 1.29706E-6 0E0 2.33603E-5 4.38727E-6 5.40106E-7 1.26557E-6 9.50594E-6 1.08888E-8 3.29433E-6 3.54311E-6 4.47366E-7 2.44156E-7 9.54515E-11 1.77727E-11 2.57971E-12 1.38514E-11 2.45365E-9 1.04577E-10 9.62048E-8 8.64336E-8 2.87613E-6 1.69712E-10 8.84217E-8 1.9035E-8 2.5478E-8 1.04236E-10 6.01996E-12 2.77559E-11
0E0 0E0 0E0 0E0 0E0 0E0 0E0 0E0 0E0 0E0 0E0 0E0 0E0 0E0 0E0 0E0 1.80945E-5 4.89501E-5 1.03678E-5 4.60158E-5 1.12318E-4 6.87153E-5 6.7757E-5 6.92257E-5 1.88745E-4 2.12841E-4 2.29463E-4 1.22338E-4 1.73406E-4 2.87367E-4 3.54375E-4 1.62107E-4 1.48064E-4 1.85982E-4 3.51552E-5 2.89789E-5 1.63532E-4 4.20948E-5 8.59029E-5 1.23778E-4 1.21E-5 3.96751E-7 2.34021E-7 1.51359E-5 0E0 8.23324E-7 1.10477E-6 4.52712E-8 0E0 1.3489E-8 0E0 0E0 0E0 7.30278E-8 5.56441E-10 1.09307E-11 1.73117E-12 1.06648E-10 3.01381E-12 5.23899E-11 1.3888E-11 1.36996E-7 4.95749E-8 2.58947E-7 4.02934E-9 1.18454E-8 4.89897E-12 9.82947E-12 9.3774E-11 2.3087E-11
0E0 0E0 0E0 0E0 0E0 0E0 0E0 0E0 0E0 0E0 0E0 0E0 2.5203E-5 1.4034E-5 1.76909E-5 3.88539E-5 5.66378E-5 1.02803E-4 9.93161E-5 8.39305E-5 8.85053E-5 8.36926E-5 1.98851E-4 1.28392E-4 4.94992E-5 1.22329E-4 1.8614E-4 3.74927E-5 1.07827E-4 2.73933E-4 2.2134E-4 1.70257E-4 1.50638E-4 2.03219E-4 1.01561E-4 1.32188E-4 2.16596E-4 2.83745E-5 3.14346E-6 1.26519E-5 1.72915E-5 1.27823E-5 6.321E-8 2.44178E-6 1.79698E-6 2.32763E-6 2.70356E-6 6.85033E-7 2.26836E-7 1.33669E-9 4.0476E-11 2.58777E-9 8.06604E-7 3.12177E-7 2.65797E-7 2.74165E-9 2.31839E-9 2.14621E-10 3.82967E-9 2.42459E-8 2.10666E-8 8.87957E-8 5.77693E-12 1.39233E-7 6.31332E-9 2.18544E-11 2.18526E-11 1.44129E-9 9.75912E-11 3.43412E-10
0E0 0E0 0E0 0E0 0E0 0E0 0E0 0E0 0E0 0E0 0E0 0E0 4.9063E-6 1.1405E-5 3.29692E-5 1.826E-4 1.77003E-4 2.02422E-4 1.65917E-4 1.52754E-4 2.06064E-4 1.69277E-4 2.27304E-4 7.62346E-5 1.4641E-4 2.1999E-4 1.69664E-4 3.48877E-5 5.48449E-5 2.24447E-4 2.56506E-4 2.30966E-4 2.06394E-4 1.30914E-4 8.21711E-5 4.28585E-7 1.07396E-4 2.50804E-5 7.64396E-5 9.37604E-6 1.11265E-5 4.58297E-6 8.04198E-6 6.47864E-6 3.3837E-6 3.50819E-6 1.49577E-5 1.53387E-5 9.2276E-6 6.51659E-8 1.67015E-9 4.04787E-7 1.09594E-7 6.75408E-7 4.2219E-7 5.7346E-8 6.02654E-7 3.36054E-7 9.87733E-8 4.14725E-8 1.67761E-9 5.00798E-9 2.6815E-9 8.43769E-15 1.78313E-10 1.57402E-10 1.61587E-10 1.59872E-13 4.6726E-12 2.72872E-10
0E0 0E0 0E0 0E0 0E0 0E0 0E0 0E0 0E0 0E0 0E0 0E0 1.2765E-5 2.66931E-5 1.78922E-5 7.06691E-5 1.99628E-4 1.14332E-4 1.0982E-4 1.08409E-4 1.96182E-4 2.30842E-4 1.99408E-4 9.24945E-5 1.22798E-4 1.2528E-4 6.79967E-5 1.16057E-4 2.10841E-4 1.24616E-4 1.49058E-4 4.12889E-5 4.25638E-5 1.31158E-4 1.19618E-4 4.13698E-5 3.97096E-5 3.26039E-5 6.80108E-5 2.23871E-5 9.80968E-5 5.70472E-5 2.49602E-5 6.82497E-6 1.80089E-6 9.93738E-6 5.3985E-7 3.68243E-7 2.91134E-6 8.04064E-9 2.87215E-8 1.35686E-7 1.13832E-5 6.7384E-6 4.06914E-7 8.24123E-7 4.41636E-8 1.30748E-9 8.46479E-8 1.44644E-6 9.2929E-10 1.86948E-10 0E0 7.21645E-15 1.3491E-8 2.30247E-9 8.90133E-9 2.47479E-10 1.11022E-16 3.91909E-14
0E0 0E0 0E0 0E0 0E0 0E0 0E0 0E0 0E0 0E0 0E0 2.49796E-6 1.45635E-5 2.4935E-5 4.34876E-5 9.37567E-5 2.31219E-4 1.70223E-4 1.36332E-4 1.5074E-4 1.20354E-4 1.80316E-4 1.47498E-4 6.73086E-5 1.44596E-4 1.45037E-4 5.90972E-5 8.94729E-5 1.03785E-4 1.80162E-4 1.36979E-4 3.49227E-5 7.2138E-5 1.2787E-4 1.13083E-4 9.55591E-5 1.16266E-4 1.40067E-4 1.98669E-4 8.72095E-5 8.21489E-5 1.582E-5 2.95818E-5 2.72805E-6 2.61879E-6 2.45939E-6 3.50508E-6 6.77282E-6 1.59998E-6 5.87939E-7 3.89424E-8 1.94951E-9 1.45184E-7 1.60104E-6 1.24508E-8 4.92619E-7 1.84864E-7 1.25976E-7 9.45084E-9 2.163E-6 2.23157E-8 1.18338E-10 3.86913E-13 1.22125E-15 1.18683E-13 2.33349E-10 3.96182E-10 9.80382E-12 8.88178E-16 2.22045E-15
0E0 0E0 0E0 0E0 0E0 0E0 0E0 0E0 0E0 0E0 0E0 0E0 0E0 6.31123E-5 9.87043E-5 1.60398E-4 2.48069E-4 1.4643E-4 2.15552E-4 2.03248E-4 1.43607E-4 7.84108E-5 6.74938E-5 2.09564E-4 2.81982E-4 1.92363E-4 7.03186E-5 1.0067E-4 1.86107E-4 1.78495E-4 9.02214E-5 5.82702E-5 8.20769E-5 1.1808E-4 4.78182E-5 1.20106E-4 6.51375E-5 1.61829E-4 1.72573E-4 4.74449E-5 7.36194E-5 3.71937E-5 5.91027E-6 3.97227E-7 2.0183E-6 1.86539E-6 1.64162E-6 2.3448E-6 1.58171E-5 4.24695E-8 5.03894E-7 2.62322E-10 2.17371E-7 1.65966E-8 2.23003E-6 2.34393E-7 8.20237E-7 2.00129E-12 8.04024E-12 6.79766E-10 2.51028E-8 1.08382E-11 2.48024E-12 9.29856E-12 1.73195E-14 3.69452E-10 3.70082E-12 3.33067E-16 5.6114E-12 4.33709E-12
0E0 0E0 0E0 0E0 0E0 0E0 0E0 0E0 0E0 0E0 0E0 0E0 0E0 0E0 1.39962E-4 1.79707E-4 1.66553E-4 2.10321E-4 2.03463E-4 1.65265E-4 1.84317E-4 1.97506E-4 1.87475E-4 1.93201E-4 2.9786E-4 2.09909E-4 2.34363E-4 2.2407E-4 2.01542E-4 1.59439E-4 4.37702E-5 2.10647E-4 2.87267E-4 1.45774E-4 1.46646E-4 2.39485E-4 1.73779E-4 1.90633E-4 6.83008E-5 3.48428E-5 6.84969E-5 6.46922E-5 2.58452E-5 1.05313E-5 7.77744E-6 3.31609E-5 1.10541E-6 1.48141E-6 6.43191E-7 1.7304E-7 8.18236E-8 2.88921E-7 1.64018E-6 4.57147E-7 8.36262E-7 1.99445E-8 2.80354E-10 7.84613E-7 1.11907E-8 1.09688E-8 3.4626E-8 6.108E-11 8.38873E-11 2.79631E-11 1.74746E-8 2.50113E-10 4.44089E-16 2.90079E-12 1.42777E-10 5.57683E-11
0E0 0E0 0E0 0E0 0E0 0E0 0E0 0E0 0E0 0E0 0E0 0E0 0E0 0E0 2.88212E-5 6.18905E-5 1.49676E-4 1.66478E-4 2.51185E-4 3.25619E-4 2.11898E-4 2.21902E-4 2.51143E-4 2.51312E-4 3.01895E-4 2.76879E-4 2.11898E-4 2.53354E-4 1.97858E-4 1.62757E-4 3.70495E-5 1.13058E-5 2.88376E-4 1.29099E-4 1.90626E-4 8.63242E-5 3.36128E-5 1.00273E-4 4.11598E-5 2.98507E-5 3.10452E-5 1.15768E-4 7.54937E-5 1.63807E-5 1.82651E-6 1.61285E-4 1.05217E-4 2.18233E-5 1.21541E-6 3.25108E-7 1.47388E-7 2.03967E-9 3.04973E-7 4.24564E-6 1.90876E-8 2.03503E-9 1.15025E-9 1.40172E-10 1.56846E-10 9.45801E-9 6.14696E-8 6.65053E-9 2.2446E-11 1.12299E-12 9.99201E-16 4.45653E-8 6.31075E-11 6.86043E-11 2.66215E-8 1.56275E-9
0E0 0E0 0E0 0E0 0E0 0E0 0E0 0E0 0E0 0E0 0E0 0E0 0E0 0E0 0E0 6.21136E-6 4.09805E-5 1.57233E-4 2.88167E-4 3.21625E-4 2.84234E-4 2.3441E-4 2.20301E-4 2.15447E-4 2.41026E-4 2.0207E-4 2.0249E-4 3.50699E-4 3.81522E-4 1.64702E-4 2.80394E-6 1.30279E-4 2.57051E-4 1.31564E-4 6.28375E-5 7.73004E-5 9.54634E-5 1.81224E-4 2.12981E-5 2.57722E-6 1.93141E-5 1.15019E-5 1.0628E-5 4.30017E-6 2.48241E-7 2.86547E-6 2.19527E-5 3.36753E-6 2.07595E-6 1.12493E-6 9.75959E-9 1.0281E-9 4.98806E-10 2.81545E-8 5.81311E-8 9.17075E-11 1.02461E-10 3.70171E-10 8.06677E-12 2.88658E-15 3.54161E-14 2.54352E-13 8.80922E-11 2.50912E-9 1.24352E-8 8.29615E-10 2.33946E-12 9.82192E-12 2.45359E-14 2.90604E-9
0E0 0E0 0E0 0E0 0E0 0E0 0E0 0E0 0E0 0E0 0E0 0E0 0E0 0E0 0E0 1.4982E-5 1.021E-5 1.08422E-4 2.15195E-4 2.46854E-4 1.50639E-4 2.47939E-4 2.07834E-4 2.12129E-4 1.86981E-4 1.73322E-4 3.33502E-4 6.39687E-2 1.38006E-4 6.69128E-5 4.8679E-6 6.28434E-6 1.12136E-4 1.85793E-4 1.2668E-4 1.25569E-4 4.93318E-5 3.95815E-5 5.39839E-5 4.7147E-5 1.20479E-4 6.53137E-5 5.48159E-5 2.4925E-5 2.06191E-7 2.1954E-5 2.22552E-5 8.61007E-9 1.20445E-7 1.17684E-6 6.09388E-9 5.18905E-9 1.66472E-9 7.5796E-12 1.07607E-10 5.66125E-12 3.1711E-9 6.69641E-11 1.14575E-13 2.69829E-12 9.59233E-14 3.62266E-13 7.59905E-10 5.66958E-12 9.04276E-9 9.72944E-12 5.17318E-9 1.13231E-8 1.87505E-10 4.30322E-11
0E0 0E0 0E0 0E0 0E0 0E0 0E0 0E0 0E0 0E0 0E0 0E0 0E0 0E0 0E0 5.31679E-5 5.55985E-5 1.17078E-4 9.08708E-5 1.37489E-4 1.53921E-4 1.80735E-4 3.00457E-4 2.44752E-4 9.77001E-5 1.57016E-4 1.95448E-4 3.78529E-1 2.40354E-1 3.4983E-5 1.74258E-5 4.50681E-5 3.14234E-5 2.18859E-4 1.68462E-4 1.85814E-4 1.84238E-5 1.77553E-5 2.84887E-5 1.84375E-5 6.74424E-5 1.19598E-4 4.25215E-5 2.98507E-6 2.91513E-5 4.44432E-5 6.2963E-5 1.24586E-10 9.67351E-9 2.84303E-8 3.0259E-9 6.30653E-10 1.43369E-10 3.00719E-11 1.09606E-11 3.22331E-12 3.29646E-10 3.67258E-9 1.41908E-9 5.15643E-12 4.89608E-14 3.87784E-10 4.88127E-11 1.76181E-12 5.27925E-10 5.46659E-11 8.43312E-9 1.33982E-7 1.70048E-9 1.60305E-10
0E0 0E0 0E0 0E0 0E0 0E0 0E0 0E0 0E0 0E0 0E0 0E0 0E0 0E0 0E0 0E0 0E0 2.00478E-4 2.60487E-4 2.70808E-4 2.83981E-4 2.12347E-4 2.2493E-4 2.11963E-4 1.1524E-4 1.24393E-4 2.2146E-4 3.27633E-1 1.5918E-4 7.35635E-5 1.7005E-5 2.30912E-5 2.01832E-4 1.13944E-4 4.04511E-5 5.89611E-5 1.13424E-4 7.15974E-5 3.55384E-5 1.59931E-5 8.28467E-5 4.73675E-5 1.36677E-5 1.38817E-6 3.91172E-5 2.10851E-5 1.93215E-6 5.43433E-7 6.54248E-9 6.00005E-10 1.11234E-9 9.93404E-10 1.69007E-10 5.07692E-10 4.49141E-12 1.12003E-11 2.15356E-11 9.90407E-9 1.33367E-10 2.82918E-11 2.81941E-12 1.55589E-9 1.05471E-14 4.26215E-13 9.55791E-12 4.1835E-8 9.42681E-8 1.57327E-7 1.58623E-7 2.60902E-13
0E0 0E0 0E0 0E0 0E0 0E0 0E0 0E0 0E0 0E0 0E0 0E0 0E0 0E0 2.13032E-5 1.06593E-5 5.16424E-5 2.03104E-4 1.93295E-4 2.93959E-4 2.18826E-4 9.24014E-5 1.7384E-4 1.50011E-4 1.42551E-4 2.45867E-4 3.26778E-1 3.21568E-1 6.93855E-5 1.1224E-5 4.55624E-6 1.24715E-4 8.2886E-5 1.06925E-4 8.79224E-5 3.12537E-5 7.04668E-5 6.05747E-5 4.13336E-5 1.31677E-5 6.57967E-6 1.60527E-6 1.99104E-6 5.33556E-6 1.95672E-5 3.22915E-5 5.28425E-5 8.39499E-7 2.64969E-6 4.21277E-8 9.45955E-7 5.61977E-7 6.37709E-9 3.29439E-11 2.03318E-9 7.49378E-9 5.70061E-10 1.18636E-7 7.09321E-13 1.47477E-10 1.96862E-8 1.1878E-9 1.68378E-11 1.87448E-11 1.91951E-11 6.50046E-10 2.38653E-8 7.1458E-8 2.59897E-8 4.48569E-11
0E0 0E0 0E0 0E0 0E0 0E0 0E0 0E0 0E0 0E0 0E0 0E0 0E0 1.22011E-4 1.12388E-4 1.11393E-4 1.15817E-4 1.46488E-4 1.75182E-4 8.77369E-5 3.17274E-5 0E0 6.46805E-5 3.30509E-5 1.84867E-4 1.63943E-4 3.1415E-1 3.63626E-1 3.46708E-4 1.21696E-4 1.00815E-5 2.2604E-5 1.84596E-4 1.45891E-4 1.0271E-5 1.14585E-6 3.38965E-5 2.80928E-5 1.1805E-6 1.25261E-6 1.407E-5 1.39122E-6 3.60419E-7 4.80267E-7 2.8412E-6 4.10554E-5 2.53649E-8 3.71974E-9 3.25437E-8 8.42214E-8 3.76117E-8 2.49792E-8 2.08615E-9 5.53061E-11 1.41859E-8 1.10625E-7 2.6125E-8 9.94443E-8 5.01619E-9 2.75245E-8 2.90306E-11 9.7044E-10 4.80933E-5 4.48627E-10 2.12764E-9 2.10246E-11 2.09518E-9 1.0707E-8 7.66509E-9 2.16827E-7
0E0 0E0 0E0 0E0 0E0 0E0 0E0 0E0 0E0 0E0 0E0 0E0 0E0 0E0 7.0071E-5 7.53671E-5 7.65402E-5 1.05886E-4 2.41676E-4 5.83884E-5 0E0 0E0 6.6014E-5 0E0 2.71387E-5 1.55454E-4 4.06238E-2 2.19488E-1 2.29585E-4 2.00795E-5 6.62509E-6 7.51117E-5 1.93928E-4 9.14071E-5 4.76598E-6 1.81984E-5 1.94729E-6 2.17387E-5 1.50297E-6 8.40973E-7 3.52451E-5 1.42033E-5 1.83822E-7 4.08325E-6 3.19172E-7 4.06577E-6 4.32028E-7 2.24774E-5 2.2835E-5 6.6608E-7 2.75568E-10 1.37766E-9 2.93834E-7 1.93994E-10 1.62832E-8 2.66274E-8 1.28254E-7 1.15132E-8 1.59479E-9 5.66265E-11 2.29297E-10 2.74496E-6 2.53727E-5 8.92849E-10 1.33514E-11 7.88284E-9 1.89673E-7 9.42394E-10 1.14679E-10 1.26716E-8
0E0 0E0 0E0 0E0 0E0 0E0 0E0 0E0 0E0 0E0 0E0 0E0 0E0 2.34516E-6 9.43364E-5 1.33313E-4 5.70097E-5 7.21408E-5 5.8617E-5 1.32557E-5 0E0 0E0 2.15116E-6 1.29371E-4 1.34992E-4 2.16275E-4 4.06311E-1 3.30719E-1 2.29086E-4 9.05064E-6 7.59954E-6 5.56979E-5 1.40301E-4 2.04809E-5 1.54075E-6 2.3855E-6 2.82125E-6 1.00239E-5 2.8091E-5 7.88581E-6 4.00744E-6 7.92332E-8 4.87527E-6 9.55359E-6 2.61932E-5 2.53647E-6 4.23124E-7 3.36751E-6 9.0868E-6 2.80651E-6 6.27957E-8 1.35668E-10 1.35581E-9 1.72558E-9 1.52505E-10 2.59689E-10 5.80525E-12 1.0895E-7 1.4039E-7 4.31322E-10 4.42641E-11 2.46616E-10 5.26662E-3 4.18554E-14 2.06746E-12 3.1287E-8 1.37634E-12 2.84441E-8 2.58693E-8 2.79518E-9
0E0 0E0 0E0 0E0 0E0 0E0 0E0 0E0 0E0 0E0 0E0 0E0 0E0 3.62762E-6 0E0 1.88791E-5 3.23887E-5 7.04109E-5 0E0 0E0 0E0 0E0 0E0 2.3866E-4 1.78365E-4 2.25158E-4 2.68331E-1 3.32862E-1 1.3561E-4 1.83026E-5 9.94422E-6 2.07775E-4 1.16414E-4 4.46173E-5 2.5962E-6 8.43348E-6 4.6266E-6 4.8788E-5 5.14628E-6 1.92848E-6 2.07191E-6 1.46745E-6 2.30183E-7 1.711E-6 2.08528E-6 5.04037E-6 4.34164E-6 2.92318E-6 1.91465E-5 3.20006E-5 7.35016E-6 2.45325E-9 1.65807E-10 2.65973E-8 3.6301E-10 8.63802E-10 2.76875E-11 2.80917E-9 5.51945E-10 4.44455E-8 1.7911E-5 1.02142E-7 5.3416E-4 4.83251E-10 2.64199E-8 5.00244E-9 1.17677E-11 6.89684E-11 2.81886E-12 4.44966E-12
