ENM/Final_Models/M_0.9_F_q_Set_1_EC/Gustavia_santanderiensis_Choco_stddev.asc
ncols         367
nrows         963
xllcorner     -78.6
yllcorner     0.65
cellsize      0.00833333333333323
NODATA_value  -9999
[rows 870 to 899 of 963, columns 0 to 66 of 367]
-9999 -9999 -9999 -9999 -9999 -9999 -9999 -9999 -9999 -9999 -9999 -9999 -9999 -9999 -9999 -9999 -9999 -9999 -9999 -9999 -9999 -9999 -9999 -9999 -9999 -9999 -9999 -9999 -9999 -9999 -9999 -9999 -9999 -9999 -9999 3.46063E-1 3.40464E-1 3.25906E-1 3.13605E-1 3.14668E-1 3.16617E-1 3.04126E-1 3.10733E-1 3.21473E-1 3.25823E-1 3.45776E-1 3.45841E-1 3.4429E-1 3.35232E-1 3.21174E-1 3.06538E-1 3.15845E-1 2.83759E-1 3.13393E-1 2.48604E-1 2.41984E-1 2.95861E-1 3.14053E-1 3.08572E-1 2.95894E-1 2.78083E-1 2.76053E-1 2.85072E-1 2.76079E-1 2.91483E-1 2.92915E-1 3.30661E-1
-9999 -9999 -9999 -9999 -9999 -9999 -9999 -9999 -9999 -9999 -9999 -9999 -9999 -9999 -9999 -9999 -9999 -9999 -9999 -9999 -9999 -9999 -9999 -9999 -9999 -9999 -9999 -9999 -9999 -9999 -9999 -9999 -9999 3.38293E-1 3.32359E-1 3.2827E-1 3.36361E-1 3.27839E-1 3.32637E-1 3.23514E-1 3.17291E-1 3.14222E-1 3.06689E-1 3.20592E-1 3.31245E-1 3.46925E-1 3.42805E-1 3.30383E-1 3.11659E-1 3.09637E-1 3.0542E-1 2.949E-1 3.09681E-1 2.50589E-1 2.48294E-1 2.83111E-1 2.87833E-1 2.97375E-1 2.93582E-1 2.86462E-1 2.77107E-1 2.72139E-1 2.74557E-1 2.73286E-1 2.75453E-1 2.8412E-1 3.15973E-1
-9999 -9999 -9999 -9999 -9999 -9999 -9999 -9999 -9999 -9999 -9999 -9999 -9999 -9999 -9999 -9999 -9999 -9999 -9999 -9999 -9999 -9999 -9999 -9999 -9999 -9999 -9999 -9999 -9999 -9999 -9999 -9999 3.43517E-1 3.36021E-1 3.26714E-1 3.34519E-1 3.27011E-1 3.26145E-1 3.27318E-1 3.17332E-1 3.08749E-1 3.13247E-1 3.17924E-1 3.07884E-1 3.11745E-1 3.38409E-1 3.42725E-1 3.25099E-1 3.21253E-1 3.20468E-1 3.09479E-1 3.03705E-1 2.93843E-1 2.8851E-1 2.81918E-1 2.81034E-1 2.56483E-1 2.19241E-1 2.57614E-1 2.76802E-1 2.82404E-1 2.69873E-1 2.76567E-1 2.70193E-1 2.7384E-1 2.86636E-1 3.18105E-1
-9999 -9999 -9999 -9999 -9999 -9999 -9999 -9999 -9999 -9999 -9999 -9999 -9999 -9999 -9999 -9999 -9999 -9999 -9999 -9999 -9999 -9999 -9999 -9999 -9999 -9999 -9999 -9999 -9999 -9999 -9999 3.47108E-1 3.46471E-1 3.44319E-1 3.23932E-1 3.19846E-1 3.36439E-1 3.30155E-1 3.26369E-1 3.22049E-1 3.151E-1 3.13107E-1 3.1286E-1 3.10101E-1 3.16004E-1 3.24344E-1 3.37649E-1 3.34292E-1 3.34556E-1 3.04488E-1 3.00141E-1 3.02508E-1 2.91598E-1 2.85072E-1 2.86725E-1 2.92428E-1 2.27726E-1 1.80711E-1 1.83054E-1 2.73973E-1 2.76228E-1 2.69295E-1 2.77593E-1 2.75492E-1 2.73918E-1 2.97843E-1 3.4124E-1
-9999 -9999 -9999 -9999 -9999 -9999 -9999 -9999 -9999 -9999 -9999 -9999 -9999 -9999 -9999 -9999 -9999 -9999 -9999 -9999 -9999 -9999 -9999 -9999 -9999 -9999 -9999 -9999 -9999 -9999 3.34668E-1 3.32697E-1 3.43024E-1 3.33621E-1 3.45676E-1 3.33135E-1 3.24352E-1 3.33359E-1 3.22648E-1 3.24541E-1 3.34394E-1 3.24031E-1 3.24907E-1 3.07963E-1 3.09743E-1 3.1511E-1 3.41929E-1 3.37203E-1 3.24245E-1 3.08725E-1 3.0135E-1 2.94426E-1 2.92531E-1 2.82556E-1 2.84728E-1 2.85806E-1 2.25602E-1 2.24595E-1 1.62175E-1 2.78471E-1 2.73361E-1 2.74021E-1 2.74636E-1 2.73355E-1 2.81747E-1 3.12203E-1 3.42689E-1
-9999 -9999 -9999 -9999 -9999 -9999 -9999 -9999 -9999 -9999 -9999 -9999 -9999 -9999 -9999 -9999 -9999 -9999 -9999 -9999 -9999 -9999 -9999 -9999 -9999 -9999 -9999 -9999 -9999 3.46504E-1 3.37536E-1 3.35917E-1 3.46742E-1 3.42538E-1 3.44991E-1 3.42932E-1 3.42351E-1 3.36842E-1 3.13344E-1 3.23995E-1 3.3545E-1 3.23065E-1 3.30214E-1 3.41462E-1 3.25035E-1 3.1133E-1 3.17551E-1 3.32303E-1 3.13434E-1 3.02603E-1 2.97124E-1 2.93303E-1 2.91527E-1 2.81412E-1 2.77994E-1 2.77346E-1 2.9016E-1 2.91765E-1 2.68035E-1 2.71963E-1 2.71476E-1 2.73824E-1 2.77229E-1 2.93815E-1 3.12989E-1 3.43011E-1 3.29697E-1
-9999 -9999 -9999 -9999 -9999 -9999 -9999 -9999 -9999 -9999 -9999 -9999 -9999 -9999 -9999 -9999 -9999 -9999 -9999 -9999 -9999 -9999 -9999 -9999 -9999 -9999 -9999 -9999 3.46974E-1 3.34606E-1 3.43386E-1 3.39834E-1 3.34158E-1 3.43479E-1 3.36863E-1 3.29374E-1 3.45182E-1 3.23012E-1 3.1244E-1 3.11502E-1 3.08955E-1 3.0406E-1 3.12775E-1 3.34738E-1 3.44188E-1 3.14397E-1 3.05015E-1 3.12999E-1 3.08648E-1 3.09573E-1 2.94919E-1 2.89964E-1 2.88909E-1 2.84259E-1 2.7775E-1 2.79078E-1 2.83765E-1 2.81602E-1 2.72519E-1 2.70021E-1 2.7079E-1 2.76456E-1 2.98686E-1 3.06913E-1 3.27422E-1 3.33902E-1 3.08223E-1
-9999 -9999 -9999 -9999 -9999 -9999 -9999 -9999 -9999 -9999 -9999 -9999 -9999 -9999 -9999 -9999 -9999 -9999 -9999 -9999 -9999 -9999 -9999 -9999 -9999 -9999 -9999 -9999 3.43404E-1 3.42772E-1 3.37372E-1 3.3384E-1 3.28311E-1 3.42372E-1 3.29777E-1 3.32124E-1 3.24092E-1 3.14959E-1 3.16591E-1 3.27476E-1 3.15172E-1 3.07428E-1 2.99729E-1 3.20067E-1 3.48048E-1 3.41085E-1 3.21383E-1 2.8706E-1 2.87687E-1 2.95801E-1 2.8829E-1 2.8808E-1 2.8196E-1 2.78263E-1 2.80738E-1 2.76697E-1 2.79303E-1 2.74389E-1 2.72016E-1 2.66363E-1 2.71199E-1 2.80053E-1 3.08146E-1 3.02785E-1 3.03403E-1 2.72411E-1 2.91001E-1
-9999 -9999 -9999 -9999 -9999 -9999 -9999 -9999 -9999 -9999 -9999 -9999 -9999 -9999 -9999 -9999 -9999 -9999 -9999 -9999 -9999 -9999 -9999 -9999 -9999 -9999 -9999 -9999 -9999 -9999 -9999 3.45372E-1 3.30947E-1 3.24272E-1 3.39585E-1 3.24786E-1 3.13545E-1 3.1934E-1 3.26786E-1 3.22827E-1 3.03961E-1 3.01311E-1 2.98558E-1 3.10483E-1 3.13651E-1 3.37081E-1 3.42671E-1 3.02269E-1 3.01427E-1 3.24103E-1 2.99581E-1 2.92771E-1 2.83214E-1 2.81936E-1 2.82507E-1 2.72988E-1 2.72969E-1 2.7669E-1 2.69163E-1 2.72361E-1 2.94341E-1 2.95623E-1 3.06724E-1 3.03645E-1 2.8029E-1 2.62186E-1 2.18282E-1
-9999 -9999 -9999 -9999 -9999 -9999 -9999 -9999 -9999 -9999 -9999 -9999 -9999 -9999 -9999 -9999 -9999 -9999 -9999 -9999 -9999 -9999 -9999 -9999 -9999 -9999 -9999 -9999 -9999 -9999 -9999 3.34414E-1 3.31379E-1 3.18345E-1 3.1409E-1 3.20544E-1 3.04281E-1 3.07595E-1 2.98975E-1 3.20755E-1 3.11635E-1 2.94647E-1 2.96651E-1 2.97475E-1 2.96023E-1 3.05411E-1 3.09536E-1 2.85847E-1 2.81892E-1 3.06096E-1 3.16832E-1 3.09754E-1 2.96905E-1 2.83709E-1 2.84914E-1 2.81881E-1 2.67431E-1 2.72329E-1 2.6983E-1 2.859E-1 2.9704E-1 2.8961E-1 2.79217E-1 2.60705E-1 1.45462E-1 4.87229E-2 8.03588E-2
-9999 -9999 -9999 -9999 -9999 -9999 -9999 -9999 -9999 -9999 -9999 -9999 -9999 -9999 -9999 -9999 -9999 -9999 -9999 -9999 -9999 -9999 -9999 -9999 -9999 -9999 -9999 -9999 -9999 -9999 3.39512E-1 3.22013E-1 3.28194E-1 3.17635E-1 3.09912E-1 3.18506E-1 3.0854E-1 3.04859E-1 3.02228E-1 3.11425E-1 3.14527E-1 2.95569E-1 2.93309E-1 2.91397E-1 2.96167E-1 3.07899E-1 2.98321E-1 2.93606E-1 2.86031E-1 2.91327E-1 3.03177E-1 3.23922E-1 3.12507E-1 2.86366E-1 2.6573E-1 2.77379E-1 2.75965E-1 2.69565E-1 2.71488E-1 2.8683E-1 2.87516E-1 2.51574E-1 1.17439E-1 7.19386E-2 2.1734E-2 3.34858E-2 4.73344E-2
-9999 -9999 -9999 -9999 -9999 -9999 -9999 -9999 -9999 -9999 -9999 -9999 -9999 -9999 -9999 -9999 -9999 -9999 -9999 -9999 -9999 -9999 -9999 -9999 -9999 -9999 -9999 -9999 -9999 -9999 3.28597E-1 3.11933E-1 3.09822E-1 3.07738E-1 3.07967E-1 3.08526E-1 3.18793E-1 3.03642E-1 2.97215E-1 2.95025E-1 3.00387E-1 3.02363E-1 2.89819E-1 2.93067E-1 2.90629E-1 2.90003E-1 2.94776E-1 2.92757E-1 2.96932E-1 3.04128E-1 3.00014E-1 3.13442E-1 3.39517E-1 3.22615E-1 2.76616E-1 2.68505E-1 2.72869E-1 2.63102E-1 2.6945E-1 2.81793E-1 2.55027E-1 7.92797E-2 1.70736E-2 9.81287E-3 7.24535E-3 8.17117E-3 7.55297E-3
-9999 -9999 -9999 -9999 -9999 -9999 -9999 -9999 -9999 -9999 -9999 -9999 -9999 -9999 -9999 -9999 -9999 -9999 -9999 -9999 -9999 -9999 -9999 -9999 -9999 3.47839E-1 3.43647E-1 3.40948E-1 3.38189E-1 3.44147E-1 3.33157E-1 3.18653E-1 3.112E-1 3.11012E-1 3.01599E-1 3.06164E-1 3.03856E-1 3.0806E-1 3.08179E-1 2.91152E-1 2.84199E-1 2.97112E-1 3.00084E-1 2.94021E-1 2.92505E-1 3.01905E-1 3.08181E-1 2.93539E-1 2.9766E-1 2.82801E-1 2.9543E-1 2.89255E-1 3.216E-1 3.14221E-1 3.01196E-1 2.6404E-1 2.68385E-1 2.60365E-1 2.62379E-1 2.81008E-1 2.32495E-1 3.18913E-2 4.90777E-3 1.56091E-3 1.29961E-3 8.74951E-4 9.04417E-4
-9999 -9999 -9999 -9999 -9999 -9999 -9999 -9999 -9999 -9999 -9999 -9999 -9999 -9999 -9999 -9999 -9999 -9999 -9999 -9999 -9999 -9999 3.21411E-1 3.26445E-1 3.2294E-1 3.29553E-1 3.4024E-1 3.42177E-1 3.41497E-1 3.46983E-1 3.3898E-1 3.44108E-1 3.28055E-1 3.1155E-1 3.08273E-1 3.02543E-1 2.92961E-1 2.90899E-1 2.97899E-1 2.99777E-1 2.86427E-1 2.89931E-1 2.95542E-1 2.87431E-1 2.89837E-1 3.01984E-1 2.91039E-1 2.83811E-1 2.89268E-1 2.84031E-1 2.82149E-1 2.81879E-1 3.1858E-1 3.37297E-1 3.00743E-1 3.03687E-1 2.97802E-1 2.84E-1 2.12006E-1 2.65252E-1 9.59376E-2 8.67044E-3 2.34088E-3 1.21514E-3 1.12955E-3 5.83669E-4 3.38437E-4
-9999 -9999 -9999 -9999 -9999 -9999 -9999 -9999 -9999 -9999 -9999 -9999 -9999 -9999 -9999 -9999 -9999 -9999 -9999 -9999 -9999 3.24603E-1 2.75891E-1 3.20792E-1 2.88665E-1 2.98975E-1 3.40685E-1 3.41412E-1 3.46833E-1 3.32523E-1 3.25933E-1 3.33546E-1 3.0651E-1 3.08893E-1 2.99761E-1 2.98569E-1 2.89842E-1 2.89633E-1 2.98921E-1 2.9385E-1 2.88957E-1 2.86162E-1 2.88149E-1 2.91807E-1 2.86953E-1 2.90165E-1 2.99342E-1 2.89375E-1 2.81062E-1 2.78604E-1 2.8336E-1 2.83571E-1 2.99583E-1 3.02053E-1 2.96019E-1 3.20281E-1 3.06234E-1 2.84367E-1 2.5491E-1 2.54914E-1 3.94566E-2 1.44032E-2 4.69068E-3 2.24489E-3 1.1283E-3 8.4797E-4 6.89618E-4
-9999 -9999 -9999 -9999 -9999 -9999 -9999 -9999 -9999 -9999 -9999 -9999 -9999 -9999 -9999 -9999 -9999 -9999 -9999 -9999 -9999 3.23795E-1 3.28467E-1 3.34482E-1 3.32145E-1 3.16931E-1 2.96807E-1 3.11398E-1 3.42648E-1 3.19865E-1 3.15989E-1 3.06225E-1 3.04843E-1 3.20618E-1 3.16617E-1 2.99265E-1 2.95588E-1 2.95713E-1 2.97109E-1 2.87052E-1 2.82297E-1 2.8645E-1 2.86302E-1 2.85339E-1 2.88305E-1 2.93156E-1 2.95233E-1 2.79407E-1 2.83674E-1 2.77282E-1 2.73E-1 2.80701E-1 2.91051E-1 2.90171E-1 2.84151E-1 2.51806E-1 3.00895E-1 2.84813E-1 2.62203E-1 1.96788E-1 1.17009E-1 4.27371E-2 1.02211E-2 5.08635E-3 2.56096E-3 1.63168E-3 1.62313E-3
-9999 -9999 -9999 -9999 -9999 -9999 -9999 -9999 -9999 -9999 -9999 -9999 -9999 -9999 -9999 -9999 -9999 -9999 -9999 -9999 -9999 3.05261E-1 3.4083E-1 3.40682E-1 3.29122E-1 3.30898E-1 3.06188E-1 3.14981E-1 3.33571E-1 3.23426E-1 3.26207E-1 3.16822E-1 3.07572E-1 3.13032E-1 3.14816E-1 3.02449E-1 2.97528E-1 2.82731E-1 2.84344E-1 2.908E-1 2.86993E-1 2.84517E-1 2.85145E-1 2.82616E-1 2.86155E-1 2.97317E-1 2.95048E-1 2.83665E-1 2.76028E-1 2.79491E-1 2.72402E-1 2.77403E-1 2.68171E-1 2.7122E-1 2.6439E-1 2.09837E-1 3.05393E-1 2.93037E-1 2.57966E-1 1.20082E-1 1.35097E-1 5.67925E-2 1.5189E-2 6.72622E-3 4.56797E-3 2.83852E-3 2.20033E-3
-9999 -9999 -9999 -9999 -9999 -9999 -9999 -9999 -9999 -9999 -9999 -9999 -9999 -9999 -9999 -9999 -9999 -9999 -9999 -9999 -9999 -9999 3.20496E-1 3.37216E-1 3.34122E-1 3.48016E-1 3.47894E-1 3.27866E-1 3.19842E-1 3.38454E-1 3.49615E-1 3.49269E-1 3.47943E-1 3.22879E-1 3.08647E-1 3.1635E-1 2.99571E-1 2.89916E-1 2.86974E-1 2.89827E-1 2.81602E-1 2.83877E-1 2.83154E-1 2.84129E-1 2.89056E-1 2.87486E-1 2.83172E-1 2.82954E-1 2.77804E-1 2.89629E-1 2.83838E-1 2.71359E-1 2.68565E-1 2.69036E-1 2.45828E-1 2.6245E-1 2.823E-1 2.96064E-1 2.82295E-1 2.50973E-1 1.57433E-1 4.1993E-2 1.24821E-2 4.03263E-3 3.22168E-3 3.04768E-3 1.75059E-3
-9999 -9999 -9999 -9999 -9999 -9999 -9999 -9999 -9999 -9999 -9999 -9999 -9999 -9999 -9999 -9999 -9999 -9999 -9999 -9999 -9999 -9999 3.21079E-1 3.28116E-1 3.38725E-1 3.34861E-1 3.36625E-1 3.41616E-1 3.41035E-1 3.01482E-1 2.97993E-1 3.43847E-1 3.49155E-1 3.062E-1 3.37485E-1 3.17955E-1 3.07592E-1 2.95242E-1 2.87631E-1 2.88073E-1 2.82092E-1 2.85721E-1 3.00145E-1 2.81287E-1 2.81672E-1 2.84101E-1 2.8719E-1 2.92804E-1 2.87118E-1 2.8255E-1 2.74841E-1 2.7346E-1 2.67521E-1 2.31068E-1 7.62458E-2 6.64255E-2 1.5164E-1 2.31436E-1 2.77094E-1 2.52177E-1 1.98187E-1 6.88866E-2 1.40259E-2 7.93834E-3 4.79795E-3 4.05533E-3 3.57556E-3
-9999 -9999 -9999 -9999 -9999 -9999 -9999 -9999 -9999 -9999 -9999 -9999 -9999 -9999 -9999 -9999 -9999 -9999 -9999 -9999 -9999 -9999 3.29078E-1 3.42291E-1 3.38022E-1 3.31697E-1 3.36164E-1 3.37579E-1 3.24843E-1 3.37246E-1 3.34983E-1 3.28899E-1 3.45497E-1 3.27836E-1 3.34496E-1 3.14608E-1 3.11171E-1 2.92888E-1 2.918E-1 2.88496E-1 2.93911E-1 3.16738E-1 2.97393E-1 3.21378E-1 3.2855E-1 3.26483E-1 3.25113E-1 3.04431E-1 2.92773E-1 2.80887E-1 2.85079E-1 2.75824E-1 2.6533E-1 1.66311E-1 2.59394E-2 1.11788E-2 1.11162E-2 9.93608E-2 2.56911E-1 2.5877E-1 2.1152E-1 1.59208E-1 5.8517E-2 1.73027E-2 8.22868E-3 5.24381E-3 3.88577E-3
-9999 -9999 -9999 -9999 -9999 -9999 -9999 -9999 -9999 -9999 -9999 -9999 -9999 -9999 -9999 -9999 -9999 -9999 -9999 -9999 -9999 -9999 3.37984E-1 3.32938E-1 3.35438E-1 3.29209E-1 3.33491E-1 3.38889E-1 3.34361E-1 3.33107E-1 3.45895E-1 3.41288E-1 3.39029E-1 3.05652E-1 3.10875E-1 3.24804E-1 3.48033E-1 3.20986E-1 3.10601E-1 3.01999E-1 3.26109E-1 3.47733E-1 3.36729E-1 3.46474E-1 3.49386E-1 3.47517E-1 3.13832E-1 2.86971E-1 2.85157E-1 2.75308E-1 2.69828E-1 2.70701E-1 2.41215E-1 1.03935E-1 1.35261E-2 2.33404E-3 4.64604E-3 2.53016E-2 1.57448E-1 2.63032E-1 2.42411E-1 9.86029E-2 2.95461E-2 1.44818E-2 7.45423E-3 5.03189E-3 2.94991E-3
-9999 -9999 -9999 -9999 -9999 -9999 -9999 -9999 -9999 -9999 -9999 -9999 -9999 -9999 -9999 -9999 -9999 -9999 -9999 -9999 -9999 -9999 -9999 3.24342E-1 3.32442E-1 3.37485E-1 3.41713E-1 3.36459E-1 3.31117E-1 3.40523E-1 3.41067E-1 3.47666E-1 3.45239E-1 3.34396E-1 3.37884E-1 3.40938E-1 3.22339E-1 3.49282E-1 3.47813E-1 3.39573E-1 3.30722E-1 3.43449E-1 3.4173E-1 3.40551E-1 3.12952E-1 3.06009E-1 2.99621E-1 2.86921E-1 2.80899E-1 2.69838E-1 2.48925E-1 2.34556E-1 2.1389E-1 5.50334E-2 9.91428E-3 1.11309E-3 4.77803E-3 4.43826E-2 1.94298E-1 2.71931E-1 2.2613E-1 6.93123E-2 9.40259E-3 5.72543E-3 5.21104E-3 4.44812E-3 8.63804E-3
-9999 -9999 -9999 -9999 -9999 -9999 -9999 -9999 -9999 -9999 -9999 -9999 -9999 -9999 -9999 -9999 -9999 -9999 -9999 -9999 -9999 -9999 -9999 3.37688E-1 3.28374E-1 3.29866E-1 3.39572E-1 3.29052E-1 3.36176E-1 3.3723E-1 3.39784E-1 3.32665E-1 3.26742E-1 3.39906E-1 3.3074E-1 3.3611E-1 3.36534E-1 3.27018E-1 3.28145E-1 3.32746E-1 3.38276E-1 3.39429E-1 3.4569E-1 3.21603E-1 3.30644E-1 3.0895E-1 3.31454E-1 3.00141E-1 2.76791E-1 2.69208E-1 2.58449E-1 2.12224E-1 7.80604E-2 2.10105E-2 6.61465E-3 1.89885E-3 4.98906E-3 2.52344E-2 2.01356E-1 2.20529E-1 2.23744E-1 9.96291E-2 1.10758E-2 6.24551E-3 9.72938E-3 9.36428E-2 4.6612E-2
-9999 -9999 -9999 -9999 -9999 -9999 -9999 -9999 -9999 -9999 -9999 -9999 -9999 -9999 -9999 -9999 -9999 -9999 -9999 -9999 -9999 -9999 -9999 -9999 -9999 3.25412E-1 3.25638E-1 3.39859E-1 3.32019E-1 3.46197E-1 3.44811E-1 3.26061E-1 3.39502E-1 3.32926E-1 3.46586E-1 3.35774E-1 3.33243E-1 3.19858E-1 3.28557E-1 3.31645E-1 3.40717E-1 3.50587E-1 3.38794E-1 3.28059E-1 3.45482E-1 3.28638E-1 3.28984E-1 3.13292E-1 2.87393E-1 2.73297E-1 2.701E-1 2.60293E-1 1.72518E-1 2.86883E-2 1.08776E-2 3.35656E-3 9.92707E-3 3.84407E-2 1.60125E-1 1.91807E-1 2.2903E-1 1.72359E-1 2.24657E-2 1.40523E-2 4.34065E-2 1.3431E-1 1.12413E-1
-9999 -9999 -9999 -9999 -9999 -9999 -9999 -9999 -9999 -9999 -9999 -9999 -9999 -9999 -9999 -9999 -9999 -9999 -9999 -9999 -9999 3.26521E-1 3.21603E-1 -9999 -9999 3.18469E-1 3.0653E-1 3.1235E-1 3.2247E-1 3.24242E-1 3.35835E-1 3.21127E-1 3.329E-1 3.43835E-1 3.33059E-1 3.11455E-1 3.02273E-1 3.06068E-1 3.08024E-1 3.27537E-1 3.11127E-1 3.19474E-1 3.2691E-1 3.36263E-1 3.39883E-1 3.34911E-1 3.28812E-1 2.86641E-1 2.91449E-1 2.79842E-1 2.71429E-1 2.62627E-1 1.44085E-1 2.04385E-2 1.02836E-2 3.89745E-3 1.3027E-2 8.02643E-2 1.81477E-1 2.25483E-1 1.7335E-1 1.80925E-1 7.54773E-2 1.47189E-1 1.47566E-1 1.99707E-1 1.35175E-1
-9999 -9999 -9999 -9999 -9999 -9999 -9999 -9999 -9999 -9999 -9999 -9999 -9999 -9999 -9999 -9999 -9999 -9999 -9999 -9999 -9999 2.96298E-1 3.03887E-1 3.11567E-1 3.07101E-1 3.03235E-1 2.93355E-1 2.89644E-1 3.01644E-1 3.02482E-1 3.01125E-1 3.00291E-1 3.1356E-1 3.36608E-1 3.49357E-1 3.19399E-1 2.98131E-1 2.91136E-1 2.92282E-1 2.97655E-1 2.85752E-1 2.94842E-1 3.05895E-1 3.23066E-1 3.24461E-1 3.01311E-1 2.8796E-1 2.73305E-1 2.7687E-1 2.74398E-1 2.69924E-1 2.60107E-1 8.82447E-2 2.22338E-2 3.92042E-3 2.14342E-3 7.30939E-3 6.56018E-2 2.15943E-1 2.45519E-1 1.16538E-1 1.65524E-1 1.5104E-1 7.31101E-2 9.37449E-2 6.67601E-2 1.12084E-1
-9999 -9999 -9999 -9999 -9999 -9999 -9999 -9999 -9999 -9999 -9999 -9999 -9999 -9999 -9999 -9999 -9999 -9999 -9999 -9999 3.18203E-1 3.09262E-1 3.03187E-1 2.81458E-1 2.83001E-1 2.90256E-1 2.83455E-1 2.77712E-1 2.8333E-1 2.82463E-1 2.85749E-1 2.86675E-1 2.90782E-1 2.94907E-1 3.26545E-1 3.19863E-1 3.07375E-1 2.83157E-1 2.80175E-1 2.82065E-1 2.8558E-1 3.31405E-1 3.25832E-1 3.13382E-1 2.97363E-1 2.86417E-1 2.66987E-1 2.49845E-1 2.41398E-1 2.61064E-1 2.36838E-1 1.35522E-1 5.74526E-2 1.9254E-2 7.97949E-3 1.87909E-3 5.89077E-3 9.04815E-2 1.82643E-1 2.06609E-1 8.47914E-2 3.40538E-2 1.21039E-2 5.21758E-3 1.877E-3 4.84158E-3 6.37744E-3
-9999 -9999 -9999 -9999 -9999 -9999 -9999 -9999 -9999 -9999 -9999 -9999 -9999 -9999 -9999 -9999 -9999 -9999 -9999 -9999 3.14822E-1 3.11449E-1 2.90345E-1 2.8802E-1 2.70219E-1 2.74036E-1 2.70751E-1 2.72808E-1 2.74634E-1 2.72127E-1 2.82387E-1 2.78293E-1 2.99246E-1 3.05883E-1 3.15977E-1 3.09549E-1 3.06473E-1 2.94059E-1 2.86455E-1 2.75795E-1 2.83702E-1 3.22688E-1 3.49329E-1 3.32494E-1 2.9996E-1 2.83804E-1 2.38447E-1 8.94919E-2 6.86031E-2 1.2699E-1 1.64151E-1 8.03463E-2 3.84914E-2 1.28328E-2 3.08435E-3 1.24066E-3 5.49114E-3 1.01987E-1 7.30391E-2 1.99852E-1 1.82024E-1 5.24101E-2 9.54791E-3 2.07425E-3 1.00489E-3 6.77807E-4 2.56218E-3
-9999 -9999 -9999 -9999 -9999 -9999 -9999 -9999 -9999 -9999 -9999 -9999 -9999 -9999 -9999 -9999 -9999 -9999 -9999 -9999 3.0984E-1 3.09459E-1 3.11482E-1 2.8063E-1 2.74788E-1 2.76612E-1 2.65002E-1 2.69724E-1 2.70381E-1 2.73063E-1 2.94258E-1 2.82145E-1 3.08387E-1 2.85496E-1 3.08351E-1 2.99301E-1 2.94933E-1 2.80547E-1 2.85356E-1 2.74925E-1 2.83438E-1 3.17132E-1 3.40625E-1 3.45631E-1 3.23486E-1 2.84818E-1 2.38451E-1 6.28281E-2 2.44616E-2 3.15408E-2 3.10662E-2 3.20434E-2 2.25396E-2 6.78823E-3 2.47574E-3 8.55514E-4 2.52624E-3 1.16682E-2 4.64971E-2 1.08557E-1 2.2132E-1 6.80264E-2 1.26818E-2 2.15746E-3 1.31272E-3 2.70949E-4 4.31621E-4
-9999 -9999 -9999 -9999 -9999 -9999 -9999 -9999 -9999 -9999 -9999 -9999 -9999 -9999 -9999 -9999 -9999 -9999 -9999 -9999 -9999 3.11273E-1 3.21346E-1 3.11742E-1 2.76217E-1 2.62331E-1 2.70968E-1 2.9056E-1 2.91118E-1 3.03733E-1 2.97752E-1 2.98266E-1 2.9784E-1 2.86365E-1 2.81695E-1 3.01583E-1 3.01523E-1 2.83908E-1 2.81636E-1 2.83064E-1 2.94827E-1 3.18904E-1 3.37635E-1 3.44826E-1 3.12569E-1 2.83622E-1 2.58893E-1 1.55684E-1 3.93308E-2 1.72395E-2 1.7273E-2 1.45975E-2 8.15298E-3 4.34229E-3 1.64091E-3 7.59067E-4 1.47875E-3 4.07924E-3 9.31166E-3 3.04608E-2 2.12122E-1 1.44307E-1 3.80161E-2 4.18584E-3 1.86601E-3 6.61489E-4 3.79677E-4
