ENM/Final_Models/M_0.9_F_q_Set_1_EC/Gustavia_santanderiensis_4_Choco_clamping.asc
ncols         367
nrows         963
xllcorner     -78.6
yllcorner     0.65
cellsize      0.00833333333333323
NODATA_value  -9999
[rows 682 to 712 of 963, columns 140 to 209 of 367]
3.04756E-12 5.12923E-14 0E0 0E0 0E0 0E0 1.11022E-16 0E0 5.46896E-13 1.39922E-10 0E0 1.11022E-16 3.70849E-11 2.58689E-9 2.01083E-10 5.94991E-9 5.93026E-12 9.74929E-10 1.37822E-4 3.64222E-4 4.11944E-4 1.18213E-3 9.53362E-4 5.58938E-5 1.4179E-4 3.10083E-3 1.73979E-5 1.47984E-5 9.21875E-4 8.31832E-3 5.47552E-3 4.0341E-3 2.38387E-4 5.26365E-5 6.85886E-4 2.11009E-3 8.50028E-4 4.43734E-4 0E0 0E0 0E0 0E0 0E0 2.95737E-4 5.34291E-5 0E0 0E0 0E0 0E0 0E0 0E0 0E0 0E0 0E0 0E0 0E0 0E0 0E0 0E0 0E0 0E0 0E0 0E0 0E0 0E0 0E0 0E0 0E0 0E0 0E0
1.5099E-14 4.12337E-13 6.12843E-14 0E0 2.22045E-16 1.9984E-15 1.22236E-13 3.33067E-16 5.16254E-13 0E0 3.72128E-11 1.4972E-8 2.88303E-12 2.20857E-9 7.38445E-10 3.35183E-8 1.55356E-6 2.73226E-8 2.47732E-4 6.66897E-5 2.21474E-4 3.72938E-4 5.38622E-5 2.92168E-5 1.34133E-3 1.06499E-3 1.39783E-3 2.2685E-3 8.81451E-4 3.41759E-3 6.25641E-3 3.35623E-3 4.97448E-4 1.42175E-3 1.32324E-3 2.08848E-4 6.45529E-5 9.60312E-4 6.32384E-4 0E0 0E0 0E0 0E0 0E0 0E0 0E0 0E0 0E0 3.10709E-4 9.50237E-4 2.2833E-5 0E0 0E0 0E0 0E0 0E0 0E0 0E0 0E0 0E0 0E0 0E0 0E0 0E0 0E0 0E0 0E0 0E0 0E0 0E0
1.9984E-15 2.0095E-14 0E0 -9999 0E0 2.72282E-12 8.54872E-15 2.7941E-12 3.45852E-11 4.06448E-11 2.99982E-13 2.6743E-7 1.34861E-9 8.21898E-13 1.08597E-9 5.37301E-10 5.15399E-12 8.54226E-6 1.5153E-4 1.94194E-5 1.17E-5 2.84759E-5 1.35116E-5 2.72954E-6 1.99777E-4 1.02329E-3 8.66307E-4 3.27185E-4 6.80002E-5 5.88102E-3 2.62701E-3 2.20223E-3 3.10834E-3 1.70333E-3 3.6396E-4 3.70617E-4 4.37268E-5 1.4856E-5 1.04263E-3 7.44737E-5 0E0 0E0 0E0 0E0 0E0 0E0 0E0 0E0 3.28126E-4 1.53519E-4 0E0 0E0 0E0 0E0 0E0 0E0 0E0 0E0 0E0 0E0 0E0 0E0 0E0 0E0 0E0 0E0 0E0 0E0 0E0 0E0
0E0 0E0 0E0 0E0 1.11022E-16 -9999 8.58313E-11 0E0 2.22045E-16 1.05804E-13 2.7835E-11 6.12536E-9 5.68197E-8 4.94604E-13 3.20962E-10 4.30331E-10 3.71849E-9 1.9237E-6 9.31687E-5 9.59047E-4 1.48427E-5 1.54216E-4 7.05277E-6 4.46094E-6 3.53117E-5 2.29284E-3 6.02126E-4 1.88014E-5 3.33777E-4 4.44802E-3 2.99848E-3 3.13365E-3 3.67275E-3 4.85537E-3 1.32766E-3 5.65909E-4 1.23087E-4 8.41592E-5 6.45406E-4 3.61976E-4 2.47E-4 3.80449E-4 0E0 0E0 0E0 0E0 0E0 0E0 2.59483E-5 1.39619E-4 6.54059E-5 0E0 0E0 0E0 0E0 0E0 0E0 0E0 0E0 0E0 0E0 0E0 0E0 0E0 0E0 0E0 0E0 0E0 0E0 4.38917E-7
0E0 0E0 0E0 0E0 0E0 1.2097E-12 2.22045E-16 -9999 3.31679E-11 5.75651E-13 3.29983E-9 1.11022E-15 1.44329E-15 9.96101E-6 1.3999E-6 4.77548E-9 3.15094E-7 1.76016E-7 5.58541E-4 1.74511E-4 1.17496E-5 1.16072E-6 1.17612E-5 2.12963E-5 1.31773E-4 5.96707E-6 2.59366E-5 1.27096E-5 2.53818E-4 1.52413E-3 1.75345E-3 6.82073E-5 9.6115E-4 8.63591E-4 9.79118E-4 7.47457E-4 1.41823E-5 7.79533E-4 6.93611E-4 4.42223E-4 4.36401E-4 2.58336E-4 2.85927E-4 0E0 0E0 0E0 7.3694E-5 1.86781E-4 2.20482E-4 4.74887E-4 0E0 0E0 0E0 0E0 0E0 0E0 0E0 0E0 0E0 0E0 0E0 0E0 0E0 0E0 0E0 0E0 3.17831E-8 0E0 0E0 0E0
3.33067E-16 1.88738E-15 1.9984E-15 1.11022E-16 4.44089E-16 2.22045E-16 3.29536E-12 1.33227E-15 6.89975E-10 4.40314E-13 2.72113E-10 3.21965E-15 2.80997E-13 1.14561E-8 5.81209E-6 6.46747E-6 5.34312E-5 7.49554E-6 7.27154E-6 9.93473E-4 2.10973E-5 4.87931E-5 4.17468E-6 1.08512E-5 3.65248E-6 3.22545E-4 2.73641E-3 3.25124E-4 3.93552E-4 1.35301E-3 4.25461E-3 2.70959E-3 5.62929E-4 1.3934E-5 5.06216E-5 4.25969E-4 7.23127E-4 3.14398E-4 2.52664E-4 0E0 6.55059E-5 4.17577E-4 2.89698E-4 0E0 0E0 0E0 2.8136E-5 5.08743E-5 3.44026E-4 0E0 0E0 0E0 0E0 0E0 0E0 0E0 0E0 0E0 0E0 0E0 0E0 0E0 0E0 0E0 0E0 0E0 0E0 0E0 0E0 0E0
3.33067E-16 8.32667E-15 3.46279E-13 1.11022E-16 3.33067E-16 1.02585E-13 0E0 7.54952E-15 7.88258E-15 0E0 6.66134E-16 4.62919E-12 1.11022E-16 1.65059E-9 8.72524E-13 3.28014E-7 5.49493E-11 3.31821E-8 3.53032E-4 5.94109E-6 3.77266E-9 9.53482E-11 2.79961E-8 1.24885E-4 2.9453E-4 1.06637E-3 2.47536E-5 9.87263E-6 1.01136E-3 4.21477E-4 6.02884E-4 2.32904E-4 1.13379E-4 1.81808E-7 1.08239E-5 1.83429E-5 1.02458E-4 7.55272E-4 8.67476E-4 1.04713E-3 7.20569E-4 1.9975E-4 9.56917E-5 1.17112E-4 0E0 1.99608E-4 2.23903E-4 2.06834E-5 0E0 0E0 0E0 0E0 0E0 0E0 0E0 0E0 0E0 0E0 0E0 0E0 0E0 0E0 0E0 0E0 0E0 0E0 0E0 0E0 0E0 0E0
7.88258E-15 0E0 3.2685E-13 0E0 3.33067E-16 0E0 3.13083E-14 9.99201E-15 3.9857E-14 6.55215E-11 0E0 1.49381E-9 0E0 1.69087E-13 3.1868E-11 1.42574E-9 4.62427E-9 1.15689E-4 3.35442E-5 4.59435E-9 6.15307E-9 1.98007E-9 6.22867E-7 9.69925E-4 5.33075E-4 3.41389E-4 3.55154E-6 7.11798E-7 1.75289E-3 6.59781E-4 1.184E-3 1.44825E-4 4.45702E-5 2.2515E-5 4.18276E-5 2.04602E-4 1.34956E-3 1.38771E-4 2.56408E-4 2.82514E-5 4.88395E-5 9.07243E-5 6.6395E-5 2.96941E-4 0E0 5.36151E-6 1.68763E-4 0E0 0E0 0E0 0E0 0E0 0E0 0E0 0E0 0E0 0E0 0E0 0E0 0E0 0E0 0E0 0E0 0E0 0E0 0E0 0E0 1.04748E-5 0E0 0E0
0E0 1.98619E-13 0E0 1.34892E-13 1.33227E-15 0E0 1.02141E-14 6.90586E-10 2.19824E-12 1.35917E-8 4.7955E-9 4.83714E-8 0E0 1.32228E-13 1.11022E-16 3.94828E-8 7.86619E-9 3.77009E-9 6.33125E-5 1.51968E-8 4.32245E-6 1.28722E-5 2.30265E-4 2.29542E-4 1.30924E-5 1.77335E-4 5.00996E-6 1.5288E-4 3.5515E-5 5.52781E-4 4.21099E-4 1.13086E-3 2.59878E-3 2.52687E-3 1.23792E-3 8.17087E-4 1.68485E-3 6.74077E-5 5.41213E-4 2.10367E-4 1.58495E-4 8.9484E-5 1.16815E-5 5.14192E-5 0E0 0E0 0E0 0E0 0E0 0E0 0E0 0E0 0E0 0E0 0E0 0E0 0E0 0E0 0E0 0E0 0E0 0E0 0E0 0E0 0E0 0E0 0E0 0E0 0E0 0E0
8.88178E-16 0E0 0E0 1.9984E-15 0E0 4.88498E-15 1.30693E-7 1.32255E-11 2.70837E-11 2.23668E-10 3.2474E-13 3.47524E-6 6.22835E-14 2.8888E-13 2.3295E-9 -9999 8.12683E-14 4.02361E-10 -9999 5.22179E-11 2.62181E-7 6.07265E-7 1.17781E-5 6.94977E-8 4.57571E-8 7.80826E-8 1.39847E-7 3.89602E-9 1.1954E-10 3.89598E-4 9.83304E-4 6.52769E-4 5.87104E-6 1.58721E-4 1.84809E-3 1.61535E-3 2.38917E-4 4.33857E-3 3.96075E-3 1.12231E-3 8.34746E-4 3.09256E-3 1.81029E-3 1.21278E-3 0E0 0E0 0E0 0E0 0E0 0E0 0E0 0E0 0E0 0E0 0E0 0E0 0E0 0E0 0E0 0E0 0E0 0E0 0E0 0E0 0E0 0E0 2.8699E-6 0E0 0E0 0E0
0E0 0E0 0E0 1.17684E-14 1.25633E-12 0E0 6.27133E-8 4.44089E-16 6.8366E-11 9.76996E-15 5.70322E-13 1.07448E-11 6.19094E-8 8.23182E-8 5.21551E-8 2.94209E-13 1.04472E-13 3.77132E-12 7.50844E-13 5.55112E-16 6.11637E-10 4.36215E-5 1.10747E-5 3.22501E-6 4.53529E-10 1.40133E-5 6.7704E-6 8.10952E-8 4.37998E-10 0E0 1.32868E-5 2.95084E-3 1.0397E-3 8.92877E-4 1.70732E-3 1.41836E-3 2.2257E-3 7.43524E-4 0E0 2.26783E-4 2.02864E-4 3.20668E-4 0E0 0E0 0E0 0E0 0E0 0E0 0E0 0E0 0E0 0E0 0E0 0E0 0E0 0E0 0E0 0E0 0E0 0E0 0E0 0E0 0E0 0E0 0E0 0E0 2.63757E-6 0E0 0E0 0E0
1.9984E-15 1.39444E-13 0E0 0E0 0E0 5.29222E-10 7.99361E-15 2.92765E-10 8.23295E-11 1.13315E-11 4.24638E-12 6.0425E-12 3.27159E-10 1.17684E-14 9.55902E-14 1.77114E-12 1.76701E-11 7.26395E-7 2.46873E-8 1.44411E-6 2.54756E-4 1.52323E-4 2.18612E-4 2.75762E-8 1.03876E-4 6.00555E-7 1.52903E-4 9.48424E-5 1.31689E-4 2.8245E-5 4.80387E-6 2.22396E-4 7.64009E-5 1.73332E-6 1.76707E-4 5.23267E-5 6.74189E-4 2.89412E-3 1.69245E-4 0E0 0E0 0E0 0E0 0E0 0E0 0E0 0E0 0E0 0E0 0E0 0E0 0E0 0E0 0E0 0E0 0E0 0E0 0E0 0E0 0E0 0E0 0E0 0E0 0E0 0E0 0E0 0E0 0E0 0E0 0E0
0E0 0E0 0E0 1.40998E-14 7.80553E-12 2.55221E-11 1.11022E-16 2.12614E-8 1.62893E-9 9.96341E-11 1.9133E-10 6.46398E-9 6.69134E-8 2.22548E-9 2.9503E-9 2.91496E-8 1.46991E-4 9.55143E-5 1.3829E-8 -9999 4.55129E-4 2.6781E-5 9.76186E-7 1.83832E-8 6.04595E-9 1.12041E-4 9.58757E-5 3.87867E-4 5.53299E-4 2.46822E-5 4.35268E-4 2.444E-6 7.54749E-5 5.97653E-4 6.40715E-4 5.21169E-4 3.65819E-4 2.70591E-5 0E0 0E0 0E0 0E0 0E0 0E0 0E0 0E0 0E0 7.60058E-5 0E0 0E0 0E0 0E0 0E0 0E0 0E0 0E0 0E0 0E0 0E0 0E0 0E0 0E0 0E0 0E0 0E0 0E0 0E0 0E0 0E0 0E0
0E0 0E0 0E0 0E0 1.44329E-15 1.88738E-15 1.15463E-14 6.60038E-9 5.06519E-9 1.72223E-10 3.39229E-12 2.3348E-13 1.28534E-7 3.1101E-8 2.3071E-9 2.28637E-6 4.40668E-6 2.1486E-7 5.01516E-10 3.05545E-7 3.25004E-5 6.37941E-7 5.2416E-9 1.94811E-7 8.57733E-11 3.20588E-9 1.25724E-6 2.62136E-4 9.65807E-5 3.50676E-4 6.13487E-5 3.44844E-5 8.94571E-5 8.89245E-5 6.23981E-6 1.48298E-3 1.8416E-5 0E0 0E0 0E0 0E0 0E0 0E0 0E0 0E0 0E0 0E0 1.07131E-4 1.38498E-4 6.53686E-6 0E0 0E0 0E0 0E0 0E0 0E0 0E0 0E0 0E0 0E0 0E0 0E0 0E0 0E0 0E0 3.70733E-6 0E0 0E0 0E0 0E0
8.69416E-13 0E0 4.66294E-15 3.33067E-16 0E0 2.22045E-16 1.14131E-13 5.65394E-11 2.4187E-10 1.79996E-10 8.7815E-10 1.28786E-14 1.02824E-7 3.41927E-8 3.36441E-10 5.40198E-9 2.48666E-7 5.03207E-7 8.4062E-9 8.52634E-6 1.55788E-5 7.21388E-4 1.42084E-8 5.15491E-8 2.04059E-13 2.6068E-13 7.10543E-15 4.20655E-6 3.0023E-6 2.04133E-4 2.80234E-4 1.85088E-5 1.98248E-5 1.50448E-5 2.5742E-6 2.32258E-4 3.6333E-4 0E0 0E0 0E0 0E0 0E0 0E0 0E0 0E0 0E0 0E0 2.09435E-5 3.32079E-5 3.12378E-5 5.83292E-5 1.99356E-5 0E0 0E0 0E0 0E0 0E0 0E0 0E0 0E0 0E0 0E0 0E0 0E0 0E0 0E0 0E0 0E0 0E0 0E0
0E0 1.47027E-12 9.32587E-15 2.22045E-16 0E0 0E0 4.75175E-14 1.26061E-6 9.18732E-10 9.46555E-8 3.94408E-9 2.22597E-7 1.93567E-7 3.39685E-6 1.50265E-7 3.22475E-7 6.0131E-10 8.24834E-8 1.59788E-5 6.08858E-7 1.02103E-7 7.76585E-6 8.66069E-6 3.17695E-11 0E0 1.11022E-16 0E0 3.07299E-12 1.76525E-14 5.60595E-11 6.60755E-6 2.24519E-4 2.11262E-6 3.64793E-8 1.46507E-8 4.95906E-4 4.74957E-5 0E0 0E0 4.24593E-6 0E0 0E0 0E0 0E0 0E0 0E0 0E0 0E0 0E0 3.32918E-4 0E0 0E0 0E0 0E0 0E0 0E0 0E0 0E0 0E0 0E0 0E0 0E0 0E0 0E0 0E0 0E0 0E0 0E0 0E0 -9999
0E0 0E0 1.12737E-10 5.15992E-11 3.33067E-16 0E0 0E0 8.41549E-14 2.36657E-8 4.21585E-11 7.40624E-7 1.72183E-6 1.39056E-6 5.31345E-8 1.07851E-9 6.07385E-7 7.11613E-7 1.29563E-12 1.15352E-13 2.33009E-7 1.94629E-4 5.15186E-9 5.31655E-8 6.63445E-7 -9999 0E0 1.11022E-16 0E0 0E0 0E0 0E0 0E0 6.13939E-7 9.39287E-7 3.37219E-5 1.57208E-3 9.88294E-5 0E0 0E0 0E0 4.56312E-5 2.53758E-5 0E0 0E0 0E0 0E0 0E0 0E0 0E0 0E0 0E0 0E0 0E0 0E0 0E0 0E0 0E0 0E0 0E0 0E0 0E0 0E0 0E0 0E0 0E0 0E0 0E0 0E0 0E0 -9999
0E0 0E0 1.22125E-15 1.35971E-10 8.65974E-15 2.22045E-16 0E0 6.37268E-14 4.124E-10 5.03353E-10 1.36737E-5 8.41233E-9 1.0087E-6 8.91336E-8 3.36649E-7 3.90025E-10 4.1236E-8 7.06626E-10 6.79444E-8 1.15457E-9 2.49476E-11 3.93019E-14 0E0 4.45734E-5 1.42324E-11 -9999 0E0 0E0 0E0 0E0 0E0 0E0 0E0 0E0 0E0 7.14749E-5 6.0839E-4 4.28393E-6 0E0 0E0 2.11837E-4 2.35177E-4 9.13397E-5 5.51242E-6 0E0 0E0 0E0 0E0 0E0 0E0 0E0 0E0 0E0 0E0 0E0 0E0 0E0 0E0 0E0 0E0 0E0 0E0 0E0 1.27694E-7 0E0 0E0 0E0 0E0 -9999 -9999
0E0 1.55431E-15 3.07948E-10 1.60812E-11 1.24789E-13 4.11005E-13 1.02096E-10 7.77156E-16 4.09133E-10 2.08165E-8 3.26478E-8 2.49682E-7 9.22964E-10 2.05959E-7 1.75599E-7 2.97212E-5 4.87886E-9 3.48716E-9 6.04507E-6 1.12918E-9 8.06646E-9 7.77156E-16 2.83227E-9 2.82785E-5 -9999 0E0 0E0 0E0 0E0 0E0 0E0 0E0 0E0 0E0 0E0 0E0 2.6421E-5 1.67723E-4 0E0 0E0 4.5343E-5 6.1864E-5 0E0 3.39631E-5 0E0 0E0 0E0 0E0 0E0 0E0 0E0 0E0 0E0 0E0 0E0 0E0 0E0 0E0 0E0 0E0 0E0 0E0 0E0 0E0 0E0 0E0 0E0 -9999 -9999 -9999
2.15917E-11 3.85025E-13 6.3427E-13 8.5531E-10 2.92627E-9 8.38485E-12 1.56726E-10 9.28879E-12 2.5847E-10 8.95395E-13 7.29898E-9 1.93967E-12 1.14853E-10 4.48821E-10 5.85823E-8 3.16896E-5 7.08698E-7 3.73559E-8 1.93767E-7 1.1499E-4 1.04361E-14 1.80456E-6 1.36948E-8 3.8703E-6 5.32933E-9 1.34978E-10 0E0 0E0 0E0 0E0 0E0 0E0 0E0 0E0 0E0 0E0 0E0 0E0 7.2976E-6 1.4037E-4 0E0 0E0 0E0 0E0 0E0 4.79744E-4 0E0 0E0 0E0 0E0 0E0 0E0 0E0 0E0 0E0 0E0 0E0 0E0 0E0 0E0 0E0 0E0 0E0 0E0 0E0 0E0 0E0 -9999 -9999 -9999
6.82787E-14 2.3968E-11 6.80058E-11 1.91931E-10 2.72445E-8 2.19385E-10 1.63072E-10 9.05636E-8 2.22045E-16 5.9272E-11 4.81271E-11 9.66279E-10 8.28095E-9 1.53211E-13 2.23386E-6 7.71909E-8 2.39548E-6 7.57118E-7 7.48402E-7 3.58565E-7 1.88016E-10 1.08463E-6 2.37385E-7 1.30411E-4 7.87236E-8 0E0 0E0 3.96015E-9 0E0 0E0 0E0 0E0 0E0 0E0 0E0 0E0 0E0 0E0 1.83453E-3 4.20576E-4 5.62151E-5 0E0 0E0 0E0 0E0 4.65616E-7 0E0 0E0 0E0 0E0 0E0 0E0 0E0 0E0 0E0 0E0 0E0 0E0 0E0 0E0 0E0 0E0 0E0 0E0 0E0 0E0 -9999 -9999 -9999 -9999
1.0235E-11 2.74945E-10 2.85496E-11 3.40945E-10 1.31306E-7 4.78309E-9 8.33933E-12 7.20468E-12 2.01007E-8 7.4491E-9 3.41704E-8 4.44198E-9 2.10593E-9 6.64638E-9 7.73496E-5 5.10507E-5 3.62928E-7 9.76996E-14 3.03746E-6 7.38325E-6 7.84001E-7 4.37864E-7 4.53911E-5 2.04559E-3 2.45254E-4 1.18739E-5 2.19318E-6 9.8238E-6 0E0 0E0 0E0 0E0 0E0 0E0 0E0 0E0 0E0 0E0 0E0 3.2142E-4 2.8896E-4 1.29188E-4 0E0 0E0 0E0 1.29985E-5 2.48669E-4 0E0 0E0 0E0 0E0 0E0 0E0 0E0 0E0 0E0 0E0 0E0 0E0 0E0 0E0 0E0 0E0 0E0 0E0 0E0 -9999 -9999 -9999 -9999
1.86882E-10 2.17226E-11 8.55738E-9 1.34443E-7 6.77305E-10 2.11876E-10 7.27909E-6 4.30819E-11 2.15389E-7 4.42309E-7 2.49525E-9 1.67129E-7 1.66103E-8 1.42622E-7 3.61009E-8 7.03434E-11 3.46824E-11 1.68858E-9 1.25825E-9 1.89395E-7 3.97054E-9 1.66888E-8 8.20897E-4 1.32064E-3 3.85915E-4 1.80959E-5 3.85368E-6 3.53434E-7 3.32982E-6 5.26266E-7 1.06535E-5 3.21436E-7 3.02267E-7 0E0 0E0 0E0 0E0 0E0 0E0 0E0 0E0 0E0 0E0 0E0 0E0 2.11326E-5 1.57144E-5 1.65685E-5 0E0 0E0 0E0 0E0 0E0 0E0 0E0 0E0 0E0 0E0 0E0 0E0 0E0 0E0 0E0 0E0 0E0 0E0 -9999 -9999 -9999 -9999
0E0 9.99201E-16 1.99941E-9 1.69782E-6 8.9792E-9 1.87848E-9 4.40947E-12 3.83328E-7 1.39209E-8 4.8673E-10 2.6458E-6 1.34275E-7 1.71267E-5 2.47749E-8 1.52291E-8 8.77193E-6 1.97921E-9 1.30245E-6 9.08163E-7 6.1742E-10 1.04892E-7 8.06173E-6 1.66795E-4 2.77568E-4 1.41682E-4 1.11595E-5 9.50564E-5 9.62172E-5 1.13485E-4 1.50419E-5 1.46238E-5 7.96645E-4 1.91422E-6 3.28126E-7 0E0 2.85279E-6 6.38603E-6 0E0 0E0 0E0 0E0 0E0 0E0 0E0 0E0 6.1763E-5 5.49855E-6 0E0 0E0 0E0 0E0 0E0 0E0 0E0 0E0 0E0 0E0 0E0 0E0 0E0 0E0 0E0 0E0 0E0 0E0 -9999 -9999 -9999 -9999 -9999
5.88418E-15 7.10543E-14 3.75198E-10 1.14253E-12 4.996E-15 2.41581E-11 4.43153E-11 8.30725E-9 9.67862E-7 4.69149E-4 6.05674E-7 1.58424E-6 8.51805E-5 7.30541E-4 8.20939E-6 1.43564E-9 1.33227E-15 1.01897E-5 2.30949E-6 1.35365E-7 3.46692E-7 3.02638E-4 2.8947E-5 2.40416E-4 1.96544E-4 4.69737E-5 1.1741E-4 3.20985E-5 1.23029E-5 2.98868E-6 1.68937E-5 1.61783E-4 1.99682E-5 1.44135E-5 0E0 4.24377E-6 0E0 0E0 0E0 0E0 0E0 0E0 0E0 0E0 0E0 0E0 0E0 0E0 0E0 0E0 0E0 0E0 0E0 0E0 0E0 0E0 0E0 0E0 0E0 0E0 0E0 0E0 0E0 0E0 0E0 -9999 -9999 -9999 -9999 -9999
7.57838E-13 0E0 0E0 4.96492E-12 2.45359E-14 1.83136E-8 3.22524E-8 5.24323E-10 1.62589E-6 6.75412E-5 1.34431E-8 6.18141E-8 9.56036E-10 8.78318E-4 3.83067E-9 5.21151E-7 4.14294E-7 1.28832E-6 8.25683E-4 4.4586E-5 5.34626E-5 2.80192E-5 3.97426E-5 4.58833E-5 5.01618E-4 2.1675E-4 8.68715E-5 3.70584E-4 1.18554E-4 7.18506E-4 0E0 0E0 0E0 0E0 0E0 1.18583E-4 0E0 0E0 0E0 0E0 0E0 0E0 0E0 0E0 7.88296E-5 9.25818E-6 0E0 0E0 0E0 0E0 0E0 0E0 0E0 0E0 0E0 0E0 0E0 0E0 0E0 0E0 0E0 0E0 0E0 0E0 0E0 -9999 -9999 -9999 -9999 -9999
5.61288E-11 5.62106E-13 4.11613E-10 1.5971E-8 5.84224E-9 3.15655E-7 7.68343E-9 3.35368E-5 1.30114E-6 4.9037E-7 9.60608E-6 1.02147E-6 2.64056E-6 5.29012E-9 5.9005E-7 8.1751E-5 2.12697E-7 6.72244E-8 1.5758E-4 8.33073E-5 5.43004E-5 3.80908E-5 2.14471E-5 9.87244E-7 3.81062E-4 0E0 1.18285E-4 0E0 0E0 0E0 0E0 0E0 0E0 0E0 0E0 1.78912E-4 0E0 0E0 0E0 0E0 0E0 0E0 0E0 0E0 2.21992E-5 5.50046E-5 0E0 1.07516E-5 0E0 0E0 0E0 0E0 0E0 0E0 0E0 0E0 0E0 0E0 0E0 0E0 0E0 0E0 0E0 0E0 0E0 -9999 -9999 -9999 -9999 -9999
1.77237E-11 6.1071E-10 0E0 4.71734E-13 3.13362E-9 9.30367E-14 8.40822E-6 3.37355E-4 8.98931E-5 2.08079E-4 2.7216E-4 7.07446E-5 1.87676E-4 1.69306E-5 9.38703E-6 8.96823E-9 3.89785E-5 5.98826E-5 4.56778E-4 1.89905E-5 3.74435E-5 1.19281E-5 2.91676E-8 3.76264E-4 1.45127E-4 1.2238E-4 0E0 0E0 0E0 0E0 0E0 0E0 0E0 0E0 0E0 1.61592E-5 1.23188E-5 0E0 0E0 0E0 0E0 0E0 0E0 2.34131E-5 8.11016E-4 3.87316E-5 0E0 0E0 0E0 0E0 0E0 0E0 0E0 0E0 0E0 0E0 0E0 0E0 0E0 0E0 0E0 0E0 0E0 0E0 0E0 -9999 -9999 -9999 -9999 -9999
3.63978E-11 3.66374E-15 2.21534E-12 4.36754E-8 7.17862E-10 7.17015E-12 4.70284E-8 2.21513E-4 1.48559E-4 8.55614E-4 1.38959E-3 4.52009E-4 4.67772E-5 9.78496E-9 6.17405E-5 7.67965E-6 1.72744E-5 2.7637E-5 8.05139E-4 4.94631E-4 6.25356E-5 2.31592E-5 4.22519E-7 2.51434E-4 4.23454E-5 6.6743E-5 1.59107E-5 2.6387E-4 5.55935E-5 0E0 0E0 0E0 0E0 0E0 0E0 3.14719E-6 5.79068E-7 0E0 0E0 0E0 0E0 0E0 0E0 0E0 4.31139E-4 0E0 0E0 0E0 0E0 0E0 0E0 0E0 0E0 0E0 0E0 0E0 0E0 0E0 0E0 0E0 0E0 0E0 0E0 0E0 0E0 -9999 -9999 -9999 -9999 -9999
1.46939E-9 1.13132E-12 2.22822E-13 4.27547E-13 8.9755E-11 2.87491E-8 1.09198E-7 4.951E-4 1.06103E-4 5.23046E-3 6.96505E-3 1.12041E-3 1.27454E-3 2.5638E-5 3.57392E-3 9.33957E-6 2.74403E-4 1.03298E-5 1.01893E-4 2.49472E-4 7.56755E-5 5.47766E-5 3.23145E-5 1.27439E-4 7.37827E-4 0E0 0E0 0E0 8.57573E-5 0E0 0E0 0E0 0E0 0E0 9.3064E-6 4.68545E-7 3.44517E-8 0E0 0E0 0E0 0E0 0E0 0E0 0E0 0E0 0E0 0E0 0E0 0E0 0E0 0E0 0E0 0E0 0E0 0E0 0E0 0E0 0E0 0E0 0E0 0E0 0E0 0E0 0E0 0E0 -9999 -9999 -9999 -9999 -9999
4.94531E-11 1.83301E-11 1.44329E-14 2.7166E-12 1.44329E-15 2.41812E-8 8.54693E-11 6.44798E-10 4.72356E-5 2.8377E-3 4.76514E-3 5.8047E-4 3.36369E-3 1.68324E-3 8.71903E-6 7.49907E-6 2.0654E-6 4.49648E-8 7.56436E-6 1.02839E-5 1.6119E-4 3.25988E-5 3.7394E-4 2.12513E-5 1.10288E-5 0E0 0E0 0E0 0E0 0E0 2.40659E-5 0E0 0E0 0E0 8.56872E-6 4.46451E-10 3.19742E-5 0E0 0E0 0E0 0E0 0E0 0E0 0E0 0E0 0E0 0E0 0E0 0E0 0E0 0E0 0E0 0E0 0E0 0E0 0E0 0E0 0E0 0E0 0E0 0E0 0E0 0E0 0E0 0E0 -9999 -9999 -9999 -9999 -9999
