ENM/Final_Models/M_0.9_F_q_Set_1_EC/Gustavia_santanderiensis_1_Choco_clamping.asc
ncols         367
nrows         963
xllcorner     -78.6
yllcorner     0.65
cellsize      0.00833333333333323
NODATA_value  -9999
[rows 341 to 371 of 963, columns 140 to 209 of 367]
-9999 -9999 -9999 -9999 -9999 -9999 -9999 -9999 -9999 -9999 -9999 -9999 -9999 -9999 -9999 -9999 -9999 -9999 -9999 -9999 -9999 -9999 -9999 -9999 -9999 -9999 -9999 1.55396E-2 2.41759E-2 2.07492E-1 3.27229E-1 3.81193E-1 3.06655E-1 1.69237E-1 4.94021E-2 6.30639E-2 1.53289E-1 8.02185E-2 9.07435E-2 1.29761E-1 3.40657E-1 2.89535E-1 3.72507E-1 3.71617E-1 2.85269E-1 1.25705E-1 2.71186E-1 1.75434E-1 7.88199E-2 3.91359E-2 8.22101E-1 8.38977E-1 3.62824E-1 5.94536E-2 1.10091E-1 6.94703E-1 4.61907E-1 5.56718E-1 9.78416E-1 8.68068E-1 9.81746E-1 9.8412E-1 9.74478E-1 9.12932E-1 9.91717E-1 9.9308E-1 9.50136E-1 9.90995E-1 9.9184E-1 9.91201E-1
-9999 -9999 -9999 -9999 -9999 -9999 -9999 -9999 -9999 -9999 -9999 -9999 -9999 -9999 -9999 -9999 -9999 -9999 -9999 -9999 -9999 -9999 -9999 -9999 -9999 -9999 -9999 2.63677E-2 5.58392E-2 1.85623E-1 2.54265E-1 4.02724E-1 1.62859E-1 1.20772E-1 1.18111E-1 5.54258E-2 1.15788E-1 2.95933E-1 4.11717E-1 3.53015E-1 1.3959E-1 2.28631E-1 1.89656E-1 2.31113E-1 1.65983E-1 2.20213E-1 8.0789E-2 1.99715E-1 1.45439E-2 1.57933E-1 8.0832E-1 6.11975E-1 4.03971E-1 3.87483E-1 3.55521E-2 6.5672E-2 6.49912E-1 6.13155E-1 4.20668E-1 5.50689E-1 9.79043E-1 3.68174E-1 3.44345E-1 9.26269E-1 9.31856E-1 9.90809E-1 9.69431E-1 9.91727E-1 9.66782E-1 9.56413E-1
-9999 -9999 -9999 -9999 -9999 -9999 -9999 -9999 -9999 -9999 -9999 -9999 -9999 -9999 -9999 -9999 -9999 -9999 -9999 -9999 -9999 -9999 -9999 -9999 -9999 -9999 -9999 -9999 1.70621E-1 1.07319E-1 1.97098E-1 3.13041E-1 1.80021E-1 5.36497E-2 5.18802E-2 5.49191E-2 7.76661E-2 2.54046E-1 9.10174E-2 3.03481E-1 1.07961E-1 1.85637E-1 2.13233E-1 1.65441E-1 3.29001E-1 2.77301E-1 2.54704E-1 2.71415E-1 2.39237E-2 4.1789E-2 6.27645E-1 6.12393E-1 3.02698E-1 6.74328E-1 4.64492E-1 4.66E-1 3.79143E-1 5.39441E-1 9.77309E-1 3.64767E-1 9.77147E-1 9.82922E-1 9.87766E-1 9.73378E-1 9.2107E-1 9.81363E-1 9.8587E-1 9.91468E-1 9.89401E-1 9.61171E-1
-9999 -9999 -9999 -9999 -9999 -9999 -9999 -9999 -9999 -9999 -9999 -9999 -9999 -9999 -9999 -9999 -9999 -9999 -9999 -9999 -9999 -9999 -9999 -9999 -9999 -9999 -9999 -9999 2.25988E-1 2.45312E-1 2.22886E-1 1.51629E-1 1.42429E-1 3.26003E-2 2.41887E-2 9.72343E-2 9.48881E-2 1.93126E-1 9.92279E-2 9.47104E-2 1.11926E-1 3.37862E-1 2.75228E-1 2.79635E-1 1.03442E-1 1.59564E-1 2.68442E-1 2.56603E-1 9.74586E-2 1.45784E-1 1.74085E-1 2.74289E-1 6.52451E-1 9.21107E-1 4.93629E-1 5.80547E-1 8.86416E-1 5.04512E-1 2.68349E-1 9.77798E-1 9.8305E-1 9.17056E-1 8.91405E-1 9.8675E-1 8.99997E-1 8.90038E-1 9.88777E-1 9.8722E-1 9.33808E-1 9.5466E-1
-9999 -9999 -9999 -9999 -9999 -9999 -9999 -9999 -9999 -9999 -9999 -9999 -9999 -9999 -9999 -9999 -9999 -9999 -9999 -9999 -9999 -9999 -9999 -9999 -9999 -9999 -9999 -9999 1.44827E-1 6.90513E-2 2.66546E-2 3.01529E-1 1.67817E-1 2.34989E-2 2.78364E-2 4.18711E-2 8.87565E-2 4.18276E-2 1.29925E-1 1.17938E-1 1.43217E-1 2.51483E-1 2.63256E-2 2.96704E-2 1.20659E-1 1.46882E-1 3.11371E-1 2.82378E-1 7.69415E-2 2.13718E-1 2.0549E-1 4.30829E-2 7.80092E-1 5.83695E-1 5.30653E-2 1.01731E-2 1.65411E-3 9.7305E-1 8.73226E-1 9.76062E-1 9.8431E-1 8.7964E-1 8.94312E-1 9.21919E-1 9.82472E-1 9.8024E-1 9.89852E-1 9.58237E-1 9.5763E-1 9.6003E-1
-9999 -9999 -9999 -9999 -9999 -9999 -9999 -9999 -9999 -9999 -9999 -9999 -9999 -9999 -9999 -9999 -9999 -9999 -9999 -9999 -9999 -9999 -9999 -9999 -9999 -9999 -9999 -9999 2.41755E-2 3.11788E-1 2.4257E-1 1.08093E-1 4.457E-1 5.25163E-1 1.40202E-1 3.37296E-2 4.12164E-1 9.4012E-2 1.91328E-1 5.15629E-1 5.20734E-1 1.03428E-1 1.87934E-1 2.22839E-1 1.62557E-1 1.3742E-1 2.89205E-1 2.70598E-1 7.5209E-2 1.76819E-1 8.26387E-1 8.18659E-1 8.64672E-1 1.04461E-1 5.35094E-1 9.06962E-1 9.70405E-1 5.59648E-1 9.2427E-1 9.728E-1 9.83136E-1 9.82791E-1 9.8371E-1 9.84948E-1 9.8466E-1 9.9179E-1 9.8757E-1 9.89589E-1 9.39733E-1 9.5472E-1
-9999 -9999 -9999 -9999 -9999 -9999 -9999 -9999 -9999 -9999 -9999 -9999 -9999 -9999 -9999 -9999 -9999 -9999 -9999 -9999 -9999 -9999 -9999 -9999 -9999 -9999 -9999 -9999 1.18815E-1 1.44224E-1 2.23762E-1 6.1783E-1 9.64352E-1 5.05142E-1 7.49452E-2 3.84992E-2 9.01463E-2 8.77568E-3 1.09391E-1 1.55602E-1 5.69945E-1 1.21632E-1 1.4865E-1 3.92787E-1 4.01966E-1 3.8025E-1 2.25057E-1 3.07873E-1 2.90433E-1 2.67132E-1 8.55189E-1 8.49604E-1 8.31413E-1 6.59412E-2 8.84573E-1 9.55807E-1 9.7126E-1 6.24084E-1 4.688E-1 9.82557E-1 9.83079E-1 9.92519E-1 9.85727E-1 9.92207E-1 9.86164E-1 9.90929E-1 7.73845E-1 9.53836E-1 7.7221E-1 9.62032E-1
-9999 -9999 -9999 -9999 -9999 -9999 -9999 -9999 -9999 -9999 -9999 -9999 -9999 -9999 -9999 -9999 -9999 -9999 -9999 -9999 -9999 -9999 -9999 -9999 -9999 -9999 -9999 -9999 2.41585E-1 2.08639E-1 2.36713E-1 2.15741E-1 6.1806E-1 1.54927E-1 2.19823E-2 1.6437E-1 2.06057E-1 1.55591E-1 9.79621E-2 7.2097E-2 1.17987E-1 1.37243E-1 1.49558E-1 1.40998E-1 4.02957E-1 2.93005E-1 3.99547E-1 1.70041E-1 1.9204E-1 5.68269E-1 6.14668E-1 7.72244E-1 8.61519E-1 8.97173E-1 9.85206E-1 7.33728E-1 9.52642E-1 4.91048E-1 5.7614E-1 4.55003E-1 8.34329E-1 9.86288E-1 9.93672E-1 9.58072E-1 9.89068E-1 9.67372E-1 8.35267E-1 7.20748E-1 7.27892E-1 8.0047E-1
-9999 -9999 -9999 -9999 -9999 -9999 -9999 -9999 -9999 -9999 -9999 -9999 -9999 -9999 -9999 -9999 -9999 -9999 -9999 -9999 -9999 -9999 -9999 -9999 -9999 -9999 -9999 -9999 1.16001E-1 1.54637E-1 1.12056E-1 1.17826E-1 1.84842E-1 1.10047E-1 5.98146E-2 2.15866E-1 2.25168E-1 1.80157E-1 4.85637E-2 4.6634E-1 4.5952E-1 9.70231E-2 6.81687E-3 1.00592E-1 2.08324E-1 3.61341E-1 1.62743E-1 1.73596E-1 9.66394E-2 5.59145E-1 8.55699E-1 9.24432E-1 9.52509E-1 8.95558E-1 9.84932E-1 6.14036E-1 9.82385E-1 9.38961E-1 8.8985E-2 3.08339E-2 8.45786E-1 8.60824E-1 9.86202E-1 9.83896E-1 9.9304E-1 9.62782E-1 9.7039E-1 9.47585E-1 7.95715E-1 7.91256E-1
-9999 -9999 -9999 -9999 -9999 -9999 -9999 -9999 -9999 -9999 -9999 -9999 -9999 -9999 -9999 -9999 -9999 -9999 -9999 -9999 -9999 -9999 -9999 -9999 -9999 -9999 -9999 -9999 4.38724E-2 9.88418E-2 1.72762E-1 1.62117E-1 6.19771E-2 8.67357E-2 3.87147E-2 1.1542E-1 2.17457E-1 1.17976E-1 7.35916E-2 5.75983E-1 1.42875E-1 5.30648E-2 4.1124E-2 5.43141E-2 1.2562E-1 1.94459E-1 2.03422E-1 2.73142E-1 5.71645E-1 8.07349E-1 8.61186E-1 9.61353E-1 9.53259E-1 9.39084E-1 9.429E-1 9.75008E-1 9.6631E-1 6.20422E-1 5.26019E-1 1.28932E-1 9.63954E-1 8.51677E-1 9.85179E-1 9.8521E-1 9.36551E-1 9.91705E-1 9.69979E-1 9.71053E-1 7.57722E-1 7.06642E-1
-9999 -9999 -9999 -9999 -9999 -9999 -9999 -9999 -9999 -9999 -9999 -9999 -9999 -9999 -9999 -9999 -9999 -9999 -9999 -9999 -9999 -9999 -9999 -9999 -9999 -9999 -9999 -9999 3.38878E-1 1.73582E-1 9.84467E-2 6.90216E-2 2.15412E-1 1.16034E-1 8.31033E-3 1.04985E-1 1.45305E-1 8.94995E-2 1.57788E-1 1.2658E-1 2.88814E-1 9.46913E-2 2.55969E-1 1.75606E-1 1.44381E-1 2.60459E-1 4.21433E-1 1.23252E-1 1.02437E-1 4.38543E-1 5.89979E-1 9.53836E-1 7.83811E-1 9.33603E-1 5.62473E-1 2.42665E-2 8.17181E-2 6.10763E-1 8.6539E-1 9.40909E-1 9.56675E-1 9.64789E-1 9.83918E-1 9.84611E-1 9.29262E-1 9.6207E-1 9.61747E-1 9.66786E-1 9.66263E-1 9.38287E-1
-9999 -9999 -9999 -9999 -9999 -9999 -9999 -9999 -9999 -9999 -9999 -9999 -9999 -9999 -9999 -9999 -9999 -9999 -9999 -9999 -9999 -9999 -9999 -9999 -9999 -9999 -9999 -9999 2.25926E-1 1.44387E-1 1.63716E-1 1.38206E-1 1.29701E-1 2.53176E-2 1.4593E-1 1.65745E-1 1.56239E-1 1.10641E-1 1.94343E-1 2.34675E-1 7.073E-1 2.51159E-1 1.52849E-1 1.18411E-1 1.34845E-1 1.89913E-1 3.51785E-1 2.13328E-1 1.42966E-1 6.66755E-1 7.08377E-1 8.6827E-1 7.50529E-1 9.56312E-1 9.61368E-1 9.42506E-1 6.78273E-1 5.18837E-1 6.16289E-1 5.29496E-1 9.55628E-1 4.84688E-1 5.97E-1 9.51606E-1 9.29222E-1 9.866E-1 9.90297E-1 9.9237E-1 9.91692E-1 9.62942E-1
-9999 -9999 -9999 -9999 -9999 -9999 -9999 -9999 -9999 -9999 -9999 -9999 -9999 -9999 -9999 -9999 -9999 -9999 -9999 -9999 -9999 -9999 -9999 -9999 -9999 -9999 -9999 3.94369E-1 1.89476E-1 2.16634E-1 1.35726E-1 1.98156E-1 1.60356E-1 3.49445E-2 6.16299E-1 1.16455E-1 1.56502E-2 3.02012E-2 7.35447E-2 2.39846E-1 3.39397E-1 3.00287E-1 1.74328E-1 1.35325E-2 3.81982E-2 1.27715E-1 1.31378E-1 2.59478E-1 4.03337E-2 2.41535E-1 2.43759E-1 2.23513E-1 5.87673E-1 6.13235E-1 6.19744E-1 9.81186E-1 6.12755E-1 5.01581E-1 7.92366E-1 9.2286E-1 8.693E-1 4.53514E-1 8.18503E-1 8.55782E-1 9.42848E-1 9.6927E-1 9.92506E-1 9.55478E-1 9.89692E-1 9.90103E-1
-9999 -9999 -9999 -9999 -9999 -9999 -9999 -9999 -9999 -9999 -9999 -9999 -9999 -9999 -9999 -9999 -9999 -9999 -9999 -9999 -9999 -9999 -9999 -9999 -9999 -9999 -9999 2.98059E-1 5.68076E-1 1.77276E-1 6.28367E-1 6.17721E-1 8.52942E-2 1.25662E-1 2.01288E-1 1.79428E-1 2.95815E-2 7.10877E-2 1.67577E-1 9.80104E-2 2.46031E-1 2.45397E-1 5.17132E-1 2.33869E-1 1.75074E-1 5.55757E-2 1.90412E-1 2.91618E-1 2.38351E-1 1.53563E-1 1.10198E-1 5.1563E-2 2.20067E-1 9.72746E-1 9.80357E-1 8.1677E-1 5.58526E-1 5.54778E-1 9.87801E-1 9.88811E-1 9.58275E-1 3.89205E-1 9.84237E-1 9.86116E-1 8.71636E-1 9.62593E-1 9.59291E-1 9.44483E-1 9.63309E-1 9.91096E-1
-9999 -9999 -9999 -9999 -9999 -9999 -9999 -9999 -9999 -9999 -9999 -9999 -9999 -9999 -9999 -9999 -9999 -9999 -9999 -9999 -9999 -9999 -9999 -9999 -9999 -9999 -9999 3.75592E-1 2.22164E-1 1.16156E-1 5.36654E-1 6.66956E-1 2.24763E-1 1.6995E-1 1.15568E-1 3.19885E-1 2.33633E-2 2.01098E-1 1.84784E-1 1.08273E-1 7.09971E-2 3.33151E-1 5.77972E-1 5.62686E-1 1.65668E-1 2.20097E-2 1.47518E-1 2.53477E-1 1.54842E-1 1.22804E-1 9.77647E-2 2.56591E-1 2.60676E-2 9.77125E-1 9.87102E-1 9.85837E-1 5.60974E-1 5.4135E-1 4.53707E-1 9.4959E-1 9.67576E-1 2.61261E-1 4.13356E-2 1.4742E-1 9.65327E-1 9.59445E-1 9.29687E-1 9.53923E-1 9.60545E-1 9.73571E-1
-9999 -9999 -9999 -9999 -9999 -9999 -9999 -9999 -9999 -9999 -9999 -9999 -9999 -9999 -9999 -9999 -9999 -9999 -9999 -9999 -9999 -9999 -9999 -9999 -9999 -9999 3.42862E-1 1.54662E-1 2.71023E-1 2.63509E-1 4.38336E-2 9.76075E-2 1.01547E-1 2.08253E-1 2.1603E-1 2.37138E-1 1.58914E-1 1.60051E-1 1.99712E-1 7.80596E-2 4.19226E-1 5.06361E-1 4.6582E-1 9.73582E-1 6.0095E-1 8.7799E-2 1.83618E-1 7.77412E-2 8.54919E-2 7.70722E-2 5.65982E-2 6.44556E-2 1.54197E-2 9.78001E-1 9.91748E-1 9.8171E-1 7.57405E-1 5.74764E-1 5.59993E-1 8.80876E-1 9.66355E-1 9.62841E-1 1.24378E-1 9.63459E-1 9.51028E-1 9.71833E-1 9.45901E-1 9.55636E-1 9.55038E-1 9.50676E-1
-9999 -9999 -9999 -9999 -9999 -9999 -9999 -9999 -9999 -9999 -9999 -9999 -9999 -9999 -9999 -9999 -9999 -9999 -9999 -9999 -9999 -9999 -9999 -9999 -9999 -9999 2.98463E-1 2.59848E-1 6.95514E-1 3.74322E-1 3.19972E-1 2.56041E-1 3.75427E-1 1.16829E-1 1.08372E-1 2.26471E-1 6.08512E-2 4.34385E-2 3.42461E-1 3.71211E-1 6.62847E-2 4.75601E-1 4.81944E-1 9.52874E-1 2.59338E-1 1.44383E-1 1.09094E-1 1.43349E-2 4.24507E-2 5.30472E-2 5.30854E-1 4.72618E-1 5.0613E-1 9.92814E-1 9.93484E-1 9.57831E-1 9.86529E-1 8.78399E-1 8.70294E-1 9.5491E-1 9.06741E-1 9.71686E-1 9.67103E-1 9.88606E-1 9.89301E-1 9.70148E-1 9.76794E-1 9.7146E-1 9.56544E-1 9.63953E-1
-9999 -9999 -9999 -9999 -9999 -9999 -9999 -9999 -9999 -9999 -9999 -9999 -9999 -9999 -9999 -9999 -9999 -9999 -9999 -9999 -9999 -9999 -9999 -9999 -9999 2.56892E-1 9.68694E-2 3.25098E-1 3.46532E-1 2.91256E-1 6.87796E-1 2.61783E-1 8.62858E-2 1.21414E-1 3.2266E-1 3.98846E-1 3.44225E-1 7.85642E-2 6.28906E-2 1.20089E-1 4.76947E-3 1.26312E-1 6.20414E-1 9.03912E-1 1.65728E-1 1.97006E-1 1.32811E-1 1.80148E-1 1.12286E-1 9.38268E-2 2.25728E-1 2.52739E-1 8.58135E-1 9.85953E-1 3.96063E-1 4.30021E-1 8.87727E-1 9.00814E-1 9.59564E-1 9.09423E-1 9.51594E-1 9.56759E-1 6.35277E-1 9.70437E-1 9.69366E-1 7.86489E-1 7.46851E-1 9.65365E-1 9.77845E-1 9.94921E-1
-9999 -9999 -9999 -9999 -9999 -9999 -9999 -9999 -9999 -9999 -9999 -9999 -9999 -9999 -9999 -9999 -9999 -9999 -9999 -9999 -9999 -9999 -9999 -9999 -9999 2.11691E-1 2.17863E-1 6.84017E-1 7.10836E-1 3.84958E-1 3.38554E-1 4.01963E-1 3.80281E-1 8.91458E-2 4.15392E-1 3.39265E-1 3.42722E-1 4.07504E-1 2.77385E-1 4.90567E-2 1.57828E-1 1.28246E-1 9.11835E-2 3.33067E-1 3.00398E-1 3.17332E-1 1.45615E-1 2.67011E-1 2.27844E-1 1.22221E-1 1.58242E-1 7.03147E-1 8.73748E-1 9.88343E-1 8.15697E-1 8.59169E-1 9.622E-1 9.82575E-1 5.7753E-1 2.14605E-1 9.67471E-1 9.61229E-1 6.3808E-1 9.8884E-1 9.85444E-1 9.70909E-1 9.79563E-1 9.73005E-1 9.82903E-1 9.88862E-1
-9999 -9999 -9999 -9999 -9999 -9999 -9999 -9999 -9999 -9999 -9999 -9999 -9999 -9999 -9999 -9999 -9999 -9999 -9999 -9999 -9999 -9999 -9999 -9999 -9999 9.99459E-2 1.84136E-1 6.55322E-1 9.55512E-1 5.86776E-1 2.80252E-1 6.91966E-2 2.79916E-1 1.73197E-1 3.24773E-1 3.79357E-1 3.81668E-1 3.08954E-1 2.47064E-1 3.0319E-2 1.69048E-2 9.03241E-2 1.30265E-1 1.51917E-1 2.80289E-1 2.46824E-1 1.81672E-1 1.76934E-1 1.90613E-1 9.23291E-2 2.78555E-2 5.22446E-3 3.79603E-1 3.34685E-1 9.79647E-1 9.88946E-1 9.8253E-1 9.86362E-1 9.23117E-1 9.50826E-1 9.75341E-1 9.4346E-1 6.08203E-1 9.88299E-1 9.89603E-1 9.86657E-1 9.87524E-1 9.67636E-1 9.7446E-1 9.93877E-1
-9999 -9999 -9999 -9999 -9999 -9999 -9999 -9999 -9999 -9999 -9999 -9999 -9999 -9999 -9999 -9999 -9999 -9999 -9999 -9999 -9999 -9999 -9999 -9999 1.13002E-2 1.0002E-1 5.38013E-1 6.18987E-1 9.50716E-1 6.43967E-1 2.31329E-1 5.86151E-3 1.29335E-1 3.30385E-1 3.1504E-1 3.3806E-1 3.03845E-1 3.23648E-1 3.23753E-1 2.66142E-1 1.98127E-1 3.49828E-2 2.45062E-1 1.39244E-1 1.6055E-1 1.90369E-1 6.74135E-2 1.65507E-1 2.71036E-1 6.40228E-1 4.46147E-1 2.90404E-2 2.56057E-2 3.76999E-1 8.36679E-1 9.74124E-1 9.7389E-1 9.83474E-1 9.87898E-1 9.41594E-1 9.09355E-1 9.80797E-1 6.05776E-1 9.87675E-1 4.70622E-1 4.90403E-1 9.59833E-1 9.82135E-1 9.80424E-1 9.73219E-1
-9999 -9999 -9999 -9999 -9999 -9999 -9999 -9999 -9999 -9999 -9999 -9999 -9999 -9999 -9999 -9999 -9999 -9999 -9999 -9999 -9999 -9999 -9999 6.60223E-3 1.98426E-2 4.33813E-2 1.93289E-1 6.41125E-1 7.54257E-1 7.0616E-1 2.40328E-1 1.20947E-1 1.52722E-1 6.45711E-2 3.36234E-1 3.25575E-1 2.66866E-1 2.59203E-1 2.87182E-1 1.98487E-1 2.54995E-1 2.03042E-1 3.87244E-2 7.30038E-2 5.60445E-1 4.39678E-2 1.77564E-1 5.70582E-2 1.586E-1 6.2821E-1 5.66565E-1 1.05236E-1 4.71698E-2 3.98083E-1 8.73512E-1 3.17659E-1 4.23364E-1 9.79654E-1 9.9068E-1 9.79574E-1 6.89844E-1 9.86459E-1 5.43423E-1 9.66336E-1 4.76574E-1 4.5563E-1 9.64948E-1 9.87611E-1 9.9371E-1 9.68739E-1
-9999 -9999 -9999 -9999 -9999 -9999 -9999 -9999 -9999 -9999 -9999 -9999 -9999 -9999 -9999 -9999 -9999 -9999 -9999 -9999 -9999 2.99588E-1 3.11216E-1 6.57029E-2 1.56619E-1 1.69786E-1 3.92753E-1 3.53996E-1 6.14713E-2 3.57096E-2 8.45994E-2 7.25486E-2 1.1259E-1 1.31364E-1 1.05357E-1 2.2654E-1 2.49788E-1 5.6456E-1 6.13859E-1 6.27953E-1 5.07898E-1 5.98498E-1 7.09527E-1 1.31777E-1 6.35375E-1 1.0016E-1 2.41357E-2 1.00946E-1 6.66318E-1 6.28232E-1 1.29726E-1 2.49104E-1 6.51829E-1 5.20039E-1 8.41648E-1 4.4829E-1 9.8913E-1 9.82753E-1 9.65366E-1 9.92475E-1 6.2718E-1 9.88118E-1 5.39042E-1 5.68187E-1 9.69084E-1 9.87436E-1 9.92273E-1 9.94235E-1 9.9371E-1 9.93681E-1
-9999 -9999 -9999 -9999 -9999 -9999 -9999 -9999 -9999 -9999 -9999 -9999 -9999 7.61792E-2 1.03061E-1 2.6234E-1 3.65063E-1 3.71502E-1 2.64243E-1 3.10813E-1 3.06237E-1 3.43754E-2 7.57567E-3 1.20662E-1 2.91019E-1 1.31275E-2 7.14533E-1 9.96463E-2 8.52633E-2 5.15525E-3 1.49613E-2 1.09277E-1 1.86291E-1 2.25725E-1 8.38665E-2 1.48818E-1 1.6092E-1 6.39973E-1 5.48417E-1 9.08348E-1 9.11377E-1 9.20577E-1 4.68344E-1 8.97518E-2 2.98806E-1 9.84076E-1 4.61651E-1 5.29024E-2 3.95592E-1 5.14988E-1 8.44953E-2 5.11875E-1 5.77245E-1 6.56743E-1 9.83222E-1 8.84126E-1 9.91714E-1 9.83135E-1 9.93537E-1 9.37979E-1 5.71715E-1 9.66373E-1 9.88312E-1 6.6065E-1 9.70918E-1 9.93389E-1 9.95571E-1 9.90105E-1 9.93774E-1 9.89439E-1
-9999 -9999 -9999 -9999 -9999 -9999 -9999 -9999 -9999 -9999 -9999 -9999 1.86812E-1 1.01671E-1 1.72752E-1 2.34646E-1 2.67677E-1 1.38348E-1 4.17668E-2 2.99627E-1 2.36531E-1 1.23738E-1 1.80993E-1 1.92249E-2 2.02245E-2 2.98056E-1 5.33271E-1 4.21442E-1 2.78874E-2 1.94401E-3 3.20539E-2 7.07865E-2 4.81521E-2 1.11322E-1 5.81369E-2 1.29741E-1 9.14465E-2 1.81468E-1 9.85355E-1 9.78587E-1 9.92014E-1 9.92027E-1 9.77121E-1 6.38651E-1 1.50605E-1 3.94175E-2 1.32203E-1 5.16348E-1 4.89327E-1 9.95222E-3 1.23789E-2 6.14751E-1 6.37878E-1 5.54391E-1 5.13878E-1 5.4056E-1 9.65255E-1 9.64054E-1 9.6673E-1 9.50742E-1 5.58098E-1 5.93046E-1 9.81559E-1 9.93624E-1 9.68687E-1 9.60897E-1 9.91287E-1 9.72013E-1 9.71109E-1 9.74034E-1
-9999 -9999 -9999 -9999 -9999 -9999 -9999 -9999 -9999 -9999 -9999 -9999 3.0181E-1 3.41597E-1 3.5256E-1 3.90843E-1 3.63711E-1 4.57844E-2 5.28265E-3 3.40804E-2 8.10939E-2 2.42194E-1 2.23867E-1 1.41178E-1 7.40675E-2 4.89405E-2 1.47868E-2 4.23633E-3 1.05314E-3 2.5444E-2 1.37146E-1 2.34615E-1 1.26843E-1 1.53325E-1 1.37905E-1 6.92244E-2 2.60462E-1 2.44532E-1 1.9076E-1 2.04399E-1 9.73951E-1 9.80365E-1 9.9095E-1 4.73337E-1 2.48808E-1 1.5719E-1 1.77392E-1 2.76407E-1 1.49916E-1 1.89355E-1 3.21181E-3 6.30062E-1 6.51386E-1 1.63151E-1 3.25462E-1 3.52628E-1 9.66982E-1 9.90089E-1 9.62186E-1 9.54298E-1 9.66981E-1 5.71747E-1 9.79971E-1 9.94051E-1 9.92714E-1 9.92157E-1 9.94431E-1 9.94706E-1 9.94871E-1 9.72116E-1
-9999 1.70753E-1 1.90692E-1 1.28965E-1 -9999 -9999 -9999 -9999 -9999 -9999 -9999 3.76507E-1 4.13402E-1 3.13164E-1 3.34825E-1 2.78209E-1 3.10012E-1 1.4977E-1 2.53772E-1 3.41151E-1 2.93436E-1 1.47657E-1 9.21885E-2 2.62036E-2 4.77656E-2 0E0 0E0 0E0 0E0 0E0 9.70367E-2 6.58795E-2 5.82875E-2 7.52139E-2 3.67837E-1 6.15451E-1 2.68209E-1 1.95943E-1 2.3183E-1 2.79656E-1 5.911E-1 8.86467E-1 9.91394E-1 9.82524E-1 5.50963E-1 4.73347E-1 4.15097E-1 6.48579E-1 2.13004E-1 8.60532E-3 2.19531E-1 3.1018E-1 6.43673E-1 3.67852E-3 1.37435E-1 1.35527E-1 5.57554E-1 9.54534E-1 9.86597E-1 9.26341E-1 9.78882E-1 9.8501E-1 9.83277E-1 9.93957E-1 9.93852E-1 9.94756E-1 9.87853E-1 9.93446E-1 9.79091E-1 9.76752E-1
1.41547E-1 1.43526E-1 1.01084E-1 1.82758E-1 1.71976E-1 -9999 -9999 -9999 -9999 -9999 -9999 3.64007E-1 3.86603E-1 2.76241E-1 3.18623E-1 1.75724E-1 3.07013E-1 1.91848E-1 2.74321E-1 1.36179E-2 2.48434E-2 7.22995E-2 6.31129E-2 1.1543E-1 4.91995E-2 0E0 0E0 0E0 0E0 1.30749E-3 9.2095E-2 8.79012E-2 4.93124E-1 3.84864E-1 9.13823E-3 6.17069E-1 2.88637E-1 6.47996E-1 6.86175E-1 9.30666E-1 5.36937E-1 9.37325E-1 9.84904E-1 9.28976E-1 3.02454E-1 2.19785E-2 2.22513E-2 3.57112E-1 3.02904E-1 1.61569E-2 2.19759E-1 1.17892E-2 4.37939E-1 3.88206E-1 2.7974E-1 3.93294E-1 6.037E-1 9.91472E-1 9.79539E-1 9.83831E-1 9.3795E-1 5.94879E-1 9.66595E-1 9.95292E-1 9.9472E-1 9.94454E-1 9.88737E-1 9.94983E-1 9.74183E-1 9.69223E-1
2.15875E-1 1.9626E-1 5.72851E-2 1.57589E-1 1.42114E-1 1.7514E-1 -9999 -9999 -9999 2.78921E-1 2.47409E-1 3.83737E-1 2.64008E-1 1.72588E-1 2.95714E-1 2.01276E-1 1.52247E-1 3.70263E-1 2.39823E-1 7.14612E-3 1.24348E-1 2.66105E-2 1.82132E-2 1.5436E-1 1.00149E-1 0E0 0E0 0E0 0E0 0E0 2.06364E-2 2.25514E-1 8.09051E-2 1.55849E-2 7.20581E-1 2.36063E-1 2.41555E-1 2.25709E-1 2.26937E-1 9.38259E-1 9.17799E-1 9.67035E-1 9.77829E-1 9.87169E-1 4.48874E-1 7.05777E-2 9.65964E-2 7.8798E-2 1.27909E-2 4.36508E-3 1.12048E-2 8.72151E-3 6.25872E-3 1.01148E-2 3.97632E-1 2.38999E-1 9.90659E-1 9.92942E-1 9.88238E-1 9.67626E-1 9.92327E-1 9.82777E-1 9.8476E-1 9.86114E-1 9.94214E-1 9.87528E-1 5.78934E-1 9.9495E-1 9.72386E-1 9.74755E-1
1.3386E-1 1.25621E-1 3.17528E-2 1.61026E-2 2.41171E-2 1.10243E-1 1.66238E-1 2.93029E-1 3.08692E-1 3.16798E-1 2.34633E-1 1.50045E-1 1.74359E-1 1.672E-1 1.94399E-1 9.49785E-2 4.12609E-2 2.54406E-1 1.94376E-1 1.64324E-2 1.03856E-1 3.52966E-2 2.74901E-2 1.54003E-1 1.41577E-1 0E0 1.62828E-3 4.95386E-3 1.16729E-2 2.30251E-2 1.69221E-2 2.94973E-1 3.99591E-1 4.6883E-1 8.85543E-1 6.5268E-1 5.32736E-1 6.28225E-2 9.40044E-1 9.92595E-1 9.79248E-1 9.81725E-1 9.87555E-1 4.26617E-1 1.08467E-1 4.01066E-2 6.19489E-2 2.74014E-2 7.62885E-3 5.70813E-3 1.21389E-2 2.36202E-1 6.91305E-1 5.91943E-1 5.84859E-1 5.4056E-1 9.25044E-1 9.94736E-1 9.40578E-1 9.70317E-1 9.80982E-1 9.94932E-1 9.76625E-1 9.71792E-1 9.80512E-1 9.93101E-1 9.95131E-1 9.95828E-1 9.68688E-1 9.70558E-1
4.55417E-2 6.93586E-2 3.30136E-2 5.92889E-2 7.6418E-2 1.14523E-1 1.07579E-1 1.19871E-1 2.75015E-1 2.85036E-1 8.9205E-2 1.89686E-1 4.21175E-2 1.14893E-3 1.73493E-1 2.27438E-1 2.42098E-1 1.06566E-1 2.62698E-1 1.09824E-1 5.44901E-2 6.27136E-2 4.10705E-2 1.93391E-2 1.08689E-1 1.04924E-2 8.97173E-3 2.26339E-2 1.71978E-2 2.67418E-2 1.04763E-1 1.24941E-1 9.84769E-1 6.27196E-1 1.95707E-1 2.67514E-1 1.87445E-1 7.5989E-2 6.21186E-1 9.88262E-1 9.89865E-1 9.87696E-1 1.52806E-1 9.57234E-1 9.44513E-1 7.94516E-2 6.62124E-2 6.8259E-3 6.70867E-2 2.03088E-1 5.86464E-2 2.923E-1 2.50166E-1 2.43801E-1 2.64273E-1 6.99739E-1 9.826E-1 9.85034E-1 9.32733E-1 9.68566E-1 9.60399E-1 9.94065E-1 9.93651E-1 9.94932E-1 9.64828E-1 9.7097E-1 9.83482E-1 9.85194E-1 9.79448E-1 9.69808E-1
