ENM/Final_Models/M_0.9_F_q_Set_1_EC/Gustavia_santanderiensis_5_Choco_clamping.asc
ncols         367
nrows         963
xllcorner     -78.6
yllcorner     0.65
cellsize      0.00833333333333323
NODATA_value  -9999
[rows 544 to 575 of 963, columns 142 to 212 of 367]
-9999 -9999 -9999 -9999 -9999 -9999 6.21017E-1 5.08849E-1 6.53055E-1 5.1748E-2 1.73774E-1 3.18676E-1 6.06758E-1 6.12218E-1 4.97489E-1 6.13413E-1 4.94158E-1 2.42119E-1 3.17462E-1 2.85635E-1 6.28645E-1 5.75182E-1 3.37716E-1 3.83148E-1 4.21686E-1 4.38555E-1 6.47573E-1 5.38281E-1 5.89542E-1 5.87039E-1 5.66591E-1 4.43753E-1 6.80984E-1 3.91853E-1 4.88596E-1 6.15999E-1 4.90026E-1 4.97968E-1 4.8125E-1 4.41238E-1 5.3947E-1 7.22879E-1 5.72956E-1 4.71993E-1 6.30378E-1 5.74008E-1 6.10348E-1 4.45772E-1 4.79837E-1 2.17733E-1 1.89987E-1 2.41997E-1 3.76427E-1 2.08702E-1 4.90874E-1 2.948E-1 4.01543E-1 4.52862E-1 6.80403E-2 1.21874E-1 0E0 9.77419E-2 2.80962E-1 6.15282E-2 1.03604E-1 4.9625E-1 6.18213E-1 4.70656E-1 1.82107E-1 2.88949E-1 4.21114E-1
-9999 -9999 -9999 -9999 -9999 -9999 4.71048E-1 5.24952E-1 4.61081E-1 5.26656E-2 2.85752E-1 3.58046E-1 6.40333E-1 6.99152E-1 5.90719E-1 2.68696E-1 5.51038E-1 3.61985E-1 2.81947E-1 4.3963E-1 6.94146E-1 4.63416E-1 3.16895E-1 3.2061E-1 3.943E-1 4.76881E-1 6.34708E-1 3.84622E-1 6.84763E-1 7.36397E-1 7.00667E-1 4.44116E-1 6.16376E-1 5.17631E-1 3.42444E-1 5.11068E-1 3.7756E-1 2.97524E-1 2.37696E-1 2.54069E-1 4.95607E-1 5.6029E-1 5.17215E-1 4.91618E-1 4.73679E-1 4.55354E-1 4.58352E-1 5.02822E-1 4.87183E-1 2.39787E-1 3.0971E-1 2.43309E-1 2.23897E-1 3.09262E-1 2.93421E-1 5.6338E-1 5.58327E-1 3.29553E-1 2.80444E-1 4.83207E-1 1.86773E-1 7.50954E-2 1.51552E-1 0E0 9.07328E-2 3.55623E-1 4.43639E-1 4.15533E-1 1.25572E-1 4.75059E-1 6.01409E-2
-9999 -9999 -9999 -9999 -9999 -9999 2.38425E-1 4.45774E-1 4.53884E-1 4.26541E-1 2.46923E-1 2.09194E-1 3.7776E-1 1.44345E-1 2.16853E-1 1.59126E-1 3.82469E-1 2.78996E-1 3.99274E-1 -9999 5.56331E-1 5.61387E-1 5.13442E-1 3.42761E-1 3.83958E-1 5.78925E-1 5.02235E-1 6.57785E-1 5.8281E-1 4.3913E-1 7.09265E-1 5.14816E-1 4.11606E-1 5.97178E-1 5.48976E-1 5.1574E-1 5.0542E-1 2.89654E-1 3.43593E-1 2.25084E-1 2.5815E-1 3.98872E-1 6.22277E-1 3.25488E-1 3.35152E-1 3.5732E-1 2.99722E-1 3.42564E-1 5.13428E-1 2.30663E-1 2.32867E-1 3.62901E-1 2.45036E-1 4.65337E-1 4.93825E-1 2.76312E-1 5.09269E-1 5.26262E-1 3.62067E-1 2.65774E-1 2.38153E-1 4.55649E-1 5.45603E-2 2.68061E-1 4.23046E-1 5.1606E-1 4.7473E-1 4.41429E-1 8.14174E-2 0E0 0E0
-9999 -9999 -9999 -9999 -9999 -9999 4.09388E-1 2.3561E-1 1.81734E-1 3.6813E-1 6.35138E-1 2.18201E-1 2.59458E-1 2.75433E-1 1.01837E-1 1.03029E-1 4.32325E-1 3.61662E-1 5.28831E-1 7.01301E-1 8.73913E-1 5.67352E-1 3.57227E-1 3.32455E-1 5.12506E-1 4.76986E-1 7.4274E-1 7.29481E-1 5.83785E-1 2.88028E-1 5.547E-1 5.40495E-1 4.5252E-1 4.45111E-1 4.17875E-1 6.58873E-1 2.57524E-1 3.41583E-1 2.58723E-1 3.77916E-1 3.49296E-1 5.74914E-1 6.29425E-1 5.13195E-1 3.87538E-1 2.9477E-1 3.83093E-1 2.99934E-1 4.32756E-1 3.5972E-1 3.83566E-1 3.22645E-1 4.06345E-1 3.12104E-1 2.08845E-1 1.8737E-1 3.32611E-1 4.63858E-1 5.62665E-1 3.36502E-1 4.05219E-1 4.09356E-1 7.22234E-2 4.82524E-1 4.14522E-1 3.43732E-1 3.02784E-1 9.73945E-2 2.99433E-1 0E0 0E0
-9999 -9999 -9999 -9999 -9999 -9999 3.93457E-1 7.22225E-2 8.9275E-2 3.0083E-1 4.51409E-1 4.91328E-2 1.15717E-1 2.9904E-1 1.85133E-1 1.97973E-1 4.91517E-1 -9999 -9999 -9999 4.85191E-1 3.64137E-1 4.0286E-1 5.37158E-1 4.26919E-1 6.62801E-1 7.36596E-1 6.84148E-1 3.77659E-1 3.42169E-1 4.28414E-1 6.13747E-1 5.80916E-1 5.40842E-1 4.98766E-1 3.39158E-1 3.11854E-1 3.45819E-1 3.36809E-1 5.16455E-1 2.59189E-1 3.85228E-1 4.16847E-1 3.19883E-1 5.82305E-1 2.73103E-1 3.72538E-1 3.64404E-1 3.45985E-1 3.078E-1 3.01944E-1 5.01746E-1 3.6631E-1 4.1806E-1 2.84178E-1 4.76752E-1 4.11009E-1 4.10425E-1 4.99549E-1 4.62292E-1 4.86254E-1 1.96198E-1 4.18412E-1 2.38843E-1 5.0977E-1 3.42617E-1 2.46616E-1 5.75774E-1 5.20521E-1 0E0 3.58874E-1
-9999 -9999 -9999 -9999 -9999 -9999 2.06558E-1 3.93233E-1 3.2687E-1 1.64214E-1 4.54976E-1 3.21268E-1 1.71952E-1 6.80831E-1 5.47868E-1 -9999 -9999 -9999 -9999 -9999 -9999 3.36827E-1 4.13666E-1 4.11517E-1 5.50941E-1 5.59177E-1 6.0437E-1 6.15541E-1 3.72566E-1 5.01718E-1 3.38303E-1 3.57095E-1 4.92345E-1 4.89536E-1 3.50049E-1 3.95127E-1 3.46998E-1 3.24944E-1 5.97167E-1 6.1304E-1 3.87866E-1 4.27524E-1 3.94978E-1 3.66003E-1 3.97977E-1 4.06683E-1 3.89847E-1 2.99103E-1 1.9141E-1 3.51792E-1 5.17785E-1 6.21297E-1 6.01962E-1 3.77785E-1 2.83974E-1 3.77036E-1 4.04385E-1 4.97235E-1 3.7325E-1 2.3696E-1 4.65378E-1 3.07601E-1 1.61776E-1 5.26025E-1 2.7591E-1 2.60705E-1 3.56294E-1 4.44408E-1 6.11421E-1 5.46169E-1 4.58007E-2
-9999 -9999 -9999 -9999 -9999 -9999 4.25003E-1 7.33382E-1 7.90224E-1 2.73148E-1 5.02656E-1 5.41263E-1 4.66331E-1 -9999 -9999 -9999 -9999 -9999 -9999 -9999 -9999 -9999 5.72849E-1 6.62261E-1 6.96361E-1 6.83731E-1 4.06232E-1 4.31823E-1 4.83649E-1 4.84381E-1 5.41755E-1 3.08778E-1 4.99696E-1 3.68682E-1 4.10611E-1 3.94517E-1 5.53628E-1 4.63004E-1 3.80302E-1 3.50506E-1 3.6308E-1 4.29209E-1 3.65141E-1 4.10452E-1 2.64932E-1 2.79463E-1 4.26741E-1 4.74966E-1 2.37493E-1 3.21631E-1 4.02136E-1 4.15246E-1 4.55064E-1 5.70681E-1 4.39641E-1 5.06874E-1 2.68177E-1 3.72552E-1 4.04922E-1 3.58587E-1 3.06649E-1 3.79927E-1 3.08751E-1 3.59582E-1 5.49565E-1 5.87658E-1 7.01363E-1 5.98991E-1 6.56522E-1 6.15472E-1 5.81161E-2
-9999 -9999 -9999 -9999 -9999 -9999 2.22015E-1 7.50845E-1 7.44772E-1 7.87671E-1 6.02319E-1 2.23354E-1 -9999 -9999 -9999 -9999 -9999 -9999 -9999 -9999 -9999 -9999 -9999 5.1861E-1 -9999 4.13707E-1 4.4501E-1 4.04379E-1 4.23833E-1 5.1825E-1 3.54888E-1 3.02553E-1 3.70661E-1 3.85257E-1 5.2029E-1 3.64473E-1 4.11977E-1 4.28946E-1 2.60131E-1 2.31456E-1 2.27051E-1 2.85851E-1 3.64341E-1 3.02631E-1 3.79752E-1 3.97628E-1 3.70287E-1 4.20924E-1 5.44276E-1 4.18308E-1 4.22287E-1 4.42972E-1 5.18421E-1 5.35845E-1 4.08648E-1 4.43818E-1 3.87867E-1 3.19065E-1 4.00104E-1 3.51385E-1 3.87124E-1 5.3708E-1 4.14578E-1 5.7287E-1 4.53701E-1 3.58636E-1 7.03073E-1 5.8753E-1 5.07631E-1 1.97986E-1 4.52258E-1
-9999 -9999 -9999 -9999 -9999 -9999 7.86066E-1 8.13948E-1 8.76222E-1 7.90128E-1 3.61108E-1 -9999 -9999 -9999 -9999 -9999 -9999 -9999 -9999 -9999 -9999 -9999 -9999 5.02788E-1 -9999 2.27035E-1 1.32048E-1 7.2048E-2 2.42175E-1 4.89741E-1 2.78829E-1 3.50592E-1 3.62211E-1 3.26812E-1 3.57254E-1 2.78046E-1 4.10719E-1 3.58182E-1 2.49363E-1 3.16315E-1 2.32635E-1 3.99829E-1 2.98446E-1 3.84299E-1 3.90549E-1 3.09417E-1 3.8047E-1 3.1893E-1 4.58068E-1 3.9302E-1 3.07978E-1 3.87956E-1 4.35846E-1 3.70666E-1 5.84494E-1 5.01315E-1 4.05224E-1 4.48117E-1 5.89851E-1 6.10397E-1 4.20927E-1 4.57552E-1 5.14467E-1 4.8919E-1 4.19151E-1 4.67232E-1 6.34753E-1 4.37062E-1 2.52631E-1 3.74926E-1 2.99998E-1
-9999 -9999 -9999 -9999 -9999 -9999 -9999 8.30684E-1 7.5247E-1 -9999 -9999 -9999 -9999 -9999 -9999 -9999 -9999 -9999 -9999 -9999 -9999 -9999 -9999 -9999 -9999 -9999 -9999 -9999 3.27888E-1 3.67504E-1 4.62528E-1 3.20352E-1 3.53046E-1 3.15936E-1 3.98237E-1 3.77007E-1 4.52186E-1 4.71727E-1 3.52835E-1 2.79125E-1 3.27918E-1 3.80644E-1 2.80642E-1 3.53816E-1 3.88258E-1 4.7046E-1 2.04249E-1 3.76567E-1 4.60478E-1 3.39758E-1 2.9997E-1 3.61698E-1 4.21556E-1 3.97532E-1 5.50803E-1 6.65115E-1 6.58334E-1 4.99376E-1 4.93054E-1 4.95294E-1 4.31405E-1 3.35255E-1 4.00704E-1 5.93089E-1 3.80382E-1 4.00461E-1 3.31001E-1 4.29369E-1 4.33994E-1 3.84624E-1 7.06636E-1
-9999 -9999 -9999 -9999 -9999 -9999 -9999 -9999 -9999 -9999 -9999 -9999 -9999 -9999 -9999 -9999 -9999 -9999 -9999 -9999 -9999 -9999 -9999 -9999 -9999 -9999 -9999 -9999 -9999 3.11279E-1 4.96689E-1 3.35895E-1 5.10711E-1 4.3724E-1 4.81723E-1 2.92477E-1 4.36355E-1 4.05096E-1 5.90074E-1 4.48724E-1 5.472E-1 6.48065E-1 5.31218E-1 2.92881E-1 1.65756E-1 2.61856E-1 3.38439E-1 2.26688E-1 4.60965E-1 5.21571E-1 2.33756E-1 4.17644E-1 5.02112E-1 4.54362E-1 3.2299E-1 4.30254E-1 5.17747E-1 4.14647E-1 3.00319E-1 5.39438E-1 5.1261E-1 3.91774E-1 5.93012E-1 5.58884E-1 4.593E-1 3.97682E-1 2.8913E-1 1.87992E-1 3.84258E-1 3.88973E-1 6.32045E-1
-9999 -9999 -9999 -9999 -9999 -9999 -9999 -9999 -9999 -9999 -9999 -9999 -9999 -9999 -9999 -9999 -9999 -9999 -9999 -9999 -9999 -9999 -9999 -9999 -9999 -9999 -9999 5.08714E-2 1.62519E-1 3.96492E-1 3.98503E-1 2.61376E-1 4.00208E-1 3.55639E-1 4.11411E-1 5.62084E-1 2.84107E-1 4.33487E-1 3.8602E-1 5.52197E-1 4.01643E-1 3.33036E-1 3.26864E-1 4.96737E-1 2.54503E-1 2.62915E-1 1.87431E-1 2.71851E-1 3.64218E-1 3.50424E-1 3.41381E-1 4.00276E-1 3.88482E-1 4.07626E-1 4.3305E-1 5.63934E-1 5.38253E-1 4.55127E-1 4.73941E-1 6.18075E-1 4.43477E-1 3.75413E-1 2.66215E-1 4.80463E-1 3.41301E-1 3.99803E-1 4.24843E-1 3.34106E-1 2.9398E-1 3.46847E-1 6.19851E-1
-9999 -9999 -9999 -9999 -9999 -9999 -9999 -9999 -9999 -9999 -9999 -9999 -9999 -9999 -9999 -9999 -9999 -9999 -9999 -9999 -9999 -9999 -9999 -9999 -9999 -9999 -9999 3.37587E-1 4.30442E-1 1.69562E-1 4.02623E-1 4.88455E-1 3.49902E-1 5.04028E-1 4.61797E-1 3.98173E-1 5.11558E-1 4.04405E-1 3.28602E-1 3.0011E-1 4.49701E-1 3.68297E-1 4.35891E-1 3.8726E-1 2.89318E-1 2.7221E-1 2.56017E-1 2.31266E-1 3.69285E-1 2.2737E-1 3.38557E-1 5.0682E-1 3.91892E-1 3.40271E-1 3.81658E-1 6.10813E-1 6.00803E-1 4.34297E-1 4.61301E-1 4.8943E-1 4.74266E-1 5.28087E-1 3.64145E-1 0E0 3.80228E-1 5.96291E-1 4.82318E-1 2.83287E-1 4.91969E-1 4.72364E-1 7.12432E-1
-9999 -9999 -9999 -9999 -9999 -9999 -9999 -9999 -9999 -9999 -9999 -9999 -9999 -9999 -9999 -9999 -9999 -9999 -9999 -9999 -9999 -9999 -9999 -9999 -9999 -9999 -9999 2.43378E-1 3.44212E-1 2.55399E-1 3.20311E-1 2.70552E-1 5.05869E-1 4.69659E-1 3.28914E-1 4.18373E-1 5.45722E-1 3.48546E-1 4.03084E-1 3.56128E-1 3.92001E-1 3.5631E-1 3.35707E-1 2.78587E-1 2.56729E-1 3.07798E-1 2.48393E-1 2.69027E-1 4.07678E-1 5.21794E-1 6.66322E-1 4.83204E-1 4.97914E-1 4.90462E-1 4.64054E-1 3.1258E-1 6.9863E-1 5.56871E-1 4.66941E-1 4.99992E-1 7.1028E-1 5.03681E-1 3.78512E-1 0E0 4.03801E-1 4.29469E-1 4.46272E-1 5.44796E-1 4.44127E-1 2.63609E-1 6.4406E-1
-9999 -9999 -9999 -9999 -9999 -9999 -9999 -9999 -9999 -9999 -9999 -9999 -9999 -9999 -9999 -9999 -9999 -9999 -9999 -9999 -9999 -9999 -9999 -9999 -9999 -9999 2.91439E-1 3.60676E-1 2.98535E-1 2.63506E-1 2.8428E-1 3.54891E-1 4.56777E-1 4.7073E-1 6.86176E-1 4.26807E-1 3.8891E-1 3.80891E-1 4.27014E-1 5.13584E-1 4.05609E-1 3.41584E-1 3.97483E-1 2.55073E-1 2.50261E-1 2.58594E-1 3.98891E-1 3.55623E-1 3.45129E-1 3.3754E-1 4.27312E-1 3.62055E-1 4.65114E-1 4.87895E-1 5.08557E-1 8.05528E-1 7.52627E-1 5.90965E-1 5.31209E-1 5.37421E-1 6.21328E-1 6.51735E-1 4.07076E-1 3.87018E-1 4.94854E-1 3.79276E-1 4.0148E-1 3.90135E-1 5.25882E-1 2.53986E-1 5.63814E-1
-9999 -9999 -9999 -9999 -9999 -9999 -9999 -9999 -9999 -9999 -9999 -9999 -9999 -9999 -9999 -9999 -9999 -9999 -9999 -9999 -9999 -9999 -9999 -9999 -9999 2.39358E-1 1.7211E-1 1.88122E-1 1.98459E-1 2.95107E-1 2.94064E-1 2.32185E-1 3.47608E-1 4.38214E-1 5.11586E-1 3.97004E-1 4.91685E-1 3.88555E-1 4.52066E-1 3.55239E-1 3.07537E-1 3.35842E-1 4.40376E-1 2.44689E-1 1.71207E-1 3.00499E-1 3.37316E-1 3.78237E-1 2.74846E-1 3.83178E-1 4.87367E-1 4.98591E-1 4.27543E-1 5.13961E-1 5.39042E-1 5.52966E-1 7.33795E-1 7.64771E-1 7.86309E-1 7.36765E-1 6.67173E-1 5.72849E-1 6.81266E-1 4.42333E-1 4.12475E-1 2.85202E-1 3.01555E-1 4.33583E-1 5.01101E-1 3.47797E-1 4.80641E-1
-9999 -9999 -9999 -9999 -9999 -9999 -9999 -9999 -9999 -9999 -9999 -9999 -9999 -9999 -9999 -9999 -9999 -9999 -9999 -9999 -9999 -9999 -9999 -9999 2.59646E-1 1.25472E-1 2.82318E-1 3.08592E-1 3.58347E-1 2.62516E-1 2.20398E-1 2.6059E-1 2.26625E-1 4.49156E-1 3.38681E-1 3.7004E-1 3.8974E-1 3.49184E-1 3.84587E-1 3.24437E-1 2.74855E-1 3.76324E-1 3.23556E-1 2.09379E-1 1.5654E-1 1.74288E-1 1.99578E-1 3.02057E-1 3.899E-1 4.16842E-1 4.5398E-1 4.63979E-1 5.44258E-1 5.49095E-1 4.78003E-1 5.16725E-1 6.31872E-1 5.98189E-1 6.07519E-1 0E0 0E0 3.50635E-1 3.23431E-1 4.46689E-1 2.67844E-1 2.7788E-1 2.83676E-1 3.89901E-1 2.81254E-1 2.40939E-1 1.5022E-1
-9999 -9999 -9999 -9999 -9999 -9999 -9999 -9999 -9999 -9999 -9999 -9999 -9999 -9999 -9999 -9999 -9999 -9999 -9999 -9999 -9999 -9999 0E0 4.02608E-2 7.58854E-2 3.20337E-1 2.69436E-1 2.36746E-1 2.34955E-1 2.78996E-1 2.87249E-1 3.0631E-1 2.41221E-1 1.97776E-1 3.11494E-1 4.14662E-1 3.96084E-1 5.57909E-1 4.81608E-1 3.06374E-1 2.30108E-1 1.69423E-1 3.12302E-1 2.81181E-1 2.18603E-1 1.52985E-1 1.87543E-1 3.4662E-1 2.88459E-1 4.99689E-1 3.65803E-1 3.67368E-1 5.46299E-1 4.93291E-1 3.88238E-1 4.79566E-1 6.59426E-1 5.94181E-1 3.89605E-1 3.94357E-1 3.38406E-1 4.4558E-1 3.13091E-1 3.02142E-1 2.42192E-1 4.61973E-1 4.46021E-1 2.73218E-1 0E0 0E0 0E0
-9999 -9999 -9999 -9999 -9999 -9999 -9999 -9999 -9999 -9999 -9999 -9999 -9999 -9999 -9999 -9999 -9999 -9999 -9999 -9999 -9999 7.31421E-2 2.72622E-2 1.37177E-1 -9999 3.29255E-1 3.86226E-1 3.11339E-1 3.16164E-1 3.01728E-1 3.90812E-1 3.05146E-1 2.16398E-1 2.45506E-1 2.32884E-1 4.00536E-1 4.76441E-1 5.0457E-1 4.04116E-1 3.57647E-1 3.45115E-1 3.03875E-1 1.62748E-1 2.00997E-1 1.82989E-1 1.48015E-1 3.53846E-1 3.10245E-1 1.93716E-1 2.80353E-1 4.15824E-1 4.39966E-1 3.72355E-1 3.31042E-1 4.32692E-1 6.29749E-1 5.22669E-1 5.68458E-1 5.81735E-1 4.48166E-1 1.8609E-1 4.52515E-1 5.25207E-1 2.83837E-1 3.79488E-2 2.98817E-1 2.40253E-1 3.67056E-1 3.73303E-1 9.13849E-2 0E0
-9999 -9999 -9999 -9999 -9999 -9999 -9999 -9999 -9999 -9999 -9999 -9999 -9999 -9999 -9999 -9999 6.66708E-2 5.06825E-2 7.52079E-2 -9999 -9999 -9999 1.37155E-1 -9999 -9999 2.4967E-1 3.52161E-1 3.27202E-1 3.88293E-1 3.51496E-1 4.32745E-1 4.29203E-1 2.58468E-1 1.75614E-1 3.9874E-1 4.92512E-1 5.0029E-1 4.99755E-1 3.2749E-1 2.19697E-1 2.51316E-1 2.43652E-1 2.06476E-1 1.85624E-1 9.82414E-2 1.90492E-1 2.50061E-1 2.35686E-1 2.43339E-1 3.08263E-1 2.70455E-1 3.29804E-1 4.41986E-1 5.10982E-1 4.3716E-1 6.64618E-1 5.02155E-1 4.1244E-1 4.99713E-1 3.48596E-1 2.35251E-1 2.74834E-1 4.54988E-1 3.84349E-1 4.30172E-1 3.01788E-1 2.48025E-1 3.07023E-1 2.1806E-1 2.57783E-1 3.71685E-1
-9999 -9999 -9999 -9999 -9999 -9999 -9999 -9999 -9999 -9999 -9999 -9999 -9999 -9999 -9999 -9999 6.94581E-2 1.86738E-1 1.45985E-1 -9999 1.21222E-1 -9999 -9999 1.78799E-1 2.9566E-1 -9999 3.9148E-1 2.34013E-1 3.41653E-1 5.62356E-1 4.01195E-1 4.71234E-1 3.83368E-1 2.48002E-1 2.05885E-1 3.23916E-1 2.965E-1 3.83804E-1 3.54174E-1 2.68783E-1 2.57928E-1 2.29025E-1 1.49354E-1 1.01512E-1 1.18484E-1 2.03079E-1 2.02158E-1 2.05474E-1 1.75542E-1 2.60183E-1 2.67545E-1 3.60026E-1 4.81543E-1 5.24253E-1 5.27488E-1 1.38501E-2 3.82921E-1 4.55613E-1 4.73093E-1 3.75418E-1 2.86227E-1 2.81848E-1 4.69482E-1 6.88129E-1 5.92134E-1 3.67765E-1 2.54707E-1 2.41918E-1 1.81001E-1 2.60435E-1 1.822E-1
-9999 -9999 -9999 -9999 -9999 -9999 -9999 -9999 -9999 -9999 -9999 -9999 -9999 -9999 -9999 -9999 3.26433E-2 1.72262E-1 -9999 -9999 1.25287E-1 2.09019E-1 2.86949E-1 1.95796E-1 4.07088E-1 -9999 3.21032E-1 4.48187E-1 3.4006E-1 3.56613E-1 3.80311E-1 4.17181E-1 3.77078E-1 4.45073E-1 3.64933E-1 2.81028E-1 3.54749E-1 2.05589E-1 2.85669E-1 2.41865E-1 2.5144E-1 2.61951E-1 2.06539E-1 1.54601E-2 1.42968E-1 1.44987E-1 1.44865E-1 1.33021E-1 1.78291E-1 2.46956E-1 2.42292E-1 2.7206E-1 4.90456E-1 5.07128E-1 4.42956E-1 2.9713E-1 5.05277E-1 6.07336E-1 4.96889E-1 2.70859E-1 4.11521E-1 4.78069E-1 4.6518E-1 4.3044E-1 4.04837E-1 2.83945E-1 2.58345E-1 2.59077E-1 1.71464E-1 1.89715E-1 2.02493E-1
-9999 -9999 -9999 -9999 -9999 -9999 -9999 -9999 -9999 -9999 -9999 -9999 -9999 2.19946E-2 -9999 0E0 1.28307E-1 2.04198E-1 2.33581E-1 1.83267E-1 2.25143E-1 3.73117E-1 2.63766E-1 2.85355E-1 2.7637E-1 3.04689E-1 3.58434E-1 3.25245E-1 3.41225E-1 3.71994E-1 3.08555E-1 2.79725E-1 2.73338E-1 3.64504E-1 5.22009E-1 2.96253E-1 4.46818E-1 2.55711E-1 1.87097E-1 1.82267E-1 1.63585E-1 1.61633E-2 9.39335E-2 8.98024E-2 9.1494E-2 1.65661E-1 2.23389E-1 1.96032E-1 1.833E-1 3.10665E-1 3.26354E-1 3.18882E-1 2.12105E-1 3.74072E-1 3.3839E-1 4.16141E-1 5.81574E-1 3.64446E-1 3.79643E-1 5.04083E-1 3.29123E-1 4.95482E-1 5.06688E-1 4.51628E-1 2.44516E-1 2.59534E-1 3.58171E-1 3.5699E-1 2.68797E-1 1.92729E-1 2.17675E-1
-9999 -9999 -9999 -9999 -9999 -9999 -9999 -9999 -9999 -9999 -9999 -9999 -9999 0E0 -9999 -9999 1.58744E-1 3.55867E-1 1.69544E-1 1.72462E-1 1.51102E-1 2.88422E-1 2.41008E-1 1.3387E-1 3.17272E-1 3.53121E-1 4.67089E-1 4.09703E-1 4.82731E-1 4.38282E-1 2.92814E-1 2.92081E-1 3.17341E-1 3.20876E-1 2.75978E-1 3.08686E-1 2.72244E-1 1.28801E-1 1.7492E-2 1.65138E-2 0E0 8.67753E-2 0E0 1.82804E-1 7.25234E-3 1.94317E-1 1.72488E-1 1.7345E-1 1.65411E-1 1.89054E-1 2.75001E-1 2.44296E-1 2.71269E-1 4.39522E-1 3.95819E-1 3.24507E-1 4.7521E-1 3.61649E-1 2.54371E-1 5.56932E-1 4.59576E-1 2.25836E-1 4.87334E-1 6.20704E-1 1.53555E-1 2.82697E-1 3.70698E-1 3.89801E-1 3.74173E-1 2.74877E-1 4.77574E-2
-9999 -9999 -9999 -9999 -9999 -9999 -9999 -9999 -9999 -9999 -9999 -9999 -9999 -9999 -9999 -9999 1.7492E-1 2.883E-1 2.8294E-1 1.86602E-1 1.22766E-1 3.4736E-1 2.80698E-1 1.45845E-1 2.29638E-1 2.9319E-1 3.08851E-1 3.88746E-1 4.36475E-1 3.5052E-1 2.62136E-1 3.35189E-1 2.45722E-1 2.56157E-1 3.29228E-1 2.07421E-1 2.08914E-1 1.60532E-1 0E0 0E0 1.6129E-2 1.34059E-2 1.14504E-2 3.64127E-3 3.29384E-3 6.34609E-3 4.34876E-3 1.03127E-1 7.38436E-2 1.72849E-1 2.18959E-1 5.45122E-1 2.983E-1 4.90891E-1 4.75219E-1 3.27958E-1 4.3155E-1 5.01777E-1 5.60828E-1 4.06021E-1 3.13252E-1 3.18896E-1 2.14395E-1 3.86773E-1 5.07157E-1 4.482E-1 4.38391E-1 3.87323E-1 5.06736E-1 3.33028E-1 1.76039E-1
-9999 -9999 -9999 -9999 -9999 -9999 -9999 -9999 -9999 -9999 -9999 -9999 -9999 -9999 -9999 -9999 -9999 -9999 -9999 1.87229E-1 2.69683E-1 2.75986E-1 4.56095E-1 2.79609E-1 2.87078E-1 2.52382E-1 3.82126E-1 2.79673E-1 1.3215E-1 3.25556E-1 2.08386E-1 1.50241E-1 1.78311E-1 2.90221E-1 1.91623E-1 2.30956E-1 -9999 -9999 -9999 -9999 -9999 0E0 7.84047E-3 1.50115E-2 8.02577E-3 0E0 0E0 0E0 1.05243E-3 4.876E-3 2.37353E-1 2.84926E-1 2.63112E-1 4.76221E-1 5.03208E-1 6.13296E-1 5.75498E-1 5.30221E-1 3.56603E-1 3.66925E-1 2.20984E-1 2.96798E-1 2.7144E-1 3.75879E-1 5.13736E-1 4.11832E-1 5.7327E-1 4.35758E-1 4.92123E-1 3.9666E-1 2.43778E-1
-9999 -9999 -9999 -9999 -9999 -9999 -9999 -9999 -9999 -9999 -9999 -9999 -9999 -9999 -9999 -9999 -9999 -9999 -9999 -9999 -9999 2.85482E-1 3.24506E-1 3.27151E-1 2.28772E-1 3.51283E-1 1.68735E-1 2.61642E-1 1.49304E-1 1.54883E-1 1.68256E-1 1.25286E-1 1.35283E-1 2.03012E-1 2.74789E-1 -9999 -9999 0E0 1.22534E-1 2.37625E-2 0E0 0E0 9.10167E-3 7.89289E-2 8.37939E-3 0E0 0E0 -9999 1.42186E-4 1.93474E-1 3.07173E-1 3.93648E-1 3.69453E-1 4.94525E-1 5.11247E-1 4.88924E-1 3.80863E-1 3.08102E-1 4.92934E-1 2.38296E-1 1.93749E-1 2.7057E-1 3.65311E-1 2.89233E-1 4.63596E-1 3.63958E-1 5.12221E-1 5.93703E-1 4.62665E-1 4.09052E-1 1.2816E-1
-9999 -9999 -9999 -9999 -9999 -9999 -9999 -9999 -9999 -9999 -9999 -9999 -9999 -9999 -9999 -9999 -9999 -9999 -9999 -9999 -9999 3.86669E-1 3.97768E-1 4.88663E-1 2.9296E-1 2.07556E-1 2.01511E-1 3.21303E-1 1.69711E-1 1.16859E-1 1.86336E-1 1.24289E-1 2.27884E-1 3.04823E-1 1.76404E-1 2.26334E-1 0E0 1.43156E-2 -9999 -9999 -9999 0E0 0E0 0E0 3.42228E-2 -9999 -9999 0E0 0E0 -9999 2.5434E-1 1.68583E-1 1.93606E-1 4.82294E-1 5.87891E-1 5.28637E-1 2.77183E-1 4.67682E-1 3.79727E-1 2.6846E-1 3.37527E-1 3.98053E-1 3.22633E-1 4.58053E-1 3.0723E-1 3.73261E-1 4.90948E-1 4.32903E-1 3.30134E-1 2.17248E-1 1.34433E-1
-9999 -9999 -9999 -9999 -9999 -9999 -9999 -9999 -9999 -9999 -9999 -9999 -9999 -9999 -9999 -9999 -9999 -9999 -9999 -9999 -9999 -9999 2.31256E-1 3.77296E-1 2.61309E-1 1.51748E-1 1.77768E-1 2.36418E-1 8.53087E-2 1.10361E-1 8.35344E-2 1.89776E-1 2.04471E-1 2.6537E-1 8.88294E-2 7.98732E-2 6.89125E-3 3.76657E-2 -9999 -9999 -9999 0E0 0E0 -9999 -9999 -9999 0E0 0E0 0E0 9.00181E-2 1.7746E-1 2.26071E-1 2.33593E-1 2.78664E-1 3.42464E-1 3.38894E-1 2.80304E-1 2.91598E-1 2.51595E-1 3.14864E-1 2.99898E-1 2.79784E-1 2.02202E-1 4.23188E-1 2.94217E-1 4.4053E-1 3.91462E-1 2.7841E-1 2.29319E-1 1.27346E-1 1.08899E-1
-9999 -9999 -9999 -9999 -9999 -9999 -9999 -9999 -9999 -9999 -9999 -9999 -9999 -9999 -9999 -9999 -9999 -9999 -9999 -9999 -9999 -9999 2.38919E-1 1.32767E-1 1.12231E-1 1.08845E-1 2.67926E-1 2.39724E-1 2.57821E-1 2.91044E-1 1.25363E-1 1.43039E-1 1.60911E-1 -9999 6.50116E-2 8.13682E-2 2.49333E-2 -9999 0E0 -9999 -9999 -9999 -9999 -9999 -9999 0E0 1.38863E-3 0E0 0E0 0E0 1.04713E-1 2.75207E-1 2.50943E-1 4.11013E-1 4.3785E-1 3.09214E-1 3.13397E-1 1.95295E-1 2.35683E-1 1.97058E-1 1.66814E-1 1.27646E-1 9.42462E-2 1.76054E-1 2.60882E-1 2.2733E-1 4.19479E-1 4.19912E-1 2.03514E-1 1.69279E-1 1.38917E-1
-9999 -9999 -9999 -9999 -9999 -9999 -9999 -9999 -9999 -9999 -9999 -9999 -9999 -9999 -9999 -9999 -9999 -9999 -9999 -9999 -9999 -9999 1.7017E-1 1.73916E-1 1.52491E-1 2.65338E-1 2.50037E-1 2.19119E-1 2.11913E-1 2.76039E-1 1.578E-1 1.54878E-1 2.54767E-2 1.58497E-1 4.88323E-2 3.70931E-2 5.9936E-3 -9999 -9999 -9999 -9999 -9999 -9999 0E0 1.09905E-1 -9999 2.05825E-1 2.31183E-1 3.39001E-1 2.41394E-1 2.58661E-1 3.18071E-1 3.20226E-1 4.36586E-1 5.81887E-1 4.19206E-1 3.28336E-1 2.04406E-1 1.54108E-1 1.94725E-1 2.00907E-1 1.12053E-1 1.95062E-1 2.31097E-1 1.55696E-1 2.67166E-1 2.8003E-1 1.62279E-1 1.5992E-1 2.02848E-1 1.37677E-1
-9999 -9999 -9999 -9999 -9999 -9999 -9999 -9999 -9999 -9999 -9999 -9999 -9999 -9999 -9999 -9999 -9999 -9999 -9999 -9999 -9999 -9999 1.39629E-1 1.85038E-1 2.53955E-1 1.68793E-1 2.08752E-1 2.77726E-1 1.03224E-1 1.36184E-1 9.56159E-2 8.94656E-2 0E0 0E0 0E0 0E0 -9999 -9999 -9999 -9999 -9999 -9999 -9999 -9999 -9999 1.87694E-2 0E0 0E0 0E0 0E0 0E0 3.04487E-1 2.61403E-1 5.27938E-1 4.19955E-1 3.20838E-1 2.69532E-1 1.16934E-1 7.37276E-2 4.89316E-2 5.77312E-2 1.45359E-1 7.99335E-2 1.62848E-2 1.31513E-1 2.70596E-1 3.8691E-1 2.64452E-1 3.0801E-1 1.59681E-1 3.06034E-1
