ENM/Final_Models/M_0.9_F_q_Set_1_EC/Gustavia_santanderiensis_0_Choco.asc
ncols         367
nrows         963
xllcorner     -78.6
yllcorner     0.65
cellsize      0.00833333333333323
NODATA_value  -9999
[rows 420 to 449 of 963, columns 201 to 267 of 367]
8.28051E-1 7.5719E-1 8.82573E-1 8.28423E-1 8.52915E-1 8.98021E-1 8.94616E-1 7.63144E-1 7.85904E-1 7.96715E-1 4.33191E-1 5.38357E-1 6.01104E-1 6.67528E-1 7.40457E-1 7.62171E-1 6.69023E-1 6.4104E-1 6.45498E-1 6.43075E-1 7.99166E-1 6.54736E-1 5.19646E-1 5.76367E-1 8.29675E-1 7.17144E-1 7.92517E-1 9.19515E-1 9.07886E-1 9.34988E-1 9.52957E-1 9.40882E-1 9.51539E-1 9.35339E-1 9.08916E-1 8.55334E-1 8.54976E-1 4.97738E-1 6.88895E-1 8.84411E-1 8.51353E-1 8.46721E-1 8.45383E-1 7.73584E-1 7.47587E-1 7.10851E-1 7.69588E-1 6.6543E-1 6.37345E-1 5.22266E-1 4.92461E-1 7.60352E-1 8.20292E-1 8.08883E-1 7.42566E-1 4.25628E-1 3.0332E-1 1.01943E-1 4.31184E-2 5.54323E-2 1.70677E-1 2.26955E-1 6.59876E-2 1.19724E-1 4.07287E-2 1.32645E-2 8.69213E-3
8.11109E-1 7.41032E-1 8.55615E-1 8.47517E-1 8.66473E-1 9.01487E-1 8.07583E-1 7.35322E-1 7.55936E-1 7.27699E-1 6.1828E-1 7.1368E-1 6.63183E-1 7.1643E-1 6.10359E-1 5.9553E-1 7.61286E-1 8.07169E-1 6.23376E-1 5.99729E-1 6.90741E-1 6.89083E-1 6.98899E-1 6.93117E-1 6.21075E-1 7.31225E-1 7.27829E-1 8.10053E-1 5.69655E-1 6.76487E-1 9.57445E-1 9.51354E-1 9.50989E-1 9.47026E-1 9.57449E-1 9.02833E-1 4.89278E-1 6.39993E-1 8.77379E-1 8.87454E-1 9.14663E-1 8.23501E-1 8.01647E-1 7.67587E-1 7.40502E-1 7.94294E-1 8.72729E-1 8.02056E-1 5.41551E-1 3.33927E-1 7.85871E-1 7.52626E-1 8.17363E-1 5.92193E-1 3.94057E-1 2.21893E-1 3.75835E-2 2.14586E-2 5.42659E-2 6.80021E-2 2.14913E-1 2.22173E-1 1.88958E-1 1.3348E-1 7.96848E-2 3.68562E-2 2.24094E-2
6.75794E-1 7.91545E-1 7.20305E-1 8.66894E-1 8.78798E-1 7.03772E-1 7.76358E-1 7.06663E-1 7.34227E-1 7.27136E-1 6.82432E-1 6.61111E-1 6.96517E-1 8.31536E-1 7.6313E-1 6.86374E-1 6.87705E-1 8.29689E-1 6.24169E-1 6.86938E-1 6.46538E-1 5.8278E-1 8.1685E-1 7.35765E-1 7.43847E-1 8.71342E-1 7.73098E-1 7.5402E-1 3.15041E-1 3.24522E-1 8.77819E-1 9.65684E-1 9.70806E-1 9.20696E-1 9.44117E-1 5.35035E-1 4.32682E-1 7.48615E-1 8.45711E-1 8.40406E-1 8.56536E-1 8.82529E-1 7.46407E-1 7.75613E-1 8.81703E-1 8.448E-1 6.33417E-1 5.82564E-1 3.77115E-1 2.66306E-1 3.79731E-1 3.20582E-1 5.30641E-1 5.0815E-1 1.66314E-1 4.18214E-2 1.80481E-2 4.09806E-2 1.70229E-1 2.46732E-1 3.93682E-1 2.94896E-1 1.7472E-1 9.7813E-2 7.72815E-2 7.04281E-2 5.65469E-2
8.21086E-1 8.17084E-1 8.12058E-1 8.72612E-1 8.42062E-1 8.24163E-1 7.63375E-1 8.51691E-1 6.84654E-1 6.96468E-1 7.57442E-1 7.9126E-1 7.14179E-1 8.17879E-1 8.15467E-1 7.08085E-1 7.49609E-1 7.65279E-1 8.14003E-1 7.35506E-1 6.89679E-1 6.43185E-1 6.21861E-1 6.50609E-1 8.18281E-1 8.83464E-1 8.92833E-1 8.6443E-1 7.71876E-1 5.86583E-1 9.18458E-1 9.01231E-1 9.22566E-1 9.0262E-1 8.33299E-1 6.18858E-1 8.44604E-1 7.76068E-1 8.28679E-1 8.73863E-1 7.42753E-1 7.01209E-1 9.48289E-1 9.4268E-1 9.08649E-1 7.88679E-1 4.73144E-1 5.74342E-1 3.98963E-1 4.1142E-1 2.69757E-1 1.55253E-1 4.37724E-1 3.82815E-1 8.22926E-2 4.66159E-2 9.67881E-2 9.51682E-2 1.5009E-1 2.2783E-1 1.67865E-1 5.5152E-2 2.86514E-2 8.13039E-2 5.55541E-2 1.11777E-1 5.1735E-2
8.42815E-1 8.06134E-1 8.19378E-1 8.64922E-1 7.80291E-1 7.01969E-1 7.42984E-1 7.23147E-1 8.00416E-1 7.25557E-1 7.75143E-1 7.4503E-1 8.30678E-1 7.65234E-1 7.94083E-1 6.01601E-1 7.28127E-1 7.3624E-1 7.32664E-1 8.07737E-1 7.03588E-1 6.46084E-1 8.51279E-1 7.47762E-1 7.97135E-1 7.4669E-1 9.46699E-1 9.61678E-1 9.22194E-1 9.36437E-1 9.27453E-1 9.38685E-1 9.0328E-1 8.36407E-1 6.78479E-1 8.66724E-1 8.72884E-1 8.59052E-1 8.47635E-1 8.13594E-1 8.54123E-1 7.78765E-1 8.22276E-1 8.35812E-1 8.32805E-1 7.8101E-1 6.96549E-1 6.20388E-1 4.3155E-1 5.0476E-1 4.06625E-1 3.96126E-1 4.89654E-1 3.27493E-1 1.37043E-1 1.40923E-1 1.78525E-1 4.09129E-1 2.95449E-1 1.71072E-1 6.8171E-2 2.10056E-2 1.87139E-2 4.85026E-2 2.30963E-2 1.90114E-2 8.80568E-3
7.27789E-1 8.01166E-1 8.66408E-1 8.50261E-1 6.43808E-1 7.30903E-1 7.42485E-1 7.8269E-1 7.5799E-1 7.62079E-1 8.77577E-1 8.45371E-1 8.55354E-1 6.92409E-1 7.34389E-1 8.23747E-1 7.86843E-1 6.86614E-1 7.26934E-1 8.94305E-1 7.50399E-1 8.92402E-1 6.67623E-1 6.65135E-1 7.47708E-1 8.73248E-1 9.70425E-1 9.59043E-1 9.38834E-1 9.12247E-1 9.59103E-1 9.3901E-1 9.12278E-1 6.24306E-1 6.29221E-1 8.35737E-1 8.47505E-1 8.8747E-1 8.01683E-1 8.91225E-1 8.47358E-1 6.17016E-1 5.0917E-1 8.44777E-1 7.46889E-1 8.49039E-1 5.75662E-1 5.02121E-1 6.52756E-1 6.64108E-1 5.76841E-1 5.53958E-1 5.64889E-1 2.45532E-1 2.71635E-1 2.25607E-1 8.39592E-2 1.77975E-1 3.38625E-1 1.56534E-1 8.28184E-2 2.62133E-2 3.02682E-2 6.13685E-2 4.21865E-2 6.94186E-3 1.49643E-3
6.96033E-1 9.11421E-1 8.45541E-1 7.16835E-1 7.47591E-1 8.43013E-1 8.36599E-1 8.41086E-1 7.66738E-1 7.22387E-1 7.42393E-1 8.14667E-1 7.71689E-1 8.51954E-1 8.05724E-1 8.40934E-1 7.237E-1 7.40345E-1 8.85205E-1 8.09335E-1 7.97976E-1 9.24704E-1 9.086E-1 8.98762E-1 8.49395E-1 9.16317E-1 9.38869E-1 9.77907E-1 9.79416E-1 9.61834E-1 9.63081E-1 9.72952E-1 9.18608E-1 8.06436E-1 9.4755E-1 9.41522E-1 7.14789E-1 7.47452E-1 7.86488E-1 8.01066E-1 6.43058E-1 8.2555E-1 7.49535E-1 6.2057E-1 6.87132E-1 7.33513E-1 7.05129E-1 5.93342E-1 7.27464E-1 6.77865E-1 7.31626E-1 5.7711E-1 3.82489E-1 4.05201E-1 5.1465E-1 1.21159E-1 2.49487E-2 8.47712E-2 2.58159E-1 3.21678E-1 5.30802E-2 5.86332E-2 5.00244E-2 3.8262E-2 5.32305E-2 1.34442E-2 1.45084E-3
8.28592E-1 8.838E-1 9.07075E-1 8.07562E-1 8.05088E-1 8.83723E-1 8.48822E-1 8.2824E-1 8.67333E-1 8.8215E-1 8.56714E-1 8.43024E-1 8.97443E-1 8.84885E-1 8.67918E-1 7.41485E-1 7.20796E-1 8.59553E-1 9.40995E-1 9.02651E-1 9.20644E-1 9.01553E-1 8.34285E-1 8.97498E-1 9.02106E-1 9.30075E-1 9.03613E-1 9.59128E-1 9.17014E-1 9.59688E-1 9.51863E-1 9.29541E-1 9.05229E-1 8.23648E-1 9.44809E-1 8.81757E-1 8.32328E-1 7.82817E-1 8.432E-1 8.48069E-1 7.11588E-1 7.69293E-1 6.21041E-1 6.31606E-1 5.65216E-1 5.19885E-1 6.12771E-1 6.47203E-1 6.38584E-1 5.99371E-1 5.01662E-1 4.69527E-1 4.78366E-1 3.10607E-1 1.04344E-1 5.09478E-2 6.35182E-2 3.09354E-1 2.61875E-1 2.30032E-1 2.1683E-2 2.18428E-2 1.90352E-2 3.62087E-2 7.03216E-3 4.12942E-3 4.9823E-4
8.42587E-1 7.16238E-1 6.38273E-1 8.73978E-1 8.46474E-1 7.9716E-1 8.76114E-1 8.64491E-1 9.01493E-1 8.81729E-1 9.18521E-1 8.92763E-1 8.94531E-1 8.5667E-1 7.62063E-1 7.42854E-1 7.41303E-1 9.11494E-1 9.44618E-1 8.82215E-1 8.60656E-1 8.45005E-1 8.98368E-1 8.79436E-1 8.94847E-1 8.88952E-1 9.28662E-1 9.54786E-1 9.32943E-1 9.70232E-1 9.62367E-1 8.87232E-1 9.4938E-1 8.36662E-1 7.32311E-1 7.64087E-1 7.47537E-1 8.61735E-1 8.82455E-1 7.25356E-1 7.20306E-1 7.06329E-1 7.71479E-1 7.38089E-1 7.33786E-1 7.39241E-1 8.27066E-1 7.87552E-1 4.9352E-1 4.15226E-1 5.07022E-1 5.71348E-1 2.23387E-1 2.26236E-1 6.74881E-2 7.85356E-2 1.48216E-1 3.48017E-1 1.20716E-1 6.86308E-2 4.17533E-2 5.63527E-2 3.51229E-2 1.62441E-2 4.80935E-3 7.0595E-3 1.9663E-3
7.77683E-1 7.57192E-1 8.5988E-1 8.82009E-1 9.28172E-1 9.30983E-1 9.49888E-1 9.57357E-1 8.99113E-1 7.87609E-1 8.87063E-1 8.90728E-1 8.76576E-1 8.05984E-1 7.31739E-1 8.84134E-1 8.99571E-1 8.62821E-1 9.17027E-1 9.27555E-1 8.75421E-1 9.40375E-1 9.39035E-1 9.59483E-1 9.28617E-1 9.01997E-1 9.52024E-1 9.60299E-1 9.60941E-1 9.58166E-1 9.69894E-1 9.75577E-1 8.94661E-1 8.80821E-1 9.18522E-1 7.8288E-1 7.66893E-1 8.15132E-1 6.19806E-1 6.62344E-1 6.09329E-1 6.28304E-1 7.54057E-1 8.12602E-1 8.14927E-1 8.12896E-1 7.8974E-1 7.92044E-1 5.69286E-1 4.2098E-1 2.55232E-1 3.13578E-1 4.26403E-1 2.49805E-1 3.30227E-1 1.88392E-1 2.63943E-1 7.19226E-2 1.14096E-2 1.54204E-2 8.6826E-2 9.76412E-2 6.83981E-2 1.53027E-2 3.35492E-2 2.60307E-2 8.42049E-3
8.60418E-1 8.38345E-1 9.42213E-1 9.10017E-1 9.25923E-1 9.49871E-1 8.64966E-1 8.14085E-1 8.89167E-1 8.58489E-1 9.14887E-1 7.91E-1 8.20342E-1 8.26905E-1 8.5401E-1 8.53783E-1 8.48903E-1 8.57211E-1 9.23239E-1 9.09649E-1 9.16491E-1 9.33931E-1 9.67129E-1 9.52694E-1 9.41622E-1 9.68635E-1 9.70716E-1 9.39903E-1 8.98933E-1 9.38189E-1 9.27868E-1 9.40208E-1 6.97163E-1 6.92863E-1 9.42587E-1 9.18346E-1 9.1334E-1 9.00967E-1 8.64571E-1 6.48138E-1 6.18669E-1 6.93989E-1 7.74835E-1 8.3642E-1 7.58207E-1 6.85733E-1 6.62002E-1 6.15672E-1 5.45826E-1 3.52993E-1 3.799E-1 2.05065E-1 4.00604E-1 2.9867E-1 3.13793E-1 1.86826E-1 4.10693E-2 8.38138E-2 2.71853E-2 2.86647E-2 1.18683E-1 2.12942E-1 1.52959E-1 1.066E-1 1.54446E-1 1.21003E-2 5.62294E-3
7.48951E-1 9.18056E-1 9.22668E-1 9.3981E-1 9.60055E-1 8.994E-1 9.44774E-1 8.92636E-1 8.7715E-1 8.55949E-1 8.82327E-1 7.41331E-1 8.69045E-1 8.72806E-1 8.79467E-1 8.91089E-1 8.998E-1 9.39203E-1 8.23841E-1 9.07643E-1 8.7353E-1 9.23169E-1 9.70995E-1 9.80779E-1 9.53821E-1 9.6143E-1 9.36859E-1 7.82244E-1 8.83504E-1 9.28592E-1 9.08418E-1 9.14799E-1 7.24041E-1 5.63361E-1 8.35562E-1 9.19455E-1 9.05341E-1 8.18349E-1 7.40382E-1 7.21649E-1 6.05345E-1 8.72494E-1 7.82179E-1 6.79432E-1 7.57212E-1 7.29993E-1 5.17653E-1 7.25372E-1 6.53133E-1 3.73025E-1 3.46834E-1 3.41947E-1 3.94198E-1 3.20862E-1 4.09067E-1 2.9666E-1 1.11539E-1 2.069E-2 3.63691E-2 1.39081E-2 6.03926E-2 1.90455E-1 2.51632E-1 2.9462E-1 1.47739E-1 1.63346E-2 1.16374E-2
8.36559E-1 9.42197E-1 9.26163E-1 9.56134E-1 9.48084E-1 9.28125E-1 8.89071E-1 9.01956E-1 8.37424E-1 8.34583E-1 8.36914E-1 8.00496E-1 6.98321E-1 8.44854E-1 8.56858E-1 9.39965E-1 9.22732E-1 8.71463E-1 9.07009E-1 8.95055E-1 8.65847E-1 9.55231E-1 9.71565E-1 9.42982E-1 9.46578E-1 8.85441E-1 9.35906E-1 9.65828E-1 9.62002E-1 9.73634E-1 9.45986E-1 9.75836E-1 9.19748E-1 7.51466E-1 8.62127E-1 8.13041E-1 8.40452E-1 9.69149E-1 9.46778E-1 9.09783E-1 8.4741E-1 8.17689E-1 8.14678E-1 8.13783E-1 7.58823E-1 5.39095E-1 5.02474E-1 5.55668E-1 4.83321E-1 3.35796E-1 3.51779E-1 1.98917E-1 2.0647E-1 3.96649E-1 2.34586E-1 2.32474E-1 2.7746E-1 6.94471E-2 7.46244E-2 2.34642E-2 3.38559E-2 2.25934E-1 4.07415E-1 3.00976E-1 1.47951E-1 8.77977E-2 4.40071E-2
8.18859E-1 9.34003E-1 9.51311E-1 9.3838E-1 9.27921E-1 9.28173E-1 9.17722E-1 9.13645E-1 9.30695E-1 9.27303E-1 9.01993E-1 8.57472E-1 8.93002E-1 9.11589E-1 9.27567E-1 8.78789E-1 8.94105E-1 8.97256E-1 7.94333E-1 8.66606E-1 8.4E-1 8.79155E-1 9.43732E-1 9.69965E-1 9.72225E-1 9.04224E-1 9.62235E-1 9.65248E-1 8.28679E-1 8.22788E-1 9.68227E-1 9.62833E-1 9.4379E-1 9.41525E-1 9.23576E-1 9.44129E-1 9.22212E-1 8.69371E-1 8.08011E-1 8.41784E-1 8.42039E-1 8.09232E-1 8.121E-1 5.64158E-1 6.24932E-1 6.28441E-1 5.37086E-1 5.67034E-1 6.42056E-1 4.89833E-1 3.11933E-1 2.81206E-1 3.0505E-1 2.69313E-1 2.38436E-1 1.7974E-1 1.88467E-1 1.28579E-1 7.71395E-2 1.23508E-2 1.35331E-2 1.05993E-1 2.77906E-1 3.75089E-1 4.47252E-2 9.45472E-3 8.32927E-3
9.49484E-1 9.24432E-1 9.27117E-1 9.39439E-1 9.34534E-1 9.54509E-1 9.46863E-1 9.41282E-1 9.08615E-1 8.90786E-1 8.70813E-1 8.51293E-1 8.56201E-1 8.67566E-1 8.9672E-1 8.33999E-1 7.75268E-1 8.50568E-1 7.98364E-1 8.3878E-1 7.96988E-1 8.84442E-1 9.03896E-1 9.64289E-1 8.60111E-1 9.36429E-1 9.75002E-1 9.48263E-1 8.38525E-1 8.93958E-1 9.76687E-1 9.56269E-1 9.77197E-1 9.65252E-1 9.67593E-1 9.65618E-1 8.71804E-1 8.29287E-1 9.20406E-1 8.6297E-1 8.35114E-1 7.87504E-1 7.89962E-1 8.07283E-1 6.73075E-1 5.42262E-1 6.78183E-1 3.9443E-1 5.45829E-1 3.75065E-1 2.61873E-1 2.56321E-1 3.18285E-1 2.36108E-1 2.03225E-1 1.83802E-1 1.52762E-1 1.30731E-1 6.51085E-2 1.94283E-2 1.49028E-2 9.4123E-2 2.70912E-1 3.92227E-1 1.48222E-1 2.12411E-2 1.28107E-2
9.18919E-1 9.23566E-1 8.86304E-1 8.75316E-1 9.24379E-1 8.92792E-1 9.01813E-1 9.40836E-1 9.41266E-1 9.36241E-1 8.38658E-1 7.84877E-1 7.59038E-1 8.40741E-1 8.96273E-1 7.54808E-1 7.90583E-1 7.78073E-1 7.44092E-1 8.88216E-1 9.04888E-1 8.2274E-1 9.38102E-1 8.53567E-1 9.78804E-1 9.74521E-1 9.1073E-1 8.78697E-1 9.21672E-1 9.75349E-1 9.67813E-1 9.54546E-1 9.29652E-1 9.69183E-1 9.29019E-1 9.22525E-1 9.23427E-1 8.13219E-1 8.23137E-1 7.98612E-1 7.5183E-1 7.82286E-1 8.13025E-1 6.31103E-1 5.52418E-1 7.22482E-1 6.83719E-1 5.17662E-1 4.54808E-1 6.22163E-1 5.5184E-1 3.95495E-1 1.70138E-1 2.55315E-1 2.84105E-1 2.4379E-1 1.87258E-1 1.37687E-1 4.37998E-2 1.15283E-2 4.28087E-2 2.0025E-1 3.90463E-1 5.37665E-1 1.22853E-1 2.93232E-2 3.40517E-2
9.06691E-1 9.09591E-1 8.19893E-1 7.45109E-1 8.04533E-1 8.38894E-1 8.15243E-1 8.90054E-1 9.17775E-1 7.16721E-1 8.72522E-1 9.05016E-1 8.90931E-1 9.18823E-1 8.84478E-1 8.22913E-1 8.14273E-1 7.6676E-1 7.87834E-1 8.57454E-1 7.56481E-1 7.8426E-1 9.27633E-1 9.02915E-1 8.74855E-1 8.82927E-1 9.60739E-1 9.82296E-1 9.85178E-1 9.80443E-1 9.72302E-1 9.49793E-1 9.51348E-1 9.51658E-1 9.376E-1 8.94773E-1 8.96984E-1 8.16537E-1 7.62046E-1 6.39857E-1 7.74139E-1 7.05043E-1 8.51353E-1 6.32273E-1 4.55718E-1 7.95038E-1 5.84932E-1 4.43065E-1 4.7492E-1 4.25527E-1 4.30375E-1 3.34058E-1 4.77676E-1 3.62763E-1 2.62775E-1 1.74644E-1 1.29667E-1 5.10047E-2 1.76962E-2 2.13063E-2 1.36001E-1 4.26365E-1 2.20407E-1 1.09764E-1 6.82746E-2 1.92957E-2 1.69202E-2
8.93657E-1 8.59597E-1 8.36491E-1 8.7184E-1 8.1155E-1 9.26026E-1 8.83738E-1 9.04712E-1 8.62023E-1 7.77943E-1 9.14254E-1 8.08418E-1 9.01115E-1 9.27562E-1 8.78684E-1 8.97709E-1 7.85213E-1 5.48758E-1 6.97586E-1 9.02928E-1 8.74369E-1 9.63427E-1 9.66671E-1 9.42895E-1 8.98812E-1 8.85646E-1 8.85391E-1 9.82296E-1 9.79483E-1 9.73852E-1 9.69615E-1 9.57614E-1 8.15997E-1 9.54923E-1 9.4712E-1 8.42602E-1 7.93828E-1 8.57455E-1 7.88649E-1 8.01646E-1 8.2132E-1 7.74837E-1 8.19012E-1 7.56815E-1 6.46223E-1 7.98065E-1 4.66506E-1 4.32651E-1 5.03004E-1 4.90209E-1 2.57494E-1 2.67347E-1 2.92764E-1 3.62396E-1 2.43581E-1 1.99213E-1 1.08424E-1 2.01788E-2 2.96751E-2 1.71503E-1 3.1354E-1 1.59399E-1 1.4344E-1 5.51319E-2 1.52123E-1 2.112E-2 1.42147E-2
8.3175E-1 8.53015E-1 8.54094E-1 8.04158E-1 8.81317E-1 8.70606E-1 8.43265E-1 8.64554E-1 8.73428E-1 7.89975E-1 8.4902E-1 8.2566E-1 9.09679E-1 8.90813E-1 8.06019E-1 8.38543E-1 9.3048E-1 6.96417E-1 8.47753E-1 9.30564E-1 9.4442E-1 9.66679E-1 9.71434E-1 9.59153E-1 8.59029E-1 8.20735E-1 9.13655E-1 9.58945E-1 9.60421E-1 9.60912E-1 9.25185E-1 8.37787E-1 5.92351E-1 8.60988E-1 9.30143E-1 8.79966E-1 7.69102E-1 8.65026E-1 8.7547E-1 7.00593E-1 7.84553E-1 6.93078E-1 7.04453E-1 7.56871E-1 7.01144E-1 6.57891E-1 6.5318E-1 6.86735E-1 5.92484E-1 5.76022E-1 3.86606E-1 3.91821E-1 2.79371E-1 2.25428E-1 1.82268E-1 1.49008E-1 1.129E-1 3.03323E-2 6.36718E-2 9.17725E-2 2.69734E-1 1.82708E-1 1.38483E-1 1.18099E-1 1.68486E-1 1.66884E-2 9.11119E-3
9.14017E-1 8.27696E-1 8.54395E-1 8.7612E-1 9.06909E-1 8.84896E-1 9.25285E-1 8.94206E-1 8.29586E-1 7.78452E-1 8.37112E-1 8.91058E-1 8.7315E-1 8.83754E-1 8.79493E-1 8.23721E-1 9.36172E-1 9.17892E-1 8.52403E-1 9.50536E-1 9.68778E-1 9.79554E-1 9.64612E-1 9.67794E-1 9.16166E-1 9.53295E-1 8.68054E-1 8.98263E-1 9.5017E-1 9.6539E-1 8.43163E-1 6.49397E-1 6.1616E-1 8.48587E-1 8.26155E-1 8.71257E-1 7.45435E-1 7.30974E-1 7.40444E-1 6.17375E-1 6.51057E-1 7.15631E-1 6.46509E-1 4.21607E-1 4.76794E-1 5.25714E-1 5.10032E-1 5.13047E-1 4.91811E-1 6.29558E-1 5.0739E-1 5.54161E-1 3.45961E-1 1.5853E-1 1.89147E-1 3.45051E-1 1.28395E-1 6.70427E-2 4.62142E-2 5.99583E-2 9.52087E-2 2.10572E-1 3.4064E-2 6.02755E-3 3.12714E-2 3.65265E-2 5.35995E-3
7.44372E-1 8.51321E-1 7.96004E-1 8.26715E-1 8.46296E-1 8.55457E-1 9.32226E-1 9.12665E-1 9.10772E-1 8.75357E-1 7.13441E-1 8.53681E-1 8.77651E-1 9.20482E-1 9.18081E-1 8.82678E-1 8.48347E-1 9.16781E-1 9.68925E-1 9.81022E-1 9.46492E-1 9.62521E-1 8.48957E-1 7.41597E-1 7.63023E-1 7.57215E-1 7.99898E-1 5.98526E-1 8.33336E-1 9.2719E-1 7.12011E-1 7.41394E-1 6.78006E-1 5.96246E-1 7.29052E-1 7.71847E-1 7.20929E-1 7.4247E-1 6.09594E-1 6.542E-1 6.05299E-1 5.25104E-1 2.04391E-1 2.01687E-1 2.97377E-1 2.3667E-1 1.9359E-1 1.35552E-1 2.05064E-1 3.82201E-1 4.27862E-1 4.90874E-1 4.63372E-1 2.68105E-1 3.76978E-1 2.33566E-1 8.0306E-2 1.30265E-1 1.91975E-1 1.52632E-2 4.18381E-2 4.07248E-4 1.22709E-3 3.65615E-3 9.52089E-3 6.28493E-3 4.62724E-3
8.61518E-1 8.08981E-1 7.50289E-1 8.64746E-1 9.09265E-1 8.46032E-1 8.57037E-1 8.19618E-1 8.75544E-1 8.09126E-1 7.91336E-1 8.74052E-1 9.04641E-1 9.11845E-1 8.96841E-1 7.92272E-1 8.41318E-1 8.63825E-1 9.03423E-1 9.82168E-1 9.82344E-1 8.7055E-1 8.05256E-1 8.25061E-1 7.84959E-1 7.2141E-1 7.43683E-1 6.61094E-1 6.68649E-1 7.77172E-1 6.99334E-1 7.79743E-1 8.13226E-1 6.27954E-1 3.82825E-1 6.55166E-1 6.53416E-1 7.16263E-1 7.48637E-1 5.60119E-1 6.1195E-1 3.3148E-1 3.38521E-1 5.4555E-1 4.67994E-1 5.1267E-1 2.75463E-1 5.23238E-2 8.51977E-2 1.94398E-1 3.44136E-1 4.20146E-1 1.73394E-1 2.65483E-1 6.73827E-1 4.42949E-1 1.65063E-1 5.21342E-1 2.01333E-1 2.39121E-2 1.62393E-1 1.32946E-1 6.04802E-3 4.86991E-2 4.65832E-2 5.862E-3 4.96726E-3
9.19641E-1 8.51392E-1 8.20302E-1 9.16416E-1 8.77929E-1 8.07187E-1 7.09014E-1 7.04252E-1 8.18114E-1 7.63993E-1 8.25761E-1 9.17853E-1 9.26894E-1 8.99848E-1 8.70669E-1 8.79911E-1 8.93915E-1 9.49022E-1 9.391E-1 9.76538E-1 9.79131E-1 9.6314E-1 9.29167E-1 9.32559E-1 9.48813E-1 9.47823E-1 8.33526E-1 8.13695E-1 9.70743E-1 9.0878E-1 8.62816E-1 7.11882E-1 7.08231E-1 7.76502E-1 7.65538E-1 6.51646E-1 4.12167E-1 6.55238E-1 6.12518E-1 4.3467E-1 5.86848E-1 5.57774E-1 7.86155E-1 6.88773E-1 5.56909E-1 5.22484E-1 4.07678E-1 1.53366E-1 1.53463E-1 2.98957E-1 2.65322E-1 2.33885E-1 3.10682E-1 3.59574E-1 7.30016E-1 2.47953E-1 4.06018E-1 8.38579E-2 4.69288E-1 2.73672E-1 8.21938E-1 9.38709E-1 9.11906E-1 6.35892E-1 6.94459E-2 1.39824E-1 9.05084E-2
7.90359E-1 8.86526E-1 9.40997E-1 8.49083E-1 7.33255E-1 8.78035E-1 7.76382E-1 7.67407E-1 7.81804E-1 8.41622E-1 8.92117E-1 8.50353E-1 9.14852E-1 6.5282E-1 8.42053E-1 7.3479E-1 8.89751E-1 8.88843E-1 9.59258E-1 9.4058E-1 9.53557E-1 9.73084E-1 9.66641E-1 9.14211E-1 9.68823E-1 9.50066E-1 9.59658E-1 9.73997E-1 9.7213E-1 9.29645E-1 7.40808E-1 8.66799E-1 8.47964E-1 8.38291E-1 7.99812E-1 8.38315E-1 4.05701E-1 6.40475E-1 5.20962E-1 5.30793E-1 6.44695E-1 4.92571E-1 7.59549E-1 7.68983E-1 6.06732E-1 5.00073E-1 2.70566E-1 2.19619E-1 4.9932E-1 4.93834E-1 2.65249E-1 1.24605E-1 3.04377E-1 5.00027E-1 4.25627E-1 6.14294E-2 6.38338E-2 1.55374E-2 1.67983E-2 1.08931E-1 3.79603E-1 8.59985E-1 7.56276E-1 2.87029E-1 1.0353E-1 1.95062E-1 3.22276E-1
8.31863E-1 8.18467E-1 8.55915E-1 9.12387E-1 6.26073E-1 7.91991E-1 6.97008E-1 6.89571E-1 8.66197E-1 8.80429E-1 9.38792E-1 9.06456E-1 8.68352E-1 8.31115E-1 8.66747E-1 8.89907E-1 8.52397E-1 9.71019E-1 9.68683E-1 9.59737E-1 9.72812E-1 9.66572E-1 9.55347E-1 8.26222E-1 9.12659E-1 9.68274E-1 9.67728E-1 9.16857E-1 9.71465E-1 8.82944E-1 8.30429E-1 9.50291E-1 9.3904E-1 8.7376E-1 5.79549E-1 7.67599E-1 5.96678E-1 6.12042E-1 5.75279E-1 4.81662E-1 5.81344E-1 4.88818E-1 7.24884E-1 6.7453E-1 4.24138E-1 3.0168E-1 9.70443E-2 1.31362E-1 4.63967E-1 5.83554E-1 3.27527E-1 3.10155E-1 3.57709E-1 6.12234E-1 2.54048E-1 2.50614E-2 9.24082E-3 1.03809E-2 2.25437E-2 2.18352E-2 3.2482E-3 2.58726E-1 4.89473E-1 5.25267E-1 2.54238E-1 3.3004E-2 2.16829E-2
7.97579E-1 7.97614E-1 8.42645E-1 9.37762E-1 7.28049E-1 7.87601E-1 7.33104E-1 8.46581E-1 8.97151E-1 8.93133E-1 9.29726E-1 8.29963E-1 8.2957E-1 8.1353E-1 9.0324E-1 9.21301E-1 9.12829E-1 9.34921E-1 9.49486E-1 9.072E-1 9.0002E-1 9.26856E-1 9.62087E-1 9.51229E-1 8.77165E-1 9.47291E-1 9.49126E-1 9.40922E-1 8.52736E-1 8.63896E-1 8.93408E-1 9.69883E-1 9.01149E-1 8.26456E-1 8.53422E-1 5.65135E-1 7.39884E-1 5.92398E-1 6.43705E-1 6.89249E-1 6.22003E-1 3.36729E-1 5.25338E-1 6.61566E-1 3.91022E-1 2.21001E-1 2.83683E-1 3.25712E-1 4.38959E-1 6.47546E-1 7.08447E-1 6.21435E-1 5.37346E-1 3.16211E-1 1.80301E-1 8.40579E-2 7.22201E-3 5.11581E-3 1.66341E-2 1.70174E-2 4.88125E-3 2.09166E-2 1.56022E-2 2.80473E-1 4.40381E-1 3.85891E-2 4.92254E-2
8.73933E-1 8.75935E-1 8.18683E-1 8.9438E-1 8.85666E-1 8.35028E-1 8.13144E-1 8.48492E-1 9.33206E-1 9.30886E-1 9.34474E-1 7.28146E-1 8.2026E-1 8.17547E-1 9.43223E-1 9.0022E-1 9.45951E-1 9.12325E-1 9.37033E-1 9.31115E-1 9.05191E-1 8.78072E-1 9.28289E-1 9.40568E-1 9.1662E-1 8.87162E-1 9.04887E-1 9.2061E-1 8.99269E-1 9.03815E-1 8.95688E-1 8.73615E-1 8.83262E-1 8.58244E-1 5.26417E-1 6.45152E-1 8.22679E-1 9.05704E-1 8.57348E-1 8.32083E-1 8.45994E-1 7.33561E-1 4.6965E-1 4.96838E-1 2.62959E-1 5.34133E-1 7.25058E-1 7.7767E-1 7.50736E-1 7.59477E-1 3.36106E-1 2.93872E-1 8.4535E-2 3.89502E-2 2.66676E-2 1.03132E-2 1.02376E-3 7.00713E-4 2.03931E-3 2.32072E-3 7.14885E-4 3.14953E-3 5.43635E-3 1.17656E-1 1.28684E-1 1.02014E-2 3.1002E-3
7.52712E-1 7.84567E-1 8.55463E-1 8.64857E-1 8.70291E-1 8.31799E-1 8.96545E-1 7.98634E-1 9.08173E-1 9.17415E-1 9.17805E-1 6.02102E-1 8.02598E-1 9.70694E-1 8.82782E-1 8.87247E-1 9.13964E-1 8.46993E-1 8.11133E-1 9.45715E-1 9.4851E-1 8.35771E-1 9.26324E-1 9.33031E-1 9.45924E-1 8.69414E-1 8.85794E-1 9.51877E-1 8.85928E-1 9.03187E-1 8.47301E-1 7.24222E-1 7.906E-1 5.36227E-1 4.81154E-1 5.09774E-1 6.75561E-1 7.2416E-1 7.99771E-1 8.13349E-1 6.60739E-1 3.95332E-1 5.05095E-1 2.54467E-1 2.06092E-1 4.72252E-1 7.7213E-1 8.09117E-1 8.63051E-1 5.8155E-1 1.84596E-1 5.19483E-2 4.69478E-3 5.28046E-4 2.88659E-4 1.41611E-3 6.89804E-4 2.31607E-4 3.38815E-4 3.34942E-4 4.58749E-4 1.15876E-2 6.69551E-2 9.19743E-2 8.4093E-3 2.23035E-3 6.72609E-4
8.1571E-1 8.17425E-1 8.47172E-1 8.58379E-1 8.8295E-1 7.04815E-1 8.78012E-1 8.63068E-1 8.22582E-1 7.78928E-1 9.09446E-1 7.16504E-1 8.51071E-1 8.59065E-1 8.81622E-1 9.11699E-1 9.40189E-1 9.08322E-1 8.43858E-1 8.71387E-1 8.78818E-1 9.44215E-1 9.54296E-1 9.57564E-1 9.36129E-1 9.61329E-1 9.50863E-1 9.59997E-1 8.94122E-1 9.09812E-1 7.9996E-1 8.54742E-1 6.8077E-1 7.49261E-1 5.5949E-1 5.77907E-1 6.61155E-1 6.42491E-1 4.02587E-1 5.23391E-1 3.28864E-1 3.46722E-1 6.87039E-1 5.34037E-1 4.47464E-1 6.67883E-1 7.89329E-1 7.202E-1 4.83117E-1 1.62271E-1 2.3514E-2 4.40099E-3 1.27471E-3 1.25773E-4 1.00289E-4 2.69858E-4 3.64888E-4 1.75125E-4 1.77661E-4 4.35533E-4 7.11558E-3 4.70468E-2 7.61792E-2 6.98742E-2 7.47062E-2 2.26663E-2 1.83879E-3
8.81216E-1 8.58539E-1 8.78738E-1 8.80305E-1 8.89977E-1 8.79529E-1 8.7084E-1 7.98467E-1 8.43529E-1 8.66242E-1 8.86275E-1 7.29044E-1 6.68008E-1 8.60323E-1 8.50655E-1 9.27449E-1 9.14898E-1 8.7987E-1 8.19591E-1 9.09495E-1 8.38374E-1 9.10408E-1 9.55834E-1 9.42994E-1 9.49681E-1 9.31151E-1 8.33099E-1 8.92364E-1 8.90252E-1 6.872E-1 6.32291E-1 7.67767E-1 7.41524E-1 7.11681E-1 6.68029E-1 8.01868E-1 5.34002E-1 3.89066E-1 6.55205E-1 5.25477E-1 4.63933E-1 4.57351E-1 8.09292E-1 8.67801E-1 7.03453E-1 8.69375E-1 5.69157E-1 3.8873E-1 4.32817E-1 2.077E-1 2.06623E-2 2.83964E-3 9.88325E-4 3.05022E-4 1.25782E-4 3.91011E-4 9.67636E-4 5.76578E-4 4.43122E-4 3.03209E-3 5.37642E-3 1.70853E-3 2.41582E-2 2.10256E-2 1.28349E-1 5.48061E-2 1.19901E-1
