ENM/Final_Models/M_0.9_F_q_Set_1_EC/Gustavia_santanderiensis_5_Choco_clamping.asc
ncols         367
nrows         963
xllcorner     -78.6
yllcorner     0.65
cellsize      0.00833333333333323
NODATA_value  -9999
[rows 736 to 767 of 963, columns 0 to 70 of 367]
-9999 -9999 -9999 -9999 -9999 -9999 -9999 -9999 -9999 -9999 -9999 -9999 -9999 -9999 -9999 -9999 -9999 -9999 -9999 -9999 -9999 -9999 -9999 -9999 -9999 -9999 -9999 -9999 -9999 -9999 -9999 -9999 -9999 -9999 -9999 -9999 -9999 -9999 -9999 -9999 -9999 -9999 -9999 -9999 -9999 -9999 -9999 -9999 -9999 -9999 -9999 -9999 -9999 -9999 -9999 -9999 -9999 -9999 -9999 -9999 -9999 -9999 -9999 -9999 -9999 -9999 -9999 -9999 -9999 -9999 3.69635E-1
-9999 -9999 -9999 -9999 -9999 -9999 -9999 -9999 -9999 -9999 -9999 -9999 -9999 -9999 -9999 -9999 -9999 -9999 -9999 -9999 -9999 -9999 -9999 -9999 -9999 -9999 -9999 -9999 -9999 -9999 -9999 -9999 -9999 -9999 -9999 -9999 -9999 -9999 -9999 -9999 -9999 -9999 -9999 -9999 -9999 -9999 -9999 -9999 -9999 -9999 -9999 -9999 -9999 -9999 -9999 -9999 -9999 -9999 -9999 -9999 -9999 -9999 -9999 -9999 -9999 -9999 -9999 -9999 3.10943E-1 2.89716E-1 2.40259E-1
-9999 -9999 -9999 -9999 -9999 -9999 -9999 -9999 -9999 -9999 -9999 -9999 -9999 -9999 -9999 -9999 -9999 -9999 -9999 -9999 -9999 -9999 -9999 -9999 -9999 -9999 -9999 -9999 -9999 -9999 -9999 -9999 -9999 -9999 -9999 -9999 -9999 -9999 -9999 -9999 -9999 -9999 -9999 -9999 -9999 -9999 -9999 -9999 -9999 -9999 -9999 -9999 -9999 -9999 -9999 -9999 -9999 -9999 -9999 -9999 -9999 -9999 -9999 -9999 -9999 -9999 -9999 8.17007E-1 7.78169E-1 2.74881E-1 5.58163E-1
-9999 -9999 -9999 -9999 -9999 -9999 -9999 -9999 -9999 -9999 -9999 -9999 -9999 -9999 -9999 -9999 -9999 -9999 -9999 -9999 -9999 -9999 -9999 -9999 -9999 -9999 -9999 -9999 -9999 -9999 -9999 -9999 -9999 -9999 -9999 -9999 -9999 -9999 -9999 -9999 -9999 -9999 -9999 -9999 -9999 -9999 -9999 -9999 -9999 -9999 -9999 -9999 -9999 -9999 -9999 -9999 -9999 -9999 -9999 -9999 -9999 -9999 -9999 -9999 -9999 -9999 4.09827E-1 8.03411E-1 7.77591E-1 8.35206E-1 8.17198E-1
-9999 -9999 -9999 -9999 -9999 -9999 -9999 -9999 -9999 -9999 -9999 -9999 -9999 -9999 -9999 -9999 -9999 -9999 -9999 -9999 -9999 -9999 -9999 -9999 -9999 -9999 -9999 -9999 -9999 -9999 -9999 -9999 -9999 -9999 -9999 -9999 -9999 -9999 -9999 -9999 -9999 -9999 -9999 -9999 -9999 -9999 -9999 -9999 -9999 -9999 -9999 -9999 -9999 -9999 -9999 -9999 -9999 -9999 -9999 -9999 -9999 -9999 -9999 -9999 -9999 8.99216E-1 4.93326E-1 7.94592E-1 5.39953E-1 6.33875E-1 8.39548E-1
-9999 -9999 -9999 -9999 -9999 -9999 -9999 -9999 -9999 -9999 -9999 -9999 -9999 -9999 -9999 -9999 -9999 -9999 -9999 -9999 -9999 -9999 -9999 -9999 -9999 -9999 -9999 -9999 -9999 -9999 -9999 -9999 -9999 -9999 -9999 -9999 -9999 -9999 -9999 -9999 -9999 -9999 -9999 -9999 -9999 -9999 -9999 -9999 -9999 -9999 -9999 -9999 -9999 -9999 -9999 -9999 -9999 -9999 -9999 -9999 -9999 -9999 -9999 -9999 3.27762E-1 2.79247E-1 6.00634E-1 7.80849E-1 7.3987E-1 7.5304E-1 7.7763E-1
-9999 -9999 -9999 -9999 -9999 -9999 -9999 -9999 -9999 -9999 -9999 -9999 -9999 -9999 -9999 -9999 -9999 -9999 -9999 -9999 -9999 -9999 -9999 -9999 -9999 -9999 -9999 -9999 -9999 -9999 -9999 -9999 -9999 -9999 -9999 -9999 -9999 -9999 -9999 -9999 -9999 -9999 -9999 -9999 -9999 -9999 -9999 -9999 -9999 -9999 -9999 -9999 -9999 -9999 -9999 -9999 -9999 -9999 -9999 -9999 -9999 -9999 3.71432E-1 3.84207E-1 4.24722E-1 3.50627E-1 3.29435E-1 7.39812E-1 8.0874E-1 7.90853E-1 7.75967E-1
-9999 -9999 -9999 -9999 -9999 -9999 -9999 -9999 -9999 -9999 -9999 -9999 -9999 -9999 -9999 -9999 -9999 -9999 -9999 -9999 -9999 -9999 -9999 -9999 -9999 -9999 -9999 -9999 -9999 -9999 -9999 -9999 -9999 -9999 -9999 -9999 -9999 -9999 -9999 -9999 -9999 -9999 -9999 -9999 -9999 -9999 -9999 -9999 -9999 -9999 -9999 -9999 -9999 -9999 -9999 -9999 -9999 -9999 -9999 7.94536E-1 6.86355E-1 -9999 2.88783E-1 4.40241E-1 3.46757E-1 2.90224E-1 3.48016E-1 5.40233E-1 5.72912E-1 7.69135E-1 7.80249E-1
-9999 -9999 -9999 -9999 -9999 -9999 -9999 -9999 -9999 -9999 -9999 -9999 -9999 -9999 -9999 -9999 -9999 -9999 -9999 -9999 -9999 -9999 -9999 -9999 -9999 -9999 -9999 -9999 -9999 -9999 -9999 -9999 -9999 -9999 -9999 -9999 -9999 -9999 -9999 -9999 -9999 -9999 -9999 -9999 -9999 -9999 -9999 -9999 -9999 -9999 -9999 -9999 -9999 -9999 -9999 -9999 -9999 4.35665E-1 6.3386E-1 7.08604E-1 6.5482E-1 7.34129E-1 4.70647E-1 3.83028E-1 3.27699E-1 4.07742E-1 3.44818E-1 5.89705E-1 7.22244E-1 8.33234E-1 8.45327E-1
-9999 -9999 -9999 -9999 -9999 -9999 -9999 -9999 -9999 -9999 -9999 -9999 -9999 -9999 -9999 -9999 -9999 -9999 -9999 -9999 -9999 -9999 -9999 -9999 -9999 -9999 -9999 -9999 -9999 -9999 -9999 -9999 -9999 -9999 -9999 -9999 -9999 -9999 -9999 -9999 -9999 -9999 -9999 -9999 -9999 -9999 -9999 -9999 -9999 -9999 -9999 -9999 -9999 -9999 -9999 -9999 8.80858E-2 3.03487E-1 5.50082E-1 -9999 4.38504E-1 2.96198E-1 5.7351E-1 3.53032E-1 3.41339E-1 -9999 2.65928E-1 8.31845E-1 8.37861E-1 8.83737E-1 8.37012E-1
-9999 -9999 -9999 -9999 -9999 -9999 -9999 -9999 -9999 -9999 -9999 -9999 -9999 -9999 -9999 -9999 -9999 -9999 -9999 -9999 -9999 -9999 -9999 -9999 -9999 -9999 -9999 -9999 -9999 -9999 -9999 -9999 -9999 -9999 -9999 -9999 -9999 -9999 -9999 -9999 -9999 -9999 -9999 -9999 -9999 -9999 -9999 -9999 -9999 -9999 -9999 -9999 -9999 -9999 -9999 2.18011E-1 4.138E-1 4.44296E-1 7.24518E-1 3.27119E-1 2.72229E-1 3.06672E-1 2.72186E-1 2.46218E-1 2.83824E-1 3.86526E-1 2.02482E-1 4.57502E-1 7.61418E-1 7.75481E-1 6.94814E-1
-9999 -9999 -9999 -9999 -9999 -9999 -9999 -9999 -9999 -9999 -9999 -9999 -9999 -9999 -9999 -9999 -9999 -9999 -9999 -9999 -9999 -9999 -9999 -9999 -9999 -9999 -9999 -9999 -9999 -9999 -9999 -9999 -9999 -9999 -9999 -9999 -9999 -9999 -9999 -9999 -9999 -9999 -9999 -9999 -9999 -9999 -9999 -9999 -9999 -9999 -9999 -9999 -9999 -9999 4.60109E-1 3.86046E-1 2.03863E-1 1.65382E-1 4.50026E-1 3.33729E-1 -9999 3.93648E-1 2.55226E-1 2.56085E-1 3.22512E-1 2.57713E-1 1.99557E-1 8.67325E-1 4.7723E-1 2.14936E-1 2.71188E-1
-9999 -9999 -9999 -9999 -9999 -9999 -9999 -9999 -9999 -9999 -9999 -9999 -9999 -9999 -9999 -9999 -9999 -9999 -9999 -9999 -9999 -9999 -9999 -9999 -9999 -9999 -9999 -9999 -9999 -9999 -9999 -9999 -9999 -9999 -9999 -9999 -9999 -9999 -9999 -9999 -9999 -9999 -9999 -9999 -9999 -9999 -9999 -9999 -9999 -9999 -9999 -9999 -9999 7.69607E-1 5.59933E-1 5.15476E-1 4.43981E-1 4.54554E-1 3.64048E-1 3.69718E-1 2.88267E-1 3.64766E-1 2.85851E-1 4.01158E-1 3.47117E-1 3.88503E-1 3.36656E-1 4.98297E-1 4.82753E-1 2.02398E-1 2.51661E-1
-9999 -9999 -9999 -9999 -9999 -9999 -9999 -9999 -9999 -9999 -9999 -9999 -9999 -9999 -9999 -9999 -9999 -9999 -9999 0E0 0E0 0E0 -9999 -9999 -9999 -9999 -9999 -9999 -9999 -9999 2.6815E-1 -9999 -9999 -9999 -9999 -9999 -9999 -9999 -9999 -9999 -9999 -9999 -9999 -9999 -9999 -9999 -9999 -9999 -9999 -9999 -9999 -9999 -9999 7.49541E-1 7.68442E-1 7.23336E-1 5.24674E-1 5.08233E-1 -9999 3.84079E-1 4.46142E-1 4.3981E-1 4.19285E-1 2.57276E-1 3.14282E-1 3.33382E-1 3.77517E-1 7.95592E-1 7.44526E-1 7.47229E-1 6.67897E-1
-9999 -9999 -9999 -9999 -9999 -9999 -9999 -9999 -9999 -9999 -9999 -9999 -9999 -9999 -9999 -9999 -9999 0E0 1.14121E-2 2.32902E-2 0E0 0E0 0E0 0E0 -9999 -9999 -9999 -9999 0E0 0E0 1.36144E-1 2.35751E-1 -9999 -9999 -9999 -9999 -9999 -9999 -9999 -9999 -9999 -9999 -9999 -9999 -9999 -9999 -9999 -9999 -9999 -9999 -9999 -9999 5.42027E-1 5.18163E-1 7.34109E-1 8.05242E-1 7.67516E-1 7.66042E-1 4.05983E-1 3.42334E-1 3.8755E-1 3.2404E-1 3.02693E-1 5.03325E-1 5.79666E-1 8.16488E-1 8.30154E-1 7.367E-1 6.75377E-1 7.88375E-1 8.05974E-1
-9999 -9999 -9999 -9999 -9999 -9999 -9999 -9999 -9999 -9999 -9999 -9999 -9999 -9999 -9999 0E0 -9999 0E0 0E0 0E0 0E0 0E0 0E0 0E0 0E0 0E0 0E0 0E0 0E0 0E0 1.37743E-1 2.49808E-1 2.52342E-1 -9999 -9999 -9999 -9999 -9999 -9999 -9999 -9999 -9999 -9999 -9999 -9999 -9999 -9999 -9999 -9999 -9999 6.35293E-1 6.26813E-1 7.41678E-1 6.92273E-1 8.25861E-1 8.04269E-1 7.04969E-1 6.54406E-1 -9999 4.11497E-1 2.75979E-1 2.6623E-1 3.24337E-1 8.77074E-1 8.75763E-1 7.09452E-1 8.13547E-1 3.54775E-1 6.3491E-1 7.84197E-1 8.06404E-1
-9999 -9999 -9999 -9999 -9999 -9999 -9999 -9999 -9999 -9999 -9999 -9999 -9999 -9999 0E0 0E0 0E0 0E0 0E0 0E0 0E0 0E0 0E0 3.29957E-2 4.13762E-2 0E0 0E0 0E0 0E0 0E0 1.0263E-1 1.4139E-1 1.43353E-1 -9999 -9999 -9999 -9999 -9999 6.22136E-1 -9999 -9999 -9999 -9999 -9999 -9999 -9999 -9999 -9999 -9999 8.22251E-1 8.18364E-1 7.67709E-1 7.81783E-1 8.07631E-1 7.9996E-1 8.10794E-1 6.46391E-1 6.66728E-1 4.13307E-1 3.21557E-1 3.30844E-1 3.18228E-1 6.24097E-1 5.40083E-1 7.79641E-1 7.16794E-1 8.18543E-1 8.91317E-1 8.01916E-1 8.98526E-1 8.85833E-1
-9999 -9999 -9999 -9999 -9999 -9999 -9999 -9999 -9999 -9999 -9999 -9999 -9999 0E0 0E0 0E0 0E0 0E0 0E0 0E0 0E0 0E0 1.62379E-2 2.79924E-2 4.03269E-2 4.90667E-2 0E0 0E0 0E0 0E0 0E0 -9999 -9999 -9999 -9999 4.81361E-1 4.81621E-1 7.27966E-1 7.84629E-1 7.46985E-1 5.3448E-1 6.03131E-1 6.6565E-1 -9999 -9999 -9999 -9999 -9999 6.10085E-1 7.70831E-1 7.9903E-1 8.14661E-1 7.99744E-1 7.83776E-1 8.04321E-1 4.43358E-1 4.04042E-1 -9999 4.66997E-1 3.97435E-1 3.7411E-1 5.83063E-1 5.2482E-1 5.76005E-1 4.00544E-1 8.16097E-1 8.77728E-1 6.74742E-1 7.89797E-1 8.27557E-1 8.51617E-1
-9999 -9999 -9999 -9999 -9999 -9999 -9999 -9999 -9999 -9999 -9999 -9999 -9999 0E0 0E0 0E0 0E0 0E0 0E0 0E0 0E0 0E0 0E0 2.43851E-2 0E0 4.77494E-2 5.47786E-2 8.24392E-2 7.65655E-2 0E0 0E0 2.72269E-1 -9999 -9999 4.83074E-1 6.95184E-1 7.10468E-1 7.47555E-1 5.50134E-1 5.47993E-1 3.09579E-1 5.82038E-1 7.84519E-1 6.90116E-1 6.7904E-1 6.82772E-1 8.25401E-1 7.2396E-1 7.86842E-1 8.24993E-1 8.07983E-1 7.74914E-1 7.80212E-1 8.09648E-1 7.98066E-1 6.87303E-1 6.62193E-1 6.6344E-1 4.59065E-1 4.27318E-1 4.30105E-1 4.72685E-1 5.92092E-1 7.29216E-1 7.18846E-1 7.12988E-1 7.66511E-1 8.15258E-1 8.21666E-1 8.43126E-1 8.65064E-1
-9999 -9999 -9999 -9999 -9999 -9999 -9999 -9999 -9999 -9999 -9999 -9999 0E0 0E0 0E0 0E0 0E0 0E0 0E0 0E0 0E0 0E0 0E0 0E0 0E0 4.93959E-2 0E0 6.22971E-2 1.0125E-1 9.81401E-2 1.00755E-1 2.5661E-1 2.77458E-1 -9999 7.03703E-1 5.01111E-1 7.54668E-1 7.39612E-1 3.27955E-1 1.59587E-1 1.45744E-1 5.92881E-1 5.9958E-1 6.37716E-1 6.98983E-1 6.84267E-1 4.56969E-1 7.03607E-1 8.07561E-1 7.21788E-1 8.01351E-1 8.21327E-1 8.18587E-1 7.73847E-1 8.57164E-1 8.22992E-1 6.14912E-1 5.44841E-1 3.14876E-1 5.1289E-1 4.20336E-1 6.72145E-1 7.97429E-1 7.26369E-1 7.14043E-1 7.44586E-1 6.62809E-1 3.99656E-1 8.59887E-1 7.19508E-1 7.30377E-1
-9999 -9999 -9999 -9999 -9999 -9999 -9999 -9999 -9999 -9999 -9999 0E0 0E0 0E0 0E0 0E0 0E0 0E0 0E0 0E0 0E0 0E0 0E0 0E0 0E0 0E0 5.73814E-2 0E0 0E0 0E0 3.38767E-1 2.38143E-1 1.55439E-1 1.61699E-1 4.9735E-1 5.42818E-1 5.59663E-1 3.22498E-1 1.98453E-1 4.33054E-1 1.79375E-1 1.69734E-1 7.69341E-1 6.26094E-1 6.89831E-1 6.8681E-1 6.11035E-1 6.70832E-1 8.14333E-1 8.17897E-1 6.80847E-1 6.79166E-1 7.81807E-1 7.46026E-1 8.20363E-1 7.17808E-1 8.04646E-1 3.03012E-1 4.12981E-1 5.17824E-1 7.29207E-1 3.78617E-1 8.50384E-1 8.21872E-1 6.20678E-1 8.00435E-1 6.89698E-1 5.00493E-1 6.78306E-1 8.63151E-1 8.4772E-1
-9999 -9999 -9999 -9999 -9999 -9999 -9999 -9999 -9999 -9999 -9999 0E0 0E0 0E0 0E0 0E0 0E0 0E0 0E0 0E0 0E0 0E0 0E0 0E0 0E0 3.96884E-2 5.84063E-2 6.64409E-2 0E0 0E0 2.2919E-1 4.82015E-1 4.33731E-1 4.76932E-1 5.31341E-1 7.25958E-1 5.47665E-1 5.65909E-1 6.37349E-1 6.45906E-1 7.52294E-1 6.5658E-1 6.37974E-1 6.8092E-1 4.78961E-1 4.74693E-1 5.92204E-1 8.0437E-1 8.06516E-1 7.74384E-1 6.95976E-1 7.8878E-1 6.07734E-1 7.68601E-1 8.3554E-1 7.69195E-1 6.30537E-1 7.85736E-1 7.14887E-1 6.54396E-1 7.16646E-1 8.25524E-1 6.38673E-1 7.1016E-1 5.99364E-1 6.20485E-1 7.58902E-1 4.56179E-1 8.66818E-1 8.74613E-1 8.17184E-1
-9999 -9999 -9999 -9999 -9999 -9999 -9999 -9999 -9999 -9999 1.15225E-3 0E0 0E0 0E0 0E0 0E0 0E0 0E0 0E0 0E0 0E0 0E0 8.36302E-3 0E0 0E0 3.89157E-2 6.74608E-2 6.55764E-2 0E0 3.05181E-1 1.8824E-1 1.53219E-1 4.06956E-1 4.14313E-1 7.10915E-1 5.68362E-1 5.75911E-1 7.35178E-1 7.51553E-1 7.35094E-1 7.26841E-1 7.72376E-1 6.65208E-1 6.16808E-1 6.50414E-1 6.63927E-1 6.13936E-1 7.78592E-1 7.05611E-1 8.01853E-1 7.53472E-1 7.26438E-1 7.99471E-1 7.59816E-1 7.75402E-1 7.35214E-1 7.48037E-1 7.66002E-1 6.61098E-1 7.90718E-1 8.23482E-1 8.01133E-1 6.37656E-1 8.41699E-1 8.3991E-1 7.94386E-1 5.25168E-1 7.13257E-1 7.22967E-1 8.61179E-1 8.45622E-1
-9999 -9999 -9999 -9999 -9999 -9999 -9999 -9999 -9999 -9999 1.30105E-3 0E0 7.31109E-4 0E0 0E0 0E0 0E0 0E0 0E0 0E0 0E0 0E0 0E0 0E0 0E0 4.21295E-2 6.79425E-2 7.48456E-2 7.65573E-2 6.44604E-2 2.34438E-1 1.83589E-1 2.57546E-1 2.77709E-1 4.99062E-1 5.68524E-1 7.0907E-1 7.1231E-1 7.26738E-1 7.37934E-1 7.47031E-1 6.57538E-1 6.64563E-1 3.60849E-1 7.33991E-1 5.92822E-1 6.76346E-1 7.71324E-1 6.47275E-1 8.19604E-1 7.66334E-1 5.97872E-1 7.58887E-1 7.53039E-1 7.94575E-1 7.94894E-1 5.60023E-1 7.21941E-1 7.17277E-1 7.78102E-1 7.74287E-1 7.36745E-1 6.37155E-1 7.91086E-1 8.36228E-1 7.55719E-1 7.26967E-1 8.05088E-1 3.82797E-1 7.07412E-1 8.82249E-1
-9999 -9999 -9999 -9999 -9999 -9999 -9999 -9999 -9999 2.4722E-3 1.39429E-3 6.86096E-4 0E0 0E0 0E0 3.6618E-2 0E0 0E0 0E0 0E0 0E0 0E0 0E0 0E0 0E0 4.03556E-2 6.52249E-2 5.05778E-2 0E0 7.04528E-2 4.54973E-1 3.76876E-1 4.1329E-1 4.78649E-1 5.38504E-1 5.17918E-1 5.70502E-1 7.04556E-1 6.5571E-1 7.43455E-1 7.60357E-1 7.73217E-1 7.79112E-1 7.68101E-1 6.26854E-1 5.83494E-1 7.57923E-1 7.89451E-1 8.10787E-1 7.95307E-1 7.90284E-1 7.424E-1 7.64354E-1 7.78517E-1 8.00662E-1 7.95071E-1 6.32962E-1 6.97194E-1 6.94261E-1 7.78215E-1 7.94483E-1 5.47518E-1 6.01663E-1 8.76705E-1 8.92859E-1 7.63965E-1 8.01058E-1 8.12105E-1 7.0636E-1 7.3842E-1 8.19373E-1
-9999 -9999 -9999 -9999 -9999 -9999 -9999 -9999 2.67911E-3 3.29632E-3 5.46407E-3 2.95987E-3 0E0 0E0 0E0 4.68418E-2 0E0 0E0 8.00367E-2 0E0 0E0 0E0 0E0 0E0 0E0 0E0 4.22021E-2 5.9318E-2 0E0 8.51877E-2 5.18939E-1 5.50525E-1 5.47532E-1 5.10324E-1 5.38777E-1 4.79965E-1 5.9886E-1 5.54155E-1 6.5213E-1 7.11187E-1 7.45852E-1 7.22411E-1 7.24083E-1 5.27874E-1 7.4631E-1 5.61678E-1 5.63009E-1 5.86905E-1 7.9547E-1 7.4228E-1 6.36775E-1 7.85528E-1 7.79295E-1 7.88528E-1 7.6837E-1 8.02751E-1 6.99863E-1 7.3813E-1 8.34549E-1 8.54231E-1 8.01682E-1 7.8006E-1 8.30691E-1 8.08003E-1 8.44511E-1 8.624E-1 8.14195E-1 8.28709E-1 8.55712E-1 4.02299E-1 7.41882E-1
-9999 -9999 -9999 -9999 -9999 -9999 -9999 -9999 4.9666E-3 0E0 4.58433E-3 2.20709E-3 4.75392E-3 3.68487E-3 5.81711E-3 0E0 2.51691E-2 5.64887E-2 7.48589E-2 0E0 0E0 0E0 0E0 0E0 0E0 0E0 5.06849E-2 5.92872E-2 6.78126E-2 5.79328E-2 4.67714E-1 3.16936E-1 3.97406E-1 4.56173E-1 4.73932E-1 4.78456E-1 7.07495E-1 5.13863E-1 2.69599E-1 3.07047E-1 5.72987E-1 4.95466E-1 5.29601E-1 5.0095E-1 7.25027E-1 7.19866E-1 7.36668E-1 5.85782E-1 5.91743E-1 7.95408E-1 6.03787E-1 7.67087E-1 7.71546E-1 8.57633E-1 7.91217E-1 8.19166E-1 8.36967E-1 6.97135E-1 6.15346E-1 8.51231E-1 8.38973E-1 7.46844E-1 2.89067E-1 5.96541E-1 7.74445E-1 7.93902E-1 8.11923E-1 8.34933E-1 8.31392E-1 8.62552E-1 7.3037E-1
-9999 -9999 -9999 -9999 -9999 -9999 -9999 -9999 3.15481E-3 0E0 0E0 1.30858E-3 2.30153E-3 2.71639E-3 0E0 0E0 0E0 0E0 0E0 1.43649E-1 1.64302E-1 0E0 0E0 0E0 0E0 0E0 0E0 5.61157E-2 2.17044E-1 2.22823E-1 4.06077E-1 4.23231E-1 4.66174E-1 4.37535E-1 4.82106E-1 5.11421E-1 4.96653E-1 3.87855E-1 5.0221E-1 5.42356E-1 5.33144E-1 2.9238E-1 3.36942E-1 5.43627E-1 5.40783E-1 5.66256E-1 5.72299E-1 5.72994E-1 6.03315E-1 7.64273E-1 7.86411E-1 8.14341E-1 8.5143E-1 7.63676E-1 7.86024E-1 8.74565E-1 8.69367E-1 7.48939E-1 7.61218E-1 7.34124E-1 7.36557E-1 8.64784E-1 8.39594E-1 7.71853E-1 5.56614E-1 8.1564E-1 8.49364E-1 8.7956E-1 8.11264E-1 7.56202E-1 7.64254E-1
-9999 -9999 -9999 -9999 -9999 -9999 -9999 5.84841E-3 5.82835E-3 4.70833E-3 3.87234E-3 0E0 6.0248E-3 6.00005E-3 0E0 0E0 5.68761E-3 0E0 0E0 1.29893E-1 1.51831E-1 0E0 0E0 0E0 0E0 0E0 1.90593E-1 2.08653E-1 2.15048E-1 4.17789E-1 5.59121E-1 5.94589E-1 4.77197E-1 4.67794E-1 4.83307E-1 2.74332E-1 2.89263E-1 1.51214E-1 5.05396E-1 5.28624E-1 3.2538E-1 1.34439E-1 3.47962E-1 5.61466E-1 7.47845E-1 7.37359E-1 7.42267E-1 5.79478E-1 6.55608E-1 8.04184E-1 7.36987E-1 7.30099E-1 7.54504E-1 8.49172E-1 8.63355E-1 8.68147E-1 8.53394E-1 7.56041E-1 7.09201E-1 7.43172E-1 7.43111E-1 7.42692E-1 7.86612E-1 8.34101E-1 7.98103E-1 8.15352E-1 8.1163E-1 8.30213E-1 8.91056E-1 7.32659E-1 4.49573E-1
-9999 -9999 -9999 -9999 -9999 -9999 -9999 6.02678E-3 6.02618E-3 5.99687E-3 5.64432E-3 5.47423E-3 5.65649E-3 5.04852E-3 0E0 0E0 5.48583E-3 0E0 0E0 0E0 0E0 1.19139E-1 0E0 0E0 1.16801E-2 2.50098E-2 1.89024E-1 1.97849E-1 5.66961E-2 1.82541E-1 4.25572E-1 4.27603E-1 2.66611E-1 3.12184E-1 1.9517E-1 2.12576E-1 4.94938E-1 1.44124E-1 1.91487E-1 2.29112E-1 1.585E-1 2.98563E-1 5.01753E-1 2.78049E-1 7.24172E-1 7.34441E-1 7.50678E-1 7.82325E-1 7.83192E-1 7.63885E-1 7.72655E-1 8.63048E-1 8.90569E-1 8.51263E-1 8.62552E-1 8.11082E-1 8.56738E-1 8.38833E-1 8.15532E-1 7.44164E-1 7.54043E-1 8.49924E-1 8.46404E-1 8.24191E-1 8.31545E-1 8.80058E-1 7.67221E-1 7.71674E-1 8.36809E-1 4.78858E-1 5.22457E-1
-9999 -9999 -9999 -9999 -9999 -9999 4.71739E-3 4.87521E-3 5.48754E-3 5.49085E-3 5.20906E-3 6.00697E-3 4.78011E-3 3.80677E-3 4.84509E-3 0E0 0E0 0E0 0E0 0E0 0E0 0E0 1.28445E-1 1.46597E-1 8.2061E-3 0E0 2.84523E-2 4.97093E-2 5.53639E-2 1.53167E-1 3.74141E-1 4.45937E-1 2.37929E-1 2.00183E-1 2.05618E-1 1.75348E-1 5.04339E-1 2.91385E-1 2.84177E-1 1.72417E-1 1.52544E-1 2.55851E-1 5.81175E-1 5.71331E-1 7.11249E-1 7.51295E-1 7.50505E-1 7.67406E-1 7.81334E-1 7.88514E-1 7.88924E-1 8.46606E-1 8.40289E-1 8.5499E-1 8.03647E-1 8.01024E-1 8.54906E-1 7.86876E-1 8.20391E-1 8.22349E-1 8.47065E-1 8.64909E-1 8.37102E-1 8.50864E-1 8.33769E-1 8.49688E-1 8.40857E-1 8.32122E-1 8.6859E-1 4.27431E-1 5.75956E-1
-9999 -9999 -9999 -9999 -9999 -9999 5.73674E-3 5.94355E-3 5.77019E-3 5.77052E-3 5.86848E-3 4.63271E-3 5.72577E-3 5.8431E-3 0E0 5.85809E-3 0E0 0E0 0E0 0E0 0E0 0E0 0E0 1.3104E-1 8.17698E-3 2.51718E-2 3.14989E-2 4.3651E-2 5.76998E-2 1.43794E-1 4.38755E-1 4.33898E-1 5.21986E-1 6.47725E-1 4.01721E-1 2.14808E-1 4.81877E-1 2.6465E-1 1.0796E-1 6.78283E-2 1.22108E-1 3.41284E-1 5.46357E-1 3.25263E-1 5.6009E-1 7.45346E-1 7.50935E-1 6.00404E-1 5.87255E-1 3.82074E-1 6.04528E-1 7.87111E-1 8.59275E-1 8.59111E-1 8.57079E-1 8.61432E-1 8.5712E-1 8.87915E-1 8.01916E-1 8.46945E-1 8.95428E-1 8.85269E-1 8.80094E-1 8.48835E-1 8.30998E-1 8.35222E-1 7.73268E-1 8.61748E-1 7.28538E-1 5.92992E-1 5.58389E-1
