ENM/Final_Models/M_0.9_F_q_Set_1_EC/Gustavia_santanderiensis_5_Choco.asc
ncols         367
nrows         963
xllcorner     -78.6
yllcorner     0.65
cellsize      0.00833333333333323
NODATA_value  -9999
[rows 810 to 839 of 963, columns 134 to 200 of 367]
9.78421E-3 8.10502E-3 2.31741E-3 9.06821E-4 4.46782E-4 1.07722E-4 3.19907E-6 1.10243E-6 5.64163E-7 3.42333E-6 8.80698E-5 1.46074E-3 1.12515E-3 2.49881E-4 3.15089E-5 4.40157E-6 1.82422E-6 8.82466E-7 2.68093E-7 8.55816E-6 9.49904E-5 5.99196E-4 1.90476E-3 5.83045E-3 -9999 -9999 2.42739E-3 -9999 -9999 -9999 -9999 -9999 -9999 -9999 -9999 -9999 -9999 -9999 -9999 -9999 -9999 -9999 -9999 -9999 -9999 -9999 -9999 -9999 -9999 -9999 -9999 -9999 -9999 -9999 -9999 -9999 -9999 -9999 2.3718E-4 2.55357E-4 1.17802E-3 1.6649E-3 2.07781E-3 -9999 -9999 4.87038E-3 3.51111E-3
2.16311E-2 7.20905E-3 4.07654E-3 7.27836E-4 1.92094E-4 1.66632E-5 1.29766E-6 2.76997E-7 5.16617E-7 3.14562E-6 2.08027E-4 2.42582E-3 1.04616E-3 1.92616E-4 1.76173E-5 6.4032E-6 8.93993E-7 1.32106E-6 2.28489E-6 4.74463E-5 5.95999E-4 7.81528E-4 3.4709E-3 5.27873E-3 -9999 -9999 4.12162E-3 -9999 -9999 -9999 -9999 -9999 -9999 -9999 -9999 -9999 -9999 -9999 -9999 -9999 -9999 -9999 -9999 -9999 -9999 -9999 -9999 -9999 -9999 -9999 -9999 -9999 -9999 -9999 -9999 -9999 -9999 -9999 1.63763E-4 1.373E-4 1.28847E-3 5.8176E-4 2.013E-4 2.78484E-4 5.78164E-4 7.93532E-4 3.06689E-3
3.28214E-2 9.05688E-3 2.93468E-3 2.23016E-3 6.30314E-4 2.20372E-4 2.55346E-6 2.39472E-7 2.8049E-6 5.13337E-6 2.78056E-4 2.41333E-3 7.93835E-4 1.83225E-4 2.38801E-5 7.87801E-6 4.00616E-6 1.62639E-6 1.84881E-6 3.41232E-5 1.11627E-3 1.18507E-3 3.71593E-3 -9999 -9999 -9999 -9999 -9999 -9999 -9999 -9999 -9999 -9999 -9999 -9999 -9999 -9999 -9999 -9999 -9999 -9999 -9999 -9999 -9999 -9999 -9999 -9999 -9999 -9999 -9999 -9999 -9999 -9999 -9999 -9999 2.94344E-3 3.34111E-3 -9999 -9999 1.30593E-4 2.55107E-4 3.44304E-4 2.31293E-4 7.61607E-5 1.67844E-5 3.3302E-5 7.01086E-4
3.44844E-2 8.23785E-3 3.43951E-3 4.70888E-3 2.2149E-3 4.04184E-4 7.61978E-6 2.98001E-7 7.16675E-7 1.26216E-5 4.39683E-4 3.49374E-3 7.66274E-4 7.70644E-5 3.54505E-5 1.0626E-4 2.51338E-4 1.57112E-5 4.29635E-6 1.05165E-4 2.16976E-3 6.35104E-3 1.70437E-3 4.38132E-3 -9999 -9999 -9999 -9999 -9999 -9999 -9999 -9999 -9999 -9999 -9999 -9999 -9999 -9999 -9999 -9999 -9999 -9999 -9999 -9999 -9999 -9999 -9999 -9999 -9999 -9999 -9999 -9999 -9999 -9999 -9999 2.72059E-3 4.2341E-3 -9999 -9999 9.68683E-5 2.37367E-4 4.47399E-5 2.66242E-5 1.24531E-5 3.4482E-5 4.8675E-5 3.33777E-4
2.89607E-2 1.85489E-2 1.23383E-2 1.57771E-3 2.6037E-4 1.95763E-4 3.67903E-4 2.03876E-4 1.04803E-4 1.80911E-4 1.08627E-3 1.47703E-3 6.77945E-4 3.48264E-5 2.301E-5 2.62696E-4 2.52923E-5 4.85279E-6 3.99324E-5 8.0506E-4 2.43694E-3 6.29138E-3 -9999 -9999 2.03971E-2 -9999 -9999 -9999 -9999 -9999 -9999 -9999 -9999 -9999 -9999 -9999 -9999 -9999 -9999 -9999 -9999 -9999 -9999 -9999 -9999 -9999 -9999 -9999 -9999 -9999 -9999 -9999 -9999 -9999 -9999 1.71671E-3 4.40887E-3 9.94001E-4 4.34236E-4 1.58059E-4 4.50338E-4 1.48737E-5 1.81297E-6 2.64645E-5 8.54963E-5 4.53504E-4 3.27526E-4
9.91119E-3 7.80365E-2 3.11846E-2 1.14643E-2 3.04164E-3 2.31726E-3 1.11817E-3 1.96977E-3 1.0305E-3 5.77796E-4 3.1094E-3 2.16043E-3 4.68642E-4 5.59149E-4 7.34558E-4 4.55483E-4 7.00671E-5 1.34849E-5 1.98964E-4 1.39812E-3 3.20423E-3 3.25752E-3 3.91658E-3 -9999 -9999 -9999 -9999 -9999 -9999 -9999 -9999 -9999 -9999 -9999 -9999 -9999 -9999 -9999 -9999 -9999 -9999 -9999 -9999 -9999 -9999 -9999 -9999 -9999 -9999 -9999 -9999 -9999 -9999 -9999 -9999 1.41389E-3 3.62852E-4 1.13417E-3 1.15416E-3 7.0233E-4 1.78138E-4 2.42757E-5 6.04576E-6 4.03683E-5 6.73016E-5 1.1663E-4 1.12184E-4
4.18352E-2 8.09499E-2 3.85341E-2 1.12588E-2 6.59532E-3 3.28648E-2 1.21747E-2 7.74678E-3 5.76079E-3 1.47227E-3 2.10997E-3 1.51742E-3 1.87856E-3 1.43125E-3 2.10969E-4 1.10848E-4 5.67183E-5 1.78427E-5 2.91393E-4 3.30129E-3 7.52453E-3 5.61916E-3 5.90127E-3 -9999 -9999 -9999 -9999 -9999 -9999 -9999 -9999 -9999 -9999 -9999 -9999 -9999 -9999 -9999 -9999 -9999 -9999 -9999 -9999 -9999 -9999 -9999 -9999 -9999 -9999 -9999 -9999 -9999 -9999 -9999 -9999 -9999 1.93768E-4 3.36242E-4 2.36089E-4 1.09283E-4 7.24444E-5 1.6405E-5 2.1274E-6 7.63687E-6 4.5044E-5 1.8992E-5 1.22701E-5
1.45935E-1 1.08586E-2 1.49721E-2 1.96635E-2 8.73425E-3 7.04871E-3 3.62412E-3 1.93421E-3 1.42364E-3 3.99902E-4 1.16679E-3 5.65058E-4 4.58626E-4 7.49412E-4 4.21044E-5 2.81612E-5 5.17418E-6 7.01475E-6 3.03003E-4 1.15895E-2 -9999 -9999 -9999 -9999 -9999 -9999 -9999 -9999 -9999 -9999 -9999 -9999 -9999 -9999 -9999 -9999 -9999 -9999 -9999 -9999 -9999 -9999 -9999 -9999 -9999 -9999 -9999 -9999 -9999 -9999 -9999 -9999 -9999 -9999 2.33808E-3 2.45274E-4 1.18391E-3 5.4806E-4 1.69045E-4 1.27193E-4 6.44628E-5 5.35351E-6 7.66923E-7 1.02769E-6 8.85943E-6 3.56101E-6 1.09716E-6
6.0331E-2 6.78431E-2 2.83327E-2 1.13779E-2 2.64938E-3 7.77471E-3 5.2826E-3 2.85152E-3 5.80656E-3 3.00109E-3 4.1768E-4 1.45156E-4 1.31E-4 1.22186E-4 2.46394E-5 3.86463E-6 1.48358E-6 1.00773E-5 2.53093E-4 6.51353E-3 -9999 -9999 -9999 -9999 -9999 -9999 -9999 -9999 -9999 -9999 -9999 -9999 -9999 -9999 -9999 1.73259E-3 2.40241E-3 1.52184E-3 -9999 -9999 -9999 -9999 -9999 -9999 -9999 -9999 -9999 -9999 -9999 -9999 -9999 -9999 -9999 -9999 -9999 -9999 9.94101E-4 2.2179E-4 5.34369E-5 1.87871E-5 1.15154E-5 2.07554E-6 1.81887E-6 1.50316E-6 7.78865E-7 7.37202E-7 2.26621E-6
1.4311E-2 2.8129E-2 5.9807E-2 2.24069E-2 1.08268E-3 4.17818E-3 4.88134E-3 1.4798E-2 5.1334E-3 2.89792E-3 2.57264E-4 1.25747E-4 2.36774E-5 2.72559E-6 4.71065E-7 8.59773E-7 1.73218E-6 3.03942E-5 1.22719E-3 2.43593E-2 1.56621E-2 -9999 -9999 -9999 -9999 -9999 -9999 -9999 -9999 -9999 -9999 -9999 -9999 -9999 2.01682E-3 1.42393E-3 3.27836E-3 1.247E-3 9.35425E-4 -9999 -9999 -9999 -9999 -9999 -9999 -9999 -9999 -9999 -9999 -9999 -9999 -9999 -9999 -9999 -9999 -9999 1.63216E-4 2.01616E-4 2.272E-5 5.08728E-6 5.09685E-6 8.57357E-6 5.66955E-6 1.19362E-6 3.59282E-7 5.5649E-7 9.48551E-7
1.29809E-2 5.23471E-3 4.74974E-3 1.53358E-2 1.71182E-3 2.09143E-4 5.82997E-3 3.92815E-3 6.8475E-3 1.30097E-2 5.40454E-4 1.92259E-4 7.50432E-5 2.04558E-6 2.51614E-7 3.18577E-7 2.86643E-6 9.60462E-5 3.82649E-3 1.05426E-2 1.13121E-2 -9999 -9999 -9999 -9999 -9999 -9999 -9999 -9999 -9999 -9999 -9999 -9999 1.13067E-3 2.50731E-3 1.27731E-3 3.01751E-3 2.78281E-3 2.19108E-3 3.48245E-3 -9999 5.87431E-3 1.02312E-2 -9999 -9999 -9999 -9999 -9999 -9999 -9999 -9999 -9999 -9999 -9999 -9999 9.53595E-4 1.47613E-4 3.44855E-4 3.74426E-5 6.25063E-6 4.17636E-6 1.26782E-5 2.07353E-5 1.59191E-6 6.44091E-7 4.30129E-7 2.16056E-7
7.1144E-3 2.93406E-3 1.92254E-3 2.84425E-3 1.42761E-3 7.35669E-5 3.99615E-4 1.65607E-4 1.23517E-3 4.57279E-3 8.02307E-4 1.40333E-4 1.97626E-5 1.82279E-5 2.56491E-6 1.02481E-6 1.75475E-5 2.6458E-4 4.4206E-3 2.71237E-2 3.41648E-2 -9999 -9999 -9999 -9999 -9999 -9999 -9999 -9999 -9999 -9999 -9999 -9999 -9999 1.59907E-3 1.45234E-3 3.96739E-3 2.22236E-3 1.72136E-3 2.18405E-3 1.78625E-3 2.93844E-3 1.24823E-2 -9999 -9999 -9999 -9999 -9999 -9999 -9999 -9999 -9999 4.74753E-3 6.9878E-3 4.97935E-3 1.47522E-3 2.07525E-4 2.02575E-4 1.88428E-4 2.6838E-5 2.56514E-5 2.51269E-5 7.6945E-6 2.15149E-6 6.36431E-7 8.54495E-7 7.67259E-7
5.26181E-3 3.16593E-3 1.438E-3 4.26277E-4 3.57969E-4 3.07924E-4 2.47541E-4 3.79724E-5 3.63113E-4 2.91493E-3 8.23573E-4 1.78074E-4 1.85666E-4 3.014E-5 5.74021E-6 1.77934E-6 1.52325E-5 1.06712E-4 7.35673E-3 2.53721E-2 -9999 -9999 -9999 -9999 -9999 -9999 -9999 -9999 -9999 -9999 -9999 -9999 -9999 3.35276E-3 5.78108E-3 -9999 -9999 1.68157E-3 2.74645E-3 1.2105E-3 2.4593E-3 7.03899E-3 -9999 -9999 -9999 -9999 -9999 -9999 -9999 -9999 -9999 -9999 -9999 -9999 -9999 -9999 -9999 -9999 5.64291E-5 3.89069E-5 2.24262E-5 5.79392E-5 2.24789E-5 8.8272E-6 1.92692E-6 8.58714E-7 4.04631E-7
7.05794E-3 6.85523E-3 8.164E-3 6.24639E-3 1.58983E-3 5.75154E-3 2.92783E-4 2.38936E-5 2.13732E-4 1.4195E-3 2.09039E-4 3.17803E-5 5.54637E-5 1.84095E-5 7.08135E-6 2.10414E-6 2.46564E-6 2.68698E-4 7.22935E-3 3.48017E-2 -9999 -9999 -9999 -9999 -9999 -9999 -9999 -9999 -9999 -9999 -9999 -9999 -9999 -9999 -9999 -9999 -9999 1.48866E-3 1.57022E-3 1.03012E-3 3.55263E-3 7.40243E-3 -9999 -9999 -9999 -9999 -9999 -9999 -9999 -9999 -9999 -9999 -9999 -9999 -9999 -9999 -9999 -9999 -9999 1.28122E-4 8.41791E-5 1.56988E-4 1.4148E-5 2.20289E-6 1.45715E-6 1.14145E-6 3.08708E-6
9.17731E-3 4.76677E-3 4.99544E-3 3.08828E-3 3.2384E-3 3.394E-3 4.50326E-4 3.72023E-5 3.60444E-5 6.30659E-4 1.54315E-4 1.90221E-5 2.39734E-6 8.19325E-7 9.23342E-7 4.33656E-7 1.88133E-5 5.12483E-4 9.77348E-3 2.51918E-2 -9999 -9999 -9999 -9999 -9999 -9999 -9999 -9999 -9999 -9999 -9999 -9999 -9999 -9999 -9999 -9999 -9999 1.25429E-3 1.21934E-3 1.24899E-3 4.77474E-3 1.56215E-2 -9999 -9999 -9999 -9999 -9999 -9999 -9999 -9999 4.32436E-3 7.23916E-3 8.05586E-3 -9999 -9999 -9999 1.94573E-4 1.80925E-4 6.45766E-4 6.03412E-4 4.76804E-4 9.37261E-5 3.92761E-5 1.18576E-5 3.53474E-6 5.22324E-7 1.09456E-6
6.32105E-3 2.58406E-3 3.58227E-3 1.64075E-3 7.13221E-4 3.26324E-3 1.48539E-4 2.43284E-5 3.1731E-5 3.26529E-4 2.01311E-4 2.57207E-5 2.12896E-5 5.91703E-7 2.12709E-7 1.15038E-6 1.81348E-5 9.74345E-4 1.52903E-2 2.12213E-2 -9999 -9999 -9999 -9999 -9999 -9999 -9999 -9999 -9999 -9999 -9999 -9999 -9999 -9999 -9999 -9999 5.15536E-3 2.15827E-3 2.29081E-3 1.99604E-3 3.62242E-3 1.36103E-2 -9999 -9999 -9999 -9999 -9999 -9999 -9999 -9999 4.9212E-3 3.37456E-3 1.78515E-3 5.03163E-4 1.75096E-4 7.81822E-6 6.6099E-6 1.56247E-4 8.70321E-5 2.90027E-4 2.48467E-4 9.19215E-5 5.35526E-5 1.20305E-4 6.32735E-5 7.67953E-6 1.42084E-6
1.78106E-3 1.45692E-3 7.86836E-4 3.59824E-4 7.73255E-4 1.12109E-4 1.03982E-5 6.1439E-6 1.60094E-6 2.91829E-5 5.69102E-5 1.33715E-6 9.8591E-7 1.64632E-6 1.07598E-6 3.45283E-6 1.7485E-5 2.64885E-4 2.42183E-3 3.08066E-2 -9999 -9999 -9999 -9999 -9999 -9999 -9999 -9999 -9999 -9999 -9999 -9999 -9999 -9999 -9999 2.78568E-3 2.24718E-3 1.83819E-3 2.20209E-3 3.36621E-3 3.0198E-3 5.53264E-3 -9999 -9999 -9999 -9999 -9999 -9999 -9999 -9999 9.94463E-4 7.17797E-4 4.12516E-4 3.60215E-4 7.77372E-5 2.82502E-5 1.01504E-5 6.94162E-5 9.41274E-6 2.32372E-5 9.74797E-5 4.13414E-5 3.01263E-5 1.40496E-5 3.58425E-6 6.01525E-6 5.12668E-6
4.33763E-3 3.14085E-3 5.46901E-4 2.99949E-4 3.60455E-4 1.23323E-4 3.97673E-5 1.16884E-4 8.57515E-6 4.75257E-6 1.05394E-5 4.94637E-7 1.07831E-5 2.94432E-5 2.36567E-5 4.70948E-6 3.00505E-5 2.37853E-4 6.60281E-3 2.96733E-2 -9999 -9999 -9999 -9999 -9999 -9999 -9999 -9999 -9999 -9999 -9999 -9999 -9999 -9999 -9999 -9999 -9999 1.61995E-3 2.66777E-3 1.69052E-3 2.5812E-3 5.94099E-3 -9999 -9999 -9999 -9999 -9999 -9999 -9999 -9999 9.56663E-4 2.93313E-4 1.08174E-4 4.81031E-5 1.14097E-5 5.41067E-6 6.63163E-6 8.69463E-5 1.48003E-5 8.97219E-6 4.03109E-5 3.31005E-5 2.04571E-5 6.35378E-5 1.8491E-6 1.2482E-6 1.14632E-6
1.99372E-2 3.70879E-3 4.63018E-3 2.83989E-3 1.80503E-3 8.02355E-4 8.04511E-4 7.31798E-5 4.65824E-6 5.7202E-7 1.13955E-6 1.94517E-6 1.37237E-5 5.66595E-5 1.60835E-5 5.09842E-6 5.2525E-5 1.21031E-4 2.24929E-3 1.52003E-2 -9999 -9999 -9999 -9999 -9999 -9999 -9999 -9999 -9999 -9999 -9999 -9999 -9999 -9999 -9999 -9999 -9999 -9999 7.49735E-4 1.00553E-3 2.43532E-3 4.48148E-3 -9999 -9999 3.72252E-3 -9999 -9999 -9999 -9999 -9999 1.70378E-3 1.77667E-4 1.85346E-5 8.23419E-6 3.2851E-6 3.0445E-6 1.0975E-5 2.42338E-5 9.67701E-6 1.82504E-6 4.91275E-6 2.82245E-5 9.3975E-6 1.99445E-6 5.74484E-6 9.02845E-7 1.06312E-6
1.22689E-2 1.25756E-2 1.01203E-2 9.14866E-3 2.71959E-3 3.24859E-3 5.67189E-4 2.43074E-5 1.48946E-6 1.04139E-6 8.26746E-6 3.26051E-5 2.81121E-5 1.45407E-4 1.25942E-4 1.30383E-5 7.26565E-5 7.99464E-5 3.92958E-4 7.56739E-3 2.23803E-2 -9999 -9999 -9999 -9999 -9999 -9999 -9999 -9999 -9999 -9999 -9999 -9999 -9999 -9999 -9999 -9999 -9999 -9999 7.00618E-4 1.67551E-3 3.50518E-3 -9999 -9999 6.41697E-3 -9999 -9999 -9999 -9999 1.34188E-3 1.71658E-3 3.75191E-4 4.48998E-5 4.19092E-6 1.83059E-6 4.12133E-6 1.0803E-5 5.91943E-6 6.58994E-6 1.73931E-6 2.74858E-6 2.42947E-5 7.25609E-6 6.37003E-7 4.26233E-7 4.8317E-7 7.71758E-6
1.38145E-2 6.82853E-3 2.80421E-3 3.28707E-3 1.1171E-3 2.49539E-4 2.20282E-4 5.30426E-5 1.84615E-6 1.15568E-6 3.29956E-5 1.2336E-4 3.44392E-4 2.29031E-4 1.55233E-4 1.02881E-4 2.44396E-4 2.37293E-4 3.19142E-4 9.49563E-3 2.55396E-2 -9999 -9999 -9999 -9999 -9999 -9999 -9999 -9999 -9999 -9999 -9999 -9999 -9999 -9999 -9999 6.16142E-3 -9999 -9999 1.00289E-3 7.30575E-4 1.8287E-3 -9999 -9999 -9999 -9999 -9999 4.50087E-4 4.69559E-4 1.39622E-3 4.86253E-4 1.30436E-4 1.51975E-5 4.08296E-6 4.81117E-6 3.80833E-6 6.7699E-6 6.43148E-6 5.19947E-6 2.64235E-6 2.89528E-6 1.00426E-5 1.11308E-6 8.19848E-7 3.13192E-6 1.68609E-6 1.08305E-5
1.93032E-2 1.78782E-2 1.19506E-2 9.60937E-3 3.56277E-3 5.09058E-4 3.1469E-4 5.32033E-5 2.28236E-5 4.88788E-6 3.14122E-6 3.44403E-5 3.34329E-4 7.7694E-4 4.07379E-4 2.9646E-4 1.48883E-3 5.39321E-4 9.67894E-4 1.7414E-2 3.03114E-2 -9999 -9999 -9999 -9999 -9999 -9999 -9999 -9999 -9999 -9999 7.26161E-3 1.31557E-2 -9999 -9999 4.51599E-3 6.11466E-3 -9999 -9999 1.96231E-3 9.53674E-4 5.5997E-3 1.77135E-3 -9999 -9999 1.0553E-3 2.18811E-4 1.59095E-4 2.14543E-4 1.52396E-4 7.37516E-5 1.2764E-5 2.90567E-5 9.473E-6 5.65277E-6 2.2208E-6 7.1065E-6 7.74192E-6 2.91619E-6 2.59433E-6 2.78317E-6 1.26659E-5 5.86121E-6 1.23495E-6 3.59676E-6 1.30596E-5 2.77243E-5
3.56034E-3 8.25664E-3 5.24677E-3 7.63501E-3 9.20318E-3 3.97858E-3 1.06807E-3 5.26878E-4 2.398E-4 7.07961E-6 1.53779E-6 4.6097E-5 2.28734E-4 1.43871E-3 4.00208E-3 5.23484E-3 3.31739E-3 4.83851E-4 1.14197E-3 2.20957E-2 3.12931E-2 -9999 -9999 -9999 -9999 -9999 -9999 -9999 -9999 -9999 -9999 5.85395E-3 5.92132E-3 -9999 -9999 3.24701E-3 7.32334E-3 -9999 -9999 1.84522E-3 1.26671E-3 2.4701E-3 2.38546E-3 -9999 -9999 5.93605E-4 1.14775E-4 8.01378E-5 2.19272E-5 2.4778E-5 5.32592E-5 4.00555E-5 2.36149E-5 9.78782E-6 1.70317E-6 1.29674E-6 4.72581E-6 2.66249E-6 2.16747E-6 6.78034E-6 9.09471E-6 9.82884E-6 6.03809E-6 1.52055E-6 1.86403E-6 1.70972E-5 1.28612E-5
2.66222E-4 4.63002E-3 1.80713E-3 2.15338E-3 3.84704E-3 3.17334E-3 4.26115E-4 2.55124E-4 5.92811E-5 1.35673E-5 5.53948E-7 3.39584E-6 7.02092E-5 1.83031E-4 3.43588E-3 1.46553E-2 5.17898E-3 4.85957E-4 1.5597E-3 2.01007E-2 3.55314E-2 -9999 -9999 -9999 -9999 -9999 -9999 -9999 -9999 -9999 -9999 6.72562E-3 4.2757E-3 -9999 -9999 4.50486E-3 5.22088E-3 -9999 -9999 1.71378E-3 6.60941E-3 1.07273E-2 3.6635E-3 -9999 -9999 8.68035E-5 3.36787E-5 3.46135E-5 2.82477E-5 7.994E-5 3.32434E-5 1.05869E-5 3.57128E-6 2.54025E-6 1.53262E-6 6.93251E-7 2.36255E-6 2.3991E-6 5.39847E-7 3.10076E-6 3.51036E-6 1.8194E-5 1.69534E-5 5.29483E-6 5.64724E-6 1.82251E-5 9.08185E-6
2.71483E-4 3.70822E-3 1.73506E-3 2.02299E-3 1.37288E-3 4.49065E-3 2.65489E-4 1.87321E-5 4.79575E-6 7.12711E-7 1.46705E-6 3.52685E-5 1.74891E-4 2.07117E-4 3.06423E-4 7.75203E-3 3.33068E-3 3.63151E-3 1.02625E-2 2.38451E-2 8.00911E-2 -9999 -9999 -9999 -9999 -9999 -9999 -9999 -9999 -9999 1.1011E-3 1.70668E-3 3.30183E-3 -9999 -9999 3.091E-3 4.01333E-3 1.87462E-3 9.31215E-4 2.12709E-3 4.05659E-3 8.95195E-3 4.45239E-3 -9999 1.58584E-3 9.74591E-5 6.3722E-5 1.55266E-4 1.18813E-4 3.56738E-5 8.83721E-6 1.72036E-6 1.26125E-6 2.2458E-6 1.40839E-6 8.628E-7 1.08827E-6 2.25522E-6 5.89331E-7 1.87559E-6 3.09075E-6 1.0217E-5 2.23294E-5 2.4755E-5 1.12635E-5 1.32861E-5 2.86966E-5
1.74038E-3 2.03326E-3 4.39644E-4 9.46026E-4 4.62975E-4 7.43216E-4 5.02895E-4 1.41616E-5 1.24835E-6 3.29203E-7 3.04357E-6 1.1062E-4 4.37879E-4 1.01778E-3 1.31017E-3 9.48817E-3 1.00566E-2 5.95567E-3 2.92538E-2 6.83663E-2 -9999 -9999 -9999 -9999 -9999 -9999 -9999 -9999 -9999 -9999 2.16415E-3 4.77048E-4 9.91361E-4 2.24011E-3 -9999 2.84421E-3 1.82387E-3 2.84889E-3 1.47813E-3 4.87411E-3 6.10049E-3 1.11499E-2 3.05393E-3 3.09542E-3 1.66958E-3 4.63324E-4 2.06806E-4 6.05985E-5 2.29692E-5 9.83409E-6 3.41E-6 7.49873E-7 1.55618E-6 3.22285E-6 2.40582E-6 1.60002E-6 2.09759E-6 3.82484E-6 2.38353E-6 6.48993E-6 4.70966E-6 1.75586E-5 9.99424E-6 1.09844E-5 5.4536E-6 1.10914E-5 4.48258E-5
7.97068E-3 6.33095E-3 1.19025E-3 5.63939E-3 1.01303E-3 1.88349E-4 3.0331E-5 1.89209E-6 2.7637E-6 8.53991E-7 5.1353E-6 2.76236E-4 2.0457E-3 4.57598E-3 8.33136E-3 9.59455E-3 1.26409E-2 2.462E-2 2.97978E-2 -9999 -9999 -9999 -9999 -9999 -9999 -9999 -9999 5.01009E-3 6.32505E-3 4.425E-3 2.12603E-3 4.82208E-4 4.79681E-4 8.80211E-4 1.02438E-3 1.32391E-3 1.18103E-3 1.02006E-3 5.74101E-3 4.97842E-3 5.36152E-3 1.13974E-2 4.32695E-3 3.86351E-3 1.97148E-3 5.42117E-4 8.04224E-5 6.96964E-5 2.62555E-5 1.57772E-6 1.88889E-6 1.15433E-6 9.1551E-7 1.47239E-6 1.46527E-6 1.3629E-6 2.58922E-6 2.17053E-6 4.30863E-6 1.37654E-6 1.50464E-6 4.20297E-6 4.28687E-6 2.99682E-6 3.43106E-6 2.02691E-5 3.72427E-5
-9999 -9999 2.68198E-3 7.58374E-3 1.32172E-3 6.84494E-5 2.97837E-6 9.75429E-7 1.59077E-5 2.88081E-6 2.02485E-4 1.86417E-3 4.04894E-3 1.95993E-2 3.09661E-2 9.04329E-3 1.6326E-2 2.39892E-2 -9999 -9999 -9999 -9999 -9999 -9999 -9999 -9999 -9999 1.56435E-2 1.25812E-2 1.19469E-2 1.2366E-2 3.38581E-3 -9999 8.76906E-4 1.12791E-3 2.25089E-3 1.72857E-3 4.13192E-3 2.22902E-3 3.78353E-3 4.89794E-3 9.51107E-3 5.25982E-3 2.46288E-3 3.9487E-4 2.38571E-4 6.35884E-5 5.9438E-5 9.18534E-5 1.01445E-5 3.45616E-6 1.4574E-6 2.03558E-6 2.05031E-6 5.07653E-6 8.51462E-7 1.12257E-6 2.5351E-6 1.4838E-6 1.26582E-6 2.5784E-6 3.27457E-6 1.12744E-6 2.37962E-6 3.86166E-6 1.54461E-5 7.652E-6
-9999 -9999 1.93588E-3 2.91304E-3 2.21795E-4 4.54557E-5 7.97833E-6 1.0212E-6 2.13766E-5 1.09859E-4 3.28126E-4 1.38966E-3 1.61816E-3 3.64321E-3 1.67278E-2 2.27886E-2 -9999 -9999 -9999 -9999 -9999 -9999 -9999 -9999 -9999 -9999 -9999 -9999 1.46643E-2 1.9626E-2 -9999 -9999 -9999 1.29538E-3 -9999 -9999 3.40685E-3 4.63185E-3 3.11931E-3 -9999 -9999 -9999 6.18479E-3 6.35322E-4 1.74112E-4 1.57924E-4 6.82325E-5 1.33467E-4 5.15229E-5 4.22758E-5 4.15784E-6 4.94751E-6 3.41032E-6 6.25141E-6 4.75394E-6 1.31206E-6 9.04301E-7 5.16064E-7 7.74283E-7 1.33886E-6 3.80858E-6 9.42884E-7 1.21297E-6 1.92313E-6 3.8683E-6 5.25217E-6 4.87274E-6
-9999 -9999 -9999 3.17707E-3 7.18088E-4 2.20154E-5 3.2305E-6 5.4034E-7 8.18E-6 7.20063E-5 2.0817E-4 7.62836E-5 4.54486E-4 4.10582E-3 2.53255E-2 7.96104E-2 -9999 -9999 -9999 -9999 -9999 -9999 -9999 -9999 -9999 -9999 -9999 -9999 -9999 -9999 -9999 -9999 -9999 -9999 -9999 -9999 -9999 -9999 -9999 -9999 -9999 -9999 2.72289E-3 1.62055E-3 3.7577E-4 7.28099E-4 5.28607E-4 2.44286E-4 7.76436E-5 1.27592E-4 2.63896E-5 1.11695E-4 4.97638E-5 4.05946E-5 5.42565E-6 1.74302E-6 1.34827E-6 7.14725E-7 1.85511E-6 6.78672E-7 6.85854E-7 1.14806E-6 2.63859E-6 1.14848E-6 1.40196E-6 3.83943E-6 4.3545E-6
