ENM/Final_Models/M_0.9_F_q_Set_1_EC/Gustavia_santanderiensis_8_Choco_clamping.asc
ncols         367
nrows         963
xllcorner     -78.6
yllcorner     0.65
cellsize      0.00833333333333323
NODATA_value  -9999
[rows 858 to 890 of 963, columns 0 to 74 of 367]
-9999 -9999 -9999 -9999 -9999 -9999 -9999 -9999 -9999 -9999 -9999 -9999 -9999 -9999 -9999 -9999 -9999 -9999 -9999 -9999 -9999 -9999 -9999 -9999 -9999 -9999 -9999 -9999 -9999 -9999 -9999 -9999 -9999 -9999 -9999 -9999 -9999 -9999 -9999 -9999 6.31381E-3 2.61101E-3 4.52552E-4 2.76683E-6 4.33503E-5 8.11401E-5 1.73987E-4 4.24268E-4 1.11318E-2 2.37993E-3 2.99148E-3 9.49328E-6 1.31254E-4 1.02501E-4 1.8557E-5 4.51161E-6 5.13679E-11 6.48625E-6 2.10141E-3 1.04763E-2 4.57588E-3 2.21408E-2 3.30769E-2 2.65061E-2 5.06132E-4 8.6806E-9 1.39619E-6 2.61181E-7 3.28607E-10 1.02629E-12 1.17089E-11 9.22833E-6 2.13523E-2 3.03352E-2 8.34555E-4
-9999 -9999 -9999 -9999 -9999 -9999 -9999 -9999 -9999 -9999 -9999 -9999 -9999 -9999 -9999 -9999 -9999 -9999 -9999 -9999 -9999 -9999 -9999 -9999 -9999 -9999 -9999 -9999 -9999 -9999 -9999 -9999 -9999 -9999 -9999 -9999 -9999 -9999 -9999 -9999 9.0706E-3 2.43023E-3 3.37841E-5 7.45368E-5 4.31364E-4 8.13052E-4 2.32902E-5 5.56374E-3 1.30629E-3 1.21629E-3 2.66125E-3 9.50165E-4 1.38805E-3 8.73532E-5 1.31601E-6 8.78879E-4 6.08789E-6 5.1008E-8 4.33192E-5 7.59201E-4 1.74949E-2 2.01423E-2 2.98061E-2 1.88409E-2 2.98389E-5 1.85758E-8 2.94244E-9 2.14954E-6 7.9627E-10 0E0 2.19876E-9 3.30098E-5 1.53217E-2 2.28278E-2 3.97578E-4
-9999 -9999 -9999 -9999 -9999 -9999 -9999 -9999 -9999 -9999 -9999 -9999 -9999 -9999 -9999 -9999 -9999 -9999 -9999 -9999 -9999 -9999 -9999 -9999 -9999 -9999 -9999 -9999 -9999 -9999 -9999 -9999 -9999 -9999 -9999 -9999 -9999 -9999 -9999 -9999 1.9511E-2 1.70716E-3 1.13092E-4 4.89527E-5 2.15856E-3 2.48622E-3 1.32929E-4 1.69984E-2 1.19329E-2 8.87256E-4 3.75905E-3 3.71969E-3 3.82126E-3 2.11153E-3 1.72348E-4 2.12254E-5 1.75115E-3 1.26966E-6 9.61783E-5 2.84044E-4 5.99879E-3 3.29181E-2 2.23565E-2 5.22473E-3 1.87164E-5 8.79298E-9 9.55142E-5 4.53414E-6 6.26788E-12 2.63475E-11 1.00338E-5 3.91789E-3 1.34893E-2 4.52824E-3 4.21186E-4
-9999 -9999 -9999 -9999 -9999 -9999 -9999 -9999 -9999 -9999 -9999 -9999 -9999 -9999 -9999 -9999 -9999 -9999 -9999 -9999 -9999 -9999 -9999 -9999 -9999 -9999 -9999 -9999 -9999 -9999 -9999 -9999 -9999 -9999 -9999 -9999 -9999 -9999 -9999 -9999 9.62308E-3 4.77348E-4 6.32228E-5 3.75609E-4 5.69909E-6 4.47784E-5 1.15196E-3 2.09858E-2 3.22148E-3 5.2782E-3 3.4227E-3 1.2186E-2 2.0903E-2 6.3608E-3 1.0455E-3 1.21131E-5 7.6128E-5 6.6433E-6 9.44744E-4 6.2191E-4 5.92155E-5 1.17584E-2 4.44657E-2 2.86738E-3 1.6154E-5 5.9618E-6 4.92278E-7 8.77076E-15 5.88418E-14 3.05633E-12 7.56993E-6 1.29157E-3 6.9115E-3 3.36731E-3 1.48657E-3
-9999 -9999 -9999 -9999 -9999 -9999 -9999 -9999 -9999 -9999 -9999 -9999 -9999 -9999 -9999 -9999 -9999 -9999 -9999 -9999 -9999 -9999 -9999 -9999 -9999 -9999 -9999 -9999 -9999 -9999 -9999 -9999 -9999 -9999 -9999 -9999 -9999 -9999 1.14172E-2 3.10661E-2 4.07851E-3 4.36529E-4 2.07374E-3 1.4001E-3 1.04627E-4 3.84151E-5 8.12876E-4 1.75002E-3 4.90213E-3 1.09577E-2 4.73512E-3 1.37689E-2 2.79884E-2 1.91798E-2 2.25538E-2 6.831E-4 9.35343E-5 2.3275E-3 2.11075E-3 4.53608E-3 3.98476E-4 8.33131E-4 3.21054E-2 3.28632E-3 1.14334E-4 1.97207E-6 8.41901E-5 2.01857E-10 4.32987E-15 5.17364E-13 5.5941E-8 1.27313E-3 1.06742E-2 3.21676E-2 2.83654E-2
-9999 -9999 -9999 -9999 -9999 -9999 -9999 -9999 -9999 -9999 -9999 -9999 -9999 -9999 -9999 -9999 -9999 -9999 -9999 -9999 -9999 -9999 -9999 -9999 -9999 -9999 -9999 -9999 -9999 -9999 -9999 -9999 -9999 -9999 -9999 -9999 -9999 -9999 7.13581E-3 1.27552E-2 1.69559E-2 3.30134E-3 9.09164E-4 5.35065E-3 1.08806E-3 3.21006E-5 5.71866E-4 3.52101E-3 1.54605E-2 6.29641E-3 1.59068E-2 9.67469E-3 2.49312E-2 3.71138E-2 3.72095E-2 1.36077E-2 2.23937E-3 6.5417E-4 1.81225E-3 1.80664E-2 1.43271E-2 2.89207E-3 1.39812E-2 1.45095E-2 3.80783E-4 1.05067E-6 1.65211E-6 1.82129E-6 6.55664E-11 1.67641E-10 2.92761E-5 3.85786E-3 7.2089E-2 3.27248E-2 2.7751E-2
-9999 -9999 -9999 -9999 -9999 -9999 -9999 -9999 -9999 -9999 -9999 -9999 -9999 -9999 -9999 -9999 -9999 -9999 -9999 -9999 -9999 -9999 -9999 -9999 -9999 -9999 -9999 -9999 -9999 -9999 -9999 -9999 -9999 -9999 -9999 -9999 -9999 -9999 1.01046E-2 1.7409E-2 1.28201E-2 1.42056E-2 9.35363E-3 5.51856E-3 2.24706E-4 1.97352E-3 1.12778E-2 8.27572E-3 6.59904E-3 1.50698E-2 2.50536E-2 2.23593E-2 2.09012E-2 6.64987E-2 9.08487E-2 6.34497E-2 1.98435E-2 7.91651E-3 1.82158E-3 3.55109E-2 7.85432E-2 1.99056E-2 1.49979E-2 1.59832E-2 2.53501E-3 1.2372E-4 2.74919E-4 1.26699E-4 6.79258E-11 1.05063E-7 1.0046E-3 1.80262E-2 0E0 4.46314E-2 2.63144E-2
-9999 -9999 -9999 -9999 -9999 -9999 -9999 -9999 -9999 -9999 -9999 -9999 -9999 -9999 -9999 -9999 -9999 -9999 -9999 -9999 -9999 -9999 -9999 -9999 -9999 -9999 -9999 -9999 -9999 -9999 -9999 -9999 -9999 -9999 -9999 -9999 -9999 1.47878E-2 1.90872E-2 3.0306E-2 1.6775E-2 3.27571E-2 1.10734E-2 6.31816E-3 1.16577E-3 3.72148E-4 1.35876E-3 4.59371E-3 6.88626E-3 3.84325E-3 2.86364E-2 2.32375E-2 5.19417E-2 5.98782E-2 7.90754E-2 8.52608E-2 5.68303E-2 1.23621E-2 1.17151E-2 2.32757E-2 7.0101E-2 5.6854E-2 1.21918E-2 2.97547E-2 9.06691E-3 8.02477E-3 2.52562E-2 1.28976E-2 1.62263E-9 8.46782E-6 4.48748E-3 3.14455E-2 3.6463E-2 1.40404E-2 6.25867E-3
-9999 -9999 -9999 -9999 -9999 -9999 -9999 -9999 -9999 -9999 -9999 -9999 -9999 -9999 -9999 -9999 -9999 -9999 -9999 -9999 -9999 -9999 -9999 -9999 -9999 -9999 -9999 -9999 -9999 -9999 -9999 -9999 -9999 -9999 -9999 -9999 3.5178E-2 1.02852E-2 1.71832E-2 3.24239E-2 2.63174E-2 3.97225E-2 2.05713E-2 5.82455E-3 7.46812E-5 1.46112E-3 7.91519E-3 8.78971E-3 2.1555E-3 6.51279E-3 2.87995E-2 1.74358E-2 0E0 7.51804E-2 8.85833E-2 8.67577E-2 3.33767E-2 6.33525E-2 2.13861E-2 3.49728E-2 8.37938E-2 7.68884E-2 3.80422E-2 2.68927E-2 5.1237E-2 2.32704E-2 1.6372E-3 9.03586E-7 0E0 0E0 0E0 9.6384E-3 0E0 0E0 0E0
-9999 -9999 -9999 -9999 -9999 -9999 -9999 -9999 -9999 -9999 -9999 -9999 -9999 -9999 -9999 -9999 -9999 -9999 -9999 -9999 -9999 -9999 -9999 -9999 -9999 -9999 -9999 -9999 -9999 -9999 -9999 -9999 -9999 -9999 -9999 -9999 3.27189E-2 2.05353E-2 1.15906E-2 2.79009E-2 2.79936E-2 5.27153E-2 2.80457E-2 2.24752E-2 2.01958E-3 7.81106E-3 4.73773E-3 1.57101E-2 1.36988E-2 1.36277E-2 2.30641E-2 4.28602E-2 0E0 7.90046E-2 8.05624E-2 8.15786E-2 3.26059E-2 5.50855E-2 4.85813E-2 1.00605E-1 8.02075E-2 8.56603E-2 6.61161E-2 6.00795E-2 7.86588E-2 0E0 4.79934E-2 1.35298E-3 0E0 0E0 0E0 2.46464E-4 0E0 0E0 0E0
-9999 -9999 -9999 -9999 -9999 -9999 -9999 -9999 -9999 -9999 -9999 -9999 -9999 -9999 -9999 -9999 -9999 -9999 -9999 -9999 -9999 -9999 -9999 -9999 -9999 -9999 -9999 -9999 -9999 -9999 -9999 -9999 -9999 -9999 -9999 -9999 3.95373E-2 2.25731E-2 3.38328E-2 4.84631E-2 3.76748E-2 3.53151E-2 4.10436E-2 1.82941E-2 1.01703E-2 8.16221E-4 4.74909E-2 2.17904E-2 8.78002E-3 2.148E-2 4.39773E-2 6.78522E-2 1.08628E-1 6.41983E-2 1.04685E-1 1.08772E-1 6.26202E-2 8.22052E-2 7.44507E-2 1.02733E-1 1.04573E-1 6.71722E-2 9.84478E-2 0E0 0E0 7.89394E-2 1.23579E-2 0E0 0E0 0E0 0E0 0E0 0E0 0E0 2.76719E-2
-9999 -9999 -9999 -9999 -9999 -9999 -9999 -9999 -9999 -9999 -9999 -9999 -9999 -9999 -9999 -9999 -9999 -9999 -9999 -9999 -9999 -9999 -9999 -9999 -9999 -9999 -9999 -9999 -9999 -9999 -9999 -9999 -9999 -9999 -9999 -9999 2.34501E-2 2.7508E-2 3.434E-2 4.14534E-2 3.23721E-2 4.62424E-2 4.23803E-2 3.2052E-2 1.26659E-2 1.19221E-3 2.22061E-2 3.44922E-2 2.46395E-2 5.93034E-2 6.79485E-2 5.99077E-2 1.00784E-1 8.95968E-2 0E0 0E0 1.06949E-1 4.52526E-2 9.13092E-2 1.20929E-1 9.20134E-2 9.08457E-2 9.68167E-2 5.78908E-2 0E0 7.15166E-2 7.36622E-2 0E0 0E0 0E0 0E0 0E0 0E0 1.38566E-3 1.285E-2
-9999 -9999 -9999 -9999 -9999 -9999 -9999 -9999 -9999 -9999 -9999 -9999 -9999 -9999 -9999 -9999 -9999 -9999 -9999 -9999 -9999 -9999 -9999 -9999 -9999 -9999 -9999 -9999 -9999 -9999 -9999 -9999 -9999 -9999 -9999 5.72274E-3 1.2236E-2 2.49932E-2 3.47387E-2 4.13324E-2 4.35647E-2 5.93381E-2 5.03461E-2 3.40202E-2 3.28134E-2 1.5259E-3 2.08508E-3 6.49178E-3 2.13081E-2 4.3712E-2 8.51137E-2 6.58844E-2 0E0 7.60781E-2 0E0 0E0 9.06596E-2 6.37103E-2 6.99201E-2 9.87345E-2 7.52179E-2 6.74919E-2 9.85442E-2 6.74145E-2 3.78885E-2 5.30095E-2 3.46398E-2 7.39903E-3 0E0 0E0 0E0 0E0 0E0 9.89699E-3 2.927E-2
-9999 -9999 -9999 -9999 -9999 -9999 -9999 -9999 -9999 -9999 -9999 -9999 -9999 -9999 -9999 -9999 -9999 -9999 -9999 -9999 -9999 -9999 -9999 -9999 -9999 -9999 -9999 -9999 -9999 -9999 -9999 -9999 -9999 1.67135E-2 1.80908E-2 2.42815E-2 2.56414E-2 2.93594E-2 2.35734E-2 3.45384E-2 3.55507E-2 4.60859E-2 4.97499E-2 4.64376E-2 2.68215E-2 3.23076E-3 1.00492E-2 2.53125E-2 6.64846E-2 6.95039E-2 6.75437E-2 1.00289E-1 7.4573E-2 0E0 0E0 1.27524E-1 1.06123E-1 9.3732E-2 9.9718E-2 8.758E-2 8.17939E-2 7.83704E-2 7.29364E-2 1.75857E-2 3.40164E-2 6.85187E-2 5.64616E-2 7.51514E-2 1.60469E-3 0E0 0E0 0E0 6.14228E-4 9.13381E-4 2.88829E-2
-9999 -9999 -9999 -9999 -9999 -9999 -9999 -9999 -9999 -9999 -9999 -9999 -9999 -9999 -9999 -9999 -9999 -9999 -9999 -9999 -9999 -9999 -9999 -9999 -9999 -9999 -9999 -9999 -9999 -9999 -9999 -9999 4.98769E-3 1.3093E-2 1.55452E-2 1.51015E-2 2.62318E-2 3.13035E-2 2.95559E-2 4.17344E-2 5.2543E-2 3.75866E-2 3.65574E-2 5.76646E-2 4.27596E-2 1.6708E-2 8.63304E-3 3.13357E-2 5.58673E-2 6.63655E-2 7.3709E-2 8.6955E-2 1.0349E-1 1.26186E-1 9.93106E-2 1.20979E-1 0E0 0E0 0E0 9.58066E-2 9.62369E-2 3.98462E-2 5.05301E-2 1.09578E-2 3.63782E-2 6.13034E-2 5.1617E-2 1.77592E-2 4.98889E-3 4.46717E-3 0E0 0E0 0E0 7.79261E-4 3.4296E-2
-9999 -9999 -9999 -9999 -9999 -9999 -9999 -9999 -9999 -9999 -9999 -9999 -9999 -9999 -9999 -9999 -9999 -9999 -9999 -9999 -9999 -9999 -9999 -9999 -9999 -9999 -9999 -9999 -9999 -9999 -9999 7.57149E-3 5.7937E-3 4.18575E-3 1.9152E-2 1.88146E-2 1.77846E-2 2.14706E-2 3.40092E-2 3.78202E-2 4.91945E-2 4.65957E-2 5.08361E-2 5.23498E-2 4.50826E-2 3.50818E-2 1.30337E-2 1.85756E-2 2.97188E-2 9.01243E-2 1.11372E-1 1.07607E-1 1.10575E-1 9.55032E-2 8.38711E-2 1.02448E-1 0E0 0E0 0E0 6.27809E-2 7.08689E-2 2.19131E-2 6.48971E-2 3.08275E-2 2.70518E-2 6.63809E-2 1.91195E-2 9.11533E-3 4.88023E-3 6.79758E-3 0E0 0E0 0E0 0E0 4.82377E-2
-9999 -9999 -9999 -9999 -9999 -9999 -9999 -9999 -9999 -9999 -9999 -9999 -9999 -9999 -9999 -9999 -9999 -9999 -9999 -9999 -9999 -9999 -9999 -9999 -9999 -9999 -9999 -9999 -9999 -9999 2.14422E-2 2.12861E-2 1.22374E-2 1.30932E-2 3.73316E-3 1.02312E-2 2.54299E-2 2.69974E-2 4.14492E-2 2.74204E-2 2.29845E-2 3.0335E-2 3.44998E-2 4.41034E-2 5.40813E-2 5.8924E-2 1.64015E-2 1.19952E-2 5.3587E-2 7.56813E-2 7.95705E-2 1.12899E-1 9.12443E-2 8.58011E-2 1.02363E-1 1.1231E-1 0E0 0E0 0E0 3.05036E-3 4.89302E-2 5.89657E-2 4.01943E-2 1.16037E-2 4.85205E-2 5.57252E-2 1.59814E-2 2.38567E-2 1.71166E-2 1.65408E-2 0E0 0E0 0E0 0E0 6.05847E-2
-9999 -9999 -9999 -9999 -9999 -9999 -9999 -9999 -9999 -9999 -9999 -9999 -9999 -9999 -9999 -9999 -9999 -9999 -9999 -9999 -9999 -9999 -9999 -9999 -9999 -9999 -9999 -9999 -9999 5.39995E-3 1.70047E-2 1.71506E-2 5.35193E-3 1.18064E-2 7.34226E-3 5.60856E-3 7.26244E-3 1.67578E-2 3.37407E-2 3.62104E-2 1.71291E-2 3.51062E-2 2.36502E-2 1.43527E-2 3.53528E-2 7.77718E-2 6.91592E-2 2.56255E-2 4.95232E-2 8.87786E-2 1.02884E-1 9.75515E-2 9.43617E-2 7.56445E-2 5.46531E-2 2.49119E-2 1.10001E-1 9.63428E-2 0E0 3.21295E-2 2.28178E-2 1.76955E-2 7.48835E-2 6.96022E-2 5.74528E-2 1.7188E-2 3.05577E-2 5.50799E-2 4.5589E-2 3.61949E-2 6.20067E-2 4.77891E-2 0E0 0E0 0E0
-9999 -9999 -9999 -9999 -9999 -9999 -9999 -9999 -9999 -9999 -9999 -9999 -9999 -9999 -9999 -9999 -9999 -9999 -9999 -9999 -9999 -9999 -9999 -9999 -9999 -9999 -9999 -9999 5.21184E-3 1.52163E-2 6.21451E-3 1.2853E-2 1.24937E-2 1.10596E-2 2.06991E-2 2.04497E-2 8.84101E-3 2.88064E-2 5.71005E-2 2.45945E-2 4.1617E-2 4.54609E-2 2.81419E-2 1.32407E-2 5.53533E-3 4.80002E-2 9.20086E-2 6.69679E-2 4.68719E-2 6.69217E-2 1.07063E-1 1.26186E-1 1.00412E-1 9.52266E-2 3.81384E-2 1.88283E-2 6.17403E-2 5.18695E-2 2.62393E-2 5.23769E-3 1.94096E-2 5.76434E-2 7.78788E-2 6.66569E-2 4.42344E-2 4.37218E-2 8.63483E-2 8.84654E-2 5.40532E-2 8.81265E-2 7.41893E-2 3.19229E-2 0E0 0E0 0E0
-9999 -9999 -9999 -9999 -9999 -9999 -9999 -9999 -9999 -9999 -9999 -9999 -9999 -9999 -9999 -9999 -9999 -9999 -9999 -9999 -9999 -9999 -9999 -9999 -9999 -9999 -9999 -9999 1.50016E-3 7.51696E-3 1.41763E-2 1.06483E-2 1.16247E-2 1.08405E-2 1.47868E-2 2.64851E-2 1.39681E-2 2.06361E-2 2.10449E-2 3.51408E-2 2.20763E-2 4.19812E-2 6.68018E-2 2.52303E-2 5.02359E-3 1.00021E-2 5.43893E-2 6.33474E-2 3.87109E-2 9.58337E-2 1.00559E-1 1.0392E-1 7.90501E-2 4.79931E-2 7.2247E-2 3.43615E-2 6.19034E-2 3.37305E-2 1.12093E-2 0E0 2.55459E-2 4.84631E-2 7.36025E-2 7.45217E-2 1.08698E-2 0E0 5.36849E-2 3.03131E-2 0E0 6.09789E-2 6.01339E-2 1.56833E-2 0E0 0E0 0E0
-9999 -9999 -9999 -9999 -9999 -9999 -9999 -9999 -9999 -9999 -9999 -9999 -9999 -9999 -9999 -9999 -9999 -9999 -9999 -9999 -9999 -9999 -9999 -9999 -9999 -9999 -9999 -9999 -9999 -9999 -9999 7.72102E-3 1.01668E-2 1.9438E-2 1.28342E-2 1.62389E-2 2.80795E-2 3.66084E-2 2.7556E-2 2.10834E-2 6.10402E-2 5.34132E-2 9.56527E-2 5.83112E-2 5.58047E-2 1.4979E-2 1.05203E-2 0E0 0E0 2.95221E-2 7.49166E-2 1.00151E-1 6.17968E-2 4.85184E-2 2.54311E-2 1.15626E-2 3.29641E-2 5.98638E-3 0E0 3.84335E-2 9.17947E-2 8.75649E-2 6.5224E-2 7.73005E-2 3.51549E-2 0E0 0E0 0E0 0E0 0E0 4.67613E-2 0E0 0E0 0E0 0E0
-9999 -9999 -9999 -9999 -9999 -9999 -9999 -9999 -9999 -9999 -9999 -9999 -9999 -9999 -9999 -9999 -9999 -9999 -9999 -9999 -9999 -9999 -9999 -9999 -9999 -9999 -9999 -9999 -9999 -9999 -9999 7.95328E-3 9.69836E-3 2.49526E-2 1.47058E-2 2.36625E-2 3.83246E-2 5.23087E-2 6.07907E-2 3.70183E-2 4.77555E-2 5.09946E-2 7.0366E-2 8.70076E-2 9.72297E-2 8.86611E-2 7.56861E-2 0E0 0E0 4.66343E-2 3.59207E-2 7.2184E-2 9.31758E-2 6.50576E-2 7.15503E-2 4.18228E-2 0E0 0E0 0E0 9.09563E-2 7.26957E-2 4.13522E-2 1.2404E-2 0E0 0E0 0E0 0E0 0E0 0E0 0E0 2.80354E-2 2.22376E-2 0E0 0E0 0E0
-9999 -9999 -9999 -9999 -9999 -9999 -9999 -9999 -9999 -9999 -9999 -9999 -9999 -9999 -9999 -9999 -9999 -9999 -9999 -9999 -9999 -9999 -9999 -9999 -9999 -9999 -9999 -9999 -9999 -9999 1.07331E-2 1.63191E-2 1.54462E-2 2.06857E-2 2.6273E-2 2.27577E-2 3.40299E-2 5.05511E-2 6.52004E-2 4.48445E-2 4.09087E-2 6.91621E-2 7.1772E-2 8.44972E-2 8.41393E-2 1.03397E-1 1.01072E-1 1.21725E-1 1.62314E-1 9.06158E-2 5.66302E-2 2.67619E-2 4.39435E-2 9.11371E-2 0E0 5.1213E-2 3.09228E-2 0E0 0E0 1.03459E-1 4.83E-2 0E0 0E0 0E0 0E0 0E0 0E0 0E0 0E0 0E0 4.49046E-2 0E0 0E0 0E0 0E0
-9999 -9999 -9999 -9999 -9999 -9999 -9999 -9999 -9999 -9999 -9999 -9999 -9999 -9999 -9999 -9999 -9999 -9999 -9999 -9999 -9999 -9999 -9999 -9999 -9999 -9999 -9999 -9999 -9999 -9999 1.27601E-2 4.77933E-3 7.42659E-3 1.03573E-2 1.71751E-2 3.19139E-2 2.55452E-2 4.9701E-2 6.25996E-2 7.68826E-2 6.89744E-2 6.09044E-2 8.82044E-2 8.4148E-2 9.54067E-2 1.08396E-1 1.28855E-1 1.23565E-1 1.28289E-1 9.22961E-2 9.77741E-2 5.72459E-2 1.33052E-2 3.46343E-2 3.12497E-2 0E0 0E0 0E0 0E0 4.85214E-2 0E0 0E0 0E0 0E0 0E0 0E0 0E0 0E0 0E0 0E0 2.21702E-2 0E0 0E0 0E0 0E0
-9999 -9999 -9999 -9999 -9999 -9999 -9999 -9999 -9999 -9999 -9999 -9999 -9999 -9999 -9999 -9999 -9999 -9999 -9999 -9999 -9999 -9999 -9999 -9999 -9999 7.00322E-4 0E0 0E0 0E0 6.40783E-3 2.99079E-3 1.23872E-2 1.59789E-2 1.9199E-2 2.46903E-2 2.51329E-2 2.09044E-2 3.19047E-2 3.28251E-2 6.73332E-2 1.14427E-1 6.97432E-2 6.58944E-2 1.02013E-1 1.04473E-1 7.91586E-2 8.77803E-2 1.05335E-1 1.07476E-1 1.17189E-1 1.13832E-1 1.25394E-1 3.98542E-2 5.6659E-2 9.16362E-2 0E0 0E0 0E0 0E0 0E0 0E0 0E0 0E0 0E0 0E0 0E0 0E0 0E0 0E0 0E0 0E0 0E0 0E0 0E0 0E0
-9999 -9999 -9999 -9999 -9999 -9999 -9999 -9999 -9999 -9999 -9999 -9999 -9999 -9999 -9999 -9999 -9999 -9999 -9999 -9999 -9999 -9999 0E0 0E0 0E0 0E0 0E0 0E0 4.82482E-3 0E0 5.82537E-3 5.96336E-3 1.1901E-2 1.59187E-2 1.97735E-2 1.60391E-2 3.65239E-2 3.7669E-2 2.27935E-2 3.86154E-2 1.07482E-1 1.09555E-1 7.75552E-2 1.08135E-1 1.11547E-1 1.01562E-1 1.05415E-1 1.1315E-1 4.461E-2 5.82871E-2 6.1965E-2 4.85217E-2 4.69601E-2 2.11711E-2 7.77692E-2 8.87145E-2 6.37096E-2 9.42396E-3 0E0 0E0 0E0 0E0 0E0 0E0 0E0 0E0 0E0 0E0 0E0 0E0 0E0 0E0 0E0 0E0 0E0
-9999 -9999 -9999 -9999 -9999 -9999 -9999 -9999 -9999 -9999 -9999 -9999 -9999 -9999 -9999 -9999 -9999 -9999 -9999 -9999 -9999 0E0 0E0 0E0 0E0 0E0 0E0 0E0 6.11601E-4 0E0 1.85724E-3 1.18466E-2 1.50632E-2 7.3169E-3 1.11456E-2 1.69878E-2 2.18293E-2 4.56773E-2 1.68105E-2 4.81432E-2 5.17707E-2 8.85397E-2 1.05896E-1 1.07005E-1 1.15569E-1 1.19076E-1 9.26656E-2 8.98791E-2 7.2223E-2 1.55623E-2 3.85244E-2 6.51558E-2 9.53593E-2 7.80537E-2 8.40633E-2 4.44473E-2 8.88661E-2 1.90145E-2 0E0 0E0 0E0 0E0 0E0 0E0 0E0 0E0 0E0 0E0 0E0 0E0 0E0 0E0 0E0 0E0 0E0
-9999 -9999 -9999 -9999 -9999 -9999 -9999 -9999 -9999 -9999 -9999 -9999 -9999 -9999 -9999 -9999 -9999 -9999 -9999 -9999 -9999 0E0 0E0 0E0 0E0 0E0 0E0 0E0 3.42223E-3 0E0 0E0 2.04326E-2 2.35646E-2 2.0503E-3 1.51984E-2 2.52684E-2 3.71638E-2 4.42283E-2 4.38071E-2 5.36817E-2 8.68156E-2 1.01569E-1 1.23697E-1 9.52196E-2 9.09608E-2 1.02273E-1 7.62518E-2 3.1832E-2 1.25914E-2 2.80292E-2 2.68038E-2 2.48391E-2 5.3512E-2 8.88996E-2 1.16219E-1 0E0 2.57306E-2 8.76452E-2 0E0 0E0 0E0 0E0 0E0 0E0 0E0 0E0 0E0 0E0 0E0 0E0 0E0 0E0 0E0 0E0 0E0
-9999 -9999 -9999 -9999 -9999 -9999 -9999 -9999 -9999 -9999 -9999 -9999 -9999 -9999 -9999 -9999 -9999 -9999 -9999 -9999 -9999 0E0 0E0 0E0 0E0 0E0 0E0 0E0 0E0 0E0 3.77729E-3 1.46305E-2 1.96396E-2 0E0 2.24043E-3 2.17501E-2 1.436E-2 5.05599E-2 6.08659E-2 5.89909E-2 7.2705E-2 1.02187E-1 1.02002E-1 9.88488E-2 9.90101E-2 8.96884E-2 9.58642E-2 6.86572E-2 1.22265E-2 1.54122E-2 1.15148E-2 6.04027E-3 0E0 0E0 0E0 0E0 1.32873E-2 3.82843E-2 0E0 0E0 0E0 0E0 0E0 0E0 0E0 0E0 0E0 0E0 0E0 0E0 0E0 0E0 0E0 0E0 0E0
-9999 -9999 -9999 -9999 -9999 -9999 -9999 -9999 -9999 -9999 -9999 -9999 -9999 -9999 -9999 -9999 -9999 -9999 -9999 -9999 -9999 -9999 0E0 0E0 0E0 0E0 7.77252E-4 0E0 0E0 0E0 1.15484E-3 1.83487E-3 0E0 5.85629E-3 1.2345E-2 1.31385E-2 8.41984E-3 4.07264E-2 4.74839E-2 6.51587E-2 8.21479E-2 9.01931E-2 1.029E-1 9.99807E-2 9.05763E-2 9.11585E-2 7.56501E-2 6.88E-2 3.13845E-2 4.50736E-2 1.88696E-2 0E0 0E0 0E0 0E0 0E0 0E0 1.13457E-2 0E0 0E0 0E0 0E0 0E0 0E0 0E0 0E0 0E0 0E0 0E0 0E0 0E0 0E0 0E0 0E0 0E0
-9999 -9999 -9999 -9999 -9999 -9999 -9999 -9999 -9999 -9999 -9999 -9999 -9999 -9999 -9999 -9999 -9999 -9999 -9999 -9999 -9999 -9999 0E0 0E0 0E0 0E0 0E0 1.36501E-3 1.06288E-3 2.93125E-5 3.87427E-5 2.95515E-3 7.16783E-3 0E0 3.91076E-3 0E0 1.01907E-2 5.87461E-3 3.15366E-2 7.16213E-2 9.90252E-2 6.69009E-2 0E0 7.82189E-2 1.00625E-1 8.54461E-2 1.00729E-1 8.06335E-2 1.02234E-1 1.57279E-2 0E0 0E0 0E0 0E0 0E0 0E0 0E0 0E0 0E0 0E0 0E0 0E0 0E0 0E0 0E0 0E0 0E0 0E0 0E0 0E0 0E0 0E0 0E0 0E0 0E0
-9999 -9999 -9999 -9999 -9999 -9999 -9999 -9999 -9999 -9999 -9999 -9999 -9999 -9999 -9999 -9999 -9999 -9999 -9999 -9999 -9999 -9999 0E0 0E0 0E0 0E0 0E0 0E0 0E0 0E0 0E0 0E0 8.50923E-4 1.49439E-2 0E0 6.59176E-3 0E0 9.42863E-3 1.7064E-2 3.95328E-2 3.42113E-2 1.22524E-2 1.85645E-2 1.23385E-2 1.20929E-2 7.92689E-3 1.38509E-2 3.7712E-2 8.47621E-2 2.21658E-2 5.1725E-2 1.52019E-2 0E0 0E0 0E0 0E0 0E0 0E0 0E0 0E0 0E0 0E0 0E0 0E0 0E0 0E0 0E0 0E0 0E0 0E0 0E0 0E0 0E0 0E0 0E0
-9999 -9999 -9999 -9999 -9999 -9999 -9999 -9999 -9999 -9999 -9999 -9999 -9999 -9999 -9999 -9999 -9999 -9999 -9999 -9999 -9999 -9999 0E0 0E0 0E0 0E0 0E0 0E0 0E0 0E0 0E0 0E0 0E0 0E0 0E0 3.54077E-4 0E0 1.63221E-2 1.41359E-2 1.90264E-2 0E0 3.692E-3 1.25375E-2 4.52667E-3 4.61943E-3 8.51078E-3 2.54059E-2 1.09895E-1 7.46211E-2 1.8302E-2 0E0 0E0 0E0 0E0 0E0 0E0 0E0 0E0 0E0 0E0 0E0 0E0 0E0 0E0 0E0 0E0 0E0 0E0 0E0 0E0 0E0 0E0 0E0 0E0 0E0
