ENM/Final_Models/M_0.9_F_q_Set_1_EC/Gustavia_santanderiensis_Choco_median.asc
ncols         367
nrows         963
xllcorner     -78.6
yllcorner     0.65
cellsize      0.00833333333333323
NODATA_value  -9999
[rows 192 to 223 of 963, columns 219 to 291 of 367]
1E0 1E0 1E0 1E0 1E0 1E0 1E0 9.99918E-1 1E0 1E0 1E0 1E0 1E0 1E0 1E0 1E0 1E0 1E0 1E0 1E0 9.99994E-1 9.9991E-1 9.99993E-1 9.99942E-1 9.99474E-1 9.53088E-1 9.97678E-1 8.36412E-1 5.99772E-1 9.01438E-1 6.80244E-1 9.2998E-1 8.62141E-1 7.83557E-1 9.62215E-1 8.89029E-1 9.35747E-1 9.11677E-1 9.6382E-1 9.35291E-1 9.12668E-1 7.2018E-1 5.33235E-1 4.95963E-1 6.06938E-1 4.53498E-1 5.53105E-1 3.94766E-1 4.60052E-1 3.44424E-1 1.82347E-1 1.58743E-1 4.20818E-1 1.71735E-1 3.16494E-2 1.8145E-2 1.03704E-2 3.81891E-3 2.08479E-2 1.79385E-3 1.27548E-4 8.67937E-4 1.3245E-3 3.64262E-3 1.06035E-3 3.278E-3 7.2324E-3 6.73771E-4 3.43484E-4 2.36254E-3 2.57436E-3 1.23548E-3 7.66366E-4
1E0 1E0 1E0 1E0 1E0 1E0 1E0 9.99997E-1 1E0 1E0 1E0 1E0 9.99999E-1 1E0 1E0 1E0 1E0 1E0 1E0 9.99999E-1 9.99991E-1 9.99999E-1 1E0 1E0 9.99726E-1 9.98567E-1 9.99975E-1 9.43978E-1 9.22882E-1 9.65028E-1 9.79306E-1 8.79578E-1 6.48037E-1 7.40997E-1 9.58804E-1 9.40772E-1 9.9149E-1 9.36947E-1 7.72879E-1 6.85779E-1 9.76334E-1 6.53485E-1 3.71406E-1 3.18729E-1 1.4362E-1 1.28481E-1 2.90466E-1 5.56808E-1 5.1874E-1 4.58451E-1 5.05525E-1 4.51631E-1 4.56367E-1 2.25237E-1 1.04257E-2 5.89974E-3 6.99659E-3 8.25014E-3 8.29264E-3 3.72171E-3 1.3495E-3 1.22499E-3 2.08168E-3 2.02275E-3 1.11512E-3 7.03581E-4 2.94507E-3 7.23801E-4 7.89779E-4 6.35923E-3 3.93905E-4 1.2079E-4 4.2461E-4
1E0 1E0 1E0 1E0 1E0 1E0 1E0 1E0 1E0 1E0 9.99997E-1 9.99938E-1 1E0 1E0 1E0 1E0 9.99996E-1 1E0 1E0 1E0 1E0 9.99998E-1 9.99997E-1 1E0 9.99998E-1 9.86077E-1 9.71895E-1 9.99792E-1 9.98046E-1 9.50834E-1 9.61965E-1 8.94314E-1 5.84772E-1 5.7522E-1 7.78696E-1 9.72007E-1 9.72559E-1 9.41691E-1 9.82614E-1 9.21723E-1 6.55762E-1 3.76572E-1 3.86295E-1 2.66338E-1 5.51029E-2 6.65266E-2 3.50403E-2 5.01537E-2 1.15177E-1 1.08967E-1 5.87549E-1 4.06462E-1 5.05546E-1 1.1006E-1 2.55064E-2 6.38563E-3 1.35505E-2 6.31058E-3 1.07628E-2 5.73635E-3 4.01561E-3 8.28434E-3 1.28073E-2 3.89333E-3 1.41739E-4 7.89705E-3 4.26856E-3 1.05423E-3 2.3343E-3 3.04683E-3 2.05146E-3 8.02297E-4 1.22527E-3
1E0 1E0 1E0 1E0 1E0 1E0 1E0 1E0 1E0 1E0 1E0 9.92066E-1 8.8887E-1 9.78702E-1 1E0 1E0 1E0 1E0 1E0 9.99996E-1 9.9997E-1 9.99826E-1 9.99917E-1 9.99997E-1 9.9979E-1 9.79013E-1 9.84596E-1 9.98034E-1 8.91551E-1 7.68982E-1 7.73912E-1 7.82695E-1 4.6618E-1 4.82508E-1 5.7611E-1 8.01462E-1 8.62638E-1 9.55042E-1 9.96232E-1 9.80071E-1 7.73304E-1 2.84365E-1 3.63645E-1 3.18865E-1 3.63337E-1 1.44791E-1 4.35833E-2 3.43116E-2 1.60317E-2 2.19211E-2 1.3565E-1 3.78289E-1 6.45415E-1 2.86426E-1 1.09134E-1 1.12073E-2 2.57356E-2 7.18595E-4 1.70704E-3 1.99566E-3 1.45843E-3 7.43609E-3 1.06847E-2 1.31003E-3 1.5418E-4 8.90907E-3 4.46941E-3 3.58852E-3 6.20862E-3 6.75781E-3 2.21744E-3 3.11667E-3 5.13783E-4
1E0 1E0 1E0 1E0 1E0 1E0 1E0 1E0 1E0 1E0 9.99511E-1 7.92624E-1 4.32243E-1 9.71806E-1 1E0 1E0 1E0 1E0 1E0 1E0 9.99983E-1 1E0 9.99992E-1 1E0 9.99877E-1 9.58546E-1 9.03751E-1 9.43986E-1 7.98774E-1 7.04774E-1 6.86038E-1 6.50449E-1 5.02735E-1 4.93393E-1 7.98223E-1 9.86499E-1 9.69799E-1 9.40062E-1 9.99986E-1 9.99988E-1 9.19924E-1 3.50494E-1 1.12922E-1 1.03248E-1 1.48638E-1 2.1064E-1 5.08667E-2 2.14385E-2 2.84303E-2 3.66602E-2 4.54518E-2 7.20255E-2 7.59302E-2 1.81013E-1 2.10871E-1 7.65065E-2 3.58467E-3 1.13321E-3 2.98852E-4 3.19206E-5 2.28149E-4 2.16852E-3 3.30086E-3 8.4816E-4 1.08204E-4 2.30402E-3 6.01002E-3 3.61444E-3 6.06691E-3 2.47098E-3 7.21099E-4 8.72527E-4 1.35116E-4
1E0 1E0 1E0 1E0 1E0 1E0 1E0 1E0 1E0 1E0 9.85819E-1 5.39989E-1 6.06995E-1 8.13628E-1 9.99915E-1 9.99304E-1 1E0 1E0 1E0 9.99646E-1 9.99998E-1 9.99793E-1 9.99997E-1 1E0 1E0 9.99682E-1 8.41377E-1 9.42684E-1 9.58932E-1 9.20694E-1 7.77914E-1 8.56017E-1 8.22404E-1 5.70807E-1 8.75935E-1 9.99866E-1 9.90124E-1 9.98344E-1 1E0 9.92534E-1 8.65013E-1 3.12358E-1 2.89054E-1 3.08794E-1 2.51292E-1 1.75818E-1 1.81306E-1 3.84984E-2 3.74139E-2 2.3355E-2 2.21744E-2 8.80527E-3 2.22308E-2 3.2775E-2 1.05581E-2 2.88462E-3 4.20307E-3 1.17129E-3 4.02555E-4 2.54813E-4 6.634E-4 6.26032E-4 4.73455E-4 6.32826E-4 2.52417E-4 6.97234E-4 4.41233E-3 8.74466E-3 5.82631E-3 5.21212E-3 1.98833E-3 1.65496E-3 2.69909E-4
1E0 1E0 1E0 1E0 1E0 1E0 1E0 1E0 1E0 1E0 9.88429E-1 9.19345E-1 8.49717E-1 9.70062E-1 9.99986E-1 9.99999E-1 1E0 9.9991E-1 9.99999E-1 9.99928E-1 9.99813E-1 9.99841E-1 1E0 1E0 1E0 1E0 9.8713E-1 8.0819E-1 8.75747E-1 9.90404E-1 9.15441E-1 9.25074E-1 8.6681E-1 6.09833E-1 7.65502E-1 9.99284E-1 9.99997E-1 9.99998E-1 9.9997E-1 9.99925E-1 7.33624E-1 2.86768E-1 4.15745E-1 5.71849E-1 6.41021E-1 5.15151E-1 1.92371E-1 6.27199E-2 1.41008E-1 3.35398E-2 2.53537E-2 6.86576E-3 1.09941E-2 6.64158E-3 1.21502E-2 1.15857E-2 1.69751E-2 6.68585E-4 4.54034E-4 1.17105E-3 2.07362E-4 9.86516E-4 2.53118E-4 2.40901E-4 5.67172E-4 2.00447E-3 4.21205E-3 2.3359E-3 1.5321E-3 2.81069E-3 2.12094E-3 6.17728E-4 1.65631E-4
1E0 1E0 1E0 1E0 1E0 1E0 1E0 1E0 1E0 1E0 9.99931E-1 1E0 1E0 9.99998E-1 9.95588E-1 9.9709E-1 9.99916E-1 1E0 1E0 9.99994E-1 9.99939E-1 9.99463E-1 1E0 1E0 1E0 9.9968E-1 9.26399E-1 6.28072E-1 8.89221E-1 9.12132E-1 9.4665E-1 9.66545E-1 9.29695E-1 8.38977E-1 8.62706E-1 9.97568E-1 9.99999E-1 9.99996E-1 1E0 9.95254E-1 9.27956E-1 7.55855E-1 4.99997E-1 3.92571E-1 4.81626E-1 4.84821E-1 3.70695E-1 2.06803E-1 1.27573E-1 1.09601E-1 6.28288E-2 6.85945E-2 9.74545E-3 3.08753E-2 1.47395E-2 1.39516E-3 6.7278E-4 2.21086E-3 3.72766E-4 3.73175E-4 4.19936E-4 1.62717E-3 3.85481E-3 4.40338E-3 7.47772E-4 1.93908E-3 2.9655E-3 2.40521E-3 1.35665E-3 1.21613E-3 7.33457E-4 2.01329E-4 1.64129E-4
1E0 1E0 1E0 1E0 1E0 1E0 1E0 1E0 1E0 1E0 1E0 1E0 1E0 9.9999E-1 9.99963E-1 9.91673E-1 9.99806E-1 1E0 1E0 1E0 9.99997E-1 9.99999E-1 1E0 1E0 9.99988E-1 9.99503E-1 9.97988E-1 9.97563E-1 9.96613E-1 9.91828E-1 9.98478E-1 9.96743E-1 9.80557E-1 8.81753E-1 9.90653E-1 9.99999E-1 1E0 9.99992E-1 9.99999E-1 9.99237E-1 9.6905E-1 6.35612E-1 8.68072E-1 8.80898E-1 7.61028E-1 8.5037E-1 7.1391E-1 4.96256E-1 2.1802E-1 3.66435E-1 2.02564E-1 7.39074E-2 6.0883E-2 9.6306E-2 1.41007E-2 5.26255E-3 5.65447E-3 9.47027E-4 2.3607E-4 7.50674E-5 1.29028E-4 1.51337E-3 3.57046E-3 5.11757E-3 3.11221E-3 5.6049E-4 1.67404E-3 2.77214E-3 1.10265E-3 1.18976E-3 3.86532E-4 6.10282E-4 2.30435E-3
1E0 1E0 1E0 1E0 1E0 1E0 1E0 1E0 1E0 1E0 1E0 1E0 1E0 1E0 1E0 9.9992E-1 1E0 1E0 1E0 9.99999E-1 1E0 1E0 1E0 1E0 1E0 1E0 9.99999E-1 9.99947E-1 9.9991E-1 1E0 1E0 1E0 9.99996E-1 9.99789E-1 9.99995E-1 1E0 9.98239E-1 9.99552E-1 9.99933E-1 9.6131E-1 9.12389E-1 8.69134E-1 9.4926E-1 9.453E-1 8.46834E-1 7.93522E-1 8.45218E-1 9.05915E-1 5.6795E-1 4.07399E-1 2.63676E-1 2.1583E-1 2.49707E-1 2.85996E-1 2.68276E-1 1.05504E-2 7.11503E-4 6.35564E-4 1.30153E-3 1.91862E-4 2.52055E-4 2.82093E-4 3.81533E-4 2.02006E-3 7.42525E-4 2.23859E-3 1.51642E-3 2.91359E-3 3.17732E-3 8.27978E-4 1.65259E-3 9.64022E-4 1.07151E-3
1E0 1E0 1E0 1E0 1E0 1E0 1E0 1E0 1E0 1E0 1E0 1E0 1E0 1E0 1E0 1E0 1E0 1E0 1E0 1E0 1E0 1E0 1E0 9.99993E-1 1E0 9.99992E-1 9.99987E-1 1E0 1E0 1E0 9.99998E-1 9.99926E-1 9.99998E-1 1E0 9.99989E-1 9.99452E-1 9.9623E-1 9.81746E-1 9.96372E-1 8.89096E-1 7.95636E-1 8.17875E-1 9.56786E-1 9.69161E-1 9.78217E-1 9.29325E-1 9.58115E-1 9.34965E-1 9.55276E-1 5.82169E-1 4.62434E-1 4.48462E-1 1.88998E-1 5.04923E-1 3.56593E-1 2.92562E-2 1.46326E-3 9.24511E-4 1.50897E-4 2.87695E-4 6.8638E-4 1.58639E-3 2.41566E-4 5.65757E-4 1.74964E-3 2.10713E-3 1.02508E-3 2.73169E-3 2.53079E-3 1.54789E-3 5.99566E-4 3.86717E-4 3.95082E-4
1E0 1E0 1E0 1E0 1E0 1E0 1E0 1E0 1E0 1E0 1E0 1E0 1E0 1E0 1E0 1E0 1E0 1E0 1E0 1E0 1E0 1E0 1E0 9.99999E-1 1E0 1E0 1E0 9.99977E-1 1E0 9.99951E-1 9.99578E-1 9.98895E-1 9.984E-1 9.99995E-1 9.99126E-1 9.79372E-1 9.38243E-1 9.91382E-1 9.99922E-1 7.9414E-1 5.62577E-1 9.64103E-1 9.74164E-1 9.9929E-1 9.9965E-1 9.99692E-1 9.84205E-1 9.93178E-1 9.74929E-1 7.47467E-1 7.00073E-1 7.65031E-1 1.80986E-1 3.29456E-1 4.20162E-1 9.59052E-2 2.94818E-3 2.20177E-3 6.7746E-4 2.7514E-4 1.97128E-3 4.19705E-3 5.27593E-4 6.28243E-4 1.81723E-3 3.98106E-3 3.7791E-4 3.67328E-4 5.34053E-4 6.70935E-4 3.49043E-4 1.14133E-3 6.90505E-4
1E0 1E0 1E0 1E0 1E0 1E0 1E0 1E0 1E0 1E0 1E0 1E0 1E0 1E0 1E0 1E0 1E0 1E0 1E0 1E0 1E0 1E0 1E0 1E0 1E0 1E0 9.99999E-1 9.88592E-1 9.99999E-1 9.99978E-1 9.99179E-1 9.99961E-1 9.99999E-1 9.92072E-1 8.66143E-1 6.48187E-1 9.426E-1 9.87536E-1 9.99134E-1 8.90987E-1 7.01444E-1 9.08852E-1 9.97174E-1 9.99947E-1 9.99785E-1 9.99993E-1 9.88158E-1 9.70497E-1 9.81961E-1 9.64471E-1 8.90539E-1 9.18416E-1 3.80259E-1 3.81367E-1 5.13444E-1 2.14948E-1 2.16218E-2 9.15785E-3 4.64233E-4 5.72563E-4 6.66999E-5 9.92271E-4 1.00798E-3 1.51939E-3 2.5535E-3 5.89127E-3 3.60727E-3 1.11907E-3 5.22829E-4 2.6491E-4 3.73538E-4 3.54747E-4 4.4738E-4
1E0 1E0 1E0 1E0 1E0 1E0 1E0 1E0 9.99999E-1 1E0 1E0 1E0 1E0 1E0 1E0 1E0 1E0 1E0 1E0 1E0 1E0 1E0 1E0 1E0 1E0 1E0 1E0 9.91916E-1 7.13696E-1 5.82717E-1 5.05915E-1 9.31256E-1 9.44828E-1 7.0852E-1 4.5866E-1 5.32412E-1 9.41057E-1 9.73966E-1 9.99888E-1 9.88001E-1 5.73346E-1 4.21912E-1 6.09555E-1 9.35854E-1 9.9998E-1 9.99678E-1 8.40983E-1 9.37891E-1 8.90125E-1 8.32075E-1 8.47984E-1 8.92738E-1 5.3189E-1 7.27952E-2 2.81521E-1 1.76089E-1 5.21222E-2 1.63563E-2 6.48645E-3 4.0847E-4 3.3289E-4 4.01837E-4 1.38593E-3 2.93806E-3 2.26942E-3 6.29548E-3 7.38762E-3 2.08815E-3 7.73288E-4 2.99937E-4 1.19157E-4 3.66929E-4 2.91759E-4
1E0 1E0 1E0 1E0 1E0 1E0 1E0 1E0 1E0 1E0 1E0 1E0 1E0 1E0 1E0 1E0 1E0 1E0 1E0 1E0 1E0 1E0 1E0 1E0 1E0 1E0 1E0 9.99999E-1 9.97746E-1 9.64E-1 4.49887E-1 4.33727E-1 5.79274E-1 9.53434E-1 4.52113E-1 2.88064E-1 9.09094E-1 9.96607E-1 9.88969E-1 9.9204E-1 4.4145E-1 1.50865E-1 1.81804E-1 7.30658E-1 9.0045E-1 8.55546E-1 8.279E-1 5.33418E-1 7.80583E-1 7.28032E-1 9.61805E-1 9.6617E-1 8.47892E-1 3.69901E-1 7.63976E-2 2.07947E-1 1.96821E-2 1.05186E-3 5.97311E-3 2.61957E-3 3.14366E-4 2.3214E-4 4.29675E-4 1.2795E-3 6.58696E-4 5.45752E-3 4.12031E-3 2.74638E-3 1.23419E-3 6.95574E-4 4.95466E-4 6.1512E-4 1.2766E-3
1E0 1E0 1E0 1E0 1E0 1E0 1E0 1E0 1E0 1E0 1E0 1E0 1E0 1E0 1E0 1E0 1E0 1E0 1E0 1E0 1E0 1E0 1E0 1E0 1E0 1E0 1E0 9.99748E-1 9.9777E-1 8.77277E-1 4.81E-1 2.29167E-1 1.96768E-1 5.0449E-1 2.88113E-1 3.33984E-1 8.49121E-1 9.99756E-1 9.73556E-1 9.94707E-1 7.11657E-1 2.31812E-1 2.2972E-1 4.24322E-1 3.90614E-1 4.73859E-1 5.13802E-1 7.44801E-1 7.71556E-1 7.00061E-1 9.03229E-1 8.3367E-1 4.51619E-1 1.84175E-1 1.86111E-1 2.6563E-1 2.55617E-2 2.14379E-3 1.83989E-3 3.49356E-4 5.6159E-4 4.96877E-4 1.64247E-4 1.68081E-3 2.45716E-3 3.496E-3 4.81571E-3 2.90551E-3 3.77522E-3 5.25493E-3 1.5365E-3 7.59668E-4 4.00507E-4
1E0 1E0 1E0 1E0 1E0 1E0 1E0 1E0 1E0 1E0 1E0 1E0 1E0 1E0 1E0 1E0 1E0 1E0 1E0 1E0 1E0 1E0 1E0 1E0 9.99999E-1 1E0 9.99975E-1 9.8799E-1 9.98197E-1 5.59234E-1 2.58037E-1 1.06743E-1 1.32761E-1 4.42827E-1 3.35969E-1 3.96375E-1 7.09986E-1 9.73048E-1 9.99752E-1 9.99843E-1 6.77168E-1 6.64866E-1 6.40197E-1 8.11521E-1 5.27395E-1 3.6638E-1 4.95718E-1 5.9172E-1 3.72943E-1 3.06491E-1 7.13778E-1 6.62144E-1 4.41334E-1 5.156E-1 1.09384E-1 1.26716E-1 1.64507E-2 2.34362E-3 1.17885E-3 5.0742E-4 3.05648E-3 1.76166E-3 5.17537E-4 3.1674E-3 2.03587E-3 5.81252E-3 5.08608E-3 1.7052E-3 5.32432E-3 2.21795E-3 1.8798E-3 6.53791E-3 4.55538E-3
1E0 1E0 1E0 1E0 1E0 1E0 1E0 1E0 1E0 1E0 1E0 1E0 1E0 1E0 1E0 1E0 1E0 1E0 9.99999E-1 9.99965E-1 1E0 1E0 1E0 1E0 1E0 9.98594E-1 9.99686E-1 9.99994E-1 9.9804E-1 6.95352E-1 6.18282E-1 3.48651E-1 4.57755E-1 4.63512E-1 4.0168E-1 7.98901E-1 5.01622E-1 9.99444E-1 9.99853E-1 9.99967E-1 9.80456E-1 8.83968E-1 9.24728E-1 9.86229E-1 9.32989E-1 6.73234E-1 6.89191E-1 4.55949E-1 3.96854E-1 1.45258E-1 5.87459E-1 5.44762E-1 6.92802E-1 5.10977E-1 1.01593E-1 4.87862E-2 9.46463E-3 4.68957E-3 2.79965E-3 2.02188E-3 7.67098E-4 1.77571E-3 2.79245E-4 2.22011E-3 2.16939E-3 2.39396E-3 5.22646E-3 1.92785E-3 2.39625E-3 1.87508E-3 1.44253E-3 3.02953E-3 1.85397E-3
1E0 1E0 1E0 1E0 1E0 1E0 1E0 1E0 1E0 1E0 1E0 1E0 1E0 1E0 1E0 1E0 9.99969E-1 9.97945E-1 9.26199E-1 9.53354E-1 9.9999E-1 1E0 1E0 1E0 1E0 9.99942E-1 9.95266E-1 9.99644E-1 9.77894E-1 8.19047E-1 8.65166E-1 5.70576E-1 6.68269E-1 5.37173E-1 4.01439E-1 6.74048E-1 9.46626E-1 9.99672E-1 9.99768E-1 9.99343E-1 9.81344E-1 9.03152E-1 9.90157E-1 9.87359E-1 9.59065E-1 8.93408E-1 8.53079E-1 4.20882E-1 2.35547E-1 5.98646E-2 4.74724E-1 3.70973E-1 4.04636E-1 3.5637E-1 1.31717E-1 6.28847E-2 2.7521E-3 2.53239E-3 7.74856E-3 8.09443E-4 3.92869E-4 2.40281E-3 1.27091E-3 1.63042E-3 1.65391E-3 1.69664E-3 3.59866E-3 1.44994E-3 2.71318E-3 5.66407E-4 1.58965E-3 4.17896E-3 2.19135E-3
1E0 1E0 1E0 1E0 1E0 1E0 1E0 1E0 1E0 1E0 1E0 1E0 1E0 1E0 1E0 1E0 9.99973E-1 9.94727E-1 8.82951E-1 9.39724E-1 9.99943E-1 1E0 1E0 1E0 1E0 9.98636E-1 9.2815E-1 9.60748E-1 8.51963E-1 7.45934E-1 7.35596E-1 8.54173E-1 7.25508E-1 4.09637E-1 4.22935E-1 7.75136E-1 8.52113E-1 9.93212E-1 9.99829E-1 9.9654E-1 9.78179E-1 9.81955E-1 9.82077E-1 9.87228E-1 9.46339E-1 8.74611E-1 7.51821E-1 6.82406E-1 4.26842E-1 6.83952E-2 1.00822E-1 2.77041E-1 2.33782E-1 3.11344E-1 7.65176E-2 2.98318E-2 2.4447E-4 7.99508E-4 2.33768E-3 6.52732E-4 2.82226E-4 1.64328E-4 9.83711E-4 8.78127E-4 2.81096E-3 2.32414E-3 4.47991E-3 2.33861E-3 9.54786E-4 1.7377E-3 3.89055E-3 3.19646E-3 2.11333E-3
1E0 1E0 1E0 1E0 1E0 1E0 1E0 1E0 1E0 1E0 1E0 1E0 1E0 1E0 1E0 1E0 1E0 9.89719E-1 9.59578E-1 9.98059E-1 9.99999E-1 1E0 1E0 1E0 1E0 9.89328E-1 9.23936E-1 9.66289E-1 8.72822E-1 6.30113E-1 9.16592E-1 9.95552E-1 9.95163E-1 9.65374E-1 9.95863E-1 9.96853E-1 9.98929E-1 9.90671E-1 9.9994E-1 9.97977E-1 9.78386E-1 9.37266E-1 9.67267E-1 9.89797E-1 6.22108E-1 5.90966E-1 5.18899E-1 8.89045E-1 4.60055E-1 4.65853E-1 3.90127E-1 3.89838E-1 2.41298E-1 1.91586E-1 7.64269E-2 2.63007E-3 4.62789E-4 4.55198E-4 2.96697E-4 3.16779E-4 4.12559E-4 1.18723E-3 1.23423E-3 3.84722E-3 5.78532E-3 5.05574E-3 4.26523E-3 2.12848E-3 1.80347E-3 1.56061E-3 1.15348E-3 5.49534E-3 3.15526E-3
1E0 1E0 1E0 1E0 1E0 1E0 1E0 1E0 1E0 1E0 1E0 1E0 1E0 1E0 1E0 1E0 9.99309E-1 9.5781E-1 9.16296E-1 9.62177E-1 9.98224E-1 1E0 1E0 1E0 1E0 9.80856E-1 9.59399E-1 9.78497E-1 9.16408E-1 9.80823E-1 9.9938E-1 9.99997E-1 9.99836E-1 9.99743E-1 9.99949E-1 9.99996E-1 9.95855E-1 9.9631E-1 9.84633E-1 9.5821E-1 9.48793E-1 8.88121E-1 8.97817E-1 9.66126E-1 8.96887E-1 6.36904E-1 5.44251E-1 7.20693E-1 8.20436E-1 7.57702E-1 6.36703E-1 2.33681E-1 9.27489E-2 2.19523E-2 1.08968E-2 2.87987E-3 2.68811E-3 1.75059E-3 7.913E-4 7.64893E-4 2.11157E-3 8.62147E-4 2.16757E-3 2.11204E-3 3.36659E-3 9.94303E-3 7.44439E-3 5.44278E-3 1.66253E-3 4.33445E-4 4.06805E-4 1.07642E-3 4.32435E-4
1E0 1E0 1E0 1E0 1E0 1E0 1E0 1E0 1E0 1E0 1E0 1E0 1E0 1E0 1E0 9.99986E-1 9.01519E-1 4.84711E-1 7.67095E-1 9.49286E-1 9.99687E-1 1E0 1E0 1E0 9.99997E-1 9.68879E-1 9.93826E-1 9.97229E-1 9.71849E-1 9.99995E-1 9.98801E-1 9.99618E-1 9.97527E-1 9.95646E-1 9.9824E-1 9.86426E-1 9.769E-1 9.52012E-1 9.93361E-1 9.60253E-1 9.70746E-1 9.59341E-1 9.29713E-1 9.51141E-1 6.38765E-1 4.44823E-1 4.69119E-1 4.31897E-1 7.15708E-1 8.50205E-1 5.86636E-1 4.11168E-1 1.53168E-1 4.31687E-2 2.11614E-2 1.39644E-3 8.56707E-4 1.58667E-3 7.05685E-4 1.48243E-3 9.14501E-4 1.88133E-4 2.56802E-3 8.14227E-3 1.33037E-2 1.2665E-2 7.80491E-3 7.05105E-3 3.49247E-3 1.19365E-3 8.0382E-4 1.12748E-3 7.45779E-4
1E0 1E0 1E0 1E0 1E0 1E0 1E0 1E0 1E0 1E0 1E0 1E0 1E0 1E0 9.99982E-1 9.57261E-1 1.94946E-1 1.21513E-1 2.94693E-1 7.77459E-1 9.90188E-1 1E0 1E0 1E0 9.99999E-1 9.89444E-1 9.17481E-1 9.54034E-1 9.92183E-1 9.99917E-1 9.98366E-1 9.98318E-1 9.78715E-1 9.91828E-1 9.75127E-1 9.85311E-1 9.86486E-1 8.56636E-1 9.57559E-1 9.13421E-1 8.73922E-1 9.09288E-1 8.92194E-1 8.0293E-1 6.5556E-1 4.11298E-1 3.66607E-1 3.47868E-1 3.38571E-1 7.65648E-1 2.87928E-1 4.97939E-2 1.02317E-1 7.20834E-3 7.6983E-3 5.72076E-3 1.57903E-3 5.73777E-4 3.51227E-4 7.63439E-4 4.68131E-4 1.54294E-3 3.83196E-3 6.16283E-3 9.5093E-3 5.12251E-3 4.94021E-3 7.50165E-3 6.19881E-3 5.98037E-3 3.34348E-3 5.38421E-3 5.16462E-3
1E0 1E0 1E0 1E0 1E0 1E0 1E0 1E0 1E0 1E0 1E0 1E0 1E0 9.99999E-1 9.90703E-1 7.11557E-1 1.17414E-1 5.29595E-2 1.15877E-1 4.84406E-1 9.2274E-1 1E0 1E0 1E0 9.99999E-1 9.99921E-1 9.99969E-1 9.99635E-1 9.95856E-1 9.82021E-1 8.45592E-1 9.91493E-1 9.56207E-1 9.59588E-1 9.2733E-1 9.42888E-1 9.30278E-1 8.30168E-1 8.6422E-1 8.83508E-1 8.63856E-1 9.11416E-1 9.75737E-1 9.50789E-1 9.24726E-1 5.36392E-1 5.16601E-1 3.87713E-1 7.45774E-1 4.78564E-1 1.9104E-1 1.30053E-2 3.6563E-2 2.21124E-2 4.84794E-3 8.83963E-3 9.93238E-4 5.33907E-4 1.24684E-3 1.60385E-3 5.34589E-4 3.22042E-3 5.10238E-3 1.05462E-2 1.33717E-2 5.84639E-3 4.74461E-3 5.19644E-3 4.34841E-3 3.6543E-3 1.32806E-3 1.24944E-3 1.68603E-3
1E0 1E0 1E0 1E0 1E0 9.99999E-1 1E0 1E0 1E0 1E0 1E0 1E0 1E0 9.62413E-1 9.08217E-1 4.90494E-1 2.02958E-1 7.82849E-2 1.18826E-1 2.03907E-1 8.26798E-1 9.89019E-1 1E0 9.99983E-1 9.99973E-1 9.99996E-1 9.99389E-1 9.92812E-1 9.58884E-1 9.86855E-1 8.93764E-1 9.6299E-1 9.91727E-1 9.85123E-1 9.42693E-1 9.95055E-1 9.46209E-1 9.37194E-1 8.59062E-1 8.79801E-1 9.13467E-1 9.28215E-1 9.5713E-1 9.91219E-1 9.93817E-1 8.41809E-1 6.23762E-1 4.67761E-1 4.63828E-1 6.38221E-1 3.66568E-1 1.30082E-1 7.76147E-2 4.06717E-2 1.41496E-2 2.00912E-2 1.83025E-3 2.02753E-3 5.32089E-4 8.50223E-4 3.1666E-3 3.60755E-4 3.21194E-3 1.53855E-2 1.31644E-2 9.59565E-3 5.56247E-3 6.05905E-3 2.63244E-3 2.04596E-3 1.71156E-3 1.03711E-3 8.55973E-4
1E0 1E0 1E0 1E0 1E0 9.99984E-1 1E0 1E0 1E0 9.99988E-1 1E0 1E0 9.99972E-1 8.99342E-1 8.33343E-1 6.82867E-1 4.22523E-1 3.6083E-1 2.93829E-1 7.77381E-2 4.57864E-1 9.01832E-1 1E0 9.99956E-1 9.99095E-1 9.80968E-1 9.76649E-1 9.21367E-1 9.00323E-1 9.94215E-1 9.95953E-1 9.99779E-1 9.99219E-1 9.84197E-1 9.66804E-1 9.75654E-1 9.92206E-1 9.74424E-1 9.3571E-1 8.82171E-1 9.37363E-1 9.29648E-1 9.06743E-1 9.72663E-1 9.84492E-1 8.20042E-1 4.61445E-1 4.20978E-1 5.10642E-1 4.88305E-1 6.73203E-1 5.78273E-1 2.58357E-1 1.49283E-1 1.68642E-2 2.08512E-2 1.19799E-2 2.52948E-3 7.54293E-4 1.31227E-3 5.35383E-4 3.45858E-4 8.22306E-3 8.06992E-3 1.22978E-2 9.08404E-3 9.07768E-3 8.51661E-3 4.18681E-3 2.98164E-3 3.14726E-3 4.44379E-3 1.24749E-3
1E0 1E0 1E0 1E0 1E0 1E0 1E0 1E0 9.99999E-1 9.99999E-1 9.99982E-1 9.99791E-1 9.97888E-1 9.83069E-1 8.86727E-1 7.78756E-1 7.36263E-1 5.029E-1 7.64158E-1 6.47456E-1 9.52275E-1 9.63534E-1 9.96987E-1 9.99992E-1 9.69632E-1 8.51139E-1 8.94865E-1 9.77446E-1 9.35451E-1 9.70331E-1 9.96233E-1 9.98969E-1 9.98603E-1 9.8987E-1 9.43775E-1 9.69499E-1 9.63173E-1 9.33112E-1 9.46529E-1 8.40225E-1 7.7859E-1 9.29159E-1 9.44043E-1 9.34595E-1 9.51658E-1 6.24768E-1 5.33972E-1 3.61818E-1 6.68408E-1 6.47236E-1 7.57661E-1 6.46344E-1 1.1429E-1 1.94367E-2 2.57131E-3 2.13707E-3 1.00489E-2 1.06482E-2 4.63027E-3 8.65281E-4 2.97911E-4 8.5159E-4 4.01828E-3 5.90592E-3 1.38228E-2 1.2409E-2 1.36919E-2 8.37212E-3 1.03305E-2 2.45463E-3 6.10504E-3 1.15001E-2 4.63741E-3
1E0 1E0 1E0 1E0 9.99934E-1 9.99998E-1 9.99998E-1 1E0 1E0 1E0 9.99998E-1 9.98924E-1 9.99863E-1 9.991E-1 9.96544E-1 9.85917E-1 9.80932E-1 9.18004E-1 8.12591E-1 9.31126E-1 9.91098E-1 9.66887E-1 9.93029E-1 9.97587E-1 9.7978E-1 9.40802E-1 9.44374E-1 7.57965E-1 7.64063E-1 9.09295E-1 9.69928E-1 9.83805E-1 9.93031E-1 9.94834E-1 9.39357E-1 9.48573E-1 9.05581E-1 9.13019E-1 9.46609E-1 9.10205E-1 8.54876E-1 9.54014E-1 9.56942E-1 9.67567E-1 6.77509E-1 4.33189E-1 6.23838E-1 5.10244E-1 9.1296E-1 8.90594E-1 7.03866E-1 6.07379E-1 3.34862E-2 4.1694E-3 1.57169E-3 2.86323E-4 2.66748E-5 2.10223E-4 1.5127E-4 1.3071E-3 8.35969E-4 3.7423E-4 6.34574E-4 1.19488E-2 1.16639E-2 8.65183E-3 5.50505E-3 4.46424E-3 5.17408E-3 7.89213E-4 5.33756E-3 6.83911E-3 2.51142E-3
1E0 1E0 1E0 9.99755E-1 9.9993E-1 9.97129E-1 9.98198E-1 1E0 1E0 1E0 9.99779E-1 9.84864E-1 9.66267E-1 9.99338E-1 9.99987E-1 9.98092E-1 1E0 1E0 9.96247E-1 9.93312E-1 9.99999E-1 1E0 9.87677E-1 9.35289E-1 9.54129E-1 9.68537E-1 9.94421E-1 9.49841E-1 8.72804E-1 9.76335E-1 9.93303E-1 9.47724E-1 9.94635E-1 9.4998E-1 9.17527E-1 8.89983E-1 9.1248E-1 7.83466E-1 9.24139E-1 9.05397E-1 8.01663E-1 8.82519E-1 9.22407E-1 9.61737E-1 6.25455E-1 1.88791E-1 2.72825E-1 2.1455E-1 6.45552E-1 8.71636E-1 7.35798E-1 9.07712E-2 1.69572E-2 6.86512E-3 5.26037E-3 3.19963E-4 8.16735E-5 1.51158E-4 3.17229E-4 2.22522E-4 2.379E-4 4.41867E-4 7.18809E-4 1.37227E-3 5.31886E-3 1.2625E-2 1.10233E-2 6.11568E-3 7.12714E-3 2.16117E-3 3.35262E-3 7.20144E-3 5.70299E-3
1E0 9.99997E-1 1E0 9.99955E-1 9.99792E-1 9.84099E-1 9.97893E-1 1E0 9.99985E-1 9.99997E-1 9.27904E-1 9.82628E-1 7.88941E-1 9.99645E-1 9.99997E-1 1E0 1E0 1E0 9.99999E-1 9.99992E-1 1E0 1E0 9.99596E-1 9.49687E-1 9.86776E-1 9.56545E-1 9.97689E-1 9.99529E-1 9.75187E-1 9.53791E-1 9.59363E-1 9.92792E-1 9.8473E-1 9.73715E-1 9.52394E-1 9.52722E-1 9.70309E-1 5.92313E-1 8.79165E-1 8.93717E-1 7.98445E-1 8.27449E-1 8.86003E-1 8.88489E-1 7.64564E-1 1.35949E-1 1.50761E-1 2.32836E-1 6.33625E-1 9.55463E-1 7.92202E-1 7.45051E-2 1.37443E-1 1.28287E-2 4.34294E-3 1.86988E-3 7.76764E-4 2.19686E-4 3.23103E-4 5.39864E-4 2.79705E-4 4.89424E-4 8.33368E-4 3.18997E-4 7.59221E-3 1.28229E-2 8.67356E-3 7.78314E-3 1.53745E-2 3.66725E-3 1.46654E-3 2.71865E-3 2.8443E-3
1E0 9.99989E-1 9.99997E-1 9.99837E-1 9.96536E-1 9.35368E-1 9.99991E-1 9.99978E-1 9.93826E-1 9.98162E-1 9.96711E-1 9.92078E-1 9.9935E-1 9.99595E-1 1E0 9.99999E-1 1E0 1E0 1E0 1E0 1E0 1E0 1E0 9.49689E-1 9.59574E-1 9.44425E-1 9.94731E-1 9.93869E-1 9.72859E-1 9.61548E-1 9.76164E-1 9.74855E-1 9.7096E-1 9.46197E-1 9.56407E-1 9.70816E-1 9.45339E-1 7.27128E-1 9.4758E-1 7.70339E-1 8.26307E-1 9.20305E-1 9.11995E-1 8.31909E-1 8.53724E-1 2.309E-1 2.22292E-1 5.26509E-1 5.15627E-1 9.01266E-1 7.04497E-1 1.03686E-1 8.39118E-2 2.52368E-2 1.52446E-2 1.43296E-2 5.30051E-3 1.19655E-3 2.98515E-4 5.36352E-4 5.8315E-4 1.30704E-3 4.65161E-3 5.05665E-4 1.08307E-2 1.62811E-2 2.03547E-2 2.37187E-2 2.11066E-2 3.24273E-3 2.55033E-3 2.4549E-3 3.69815E-3
