ENM/Final_Models/M_0.9_F_q_Set_1_EC/Gustavia_santanderiensis_Choco_max.asc
ncols         367
nrows         963
xllcorner     -78.6
yllcorner     0.65
cellsize      0.00833333333333323
NODATA_value  -9999
[rows 630 to 664 of 963, columns 154 to 230 of 367]
-9999 -9999 -9999 -9999 -9999 -9999 -9999 1E0 1E0 1E0 1E0 1E0 1E0 1E0 1E0 1E0 1E0 1E0 1E0 9.99772E-1 9.95168E-1 9.68846E-1 8.94117E-1 7.76125E-1 7.74931E-1 6.31956E-1 8.24367E-1 9.97998E-1 9.46654E-1 7.58994E-1 9.99976E-1 1E0 1E0 1E0 1E0 1E0 9.99999E-1 1E0 9.99994E-1 9.57382E-1 5.13084E-1 2.67388E-1 2.58733E-1 3.29741E-1 8.80653E-2 1.5528E-2 2.11507E-2 2.34841E-2 6.60381E-3 2.02833E-2 9.70071E-3 2.60392E-2 9.89734E-3 1.08355E-2 4.25196E-2 4.99347E-2 5.19339E-2 5.32915E-2 5.31771E-2 1.26383E-2 1.36366E-2 1.64047E-2 1.73456E-2 1.16736E-2 3.25524E-2 1.50147E-2 1.06017E-2 6.80191E-3 7.78657E-3 3.07966E-3 2.56316E-3 1.27611E-3 7.88141E-4 7.32542E-5 7.69751E-5 2.47177E-4 6.09534E-4
-9999 -9999 -9999 -9999 -9999 -9999 1E0 1E0 1E0 1E0 1E0 1E0 1E0 1E0 1E0 1E0 1E0 1E0 1E0 1E0 1E0 9.99882E-1 9.99996E-1 9.77589E-1 4.46673E-1 5.52244E-1 6.33402E-1 9.96436E-1 8.96865E-1 9.24115E-1 1E0 1E0 1E0 1E0 1E0 1E0 1E0 1E0 1E0 9.99973E-1 8.30184E-1 4.75973E-1 8.67021E-1 8.07181E-1 4.72387E-1 4.43595E-2 2.50531E-1 2.8836E-1 1.55253E-1 1.44668E-1 1.79327E-2 6.65567E-3 8.69955E-3 1.57606E-2 8.8747E-2 7.1281E-2 3.91527E-2 3.21777E-2 3.16424E-2 2.608E-2 4.10754E-2 3.38328E-2 9.80936E-3 8.93987E-3 5.29292E-3 8.79251E-3 1.00233E-2 6.84898E-3 8.56504E-3 9.32219E-3 8.17048E-3 1.61338E-3 2.52356E-4 1.21073E-4 1.72739E-4 5.7179E-5 4.22103E-4
-9999 -9999 -9999 -9999 -9999 -9999 1E0 1E0 1E0 1E0 1E0 1E0 1E0 1E0 1E0 1E0 1E0 1E0 1E0 1E0 1E0 1E0 9.92657E-1 9.70479E-1 3.24293E-1 3.58513E-1 4.66282E-1 8.39566E-1 7.77823E-1 1E0 1E0 1E0 1E0 1E0 1E0 6.06636E-1 9.99095E-1 1E0 1E0 1E0 1E0 9.9981E-1 9.96704E-1 9.73481E-1 9.15452E-1 2.06704E-1 6.68672E-1 8.31306E-1 5.30918E-1 2.26418E-1 4.256E-2 6.81526E-3 1.20315E-2 3.36144E-2 2.23153E-1 6.51452E-2 5.20482E-2 5.52157E-2 4.3199E-2 4.66948E-2 6.06631E-2 8.51361E-2 3.25742E-2 4.36846E-2 1.94931E-2 2.57718E-2 1.51818E-2 6.82465E-3 7.79295E-3 3.8002E-3 6.98504E-3 1.68746E-3 6.91804E-4 5.39632E-4 3.55288E-4 2.623E-4 4.06676E-4
-9999 -9999 -9999 -9999 -9999 1E0 1E0 1E0 1E0 1E0 1E0 1E0 1E0 1E0 1E0 1E0 1E0 1E0 1E0 1E0 1E0 1E0 9.99999E-1 9.58094E-1 3.65955E-1 4.573E-1 4.27933E-1 8.51161E-1 9.36245E-1 9.19296E-1 1E0 1E0 1E0 1E0 9.99801E-1 2.98185E-1 2.95917E-1 9.99999E-1 1E0 1E0 9.94113E-1 9.44396E-1 5.91168E-1 9.25373E-1 9.22636E-1 9.41578E-1 7.99812E-1 6.05199E-1 4.03736E-2 3.17482E-1 8.68804E-2 8.85676E-3 7.52479E-3 2.05207E-2 6.38336E-2 6.39192E-2 5.776E-2 3.25834E-2 4.60388E-2 2.00011E-2 3.51522E-2 2.48023E-2 3.76202E-2 1.40989E-2 -9999 -9999 1.2323E-2 4.44796E-3 1.98597E-3 6.85577E-4 1.87845E-3 1.45668E-3 3.5986E-4 2.43123E-4 3.5745E-4 2.32165E-4 2.75194E-4
-9999 -9999 -9999 -9999 -9999 1E0 1E0 1E0 1E0 1E0 1E0 1E0 1E0 1E0 1E0 1E0 1E0 1E0 1E0 1E0 1E0 1E0 1E0 9.99801E-1 3.67445E-1 4.0886E-1 5.65705E-1 6.38545E-1 9.60155E-1 9.94626E-1 1E0 1E0 1E0 1E0 9.99998E-1 1.34541E-1 3.35076E-1 1E0 1E0 1E0 9.99991E-1 9.88909E-1 7.92251E-1 7.68595E-1 8.27065E-1 8.03001E-1 6.84277E-1 7.25373E-2 2.21491E-2 2.67273E-2 3.71403E-2 8.62394E-3 4.13218E-3 7.4259E-3 9.48684E-3 2.83935E-2 2.97445E-2 1.01513E-1 4.30761E-2 1.99699E-2 9.55868E-3 6.45302E-3 2.71046E-2 -9999 -9999 -9999 3.34726E-3 3.05946E-3 6.29803E-4 4.80686E-4 6.76112E-4 6.53834E-4 4.78581E-4 1.77461E-4 2.6313E-4 2.29176E-4 5.86997E-4
-9999 -9999 -9999 -9999 -9999 1E0 1E0 1E0 1E0 1E0 1E0 1E0 1E0 1E0 1E0 1E0 1E0 1E0 1E0 1E0 9.99403E-1 1E0 9.99997E-1 9.44015E-1 7.715E-1 3.94698E-1 2.73874E-1 9.46376E-1 1E0 1E0 1E0 1E0 1E0 1E0 1E0 1E0 1E0 1E0 1E0 9.99999E-1 9.9788E-1 9.9994E-1 9.99315E-1 6.67192E-1 5.57386E-1 1.92729E-1 3.88626E-2 2.94138E-2 6.38235E-2 2.47711E-2 9.73548E-3 8.0545E-3 3.50879E-3 4.09188E-3 3.25894E-3 8.6271E-3 2.12022E-2 1.7166E-2 3.84571E-2 1.31343E-2 2.18563E-3 1.62996E-3 -9999 -9999 -9999 -9999 1.27905E-3 1.16831E-3 1.27739E-3 5.53298E-4 1.49347E-4 1.20372E-4 2.10159E-4 7.92894E-5 2.72777E-4 2.08961E-4 3.2812E-4
-9999 -9999 -9999 -9999 1E0 1E0 1E0 1E0 1E0 1E0 1E0 1E0 1E0 1E0 1E0 1E0 1E0 1E0 1E0 1E0 9.99982E-1 9.98391E-1 9.78386E-1 9.86982E-1 7.22725E-1 7.173E-1 4.16746E-1 3.03543E-1 2.38075E-1 9.79336E-1 1E0 1E0 1E0 1E0 9.99983E-1 9.99999E-1 1E0 1E0 1E0 9.98627E-1 9.78746E-1 9.9913E-1 9.99996E-1 9.99492E-1 9.97696E-1 6.5029E-1 3.3911E-2 4.10967E-2 3.24044E-1 5.46855E-2 1.91333E-2 8.983E-3 3.10129E-3 3.5537E-3 3.48833E-3 5.97667E-3 2.2267E-2 5.90292E-3 1.55414E-2 1.5453E-2 3.28312E-3 3.22658E-3 -9999 -9999 -9999 5.76358E-4 5.00431E-4 1.02698E-3 8.54693E-4 2.39324E-4 2.87703E-4 8.64512E-5 9.22694E-5 1.16597E-4 3.93238E-4 1.8024E-4 1.34123E-4
-9999 -9999 -9999 1E0 1E0 1E0 1E0 1E0 1E0 1E0 1E0 1E0 1E0 1E0 1E0 1E0 1E0 1E0 1E0 1E0 9.99998E-1 9.97193E-1 9.2436E-1 6.49868E-1 7.03354E-1 6.07162E-1 4.75188E-1 3.33772E-1 5.92595E-1 3.71848E-1 8.77638E-1 1.85759E-1 9.95808E-1 9.99999E-1 1E0 9.91737E-1 9.99999E-1 1E0 1E0 1E0 9.99999E-1 1E0 9.99989E-1 9.99098E-1 9.99908E-1 9.91889E-1 9.73654E-1 3.74878E-1 3.0812E-1 9.56555E-2 5.03745E-2 2.88699E-2 1.54759E-2 3.09639E-3 1.11047E-3 3.73196E-3 6.6732E-3 6.7875E-3 9.00402E-3 1.21552E-2 2.73821E-3 -9999 -9999 -9999 2.51386E-4 9.76252E-5 1.07192E-4 5.1031E-4 1.82621E-4 1.71955E-4 9.75582E-5 3.50284E-5 1.76001E-4 2.86088E-4 3.71172E-4 1.27716E-4 2.67065E-4
-9999 -9999 -9999 1E0 1E0 1E0 1E0 1E0 1E0 1E0 1E0 1E0 1E0 1E0 1E0 1E0 1E0 1E0 9.99999E-1 8.97615E-1 7.38839E-1 3.93552E-1 6.69461E-1 9.48322E-1 6.57248E-1 5.95748E-1 6.50253E-1 9.70225E-1 9.48265E-1 9.67823E-1 1E0 1E0 9.99999E-1 9.99517E-1 9.99937E-1 8.72071E-1 1E0 1E0 1E0 9.91732E-1 9.59314E-1 1E0 9.99974E-1 9.83488E-1 9.98751E-1 9.93564E-1 9.71122E-1 7.34156E-1 8.0231E-1 1.58703E-1 3.62956E-1 1.56478E-1 2.43413E-2 6.47719E-3 2.08718E-3 1.23973E-3 4.18343E-3 2.93505E-3 5.17491E-3 3.23795E-3 -9999 -9999 -9999 -9999 3.25106E-4 1.93961E-4 1.57106E-4 1.83462E-4 1.06001E-4 1.41717E-4 4.95785E-5 4.50144E-4 5.30946E-4 4.54225E-4 3.0502E-4 2.69655E-4 1.48924E-3
-9999 -9999 1E0 1E0 1E0 1E0 1E0 1E0 1E0 1E0 1E0 1E0 1E0 1E0 1E0 1E0 1E0 9.99933E-1 9.86742E-1 6.75825E-1 8.18098E-1 9.46467E-1 7.21738E-1 9.10989E-1 9.99953E-1 8.91148E-1 8.88008E-1 7.7063E-1 9.99985E-1 1E0 1E0 1E0 9.99987E-1 9.94254E-1 8.54141E-1 6.29229E-1 9.02194E-1 1E0 9.99986E-1 1E0 8.60877E-1 8.816E-1 9.99034E-1 9.59498E-1 9.55217E-1 6.12296E-1 2.30595E-1 2.30879E-1 2.98307E-1 1.11966E-1 1.0863E-1 4.39008E-2 3.15886E-2 3.2341E-3 1.0895E-3 1.02792E-3 2.12192E-3 1.13383E-3 2.22366E-3 8.25628E-4 -9999 -9999 -9999 -9999 2.29146E-4 1.6839E-4 3.84066E-4 6.25338E-4 2.82191E-4 4.07127E-5 3.69948E-4 4.17716E-4 2.52121E-4 2.90316E-4 2.23111E-4 9.14379E-5 9.90432E-4
-9999 1E0 1E0 1E0 1E0 1E0 1E0 1E0 1E0 1E0 1E0 1E0 1E0 1E0 1E0 1E0 1E0 9.99997E-1 9.84528E-1 9.87915E-1 9.42581E-1 9.74477E-1 5.25079E-1 5.69604E-1 8.3615E-1 9.78072E-1 1E0 1E0 1E0 1E0 1E0 1E0 9.99168E-1 9.1798E-2 6.50995E-2 1.57214E-1 6.45922E-1 8.77989E-1 9.49487E-1 9.90337E-1 9.99988E-1 9.40113E-1 7.32058E-1 2.61458E-1 6.14581E-2 4.44718E-2 2.23422E-2 1.24122E-2 1.4477E-2 4.94129E-2 6.16457E-2 1.56668E-2 1.08249E-2 3.28585E-3 1.04135E-3 6.66112E-4 1.17827E-3 4.01306E-4 1.01232E-3 -9999 -9999 -9999 -9999 -9999 4.94207E-4 2.85195E-4 3.40661E-4 4.3676E-4 3.41535E-4 3.55687E-5 3.24122E-4 3.44218E-4 3.22455E-4 3.05342E-4 1.86742E-4 2.41067E-4 7.13112E-4
-9999 1E0 1E0 1E0 1E0 1E0 1E0 1E0 1E0 1E0 1E0 1E0 1E0 1E0 1E0 1E0 1E0 9.99975E-1 9.85393E-1 9.9713E-1 9.9861E-1 9.90152E-1 9.35449E-1 9.4402E-1 8.65492E-1 9.96985E-1 1E0 1E0 1E0 1E0 1E0 9.99851E-1 9.99959E-1 7.60454E-2 3.51719E-2 1.60993E-2 1.5373E-2 3.93915E-2 3.60714E-2 5.85611E-1 9.994E-1 9.5249E-1 1.81542E-1 4.02264E-2 1.55954E-2 7.88854E-3 1.8447E-3 6.18041E-3 2.91822E-3 1.4998E-2 9.34381E-3 3.15692E-3 4.17738E-3 4.30003E-3 1.81079E-3 1.20289E-3 7.80826E-4 3.99083E-4 7.75103E-4 -9999 -9999 -9999 -9999 -9999 7.81707E-4 9.15594E-4 5.88704E-4 2.31477E-4 4.36821E-5 1.1519E-4 2.30831E-4 3.35397E-4 4.46256E-4 4.17194E-4 1.83967E-4 3.95716E-4 5.83446E-4
1E0 1E0 1E0 1E0 1E0 1E0 1E0 1E0 1E0 1E0 1E0 1E0 1E0 1E0 1E0 1E0 1E0 9.99868E-1 9.98733E-1 9.7565E-1 9.82231E-1 1E0 9.99214E-1 9.99963E-1 1E0 9.99991E-1 1E0 1E0 1E0 1E0 1E0 9.99995E-1 9.99997E-1 1E0 1.71733E-1 3.05308E-2 1.62525E-2 3.82935E-2 2.9126E-2 3.53637E-2 2.21724E-1 9.71917E-2 2.33517E-2 1.94252E-2 4.36008E-3 3.3944E-3 1.53446E-3 8.21706E-4 2.5515E-3 8.42746E-3 2.48032E-3 1.63978E-3 1.42232E-3 1.38296E-3 7.64699E-4 6.09193E-4 5.28764E-4 4.95929E-4 -9999 -9999 -9999 -9999 -9999 -9999 5.13645E-4 2.14674E-4 2.74943E-4 2.81502E-4 5.71048E-5 2.25506E-4 2.69028E-4 5.23808E-4 4.51165E-4 3.23719E-4 1.19124E-4 4.27988E-4 -9999
1E0 1E0 1E0 1E0 1E0 1E0 1E0 1E0 1E0 1E0 1E0 1E0 1E0 1E0 1E0 1E0 1E0 9.99908E-1 8.03453E-1 6.20026E-1 8.08921E-1 9.99997E-1 1E0 1E0 1E0 1E0 1E0 1E0 1E0 1E0 1E0 1E0 1E0 9.9999E-1 9.98039E-1 5.47512E-1 5.39E-2 1.91182E-1 3.51217E-1 8.81196E-2 1.39026E-1 5.36631E-2 7.01458E-2 3.43241E-2 4.69876E-3 5.35224E-3 4.76447E-3 3.67262E-3 4.44223E-3 1.35176E-3 1.95604E-3 6.35933E-3 2.05457E-3 1.37356E-3 1.23916E-3 7.77914E-4 6.71525E-4 -9999 -9999 -9999 -9999 -9999 -9999 -9999 4.56136E-4 4.14154E-4 6.8669E-5 6.93397E-5 4.54351E-5 1.87177E-4 2.94806E-4 2.3639E-4 7.61642E-4 5.21848E-4 1.04563E-4 -9999 -9999
1E0 1E0 1E0 1E0 1E0 1E0 1E0 1E0 1E0 1E0 1E0 1E0 1E0 1E0 1E0 1E0 9.99989E-1 9.83689E-1 9.50807E-1 9.04079E-1 9.84036E-1 9.99753E-1 1E0 1E0 1E0 1E0 1E0 1E0 1E0 1E0 1E0 1E0 1E0 1E0 1E0 9.90085E-1 9.99999E-1 1E0 1E0 8.71291E-1 3.86126E-1 1.5341E-1 1.37464E-1 5.33015E-2 9.54925E-3 1.74369E-2 3.48777E-3 1.13611E-2 7.83658E-3 6.43339E-3 4.3702E-3 1.28806E-2 4.14398E-3 1.99791E-3 1.76097E-3 4.28815E-4 7.23094E-4 -9999 -9999 -9999 -9999 -9999 -9999 7.55255E-4 1.02483E-3 9.40901E-5 1.23805E-4 1.39223E-4 1.85177E-4 4.95745E-5 5.83066E-4 7.58152E-4 5.07495E-4 5.69011E-4 4.90178E-4 -9999 -9999
1E0 1E0 1E0 1E0 1E0 1E0 1E0 1E0 1E0 1E0 1E0 1E0 1E0 1E0 1E0 1E0 1E0 9.9345E-1 9.96381E-1 9.99929E-1 9.98129E-1 1E0 1E0 1E0 1E0 1E0 1E0 1E0 1E0 1E0 1E0 1E0 1E0 1E0 1E0 1E0 1E0 1E0 9.99987E-1 1E0 5.88986E-1 1.23475E-1 6.1255E-2 1.17256E-1 3.38982E-2 2.05142E-2 2.92639E-2 7.89016E-2 6.95941E-2 3.41268E-2 2.94907E-2 1.20987E-2 6.67651E-3 2.9815E-3 1.40294E-3 1.5164E-3 1.60659E-3 -9999 -9999 -9999 -9999 -9999 7.04376E-4 6.75141E-4 3.56826E-4 1.67828E-4 3.11698E-4 2.71606E-4 2.52263E-4 2.29499E-4 5.59984E-5 5.62973E-5 1.69021E-3 9.63864E-4 -9999 -9999 -9999
1E0 1E0 1E0 1E0 1E0 1E0 1E0 1E0 1E0 1E0 1E0 1E0 1E0 1E0 1E0 9.99995E-1 1E0 9.99898E-1 1E0 1E0 9.8265E-1 9.99963E-1 1E0 1E0 1E0 1E0 1E0 1E0 1E0 1E0 1E0 1E0 1E0 1E0 1E0 1E0 1E0 9.99958E-1 9.99941E-1 8.42886E-1 5.40067E-1 1.62253E-1 4.41311E-2 9.62721E-2 4.69013E-2 6.74669E-2 6.87378E-2 7.32721E-2 5.18383E-2 2.38608E-2 6.93909E-2 1.06165E-2 6.98258E-3 3.85203E-3 2.52203E-3 1.87009E-3 -9999 -9999 -9999 -9999 -9999 -9999 1.73551E-3 5.06761E-4 9.85388E-4 5.18365E-4 5.45222E-4 3.87116E-4 4.96936E-4 3.49088E-4 3.5685E-4 5.01178E-4 9.2097E-4 -9999 -9999 -9999 -9999
1E0 1E0 1E0 1E0 1E0 1E0 1E0 1E0 1E0 1E0 1E0 1E0 1E0 1E0 1E0 1E0 9.99998E-1 9.99996E-1 9.99999E-1 9.2985E-1 9.51697E-1 9.99971E-1 1E0 1E0 1E0 1E0 1E0 1E0 1E0 1E0 1E0 1E0 1E0 1E0 1E0 1E0 1E0 1E0 1E0 8.36698E-1 5.83062E-2 2.44553E-2 2.07224E-2 1.42564E-2 8.4001E-2 2.53016E-1 9.68234E-2 4.91648E-2 5.61655E-2 6.57494E-2 5.31561E-2 1.79316E-2 2.03042E-2 1.46881E-2 3.75111E-3 4.08768E-3 -9999 -9999 -9999 -9999 -9999 -9999 1.16523E-3 6.8984E-4 3.33392E-4 2.35843E-4 4.70205E-4 5.60006E-4 5.31755E-4 3.41471E-4 5.39602E-4 8.04417E-4 -9999 -9999 -9999 -9999 -9999
1E0 1E0 1E0 1E0 1E0 1E0 1E0 1E0 1E0 1E0 1E0 1E0 1E0 1E0 1E0 1E0 1E0 9.99997E-1 9.24342E-1 9.97187E-1 9.99999E-1 1E0 9.94221E-1 9.88307E-1 1E0 1E0 1E0 1E0 1E0 1E0 1E0 1E0 1E0 1E0 1E0 1E0 1E0 1E0 9.73862E-1 1.46584E-1 1.71027E-1 9.90701E-2 8.83896E-3 9.57009E-3 2.86123E-2 1.90411E-2 1.35731E-2 1.7516E-2 2.79423E-2 8.74923E-2 1.32649E-1 1.4549E-1 5.71583E-2 3.10657E-2 1.05013E-2 7.57654E-3 -9999 -9999 -9999 -9999 -9999 4.16072E-3 1.55247E-3 8.63145E-4 5.26305E-4 2.01065E-4 1.5549E-4 3.28218E-4 7.53606E-5 1.14557E-4 7.39524E-4 -9999 -9999 -9999 -9999 -9999 -9999
1E0 1E0 1E0 1E0 1E0 1E0 1E0 1E0 1E0 1E0 1E0 1E0 1E0 1E0 1E0 1E0 1E0 1E0 9.8317E-1 1E0 1E0 9.99981E-1 9.99979E-1 9.70515E-1 7.5849E-1 1E0 1E0 9.99967E-1 7.20393E-1 3.90981E-1 8.64243E-1 1E0 1E0 1E0 1E0 1E0 1E0 9.969E-1 2.59591E-1 4.00914E-2 3.8657E-2 2.25555E-2 1.65804E-2 1.19959E-2 9.46968E-3 1.8244E-2 1.88314E-2 4.1642E-2 3.77265E-2 3.04018E-2 4.26147E-2 1.7937E-1 8.49728E-2 5.11796E-2 4.09834E-2 2.30919E-2 -9999 -9999 -9999 -9999 -9999 7.35808E-3 5.29881E-3 2.2813E-3 1.01004E-3 2.78336E-4 1.99956E-4 1.73076E-4 2.87305E-4 5.8147E-4 -9999 -9999 -9999 -9999 -9999 -9999 -9999
1E0 1E0 1E0 1E0 1E0 1E0 1E0 1E0 1E0 1E0 1E0 1E0 1E0 1E0 1E0 1E0 1E0 1E0 1E0 1E0 1E0 9.99935E-1 9.84595E-1 9.88869E-1 1E0 1E0 1E0 1E0 1E0 1E0 1E0 1E0 1E0 1E0 1E0 1E0 1E0 6.5858E-1 8.32556E-2 4.56799E-2 2.66924E-2 3.34818E-2 1.94458E-2 3.83605E-3 2.77189E-3 8.15216E-3 2.83402E-2 1.28698E-2 2.94093E-2 1.54348E-2 3.27423E-2 5.4661E-2 5.82962E-2 2.51886E-2 3.56492E-2 6.81433E-2 -9999 -9999 -9999 -9999 -9999 3.92391E-3 4.36097E-3 8.77358E-4 3.58708E-4 8.63743E-4 5.29701E-4 9.70813E-4 7.31768E-4 5.80845E-4 -9999 -9999 -9999 -9999 -9999 -9999 -9999
1E0 1E0 1E0 1E0 1E0 1E0 1E0 1E0 1E0 1E0 1E0 1E0 1E0 1E0 1E0 1E0 1E0 1E0 1E0 1E0 1E0 1E0 1E0 1E0 1E0 1E0 1E0 1E0 1E0 1E0 1E0 1E0 1E0 9.98399E-1 1E0 1E0 1E0 1E0 1.77919E-1 1.58539E-1 1.10888E-1 4.33022E-2 2.05517E-2 3.28667E-2 4.06986E-3 2.09359E-2 2.29685E-1 2.2327E-1 2.59009E-1 3.33458E-1 6.97454E-2 2.92037E-2 4.45097E-2 3.13974E-2 2.14687E-2 3.08353E-2 2.65072E-2 -9999 -9999 -9999 7.56442E-3 4.56069E-3 3.50359E-3 6.05157E-4 2.23877E-4 3.94217E-4 3.48363E-4 6.7276E-4 2.53786E-4 -9999 -9999 -9999 -9999 -9999 -9999 -9999 -9999
1E0 1E0 1E0 1E0 1E0 1E0 1E0 1E0 1E0 1E0 1E0 1E0 1E0 1E0 1E0 1E0 1E0 1E0 1E0 1E0 1E0 1E0 1E0 1E0 1E0 1E0 1E0 1E0 1E0 1E0 9.9335E-1 9.93486E-1 9.99989E-1 9.99932E-1 9.99502E-1 9.99552E-1 1E0 1E0 2.86695E-1 2.60177E-1 2.26353E-1 1.02018E-1 3.02273E-2 3.64156E-2 3.72359E-2 5.1558E-2 7.28384E-2 1.59539E-1 2.377E-1 1.55022E-1 2.36081E-2 2.2294E-2 7.8539E-2 5.6677E-2 3.81324E-2 2.33801E-2 1.96982E-2 -9999 -9999 -9999 1.35817E-3 1.45852E-3 1.18175E-3 8.80621E-4 6.44639E-4 6.35567E-4 1.37724E-3 1.51339E-3 2.78651E-4 -9999 -9999 -9999 -9999 -9999 -9999 -9999 -9999
1E0 1E0 1E0 1E0 1E0 1E0 1E0 1E0 1E0 1E0 1E0 1E0 1E0 1E0 1E0 1E0 1E0 1E0 1E0 1E0 1E0 1E0 1E0 1E0 1E0 1E0 1E0 1E0 1E0 1E0 9.99997E-1 9.0387E-1 5.33668E-1 8.13704E-1 5.34968E-1 8.12534E-1 9.95151E-1 9.99998E-1 1.09908E-1 1.49288E-1 2.70562E-1 1.70518E-1 1.11516E-1 8.29604E-2 5.3727E-2 7.28191E-2 9.57772E-2 7.9254E-2 2.57791E-1 1.77671E-1 9.68863E-2 1.15795E-1 2.53502E-1 1.08469E-1 6.02965E-2 3.86191E-2 6.7034E-2 3.00904E-2 8.84611E-3 3.34665E-3 2.86551E-3 1.18011E-3 7.76025E-4 4.27256E-4 6.93851E-4 9.80185E-4 2.10417E-3 5.51468E-4 -9999 -9999 -9999 -9999 -9999 -9999 -9999 -9999 -9999
1E0 1E0 1E0 1E0 1E0 1E0 1E0 1E0 1E0 1E0 1E0 1E0 1E0 1E0 1E0 1E0 1E0 1E0 1E0 1E0 1E0 1E0 1E0 1E0 1E0 1E0 1E0 1E0 1E0 1E0 1E0 9.87363E-1 3.12553E-1 1.45971E-1 2.36263E-1 2.93714E-1 3.79213E-1 2.84556E-1 1.56599E-2 7.62975E-2 2.14318E-1 2.43594E-1 1.25828E-1 1.62022E-1 1.3438E-1 4.90406E-2 4.74395E-2 8.78983E-2 2.85957E-1 2.85552E-1 2.79055E-1 2.91698E-1 3.23815E-1 2.09183E-1 3.43259E-1 3.94644E-1 9.70425E-2 2.43961E-2 9.0733E-3 5.11326E-3 3.80758E-3 1.39689E-3 1.41013E-3 5.58622E-4 2.68332E-4 5.11041E-4 2.2674E-3 2.70123E-3 -9999 -9999 -9999 -9999 -9999 -9999 -9999 -9999 -9999
1E0 1E0 1E0 1E0 1E0 1E0 1E0 1E0 1E0 1E0 1E0 1E0 1E0 1E0 1E0 1E0 1E0 1E0 1E0 1E0 1E0 1E0 1E0 1E0 1E0 1E0 1E0 1E0 1E0 1E0 1E0 1E0 9.99262E-1 4.14903E-1 1.3897E-1 6.0006E-2 3.25188E-2 1.13146E-2 1.54207E-2 2.08482E-2 6.6154E-2 1.05778E-1 1.26123E-1 2.48597E-1 1.60013E-1 7.46886E-2 1.45907E-1 1.18426E-1 3.12784E-1 3.25222E-1 3.45913E-1 4.4238E-1 3.17905E-1 4.1243E-1 5.16018E-1 5.86549E-1 4.35184E-1 2.34921E-1 7.94193E-2 3.01244E-2 8.27218E-3 2.30348E-3 5.27105E-4 2.88763E-4 3.8885E-4 4.10061E-4 2.66376E-3 3.89328E-3 -9999 -9999 -9999 -9999 -9999 -9999 -9999 -9999 -9999
1E0 1E0 1E0 1E0 1E0 1E0 1E0 1E0 1E0 1E0 1E0 1E0 1E0 1E0 1E0 1E0 1E0 1E0 1E0 1E0 1E0 1E0 1E0 1E0 1E0 1E0 1E0 1E0 1E0 1E0 1E0 1E0 9.99999E-1 9.99759E-1 9.62565E-1 4.98863E-2 2.36273E-2 3.12518E-2 1.60569E-2 1.67614E-1 1.47638E-1 7.5631E-2 4.03222E-2 4.47139E-2 7.33176E-2 5.29696E-2 8.06305E-2 4.86561E-1 3.35066E-1 3.4974E-1 3.51968E-1 5.14159E-1 4.33259E-1 1.93641E-1 1.27263E-1 1.16813E-1 2.98829E-1 1.00083E-1 2.21605E-2 1.82258E-2 4.35274E-3 7.46921E-4 5.47306E-4 8.73551E-4 1.48571E-3 2.24445E-3 4.09964E-3 -9999 -9999 -9999 -9999 -9999 -9999 -9999 -9999 -9999 -9999
1E0 1E0 1E0 1E0 1E0 1E0 1E0 1E0 1E0 1E0 1E0 1E0 1E0 1E0 1E0 1E0 1E0 1E0 1E0 1E0 1E0 1E0 1E0 1E0 1E0 1E0 1E0 1E0 1E0 1E0 1E0 1E0 1E0 1E0 1E0 9.82631E-1 4.9818E-2 1.12175E-1 5.06746E-1 9.93475E-1 5.39436E-1 2.11997E-1 1.77443E-1 6.35407E-2 8.77E-2 3.01831E-1 1.52918E-1 3.02205E-1 3.99948E-1 3.70523E-1 4.73927E-1 2.81184E-1 2.22858E-1 3.00719E-1 1.2705E-1 2.27696E-2 5.25212E-2 3.38785E-2 1.86451E-2 6.90075E-3 1.2811E-3 2.83214E-4 2.95973E-4 4.26297E-4 3.87699E-4 8.17338E-4 3.71759E-3 -9999 -9999 -9999 -9999 -9999 -9999 -9999 -9999 -9999 -9999
1E0 1E0 1E0 1E0 1E0 1E0 1E0 1E0 1E0 1E0 1E0 1E0 1E0 1E0 1E0 1E0 1E0 9.99973E-1 1E0 1E0 1E0 1E0 1E0 1E0 1E0 1E0 1E0 1E0 1E0 1E0 1E0 1E0 1E0 1E0 1E0 1E0 2.75989E-1 5.4092E-1 9.99998E-1 9.56285E-1 3.86663E-1 2.8136E-1 2.93808E-1 4.31413E-1 9.2617E-1 9.85215E-1 3.5392E-1 4.94465E-1 3.70981E-1 3.76379E-1 3.34653E-1 1.99067E-1 1.27802E-1 1.56859E-1 9.49812E-2 2.15758E-2 1.44001E-2 1.95755E-2 1.54131E-2 1.61772E-3 1.41714E-3 1.3395E-3 9.60969E-4 2.8543E-4 1.66631E-4 2.45268E-4 -9999 -9999 -9999 -9999 -9999 -9999 -9999 -9999 -9999 -9999 -9999
1E0 1E0 1E0 1E0 1E0 1E0 1E0 1E0 1E0 1E0 1E0 1E0 1E0 1E0 1E0 1E0 1E0 1E0 1E0 1E0 1E0 1E0 1E0 9.99981E-1 1E0 1E0 1E0 1E0 1E0 1E0 1E0 1E0 1E0 1E0 1E0 1E0 9.99776E-1 9.99999E-1 1E0 8.04597E-1 2.09953E-1 1.72515E-1 2.19987E-1 6.73569E-1 1E0 9.91965E-1 4.26152E-1 4.04739E-1 3.90239E-1 2.83273E-1 3.20062E-1 2.11896E-1 3.13297E-2 1.69274E-2 2.02464E-2 1.48971E-2 4.73679E-3 1.02346E-2 7.48062E-3 4.0114E-3 2.95383E-3 8.61281E-4 2.99548E-4 4.33652E-4 5.14484E-4 4.21757E-4 -9999 -9999 -9999 -9999 -9999 -9999 -9999 -9999 -9999 -9999 -9999
1E0 1E0 1E0 1E0 1E0 1E0 1E0 1E0 1E0 1E0 1E0 1E0 1E0 1E0 1E0 1E0 1E0 1E0 1E0 1E0 1E0 1E0 1E0 1E0 1E0 1E0 9.99942E-1 1E0 1E0 1E0 1E0 1E0 1E0 1E0 1E0 1E0 9.36255E-1 8.60154E-1 7.15725E-1 2.2687E-1 1.68929E-1 1.75184E-1 1.46513E-1 2.81375E-1 4.23261E-1 1.67093E-1 4.26027E-1 4.04395E-1 4.48243E-1 4.60805E-1 2.7993E-1 1.48424E-1 6.19175E-2 2.43773E-2 1.04466E-2 1.26912E-2 5.9546E-3 3.90849E-3 4.51618E-3 2.35284E-3 4.25018E-3 1.02591E-3 1.62627E-3 7.76167E-4 8.36388E-4 1.1018E-3 -9999 -9999 -9999 -9999 -9999 -9999 -9999 -9999 -9999 -9999 -9999
1E0 1E0 1E0 1E0 1E0 1E0 1E0 1E0 1E0 1E0 1E0 1E0 1E0 1E0 1E0 1E0 1E0 1E0 1E0 9.9996E-1 9.99996E-1 1E0 1E0 1E0 1E0 1E0 1E0 1E0 1E0 1E0 1E0 1E0 1E0 9.90908E-1 8.85591E-1 5.56954E-1 1.49613E-1 2.3729E-1 3.58849E-1 1.67403E-1 1.24838E-1 1.11835E-1 1.26385E-1 2.31293E-1 3.3033E-1 3.87405E-1 5.46302E-1 4.19695E-1 6.96232E-1 6.23631E-1 3.68146E-1 2.51115E-1 8.84281E-2 3.54248E-2 7.5884E-3 1.75375E-2 6.11727E-3 8.02711E-3 9.63633E-3 1.54522E-2 1.04918E-2 3.39757E-3 3.52032E-3 3.68285E-3 3.44272E-3 -9999 -9999 -9999 -9999 -9999 -9999 -9999 -9999 -9999 -9999 -9999 -9999
1E0 1E0 1E0 1E0 1E0 1E0 1E0 1E0 1E0 1E0 1E0 1E0 1E0 1E0 1E0 1E0 1E0 1E0 1E0 1E0 1E0 1E0 1E0 1E0 1E0 1E0 1E0 1E0 1E0 1E0 1E0 1E0 1E0 9.99861E-1 9.41408E-1 9.38371E-1 9.92928E-1 9.73673E-1 9.23148E-1 3.4661E-1 5.24032E-1 2.35661E-1 2.82391E-1 3.32856E-1 4.56622E-1 6.4367E-1 5.90787E-1 6.21005E-1 6.73873E-1 3.86441E-1 3.90105E-1 2.23216E-1 7.61138E-2 3.00443E-2 1.39809E-2 2.60117E-2 2.32577E-2 4.28255E-2 1.06086E-1 1.79634E-2 6.74318E-3 2.1797E-3 3.46938E-3 2.17522E-3 1.84552E-3 -9999 -9999 -9999 -9999 -9999 -9999 -9999 -9999 -9999 -9999 -9999 -9999
1E0 1E0 1E0 1E0 1E0 1E0 1E0 1E0 1E0 1E0 1E0 1E0 1E0 1E0 1E0 1E0 1E0 1E0 1E0 1E0 1E0 1E0 1E0 1E0 1E0 1E0 1E0 1E0 1E0 1E0 1E0 1E0 1E0 8.91523E-1 1E0 1E0 3.80677E-1 8.68941E-1 9.36478E-1 9.11267E-1 4.64068E-1 1.5721E-1 2.90024E-1 6.12873E-1 8.0669E-1 7.99608E-1 6.84772E-1 8.85399E-1 5.95578E-1 5.58934E-1 3.72795E-1 4.01693E-1 6.81296E-2 9.82125E-2 6.59789E-2 1.25844E-1 4.39045E-2 1.36095E-1 9.82495E-2 2.99519E-2 9.40887E-3 3.23596E-3 3.73521E-3 3.40856E-3 3.68651E-3 -9999 -9999 -9999 -9999 -9999 -9999 -9999 -9999 -9999 -9999 -9999 -9999
1E0 1E0 1E0 1E0 1E0 1E0 1E0 1E0 1E0 1E0 1E0 1E0 1E0 1E0 1E0 1E0 1E0 1E0 1E0 1E0 1E0 1E0 1E0 1E0 1E0 1E0 1E0 1E0 1E0 1E0 9.99542E-1 1E0 1E0 1E0 9.99945E-1 1E0 5.2032E-1 8.03009E-1 8.93381E-1 9.62801E-1 8.64748E-1 4.30024E-1 3.8969E-1 5.55383E-1 7.42717E-1 7.68686E-1 9.29642E-1 7.99176E-1 3.96486E-1 4.71499E-1 5.93532E-1 5.9502E-1 3.26893E-1 4.03838E-1 9.7929E-2 1.11408E-1 2.35454E-1 2.07212E-1 3.70062E-2 4.59554E-3 3.58751E-3 4.96603E-3 4.08775E-3 4.51201E-3 7.7056E-3 -9999 -9999 -9999 -9999 -9999 -9999 -9999 -9999 -9999 -9999 -9999 -9999
