ENM/Final_Models/M_0.9_F_q_Set_1_EC/Gustavia_santanderiensis_0_Choco_clamping.asc
ncols         367
nrows         963
xllcorner     -78.6
yllcorner     0.65
cellsize      0.00833333333333323
NODATA_value  -9999
[rows 527 to 557 of 963, columns 140 to 209 of 367]
-9999 -9999 -9999 -9999 -9999 -9999 -9999 -9999 -9999 -9999 -9999 -9999 -9999 -9999 -9999 1.23067E-1 6.1969E-2 7.0553E-2 1.27961E-1 1.15684E-1 1.49779E-1 9.47849E-2 7.54374E-2 1.16087E-1 1.15083E-1 1.68588E-1 1.74403E-1 3.042E-1 1.82767E-1 2.51111E-1 1.78844E-1 1.84331E-1 2.2143E-1 1.60811E-1 1.545E-1 2.23875E-1 1.89446E-1 2.2958E-1 2.28335E-1 2.23314E-1 1.84342E-1 1.51741E-1 2.40356E-1 3.13452E-1 2.98984E-1 2.23558E-1 3.47008E-1 3.30482E-1 3.68356E-1 5.06724E-1 4.32658E-1 -9999 6.42226E-2 1.47753E-1 2.14835E-1 1.45251E-1 4.90326E-1 4.12069E-1 3.65509E-1 2.4155E-1 2.65026E-1 3.14788E-1 3.30069E-1 3.06062E-1 3.07624E-1 3.55109E-1 3.04209E-1 3.03418E-1 2.53081E-1 1.84305E-1
-9999 -9999 -9999 -9999 -9999 -9999 -9999 -9999 -9999 -9999 -9999 -9999 -9999 -9999 -9999 1.3787E-1 9.75007E-2 7.07002E-2 6.66133E-2 8.32377E-2 1.02058E-1 1.00886E-1 1.18623E-1 1.33309E-1 1.14049E-1 8.79231E-2 8.76035E-2 1.56053E-1 2.52676E-1 2.38984E-1 2.89286E-1 1.7767E-1 1.83733E-1 2.0356E-1 2.09142E-1 2.13043E-1 2.23831E-1 2.04343E-1 2.1887E-1 2.18515E-1 2.58232E-1 2.05591E-1 2.55235E-1 1.9804E-1 2.83147E-1 2.47847E-1 2.33439E-1 1.97361E-1 2.48718E-1 3.3952E-1 4.9897E-1 2.753E-1 2.49932E-1 1.68892E-1 1.4649E-1 2.39848E-1 4.14372E-1 3.28608E-1 3.39814E-1 2.32065E-1 2.60905E-1 3.73275E-1 2.68521E-1 3.07283E-1 2.86039E-1 2.77332E-1 3.21598E-1 2.92492E-1 2.07687E-1 1.83695E-1
-9999 -9999 -9999 -9999 -9999 -9999 -9999 -9999 -9999 -9999 -9999 -9999 -9999 -9999 -9999 8.80146E-2 8.14979E-2 1.03332E-1 6.564E-2 8.54379E-2 1.51672E-1 8.84822E-2 8.70603E-2 1.15559E-1 1.02322E-1 1.46404E-1 1.38457E-1 1.09174E-1 1.43616E-1 1.92094E-1 2.17338E-1 2.31129E-1 1.86856E-1 1.95755E-1 1.73698E-1 2.04398E-1 2.91581E-1 2.46606E-1 2.56733E-1 2.24764E-1 2.57372E-1 2.27796E-1 2.05405E-1 2.56589E-1 2.60097E-1 2.25839E-1 2.79023E-1 1.91352E-1 2.37133E-1 2.51768E-1 -9999 2.1319E-1 2.10177E-1 2.19563E-1 1.35802E-1 1.73913E-1 2.0394E-1 3.59945E-1 3.66523E-1 2.59605E-1 3.52778E-1 2.09632E-1 1.82092E-1 2.27285E-1 3.12795E-1 2.64837E-1 2.2079E-1 2.39028E-1 3.44434E-1 2.71835E-1
-9999 -9999 -9999 -9999 -9999 -9999 -9999 -9999 -9999 -9999 -9999 -9999 -9999 -9999 -9999 7.77159E-2 1.3967E-1 1.21013E-1 1.26359E-1 1.99511E-1 1.70757E-1 2.0394E-1 2.35719E-1 2.78902E-1 1.81504E-1 1.66588E-1 1.46349E-1 1.44285E-1 1.63514E-1 2.26157E-1 2.05339E-1 2.72765E-1 2.75715E-1 2.70471E-1 1.92722E-1 2.65468E-1 2.77069E-1 3.35306E-1 2.45198E-1 2.08003E-1 1.65201E-1 2.16339E-1 1.81213E-1 2.51197E-1 1.82832E-1 2.11314E-1 2.05739E-1 2.82512E-1 2.0611E-1 -9999 1.39016E-1 1.1658E-1 1.14896E-1 1.97524E-1 2.05091E-1 2.27565E-1 3.946E-1 3.59605E-1 3.51962E-1 3.23631E-1 2.35356E-1 1.89395E-1 1.84657E-1 1.56576E-1 1.4506E-1 1.44942E-1 1.83421E-1 1.47558E-1 1.72062E-1 2.73178E-1
-9999 -9999 -9999 -9999 -9999 -9999 -9999 -9999 -9999 -9999 -9999 -9999 -9999 -9999 -9999 8.12375E-2 1.57978E-1 1.28002E-1 2.12368E-1 2.17003E-1 2.1198E-1 2.26682E-1 2.51762E-1 1.66959E-1 2.15221E-1 1.54844E-1 1.6956E-1 1.78914E-1 1.89711E-1 1.79536E-1 2.10493E-1 1.74205E-1 2.04413E-1 1.70516E-1 2.45852E-1 1.82719E-1 3.05219E-1 3.10383E-1 2.15561E-1 1.97687E-1 2.73358E-1 1.90084E-1 1.73644E-1 2.55984E-1 2.86043E-1 2.10275E-1 2.48179E-1 3.32888E-1 2.79541E-1 -9999 4.92982E-1 1.31369E-1 1.40408E-1 2.56585E-1 3.50833E-1 1.45766E-1 1.60628E-1 4.23973E-1 3.77738E-1 1.9261E-1 1.94533E-1 1.83396E-1 2.11279E-1 2.73685E-1 2.95412E-1 2.79259E-1 3.46705E-1 1.86471E-1 1.77945E-1 3.28398E-1
-9999 -9999 -9999 -9999 -9999 -9999 -9999 -9999 -9999 -9999 -9999 -9999 -9999 -9999 -9999 9.66468E-2 1.02246E-1 1.13297E-1 2.22296E-1 2.47107E-1 2.83945E-1 1.86597E-1 2.4753E-1 1.94435E-1 1.32435E-1 1.46373E-1 1.47116E-1 1.62588E-1 2.15538E-1 2.14593E-1 2.70103E-1 1.52616E-1 2.17527E-1 1.93134E-1 2.01669E-1 1.92691E-1 3.30488E-1 2.1998E-1 2.09294E-1 2.38508E-1 2.53146E-1 2.4847E-1 1.16855E-1 3.09582E-1 4.01273E-1 2.23301E-1 2.40335E-1 2.45301E-1 2.65506E-1 3.90201E-1 5.85351E-1 1.46612E-1 1.28144E-1 1.20251E-2 2.66179E-1 2.77097E-1 3.42675E-1 2.87051E-1 2.8541E-1 2.84048E-1 2.84278E-1 2.36483E-1 3.20043E-1 3.42717E-1 2.79898E-1 2.91456E-1 3.08542E-1 3.31699E-1 3.00993E-1 3.35764E-1
-9999 -9999 -9999 -9999 -9999 -9999 -9999 -9999 -9999 -9999 -9999 -9999 -9999 -9999 1.34776E-1 1.32544E-1 -9999 -9999 2.32202E-1 -9999 2.18938E-1 2.32757E-1 2.0942E-1 2.07742E-1 1.57741E-1 1.82997E-1 1.97333E-1 2.18495E-1 1.10014E-1 1.17733E-1 2.19139E-1 2.22348E-1 2.42048E-1 1.92885E-1 2.25641E-1 2.70645E-1 2.14768E-1 1.89065E-1 1.92997E-1 2.02903E-1 3.49623E-1 -9999 2.15812E-1 2.75579E-1 2.9797E-1 2.55523E-1 2.36013E-1 2.05684E-1 3.28125E-1 5.0252E-1 4.74678E-1 -9999 1.54452E-1 9.82191E-2 2.51072E-1 2.324E-1 1.56092E-1 2.05003E-1 2.38056E-1 2.75205E-1 3.32679E-1 2.93467E-1 3.14755E-1 2.50282E-1 2.40233E-1 2.54904E-1 2.82758E-1 2.86046E-1 3.34935E-1 2.87028E-1
-9999 -9999 -9999 -9999 -9999 -9999 -9999 -9999 -9999 -9999 8.46184E-2 -9999 -9999 -9999 -9999 -9999 -9999 -9999 -9999 2.04936E-1 1.22425E-1 2.45516E-1 2.10432E-1 2.52208E-1 2.03008E-1 1.8133E-1 1.0377E-1 4.57852E-2 7.62745E-2 1.60495E-1 2.01251E-1 1.41952E-1 2.43554E-1 1.973E-1 2.16894E-1 2.76775E-1 2.5586E-1 1.69639E-1 2.21867E-1 2.64753E-1 2.16752E-1 1.92915E-1 2.68141E-1 3.22167E-1 2.29229E-1 2.81498E-1 2.13641E-1 2.76179E-1 2.08729E-1 -9999 3.25191E-1 4.22701E-1 2.76918E-1 2.7433E-1 3.0113E-1 1.84371E-1 1.87001E-1 1.77882E-1 2.39377E-1 2.49848E-1 2.45528E-1 3.12728E-1 3.78296E-1 2.76661E-1 2.02956E-1 2.24587E-1 2.45476E-1 2.93167E-1 2.59214E-1 3.92921E-1
-9999 -9999 -9999 -9999 -9999 -9999 -9999 -9999 -9999 -9999 -9999 -9999 -9999 -9999 -9999 -9999 -9999 -9999 1.8842E-1 9.65653E-2 1.1461E-1 1.82102E-1 2.14387E-1 2.71963E-1 2.26165E-1 2.04979E-1 1.80328E-1 1.01745E-1 1.08915E-1 1.12881E-1 1.19533E-1 1.91877E-1 2.76872E-1 2.12219E-1 2.22378E-1 2.84886E-1 3.21737E-1 2.62102E-1 2.51726E-1 -9999 3.38946E-1 2.96793E-1 -9999 2.60369E-1 -9999 -9999 4.23005E-1 2.88995E-1 2.34278E-1 4.04451E-1 5.60252E-1 2.46118E-1 2.58253E-1 2.45907E-1 2.42014E-1 1.65996E-1 2.90258E-1 2.42626E-1 2.15733E-1 3.49159E-1 3.56845E-1 2.99774E-1 1.97121E-1 2.51453E-1 2.45964E-1 3.06858E-1 2.71425E-1 2.85115E-1 3.32781E-1 2.55893E-1
-9999 -9999 -9999 -9999 -9999 -9999 -9999 -9999 -9999 -9999 -9999 -9999 -9999 -9999 -9999 -9999 -9999 -9999 1.77336E-1 1.09028E-1 9.16463E-2 9.78606E-2 1.61963E-1 1.82528E-1 2.0857E-1 1.61841E-1 1.35024E-1 1.51919E-1 1.61823E-1 1.62094E-1 2.12194E-1 1.87132E-1 2.50927E-1 2.82176E-1 2.82485E-1 3.39199E-1 3.7813E-1 2.8311E-1 3.37479E-1 2.9639E-1 3.83098E-1 4.01964E-1 2.75581E-1 2.19888E-1 2.88769E-1 3.85303E-1 -9999 -9999 2.09001E-1 3.47212E-1 5.35549E-1 4.37257E-1 3.79388E-1 3.13352E-1 3.09873E-1 2.01077E-1 3.01106E-1 3.537E-1 2.00954E-1 2.24334E-1 2.05207E-1 3.21413E-1 3.51359E-1 2.42758E-1 1.99243E-1 2.58569E-1 2.71122E-1 2.64057E-1 2.3083E-1 3.66124E-1
-9999 -9999 -9999 -9999 -9999 -9999 -9999 -9999 -9999 -9999 -9999 -9999 -9999 -9999 -9999 -9999 -9999 -9999 1.76994E-1 1.92601E-1 9.16395E-2 1.43303E-1 2.08603E-1 1.82302E-1 1.64756E-1 1.64089E-1 1.24521E-1 1.24275E-1 1.86301E-1 1.37295E-1 1.82308E-1 2.5634E-1 2.28093E-1 2.04802E-1 1.76968E-1 2.9347E-1 2.80819E-1 2.78852E-1 3.47073E-1 2.78843E-1 2.74386E-1 3.63116E-1 2.61994E-1 3.25367E-1 2.10745E-1 1.87355E-1 2.10872E-1 2.57431E-1 4.59149E-1 4.62388E-1 2.51693E-1 4.35812E-1 3.35382E-1 2.77099E-1 3.54903E-1 2.87367E-1 2.37024E-1 1.80544E-1 2.30293E-1 2.13598E-1 3.45828E-1 1.88068E-1 3.28014E-1 2.35273E-1 2.13545E-1 1.94075E-1 2.2019E-1 2.15075E-1 2.19471E-1 2.63394E-1
-9999 -9999 -9999 -9999 -9999 -9999 -9999 -9999 6.71426E-2 7.27035E-2 7.72019E-2 9.87181E-2 -9999 -9999 -9999 -9999 -9999 -9999 2.30368E-1 1.33936E-1 1.10057E-1 1.57288E-1 2.20541E-1 2.07129E-1 2.08922E-1 2.15301E-1 1.27466E-1 1.03872E-1 9.68161E-2 1.22776E-1 1.86703E-1 2.33388E-1 1.78018E-1 1.94107E-1 1.74954E-1 3.41445E-1 2.36498E-1 3.88455E-1 1.60753E-1 3.06371E-1 -9999 2.37416E-1 2.09647E-1 2.93892E-1 2.94535E-1 2.87894E-1 2.53073E-1 2.2208E-1 -9999 -9999 3.45455E-1 2.50098E-1 1.97932E-1 1.9295E-1 3.50497E-1 2.66686E-1 1.35163E-1 3.67647E-1 9.86696E-2 9.97656E-2 1.68335E-1 2.94949E-1 3.07292E-1 2.35953E-1 2.35059E-1 2.74954E-1 2.78179E-1 2.16511E-1 2.50736E-1 2.91908E-1
-9999 -9999 -9999 -9999 -9999 -9999 -9999 7.06414E-2 5.77253E-2 5.64162E-2 7.30809E-2 5.81215E-2 1.44031E-1 -9999 -9999 -9999 -9999 -9999 1.47549E-1 1.24307E-1 1.14139E-1 1.23981E-1 -9999 2.29007E-1 2.06607E-1 2.0247E-1 1.94781E-1 2.00324E-1 2.00456E-1 2.26081E-1 -9999 2.898E-1 2.59717E-1 -9999 2.382E-1 -9999 -9999 3.0731E-1 1.60076E-1 1.6243E-1 -9999 2.20813E-1 2.20268E-1 2.75823E-1 3.09074E-1 2.85339E-1 2.97491E-1 3.11699E-1 3.00488E-1 -9999 5.29497E-1 3.43846E-1 3.4253E-1 3.80196E-1 2.67822E-1 2.3459E-1 3.64624E-1 2.69628E-1 2.41341E-1 2.62149E-1 2.66528E-1 3.00242E-1 1.9523E-1 2.19037E-1 2.3694E-1 4.5709E-1 4.44551E-1 3.17286E-1 3.21081E-1 4.104E-1
-9999 -9999 -9999 -9999 -9999 -9999 -9999 5.31256E-2 4.52513E-2 3.69205E-2 4.34314E-2 8.46562E-2 9.84258E-2 2.17439E-1 -9999 -9999 2.207E-1 2.40376E-1 1.33663E-1 1.6697E-1 1.58579E-1 1.37377E-1 1.38279E-1 -9999 1.99287E-1 2.31396E-1 2.27686E-1 -9999 1.6848E-1 -9999 2.17399E-1 1.69789E-1 2.5467E-1 2.26863E-1 1.80801E-1 2.33921E-1 2.38378E-1 2.18764E-1 1.84373E-1 1.60564E-1 2.31185E-1 2.34678E-1 2.5904E-1 3.4339E-1 3.30329E-1 2.36242E-1 2.59046E-1 2.76771E-1 3.60717E-1 2.61165E-1 2.35633E-1 3.21565E-1 3.50563E-1 3.28404E-1 2.77528E-1 2.5142E-1 3.65478E-1 4.49502E-1 1.749E-1 6.18389E-2 1.02158E-1 1.93932E-1 3.65362E-1 2.47894E-1 1.88194E-1 2.95635E-1 3.21936E-1 2.81178E-1 3.01682E-1 4.31418E-1
-9999 -9999 -9999 -9999 -9999 -9999 6.27387E-2 9.02826E-2 8.18906E-2 8.0666E-2 4.18368E-2 7.05241E-2 5.6117E-2 1.19881E-1 8.91584E-2 1.23838E-1 1.17722E-1 1.07063E-1 8.27468E-2 4.30094E-2 1.60449E-1 1.80127E-1 1.51981E-1 2.20571E-1 -9999 2.16699E-1 2.36912E-1 1.92599E-1 1.85943E-1 1.9113E-1 2.58312E-1 2.86961E-1 2.71504E-1 2.2393E-1 3.21099E-1 2.91293E-1 2.31869E-1 2.71346E-1 2.25323E-1 2.80132E-1 2.52944E-1 3.02483E-1 2.50257E-1 3.1592E-1 2.45173E-1 2.84894E-1 2.60362E-1 2.3971E-1 2.46891E-1 2.60453E-1 1.99178E-1 3.68891E-1 3.33435E-1 3.41931E-1 3.62729E-1 2.69997E-1 2.92947E-1 3.03165E-1 3.37119E-1 2.20787E-1 2.35877E-1 1.79696E-1 3.2224E-1 2.15673E-1 2.5828E-1 3.24512E-1 2.46813E-1 3.21305E-1 1.82486E-1 2.12036E-1
-9999 -9999 -9999 -9999 -9999 -9999 1.14955E-1 1.03622E-1 1.76887E-1 1.2971E-1 1.17413E-1 7.47782E-2 8.69214E-2 8.2834E-2 3.87291E-2 2.54014E-2 3.55377E-2 4.58851E-2 8.74122E-2 5.92673E-2 1.2131E-1 1.70023E-1 8.04904E-2 8.52126E-2 8.42006E-2 1.8182E-1 1.54506E-1 1.47769E-1 1.80796E-1 2.30462E-1 2.09416E-1 2.3396E-1 2.78861E-1 3.1219E-1 3.38262E-1 1.50502E-1 1.58712E-1 2.58011E-1 1.99905E-1 2.14636E-1 1.95295E-1 2.48713E-1 3.72824E-1 2.28142E-1 2.46054E-1 1.95651E-1 2.19982E-1 2.87037E-1 2.94577E-1 1.73827E-1 2.4066E-1 2.79997E-1 2.36361E-1 2.45794E-1 4.51541E-1 3.7033E-1 2.86491E-1 2.18772E-1 3.14437E-1 1.89215E-1 1.93091E-1 6.37715E-4 8.27406E-2 1.63777E-2 3.20385E-1 4.14996E-1 4.44085E-1 8.9328E-2 3.70981E-1 3.24294E-1
-9999 -9999 -9999 -9999 -9999 -9999 -9999 8.67809E-2 8.99317E-2 9.19723E-2 1.19179E-1 7.55143E-2 1.05885E-1 8.5581E-2 4.48266E-2 4.80572E-2 8.77653E-2 1.52751E-1 1.16587E-1 7.11062E-2 1.20268E-1 7.98073E-2 1.64876E-1 5.17159E-2 8.68244E-2 9.9714E-2 1.40679E-1 1.39236E-1 1.72725E-1 1.55913E-1 1.83044E-1 2.11795E-1 2.2414E-1 2.19292E-1 2.98627E-1 2.24638E-1 1.95865E-1 2.21346E-1 2.33614E-1 2.28718E-1 2.67922E-1 2.74941E-1 3.59421E-1 3.41904E-1 2.41705E-1 3.62805E-1 3.08187E-1 2.90587E-1 2.14318E-1 3.40811E-1 2.10387E-1 2.327E-1 1.76505E-1 1.76327E-1 2.26369E-1 3.23534E-1 3.52145E-1 2.31498E-1 1.96932E-1 8.14456E-3 9.43585E-2 1.258E-1 4.8332E-4 1.44288E-1 2.05666E-1 1.92772E-1 4.02557E-1 3.55319E-1 3.11912E-1 1.98309E-1
-9999 -9999 -9999 -9999 -9999 -9999 -9999 -9999 1.31511E-1 1.05124E-1 1.66691E-1 1.34789E-2 4.27469E-2 6.82549E-2 1.33969E-1 1.41938E-1 1.0554E-1 1.37453E-1 1.11418E-1 5.69803E-2 8.08956E-2 7.32921E-2 1.62465E-1 1.39334E-1 8.36417E-2 1.18177E-1 1.27962E-1 1.34235E-1 1.75513E-1 1.81146E-1 2.09658E-1 2.03555E-1 1.96116E-1 1.75384E-1 2.9267E-1 1.71629E-1 1.94543E-1 2.7106E-1 2.36464E-1 2.45987E-1 2.39265E-1 2.26576E-1 2.8035E-1 3.7635E-1 3.33429E-1 2.87899E-1 3.27903E-1 2.98853E-1 3.3541E-1 2.44923E-1 2.60966E-1 1.52987E-1 1.33134E-1 1.99728E-1 2.34346E-1 1.80053E-1 2.73989E-1 2.34686E-1 3.29852E-1 3.10024E-1 5.85859E-2 9.66395E-2 7.22296E-4 7.21421E-2 1.85421E-1 5.35332E-2 7.44521E-2 3.21333E-1 4.16635E-1 2.87081E-1
-9999 -9999 -9999 -9999 -9999 -9999 -9999 -9999 9.79793E-2 1.00298E-1 1.26254E-1 1.30548E-2 6.24524E-2 6.94308E-2 1.35364E-1 1.73372E-1 1.40211E-1 7.12651E-2 1.29034E-1 8.30593E-2 7.43792E-2 1.0722E-1 1.86172E-1 1.30127E-1 9.36765E-2 9.94135E-2 1.30702E-1 1.59158E-1 1.75532E-1 1.31196E-1 2.05757E-1 2.26916E-1 2.26613E-1 1.51737E-1 2.49657E-1 2.19408E-1 1.55407E-1 2.3566E-1 1.93722E-1 1.52643E-1 1.30471E-1 1.38694E-1 2.66778E-1 2.8855E-1 2.93094E-1 2.35961E-1 2.87446E-1 2.53472E-1 2.8765E-1 2.87082E-1 2.73268E-1 1.4619E-1 2.20952E-1 1.94093E-1 1.46256E-1 2.05965E-1 2.06753E-1 3.11953E-1 3.58989E-1 2.90922E-1 2.18756E-1 2.99152E-1 1.6932E-1 7.15974E-2 1.0265E-1 4.70463E-4 7.06434E-2 2.40649E-1 3.01732E-1 2.8691E-1
-9999 -9999 -9999 -9999 -9999 -9999 -9999 -9999 4.70284E-2 1.06338E-1 1.16856E-1 9.38817E-2 5.25088E-2 4.01639E-2 8.70111E-2 3.55652E-2 5.19988E-2 4.48249E-2 8.72673E-2 7.58446E-2 1.01925E-1 -9999 1.56782E-1 1.51322E-1 1.44065E-1 1.10114E-1 1.32984E-1 1.68699E-1 1.66118E-1 2.32705E-1 1.68805E-1 1.50351E-1 2.37801E-1 1.58458E-1 1.68772E-1 2.65933E-1 2.34509E-1 2.30079E-1 2.51266E-1 1.48929E-1 1.8036E-1 1.22797E-1 1.55344E-1 2.38731E-1 3.24631E-1 2.10684E-1 2.15764E-1 2.30973E-1 2.08814E-1 2.04803E-1 2.98913E-1 1.65624E-1 1.79035E-1 2.18205E-1 1.6477E-1 2.45192E-1 2.59254E-1 1.87661E-1 3.08019E-1 3.52658E-1 2.58095E-1 1.7427E-1 2.13453E-1 3.02493E-1 5.07659E-2 1.84137E-1 2.6185E-1 3.46301E-1 3.17205E-1 2.97806E-1
-9999 -9999 -9999 -9999 -9999 -9999 -9999 -9999 8.45192E-2 6.31158E-2 3.66355E-2 7.91028E-2 1.67208E-1 4.98293E-2 5.3809E-2 6.51188E-2 3.20001E-2 3.00489E-2 9.7881E-2 8.87582E-2 1.39584E-1 2.05971E-1 2.85154E-1 1.84871E-1 1.07448E-1 1.17201E-1 1.4636E-1 1.75055E-1 2.38721E-1 2.38192E-1 1.75962E-1 9.97384E-2 1.70631E-1 1.8651E-1 1.99172E-1 2.09944E-1 1.85264E-1 2.53262E-1 1.3101E-1 1.83199E-1 1.42889E-1 1.96686E-1 2.04634E-1 3.32383E-1 3.19926E-1 2.66415E-1 2.48154E-1 1.93062E-1 2.43629E-1 1.96542E-1 2.65684E-1 2.31343E-1 2.17877E-1 2.34064E-1 2.53907E-1 2.01158E-1 1.42285E-1 1.33149E-1 2.00174E-1 3.0114E-1 3.37157E-1 2.43289E-1 2.61615E-1 3.13971E-1 6.13427E-2 3.65889E-1 2.92907E-1 2.28935E-1 2.12973E-1 5.7688E-2
-9999 -9999 -9999 -9999 -9999 -9999 -9999 -9999 7.77011E-2 1.78422E-2 2.15405E-2 7.07212E-2 9.19254E-2 1.34538E-2 2.67664E-2 6.46812E-2 4.47937E-2 5.62197E-2 1.36654E-1 -9999 -9999 -9999 1.41991E-1 1.08994E-1 1.15027E-1 1.52261E-1 1.25584E-1 2.47501E-1 2.46502E-1 2.06557E-1 1.37914E-1 1.24292E-1 1.6818E-1 2.22773E-1 2.22737E-1 2.06805E-1 2.05726E-1 1.66856E-1 1.56131E-1 1.76529E-1 1.83699E-1 2.4178E-1 1.48101E-1 2.14692E-1 2.49462E-1 1.88786E-1 3.30235E-1 1.97201E-1 2.28953E-1 2.37797E-1 2.28019E-1 2.11285E-1 2.11853E-1 2.77014E-1 2.31527E-1 2.39395E-1 1.67721E-1 2.79327E-1 2.37237E-1 2.66375E-1 2.82775E-1 3.21937E-1 3.09921E-1 1.88374E-1 2.48192E-1 1.77318E-1 2.95207E-1 2.2317E-1 1.94081E-1 3.65794E-1
-9999 -9999 -9999 -9999 -9999 -9999 -9999 -9999 4.72355E-2 9.51845E-2 7.76226E-2 3.76713E-2 1.02831E-1 7.90786E-2 4.33408E-2 2.33859E-1 1.36656E-1 -9999 -9999 -9999 -9999 -9999 -9999 8.93064E-2 1.17257E-1 1.24134E-1 2.03344E-1 2.0558E-1 2.26473E-1 1.82562E-1 1.39884E-1 1.5077E-1 1.3758E-1 1.5311E-1 1.8056E-1 1.83843E-1 1.75374E-1 1.72646E-1 1.80954E-1 1.66043E-1 2.58136E-1 2.9506E-1 1.96069E-1 2.12053E-1 2.3401E-1 1.94582E-1 2.10554E-1 2.34688E-1 2.23646E-1 2.09164E-1 1.52899E-1 2.05847E-1 3.2198E-1 3.88629E-1 3.89458E-1 2.46083E-1 2.00882E-1 2.36955E-1 2.5455E-1 3.15468E-1 2.60877E-1 1.93117E-1 3.03397E-1 2.26923E-1 1.48424E-1 3.44421E-1 1.99181E-1 1.68041E-1 1.96798E-1 2.85447E-1
-9999 -9999 -9999 -9999 -9999 -9999 -9999 -9999 9.4231E-2 1.98297E-1 2.34979E-1 7.04508E-2 1.29257E-1 1.19298E-1 1.18171E-1 -9999 -9999 -9999 -9999 -9999 -9999 -9999 -9999 -9999 1.83644E-1 2.49171E-1 2.66258E-1 2.43582E-1 1.65095E-1 1.32315E-1 1.53749E-1 1.52855E-1 2.13396E-1 1.28047E-1 1.91386E-1 1.58768E-1 1.96606E-1 2.00422E-1 2.29436E-1 1.9574E-1 1.81781E-1 1.75329E-1 1.79336E-1 2.1671E-1 1.9338E-1 2.25663E-1 1.64911E-1 2.30655E-1 2.75051E-1 2.60971E-1 1.881E-1 2.50502E-1 2.62586E-1 2.68861E-1 2.9397E-1 3.2131E-1 2.57563E-1 3.3954E-1 2.06218E-1 2.83006E-1 2.67771E-1 2.45626E-1 2.23255E-1 2.64147E-1 2.12791E-1 2.75334E-1 3.51396E-1 3.51777E-1 4.34659E-1 3.7101E-1
-9999 -9999 -9999 -9999 -9999 -9999 -9999 -9999 4.97727E-2 2.29601E-1 2.26488E-1 2.51807E-1 1.45307E-1 6.15744E-2 -9999 -9999 -9999 -9999 -9999 -9999 -9999 -9999 -9999 -9999 -9999 1.99425E-1 -9999 1.4357E-1 1.90331E-1 1.64588E-1 1.53052E-1 1.67338E-1 1.39185E-1 1.24642E-1 1.52885E-1 1.59003E-1 2.07939E-1 1.57324E-1 2.29628E-1 2.10764E-1 1.42665E-1 1.41058E-1 1.44986E-1 1.99153E-1 2.06921E-1 1.84772E-1 2.32217E-1 2.62711E-1 2.71103E-1 2.73394E-1 3.34775E-1 2.70316E-1 2.89432E-1 3.12071E-1 3.48901E-1 3.15986E-1 2.85417E-1 3.04439E-1 2.71244E-1 2.40022E-1 2.54254E-1 2.41763E-1 2.94909E-1 3.13116E-1 2.84354E-1 3.52886E-1 3.08189E-1 2.75825E-1 4.34234E-1 3.31667E-1
-9999 -9999 -9999 -9999 -9999 -9999 -9999 -9999 2.48687E-1 4.5936E-1 3.67074E-1 3.03592E-1 1.28087E-1 -9999 -9999 -9999 -9999 -9999 -9999 -9999 -9999 -9999 -9999 -9999 -9999 1.75279E-1 -9999 8.66584E-2 5.41136E-2 3.76712E-2 9.94662E-2 1.5495E-1 1.1448E-1 1.39121E-1 1.50792E-1 1.39868E-1 1.27506E-1 1.4157E-1 1.86611E-1 1.68522E-1 1.43235E-1 1.67913E-1 1.35292E-1 2.16632E-1 1.74686E-1 2.57911E-1 2.72409E-1 2.11051E-1 2.45305E-1 2.3611E-1 2.85483E-1 2.80986E-1 2.29959E-1 2.43334E-1 2.82418E-1 2.44979E-1 3.87414E-1 3.36409E-1 2.89569E-1 3.26045E-1 3.75004E-1 3.58936E-1 2.85425E-1 3.29793E-1 3.4753E-1 3.06227E-1 3.01746E-1 2.9085E-1 4.05735E-1 2.9036E-1
-9999 -9999 -9999 -9999 -9999 -9999 -9999 -9999 -9999 2.75611E-1 2.05805E-1 -9999 -9999 -9999 -9999 -9999 -9999 -9999 -9999 -9999 -9999 -9999 -9999 -9999 -9999 -9999 -9999 -9999 -9999 -9999 1.05005E-1 1.29892E-1 1.7498E-1 1.37884E-1 1.50318E-1 1.43199E-1 1.64294E-1 1.51907E-1 2.00511E-1 2.10016E-1 1.86835E-1 1.53664E-1 1.97034E-1 2.25184E-1 1.89647E-1 2.32865E-1 2.56628E-1 2.91266E-1 1.84425E-1 2.43053E-1 2.84803E-1 1.99841E-1 2.30622E-1 2.61965E-1 2.77279E-1 2.76233E-1 3.40145E-1 4.43989E-1 4.14896E-1 3.32007E-1 2.8936E-1 3.4679E-1 2.61922E-1 2.23074E-1 2.80369E-1 3.79952E-1 2.71673E-1 2.53008E-1 2.26045E-1 2.91665E-1
-9999 -9999 -9999 -9999 -9999 -9999 -9999 -9999 -9999 -9999 -9999 -9999 -9999 -9999 -9999 -9999 -9999 -9999 -9999 -9999 -9999 -9999 -9999 -9999 -9999 -9999 -9999 -9999 -9999 -9999 -9999 1.25918E-1 2.13337E-1 1.60161E-1 1.94976E-1 1.75952E-1 1.9197E-1 1.55915E-1 2.01951E-1 2.07086E-1 2.41932E-1 1.99629E-1 2.86444E-1 3.54379E-1 2.99848E-1 2.06179E-1 1.28313E-1 1.7244E-1 2.25584E-1 1.7048E-1 2.63801E-1 2.92838E-1 1.90452E-1 2.60796E-1 3.34029E-1 3.01489E-1 2.32043E-1 2.7022E-1 3.51993E-1 2.78584E-1 2.18799E-1 3.4587E-1 3.14459E-1 2.5246E-1 3.63152E-1 3.64705E-1 2.76033E-1 2.6276E-1 1.58274E-1 1.16151E-1
-9999 -9999 -9999 -9999 -9999 -9999 -9999 -9999 -9999 -9999 -9999 -9999 -9999 -9999 -9999 -9999 -9999 -9999 -9999 -9999 -9999 -9999 -9999 -9999 -9999 -9999 -9999 -9999 -9999 3.16928E-2 7.87728E-2 1.49313E-1 1.42527E-1 1.29289E-1 1.80189E-1 1.61645E-1 1.96515E-1 2.42196E-1 1.31716E-1 2.09624E-1 2.10206E-1 2.70398E-1 2.06095E-1 2.17359E-1 2.34213E-1 2.93677E-1 1.9144E-1 1.82282E-1 1.49626E-1 1.90378E-1 2.26987E-1 2.33705E-1 2.33208E-1 2.26404E-1 2.31108E-1 2.31609E-1 2.73723E-1 3.3411E-1 3.5452E-1 3.18907E-1 3.13668E-1 3.6978E-1 2.76887E-1 2.55973E-1 2.02832E-1 2.86704E-1 2.14888E-1 2.25256E-1 2.49104E-1 1.88767E-1
-9999 -9999 -9999 -9999 -9999 -9999 -9999 -9999 -9999 -9999 -9999 -9999 -9999 -9999 -9999 -9999 -9999 -9999 -9999 -9999 -9999 -9999 -9999 -9999 -9999 -9999 -9999 -9999 -9999 1.26409E-1 1.48967E-1 8.56883E-2 1.34723E-1 2.16506E-1 1.69797E-1 2.47557E-1 1.99712E-1 1.79747E-1 2.36898E-1 2.04027E-1 1.84737E-1 1.63255E-1 2.38102E-1 2.02881E-1 2.41052E-1 2.47686E-1 1.80819E-1 1.9802E-1 1.99183E-1 1.933E-1 2.60604E-1 1.79329E-1 2.41144E-1 3.4997E-1 2.89809E-1 2.23374E-1 2.45125E-1 3.37463E-1 3.54358E-1 2.80313E-1 3.05786E-1 3.25489E-1 2.9285E-1 3.02744E-1 2.30859E-1 5.05316E-4 2.28192E-1 3.15639E-1 2.50645E-1 1.66126E-1
-9999 -9999 -9999 -9999 -9999 -9999 -9999 -9999 -9999 -9999 -9999 -9999 -9999 -9999 -9999 -9999 -9999 -9999 -9999 -9999 -9999 -9999 -9999 -9999 -9999 -9999 -9999 -9999 -9999 1.00836E-1 1.35373E-1 1.10591E-1 1.34139E-1 1.22867E-1 2.26202E-1 2.22955E-1 1.74349E-1 1.8893E-1 2.1823E-1 1.85562E-1 1.97247E-1 1.84709E-1 2.12388E-1 1.98918E-1 2.04843E-1 1.83074E-1 1.70638E-1 1.79516E-1 1.61807E-1 2.12808E-1 2.81298E-1 3.61688E-1 4.13657E-1 3.11641E-1 3.26349E-1 3.17823E-1 2.96661E-1 2.18178E-1 4.19151E-1 3.43653E-1 3.12792E-1 2.86126E-1 4.04683E-1 3.09353E-1 2.37665E-1 4.29454E-4 2.33765E-1 2.45121E-1 2.21402E-1 2.99975E-1
