ENM/Final_Models/M_0.9_F_q_Set_1_EC/Gustavia_santanderiensis_1_Choco.asc
ncols         367
nrows         963
xllcorner     -78.6
yllcorner     0.65
cellsize      0.00833333333333323
NODATA_value  -9999
[rows 210 to 239 of 963, columns 134 to 200 of 367]
1.05581E-1 2.94511E-1 1.21803E-1 1.3756E-1 3.04205E-2 5.94063E-2 4.99768E-2 5.43417E-2 3.2952E-2 6.44024E-2 7.42393E-2 8.85978E-2 2.08662E-1 3.60734E-1 9.41155E-2 7.88859E-2 7.44097E-2 2.22969E-1 4.42893E-1 8.15153E-1 9.55046E-1 9.09361E-1 9.12858E-1 9.77413E-1 9.31478E-1 9.54783E-1 9.69965E-1 9.50476E-1 9.99477E-1 9.98905E-1 9.98122E-1 9.99032E-1 1E0 1E0 1E0 1E0 1E0 1E0 9.99999E-1 9.88514E-1 9.90076E-1 9.80984E-1 9.99999E-1 1E0 9.99998E-1 1E0 9.99954E-1 9.96479E-1 9.99967E-1 1E0 9.99994E-1 9.99981E-1 9.99324E-1 1E0 1E0 1E0 1E0 1E0 1E0 1E0 1E0 1E0 1E0 1E0 1E0 1E0 1E0
1.53253E-1 2.69502E-1 2.69738E-1 2.56111E-1 1.22477E-1 6.93108E-2 5.24986E-2 9.64289E-2 6.4275E-2 7.93148E-2 9.20514E-2 5.91137E-2 7.76382E-2 1.38673E-1 2.30429E-2 3.12066E-2 6.76842E-2 1.79707E-1 6.37816E-1 8.61212E-1 9.86061E-1 9.55272E-1 9.25762E-1 9.89011E-1 9.93218E-1 9.92642E-1 9.44207E-1 9.80541E-1 9.95448E-1 9.99975E-1 9.99986E-1 9.9999E-1 1E0 1E0 1E0 1E0 1E0 1E0 9.97854E-1 9.99703E-1 9.99971E-1 9.99923E-1 9.99513E-1 9.99968E-1 9.99999E-1 9.99999E-1 9.99894E-1 9.99959E-1 9.99999E-1 1E0 9.99988E-1 1E0 1E0 1E0 1E0 1E0 1E0 1E0 1E0 1E0 1E0 1E0 1E0 1E0 1E0 1E0 1E0
1.06201E-1 1.86301E-1 3.09907E-1 2.33554E-1 1.31092E-1 9.45845E-2 1.25155E-1 5.47943E-2 3.93638E-2 1.11979E-1 9.7869E-2 1.74101E-1 6.67235E-2 6.42568E-2 1.19575E-2 7.73109E-2 1.42002E-1 2.09922E-1 6.77598E-1 9.58034E-1 9.69134E-1 8.81007E-1 9.0958E-1 9.94473E-1 9.86591E-1 9.98987E-1 9.99615E-1 9.68957E-1 9.99999E-1 9.99999E-1 9.99998E-1 9.99993E-1 9.99999E-1 9.99999E-1 1E0 1E0 1E0 9.99844E-1 9.99985E-1 9.99859E-1 9.99908E-1 9.99997E-1 9.99964E-1 9.99928E-1 9.99994E-1 1E0 1E0 1E0 1E0 1E0 9.99999E-1 9.99997E-1 9.99666E-1 1E0 1E0 1E0 1E0 1E0 1E0 1E0 1E0 1E0 1E0 1E0 1E0 1E0 1E0
1.12002E-1 2.46197E-1 2.10574E-1 2.55551E-1 1.20446E-1 3.85697E-2 3.67168E-2 2.76607E-2 4.17091E-2 3.73569E-2 6.60156E-2 1.13528E-1 5.98438E-2 1.47089E-2 3.18578E-2 1.46287E-1 2.41894E-1 5.65886E-1 8.36086E-1 9.57803E-1 9.99286E-1 9.49966E-1 9.13076E-1 8.02248E-1 9.63965E-1 9.73359E-1 9.98909E-1 8.81622E-1 9.91112E-1 9.81019E-1 9.99984E-1 9.99609E-1 9.99956E-1 1E0 9.99999E-1 1E0 1E0 1E0 9.94256E-1 9.99534E-1 1E0 1E0 9.99999E-1 9.99998E-1 1E0 1E0 1E0 1E0 1E0 1E0 1E0 9.99994E-1 1E0 1E0 1E0 1E0 1E0 1E0 1E0 1E0 1E0 1E0 1E0 1E0 1E0 1E0 1E0
2.10912E-1 3.0759E-1 4.40073E-1 9.08007E-2 1.80386E-1 1.61695E-1 7.34643E-2 5.62314E-2 9.2892E-2 1.30335E-1 1.22897E-1 9.08681E-2 8.97248E-2 6.4713E-2 5.35898E-2 2.06419E-1 6.0032E-1 5.67856E-1 7.2879E-1 7.66475E-1 8.65493E-1 8.30711E-1 8.63582E-1 8.86247E-1 9.7426E-1 9.53737E-1 8.12928E-1 9.02865E-1 9.99307E-1 9.93943E-1 9.99915E-1 9.99846E-1 9.99996E-1 1E0 1E0 1E0 1E0 1E0 9.99115E-1 9.99991E-1 1E0 1E0 1E0 1E0 1E0 1E0 9.99999E-1 9.99999E-1 1E0 1E0 1E0 1E0 1E0 9.99997E-1 9.99996E-1 1E0 1E0 1E0 1E0 1E0 1E0 1E0 1E0 1E0 1E0 1E0 1E0
1.64302E-1 4.14335E-1 3.31883E-1 1.74853E-1 7.62235E-2 8.69224E-2 3.43389E-2 3.21482E-2 3.60109E-2 8.59158E-2 8.6515E-2 6.98381E-2 1.03835E-1 7.66682E-1 5.8032E-1 3.18743E-1 6.80578E-1 6.24872E-1 4.80399E-1 8.49136E-1 9.26594E-1 9.08673E-1 8.20333E-1 8.19983E-1 9.42979E-1 9.5249E-1 7.12583E-1 9.48089E-1 9.98139E-1 1E0 9.99998E-1 9.99995E-1 1E0 9.99991E-1 9.99999E-1 1E0 1E0 1E0 9.99768E-1 1E0 1E0 1E0 1E0 1E0 1E0 1E0 1E0 1E0 1E0 1E0 9.99999E-1 1E0 1E0 1E0 1E0 1E0 1E0 1E0 1E0 1E0 1E0 1E0 1E0 1E0 1E0 1E0 1E0
1.47742E-1 3.54571E-1 2.36414E-1 4.67199E-2 6.98277E-2 8.23482E-2 3.76631E-2 1.14511E-2 1.2696E-2 2.14389E-2 1.71017E-2 4.34395E-2 2.11159E-1 7.4926E-1 6.61586E-1 4.38948E-1 5.13572E-1 5.85917E-1 5.75315E-1 7.92311E-1 6.76844E-1 7.91746E-1 7.17377E-1 8.25371E-1 9.113E-1 9.03873E-1 7.15521E-1 8.63014E-1 9.99837E-1 1E0 1E0 9.9999E-1 1E0 9.99999E-1 1E0 1E0 1E0 9.98479E-1 9.99976E-1 1E0 1E0 1E0 1E0 9.99999E-1 1E0 1E0 1E0 1E0 1E0 1E0 1E0 1E0 1E0 1E0 9.99999E-1 9.99989E-1 1E0 1E0 1E0 1E0 1E0 1E0 1E0 1E0 1E0 1E0 1E0
8.34792E-2 2.01714E-1 1.57646E-1 1.43238E-1 6.00056E-2 5.08798E-2 2.26659E-2 9.09382E-3 5.92898E-3 9.67679E-3 2.823E-2 5.6094E-2 1.70468E-1 6.88801E-1 7.38726E-1 6.14967E-1 4.47642E-1 4.7481E-1 4.90257E-1 5.8596E-1 7.04558E-1 7.28591E-1 8.07544E-1 9.20924E-1 8.3506E-1 8.24664E-1 9.33791E-1 9.88053E-1 9.97434E-1 9.99993E-1 9.99979E-1 9.9993E-1 1E0 1E0 1E0 1E0 1E0 9.99997E-1 9.99961E-1 9.99971E-1 1E0 1E0 1E0 9.99991E-1 1E0 9.99999E-1 9.99991E-1 1E0 9.99999E-1 1E0 9.99995E-1 1E0 1E0 1E0 9.9999E-1 1E0 1E0 1E0 1E0 1E0 1E0 1E0 1E0 1E0 1E0 1E0 1E0
3.01139E-2 4.17104E-2 6.47079E-2 2.31439E-2 1.67718E-2 7.17499E-3 6.28795E-3 5.58378E-3 3.88775E-3 1.10704E-2 1.3317E-2 1.59397E-2 9.53667E-2 4.5117E-1 5.97678E-1 2.48728E-1 1.99341E-1 3.79493E-1 7.1432E-1 8.03836E-1 7.1688E-1 6.90056E-1 7.51085E-1 8.51849E-1 9.64034E-1 9.82747E-1 9.98236E-1 9.99989E-1 9.99989E-1 9.99998E-1 9.9947E-1 1E0 1E0 1E0 1E0 1E0 1E0 9.99954E-1 9.99995E-1 1E0 9.99816E-1 9.99956E-1 9.99981E-1 9.99999E-1 1E0 9.99952E-1 9.9992E-1 1E0 1E0 9.99999E-1 9.99997E-1 9.99988E-1 1E0 9.99999E-1 9.99955E-1 1E0 1E0 1E0 1E0 1E0 1E0 1E0 1E0 1E0 1E0 1E0 1E0
1.73583E-2 2.58151E-2 3.4127E-2 2.43072E-2 1.53278E-2 8.66394E-3 1.82352E-3 1.78014E-3 1.11453E-3 7.6894E-3 6.42159E-2 1.43966E-1 2.06611E-1 4.80267E-1 4.76357E-1 4.5905E-1 3.71289E-1 3.27187E-1 8.43671E-1 7.73779E-1 9.57289E-1 9.07597E-1 5.48871E-1 7.28765E-1 9.67735E-1 9.94413E-1 9.96775E-1 9.45312E-1 9.99994E-1 9.99995E-1 1E0 1E0 1E0 1E0 1E0 9.99999E-1 1E0 1E0 1E0 1E0 9.99809E-1 1E0 1E0 9.99999E-1 1E0 9.99999E-1 9.99999E-1 9.99999E-1 9.99998E-1 1E0 9.99999E-1 1E0 9.99999E-1 1E0 9.99998E-1 1E0 1E0 1E0 1E0 1E0 1E0 1E0 1E0 1E0 1E0 1E0 1E0
1.3516E-2 8.74376E-3 5.8887E-3 3.80313E-3 5.53818E-3 2.64725E-3 1.38295E-3 6.86972E-4 1.95415E-3 1.01043E-2 3.79419E-2 1.16993E-1 1.0156E-1 8.80757E-2 6.03088E-1 6.47636E-1 7.00226E-1 5.19641E-1 8.60886E-1 5.59955E-1 6.50926E-1 7.13152E-1 4.36128E-1 6.51624E-1 6.7677E-1 4.65578E-1 9.52141E-1 9.48484E-1 1E0 9.99933E-1 9.9918E-1 9.99277E-1 9.99999E-1 1E0 1E0 1E0 1E0 9.99957E-1 9.99999E-1 1E0 9.99876E-1 1E0 1E0 1E0 9.99998E-1 9.99999E-1 9.99966E-1 9.99998E-1 9.99979E-1 9.99999E-1 1E0 1E0 1E0 9.99999E-1 1E0 1E0 1E0 1E0 1E0 1E0 1E0 1E0 1E0 1E0 1E0 1E0 1E0
2.46234E-2 9.53511E-3 5.03572E-3 3.58606E-3 1.60817E-3 3.21253E-3 2.09899E-3 1.65791E-3 1.45172E-3 1.98544E-2 4.89138E-2 8.47713E-2 7.86309E-2 7.69492E-2 3.96362E-1 4.49094E-1 8.27483E-1 8.10378E-1 5.73898E-1 8.28635E-1 5.33473E-1 4.4364E-1 4.82421E-1 6.00848E-1 5.17097E-1 4.89333E-1 9.59315E-1 9.79875E-1 9.33841E-1 9.71016E-1 9.68733E-1 9.21819E-1 9.99794E-1 9.99999E-1 1E0 1E0 1E0 1E0 9.99982E-1 9.99994E-1 1E0 9.99999E-1 1E0 1E0 1E0 1E0 9.99997E-1 9.99969E-1 1E0 1E0 9.99996E-1 9.99926E-1 9.99999E-1 1E0 1E0 1E0 1E0 1E0 1E0 1E0 1E0 1E0 1E0 1E0 1E0 1E0 1E0
9.45567E-3 5.83071E-3 4.98124E-3 5.567E-3 3.53493E-3 2.07808E-3 2.22513E-3 2.35111E-3 4.22847E-3 1.84836E-2 4.67833E-2 5.49437E-2 1.55572E-1 9.65953E-2 4.63592E-1 6.69245E-1 8.19144E-1 8.59126E-1 6.10235E-1 7.86763E-1 9.533E-1 8.29636E-1 2.94935E-1 5.94378E-1 8.97133E-1 9.74885E-1 9.64257E-1 7.47199E-1 5.64595E-1 6.16581E-1 7.33101E-1 9.12291E-1 9.97112E-1 9.99999E-1 1E0 1E0 1E0 1E0 1E0 1E0 9.99999E-1 9.99999E-1 9.99999E-1 1E0 1E0 1E0 9.99918E-1 1E0 9.97514E-1 1E0 1E0 1E0 1E0 1E0 1E0 1E0 1E0 1E0 1E0 1E0 1E0 1E0 1E0 1E0 1E0 1E0 1E0
6.85664E-3 2.68336E-3 2.85492E-3 6.70294E-3 4.42232E-3 4.64261E-3 2.00286E-3 1.32159E-3 1.10138E-2 3.795E-2 7.07265E-2 1.14448E-1 1.2629E-1 1.65707E-1 4.16756E-1 6.31267E-1 6.98305E-1 4.98155E-1 4.68034E-1 7.81498E-1 7.28324E-1 7.77858E-1 8.04507E-1 7.90551E-1 8.80366E-1 7.0765E-1 7.61515E-1 4.64471E-1 2.35512E-1 4.03813E-1 8.95202E-1 9.19619E-1 9.99962E-1 9.99999E-1 1E0 1E0 1E0 9.99983E-1 1E0 1E0 1E0 9.99893E-1 1E0 1E0 1E0 1E0 9.99952E-1 1E0 1E0 1E0 1E0 1E0 1E0 1E0 1E0 1E0 1E0 1E0 1E0 1E0 1E0 1E0 1E0 1E0 1E0 1E0 1E0
1.83275E-3 1.3847E-3 1.51591E-3 4.57025E-3 4.63086E-3 5.04498E-3 4.87326E-3 7.35307E-3 1.16789E-2 6.42588E-2 1.64846E-1 2.42996E-1 2.70671E-1 4.82966E-1 4.79055E-1 9.0343E-1 6.8518E-1 4.27275E-1 3.27911E-1 7.7949E-1 5.5615E-1 4.3958E-1 5.77265E-1 8.16943E-1 7.93283E-1 4.16429E-1 2.70575E-1 8.92925E-2 1.45878E-1 2.38743E-1 8.64263E-1 9.97414E-1 9.99997E-1 1E0 1E0 1E0 9.99998E-1 9.99966E-1 9.99898E-1 9.99991E-1 1E0 9.99894E-1 1E0 9.99998E-1 1E0 1E0 1E0 1E0 1E0 1E0 1E0 1E0 1E0 1E0 1E0 1E0 1E0 1E0 1E0 1E0 1E0 1E0 1E0 1E0 1E0 1E0 1E0
1.33425E-3 3.72913E-4 3.74993E-4 3.14539E-3 1.1733E-2 1.74776E-2 6.18505E-2 4.85248E-2 4.13823E-2 7.26049E-2 2.95294E-1 5.58659E-1 8.23947E-1 6.92107E-1 4.08886E-1 4.21753E-1 5.36662E-1 5.9287E-1 4.07432E-1 5.63896E-1 4.59451E-1 2.96873E-1 3.61449E-1 4.39406E-1 5.1221E-1 4.40992E-1 5.68409E-2 7.91858E-2 1.60747E-1 3.15433E-1 9.69114E-1 9.86834E-1 9.99988E-1 1E0 1E0 1E0 9.99998E-1 9.97738E-1 9.84535E-1 9.99993E-1 1E0 1E0 1E0 9.99978E-1 1E0 1E0 1E0 1E0 1E0 1E0 1E0 1E0 1E0 1E0 1E0 1E0 1E0 1E0 1E0 1E0 1E0 1E0 1E0 1E0 1E0 1E0 1E0
4.04268E-4 6.95972E-4 1.04958E-3 5.50786E-3 4.37642E-2 7.77956E-2 9.95253E-2 6.78976E-2 9.01272E-2 1.06415E-1 2.8853E-1 3.91539E-1 3.05135E-1 3.94778E-1 3.59042E-1 3.25034E-1 2.28944E-1 1.39341E-1 1.02685E-1 3.06573E-1 1.60277E-1 1.51521E-1 1.98408E-1 1.69741E-1 1.19412E-1 9.58976E-2 5.16936E-2 4.16653E-2 7.5739E-2 5.47862E-1 7.97772E-1 9.6016E-1 9.99827E-1 1E0 1E0 1E0 9.99909E-1 9.99209E-1 9.99947E-1 9.99999E-1 1E0 1E0 1E0 1E0 1E0 1E0 1E0 1E0 1E0 1E0 1E0 1E0 1E0 1E0 1E0 1E0 1E0 1E0 1E0 1E0 1E0 1E0 1E0 1E0 1E0 1E0 1E0
1.78051E-4 3.04741E-4 4.22027E-4 8.94476E-3 9.81036E-2 7.14628E-2 9.46325E-2 7.69235E-2 5.846E-2 2.05255E-1 1.01368E-1 5.16653E-2 3.17189E-2 5.07199E-2 2.57599E-1 1.39036E-1 3.68902E-2 6.52099E-2 8.68016E-2 1.0597E-1 1.05839E-1 7.5608E-2 1.44622E-1 1.33645E-1 7.26127E-2 2.68531E-2 3.6208E-2 3.63181E-2 8.80719E-2 2.37117E-1 3.31925E-1 7.72268E-1 9.99669E-1 1E0 9.99994E-1 9.83833E-1 9.99638E-1 9.99819E-1 9.99539E-1 9.99999E-1 1E0 1E0 1E0 1E0 1E0 1E0 1E0 1E0 1E0 1E0 1E0 1E0 1E0 1E0 1E0 1E0 1E0 1E0 1E0 1E0 1E0 1E0 1E0 1E0 1E0 1E0 1E0
2.21751E-3 6.51813E-4 7.79393E-3 5.23708E-2 3.46489E-1 2.54325E-1 2.20851E-1 2.66511E-1 8.15693E-2 5.026E-2 1.41782E-2 2.50413E-3 1.05764E-2 1.56396E-2 1.07233E-2 4.98849E-2 2.65314E-3 3.23665E-2 4.60411E-2 3.79752E-2 5.34096E-2 2.40042E-2 3.16975E-2 1.98191E-2 1.33061E-2 1.41645E-2 3.49519E-2 8.54521E-2 3.33166E-1 5.16743E-1 8.16592E-1 9.99723E-1 9.99988E-1 9.99985E-1 9.98359E-1 9.94003E-1 9.99801E-1 9.99701E-1 9.99092E-1 9.99679E-1 9.99999E-1 1E0 1E0 1E0 1E0 1E0 1E0 1E0 1E0 1E0 9.99995E-1 9.99983E-1 9.9994E-1 9.99989E-1 1E0 1E0 1E0 1E0 1E0 1E0 1E0 1E0 1E0 1E0 1E0 1E0 1E0
1.9517E-2 2.02626E-3 2.50842E-2 2.13218E-1 4.26797E-1 7.64784E-1 6.53352E-1 2.47153E-1 1.16311E-1 1.96747E-2 8.54053E-3 7.13749E-4 3.01016E-3 2.53753E-3 2.28466E-3 6.73362E-3 1.01186E-2 7.28675E-3 4.76537E-3 6.11293E-3 7.97407E-3 2.5103E-2 1.89211E-2 1.55702E-2 6.62164E-3 9.94991E-3 4.95529E-2 1.98566E-1 3.34963E-1 2.27823E-1 7.41964E-1 9.99558E-1 9.9994E-1 9.99999E-1 9.99956E-1 9.93915E-1 9.99321E-1 9.98961E-1 9.98361E-1 9.97763E-1 9.99302E-1 1E0 1E0 1E0 1E0 1E0 1E0 1E0 1E0 1E0 9.99831E-1 9.99819E-1 1E0 9.99979E-1 1E0 1E0 1E0 9.99992E-1 1E0 1E0 1E0 1E0 1E0 1E0 1E0 1E0 1E0
-9999 -9999 -9999 -9999 4.72227E-1 3.88165E-1 3.17522E-1 1.62093E-1 1.4933E-1 3.95308E-2 1.21616E-2 2.89652E-3 8.79355E-4 1.00342E-3 5.71217E-4 1.6889E-3 8.76816E-3 6.92385E-3 3.77976E-3 2.97841E-3 3.81821E-3 4.60631E-3 1.15492E-2 1.07826E-2 1.07928E-2 1.63364E-2 1.50769E-2 1.55195E-1 1.50129E-1 3.85118E-1 8.18054E-1 9.98322E-1 9.96778E-1 9.99027E-1 9.91727E-1 9.98243E-1 9.85666E-1 9.98614E-1 9.95793E-1 9.99355E-1 9.97728E-1 1E0 1E0 1E0 1E0 1E0 1E0 1E0 1E0 1E0 1E0 9.99997E-1 9.99999E-1 9.99995E-1 9.99999E-1 9.99999E-1 1E0 1E0 1E0 1E0 1E0 1E0 1E0 1E0 1E0 1E0 1E0
-9999 -9999 -9999 -9999 -9999 -9999 -9999 -9999 -9999 -9999 1.90967E-1 1.86954E-2 3.27208E-3 1.43826E-3 1.72873E-3 1.77319E-3 5.47073E-4 1.35122E-3 2.17005E-2 1.37577E-2 1.31125E-2 1.12876E-2 5.51305E-2 2.55801E-2 3.97693E-2 6.68368E-2 2.18759E-1 2.96365E-1 2.63901E-1 6.4662E-1 9.55489E-1 9.81427E-1 9.98989E-1 9.86334E-1 9.78375E-1 9.96206E-1 9.42489E-1 9.59615E-1 9.91791E-1 9.99613E-1 1E0 1E0 9.99888E-1 1E0 1E0 1E0 1E0 1E0 1E0 1E0 1E0 9.99855E-1 9.99995E-1 1E0 1E0 9.9999E-1 1E0 1E0 1E0 1E0 1E0 1E0 1E0 1E0 1E0 1E0 1E0
-9999 -9999 -9999 -9999 -9999 -9999 -9999 -9999 -9999 -9999 -9999 -9999 4.25033E-3 1.04322E-3 1.41148E-2 1.49343E-2 1.06037E-2 8.97939E-3 1.15442E-2 5.45195E-3 2.66082E-2 1.55907E-2 2.45979E-2 2.40975E-2 5.1676E-2 7.994E-2 1.60134E-1 6.25664E-1 8.52484E-1 6.96363E-1 9.97147E-1 9.93696E-1 9.95948E-1 9.97296E-1 9.82057E-1 9.87735E-1 9.83531E-1 9.99518E-1 9.99598E-1 9.99985E-1 1E0 1E0 9.99977E-1 1E0 1E0 1E0 1E0 9.99999E-1 1E0 1E0 1E0 9.99988E-1 9.99997E-1 9.99983E-1 1E0 9.99996E-1 1E0 9.9999E-1 9.99982E-1 1E0 1E0 1E0 1E0 1E0 1E0 1E0 1E0
-9999 -9999 -9999 -9999 -9999 -9999 -9999 -9999 -9999 -9999 -9999 -9999 -9999 2.01871E-2 4.84678E-2 1.11719E-1 7.12519E-2 4.82393E-2 7.16454E-2 6.55257E-2 1.23034E-1 1.32558E-1 8.40826E-2 6.82153E-2 2.23385E-1 5.72409E-1 4.65096E-1 2.90253E-1 8.05544E-1 9.1104E-1 9.63801E-1 9.44191E-1 9.98367E-1 9.91963E-1 9.95648E-1 9.90832E-1 9.88064E-1 9.90548E-1 9.98921E-1 9.99588E-1 9.99992E-1 9.99995E-1 9.99995E-1 1E0 1E0 1E0 1E0 1E0 1E0 9.99984E-1 1E0 9.99995E-1 9.99999E-1 1E0 1E0 1E0 1E0 1E0 1E0 1E0 1E0 1E0 1E0 1E0 1E0 1E0 1E0
-9999 -9999 -9999 -9999 -9999 -9999 -9999 -9999 -9999 -9999 -9999 -9999 -9999 -9999 5.56012E-2 1.39623E-1 1.49469E-1 2.04966E-1 1.75948E-1 1.58219E-1 1.32722E-1 6.0881E-2 7.87396E-2 1.63219E-1 2.35456E-1 2.51003E-1 5.4622E-1 7.6116E-1 9.04261E-1 8.28426E-1 9.36217E-1 9.13564E-1 9.79419E-1 9.48287E-1 9.68318E-1 9.99062E-1 8.94658E-1 9.98614E-1 9.98391E-1 9.99969E-1 9.9999E-1 1E0 9.99922E-1 1E0 1E0 1E0 9.99988E-1 1E0 1E0 1E0 9.99989E-1 1E0 1E0 1E0 1E0 1E0 1E0 1E0 1E0 1E0 9.99996E-1 1E0 1E0 1E0 1E0 1E0 1E0
-9999 -9999 -9999 -9999 -9999 -9999 -9999 -9999 -9999 -9999 -9999 -9999 -9999 -9999 -9999 1.56993E-1 1.2106E-1 6.73598E-2 1.33525E-1 1.14904E-1 8.95742E-2 1.98081E-2 4.64206E-2 1.38659E-1 1.44122E-1 2.20788E-1 2.98275E-1 5.86486E-1 7.95828E-1 7.38883E-1 7.57137E-1 8.87607E-1 8.53356E-1 7.55981E-1 9.70868E-1 9.65853E-1 9.93402E-1 9.99463E-1 9.96624E-1 9.96942E-1 1E0 1E0 1E0 1E0 1E0 9.99999E-1 9.99618E-1 1E0 1E0 1E0 1E0 1E0 1E0 1E0 1E0 1E0 1E0 1E0 1E0 1E0 1E0 9.99973E-1 1E0 1E0 1E0 1E0 1E0
-9999 -9999 -9999 -9999 -9999 -9999 -9999 -9999 -9999 -9999 -9999 -9999 -9999 -9999 -9999 -9999 4.82387E-2 2.06295E-2 5.95244E-2 2.5471E-1 2.11281E-1 3.74443E-2 9.60072E-2 1.27418E-1 1.79267E-1 4.03931E-1 6.27431E-1 9.03001E-1 6.59032E-1 6.54108E-1 8.49175E-1 9.89444E-1 8.93638E-1 8.69397E-1 8.7364E-1 9.49847E-1 9.43464E-1 9.99893E-1 9.99932E-1 1E0 9.99999E-1 1E0 1E0 1E0 1E0 9.99998E-1 9.99999E-1 9.99978E-1 1E0 1E0 9.99994E-1 1E0 1E0 1E0 1E0 1E0 1E0 1E0 1E0 1E0 1E0 1E0 1E0 1E0 1E0 1E0 1E0
-9999 -9999 -9999 -9999 -9999 -9999 -9999 -9999 -9999 -9999 -9999 -9999 -9999 -9999 -9999 -9999 2.47496E-2 1.72912E-2 3.29179E-2 7.66783E-2 8.80771E-2 2.70913E-1 4.13054E-1 8.09102E-1 6.25146E-1 7.28979E-1 9.50189E-1 9.09277E-1 8.17918E-1 7.73485E-1 7.77652E-1 9.02598E-1 7.73717E-1 8.69315E-1 8.29857E-1 9.7519E-1 9.99999E-1 9.99994E-1 9.99995E-1 9.99761E-1 1E0 1E0 1E0 9.99993E-1 1E0 9.99861E-1 9.99992E-1 9.99971E-1 9.99999E-1 1E0 1E0 1E0 1E0 1E0 1E0 1E0 1E0 1E0 1E0 1E0 1E0 1E0 1E0 1E0 1E0 1E0 1E0
-9999 -9999 -9999 -9999 -9999 -9999 -9999 -9999 -9999 -9999 -9999 -9999 -9999 -9999 -9999 -9999 -9999 6.60384E-2 3.02826E-2 1.03995E-1 2.20771E-1 2.79172E-1 9.06355E-1 6.60635E-1 7.08725E-1 9.69876E-1 9.71903E-1 8.95313E-1 9.40048E-1 8.42972E-1 7.91873E-1 8.59271E-1 8.1967E-1 9.30169E-1 7.60885E-1 9.99078E-1 9.99487E-1 9.99959E-1 9.99995E-1 1E0 9.99999E-1 1E0 9.99997E-1 1E0 1E0 1E0 1E0 1E0 9.99903E-1 9.99997E-1 9.99995E-1 9.99999E-1 9.99999E-1 1E0 1E0 1E0 1E0 1E0 1E0 1E0 1E0 1E0 1E0 1E0 1E0 1E0 1E0
-9999 -9999 -9999 -9999 -9999 -9999 -9999 -9999 -9999 -9999 -9999 -9999 -9999 -9999 -9999 -9999 -9999 -9999 9.83818E-1 9.98359E-1 9.98764E-1 9.9866E-1 9.94276E-1 9.90417E-1 9.18412E-1 9.06655E-1 9.65717E-1 7.62765E-1 9.72535E-1 9.812E-1 9.55191E-1 8.82583E-1 8.15256E-1 8.39746E-1 8.65312E-1 9.54774E-1 9.87851E-1 9.99983E-1 1E0 9.99997E-1 1E0 1E0 1E0 1E0 1E0 1E0 1E0 1E0 1E0 9.99896E-1 1E0 1E0 1E0 1E0 1E0 1E0 1E0 1E0 1E0 1E0 1E0 1E0 1E0 1E0 1E0 1E0 1E0
