ENM/Final_Models/M_0.9_F_q_Set_1_EC/Gustavia_santanderiensis_3_Choco.asc
ncols         367
nrows         963
xllcorner     -78.6
yllcorner     0.65
cellsize      0.00833333333333323
NODATA_value  -9999
[rows 128 to 159 of 963, columns 292 to 364 of 367]
-9999 -9999 -9999 -9999 -9999 -9999 -9999 -9999 -9999 -9999 1.01621E-2 1.60733E-2 4.06599E-2 8.00939E-2 1.67123E-2 1.61657E-2 1.9548E-2 2.94822E-2 6.89656E-2 8.22044E-2 1.32783E-1 2.35476E-1 3.35521E-1 3.38626E-1 8.55732E-1 4.0141E-1 2.87779E-1 1.43789E-1 -9999 -9999 -9999 -9999 1.29313E-1 7.39989E-2 1.28134E-1 1.4334E-1 3.4113E-2 1.81853E-2 6.64345E-2 1.59267E-2 5.84077E-2 5.33155E-2 2.89006E-2 2.12801E-1 4.49862E-1 1.95535E-1 4.2374E-3 6.01784E-3 4.30973E-3 6.81153E-3 1.02552E-3 2.85997E-1 4.97127E-1 4.39845E-1 5.10603E-1 6.86654E-1 7.24097E-1 5.5978E-1 7.0379E-1 6.74774E-1 6.98978E-1 7.69237E-1 9.0425E-1 4.13013E-1 -9999 -9999 -9999 -9999 -9999 -9999 -9999 -9999 -9999
-9999 -9999 -9999 -9999 -9999 -9999 -9999 -9999 -9999 -9999 9.35427E-3 1.38512E-2 2.72713E-2 1.30731E-1 5.42723E-2 1.51368E-2 1.53495E-2 3.34029E-2 6.2752E-2 7.60048E-2 1.91485E-1 4.31692E-1 6.04693E-1 4.2684E-1 5.68001E-1 4.88905E-1 1.33774E-1 3.18976E-2 -9999 -9999 -9999 7.09411E-2 1.3483E-1 1.96233E-1 2.41435E-1 1.2144E-1 3.97883E-1 5.28793E-2 2.84026E-2 2.34476E-2 8.01818E-2 1.24547E-1 3.41018E-2 1.79432E-2 2.53373E-1 5.08931E-1 1.91229E-3 4.59735E-3 1.03194E-3 1.16443E-3 1.9138E-3 1.44107E-1 4.79311E-1 7.63113E-1 7.5369E-1 4.93732E-1 8.23669E-1 7.82457E-1 8.50434E-1 5.73307E-1 4.77836E-1 3.95269E-1 7.69174E-1 2.31339E-1 -9999 -9999 -9999 -9999 -9999 -9999 -9999 -9999 -9999
-9999 -9999 -9999 -9999 -9999 -9999 -9999 -9999 -9999 -9999 -9999 1.71787E-2 9.00503E-2 1.17862E-1 4.14455E-2 4.00974E-2 5.29119E-2 6.95693E-2 9.97717E-2 6.39225E-2 1.94734E-1 5.92768E-1 6.32105E-1 7.32512E-1 8.39384E-1 2.99749E-1 3.49968E-1 1.69357E-1 -9999 -9999 1.774E-1 1.04505E-1 1.72858E-1 4.10608E-1 8.10766E-1 7.00646E-1 3.4501E-1 2.03812E-1 5.41196E-2 1.10401E-2 6.63528E-3 1.37814E-2 7.81591E-3 2.09872E-2 5.87049E-2 2.54467E-1 2.02534E-2 5.27114E-3 2.18308E-3 1.01994E-2 1.68303E-3 1.81718E-1 4.13931E-1 4.34684E-1 4.40439E-1 6.44127E-1 5.77634E-1 6.73933E-1 5.02604E-1 6.36566E-1 3.86462E-1 3.80249E-1 4.50233E-1 -9999 -9999 -9999 -9999 -9999 -9999 -9999 -9999 -9999 -9999
-9999 -9999 -9999 -9999 -9999 -9999 -9999 -9999 -9999 -9999 -9999 3.87738E-2 7.56772E-2 1.02127E-1 9.16408E-2 5.43517E-2 4.92623E-2 6.14531E-2 4.51787E-2 1.97866E-1 4.66092E-1 6.19455E-1 8.84738E-1 8.87923E-1 6.35667E-1 4.3744E-1 7.81919E-1 -9999 -9999 -9999 1.6252E-1 1.82722E-1 3.41748E-1 9.8245E-1 7.85839E-1 6.06939E-1 7.60301E-1 1.65559E-1 1.57961E-1 4.83719E-3 2.59601E-2 2.59011E-2 1.92233E-2 1.151E-2 3.97574E-2 2.46421E-1 9.89659E-2 2.15531E-2 4.47876E-3 3.41836E-3 1.33066E-2 2.95327E-2 5.28579E-1 6.17526E-1 2.54229E-1 8.18141E-1 5.49666E-1 2.97149E-1 1.28995E-1 3.81055E-1 5.05647E-1 4.14005E-1 1.24748E-1 -9999 -9999 -9999 -9999 -9999 -9999 -9999 -9999 -9999 -9999
-9999 -9999 -9999 -9999 -9999 -9999 -9999 -9999 -9999 -9999 -9999 1.21488E-2 4.11134E-2 4.82337E-2 9.21178E-2 3.5422E-2 1.10456E-1 1.08604E-1 2.04909E-1 2.19579E-1 5.0969E-1 8.76437E-1 7.88797E-1 7.0483E-1 7.68736E-1 4.30431E-1 4.38377E-1 -9999 -9999 -9999 1.82147E-1 3.33314E-1 9.23006E-1 9.22345E-1 8.71031E-1 8.54075E-1 7.54716E-1 2.04062E-1 5.27194E-3 6.4266E-2 6.70389E-3 3.83718E-2 1.85342E-2 1.92866E-2 2.70626E-2 1.48526E-1 1.7158E-2 3.09309E-3 1.41842E-3 4.45377E-3 3.96455E-3 9.12705E-2 1.70767E-1 1.39888E-1 4.1833E-2 1.06599E-1 7.69776E-2 8.11456E-2 6.31167E-2 1.60189E-1 2.48941E-1 1.2152E-1 8.28057E-2 -9999 -9999 -9999 -9999 -9999 -9999 -9999 -9999 -9999 -9999
-9999 -9999 -9999 -9999 -9999 -9999 -9999 -9999 -9999 -9999 -9999 3.03767E-2 4.74959E-2 3.33769E-2 6.07665E-2 4.7125E-2 1.78691E-1 2.14133E-1 4.57243E-1 3.69723E-1 4.05313E-1 8.7106E-1 8.48018E-1 7.17799E-1 9.19217E-1 6.3992E-1 -9999 -9999 -9999 4.96043E-1 3.72005E-1 7.1048E-1 6.19812E-1 7.07346E-1 8.65633E-1 8.98525E-1 8.63227E-1 5.79469E-2 5.76815E-3 9.96852E-2 2.83945E-2 2.28566E-2 1.41507E-2 6.77479E-3 1.06296E-2 2.25794E-2 1.65694E-2 1.10113E-2 1.0954E-2 1.47642E-2 1.06218E-2 5.38815E-3 3.7563E-2 2.28939E-2 8.12629E-3 8.69739E-3 2.86079E-3 1.56078E-2 9.52035E-3 2.90557E-3 1.05495E-2 1.45146E-2 -9999 -9999 -9999 -9999 -9999 -9999 -9999 -9999 -9999 -9999 -9999
-9999 -9999 -9999 -9999 -9999 4.6569E-2 -9999 -9999 -9999 -9999 -9999 -9999 3.12839E-2 6.65184E-3 4.83896E-2 6.74172E-2 1.48943E-1 3.07692E-1 4.70909E-1 4.39609E-1 3.6189E-1 9.19314E-1 7.70183E-1 6.71756E-1 6.93986E-1 9.6929E-1 -9999 -9999 -9999 3.83228E-1 5.65882E-1 7.60667E-1 7.06323E-1 7.00721E-1 8.33537E-1 8.5741E-1 6.00425E-1 1.00746E-2 3.88346E-3 8.26592E-2 9.38714E-3 5.29176E-2 5.40708E-2 2.6722E-2 1.2125E-2 1.25626E-2 3.59654E-3 1.26984E-2 4.33416E-2 1.9206E-2 7.73588E-3 1.23182E-2 4.66699E-2 1.01718E-2 1.67947E-2 1.89156E-2 1.39547E-2 1.10531E-2 2.95083E-2 3.47285E-3 3.45062E-3 8.39861E-3 -9999 -9999 -9999 -9999 -9999 -9999 -9999 -9999 -9999 -9999 -9999
-9999 -9999 -9999 -9999 -9999 3.68937E-2 4.496E-2 -9999 -9999 -9999 4.93589E-2 -9999 5.20414E-2 2.0726E-2 6.23431E-2 7.78928E-2 2.36622E-1 2.56738E-1 2.92816E-1 6.28494E-1 4.20373E-1 6.61752E-1 7.09888E-1 6.70496E-1 8.1707E-1 9.79524E-1 -9999 -9999 9.30798E-1 9.2135E-1 9.46576E-1 7.69285E-1 6.97613E-1 9.43805E-1 9.30356E-1 8.39616E-1 2.99028E-1 5.20416E-4 2.9855E-2 1.02379E-1 2.15982E-3 3.10461E-2 3.62938E-2 7.74219E-2 1.27903E-2 1.93221E-3 2.02458E-3 2.00037E-3 4.35054E-3 2.82126E-2 8.24882E-2 1.14337E-2 3.83444E-2 1.49646E-2 2.59346E-3 2.16709E-3 1.18672E-2 1.34989E-2 4.7041E-3 6.08352E-4 8.6794E-3 1.93235E-2 -9999 -9999 -9999 -9999 -9999 -9999 -9999 -9999 -9999 -9999 -9999
-9999 -9999 -9999 -9999 -9999 1.60957E-1 8.70033E-2 -9999 -9999 -9999 8.67809E-2 1.12901E-1 1.06216E-1 2.57066E-1 2.66854E-1 4.76699E-1 3.63571E-1 3.48118E-1 4.60183E-1 5.7868E-1 8.89703E-1 5.68198E-1 8.25997E-1 8.62524E-1 9.60816E-1 9.33863E-1 9.30089E-1 8.25003E-1 7.46006E-1 8.74617E-1 8.09968E-1 2.46183E-1 5.80735E-1 4.56893E-1 6.80162E-1 6.75051E-1 5.57589E-1 1.00345E-1 4.68673E-4 1.51489E-2 7.77327E-3 2.86311E-2 4.01729E-2 3.04257E-2 1.27402E-2 3.78022E-3 3.09979E-3 5.94068E-4 1.59777E-2 3.14797E-2 7.18138E-2 5.95089E-2 2.3027E-2 1.33539E-2 3.01014E-3 1.93367E-3 9.71933E-3 3.65312E-2 1.57127E-2 2.27681E-3 1.76491E-3 -9999 -9999 -9999 -9999 -9999 -9999 -9999 -9999 -9999 -9999 -9999 -9999
-9999 -9999 -9999 -9999 -9999 1.0427E-1 1.35414E-1 1.33946E-1 -9999 -9999 1.05083E-1 1.70211E-1 2.95779E-1 2.291E-1 3.46443E-1 4.05379E-1 4.03258E-1 5.26834E-1 3.22378E-1 3.26044E-1 6.66734E-1 5.75909E-1 7.7724E-1 8.01618E-1 9.59938E-1 9.56383E-1 8.82121E-1 8.30498E-1 8.60069E-1 9.53519E-1 9.59723E-1 5.56129E-1 2.20787E-1 5.83658E-1 5.95626E-1 2.85141E-1 1.89589E-1 3.4527E-1 1.62789E-2 1.1783E-2 2.63106E-3 1.04223E-2 3.97935E-2 4.74189E-2 8.9087E-3 6.7331E-2 8.17098E-2 4.52565E-3 5.82435E-4 9.36367E-3 4.04599E-2 9.5264E-3 3.32814E-2 6.53409E-3 9.8687E-3 1.25354E-2 1.09293E-1 1.93544E-1 5.06534E-2 1.93837E-1 1.49447E-1 -9999 -9999 -9999 -9999 -9999 -9999 -9999 -9999 -9999 -9999 -9999 -9999
-9999 -9999 -9999 -9999 -9999 2.79161E-1 1.99142E-1 1.43288E-1 -9999 -9999 1.55959E-1 2.36662E-1 2.00098E-1 3.50405E-1 4.3468E-1 2.10831E-1 2.31037E-1 3.99542E-1 3.70967E-1 5.34296E-1 6.94312E-1 7.62642E-1 9.85523E-1 6.7107E-1 9.90059E-1 9.45179E-1 7.28721E-1 7.5569E-1 8.25342E-1 6.66535E-1 8.73113E-1 7.83529E-1 5.93313E-1 5.28118E-1 5.96149E-1 7.47307E-1 7.25191E-1 5.22248E-1 4.92445E-4 6.75183E-3 1.76971E-3 2.69468E-2 3.01182E-2 3.26086E-2 2.36999E-1 9.4138E-2 3.44262E-3 1.19468E-2 1.73426E-3 8.8774E-4 2.38742E-3 5.92375E-3 1.36368E-2 8.12937E-2 8.76466E-3 2.8855E-2 1.52572E-1 1.99478E-1 9.52203E-3 2.16937E-1 4.92236E-1 -9999 -9999 -9999 -9999 -9999 -9999 -9999 -9999 -9999 -9999 -9999 -9999
-9999 -9999 -9999 -9999 -9999 -9999 1.85594E-1 2.61827E-1 2.19268E-1 7.08037E-2 1.38896E-1 1.86924E-1 1.66858E-1 1.59805E-1 5.0783E-1 6.50221E-1 1.99532E-1 1.54142E-1 2.22602E-1 2.61802E-1 4.48843E-1 5.12371E-1 6.37332E-1 9.44364E-1 9.78695E-1 8.03174E-1 5.99649E-1 8.00691E-1 6.47281E-1 9.15621E-1 9.26545E-1 9.31344E-1 6.66474E-1 4.08229E-1 3.69147E-1 4.8147E-1 4.4476E-1 2.03092E-1 2.19118E-4 2.93688E-2 5.40962E-3 2.20952E-2 2.66545E-1 2.04332E-1 3.43667E-1 2.18556E-2 1.79333E-1 6.84799E-3 6.60856E-2 4.90775E-3 1.62115E-2 4.16746E-2 1.41584E-2 5.53601E-3 9.71816E-3 4.7801E-1 2.25998E-1 9.92139E-2 7.30049E-2 2.25166E-2 -9999 -9999 -9999 -9999 -9999 -9999 -9999 -9999 -9999 -9999 -9999 -9999 -9999
5.28655E-1 -9999 -9999 -9999 -9999 -9999 2.25194E-1 1.10521E-1 3.35933E-1 2.21582E-1 2.05301E-1 2.17563E-1 1.01008E-1 2.18608E-1 1.69338E-1 7.36404E-1 3.4615E-1 2.41846E-1 1.58265E-1 2.18345E-1 4.39752E-1 4.65167E-1 5.1516E-1 8.42544E-1 8.97555E-1 8.63946E-1 5.50749E-1 4.91472E-1 7.92758E-1 6.97938E-1 7.9798E-1 9.28169E-1 6.17872E-1 4.19915E-1 2.70969E-1 6.8287E-2 4.06018E-3 5.41619E-3 1.93928E-3 2.93822E-3 2.05355E-2 1.404E-2 1.16519E-1 5.10893E-1 5.20747E-1 2.27876E-2 1.92303E-1 2.45262E-2 6.86391E-2 1.09078E-2 6.33494E-2 1.39184E-2 1.59134E-2 4.54432E-3 8.91128E-3 2.68522E-1 3.38706E-1 3.42467E-1 9.0778E-2 1.35822E-2 -9999 -9999 -9999 -9999 -9999 -9999 -9999 -9999 -9999 -9999 -9999 -9999 -9999
7.12227E-1 -9999 -9999 -9999 -9999 -9999 2.27981E-1 1.37178E-1 1.61121E-1 1.90436E-1 1.81878E-1 1.33236E-1 1.42039E-1 1.36656E-1 1.37653E-1 6.44444E-1 5.60771E-1 1.73161E-1 1.7704E-1 2.004E-1 2.59269E-1 4.22013E-1 4.80939E-1 6.00716E-1 6.31205E-1 6.66736E-1 5.30315E-1 5.92936E-1 8.6224E-1 6.30837E-1 8.01551E-1 5.49506E-1 6.89329E-1 4.02349E-1 3.07559E-1 2.55398E-2 6.73918E-4 7.49048E-4 3.61039E-3 1.98849E-2 2.61759E-2 1.66913E-2 1.57581E-1 2.25217E-1 4.60883E-1 7.20211E-2 3.90151E-3 2.22011E-2 9.20482E-3 1.69899E-2 2.12222E-2 4.02521E-2 2.86113E-3 3.92099E-3 9.12636E-2 4.88287E-2 5.81119E-2 2.75073E-2 3.04297E-2 8.97406E-2 -9999 -9999 -9999 -9999 -9999 -9999 -9999 -9999 -9999 -9999 -9999 -9999 -9999
-9999 -9999 -9999 -9999 -9999 -9999 1.08487E-1 7.63982E-2 1.07512E-1 3.11252E-1 2.45704E-1 2.83345E-1 3.98723E-1 3.27431E-1 4.07502E-1 5.97352E-1 7.34872E-1 7.46413E-1 2.90763E-1 2.1869E-1 1.94013E-1 2.48944E-1 4.59744E-1 5.18211E-1 4.85884E-1 3.95668E-1 4.47538E-1 4.74961E-1 7.90389E-1 6.38805E-1 9.03506E-1 8.11316E-1 7.10118E-1 3.82998E-1 3.26755E-1 2.08078E-1 3.29189E-4 6.54111E-3 9.95716E-3 2.87574E-2 2.37343E-2 2.45461E-2 5.0223E-2 1.94834E-2 5.83144E-2 1.09692E-1 6.02534E-4 3.69219E-4 4.75128E-3 5.87598E-3 1.44477E-2 3.23385E-2 6.1901E-3 1.13936E-2 6.95892E-2 9.62214E-3 6.54962E-3 1.18722E-2 2.32588E-2 2.30457E-2 -9999 -9999 -9999 -9999 -9999 -9999 -9999 -9999 -9999 -9999 -9999 -9999 -9999
-9999 -9999 -9999 5.5951E-1 -9999 -9999 8.86159E-2 5.75034E-2 4.08011E-2 2.59763E-1 4.42421E-1 7.21718E-1 6.66876E-1 3.27074E-1 4.07004E-1 7.82192E-1 7.278E-1 7.49503E-1 7.01683E-1 6.29068E-1 2.48878E-1 2.57063E-1 3.11336E-1 4.61649E-1 6.60306E-1 5.7891E-1 4.50607E-1 3.97579E-1 3.9328E-1 5.7293E-1 7.92711E-1 6.79153E-1 3.96098E-1 2.28968E-1 1.66329E-1 1.46488E-1 2.15113E-2 7.21639E-2 1.26203E-1 2.99688E-1 1.15993E-1 1.61911E-1 4.51568E-1 2.9314E-1 1.02925E-1 1.10127E-2 4.38853E-3 1.65085E-3 1.73158E-3 3.55193E-2 4.58459E-2 5.37311E-3 1.68561E-3 5.38885E-3 3.88388E-3 3.66543E-3 9.48944E-3 6.38686E-3 1.64134E-2 2.41681E-2 -9999 -9999 -9999 -9999 -9999 -9999 -9999 -9999 -9999 -9999 -9999 -9999 -9999
1.3368E-1 -9999 3.7717E-1 4.591E-1 -9999 -9999 3.09369E-1 1.11514E-1 6.06676E-2 5.42505E-2 2.08771E-1 5.03372E-1 4.91283E-1 4.67426E-1 4.13722E-1 8.16328E-1 6.59372E-1 7.92432E-1 8.36571E-1 9.49773E-1 4.95431E-1 4.99929E-1 5.22654E-1 7.54075E-1 7.28489E-1 6.41429E-1 8.98497E-1 6.87499E-1 3.93091E-1 5.12989E-1 4.0559E-1 4.19194E-1 4.70569E-1 3.43162E-1 5.28234E-1 4.34747E-1 2.0612E-2 1.46595E-1 1.69555E-1 3.80984E-1 4.6863E-1 5.58327E-1 4.47379E-1 4.36249E-1 4.45129E-2 1.02687E-2 4.72155E-3 4.49664E-4 7.8559E-3 2.23281E-2 2.13986E-2 1.56687E-2 2.15562E-3 2.92081E-3 5.74977E-3 1.64522E-2 5.72696E-3 3.06356E-2 5.05939E-3 2.3646E-2 -9999 -9999 -9999 -9999 -9999 -9999 -9999 -9999 -9999 -9999 -9999 -9999 -9999
6.19323E-2 -9999 1.847E-1 3.2789E-1 6.97096E-1 4.66145E-1 7.60625E-1 2.36766E-1 1.93575E-1 1.52877E-1 2.90407E-1 4.7042E-1 5.43425E-1 7.05731E-1 6.4016E-1 7.31482E-1 4.04973E-1 5.6322E-1 8.96138E-1 9.62545E-1 3.52635E-1 1.93143E-1 3.31153E-1 3.60765E-1 6.62915E-1 7.55632E-1 8.96049E-1 8.24631E-1 4.72317E-1 8.62432E-1 8.33709E-1 6.14501E-1 5.50758E-1 5.83966E-1 3.53275E-1 3.03678E-1 2.3398E-1 3.27634E-1 4.32154E-1 2.15089E-1 3.07314E-1 3.16911E-1 4.9997E-2 7.62449E-2 3.15265E-2 2.1262E-2 4.48604E-3 5.02423E-2 1.84831E-2 2.97684E-2 3.38335E-2 7.38048E-3 1.08722E-3 5.99318E-3 1.88048E-2 1.69229E-2 1.99076E-2 3.47206E-2 1.01989E-2 -9999 -9999 -9999 -9999 -9999 -9999 -9999 -9999 -9999 -9999 -9999 -9999 -9999 -9999
1.62318E-2 1.72705E-2 7.88263E-2 2.38295E-1 6.04166E-1 6.66846E-1 5.54807E-1 7.24369E-1 1.44696E-1 1.58566E-1 2.27098E-1 5.77213E-1 6.07018E-1 7.0592E-1 6.24962E-1 7.13873E-1 8.07854E-1 8.09519E-1 9.18041E-1 6.90246E-1 2.12764E-1 1.84816E-1 3.90276E-1 5.39029E-1 6.47185E-1 6.81098E-1 8.86844E-1 8.55661E-1 8.71427E-1 6.39819E-1 4.39493E-1 4.29226E-1 5.24843E-1 5.31349E-1 5.02942E-1 1.43059E-1 2.06865E-1 2.9901E-1 4.52757E-1 4.90488E-2 5.72018E-2 2.49592E-1 9.73531E-2 5.3625E-3 8.37288E-4 1.67808E-3 3.63411E-3 1.09825E-2 9.95181E-3 1.10449E-2 4.48861E-3 1.26846E-3 2.8843E-4 1.85074E-2 7.65791E-3 2.46836E-3 1.19444E-2 9.34484E-3 7.29414E-4 -9999 -9999 -9999 -9999 -9999 -9999 -9999 -9999 -9999 -9999 -9999 -9999 -9999 -9999
8.6764E-3 2.41851E-2 2.13034E-2 7.01302E-2 5.10145E-1 7.86021E-1 4.32559E-1 5.8432E-1 1.74477E-1 3.44197E-1 1.15235E-1 3.7345E-1 7.51169E-1 6.26989E-1 7.62048E-1 7.73157E-1 9.00571E-1 7.9889E-1 9.51812E-1 3.0341E-1 2.21851E-1 2.55779E-1 3.65865E-1 4.45363E-1 4.40146E-1 7.4766E-1 8.70216E-1 5.51313E-1 6.33495E-1 4.54068E-1 3.66797E-1 2.20145E-1 1.77216E-1 4.98957E-1 4.05326E-1 1.92753E-1 6.57738E-2 1.17497E-1 3.41426E-1 5.20451E-1 1.33253E-1 2.54492E-1 1.68897E-1 4.81131E-4 1.92189E-4 2.273E-4 1.34379E-2 1.32834E-2 1.55204E-2 2.03254E-2 4.74236E-2 1.89217E-2 1.85739E-3 3.283E-2 1.58073E-3 9.78687E-4 4.38272E-3 2.51183E-3 2.13089E-3 -9999 -9999 -9999 -9999 -9999 -9999 -9999 -9999 -9999 -9999 -9999 -9999 -9999 -9999
2.76477E-2 2.25537E-2 8.45582E-3 9.05757E-3 2.06277E-1 6.8657E-1 4.65126E-1 5.88534E-1 4.48491E-1 3.04121E-1 1.75014E-1 4.31544E-1 6.7811E-1 7.22E-1 6.25912E-1 5.88464E-1 7.43046E-1 7.33748E-1 9.41687E-1 4.0258E-1 2.87508E-1 1.84252E-1 1.75923E-1 2.03168E-1 1.9649E-1 5.81167E-1 8.37974E-1 4.29944E-1 7.60772E-1 3.77784E-1 2.71946E-1 1.35598E-1 4.3238E-2 1.30909E-1 8.38915E-2 1.78637E-1 3.47009E-1 2.09525E-1 4.3437E-1 2.46124E-1 2.36049E-2 6.4131E-2 9.11725E-2 1.49567E-3 8.71045E-4 1.83482E-3 3.37678E-2 1.90878E-2 1.20602E-2 1.50447E-3 3.11271E-3 1.99841E-3 1.16431E-3 1.16969E-2 2.65059E-3 3.95899E-3 8.21654E-3 1.02033E-2 4.72565E-3 5.51897E-3 -9999 -9999 -9999 -9999 -9999 -9999 -9999 -9999 -9999 -9999 -9999 -9999 -9999
1.33001E-1 4.87632E-2 4.9874E-3 1.58141E-2 3.44599E-2 5.62437E-1 5.02163E-1 2.85266E-1 2.95632E-1 3.97897E-1 2.08151E-1 4.99285E-1 6.4079E-1 6.33051E-1 4.75336E-1 4.69537E-1 9.39481E-1 9.3688E-1 8.1401E-1 6.37795E-1 5.15144E-1 2.81777E-1 2.05503E-1 2.53451E-1 6.46599E-1 2.89932E-1 5.03023E-1 4.67321E-1 3.8334E-1 6.61151E-1 1.58175E-1 8.89824E-2 5.513E-3 1.07946E-3 1.49359E-1 3.64987E-2 3.77836E-2 4.17008E-2 1.94829E-1 2.10222E-2 5.2974E-2 8.34326E-2 2.19535E-2 4.50208E-3 5.38981E-3 1.3254E-2 5.45458E-3 5.50947E-3 5.15541E-3 7.1762E-4 2.60262E-3 1.16973E-2 2.97481E-3 2.36727E-3 5.01537E-3 5.79866E-3 2.7446E-2 2.89478E-2 5.08549E-2 3.69055E-2 -9999 -9999 -9999 -9999 -9999 -9999 -9999 -9999 -9999 -9999 -9999 -9999 -9999
3.05753E-1 2.07756E-1 1.99373E-1 1.70562E-2 2.42683E-2 1.00875E-1 4.96032E-1 4.28678E-1 5.84408E-1 4.05931E-1 3.15425E-1 3.35055E-1 5.28148E-1 4.88748E-1 5.33137E-1 9.47917E-1 9.40455E-1 9.28185E-1 8.339E-1 4.60548E-1 3.35439E-1 5.69359E-1 3.69175E-1 2.85643E-1 6.90717E-1 2.33068E-1 1.4922E-1 3.26433E-1 2.93438E-1 4.97123E-1 1.02277E-1 6.45818E-2 4.70216E-3 4.24209E-4 1.53247E-2 8.39331E-2 2.77474E-2 2.96655E-2 1.47939E-2 4.75629E-3 4.30365E-5 1.37663E-4 1.16005E-4 1.22736E-4 3.95152E-3 2.55912E-3 1.90196E-3 3.28526E-3 1.04487E-2 1.96826E-2 2.45113E-3 4.06293E-3 4.51029E-4 1.66694E-4 1.05631E-2 4.97508E-3 3.81787E-2 3.70792E-3 5.3347E-3 5.56973E-3 -9999 -9999 -9999 -9999 -9999 -9999 -9999 -9999 -9999 -9999 -9999 -9999 -9999
3.5337E-1 2.69475E-1 2.04207E-1 2.7437E-1 9.46667E-3 3.97895E-2 3.74843E-1 3.19014E-1 4.9652E-1 3.46727E-1 4.52655E-1 5.63066E-1 7.72165E-1 5.79882E-1 8.47736E-1 8.53307E-1 7.45681E-1 8.16256E-1 8.80832E-1 6.09084E-1 5.95673E-1 4.62013E-1 8.61427E-1 3.74834E-1 7.63616E-1 1.44829E-1 1.29668E-1 5.8786E-1 7.87003E-1 4.84832E-1 1.17912E-1 2.25699E-3 1.21136E-4 6.13122E-4 9.48942E-3 2.03821E-1 7.44645E-3 1.68384E-3 5.39009E-4 2.93538E-5 1.21327E-4 8.52749E-5 3.16149E-4 7.93522E-4 1.13571E-3 4.04122E-3 4.00928E-3 1.69006E-3 5.21974E-3 1.69904E-2 2.23092E-2 6.7584E-4 2.79806E-3 4.04004E-3 1.12934E-2 3.13074E-2 6.77076E-3 8.75992E-3 1.08075E-3 -9999 -9999 -9999 -9999 -9999 -9999 -9999 -9999 -9999 -9999 -9999 -9999 -9999 -9999
4.1864E-1 2.13782E-1 2.90645E-1 3.55427E-1 6.68652E-2 3.695E-2 2.289E-1 5.86421E-1 6.27099E-1 3.70369E-1 3.00928E-1 4.80019E-1 7.91627E-1 5.67695E-1 6.09077E-1 8.28136E-1 6.41057E-1 8.47212E-1 7.33323E-1 3.41336E-1 1.54125E-1 2.29709E-1 8.18445E-1 2.22899E-1 5.43527E-1 4.33256E-1 5.64222E-1 6.02421E-1 3.4907E-1 1.14207E-1 7.85378E-2 5.90012E-4 2.657E-3 1.58778E-3 8.75777E-4 1.72984E-3 6.50171E-3 7.44061E-4 4.18342E-5 1.45113E-5 1.18935E-4 3.04454E-5 7.79757E-3 6.54202E-4 7.88439E-4 7.63317E-3 1.34127E-3 3.02144E-4 2.99413E-3 2.29582E-3 2.09611E-2 5.19163E-3 1.57047E-3 1.16175E-2 3.73745E-2 1.30148E-2 7.78915E-3 2.51733E-3 4.90685E-4 -9999 -9999 -9999 -9999 -9999 -9999 -9999 -9999 -9999 -9999 -9999 -9999 -9999 -9999
5.87253E-1 1.75048E-1 2.96592E-1 7.26553E-1 2.11847E-1 1.0518E-1 1.66737E-1 5.38227E-1 7.83623E-1 7.51238E-1 2.13121E-1 4.5457E-1 4.81862E-1 5.35641E-1 5.6214E-1 6.80647E-1 4.78839E-1 6.2741E-1 8.2118E-1 1.39852E-1 2.64931E-1 3.72146E-1 8.16183E-1 2.96038E-1 4.04159E-1 5.84963E-1 3.68022E-1 2.47143E-1 1.57955E-1 1.53661E-1 3.95096E-2 2.41649E-3 2.65576E-4 7.80348E-4 1.71359E-4 7.17821E-4 2.07944E-3 5.96417E-4 5.28207E-5 6.1083E-5 4.10804E-4 2.81265E-4 6.25828E-3 7.17728E-4 1.69366E-3 2.57633E-3 9.87597E-4 1.21577E-4 1.94292E-3 1.17835E-2 3.1339E-3 1.69327E-3 1.10382E-3 1.47638E-2 1.53653E-2 2.63156E-3 2.92083E-3 4.94885E-4 4.69532E-4 -9999 -9999 -9999 -9999 -9999 -9999 -9999 -9999 -9999 -9999 -9999 -9999 -9999 -9999
6.1974E-1 7.06237E-1 6.54519E-1 5.13902E-1 1.70104E-1 1.28979E-1 8.8275E-2 2.18258E-1 4.57515E-1 5.25806E-1 3.8754E-1 6.74637E-1 5.21144E-1 5.74478E-1 9.0134E-1 8.58678E-1 7.87777E-1 4.07637E-1 2.21058E-1 3.13806E-1 3.9005E-1 2.79232E-1 4.71283E-1 5.46022E-1 4.72746E-1 3.63555E-1 2.04325E-1 2.52201E-1 1.19974E-1 1.70911E-1 1.13726E-1 2.29303E-4 7.55623E-4 4.54496E-4 5.45938E-4 2.02742E-3 7.12415E-3 1.33954E-3 5.93547E-5 2.44407E-5 2.29319E-4 3.90889E-4 4.95973E-3 1.83304E-3 7.06501E-3 5.21369E-4 2.03589E-4 8.01988E-4 4.69895E-4 2.34482E-4 3.41767E-3 1.25321E-3 7.96044E-3 1.03108E-3 9.39085E-4 5.52812E-4 2.25164E-3 1.25351E-3 -9999 -9999 -9999 -9999 -9999 -9999 -9999 -9999 -9999 -9999 -9999 -9999 -9999 -9999 -9999
4.31618E-1 3.21621E-1 4.53123E-1 5.32581E-1 1.6131E-1 6.33385E-1 2.3806E-1 4.07719E-1 4.7813E-1 2.14806E-1 1.86556E-1 3.66182E-1 6.55819E-1 2.6212E-1 5.03521E-1 6.1869E-1 4.56631E-1 3.5926E-1 3.82505E-1 1.39847E-1 1.07703E-1 4.00828E-1 4.14961E-1 5.19731E-1 2.9016E-1 4.64517E-1 3.87411E-1 3.08939E-1 9.72124E-2 1.73533E-1 1.15809E-4 3.87062E-4 1.88329E-5 2.88985E-5 3.17197E-4 3.88463E-3 1.15674E-2 6.66522E-4 5.10982E-4 9.3545E-5 1.90509E-4 6.41197E-5 3.25049E-4 6.13122E-3 4.11083E-3 2.13535E-3 2.3567E-4 7.40322E-4 3.16408E-3 1.2196E-4 2.18731E-4 1.54488E-3 8.62932E-4 1.51534E-3 1.14357E-3 6.42334E-4 1.7899E-4 2.20411E-3 -9999 -9999 -9999 -9999 -9999 -9999 -9999 -9999 -9999 -9999 -9999 -9999 -9999 -9999 -9999
1.94513E-1 5.12389E-1 7.26929E-1 2.65821E-1 2.40073E-1 1.45617E-1 1.02451E-1 1.98294E-1 2.4312E-1 1.86369E-1 2.54233E-1 2.05189E-1 1.77244E-1 4.88973E-1 5.93406E-1 2.71577E-1 4.36398E-1 2.6883E-1 3.56226E-1 8.57067E-2 7.50009E-1 8.3759E-1 5.48245E-1 4.38112E-1 9.33585E-2 4.87787E-1 5.13217E-1 1.47429E-1 2.29498E-1 7.42096E-2 2.91878E-3 7.63843E-4 1.76483E-4 4.86394E-5 2.83318E-5 8.98099E-5 1.66133E-3 1.51103E-3 1.19515E-4 2.1943E-5 6.86755E-5 1.20084E-4 1.48239E-3 2.61225E-3 2.7315E-3 3.35317E-4 4.6686E-4 1.79363E-4 6.14646E-5 1.16001E-5 2.24206E-3 1.1348E-3 1.53407E-3 3.13655E-4 3.26588E-4 2.65173E-3 3.54786E-3 -9999 -9999 -9999 -9999 -9999 -9999 -9999 -9999 -9999 -9999 -9999 -9999 -9999 -9999 -9999 -9999
2.80276E-1 5.05428E-1 6.31791E-1 1.13274E-1 5.06448E-2 5.56338E-2 7.77806E-2 7.53499E-2 2.45175E-1 2.48978E-1 4.9302E-1 3.98945E-1 2.21305E-1 1.94738E-1 1.61662E-1 3.04651E-1 4.59809E-1 3.22522E-1 1.10919E-1 1.53019E-1 1.26903E-1 2.3915E-1 4.11963E-1 3.50791E-1 8.13711E-3 6.50181E-3 1.37508E-1 1.97237E-1 5.19149E-1 1.79285E-1 1.71718E-2 2.71355E-3 1.12116E-3 3.18049E-5 3.30593E-5 4.65108E-5 2.75738E-4 3.41424E-5 2.26806E-5 1.49908E-5 1.30605E-4 3.71048E-5 4.6477E-3 1.53847E-4 2.98735E-3 1.33197E-3 4.5997E-4 1.63893E-4 9.30661E-5 1.63271E-5 3.30224E-2 1.04785E-1 6.20516E-3 2.62153E-3 4.76006E-4 2.65371E-4 1.49489E-3 -9999 -9999 -9999 -9999 -9999 -9999 -9999 -9999 -9999 -9999 -9999 -9999 -9999 -9999 -9999 -9999
2.5382E-1 1.47268E-1 7.79164E-2 1.10769E-1 1.30938E-2 8.85159E-2 1.22312E-1 1.69436E-1 4.04552E-1 1.84456E-1 3.83525E-1 8.63177E-2 8.22305E-2 3.6067E-1 2.99818E-1 3.58188E-1 2.15713E-1 2.02083E-1 2.10998E-2 3.28973E-1 4.44886E-1 1.55298E-1 4.35866E-1 3.26353E-1 1.1805E-2 6.57695E-3 1.86679E-2 1.09542E-1 1.89055E-1 2.23524E-1 2.3085E-1 1.39599E-1 6.33076E-3 9.37162E-5 1.41099E-4 8.5698E-4 5.76868E-5 7.6299E-5 1.41599E-5 6.71742E-5 2.54047E-5 1.78044E-4 2.0016E-4 2.54802E-4 2.10033E-4 3.15196E-4 2.07081E-4 6.65276E-5 7.52261E-5 1.22962E-4 1.09512E-3 5.28198E-2 4.19079E-3 7.51997E-4 1.77381E-5 2.01988E-4 -9999 -9999 -9999 -9999 -9999 -9999 -9999 -9999 -9999 -9999 -9999 -9999 -9999 -9999 -9999 -9999 -9999
5.90516E-1 8.54775E-2 8.17151E-2 1.03098E-1 1.5212E-2 3.40777E-2 5.97058E-2 1.10256E-1 2.4587E-1 7.97874E-2 2.63412E-1 8.47265E-2 3.98165E-2 1.3828E-1 2.18367E-1 4.30723E-1 1.71505E-1 4.47805E-2 1.01413E-1 6.47878E-2 4.82712E-1 1.5495E-1 3.43132E-1 3.04501E-1 6.10444E-3 5.79693E-3 9.44361E-2 1.16307E-1 3.63896E-2 5.73864E-3 8.18736E-3 1.26473E-2 1.40168E-3 5.76016E-5 4.75952E-5 1.29784E-4 5.00351E-5 5.09242E-5 1.18709E-5 1.62522E-5 2.45396E-5 6.24114E-5 7.42748E-5 7.6879E-5 1.50216E-4 6.05178E-5 9.07214E-5 4.13198E-5 4.4374E-5 2.98992E-5 5.08051E-5 6.25864E-4 1.4997E-4 4.31308E-4 1.02364E-4 -9999 -9999 -9999 -9999 -9999 -9999 -9999 -9999 -9999 -9999 -9999 -9999 -9999 -9999 -9999 -9999 -9999 -9999
