ENM/Final_Models/M_0.9_F_q_Set_1_EC/Gustavia_santanderiensis_8_Choco.asc
ncols         367
nrows         963
xllcorner     -78.6
yllcorner     0.65
cellsize      0.00833333333333323
NODATA_value  -9999
[rows 578 to 611 of 963, columns 150 to 224 of 367]
-9999 -9999 -9999 -9999 -9999 -9999 -9999 -9999 -9999 -9999 -9999 -9999 -9999 -9999 9.91258E-1 9.79247E-1 9.27238E-1 9.99997E-1 9.99408E-1 9.98701E-1 9.84162E-1 8.35382E-1 9.97583E-1 -9999 -9999 -9999 -9999 -9999 -9999 -9999 -9999 1E0 9.99999E-1 1E0 -9999 9.99925E-1 1E0 9.99986E-1 1E0 1E0 1E0 9.99997E-1 1E0 1E0 1E0 1E0 1E0 1E0 9.99999E-1 9.99965E-1 9.99345E-1 9.99263E-1 9.96897E-1 9.98268E-1 9.99654E-1 9.99947E-1 9.99973E-1 9.99941E-1 9.99999E-1 9.99857E-1 9.99918E-1 9.90626E-1 9.99802E-1 9.98868E-1 9.95529E-1 9.99919E-1 9.99913E-1 9.96078E-1 4.51784E-1 4.96424E-2 6.65435E-2 1.14568E-1 1.32276E-2 3.76921E-3 2.32299E-3
-9999 -9999 -9999 -9999 -9999 -9999 -9999 -9999 -9999 -9999 -9999 -9999 -9999 -9999 -9999 8.26428E-1 9.89453E-1 9.99507E-1 9.99844E-1 9.99871E-1 9.98769E-1 -9999 -9999 -9999 -9999 -9999 -9999 -9999 -9999 9.98454E-1 8.92234E-1 9.35629E-1 9.95118E-1 9.27331E-1 9.99796E-1 1E0 9.99999E-1 9.99999E-1 1E0 1E0 1E0 1E0 1E0 1E0 1E0 1E0 1E0 9.99998E-1 9.99998E-1 9.99971E-1 9.98858E-1 9.94698E-1 1E0 1E0 1E0 9.99999E-1 9.99981E-1 1E0 9.99645E-1 9.99994E-1 9.95477E-1 9.80086E-1 9.78913E-1 8.79953E-1 7.79861E-1 9.99836E-1 1E0 9.99163E-1 8.09274E-1 3.64209E-1 1.17244E-1 8.13385E-2 3.65783E-2 2.96392E-3 1.00624E-3
-9999 -9999 -9999 -9999 -9999 -9999 -9999 -9999 -9999 -9999 -9999 -9999 -9999 -9999 -9999 -9999 -9999 -9999 -9999 -9999 9.9964E-1 -9999 -9999 -9999 -9999 -9999 -9999 -9999 -9999 9.68363E-1 5.06703E-1 9.88109E-1 9.99135E-1 9.99995E-1 9.97858E-1 9.99762E-1 9.99998E-1 1E0 1E0 1E0 1E0 1E0 1E0 1E0 1E0 9.99987E-1 9.99908E-1 9.99895E-1 9.99993E-1 9.99958E-1 1E0 9.99994E-1 1E0 1E0 9.99857E-1 9.99999E-1 9.99994E-1 1E0 9.98048E-1 9.97569E-1 9.96063E-1 6.93106E-1 3.35731E-1 1.83868E-1 4.73771E-1 9.51431E-1 9.99684E-1 6.54189E-1 3.79976E-1 5.1241E-1 5.56577E-1 2.01872E-1 3.03019E-2 2.04599E-2 7.12358E-3
-9999 -9999 -9999 -9999 -9999 -9999 -9999 -9999 -9999 -9999 -9999 -9999 -9999 -9999 -9999 -9999 -9999 -9999 -9999 -9999 -9999 -9999 -9999 -9999 -9999 -9999 -9999 -9999 -9999 9.86236E-1 -9999 9.64875E-1 9.99936E-1 9.99999E-1 1E0 9.9999E-1 1E0 1E0 1E0 1E0 1E0 1E0 1E0 1E0 1E0 1E0 9.99995E-1 9.9992E-1 9.98668E-1 9.98993E-1 9.99574E-1 9.99996E-1 9.99803E-1 9.99995E-1 1E0 9.99999E-1 1E0 9.99748E-1 9.98723E-1 9.99035E-1 9.97525E-1 9.73117E-1 2.78734E-1 9.56877E-2 1.87753E-1 9.63504E-1 9.92062E-1 9.54368E-1 4.58327E-2 5.37082E-1 3.81549E-1 1.529E-1 2.74744E-2 5.6207E-2 1.78132E-2
-9999 -9999 -9999 -9999 -9999 -9999 -9999 -9999 -9999 -9999 -9999 -9999 -9999 -9999 -9999 -9999 -9999 -9999 -9999 -9999 -9999 -9999 -9999 -9999 -9999 -9999 -9999 -9999 -9999 -9999 -9999 8.82424E-1 9.99663E-1 1E0 1E0 1E0 1E0 1E0 1E0 9.99906E-1 1E0 9.99999E-1 1E0 1E0 1E0 1E0 1E0 9.99998E-1 9.99811E-1 9.99966E-1 9.99824E-1 9.99996E-1 1E0 9.99998E-1 9.99998E-1 9.99977E-1 9.98844E-1 9.95575E-1 9.97386E-1 9.57325E-1 9.23574E-1 9.95108E-1 5.75819E-1 1.35511E-1 9.07493E-2 7.09429E-1 8.22939E-1 9.94812E-1 7.65669E-2 5.32555E-2 3.10632E-1 3.89227E-1 1.76116E-1 9.06748E-2 2.46646E-2
-9999 -9999 -9999 -9999 -9999 -9999 -9999 -9999 -9999 -9999 -9999 -9999 -9999 -9999 -9999 -9999 -9999 -9999 -9999 -9999 -9999 -9999 -9999 -9999 -9999 -9999 -9999 -9999 -9999 -9999 -9999 9.7439E-1 9.99824E-1 1E0 1E0 1E0 1E0 9.99798E-1 9.9999E-1 1E0 9.99995E-1 1E0 1E0 9.99999E-1 1E0 1E0 9.99993E-1 9.9997E-1 9.99239E-1 9.9999E-1 9.99968E-1 9.99984E-1 1E0 9.99998E-1 9.99938E-1 1E0 9.98678E-1 9.55977E-1 8.318E-1 6.93439E-1 7.34699E-1 8.92306E-1 6.82188E-1 2.83132E-1 6.5792E-2 3.56646E-1 3.17153E-1 9.84008E-1 1.2765E-1 2.35159E-2 2.05571E-1 1.77886E-1 1.26181E-1 4.09809E-2 1.08524E-2
-9999 -9999 -9999 -9999 -9999 -9999 -9999 -9999 -9999 -9999 -9999 -9999 -9999 -9999 -9999 -9999 -9999 -9999 -9999 -9999 -9999 -9999 -9999 -9999 -9999 -9999 -9999 -9999 -9999 -9999 9.54268E-1 9.98828E-1 9.99956E-1 9.98185E-1 9.99926E-1 1E0 9.98664E-1 1E0 9.99999E-1 9.99999E-1 9.99999E-1 1E0 1E0 1E0 1E0 1E0 9.99295E-1 9.88696E-1 9.9981E-1 9.99999E-1 9.99988E-1 9.99986E-1 9.99988E-1 9.99971E-1 9.99987E-1 9.9999E-1 9.95329E-1 4.35406E-1 1.51047E-1 5.14426E-2 5.82854E-2 1.91247E-1 1.7945E-1 4.11704E-1 1.38265E-1 1.07119E-1 2.09649E-1 9.17837E-1 2.05645E-1 1.95452E-2 1.03518E-2 7.43217E-2 8.72453E-2 1.05658E-1 3.33112E-3
-9999 -9999 -9999 -9999 -9999 -9999 -9999 -9999 -9999 -9999 -9999 -9999 -9999 -9999 -9999 -9999 -9999 -9999 -9999 -9999 -9999 -9999 -9999 -9999 -9999 -9999 -9999 -9999 -9999 -9999 8.43585E-1 9.99297E-1 9.99905E-1 9.99549E-1 9.99566E-1 9.99995E-1 1E0 1E0 9.99871E-1 9.99999E-1 1E0 1E0 1E0 1E0 1E0 9.99999E-1 9.99937E-1 9.99932E-1 9.99994E-1 9.99948E-1 9.98893E-1 9.999E-1 9.99999E-1 9.99999E-1 9.99905E-1 9.99995E-1 9.95749E-1 3.03493E-1 1.83618E-1 7.60461E-2 6.99986E-2 2.62517E-1 1.05949E-1 8.58075E-2 1.22064E-1 9.87351E-2 3.03724E-1 8.5289E-1 7.36701E-1 3.52325E-2 3.21752E-2 3.16123E-3 1.03233E-2 4.92535E-3 2.02322E-3
-9999 -9999 -9999 -9999 -9999 -9999 -9999 -9999 -9999 -9999 -9999 -9999 -9999 -9999 -9999 -9999 -9999 -9999 -9999 -9999 -9999 -9999 -9999 -9999 -9999 -9999 9.99914E-1 -9999 -9999 9.99987E-1 9.99341E-1 1E0 1E0 1E0 1E0 9.99973E-1 1E0 1E0 9.99992E-1 1E0 1E0 1E0 1E0 1E0 1E0 9.99998E-1 1E0 9.99983E-1 9.99481E-1 9.99349E-1 9.98289E-1 9.99205E-1 9.99338E-1 9.96751E-1 9.73127E-1 9.35145E-1 9.93104E-1 7.11952E-1 4.71467E-1 1.89265E-1 1.27224E-1 1.35236E-1 1.73931E-1 8.16365E-2 5.69052E-2 8.03122E-2 4.15495E-1 7.66639E-1 2.36412E-1 2.55879E-2 4.50246E-2 6.53295E-2 5.7759E-3 1.36838E-2 2.97506E-3
-9999 -9999 -9999 -9999 -9999 -9999 -9999 -9999 -9999 -9999 -9999 -9999 -9999 -9999 -9999 -9999 -9999 -9999 -9999 -9999 -9999 -9999 -9999 -9999 -9999 -9999 -9999 9.98469E-1 9.99966E-1 9.99988E-1 1E0 1E0 1E0 9.99974E-1 9.99999E-1 9.9999E-1 1E0 9.99999E-1 9.99998E-1 1E0 1E0 1E0 1E0 1E0 1E0 9.99994E-1 9.99939E-1 9.99485E-1 1E0 9.99991E-1 9.99709E-1 9.99957E-1 9.99165E-1 9.99692E-1 9.70866E-1 9.99321E-1 9.77053E-1 4.87482E-1 1.75164E-1 7.684E-2 8.66731E-2 1.03567E-1 7.22031E-2 3.64349E-2 3.67732E-2 7.60404E-2 3.38496E-1 9.5838E-1 9.79664E-1 3.18848E-2 2.99419E-2 1.10918E-1 1.49171E-2 7.83182E-3 6.93041E-3
-9999 -9999 -9999 -9999 -9999 -9999 -9999 -9999 -9999 -9999 -9999 -9999 -9999 -9999 -9999 -9999 -9999 -9999 -9999 -9999 -9999 -9999 -9999 -9999 -9999 -9999 -9999 -9999 1E0 1E0 1E0 1E0 1E0 9.9999E-1 9.99991E-1 9.99988E-1 9.99985E-1 9.99999E-1 1E0 1E0 1E0 1E0 1E0 1E0 9.99999E-1 1E0 1E0 1E0 1E0 9.99733E-1 9.99994E-1 9.72258E-1 9.99396E-1 9.99968E-1 9.99999E-1 9.96057E-1 6.95546E-1 4.20178E-1 2.84184E-1 1.89493E-1 5.90056E-2 1.27154E-1 1.50716E-1 6.27695E-2 1.86805E-2 8.32394E-2 3.23929E-1 8.32071E-1 9.51484E-1 4.10751E-2 4.46613E-2 7.9229E-3 3.59142E-2 3.60437E-2 1.89124E-2
-9999 -9999 -9999 -9999 -9999 -9999 -9999 -9999 -9999 -9999 -9999 -9999 -9999 -9999 -9999 -9999 -9999 -9999 -9999 -9999 -9999 -9999 -9999 -9999 -9999 -9999 -9999 9.98067E-1 9.99994E-1 1E0 1E0 9.99967E-1 9.99997E-1 9.99995E-1 9.99995E-1 9.99998E-1 9.99983E-1 9.99995E-1 1E0 1E0 1E0 1E0 1E0 1E0 1E0 9.99933E-1 1E0 1E0 9.99904E-1 9.99965E-1 9.9987E-1 9.94205E-1 9.99938E-1 9.99996E-1 9.99995E-1 9.63484E-1 5.32787E-1 2.94901E-1 3.06691E-1 6.24193E-2 5.08628E-2 6.50482E-2 1.19099E-1 9.09709E-2 8.4464E-3 5.56842E-2 3.01092E-1 6.15987E-1 5.96891E-1 2.50674E-1 1.70164E-1 1.95178E-3 1.27644E-3 4.08217E-3 1.81315E-2
-9999 -9999 -9999 -9999 -9999 -9999 -9999 -9999 -9999 -9999 -9999 -9999 -9999 -9999 -9999 -9999 -9999 -9999 -9999 -9999 -9999 -9999 1E0 -9999 -9999 9.99765E-1 1E0 9.99998E-1 9.9989E-1 9.99975E-1 9.99927E-1 1E0 9.99409E-1 9.99975E-1 1E0 1E0 9.99998E-1 9.99999E-1 1E0 1E0 1E0 1E0 1E0 1E0 1E0 1E0 9.99969E-1 9.98322E-1 9.99209E-1 9.9932E-1 9.99039E-1 9.97538E-1 1E0 9.99896E-1 9.98125E-1 8.31565E-1 4.44182E-1 7.48274E-2 7.18472E-2 9.75905E-2 9.95739E-2 2.21216E-2 2.3394E-2 4.35178E-2 7.23713E-3 4.00801E-2 2.00753E-1 4.15895E-1 7.67396E-1 5.8131E-1 3.3177E-1 4.5134E-2 1.04879E-2 1.80563E-3 4.01423E-3
-9999 -9999 -9999 -9999 -9999 -9999 -9999 -9999 -9999 -9999 -9999 -9999 -9999 -9999 -9999 -9999 -9999 -9999 -9999 -9999 -9999 -9999 9.9968E-1 9.99673E-1 9.95724E-1 9.99998E-1 1E0 9.99512E-1 9.9977E-1 9.99928E-1 9.99986E-1 9.99978E-1 9.99999E-1 1E0 1E0 1E0 9.99998E-1 1E0 1E0 1E0 1E0 9.99996E-1 9.99999E-1 9.99989E-1 9.9969E-1 9.9999E-1 9.99991E-1 9.82185E-1 9.91272E-1 9.98622E-1 9.86952E-1 9.99755E-1 9.98737E-1 8.14764E-1 2.80584E-1 6.8317E-2 1.92438E-1 2.45652E-1 3.71739E-2 4.42355E-2 1.4202E-1 1.322E-1 3.44642E-2 9.53101E-3 6.31418E-3 2.62427E-2 2.59092E-1 5.06153E-1 7.75796E-1 9.98776E-1 3.50673E-1 9.74121E-2 4.56013E-2 1.83246E-2 6.78605E-3
-9999 -9999 -9999 -9999 -9999 -9999 -9999 -9999 -9999 -9999 -9999 -9999 -9999 -9999 -9999 -9999 -9999 -9999 -9999 -9999 -9999 -9999 -9999 9.99892E-1 9.92647E-1 1E0 -9999 -9999 -9999 9.9956E-1 9.99999E-1 9.99746E-1 9.96578E-1 9.93519E-1 1E0 9.99623E-1 9.99998E-1 9.99728E-1 9.99987E-1 9.99951E-1 1E0 9.99476E-1 9.99671E-1 9.75374E-1 9.99557E-1 9.96734E-1 1E0 1E0 9.99999E-1 9.85078E-1 9.93462E-1 9.98775E-1 9.83873E-1 7.84492E-1 4.47031E-1 3.01099E-1 2.40619E-1 2.32464E-1 2.51932E-2 4.79033E-2 3.33928E-1 1.25093E-1 3.32471E-3 2.10129E-2 2.35717E-3 1.68499E-2 1.14236E-1 4.35212E-1 5.31148E-1 6.64029E-1 5.10986E-2 2.46502E-2 5.04145E-3 2.02666E-3 1.76291E-3
-9999 -9999 -9999 -9999 -9999 -9999 -9999 -9999 -9999 -9999 -9999 -9999 -9999 -9999 -9999 -9999 -9999 -9999 -9999 -9999 -9999 -9999 -9999 -9999 9.99996E-1 -9999 -9999 -9999 9.64819E-1 9.83726E-1 9.95408E-1 9.96837E-1 9.99971E-1 9.99986E-1 9.99995E-1 9.99998E-1 1E0 9.99417E-1 9.98005E-1 9.99258E-1 9.96171E-1 1E0 9.99998E-1 9.99614E-1 9.99734E-1 9.99373E-1 9.99973E-1 1E0 1E0 1E0 9.99998E-1 9.99631E-1 8.51458E-1 6.0164E-1 2.31972E-1 7.18327E-2 5.52039E-2 2.1036E-1 7.37836E-2 3.16613E-2 7.20538E-2 1.27341E-1 2.64778E-2 1.61226E-3 4.32465E-3 6.3852E-2 1.3105E-1 4.48906E-1 4.23244E-1 5.92704E-1 1.10402E-2 7.94493E-3 3.94308E-3 1.45017E-3 5.88514E-3
-9999 -9999 -9999 -9999 -9999 -9999 -9999 -9999 -9999 -9999 -9999 -9999 -9999 -9999 -9999 -9999 -9999 -9999 -9999 -9999 -9999 -9999 -9999 -9999 -9999 -9999 -9999 9.9309E-1 9.98278E-1 9.55294E-1 9.91004E-1 9.99763E-1 9.99959E-1 1E0 1E0 1E0 9.99997E-1 1E0 9.99997E-1 9.99996E-1 9.99962E-1 1E0 9.99997E-1 9.99573E-1 9.99984E-1 1E0 9.99387E-1 1E0 1E0 1E0 9.99377E-1 9.94304E-1 7.11284E-1 1.50555E-1 8.14383E-2 4.58464E-2 4.38095E-2 6.04153E-2 9.71604E-2 1.3317E-1 2.61385E-2 6.20354E-2 2.52217E-2 2.64521E-3 2.40313E-2 1.04515E-1 4.156E-2 3.87141E-2 1.83268E-1 2.33338E-1 1.94841E-2 1.97262E-3 2.26245E-3 2.40041E-3 1.93076E-2
-9999 -9999 -9999 -9999 -9999 -9999 -9999 -9999 -9999 -9999 -9999 -9999 -9999 -9999 -9999 -9999 -9999 -9999 -9999 -9999 -9999 -9999 -9999 -9999 -9999 -9999 -9999 -9999 -9999 9.96833E-1 9.99763E-1 1E0 9.99995E-1 1E0 1E0 1E0 1E0 9.99997E-1 9.99979E-1 9.99998E-1 9.99714E-1 9.99998E-1 1E0 9.76012E-1 9.99964E-1 1E0 9.99994E-1 1E0 1E0 9.99762E-1 9.9553E-1 9.98024E-1 9.78558E-1 3.27571E-1 7.7258E-2 5.49269E-2 1.08294E-1 5.05775E-2 6.02059E-2 4.18325E-2 2.63486E-3 2.32426E-3 3.62486E-3 4.4387E-3 2.30437E-2 8.02454E-2 1.57482E-2 1.5996E-2 6.05574E-2 1.25423E-1 2.56219E-2 4.48988E-3 4.85135E-3 2.40832E-3 3.65818E-3
-9999 -9999 -9999 -9999 -9999 -9999 -9999 -9999 -9999 -9999 -9999 -9999 -9999 -9999 -9999 -9999 -9999 -9999 -9999 -9999 -9999 -9999 -9999 -9999 -9999 -9999 -9999 -9999 9.97142E-1 9.89368E-1 9.98088E-1 9.99999E-1 9.99999E-1 1E0 1E0 1E0 1E0 9.99999E-1 1E0 9.99997E-1 9.99807E-1 9.99539E-1 9.9797E-1 9.99672E-1 9.99994E-1 1E0 9.99664E-1 9.99991E-1 9.99828E-1 9.94466E-1 9.63894E-1 9.84499E-1 9.9072E-1 7.28093E-1 3.62387E-1 2.22578E-1 9.67946E-2 7.05274E-2 1.05535E-1 1.29206E-1 1.19365E-2 2.46512E-3 1.57744E-3 3.25179E-3 2.1809E-2 9.86315E-3 9.78834E-3 1.52001E-2 7.91569E-2 1.32551E-1 3.66371E-2 9.49053E-3 2.21996E-3 1.63882E-3 1.69556E-3
-9999 -9999 -9999 -9999 -9999 -9999 -9999 -9999 -9999 -9999 -9999 -9999 -9999 -9999 -9999 -9999 -9999 -9999 -9999 -9999 -9999 -9999 -9999 -9999 -9999 -9999 -9999 1E0 9.97463E-1 9.99915E-1 9.99278E-1 9.99889E-1 1E0 9.9994E-1 9.99968E-1 9.98924E-1 9.99972E-1 9.99999E-1 9.99938E-1 9.92873E-1 9.92254E-1 9.99917E-1 9.99946E-1 1E0 1E0 9.99998E-1 9.99999E-1 9.99974E-1 9.95084E-1 9.98968E-1 9.97866E-1 9.94378E-1 8.5338E-1 7.75406E-1 6.21626E-1 8.83027E-1 8.40992E-1 7.33645E-1 5.51912E-1 3.24628E-1 4.15306E-3 1.01917E-3 2.29356E-3 1.17494E-2 5.98285E-3 1.33479E-3 1.32721E-3 4.96807E-3 1.41358E-2 4.49575E-2 4.01191E-2 3.04291E-2 7.05636E-3 2.03943E-3 5.12404E-4
-9999 -9999 -9999 -9999 -9999 -9999 -9999 -9999 -9999 -9999 -9999 -9999 -9999 -9999 -9999 -9999 -9999 -9999 -9999 -9999 -9999 -9999 9.61128E-1 8.45785E-1 9.54896E-1 9.95677E-1 9.99998E-1 1E0 9.99998E-1 1E0 9.99997E-1 1E0 9.99999E-1 1E0 9.99912E-1 9.82504E-1 9.9853E-1 9.99261E-1 1E0 9.99547E-1 9.99619E-1 9.99938E-1 9.99992E-1 1E0 9.99992E-1 1E0 9.99926E-1 9.98463E-1 9.98766E-1 9.32061E-1 8.53504E-1 9.91881E-1 9.99155E-1 9.94794E-1 8.78697E-1 9.97491E-1 9.75679E-1 9.62788E-1 8.97686E-1 6.52142E-1 3.7868E-1 7.00069E-2 2.00844E-1 4.67269E-2 5.85299E-2 1.3254E-2 1.70145E-3 2.36804E-3 7.26145E-3 1.22939E-2 1.23463E-2 1.09062E-2 2.22018E-3 4.13939E-4 3.57992E-4
-9999 -9999 -9999 -9999 -9999 -9999 -9999 -9999 -9999 -9999 -9999 -9999 -9999 -9999 -9999 -9999 -9999 -9999 -9999 -9999 -9999 -9999 9.62854E-1 9.8834E-1 9.76668E-1 9.88078E-1 9.99916E-1 1E0 1E0 1E0 1E0 1E0 9.99999E-1 9.9992E-1 9.97575E-1 9.99989E-1 9.99907E-1 1E0 9.99999E-1 9.88788E-1 9.7208E-1 1E0 1E0 9.99999E-1 1E0 9.99999E-1 9.99956E-1 9.99292E-1 9.98607E-1 9.21961E-1 9.38373E-1 5.95696E-1 9.88011E-1 9.79478E-1 9.627E-1 9.946E-1 9.75378E-1 9.48783E-1 7.66607E-1 8.20958E-1 5.44582E-1 1.89675E-1 1.20785E-1 6.93139E-2 2.08752E-1 1.52657E-2 7.40327E-4 5.68036E-4 2.21713E-3 1.31346E-2 1.32385E-2 1.10426E-2 6.04017E-3 6.28243E-3 1.36392E-3
-9999 -9999 -9999 -9999 -9999 -9999 -9999 -9999 -9999 -9999 -9999 -9999 -9999 -9999 -9999 -9999 -9999 -9999 -9999 -9999 -9999 -9999 9.39164E-1 9.84504E-1 9.96035E-1 9.99867E-1 1E0 1E0 1E0 1E0 9.99999E-1 1E0 1E0 1E0 9.99997E-1 1E0 1E0 9.99992E-1 1E0 9.99249E-1 9.90469E-1 9.99724E-1 9.99999E-1 9.99988E-1 9.99485E-1 9.98888E-1 9.99394E-1 1E0 1E0 9.06419E-1 4.82697E-1 4.41075E-1 6.59329E-1 9.89739E-1 9.37513E-1 9.4603E-1 9.58051E-1 9.69471E-1 5.97421E-1 5.31002E-1 4.94657E-1 4.1302E-1 3.65613E-1 1.812E-1 1.41187E-1 2.99443E-3 6.00109E-4 1.32324E-3 4.44438E-3 6.82524E-3 1.79815E-2 2.25028E-3 2.63794E-3 2.4644E-3 1.49818E-3
-9999 -9999 -9999 -9999 -9999 -9999 -9999 -9999 -9999 -9999 -9999 -9999 -9999 -9999 -9999 -9999 -9999 -9999 -9999 -9999 -9999 -9999 9.5093E-1 9.69311E-1 9.94475E-1 -9999 -9999 -9999 1E0 9.99999E-1 9.99999E-1 1E0 1E0 1E0 9.99997E-1 9.98605E-1 9.96253E-1 9.99998E-1 9.99971E-1 9.37516E-1 9.82528E-1 9.7339E-1 9.77058E-1 9.98624E-1 9.94215E-1 9.67668E-1 9.42871E-1 9.98116E-1 9.79231E-1 9.82725E-1 6.33812E-1 2.07516E-1 7.18242E-1 7.91629E-1 8.32422E-1 9.33096E-1 9.55052E-1 9.90708E-1 8.74142E-1 5.32794E-1 3.50134E-1 1.86594E-1 1.48993E-1 1.77418E-1 9.88098E-2 3.51946E-3 6.27814E-4 6.21355E-4 4.69784E-3 1.36316E-2 1.6636E-2 3.86441E-3 1.73244E-3 2.08006E-3 2.11359E-3
-9999 -9999 -9999 -9999 -9999 -9999 -9999 -9999 -9999 -9999 -9999 -9999 -9999 -9999 -9999 -9999 -9999 -9999 -9999 -9999 -9999 -9999 9.94463E-1 9.97884E-1 -9999 9.99993E-1 1E0 1E0 1E0 1E0 9.99971E-1 9.99998E-1 1E0 9.99997E-1 9.99982E-1 1E0 1E0 9.99693E-1 9.71577E-1 9.89328E-1 9.98558E-1 9.95173E-1 9.52673E-1 9.9199E-1 9.85471E-1 9.86156E-1 8.88919E-1 9.53943E-1 9.98063E-1 8.82909E-1 8.3535E-1 6.88128E-1 8.28107E-1 9.95887E-1 9.97434E-1 9.90634E-1 8.21949E-1 6.81277E-1 8.53074E-1 7.37256E-1 4.71706E-1 3.95514E-1 2.08117E-1 3.78813E-2 2.64193E-2 1.06021E-3 7.79544E-4 1.83297E-3 4.00757E-3 1.1011E-2 6.50636E-3 1.41597E-3 4.24542E-4 2.1011E-3 1.38733E-3
-9999 -9999 -9999 -9999 -9999 -9999 -9999 -9999 -9999 -9999 -9999 -9999 -9999 -9999 -9999 -9999 -9999 -9999 -9999 9.99682E-1 9.99554E-1 9.99735E-1 -9999 -9999 -9999 1E0 9.99996E-1 1E0 1E0 1E0 1E0 9.99999E-1 9.99999E-1 1E0 1E0 9.9998E-1 1E0 9.99999E-1 9.98877E-1 9.94699E-1 9.99945E-1 9.99922E-1 9.90684E-1 9.88776E-1 9.62552E-1 9.30137E-1 6.88779E-1 9.94337E-1 9.9918E-1 9.86355E-1 9.97281E-1 9.64871E-1 9.2547E-1 9.68224E-1 4.92411E-1 8.42222E-1 7.67239E-1 4.91127E-1 5.47469E-1 4.23882E-1 2.90417E-1 3.83775E-1 2.33953E-1 6.4703E-2 3.07103E-3 2.37102E-4 7.32744E-4 1.54635E-4 1.53253E-4 3.1505E-3 4.64997E-3 6.38055E-4 1.83518E-4 1.4758E-3 5.38634E-4
-9999 -9999 -9999 -9999 -9999 -9999 -9999 -9999 -9999 -9999 -9999 -9999 -9999 -9999 -9999 -9999 -9999 -9999 -9999 -9999 9.99739E-1 9.99479E-1 9.99995E-1 1E0 1E0 1E0 1E0 1E0 1E0 1E0 1E0 1E0 1E0 9.99902E-1 9.99999E-1 1E0 1E0 9.70788E-1 9.71287E-1 9.99851E-1 9.99768E-1 9.99548E-1 9.71479E-1 9.589E-1 9.9379E-1 9.97144E-1 9.03893E-1 9.9288E-1 9.99989E-1 9.46217E-1 9.61316E-1 9.8093E-1 9.98599E-1 9.24883E-1 9.40753E-1 6.78542E-1 4.80912E-1 7.5695E-1 6.97899E-1 7.43577E-1 5.65668E-1 2.76243E-1 1.78332E-1 1.32979E-1 1.38927E-3 1.19555E-3 2.19193E-3 9.0286E-4 4.33383E-4 6.75853E-4 2.3843E-3 1.52068E-3 5.21435E-4 7.75372E-4 1.3526E-3
-9999 -9999 -9999 -9999 -9999 -9999 -9999 -9999 -9999 -9999 -9999 -9999 -9999 -9999 -9999 -9999 -9999 -9999 -9999 9.99987E-1 -9999 9.99742E-1 1E0 1E0 1E0 1E0 1E0 1E0 1E0 1E0 1E0 1E0 1E0 1E0 9.99902E-1 1E0 1E0 9.99999E-1 1E0 9.99781E-1 9.58765E-1 9.99611E-1 9.83727E-1 9.69537E-1 9.99955E-1 9.99994E-1 9.43287E-1 9.62844E-1 9.9968E-1 9.67499E-1 6.15767E-1 5.42023E-1 8.48197E-1 9.44243E-1 8.10879E-1 4.96215E-1 5.08728E-1 8.06028E-1 4.43969E-1 4.07284E-1 5.49707E-1 3.67619E-1 2.09935E-1 6.32742E-2 1.87456E-2 4.9043E-3 9.52962E-3 1.94497E-3 1.08151E-3 2.37582E-3 6.42736E-3 1.80047E-3 3.84062E-3 8.29121E-4 1.68499E-3
-9999 -9999 -9999 -9999 -9999 -9999 -9999 -9999 -9999 -9999 -9999 -9999 -9999 -9999 -9999 -9999 -9999 -9999 -9999 9.51059E-1 9.9831E-1 1E0 1E0 1E0 1E0 1E0 1E0 1E0 1E0 1E0 1E0 1E0 1E0 9.99994E-1 9.99997E-1 1E0 1E0 9.9999E-1 1E0 9.98526E-1 9.99964E-1 9.9995E-1 9.77743E-1 8.94331E-1 9.99454E-1 9.99401E-1 9.65035E-1 7.67698E-1 9.22808E-1 9.99958E-1 9.6811E-1 8.85188E-1 8.86121E-1 9.8616E-1 6.49187E-1 7.13048E-1 7.41589E-1 8.48911E-2 5.48702E-2 4.59917E-2 4.83564E-2 2.23973E-2 1.79468E-2 7.47081E-2 3.39538E-2 4.07403E-2 2.49001E-2 4.36558E-3 2.38381E-3 3.28212E-3 9.74589E-2 4.23694E-2 3.09354E-3 8.01444E-4 8.86715E-4
-9999 -9999 -9999 -9999 -9999 -9999 -9999 -9999 -9999 -9999 -9999 -9999 -9999 -9999 -9999 -9999 -9999 -9999 -9999 9.99813E-1 9.999E-1 1E0 1E0 1E0 1E0 1E0 1E0 1E0 1E0 1E0 1E0 1E0 1E0 1E0 1E0 1E0 1E0 1E0 1E0 9.99999E-1 9.99618E-1 9.98977E-1 9.98007E-1 9.9625E-1 9.94123E-1 9.99078E-1 9.92961E-1 8.51193E-1 1.46542E-1 1.95802E-1 9.98708E-1 9.99837E-1 9.99999E-1 9.9915E-1 9.66798E-1 9.29572E-1 3.59707E-2 9.0927E-3 1.77635E-2 2.55409E-2 4.2617E-3 5.85462E-3 4.11076E-3 5.29339E-2 2.57685E-2 2.04349E-1 7.73331E-2 7.90536E-3 6.39665E-3 9.36824E-3 2.45678E-2 2.2312E-2 6.6038E-3 9.93939E-4 6.77102E-4
-9999 -9999 -9999 -9999 -9999 -9999 -9999 -9999 -9999 -9999 -9999 -9999 -9999 -9999 -9999 -9999 -9999 9.9093E-1 -9999 9.99814E-1 9.99964E-1 1E0 1E0 1E0 1E0 1E0 9.99995E-1 1E0 1E0 1E0 1E0 1E0 1E0 1E0 1E0 1E0 9.99987E-1 1E0 1E0 9.9181E-1 9.99327E-1 9.91565E-1 9.87556E-1 9.25367E-1 9.97942E-1 9.81851E-1 9.79152E-1 5.77919E-1 5.5562E-1 7.99563E-1 9.96052E-1 9.99077E-1 9.92697E-1 3.15004E-1 5.91016E-1 6.90758E-1 7.72688E-2 9.2214E-2 9.99998E-2 2.77971E-2 1.8144E-2 4.59532E-3 5.32494E-3 1.03917E-1 1.35484E-1 6.42414E-1 1.29166E-1 1.63939E-2 1.9206E-2 2.46371E-2 2.50753E-2 1.43395E-2 2.92373E-3 5.78772E-4 1.11609E-3
-9999 -9999 -9999 -9999 -9999 -9999 -9999 -9999 -9999 -9999 -9999 -9999 -9999 -9999 -9999 -9999 5.31887E-1 7.07614E-1 9.96561E-1 1E0 1E0 1E0 1E0 1E0 1E0 9.99994E-1 1E0 1E0 1E0 1E0 1E0 9.99999E-1 1E0 9.99956E-1 9.99998E-1 1E0 1E0 1E0 9.9997E-1 9.9963E-1 9.96505E-1 9.97528E-1 9.99995E-1 9.99606E-1 9.82884E-1 8.22027E-1 9.1913E-1 9.66376E-1 6.6539E-1 5.79215E-1 4.99995E-1 3.41506E-1 2.74723E-1 2.38491E-1 2.32077E-1 3.81985E-1 1.61109E-1 9.88432E-2 1.46215E-1 5.30027E-2 6.10125E-2 1.61466E-2 1.99984E-2 2.62016E-2 1.06759E-1 2.91414E-1 2.7393E-1 3.89758E-2 8.7196E-2 7.61231E-2 4.14539E-2 1.11601E-2 1.20536E-3 1.37917E-3 1.35435E-3
-9999 -9999 -9999 -9999 -9999 -9999 -9999 -9999 -9999 -9999 -9999 -9999 -9999 -9999 -9999 9.99907E-1 9.1925E-1 9.34707E-1 9.99953E-1 1E0 1E0 1E0 1E0 1E0 1E0 1E0 1E0 1E0 1E0 9.99976E-1 9.99748E-1 9.99999E-1 9.99656E-1 9.9999E-1 9.99969E-1 1E0 1E0 9.97753E-1 9.86573E-1 9.83192E-1 9.92383E-1 9.97171E-1 9.99999E-1 9.99988E-1 9.87888E-1 9.73198E-1 9.62658E-1 7.99094E-1 4.88496E-1 1.61052E-1 9.70229E-2 5.23432E-2 8.55187E-2 5.22346E-1 2.20951E-1 3.32447E-1 4.68185E-1 8.33733E-2 1.1968E-1 3.30521E-2 5.37857E-2 3.72282E-2 1.17602E-2 8.29402E-3 1.47192E-3 2.75585E-3 5.27906E-3 2.37236E-2 1.4082E-2 7.70427E-3 6.44999E-3 4.1415E-3 2.09903E-3 4.84128E-4 2.9899E-3
-9999 -9999 -9999 -9999 -9999 -9999 -9999 -9999 -9999 -9999 -9999 -9999 -9999 -9999 -9999 9.99999E-1 1E0 1E0 1E0 1E0 1E0 1E0 1E0 1E0 1E0 1E0 1E0 9.99997E-1 9.9987E-1 9.99994E-1 1E0 9.99997E-1 9.9999E-1 9.96168E-1 9.933E-1 9.94188E-1 9.99674E-1 9.99469E-1 9.9977E-1 9.95085E-1 9.99962E-1 9.97705E-1 9.9968E-1 9.93256E-1 9.99923E-1 9.99605E-1 9.85961E-1 5.11064E-1 3.15963E-1 2.67414E-1 1.00618E-1 2.49494E-2 2.31896E-2 1.8596E-1 3.52842E-1 4.40507E-1 8.39286E-1 4.26673E-1 1.04357E-1 5.69827E-2 1.88541E-2 1.97681E-2 2.52957E-2 1.02189E-2 1.27921E-2 4.47521E-2 8.6124E-3 8.6437E-3 1.31948E-2 1.07712E-2 2.0566E-3 1.08077E-3 1.09192E-3 5.65733E-4 9.01728E-4
