ENM/Final_Models/M_0.9_F_q_Set_1_EC/Gustavia_santanderiensis_4_Choco.asc
ncols         367
nrows         963
xllcorner     -78.6
yllcorner     0.65
cellsize      0.00833333333333323
NODATA_value  -9999
[rows 858 to 890 of 963, columns 0 to 72 of 367]
-9999 -9999 -9999 -9999 -9999 -9999 -9999 -9999 -9999 -9999 -9999 -9999 -9999 -9999 -9999 -9999 -9999 -9999 -9999 -9999 -9999 -9999 -9999 -9999 -9999 -9999 -9999 -9999 -9999 -9999 -9999 -9999 -9999 -9999 -9999 -9999 -9999 -9999 -9999 -9999 8.56861E-1 9.1228E-1 9.34893E-1 9.91721E-1 9.71141E-1 9.69197E-1 9.54457E-1 9.25373E-1 7.15423E-1 7.86203E-1 8.50004E-1 9.87726E-1 9.61825E-1 9.55561E-1 9.83622E-1 9.94128E-1 9.99941E-1 9.87442E-1 9.03416E-1 8.28927E-1 8.5032E-1 8.12939E-1 7.35497E-1 7.46981E-1 9.60124E-1 9.99228E-1 9.94886E-1 9.97624E-1 9.9997E-1 9.99989E-1 9.9996E-1 9.75217E-1 7.68134E-1
-9999 -9999 -9999 -9999 -9999 -9999 -9999 -9999 -9999 -9999 -9999 -9999 -9999 -9999 -9999 -9999 -9999 -9999 -9999 -9999 -9999 -9999 -9999 -9999 -9999 -9999 -9999 -9999 -9999 -9999 -9999 -9999 -9999 -9999 -9999 -9999 -9999 -9999 -9999 -9999 8.10267E-1 8.83524E-1 9.79195E-1 9.63809E-1 9.26059E-1 9.27464E-1 9.86327E-1 7.58872E-1 8.68316E-1 8.67919E-1 8.5492E-1 9.19081E-1 8.96037E-1 9.66294E-1 9.92085E-1 9.20572E-1 9.90629E-1 9.98103E-1 9.66605E-1 9.41775E-1 7.78571E-1 8.27183E-1 8.08935E-1 8.21457E-1 9.89822E-1 9.99708E-1 9.99825E-1 9.95694E-1 9.99909E-1 1E0 9.99769E-1 9.91467E-1 7.3473E-1
-9999 -9999 -9999 -9999 -9999 -9999 -9999 -9999 -9999 -9999 -9999 -9999 -9999 -9999 -9999 -9999 -9999 -9999 -9999 -9999 -9999 -9999 -9999 -9999 -9999 -9999 -9999 -9999 -9999 -9999 -9999 -9999 -9999 -9999 -9999 -9999 -9999 -9999 -9999 -9999 7.02099E-1 8.9658E-1 9.68418E-1 9.6917E-1 8.33868E-1 8.7694E-1 9.71351E-1 6.77168E-1 7.01833E-1 9.26069E-1 8.42388E-1 8.65038E-1 8.38696E-1 8.87647E-1 9.37425E-1 9.83714E-1 8.91457E-1 9.94984E-1 9.52633E-1 9.3206E-1 9.09149E-1 7.53627E-1 8.02003E-1 9.03692E-1 9.89605E-1 9.9994E-1 9.77851E-1 9.91361E-1 9.99982E-1 9.99992E-1 9.94385E-1 9.27803E-1 7.13102E-1
-9999 -9999 -9999 -9999 -9999 -9999 -9999 -9999 -9999 -9999 -9999 -9999 -9999 -9999 -9999 -9999 -9999 -9999 -9999 -9999 -9999 -9999 -9999 -9999 -9999 -9999 -9999 -9999 -9999 -9999 -9999 -9999 -9999 -9999 -9999 -9999 -9999 -9999 -9999 -9999 7.87554E-1 9.25928E-1 9.77036E-1 9.48917E-1 9.93808E-1 9.81876E-1 9.16408E-1 6.468E-1 8.4027E-1 8.32172E-1 8.1042E-1 7.54785E-1 7.02427E-1 7.90276E-1 9.20878E-1 9.81221E-1 9.46554E-1 9.87637E-1 8.76571E-1 8.98854E-1 9.80813E-1 8.42516E-1 7.14913E-1 9.12396E-1 9.91014E-1 9.90368E-1 9.99004E-1 1E0 9.99999E-1 9.9999E-1 9.93561E-1 9.50238E-1 7.98486E-1
-9999 -9999 -9999 -9999 -9999 -9999 -9999 -9999 -9999 -9999 -9999 -9999 -9999 -9999 -9999 -9999 -9999 -9999 -9999 -9999 -9999 -9999 -9999 -9999 -9999 -9999 -9999 -9999 -9999 -9999 -9999 -9999 -9999 -9999 -9999 -9999 -9999 -9999 7.58342E-1 6.33536E-1 8.70977E-1 9.48142E-1 9.04689E-1 9.3611E-1 9.74037E-1 9.78642E-1 9.27541E-1 9.1002E-1 8.35681E-1 7.89608E-1 8.39668E-1 7.40584E-1 7.07753E-1 6.77421E-1 6.88707E-1 9.29658E-1 9.57514E-1 8.28364E-1 8.44647E-1 8.44229E-1 9.4669E-1 9.25212E-1 7.52486E-1 8.9672E-1 9.81856E-1 9.93908E-1 9.79707E-1 9.99962E-1 1E0 9.99989E-1 9.98899E-1 9.3565E-1 8.08281E-1
-9999 -9999 -9999 -9999 -9999 -9999 -9999 -9999 -9999 -9999 -9999 -9999 -9999 -9999 -9999 -9999 -9999 -9999 -9999 -9999 -9999 -9999 -9999 -9999 -9999 -9999 -9999 -9999 -9999 -9999 -9999 -9999 -9999 -9999 -9999 -9999 -9999 -9999 8.05278E-1 7.87267E-1 7.49872E-1 9.07627E-1 9.29997E-1 8.86178E-1 9.23074E-1 9.90202E-1 9.59139E-1 8.7263E-1 7.49125E-1 8.60029E-1 7.76496E-1 7.71994E-1 7.31498E-1 6.83636E-1 6.86818E-1 7.31518E-1 8.85806E-1 9.33622E-1 9.02575E-1 8.14887E-1 8.30622E-1 8.78265E-1 8.44523E-1 7.52213E-1 9.45938E-1 9.9783E-1 9.96135E-1 9.91374E-1 9.99958E-1 9.9977E-1 9.81383E-1 8.97756E-1 5.46637E-1
-9999 -9999 -9999 -9999 -9999 -9999 -9999 -9999 -9999 -9999 -9999 -9999 -9999 -9999 -9999 -9999 -9999 -9999 -9999 -9999 -9999 -9999 -9999 -9999 -9999 -9999 -9999 -9999 -9999 -9999 -9999 -9999 -9999 -9999 -9999 -9999 -9999 -9999 7.76167E-1 7.66995E-1 8.17689E-1 8.02717E-1 8.09967E-1 8.552E-1 9.76558E-1 9.10862E-1 8.06929E-1 8.52098E-1 8.69089E-1 8.10726E-1 7.8208E-1 7.6919E-1 7.58326E-1 5.45731E-1 4.82644E-1 5.5857E-1 7.0438E-1 8.04713E-1 9.00755E-1 7.1727E-1 5.76082E-1 8.14418E-1 7.6357E-1 8.38289E-1 9.36776E-1 9.8226E-1 9.83567E-1 9.87986E-1 9.99975E-1 9.98471E-1 9.71088E-1 8.76372E-1 4.18814E-1
-9999 -9999 -9999 -9999 -9999 -9999 -9999 -9999 -9999 -9999 -9999 -9999 -9999 -9999 -9999 -9999 -9999 -9999 -9999 -9999 -9999 -9999 -9999 -9999 -9999 -9999 -9999 -9999 -9999 -9999 -9999 -9999 -9999 -9999 -9999 -9999 -9999 7.17341E-1 7.10562E-1 6.3567E-1 7.79048E-1 6.72354E-1 8.43172E-1 8.52239E-1 9.34695E-1 9.73977E-1 9.33313E-1 8.94176E-1 8.79552E-1 9.30589E-1 7.49076E-1 7.84363E-1 6.02361E-1 6.50894E-1 5.19668E-1 4.45257E-1 5.71144E-1 7.77271E-1 8.08491E-1 7.61038E-1 6.09648E-1 6.70996E-1 8.05106E-1 7.54336E-1 8.87786E-1 8.99377E-1 8.21091E-1 7.99128E-1 9.99708E-1 9.83537E-1 9.25031E-1 7.68157E-1 7.2652E-1
-9999 -9999 -9999 -9999 -9999 -9999 -9999 -9999 -9999 -9999 -9999 -9999 -9999 -9999 -9999 -9999 -9999 -9999 -9999 -9999 -9999 -9999 -9999 -9999 -9999 -9999 -9999 -9999 -9999 -9999 -9999 -9999 -9999 -9999 -9999 -9999 5.4371E-1 7.85326E-1 7.21302E-1 6.70352E-1 7.1918E-1 6.68173E-1 7.74918E-1 8.58636E-1 9.89413E-1 9.38573E-1 8.60629E-1 8.00281E-1 9.46685E-1 9.04905E-1 7.85998E-1 8.39531E-1 8.47308E-1 6.08651E-1 4.83209E-1 5.34929E-1 6.91174E-1 5.12225E-1 6.66489E-1 6.22229E-1 6.0719E-1 5.96479E-1 6.44673E-1 8.10004E-1 7.02569E-1 8.29657E-1 9.1678E-1 9.98846E-1 9.96458E-1 9.89389E-1 9.14457E-1 8.77752E-1 7.19617E-1
-9999 -9999 -9999 -9999 -9999 -9999 -9999 -9999 -9999 -9999 -9999 -9999 -9999 -9999 -9999 -9999 -9999 -9999 -9999 -9999 -9999 -9999 -9999 -9999 -9999 -9999 -9999 -9999 -9999 -9999 -9999 -9999 -9999 -9999 -9999 -9999 5.92961E-1 6.43915E-1 7.91778E-1 6.55555E-1 6.88089E-1 5.31138E-1 7.23998E-1 7.11024E-1 9.38479E-1 8.05973E-1 9.09254E-1 8.0678E-1 7.99134E-1 8.17368E-1 8.18923E-1 7.1768E-1 5.74791E-1 5.85007E-1 4.61442E-1 3.2415E-1 6.16693E-1 4.87173E-1 5.52416E-1 4.20308E-1 5.18772E-1 5.22464E-1 6.22387E-1 5.99056E-1 4.42271E-1 4.70809E-1 5.43497E-1 9.40716E-1 9.89508E-1 9.51083E-1 9.08062E-1 9.78705E-1 8.9556E-1
-9999 -9999 -9999 -9999 -9999 -9999 -9999 -9999 -9999 -9999 -9999 -9999 -9999 -9999 -9999 -9999 -9999 -9999 -9999 -9999 -9999 -9999 -9999 -9999 -9999 -9999 -9999 -9999 -9999 -9999 -9999 -9999 -9999 -9999 -9999 -9999 5.21823E-1 6.05586E-1 5.87933E-1 5.6031E-1 6.18023E-1 6.61014E-1 6.37522E-1 7.74587E-1 8.32418E-1 9.44447E-1 6.30018E-1 7.98505E-1 8.95555E-1 7.57628E-1 6.39429E-1 5.42623E-1 3.41558E-1 5.09432E-1 4.47793E-1 3.95673E-1 5.00285E-1 4.05879E-1 4.91213E-1 4.02985E-1 4.48625E-1 4.84034E-1 4.37119E-1 4.87079E-1 3.69142E-1 6.13021E-1 8.53742E-1 6.92883E-1 9.83895E-1 9.54413E-1 9.70451E-1 9.60081E-1 8.38693E-1
-9999 -9999 -9999 -9999 -9999 -9999 -9999 -9999 -9999 -9999 -9999 -9999 -9999 -9999 -9999 -9999 -9999 -9999 -9999 -9999 -9999 -9999 -9999 -9999 -9999 -9999 -9999 -9999 -9999 -9999 -9999 -9999 -9999 -9999 -9999 -9999 5.68426E-1 6.50341E-1 5.84644E-1 5.42655E-1 6.64416E-1 5.99616E-1 5.74658E-1 6.41928E-1 8.26792E-1 9.23411E-1 7.82191E-1 7.31661E-1 7.70866E-1 5.88731E-1 4.72854E-1 6.38892E-1 4.95643E-1 4.60228E-1 2.69261E-1 2.56005E-1 3.40624E-1 6.29335E-1 3.66607E-1 2.88996E-1 2.77346E-1 4.19591E-1 4.47549E-1 3.84781E-1 3.99444E-1 6.1307E-1 4.66372E-1 6.3891E-1 8.41642E-1 9.16011E-1 9.6875E-1 9.13905E-1 9.33994E-1
-9999 -9999 -9999 -9999 -9999 -9999 -9999 -9999 -9999 -9999 -9999 -9999 -9999 -9999 -9999 -9999 -9999 -9999 -9999 -9999 -9999 -9999 -9999 -9999 -9999 -9999 -9999 -9999 -9999 -9999 -9999 -9999 -9999 -9999 -9999 8.91808E-1 8.1741E-1 6.83696E-1 5.42245E-1 5.47495E-1 5.99022E-1 4.57193E-1 5.18957E-1 6.4509E-1 6.7845E-1 9.33216E-1 9.14963E-1 8.62959E-1 7.61149E-1 6.31197E-1 5.19149E-1 6.06406E-1 3.07364E-1 5.8776E-1 3.81105E-1 3.61226E-1 4.16542E-1 5.72953E-1 5.19262E-1 4.43073E-1 3.07653E-1 3.10005E-1 3.8552E-1 3.05142E-1 4.9465E-1 4.73757E-1 7.09876E-1 8.69271E-1 7.1754E-1 8.70373E-1 8.62401E-1 9.79616E-1 9.44475E-1
-9999 -9999 -9999 -9999 -9999 -9999 -9999 -9999 -9999 -9999 -9999 -9999 -9999 -9999 -9999 -9999 -9999 -9999 -9999 -9999 -9999 -9999 -9999 -9999 -9999 -9999 -9999 -9999 -9999 -9999 -9999 -9999 -9999 7.91421E-1 7.35782E-1 6.98089E-1 7.8195E-1 7.08975E-1 7.49949E-1 6.67036E-1 6.03989E-1 5.8276E-1 5.01205E-1 6.51852E-1 7.38095E-1 9.19691E-1 8.41179E-1 7.20391E-1 5.80205E-1 5.44404E-1 5.34267E-1 4.6007E-1 5.52427E-1 2.77024E-1 3.31422E-1 3.2492E-1 3.77205E-1 4.06776E-1 4.27302E-1 3.79308E-1 3.05637E-1 2.36035E-1 2.25459E-1 2.90923E-1 3.42143E-1 3.98559E-1 6.27027E-1 5.35227E-1 9.44002E-1 8.80462E-1 9.12044E-1 9.56832E-1 9.58151E-1
-9999 -9999 -9999 -9999 -9999 -9999 -9999 -9999 -9999 -9999 -9999 -9999 -9999 -9999 -9999 -9999 -9999 -9999 -9999 -9999 -9999 -9999 -9999 -9999 -9999 -9999 -9999 -9999 -9999 -9999 -9999 -9999 8.88192E-1 7.79707E-1 6.84293E-1 7.66839E-1 7.00774E-1 6.94538E-1 7.0109E-1 6.03493E-1 4.98275E-1 5.56397E-1 6.32871E-1 5.08852E-1 5.44467E-1 7.84051E-1 8.42863E-1 6.833E-1 6.80391E-1 6.70717E-1 5.4514E-1 5.1004E-1 4.27265E-1 3.67521E-1 2.90428E-1 2.58505E-1 3.13645E-1 2.39386E-1 2.93139E-1 2.91809E-1 3.88409E-1 2.30548E-1 2.76188E-1 2.48391E-1 3.06592E-1 4.28254E-1 6.44951E-1 8.04848E-1 9.18028E-1 8.51861E-1 7.41297E-1 9.40659E-1 7.20543E-1
-9999 -9999 -9999 -9999 -9999 -9999 -9999 -9999 -9999 -9999 -9999 -9999 -9999 -9999 -9999 -9999 -9999 -9999 -9999 -9999 -9999 -9999 -9999 -9999 -9999 -9999 -9999 -9999 -9999 -9999 -9999 9.09271E-1 9.05297E-1 9.08972E-1 6.80005E-1 6.23255E-1 7.82511E-1 7.25659E-1 6.87718E-1 6.38922E-1 5.53448E-1 5.54701E-1 5.64772E-1 5.39784E-1 6.27047E-1 6.68452E-1 7.87069E-1 7.59612E-1 7.60603E-1 5.18695E-1 4.94333E-1 5.19074E-1 4.12163E-1 3.25289E-1 4.01056E-1 4.58442E-1 2.78342E-1 2.81903E-1 2.45854E-1 2.96384E-1 2.91823E-1 2.29318E-1 3.4712E-1 3.78674E-1 3.29713E-1 4.72149E-1 8.03755E-1 8.8064E-1 8.62851E-1 8.9137E-1 7.19078E-1 8.70016E-1 8.70174E-1
-9999 -9999 -9999 -9999 -9999 -9999 -9999 -9999 -9999 -9999 -9999 -9999 -9999 -9999 -9999 -9999 -9999 -9999 -9999 -9999 -9999 -9999 -9999 -9999 -9999 -9999 -9999 -9999 -9999 -9999 7.59793E-1 7.50906E-1 8.45018E-1 7.61971E-1 9.10243E-1 7.54743E-1 6.56082E-1 7.50252E-1 6.60256E-1 6.39285E-1 7.45199E-1 6.31307E-1 6.63454E-1 5.32211E-1 5.56478E-1 6.03582E-1 8.36919E-1 7.77624E-1 6.9047E-1 5.43981E-1 4.72474E-1 4.61733E-1 4.08086E-1 3.50935E-1 3.33128E-1 4.5298E-1 2.18036E-1 2.65857E-1 1.85857E-1 4.2157E-1 2.90155E-1 2.76893E-1 3.32575E-1 2.91535E-1 3.46564E-1 5.44022E-1 8.06838E-1 7.72335E-1 8.76446E-1 8.26233E-1 6.56965E-1 6.89833E-1 8.79384E-1
-9999 -9999 -9999 -9999 -9999 -9999 -9999 -9999 -9999 -9999 -9999 -9999 -9999 -9999 -9999 -9999 -9999 -9999 -9999 -9999 -9999 -9999 -9999 -9999 -9999 -9999 -9999 -9999 -9999 8.85329E-1 7.82749E-1 7.72332E-1 8.88959E-1 8.40425E-1 8.62909E-1 8.48406E-1 8.30122E-1 7.8181E-1 5.43218E-1 6.58288E-1 7.38518E-1 6.56002E-1 6.90249E-1 8.1923E-1 6.77704E-1 5.86521E-1 6.32791E-1 7.31415E-1 5.49116E-1 4.49378E-1 4.10186E-1 4.54952E-1 4.29553E-1 3.5373E-1 3.12748E-1 4.08136E-1 4.46474E-1 4.67599E-1 3.35941E-1 3.12448E-1 3.09775E-1 2.89775E-1 3.05442E-1 3.8242E-1 5.39791E-1 8.25022E-1 6.79549E-1 6.14111E-1 7.80162E-1 7.19341E-1 6.7001E-1 7.58476E-1 5.82291E-1
-9999 -9999 -9999 -9999 -9999 -9999 -9999 -9999 -9999 -9999 -9999 -9999 -9999 -9999 -9999 -9999 -9999 -9999 -9999 -9999 -9999 -9999 -9999 -9999 -9999 -9999 -9999 -9999 8.91081E-1 7.6427E-1 8.46675E-1 8.17644E-1 7.54954E-1 8.45855E-1 7.96638E-1 7.09688E-1 8.6203E-1 6.25352E-1 5.24276E-1 4.99153E-1 4.67338E-1 4.65066E-1 5.28325E-1 7.36373E-1 8.50564E-1 5.71664E-1 5.44307E-1 5.83729E-1 5.19951E-1 5.58497E-1 3.74388E-1 3.65733E-1 4.27944E-1 3.94492E-1 3.96815E-1 4.16231E-1 4.23025E-1 3.96314E-1 3.59466E-1 3.07814E-1 3.16054E-1 3.29879E-1 4.45229E-1 4.64675E-1 6.90914E-1 7.4267E-1 5.52274E-1 6.11614E-1 4.78265E-1 4.97009E-1 5.68858E-1 5.21329E-1 6.12053E-1
-9999 -9999 -9999 -9999 -9999 -9999 -9999 -9999 -9999 -9999 -9999 -9999 -9999 -9999 -9999 -9999 -9999 -9999 -9999 -9999 -9999 -9999 -9999 -9999 -9999 -9999 -9999 -9999 9.6677E-1 8.36768E-1 7.94469E-1 7.55395E-1 7.0924E-1 8.30881E-1 7.13506E-1 7.31052E-1 6.49793E-1 5.38777E-1 5.68289E-1 6.80562E-1 5.65802E-1 5.07814E-1 4.51074E-1 6.48778E-1 9.06089E-1 8.15951E-1 6.42852E-1 2.50038E-1 2.85507E-1 4.38134E-1 3.55E-1 3.54214E-1 3.38767E-1 3.12973E-1 3.90563E-1 4.15209E-1 3.95535E-1 3.66059E-1 3.6839E-1 2.94961E-1 3.15801E-1 3.69243E-1 5.23637E-1 4.99877E-1 5.17289E-1 3.99091E-1 4.55493E-1 5.86225E-1 4.4034E-1 6.21481E-1 6.17933E-1 5.81209E-1 2.83671E-1
-9999 -9999 -9999 -9999 -9999 -9999 -9999 -9999 -9999 -9999 -9999 -9999 -9999 -9999 -9999 -9999 -9999 -9999 -9999 -9999 -9999 -9999 -9999 -9999 -9999 -9999 -9999 -9999 -9999 -9999 -9999 8.71468E-1 7.38823E-1 6.78164E-1 8.04855E-1 6.80467E-1 5.89171E-1 6.23042E-1 6.77327E-1 6.29705E-1 4.69884E-1 4.69015E-1 4.85972E-1 5.86799E-1 6.07513E-1 7.84336E-1 8.36221E-1 6.25212E-1 6.40636E-1 6.49886E-1 4.6808E-1 4.50235E-1 4.138E-1 3.6234E-1 4.66978E-1 3.77357E-1 3.4029E-1 4.34868E-1 3.39913E-1 2.90376E-1 4.11732E-1 4.40466E-1 5.51883E-1 5.7709E-1 4.2886E-1 3.54074E-1 2.38255E-1 3.05634E-1 1.85523E-1 4.56948E-1 5.18418E-1 6.31434E-1 1.77223E-1
-9999 -9999 -9999 -9999 -9999 -9999 -9999 -9999 -9999 -9999 -9999 -9999 -9999 -9999 -9999 -9999 -9999 -9999 -9999 -9999 -9999 -9999 -9999 -9999 -9999 -9999 -9999 -9999 -9999 -9999 -9999 7.59235E-1 7.337E-1 6.73424E-1 5.87899E-1 6.42662E-1 4.96491E-1 5.53357E-1 4.31927E-1 6.39387E-1 5.68917E-1 4.06858E-1 4.52543E-1 4.6614E-1 4.92639E-1 5.97985E-1 5.66578E-1 3.73566E-1 3.00275E-1 4.7621E-1 5.6395E-1 5.3464E-1 4.49974E-1 4.08022E-1 4.25938E-1 4.52312E-1 2.70119E-1 3.90525E-1 3.77584E-1 3.8177E-1 4.85577E-1 4.90362E-1 4.26023E-1 3.19145E-1 1.82599E-1 8.74321E-2 1.26995E-1 9.09179E-2 5.9211E-2 2.96306E-1 5.19199E-1 5.27527E-1 2.10035E-1
-9999 -9999 -9999 -9999 -9999 -9999 -9999 -9999 -9999 -9999 -9999 -9999 -9999 -9999 -9999 -9999 -9999 -9999 -9999 -9999 -9999 -9999 -9999 -9999 -9999 -9999 -9999 -9999 -9999 -9999 7.99672E-1 6.5804E-1 7.06078E-1 6.28376E-1 5.6727E-1 6.47753E-1 5.70503E-1 5.28267E-1 5.01685E-1 5.5828E-1 5.56381E-1 4.13759E-1 4.34768E-1 4.35833E-1 4.98264E-1 6.16458E-1 5.20979E-1 4.43937E-1 3.39196E-1 3.85529E-1 4.54426E-1 6.36839E-1 5.54186E-1 3.75946E-1 2.6926E-1 3.27999E-1 4.0299E-1 3.29091E-1 3.42865E-1 4.01362E-1 4.87838E-1 3.13109E-1 1.67617E-1 1.22769E-1 3.89023E-2 6.55992E-2 9.16101E-2 6.11933E-2 2.76939E-2 2.49414E-1 6.3374E-1 4.79412E-1 4.74724E-2
-9999 -9999 -9999 -9999 -9999 -9999 -9999 -9999 -9999 -9999 -9999 -9999 -9999 -9999 -9999 -9999 -9999 -9999 -9999 -9999 -9999 -9999 -9999 -9999 -9999 -9999 -9999 -9999 -9999 -9999 7.23892E-1 5.89134E-1 5.71781E-1 5.74685E-1 5.3997E-1 5.69129E-1 6.35928E-1 5.20783E-1 4.63006E-1 4.15406E-1 4.52634E-1 4.62836E-1 3.98653E-1 4.57649E-1 4.16422E-1 4.59166E-1 5.11134E-1 5.05387E-1 5.02373E-1 5.48692E-1 5.10687E-1 5.77732E-1 7.93771E-1 6.44582E-1 3.93796E-1 3.54043E-1 3.78051E-1 3.31483E-1 2.89537E-1 4.0874E-1 3.21328E-1 1.09453E-1 2.99958E-2 1.51195E-2 9.52008E-3 1.1152E-2 9.71516E-3 1.11443E-2 2.98215E-2 2.51135E-1 5.44063E-1 1.70713E-1 2.10708E-2
-9999 -9999 -9999 -9999 -9999 -9999 -9999 -9999 -9999 -9999 -9999 -9999 -9999 -9999 -9999 -9999 -9999 -9999 -9999 -9999 -9999 -9999 -9999 -9999 -9999 9.38164E-1 8.48001E-1 8.27165E-1 7.8322E-1 8.32521E-1 7.46446E-1 6.33527E-1 5.58061E-1 5.87833E-1 5.03669E-1 5.35721E-1 5.09026E-1 5.49944E-1 5.28733E-1 3.71197E-1 2.81672E-1 4.44262E-1 4.94199E-1 4.73232E-1 4.34304E-1 5.71458E-1 6.3837E-1 5.24166E-1 5.70996E-1 3.86871E-1 4.75978E-1 4.61257E-1 6.48733E-1 5.94919E-1 5.75643E-1 3.41729E-1 3.72693E-1 2.91797E-1 3.45596E-1 4.91191E-1 2.70214E-1 5.51314E-2 5.8221E-3 1.14934E-3 8.90341E-4 6.07361E-4 5.93647E-4 4.03647E-3 1.17494E-1 2.73421E-1 3.34556E-1 2.94097E-1 1.01873E-1
-9999 -9999 -9999 -9999 -9999 -9999 -9999 -9999 -9999 -9999 -9999 -9999 -9999 -9999 -9999 -9999 -9999 -9999 -9999 -9999 -9999 -9999 9.45023E-1 8.73732E-1 8.76414E-1 9.10553E-1 9.47158E-1 8.28967E-1 8.14255E-1 8.69356E-1 7.84785E-1 8.37787E-1 7.06803E-1 5.62875E-1 5.66942E-1 5.14384E-1 4.07649E-1 3.60178E-1 4.34939E-1 4.64614E-1 3.46808E-1 4.30283E-1 4.7137E-1 4.19315E-1 4.71849E-1 5.68736E-1 4.85109E-1 4.16929E-1 5.21595E-1 4.38387E-1 4.32771E-1 4.36415E-1 5.95807E-1 7.82655E-1 4.48829E-1 5.36409E-1 5.12944E-1 4.77235E-1 2.11572E-1 3.90752E-1 1.374E-1 1.11561E-2 1.86555E-3 8.03886E-4 7.39255E-4 3.45029E-4 1.56808E-4 2.15593E-3 3.85949E-2 5.79366E-2 1.57912E-1 2.19254E-1 1.13476E-1
-9999 -9999 -9999 -9999 -9999 -9999 -9999 -9999 -9999 -9999 -9999 -9999 -9999 -9999 -9999 -9999 -9999 -9999 -9999 -9999 -9999 9.64674E-1 9.99729E-1 9.81884E-1 9.98631E-1 9.97151E-1 9.24446E-1 8.93576E-1 9.48269E-1 7.36927E-1 7.04386E-1 7.52592E-1 5.09073E-1 5.61832E-1 4.60159E-1 4.70128E-1 3.43143E-1 3.82095E-1 4.50077E-1 4.50419E-1 3.49561E-1 3.3915E-1 4.11002E-1 4.96786E-1 4.41949E-1 5.01293E-1 5.88131E-1 5.0907E-1 4.14137E-1 4.39346E-1 4.90818E-1 4.39379E-1 4.67694E-1 5.02289E-1 4.00531E-1 6.43429E-1 5.36021E-1 4.64754E-1 3.33325E-1 2.91538E-1 7.05689E-2 2.25603E-2 4.83163E-3 1.60633E-3 7.26029E-4 5.72214E-4 4.25919E-4 1.73681E-3 5.26489E-3 1.68723E-2 2.80435E-2 1.01527E-1 1.54881E-1
-9999 -9999 -9999 -9999 -9999 -9999 -9999 -9999 -9999 -9999 -9999 -9999 -9999 -9999 -9999 -9999 -9999 -9999 -9999 -9999 -9999 9.69579E-1 9.76145E-1 9.49309E-1 9.68349E-1 9.93684E-1 9.99217E-1 9.97214E-1 8.21991E-1 7.14749E-1 6.26202E-1 5.07482E-1 5.03494E-1 6.61894E-1 6.32842E-1 4.63852E-1 4.30051E-1 4.5462E-1 4.84049E-1 3.80341E-1 2.98461E-1 4.06696E-1 3.91955E-1 4.03752E-1 4.48053E-1 5.14345E-1 5.70435E-1 4.20904E-1 4.98299E-1 4.31267E-1 3.48001E-1 4.97727E-1 5.119E-1 4.82429E-1 3.9063E-1 3.66163E-1 4.50197E-1 4.13097E-1 2.60657E-1 2.53084E-1 1.69204E-1 8.11242E-2 1.37223E-2 5.06729E-3 2.07082E-3 1.08811E-3 1.12472E-3 1.11299E-3 2.14522E-3 2.82542E-3 7.83517E-3 1.00234E-1 1.15719E-1
-9999 -9999 -9999 -9999 -9999 -9999 -9999 -9999 -9999 -9999 -9999 -9999 -9999 -9999 -9999 -9999 -9999 -9999 -9999 -9999 -9999 9.94479E-1 9.6362E-1 9.46206E-1 9.74826E-1 9.84439E-1 9.99229E-1 9.96921E-1 9.86831E-1 7.14512E-1 6.9972E-1 6.0766E-1 5.22039E-1 5.87695E-1 6.0598E-1 5.10653E-1 4.79954E-1 2.79197E-1 3.50388E-1 4.11456E-1 3.93553E-1 4.05958E-1 3.84256E-1 4.10553E-1 4.50123E-1 5.92653E-1 5.64442E-1 4.67195E-1 3.94341E-1 4.77654E-1 3.38191E-1 4.45907E-1 4.32127E-1 4.06583E-1 2.89779E-1 2.79162E-1 5.26906E-1 4.20558E-1 3.03156E-1 2.05062E-1 2.29088E-1 9.81571E-2 2.61365E-2 7.30513E-3 4.37683E-3 2.25833E-3 1.90253E-3 7.5796E-4 1.343E-3 3.14361E-3 5.92032E-3 8.32812E-2 8.05722E-2
-9999 -9999 -9999 -9999 -9999 -9999 -9999 -9999 -9999 -9999 -9999 -9999 -9999 -9999 -9999 -9999 -9999 -9999 -9999 -9999 -9999 -9999 9.91258E-1 8.86344E-1 9.66051E-1 9.54198E-1 9.56823E-1 9.7269E-1 9.88326E-1 9.72102E-1 9.23632E-1 9.19847E-1 8.83248E-1 6.74224E-1 5.59423E-1 6.40862E-1 4.84917E-1 3.99432E-1 3.74395E-1 4.13149E-1 3.31001E-1 3.58377E-1 3.7224E-1 4.10225E-1 4.76012E-1 5.02453E-1 4.86641E-1 4.75735E-1 4.38348E-1 5.56022E-1 5.11636E-1 3.94498E-1 4.30088E-1 3.9432E-1 3.21468E-1 3.00376E-1 3.67618E-1 4.81542E-1 4.96699E-1 4.37394E-1 2.53286E-1 8.57005E-2 2.00335E-2 3.2095E-3 2.82148E-3 2.9089E-3 1.37492E-3 1.37743E-3 1.4717E-3 2.35407E-3 4.46816E-3 1.90906E-2 1.61112E-2
-9999 -9999 -9999 -9999 -9999 -9999 -9999 -9999 -9999 -9999 -9999 -9999 -9999 -9999 -9999 -9999 -9999 -9999 -9999 -9999 -9999 -9999 9.88559E-1 9.89267E-1 8.75653E-1 8.44732E-1 7.95151E-1 8.36078E-1 9.7846E-1 9.99425E-1 9.99528E-1 9.72746E-1 8.82354E-1 5.40812E-1 7.88186E-1 6.19816E-1 5.75509E-1 4.33701E-1 4.02972E-1 4.04341E-1 3.17471E-1 3.53072E-1 4.42338E-1 3.50741E-1 3.31343E-1 4.69099E-1 4.31646E-1 4.72128E-1 4.24518E-1 4.87311E-1 4.3368E-1 4.10677E-1 3.97818E-1 2.4182E-1 1.20306E-1 1.02232E-1 1.64208E-1 2.26496E-1 4.86304E-1 3.93906E-1 2.74626E-1 1.21717E-1 2.18113E-2 9.8096E-3 4.85993E-3 3.75086E-3 3.63133E-3 2.34813E-3 9.15349E-4 1.19165E-3 2.52858E-3 5.95302E-3 5.03074E-3
-9999 -9999 -9999 -9999 -9999 -9999 -9999 -9999 -9999 -9999 -9999 -9999 -9999 -9999 -9999 -9999 -9999 -9999 -9999 -9999 -9999 -9999 8.50481E-1 9.59632E-1 9.56575E-1 9.77207E-1 9.63432E-1 8.14405E-1 8.02883E-1 9.25757E-1 9.80207E-1 9.79024E-1 9.60563E-1 6.95658E-1 7.50022E-1 5.96987E-1 5.94689E-1 4.56045E-1 4.09589E-1 3.57489E-1 4.55739E-1 5.92355E-1 3.84915E-1 6.53975E-1 7.22037E-1 7.10564E-1 6.83515E-1 5.25563E-1 5.00555E-1 4.38086E-1 4.71707E-1 3.96487E-1 3.23877E-1 1.79581E-1 4.82938E-2 1.64479E-2 1.45502E-2 1.32215E-1 4.19946E-1 3.64214E-1 3.09017E-1 2.07018E-1 1.02899E-1 2.80267E-2 9.37105E-3 4.8265E-3 3.61175E-3 2.61616E-3 1.28141E-3 7.17529E-4 9.41302E-4 1.07056E-3 2.75062E-3
-9999 -9999 -9999 -9999 -9999 -9999 -9999 -9999 -9999 -9999 -9999 -9999 -9999 -9999 -9999 -9999 -9999 -9999 -9999 -9999 -9999 -9999 9.10164E-1 9.80317E-1 9.67884E-1 9.86411E-1 9.70371E-1 9.09004E-1 8.42033E-1 9.58145E-1 9.6305E-1 9.39833E-1 9.62461E-1 9.91578E-1 9.96965E-1 9.94621E-1 9.45397E-1 6.60934E-1 5.79632E-1 4.75457E-1 6.7647E-1 8.69078E-1 7.64019E-1 8.53085E-1 9.03324E-1 8.80879E-1 6.05248E-1 3.71176E-1 4.36087E-1 3.35671E-1 3.28372E-1 4.09896E-1 2.43897E-1 1.33005E-1 1.95632E-2 2.06438E-3 4.43686E-3 4.66781E-2 2.30249E-1 4.52422E-1 4.18884E-1 1.3902E-1 5.58077E-2 2.10969E-2 9.27361E-3 4.81927E-3 2.74278E-3 2.20734E-3 3.05055E-3 2.64638E-3 4.5297E-3 6.80745E-3 4.63419E-3
