ENM/Final_Models/M_0.9_F_q_Set_1_EC/Gustavia_santanderiensis_Choco_max.asc
ncols         367
nrows         963
xllcorner     -78.6
yllcorner     0.65
cellsize      0.00833333333333323
NODATA_value  -9999
[rows 455 to 489 of 963, columns 231 to 307 of 367]
1E0 1E0 1E0 1E0 1E0 1E0 1E0 1E0 1E0 1E0 1E0 1E0 1E0 1E0 9.99127E-1 6.22873E-1 1.50641E-1 2.00193E-2 5.39839E-2 2.95073E-2 2.34847E-1 5.34506E-1 8.08301E-1 9.99479E-1 9.99999E-1 9.99897E-1 1.29038E-1 9.40949E-1 3.165E-1 2.25861E-1 5.77785E-1 5.37682E-1 3.901E-1 3.61299E-1 1.97572E-1 1.14165E-1 5.31582E-3 1.16359E-2 8.04976E-2 1.89976E-1 8.82161E-2 3.52052E-1 9.96436E-1 9.98593E-1 7.75868E-1 9.99699E-1 7.99555E-1 1.63575E-1 8.78935E-2 1.09822E-1 1.33148E-1 3.29989E-1 1.85865E-1 3.43843E-1 7.72799E-1 4.19257E-1 5.855E-1 1.42944E-1 4.96135E-2 -9999 -9999 -9999 -9999 -9999 -9999 -9999 -9999 -9999 -9999 -9999 -9999 -9999 -9999 -9999 -9999 -9999 -9999
1E0 1E0 1E0 1E0 1E0 1E0 1E0 1E0 1E0 1E0 1E0 1E0 1E0 1E0 5.65034E-1 3.09602E-1 7.9004E-2 1.30655E-1 2.42241E-2 8.25476E-2 5.95427E-2 2.64698E-1 9.29582E-1 1E0 1E0 1E0 4.14272E-1 6.91942E-1 6.15523E-1 7.81441E-1 8.89224E-1 6.19882E-1 5.54212E-1 6.86926E-1 7.11845E-1 2.23012E-1 3.70866E-1 1.46236E-1 9.0368E-2 1.08966E-2 6.92476E-2 4.77931E-2 4.00436E-1 9.99866E-1 9.99961E-1 9.14331E-1 9.99893E-1 5.46773E-1 9.99167E-1 9.99344E-1 4.47795E-1 8.90691E-1 1.51391E-1 8.71483E-2 4.95088E-1 5.05309E-1 4.9802E-1 6.28723E-1 3.72108E-2 -9999 -9999 -9999 -9999 -9999 -9999 -9999 -9999 -9999 -9999 -9999 -9999 -9999 -9999 -9999 -9999 -9999 -9999
1E0 1E0 1E0 1E0 1E0 1E0 1E0 1E0 1E0 1E0 1E0 1E0 1E0 1E0 4.64197E-1 4.97688E-2 7.61978E-2 8.01196E-2 4.91243E-2 4.38432E-1 2.17177E-1 4.55367E-1 6.8491E-1 9.99835E-1 1E0 1E0 2.57451E-1 6.96678E-1 8.14859E-1 8.26294E-1 7.33097E-1 6.42871E-1 6.57886E-1 8.75371E-1 7.45051E-1 4.30003E-1 4.27846E-1 6.16853E-1 1.11918E-1 7.82505E-2 6.14138E-2 5.76248E-2 9.99988E-1 6.26956E-1 9.46903E-1 1E0 9.99993E-1 9.83731E-1 5.54265E-1 2.34628E-1 3.39158E-1 7.23887E-1 8.86098E-1 5.98994E-1 4.68487E-1 3.05259E-1 3.21034E-1 8.23395E-1 5.12505E-2 -9999 -9999 -9999 -9999 -9999 -9999 -9999 -9999 -9999 -9999 -9999 -9999 -9999 -9999 -9999 -9999 -9999 -9999
1E0 1E0 1E0 1E0 1E0 1E0 1E0 1E0 1E0 1E0 1E0 1E0 1E0 7.97135E-1 8.99439E-2 2.41781E-2 4.38566E-2 4.32447E-2 2.9116E-1 7.80334E-1 5.79453E-1 5.42221E-1 9.9225E-1 9.99987E-1 1E0 1E0 5.33147E-2 6.19366E-1 4.66543E-1 8.89466E-1 9.35443E-1 6.225E-1 3.52496E-1 1.71642E-1 3.59908E-1 8.02015E-1 7.55889E-1 5.17776E-1 3.02494E-1 1.16395E-1 1.89835E-2 3.45219E-2 9.95729E-1 6.12315E-1 1E0 1E0 1E0 9.63182E-1 3.39407E-1 5.58314E-2 3.14909E-1 9.25706E-1 1E0 1.40535E-1 7.14165E-2 3.49518E-2 9.08053E-2 3.70164E-1 5.25203E-2 -9999 -9999 -9999 -9999 -9999 -9999 -9999 -9999 -9999 -9999 -9999 -9999 -9999 -9999 -9999 -9999 -9999 -9999
1E0 1E0 1E0 1E0 1E0 1E0 1E0 1E0 1E0 1E0 1E0 1E0 6.13531E-1 1.95045E-2 1.32452E-2 4.58058E-2 2.04314E-1 2.70695E-1 3.34295E-2 2.01164E-1 5.06224E-1 9.68999E-1 2.80228E-2 4.02837E-1 9.99999E-1 1E0 2.83516E-1 2.25267E-1 5.29841E-1 3.12215E-1 3.96914E-1 4.99356E-1 3.00304E-1 4.99766E-1 2.82128E-1 4.03321E-1 6.22448E-1 7.92669E-1 4.20584E-1 8.58047E-2 1.03016E-1 1.65397E-1 9.99952E-1 8.98332E-1 9.90372E-1 1E0 9.92664E-1 1.53901E-1 6.69568E-2 5.55025E-3 1.43816E-1 8.35401E-1 9.99996E-1 4.55609E-1 2.72797E-2 2.99624E-2 7.9403E-2 6.33976E-2 3.51745E-2 1.31078E-2 -9999 -9999 -9999 -9999 -9999 -9999 -9999 -9999 -9999 -9999 -9999 -9999 -9999 -9999 -9999 -9999 -9999
1E0 1E0 1E0 1E0 1E0 1E0 1E0 1E0 1E0 1E0 1E0 9.99482E-1 4.81141E-1 3.19498E-2 2.39555E-2 2.14492E-2 1.49294E-1 2.12965E-1 1.99737E-1 3.61865E-1 4.27412E-1 9.52343E-1 9.38955E-1 9.99979E-1 1E0 1.75274E-1 1.16344E-1 9.99555E-2 5.1953E-2 4.63144E-2 1.028E-2 1.17954E-2 8.23223E-1 5.05147E-1 6.28812E-2 3.40495E-2 7.05689E-2 2.09594E-1 4.3259E-2 6.66429E-1 9.98848E-1 8.81178E-1 6.419E-1 7.53921E-1 4.30415E-1 9.43085E-1 3.9966E-1 2.20597E-1 2.70871E-1 2.6647E-2 1.28478E-1 1.60419E-1 1.74466E-1 3.66878E-1 3.133E-2 4.39065E-2 8.27454E-2 1.97156E-2 1.2966E-2 4.9024E-2 -9999 -9999 -9999 -9999 -9999 -9999 -9999 -9999 -9999 -9999 -9999 -9999 -9999 -9999 -9999 -9999 -9999
1E0 1E0 1E0 1E0 1E0 1E0 1E0 1E0 1E0 1E0 1E0 9.99999E-1 1.95285E-1 2.30946E-2 4.26536E-2 4.73315E-1 3.46351E-1 6.95814E-1 3.57752E-1 2.43488E-1 2.28136E-1 2.19454E-1 5.72666E-1 9.899E-1 1E0 9.91869E-1 4.37493E-1 5.02487E-1 5.0589E-1 3.3184E-2 3.06016E-2 6.41284E-2 3.39191E-1 4.26733E-1 2.76315E-1 8.14062E-2 1.6326E-1 2.96079E-1 9.99996E-1 8.49104E-1 6.36578E-1 4.59059E-1 3.78531E-1 1.27011E-1 8.32721E-2 1.93378E-1 3.71102E-1 3.70124E-1 1.70411E-1 6.26386E-2 5.06709E-2 5.89882E-2 2.84939E-2 7.99555E-2 6.68676E-2 6.90138E-2 4.79371E-2 1.86083E-2 1.569E-2 2.1032E-2 -9999 -9999 -9999 -9999 -9999 -9999 -9999 -9999 -9999 -9999 -9999 -9999 -9999 -9999 -9999 -9999 -9999
1E0 1E0 1E0 1E0 1E0 1E0 1E0 1E0 1E0 1E0 1E0 1E0 5.0785E-1 6.20951E-2 2.0497E-1 4.50852E-1 4.90631E-1 8.72088E-1 4.18497E-1 1.39477E-1 3.42866E-2 5.29185E-1 9.58985E-1 9.99996E-1 1E0 9.99972E-1 4.44408E-1 3.28156E-1 7.51254E-1 1.47739E-1 1.15572E-1 1.85385E-2 3.66891E-2 1.03284E-1 8.38755E-2 1.16585E-1 4.97366E-2 2.2173E-1 9.89948E-1 7.69747E-1 7.79922E-1 2.10742E-1 1.76068E-1 1.43288E-1 2.35823E-1 1.41559E-1 1.20594E-1 1.00127E-1 3.58906E-2 1.39204E-2 4.30974E-2 1.69877E-1 1.95901E-2 3.39078E-2 2.31882E-2 2.45183E-2 7.83218E-2 3.27638E-2 6.96841E-2 6.55201E-2 -9999 -9999 -9999 -9999 -9999 -9999 -9999 -9999 -9999 -9999 -9999 -9999 -9999 -9999 -9999 -9999 -9999
1E0 1E0 1E0 1E0 1E0 1E0 1E0 1E0 1E0 1E0 9.97204E-1 9.86145E-1 2.18746E-1 4.06978E-2 1.98726E-1 5.13822E-1 3.19951E-1 7.51969E-1 6.41235E-1 2.338E-1 1.3756E-1 5.82648E-1 9.99894E-1 9.99949E-1 1E0 1E0 3.00414E-2 2.98492E-1 3.78141E-1 6.92868E-1 7.31537E-1 7.42782E-2 1.30221E-1 2.18807E-1 2.619E-2 5.97067E-2 5.8649E-2 5.39785E-2 1E0 5.44789E-1 9.51541E-1 3.02042E-1 2.5625E-1 9.45137E-1 4.89189E-1 6.06276E-1 1.04299E-1 1.50339E-1 5.02555E-2 2.00613E-2 3.3129E-2 3.23373E-2 1.47708E-2 8.27663E-3 1.52688E-2 6.76645E-3 3.63049E-2 2.76838E-2 1.71256E-2 1.148E-2 -9999 -9999 -9999 -9999 -9999 -9999 -9999 -9999 -9999 -9999 -9999 -9999 -9999 -9999 -9999 -9999 -9999
1E0 1E0 1E0 1E0 1E0 1E0 1E0 1E0 1E0 1E0 9.90667E-1 8.78105E-1 3.33687E-2 2.42686E-2 1.69363E-1 6.26291E-1 5.10862E-1 6.04355E-1 4.75121E-1 1.5473E-1 3.00227E-1 5.77589E-1 8.71783E-1 9.99996E-1 1E0 1E0 9.99987E-1 3.60503E-2 2.38472E-1 7.69125E-1 5.98229E-1 3.04058E-1 1.73852E-1 9.70639E-2 1.31163E-1 9.18618E-2 5.24559E-2 1.1101E-1 2.8386E-1 3.93885E-1 3.07375E-1 4.42408E-1 6.99293E-1 5.70322E-1 2.84106E-1 1.46421E-1 5.56428E-2 2.96804E-2 1.72021E-2 1.79637E-2 4.95761E-3 9.40384E-3 1.78554E-3 5.05692E-3 4.3959E-3 6.72932E-3 9.50575E-3 8.18744E-2 3.99573E-3 4.53379E-2 -9999 -9999 -9999 -9999 -9999 -9999 -9999 -9999 -9999 -9999 -9999 -9999 -9999 -9999 -9999 -9999 -9999
1E0 1E0 1E0 1E0 1E0 1E0 1E0 1E0 1E0 1E0 1E0 5.82117E-1 2.94775E-2 4.14352E-2 4.62015E-2 5.99766E-1 4.39772E-1 3.18146E-1 1.26541E-1 1.17368E-2 1.8902E-2 1.13858E-2 1.14167E-1 8.1254E-1 9.52413E-1 8.95591E-1 1E0 1E0 7.90137E-1 8.43837E-2 1.77834E-1 1.5917E-1 1.3475E-1 1.17707E-1 1.17091E-1 9.67986E-2 1.10034E-1 2.00998E-2 8.26403E-2 3.27914E-1 3.98304E-1 2.74805E-1 1.50589E-1 2.32343E-1 6.02769E-1 9.92433E-1 2.12436E-2 1.65442E-2 9.37466E-3 4.85646E-4 1.24064E-3 3.40907E-3 2.64994E-3 6.72354E-3 4.23395E-2 1.90932E-2 1.15873E-1 4.3937E-2 2.68171E-2 4.49728E-2 -9999 -9999 -9999 -9999 -9999 -9999 -9999 -9999 -9999 -9999 -9999 -9999 -9999 -9999 -9999 -9999 -9999
1E0 1E0 1E0 1E0 1E0 1E0 1E0 1E0 1E0 1E0 1E0 9.8631E-1 8.29834E-2 5.2324E-2 3.71506E-2 5.11611E-1 7.73361E-1 4.60342E-1 4.27756E-2 5.46288E-2 2.57251E-3 5.59884E-3 1.37707E-2 5.0222E-2 3.57459E-1 5.57694E-1 9.30127E-1 9.99893E-1 9.83938E-1 7.31117E-2 3.38474E-2 5.856E-2 1.04977E-1 1.82657E-1 1.73968E-1 5.45768E-1 1.73989E-1 3.74821E-1 1.00103E-1 1.54217E-1 1.84062E-1 1.99864E-1 5.48445E-1 4.97557E-1 2.63269E-1 4.12471E-1 2.24353E-1 1.0572E-2 1.20292E-2 9.01413E-3 2.20762E-3 5.35364E-3 3.24726E-3 1.85747E-2 1.32047E-2 5.1539E-2 6.62803E-2 2.08095E-2 1.88258E-2 -9999 -9999 -9999 -9999 -9999 -9999 -9999 -9999 -9999 -9999 -9999 -9999 -9999 -9999 -9999 -9999 -9999 -9999
1E0 1E0 1E0 1E0 1E0 1E0 1E0 1E0 1E0 1E0 1E0 2.78741E-1 9.68354E-2 6.64943E-2 6.00338E-2 2.87428E-1 9.88657E-1 6.61861E-1 5.42857E-1 2.44003E-2 5.6521E-3 1.40533E-3 6.63558E-3 1.0548E-1 1.95912E-1 4.70811E-1 5.03186E-1 9.11789E-1 8.95381E-1 5.93464E-2 6.17011E-2 4.76286E-2 1.07338E-1 9.71511E-2 6.97404E-1 4.54652E-1 9.94441E-1 5.41225E-1 9.08957E-1 6.91856E-1 9.96198E-1 3.49356E-1 3.83816E-1 4.59956E-1 4.34319E-1 1.43806E-1 1.75333E-1 1.45001E-2 2.02851E-3 6.24814E-3 1.88977E-2 8.32758E-3 6.65539E-3 1.56701E-2 1.17662E-2 1.66624E-2 8.41662E-3 5.74942E-2 1.31538E-2 -9999 -9999 -9999 -9999 -9999 -9999 -9999 -9999 -9999 -9999 -9999 -9999 -9999 -9999 -9999 -9999 -9999 -9999
1E0 1E0 1E0 1E0 1E0 1E0 1E0 1E0 1E0 1E0 1E0 4.32898E-1 2.07303E-1 6.59788E-2 6.11055E-2 2.22194E-1 9.95439E-1 1E0 8.02156E-1 8.43198E-2 8.78991E-3 2.86505E-3 6.67491E-3 3.05547E-1 1.09192E-1 1.46548E-1 4.24841E-1 6.77746E-1 8.58905E-1 9.89416E-2 1.05053E-1 1.04092E-1 1.08789E-1 2.78178E-1 9.99538E-1 8.1693E-1 7.2429E-1 3.09586E-1 3.90689E-1 3.87275E-1 4.33974E-1 3.06477E-1 3.41551E-1 3.24083E-1 1.09383E-1 3.69949E-2 5.0128E-3 3.2221E-3 1.28919E-2 1.13229E-2 2.32385E-2 1.96729E-2 1.83143E-2 3.24893E-3 1.1114E-2 5.97719E-2 1.04606E-1 1.50485E-1 2.19741E-2 -9999 -9999 -9999 -9999 -9999 -9999 -9999 -9999 -9999 -9999 -9999 -9999 -9999 -9999 -9999 -9999 -9999 -9999
1E0 1E0 1E0 1E0 1E0 1E0 1E0 1E0 1E0 1E0 1E0 3.66002E-1 2.04675E-1 4.31922E-2 2.72664E-2 3.48659E-1 9.80777E-1 3.70482E-1 5.83129E-1 4.92549E-1 1.50662E-2 4.00167E-3 7.59263E-3 8.01386E-2 8.20055E-2 8.31456E-2 5.44332E-1 7.23388E-1 9.58193E-1 3.43499E-1 1.72468E-1 1.60433E-1 1.43057E-1 1.34288E-1 9.62823E-1 7.80032E-1 3.87675E-1 2.98625E-1 1.19577E-1 8.15297E-2 8.44369E-2 2.35518E-1 1.55508E-1 1.14707E-1 2.01234E-2 1.4563E-2 1.40519E-2 4.15868E-3 1.20028E-2 2.89061E-2 4.97286E-2 2.54392E-2 3.27843E-2 3.20611E-2 2.61794E-2 1.13892E-1 1.29863E-1 1.26255E-1 6.74429E-3 -9999 -9999 -9999 -9999 -9999 -9999 -9999 -9999 -9999 -9999 -9999 -9999 -9999 -9999 -9999 -9999 -9999 -9999
1E0 1E0 1E0 1E0 1E0 1E0 1E0 1E0 1E0 1E0 1E0 3.75525E-1 5.32386E-2 2.87914E-2 1.21571E-1 9.90943E-1 9.99445E-1 1.81524E-2 1.18515E-2 9.21489E-1 2.65749E-1 1.42665E-2 8.27068E-2 1.75769E-1 3.72501E-2 8.02408E-2 3.29199E-2 4.33909E-1 2.2806E-1 9.87416E-1 3.90962E-1 7.29147E-1 2.36808E-1 1.54496E-1 7.8947E-1 2.41136E-1 8.20652E-2 4.78114E-2 4.59604E-2 4.32531E-2 5.08267E-2 1.19993E-1 7.02074E-2 1.8881E-2 7.48189E-3 1.51636E-2 1.37081E-2 1.82755E-2 3.95716E-2 6.17709E-3 1.13738E-2 2.29906E-2 1.88161E-2 4.18084E-2 7.5144E-2 1.38818E-1 2.13154E-1 1.04812E-1 2.51097E-2 -9999 -9999 -9999 -9999 -9999 -9999 -9999 -9999 -9999 -9999 -9999 -9999 -9999 -9999 -9999 -9999 -9999 -9999
1E0 1E0 1E0 1E0 1E0 1E0 1E0 1E0 1E0 1E0 1E0 4.10583E-1 1.76626E-1 1.20136E-1 3.11808E-1 9.98434E-1 1E0 9.999E-1 9.99919E-1 9.88479E-1 2.9787E-1 3.59261E-1 8.01869E-1 8.92341E-1 6.11915E-1 4.83831E-3 7.68933E-2 2.32552E-1 9.97777E-1 9.06931E-1 9.99999E-1 9.99784E-1 9.9826E-1 9.35406E-1 5.57821E-1 2.27257E-1 1.40261E-1 1.38033E-1 1.63424E-1 3.06501E-1 3.68882E-1 5.64903E-1 3.50324E-2 3.90541E-3 2.26754E-3 2.21877E-3 5.13407E-3 1.23968E-2 3.42812E-2 3.74672E-4 1.86385E-2 3.42673E-2 3.26531E-2 3.82243E-2 5.82702E-2 3.94914E-2 2.95954E-2 7.57696E-2 8.02085E-2 -9999 -9999 -9999 -9999 -9999 -9999 -9999 -9999 -9999 -9999 -9999 -9999 -9999 -9999 -9999 -9999 -9999 -9999
1E0 1E0 1E0 1E0 1E0 1E0 1E0 1E0 1E0 1E0 1E0 9.94282E-1 8.22836E-1 1.66048E-1 1.11367E-1 3.25365E-1 9.50336E-1 9.9965E-1 6.74556E-1 1.88765E-1 2.33081E-1 4.40013E-1 9.63513E-1 7.16421E-1 4.07238E-1 3.63283E-2 7.14256E-2 7.71078E-1 9.99999E-1 1E0 1E0 9.99999E-1 9.6391E-1 9.99996E-1 8.54334E-1 6.25729E-1 9.46788E-1 9.46212E-1 6.26613E-1 2.64778E-1 1.44735E-1 1.12154E-2 4.45809E-2 1.61432E-2 1.83492E-2 1.16763E-2 1.00294E-2 7.61272E-3 1.33173E-2 2.05153E-2 4.27256E-2 1.42755E-2 6.36046E-2 1.26766E-1 5.76943E-2 7.45496E-2 7.63283E-2 6.09658E-2 1.20534E-1 -9999 -9999 -9999 -9999 -9999 -9999 -9999 -9999 -9999 -9999 -9999 -9999 -9999 -9999 -9999 -9999 -9999 -9999
1E0 1E0 1E0 1E0 1E0 1E0 1E0 1E0 1E0 1E0 1E0 8.95406E-1 4.9551E-1 1.91322E-1 6.87354E-1 9.86004E-1 9.90803E-1 9.44519E-1 4.82437E-1 1.6257E-1 4.12703E-1 7.7296E-1 1E0 9.99986E-1 8.31047E-1 2.9426E-1 4.18959E-1 9.99998E-1 1E0 1E0 1E0 1E0 1E0 8.70407E-1 4.67565E-1 1.94054E-1 7.01653E-1 4.32866E-1 8.10801E-1 7.33267E-1 3.35327E-1 7.64607E-1 5.4313E-1 6.16287E-1 9.4796E-2 1.12391E-2 8.46164E-3 2.18686E-2 3.04683E-2 3.6515E-2 1.86223E-2 1.67077E-2 7.56787E-4 7.68587E-2 1.16094E-1 7.18649E-2 9.69464E-2 9.85722E-2 1.21469E-1 -9999 -9999 -9999 -9999 -9999 -9999 -9999 -9999 -9999 -9999 -9999 -9999 -9999 -9999 -9999 -9999 -9999 -9999
1E0 1E0 1E0 1E0 1E0 1E0 1E0 1E0 1E0 1E0 1E0 1E0 9.50656E-1 9.97397E-1 1E0 1E0 1E0 1E0 9.99798E-1 1E0 1E0 1E0 1E0 1E0 9.91165E-1 9.99991E-1 9.997E-1 1E0 9.99999E-1 9.7684E-1 1.45759E-1 6.31238E-2 1.76729E-1 2.47835E-1 3.80196E-1 9.76616E-2 2.83452E-1 1.53072E-1 1.05986E-1 6.02042E-2 4.5682E-1 6.47938E-1 6.78033E-1 1.92636E-1 3.8738E-2 3.30674E-2 1.55427E-2 2.24629E-2 1.26762E-2 1.86765E-2 3.06531E-2 2.26855E-2 5.55156E-2 8.80642E-2 6.14318E-2 5.35596E-2 1.38638E-2 4.02286E-2 7.22514E-2 -9999 -9999 -9999 -9999 -9999 -9999 -9999 -9999 -9999 -9999 -9999 -9999 -9999 -9999 -9999 -9999 -9999 -9999
1E0 1E0 1E0 1E0 1E0 1E0 1E0 1E0 1E0 1E0 1E0 1E0 1E0 1E0 1E0 1E0 1E0 1E0 1E0 1E0 1E0 1E0 1E0 1E0 1E0 1E0 1E0 1E0 7.8115E-1 5.74753E-2 2.37247E-1 3.61353E-1 3.11336E-1 2.94614E-1 5.03605E-1 8.46381E-1 2.18771E-1 3.04111E-1 3.40405E-1 2.49151E-1 9.99663E-1 7.69821E-1 7.42666E-1 2.50438E-1 3.57466E-2 8.01805E-2 1.31743E-2 4.77413E-3 4.09446E-3 2.81708E-3 3.50269E-3 1.12759E-2 1.76056E-2 1.81296E-2 3.48932E-2 4.27249E-2 3.75655E-2 5.8283E-2 5.67766E-2 -9999 -9999 -9999 -9999 -9999 -9999 -9999 -9999 -9999 -9999 -9999 -9999 -9999 -9999 -9999 -9999 -9999 -9999
1E0 1E0 1E0 1E0 1E0 1E0 1E0 1E0 1E0 1E0 1E0 1E0 1E0 1E0 1E0 1E0 1E0 1E0 1E0 1E0 1E0 1E0 1E0 1E0 1E0 1E0 1E0 9.83675E-1 1.11496E-1 1.00902E-2 6.9419E-2 1.61673E-1 2.94571E-1 1.26171E-1 9.95894E-1 9.53451E-1 6.32592E-1 7.688E-1 8.40562E-1 9.11495E-1 3.98936E-1 5.31696E-1 3.49125E-1 1.02426E-1 4.62266E-2 7.96729E-3 2.42347E-2 1.5666E-2 8.55845E-3 3.77923E-3 4.89189E-3 7.46557E-3 2.00358E-2 5.70837E-2 1.9714E-2 2.0534E-2 2.56425E-2 2.04367E-2 -9999 -9999 -9999 -9999 -9999 -9999 -9999 -9999 -9999 -9999 -9999 -9999 -9999 -9999 -9999 -9999 -9999 -9999 -9999
1E0 1E0 1E0 1E0 1E0 1E0 1E0 1E0 1E0 1E0 1E0 1E0 1E0 1E0 1E0 1E0 1E0 1E0 1E0 1E0 1E0 1E0 9.92408E-1 7.11762E-1 2.98447E-1 1.54178E-1 2.14014E-2 1.21496E-1 1.60403E-2 2.32237E-1 1.91121E-1 4.43271E-1 3.05599E-1 8.68874E-1 7.59451E-1 4.80669E-1 7.1194E-1 9.9995E-1 9.99957E-1 8.32225E-1 9.15647E-1 3.22439E-1 2.73489E-1 9.31886E-2 2.07045E-2 8.06977E-3 1.56607E-2 3.77791E-2 1.89343E-2 1.1029E-2 7.91711E-3 1.87945E-2 8.07354E-2 3.56523E-2 3.22915E-2 4.15975E-2 1.0834E-2 1.6193E-2 -9999 -9999 -9999 -9999 -9999 -9999 -9999 -9999 -9999 -9999 -9999 -9999 -9999 -9999 -9999 -9999 -9999 -9999 -9999
1E0 1E0 1E0 1E0 1E0 1E0 1E0 1E0 1E0 1E0 1E0 1E0 1E0 1E0 1E0 1E0 1E0 1E0 1E0 9.9999E-1 9.96584E-1 7.22464E-2 3.96555E-2 2.10595E-1 4.12821E-1 3.766E-1 3.59773E-1 5.89437E-1 8.05026E-1 1.01258E-1 2.48637E-1 9.51473E-1 9.02898E-1 1E0 9.86585E-1 5.56941E-1 8.53074E-1 8.94847E-1 8.79406E-1 4.88138E-1 5.23354E-1 2.49305E-1 3.95745E-1 3.46665E-2 4.34895E-2 2.9326E-3 8.41821E-3 1.26005E-2 2.78294E-3 2.42006E-2 8.6688E-3 7.86472E-3 2.54052E-2 4.96058E-2 3.57251E-2 3.43144E-2 9.87958E-2 1.0794E-1 -9999 -9999 -9999 -9999 -9999 -9999 -9999 -9999 -9999 -9999 -9999 -9999 -9999 -9999 -9999 -9999 -9999 -9999 -9999
1E0 1E0 1E0 1E0 1E0 1E0 1E0 1E0 1E0 1E0 1E0 1E0 1E0 9.99996E-1 9.79398E-1 1E0 9.90452E-1 7.58657E-1 6.87476E-1 6.05346E-1 9.19533E-1 3.27784E-2 3.68012E-2 4.28926E-2 3.42124E-2 2.07394E-1 5.97835E-1 8.07207E-1 7.60429E-1 6.73759E-1 6.98109E-1 1E0 1E0 1E0 1E0 1E0 1E0 1E0 1E0 9.99953E-1 9.42489E-1 5.03306E-1 1.04333E-1 8.28355E-2 6.12078E-3 4.15207E-3 6.98452E-3 8.52721E-3 1.8661E-2 1.52279E-2 5.22663E-2 3.44102E-2 3.82951E-2 3.11565E-2 8.53375E-2 4.91261E-2 2.91254E-2 -9999 -9999 -9999 -9999 -9999 -9999 -9999 -9999 -9999 -9999 -9999 -9999 -9999 -9999 -9999 -9999 -9999 -9999 -9999 -9999
1E0 1E0 1E0 1E0 1E0 1E0 1E0 1E0 1E0 1E0 9.99999E-1 9.84106E-1 9.55784E-1 9.16811E-1 9.94609E-1 9.23928E-1 9.65491E-1 9.16226E-1 9.06949E-1 7.89671E-1 5.89428E-1 4.41981E-1 3.64627E-1 8.71629E-2 2.07726E-1 1.49616E-1 3.63551E-1 6.84179E-1 1.91966E-1 9.92579E-1 1E0 1E0 1E0 8.2684E-1 4.12046E-1 7.31365E-1 1E0 1E0 7.93368E-1 7.54198E-1 9.72517E-1 2.10066E-1 2.20631E-2 4.49339E-2 1.41702E-2 2.67086E-3 1.37745E-2 1.33794E-2 2.34732E-2 6.47214E-3 1.28358E-2 2.28102E-2 4.2315E-2 1.76977E-2 3.18754E-2 2.90145E-2 2.80869E-2 -9999 -9999 -9999 -9999 -9999 -9999 -9999 -9999 -9999 -9999 -9999 -9999 -9999 -9999 -9999 -9999 -9999 -9999 -9999 -9999
1E0 1E0 1E0 1E0 1E0 1E0 1E0 1E0 9.99997E-1 1E0 9.92652E-1 9.99999E-1 7.0396E-1 9.43571E-1 9.99948E-1 9.83451E-1 3.45638E-1 2.09585E-1 9.52502E-1 9.62648E-1 9.72598E-1 9.99967E-1 1.41648E-1 4.92118E-1 4.97554E-1 3.66608E-1 1.91385E-1 5.64134E-1 3.67518E-1 9.81238E-1 9.99967E-1 1E0 1E0 9.6299E-1 4.07272E-1 9.22432E-1 1E0 1E0 9.77882E-1 6.43792E-1 4.98494E-1 3.63891E-2 5.89799E-2 3.62164E-2 1.67427E-2 2.23516E-2 1.29486E-2 1.35815E-2 1.0135E-2 1.68732E-2 4.82786E-2 4.58428E-2 2.12914E-2 4.63404E-2 2.86323E-2 8.0674E-2 1.23751E-1 -9999 -9999 -9999 -9999 -9999 -9999 -9999 -9999 -9999 -9999 -9999 -9999 -9999 -9999 -9999 -9999 -9999 -9999 -9999 -9999
1E0 1E0 1E0 1E0 1E0 1E0 1E0 1E0 1E0 9.99871E-1 9.9998E-1 1E0 9.99722E-1 9.99999E-1 9.99961E-1 9.92527E-1 9.94927E-1 7.04397E-1 5.68187E-1 5.98471E-1 1E0 9.99858E-1 1E0 1E0 1E0 7.52333E-1 9.0824E-1 9.88814E-1 8.09974E-1 9.99978E-1 9.99925E-1 1E0 1E0 9.99875E-1 9.9984E-1 1E0 1E0 1E0 9.99685E-1 9.82569E-1 9.91009E-1 6.38823E-2 3.21022E-2 4.45308E-2 1.47013E-2 1.15607E-2 5.69896E-3 1.2694E-2 1.62139E-2 3.60508E-2 7.24676E-3 1.22083E-2 4.31011E-2 5.68779E-2 3.98526E-2 1.37177E-1 1.08634E-1 -9999 -9999 -9999 -9999 -9999 -9999 -9999 -9999 -9999 -9999 -9999 -9999 -9999 -9999 -9999 -9999 -9999 -9999 -9999 -9999
1E0 1E0 1E0 1E0 1E0 1E0 1E0 1E0 9.99847E-1 9.99749E-1 9.99101E-1 1E0 1E0 9.7752E-1 9.99995E-1 1E0 1E0 1E0 1E0 1E0 1E0 1E0 1E0 1E0 1E0 1E0 1E0 1E0 9.99996E-1 9.95608E-1 9.71248E-1 1E0 1E0 9.99995E-1 2.96582E-1 1.98518E-1 1.71438E-1 1.64558E-1 2.07738E-1 4.51147E-1 7.27844E-1 4.31388E-1 1.91149E-1 7.47793E-2 9.06707E-3 3.84253E-2 2.00749E-2 1.19622E-2 1.15488E-2 2.69338E-2 3.52852E-2 4.99363E-2 5.53482E-3 6.49774E-2 2.66767E-2 1.01652E-1 1.30127E-1 -9999 -9999 -9999 -9999 -9999 -9999 -9999 -9999 -9999 -9999 -9999 -9999 -9999 -9999 -9999 -9999 -9999 -9999 -9999 -9999
1E0 1E0 1E0 1E0 1E0 1E0 1E0 1E0 9.99999E-1 1E0 1E0 1E0 1E0 9.99945E-1 1E0 1E0 1E0 1E0 1E0 1E0 1E0 1E0 1E0 1E0 1E0 1E0 1E0 1E0 1E0 1E0 1E0 1E0 8.05003E-1 8.17358E-1 1E0 4.42243E-1 4.2487E-1 9.98748E-1 9.72463E-1 9.7126E-1 5.83029E-1 1.26776E-1 5.06079E-1 3.30507E-3 4.11891E-2 3.09221E-2 3.07509E-2 3.07969E-2 4.32484E-2 4.14628E-2 3.78023E-2 6.67317E-2 2.92395E-2 5.66193E-2 5.61861E-2 1.81174E-1 8.59171E-2 -9999 -9999 -9999 -9999 -9999 -9999 -9999 -9999 -9999 -9999 -9999 -9999 -9999 -9999 -9999 -9999 -9999 -9999 -9999 -9999
1E0 1E0 1E0 1E0 1E0 1E0 1E0 1E0 1E0 1E0 1E0 1E0 1E0 1E0 1E0 1E0 1E0 1E0 1E0 1E0 1E0 1E0 1E0 1E0 1E0 9.99979E-1 1E0 1E0 1E0 9.48973E-1 9.99145E-1 9.91402E-1 9.95225E-1 1E0 9.99972E-1 9.99994E-1 9.83803E-1 1E0 1E0 9.99998E-1 4.06072E-1 1.05508E-1 9.31451E-3 8.92794E-3 2.88751E-2 8.13355E-2 1.94318E-2 3.7974E-2 1.09125E-2 1.81339E-2 8.7328E-2 2.97811E-2 7.03207E-2 9.37115E-2 5.00329E-2 9.19765E-2 1.31824E-1 -9999 -9999 -9999 -9999 -9999 -9999 -9999 -9999 -9999 -9999 -9999 -9999 -9999 -9999 -9999 -9999 -9999 -9999 -9999 -9999
1E0 1E0 1E0 1E0 1E0 1E0 1E0 1E0 1E0 1E0 1E0 1E0 1E0 1E0 1E0 1E0 1E0 1E0 1E0 1E0 1E0 1E0 1E0 1E0 1E0 1E0 1E0 9.99999E-1 1E0 1E0 9.39099E-1 7.70845E-1 5.46671E-1 6.20589E-1 7.1547E-1 1E0 9.80901E-1 9.95569E-1 6.04955E-1 4.88761E-1 5.81355E-1 1.06745E-1 3.69256E-2 2.75509E-2 2.08642E-2 1.20428E-2 1.72196E-2 1.31603E-2 2.33944E-2 6.00024E-2 3.66106E-2 1.10107E-1 1.00403E-1 2.52081E-2 4.79207E-2 8.40544E-2 1.06558E-1 -9999 -9999 -9999 -9999 -9999 -9999 -9999 -9999 -9999 -9999 -9999 -9999 -9999 -9999 -9999 -9999 -9999 -9999 -9999 -9999
1E0 1E0 1E0 1E0 1E0 1E0 1E0 1E0 1E0 9.99995E-1 9.99927E-1 9.99343E-1 1E0 1E0 1E0 1E0 1E0 1E0 1E0 1E0 1E0 9.76084E-1 3.20381E-1 5.53571E-1 9.68416E-1 9.81985E-1 8.97576E-1 4.01403E-1 3.44804E-1 7.49727E-1 9.91438E-1 9.98014E-1 3.83971E-1 3.64793E-1 2.84205E-1 9.84953E-1 8.63307E-1 5.29081E-1 3.54509E-1 1.08191E-1 1.09691E-1 2.04503E-1 1.96553E-2 1.43781E-2 8.41777E-2 1.28191E-1 7.42376E-2 3.17547E-2 2.8228E-2 2.97495E-2 5.68388E-2 1.08132E-1 1.24406E-1 1.85377E-1 1.75255E-1 4.25381E-2 3.93868E-2 -9999 -9999 -9999 -9999 -9999 -9999 -9999 -9999 -9999 -9999 -9999 -9999 -9999 -9999 -9999 -9999 -9999 -9999 -9999 -9999
1E0 1E0 1E0 1E0 1E0 1E0 1E0 1E0 1E0 1E0 9.99785E-1 9.99592E-1 1E0 1E0 1E0 1E0 1E0 1E0 1E0 1E0 1E0 1E0 3.6193E-1 2.16797E-1 1.91185E-1 3.44524E-1 1.67958E-1 1.30556E-1 1.12259E-1 8.88036E-1 9.99519E-1 1E0 9.62684E-1 5.11726E-1 3.53814E-1 9.99999E-1 9.46008E-1 9.41093E-1 5.16937E-1 1.8234E-1 7.88199E-2 7.14072E-3 8.50596E-3 2.01192E-2 8.96652E-2 1.72121E-1 1.51781E-1 2.15503E-2 5.1046E-2 1.42847E-1 1.74472E-1 1.57168E-1 1.19972E-1 1.61416E-1 8.04937E-2 9.05071E-2 -9999 -9999 -9999 -9999 -9999 -9999 -9999 -9999 -9999 -9999 -9999 -9999 -9999 -9999 -9999 -9999 -9999 -9999 -9999 -9999 -9999
1E0 1E0 1E0 1E0 1E0 1E0 1E0 1E0 1E0 1E0 9.99998E-1 9.99779E-1 1E0 1E0 1E0 1E0 1E0 1E0 1E0 1E0 1E0 1E0 1E0 9.90941E-1 3.00502E-1 1.26389E-1 3.45522E-2 2.51472E-2 1.13556E-1 9.91145E-1 1E0 1E0 1E0 9.99742E-1 9.12453E-1 9.98708E-1 7.24121E-1 4.83038E-1 8.37448E-2 4.5586E-2 1.89469E-2 8.79452E-3 1.62307E-2 2.83236E-2 7.09924E-2 5.50885E-2 6.01017E-2 4.89514E-2 6.26683E-2 2.40548E-1 1.14826E-1 7.82968E-2 5.80559E-2 1.03895E-1 1.96992E-2 5.82762E-2 -9999 -9999 -9999 -9999 -9999 -9999 -9999 -9999 -9999 -9999 -9999 -9999 -9999 -9999 -9999 -9999 -9999 -9999 -9999 -9999 -9999
