ENM/Final_Models/M_0.9_F_q_Set_1_EC/Gustavia_santanderiensis_9_Choco.asc
ncols         367
nrows         963
xllcorner     -78.6
yllcorner     0.65
cellsize      0.00833333333333323
NODATA_value  -9999
[rows 384 to 415 of 963, columns 146 to 218 of 367]
9.79426E-1 9.92315E-1 9.75968E-1 9.99719E-1 9.9996E-1 9.99999E-1 3.50255E-1 1.0942E-1 5.73446E-1 9.93239E-1 8.84166E-1 9.95035E-1 9.23964E-1 8.90789E-1 5.39461E-1 6.65639E-1 7.25087E-1 6.84651E-1 1.5293E-1 7.89713E-2 4.9631E-2 1.14563E-2 3.26555E-2 9.57938E-2 3.57798E-1 2.55802E-1 9.76401E-1 9.99998E-1 1E0 9.99962E-1 9.99928E-1 9.99914E-1 9.99024E-1 9.97948E-1 9.99976E-1 9.99987E-1 9.99872E-1 9.9921E-1 9.99952E-1 9.99999E-1 9.99786E-1 9.97722E-1 9.84991E-1 9.99999E-1 9.99634E-1 9.99877E-1 9.99863E-1 9.99951E-1 9.57957E-1 9.9971E-1 9.99996E-1 1E0 9.99951E-1 9.99999E-1 1E0 1E0 1E0 9.99996E-1 1E0 9.99984E-1 1E0 1E0 1E0 1E0 1E0 1E0 1E0 1E0 1E0 1E0 1E0 1E0 1E0
9.35225E-1 9.98032E-1 9.99992E-1 9.99418E-1 9.99869E-1 9.85069E-1 6.74241E-1 1.6587E-1 4.52387E-1 8.37285E-1 9.91276E-1 8.93882E-1 4.79008E-1 2.11265E-1 2.02767E-1 2.30723E-1 4.74332E-1 1.61574E-1 1.11361E-2 1.2027E-2 2.28194E-3 5.70761E-3 4.78123E-2 7.02551E-2 5.73803E-2 6.77859E-1 9.876E-1 9.9993E-1 9.99999E-1 9.99908E-1 9.99825E-1 9.95858E-1 9.76247E-1 9.43511E-1 9.97389E-1 9.66537E-1 9.96178E-1 9.99693E-1 9.99764E-1 9.99962E-1 9.99293E-1 9.79793E-1 9.88916E-1 9.9616E-1 9.99732E-1 9.99975E-1 9.98328E-1 9.99277E-1 9.93026E-1 9.99739E-1 1E0 1E0 9.99999E-1 1E0 1E0 1E0 1E0 1E0 1E0 9.99992E-1 9.99999E-1 9.99997E-1 1E0 1E0 1E0 1E0 1E0 1E0 1E0 1E0 1E0 1E0 1E0
8.19987E-1 8.93656E-1 9.82974E-1 1E0 9.87443E-1 6.76031E-1 1.93841E-1 9.71642E-2 2.90502E-1 8.49358E-1 9.81214E-1 8.26962E-1 2.66902E-1 3.40789E-2 3.11114E-2 7.73347E-2 6.52854E-2 4.9352E-2 2.76258E-3 2.05174E-3 3.23673E-3 4.58907E-3 4.56103E-2 2.7394E-1 5.18805E-1 9.42131E-1 9.97099E-1 9.99027E-1 9.99994E-1 9.99673E-1 9.92699E-1 9.8352E-1 9.36798E-1 9.81281E-1 9.93627E-1 9.97297E-1 9.99964E-1 1E0 1E0 1E0 9.99822E-1 9.64708E-1 9.80445E-1 9.90026E-1 9.98349E-1 9.99704E-1 9.97033E-1 9.85665E-1 9.98954E-1 9.95104E-1 1E0 1E0 1E0 1E0 1E0 1E0 1E0 1E0 1E0 1E0 1E0 1E0 1E0 1E0 1E0 1E0 1E0 1E0 1E0 1E0 1E0 1E0 1E0
3.15398E-1 7.78023E-1 8.79131E-1 1E0 9.83705E-1 2.97302E-1 7.95929E-2 7.64128E-3 3.60819E-1 9.98033E-1 9.88152E-1 9.37038E-1 2.33392E-1 4.06542E-2 5.15748E-3 2.05655E-2 1.90047E-2 1.48733E-2 1.0477E-3 4.50099E-4 1.05686E-2 4.92818E-3 7.34431E-2 4.55894E-1 6.08639E-1 9.68142E-1 9.95678E-1 9.92697E-1 9.99997E-1 9.99249E-1 9.87928E-1 9.11124E-1 9.24992E-1 9.78141E-1 9.99897E-1 9.99924E-1 9.99989E-1 1E0 1E0 9.99994E-1 9.9763E-1 9.99604E-1 9.82336E-1 9.9129E-1 9.97045E-1 9.99541E-1 9.99973E-1 9.95935E-1 9.99582E-1 9.99894E-1 9.99996E-1 1E0 1E0 1E0 1E0 1E0 1E0 1E0 1E0 1E0 1E0 1E0 1E0 1E0 1E0 1E0 1E0 1E0 1E0 1E0 1E0 1E0 1E0
6.24625E-1 6.6928E-1 9.45017E-1 9.98474E-1 9.82429E-1 8.52008E-1 1.1101E-1 4.07149E-2 3.35464E-1 9.98029E-1 9.99064E-1 9.87959E-1 1.66101E-1 3.3984E-2 1.51783E-2 1.25429E-2 7.18755E-3 4.62246E-3 1.12587E-3 5.41869E-4 1.02878E-3 1.57519E-2 5.23732E-2 6.02154E-1 8.30086E-1 9.99401E-1 9.99888E-1 9.98517E-1 9.96828E-1 9.38389E-1 9.37339E-1 8.37417E-1 8.48083E-1 9.96022E-1 9.97419E-1 9.99028E-1 9.9995E-1 9.99996E-1 1E0 1E0 9.9796E-1 9.98823E-1 9.33536E-1 9.95035E-1 9.9988E-1 9.96907E-1 9.99868E-1 1E0 1E0 1E0 9.99999E-1 1E0 1E0 1E0 1E0 1E0 1E0 1E0 1E0 1E0 1E0 1E0 1E0 1E0 1E0 1E0 1E0 1E0 1E0 1E0 1E0 9.99986E-1 1E0
8.30149E-1 5.67338E-1 6.85344E-1 7.92333E-1 2.30083E-1 4.08661E-1 7.04527E-2 9.42535E-2 5.55808E-1 9.58835E-1 9.86613E-1 9.25439E-1 2.73735E-1 1.10754E-2 3.85117E-3 2.4752E-3 5.36366E-3 2.47787E-3 8.96572E-4 5.49163E-4 9.78132E-4 1.1E-2 1.35543E-2 1.73997E-1 5.80519E-1 9.99992E-1 1E0 9.99978E-1 9.93513E-1 9.92254E-1 9.59789E-1 9.57698E-1 9.40058E-1 9.91794E-1 9.98209E-1 9.99094E-1 9.99369E-1 9.99879E-1 9.9959E-1 9.9908E-1 9.98569E-1 9.98601E-1 9.93136E-1 9.98163E-1 9.9946E-1 9.99988E-1 9.99912E-1 1E0 1E0 1E0 1E0 1E0 1E0 1E0 1E0 1E0 1E0 1E0 1E0 1E0 1E0 1E0 1E0 1E0 1E0 1E0 1E0 1E0 1E0 1E0 1E0 9.99998E-1 9.9999E-1
6.45316E-1 9.42329E-1 7.63398E-1 8.22086E-1 1.94224E-1 1.13905E-1 9.41875E-2 1.33678E-1 4.8976E-1 9.49986E-1 9.2118E-1 8.85087E-1 4.48023E-1 7.95223E-2 1.42295E-2 6.39235E-3 1.0048E-3 1.65654E-3 3.58575E-3 8.15206E-3 1.09179E-3 3.13993E-3 2.50949E-2 3.85724E-2 7.30702E-2 9.97457E-1 9.99998E-1 9.99382E-1 9.98274E-1 8.68123E-1 9.53059E-1 9.11531E-1 9.84735E-1 9.90776E-1 9.93826E-1 9.9992E-1 9.96148E-1 9.98921E-1 9.9996E-1 9.99952E-1 9.9784E-1 9.99925E-1 9.80046E-1 9.94363E-1 9.99949E-1 1E0 1E0 1E0 1E0 9.99999E-1 1E0 1E0 1E0 1E0 1E0 1E0 1E0 1E0 1E0 1E0 1E0 1E0 1E0 1E0 1E0 1E0 1E0 1E0 1E0 1E0 1E0 9.99996E-1 1E0
-9999 9.88806E-1 9.98395E-1 9.69061E-1 4.9075E-1 2.69267E-1 2.47141E-1 2.95191E-1 2.81347E-1 6.14443E-1 9.92106E-1 9.49474E-1 9.84923E-1 2.1512E-1 3.97129E-2 4.99386E-3 1.32898E-3 1.09278E-3 4.45005E-4 7.05596E-3 1.56331E-3 1.8541E-3 4.53383E-3 2.08824E-1 4.03448E-1 9.99354E-1 1E0 9.99524E-1 9.9835E-1 9.35587E-1 9.08664E-1 8.49437E-1 9.26978E-1 9.94029E-1 9.67605E-1 9.98718E-1 9.99546E-1 9.99592E-1 9.83799E-1 9.7998E-1 9.96749E-1 9.94955E-1 9.99992E-1 1E0 1E0 1E0 1E0 1E0 1E0 1E0 1E0 1E0 1E0 1E0 1E0 1E0 1E0 1E0 1E0 1E0 1E0 1E0 1E0 1E0 1E0 1E0 1E0 1E0 1E0 1E0 1E0 1E0 1E0
-9999 6.91691E-1 8.48631E-1 5.38918E-1 8.7284E-1 8.64889E-1 4.02127E-1 7.32103E-1 6.554E-1 7.6387E-1 9.61237E-1 9.77629E-1 9.54302E-1 6.2195E-1 1.87986E-1 5.61371E-3 1.30769E-3 3.24462E-3 3.57044E-3 2.3598E-2 5.95306E-2 7.20581E-2 2.01581E-1 9.61265E-1 9.97755E-1 1E0 9.99878E-1 9.9836E-1 9.98461E-1 8.73654E-1 8.81699E-1 9.07941E-1 9.99927E-1 9.99779E-1 9.99629E-1 9.99751E-1 9.99671E-1 9.99222E-1 9.98255E-1 9.76836E-1 9.96998E-1 9.99945E-1 9.99999E-1 1E0 1E0 1E0 1E0 1E0 1E0 1E0 1E0 1E0 1E0 1E0 1E0 1E0 1E0 1E0 1E0 1E0 9.99996E-1 1E0 1E0 1E0 1E0 1E0 1E0 1E0 1E0 1E0 9.99999E-1 1E0 1E0
-9999 -9999 -9999 4.59899E-1 5.59986E-1 8.24085E-1 3.1477E-1 8.78902E-1 9.80361E-1 8.91778E-1 8.32586E-1 5.7257E-1 9.39742E-1 5.18622E-1 4.43648E-2 6.19348E-3 3.82996E-3 1.40801E-2 1.66676E-2 2.45529E-2 2.08107E-1 1.82215E-1 6.03122E-1 9.99678E-1 1E0 1E0 9.99832E-1 9.77545E-1 9.8151E-1 9.77977E-1 9.86681E-1 9.76891E-1 1E0 9.99987E-1 9.9991E-1 9.64579E-1 9.95337E-1 9.99891E-1 9.99982E-1 9.86229E-1 9.88019E-1 9.95613E-1 9.99935E-1 1E0 1E0 1E0 1E0 1E0 1E0 1E0 1E0 1E0 1E0 1E0 1E0 1E0 1E0 1E0 1E0 1E0 1E0 1E0 1E0 1E0 1E0 1E0 1E0 1E0 1E0 1E0 1E0 9.99949E-1 1E0
-9999 -9999 -9999 -9999 9.85397E-1 8.75445E-1 7.50751E-1 9.84071E-1 9.8778E-1 7.27647E-1 6.1779E-1 4.86528E-1 1.40493E-1 9.4246E-1 3.87923E-1 6.84883E-2 3.08593E-2 3.37328E-2 2.88376E-2 1.02014E-1 2.35509E-1 6.13172E-1 9.87298E-1 9.99971E-1 9.99999E-1 1E0 9.99998E-1 9.94771E-1 9.75946E-1 9.77132E-1 8.86352E-1 9.83429E-1 9.63201E-1 9.99008E-1 9.99996E-1 9.98107E-1 9.9994E-1 9.99993E-1 9.98055E-1 9.98967E-1 9.98721E-1 9.99964E-1 1E0 9.99999E-1 1E0 1E0 1E0 1E0 1E0 1E0 1E0 1E0 1E0 1E0 1E0 1E0 1E0 1E0 1E0 1E0 1E0 1E0 1E0 1E0 1E0 1E0 1E0 9.99913E-1 1E0 1E0 9.99993E-1 1E0 1E0
-9999 -9999 -9999 -9999 -9999 9.99956E-1 9.99859E-1 9.97865E-1 9.83458E-1 9.08044E-1 5.94036E-1 1.45172E-1 9.08738E-2 1.85043E-1 4.13119E-1 6.29745E-1 1.94714E-1 2.31271E-1 1.82883E-1 1.29232E-1 2.26429E-1 3.13971E-1 7.74531E-1 9.68683E-1 9.99796E-1 9.96769E-1 9.99966E-1 9.9227E-1 9.64211E-1 8.25847E-1 8.20107E-1 8.61846E-1 9.72848E-1 9.72821E-1 9.89884E-1 9.99827E-1 9.9999E-1 9.99995E-1 9.99986E-1 9.99928E-1 9.99943E-1 9.9998E-1 1E0 9.99883E-1 9.99995E-1 9.99986E-1 1E0 9.99323E-1 9.99998E-1 9.99979E-1 9.99989E-1 1E0 1E0 1E0 1E0 1E0 1E0 1E0 1E0 1E0 1E0 1E0 1E0 1E0 1E0 1E0 1E0 1E0 1E0 1E0 1E0 1E0 1E0
-9999 -9999 -9999 -9999 -9999 9.99998E-1 9.99999E-1 9.93709E-1 7.8606E-1 8.88949E-1 7.21367E-1 2.5568E-1 5.68739E-2 1.8626E-2 1.4504E-1 2.60291E-1 2.06699E-1 1.63349E-1 1.26612E-1 2.32124E-2 2.60555E-2 9.68438E-2 2.15507E-1 4.42818E-1 9.98879E-1 9.99993E-1 9.99998E-1 9.88932E-1 8.813E-1 9.10448E-1 9.59092E-1 8.32394E-1 8.77347E-1 6.68525E-1 9.47928E-1 9.97299E-1 9.99953E-1 9.99834E-1 9.99998E-1 1E0 9.99983E-1 1E0 9.99999E-1 9.99991E-1 9.99994E-1 1E0 1E0 1E0 1E0 1E0 1E0 1E0 1E0 1E0 1E0 9.99991E-1 9.99999E-1 1E0 1E0 1E0 1E0 1E0 1E0 1E0 1E0 1E0 1E0 1E0 9.99998E-1 9.99999E-1 1E0 9.99998E-1 1E0
-9999 -9999 -9999 -9999 -9999 9.98923E-1 9.98356E-1 9.66629E-1 9.82676E-1 9.29281E-1 6.21258E-1 6.52838E-2 1.71029E-2 8.00205E-3 1.57805E-3 1.34144E-2 2.49548E-2 5.79574E-2 4.30152E-2 1.63096E-2 2.05654E-2 7.59218E-2 2.78257E-1 6.87495E-1 9.92941E-1 9.99445E-1 1E0 1E0 9.45615E-1 9.62231E-1 9.01533E-1 9.34195E-1 9.05985E-1 9.91752E-1 9.85593E-1 9.98459E-1 9.99986E-1 1E0 9.99932E-1 9.99921E-1 1E0 9.99864E-1 9.99481E-1 9.98229E-1 9.97954E-1 1E0 1E0 9.99998E-1 1E0 9.99997E-1 9.99997E-1 1E0 1E0 1E0 1E0 9.99998E-1 1E0 1E0 1E0 1E0 1E0 1E0 1E0 1E0 1E0 1E0 1E0 1E0 9.99999E-1 9.99994E-1 1E0 1E0 1E0
-9999 -9999 -9999 -9999 -9999 9.99275E-1 9.92529E-1 9.99283E-1 6.86482E-1 7.41486E-1 8.8899E-1 1.98008E-1 2.20249E-1 8.60767E-2 1.66239E-2 3.85935E-2 1.08099E-1 2.95116E-2 4.31561E-2 5.66146E-2 3.84344E-2 4.50555E-2 1.88262E-1 6.78487E-1 9.43334E-1 9.40398E-1 9.99924E-1 9.99982E-1 9.9703E-1 9.24438E-1 9.67575E-1 9.91612E-1 9.99458E-1 9.96692E-1 9.93272E-1 9.95792E-1 9.99646E-1 9.99991E-1 9.99958E-1 9.99993E-1 9.99968E-1 1E0 9.99955E-1 9.99885E-1 9.99906E-1 9.99992E-1 9.99999E-1 1E0 9.99979E-1 1E0 1E0 1E0 1E0 1E0 1E0 9.99999E-1 1E0 1E0 9.99999E-1 1E0 1E0 1E0 1E0 1E0 1E0 1E0 1E0 1E0 1E0 9.99984E-1 1E0 1E0 9.99951E-1
-9999 -9999 -9999 -9999 -9999 9.99974E-1 9.98633E-1 9.98572E-1 8.01139E-1 7.94327E-1 8.5527E-1 3.52585E-1 3.13408E-1 4.26048E-1 5.54586E-1 2.15742E-1 2.78398E-1 2.30175E-1 9.90532E-2 1.03247E-1 3.56989E-2 2.89145E-2 1.32402E-1 5.66696E-1 8.56002E-1 9.7807E-1 9.9987E-1 9.99997E-1 9.83577E-1 9.8887E-1 9.90797E-1 9.67902E-1 9.96327E-1 9.93021E-1 9.79778E-1 9.98761E-1 9.99934E-1 9.99965E-1 9.99996E-1 9.99982E-1 9.99732E-1 9.99993E-1 9.99993E-1 9.99193E-1 9.9697E-1 9.99627E-1 9.99725E-1 1E0 9.99999E-1 1E0 1E0 1E0 1E0 1E0 1E0 1E0 1E0 1E0 1E0 1E0 1E0 1E0 1E0 1E0 1E0 1E0 1E0 1E0 1E0 9.99915E-1 9.99723E-1 9.99909E-1 1E0
-9999 -9999 -9999 -9999 -9999 9.98415E-1 9.96183E-1 1E0 9.99997E-1 9.75952E-1 9.97169E-1 7.45569E-1 8.06046E-1 9.06791E-1 7.46398E-1 4.02423E-1 3.16922E-1 1.95151E-1 1.09881E-1 1.12114E-1 2.687E-2 9.25425E-3 5.62129E-2 5.36137E-1 9.99526E-1 1E0 9.99996E-1 9.99999E-1 9.67187E-1 9.79025E-1 9.99142E-1 9.5473E-1 9.99083E-1 9.9998E-1 9.96288E-1 9.99569E-1 9.99385E-1 9.99988E-1 9.99998E-1 9.99997E-1 1E0 1E0 9.9999E-1 9.97031E-1 9.98893E-1 9.99901E-1 9.98855E-1 1E0 1E0 1E0 1E0 1E0 1E0 1E0 1E0 1E0 1E0 1E0 1E0 1E0 1E0 1E0 1E0 1E0 1E0 1E0 1E0 1E0 1E0 9.99679E-1 9.99998E-1 1E0 1E0
-9999 -9999 -9999 -9999 -9999 1E0 1E0 1E0 9.99998E-1 9.98941E-1 9.65178E-1 9.74264E-1 9.98997E-1 9.91216E-1 7.40329E-1 2.30315E-1 1.15501E-1 2.49483E-1 1.22567E-1 5.21785E-2 2.87984E-2 5.95893E-3 2.31455E-2 4.30369E-1 9.99984E-1 9.98969E-1 9.99683E-1 9.98888E-1 9.78621E-1 9.94431E-1 9.90092E-1 9.92877E-1 9.86917E-1 9.96437E-1 9.99369E-1 9.99196E-1 9.99716E-1 1E0 9.99995E-1 9.99988E-1 1E0 1E0 9.99989E-1 9.99994E-1 9.99567E-1 1E0 9.99999E-1 9.98433E-1 1E0 1E0 1E0 1E0 1E0 1E0 1E0 1E0 1E0 1E0 1E0 1E0 1E0 1E0 1E0 1E0 1E0 1E0 9.99999E-1 9.9995E-1 9.9971E-1 9.9944E-1 9.99648E-1 9.99995E-1 9.9997E-1
-9999 -9999 -9999 -9999 -9999 1E0 1E0 1E0 9.9757E-1 9.92727E-1 7.84439E-1 9.61979E-1 9.88971E-1 9.76825E-1 9.84015E-1 1.62343E-1 3.48459E-2 2.95398E-2 2.2071E-2 3.40729E-2 8.37553E-3 2.11384E-2 1.03455E-1 5.62811E-1 9.575E-1 9.30179E-1 9.99071E-1 9.99808E-1 9.99407E-1 9.79164E-1 9.79413E-1 9.99719E-1 9.99803E-1 1E0 9.98955E-1 9.95348E-1 9.99988E-1 9.98584E-1 1E0 1E0 1E0 1E0 9.99263E-1 9.99995E-1 9.99999E-1 9.99999E-1 1E0 9.99241E-1 1E0 1E0 1E0 1E0 1E0 1E0 1E0 1E0 1E0 1E0 1E0 1E0 1E0 1E0 1E0 1E0 1E0 1E0 1E0 1E0 1E0 9.65103E-1 9.91758E-1 9.99869E-1 9.99987E-1
-9999 -9999 -9999 -9999 -9999 9.99662E-1 9.99845E-1 9.99905E-1 9.91398E-1 9.9992E-1 7.67206E-1 8.68295E-1 3.86783E-1 7.66976E-1 8.84011E-1 1.0709E-1 2.84562E-2 3.15225E-3 1.84228E-3 4.40593E-3 3.02391E-3 5.94393E-3 1.41537E-1 7.0379E-1 9.35124E-1 9.96797E-1 9.8556E-1 9.99786E-1 9.53467E-1 9.99582E-1 9.99977E-1 9.97305E-1 9.98113E-1 9.98569E-1 9.99021E-1 9.96092E-1 9.99999E-1 9.99885E-1 9.99007E-1 9.99917E-1 1E0 9.99706E-1 9.8923E-1 9.99938E-1 1E0 9.99992E-1 9.9901E-1 9.9986E-1 1E0 1E0 1E0 1E0 1E0 1E0 1E0 1E0 1E0 1E0 1E0 1E0 1E0 1E0 1E0 1E0 1E0 1E0 1E0 9.99986E-1 9.99999E-1 9.99981E-1 9.99946E-1 1E0 1E0
-9999 -9999 -9999 -9999 -9999 9.99435E-1 1E0 9.98534E-1 9.99375E-1 9.98809E-1 8.90404E-1 9.2647E-1 3.1621E-1 4.06699E-1 4.1121E-1 9.93643E-2 4.58843E-2 8.28072E-3 2.98927E-3 8.10383E-3 4.11764E-3 6.60911E-3 6.92896E-2 7.20689E-1 9.97895E-1 9.96382E-1 9.92998E-1 9.99687E-1 9.95017E-1 9.99879E-1 9.99941E-1 9.99941E-1 9.99476E-1 9.96762E-1 9.99963E-1 9.98379E-1 9.98979E-1 9.99848E-1 9.99843E-1 9.99947E-1 9.99889E-1 9.96386E-1 9.97157E-1 1E0 9.9996E-1 9.99997E-1 9.96195E-1 9.99012E-1 9.99993E-1 1E0 1E0 1E0 1E0 1E0 1E0 1E0 1E0 1E0 1E0 1E0 1E0 1E0 1E0 1E0 1E0 1E0 9.99997E-1 9.99977E-1 9.99725E-1 9.99823E-1 9.92045E-1 9.99998E-1 1E0
-9999 -9999 -9999 -9999 -9999 9.99986E-1 9.9998E-1 9.99999E-1 9.99261E-1 9.99897E-1 1E0 9.79282E-1 4.98613E-1 3.98259E-1 4.56906E-1 1.06817E-1 2.66864E-2 1.52064E-2 6.44017E-3 6.78621E-3 3.33315E-3 1.21189E-2 1.16618E-1 9.19213E-1 9.96784E-1 9.759E-1 9.94537E-1 9.96476E-1 9.98252E-1 9.96893E-1 9.97627E-1 9.97957E-1 9.94521E-1 9.97801E-1 9.99489E-1 9.98526E-1 9.99975E-1 9.97144E-1 9.99853E-1 9.99925E-1 9.99998E-1 9.97647E-1 9.99971E-1 9.99947E-1 9.98552E-1 9.98701E-1 9.98301E-1 9.99996E-1 9.99799E-1 9.99257E-1 1E0 1E0 1E0 9.99995E-1 9.99999E-1 1E0 1E0 1E0 1E0 1E0 1E0 1E0 1E0 1E0 1E0 1E0 9.99986E-1 1E0 9.99994E-1 9.99161E-1 9.9933E-1 9.92633E-1 9.99995E-1
-9999 -9999 -9999 -9999 -9999 9.99967E-1 9.99201E-1 9.99968E-1 9.99999E-1 9.99624E-1 9.99999E-1 9.38346E-1 4.25275E-1 3.65417E-1 1.88881E-1 7.6643E-2 1.41948E-2 2.42479E-2 4.36605E-3 4.25666E-3 8.21568E-3 4.30519E-2 2.23681E-1 9.99736E-1 9.99943E-1 9.46042E-1 9.23941E-1 9.99708E-1 9.95174E-1 9.95728E-1 9.99663E-1 9.99955E-1 9.98876E-1 9.92993E-1 9.98666E-1 9.96843E-1 9.99221E-1 9.98475E-1 1E0 9.99806E-1 9.99875E-1 9.98955E-1 9.96777E-1 1E0 1E0 9.99994E-1 9.96411E-1 9.98204E-1 9.98939E-1 9.99931E-1 1E0 1E0 1E0 9.99999E-1 1E0 1E0 1E0 1E0 1E0 1E0 1E0 1E0 1E0 1E0 1E0 1E0 1E0 9.99956E-1 9.99997E-1 1E0 1E0 9.98836E-1 9.99996E-1
-9999 -9999 -9999 -9999 -9999 9.99426E-1 1E0 1E0 1E0 1E0 9.99998E-1 9.98839E-1 6.53757E-1 5.63486E-1 1.80565E-1 1.45508E-2 1.96152E-2 9.16266E-3 4.90556E-3 8.54162E-3 1.561E-2 3.02673E-2 3.82183E-1 9.99916E-1 9.99999E-1 9.94868E-1 9.69233E-1 9.99209E-1 9.8953E-1 9.98961E-1 9.88419E-1 9.9996E-1 9.9851E-1 9.87039E-1 9.99963E-1 9.99808E-1 9.99979E-1 9.99976E-1 1E0 9.98771E-1 9.99979E-1 9.99724E-1 9.99861E-1 9.99979E-1 1E0 1E0 9.99997E-1 9.96629E-1 9.8998E-1 9.99998E-1 1E0 1E0 1E0 1E0 9.99989E-1 1E0 1E0 1E0 1E0 1E0 1E0 1E0 1E0 1E0 1E0 1E0 9.99999E-1 1E0 9.99997E-1 9.99996E-1 1E0 9.99902E-1 9.99998E-1
-9999 -9999 -9999 -9999 -9999 9.99999E-1 1E0 1E0 1E0 1E0 1E0 1E0 9.60338E-1 6.81799E-1 2.05717E-1 3.62174E-2 4.02053E-2 2.27543E-2 2.73554E-2 1.39776E-2 4.28381E-2 1.42944E-2 4.58801E-1 1E0 1E0 9.99964E-1 9.9988E-1 9.99332E-1 9.99534E-1 9.9792E-1 9.97498E-1 9.99682E-1 9.99848E-1 1E0 9.99486E-1 9.9982E-1 9.99939E-1 9.99884E-1 9.99976E-1 1E0 9.99857E-1 9.9998E-1 9.99751E-1 1E0 1E0 1E0 9.99962E-1 9.99998E-1 9.99905E-1 9.99997E-1 1E0 1E0 1E0 9.99994E-1 9.99997E-1 1E0 1E0 1E0 1E0 1E0 1E0 1E0 1E0 1E0 1E0 1E0 9.99995E-1 9.99657E-1 9.99973E-1 9.99999E-1 9.96332E-1 9.99923E-1 1E0
-9999 -9999 -9999 -9999 -9999 9.99983E-1 1E0 1E0 1E0 9.99998E-1 9.9999E-1 9.99741E-1 9.99781E-1 9.64332E-1 7.89076E-1 7.68011E-1 7.25906E-1 3.52179E-1 7.12424E-2 4.59332E-2 1.54959E-1 1.69319E-1 4.80595E-1 9.99986E-1 9.99606E-1 9.99261E-1 9.99972E-1 9.98749E-1 9.99912E-1 9.97102E-1 9.98957E-1 9.99129E-1 9.40109E-1 9.61457E-1 9.85959E-1 9.86655E-1 9.99966E-1 9.99994E-1 1E0 9.99999E-1 9.99987E-1 9.97561E-1 9.98317E-1 9.99991E-1 9.99999E-1 9.99978E-1 9.94524E-1 9.99622E-1 9.99988E-1 9.99999E-1 1E0 9.9996E-1 9.9993E-1 9.99962E-1 9.99782E-1 9.99978E-1 1E0 1E0 1E0 1E0 1E0 1E0 1E0 1E0 9.99999E-1 1E0 9.99968E-1 9.99952E-1 9.94335E-1 1E0 9.99987E-1 9.96268E-1 9.99673E-1
-9999 -9999 -9999 -9999 -9999 1E0 1E0 1E0 1E0 9.97625E-1 9.37599E-1 9.82981E-1 9.99492E-1 9.2497E-1 5.2371E-1 7.12679E-1 7.47635E-1 4.72456E-1 1.61572E-1 1.01808E-1 1.83533E-1 5.58391E-1 7.36766E-1 9.99999E-1 9.99805E-1 9.98952E-1 9.99854E-1 9.99904E-1 9.99881E-1 9.68103E-1 9.99074E-1 9.99668E-1 9.98947E-1 9.9925E-1 9.94023E-1 1E0 1E0 1E0 1E0 1E0 1E0 9.99911E-1 9.99204E-1 9.99997E-1 9.99742E-1 9.89731E-1 9.99657E-1 9.99653E-1 9.99986E-1 1E0 1E0 1E0 9.99987E-1 9.99799E-1 9.99998E-1 1E0 1E0 1E0 1E0 1E0 1E0 1E0 1E0 1E0 1E0 1E0 9.99989E-1 9.33728E-1 1E0 9.9982E-1 9.97618E-1 9.83504E-1 9.42058E-1
-9999 -9999 -9999 -9999 -9999 1E0 1E0 1E0 1E0 9.99965E-1 9.99945E-1 5.89633E-1 9.92151E-1 7.10537E-1 3.37742E-1 1.29183E-1 2.45882E-1 3.40911E-1 1.33421E-1 1.33691E-1 4.08953E-1 8.33855E-1 9.99666E-1 9.98062E-1 9.99866E-1 9.96151E-1 9.99428E-1 9.99981E-1 9.99503E-1 9.99946E-1 9.99972E-1 9.99999E-1 9.99999E-1 9.99811E-1 9.98746E-1 9.98868E-1 1E0 1E0 1E0 1E0 9.9996E-1 9.99952E-1 9.99999E-1 9.99998E-1 9.99878E-1 9.91928E-1 9.99924E-1 9.99935E-1 9.99666E-1 1E0 1E0 9.99931E-1 9.99986E-1 9.99999E-1 1E0 1E0 1E0 1E0 1E0 1E0 1E0 1E0 1E0 1E0 1E0 1E0 9.99965E-1 9.94708E-1 9.96537E-1 9.99046E-1 9.87973E-1 9.92196E-1 9.18121E-1
-9999 -9999 -9999 -9999 -9999 9.99842E-1 9.99267E-1 1E0 1E0 9.9976E-1 9.99953E-1 9.99474E-1 9.93353E-1 9.10421E-1 5.79666E-1 2.29394E-1 9.33632E-2 1.59313E-1 7.31739E-2 4.08354E-1 5.36933E-1 9.3059E-1 9.99965E-1 9.99403E-1 9.96647E-1 9.99963E-1 9.99994E-1 9.99608E-1 9.96095E-1 9.9988E-1 9.9993E-1 9.99999E-1 1E0 9.99851E-1 9.97344E-1 9.99946E-1 9.99995E-1 1E0 1E0 1E0 1E0 9.99986E-1 1E0 9.99693E-1 9.9999E-1 9.98967E-1 9.9998E-1 9.99997E-1 9.99986E-1 9.99995E-1 1E0 1E0 1E0 1E0 1E0 1E0 1E0 1E0 1E0 1E0 1E0 9.99992E-1 1E0 1E0 1E0 1E0 9.98988E-1 9.89041E-1 9.99478E-1 9.96735E-1 9.64175E-1 9.85572E-1 9.80365E-1
-9999 -9999 -9999 -9999 -9999 9.99921E-1 9.99124E-1 1E0 1E0 1E0 9.99999E-1 9.97501E-1 9.62307E-1 9.87885E-1 8.67574E-1 5.86055E-1 5.00588E-1 3.8706E-1 1.6351E-1 1.32605E-1 2.35651E-1 9.60392E-1 9.99954E-1 1E0 9.99997E-1 9.99988E-1 9.99997E-1 9.99969E-1 9.91307E-1 9.96226E-1 9.9935E-1 9.99986E-1 9.99987E-1 9.99928E-1 9.98346E-1 9.98626E-1 1E0 1E0 1E0 1E0 1E0 1E0 1E0 1E0 9.99914E-1 9.9999E-1 9.99996E-1 9.99374E-1 1E0 9.99948E-1 1E0 1E0 1E0 1E0 1E0 1E0 1E0 1E0 1E0 1E0 1E0 1E0 1E0 1E0 1E0 1E0 9.99466E-1 9.99986E-1 9.99898E-1 9.99997E-1 9.95314E-1 9.95373E-1 9.97994E-1
-9999 -9999 -9999 -9999 -9999 9.9998E-1 9.9974E-1 9.98758E-1 9.88584E-1 1E0 1E0 9.85984E-1 9.99541E-1 9.99978E-1 9.74476E-1 7.45213E-1 9.25565E-1 9.92166E-1 8.51422E-1 4.61998E-1 3.47481E-1 9.97066E-1 1E0 1E0 9.9947E-1 9.99769E-1 9.99851E-1 9.99769E-1 9.96357E-1 9.9525E-1 8.2554E-1 9.98697E-1 9.97763E-1 9.97517E-1 9.97284E-1 9.98955E-1 1E0 1E0 1E0 9.99949E-1 9.99957E-1 9.99998E-1 1E0 9.9999E-1 9.99841E-1 9.98234E-1 9.98565E-1 9.96948E-1 1E0 9.99999E-1 1E0 9.99997E-1 9.99995E-1 1E0 1E0 1E0 1E0 1E0 1E0 1E0 1E0 1E0 1E0 1E0 1E0 1E0 9.9999E-1 1E0 9.99783E-1 9.97136E-1 9.99998E-1 9.99987E-1 9.99965E-1
-9999 -9999 -9999 -9999 -9999 -9999 1E0 1E0 9.99976E-1 1E0 1E0 1E0 9.99967E-1 9.99999E-1 9.70654E-1 9.99563E-1 1E0 9.99936E-1 9.98221E-1 9.99988E-1 1E0 9.99844E-1 1E0 1E0 1E0 9.99965E-1 9.99946E-1 9.95741E-1 9.999E-1 9.99178E-1 9.9741E-1 9.84914E-1 9.92655E-1 9.99814E-1 9.99977E-1 1E0 1E0 9.99998E-1 1E0 9.99999E-1 9.99743E-1 1E0 9.9987E-1 9.99999E-1 9.99882E-1 1E0 9.99998E-1 9.99848E-1 9.9986E-1 1E0 1E0 9.99977E-1 9.99971E-1 9.99543E-1 1E0 1E0 1E0 1E0 9.99991E-1 1E0 1E0 1E0 1E0 1E0 1E0 1E0 1E0 9.99993E-1 9.99979E-1 9.99986E-1 9.99978E-1 1E0 1E0
