ENM/Final_Models/M_0.9_F_q_Set_1_EC/Gustavia_santanderiensis_4_Choco.asc
ncols         367
nrows         963
xllcorner     -78.6
yllcorner     0.65
cellsize      0.00833333333333323
NODATA_value  -9999
[rows 396 to 428 of 963, columns 219 to 291 of 367]
9.99959E-1 9.99985E-1 9.99983E-1 1E0 1E0 1E0 1E0 1E0 1E0 1E0 1E0 1E0 9.99988E-1 9.99919E-1 1E0 9.99998E-1 9.99993E-1 9.99998E-1 1E0 9.99837E-1 9.9856E-1 9.9989E-1 9.99804E-1 9.9955E-1 1E0 1E0 1E0 1E0 9.99999E-1 1E0 1E0 1E0 1E0 1E0 1E0 9.99999E-1 9.99944E-1 9.99998E-1 9.99996E-1 9.99896E-1 9.99997E-1 1E0 9.99962E-1 1E0 1E0 1E0 9.99996E-1 9.99996E-1 9.99814E-1 9.90379E-1 7.06924E-1 9.74946E-1 9.98778E-1 9.98367E-1 8.45262E-1 9.17006E-1 8.96966E-1 6.28236E-1 8.32083E-1 6.61467E-1 1.67197E-1 9.2997E-1 7.64789E-1 6.71551E-1 4.52541E-1 5.56825E-1 8.21121E-1 9.77599E-1 9.28611E-1 7.89887E-1 3.28388E-1 8.29792E-2 2.85884E-2
9.99993E-1 9.99886E-1 9.9997E-1 1E0 1E0 1E0 1E0 1E0 1E0 1E0 1E0 9.99984E-1 1E0 9.99135E-1 9.99999E-1 9.99992E-1 1E0 9.96531E-1 9.99306E-1 9.99787E-1 9.99408E-1 1E0 1E0 1E0 9.99997E-1 1E0 1E0 1E0 9.99998E-1 9.99884E-1 1E0 1E0 1E0 1E0 1E0 9.99999E-1 9.99898E-1 9.99814E-1 9.99827E-1 9.99672E-1 9.99999E-1 9.99914E-1 1E0 1E0 9.9954E-1 1E0 1E0 9.99963E-1 9.99986E-1 9.99873E-1 7.2548E-1 7.53329E-1 9.96259E-1 9.97976E-1 9.96915E-1 9.99961E-1 9.48534E-1 9.28941E-1 7.11262E-1 9.42974E-1 9.32565E-1 9.81612E-1 8.59287E-1 8.73888E-1 8.88352E-1 9.94094E-1 8.22274E-1 9.8261E-1 8.92173E-1 1.16881E-1 1.53231E-1 3.93706E-1 1.54183E-1
9.99997E-1 1E0 1E0 9.99999E-1 9.99973E-1 1E0 1E0 1E0 9.99998E-1 1E0 1E0 1E0 9.99993E-1 1E0 1E0 1E0 1E0 1E0 9.99996E-1 1E0 1E0 1E0 9.99995E-1 1E0 9.99999E-1 9.99997E-1 1E0 1E0 1E0 1E0 1E0 1E0 9.99998E-1 1E0 1E0 9.99971E-1 9.99924E-1 9.99998E-1 9.99245E-1 1E0 1E0 9.99149E-1 9.99995E-1 9.99997E-1 9.99933E-1 9.99968E-1 1E0 1E0 1E0 9.99376E-1 7.97417E-1 4.88753E-1 6.21856E-1 6.40718E-1 8.84431E-1 9.98231E-1 9.99704E-1 9.86486E-1 9.38228E-1 9.90779E-1 9.01938E-1 9.4296E-1 7.76441E-1 6.88278E-1 4.48545E-1 3.07747E-1 3.24714E-1 1.46498E-1 1.99678E-1 1.10707E-1 2.50344E-1 4.44625E-2 4.50386E-2
9.99021E-1 1E0 1E0 1E0 1E0 1E0 1E0 9.99997E-1 1E0 1E0 1E0 1E0 1E0 1E0 9.99999E-1 1E0 9.99997E-1 1E0 9.99999E-1 1E0 1E0 1E0 1E0 1E0 9.994E-1 9.99995E-1 1E0 1E0 1E0 1E0 1E0 1E0 1E0 1E0 1E0 9.99603E-1 9.99295E-1 9.98975E-1 9.99802E-1 9.99917E-1 9.99397E-1 9.99918E-1 1E0 1E0 9.99326E-1 1E0 9.99875E-1 1E0 9.99999E-1 9.99087E-1 8.53519E-1 2.71984E-1 1.46587E-1 7.29457E-2 3.2168E-1 9.80912E-1 9.98339E-1 9.92348E-1 9.99979E-1 9.99352E-1 9.97931E-1 5.47051E-1 5.93772E-1 7.0055E-2 1.34446E-1 1.07415E-2 1.55383E-2 2.11998E-2 5.57461E-1 1.55837E-1 3.32586E-1 7.99632E-1 3.72243E-1
9.99931E-1 1E0 9.99968E-1 1E0 1E0 1E0 1E0 1E0 9.99997E-1 1E0 1E0 1E0 9.99999E-1 9.99932E-1 9.99964E-1 1E0 1E0 9.99843E-1 9.99864E-1 9.99964E-1 1E0 9.99997E-1 9.99998E-1 1E0 9.9997E-1 9.99998E-1 9.99999E-1 1E0 1E0 9.99995E-1 1E0 9.99997E-1 1E0 1E0 9.99999E-1 9.99722E-1 9.99953E-1 9.9996E-1 9.99998E-1 9.99979E-1 9.9926E-1 9.99988E-1 9.99999E-1 9.99999E-1 9.99793E-1 1E0 1E0 9.99999E-1 1E0 9.99824E-1 8.77169E-1 5.13229E-1 1.57602E-1 2.00765E-1 7.52592E-1 9.99768E-1 9.98636E-1 9.95426E-1 9.97632E-1 9.99536E-1 9.95251E-1 4.88775E-1 6.43226E-1 4.27274E-2 1.62411E-2 3.09068E-2 2.4271E-2 2.2698E-1 1.18112E-2 9.15679E-3 8.8017E-2 3.58577E-2 3.9893E-2
1E0 1E0 9.99873E-1 9.99929E-1 1E0 1E0 1E0 1E0 1E0 1E0 1E0 9.9999E-1 1E0 1E0 1E0 1E0 9.99999E-1 9.9993E-1 1E0 9.99991E-1 9.99996E-1 1E0 1E0 1E0 9.99998E-1 1E0 1E0 1E0 1E0 1E0 1E0 9.99999E-1 9.99997E-1 9.99996E-1 9.99993E-1 1E0 9.99979E-1 9.99902E-1 9.99949E-1 9.99768E-1 9.9997E-1 9.99999E-1 1E0 9.99986E-1 9.99998E-1 1E0 9.99999E-1 1E0 1E0 9.98444E-1 9.52899E-1 9.82071E-1 9.1487E-1 6.40842E-1 9.55095E-1 9.97333E-1 9.99059E-1 9.99708E-1 9.73305E-1 2.20142E-1 1.63826E-1 8.68948E-2 2.99672E-1 8.44256E-2 4.64085E-1 1.66759E-1 2.143E-1 3.06221E-1 9.42138E-2 5.33995E-2 2.80343E-1 3.23147E-1 4.24323E-1
9.99998E-1 1E0 9.99999E-1 1E0 9.99995E-1 9.99998E-1 1E0 1E0 1E0 1E0 1E0 1E0 1E0 9.99997E-1 1E0 1E0 9.99985E-1 9.21122E-1 9.99993E-1 1E0 1E0 1E0 1E0 1E0 9.99431E-1 9.99994E-1 9.99988E-1 1E0 1E0 1E0 1E0 9.99998E-1 9.99898E-1 1E0 9.99999E-1 1E0 1E0 1E0 1E0 9.99999E-1 9.9992E-1 1E0 9.99999E-1 1E0 9.99999E-1 1E0 1E0 1E0 1E0 9.99978E-1 9.9916E-1 9.66422E-1 9.93334E-1 9.79843E-1 9.99866E-1 9.99987E-1 9.99E-1 5.73881E-1 3.64816E-1 2.49407E-1 7.54078E-1 3.46789E-1 5.49551E-1 2.53933E-1 3.35563E-1 5.36909E-3 1.62462E-2 6.86259E-2 2.75338E-1 9.18904E-1 5.48589E-1 5.60116E-1 4.64238E-1
1E0 9.99547E-1 1E0 1E0 1E0 1E0 1E0 1E0 1E0 1E0 1E0 1E0 1E0 1E0 9.99988E-1 9.99997E-1 9.99917E-1 9.87519E-1 1E0 9.99998E-1 1E0 1E0 1E0 1E0 1E0 1E0 1E0 1E0 1E0 9.99982E-1 9.99967E-1 1E0 9.99998E-1 9.99957E-1 9.99999E-1 1E0 1E0 1E0 1E0 1E0 9.99996E-1 9.9999E-1 9.99995E-1 9.99976E-1 9.99991E-1 9.99995E-1 1E0 1E0 9.99983E-1 9.99594E-1 9.99973E-1 8.99858E-1 4.88344E-1 8.01191E-1 8.05502E-1 1.752E-1 7.17966E-1 3.2221E-1 6.75637E-1 4.88469E-1 4.86335E-1 5.29251E-1 1.69253E-1 1.2789E-1 7.83494E-2 3.91462E-1 4.13347E-1 8.18927E-1 8.65177E-1 8.98085E-1 8.08601E-1 5.1284E-1 1.73614E-1
1E0 1E0 9.99464E-1 9.99864E-1 1E0 1E0 1E0 9.99997E-1 1E0 1E0 1E0 1E0 9.99996E-1 1E0 9.99999E-1 1E0 1E0 9.99756E-1 1E0 1E0 1E0 1E0 1E0 1E0 1E0 1E0 9.99998E-1 9.99997E-1 9.99913E-1 9.99999E-1 1E0 1E0 9.99998E-1 1E0 1E0 1E0 1E0 1E0 1E0 1E0 1E0 1E0 1E0 1E0 1E0 1E0 1E0 9.99998E-1 9.99991E-1 9.93548E-1 9.0717E-1 8.71074E-1 9.98302E-1 7.01581E-1 4.72185E-1 1.89982E-1 1.52609E-1 1.87019E-1 3.78667E-1 1.97433E-1 5.76724E-1 7.76986E-1 4.56309E-1 7.74125E-1 6.62714E-1 4.9218E-1 7.11523E-1 9.46914E-1 6.76248E-1 4.22709E-1 1.03669E-1 2.54164E-2 1.63434E-2
1E0 1E0 9.99603E-1 9.82485E-1 9.99974E-1 1E0 1E0 1E0 1E0 1E0 1E0 1E0 1E0 1E0 9.99978E-1 1E0 1E0 9.99983E-1 9.99991E-1 1E0 9.99945E-1 1E0 1E0 9.99999E-1 1E0 1E0 1E0 1E0 1E0 9.99999E-1 1E0 1E0 9.99997E-1 9.99998E-1 9.99999E-1 9.99999E-1 9.9999E-1 9.99993E-1 9.99994E-1 9.99994E-1 1E0 9.99997E-1 1E0 1E0 1E0 1E0 1E0 1E0 9.99999E-1 1E0 9.99999E-1 9.99991E-1 1E0 9.99998E-1 9.88118E-1 9.83444E-1 7.43995E-1 8.8378E-1 8.71117E-1 6.77241E-1 7.07434E-1 7.14023E-1 8.29968E-1 9.27309E-1 9.28961E-1 8.54024E-1 7.40124E-1 8.1969E-1 1.21471E-1 6.28522E-2 4.09587E-2 6.68718E-3 2.53327E-2
9.99808E-1 1E0 1E0 9.85761E-1 1E0 1E0 9.9999E-1 1E0 1E0 1E0 1E0 1E0 9.99974E-1 9.9999E-1 9.9999E-1 9.99996E-1 9.99856E-1 1E0 9.99999E-1 1E0 9.99969E-1 9.99997E-1 1E0 9.99999E-1 1E0 1E0 1E0 1E0 1E0 1E0 1E0 1E0 1E0 9.99998E-1 9.99982E-1 9.99971E-1 9.99024E-1 9.99926E-1 9.99987E-1 9.99745E-1 1E0 1E0 1E0 1E0 9.99996E-1 1E0 9.99929E-1 9.99994E-1 1E0 9.99999E-1 9.99996E-1 9.99723E-1 9.9239E-1 9.98102E-1 9.99742E-1 8.20722E-1 9.66933E-1 7.77217E-1 9.0065E-1 7.01183E-1 7.45335E-1 5.49091E-1 8.85961E-1 9.74191E-1 9.7239E-1 7.80836E-1 4.31133E-1 3.63962E-1 1.30937E-1 6.28056E-2 2.2491E-2 2.70451E-2 1.09209E-2
9.96414E-1 9.04789E-1 9.99998E-1 9.99994E-1 9.92803E-1 9.99998E-1 1E0 1E0 1E0 1E0 1E0 1E0 9.99997E-1 1E0 1E0 1E0 1E0 9.99998E-1 9.99992E-1 1E0 1E0 1E0 1E0 1E0 9.99998E-1 1E0 1E0 1E0 1E0 1E0 9.99999E-1 1E0 1E0 9.99999E-1 9.99986E-1 9.98717E-1 9.99939E-1 9.99995E-1 1E0 9.99995E-1 9.99998E-1 9.99984E-1 1E0 9.99999E-1 9.99999E-1 1E0 1E0 9.99983E-1 1E0 1E0 1E0 9.96099E-1 9.99409E-1 9.9632E-1 9.98581E-1 9.336E-1 5.77572E-1 6.28388E-1 8.49754E-1 5.3067E-1 7.99217E-1 8.40109E-1 8.65726E-1 9.654E-1 9.47044E-1 6.60965E-1 3.2864E-1 2.09826E-1 6.48484E-2 2.60324E-2 2.11776E-2 5.67341E-3 6.12516E-3
9.99978E-1 9.99929E-1 9.98342E-1 1E0 1E0 9.98905E-1 1E0 1E0 1E0 1E0 1E0 1E0 1E0 9.99997E-1 1E0 9.99991E-1 1E0 1E0 1E0 9.99998E-1 1E0 1E0 1E0 1E0 1E0 1E0 1E0 1E0 1E0 1E0 1E0 1E0 1E0 1E0 1E0 1E0 1E0 1E0 1E0 9.99993E-1 9.99999E-1 9.99979E-1 9.99961E-1 9.99999E-1 9.99882E-1 9.99996E-1 1E0 9.27996E-1 9.95613E-1 9.99934E-1 9.96774E-1 9.91198E-1 9.07309E-1 9.60863E-1 9.85184E-1 9.99605E-1 9.68367E-1 3.58133E-1 9.22684E-1 5.46998E-1 4.68928E-1 6.20493E-1 8.16141E-1 7.48209E-1 8.99599E-1 2.35218E-1 3.17604E-2 2.86526E-2 4.12102E-3 2.30212E-2 1.93277E-1 2.70674E-3 6.8181E-4
9.97028E-1 9.97127E-1 9.97296E-1 9.86365E-1 9.99658E-1 9.99993E-1 1E0 1E0 1E0 1E0 1E0 1E0 9.99999E-1 1E0 1E0 1E0 1E0 1E0 1E0 1E0 1E0 1E0 9.99998E-1 1E0 1E0 1E0 1E0 9.99994E-1 1E0 1E0 1E0 1E0 9.99999E-1 1E0 1E0 1E0 1E0 1E0 1E0 9.99999E-1 9.99995E-1 1E0 1E0 9.99958E-1 9.99865E-1 9.8904E-1 9.32309E-1 8.61686E-1 5.64858E-1 4.84683E-1 3.03903E-1 2.06246E-1 1.76519E-1 1.46544E-1 8.90022E-1 9.12644E-1 9.67441E-1 9.87107E-1 7.74465E-1 5.99893E-1 7.32305E-1 7.21227E-1 7.59161E-1 8.8809E-1 8.37648E-1 1.06991E-1 1.65857E-2 1.42945E-2 1.45695E-2 2.38239E-2 1.51684E-1 3.37111E-2 9.42553E-3
9.85927E-1 9.99196E-1 9.98693E-1 9.99993E-1 9.99999E-1 9.99989E-1 1E0 1E0 1E0 1E0 1E0 9.99999E-1 1E0 1E0 1E0 1E0 1E0 1E0 1E0 1E0 1E0 1E0 1E0 1E0 1E0 1E0 1E0 9.99989E-1 1E0 1E0 1E0 1E0 1E0 9.99998E-1 1E0 1E0 1E0 1E0 1E0 9.99994E-1 9.99996E-1 1E0 9.99993E-1 9.95935E-1 9.99991E-1 9.51205E-1 9.00468E-1 7.96696E-2 3.33281E-2 4.69754E-2 1.90616E-2 1.55265E-2 2.44784E-2 8.00294E-3 3.45645E-2 6.23791E-2 1.4809E-1 9.84564E-1 9.69308E-1 9.49905E-1 7.3122E-1 6.07902E-1 6.55828E-1 8.58749E-1 7.32927E-1 2.42372E-1 1.81412E-2 6.00177E-3 1.35189E-2 4.146E-3 1.28328E-1 1.42166E-1 3.00732E-2
9.75851E-1 9.98261E-1 9.99974E-1 9.99897E-1 9.99999E-1 1E0 1E0 9.99976E-1 1E0 1E0 1E0 1E0 1E0 1E0 1E0 1E0 9.99999E-1 1E0 1E0 1E0 1E0 1E0 1E0 1E0 1E0 1E0 9.99999E-1 1E0 1E0 1E0 1E0 1E0 1E0 9.99996E-1 9.99996E-1 9.99995E-1 9.99999E-1 1E0 9.99999E-1 9.99999E-1 9.99992E-1 9.99724E-1 9.95051E-1 8.44056E-1 2.50858E-1 1.96954E-1 1.34507E-1 9.61478E-2 4.60591E-2 2.75969E-2 1.33517E-2 2.138E-3 4.57153E-3 1.6972E-3 2.64853E-3 4.31293E-3 6.69048E-3 2.34E-1 9.95005E-1 9.48156E-1 9.60373E-1 6.86833E-1 5.00737E-1 5.36812E-1 6.38102E-1 3.14601E-1 2.29379E-2 1.62649E-2 3.23559E-2 2.82758E-1 6.81174E-2 2.07501E-1 7.19609E-2
9.9886E-1 9.99998E-1 9.99996E-1 9.99976E-1 1E0 1E0 1E0 1E0 1E0 1E0 9.99999E-1 1E0 1E0 9.99999E-1 1E0 1E0 1E0 1E0 1E0 1E0 1E0 1E0 1E0 1E0 1E0 1E0 1E0 1E0 1E0 1E0 1E0 1E0 1E0 9.99998E-1 1E0 9.99755E-1 9.95512E-1 1E0 1E0 9.99998E-1 9.99999E-1 9.99968E-1 9.73282E-1 3.21998E-1 1.87605E-1 5.14087E-2 2.93305E-2 9.30082E-3 1.91353E-2 2.26356E-2 3.81311E-3 1.25962E-3 1.57161E-3 3.00825E-3 1.02804E-3 1.373E-3 3.22437E-3 8.07062E-2 9.81107E-1 7.77722E-1 9.0839E-1 6.39416E-1 1.44031E-1 3.08787E-1 5.89984E-1 4.00368E-1 2.88808E-2 1.94396E-2 2.03812E-2 2.47847E-2 1.59264E-1 4.44704E-2 1.39086E-1
9.99968E-1 9.91634E-1 9.99099E-1 9.99768E-1 9.99982E-1 1E0 1E0 1E0 9.99997E-1 1E0 1E0 1E0 1E0 9.98242E-1 1E0 1E0 9.99996E-1 1E0 1E0 1E0 1E0 1E0 1E0 9.99958E-1 1E0 1E0 1E0 1E0 1E0 1E0 9.99999E-1 1E0 1E0 1E0 9.99999E-1 9.99987E-1 9.99993E-1 9.9999E-1 9.99999E-1 1E0 9.9995E-1 1E0 9.98926E-1 5.8041E-1 3.56548E-2 7.63702E-3 1.85662E-2 9.10878E-3 1.09795E-2 1.59883E-2 9.86261E-3 6.58385E-3 4.58485E-3 3.57528E-3 3.75508E-3 2.01918E-3 1.95765E-3 1.29483E-2 8.78482E-1 9.68045E-1 8.40416E-1 5.8179E-1 1.64509E-1 4.16108E-1 4.55347E-1 6.27824E-1 3.61719E-1 7.4954E-2 4.06432E-2 3.15722E-2 1.55141E-1 4.89518E-2 2.88894E-2
9.99965E-1 1E0 9.99778E-1 9.99992E-1 1E0 9.98713E-1 9.9999E-1 1E0 1E0 9.95788E-1 9.99972E-1 9.99993E-1 1E0 9.9955E-1 1E0 1E0 1E0 1E0 1E0 1E0 1E0 1E0 1E0 1E0 1E0 1E0 1E0 1E0 1E0 9.99976E-1 9.99987E-1 9.99999E-1 1E0 9.99999E-1 9.99999E-1 1E0 1E0 9.99996E-1 9.9952E-1 9.99978E-1 9.99992E-1 9.99999E-1 9.99856E-1 9.74251E-1 3.21223E-2 3.35231E-3 5.25321E-3 4.98409E-3 3.15053E-3 5.9563E-2 1.35675E-1 3.92172E-2 1.64923E-2 8.30535E-2 3.78634E-3 3.42667E-3 5.00406E-3 4.33381E-2 9.17997E-1 9.35398E-1 8.00643E-1 2.7835E-1 2.44481E-1 3.34909E-1 1.56911E-1 2.7952E-1 9.67889E-2 2.40888E-2 1.77295E-2 1.482E-2 2.94415E-2 4.63264E-2 6.28464E-2
9.99998E-1 9.99983E-1 1E0 9.99853E-1 9.99997E-1 9.93202E-1 9.99967E-1 1E0 1E0 1E0 1E0 1E0 9.99999E-1 1E0 1E0 9.99998E-1 1E0 1E0 1E0 1E0 1E0 1E0 1E0 1E0 1E0 1E0 1E0 9.98544E-1 9.99999E-1 9.99996E-1 9.99978E-1 9.99825E-1 9.99941E-1 9.99876E-1 9.99976E-1 1E0 1E0 9.99998E-1 1E0 9.99999E-1 9.99999E-1 9.99999E-1 9.82527E-1 7.78533E-1 2.60253E-2 2.80172E-2 1.11041E-2 6.33959E-3 1.25371E-2 4.02425E-2 7.36674E-2 5.92829E-2 5.88673E-3 1.61099E-2 2.01093E-2 1.65764E-2 2.97885E-2 8.9374E-2 9.65681E-1 9.63007E-1 7.42695E-1 1.20043E-1 2.99986E-1 7.21035E-2 1.28903E-1 1.05291E-1 4.66551E-2 1.05976E-2 1.16298E-2 5.79982E-3 1.51149E-2 1.89762E-2 1.28533E-2
9.99966E-1 9.99786E-1 9.94296E-1 9.99721E-1 9.99849E-1 9.78626E-1 9.96455E-1 9.99951E-1 1E0 1E0 1E0 1E0 1E0 1E0 1E0 9.99993E-1 1E0 1E0 1E0 1E0 1E0 1E0 1E0 1E0 1E0 1E0 9.99966E-1 1E0 1E0 9.96844E-1 9.99126E-1 9.99992E-1 9.99999E-1 1E0 9.99937E-1 9.99429E-1 9.99971E-1 1E0 1E0 1E0 1E0 9.99634E-1 9.96251E-1 8.4895E-1 2.76437E-1 2.32134E-1 1.23803E-1 1.28554E-2 5.87581E-2 8.80832E-2 5.67733E-2 7.44441E-2 3.76006E-2 1.33794E-2 5.25338E-3 1.5134E-2 3.52256E-2 8.36593E-2 9.08485E-1 5.92408E-1 7.47149E-1 1.91725E-1 1.35009E-1 4.28053E-2 5.11281E-2 3.49768E-2 2.9294E-2 1.11156E-2 1.76832E-2 1.106E-2 1.41427E-2 9.21158E-3 6.31433E-3
9.99128E-1 9.97844E-1 9.91467E-1 9.99764E-1 9.926E-1 9.82805E-1 9.97991E-1 9.87866E-1 1E0 1E0 1E0 1E0 1E0 1E0 1E0 1E0 1E0 1E0 1E0 1E0 1E0 1E0 1E0 1E0 1E0 1E0 1E0 1E0 1E0 9.98537E-1 9.9999E-1 9.99981E-1 9.99995E-1 9.99809E-1 9.99997E-1 9.99997E-1 9.99926E-1 1E0 1E0 1E0 9.99989E-1 9.99391E-1 9.54733E-1 9.86403E-1 9.62399E-1 6.38958E-1 2.89156E-1 2.83186E-1 1.27997E-1 2.63988E-2 2.34304E-2 7.90133E-2 2.15974E-1 1.30232E-1 4.81687E-2 2.65994E-2 3.69569E-2 1.58768E-1 8.96427E-1 8.2495E-1 5.00625E-1 1.94305E-1 7.22563E-2 3.74617E-2 1.12089E-2 1.37288E-2 1.47203E-2 5.01947E-3 1.19977E-2 2.56989E-2 1.9528E-2 7.54283E-2 7.06432E-3
9.99986E-1 9.85447E-1 9.75334E-1 1E0 9.88955E-1 9.56409E-1 9.97573E-1 9.98823E-1 9.99986E-1 9.99997E-1 1E0 1E0 1E0 1E0 1E0 1E0 1E0 1E0 1E0 1E0 1E0 1E0 1E0 1E0 1E0 1E0 1E0 9.99989E-1 1E0 9.994E-1 9.99964E-1 9.99986E-1 9.99965E-1 1E0 1E0 9.99999E-1 9.99991E-1 9.99961E-1 1E0 1E0 1E0 9.99898E-1 9.93626E-1 9.86944E-1 9.80032E-1 9.18074E-1 2.37399E-1 9.8477E-2 3.18841E-2 3.40493E-2 4.27056E-2 2.07825E-1 3.99564E-1 2.60278E-1 6.20735E-2 4.82756E-2 3.81662E-2 1.23365E-1 8.14734E-1 9.07728E-1 5.67224E-1 2.24962E-1 7.5221E-2 2.70702E-2 1.67236E-2 2.01934E-2 7.22061E-3 1.08834E-2 2.51032E-2 9.33737E-3 1.1808E-2 7.33708E-2 3.44739E-2
9.99949E-1 9.99872E-1 9.99961E-1 1E0 9.80507E-1 9.83667E-1 9.99818E-1 9.99872E-1 1E0 1E0 1E0 1E0 1E0 1E0 1E0 1E0 1E0 1E0 1E0 1E0 1E0 1E0 1E0 1E0 1E0 1E0 1E0 1E0 9.99999E-1 9.99992E-1 9.9896E-1 9.99477E-1 9.99124E-1 1E0 1E0 1E0 1E0 9.99999E-1 1E0 9.99998E-1 9.99914E-1 9.98074E-1 9.9921E-1 9.88754E-1 9.98724E-1 9.85996E-1 7.89492E-1 3.5164E-1 2.25314E-1 4.20403E-1 1.52446E-1 2.06796E-1 6.48477E-1 5.99825E-1 3.43774E-1 2.7525E-1 2.49292E-1 3.36153E-1 6.26747E-1 8.23613E-1 5.28785E-1 2.46894E-1 1.41362E-1 6.74866E-2 8.1387E-3 8.95193E-3 2.99436E-3 6.781E-3 1.36516E-2 7.94377E-3 6.02569E-3 9.7263E-3 1.33857E-2
9.99999E-1 9.99997E-1 1E0 9.99981E-1 9.99353E-1 9.99942E-1 1E0 1E0 1E0 1E0 1E0 1E0 1E0 1E0 1E0 1E0 1E0 1E0 1E0 1E0 1E0 1E0 1E0 1E0 1E0 1E0 1E0 1E0 1E0 1E0 1E0 9.99999E-1 9.99982E-1 1E0 1E0 1E0 1E0 9.99901E-1 9.99998E-1 9.96111E-1 9.81463E-1 9.7751E-1 9.99704E-1 9.99782E-1 9.72258E-1 9.98352E-1 9.57876E-1 7.94192E-1 8.74948E-1 7.08216E-1 5.83872E-1 5.46044E-1 7.78199E-1 8.21166E-1 4.68134E-1 3.44301E-1 2.80359E-1 2.64674E-1 3.84623E-1 6.34213E-1 4.92051E-1 3.79853E-1 1.57199E-1 6.26944E-2 1.24453E-2 2.61753E-2 1.07972E-2 2.0449E-3 1.73328E-3 3.52334E-3 1.568E-2 1.3681E-2 1.57429E-2
9.99996E-1 9.99995E-1 1E0 1E0 9.99999E-1 9.99999E-1 9.99984E-1 1E0 9.99999E-1 1E0 9.9711E-1 9.99833E-1 1E0 1E0 1E0 1E0 1E0 1E0 9.99995E-1 1E0 1E0 1E0 1E0 1E0 1E0 1E0 1E0 1E0 1E0 1E0 9.99666E-1 9.51441E-1 1E0 1E0 1E0 1E0 9.99953E-1 9.99786E-1 9.49455E-1 8.71104E-1 9.84807E-1 9.95356E-1 9.99767E-1 9.99846E-1 9.96876E-1 9.84193E-1 8.86331E-1 8.156E-1 8.00563E-1 7.10241E-1 7.82649E-1 6.87551E-1 6.90785E-1 4.32494E-1 3.97588E-1 1.87698E-1 1.37149E-1 2.11637E-1 4.63568E-1 4.52886E-1 6.30659E-1 4.51011E-1 3.24411E-1 6.61551E-2 1.89713E-2 3.99407E-2 5.8491E-2 6.30099E-2 3.76773E-2 1.59634E-2 2.28938E-2 6.38234E-3 7.53995E-3
9.99935E-1 1E0 1E0 9.99976E-1 1E0 1E0 1E0 1E0 9.99999E-1 9.99996E-1 8.34154E-1 8.27374E-1 1E0 1E0 1E0 1E0 1E0 9.99999E-1 9.99639E-1 1E0 1E0 1E0 1E0 1E0 1E0 1E0 1E0 1E0 9.99999E-1 9.99998E-1 9.99941E-1 9.92222E-1 9.98798E-1 9.98882E-1 9.99997E-1 9.99995E-1 9.92392E-1 9.41464E-1 8.77691E-1 9.63419E-1 9.99571E-1 9.99974E-1 9.99998E-1 9.99903E-1 9.98418E-1 9.90426E-1 9.62488E-1 9.68643E-1 3.46912E-1 5.07998E-1 3.07672E-1 8.21429E-1 6.72766E-1 3.91692E-1 2.43664E-1 9.62737E-2 4.54608E-2 1.14833E-1 1.79593E-1 2.03151E-1 5.66245E-1 2.289E-1 1.0622E-1 5.05803E-2 4.06463E-3 7.087E-3 7.53585E-2 3.52224E-2 2.32146E-2 3.09902E-2 3.90696E-2 3.2572E-2 2.14551E-2
1E0 1E0 1E0 9.99991E-1 9.99977E-1 9.99996E-1 1E0 1E0 1E0 1E0 9.99995E-1 9.99142E-1 1E0 1E0 1E0 1E0 1E0 1E0 1E0 1E0 1E0 1E0 9.99997E-1 9.99999E-1 1E0 1E0 1E0 1E0 9.98441E-1 9.99983E-1 9.99299E-1 9.99619E-1 9.98602E-1 9.63575E-1 9.99986E-1 9.99975E-1 9.66438E-1 8.29232E-1 9.88288E-1 9.64546E-1 9.92183E-1 9.96483E-1 9.99884E-1 9.13434E-1 8.67707E-1 9.98659E-1 9.92021E-1 9.97703E-1 9.76709E-1 9.48389E-1 8.25441E-1 7.48511E-1 6.86748E-1 3.56561E-1 2.98401E-1 3.45994E-1 1.09435E-1 1.78421E-1 6.65697E-2 2.86425E-1 3.94373E-1 1.48876E-1 6.94528E-2 7.55255E-3 1.46397E-2 8.33328E-3 5.50447E-3 2.33542E-3 4.65288E-3 1.49256E-3 2.18453E-3 3.3204E-4 1.80368E-3
1E0 1E0 9.99993E-1 9.99996E-1 1E0 1E0 1E0 9.99998E-1 1E0 1E0 1E0 1E0 1E0 1E0 1E0 1E0 1E0 1E0 1E0 1E0 1E0 1E0 1E0 1E0 1E0 1E0 1E0 1E0 1E0 9.99989E-1 9.99097E-1 9.99995E-1 9.99997E-1 9.99828E-1 1E0 9.99958E-1 9.88159E-1 9.92225E-1 9.87717E-1 9.99999E-1 9.99997E-1 9.83293E-1 6.84601E-1 3.61187E-1 7.38938E-1 9.91934E-1 9.39298E-1 9.01008E-1 6.39553E-1 1.74975E-1 1.80639E-1 5.68472E-2 3.13662E-2 3.56854E-2 3.45687E-2 1.4137E-1 9.29878E-2 5.78334E-2 4.71772E-2 1.16501E-1 1.23703E-1 2.56395E-2 6.20724E-3 9.21856E-3 1.23822E-2 2.00417E-2 2.72106E-3 1.96012E-3 1.57406E-2 6.11457E-3 7.15131E-3 3.52196E-3 2.3181E-3
1E0 1E0 1E0 1E0 9.99968E-1 9.99997E-1 9.99976E-1 1E0 1E0 1E0 1E0 1E0 1E0 1E0 1E0 9.99998E-1 9.99997E-1 1E0 1E0 1E0 1E0 1E0 1E0 9.99934E-1 9.98797E-1 1E0 1E0 1E0 9.99982E-1 9.99816E-1 9.99995E-1 1E0 9.99961E-1 9.9999E-1 1E0 9.9931E-1 9.99032E-1 9.99787E-1 9.77089E-1 9.87962E-1 9.99254E-1 8.95251E-1 4.79262E-1 2.45394E-1 5.6875E-1 9.02366E-1 9.91873E-1 7.39992E-1 1.8432E-1 2.33885E-2 3.81651E-2 2.12201E-2 3.1782E-2 2.82473E-2 3.90139E-2 2.72596E-2 5.78006E-2 3.32718E-2 4.02714E-2 4.39623E-2 2.30145E-2 1.59576E-2 6.75778E-3 1.59649E-2 1.54928E-2 1.10611E-2 1.42565E-3 2.40294E-3 2.22866E-2 1.09211E-2 5.62122E-3 2.54608E-3 8.54424E-4
1E0 1E0 1E0 1E0 1E0 1E0 1E0 1E0 1E0 1E0 1E0 1E0 1E0 1E0 1E0 1E0 1E0 1E0 9.99949E-1 9.99999E-1 9.99999E-1 1E0 9.99977E-1 1E0 1E0 9.99999E-1 1E0 1E0 1E0 9.99992E-1 1E0 1E0 1E0 1E0 9.9972E-1 1E0 1E0 9.97252E-1 9.53846E-1 9.98106E-1 9.99367E-1 9.97862E-1 3.1169E-1 3.34062E-1 3.88703E-1 8.00504E-1 9.90572E-1 8.23571E-1 2.43273E-1 1.83118E-2 1.49643E-2 6.93462E-3 3.17275E-2 1.0054E-1 5.28456E-2 8.0989E-2 5.51212E-2 3.60023E-2 3.89705E-2 3.276E-2 1.32398E-2 4.52786E-3 8.00357E-3 1.41966E-2 2.65869E-2 7.92715E-3 1.3045E-2 1.24912E-2 1.13816E-2 8.44928E-3 3.26887E-3 2.30921E-3 8.09545E-4
1E0 1E0 1E0 1E0 1E0 1E0 1E0 1E0 1E0 1E0 1E0 1E0 1E0 1E0 1E0 1E0 1E0 1E0 1E0 9.99999E-1 1E0 1E0 1E0 1E0 9.99998E-1 9.99997E-1 9.99989E-1 9.99985E-1 1E0 9.99995E-1 9.99997E-1 9.9993E-1 9.99753E-1 9.99928E-1 9.99996E-1 9.99689E-1 9.97948E-1 9.77292E-1 9.92779E-1 9.99998E-1 9.96426E-1 9.99955E-1 5.12241E-1 3.94237E-1 3.81992E-1 8.66616E-1 6.51782E-1 6.61101E-1 1.97159E-1 4.23849E-2 3.3168E-2 4.44926E-2 1.50239E-1 9.45019E-2 1.17405E-1 1.22375E-1 3.47776E-2 2.22445E-2 1.25579E-2 1.07387E-2 5.85529E-3 4.82009E-3 1.78914E-3 3.70903E-3 1.04925E-2 9.62022E-3 3.22177E-2 1.21549E-2 3.24468E-4 3.92756E-4 8.92045E-5 2.2204E-5 8.28179E-5
1E0 1E0 1E0 1E0 1E0 1E0 1E0 1E0 1E0 1E0 1E0 1E0 1E0 1E0 1E0 1E0 9.99998E-1 9.99999E-1 1E0 1E0 1E0 9.99999E-1 1E0 1E0 1E0 1E0 1E0 1E0 1E0 1E0 9.98876E-1 9.98039E-1 9.997E-1 9.99997E-1 9.1287E-1 9.60517E-1 8.76588E-1 9.73728E-1 9.92324E-1 9.99851E-1 9.97701E-1 9.79585E-1 9.68725E-1 9.39655E-1 8.27862E-1 7.1441E-1 6.18674E-1 8.23911E-1 5.35868E-1 2.1937E-1 4.27283E-2 9.63799E-2 2.18985E-1 1.03225E-1 8.90489E-2 3.31372E-2 2.42599E-2 1.7196E-2 5.46591E-2 5.50723E-2 1.39931E-2 9.74E-3 4.26377E-2 2.08928E-2 3.30461E-3 1.59202E-2 6.90905E-3 5.15573E-3 6.18255E-4 3.45663E-4 3.83691E-4 5.47171E-4 1.93923E-4
