ENM/Final_Models/M_0.9_F_q_Set_1_EC/Gustavia_santanderiensis_5_Choco.asc
ncols         367
nrows         963
xllcorner     -78.6
yllcorner     0.65
cellsize      0.00833333333333323
NODATA_value  -9999
[rows 780 to 809 of 963, columns 134 to 200 of 367]
6.47939E-5 5.29838E-4 5.71245E-3 2.4902E-3 1.04317E-3 1.05505E-3 3.55032E-4 1.17688E-4 1.11577E-4 6.91026E-5 1.40566E-5 1.12473E-5 1.59387E-4 3.37668E-5 1.49662E-6 6.41943E-6 3.01114E-6 7.28528E-7 2.20368E-7 1.62843E-6 1.91388E-6 2.89979E-7 3.9203E-7 4.05092E-7 7.92206E-7 4.22083E-7 1.33364E-6 5.56238E-6 1.61558E-6 1.58123E-6 2.84188E-6 8.01242E-7 8.3066E-7 3.43163E-6 2.13005E-6 1.1629E-6 9.0352E-7 2.65751E-7 4.90641E-7 4.58392E-7 1.50737E-6 1.31682E-5 5.2692E-5 3.19331E-4 1.87277E-3 2.63394E-3 -9999 -9999 1.78211E-2 -9999 -9999 -9999 -9999 -9999 -9999 -9999 -9999 -9999 -9999 -9999 -9999 -9999 -9999 -9999 -9999 7.79852E-3 2.45869E-3
3.01771E-4 4.31997E-3 9.85621E-3 3.93446E-3 3.17187E-4 2.53529E-4 8.1904E-4 1.85156E-3 9.70936E-4 3.31505E-4 4.19812E-5 9.32595E-5 2.80923E-4 9.72664E-6 6.49206E-6 5.20304E-5 7.55858E-6 8.70327E-7 9.02929E-7 1.33419E-6 3.05195E-6 9.0087E-7 1.81381E-6 4.88507E-7 3.31784E-7 4.58792E-7 2.14053E-6 6.23581E-6 1.11725E-6 6.03592E-7 6.15309E-7 8.95375E-7 1.3449E-6 1.26605E-6 6.66724E-7 1.49039E-6 1.00302E-6 6.66594E-7 8.10139E-7 4.12875E-7 1.48515E-6 3.38633E-5 4.16993E-4 1.00576E-3 2.2613E-3 3.56697E-3 -9999 -9999 -9999 -9999 -9999 -9999 -9999 -9999 -9999 -9999 -9999 -9999 -9999 -9999 -9999 -9999 -9999 -9999 8.7876E-3 9.65719E-3 8.39711E-3
6.813E-5 1.74649E-3 1.54098E-2 9.77004E-3 2.52554E-3 4.87483E-4 1.02207E-4 1.49273E-4 4.71397E-4 5.19876E-4 2.69364E-4 6.79228E-4 3.41986E-4 1.16479E-4 7.52374E-5 2.53076E-5 1.47368E-6 4.41037E-7 5.29523E-7 1.13769E-6 3.41313E-6 1.06083E-5 1.65597E-5 7.2233E-6 1.89029E-6 8.77687E-6 1.32301E-5 6.59203E-6 1.57312E-6 4.49346E-7 1.41455E-6 1.39621E-6 7.08059E-7 7.42733E-7 5.03729E-7 4.64194E-7 9.81397E-7 5.76763E-6 3.29752E-6 2.33007E-6 1.48745E-5 1.9301E-4 6.93412E-4 8.24301E-4 4.47391E-3 9.36049E-3 -9999 -9999 -9999 -9999 -9999 -9999 -9999 -9999 -9999 -9999 -9999 -9999 -9999 -9999 -9999 -9999 -9999 1.03613E-2 6.13236E-3 4.60116E-3 9.5382E-3
2.41996E-3 7.10301E-3 6.34357E-3 1.30851E-2 2.17084E-3 3.57005E-3 1.1476E-3 6.70012E-5 5.72105E-5 2.32885E-4 5.21014E-5 3.88601E-5 2.99906E-4 9.82928E-5 3.19135E-5 1.35902E-5 4.45568E-7 1.04572E-6 5.35945E-7 1.35109E-6 3.49566E-6 9.22206E-6 5.8728E-6 2.33049E-6 3.15786E-6 3.05878E-6 1.92126E-6 3.96026E-6 1.73882E-6 3.63467E-7 9.46001E-7 4.53707E-7 2.75781E-7 3.9007E-7 3.49096E-7 1.17014E-6 3.08456E-6 1.09993E-5 1.17534E-5 1.81968E-5 5.60483E-5 5.00593E-4 2.10313E-3 4.72897E-3 -9999 -9999 1.63089E-3 -9999 -9999 -9999 -9999 -9999 -9999 -9999 -9999 -9999 -9999 -9999 -9999 -9999 -9999 -9999 1.55886E-2 1.15168E-2 9.33616E-3 4.00519E-3 1.23443E-2
2.47768E-3 2.01208E-3 1.72984E-2 4.5257E-3 7.12138E-4 2.00856E-3 5.33391E-3 8.55439E-4 6.8068E-6 1.61557E-5 3.85301E-5 7.38054E-6 2.66479E-6 3.34997E-6 2.8958E-6 1.27532E-5 3.6311E-6 1.56677E-6 1.40729E-6 1.97721E-6 7.26169E-6 4.30003E-6 1.26196E-6 4.9132E-7 2.97374E-7 5.83457E-7 5.77576E-7 2.20367E-6 7.71773E-7 3.45976E-7 1.3103E-6 8.74962E-7 2.00475E-7 3.84741E-7 1.38339E-6 4.18326E-6 7.06016E-6 7.29958E-5 2.57723E-5 1.60774E-4 5.39676E-4 1.80482E-3 4.15841E-3 -9999 -9999 -9999 6.19714E-3 -9999 -9999 -9999 -9999 -9999 -9999 -9999 -9999 -9999 -9999 -9999 -9999 -9999 -9999 7.06801E-3 7.12776E-3 4.45765E-3 6.14562E-3 4.73637E-3 1.34482E-2
1.68579E-2 2.50078E-2 2.24367E-2 1.39367E-2 2.92254E-3 9.41583E-4 2.97098E-3 1.85994E-3 9.89052E-5 1.9401E-4 1.757E-4 1.97277E-5 1.86119E-5 2.43803E-6 1.08065E-6 1.83238E-6 1.58197E-6 1.34564E-6 1.34312E-7 1.90704E-6 4.98498E-6 2.30987E-6 5.40788E-7 8.37223E-7 7.41979E-7 5.68879E-7 3.40195E-7 8.08121E-7 3.37016E-7 8.30608E-7 1.36235E-6 7.66631E-7 5.48795E-7 1.28931E-6 4.91228E-6 1.26745E-5 4.02953E-5 3.02165E-4 9.09033E-6 6.48824E-5 5.784E-4 3.64363E-3 3.0635E-3 -9999 -9999 -9999 1.19016E-2 -9999 -9999 -9999 -9999 -9999 -9999 -9999 -9999 -9999 -9999 -9999 -9999 -9999 4.00732E-3 4.00273E-3 4.78981E-3 3.43931E-3 3.39099E-3 7.86707E-3 1.66943E-2
4.22045E-2 1.18892E-2 3.97729E-3 8.61348E-3 2.4202E-2 7.66376E-3 7.76986E-3 9.55976E-3 1.6172E-2 5.23149E-3 4.09697E-3 1.42075E-3 1.64829E-4 2.53242E-5 2.54314E-6 1.46867E-6 9.98272E-7 9.98352E-7 1.41161E-7 3.41362E-7 1.32565E-6 3.79379E-6 1.95674E-6 1.67658E-6 9.4313E-7 1.80216E-6 3.5901E-7 3.34657E-7 3.2106E-7 1.21667E-6 2.3234E-6 6.69216E-7 8.50685E-7 1.13276E-6 8.21503E-6 2.2285E-5 5.84843E-5 2.02548E-4 9.52019E-6 1.13676E-5 2.71994E-4 7.53737E-4 -9999 -9999 -9999 -9999 -9999 -9999 -9999 -9999 -9999 -9999 -9999 -9999 -9999 -9999 -9999 -9999 -9999 -9999 -9999 4.76018E-3 4.35722E-3 3.53236E-3 5.60859E-3 1.40454E-2 1.56614E-2
2.5833E-2 9.11516E-3 9.4417E-3 3.79999E-3 8.11768E-3 1.5967E-2 5.94356E-3 1.76526E-3 1.08485E-2 5.29281E-3 1.70007E-3 1.15007E-3 1.60732E-3 3.75025E-4 9.28929E-5 1.22571E-5 3.55838E-6 5.20851E-8 3.04311E-6 3.38452E-6 1.64162E-6 4.00646E-6 1.61353E-6 2.41344E-7 7.79397E-7 7.69301E-6 3.08305E-6 4.78236E-7 5.81844E-7 2.83884E-6 7.56404E-6 6.36554E-7 5.34685E-7 1.672E-6 8.89633E-6 1.79781E-5 7.61742E-5 1.16411E-4 1.62209E-4 9.78551E-6 4.26215E-5 6.00716E-4 -9999 -9999 -9999 -9999 -9999 -9999 -9999 -9999 -9999 -9999 -9999 -9999 -9999 -9999 -9999 -9999 -9999 -9999 -9999 8.64249E-3 5.88098E-3 1.75436E-2 1.37572E-2 2.72385E-2 2.07927E-2
4.36934E-2 1.10195E-2 3.34849E-3 3.43924E-3 1.74065E-3 3.21206E-3 1.50988E-2 1.35278E-3 9.27427E-4 2.52299E-3 8.27301E-4 3.6829E-5 3.08039E-5 1.60355E-5 4.71441E-5 1.4357E-5 1.75482E-6 3.12919E-7 2.57333E-6 2.76744E-6 1.35084E-6 6.5047E-7 4.08405E-7 1.94351E-7 9.29863E-7 3.70461E-6 1.61976E-6 9.21998E-7 1.52802E-6 4.65178E-6 2.03007E-5 2.31482E-6 1.65224E-7 3.73192E-7 6.64318E-6 2.81821E-5 1.42507E-4 4.75523E-4 1.69579E-4 1.20057E-4 1.51182E-5 3.99621E-4 1.45827E-3 -9999 -9999 -9999 -9999 -9999 -9999 -9999 -9999 -9999 -9999 -9999 -9999 -9999 -9999 -9999 -9999 9.61391E-3 1.69036E-2 9.22675E-3 6.98399E-3 2.16673E-2 2.68316E-2 1.38407E-2 7.72842E-3
7.5736E-3 1.03774E-3 2.39686E-4 7.65657E-4 3.35124E-4 3.98252E-4 3.21499E-3 1.48449E-3 1.20442E-4 8.31178E-5 8.83373E-4 1.92268E-4 1.02847E-5 7.33113E-6 5.83114E-6 1.10412E-5 6.36708E-7 2.03801E-7 2.45773E-6 8.95053E-7 3.78962E-7 7.28206E-7 7.24009E-7 7.77571E-7 5.22638E-7 7.00253E-7 3.36965E-7 1.8088E-7 6.20932E-7 2.51676E-6 2.29374E-5 3.23089E-6 5.46335E-7 9.54834E-7 3.69742E-6 9.71406E-5 8.32764E-4 1.13033E-3 7.20447E-4 2.45512E-4 1.17824E-4 8.09781E-4 3.16409E-3 5.07188E-3 -9999 -9999 -9999 -9999 -9999 -9999 -9999 -9999 -9999 -9999 -9999 -9999 -9999 -9999 5.67026E-3 9.51948E-3 2.11017E-2 7.909E-3 1.45957E-2 1.65837E-2 7.36763E-3 6.19323E-3 6.84489E-3
1.08808E-2 9.14354E-3 2.81111E-3 3.82173E-4 6.06882E-5 8.45585E-5 3.22359E-4 3.77975E-4 1.03353E-4 1.08553E-5 8.41465E-6 7.7758E-5 1.90384E-5 6.82432E-7 6.94845E-7 1.79376E-6 1.10188E-6 7.91619E-7 9.12939E-7 2.82478E-7 7.83451E-8 1.34722E-6 1.7051E-6 2.28907E-6 1.99453E-7 3.5066E-6 1.7401E-5 3.72175E-6 9.93203E-6 4.90749E-5 8.84403E-6 3.08635E-6 8.40729E-7 1.26847E-6 2.39371E-5 8.66679E-5 6.0441E-4 3.20959E-3 1.10593E-3 1.07239E-3 1.46804E-3 3.97172E-4 2.13802E-3 -9999 -9999 -9999 -9999 -9999 -9999 -9999 -9999 -9999 -9999 -9999 -9999 -9999 -9999 -9999 6.15259E-3 7.47718E-3 2.06445E-2 2.03157E-2 1.31694E-2 6.36764E-3 2.4851E-3 1.60543E-3 1.72921E-3
6.65863E-3 5.94748E-3 2.19573E-3 6.1789E-4 1.99782E-4 2.97842E-5 4.5992E-5 7.71518E-5 1.63765E-5 4.51938E-6 1.16254E-6 2.48635E-6 3.90208E-6 1.10293E-6 2.64865E-7 1.75638E-7 3.76946E-7 1.2934E-7 1.10347E-7 3.78627E-7 7.88905E-7 1.36416E-6 1.25342E-6 1.75782E-6 4.32465E-7 1.37183E-6 3.78631E-5 6.34974E-5 8.65372E-5 1.3179E-4 5.89545E-6 5.44745E-7 8.72995E-7 8.55986E-6 6.02229E-5 1.43063E-4 9.62705E-4 -9999 1.86008E-3 4.19098E-3 1.87539E-3 2.1712E-3 1.87123E-3 -9999 -9999 -9999 -9999 -9999 -9999 -9999 -9999 -9999 -9999 -9999 -9999 -9999 -9999 -9999 5.60879E-3 1.38182E-2 3.01977E-2 2.9859E-2 1.03517E-2 2.89714E-3 1.72775E-3 1.67245E-3 8.73406E-4
4.74136E-3 2.28401E-3 4.27014E-4 1.2429E-4 4.86644E-5 1.35126E-5 4.9924E-6 5.77968E-6 2.97988E-6 1.06635E-6 5.72645E-7 4.8432E-7 8.9945E-7 6.03488E-7 4.4492E-7 7.83091E-8 8.91343E-8 3.13202E-7 7.10827E-8 8.32005E-7 7.09397E-7 1.30463E-6 3.37438E-7 9.77021E-7 8.47697E-8 1.67224E-7 8.84666E-6 3.72774E-4 1.2696E-4 2.45441E-5 1.61897E-6 1.01208E-6 3.52057E-6 4.4002E-5 1.70731E-4 3.50941E-4 6.76705E-4 -9999 -9999 -9999 8.71345E-3 6.37931E-3 3.03382E-2 -9999 -9999 -9999 -9999 -9999 -9999 -9999 -9999 -9999 -9999 -9999 -9999 -9999 -9999 -9999 -9999 -9999 -9999 1.80221E-2 3.20977E-3 3.32729E-3 3.6799E-3 1.11853E-3 2.07563E-4
1.07468E-3 4.15372E-4 6.50348E-4 1.94797E-4 5.06017E-5 3.4922E-6 3.96684E-6 1.08142E-5 4.04447E-6 2.08845E-5 1.49917E-5 2.26285E-6 1.55128E-6 8.60447E-6 1.36025E-7 7.51633E-7 8.24792E-7 4.77793E-7 5.17144E-8 2.25275E-7 3.34065E-7 1.15964E-7 2.39249E-7 5.70803E-7 5.99464E-7 2.51682E-6 1.13675E-5 4.30501E-4 9.18957E-5 2.30311E-6 7.38539E-7 1.91831E-6 1.1225E-5 6.87049E-5 3.44759E-4 1.25146E-3 2.75477E-3 3.77206E-3 -9999 -9999 -9999 -9999 -9999 -9999 -9999 -9999 -9999 -9999 -9999 -9999 -9999 -9999 -9999 -9999 -9999 -9999 -9999 -9999 -9999 2.85268E-2 8.55369E-3 3.60098E-3 6.88165E-3 3.94231E-3 1.31877E-3 3.05794E-4 2.29047E-4
8.74146E-4 1.76029E-3 3.86573E-3 4.52667E-4 9.13235E-5 6.09038E-6 1.34572E-5 1.23256E-4 3.36754E-5 3.06346E-4 3.26846E-5 1.74195E-5 3.37983E-5 2.91198E-5 8.2574E-8 8.60708E-7 2.19911E-7 1.10612E-6 2.85967E-7 2.52058E-7 1.12844E-7 1.27939E-7 1.45817E-7 5.5204E-7 1.97489E-5 9.83902E-6 3.56904E-4 2.52157E-4 4.92746E-5 3.65596E-6 2.79821E-7 9.55602E-6 5.9309E-5 2.27709E-4 8.75618E-4 1.80345E-3 1.05617E-3 2.60997E-3 -9999 -9999 -9999 -9999 -9999 -9999 -9999 -9999 -9999 -9999 -9999 -9999 -9999 -9999 -9999 -9999 -9999 -9999 -9999 -9999 2.54756E-2 1.80207E-2 -9999 8.24361E-3 6.75971E-3 1.05754E-3 9.74894E-4 9.3934E-4 2.83956E-4
1.15524E-2 3.18035E-2 1.97475E-2 6.99568E-3 2.14928E-2 1.21491E-4 7.2699E-5 9.41234E-4 4.10755E-4 6.99043E-4 6.35376E-4 2.59816E-4 1.39387E-4 8.89185E-6 4.32234E-7 9.93257E-7 3.46074E-7 4.26976E-7 1.8123E-6 2.62131E-6 1.54E-7 4.89086E-7 1.0014E-6 1.12934E-6 4.35466E-5 3.75518E-4 6.96968E-4 1.4132E-4 3.08216E-5 2.34492E-7 7.65925E-7 8.12225E-6 1.20206E-4 5.23796E-4 3.2648E-3 2.288E-3 4.36566E-3 -9999 -9999 -9999 -9999 -9999 -9999 -9999 -9999 -9999 -9999 -9999 -9999 -9999 -9999 -9999 -9999 -9999 -9999 -9999 -9999 1.85631E-2 1.95618E-2 -9999 -9999 1.68762E-2 1.29172E-2 2.85152E-3 1.58739E-3 3.0045E-4 1.02271E-3
5.28833E-3 8.77877E-3 4.93918E-3 1.8217E-3 1.12607E-2 1.02696E-3 1.51081E-3 4.74036E-3 2.39551E-3 1.3206E-3 2.35044E-4 5.72662E-5 9.69318E-6 1.6606E-6 5.21884E-7 1.4368E-7 2.59417E-7 2.36018E-7 2.27142E-7 9.47783E-7 8.86193E-6 9.60263E-6 6.0534E-8 3.35378E-6 7.41013E-6 3.83636E-4 8.88773E-4 -9999 -9999 4.22896E-6 3.43957E-6 6.2688E-5 1.33952E-4 5.23319E-4 2.3134E-3 5.7165E-3 -9999 -9999 -9999 -9999 -9999 -9999 -9999 -9999 -9999 -9999 -9999 -9999 -9999 -9999 -9999 -9999 -9999 -9999 -9999 -9999 -9999 -9999 -9999 -9999 -9999 5.32821E-3 4.89026E-3 9.16805E-3 5.93361E-3 3.99231E-3 1.38544E-3
8.00826E-3 9.9984E-3 7.52032E-3 7.0994E-3 3.19786E-3 5.03417E-3 1.10907E-2 1.33929E-2 3.65694E-3 1.74367E-3 6.27839E-4 1.11737E-5 7.25305E-7 1.68274E-7 2.11144E-7 1.21631E-7 6.91279E-8 6.13126E-8 2.23041E-7 2.85372E-7 4.175E-7 2.25685E-5 6.68167E-5 1.13049E-5 2.23123E-5 9.30809E-4 1.26806E-3 -9999 -9999 1.60954E-5 3.79632E-5 2.12641E-4 6.93112E-4 1.25673E-3 3.27502E-3 2.50838E-3 1.03085E-2 -9999 -9999 -9999 -9999 -9999 -9999 -9999 -9999 -9999 -9999 -9999 -9999 -9999 -9999 -9999 -9999 -9999 -9999 -9999 -9999 -9999 -9999 -9999 -9999 3.82753E-3 2.65145E-3 6.20954E-3 2.25655E-3 1.17373E-3 1.09206E-3
5.81718E-2 3.01097E-2 1.75332E-2 1.86007E-2 1.79668E-2 7.41003E-3 1.76204E-3 3.97072E-4 1.00995E-4 2.42778E-5 1.75233E-5 3.81531E-6 8.68124E-7 2.83912E-7 1.18866E-7 6.13151E-7 1.4788E-7 8.93287E-8 5.85229E-7 1.31007E-7 2.4765E-7 8.7495E-7 3.72982E-5 1.68454E-4 5.52983E-4 1.5388E-3 1.40181E-3 -9999 -9999 2.49611E-4 3.08068E-4 5.94322E-4 7.78111E-4 4.70209E-3 3.98371E-3 2.63311E-3 1.4697E-2 -9999 -9999 -9999 -9999 -9999 -9999 -9999 -9999 -9999 -9999 -9999 -9999 -9999 -9999 -9999 -9999 -9999 -9999 -9999 -9999 -9999 -9999 -9999 -9999 2.19747E-3 1.58357E-3 5.1525E-3 1.18707E-3 2.07407E-4 4.34903E-5
9.12721E-2 5.62891E-2 2.07638E-2 2.58091E-2 1.71876E-2 4.21471E-3 3.76755E-4 5.14962E-5 8.67737E-6 2.80574E-6 2.87417E-7 2.75878E-7 5.52108E-7 3.76063E-7 3.41351E-7 2.16103E-6 7.26719E-7 3.26332E-6 1.26916E-6 2.49862E-7 2.30359E-7 2.85154E-7 2.35757E-6 2.36176E-5 1.21351E-3 -9999 -9999 -9999 -9999 1.14354E-3 7.21298E-4 2.04754E-3 3.11838E-3 4.60249E-3 -9999 -9999 -9999 -9999 -9999 -9999 -9999 -9999 -9999 -9999 -9999 -9999 -9999 -9999 -9999 -9999 -9999 -9999 -9999 -9999 -9999 -9999 -9999 -9999 -9999 -9999 1.12535E-3 1.73716E-3 1.00247E-3 1.31199E-3 6.40883E-4 8.54204E-5 6.46567E-5
2.14391E-2 3.54752E-2 7.71763E-2 5.12152E-2 1.3149E-2 1.27901E-2 5.40063E-4 2.90094E-4 3.16886E-5 2.53645E-6 5.89461E-7 2.55512E-7 5.0501E-7 2.98364E-7 6.72752E-7 3.22245E-6 1.00601E-5 2.41075E-6 5.85492E-7 3.16902E-7 2.70581E-7 1.81589E-7 1.61566E-6 8.82281E-5 2.09818E-3 -9999 -9999 -9999 -9999 6.49343E-4 3.34967E-3 1.34342E-3 1.24157E-2 3.12472E-2 -9999 -9999 -9999 -9999 -9999 -9999 -9999 -9999 -9999 -9999 -9999 -9999 -9999 -9999 -9999 -9999 -9999 -9999 -9999 -9999 -9999 -9999 -9999 -9999 -9999 -9999 2.71799E-4 1.40263E-4 1.75321E-3 7.2102E-4 3.46772E-4 2.42467E-4 5.26408E-5
3.58613E-2 2.11761E-2 2.73177E-2 5.93736E-2 3.10638E-3 8.82831E-4 6.07104E-5 3.64742E-5 1.01625E-5 2.08783E-6 5.0263E-7 1.39026E-7 2.1199E-7 2.48055E-7 1.65373E-5 2.25506E-5 1.27107E-5 1.32611E-6 3.42843E-7 2.4035E-7 3.12905E-7 4.9138E-7 5.93877E-6 1.22401E-4 2.15074E-3 1.75726E-3 -9999 -9999 -9999 -9999 -9999 1.14653E-2 1.59021E-2 2.4737E-2 -9999 -9999 -9999 -9999 -9999 -9999 -9999 -9999 -9999 -9999 -9999 -9999 -9999 -9999 -9999 -9999 -9999 -9999 -9999 -9999 -9999 -9999 -9999 -9999 -9999 -9999 1.65793E-4 5.07073E-4 1.0119E-3 3.38124E-4 3.0136E-5 5.73751E-5 9.90276E-5
1.38603E-2 4.10919E-3 3.99269E-3 6.11199E-3 1.66812E-3 1.0883E-4 2.18713E-5 6.17056E-6 2.68286E-6 4.19601E-7 8.83684E-8 3.15381E-7 8.82519E-7 1.01623E-6 2.42321E-6 4.42526E-5 1.24103E-5 1.73512E-6 5.29912E-7 2.53343E-7 3.45618E-7 8.29389E-7 3.1916E-5 2.7183E-4 1.39338E-3 7.68984E-4 -9999 -9999 -9999 -9999 -9999 -9999 2.15961E-2 -9999 -9999 -9999 -9999 -9999 -9999 -9999 -9999 -9999 -9999 -9999 -9999 -9999 -9999 -9999 -9999 -9999 -9999 -9999 -9999 -9999 -9999 -9999 -9999 -9999 -9999 -9999 1.85517E-3 1.75677E-4 4.14862E-4 2.08778E-4 7.3569E-5 1.21535E-4 1.28591E-4
2.71512E-3 5.11446E-4 8.32024E-4 6.00612E-4 1.17284E-4 8.59092E-5 7.8348E-5 5.84577E-5 2.81598E-6 1.22506E-7 5.66284E-8 8.10936E-7 2.12808E-5 6.7599E-6 5.44839E-6 3.30742E-5 7.65374E-5 1.78078E-5 1.91418E-6 7.11529E-7 1.62136E-7 4.88838E-7 2.96908E-6 1.07289E-4 8.29527E-5 8.34777E-5 2.76209E-4 5.04935E-4 1.67708E-3 -9999 -9999 -9999 -9999 -9999 -9999 -9999 -9999 -9999 -9999 -9999 -9999 -9999 -9999 -9999 -9999 -9999 -9999 -9999 -9999 -9999 -9999 -9999 -9999 -9999 -9999 -9999 -9999 -9999 -9999 -9999 2.23309E-3 4.04315E-4 6.38134E-4 7.19678E-4 5.16816E-4 9.52653E-5 5.22857E-5
1.3304E-3 2.70045E-4 3.64333E-4 2.81652E-4 3.14044E-4 5.83401E-4 1.48355E-4 9.92165E-6 4.94926E-6 2.93245E-7 6.39073E-8 4.59407E-6 9.84453E-5 1.49568E-5 3.02385E-6 5.32278E-5 7.81904E-5 1.54873E-5 9.27577E-7 3.36816E-7 1.86518E-7 2.05476E-7 6.50395E-6 1.57836E-4 1.25947E-4 2.92884E-4 4.18512E-4 2.45968E-4 5.04721E-4 3.04371E-3 1.00943E-2 -9999 -9999 -9999 -9999 -9999 -9999 -9999 -9999 -9999 -9999 -9999 -9999 -9999 -9999 -9999 -9999 -9999 -9999 -9999 -9999 -9999 -9999 -9999 -9999 -9999 -9999 -9999 -9999 -9999 -9999 8.57475E-4 6.48209E-4 9.95608E-4 5.26978E-4 5.43646E-5 1.25115E-5
5.21802E-4 5.1729E-4 4.90904E-4 1.67727E-3 1.98353E-3 5.37598E-4 2.6851E-4 1.11553E-5 1.62246E-5 1.23E-6 3.69784E-7 3.32555E-5 8.99162E-5 1.4196E-5 2.55169E-5 2.23113E-4 1.07169E-4 1.25648E-5 1.15607E-6 4.17396E-7 1.06334E-7 2.78565E-7 3.37248E-6 9.11731E-5 6.16612E-4 6.51786E-4 9.63738E-4 5.30569E-4 4.85353E-4 8.75826E-3 3.66867E-2 1.45162E-2 -9999 -9999 -9999 -9999 -9999 -9999 -9999 -9999 -9999 -9999 -9999 -9999 -9999 -9999 -9999 -9999 -9999 -9999 -9999 -9999 -9999 -9999 -9999 -9999 -9999 -9999 -9999 -9999 -9999 2.1101E-3 7.92338E-4 5.5492E-4 4.71641E-4 2.32956E-4 1.97065E-5
2.72364E-3 3.00649E-3 5.29181E-3 6.02429E-3 3.57049E-3 4.93592E-4 2.10742E-4 8.13631E-5 1.8971E-5 3.63885E-6 4.69388E-6 8.39721E-5 1.88071E-4 8.85126E-6 1.1422E-4 4.71164E-4 7.88677E-5 4.63572E-6 2.99205E-7 2.08595E-7 1.36263E-7 1.93301E-6 7.47609E-5 1.36075E-4 1.64692E-3 1.63127E-3 8.62999E-3 -9999 7.95338E-4 1.06956E-2 -9999 -9999 -9999 -9999 -9999 -9999 -9999 -9999 -9999 -9999 -9999 -9999 -9999 -9999 -9999 -9999 -9999 -9999 -9999 -9999 -9999 -9999 -9999 -9999 -9999 -9999 -9999 -9999 -9999 -9999 -9999 -9999 2.61146E-3 1.4868E-3 1.0185E-3 9.63351E-5 1.72897E-5
3.14823E-3 2.04465E-3 1.18951E-2 3.66496E-3 5.1977E-4 1.04929E-4 1.80359E-5 9.83385E-6 2.13358E-6 2.72715E-6 5.11161E-5 2.29611E-4 3.71105E-4 2.24496E-4 3.97921E-4 2.27509E-4 2.31928E-5 2.72481E-6 2.51091E-7 1.85162E-7 8.08102E-7 9.45603E-5 2.20134E-4 2.56941E-4 2.11949E-3 1.69588E-3 1.00546E-2 -9999 2.35795E-3 -9999 -9999 -9999 -9999 -9999 -9999 -9999 -9999 -9999 -9999 -9999 -9999 -9999 -9999 -9999 -9999 -9999 -9999 -9999 -9999 -9999 -9999 -9999 -9999 -9999 -9999 -9999 -9999 -9999 -9999 -9999 -9999 -9999 -9999 1.55768E-3 1.65192E-3 2.69513E-4 3.00761E-5
2.70455E-3 2.20748E-3 5.62736E-3 1.59968E-3 6.25212E-4 7.17857E-5 6.78655E-5 1.16522E-5 2.95491E-6 1.44573E-6 2.13011E-5 7.52081E-4 9.01062E-4 6.81224E-4 5.14671E-4 1.1681E-4 2.17763E-5 1.86002E-6 2.21156E-7 4.85792E-7 2.67476E-6 1.12452E-4 7.42177E-4 8.04547E-4 1.99294E-3 1.04455E-2 -9999 -9999 -9999 -9999 -9999 -9999 -9999 -9999 -9999 -9999 -9999 -9999 -9999 -9999 -9999 -9999 -9999 -9999 -9999 -9999 -9999 -9999 -9999 -9999 -9999 -9999 -9999 -9999 -9999 -9999 -9999 -9999 -9999 -9999 -9999 -9999 -9999 -9999 1.06435E-3 5.92787E-5 1.07662E-4
4.77817E-3 2.3941E-3 3.14055E-3 1.85871E-3 2.49593E-3 5.2979E-4 2.89488E-4 7.57685E-6 1.03392E-6 3.89068E-6 2.14918E-5 4.80286E-4 1.468E-3 7.35572E-4 2.51169E-4 9.28246E-5 3.90482E-5 5.52374E-6 6.80186E-7 2.16761E-7 2.1511E-5 4.11705E-4 7.67101E-4 2.83035E-3 1.31609E-3 3.66935E-3 -9999 -9999 -9999 -9999 -9999 -9999 -9999 -9999 -9999 -9999 -9999 -9999 -9999 -9999 -9999 -9999 -9999 -9999 -9999 -9999 -9999 -9999 -9999 -9999 -9999 -9999 -9999 -9999 -9999 -9999 -9999 -9999 2.01242E-3 1.50882E-3 1.91605E-3 -9999 -9999 -9999 -9999 1.205E-3 1.60421E-3
