ENM/Final_Models/M_0.9_F_q_Set_1_EC/Gustavia_santanderiensis_6_Choco.asc
ncols         367
nrows         963
xllcorner     -78.6
yllcorner     0.65
cellsize      0.00833333333333323
NODATA_value  -9999
[rows 455 to 489 of 963, columns 231 to 307 of 367]
1E0 1E0 1E0 1E0 1E0 1E0 1E0 1E0 1E0 1E0 1E0 1E0 1E0 1E0 9.99127E-1 6.22873E-1 1.50641E-1 1.09275E-2 5.39839E-2 2.95073E-2 2.34847E-1 5.34506E-1 8.08301E-1 9.99479E-1 9.99999E-1 9.99897E-1 7.27342E-2 6.19578E-1 5.66758E-2 4.61384E-2 1.83943E-1 1.5786E-1 1.16831E-1 1.22406E-1 6.4605E-2 3.3057E-2 9.04891E-4 3.96405E-3 7.78998E-2 1.89976E-1 8.82161E-2 3.52052E-1 9.96436E-1 9.98593E-1 7.75868E-1 9.99699E-1 7.99555E-1 1.63575E-1 7.5184E-2 1.05796E-1 1.33148E-1 3.29989E-1 1.85865E-1 3.43843E-1 7.72799E-1 4.19257E-1 5.855E-1 1.42944E-1 2.8576E-2 -9999 -9999 -9999 -9999 -9999 -9999 -9999 -9999 -9999 -9999 -9999 -9999 -9999 -9999 -9999 -9999 -9999 -9999
1E0 1E0 1E0 1E0 1E0 1E0 1E0 1E0 1E0 1E0 1E0 1E0 1E0 1E0 5.65034E-1 3.09602E-1 6.6097E-2 1.14331E-1 1.58217E-2 8.25476E-2 5.95427E-2 2.64698E-1 9.29582E-1 1E0 1E0 1E0 4.14272E-1 2.45832E-1 2.48547E-1 3.50477E-1 3.51841E-1 2.06072E-1 1.40643E-1 2.30077E-1 2.85624E-1 6.79138E-2 9.18597E-2 4.76349E-2 2.30348E-2 2.52336E-3 4.26563E-2 3.85944E-2 4.00436E-1 9.99866E-1 9.99961E-1 9.14331E-1 9.99893E-1 5.46773E-1 9.99167E-1 9.99344E-1 4.47795E-1 8.90691E-1 1.51391E-1 8.71483E-2 4.95088E-1 5.05309E-1 4.9802E-1 6.28723E-1 2.33324E-2 -9999 -9999 -9999 -9999 -9999 -9999 -9999 -9999 -9999 -9999 -9999 -9999 -9999 -9999 -9999 -9999 -9999 -9999
1E0 1E0 1E0 1E0 1E0 1E0 1E0 1E0 1E0 1E0 1E0 1E0 1E0 1E0 4.64197E-1 4.97688E-2 7.61978E-2 8.01196E-2 3.87512E-2 4.38432E-1 2.17177E-1 4.55367E-1 6.8491E-1 9.99835E-1 1E0 1E0 1.46387E-1 2.66584E-1 3.47371E-1 2.76659E-1 3.55282E-1 2.80084E-1 2.39734E-1 4.0752E-1 2.73943E-1 1.13781E-1 1.04067E-1 2.30893E-1 2.14938E-2 2.07456E-2 2.45582E-2 5.76248E-2 9.99988E-1 6.26956E-1 9.46903E-1 1E0 9.99993E-1 9.83731E-1 5.54265E-1 2.34628E-1 3.39158E-1 7.23887E-1 8.86098E-1 5.98994E-1 4.68487E-1 3.05259E-1 3.21034E-1 8.23395E-1 3.21625E-2 -9999 -9999 -9999 -9999 -9999 -9999 -9999 -9999 -9999 -9999 -9999 -9999 -9999 -9999 -9999 -9999 -9999 -9999
1E0 1E0 1E0 1E0 1E0 1E0 1E0 1E0 1E0 1E0 1E0 1E0 1E0 7.97135E-1 8.99439E-2 2.41781E-2 4.38566E-2 4.32447E-2 2.9116E-1 7.80334E-1 5.79453E-1 5.42221E-1 9.9225E-1 9.99987E-1 1E0 1E0 2.57399E-2 2.71254E-1 1.39564E-1 5.4119E-1 5.95211E-1 2.76834E-1 1.32616E-1 3.22262E-2 1.06799E-1 3.73316E-1 3.7634E-1 1.68471E-1 7.85704E-2 2.80165E-2 5.52921E-3 2.62694E-2 9.95729E-1 6.12315E-1 1E0 1E0 1E0 9.63182E-1 3.39407E-1 5.58314E-2 3.14909E-1 9.25706E-1 1E0 1.40535E-1 7.14165E-2 3.17106E-2 9.08053E-2 3.70164E-1 4.16348E-2 -9999 -9999 -9999 -9999 -9999 -9999 -9999 -9999 -9999 -9999 -9999 -9999 -9999 -9999 -9999 -9999 -9999 -9999
1E0 1E0 1E0 1E0 1E0 1E0 1E0 1E0 1E0 1E0 1E0 1E0 6.13531E-1 1.65149E-2 1.2084E-2 4.58058E-2 2.04314E-1 2.70695E-1 3.34295E-2 2.01164E-1 5.06224E-1 9.68999E-1 2.67638E-2 4.02837E-1 9.99999E-1 1E0 1.79548E-1 5.56592E-2 2.53623E-1 8.73373E-2 1.2453E-1 2.02249E-1 9.31963E-2 3.26975E-1 1.93608E-1 1.81633E-1 4.77365E-1 5.79255E-1 2.1596E-1 2.53988E-2 5.87185E-2 1.65397E-1 9.99952E-1 8.98332E-1 9.90372E-1 1E0 9.92664E-1 1.53901E-1 6.69568E-2 3.79887E-3 1.43816E-1 8.35401E-1 9.99996E-1 4.55609E-1 2.44905E-2 2.86673E-2 7.9403E-2 6.26908E-2 2.14464E-2 5.61636E-3 -9999 -9999 -9999 -9999 -9999 -9999 -9999 -9999 -9999 -9999 -9999 -9999 -9999 -9999 -9999 -9999 -9999
1E0 1E0 1E0 1E0 1E0 1E0 1E0 1E0 1E0 1E0 1E0 9.99482E-1 4.81141E-1 3.19498E-2 2.3088E-2 2.14492E-2 1.49294E-1 2.12965E-1 1.99737E-1 3.61865E-1 4.27412E-1 9.52343E-1 9.38955E-1 9.99979E-1 1E0 1.75274E-1 4.88737E-2 4.07458E-2 1.48113E-2 1.36662E-2 2.45158E-3 2.32273E-3 5.61788E-1 3.83004E-1 4.35521E-2 1.47477E-2 3.34822E-2 1.36073E-1 2.29439E-2 6.66429E-1 9.98848E-1 8.81178E-1 6.419E-1 7.53921E-1 4.30415E-1 9.43085E-1 3.9966E-1 1.78293E-1 2.70871E-1 2.6647E-2 1.28478E-1 1.60419E-1 1.74466E-1 3.66878E-1 2.67656E-2 4.39065E-2 8.27454E-2 1.53264E-2 8.5862E-3 4.9024E-2 -9999 -9999 -9999 -9999 -9999 -9999 -9999 -9999 -9999 -9999 -9999 -9999 -9999 -9999 -9999 -9999 -9999
1E0 1E0 1E0 1E0 1E0 1E0 1E0 1E0 1E0 1E0 1E0 9.99999E-1 1.95285E-1 1.50853E-2 4.26536E-2 4.73315E-1 3.46351E-1 6.95814E-1 3.57752E-1 2.43488E-1 2.28136E-1 2.19454E-1 5.72666E-1 9.899E-1 1E0 9.91869E-1 2.40969E-1 1.45795E-1 1.62252E-1 9.942E-3 1.68757E-2 4.47771E-2 2.30077E-1 3.97549E-1 2.6136E-1 6.37801E-2 1.6326E-1 2.96079E-1 9.99996E-1 8.49104E-1 6.36578E-1 4.59059E-1 3.78531E-1 1.27011E-1 8.32721E-2 1.93378E-1 3.71102E-1 3.70124E-1 1.70411E-1 6.26386E-2 5.06709E-2 5.89882E-2 2.44082E-2 7.99555E-2 6.68676E-2 6.90138E-2 4.79371E-2 1.86083E-2 1.28366E-2 1.57693E-2 -9999 -9999 -9999 -9999 -9999 -9999 -9999 -9999 -9999 -9999 -9999 -9999 -9999 -9999 -9999 -9999 -9999
1E0 1E0 1E0 1E0 1E0 1E0 1E0 1E0 1E0 1E0 1E0 1E0 5.0785E-1 6.20951E-2 2.0497E-1 4.50852E-1 4.90631E-1 8.72088E-1 4.18497E-1 1.39477E-1 3.42866E-2 5.29185E-1 9.58985E-1 9.99996E-1 1E0 9.99972E-1 4.44408E-1 1.0139E-1 3.69978E-1 3.88515E-2 2.43773E-2 5.30336E-3 1.58308E-2 5.30421E-2 6.87878E-2 1.16585E-1 4.32356E-2 2.2173E-1 9.89948E-1 7.69747E-1 7.79922E-1 2.10742E-1 1.76068E-1 1.43288E-1 2.35823E-1 1.41559E-1 1.20594E-1 1.00127E-1 3.58906E-2 9.98556E-3 4.30974E-2 1.69877E-1 1.95901E-2 3.39078E-2 2.31882E-2 2.45183E-2 7.83218E-2 3.27638E-2 6.96841E-2 6.55201E-2 -9999 -9999 -9999 -9999 -9999 -9999 -9999 -9999 -9999 -9999 -9999 -9999 -9999 -9999 -9999 -9999 -9999
1E0 1E0 1E0 1E0 1E0 1E0 1E0 1E0 1E0 1E0 9.97204E-1 9.86145E-1 2.18746E-1 3.11224E-2 1.98726E-1 5.13822E-1 3.19951E-1 7.51969E-1 6.41235E-1 2.338E-1 1.3756E-1 5.82648E-1 9.99894E-1 9.99949E-1 1E0 1E0 1.97606E-2 1.27024E-1 1.15468E-1 3.06691E-1 3.99832E-1 1.30219E-2 3.26215E-2 9.26393E-2 7.23218E-3 3.48076E-2 5.8649E-2 3.46729E-2 1E0 5.44789E-1 9.51541E-1 3.02042E-1 2.5625E-1 9.45137E-1 4.89189E-1 6.06276E-1 1.04299E-1 1.50339E-1 5.02555E-2 2.00613E-2 3.3129E-2 3.23373E-2 1.22016E-2 6.51387E-3 1.44649E-2 5.55211E-3 3.63049E-2 2.76838E-2 1.62873E-2 9.11356E-3 -9999 -9999 -9999 -9999 -9999 -9999 -9999 -9999 -9999 -9999 -9999 -9999 -9999 -9999 -9999 -9999 -9999
1E0 1E0 1E0 1E0 1E0 1E0 1E0 1E0 1E0 1E0 9.90667E-1 8.78105E-1 2.86392E-2 1.38081E-2 1.69363E-1 6.26291E-1 5.10862E-1 6.04355E-1 4.75121E-1 1.5473E-1 3.00227E-1 5.77589E-1 8.71783E-1 9.99996E-1 1E0 1E0 9.99987E-1 2.56177E-2 9.14202E-2 6.74143E-1 3.64298E-1 1.02347E-1 6.91787E-2 3.82937E-2 4.41155E-2 4.64239E-2 2.24499E-2 1.1101E-1 2.8386E-1 3.93885E-1 3.07375E-1 4.42408E-1 6.99293E-1 5.70322E-1 2.84106E-1 1.46421E-1 5.56428E-2 2.96804E-2 1.72021E-2 1.79637E-2 3.8487E-3 8.41568E-3 7.49342E-4 2.3302E-3 3.42784E-3 6.1895E-3 7.35652E-3 8.18744E-2 1.22638E-3 2.16821E-2 -9999 -9999 -9999 -9999 -9999 -9999 -9999 -9999 -9999 -9999 -9999 -9999 -9999 -9999 -9999 -9999 -9999
1E0 1E0 1E0 1E0 1E0 1E0 1E0 1E0 1E0 1E0 1E0 5.82117E-1 2.48411E-2 3.36322E-2 4.62015E-2 5.99766E-1 4.39772E-1 3.18146E-1 1.26541E-1 1.17368E-2 1.8902E-2 1.04347E-2 1.14167E-1 8.1254E-1 9.52413E-1 8.95591E-1 1E0 1E0 7.90137E-1 5.61508E-2 7.44608E-2 8.62848E-2 8.07333E-2 9.62829E-2 7.81415E-2 4.09803E-2 4.83891E-2 5.88508E-3 8.26403E-2 3.27914E-1 3.98304E-1 2.74805E-1 1.50589E-1 2.32343E-1 6.02769E-1 9.92433E-1 1.7644E-2 1.44661E-2 7.90729E-3 1.14036E-4 4.47904E-4 1.52687E-3 1.32798E-3 3.07666E-3 4.23395E-2 1.90932E-2 1.15873E-1 4.3937E-2 2.00542E-2 2.47181E-2 -9999 -9999 -9999 -9999 -9999 -9999 -9999 -9999 -9999 -9999 -9999 -9999 -9999 -9999 -9999 -9999 -9999
1E0 1E0 1E0 1E0 1E0 1E0 1E0 1E0 1E0 1E0 1E0 9.8631E-1 8.29834E-2 2.4801E-2 3.71506E-2 5.11611E-1 7.73361E-1 4.60342E-1 4.27756E-2 5.46288E-2 9.4883E-4 2.58455E-3 1.37707E-2 5.0222E-2 3.57459E-1 5.57694E-1 9.30127E-1 9.99893E-1 9.83938E-1 4.11444E-2 1.20752E-2 3.06197E-2 8.84676E-2 1.82657E-1 1.24321E-1 5.45768E-1 1.73989E-1 3.74821E-1 7.41755E-2 1.46071E-1 1.84062E-1 1.99864E-1 5.48445E-1 4.97557E-1 2.63269E-1 4.12471E-1 2.24353E-1 7.45858E-3 8.88711E-3 4.67923E-3 9.89077E-4 3.35006E-3 1.7602E-3 1.85747E-2 1.32047E-2 5.1539E-2 6.62803E-2 8.75656E-3 1.3929E-2 -9999 -9999 -9999 -9999 -9999 -9999 -9999 -9999 -9999 -9999 -9999 -9999 -9999 -9999 -9999 -9999 -9999 -9999
1E0 1E0 1E0 1E0 1E0 1E0 1E0 1E0 1E0 1E0 1E0 2.78741E-1 9.68354E-2 3.40841E-2 5.80243E-2 2.87428E-1 9.88657E-1 6.61861E-1 5.42857E-1 2.44003E-2 3.38001E-3 2.73557E-4 3.87641E-3 1.0548E-1 1.95912E-1 4.70811E-1 5.03186E-1 9.11789E-1 8.95381E-1 5.23543E-2 5.27709E-2 3.86981E-2 8.73153E-2 8.77101E-2 6.97404E-1 4.54652E-1 9.94441E-1 5.41225E-1 9.08957E-1 6.91856E-1 9.96198E-1 3.49356E-1 3.83816E-1 4.59956E-1 4.34319E-1 1.43806E-1 1.75333E-1 1.20989E-2 5.18942E-4 2.91681E-3 1.88977E-2 8.32758E-3 4.00962E-3 1.27055E-2 7.08355E-3 1.57421E-2 4.41187E-3 5.74942E-2 5.76001E-3 -9999 -9999 -9999 -9999 -9999 -9999 -9999 -9999 -9999 -9999 -9999 -9999 -9999 -9999 -9999 -9999 -9999 -9999
1E0 1E0 1E0 1E0 1E0 1E0 1E0 1E0 1E0 1E0 1E0 4.32898E-1 2.07303E-1 5.50798E-2 6.11055E-2 2.22194E-1 9.95439E-1 1E0 8.02156E-1 8.43198E-2 6.29441E-3 1.41289E-3 5.30793E-3 3.05547E-1 1.09192E-1 1.46548E-1 4.24841E-1 6.77746E-1 8.58905E-1 6.91263E-2 8.71711E-2 8.92835E-2 7.24162E-2 2.78178E-1 9.99538E-1 8.1693E-1 7.2429E-1 3.09586E-1 3.90689E-1 3.87275E-1 4.33974E-1 3.06477E-1 3.41551E-1 3.24083E-1 1.09383E-1 3.69949E-2 4.36529E-3 1.8643E-3 1.05646E-2 1.072E-2 2.32385E-2 1.84802E-2 1.60739E-2 1.6831E-3 6.35653E-3 5.43085E-2 7.46038E-2 1.12364E-1 8.55502E-3 -9999 -9999 -9999 -9999 -9999 -9999 -9999 -9999 -9999 -9999 -9999 -9999 -9999 -9999 -9999 -9999 -9999 -9999
1E0 1E0 1E0 1E0 1E0 1E0 1E0 1E0 1E0 1E0 1E0 3.66002E-1 2.04675E-1 3.84651E-2 2.72664E-2 3.48659E-1 9.80777E-1 3.70482E-1 5.83129E-1 4.92549E-1 1.50662E-2 2.08613E-3 4.93956E-3 8.01386E-2 8.20055E-2 8.31456E-2 5.44332E-1 7.23388E-1 9.58193E-1 3.43499E-1 1.48634E-1 1.31475E-1 1.40983E-1 1.33525E-1 9.62823E-1 7.80032E-1 3.87675E-1 2.98625E-1 1.19577E-1 8.15297E-2 8.44369E-2 2.35518E-1 1.55508E-1 1.14707E-1 2.01234E-2 1.35055E-2 1.07054E-2 2.38205E-3 1.20028E-2 2.89061E-2 4.97286E-2 2.54392E-2 1.87703E-2 1.63395E-2 1.87859E-2 9.07434E-2 8.51108E-2 9.84981E-2 2.35756E-3 -9999 -9999 -9999 -9999 -9999 -9999 -9999 -9999 -9999 -9999 -9999 -9999 -9999 -9999 -9999 -9999 -9999 -9999
1E0 1E0 1E0 1E0 1E0 1E0 1E0 1E0 1E0 1E0 1E0 3.75525E-1 5.32386E-2 2.3468E-2 1.21571E-1 9.90943E-1 9.99445E-1 5.73371E-3 5.18165E-3 9.21489E-1 2.65749E-1 1.10304E-2 8.27068E-2 1.75769E-1 3.72501E-2 8.02408E-2 2.61653E-2 4.33909E-1 2.2806E-1 9.87416E-1 3.90962E-1 7.29147E-1 2.36808E-1 1.54496E-1 7.8947E-1 2.41136E-1 8.20652E-2 4.78114E-2 4.59604E-2 4.32531E-2 5.08267E-2 1.19993E-1 7.02074E-2 1.79589E-2 2.79674E-3 1.26391E-2 9.21366E-3 1.73623E-2 3.95716E-2 5.249E-3 9.82794E-3 1.03407E-2 1.0661E-2 3.72302E-2 5.90115E-2 1.04325E-1 1.55484E-1 8.41928E-2 1.77515E-2 -9999 -9999 -9999 -9999 -9999 -9999 -9999 -9999 -9999 -9999 -9999 -9999 -9999 -9999 -9999 -9999 -9999 -9999
1E0 1E0 1E0 1E0 1E0 1E0 1E0 1E0 1E0 1E0 1E0 4.10583E-1 1.76626E-1 1.20136E-1 3.11808E-1 9.98434E-1 1E0 9.999E-1 9.99919E-1 9.88479E-1 2.9787E-1 3.59261E-1 8.01869E-1 8.92341E-1 6.11915E-1 2.46694E-3 7.68933E-2 2.32552E-1 9.97777E-1 9.06931E-1 9.99999E-1 9.99784E-1 9.9826E-1 9.35406E-1 5.57821E-1 2.27257E-1 1.40261E-1 1.38033E-1 1.63424E-1 3.06501E-1 3.68882E-1 5.64903E-1 3.50324E-2 1.46836E-3 8.51274E-4 8.2162E-4 2.45615E-3 5.41229E-3 2.69551E-2 1.30104E-4 1.11258E-2 1.97914E-2 1.51312E-2 2.31164E-2 5.16544E-2 1.45844E-2 1.27615E-2 6.53214E-2 7.64587E-2 -9999 -9999 -9999 -9999 -9999 -9999 -9999 -9999 -9999 -9999 -9999 -9999 -9999 -9999 -9999 -9999 -9999 -9999
1E0 1E0 1E0 1E0 1E0 1E0 1E0 1E0 1E0 1E0 1E0 9.94282E-1 8.22836E-1 1.66048E-1 1.11367E-1 3.25365E-1 9.50336E-1 9.9965E-1 6.74556E-1 1.88765E-1 2.33081E-1 4.40013E-1 9.63513E-1 7.16421E-1 4.07238E-1 2.93269E-2 7.14256E-2 7.71078E-1 9.99999E-1 1E0 1E0 9.99999E-1 9.6391E-1 9.99996E-1 8.54334E-1 6.25729E-1 9.46788E-1 9.46212E-1 6.26613E-1 2.64778E-1 1.44735E-1 7.33151E-3 3.94413E-2 1.40869E-2 1.22805E-2 9.27888E-3 1.00294E-2 3.39518E-3 1.03112E-2 1.52862E-2 3.38972E-2 9.19792E-3 4.4076E-2 1.00733E-1 2.55978E-2 4.04726E-2 3.06668E-2 4.56415E-2 7.74411E-2 -9999 -9999 -9999 -9999 -9999 -9999 -9999 -9999 -9999 -9999 -9999 -9999 -9999 -9999 -9999 -9999 -9999 -9999
1E0 1E0 1E0 1E0 1E0 1E0 1E0 1E0 1E0 1E0 1E0 8.95406E-1 4.9551E-1 1.91322E-1 6.87354E-1 9.86004E-1 9.90803E-1 9.44519E-1 4.82437E-1 1.6257E-1 4.12703E-1 7.7296E-1 1E0 9.99986E-1 8.31047E-1 2.9426E-1 4.18959E-1 9.99998E-1 1E0 1E0 1E0 1E0 1E0 8.70407E-1 4.67565E-1 1.94054E-1 7.01653E-1 4.32866E-1 8.10801E-1 7.33267E-1 3.35327E-1 7.64607E-1 5.4313E-1 6.16287E-1 9.4796E-2 8.25719E-3 4.67238E-3 1.80637E-2 2.97495E-2 3.57814E-2 1.80899E-2 8.43667E-3 2.39281E-4 5.57719E-2 7.13205E-2 4.53642E-2 4.90463E-2 5.17409E-2 7.51999E-2 -9999 -9999 -9999 -9999 -9999 -9999 -9999 -9999 -9999 -9999 -9999 -9999 -9999 -9999 -9999 -9999 -9999 -9999
1E0 1E0 1E0 1E0 1E0 1E0 1E0 1E0 1E0 1E0 1E0 1E0 9.50656E-1 9.97397E-1 1E0 1E0 1E0 1E0 9.99798E-1 1E0 1E0 1E0 1E0 1E0 9.91165E-1 9.99991E-1 9.997E-1 1E0 9.99999E-1 9.7684E-1 1.45759E-1 5.00209E-2 1.75052E-1 2.47835E-1 3.80196E-1 9.76616E-2 2.83452E-1 1.53072E-1 1.05986E-1 5.12943E-2 4.5682E-1 6.47938E-1 6.78033E-1 1.92636E-1 3.8738E-2 3.30674E-2 1.55427E-2 2.24629E-2 8.30542E-3 1.64795E-2 3.06531E-2 1.35422E-2 3.60307E-2 6.51396E-2 3.691E-2 4.43564E-2 8.54403E-3 1.38539E-2 3.14907E-2 -9999 -9999 -9999 -9999 -9999 -9999 -9999 -9999 -9999 -9999 -9999 -9999 -9999 -9999 -9999 -9999 -9999 -9999
1E0 1E0 1E0 1E0 1E0 1E0 1E0 1E0 1E0 1E0 1E0 1E0 1E0 1E0 1E0 1E0 1E0 1E0 1E0 1E0 1E0 1E0 1E0 1E0 1E0 1E0 1E0 1E0 7.8115E-1 4.30015E-2 9.51802E-2 1.94187E-1 1.82027E-1 2.70656E-1 5.03605E-1 8.46381E-1 2.18771E-1 3.04111E-1 3.40405E-1 2.49151E-1 9.99663E-1 7.69821E-1 7.42666E-1 2.50438E-1 3.57466E-2 8.01805E-2 7.13143E-3 2.1095E-3 1.77225E-3 8.36775E-4 1.98402E-3 9.0086E-3 1.05128E-2 6.5652E-3 1.85769E-2 2.40601E-2 2.2911E-2 3.32024E-2 2.33158E-2 -9999 -9999 -9999 -9999 -9999 -9999 -9999 -9999 -9999 -9999 -9999 -9999 -9999 -9999 -9999 -9999 -9999 -9999
1E0 1E0 1E0 1E0 1E0 1E0 1E0 1E0 1E0 1E0 1E0 1E0 1E0 1E0 1E0 1E0 1E0 1E0 1E0 1E0 1E0 1E0 1E0 1E0 1E0 1E0 1E0 9.83675E-1 9.08974E-2 2.31998E-3 1.90278E-2 6.45861E-2 1.60971E-1 1.05812E-1 9.95894E-1 9.53451E-1 6.32592E-1 7.688E-1 8.40562E-1 9.11495E-1 3.98936E-1 5.31696E-1 3.49125E-1 1.02426E-1 4.62266E-2 5.31652E-3 2.0696E-2 1.10547E-2 5.36339E-3 1.27376E-3 2.21831E-3 5.06106E-3 1.51689E-2 4.22439E-2 1.9714E-2 1.50511E-2 1.19876E-2 1.00955E-2 -9999 -9999 -9999 -9999 -9999 -9999 -9999 -9999 -9999 -9999 -9999 -9999 -9999 -9999 -9999 -9999 -9999 -9999 -9999
1E0 1E0 1E0 1E0 1E0 1E0 1E0 1E0 1E0 1E0 1E0 1E0 1E0 1E0 1E0 1E0 1E0 1E0 1E0 1E0 1E0 1E0 9.92408E-1 7.11762E-1 2.98447E-1 1.22172E-1 6.53293E-3 3.4155E-2 2.73164E-3 8.17892E-2 8.61315E-2 4.04227E-1 3.05599E-1 8.68874E-1 7.59451E-1 4.80669E-1 7.1194E-1 9.9995E-1 9.99957E-1 8.32225E-1 9.15647E-1 3.22439E-1 2.73489E-1 9.31886E-2 1.88814E-2 4.06681E-3 1.10105E-2 3.43427E-2 1.04536E-2 1.05493E-2 4.89373E-3 1.69062E-2 8.07354E-2 1.53537E-2 2.25425E-2 1.89489E-2 3.88485E-3 6.01719E-3 -9999 -9999 -9999 -9999 -9999 -9999 -9999 -9999 -9999 -9999 -9999 -9999 -9999 -9999 -9999 -9999 -9999 -9999 -9999
1E0 1E0 1E0 1E0 1E0 1E0 1E0 1E0 1E0 1E0 1E0 1E0 1E0 1E0 1E0 1E0 1E0 1E0 1E0 9.9999E-1 9.96584E-1 5.0639E-2 1.97059E-2 1.14011E-1 2.76021E-1 1.71283E-1 1.43734E-1 2.92165E-1 6.60705E-1 6.38362E-2 2.43771E-1 9.51473E-1 9.02898E-1 1E0 9.86585E-1 5.56941E-1 8.53074E-1 8.94847E-1 8.79406E-1 4.88138E-1 5.23354E-1 2.49305E-1 3.95745E-1 3.41471E-2 4.34895E-2 1.29112E-3 3.88205E-3 5.43681E-3 8.64024E-4 1.01416E-2 2.91478E-3 2.55239E-3 1.06814E-2 2.85289E-2 1.48646E-2 1.38825E-2 3.89228E-2 3.55593E-2 -9999 -9999 -9999 -9999 -9999 -9999 -9999 -9999 -9999 -9999 -9999 -9999 -9999 -9999 -9999 -9999 -9999 -9999 -9999
1E0 1E0 1E0 1E0 1E0 1E0 1E0 1E0 1E0 1E0 1E0 1E0 1E0 9.99996E-1 9.79398E-1 1E0 9.90452E-1 7.58657E-1 6.87476E-1 6.05346E-1 9.19533E-1 1.94627E-2 1.60183E-2 1.84126E-2 9.51251E-3 1.0259E-1 3.54995E-1 6.70076E-1 5.5628E-1 6.73759E-1 6.98109E-1 1E0 1E0 1E0 1E0 1E0 1E0 1E0 1E0 9.99953E-1 9.42489E-1 5.03306E-1 1.04333E-1 8.28355E-2 2.77944E-3 1.89556E-3 4.3743E-3 7.19618E-3 1.28477E-2 7.62682E-3 3.80006E-2 1.88369E-2 1.74033E-2 9.55181E-3 3.00817E-2 1.31049E-2 6.22785E-3 -9999 -9999 -9999 -9999 -9999 -9999 -9999 -9999 -9999 -9999 -9999 -9999 -9999 -9999 -9999 -9999 -9999 -9999 -9999 -9999
1E0 1E0 1E0 1E0 1E0 1E0 1E0 1E0 1E0 1E0 9.99999E-1 9.84106E-1 9.55784E-1 9.16811E-1 9.94609E-1 9.23928E-1 9.65491E-1 9.16226E-1 9.06949E-1 7.89671E-1 5.89428E-1 4.41981E-1 3.13774E-1 4.52836E-2 1.16887E-1 6.40903E-2 2.50447E-1 5.12057E-1 1.11299E-1 9.92579E-1 1E0 1E0 1E0 8.2684E-1 4.12046E-1 7.31365E-1 1E0 1E0 7.93368E-1 7.54198E-1 9.72517E-1 2.10066E-1 9.44467E-3 2.81406E-2 8.43081E-3 1.10082E-3 1.24359E-2 9.54631E-3 2.18715E-2 4.45711E-3 6.89077E-3 1.58097E-2 2.00561E-2 4.74601E-3 1.03496E-2 9.51181E-3 9.27441E-3 -9999 -9999 -9999 -9999 -9999 -9999 -9999 -9999 -9999 -9999 -9999 -9999 -9999 -9999 -9999 -9999 -9999 -9999 -9999 -9999
1E0 1E0 1E0 1E0 1E0 1E0 1E0 1E0 9.99997E-1 1E0 9.92652E-1 9.99999E-1 7.0396E-1 9.43571E-1 9.99948E-1 9.83451E-1 3.45638E-1 1.96759E-1 9.52502E-1 9.62648E-1 9.72598E-1 9.99967E-1 1.18942E-1 4.92118E-1 4.97554E-1 3.13491E-1 1.20673E-1 4.69807E-1 3.67518E-1 9.81238E-1 9.99967E-1 1E0 1E0 9.6299E-1 4.07272E-1 9.22432E-1 1E0 1E0 9.77882E-1 6.43792E-1 4.98494E-1 1.72685E-2 5.65878E-2 3.18374E-2 1.06603E-2 1.73085E-2 5.07015E-3 5.34476E-3 3.73907E-3 6.08985E-3 2.78704E-2 2.53099E-2 9.92549E-3 2.63324E-2 1.51849E-2 2.41121E-2 3.73666E-2 -9999 -9999 -9999 -9999 -9999 -9999 -9999 -9999 -9999 -9999 -9999 -9999 -9999 -9999 -9999 -9999 -9999 -9999 -9999 -9999
1E0 1E0 1E0 1E0 1E0 1E0 1E0 1E0 1E0 9.99871E-1 9.9998E-1 1E0 9.99722E-1 9.99999E-1 9.99961E-1 9.92527E-1 9.94927E-1 7.04397E-1 5.68187E-1 5.98471E-1 1E0 9.99858E-1 1E0 1E0 1E0 7.52333E-1 9.0824E-1 9.88814E-1 8.09974E-1 9.99978E-1 9.99925E-1 1E0 1E0 9.99875E-1 9.9984E-1 1E0 1E0 1E0 9.99685E-1 9.82569E-1 9.91009E-1 3.99226E-2 2.3072E-2 3.9992E-2 1.12546E-2 7.48762E-3 2.22667E-3 6.99938E-3 6.70054E-3 1.61349E-2 2.95059E-3 3.30894E-3 1.64972E-2 2.3141E-2 9.61636E-3 5.6117E-2 4.7873E-2 -9999 -9999 -9999 -9999 -9999 -9999 -9999 -9999 -9999 -9999 -9999 -9999 -9999 -9999 -9999 -9999 -9999 -9999 -9999 -9999
1E0 1E0 1E0 1E0 1E0 1E0 1E0 1E0 9.99847E-1 9.99749E-1 9.99101E-1 1E0 1E0 9.7752E-1 9.99995E-1 1E0 1E0 1E0 1E0 1E0 1E0 1E0 1E0 1E0 1E0 1E0 1E0 1E0 9.99996E-1 9.95608E-1 9.71248E-1 1E0 1E0 9.99995E-1 2.96582E-1 1.98518E-1 1.71438E-1 1.37176E-1 2.07738E-1 4.51147E-1 7.27844E-1 4.31388E-1 1.91149E-1 6.68003E-2 5.30287E-3 3.84253E-2 1.07569E-2 8.65821E-3 1.06035E-2 2.13356E-2 2.25176E-2 2.3982E-2 1.7346E-3 3.1702E-2 9.03223E-3 4.01018E-2 2.8498E-2 -9999 -9999 -9999 -9999 -9999 -9999 -9999 -9999 -9999 -9999 -9999 -9999 -9999 -9999 -9999 -9999 -9999 -9999 -9999 -9999
1E0 1E0 1E0 1E0 1E0 1E0 1E0 1E0 9.99999E-1 1E0 1E0 1E0 1E0 9.99945E-1 1E0 1E0 1E0 1E0 1E0 1E0 1E0 1E0 1E0 1E0 1E0 1E0 1E0 1E0 1E0 1E0 1E0 1E0 8.05003E-1 8.17358E-1 1E0 4.42243E-1 4.2487E-1 9.98748E-1 9.72463E-1 9.7126E-1 5.83029E-1 1.26776E-1 5.06079E-1 1.04898E-3 3.82563E-2 2.03839E-2 1.66013E-2 1.37435E-2 3.61935E-2 2.15759E-2 1.9122E-2 2.43991E-2 1.32212E-2 3.38008E-2 2.20165E-2 6.66807E-2 1.7156E-2 -9999 -9999 -9999 -9999 -9999 -9999 -9999 -9999 -9999 -9999 -9999 -9999 -9999 -9999 -9999 -9999 -9999 -9999 -9999 -9999
1E0 1E0 1E0 1E0 1E0 1E0 1E0 1E0 1E0 1E0 1E0 1E0 1E0 1E0 1E0 1E0 1E0 1E0 1E0 1E0 1E0 1E0 1E0 1E0 1E0 9.99979E-1 1E0 1E0 1E0 9.48973E-1 9.99145E-1 9.91402E-1 9.95225E-1 1E0 9.99972E-1 9.99994E-1 9.83803E-1 1E0 1E0 9.99998E-1 4.06072E-1 1.05508E-1 4.35324E-3 5.21845E-3 1.38479E-2 3.3303E-2 7.35231E-3 3.49622E-2 9.586E-3 9.01431E-3 5.37282E-2 5.20342E-3 1.70809E-2 4.84559E-2 1.69416E-2 2.06835E-2 2.86881E-2 -9999 -9999 -9999 -9999 -9999 -9999 -9999 -9999 -9999 -9999 -9999 -9999 -9999 -9999 -9999 -9999 -9999 -9999 -9999 -9999
1E0 1E0 1E0 1E0 1E0 1E0 1E0 1E0 1E0 1E0 1E0 1E0 1E0 1E0 1E0 1E0 1E0 1E0 1E0 1E0 1E0 1E0 1E0 1E0 1E0 1E0 1E0 9.99999E-1 1E0 1E0 9.39099E-1 7.70845E-1 5.46671E-1 6.20589E-1 7.1547E-1 1E0 9.80901E-1 9.95569E-1 6.04955E-1 4.88761E-1 5.81355E-1 1.06745E-1 3.30699E-2 1.83226E-2 9.1341E-3 3.00815E-3 6.56515E-3 6.36575E-3 1.03847E-2 4.05013E-2 8.48849E-3 3.3514E-2 2.33379E-2 5.46025E-3 7.57582E-3 2.43632E-2 4.48652E-2 -9999 -9999 -9999 -9999 -9999 -9999 -9999 -9999 -9999 -9999 -9999 -9999 -9999 -9999 -9999 -9999 -9999 -9999 -9999 -9999
1E0 1E0 1E0 1E0 1E0 1E0 1E0 1E0 1E0 9.99995E-1 9.99927E-1 9.99343E-1 1E0 1E0 1E0 1E0 1E0 1E0 1E0 1E0 1E0 9.76084E-1 3.20381E-1 5.53571E-1 9.68416E-1 9.81985E-1 8.97576E-1 4.01403E-1 3.44804E-1 7.49727E-1 9.91438E-1 9.98014E-1 3.83971E-1 3.64793E-1 2.60809E-1 9.84953E-1 8.63307E-1 5.29081E-1 3.54509E-1 1.08191E-1 1.09691E-1 2.04503E-1 1.34365E-2 7.62272E-3 5.4442E-2 6.82067E-2 3.26669E-2 1.81099E-2 1.20439E-2 7.83723E-3 1.15798E-2 1.90554E-2 2.91744E-2 5.81661E-2 5.17157E-2 9.56921E-3 1.36732E-2 -9999 -9999 -9999 -9999 -9999 -9999 -9999 -9999 -9999 -9999 -9999 -9999 -9999 -9999 -9999 -9999 -9999 -9999 -9999 -9999
1E0 1E0 1E0 1E0 1E0 1E0 1E0 1E0 1E0 1E0 9.99785E-1 9.99592E-1 1E0 1E0 1E0 1E0 1E0 1E0 1E0 1E0 1E0 1E0 3.6193E-1 2.16797E-1 1.91185E-1 3.44524E-1 1.67958E-1 1.30556E-1 1.12259E-1 8.88036E-1 9.99519E-1 1E0 9.62684E-1 5.11726E-1 3.53814E-1 9.99999E-1 9.46008E-1 9.41093E-1 5.16937E-1 1.8234E-1 7.88199E-2 3.86947E-3 4.18936E-3 1.55874E-2 6.47517E-2 1.16815E-1 6.75853E-2 7.58689E-3 1.28585E-2 3.37672E-2 3.9341E-2 6.03165E-2 4.85703E-2 6.08999E-2 1.89337E-2 3.20658E-2 -9999 -9999 -9999 -9999 -9999 -9999 -9999 -9999 -9999 -9999 -9999 -9999 -9999 -9999 -9999 -9999 -9999 -9999 -9999 -9999 -9999
1E0 1E0 1E0 1E0 1E0 1E0 1E0 1E0 1E0 1E0 9.99998E-1 9.99779E-1 1E0 1E0 1E0 1E0 1E0 1E0 1E0 1E0 1E0 1E0 1E0 9.90941E-1 3.00502E-1 1.26389E-1 3.08426E-2 2.16342E-2 1.13556E-1 9.91145E-1 1E0 1E0 1E0 9.99742E-1 9.12453E-1 9.98708E-1 7.24121E-1 4.83038E-1 8.37448E-2 4.5468E-2 1.89469E-2 7.44568E-3 8.47124E-3 1.46835E-2 5.14513E-2 3.94946E-2 2.02284E-2 1.02186E-2 9.68583E-3 6.57329E-2 2.76662E-2 3.04938E-2 2.44425E-2 2.97801E-2 4.08438E-3 2.13777E-2 -9999 -9999 -9999 -9999 -9999 -9999 -9999 -9999 -9999 -9999 -9999 -9999 -9999 -9999 -9999 -9999 -9999 -9999 -9999 -9999 -9999
