ENM/Final_Models/M_0.9_F_q_Set_1_EC/Gustavia_santanderiensis_9_Choco.asc
ncols         367
nrows         963
xllcorner     -78.6
yllcorner     0.65
cellsize      0.00833333333333323
NODATA_value  -9999
[rows 800 to 831 of 963, columns 146 to 218 of 367]
4.96351E-6 2.98965E-6 4.99907E-6 1.88234E-5 5.15814E-5 1.56633E-5 4.63647E-6 2.98585E-6 2.86297E-6 2.00454E-6 1.06636E-5 3.25745E-4 4.99433E-3 -9999 -9999 -9999 -9999 1.78459E-3 7.38592E-3 3.25135E-3 2.30474E-2 4.99086E-2 -9999 -9999 -9999 -9999 -9999 -9999 -9999 -9999 -9999 -9999 -9999 -9999 -9999 -9999 -9999 -9999 -9999 -9999 -9999 -9999 -9999 -9999 -9999 -9999 -9999 -9999 8.16186E-4 4.67795E-4 4.34953E-3 1.93822E-3 1.00511E-3 7.65513E-4 2.04872E-4 6.82734E-5 2.84593E-4 1.83786E-4 9.58928E-5 1.1497E-4 8.27272E-5 7.51671E-5 1.8416E-4 1.05662E-4 1.27575E-4 1.31386E-4 2.45807E-4 1.38777E-4 3.81832E-5 2.02059E-5 1.65255E-5 3.55335E-5 6.33117E-5
2.32226E-6 2.33994E-6 7.79296E-5 1.05015E-4 6.36388E-5 9.44879E-6 3.22757E-6 2.56239E-6 3.34287E-6 3.99143E-6 3.12212E-5 4.25912E-4 5.06367E-3 4.14335E-3 -9999 -9999 -9999 -9999 -9999 2.08261E-2 2.79775E-2 4.00839E-2 -9999 -9999 -9999 -9999 -9999 -9999 -9999 -9999 -9999 -9999 -9999 -9999 -9999 -9999 -9999 -9999 -9999 -9999 -9999 -9999 -9999 -9999 -9999 -9999 -9999 -9999 5.34533E-4 1.46881E-3 2.69051E-3 1.02532E-3 1.22944E-4 2.1051E-4 3.39407E-4 3.08911E-4 3.05016E-4 6.92152E-5 8.98128E-5 9.04819E-5 1.00653E-4 2.06397E-4 7.75587E-5 1.06849E-4 2.07066E-4 2.24972E-4 3.14975E-4 1.39647E-4 3.46447E-5 5.2924E-5 1.40736E-4 3.04621E-5 1.90101E-5
6.85562E-6 8.17857E-6 1.51545E-5 1.87268E-4 5.88233E-5 1.14845E-5 4.16368E-6 2.46218E-6 3.37705E-6 6.06015E-6 1.32451E-4 8.24751E-4 3.50129E-3 2.11352E-3 -9999 -9999 -9999 -9999 -9999 -9999 3.52244E-2 -9999 -9999 -9999 -9999 -9999 -9999 -9999 -9999 -9999 -9999 -9999 -9999 -9999 -9999 -9999 -9999 -9999 -9999 -9999 -9999 -9999 -9999 -9999 -9999 -9999 -9999 -9999 4.54063E-3 5.77088E-4 1.25774E-3 6.63546E-4 2.67759E-4 4.05329E-4 4.31748E-4 3.23239E-4 8.29344E-5 5.08191E-5 3.5268E-5 3.76118E-5 4.76657E-5 2.32731E-4 1.51653E-4 2.15954E-4 2.91108E-4 3.57035E-4 3.6111E-4 2.97702E-4 2.75295E-4 2.40316E-4 7.96742E-5 3.15919E-5 3.07955E-5
9.87782E-5 3.91108E-5 3.18549E-5 1.43405E-4 2.90138E-4 8.34195E-5 1.22016E-5 5.65429E-6 1.7999E-6 3.93439E-6 1.73735E-5 3.8213E-4 3.01577E-4 2.96497E-4 8.37872E-4 1.43138E-3 4.10805E-3 -9999 -9999 -9999 -9999 -9999 -9999 -9999 -9999 -9999 -9999 -9999 -9999 -9999 -9999 -9999 -9999 -9999 -9999 -9999 -9999 -9999 -9999 -9999 -9999 -9999 -9999 -9999 -9999 -9999 -9999 -9999 5.17831E-3 1.17678E-3 1.79215E-3 2.04816E-3 1.51965E-3 3.27206E-4 1.99971E-4 5.90523E-5 3.52406E-5 7.6282E-5 1.61371E-4 2.51416E-5 2.4305E-5 4.46525E-5 2.26765E-4 3.88084E-4 4.08347E-4 2.42581E-4 1.95807E-4 1.39033E-4 2.67287E-4 2.59253E-4 2.20234E-5 1.1607E-5 1.16031E-5
3.69355E-4 7.45684E-5 1.81639E-5 2.15966E-4 2.92809E-4 7.35969E-5 6.7123E-6 3.29279E-6 2.15578E-6 1.99826E-6 3.4087E-5 5.3224E-4 4.2862E-4 8.83019E-4 1.20442E-3 7.60005E-4 1.41965E-3 6.73529E-3 1.87856E-2 -9999 -9999 -9999 -9999 -9999 -9999 -9999 -9999 -9999 -9999 -9999 -9999 -9999 -9999 -9999 -9999 -9999 -9999 -9999 -9999 -9999 -9999 -9999 -9999 -9999 -9999 -9999 -9999 -9999 -9999 2.27604E-3 1.74438E-3 2.70591E-3 1.52411E-3 2.05587E-4 5.79396E-5 2.97046E-5 1.95158E-5 2.60072E-5 6.73218E-5 4.27701E-5 2.43306E-5 4.40796E-5 4.64779E-5 2.38857E-4 1.71934E-4 6.72635E-5 9.62239E-5 6.67537E-5 1.04655E-4 1.70498E-4 3.69944E-5 2.31732E-5 2.58101E-5
3.44295E-4 7.10549E-5 1.12915E-4 7.33744E-4 3.9596E-4 6.01135E-5 8.06135E-6 3.59463E-6 1.21539E-6 2.34925E-6 1.90033E-5 3.2954E-4 1.72568E-3 1.74481E-3 2.4587E-3 1.47032E-3 1.37266E-3 1.65341E-2 5.59368E-2 2.44887E-2 -9999 -9999 -9999 -9999 -9999 -9999 -9999 -9999 -9999 -9999 -9999 -9999 -9999 -9999 -9999 -9999 -9999 -9999 -9999 -9999 -9999 -9999 -9999 -9999 -9999 -9999 -9999 -9999 -9999 4.97359E-3 2.08544E-3 1.56165E-3 1.35369E-3 7.37556E-4 8.47181E-5 4.28584E-5 7.20766E-5 1.24517E-4 5.14594E-5 1.39633E-5 3.82211E-5 4.45844E-5 2.5674E-5 3.86376E-5 2.60955E-5 2.31128E-5 2.8417E-5 3.61683E-5 4.92612E-5 8.3732E-5 6.60674E-5 4.22825E-5 6.54823E-5
6.24861E-4 4.43111E-5 4.2835E-4 1.42701E-3 2.94409E-4 2.65425E-5 2.66736E-6 2.18407E-6 1.40115E-6 1.168E-5 2.70489E-4 4.64691E-4 4.03334E-3 3.80228E-3 1.60869E-2 -9999 2.0709E-3 1.94041E-2 -9999 -9999 -9999 -9999 -9999 -9999 -9999 -9999 -9999 -9999 -9999 -9999 -9999 -9999 -9999 -9999 -9999 -9999 -9999 -9999 -9999 -9999 -9999 -9999 -9999 -9999 -9999 -9999 -9999 -9999 -9999 -9999 6.17627E-3 3.78395E-3 2.66451E-3 3.29138E-4 7.38655E-5 6.12589E-5 3.0037E-4 1.49641E-4 2.83246E-5 9.38146E-6 1.04334E-5 1.74804E-5 1.89607E-5 3.71034E-5 2.20719E-5 2.02889E-5 1.58E-5 1.9667E-5 2.9194E-5 4.63527E-5 1.70252E-4 2.38353E-4 2.94391E-4
1.14054E-3 7.48268E-4 1.22118E-3 7.34967E-4 1.05856E-4 1.65374E-5 2.34976E-6 2.026E-6 5.79659E-6 3.45978E-4 7.1352E-4 8.06212E-4 5.00851E-3 3.97823E-3 1.89156E-2 -9999 5.31159E-3 -9999 -9999 -9999 -9999 -9999 -9999 -9999 -9999 -9999 -9999 -9999 -9999 -9999 -9999 -9999 -9999 -9999 -9999 -9999 -9999 -9999 -9999 -9999 -9999 -9999 -9999 -9999 -9999 -9999 -9999 -9999 -9999 -9999 -9999 3.77658E-3 4.06669E-3 8.47545E-4 1.2487E-4 2.37541E-4 1.96652E-4 1.16727E-4 3.85527E-5 2.20733E-5 1.7699E-5 1.0876E-5 9.20626E-6 3.01794E-5 2.44262E-5 2.38611E-5 1.67051E-5 2.20499E-5 3.05183E-5 8.38079E-5 1.74032E-4 2.50892E-4 1.93786E-4
2.49682E-3 1.94397E-3 1.5476E-3 4.31552E-4 1.0087E-4 1.23059E-5 2.07816E-6 4.23845E-6 1.62773E-5 3.94397E-4 1.96299E-3 2.15018E-3 4.7172E-3 1.90832E-2 -9999 -9999 -9999 -9999 -9999 -9999 -9999 -9999 -9999 -9999 -9999 -9999 -9999 -9999 -9999 -9999 -9999 -9999 -9999 -9999 -9999 -9999 -9999 -9999 -9999 -9999 -9999 -9999 -9999 -9999 -9999 -9999 -9999 -9999 -9999 -9999 -9999 -9999 2.74531E-3 2.16225E-4 3.68348E-4 5.67744E-4 4.07194E-4 1.1339E-4 4.75948E-5 3.11059E-5 3.31764E-5 2.79473E-5 2.02042E-5 1.01259E-5 4.85704E-5 2.46474E-5 2.10044E-5 3.95102E-5 5.65204E-5 1.04882E-4 3.09932E-5 1.19076E-4 8.12434E-5
3.78325E-3 2.09933E-3 8.70155E-4 3.56928E-4 1.66982E-4 3.01717E-5 5.53611E-6 1.93708E-6 9.46346E-5 1.21078E-3 2.10185E-3 6.39315E-3 3.2631E-3 7.82255E-3 -9999 -9999 -9999 -9999 -9999 -9999 -9999 -9999 -9999 -9999 -9999 -9999 -9999 -9999 -9999 -9999 -9999 -9999 -9999 -9999 -9999 -9999 -9999 -9999 -9999 -9999 -9999 -9999 -9999 -9999 -9999 -9999 4.77617E-3 3.77133E-3 4.64261E-3 -9999 -9999 -9999 -9999 3.10117E-3 3.9868E-3 1.85494E-3 5.07687E-4 1.50058E-4 3.25519E-5 3.80325E-5 3.43481E-5 8.18743E-5 2.68551E-5 2.46927E-6 2.17795E-5 4.84722E-5 5.53988E-5 6.71428E-5 1.063E-4 1.04786E-4 4.97324E-5 3.67856E-5 4.88183E-5
3.05319E-3 8.32472E-4 1.40427E-4 2.54554E-5 1.26436E-5 6.52995E-6 2.32594E-6 4.41575E-5 3.42413E-4 1.68748E-3 4.6719E-3 1.19733E-2 -9999 -9999 5.57548E-3 -9999 -9999 -9999 -9999 -9999 -9999 -9999 -9999 -9999 -9999 -9999 -9999 -9999 -9999 -9999 -9999 -9999 -9999 -9999 -9999 -9999 -9999 -9999 -9999 -9999 -9999 -9999 -9999 -9999 -9999 -9999 7.26926E-4 8.04644E-4 3.10863E-3 4.1395E-3 4.87646E-3 -9999 -9999 1.03992E-2 7.92989E-3 5.41188E-3 3.74482E-4 7.29008E-5 1.52394E-4 2.13564E-4 2.02537E-4 1.15677E-4 1.99159E-5 3.75076E-6 4.39878E-5 5.31421E-5 2.68355E-5 7.47777E-5 5.92688E-5 8.0393E-5 6.37684E-5 3.23919E-5 5.19582E-5
2.81804E-3 6.69237E-4 8.04978E-5 3.34916E-5 6.62565E-6 9.77579E-6 1.38592E-5 1.812E-4 1.61983E-3 2.11717E-3 7.6145E-3 1.06393E-2 -9999 -9999 8.58675E-3 -9999 -9999 -9999 -9999 -9999 -9999 -9999 -9999 -9999 -9999 -9999 -9999 -9999 -9999 -9999 -9999 -9999 -9999 -9999 -9999 -9999 -9999 -9999 -9999 -9999 -9999 -9999 -9999 -9999 -9999 -9999 5.18077E-4 4.60384E-4 3.35375E-3 1.71441E-3 6.6583E-4 8.58729E-4 1.69604E-3 2.17976E-3 7.16205E-3 4.98719E-3 3.09107E-3 2.75485E-4 5.14214E-4 2.11274E-4 1.44169E-4 5.08441E-5 4.59685E-6 3.76317E-6 9.72422E-6 2.70245E-5 1.70185E-5 2.21586E-5 5.08491E-5 5.11265E-5 3.5731E-5 5.11097E-5 6.04629E-5
2.2456E-3 6.16872E-4 1.08114E-4 4.1848E-5 2.30786E-5 1.05777E-5 1.17293E-5 1.33865E-4 2.83633E-3 2.99289E-3 7.81111E-3 -9999 -9999 -9999 -9999 -9999 -9999 -9999 -9999 -9999 -9999 -9999 -9999 -9999 -9999 -9999 -9999 -9999 -9999 -9999 -9999 -9999 -9999 -9999 -9999 -9999 -9999 -9999 -9999 -9999 -9999 -9999 -9999 6.74279E-3 7.40357E-3 -9999 -9999 4.3897E-4 7.66909E-4 1.03539E-3 7.48403E-4 2.73106E-4 7.19386E-5 1.30602E-4 1.95092E-3 5.77016E-3 2.26695E-3 2.72041E-3 4.53201E-4 1.29873E-4 4.62064E-5 5.90302E-6 1.26933E-5 1.69182E-5 1.46657E-5 2.47397E-5 1.28706E-5 2.43401E-5 3.59376E-5 4.74342E-5 3.23828E-5 3.59929E-5 1.06536E-4
2.18261E-3 3.00778E-4 1.54082E-4 3.95989E-4 8.13551E-4 7.1432E-5 2.27142E-5 3.52508E-4 5.10125E-3 1.29804E-2 4.04706E-3 9.21176E-3 -9999 -9999 -9999 -9999 -9999 -9999 -9999 -9999 -9999 -9999 -9999 -9999 -9999 -9999 -9999 -9999 -9999 -9999 -9999 -9999 -9999 -9999 -9999 -9999 -9999 -9999 -9999 -9999 -9999 -9999 -9999 6.18344E-3 9.12707E-3 -9999 -9999 3.32471E-4 7.30191E-4 1.6532E-4 1.08373E-4 5.58052E-5 1.34802E-4 1.83605E-4 1.04776E-3 2.71449E-3 3.34874E-3 3.50474E-3 1.28334E-4 6.98951E-5 1.41896E-5 1.4712E-5 2.71879E-5 4.84297E-5 4.69267E-5 2.69743E-5 1.34699E-5 2.95897E-5 7.51314E-5 5.07397E-5 3.77842E-5 2.86755E-5 7.42029E-5
1.92703E-3 1.45013E-4 1.02785E-4 8.24054E-4 1.07047E-4 2.58068E-5 1.56561E-4 2.10094E-3 5.61677E-3 1.2485E-2 -9999 -9999 3.40003E-2 -9999 -9999 -9999 -9999 -9999 -9999 -9999 -9999 -9999 -9999 -9999 -9999 -9999 -9999 -9999 -9999 -9999 -9999 -9999 -9999 -9999 -9999 -9999 -9999 -9999 -9999 -9999 -9999 -9999 -9999 4.22966E-3 9.73703E-3 2.6646E-3 1.3018E-3 5.26949E-4 1.31455E-3 6.38076E-5 1.04878E-5 1.0844E-4 3.01531E-4 1.35054E-3 1.04932E-3 1.9651E-4 3.47274E-4 2.2054E-3 5.01517E-4 2.97282E-4 5.56234E-4 2.39393E-4 9.77161E-5 6.23466E-5 6.47123E-5 1.19497E-5 1.63252E-5 2.72617E-5 3.10911E-5 1.7428E-5 6.99981E-6 2.60119E-5 3.93928E-5
1.42019E-3 1.59615E-3 2.0801E-3 1.33573E-3 2.62225E-4 6.2284E-5 6.17586E-4 3.37076E-3 7.18074E-3 7.12772E-3 8.19953E-3 -9999 -9999 -9999 -9999 -9999 -9999 -9999 -9999 -9999 -9999 -9999 -9999 -9999 -9999 -9999 -9999 -9999 -9999 -9999 -9999 -9999 -9999 -9999 -9999 -9999 -9999 -9999 -9999 -9999 -9999 -9999 -9999 3.56249E-3 1.09025E-3 2.87929E-3 2.94189E-3 1.92034E-3 5.66811E-4 1.02485E-4 3.09651E-5 1.59602E-4 2.52293E-4 4.12724E-4 4.08364E-4 4.75399E-5 1.02278E-4 1.09797E-3 2.98265E-4 1.58565E-4 1.85798E-4 1.27191E-4 4.02226E-5 1.66395E-5 1.37715E-5 3.43106E-6 8.05533E-6 7.34206E-6 1.49589E-5 2.36731E-5 9.27653E-6 2.36931E-5 3.23879E-5
4.55855E-3 3.59951E-3 6.94258E-4 3.95258E-4 2.1293E-4 7.82964E-5 8.80144E-4 6.99019E-3 1.46842E-2 1.11177E-2 1.1487E-2 -9999 -9999 -9999 -9999 -9999 -9999 -9999 -9999 -9999 -9999 -9999 -9999 -9999 -9999 -9999 -9999 -9999 -9999 -9999 -9999 -9999 -9999 -9999 -9999 -9999 -9999 -9999 -9999 -9999 -9999 -9999 -9999 -9999 6.01345E-4 9.71938E-4 7.23807E-4 3.70692E-4 2.66718E-4 7.40593E-5 1.30557E-5 3.84508E-5 1.82186E-4 8.41016E-5 6.16041E-5 2.74138E-5 1.84776E-4 1.05232E-3 1.19423E-3 2.01631E-4 7.91253E-5 2.47728E-5 8.38814E-6 4.22207E-6 7.90383E-6 5.91178E-6 7.20009E-6 2.92344E-6 8.57337E-6 3.25282E-5 1.63461E-5 4.18832E-5 3.13819E-5
1.38803E-3 2.13753E-3 1.69994E-4 1.17652E-4 2.74573E-5 3.49892E-5 8.75305E-4 2.11913E-2 -9999 -9999 -9999 -9999 -9999 -9999 -9999 -9999 -9999 -9999 -9999 -9999 -9999 -9999 -9999 -9999 -9999 -9999 -9999 -9999 -9999 -9999 -9999 -9999 -9999 -9999 -9999 -9999 -9999 -9999 -9999 -9999 -9999 -9999 5.45971E-3 7.55808E-4 2.94538E-3 1.51357E-3 5.30947E-4 4.23608E-4 2.42054E-4 2.90031E-5 6.06614E-6 7.20605E-6 4.42086E-5 2.01742E-5 7.56054E-6 8.47031E-5 4.4896E-5 2.07361E-4 5.23638E-4 2.58882E-4 8.29612E-5 1.95576E-5 1.40076E-6 1.23662E-6 5.42704E-6 2.41583E-5 4.19257E-5 2.76192E-5 9.90901E-6 1.10857E-5 3.35815E-5 1.75625E-5 3.43622E-5
4.68849E-4 4.3317E-4 1.06381E-4 2.15673E-5 9.41335E-6 4.83735E-5 7.58945E-4 1.33604E-2 -9999 -9999 -9999 -9999 -9999 -9999 -9999 -9999 -9999 -9999 -9999 -9999 -9999 -9999 -9999 4.02222E-3 5.19875E-3 3.48912E-3 -9999 -9999 -9999 -9999 -9999 -9999 -9999 -9999 -9999 -9999 -9999 -9999 -9999 -9999 -9999 -9999 -9999 -9999 2.64974E-3 6.85001E-4 2.02234E-4 8.40137E-5 5.48727E-5 1.31594E-5 1.20901E-5 9.75001E-6 5.90746E-6 5.70129E-6 1.42291E-5 5.07804E-5 1.07633E-4 3.47194E-5 4.70566E-4 4.82433E-4 2.67217E-4 1.10823E-4 1.00656E-5 1.94027E-5 1.13497E-5 1.13049E-5 2.39093E-5 1.40089E-5 1.11847E-5 2.02814E-5 2.90658E-5 8.04629E-5 2.95693E-5
1.0756E-4 1.64095E-5 3.79269E-6 6.09565E-6 1.0895E-5 1.24938E-4 3.08738E-3 4.10273E-2 2.72193E-2 -9999 -9999 -9999 -9999 -9999 -9999 -9999 -9999 -9999 -9999 -9999 -9999 -9999 4.59344E-3 3.38095E-3 6.98833E-3 2.97138E-3 2.36248E-3 -9999 -9999 -9999 -9999 -9999 -9999 -9999 -9999 -9999 -9999 -9999 -9999 -9999 -9999 -9999 -9999 -9999 5.26773E-4 6.37303E-4 9.56276E-5 2.7155E-5 2.71282E-5 4.32407E-5 3.09009E-5 8.39337E-6 3.20076E-6 4.89024E-6 7.03516E-6 1.98717E-5 5.9484E-5 3.08762E-5 7.20752E-5 6.02848E-4 1.98086E-4 2.55332E-4 2.15547E-4 4.06625E-4 1.61041E-4 2.20832E-4 1.23066E-4 7.66014E-5 3.63393E-6 2.07524E-5 1.97242E-5 4.30367E-5 1.13901E-5
2.9662E-4 1.29803E-5 2.14758E-6 2.70091E-6 1.7012E-5 3.26089E-4 8.04736E-3 1.96061E-2 2.04375E-2 -9999 -9999 -9999 -9999 -9999 -9999 -9999 -9999 -9999 -9999 -9999 -9999 2.78211E-3 5.58767E-3 3.09441E-3 6.76865E-3 6.0995E-3 5.01378E-3 7.71795E-3 -9999 1.172E-2 1.98324E-2 -9999 -9999 -9999 -9999 -9999 -9999 -9999 -9999 -9999 -9999 -9999 -9999 2.5173E-3 4.85987E-4 1.01718E-3 1.48138E-4 3.21362E-5 2.23352E-5 5.94402E-5 9.09987E-5 1.05019E-5 4.96089E-6 3.87531E-6 2.10754E-6 2.79428E-6 3.07511E-6 5.13746E-6 1.34561E-4 1.00249E-4 7.17827E-5 2.74917E-4 1.50092E-4 2.1615E-5 8.41042E-5 4.13553E-5 1.32272E-5 4.83907E-5 7.47516E-5 6.52405E-5 1.37734E-5 1.43627E-5 5.08333E-5
8.99909E-5 8.59193E-5 1.53011E-5 6.9923E-6 7.84652E-5 8.12801E-4 9.1965E-3 4.33947E-2 5.33013E-2 -9999 -9999 -9999 -9999 -9999 -9999 -9999 -9999 -9999 -9999 -9999 -9999 -9999 3.70587E-3 3.49904E-3 8.36844E-3 5.03954E-3 4.08321E-3 5.06545E-3 4.09229E-3 6.37841E-3 2.19968E-2 -9999 -9999 -9999 -9999 -9999 -9999 -9999 -9999 -9999 1.04606E-2 1.42489E-2 1.07783E-2 3.7018E-3 6.74516E-4 6.27236E-4 5.91705E-4 1.10431E-4 1.09029E-4 1.05482E-4 3.75375E-5 1.35641E-5 4.84399E-6 6.32358E-6 6.75617E-6 2.40872E-5 1.08011E-5 3.60249E-6 2.02985E-5 2.70366E-5 1.56539E-5 9.45567E-5 1.82904E-4 2.81006E-5 2.12539E-5 3.80871E-5 1.26228E-5 3.12935E-5 3.39674E-5 1.64681E-5 1.48601E-5 1.03373E-5 6.52677E-6
6.42315E-4 1.26832E-4 3.04455E-5 1.08886E-5 6.83452E-5 3.60557E-4 1.49674E-2 4.21403E-2 -9999 -9999 -9999 -9999 -9999 -9999 -9999 -9999 -9999 -9999 -9999 -9999 -9999 7.09208E-3 1.10447E-2 -9999 -9999 3.93058E-3 6.44272E-3 3.13819E-3 5.82399E-3 1.40102E-2 -9999 -9999 -9999 -9999 -9999 -9999 -9999 -9999 -9999 -9999 -9999 -9999 -9999 -9999 -9999 -9999 2.09978E-4 1.51857E-4 9.68484E-5 2.2099E-4 9.84615E-5 4.41968E-5 1.27687E-5 6.37292E-6 3.77196E-6 4.3849E-5 6.15561E-5 2.30947E-6 7.1706E-6 9.87084E-6 4.97011E-6 8.15807E-6 5.15179E-5 3.88842E-5 1.133E-5 3.10655E-5 2.06281E-5 1.19696E-5 2.00479E-5 9.35265E-6 1.94506E-6 3.7528E-6 8.93135E-6
2.25061E-4 8.20787E-5 3.6228E-5 1.21225E-5 1.44406E-5 8.28425E-4 1.47634E-2 5.50587E-2 -9999 -9999 -9999 -9999 -9999 -9999 -9999 -9999 -9999 -9999 -9999 -9999 -9999 -9999 -9999 -9999 -9999 3.51714E-3 3.769E-3 2.7577E-3 7.82044E-3 1.44026E-2 -9999 -9999 -9999 -9999 -9999 -9999 -9999 -9999 -9999 -9999 -9999 -9999 -9999 -9999 -9999 -9999 -9999 4.33544E-4 3.03715E-4 5.28435E-4 6.75068E-5 1.36215E-5 9.96588E-6 9.40605E-6 2.75177E-5 2.77722E-5 1.34358E-5 6.95758E-6 1.33091E-5 2.01985E-5 9.68299E-6 1.58881E-5 8.09602E-6 2.9143E-5 1.02329E-5 1.56519E-5 3.44723E-5 1.77751E-5 2.48851E-5 7.54493E-6 2.28881E-5 2.36022E-5 5.37794E-5
1.49706E-5 5.97664E-6 6.62998E-6 3.36199E-6 8.11687E-5 1.44933E-3 1.91058E-2 4.12701E-2 -9999 -9999 -9999 -9999 -9999 -9999 -9999 -9999 -9999 -9999 -9999 -9999 -9999 -9999 -9999 -9999 -9999 3.14991E-3 2.99038E-3 3.14427E-3 1.04842E-2 2.88198E-2 -9999 -9999 -9999 -9999 -9999 -9999 -9999 -9999 9.53295E-3 1.51219E-2 1.6461E-2 -9999 -9999 -9999 6.32981E-4 5.88191E-4 1.84466E-3 1.79296E-3 1.44442E-3 3.41612E-4 1.62999E-4 5.76408E-5 2.03422E-5 4.39582E-6 9.80716E-6 7.69863E-6 1.58275E-6 1.01146E-5 1.61042E-5 3.17449E-5 2.44174E-5 1.41679E-5 1.29551E-5 1.32139E-5 1.89825E-5 3.80524E-6 1.105E-5 9.4508E-6 1.15105E-5 7.74011E-6 1.44001E-5 9.76806E-5 8.30726E-5
9.77366E-5 4.42633E-6 1.79471E-6 8.08137E-6 8.20422E-5 2.57512E-3 2.7779E-2 3.59236E-2 -9999 -9999 -9999 -9999 -9999 -9999 -9999 -9999 -9999 -9999 -9999 -9999 -9999 -9999 -9999 -9999 1.07822E-2 5.06532E-3 5.59553E-3 4.87622E-3 8.2801E-3 2.47465E-2 -9999 -9999 -9999 -9999 -9999 -9999 -9999 -9999 1.04645E-2 7.58026E-3 4.28685E-3 1.41082E-3 5.65298E-4 3.66121E-5 3.24349E-5 5.22998E-4 3.08034E-4 9.19955E-4 8.22276E-4 3.34931E-4 2.08028E-4 4.30094E-4 2.44877E-4 4.27974E-5 1.01985E-5 3.61721E-6 3.78466E-6 8.45068E-6 5.3167E-5 7.72446E-5 1.88048E-5 6.42611E-6 1.64386E-5 9.05355E-6 1.57181E-5 1.05968E-5 4.66612E-6 6.51734E-6 1.03097E-5 3.68785E-5 2.11619E-5 1.59421E-5 4.25357E-5
6.69475E-6 9.863E-6 7.07705E-6 2.01112E-5 7.94709E-5 8.02764E-4 5.61819E-3 4.9365E-2 -9999 -9999 -9999 -9999 -9999 -9999 -9999 -9999 -9999 -9999 -9999 -9999 -9999 -9999 -9999 6.13108E-3 5.20968E-3 4.38563E-3 5.4214E-3 7.53856E-3 6.7623E-3 1.11324E-2 -9999 -9999 -9999 -9999 -9999 -9999 -9999 -9999 2.62035E-3 1.89337E-3 1.18521E-3 1.05224E-3 2.80848E-4 1.217E-4 4.99842E-5 2.55189E-4 4.51996E-5 1.03678E-4 3.54453E-4 1.65487E-4 1.28156E-4 6.46822E-5 2.16934E-5 3.47229E-5 3.01875E-5 3.85092E-5 1.00004E-5 6.01182E-6 2.13821E-5 5.94523E-5 2.40109E-5 1.30458E-5 1.50158E-5 1.79178E-5 1.41242E-5 7.53158E-6 9.93715E-6 8.50973E-6 1.04418E-5 4.82684E-5 6.05097E-5 8.51375E-5 1.33813E-4
5.23042E-5 1.20321E-4 1.00284E-4 2.61231E-5 1.19232E-4 7.31126E-4 1.3628E-2 4.72456E-2 -9999 -9999 -9999 -9999 -9999 -9999 -9999 -9999 -9999 -9999 -9999 -9999 -9999 -9999 -9999 -9999 -9999 3.85284E-3 6.41417E-3 4.24633E-3 5.75982E-3 1.19527E-2 -9999 -9999 -9999 -9999 -9999 -9999 -9999 -9999 2.42499E-3 8.8188E-4 3.72516E-4 1.93045E-4 5.74027E-5 3.01002E-5 3.48002E-5 3.17588E-4 7.19253E-5 4.77843E-5 1.712E-4 1.38253E-4 9.31363E-5 2.5912E-4 1.25429E-5 1.00421E-5 9.6248E-6 2.00191E-5 2.82667E-5 3.59213E-5 3.89835E-6 5.75297E-5 4.80663E-5 2.56747E-5 1.32231E-5 2.20369E-5 1.79942E-5 2.19959E-5 4.18928E-5 5.24653E-5 1.53059E-5 6.43736E-5 3.56936E-5 2.08125E-4 1.73837E-4
6.04341E-5 2.07206E-4 7.17136E-5 2.63525E-5 1.91799E-4 4.09539E-4 5.20933E-3 2.67983E-2 -9999 -9999 -9999 -9999 -9999 -9999 -9999 -9999 -9999 -9999 -9999 -9999 -9999 -9999 -9999 -9999 -9999 -9999 1.99897E-3 2.61034E-3 5.55718E-3 9.37058E-3 -9999 -9999 8.65069E-3 -9999 -9999 -9999 -9999 -9999 4.12068E-3 5.62861E-4 8.10809E-5 4.27653E-5 2.01433E-5 1.8541E-5 5.39759E-5 1.03498E-4 4.93588E-5 1.1852E-5 2.80927E-5 1.29636E-4 4.87657E-5 1.34514E-5 3.28681E-5 7.41722E-6 1.08137E-5 2.39438E-6 3.12836E-5 1.95439E-5 2.17281E-5 1.29062E-4 7.80984E-5 3.37824E-5 4.50787E-6 9.33051E-6 3.50623E-5 5.8974E-6 1.19609E-5 4.25641E-5 9.46959E-5 5.58396E-5 8.02202E-5 8.78392E-5 1.24321E-4
1.12923E-4 4.67811E-4 4.20646E-4 5.79734E-5 2.59183E-4 2.84694E-4 1.12782E-3 1.52952E-2 3.62219E-2 -9999 -9999 -9999 -9999 -9999 -9999 -9999 -9999 -9999 -9999 -9999 -9999 -9999 -9999 -9999 -9999 -9999 -9999 1.87934E-3 4.12324E-3 7.61016E-3 -9999 -9999 1.31027E-2 -9999 -9999 -9999 -9999 3.42462E-3 4.21177E-3 1.11158E-3 1.7988E-4 2.31564E-5 1.16651E-5 2.33722E-5 5.27908E-5 3.14084E-5 3.67228E-5 1.22097E-5 1.75521E-5 1.15369E-4 3.89932E-5 5.1157E-6 3.55604E-6 4.40941E-6 6.58365E-5 2.9283E-5 2.11572E-5 9.70236E-6 1.91041E-5 2.94621E-5 7.02002E-5 6.75072E-5 1.19796E-5 4.40558E-6 1.37458E-5 1.24482E-5 3.07764E-5 1.08402E-4 1.45876E-4 1.09131E-4 1.38757E-4 1.13989E-4 -9999
1.02264E-3 7.12779E-4 5.01611E-4 3.46729E-4 7.38725E-4 7.22868E-4 9.57948E-4 1.84988E-2 4.08103E-2 -9999 -9999 -9999 -9999 -9999 -9999 -9999 -9999 -9999 -9999 -9999 -9999 -9999 -9999 -9999 1.1801E-2 -9999 -9999 2.58894E-3 1.99015E-3 4.4655E-3 -9999 -9999 -9999 -9999 -9999 1.33796E-3 1.34676E-3 3.48791E-3 1.39149E-3 4.35983E-4 6.84329E-5 2.23755E-5 2.79758E-5 2.1633E-5 3.63934E-5 3.47971E-5 3.05566E-5 2.01631E-5 1.96632E-5 5.61218E-5 7.88113E-6 6.98124E-6 2.67267E-5 1.50975E-5 1.11387E-4 8.63006E-5 3.34085E-5 1.46106E-5 2.15956E-5 1.22068E-5 3.50999E-5 7.05924E-5 1.5548E-5 4.37287E-6 3.18294E-5 1.49029E-5 6.37317E-5 2.07848E-4 1.71986E-4 2.21307E-4 1.69382E-4 1.36653E-4 -9999
1.01688E-3 2.12204E-3 1.18332E-3 8.97884E-4 3.66382E-3 1.4714E-3 2.41991E-3 3.05488E-2 4.78114E-2 -9999 -9999 -9999 -9999 -9999 -9999 -9999 -9999 -9999 -9999 1.42849E-2 2.33056E-2 -9999 -9999 9.26508E-3 1.2156E-2 -9999 -9999 4.70341E-3 2.56381E-3 1.21831E-2 4.42985E-3 -9999 -9999 2.74009E-3 6.85127E-4 5.21439E-4 6.92527E-4 5.04881E-4 2.70164E-4 5.86853E-5 1.22566E-4 4.52126E-5 2.95999E-5 1.39694E-5 4.0111E-5 4.27317E-5 1.90263E-5 1.98677E-5 2.03002E-5 7.1938E-5 3.65678E-5 9.6606E-6 3.22714E-5 1.21838E-4 2.82884E-4 4.04914E-5 1.76805E-5 1.28508E-5 2.97847E-5 4.23213E-5 2.06462E-5 3.71995E-5 2.99385E-5 8.48458E-6 5.57019E-5 9.81392E-5 2.2543E-5 4.97087E-5 9.59123E-5 2.09425E-4 2.57949E-4 1.39452E-4 -9999
