ENM/Final_Models/M_0.9_F_q_Set_1_EC/Gustavia_santanderiensis_1_Choco_clamping.asc
ncols         367
nrows         963
xllcorner     -78.6
yllcorner     0.65
cellsize      0.00833333333333323
NODATA_value  -9999
[rows 465 to 495 of 963, columns 210 to 279 of 367]
9.87889E-1 9.73123E-1 9.52023E-1 9.82168E-1 9.75783E-1 7.90881E-1 8.99592E-1 9.21833E-1 8.96473E-1 8.54052E-1 8.71495E-1 8.22304E-1 8.74843E-1 9.20586E-1 7.94245E-1 9.71456E-1 9.73598E-1 6.21982E-1 6.02148E-1 6.63803E-1 7.00007E-1 5.24792E-1 3.47772E-1 6.16765E-1 8.41791E-1 8.00243E-1 9.84331E-1 8.20287E-1 7.92443E-1 9.78678E-1 9.54403E-1 1.25055E-1 5.7073E-4 0E0 0E0 0E0 0E0 0E0 0E0 0E0 0E0 0E0 0E0 0E0 0E0 0E0 0E0 6.40403E-2 7.38144E-2 0E0 0E0 0E0 0E0 0E0 0E0 0E0 0E0 0E0 0E0 0E0 0E0 0E0 0E0 0E0 0E0 0E0 0E0 0E0 0E0 0E0
8.74283E-1 8.53388E-1 7.02728E-1 8.85924E-1 3.64838E-1 4.21115E-1 4.32166E-1 8.86391E-1 9.9139E-1 9.03933E-1 8.48596E-1 9.78379E-1 7.40689E-1 7.66622E-1 6.62244E-1 8.10776E-1 5.64717E-1 8.03891E-1 6.40279E-1 5.68644E-1 3.20337E-2 2.72577E-1 6.66237E-1 6.69108E-1 8.78138E-1 8.90291E-1 8.74142E-1 9.797E-1 6.29301E-1 9.82879E-1 9.69305E-1 1.61083E-1 4.5574E-2 0E0 0E0 0E0 0E0 0E0 0E0 0E0 0E0 0E0 0E0 0E0 0E0 0E0 0E0 0E0 0E0 0E0 0E0 0E0 0E0 0E0 0E0 0E0 0E0 0E0 0E0 0E0 0E0 0E0 0E0 0E0 0E0 0E0 0E0 0E0 0E0 0E0
5.58676E-1 4.02859E-1 4.22289E-1 8.86419E-1 1.43058E-3 4.7311E-1 8.34452E-1 8.5053E-1 7.61951E-1 7.15005E-2 2.81744E-1 8.15208E-1 8.83268E-1 8.75354E-1 7.79491E-1 6.71829E-1 7.95511E-1 5.14044E-1 6.27962E-1 8.0828E-1 6.21803E-1 7.12207E-1 3.5614E-1 6.6811E-1 4.46131E-1 9.31868E-1 5.75767E-1 8.32187E-1 8.11004E-1 9.52354E-1 9.85231E-1 1.84588E-1 1.32714E-2 0E0 0E0 0E0 0E0 0E0 0E0 0E0 0E0 0E0 0E0 0E0 0E0 0E0 0E0 0E0 0E0 0E0 0E0 0E0 0E0 0E0 0E0 0E0 0E0 1.0306E-2 0E0 0E0 0E0 0E0 0E0 0E0 0E0 0E0 0E0 0E0 0E0 0E0
6.80853E-1 6.97406E-1 4.92847E-1 2.92846E-1 5.36748E-2 8.93837E-1 4.551E-1 7.81569E-1 8.39747E-1 8.48213E-1 5.05386E-1 4.27727E-1 5.4589E-1 8.66919E-1 8.18311E-1 5.46775E-1 5.50157E-1 5.56662E-1 7.6353E-1 6.67752E-1 8.64434E-1 6.69081E-1 6.43804E-1 6.17894E-1 6.64779E-1 4.69109E-1 8.02665E-1 9.78146E-1 7.95292E-1 9.57595E-1 1.65514E-2 1.68675E-1 1.89461E-2 0E0 0E0 0E0 0E0 0E0 3.11134E-2 0E0 0E0 0E0 0E0 0E0 0E0 0E0 0E0 0E0 0E0 0E0 0E0 0E0 0E0 0E0 0E0 7.73391E-3 0E0 0E0 0E0 0E0 0E0 0E0 0E0 0E0 0E0 0E0 0E0 0E0 0E0 0E0
7.43488E-1 6.12793E-1 8.3927E-1 8.96006E-1 3.32232E-1 3.78974E-1 3.30945E-1 5.63445E-1 8.21514E-1 7.94233E-1 4.72177E-1 1.4697E-1 2.26003E-1 8.67382E-1 8.33244E-1 4.67433E-1 7.553E-1 5.50635E-1 5.40895E-1 7.1032E-1 7.20644E-1 5.82452E-1 2.20118E-1 1.13577E-1 8.06766E-1 8.27832E-1 8.22451E-1 9.8179E-1 9.46919E-1 9.50278E-1 2.53539E-2 1.88331E-1 3.6235E-4 0E0 0E0 0E0 0E0 0E0 0E0 0E0 0E0 0E0 0E0 0E0 0E0 0E0 0E0 0E0 0E0 0E0 0E0 0E0 0E0 0E0 0E0 4.48395E-3 0E0 0E0 0E0 0E0 0E0 0E0 0E0 0E0 0E0 0E0 0E0 0E0 0E0 0E0
2.67918E-1 2.03209E-2 5.6919E-1 4.85257E-1 2.83137E-1 3.1316E-1 3.42013E-1 4.30821E-1 4.63307E-1 9.25252E-1 9.14977E-1 5.50151E-1 5.04218E-1 6.6212E-1 6.78617E-1 7.85127E-1 7.46291E-1 8.00509E-1 4.88029E-1 7.06133E-1 7.70486E-1 5.54437E-1 6.51057E-1 6.56316E-1 8.18268E-1 6.63881E-1 7.95099E-1 9.80703E-1 9.82072E-1 9.1519E-1 9.41059E-1 2.51374E-1 0E0 0E0 0E0 0E0 2.09172E-3 0E0 0E0 0E0 1.37829E-3 0E0 0E0 0E0 0E0 0E0 0E0 0E0 0E0 0E0 0E0 0E0 0E0 0E0 0E0 0E0 0E0 0E0 0E0 0E0 0E0 0E0 0E0 0E0 0E0 0E0 0E0 0E0 0E0 0E0
5.15468E-2 1.57888E-2 6.06934E-1 7.58747E-1 9.70825E-1 9.83898E-1 8.55798E-1 3.07992E-1 3.1967E-1 3.5399E-1 4.96409E-1 4.09898E-1 5.01454E-1 1.55894E-1 5.25416E-1 6.30913E-1 7.03137E-1 9.39112E-1 9.16357E-1 9.12699E-1 8.96903E-1 8.35493E-1 6.2267E-1 5.76475E-1 6.18505E-1 4.53566E-1 4.73819E-1 9.83868E-1 9.81932E-1 9.41886E-1 9.51454E-1 1.51293E-1 5.95021E-3 0E0 0E0 0E0 1.75138E-2 9.26185E-2 0E0 0E0 0E0 0E0 0E0 0E0 1.11833E-3 0E0 0E0 0E0 0E0 0E0 0E0 3.23064E-2 6.43256E-3 1.96275E-2 0E0 0E0 0E0 0E0 0E0 0E0 0E0 0E0 0E0 0E0 0E0 0E0 0E0 0E0 0E0 0E0
8.23512E-2 1.32258E-1 7.56053E-1 7.63968E-1 8.19405E-1 8.56358E-1 8.45703E-1 8.66691E-1 8.70781E-1 8.82109E-1 8.88223E-1 9.02828E-1 7.60102E-1 4.77597E-1 4.96707E-1 2.71101E-1 3.79768E-1 4.93969E-1 7.05278E-1 6.94887E-1 7.18602E-1 7.01734E-1 5.95835E-1 8.41778E-1 5.8465E-1 1.54876E-1 2.76704E-1 4.22088E-1 9.35852E-1 9.46516E-1 8.88053E-1 4.75538E-1 2.65125E-2 3.01218E-3 0E0 0E0 0E0 7.6976E-3 2.96164E-3 0E0 0E0 0E0 0E0 0E0 0E0 0E0 0E0 0E0 0E0 3.27197E-2 1.24442E-1 3.10667E-2 1.6714E-2 7.10594E-3 2.33973E-2 0E0 0E0 0E0 0E0 0E0 0E0 0E0 0E0 0E0 0E0 0E0 0E0 0E0 0E0 0E0
4.29755E-1 4.65919E-1 7.6919E-1 9.08625E-1 8.95923E-1 8.71444E-1 8.67338E-1 8.83115E-1 8.9715E-1 8.33115E-1 3.89504E-1 8.73075E-1 7.01779E-1 5.28413E-1 2.16139E-1 4.97929E-1 6.78745E-1 5.75124E-1 6.68072E-1 7.1189E-1 4.1732E-1 4.84482E-1 7.3892E-1 7.63913E-1 5.3135E-1 2.34282E-1 3.9761E-1 3.56916E-1 5.2568E-1 9.39287E-1 9.42207E-1 4.02525E-1 4.09876E-2 7.14027E-3 0E0 0E0 2.22262E-2 4.63532E-2 0E0 0E0 0E0 0E0 0E0 0E0 0E0 0E0 0E0 0E0 3.17054E-2 3.13907E-1 8.41569E-2 4.0852E-1 5.48734E-2 3.03106E-1 0E0 0E0 0E0 0E0 0E0 0E0 0E0 0E0 0E0 0E0 0E0 0E0 0E0 0E0 0E0 0E0
8.44965E-1 8.26658E-1 8.80648E-1 9.1234E-1 9.0674E-1 9.33404E-1 9.69591E-1 8.71454E-1 9.7857E-1 4.43043E-1 4.90726E-1 5.1331E-1 6.76601E-1 4.51445E-1 4.96521E-1 8.4641E-1 1.38041E-1 5.55867E-1 6.21137E-1 7.42844E-1 7.67857E-1 6.74208E-1 5.23129E-1 6.01572E-1 5.96514E-1 4.50438E-1 5.73734E-1 4.43424E-1 5.49386E-1 5.64108E-1 9.49054E-1 8.62698E-1 1.29898E-1 2.53982E-2 6.11946E-2 5.27421E-1 3.62606E-1 6.05033E-1 5.29092E-2 6.02373E-2 6.27241E-2 1.93572E-2 1.19923E-1 4.51679E-2 2.79229E-2 0E0 1.77757E-3 3.36751E-3 2.28586E-1 4.72234E-2 4.40088E-2 0E0 0E0 0E0 0E0 0E0 0E0 0E0 0E0 0E0 0E0 0E0 0E0 0E0 0E0 0E0 0E0 0E0 0E0 0E0
9.70339E-1 8.17953E-1 8.49073E-1 8.33744E-1 8.90647E-1 8.40474E-1 9.11649E-1 8.79542E-1 7.67141E-1 6.30882E-1 5.10454E-1 6.70258E-1 3.61816E-1 6.5402E-1 4.30428E-1 5.17412E-1 4.559E-1 8.92898E-1 8.30947E-1 4.4827E-1 9.66839E-1 7.51487E-1 5.49619E-1 4.22182E-1 5.44077E-1 6.60483E-1 6.58906E-1 7.03051E-1 5.24071E-1 5.69531E-1 9.37388E-1 8.50585E-1 2.21853E-2 4.24855E-1 5.93466E-1 7.65868E-1 8.51137E-1 7.43283E-1 3.73404E-1 5.6121E-2 6.73654E-1 8.2678E-1 8.5187E-1 2.57341E-1 2.31356E-1 7.38323E-2 2.15632E-1 6.92569E-3 5.03816E-1 2.05122E-2 0E0 0E0 0E0 0E0 0E0 0E0 0E0 0E0 0E0 0E0 0E0 1.63566E-2 0E0 0E0 0E0 0E0 0E0 0E0 0E0 0E0
9.73271E-1 9.68273E-1 8.65761E-1 8.164E-1 8.72096E-1 7.97516E-1 9.78286E-1 9.75007E-1 9.74415E-1 9.7181E-1 6.17584E-1 6.92815E-1 6.85994E-1 1.28396E-1 9.75221E-2 4.72461E-1 8.28215E-1 8.79381E-1 8.98507E-1 4.02931E-1 7.54619E-1 7.08213E-1 5.90125E-1 5.77136E-1 4.80951E-1 5.87797E-1 7.59914E-1 7.1278E-1 6.04112E-1 8.22956E-1 9.24211E-1 7.70252E-1 7.20821E-1 8.25248E-1 8.52258E-1 6.29363E-1 8.42646E-1 8.84895E-1 6.19937E-1 6.21272E-1 8.7717E-1 9.3845E-1 8.1833E-1 4.62529E-1 3.26123E-1 5.33178E-1 4.54543E-1 6.8845E-2 0E0 0E0 0E0 0E0 0E0 0E0 0E0 0E0 0E0 0E0 0E0 0E0 0E0 0E0 0E0 0E0 0E0 0E0 0E0 0E0 0E0 0E0
8.01812E-1 7.99737E-1 9.69153E-1 9.24557E-1 8.08679E-1 7.88681E-1 8.49881E-1 7.92047E-1 6.2027E-1 6.32725E-1 7.09948E-1 6.89192E-1 8.015E-1 6.82007E-1 5.16728E-1 4.68954E-1 7.81623E-1 8.08383E-1 8.04352E-1 7.77828E-1 7.12717E-1 8.06381E-1 8.35591E-1 6.1233E-1 6.40864E-1 6.28742E-1 7.91199E-1 7.96654E-1 7.10364E-1 2.6934E-1 2.20574E-1 9.29134E-1 6.59705E-1 8.84142E-1 5.6696E-1 4.39078E-1 5.10529E-1 5.28719E-1 7.15007E-1 3.88733E-1 7.79831E-1 6.16059E-1 5.46151E-1 4.66363E-2 2.19929E-3 0E0 0E0 0E0 0E0 0E0 0E0 0E0 0E0 0E0 0E0 0E0 0E0 0E0 0E0 0E0 0E0 0E0 0E0 0E0 0E0 0E0 0E0 0E0 0E0 0E0
9.75355E-1 9.49333E-1 9.7702E-1 9.58525E-1 8.42083E-1 7.79727E-1 7.95705E-1 9.58187E-1 9.81655E-1 9.8375E-1 8.91538E-1 8.89196E-1 7.57841E-1 4.94307E-1 5.85057E-1 7.93996E-1 9.7275E-1 7.6108E-1 8.4661E-1 6.62064E-1 8.19781E-1 8.27465E-1 8.81858E-1 6.48686E-1 7.15075E-1 8.33627E-1 7.29485E-1 7.56652E-1 7.64342E-1 3.86138E-1 3.04998E-1 6.29034E-1 3.66092E-1 5.21591E-1 1.03328E-1 4.47403E-2 9.15654E-1 1.16936E-1 5.76444E-1 9.28015E-2 1.14679E-1 4.88084E-2 0E0 0E0 0E0 0E0 0E0 0E0 0E0 0E0 0E0 0E0 0E0 0E0 1.54926E-1 0E0 0E0 0E0 0E0 0E0 0E0 0E0 0E0 0E0 0E0 0E0 0E0 0E0 0E0 0E0
9.74196E-1 9.82199E-1 9.65636E-1 9.6367E-1 9.57128E-1 9.6506E-1 9.81619E-1 9.61848E-1 9.67973E-1 9.70099E-1 7.93105E-1 7.82806E-1 6.10865E-1 5.19234E-1 6.09481E-1 8.59391E-1 8.08218E-1 8.4717E-1 5.55475E-1 7.86361E-1 8.11212E-1 8.18107E-1 8.59253E-1 7.24215E-1 7.84911E-1 4.87299E-1 3.9103E-1 3.60482E-1 7.79296E-1 2.26889E-1 1.08717E-1 2.73E-1 2.99509E-1 6.64987E-2 5.61322E-2 3.4116E-2 3.15288E-1 4.33836E-2 9.9985E-3 1.54626E-2 1.59221E-2 0E0 0E0 0E0 0E0 0E0 0E0 0E0 0E0 0E0 0E0 0E0 1.34146E-1 2.52841E-1 2.70162E-1 1.50144E-1 5.53026E-2 0E0 0E0 0E0 0E0 0E0 0E0 0E0 0E0 0E0 0E0 0E0 0E0 0E0
9.75304E-1 9.74438E-1 9.76296E-1 9.75273E-1 9.76456E-1 9.52458E-1 9.65532E-1 8.21874E-1 9.81458E-1 9.8341E-1 9.67986E-1 8.21179E-1 7.83446E-1 8.46828E-1 6.86017E-1 6.18074E-1 5.63194E-1 7.8186E-1 5.72529E-1 6.21655E-1 6.9877E-1 6.72302E-1 7.81989E-1 8.11173E-1 4.75892E-1 5.16722E-1 1.80813E-1 1.84683E-1 2.32353E-1 1.94633E-1 1.58621E-1 1.36852E-1 1.52747E-2 5.12665E-2 6.46022E-2 2.65446E-2 0E0 0E0 0E0 0E0 0E0 0E0 0E0 0E0 0E0 0E0 0E0 0E0 0E0 0E0 0E0 0E0 3.71935E-1 0E0 0E0 0E0 0E0 0E0 2.24617E-2 0E0 0E0 0E0 0E0 0E0 0E0 0E0 0E0 0E0 0E0 0E0
9.45765E-1 9.75488E-1 9.70388E-1 9.73227E-1 9.7402E-1 9.36262E-1 9.13616E-1 9.56072E-1 9.80887E-1 9.77297E-1 9.62849E-1 8.43244E-1 7.51871E-1 7.72989E-1 5.59361E-1 5.87329E-1 7.68569E-1 3.74602E-1 7.27228E-1 6.69014E-1 7.48547E-1 7.28318E-1 6.0803E-1 8.33211E-1 4.99251E-1 5.79296E-1 5.05923E-1 4.7716E-1 1.36519E-1 2.56768E-1 1.86607E-1 1.42843E-1 5.50557E-2 1.87377E-2 5.63329E-2 1.35852E-2 0E0 0E0 0E0 0E0 0E0 0E0 0E0 0E0 0E0 0E0 0E0 0E0 0E0 0E0 0E0 0E0 1.53175E-1 1.88473E-1 0E0 0E0 0E0 1.22968E-1 1.02241E-1 0E0 0E0 0E0 0E0 0E0 0E0 0E0 0E0 0E0 0E0 0E0
9.78781E-1 9.7364E-1 9.48859E-1 9.90135E-1 9.76377E-1 9.14822E-1 9.2431E-1 7.80789E-1 8.33608E-1 8.4021E-1 9.61999E-1 9.57896E-1 6.68286E-1 7.43011E-1 8.64442E-1 8.6249E-1 8.34055E-1 8.52381E-1 6.5275E-1 7.11008E-1 5.23E-1 5.33182E-1 6.26645E-1 5.8081E-1 4.78346E-1 6.20706E-2 5.679E-1 6.02645E-1 2.21696E-1 1.50763E-1 1.01091E-1 1.39952E-1 1.28462E-1 1.76969E-2 0E0 0E0 0E0 0E0 0E0 0E0 0E0 0E0 0E0 0E0 0E0 1.18917E-1 0E0 0E0 0E0 0E0 0E0 0E0 1.6964E-1 3.50527E-1 0E0 0E0 6.22286E-2 1.03849E-2 2.56652E-2 0E0 0E0 0E0 0E0 0E0 0E0 0E0 0E0 0E0 0E0 0E0
9.35492E-1 9.56088E-1 9.46862E-1 9.68474E-1 9.52294E-1 9.54624E-1 9.75272E-1 9.59278E-1 7.92565E-1 9.58509E-1 8.63862E-1 7.92134E-1 7.43486E-1 6.36448E-1 7.16689E-1 6.50995E-1 7.60948E-1 6.39771E-2 4.4632E-1 6.97444E-1 6.45105E-1 6.64246E-1 8.22047E-1 8.62642E-2 5.25399E-1 5.72306E-1 1.76972E-2 5.45029E-1 1.05937E-1 7.08056E-2 7.17251E-2 1.6123E-1 5.67192E-2 4.30237E-2 8.16652E-3 3.46975E-2 2.04879E-2 1.45726E-3 3.30389E-1 3.74186E-2 3.19301E-2 2.56876E-1 2.03398E-1 4.79192E-1 2.48738E-1 0E0 1.55116E-1 7.22566E-1 4.84003E-1 0E0 0E0 0E0 1.56244E-1 3.53825E-2 0E0 0E0 0E0 0E0 0E0 0E0 0E0 0E0 0E0 0E0 0E0 0E0 0E0 0E0 0E0 0E0
5.97396E-1 9.82038E-1 9.83951E-1 9.69262E-1 7.66544E-1 9.77675E-1 9.92921E-1 9.52376E-1 9.51505E-1 9.58828E-1 7.67253E-1 8.0504E-1 7.67269E-1 3.89582E-1 3.81609E-1 8.06759E-1 7.05749E-1 5.31338E-1 7.99825E-1 6.73167E-1 2.70998E-1 3.18023E-1 8.27481E-1 2.67057E-1 3.63191E-1 4.92955E-1 7.12007E-1 4.97786E-1 2.43096E-1 1.51785E-1 1.86286E-1 6.21875E-2 3.08381E-1 4.68247E-2 7.2844E-3 3.52437E-1 1.46144E-2 5.9623E-1 5.5665E-1 7.11358E-1 8.49244E-1 8.6049E-1 4.64309E-1 7.62917E-1 2.67338E-2 0E0 7.62607E-2 6.06612E-1 3.63446E-1 1.22953E-2 0E0 2.87525E-3 1.98034E-2 0E0 0E0 5.53286E-2 0E0 0E0 0E0 0E0 0E0 0E0 0E0 0E0 0E0 0E0 0E0 0E0 0E0 0E0
9.5072E-1 9.58082E-1 8.17435E-1 9.79488E-1 9.5188E-1 9.70031E-1 9.92078E-1 9.4253E-1 9.42105E-1 8.09786E-1 9.76077E-1 9.36963E-1 7.75876E-1 8.30593E-1 8.62077E-1 5.6313E-1 5.86415E-1 5.83982E-1 6.8181E-1 6.18E-1 2.77157E-1 2.64373E-1 2.24955E-1 3.6343E-1 2.10548E-1 6.04958E-1 5.42444E-1 7.88668E-1 7.99962E-1 3.89861E-1 1.96592E-1 3.513E-1 2.71474E-1 1.03385E-1 1.11766E-1 4.92139E-1 5.29374E-1 1.59246E-2 5.2825E-1 2.71867E-1 5.32422E-1 5.58043E-1 5.0757E-1 9.62144E-1 5.04239E-1 0E0 0E0 9.93731E-2 7.31148E-1 2.25939E-1 0E0 0E0 0E0 0E0 3.52695E-2 2.01041E-2 2.79603E-3 9.18291E-3 2.07857E-4 0E0 0E0 0E0 0E0 0E0 0E0 0E0 0E0 0E0 0E0 0E0
7.04871E-1 7.53368E-1 2.75088E-1 9.68038E-1 8.10046E-1 7.84579E-1 9.83343E-1 9.34717E-1 9.917E-1 7.26631E-1 7.43613E-1 5.07158E-1 8.24157E-1 6.32765E-1 6.05203E-1 8.34382E-1 8.16464E-1 6.18356E-1 7.31678E-1 7.23542E-1 1.48514E-1 3.21513E-2 1.54423E-1 4.79495E-1 5.30725E-1 5.08193E-1 8.06111E-1 3.39203E-1 3.19171E-1 3.10035E-1 1.04896E-1 1.58473E-1 1.1421E-1 1.11141E-1 2.55766E-1 3.45293E-1 5.79935E-1 6.76687E-1 7.38283E-1 4.08657E-1 5.98078E-1 5.41523E-1 2.14746E-1 1.25327E-1 3.39095E-3 1.09228E-1 6.69771E-2 0E0 0E0 7.49668E-2 2.88203E-1 0E0 0E0 0E0 0E0 0E0 2.95066E-1 0E0 0E0 0E0 0E0 0E0 0E0 0E0 0E0 0E0 0E0 0E0 0E0 0E0
9.57877E-1 8.09518E-1 8.07354E-1 8.38038E-1 8.38812E-1 8.69268E-1 7.98696E-1 9.88211E-1 7.86922E-1 4.38369E-1 7.85793E-1 1.92633E-1 1.78067E-1 6.51658E-1 6.66854E-1 7.46625E-1 8.14992E-1 8.0892E-1 8.30315E-1 5.54621E-1 5.45292E-1 8.41283E-1 8.35372E-1 4.89945E-1 2.1491E-1 4.98615E-1 7.45032E-1 6.23454E-1 5.40391E-1 4.86081E-3 1.38706E-1 8.04815E-2 5.44362E-2 4.79522E-2 5.42608E-3 2.54267E-2 4.07369E-1 4.77292E-1 6.78869E-1 9.292E-1 8.59343E-1 6.33291E-1 3.5402E-3 0E0 0E0 9.65889E-3 0E0 0E0 0E0 0E0 0E0 0E0 0E0 0E0 0E0 0E0 0E0 0E0 0E0 0E0 0E0 0E0 0E0 0E0 0E0 0E0 0E0 0E0 0E0 0E0
7.69874E-1 7.69413E-1 5.94347E-1 5.78022E-1 8.51325E-1 8.50612E-1 9.12512E-1 9.40003E-1 7.65924E-1 3.56474E-1 3.85762E-1 5.02622E-1 1.02434E-1 4.25653E-1 7.2682E-1 8.2539E-1 8.06735E-1 7.94159E-1 8.15247E-1 8.04835E-1 5.61248E-1 6.40933E-1 7.81091E-1 3.73295E-1 1.84917E-1 1.57791E-1 8.13203E-1 2.90533E-1 3.17156E-1 3.52347E-1 3.15838E-3 5.75929E-2 7.12083E-2 8.58611E-4 3.28305E-2 8.20298E-2 9.29591E-2 4.99458E-1 5.51382E-1 8.8705E-1 9.49305E-1 6.70548E-1 5.67383E-3 0E0 0E0 0E0 0E0 0E0 0E0 0E0 0E0 0E0 3.01587E-2 0E0 0E0 0E0 7.37724E-2 0E0 0E0 0E0 0E0 0E0 0E0 0E0 0E0 0E0 0E0 0E0 0E0 0E0
7.64445E-1 7.94409E-1 8.32755E-1 8.06743E-1 8.23393E-1 8.0423E-1 8.17868E-1 7.79722E-1 4.40645E-1 5.98977E-1 6.31772E-1 8.24661E-1 8.45866E-1 8.33555E-1 8.24951E-1 7.87874E-1 8.06227E-1 7.6347E-1 7.64712E-1 8.26089E-1 7.98688E-1 6.736E-1 7.68813E-1 2.42683E-1 1.96826E-1 1.68889E-1 1.04196E-1 3.71133E-1 1.43634E-1 2.37821E-1 5.46475E-3 1.15352E-1 8.34255E-2 3.30013E-2 1.82485E-1 5.22437E-1 5.41525E-1 4.67655E-1 5.79298E-1 6.53565E-1 9.28219E-1 7.86761E-1 6.94431E-1 1.19138E-1 5.11028E-2 0E0 0E0 0E0 0E0 0E0 0E0 7.10447E-2 3.87458E-2 0E0 0E0 0E0 0E0 0E0 0E0 0E0 0E0 0E0 0E0 0E0 0E0 0E0 0E0 0E0 0E0 0E0
8.24208E-1 9.66611E-1 8.49752E-1 8.25892E-1 6.40066E-1 8.25293E-1 7.69315E-1 8.45977E-1 8.44361E-1 8.61937E-1 8.64851E-1 6.25497E-1 8.30957E-1 9.75783E-1 7.84567E-1 8.01798E-1 8.24417E-1 9.45639E-1 9.35068E-1 8.02646E-1 7.49697E-1 7.07602E-1 7.25841E-1 7.39185E-1 5.37407E-1 1.01846E-1 1.44688E-1 8.47767E-2 6.46824E-2 3.97826E-2 2.22044E-3 3.26308E-1 1.30681E-1 5.57529E-1 6.04592E-1 5.78696E-1 8.597E-1 9.35833E-1 8.68845E-1 7.71179E-1 8.5558E-1 9.05312E-1 8.98376E-1 8.93877E-1 8.35134E-1 5.53474E-2 0E0 0E0 0E0 0E0 0E0 1.33935E-1 1.56967E-2 0E0 0E0 0E0 0E0 0E0 0E0 0E0 0E0 0E0 0E0 0E0 0E0 0E0 0E0 0E0 0E0 0E0
9.0897E-1 5.91057E-1 9.75945E-1 9.80033E-1 8.21483E-1 7.96207E-1 9.16042E-1 9.18602E-1 8.60112E-1 7.23045E-1 7.27637E-1 5.83452E-1 3.00642E-1 2.88231E-1 8.28139E-1 9.73207E-1 9.70352E-1 7.73173E-1 9.28557E-1 7.93254E-1 6.24201E-1 7.56608E-1 7.60645E-1 8.07814E-1 5.14709E-2 9.00517E-2 9.30516E-2 1.00073E-1 2.83024E-2 0E0 1.34901E-1 2.47136E-1 1.19372E-2 4.93269E-1 5.78291E-1 6.21019E-1 6.86118E-1 2.00963E-1 3.39419E-1 1.59194E-1 1.21431E-1 1.34193E-1 5.23019E-2 1.93717E-2 5.37636E-2 9.3751E-2 2.20174E-2 0E0 0E0 0E0 0E0 1.37219E-1 0E0 0E0 0E0 0E0 0E0 0E0 0E0 0E0 0E0 0E0 0E0 0E0 0E0 0E0 0E0 0E0 0E0 0E0
5.87771E-1 4.45192E-1 5.02319E-1 5.03138E-1 6.97173E-1 8.98174E-1 9.12588E-1 9.21822E-1 9.626E-1 3.10857E-1 2.60622E-1 1.23699E-1 1.06551E-1 2.32252E-1 6.9477E-1 4.36435E-1 4.45953E-1 8.23164E-1 9.69452E-1 9.61998E-1 9.27792E-1 5.7047E-1 7.75803E-1 8.10578E-1 4.81937E-1 2.22687E-1 1.4225E-1 8.72798E-2 3.7652E-2 5.12304E-2 1.04982E-1 5.7388E-2 4.13438E-2 6.75358E-1 8.39596E-1 7.70999E-1 6.7039E-1 5.42088E-1 8.51042E-1 6.28583E-1 4.98971E-2 0E0 0E0 0E0 0E0 0E0 0E0 0E0 0E0 0E0 0E0 0E0 0E0 0E0 0E0 0E0 0E0 0E0 0E0 0E0 0E0 0E0 0E0 0E0 0E0 0E0 0E0 0E0 0E0 0E0
7.7999E-1 8.05693E-1 5.10986E-1 5.42303E-1 8.44562E-1 8.09988E-1 9.14046E-1 9.5608E-1 9.50625E-1 7.66735E-1 8.02446E-1 4.3549E-1 4.94977E-1 4.03855E-1 7.53108E-1 7.8573E-1 7.74248E-1 7.8819E-1 9.69921E-1 8.57557E-1 8.50862E-1 7.86385E-1 6.59797E-1 6.68167E-1 5.72278E-1 4.57916E-1 3.89531E-1 9.40443E-2 6.00517E-2 1.02823E-1 1.06686E-1 7.32149E-2 6.06363E-1 7.18145E-1 9.6277E-1 9.38677E-1 9.26769E-1 8.34734E-1 7.86689E-1 8.03365E-1 3.5714E-1 2.66122E-2 0E0 0E0 0E0 0E0 0E0 0E0 0E0 0E0 0E0 0E0 0E0 0E0 0E0 0E0 0E0 0E0 0E0 0E0 0E0 0E0 0E0 0E0 0E0 0E0 0E0 0E0 0E0 0E0
7.01934E-1 7.65584E-1 9.81039E-1 7.67319E-1 7.7478E-1 7.82019E-1 9.6587E-1 9.88275E-1 9.57142E-1 7.27873E-1 3.5288E-1 2.10522E-1 4.32767E-1 7.04169E-1 8.03431E-1 7.97517E-1 5.03639E-1 7.53561E-1 7.157E-1 8.34067E-1 8.65311E-1 7.03571E-1 7.31885E-1 7.62185E-1 7.80234E-1 6.10872E-1 2.09355E-1 1.273E-1 4.05749E-1 1.24201E-1 1.61569E-1 2.01864E-1 1.70949E-1 6.32176E-1 9.33899E-1 9.11392E-1 8.8476E-1 9.56521E-2 0E0 4.70981E-2 2.20518E-1 4.54021E-2 0E0 0E0 0E0 0E0 0E0 0E0 0E0 0E0 0E0 0E0 0E0 0E0 0E0 0E0 0E0 0E0 0E0 0E0 0E0 0E0 0E0 0E0 0E0 0E0 0E0 0E0 0E0 0E0
6.08225E-1 7.52546E-1 9.42385E-1 9.53686E-1 8.9672E-1 7.85425E-1 9.55335E-1 9.75409E-1 9.63477E-1 7.15454E-1 1.56995E-1 8.21694E-1 5.05949E-1 7.23233E-1 7.84282E-1 8.18681E-1 4.33055E-1 7.54692E-1 6.74318E-1 8.57226E-1 8.39477E-1 5.84654E-1 5.08884E-1 5.23406E-1 7.74047E-1 8.31007E-1 1.40865E-1 3.28651E-1 3.42179E-1 9.92246E-2 1.73672E-1 2.07305E-1 7.32786E-1 8.72052E-1 8.94971E-1 6.32166E-1 1.97078E-2 0E0 0E0 1.73625E-2 1.78734E-1 0E0 0E0 0E0 0E0 0E0 0E0 0E0 0E0 0E0 0E0 0E0 0E0 0E0 0E0 0E0 0E0 0E0 0E0 0E0 0E0 0E0 0E0 0E0 0E0 0E0 0E0 0E0 0E0 0E0
