ENM/Final_Models/M_0.9_F_q_Set_1_EC/Gustavia_santanderiensis_4_Choco_clamping.asc
ncols         367
nrows         963
xllcorner     -78.6
yllcorner     0.65
cellsize      0.00833333333333323
NODATA_value  -9999
[rows 651 to 681 of 963, columns 140 to 209 of 367]
-9999 -9999 -9999 -9999 -9999 -9999 -9999 4.46458E-10 1.3689E-7 5.60069E-6 3.16167E-6 6.52304E-6 1.88503E-5 8.00153E-6 3.15028E-5 4.16788E-6 1.30593E-5 6.02479E-6 1.94984E-7 4.13304E-8 7.58799E-6 1.00649E-5 2.62244E-6 4.72893E-6 1.12324E-6 2.39539E-6 4.37543E-4 4.0005E-3 3.59574E-3 3.07216E-3 1.43784E-3 1.62687E-3 3.474E-4 2.48861E-3 3.57975E-3 3.87841E-3 3.82344E-4 0E0 2.32599E-4 2.10595E-3 1.86232E-3 1.32794E-3 2.95227E-4 1.38635E-3 0E0 0E0 0E0 0E0 0E0 0E0 8.34772E-4 0E0 0E0 0E0 0E0 0E0 0E0 0E0 0E0 0E0 0E0 0E0 0E0 0E0 0E0 0E0 0E0 0E0 0E0 0E0
-9999 -9999 -9999 -9999 -9999 -9999 2.85877E-9 8.68155E-10 2.28112E-6 4.11577E-7 8.63726E-7 4.26505E-6 1.12933E-7 8.87094E-7 2.33421E-6 2.68778E-5 2.56809E-7 2.28868E-6 2.12687E-7 9.27472E-7 2.68009E-8 5.78881E-6 3.65841E-7 4.52179E-5 3.31675E-7 6.51587E-8 3.55029E-5 3.06516E-3 1.97913E-3 1.9184E-3 1.01528E-3 1.64987E-3 4.18567E-3 1.69509E-3 4.29865E-3 3.39382E-3 3.7963E-3 1.12004E-3 1.3289E-3 8.42547E-4 1.66523E-4 8.93321E-5 1.01705E-3 4.58921E-4 0E0 0E0 0E0 0E0 0E0 0E0 0E0 0E0 0E0 0E0 0E0 0E0 0E0 0E0 0E0 0E0 0E0 0E0 0E0 0E0 0E0 0E0 0E0 0E0 0E0 0E0
-9999 -9999 -9999 -9999 -9999 2.04837E-11 3.65903E-10 1.03944E-9 3.16356E-8 9.74496E-8 2.99559E-7 1.48018E-6 1.15467E-7 8.57636E-6 3.54111E-6 2.21765E-9 5.48435E-7 1.92817E-6 3.85605E-6 6.06049E-7 5.69165E-8 2.05478E-9 1.29886E-10 2.77431E-7 2.75695E-7 2.65963E-5 1.15442E-5 2.74586E-3 1.69625E-3 2.06707E-3 2.64186E-3 1.57657E-3 5.62633E-3 3.43802E-4 2.14995E-3 3.02131E-3 2.90236E-3 3.24018E-3 4.35287E-3 8.69295E-4 1.08676E-4 2.1913E-4 1.315E-3 0E0 0E0 0E0 0E0 0E0 0E0 0E0 0E0 0E0 0E0 0E0 0E0 0E0 0E0 0E0 0E0 0E0 0E0 0E0 0E0 0E0 0E0 0E0 0E0 0E0 0E0 0E0
-9999 -9999 -9999 -9999 -9999 2.09936E-10 1.35135E-7 5.47642E-9 5.28366E-12 6.40341E-9 4.08609E-8 5.62594E-9 5.02409E-6 4.19215E-6 2.53743E-6 3.98974E-7 4.18421E-7 2.24367E-10 2.7258E-8 1.36223E-7 6.13165E-7 9.24448E-5 5.54248E-6 1.14335E-5 4.18387E-8 3.52386E-7 5.07531E-5 1.49718E-3 2.65538E-3 2.61144E-3 3.00805E-3 3.1786E-3 2.47938E-3 5.16696E-3 1.73855E-3 4.22145E-3 4.07196E-4 1.02998E-3 1.85819E-3 6.19706E-5 7.82556E-4 4.00151E-5 1.22495E-3 0E0 0E0 0E0 0E0 0E0 0E0 0E0 0E0 0E0 0E0 0E0 0E0 0E0 0E0 0E0 0E0 0E0 0E0 0E0 0E0 0E0 0E0 0E0 0E0 0E0 0E0 0E0
-9999 -9999 -9999 -9999 -9999 1.21014E-14 9.78884E-13 6.04663E-10 3.51724E-11 3.82139E-13 1.08338E-9 8.91398E-13 4.53381E-9 5.62643E-9 2.58371E-7 4.63872E-8 1.47166E-8 2.31479E-9 7.84695E-12 7.57983E-9 3.54973E-6 1.07781E-6 1.79169E-8 1.56696E-7 2.52896E-5 7.31859E-5 1.76776E-6 7.87776E-3 7.13118E-4 2.35896E-3 3.5873E-3 3.21862E-3 1.8063E-3 4.80428E-3 2.06781E-3 7.41809E-4 4.58012E-4 1.54416E-4 5.42561E-4 1.30606E-3 1.11695E-3 3.40296E-5 1.55591E-4 8.95309E-5 0E0 0E0 0E0 0E0 0E0 0E0 0E0 0E0 0E0 0E0 0E0 0E0 0E0 0E0 0E0 0E0 0E0 0E0 0E0 0E0 0E0 0E0 0E0 0E0 0E0 0E0
-9999 -9999 -9999 1.78746E-14 5.4845E-14 6.27132E-12 1.11022E-15 1.18439E-12 9.49337E-10 4.45872E-10 3.21299E-11 1.16182E-11 9.89147E-11 4.44078E-8 6.45153E-8 5.47108E-7 7.34769E-9 1.13079E-9 1.45888E-5 1.99029E-6 3.2317E-8 1.74303E-7 1.09673E-6 8.02725E-11 1.39883E-8 1.8864E-7 4.99784E-4 3.96526E-3 1.34515E-3 1.78253E-3 3.23883E-3 4.75106E-3 2.16043E-3 3.18041E-3 1.76843E-3 2.30656E-3 1.10925E-3 6.52055E-4 1.28361E-4 1.3758E-3 9.63481E-5 5.67406E-4 1.32142E-4 1.12971E-4 2.61532E-4 0E0 0E0 0E0 0E0 0E0 0E0 0E0 0E0 0E0 0E0 0E0 0E0 0E0 0E0 0E0 0E0 0E0 0E0 0E0 0E0 0E0 0E0 0E0 0E0 0E0
-9999 -9999 -9999 5.19262E-11 2.02388E-9 2.88658E-15 5.08371E-13 3.09197E-13 1.40256E-10 2.07709E-9 3.32605E-8 8.21427E-9 2.21412E-12 3.57421E-9 7.89197E-6 1.44516E-6 7.08528E-9 1.04451E-7 1.14228E-9 1.27832E-8 1.16386E-8 7.18493E-7 3.61823E-7 1.01217E-7 1.80549E-11 4.82263E-10 1.02034E-4 1.19035E-4 1.1638E-3 2.77925E-5 1.03733E-3 5.53288E-3 2.67507E-3 1.29564E-3 2.60022E-4 1.1532E-4 2.8664E-4 7.98247E-4 4.09969E-5 7.38371E-4 5.93909E-5 1.33766E-4 2.96021E-6 1.47251E-4 0E0 0E0 0E0 0E0 0E0 0E0 0E0 0E0 0E0 0E0 0E0 0E0 0E0 0E0 0E0 0E0 0E0 0E0 0E0 0E0 0E0 0E0 0E0 0E0 0E0 0E0
-9999 -9999 1.68754E-14 3.03113E-10 2.77335E-8 2.34257E-14 2.33147E-15 6.83276E-12 1.57988E-10 8.517E-8 9.21693E-10 6.30455E-11 2.71625E-10 3.40358E-10 9.337E-8 1.16925E-6 4.86799E-9 6.0944E-7 2.33138E-11 2.19305E-7 4.94958E-6 4.84418E-6 6.93802E-7 5.38049E-6 2.37867E-7 1.64328E-7 2.94232E-3 2.10472E-3 2.18828E-4 3.39332E-5 3.25335E-3 3.19113E-3 4.42285E-4 3.57895E-4 4.41202E-4 1.2023E-3 3.97238E-4 0E0 5.52802E-4 2.34739E-3 2.56016E-3 1.40057E-8 2.81056E-7 2.36157E-4 2.73235E-5 0E0 0E0 0E0 0E0 0E0 0E0 0E0 0E0 0E0 0E0 0E0 0E0 0E0 0E0 0E0 0E0 0E0 0E0 0E0 0E0 0E0 0E0 0E0 0E0 0E0
-9999 6.24163E-11 1.11589E-12 2.2382E-10 5.95859E-11 1.5774E-12 0E0 2.28226E-11 0E0 2.74817E-10 2.10942E-12 1.16951E-11 1.04968E-7 1.66196E-11 3.63864E-11 5.43437E-9 9.7212E-10 6.93577E-9 4.67457E-7 5.15229E-10 7.3928E-7 1.39475E-6 9.18807E-8 2.7998E-8 1.8236E-6 1.61532E-7 4.88736E-4 1.16855E-3 4.50196E-5 2.40516E-4 1.86641E-3 4.2863E-3 3.19767E-3 0E0 9.10225E-5 2.60806E-3 0E0 0E0 0E0 7.83996E-4 7.07479E-4 1.68609E-6 1.64957E-12 5.43091E-7 3.30615E-6 3.04443E-4 3.24874E-5 4.75927E-5 0E0 0E0 0E0 0E0 0E0 0E0 0E0 0E0 0E0 0E0 0E0 0E0 0E0 0E0 0E0 0E0 0E0 0E0 0E0 0E0 0E0 0E0
3.53403E-10 1.51646E-11 5.18852E-11 3.062E-13 8.31353E-11 4.10783E-15 3.59246E-12 7.19869E-13 1.17484E-12 2.72649E-12 3.54639E-10 1.14245E-9 9.87899E-12 1.17684E-14 1.5769E-7 8.14723E-6 1.18658E-3 5.08295E-7 1.34929E-11 6.99025E-10 6.97032E-7 7.78632E-7 2.83355E-6 1.14984E-8 3.02575E-6 6.20178E-5 1.57612E-4 1.70143E-3 7.31623E-4 1.4337E-3 3.73644E-3 1.5609E-3 4.45442E-4 2.04909E-3 0E0 0E0 0E0 2.65744E-4 6.39199E-4 1.03571E-4 0E0 3.08827E-4 4.9355E-6 5.03457E-4 2.08323E-4 8.17649E-4 3.31789E-4 9.97277E-4 5.15096E-4 0E0 0E0 0E0 0E0 0E0 0E0 0E0 0E0 0E0 0E0 0E0 0E0 0E0 0E0 0E0 0E0 0E0 0E0 0E0 0E0 0E0
1.61982E-13 3.43947E-13 1.49599E-11 1.44318E-10 3.66374E-15 5.01155E-13 2.04614E-13 1.11021E-10 1.84563E-12 1.03762E-9 8.05893E-10 5.89097E-7 3.52803E-9 4.41183E-10 4.15767E-12 2.22045E-16 2.66315E-4 1.23728E-4 2.29944E-6 1.20514E-4 2.08695E-7 1.3911E-5 7.46702E-7 1.42322E-7 2.6973E-5 2.09908E-6 5.75909E-4 7.32293E-4 4.84854E-3 2.66113E-3 3.51946E-3 3.74569E-4 7.65828E-4 4.41605E-4 0E0 0E0 0E0 2.41584E-5 1.49305E-4 0E0 0E0 9.20492E-4 1.28391E-4 6.21936E-7 0E0 0E0 0E0 0E0 0E0 0E0 0E0 0E0 0E0 0E0 0E0 0E0 0E0 0E0 0E0 0E0 0E0 0E0 0E0 0E0 0E0 0E0 0E0 0E0 0E0 0E0
4.6696E-13 8.4472E-11 4.11582E-12 8.38593E-11 3.1638E-12 0E0 2.91609E-11 0E0 1.35891E-13 1.33331E-11 4.08829E-11 5.2529E-7 3.3703E-6 7.53309E-12 1.01573E-8 4.42236E-6 1.61555E-7 1.54403E-6 2.0147E-5 2.13659E-4 3.26312E-6 2.11874E-6 5.45454E-8 1.85575E-5 3.50786E-6 1.81321E-5 7.02168E-5 1.98525E-3 3.83075E-4 4.24322E-3 8.28201E-4 3.22949E-3 8.99907E-4 6.8829E-4 4.06925E-4 3.98589E-5 1.18444E-5 3.03749E-5 4.2437E-6 7.29227E-7 6.1917E-4 4.97867E-4 6.89883E-4 0E0 0E0 0E0 0E0 0E0 0E0 0E0 0E0 0E0 0E0 0E0 0E0 0E0 0E0 0E0 0E0 0E0 0E0 0E0 0E0 0E0 0E0 0E0 0E0 0E0 0E0 0E0
4.47901E-9 3.0047E-9 5.32457E-9 4.76286E-14 1.65639E-10 1.11022E-16 1.02407E-12 1.11117E-11 2.69687E-9 7.57489E-11 4.32987E-15 4.06997E-12 1.47768E-7 1.10467E-8 9.08309E-8 3.5144E-8 5.79754E-7 1.22125E-15 8.5132E-7 4.71895E-8 1.74231E-8 1.25283E-5 3.11375E-5 4.19604E-8 3.05434E-5 3.42625E-7 5.69826E-7 4.87888E-5 2.01597E-6 2.76492E-5 5.97209E-4 7.03276E-5 1.51438E-4 3.35988E-4 3.04774E-4 8.11352E-5 1.43016E-4 2.71522E-5 8.1733E-10 6.96581E-6 3.01348E-4 3.85874E-4 1.28962E-4 0E0 0E0 0E0 0E0 0E0 0E0 0E0 0E0 0E0 0E0 0E0 0E0 0E0 0E0 0E0 0E0 0E0 0E0 0E0 0E0 0E0 0E0 0E0 0E0 0E0 0E0 0E0
1.72007E-12 1.73411E-10 5.97147E-11 6.22735E-12 2.22045E-15 2.62013E-14 5.14274E-10 1.00797E-10 8.88191E-10 7.5321E-11 3.99947E-12 3.48266E-12 1.30712E-9 1.12846E-8 6.02948E-9 9.86727E-8 6.74724E-8 2.59116E-10 4.20213E-7 2.38028E-11 7.58368E-9 2.82758E-5 1.05709E-5 1.25088E-3 6.26223E-5 1.19994E-4 4.86231E-5 4.87533E-5 2.11635E-5 1.29878E-3 1.59722E-4 2.71296E-4 1.45385E-4 2.26726E-5 2.70587E-4 2.37282E-3 9.58286E-4 3.13366E-5 7.50517E-7 8.1033E-6 3.70006E-4 0E0 0E0 0E0 0E0 0E0 0E0 0E0 0E0 0E0 0E0 0E0 0E0 0E0 0E0 0E0 0E0 0E0 0E0 0E0 0E0 0E0 0E0 0E0 0E0 0E0 0E0 0E0 0E0 0E0
1.28671E-9 6.91347E-10 8.76343E-12 3.10345E-11 1.78746E-12 1.15896E-12 8.00471E-14 0E0 1.41901E-10 3.05833E-12 1.52346E-8 1.98397E-13 3.0409E-13 1.79278E-8 1.73097E-10 1.84681E-9 7.10935E-10 3.53725E-8 6.0768E-9 5.04591E-8 5.15898E-9 4.72066E-9 2.09349E-5 2.709E-3 6.54476E-5 1.91596E-5 8.05016E-4 4.23171E-4 9.93716E-4 2.75505E-4 6.5964E-5 4.28692E-5 3.4541E-5 3.00698E-4 1.85549E-3 1.57003E-3 1.72308E-3 3.08903E-5 2.46274E-7 1.20654E-7 7.96389E-5 1.56253E-3 1.44833E-4 0E0 0E0 0E0 0E0 0E0 0E0 0E0 0E0 0E0 0E0 0E0 0E0 0E0 0E0 0E0 0E0 0E0 0E0 0E0 0E0 0E0 0E0 0E0 0E0 0E0 0E0 0E0
5.01247E-10 2.86091E-11 1.59872E-14 6.53044E-12 5.59086E-12 1.88738E-15 2.19602E-13 2.13329E-11 1.05754E-9 8.23059E-7 6.83519E-8 3.58155E-10 4.24383E-10 9.38433E-11 4.54606E-10 2.86391E-9 1.89986E-7 5.04566E-7 9.80926E-9 2.57688E-8 2.55012E-9 5.98755E-6 3.5391E-7 1.57067E-4 1.62548E-5 1.6234E-3 4.44748E-4 3.44069E-3 6.86548E-4 9.20064E-4 2.24187E-5 1.56079E-5 2.91315E-5 9.22801E-4 1.56788E-3 0E0 2.66201E-3 4.43739E-4 1.11743E-4 3.59666E-5 4.72114E-5 1.13248E-4 0E0 0E0 0E0 0E0 0E0 0E0 0E0 0E0 0E0 0E0 0E0 0E0 0E0 0E0 0E0 0E0 0E0 0E0 0E0 0E0 0E0 0E0 0E0 0E0 0E0 0E0 0E0 0E0
1.37185E-8 5.43106E-9 1.40575E-11 6.73406E-12 2.89424E-12 7.64055E-13 1.4988E-14 0E0 6.22946E-13 3.22926E-8 3.56289E-10 6.9118E-12 2.22045E-15 1.06888E-11 6.08896E-9 1.06137E-11 2.68896E-5 9.70976E-6 2.98982E-8 8.67465E-8 1.72303E-8 4.37825E-5 8.82192E-10 4.97312E-8 5.29678E-4 2.62693E-4 2.15379E-4 2.48309E-4 4.30352E-7 3.0592E-4 2.26502E-6 3.16721E-4 1.56352E-3 1.63761E-3 4.31602E-3 0E0 2.28259E-4 2.22786E-4 9.03981E-4 0E0 3.26735E-4 3.27118E-4 0E0 0E0 0E0 0E0 0E0 0E0 0E0 0E0 0E0 0E0 0E0 0E0 0E0 0E0 0E0 0E0 0E0 0E0 0E0 0E0 0E0 0E0 0E0 0E0 0E0 0E0 0E0 0E0
1.04695E-8 1.00894E-9 4.9398E-11 1.63141E-11 0E0 2.22045E-16 1.58762E-14 9.85101E-13 3.78803E-11 2.74535E-8 1.31107E-9 3.33067E-16 1.22337E-10 6.68611E-10 8.3233E-9 3.18698E-9 3.07417E-7 2.63167E-5 4.74574E-7 1.44941E-5 1.86458E-5 1.35836E-7 9.71312E-12 1.40999E-7 8.98104E-5 4.1078E-3 4.80933E-3 1.61507E-3 1.44703E-4 2.59687E-4 6.36839E-4 3.70286E-4 2.00306E-3 1.85474E-3 1.2789E-3 0E0 0E0 3.34375E-4 1.44297E-3 0E0 0E0 0E0 0E0 0E0 0E0 0E0 0E0 0E0 0E0 0E0 0E0 0E0 0E0 0E0 0E0 0E0 0E0 0E0 0E0 0E0 0E0 0E0 0E0 0E0 0E0 0E0 0E0 0E0 0E0 0E0
8.45959E-9 5.58038E-9 2.9923E-8 0E0 0E0 9.27836E-12 5.21805E-15 1.71974E-13 7.78111E-12 4.4631E-14 9.44641E-11 3.80725E-9 4.27514E-10 1.63393E-11 3.87953E-10 1.42185E-7 9.41177E-8 6.34225E-6 4.71927E-5 6.83338E-7 3.49935E-8 4.74065E-14 3.33067E-16 7.78165E-6 1.38673E-3 3.74093E-4 1.84661E-4 3.42337E-3 1.07419E-3 1.53262E-3 1.78025E-3 1.69552E-3 1.92583E-3 1.89965E-3 0E0 0E0 0E0 2.82673E-4 1.72328E-4 0E0 0E0 0E0 0E0 0E0 0E0 0E0 0E0 0E0 0E0 0E0 0E0 0E0 0E0 0E0 0E0 0E0 0E0 0E0 0E0 0E0 0E0 0E0 0E0 0E0 0E0 0E0 0E0 0E0 0E0 0E0
1.35345E-11 1.36224E-13 3.38563E-12 1.14596E-8 4.37339E-9 3.30195E-10 3.20965E-13 2.25624E-11 1.30784E-13 2.65676E-13 1.74971E-13 1.26565E-13 1.12636E-9 1.24878E-12 3.52889E-9 1.63452E-8 7.18766E-8 1.31921E-5 1.45187E-6 2.98927E-7 6.89609E-8 5.6863E-6 1.84457E-10 3.08914E-10 6.71146E-8 7.29264E-7 5.91166E-7 9.41831E-4 5.05437E-3 3.77951E-4 3.53499E-3 2.28693E-3 3.62857E-3 1.4997E-3 0E0 0E0 0E0 3.10707E-4 0E0 0E0 0E0 0E0 0E0 0E0 0E0 0E0 0E0 0E0 0E0 0E0 0E0 0E0 0E0 0E0 0E0 0E0 0E0 0E0 0E0 0E0 0E0 0E0 0E0 0E0 0E0 0E0 0E0 0E0 0E0 0E0
2.74433E-11 2.41084E-10 4.58771E-7 6.43263E-13 1.15791E-5 1.11022E-16 1.11666E-10 7.12507E-10 3.99014E-13 4.30589E-11 5.47014E-10 7.91022E-9 4.34204E-9 3.44369E-12 1.87184E-13 2.07981E-9 1.59388E-6 1.0367E-6 8.78035E-7 4.92866E-8 3.05431E-9 4.08096E-7 3.25493E-9 1.4988E-13 5.87279E-8 1.86843E-4 1.06051E-4 2.83826E-3 1.38077E-3 5.69436E-4 2.33466E-3 2.97896E-4 3.82464E-4 6.10718E-3 2.02265E-3 1.29264E-3 1.07316E-3 8.73148E-4 0E0 2.13138E-4 4.24587E-4 0E0 0E0 0E0 0E0 0E0 0E0 0E0 0E0 0E0 0E0 0E0 0E0 0E0 0E0 0E0 0E0 0E0 0E0 0E0 0E0 0E0 0E0 0E0 0E0 0E0 0E0 0E0 0E0 0E0
2.15916E-12 7.52731E-14 2.62895E-9 2.04853E-9 1.20894E-8 3.51731E-9 1.76767E-10 1.15372E-10 8.66085E-13 5.07547E-10 1.08859E-10 5.60485E-12 5.42035E-9 4.16135E-11 2.0146E-8 8.43687E-11 8.89021E-8 6.3731E-8 2.41666E-7 8.31523E-6 1.03676E-5 5.30889E-6 5.14777E-8 7.75705E-8 5.98747E-6 6.86599E-4 1.79202E-3 1.22549E-3 2.49175E-3 1.27951E-3 2.92286E-3 2.18452E-4 1.53529E-3 1.04197E-3 3.84401E-3 6.90836E-4 2.06874E-4 7.06973E-4 8.74121E-4 2.46648E-4 7.02023E-4 0E0 0E0 0E0 0E0 0E0 0E0 0E0 0E0 0E0 0E0 0E0 0E0 0E0 0E0 0E0 0E0 0E0 0E0 0E0 0E0 0E0 0E0 0E0 0E0 0E0 0E0 0E0 0E0 0E0
3.74282E-9 1.57718E-12 1.57434E-7 2.06549E-8 9.62186E-12 5.44009E-15 2.10942E-15 2.39697E-13 2.22045E-16 1.66533E-14 9.63786E-9 8.71525E-14 1.15241E-13 1.19349E-13 1.05589E-11 4.90211E-10 7.87806E-10 1.1231E-7 6.26744E-8 2.63696E-5 2.5736E-5 2.24817E-5 4.16779E-5 2.42339E-7 2.61878E-8 6.02335E-4 5.70518E-3 2.20773E-3 2.03288E-3 1.00942E-3 9.39283E-4 1.80038E-3 1.43091E-3 5.38741E-3 7.06474E-4 1.57252E-3 2.36493E-4 2.10028E-4 1.24017E-4 8.38283E-4 6.18649E-4 0E0 0E0 0E0 0E0 0E0 0E0 0E0 0E0 0E0 0E0 0E0 0E0 0E0 0E0 0E0 0E0 0E0 0E0 0E0 0E0 0E0 0E0 0E0 0E0 0E0 0E0 0E0 0E0 0E0
1.34892E-13 9.90578E-9 2.7384E-10 3.02861E-11 1.44329E-15 8.79896E-12 2.65565E-13 2.6168E-13 8.71525E-14 0E0 1.79448E-10 5.1845E-11 1.11022E-16 4.9124E-12 7.65659E-11 7.90154E-8 3.90566E-8 1.72292E-6 2.12422E-6 1.22645E-5 1.50508E-5 9.04635E-6 2.36991E-5 7.93045E-6 7.84117E-5 1.67079E-3 3.15641E-3 9.61478E-4 2.82463E-3 4.89143E-4 1.42234E-3 2.05159E-3 1.04192E-3 1.89398E-3 1.90052E-3 1.74945E-3 2.42727E-4 2.64261E-3 8.46573E-4 4.58724E-4 0E0 0E0 0E0 0E0 0E0 0E0 0E0 0E0 0E0 0E0 0E0 0E0 0E0 0E0 0E0 0E0 0E0 0E0 0E0 0E0 0E0 0E0 0E0 0E0 0E0 0E0 0E0 0E0 0E0 0E0
7.10543E-15 3.30957E-13 0E0 2.86215E-13 0E0 0E0 4.74054E-12 6.50036E-13 1.96476E-12 4.60298E-13 2.63557E-10 8.79297E-13 4.00145E-9 3.28095E-7 2.77178E-9 5.50511E-9 2.89979E-10 1.30557E-11 1.61117E-7 3.1641E-7 1.159E-7 2.15179E-5 4.72801E-5 2.66914E-6 7.34732E-6 3.16008E-5 1.84984E-4 2.05837E-4 1.35072E-3 5.30514E-7 3.40971E-3 7.93474E-4 1.73187E-3 4.66229E-3 3.25453E-3 8.92898E-5 3.2532E-4 1.1204E-3 0E0 0E0 0E0 0E0 0E0 0E0 0E0 0E0 0E0 0E0 0E0 0E0 0E0 0E0 0E0 0E0 0E0 0E0 0E0 0E0 0E0 0E0 0E0 0E0 0E0 0E0 0E0 0E0 0E0 0E0 0E0 0E0
0E0 2.22045E-16 4.39127E-12 0E0 0E0 2.28706E-14 3.29736E-13 7.9371E-12 2.05658E-12 5.18764E-11 8.22346E-7 4.4254E-6 2.14034E-6 2.02955E-7 9.62219E-7 1.54492E-6 2.02161E-10 9.82158E-10 4.47408E-6 1.61916E-6 2.97142E-7 1.24385E-8 6.74042E-6 5.886E-5 1.14882E-7 1.67362E-5 2.15011E-4 1.21056E-4 1.65993E-4 3.32731E-6 7.31605E-6 1.12236E-3 2.43085E-3 3.04658E-4 3.94013E-5 9.12739E-6 6.28034E-4 1.10418E-3 0E0 1.00215E-4 0E0 0E0 0E0 0E0 0E0 0E0 0E0 0E0 0E0 0E0 0E0 0E0 0E0 0E0 0E0 0E0 0E0 0E0 0E0 0E0 0E0 0E0 0E0 0E0 0E0 0E0 0E0 0E0 0E0 0E0
2.40187E-11 3.43603E-12 7.28229E-12 9.99201E-16 0E0 9.27924E-13 0E0 1.22125E-15 4.01712E-11 1.32839E-9 2.24879E-5 7.76046E-14 5.79314E-13 2.09425E-5 7.25968E-7 1.00938E-8 9.36239E-9 5.80486E-8 3.13186E-7 1.48619E-7 1.99493E-7 6.7424E-7 3.04444E-7 1.22E-7 4.20369E-6 7.96406E-5 1.56046E-4 1.3061E-4 2.96915E-6 1.915E-6 1.2798E-3 1.55773E-4 2.87225E-3 1.02014E-3 3.94354E-4 3.22031E-3 1.41176E-3 1.09798E-3 9.16423E-4 1.15395E-3 6.5554E-4 0E0 0E0 0E0 0E0 0E0 0E0 0E0 0E0 0E0 0E0 0E0 0E0 0E0 0E0 0E0 0E0 0E0 0E0 0E0 0E0 0E0 0E0 0E0 0E0 0E0 0E0 0E0 0E0 0E0
3.4639E-14 6.85155E-10 1.66533E-14 4.44089E-16 4.48419E-13 8.88178E-16 0E0 3.77476E-15 3.50275E-13 8.11972E-10 6.42243E-7 3.34454E-7 6.61775E-11 2.13739E-9 3.51025E-7 9.52902E-8 2.91483E-7 7.43293E-7 1.34193E-5 7.66692E-6 2.44248E-7 4.57532E-5 1.39085E-4 1.35654E-5 2.76172E-9 2.08755E-7 1.73049E-6 5.95231E-5 1.6753E-6 2.8475E-6 4.0863E-6 2.84624E-3 1.32208E-4 1.64033E-4 1.73894E-3 1.71892E-3 1.94528E-3 1.86092E-3 3.15842E-4 5.77907E-5 1.93567E-4 5.0633E-4 1.06171E-4 0E0 0E0 0E0 0E0 0E0 0E0 0E0 0E0 0E0 0E0 0E0 0E0 0E0 0E0 0E0 0E0 0E0 0E0 0E0 0E0 0E0 0E0 0E0 0E0 0E0 0E0 0E0
1.22125E-15 9.65894E-14 1.13498E-12 2.94809E-12 2.22045E-16 5.45253E-12 2.22045E-16 0E0 0E0 0E0 0E0 4.68187E-10 8.78645E-10 1.16739E-6 5.74865E-7 2.05227E-5 1.27372E-8 3.14609E-5 3.35373E-6 2.39444E-8 4.45978E-5 5.4476E-5 4.50904E-5 1.02625E-5 1.59384E-5 4.57763E-8 1.91456E-6 1.0656E-4 6.50092E-8 2.8671E-5 5.54473E-4 2.69797E-3 3.19562E-3 1.62944E-3 1.16347E-3 2.23778E-3 6.80476E-4 1.00758E-3 1.68073E-4 2.24071E-4 5.36895E-5 5.64908E-4 0E0 0E0 0E0 0E0 0E0 0E0 0E0 0E0 0E0 0E0 0E0 0E0 0E0 0E0 0E0 0E0 0E0 0E0 0E0 0E0 0E0 0E0 0E0 0E0 0E0 0E0 0E0 0E0
0E0 3.45279E-14 -9999 1.98972E-9 2.22045E-16 7.56849E-10 1.02955E-8 5.9952E-15 3.43892E-12 1.61299E-9 4.55053E-11 5.62563E-10 8.89866E-12 2.89501E-9 3.31564E-6 2.80612E-9 3.04147E-7 1.96888E-5 6.91829E-9 4.66233E-5 9.66469E-4 1.38118E-5 7.4135E-4 9.3317E-5 1.42096E-3 4.06585E-5 3.85626E-5 1.26566E-7 7.03173E-7 5.30472E-4 3.2031E-3 2.95447E-4 4.21286E-3 6.62048E-4 2.38259E-3 8.37317E-4 9.19836E-4 0E0 0E0 0E0 0E0 0E0 0E0 4.57802E-5 0E0 0E0 0E0 0E0 0E0 0E0 0E0 0E0 0E0 0E0 0E0 0E0 0E0 0E0 0E0 0E0 0E0 0E0 0E0 0E0 0E0 0E0 0E0 0E0 0E0 0E0
4.44089E-16 1.47459E-11 3.25628E-13 6.77236E-15 1.0103E-14 2.01749E-11 0E0 3.55271E-15 5.32907E-14 5.84928E-11 3.33067E-16 3.66374E-15 3.47297E-7 4.56638E-9 6.64104E-9 1.80842E-6 3.21769E-5 3.76375E-4 4.17685E-5 1.53858E-5 1.00209E-4 4.32081E-4 1.47052E-3 6.08054E-5 2.07344E-4 4.46068E-5 8.1162E-4 1.9143E-4 1.91749E-4 1.21577E-3 3.66025E-3 2.17361E-3 1.76376E-3 5.06255E-5 3.17441E-4 4.06126E-3 1.11804E-4 9.11358E-5 0E0 0E0 0E0 0E0 0E0 1.30439E-4 7.01018E-6 1.04422E-4 0E0 0E0 0E0 0E0 0E0 0E0 0E0 0E0 0E0 0E0 0E0 0E0 0E0 0E0 0E0 0E0 0E0 0E0 0E0 0E0 0E0 0E0 0E0 0E0
