ENM/Final_Models/M_0.9_F_q_Set_1_EC/Gustavia_santanderiensis_Choco_avg.asc
ncols         367
nrows         963
xllcorner     -78.6
yllcorner     0.65
cellsize      0.00833333333333323
NODATA_value  -9999
[rows 390 to 419 of 963, columns 134 to 200 of 367]
-9999 -9999 -9999 -9999 -9999 -9999 -9999 -9999 -9999 -9999 -9999 -9999 6.62921E-1 7.7275E-1 6.48562E-1 6.92851E-1 2.79917E-1 1.94132E-1 1.68917E-1 2.28345E-1 4.85305E-1 7.79932E-1 7.53143E-1 7.25609E-1 4.51749E-1 1.37189E-1 2.03619E-2 8.87573E-3 1.64997E-3 2.64186E-3 5.22035E-3 1.19208E-2 1.79975E-3 4.39208E-3 3.28799E-2 7.43953E-2 1.37931E-1 8.40711E-1 9.06432E-1 8.65264E-1 8.50827E-1 7.12818E-1 7.79177E-1 7.43323E-1 8.11374E-1 8.19026E-1 8.29965E-1 8.89597E-1 8.45168E-1 8.57945E-1 8.95884E-1 9.02744E-1 8.63107E-1 9.0176E-1 8.19929E-1 8.50521E-1 9.15831E-1 9.47808E-1 9.66308E-1 9.59989E-1 9.64441E-1 9.55088E-1 9.83267E-1 9.89225E-1 9.97104E-1 9.97991E-1 9.96933E-1
-9999 -9999 -9999 -9999 -9999 -9999 -9999 -9999 -9999 -9999 -9999 -9999 -9999 8.29338E-1 8.54284E-1 7.91212E-1 4.96156E-1 3.44964E-1 3.24461E-1 3.5982E-1 3.57873E-1 5.58581E-1 8.31787E-1 7.74462E-1 8.08965E-1 2.91915E-1 7.38318E-2 9.05121E-3 2.12031E-3 1.87595E-3 8.3577E-4 1.1711E-2 2.88649E-3 3.30888E-3 8.65472E-3 2.96462E-1 4.32243E-1 8.5564E-1 9.10628E-1 8.73004E-1 8.55597E-1 7.64308E-1 7.43627E-1 6.99761E-1 7.54243E-1 8.30193E-1 7.8996E-1 8.6312E-1 8.79545E-1 8.72988E-1 8.17852E-1 8.15012E-1 8.49204E-1 8.38905E-1 9.22347E-1 9.58829E-1 9.70969E-1 9.8197E-1 9.45351E-1 9.71974E-1 9.75647E-1 9.61029E-1 9.76769E-1 9.9779E-1 9.96816E-1 9.93123E-1 9.89796E-1
-9999 -9999 -9999 -9999 -9999 -9999 -9999 -9999 -9999 -9999 -9999 -9999 -9999 6.27297E-1 7.01664E-1 5.11354E-1 7.16851E-1 7.12063E-1 4.4947E-1 6.56577E-1 6.00663E-1 6.69481E-1 7.88432E-1 8.06479E-1 8.09103E-1 5.80079E-1 2.74779E-1 1.04196E-2 2.08271E-3 4.80016E-3 5.47297E-3 3.7222E-2 1.00029E-1 1.21005E-1 2.81489E-1 7.79833E-1 8.4172E-1 9.05116E-1 8.72428E-1 8.51741E-1 8.62217E-1 7.19484E-1 7.24712E-1 7.45201E-1 8.93168E-1 8.76184E-1 8.7352E-1 8.80501E-1 8.86474E-1 8.73186E-1 8.58483E-1 8.10406E-1 8.56002E-1 8.99272E-1 9.37687E-1 9.71825E-1 9.77545E-1 9.91863E-1 9.66934E-1 9.87134E-1 9.80402E-1 9.75745E-1 9.93515E-1 9.97439E-1 9.90061E-1 9.8893E-1 9.87827E-1
-9999 -9999 -9999 -9999 -9999 -9999 -9999 -9999 -9999 -9999 -9999 -9999 -9999 -9999 -9999 4.77156E-1 5.42654E-1 6.85448E-1 3.72231E-1 7.55117E-1 8.46654E-1 8.09542E-1 7.17968E-1 5.47667E-1 7.60255E-1 5.00161E-1 8.35986E-2 9.64456E-3 5.82738E-3 2.03154E-2 2.77451E-2 4.97497E-2 2.94253E-1 2.54751E-1 5.51546E-1 8.61376E-1 9.28824E-1 9.21272E-1 8.70746E-1 8.02993E-1 8.14468E-1 8.12849E-1 8.26271E-1 8.12236E-1 9.37922E-1 9.13119E-1 8.99962E-1 7.93721E-1 8.49911E-1 8.99083E-1 9.05254E-1 8.19462E-1 8.246E-1 8.44333E-1 9.03936E-1 9.57226E-1 9.82545E-1 9.8489E-1 9.75551E-1 9.92089E-1 9.7799E-1 9.93303E-1 9.9421E-1 9.92612E-1 9.91453E-1 9.82235E-1 9.79529E-1
-9999 -9999 -9999 -9999 -9999 -9999 -9999 -9999 -9999 -9999 -9999 -9999 -9999 -9999 -9999 -9999 8.59513E-1 7.59977E-1 6.72979E-1 8.54951E-1 8.60628E-1 6.86684E-1 5.75421E-1 5.10587E-1 2.19284E-1 7.65363E-1 4.19668E-1 1.06301E-1 4.77926E-2 5.35897E-2 5.00662E-2 1.59879E-1 3.1637E-1 5.66775E-1 8.08329E-1 8.80647E-1 9.12783E-1 9.22259E-1 9.06983E-1 8.38813E-1 8.09196E-1 8.09098E-1 7.27459E-1 8.17783E-1 7.9086E-1 8.68557E-1 9.22632E-1 8.66638E-1 9.04131E-1 9.19831E-1 8.5852E-1 8.6157E-1 8.57714E-1 9.04738E-1 9.64063E-1 9.37664E-1 9.75697E-1 9.90522E-1 9.84753E-1 9.48238E-1 9.74173E-1 9.80237E-1 9.85559E-1 9.95195E-1 9.84896E-1 9.73473E-1 9.86232E-1
-9999 -9999 -9999 -9999 -9999 -9999 -9999 -9999 -9999 -9999 -9999 -9999 -9999 -9999 -9999 -9999 -9999 8.88064E-1 8.76195E-1 8.93042E-1 8.5504E-1 7.75964E-1 5.61305E-1 2.34744E-1 1.39462E-1 2.53539E-1 4.42876E-1 5.87472E-1 2.66377E-1 2.96607E-1 2.57087E-1 2.22105E-1 2.97934E-1 3.70963E-1 6.54962E-1 7.89647E-1 8.72531E-1 8.35904E-1 8.8777E-1 8.34367E-1 7.92875E-1 6.87056E-1 6.82764E-1 7.09339E-1 8.0031E-1 8.02793E-1 8.32897E-1 8.93351E-1 9.1803E-1 9.22345E-1 9.13135E-1 8.91504E-1 8.94853E-1 9.05749E-1 9.53006E-1 9.00872E-1 9.28711E-1 9.2839E-1 9.53111E-1 8.89942E-1 9.44365E-1 9.28659E-1 9.37341E-1 9.9162E-1 9.89743E-1 9.84369E-1 9.96898E-1
-9999 -9999 -9999 -9999 -9999 -9999 -9999 -9999 -9999 -9999 -9999 -9999 -9999 -9999 -9999 -9999 -9999 9.185E-1 9.16306E-1 8.34684E-1 6.90396E-1 8.31086E-1 7.00289E-1 3.17984E-1 8.91641E-2 3.17973E-2 2.15546E-1 3.28756E-1 2.73934E-1 2.18455E-1 1.82298E-1 3.80963E-2 5.75934E-2 1.87917E-1 3.02801E-1 4.61105E-1 8.46927E-1 8.87804E-1 8.9875E-1 8.19313E-1 7.2308E-1 7.43781E-1 7.82867E-1 6.90311E-1 7.22121E-1 5.87365E-1 7.76628E-1 8.51283E-1 8.94538E-1 8.98528E-1 9.27814E-1 9.3816E-1 9.11506E-1 9.42635E-1 9.36631E-1 9.23235E-1 9.2748E-1 9.68088E-1 9.67579E-1 9.50262E-1 9.56796E-1 9.5731E-1 9.62301E-1 9.85277E-1 9.92613E-1 9.93775E-1 9.84995E-1
-9999 -9999 -9999 -9999 -9999 -9999 -9999 -9999 -9999 -9999 -9999 -9999 -9999 -9999 -9999 -9999 -9999 8.72824E-1 8.57066E-1 7.92222E-1 8.12741E-1 8.41716E-1 6.09727E-1 1.0402E-1 2.8411E-2 1.21599E-2 3.12117E-3 2.60248E-2 4.85939E-2 1.01112E-1 7.30813E-2 2.91479E-2 3.69293E-2 1.58343E-1 3.47105E-1 6.02397E-1 8.20996E-1 8.56222E-1 9.11849E-1 9.15049E-1 7.72611E-1 7.86319E-1 7.37241E-1 7.63145E-1 7.42244E-1 8.28505E-1 8.18125E-1 8.59438E-1 9.06546E-1 9.51531E-1 9.06886E-1 9.05168E-1 9.47817E-1 9.03291E-1 8.9253E-1 8.73526E-1 8.67257E-1 9.48418E-1 9.74942E-1 9.34216E-1 9.59768E-1 9.44252E-1 9.4748E-1 9.82489E-1 9.65272E-1 9.72244E-1 9.70735E-1
-9999 -9999 -9999 -9999 -9999 -9999 -9999 -9999 -9999 -9999 -9999 -9999 -9999 -9999 -9999 -9999 -9999 8.66342E-1 8.2908E-1 8.56939E-1 5.99909E-1 6.59119E-1 7.62516E-1 2.63986E-1 2.8782E-1 1.33273E-1 3.22005E-2 6.71446E-2 1.7168E-1 5.26372E-2 7.13071E-2 9.76075E-2 7.73117E-2 9.77216E-2 2.71197E-1 6.1776E-1 7.66134E-1 7.63844E-1 8.76774E-1 8.91179E-1 8.44345E-1 7.53195E-1 7.92989E-1 8.29475E-1 8.69455E-1 8.44089E-1 8.37424E-1 8.43684E-1 8.75843E-1 9.14042E-1 9.00261E-1 9.1102E-1 9.06444E-1 9.60258E-1 9.169E-1 9.02542E-1 9.00657E-1 9.18021E-1 9.39336E-1 9.72712E-1 9.23521E-1 9.81692E-1 9.77705E-1 9.97079E-1 9.89456E-1 9.93386E-1 9.92409E-1
-9999 -9999 -9999 -9999 -9999 -9999 -9999 -9999 -9999 -9999 -9999 -9999 -9999 -9999 -9999 -9999 -9999 8.93521E-1 8.54983E-1 8.46172E-1 7.01084E-1 6.95438E-1 7.05087E-1 4.00252E-1 3.73821E-1 4.54027E-1 5.20586E-1 2.85334E-1 3.37559E-1 2.95422E-1 1.53655E-1 1.65369E-1 7.80367E-2 4.87589E-2 1.97692E-1 5.45482E-1 7.34111E-1 7.9988E-1 8.72719E-1 8.9671E-1 8.09555E-1 8.1905E-1 8.25022E-1 7.93002E-1 8.39786E-1 8.34331E-1 8.15499E-1 8.6615E-1 8.91841E-1 9.00728E-1 9.15235E-1 9.05395E-1 8.85512E-1 9.25272E-1 9.30772E-1 8.89396E-1 8.6213E-1 8.8952E-1 8.95087E-1 9.80703E-1 9.43222E-1 9.69276E-1 9.5868E-1 9.82607E-1 9.97212E-1 9.91299E-1 9.93941E-1
-9999 -9999 -9999 -9999 -9999 -9999 -9999 -9999 -9999 -9999 -9999 -9999 -9999 -9999 -9999 -9999 -9999 8.56602E-1 8.41432E-1 9.42692E-1 9.1001E-1 8.05292E-1 8.48716E-1 6.67112E-1 7.03215E-1 7.742E-1 6.39465E-1 4.29316E-1 3.6445E-1 2.55734E-1 1.62404E-1 1.66452E-1 4.77016E-2 1.59183E-2 9.98808E-2 5.24922E-1 8.61504E-1 9.2509E-1 8.97258E-1 9.04882E-1 7.92835E-1 8.06949E-1 8.62665E-1 7.78541E-1 8.61464E-1 9.01138E-1 8.55132E-1 8.80557E-1 8.78269E-1 9.17994E-1 9.19121E-1 9.21753E-1 9.45341E-1 9.54425E-1 9.28604E-1 8.67921E-1 8.80645E-1 9.01157E-1 8.77417E-1 9.52712E-1 9.64626E-1 9.60064E-1 9.72069E-1 9.80818E-1 9.91828E-1 9.95069E-1 9.89991E-1
-9999 -9999 -9999 -9999 -9999 -9999 -9999 -9999 -9999 -9999 -9999 -9999 -9999 -9999 -9999 -9999 -9999 9.37821E-1 9.38916E-1 9.57088E-1 9.17914E-1 8.64198E-1 8.32301E-1 8.40847E-1 9.00661E-1 9.05258E-1 6.61614E-1 2.99025E-1 1.63365E-1 3.10631E-1 1.74437E-1 8.08847E-2 4.4525E-2 1.06325E-2 4.69533E-2 4.55167E-1 8.91711E-1 8.58968E-1 8.72713E-1 8.59306E-1 8.09817E-1 8.36744E-1 8.27198E-1 8.33831E-1 8.20873E-1 8.47351E-1 8.76395E-1 8.76327E-1 8.91558E-1 9.45374E-1 9.25088E-1 9.22321E-1 9.52921E-1 9.55287E-1 9.28777E-1 9.32402E-1 8.92679E-1 9.4214E-1 9.38092E-1 8.73989E-1 9.50322E-1 9.89842E-1 9.78898E-1 9.83434E-1 9.71707E-1 9.90604E-1 9.70885E-1
-9999 -9999 -9999 -9999 -9999 -9999 -9999 -9999 -9999 -9999 -9999 -9999 -9999 -9999 -9999 -9999 -9999 9.22352E-1 9.17929E-1 9.24492E-1 8.46689E-1 8.4528E-1 6.6031E-1 7.87201E-1 8.63417E-1 8.42122E-1 8.5083E-1 2.25634E-1 5.04698E-2 4.8126E-2 3.93658E-2 5.74218E-2 1.55885E-2 3.78109E-2 1.70075E-1 5.27444E-1 7.79155E-1 7.57251E-1 8.60121E-1 8.76476E-1 8.6747E-1 8.10562E-1 8.08423E-1 8.78305E-1 8.85753E-1 9.32957E-1 8.74259E-1 8.5007E-1 9.18678E-1 8.75468E-1 9.40004E-1 9.46753E-1 9.45092E-1 9.44909E-1 8.86276E-1 9.33433E-1 9.36905E-1 9.35515E-1 9.44948E-1 8.84491E-1 9.71572E-1 9.90349E-1 9.8717E-1 9.91914E-1 9.75228E-1 9.68122E-1 9.69944E-1
-9999 -9999 -9999 -9999 -9999 -9999 -9999 -9999 -9999 -9999 -9999 -9999 -9999 -9999 -9999 -9999 -9999 8.74846E-1 8.84419E-1 8.8048E-1 8.21136E-1 8.79622E-1 6.49546E-1 7.15382E-1 4.46072E-1 7.16467E-1 8.01125E-1 1.55981E-1 4.00157E-2 5.50541E-3 3.30151E-3 7.19235E-3 5.27765E-3 1.15155E-2 2.09252E-1 6.63988E-1 7.60142E-1 8.38399E-1 8.13247E-1 8.74199E-1 7.79138E-1 8.80188E-1 9.05497E-1 8.47066E-1 8.53309E-1 8.62983E-1 8.64643E-1 8.52005E-1 9.36798E-1 8.99261E-1 8.68575E-1 9.00014E-1 9.37442E-1 8.93767E-1 8.37936E-1 9.16141E-1 9.44423E-1 9.21549E-1 8.78737E-1 9.02047E-1 9.54335E-1 9.95865E-1 9.85059E-1 9.69126E-1 9.66151E-1 9.92924E-1 9.91986E-1
-9999 -9999 -9999 -9999 -9999 -9999 -9999 -9999 -9999 -9999 -9999 -9999 -9999 -9999 -9999 -9999 -9999 8.67209E-1 9.30936E-1 8.57041E-1 8.60743E-1 8.52831E-1 7.66758E-1 7.96953E-1 3.92994E-1 4.57364E-1 4.56406E-1 1.50791E-1 7.07808E-2 1.44682E-2 5.0711E-3 1.27616E-2 6.73012E-3 1.18666E-2 1.21483E-1 6.46467E-1 8.48379E-1 8.38428E-1 8.28447E-1 8.72921E-1 8.40954E-1 8.85465E-1 8.93795E-1 8.97519E-1 8.75108E-1 8.55318E-1 8.98751E-1 8.6102E-1 8.77678E-1 8.91769E-1 8.84613E-1 9.01994E-1 9.04876E-1 8.57202E-1 8.62488E-1 9.53798E-1 9.20323E-1 9.3359E-1 8.64549E-1 8.86654E-1 9.34967E-1 9.6543E-1 9.73382E-1 9.80046E-1 9.63187E-1 9.6868E-1 9.94437E-1
-9999 -9999 -9999 -9999 -9999 -9999 -9999 -9999 -9999 -9999 -9999 -9999 -9999 -9999 -9999 -9999 -9999 9.00527E-1 8.96048E-1 9.15906E-1 8.61667E-1 8.8029E-1 9.37252E-1 8.54019E-1 5.29137E-1 4.54055E-1 4.92789E-1 1.68039E-1 4.78193E-2 2.1605E-2 9.95835E-3 1.03778E-2 5.7689E-3 2.40732E-2 2.16034E-1 7.497E-1 8.43139E-1 7.99377E-1 8.3375E-1 8.44174E-1 8.584E-1 8.52805E-1 8.51898E-1 8.62043E-1 8.4112E-1 8.58418E-1 8.79141E-1 8.6997E-1 9.15343E-1 8.51932E-1 8.89839E-1 8.99131E-1 9.2565E-1 8.67474E-1 9.16145E-1 9.12808E-1 8.79448E-1 8.83872E-1 8.79318E-1 9.36636E-1 8.9296E-1 8.83225E-1 9.69095E-1 9.60768E-1 9.54213E-1 9.44088E-1 9.55583E-1
-9999 -9999 -9999 -9999 -9999 -9999 -9999 -9999 -9999 -9999 -9999 -9999 -9999 -9999 -9999 -9999 -9999 8.98574E-1 8.64901E-1 8.97792E-1 9.13664E-1 8.65705E-1 9.17961E-1 8.10525E-1 4.74668E-1 4.26571E-1 2.7258E-1 1.3039E-1 2.69184E-2 3.61301E-2 6.90343E-3 6.68029E-3 1.4047E-2 7.4586E-2 3.12193E-1 8.68892E-1 8.87736E-1 7.69793E-1 7.53695E-1 8.75499E-1 8.38235E-1 8.43546E-1 8.78623E-1 8.9954E-1 8.73839E-1 8.43039E-1 8.69229E-1 8.62046E-1 8.74776E-1 8.6028E-1 9.298E-1 8.96494E-1 9.02286E-1 8.78576E-1 8.64203E-1 9.48473E-1 9.49552E-1 9.36912E-1 8.6664E-1 8.79929E-1 8.74284E-1 9.0846E-1 9.73353E-1 9.88783E-1 9.68319E-1 9.53792E-1 9.64962E-1
-9999 -9999 -9999 -9999 -9999 -9999 -9999 -9999 -9999 -9999 -9999 -9999 -9999 -9999 -9999 -9999 -9999 8.73128E-1 9.27655E-1 9.39051E-1 9.36777E-1 9.24017E-1 9.11582E-1 9.09025E-1 6.41146E-1 5.73518E-1 2.60849E-1 2.79941E-2 3.33883E-2 1.48259E-2 8.19097E-3 1.34008E-2 2.48131E-2 5.42558E-2 4.27203E-1 8.84027E-1 9.13961E-1 8.32432E-1 7.92424E-1 8.61127E-1 8.22415E-1 8.60994E-1 8.24071E-1 8.94742E-1 8.66996E-1 8.32855E-1 9.1188E-1 8.92941E-1 9.02978E-1 9.00852E-1 9.44327E-1 8.71089E-1 9.15807E-1 8.97747E-1 9.07857E-1 9.19597E-1 9.39119E-1 9.57277E-1 9.23264E-1 8.60972E-1 8.35205E-1 9.34682E-1 9.846E-1 9.59858E-1 9.62897E-1 9.65594E-1 9.42199E-1
-9999 -9999 -9999 -9999 -9999 -9999 -9999 -9999 -9999 -9999 -9999 -9999 -9999 -9999 -9999 -9999 -9999 9.24414E-1 9.73127E-1 9.7349E-1 9.54748E-1 9.35724E-1 9.48347E-1 9.54828E-1 8.30877E-1 6.25662E-1 2.73245E-1 6.26139E-2 7.06254E-2 4.10608E-2 4.49843E-2 2.11957E-2 6.74558E-2 3.41303E-2 4.8004E-1 9.27064E-1 9.45716E-1 8.89485E-1 8.83753E-1 8.67369E-1 8.71506E-1 8.53759E-1 8.53993E-1 8.81892E-1 8.94051E-1 9.42936E-1 8.80528E-1 8.85757E-1 8.97391E-1 8.87624E-1 9.05952E-1 9.50181E-1 9.03494E-1 9.13215E-1 8.9502E-1 9.61873E-1 9.47002E-1 9.41752E-1 9.11045E-1 9.34918E-1 9.03427E-1 9.31536E-1 9.73579E-1 9.62803E-1 9.84363E-1 9.46568E-1 9.48354E-1
-9999 -9999 -9999 -9999 -9999 -9999 -9999 -9999 -9999 -9999 -9999 -9999 -9999 -9999 -9999 -9999 -9999 9.06507E-1 9.50891E-1 9.73583E-1 9.3591E-1 9.13357E-1 9.06431E-1 9.24792E-1 8.84981E-1 7.87533E-1 6.86995E-1 7.194E-1 6.88356E-1 4.11006E-1 1.12558E-1 7.54514E-2 2.29704E-1 2.52379E-1 5.2111E-1 8.93739E-1 8.75222E-1 8.64007E-1 8.95357E-1 8.63403E-1 8.86775E-1 8.4902E-1 8.64703E-1 8.73084E-1 7.74906E-1 7.94341E-1 8.22152E-1 8.19033E-1 8.95198E-1 9.10237E-1 9.42606E-1 9.31009E-1 9.19448E-1 8.64419E-1 8.7165E-1 9.27421E-1 9.34827E-1 9.08461E-1 8.47227E-1 8.90549E-1 9.22969E-1 9.40326E-1 9.67153E-1 9.19976E-1 9.20546E-1 9.27616E-1 9.16544E-1
-9999 -9999 -9999 -9999 -9999 -9999 -9999 -9999 -9999 -9999 -9999 -9999 -9999 -9999 -9999 -9999 -9999 9.29361E-1 9.65169E-1 9.33625E-1 9.33895E-1 8.52983E-1 8.11564E-1 8.61652E-1 8.7816E-1 7.55908E-1 5.2295E-1 6.79864E-1 6.71284E-1 5.00907E-1 2.30836E-1 1.58709E-1 2.56898E-1 5.43698E-1 6.32576E-1 9.11076E-1 8.80219E-1 8.62082E-1 8.84743E-1 8.89735E-1 8.81245E-1 7.96457E-1 8.68669E-1 8.80345E-1 8.71915E-1 8.74772E-1 8.38449E-1 9.22257E-1 9.22072E-1 9.66754E-1 9.58954E-1 9.78966E-1 9.5844E-1 9.06079E-1 8.79541E-1 9.30243E-1 8.97621E-1 8.33183E-1 8.85911E-1 8.93391E-1 9.24794E-1 9.53785E-1 9.63474E-1 9.59938E-1 9.34064E-1 9.13579E-1 9.51827E-1
-9999 -9999 -9999 -9999 -9999 -9999 -9999 -9999 -9999 -9999 -9999 -9999 -9999 -9999 -9999 -9999 -9999 9.30753E-1 9.44353E-1 9.42686E-1 9.52535E-1 8.99173E-1 9.26732E-1 5.67592E-1 8.30903E-1 6.83464E-1 4.06491E-1 1.93345E-1 3.25089E-1 3.96622E-1 2.04872E-1 2.0506E-1 4.48704E-1 7.5476E-1 8.71359E-1 8.5532E-1 8.8421E-1 8.44703E-1 8.73595E-1 8.97763E-1 8.66965E-1 8.93104E-1 9.04175E-1 9.23476E-1 9.24559E-1 8.90528E-1 8.58966E-1 8.63619E-1 9.3293E-1 9.56097E-1 9.6291E-1 9.67386E-1 9.12007E-1 9.08537E-1 9.27804E-1 9.30202E-1 9.03925E-1 8.38588E-1 9.04846E-1 9.03563E-1 8.97483E-1 9.58467E-1 9.90792E-1 9.21571E-1 9.3097E-1 9.5531E-1 9.82791E-1
-9999 -9999 -9999 -9999 -9999 -9999 -9999 -9999 -9999 -9999 -9999 -9999 -9999 -9999 -9999 -9999 -9999 8.91686E-1 8.75167E-1 9.33429E-1 9.35123E-1 8.81232E-1 9.30966E-1 8.6616E-1 8.83145E-1 8.31042E-1 5.82542E-1 2.981E-1 1.45964E-1 2.305E-1 1.21494E-1 4.44394E-1 5.46459E-1 7.82331E-1 8.88892E-1 8.68041E-1 8.47483E-1 8.97748E-1 9.10861E-1 8.72175E-1 8.43056E-1 8.8802E-1 8.93678E-1 9.24591E-1 9.29063E-1 8.82198E-1 8.49619E-1 8.94101E-1 9.18589E-1 9.56698E-1 9.47919E-1 9.7074E-1 9.60777E-1 9.14962E-1 9.39406E-1 8.92368E-1 9.23523E-1 8.7396E-1 9.14323E-1 9.24106E-1 9.25707E-1 9.39692E-1 9.81071E-1 9.85337E-1 9.78408E-1 9.73106E-1 9.83187E-1
-9999 -9999 -9999 -9999 -9999 -9999 -9999 -9999 -9999 -9999 -9999 -9999 -9999 -9999 -9999 -9999 -9999 8.97814E-1 8.71313E-1 9.51598E-1 9.44938E-1 9.59895E-1 9.18341E-1 8.46562E-1 8.39903E-1 9.07997E-1 7.9358E-1 5.87921E-1 5.08552E-1 4.29602E-1 2.3475E-1 2.19846E-1 3.13892E-1 7.79051E-1 8.83331E-1 9.15799E-1 9.06616E-1 9.02193E-1 9.16768E-1 8.97553E-1 8.2837E-1 8.45611E-1 8.72702E-1 9.07306E-1 9.08504E-1 8.91093E-1 8.58262E-1 8.62895E-1 9.35158E-1 9.75101E-1 9.49685E-1 9.56657E-1 9.41277E-1 9.35311E-1 9.41406E-1 9.59518E-1 9.09225E-1 9.22028E-1 9.24459E-1 8.87463E-1 9.47038E-1 9.20233E-1 9.74713E-1 9.65848E-1 9.6917E-1 9.8006E-1 9.59833E-1
-9999 -9999 -9999 -9999 -9999 -9999 -9999 -9999 -9999 -9999 -9999 -9999 -9999 -9999 -9999 -9999 -9999 9.0622E-1 8.83164E-1 8.6521E-1 8.27248E-1 9.4335E-1 9.27217E-1 8.16004E-1 8.74287E-1 9.00378E-1 7.95361E-1 6.75121E-1 7.54004E-1 8.2154E-1 7.02907E-1 4.7332E-1 3.98828E-1 8.38876E-1 9.24271E-1 9.23228E-1 8.6965E-1 8.78883E-1 8.88349E-1 8.8361E-1 8.45693E-1 8.42351E-1 6.91513E-1 8.614E-1 8.54078E-1 8.5499E-1 8.53687E-1 8.66694E-1 9.31239E-1 9.71662E-1 9.4219E-1 9.00738E-1 9.06484E-1 9.22798E-1 9.51715E-1 9.20543E-1 9.03083E-1 8.74243E-1 8.72048E-1 8.66318E-1 9.63684E-1 9.50558E-1 9.81509E-1 9.41986E-1 9.41193E-1 9.68184E-1 9.82403E-1
-9999 -9999 -9999 -9999 -9999 -9999 -9999 -9999 -9999 -9999 -9999 -9999 -9999 -9999 -9999 -9999 -9999 -9999 9.33798E-1 9.28656E-1 9.01429E-1 9.48685E-1 9.70296E-1 9.3057E-1 8.96462E-1 9.23314E-1 8.45964E-1 8.6115E-1 9.06398E-1 8.80345E-1 8.41643E-1 8.84711E-1 9.12153E-1 8.78812E-1 9.23319E-1 9.52859E-1 9.4285E-1 9.01785E-1 8.97109E-1 8.47521E-1 8.90903E-1 8.69471E-1 8.52203E-1 8.16954E-1 8.32864E-1 8.90931E-1 9.04944E-1 9.45764E-1 9.6152E-1 9.20572E-1 9.37796E-1 9.31972E-1 8.84306E-1 9.34124E-1 8.92388E-1 9.24839E-1 8.99557E-1 9.47945E-1 9.32105E-1 9.07707E-1 9.10838E-1 9.55059E-1 9.59879E-1 9.2855E-1 9.27837E-1 9.01341E-1 9.82855E-1
-9999 -9999 -9999 -9999 -9999 -9999 -9999 -9999 -9999 -9999 -9999 -9999 -9999 -9999 -9999 -9999 -9999 -9999 8.91544E-1 9.24471E-1 9.44435E-1 9.13879E-1 9.52303E-1 9.65377E-1 9.55944E-1 9.37037E-1 9.37664E-1 9.14358E-1 8.80054E-1 8.53815E-1 9.20667E-1 9.30913E-1 9.47491E-1 9.38966E-1 9.26586E-1 9.53276E-1 9.31749E-1 9.20112E-1 8.6221E-1 8.69869E-1 8.57716E-1 8.83275E-1 8.84044E-1 8.84598E-1 9.12456E-1 9.33371E-1 9.24959E-1 9.23298E-1 9.12535E-1 9.67922E-1 9.21479E-1 9.51275E-1 8.9504E-1 9.16866E-1 9.33998E-1 9.39244E-1 9.08266E-1 8.64741E-1 8.69993E-1 8.83704E-1 9.11831E-1 9.6474E-1 9.71321E-1 9.46014E-1 9.04031E-1 9.41922E-1 9.81364E-1
-9999 -9999 -9999 -9999 -9999 -9999 -9999 -9999 -9999 -9999 -9999 -9999 -9999 -9999 -9999 -9999 -9999 -9999 -9999 9.46739E-1 8.34039E-1 9.00953E-1 9.10388E-1 9.52838E-1 9.48503E-1 9.56116E-1 9.50569E-1 9.54747E-1 8.96774E-1 9.12115E-1 9.42681E-1 9.56745E-1 9.40283E-1 9.24396E-1 9.38437E-1 9.54597E-1 9.29557E-1 9.20514E-1 8.52374E-1 8.74953E-1 8.90427E-1 8.81432E-1 8.72569E-1 9.24812E-1 8.57966E-1 9.07305E-1 9.31936E-1 9.11758E-1 8.97053E-1 9.31392E-1 8.97635E-1 8.54625E-1 8.47537E-1 9.16698E-1 9.60018E-1 9.49089E-1 9.56406E-1 9.24918E-1 9.16043E-1 9.22266E-1 9.26906E-1 8.68776E-1 9.21699E-1 9.24346E-1 9.1176E-1 9.54019E-1 9.62787E-1
-9999 -9999 -9999 -9999 -9999 -9999 -9999 -9999 -9999 -9999 -9999 -9999 -9999 -9999 -9999 -9999 -9999 -9999 -9999 8.76694E-1 8.62604E-1 8.93735E-1 9.08578E-1 9.49154E-1 9.3975E-1 9.68152E-1 9.55238E-1 9.47819E-1 9.60097E-1 9.11687E-1 9.50371E-1 9.53197E-1 9.5617E-1 9.35542E-1 9.23657E-1 9.50372E-1 9.5905E-1 9.35726E-1 8.45568E-1 9.32334E-1 8.76223E-1 9.01462E-1 8.59786E-1 9.06351E-1 8.83052E-1 9.06021E-1 9.08948E-1 9.16744E-1 9.3898E-1 9.53118E-1 9.13842E-1 8.66741E-1 9.31235E-1 9.26634E-1 9.1664E-1 9.44567E-1 9.61056E-1 9.74405E-1 9.62677E-1 9.53312E-1 9.58016E-1 9.58138E-1 9.06572E-1 9.277E-1 9.66048E-1 9.80758E-1 9.92126E-1
-9999 -9999 -9999 -9999 -9999 -9999 -9999 -9999 -9999 -9999 -9999 -9999 -9999 -9999 -9999 -9999 -9999 -9999 -9999 8.17868E-1 9.35748E-1 9.46432E-1 9.39386E-1 9.5126E-1 9.77329E-1 9.79299E-1 9.7163E-1 9.6674E-1 9.70997E-1 9.52487E-1 9.52106E-1 9.55101E-1 9.55815E-1 9.35933E-1 9.37332E-1 9.39785E-1 9.56479E-1 9.45448E-1 9.00155E-1 8.51682E-1 8.70983E-1 9.10487E-1 8.6541E-1 8.77737E-1 8.81875E-1 9.2869E-1 9.15366E-1 9.44977E-1 9.46597E-1 9.12062E-1 8.98863E-1 9.30316E-1 9.31839E-1 9.06599E-1 9.28234E-1 9.48645E-1 9.46783E-1 9.47122E-1 9.43123E-1 9.67616E-1 9.86408E-1 9.21267E-1 9.48869E-1 9.36779E-1 9.74698E-1 9.69654E-1 9.8978E-1
