ENM/Final_Models/M_0.9_F_q_Set_1_EC/Gustavia_santanderiensis_6_Choco.asc
ncols         367
nrows         963
xllcorner     -78.6
yllcorner     0.65
cellsize      0.00833333333333323
NODATA_value  -9999
[rows 805 to 839 of 963, columns 154 to 230 of 367]
6.2668E-7 1.58842E-6 1.87547E-5 4.0524E-4 1.30941E-3 1.03342E-3 1.49461E-3 9.56024E-4 9.82085E-4 8.61634E-3 3.18034E-2 1.76207E-2 -9999 -9999 -9999 -9999 -9999 -9999 -9999 -9999 -9999 -9999 -9999 -9999 -9999 -9999 -9999 -9999 -9999 -9999 -9999 -9999 -9999 -9999 -9999 -9999 -9999 -9999 -9999 -9999 -9999 1.63033E-3 8.01033E-4 5.16587E-4 4.3529E-4 2.15542E-4 5.42627E-5 5.77992E-5 7.64105E-5 1.55575E-4 5.61316E-5 8.80807E-6 2.14307E-5 3.133E-5 1.26635E-5 3.0525E-5 1.72691E-5 1.34951E-5 1.90491E-5 2.14348E-5 3.6439E-5 6.19025E-5 4.79786E-5 3.02289E-5 5.0798E-5 4.05143E-5 2.43824E-5 2.00288E-5 4.00319E-5 5.04969E-5 1.72708E-4 1.77918E-4 1.24793E-4 -9999 -9999 -9999 -9999
7.25975E-7 1.03225E-5 3.10561E-4 5.48461E-4 2.57804E-3 2.59147E-3 9.24593E-3 -9999 1.23015E-3 1.18827E-2 -9999 -9999 -9999 -9999 -9999 -9999 -9999 -9999 -9999 -9999 -9999 -9999 -9999 -9999 -9999 -9999 -9999 -9999 -9999 -9999 -9999 -9999 -9999 -9999 -9999 -9999 -9999 -9999 -9999 -9999 -9999 -9999 2.37626E-3 1.46019E-3 1.01109E-3 1.02683E-4 7.41658E-5 6.19543E-5 1.35816E-4 8.07916E-5 3.54521E-5 6.61344E-6 8.11531E-6 1.13914E-5 9.74178E-6 2.42414E-5 1.41911E-5 1.49244E-5 1.08474E-5 1.36823E-5 1.67654E-5 3.59625E-5 1.38083E-4 1.76844E-4 2.38915E-4 1.56064E-4 8.29737E-5 6.61906E-5 4.68494E-5 1.59752E-4 1.02619E-4 -9999 -9999 -9999 -9999 -9999 -9999
4.22557E-6 2.59127E-4 5.02009E-4 7.34994E-4 2.97722E-3 2.5358E-3 8.41973E-3 -9999 2.72735E-3 -9999 -9999 -9999 -9999 -9999 -9999 -9999 -9999 -9999 -9999 -9999 -9999 -9999 -9999 -9999 -9999 -9999 -9999 -9999 -9999 -9999 -9999 -9999 -9999 -9999 -9999 -9999 -9999 -9999 -9999 -9999 -9999 -9999 -9999 1.22255E-3 1.33078E-3 2.78889E-4 3.60187E-5 7.4386E-5 6.31465E-5 5.63917E-5 4.35099E-5 1.38122E-5 1.01498E-5 8.27788E-6 5.48443E-6 1.97408E-5 1.80349E-5 1.75597E-5 1.20678E-5 1.52431E-5 2.53981E-5 5.99388E-5 1.24195E-4 1.83099E-4 1.35691E-4 1.47087E-4 1.45792E-4 1.31642E-4 8.25727E-5 1.35618E-4 -9999 -9999 -9999 -9999 -9999 -9999 -9999
1.08676E-5 3.16714E-4 1.33484E-3 1.46147E-3 2.68222E-3 1.1389E-2 -9999 -9999 -9999 -9999 -9999 -9999 -9999 -9999 -9999 -9999 -9999 -9999 -9999 -9999 -9999 -9999 -9999 -9999 -9999 -9999 -9999 -9999 -9999 -9999 -9999 -9999 -9999 -9999 -9999 -9999 -9999 -9999 -9999 -9999 -9999 -9999 -9999 -9999 8.07797E-4 5.526E-5 9.77077E-5 1.68262E-4 1.26104E-4 3.80187E-5 4.4391E-5 2.59522E-5 2.60112E-5 2.28111E-5 1.7016E-5 8.47939E-6 4.02159E-5 1.44618E-5 1.20374E-5 3.04037E-5 5.03693E-5 8.61402E-5 2.16139E-5 8.6911E-5 6.29288E-5 5.00673E-5 9.37205E-5 1.02621E-4 3.89481E-5 -9999 -9999 -9999 -9999 -9999 -9999 -9999 -9999
1.02776E-4 9.47602E-4 1.2834E-3 3.69065E-3 1.8874E-3 4.35764E-3 -9999 -9999 -9999 -9999 -9999 -9999 -9999 -9999 -9999 -9999 -9999 -9999 -9999 -9999 -9999 -9999 -9999 -9999 -9999 -9999 -9999 -9999 -9999 -9999 -9999 -9999 -9999 -9999 -9999 -9999 -9999 -9999 1.60015E-3 1.20888E-3 1.48886E-3 -9999 -9999 -9999 -9999 9.90846E-4 1.38032E-3 5.89903E-4 1.44897E-4 5.86593E-5 3.24459E-5 2.81441E-5 2.34882E-5 5.50782E-5 2.13731E-5 1.96026E-6 1.18309E-5 2.75216E-5 3.17682E-5 4.123E-5 8.25707E-5 7.24255E-5 4.0763E-5 3.17351E-5 3.45588E-5 5.61083E-5 1.13043E-4 7.16544E-5 -9999 -9999 -9999 -9999 -9999 -9999 -9999 -9999 -9999
3.38798E-4 9.27042E-4 2.57501E-3 5.98521E-3 -9999 -9999 2.64173E-3 -9999 -9999 -9999 -9999 -9999 -9999 -9999 -9999 -9999 -9999 -9999 -9999 -9999 -9999 -9999 -9999 -9999 -9999 -9999 -9999 -9999 -9999 -9999 -9999 -9999 -9999 -9999 -9999 -9999 -9999 -9999 2.14367E-4 2.4085E-4 1.11309E-3 1.55802E-3 1.62546E-3 -9999 -9999 4.07599E-3 2.72922E-3 1.75776E-3 1.02076E-4 2.43641E-5 8.46464E-5 6.37622E-5 6.67191E-5 5.56079E-5 1.51057E-5 2.8128E-6 2.87618E-5 2.6684E-5 1.67979E-5 4.7502E-5 5.22305E-5 6.71536E-5 5.66031E-5 2.1654E-5 3.88874E-5 3.55761E-5 1.03312E-4 -9999 -9999 -9999 -9999 -9999 -9999 -9999 -9999 -9999 -9999
1.21E-3 1.14112E-3 3.82528E-3 6.24429E-3 -9999 -9999 4.08466E-3 -9999 -9999 -9999 -9999 -9999 -9999 -9999 -9999 -9999 -9999 -9999 -9999 -9999 -9999 -9999 -9999 -9999 -9999 -9999 -9999 -9999 -9999 -9999 -9999 -9999 -9999 -9999 -9999 -9999 -9999 -9999 1.73457E-4 1.63479E-4 1.27254E-3 4.82611E-4 1.84774E-4 2.24758E-4 3.74942E-4 5.5413E-4 2.15597E-3 1.2415E-3 9.05838E-4 7.68495E-5 1.67273E-4 6.24811E-5 6.24274E-5 4.22381E-5 3.06962E-6 2.62921E-6 5.72691E-6 1.84723E-5 9.74931E-6 1.50493E-5 3.18217E-5 3.45382E-5 2.7322E-5 3.76235E-5 4.14978E-5 8.00193E-5 8.13745E-5 -9999 -9999 -9999 -9999 -9999 -9999 -9999 -9999 -9999 -9999
1.60595E-3 1.74739E-3 4.81939E-3 -9999 -9999 -9999 -9999 -9999 -9999 -9999 -9999 -9999 -9999 -9999 -9999 -9999 -9999 -9999 -9999 -9999 -9999 -9999 -9999 -9999 -9999 -9999 -9999 -9999 -9999 -9999 -9999 -9999 -9999 -9999 -9999 2.29643E-3 2.75197E-3 -9999 -9999 1.30614E-4 2.38847E-4 2.35179E-4 1.65582E-4 5.04806E-5 2.05299E-5 2.62309E-5 5.9983E-4 1.76294E-3 5.43094E-4 6.32792E-4 1.3228E-4 4.17367E-5 3.74464E-5 4.32958E-6 9.18739E-6 1.42859E-5 9.94311E-6 1.51943E-5 8.62784E-6 1.73395E-5 2.20038E-5 2.39478E-5 2.55827E-5 2.14397E-5 8.67153E-5 7.08358E-5 -9999 -9999 -9999 -9999 -9999 -9999 -9999 -9999 -9999 -9999 -9999
2.7035E-3 6.58571E-3 2.26816E-3 4.11251E-3 -9999 -9999 -9999 -9999 -9999 -9999 -9999 -9999 -9999 -9999 -9999 -9999 -9999 -9999 -9999 -9999 -9999 -9999 -9999 -9999 -9999 -9999 -9999 -9999 -9999 -9999 -9999 -9999 -9999 -9999 -9999 2.24209E-3 3.49486E-3 -9999 -9999 1.02102E-4 2.28333E-4 3.45582E-5 7.21188E-5 3.89261E-5 2.09402E-5 3.89106E-5 2.59712E-4 6.25441E-4 1.02188E-3 1.18324E-3 3.31001E-5 2.8384E-5 1.15211E-5 1.28906E-5 2.06605E-5 3.77258E-5 3.03808E-5 2.42003E-5 9.88728E-6 1.84178E-5 5.38499E-5 3.08443E-5 3.3183E-5 1.4241E-5 5.95071E-5 7.58057E-5 -9999 -9999 -9999 -9999 -9999 -9999 -9999 -9999 -9999 -9999 -9999
3.11023E-3 6.91346E-3 -9999 -9999 1.91603E-2 -9999 -9999 -9999 -9999 -9999 -9999 -9999 -9999 -9999 -9999 -9999 -9999 -9999 -9999 -9999 -9999 -9999 -9999 -9999 -9999 -9999 -9999 -9999 -9999 -9999 -9999 -9999 -9999 -9999 -9999 1.33416E-3 4.60222E-3 9.70952E-4 4.63818E-4 1.82694E-4 3.75087E-4 1.90362E-5 9.60488E-6 4.4473E-5 6.79223E-5 3.32929E-4 2.13256E-4 3.63027E-5 6.84522E-5 5.60207E-4 1.27254E-4 9.15494E-5 1.51141E-4 8.22514E-5 3.87855E-5 3.94773E-5 5.06215E-5 9.53996E-6 9.61234E-6 1.84065E-5 2.01041E-5 9.90842E-6 5.02206E-6 1.94904E-5 1.97811E-5 4.321E-5 -9999 -9999 -9999 -9999 -9999 -9999 -9999 -9999 -9999 -9999 -9999
3.57493E-3 3.65776E-3 4.0585E-3 -9999 -9999 -9999 -9999 -9999 -9999 -9999 -9999 -9999 -9999 -9999 -9999 -9999 -9999 -9999 -9999 -9999 -9999 -9999 -9999 -9999 -9999 -9999 -9999 -9999 -9999 -9999 -9999 -9999 -9999 -9999 -9999 1.12299E-3 3.64721E-4 8.3232E-4 9.58898E-4 5.9733E-4 1.47321E-4 3.5248E-5 2.27565E-5 4.21711E-5 4.11402E-5 8.47508E-5 6.29075E-5 2.03368E-5 2.30947E-5 2.53516E-4 6.23904E-5 3.31137E-5 6.05736E-5 7.95638E-5 2.22348E-5 1.22005E-5 1.18756E-5 2.23418E-6 5.66507E-6 5.6023E-6 9.77764E-6 1.7152E-5 8.20421E-6 1.6614E-5 1.94298E-5 -9999 -9999 -9999 -9999 -9999 -9999 -9999 -9999 -9999 -9999 -9999 -9999
8.06953E-3 7.07678E-3 7.11312E-3 -9999 -9999 -9999 -9999 -9999 -9999 -9999 -9999 -9999 -9999 -9999 -9999 -9999 -9999 -9999 -9999 -9999 -9999 -9999 -9999 -9999 -9999 -9999 -9999 -9999 -9999 -9999 -9999 -9999 -9999 -9999 -9999 -9999 1.71581E-4 3.00052E-4 2.03839E-4 1.03451E-4 5.21982E-5 4.82272E-5 9.42295E-6 1.80097E-5 2.95742E-5 1.72619E-5 1.86713E-5 1.05924E-5 2.41645E-5 2.87791E-4 2.9822E-4 4.16597E-5 4.95856E-5 1.61124E-5 9.33044E-6 3.77834E-6 5.80831E-6 4.96483E-6 6.56763E-6 2.21852E-6 5.10531E-6 2.22786E-5 1.22484E-5 2.86942E-5 1.79934E-5 2.20573E-5 -9999 -9999 -9999 -9999 -9999 -9999 -9999 -9999 -9999 -9999 -9999
-9999 -9999 -9999 -9999 -9999 -9999 -9999 -9999 -9999 -9999 -9999 -9999 -9999 -9999 -9999 -9999 -9999 -9999 -9999 -9999 -9999 -9999 -9999 -9999 -9999 -9999 -9999 -9999 -9999 -9999 -9999 -9999 -9999 -9999 1.73712E-3 2.3717E-4 1.22623E-3 5.31022E-4 2.4182E-4 1.84386E-4 1.08367E-4 2.26876E-5 3.87813E-6 4.27792E-6 2.62512E-5 1.28746E-5 3.84157E-6 1.94232E-5 6.08222E-6 3.4728E-5 1.12224E-4 5.56314E-5 4.20051E-5 1.79156E-5 9.47671E-7 7.47419E-7 3.39807E-6 1.84152E-5 3.5252E-5 2.44416E-5 6.96939E-6 8.17233E-6 2.15804E-5 1.18691E-5 2.41064E-5 -9999 -9999 -9999 -9999 -9999 -9999 -9999 -9999 -9999 -9999 -9999 -9999
-9999 -9999 -9999 -9999 -9999 -9999 -9999 -9999 -9999 -9999 -9999 -9999 -9999 -9999 -9999 1.5671E-3 2.43757E-3 1.55379E-3 -9999 -9999 -9999 -9999 -9999 -9999 -9999 -9999 -9999 -9999 -9999 -9999 -9999 -9999 -9999 -9999 -9999 -9999 1.15192E-3 2.14947E-4 1.41177E-4 6.19449E-5 4.05979E-5 9.17179E-6 8.18367E-6 7.11046E-6 2.95377E-6 2.69281E-6 9.0106E-6 1.90608E-5 2.502E-5 7.21673E-6 1.06539E-4 1.50886E-4 6.78966E-5 6.03516E-5 7.36946E-6 1.43838E-5 9.04654E-6 8.68317E-6 1.97746E-5 1.26976E-5 7.40199E-6 1.42981E-5 1.78422E-5 6.51743E-5 1.70416E-5 -9999 -9999 -9999 -9999 -9999 -9999 -9999 -9999 -9999 -9999 -9999 -9999
1.84175E-2 -9999 -9999 -9999 -9999 -9999 -9999 -9999 -9999 -9999 -9999 -9999 -9999 -9999 1.73515E-3 1.36268E-3 2.73571E-3 1.21342E-3 8.23227E-4 -9999 -9999 -9999 -9999 -9999 -9999 -9999 -9999 -9999 -9999 -9999 -9999 -9999 -9999 -9999 -9999 -9999 1.80912E-4 1.79797E-4 8.21072E-5 2.30967E-5 2.70113E-5 3.33375E-5 2.15684E-5 4.9461E-6 1.58836E-6 2.38702E-6 3.60909E-6 8.80995E-6 1.99768E-5 1.76763E-5 2.58922E-5 1.18777E-4 5.07786E-5 7.38007E-5 7.0672E-5 1.46164E-4 8.74099E-5 1.11373E-4 7.21202E-5 4.88742E-5 2.83047E-6 1.79079E-5 1.59037E-5 2.82836E-5 8.07651E-6 -9999 -9999 -9999 -9999 -9999 -9999 -9999 -9999 -9999 -9999 -9999 -9999
1.27848E-2 -9999 -9999 -9999 -9999 -9999 -9999 -9999 -9999 -9999 -9999 -9999 -9999 1.1739E-3 2.25803E-3 1.21559E-3 2.28345E-3 2.54982E-3 1.62116E-3 2.15617E-3 -9999 4.07005E-3 8.50533E-3 -9999 -9999 -9999 -9999 -9999 -9999 -9999 -9999 -9999 -9999 -9999 -9999 8.39223E-4 1.62025E-4 2.6416E-4 8.17133E-5 2.48591E-5 1.9071E-5 4.13628E-5 7.14349E-5 7.68206E-6 3.16772E-6 2.01683E-6 8.56614E-7 1.34208E-6 1.48353E-6 2.76424E-6 5.26167E-5 3.42163E-5 3.60622E-5 8.49618E-5 7.21769E-5 1.49997E-5 5.0968E-5 2.73839E-5 9.88384E-6 3.66119E-5 5.34795E-5 5.19031E-5 1.1731E-5 1.1079E-5 3.54311E-5 -9999 -9999 -9999 -9999 -9999 -9999 -9999 -9999 -9999 -9999 -9999 -9999
3.33575E-2 -9999 -9999 -9999 -9999 -9999 -9999 -9999 -9999 -9999 -9999 -9999 -9999 -9999 1.75819E-3 1.32163E-3 3.19516E-3 1.86359E-3 1.60115E-3 1.65192E-3 1.64474E-3 2.71914E-3 1.15934E-2 -9999 -9999 -9999 -9999 -9999 -9999 -9999 -9999 -9999 4.86698E-3 6.28995E-3 4.32368E-3 1.4476E-3 2.14967E-4 1.97692E-4 1.59072E-4 6.67077E-5 6.91327E-5 5.60772E-5 2.91759E-5 9.20017E-6 2.94192E-6 3.8286E-6 2.64505E-6 1.789E-5 5.67663E-6 1.34322E-6 1.12204E-5 1.67693E-5 9.35212E-6 4.53685E-5 5.76308E-5 1.8525E-5 1.46405E-5 2.09832E-5 8.84652E-6 2.42323E-5 2.90126E-5 1.35885E-5 9.48592E-6 7.34058E-6 4.44179E-6 -9999 -9999 -9999 -9999 -9999 -9999 -9999 -9999 -9999 -9999 -9999 -9999
-9999 -9999 -9999 -9999 -9999 -9999 -9999 -9999 -9999 -9999 -9999 -9999 -9999 4.14142E-3 6.97641E-3 -9999 -9999 1.74536E-3 2.84252E-3 1.13227E-3 2.04415E-3 7.44043E-3 -9999 -9999 -9999 -9999 -9999 -9999 -9999 -9999 -9999 -9999 -9999 -9999 -9999 -9999 -9999 -9999 5.56487E-5 5.03182E-5 3.6176E-5 9.41168E-5 5.03491E-5 2.78607E-5 7.53717E-6 3.60414E-6 1.57323E-6 4.09219E-5 6.04262E-5 1.04239E-6 4.41974E-6 4.71077E-6 2.73271E-6 4.36888E-6 2.98582E-5 1.90939E-5 7.12354E-6 2.05043E-5 1.49474E-5 7.67488E-6 1.49145E-5 5.94709E-6 1.14451E-6 2.35207E-6 4.49457E-6 -9999 -9999 -9999 -9999 -9999 -9999 -9999 -9999 -9999 -9999 -9999 -9999
-9999 -9999 -9999 -9999 -9999 -9999 -9999 -9999 -9999 -9999 -9999 -9999 -9999 -9999 -9999 -9999 -9999 1.59732E-3 1.5509E-3 9.98001E-4 3.93518E-3 9.63187E-3 -9999 -9999 -9999 -9999 -9999 -9999 -9999 -9999 -9999 -9999 -9999 -9999 -9999 -9999 -9999 -9999 -9999 1.22298E-4 8.69911E-5 1.50548E-4 3.4159E-5 9.76817E-6 6.87451E-6 3.91201E-6 1.52561E-5 2.6016E-5 7.40636E-6 2.98737E-6 6.08006E-6 8.95417E-6 3.96115E-6 7.46334E-6 5.01467E-6 1.62071E-5 5.05843E-6 9.14866E-6 2.10676E-5 1.15226E-5 1.78982E-5 4.06339E-6 1.38354E-5 1.55272E-5 2.2844E-5 1.77395E-5 -9999 -9999 -9999 -9999 -9999 -9999 -9999 -9999 -9999 -9999 -9999
-9999 -9999 -9999 -9999 -9999 -9999 -9999 -9999 -9999 -9999 -9999 -9999 -9999 -9999 -9999 -9999 -9999 1.12754E-3 1.23503E-3 1.09242E-3 3.97342E-3 1.50501E-2 -9999 -9999 -9999 -9999 -9999 -9999 -9999 -9999 3.80556E-3 6.78678E-3 8.12247E-3 -9999 -9999 -9999 1.49332E-4 1.86231E-4 6.06333E-4 5.98276E-4 5.38758E-4 9.80758E-5 6.3235E-5 3.03734E-5 1.14581E-5 2.2554E-6 4.97145E-6 3.64334E-6 7.28917E-7 4.16303E-6 7.87559E-6 1.70721E-5 1.11979E-5 7.71536E-6 7.80407E-6 7.08733E-6 9.80915E-6 2.19712E-6 7.7042E-6 5.64596E-6 6.9551E-6 5.16908E-6 6.33217E-6 4.28301E-5 4.20277E-5 3.14457E-5 -9999 -9999 -9999 -9999 -9999 -9999 -9999 -9999 -9999 -9999 -9999
-9999 -9999 -9999 -9999 -9999 -9999 -9999 -9999 -9999 -9999 -9999 -9999 -9999 -9999 -9999 -9999 4.33242E-3 1.87923E-3 2.25409E-3 1.87178E-3 2.89041E-3 1.34704E-2 -9999 -9999 -9999 -9999 -9999 -9999 -9999 -9999 5.09936E-3 3.42965E-3 1.35396E-3 5.40357E-4 1.69888E-4 2.68487E-5 1.99797E-5 1.13707E-4 8.98352E-5 2.82203E-4 2.13474E-4 9.13921E-5 6.64958E-5 1.02938E-4 7.3378E-5 1.54579E-5 5.49492E-6 1.61946E-6 1.75558E-6 3.15562E-6 4.25594E-5 6.93032E-5 1.0301E-5 2.86203E-6 9.1659E-6 5.80534E-6 8.49939E-6 6.72868E-6 2.78286E-6 3.92965E-6 5.40188E-6 1.88401E-5 1.00567E-5 6.48708E-6 2.51901E-5 4.0048E-5 -9999 -9999 -9999 -9999 -9999 -9999 -9999 -9999 -9999 -9999 -9999
-9999 -9999 -9999 -9999 -9999 -9999 -9999 -9999 -9999 -9999 -9999 -9999 -9999 -9999 -9999 3.2844E-3 2.33343E-3 1.62434E-3 2.11942E-3 3.03321E-3 2.71958E-3 6.20766E-3 -9999 -9999 -9999 -9999 -9999 -9999 -9999 -9999 1.14116E-3 7.73114E-4 3.48957E-4 3.22769E-4 1.06844E-4 6.87563E-5 2.35099E-5 6.59088E-5 2.13334E-5 3.45531E-5 9.42196E-5 4.76219E-5 4.0594E-5 2.20399E-5 9.73079E-6 1.44362E-5 1.26896E-5 1.62426E-5 4.10223E-6 2.16067E-6 1.17509E-5 5.3136E-5 1.29466E-5 6.3526E-6 6.52571E-6 8.91269E-6 8.74735E-6 5.26271E-6 4.34993E-6 3.76617E-6 4.06614E-6 2.5187E-5 3.539E-5 4.27494E-5 6.355E-5 9.99131E-5 -9999 -9999 -9999 -9999 -9999 -9999 -9999 -9999 -9999 -9999 -9999
-9999 -9999 -9999 -9999 -9999 -9999 -9999 -9999 -9999 -9999 -9999 -9999 -9999 -9999 -9999 -9999 -9999 1.76876E-3 2.50027E-3 1.52779E-3 2.77665E-3 6.6814E-3 -9999 -9999 -9999 -9999 -9999 -9999 -9999 -9999 1.05971E-3 3.70104E-4 1.58247E-4 9.36521E-5 2.82258E-5 1.65736E-5 1.55353E-5 1.01361E-4 2.76166E-5 1.80135E-5 5.783E-5 3.22411E-5 3.52277E-5 7.34632E-5 5.78552E-6 3.97912E-6 3.4166E-6 9.37037E-6 1.12366E-5 1.42996E-5 1.6497E-6 3.64661E-5 3.62717E-5 1.71271E-5 7.0472E-6 9.85731E-6 1.23467E-5 9.69205E-6 2.31463E-5 3.17512E-5 7.72901E-6 3.89168E-5 2.1101E-5 1.52851E-4 7.79365E-5 9.9789E-5 -9999 -9999 -9999 -9999 -9999 -9999 -9999 -9999 -9999 -9999 -9999
-9999 -9999 -9999 -9999 -9999 -9999 -9999 -9999 -9999 -9999 -9999 -9999 -9999 -9999 -9999 -9999 -9999 -9999 7.84738E-4 9.7588E-4 2.57803E-3 5.02816E-3 -9999 -9999 3.53175E-3 -9999 -9999 -9999 -9999 -9999 1.40175E-3 2.37148E-4 3.79767E-5 2.50591E-5 1.24893E-5 1.19922E-5 2.6456E-5 4.00011E-5 2.15333E-5 5.63726E-6 1.24369E-5 4.12051E-5 1.81942E-5 5.63281E-6 1.56875E-5 2.93199E-6 4.79085E-6 1.01976E-6 1.24953E-5 7.78712E-6 7.68762E-6 9.69558E-5 6.5668E-5 2.04085E-5 2.06027E-6 5.31154E-6 1.96917E-5 3.49596E-6 5.88772E-6 2.80481E-5 7.60924E-5 3.66809E-5 4.7893E-5 3.76426E-5 6.21624E-5 -9999 -9999 -9999 -9999 -9999 -9999 -9999 -9999 -9999 -9999 -9999 -9999
2.65955E-2 -9999 -9999 -9999 -9999 -9999 -9999 -9999 -9999 -9999 -9999 -9999 -9999 -9999 -9999 -9999 -9999 -9999 -9999 6.83977E-4 1.66413E-3 4.22069E-3 -9999 -9999 7.07377E-3 -9999 -9999 -9999 -9999 1.53552E-3 1.76629E-3 3.68114E-4 6.91601E-5 1.54255E-5 6.35108E-6 1.41138E-5 2.47488E-5 1.32375E-5 1.34884E-5 6.32918E-6 9.87573E-6 5.35602E-5 1.82935E-5 2.54344E-6 1.46671E-6 2.00908E-6 5.97406E-5 1.80245E-5 8.17095E-6 3.87043E-6 8.85209E-6 1.47754E-5 4.96796E-5 5.06757E-5 6.00258E-6 2.52275E-6 6.36057E-6 6.08646E-6 1.72801E-5 7.62861E-5 8.46759E-5 6.72973E-5 8.58288E-5 5.47669E-5 -9999 -9999 -9999 -9999 -9999 -9999 -9999 -9999 -9999 -9999 -9999 -9999 -9999
3.03864E-2 -9999 -9999 -9999 -9999 -9999 -9999 -9999 -9999 -9999 -9999 -9999 -9999 -9999 -9999 -9999 8.8799E-3 -9999 -9999 1.00569E-3 6.96428E-4 2.15914E-3 -9999 -9999 -9999 -9999 -9999 5.40873E-4 5.23221E-4 1.33386E-3 4.45006E-4 1.34276E-4 3.02039E-5 1.48883E-5 1.43662E-5 9.41435E-6 1.39687E-5 1.47786E-5 1.3287E-5 8.36981E-6 1.03767E-5 2.53726E-5 3.31323E-6 2.87784E-6 1.28747E-5 9.35031E-6 1.09264E-4 7.23082E-5 1.89043E-5 7.1637E-6 9.34255E-6 6.94889E-6 2.5058E-5 5.48269E-5 1.12303E-5 2.37114E-6 2.04007E-5 5.70598E-6 3.19956E-5 1.53149E-4 9.23093E-5 1.19408E-4 1.11312E-4 6.72575E-5 -9999 -9999 -9999 -9999 -9999 -9999 -9999 -9999 -9999 -9999 -9999 -9999 -9999
4.02534E-2 -9999 -9999 -9999 -9999 -9999 -9999 -9999 -9999 -9999 -9999 6.88128E-3 1.39595E-2 -9999 -9999 5.47485E-3 7.48385E-3 -9999 -9999 1.58104E-3 8.55125E-4 7.44592E-3 2.34025E-3 -9999 -9999 1.3274E-3 3.57541E-4 2.07347E-4 2.38006E-4 1.72948E-4 8.83912E-5 1.82607E-5 5.09266E-5 1.83704E-5 1.28399E-5 5.25112E-6 1.56168E-5 1.9888E-5 1.05868E-5 9.63086E-6 1.03764E-5 2.77087E-5 1.77914E-5 4.21919E-6 2.11532E-5 1.1916E-4 3.72693E-4 3.38733E-5 9.45579E-6 6.96186E-6 1.85075E-5 2.40089E-5 1.30192E-5 2.33933E-5 2.2364E-5 4.00206E-6 3.59449E-5 6.95874E-5 1.336E-5 2.73022E-5 6.44251E-5 1.37824E-4 1.35996E-4 6.79128E-5 -9999 -9999 -9999 -9999 -9999 -9999 -9999 -9999 -9999 -9999 -9999 -9999 -9999
5.37557E-2 -9999 -9999 -9999 -9999 -9999 -9999 -9999 -9999 -9999 -9999 5.44965E-3 7.52561E-3 -9999 -9999 2.9912E-3 8.88152E-3 -9999 -9999 1.59567E-3 1.29461E-3 3.14074E-3 2.06143E-3 -9999 -9999 7.58098E-4 1.83019E-4 1.39938E-4 4.33918E-5 4.77694E-5 8.23268E-5 5.34756E-5 3.34256E-5 1.54494E-5 5.81024E-6 5.14949E-6 1.24321E-5 8.49047E-6 8.05514E-6 2.17451E-5 2.67506E-5 2.48071E-5 1.88675E-5 5.31932E-6 9.98192E-6 1.49816E-4 1.14239E-4 2.44969E-5 6.26481E-6 4.45617E-6 1.74726E-5 2.72144E-5 2.08552E-5 2.72269E-5 2.04045E-5 1.64684E-5 5.2513E-5 2.01688E-4 6.40113E-5 1.1109E-4 8.63662E-5 1.80807E-4 1.27256E-4 3.22727E-4 -9999 -9999 -9999 -9999 -9999 -9999 -9999 -9999 -9999 -9999 -9999 -9999 -9999
4.95265E-2 -9999 -9999 -9999 -9999 -9999 -9999 -9999 -9999 -9999 -9999 6.32676E-3 4.57982E-3 -9999 -9999 3.95866E-3 4.82025E-3 -9999 -9999 1.71386E-3 6.22787E-3 1.17525E-2 3.53999E-3 -9999 -9999 1.18077E-4 5.10869E-5 6.00756E-5 3.96992E-5 1.02224E-4 4.02753E-5 1.82357E-5 9.29832E-6 7.6537E-6 4.81168E-6 3.3521E-6 1.10827E-5 8.32169E-6 2.6845E-6 1.03804E-5 1.57462E-5 9.93684E-5 1.13879E-4 2.96701E-5 4.59396E-5 1.60937E-4 7.94937E-5 5.51333E-5 2.11999E-5 1.18081E-5 2.4798E-5 1.41442E-5 2.25641E-5 6.93654E-5 1.03228E-4 1.70021E-5 4.48606E-5 5.45307E-5 1.04577E-4 8.79629E-5 1.78149E-4 1.15094E-4 1.65482E-4 -9999 -9999 -9999 -9999 -9999 -9999 -9999 -9999 -9999 -9999 -9999 -9999 -9999 -9999
1.02561E-1 -9999 -9999 -9999 -9999 -9999 -9999 -9999 -9999 -9999 1.33408E-3 1.72921E-3 3.2702E-3 -9999 -9999 2.79414E-3 3.8054E-3 1.87335E-3 1.11081E-3 2.36668E-3 3.54413E-3 9.18355E-3 4.29895E-3 -9999 1.79167E-3 1.52279E-4 9.27105E-5 1.90762E-4 1.45209E-4 5.33446E-5 1.89328E-5 7.63023E-6 6.12817E-6 1.0794E-5 6.68622E-6 4.20768E-6 4.85098E-6 9.56359E-6 2.63897E-6 8.01653E-6 1.42205E-5 6.62498E-5 2.37828E-4 2.88031E-4 8.72851E-5 9.78171E-5 2.45306E-4 2.05036E-4 9.0953E-5 4.0239E-5 1.82715E-5 1.38063E-5 2.64641E-5 1.39158E-4 2.81944E-4 5.86043E-5 5.7736E-5 1.6068E-4 1.36609E-4 1.4563E-4 1.35029E-4 2.97723E-4 1.95584E-4 -9999 -9999 -9999 -9999 -9999 -9999 -9999 -9999 -9999 -9999 -9999 -9999 -9999 -9999
-9999 -9999 -9999 -9999 -9999 -9999 -9999 -9999 -9999 -9999 2.11251E-3 5.8836E-4 1.1427E-3 2.11645E-3 -9999 2.56377E-3 1.7993E-3 3.11395E-3 1.5702E-3 4.02293E-3 5.19976E-3 1.06577E-2 2.9E-3 2.87106E-3 1.66007E-3 5.2841E-4 2.5258E-4 8.92694E-5 3.70249E-5 2.7775E-5 1.06847E-5 4.26117E-6 7.46349E-6 1.54669E-5 1.28567E-5 7.95025E-6 1.15307E-5 2.09136E-5 1.29698E-5 3.85932E-5 2.54017E-5 1.3289E-4 7.50455E-5 9.44147E-5 3.46281E-5 6.88421E-5 4.47211E-4 4.13795E-4 2.19445E-4 4.684E-5 3.48973E-5 8.50017E-5 1.3477E-4 1.37698E-4 2.11957E-4 2.11911E-4 7.60897E-5 1.65036E-4 1.85153E-4 2.038E-4 2.38342E-4 1.60526E-4 1.47927E-4 -9999 -9999 -9999 -9999 -9999 -9999 -9999 -9999 -9999 -9999 -9999 -9999 -9999 -9999
-9999 -9999 -9999 -9999 -9999 -9999 -9999 4.632E-3 5.63047E-3 4.71069E-3 2.11357E-3 5.73086E-4 6.26125E-4 1.04057E-3 1.19692E-3 1.53118E-3 1.18914E-3 1.30444E-3 5.64095E-3 5.46566E-3 4.96316E-3 1.06675E-2 5.18022E-3 4.29317E-3 2.35333E-3 5.48836E-4 1.12034E-4 9.75954E-5 2.92568E-5 8.21784E-6 9.41486E-6 6.16921E-6 5.36235E-6 7.71229E-6 7.24749E-6 7.10982E-6 1.64313E-5 1.16839E-5 2.72099E-5 6.60965E-6 9.29093E-6 2.85573E-5 2.77345E-5 1.90414E-5 2.33865E-5 1.64299E-4 2.89612E-4 9.53389E-5 1.04716E-4 4.50665E-5 1.17767E-4 2.9887E-4 3.8454E-4 1.3719E-4 2.95547E-4 3.27727E-4 2.1683E-4 3.76264E-4 2.41484E-4 2.20093E-4 1.64674E-4 1.42552E-4 1.1185E-4 -9999 -9999 -9999 -9999 -9999 -9999 -9999 -9999 -9999 -9999 -9999 -9999 -9999 -9999
-9999 -9999 -9999 -9999 -9999 -9999 -9999 1.59805E-2 1.3694E-2 1.35991E-2 1.38687E-2 4.10716E-3 -9999 1.12709E-3 1.22086E-3 2.16923E-3 1.88075E-3 3.78982E-3 2.90313E-3 3.90913E-3 4.94788E-3 9.73025E-3 5.47346E-3 2.8451E-3 3.89655E-4 3.20603E-4 9.17669E-5 9.59248E-5 1.04871E-4 1.66146E-5 9.94969E-6 8.23759E-6 1.05952E-5 9.43576E-6 1.54396E-5 5.20867E-6 7.1573E-6 1.80824E-5 8.23202E-6 6.61501E-6 1.52514E-5 2.24476E-5 6.77743E-6 1.29485E-5 2.4961E-5 1.30915E-4 5.31431E-5 6.50983E-5 1.23086E-4 1.54478E-4 1.54867E-4 4.66117E-4 3.74668E-4 2.99089E-4 3.30856E-4 2.57887E-4 2.18289E-4 2.60761E-4 1.21563E-4 7.57387E-5 1.28598E-4 9.13553E-5 6.7611E-5 -9999 -9999 -9999 -9999 -9999 -9999 -9999 -9999 -9999 -9999 -9999 -9999 -9999 -9999
-9999 -9999 -9999 -9999 -9999 -9999 -9999 -9999 1.7797E-2 2.5098E-2 -9999 -9999 -9999 1.68803E-3 -9999 -9999 3.39307E-3 4.8516E-3 3.7382E-3 -9999 -9999 -9999 7.03692E-3 7.32635E-4 2.4375E-4 2.0265E-4 1.01857E-4 1.79964E-4 5.97458E-5 5.03877E-5 8.22393E-6 1.19642E-5 9.31785E-6 1.5147E-5 1.00112E-5 8.13816E-6 4.86012E-6 3.15355E-6 3.70036E-6 6.99593E-6 2.25014E-5 5.98556E-6 5.85822E-6 1.20569E-5 2.74012E-5 3.54169E-5 3.50535E-5 6.6039E-5 3.27178E-4 2.21988E-4 3.12323E-4 4.65085E-4 2.83432E-4 1.81692E-4 2.82532E-4 2.50978E-4 2.52346E-4 -9999 -9999 -9999 1.00757E-4 1.70847E-4 9.60737E-5 -9999 -9999 -9999 -9999 -9999 -9999 -9999 -9999 -9999 -9999 -9999 -9999 -9999 -9999
-9999 -9999 -9999 -9999 -9999 -9999 -9999 -9999 -9999 -9999 -9999 -9999 -9999 -9999 -9999 -9999 -9999 -9999 -9999 -9999 -9999 -9999 2.86424E-3 1.8652E-3 4.98897E-4 1.05633E-3 6.10902E-4 3.03275E-4 1.00148E-4 1.45752E-4 2.96837E-5 9.51983E-5 4.93965E-5 3.8728E-5 8.49226E-6 7.3476E-6 6.57183E-6 3.97087E-6 5.3026E-6 3.30944E-6 4.03726E-6 5.43313E-6 1.29436E-5 7.05787E-6 8.85886E-6 2.43939E-5 2.75184E-5 1.14354E-4 3.79757E-4 2.26769E-4 4.54145E-4 4.21832E-4 2.1771E-4 1.04836E-4 1.27525E-4 2.07072E-4 -9999 -9999 -9999 -9999 1.28143E-4 5.86984E-5 2.93082E-5 -9999 -9999 -9999 -9999 -9999 -9999 -9999 -9999 -9999 -9999 -9999 -9999 -9999 -9999
