ENM/Final_Models/M_0.9_F_q_Set_1_EC/Gustavia_santanderiensis_Choco_avg.asc
ncols         367
nrows         963
xllcorner     -78.6
yllcorner     0.65
cellsize      0.00833333333333323
NODATA_value  -9999
[rows 120 to 149 of 963, columns 201 to 267 of 367]
3.99135E-2 1.58932E-1 1.24766E-1 1.15489E-1 6.08225E-2 5.55454E-2 6.00033E-2 2.71748E-2 4.85929E-2 9.22666E-2 1.05871E-1 4.59389E-2 3.23799E-2 6.59032E-2 6.00698E-2 1.2998E-1 1.32478E-1 1.84359E-1 1.13961E-1 1.49099E-1 1.85114E-1 1.31038E-1 1.93299E-1 2.40674E-1 1.74259E-1 1.54935E-1 2.48823E-1 4.56301E-1 1.67703E-1 5.28329E-2 4.27612E-1 7.84442E-1 6.18119E-1 5.7001E-1 5.6028E-1 5.75826E-1 7.11639E-1 5.45928E-1 6.35835E-1 5.31222E-1 4.94719E-1 4.18929E-1 4.04676E-1 2.70889E-1 3.45202E-1 3.84779E-1 3.17079E-1 2.369E-1 1.46365E-1 1.8014E-1 2.02415E-1 1.49839E-1 1.37117E-1 2.44562E-1 3.08005E-1 2.99558E-1 3.24515E-1 1.79027E-1 2.72771E-1 -9999 -9999 -9999 -9999 -9999 -9999 -9999 4.70641E-1
7.16798E-2 1.77307E-1 9.51835E-2 1.28648E-1 9.51598E-2 5.24674E-2 8.15672E-2 4.51495E-2 3.07259E-2 8.42417E-2 1.07582E-1 1.19317E-1 3.91419E-2 6.14217E-2 7.15488E-2 5.01135E-2 8.80172E-2 5.5119E-2 1.13166E-1 1.07653E-1 1.36875E-1 1.44428E-1 9.83658E-2 1.7796E-1 1.79673E-1 2.74591E-1 1.6353E-1 5.87776E-1 8.16533E-2 5.31014E-2 1.28607E-1 4.8685E-1 6.36284E-1 4.54246E-1 3.70022E-1 4.63946E-1 4.09722E-1 5.75097E-1 5.41527E-1 6.42691E-1 4.14924E-1 3.13807E-1 5.07596E-1 4.1763E-1 3.82786E-1 4.39074E-1 1.79797E-1 1.97559E-1 1.07821E-1 9.16286E-2 1.57572E-1 6.15051E-2 1.424E-1 1.23583E-1 3.03758E-1 2.45088E-1 3.4368E-1 3.01047E-1 2.13301E-1 1.44921E-1 -9999 -9999 -9999 -9999 -9999 -9999 5.73768E-1
9.03018E-2 7.46375E-2 6.07787E-2 6.31399E-2 1.19697E-1 2.35561E-2 4.88905E-2 7.07496E-2 3.89487E-2 3.53818E-2 5.19306E-2 7.0409E-2 4.92778E-2 2.70699E-2 5.64828E-2 8.16347E-2 7.00688E-2 7.21933E-2 8.56447E-2 6.33111E-2 1.30262E-1 1.97111E-1 1.39872E-1 2.82547E-1 1.98417E-1 1.83832E-1 1.4216E-1 3.60859E-1 4.28531E-1 2.41835E-1 2.90221E-1 8.00912E-1 6.21631E-1 4.67452E-1 3.13353E-1 2.8237E-1 4.11062E-1 5.21196E-1 4.22097E-1 4.69024E-1 3.20185E-1 6.22042E-1 5.54217E-1 4.77513E-1 4.37003E-1 2.88229E-1 1.32785E-1 1.97646E-1 1.87936E-1 1.4578E-1 2.82577E-1 1.4129E-1 1.00056E-2 1.89641E-1 1.66397E-1 4.60216E-1 2.62968E-1 2.96599E-1 1.95384E-1 7.82053E-2 -9999 -9999 -9999 -9999 -9999 -9999 5.96997E-1
9.11082E-2 1.14315E-1 3.74657E-2 4.848E-2 5.45345E-2 2.34698E-2 6.98096E-2 7.19387E-2 8.6936E-2 4.9317E-2 6.67496E-2 6.32453E-2 3.23652E-2 3.38846E-2 6.20261E-2 1.59696E-1 8.73407E-2 5.8846E-2 5.15591E-2 6.4677E-2 1.94727E-1 3.19628E-1 1.4879E-1 2.08359E-1 1.75242E-1 1.86732E-1 1.36464E-1 3.43318E-1 5.09008E-1 4.58815E-1 5.61755E-1 5.96862E-1 4.55266E-1 5.66238E-1 5.61804E-1 2.42929E-1 3.0363E-1 4.31613E-1 4.61747E-1 5.15568E-1 3.97729E-1 6.92572E-1 4.89927E-1 4.3222E-1 4.24895E-1 1.10847E-1 7.90427E-2 1.8885E-1 2.53943E-1 2.64812E-1 2.90536E-1 1.0363E-1 2.6359E-2 2.72187E-1 2.79295E-1 3.61575E-1 4.03169E-1 2.08767E-1 2.48819E-1 9.57773E-2 7.62295E-2 -9999 -9999 -9999 -9999 -9999 5.40393E-1
7.19405E-2 9.1533E-2 8.3482E-2 3.69423E-2 5.76187E-2 4.76017E-2 3.1326E-2 8.9791E-2 4.09275E-2 5.88155E-2 4.15603E-2 7.83177E-2 4.48839E-2 1.00555E-1 1.08275E-1 1.08934E-1 6.79173E-2 7.97914E-2 6.74778E-2 1.5835E-1 1.85999E-1 1.87504E-1 8.09582E-2 1.23536E-1 2.45782E-1 2.51519E-1 2.48506E-1 2.24392E-1 3.3178E-1 2.4141E-1 2.8121E-1 4.19799E-1 7.13289E-1 5.50999E-1 5.36396E-1 2.354E-1 1.69028E-1 1.83386E-1 2.90033E-1 5.75314E-1 4.90457E-1 4.58523E-1 4.15221E-1 3.15298E-1 3.82272E-1 1.40681E-1 8.70594E-2 1.49711E-1 1.41452E-1 1.49824E-1 7.68902E-2 2.45541E-2 2.998E-2 1.02176E-1 1.93624E-1 3.46791E-1 5.96171E-1 2.64951E-1 2.70686E-1 2.85652E-1 3.34025E-1 -9999 -9999 -9999 -9999 -9999 4.95866E-1
5.3305E-2 1.48344E-1 3.36568E-2 5.56316E-2 4.73519E-2 2.87952E-2 5.84407E-2 3.44846E-2 4.58398E-2 1.3971E-2 5.04058E-2 6.06564E-2 1.18234E-1 1.19873E-1 1.11122E-1 2.03795E-1 4.20393E-2 4.76807E-2 3.85291E-2 1.07094E-1 1.76382E-1 1.42659E-1 1.09682E-1 1.17328E-1 2.34353E-1 3.64172E-1 2.50375E-1 2.97238E-1 2.59158E-1 2.17067E-1 2.53458E-1 5.16096E-1 5.7181E-1 6.0306E-1 7.76945E-1 4.11773E-1 2.89197E-1 1.99032E-1 3.51717E-1 4.69928E-1 5.05035E-1 4.64295E-1 2.83565E-1 3.13168E-1 3.71958E-1 4.22414E-1 7.81399E-2 5.98922E-2 9.29542E-2 6.54426E-2 2.25221E-1 7.87102E-2 2.74566E-1 4.50493E-2 3.44448E-1 7.01115E-1 3.76552E-1 4.05611E-1 3.59935E-1 2.09698E-1 2.44767E-1 2.55722E-1 -9999 -9999 -9999 -9999 5.77557E-1
8.65937E-2 1.07768E-1 4.4212E-2 5.80618E-2 4.85272E-2 2.62165E-2 7.69487E-2 7.13922E-2 6.17224E-2 1.2059E-1 9.78822E-2 1.10496E-1 2.6249E-1 2.18519E-1 2.3514E-1 2.07089E-1 5.30667E-2 6.97014E-2 5.26903E-2 4.98843E-2 1.83787E-1 1.75077E-1 1.32306E-1 1.44349E-1 1.76125E-1 1.62269E-1 1.7273E-1 1.89824E-1 2.0806E-1 5.121E-1 5.30474E-1 6.84182E-1 6.01643E-1 6.95688E-1 7.84531E-1 4.52188E-1 3.82248E-1 2.31831E-1 2.65887E-1 4.23517E-1 4.26249E-1 2.48629E-1 2.37565E-1 2.66668E-1 5.1318E-1 2.20346E-1 1.10293E-1 2.11772E-1 1.36572E-1 1.85534E-1 1.44002E-1 3.58547E-1 2.0052E-1 2.30671E-1 4.58511E-1 5.6735E-1 2.26005E-1 2.375E-1 3.92836E-1 2.7679E-1 3.66965E-1 3.93029E-1 -9999 -9999 -9999 6.47623E-1 5.94379E-1
2.97599E-1 1.80372E-1 9.38662E-2 6.51878E-2 5.38809E-2 5.23315E-2 5.60651E-2 8.96925E-2 6.16543E-2 1.24303E-1 2.09383E-1 1.50078E-1 2.2875E-1 2.04294E-1 3.14821E-1 2.56195E-1 1.55683E-1 2.13155E-1 7.24361E-2 3.15177E-2 1.41143E-1 1.74302E-1 2.13754E-1 1.72188E-1 1.76585E-1 2.08614E-1 1.21315E-1 1.28842E-1 1.64774E-1 3.40666E-1 3.80831E-1 6.64618E-1 4.57344E-1 7.85189E-1 8.74039E-1 5.0311E-1 4.4097E-1 3.21107E-1 2.05071E-1 2.03051E-1 2.95595E-1 4.39499E-1 4.51502E-1 2.85596E-1 2.91952E-1 3.7168E-1 2.51218E-1 1.76142E-1 1.97626E-1 2.43285E-1 1.36271E-1 2.48879E-1 1.70148E-1 2.38152E-1 4.20181E-1 5.88291E-1 5.48521E-1 4.62636E-1 2.9803E-1 2.1235E-1 2.18406E-1 2.93956E-1 2.53503E-1 -9999 -9999 5.50017E-1 5.04073E-1
2.14434E-1 1.50316E-1 7.93931E-2 4.95284E-2 6.46695E-2 6.07872E-2 4.59863E-2 9.68785E-2 1.02192E-1 1.35558E-1 1.28192E-1 1.46188E-1 1.47629E-1 1.67386E-1 1.06327E-1 4.06311E-1 2.28518E-1 1.49388E-1 1.01894E-1 5.61138E-2 8.33779E-2 1.86325E-1 1.19049E-1 1.90121E-1 1.17022E-1 1.6435E-1 1.18576E-1 1.43482E-1 1.57358E-1 2.82516E-1 2.47672E-1 3.08039E-1 7.4195E-1 7.68366E-1 8.56677E-1 6.45567E-1 4.1106E-1 3.36314E-1 2.36715E-1 2.12282E-1 3.09064E-1 2.86076E-1 3.40882E-1 2.77034E-1 3.94105E-1 4.32168E-1 1.01844E-1 1.88897E-1 2.05269E-1 8.48512E-2 1.27822E-1 2.21778E-1 1.51877E-1 3.06772E-1 3.32821E-1 4.93812E-1 5.44171E-1 5.5797E-1 5.4149E-1 3.3827E-1 2.10601E-1 2.96553E-1 2.30934E-1 -9999 -9999 3.1578E-1 4.01114E-1
1.59601E-1 2.69802E-1 1.77841E-1 9.40083E-2 9.16782E-2 7.27904E-2 9.03114E-2 9.93147E-2 1.17017E-1 1.20245E-1 3.02004E-1 2.54641E-1 1.64418E-1 2.83595E-1 2.63361E-1 2.18353E-1 2.1207E-1 3.03425E-1 2.16248E-1 9.5024E-2 9.19045E-2 1.07358E-1 1.93248E-1 1.17296E-1 1.14449E-1 1.28442E-1 1.77647E-1 2.57919E-1 2.60318E-1 3.22261E-1 4.39462E-1 4.53155E-1 5.01301E-1 4.54193E-1 8.18302E-1 4.70465E-1 5.49787E-1 5.85235E-1 2.75468E-1 3.12209E-1 2.0818E-1 2.43065E-1 3.85163E-1 3.26291E-1 5.53408E-1 4.95269E-1 1.74393E-1 1.61602E-1 1.66587E-1 2.26711E-1 2.6539E-1 1.61992E-1 3.85871E-1 2.42892E-1 2.54721E-1 3.54496E-1 4.48376E-1 4.00343E-1 3.2637E-1 4.69314E-1 4.91657E-1 3.17102E-1 2.93903E-1 -9999 -9999 2.88947E-1 3.33728E-1
1.52754E-1 2.15779E-1 4.57613E-2 1.94355E-1 7.54761E-2 1.06294E-1 5.99734E-2 2.73148E-1 2.69745E-1 3.42558E-1 2.94516E-1 1.99757E-1 1.66229E-1 3.05654E-1 2.09512E-1 2.54898E-1 2.10494E-1 2.42107E-1 1.91931E-1 1.34321E-1 2.19515E-1 1.228E-1 1.07534E-1 6.67762E-2 6.49794E-2 6.9773E-2 1.30964E-1 2.38883E-1 4.26078E-1 4.40168E-1 2.40162E-1 4.21393E-1 4.82713E-1 6.97465E-1 8.55235E-1 6.20151E-1 5.20516E-1 5.07308E-1 3.47976E-1 2.6699E-1 3.85449E-1 3.99194E-1 3.8592E-1 2.96152E-1 4.83591E-1 3.72142E-1 1.60165E-1 9.22971E-2 9.95918E-2 5.59728E-2 6.3645E-2 6.94145E-2 4.07946E-1 4.77789E-1 2.28479E-1 1.85522E-1 2.25393E-1 4.30877E-1 4.28433E-1 5.29596E-1 4.27017E-1 4.30744E-1 3.73725E-1 2.29155E-1 -9999 2.1631E-1 2.81088E-1
2.3026E-1 1.90702E-1 1.5358E-1 7.84398E-2 2.26013E-1 2.18969E-1 7.0461E-2 1.19476E-1 7.42021E-2 2.31727E-1 1.51117E-1 2.62052E-1 2.41953E-1 1.57423E-1 1.53725E-1 2.46697E-1 1.87949E-1 1.24702E-1 1.47616E-1 2.1277E-1 2.1478E-1 9.31234E-2 2.0267E-1 1.6312E-1 1.60565E-1 6.01319E-2 6.77273E-2 1.65313E-1 3.16804E-1 5.1281E-1 3.90658E-1 3.70551E-1 7.15367E-1 7.46948E-1 6.40911E-1 7.45794E-1 8.38201E-1 6.17804E-1 4.03003E-1 2.67861E-1 2.25345E-1 3.06446E-1 4.45758E-1 4.38902E-1 5.31114E-1 4.2007E-1 3.25974E-1 8.23806E-2 1.29183E-1 1.2529E-1 7.36411E-2 1.3139E-1 2.48633E-1 2.3241E-1 3.24431E-1 2.30761E-1 2.27401E-1 1.61587E-1 3.80608E-1 4.55406E-1 4.06305E-1 3.28663E-1 3.22619E-1 3.66748E-1 -9999 -9999 4.17359E-1
2.80357E-1 1.3754E-1 3.31332E-1 3.50204E-1 3.14019E-1 2.1072E-1 1.7636E-1 2.45861E-1 2.03485E-1 1.39718E-1 1.33207E-1 2.34729E-1 2.4069E-1 1.17847E-1 1.25745E-1 1.00888E-1 1.58846E-1 1.00524E-1 9.93558E-2 8.99096E-2 1.36952E-1 1.4218E-1 2.3736E-1 1.25601E-1 1.91481E-1 1.62907E-1 2.45513E-1 6.34893E-1 6.3245E-1 5.8967E-1 4.34586E-1 4.55767E-1 6.59636E-1 7.69755E-1 8.82143E-1 6.11985E-1 6.34779E-1 5.55421E-1 5.28828E-1 4.99324E-1 5.179E-1 5.58287E-1 5.57262E-1 5.95775E-1 7.06662E-1 6.82151E-1 2.74162E-1 1.67691E-1 6.46752E-2 1.31902E-1 1.92813E-1 2.65091E-1 2.96143E-1 3.1304E-1 2.8603E-1 5.82615E-1 3.41665E-1 2.90362E-1 1.38777E-1 2.51797E-1 2.87864E-1 4.7293E-1 5.35361E-1 4.35117E-1 4.99994E-1 -9999 4.59585E-1
1.65557E-1 8.0993E-2 1.61845E-1 9.07821E-2 9.56736E-2 1.58666E-1 1.36167E-1 1.80226E-1 1.52132E-1 1.78319E-1 3.30467E-1 3.00612E-1 2.38208E-1 2.79641E-1 2.97057E-1 1.34005E-1 1.7964E-1 1.81024E-1 1.69006E-1 1.51641E-1 1.5407E-1 1.43984E-1 1.73722E-1 2.35039E-1 2.94258E-1 2.282E-1 4.17204E-1 7.21892E-1 5.76553E-1 6.38416E-1 6.03248E-1 6.26321E-1 9.22836E-1 8.63692E-1 7.7426E-1 6.61029E-1 7.56713E-1 7.21859E-1 6.70027E-1 6.49849E-1 7.36088E-1 7.75413E-1 5.01496E-1 5.98624E-1 5.8535E-1 7.00171E-1 4.79101E-1 2.55627E-1 1.17788E-1 6.16395E-2 1.49446E-1 1.70121E-1 1.72856E-1 1.91513E-1 3.33169E-1 3.02255E-1 4.93208E-1 4.78254E-1 4.12113E-1 2.12922E-1 2.2735E-1 2.82572E-1 6.26675E-1 6.07542E-1 5.10026E-1 -9999 -9999
2.00105E-1 1.23687E-1 9.76335E-2 2.60907E-1 1.10981E-1 1.49067E-1 2.23231E-1 1.99189E-1 1.42862E-1 2.10273E-1 1.5916E-1 1.37217E-1 1.20673E-1 2.81442E-1 3.18826E-1 1.11207E-1 2.69282E-1 2.43641E-1 2.15117E-1 1.91341E-1 1.93127E-1 2.05595E-1 1.35184E-1 2.762E-1 2.69831E-1 3.09725E-1 2.40679E-1 4.81499E-1 6.02618E-1 4.91817E-1 8.32991E-1 6.99573E-1 9.45724E-1 9.31819E-1 8.9816E-1 7.39238E-1 8.79112E-1 8.12849E-1 7.54683E-1 6.93384E-1 9.08953E-1 8.55127E-1 5.92603E-1 8.08874E-1 8.73283E-1 8.32912E-1 6.30411E-1 1.6425E-1 1.35493E-1 6.59811E-2 5.77304E-2 7.12742E-2 1.21283E-1 1.27106E-1 4.04656E-1 1.67196E-1 4.33706E-1 4.85594E-1 5.77831E-1 2.33688E-1 2.22942E-1 2.49759E-1 5.55931E-1 5.67257E-1 6.93637E-1 -9999 -9999
2.2393E-1 1.59651E-1 1.56354E-1 1.74745E-1 7.15459E-2 1.12428E-1 2.48402E-1 2.94259E-1 1.62591E-1 2.18964E-1 1.87717E-1 2.43107E-1 5.34719E-1 5.80323E-1 6.67045E-1 3.54124E-1 1.54928E-1 2.67891E-1 2.24065E-1 1.69536E-1 1.50433E-1 1.49975E-1 1.56846E-1 1.64148E-1 2.2269E-1 2.2044E-1 2.2023E-1 3.93436E-1 6.03795E-1 7.28157E-1 8.51519E-1 7.98367E-1 8.98343E-1 9.28758E-1 8.33849E-1 6.46495E-1 8.62292E-1 6.74533E-1 7.27509E-1 8.65336E-1 6.30467E-1 9.4177E-1 7.22089E-1 4.85519E-1 5.53311E-1 6.31244E-1 6.06468E-1 1.76162E-1 1.23266E-1 5.1807E-2 5.33932E-2 2.91795E-2 3.09718E-2 4.33937E-2 1.18962E-1 1.9928E-1 4.20893E-1 4.72874E-1 5.28734E-1 4.97159E-1 2.95901E-1 2.77792E-1 4.98855E-1 5.88905E-1 7.4152E-1 6.41726E-1 -9999
3.47311E-1 3.37517E-1 2.92426E-1 2.48441E-1 1.93517E-1 2.72226E-1 3.00093E-1 5.48061E-1 5.80847E-1 2.84469E-1 1.94005E-1 2.91611E-1 6.87813E-1 6.37529E-1 7.13031E-1 3.73391E-1 1.3487E-1 1.75571E-1 2.58491E-1 2.21673E-1 1.37144E-1 8.24801E-2 9.30691E-2 1.51697E-1 2.60886E-1 2.52218E-1 4.05398E-1 4.60614E-1 6.57376E-1 5.50278E-1 6.64284E-1 6.94512E-1 7.04245E-1 8.27129E-1 8.27764E-1 8.3156E-1 8.22478E-1 6.81432E-1 6.34934E-1 4.25319E-1 1.82049E-1 2.77083E-1 5.11294E-1 5.41115E-1 4.06773E-1 5.51017E-1 5.66699E-1 4.73259E-1 1.93407E-1 8.83511E-2 6.17634E-2 3.26795E-2 2.85016E-2 2.77774E-2 1.73549E-2 4.58204E-2 3.09493E-1 2.44299E-1 2.0688E-1 5.07712E-1 5.0392E-1 3.23107E-1 6.06059E-1 6.63934E-1 5.93982E-1 3.59987E-1 3.74403E-1
2.92967E-1 1.1157E-1 5.37985E-1 5.09874E-1 3.18474E-1 6.3028E-1 6.28636E-1 5.95598E-1 6.5292E-1 4.52809E-1 5.46621E-1 5.08331E-1 6.94844E-1 7.2226E-1 8.54514E-1 7.49203E-1 3.96757E-1 1.76016E-1 3.54561E-1 4.16429E-1 2.18258E-1 1.64211E-1 2.88993E-1 2.4349E-1 3.14083E-1 3.47132E-1 3.89666E-1 4.14513E-1 5.85117E-1 6.82118E-1 5.80536E-1 5.88376E-1 7.07177E-1 8.96811E-1 5.05842E-1 6.29681E-1 7.29962E-1 6.55463E-1 7.83815E-1 3.07488E-1 1.23129E-1 2.24129E-1 3.28999E-1 3.18895E-1 3.11372E-1 2.65095E-1 5.57297E-1 5.25273E-1 3.6213E-1 2.17353E-1 1.38978E-1 8.07327E-2 3.60444E-2 3.22298E-2 3.2548E-2 2.29157E-2 2.03301E-1 2.35782E-1 1.82116E-1 4.17201E-1 5.23913E-1 3.62041E-1 5.15104E-1 5.23795E-1 5.03032E-1 6.31529E-1 6.38304E-1
3.56943E-1 2.89815E-1 4.77258E-1 9.22594E-1 6.3283E-1 3.68834E-1 3.08929E-1 7.31615E-1 7.66367E-1 8.94733E-1 8.59835E-1 8.04664E-1 8.1134E-1 8.97596E-1 7.87404E-1 8.35564E-1 3.94201E-1 4.13184E-1 3.16365E-1 2.76189E-1 3.82094E-1 5.62468E-1 5.4661E-1 6.04642E-1 5.19767E-1 3.82297E-1 4.119E-1 2.69371E-1 3.06809E-1 5.05232E-1 6.16768E-1 5.46436E-1 6.04553E-1 5.88056E-1 4.15593E-1 7.5953E-1 7.35261E-1 8.32687E-1 7.13504E-1 3.98177E-1 1.34189E-1 1.66762E-1 1.95394E-1 3.1374E-1 2.82618E-1 1.53601E-1 1.59191E-1 3.60521E-1 7.92503E-1 4.02261E-1 1.77265E-1 1.30863E-1 4.94433E-2 2.61427E-2 2.92666E-2 1.11516E-1 9.65058E-2 7.38606E-2 8.76342E-2 2.6103E-1 3.11842E-1 6.08642E-1 5.84688E-1 6.50832E-1 5.18149E-1 5.90111E-1 6.42385E-1
1.42298E-1 1.48451E-1 4.03574E-1 6.85958E-1 5.43295E-1 3.68023E-1 3.00667E-1 6.40594E-1 8.6196E-1 6.83771E-1 8.98273E-1 8.4716E-1 8.11794E-1 8.52956E-1 7.50275E-1 7.84164E-1 4.97356E-1 3.52406E-1 4.27347E-1 2.55037E-1 2.84951E-1 5.40598E-1 5.99923E-1 5.42922E-1 5.95782E-1 5.82137E-1 5.14844E-1 3.68303E-1 4.21751E-1 2.26463E-1 3.03877E-1 5.41639E-1 5.54948E-1 5.56032E-1 6.17802E-1 4.60837E-1 5.64962E-1 3.68183E-1 7.11946E-1 8.73939E-1 6.94568E-1 5.57481E-1 7.04438E-1 3.57649E-1 3.34508E-1 2.44501E-1 2.91058E-1 3.69856E-1 7.45025E-1 5.69005E-1 2.03047E-1 9.59534E-2 7.67183E-2 2.72361E-2 3.25593E-2 2.89378E-2 1.00198E-1 1.33641E-1 2.1507E-1 2.95701E-1 5.74173E-1 6.19077E-1 5.00497E-1 5.63028E-1 6.54858E-1 6.61587E-1 5.5802E-1
3.39166E-1 2.63158E-1 3.51696E-1 6.26631E-1 4.57219E-1 7.51351E-1 8.37261E-1 7.16915E-1 9.82946E-1 5.33959E-1 7.52841E-1 8.74805E-1 8.41455E-1 6.95399E-1 9.21299E-1 6.13067E-1 5.83486E-1 4.9168E-1 2.85939E-1 4.92073E-1 3.45245E-1 3.39391E-1 6.30883E-1 6.33428E-1 7.98031E-1 6.65403E-1 6.27274E-1 3.61828E-1 2.96834E-1 3.47631E-1 2.66593E-1 5.46569E-1 7.03352E-1 5.80611E-1 3.83058E-1 3.67488E-1 4.01631E-1 3.14032E-1 7.24902E-1 8.20632E-1 9.06798E-1 7.98578E-1 8.44957E-1 4.81938E-1 3.39938E-1 3.12789E-1 2.96736E-1 1.90124E-1 2.77275E-1 4.8624E-1 1.58257E-1 4.91958E-2 3.49491E-2 4.02426E-2 5.11961E-2 5.6586E-2 1.04555E-1 1.63033E-1 1.90715E-1 2.33099E-1 5.74627E-1 4.80578E-1 4.24747E-1 5.68066E-1 6.46019E-1 5.73916E-1 6.46343E-1
3.43002E-1 5.85607E-1 6.35476E-1 8.48268E-1 5.99699E-1 8.4109E-1 5.77049E-1 7.07648E-1 7.14975E-1 5.94765E-1 5.90288E-1 8.5856E-1 5.695E-1 8.39758E-1 8.74018E-1 7.57248E-1 8.07581E-1 6.57585E-1 7.4877E-1 7.63472E-1 6.95239E-1 6.13407E-1 5.58074E-1 6.53492E-1 8.00167E-1 6.78449E-1 6.71322E-1 5.19158E-1 2.67846E-1 3.44325E-1 5.34465E-1 5.43675E-1 5.25665E-1 5.04633E-1 4.09327E-1 3.94884E-1 4.72934E-1 2.88596E-1 7.48122E-1 7.71267E-1 8.2973E-1 8.91563E-1 8.13853E-1 6.24568E-1 3.8201E-1 2.92703E-1 2.71215E-1 2.56816E-1 1.85629E-1 3.82517E-1 1.4894E-1 8.11101E-2 6.2637E-2 6.06999E-2 4.5739E-2 2.9901E-2 9.58795E-2 1.41499E-1 1.54564E-1 2.12633E-1 4.60777E-1 4.88412E-1 4.26166E-1 6.01913E-1 6.33181E-1 6.87115E-1 6.7594E-1
7.58882E-1 7.74465E-1 7.79422E-1 8.56057E-1 7.72257E-1 5.40964E-1 6.29093E-1 5.76216E-1 6.62194E-1 8.53176E-1 7.15479E-1 7.42979E-1 6.28078E-1 7.40233E-1 7.37362E-1 7.19038E-1 6.93906E-1 7.13725E-1 8.42762E-1 8.83907E-1 8.26845E-1 7.67468E-1 8.06915E-1 8.53368E-1 6.98515E-1 7.31845E-1 7.66849E-1 5.83553E-1 3.87939E-1 4.1881E-1 6.15359E-1 3.99094E-1 1.89583E-1 1.91865E-1 4.31554E-1 3.63371E-1 4.26632E-1 3.66944E-1 6.08819E-1 5.36034E-1 8.14403E-1 7.59855E-1 7.50709E-1 7.78907E-1 8.84909E-1 7.26447E-1 4.79727E-1 4.45855E-1 2.98411E-1 4.64998E-1 2.35586E-1 1.96769E-1 1.37405E-1 7.82759E-2 9.84833E-3 1.0887E-2 3.36198E-2 3.9976E-2 7.88919E-2 2.98456E-1 4.42171E-1 4.57152E-1 4.68159E-1 5.99538E-1 7.06513E-1 7.09085E-1 6.69854E-1
8.19322E-1 8.11802E-1 7.4378E-1 8.08419E-1 8.11071E-1 8.28621E-1 9.0946E-1 7.03023E-1 9.2008E-1 9.60915E-1 9.29191E-1 7.35311E-1 7.08258E-1 6.11508E-1 6.30348E-1 8.41267E-1 7.02993E-1 6.81017E-1 7.80149E-1 8.59232E-1 9.18712E-1 8.05126E-1 6.07171E-1 5.40916E-1 4.42793E-1 5.60691E-1 7.662E-1 4.63717E-1 3.93949E-1 4.20863E-1 5.55954E-1 3.49087E-1 1.16718E-1 1.60252E-1 2.57083E-1 2.0573E-1 2.5601E-1 5.41535E-1 5.79223E-1 5.47821E-1 4.60422E-1 4.01599E-1 5.21101E-1 8.16779E-1 9.08941E-1 7.88985E-1 6.26749E-1 4.79394E-1 3.22242E-1 4.73495E-1 2.60422E-1 1.28313E-1 1.28937E-1 1.21734E-1 7.83515E-2 2.24229E-2 4.48456E-2 3.34421E-2 6.33106E-2 3.60841E-1 5.01365E-1 3.5056E-1 3.24449E-1 4.87522E-1 5.60991E-1 7.3863E-1 7.27726E-1
9.49811E-1 9.14846E-1 8.91588E-1 9.51737E-1 8.34619E-1 6.91039E-1 5.2224E-1 4.44243E-1 7.17453E-1 7.64165E-1 8.44511E-1 6.39953E-1 6.93151E-1 6.2176E-1 8.07531E-1 8.29698E-1 7.81595E-1 6.23462E-1 5.1592E-1 5.69205E-1 4.87451E-1 7.8414E-1 7.15549E-1 3.75867E-1 3.62422E-1 5.69113E-1 5.88585E-1 4.94033E-1 4.268E-1 2.96439E-1 3.11869E-1 2.47062E-1 1.75724E-1 1.69157E-1 2.59843E-1 2.50992E-1 6.16263E-1 1.9215E-1 2.43286E-1 4.28283E-1 2.76094E-1 3.35442E-1 4.10239E-1 7.21631E-1 7.61833E-1 6.01571E-1 5.49388E-1 5.93362E-1 3.67673E-1 2.99187E-1 4.58899E-2 1.24903E-1 1.73752E-1 1.58277E-1 5.1667E-2 5.34314E-2 3.92947E-2 1.76547E-2 2.01555E-2 1.78616E-1 4.16154E-1 2.43127E-1 3.52994E-1 4.16627E-1 5.12827E-1 6.31501E-1 7.78114E-1
7.68108E-1 7.96729E-1 6.80715E-1 9.06789E-1 8.20302E-1 8.50615E-1 7.55882E-1 4.33008E-1 7.26272E-1 7.02433E-1 6.67997E-1 4.71715E-1 5.98187E-1 8.15344E-1 5.40396E-1 8.54136E-1 8.31046E-1 4.61745E-1 4.56378E-1 7.0239E-1 5.58376E-1 5.39238E-1 6.25086E-1 5.86092E-1 4.19727E-1 6.63242E-1 6.85668E-1 4.50872E-1 4.95043E-1 4.40471E-1 2.42892E-1 2.94227E-1 2.66857E-1 4.60915E-1 3.87433E-1 4.68134E-1 5.28178E-1 4.10799E-1 3.25485E-1 1.45642E-1 1.84892E-1 4.6484E-1 5.48969E-1 8.85156E-1 9.14492E-1 4.90626E-1 3.78312E-1 4.38099E-1 6.13344E-1 6.12692E-1 1.65612E-1 9.86055E-2 1.39496E-1 1.06046E-1 9.34863E-2 2.49065E-2 1.16836E-2 1.05155E-2 3.47446E-3 6.89666E-3 3.0358E-1 3.27157E-1 4.62637E-1 6.39983E-1 6.97149E-1 7.15917E-1 6.90859E-1
7.11499E-1 6.6485E-1 6.27982E-1 6.06667E-1 5.65131E-1 7.80018E-1 6.90007E-1 5.27449E-1 3.59821E-1 2.49392E-1 3.35548E-1 4.33047E-1 6.55563E-1 6.20036E-1 6.60616E-1 4.05941E-1 4.84827E-1 3.45904E-1 5.51682E-1 7.3553E-1 7.56773E-1 5.6093E-1 4.0439E-1 4.35572E-1 5.35653E-1 4.56507E-1 7.02181E-1 6.06545E-1 5.38695E-1 3.65313E-1 4.51475E-1 4.3441E-1 5.99575E-1 6.01767E-1 5.53169E-1 5.52951E-1 3.56888E-1 2.94667E-1 3.5734E-1 4.66301E-1 2.55885E-1 5.23519E-1 5.99226E-1 8.46151E-1 9.62258E-1 8.53369E-1 7.14518E-1 3.83069E-1 5.51829E-1 7.98226E-1 2.52435E-1 1.00224E-1 8.0118E-2 1.27272E-1 5.07671E-2 4.63851E-2 4.41413E-2 2.34065E-2 2.1916E-2 1.23856E-2 9.69727E-2 3.01022E-1 4.06966E-1 6.1847E-1 6.32138E-1 6.45313E-1 5.83304E-1
7.97412E-1 6.57642E-1 7.58668E-1 2.98171E-1 6.09722E-1 8.25293E-1 5.76949E-1 6.3843E-1 4.22111E-1 2.55575E-1 1.38763E-1 3.13154E-1 8.42471E-1 4.2385E-1 6.9944E-1 4.56968E-1 2.34296E-1 4.21596E-1 3.24939E-1 4.41308E-1 7.03724E-1 6.3191E-1 4.76093E-1 6.55938E-1 6.7385E-1 3.11968E-1 5.23563E-1 6.2494E-1 4.53481E-1 4.38351E-1 4.86784E-1 6.19925E-1 6.15998E-1 5.82532E-1 7.36512E-1 4.24365E-1 5.72541E-1 3.1354E-1 3.98409E-1 3.39614E-1 3.41731E-1 2.5466E-1 4.54277E-1 7.64706E-1 9.32414E-1 8.83391E-1 8.87287E-1 5.89519E-1 6.64058E-1 8.52206E-1 3.59299E-1 1.27786E-1 1.2413E-1 9.62137E-2 3.84375E-2 6.32535E-2 7.02723E-2 5.66567E-2 4.1268E-2 1.77729E-2 2.08961E-2 3.44396E-1 3.84875E-1 4.45717E-1 4.59077E-1 4.80772E-1 4.66238E-1
7.77184E-1 4.91589E-1 7.02789E-1 5.47489E-1 4.35032E-1 6.55011E-1 3.2538E-1 7.69672E-1 7.7265E-1 3.13845E-1 2.00424E-1 1.18198E-1 5.84132E-1 5.80614E-1 5.4923E-1 3.57224E-1 2.24313E-1 3.89372E-1 2.95518E-1 3.94562E-1 5.49803E-1 6.0384E-1 5.28493E-1 6.18588E-1 6.92444E-1 5.5463E-1 4.34704E-1 4.9136E-1 5.59669E-1 6.01531E-1 3.76451E-1 4.23385E-1 5.78077E-1 6.24943E-1 6.7275E-1 6.4415E-1 5.39602E-1 4.19435E-1 5.13722E-1 5.64734E-1 6.51906E-1 3.47184E-1 3.41958E-1 8.45741E-1 9.2153E-1 9.16308E-1 8.37882E-1 5.41739E-1 4.13619E-1 6.73404E-1 6.11321E-1 2.97483E-1 2.36046E-1 1.86688E-1 9.14927E-2 5.83376E-2 7.76998E-2 4.36448E-2 3.94032E-2 2.01191E-2 1.16573E-2 2.71221E-1 2.59713E-1 4.23792E-1 4.84914E-1 4.00678E-1 4.33339E-1
5.85965E-1 3.37998E-1 4.54041E-1 6.33335E-1 5.41546E-1 4.46704E-1 3.85213E-1 4.72387E-1 3.14144E-1 3.86676E-1 6.40558E-1 2.03668E-1 1.64829E-1 2.72739E-1 3.25318E-1 2.95535E-1 2.97297E-1 2.75449E-1 3.04619E-1 3.76498E-1 5.78306E-1 6.1437E-1 7.09619E-1 6.20405E-1 5.54209E-1 4.33471E-1 5.07901E-1 5.1516E-1 3.37422E-1 3.99558E-1 4.11158E-1 2.55659E-1 2.89426E-1 4.59055E-1 5.68683E-1 3.29134E-1 6.0009E-1 3.5791E-1 5.7416E-1 5.19453E-1 3.82184E-1 4.95342E-1 7.49968E-1 8.3831E-1 8.40328E-1 8.73127E-1 7.97261E-1 5.62181E-1 3.65552E-1 5.25376E-1 7.12733E-1 4.77462E-1 3.49933E-1 1.91737E-1 1.13106E-1 5.18552E-2 2.51653E-2 1.72736E-2 4.84425E-2 7.27335E-2 2.56436E-2 4.28798E-2 3.83581E-1 4.7748E-1 3.6381E-1 3.57614E-1 3.3837E-1
