ENM/Final_Models/M_0.9_F_q_Set_1_EC/Gustavia_santanderiensis_7_Choco.asc
ncols         367
nrows         963
xllcorner     -78.6
yllcorner     0.65
cellsize      0.00833333333333323
NODATA_value  -9999
[rows 480 to 511 of 963, columns 142 to 212 of 367]
-9999 -9999 -9999 -9999 -9999 -9999 -9999 -9999 -9999 -9999 -9999 -9999 -9999 -9999 -9999 -9999 -9999 -9999 -9999 9.9581E-1 9.9724E-1 9.9987E-1 9.9997E-1 -9999 9.99989E-1 1E0 9.99999E-1 1E0 9.99999E-1 9.99969E-1 1E0 1E0 1E0 9.99992E-1 9.99998E-1 1E0 9.99997E-1 1E0 1E0 1E0 9.99998E-1 9.99998E-1 9.99999E-1 9.99998E-1 1E0 1E0 1E0 1E0 1E0 1E0 1E0 9.99999E-1 1E0 1E0 1E0 1E0 1E0 1E0 1E0 9.99999E-1 1E0 1E0 1E0 1E0 1E0 1E0 1E0 1E0 1E0 1E0 1E0
-9999 -9999 -9999 -9999 -9999 -9999 -9999 -9999 -9999 -9999 -9999 -9999 -9999 -9999 -9999 -9999 -9999 -9999 -9999 9.94707E-1 9.99584E-1 9.99923E-1 9.99995E-1 9.99999E-1 9.9968E-1 1E0 9.99999E-1 9.99986E-1 9.9985E-1 9.99552E-1 9.97105E-1 9.97325E-1 9.99767E-1 9.99809E-1 9.99913E-1 9.99993E-1 9.99992E-1 9.99982E-1 9.99999E-1 9.99991E-1 9.99937E-1 9.99998E-1 1E0 1E0 1E0 1E0 1E0 9.99999E-1 1E0 1E0 1E0 1E0 9.99998E-1 1E0 1E0 1E0 9.99999E-1 1E0 1E0 1E0 1E0 1E0 1E0 1E0 1E0 9.99995E-1 1E0 1E0 1E0 1E0 1E0
-9999 -9999 -9999 -9999 -9999 -9999 -9999 -9999 -9999 -9999 -9999 -9999 -9999 -9999 -9999 -9999 -9999 -9999 -9999 9.97647E-1 9.99929E-1 9.9997E-1 9.99998E-1 9.99999E-1 9.99993E-1 9.99997E-1 9.99997E-1 9.99976E-1 9.99984E-1 9.99963E-1 9.99985E-1 9.998E-1 9.99776E-1 9.99999E-1 9.99998E-1 1E0 1E0 9.99982E-1 9.99994E-1 9.99995E-1 9.99983E-1 9.99999E-1 1E0 1E0 1E0 1E0 1E0 9.99999E-1 9.99997E-1 9.99999E-1 9.99998E-1 9.99983E-1 1E0 1E0 1E0 1E0 1E0 1E0 9.99999E-1 9.99998E-1 1E0 1E0 1E0 1E0 1E0 1E0 1E0 1E0 1E0 1E0 1E0
-9999 -9999 -9999 -9999 -9999 -9999 -9999 -9999 -9999 -9999 -9999 -9999 -9999 -9999 -9999 -9999 -9999 -9999 -9999 9.99811E-1 9.99475E-1 9.99279E-1 9.99832E-1 9.99935E-1 9.99996E-1 9.9999E-1 9.99931E-1 9.99999E-1 9.99849E-1 9.99843E-1 9.99996E-1 9.99903E-1 9.94627E-1 9.99982E-1 1E0 1E0 9.99991E-1 9.99982E-1 9.99991E-1 1E0 9.99998E-1 1E0 1E0 1E0 1E0 1E0 1E0 1E0 9.99999E-1 1E0 1E0 1E0 1E0 1E0 1E0 1E0 1E0 9.99999E-1 9.99999E-1 9.99992E-1 1E0 9.99991E-1 1E0 9.99999E-1 1E0 1E0 1E0 1E0 1E0 1E0 1E0
-9999 -9999 -9999 -9999 -9999 -9999 -9999 -9999 -9999 -9999 -9999 -9999 -9999 -9999 -9999 -9999 -9999 -9999 -9999 9.94367E-1 9.90831E-1 9.96895E-1 9.99933E-1 9.99606E-1 9.99916E-1 9.999E-1 9.99926E-1 1E0 9.99993E-1 9.99992E-1 1E0 1E0 9.99971E-1 1E0 1E0 1E0 1E0 9.99999E-1 9.99997E-1 9.99999E-1 1E0 1E0 1E0 1E0 1E0 1E0 9.99999E-1 1E0 1E0 1E0 1E0 1E0 1E0 1E0 1E0 1E0 1E0 1E0 9.99999E-1 9.99995E-1 1E0 1E0 9.99999E-1 9.99999E-1 9.99999E-1 1E0 1E0 9.99999E-1 9.99998E-1 1E0 1E0
-9999 -9999 -9999 -9999 -9999 -9999 -9999 -9999 -9999 -9999 -9999 -9999 -9999 -9999 -9999 -9999 -9999 -9999 -9999 9.92512E-1 9.96756E-1 9.98236E-1 9.95194E-1 9.99287E-1 9.99991E-1 9.99998E-1 9.99984E-1 1E0 1E0 1E0 9.99995E-1 9.99999E-1 1E0 1E0 1E0 1E0 1E0 1E0 1E0 1E0 1E0 1E0 1E0 1E0 1E0 1E0 1E0 9.99997E-1 1E0 9.99998E-1 9.99999E-1 1E0 1E0 1E0 1E0 1E0 1E0 1E0 9.99996E-1 9.99941E-1 9.99998E-1 1E0 9.99999E-1 1E0 9.99996E-1 1E0 1E0 1E0 1E0 1E0 1E0
-9999 -9999 -9999 -9999 -9999 -9999 -9999 -9999 -9999 -9999 -9999 -9999 -9999 -9999 -9999 -9999 -9999 -9999 -9999 9.9892E-1 9.9935E-1 9.98704E-1 9.98627E-1 9.99968E-1 1E0 1E0 1E0 9.99999E-1 9.99999E-1 1E0 9.99998E-1 1E0 1E0 1E0 9.99978E-1 9.99997E-1 9.99998E-1 1E0 1E0 1E0 1E0 1E0 1E0 1E0 1E0 1E0 1E0 1E0 1E0 1E0 9.99999E-1 1E0 1E0 1E0 1E0 1E0 9.99986E-1 1E0 1E0 9.9967E-1 9.99999E-1 1E0 1E0 1E0 1E0 9.99923E-1 1E0 1E0 1E0 1E0 1E0
-9999 -9999 -9999 -9999 -9999 -9999 -9999 -9999 -9999 -9999 -9999 -9999 -9999 -9999 -9999 -9999 -9999 -9999 -9999 9.99924E-1 9.99995E-1 9.99755E-1 9.9993E-1 9.99998E-1 9.99987E-1 9.99999E-1 1E0 9.99997E-1 9.99999E-1 1E0 9.99721E-1 9.99883E-1 9.99815E-1 9.99851E-1 9.99997E-1 9.99999E-1 9.99998E-1 9.99992E-1 1E0 9.99999E-1 1E0 1E0 1E0 1E0 1E0 1E0 1E0 1E0 1E0 1E0 1E0 1E0 1E0 1E0 1E0 9.99984E-1 9.99999E-1 9.99997E-1 9.99988E-1 9.99922E-1 9.94508E-1 1E0 1E0 9.99998E-1 1E0 1E0 1E0 1E0 1E0 1E0 9.99999E-1
-9999 -9999 -9999 -9999 -9999 -9999 -9999 -9999 -9999 -9999 -9999 -9999 -9999 -9999 -9999 -9999 -9999 -9999 -9999 9.99926E-1 9.99954E-1 9.99837E-1 9.99907E-1 9.99999E-1 9.99997E-1 9.99988E-1 9.99987E-1 1E0 9.99996E-1 1E0 9.85763E-1 9.96213E-1 9.9996E-1 9.99482E-1 9.99638E-1 9.99994E-1 9.99804E-1 9.99999E-1 1E0 1E0 1E0 1E0 1E0 1E0 1E0 1E0 1E0 9.99998E-1 1E0 1E0 1E0 9.99999E-1 1E0 1E0 1E0 9.99202E-1 9.99528E-1 9.98502E-1 9.96014E-1 9.99254E-1 9.99794E-1 9.99998E-1 1E0 9.99973E-1 9.99957E-1 9.99996E-1 1E0 1E0 1E0 1E0 9.99998E-1
-9999 -9999 -9999 -9999 -9999 -9999 -9999 -9999 -9999 -9999 -9999 -9999 -9999 -9999 -9999 -9999 -9999 -9999 9.99945E-1 9.99999E-1 9.99872E-1 9.99915E-1 9.98402E-1 9.99995E-1 9.99998E-1 1E0 1E0 1E0 9.99999E-1 9.99998E-1 9.99973E-1 9.99005E-1 9.99443E-1 9.99694E-1 9.99973E-1 9.99738E-1 9.99104E-1 9.99978E-1 1E0 1E0 1E0 1E0 1E0 1E0 1E0 1E0 1E0 1E0 1E0 1E0 1E0 1E0 1E0 9.99998E-1 9.99957E-1 9.99223E-1 9.9994E-1 9.94712E-1 9.98344E-1 9.99946E-1 9.99997E-1 1E0 1E0 9.99988E-1 9.99968E-1 9.99981E-1 1E0 9.99999E-1 1E0 1E0 9.99999E-1
-9999 -9999 -9999 -9999 -9999 -9999 -9999 -9999 -9999 -9999 -9999 -9999 -9999 -9999 -9999 -9999 -9999 -9999 9.99999E-1 9.99995E-1 9.99893E-1 9.99231E-1 9.99666E-1 9.99926E-1 9.99996E-1 9.99999E-1 1E0 1E0 1E0 1E0 9.99743E-1 9.99866E-1 9.984E-1 9.9898E-1 9.99905E-1 9.99797E-1 9.99898E-1 1E0 9.99998E-1 1E0 1E0 1E0 1E0 1E0 1E0 1E0 1E0 1E0 1E0 1E0 1E0 9.99904E-1 9.99991E-1 9.99999E-1 9.99991E-1 9.99992E-1 9.98627E-1 9.99583E-1 1E0 9.99999E-1 1E0 1E0 9.99999E-1 1E0 1E0 1E0 1E0 1E0 9.99998E-1 1E0 9.99999E-1
-9999 -9999 -9999 -9999 -9999 -9999 -9999 -9999 -9999 -9999 -9999 -9999 -9999 -9999 -9999 -9999 -9999 -9999 9.9998E-1 9.91235E-1 9.99501E-1 9.99848E-1 9.99002E-1 9.98308E-1 9.95127E-1 9.99963E-1 9.99999E-1 9.99999E-1 9.99871E-1 9.99738E-1 9.99486E-1 9.99713E-1 9.95676E-1 9.98587E-1 9.99993E-1 9.99827E-1 9.99953E-1 1E0 1E0 1E0 1E0 1E0 1E0 1E0 1E0 1E0 1E0 1E0 1E0 1E0 1E0 9.99997E-1 9.99999E-1 9.99801E-1 9.98801E-1 9.5617E-1 9.99889E-1 9.99999E-1 9.99999E-1 9.99998E-1 9.99982E-1 1E0 9.99999E-1 1E0 1E0 1E0 1E0 9.99999E-1 1E0 9.99999E-1 1E0
-9999 -9999 -9999 -9999 -9999 -9999 -9999 -9999 -9999 -9999 -9999 -9999 -9999 -9999 -9999 -9999 -9999 -9999 9.99686E-1 9.99927E-1 9.99447E-1 9.9723E-1 9.99588E-1 9.99954E-1 9.99613E-1 9.99499E-1 9.99815E-1 9.99963E-1 9.99993E-1 9.99907E-1 9.97625E-1 9.96452E-1 9.96583E-1 9.98432E-1 9.99923E-1 9.99992E-1 1E0 1E0 1E0 1E0 1E0 1E0 1E0 1E0 1E0 1E0 1E0 1E0 1E0 1E0 9.99999E-1 9.99997E-1 1E0 9.99984E-1 9.99952E-1 9.99998E-1 9.99929E-1 9.99979E-1 1E0 1E0 1E0 1E0 1E0 1E0 9.99999E-1 9.99998E-1 1E0 1E0 9.99999E-1 1E0 1E0
-9999 -9999 -9999 -9999 -9999 -9999 -9999 -9999 -9999 -9999 -9999 -9999 -9999 -9999 -9999 -9999 -9999 9.99937E-1 9.99854E-1 9.99857E-1 9.99687E-1 9.9986E-1 9.99607E-1 9.99993E-1 9.99973E-1 9.99951E-1 9.99888E-1 9.9998E-1 9.99814E-1 9.99996E-1 9.99814E-1 9.98671E-1 9.99646E-1 9.99676E-1 9.99994E-1 1E0 1E0 1E0 1E0 1E0 1E0 1E0 1E0 1E0 1E0 1E0 1E0 1E0 1E0 1E0 9.99999E-1 1E0 1E0 9.99999E-1 9.99991E-1 9.99996E-1 1E0 9.99999E-1 9.99998E-1 1E0 1E0 9.99996E-1 1E0 1E0 1E0 1E0 9.99997E-1 9.99999E-1 1E0 9.99999E-1 1E0
-9999 -9999 -9999 -9999 -9999 -9999 -9999 -9999 -9999 -9999 -9999 -9999 -9999 -9999 -9999 -9999 -9999 9.99994E-1 9.99954E-1 9.99962E-1 9.99391E-1 9.99672E-1 9.99981E-1 9.99972E-1 9.99994E-1 9.99912E-1 9.99989E-1 9.99414E-1 9.99685E-1 9.99909E-1 9.99958E-1 9.99873E-1 9.99542E-1 9.99513E-1 9.99998E-1 9.99996E-1 9.99998E-1 1E0 1E0 1E0 1E0 1E0 1E0 1E0 1E0 1E0 1E0 1E0 1E0 1E0 9.99999E-1 9.99999E-1 9.99908E-1 1E0 9.99991E-1 9.99999E-1 1E0 9.99999E-1 1E0 1E0 9.99998E-1 9.99999E-1 1E0 1E0 9.99992E-1 9.99999E-1 9.99999E-1 9.99999E-1 9.99985E-1 9.99995E-1 1E0
-9999 -9999 -9999 -9999 -9999 -9999 -9999 -9999 -9999 -9999 -9999 -9999 -9999 -9999 -9999 -9999 -9999 9.99846E-1 9.99958E-1 9.76901E-1 9.96899E-1 9.97564E-1 9.99606E-1 9.99974E-1 9.9989E-1 9.99784E-1 9.99994E-1 9.9999E-1 9.99997E-1 9.99988E-1 9.99943E-1 9.99299E-1 9.99408E-1 9.99458E-1 9.99572E-1 9.99997E-1 9.99999E-1 1E0 1E0 9.99999E-1 1E0 9.99999E-1 9.99999E-1 9.99996E-1 1E0 1E0 9.99999E-1 1E0 1E0 1E0 9.99999E-1 1E0 9.99992E-1 1E0 9.9997E-1 9.99997E-1 1E0 9.99999E-1 1E0 1E0 9.99997E-1 1E0 1E0 1E0 9.99997E-1 9.99999E-1 9.99994E-1 9.99997E-1 9.99998E-1 9.99991E-1 1E0
-9999 -9999 -9999 -9999 -9999 -9999 -9999 -9999 -9999 -9999 -9999 -9999 -9999 -9999 -9999 -9999 -9999 9.99561E-1 9.94352E-1 9.9435E-1 9.99599E-1 9.99761E-1 9.99856E-1 9.99898E-1 9.99865E-1 9.99718E-1 9.99948E-1 9.99928E-1 9.99999E-1 9.97693E-1 9.99655E-1 9.99975E-1 9.99985E-1 9.99043E-1 9.9977E-1 9.99988E-1 1E0 1E0 1E0 9.99999E-1 9.99999E-1 1E0 9.99998E-1 1E0 9.99997E-1 1E0 9.99996E-1 1E0 1E0 1E0 9.99949E-1 1E0 1E0 9.99999E-1 1E0 9.99997E-1 9.99968E-1 9.99999E-1 9.99999E-1 1E0 9.99999E-1 1E0 9.99991E-1 1E0 1E0 9.99968E-1 9.99993E-1 1E0 1E0 1E0 1E0
-9999 -9999 -9999 -9999 -9999 -9999 -9999 -9999 -9999 -9999 -9999 -9999 -9999 -9999 -9999 -9999 -9999 9.99708E-1 9.98972E-1 9.99791E-1 9.99848E-1 9.99398E-1 9.99834E-1 9.99999E-1 9.99744E-1 9.97386E-1 9.99899E-1 9.9774E-1 9.99746E-1 9.99986E-1 9.99985E-1 9.99998E-1 9.99969E-1 9.99997E-1 9.99999E-1 1E0 9.99999E-1 9.99999E-1 9.9999E-1 9.99844E-1 9.99999E-1 9.99999E-1 1E0 9.9999E-1 9.99999E-1 9.99992E-1 1E0 1E0 9.99999E-1 9.99995E-1 9.9993E-1 9.99994E-1 9.99998E-1 9.99998E-1 1E0 1E0 9.9999E-1 9.99998E-1 9.99999E-1 9.99991E-1 9.99997E-1 9.99996E-1 9.99999E-1 1E0 9.99993E-1 9.99984E-1 1E0 9.99995E-1 9.99999E-1 9.99997E-1 9.99999E-1
-9999 -9999 -9999 -9999 -9999 -9999 -9999 -9999 -9999 -9999 -9999 -9999 -9999 -9999 -9999 -9999 9.99992E-1 9.89895E-1 9.95985E-1 9.14766E-1 9.99653E-1 9.98081E-1 9.99963E-1 9.99998E-1 9.99861E-1 9.98877E-1 9.87567E-1 9.96616E-1 9.99574E-1 9.99984E-1 9.99998E-1 9.99516E-1 9.99107E-1 9.99297E-1 9.99865E-1 1E0 9.99992E-1 9.99988E-1 9.99999E-1 9.99987E-1 9.99985E-1 9.99969E-1 9.99993E-1 1E0 1E0 1E0 1E0 1E0 9.99998E-1 9.99962E-1 9.99359E-1 9.9999E-1 9.99995E-1 9.99986E-1 9.99995E-1 9.99995E-1 9.99992E-1 1E0 9.99971E-1 9.99999E-1 9.99986E-1 9.99994E-1 1E0 1E0 1E0 9.99999E-1 9.9999E-1 9.99989E-1 9.99996E-1 9.99991E-1 1E0
-9999 -9999 -9999 -9999 -9999 -9999 -9999 -9999 -9999 -9999 -9999 -9999 -9999 -9999 -9999 -9999 9.98759E-1 9.86789E-1 9.34864E-1 9.94006E-1 9.99813E-1 9.98487E-1 9.99962E-1 9.99989E-1 9.98588E-1 9.89945E-1 9.98278E-1 9.99041E-1 9.9899E-1 9.99841E-1 9.99983E-1 9.99985E-1 9.99994E-1 9.99034E-1 9.98091E-1 9.99715E-1 9.99995E-1 9.99992E-1 9.99965E-1 9.99785E-1 9.99488E-1 9.99905E-1 9.99933E-1 9.99994E-1 9.99868E-1 1E0 9.9999E-1 9.99999E-1 9.99991E-1 9.99882E-1 9.9916E-1 9.99996E-1 9.99993E-1 9.99999E-1 9.99999E-1 9.99998E-1 9.99999E-1 1E0 1E0 1E0 1E0 9.99926E-1 9.99932E-1 9.99992E-1 1E0 1E0 1E0 1E0 1E0 1E0 1E0
-9999 -9999 -9999 -9999 -9999 -9999 -9999 -9999 -9999 -9999 -9999 -9999 -9999 -9999 -9999 9.99997E-1 9.99912E-1 9.92487E-1 9.64869E-1 9.97928E-1 9.37515E-1 9.49874E-1 9.9202E-1 9.99988E-1 9.9835E-1 9.98246E-1 9.99772E-1 9.9967E-1 9.99703E-1 9.99682E-1 9.99944E-1 9.99972E-1 9.98906E-1 9.99187E-1 9.99868E-1 9.99876E-1 9.99999E-1 9.99951E-1 9.99992E-1 9.99888E-1 9.98023E-1 9.99349E-1 9.99747E-1 9.99983E-1 9.99972E-1 9.99975E-1 9.99995E-1 1E0 1E0 1E0 9.99994E-1 9.99897E-1 9.99966E-1 9.99985E-1 9.99932E-1 9.99991E-1 1E0 1E0 1E0 1E0 1E0 9.99935E-1 9.99993E-1 9.99996E-1 1E0 1E0 1E0 1E0 9.99997E-1 9.99995E-1 1E0
-9999 -9999 -9999 -9999 -9999 -9999 -9999 -9999 -9999 -9999 -9999 -9999 -9999 -9999 -9999 9.99992E-1 9.9997E-1 9.94377E-1 9.85317E-1 9.72793E-1 9.51814E-1 9.98464E-1 9.93772E-1 9.9995E-1 9.99914E-1 9.99819E-1 9.98817E-1 9.99421E-1 9.99564E-1 9.99379E-1 9.998E-1 9.99934E-1 9.9999E-1 9.99877E-1 9.99982E-1 9.99926E-1 9.99891E-1 9.9976E-1 9.99978E-1 9.99978E-1 9.99954E-1 9.99958E-1 9.99817E-1 9.99964E-1 9.99997E-1 9.99973E-1 1E0 1E0 1E0 9.99999E-1 1E0 9.98918E-1 9.99871E-1 9.99708E-1 9.99754E-1 9.99994E-1 1E0 1E0 1E0 1E0 9.99999E-1 9.99931E-1 9.99998E-1 9.99999E-1 9.99999E-1 1E0 1E0 1E0 1E0 1E0 1E0
-9999 -9999 -9999 -9999 -9999 -9999 -9999 -9999 -9999 -9999 -9999 -9999 -9999 -9999 -9999 9.99995E-1 9.99814E-1 9.99952E-1 9.99896E-1 9.99903E-1 9.9711E-1 9.99865E-1 9.99996E-1 9.99981E-1 9.99977E-1 9.99994E-1 9.98934E-1 9.99923E-1 9.99939E-1 9.99961E-1 9.99994E-1 9.99992E-1 9.99994E-1 9.99939E-1 9.99909E-1 9.97512E-1 9.99196E-1 9.97652E-1 9.9954E-1 9.99967E-1 9.99788E-1 9.99665E-1 9.99982E-1 9.99978E-1 9.99973E-1 9.99996E-1 1E0 9.99999E-1 1E0 9.99999E-1 9.99966E-1 9.96466E-1 9.99939E-1 9.99982E-1 9.99892E-1 9.99981E-1 9.99999E-1 9.99999E-1 1E0 9.99999E-1 9.99999E-1 1E0 9.99998E-1 1E0 9.99998E-1 1E0 1E0 1E0 9.99997E-1 1E0 1E0
-9999 -9999 -9999 -9999 -9999 -9999 -9999 -9999 -9999 -9999 -9999 -9999 -9999 -9999 -9999 9.99992E-1 9.99998E-1 9.95285E-1 9.99343E-1 9.99847E-1 9.99971E-1 9.99988E-1 9.99993E-1 9.99963E-1 9.99934E-1 9.99983E-1 9.99622E-1 9.99903E-1 9.9992E-1 9.99998E-1 9.99995E-1 9.99994E-1 9.99979E-1 9.99948E-1 9.99967E-1 9.99966E-1 9.99428E-1 9.9955E-1 9.99006E-1 9.99987E-1 9.99999E-1 9.99999E-1 9.99998E-1 9.99993E-1 9.99999E-1 9.99985E-1 9.99999E-1 9.99995E-1 1E0 9.99972E-1 -9999 9.89819E-1 9.99731E-1 9.99806E-1 9.99999E-1 9.99995E-1 9.99587E-1 9.99987E-1 9.99999E-1 1E0 1E0 1E0 1E0 9.99991E-1 9.99966E-1 9.99997E-1 9.99995E-1 1E0 1E0 1E0 1E0
-9999 -9999 -9999 -9999 -9999 -9999 -9999 -9999 -9999 -9999 -9999 -9999 -9999 -9999 9.99742E-1 9.99127E-1 9.99729E-1 9.99643E-1 9.37393E-1 9.98556E-1 9.99493E-1 9.99113E-1 9.97412E-1 9.92126E-1 9.99969E-1 9.99998E-1 9.99995E-1 1E0 9.99999E-1 9.99999E-1 9.99968E-1 9.99601E-1 9.99685E-1 9.99696E-1 9.99974E-1 9.99788E-1 9.93836E-1 9.98994E-1 9.95333E-1 9.99923E-1 9.99876E-1 9.99982E-1 9.99999E-1 9.99999E-1 9.99999E-1 9.99997E-1 9.99998E-1 9.99999E-1 9.99995E-1 -9999 9.99992E-1 9.98903E-1 9.99972E-1 9.99998E-1 1E0 9.99727E-1 9.99947E-1 9.99999E-1 1E0 1E0 9.99999E-1 1E0 9.99989E-1 9.99996E-1 9.99625E-1 9.99947E-1 9.99985E-1 9.99996E-1 1E0 9.99999E-1 1E0
-9999 -9999 -9999 -9999 -9999 -9999 -9999 -9999 -9999 -9999 -9999 -9999 -9999 -9999 9.99972E-1 9.99893E-1 9.99999E-1 9.99988E-1 9.8191E-1 9.83616E-1 9.97234E-1 9.99903E-1 9.98851E-1 9.9976E-1 9.95556E-1 9.99997E-1 1E0 9.99998E-1 9.99996E-1 9.99975E-1 9.99951E-1 9.99713E-1 9.99773E-1 9.99883E-1 9.99936E-1 9.99957E-1 9.99588E-1 9.99459E-1 9.9911E-1 9.99975E-1 9.99996E-1 1E0 9.99998E-1 1E0 9.99999E-1 1E0 1E0 1E0 1E0 9.99996E-1 9.99911E-1 9.99786E-1 9.99792E-1 9.99999E-1 1E0 9.99991E-1 9.99999E-1 9.99998E-1 1E0 1E0 9.99995E-1 9.99999E-1 9.99999E-1 9.99999E-1 9.99993E-1 9.99999E-1 9.99999E-1 9.99981E-1 1E0 9.99987E-1 9.99891E-1
-9999 -9999 -9999 -9999 -9999 -9999 -9999 -9999 -9999 -9999 -9999 -9999 -9999 -9999 9.99992E-1 9.99994E-1 9.99973E-1 9.99711E-1 9.9872E-1 9.64744E-1 9.99577E-1 9.99319E-1 9.99735E-1 9.9993E-1 9.99917E-1 9.99991E-1 9.99988E-1 9.99981E-1 9.99959E-1 9.99952E-1 9.99679E-1 9.99846E-1 9.99748E-1 9.99981E-1 9.9999E-1 9.99922E-1 9.99962E-1 9.99585E-1 9.99822E-1 1E0 9.99999E-1 1E0 1E0 1E0 9.99999E-1 1E0 9.99998E-1 9.99999E-1 9.99991E-1 -9999 9.99993E-1 9.99996E-1 1E0 1E0 1E0 9.99999E-1 1E0 1E0 1E0 1E0 1E0 9.99999E-1 9.99988E-1 9.99996E-1 9.99999E-1 1E0 9.99818E-1 9.99968E-1 9.99996E-1 1E0 9.99908E-1
-9999 -9999 -9999 -9999 -9999 -9999 -9999 -9999 -9999 -9999 -9999 -9999 -9999 -9999 9.99994E-1 9.9957E-1 9.9998E-1 9.99995E-1 9.99696E-1 9.7945E-1 9.99308E-1 9.997E-1 9.99283E-1 9.99165E-1 9.99889E-1 9.9998E-1 9.99999E-1 9.99906E-1 9.9993E-1 9.99875E-1 9.99991E-1 9.99997E-1 9.99988E-1 9.99958E-1 9.99302E-1 9.97459E-1 9.98341E-1 9.98731E-1 9.99999E-1 1E0 9.99999E-1 1E0 1E0 1E0 1E0 9.99997E-1 9.99997E-1 1E0 9.99997E-1 9.99865E-1 9.99999E-1 -9999 9.99998E-1 1E0 1E0 1E0 9.99999E-1 1E0 1E0 1E0 1E0 9.99999E-1 1E0 1E0 9.98405E-1 9.99993E-1 9.99955E-1 9.99984E-1 9.99988E-1 1E0 9.99996E-1
-9999 -9999 -9999 -9999 -9999 -9999 -9999 -9999 -9999 -9999 -9999 -9999 -9999 -9999 9.99999E-1 9.99993E-1 9.99931E-1 9.98293E-1 9.99834E-1 9.99912E-1 9.99885E-1 9.98826E-1 9.99175E-1 9.99327E-1 9.99008E-1 9.994E-1 9.98462E-1 9.99592E-1 9.99961E-1 9.9986E-1 9.9995E-1 9.99986E-1 9.99986E-1 9.99997E-1 9.9998E-1 9.99963E-1 9.99524E-1 9.99977E-1 9.99999E-1 1E0 1E0 1E0 1E0 1E0 1E0 9.99998E-1 9.99995E-1 1E0 9.99998E-1 9.99999E-1 -9999 9.99794E-1 9.99972E-1 1E0 1E0 1E0 1E0 1E0 9.99999E-1 1E0 1E0 1E0 1E0 9.99992E-1 9.9997E-1 9.99991E-1 9.99928E-1 9.99987E-1 9.99998E-1 9.99998E-1 1E0
-9999 -9999 -9999 -9999 -9999 -9999 -9999 -9999 -9999 -9999 -9999 -9999 -9999 -9999 9.99798E-1 9.99582E-1 9.98877E-1 9.9946E-1 9.99742E-1 9.99472E-1 9.99982E-1 9.99615E-1 9.98525E-1 9.99628E-1 9.99903E-1 9.99853E-1 9.99778E-1 9.9996E-1 9.99997E-1 9.99992E-1 9.9998E-1 9.99999E-1 9.99986E-1 9.99995E-1 9.99884E-1 9.99933E-1 9.99987E-1 9.99997E-1 9.99999E-1 9.99971E-1 9.99997E-1 9.99996E-1 9.99998E-1 1E0 9.99988E-1 9.99987E-1 9.9993E-1 9.99999E-1 9.99999E-1 1E0 9.99998E-1 9.99944E-1 9.97587E-1 9.99993E-1 9.99987E-1 1E0 1E0 9.99999E-1 9.99956E-1 9.99408E-1 9.99987E-1 9.99982E-1 9.99998E-1 9.99999E-1 9.99905E-1 9.99634E-1 9.99995E-1 9.99973E-1 9.99948E-1 9.99971E-1 1E0
-9999 -9999 -9999 -9999 -9999 -9999 -9999 -9999 -9999 -9999 -9999 -9999 -9999 -9999 9.99985E-1 9.35115E-1 9.77412E-1 9.9032E-1 9.97233E-1 9.99416E-1 9.99543E-1 9.99937E-1 9.99979E-1 9.99995E-1 9.99999E-1 9.99976E-1 9.99988E-1 9.99241E-1 9.98411E-1 9.98314E-1 9.99975E-1 9.99963E-1 9.9997E-1 9.9944E-1 9.99688E-1 9.99955E-1 9.99998E-1 9.99998E-1 9.99999E-1 9.99996E-1 1E0 9.99996E-1 9.99903E-1 9.99996E-1 9.99995E-1 9.99996E-1 1E0 1E0 1E0 1E0 -9999 9.99947E-1 1E0 1E0 1E0 9.99997E-1 1E0 1E0 9.99998E-1 9.99975E-1 9.99979E-1 9.99997E-1 9.98439E-1 9.99974E-1 9.99999E-1 9.99361E-1 9.99632E-1 9.99998E-1 9.99282E-1 9.99998E-1 1E0
-9999 -9999 -9999 -9999 -9999 -9999 -9999 -9999 -9999 -9999 -9999 -9999 -9999 -9999 9.9998E-1 9.83208E-1 9.87623E-1 9.96855E-1 9.54853E-1 9.83853E-1 9.99703E-1 9.99956E-1 9.99699E-1 9.98826E-1 9.9982E-1 9.99605E-1 9.99896E-1 9.99831E-1 9.99649E-1 9.99708E-1 9.933E-1 9.95754E-1 9.98586E-1 9.99274E-1 9.99964E-1 9.99678E-1 9.99963E-1 1E0 9.99985E-1 9.99999E-1 1E0 9.99999E-1 1E0 9.99991E-1 9.99998E-1 9.99999E-1 9.99997E-1 9.9999E-1 9.99997E-1 -9999 9.94745E-1 9.99737E-1 9.99862E-1 9.99985E-1 9.99241E-1 9.99963E-1 9.99999E-1 1E0 1E0 1E0 1E0 1E0 9.99999E-1 9.99981E-1 9.99988E-1 9.99476E-1 9.99964E-1 9.99745E-1 9.99732E-1 9.99642E-1 9.99999E-1
