ENM/Final_Models/M_0.9_F_q_Set_1_EC/Gustavia_santanderiensis_1_Choco.asc
ncols         367
nrows         963
xllcorner     -78.6
yllcorner     0.65
cellsize      0.00833333333333323
NODATA_value  -9999
[rows 810 to 839 of 963, columns 0 to 66 of 367]
-9999 -9999 -9999 9.47047E-1 9.03773E-1 8.67764E-1 8.76017E-1 8.5221E-1 9.58359E-1 8.64838E-1 9.38958E-1 9.10727E-1 9.56002E-1 9.49175E-1 8.44323E-1 9.32122E-1 9.39675E-1 8.44168E-1 7.72591E-1 8.53011E-1 7.93752E-1 7.71295E-1 7.5859E-1 9.37036E-1 9.1598E-1 8.2133E-1 8.39896E-1 7.81805E-1 8.93579E-1 9.04184E-1 9.32688E-1 8.8881E-1 9.30673E-1 9.58022E-1 9.72765E-1 9.58198E-1 9.69882E-1 9.41272E-1 9.44464E-1 9.56956E-1 9.29957E-1 9.26117E-1 9.23199E-1 9.20885E-1 9.59358E-1 9.88657E-1 9.72674E-1 8.92716E-1 9.42075E-1 9.9224E-1 9.90945E-1 9.82051E-1 9.69811E-1 9.56368E-1 9.88994E-1 9.93685E-1 9.98608E-1 9.91338E-1 9.97045E-1 9.93292E-1 9.90531E-1 9.93446E-1 9.96713E-1 9.27032E-1 9.46026E-1 9.87202E-1 9.83496E-1
-9999 -9999 -9999 -9999 -9999 -9999 -9999 8.9982E-1 9.14629E-1 9.04664E-1 9.34674E-1 9.08125E-1 8.46969E-1 9.69253E-1 8.82308E-1 8.81536E-1 8.82636E-1 8.72887E-1 7.71042E-1 6.64528E-1 7.54823E-1 7.33337E-1 7.84147E-1 9.08866E-1 8.57282E-1 8.66115E-1 8.79686E-1 8.45329E-1 8.29357E-1 8.2522E-1 9.26918E-1 9.33367E-1 9.56715E-1 9.82636E-1 9.76357E-1 9.72741E-1 9.65676E-1 9.54827E-1 9.40952E-1 9.57875E-1 9.32754E-1 9.32119E-1 9.31741E-1 9.65557E-1 9.515E-1 9.87256E-1 9.85796E-1 9.64816E-1 9.88444E-1 9.89638E-1 9.86107E-1 9.93191E-1 9.94377E-1 9.98178E-1 9.85996E-1 9.93149E-1 9.85601E-1 9.92155E-1 9.9736E-1 8.98391E-1 9.6795E-1 9.97099E-1 9.98476E-1 9.83279E-1 9.84885E-1 9.98868E-1 9.99889E-1
-9999 -9999 -9999 -9999 -9999 -9999 -9999 -9999 9.12405E-1 8.65942E-1 9.01103E-1 8.82936E-1 8.48234E-1 9.46044E-1 8.97955E-1 8.52835E-1 7.55227E-1 7.82211E-1 8.45456E-1 7.82269E-1 6.59584E-1 8.44259E-1 8.39657E-1 8.55899E-1 9.2535E-1 8.26944E-1 9.07073E-1 9.06708E-1 9.16502E-1 9.29377E-1 9.52365E-1 9.56212E-1 9.50929E-1 9.59391E-1 9.67374E-1 9.54032E-1 9.38798E-1 9.74268E-1 9.6202E-1 9.59534E-1 9.45985E-1 9.48656E-1 9.38869E-1 9.75141E-1 9.63389E-1 9.80128E-1 9.70014E-1 9.69727E-1 9.88189E-1 9.91273E-1 9.97384E-1 9.91352E-1 9.96811E-1 9.92966E-1 9.94282E-1 9.8409E-1 9.81335E-1 9.94825E-1 9.9777E-1 9.97355E-1 9.77269E-1 9.80429E-1 9.92203E-1 9.50363E-1 9.99608E-1 9.99827E-1 9.99283E-1
-9999 -9999 -9999 -9999 -9999 -9999 -9999 -9999 9.61402E-1 9.01144E-1 8.34972E-1 9.15277E-1 8.8605E-1 9.34814E-1 9.15729E-1 7.7513E-1 7.21655E-1 7.80583E-1 8.12747E-1 7.27447E-1 7.82292E-1 8.32239E-1 8.36371E-1 8.75766E-1 8.58675E-1 7.40792E-1 9.05907E-1 8.7513E-1 8.90111E-1 9.4703E-1 9.54511E-1 9.63645E-1 9.2475E-1 9.28815E-1 9.08821E-1 8.92595E-1 9.41844E-1 9.66972E-1 9.33668E-1 9.25159E-1 9.41151E-1 9.34407E-1 9.75569E-1 9.2682E-1 9.63401E-1 9.77547E-1 9.08553E-1 8.92156E-1 9.29741E-1 9.29779E-1 9.68677E-1 9.97691E-1 9.95856E-1 9.96992E-1 9.93903E-1 9.95143E-1 9.9906E-1 9.33283E-1 9.46537E-1 9.86274E-1 9.70669E-1 9.48065E-1 9.96633E-1 9.98471E-1 9.81744E-1 9.8252E-1 9.97094E-1
-9999 -9999 -9999 -9999 -9999 -9999 -9999 -9999 8.4484E-1 8.93664E-1 9.18598E-1 8.83986E-1 8.91249E-1 9.02261E-1 9.00184E-1 7.60979E-1 6.92504E-1 7.93885E-1 7.85958E-1 7.64833E-1 7.98849E-1 7.27769E-1 7.43092E-1 8.12159E-1 7.16095E-1 7.47437E-1 9.16761E-1 9.07975E-1 9.52652E-1 9.44751E-1 9.73429E-1 9.18505E-1 9.6825E-1 9.35653E-1 9.23094E-1 9.47689E-1 9.34332E-1 9.06434E-1 9.10662E-1 9.49451E-1 9.62924E-1 8.23279E-1 8.496E-1 9.54313E-1 9.69688E-1 9.83851E-1 9.79806E-1 8.70617E-1 9.14606E-1 9.81007E-1 9.88551E-1 9.95195E-1 9.97709E-1 9.51415E-1 9.75653E-1 9.73628E-1 9.79741E-1 9.9642E-1 9.8147E-1 9.99568E-1 9.99667E-1 9.9907E-1 9.98937E-1 9.95248E-1 9.87541E-1 9.53355E-1 9.26886E-1
-9999 -9999 -9999 -9999 -9999 -9999 -9999 -9999 9.31438E-1 9.31615E-1 8.63741E-1 9.3216E-1 9.358E-1 9.14578E-1 8.53004E-1 8.05498E-1 6.98566E-1 8.09287E-1 8.12355E-1 7.0414E-1 7.12905E-1 8.10852E-1 7.98177E-1 8.59896E-1 8.05027E-1 7.7786E-1 8.08133E-1 8.86982E-1 8.88365E-1 8.87502E-1 9.15937E-1 8.94252E-1 9.0765E-1 9.10988E-1 9.39457E-1 9.25539E-1 9.42783E-1 9.34745E-1 9.55034E-1 9.39804E-1 9.12141E-1 9.3955E-1 8.79541E-1 9.81531E-1 9.49318E-1 9.10778E-1 9.19588E-1 9.69002E-1 9.53213E-1 9.65188E-1 9.4017E-1 9.82361E-1 9.66543E-1 9.98734E-1 9.82247E-1 9.9814E-1 9.77792E-1 9.78E-1 9.99185E-1 9.99339E-1 9.98787E-1 9.95484E-1 9.94982E-1 9.98398E-1 9.92621E-1 9.68446E-1 9.80756E-1
-9999 -9999 -9999 -9999 -9999 -9999 -9999 -9999 9.54959E-1 9.64997E-1 9.51214E-1 9.086E-1 9.40111E-1 8.40297E-1 8.69479E-1 9.18685E-1 7.97748E-1 7.52304E-1 7.22625E-1 8.28994E-1 7.83118E-1 8.73834E-1 8.60404E-1 7.69499E-1 7.95479E-1 8.89437E-1 8.11601E-1 9.6713E-1 9.63221E-1 9.17932E-1 8.80959E-1 9.31979E-1 8.69353E-1 9.62935E-1 9.66401E-1 9.86877E-1 9.9042E-1 9.47483E-1 8.05901E-1 8.90988E-1 9.17413E-1 9.15274E-1 8.42573E-1 9.84002E-1 9.76491E-1 9.32275E-1 9.08844E-1 9.84826E-1 9.87725E-1 9.77231E-1 9.766E-1 9.78687E-1 9.96797E-1 9.75649E-1 9.91499E-1 9.96795E-1 9.98833E-1 9.96897E-1 9.99807E-1 9.98771E-1 9.9984E-1 9.99566E-1 9.94499E-1 9.90651E-1 9.97091E-1 8.69501E-1 9.76652E-1
-9999 -9999 -9999 -9999 -9999 -9999 -9999 9.36883E-1 9.46729E-1 9.79357E-1 9.09998E-1 7.71783E-1 9.47048E-1 8.82917E-1 8.77254E-1 8.85487E-1 7.76512E-1 7.5996E-1 6.63478E-1 7.6037E-1 7.84472E-1 6.92573E-1 9.13638E-1 8.92049E-1 9.01796E-1 8.78604E-1 9.10564E-1 9.26083E-1 9.50605E-1 9.60973E-1 9.44431E-1 9.69601E-1 9.4711E-1 9.87591E-1 9.69599E-1 9.66122E-1 9.68836E-1 9.41393E-1 8.06781E-1 9.5838E-1 9.49565E-1 9.53974E-1 9.60033E-1 8.61297E-1 8.94302E-1 9.46526E-1 9.32377E-1 9.87821E-1 9.91623E-1 9.43796E-1 9.45371E-1 9.33577E-1 9.96548E-1 9.96549E-1 9.9539E-1 9.95546E-1 9.96325E-1 9.98254E-1 9.9672E-1 9.98372E-1 9.99688E-1 9.95896E-1 9.98361E-1 9.98082E-1 9.95556E-1 9.78775E-1 9.74754E-1
-9999 -9999 -9999 -9999 -9999 -9999 -9999 9.77357E-1 9.75368E-1 9.49034E-1 9.17636E-1 9.15733E-1 9.27587E-1 8.91887E-1 8.60524E-1 8.80942E-1 7.93465E-1 7.52263E-1 7.43675E-1 6.70125E-1 5.98168E-1 7.68931E-1 8.43869E-1 8.66105E-1 8.7239E-1 8.16196E-1 9.24798E-1 8.18962E-1 8.55282E-1 8.82843E-1 9.4741E-1 9.47814E-1 9.70287E-1 9.67565E-1 9.5498E-1 9.66581E-1 9.67562E-1 9.71083E-1 8.46023E-1 9.28588E-1 9.58878E-1 9.68433E-1 9.71356E-1 8.94783E-1 9.44047E-1 9.06791E-1 9.73458E-1 9.82924E-1 9.46278E-1 9.84161E-1 9.76276E-1 9.43011E-1 9.45182E-1 9.41217E-1 9.94715E-1 9.98995E-1 9.95808E-1 9.9255E-1 9.8959E-1 9.9638E-1 9.96274E-1 9.97186E-1 9.98834E-1 9.94478E-1 9.96876E-1 9.85179E-1 9.77451E-1
-9999 -9999 -9999 -9999 -9999 -9999 -9999 9.08989E-1 9.4159E-1 9.73822E-1 9.78318E-1 9.31205E-1 8.74587E-1 8.87313E-1 7.0737E-1 7.54052E-1 8.1211E-1 8.16967E-1 7.90596E-1 7.23395E-1 7.40193E-1 6.83883E-1 8.22422E-1 8.41511E-1 7.94663E-1 8.23915E-1 8.98559E-1 9.12847E-1 9.10769E-1 8.80485E-1 8.59057E-1 8.97399E-1 9.65187E-1 9.29149E-1 9.32681E-1 9.11166E-1 9.62275E-1 9.57239E-1 9.49971E-1 9.59455E-1 9.75573E-1 9.73181E-1 9.53187E-1 8.9522E-1 9.82267E-1 8.56986E-1 9.81701E-1 9.79798E-1 9.29393E-1 9.80507E-1 9.52712E-1 9.93473E-1 9.92776E-1 9.58079E-1 9.16285E-1 9.92635E-1 9.96132E-1 9.89672E-1 9.97692E-1 9.93146E-1 9.95387E-1 9.96922E-1 9.96774E-1 9.95041E-1 9.8243E-1 9.94583E-1 9.79699E-1
-9999 -9999 -9999 -9999 -9999 -9999 -9999 9.38613E-1 9.05522E-1 9.39714E-1 8.44121E-1 8.06919E-1 7.14188E-1 7.9489E-1 7.32355E-1 6.99693E-1 8.39945E-1 8.22876E-1 7.74784E-1 8.49546E-1 6.81715E-1 6.70645E-1 8.27633E-1 8.59151E-1 7.25266E-1 7.97243E-1 8.90535E-1 8.41559E-1 9.2568E-1 8.40598E-1 8.85506E-1 8.98537E-1 9.53199E-1 9.08383E-1 8.82593E-1 9.1291E-1 9.55194E-1 9.65392E-1 9.52611E-1 9.63105E-1 9.16977E-1 9.53644E-1 9.75181E-1 9.23539E-1 9.62161E-1 9.09188E-1 9.95484E-1 9.92849E-1 9.95382E-1 9.94039E-1 9.91873E-1 9.9273E-1 9.79804E-1 9.83834E-1 9.8976E-1 9.90591E-1 9.88818E-1 9.81918E-1 9.69563E-1 9.8934E-1 9.87994E-1 9.94391E-1 9.95336E-1 9.9099E-1 9.90332E-1 9.84116E-1 9.85388E-1
-9999 -9999 -9999 -9999 -9999 -9999 9.79539E-1 8.89572E-1 8.60854E-1 9.2882E-1 8.63001E-1 9.10102E-1 8.58515E-1 8.38693E-1 7.9839E-1 7.41942E-1 8.2779E-1 6.60367E-1 7.33856E-1 6.43817E-1 7.1899E-1 7.2744E-1 7.09413E-1 6.28845E-1 7.63466E-1 7.18994E-1 6.71681E-1 7.78545E-1 9.171E-1 9.04754E-1 8.7463E-1 8.92966E-1 9.60021E-1 9.13117E-1 9.39468E-1 9.09698E-1 9.59509E-1 9.82005E-1 9.71201E-1 9.70647E-1 9.49737E-1 9.87083E-1 9.8285E-1 9.40863E-1 9.86466E-1 9.29936E-1 8.97612E-1 9.76955E-1 9.8043E-1 9.71553E-1 9.42772E-1 9.93035E-1 9.26136E-1 9.85228E-1 8.8109E-1 9.69266E-1 9.74336E-1 9.84697E-1 9.78881E-1 9.79102E-1 9.88263E-1 9.84698E-1 9.85883E-1 9.92338E-1 9.90808E-1 9.9218E-1 9.68441E-1
-9999 -9999 -9999 -9999 -9999 -9999 9.85365E-1 9.29234E-1 8.15416E-1 8.85568E-1 9.43435E-1 8.77089E-1 7.62895E-1 8.47384E-1 7.94216E-1 7.57836E-1 6.86106E-1 8.48578E-1 7.28898E-1 7.43511E-1 8.03856E-1 7.24768E-1 6.85082E-1 6.7095E-1 7.34905E-1 8.03381E-1 7.70505E-1 8.09258E-1 8.95678E-1 8.23827E-1 9.34999E-1 9.14283E-1 9.31367E-1 9.51881E-1 9.41575E-1 9.73173E-1 9.6083E-1 9.63665E-1 9.59643E-1 9.8414E-1 9.77676E-1 9.88391E-1 9.81785E-1 9.49899E-1 9.86892E-1 9.98245E-1 9.45489E-1 9.81887E-1 9.51572E-1 9.7316E-1 9.58021E-1 9.24043E-1 9.88895E-1 9.79613E-1 9.23696E-1 9.37619E-1 9.87632E-1 9.85739E-1 9.96352E-1 9.72776E-1 9.70509E-1 9.94736E-1 9.81993E-1 9.86552E-1 9.80385E-1 9.90058E-1 9.59092E-1
-9999 -9999 -9999 -9999 -9999 -9999 9.757E-1 9.72727E-1 9.06653E-1 8.2502E-1 8.6768E-1 8.90123E-1 7.94759E-1 8.51496E-1 8.22051E-1 8.13233E-1 7.39303E-1 6.94899E-1 7.16292E-1 8.2052E-1 7.15358E-1 7.83633E-1 6.57818E-1 6.54079E-1 7.90817E-1 8.19282E-1 7.53636E-1 7.34341E-1 8.70789E-1 8.61936E-1 9.29788E-1 9.21962E-1 9.03146E-1 9.67696E-1 9.24727E-1 9.06022E-1 9.22241E-1 9.44813E-1 8.92309E-1 9.74421E-1 9.31023E-1 9.76919E-1 9.35058E-1 9.39757E-1 9.24959E-1 9.94916E-1 9.81095E-1 9.80331E-1 9.5121E-1 9.65253E-1 9.7855E-1 9.51593E-1 9.80801E-1 9.52794E-1 9.63961E-1 9.19122E-1 9.92572E-1 9.87831E-1 9.83437E-1 9.74905E-1 9.86238E-1 9.88297E-1 9.85874E-1 9.72175E-1 9.63474E-1 9.87029E-1 9.62523E-1
-9999 -9999 -9999 -9999 -9999 -9999 -9999 -9999 9.8603E-1 7.99644E-1 8.85919E-1 8.21072E-1 7.97231E-1 7.7636E-1 7.67604E-1 6.43346E-1 8.3545E-1 7.72125E-1 7.92823E-1 8.02951E-1 6.73591E-1 7.05515E-1 5.67537E-1 5.89187E-1 7.97178E-1 7.39497E-1 7.36437E-1 8.16901E-1 7.89633E-1 9.47672E-1 9.44406E-1 9.10784E-1 9.4194E-1 9.14353E-1 9.58704E-1 9.55328E-1 9.5561E-1 9.36722E-1 9.64971E-1 9.77701E-1 9.42113E-1 9.43569E-1 8.85662E-1 9.68255E-1 9.6865E-1 9.21399E-1 9.19093E-1 9.42792E-1 8.76426E-1 8.78651E-1 9.77322E-1 9.76805E-1 9.27395E-1 9.78398E-1 9.88499E-1 9.8835E-1 9.87457E-1 9.92418E-1 9.79193E-1 9.56139E-1 9.92575E-1 9.89709E-1 9.91925E-1 9.93522E-1 9.90899E-1 9.84234E-1 9.75708E-1
-9999 -9999 -9999 -9999 -9999 9.85901E-1 9.75985E-1 9.30387E-1 9.07255E-1 8.78426E-1 8.88282E-1 8.21783E-1 7.08428E-1 6.77654E-1 7.5045E-1 6.04778E-1 8.13234E-1 7.79993E-1 7.7227E-1 6.54238E-1 7.33844E-1 7.0533E-1 6.66095E-1 6.68373E-1 6.86514E-1 7.66886E-1 7.30887E-1 7.19373E-1 7.23446E-1 8.39692E-1 8.58435E-1 9.08526E-1 9.20677E-1 9.45291E-1 8.84627E-1 9.54575E-1 8.85676E-1 9.72232E-1 9.86298E-1 9.07007E-1 9.06466E-1 9.7714E-1 9.54787E-1 9.65283E-1 9.69859E-1 8.67748E-1 9.22895E-1 9.76457E-1 9.70555E-1 9.48011E-1 9.48014E-1 9.91717E-1 9.95981E-1 8.47875E-1 8.62127E-1 8.98827E-1 9.94983E-1 9.89199E-1 9.74643E-1 9.75199E-1 9.80353E-1 9.40292E-1 9.89641E-1 9.88696E-1 9.70756E-1 9.77803E-1 9.82618E-1
-9999 -9999 -9999 -9999 -9999 9.70257E-1 9.58389E-1 9.20304E-1 7.88557E-1 7.47139E-1 8.14699E-1 8.70918E-1 7.6883E-1 8.24753E-1 7.4412E-1 7.57284E-1 7.06994E-1 7.60095E-1 8.28611E-1 7.72243E-1 7.01422E-1 7.63349E-1 6.95999E-1 6.95747E-1 7.15931E-1 7.5379E-1 7.84968E-1 7.40391E-1 7.4082E-1 8.12177E-1 7.79965E-1 8.49228E-1 8.97912E-1 9.42108E-1 8.79398E-1 9.81039E-1 9.72525E-1 9.27341E-1 9.81497E-1 9.65551E-1 9.70125E-1 9.74728E-1 9.77157E-1 9.80203E-1 9.05268E-1 9.11001E-1 9.50153E-1 9.46277E-1 9.7769E-1 9.69574E-1 9.82326E-1 9.68942E-1 9.79151E-1 9.56583E-1 9.1809E-1 9.17788E-1 9.90607E-1 9.85185E-1 9.9418E-1 9.94281E-1 9.92054E-1 9.9469E-1 9.94842E-1 9.80918E-1 9.79677E-1 8.66205E-1 9.94656E-1
-9999 -9999 -9999 -9999 -9999 9.60463E-1 9.29895E-1 7.90171E-1 8.64914E-1 7.51634E-1 7.24427E-1 8.36806E-1 7.45731E-1 6.64155E-1 6.70723E-1 8.67899E-1 8.26465E-1 7.23419E-1 8.29036E-1 7.46704E-1 6.43107E-1 6.52669E-1 7.74303E-1 8.40545E-1 8.74427E-1 7.54621E-1 7.86019E-1 8.04916E-1 7.87946E-1 7.30864E-1 7.22742E-1 7.39821E-1 8.63934E-1 8.96077E-1 8.76806E-1 9.61557E-1 9.82576E-1 9.1847E-1 9.62047E-1 9.45406E-1 9.20488E-1 8.72193E-1 8.35027E-1 9.2409E-1 9.59337E-1 9.7269E-1 9.50894E-1 9.71308E-1 9.78679E-1 9.697E-1 9.55457E-1 9.58398E-1 9.77458E-1 9.77264E-1 9.18271E-1 9.30224E-1 9.48155E-1 9.78741E-1 9.95501E-1 9.96993E-1 9.9527E-1 9.93261E-1 9.95112E-1 9.22082E-1 8.80387E-1 8.56636E-1 9.23004E-1
-9999 -9999 -9999 -9999 -9999 8.34021E-1 7.44404E-1 8.09398E-1 7.65885E-1 6.41922E-1 7.26176E-1 8.59985E-1 6.52879E-1 6.79438E-1 6.87373E-1 8.32845E-1 8.23461E-1 8.32395E-1 7.12418E-1 7.47493E-1 6.53115E-1 6.91254E-1 7.94518E-1 7.59421E-1 7.77475E-1 7.96996E-1 8.38884E-1 7.78231E-1 8.46222E-1 7.33509E-1 7.93177E-1 7.55238E-1 9.37671E-1 8.71362E-1 8.91657E-1 9.68407E-1 9.04504E-1 9.38683E-1 9.60879E-1 8.80498E-1 9.37074E-1 9.29372E-1 8.26546E-1 9.61332E-1 8.89059E-1 8.41844E-1 8.36286E-1 9.69866E-1 9.77186E-1 9.74749E-1 9.79364E-1 9.95713E-1 9.97599E-1 9.93306E-1 9.25901E-1 9.32558E-1 8.89207E-1 9.69236E-1 9.97896E-1 9.96292E-1 9.96839E-1 9.90595E-1 9.96224E-1 8.89828E-1 8.74593E-1 8.73432E-1 9.23547E-1
-9999 -9999 -9999 -9999 -9999 9.66922E-1 8.44831E-1 7.96448E-1 6.49217E-1 5.39415E-1 5.57175E-1 6.73777E-1 6.6447E-1 7.53617E-1 6.69191E-1 6.71984E-1 8.82877E-1 8.67241E-1 8.35904E-1 7.56967E-1 6.99419E-1 7.21215E-1 7.03153E-1 6.32511E-1 7.69584E-1 7.35168E-1 7.84323E-1 7.50168E-1 7.74651E-1 7.94412E-1 8.3068E-1 7.10545E-1 8.60481E-1 9.09176E-1 9.3012E-1 9.18674E-1 9.57671E-1 9.40996E-1 8.92692E-1 8.81101E-1 9.34092E-1 9.92612E-1 9.92131E-1 9.78213E-1 9.76906E-1 9.95915E-1 8.67837E-1 9.65728E-1 9.71237E-1 9.86236E-1 9.91105E-1 9.92512E-1 9.97358E-1 9.28836E-1 9.07987E-1 9.24272E-1 8.78287E-1 9.12933E-1 9.76899E-1 9.95703E-1 8.65391E-1 9.04274E-1 9.79934E-1 8.98975E-1 8.81727E-1 9.73301E-1 9.29581E-1
-9999 -9999 -9999 -9999 -9999 5.78526E-1 9.02543E-1 6.1081E-1 5.25903E-1 4.95521E-1 6.18146E-1 6.87496E-1 5.22958E-1 6.40661E-1 6.32858E-1 7.16679E-1 7.44201E-1 8.32276E-1 8.01181E-1 7.89987E-1 6.49502E-1 7.50566E-1 6.95157E-1 5.90041E-1 6.4208E-1 7.60782E-1 7.73939E-1 6.96632E-1 6.70506E-1 7.38632E-1 8.30693E-1 7.14692E-1 9.00185E-1 9.2395E-1 9.26516E-1 8.9501E-1 8.87604E-1 8.90137E-1 9.53675E-1 9.52948E-1 8.77601E-1 9.9283E-1 9.96977E-1 9.5018E-1 9.85842E-1 9.88625E-1 8.32603E-1 9.70137E-1 9.78191E-1 9.79494E-1 9.87786E-1 9.97247E-1 9.91794E-1 9.7729E-1 8.68062E-1 9.43911E-1 8.96653E-1 8.35849E-1 9.70465E-1 9.70528E-1 9.90339E-1 9.88948E-1 9.63451E-1 9.6762E-1 9.69447E-1 9.65097E-1 8.90572E-1
-9999 -9999 -9999 -9999 -9999 7.45447E-1 6.98126E-1 6.84202E-1 6.29794E-1 6.73138E-1 6.77311E-1 6.7329E-1 5.97149E-1 6.48566E-1 7.54813E-1 7.40518E-1 7.5156E-1 6.6073E-1 7.9548E-1 7.15713E-1 6.11377E-1 6.71872E-1 6.55301E-1 6.44118E-1 6.73362E-1 6.2409E-1 6.36689E-1 7.15162E-1 6.88342E-1 7.55069E-1 7.54786E-1 8.49699E-1 7.79911E-1 8.79078E-1 9.08376E-1 9.21786E-1 9.00589E-1 9.16391E-1 9.30405E-1 8.95338E-1 8.82467E-1 9.63078E-1 9.95388E-1 9.91571E-1 9.96025E-1 9.79179E-1 8.55532E-1 9.61589E-1 8.84145E-1 9.39088E-1 9.91948E-1 9.75365E-1 9.74003E-1 9.64643E-1 9.60482E-1 9.63975E-1 9.77607E-1 9.92431E-1 9.74174E-1 9.8849E-1 8.65278E-1 8.80403E-1 9.64578E-1 9.64871E-1 9.69729E-1 8.29609E-1 8.88819E-1
-9999 -9999 -9999 -9999 -9999 7.09793E-1 5.57504E-1 5.66237E-1 7.141E-1 5.5418E-1 5.85061E-1 5.08684E-1 5.91327E-1 5.78772E-1 6.32909E-1 6.04024E-1 7.53817E-1 8.36674E-1 7.38553E-1 5.88195E-1 5.79984E-1 5.9525E-1 5.12543E-1 6.24593E-1 6.20203E-1 6.57121E-1 6.63894E-1 6.80989E-1 7.88582E-1 7.5796E-1 8.38064E-1 7.77267E-1 9.08088E-1 7.94751E-1 8.44271E-1 8.8923E-1 9.56668E-1 9.53984E-1 9.4155E-1 9.56222E-1 9.75218E-1 9.41568E-1 9.69065E-1 9.66599E-1 9.92195E-1 9.80326E-1 9.2592E-1 9.78176E-1 9.76955E-1 9.75493E-1 9.65449E-1 9.5093E-1 9.44579E-1 9.63703E-1 9.35702E-1 9.33504E-1 7.69646E-1 9.7854E-1 9.7568E-1 9.78277E-1 9.72501E-1 9.77379E-1 9.81307E-1 9.85399E-1 9.79768E-1 8.8453E-1 9.12173E-1
-9999 -9999 -9999 -9999 -9999 5.5275E-1 6.67755E-1 5.21467E-1 5.98799E-1 6.80167E-1 7.9456E-1 6.21408E-1 6.39303E-1 6.97066E-1 6.62147E-1 6.68373E-1 4.9726E-1 6.11986E-1 6.18144E-1 5.79087E-1 6.8979E-1 5.55294E-1 6.20284E-1 5.86566E-1 6.37323E-1 6.53993E-1 6.91979E-1 7.34365E-1 7.25462E-1 8.39349E-1 7.87165E-1 7.50741E-1 7.93124E-1 8.8027E-1 8.43854E-1 8.38713E-1 8.80393E-1 8.65684E-1 9.22079E-1 9.43541E-1 9.10796E-1 9.78049E-1 9.33906E-1 9.3573E-1 9.8754E-1 9.91657E-1 8.84173E-1 9.35731E-1 9.01776E-1 9.43958E-1 9.45283E-1 9.35279E-1 9.13917E-1 9.48816E-1 9.25917E-1 9.18823E-1 9.51418E-1 8.29612E-1 9.86923E-1 9.69797E-1 7.81243E-1 9.21719E-1 8.22016E-1 9.72791E-1 9.7458E-1 8.3653E-1 8.76513E-1
-9999 -9999 -9999 -9999 -9999 5.09055E-1 4.16923E-1 5.29226E-1 5.37025E-1 6.76453E-1 7.28378E-1 6.7361E-1 7.03959E-1 6.55784E-1 7.29711E-1 6.568E-1 6.30201E-1 6.5862E-1 7.12737E-1 7.01763E-1 6.52965E-1 6.70996E-1 6.78778E-1 7.64765E-1 6.75203E-1 7.63145E-1 6.5412E-1 7.48214E-1 6.84491E-1 8.27044E-1 7.32392E-1 8.09727E-1 8.97943E-1 8.57422E-1 8.74212E-1 8.71603E-1 9.10376E-1 8.96948E-1 8.39386E-1 9.04876E-1 9.43356E-1 8.52084E-1 9.35776E-1 9.14193E-1 9.7317E-1 8.90071E-1 9.27578E-1 9.76695E-1 9.5018E-1 9.59945E-1 9.43705E-1 9.72078E-1 9.23022E-1 8.98676E-1 9.2952E-1 9.52562E-1 9.60958E-1 9.57404E-1 7.8892E-1 7.68977E-1 9.38437E-1 9.83087E-1 9.2306E-1 9.87262E-1 8.10581E-1 8.92266E-1 8.30819E-1
-9999 -9999 -9999 -9999 -9999 4.82092E-1 3.993E-1 4.6212E-1 5.41386E-1 6.13607E-1 6.96382E-1 7.08037E-1 7.6932E-1 7.61889E-1 6.80809E-1 6.58862E-1 6.83478E-1 6.87891E-1 7.45334E-1 6.4411E-1 6.58119E-1 6.8701E-1 6.64659E-1 7.98586E-1 6.88076E-1 6.17327E-1 6.6344E-1 8.23433E-1 7.92776E-1 7.60319E-1 8.05167E-1 8.16138E-1 8.35482E-1 8.27978E-1 8.85007E-1 8.69175E-1 8.87087E-1 8.25218E-1 8.87612E-1 8.66854E-1 8.99997E-1 8.87926E-1 9.12746E-1 7.6585E-1 8.6427E-1 9.15002E-1 9.73184E-1 8.76785E-1 9.36005E-1 9.41966E-1 9.51794E-1 9.61826E-1 9.42303E-1 9.58316E-1 9.45634E-1 9.36508E-1 9.23221E-1 8.49579E-1 8.42048E-1 9.93433E-1 9.85775E-1 9.73705E-1 9.43994E-1 9.86681E-1 9.49008E-1 9.70371E-1 8.99322E-1
-9999 -9999 -9999 -9999 -9999 4.04537E-1 3.80474E-1 4.70904E-1 4.70526E-1 5.75557E-1 6.3091E-1 6.23837E-1 6.50827E-1 6.61612E-1 5.86633E-1 6.82833E-1 7.21425E-1 6.49101E-1 6.90121E-1 7.32507E-1 6.22213E-1 5.83284E-1 7.13899E-1 6.75907E-1 5.98947E-1 5.84021E-1 6.70808E-1 6.82603E-1 8.07049E-1 7.52785E-1 7.13781E-1 7.75973E-1 8.41179E-1 9.00177E-1 8.5616E-1 8.63016E-1 9.49128E-1 9.01263E-1 8.89043E-1 8.58384E-1 9.0676E-1 8.26146E-1 7.80801E-1 8.53757E-1 8.31867E-1 9.69477E-1 9.67826E-1 7.93442E-1 9.51207E-1 9.36498E-1 7.82956E-1 9.75127E-1 9.54744E-1 9.73707E-1 9.59069E-1 9.59489E-1 7.69584E-1 8.08362E-1 8.34304E-1 9.54947E-1 9.84551E-1 9.8423E-1 9.92699E-1 9.83817E-1 9.3902E-1 9.11022E-1 8.1272E-1
-9999 -9999 -9999 -9999 -9999 3.76067E-1 3.68388E-1 5.06559E-1 5.0579E-1 5.417E-1 7.0329E-1 7.89146E-1 5.91504E-1 5.51199E-1 7.04906E-1 7.76694E-1 7.93617E-1 8.28796E-1 7.55514E-1 7.38503E-1 7.92788E-1 6.65215E-1 7.49227E-1 6.99462E-1 6.9874E-1 6.28148E-1 6.71721E-1 6.83654E-1 7.79785E-1 7.80862E-1 7.39861E-1 7.37747E-1 7.24717E-1 8.32149E-1 8.86438E-1 9.0743E-1 8.84865E-1 9.04798E-1 8.74336E-1 9.42707E-1 9.60536E-1 9.40171E-1 8.3571E-1 8.93477E-1 9.13898E-1 9.41318E-1 9.78687E-1 8.59226E-1 9.30384E-1 8.98656E-1 8.59475E-1 9.87898E-1 9.77475E-1 8.47685E-1 9.5038E-1 9.6312E-1 9.63904E-1 8.50488E-1 9.866E-1 9.92519E-1 9.99112E-1 9.98149E-1 9.94736E-1 9.63433E-1 9.90391E-1 9.68361E-1 9.8562E-1
-9999 -9999 -9999 -9999 -9999 -9999 -9999 3.69047E-1 6.73172E-1 4.96809E-1 5.64683E-1 4.68399E-1 6.02632E-1 6.41033E-1 5.36824E-1 6.91086E-1 5.91876E-1 6.68524E-1 7.03551E-1 7.00068E-1 7.39284E-1 6.75331E-1 5.9684E-1 5.87103E-1 6.01042E-1 6.67988E-1 8.06425E-1 7.78393E-1 7.44005E-1 6.8736E-1 7.73549E-1 7.08271E-1 7.98008E-1 8.39078E-1 8.13472E-1 9.2734E-1 9.53348E-1 9.4294E-1 9.42987E-1 9.4967E-1 9.21839E-1 9.85165E-1 8.73547E-1 9.9175E-1 9.87809E-1 9.25814E-1 9.94061E-1 9.78139E-1 9.60294E-1 9.96461E-1 9.93769E-1 9.91211E-1 9.04473E-1 9.78953E-1 9.6972E-1 9.6252E-1 9.76405E-1 9.39465E-1 9.15968E-1 9.98728E-1 9.9976E-1 9.99968E-1 9.99687E-1 9.97663E-1 9.9955E-1 9.98931E-1 9.99493E-1
-9999 -9999 -9999 -9999 -9999 -9999 -9999 -9999 -9999 7.18953E-1 5.49349E-1 5.32371E-1 5.83573E-1 5.04001E-1 6.37951E-1 7.21892E-1 7.11731E-1 8.40449E-1 6.77292E-1 7.48612E-1 7.6689E-1 6.45224E-1 6.13998E-1 5.93552E-1 6.26676E-1 6.3863E-1 6.85484E-1 7.77326E-1 6.31703E-1 7.33214E-1 7.26669E-1 7.75531E-1 8.68075E-1 7.85283E-1 8.7867E-1 8.79873E-1 8.82064E-1 9.43912E-1 9.50373E-1 8.91141E-1 9.41281E-1 9.86681E-1 8.76241E-1 9.32925E-1 9.99289E-1 9.94159E-1 9.9742E-1 9.99478E-1 9.98927E-1 9.98031E-1 9.98798E-1 9.97819E-1 9.97589E-1 9.97162E-1 9.76946E-1 9.45336E-1 9.50178E-1 9.9724E-1 9.86018E-1 9.98888E-1 9.94386E-1 9.97651E-1 9.98877E-1 9.951E-1 9.99589E-1 9.98138E-1 9.981E-1
