ENM/Final_Models/M_0.9_F_q_Set_1_EC/Gustavia_santanderiensis_7_Choco.asc
ncols         367
nrows         963
xllcorner     -78.6
yllcorner     0.65
cellsize      0.00833333333333323
NODATA_value  -9999
[rows 160 to 191 of 963, columns 71 to 141 of 367]
-9999 -9999 -9999 -9999 -9999 -9999 -9999 -9999 -9999 -9999 -9999 -9999 -9999 -9999 -9999 -9999 -9999 -9999 -9999 -9999 -9999 5.81156E-3 3.30792E-3 1.24271E-3 1.80994E-3 6.95945E-4 4.25442E-4 1.34992E-3 1.21752E-3 9.02273E-4 2.82229E-3 2.38109E-3 5.5181E-3 1.99105E-3 3.65115E-3 3.26825E-3 5.86051E-3 3.75038E-3 -9999 -9999 3.27065E-3 8.46588E-3 8.53971E-3 8.13059E-3 1.18528E-2 1.73868E-2 2.58606E-2 4.78777E-2 3.38768E-2 2.59239E-2 5.95607E-3 3.40769E-3 5.35703E-3 4.36858E-3 3.37915E-3 3.87617E-3 4.10378E-3 4.82719E-3 6.02664E-3 4.68883E-3 5.58443E-3 1.97532E-3 2.29165E-3 4.09395E-3 2.61607E-3 3.06041E-3 5.98575E-3 5.30715E-3 3.06721E-3 1.35119E-3 2.10267E-3
-9999 -9999 -9999 -9999 -9999 -9999 -9999 -9999 -9999 -9999 -9999 -9999 -9999 -9999 -9999 -9999 -9999 -9999 -9999 -9999 7.64771E-3 4.34579E-3 4.77843E-3 2.29206E-3 8.5161E-4 1.22485E-3 8.67897E-4 9.24901E-4 5.82554E-4 4.50949E-4 9.31382E-4 1.67432E-3 1.16699E-3 1.10223E-3 2.79601E-3 3.47867E-3 3.40446E-3 2.1648E-3 3.06858E-3 1.25712E-3 4.65013E-3 3.36587E-3 6.00094E-3 9.9647E-3 1.29687E-2 1.74747E-2 2.75586E-2 1.19511E-2 1.36446E-2 9.67413E-3 3.39202E-3 3.65577E-3 5.13163E-3 2.75285E-3 3.63696E-3 4.23661E-3 3.79468E-3 4.52948E-3 3.96025E-3 4.10698E-3 3.5904E-3 6.70712E-3 1.79147E-3 3.85566E-3 3.61784E-3 4.24174E-3 1.82863E-3 3.91541E-3 3.19452E-3 1.2349E-3 3.76743E-3
-9999 -9999 -9999 -9999 -9999 -9999 -9999 -9999 -9999 -9999 -9999 -9999 -9999 -9999 -9999 -9999 -9999 -9999 -9999 -9999 4.25775E-3 3.60891E-3 3.37132E-3 1.93796E-3 1.43478E-3 1.22363E-3 1.19866E-3 9.61849E-4 4.9614E-4 1.28504E-3 2.29375E-3 3.0797E-3 1.62359E-3 1.37358E-3 3.57363E-3 3.38546E-3 3.90992E-3 3.3354E-3 3.33116E-3 1.60707E-3 2.35421E-3 7.10672E-3 5.48509E-3 8.12859E-3 3.33823E-3 4.08162E-3 6.9845E-3 1.10475E-2 5.76457E-3 4.33147E-3 3.09064E-3 1.59836E-3 2.36175E-3 1.09546E-2 5.60181E-3 7.2642E-3 6.06265E-3 5.84975E-3 4.00372E-3 3.93957E-3 5.68755E-3 4.53667E-3 5.59753E-3 6.35948E-3 2.54106E-3 5.77077E-3 1.30795E-3 6.92272E-4 1.38394E-3 4.3518E-3 2.22233E-3
-9999 -9999 -9999 -9999 -9999 -9999 -9999 -9999 -9999 -9999 -9999 -9999 -9999 -9999 -9999 -9999 -9999 -9999 -9999 -9999 1.87577E-3 2.6123E-3 6.45884E-3 2.68897E-3 2.49553E-3 1.35577E-3 1.01125E-3 1.79432E-3 5.83888E-4 1.59716E-3 1.55206E-3 1.66891E-3 3.06955E-3 2.95324E-3 2.65552E-3 4.13111E-3 4.93941E-3 4.16733E-3 4.40897E-3 2.42432E-3 1.07798E-3 1.01889E-3 5.66715E-3 2.56915E-3 2.49561E-3 4.21207E-3 3.86E-3 6.08692E-3 7.10678E-3 8.92697E-3 4.75948E-3 2.54415E-3 3.85268E-3 4.49881E-3 4.82494E-3 9.43793E-3 4.16655E-3 2.85896E-3 4.27477E-3 1.09019E-2 3.97632E-3 4.04171E-3 4.57733E-3 3.26254E-3 5.57993E-3 5.21388E-3 1.52E-3 2.5407E-3 1.90582E-3 4.26135E-3 6.10088E-3
-9999 -9999 -9999 -9999 -9999 -9999 -9999 -9999 -9999 -9999 -9999 -9999 -9999 -9999 -9999 -9999 -9999 -9999 -9999 1.56174E-3 1.59035E-3 4.98347E-3 3.74433E-3 2.55445E-3 2.17629E-3 1.31201E-3 3.49595E-3 3.81106E-3 2.72157E-3 3.99972E-3 4.33681E-3 3.15751E-3 1.98763E-3 1.6704E-3 8.16209E-3 1.14193E-2 7.64862E-3 8.8126E-3 6.04237E-3 6.16327E-3 3.36136E-3 3.05817E-3 5.75403E-3 5.83695E-3 4.29405E-3 3.72766E-3 3.66899E-3 4.62304E-3 4.66555E-3 5.19742E-3 5.71064E-3 3.7696E-3 3.52679E-3 2.80898E-3 3.24687E-3 7.31165E-3 5.41701E-3 4.40097E-3 6.55559E-3 1.41569E-2 7.40486E-3 3.22151E-3 2.27728E-3 3.64789E-3 3.12443E-3 3.33403E-3 2.24918E-3 2.536E-3 4.70481E-3 6.52655E-3 3.21233E-3
-9999 -9999 -9999 -9999 -9999 -9999 -9999 -9999 -9999 -9999 -9999 -9999 -9999 -9999 -9999 -9999 -9999 -9999 -9999 4.28738E-3 2.90013E-3 3.51338E-3 4.69211E-3 2.00125E-3 2.20236E-3 1.94434E-3 2.16358E-3 1.95753E-3 3.02235E-3 2.1398E-3 3.0824E-3 1.33693E-3 2.42498E-3 2.27306E-3 3.22313E-3 1.43283E-2 5.43585E-3 3.92429E-3 2.32757E-3 2.27686E-3 1.35607E-3 1.6315E-3 4.43035E-3 3.31074E-3 3.7941E-3 5.06296E-3 5.57875E-3 5.4955E-3 4.15135E-3 4.62686E-3 4.42609E-3 6.72459E-3 7.82017E-3 4.83251E-3 6.37885E-3 7.49332E-3 8.37648E-3 3.74768E-3 6.12365E-3 5.85303E-3 1.05414E-2 5.32268E-3 3.16358E-3 5.15996E-3 2.24679E-3 1.45146E-3 2.26978E-3 7.45881E-3 2.53939E-3 4.59094E-3 3.27176E-3
-9999 -9999 -9999 -9999 -9999 -9999 -9999 -9999 -9999 -9999 -9999 -9999 -9999 -9999 -9999 -9999 -9999 -9999 2.48903E-3 1.85402E-3 2.68162E-3 2.10658E-3 3.86553E-3 2.44596E-3 2.44385E-3 2.45337E-3 1.95504E-3 2.45774E-3 2.18448E-3 2.72039E-3 5.3762E-3 1.99752E-3 1.04485E-3 2.23249E-3 2.56117E-3 5.67676E-3 5.34379E-3 5.14902E-3 1.9846E-3 1.81507E-3 3.50803E-3 3.51307E-3 3.56866E-3 2.29952E-3 3.68405E-3 3.8079E-3 4.66504E-3 2.18281E-3 4.31127E-3 5.5733E-3 4.20602E-3 7.50518E-3 9.32325E-3 6.35308E-3 4.4954E-3 9.24508E-3 9.44598E-3 5.43269E-3 6.19111E-3 5.67944E-3 6.8732E-3 1.17779E-2 3.35232E-3 6.11376E-3 1.8733E-3 3.5116E-3 2.19375E-3 1.78883E-3 6.55504E-3 4.40148E-3 3.95192E-3
-9999 -9999 -9999 -9999 -9999 -9999 -9999 -9999 -9999 -9999 -9999 -9999 -9999 -9999 -9999 -9999 -9999 -9999 3.15404E-3 3.19577E-3 3.63393E-3 3.33947E-3 6.19494E-3 3.93019E-3 3.90522E-3 2.67541E-3 1.44527E-3 1.71858E-3 2.57226E-3 1.94145E-3 5.28155E-3 2.08518E-3 1.94395E-3 1.49303E-3 3.26079E-3 4.1417E-3 4.72162E-3 1.1948E-2 5.75686E-3 4.15572E-3 6.17708E-3 8.18917E-3 1.55859E-2 8.45937E-3 2.84043E-3 2.63195E-3 1.84018E-3 2.48316E-3 2.92575E-3 2.53525E-3 5.02903E-3 6.30296E-3 1.1573E-2 8.28384E-3 5.07011E-3 1.115E-2 6.81955E-3 7.57313E-3 1.41888E-2 9.25884E-3 8.15137E-3 5.71736E-3 4.18625E-3 3.39895E-3 5.99518E-3 5.40837E-3 7.86068E-3 5.32569E-3 5.19167E-3 8.00787E-3 5.94047E-3
-9999 -9999 -9999 -9999 -9999 -9999 -9999 -9999 -9999 -9999 -9999 -9999 -9999 -9999 -9999 -9999 -9999 1.38659E-3 2.49422E-3 2.21613E-3 5.28482E-3 9.97392E-3 9.55811E-3 6.95548E-3 4.55523E-3 2.83375E-3 1.40059E-3 2.41809E-3 3.34248E-3 1.79275E-3 1.99318E-3 2.41234E-3 1.41016E-3 1.96684E-3 2.64437E-3 3.04463E-3 6.5107E-3 7.57089E-3 6.8273E-3 7.43907E-3 1.02638E-2 9.4456E-3 5.77339E-3 4.61112E-3 2.7108E-3 3.78729E-3 2.62863E-3 3.2545E-3 4.85399E-3 2.22049E-3 2.07665E-3 9.16838E-3 8.72057E-3 1.02515E-2 6.87701E-3 1.36661E-2 1.06547E-2 3.80152E-3 8.91279E-3 5.92735E-3 5.15904E-3 4.33477E-3 7.2609E-3 5.37166E-3 3.28789E-3 3.37536E-3 2.91078E-3 3.70256E-3 6.82613E-3 4.2944E-3 4.0371E-3
-9999 -9999 -9999 -9999 -9999 -9999 -9999 -9999 -9999 -9999 -9999 -9999 -9999 -9999 -9999 -9999 -9999 2.77584E-4 1.0111E-3 2.63531E-3 2.40022E-3 4.90313E-3 1.44705E-2 7.02678E-3 9.25479E-4 3.15927E-3 3.76536E-3 4.15527E-3 3.42765E-3 1.18161E-3 1.59848E-3 1.67466E-3 1.7205E-3 1.08567E-3 1.34019E-3 5.53117E-3 8.00726E-3 1.35283E-2 7.91868E-3 8.71614E-3 1.12711E-2 1.05053E-2 1.05605E-2 8.55649E-3 5.4338E-3 6.18457E-3 6.21693E-3 5.97438E-3 5.69942E-3 4.59253E-3 4.50398E-3 8.97013E-3 1.30556E-2 1.33048E-2 4.74988E-3 1.08379E-2 7.35029E-3 5.72054E-3 1.11964E-2 8.73183E-3 3.98068E-3 2.18918E-3 2.88512E-3 3.26795E-3 4.75495E-3 2.43321E-3 2.92384E-3 3.08383E-3 3.83306E-3 4.59573E-3 1.67813E-2
-9999 -9999 -9999 -9999 -9999 -9999 -9999 -9999 -9999 -9999 -9999 -9999 -9999 -9999 -9999 -9999 2.30695E-5 8.19283E-5 8.44763E-4 1.24215E-3 3.06381E-3 4.18267E-3 7.86324E-3 1.20904E-2 8.61965E-3 1.57797E-3 1.23264E-3 9.92577E-4 7.83863E-4 1.05051E-3 2.10118E-3 1.3892E-3 1.39078E-3 2.70974E-3 2.58363E-3 7.69417E-3 8.27801E-3 3.77828E-3 3.35633E-3 6.01649E-3 6.82844E-3 6.83495E-3 4.62776E-3 8.31581E-3 7.9061E-3 6.74584E-3 6.21895E-3 7.69547E-3 1.02755E-2 1.1181E-2 9.60689E-3 1.16796E-2 1.46756E-2 8.81233E-3 9.18218E-3 1.54215E-2 6.93944E-3 4.90019E-3 5.52171E-3 6.52096E-3 5.6252E-3 3.83737E-3 3.87827E-3 2.61628E-3 3.55997E-3 3.38756E-3 3.51271E-3 3.44629E-3 3.24142E-3 5.30282E-3 1.23245E-2
-9999 -9999 -9999 -9999 -9999 -9999 -9999 -9999 -9999 -9999 -9999 -9999 -9999 -9999 -9999 -9999 2.60844E-5 5.16035E-5 2.39685E-4 2.35297E-3 2.22437E-3 3.5409E-3 3.86378E-3 7.19865E-3 4.56309E-3 1.79129E-3 1.15492E-3 1.25931E-3 1.10379E-3 1.14279E-3 1.40336E-3 2.65631E-3 4.44635E-3 5.58517E-3 5.66503E-3 6.81647E-3 1.32283E-3 7.49163E-4 3.83512E-4 1.99161E-3 3.13255E-3 5.50727E-3 4.14442E-3 1.02555E-2 1.19058E-2 7.55991E-3 7.80021E-3 6.92662E-3 1.35924E-2 1.25813E-2 1.41408E-2 1.38828E-2 1.33394E-2 9.35512E-3 1.17723E-2 6.47385E-3 9.27371E-3 2.25846E-3 3.83095E-3 4.72156E-3 4.53194E-3 2.65009E-3 4.48877E-3 3.14141E-3 5.19028E-3 3.92265E-3 3.07463E-3 4.74023E-3 8.14006E-3 1.42292E-2 2.05641E-2
-9999 -9999 -9999 -9999 -9999 -9999 -9999 -9999 -9999 -9999 -9999 -9999 -9999 -9999 -9999 4.73822E-4 8.50648E-5 8.06219E-5 2.15991E-4 1.55722E-3 2.88757E-3 3.64498E-3 3.30697E-3 3.63998E-3 2.27753E-3 1.71134E-3 1.17178E-3 1.59376E-3 1.13734E-3 1.38974E-3 7.8245E-4 4.03722E-3 7.07412E-3 7.67274E-3 2.94986E-3 2.15017E-3 6.8627E-4 1.20042E-3 4.48696E-4 3.69499E-4 7.04637E-4 3.00393E-3 1.63217E-3 5.79336E-3 9.55209E-3 8.55965E-3 8.63366E-3 8.94568E-3 1.04817E-2 1.1032E-2 1.02826E-2 8.20822E-3 7.4936E-3 7.36792E-3 8.81801E-3 6.99588E-3 8.08773E-3 4.51884E-3 5.76834E-3 6.21979E-3 3.02553E-3 2.74379E-3 5.75068E-3 5.28552E-3 5.35061E-3 5.39714E-3 2.45834E-3 5.41852E-3 6.89321E-3 2.46933E-2 1.97121E-2
-9999 -9999 -9999 -9999 -9999 -9999 -9999 -9999 -9999 -9999 -9999 -9999 -9999 -9999 -9999 2.38611E-3 6.63816E-4 3.46244E-4 2.23348E-4 8.56502E-4 3.31254E-3 2.39348E-3 1.34906E-3 3.97641E-3 1.17923E-3 8.485E-4 1.35984E-3 1.52398E-3 1.53858E-3 1.2369E-3 1.5605E-3 3.37804E-3 7.70957E-3 7.87792E-3 2.95597E-3 1.26725E-3 5.67647E-4 8.22652E-4 5.6899E-4 3.43354E-4 6.4817E-4 8.18224E-4 1.85153E-3 3.72039E-3 1.07697E-2 1.28089E-2 1.1537E-2 6.70987E-3 1.03411E-2 1.3119E-2 8.69406E-3 1.02686E-2 6.42949E-3 6.69454E-3 1.34094E-2 1.02329E-2 8.81628E-3 5.68975E-3 3.90936E-3 1.84391E-3 2.14564E-3 4.40363E-3 3.68432E-3 3.995E-3 4.4044E-3 6.19538E-3 6.51807E-3 6.7971E-3 1.77109E-2 1.67166E-2 1.92996E-2
-9999 -9999 -9999 -9999 -9999 -9999 -9999 -9999 -9999 -9999 -9999 -9999 -9999 -9999 -9999 1.13754E-2 8.02158E-3 1.91126E-3 1.47938E-3 1.54253E-3 2.40568E-3 5.13295E-3 3.52195E-3 1.67321E-3 1.74006E-3 1.85264E-3 1.52863E-3 1.25687E-3 1.44316E-3 5.54933E-3 2.14891E-3 3.37588E-3 9.53523E-3 8.58888E-3 4.84209E-3 1.05486E-3 1.62087E-4 1.47518E-4 1.88002E-4 2.56948E-4 3.49748E-4 1.77285E-4 2.4583E-4 1.15304E-3 4.16206E-3 4.80968E-3 1.00423E-2 1.05768E-2 1.36005E-2 8.79112E-3 7.66631E-3 2.16606E-3 1.43492E-2 1.33267E-2 1.43428E-2 5.34978E-3 4.85163E-3 6.80524E-3 6.08017E-3 3.00945E-3 2.86366E-3 3.78084E-3 2.88813E-3 4.46017E-3 6.1556E-3 7.54455E-3 2.03314E-2 1.67376E-2 2.53926E-2 1.25704E-2 1.28103E-2
-9999 -9999 -9999 -9999 -9999 -9999 -9999 -9999 -9999 -9999 -9999 -9999 -9999 -9999 -9999 -9999 9.80746E-3 1.27655E-2 4.67064E-3 2.09785E-3 2.94727E-3 3.87765E-3 3.47605E-3 5.66084E-4 2.40546E-3 1.20029E-3 1.81156E-3 1.64947E-3 2.43466E-3 5.03069E-3 4.13572E-3 7.51541E-3 6.70505E-3 2.05455E-2 1.36426E-3 1.87465E-3 4.12136E-4 2.05089E-4 4.07222E-4 1.60592E-4 1.8492E-4 1.57679E-4 3.15598E-4 7.58365E-4 1.09074E-3 1.86931E-3 4.10737E-3 4.31675E-3 5.33483E-3 6.4403E-3 5.95294E-3 9.89317E-3 2.30259E-2 2.14841E-2 1.61294E-2 7.60508E-3 6.10233E-3 9.98638E-3 7.66322E-3 2.55912E-3 2.88021E-3 7.37477E-3 5.29989E-3 7.18212E-3 1.17232E-2 1.91692E-2 1.98035E-2 2.07598E-2 3.4651E-2 2.41702E-2 1.21525E-2
-9999 -9999 -9999 -9999 -9999 -9999 -9999 -9999 -9999 -9999 -9999 -9999 -9999 -9999 -9999 -9999 -9999 8.04684E-3 1.10192E-2 6.78804E-3 6.06603E-3 4.2397E-3 4.39405E-3 2.38806E-3 1.49606E-3 1.91837E-3 1.32489E-3 3.49599E-3 2.95143E-3 3.84017E-3 3.86598E-3 8.07404E-3 1.33576E-2 1.92154E-2 3.37927E-3 2.10087E-3 1.00265E-3 1.43476E-3 1.04622E-3 6.30726E-4 6.06531E-4 9.55361E-4 2.91858E-4 2.82896E-4 5.38332E-4 4.0068E-4 7.05563E-4 2.10841E-3 2.64785E-3 4.02587E-3 3.71856E-3 2.16192E-2 1.81305E-2 1.41136E-2 1.37571E-2 2.81812E-3 5.02427E-3 6.40871E-3 6.16895E-3 5.56402E-3 4.71441E-3 3.17341E-3 6.11499E-3 7.81292E-3 1.69742E-2 3.03413E-2 2.18487E-2 1.79289E-2 1.01447E-2 1.21153E-2 1.15312E-2
-9999 -9999 -9999 -9999 -9999 -9999 -9999 -9999 -9999 -9999 -9999 -9999 -9999 -9999 -9999 -9999 -9999 1.77617E-3 4.88965E-3 6.79105E-3 9.91074E-3 3.44104E-3 3.2781E-3 4.97135E-3 1.64109E-3 1.45626E-3 1.67901E-3 2.95136E-3 4.25333E-3 3.08804E-3 4.11498E-3 7.62136E-3 1.89006E-2 1.47556E-2 3.6305E-3 2.94745E-3 3.68577E-3 2.18292E-3 2.94652E-3 1.60651E-3 1.51314E-3 1.47734E-3 6.00059E-4 4.31991E-4 4.33254E-4 3.96168E-4 5.23272E-4 1.0873E-3 1.12065E-3 2.57773E-3 2.07313E-3 1.07033E-2 8.87522E-3 1.02745E-2 5.9618E-3 4.55304E-3 4.86769E-3 7.90043E-3 7.15496E-3 4.91504E-3 5.96878E-3 4.12937E-3 7.00722E-3 1.45001E-2 2.09779E-2 2.56832E-2 1.25288E-2 9.51423E-3 7.56771E-3 6.57E-3 1.00719E-2
-9999 -9999 -9999 -9999 -9999 -9999 -9999 -9999 -9999 -9999 -9999 -9999 -9999 -9999 -9999 -9999 -9999 -9999 -9999 4.39976E-3 3.21336E-3 3.88086E-3 3.98907E-3 4.50462E-3 1.91977E-3 8.73803E-4 1.70256E-3 3.31362E-3 2.14609E-3 2.72451E-3 4.37972E-3 7.98717E-3 6.33691E-3 9.65804E-3 6.13657E-3 4.04873E-3 3.84872E-3 3.72617E-3 4.85166E-3 1.89512E-3 1.24634E-3 1.02952E-3 1.01848E-3 4.80895E-4 4.60128E-4 2.81825E-4 6.03718E-4 8.40555E-4 1.3207E-3 1.59952E-3 1.43468E-3 2.13549E-3 5.06026E-3 6.3589E-3 1.14766E-2 6.5881E-3 6.47078E-3 7.3919E-3 4.60509E-3 6.71899E-3 7.84355E-3 6.83727E-3 7.49686E-3 1.35866E-2 2.27672E-2 2.54394E-2 1.11438E-2 1.34237E-2 1.19993E-2 9.34172E-3 4.92972E-2
-9999 -9999 -9999 -9999 -9999 -9999 -9999 -9999 -9999 -9999 -9999 -9999 -9999 -9999 -9999 -9999 -9999 -9999 -9999 -9999 2.28004E-3 2.69965E-3 3.39082E-3 4.26947E-3 2.79169E-3 1.28472E-3 1.59757E-3 1.8332E-3 1.2542E-3 2.18484E-3 4.61994E-3 5.16771E-3 5.92694E-3 6.87642E-3 8.16409E-3 4.80946E-3 4.22549E-3 3.01713E-3 9.10457E-3 3.87913E-3 2.83803E-3 9.14949E-4 9.00628E-4 7.73873E-4 5.72255E-4 1.56367E-4 2.77229E-4 8.70798E-4 1.12119E-3 1.15093E-3 1.3512E-3 3.35243E-3 7.79475E-3 1.15354E-2 6.91142E-3 6.39013E-3 5.75445E-3 9.66744E-3 4.7593E-3 4.88943E-3 6.40301E-3 5.98981E-3 8.47496E-3 1.53539E-2 1.40713E-2 1.55486E-2 2.07026E-2 2.54202E-2 1.94453E-2 3.55E-2 1.11374E-1
-9999 -9999 -9999 -9999 -9999 -9999 -9999 -9999 -9999 -9999 -9999 -9999 -9999 -9999 -9999 -9999 -9999 -9999 -9999 -9999 -9999 2.97277E-3 3.62438E-3 3.03917E-3 2.88719E-3 1.7056E-3 2.90519E-3 3.1583E-3 3.24199E-3 2.60623E-3 3.0796E-3 3.26073E-3 7.03287E-3 2.16065E-2 1.31086E-2 5.38939E-3 4.15438E-3 6.57562E-3 1.24742E-2 5.13675E-3 5.51923E-3 2.79679E-3 3.27612E-3 1.34166E-3 1.52787E-3 5.525E-4 8.07231E-4 5.25796E-4 7.56857E-4 9.5287E-4 1.00925E-3 5.14389E-3 5.94666E-3 1.13282E-2 9.94754E-3 6.50196E-3 5.23946E-3 6.31799E-3 5.16694E-3 3.11369E-3 5.44938E-3 5.96524E-3 7.59648E-3 1.04112E-2 1.10914E-2 3.06849E-2 2.94903E-2 4.13572E-2 3.40655E-2 6.38775E-2 1.33159E-1
-9999 -9999 -9999 -9999 -9999 -9999 -9999 -9999 -9999 -9999 -9999 -9999 -9999 -9999 -9999 -9999 -9999 -9999 -9999 -9999 -9999 2.37046E-3 2.48447E-3 3.76381E-3 2.86994E-3 3.1797E-3 2.1041E-3 3.00289E-3 4.57001E-3 3.14056E-3 4.12223E-3 4.22978E-3 1.47304E-2 4.2583E-2 3.92889E-2 2.60054E-2 1.28852E-2 7.29779E-3 1.16701E-2 1.15947E-2 5.00957E-3 9.16319E-3 1.0442E-2 8.63047E-3 3.681E-3 1.17901E-3 7.54472E-4 9.71193E-4 1.24358E-3 9.74104E-4 2.22522E-3 9.26427E-3 2.15094E-2 1.04698E-2 1.43551E-2 1.18154E-2 5.75792E-3 3.81149E-3 2.54286E-3 3.57085E-3 8.8616E-3 1.16998E-2 8.71492E-3 7.08189E-3 1.75643E-2 2.84608E-2 4.35536E-2 4.86398E-2 6.26121E-2 9.91716E-2 9.09781E-2
-9999 -9999 -9999 -9999 -9999 -9999 -9999 -9999 -9999 -9999 -9999 -9999 -9999 -9999 -9999 -9999 -9999 -9999 -9999 -9999 -9999 -9999 4.11594E-3 3.78324E-3 2.28583E-3 1.65023E-3 9.51804E-4 1.13626E-3 2.06824E-3 2.49192E-3 2.98503E-3 5.82126E-3 1.15716E-2 2.41756E-2 2.36957E-2 1.51746E-2 1.56552E-2 1.24905E-2 8.69687E-3 4.34337E-3 3.89312E-3 3.19689E-3 6.18085E-3 4.96159E-3 4.26261E-3 3.57473E-3 3.66519E-3 1.94543E-3 2.71168E-3 3.25842E-3 8.52217E-3 1.28252E-2 1.82911E-2 7.16203E-3 1.34279E-2 8.87334E-3 7.63312E-3 2.66509E-3 1.96723E-3 2.85253E-3 9.19717E-3 1.43121E-2 8.41698E-3 7.83404E-3 2.48782E-2 3.90916E-2 6.6534E-2 4.60615E-2 4.63318E-2 9.08481E-2 1.0848E-1
-9999 -9999 -9999 -9999 -9999 -9999 -9999 -9999 -9999 -9999 -9999 -9999 -9999 -9999 -9999 -9999 -9999 -9999 -9999 -9999 -9999 -9999 -9999 -9999 -9999 -9999 1.35169E-3 1.9222E-3 1.61327E-3 2.56763E-3 3.24924E-3 3.56579E-3 6.89181E-3 1.03676E-2 2.98121E-2 2.7072E-2 2.16289E-2 2.13944E-2 1.65622E-2 1.50638E-2 6.95396E-3 4.49924E-3 5.01986E-3 2.1842E-3 4.4044E-3 8.5195E-3 1.61905E-2 7.25942E-3 7.35415E-3 1.1223E-2 1.06666E-2 8.16141E-3 9.9165E-3 1.10709E-2 1.36853E-2 1.87774E-2 6.87164E-3 6.6907E-3 4.04347E-3 4.15801E-3 5.55553E-3 6.38532E-3 1.3974E-2 1.98605E-2 2.78989E-2 2.8408E-2 7.45187E-2 6.45309E-2 6.41322E-2 7.67119E-2 1.09185E-1
-9999 -9999 -9999 -9999 -9999 -9999 -9999 -9999 -9999 -9999 -9999 -9999 -9999 -9999 -9999 -9999 -9999 -9999 -9999 -9999 -9999 -9999 -9999 -9999 -9999 -9999 -9999 -9999 -9999 -9999 -9999 -9999 7.29304E-3 1.30794E-2 2.72856E-2 2.80532E-2 2.48902E-2 4.42324E-2 3.0788E-2 2.47629E-2 1.14868E-2 5.60554E-3 7.47074E-3 4.5495E-3 9.48018E-3 1.13531E-2 1.33948E-2 1.31041E-2 1.77063E-2 3.03604E-2 2.06395E-2 8.36178E-3 7.83241E-3 1.15523E-2 1.29823E-2 1.27136E-2 9.49745E-3 1.29303E-2 6.69788E-3 6.23084E-3 5.57526E-3 3.60194E-3 1.10212E-2 1.79387E-2 1.12367E-2 2.94374E-2 4.95124E-2 9.05128E-2 8.63344E-2 1.01797E-1 1.01483E-1
-9999 -9999 -9999 -9999 -9999 -9999 -9999 -9999 -9999 -9999 -9999 -9999 -9999 -9999 -9999 -9999 -9999 -9999 -9999 -9999 -9999 -9999 -9999 -9999 -9999 -9999 -9999 -9999 -9999 -9999 -9999 -9999 -9999 -9999 -9999 3.80106E-2 5.44863E-2 4.48817E-2 3.43685E-2 3.08449E-2 3.13961E-2 8.92916E-3 9.46244E-3 9.58431E-3 1.22314E-2 1.69015E-2 3.03953E-2 2.56386E-2 1.99574E-2 3.28451E-2 2.80295E-2 8.22376E-3 8.73746E-3 1.39269E-2 1.00865E-2 1.03586E-2 1.001E-2 1.45473E-2 1.81241E-2 9.18006E-3 1.29179E-2 8.43548E-3 1.42159E-2 3.18868E-2 2.71206E-2 5.16497E-2 8.10089E-2 6.5002E-2 8.61363E-2 1.06158E-1 8.53015E-2
-9999 -9999 -9999 -9999 -9999 -9999 -9999 -9999 -9999 -9999 -9999 -9999 -9999 -9999 -9999 -9999 -9999 -9999 -9999 -9999 -9999 -9999 -9999 -9999 -9999 -9999 -9999 -9999 -9999 -9999 -9999 -9999 -9999 -9999 -9999 -9999 -9999 -9999 5.75531E-2 2.07403E-2 2.47443E-2 6.66794E-3 4.86553E-3 9.06509E-3 1.7556E-2 1.64555E-2 2.33966E-2 2.58678E-2 2.56773E-2 1.592E-2 1.97153E-2 1.02417E-2 1.06417E-2 1.82173E-2 1.43993E-2 1.81148E-2 1.7527E-2 3.15978E-2 4.40889E-2 3.27525E-2 3.0509E-2 4.29615E-2 3.70874E-2 2.86332E-2 6.44685E-2 1.2782E-1 1.27333E-1 1.03921E-1 8.28226E-2 5.00255E-2 5.02449E-2
-9999 -9999 -9999 -9999 -9999 -9999 -9999 -9999 -9999 -9999 -9999 -9999 -9999 -9999 -9999 -9999 -9999 -9999 -9999 -9999 -9999 -9999 -9999 -9999 -9999 -9999 -9999 -9999 -9999 -9999 -9999 -9999 -9999 -9999 -9999 -9999 -9999 -9999 -9999 2.58314E-2 2.15293E-2 2.0466E-2 6.26591E-3 9.19653E-3 1.47241E-2 3.32301E-2 4.57461E-2 4.98029E-2 4.32984E-2 1.41277E-2 1.1142E-2 5.37111E-3 7.55723E-3 1.08978E-2 2.75736E-2 4.18124E-2 5.26678E-2 4.2135E-2 6.90984E-2 6.80079E-2 6.92907E-2 6.87261E-2 5.16161E-2 6.81264E-2 7.28467E-2 7.83553E-2 2.2135E-1 1.87639E-1 2.31546E-2 3.12736E-2 2.94912E-2
-9999 -9999 -9999 -9999 -9999 -9999 -9999 -9999 -9999 -9999 -9999 -9999 -9999 -9999 -9999 -9999 -9999 -9999 -9999 -9999 -9999 -9999 -9999 -9999 -9999 -9999 -9999 -9999 -9999 -9999 -9999 -9999 -9999 -9999 -9999 -9999 -9999 -9999 -9999 -9999 3.85455E-2 8.72361E-3 2.15803E-2 1.95172E-2 2.02504E-2 3.36559E-2 3.3851E-2 2.52072E-2 2.50683E-2 6.64672E-3 7.03074E-3 8.06618E-3 7.84116E-3 1.93903E-2 2.8704E-2 2.99964E-2 3.43107E-2 5.81502E-2 8.29211E-2 7.97737E-2 9.08905E-2 9.27287E-2 6.26914E-2 1.16381E-1 2.43767E-1 1.98068E-1 2.27613E-1 1.15875E-1 3.90056E-2 3.81025E-2 2.51119E-2
-9999 -9999 -9999 -9999 -9999 -9999 -9999 -9999 -9999 -9999 -9999 -9999 -9999 -9999 -9999 -9999 -9999 -9999 -9999 -9999 -9999 -9999 -9999 -9999 -9999 -9999 -9999 -9999 -9999 -9999 -9999 -9999 -9999 -9999 -9999 -9999 -9999 -9999 -9999 -9999 -9999 1.83466E-2 1.64456E-2 1.80893E-2 3.73073E-3 1.4409E-2 2.39219E-2 1.79817E-2 8.23852E-3 1.08611E-2 9.34177E-3 1.6618E-2 1.14654E-2 2.93318E-2 3.91628E-2 4.48472E-2 5.06625E-2 6.07721E-2 9.53824E-2 1.03616E-1 1.27125E-1 2.00007E-1 2.1409E-1 4.95882E-1 2.95206E-1 1.48635E-1 1.29941E-1 3.60846E-2 1.2673E-2 1.32663E-2 2.0885E-2
-9999 -9999 -9999 -9999 -9999 -9999 -9999 -9999 -9999 -9999 -9999 -9999 -9999 -9999 -9999 -9999 -9999 -9999 -9999 -9999 -9999 -9999 -9999 -9999 -9999 -9999 -9999 -9999 -9999 -9999 -9999 -9999 -9999 -9999 -9999 -9999 -9999 -9999 -9999 -9999 -9999 -9999 1.26483E-2 1.47321E-2 1.48769E-2 7.86379E-3 1.55794E-2 8.29056E-3 5.0059E-3 5.23308E-3 5.89408E-3 6.58691E-3 4.49913E-3 1.7487E-2 3.29512E-2 5.27278E-2 5.07877E-2 4.4123E-2 9.97937E-2 1.26403E-1 1.97918E-1 3.57499E-1 6.30617E-1 5.26335E-1 2.59966E-1 8.4555E-2 7.16382E-2 1.4656E-2 7.97394E-3 8.19857E-3 1.22871E-2
-9999 -9999 -9999 -9999 -9999 -9999 -9999 -9999 -9999 -9999 -9999 -9999 -9999 -9999 -9999 -9999 -9999 -9999 -9999 -9999 -9999 -9999 -9999 -9999 -9999 -9999 -9999 -9999 -9999 -9999 -9999 -9999 -9999 -9999 -9999 -9999 -9999 -9999 -9999 -9999 -9999 -9999 -9999 3.15571E-2 1.68544E-2 6.51014E-3 2.47701E-2 3.46808E-3 3.22934E-3 4.86734E-3 5.56566E-3 1.04453E-2 3.64581E-3 1.44805E-2 8.86685E-3 3.57089E-2 3.67807E-2 3.92648E-2 7.19015E-2 1.14795E-1 1.30043E-1 2.52691E-1 5.36213E-1 4.85665E-1 2.36904E-1 1.38765E-1 6.94302E-2 2.8833E-2 1.59174E-2 1.1114E-2 1.43815E-2
