ENM/Final_Models/M_0.9_F_q_Set_1_EC/Gustavia_santanderiensis_0_Choco.asc
ncols         367
nrows         963
xllcorner     -78.6
yllcorner     0.65
cellsize      0.00833333333333323
NODATA_value  -9999
[rows 750 to 779 of 963, columns 134 to 200 of 367]
9.50401E-5 4.97738E-5 1.36309E-5 1.85098E-6 8.37922E-7 3.157E-7 2.42468E-7 5.69335E-8 4.24208E-8 1.41404E-6 2.21516E-6 5.04173E-7 1.37827E-7 5.63156E-8 8.95954E-9 2.29048E-9 1.57225E-9 2.90732E-9 3.61315E-8 2.09056E-7 1.04759E-6 3.4552E-6 1.2405E-5 1.82734E-5 3.88871E-5 3.07168E-5 1.89257E-5 1.65587E-6 8.96973E-6 4.27622E-5 2.73926E-4 8.01772E-4 6.38335E-4 1.18163E-4 1.37855E-4 3.5749E-6 2.50079E-7 9.28504E-8 4.3716E-8 2.10833E-8 1.86351E-8 8.2406E-8 4.13382E-7 3.76957E-6 1.37267E-5 6.86631E-5 9.72054E-5 1.08263E-5 9.59971E-5 9.9956E-5 3.14751E-5 8.36207E-6 2.14915E-6 2.15587E-7 1.39238E-8 7.98901E-9 3.0567E-8 8.17094E-9 5.06355E-9 1.01422E-8 3.41188E-8 1.46324E-7 1.86401E-7 1.47909E-7 8.89809E-7 2.03704E-6 7.20174E-7
1.21035E-4 7.25385E-5 1.82008E-5 2.77715E-6 4.36543E-7 5.53607E-8 3.47448E-9 4.80306E-9 1.09046E-8 1.97177E-7 2.72907E-8 1.52966E-8 7.51661E-9 1.97194E-9 1.30725E-9 1.26122E-9 1.95637E-9 2.21017E-8 4.33518E-8 4.26345E-7 1.18181E-6 3.96422E-6 7.91518E-6 1.73012E-5 2.84581E-6 2.45678E-6 2.15795E-5 2.29933E-6 1.82129E-6 1.76074E-5 1.46227E-4 5.38788E-4 9.9499E-4 2.56493E-4 2.91009E-5 3.34614E-7 3.05947E-8 1.11751E-7 1.59084E-7 2.62683E-8 6.03098E-9 1.00197E-8 8.10787E-8 3.92606E-7 1.00583E-5 7.08959E-5 7.99708E-6 9.48634E-6 4.10492E-5 3.61013E-5 1.08561E-5 3.20233E-6 1.75485E-7 1.44639E-7 1.74219E-8 1.27719E-8 8.55076E-9 1.13727E-8 1.01754E-8 9.25915E-9 3.19897E-8 1.18267E-7 3.48176E-7 1.74513E-6 8.73511E-6 1.21908E-5 2.27948E-6
1.12123E-4 4.78991E-5 4.87425E-6 9.49865E-7 2.24871E-8 6.75729E-9 1.84307E-9 2.57104E-9 1.99151E-8 2.26032E-8 4.70064E-9 1.74989E-9 7.27916E-10 1.00358E-9 1.8048E-9 4.48258E-9 2.47947E-9 4.37869E-8 1.4748E-7 2.30273E-7 5.6927E-7 6.70537E-7 1.46976E-6 4.02269E-6 3.68003E-7 1.88222E-6 3.76106E-6 2.36461E-7 1.43385E-7 5.08601E-6 6.501E-5 2.21885E-4 1.05714E-3 1.93945E-4 3.22692E-5 1.46615E-5 2.1149E-7 1.52649E-7 9.69729E-9 1.14696E-8 7.11297E-9 3.25064E-9 5.53466E-8 1.18706E-6 5.32941E-6 3.54196E-6 2.07626E-6 2.63133E-5 1.62843E-5 3.46307E-6 8.92978E-7 1.8153E-7 4.95292E-8 1.42177E-8 7.45591E-9 6.33856E-8 6.36109E-8 2.02663E-8 4.16464E-9 1.24557E-8 4.99357E-8 1.58756E-7 3.97009E-6 7.43433E-6 1.13553E-5 4.7464E-5 1.53818E-5
4.53301E-5 1.69817E-5 1.24579E-6 3.97394E-8 2.3243E-9 1.69836E-8 1.16552E-8 1.70583E-9 3.77467E-9 3.5692E-9 1.89993E-9 8.26869E-10 1.15795E-9 9.418E-10 1.70922E-9 8.33976E-9 7.70536E-9 2.9457E-8 9.35319E-8 2.47861E-7 7.81192E-8 4.32752E-7 1.4509E-7 3.13929E-7 1.19777E-7 1.53569E-6 4.08803E-7 2.47061E-7 1.31434E-6 5.54685E-6 5.4773E-5 1.61231E-4 7.71153E-4 1.08553E-5 1.64993E-6 1.52062E-5 4.25597E-6 5.79151E-7 6.56681E-8 1.97498E-8 2.5323E-9 2.98676E-9 4.2701E-9 8.70501E-8 1.43821E-7 1.73381E-6 1.16977E-5 1.40884E-5 2.675E-6 3.4431E-7 8.52659E-8 6.17444E-8 3.35897E-8 1.05523E-8 2.71983E-8 1.5021E-7 8.26896E-8 1.88907E-8 7.96616E-9 2.30541E-8 1.17462E-7 3.20849E-7 3.4912E-6 1.54941E-5 6.58069E-5 6.62188E-5 1.22044E-4
1.72243E-5 5.05884E-6 1.14391E-7 8.40463E-9 8.62588E-10 4.01734E-9 8.85969E-10 6.88774E-10 4.62306E-10 1.12842E-9 1.15985E-9 1.11458E-9 8.24808E-10 1.4046E-9 1.33682E-9 5.24727E-9 6.52704E-9 1.18929E-8 3.06908E-8 1.15826E-7 7.60734E-8 3.60346E-8 3.17149E-8 1.34354E-8 2.98094E-8 1.51003E-7 1.48479E-7 6.81895E-7 1.47359E-6 2.03386E-5 2.78712E-4 7.16201E-4 5.27989E-4 8.89422E-6 3.6161E-7 1.9855E-7 2.90394E-8 6.14654E-9 7.31779E-9 1.28197E-8 2.20148E-9 2.00716E-9 2.72599E-9 2.44704E-8 2.15232E-7 3.62109E-6 3.55582E-6 2.07104E-6 5.1016E-7 8.96098E-8 4.29635E-8 1.56785E-7 3.31817E-8 1.41433E-8 3.95937E-8 2.93148E-7 8.02229E-8 1.65356E-8 1.8773E-8 2.21378E-8 5.8333E-8 2.68054E-7 3.99304E-6 1.0803E-5 5.86893E-6 1.15361E-4 2.49654E-4
1.58106E-5 9.43391E-7 2.63678E-8 3.05483E-9 2.02941E-9 1.27597E-9 8.63671E-10 8.50247E-10 1.01723E-9 1.08045E-9 8.64819E-10 2.57881E-9 1.30888E-9 9.86513E-10 2.29314E-9 3.3727E-9 3.01634E-9 1.36887E-8 2.21841E-8 6.00189E-8 1.16418E-8 5.95222E-9 4.38418E-9 2.12994E-9 2.61872E-8 2.1532E-7 2.25131E-6 1.73388E-5 3.04857E-6 3.31611E-5 2.77259E-4 7.86727E-4 1.90285E-4 2.12032E-5 1.60443E-7 7.62842E-9 5.92944E-9 3.29197E-9 4.1855E-9 2.18647E-9 2.8994E-9 2.7772E-9 2.92423E-9 1.08408E-8 1.00057E-7 6.66498E-7 5.5969E-7 2.96537E-7 2.24892E-8 2.01632E-8 3.42147E-8 1.40044E-7 7.88123E-8 2.01526E-8 5.78032E-8 3.45241E-7 1.05383E-7 3.03761E-8 3.97356E-8 6.46686E-8 1.14278E-7 5.62648E-7 1.7687E-6 6.23297E-6 1.46085E-5 9.40181E-5 3.08215E-4
2.01107E-5 1.53011E-6 4.49901E-8 2.31106E-9 1.08698E-9 6.84074E-10 9.0975E-10 1.10929E-9 1.24827E-9 7.46533E-10 5.95407E-10 8.85286E-10 2.12825E-9 2.80841E-9 8.7711E-10 2.45377E-9 2.03542E-9 5.08571E-9 1.43266E-8 7.41479E-9 7.00346E-9 5.18634E-9 1.15724E-8 6.82851E-9 2.72212E-8 7.5889E-8 4.27827E-7 1.58155E-5 2.69798E-5 6.78254E-5 5.92482E-4 3.82314E-4 5.16957E-5 3.67054E-6 7.93143E-8 4.31578E-8 4.68514E-9 4.86635E-9 3.86392E-9 2.72786E-9 2.68266E-9 4.95465E-9 2.90526E-9 7.72833E-9 1.48775E-7 4.16636E-7 4.0994E-8 1.48006E-8 4.28465E-8 1.22178E-8 1.55338E-8 1.91335E-8 1.49817E-8 2.82538E-8 7.39211E-8 1.05464E-6 4.38612E-8 1.38794E-7 7.42475E-8 4.4336E-7 2.39574E-6 2.31806E-6 3.35334E-6 9.50995E-6 1.61619E-4 2.56323E-4 3.28681E-4
2.2084E-6 1.65603E-7 1.8056E-8 1.51823E-9 1.09179E-9 1.2375E-9 1.21181E-9 8.97072E-10 4.05616E-10 8.33785E-10 1.09044E-9 1.81739E-9 3.35303E-9 4.81139E-9 3.11967E-9 2.61566E-9 1.61125E-9 1.10494E-9 3.11086E-9 4.83567E-9 5.0783E-9 6.07621E-9 6.45721E-9 6.75071E-9 9.27488E-8 1.17912E-7 4.6316E-6 1.4593E-5 1.0635E-4 2.25917E-4 4.43402E-4 4.4643E-5 4.40905E-5 4.81477E-6 2.14769E-7 5.3241E-9 6.78889E-9 4.46008E-9 2.53066E-9 3.21055E-9 1.86181E-9 2.78651E-9 6.32357E-9 1.03045E-8 4.79444E-8 6.53831E-8 7.53915E-9 6.79002E-9 1.33534E-8 2.36249E-8 6.90335E-8 3.17801E-7 5.81132E-8 1.48864E-8 8.27979E-8 1.50868E-6 9.23098E-8 5.86499E-7 3.43849E-7 4.14552E-7 7.54663E-6 1.62361E-5 9.60065E-7 1.93715E-5 9.93905E-5 3.82384E-4 3.73979E-4
7.06969E-6 1.79442E-7 1.3082E-8 1.65907E-9 1.77337E-9 2.22481E-9 1.66933E-9 8.13668E-10 1.16081E-9 1.15116E-9 8.30492E-10 1.92238E-9 1.92307E-9 2.71046E-9 5.9068E-9 7.35977E-9 4.42899E-9 2.33754E-9 3.57109E-9 6.6314E-9 5.93729E-9 5.18942E-9 5.32213E-9 4.54774E-9 3.08752E-8 4.09271E-7 3.39977E-6 3.85474E-5 6.53254E-5 3.61457E-4 1.26533E-4 4.7214E-5 4.54454E-6 1.02686E-6 1.24195E-7 2.05417E-8 9.17443E-9 4.79499E-9 2.185E-9 2.30711E-9 2.83233E-9 3.60977E-9 4.42967E-9 1.60089E-8 1.29715E-8 2.88302E-8 4.68989E-9 4.57585E-9 5.04466E-9 1.04931E-8 2.11627E-8 7.90621E-8 1.36346E-6 1.71951E-6 1.11989E-6 1.81683E-7 1.0961E-7 9.21358E-7 2.25728E-6 1.31969E-6 2.54856E-5 1.60099E-5 3.34047E-6 1.40298E-5 4.3351E-5 1.51083E-4 8.80514E-4
6.34051E-7 1.00907E-7 6.07906E-9 1.76916E-9 1.93022E-9 1.79904E-9 1.68864E-9 1.35611E-9 2.07499E-9 1.60985E-9 8.57649E-10 1.28382E-9 1.29999E-9 2.3808E-9 5.92771E-9 4.26099E-9 3.22628E-9 3.07759E-9 2.78134E-9 1.38434E-8 4.95864E-8 1.66097E-8 2.33137E-8 2.01823E-9 2.03352E-9 5.35485E-8 1.1136E-7 1.79204E-6 8.27096E-6 2.77998E-4 6.58068E-5 3.1971E-5 1.17761E-5 4.33812E-7 4.19479E-8 1.17656E-8 1.32517E-8 7.1496E-9 4.13477E-9 2.61218E-9 2.20155E-9 3.07124E-9 3.41794E-9 7.73617E-9 9.05741E-9 1.59997E-8 4.40707E-9 9.05916E-9 1.32363E-8 1.18461E-8 3.17778E-9 4.09298E-8 7.59629E-8 2.76377E-6 1.28309E-5 1.2181E-6 1.05226E-7 3.45252E-6 6.22266E-7 7.91189E-6 3.80273E-5 1.03559E-5 4.94701E-7 2.62687E-6 2.68063E-5 2.61984E-4 -9999
4.37465E-7 2.81862E-8 3.37283E-9 2.62501E-9 7.19935E-10 1.67349E-9 1.32758E-9 2.27054E-9 2.9482E-9 1.91741E-9 1.90682E-9 1.90447E-9 2.96875E-9 3.84726E-9 4.65331E-9 3.73419E-9 5.85638E-9 6.89994E-9 3.89331E-9 5.21101E-9 1.90287E-8 1.23258E-7 6.59232E-8 2.97479E-8 1.13285E-8 2.41346E-8 1.55101E-6 5.75925E-7 3.22477E-6 2.16832E-4 1.00939E-4 8.91099E-6 2.47709E-6 2.58137E-6 7.06044E-8 3.44394E-8 1.21383E-8 9.79152E-9 5.2215E-9 2.15061E-9 2.06099E-9 3.16072E-9 4.60659E-9 5.42639E-9 6.53238E-9 6.38824E-9 3.13378E-9 8.63848E-9 4.25431E-9 8.4805E-9 1.10108E-8 2.76553E-8 1.19525E-7 1.8843E-6 1.94244E-5 3.5941E-5 1.99055E-5 1.25431E-5 6.32536E-6 4.35582E-5 8.0054E-5 7.8545E-6 1.04846E-6 4.12038E-6 3.98328E-5 3.07314E-4 -9999
2.58281E-8 2.98857E-8 4.33677E-9 9.78365E-9 3.48642E-9 2.19744E-9 2.4625E-9 3.22136E-9 2.37171E-9 1.86702E-9 2.31721E-9 1.96923E-9 2.56957E-9 2.71256E-9 1.78939E-9 2.78539E-9 6.89639E-9 6.36387E-9 1.44204E-8 8.82895E-9 4.39327E-9 1.84212E-7 2.43987E-7 3.25925E-7 7.20882E-8 1.79508E-7 3.86452E-6 9.20696E-7 1.62807E-5 1.876E-4 9.72181E-5 3.74586E-6 2.73576E-7 3.94531E-6 1.31219E-7 4.18645E-8 1.89776E-8 8.96564E-9 4.0195E-9 3.94868E-9 2.60895E-9 2.79262E-9 3.4939E-9 4.07065E-9 4.58773E-9 4.21946E-9 3.60402E-9 5.84881E-9 6.39887E-9 1.07985E-8 2.66314E-8 5.11905E-8 1.80183E-7 1.29746E-6 5.46269E-6 7.22621E-6 7.97111E-5 1.01456E-4 2.01001E-4 3.67679E-4 1.57761E-4 3.12154E-6 4.16139E-6 7.94546E-6 1.54302E-4 -9999 -9999
2.21005E-8 1.40788E-8 1.95001E-8 7.78354E-9 5.77738E-9 6.19908E-9 3.20467E-9 4.09853E-9 2.20201E-9 1.91641E-9 2.23789E-9 2.30352E-9 2.17119E-9 2.27466E-9 2.41518E-9 3.07785E-9 4.70923E-9 4.94924E-9 1.68921E-8 1.69814E-7 6.99008E-7 2.03968E-6 7.83775E-6 1.04274E-5 2.10672E-5 2.18692E-5 3.81296E-5 5.18939E-5 4.95528E-5 2.13241E-4 3.95091E-5 1.26195E-5 5.28116E-7 9.95853E-8 7.11469E-8 4.70963E-8 1.46543E-8 8.27268E-9 4.49735E-9 2.91162E-9 2.14972E-9 3.45693E-9 2.79743E-9 3.39453E-9 4.01341E-9 4.9705E-9 5.98882E-9 4.6384E-9 3.96609E-9 4.10088E-9 1.78595E-8 4.27647E-8 4.56803E-8 1.73495E-7 4.9329E-7 4.23553E-7 6.64262E-6 1.51773E-5 1.55739E-5 -9999 -9999 3.35399E-5 3.06229E-5 5.58883E-5 3.97294E-4 -9999 -9999
8.92424E-8 5.14386E-8 3.33003E-8 1.25109E-8 6.83743E-9 4.07316E-9 4.50506E-9 2.79502E-9 1.08396E-9 7.79876E-10 8.13507E-10 1.0161E-9 2.09397E-9 2.84484E-9 2.01596E-9 3.21495E-9 7.22511E-9 4.37265E-9 3.14737E-8 9.53556E-7 1.37058E-6 3.97463E-7 1.07719E-6 6.8176E-7 3.78199E-6 2.10686E-6 2.61885E-6 8.08577E-6 4.32593E-5 1.13623E-4 3.15989E-5 1.92985E-6 2.27563E-7 1.9583E-8 3.08881E-8 1.67729E-8 6.02282E-9 3.22306E-9 3.25767E-9 2.36078E-9 1.97378E-9 2.54686E-9 3.15885E-9 5.71764E-9 7.98492E-9 4.36334E-9 4.63719E-9 4.1703E-9 1.30869E-8 1.55858E-8 2.07664E-8 5.2086E-8 4.73468E-8 2.76463E-7 6.19962E-7 1.01993E-6 1.52728E-6 8.64128E-6 3.4341E-5 -9999 -9999 -9999 1.7013E-4 1.45994E-4 9.29508E-4 -9999 -9999
2.20296E-8 4.43157E-8 1.78056E-8 7.48859E-9 3.10537E-9 4.87305E-9 2.09066E-9 8.82535E-10 2.19646E-9 2.21756E-9 1.90677E-9 7.94317E-10 1.20807E-9 2.15669E-9 1.72606E-9 5.2599E-9 5.12428E-9 9.12833E-9 1.53713E-8 1.7075E-7 3.55737E-7 2.70235E-8 5.98262E-8 4.10125E-8 5.95285E-8 6.35994E-8 4.30765E-7 5.64322E-6 3.32158E-5 1.30184E-4 2.16057E-5 2.01031E-7 1.03298E-8 2.13468E-8 6.33979E-9 5.49825E-9 4.3003E-9 2.52319E-9 2.34289E-9 2.13682E-9 2.70498E-9 2.65999E-9 3.50105E-9 4.20644E-9 5.07029E-9 1.99954E-8 7.58417E-9 1.53274E-8 1.97699E-8 7.89778E-8 9.66466E-8 1.58142E-7 4.04972E-7 2.92924E-7 1.7847E-6 5.13778E-6 2.88614E-6 2.14919E-5 2.06157E-4 4.6185E-4 -9999 -9999 3.43324E-5 5.50047E-5 -9999 -9999 -9999
9.77779E-9 2.06874E-8 4.12791E-8 1.57541E-8 2.3483E-8 8.24083E-9 4.20858E-9 5.75602E-10 1.85274E-9 1.13906E-9 1.28612E-9 1.14351E-9 9.47449E-10 1.07667E-9 1.85731E-9 7.09519E-9 1.55052E-8 4.12754E-8 9.00382E-8 6.89084E-8 1.99536E-8 1.09179E-8 2.4549E-9 1.63345E-9 2.48056E-9 8.01949E-9 4.24505E-8 1.8976E-6 3.36145E-5 7.86103E-5 5.88468E-6 8.78693E-8 7.44279E-9 2.03845E-8 5.07896E-9 4.98339E-9 5.92949E-9 2.4307E-9 2.77052E-9 2.82097E-9 6.18766E-9 4.23033E-9 5.98562E-9 4.03636E-9 7.18373E-9 1.36772E-8 3.28102E-8 2.00597E-8 9.5654E-8 5.94134E-7 5.22255E-7 1.68028E-6 3.56089E-7 9.92516E-7 1.67165E-6 9.83636E-6 6.95383E-6 4.44063E-5 3.09984E-4 1.21482E-3 -9999 -9999 3.88122E-5 2.96293E-4 -9999 -9999 -9999
7.99071E-9 2.23694E-8 1.16075E-8 1.46434E-8 2.09718E-8 8.4943E-9 6.25693E-9 7.48778E-10 8.38751E-10 1.4708E-9 1.29319E-9 1.1262E-9 1.71671E-9 1.17864E-9 3.1154E-9 3.94371E-9 8.89125E-9 1.45714E-7 2.50151E-8 8.97286E-9 1.41677E-9 3.20958E-9 3.27248E-9 2.44794E-9 2.2844E-9 6.50463E-9 3.26198E-8 1.94874E-6 3.99176E-5 8.06643E-5 8.16185E-6 3.63431E-7 1.00506E-7 1.17969E-8 4.64812E-8 5.9229E-9 3.02077E-9 4.69803E-9 4.23051E-9 4.2412E-9 1.0346E-8 5.83287E-9 7.48324E-9 5.14677E-9 1.09295E-8 2.03996E-8 1.68554E-7 1.38047E-7 7.96427E-8 2.01083E-7 4.15213E-6 6.68735E-6 3.56695E-6 1.96239E-6 7.10754E-6 2.67711E-5 8.19911E-6 3.64771E-5 3.70076E-4 -9999 -9999 -9999 3.82751E-5 -9999 -9999 -9999 -9999
5.8703E-9 1.12644E-8 7.28653E-9 3.45488E-8 1.84071E-8 9.7086E-9 4.51547E-9 6.15855E-10 1.18989E-9 1.04797E-9 1.03347E-9 1.19613E-9 9.16637E-10 1.01155E-9 1.85896E-9 3.33127E-9 1.77278E-8 3.21574E-8 8.57592E-9 5.41928E-9 1.36974E-9 3.36316E-9 2.2064E-9 4.11677E-9 3.86604E-9 1.69326E-8 2.15914E-8 5.10212E-7 1.04269E-5 7.03224E-5 2.16585E-5 7.1449E-6 5.09153E-6 3.24364E-7 1.6608E-8 3.35036E-8 1.27555E-8 5.92994E-9 6.32719E-9 1.25631E-8 3.45519E-8 3.95144E-9 1.12893E-8 1.9525E-8 3.72555E-8 6.30822E-8 1.48865E-6 5.12148E-6 5.0929E-6 4.17424E-7 5.38831E-6 1.28087E-5 1.44264E-5 1.23632E-5 3.40933E-5 9.23471E-5 7.47514E-5 1.37073E-4 3.89443E-4 -9999 -9999 6.58302E-5 3.26698E-4 -9999 -9999 -9999 -9999
5.19962E-9 1.15766E-8 2.49198E-8 1.26982E-7 1.33385E-8 1.55581E-8 4.897E-9 1.42414E-9 5.60647E-10 8.71843E-10 8.75086E-10 1.71587E-9 1.83544E-9 2.58285E-9 1.12366E-9 1.37692E-9 7.07456E-9 6.58462E-9 4.27365E-9 3.87227E-9 1.64935E-9 5.47529E-9 3.79166E-9 1.18852E-9 3.43882E-9 2.89668E-8 3.01049E-7 9.325E-7 3.89023E-5 4.36391E-5 4.63593E-6 1.48985E-7 1.98808E-7 1.52211E-7 1.3696E-8 1.44997E-8 5.75426E-9 2.47114E-9 5.22512E-9 2.50745E-9 1.48548E-8 2.03411E-8 1.80959E-8 1.94954E-7 1.42596E-7 1.24071E-7 7.69756E-7 9.81971E-6 1.57677E-5 1.61477E-5 7.29525E-6 1.63502E-5 1.08654E-4 5.84817E-5 7.77345E-5 6.78866E-5 6.70483E-5 4.70741E-5 3.92588E-4 -9999 -9999 2.49835E-4 -9999 -9999 -9999 -9999 -9999
4.54762E-9 7.58681E-9 7.2813E-8 2.20394E-7 2.48718E-8 4.60053E-8 8.30831E-9 2.41676E-9 1.20306E-9 8.38496E-10 9.57992E-10 1.12315E-9 1.60782E-9 1.60883E-9 1.38361E-9 2.43245E-9 1.40287E-9 1.57912E-9 1.16126E-9 1.22754E-9 1.09992E-9 1.07313E-8 2.7349E-9 4.00512E-9 2.76717E-9 2.83658E-8 7.93488E-7 9.06313E-6 3.78285E-5 8.87238E-6 8.46153E-7 5.94513E-8 1.82043E-8 3.82692E-9 2.20004E-9 2.67887E-9 3.99056E-9 4.10702E-9 5.2666E-9 1.47125E-8 1.29422E-8 2.40106E-8 1.14684E-7 4.87525E-7 7.82335E-8 2.15001E-6 7.04718E-7 1.66155E-6 2.15086E-5 2.92049E-5 1.2314E-5 1.38702E-5 1.62613E-4 7.36004E-5 2.17571E-4 2.62949E-4 6.77869E-5 1.6546E-4 -9999 -9999 -9999 -9999 -9999 -9999 -9999 -9999 -9999
2.7623E-8 2.96372E-9 1.30771E-7 3.07876E-7 1.16396E-7 1.52954E-7 2.27537E-8 5.86537E-9 1.25556E-9 5.86028E-10 5.677E-10 7.89513E-10 1.27509E-9 1.22465E-9 1.69024E-9 1.75061E-9 2.48946E-9 2.1895E-9 1.64797E-9 1.27903E-9 4.06242E-9 1.12081E-8 5.91481E-9 9.75373E-9 3.03079E-8 6.27265E-8 1.19644E-6 2.38312E-5 1.75194E-5 3.16294E-6 4.97655E-7 2.77645E-8 2.58805E-8 7.50097E-9 4.52276E-9 3.14709E-9 3.98541E-9 4.55347E-9 7.23186E-9 1.37907E-8 2.39027E-8 1.42394E-8 1.93383E-7 1.21039E-7 5.86573E-8 1.19915E-6 1.194E-5 2.20726E-6 2.82318E-5 6.48425E-5 1.52863E-5 4.53627E-5 1.0037E-4 9.6267E-5 4.12018E-4 -9999 -9999 3.84619E-4 -9999 -9999 -9999 -9999 -9999 -9999 -9999 -9999 -9999
6.65753E-8 1.74361E-8 2.21078E-7 8.8161E-7 4.75082E-7 9.95368E-8 3.0494E-8 1.68337E-8 8.88502E-9 2.41209E-9 2.26917E-9 1.56685E-9 1.4729E-9 1.30087E-9 8.41326E-10 1.20604E-9 1.88332E-9 1.25735E-9 1.39453E-9 1.34644E-9 2.41815E-9 7.9442E-9 9.97774E-9 2.44702E-8 1.03066E-6 3.45154E-6 7.43302E-6 3.29952E-6 2.08979E-6 1.07535E-5 3.60272E-6 8.03995E-8 6.2702E-8 1.81877E-8 1.14274E-8 5.05156E-9 5.35296E-9 4.50965E-9 8.43601E-9 5.88873E-9 3.86536E-9 1.08107E-7 1.34326E-6 1.93138E-6 3.45951E-7 1.82477E-7 7.85427E-6 3.72685E-5 4.46785E-5 1.47374E-4 2.66896E-4 3.44264E-4 -9999 1.50232E-4 5.39482E-4 -9999 -9999 1.14782E-3 -9999 -9999 -9999 -9999 -9999 -9999 -9999 -9999 -9999
5.04972E-8 3.47119E-8 5.03997E-7 1.56213E-6 1.09E-6 3.43738E-7 1.46795E-7 7.42172E-8 1.60961E-8 2.41044E-9 1.39334E-9 1.70455E-9 1.41311E-9 1.92972E-9 1.27727E-9 7.49126E-10 1.70702E-9 1.51963E-9 7.22084E-10 1.28243E-9 8.40639E-10 1.04248E-9 1.05702E-8 1.66476E-7 1.14401E-6 4.59171E-7 4.84773E-6 4.15644E-7 2.07659E-7 3.45179E-6 1.93201E-6 1.84627E-7 7.89509E-9 8.14859E-9 5.29436E-9 4.56821E-9 6.05248E-9 3.58923E-9 5.85947E-9 1.46535E-8 4.40069E-8 3.48846E-7 9.8578E-7 9.01506E-7 8.96946E-6 1.30871E-5 3.36771E-5 1.34317E-4 1.91362E-4 3.17437E-4 4.06736E-4 -9999 -9999 -9999 8.2064E-4 -9999 -9999 -9999 -9999 -9999 -9999 -9999 -9999 -9999 -9999 -9999 -9999
7.10666E-8 3.45258E-7 3.27171E-6 2.03484E-6 1.76355E-6 3.4543E-6 5.94038E-7 1.70216E-7 1.7571E-8 2.49018E-9 2.50359E-9 1.40301E-9 3.50586E-9 3.42982E-9 1.19834E-9 1.48946E-9 1.31147E-9 6.1231E-10 8.17281E-10 1.29595E-9 1.46137E-9 6.51523E-9 5.09715E-8 2.51321E-7 9.92644E-8 8.51935E-8 2.26304E-6 1.98087E-7 4.15427E-8 1.01474E-6 1.603E-6 2.27081E-7 3.1805E-8 7.67143E-9 6.2213E-9 6.10873E-9 6.7852E-9 4.44167E-9 4.72469E-9 1.85808E-9 2.98111E-8 3.14668E-7 8.00043E-8 7.12023E-8 1.03398E-6 3.15517E-6 1.01834E-5 3.35839E-5 -9999 -9999 -9999 -9999 -9999 3.62448E-4 5.80085E-4 -9999 -9999 -9999 -9999 -9999 -9999 -9999 -9999 -9999 -9999 -9999 -9999
1.01153E-7 8.12685E-7 2.82432E-6 1.51502E-5 5.59671E-6 2.07087E-6 2.26105E-6 7.70166E-7 1.76232E-7 1.10449E-8 3.68869E-9 4.89877E-9 1.00783E-8 7.09891E-9 1.46831E-9 2.82132E-9 1.31037E-9 1.14855E-9 7.48166E-10 1.18765E-9 2.06299E-9 8.08542E-9 5.01906E-8 9.19659E-8 1.80614E-8 4.37149E-8 5.65033E-7 9.6727E-8 2.7101E-8 1.65972E-7 1.35322E-6 1.79063E-7 3.62506E-8 4.90865E-9 4.08533E-9 5.33294E-9 5.18545E-9 4.28255E-9 7.39203E-9 4.69397E-9 3.93436E-8 1.37195E-7 1.73263E-8 1.87192E-8 6.26709E-8 5.6088E-7 9.80612E-6 -9999 -9999 -9999 -9999 -9999 -9999 5.29739E-4 4.46538E-4 4.71225E-4 -9999 -9999 -9999 -9999 -9999 -9999 -9999 -9999 -9999 -9999 -9999
1.43855E-8 5.4834E-8 6.16729E-7 4.10396E-6 9.25666E-6 1.36276E-6 5.74872E-7 9.73917E-7 4.22088E-7 1.33038E-7 2.1645E-8 4.5829E-8 7.24542E-9 2.24509E-9 2.82276E-9 5.00245E-9 4.24384E-9 3.46798E-9 1.5077E-9 1.78983E-9 1.03234E-9 1.20873E-8 2.77572E-8 1.17532E-8 7.29627E-9 2.53891E-8 1.48469E-7 1.57106E-8 2.63835E-9 4.22593E-8 2.29248E-7 4.07819E-8 1.11812E-8 2.31175E-9 2.84152E-9 3.33565E-9 3.99496E-9 2.75668E-9 3.51242E-9 1.49098E-9 3.42477E-8 2.09701E-8 1.16285E-8 2.13114E-8 2.97379E-7 1.04897E-5 3.91254E-5 2.23634E-4 3.29808E-4 -9999 -9999 -9999 -9999 8.5607E-4 4.3806E-4 7.63331E-4 -9999 -9999 -9999 -9999 -9999 -9999 -9999 -9999 -9999 -9999 -9999
2.26562E-9 2.42932E-8 6.24512E-7 1.08495E-5 1.72476E-5 5.9656E-6 1.93218E-7 1.20397E-7 5.22397E-8 5.47953E-8 1.86212E-8 1.35563E-7 2.46644E-8 5.18146E-9 2.55467E-9 6.01746E-9 3.73532E-9 2.22456E-9 1.33212E-9 2.1045E-9 2.40034E-9 7.38317E-10 1.02359E-8 1.04997E-8 1.32689E-9 1.09171E-9 4.94168E-9 1.42972E-8 7.88292E-9 6.25901E-9 1.61365E-7 2.61282E-8 1.96621E-9 2.68705E-9 3.24328E-9 3.23696E-9 3.55708E-9 4.64968E-9 4.97226E-9 5.7309E-9 4.78903E-9 7.43093E-9 1.02636E-8 3.63078E-8 9.69976E-7 1.54754E-5 9.12198E-5 2.262E-4 2.48813E-4 -9999 -9999 -9999 -9999 -9999 -9999 -9999 -9999 -9999 -9999 -9999 -9999 -9999 -9999 -9999 -9999 4.45639E-4 3.46457E-4
7.73657E-9 9.77574E-9 3.01976E-7 2.92832E-5 2.51926E-5 7.09029E-6 3.01594E-6 1.60317E-6 1.95183E-7 5.95736E-8 8.19075E-9 8.22444E-9 3.869E-8 1.72419E-8 1.39637E-8 7.99879E-9 9.87843E-9 3.74338E-9 5.36785E-10 1.61162E-9 5.88102E-10 2.06457E-9 6.94776E-9 9.66103E-9 4.16879E-9 2.78723E-9 2.05228E-9 3.50862E-9 4.1015E-9 6.57978E-9 4.07838E-9 1.60964E-8 1.84835E-9 1.58232E-9 4.13135E-9 4.43765E-9 4.39249E-9 2.53804E-9 4.54667E-9 5.67091E-9 1.73355E-8 6.25094E-8 2.67685E-7 6.91845E-7 1.33251E-6 1.87074E-5 1.46966E-4 -9999 -9999 -9999 -9999 -9999 -9999 -9999 -9999 -9999 -9999 -9999 -9999 -9999 -9999 -9999 -9999 -9999 -9999 4.00801E-4 3.13808E-4
3.15059E-9 3.96522E-8 8.19797E-7 3.84591E-5 2.94744E-5 7.04311E-6 5.52821E-7 4.81361E-7 1.30366E-6 1.32877E-7 3.33937E-9 4.43836E-9 1.63976E-8 1.04479E-8 6.44225E-9 6.19027E-9 3.8722E-9 1.6286E-9 8.42014E-10 2.11531E-9 1.35025E-9 1.44127E-9 1.29039E-8 7.4186E-9 5.47016E-9 1.95098E-9 1.90722E-9 2.4564E-9 1.67428E-9 3.51687E-9 3.84063E-9 4.52516E-9 2.30348E-9 1.31813E-9 1.46982E-9 4.43423E-9 4.2044E-9 2.89985E-9 2.81171E-9 5.23967E-9 2.03847E-8 2.17062E-7 8.78785E-7 4.28897E-6 6.18752E-6 4.5269E-5 1.40647E-4 5.18903E-5 -9999 -9999 -9999 -9999 -9999 -9999 -9999 -9999 -9999 -9999 -9999 -9999 -9999 -9999 -9999 -9999 -9999 -9999 3.28676E-4
6.76927E-9 2.09493E-6 8.33011E-5 1.29049E-4 4.03867E-5 3.17651E-6 1.90747E-6 6.0325E-7 2.32006E-8 1.95587E-8 1.31095E-8 1.53846E-8 1.52607E-7 5.06215E-8 4.68784E-9 5.7287E-9 2.08447E-8 2.44937E-9 1.49818E-9 9.89673E-10 6.46302E-10 3.12793E-9 3.60086E-9 6.78545E-9 3.59413E-9 2.69838E-9 2.41423E-9 2.05587E-9 1.95024E-9 2.066E-9 3.56325E-9 1.55142E-9 1.82136E-9 2.58303E-9 4.21435E-9 3.77272E-9 4.27376E-9 2.45139E-9 5.01741E-9 3.91149E-9 8.88237E-9 5.16971E-8 5.81229E-7 4.02145E-6 2.78083E-5 7.57832E-5 -9999 8.55265E-5 -9999 -9999 -9999 -9999 -9999 -9999 -9999 -9999 -9999 -9999 -9999 -9999 -9999 -9999 -9999 -9999 -9999 -9999 1.67946E-4
