ENM/Final_Models/M_0.9_F_q_Set_1_EC/Gustavia_santanderiensis_2_Choco.asc
ncols         367
nrows         963
xllcorner     -78.6
yllcorner     0.65
cellsize      0.00833333333333323
NODATA_value  -9999
[rows 132 to 164 of 963, columns 74 to 147 of 367]
-9999 -9999 -9999 -9999 -9999 -9999 -9999 -9999 -9999 -9999 -9999 -9999 -9999 -9999 -9999 -9999 -9999 -9999 -9999 -9999 -9999 -9999 -9999 -9999 -9999 -9999 -9999 -9999 -9999 -9999 -9999 -9999 -9999 -9999 1.43898E-4 1.52679E-4 -9999 -9999 -9999 -9999 -9999 -9999 -9999 -9999 -9999 -9999 -9999 -9999 -9999 -9999 -9999 -9999 -9999 -9999 -9999 -9999 -9999 -9999 -9999 -9999 -9999 -9999 4.13752E-4 1.86465E-4 1.93404E-4 1.38569E-5 1.62058E-4 3.63606E-4 1.64676E-4 8.03093E-5 3.12663E-4 4.60965E-5 4.69684E-4 1.1274E-4
-9999 -9999 -9999 -9999 -9999 -9999 -9999 -9999 -9999 -9999 -9999 -9999 -9999 -9999 -9999 -9999 -9999 -9999 -9999 -9999 -9999 -9999 -9999 -9999 -9999 -9999 -9999 -9999 -9999 -9999 -9999 -9999 -9999 -9999 1.00266E-4 1.39476E-4 2.95813E-5 -9999 -9999 -9999 -9999 -9999 -9999 -9999 -9999 -9999 -9999 -9999 -9999 -9999 -9999 -9999 -9999 -9999 -9999 -9999 -9999 -9999 -9999 -9999 1.8892E-4 1.10465E-4 2.43601E-4 3.12014E-4 1.09489E-4 1.56954E-4 1.34067E-4 5.88174E-4 1.94406E-4 3.02529E-4 2.69516E-4 6.75186E-4 3.70051E-4 3.31896E-4
-9999 -9999 -9999 -9999 -9999 -9999 -9999 -9999 -9999 -9999 -9999 -9999 -9999 -9999 -9999 -9999 -9999 -9999 -9999 -9999 -9999 -9999 -9999 -9999 -9999 -9999 -9999 -9999 -9999 -9999 -9999 -9999 -9999 -9999 3.00915E-5 1.41629E-4 1.64569E-4 1.46426E-4 -9999 -9999 -9999 -9999 -9999 -9999 -9999 -9999 -9999 -9999 -9999 -9999 -9999 -9999 -9999 -9999 -9999 -9999 -9999 -9999 -9999 2.17798E-4 2.75363E-4 1.68961E-4 1.58322E-4 1.47669E-4 6.29862E-5 1.33079E-4 1.51589E-4 2.80036E-4 2.28383E-4 2.22706E-4 5.42506E-4 3.07784E-4 9.30187E-5 1.67162E-4
-9999 -9999 -9999 -9999 -9999 -9999 -9999 -9999 -9999 -9999 -9999 -9999 -9999 -9999 -9999 -9999 -9999 -9999 -9999 -9999 -9999 -9999 -9999 -9999 -9999 -9999 -9999 -9999 -9999 -9999 -9999 -9999 -9999 -9999 2.54122E-4 8.60936E-5 4.65635E-4 3.28062E-5 5.19605E-5 7.67957E-5 9.12899E-5 3.97544E-4 1.23227E-4 -9999 -9999 -9999 -9999 -9999 -9999 -9999 -9999 -9999 -9999 -9999 -9999 -9999 -9999 -9999 -9999 7.25387E-4 2.7997E-4 2.10641E-4 7.21498E-5 2.39243E-4 5.30094E-5 2.09822E-5 6.94862E-5 4.11944E-4 4.89097E-4 3.68706E-4 8.69408E-4 3.61455E-5 1.33556E-5 3.78871E-5
-9999 -9999 -9999 -9999 -9999 -9999 -9999 -9999 -9999 -9999 -9999 -9999 -9999 -9999 -9999 -9999 -9999 -9999 -9999 -9999 -9999 -9999 -9999 -9999 -9999 -9999 -9999 -9999 -9999 -9999 -9999 -9999 -9999 -9999 -9999 1.08151E-4 1.15343E-4 1.18408E-5 1.18307E-5 1.64355E-4 2.4038E-4 3.14039E-4 7.55845E-5 8.4235E-5 -9999 -9999 -9999 -9999 -9999 -9999 -9999 -9999 -9999 -9999 -9999 -9999 -9999 -9999 5.7047E-4 2.21562E-4 1.62413E-4 1.0068E-4 1.52771E-4 2.52212E-4 1.05519E-4 1.33473E-5 1.06226E-4 1.85584E-4 9.7546E-5 1.37866E-4 1.60424E-4 8.83313E-6 1.79982E-5 1.30523E-4
-9999 -9999 -9999 -9999 -9999 -9999 -9999 -9999 -9999 -9999 -9999 -9999 -9999 -9999 -9999 -9999 -9999 -9999 -9999 -9999 -9999 -9999 -9999 -9999 -9999 -9999 -9999 -9999 -9999 -9999 -9999 -9999 -9999 -9999 -9999 5.02548E-5 7.12264E-5 3.97644E-5 8.74871E-5 1.29983E-4 2.96607E-4 1.45819E-4 4.65432E-4 1.16587E-4 -9999 -9999 -9999 -9999 -9999 -9999 -9999 -9999 -9999 -9999 -9999 -9999 -9999 1.21433E-3 3.38975E-4 1.9857E-4 1.47705E-4 1.20645E-4 2.25287E-4 1.4411E-4 5.05042E-4 1.28586E-4 1.1497E-4 8.50717E-5 1.42101E-4 2.72458E-4 1.32162E-4 3.37819E-5 2.98984E-5 7.09862E-5
-9999 -9999 -9999 -9999 -9999 -9999 -9999 -9999 -9999 -9999 -9999 -9999 -9999 -9999 -9999 -9999 -9999 -9999 -9999 -9999 -9999 -9999 -9999 -9999 -9999 -9999 -9999 -9999 -9999 -9999 -9999 -9999 -9999 -9999 2.52511E-5 2.21522E-6 7.07565E-5 6.07455E-6 6.59253E-5 1.0637E-4 2.48439E-4 1.52671E-4 1.78277E-4 1.29205E-5 1.42724E-5 -9999 -9999 -9999 -9999 -9999 -9999 -9999 -9999 4.92144E-3 8.75388E-3 4.55024E-3 4.24896E-4 6.21238E-4 9.18654E-4 2.3352E-4 3.19262E-4 3.37491E-4 1.10653E-3 4.11594E-4 1.69338E-4 1.63719E-4 1.07582E-4 1.56647E-4 1.78016E-4 1.44917E-4 1.14938E-4 2.46285E-4 9.03502E-5 1.45322E-4
-9999 -9999 -9999 -9999 -9999 -9999 -9999 -9999 -9999 -9999 -9999 -9999 -9999 -9999 -9999 -9999 -9999 -9999 -9999 -9999 -9999 -9999 -9999 -9999 -9999 -9999 -9999 -9999 -9999 -9999 -9999 -9999 -9999 -9999 1.26625E-5 2.29062E-5 3.33277E-6 1.82317E-4 1.13533E-5 2.29553E-4 1.29137E-4 2.5701E-4 6.10408E-4 3.95284E-5 7.23344E-5 -9999 -9999 -9999 -9999 -9999 -9999 -9999 3.61594E-3 4.88686E-3 4.11201E-3 1.84049E-3 1.61832E-3 8.97703E-4 3.2177E-4 4.16455E-4 1.35043E-4 3.04327E-4 1.66054E-4 2.18037E-4 2.41412E-4 1.36032E-4 1.83367E-4 1.57373E-4 8.24513E-5 1.33047E-4 1.34684E-4 1.41629E-4 7.58934E-5 1.79595E-4
-9999 -9999 -9999 -9999 -9999 -9999 -9999 -9999 -9999 -9999 -9999 -9999 -9999 -9999 -9999 -9999 -9999 -9999 -9999 -9999 -9999 -9999 -9999 -9999 -9999 -9999 -9999 -9999 -9999 -9999 -9999 -9999 -9999 2.24751E-5 1.80622E-5 3.727E-5 5.03241E-6 1.19381E-4 1.17937E-4 1.98391E-4 2.62059E-4 2.99928E-4 3.18952E-4 1.97891E-4 2.95676E-4 -9999 -9999 -9999 -9999 -9999 -9999 -9999 9.72423E-3 4.11985E-3 2.33881E-3 1.27634E-3 1.60142E-3 1.65856E-4 2.92479E-4 4.90474E-4 2.88455E-4 9.30064E-5 3.03543E-5 2.61916E-4 2.89757E-4 2.03203E-4 1.66745E-4 1.26344E-4 9.86993E-5 3.1999E-4 2.55145E-4 4.23882E-5 1.09771E-4 2.72278E-4
-9999 -9999 -9999 -9999 -9999 -9999 -9999 -9999 -9999 -9999 -9999 -9999 -9999 -9999 -9999 -9999 -9999 -9999 -9999 -9999 -9999 -9999 -9999 -9999 -9999 -9999 -9999 -9999 -9999 -9999 -9999 -9999 -9999 3.17561E-5 2.0972E-5 2.34977E-5 2.63861E-5 1.19506E-5 1.00135E-5 1.46347E-5 2.53001E-4 2.9321E-4 1.00172E-3 1.59734E-4 2.10473E-4 -9999 -9999 -9999 -9999 -9999 -9999 -9999 9.32318E-3 3.83088E-3 1.75916E-3 1.27845E-3 2.35781E-3 1.15576E-4 6.94285E-5 3.69741E-4 1.15438E-3 2.12548E-4 1.19423E-4 2.42191E-4 6.96458E-4 2.01298E-4 1.21003E-4 1.21568E-4 7.06254E-5 1.09993E-4 1.25464E-4 3.67005E-5 1.18838E-4 2.7615E-4
-9999 -9999 -9999 -9999 -9999 -9999 -9999 -9999 -9999 -9999 -9999 -9999 -9999 -9999 -9999 -9999 -9999 -9999 -9999 -9999 -9999 -9999 -9999 -9999 -9999 -9999 -9999 -9999 -9999 -9999 -9999 -9999 8.33304E-6 1.707E-5 2.04656E-5 2.8102E-5 3.59258E-5 1.14322E-4 5.17763E-4 3.62557E-4 4.11959E-4 5.39859E-4 6.02715E-4 2.74485E-4 7.89612E-5 -9999 -9999 -9999 -9999 -9999 -9999 -9999 1.31785E-2 3.16239E-3 9.83885E-4 5.72302E-4 4.15678E-4 6.55759E-5 4.63799E-4 1.08642E-4 3.15205E-5 1.8334E-4 3.70677E-5 2.38707E-4 1.67588E-4 1.59445E-4 1.34556E-4 1.14793E-4 6.81265E-5 7.69E-5 9.84627E-5 1.05264E-4 8.42315E-5 1.8087E-5
-9999 -9999 -9999 -9999 -9999 -9999 -9999 -9999 -9999 -9999 -9999 -9999 -9999 -9999 -9999 -9999 -9999 -9999 -9999 -9999 -9999 -9999 -9999 -9999 -9999 -9999 -9999 -9999 -9999 -9999 -9999 1.52007E-5 7.61079E-6 1.86176E-5 4.1182E-6 2.62656E-5 5.06203E-5 4.83987E-5 3.78449E-4 1.13382E-3 3.2387E-4 1.13277E-3 4.47391E-4 2.85742E-4 3.06146E-4 -9999 -9999 -9999 -9999 -9999 -9999 -9999 -9999 1.15453E-2 2.78328E-3 1.03773E-3 1.55775E-3 2.88934E-4 3.37143E-5 2.06696E-4 1.3275E-4 3.10024E-5 1.14874E-4 3.49865E-4 6.5683E-5 6.09922E-5 2.20782E-5 2.42132E-5 3.83312E-5 5.93148E-5 4.60484E-5 7.4846E-5 6.21849E-5 9.28725E-5
-9999 -9999 -9999 -9999 -9999 -9999 -9999 -9999 -9999 -9999 -9999 -9999 -9999 -9999 -9999 -9999 -9999 -9999 -9999 -9999 -9999 -9999 -9999 -9999 -9999 -9999 6.85218E-8 9.82144E-6 3.94563E-5 4.70904E-6 4.17995E-6 1.83809E-5 1.25446E-5 7.73595E-6 1.06516E-5 8.84418E-6 1.35224E-4 1.82191E-4 5.39249E-4 4.46254E-4 9.31799E-4 2.27656E-3 1.5507E-4 9.51353E-4 3.94676E-4 -9999 -9999 -9999 -9999 -9999 -9999 -9999 -9999 2.10482E-2 5.56116E-3 1.69412E-3 7.10304E-4 6.32262E-4 2.5575E-4 2.79481E-4 3.15914E-4 6.35313E-5 2.84908E-4 1.11145E-4 1.10602E-4 8.05795E-5 2.40413E-5 4.21916E-5 4.34651E-5 2.35846E-4 1.71E-4 2.31147E-4 6.05186E-5 3.13709E-4
-9999 -9999 -9999 -9999 -9999 -9999 -9999 -9999 -9999 -9999 -9999 -9999 -9999 -9999 -9999 -9999 -9999 -9999 -9999 -9999 -9999 -9999 -9999 -9999 -9999 1.63804E-7 1.14628E-7 1.34079E-7 7.45834E-6 9.80109E-6 2.24481E-6 4.55545E-5 2.67506E-5 2.12258E-5 1.80302E-5 7.87216E-6 2.49382E-5 3.05972E-5 5.69381E-5 1.66077E-4 1.76932E-4 9.92444E-4 6.34791E-4 8.02386E-4 8.29206E-4 -9999 -9999 -9999 -9999 -9999 -9999 -9999 -9999 1.32419E-2 2.70558E-3 2.85685E-4 2.88583E-4 6.33258E-5 8.57887E-5 7.69886E-5 1.23438E-4 1.9908E-4 2.4294E-4 4.69294E-5 3.31916E-5 2.18332E-5 4.68132E-5 5.07723E-5 1.59816E-4 6.54349E-5 1.99177E-4 1.73394E-4 3.72102E-5 2.37708E-4
-9999 -9999 -9999 -9999 -9999 -9999 -9999 -9999 -9999 -9999 -9999 -9999 -9999 -9999 -9999 -9999 -9999 -9999 -9999 -9999 -9999 -9999 -9999 -9999 -9999 1.48017E-6 4.24949E-6 1.10445E-7 8.18809E-8 1.255E-5 2.2383E-5 9.13197E-5 3.26229E-5 2.35714E-5 2.5586E-5 4.27155E-5 1.20128E-4 1.47033E-4 5.10471E-5 1.24222E-4 1.6061E-4 1.56264E-3 1.05169E-3 1.33719E-3 7.05945E-4 -9999 -9999 -9999 -9999 -9999 -9999 -9999 -9999 2.35897E-3 2.95239E-4 2.38682E-4 1.12496E-3 7.50715E-4 1.23801E-4 1.31987E-4 1.94925E-4 1.1162E-4 6.13253E-5 5.9133E-5 1.80681E-5 1.79885E-5 3.0606E-5 3.41601E-5 1.25825E-4 2.1651E-4 1.83071E-4 1.0947E-4 7.90857E-5 2.56699E-4
-9999 -9999 -9999 -9999 -9999 -9999 -9999 -9999 -9999 -9999 -9999 -9999 -9999 -9999 -9999 -9999 -9999 -9999 -9999 -9999 -9999 -9999 -9999 -9999 -9999 1.05253E-6 7.42688E-5 2.87688E-5 2.31742E-7 1.60824E-5 2.82129E-5 1.39702E-4 1.01582E-4 3.47702E-5 3.03244E-5 8.90512E-5 2.53418E-4 4.70486E-4 2.56782E-4 2.16327E-4 3.0845E-4 8.91566E-4 9.58706E-4 1.17177E-3 6.25807E-4 5.00583E-3 -9999 -9999 -9999 -9999 -9999 -9999 1.10665E-2 2.48357E-3 1.05286E-4 3.32064E-5 1.79916E-4 2.45936E-4 5.84686E-5 6.24816E-5 5.82918E-5 9.0823E-5 4.34562E-5 4.54448E-5 2.18171E-5 2.167E-5 2.61234E-5 4.90406E-5 1.32372E-4 8.30988E-5 1.03268E-4 5.50996E-5 1.07361E-4 2.51608E-4
-9999 -9999 -9999 -9999 -9999 -9999 -9999 -9999 -9999 -9999 -9999 -9999 -9999 -9999 -9999 -9999 -9999 -9999 -9999 -9999 -9999 -9999 -9999 -9999 -9999 1.58262E-5 2.16536E-5 1.56341E-5 7.86825E-6 6.8193E-5 1.13998E-4 6.75334E-5 2.57377E-5 3.30572E-5 5.9761E-5 5.57273E-5 3.55407E-4 3.82993E-4 2.19082E-4 1.22264E-4 1.29781E-4 3.91427E-4 8.56921E-4 9.64804E-4 6.25588E-3 1.21592E-2 6.92919E-3 5.56419E-3 -9999 1.60585E-2 2.92625E-2 1.7443E-2 1.03686E-2 2.02605E-3 3.18859E-4 4.75292E-5 2.61556E-4 3.90755E-4 4.27117E-5 4.54658E-5 1.69175E-4 8.97979E-5 4.11949E-5 5.6659E-5 3.9931E-5 4.11204E-5 5.94981E-5 1.20694E-4 4.91836E-5 1.18132E-4 2.23255E-4 1.47683E-4 1.17433E-4 1.54918E-4
-9999 -9999 -9999 -9999 -9999 -9999 -9999 -9999 -9999 -9999 -9999 -9999 -9999 -9999 -9999 -9999 -9999 -9999 -9999 -9999 -9999 -9999 -9999 -9999 -9999 4.45032E-6 1.29749E-5 3.30168E-5 3.00488E-5 2.61518E-5 6.87155E-5 1.91204E-4 6.7764E-5 4.91847E-5 5.29755E-5 8.89134E-5 1.03002E-4 1.09941E-4 1.38316E-4 4.8816E-4 5.44678E-4 6.84698E-4 5.78497E-4 1.41039E-3 1.14045E-2 7.32452E-3 9.21723E-3 9.89953E-3 1.41906E-2 1.96137E-2 2.79001E-2 1.38487E-2 2.30758E-2 1.03287E-3 3.7313E-4 2.74124E-4 1.73422E-4 3.37368E-4 1.1068E-4 6.22334E-5 1.18442E-4 1.92753E-4 2.10255E-4 6.28153E-5 6.41804E-5 2.01453E-4 6.21275E-5 1.20763E-4 1.42794E-5 3.52942E-5 9.51564E-5 1.43351E-4 4.35939E-5 1.12758E-4
-9999 -9999 -9999 -9999 -9999 -9999 -9999 -9999 -9999 -9999 -9999 -9999 -9999 -9999 -9999 -9999 -9999 -9999 -9999 -9999 -9999 -9999 -9999 -9999 -9999 -9999 1.09916E-5 3.9695E-6 9.13239E-6 1.25612E-5 5.29896E-5 4.22151E-5 5.43562E-5 -9999 5.88805E-5 4.66966E-5 1.66313E-4 5.92879E-4 1.9383E-4 2.49151E-4 1.19379E-3 7.82719E-4 9.85102E-4 3.11001E-3 1.46818E-2 8.46907E-3 1.90903E-2 2.528E-2 5.86826E-2 3.09312E-2 1.53901E-3 1.27621E-3 4.19283E-3 2.82574E-3 9.89564E-4 3.91294E-4 2.5522E-4 3.1554E-4 4.05896E-4 1.13941E-4 1.21972E-4 2.86033E-4 1.55691E-4 1.62836E-4 4.33332E-5 1.3868E-4 1.06504E-4 1.05098E-4 7.65948E-5 4.06186E-5 1.19183E-4 8.76077E-5 1.10968E-4 7.39029E-5
-9999 -9999 -9999 -9999 -9999 -9999 -9999 -9999 -9999 -9999 -9999 -9999 -9999 -9999 -9999 -9999 -9999 -9999 -9999 -9999 -9999 -9999 -9999 -9999 -9999 9.60853E-6 1.94148E-5 3.9349E-5 1.16968E-5 2.26433E-5 7.47739E-5 6.10785E-5 2.27336E-5 -9999 -9999 3.0658E-5 2.37561E-4 2.25334E-4 3.79854E-4 4.67751E-4 5.35544E-4 8.89071E-4 2.95424E-3 7.01123E-2 1.08569E-2 2.04926E-2 2.97857E-2 5.45105E-2 1.79387E-2 2.90958E-3 1.00842E-3 8.63024E-5 7.44824E-4 7.91147E-4 3.18873E-4 8.59739E-5 5.70731E-5 1.04725E-4 3.23793E-4 4.69168E-4 4.6934E-4 5.95229E-4 2.89571E-4 7.32113E-5 9.4436E-5 6.68224E-5 1.09959E-4 1.65904E-4 2.20777E-4 1.14442E-4 1.47487E-4 5.78513E-5 4.59543E-5 2.1749E-5
-9999 -9999 -9999 -9999 -9999 -9999 -9999 -9999 -9999 -9999 -9999 -9999 -9999 -9999 -9999 -9999 -9999 -9999 -9999 -9999 -9999 -9999 -9999 -9999 -9999 5.28685E-6 1.75076E-5 5.36874E-5 3.56021E-5 2.93342E-5 6.37001E-5 3.81999E-5 2.47826E-5 -9999 -9999 6.38266E-5 5.55842E-4 5.33E-4 4.12114E-4 7.4056E-4 9.01745E-4 1.73227E-3 3.91985E-2 3.64122E-2 1.6659E-2 9.50941E-3 1.23548E-2 1.58499E-2 4.93611E-3 8.72991E-4 5.89927E-4 6.9201E-4 1.70787E-4 1.55787E-4 1.13794E-4 3.27725E-4 9.73266E-5 1.55601E-4 6.05992E-4 2.06065E-4 2.52354E-4 1.43222E-4 1.04331E-3 4.51314E-5 7.80662E-5 8.45676E-5 8.47706E-5 3.91074E-5 1.86175E-4 1.40797E-4 4.07228E-5 5.22051E-5 5.79253E-5 6.70004E-5
-9999 -9999 -9999 -9999 -9999 -9999 -9999 -9999 -9999 -9999 -9999 -9999 -9999 -9999 -9999 -9999 -9999 -9999 -9999 -9999 -9999 2.74571E-5 -9999 1.31088E-5 1.41312E-5 1.52289E-6 5.85951E-6 3.42282E-5 1.76329E-5 3.5055E-5 6.02757E-5 5.7244E-5 6.57785E-5 -9999 -9999 -9999 1.86946E-4 2.69683E-4 1.2449E-3 1.37318E-3 8.7726E-4 1.2045E-3 4.64881E-2 5.27161E-2 2.4433E-2 5.47402E-3 6.83247E-3 1.08263E-2 7.15677E-4 7.66351E-4 6.37929E-5 1.03266E-4 2.91636E-5 1.69282E-5 1.53121E-5 7.35803E-5 4.47661E-5 9.55534E-5 4.22649E-4 2.65568E-4 3.36046E-4 3.09395E-5 6.95823E-5 1.58647E-4 3.00203E-5 5.17576E-5 5.02485E-5 6.72049E-5 7.82317E-5 8.62027E-5 5.57187E-5 7.15752E-5 1.37938E-4 2.23208E-4
-9999 -9999 -9999 -9999 -9999 -9999 -9999 -9999 -9999 -9999 -9999 -9999 -9999 -9999 -9999 -9999 -9999 -9999 -9999 -9999 8.61483E-5 2.04663E-5 2.25345E-5 2.36139E-5 1.11252E-5 3.4478E-6 6.97129E-6 1.15947E-5 1.2156E-5 6.9406E-5 9.19839E-5 1.86142E-4 1.54515E-4 -9999 -9999 -9999 2.64178E-4 1.19851E-3 6.79774E-4 1.22868E-3 8.25255E-4 1.7402E-3 5.40935E-2 1.07355E-1 7.20996E-2 1.22381E-2 1.85041E-2 1.23211E-2 9.29663E-4 3.01722E-4 3.93179E-4 2.6554E-4 1.05055E-4 8.89943E-5 1.67359E-4 1.68312E-4 1.43236E-4 1.57309E-4 3.35902E-4 4.32968E-4 2.23682E-4 2.63463E-4 1.85357E-4 3.97959E-5 7.61733E-5 7.12121E-5 1.28863E-4 1.36255E-4 3.03284E-4 1.12273E-4 6.84164E-5 1.51879E-4 1.58981E-4 1.31806E-4
-9999 -9999 -9999 -9999 -9999 -9999 -9999 -9999 -9999 -9999 -9999 -9999 -9999 -9999 -9999 -9999 -9999 -9999 -9999 -9999 5.45302E-5 1.74225E-5 1.37003E-5 1.81391E-5 2.56277E-5 1.67154E-5 2.64197E-5 1.0543E-5 1.19602E-5 1.63135E-5 5.65749E-5 9.91372E-6 1.61555E-5 -9999 -9999 -9999 3.33787E-4 1.59997E-3 1.81969E-3 7.30788E-4 7.0895E-4 1.18096E-3 2.44254E-2 4.08419E-2 6.80026E-2 1.96709E-2 3.08835E-3 3.45885E-3 1.82358E-4 5.91609E-4 4.46424E-4 1.733E-4 5.01304E-6 2.2639E-5 2.96139E-5 4.41661E-5 1.09449E-4 3.17519E-5 6.14753E-6 7.90211E-6 5.97015E-6 6.97442E-6 6.71093E-5 2.39591E-4 1.87554E-4 1.48023E-4 2.86388E-4 2.969E-4 1.548E-4 1.63297E-4 1.13778E-4 9.06167E-5 1.1377E-5 3.16014E-5
-9999 -9999 -9999 -9999 -9999 -9999 -9999 -9999 -9999 -9999 -9999 -9999 -9999 -9999 -9999 -9999 -9999 -9999 -9999 -9999 4.07446E-5 1.88055E-5 4.43996E-6 4.52033E-6 9.0301E-6 9.8404E-6 1.49605E-5 1.34249E-5 1.18343E-5 1.23196E-5 3.23298E-5 1.60425E-5 4.86494E-5 -9999 -9999 -9999 3.89051E-4 5.03772E-4 2.84562E-4 2.71387E-4 1.52089E-3 7.50723E-3 1.22802E-2 1.68728E-2 1.34842E-2 5.73607E-3 2.2281E-3 2.82788E-4 7.89629E-5 1.39085E-4 1.13279E-4 6.03101E-6 2.44027E-5 4.92269E-6 4.03155E-6 1.07492E-4 5.11958E-5 6.02257E-5 4.23786E-5 5.95625E-5 7.94983E-5 5.51335E-5 5.13547E-5 7.0015E-6 1.42223E-4 2.7782E-5 1.47131E-4 1.24616E-4 9.50889E-5 6.04933E-5 1.20607E-4 3.75923E-5 2.88864E-5 2.88335E-4
-9999 -9999 -9999 -9999 -9999 -9999 -9999 -9999 -9999 -9999 -9999 -9999 -9999 -9999 -9999 -9999 -9999 -9999 -9999 1.69054E-4 1.40708E-4 2.47711E-5 6.25903E-6 1.69685E-5 7.3102E-5 5.55704E-5 3.67242E-5 1.55278E-5 3.30959E-5 2.75994E-5 1.92788E-5 9.78307E-6 2.26799E-5 3.68971E-5 -9999 -9999 -9999 3.21152E-4 4.06935E-4 7.02721E-4 5.2424E-4 7.65973E-4 4.51765E-3 1.60791E-2 2.15619E-2 1.25806E-2 3.39138E-3 2.06262E-4 9.97224E-5 4.42134E-5 6.87198E-6 2.48675E-6 4.65073E-5 5.6383E-5 5.36624E-5 3.61387E-5 8.2129E-5 4.1132E-5 2.04332E-4 1.5145E-4 6.07532E-5 5.24842E-5 3.00945E-5 5.14274E-6 7.95583E-5 4.67764E-5 4.36282E-5 1.73996E-5 2.63157E-4 3.13379E-5 6.96539E-5 6.94659E-5 3.15926E-4 5.17305E-4
-9999 -9999 -9999 -9999 -9999 -9999 -9999 -9999 -9999 -9999 -9999 -9999 -9999 -9999 -9999 -9999 -9999 -9999 -9999 2.56983E-5 1.73779E-5 4.86001E-5 1.21664E-5 1.89939E-5 2.22657E-5 2.39303E-5 1.0593E-5 5.19955E-5 4.9641E-5 3.85172E-5 7.01224E-5 2.18293E-5 4.25874E-5 1.88706E-4 -9999 -9999 -9999 1.52061E-4 1.80245E-4 5.90393E-4 4.53888E-4 1.46806E-3 2.15794E-3 8.22312E-3 2.69053E-2 7.69197E-3 2.42258E-3 2.96938E-4 1.4544E-4 5.7412E-5 9.7708E-5 1.96792E-5 2.88007E-5 1.17008E-4 1.18883E-4 3.66659E-5 1.25636E-4 1.23337E-4 1.08104E-4 2.60785E-4 6.16566E-5 6.78412E-5 1.1649E-4 5.73314E-6 5.25072E-5 1.49419E-5 2.9985E-5 3.03331E-5 1.16945E-4 1.34855E-4 1.9174E-4 1.21564E-3 1.91997E-3 7.38417E-4
-9999 -9999 -9999 -9999 -9999 -9999 -9999 -9999 -9999 -9999 -9999 -9999 -9999 -9999 -9999 -9999 -9999 -9999 3.45005E-4 5.13868E-5 7.43013E-6 5.35028E-4 3.72497E-5 4.0686E-5 4.90499E-5 9.87702E-5 3.08244E-5 6.95922E-5 5.64957E-5 1.16663E-4 4.55516E-5 5.81787E-5 1.05658E-4 8.0715E-5 -9999 -9999 -9999 2.40292E-4 3.77182E-4 2.42329E-4 5.04884E-4 1.38788E-3 2.02531E-3 4.9037E-3 1.53377E-2 6.20261E-3 2.35103E-3 8.91639E-5 6.95246E-5 8.26844E-5 9.49343E-5 4.61234E-5 1.63202E-4 1.21506E-4 1.8768E-4 3.6945E-4 1.34716E-4 3.37083E-4 9.38496E-5 1.01368E-4 8.03495E-5 4.94391E-5 5.1279E-5 3.78236E-4 4.95468E-5 9.21753E-6 2.50838E-5 1.06184E-4 4.48014E-5 4.90826E-4 4.98726E-4 4.78701E-4 1.47172E-3 1.20893E-3
-9999 -9999 -9999 -9999 -9999 -9999 -9999 -9999 -9999 -9999 -9999 -9999 -9999 -9999 -9999 -9999 -9999 -9999 3.18067E-4 1.45976E-4 3.38311E-5 5.40074E-5 1.14499E-5 5.65619E-6 3.18533E-5 2.58177E-5 1.49877E-5 8.53104E-5 6.47988E-5 2.44399E-4 4.98124E-5 1.29947E-4 1.09091E-4 2.85132E-4 1.26203E-4 -9999 -9999 9.79859E-5 4.16115E-4 3.97218E-4 3.83176E-4 6.76415E-4 1.27454E-3 2.39523E-3 6.47251E-3 3.8132E-3 2.80192E-3 2.69386E-4 1.0067E-4 1.93932E-4 1.50938E-4 1.18414E-4 1.43874E-4 1.56158E-4 1.92155E-4 2.8021E-4 1.96977E-4 2.34559E-4 4.08064E-5 5.08849E-5 1.12202E-4 5.73133E-5 7.10412E-5 1.87892E-4 1.56289E-4 6.71651E-5 1.80409E-5 3.74508E-5 6.096E-5 2.39544E-4 1.12902E-3 2.9795E-4 8.56445E-4 7.65525E-4
-9999 -9999 -9999 -9999 -9999 -9999 -9999 -9999 -9999 -9999 -9999 -9999 -9999 -9999 -9999 -9999 -9999 5.39455E-4 1.98634E-4 2.38094E-4 7.92065E-5 1.59294E-5 2.77831E-5 1.66583E-5 1.82999E-5 8.86956E-6 5.30994E-6 1.54566E-5 3.52737E-5 2.10389E-5 2.08314E-5 8.55033E-5 1.29313E-4 1.18265E-4 5.31473E-5 9.19488E-5 2.07476E-5 1.71555E-4 9.72781E-5 2.27718E-4 5.03888E-4 7.84957E-4 1.22574E-3 2.61347E-3 6.9922E-4 8.79765E-4 5.64584E-4 1.06683E-4 1.09209E-4 1.75893E-4 7.34438E-5 1.26521E-4 1.65482E-4 1.37657E-4 1.83373E-4 1.40097E-4 1.53947E-4 1.18275E-4 2.87389E-4 3.42429E-5 1.02927E-4 9.03509E-5 1.16064E-4 2.84939E-5 9.98576E-5 7.24657E-5 1.66221E-5 9.45476E-5 5.14559E-4 3.95431E-4 9.41206E-4 4.33127E-4 1.04062E-3 1.33564E-3
-9999 -9999 -9999 -9999 -9999 -9999 -9999 -9999 -9999 -9999 -9999 -9999 -9999 -9999 -9999 -9999 -9999 1.98592E-4 1.41716E-4 1.25938E-4 5.64788E-5 3.6431E-5 2.53629E-5 2.61313E-5 1.8614E-5 6.67512E-6 2.81294E-5 6.40642E-5 9.18508E-5 3.80108E-5 2.74226E-5 1.25179E-4 1.23695E-4 1.42786E-4 1.1118E-4 1.06041E-4 3.20241E-5 5.96448E-5 3.07169E-4 2.08043E-4 3.85552E-4 9.23077E-5 1.19091E-4 2.82862E-4 6.1587E-4 2.13754E-4 1.4639E-4 8.58754E-5 2.63557E-5 4.99087E-5 6.32338E-4 2.43813E-4 3.97292E-4 2.82701E-4 2.59178E-4 1.34828E-4 1.40161E-4 2.44091E-4 1.6201E-4 1.99362E-4 2.19111E-4 5.25012E-5 1.80316E-4 1.66388E-5 6.47062E-6 1.92292E-5 1.21249E-4 4.50892E-5 1.33555E-4 2.43026E-4 4.67347E-4 7.23763E-4 6.84023E-4 8.4574E-4
-9999 -9999 -9999 -9999 -9999 -9999 -9999 -9999 -9999 -9999 -9999 -9999 -9999 -9999 -9999 -9999 -9999 5.14914E-5 8.33108E-5 3.37703E-4 9.06055E-5 8.32955E-5 2.96674E-5 1.971E-5 4.82124E-5 8.93332E-6 4.0452E-5 3.66441E-5 3.41565E-5 9.04739E-5 8.51543E-5 7.21666E-5 1.65261E-4 2.2103E-4 1.72924E-4 1.89279E-4 7.21242E-5 1.86242E-5 1.64219E-5 2.30919E-4 6.24081E-5 5.7909E-5 1.30222E-4 1.12748E-4 2.23783E-4 2.98948E-4 4.30642E-4 1.5221E-4 5.95898E-5 1.13929E-4 1.59135E-4 2.02878E-4 6.11982E-4 1.52953E-4 8.11471E-5 1.49569E-4 6.826E-4 1.37857E-4 1.292E-4 1.45489E-4 7.693E-5 1.70059E-4 1.51076E-4 2.14635E-5 4.83223E-5 3.31614E-5 1.1964E-4 2.36579E-4 2.63244E-4 1.84382E-4 4.74032E-4 3.19031E-4 7.29517E-4 4.87313E-4
-9999 -9999 -9999 -9999 -9999 -9999 -9999 -9999 -9999 -9999 -9999 -9999 -9999 -9999 -9999 -9999 3.63069E-5 3.67851E-5 2.23575E-4 1.47861E-4 8.57807E-5 7.0173E-5 2.90394E-5 1.28634E-4 1.42856E-4 8.1451E-5 1.6102E-4 1.70406E-4 9.22996E-5 4.79219E-5 3.43049E-5 4.17546E-4 7.56447E-4 4.74936E-4 5.95508E-4 3.31342E-4 3.3229E-4 1.2722E-4 1.06784E-4 2.76318E-4 2.49386E-4 1.44748E-4 1.06785E-4 1.03867E-4 1.48215E-4 1.47239E-4 1.71129E-4 2.04892E-4 1.06183E-4 1.00681E-4 7.77225E-5 1.08275E-4 4.27367E-4 2.47893E-4 1.72165E-4 3.12718E-4 1.01003E-3 3.55393E-4 9.78741E-5 4.81204E-5 9.90171E-5 7.26034E-5 7.31454E-5 4.06982E-5 5.19065E-5 1.36585E-4 2.37406E-4 9.03019E-5 1.98524E-4 1.50273E-4 3.90955E-4 4.21365E-4 1.28653E-3 1.70038E-3
