ENM/Final_Models/M_0.9_F_q_Set_1_EC/Gustavia_santanderiensis_2_Choco.asc
ncols         367
nrows         963
xllcorner     -78.6
yllcorner     0.65
cellsize      0.00833333333333323
NODATA_value  -9999
[rows 660 to 692 of 963, columns 148 to 221 of 367]
1E0 1E0 1E0 1E0 1E0 1E0 1E0 9.99996E-1 9.94541E-1 1E0 1E0 1E0 1E0 1E0 9.99999E-1 1E0 9.99999E-1 9.9992E-1 9.99544E-1 9.76961E-1 9.91328E-1 9.79585E-1 8.98479E-1 9.72552E-1 9.88941E-1 7.07032E-1 9.18195E-1 9.98775E-1 8.62914E-1 6.70354E-1 8.40896E-1 9.96943E-1 6.75435E-1 9.91389E-1 9.99963E-1 9.82627E-1 9.93043E-1 9.5169E-1 9.87584E-1 9.41184E-1 9.65755E-1 9.57857E-1 3.33767E-1 2.77247E-1 2.10461E-1 5.67792E-2 4.45574E-2 6.11035E-2 3.41379E-2 7.10322E-2 1.03261E-1 3.09503E-2 1.65564E-1 1.69797E-1 1.54051E-1 2.07073E-1 9.87683E-2 3.91765E-2 1.68114E-2 4.93231E-3 1.48405E-3 2.02917E-3 6.81473E-4 3.47296E-4 4.57712E-4 1.61953E-4 4.38356E-4 4.87526E-5 9.74695E-5 3.07694E-5 3.75973E-5 5.72324E-5 -9999 -9999
1E0 1E0 1E0 1E0 1E0 1E0 1E0 1E0 9.99245E-1 9.99748E-1 9.99998E-1 9.99783E-1 1E0 9.9999E-1 1E0 1E0 9.99981E-1 9.99999E-1 9.97324E-1 9.96702E-1 8.93574E-1 9.51234E-1 7.69472E-1 9.93441E-1 9.3098E-1 3.85454E-1 5.96278E-1 9.98505E-1 9.99956E-1 9.99337E-1 9.86503E-1 9.69613E-1 8.75969E-1 9.67794E-1 9.96737E-1 9.99996E-1 8.09749E-1 9.94442E-1 9.06195E-1 6.4274E-1 2.91028E-1 9.67342E-2 3.12787E-2 5.98087E-2 1.01727E-1 3.29072E-2 2.4983E-2 2.74895E-2 2.63926E-2 6.12667E-2 1.03742E-1 1.16018E-1 2.65707E-1 1.64447E-1 3.89593E-1 3.94317E-1 1.16525E-1 6.90911E-2 2.13571E-2 8.43289E-3 8.8045E-4 3.14415E-3 5.92882E-4 9.83031E-4 1.39416E-3 2.87297E-3 1.62636E-3 2.90529E-4 3.07353E-4 3.65321E-4 3.11847E-4 -9999 -9999 -9999
1E0 1E0 1E0 1E0 9.99999E-1 1E0 1E0 9.99998E-1 1E0 1E0 9.99986E-1 9.99605E-1 9.99999E-1 9.99999E-1 1E0 9.99973E-1 9.99996E-1 9.99991E-1 9.9991E-1 9.89716E-1 9.97687E-1 8.93099E-1 9.86728E-1 8.33122E-1 9.34936E-1 9.51954E-1 9.92431E-1 9.99627E-1 9.99982E-1 9.99978E-1 9.99997E-1 1E0 9.79683E-1 9.91557E-1 9.69285E-1 8.46056E-1 8.44976E-1 6.63427E-1 9.95814E-1 8.22984E-1 5.10662E-1 5.68725E-1 9.13955E-1 8.49134E-1 7.66657E-1 1.03247E-1 2.90111E-1 8.53272E-2 8.76333E-2 1.00299E-1 1.85919E-1 3.0725E-1 2.90782E-1 3.21981E-1 3.44524E-1 1.5375E-1 1.27225E-1 6.518E-2 1.35041E-2 6.37494E-3 2.0495E-3 4.25405E-3 3.5004E-3 1.26656E-2 2.82397E-2 3.31125E-3 8.33862E-4 1.51727E-4 3.22483E-4 1.51311E-4 1.06679E-4 -9999 -9999 -9999
1E0 1E0 1E0 1E0 1E0 1E0 1E0 1E0 1E0 1E0 1E0 1E0 1E0 9.99985E-1 9.99946E-1 1E0 9.99962E-1 1E0 1E0 9.99902E-1 9.99999E-1 9.99917E-1 9.91505E-1 9.99546E-1 9.99434E-1 9.98427E-1 9.9884E-1 9.99887E-1 9.99409E-1 9.99982E-1 1E0 9.9945E-1 9.81904E-1 9.83236E-1 9.73636E-1 8.11246E-1 5.47775E-1 6.08918E-1 8.59212E-1 4.36338E-1 9.05062E-1 7.58576E-1 1.19809E-1 6.49601E-1 8.18858E-1 7.64735E-1 2.1672E-1 4.08256E-2 9.59388E-2 3.22669E-1 5.6375E-1 5.26662E-1 3.50084E-1 6.64989E-1 2.86228E-1 3.06557E-1 1.51721E-1 1.04572E-1 9.64335E-3 1.44025E-2 9.91199E-3 1.98982E-2 5.3208E-3 2.57094E-2 1.73599E-2 7.87355E-3 1.41259E-3 2.79346E-4 3.56805E-4 2.93846E-4 3.1715E-4 -9999 -9999 -9999
1E0 1E0 1E0 1E0 1E0 1E0 1E0 1E0 1E0 1E0 1E0 1E0 1E0 9.99942E-1 9.99982E-1 9.8983E-1 9.99876E-1 9.99716E-1 9.99915E-1 9.99925E-1 9.99938E-1 9.83103E-1 9.9944E-1 9.98161E-1 9.99353E-1 9.99986E-1 9.99517E-1 9.422E-1 8.91649E-1 9.99984E-1 1E0 9.99967E-1 9.93283E-1 7.82848E-1 7.97889E-1 6.38468E-1 4.01335E-1 6.15496E-1 6.15072E-1 6.14156E-1 3.99545E-1 4.85537E-1 2.05359E-1 4.26423E-1 7.24766E-1 8.92745E-1 6.82693E-1 1.99089E-1 1.63394E-1 2.77273E-1 4.80443E-1 4.61984E-1 7.55019E-1 5.42283E-1 1.54961E-1 2.34049E-1 3.62071E-1 2.0407E-1 9.97151E-2 1.45182E-1 1.41173E-2 1.80594E-2 5.38604E-2 4.12785E-2 9.09012E-3 4.71592E-4 3.05309E-4 5.43466E-4 4.23686E-4 4.62683E-4 9.79689E-4 -9999 -9999 -9999
1E0 1E0 1E0 1E0 1E0 1E0 1E0 1E0 1E0 1E0 1E0 1E0 1E0 1E0 9.99945E-1 9.46308E-1 9.99654E-1 9.99961E-1 9.90807E-1 9.97595E-1 9.8334E-1 9.98564E-1 9.99844E-1 9.99946E-1 9.99971E-1 9.99278E-1 9.8785E-1 7.26513E-1 7.99E-1 9.99978E-1 1E0 1E0 9.99343E-1 8.81427E-1 9.80132E-1 9.0884E-1 7.43032E-1 4.69301E-1 2.64377E-1 1.78179E-1 5.18444E-2 2.88564E-1 3.26696E-1 2.37355E-1 4.43378E-1 7.91876E-1 9.60064E-1 3.38304E-1 3.03262E-1 2.5489E-1 3.25658E-1 3.33532E-1 7.53376E-1 7.09295E-1 6.20789E-1 2.26376E-1 2.31462E-1 4.80651E-1 1.47646E-1 9.13536E-2 1.98878E-1 9.41829E-2 1.17422E-1 1.76978E-2 5.8001E-3 7.05206E-5 7.39108E-5 2.99131E-4 4.9733E-4 4.63527E-4 -9999 -9999 -9999 -9999
1E0 1E0 1E0 1E0 1E0 1E0 1E0 1E0 1E0 1E0 1E0 1E0 1E0 9.99998E-1 1E0 9.99233E-1 9.99972E-1 9.85214E-1 9.96282E-1 9.26436E-1 9.95507E-1 9.93386E-1 9.9998E-1 9.99991E-1 9.99976E-1 9.95303E-1 9.6713E-1 6.47359E-1 6.653E-1 9.9906E-1 9.99858E-1 9.99747E-1 9.9937E-1 9.34529E-1 7.84265E-1 6.48418E-1 3.21375E-1 4.74091E-1 2.24318E-2 1.87208E-3 8.97489E-3 2.39311E-1 2.82133E-1 2.99885E-1 2.82916E-1 1.62648E-1 8.50605E-1 8.3368E-1 8.03495E-1 6.41673E-1 5.00899E-1 7.83567E-1 8.54437E-1 5.53288E-1 6.97133E-1 4.18805E-1 4.71346E-1 2.50035E-1 2.87249E-1 1.33064E-1 1.18786E-1 1.02788E-1 5.0578E-2 4.47168E-3 7.97311E-4 2.52376E-5 1.27476E-5 4.25757E-4 4.41808E-4 1.37139E-3 -9999 -9999 -9999 -9999
1E0 1E0 1E0 1E0 1E0 1E0 1E0 1E0 9.99985E-1 9.99997E-1 1E0 1E0 1E0 9.99943E-1 1E0 1E0 9.9621E-1 9.98313E-1 9.98536E-1 9.98475E-1 1E0 9.98795E-1 9.99999E-1 9.97609E-1 9.88467E-1 9.76813E-1 7.83035E-1 6.81051E-1 7.20107E-1 9.99397E-1 9.87812E-1 7.42571E-1 9.55593E-1 9.54786E-1 8.62808E-1 3.85759E-2 2.31903E-2 1.59891E-2 1.79682E-3 1.02011E-3 2.95566E-3 3.05613E-1 3.82937E-1 3.51222E-1 2.29129E-1 1.91843E-1 5.95004E-1 7.9556E-1 5.61983E-1 8.33345E-1 6.49503E-1 9.24596E-1 7.55253E-1 2.44211E-1 1.38276E-1 1.07007E-1 7.845E-2 1.1093E-1 3.00784E-1 9.94607E-2 7.701E-2 2.50084E-2 1.74238E-2 1.06054E-3 4.39089E-4 5.88844E-6 2.07814E-5 6.13624E-5 1.78715E-4 -9999 -9999 -9999 -9999 -9999
1E0 1E0 1E0 1E0 1E0 1E0 1E0 1E0 1E0 9.99987E-1 1E0 9.99993E-1 9.99988E-1 1E0 1E0 1E0 9.99701E-1 8.42602E-1 8.22829E-1 9.8E-1 9.99615E-1 9.9892E-1 9.96482E-1 9.99094E-1 9.78676E-1 8.96024E-1 7.65645E-1 5.00359E-1 5.74925E-1 9.98109E-1 9.79234E-1 8.35849E-1 8.76874E-1 8.12421E-1 1.60997E-1 1.85964E-2 3.75451E-3 8.16864E-4 1.28547E-4 3.32772E-3 6.03193E-3 2.56482E-1 6.03072E-1 4.71934E-1 8.91552E-2 2.84604E-1 5.79051E-1 8.8299E-1 3.63419E-1 5.15327E-1 6.9409E-1 9.39211E-1 7.83219E-1 2.09012E-1 2.81024E-1 9.74369E-2 7.66401E-2 4.3889E-2 1.83921E-1 5.12763E-2 3.88886E-2 2.55128E-2 7.53742E-3 3.83165E-3 1.03319E-3 1.47877E-5 4.55161E-6 1.88661E-5 4.0421E-4 -9999 -9999 -9999 -9999 -9999
1E0 1E0 1E0 1E0 1E0 1E0 1E0 1E0 1E0 9.99997E-1 9.99977E-1 1E0 1E0 1E0 1E0 9.99996E-1 9.88033E-1 9.97824E-1 9.9922E-1 8.75213E-1 9.8559E-1 9.7907E-1 9.88049E-1 9.88463E-1 9.5201E-1 8.19445E-1 6.49729E-1 4.84303E-1 6.42599E-1 9.27669E-1 9.98388E-1 9.0439E-1 8.58427E-1 6.2719E-1 1.01808E-1 1.13038E-2 1.56415E-2 4.29545E-3 5.04209E-4 3.87203E-3 1.73879E-2 4.54141E-1 1.95037E-1 2.91784E-1 1.52496E-1 3.6562E-1 3.98279E-1 7.23653E-1 7.17946E-1 3.82637E-1 4.40281E-1 6.75968E-1 9.22602E-1 6.92041E-1 2.91666E-1 2.33428E-1 1.52035E-1 2.97789E-2 9.69061E-3 8.58856E-3 5.57746E-3 3.47986E-3 3.11647E-3 1.09136E-3 6.47591E-4 2.4585E-5 1.89268E-5 3.55792E-6 2.32484E-4 -9999 -9999 -9999 -9999 -9999
1E0 1E0 1E0 1E0 1E0 1E0 1E0 1E0 1E0 9.99995E-1 1E0 1E0 1E0 9.99998E-1 1E0 1E0 1E0 1E0 1E0 9.86034E-1 7.65409E-1 9.96374E-1 9.43135E-1 9.78166E-1 8.87827E-1 7.81321E-1 6.26903E-1 7.53435E-1 6.99465E-1 7.49395E-1 6.68198E-1 5.26555E-1 8.81585E-1 7.00966E-1 5.74927E-2 2.27372E-2 8.0229E-3 4.26264E-3 2.26749E-4 7.5466E-3 1.39957E-2 9.73253E-2 1.68623E-1 2.24172E-1 2.23798E-1 3.62623E-1 3.19347E-1 3.93026E-1 5.09908E-1 4.7631E-1 3.24478E-1 3.03797E-1 7.26647E-1 8.54673E-1 5.59505E-1 3.06712E-1 1.97173E-1 1.29008E-1 1.23031E-2 1.88693E-3 7.77785E-3 2.096E-3 6.82864E-4 9.71072E-4 1.26983E-3 6.96464E-5 7.16664E-5 7.38844E-5 1.0853E-4 -9999 -9999 -9999 -9999 -9999
1E0 1E0 1E0 1E0 1E0 1E0 1E0 1E0 1E0 1E0 1E0 1E0 1E0 1E0 1E0 1E0 1E0 9.99063E-1 9.99476E-1 8.99569E-1 9.66684E-1 9.90912E-1 9.55348E-1 9.99119E-1 9.98432E-1 8.27602E-1 9.66792E-1 9.90992E-1 9.94197E-1 9.93605E-1 8.84559E-1 9.20283E-1 9.90396E-1 8.42212E-1 8.75225E-3 3.73286E-3 3.34566E-3 1.2011E-3 1.75523E-4 6.44513E-4 1.31655E-2 4.81353E-2 2.43971E-1 2.52198E-1 1.5412E-1 2.74837E-1 2.65675E-1 3.9798E-1 7.52951E-2 3.06805E-1 2.80707E-1 1.36912E-1 3.4286E-1 4.28396E-1 5.77918E-1 5.26113E-1 3.39111E-1 1.61942E-1 1.2314E-2 5.45361E-3 9.85624E-3 6.22168E-3 3.71748E-3 3.39495E-3 2.92268E-3 9.89907E-4 5.82546E-5 2.47391E-4 1.05534E-4 -9999 -9999 -9999 -9999 -9999
1E0 1E0 1E0 1E0 1E0 1E0 1E0 1E0 1E0 1E0 1E0 9.99997E-1 9.99995E-1 9.99998E-1 1E0 1E0 9.99998E-1 9.92807E-1 9.58287E-1 9.6757E-1 8.80096E-1 9.09016E-1 9.25897E-1 9.99145E-1 9.7896E-1 9.92993E-1 9.02635E-1 9.95242E-1 9.99521E-1 9.96532E-1 9.8473E-1 9.97084E-1 9.81823E-1 3.0211E-1 2.80225E-2 4.41579E-2 2.7282E-2 3.4284E-3 2.86678E-4 4.68489E-4 9.409E-3 5.42011E-2 1.66369E-1 2.21675E-1 7.4944E-2 8.23138E-2 1.77275E-1 2.8915E-1 1.12537E-1 2.88271E-1 1.96008E-1 1.73135E-1 2.48186E-1 9.57177E-2 1.7879E-1 1.15016E-1 1.87116E-1 1.5686E-1 7.28206E-2 4.09853E-2 1.56142E-2 1.41437E-2 1.01801E-2 4.76894E-3 4.29718E-3 2.08031E-3 6.39331E-6 7.13312E-6 1.15046E-4 -9999 -9999 -9999 -9999 -9999
1E0 1E0 1E0 1E0 1E0 1E0 1E0 1E0 1E0 1E0 1E0 9.99984E-1 9.99982E-1 9.99989E-1 9.99967E-1 1E0 1E0 9.97508E-1 8.91078E-1 9.37523E-1 9.59535E-1 9.78883E-1 9.92027E-1 9.50243E-1 9.67406E-1 7.88287E-1 9.94729E-1 9.74911E-1 9.99522E-1 9.98706E-1 9.99521E-1 9.90797E-1 9.88138E-1 2.59702E-1 2.80808E-2 5.52051E-3 1.23286E-2 1.88748E-3 1.04158E-4 4.81967E-4 1.3928E-2 7.31381E-2 8.9821E-2 6.18976E-2 1.36746E-2 2.39439E-2 1.06051E-1 8.89582E-2 7.91779E-2 2.28613E-1 2.4638E-1 1.29048E-1 1.15016E-1 9.50769E-2 1.75761E-1 1.97405E-1 2.15462E-1 2.5802E-1 7.62482E-2 1.69366E-1 8.3853E-2 1.63966E-1 7.50791E-2 1.4581E-2 5.68554E-3 2.59703E-3 1.27847E-5 1.31268E-5 2.12136E-4 -9999 -9999 -9999 -9999 -9999
1E0 1E0 1E0 1E0 1E0 1E0 1E0 1E0 1E0 1E0 9.99999E-1 9.99997E-1 9.99992E-1 9.99996E-1 9.99994E-1 9.99996E-1 9.99905E-1 9.93938E-1 9.70477E-1 9.95266E-1 9.74999E-1 9.97965E-1 9.86999E-1 9.61169E-1 9.81807E-1 7.83806E-1 9.01867E-1 9.7289E-1 9.99363E-1 8.65519E-1 8.94429E-1 8.56295E-1 7.32286E-1 9.09314E-1 4.85017E-2 1.45542E-1 3.09582E-2 1.80475E-2 4.36725E-4 4.54992E-5 3.3401E-3 3.01553E-2 2.44817E-1 2.51241E-1 1.32967E-1 1.78368E-1 6.79992E-2 9.28161E-2 2.01146E-2 6.5161E-2 7.26094E-2 1.30181E-1 6.00697E-2 3.11165E-2 9.59119E-2 1.45872E-1 1.29551E-1 9.03068E-2 7.71541E-2 6.47078E-2 5.67691E-2 1.1721E-1 9.12394E-2 5.31809E-2 4.4969E-3 8.34407E-4 1.70485E-5 8.05816E-6 2.74267E-4 -9999 -9999 -9999 -9999 -9999
1E0 1E0 1E0 1E0 1E0 1E0 1E0 1E0 1E0 1E0 1E0 1E0 1E0 9.99988E-1 9.99975E-1 1E0 9.99998E-1 9.99977E-1 9.99418E-1 9.99388E-1 9.95015E-1 1E0 9.56019E-1 9.93251E-1 8.16568E-1 9.0764E-1 9.54605E-1 9.998E-1 9.99114E-1 9.85971E-1 8.09858E-1 7.41427E-1 4.46597E-1 2.75607E-1 5.94293E-1 5.87468E-2 1.74044E-2 1.26365E-3 4.14765E-4 3.12829E-3 4.04447E-3 2.62493E-2 7.49494E-2 7.56761E-2 9.4145E-2 1.60955E-1 6.37223E-2 3.17017E-2 3.69503E-2 4.60659E-2 8.82196E-2 3.94761E-2 1.69802E-2 3.71732E-2 7.44802E-2 5.43316E-2 7.6627E-2 5.74647E-2 7.01025E-3 5.81635E-3 5.13656E-2 5.21507E-2 1.73859E-2 3.13254E-2 5.02451E-3 1.24944E-3 3.40373E-5 9.83741E-6 3.70553E-5 -9999 -9999 -9999 -9999 -9999
1E0 1E0 1E0 9.99999E-1 1E0 1E0 1E0 1E0 1E0 1E0 9.99998E-1 1E0 1E0 1E0 9.99999E-1 9.99971E-1 1E0 9.99991E-1 9.99345E-1 9.99784E-1 9.998E-1 9.99998E-1 9.99997E-1 9.95058E-1 8.01127E-1 9.9879E-1 9.9994E-1 9.99991E-1 9.96614E-1 9.8577E-1 7.60975E-1 9.57936E-1 9.37272E-1 5.11931E-1 2.7802E-1 3.82578E-2 2.60089E-2 4.90812E-3 5.18116E-3 8.09473E-3 2.44564E-2 9.59629E-2 1.22204E-2 1.44183E-2 1.09753E-2 4.88167E-2 3.8655E-2 1.63463E-2 3.54707E-2 1.84727E-2 2.70515E-2 2.55687E-2 9.08146E-3 6.45298E-3 1.29599E-2 7.0597E-3 4.68248E-2 1.68332E-2 3.28427E-3 1.21616E-3 1.47139E-2 4.40105E-3 1.60695E-3 1.93194E-3 8.91705E-4 1.62766E-3 1.52427E-5 4.62353E-5 3.55048E-4 -9999 -9999 -9999 -9999 -9999
1E0 1E0 9.99978E-1 1E0 1E0 9.99987E-1 1E0 1E0 1E0 1E0 1E0 1E0 1E0 1E0 1E0 1E0 9.99999E-1 9.99922E-1 9.99559E-1 9.99735E-1 9.99999E-1 1E0 9.91597E-1 9.99681E-1 9.476E-1 9.88894E-1 9.98386E-1 9.54221E-1 9.69339E-1 9.65153E-1 9.60692E-1 9.20322E-1 9.21567E-1 8.70202E-1 7.6035E-1 2.64635E-2 6.60671E-2 3.4211E-2 9.45325E-3 4.99516E-2 4.85188E-1 9.71424E-2 1.6492E-2 3.62955E-2 3.26794E-2 2.69372E-2 9.84662E-3 9.84755E-3 1.7195E-2 1.23065E-2 2.41792E-2 3.70908E-2 4.79247E-3 2.56618E-3 6.27634E-4 1.38151E-3 5.86877E-3 2.20745E-2 1.61933E-2 1.37322E-3 3.63209E-3 1.96936E-3 1.27743E-3 1.78016E-3 8.0582E-5 1.98549E-5 4.195E-5 1.57573E-4 3.89516E-4 -9999 -9999 -9999 -9999 -9999
1E0 1E0 1E0 1E0 1E0 1E0 1E0 1E0 1E0 1E0 9.99993E-1 9.99997E-1 1E0 9.99967E-1 9.99788E-1 9.99994E-1 1E0 1E0 1E0 9.99959E-1 1E0 9.99999E-1 9.99997E-1 9.68615E-1 9.99684E-1 9.98876E-1 9.45647E-1 9.09506E-1 8.27521E-1 9.34746E-1 9.98642E-1 9.99725E-1 9.98872E-1 9.13663E-1 9.70174E-1 8.04406E-1 4.13245E-1 3.23906E-1 1.22824E-1 3.69419E-1 4.61233E-1 3.52906E-1 1.78408E-1 3.04711E-1 1.99393E-1 2.85872E-2 4.79263E-3 1.50824E-2 5.33416E-3 7.14278E-3 7.38566E-3 8.70182E-3 2.8935E-3 7.08791E-4 5.99309E-4 6.05275E-4 5.89663E-3 1.40561E-2 9.95987E-3 1.43732E-2 2.51341E-3 2.44537E-3 7.59237E-4 6.45411E-4 3.21456E-5 5.939E-6 2.55588E-5 4.0252E-4 3.37396E-4 -9999 -9999 -9999 -9999 -9999
1E0 1E0 1E0 1E0 1E0 1E0 1E0 9.99984E-1 1E0 9.9997E-1 9.99999E-1 1E0 9.99973E-1 9.99967E-1 9.99952E-1 9.99997E-1 9.99994E-1 1E0 9.99999E-1 9.99899E-1 1E0 9.99966E-1 9.97412E-1 9.80351E-1 9.27469E-1 9.67794E-1 9.2345E-1 8.54915E-1 9.92534E-1 8.67359E-1 9.99289E-1 9.9899E-1 9.99705E-1 9.94054E-1 8.33651E-1 5.56465E-1 6.74301E-1 4.55109E-1 1.70794E-1 5.11061E-1 7.10373E-1 3.53819E-1 4.67647E-1 8.31784E-1 6.57533E-1 3.86924E-1 1.61961E-1 3.76798E-2 6.54873E-3 4.20807E-3 5.49035E-3 1.58881E-2 2.3425E-4 7.121E-5 3.74117E-4 9.67175E-4 2.13149E-3 3.15216E-3 1.484E-3 2.81749E-3 2.47513E-3 3.01988E-3 2.28528E-3 2.74067E-4 5.75013E-6 1.29395E-5 1.03381E-4 2.69572E-3 -9999 -9999 -9999 -9999 -9999 -9999
1E0 1E0 1E0 1E0 1E0 1E0 9.99999E-1 1E0 1E0 9.99983E-1 1E0 9.99944E-1 9.96431E-1 9.99989E-1 9.97815E-1 9.99896E-1 9.95967E-1 9.99954E-1 9.99954E-1 1E0 1E0 9.98207E-1 9.53828E-1 9.99184E-1 9.6111E-1 9.97E-1 9.50636E-1 9.80234E-1 9.81076E-1 9.60539E-1 4.16342E-1 4.12661E-1 3.7948E-1 1.0683E-1 9.27658E-1 9.97575E-1 9.87122E-1 7.81558E-1 4.55961E-1 8.6461E-1 9.4214E-1 6.48227E-1 8.32405E-1 9.85252E-1 8.76876E-1 6.52785E-1 4.71996E-1 7.2064E-2 2.95169E-2 1.11697E-2 4.81052E-4 2.36881E-4 2.49128E-5 4.36264E-5 5.07595E-5 8.6826E-4 2.1896E-4 5.55748E-4 1.36338E-4 6.36881E-4 8.24843E-4 4.02283E-4 2.01064E-4 3.4662E-5 3.48898E-6 2.54674E-5 1.66142E-4 3.10126E-4 -9999 -9999 -9999 -9999 -9999 -9999
1E0 1E0 1E0 1E0 1E0 1E0 1E0 9.99999E-1 9.99986E-1 9.99122E-1 9.99956E-1 9.99982E-1 9.99853E-1 9.98903E-1 9.93411E-1 9.9994E-1 9.99618E-1 9.99946E-1 9.97471E-1 9.99696E-1 9.99582E-1 9.93487E-1 9.08838E-1 9.7169E-1 9.69826E-1 9.99898E-1 9.98901E-1 9.3064E-1 9.99719E-1 9.99251E-1 9.8873E-1 7.91252E-1 7.80895E-1 8.47643E-1 9.61465E-1 9.92304E-1 9.99893E-1 9.86721E-1 9.89491E-1 9.7175E-1 9.12892E-1 8.42142E-1 9.69154E-1 9.69148E-1 6.7729E-1 6.88002E-1 3.6189E-1 3.21846E-1 4.76213E-2 3.47759E-3 1.01626E-2 2.79235E-4 1.45547E-5 5.78179E-6 4.77317E-5 2.96202E-4 2.35013E-4 1.55591E-4 1.7213E-4 1.26696E-4 1.00469E-4 2.39653E-5 7.03989E-6 4.21589E-6 7.72986E-6 3.82147E-5 2.52022E-4 3.25644E-3 -9999 -9999 -9999 -9999 -9999 -9999
1E0 1E0 1E0 1E0 1E0 1E0 1E0 1E0 1E0 1E0 9.99751E-1 9.9924E-1 9.98804E-1 9.94993E-1 9.97423E-1 9.9995E-1 9.99776E-1 9.70552E-1 9.99978E-1 9.99985E-1 9.94905E-1 7.72552E-1 6.84595E-1 8.38967E-1 9.99339E-1 9.99946E-1 9.95647E-1 9.81447E-1 9.9358E-1 9.90148E-1 8.39638E-1 7.72159E-1 8.08396E-1 4.8194E-1 8.30008E-1 9.72266E-1 9.39853E-1 4.29144E-1 5.28528E-1 8.52171E-1 7.5464E-1 9.60176E-1 9.22618E-1 9.39508E-1 7.46924E-1 6.46114E-1 4.65927E-1 1.41665E-1 3.44408E-3 1.21366E-3 4.655E-4 1.16648E-3 1.43731E-5 6.16051E-6 4.77555E-5 4.15634E-4 5.10501E-5 2.93951E-5 2.02613E-5 1.08235E-4 6.579E-5 7.96539E-6 8.73144E-6 1.52926E-5 1.80897E-5 2.3543E-5 5.80432E-4 1.6097E-3 -9999 -9999 -9999 -9999 -9999 -9999
1E0 1E0 1E0 1E0 1E0 1E0 1E0 1E0 1E0 1E0 9.99381E-1 9.99885E-1 9.99522E-1 9.98727E-1 9.99947E-1 9.99983E-1 9.94132E-1 9.94053E-1 9.93812E-1 9.88514E-1 9.95789E-1 9.51376E-1 6.00687E-1 7.81049E-1 9.97055E-1 9.79729E-1 9.88834E-1 9.99233E-1 9.99853E-1 9.9001E-1 9.79168E-1 9.46075E-1 8.67103E-1 5.797E-1 4.48341E-1 5.26807E-1 8.12144E-1 3.43183E-1 4.21762E-1 9.00504E-1 9.57158E-1 9.57788E-1 9.29353E-1 7.60159E-1 5.44106E-1 5.46995E-1 4.52136E-1 1.28898E-2 3.82808E-3 4.54437E-4 1.36704E-4 2.70644E-3 3.19892E-4 4.18675E-4 2.3912E-3 5.01074E-4 2.24621E-4 5.95329E-5 1.36535E-5 1.60057E-5 1.45395E-5 1.06784E-5 3.95373E-5 5.34316E-5 6.64855E-5 2.06921E-5 4.83466E-5 2.25048E-4 -9999 -9999 -9999 -9999 -9999 -9999
1E0 1E0 1E0 1E0 1E0 1E0 1E0 1E0 1E0 9.99997E-1 9.99739E-1 9.99985E-1 9.99995E-1 9.99973E-1 9.99995E-1 1E0 9.99438E-1 9.95081E-1 9.96234E-1 9.98694E-1 9.99853E-1 8.60002E-1 9.15968E-1 5.96515E-1 9.30269E-1 9.89518E-1 9.96618E-1 9.96264E-1 9.99955E-1 9.99982E-1 9.53884E-1 9.94777E-1 9.80245E-1 8.36836E-1 4.52253E-1 5.57591E-1 6.09439E-1 4.39735E-1 7.78264E-1 8.55481E-1 9.84795E-1 9.96329E-1 5.18087E-1 3.16119E-1 3.11932E-1 7.18366E-1 1.63943E-1 3.86671E-3 3.82532E-3 8.72233E-4 3.07627E-4 2.70818E-3 9.69939E-4 4.08289E-3 4.50273E-3 1.52423E-3 8.7859E-4 1.00786E-4 1.25752E-5 6.55329E-6 5.96936E-6 7.99842E-6 1.30116E-5 1.55018E-5 7.61017E-5 5.45006E-4 5.41058E-5 1.44711E-4 -9999 -9999 -9999 -9999 -9999 -9999
1E0 1E0 1E0 1E0 1E0 1E0 1E0 1E0 1E0 1E0 9.99934E-1 9.9535E-1 9.99991E-1 9.99839E-1 9.99995E-1 9.99997E-1 9.99959E-1 9.8535E-1 9.97102E-1 9.99972E-1 9.98628E-1 9.03046E-1 9.16001E-1 7.89173E-1 8.67425E-1 7.26792E-1 9.52632E-1 9.92354E-1 9.99457E-1 9.99406E-1 9.90999E-1 9.9218E-1 9.86281E-1 9.69139E-1 9.21194E-1 7.77852E-1 6.18687E-1 8.40388E-1 9.78132E-1 9.5088E-1 9.78425E-1 9.96445E-1 9.79524E-1 6.87038E-1 6.48714E-1 6.26693E-1 1.79489E-1 2.43933E-3 1.23215E-3 4.06272E-4 8.34564E-4 1.10386E-2 7.21506E-3 1.10316E-2 5.0502E-3 3.01766E-3 1.03571E-3 2.2626E-4 1.60358E-5 5.00781E-6 6.8033E-6 7.82577E-6 8.3557E-6 7.7554E-6 2.9167E-5 1.72478E-4 3.28257E-4 -9999 -9999 -9999 -9999 -9999 -9999 -9999
1E0 1E0 1E0 1E0 1E0 9.99991E-1 9.99999E-1 1E0 1E0 1E0 9.98813E-1 9.9972E-1 9.99996E-1 1E0 9.99993E-1 9.99981E-1 9.99678E-1 9.99994E-1 9.99966E-1 9.99984E-1 9.99299E-1 9.85496E-1 9.41191E-1 9.9928E-1 9.59359E-1 8.6245E-1 9.3417E-1 9.79535E-1 9.99942E-1 9.53349E-1 9.56222E-1 9.86557E-1 9.86389E-1 9.93682E-1 9.89767E-1 9.16202E-1 6.93229E-1 9.52976E-1 9.98879E-1 9.94513E-1 9.2848E-1 9.76197E-1 9.68489E-1 8.25076E-1 6.52754E-1 5.02786E-1 1.52056E-1 3.29242E-3 3.85687E-4 5.48908E-4 1.70118E-3 1.15451E-2 8.40183E-3 1.22612E-3 1.21622E-4 5.67663E-5 3.46028E-5 1.5444E-5 3.88518E-6 2.10412E-5 2.44049E-5 3.22064E-5 1.05518E-4 1.40325E-5 7.93431E-6 2.21735E-5 9.76582E-5 -9999 -9999 -9999 -9999 -9999 -9999 -9999
1E0 1E0 1E0 1E0 1E0 1E0 9.99996E-1 9.99995E-1 9.99913E-1 9.99992E-1 9.99996E-1 9.9792E-1 9.99976E-1 9.99946E-1 9.99998E-1 9.99984E-1 9.99995E-1 9.98881E-1 9.80227E-1 9.98491E-1 9.97955E-1 9.89434E-1 8.19615E-1 8.78036E-1 9.8538E-1 9.99942E-1 9.99327E-1 9.8339E-1 9.75381E-1 9.91718E-1 9.77619E-1 8.19204E-1 9.337E-1 9.80365E-1 9.73825E-1 9.04643E-1 8.41027E-1 9.79893E-1 9.99751E-1 9.99473E-1 9.86418E-1 6.75146E-1 6.37521E-1 8.31892E-1 6.0515E-1 4.53751E-1 1.5182E-1 1.78111E-2 5.80106E-4 4.25544E-3 8.69872E-3 4.72148E-3 2.60524E-3 9.74416E-5 3.02351E-5 2.27519E-5 2.00943E-5 3.77994E-6 1.44374E-5 2.02121E-5 1.70171E-5 2.71668E-4 5.3082E-4 6.52086E-5 5.90909E-5 4.59536E-5 -9999 -9999 -9999 -9999 -9999 -9999 -9999 -9999
1E0 1E0 1E0 1E0 1E0 1E0 1E0 1E0 1E0 1E0 9.98259E-1 9.99992E-1 1E0 1E0 1E0 9.99733E-1 9.97797E-1 9.90114E-1 9.99918E-1 9.99985E-1 9.90009E-1 9.9343E-1 9.9575E-1 9.9781E-1 9.99446E-1 1E0 9.99917E-1 9.9989E-1 9.98181E-1 9.70436E-1 9.7133E-1 9.52167E-1 9.60677E-1 9.9227E-1 9.99369E-1 9.97799E-1 7.95629E-1 9.56757E-1 9.83574E-1 9.9981E-1 9.79199E-1 3.88193E-1 3.03871E-1 1.21769E-1 1.1575E-1 2.71161E-1 8.71573E-2 1.11322E-2 7.16306E-4 1.09761E-3 2.39613E-3 1.59563E-3 1.21436E-3 6.01453E-4 1.04616E-3 2.09042E-4 1.37228E-5 9.89382E-6 2.93014E-5 5.5565E-5 1.26285E-4 1.77495E-4 3.67026E-4 6.20686E-4 3.85669E-4 2.90609E-4 -9999 -9999 -9999 -9999 -9999 -9999 -9999 -9999
1E0 1E0 1E0 1E0 1E0 1E0 1E0 1E0 1E0 9.99826E-1 9.99922E-1 1E0 1E0 1E0 1E0 9.92118E-1 9.93714E-1 9.91882E-1 9.99989E-1 9.99998E-1 9.36929E-1 9.84673E-1 9.84232E-1 9.98873E-1 9.9985E-1 9.99867E-1 9.99469E-1 9.69351E-1 7.66241E-1 9.94744E-1 9.94262E-1 9.99873E-1 9.99663E-1 9.97811E-1 9.99665E-1 9.89797E-1 8.8888E-1 9.72347E-1 9.90851E-1 9.44746E-1 1.61373E-1 6.80108E-1 2.73E-1 2.10175E-1 1.20223E-1 8.5049E-2 5.72272E-2 3.67682E-2 7.23356E-4 1.34144E-4 5.66731E-4 4.17103E-3 1.1153E-2 7.05041E-3 3.04187E-3 6.38753E-4 2.3828E-5 3.99019E-5 1.10393E-5 5.01861E-5 4.18925E-5 5.41489E-5 3.16899E-4 4.11682E-4 2.52172E-4 -9999 -9999 -9999 -9999 -9999 -9999 -9999 -9999 -9999
1E0 1E0 1E0 1E0 1E0 1E0 1E0 1E0 1E0 1E0 9.99852E-1 1E0 9.99996E-1 9.99973E-1 9.9879E-1 9.9795E-1 9.99945E-1 9.96402E-1 9.99825E-1 9.92024E-1 9.99456E-1 9.88286E-1 8.91469E-1 8.67074E-1 9.24359E-1 8.86054E-1 9.46499E-1 9.07734E-1 4.77303E-1 7.68079E-1 9.57365E-1 9.98545E-1 9.97342E-1 9.99326E-1 9.99961E-1 9.9956E-1 7.32094E-1 6.33517E-1 5.32441E-1 4.52262E-1 4.91349E-1 8.92288E-1 8.25027E-1 5.98839E-1 1.4541E-1 3.952E-1 1.18062E-1 4.69032E-2 3.86185E-3 8.14377E-5 1.33916E-4 6.62398E-5 3.0804E-3 1.22514E-2 4.38937E-3 2.0397E-3 4.69847E-5 3.47098E-5 2.30337E-5 1.83173E-5 2.43129E-4 3.07101E-4 1.73137E-5 4.33878E-5 4.80457E-4 -9999 -9999 -9999 -9999 -9999 -9999 -9999 -9999 -9999
1E0 1E0 1E0 9.99999E-1 1E0 1E0 1E0 -9999 1E0 1E0 -9999 1E0 1E0 9.99999E-1 9.99974E-1 1E0 1E0 9.99999E-1 9.99999E-1 1E0 1E0 9.7998E-1 9.0036E-1 9.17138E-1 9.99933E-1 9.98312E-1 9.36658E-1 8.39072E-1 8.25957E-1 4.5473E-1 8.92301E-1 9.86708E-1 9.70094E-1 9.47395E-1 9.42568E-1 9.62453E-1 4.87552E-1 5.26562E-1 8.36062E-1 3.93728E-1 9.05039E-1 8.7532E-1 7.91927E-1 4.67316E-1 5.1417E-1 5.95497E-1 4.28673E-1 1.23212E-1 1.0214E-1 1.95301E-2 1.45691E-4 8.7347E-5 1.76946E-3 1.55474E-2 3.77724E-3 1.33369E-3 4.31425E-5 3.53097E-5 2.1645E-5 1.46242E-5 7.61131E-4 3.54468E-4 3.67341E-5 4.57493E-4 -9999 -9999 -9999 -9999 -9999 -9999 -9999 -9999 -9999 -9999
1E0 1E0 1E0 1E0 1E0 1E0 1E0 1E0 1E0 1E0 1E0 1E0 1E0 9.99768E-1 9.99945E-1 9.99991E-1 1E0 9.99479E-1 9.99667E-1 9.99999E-1 1E0 9.99064E-1 9.99521E-1 9.36888E-1 9.84824E-1 9.85917E-1 9.40724E-1 9.75377E-1 8.53972E-1 8.81869E-1 9.99948E-1 9.78548E-1 9.07236E-1 8.76392E-1 7.93994E-1 9.8475E-1 9.82581E-1 9.02782E-1 6.50472E-1 8.77507E-1 9.82078E-1 9.68132E-1 9.58465E-1 9.73882E-1 9.69533E-1 7.58471E-1 2.86902E-1 1.13026E-1 2.02989E-1 1.6028E-1 4.34654E-3 3.09191E-4 8.09348E-3 1.0068E-2 1.20049E-2 3.18158E-3 4.84563E-5 3.68243E-5 7.45776E-6 3.64796E-5 4.90537E-4 1.30981E-4 2.21439E-4 6.46332E-5 -9999 -9999 -9999 -9999 -9999 -9999 -9999 -9999 -9999 -9999
