ENM/Final_Models/M_1_F_q_Set_1_E/Gustavia_santanderiensis_1_Choco_novel.asc
ncols         367
nrows         963
xllcorner     -78.6
yllcorner     0.65
cellsize      0.00833333333333323
NODATA_value  -9999
[rows 840 to 869 of 963, columns 68 to 135 of 367]
-7.47312E1 -7.2043E1 -7.95699E1 -7.58064E1 -7.58064E1 -7.2043E1 -7.74194E1 -7.31183E1 -5.75269E1 -4.62366E1 -6.29032E1 -5.69892E1 -5.26882E1 -4.46237E1 -3.17204E1 -1.93548E1 -2.09677E1 -1.45161E1 -9.13978E0 -5.91398E0 1.99621E-2 1.39735E-1 3.99241E-2 -5.91398E0 -1.1828E1 -4.24731E1 -4.08602E1 -2.95699E1 -3.3871E1 -2.68817E1 -2.90323E1 -1.23656E1 -8.60215E0 1.99621E-2 3.19393E-1 5.38976E-1 4.99052E-1 5.789E-1 6.18824E-1 6.18824E-1 8.38407E-1 1.01807E0 6.18824E-1 6.98673E-1 2.65496E0 1.58698E1 1.3674E1 1.01407E1 7.9449E0 8.94301E0 8.94301E0 8.94301E0 1.01407E1 1.58698E1 2.41341E1 3.04621E1 4.33776E1 4.33776E1 4.33776E1 4.02435E1 4.63919E1 3.69298E1 -9999 -9999 -9999 -9999 -9999 -9999
-7.47312E1 -7.41936E1 -7.31183E1 -7.2043E1 -8.17204E1 -8.01075E1 -7.63441E1 -6.82796E1 -5.91398E1 -4.89247E1 -5.21505E1 -5.69892E1 -4.67742E1 -5.32258E1 -4.30108E1 -3.60215E1 -2.7957E1 -1.1828E1 -5.91398E0 -4.30108E0 -1.07527E0 3.99241E-2 -4.83871E0 -1.39785E1 -3.22581E1 -4.83871E1 -4.62366E1 -4.03226E1 -4.13979E1 -2.15054E1 -1.66667E1 -3.76344E0 -6.98925E0 1.99621E-2 2.19583E-1 3.79279E-1 4.99052E-1 5.38976E-1 4.99052E-1 4.7909E-1 4.7909E-1 2.19583E-1 6.18824E-1 7.18635E-1 1.11788E0 4.91067E0 1.3674E1 1.1558E1 1.01407E1 1.01407E1 8.94301E0 8.94301E0 1.3674E1 1.7906E1 2.71285E1 3.82473E1 3.82473E1 3.04621E1 3.82473E1 4.33776E1 3.5273E1 3.96247E1 3.12406E1 -9999 -9999 -9999 -9999 -9999
-6.98925E1 -7.31183E1 -7.25806E1 -7.15054E1 -6.82796E1 -7.47312E1 -7.15054E1 -6.72043E1 -5.86021E1 -5.5914E1 -4.62366E1 -4.46237E1 -3.92473E1 -5.16129E1 -5.48387E1 -4.03226E1 -2.41935E1 -1.55914E1 -7.52688E0 1.99621E-2 -2.68817E0 -1.07527E0 -1.02151E1 -1.72043E1 -3.76344E1 -3.17204E1 -2.68817E1 -3.8172E1 -4.30108E1 -2.15054E1 -2.41935E1 -9.67742E0 -5.91398E0 3.99241E-2 2.19583E-1 3.79279E-1 4.7909E-1 5.19014E-1 6.18824E-1 3.79279E-1 2.59507E-1 4.59128E-1 6.58748E-1 2.13395E1 2.13395E1 1.1558E1 1.01407E1 1.1558E1 1.01407E1 8.94301E0 8.94301E0 8.94301E0 1.01407E1 1.58698E1 2.13395E1 3.44745E1 3.04621E1 2.41341E1 2.41341E1 3.4754E1 2.77672E1 4.28785E1 3.7908E1 -9999 -9999 -9999 -9999 -9999
-7.95699E1 -7.2043E1 -7.15054E1 -6.82796E1 -7.7957E1 -6.88172E1 -5.96774E1 -6.55914E1 -5E1 -3.97849E1 -3.97849E1 -4.35484E1 -3.87097E1 -4.89247E1 -4.94624E1 -5E1 -3.65591E1 -2.09677E1 -1.55914E1 -6.98925E0 -1.12903E1 -1.55914E1 -1.88172E1 -2.68817E1 -3.65591E1 -2.25806E1 -1.93548E1 -2.7957E1 -3.27957E1 -1.82796E1 -3.33333E1 -1.88172E1 -1.12903E1 -5.37634E-1 9.98104E-2 3.19393E-1 4.7909E-1 5.789E-1 5.98862E-1 3.71295E0 1.11788E0 1.61693E0 1.53708E0 2.13395E1 1.1558E1 1.01407E1 1.01407E1 1.01407E1 1.01407E1 1.1558E1 1.01407E1 1.01407E1 1.01407E1 1.3674E1 2.13395E1 3.04621E1 2.13395E1 2.13395E1 2.41341E1 3.82473E1 4.83681E1 4.83681E1 4.20002E1 5.91676E1 -9999 -9999 -9999 -9999
-7.47312E1 -7.84946E1 -6.93548E1 -6.72043E1 -7.2043E1 -6.66667E1 -5.91398E1 -6.50538E1 -5.26882E1 -4.13979E1 -2.36559E1 -2.7957E1 -2.95699E1 -3.70968E1 -3.54839E1 -4.08602E1 -4.4086E1 -2.25806E1 -1.50538E1 -1.6129E1 -2.04301E1 -2.95699E1 -4.13979E1 -3.60215E1 -2.95699E1 -1.39785E1 -6.98925E0 -1.55914E1 -1.12903E1 -1.29032E1 -2.84946E1 -2.41935E1 -1.07527E1 3.99241E-2 1.39735E-1 2.99431E-1 4.39166E-1 2.99431E-1 1.87643E0 1.45923E1 1.7906E1 1.58698E1 1.3674E1 1.1558E1 1.01407E1 8.94301E0 7.9449E0 8.94301E0 1.01407E1 1.01407E1 1.01407E1 8.94301E0 1.01407E1 1.3674E1 2.41341E1 2.71285E1 1.3674E1 1.58698E1 1.58698E1 1.88442E1 2.71285E1 3.04621E1 5.10829E1 5.787E1 3.69298E1 -9999 -9999 -9999
-6.98925E1 -6.98925E1 -6.45161E1 -5.96774E1 -7.09677E1 -6.29032E1 -5.5914E1 -6.02151E1 -5.10753E1 -4.03226E1 -2.68817E1 -2.52688E1 -2.74194E1 -2.84946E1 -1.93548E1 -2.25806E1 -4.73118E1 -3.8172E1 -3.06452E1 -3.60215E1 -4.08602E1 -4.56989E1 -4.62366E1 -3.60215E1 -2.58065E1 -1.34409E1 -3.76344E0 -3.22581E0 -1.07527E0 -3.22581E0 -1.6129E1 -9.67742E0 -2.15054E0 9.98104E-2 1.99621E-2 3.39355E-1 3.79279E-1 4.99052E-1 1.11788E0 1.53708E0 1.87643E0 5.70915E0 1.3674E1 1.1558E1 1.01407E1 8.94301E0 7.9449E0 7.9449E0 8.94301E0 8.94301E0 8.94301E0 8.94301E0 1.01407E1 1.1558E1 2.13395E1 2.41341E1 1.1558E1 1.3674E1 1.3674E1 1.3674E1 1.3674E1 2.13395E1 4.83681E1 5.18814E1 4.28785E1 1.97225E1 -9999 -9999
-6.50538E1 -6.72043E1 -7.58064E1 -5.80645E1 -5.16129E1 -5.26882E1 -5.53763E1 -5.91398E1 -5.80645E1 -5.26882E1 -4.67742E1 -3.70968E1 -4.24731E1 -4.30108E1 -3.65591E1 -3.22581E1 -4.56989E1 -5.32258E1 -4.73118E1 -5.32258E1 -5.75269E1 -4.89247E1 -4.03226E1 -1.93548E1 -1.02151E1 -6.45161E0 1.99621E-2 1.99621E-2 1.99621E-2 -8.06452E0 -8.60215E0 -4.83871E0 1.99621E-2 2.39545E-1 1.79659E-1 5.98862E-1 4.7909E-1 4.7909E-1 5.19014E-1 5.38976E-1 6.18824E-1 7.38597E-1 1.58698E1 1.1558E1 1.01407E1 8.94301E0 7.9449E0 7.9449E0 7.9449E0 8.94301E0 8.94301E0 8.94301E0 8.94301E0 1.1558E1 1.88442E1 1.58698E1 1.1558E1 1.01407E1 1.3674E1 1.3674E1 1.88442E1 3.44745E1 4.88871E1 4.46951E1 4.3178E1 2.8945E1 -9999 -9999
-6.55914E1 -6.45161E1 -6.29032E1 -5.96774E1 -5.5914E1 -5.43011E1 -5.37634E1 -5.75269E1 -6.1828E1 -4.73118E1 -5.05376E1 -4.94624E1 -4.89247E1 -4.83871E1 -4.13979E1 -3.54839E1 -4.19355E1 -4.73118E1 -5.53763E1 -5.21505E1 -5.80645E1 -5.32258E1 -2.68817E1 -1.82796E1 -1.6129E0 1.99621E-2 -1.07527E0 -2.15054E0 -9.13978E0 -5.37634E-1 1.99621E-2 1.99621E-2 3.99241E-2 1.79659E-1 4.7909E-1 5.789E-1 5.19014E-1 4.99052E-1 4.99052E-1 8.38407E-1 1.53309E1 1.3674E1 1.3674E1 1.01407E1 8.94301E0 1.01407E1 8.94301E0 7.9449E0 7.9449E0 7.9449E0 1.01407E1 1.01407E1 8.94301E0 1.01407E1 1.1558E1 1.1558E1 1.1558E1 1.1558E1 1.29354E1 1.3674E1 1.3674E1 2.41341E1 4.33776E1 2.74478E1 4.16209E1 2.78271E1 1.62292E1 -9999
-5.91398E1 -6.34409E1 -6.12903E1 -6.34409E1 -6.50538E1 -5.5914E1 -6.07527E1 -5.32258E1 -4.67742E1 -3.97849E1 -4.24731E1 -4.4086E1 -5.05376E1 -4.78495E1 -4.46237E1 -4.03226E1 -3.92473E1 -3.92473E1 -3.65591E1 -4.19355E1 -5.32258E1 -4.62366E1 -3.87097E1 -2.84946E1 -4.30108E0 -1.12903E1 -1.45161E1 -1.77419E1 -1.6129E1 1.99621E-2 1.99621E-2 3.99241E-2 1.79659E-1 1.39735E-1 1.79659E-1 4.99052E-1 1.01807E0 2.07606E0 2.07606E0 5.70915E0 1.3674E1 8.94301E0 1.01407E1 1.1558E1 1.01407E1 1.01407E1 8.94301E0 8.94301E0 7.9449E0 7.9449E0 1.01407E1 1.01407E1 8.94301E0 8.94301E0 8.94301E0 1.01407E1 1.1558E1 1.3674E1 8.60365E0 1.3674E1 1.3674E1 2.41341E1 4.33776E1 3.64108E1 4.19204E1 3.13205E1 2.20581E1 -9999
-6.6129E1 -6.39785E1 -5.75269E1 -5.53763E1 -5.91398E1 -5.80645E1 -5.91398E1 -6.1828E1 -4.83871E1 -3.22581E1 -3.11828E1 -2.95699E1 -2.58065E1 -2.41935E1 -3.33333E1 -3.97849E1 -4.13979E1 -3.97849E1 -3.3871E1 -2.90323E1 -4.13979E1 -3.97849E1 -3.87097E1 -3.49462E1 -3.87097E1 -3.65591E1 -3.76344E1 -2.74194E1 -1.29032E1 -5.91398E0 1.19772E-1 9.98104E-2 5.789E-1 2.99431E-1 3.99241E-2 3.19393E-1 6.18824E-1 7.98483E-1 1.97625E0 1.3674E1 1.1558E1 8.94301E0 7.9449E0 8.94301E0 7.9449E0 7.9449E0 7.9449E0 7.9449E0 7.9449E0 7.9449E0 8.94301E0 8.64358E0 1.01407E1 7.9449E0 8.94301E0 1.1558E1 1.1558E1 7.34604E0 1.08594E1 1.3674E1 1.3674E1 1.88442E1 3.04621E1 5.4716E1 3.57521E1 3.36561E1 -9999 -9999
-6.23656E1 -6.07527E1 -5.48387E1 -5.21505E1 -5.48387E1 -6.39785E1 -6.39785E1 -5.69892E1 -6.12903E1 -4.19355E1 -3.54839E1 -2.84946E1 -1.88172E1 -1.88172E1 -3.06452E1 -3.76344E1 -3.8172E1 -3.76344E1 -3.11828E1 -2.63441E1 -3.11828E1 -3.70968E1 -3.22581E1 -3.33333E1 -2.90323E1 -2.52688E1 -2.52688E1 -3.27957E1 -1.1828E1 -1.6129E0 1.79659E-1 2.19583E-1 8.38407E-1 2.99431E-1 1.79659E-1 2.99431E-1 6.18824E-1 1.11788E0 8.24434E0 1.1558E1 1.01407E1 8.94301E0 7.9449E0 7.20631E0 7.9449E0 7.9449E0 7.9449E0 7.9449E0 7.9449E0 7.9449E0 8.94301E0 9.80138E0 1.01407E1 1.01407E1 1.07596E1 1.07396E1 5.15021E0 5.74908E0 1.3674E1 1.1558E1 1.3674E1 1.3674E1 1.7906E1 4.83681E1 4.4735E1 3.94051E1 -9999 -9999
-5.80645E1 -6.50538E1 -5E1 -5E1 -3.97849E1 -5.16129E1 -6.1828E1 -5.86021E1 -4.73118E1 -5.10753E1 -4.67742E1 -3.44086E1 -2.68817E1 -2.2043E1 -2.31183E1 -3.44086E1 -3.11828E1 -2.68817E1 -1.39785E1 -1.39785E1 -1.66667E1 -3.22581E1 -3.65591E1 -3.65591E1 -2.15054E1 -1.6129E1 -1.39785E1 -3.11828E1 -1.6129E1 -4.30108E0 -2.15054E0 4.7909E-1 1.39735E0 3.43348E0 2.03613E0 9.20252E0 1.80457E1 4.17207E0 3.71295E0 1.3674E1 1.01407E1 7.9449E0 7.9449E0 7.20631E0 7.9449E0 7.9449E0 7.9449E0 8.94301E0 8.94301E0 1.01407E1 1.1059E1 9.22248E0 7.34604E0 8.78331E0 3.99241E0 3.95249E0 3.83272E0 8.88312E0 1.3674E1 1.3674E1 1.3674E1 1.58698E1 2.13395E1 4.33776E1 6.0545E1 3.89061E1 -9999 -9999
-5.53763E1 -5.96774E1 -6.34409E1 -5.43011E1 -3.87097E1 -4.67742E1 -4.94624E1 -5.53763E1 -4.30108E1 -4.03226E1 -3.54839E1 -2.25806E1 -1.39785E1 -1.50538E1 -2.90323E1 -3.70968E1 -3.22581E1 -2.04301E1 -1.82796E1 -2.36559E1 -2.7957E1 -4.67742E1 -3.92473E1 -2.31183E1 -2.58065E1 -2.36559E1 -2.04301E1 -2.68817E1 -1.55914E1 -1.07527E1 -1.07527E0 9.90119E0 2.41341E1 2.02016E1 2.13395E1 1.7906E1 1.7906E1 1.48518E1 1.1558E1 1.1558E1 1.1558E1 8.94301E0 7.9449E0 7.20631E0 7.20631E0 7.9449E0 7.9449E0 8.94301E0 8.94301E0 1.01407E1 1.01407E1 1.07396E1 5.2101E0 3.73291E0 4.27188E0 4.67112E0 5.50953E0 8.98293E0 1.20172E1 1.3674E1 2.13395E1 2.71285E1 2.41341E1 4.83681E1 4.739E1 3.42948E1 4.70107E1 4.93662E1
-5.96774E1 -6.07527E1 -4.73118E1 -4.94624E1 -3.44086E1 -4.19355E1 -4.03226E1 -4.51613E1 -5.21505E1 -5.32258E1 -3.87097E1 -2.36559E1 -1.23656E1 -1.07527E1 -2.2043E1 -2.7957E1 -2.52688E1 -2.41935E1 -2.90323E1 -3.22581E1 -3.8172E1 -4.08602E1 -4.13979E1 -2.25806E1 -1.55914E1 -1.77419E1 -1.6129E1 -1.98925E1 -2.2043E1 -6.98925E0 1.99621E-2 3.59317E-1 1.39735E0 7.00669E0 1.7906E1 1.58698E1 1.3674E1 1.1558E1 1.01407E1 1.01407E1 1.01407E1 8.94301E0 7.9449E0 7.9449E0 7.9449E0 7.9449E0 7.9449E0 7.9449E0 8.94301E0 1.01407E1 1.01407E1 9.80138E0 6.3679E0 4.73101E0 5.38976E0 7.96487E0 1.03204E1 1.09592E1 1.58698E1 1.3674E1 2.13395E1 3.44745E1 3.44745E1 4.77692E1 3.18794E1 4.04232E1 5.24204E1 3.85268E1
-5.26882E1 -5.5914E1 -4.46237E1 -4.24731E1 -3.17204E1 -3.44086E1 -3.3871E1 -3.22581E1 -4.67742E1 -4.94624E1 -4.62366E1 -3.92473E1 -2.36559E1 -2.36559E1 -1.55914E1 -1.34409E1 -1.72043E1 -2.74194E1 -4.35484E1 -3.54839E1 -3.27957E1 -2.68817E1 -3.06452E1 -2.7957E1 -1.29032E1 -1.39785E1 -1.07527E1 -1.34409E1 -1.77419E1 -1.07527E1 1.99621E-2 3.79279E-1 5.38976E-1 5.789E-1 1.58698E1 1.3674E1 1.1558E1 1.01407E1 1.01407E1 1.01407E1 1.01407E1 8.94301E0 7.9449E0 7.20631E0 7.9449E0 7.9449E0 7.9449E0 7.9449E0 1.01407E1 1.1558E1 1.1558E1 1.1558E1 1.3674E1 1.12386E1 7.96487E0 1.24963E1 1.3674E1 1.58698E1 1.58698E1 1.58698E1 2.13395E1 3.04621E1 5.38177E1 4.08424E1 3.62711E1 5.24803E1 6.16628E1 5.24404E1
-4.24731E1 -5.37634E1 -5.75269E1 -4.83871E1 -3.8172E1 -2.84946E1 -3.87097E1 -4.35484E1 -4.56989E1 -5.10753E1 -3.33333E1 -4.13979E1 -3.8172E1 -3.01075E1 -1.29032E1 -1.12903E1 -1.93548E1 -3.01075E1 -3.54839E1 -2.52688E1 -1.93548E1 -2.90323E1 -2.7957E1 -3.3871E1 -2.04301E1 -1.98925E1 -9.67742E0 -4.83871E0 -7.52688E0 -5.37634E0 3.99241E-2 2.19583E-1 3.99241E-2 1.39735E-1 8.38407E-1 1.3674E1 1.01407E1 8.94301E0 7.9449E0 8.94301E0 7.9449E0 7.9449E0 7.20631E0 7.9449E0 7.9449E0 7.9449E0 7.9449E0 8.94301E0 8.94301E0 1.01407E1 1.01407E1 1.1558E1 1.3674E1 1.28156E1 7.80517E0 1.33147E1 1.3674E1 1.58698E1 1.3674E1 2.41341E1 3.04621E1 3.04621E1 4.33776E1 4.72702E1 3.99441E1 5.37579E1 5.91875E1 4.86476E1
-4.19355E1 -5.53763E1 -5.16129E1 -3.8172E1 -3.54839E1 -3.11828E1 -3.70968E1 -3.92473E1 -4.73118E1 -5.37634E1 -4.46237E1 -3.11828E1 -3.49462E1 -2.95699E1 -1.77419E1 -1.93548E1 -2.2043E1 -2.90323E1 -2.36559E1 -1.6129E1 -1.98925E1 -4.08602E1 -2.25806E1 -1.6129E1 -2.04301E1 -1.72043E1 -1.66667E1 -1.6129E0 1.99621E-2 -3.76344E0 1.99621E-2 1.99621E-2 3.99241E-2 9.98104E-2 2.59507E-1 2.39545E-1 1.61693E0 1.1558E1 1.01407E1 7.9449E0 7.9449E0 7.9449E0 7.20631E0 7.20631E0 7.20631E0 7.9449E0 7.9449E0 8.94301E0 1.01407E1 1.01407E1 1.01407E1 1.01407E1 1.1558E1 1.12386E1 8.06468E0 1.16379E1 1.58698E1 1.58698E1 2.13395E1 2.41341E1 2.41341E1 3.44745E1 4.83681E1 5.71315E1 4.44356E1 2.43737E1 2.86655E1 3.5253E1
-3.92473E1 -5.5914E1 -3.87097E1 -3.06452E1 -2.41935E1 -2.36559E1 -3.70968E1 -4.46237E1 -4.46237E1 -5.32258E1 -4.30108E1 -3.76344E1 -4.51613E1 -3.54839E1 -1.88172E1 -2.36559E1 -2.90323E1 -2.25806E1 -1.6129E1 -2.2043E1 -2.31183E1 -2.90323E1 -2.36559E1 -1.82796E1 -1.88172E1 -1.72043E1 -1.29032E1 1.99621E-2 -1.07527E0 -4.30108E0 -2.15054E0 -5.37634E-1 3.99241E-2 3.99241E-2 8.42399E0 4.7909E-1 6.18824E-1 1.1558E1 1.01407E1 1.01407E1 1.01407E1 1.01407E1 1.01407E1 1.01407E1 1.01407E1 8.94301E0 1.01407E1 8.94301E0 8.94301E0 8.94301E0 1.01407E1 1.1558E1 1.1598E1 9.30233E0 1.19972E1 1.19972E1 1.44126E1 1.58698E1 1.58698E1 1.7906E1 2.13395E1 2.13395E1 3.04621E1 3.54526E1 4.96656E1 5.4217E1 -9999 -9999
-4.67742E1 -5.37634E1 -5.16129E1 -4.83871E1 -2.84946E1 -2.09677E1 -3.97849E1 -4.35484E1 -5.26882E1 -4.30108E1 -4.08602E1 -4.30108E1 -3.27957E1 -3.97849E1 -2.84946E1 -3.70968E1 -3.70968E1 -2.63441E1 -3.33333E1 -3.44086E1 -2.95699E1 -2.95699E1 -2.41935E1 -2.47312E1 -2.31183E1 -2.04301E1 -2.04301E1 -1.23656E1 -1.12903E1 -2.15054E0 1.99621E-2 1.99621E-2 1.99621E-2 4.7909E-1 9.78142E-1 7.84509E0 1.58698E1 1.1558E1 1.1558E1 1.01407E1 1.1558E1 1.01407E1 1.01407E1 7.9449E0 7.9449E0 8.94301E0 7.9449E0 8.94301E0 8.94301E0 1.01407E1 1.01407E1 1.3674E1 1.09592E1 9.04282E0 1.50115E1 1.58698E1 1.7906E1 1.7906E1 1.7906E1 1.7906E1 2.41341E1 2.13395E1 3.04621E1 4.49546E1 -9999 -9999 -9999 -9999
-4.67742E1 -5.21505E1 -4.4086E1 -3.3871E1 -3.22581E1 -3.54839E1 -4.35484E1 -4.62366E1 -5.26882E1 -4.03226E1 -3.65591E1 -3.06452E1 -3.27957E1 -2.58065E1 -2.41935E1 -2.68817E1 -2.68817E1 -1.82796E1 -2.63441E1 -3.01075E1 -3.01075E1 -2.7957E1 -2.25806E1 -2.41935E1 -1.72043E1 -9.13978E0 -1.02151E1 -1.07527E1 -1.29032E1 -3.76344E0 -5.37634E-1 2.99431E-1 4.7909E-1 4.99052E-1 2.07606E0 2.03613E0 8.30422E0 1.3674E1 1.3674E1 1.3674E1 1.1558E1 1.01407E1 1.01407E1 1.01407E1 7.20631E0 7.9449E0 7.9449E0 7.9449E0 7.9449E0 8.94301E0 1.01407E1 1.3674E1 1.05599E1 6.68729E0 1.08594E1 1.56103E1 1.7906E1 1.88442E1 2.13395E1 2.71285E1 3.04621E1 3.82473E1 5.53947E1 5.72512E1 -9999 -9999 -9999 -9999
-4.67742E1 -5.05376E1 -4.13979E1 -2.7957E1 -3.33333E1 -4.03226E1 -4.08602E1 -3.97849E1 -2.25806E1 -3.8172E1 -3.11828E1 -2.25806E1 -2.90323E1 -1.82796E1 -2.36559E1 -2.36559E1 -2.74194E1 -2.52688E1 -3.01075E1 -3.3871E1 -1.77419E1 -2.25806E1 -2.36559E1 -2.47312E1 -1.98925E1 -1.07527E1 -6.45161E0 1.99621E-2 -3.22581E0 3.99241E-2 1.79659E-1 4.99052E-1 6.18824E-1 1.61693E0 5.70915E0 1.39735E0 1.37938E1 1.28955E1 1.3674E1 1.3674E1 1.01407E1 1.1558E1 8.94301E0 1.01407E1 7.9449E0 7.20631E0 7.20631E0 7.9449E0 1.01407E1 8.94301E0 1.01407E1 1.3674E1 7.6854E0 6.02855E0 6.5276E0 8.64358E0 1.38138E1 1.7906E1 2.13395E1 2.41341E1 2.41341E1 3.54526E1 3.45943E1 4.47949E1 3.09612E1 3.01028E1 -9999 -9999
-5.26882E1 -4.78495E1 -3.49462E1 -3.17204E1 -3.49462E1 -4.35484E1 -3.97849E1 -3.11828E1 -3.11828E1 -3.97849E1 -3.27957E1 -2.41935E1 -3.06452E1 -2.15054E1 -1.93548E1 -2.52688E1 -1.88172E1 -2.95699E1 -2.84946E1 -3.22581E0 3.99241E-2 -1.93548E1 -1.66667E1 -2.15054E1 -1.77419E1 -1.07527E1 -7.52688E0 1.99621E-1 3.79279E-1 4.7909E-1 4.99052E-1 4.59128E-1 1.19772E0 1.43727E1 1.58698E1 3.3137E0 9.30233E0 1.3674E1 1.3674E1 1.1558E1 1.1558E1 1.1558E1 1.01407E1 1.01407E1 8.94301E0 7.20631E0 7.9449E0 8.94301E0 1.01407E1 1.1558E1 1.3674E1 1.3674E1 1.57501E1 9.64168E0 1.06797E1 9.30233E0 1.72872E1 2.13395E1 2.03813E1 2.41341E1 2.71285E1 4.44356E1 5.87683E1 2.71484E1 2.78671E1 3.158E1 -9999 -9999
-5E1 -4.89247E1 -4.13979E1 -3.22581E1 -3.49462E1 -3.65591E1 -2.7957E1 -2.47312E1 -3.01075E1 -3.60215E1 -3.27957E1 -3.17204E1 -2.63441E1 -1.72043E1 -5.37634E0 -1.12903E1 -2.84946E1 -3.11828E1 -1.39785E1 -9.13978E0 -5.37634E0 1.99621E-2 -5.91398E0 -1.88172E1 -1.29032E1 -5.37634E0 -4.83871E0 -2.15054E0 3.99241E-2 3.59317E-1 1.11788E0 6.14832E0 1.66683E1 1.56702E1 1.2117E1 5.70915E0 1.1558E1 1.1558E1 1.01407E1 1.1558E1 1.1558E1 1.1558E1 1.1558E1 1.01407E1 8.94301E0 7.20631E0 7.9449E0 8.94301E0 1.01407E1 1.1558E1 1.10989E1 1.41731E1 1.38138E1 1.55704E1 1.78661E1 1.32947E1 1.7906E1 2.13395E1 2.41341E1 2.71285E1 3.71295E1 5.67921E1 3.86865E1 3.11408E1 3.37958E1 -9999 -9999 -9999
-4.46237E1 -4.73118E1 -3.8172E1 -3.11828E1 -2.74194E1 -1.72043E1 -2.09677E1 -2.68817E1 -3.22581E1 -3.87097E1 -2.47312E1 -1.98925E1 -2.58065E1 -1.34409E1 -1.23656E1 -1.66667E1 -2.47312E1 -2.58065E1 1.39735E-1 3.99241E-2 -2.15054E0 5.789E-1 5.19014E-1 3.99241E-2 1.39735E-1 -6.98925E0 -4.83871E0 -2.68817E0 -5.91398E0 3.39355E-1 7.18635E-1 1.61693E0 7.38597E-1 9.82134E0 8.38407E0 1.3674E1 1.1558E1 1.01407E1 1.01407E1 1.01407E1 1.01407E1 1.01407E1 1.1558E1 1.01407E1 8.94301E0 7.9449E0 7.9449E0 7.9449E0 1.01407E1 1.1558E1 1.25961E1 1.38138E1 1.58698E1 1.7906E1 1.58698E1 2.13395E1 1.7906E1 2.41341E1 2.71285E1 2.71285E1 3.87663E1 3.07216E1 2.11997E1 2.33756E1 -9999 -9999 -9999 -9999
-4.30108E1 -4.4086E1 -3.17204E1 -2.84946E1 -9.67742E0 -1.98925E1 -2.47312E1 -3.01075E1 -3.27957E1 -2.84946E1 -1.93548E1 -2.25806E1 -2.25806E1 -1.29032E1 -2.25806E1 -2.31183E1 -1.1828E1 -1.93548E1 -1.1828E1 -1.55914E1 -9.67742E0 2.39545E-1 9.98104E-2 3.99241E-2 1.79659E-1 -6.45161E0 -1.12903E1 -9.13978E0 -1.07527E0 3.99241E-2 6.18824E-1 2.03613E0 4.7909E-1 2.79469E-1 4.59128E-1 9.16259E0 1.01407E1 8.94301E0 8.94301E0 8.94301E0 1.01407E1 1.01407E1 8.94301E0 1.01407E1 1.01407E1 8.94301E0 7.9449E0 7.20631E0 1.01407E1 1.1558E1 1.3674E1 1.40333E1 1.58698E1 1.58698E1 1.58698E1 1.7906E1 2.13395E1 2.41341E1 2.71285E1 4.16808E1 3.89061E1 5.33786E1 1.96826E1 -9999 -9999 -9999 2.29165E1 -9999
-4.4086E1 -1.23656E1 -3.3871E1 -2.25806E1 -2.04301E1 -2.74194E1 -3.49462E1 -2.90323E1 -1.77419E1 -8.06452E0 -8.60215E0 -2.52688E1 -1.66667E1 -6.98925E0 -1.07527E1 -2.31183E1 -9.67742E0 -5.91398E0 -1.34409E1 -2.25806E1 -9.13978E0 -1.07527E0 -3.76344E0 1.39735E-1 3.19393E-1 -1.02151E1 -1.66667E1 -1.34409E1 -8.06452E0 1.99621E-2 8.8432E0 1.1558E1 3.59317E-1 2.19583E-1 2.19583E-1 1.01807E0 1.01407E1 7.9449E0 7.20631E0 7.9449E0 1.01407E1 1.01407E1 1.01407E1 1.01407E1 1.1558E1 1.01407E1 7.9449E0 7.9449E0 1.01407E1 1.1558E1 1.34944E1 1.40333E1 1.7906E1 1.58698E1 1.7906E1 2.41341E1 3.04621E1 3.80078E1 3.44745E1 4.63719E1 3.80277E1 2.99431E1 -9999 -9999 -9999 -9999 2.24773E1 -9999
-6.98925E0 3.99241E-2 1.19772E-1 -2.90323E1 2.19583E-1 1.79659E-1 2.19583E-1 4.99052E-1 -1.93548E1 -5.91398E0 -1.29032E1 -2.2043E1 1.99621E-2 -9.67742E0 -9.13978E0 -1.88172E1 -1.66667E1 -9.67742E0 -3.22581E0 -1.98925E1 -2.84946E1 -6.45161E0 2.59507E-1 4.7909E-1 7.38597E-1 5.19014E-1 3.59317E-1 6.98673E-1 2.19583E-1 1.99621E-2 4.67112E0 1.11788E1 2.19583E-1 1.39735E-1 3.79279E-1 8.38407E-1 1.01407E1 7.9449E0 7.20631E0 8.94301E0 8.94301E0 8.94301E0 8.94301E0 1.01407E1 1.1558E1 1.01407E1 8.94301E0 7.9449E0 1.1558E1 1.1558E1 1.58698E1 1.58698E1 1.88442E1 1.88442E1 1.7906E1 2.94041E1 4.83681E1 4.06228E1 4.00439E1 3.48937E1 3.56722E1 -9999 -9999 -9999 -9999 2.55115E1 2.29364E1 -9999
-3.76344E0 5.98862E-2 1.39735E-1 -3.60215E1 2.19583E-1 2.19583E-1 2.39545E-1 5.19014E-1 -4.30108E0 -8.60215E0 -5.91398E0 -1.34409E1 -6.98925E0 -1.6129E0 -5.37634E0 -1.02151E1 -8.60215E0 -4.83871E0 -5.37634E0 -1.72043E1 -1.34409E1 -4.30108E0 4.7909E-1 5.98862E-1 1.53708E0 1.19772E0 1.19772E0 1.53708E0 6.18824E-1 -4.30108E0 3.43348E0 6.40782E0 3.99241E-2 2.03613E0 4.7909E-1 8.38407E-1 1.01407E1 7.9449E0 7.9449E0 7.9449E0 7.9449E0 7.9449E0 8.94301E0 8.94301E0 1.01407E1 1.3674E1 8.94301E0 7.9449E0 1.01407E1 1.3674E1 1.58698E1 1.7906E1 1.7906E1 1.7906E1 2.41341E1 3.6311E1 2.98034E1 4.90668E1 2.39944E1 2.55714E1 -9999 -9999 -9999 -9999 4.72103E1 2.43138E1 -9999 -9999
-2.68817E0 3.99241E-2 9.98104E-2 1.99621E-2 2.19583E-1 1.39735E-1 -2.90323E1 -4.30108E0 -2.09677E1 9.98104E-2 -1.23656E1 -8.60215E0 1.53708E0 4.17207E0 1.79659E-1 -9.13978E0 -1.1828E1 -2.15054E0 -8.06452E0 -1.82796E1 -1.23656E1 -1.6129E1 3.79279E-1 6.98673E-1 1.53708E0 2.51522E0 2.03613E0 2.03613E0 1.53708E0 2.39545E-1 1.11788E0 2.65496E0 8.80327E0 1.3674E1 5.70915E0 1.1558E1 1.01407E1 7.9449E0 7.9449E0 7.20631E0 7.20631E0 7.20631E0 7.9449E0 8.94301E0 1.01407E1 1.01407E1 1.01407E1 1.01407E1 1.3674E1 1.3674E1 1.82254E1 2.13395E1 2.13395E1 2.41341E1 3.04621E1 3.27578E1 5.23406E1 3.09811E1 2.66494E1 -9999 -9999 -9999 5.37579E1 3.48937E1 2.88851E1 2.08404E1 -9999 -9999
9.98104E-2 1.39735E-1 1.39735E-1 9.98104E-2 3.99241E-2 -2.74194E1 -3.17204E1 -2.31183E1 -2.15054E1 -1.29032E1 -3.76344E0 -7.52688E0 -1.07527E1 -1.6129E0 -3.76344E0 -4.30108E0 -4.83871E0 1.99621E-2 -2.15054E0 1.79659E-1 -9.13978E0 -5.37634E0 -1.1828E1 6.18824E-1 1.11788E0 1.53708E0 6.18824E-1 1.19772E0 6.18824E-1 3.19393E-1 1.99621E-2 -5.37634E-1 5.19014E-1 1.3674E1 1.3674E1 1.1558E1 1.01407E1 8.94301E0 8.94301E0 7.9449E0 7.9449E0 6.70726E0 7.20631E0 7.9449E0 8.94301E0 8.94301E0 8.94301E0 1.01407E1 1.3674E1 1.58698E1 1.74069E1 2.41341E1 2.41341E1 3.04621E1 2.49526E1 4.01038E1 3.09412E1 2.71085E1 4.59327E1 -9999 -9999 2.30961E1 2.21978E1 3.02625E1 2.39744E1 1.86845E1 -9999 -9999
