ENM/Final_Models/M_1_F_q_Set_1_E/Gustavia_santanderiensis_1_Choco.asc
ncols         367
nrows         963
xllcorner     -78.6
yllcorner     0.65
cellsize      0.00833333333333323
NODATA_value  -9999
[rows 612 to 645 of 963, columns 152 to 227 of 367]
-9999 -9999 -9999 -9999 -9999 -9999 -9999 -9999 -9999 -9999 -9999 -9999 -9999 1E0 1E0 1E0 1E0 1E0 1E0 1E0 1E0 1E0 1E0 1E0 1E0 1E0 1E0 1E0 1E0 1E0 1E0 9.78562E-1 8.7455E-1 9.94185E-1 9.67079E-1 9.99636E-1 9.9975E-1 9.99106E-1 9.96182E-1 9.96047E-1 9.99857E-1 9.99994E-1 9.99998E-1 9.99974E-1 9.87349E-1 3.84812E-1 6.28504E-1 2.69518E-1 3.11166E-1 4.27876E-2 1.18955E-2 1.29236E-1 3.96144E-1 8.64456E-1 9.51074E-1 9.99877E-1 2.73317E-1 1.6848E-2 1.09742E-2 2.01448E-2 1.90682E-2 1.54533E-2 5.14761E-3 8.2996E-3 1.18272E-2 3.26767E-2 3.15282E-2 8.45074E-3 9.45927E-3 1.02847E-2 2.58457E-3 1.06218E-3 2.31565E-3 4.40842E-3 5.83979E-2 5.78546E-2
-9999 -9999 -9999 -9999 -9999 -9999 -9999 -9999 -9999 -9999 -9999 -9999 -9999 1E0 1E0 1E0 1E0 1E0 1E0 1E0 1E0 1E0 1E0 1E0 1E0 1E0 1E0 1E0 1E0 1E0 9.99997E-1 9.42544E-1 9.69104E-1 6.97747E-1 9.99976E-1 9.98297E-1 9.98263E-1 9.99862E-1 9.98738E-1 9.88473E-1 9.99136E-1 9.996E-1 9.99138E-1 9.96426E-1 9.92221E-1 6.57535E-1 6.59493E-1 3.71227E-1 1.39278E-1 3.30962E-2 3.65617E-3 1.01522E-1 2.74171E-1 4.73718E-1 7.42806E-1 9.95822E-1 3.85406E-1 1.33513E-2 5.43244E-2 1.56227E-1 5.96713E-2 1.94525E-2 1.53506E-2 3.77574E-2 2.08439E-2 2.41612E-2 1.35983E-2 9.30799E-3 1.18597E-2 2.51689E-2 6.08968E-3 4.33766E-3 2.011E-3 2.56366E-3 3.24147E-2 6.06763E-3
-9999 -9999 -9999 -9999 -9999 -9999 -9999 -9999 -9999 -9999 -9999 -9999 -9999 -9999 1E0 1E0 1E0 1E0 1E0 1E0 1E0 1E0 1E0 1E0 1E0 1E0 9.99993E-1 1E0 9.99923E-1 9.99999E-1 9.994E-1 9.85635E-1 9.09144E-1 9.44095E-1 7.5715E-1 9.38181E-1 9.99918E-1 9.99998E-1 9.87763E-1 9.9267E-1 9.19538E-1 9.98727E-1 9.85479E-1 9.885E-1 9.99995E-1 9.98384E-1 8.96976E-1 5.62264E-1 6.30557E-1 3.79389E-1 1.56433E-2 1.49046E-1 6.03713E-1 8.35835E-1 7.60205E-1 9.35794E-1 2.8201E-2 2.29522E-2 9.46424E-2 1.97929E-1 7.38923E-2 2.62426E-2 4.47282E-2 3.5403E-2 4.88782E-2 3.65743E-2 2.13731E-2 2.9559E-2 1.19126E-2 7.43322E-3 2.87446E-3 1.32015E-3 4.73655E-3 9.00592E-3 4.63614E-3 2.52959E-2
-9999 -9999 -9999 -9999 -9999 -9999 -9999 -9999 -9999 -9999 -9999 -9999 -9999 -9999 -9999 -9999 1E0 1E0 1E0 1E0 1E0 1E0 1E0 1E0 1E0 1E0 1E0 9.99963E-1 9.99753E-1 9.97728E-1 9.52132E-1 9.88597E-1 9.85097E-1 9.28129E-1 9.98146E-1 9.95004E-1 9.99855E-1 9.9993E-1 9.98998E-1 9.99835E-1 9.99495E-1 9.99967E-1 9.99819E-1 9.61552E-1 9.98955E-1 9.97592E-1 9.25961E-1 9.62277E-1 7.74456E-1 2.45485E-1 1.26828E-2 1.70326E-1 5.94211E-1 4.4904E-1 8.91034E-1 1.08646E-1 9.29964E-2 2.00918E-2 2.05038E-1 2.32264E-1 2.92292E-1 2.82775E-1 2.39122E-2 4.99255E-2 3.21606E-2 3.48021E-2 1.12086E-2 2.97042E-2 6.5304E-2 5.50381E-3 5.34077E-3 8.82465E-4 3.92038E-3 7.28045E-3 4.60595E-3 7.83926E-3
-9999 -9999 -9999 -9999 -9999 -9999 -9999 -9999 -9999 -9999 -9999 -9999 -9999 -9999 -9999 -9999 1E0 1E0 1E0 1E0 1E0 1E0 1E0 1E0 1E0 1E0 9.99999E-1 1E0 9.98924E-1 9.97386E-1 9.42504E-1 8.26882E-1 9.29332E-1 9.98776E-1 9.98751E-1 9.91098E-1 9.97358E-1 9.93772E-1 9.99462E-1 9.99736E-1 9.99994E-1 1E0 9.96317E-1 7.7801E-1 9.99386E-1 9.98639E-1 9.87646E-1 8.12239E-1 6.56501E-1 2.5417E-1 7.64528E-2 6.77307E-2 2.53477E-1 4.36928E-1 7.76311E-1 1.01657E-1 1.40715E-1 6.13402E-2 1.20961E-1 2.40193E-1 5.53902E-2 2.02092E-2 1.98978E-2 3.3053E-2 9.2266E-2 1.63538E-1 1.30307E-1 2.67171E-1 5.46253E-2 1.3829E-2 7.74011E-3 1.71785E-3 3.35671E-3 4.14361E-3 7.51329E-4 2.25324E-3
-9999 -9999 -9999 -9999 -9999 -9999 -9999 -9999 -9999 -9999 -9999 -9999 -9999 -9999 -9999 -9999 1E0 1E0 1E0 1E0 1E0 1E0 1E0 1E0 1E0 1E0 1E0 1E0 9.99999E-1 9.98502E-1 8.63214E-1 9.93443E-1 9.99873E-1 9.99438E-1 9.99999E-1 9.99419E-1 9.98349E-1 9.96663E-1 8.1923E-1 9.39375E-1 1E0 7.61625E-1 2.61302E-1 5.23943E-2 9.71257E-1 9.76544E-1 9.95588E-1 9.62405E-1 8.81638E-1 4.33875E-1 4.33173E-1 1.49019E-1 3.29438E-2 1.65468E-1 4.13794E-1 3.35204E-1 4.58665E-2 5.24088E-2 6.44448E-2 6.0623E-2 3.79165E-2 1.56228E-2 2.07252E-2 3.36002E-2 1.09475E-1 2.53862E-1 2.10083E-1 1.52676E-1 3.13349E-2 1.25255E-2 2.73147E-2 1.12104E-3 5.59832E-3 6.06757E-3 5.45059E-3 7.33191E-3
-9999 -9999 -9999 -9999 -9999 -9999 -9999 -9999 -9999 -9999 -9999 -9999 -9999 -9999 -9999 -9999 1E0 1E0 1E0 1E0 1E0 1E0 1E0 9.99995E-1 1E0 9.99735E-1 9.9998E-1 1E0 1E0 9.99998E-1 9.85825E-1 9.92663E-1 9.99914E-1 9.99307E-1 1E0 9.99973E-1 9.99387E-1 8.17414E-1 4.05479E-1 7.23922E-1 9.99996E-1 5.04008E-2 1.4056E-2 1.86729E-1 9.96378E-1 8.87591E-1 9.42421E-1 9.89477E-1 8.63733E-1 7.18451E-1 6.80609E-1 2.75751E-1 1.08801E-1 8.70242E-2 6.89606E-2 1.89878E-1 1.14388E-1 5.8394E-2 2.87251E-2 2.36295E-2 1.19904E-2 6.43194E-3 1.14703E-2 2.47811E-2 1.40145E-1 1.31421E-1 1.29705E-1 8.91156E-2 7.37496E-2 3.44945E-3 9.30333E-3 9.73193E-4 9.52886E-3 2.12513E-2 1.50559E-2 2.26061E-3
-9999 -9999 -9999 -9999 -9999 -9999 -9999 -9999 -9999 -9999 -9999 -9999 -9999 -9999 -9999 -9999 1E0 1E0 1E0 1E0 1E0 1E0 9.99762E-1 9.9974E-1 1E0 9.9959E-1 9.99999E-1 9.99554E-1 9.46064E-1 7.80937E-1 8.92665E-1 9.96714E-1 9.99425E-1 1E0 1E0 9.99998E-1 9.6128E-1 2.34645E-1 2.67052E-1 8.58883E-1 9.99796E-1 7.42949E-1 2.09033E-1 7.07425E-1 9.86108E-1 4.33997E-1 2.68132E-1 6.58065E-1 3.33917E-1 5.11066E-1 2.51576E-1 2.07729E-1 1.4207E-1 8.16668E-2 2.17231E-1 2.41546E-1 7.89175E-2 2.21376E-2 2.2232E-2 1.1193E-1 1.32323E-2 3.38309E-2 4.7948E-2 9.32274E-3 5.06267E-3 2.04455E-2 7.71755E-3 8.43569E-3 5.30026E-2 3.9002E-3 1.54197E-3 2.43824E-3 1.07157E-3 2.95733E-3 1.05576E-3 1.3403E-3
-9999 -9999 -9999 -9999 -9999 -9999 -9999 -9999 -9999 -9999 -9999 -9999 -9999 -9999 -9999 1E0 1E0 1E0 1E0 1E0 1E0 1E0 9.99998E-1 1E0 1E0 9.9999E-1 1E0 9.94646E-1 9.98457E-1 9.92678E-1 7.46922E-1 9.99843E-1 9.76074E-1 9.75751E-1 9.99999E-1 9.99968E-1 9.87299E-1 5.27825E-1 1.38116E-1 4.19115E-1 5.20263E-1 9.74484E-1 9.99713E-1 2.3308E-1 6.44596E-1 3.45189E-1 2.794E-1 4.90024E-1 3.1348E-1 2.08625E-1 6.00233E-2 1.37855E-2 2.15168E-2 4.33656E-2 1.16856E-1 1.47299E-1 4.72429E-2 2.36864E-2 4.22218E-2 9.75944E-2 2.5245E-2 2.84585E-2 8.20476E-2 1.50908E-2 1.59165E-3 1.09019E-2 1.0883E-2 6.82811E-3 1.93769E-3 5.86764E-3 1.47862E-3 1.40773E-3 3.75647E-3 3.48406E-3 6.81029E-3 3.84022E-3
-9999 -9999 -9999 -9999 -9999 -9999 -9999 -9999 -9999 -9999 -9999 -9999 -9999 -9999 1E0 1E0 1E0 1E0 1E0 1E0 1E0 1E0 9.99998E-1 1E0 9.99996E-1 9.99923E-1 9.9975E-1 9.99851E-1 9.8875E-1 8.58383E-1 9.89574E-1 9.9959E-1 9.95436E-1 9.88632E-1 1E0 9.99381E-1 8.94695E-1 4.70608E-1 2.16988E-1 1.97316E-1 1.30264E-1 8.72288E-1 9.98865E-1 6.0578E-1 8.29294E-1 7.69335E-1 3.54729E-1 5.7649E-1 5.9521E-1 8.88673E-2 7.19851E-3 9.22386E-4 2.01497E-2 2.82974E-2 1.20906E-1 7.90376E-2 2.89865E-2 2.27432E-2 1.64459E-2 1.00355E-1 4.47802E-2 6.38663E-2 3.85598E-2 3.71265E-2 4.876E-3 4.5577E-3 1.22057E-2 3.94673E-3 1.38414E-3 3.41747E-3 1.67784E-3 1.72808E-3 3.70765E-3 3.49109E-3 1.49925E-3 5.22129E-3
-9999 -9999 -9999 -9999 -9999 -9999 -9999 -9999 -9999 -9999 -9999 -9999 -9999 -9999 1E0 1E0 1E0 1E0 1E0 9.99999E-1 1E0 1E0 1E0 1E0 9.99949E-1 9.99274E-1 9.92275E-1 9.17718E-1 6.66036E-1 4.1337E-1 7.03037E-1 9.91094E-1 9.66258E-1 9.99828E-1 9.99601E-1 9.10419E-1 6.22508E-1 6.93969E-1 7.6922E-1 5.29703E-1 4.88866E-1 8.21092E-1 9.74939E-1 9.95121E-1 9.96706E-1 9.92332E-1 8.41436E-1 7.34275E-1 5.9776E-1 2.51604E-1 6.96551E-3 2.33032E-3 1.56786E-2 3.54873E-2 4.7209E-2 8.90087E-2 3.14211E-2 4.22477E-2 4.12173E-2 7.84267E-2 1.28987E-1 1.39978E-1 3.76492E-2 2.92269E-2 5.37885E-3 3.08711E-3 2.55119E-3 3.8196E-3 1.10999E-3 1.94027E-3 3.6872E-3 6.47273E-3 5.95361E-3 2.4663E-3 7.2391E-3 6.37707E-3
-9999 -9999 -9999 -9999 -9999 -9999 -9999 -9999 -9999 -9999 -9999 -9999 -9999 1E0 1E0 1E0 1E0 1E0 1E0 1E0 9.99882E-1 1E0 9.99999E-1 9.99935E-1 9.99955E-1 9.98738E-1 9.99996E-1 1E0 4.5716E-1 1.86096E-1 2.5953E-1 4.23934E-1 9.9997E-1 9.99882E-1 9.97045E-1 9.9873E-1 9.99961E-1 9.98538E-1 9.78747E-1 8.08027E-1 6.86943E-1 7.88327E-1 9.358E-1 9.50625E-1 9.62536E-1 9.84293E-1 9.63042E-1 9.62022E-1 9.18637E-1 7.21579E-1 3.43011E-3 1.01775E-2 1.89532E-2 6.16254E-2 5.04073E-2 1.23038E-1 3.59656E-2 5.2922E-2 1.38715E-1 4.48489E-2 1.02596E-1 4.95808E-1 1.76469E-1 1.47248E-1 2.33741E-2 6.84522E-4 1.50482E-3 9.69809E-4 9.30933E-4 8.4189E-3 6.06403E-3 2.67387E-3 1.26541E-3 7.7173E-4 3.04032E-3 3.31497E-3
-9999 -9999 -9999 -9999 -9999 -9999 -9999 -9999 -9999 -9999 -9999 -9999 1E0 1E0 1E0 1E0 1E0 1E0 1E0 1E0 1E0 1E0 9.99978E-1 9.99986E-1 9.99998E-1 9.99279E-1 9.99973E-1 9.99563E-1 5.24496E-1 3.40377E-1 2.02167E-1 2.20957E-1 4.37194E-1 7.65627E-1 9.92061E-1 9.92564E-1 9.99976E-1 9.99995E-1 1E0 9.97722E-1 7.63403E-1 8.96868E-1 9.99221E-1 9.99943E-1 9.33291E-1 8.96786E-1 8.47415E-1 8.25292E-1 7.01031E-1 5.22192E-1 5.48039E-1 1.92012E-2 1.69652E-2 1.68916E-2 1.66682E-2 5.92792E-2 4.7703E-2 7.80043E-2 3.21171E-2 3.27803E-2 4.35824E-2 9.79254E-2 1.73693E-1 1.00881E-1 2.40162E-2 1.10016E-4 2.48706E-4 3.39816E-3 1.77665E-3 1.09783E-2 2.0511E-3 1.56101E-3 8.50128E-4 9.25079E-4 2.24441E-3 2.74834E-3
-9999 -9999 -9999 -9999 -9999 -9999 -9999 -9999 -9999 -9999 -9999 -9999 1E0 1E0 1E0 1E0 1E0 1E0 1E0 1E0 1E0 1E0 1E0 9.4597E-1 8.37745E-1 9.48362E-1 9.75986E-1 8.65601E-1 3.87751E-1 4.33898E-1 2.09175E-1 2.06323E-1 2.3123E-1 7.45314E-1 9.15403E-1 9.70549E-1 9.9096E-1 1E0 9.99868E-1 9.99277E-1 9.60722E-1 9.95347E-1 9.9817E-1 9.93168E-1 7.68296E-1 5.70698E-1 5.90073E-1 6.88086E-1 5.95297E-1 1.94316E-1 2.29877E-1 1.04715E-1 1.65324E-2 4.92233E-3 8.95491E-3 2.36797E-2 3.10748E-2 5.52148E-2 4.96835E-2 3.71347E-2 3.33012E-2 6.60675E-2 4.93683E-2 3.84981E-2 1.52311E-2 5.03859E-3 1.62E-3 1.50063E-2 6.08138E-3 2.06377E-3 2.86639E-3 1.08809E-3 8.21027E-4 2.12757E-3 1.792E-3 2.602E-3
-9999 -9999 -9999 -9999 -9999 -9999 -9999 -9999 -9999 -9999 -9999 1E0 1E0 1E0 1E0 1E0 1E0 1E0 1E0 1E0 1E0 1E0 9.99999E-1 9.87807E-1 9.67956E-1 9.12209E-1 7.71735E-1 5.49056E-1 2.87876E-1 3.13603E-1 1.7177E-1 3.50613E-1 1.97234E-1 3.22237E-1 9.6991E-1 9.99145E-1 1E0 1E0 9.75843E-1 9.98785E-1 9.49788E-1 9.83788E-1 9.46181E-1 9.23069E-1 6.15694E-1 4.2291E-1 3.43313E-1 6.8062E-1 4.39472E-1 2.75685E-1 1.27781E-2 1.17371E-2 7.28669E-3 1.1664E-2 1.69567E-2 2.31014E-2 2.99606E-2 3.05202E-2 8.71305E-2 4.71784E-2 1.9049E-2 3.36417E-2 3.19275E-2 2.35349E-2 1.99501E-2 3.25689E-3 5.75331E-3 1.07162E-2 5.31602E-3 2.60718E-3 1.76431E-3 5.17236E-4 5.37544E-4 5.47287E-4 3.5724E-4 7.9569E-4
-9999 -9999 -9999 -9999 -9999 -9999 -9999 -9999 -9999 -9999 -9999 1E0 1E0 1E0 1E0 1E0 1E0 1E0 1E0 1E0 1E0 1E0 9.98541E-1 9.97999E-1 9.98265E-1 9.62672E-1 8.23299E-1 3.83734E-1 2.24477E-1 3.64352E-1 2.45049E-1 1.37825E-1 1.41255E-1 2.69729E-1 9.99999E-1 9.99993E-1 1E0 1E0 1.71789E-1 7.58312E-1 5.97208E-1 9.21223E-1 1.02826E-1 8.65335E-1 6.83336E-1 4.41243E-1 3.85631E-1 6.70791E-1 6.42071E-1 3.57428E-1 1.43974E-2 6.49852E-3 4.46481E-3 7.12658E-3 1.63403E-2 2.461E-2 3.39025E-2 4.27993E-2 9.14024E-2 1.1554E-2 8.3886E-3 3.49015E-2 1.87023E-2 1.96238E-2 1.25275E-2 1.30086E-2 1.67584E-2 2.4817E-2 8.96132E-3 2.26168E-3 6.7622E-4 6.38229E-4 5.65716E-4 5.75979E-4 2.0175E-4 2.47345E-4
-9999 -9999 -9999 -9999 -9999 -9999 -9999 -9999 -9999 -9999 1E0 1E0 1E0 1E0 1E0 1E0 1E0 1E0 1E0 1E0 1E0 1E0 9.99799E-1 9.64373E-1 9.12875E-1 8.46477E-1 6.59949E-1 4.71751E-1 1.38299E-1 2.63027E-1 1.7484E-1 1.86403E-1 4.38033E-1 9.54242E-1 9.88247E-1 1E0 1E0 9.99994E-1 6.61032E-1 9.55528E-1 9.84425E-1 9.8389E-1 8.3859E-1 6.10027E-1 8.32337E-1 2.48993E-1 2.30898E-1 3.093E-1 3.21492E-1 1.24338E-1 8.49546E-2 2.84291E-3 2.07811E-3 4.49465E-3 9.48476E-3 1.79773E-2 2.48254E-2 3.04768E-2 5.01503E-2 3.08384E-2 1.80387E-2 8.21477E-3 6.04246E-3 1.34305E-2 1.07991E-2 1.82162E-2 6.8614E-3 2.40589E-2 6.07509E-3 2.14248E-3 6.09533E-4 3.37898E-4 2.17253E-4 4.7491E-4 1.93877E-4 3.0277E-5
-9999 -9999 -9999 -9999 -9999 -9999 -9999 -9999 -9999 1E0 1E0 1E0 1E0 1E0 1E0 1E0 1E0 1E0 1E0 1E0 9.99537E-1 9.999E-1 9.97988E-1 9.53378E-1 9.13518E-1 6.85259E-1 6.42825E-1 5.89721E-1 2.0492E-1 3.14524E-1 2.14048E-1 8.32763E-1 9.94816E-1 9.80634E-1 9.93245E-1 1E0 1E0 9.99636E-1 8.6976E-1 9.58948E-1 9.46758E-1 8.60555E-1 7.39605E-1 7.1524E-1 3.40348E-1 4.31993E-1 8.62938E-2 8.58996E-2 3.40538E-2 8.68314E-3 8.29359E-3 5.87662E-2 5.98266E-3 1.91774E-3 1.88039E-3 2.59881E-3 1.85823E-2 1.73765E-2 5.69191E-2 2.48649E-2 1.25788E-2 1.42502E-2 6.24958E-3 5.90168E-3 8.96329E-3 1.19618E-2 1.85614E-2 5.40375E-3 2.35669E-3 6.78994E-4 1.39007E-3 4.78573E-4 2.30539E-4 2.43715E-4 1.42128E-4 4.63017E-6
-9999 -9999 -9999 -9999 -9999 -9999 -9999 -9999 -9999 1E0 1E0 1E0 1E0 1E0 1E0 1E0 1E0 1E0 1E0 1E0 1E0 9.90092E-1 9.3229E-1 9.4547E-1 8.35792E-1 6.68496E-1 6.58661E-1 4.95583E-1 7.47354E-1 9.95368E-1 9.59132E-1 8.66564E-1 9.81041E-1 9.93159E-1 9.98756E-1 9.99997E-1 1E0 9.91879E-1 9.33713E-1 9.81371E-1 9.87872E-1 8.20894E-1 4.46775E-1 2.01502E-1 2.04695E-1 1.54097E-1 6.06849E-2 5.69244E-3 8.94487E-3 1.02203E-2 2.08162E-3 9.30812E-3 3.87283E-3 1.28586E-2 3.67204E-3 3.96591E-3 2.25987E-2 2.64087E-2 2.73386E-2 2.76855E-2 2.79027E-2 4.63514E-3 5.10857E-3 6.08048E-3 6.61614E-3 4.28047E-3 1.49779E-2 6.38251E-3 4.09765E-3 2.39391E-3 2.93418E-3 9.76496E-4 7.92135E-4 3.46009E-4 1.98724E-4 1.12781E-5
-9999 -9999 -9999 -9999 -9999 -9999 -9999 -9999 1E0 1E0 1E0 1E0 1E0 1E0 1E0 1E0 1E0 1E0 1E0 1E0 1E0 1E0 9.99895E-1 9.87974E-1 9.85094E-1 8.00694E-1 2.98277E-1 4.0973E-1 4.90876E-1 9.76667E-1 8.52597E-1 9.40445E-1 1E0 9.99997E-1 9.81974E-1 9.91714E-1 9.99378E-1 9.97924E-1 9.9791E-1 9.95309E-1 9.93507E-1 9.48284E-1 6.3845E-1 3.53859E-1 4.65194E-1 5.37961E-1 1.97736E-1 2.61852E-2 8.24181E-2 8.62985E-2 7.03919E-2 7.52392E-2 8.70888E-3 2.56751E-3 3.43173E-3 7.3434E-3 4.90555E-2 4.42734E-2 2.03096E-2 1.58011E-2 1.52262E-2 1.22013E-2 2.09445E-2 1.63726E-2 3.53918E-3 3.00482E-3 1.63539E-3 3.05996E-3 3.5505E-3 2.22176E-3 3.13998E-3 3.70794E-3 3.23877E-3 4.60676E-4 4.95919E-5 2.24375E-5
-9999 -9999 -9999 -9999 -9999 -9999 -9999 -9999 1E0 1E0 1E0 1E0 1E0 1E0 1E0 1E0 1E0 1E0 1E0 1E0 1E0 9.99999E-1 9.99049E-1 9.97178E-1 9.45802E-1 8.12435E-1 1.90072E-1 2.19655E-1 3.39827E-1 8.32154E-1 7.65056E-1 9.9978E-1 1E0 1E0 9.99962E-1 9.96344E-1 9.96999E-1 4.99351E-1 8.7795E-1 9.99075E-1 9.92623E-1 9.96624E-1 9.37926E-1 8.58208E-1 8.57875E-1 7.08288E-1 5.01617E-1 1.09815E-1 3.22435E-1 4.14323E-1 1.80205E-1 9.17317E-2 2.48927E-2 2.6315E-3 5.2972E-3 1.94382E-2 1.07011E-1 4.08688E-2 2.97308E-2 3.07526E-2 2.29758E-2 2.73306E-2 3.78288E-2 5.40478E-2 1.74814E-2 2.42809E-2 9.52452E-3 1.30312E-2 6.72775E-3 2.60922E-3 2.98311E-3 1.29281E-3 2.57538E-3 4.46051E-4 1.62186E-4 1.29632E-4
-9999 -9999 -9999 -9999 -9999 -9999 -9999 1E0 1E0 1E0 1E0 1E0 1E0 1E0 1E0 1E0 1E0 1E0 1E0 1E0 1E0 1E0 9.9965E-1 9.99688E-1 9.97683E-1 7.85301E-1 2.34575E-1 3.21861E-1 3.29682E-1 8.5508E-1 9.58749E-1 9.46871E-1 9.99894E-1 9.99945E-1 1E0 9.99922E-1 9.93445E-1 2.06714E-1 2.79289E-1 9.31957E-1 9.47717E-1 9.35569E-1 6.66337E-1 5.90461E-1 2.79237E-1 5.96018E-1 5.91678E-1 5.01272E-1 4.0767E-1 2.30402E-1 2.41224E-2 1.0738E-1 4.90789E-2 3.61528E-3 3.04268E-3 1.03023E-2 2.87659E-2 4.1642E-2 3.59238E-2 1.75263E-2 2.47393E-2 9.89307E-3 1.95145E-2 1.3071E-2 2.17014E-2 6.60446E-3 -9999 -9999 5.20799E-3 1.56632E-3 5.98411E-4 1.73185E-4 5.52541E-4 3.96806E-4 7.47776E-5 4.95963E-5
-9999 -9999 -9999 -9999 -9999 -9999 -9999 1E0 1E0 1E0 1E0 1E0 1E0 1E0 1E0 1E0 1E0 1E0 1E0 1E0 1E0 1E0 9.99862E-1 1E0 9.99993E-1 9.65155E-1 2.18413E-1 2.91525E-1 4.32341E-1 5.76705E-1 9.83421E-1 8.87298E-1 9.9983E-1 9.99993E-1 9.93728E-1 9.97666E-1 9.76716E-1 7.57076E-2 3.12099E-1 9.54372E-1 9.91291E-1 9.93113E-1 9.07605E-1 7.22388E-1 3.89911E-1 4.26734E-1 4.27207E-1 3.68466E-1 3.31257E-1 4.02791E-2 1.14252E-2 1.45928E-2 2.10204E-2 3.62182E-3 1.4554E-3 2.98269E-3 4.17457E-3 1.53653E-2 1.61305E-2 4.8139E-2 2.55513E-2 9.61769E-3 3.98852E-3 2.48853E-3 1.40307E-2 -9999 -9999 -9999 1.14674E-3 1.01638E-3 1.49484E-4 1.09674E-4 1.77574E-4 1.62973E-4 1.09213E-4 3.52262E-5
-9999 -9999 -9999 -9999 -9999 -9999 -9999 1E0 1E0 1E0 1E0 1E0 1E0 1E0 1E0 1E0 1E0 1E0 1E0 1E0 1E0 9.99997E-1 9.21435E-1 9.99682E-1 9.90244E-1 7.20739E-1 5.38911E-1 2.59528E-1 1.71527E-1 9.57122E-1 9.99936E-1 1E0 1E0 9.99967E-1 9.98242E-1 9.41951E-1 9.88913E-1 9.71943E-1 9.91457E-1 9.8839E-1 9.58422E-1 9.20345E-1 6.9065E-1 7.78877E-1 7.07029E-1 2.56355E-1 2.49767E-1 9.65744E-2 2.29007E-2 1.58625E-2 4.07542E-2 1.31064E-2 4.0756E-3 3.33579E-3 1.19957E-3 1.47725E-3 1.12535E-3 3.64183E-3 1.06633E-2 8.25596E-3 2.24799E-2 5.80037E-3 6.72304E-4 4.81818E-4 -9999 -9999 -9999 -9999 3.56211E-4 3.23587E-4 3.70633E-4 1.29885E-4 2.7328E-5 2.14878E-5 4.23632E-5 1.28369E-5
-9999 -9999 -9999 -9999 -9999 -9999 1E0 1E0 1E0 1E0 1E0 1E0 1E0 1E0 1E0 1E0 1E0 1E0 1E0 1E0 1E0 9.99835E-1 9.8482E-1 8.87267E-1 7.07512E-1 8.40411E-1 5.28458E-1 5.85222E-1 2.8114E-1 1.89E-1 1.97046E-1 8.63698E-1 9.99765E-1 9.99998E-1 9.90186E-1 9.43618E-1 8.24402E-1 9.2303E-1 9.37453E-1 9.95869E-1 9.73996E-1 7.00655E-1 4.47787E-1 6.70278E-1 8.192E-1 7.40557E-1 7.18786E-1 2.66606E-1 1.9611E-2 2.32838E-2 1.19057E-1 3.51961E-2 9.55052E-3 3.7298E-3 1.022E-3 1.2036E-3 1.18715E-3 2.25947E-3 1.1323E-2 2.18342E-3 7.07198E-3 7.16765E-3 1.09438E-3 1.12585E-3 -9999 -9999 -9999 1.41073E-4 1.17936E-4 2.76348E-4 2.28875E-4 4.92325E-5 6.10425E-5 1.40956E-5 1.63686E-5 2.14131E-5
-9999 -9999 -9999 -9999 -9999 1E0 1E0 1E0 1E0 1E0 1E0 1E0 1E0 1E0 1E0 1E0 1E0 1E0 1E0 1E0 1E0 9.93096E-1 9.59628E-1 8.73068E-1 6.83367E-1 3.71915E-1 4.80832E-1 3.99309E-1 3.37808E-1 2.34126E-1 5.72172E-1 3.04533E-1 6.88223E-1 1.5597E-1 7.86418E-1 9.40372E-1 9.63473E-1 5.53531E-1 8.17247E-1 9.67873E-1 9.94121E-1 9.79312E-1 8.38048E-1 8.88768E-1 8.44779E-1 6.71969E-1 7.90938E-1 5.82079E-1 4.68584E-1 1.14074E-1 9.94299E-2 3.53919E-2 2.48728E-2 1.60652E-2 7.41838E-3 1.0115E-3 2.85819E-4 1.26019E-3 2.66148E-3 2.6276E-3 3.68327E-3 5.30022E-3 8.79369E-4 -9999 -9999 -9999 5.05245E-5 1.62508E-5 1.83728E-5 1.249E-4 3.52312E-5 3.45403E-5 1.69408E-5 4.8443E-6 3.54773E-5 6.43952E-5
-9999 -9999 -9999 -9999 -9999 1E0 1E0 1E0 1E0 1E0 1E0 1E0 1E0 1E0 1E0 1E0 1E0 1E0 1E0 1E0 9.9998E-1 7.11377E-1 3.90692E-1 2.20212E-1 3.51079E-1 6.36125E-1 4.45402E-1 4.26016E-1 4.95658E-1 9.72343E-1 9.76918E-1 9.65924E-1 9.99753E-1 9.97758E-1 9.11995E-1 7.63341E-1 8.28269E-1 3.77299E-1 9.39147E-1 9.76648E-1 9.84647E-1 7.82794E-1 7.09859E-1 8.95424E-1 7.41664E-1 4.75848E-1 6.61255E-1 5.77665E-1 4.21215E-1 2.74942E-1 3.29819E-1 9.90817E-2 1.43305E-1 7.26754E-2 1.30806E-2 2.47441E-3 6.16015E-4 3.36945E-4 1.45343E-3 9.808E-4 1.92585E-3 1.07849E-3 -9999 -9999 -9999 -9999 6.83449E-5 3.78524E-5 2.98947E-5 3.69091E-5 1.85749E-5 2.65373E-5 7.39646E-6 1.1565E-4 1.42954E-4 1.16563E-4
-9999 -9999 -9999 -9999 1E0 1E0 1E0 1E0 1E0 1E0 1E0 1E0 1E0 1E0 1E0 1E0 1E0 1E0 1E0 9.96536E-1 9.83184E-1 5.65557E-1 5.83551E-1 7.03156E-1 5.49452E-1 6.80478E-1 9.68229E-1 7.91417E-1 7.85063E-1 7.52586E-1 9.99992E-1 9.99995E-1 9.94058E-1 9.99963E-1 8.7382E-1 5.89723E-1 3.54655E-1 2.00964E-1 4.27695E-1 9.56655E-1 7.55872E-1 8.65726E-1 4.708E-1 4.85079E-1 6.24043E-1 4.32524E-1 3.74267E-1 2.08686E-1 8.38388E-2 9.46466E-2 8.84534E-2 4.99434E-2 5.29804E-2 2.18059E-2 1.72347E-2 1.03706E-3 2.77277E-4 2.63458E-4 6.74669E-4 2.98558E-4 6.81629E-4 2.12649E-4 -9999 -9999 -9999 -9999 4.49876E-5 3.24268E-5 8.6957E-5 1.62756E-4 6.21806E-5 5.7199E-6 9.00338E-5 1.05657E-4 5.69517E-5 6.81582E-5
-9999 -9999 -9999 1E0 1E0 1E0 1E0 1E0 1E0 1E0 1E0 1E0 1E0 1E0 1E0 1E0 1E0 1E0 1E0 9.99237E-1 9.78435E-1 9.60463E-1 8.34229E-1 9.39315E-1 4.19637E-1 4.48305E-1 5.61662E-1 8.72464E-1 9.9932E-1 1E0 1E0 1E0 9.98957E-1 9.94666E-1 7.90785E-1 6.01091E-2 4.23647E-2 6.42922E-2 2.17257E-1 4.38183E-1 3.62286E-1 4.60704E-1 7.19275E-1 5.59004E-1 3.33336E-1 1.55669E-1 3.57227E-2 2.43379E-2 1.03452E-2 5.59837E-3 6.51764E-3 2.51883E-2 3.00102E-2 7.22E-3 4.5462E-3 1.03657E-3 2.678E-4 1.56702E-4 3.33536E-4 8.42434E-5 2.66915E-4 -9999 -9999 -9999 -9999 -9999 1.13238E-4 5.92487E-5 7.70954E-5 1.07757E-4 7.70291E-5 4.86359E-6 7.70506E-5 8.43469E-5 7.74875E-5 7.32974E-5
-9999 -9999 -9999 1E0 1E0 1E0 1E0 1E0 1E0 1E0 1E0 1E0 1E0 1E0 1E0 1E0 1E0 1E0 1E0 9.9863E-1 9.40455E-1 9.75846E-1 9.93355E-1 9.74298E-1 8.7698E-1 7.24923E-1 6.88316E-1 8.68571E-1 1E0 9.99777E-1 1E0 1E0 9.9932E-1 8.25164E-1 6.82133E-1 4.31852E-2 1.75901E-2 6.87093E-3 6.68681E-3 2.09828E-2 2.09739E-2 1.84696E-1 6.28624E-1 3.89965E-1 8.17128E-2 2.12279E-2 6.54426E-3 2.98262E-3 5.55548E-4 2.23555E-3 8.22531E-4 6.95388E-3 3.91666E-3 1.03438E-3 1.44184E-3 1.5403E-3 5.50587E-4 3.30272E-4 2.02952E-4 8.79479E-5 1.9614E-4 -9999 -9999 -9999 -9999 -9999 2.04125E-4 2.51852E-4 1.49524E-4 4.84391E-5 6.10914E-6 2.1701E-5 5.26056E-5 8.1893E-5 1.18182E-4 1.09481E-4
-9999 -9999 1E0 1E0 1E0 1E0 1E0 1E0 1E0 1E0 1E0 1E0 1E0 1E0 1E0 1E0 1E0 1E0 1E0 9.9543E-1 9.87779E-1 9.45448E-1 9.71685E-1 9.91695E-1 8.86986E-1 9.37361E-1 9.97328E-1 9.97131E-1 1E0 9.99991E-1 1E0 1E0 9.99908E-1 8.54259E-1 8.93776E-1 9.19747E-1 1.39811E-1 1.65241E-2 7.32642E-3 2.14434E-2 1.63712E-2 2.13478E-2 8.94108E-2 6.29274E-2 1.20615E-2 8.67403E-3 1.49426E-3 1.11291E-3 4.47569E-4 2.16442E-4 8.14821E-4 3.38155E-3 7.58853E-4 4.65269E-4 3.81957E-4 3.8752E-4 1.86903E-4 1.43892E-4 1.18082E-4 1.10315E-4 -9999 -9999 -9999 -9999 -9999 -9999 1.22469E-4 4.33914E-5 6.08196E-5 6.35111E-5 9.01234E-6 5.0608E-5 6.34223E-5 1.41434E-4 1.16694E-4 8.08822E-5
-9999 -9999 1E0 1E0 1E0 1E0 1E0 1E0 1E0 1E0 1E0 1E0 1E0 1E0 1E0 1E0 1E0 1E0 1E0 9.99887E-1 6.48784E-1 5.14377E-1 8.09599E-1 9.96896E-1 1E0 1E0 9.99999E-1 9.98253E-1 1E0 1E0 1E0 1E0 1E0 9.99901E-1 9.97214E-1 8.42234E-1 6.93014E-1 2.34273E-1 3.52185E-2 1.04123E-1 2.13706E-1 4.79026E-2 8.27513E-2 3.28853E-2 4.36111E-2 1.69394E-2 1.66656E-3 1.89057E-3 1.7446E-3 1.24672E-3 1.55194E-3 3.58147E-4 5.50898E-4 2.3569E-3 6.1016E-4 3.64819E-4 3.30891E-4 1.89637E-4 1.59401E-4 -9999 -9999 -9999 -9999 -9999 -9999 -9999 1.10514E-4 1.03475E-4 1.12834E-5 1.17593E-5 7.21171E-6 4.08269E-5 7.09735E-5 5.36989E-5 2.15178E-4 1.39772E-4
-9999 1E0 1E0 1E0 1E0 1E0 1E0 1E0 1E0 1E0 1E0 1E0 1E0 1E0 1E0 1E0 1E0 1E0 9.99879E-1 9.95803E-1 8.99116E-1 8.27632E-1 9.1376E-1 9.9753E-1 1E0 1E0 1E0 1E0 1E0 9.9999E-1 1E0 1E0 1E0 1E0 9.99981E-1 9.81998E-1 9.80003E-1 5.45276E-1 7.96903E-1 9.1848E-1 9.89291E-1 4.7008E-1 1.95097E-1 8.37472E-2 7.4416E-2 3.14281E-2 3.70123E-3 7.92481E-3 1.10572E-3 4.49327E-3 2.89815E-3 2.26843E-3 1.37774E-3 5.55923E-3 1.39809E-3 5.77004E-4 5.10881E-4 9.2589E-5 1.74585E-4 -9999 -9999 -9999 -9999 -9999 -9999 1.95163E-4 3.0457E-4 1.62895E-5 2.32772E-5 2.80091E-5 3.9508E-5 7.91668E-6 1.57247E-4 2.21014E-4 1.28495E-4 1.51235E-4
-9999 1E0 1E0 1E0 1E0 1E0 1E0 1E0 1E0 1E0 1E0 1E0 1E0 1E0 1E0 1E0 1E0 1E0 9.99995E-1 9.76181E-1 9.70268E-1 9.94554E-1 9.81184E-1 9.99942E-1 1E0 1E0 1E0 1E0 1E0 9.99382E-1 9.96663E-1 1E0 1E0 1E0 1E0 9.99998E-1 9.99992E-1 9.74171E-1 9.99511E-1 9.59792E-1 7.04123E-1 8.14964E-1 3.14132E-1 7.71589E-2 3.61568E-2 7.59395E-2 1.64199E-2 9.10498E-3 1.29661E-2 5.00787E-2 3.61137E-2 1.82221E-2 1.50407E-2 4.98747E-3 2.48061E-3 9.37159E-4 3.87902E-4 4.24053E-4 4.5766E-4 -9999 -9999 -9999 -9999 -9999 1.74382E-4 1.69359E-4 8.33239E-5 3.23158E-5 7.22016E-5 6.31594E-5 5.91975E-5 5.02749E-5 8.84851E-6 8.79579E-6 5.63159E-4 2.97999E-4
