ENM/Final_Models/M_1_F_q_Set_1_E/Gustavia_santanderiensis_2_Choco.asc
ncols         367
nrows         963
xllcorner     -78.6
yllcorner     0.65
cellsize      0.00833333333333323
NODATA_value  -9999
[rows 330 to 359 of 963, columns 136 to 203 of 367]
-9999 -9999 -9999 -9999 -9999 -9999 -9999 -9999 -9999 -9999 -9999 -9999 -9999 -9999 -9999 -9999 -9999 -9999 -9999 2.14676E-1 3.00309E-1 9.20492E-1 9.97734E-1 9.99995E-1 1E0 9.99095E-1 9.99764E-1 9.99997E-1 9.62602E-1 9.56814E-1 9.81819E-1 8.31638E-1 8.15914E-1 9.87383E-1 9.9286E-1 9.97371E-1 9.9787E-1 9.99256E-1 9.98771E-1 9.99477E-1 9.99989E-1 9.99988E-1 9.99594E-1 9.99966E-1 9.99537E-1 9.9893E-1 9.99988E-1 1E0 1E0 9.99999E-1 9.99915E-1 9.71949E-1 9.93613E-1 9.93364E-1 9.99972E-1 9.99928E-1 9.99725E-1 9.99999E-1 9.99404E-1 9.99994E-1 9.99951E-1 9.97925E-1 9.99777E-1 9.99228E-1 9.94163E-1 9.97786E-1 9.99506E-1 9.99577E-1
-9999 -9999 -9999 -9999 -9999 -9999 -9999 -9999 -9999 -9999 -9999 -9999 -9999 -9999 -9999 -9999 -9999 -9999 -9999 1.72628E-1 2.96943E-1 7.3919E-1 9.94585E-1 9.99879E-1 1E0 9.99971E-1 9.99961E-1 9.9324E-1 8.51657E-1 8.65039E-1 9.73434E-1 9.51368E-1 9.60428E-1 9.86681E-1 9.80643E-1 9.97499E-1 9.99585E-1 9.99995E-1 9.99985E-1 9.98557E-1 9.99909E-1 9.9997E-1 9.99998E-1 9.99991E-1 9.99933E-1 9.99989E-1 1E0 9.99999E-1 1E0 9.99999E-1 9.99984E-1 9.99593E-1 9.96371E-1 9.54169E-1 9.54357E-1 9.54611E-1 9.93823E-1 9.87268E-1 9.99933E-1 9.99151E-1 9.99983E-1 9.70888E-1 9.97151E-1 9.96635E-1 9.75453E-1 9.97391E-1 9.98602E-1 9.98286E-1
-9999 -9999 -9999 -9999 -9999 -9999 -9999 -9999 -9999 -9999 -9999 -9999 -9999 -9999 -9999 -9999 -9999 -9999 -9999 3.32779E-1 5.26502E-1 5.96967E-1 9.99099E-1 9.99998E-1 9.99958E-1 9.99991E-1 9.9999E-1 9.99421E-1 9.85332E-1 6.50306E-1 9.45471E-1 9.74344E-1 9.70199E-1 9.70603E-1 9.96059E-1 9.9998E-1 9.9961E-1 9.9999E-1 9.99964E-1 9.99415E-1 1E0 9.99935E-1 9.99995E-1 1E0 1E0 9.99998E-1 1E0 9.99998E-1 1E0 9.99991E-1 1E0 9.99977E-1 9.73551E-1 9.39362E-1 8.24171E-1 9.95843E-1 9.9999E-1 9.99283E-1 9.99957E-1 9.97447E-1 9.99788E-1 9.98496E-1 9.99841E-1 9.98386E-1 9.9921E-1 9.93618E-1 9.98095E-1 9.99088E-1
-9999 -9999 -9999 -9999 -9999 -9999 -9999 -9999 -9999 -9999 -9999 -9999 -9999 -9999 -9999 -9999 -9999 -9999 -9999 2.5182E-1 2.74439E-1 8.57271E-1 9.97668E-1 9.99979E-1 9.97534E-1 9.99903E-1 9.99966E-1 9.99795E-1 9.99999E-1 9.44806E-1 9.64539E-1 9.93935E-1 9.88794E-1 9.97751E-1 9.92717E-1 9.99436E-1 9.99995E-1 9.98178E-1 9.99848E-1 9.99992E-1 1E0 9.99633E-1 9.99489E-1 1E0 1E0 1E0 1E0 9.99931E-1 9.98792E-1 9.98525E-1 9.99593E-1 9.92748E-1 9.29375E-1 9.92752E-1 9.70448E-1 9.9996E-1 1E0 9.9997E-1 9.981E-1 9.99982E-1 1E0 9.90866E-1 9.99994E-1 9.99995E-1 9.97792E-1 9.99956E-1 9.99823E-1 9.98096E-1
-9999 -9999 -9999 -9999 -9999 -9999 -9999 -9999 -9999 -9999 -9999 -9999 -9999 -9999 -9999 -9999 -9999 -9999 -9999 -9999 2.21463E-1 7.14174E-1 9.94158E-1 9.99943E-1 9.98281E-1 9.99936E-1 9.99101E-1 9.99918E-1 9.99991E-1 9.90844E-1 9.94243E-1 9.89276E-1 9.73476E-1 9.93837E-1 9.99426E-1 9.96728E-1 9.99298E-1 9.98692E-1 9.99997E-1 9.96285E-1 9.9997E-1 9.99954E-1 1E0 9.9999E-1 1E0 9.99995E-1 9.99999E-1 9.99452E-1 9.98992E-1 9.94474E-1 9.98247E-1 9.99983E-1 9.90563E-1 9.99907E-1 9.96542E-1 9.90003E-1 9.96264E-1 9.99987E-1 9.89021E-1 9.84476E-1 9.99944E-1 9.96777E-1 9.99456E-1 9.99359E-1 9.99245E-1 9.95486E-1 9.98948E-1 9.97992E-1
-9999 -9999 -9999 -9999 -9999 -9999 -9999 -9999 -9999 -9999 -9999 -9999 -9999 -9999 -9999 -9999 -9999 -9999 -9999 -9999 4.02771E-1 6.70126E-1 8.54997E-1 9.99979E-1 1E0 1E0 9.99791E-1 9.9992E-1 9.99996E-1 9.98897E-1 9.95469E-1 9.9493E-1 9.67885E-1 9.75462E-1 9.94446E-1 9.99474E-1 9.9785E-1 9.96971E-1 9.99934E-1 9.99844E-1 9.97681E-1 9.99879E-1 1E0 9.99992E-1 9.99985E-1 9.99989E-1 9.99948E-1 9.97557E-1 9.97676E-1 9.9715E-1 9.99982E-1 1E0 9.99909E-1 9.8147E-1 9.52911E-1 9.94241E-1 9.99304E-1 9.99944E-1 9.99999E-1 9.99702E-1 9.99358E-1 9.98016E-1 9.98101E-1 9.99992E-1 9.99953E-1 9.96584E-1 9.98913E-1 9.99143E-1
-9999 -9999 -9999 -9999 -9999 -9999 -9999 -9999 -9999 -9999 -9999 -9999 -9999 -9999 -9999 -9999 -9999 -9999 -9999 -9999 3.6425E-1 5.57823E-1 9.02463E-1 9.99418E-1 1E0 1E0 1E0 9.99991E-1 9.99966E-1 9.99903E-1 9.92815E-1 9.91128E-1 9.95913E-1 9.93891E-1 9.93281E-1 9.96006E-1 9.99706E-1 9.9794E-1 9.99699E-1 9.9887E-1 9.99727E-1 9.99999E-1 9.99999E-1 9.9984E-1 9.99335E-1 9.99993E-1 9.99629E-1 9.95767E-1 9.99272E-1 9.99687E-1 9.99995E-1 1E0 9.99868E-1 8.15354E-1 9.18144E-1 9.79904E-1 9.96893E-1 9.9943E-1 9.99999E-1 9.99415E-1 9.88833E-1 9.87691E-1 9.97996E-1 9.99938E-1 9.99978E-1 9.99995E-1 9.98889E-1 9.88567E-1
-9999 -9999 -9999 -9999 -9999 -9999 -9999 -9999 -9999 -9999 -9999 -9999 -9999 -9999 -9999 -9999 -9999 -9999 -9999 -9999 -9999 4.70689E-1 7.09825E-1 -9999 -9999 -9999 -9999 9.99891E-1 9.99652E-1 9.9936E-1 9.93802E-1 9.86911E-1 9.90872E-1 9.97568E-1 9.97661E-1 9.97164E-1 9.95666E-1 9.99765E-1 9.99957E-1 9.99772E-1 9.99596E-1 9.99841E-1 9.99997E-1 9.99988E-1 9.98552E-1 9.99768E-1 9.98682E-1 9.99932E-1 9.99895E-1 9.99829E-1 9.99804E-1 1E0 9.99973E-1 6.5983E-1 7.93171E-1 8.8625E-1 9.99157E-1 9.99756E-1 1E0 9.99534E-1 9.88296E-1 9.78316E-1 9.78108E-1 9.91261E-1 9.98935E-1 9.9984E-1 9.98918E-1 9.98349E-1
-9999 -9999 -9999 -9999 -9999 -9999 -9999 -9999 -9999 -9999 -9999 -9999 -9999 -9999 -9999 -9999 -9999 -9999 -9999 -9999 -9999 1.05411E-1 -9999 -9999 -9999 -9999 -9999 -9999 1E0 9.92712E-1 9.97016E-1 9.98577E-1 9.98747E-1 9.87178E-1 9.9951E-1 9.99781E-1 9.93229E-1 9.97261E-1 9.9915E-1 9.98541E-1 9.99722E-1 9.99934E-1 9.99887E-1 9.99788E-1 9.9995E-1 9.99968E-1 9.9999E-1 9.99998E-1 9.99943E-1 9.9973E-1 9.99959E-1 9.99972E-1 9.9685E-1 9.86432E-1 8.7144E-1 9.0768E-1 9.84793E-1 9.99978E-1 1E0 9.9973E-1 9.99967E-1 9.99996E-1 9.93008E-1 9.99121E-1 9.9611E-1 9.99686E-1 9.96556E-1 9.99373E-1
-9999 -9999 -9999 -9999 -9999 -9999 -9999 -9999 -9999 -9999 -9999 -9999 -9999 -9999 -9999 -9999 -9999 -9999 -9999 -9999 -9999 -9999 -9999 -9999 -9999 -9999 -9999 -9999 -9999 9.86731E-1 9.99646E-1 9.99824E-1 9.99932E-1 9.97999E-1 9.99981E-1 9.99016E-1 9.98816E-1 9.8993E-1 9.98096E-1 9.89634E-1 9.99713E-1 9.9989E-1 9.999E-1 9.99999E-1 9.99786E-1 9.99996E-1 1E0 9.99941E-1 9.99916E-1 9.99898E-1 9.9999E-1 9.99788E-1 9.99472E-1 9.98379E-1 5.9415E-1 8.75248E-1 9.99974E-1 1E0 9.99933E-1 9.99977E-1 9.99944E-1 9.94996E-1 9.80243E-1 9.78481E-1 9.93855E-1 9.84995E-1 9.90618E-1 9.97884E-1
-9999 -9999 -9999 -9999 -9999 -9999 -9999 -9999 -9999 -9999 -9999 -9999 -9999 -9999 -9999 -9999 -9999 -9999 -9999 -9999 -9999 -9999 -9999 -9999 -9999 -9999 -9999 -9999 -9999 9.99712E-1 9.99999E-1 9.99993E-1 1E0 9.9999E-1 9.99934E-1 9.98985E-1 9.99028E-1 9.99079E-1 9.99841E-1 9.99904E-1 9.99935E-1 9.99698E-1 9.99996E-1 9.99728E-1 9.90935E-1 9.99351E-1 9.99877E-1 9.99964E-1 9.9968E-1 9.98421E-1 9.99357E-1 9.99997E-1 9.99993E-1 9.99899E-1 7.91628E-1 9.60391E-1 9.96818E-1 9.93923E-1 9.99831E-1 9.99347E-1 9.98832E-1 9.88979E-1 9.98225E-1 9.92195E-1 9.95968E-1 9.56385E-1 9.88135E-1 9.98851E-1
-9999 -9999 -9999 -9999 -9999 -9999 -9999 -9999 -9999 -9999 -9999 -9999 -9999 -9999 -9999 -9999 -9999 -9999 -9999 -9999 -9999 -9999 -9999 -9999 -9999 -9999 -9999 -9999 -9999 -9999 -9999 1E0 1E0 9.99978E-1 9.99206E-1 9.92164E-1 9.97714E-1 9.99559E-1 1E0 1E0 1E0 9.99998E-1 9.99997E-1 9.99617E-1 9.94169E-1 9.9959E-1 9.97578E-1 9.97049E-1 9.97581E-1 9.99461E-1 9.96241E-1 9.99981E-1 1E0 1E0 7.42181E-1 9.57663E-1 9.82482E-1 9.52166E-1 8.79504E-1 9.97774E-1 1E0 9.99967E-1 9.92748E-1 9.99973E-1 9.89272E-1 9.77822E-1 9.99137E-1 9.9953E-1
-9999 -9999 -9999 -9999 -9999 -9999 -9999 -9999 -9999 -9999 -9999 -9999 -9999 -9999 -9999 -9999 -9999 -9999 -9999 -9999 -9999 -9999 -9999 -9999 -9999 -9999 -9999 -9999 -9999 -9999 -9999 1E0 1E0 9.99986E-1 9.99894E-1 9.81804E-1 9.99867E-1 1E0 9.99977E-1 1E0 1E0 9.99831E-1 9.96194E-1 9.98819E-1 9.99503E-1 9.9997E-1 9.99991E-1 9.99958E-1 9.99985E-1 9.96038E-1 9.99985E-1 9.99972E-1 1E0 9.99997E-1 7.45266E-1 9.33799E-1 9.77852E-1 9.23618E-1 9.99979E-1 9.99997E-1 9.98542E-1 9.99669E-1 9.99999E-1 9.99925E-1 9.96127E-1 1E0 1E0 9.98495E-1
-9999 -9999 -9999 -9999 -9999 -9999 -9999 -9999 -9999 -9999 -9999 -9999 -9999 -9999 -9999 -9999 -9999 -9999 -9999 -9999 -9999 -9999 -9999 -9999 -9999 -9999 -9999 -9999 -9999 -9999 -9999 -9999 9.99709E-1 9.99998E-1 9.99922E-1 9.99116E-1 9.99995E-1 1E0 1E0 1E0 1E0 9.99981E-1 9.99992E-1 9.99762E-1 9.99987E-1 9.99141E-1 9.99986E-1 9.99997E-1 9.99014E-1 9.9951E-1 9.9953E-1 9.99652E-1 1E0 1E0 9.92432E-1 9.68544E-1 9.99832E-1 9.90788E-1 9.99995E-1 9.99997E-1 1E0 9.9995E-1 9.96053E-1 1E0 9.97984E-1 9.83028E-1 9.90267E-1 9.99213E-1
-9999 -9999 -9999 -9999 -9999 -9999 -9999 -9999 -9999 -9999 -9999 -9999 -9999 -9999 -9999 -9999 -9999 -9999 -9999 -9999 -9999 -9999 -9999 -9999 -9999 -9999 -9999 -9999 -9999 -9999 -9999 -9999 9.98563E-1 9.9959E-1 9.99729E-1 9.99994E-1 9.99985E-1 1E0 1E0 1E0 1E0 9.99998E-1 9.99997E-1 1E0 9.99863E-1 9.98115E-1 9.99648E-1 9.99672E-1 9.99975E-1 9.99857E-1 9.97394E-1 9.99805E-1 1E0 9.99996E-1 8.99917E-1 9.92272E-1 9.99727E-1 9.98246E-1 9.99987E-1 9.99863E-1 9.99821E-1 9.99968E-1 1E0 9.97755E-1 9.7419E-1 9.98585E-1 9.9987E-1 9.71653E-1
-9999 -9999 -9999 -9999 -9999 -9999 -9999 -9999 -9999 -9999 -9999 -9999 -9999 -9999 -9999 -9999 -9999 -9999 -9999 -9999 -9999 -9999 -9999 -9999 -9999 -9999 -9999 -9999 -9999 -9999 -9999 -9999 9.99308E-1 9.99932E-1 9.99998E-1 9.99503E-1 9.99516E-1 1E0 1E0 1E0 9.99998E-1 1E0 9.99992E-1 9.99995E-1 9.99975E-1 9.99987E-1 1E0 1E0 9.99827E-1 9.99447E-1 9.98963E-1 9.99877E-1 9.99999E-1 9.99932E-1 9.22332E-1 9.92845E-1 9.92968E-1 9.99637E-1 9.99395E-1 9.99997E-1 1E0 9.85986E-1 9.99992E-1 9.98769E-1 9.8454E-1 9.99988E-1 9.99937E-1 9.99684E-1
-9999 -9999 -9999 -9999 -9999 -9999 -9999 -9999 -9999 -9999 -9999 -9999 -9999 -9999 -9999 -9999 -9999 -9999 -9999 -9999 -9999 -9999 -9999 -9999 -9999 -9999 -9999 -9999 -9999 -9999 -9999 -9999 1E0 9.998E-1 9.99971E-1 9.99991E-1 9.99802E-1 9.9998E-1 9.99993E-1 1E0 1E0 9.99999E-1 9.99931E-1 9.99784E-1 9.99986E-1 1E0 9.99994E-1 9.99635E-1 9.98981E-1 9.99511E-1 9.9942E-1 9.99752E-1 1E0 9.99975E-1 7.3675E-1 7.90911E-1 8.93398E-1 9.94707E-1 9.99512E-1 9.9892E-1 9.89895E-1 9.99957E-1 9.98381E-1 9.99364E-1 9.91587E-1 9.96004E-1 9.949E-1 9.93177E-1
-9999 -9999 -9999 -9999 -9999 -9999 -9999 -9999 -9999 -9999 -9999 -9999 -9999 -9999 -9999 -9999 -9999 -9999 -9999 -9999 -9999 -9999 -9999 -9999 -9999 -9999 -9999 -9999 -9999 -9999 -9999 -9999 1E0 9.9964E-1 9.99008E-1 9.96108E-1 9.91478E-1 9.99992E-1 1E0 1E0 1E0 1E0 1E0 9.9999E-1 9.99897E-1 9.99993E-1 9.99999E-1 9.97776E-1 9.82893E-1 9.89236E-1 9.81142E-1 9.98965E-1 9.99333E-1 9.99506E-1 7.91147E-1 6.67261E-1 9.12705E-1 9.99353E-1 9.77553E-1 9.91998E-1 9.95608E-1 9.99828E-1 9.99997E-1 9.8805E-1 9.87614E-1 9.44872E-1 9.84424E-1 9.32761E-1
-9999 -9999 -9999 -9999 -9999 -9999 -9999 -9999 -9999 -9999 -9999 -9999 -9999 -9999 -9999 -9999 -9999 -9999 -9999 -9999 -9999 -9999 -9999 -9999 -9999 -9999 -9999 -9999 -9999 -9999 -9999 -9999 9.99986E-1 9.95492E-1 9.73556E-1 9.94656E-1 9.95282E-1 9.9997E-1 1E0 9.99512E-1 9.9973E-1 9.99977E-1 1E0 1E0 9.99988E-1 9.99948E-1 1E0 1E0 9.95333E-1 9.97501E-1 9.93693E-1 9.93074E-1 9.9999E-1 9.99951E-1 9.98728E-1 6.90647E-1 8.53457E-1 9.94546E-1 9.64899E-1 9.96742E-1 9.44955E-1 9.99994E-1 9.99919E-1 9.99997E-1 9.99675E-1 9.56987E-1 9.4667E-1 9.99296E-1
-9999 -9999 -9999 -9999 -9999 -9999 -9999 -9999 -9999 -9999 -9999 -9999 -9999 -9999 -9999 -9999 -9999 -9999 -9999 -9999 -9999 -9999 -9999 -9999 -9999 -9999 -9999 -9999 -9999 -9999 -9999 -9999 1E0 9.99875E-1 9.99988E-1 9.99977E-1 9.99884E-1 9.99998E-1 1E0 9.99595E-1 9.99633E-1 9.99973E-1 1E0 9.99999E-1 9.99995E-1 1E0 1E0 1E0 9.99995E-1 9.99088E-1 9.98637E-1 9.95454E-1 1E0 9.99967E-1 9.9589E-1 7.98499E-1 9.65645E-1 9.98761E-1 9.88082E-1 9.99997E-1 9.78316E-1 9.94841E-1 1E0 1E0 9.99757E-1 9.99402E-1 9.85778E-1 9.93103E-1
-9999 -9999 -9999 -9999 -9999 -9999 -9999 -9999 -9999 -9999 -9999 -9999 -9999 -9999 -9999 -9999 -9999 -9999 -9999 -9999 -9999 -9999 -9999 -9999 -9999 -9999 -9999 -9999 -9999 -9999 -9999 -9999 1E0 9.99999E-1 9.99999E-1 9.99999E-1 1E0 9.99997E-1 1E0 9.99975E-1 9.99872E-1 9.99998E-1 1E0 9.997E-1 9.99981E-1 1E0 1E0 1E0 9.9999E-1 9.99998E-1 9.98631E-1 9.944E-1 9.99922E-1 9.99975E-1 9.97686E-1 9.10108E-1 9.18758E-1 9.81981E-1 9.8128E-1 9.57881E-1 9.32354E-1 9.99821E-1 9.99989E-1 9.99991E-1 9.90109E-1 9.99573E-1 9.81894E-1 9.87275E-1
-9999 -9999 -9999 -9999 -9999 -9999 -9999 -9999 -9999 -9999 -9999 -9999 -9999 -9999 -9999 -9999 -9999 -9999 -9999 -9999 -9999 -9999 -9999 -9999 -9999 -9999 -9999 -9999 -9999 -9999 -9999 -9999 9.99668E-1 9.99999E-1 1E0 1E0 9.99992E-1 1E0 1E0 9.99998E-1 9.99211E-1 9.99995E-1 9.9999E-1 9.99983E-1 9.97493E-1 9.99742E-1 9.99478E-1 9.99793E-1 9.9991E-1 9.99978E-1 9.95811E-1 9.91272E-1 9.97868E-1 1E0 9.99968E-1 7.81685E-1 6.56867E-1 7.98912E-1 9.99171E-1 9.9929E-1 9.99404E-1 9.99885E-1 9.94627E-1 9.95548E-1 9.79983E-1 9.93518E-1 9.89575E-1 9.89694E-1
-9999 -9999 -9999 -9999 -9999 -9999 -9999 -9999 -9999 -9999 -9999 -9999 -9999 -9999 -9999 -9999 -9999 -9999 -9999 -9999 -9999 -9999 -9999 -9999 -9999 -9999 -9999 -9999 -9999 -9999 -9999 -9999 9.9463E-1 9.99085E-1 9.99873E-1 9.99979E-1 1E0 1E0 9.99755E-1 9.99974E-1 9.99785E-1 9.99993E-1 9.99999E-1 9.99881E-1 9.74983E-1 9.99938E-1 9.99999E-1 1E0 9.99997E-1 9.99848E-1 9.99149E-1 9.99957E-1 9.99618E-1 9.99763E-1 9.99241E-1 9.98675E-1 6.91422E-1 8.20142E-1 9.79152E-1 9.22287E-1 9.99064E-1 9.99993E-1 9.98093E-1 9.99978E-1 9.8307E-1 9.99995E-1 9.99791E-1 9.9499E-1
-9999 -9999 -9999 -9999 -9999 -9999 -9999 -9999 -9999 -9999 -9999 -9999 -9999 -9999 -9999 -9999 -9999 -9999 -9999 -9999 -9999 -9999 -9999 -9999 -9999 -9999 -9999 -9999 -9999 -9999 -9999 9.98192E-1 9.9976E-1 9.9935E-1 9.99996E-1 9.99939E-1 9.99987E-1 1E0 9.99406E-1 1E0 1E0 9.99999E-1 1E0 9.98773E-1 9.97313E-1 9.81202E-1 9.99999E-1 1E0 1E0 1E0 1E0 9.99963E-1 9.99991E-1 9.99982E-1 9.99985E-1 9.99992E-1 9.42067E-1 9.93524E-1 9.99062E-1 9.55282E-1 9.9912E-1 9.99995E-1 9.9999E-1 9.99754E-1 9.99195E-1 9.99998E-1 9.99949E-1 9.99368E-1
-9999 -9999 -9999 -9999 -9999 -9999 -9999 -9999 -9999 -9999 -9999 -9999 -9999 -9999 -9999 -9999 -9999 -9999 -9999 -9999 -9999 -9999 -9999 -9999 -9999 -9999 -9999 -9999 -9999 -9999 -9999 9.99964E-1 9.99874E-1 9.9998E-1 9.99586E-1 9.99859E-1 9.99998E-1 9.99967E-1 9.99792E-1 9.99996E-1 1E0 9.99998E-1 9.99999E-1 9.99536E-1 9.08015E-1 9.35646E-1 9.93672E-1 9.99952E-1 9.99994E-1 1E0 9.99998E-1 9.99917E-1 9.99841E-1 9.99996E-1 9.99999E-1 9.9999E-1 9.99902E-1 9.2095E-1 8.59967E-1 9.82502E-1 9.99795E-1 9.99368E-1 9.73485E-1 9.56256E-1 9.98061E-1 1E0 9.93368E-1 9.80495E-1
-9999 -9999 -9999 -9999 -9999 -9999 -9999 -9999 -9999 -9999 -9999 -9999 -9999 -9999 -9999 -9999 -9999 -9999 -9999 -9999 -9999 -9999 -9999 -9999 -9999 -9999 -9999 -9999 -9999 -9999 -9999 9.98961E-1 9.99885E-1 9.99964E-1 9.99997E-1 9.98878E-1 9.99978E-1 9.99997E-1 9.99999E-1 9.99151E-1 1E0 9.99914E-1 9.99882E-1 9.92336E-1 9.86275E-1 9.99348E-1 9.99499E-1 9.99974E-1 9.99995E-1 1E0 1E0 9.99889E-1 9.99994E-1 1E0 9.99991E-1 9.99864E-1 1E0 9.35381E-1 9.5689E-1 9.91696E-1 9.99858E-1 9.99762E-1 9.99998E-1 9.94919E-1 9.7095E-1 9.99687E-1 1E0 9.99998E-1
-9999 -9999 -9999 -9999 -9999 -9999 -9999 -9999 -9999 -9999 -9999 -9999 -9999 -9999 -9999 -9999 -9999 -9999 -9999 -9999 -9999 -9999 -9999 -9999 -9999 -9999 -9999 -9999 -9999 -9999 9.98541E-1 9.99751E-1 9.9673E-1 9.9973E-1 9.99999E-1 9.99742E-1 9.99414E-1 9.99981E-1 9.99872E-1 9.99958E-1 9.99998E-1 9.99999E-1 9.99994E-1 9.98876E-1 9.62064E-1 9.79721E-1 9.99983E-1 9.91533E-1 9.99197E-1 9.99997E-1 9.99952E-1 1E0 1E0 9.99999E-1 1E0 1E0 1E0 9.1037E-1 9.66769E-1 9.98149E-1 1E0 9.99516E-1 9.99682E-1 9.99352E-1 9.6211E-1 9.86312E-1 1E0 9.82823E-1
-9999 -9999 -9999 -9999 -9999 -9999 -9999 -9999 -9999 -9999 -9999 -9999 -9999 -9999 -9999 -9999 -9999 -9999 -9999 -9999 -9999 -9999 -9999 -9999 -9999 -9999 -9999 -9999 -9999 -9999 9.9944E-1 9.95194E-1 9.91263E-1 9.98496E-1 9.97921E-1 9.99964E-1 9.9672E-1 9.99425E-1 9.88068E-1 9.99365E-1 9.99978E-1 9.99998E-1 9.97997E-1 9.25184E-1 9.75601E-1 9.66881E-1 9.99853E-1 9.86213E-1 9.99235E-1 9.99992E-1 9.99999E-1 1E0 1E0 9.99992E-1 9.99997E-1 1E0 9.99999E-1 8.96859E-1 9.63195E-1 9.99869E-1 9.98632E-1 9.98879E-1 9.95938E-1 9.90656E-1 8.43403E-1 9.65669E-1 9.88552E-1 9.92564E-1
-9999 -9999 -9999 -9999 -9999 -9999 -9999 -9999 -9999 -9999 -9999 -9999 -9999 -9999 -9999 -9999 -9999 -9999 -9999 -9999 -9999 -9999 -9999 -9999 -9999 -9999 -9999 -9999 -9999 9.9992E-1 9.98166E-1 9.97145E-1 9.99219E-1 9.98556E-1 9.81398E-1 9.99852E-1 9.9987E-1 9.99552E-1 9.99343E-1 9.73723E-1 9.70736E-1 9.46437E-1 9.28883E-1 9.31126E-1 5.20811E-1 7.49999E-1 9.91457E-1 9.99666E-1 9.99969E-1 9.99731E-1 9.99994E-1 1E0 1E0 9.99658E-1 9.99996E-1 9.99988E-1 9.99973E-1 9.96792E-1 1E0 1E0 9.99694E-1 9.97648E-1 8.84084E-1 9.39667E-1 9.73818E-1 9.49105E-1 9.98255E-1 9.83956E-1
-9999 -9999 -9999 -9999 -9999 -9999 -9999 -9999 -9999 -9999 -9999 -9999 -9999 -9999 -9999 -9999 -9999 -9999 -9999 -9999 -9999 -9999 -9999 -9999 -9999 -9999 -9999 -9999 -9999 9.99427E-1 9.98762E-1 9.89599E-1 9.9345E-1 9.92456E-1 9.99617E-1 9.93863E-1 9.43911E-1 9.93595E-1 9.84272E-1 9.87079E-1 9.55103E-1 9.8165E-1 8.83183E-1 7.62564E-1 9.34809E-1 7.94878E-1 9.76121E-1 9.99478E-1 9.99742E-1 9.97949E-1 9.99875E-1 9.99964E-1 9.99988E-1 9.99974E-1 1E0 9.98494E-1 9.99999E-1 9.92604E-1 9.99999E-1 9.99978E-1 9.99766E-1 9.85838E-1 9.99866E-1 9.99915E-1 9.74734E-1 9.54044E-1 9.99503E-1 9.69575E-1
