ENM/Final_Models/M_1_F_q_Set_1_E/Gustavia_santanderiensis_1_Choco.asc
ncols         367
nrows         963
xllcorner     -78.6
yllcorner     0.65
cellsize      0.00833333333333323
NODATA_value  -9999
[rows 510 to 543 of 963, columns 228 to 303 of 367]
1E0 1E0 1E0 1E0 1E0 1E0 1E0 1E0 1E0 1E0 1E0 1E0 1E0 9.96182E-1 7.07302E-1 8.70273E-1 9.99283E-1 1E0 1E0 9.97044E-1 8.50467E-1 1.47661E-1 2.05832E-1 6.30651E-2 1.49869E-2 1.19874E-1 7.37889E-2 1.63316E-1 4.30488E-1 3.71898E-1 1.48806E-1 1.17543E-2 7.12666E-3 2.27029E-2 3.65111E-2 1.25761E-1 2.05783E-1 5.48803E-2 9.9001E-2 4.47372E-2 3.06721E-3 3.42446E-3 2.22181E-3 7.56263E-3 1.34385E-2 6.403E-3 -9999 -9999 -9999 -9999 -9999 -9999 -9999 -9999 -9999 -9999 -9999 -9999 -9999 -9999 -9999 -9999 -9999 -9999 -9999 -9999 -9999 -9999 -9999 -9999 -9999 -9999 -9999 -9999 -9999 -9999
1E0 1E0 1E0 1E0 1E0 1E0 1E0 1E0 1E0 1E0 1E0 1E0 1E0 9.96935E-1 5.93667E-1 9.49612E-1 1E0 1E0 1E0 9.97724E-1 2.42334E-1 4.08085E-1 1.58863E-1 4.99683E-2 2.65339E-1 2.40977E-1 3.50562E-1 3.45636E-1 1.26284E-2 1.01632E-2 1.71582E-1 8.88976E-2 5.68966E-2 3.04082E-2 1.50666E-1 1.51709E-1 8.95052E-2 4.29472E-2 3.07073E-2 2.12133E-2 4.19065E-3 7.95703E-3 3.11815E-3 5.75019E-3 1.50453E-2 -9999 -9999 -9999 -9999 -9999 -9999 -9999 -9999 -9999 -9999 -9999 -9999 -9999 -9999 -9999 -9999 -9999 -9999 -9999 -9999 -9999 -9999 -9999 -9999 -9999 -9999 -9999 -9999 -9999 -9999 -9999
1E0 1E0 1E0 1E0 1E0 1E0 1E0 1E0 1E0 1E0 1E0 1E0 9.99888E-1 8.59529E-1 5.7569E-1 9.78292E-1 1E0 1E0 9.99957E-1 4.84027E-1 4.58895E-1 6.77833E-1 6.47996E-1 1.79426E-1 6.77861E-2 7.49646E-2 1.21106E-1 1.8462E-2 9.10852E-3 7.42284E-2 6.16189E-1 9.67975E-1 8.1067E-1 2.23977E-1 1.60827E-1 4.01408E-1 7.94607E-2 2.97307E-3 4.75939E-3 9.36223E-3 4.0543E-3 2.35483E-2 1.72714E-2 6.68946E-3 9.00287E-3 -9999 -9999 -9999 -9999 -9999 -9999 -9999 -9999 -9999 -9999 -9999 -9999 -9999 -9999 -9999 -9999 -9999 -9999 -9999 -9999 -9999 -9999 -9999 -9999 -9999 -9999 -9999 -9999 -9999 -9999 -9999
1E0 1E0 1E0 1E0 1E0 1E0 1E0 1E0 1E0 1E0 1E0 1E0 9.99988E-1 9.63547E-1 9.1417E-1 9.99355E-1 1E0 9.99998E-1 9.21576E-1 5.88255E-1 6.28329E-1 4.74848E-1 1.61822E-2 7.5572E-2 1.97168E-2 4.70422E-2 9.65589E-2 1.12955E-1 4.73193E-2 5.28362E-1 9.24897E-2 3.84685E-1 4.45399E-1 1.88717E-1 1.25752E-1 5.11569E-2 1.40747E-2 1.27517E-2 2.85931E-3 4.22257E-3 1.23208E-2 1.36135E-2 1.85864E-2 1.19588E-2 2.62396E-2 -9999 -9999 -9999 -9999 -9999 -9999 -9999 -9999 -9999 -9999 -9999 -9999 -9999 -9999 -9999 -9999 -9999 -9999 -9999 -9999 -9999 -9999 -9999 -9999 -9999 -9999 -9999 -9999 -9999 -9999 -9999
1E0 1E0 1E0 1E0 1E0 1E0 1E0 1E0 1E0 1E0 1E0 1E0 9.99907E-1 9.99999E-1 9.99929E-1 9.69511E-1 5.10093E-1 8.56442E-1 7.50199E-1 6.93979E-1 6.63894E-1 3.05928E-1 1.55204E-2 2.19625E-1 1.72978E-1 4.76416E-1 5.35505E-1 2.12506E-1 3.70412E-1 8.89267E-1 1.59832E-1 9.98172E-2 1.03163E-1 4.99345E-2 2.86195E-2 1.36361E-2 1.39293E-2 1.55289E-2 2.11419E-3 6.60021E-3 5.34443E-3 2.98227E-2 1.05081E-2 1.18007E-2 3.15235E-2 -9999 -9999 -9999 -9999 -9999 -9999 -9999 -9999 -9999 -9999 -9999 -9999 -9999 -9999 -9999 -9999 -9999 -9999 -9999 -9999 -9999 -9999 -9999 -9999 -9999 -9999 -9999 -9999 -9999 -9999 -9999
1E0 1E0 1E0 1E0 1E0 1E0 1E0 1E0 1E0 1E0 1E0 1E0 9.99994E-1 9.99834E-1 9.9166E-1 2.71481E-1 1.1818E-1 1.98655E-1 2.05284E-1 5.19674E-1 4.74457E-1 7.24925E-2 4.14323E-2 9.02614E-1 5.13894E-1 1.93967E-1 8.55211E-1 9.24357E-1 3.43872E-1 3.42461E-1 2.51287E-1 1.23611E-1 5.12985E-2 6.24788E-3 6.03534E-3 2.63134E-3 2.44454E-3 7.65847E-3 6.43205E-3 9.25896E-3 1.57381E-2 1.78248E-2 3.45173E-3 1.64862E-2 1.21549E-2 -9999 -9999 -9999 -9999 -9999 -9999 -9999 -9999 -9999 -9999 -9999 -9999 -9999 -9999 -9999 -9999 -9999 -9999 -9999 -9999 -9999 -9999 -9999 -9999 -9999 -9999 -9999 -9999 -9999 -9999 -9999
1E0 1E0 1E0 1E0 1E0 1E0 1E0 1E0 1E0 1E0 1E0 1E0 1E0 1E0 9.87615E-1 9.08958E-1 4.09869E-1 6.7046E-1 9.80166E-1 7.24411E-1 6.67453E-1 4.36579E-1 6.67224E-1 9.96631E-1 5.11677E-1 7.45196E-2 1.55039E-1 9.75769E-2 8.85988E-2 5.09242E-2 5.89766E-2 7.54993E-3 3.55989E-3 1.38862E-2 8.79228E-3 5.00571E-3 9.98264E-3 5.5112E-3 6.66658E-3 7.61797E-3 9.90746E-3 3.20351E-2 1.23459E-2 4.57585E-3 2.25607E-3 -9999 -9999 -9999 -9999 -9999 -9999 -9999 -9999 -9999 -9999 -9999 -9999 -9999 -9999 -9999 -9999 -9999 -9999 -9999 -9999 -9999 -9999 -9999 -9999 -9999 -9999 -9999 -9999 -9999 -9999 -9999
1E0 1E0 1E0 1E0 1E0 1E0 1E0 1E0 1E0 1E0 1E0 1E0 1E0 1E0 1E0 1E0 9.9995E-1 9.67137E-1 9.03784E-1 9.92152E-1 9.99997E-1 1E0 9.96278E-1 6.8442E-1 3.38795E-1 2.03454E-1 4.31468E-1 4.69328E-1 4.75095E-1 3.81726E-1 1.06391E-1 6.50371E-3 5.94496E-3 2.67454E-2 2.63909E-2 3.9553E-3 1.05303E-2 6.36456E-3 1.36164E-2 2.68982E-2 2.21563E-2 2.26667E-2 1.02662E-2 3.26667E-3 1.73032E-2 -9999 -9999 -9999 -9999 -9999 -9999 -9999 -9999 -9999 -9999 -9999 -9999 -9999 -9999 -9999 -9999 -9999 -9999 -9999 -9999 -9999 -9999 -9999 -9999 -9999 -9999 -9999 -9999 -9999 -9999 -9999
1E0 1E0 1E0 1E0 1E0 1E0 1E0 1E0 1E0 1E0 1E0 1E0 1E0 1E0 9.99997E-1 8.79317E-1 9.42355E-1 4.55079E-1 2.72783E-1 6.23378E-1 9.71508E-1 9.9853E-1 9.99071E-1 9.29021E-1 5.2664E-1 1.24229E-2 3.79697E-2 1.49001E-1 2.91411E-1 8.43717E-2 2.57147E-2 1.87057E-2 2.19448E-2 2.74321E-2 1.28236E-2 2.07372E-3 5.90563E-2 4.00835E-2 5.24918E-3 7.34786E-3 1.65533E-2 2.29071E-2 1.99959E-2 8.06108E-2 2.70794E-2 2.25544E-2 -9999 -9999 -9999 -9999 -9999 -9999 -9999 -9999 -9999 -9999 -9999 -9999 -9999 -9999 -9999 -9999 -9999 -9999 -9999 -9999 -9999 -9999 -9999 -9999 -9999 -9999 -9999 -9999 -9999 -9999
1E0 1E0 1E0 1E0 1E0 1E0 1E0 1E0 1E0 1E0 1E0 1E0 1E0 1E0 9.98207E-1 1.47776E-1 7.62804E-2 7.9293E-2 2.57317E-2 8.21121E-2 1.44408E-1 4.97781E-1 9.89978E-1 9.98044E-1 7.41487E-1 1.32874E-1 1.06871E-1 8.79182E-2 1.01076E-1 1.43691E-2 9.6916E-3 2.69257E-2 2.9809E-2 1.87417E-2 5.03438E-3 3.33504E-2 2.12689E-2 1.24508E-2 2.56488E-2 1.78873E-2 1.77195E-2 1.80344E-2 1.53564E-1 7.9382E-3 9.65465E-4 1.06287E-3 -9999 -9999 -9999 -9999 -9999 -9999 -9999 -9999 -9999 -9999 -9999 -9999 -9999 -9999 -9999 -9999 -9999 -9999 -9999 -9999 -9999 -9999 -9999 -9999 -9999 -9999 -9999 -9999 -9999 -9999
1E0 1E0 1E0 1E0 1E0 1E0 1E0 1E0 1E0 1E0 1E0 1E0 1E0 9.99997E-1 9.58171E-1 1.07289E-1 3.66791E-2 2.13746E-2 2.25042E-2 3.40267E-2 1.05619E-1 4.85589E-1 9.90413E-1 9.99271E-1 9.0368E-1 5.97601E-1 4.4101E-1 9.38059E-2 1.17575E-1 3.85815E-2 3.03854E-2 2.79229E-2 6.92503E-3 2.23462E-2 4.16436E-2 5.3866E-2 2.60941E-3 4.66855E-3 7.55366E-3 5.28565E-3 1.71067E-2 1.31545E-2 5.75993E-2 2.6487E-2 1.17802E-2 8.12323E-3 1.55371E-2 -9999 -9999 -9999 -9999 -9999 -9999 -9999 -9999 -9999 -9999 -9999 -9999 -9999 -9999 -9999 -9999 -9999 -9999 -9999 -9999 -9999 -9999 -9999 -9999 -9999 -9999 -9999 -9999 -9999
1E0 1E0 1E0 1E0 1E0 1E0 1E0 1E0 1E0 1E0 1E0 1E0 1E0 1E0 1E0 7.62514E-1 3.19876E-1 4.43837E-2 9.13726E-2 3.1852E-2 5.18902E-2 1.64858E-1 9.48195E-1 9.3779E-1 8.25905E-1 3.02132E-1 2.44401E-1 4.49745E-1 2.33049E-1 2.45188E-1 2.676E-2 1.2029E-2 1.27089E-2 2.74007E-2 3.53453E-2 5.4348E-3 2.71669E-3 9.02935E-3 4.41497E-3 1.38847E-2 2.66872E-2 1.22687E-2 2.21519E-2 6.13241E-3 1.11962E-2 1.09042E-2 2.18784E-3 -9999 -9999 -9999 -9999 -9999 -9999 -9999 -9999 -9999 -9999 -9999 -9999 -9999 -9999 -9999 -9999 -9999 -9999 -9999 -9999 -9999 -9999 -9999 -9999 -9999 -9999 -9999 -9999 -9999
1E0 1E0 1E0 1E0 1E0 1E0 1E0 1E0 1E0 1E0 1E0 1E0 1E0 1E0 9.9977E-1 9.9982E-1 9.62002E-1 3.26937E-1 2.46327E-1 1.25853E-1 7.99231E-2 3.70119E-1 6.9817E-1 3.58218E-1 7.12548E-1 3.03344E-1 1.34113E-1 3.2784E-1 3.66534E-2 4.64869E-2 1.01358E-2 5.22026E-2 5.96202E-2 3.61757E-2 2.47281E-2 1.41175E-2 8.96835E-3 5.53763E-4 1.5822E-2 7.96774E-3 4.52823E-3 8.59918E-3 4.44196E-3 1.99734E-3 2.18185E-3 9.10165E-4 2.18581E-3 -9999 -9999 -9999 -9999 -9999 -9999 -9999 -9999 -9999 -9999 -9999 -9999 -9999 -9999 -9999 -9999 -9999 -9999 -9999 -9999 -9999 -9999 -9999 -9999 -9999 -9999 -9999 -9999 -9999
1E0 1E0 1E0 1E0 1E0 1E0 1E0 1E0 1E0 1E0 1E0 1E0 1E0 1E0 9.99133E-1 1E0 9.9954E-1 9.13683E-1 7.33E-1 2.00412E-1 1.96598E-1 1.92117E-1 4.91994E-1 3.01634E-1 2.81022E-1 8.93215E-2 2.95467E-2 9.20389E-2 4.67277E-2 8.76028E-3 1.06895E-2 1.93621E-2 8.98226E-3 8.01867E-3 4.29081E-3 1.37922E-3 5.4114E-3 7.71079E-4 1.42228E-2 1.4488E-2 2.45845E-2 4.59617E-3 4.20463E-4 1.90463E-3 2.51176E-3 1.19106E-2 8.47899E-3 -9999 -9999 -9999 -9999 -9999 -9999 -9999 -9999 -9999 -9999 -9999 -9999 -9999 -9999 -9999 -9999 -9999 -9999 -9999 -9999 -9999 -9999 -9999 -9999 -9999 -9999 -9999 -9999 -9999
1E0 1E0 1E0 1E0 9.99996E-1 1E0 1E0 1E0 1E0 1E0 1E0 1E0 1E0 1E0 1E0 1E0 9.97957E-1 8.94389E-1 3.43414E-1 2.85509E-1 7.76667E-2 3.4836E-1 2.86352E-1 4.34971E-2 4.49074E-2 2.01914E-2 2.71184E-2 1.57379E-2 2.33561E-2 3.28246E-2 1.38122E-2 8.01198E-3 1.12002E-2 8.29191E-3 1.39796E-3 9.38198E-4 2.02552E-3 4.31719E-3 1.48791E-3 2.19381E-3 3.78084E-3 1.69498E-3 8.21965E-3 8.25338E-3 1.58736E-3 7.21224E-4 1.02463E-3 5.15837E-3 -9999 -9999 -9999 -9999 -9999 -9999 -9999 -9999 -9999 -9999 -9999 -9999 -9999 -9999 -9999 -9999 -9999 -9999 -9999 -9999 -9999 -9999 -9999 -9999 -9999 -9999 -9999 -9999
1E0 1E0 1E0 1E0 1E0 1E0 1E0 1E0 1E0 1E0 1E0 1E0 1E0 1E0 1E0 1E0 9.99502E-1 9.50191E-1 2.87758E-1 5.21418E-3 1.9372E-2 3.3446E-2 3.34155E-2 4.77263E-2 3.80043E-2 2.13686E-2 2.39639E-2 2.62266E-2 2.40456E-2 2.03827E-2 1.53503E-2 2.83913E-3 9.21389E-3 1.77058E-2 4.42696E-4 2.90026E-4 2.28882E-3 6.45899E-3 3.13145E-3 3.71103E-3 4.19151E-3 2.51584E-3 6.52815E-3 2.29441E-3 3.09421E-3 2.72529E-3 3.07796E-3 1.62267E-2 -9999 -9999 -9999 -9999 -9999 -9999 -9999 -9999 -9999 -9999 -9999 -9999 -9999 -9999 -9999 -9999 -9999 -9999 -9999 -9999 -9999 -9999 -9999 -9999 -9999 -9999 -9999 -9999
1E0 1E0 1E0 1E0 1E0 1E0 1E0 1E0 1E0 1E0 1E0 1E0 1E0 1E0 9.99926E-1 1E0 9.93989E-1 9.98642E-1 5.68347E-1 1.01589E-2 1.49982E-2 6.81509E-3 4.71313E-2 1.38172E-1 1.44068E-2 1.0639E-2 6.3776E-3 5.98701E-3 3.9587E-3 1.65151E-2 8.42241E-3 4.45171E-3 8.93971E-3 1.08101E-2 2.51906E-4 2.91453E-4 4.32463E-3 1.28484E-2 1.45393E-3 2.17222E-3 3.1065E-3 1.81143E-3 1.43524E-2 9.61466E-4 3.59155E-3 8.02877E-3 9.62858E-3 1.35867E-2 -9999 -9999 -9999 -9999 -9999 -9999 -9999 -9999 -9999 -9999 -9999 -9999 -9999 -9999 -9999 -9999 -9999 -9999 -9999 -9999 -9999 -9999 -9999 -9999 -9999 -9999 -9999 -9999
1E0 1E0 1E0 1E0 1E0 1E0 1E0 1E0 1E0 1E0 1E0 1E0 1E0 1E0 9.99959E-1 9.9921E-1 3.92797E-1 1.73232E-1 3.60871E-1 3.98646E-2 1.8E-2 1.44517E-3 3.9568E-2 2.07667E-2 1.14231E-2 1.42856E-2 1.7436E-2 6.49261E-3 2.25377E-3 2.21018E-3 1.37414E-3 2.52688E-3 3.33845E-4 1.64466E-4 7.22505E-4 2.53708E-3 5.27637E-3 6.77861E-3 1.06112E-3 1.08033E-3 1.11693E-3 5.4881E-3 6.16739E-3 2.25997E-3 3.59705E-3 6.07409E-3 5.24178E-3 -9999 -9999 -9999 -9999 -9999 -9999 -9999 -9999 -9999 -9999 -9999 -9999 -9999 -9999 -9999 -9999 -9999 -9999 -9999 -9999 -9999 -9999 -9999 -9999 -9999 -9999 -9999 -9999 -9999
1E0 1E0 1E0 1E0 1E0 1E0 1E0 1E0 1E0 1E0 1E0 1E0 1E0 1E0 1E0 9.99969E-1 9.92907E-1 9.63619E-1 7.8503E-1 2.97745E-1 4.77227E-2 2.67713E-2 7.90184E-3 3.43479E-3 1.27302E-2 2.6673E-3 8.59244E-3 1.02696E-2 1.78168E-3 2.34445E-4 3.96854E-4 1.45391E-4 4.34333E-5 6.76781E-5 1.30947E-3 2.60275E-3 3.34261E-3 3.35355E-3 4.54944E-3 4.8037E-3 6.45107E-3 2.96676E-3 2.46803E-3 1.07858E-3 5.30659E-3 1.13592E-2 -9999 -9999 -9999 -9999 -9999 -9999 -9999 -9999 -9999 -9999 -9999 -9999 -9999 -9999 -9999 -9999 -9999 -9999 -9999 -9999 -9999 -9999 -9999 -9999 -9999 -9999 -9999 -9999 -9999 -9999
1E0 1E0 1E0 1E0 1E0 1E0 1E0 1E0 1E0 1E0 1E0 1E0 1E0 1E0 9.9997E-1 7.83131E-1 8.03261E-2 4.5649E-2 9.63207E-2 8.39826E-2 7.02207E-2 2.38636E-2 9.24799E-3 1.70858E-3 4.8787E-3 1.43431E-3 4.325E-4 2.57827E-3 8.64285E-4 7.33715E-5 1.37644E-4 1.32634E-4 3.76439E-4 4.12735E-4 1.17187E-3 2.81175E-3 1.47543E-3 2.85402E-3 1.28245E-3 4.38294E-3 3.23839E-3 4.92274E-3 1.79642E-3 2.1473E-3 -9999 -9999 -9999 -9999 -9999 -9999 -9999 -9999 -9999 -9999 -9999 -9999 -9999 -9999 -9999 -9999 -9999 -9999 -9999 -9999 -9999 -9999 -9999 -9999 -9999 -9999 -9999 -9999 -9999 -9999 -9999 -9999
1E0 1E0 1E0 1E0 1E0 1E0 1E0 1E0 9.99985E-1 1E0 9.99997E-1 9.99962E-1 1E0 1E0 9.99973E-1 9.98151E-1 7.8592E-1 4.77693E-1 9.45873E-2 2.88231E-2 7.99197E-2 1.07944E-2 2.9826E-3 5.89591E-4 1.73489E-3 2.29018E-3 8.43166E-4 1.35958E-3 4.08174E-4 5.70463E-6 8.30537E-6 3.21639E-5 7.98505E-5 7.60479E-5 8.72786E-4 3.7413E-3 3.9125E-3 1.7519E-3 2.39062E-3 4.28811E-3 1.72223E-3 2.29219E-3 3.9242E-3 -9999 -9999 -9999 -9999 -9999 -9999 -9999 -9999 -9999 -9999 -9999 -9999 -9999 -9999 -9999 -9999 -9999 -9999 -9999 -9999 -9999 -9999 -9999 -9999 -9999 -9999 -9999 -9999 -9999 -9999 -9999 -9999 -9999
1E0 1E0 1E0 1E0 1E0 1E0 1E0 1E0 1E0 1E0 9.98307E-1 9.99982E-1 1E0 9.64438E-1 9.36136E-1 3.60546E-1 2.64919E-1 8.0132E-2 8.6039E-2 4.44611E-2 6.1155E-2 3.75079E-2 6.03463E-3 4.98186E-3 1.45769E-4 5.82745E-6 1.03557E-4 3.06843E-4 2.74858E-5 5.3819E-6 1.74235E-4 1.03311E-4 7.26396E-5 9.74846E-5 5.67498E-4 5.52587E-4 5.65779E-3 4.02224E-3 7.22161E-3 1.84284E-3 1.07186E-3 1.63593E-3 -9999 -9999 -9999 -9999 -9999 -9999 -9999 -9999 -9999 -9999 -9999 -9999 -9999 -9999 -9999 -9999 -9999 -9999 -9999 -9999 -9999 -9999 -9999 -9999 -9999 -9999 -9999 -9999 -9999 -9999 -9999 -9999 -9999 -9999
1E0 1E0 1E0 1E0 1E0 1E0 1E0 1E0 1E0 9.99992E-1 1E0 9.99999E-1 1E0 9.69519E-1 6.61809E-1 2.42303E-1 2.80322E-1 3.05781E-2 7.25601E-2 3.94876E-2 2.06527E-3 4.74014E-3 1.23493E-2 3.78735E-3 1.52043E-5 3.39281E-5 1.4976E-6 3.50218E-6 2.6732E-6 2.19652E-6 5.57231E-5 2.11337E-4 2.27719E-4 4.51021E-4 1.0818E-3 1.18653E-3 1.48562E-3 5.04592E-3 7.17052E-3 1.2031E-3 2.92176E-3 -9999 -9999 -9999 -9999 -9999 -9999 -9999 -9999 -9999 -9999 -9999 -9999 -9999 -9999 -9999 -9999 -9999 -9999 -9999 -9999 -9999 -9999 -9999 -9999 -9999 -9999 -9999 -9999 -9999 -9999 -9999 -9999 -9999 -9999 -9999
1E0 1E0 1E0 1E0 1E0 1E0 1E0 1E0 1E0 9.99901E-1 1E0 9.99995E-1 1E0 9.99865E-1 8.25335E-1 2.54258E-1 5.95074E-1 6.1571E-2 2.98306E-2 5.12815E-2 3.05875E-3 1.70008E-3 9.79484E-3 8.52138E-3 2.73212E-5 6.23409E-5 9.58285E-5 7.48055E-5 8.41325E-5 1.30507E-6 1.36969E-4 3.32009E-4 2.03135E-4 1.68846E-3 1.33405E-3 1.93685E-3 4.05855E-3 1.01636E-2 9.29813E-3 2.54881E-3 -9999 -9999 -9999 -9999 -9999 -9999 -9999 -9999 -9999 -9999 -9999 -9999 -9999 -9999 -9999 -9999 -9999 -9999 -9999 -9999 -9999 -9999 -9999 -9999 -9999 -9999 -9999 -9999 -9999 -9999 -9999 -9999 -9999 -9999 -9999 -9999
1E0 1E0 1E0 1E0 1E0 1E0 1E0 1E0 9.99993E-1 9.97102E-1 1E0 1E0 1E0 9.99993E-1 7.32382E-1 4.78281E-1 8.3734E-2 4.14466E-2 2.29216E-2 5.54532E-3 7.34429E-4 2.24429E-3 2.2506E-4 2.20397E-5 2.21073E-4 2.6063E-4 3.30442E-4 2.25324E-4 1.22076E-4 2.42921E-5 3.10414E-4 2.72789E-4 3.21046E-4 6.37654E-4 1.65631E-3 3.4695E-3 1.06142E-2 1.27459E-2 5.43483E-3 -9999 -9999 -9999 -9999 -9999 -9999 -9999 -9999 -9999 -9999 -9999 -9999 -9999 -9999 -9999 -9999 -9999 -9999 -9999 -9999 -9999 -9999 -9999 -9999 -9999 -9999 -9999 -9999 -9999 -9999 -9999 -9999 -9999 -9999 -9999 -9999 -9999
1E0 1E0 1E0 1E0 1E0 1E0 1E0 1E0 9.99997E-1 8.88923E-1 1E0 9.8291E-1 6.46598E-1 4.17662E-1 1.73681E-1 7.16824E-2 1.65471E-1 7.49346E-2 2.18688E-2 4.81428E-3 6.80483E-4 1.35045E-4 9.40234E-5 2.92972E-4 4.0064E-4 5.22458E-4 8.50233E-4 2.82775E-4 1.92699E-4 1.00094E-5 7.49776E-5 2.04042E-4 2.30073E-4 1.0345E-3 3.85354E-3 1.63479E-3 6.45654E-3 -9999 -9999 -9999 -9999 -9999 -9999 -9999 -9999 -9999 -9999 -9999 -9999 -9999 -9999 -9999 -9999 -9999 -9999 -9999 -9999 -9999 -9999 -9999 -9999 -9999 -9999 -9999 -9999 -9999 -9999 -9999 -9999 -9999 -9999 -9999 -9999 -9999 -9999 -9999
9.99999E-1 1E0 1E0 1E0 1E0 1E0 1E0 9.99985E-1 9.99792E-1 9.96856E-1 9.84808E-1 3.12661E-1 9.53798E-1 4.09448E-1 1.16092E-1 4.16548E-2 5.4486E-2 2.97944E-2 8.23331E-3 5.19793E-4 2.50397E-3 8.20253E-4 4.77862E-5 2.35509E-4 1.5161E-3 6.98086E-4 7.21092E-4 3.54851E-4 9.13825E-5 2.73787E-5 1.05334E-4 1.47082E-4 1.36148E-4 1.09305E-3 2.57886E-3 1.38415E-3 -9999 -9999 -9999 -9999 -9999 -9999 -9999 -9999 -9999 -9999 -9999 -9999 -9999 -9999 -9999 -9999 -9999 -9999 -9999 -9999 -9999 -9999 -9999 -9999 -9999 -9999 -9999 -9999 -9999 -9999 -9999 -9999 -9999 -9999 -9999 -9999 -9999 -9999 -9999 -9999
1E0 1E0 1E0 1E0 9.99882E-1 9.99888E-1 9.99901E-1 9.99995E-1 1E0 9.99998E-1 9.99997E-1 9.99724E-1 9.72535E-1 7.61613E-1 3.88785E-1 3.64757E-1 3.24213E-1 5.26185E-2 4.04885E-3 1.14616E-2 5.30562E-3 5.11095E-3 9.54171E-4 2.45688E-4 1.24877E-3 2.50711E-3 1.13334E-3 4.21113E-4 7.28318E-5 8.98787E-5 1.56015E-5 2.20727E-4 4.63336E-4 6.18013E-4 2.42232E-3 -9999 -9999 -9999 -9999 -9999 -9999 -9999 -9999 -9999 -9999 -9999 -9999 -9999 -9999 -9999 -9999 -9999 -9999 -9999 -9999 -9999 -9999 -9999 -9999 -9999 -9999 -9999 -9999 -9999 -9999 -9999 -9999 -9999 -9999 -9999 -9999 -9999 -9999 -9999 -9999 -9999
1E0 1E0 9.99443E-1 9.99044E-1 9.98242E-1 9.3975E-1 9.90296E-1 9.99986E-1 9.99049E-1 9.99944E-1 9.9494E-1 7.80537E-1 8.91228E-1 9.77197E-1 9.71003E-1 9.67895E-1 7.01178E-1 3.02924E-1 3.48333E-2 1.15445E-2 3.8218E-3 2.38055E-3 2.28269E-3 6.0755E-4 1.52963E-3 1.02965E-2 1.40908E-3 9.93144E-4 5.68071E-4 1.74907E-4 8.54548E-6 1.15478E-4 3.52451E-4 3.34075E-4 -9999 -9999 -9999 -9999 -9999 -9999 -9999 -9999 -9999 -9999 -9999 -9999 -9999 -9999 -9999 -9999 -9999 -9999 -9999 -9999 -9999 -9999 -9999 -9999 -9999 -9999 -9999 -9999 -9999 -9999 -9999 -9999 -9999 -9999 -9999 -9999 -9999 -9999 -9999 -9999 -9999 -9999
1E0 1E0 1E0 1E0 1E0 1E0 9.65977E-1 9.99903E-1 8.59098E-1 9.93296E-1 9.08642E-1 3.09735E-1 3.34393E-1 8.90805E-1 5.13258E-1 1.91167E-1 4.2729E-2 1.06876E-1 1.90808E-1 8.80395E-2 6.01751E-3 5.45572E-3 4.74333E-3 4.78827E-3 6.78549E-3 5.72802E-3 6.90152E-4 8.66511E-4 5.28236E-4 2.95969E-4 2.97026E-5 -9999 -9999 -9999 -9999 -9999 -9999 -9999 -9999 -9999 -9999 -9999 -9999 -9999 -9999 -9999 -9999 -9999 -9999 -9999 -9999 -9999 -9999 -9999 -9999 -9999 -9999 -9999 -9999 -9999 -9999 -9999 -9999 -9999 -9999 -9999 -9999 -9999 -9999 -9999 -9999 -9999 -9999 -9999 -9999 -9999
1E0 1E0 1E0 1E0 1E0 1E0 9.99998E-1 9.99989E-1 7.47973E-1 4.74441E-1 4.58969E-1 2.76563E-1 9.06686E-2 4.45184E-1 1.54147E-1 3.88192E-3 4.24578E-2 3.58086E-2 2.42396E-2 1.84445E-2 3.83406E-2 2.24125E-2 1.14512E-2 3.5938E-3 2.23483E-3 2.21416E-3 1.70107E-3 1.55786E-3 1.28859E-3 2.9214E-4 -9999 -9999 -9999 -9999 -9999 -9999 -9999 -9999 -9999 -9999 -9999 -9999 -9999 -9999 -9999 -9999 -9999 -9999 -9999 -9999 -9999 -9999 -9999 -9999 -9999 -9999 -9999 -9999 -9999 -9999 -9999 -9999 -9999 -9999 -9999 -9999 -9999 -9999 -9999 -9999 -9999 -9999 -9999 -9999 -9999 -9999
1E0 1E0 1E0 1E0 1E0 1E0 1E0 9.56542E-1 3.72234E-1 2.17551E-1 8.26024E-2 2.71315E-1 1.1391E-1 5.35735E-2 3.55451E-2 4.31385E-3 9.34513E-3 1.68878E-2 2.71036E-2 1.18864E-2 2.48779E-3 2.20266E-3 6.7178E-3 1.50298E-3 1.05749E-3 1.30561E-3 4.1032E-3 2.0055E-3 4.98291E-4 -9999 -9999 -9999 -9999 -9999 -9999 -9999 -9999 -9999 -9999 -9999 -9999 -9999 -9999 -9999 -9999 -9999 -9999 -9999 -9999 -9999 -9999 -9999 -9999 -9999 -9999 -9999 -9999 -9999 -9999 -9999 -9999 -9999 -9999 -9999 -9999 -9999 -9999 -9999 -9999 -9999 -9999 -9999 -9999 -9999 -9999 -9999
1E0 1E0 1E0 9.99993E-1 1E0 1E0 1E0 9.87813E-1 6.12882E-1 2.19433E-1 5.82557E-2 2.84821E-2 4.90117E-2 6.00029E-2 4.04057E-2 2.03367E-2 7.43306E-3 3.32967E-2 2.1064E-2 2.12236E-2 8.5649E-4 2.45449E-4 6.45256E-5 3.29058E-4 1.10111E-3 6.97136E-4 1.08611E-3 1.62022E-3 -9999 -9999 -9999 -9999 -9999 -9999 -9999 -9999 -9999 -9999 -9999 -9999 -9999 -9999 -9999 -9999 -9999 -9999 -9999 -9999 -9999 -9999 -9999 -9999 -9999 -9999 -9999 -9999 -9999 -9999 -9999 -9999 -9999 -9999 -9999 -9999 -9999 -9999 -9999 -9999 -9999 -9999 -9999 -9999 -9999 -9999 -9999 -9999
1E0 1E0 1E0 9.99999E-1 9.8218E-1 9.98855E-1 9.41535E-1 9.15522E-1 3.34164E-1 1.85204E-1 7.53449E-2 1.09736E-2 6.82742E-3 1.0402E-2 1.84418E-2 1.59596E-2 5.61935E-3 8.49651E-3 1.91806E-2 2.28604E-2 2.74497E-3 6.5493E-4 5.38193E-5 2.91636E-5 8.53268E-5 3.87062E-4 1.12252E-3 -9999 -9999 -9999 -9999 -9999 -9999 -9999 -9999 -9999 -9999 -9999 -9999 -9999 -9999 -9999 -9999 -9999 -9999 -9999 -9999 -9999 -9999 -9999 -9999 -9999 -9999 -9999 -9999 -9999 -9999 -9999 -9999 -9999 -9999 -9999 -9999 -9999 -9999 -9999 -9999 -9999 -9999 -9999 -9999 -9999 -9999 -9999 -9999 -9999
