ENM/Final_Models/M_1_F_q_Set_1_E/Gustavia_santanderiensis_0_Choco_novel.asc
ncols         367
nrows         963
xllcorner     -78.6
yllcorner     0.65
cellsize      0.00833333333333323
NODATA_value  -9999
[rows 300 to 329 of 963, columns 136 to 203 of 367]
-2.05322E1 -1.38796E1 -9.37405E0 -8.76928E0 1.99581E-2 4.98952E-1 9.57988E-1 5.98743E-1 1.99581E-2 -3.74962E0 -2.02601E0 -4.23344E-1 1.99581E-2 4.78994E-1 7.98324E-2 1.79623E-1 1.79623E-1 3.99162E-1 7.18491E-1 1.79623E-1 -3.23556E0 -1.899E1 -3.03296E1 -2.71848E1 -2.60659E1 -3.30813E1 -2.59147E1 -5.08013E0 1.99581E-2 1.99581E-2 3.99162E-2 3.19329E-1 8.3824E-1 2.51472E0 6.38659E-1 3.99162E-2 1.99581E-2 -3.68914E0 -1.46356E1 -4.46237E1 -1.00538E2 -1.01613E2 -1.02151E2 -9.19355E1 -8.97849E1 -9.62366E1 -1.04839E2 -1.05376E2 -1.05914E2 -4.78495E1 -4.78495E1 -1.06989E2 -1.06989E2 -1.07527E2 -1.0914E2 -1.07527E2 -1.10215E2 -1.29032E2 -1.08065E2 -6.11733E1 -5.82401E1 -5.83611E1 -5.84215E1 -5.42788E1 -5.98428E1 -6.28666E1 -6.37133E1 -5.75144E1
-1.6329E1 -2.59752E1 -2.88479E1 -2.7215E1 -1.68431E1 -2.75174E0 1.99581E-2 -3.29604E0 -5.53372E0 -7.04566E0 -8.76928E-1 -3.77986E0 -2.26792E0 3.99162E-2 9.97904E-2 3.99162E-2 3.99162E-2 -3.17508E0 -7.77139E0 -7.19686E0 -2.01391E1 -2.00484E1 -1.93529E1 -2.1137E1 -2.56426E1 -2.18022E1 -1.38192E1 1.99581E-2 1.99581E-2 3.59246E-1 1.2374E0 2.39497E-1 3.59246E-1 9.77946E-1 2.39497E-1 -2.69126E0 -6.31993E0 -1.31539E1 -1.90203E1 -3.56516E1 -1.01613E2 -1.05914E2 -1.06452E2 -8.3871E1 -1.04301E2 -9.73118E1 -1.05376E2 -1.05914E2 -1.05914E2 -4.83871E1 -5.19806E1 -5.3795E1 -5.57907E1 -1.0914E2 -5.44905E1 -5.06199E1 -1.08602E2 -1.08602E2 -1.1129E2 -5.0892E1 -4.69912E1 -5.10753E1 -8.92473E1 -8.97849E1 -8.97849E1 -5.46719E1 -5.21505E1 -5.56698E1
-9999 -1.81433E1 -2.41004E1 -3.0511E1 -2.50378E1 -1.72966E1 -8.67856E0 -9.58573E0 -2.63078E0 -1.42123E0 -6.28969E0 -7.55972E-1 -1.27003E0 -2.29816E0 -1.55914E1 -1.39785E1 1.99581E-2 -3.74962E0 -1.13396E1 -1.59359E1 -1.41518E1 1.99581E-2 5.98743E-2 -6.31993E0 -1.14303E1 -8.73904E0 -5.23133E0 1.99581E-2 9.97904E-2 3.7122E0 1.01786E0 1.17753E0 1.59665E-1 5.1891E-1 1.99581E-2 -7.28757E0 -1.46054E1 -2.29211E1 -2.72452E1 -4.21832E1 -4.46628E1 -4.98942E1 -8.33333E1 -1.03763E2 -9.08602E1 -1.04839E2 -1.05376E2 -1.05376E2 -1.24731E2 -9.83871E1 -5.10735E1 -9.89247E1 -1.08602E2 -5.41578E1 -5.79377E1 -9.94624E1 -1E2 -1E2 -1.0914E2 -1.30108E2 -1.28495E2 -1.29032E2 -1E2 -9.03226E1 -9.03226E1 -5.91775E1 -5.95404E1 -5.14666E1
-9999 -1.51497E1 -1.93226E1 -2.32537E1 -2.87269E1 -3.07529E1 -1.95948E1 -1.22467E1 -1.72059E1 -1.53311E1 -1.20956E1 -1.05836E1 -9.34382E0 -1.15513E1 -6.92471E0 -5.41276E0 -7.68068E0 -6.56184E0 -1.772E1 -7.74116E0 4.78994E-1 6.18701E-1 8.3824E-1 2.59455E-1 -1.87481E0 1.99581E-2 9.97904E-2 2.39497E0 2.93384E0 1.01786E0 9.77946E-1 6.38659E-1 1.99581E-2 -9.97883E-1 -2.68817E0 -1.68431E1 -3.61657E1 -4.51613E1 -4.13366E1 -4.04899E1 -4.6205E1 -5.75269E1 -5.80645E1 -1.09677E2 -1.08065E2 -9.83871E1 -1.05376E2 -9.83871E1 -9.89247E1 -1.07527E2 -5.5065E1 -1.08065E2 -1.08602E2 -1.0914E2 -5.99637E1 -1.00538E2 -1E2 -1.00538E2 -1.00538E2 -1.09677E2 -1.09677E2 -1.28495E2 -1.09677E2 -1.13978E2 -1.09677E2 -5.99637E1 -6.04475E1 -5.96613E1
-9999 -9999 -1.72362E1 -2.08044E1 -3.04506E1 -3.84639E1 -3.10856E1 -2.55821E1 -2.34654E1 -2.33142E1 -2.29816E1 -1.50287E1 -1.1521E1 -6.50136E0 -5.80587E0 -1.46961E1 -1.31539E1 -1.12791E1 -1.29725E1 -2.05624E0 5.38868E-1 6.98533E-1 3.7122E0 8.3824E-1 1.19749E-1 5.58826E-1 6.98533E-1 3.35296E0 7.9034E0 4.98952E-1 1.01786E0 1.39707E-1 -9.13214E0 -2.14091E1 -2.10463E1 -2.9241E1 -4.67742E1 -7.68817E1 -5.16178E1 -5.17085E1 -7.90323E1 -1.09677E2 -1.09677E2 -1.04301E2 -1.00538E2 -8.49462E1 -9.83871E1 -9.83871E1 -5.22528E1 -1.07527E2 -4.89247E1 -5.08316E1 -1.0914E2 -1.09677E2 -1.10215E2 -1.10215E2 -1.01075E2 -9.03226E1 -1.01075E2 -1.01075E2 -1.10215E2 -1.31183E2 -1.14516E2 -1.14516E2 -7.90323E1 -1.10215E2 -5.47324E1 -5.72725E1
-9999 -9999 -2.1893E1 -1.80224E1 -2.4433E1 -3.31418E1 -3.9371E1 -3.39885E1 -3.11763E1 -2.93015E1 -2.69126E1 -2.01996E1 -1.74478E1 -1.23375E1 -1.34865E1 -1.14605E1 -1.29725E1 -9.6462E0 -7.37829E0 -7.10614E0 2.39497E-1 6.18701E-1 4.17124E0 1.11765E0 1.11765E0 1.19749E0 3.17334E0 4.71011E0 6.60613E0 4.17124E0 3.17334E0 3.39287E-1 -6.95494E-1 -1.23072E1 -1.64197E1 -2.73662E1 -4.37557E1 -9.73118E1 -1.24731E2 -7.84946E1 -7.84946E1 -8.54839E1 -8.60215E1 -1.08602E2 -9.67742E1 -9.83871E1 -4.78495E1 -5.01966E1 -5.49743E1 -5.30995E1 -4.89247E1 -1.01075E2 -5.73027E1 -1.10215E2 -1.10215E2 -1.10753E2 -1.10753E2 -9.08602E1 -1.10753E2 -1.01613E2 -1.10753E2 -1.10753E2 -1.15591E2 -1.15054E2 -7.95699E1 -1.16129E2 -1.2957E2 -1.10753E2
-9999 -9999 -9999 -1.62988E1 -1.80526E1 -2.79407E1 -3.5319E1 -4.12761E1 -4.00665E1 -3.85243E1 -3.44723E1 -2.96039E1 -2.47959E1 -1.92319E1 -1.90505E1 -1.4182E1 -1.26096E1 -1.33051E1 -3.05413E0 1.99581E-2 6.18701E-1 5.38868E-1 2.65443E0 4.17124E0 1.7164E0 1.19749E0 3.7122E0 3.31304E0 3.31304E0 3.43279E0 2.93384E0 3.59246E-1 1.99581E-2 -3.35652E0 -1.44239E1 -2.07439E1 -9.67742E1 -9.78495E1 -1.08065E2 -1.26344E2 -1.09677E2 -7.7957E1 -8.60215E1 -8.3871E1 -6.1828E1 -4.67742E1 -5.14061E1 -5.63048E1 -5.68793E1 -5.54884E1 -5.82703E1 -6.00847E1 -5.07106E1 -5.04989E1 -5.34019E1 -1.1129E2 -1.1129E2 -1.1129E2 -1.1129E2 -1.1129E2 -1.02151E2 -1.02151E2 -1.1129E2 -1.3172E2 -1.16129E2 -9.30107E1 -1.15054E2 -1.16667E2
-9999 -9999 -9999 -9999 -1.08558E1 -1.38494E1 -2.04112E1 -2.69428E1 -3.63471E1 -4.05806E1 -3.91291E1 -3.2779E1 -2.34654E1 -1.82643E1 -2.00181E1 -1.25794E1 -1.49985E1 -9.52525E0 -6.68279E0 1.99581E-2 6.18701E-1 5.98743E-1 2.51472E0 3.31304E0 6.12713E0 5.68806E0 4.17124E0 2.59455E-1 3.39287E-1 3.39287E-1 3.99162E-2 7.98324E-2 -1.03719E1 -1.71152E1 -2.77593E1 -4.30108E1 -9.94624E1 -1.24194E2 -1.09677E2 -7.74194E1 -7.68817E1 -6.77419E1 -6.6129E1 -4.72331E1 -5.12247E1 -6.29032E1 -4.95313E1 -5.34019E1 -5.60931E1 -5.62443E1 -4.98942E1 -1.02151E2 -1.02151E2 -1.01613E2 -1.02688E2 -1.1129E2 -1.28495E2 -7.90323E1 -1.3172E2 -1.32258E2 -1.11828E2 -1.11828E2 -1.11828E2 -1.03226E2 -1.11828E2 -1.16129E2 -1.16667E2 -1.16667E2
-9999 -9999 -9999 -9999 -1.04324E1 -9999 -1.46961E1 -2.35863E1 -2.4433E1 -3.63471E1 -3.91594E1 -3.47142E1 -2.60054E1 -2.54007E1 -1.61173E1 -3.71938E0 -4.38464E0 1.99581E-2 9.97904E-2 3.39287E-1 7.98324E-1 7.98324E-1 4.17124E0 6.12713E0 6.70592E0 5.24898E0 4.98952E-1 7.98324E-2 -9.37405E0 -8.5576E0 -1.62685E1 -2.57938E1 -2.62171E1 -3.04506E1 -4.24731E1 -4.36347E1 -1E2 -8.54839E1 -5.80645E1 -1.06452E2 -6.07527E1 -5.96774E1 -5.91398E1 -5.48387E1 -4.37254E1 -6.02151E1 -4.78495E1 -4.9108E1 -4.98942E1 -5.74236E1 -5.56396E1 -5.61234E1 -1.10215E2 -1.11828E2 -1.11828E2 -1.09677E2 -7.90323E1 -5.59722E1 -8.01075E1 -1.12366E2 -1.12366E2 -1.12366E2 -1.17204E2 -1.12903E2 -1.12366E2 -1.12366E2 -1.12366E2 -1.12366E2
-9999 -9999 -9999 -9999 -9999 -6.68279E0 -6.65255E0 -1.40006E1 -1.88993E1 -2.65195E1 -2.96341E1 -3.30511E1 -3.65286E1 -3.3414E1 -2.86362E1 -1.42425E1 -1.14303E1 -3.05413E0 4.78994E-1 4.78994E-1 3.43279E0 3.31304E0 6.70592E0 6.98533E0 6.70592E0 5.24898E0 1.63656E0 4.98952E-1 -1.51194E-1 -6.38041E0 -2.89084E1 -4.08602E1 -4.33928E1 -3.86755E1 -4.61445E1 -9.94624E1 -8.3871E1 -5.86021E1 -3.4684E1 -5.86021E1 -4.36045E1 -3.09041E1 -2.92712E1 -2.00484E1 -2.17418E1 -3.38373E1 -3.48957E1 -4.39069E1 -4.39069E1 -4.89568E1 -5.9752E1 -1.09677E2 -1.3172E2 -1.32258E2 -1.30108E2 -9.13979E1 -1.10215E2 -1.15591E2 -1.30645E2 -1.12903E2 -1.12903E2 -1.16129E2 -1.17204E2 -1.33333E2 -1.13441E2 -5.99637E1 -1.12903E2 -1.04301E2
-9999 -9999 -9999 -9999 -9999 -9999 -1.99577E0 -9.97883E-1 -9.82764E0 -1.85969E1 -1.899E1 -3.24161E1 -3.19927E1 -3.68007E1 -3.19625E1 -2.22861E1 -1.06743E1 1.99581E-2 3.59246E-1 8.3824E-1 4.55044E0 4.90969E0 6.98533E0 6.12713E0 6.70592E0 5.68806E0 4.90969E0 1.7164E0 1.39707E-1 -3.53795E0 -1.67826E1 -2.64288E1 -5.21505E1 -5.48387E1 -4.29997E1 -5.09223E1 -5.26459E1 -4.80798E1 -3.85848E1 -3.3414E1 -2.9362E1 -1.66616E1 -2.1893E1 -2.90323E1 -2.71243E1 -3.33233E1 -3.10856E1 -3.41095E1 -4.26973E1 -4.6961E1 -5.76051E1 -1.10753E2 -1.1129E2 -1.3172E2 -1.32258E2 -1.33333E2 -1.17742E2 -1.1828E2 -1.17742E2 -1.13441E2 -1.13441E2 -1.13978E2 -1.31183E2 -7.90323E1 -1.13978E2 -1.13978E2 -1.13978E2 -1.13441E2
-9999 -9999 -9999 -9999 -9999 -9999 -9999 1.99581E-2 -4.44512E0 -1.05534E1 -1.46961E1 -2.88479E1 -2.89689E1 -3.43211E1 -3.12368E1 -1.79921E1 -4.83822E0 -3.32628E-1 4.78994E-1 6.18701E-1 4.17124E0 6.12713E0 5.24898E0 5.24898E0 5.24898E0 1.53677E0 1.01786E0 1.19749E0 3.79204E-1 -2.15054E0 -2.58065E1 -1.95041E1 -2.60054E1 -3.18718E1 -4.20925E1 -4.82915E1 -4.19413E1 -4.43604E1 -4.12458E1 -3.22044E1 -1.71152E1 -1.93831E1 -2.84246E1 -4.67742E1 -3.70426E1 -3.74962E1 -4.27275E1 -4.89247E1 -4.4935E1 -4.84125E1 -5.07711E1 -1.13441E2 -1.10753E2 -1.13441E2 -1.32258E2 -1.32796E2 -1.33333E2 -1.1828E2 -1.17742E2 -1.34409E2 -7.95699E1 -7.95699E1 -1.05376E2 -1.14516E2 -1.13978E2 -1.17204E2 -1.14516E2 -1.13978E2
-9999 -9999 -9999 -9999 -9999 -9999 -9999 -9999 -5.32204E0 -9.58573E0 -1.13698E1 -1.77805E1 -2.57333E1 -2.87269E1 -3.19625E1 -2.29513E1 -1.71152E1 -8.95071E0 2.59455E-1 1.79623E-1 3.31304E0 4.90969E0 1.11765E0 4.39078E-1 1.11765E0 1.11765E0 2.19539E-1 1.39707E-1 -1.34409E1 -1.6129E1 -3.87097E1 -3.8172E1 -5.05376E1 -8.06452E1 -4.58119E1 -4.61143E1 -4.38464E1 -4.46931E1 -3.77079E1 -2.99365E1 -1.42123E1 -1.3033E1 -2.27094E1 -3.75567E1 -4.66586E1 -4.73118E1 -4.61748E1 -5.42788E1 -5.08013E1 -5.35228E1 -6.32295E1 -1.04839E2 -1.04839E2 -1.13978E2 -1.33333E2 -1.33871E2 -1.34409E2 -1.18817E2 -9.46237E1 -1.14516E2 -7.95699E1 -7.95699E1 -1.15054E2 -1.06452E2 -1.06452E2 -1.17204E2 -1.1828E2 -1.06452E2
-9999 -9999 -9999 -9999 -9999 -9999 -9999 -9999 -9999 -5.80587E0 -8.82975E0 -8.04354E0 -2.33142E1 -2.93922E1 -3.31116E1 -2.5824E1 -2.92108E1 -2.23465E1 -5.74539E0 -2.68817E0 1.39707E-1 1.11765E0 1.01786E0 3.39287E-1 1.11765E0 1.79623E-1 -3.76344E0 -4.30108E0 -6.45161E0 -2.09677E1 -2.52688E1 -4.46237E1 -5.26882E1 -5.53763E1 -4.97127E1 -3.93408E1 -4.01875E1 -4.20018E1 -3.28394E1 -2.7971E1 -2.1137E1 -6.28969E0 -1.17932E1 -1.93529E1 -3.8736E1 -4.51467E1 -4.83871E1 -4.60841E1 -5.50953E1 -1.04839E2 -9.30107E1 -1.10215E2 -1.13978E2 -1.14516E2 -1.33871E2 -1.34409E2 -1.34409E2 -1.19355E2 -1.19892E2 -1.31183E2 -1.15054E2 -5.66072E1 -5.49441E1 -1.06989E2 -1.07527E2 -1.15591E2 -1.07527E2 -1.15591E2
-9999 -9999 -9999 -9999 -9999 -9999 -9999 -9999 -9999 -9999 -1.00393E1 -9.85788E0 -9999 -2.12579E1 -3.1902E1 -3.87058E1 -3.2779E1 -3.37164E1 -2.52192E1 -3.44723E0 -1.50538E1 -1.23656E1 7.98324E-1 1.99581E-2 1.99581E-2 9.97904E-2 2.79413E-1 2.59455E-1 2.99371E-1 -5.443E-1 -7.40853E0 -5E1 -4.24731E1 -2.68824E1 -3.47445E1 -3.36861E1 -3.89477E1 -3.68612E1 -3.64681E1 -2.99063E1 -1.88388E1 -1.59057E1 -1.39704E1 -1.86574E1 -3.30511E1 -3.9492E1 -3.51981E1 -3.30511E1 -3.70729E1 -3.76172E1 -1E2 -1.05914E2 -1.15054E2 -1.15054E2 -1.15054E2 -1.15591E2 -1.30645E2 -7.95699E1 -8.01075E1 -7.84946E1 -5.79075E1 -7.90323E1 -1.16667E2 -1.16129E2 -1.08065E2 -9.94624E1 -1.08065E2 -1.08065E2
-9999 -9999 -9999 -9999 -9999 -9999 -9999 -9999 -9999 -9999 -9999 -8.34593E0 -9999 -2.61566E1 -2.39492E1 -2.76081E1 -2.87269E1 -3.11158E1 -1.86876E1 -1.36075E0 -1.12903E1 -1.12903E1 9.97904E-2 9.97904E-2 9.97904E-2 2.4748E0 1.39707E0 3.19329E-1 3.39287E-1 2.79413E-1 3.99162E-2 -5.77563E0 -1.23656E1 -6.80375E0 -1.52706E1 -2.1651E1 -2.5189E1 -3.19625E1 -3.14182E1 -2.55519E1 -1.84457E1 -9.58573E0 -1.29422E1 -1.53614E1 -2.99063E1 -4.00665E1 -3.55307E1 -4.61445E1 -5.96774E1 -6.29032E1 -1.0914E2 -1.33333E2 -1.15591E2 -1.15591E2 -1.15591E2 -1.15591E2 -1.16129E2 -1.35484E2 -1.21505E2 -7.84946E1 -7.90323E1 -7.95699E1 -6.10221E1 -1.17742E2 -1.32796E2 -1.08602E2 -1.08602E2 -1.08602E2
-9999 -9999 -9999 -9999 -9999 -9999 -9999 -9999 -9999 -9999 -9999 -1.34865E1 -9999 -9999 -2.83943E1 -2.54309E1 -2.88479E1 -2.71545E1 -1.79619E1 1.99581E-2 1.99581E-2 3.39287E-1 1.07774E0 1.19749E0 1.01786E0 3.69225E0 1.53677E0 4.78994E-1 1.61661E0 3.5725E0 2.83405E0 3.99162E-2 -8.1645E-1 -2.57031E0 -1.20956E1 -2.08951E1 -2.31932E1 -2.75174E1 -2.12882E1 -1.26701E1 -1.07527E1 -1.41518E1 -1.68128E1 -2.33747E1 -5.69892E1 -5.5914E1 -2.09253E1 -2.69731E1 -5.80645E1 -5.80645E1 -6.45161E1 -6.34409E1 -5.4551E1 -1.22581E2 -1.33871E2 -1.34409E2 -1.16129E2 -1.36021E2 -1.36021E2 -1.30108E2 -1.2957E2 -7.95699E1 -8.01075E1 -1.23118E2 -1.37097E2 -1.1828E2 -1.17204E2 -1.17204E2
-9999 -9999 -9999 -9999 -9999 -9999 -9999 -9999 -9999 -9999 -9999 -9999 -1.27306E1 -9999 -2.90596E1 -2.658E1 -2.99667E1 -2.53099E1 -2.40399E1 -3.76344E0 -1.07527E0 6.18701E-1 6.18701E-1 5.24898E0 4.90969E0 7.145E0 5.68806E0 1.61661E0 3.79204E-1 1.01786E0 3.43279E0 7.98324E-2 1.99581E-2 -2.54007E0 -7.31781E0 -2.09858E1 -2.20139E1 -1.72966E1 -1.46356E1 -1.00393E1 -8.58784E0 -6.77351E0 -1.61173E1 -1.86574E1 -5.48387E1 -5.86021E1 -4.13979E1 -2.36166E1 -3.15996E1 -4.53583E1 -5.03175E1 -4.56305E1 -4.78495E1 -7.47312E1 -1.34409E2 -1.36021E2 -1.17204E2 -1.36559E2 -1.36021E2 -1.17204E2 -1.17204E2 -1.3172E2 -7.95699E1 -1.37097E2 -1.37634E2 -1.18817E2 -1.19355E2 -1.37634E2
-9999 -9999 -9999 -9999 -9999 -9999 -9999 -9999 -9999 -9999 -9999 -9999 -1.55428E1 -9999 -2.32537E1 -2.49773E1 -2.40702E1 -2.98458E1 -2.59147E1 -2.15054E1 1.99581E-2 6.18701E-1 6.18701E-1 1.39707E0 5.68806E0 6.12713E0 5.68806E0 6.30676E0 4.90969E0 4.55044E0 4.55044E0 1.13761E0 9.97904E-2 -2.11672E-1 -5.35228E0 -2.14998E1 -2.21349E1 -1.88691E1 -1.93831E1 -8.28545E0 -1.60871E1 -5.71515E0 -1.05836E1 -2.00181E1 -5.10753E1 -5.26882E1 -3.87097E1 -2.22558E1 -2.90293E1 -3.95525E1 -5.64516E1 -5.5914E1 -6.12903E1 -7.90323E1 -1.35484E2 -1.36021E2 -1.36021E2 -1.36021E2 -1.36559E2 -1.16667E2 -1.17742E2 -1.37634E2 -1.33871E2 -1.33871E2 -1.34409E2 -1.38172E2 -1.1828E2 -1.19892E2
-9999 -9999 -9999 -9999 -9999 -9999 -9999 -9999 -9999 -9999 -9999 -9999 -1.14605E1 -9999 -9999 -2.99667E1 -3.62867E1 -4.25461E1 -3.3414E1 -2.37375E1 -1.21863E1 2.79413E-1 6.18701E-1 6.18701E-1 3.39287E-1 1.19749E0 4.90969E0 4.78994E0 3.43279E0 9.77946E-1 1.01786E0 8.3824E-1 -2.05624E0 -1.24887E1 -1.24887E1 -1.91412E1 -2.78803E1 -2.88781E1 -2.82734E1 -2.48564E1 -1.16117E1 -8.37617E0 -1.05836E1 -1.67523E1 -2.51285E1 -2.95736E1 -2.52688E1 -2.49773E1 -4.24731E1 -5.53763E1 -5.53763E1 -1.04839E2 -1.06989E2 -1.36021E2 -1.34409E2 -1.17742E2 -1.15054E2 -1.15591E2 -1.16667E2 -1.16667E2 -1.17204E2 -1.1828E2 -1.24194E2 -1.38172E2 -1.38172E2 -1.18817E2 -1.18817E2 -1.18817E2
-9999 -9999 -9999 -9999 -9999 -9999 -9999 -9999 -9999 -9999 -9999 -9999 -9999 -9999 -9999 -2.97551E1 -2.7215E1 -3.8857E1 -4.16389E1 -3.64681E1 -1.8476E1 -2.38887E0 -3.02389E-1 -5.74539E-1 1.19749E-1 -2.15054E0 -2.15054E0 8.3824E-1 1.19749E-1 9.77946E-1 2.79413E-1 1.19749E0 1.99581E-2 -1.04929E1 -1.21258E1 -1.88086E1 -3.37164E1 -2.69428E1 -3.16904E1 -3.61052E1 -2.82129E1 -2.17115E1 -2.03508E1 -2.91805E1 -2.35561E1 -2.76081E1 -2.80314E1 -4.56989E1 -4.67742E1 -4.46237E1 -4.78495E1 -6.55914E1 -1.00538E2 -1.1828E2 -1.19355E2 -1.1828E2 -1.1828E2 -1.16129E2 -1.16667E2 -1.16129E2 -1.1828E2 -1.10753E2 -1.1828E2 -1.38172E2 -1.3871E2 -1.18817E2 -1.19355E2 -1.18817E2
-9999 -9999 -9999 -9999 -9999 -9999 -9999 -9999 -9999 -9999 -9999 -9999 -9999 -9999 -9999 -9999 -2.15301E1 -3.23254E1 -3.68914E1 -3.76474E1 -3.04506E1 -2.09677E1 -3.3871E1 -9.82764E0 -5.01966E0 -2.15054E0 3.99162E-2 1.79623E-1 9.97904E-2 9.77946E-1 9.97904E-2 -3.08437E0 -1.00393E1 -1.67826E1 -1.81433E1 -2.51588E1 -2.93922E1 -3.35047E1 -3.60145E1 -3.80405E1 -4.0248E1 -3.63774E1 -3.22347E1 -2.45237E1 -2.77895E1 -2.86362E1 -3.03598E1 -3.55609E1 -4.56989E1 -4.13979E1 -4.4086E1 -9.4086E1 -6.98925E1 -7.2043E1 -1.35484E2 -1.18817E2 -1.18817E2 -1.18817E2 -1.16667E2 -1.1828E2 -1.1828E2 -1.19355E2 -1.3871E2 -1.39247E2 -1.39247E2 -1.39247E2 -1.39247E2 -1.39247E2
-9999 -9999 -9999 -9999 -9999 -9999 -9999 -9999 -9999 -9999 -9999 -9999 -9999 -9999 -9999 -9999 -2.28001E1 -3.0511E1 -3.12972E1 -3.26278E1 -3.37768E1 -3.04506E1 -4.62366E1 -8.17204E1 -2.34351E1 -1.772E1 -3.06452E1 -3.44086E1 -2.25806E1 -5.91398E0 -6.77351E0 -9.01119E0 -1.61778E1 -2.35561E1 -2.96643E1 -2.98458E1 -3.02389E1 -3.16601E1 -3.65286E1 -4.02782E1 -4.684E1 -4.77472E1 -4.25764E1 -2.60054E1 -2.47354E1 -3.20532E1 -3.33837E1 -3.36861E1 -2.3919E1 -4.56989E1 -4.67742E1 -1.01075E2 -1.22043E2 -1.23118E2 -1.23656E2 -1.19355E2 -1.1129E2 -1.19355E2 -1.16667E2 -1.1129E2 -1.10753E2 -1.19892E2 -1.39247E2 -1.26344E2 -1.26344E2 -1.39247E2 -1.39785E2 -1.39785E2
-9999 -9999 -9999 -9999 -9999 -9999 -9999 -9999 -9999 -9999 -9999 -9999 -9999 -9999 -9999 -9999 -1.98065E1 -2.77291E1 -2.85757E1 -3.65891E1 -3.48957E1 -3.40792E1 -3.95222E1 -8.33333E1 -3.70968E1 -2.24977E1 -3.8172E1 -3.92473E1 -2.31183E1 -2.25806E1 -2.07741E1 -2.12882E1 -1.88388E1 -2.82734E1 -3.03901E1 -3.45933E1 -3.3414E1 -3.09041E1 -3.97037E1 -4.26368E1 -4.56305E1 -4.7596E1 -3.88872E1 -3.47747E1 -3.35047E1 -3.67402E1 -3.07832E1 -3.85243E1 -3.14182E1 -7.15054E1 -7.31183E1 -1.20968E2 -1.22043E2 -1.36021E2 -1.23118E2 -1.36559E2 -1.19892E2 -1.11828E2 -1.16129E2 -1.1129E2 -1.02688E2 -1.12366E2 -1.2043E2 -1.19355E2 -1.19892E2 -1.27957E2 -1.27957E2 -1.2043E2
-9999 -9999 -9999 -9999 -9999 -9999 -9999 -9999 -9999 -9999 -9999 -9999 -9999 -9999 -9999 -9999 -1.86876E1 -2.54007E1 -3.05413E1 -3.544E1 -2.96341E1 -3.1388E1 -3.81312E1 -5.64516E1 -3.77684E1 -3.76344E1 -9.30107E1 -3.87097E1 -2.31183E1 -2.25806E1 -2.17418E1 -2.1016E1 -2.44028E1 -2.3677E1 -3.15694E1 -3.45933E1 -3.44723E1 -3.5954E1 -3.84034E1 -4.57817E1 -4.74751E1 -4.34835E1 -4.33021E1 -3.81312E1 -3.07529E1 -3.81615E1 -3.58633E1 -4.13063E1 -4.57212E1 -4.98034E1 -5.43695E1 -7.68817E1 -1.19355E2 -1.12366E2 -1.17742E2 -1.19355E2 -1.19355E2 -1.19892E2 -1.16129E2 -1.1129E2 -1.12366E2 -1.12903E2 -1.20968E2 -1.39785E2 -1.27957E2 -1.40323E2 -1.40323E2 -1.20968E2
-9999 -9999 -9999 -9999 -9999 -9999 -9999 -9999 -9999 -9999 -9999 -9999 -9999 -9999 -9999 -9999 -9999 -2.9362E1 -2.32839E1 -3.64681E1 -2.9876E1 -3.06925E1 -3.97849E1 -3.60215E1 -3.70968E1 -5.69892E1 -3.63169E1 -4.03992E1 -4.83871E1 -3.54839E1 -2.67614E1 -2.96039E1 -2.42818E1 -2.21651E1 -2.49471E1 -3.27487E1 -3.38071E1 -4.00968E1 -4.09737E1 -4.77774E1 -4.32718E1 -4.98337E1 -4.67493E1 -4.52374E1 -4.35138E1 -4.05806E1 -3.55005E1 -4.7596E1 -4.68098E1 -4.36952E1 -4.93801E1 -4.88963E1 -1.2043E2 -1.1129E2 -1.14516E2 -1.16667E2 -1.37634E2 -1.2043E2 -1.17204E2 -1.12366E2 -1.1828E2 -1.20968E2 -1.20968E2 -1.21505E2 -1.21505E2 -1.4086E2 -1.35484E2 -1.21505E2
-9999 -9999 -9999 -9999 -9999 -9999 -9999 -9999 -9999 -9999 -9999 -9999 -9999 -9999 -9999 -9999 -9999 -2.5824E1 -2.55216E1 -3.80103E1 -2.88781E1 -2.91503E1 -4.62366E1 -7.09677E1 -1.98367E1 -2.05322E1 -2.55519E1 -5.53763E1 -4.89247E1 -2.7971E1 -2.81524E1 -3.21439E1 -2.90596E1 -3.44421E1 -3.2779E1 -3.21439E1 -4.18506E1 -4.46931E1 -4.46326E1 -4.2274E1 -4.5449E1 -4.71122E1 -4.90475E1 -4.70517E1 -4.44814E1 -3.42002E1 -4.46326E1 -5.19504E1 -5.44602E1 -4.99244E1 -3.12065E1 -3.99456E1 -4.88963E1 -1.03763E2 -1.15054E2 -1.31183E2 -1.24194E2 -1.23656E2 -1.17204E2 -1.21505E2 -1.18817E2 -1.19355E2 -1.19892E2 -1.21505E2 -1.22043E2 -1.22043E2 -1.22043E2 -1.4086E2
-9999 -9999 -9999 -9999 -9999 -9999 -9999 -9999 -9999 -9999 -9999 -9999 -9999 -9999 -9999 -9999 -9999 -9999 -2.13789E1 -3.24766E1 -3.74357E1 -3.36256E1 -3.45328E1 -3.16601E1 -2.35561E1 -2.22256E1 -2.45842E1 -3.87097E1 -4.89247E1 -3.42607E1 -2.73964E1 -2.79407E1 -3.29906E1 -2.95132E1 -3.58936E1 -3.44723E1 -4.50257E1 -4.38161E1 -4.39976E1 -4.52071E1 -5.26761E1 -5.08013E1 -4.99546E1 -5.2404E1 -4.77774E1 -4.21832E1 -4.7596E1 -5.47324E1 -4.76867E1 -5.26459E1 -5.3795E1 -5.56093E1 -5.21318E1 -9.73118E1 -1.13978E2 -1.15591E2 -1.16129E2 -1.16667E2 -1.17742E2 -1.1828E2 -6.15059E1 -1.19355E2 -1.19892E2 -1.2043E2 -1.4086E2 -1.22043E2 -1.22043E2 -1.15054E2
-9999 -9999 -9999 -9999 -9999 -9999 -9999 -9999 -9999 -9999 -9999 -9999 -9999 -9999 -9999 -9999 -9999 -1.36982E1 -1.97158E1 -2.658E1 -3.42002E1 -4.16692E1 -4.8866E1 -4.75658E1 -3.65591E1 -2.15906E1 -2.52495E1 -3.07529E1 -3.78288E1 -4.08527E1 -2.80919E1 -3.1388E1 -3.35652E1 -3.87663E1 -3.8101E1 -4.22135E1 -4.76867E1 -4.67796E1 -4.53886E1 -4.59933E1 -4.53583E1 -4.47536E1 -5.60024E1 -5.04082E1 -5.01966E1 -4.49652E1 -4.60236E1 -5.11642E1 -5.19806E1 -5.63955E1 -4.70517E1 -3.75567E1 -4.83217E1 -7.63441E1 -1.15054E2 -5.50348E1 -1.16129E2 -1.16129E2 -1.16667E2 -1.09677E2 -1.22043E2 -1.39247E2 -1.19355E2 -1.40323E2 -1.40323E2 -1.41398E2 -1.22581E2 -1.15591E2
-9999 -9999 -9999 -9999 -9999 -9999 -9999 -9999 -9999 -9999 -9999 -9999 -9999 -9999 -9999 -9999 -9999 -9999 -1.34563E1 -1.21258E1 -3.12065E1 -4.05201E1 -4.67493E1 -5.05897E1 -7.47312E1 -3.76344E1 -3.65591E1 -4.78495E1 -3.57424E1 -3.88872E1 -3.62262E1 -4.31207E1 -4.48443E1 -4.46326E1 -4.24554E1 -4.63865E1 -4.38464E1 -4.78077E1 -4.78984E1 -4.52071E1 -4.4935E1 -4.95011E1 -5.0892E1 -5.16783E1 -4.93801E1 -4.79891E1 -4.74751E1 -5.14061E1 -5.89054E1 -5.75144E1 -4.68703E1 -3.74962E1 -5.14968E1 -9.62366E1 -9.83871E1 -5.32258E1 -5.37634E1 -5.43011E1 -1.02151E2 -1.04839E2 -1.39247E2 -1.39785E2 -1.28495E2 -1.4086E2 -1.40323E2 -1.41398E2 -1.23118E2 -1.23118E2
