ENM/Final_Models/M_1_F_q_Set_1_E/Gustavia_santanderiensis_8_Choco_novel.asc
ncols         367
nrows         963
xllcorner     -78.6
yllcorner     0.65
cellsize      0.00833333333333323
NODATA_value  -9999
[rows 120 to 149 of 963, columns 204 to 271 of 367]
7.9457E0 7.9457E0 7.9457E0 7.9457E0 7.9457E0 7.9457E0 7.9457E0 7.9457E0 7.20703E0 7.20703E0 7.20703E0 7.20703E0 7.20703E0 7.20703E0 7.20703E0 7.20703E0 7.20703E0 7.20703E0 7.20703E0 7.20703E0 5.94929E0 5.35037E0 5.35037E0 7.9457E0 7.9457E0 7.9457E0 7.9457E0 7.9457E0 7.9457E0 7.9457E0 7.9457E0 7.9457E0 7.9457E0 7.9457E0 7.20703E0 7.20703E0 7.20703E0 6.70793E0 6.70793E0 6.70793E0 7.20703E0 6.70793E0 6.70793E0 7.20703E0 7.20703E0 7.9457E0 7.9457E0 6.98742E0 1.01417E1 1.23378E1 6.98742E0 5.25055E0 1.0561E1 1.01417E1 7.9457E0 7.9457E0 -9999 -9999 -9999 -9999 -9999 -9999 -9999 1.01417E1 8.9439E0 7.20703E0 7.9457E0 7.20703E0
7.9457E0 7.9457E0 7.9457E0 7.9457E0 7.9457E0 7.9457E0 7.20703E0 7.9457E0 7.9457E0 7.9457E0 7.20703E0 7.20703E0 7.20703E0 7.20703E0 7.20703E0 7.20703E0 7.20703E0 7.20703E0 7.20703E0 7.20703E0 7.20703E0 5.94929E0 4.67159E0 4.29227E0 7.9457E0 7.9457E0 7.9457E0 7.9457E0 7.9457E0 7.9457E0 7.9457E0 7.9457E0 7.9457E0 7.20703E0 7.20703E0 7.20703E0 6.62807E0 6.70793E0 6.70793E0 6.70793E0 6.70793E0 6.70793E0 7.20703E0 7.20703E0 7.20703E0 7.9457E0 7.9457E0 1.01417E1 1.36754E1 1.02815E1 8.98383E0 1.01417E1 8.9439E0 8.9439E0 7.20703E0 7.9457E0 7.9457E0 -9999 -9999 -9999 -9999 -9999 -9999 9.76243E0 8.9439E0 7.9457E0 7.20703E0 7.9457E0
7.9457E0 7.9457E0 7.9457E0 7.9457E0 7.9457E0 7.9457E0 7.9457E0 7.9457E0 7.20703E0 7.9457E0 7.20703E0 7.20703E0 7.20703E0 7.20703E0 7.20703E0 7.20703E0 7.20703E0 7.20703E0 7.20703E0 7.20703E0 7.20703E0 6.68796E0 4.29227E0 4.29227E0 7.9457E0 7.9457E0 7.9457E0 7.9457E0 7.9457E0 5.51008E0 7.4466E0 7.9457E0 4.67159E0 5.94929E0 7.20703E0 7.20703E0 6.70793E0 6.70793E0 6.70793E0 6.70793E0 7.20703E0 7.20703E0 7.20703E0 7.9457E0 5.68976E0 7.6662E0 6.98742E0 5.25055E0 1.21182E1 1.36754E1 1.01817E1 1.15592E1 8.9439E0 7.20703E0 7.20703E0 8.9439E0 8.9439E0 -9999 -9999 -9999 -9999 -9999 -9999 6.84767E0 1.01417E1 7.9457E0 7.9457E0 7.9457E0
8.9439E0 8.9439E0 8.9439E0 8.9439E0 7.9457E0 7.9457E0 7.9457E0 7.9457E0 7.9457E0 7.9457E0 7.9457E0 7.20703E0 7.9457E0 7.20703E0 7.20703E0 7.20703E0 7.20703E0 7.20703E0 7.9457E0 7.9457E0 7.20703E0 7.20703E0 7.9457E0 7.9457E0 7.9457E0 7.9457E0 8.9439E0 8.9439E0 8.9439E0 4.8313E0 8.9439E0 7.4466E0 7.9457E0 7.9457E0 7.20703E0 7.20703E0 7.20703E0 7.20703E0 7.20703E0 6.70793E0 7.20703E0 7.20703E0 7.20703E0 8.9439E0 5.25055E0 6.12897E0 4.17249E0 4.17249E0 1.05211E1 1.15592E1 9.28329E0 1.01417E1 8.9439E0 7.9457E0 7.9457E0 8.9439E0 1.01417E1 8.9439E0 -9999 -9999 -9999 -9999 -9999 8.9439E0 1.01417E1 1.01417E1 8.9439E0 7.9457E0
8.9439E0 8.9439E0 8.9439E0 8.9439E0 8.9439E0 7.9457E0 8.9439E0 7.9457E0 7.9457E0 7.9457E0 7.9457E0 7.9457E0 7.20703E0 7.20703E0 7.9457E0 7.20703E0 7.20703E0 7.20703E0 7.20703E0 7.9457E0 7.9457E0 7.9457E0 7.9457E0 7.9457E0 7.9457E0 7.9457E0 7.9457E0 8.9439E0 8.9439E0 8.9439E0 8.9439E0 6.02915E0 7.9457E0 6.68796E0 7.9457E0 7.20703E0 7.20703E0 7.20703E0 7.20703E0 6.70793E0 6.70793E0 6.70793E0 7.9457E0 8.9439E0 8.9439E0 8.9439E0 1.12597E1 1.29367E1 1.36754E1 1.15592E1 1.01417E1 7.9457E0 8.9439E0 7.20703E0 7.9457E0 1.01417E1 9.28329E0 8.9439E0 -9999 -9999 -9999 -9999 -9999 6.12897E0 6.12897E0 7.72609E0 8.9439E0 7.9457E0
8.9439E0 8.9439E0 8.9439E0 8.9439E0 8.9439E0 8.9439E0 8.9439E0 8.9439E0 8.9439E0 8.9439E0 8.9439E0 7.9457E0 7.9457E0 7.20703E0 7.20703E0 7.20703E0 7.20703E0 7.20703E0 7.20703E0 7.20703E0 7.20703E0 7.9457E0 7.9457E0 7.9457E0 7.9457E0 7.9457E0 7.9457E0 6.02915E0 8.9439E0 8.9439E0 8.9439E0 8.9439E0 7.9457E0 7.9457E0 7.9457E0 7.20703E0 7.20703E0 7.20703E0 7.20703E0 6.70793E0 7.20703E0 6.70793E0 7.20703E0 7.9457E0 7.9457E0 8.9439E0 1.15592E1 5.25055E0 1.21781E1 6.98742E0 1.01417E1 8.9439E0 7.9457E0 7.9457E0 8.22519E0 8.9439E0 1.01417E1 8.9439E0 8.9439E0 -9999 -9999 -9999 -9999 2.65522E0 1.87662E0 1.97644E0 5.25055E0 7.9457E0
1.01417E1 8.9439E0 8.9439E0 8.9439E0 8.9439E0 8.9439E0 8.9439E0 8.9439E0 8.9439E0 8.9439E0 7.9457E0 7.9457E0 7.9457E0 7.20703E0 7.9457E0 7.20703E0 7.20703E0 7.9457E0 7.20703E0 7.20703E0 7.20703E0 7.9457E0 7.9457E0 7.9457E0 7.9457E0 7.9457E0 6.74785E0 8.9439E0 1.01417E1 1.01417E1 8.22519E0 8.9439E0 8.9439E0 7.9457E0 8.9439E0 7.9457E0 7.20703E0 7.20703E0 6.70793E0 7.20703E0 6.70793E0 7.20703E0 7.9457E0 7.20703E0 7.9457E0 1.01417E1 1.36754E1 1.34957E1 9.86225E0 9.28329E0 8.9439E0 8.9439E0 7.9457E0 8.9439E0 8.9439E0 7.9457E0 8.9439E0 8.9439E0 4.17249E0 -9999 -9999 -9999 7.9457E0 2.25594E0 6.12897E0 8.9439E0 7.9457E0 7.9457E0
1.01417E1 1.01417E1 1.01417E1 1.01417E1 1.01417E1 1.01417E1 1.01417E1 1.01417E1 8.9439E0 8.9439E0 8.9439E0 7.9457E0 7.9457E0 7.9457E0 7.9457E0 7.9457E0 7.20703E0 7.20703E0 7.20703E0 7.20703E0 7.20703E0 7.20703E0 7.9457E0 7.9457E0 7.9457E0 7.9457E0 8.9439E0 8.9439E0 1.01417E1 1.01417E1 1.01417E1 1.01417E1 8.9439E0 8.9439E0 7.9457E0 7.9457E0 7.20703E0 7.9457E0 7.20703E0 7.20703E0 7.20703E0 7.20703E0 7.9457E0 7.9457E0 7.9457E0 1.15592E1 6.12897E0 1.36754E1 1.15592E1 1.01417E1 1.01417E1 8.9439E0 7.9457E0 7.9457E0 7.9457E0 7.9457E0 7.9457E0 7.9457E0 7.9457E0 8.9439E0 -9999 -9999 7.20703E0 6.12897E0 6.98742E0 8.9439E0 7.9457E0 7.9457E0
1.01417E1 1.01417E1 1.01417E1 1.01417E1 1.01417E1 1.01417E1 1.01417E1 1.01417E1 1.01417E1 8.9439E0 8.9439E0 8.9439E0 8.9439E0 7.9457E0 7.9457E0 7.9457E0 7.9457E0 7.9457E0 7.9457E0 7.9457E0 7.9457E0 8.9439E0 8.9439E0 8.9439E0 8.9439E0 8.9439E0 8.9439E0 8.9439E0 8.9439E0 1.01417E1 1.00819E1 1.01417E1 1.01417E1 8.9439E0 8.9439E0 7.9457E0 7.9457E0 7.9457E0 7.9457E0 7.20703E0 7.9457E0 6.98742E0 7.9457E0 7.9457E0 8.9439E0 8.22519E0 1.15592E1 6.12897E0 1.15592E1 1.15592E1 1.01417E1 8.9439E0 8.9439E0 7.9457E0 8.9439E0 7.9457E0 7.20703E0 7.20703E0 7.9457E0 8.9439E0 -9999 -9999 8.9439E0 7.9457E0 7.9457E0 8.9439E0 8.9439E0 8.9439E0
8.9439E0 1.01417E1 1.15592E1 1.01417E1 1.01417E1 1.01417E1 1.01417E1 1.01417E1 1.01417E1 1.01417E1 1.01417E1 1.01417E1 8.9439E0 8.9439E0 8.9439E0 8.9439E0 8.9439E0 8.9439E0 8.9439E0 8.9439E0 8.9439E0 8.9439E0 8.9439E0 8.9439E0 8.9439E0 8.9439E0 8.9439E0 1.01417E1 1.01417E1 1.15592E1 1.15592E1 1.01417E1 1.01417E1 1.01417E1 1.01417E1 8.9439E0 8.9439E0 7.9457E0 7.9457E0 7.9457E0 7.9457E0 7.9457E0 7.9457E0 7.9457E0 8.9439E0 9.28329E0 6.12897E0 6.12897E0 1.15592E1 1.15592E1 8.9439E0 1.15592E1 1.01417E1 8.9439E0 8.9439E0 7.9457E0 7.9457E0 7.9457E0 7.9457E0 8.9439E0 -9999 -9999 8.9439E0 8.9439E0 8.9439E0 8.9439E0 7.9457E0 8.9439E0
1.01417E1 1.01417E1 1.01417E1 1.01417E1 1.01417E1 1.01417E1 1.01417E1 1.01417E1 1.01417E1 1.01417E1 1.01417E1 1.01417E1 1.01417E1 1.01417E1 1.01417E1 8.9439E0 8.9439E0 8.9439E0 8.9439E0 8.9439E0 8.9439E0 8.9439E0 6.24875E0 8.9439E0 1.01417E1 1.01417E1 1.01417E1 1.01417E1 1.01417E1 1.15592E1 1.15592E1 1.15592E1 1.15592E1 1.01417E1 1.01417E1 1.01417E1 8.9439E0 8.9439E0 8.9439E0 7.9457E0 7.9457E0 7.9457E0 7.9457E0 7.9457E0 8.9439E0 1.01417E1 1.36754E1 1.15592E1 1.01417E1 7.6662E0 1.07806E1 1.15592E1 1.15592E1 8.9439E0 1.01417E1 7.9457E0 8.9439E0 7.9457E0 8.9439E0 8.9439E0 8.9439E0 -9999 1.01417E1 8.9439E0 8.9439E0 8.9439E0 8.9439E0 8.9439E0
1.01417E1 1.15592E1 1.15592E1 1.01417E1 1.01417E1 1.01417E1 1.01417E1 1.01417E1 1.01417E1 1.01417E1 1.01417E1 1.01417E1 1.01417E1 1.01417E1 1.01417E1 1.01417E1 1.01417E1 1.01417E1 1.01417E1 1.01417E1 7.14714E0 7.26692E0 9.92214E0 9.40307E0 8.9439E0 1.01417E1 1.01417E1 1.01417E1 1.15592E1 1.36754E1 1.36754E1 1.15592E1 1.15592E1 1.15592E1 1.15592E1 1.15592E1 1.01417E1 1.01417E1 8.9439E0 7.9457E0 8.9439E0 7.9457E0 7.9457E0 8.9439E0 8.9439E0 8.9439E0 1.15592E1 1.15592E1 1.15592E1 7.6662E0 1.36754E1 1.15592E1 1.01417E1 1.01417E1 1.15592E1 1.01417E1 7.9457E0 7.9457E0 7.9457E0 8.9439E0 4.55181E0 -9999 -9999 3.71332E0 4.55181E0 8.9439E0 8.9439E0 8.9439E0
1.01417E1 1.15592E1 1.01417E1 1.01417E1 1.15592E1 1.01417E1 1.01417E1 1.01417E1 1.01417E1 1.01417E1 1.01417E1 1.01417E1 1.01417E1 1.01417E1 1.01417E1 1.01417E1 1.01417E1 1.01417E1 1.01417E1 1.01417E1 1.01417E1 1.01417E1 1.01417E1 1.01417E1 1.01417E1 1.01417E1 1.15592E1 1.15592E1 1.15592E1 1.36754E1 1.36754E1 1.36754E1 1.15592E1 1.36754E1 1.15592E1 1.15592E1 1.01417E1 1.01417E1 8.9439E0 8.9439E0 8.9439E0 8.9439E0 8.9439E0 8.9439E0 8.9439E0 8.22519E0 7.6662E0 7.6662E0 1.15592E1 1.15592E1 1.15592E1 1.01417E1 8.46476E0 1.36754E1 1.15592E1 1.01417E1 8.9439E0 8.9439E0 7.9457E0 5.68976E0 5.25055E0 5.25055E0 -9999 3.71332E0 2.93472E0 1.01417E1 8.9439E0 8.9439E0
1.01417E1 1.01417E1 1.01417E1 1.15592E1 1.15592E1 1.15592E1 1.15592E1 1.15592E1 1.15592E1 1.15592E1 1.15592E1 1.15592E1 1.15592E1 1.01417E1 1.01417E1 1.01417E1 1.01417E1 1.01417E1 1.01417E1 1.01417E1 1.01417E1 1.01417E1 1.01417E1 1.01417E1 1.01417E1 1.15592E1 1.15592E1 1.15592E1 1.15592E1 1.36754E1 1.36754E1 1.36754E1 1.36754E1 1.15592E1 1.36754E1 1.15592E1 1.15592E1 1.15592E1 1.01417E1 8.9439E0 8.9439E0 8.9439E0 8.9439E0 8.9439E0 8.9439E0 6.70793E0 9.28329E0 9.96207E0 6.98742E0 9.28329E0 1.15592E1 1.15592E1 2.93472E0 1.97644E0 2.65522E0 9.96207E0 1.01417E1 8.9439E0 8.9439E0 6.12897E0 4.91116E0 4.55181E0 -9999 -9999 4.55181E0 8.9439E0 8.9439E0 8.9439E0
1.15592E1 1.15592E1 1.15592E1 1.15592E1 1.15592E1 1.15592E1 1.15592E1 1.06608E1 1.15592E1 1.15592E1 1.15592E1 1.15592E1 1.15592E1 1.15592E1 1.15592E1 1.15592E1 1.15592E1 1.15592E1 1.15592E1 1.01417E1 1.15592E1 1.15592E1 1.15592E1 1.15592E1 1.15592E1 1.15592E1 1.15592E1 1.15592E1 1.15592E1 1.58714E1 1.58714E1 1.36754E1 1.36754E1 1.36754E1 1.32162E1 1.36754E1 1.15592E1 9.96207E0 1.15592E1 1.01417E1 7.50649E0 8.6644E0 1.01417E1 8.9439E0 8.9439E0 1.01417E1 1.15592E1 1.36754E1 1.15592E1 1.36754E1 1.36754E1 2.25594E0 1.71691E0 1.97644E0 2.25594E0 4.91116E0 1.01417E1 1.01417E1 5.68976E0 8.9439E0 6.98742E0 5.25055E0 -9999 -9999 -9999 1.01417E1 1.01417E1 1.01417E1
1.01417E1 1.01417E1 1.01417E1 1.15592E1 1.15592E1 1.15592E1 1.15592E1 1.15592E1 1.15592E1 1.15592E1 1.15592E1 1.15592E1 1.15592E1 1.15592E1 1.15592E1 1.15592E1 1.15592E1 1.15592E1 1.15592E1 1.15592E1 1.15592E1 1.15592E1 1.15592E1 1.15592E1 1.15592E1 1.15592E1 1.15592E1 1.36754E1 1.36754E1 1.56718E1 1.58714E1 1.58714E1 1.21382E1 1.36754E1 1.36754E1 1.56718E1 1.36754E1 1.15592E1 1.05211E1 1.15592E1 8.7243E0 9.20343E0 1.01417E1 1.01417E1 8.9439E0 1.01417E1 1.01417E1 1.01417E1 1.15592E1 1.36754E1 1.58714E1 1.58714E1 4.91116E0 6.70793E0 8.54462E0 2.03633E0 2.07626E0 3.71332E0 1.12597E1 6.98742E0 6.12897E0 5.25055E0 5.25055E0 -9999 -9999 -9999 3.43382E0 3.71332E0
1.03613E1 1.15592E1 1.15592E1 1.15592E1 1.15592E1 1.15592E1 1.15592E1 1.11599E1 1.15592E1 1.08205E1 1.13995E1 1.15592E1 8.84408E0 1.11599E1 1.11399E1 1.15592E1 1.15592E1 1.15592E1 1.15592E1 1.15592E1 1.15592E1 1.15592E1 1.15592E1 1.15592E1 1.15592E1 1.36754E1 1.36754E1 1.36754E1 1.36754E1 1.54322E1 1.58714E1 1.58714E1 1.58714E1 1.58714E1 1.58714E1 1.58714E1 1.03613E1 1.15991E1 1.07207E1 1.15592E1 1.15592E1 1.01417E1 1.11399E1 1.01417E1 1.01417E1 8.9439E0 1.01417E1 1.01417E1 1.15592E1 1.36754E1 1.58714E1 1.58714E1 1.36754E1 6.70793E0 4.91116E0 1.61709E0 2.25594E0 2.25594E0 1.12597E1 1.01417E1 5.68976E0 5.25055E0 1.01417E1 1.01417E1 -9999 -9999 3.43382E0 4.91116E0
1.15592E1 1.15592E1 1.15592E1 1.15592E1 1.15592E1 1.15592E1 1.13596E1 1.03613E1 1.04212E1 7.54642E0 7.50649E0 1.17988E1 1.01617E1 1.15592E1 1.08405E1 1.15592E1 1.15592E1 9.90218E0 1.15592E1 1.06209E1 1.36754E1 1.36754E1 1.36754E1 1.36754E1 1.36754E1 1.36754E1 1.36754E1 1.36754E1 1.36754E1 1.62907E1 1.50928E1 1.58714E1 1.58714E1 1.58714E1 1.06808E1 9.40307E0 1.2198E1 9.06369E0 9.62268E0 8.48473E0 1.2198E1 1.15592E1 1.01417E1 1.15592E1 1.15592E1 8.9439E0 1.01417E1 1.01417E1 1.01417E1 1.15592E1 1.58714E1 1.58714E1 1.79078E1 3.71332E0 1.71691E0 1.87662E0 2.07626E0 2.03633E0 2.51547E0 3.31403E0 3.71332E0 9.86225E0 4.55181E0 6.98742E0 -9999 -9999 -9999 1.01417E1
1.15592E1 1.15592E1 1.15592E1 8.30505E0 1.13995E1 1.36754E1 9.96207E0 1.20583E1 8.6644E0 1.1679E1 1.1659E1 1.10401E1 1.10202E1 1.23578E1 1.36754E1 1.24775E1 1.29966E1 1.25175E1 1.2757E1 1.36754E1 1.36754E1 1.36754E1 1.36754E1 1.36754E1 1.36754E1 1.36754E1 1.36754E1 1.58714E1 1.57117E1 1.46936E1 1.4454E1 1.00419E1 1.79078E1 1.79078E1 1.36155E1 1.31164E1 7.54642E0 7.32681E0 8.7243E0 6.90757E0 8.78419E0 1.31763E1 1.15592E1 1.15592E1 1.01417E1 1.15592E1 1.01417E1 1.15592E1 1.15592E1 8.22519E0 1.36754E1 1.79078E1 7.6662E0 1.11799E0 1.71691E0 1.71691E0 2.19605E-1 4.99102E-1 5.19066E-1 1.61709E0 7.18706E-1 3.43382E0 6.12897E0 6.98742E0 -9999 -9999 -9999 1.01417E1
1.0022E1 8.48473E0 7.86584E0 6.62807E0 9.10361E0 1.15592E1 8.10541E0 8.7243E0 1.02615E1 1.06808E1 1.2797E1 1.13196E1 1.0581E1 1.01018E1 1.36754E1 1.31763E1 1.31962E1 1.36754E1 1.36754E1 1.36754E1 1.36754E1 1.36754E1 1.33759E1 1.35157E1 1.58714E1 1.58714E1 1.58714E1 1.58714E1 1.29167E1 1.58714E1 1.41346E1 1.56119E1 1.09403E1 1.01617E1 1.11E1 1.68896E1 1.15991E1 7.50649E0 7.22699E0 1.07207E1 1.26971E1 1.36754E1 1.36754E1 1.36754E1 1.15592E1 1.05211E1 1.15592E1 1.15592E1 1.15592E1 1.15592E1 1.36754E1 1.79078E1 1.88461E1 2.51547E0 1.71691E0 2.03633E0 8.38491E-1 1.01817E0 6.18886E-1 1.61709E0 3.43382E0 4.17249E0 4.17249E0 4.91116E0 -9999 -9999 -9999 -9999
1.01417E1 1.01417E1 9.16351E0 8.98383E0 6.8876E0 9.96207E0 7.64624E0 6.60811E0 9.24336E0 9.82232E0 1.21382E1 1.17788E1 1.20184E1 6.60811E0 1.30166E1 1.36754E1 1.12398E1 1.36754E1 1.36754E1 1.3356E1 1.36754E1 1.46736E1 1.25774E1 1.42943E1 1.34159E1 1.58714E1 1.58714E1 1.58714E1 1.48932E1 1.62108E1 1.41945E1 1.07606E1 1.22779E1 1.01817E1 8.68437E0 1.80675E1 1.55121E1 1.47934E1 1.11599E1 9.66261E0 1.07207E1 1.5552E1 1.58714E1 1.36754E1 1.36754E1 1.15592E1 1.15592E1 1.15592E1 1.15592E1 1.15592E1 1.36754E1 1.79078E1 1.88461E1 8.22519E0 1.19784E0 1.11799E0 1.61709E0 2.07626E0 2.07626E0 2.03633E0 2.93472E0 3.43382E0 4.55181E0 2.93472E0 6.12897E0 -9999 -9999 -9999
9.82232E0 1.01417E1 7.64624E0 7.62627E0 7.1671E0 1.15592E1 7.06728E0 6.34857E0 1.24176E1 1.19784E1 9.06369E0 9.04372E0 9.36315E0 9.62268E0 1.13596E1 1.20982E1 1.07207E1 1.20184E1 1.31364E1 1.36754E1 1.31164E1 1.37353E1 1.18387E1 1.19185E1 1.31962E1 1.58714E1 1.58714E1 1.88461E1 1.64504E1 1.50928E1 1.36155E1 9.86225E0 9.30325E0 1.1639E1 1.07207E1 1.9425E1 1.78479E1 1.54322E1 1.40547E1 1.32162E1 9.96207E0 1.13596E1 1.21382E1 1.36754E1 1.36754E1 1.15592E1 1.15592E1 1.15592E1 1.36754E1 1.36754E1 5.68976E0 1.58714E1 1.58714E1 3.31403E0 9.78239E-1 8.38491E-1 1.61709E0 1.71691E0 2.03633E0 1.97644E0 3.71332E0 4.91116E0 4.55181E0 2.65522E0 3.31403E0 6.12897E0 -9999 -9999
8.56458E0 6.40846E0 6.28868E0 8.20523E0 9.06369E0 1.01417E1 1.06808E1 5.82951E0 9.48293E0 1.26772E1 9.58275E0 9.36315E0 5.1108E0 8.48473E0 1.15392E1 1.33759E1 1.58714E1 1.58714E1 1.39549E1 1.47934E1 1.44141E1 1.31364E1 1.32561E1 1.31164E1 1.31164E1 1.79277E1 1.54921E1 1.88461E1 1.88461E1 1.0541E1 1.06808E1 1.19784E1 1.11E1 1.15991E1 1.64903E1 1.86664E1 1.43542E1 1.54123E1 1.61709E1 1.68896E1 1.16989E1 1.30365E1 1.37752E1 1.58714E1 1.36754E1 1.36754E1 1.36754E1 9.28329E0 1.36754E1 1.58714E1 1.21781E1 1.79078E1 1.88461E1 7.6662E0 3.31403E0 1.87662E0 1.39748E0 7.18706E-1 2.07626E0 2.03633E0 2.65522E0 4.55181E0 4.55181E0 3.71332E0 1.15592E1 1.15592E1 1.36754E1 -9999
8.00559E0 8.90397E0 1.01417E1 8.9439E0 1.01417E1 6.70793E0 9.96207E0 4.27231E0 5.90936E0 1.0541E1 5.8894E0 5.94929E0 1.29766E1 1.09802E1 9.64264E0 1.01617E1 1.24775E1 1.46736E1 1.58714E1 9.90218E0 7.50649E0 9.46297E0 8.90397E0 1.43542E1 1.54322E1 1.79277E1 1.71891E1 1.66301E1 1.88461E1 1.32162E1 1.43741E1 1.1679E1 1.06608E1 7.82591E0 1.56119E1 1.7229E1 1.9445E1 1.89659E1 2.13416E1 2.14414E1 1.24775E1 9.30325E0 8.42484E0 1.13596E1 1.32162E1 1.36754E1 1.36754E1 6.12897E0 7.6662E0 1.667E1 9.96207E0 1.05211E1 2.13416E1 1.95249E1 2.93472E0 7.3867E-1 1.19784E0 1.61709E0 7.18706E-1 2.03633E0 2.25594E0 9.96207E0 3.71332E0 4.55181E0 1.15592E1 4.55181E0 1.36754E1 -9999
8.90397E0 9.04372E0 1.01417E1 8.9439E0 1.01417E1 1.01417E1 1.15592E1 1.07207E1 9.06369E0 5.21062E0 1.13196E1 1.21382E1 1.03613E1 9.82232E0 1.2757E1 1.37353E1 1.07207E1 7.14714E0 9.48293E0 9.74246E0 8.28509E0 8.68437E0 1.67498E1 1.58515E1 1.38551E1 1.77081E1 1.69695E1 1.67498E1 1.33759E1 1.07207E1 1.2198E1 1.43741E1 1.1679E1 1.59513E1 1.15193E1 1.57117E1 1.70293E1 1.51927E1 1.33759E1 1.23578E1 1.54123E1 1.13995E1 1.13596E1 1.42943E1 1.29167E1 1.52925E1 1.36754E1 1.36754E1 1.58714E1 4.91116E0 1.05211E1 9.96207E0 1.88461E1 2.13416E1 2.41366E1 3.31403E0 7.98563E-1 6.18886E-1 1.71691E0 5.19066E-1 2.51547E0 2.03633E0 2.25594E0 2.93472E0 1.07806E1 1.15592E1 1.36754E1 1.36754E1
1.01417E1 1.01417E1 9.48293E0 9.26333E0 1.01417E1 4.91116E0 9.28329E0 1.15592E1 8.32502E0 6.60811E0 6.04911E0 6.8876E0 8.00559E0 9.62268E0 7.22699E0 1.11599E1 1.01617E1 1.07207E1 9.54282E0 9.06369E0 1.13995E1 1.26772E1 1.70094E1 1.64903E1 1.88461E1 1.87063E1 1.52925E1 1.20184E1 1.86464E1 1.1659E1 1.40547E1 1.26971E1 1.4434E1 1.58515E1 1.02615E1 1.07207E1 9.28329E0 7.96566E0 1.44939E1 1.31164E1 1.13995E1 1.02815E1 1.24775E1 1.17788E1 9.06369E0 1.15592E1 1.25175E1 1.53324E1 1.36754E1 1.58714E1 1.05211E1 1.79078E1 1.79078E1 2.13416E1 2.13416E1 2.41366E1 1.57916E1 1.01817E0 2.03633E0 2.25594E0 2.07626E0 2.25594E0 2.65522E0 4.55181E0 9.82232E0 1.05211E1 1.15592E1 1.36754E1
9.48293E0 7.14714E0 8.90397E0 8.82412E0 1.01417E1 1.15592E1 6.70793E0 1.36754E1 8.7243E0 6.28868E0 5.98922E0 7.68616E0 8.56458E0 9.62268E0 7.1671E0 6.62807E0 1.14394E1 1.10401E1 1.21382E1 1.2757E1 1.40547E1 1.40547E1 1.88461E1 1.47734E1 1.47934E1 1.54123E1 1.5013E1 1.31364E1 1.64504E1 1.64903E1 1.50928E1 1.79078E1 1.01817E1 1.1679E1 8.08545E0 8.98383E0 9.64264E0 8.20523E0 1.37353E1 1.41945E1 1.25973E1 1.08006E1 8.32502E0 1.07207E1 7.64624E0 8.88401E0 6.70793E0 1.17788E1 1.36754E1 1.58714E1 1.58714E1 1.58714E1 1.88461E1 2.13416E1 2.13416E1 2.15612E1 1.80675E1 1.29367E1 1.39748E0 1.61709E0 2.03633E0 3.31403E0 3.43382E0 1.21781E1 1.58714E1 1.36754E1 1.36754E1 1.36754E1
1.01417E1 8.90397E0 1.01417E1 9.04372E0 1.15592E1 1.15592E1 1.01417E1 1.36754E1 9.24336E0 6.90757E0 6.02915E0 8.42484E0 7.62627E0 6.62807E0 8.64444E0 6.668E0 1.28968E1 1.17988E1 1.22579E1 1.24775E1 1.14394E1 1.26373E1 1.64903E1 1.63905E1 1.57117E1 1.21182E1 1.23977E1 1.45738E1 1.43741E1 1.65702E1 1.29167E1 1.32561E1 1.13196E1 9.92214E0 8.00559E0 9.26333E0 9.20343E0 9.20343E0 1.28968E1 1.46137E1 1.51128E1 1.23578E1 8.30505E0 7.96566E0 9.76243E0 6.668E0 7.76602E0 1.13396E1 1.36754E1 1.58714E1 1.36754E1 1.58714E1 1.58714E1 1.58714E1 1.79078E1 2.0024E1 2.25195E1 2.04432E1 1.71691E0 2.03633E0 2.07626E0 8.22519E0 1.05211E1 1.29367E1 1.58714E1 1.58714E1 1.36754E1 1.36754E1
8.68437E0 7.50649E0 1.15592E1 1.01417E1 1.15592E1 1.15592E1 9.62268E0 1.15592E1 1.02815E1 1.09403E1 4.17249E0 5.86943E0 5.98922E0 5.64983E0 1.06608E1 1.13995E1 1.13396E1 1.03813E1 1.06608E1 1.12398E1 1.09802E1 1.43741E1 1.8866E1 1.71891E1 1.65702E1 1.74286E1 1.07606E1 1.43542E1 1.44141E1 1.64903E1 1.37353E1 1.25973E1 8.78419E0 8.38491E0 6.14893E0 7.82591E0 1.35157E1 1.56119E1 1.36155E1 1.17988E1 1.29167E1 8.98383E0 7.86584E0 8.08545E0 6.62807E0 7.96566E0 7.62627E0 9.58275E0 1.1679E1 1.26173E1 7.6662E0 1.36754E1 1.36754E1 1.79078E1 1.88461E1 2.10621E1 1.88061E1 1.65103E1 1.37353E1 4.55181E0 5.25055E0 1.11799E1 1.30166E1 1.30964E1 1.58714E1 1.58714E1 1.58714E1 1.51527E1
7.46656E0 8.82412E0 1.15592E1 1.15592E1 1.06808E1 9.10361E0 1.31164E1 1.25973E1 1.15592E1 1.31763E1 1.09603E1 5.72969E0 6.1689E0 1.02615E1 1.07207E1 1.13995E1 1.14394E1 9.00379E0 1.13596E1 1.24176E1 7.50649E0 1.29167E1 1.43741E1 1.40547E1 1.5013E1 1.5013E1 9.16351E0 8.98383E0 9.76243E0 1.36155E1 1.13596E1 1.26772E1 7.14714E0 5.72969E0 6.50829E0 8.12537E0 7.06728E0 7.50649E0 6.24875E0 1.28968E1 1.24775E1 1.03813E1 8.28509E0 6.28868E0 7.46656E0 6.80775E0 8.10541E0 6.70793E0 9.90218E0 1.11399E1 1.36754E1 1.36754E1 1.58714E1 1.58714E1 2.13416E1 2.13416E1 2.13416E1 2.41366E1 1.21781E1 4.17249E0 1.19784E0 4.55181E0 2.07626E0 6.12897E0 8.22519E0 7.6662E0 6.12897E0 1.19385E1
