ENM/Final_Models/M_1_F_q_Set_1_E/Gustavia_santanderiensis_7_Choco.asc
ncols         367
nrows         963
xllcorner     -78.6
yllcorner     0.65
cellsize      0.00833333333333323
NODATA_value  -9999
[rows 640 to 671 of 963, columns 146 to 218 of 367]
-9999 -9999 -9999 -9999 -9999 -9999 -9999 -9999 -9999 9.99895E-1 9.99999E-1 9.99991E-1 9.99995E-1 9.99953E-1 9.99964E-1 9.99984E-1 9.99986E-1 9.99104E-1 9.94985E-1 9.60005E-1 9.61869E-1 9.55123E-1 9.97822E-1 9.94915E-1 9.68892E-1 5.40914E-1 3.52378E-1 4.05714E-1 2.6528E-1 4.26002E-1 9.49665E-2 9.64024E-2 1.03981E-1 2.80603E-1 6.16916E-1 7.94385E-1 9.81389E-1 8.14582E-1 5.25265E-1 4.36197E-1 1.81663E-1 6.11869E-3 2.87214E-3 4.23731E-3 2.09623E-2 6.76749E-2 4.32556E-2 6.18808E-2 1.51324E-1 1.01341E-1 4.48284E-2 1.83089E-2 3.2778E-3 2.19525E-3 5.92825E-4 2.52174E-4 2.92713E-4 1.5218E-3 1.77706E-3 2.7828E-4 1.68113E-4 2.6558E-5 4.49691E-6 1.9798E-6 4.42546E-6 1.0555E-6 4.44088E-6 -9999 -9999 -9999 -9999 -9999 1.2793E-6
-9999 -9999 -9999 -9999 -9999 -9999 -9999 -9999 -9999 9.99999E-1 1E0 9.99999E-1 9.99843E-1 9.99947E-1 9.99986E-1 9.9856E-1 9.99244E-1 9.94679E-1 9.67197E-1 9.9422E-1 9.73959E-1 9.68776E-1 9.47605E-1 8.81532E-1 8.61418E-1 5.02402E-1 2.97666E-1 4.45137E-1 4.94131E-1 4.34013E-1 3.42334E-1 1.94593E-1 1.65299E-1 2.36777E-1 8.44732E-1 5.03379E-1 7.70742E-1 8.76883E-1 5.43425E-1 1.90941E-1 1.11744E-1 5.72848E-3 1.41118E-3 3.75872E-4 3.49823E-4 1.66967E-3 1.43675E-3 1.67932E-2 1.16303E-1 5.53766E-2 6.49864E-3 1.64925E-3 4.18989E-4 1.44553E-4 1.45901E-5 8.15822E-5 3.00823E-5 3.02375E-4 1.40296E-4 2.3541E-5 3.60966E-5 3.81028E-5 9.47197E-6 4.70567E-6 2.29863E-6 9.02227E-7 2.77839E-6 -9999 -9999 -9999 -9999 -9999 2.28735E-6
-9999 -9999 -9999 -9999 -9999 -9999 -9999 -9999 1E0 9.99992E-1 9.99999E-1 9.99981E-1 9.99991E-1 9.99986E-1 9.99899E-1 9.99779E-1 9.9716E-1 9.79757E-1 9.80398E-1 9.84768E-1 9.97805E-1 9.7704E-1 9.38006E-1 9.98637E-1 9.68872E-1 4.572E-1 4.61066E-1 3.56138E-1 3.49802E-1 4.91534E-1 3.09718E-1 3.92288E-1 5.7514E-1 4.47129E-1 6.95271E-1 6.41159E-1 8.09354E-1 9.15639E-1 5.91705E-1 2.12713E-1 2.51744E-1 2.46951E-1 1.72666E-2 1.01933E-3 3.8933E-4 1.59391E-3 1.17001E-3 1.31885E-3 7.86883E-3 5.65598E-3 7.02067E-4 4.61131E-4 5.39024E-5 3.68474E-5 9.1653E-6 4.14251E-6 2.25897E-5 9.9079E-5 1.75726E-5 8.94123E-6 6.97093E-6 7.11044E-6 2.66332E-6 1.80079E-6 1.42259E-6 1.31122E-6 -9999 -9999 -9999 -9999 -9999 -9999 1.24559E-6
-9999 -9999 -9999 -9999 -9999 -9999 -9999 -9999 9.99995E-1 1E0 9.99999E-1 9.99994E-1 1E0 9.99997E-1 9.99402E-1 9.99532E-1 9.83208E-1 9.9975E-1 9.91712E-1 9.93368E-1 9.82418E-1 9.76374E-1 7.44613E-1 8.7141E-1 8.60362E-1 6.45633E-1 1.41969E-1 1.01372E-1 1.68521E-1 4.13507E-1 8.74533E-1 9.30952E-1 7.59427E-1 4.61484E-1 7.68398E-1 8.55818E-1 9.68151E-1 9.25003E-1 7.63085E-1 6.20291E-1 5.11141E-1 2.02351E-1 1.38187E-1 2.76298E-2 2.70208E-3 1.08746E-2 2.64711E-2 3.89484E-3 7.76594E-3 2.54106E-3 3.74942E-3 1.25921E-3 6.65578E-5 7.52909E-5 5.47308E-5 3.41482E-5 5.44864E-5 9.31689E-6 1.45122E-5 7.21035E-5 1.24827E-5 6.40614E-6 5.21511E-6 2.57132E-6 2.10757E-6 -9999 -9999 -9999 -9999 -9999 -9999 -9999 1.01582E-6
-9999 -9999 -9999 -9999 -9999 -9999 -9999 9.99999E-1 1E0 9.99999E-1 9.99999E-1 9.99974E-1 9.99801E-1 9.99965E-1 9.98229E-1 9.99092E-1 9.99918E-1 9.9911E-1 9.93784E-1 9.96653E-1 8.62635E-1 8.71894E-1 9.5361E-1 8.63525E-1 6.12522E-1 3.91807E-1 2.54265E-1 2.3441E-1 2.88269E-1 4.6743E-1 9.4864E-1 9.70884E-1 8.10251E-1 8.6723E-1 8.07094E-1 6.31504E-1 8.32402E-1 9.89051E-1 9.79121E-1 8.04574E-1 6.81602E-1 3.89202E-1 3.90263E-1 7.6208E-2 1.73448E-1 2.76389E-1 4.71274E-1 7.32419E-2 2.41749E-2 9.08454E-3 7.93053E-3 2.96664E-3 1.92206E-4 4.66569E-4 4.51088E-5 2.37607E-4 1.32403E-4 9.8494E-5 5.21168E-5 2.4159E-4 4.23744E-5 1.33173E-5 9.63258E-6 1.20442E-6 2.44437E-6 -9999 -9999 -9999 -9999 -9999 -9999 2.11145E-6 3.0722E-6
-9999 -9999 -9999 -9999 -9999 -9999 -9999 9.99999E-1 1E0 1E0 9.99995E-1 9.99927E-1 9.99904E-1 9.99762E-1 9.99674E-1 9.99465E-1 9.99978E-1 9.96401E-1 9.94315E-1 9.9764E-1 9.99658E-1 9.71967E-1 9.81461E-1 8.59679E-1 7.4962E-1 3.70292E-1 4.01809E-1 6.07385E-1 4.23355E-1 6.80691E-1 9.21188E-1 9.90485E-1 9.94875E-1 9.6672E-1 8.8145E-1 4.80806E-1 4.47371E-1 8.85607E-1 7.81555E-1 8.22154E-1 8.01476E-1 7.81684E-1 7.73984E-1 3.59399E-1 6.55342E-1 3.45576E-1 1.33148E-1 2.03462E-1 4.98669E-2 9.78402E-3 4.00119E-3 1.03046E-2 1.44456E-3 6.96219E-4 1.1987E-3 4.71785E-3 3.04395E-3 1.10859E-3 8.47008E-4 2.28225E-4 9.6973E-5 2.36054E-5 7.21559E-6 7.90682E-6 8.67532E-6 -9999 -9999 -9999 -9999 -9999 2.37351E-6 1.98449E-6 7.38815E-7
-9999 -9999 -9999 -9999 -9999 -9999 1E0 1E0 1E0 1E0 1E0 9.99903E-1 9.99998E-1 9.99922E-1 9.97186E-1 9.974E-1 9.99775E-1 9.98816E-1 9.79777E-1 9.99972E-1 9.82555E-1 9.64183E-1 8.78116E-1 5.64868E-1 6.25098E-1 4.09027E-1 6.19147E-1 5.38061E-1 3.47504E-1 6.36019E-1 7.3354E-1 9.27938E-1 9.99843E-1 9.77057E-1 9.80304E-1 6.53183E-1 5.05202E-1 6.90232E-1 9.87769E-1 7.58494E-1 5.38895E-1 4.90479E-1 7.05121E-1 4.02144E-1 4.8615E-1 2.38736E-1 1.52382E-1 3.58423E-2 4.9142E-2 1.14919E-2 2.03405E-3 6.0121E-3 2.87919E-3 4.63495E-3 4.48479E-3 3.70659E-3 2.50171E-3 7.90567E-4 3.25763E-3 2.03692E-4 1.02443E-4 4.14209E-5 1.99128E-5 1.2466E-5 -9999 -9999 -9999 -9999 -9999 -9999 9.4402E-6 1.4522E-6 3.32218E-6
-9999 -9999 -9999 -9999 -9999 -9999 1E0 9.99997E-1 1E0 9.99999E-1 1E0 9.99963E-1 9.99706E-1 9.92524E-1 9.99989E-1 9.9989E-1 9.89971E-1 9.98407E-1 9.97678E-1 9.99943E-1 9.97036E-1 9.99075E-1 9.98869E-1 8.32922E-1 5.67847E-1 4.79048E-1 5.51279E-1 1.94318E-1 2.3003E-1 5.09626E-1 6.85514E-1 7.04243E-1 9.73916E-1 9.9762E-1 8.98551E-1 6.4829E-1 7.27753E-1 9.79416E-1 9.95587E-1 9.927E-1 8.22007E-1 7.4839E-1 4.71845E-1 3.93701E-1 7.04402E-1 4.59571E-1 5.70421E-1 8.19083E-2 3.42314E-3 9.32855E-4 7.26399E-4 3.76621E-4 4.67196E-3 1.92108E-2 5.86761E-3 1.9314E-3 2.75239E-3 3.5116E-3 2.30964E-3 4.706E-4 5.6743E-4 3.2821E-4 4.0738E-5 3.99942E-5 -9999 -9999 -9999 -9999 -9999 -9999 6.21233E-6 2.20425E-6 6.67107E-7
-9999 -9999 -9999 -9999 -9999 9.9998E-1 1E0 9.99911E-1 9.9999E-1 9.99998E-1 1E0 9.99998E-1 9.99966E-1 9.98864E-1 9.99983E-1 9.99999E-1 9.95442E-1 9.99843E-1 9.99197E-1 9.54844E-1 9.67351E-1 9.99698E-1 9.92908E-1 5.92902E-1 6.34573E-1 4.31165E-1 2.5883E-1 2.98391E-1 4.09436E-1 5.59842E-1 2.70436E-1 2.42274E-1 5.14545E-1 8.80865E-1 6.24981E-1 7.98628E-1 9.94962E-1 9.88112E-1 6.87141E-1 8.34396E-1 9.12094E-1 9.89182E-1 9.38313E-1 5.52117E-1 8.55971E-1 4.36052E-1 1.91619E-1 1.23204E-2 1.81532E-2 6.92417E-3 1.80846E-4 1.58877E-4 9.88425E-4 4.96458E-4 2.96017E-4 4.48485E-4 9.18782E-4 3.53456E-3 6.07138E-3 6.30044E-3 1.97819E-3 1.00081E-3 1.95285E-4 1.10159E-4 -9999 -9999 -9999 -9999 -9999 3.67576E-5 8.18746E-6 2.798E-6 1.37368E-6
-9999 -9999 -9999 -9999 1E0 9.99962E-1 9.99532E-1 9.99995E-1 9.99998E-1 9.99993E-1 9.99995E-1 9.99983E-1 9.99999E-1 9.99991E-1 9.99996E-1 9.9974E-1 9.9945E-1 9.99698E-1 9.91398E-1 9.86227E-1 9.97195E-1 9.70941E-1 9.38026E-1 6.15985E-1 8.50269E-1 4.89967E-1 2.72763E-1 6.13861E-1 9.11135E-1 3.70474E-1 4.31266E-1 2.47741E-1 1.08799E-1 8.04055E-1 7.99905E-1 3.62163E-1 1.33426E-1 8.73701E-2 2.21706E-1 9.49332E-1 4.4802E-1 7.79756E-1 8.99737E-1 7.92573E-1 8.05936E-1 2.56159E-1 1.91983E-2 1.81478E-3 1.62054E-3 6.88936E-4 3.86166E-4 2.20732E-4 1.63298E-4 4.04125E-4 4.26034E-4 1.41722E-3 1.35761E-3 9.76944E-4 1.53766E-3 7.15534E-3 4.24517E-3 2.18394E-3 1.49998E-3 6.47762E-4 -9999 -9999 -9999 -9999 -9999 9.87598E-5 5.04829E-5 1.29796E-5 3.89135E-6
-9999 -9999 -9999 9.99371E-1 1E0 9.99968E-1 9.99911E-1 9.99996E-1 1E0 9.99989E-1 9.99886E-1 9.99987E-1 9.99999E-1 9.97559E-1 9.99275E-1 9.99625E-1 9.97135E-1 9.99836E-1 9.99998E-1 9.99992E-1 9.98949E-1 9.54229E-1 6.54909E-1 9.20774E-1 7.22163E-1 5.43012E-1 7.94052E-1 6.68805E-1 9.87303E-1 4.04839E-1 3.26702E-1 3.22923E-1 6.53834E-1 6.72933E-1 6.88488E-1 7.07898E-1 9.60037E-1 8.68236E-1 6.45648E-1 5.76321E-1 1.98962E-1 2.70138E-1 3.69828E-1 3.59215E-1 5.2852E-1 9.44742E-2 5.89841E-3 2.17916E-3 1.0512E-3 1.23381E-3 4.49329E-4 3.84709E-5 2.70697E-5 1.48972E-4 1.03468E-3 3.37315E-4 1.23378E-3 4.81115E-4 1.21086E-3 2.11699E-3 2.5387E-3 6.43176E-4 1.09216E-3 2.66221E-3 -9999 -9999 -9999 -9999 -9999 3.61867E-5 3.46351E-5 2.92567E-6 7.62414E-7
-9999 1E0 9.99998E-1 9.99952E-1 9.99992E-1 9.99973E-1 9.99894E-1 9.99934E-1 9.99884E-1 9.99986E-1 9.9995E-1 9.99982E-1 9.99999E-1 1E0 9.99959E-1 9.99906E-1 9.9998E-1 9.9999E-1 9.99996E-1 9.99983E-1 9.95004E-1 8.9387E-1 7.82958E-1 7.84973E-1 9.31686E-1 9.28308E-1 9.93359E-1 9.21046E-1 8.12255E-1 7.28771E-1 8.66024E-1 9.39028E-1 9.06721E-1 7.39738E-1 6.08125E-1 9.32719E-1 9.85892E-1 7.60931E-1 2.38913E-1 3.98067E-1 2.78635E-1 1.55475E-1 5.8515E-1 6.15104E-1 7.24987E-1 5.65667E-1 2.01755E-2 1.59354E-2 9.53985E-3 1.99465E-3 5.32511E-4 9.35536E-4 5.0561E-5 5.67297E-4 1.43246E-2 1.31546E-2 1.71388E-2 2.47121E-2 2.79611E-3 9.97399E-4 1.65156E-3 9.27389E-4 5.70276E-4 9.31196E-4 6.37543E-4 -9999 -9999 -9999 9.12763E-5 4.39008E-5 2.76471E-5 1.70365E-6 4.03412E-7
1E0 1E0 9.99992E-1 9.99997E-1 9.99995E-1 9.99984E-1 9.99999E-1 9.9999E-1 9.9998E-1 9.99868E-1 9.99999E-1 9.99981E-1 9.99999E-1 9.99998E-1 1E0 9.99977E-1 9.99998E-1 9.99509E-1 9.99996E-1 1E0 9.99802E-1 9.42347E-1 9.26543E-1 8.90604E-1 9.56373E-1 9.52782E-1 8.71465E-1 9.54015E-1 7.64006E-1 6.28495E-1 6.71236E-1 8.2663E-1 6.20191E-1 9.72459E-1 9.80678E-1 9.62911E-1 8.56149E-1 4.98602E-1 7.86849E-2 8.39889E-2 1.38896E-1 1.83927E-1 1.9025E-1 1.74042E-1 2.53945E-1 2.71899E-1 4.60426E-2 3.87353E-2 2.59275E-2 7.60061E-3 1.05569E-3 1.45021E-3 1.34782E-3 2.16943E-3 4.09323E-3 9.67558E-3 2.05324E-2 1.56347E-2 9.79213E-4 8.19805E-4 4.79051E-3 2.17064E-3 1.40857E-3 6.38392E-4 4.17898E-4 -9999 -9999 -9999 6.36597E-6 6.92291E-6 4.54872E-6 2.77933E-6 1.69162E-6
1E0 1E0 1E0 9.99999E-1 9.99998E-1 9.99991E-1 9.99999E-1 9.99913E-1 9.99933E-1 1E0 9.99993E-1 9.99991E-1 9.99989E-1 9.99998E-1 1E0 1E0 1E0 9.99996E-1 9.99998E-1 9.99812E-1 9.99871E-1 9.28891E-1 9.26764E-1 7.72184E-1 8.17561E-1 9.26022E-1 6.80785E-1 9.91949E-1 9.19225E-1 6.48619E-1 8.37597E-1 7.84512E-1 7.00132E-1 9.76109E-1 9.91586E-1 9.79048E-1 8.46339E-1 4.55004E-1 2.0737E-1 3.30859E-2 1.3174E-2 2.93952E-2 1.44465E-2 3.05492E-2 7.27964E-2 1.55918E-1 8.2876E-3 1.49298E-2 3.97485E-2 1.90159E-2 7.42247E-3 5.02323E-3 2.34249E-3 2.60733E-3 4.46588E-3 4.5457E-3 3.01297E-2 2.20745E-2 7.20977E-3 8.07292E-3 2.16944E-2 5.70239E-3 2.16692E-3 1.46551E-3 2.29484E-3 8.71309E-4 1.12632E-4 2.49176E-5 1.71569E-5 4.17639E-6 2.18196E-6 9.50005E-7 1.84772E-6
1E0 1E0 1E0 1E0 1E0 1E0 9.99936E-1 9.99959E-1 9.9994E-1 9.99991E-1 9.99997E-1 1E0 1E0 1E0 9.99999E-1 9.9937E-1 9.99961E-1 9.99864E-1 9.99999E-1 9.99996E-1 9.99335E-1 9.80174E-1 9.41641E-1 8.25688E-1 6.19707E-1 5.71853E-1 8.57257E-1 7.23604E-1 8.63083E-1 6.77594E-1 9.84693E-1 9.57641E-1 8.87586E-1 9.84964E-1 9.38058E-1 9.95999E-1 7.71771E-1 7.60282E-1 3.88086E-1 7.94588E-2 6.71237E-3 5.77871E-3 8.92836E-3 7.61581E-3 1.73389E-2 1.1377E-2 4.13472E-4 4.64173E-3 1.55713E-2 2.78034E-2 1.1785E-2 1.04658E-2 8.22039E-3 2.38855E-3 2.11315E-3 4.8752E-3 5.00107E-2 5.1097E-2 2.86228E-2 2.64891E-2 3.69985E-2 1.66362E-2 2.38319E-2 2.73702E-2 5.06892E-3 6.99822E-4 1.55664E-4 5.66224E-5 3.33921E-5 6.75061E-6 6.70804E-6 1.50964E-6 4.40487E-7
1E0 1E0 1E0 1E0 1E0 1E0 1E0 1E0 9.99994E-1 9.99997E-1 1E0 1E0 1E0 1E0 9.99984E-1 9.99995E-1 1E0 9.99996E-1 9.99685E-1 9.99335E-1 9.99958E-1 7.73506E-1 9.89934E-1 9.35188E-1 5.908E-1 5.41012E-1 7.30829E-1 7.00711E-1 9.38528E-1 9.79814E-1 9.76813E-1 9.91103E-1 8.98454E-1 8.14916E-1 9.15212E-1 9.97278E-1 9.75406E-1 8.10104E-1 6.72044E-1 3.05963E-1 1.04483E-1 1.95176E-2 5.79384E-3 2.72276E-3 1.1825E-3 2.41203E-4 3.37163E-4 6.37709E-4 3.22892E-3 5.15138E-3 7.21113E-3 1.47401E-2 1.09877E-2 4.6691E-3 1.07136E-2 1.20752E-2 6.10531E-2 6.32581E-2 6.63764E-2 9.6212E-2 5.55917E-2 7.14858E-2 7.93388E-2 6.16135E-2 2.69619E-2 1.03293E-2 2.62839E-3 8.68318E-4 1.16894E-4 1.79558E-5 1.83739E-6 7.06854E-7 9.21073E-7
1E0 1E0 1E0 1E0 1E0 1E0 1E0 1E0 9.99999E-1 9.99995E-1 1E0 1E0 9.99927E-1 9.99982E-1 1E0 9.99998E-1 9.99992E-1 1E0 1E0 9.99998E-1 9.93409E-1 9.2656E-1 9.70665E-1 9.56844E-1 8.24452E-1 5.36673E-1 8.02169E-1 7.64953E-1 9.19792E-1 8.904E-1 9.71651E-1 9.60928E-1 9.17245E-1 8.84656E-1 9.86881E-1 9.70108E-1 9.92898E-1 9.84849E-1 9.01297E-1 3.79249E-1 1.52075E-1 1.0043E-1 4.60795E-2 2.30544E-3 6.81519E-4 1.18619E-3 3.98996E-4 5.94339E-3 7.05263E-3 3.1961E-3 1.687E-3 2.00624E-3 4.04444E-3 2.64596E-3 5.66937E-3 8.75895E-2 7.0642E-2 7.8502E-2 7.34483E-2 1.46483E-1 8.94494E-2 1.61513E-2 1.06522E-2 6.41085E-3 1.91304E-2 3.54008E-3 5.77493E-4 3.58438E-4 4.48623E-5 2.99952E-6 1.78541E-6 3.10473E-6 7.54936E-6
1E0 1E0 1E0 1E0 1E0 1E0 1E0 1E0 9.9997E-1 9.9999E-1 1E0 9.99999E-1 1E0 1E0 1E0 9.99998E-1 9.99998E-1 9.99998E-1 1E0 1E0 9.98459E-1 9.9697E-1 9.78859E-1 9.9952E-1 9.73256E-1 7.85332E-1 8.98368E-1 9.1252E-1 9.91321E-1 9.94406E-1 9.75621E-1 7.59017E-1 6.76314E-1 9.51233E-1 9.91375E-1 9.89322E-1 9.98983E-1 9.22464E-1 4.94831E-1 2.08857E-1 2.76752E-1 2.25463E-1 1.99745E-1 5.82005E-2 1.94527E-3 5.87185E-3 2.4023E-2 9.67924E-2 4.51541E-2 1.3596E-2 9.35491E-3 2.77704E-3 3.50782E-3 1.02226E-2 1.00991E-2 5.36873E-2 9.72891E-2 8.11107E-2 7.51677E-2 3.84324E-2 2.14617E-2 2.8812E-2 7.57118E-3 7.35202E-4 2.24363E-3 1.14671E-3 4.3832E-4 7.13608E-5 6.06673E-6 6.42666E-7 6.44756E-7 1.14813E-6 9.51004E-7
1E0 1E0 1E0 9.99999E-1 1E0 1E0 1E0 1E0 9.99999E-1 9.99996E-1 1E0 9.99999E-1 1E0 9.99999E-1 9.99979E-1 9.99979E-1 9.99996E-1 9.99975E-1 9.99997E-1 9.99998E-1 9.39417E-1 9.64339E-1 9.95763E-1 9.99256E-1 7.5637E-1 4.70384E-1 5.36583E-1 9.65009E-1 8.8946E-1 9.07346E-1 8.16629E-1 6.83917E-1 6.80254E-1 8.56457E-1 8.98667E-1 9.99996E-1 9.99937E-1 9.4088E-1 7.19416E-1 2.50582E-1 5.67143E-1 6.78685E-1 3.37011E-1 3.05957E-1 1.20138E-2 3.25841E-2 1.64918E-1 1.52426E-1 5.42881E-2 2.02627E-2 1.51462E-2 1.82087E-2 4.25018E-2 7.06086E-2 2.62503E-2 7.03612E-2 8.12119E-2 7.88031E-2 3.59497E-2 1.18305E-2 7.30175E-3 9.92602E-3 3.65335E-3 5.98751E-4 3.81168E-4 5.60977E-4 2.99783E-4 9.05593E-6 7.68929E-6 6.49579E-6 3.49956E-6 5.46298E-7 2.58347E-7
1E0 1E0 1E0 1E0 1E0 1E0 1E0 1E0 1E0 1E0 1E0 1E0 9.99999E-1 1E0 9.99996E-1 9.99995E-1 9.99999E-1 1E0 9.99992E-1 9.99999E-1 9.93765E-1 9.81091E-1 9.99281E-1 9.93229E-1 9.24609E-1 6.79288E-1 6.66232E-1 9.20965E-1 9.63305E-1 7.11604E-1 7.625E-1 5.04706E-1 6.03877E-1 9.27126E-1 9.14624E-1 9.99834E-1 1E0 9.9978E-1 9.95045E-1 6.6619E-1 8.8773E-1 8.78246E-1 7.55569E-1 7.57671E-1 9.60334E-2 1.71857E-1 4.33124E-1 1.29676E-1 2.43431E-2 1.64856E-2 1.57615E-2 5.12641E-2 2.13988E-1 1.88165E-1 6.08849E-2 5.64228E-2 9.1505E-2 4.69126E-2 2.99252E-2 9.42515E-3 1.09313E-3 5.10125E-4 6.50903E-4 3.35241E-4 5.36319E-5 1.66151E-4 9.65982E-5 3.51142E-5 2.44637E-5 3.51659E-6 6.52767E-7 1.0856E-6 1.29739E-6
1E0 1E0 1E0 1E0 1E0 1E0 1E0 1E0 1E0 9.99981E-1 9.9327E-1 9.99998E-1 1E0 1E0 9.9999E-1 9.99991E-1 9.99968E-1 1E0 9.99969E-1 9.99575E-1 9.98265E-1 9.50815E-1 9.76378E-1 9.51693E-1 8.57869E-1 9.54062E-1 9.77341E-1 7.07617E-1 9.0852E-1 9.97138E-1 8.07426E-1 6.11E-1 7.6523E-1 9.67598E-1 4.85171E-1 8.89926E-1 9.92942E-1 9.46822E-1 9.76812E-1 8.87832E-1 9.43185E-1 8.19063E-1 8.43736E-1 7.75857E-1 1.01341E-1 1.20962E-1 1.25183E-1 3.47738E-2 1.72553E-2 1.58468E-2 1.09343E-2 2.79863E-2 5.42124E-2 2.09508E-2 9.56872E-2 7.62696E-2 1.20047E-1 1.12597E-1 4.41362E-2 1.0224E-2 2.92188E-3 6.76805E-4 1.81497E-4 2.24308E-4 7.78622E-5 4.74868E-5 5.08012E-5 2.04326E-5 4.63112E-5 4.96751E-6 9.76538E-6 3.12597E-6 3.18384E-6
1E0 1E0 1E0 1E0 1E0 9.99996E-1 1E0 1E0 1E0 1E0 9.98565E-1 9.99241E-1 9.99985E-1 9.99148E-1 9.99998E-1 9.99888E-1 9.99988E-1 9.99997E-1 9.99664E-1 9.99972E-1 9.91183E-1 9.91579E-1 8.80452E-1 9.29856E-1 7.50805E-1 9.90279E-1 9.2157E-1 4.02855E-1 5.97975E-1 9.94847E-1 9.99377E-1 9.96204E-1 9.3325E-1 8.09501E-1 6.01441E-1 7.9385E-1 9.18126E-1 9.96181E-1 6.19232E-1 8.79322E-1 7.45843E-1 5.22802E-1 2.76183E-1 9.46087E-2 1.79704E-2 3.9487E-2 7.81474E-2 2.22983E-2 1.19065E-2 8.86946E-3 1.12698E-2 3.19568E-2 6.16056E-2 8.87774E-2 1.5642E-1 9.33392E-2 2.87509E-1 1.93367E-1 4.73622E-2 1.97448E-2 4.28255E-3 1.21543E-3 1.15728E-4 4.33121E-4 9.06381E-5 1.38789E-4 1.82562E-4 3.49351E-4 1.72806E-4 3.45557E-5 3.28065E-5 2.83299E-5 2.68659E-5
1E0 1E0 1E0 1E0 1E0 9.99999E-1 9.99991E-1 1E0 1E0 9.99983E-1 9.99999E-1 9.99995E-1 9.99952E-1 9.99015E-1 9.99978E-1 9.99988E-1 9.99999E-1 9.99822E-1 9.99957E-1 9.99913E-1 9.99501E-1 9.83042E-1 9.93057E-1 8.94405E-1 9.83197E-1 8.22584E-1 9.10643E-1 9.04787E-1 9.73045E-1 9.96055E-1 9.99337E-1 9.99254E-1 9.99794E-1 9.99636E-1 8.49006E-1 9.11795E-1 7.60387E-1 4.31263E-1 4.15596E-1 2.68849E-1 8.11879E-1 5.8983E-1 3.49738E-1 4.37222E-1 7.80863E-1 6.97061E-1 6.49445E-1 7.65621E-2 1.37537E-1 2.98675E-2 4.46039E-2 6.5719E-2 1.10201E-1 2.37871E-1 1.80078E-1 2.09766E-1 2.58756E-1 7.42055E-2 4.58837E-2 1.80133E-2 2.97908E-3 9.72026E-4 3.24333E-4 9.6653E-4 5.88564E-4 1.51633E-3 3.55757E-3 4.44541E-4 9.82357E-5 1.63916E-5 2.54112E-5 1.20297E-5 1.29674E-5
1E0 1E0 1E0 1E0 1E0 1E0 1E0 1E0 1E0 1E0 9.99998E-1 1E0 9.99999E-1 1E0 1E0 9.99858E-1 9.99767E-1 1E0 9.99832E-1 9.99996E-1 9.99992E-1 9.9935E-1 9.99979E-1 9.99712E-1 9.86326E-1 9.97136E-1 9.95615E-1 9.90778E-1 9.82472E-1 9.92354E-1 9.703E-1 9.99083E-1 9.99999E-1 9.52472E-1 8.06611E-1 8.28411E-1 7.60512E-1 3.52067E-1 1.71615E-1 2.12675E-1 4.90455E-1 2.3128E-1 5.08468E-1 3.8659E-1 6.05669E-2 3.84167E-1 6.76545E-1 6.17414E-1 1.14727E-1 1.70953E-2 4.66078E-2 2.01702E-1 4.0717E-1 3.99076E-1 2.81768E-1 5.71887E-1 1.9201E-1 1.65419E-1 5.77103E-2 3.13554E-2 2.85846E-3 3.72389E-3 2.10208E-3 5.82236E-3 1.24851E-3 5.17402E-3 2.54796E-3 8.98866E-4 1.4897E-4 2.72603E-5 2.82611E-5 2.73544E-5 3.27445E-5
1E0 1E0 1E0 1E0 1E0 1E0 1E0 1E0 1E0 1E0 1E0 1E0 9.99999E-1 1E0 1E0 9.99734E-1 9.99937E-1 9.80491E-1 9.99139E-1 9.98785E-1 9.99628E-1 9.99673E-1 9.9975E-1 9.68902E-1 9.96983E-1 9.9287E-1 9.94555E-1 9.98993E-1 9.8913E-1 7.6164E-1 5.80774E-1 9.99121E-1 9.99494E-1 9.89648E-1 8.93691E-1 4.34359E-1 3.75664E-1 2.00124E-1 9.26129E-2 1.85516E-1 2.05875E-1 2.2564E-1 1.14879E-1 1.31329E-1 6.92053E-2 2.34748E-1 5.43817E-1 7.82639E-1 5.11391E-1 8.87728E-2 7.26677E-2 1.56671E-1 3.16038E-1 3.71006E-1 6.74913E-1 4.09604E-1 8.68994E-2 1.14456E-1 1.73139E-1 7.18575E-2 3.58636E-2 4.044E-2 3.95951E-3 6.81549E-3 1.51413E-2 6.52689E-3 9.7246E-4 5.62891E-5 3.99946E-5 4.93309E-5 3.48299E-5 3.99051E-5 1.01257E-4
1E0 1E0 1E0 1E0 1E0 1E0 1E0 1E0 1E0 1E0 1E0 1E0 1E0 1E0 1E0 1E0 9.99797E-1 9.38432E-1 9.98239E-1 9.99837E-1 9.82075E-1 9.96131E-1 9.81043E-1 9.96839E-1 9.98042E-1 9.99147E-1 9.98978E-1 9.77273E-1 9.16542E-1 4.36511E-1 5.07889E-1 9.98942E-1 9.99967E-1 9.99957E-1 9.68949E-1 6.17389E-1 7.63775E-1 5.14892E-1 2.54691E-1 1.06927E-1 4.70067E-2 3.0862E-2 7.65302E-3 6.03644E-2 1.1915E-1 1.22097E-1 2.45005E-1 5.79325E-1 8.7799E-1 1.83296E-1 1.59892E-1 1.21305E-1 1.60919E-1 2.31356E-1 6.6933E-1 6.06568E-1 4.34983E-1 1.41374E-1 1.34891E-1 2.45635E-1 7.11193E-2 3.54003E-2 6.84473E-2 3.20592E-2 2.44857E-2 2.29342E-3 5.37698E-4 7.53257E-6 6.18159E-6 2.2085E-5 5.10918E-5 5.01593E-5 -9999
1E0 1E0 1E0 9.99996E-1 1E0 1E0 1E0 1E0 1E0 1E0 9.99999E-1 9.99998E-1 1E0 1E0 1E0 9.99981E-1 9.99998E-1 9.98373E-1 9.99677E-1 9.82879E-1 9.92233E-1 9.28155E-1 9.88459E-1 9.8648E-1 9.99718E-1 9.99772E-1 9.98937E-1 9.58839E-1 7.93025E-1 3.19095E-1 4.41821E-1 9.89364E-1 9.95177E-1 9.73172E-1 9.40409E-1 6.12329E-1 3.27928E-1 2.03981E-1 6.86118E-2 1.02304E-1 3.23104E-3 2.2223E-4 1.32461E-3 5.17832E-2 9.14334E-2 1.26243E-1 1.51335E-1 8.95673E-2 6.50803E-1 6.82979E-1 6.49087E-1 4.60038E-1 3.37091E-1 6.48984E-1 7.52214E-1 3.68928E-1 5.38575E-1 2.69184E-1 3.08451E-1 1.33706E-1 1.09199E-1 4.11919E-2 3.27618E-2 2.80927E-2 9.3252E-3 5.24365E-4 6.83551E-5 2.52305E-6 1.18167E-6 3.78476E-5 5.24026E-5 1.82389E-4 -9999
1E0 1E0 1E0 1E0 1E0 1E0 1E0 1E0 1E0 1E0 9.99889E-1 9.99966E-1 1E0 9.99999E-1 1E0 9.99693E-1 1E0 1E0 9.95002E-1 9.96193E-1 9.95557E-1 9.96465E-1 9.99988E-1 9.95891E-1 9.99942E-1 9.83334E-1 9.42635E-1 8.55502E-1 5.30387E-1 3.73968E-1 4.73859E-1 9.87999E-1 9.05342E-1 3.95807E-1 7.00077E-1 6.85432E-1 4.14272E-1 8.42163E-3 4.286E-3 2.64699E-3 1.98824E-4 1.0115E-4 5.61571E-4 6.96785E-2 1.20351E-1 1.28028E-1 8.50153E-2 8.00326E-2 3.52376E-1 6.33895E-1 4.07936E-1 7.11881E-1 5.2114E-1 8.33024E-1 5.39839E-1 1.23022E-1 7.59291E-2 5.06796E-2 3.57749E-2 4.146E-2 1.0165E-1 2.79078E-2 1.64365E-2 6.88767E-3 2.97115E-3 1.09063E-4 3.64675E-5 5.28547E-7 1.62369E-6 5.6514E-6 1.73211E-5 -9999 -9999
1E0 1E0 1E0 1E0 1E0 1E0 1E0 1E0 1E0 1E0 9.99999E-1 9.99895E-1 9.99998E-1 9.99932E-1 9.99928E-1 1E0 1E0 1E0 9.99129E-1 8.49295E-1 7.95341E-1 9.68963E-1 9.97279E-1 9.95024E-1 9.87712E-1 9.93326E-1 9.04025E-1 6.37898E-1 4.59562E-1 1.9995E-1 3.02279E-1 9.68133E-1 8.64704E-1 4.37557E-1 5.12446E-1 3.79171E-1 5.08128E-2 4.53176E-3 7.75344E-4 1.38446E-4 1.35302E-5 3.34312E-4 1.11269E-3 5.33975E-2 1.61792E-1 1.28871E-1 3.27734E-2 1.51614E-1 3.99576E-1 6.98603E-1 2.0921E-1 3.33772E-1 5.31183E-1 8.48941E-1 5.04244E-1 9.95014E-2 1.16231E-1 3.32985E-2 2.31586E-2 1.15592E-2 4.96776E-2 1.28745E-2 1.03581E-2 5.64032E-3 1.25159E-3 4.64164E-4 8.98533E-5 1.09711E-6 3.45407E-7 1.58315E-6 3.57036E-5 -9999 -9999
1E0 1E0 1E0 1E0 1E0 1E0 1E0 1E0 1E0 9.99999E-1 1E0 9.99943E-1 9.99851E-1 9.99997E-1 1E0 1E0 1E0 9.99981E-1 9.81864E-1 9.93752E-1 9.97238E-1 8.50565E-1 9.74913E-1 9.67866E-1 9.7139E-1 9.65902E-1 8.00608E-1 5.27651E-1 2.89412E-1 1.5574E-1 2.87398E-1 7.21345E-1 9.63963E-1 5.9494E-1 4.66734E-1 2.11226E-1 2.36729E-2 2.76209E-3 2.78203E-3 6.33983E-4 5.27515E-5 4.88909E-4 3.33592E-3 1.06359E-1 6.08426E-2 1.15225E-1 7.47915E-2 2.36919E-1 2.13311E-1 4.72737E-1 4.58513E-1 1.8916E-1 2.46563E-1 4.3193E-1 7.78327E-1 4.66865E-1 1.4253E-1 9.98921E-2 5.07738E-2 7.721E-3 2.07223E-3 1.50818E-3 1.07598E-3 7.31868E-4 4.6674E-4 1.30457E-4 4.96636E-5 2.00009E-6 1.41354E-6 3.69393E-7 1.80772E-5 -9999 -9999
1E0 1E0 1E0 1E0 1E0 1E0 1E0 1E0 1E0 1E0 1E0 9.99934E-1 9.99996E-1 9.99998E-1 1E0 9.99957E-1 1E0 1E0 9.99999E-1 9.9999E-1 9.99986E-1 9.76862E-1 7.67164E-1 9.91865E-1 8.98381E-1 9.36463E-1 7.23967E-1 4.93579E-1 2.84757E-1 4.04962E-1 3.98121E-1 4.50488E-1 3.72769E-1 2.27897E-1 5.54235E-1 2.44064E-1 1.37817E-2 3.94372E-3 1.12508E-3 5.41855E-4 2.69544E-5 9.04981E-4 2.73933E-3 2.73225E-2 5.71993E-2 1.02473E-1 1.07535E-1 1.769E-1 1.29134E-1 2.06706E-1 2.86249E-1 2.6503E-1 1.61237E-1 1.32934E-1 4.92272E-1 6.74301E-1 3.91738E-1 1.81655E-1 7.92458E-2 3.68503E-2 2.45347E-3 2.86218E-4 1.18635E-3 3.63356E-4 8.92413E-5 1.24037E-4 1.21742E-4 7.39496E-6 5.47927E-6 6.78642E-6 1.15064E-5 -9999 -9999
1E0 1E0 1E0 1E0 1E0 1E0 1E0 1E0 1E0 1E0 9.99997E-1 9.99996E-1 9.99998E-1 1E0 1E0 9.99998E-1 1E0 1E0 1E0 9.98105E-1 9.98508E-1 8.92288E-1 9.54101E-1 9.80931E-1 9.10123E-1 9.91865E-1 9.70081E-1 6.83432E-1 8.40348E-1 9.30137E-1 9.6179E-1 9.5106E-1 5.83083E-1 6.49118E-1 8.95532E-1 4.24007E-1 2.22958E-3 9.02401E-4 5.08531E-4 1.43645E-4 2.01553E-5 9.43354E-5 2.58669E-3 1.30848E-2 8.15199E-2 9.83185E-2 5.06666E-2 9.74555E-2 8.36821E-2 1.68647E-1 3.15314E-2 1.40855E-1 1.20208E-1 5.7403E-2 1.86872E-1 2.25927E-1 3.26974E-1 3.17834E-1 1.75032E-1 6.6085E-2 2.91371E-3 1.03607E-3 2.45801E-3 1.55044E-3 6.67391E-4 6.79901E-4 4.57421E-4 1.22745E-4 5.08737E-6 2.3339E-5 1.43492E-5 -9999 -9999
