ENM/Final_Models/M_1_F_q_Set_1_E/Gustavia_santanderiensis_Choco_stddev.asc
ncols         367
nrows         963
xllcorner     -78.6
yllcorner     0.65
cellsize      0.00833333333333323
NODATA_value  -9999
[rows 450 to 479 of 963, columns 134 to 200 of 367]
-9999 -9999 -9999 -9999 -9999 -9999 -9999 -9999 -9999 -9999 -9999 -9999 -9999 -9999 -9999 -9999 -9999 -9999 -9999 -9999 -9999 -9999 -9999 -9999 2.1942E-1 7.64655E-2 2.21049E-1 3.64769E-1 3.66728E-1 3.73921E-1 3.93904E-1 3.87859E-1 3.66011E-1 3.76931E-1 3.79153E-1 2.96619E-1 3.50147E-1 3.44462E-1 3.35299E-1 3.81495E-1 3.91812E-1 3.93254E-1 3.95E-1 3.36507E-1 3.77636E-1 2.94067E-1 3.95941E-1 3.71336E-1 3.8126E-1 3.84411E-1 3.86833E-1 3.89002E-1 3.98721E-1 3.98604E-1 3.98874E-1 3.98069E-1 3.97587E-1 3.99263E-1 3.9945E-1 3.99182E-1 3.99368E-1 3.99332E-1 3.99172E-1 3.99603E-1 3.99546E-1 3.99455E-1 3.98841E-1
-9999 -9999 -9999 -9999 -9999 -9999 -9999 -9999 -9999 -9999 -9999 -9999 -9999 -9999 -9999 -9999 -9999 -9999 -9999 -9999 -9999 -9999 -9999 -9999 2.49224E-1 2.31975E-1 3.56817E-1 3.97439E-1 3.55968E-1 3.97781E-1 3.68822E-1 3.92178E-1 3.62798E-1 3.80685E-1 3.88047E-1 3.86114E-1 3.84285E-1 3.83528E-1 3.73773E-1 3.79633E-1 3.72644E-1 3.78193E-1 3.84483E-1 3.48635E-1 3.44069E-1 3.86597E-1 3.9619E-1 3.95823E-1 3.95018E-1 3.96839E-1 3.97994E-1 3.9802E-1 3.98797E-1 3.97906E-1 3.99512E-1 3.99286E-1 3.98593E-1 3.98946E-1 3.99167E-1 3.98938E-1 3.98108E-1 3.99472E-1 3.98632E-1 3.99691E-1 3.99522E-1 3.99606E-1 3.99317E-1
-9999 -9999 -9999 -9999 -9999 -9999 -9999 -9999 -9999 -9999 -9999 -9999 -9999 -9999 -9999 -9999 -9999 -9999 -9999 -9999 -9999 -9999 -9999 -9999 3.94765E-1 3.65922E-1 3.66545E-1 3.94661E-1 3.92559E-1 3.97383E-1 3.74553E-1 3.93895E-1 3.07827E-1 3.15178E-1 3.91868E-1 3.9433E-1 3.93223E-1 3.94103E-1 3.93076E-1 3.85614E-1 3.83689E-1 3.82468E-1 3.83533E-1 3.9529E-1 3.68752E-1 3.64187E-1 2.97687E-1 3.93604E-1 3.96625E-1 3.97106E-1 3.9879E-1 3.99218E-1 3.99166E-1 3.99323E-1 3.9925E-1 3.97496E-1 3.97275E-1 3.97567E-1 3.94153E-1 3.99213E-1 3.99232E-1 3.98278E-1 3.98469E-1 3.99006E-1 3.99011E-1 3.9954E-1 3.98903E-1
-9999 -9999 -9999 -9999 -9999 -9999 -9999 -9999 -9999 -9999 -9999 -9999 -9999 -9999 -9999 -9999 -9999 -9999 -9999 -9999 -9999 -9999 -9999 -9999 -9999 3.93126E-1 3.40526E-1 3.08439E-1 3.05064E-1 3.5292E-1 3.59348E-1 3.70927E-1 3.92349E-1 3.97849E-1 3.98305E-1 3.99435E-1 3.99488E-1 3.99349E-1 3.9787E-1 3.215E-1 3.25001E-1 3.30637E-1 3.29436E-1 3.14371E-1 3.27247E-1 3.79084E-1 3.85282E-1 3.96064E-1 3.98341E-1 3.96392E-1 3.96123E-1 3.95039E-1 3.9956E-1 3.98673E-1 3.99369E-1 3.96858E-1 3.97454E-1 3.79666E-1 3.97625E-1 3.99284E-1 3.98945E-1 3.98814E-1 3.97291E-1 3.92645E-1 3.99255E-1 3.99621E-1 3.99586E-1
-9999 -9999 -9999 -9999 -9999 -9999 -9999 -9999 -9999 -9999 -9999 -9999 -9999 -9999 -9999 -9999 -9999 -9999 -9999 -9999 -9999 -9999 -9999 -9999 -9999 3.69631E-1 3.68665E-1 2.74024E-1 2.66839E-1 2.57679E-1 3.70828E-1 3.66446E-1 3.98378E-1 3.97888E-1 3.96355E-1 3.97352E-1 3.9757E-1 3.96811E-1 3.93853E-1 3.93721E-1 3.86375E-1 3.77499E-1 3.75208E-1 3.21544E-1 3.43446E-1 3.80283E-1 3.84854E-1 3.38929E-1 3.38011E-1 3.80582E-1 3.81186E-1 3.96199E-1 3.9882E-1 3.99359E-1 3.96431E-1 3.79317E-1 3.79609E-1 3.96473E-1 3.96657E-1 3.99092E-1 3.9736E-1 3.98938E-1 3.99286E-1 3.99285E-1 3.99471E-1 3.99406E-1 3.99691E-1
-9999 -9999 -9999 -9999 -9999 -9999 -9999 -9999 -9999 -9999 -9999 -9999 -9999 -9999 -9999 -9999 -9999 -9999 -9999 -9999 -9999 -9999 -9999 -9999 -9999 2.55451E-1 3.6233E-1 3.95035E-1 3.57301E-1 3.62373E-1 3.59553E-1 3.60105E-1 3.96813E-1 3.77142E-1 3.72812E-1 3.74532E-1 3.69612E-1 3.68285E-1 3.57751E-1 3.97122E-1 3.96461E-1 3.93509E-1 3.82477E-1 3.73393E-1 3.75579E-1 3.76006E-1 3.79006E-1 3.82022E-1 3.78609E-1 3.94117E-1 3.94612E-1 3.96323E-1 3.82539E-1 3.98668E-1 3.95827E-1 3.80739E-1 3.80155E-1 3.96086E-1 3.98283E-1 3.9909E-1 3.97892E-1 3.99391E-1 3.99604E-1 3.99392E-1 3.72065E-1 3.97803E-1 3.98047E-1
-9999 -9999 -9999 -9999 -9999 -9999 -9999 -9999 -9999 -9999 -9999 -9999 -9999 -9999 -9999 -9999 -9999 -9999 -9999 -9999 -9999 -9999 -9999 -9999 -9999 -9999 3.60837E-1 3.88855E-1 3.9659E-1 3.50198E-1 3.93254E-1 3.93626E-1 3.96753E-1 3.94164E-1 3.91438E-1 3.96808E-1 2.88604E-1 3.02372E-1 3.17552E-1 3.36044E-1 3.97599E-1 3.97791E-1 3.95973E-1 3.77547E-1 3.79741E-1 3.82339E-1 3.94978E-1 3.81433E-1 3.81252E-1 3.99313E-1 3.99187E-1 3.80653E-1 3.84028E-1 3.95352E-1 3.95408E-1 3.77385E-1 3.79086E-1 3.78591E-1 3.98527E-1 3.97677E-1 3.97996E-1 3.78053E-1 3.97366E-1 3.9736E-1 3.1747E-1 3.97904E-1 3.9962E-1
-9999 -9999 -9999 -9999 -9999 -9999 -9999 -9999 -9999 -9999 -9999 -9999 -9999 -9999 -9999 -9999 -9999 -9999 -9999 -9999 -9999 -9999 -9999 -9999 -9999 -9999 3.14577E-1 2.8107E-1 2.67245E-1 2.83838E-1 3.16937E-1 3.16348E-1 3.07279E-1 3.74637E-1 3.9379E-1 3.96636E-1 3.95732E-1 3.3489E-1 3.39584E-1 3.98349E-1 3.98477E-1 3.98619E-1 3.95074E-1 3.76015E-1 3.92358E-1 3.99163E-1 3.98784E-1 3.9498E-1 3.9536E-1 3.98318E-1 3.99016E-1 3.94609E-1 3.95294E-1 3.95893E-1 3.76434E-1 3.77552E-1 3.95904E-1 3.96846E-1 3.97352E-1 3.99107E-1 3.96807E-1 3.97627E-1 3.97139E-1 3.78209E-1 3.80971E-1 3.9761E-1 3.97898E-1
-9999 -9999 -9999 -9999 -9999 -9999 -9999 -9999 -9999 -9999 -9999 -9999 -9999 -9999 -9999 -9999 -9999 -9999 -9999 -9999 -9999 -9999 -9999 -9999 -9999 -9999 2.89333E-1 1.47156E-1 1.89417E-1 1.46798E-1 2.94796E-1 3.06114E-1 2.97811E-1 3.84514E-1 3.43068E-1 3.17963E-1 3.92322E-1 3.96721E-1 3.91816E-1 3.93806E-1 3.94291E-1 3.91507E-1 3.99415E-1 3.98747E-1 3.9849E-1 3.99314E-1 3.99425E-1 3.98974E-1 3.95485E-1 3.98954E-1 3.99165E-1 3.96078E-1 3.81658E-1 3.958E-1 3.16063E-1 3.95295E-1 3.99255E-1 3.96738E-1 3.98478E-1 3.97352E-1 3.97362E-1 3.99536E-1 3.97493E-1 3.74868E-1 3.97491E-1 3.70507E-1 3.9921E-1
-9999 -9999 -9999 -9999 -9999 -9999 -9999 -9999 -9999 -9999 -9999 -9999 -9999 -9999 -9999 -9999 -9999 -9999 -9999 -9999 -9999 -9999 -9999 -9999 -9999 -9999 3.97701E-1 3.97825E-1 3.94359E-1 3.3204E-1 2.82093E-1 1.8776E-1 3.19393E-1 2.45909E-1 3.74377E-1 3.92735E-1 3.92368E-1 3.92508E-1 3.7873E-1 3.44587E-1 3.9225E-1 3.99181E-1 3.98927E-1 3.98766E-1 3.99132E-1 3.99381E-1 3.98727E-1 3.99318E-1 3.9373E-1 3.94172E-1 3.99284E-1 3.84824E-1 3.45869E-1 3.81399E-1 3.77366E-1 3.94689E-1 3.98715E-1 3.98324E-1 3.98892E-1 3.99239E-1 3.9965E-1 3.99652E-1 3.97526E-1 3.9696E-1 3.96316E-1 3.91596E-1 3.99051E-1
-9999 -9999 -9999 -9999 -9999 -9999 -9999 -9999 -9999 -9999 -9999 -9999 -9999 -9999 -9999 -9999 -9999 -9999 -9999 -9999 -9999 -9999 -9999 -9999 -9999 -9999 -9999 3.63857E-1 3.96517E-1 3.13344E-1 2.89947E-1 3.01237E-1 2.91582E-1 3.92548E-1 3.90074E-1 3.1237E-1 3.83654E-1 3.8251E-1 3.95616E-1 3.86161E-1 3.93669E-1 3.99189E-1 3.99059E-1 3.99362E-1 3.98538E-1 3.98804E-1 3.99391E-1 3.99248E-1 3.99412E-1 3.94949E-1 3.95559E-1 3.96446E-1 3.86247E-1 3.95224E-1 3.95446E-1 3.95658E-1 3.98845E-1 3.98618E-1 3.99227E-1 3.99442E-1 3.99222E-1 3.99573E-1 3.99263E-1 3.99214E-1 3.9922E-1 3.93086E-1 3.92896E-1
-9999 -9999 -9999 -9999 -9999 -9999 -9999 -9999 -9999 -9999 -9999 -9999 -9999 -9999 -9999 -9999 -9999 -9999 -9999 -9999 -9999 -9999 -9999 -9999 -9999 -9999 3.48355E-1 2.84674E-1 3.3107E-1 3.27913E-1 3.91778E-1 3.83628E-1 3.9756E-1 3.9344E-1 3.84786E-1 3.36323E-1 3.93937E-1 3.93575E-1 3.85716E-1 3.81829E-1 3.83626E-1 3.94075E-1 3.99083E-1 3.98885E-1 3.98561E-1 3.98916E-1 3.98528E-1 3.99227E-1 3.98844E-1 3.9397E-1 3.95967E-1 3.94507E-1 3.80158E-1 3.82551E-1 3.81609E-1 3.80056E-1 3.95836E-1 3.98717E-1 3.9955E-1 3.99542E-1 3.96135E-1 3.99201E-1 3.99146E-1 3.91515E-1 3.99073E-1 3.93578E-1 3.92985E-1
-9999 -9999 -9999 -9999 -9999 -9999 -9999 -9999 -9999 -9999 -9999 -9999 -9999 -9999 -9999 -9999 -9999 -9999 -9999 -9999 -9999 -9999 -9999 -9999 -9999 -9999 3.58113E-1 3.02158E-1 3.19973E-1 3.43895E-1 3.67496E-1 3.85492E-1 3.82161E-1 3.98731E-1 3.92553E-1 3.94912E-1 3.83834E-1 3.98575E-1 3.94432E-1 3.88484E-1 3.80821E-1 3.93447E-1 3.99068E-1 3.98901E-1 3.95774E-1 3.98148E-1 3.98987E-1 3.99214E-1 3.99376E-1 3.93214E-1 3.9521E-1 3.9456E-1 3.94985E-1 3.84458E-1 3.82509E-1 3.9454E-1 3.96994E-1 3.97296E-1 3.99445E-1 3.98829E-1 3.99655E-1 3.9552E-1 3.99588E-1 3.99675E-1 3.99607E-1 3.99075E-1 3.93673E-1
-9999 -9999 -9999 -9999 -9999 -9999 -9999 -9999 -9999 -9999 -9999 -9999 -9999 -9999 -9999 -9999 -9999 -9999 -9999 -9999 -9999 -9999 -9999 -9999 -9999 -9999 -9999 2.91953E-1 3.12284E-1 3.7876E-1 3.97815E-1 3.7896E-1 3.82296E-1 3.98657E-1 3.92154E-1 3.94711E-1 3.99177E-1 3.99151E-1 3.99078E-1 3.94232E-1 3.92841E-1 3.91195E-1 3.93194E-1 3.92724E-1 3.94149E-1 3.98692E-1 3.99267E-1 3.99575E-1 3.99402E-1 3.99161E-1 3.99063E-1 3.94093E-1 3.95806E-1 3.88166E-1 3.86781E-1 3.99329E-1 3.99463E-1 3.99207E-1 3.99137E-1 3.99363E-1 3.99283E-1 3.99067E-1 3.99565E-1 3.99014E-1 3.99498E-1 3.99122E-1 3.92776E-1
-9999 -9999 -9999 -9999 -9999 -9999 -9999 -9999 -9999 -9999 -9999 -9999 -9999 -9999 -9999 -9999 -9999 -9999 -9999 -9999 -9999 -9999 -9999 -9999 -9999 -9999 -9999 2.78169E-1 3.75747E-1 3.71092E-1 3.98085E-1 3.97356E-1 3.83117E-1 3.80861E-1 3.98583E-1 3.98798E-1 3.98935E-1 3.98799E-1 3.9877E-1 3.91516E-1 3.90203E-1 3.90816E-1 3.9876E-1 3.9912E-1 3.9908E-1 3.9915E-1 3.99229E-1 3.99234E-1 3.9897E-1 3.99453E-1 3.99135E-1 3.9903E-1 3.85747E-1 3.94696E-1 3.80088E-1 3.94966E-1 3.99417E-1 3.99676E-1 3.99558E-1 3.99565E-1 3.99288E-1 3.99625E-1 3.99112E-1 3.98762E-1 3.97586E-1 3.98524E-1 3.99188E-1
-9999 -9999 -9999 -9999 -9999 -9999 -9999 -9999 -9999 -9999 -9999 -9999 -9999 -9999 -9999 -9999 -9999 -9999 -9999 -9999 -9999 -9999 -9999 -9999 -9999 -9999 -9999 2.85588E-1 3.26525E-1 3.77424E-1 3.66328E-1 3.98276E-1 3.99035E-1 3.78586E-1 3.76209E-1 3.99021E-1 3.99055E-1 3.98377E-1 3.98637E-1 3.98949E-1 3.91218E-1 3.99101E-1 3.98694E-1 3.98188E-1 3.98366E-1 3.99258E-1 3.99174E-1 3.92842E-1 3.9956E-1 3.99017E-1 3.99418E-1 3.99439E-1 3.95684E-1 3.99229E-1 3.99361E-1 3.99522E-1 3.99649E-1 3.99315E-1 3.99512E-1 3.99189E-1 3.99131E-1 3.99178E-1 3.99064E-1 3.97784E-1 3.97971E-1 3.99039E-1 3.99176E-1
-9999 -9999 -9999 -9999 -9999 -9999 -9999 -9999 -9999 -9999 -9999 -9999 -9999 -9999 -9999 -9999 -9999 -9999 -9999 -9999 -9999 -9999 -9999 -9999 -9999 -9999 -9999 3.80051E-1 3.97061E-1 3.9784E-1 3.98412E-1 3.98905E-1 3.98768E-1 3.99243E-1 3.98612E-1 3.97786E-1 3.9909E-1 3.99032E-1 3.98615E-1 3.94334E-1 3.98599E-1 3.98632E-1 3.98455E-1 3.98396E-1 3.98384E-1 3.9932E-1 3.99549E-1 3.99087E-1 3.98957E-1 3.99276E-1 3.99189E-1 3.99203E-1 3.99375E-1 3.93077E-1 3.9915E-1 3.9952E-1 3.93293E-1 3.925E-1 3.9949E-1 3.99537E-1 3.99162E-1 3.99096E-1 3.9936E-1 3.98998E-1 3.98268E-1 3.96734E-1 3.98259E-1
-9999 -9999 -9999 -9999 -9999 -9999 -9999 -9999 -9999 -9999 -9999 -9999 -9999 -9999 -9999 -9999 -9999 -9999 -9999 -9999 -9999 -9999 -9999 -9999 -9999 -9999 -9999 3.67831E-1 3.98809E-1 3.98422E-1 3.98656E-1 3.89888E-1 3.92522E-1 3.91272E-1 3.98097E-1 3.91968E-1 3.89302E-1 3.98223E-1 3.98529E-1 3.98595E-1 3.98554E-1 3.98306E-1 3.98741E-1 3.99229E-1 3.9924E-1 3.99282E-1 3.99311E-1 3.95103E-1 3.94174E-1 3.93727E-1 3.92542E-1 3.92311E-1 3.93798E-1 3.94872E-1 3.99442E-1 3.99437E-1 3.99419E-1 3.99426E-1 3.99464E-1 3.99389E-1 3.99144E-1 3.98777E-1 3.99057E-1 3.9796E-1 3.99058E-1 3.98887E-1 3.97993E-1
-9999 -9999 -9999 -9999 -9999 -9999 -9999 -9999 -9999 -9999 -9999 -9999 -9999 -9999 -9999 -9999 -9999 -9999 -9999 -9999 -9999 -9999 -9999 -9999 -9999 -9999 -9999 3.91617E-1 3.98102E-1 3.98678E-1 3.98825E-1 3.99161E-1 3.92698E-1 3.93443E-1 3.91276E-1 3.97591E-1 3.9765E-1 3.98571E-1 3.98309E-1 3.98466E-1 3.98621E-1 3.9825E-1 2.84637E-1 3.98733E-1 3.99225E-1 3.99161E-1 3.99195E-1 3.99012E-1 3.91614E-1 3.91902E-1 3.93656E-1 3.94034E-1 3.99085E-1 3.99171E-1 3.9818E-1 3.98544E-1 3.92489E-1 3.92065E-1 3.99451E-1 3.98782E-1 3.93314E-1 3.99287E-1 3.99395E-1 3.989E-1 3.98998E-1 3.99181E-1 3.99079E-1
-9999 -9999 -9999 -9999 -9999 -9999 -9999 -9999 -9999 -9999 -9999 -9999 -9999 -9999 -9999 -9999 -9999 -9999 -9999 -9999 -9999 -9999 -9999 -9999 -9999 -9999 -9999 3.92471E-1 3.97994E-1 3.97514E-1 3.97799E-1 3.93104E-1 3.93952E-1 3.90741E-1 3.92176E-1 3.91788E-1 3.62433E-1 3.97452E-1 3.98299E-1 3.97612E-1 3.9915E-1 3.98372E-1 2.97114E-1 3.99086E-1 3.99192E-1 3.99222E-1 3.99247E-1 3.99349E-1 3.92105E-1 3.8125E-1 3.99012E-1 3.99138E-1 3.99173E-1 3.9925E-1 3.98205E-1 3.98211E-1 3.99539E-1 3.92479E-1 3.99246E-1 3.94669E-1 3.92392E-1 3.99267E-1 3.99243E-1 3.98907E-1 3.99011E-1 3.98795E-1 3.98985E-1
-9999 -9999 -9999 -9999 -9999 -9999 -9999 -9999 -9999 -9999 -9999 -9999 -9999 -9999 -9999 -9999 -9999 -9999 -9999 -9999 -9999 -9999 -9999 -9999 -9999 -9999 -9999 3.98292E-1 3.98091E-1 3.97826E-1 3.97384E-1 3.9196E-1 3.96376E-1 3.96114E-1 3.96127E-1 3.98946E-1 3.97861E-1 3.97324E-1 3.94272E-1 3.98542E-1 3.99119E-1 3.99208E-1 3.99027E-1 3.99134E-1 3.97647E-1 3.97346E-1 3.97773E-1 3.98046E-1 3.99033E-1 3.93144E-1 3.99064E-1 3.93083E-1 3.99081E-1 3.99132E-1 3.9911E-1 3.98157E-1 3.99619E-1 3.99148E-1 3.9919E-1 3.99033E-1 3.92085E-1 3.98918E-1 3.99291E-1 3.9874E-1 3.99163E-1 3.98941E-1 3.99417E-1
-9999 -9999 -9999 -9999 -9999 -9999 -9999 -9999 -9999 -9999 -9999 -9999 -9999 -9999 -9999 -9999 -9999 -9999 -9999 -9999 -9999 -9999 -9999 -9999 -9999 -9999 -9999 -9999 3.9842E-1 3.9796E-1 3.98324E-1 3.98474E-1 3.15167E-1 3.98278E-1 3.98998E-1 3.98437E-1 3.97913E-1 3.97153E-1 3.97415E-1 3.98296E-1 3.9904E-1 3.97317E-1 3.99103E-1 3.97436E-1 3.97468E-1 3.95042E-1 3.95257E-1 3.98018E-1 3.98319E-1 3.99571E-1 3.92604E-1 3.91048E-1 3.91E-1 3.99072E-1 3.99297E-1 3.9912E-1 3.98055E-1 3.99535E-1 3.9936E-1 3.99177E-1 3.98855E-1 3.98596E-1 3.98838E-1 3.99242E-1 3.98936E-1 3.9856E-1 3.98511E-1
-9999 -9999 -9999 -9999 -9999 -9999 -9999 -9999 -9999 -9999 -9999 -9999 -9999 -9999 -9999 -9999 -9999 -9999 -9999 -9999 -9999 -9999 -9999 -9999 -9999 -9999 -9999 -9999 3.9835E-1 3.98438E-1 3.96683E-1 3.9892E-1 3.98036E-1 3.98842E-1 3.98532E-1 3.99019E-1 3.98797E-1 3.98833E-1 3.98852E-1 3.98939E-1 3.98802E-1 3.98915E-1 3.9899E-1 3.96948E-1 3.97032E-1 3.97493E-1 3.97732E-1 3.98107E-1 3.99038E-1 3.99111E-1 3.99156E-1 3.99042E-1 3.98988E-1 3.98963E-1 3.99028E-1 3.99122E-1 3.97572E-1 3.9928E-1 3.99237E-1 3.98432E-1 3.97741E-1 3.98497E-1 3.98844E-1 3.98887E-1 3.9875E-1 3.99239E-1 3.98793E-1
-9999 -9999 -9999 -9999 -9999 -9999 -9999 -9999 -9999 -9999 -9999 -9999 -9999 -9999 -9999 -9999 -9999 -9999 -9999 -9999 -9999 -9999 -9999 -9999 -9999 -9999 -9999 3.9877E-1 3.9887E-1 3.98375E-1 3.98357E-1 3.98425E-1 3.68444E-1 3.98384E-1 3.98893E-1 3.93952E-1 3.98987E-1 3.90363E-1 3.83442E-1 3.83285E-1 3.88364E-1 3.99037E-1 3.98947E-1 3.96865E-1 3.96556E-1 3.9775E-1 3.97542E-1 3.97912E-1 3.97102E-1 3.97755E-1 3.97598E-1 3.98888E-1 3.98897E-1 3.99303E-1 3.9918E-1 3.98342E-1 3.9764E-1 3.97682E-1 3.97606E-1 3.98008E-1 3.99253E-1 3.9922E-1 3.98343E-1 3.97714E-1 3.98648E-1 3.98663E-1 3.9659E-1
-9999 -9999 -9999 -9999 -9999 -9999 -9999 -9999 -9999 -9999 -9999 -9999 -9999 -9999 -9999 -9999 -9999 -9999 -9999 -9999 -9999 -9999 -9999 -9999 -9999 -9999 -9999 3.90067E-1 3.98093E-1 3.98208E-1 3.98882E-1 3.98598E-1 3.98418E-1 3.98463E-1 3.99016E-1 3.99008E-1 3.99028E-1 3.991E-1 3.93196E-1 3.9323E-1 3.92076E-1 3.98904E-1 3.98894E-1 3.96224E-1 3.96996E-1 3.97788E-1 3.97904E-1 3.97474E-1 3.96915E-1 3.97075E-1 3.98941E-1 3.99144E-1 3.99165E-1 3.99321E-1 3.99158E-1 3.97937E-1 3.97444E-1 3.98192E-1 3.98027E-1 3.98263E-1 3.99341E-1 3.9916E-1 3.98585E-1 3.98432E-1 3.98524E-1 3.98467E-1 3.98452E-1
-9999 -9999 -9999 -9999 -9999 -9999 -9999 -9999 -9999 -9999 -9999 -9999 -9999 -9999 -9999 -9999 -9999 -9999 -9999 -9999 -9999 -9999 -9999 -9999 -9999 -9999 -9999 3.90516E-1 3.92948E-1 3.9874E-1 3.98692E-1 3.98816E-1 3.9671E-1 3.98292E-1 3.98751E-1 3.99008E-1 3.98951E-1 3.99123E-1 3.9834E-1 3.98393E-1 3.99271E-1 3.99133E-1 3.99396E-1 3.95985E-1 3.97106E-1 3.99132E-1 3.98978E-1 3.97587E-1 3.97392E-1 3.9777E-1 3.93015E-1 3.97477E-1 3.97815E-1 3.97426E-1 3.97697E-1 3.97438E-1 3.96652E-1 3.99223E-1 3.99306E-1 3.99258E-1 3.99291E-1 3.99044E-1 3.98365E-1 3.98469E-1 3.984E-1 3.93991E-1 3.99155E-1
-9999 -9999 -9999 -9999 -9999 -9999 -9999 -9999 -9999 -9999 -9999 -9999 -9999 -9999 -9999 -9999 -9999 -9999 -9999 -9999 -9999 -9999 -9999 -9999 -9999 -9999 -9999 3.97952E-1 3.98394E-1 3.97951E-1 3.94625E-1 3.98382E-1 3.98344E-1 3.98629E-1 3.98861E-1 3.9899E-1 3.98911E-1 3.9901E-1 3.99013E-1 3.99058E-1 3.99411E-1 3.99443E-1 3.98823E-1 3.95852E-1 3.95724E-1 3.96325E-1 3.9696E-1 3.97172E-1 3.97318E-1 3.974E-1 3.93236E-1 3.97636E-1 3.9742E-1 3.97273E-1 3.97452E-1 3.97047E-1 3.96982E-1 3.97813E-1 3.98265E-1 3.9925E-1 3.98367E-1 3.99152E-1 3.9794E-1 3.98146E-1 3.98191E-1 3.97236E-1 3.98969E-1
-9999 -9999 -9999 -9999 -9999 -9999 -9999 -9999 -9999 -9999 -9999 -9999 -9999 -9999 -9999 -9999 -9999 -9999 -9999 -9999 -9999 -9999 -9999 -9999 -9999 -9999 -9999 3.98228E-1 3.88167E-1 3.98842E-1 3.98532E-1 3.98404E-1 3.98177E-1 3.98476E-1 3.98441E-1 3.9493E-1 3.95768E-1 3.95494E-1 3.95922E-1 3.96232E-1 3.98819E-1 3.98977E-1 3.98948E-1 3.9734E-1 3.96926E-1 3.9637E-1 3.97502E-1 3.96618E-1 3.97524E-1 3.98907E-1 3.98742E-1 3.98938E-1 3.98938E-1 3.99112E-1 3.99099E-1 3.96386E-1 3.97718E-1 3.97707E-1 3.99104E-1 3.98347E-1 3.99073E-1 3.98531E-1 3.98582E-1 3.9836E-1 3.99007E-1 3.98807E-1 3.9905E-1
-9999 -9999 -9999 -9999 -9999 -9999 -9999 -9999 -9999 -9999 -9999 -9999 -9999 -9999 -9999 -9999 -9999 -9999 -9999 -9999 -9999 -9999 -9999 -9999 -9999 -9999 -9999 3.88432E-1 -9999 3.88092E-1 3.98302E-1 3.90301E-1 3.9898E-1 3.87817E-1 3.98459E-1 3.98635E-1 3.99199E-1 3.95372E-1 3.9846E-1 3.98502E-1 3.96697E-1 3.9895E-1 3.988E-1 3.96582E-1 3.96364E-1 3.98882E-1 3.99447E-1 3.96352E-1 3.97249E-1 3.9871E-1 3.99024E-1 3.99002E-1 3.99041E-1 3.9912E-1 3.96935E-1 3.96713E-1 3.97526E-1 3.97532E-1 3.97884E-1 3.98349E-1 3.98095E-1 3.95722E-1 3.9771E-1 3.974E-1 3.92492E-1 3.97859E-1 3.98952E-1
-9999 -9999 -9999 -9999 -9999 -9999 -9999 -9999 -9999 -9999 -9999 -9999 -9999 -9999 -9999 -9999 -9999 -9999 -9999 -9999 -9999 -9999 -9999 -9999 -9999 -9999 -9999 3.88713E-1 3.78826E-1 3.82062E-1 3.84533E-1 3.87847E-1 3.91945E-1 3.86623E-1 3.98868E-1 3.98832E-1 3.98688E-1 3.97905E-1 3.99229E-1 3.98887E-1 3.98776E-1 3.95923E-1 3.96866E-1 3.96152E-1 3.99411E-1 3.98939E-1 3.9941E-1 3.99074E-1 3.97624E-1 3.97542E-1 3.97369E-1 3.96135E-1 3.97128E-1 3.97426E-1 3.99135E-1 3.97699E-1 3.979E-1 3.9776E-1 3.99018E-1 3.99182E-1 3.96673E-1 3.96412E-1 3.96981E-1 3.97114E-1 3.97628E-1 3.97967E-1 3.98044E-1
