ENM/Final_Models/M_1_F_q_Set_1_E/Gustavia_santanderiensis_8_Choco_novel.asc
ncols         367
nrows         963
xllcorner     -78.6
yllcorner     0.65
cellsize      0.00833333333333323
NODATA_value  -9999
[rows 810 to 839 of 963, columns 68 to 135 of 367]
-8.49462E1 -6.93548E1 -6.82796E1 -7.36559E1 -7.41936E1 -7.41936E1 -8.06452E1 -7.7957E1 -7.47312E1 -7.2043E1 -7.31183E1 -7.31183E1 -7.63441E1 -6.34409E1 -6.77419E1 -6.77419E1 -6.66667E1 -6.39785E1 -5.80645E1 -5.43011E1 -5.80645E1 -5.26882E1 -4.73118E1 -2.31183E1 -1.98925E1 1.99641E-2 1.19784E-1 1.19784E-1 9.98203E-2 -2.15054E0 -1.72043E1 -1.93548E1 -2.95699E1 -1.6129E1 -1.02151E1 -1.6129E1 -4.30108E0 1.79677E-1 2.19605E-1 5.98922E-1 4.17249E0 9.28329E0 1.20184E1 6.70793E0 5.03094E0 4.67159E0 8.70433E0 1.39748E0 3.79317E-1 2.99461E-1 1.99641E-2 7.18706E-1 1.05211E1 1.87662E0 3.59353E-1 1.99641E-2 1.12597E1 2.8908E1 3.28409E1 3.45778E1 3.81314E1 4.42204E1 4.97305E1 4.85127E1 5.54202E1 5.24456E1 5.32042E1 5.47614E1
-7.41936E1 -8.65591E1 -6.93548E1 -8.01075E1 -8.06452E1 -7.63441E1 -8.06452E1 -6.72043E1 -8.06452E1 -7.15054E1 -7.52688E1 -6.55914E1 -6.50538E1 -6.93548E1 -6.66667E1 -6.77419E1 -6.88172E1 -6.50538E1 -5.75269E1 -6.12903E1 -5.75269E1 -4.51613E1 -2.7957E1 -7.52688E0 1.99641E-2 5.98922E-2 2.59533E-1 2.79497E-1 1.99641E-2 1.99641E-2 -1.55914E1 -2.7957E1 -3.49462E1 -3.65591E1 -2.31183E1 -2.36559E1 -4.30108E0 3.99281E-2 -4.30108E0 1.99641E-2 6.18886E-1 1.71691E0 1.49132E1 3.71332E0 1.99641E0 8.90397E0 1.59912E1 2.31384E1 1.56319E1 1.26373E1 9.96207E0 1.29367E1 1.92653E1 1.86265E1 7.58634E0 4.55181E0 1.49132E1 2.71511E1 3.17229E1 4.08664E1 4.81933E1 4.92114E1 4.51986E1 4.59573E1 4.92114E1 5.24456E1 3.8311E1 6.79377E1
-7.74194E1 -7.31183E1 -8.33333E1 -7.15054E1 -8.22581E1 -8.11828E1 -7.52688E1 -6.6129E1 -6.50538E1 -6.39785E1 -6.12903E1 -7.47312E1 -6.93548E1 -7.2043E1 -5.64516E1 -5.91398E1 -6.72043E1 -6.39785E1 -5.16129E1 -5.64516E1 -5.10753E1 -2.90323E1 -1.07527E1 1.99641E-2 9.98203E-2 2.19605E-1 2.39569E-1 1.99641E-2 -6.45161E0 -1.93548E1 -2.2043E1 -4.24731E1 -2.25806E1 1.99641E-2 4.79138E-1 6.18886E-1 1.53723E0 6.56818E0 1.97644E0 2.07626E0 4.79138E-1 2.07626E0 2.25594E0 1.45738E0 2.45558E0 3.45378E0 1.70693E1 2.00439E1 1.91056E1 2.37173E1 3.31603E1 3.31603E1 2.05231E1 1.90657E1 2.6652E1 1.43342E1 1.16191E1 2.89878E1 2.80695E1 3.92294E1 3.70733E1 4.12258E1 5.8894E1 5.14274E1 5.74765E1 4.97305E1 3.60351E1 6.21082E1
-7.31183E1 -7.36559E1 -7.74194E1 -7.68817E1 -7.52688E1 -7.41936E1 -7.36559E1 -7.41936E1 -7.68817E1 -7.63441E1 -7.04301E1 -6.98925E1 -6.34409E1 -6.88172E1 -5.43011E1 -5.86021E1 -6.07527E1 -6.88172E1 -6.23656E1 -5.48387E1 -5.10753E1 -2.95699E1 -2.04301E1 -1.12903E1 3.99281E-2 1.99641E-2 9.98203E-2 -1.07527E1 -2.63441E1 -4.19355E1 -4.83871E1 -2.41935E1 5.19066E-1 9.98203E-2 7.3867E-1 1.71691E0 1.19784E0 4.91116E0 4.17249E0 3.31403E0 1.76083E1 2.45558E0 2.07626E0 1.31962E1 5.3903E0 3.07447E0 3.91296E0 7.70613E0 1.99441E1 1.42344E1 2.87483E1 3.11439E1 2.07427E1 9.88221E0 7.86584E0 1.3316E1 2.70114E1 3.41585E1 2.70313E1 3.53963E1 3.70932E1 3.3879E1 3.04452E1 3.51567E1 3.63945E1 3.41984E1 4.17049E1 6.63007E1
-6.55914E1 -6.45161E1 -5.5914E1 -6.29032E1 -6.93548E1 -6.88172E1 -6.07527E1 -5.96774E1 -7.31183E1 -6.98925E1 -5.96774E1 -6.6129E1 -6.39785E1 -6.1828E1 -5.43011E1 -5.75269E1 -5.96774E1 -5.91398E1 -6.6129E1 -6.34409E1 -5.91398E1 -4.30108E1 -3.87097E1 -2.95699E1 -1.66667E1 -1.02151E1 -1.55914E1 -2.52688E1 -4.73118E1 -4.03226E1 -3.3871E1 -1.55914E1 4.99102E-1 -1.82796E1 -8.06452E0 4.91116E0 5.25055E0 7.98563E-1 1.39748E0 1.45738E0 1.31364E1 2.51547E0 7.70613E0 1.60511E1 1.93452E1 1.29367E1 3.15432E0 3.43382E0 2.59533E0 1.32162E1 3.16231E1 2.06029E1 1.86265E1 1.05211E1 7.86584E0 1.56718E1 2.48952E1 1.98443E1 1.98443E1 3.18826E1 1.69295E1 2.26193E1 4.54582E1 4.41006E1 3.99082E1 4.95508E1 2.49351E1 3.56758E1
-5.69892E1 -5.75269E1 -4.56989E1 -5.43011E1 -6.07527E1 -6.07527E1 -5.37634E1 -6.07527E1 -5.48387E1 -6.55914E1 -6.98925E1 -7.31183E1 -6.34409E1 -5.96774E1 -6.66667E1 -5.64516E1 -5.75269E1 -5.96774E1 -6.93548E1 -5.96774E1 -5.48387E1 -4.08602E1 -2.90323E1 -2.95699E1 -2.04301E1 -3.33333E1 -4.08602E1 -3.54839E1 -1.12903E1 -1.45161E1 -4.83871E0 -3.11828E1 -1.6129E1 -2.25806E1 -6.45161E0 -5.37634E-1 2.65522E0 2.03633E0 2.07626E0 1.19784E0 3.07447E0 4.37213E0 1.4973E0 4.01278E0 1.07007E1 2.00439E1 1.24576E1 1.56119E1 2.59533E0 3.15432E0 9.82232E0 9.96207E0 7.82591E0 1.23977E1 5.51008E0 1.3336E1 1.56718E1 2.06628E1 4.55181E0 1.07806E1 1.59313E1 2.89878E1 3.887E1 4.99701E1 4.74945E1 2.71511E1 3.78519E1 2.65123E1
-5.69892E1 -5.69892E1 -4.62366E1 -4.56989E1 -6.1828E1 -6.12903E1 -4.30108E1 -5.16129E1 -5.43011E1 -6.50538E1 -6.55914E1 -7.25806E1 -6.98925E1 -6.77419E1 -6.72043E1 -6.45161E1 -5.96774E1 -5.91398E1 -6.39785E1 -6.50538E1 -6.29032E1 -4.30108E1 -4.78495E1 -4.4086E1 -3.8172E1 -4.03226E1 -5.37634E1 -3.8172E1 -8.60215E0 1.79677E-1 -2.84946E1 -2.36559E1 -1.93548E1 -1.93548E1 1.99641E-2 1.99641E-2 1.19784E0 4.55181E0 3.31403E0 6.98742E-1 4.55181E0 5.3903E0 9.58275E-1 2.25594E0 5.92933E0 1.42344E1 -9999 -9999 -9999 -9999 6.70793E0 9.82232E0 1.81074E1 -9999 -9999 -9999 -9999 5.62987E0 6.109E0 2.26193E1 2.25794E1 2.48752E1 3.00459E1 4.444E1 3.11639E1 3.42184E1 3.14634E1 4.04472E1
-5.75269E1 -4.56989E1 -5.37634E1 -5.26882E1 -5.21505E1 -5.10753E1 -4.13979E1 -4.03226E1 -5.64516E1 -5.43011E1 -6.02151E1 -6.88172E1 -6.88172E1 -6.66667E1 -6.66667E1 -5.69892E1 -5.53763E1 -5.5914E1 -5.37634E1 -5.75269E1 -5.10753E1 -6.07527E1 -5.37634E1 -5.48387E1 -5E1 -4.67742E1 -4.4086E1 -1.93548E1 -1.72043E1 -9.13978E0 -1.82796E1 -1.6129E1 -9.67742E0 -1.50538E1 1.99641E-2 1.39748E-1 -9.13978E0 4.79138E-1 7.3867E-1 8.38491E-1 2.03633E0 1.53723E0 1.53723E0 2.03633E0 9.88221E0 1.56718E1 -9999 -9999 -9999 -9999 -9999 5.92933E0 -9999 -9999 -9999 -9999 -9999 -9999 4.25235E0 9.20343E0 1.69096E1 9.20343E0 3.11639E1 1.78479E1 1.43741E1 2.04033E1 2.71511E1 6.14095E1
-5.80645E1 -4.67742E1 -6.12903E1 -6.23656E1 -6.1828E1 -6.07527E1 -5.05376E1 -3.8172E1 -3.65591E1 -3.65591E1 -3.54839E1 -4.51613E1 -5.21505E1 -6.55914E1 -6.45161E1 -5.5914E1 -5.10753E1 -4.46237E1 -4.03226E1 -4.30108E1 -3.65591E1 -4.89247E1 -5.32258E1 -4.08602E1 -3.60215E1 -1.82796E1 -1.77419E1 -1.93548E1 -2.52688E1 -2.04301E1 -1.6129E1 -2.68817E1 -1.55914E1 -1.1828E1 -1.07527E1 -6.98925E0 1.99641E-2 1.99641E-2 -1.66667E1 3.39389E-1 1.71691E0 2.03633E0 3.49371E0 2.61529E0 8.30505E0 1.07007E1 -9999 -9999 -9999 -9999 -9999 -9999 -9999 -9999 -9999 -9999 -9999 -9999 9.16351E0 4.49191E0 1.3336E1 4.55181E0 2.25794E1 3.96486E1 1.59313E1 2.80695E1 3.53963E1 4.53184E1
-6.39785E1 -6.23656E1 -6.23656E1 -7.15054E1 -7.04301E1 -6.23656E1 -6.34409E1 -5.16129E1 -4.03226E1 -4.03226E1 -5E1 -5.32258E1 -5.32258E1 -5.91398E1 -6.34409E1 -5.53763E1 -4.83871E1 -3.44086E1 -3.8172E1 -3.49462E1 -2.52688E1 -3.8172E1 -4.4086E1 -4.46237E1 -4.51613E1 -3.54839E1 -3.22581E1 -3.8172E1 -9.13978E0 -2.68817E1 -1.88172E1 -1.77419E1 -2.58065E1 -2.25806E1 -8.60215E0 -1.6129E0 3.99281E-2 -4.30108E0 -2.52688E1 -3.3871E1 3.43382E0 1.14793E1 8.30505E0 1.42543E1 -9999 -9999 -9999 -9999 -9999 -9999 -9999 -9999 -9999 -9999 -9999 -9999 -9999 -9999 2.07427E1 4.13256E0 4.49191E0 1.56718E1 3.887E1 3.51767E1 2.34578E1 3.13635E1 5.43422E1 4.40607E1
-6.98925E1 -7.09677E1 -7.41936E1 -7.31183E1 -6.88172E1 -6.34409E1 -6.34409E1 -7.09677E1 -6.55914E1 -5.86021E1 -5.64516E1 -5.43011E1 -6.12903E1 -6.12903E1 -6.29032E1 -6.02151E1 -5.32258E1 -5.37634E1 -5E1 -4.08602E1 -3.33333E1 -3.76344E1 -5.26882E1 -3.65591E1 -2.7957E1 -2.74194E1 -2.09677E1 -3.92473E1 -3.17204E1 -2.84946E1 -2.52688E1 -2.36559E1 -1.39785E1 -2.41935E1 -9.67742E0 -1.6129E0 -3.22581E0 -8.60215E0 -1.98925E1 -4.30108E0 2.07626E0 1.21182E1 5.68976E0 3.31403E0 8.30505E0 -9999 -9999 -9999 -9999 -9999 -9999 -9999 -9999 -9999 -9999 -9999 -9999 -9999 2.37173E1 1.3316E1 7.20703E0 1.24576E1 3.01657E1 4.99701E1 3.98882E1 3.67538E1 5.05091E1 6.0531E1
-6.66667E1 -7.09677E1 -6.98925E1 -6.93548E1 -5.53763E1 -6.6129E1 -7.15054E1 -7.09677E1 -6.34409E1 -6.39785E1 -6.29032E1 -6.1828E1 -6.55914E1 -6.12903E1 -6.12903E1 -5.80645E1 -5.53763E1 -5.86021E1 -4.94624E1 -4.67742E1 -4.56989E1 -3.92473E1 -4.56989E1 -3.60215E1 -3.17204E1 -4.56989E1 -2.84946E1 -2.2043E1 -1.66667E1 -2.31183E1 -3.54839E1 -2.90323E1 -1.39785E1 -1.50538E1 -1.55914E1 -1.12903E1 -1.12903E1 -2.15054E0 -9.13978E0 -1.98925E1 3.99281E-2 5.3903E-1 1.99641E-2 1.99641E-2 -4.83871E0 8.22519E0 -9999 -9999 -9999 -9999 -9999 -9999 -9999 -9999 -9999 -9999 -9999 -9999 2.29587E1 2.00439E1 4.1126E0 1.16191E1 2.71511E1 4.02875E1 3.90896E1 5.06089E1 5.2246E1 6.06309E1
-7.74194E1 -6.88172E1 -6.23656E1 -6.45161E1 -6.88172E1 -6.88172E1 -6.66667E1 -7.09677E1 -6.23656E1 -5.75269E1 -6.23656E1 -6.02151E1 -6.29032E1 -6.66667E1 -5.32258E1 -5.69892E1 -6.02151E1 -5.32258E1 -4.51613E1 -5.05376E1 -3.70968E1 -3.22581E1 -3.54839E1 -2.95699E1 -3.70968E1 -3.44086E1 -3.8172E1 -2.36559E1 -1.98925E1 -1.07527E1 -2.15054E1 -2.2043E1 -2.04301E1 -1.88172E1 -1.77419E1 -5.37634E0 3.99281E-2 3.99281E-2 -6.98925E0 -2.15054E0 -3.76344E0 -6.45161E0 3.99281E-2 1.99641E-2 -4.30108E0 6.58814E-1 7.20703E0 -9999 -9999 -9999 -9999 -9999 -9999 -9999 -9999 -9999 -9999 -9999 2.96466E1 1.56718E1 9.88221E0 6.60811E0 2.71511E1 3.45977E1 3.64145E1 6.07706E1 5.1647E1 5.9972E1
-7.95699E1 -7.58064E1 -6.34409E1 -6.29032E1 -6.12903E1 -6.6129E1 -6.55914E1 -6.39785E1 -6.1828E1 -4.83871E1 -5.91398E1 -6.12903E1 -6.23656E1 -5.26882E1 -5.26882E1 -5.64516E1 -6.12903E1 -5.32258E1 -3.22581E1 -3.65591E1 -3.33333E1 -4.03226E1 -3.3871E1 -4.35484E1 -4.67742E1 -3.70968E1 -3.22581E1 -2.15054E1 -1.29032E1 -2.47312E1 -3.70968E1 -3.65591E1 -1.98925E1 -2.68817E1 -5.91398E0 1.99641E-2 3.99281E-2 1.99641E-2 -5.37634E0 -2.15054E0 1.99641E-2 -5.91398E0 9.98203E-2 3.99281E-2 1.19784E-1 6.18886E-1 5.51008E0 -9999 -9999 -9999 -9999 -9999 -9999 -9999 -9999 -9999 -9999 -9999 2.86884E1 2.26792E1 2.35975E1 1.90657E1 2.71911E1 2.71511E1 3.41785E1 4.81933E1 4.59573E1 6.46237E1
-7.95699E1 -7.74194E1 -7.41936E1 -6.6129E1 -6.55914E1 -5.91398E1 -5.86021E1 -5.75269E1 -5.53763E1 -4.73118E1 -5.75269E1 -5.48387E1 -5.43011E1 -5.37634E1 -5.32258E1 -5.05376E1 -5.69892E1 -4.4086E1 -4.62366E1 -5.26882E1 -3.97849E1 -4.08602E1 -4.51613E1 -3.92473E1 -4.35484E1 -3.06452E1 -3.06452E1 -2.25806E1 -1.93548E1 -1.93548E1 -3.17204E1 -2.95699E1 -3.11828E1 -1.23656E1 -5.91398E0 1.99641E-2 -2.15054E0 -3.76344E0 -1.02151E1 -1.02151E1 -5.37634E-1 3.99281E-2 3.99281E-2 1.99641E-2 9.98203E-2 6.58814E-1 1.24576E1 -9999 -9999 -9999 -9999 -9999 -9999 -9999 -9999 -9999 -9999 -9999 4.8872E1 2.00439E1 3.8311E1 3.31603E1 3.78119E1 3.04452E1 4.34019E1 4.28229E1 5.65382E1 6.46037E1
-7.41936E1 -7.41936E1 -7.47312E1 -7.41936E1 -7.41936E1 -7.25806E1 -7.04301E1 -6.29032E1 -6.1828E1 -5.53763E1 -6.1828E1 -6.02151E1 -6.02151E1 -6.39785E1 -6.07527E1 -4.62366E1 -4.51613E1 -5.05376E1 -5.37634E1 -4.13979E1 -3.92473E1 -2.74194E1 -2.84946E1 -2.58065E1 -4.62366E1 -3.76344E1 -2.84946E1 -1.23656E1 -1.6129E1 -2.31183E1 -1.98925E1 -2.09677E1 -1.45161E1 -1.34409E1 -1.12903E1 -8.60215E0 -1.6129E0 -5.37634E0 -3.22581E0 -4.83871E0 -2.68817E0 -6.45161E0 -1.1828E1 -2.15054E0 1.99641E-2 6.70793E0 9.04372E0 -9999 -9999 -9999 -9999 -9999 -9999 -9999 -9999 -9999 -9999 -9999 -9999 3.62148E1 3.06049E1 4.43801E1 3.70733E1 4.43402E1 6.73987E1 6.32661E1 4.91116E1 5.69774E1
-6.93548E1 -7.47312E1 -7.47312E1 -7.47312E1 -6.66667E1 -7.25806E1 -7.04301E1 -7.15054E1 -6.39785E1 -5.80645E1 -5.53763E1 -6.29032E1 -6.23656E1 -5.05376E1 -4.83871E1 -4.19355E1 -4.56989E1 -4.89247E1 -1.88172E1 -1.6129E1 -2.04301E1 -2.74194E1 -2.09677E1 -2.90323E1 -3.06452E1 -2.58065E1 -2.2043E1 -1.50538E1 -1.1828E1 -2.15054E1 -2.09677E1 -1.98925E1 -1.50538E1 -1.29032E1 -1.34409E1 -7.52688E0 -1.07527E0 6.58814E-1 4.39209E-1 -8.60215E0 -6.45161E0 -5.37634E0 -5.37634E-1 2.99461E-1 9.78239E-1 3.43382E0 1.19784E0 1.19784E-1 -9999 -9999 -9999 -9999 -9999 -9999 -9999 -9999 -9999 -9999 4.40208E1 3.07846E1 3.2242E1 3.84907E1 4.08265E1 4.59573E1 5.49012E1 5.78758E1 5.8894E1 4.83729E1
-6.45161E1 -7.09677E1 -6.6129E1 -6.39785E1 -6.72043E1 -6.82796E1 -6.66667E1 -6.45161E1 -5.5914E1 -5.48387E1 -4.78495E1 -4.83871E1 -4.73118E1 -3.8172E1 -3.8172E1 -3.8172E1 -3.76344E1 -3.70968E1 -2.31183E1 -1.02151E1 -3.76344E0 -8.60215E0 -2.15054E1 -3.3871E1 -3.17204E1 -3.22581E1 -2.68817E1 -2.31183E1 -1.66667E1 -1.6129E1 -2.52688E1 -2.68817E1 -1.98925E1 -1.6129E1 -1.34409E1 -6.45161E0 -5.37634E0 -1.50538E1 -2.68817E0 1.99641E-2 -5.37634E-1 -8.60215E0 -1.07527E0 1.99641E-2 1.79677E-1 1.39748E-1 1.39748E-1 5.98922E-1 1.667E1 -9999 -9999 -9999 -9999 -9999 -9999 -9999 -9999 -9999 3.24815E1 2.85286E1 3.97085E1 3.85306E1 3.70733E1 3.70733E1 4.59573E1 4.52585E1 5.35436E1 5.73767E1
-6.50538E1 -6.88172E1 -7.41936E1 -7.04301E1 -6.50538E1 -6.29032E1 -6.02151E1 -5.10753E1 -5E1 -4.24731E1 -3.44086E1 -4.73118E1 -4.35484E1 -3.8172E1 -2.74194E1 -3.60215E1 -4.4086E1 -3.60215E1 -3.49462E1 -2.04301E1 3.99281E-2 5.98922E-2 -6.98925E0 -1.50538E1 -2.90323E1 -3.3871E1 -4.24731E1 -3.97849E1 -3.17204E1 -1.66667E1 -2.7957E1 -2.58065E1 -3.17204E1 -2.15054E1 -6.98925E0 -6.98925E0 -8.06452E0 -9.67742E0 -8.60215E0 -3.76344E0 -4.83871E0 1.99641E-2 1.39748E-1 3.59353E-1 1.19784E-1 3.19425E-1 1.72689E1 3.03254E1 2.71911E1 2.8908E1 -9999 -9999 -9999 -9999 -9999 -9999 -9999 -9999 -9999 2.42164E1 1.91056E1 2.28389E1 3.46776E1 4.0547E1 4.85925E1 3.85905E1 3.85706E1 6.04113E1
-5.91398E1 -6.39785E1 -6.88172E1 -6.72043E1 -6.72043E1 -6.66667E1 -6.1828E1 -5.05376E1 -4.94624E1 -4.4086E1 -3.17204E1 -5.43011E1 -5.05376E1 -4.35484E1 -2.68817E1 -2.7957E1 -3.92473E1 -2.68817E1 -3.76344E1 -2.58065E1 1.99641E-2 9.98203E-2 3.99281E-2 1.99641E-2 -1.45161E1 -1.98925E1 -2.74194E1 -2.41935E1 -2.2043E1 -1.88172E1 -1.55914E1 -1.50538E1 -2.09677E1 -1.93548E1 -1.98925E1 -1.34409E1 -1.98925E1 -4.83871E0 -5.91398E0 -1.02151E1 -4.30108E0 1.99641E-2 1.99641E-2 3.39389E-1 5.3903E-1 4.91116E0 3.40787E1 3.24616E1 2.5554E1 2.55939E1 -9999 -9999 -9999 -9999 -9999 -9999 -9999 -9999 -9999 -9999 2.73907E1 2.07427E1 3.46776E1 3.8311E1 2.8888E1 3.87702E1 3.40787E1 4.442E1
-6.12903E1 -6.6129E1 -6.50538E1 -5.75269E1 -6.12903E1 -5.69892E1 -5.26882E1 -4.51613E1 -4.78495E1 -3.65591E1 -4.89247E1 -5.69892E1 -4.94624E1 -3.06452E1 -1.50538E1 -2.74194E1 -4.13979E1 -3.92473E1 -2.2043E1 -1.66667E1 -5.37634E-1 3.99281E-2 5.98922E-2 3.99281E-2 -1.39785E1 -1.88172E1 -2.74194E1 -2.63441E1 -2.25806E1 -1.07527E1 -2.68817E0 -3.76344E0 -1.45161E1 -2.09677E1 -1.88172E1 -2.15054E1 -1.55914E1 1.99641E-2 -2.15054E0 3.99281E-2 -2.15054E0 9.98203E-2 4.79138E-1 6.18886E-1 9.78239E-1 1.40347E1 3.48972E1 3.51567E1 2.8908E1 2.93272E1 2.31783E1 -9999 -9999 -9999 -9999 -9999 -9999 -9999 -9999 -9999 -9999 -9999 2.62527E1 2.93072E1 3.46776E1 4.3322E1 4.23637E1 4.30625E1
-6.1828E1 -5.16129E1 -4.62366E1 -4.83871E1 -4.51613E1 -4.30108E1 -3.92473E1 -4.67742E1 -4.24731E1 -4.13979E1 -5.5914E1 -5.64516E1 -4.30108E1 -3.33333E1 -2.15054E1 -2.52688E1 -4.67742E1 -4.35484E1 -3.44086E1 -1.6129E1 -5.91398E0 -5.37634E-1 3.99281E-2 1.19784E-1 1.99641E-2 -2.15054E0 -1.6129E1 -2.52688E1 -2.09677E1 -5.37634E0 -5.37634E-1 -4.30108E0 -1.72043E1 -1.82796E1 -9.67742E0 -1.39785E1 -5.91398E0 -1.07527E0 1.99641E-2 1.39748E-1 1.39748E-1 2.79497E-1 2.59533E-1 4.79138E-1 7.18706E-1 1.19784E0 3.08046E1 2.56139E1 1.12997E1 1.42543E1 1.1639E1 3.09643E1 2.48952E1 -9999 -9999 -9999 -9999 -9999 -9999 -9999 -9999 -9999 -9999 4.20643E1 2.94869E1 3.50569E1 3.97085E1 4.07267E1
-4.89247E1 -4.51613E1 -5.64516E1 -5.05376E1 -3.87097E1 -4.13979E1 -4.24731E1 -3.3871E1 -4.51613E1 -5.43011E1 -5.69892E1 -4.03226E1 -2.95699E1 -3.3871E1 -2.36559E1 -2.41935E1 -3.92473E1 -3.49462E1 -3.87097E1 -3.92473E1 -2.15054E1 -9.67742E0 1.99641E-2 3.99281E-2 3.99281E-2 9.98203E-2 -5.91398E0 -2.09677E1 -1.50538E1 -8.06452E0 -1.29032E1 -1.82796E1 -2.2043E1 -1.55914E1 -1.39785E1 -1.12903E1 -5.37634E0 2.19605E-1 3.59353E-1 6.18886E-1 5.3903E-1 4.39209E-1 2.99461E-1 4.99102E-1 6.18886E-1 7.36674E0 2.53344E1 1.71891E1 5.19066E-1 4.99102E-1 4.99102E-1 1.63306E1 3.24416E1 3.42184E1 -9999 -9999 -9999 -9999 -9999 -9999 -9999 -9999 -9999 -9999 5.32641E1 6.39249E1 5.46816E1 5.62987E1
-6.29032E1 -6.23656E1 -5.86021E1 -5.37634E1 -5.10753E1 -5.32258E1 -5.48387E1 -3.8172E1 -6.1828E1 -5.21505E1 -3.3871E1 -1.72043E1 -1.39785E1 -2.04301E1 -3.49462E1 -2.41935E1 -2.25806E1 -1.1828E1 -1.66667E1 -2.36559E1 -2.47312E1 -1.55914E1 -1.39785E1 -3.76344E0 1.99641E-2 3.99281E-2 -1.6129E0 -8.60215E0 -1.34409E1 -1.55914E1 -3.17204E1 -2.68817E1 -2.47312E1 -2.04301E1 -1.93548E1 -1.12903E1 -3.76344E0 4.99102E-1 6.18886E-1 7.98563E-1 8.38491E-1 6.98742E-1 6.18886E-1 6.18886E-1 6.58814E-1 2.07626E0 4.55181E0 2.25594E0 3.19425E-1 3.59353E-1 1.19784E0 1.12597E1 4.83729E1 3.80715E1 2.33979E1 -9999 -9999 -9999 -9999 -9999 -9999 -9999 -9999 -9999 4.63765E1 6.31064E1 4.83729E1 5.32042E1
-6.82796E1 -7.04301E1 -6.1828E1 -5.69892E1 -5.37634E1 -6.12903E1 -6.23656E1 -5.53763E1 -6.07527E1 -4.56989E1 -3.44086E1 -3.11828E1 -2.36559E1 -3.06452E1 -2.7957E1 -2.04301E1 -1.45161E1 -8.06452E0 -3.22581E0 -5.37634E0 -1.23656E1 -1.88172E1 -8.60215E0 1.99641E-2 9.98203E-2 9.98203E-2 1.99641E-2 -2.31183E1 -2.90323E1 -2.68817E1 -3.33333E1 -3.70968E1 -3.27957E1 -2.2043E1 -1.12903E1 -1.07527E0 3.39389E-1 5.98922E-1 6.58814E-1 6.18886E-1 6.18886E-1 8.38491E-1 6.58814E-1 1.61709E0 2.25594E0 2.65522E0 7.18706E-1 7.3867E-1 4.99102E-1 1.12597E1 2.41366E1 3.44779E1 3.44779E1 3.82511E1 3.47574E1 4.04472E1 -9999 -9999 -9999 -9999 -9999 -9999 -9999 -9999 -9999 5.70972E1 4.33819E1 5.61988E1
-6.66667E1 -6.98925E1 -6.93548E1 -6.02151E1 -6.23656E1 -6.1828E1 -6.34409E1 -5.69892E1 -5.69892E1 -5.5914E1 -5.05376E1 -4.4086E1 -3.44086E1 -4.73118E1 -3.3871E1 -1.6129E1 -5.91398E0 -6.98925E0 -2.15054E0 1.99641E-2 -1.07527E0 -9.67742E0 -1.07527E1 -5.37634E-1 3.99281E-2 3.99281E-2 -3.22581E0 -1.93548E1 -3.65591E1 -3.65591E1 -3.60215E1 -2.95699E1 -2.52688E1 -1.34409E1 -2.15054E0 2.19605E-1 4.99102E-1 6.18886E-1 1.01817E0 5.98922E-1 1.79677E-1 5.68976E0 1.19784E0 1.61709E0 6.109E0 9.08365E0 6.92753E0 5.25055E0 1.19784E0 3.04652E1 1.79078E1 2.41366E1 2.13416E1 2.71312E1 3.82511E1 4.68557E1 4.40607E1 -9999 -9999 -9999 -9999 -9999 -9999 -9999 -9999 4.11859E1 5.38231E1 5.8894E1
-6.93548E1 -7.09677E1 -7.09677E1 -6.72043E1 -6.29032E1 -6.39785E1 -6.77419E1 -6.34409E1 -6.23656E1 -5.32258E1 -5.32258E1 -5.43011E1 -4.03226E1 -4.51613E1 -3.33333E1 -2.95699E1 -1.50538E1 -9.67742E0 -3.22581E0 1.99641E-2 -5.37634E-1 -4.30108E0 -1.45161E1 -9.13978E0 -5.91398E0 1.99641E-2 -1.6129E0 -1.72043E1 -4.13979E1 -4.51613E1 -3.3871E1 -2.52688E1 -2.41935E1 -1.6129E1 -2.15054E0 2.99461E-1 4.99102E-1 6.98742E-1 7.98563E-1 5.3903E-1 4.99102E-1 2.71312E1 2.41366E1 4.91116E0 1.36754E1 1.58714E1 1.88461E1 1.19385E1 1.1639E1 1.88461E1 1.58714E1 1.79078E1 1.36754E1 1.88461E1 2.41366E1 3.44779E1 4.83729E1 3.8331E1 4.81334E1 -9999 -9999 -9999 -9999 -9999 -9999 3.86305E1 4.48193E1 5.15672E1
-7.25806E1 -7.36559E1 -7.25806E1 -7.36559E1 -6.98925E1 -6.93548E1 -6.55914E1 -6.55914E1 -6.45161E1 -5.32258E1 -4.46237E1 -4.62366E1 -5.16129E1 -4.89247E1 -2.74194E1 -1.77419E1 -1.1828E1 -6.45161E0 -2.68817E0 1.99641E-2 -5.37634E-1 1.99641E-2 -5.37634E0 -1.34409E1 -1.23656E1 -2.68817E0 -4.30108E0 -3.11828E1 -3.97849E1 -2.25806E1 -1.07527E1 -1.12903E1 -8.06452E0 -5.37634E0 3.99281E-2 4.59174E-1 6.18886E-1 7.18706E-1 7.18706E-1 4.79138E-1 2.41366E1 1.10002E1 2.13416E1 1.36754E1 1.36754E1 1.36754E1 1.36754E1 1.36754E1 2.13416E1 1.58714E1 1.15592E1 1.15592E1 1.15592E1 1.36754E1 1.79078E1 2.71312E1 3.82511E1 4.09463E1 4.4999E1 4.48792E1 -9999 2.02436E1 -9999 -9999 -9999 -9999 -9999 -9999
-7.63441E1 -7.36559E1 -7.09677E1 -7.41936E1 -7.04301E1 -6.55914E1 -6.6129E1 -6.72043E1 -6.50538E1 -6.02151E1 -4.03226E1 -3.3871E1 -2.41935E1 -2.09677E1 -2.04301E1 -1.02151E1 -5.37634E0 -9.67742E0 -6.98925E0 -2.68817E0 -2.68817E0 1.99641E-2 -4.83871E0 -1.23656E1 -2.2043E1 -2.2043E1 -3.06452E1 -4.46237E1 -4.08602E1 -2.31183E1 -1.82796E1 -1.02151E1 1.99641E-2 1.99641E-2 2.19605E-1 4.39209E-1 6.98742E-1 8.38491E-1 7.3867E-1 7.3867E-1 8.38491E-1 8.38491E-1 1.36754E1 1.36754E1 1.36754E1 1.15592E1 1.15592E1 1.15592E1 1.36754E1 1.36754E1 1.01417E1 8.9439E0 8.9439E0 1.15592E1 1.79078E1 2.41366E1 3.44779E1 4.26432E1 4.38012E1 3.03454E1 2.45957E1 1.48133E1 -9999 -9999 -9999 -9999 -9999 -9999
-7.74194E1 -8.01075E1 -7.58064E1 -7.52688E1 -7.52688E1 -7.74194E1 -7.09677E1 -6.82796E1 -6.39785E1 -6.07527E1 -5.48387E1 -3.49462E1 -2.41935E1 -1.6129E1 -1.55914E1 -1.02151E1 -5.37634E0 -9.67742E0 -1.1828E1 -8.06452E0 -3.76344E0 1.39748E-1 9.98203E-2 -7.52688E0 -2.74194E1 -4.13979E1 -4.78495E1 -4.08602E1 -3.97849E1 -2.95699E1 -3.60215E1 -2.31183E1 -1.02151E1 3.99281E-2 2.99461E-1 4.79138E-1 5.19066E-1 6.98742E-1 7.98563E-1 7.3867E-1 8.38491E-1 1.01817E0 1.36754E1 1.58714E1 1.36754E1 1.15592E1 1.15592E1 1.15592E1 1.15592E1 1.15592E1 8.9439E0 8.9439E0 1.01417E1 1.58714E1 2.41366E1 2.13416E1 3.82511E1 4.73947E1 4.60371E1 4.19046E1 2.84688E1 2.02635E1 -9999 -9999 -9999 -9999 -9999 -9999
