ENM/Final_Models/M_1_F_q_Set_1_E/Gustavia_santanderiensis_Choco_avg.asc
ncols         367
nrows         963
xllcorner     -78.6
yllcorner     0.65
cellsize      0.00833333333333323
NODATA_value  -9999
[rows 750 to 779 of 963, columns 67 to 133 of 367]
8.45616E-1 8.45604E-1 8.38368E-1 8.3496E-1 8.41206E-1 8.234E-1 8.45355E-1 8.35932E-1 8.60282E-1 9.21207E-1 9.15716E-1 8.70769E-1 8.21161E-1 8.21378E-1 8.73849E-1 8.65915E-1 8.36055E-1 8.19897E-1 8.15622E-1 8.22123E-1 8.29394E-1 8.541E-1 8.93733E-1 8.69685E-1 8.76408E-1 8.75639E-1 8.81522E-1 9.30602E-1 9.10421E-1 9.20534E-1 9.12667E-1 8.80432E-1 8.77356E-1 8.81736E-1 8.86245E-1 9.35011E-1 9.40451E-1 9.53646E-1 9.34399E-1 9.134E-1 8.95478E-1 9.00019E-1 9.13328E-1 8.71404E-1 9.00828E-1 8.91174E-1 9.1897E-1 9.28943E-1 9.15067E-1 9.05898E-1 8.63379E-1 8.83961E-1 8.99144E-1 8.65101E-1 8.86601E-1 8.88961E-1 8.1051E-1 8.34306E-1 8.11325E-1 7.42979E-1 6.95412E-1 6.64342E-1 6.43266E-1 4.89742E-1 9.65018E-2 4.76647E-2 1.09558E-2
8.93314E-1 8.51343E-1 8.40404E-1 8.34951E-1 8.22107E-1 8.75982E-1 8.48963E-1 8.4377E-1 8.21911E-1 8.26172E-1 8.72053E-1 8.69828E-1 8.87696E-1 8.22614E-1 8.19549E-1 8.21623E-1 8.24465E-1 8.2344E-1 8.24151E-1 8.24152E-1 8.7611E-1 9.12832E-1 9.10758E-1 9.05074E-1 9.19084E-1 9.10912E-1 9.30907E-1 9.22812E-1 8.9285E-1 9.15604E-1 9.28009E-1 8.78771E-1 9.25194E-1 9.21399E-1 9.24327E-1 9.27225E-1 9.31512E-1 9.24529E-1 9.08449E-1 9.33583E-1 9.18472E-1 9.20962E-1 8.68925E-1 8.99728E-1 9.24547E-1 9.26527E-1 9.29866E-1 9.27999E-1 9.00054E-1 8.96562E-1 8.83408E-1 8.90698E-1 9.02254E-1 9.16747E-1 8.22172E-1 8.14223E-1 8.57348E-1 7.54842E-1 7.72023E-1 6.00199E-1 4.09797E-1 3.54465E-1 5.96496E-1 5.23843E-1 7.58413E-2 6.73832E-2 4.16515E-2
8.19713E-1 8.31624E-1 8.18469E-1 8.1944E-1 8.22587E-1 8.52095E-1 8.70346E-1 8.59925E-1 8.59291E-1 8.18318E-1 9.1941E-1 9.11478E-1 9.15087E-1 9.20542E-1 8.20894E-1 8.80708E-1 8.81002E-1 8.24699E-1 8.22334E-1 8.65051E-1 8.72844E-1 8.59494E-1 8.65331E-1 9.07628E-1 8.98072E-1 9.18849E-1 9.15555E-1 9.28076E-1 8.73106E-1 9.03981E-1 9.22831E-1 8.74604E-1 9.22255E-1 9.0603E-1 9.1992E-1 9.12029E-1 9.24469E-1 9.14538E-1 9.28742E-1 9.17076E-1 9.2678E-1 8.91922E-1 9.07436E-1 8.94566E-1 9.36848E-1 9.16634E-1 8.72459E-1 8.75741E-1 8.84236E-1 9.10241E-1 8.86532E-1 9.0151E-1 8.91919E-1 9.0057E-1 8.67355E-1 8.33651E-1 8.50859E-1 7.51284E-1 5.8259E-1 4.31154E-1 4.07611E-1 5.37971E-1 6.35537E-1 4.89157E-1 3.39646E-1 6.2979E-2 7.42802E-2
8.49001E-1 8.32639E-1 8.27384E-1 8.24313E-1 8.21983E-1 8.52204E-1 8.51149E-1 8.61994E-1 8.31071E-1 8.26286E-1 8.79909E-1 9.16144E-1 9.05606E-1 9.1377E-1 8.71171E-1 8.75868E-1 8.73442E-1 9.18485E-1 8.24656E-1 8.69181E-1 8.26616E-1 8.24447E-1 8.22574E-1 8.22982E-1 9.03433E-1 9.22726E-1 9.14974E-1 9.23861E-1 9.12085E-1 9.21041E-1 9.206E-1 8.68986E-1 9.14291E-1 9.14704E-1 9.25755E-1 9.15296E-1 9.42322E-1 8.95484E-1 9.21711E-1 9.17087E-1 9.3911E-1 8.96754E-1 9.4154E-1 9.3567E-1 9.29382E-1 9.20649E-1 8.86402E-1 8.9174E-1 8.90699E-1 9.07513E-1 8.87623E-1 8.88832E-1 8.88624E-1 8.7605E-1 8.75752E-1 8.13319E-1 8.53353E-1 7.23569E-1 4.41439E-1 5.73361E-1 6.28716E-1 7.16201E-1 5.64602E-1 4.93203E-1 2.69556E-1 4.20002E-2 9.08186E-2
8.2871E-1 8.28818E-1 8.25987E-1 8.22819E-1 8.24119E-1 8.17714E-1 8.36043E-1 8.76034E-1 8.23269E-1 8.67493E-1 8.72725E-1 8.73644E-1 9.09242E-1 9.2171E-1 9.24488E-1 8.1949E-1 8.24922E-1 8.22075E-1 8.253E-1 8.22882E-1 8.65232E-1 8.19987E-1 8.21055E-1 8.68956E-1 9.06533E-1 9.32331E-1 9.23548E-1 9.18771E-1 9.03724E-1 9.20887E-1 9.18829E-1 9.07585E-1 8.98221E-1 9.19224E-1 9.13288E-1 8.98911E-1 9.07515E-1 8.96442E-1 9.23841E-1 9.11309E-1 9.46783E-1 9.40818E-1 9.42335E-1 9.292E-1 9.31322E-1 9.01279E-1 8.8944E-1 8.93076E-1 8.89353E-1 8.99396E-1 8.81584E-1 8.87449E-1 8.96508E-1 8.93444E-1 8.56375E-1 8.18027E-1 7.97744E-1 5.53524E-1 6.43338E-1 6.81918E-1 7.13081E-1 6.6122E-1 5.77321E-1 7.80245E-2 4.31702E-2 2.47224E-2 2.76695E-2
8.95496E-1 8.23915E-1 8.45115E-1 8.43495E-1 8.23691E-1 8.2549E-1 8.20667E-1 8.56018E-1 8.64714E-1 8.64666E-1 8.22122E-1 8.73166E-1 9.00214E-1 8.66192E-1 8.20961E-1 8.19022E-1 8.24263E-1 8.21831E-1 8.20908E-1 8.16262E-1 8.18017E-1 8.15426E-1 8.21618E-1 8.67013E-1 8.24792E-1 8.75211E-1 9.08552E-1 9.01081E-1 9.03473E-1 9.0063E-1 9.08652E-1 9.1744E-1 9.22348E-1 9.2964E-1 9.22629E-1 9.0402E-1 9.03653E-1 9.35762E-1 9.45642E-1 8.91164E-1 9.34586E-1 9.32213E-1 9.27318E-1 9.22738E-1 9.28444E-1 9.04963E-1 9.13366E-1 9.07667E-1 9.07665E-1 8.94295E-1 8.81051E-1 8.76197E-1 8.70561E-1 8.42403E-1 7.97776E-1 8.34818E-1 7.60655E-1 7.52885E-1 7.54651E-1 7.65854E-1 7.47786E-1 6.39604E-1 4.25831E-1 6.32983E-2 1.94848E-2 1.0591E-1 6.70265E-2
8.83588E-1 8.51163E-1 8.22795E-1 8.2669E-1 8.26668E-1 8.2846E-1 8.27479E-1 8.50825E-1 8.5809E-1 8.59196E-1 8.7667E-1 8.66528E-1 9.16136E-1 8.66712E-1 8.99701E-1 8.16485E-1 8.17569E-1 8.14554E-1 8.25016E-1 8.27073E-1 8.28549E-1 8.2616E-1 8.62913E-1 8.2551E-1 8.64254E-1 8.20802E-1 8.73105E-1 9.07863E-1 8.28292E-1 8.18004E-1 8.7179E-1 9.14365E-1 9.25155E-1 9.26538E-1 9.20199E-1 9.10168E-1 8.99885E-1 9.13235E-1 9.31811E-1 9.30457E-1 9.19962E-1 8.99381E-1 9.11449E-1 9.18707E-1 9.1769E-1 8.96588E-1 9.00742E-1 8.96667E-1 8.94751E-1 8.71622E-1 8.65139E-1 8.65947E-1 8.58107E-1 8.63235E-1 7.87351E-1 6.49741E-1 6.40651E-1 7.60978E-1 7.63462E-1 7.39301E-1 6.99422E-1 6.69359E-1 4.2055E-1 1.38837E-1 5.58368E-2 1.40623E-1 9.34071E-2
8.91601E-1 8.24076E-1 8.22369E-1 8.31645E-1 8.53249E-1 8.97484E-1 8.51339E-1 8.6144E-1 8.26326E-1 8.20099E-1 8.20535E-1 8.17342E-1 8.67361E-1 9.19564E-1 8.64268E-1 8.14428E-1 8.27162E-1 8.14274E-1 8.25431E-1 8.20034E-1 8.2549E-1 8.68241E-1 8.66526E-1 8.7429E-1 8.69134E-1 8.18051E-1 8.21325E-1 8.99491E-1 8.65379E-1 8.70361E-1 8.67647E-1 9.22524E-1 9.26166E-1 9.2913E-1 9.31613E-1 9.18666E-1 9.35899E-1 9.34363E-1 8.6738E-1 9.00178E-1 9.21083E-1 9.11969E-1 9.05939E-1 9.3067E-1 8.94416E-1 9.14501E-1 8.99449E-1 8.87683E-1 8.87689E-1 8.89098E-1 8.72891E-1 8.76076E-1 8.72105E-1 8.6396E-1 8.04449E-1 7.12287E-1 7.11738E-1 7.49681E-1 7.24151E-1 7.79507E-1 6.85966E-1 4.63081E-1 5.66926E-1 7.93248E-2 4.47488E-2 4.27319E-2 1.45182E-2
8.4967E-1 8.48765E-1 8.25454E-1 8.28132E-1 8.87815E-1 8.90574E-1 8.95924E-1 8.98475E-1 8.17431E-1 8.63714E-1 8.75761E-1 8.67237E-1 9.03875E-1 9.10395E-1 8.99224E-1 8.27766E-1 8.15018E-1 8.33739E-1 8.24791E-1 8.28705E-1 8.20704E-1 8.18043E-1 8.19304E-1 8.63018E-1 8.6617E-1 8.17675E-1 8.7185E-1 8.66899E-1 8.13616E-1 8.19983E-1 8.19572E-1 8.6949E-1 9.35912E-1 9.3242E-1 9.09277E-1 9.0344E-1 9.27192E-1 8.91742E-1 9.25833E-1 9.11716E-1 8.95372E-1 8.91393E-1 9.14536E-1 9.3115E-1 9.10919E-1 8.99563E-1 9.20415E-1 9.2457E-1 8.90693E-1 8.87212E-1 8.90843E-1 8.907E-1 8.80878E-1 7.87801E-1 7.55547E-1 7.90564E-1 7.67483E-1 7.29406E-1 7.87795E-1 7.28758E-1 5.50332E-1 4.89942E-1 3.19176E-1 4.79658E-1 4.53137E-2 2.39602E-2 7.39764E-3
8.34383E-1 8.93161E-1 8.53098E-1 8.21507E-1 8.48974E-1 8.97078E-1 8.5636E-1 8.88752E-1 8.29159E-1 8.62088E-1 8.6091E-1 8.65297E-1 8.18803E-1 8.97888E-1 8.59409E-1 8.54994E-1 8.15449E-1 8.18605E-1 8.31762E-1 8.60013E-1 8.18049E-1 8.17587E-1 9.11614E-1 9.1393E-1 8.71763E-1 8.16672E-1 8.62796E-1 8.65743E-1 8.11819E-1 8.18612E-1 8.13941E-1 8.73035E-1 9.1226E-1 9.3675E-1 9.18908E-1 9.15982E-1 9.29177E-1 8.9381E-1 8.87767E-1 9.33382E-1 9.23779E-1 8.71369E-1 8.79475E-1 9.28903E-1 9.09111E-1 9.09424E-1 8.90238E-1 8.66169E-1 8.96546E-1 8.87623E-1 8.67576E-1 8.22461E-1 8.28047E-1 8.44592E-1 8.30835E-1 8.25505E-1 7.80447E-1 7.61418E-1 7.96246E-1 7.50465E-1 6.66479E-1 6.55812E-1 3.88915E-1 2.56029E-1 2.38479E-1 1.27033E-2 2.20309E-3
8.31011E-1 8.52783E-1 8.47597E-1 8.29052E-1 8.27539E-1 8.5033E-1 8.55763E-1 8.52206E-1 8.19313E-1 8.25763E-1 8.18871E-1 8.64375E-1 8.18095E-1 8.72261E-1 8.16527E-1 8.56348E-1 8.6479E-1 8.6644E-1 8.5921E-1 8.17526E-1 8.63519E-1 8.69549E-1 9.12477E-1 9.04925E-1 8.72885E-1 8.16437E-1 8.60239E-1 8.60752E-1 8.22706E-1 8.2203E-1 8.16816E-1 8.19341E-1 8.84914E-1 9.2775E-1 9.08706E-1 9.18787E-1 9.28023E-1 9.3927E-1 8.83661E-1 8.93055E-1 9.37746E-1 9.31869E-1 8.86591E-1 9.31839E-1 9.04307E-1 9.23422E-1 8.95208E-1 8.57982E-1 8.7243E-1 9.01639E-1 8.65054E-1 8.24549E-1 8.07904E-1 8.33152E-1 8.31943E-1 8.26856E-1 7.93877E-1 7.20683E-1 6.47473E-1 7.58173E-1 7.34383E-1 6.53968E-1 5.26807E-1 4.93051E-1 4.91051E-1 2.18399E-2 4.31767E-3
8.29323E-1 8.27057E-1 8.9277E-1 8.41876E-1 8.46852E-1 8.56406E-1 8.56489E-1 8.61337E-1 8.19345E-1 8.24583E-1 8.24458E-1 8.27746E-1 8.1588E-1 8.73073E-1 8.65616E-1 8.27813E-1 9.01188E-1 9.0272E-1 8.98377E-1 8.65535E-1 8.98559E-1 8.64616E-1 9.01034E-1 8.93252E-1 8.58797E-1 8.18896E-1 8.66898E-1 8.66596E-1 8.63653E-1 8.60719E-1 8.15775E-1 8.16121E-1 8.81885E-1 9.0554E-1 9.06913E-1 9.05079E-1 9.34711E-1 9.36935E-1 8.75967E-1 8.81235E-1 8.96761E-1 9.22361E-1 9.33854E-1 8.95539E-1 9.3486E-1 9.23221E-1 8.58183E-1 8.64296E-1 8.56731E-1 9.024E-1 8.57038E-1 8.07423E-1 8.26778E-1 8.27758E-1 8.26646E-1 7.96194E-1 8.03096E-1 7.24494E-1 4.98999E-1 6.51229E-1 6.9603E-1 6.7194E-1 6.70223E-1 5.83241E-1 4.96361E-1 1.31221E-1 9.05512E-4
8.30517E-1 8.27563E-1 8.22291E-1 8.46585E-1 8.47078E-1 8.21372E-1 8.5379E-1 8.94187E-1 8.79829E-1 8.88084E-1 8.98293E-1 8.56819E-1 8.95553E-1 9.02255E-1 9.13643E-1 8.4882E-1 8.89165E-1 8.89228E-1 9.01761E-1 8.99645E-1 8.92556E-1 9.05611E-1 9.04988E-1 9.05904E-1 8.57122E-1 8.16218E-1 8.63147E-1 8.18117E-1 8.19923E-1 8.1828E-1 8.67966E-1 9.10695E-1 8.74994E-1 9.09367E-1 9.06457E-1 9.43465E-1 9.30541E-1 9.16399E-1 9.22596E-1 9.27797E-1 9.19491E-1 9.06507E-1 9.36499E-1 9.35934E-1 9.44776E-1 9.31066E-1 8.85681E-1 9.05289E-1 8.83356E-1 8.77343E-1 8.24594E-1 8.20417E-1 8.30405E-1 8.25853E-1 8.53335E-1 8.41052E-1 6.37995E-1 4.81892E-1 4.57606E-1 5.96275E-1 5.699E-1 5.67517E-1 5.6486E-1 6.11505E-1 5.39561E-1 4.03273E-2 3.64991E-4
8.19121E-1 8.30102E-1 8.42084E-1 8.42458E-1 8.46275E-1 8.52521E-1 8.54428E-1 8.49648E-1 8.52396E-1 8.22027E-1 8.22425E-1 8.24089E-1 8.51516E-1 8.52741E-1 8.4643E-1 9.0116E-1 8.79521E-1 8.7803E-1 8.68338E-1 8.95551E-1 8.93024E-1 9.02382E-1 8.6782E-1 8.17051E-1 8.16672E-1 8.16904E-1 8.53145E-1 8.14418E-1 8.17524E-1 8.16997E-1 8.61569E-1 9.05867E-1 8.89423E-1 8.91294E-1 8.86323E-1 8.84258E-1 9.04716E-1 9.1507E-1 9.05151E-1 9.15643E-1 9.29431E-1 9.21089E-1 9.33528E-1 9.41173E-1 9.26889E-1 9.42511E-1 9.30154E-1 8.97348E-1 8.94891E-1 8.78529E-1 8.41394E-1 8.21708E-1 8.34638E-1 8.69424E-1 8.34695E-1 6.37964E-1 2.50937E-1 2.78956E-1 3.97008E-1 3.3326E-1 3.94853E-1 4.57285E-1 4.76987E-1 4.72354E-1 1.05801E-1 6.50931E-3 7.34847E-4
8.31939E-1 8.19407E-1 8.42527E-1 8.86118E-1 8.84722E-1 8.49137E-1 8.87419E-1 8.87201E-1 8.66663E-1 8.24252E-1 8.226E-1 8.21725E-1 8.25056E-1 8.42188E-1 8.7396E-1 8.65731E-1 8.74473E-1 8.73938E-1 8.70779E-1 8.99277E-1 9.06007E-1 8.64419E-1 8.67932E-1 8.64583E-1 8.16545E-1 8.16952E-1 8.16928E-1 8.50346E-1 8.17833E-1 8.16374E-1 8.16161E-1 8.6307E-1 8.90932E-1 8.96876E-1 8.8062E-1 9.15971E-1 9.16378E-1 9.17843E-1 8.95652E-1 8.83693E-1 9.14847E-1 9.37715E-1 9.37169E-1 9.42046E-1 9.43613E-1 9.41616E-1 9.35407E-1 9.39619E-1 9.37666E-1 8.8003E-1 8.09846E-1 8.56754E-1 8.33894E-1 8.75851E-1 7.14486E-1 3.42546E-1 2.91541E-1 2.45337E-1 2.58938E-1 2.44506E-1 2.07399E-1 1.89421E-1 2.53923E-1 2.29119E-1 2.31337E-3 3.29807E-4 9.51261E-5
8.36459E-1 8.29852E-1 8.80448E-1 8.76901E-1 8.7764E-1 8.42454E-1 8.49396E-1 8.81262E-1 8.43401E-1 8.25762E-1 8.23861E-1 8.54092E-1 8.56351E-1 8.48883E-1 8.4512E-1 8.50582E-1 8.78395E-1 8.79294E-1 8.78028E-1 8.98011E-1 8.95223E-1 8.55813E-1 8.56937E-1 8.58766E-1 8.16894E-1 8.55083E-1 8.97892E-1 8.80197E-1 8.82121E-1 8.80305E-1 8.53501E-1 8.63484E-1 9.12688E-1 9.19389E-1 9.40345E-1 9.19883E-1 9.16979E-1 9.09015E-1 9.19405E-1 9.21683E-1 9.21245E-1 9.15992E-1 9.1726E-1 9.40288E-1 8.96503E-1 9.46903E-1 8.96567E-1 8.31179E-1 8.38244E-1 8.11942E-1 8.22931E-1 8.34778E-1 7.7165E-1 7.15562E-1 4.57258E-1 3.15021E-1 3.18983E-1 3.52619E-1 2.76218E-1 2.84989E-1 2.79052E-1 1.841E-1 1.04794E-1 6.67662E-2 8.52314E-4 1.61294E-4 8.47968E-5
8.28331E-1 8.24307E-1 8.88934E-1 8.67942E-1 8.63051E-1 8.39942E-1 8.5019E-1 8.88863E-1 8.7986E-1 8.23542E-1 8.23176E-1 8.39304E-1 8.59893E-1 8.53865E-1 8.50503E-1 8.74456E-1 8.3455E-1 8.3635E-1 8.27687E-1 8.95779E-1 8.97113E-1 8.87477E-1 8.90985E-1 8.54335E-1 8.155E-1 8.97833E-1 8.93492E-1 8.98908E-1 8.73161E-1 8.79554E-1 8.84062E-1 8.98227E-1 9.3261E-1 9.33651E-1 9.16947E-1 9.09067E-1 9.06179E-1 8.90977E-1 9.06547E-1 9.18358E-1 9.16682E-1 9.26714E-1 9.13638E-1 8.62806E-1 8.95392E-1 8.98905E-1 8.95725E-1 8.13831E-1 8.14408E-1 8.31258E-1 8.3932E-1 7.77054E-1 6.68405E-1 4.27581E-1 3.06781E-1 3.47126E-1 3.79047E-1 4.98097E-1 4.37378E-1 3.98196E-1 1.67943E-1 1.07473E-1 7.89742E-2 2.82471E-2 1.03068E-3 2.90793E-4 1.16808E-4
8.27077E-1 8.4563E-1 8.71734E-1 8.7163E-1 8.60614E-1 8.82086E-1 8.49004E-1 8.82493E-1 8.81156E-1 8.47982E-1 8.38661E-1 8.22749E-1 8.56975E-1 8.9965E-1 8.92202E-1 8.86515E-1 8.79433E-1 8.8219E-1 8.42099E-1 8.88122E-1 9.01176E-1 8.8154E-1 8.92675E-1 8.87942E-1 8.15561E-1 8.92311E-1 9.02031E-1 9.06735E-1 8.73024E-1 8.78056E-1 8.92359E-1 8.96125E-1 9.02366E-1 9.30848E-1 9.27735E-1 9.18938E-1 9.14844E-1 8.93589E-1 9.21009E-1 8.90329E-1 9.08931E-1 9.1038E-1 8.94256E-1 8.91967E-1 8.92277E-1 9.00635E-1 8.41052E-1 8.18303E-1 8.20191E-1 8.23007E-1 8.03112E-1 7.4609E-1 6.5171E-1 5.27945E-1 3.89087E-1 4.65338E-1 5.26031E-1 5.36049E-1 4.78733E-1 3.63839E-1 1.26756E-1 1.33233E-1 8.10886E-2 1.15833E-2 1.69551E-3 1.12794E-3 1.23387E-4
8.43594E-1 8.43568E-1 8.77111E-1 8.77639E-1 8.62666E-1 8.47635E-1 8.25629E-1 8.43942E-1 8.389E-1 8.60009E-1 8.63509E-1 8.46999E-1 8.4629E-1 8.81961E-1 8.46677E-1 8.5109E-1 8.54057E-1 8.52435E-1 8.59884E-1 8.56108E-1 8.8811E-1 8.84023E-1 8.51683E-1 8.53899E-1 8.49132E-1 8.55642E-1 8.57429E-1 8.13589E-1 8.62698E-1 8.64691E-1 9.0161E-1 8.93736E-1 8.9443E-1 9.16924E-1 9.20928E-1 9.04411E-1 9.05219E-1 8.95785E-1 9.41899E-1 9.03028E-1 8.73281E-1 8.92281E-1 8.85792E-1 9.34266E-1 8.30099E-1 8.29401E-1 8.19883E-1 8.33975E-1 8.21456E-1 8.42078E-1 8.56865E-1 8.47152E-1 8.12379E-1 7.0616E-1 6.05738E-1 6.30398E-1 6.18503E-1 4.99752E-1 3.74216E-1 2.0581E-1 2.05594E-1 1.21667E-1 9.10693E-2 4.91835E-3 2.02641E-3 4.73333E-4 9.5956E-5
8.69563E-1 8.5104E-1 8.41814E-1 8.81859E-1 8.6646E-1 8.16664E-1 8.2316E-1 8.19276E-1 8.6964E-1 8.81409E-1 8.72045E-1 8.19297E-1 8.20193E-1 8.51789E-1 8.9046E-1 8.96305E-1 8.16729E-1 8.14383E-1 8.59529E-1 8.90811E-1 8.89071E-1 8.92571E-1 8.21156E-1 8.2149E-1 8.20428E-1 8.52851E-1 8.56016E-1 8.15567E-1 8.18191E-1 8.32994E-1 8.29043E-1 8.51907E-1 8.58854E-1 9.30104E-1 9.17378E-1 9.05871E-1 8.92214E-1 9.18064E-1 9.25156E-1 9.33247E-1 9.28741E-1 9.20813E-1 8.95753E-1 8.79622E-1 8.21402E-1 9.11671E-1 8.97399E-1 8.26965E-1 8.4984E-1 8.74604E-1 8.34598E-1 8.37803E-1 7.95532E-1 7.01291E-1 7.24398E-1 6.88744E-1 5.9942E-1 5.32937E-1 4.39839E-1 3.15542E-1 2.78475E-1 1.76865E-1 1.14201E-1 3.82317E-3 1.62454E-3 3.35664E-4 4.13214E-5
8.80309E-1 8.72738E-1 8.80719E-1 8.41417E-1 8.38975E-1 8.42125E-1 8.62487E-1 8.70306E-1 8.42172E-1 8.40735E-1 8.41445E-1 8.21644E-1 8.24897E-1 8.24533E-1 8.92102E-1 8.9826E-1 8.52025E-1 8.46937E-1 8.20379E-1 8.82874E-1 8.7509E-1 8.85097E-1 8.5521E-1 8.21784E-1 8.22017E-1 8.17757E-1 8.4876E-1 8.65152E-1 8.67721E-1 8.63361E-1 8.52892E-1 8.89009E-1 9.28442E-1 9.20618E-1 9.07464E-1 9.05831E-1 9.01099E-1 8.92862E-1 9.08728E-1 8.97434E-1 9.09126E-1 9.07822E-1 9.12559E-1 8.83533E-1 9.38495E-1 9.05503E-1 8.79497E-1 8.82217E-1 8.65597E-1 8.53942E-1 7.69052E-1 8.06819E-1 7.83282E-1 7.80256E-1 7.20753E-1 6.34651E-1 5.37845E-1 4.72278E-1 3.72776E-1 2.67244E-1 3.17002E-2 1.30121E-2 5.36772E-2 3.11086E-2 1.45049E-3 6.46339E-4 2.11922E-4
8.66708E-1 8.39888E-1 8.71523E-1 8.43823E-1 8.47316E-1 8.75982E-1 8.36116E-1 8.39972E-1 8.24589E-1 8.24739E-1 8.3236E-1 8.57911E-1 8.28785E-1 8.25305E-1 8.23498E-1 8.58048E-1 8.54916E-1 8.46524E-1 8.19869E-1 8.49072E-1 8.74975E-1 8.81754E-1 8.87679E-1 8.50119E-1 8.50293E-1 8.34296E-1 8.29352E-1 8.64924E-1 8.5685E-1 8.5075E-1 8.50421E-1 8.94632E-1 8.75551E-1 9.02872E-1 9.29436E-1 9.22881E-1 9.31001E-1 9.30907E-1 9.24038E-1 9.06551E-1 9.00423E-1 9.14486E-1 8.93532E-1 8.88292E-1 8.89462E-1 9.10737E-1 8.83246E-1 8.73967E-1 8.76788E-1 8.07707E-1 7.15207E-1 7.88948E-1 7.83245E-1 7.40711E-1 6.77562E-1 6.29066E-1 5.66786E-1 3.46048E-1 1.8272E-1 8.71931E-2 1.58126E-2 1.04662E-2 2.36404E-3 5.82841E-3 1.87909E-3 1.0606E-3 6.75056E-4
8.6851E-1 8.38602E-1 8.69376E-1 8.38559E-1 8.29586E-1 8.43731E-1 8.32881E-1 8.71262E-1 8.26453E-1 8.38135E-1 8.38016E-1 8.35904E-1 8.63352E-1 8.20228E-1 8.22561E-1 8.52641E-1 8.85685E-1 8.69304E-1 8.37734E-1 8.23144E-1 8.64692E-1 8.76668E-1 8.92449E-1 8.9022E-1 8.84054E-1 8.47233E-1 8.23123E-1 8.54199E-1 8.15718E-1 8.47024E-1 8.9067E-1 9.1093E-1 8.75322E-1 9.01801E-1 9.28785E-1 9.3016E-1 9.3946E-1 9.29909E-1 9.40917E-1 9.14789E-1 8.77365E-1 8.99937E-1 8.94603E-1 8.67947E-1 8.87081E-1 9.03611E-1 8.68161E-1 9.12618E-1 8.63919E-1 7.95711E-1 7.46996E-1 7.78824E-1 8.03367E-1 7.03173E-1 5.97723E-1 5.24002E-1 4.73716E-1 3.88669E-1 1.5205E-1 5.2487E-2 2.18476E-2 1.06889E-2 1.67216E-3 1.10557E-3 8.52698E-4 3.86053E-4 4.107E-4
8.76953E-1 8.3747E-1 8.25204E-1 8.39828E-1 8.68131E-1 8.77483E-1 8.2852E-1 8.36949E-1 8.23223E-1 8.23433E-1 8.31654E-1 8.31254E-1 8.31623E-1 8.39052E-1 8.37068E-1 8.46418E-1 8.8597E-1 8.80558E-1 8.52453E-1 8.49719E-1 8.75634E-1 8.76913E-1 8.81017E-1 8.69324E-1 8.87637E-1 8.45056E-1 8.58609E-1 8.48905E-1 8.48398E-1 8.50393E-1 8.65593E-1 8.92956E-1 8.77899E-1 8.8399E-1 8.85049E-1 8.97543E-1 8.97528E-1 9.42953E-1 9.37812E-1 9.28201E-1 9.13846E-1 8.72619E-1 8.89394E-1 8.9928E-1 8.93855E-1 9.01986E-1 8.93875E-1 8.95751E-1 8.44099E-1 7.9859E-1 8.22691E-1 8.26314E-1 7.56745E-1 7.17203E-1 5.56518E-1 3.29211E-1 2.63178E-1 1.72434E-1 2.90567E-2 1.85096E-2 8.76036E-3 3.59421E-3 2.21729E-3 1.37328E-3 4.54427E-4 3.00372E-4 2.71567E-4
8.40534E-1 8.28609E-1 8.26033E-1 8.30738E-1 8.45181E-1 8.64919E-1 8.54731E-1 8.35151E-1 8.3456E-1 8.22084E-1 8.37768E-1 8.21698E-1 8.31639E-1 8.34356E-1 8.43626E-1 8.2173E-1 8.42693E-1 9.00208E-1 8.54826E-1 8.51499E-1 8.89215E-1 8.53511E-1 8.81175E-1 8.73368E-1 8.81757E-1 8.49169E-1 8.50652E-1 8.45153E-1 8.49332E-1 8.47757E-1 8.14833E-1 8.1378E-1 9.0445E-1 8.94375E-1 8.8661E-1 8.93274E-1 8.3905E-1 9.31638E-1 9.12538E-1 9.12349E-1 9.27767E-1 8.86274E-1 8.97311E-1 9.46881E-1 9.27022E-1 9.26378E-1 8.8005E-1 8.63364E-1 8.22226E-1 7.90005E-1 8.39163E-1 8.37597E-1 7.39379E-1 6.13289E-1 5.74466E-1 3.80814E-1 1.01655E-1 2.69334E-2 1.30933E-2 1.8838E-2 6.00143E-3 4.05123E-3 1.73101E-3 1.98485E-4 4.15321E-4 1.41076E-4 7.19287E-5
8.30951E-1 8.29778E-1 8.3507E-1 8.66654E-1 8.65951E-1 8.6141E-1 8.67129E-1 8.37755E-1 8.2353E-1 8.39937E-1 8.24684E-1 8.21014E-1 8.36228E-1 8.32984E-1 8.34484E-1 8.43424E-1 8.40732E-1 8.81678E-1 8.68285E-1 8.79131E-1 8.75347E-1 8.52578E-1 8.73027E-1 8.62646E-1 8.74868E-1 8.89917E-1 8.86589E-1 8.51022E-1 8.25653E-1 8.41778E-1 8.22915E-1 8.13407E-1 8.13744E-1 8.61459E-1 9.13597E-1 9.41412E-1 8.57463E-1 8.66461E-1 9.16603E-1 8.66939E-1 8.83105E-1 9.23565E-1 9.40805E-1 9.33586E-1 9.15121E-1 8.84385E-1 9.13175E-1 8.77863E-1 8.11496E-1 8.11433E-1 8.08851E-1 8.35667E-1 7.39744E-1 6.14135E-1 4.5607E-1 2.30622E-1 4.1878E-2 2.3906E-2 1.20387E-2 3.5537E-3 4.1228E-3 2.07533E-3 1.02702E-3 1.71748E-4 2.49439E-4 1.8228E-4 7.08071E-5
8.32425E-1 8.64948E-1 8.6072E-1 8.63569E-1 8.63382E-1 8.77143E-1 8.69339E-1 8.35074E-1 8.21074E-1 8.33852E-1 8.30504E-1 8.25872E-1 8.20663E-1 8.31733E-1 8.31975E-1 8.75855E-1 8.79861E-1 8.79311E-1 8.76983E-1 8.62087E-1 8.73359E-1 8.5536E-1 8.38971E-1 8.14307E-1 8.18509E-1 8.5344E-1 8.508E-1 8.14941E-1 8.1378E-1 8.18483E-1 8.19129E-1 8.59865E-1 8.87654E-1 8.77996E-1 9.26671E-1 8.70756E-1 8.53476E-1 9.12875E-1 8.91245E-1 8.88984E-1 9.20476E-1 8.79756E-1 8.72825E-1 8.67226E-1 8.44142E-1 8.92835E-1 8.72822E-1 8.45833E-1 8.43177E-1 8.72575E-1 8.37534E-1 8.28583E-1 7.50478E-1 6.52887E-1 4.48718E-1 1.97054E-1 6.64455E-2 2.88122E-3 1.13256E-3 2.29386E-3 2.08187E-3 9.04535E-4 2.9832E-4 6.80135E-5 4.2709E-5 3.92107E-5 2.1806E-5
8.33118E-1 8.70731E-1 8.38699E-1 8.66457E-1 8.65358E-1 8.45493E-1 8.42602E-1 8.27835E-1 8.23099E-1 8.34339E-1 8.33908E-1 8.33086E-1 8.34388E-1 8.37567E-1 8.36227E-1 8.78711E-1 8.71322E-1 8.76414E-1 8.81749E-1 8.67068E-1 8.79572E-1 8.38898E-1 8.68438E-1 8.39063E-1 8.15761E-1 8.16552E-1 8.18648E-1 8.798E-1 8.58359E-1 8.18793E-1 8.18179E-1 8.57075E-1 8.55793E-1 8.60444E-1 8.41781E-1 8.9076E-1 8.91321E-1 8.39832E-1 8.32084E-1 8.9278E-1 8.92062E-1 8.56806E-1 8.30045E-1 8.17833E-1 8.21034E-1 8.28005E-1 8.32952E-1 8.03489E-1 8.69357E-1 8.5377E-1 8.21034E-1 8.22565E-1 6.87154E-1 6.09105E-1 5.36379E-1 3.68507E-1 7.22236E-2 9.80299E-4 2.24806E-3 1.81977E-3 1.6319E-3 9.05247E-4 1.97125E-4 7.01307E-5 4.53114E-5 3.33643E-5 4.38697E-5
8.43499E-1 8.84308E-1 8.43033E-1 8.7642E-1 8.38264E-1 8.40291E-1 8.21729E-1 8.26037E-1 8.34082E-1 8.31802E-1 8.31213E-1 8.60212E-1 8.65939E-1 8.60819E-1 8.40593E-1 8.6461E-1 8.53851E-1 8.49075E-1 8.59943E-1 8.71719E-1 8.69787E-1 8.84258E-1 8.71041E-1 8.69229E-1 8.42203E-1 8.198E-1 8.52119E-1 8.81714E-1 8.83801E-1 8.22002E-1 8.59269E-1 8.5047E-1 8.60366E-1 9.07336E-1 8.75824E-1 8.72638E-1 8.48306E-1 8.41393E-1 8.32152E-1 8.35034E-1 8.51195E-1 8.65027E-1 8.21747E-1 8.25758E-1 8.30033E-1 8.57931E-1 7.9111E-1 8.08575E-1 8.35474E-1 8.30525E-1 7.59593E-1 7.91703E-1 6.35981E-1 5.25477E-1 4.95043E-1 2.61443E-1 4.64994E-2 2.90255E-3 5.77823E-3 4.97187E-3 1.08389E-2 4.3988E-3 2.70831E-4 2.84199E-5 5.40348E-5 3.56155E-5 1.29415E-5
8.44808E-1 8.46558E-1 8.23555E-1 8.45332E-1 8.36255E-1 8.39879E-1 8.23831E-1 8.32484E-1 8.23893E-1 8.55194E-1 8.64401E-1 8.60321E-1 8.33285E-1 8.58707E-1 8.66088E-1 8.66705E-1 8.54104E-1 8.61539E-1 8.83062E-1 8.79543E-1 8.70683E-1 8.71722E-1 8.55518E-1 8.7563E-1 8.75466E-1 8.1662E-1 8.17075E-1 8.40004E-1 8.46236E-1 8.543E-1 8.58671E-1 8.86051E-1 9.04364E-1 8.80252E-1 8.27245E-1 8.76176E-1 8.39562E-1 8.40832E-1 8.36489E-1 8.5548E-1 8.56679E-1 8.2334E-1 8.2616E-1 8.31977E-1 8.35483E-1 8.35296E-1 8.32214E-1 7.40377E-1 7.90565E-1 7.75778E-1 7.96917E-1 7.4623E-1 5.13915E-1 4.88532E-1 4.12907E-1 1.26892E-1 5.65301E-2 1.96995E-2 3.204E-2 6.69491E-3 9.52547E-3 2.14053E-3 2.06722E-4 7.25264E-5 1.18978E-4 3.4992E-5 2.38934E-5
