ENM/Final_Models/M_1_F_q_Set_1_E/Gustavia_santanderiensis_4_Choco.asc
ncols         367
nrows         963
xllcorner     -78.6
yllcorner     0.65
cellsize      0.00833333333333323
NODATA_value  -9999
[rows 180 to 209 of 963, columns 268 to 334 of 367]
1.29723E-1 9.89926E-2 5.25435E-2 1.3618E-1 1.03085E-1 8.96605E-2 3.43334E-2 1.14439E-2 2.86918E-5 1.31641E-4 2.20175E-4 1.15137E-4 1.32728E-4 1.67794E-4 8.31495E-5 1.76406E-5 9.68182E-6 6.86257E-6 1.33907E-5 2.1365E-5 3.99282E-5 4.45938E-5 3.35024E-5 6.33914E-5 1.10628E-4 3.41489E-5 1.61557E-5 1.55915E-5 1.44173E-5 6.33595E-5 1.79574E-4 1.83644E-4 5.43805E-5 8.35836E-6 5.08416E-6 9.54434E-6 1.2032E-5 1.67157E-5 9.148E-6 3.50754E-5 7.24065E-5 1.37363E-4 8.5829E-5 4.69626E-5 4.68428E-5 2.87937E-5 2.37799E-5 4.49201E-5 1.30966E-5 4.21616E-6 3.78472E-6 8.58062E-6 -9999 -9999 -9999 -9999 -9999 -9999 -9999 -9999 -9999 -9999 -9999 -9999 -9999 -9999 -9999
1.16827E-1 8.88818E-2 4.61235E-2 2.18596E-2 1.92893E-2 3.90525E-2 1.52392E-2 9.09964E-3 4.59134E-4 2.14956E-5 2.36799E-4 1.66846E-4 2.15701E-4 3.23332E-4 9.28758E-5 5.20655E-5 1.30476E-5 1.00797E-5 1.72098E-5 2.34149E-5 3.48052E-5 2.65776E-5 2.69654E-5 1.01125E-4 8.67532E-5 3.63338E-5 1.32203E-5 2.0799E-5 1.25846E-5 5.12521E-5 7.78608E-5 6.42128E-5 3.06968E-5 1.48695E-5 4.81174E-6 6.29969E-6 1.11774E-5 2.0814E-5 3.47679E-5 2.30047E-5 1.14104E-5 5.38495E-6 3.01311E-6 3.34809E-6 -9999 -9999 1.92845E-5 6.1799E-6 1.03258E-5 1.02821E-5 2.72423E-6 3.36959E-6 -9999 -9999 -9999 -9999 -9999 -9999 -9999 -9999 -9999 -9999 -9999 -9999 -9999 -9999 -9999
9.64114E-2 7.00935E-2 5.31445E-2 3.41254E-2 3.82736E-2 4.48395E-2 4.05933E-2 8.15356E-3 1.24942E-3 7.62584E-4 3.35176E-4 8.96341E-5 2.99523E-4 3.22781E-4 1.67822E-4 1.73034E-4 2.90514E-5 1.14423E-5 1.20918E-5 2.57139E-5 3.49984E-5 2.418E-5 3.41984E-5 9.641E-5 6.66569E-5 2.4206E-5 1.71396E-5 1.65558E-5 1.68805E-5 2.64031E-5 1.04587E-4 6.93359E-5 1.84085E-5 2.52821E-5 4.65573E-6 1.81192E-5 2.35893E-5 1.917E-5 2.92176E-5 3.45868E-5 2.85514E-5 2.4719E-5 3.35337E-6 7.07615E-6 -9999 -9999 6.81387E-6 2.29698E-6 7.68016E-6 6.3143E-6 3.11168E-6 -9999 -9999 -9999 -9999 -9999 -9999 -9999 -9999 -9999 -9999 -9999 -9999 -9999 -9999 -9999 -9999
3.68122E-2 1.07687E-2 9.70461E-3 1.6307E-2 2.55336E-2 2.23693E-2 1.4569E-2 8.63582E-4 6.18314E-4 7.77208E-4 5.84155E-4 1.81795E-4 4.3092E-4 5.61733E-4 2.60062E-4 9.92032E-5 3.7671E-5 1.25669E-5 9.72899E-6 1.00406E-5 1.59678E-5 2.1282E-5 2.06676E-5 3.39102E-5 4.0346E-5 2.30973E-5 1.07177E-5 4.86441E-6 2.07678E-5 2.42568E-5 2.25394E-5 3.25001E-5 2.26136E-5 2.8818E-5 1.89763E-5 2.67159E-5 7.7844E-5 1.43626E-4 9.08221E-5 4.38235E-5 8.54315E-5 5.83875E-5 9.42295E-6 -9999 -9999 -9999 7.45678E-6 1.50221E-6 1.50265E-6 4.53795E-6 -9999 -9999 -9999 -9999 -9999 -9999 -9999 -9999 -9999 -9999 -9999 -9999 -9999 -9999 -9999 -9999 -9999
3.62905E-2 5.33064E-4 1.77708E-4 6.67949E-3 1.10691E-2 1.9551E-2 1.58203E-2 7.60737E-4 2.00747E-4 5.44128E-4 2.18479E-4 2.0014E-4 2.65285E-4 2.66748E-4 2.68321E-4 1.41969E-4 4.0745E-5 1.73775E-5 2.26694E-5 7.46417E-6 8.39326E-6 1.61403E-5 1.29822E-5 1.96219E-5 2.11868E-5 1.55014E-5 7.13945E-6 4.90192E-6 1.79527E-5 2.2726E-5 7.35773E-6 1.56816E-5 2.89332E-5 4.06938E-5 3.24212E-5 2.72065E-5 7.58644E-5 2.18705E-4 1.01985E-4 3.56583E-5 7.09402E-5 5.9707E-5 4.8015E-5 -9999 -9999 2.39312E-6 4.37816E-6 2.31618E-6 2.20881E-6 -9999 -9999 -9999 -9999 -9999 -9999 -9999 -9999 -9999 -9999 -9999 -9999 -9999 -9999 -9999 -9999 -9999 -9999
4.10991E-2 2.5717E-4 4.46087E-4 9.28595E-5 1.68953E-3 1.93622E-3 5.38001E-3 3.42291E-4 4.44272E-4 1.44203E-4 5.77031E-5 1.442E-4 1.78581E-4 1.39588E-4 1.99787E-4 1.18552E-4 1.17366E-4 4.32491E-5 4.31597E-5 1.84693E-5 1.85912E-5 2.78908E-5 9.52548E-6 9.59096E-6 8.55037E-6 6.41661E-6 6.38515E-6 5.78656E-6 1.34535E-5 6.06343E-5 1.89253E-5 2.32315E-5 8.21912E-5 6.75863E-5 5.14682E-5 9.55128E-5 2.30194E-4 4.62067E-4 1.09777E-4 9.47719E-5 1.06443E-4 6.2007E-5 -9999 -9999 -9999 3.45939E-6 2.03455E-6 -9999 -9999 -9999 -9999 -9999 -9999 -9999 -9999 -9999 -9999 -9999 -9999 -9999 -9999 -9999 -9999 -9999 -9999 -9999 -9999
7.22333E-2 3.84572E-3 8.6478E-4 5.77205E-4 1.75862E-4 1.73927E-4 1.35538E-4 9.65724E-5 1.11642E-4 8.81006E-5 5.48394E-5 6.20171E-5 4.41846E-5 5.36051E-5 4.56389E-5 9.532E-5 1.94261E-4 2.74079E-4 1.7614E-4 8.92938E-5 4.64989E-5 2.98351E-5 1.51195E-5 2.07431E-5 1.99565E-5 1.43333E-5 2.70471E-5 1.14621E-5 3.5663E-5 1.47992E-4 6.86931E-5 4.18883E-5 1.82926E-4 4.24119E-5 2.54186E-5 2.05385E-4 1.28852E-4 9.32466E-5 1.16523E-4 1.21904E-4 7.5416E-5 -9999 -9999 -9999 -9999 6.04793E-6 -9999 -9999 -9999 -9999 -9999 -9999 -9999 -9999 -9999 -9999 -9999 -9999 -9999 -9999 -9999 -9999 -9999 -9999 -9999 -9999 -9999
7.38705E-2 1.41643E-3 1.76361E-3 3.54791E-3 8.1119E-4 6.42669E-4 5.79231E-4 1.10565E-4 1.7625E-4 2.39529E-4 1.03187E-4 8.59368E-5 2.56252E-5 3.87576E-5 1.18339E-4 1.34593E-4 2.26232E-4 5.5342E-4 3.73888E-4 4.06891E-4 3.87275E-4 5.1638E-5 3.42222E-5 5.16755E-5 6.18152E-5 3.42812E-5 4.32426E-5 2.32589E-5 3.07508E-5 6.42232E-5 2.07515E-4 1.31069E-4 1.76894E-4 4.45538E-5 4.53317E-5 4.59046E-5 1.30807E-4 1.59917E-4 7.20766E-5 9.22208E-5 2.13425E-4 -9999 -9999 -9999 -9999 -9999 -9999 -9999 -9999 -9999 -9999 -9999 -9999 -9999 -9999 -9999 -9999 -9999 -9999 -9999 -9999 -9999 -9999 -9999 -9999 -9999 -9999
2.17525E-2 1.38717E-3 4.24326E-3 5.40452E-3 5.87102E-4 1.06024E-3 1.19306E-3 7.54175E-4 1.69538E-4 6.8709E-4 1.40775E-4 1.15615E-4 5.48544E-5 3.72842E-5 1.71514E-4 3.166E-4 1.58211E-4 6.75821E-4 1.075E-3 9.01771E-4 5.0156E-4 2.33292E-4 7.59451E-5 4.36157E-5 1.39721E-4 9.15962E-5 3.88378E-5 1.23039E-4 1.57504E-4 7.43723E-5 3.09211E-4 2.53388E-4 2.55475E-4 1.67359E-4 2.05377E-4 1.45376E-4 3.9429E-4 1.48947E-4 7.28551E-5 8.20046E-5 3.20462E-4 -9999 -9999 -9999 -9999 -9999 -9999 -9999 -9999 -9999 -9999 -9999 -9999 -9999 -9999 -9999 -9999 -9999 -9999 -9999 -9999 -9999 -9999 -9999 -9999 -9999 -9999
1.6371E-2 3.94955E-3 8.79624E-3 2.48381E-2 4.58058E-3 3.38176E-3 1.13135E-2 3.90854E-3 1.27159E-3 1.39864E-3 6.78475E-4 3.51255E-4 8.90276E-5 9.35782E-5 2.24453E-4 5.21882E-4 3.22636E-4 8.38283E-4 1.2953E-3 7.65612E-4 7.26816E-4 8.70977E-4 1.84569E-4 2.39096E-4 1.38518E-4 4.97457E-5 5.38022E-5 1.14862E-4 2.20086E-4 1.90019E-4 2.41841E-4 1.64351E-4 8.33641E-5 3.80116E-5 3.3904E-4 2.46629E-4 1.96805E-4 2.21027E-4 1.49057E-4 6.86185E-5 6.26397E-5 1.22217E-5 -9999 -9999 -9999 -9999 -9999 -9999 -9999 -9999 -9999 -9999 -9999 -9999 -9999 -9999 -9999 -9999 -9999 -9999 -9999 -9999 -9999 -9999 -9999 -9999 -9999
3.93177E-2 6.6441E-3 4.13604E-2 5.64665E-2 1.45265E-2 2.38817E-2 1.03227E-2 3.37641E-3 1.00956E-3 1.74797E-3 2.82774E-4 5.99247E-4 1.85664E-4 9.68222E-5 3.37847E-4 1.99086E-3 1.27393E-3 7.99257E-4 1.34616E-3 2.86159E-4 3.47506E-4 8.21993E-4 1.04007E-3 1.11049E-3 3.26087E-4 2.87441E-4 1.85058E-4 4.28334E-4 3.00822E-4 6.10198E-5 1.27069E-4 1.62873E-4 2.10047E-4 4.93694E-4 4.62692E-4 1.75342E-4 2.1853E-4 2.3161E-4 1.01894E-4 6.44297E-5 1.1905E-4 1.00193E-5 3.98522E-6 -9999 -9999 -9999 -9999 -9999 -9999 -9999 -9999 -9999 -9999 -9999 -9999 -9999 -9999 -9999 -9999 -9999 -9999 -9999 -9999 -9999 -9999 -9999 -9999
8.86927E-2 4.39061E-2 8.70911E-2 1.15824E-1 6.14665E-2 3.53071E-2 1.20272E-2 5.27211E-3 1.72704E-3 3.39122E-3 6.70644E-4 4.39863E-4 6.08078E-4 1.88592E-3 2.15433E-3 1.1944E-3 1.72305E-3 1.8496E-3 1.32777E-3 2.83689E-4 6.6022E-4 9.30973E-4 1.44686E-3 6.86473E-4 1.95002E-4 3.70064E-4 8.80857E-4 1.34138E-3 4.28537E-4 5.74338E-5 8.68997E-5 3.30794E-4 7.2102E-4 6.39439E-4 3.49636E-4 2.74516E-4 1.51501E-4 2.38443E-4 4.19808E-4 2.83833E-4 1.24625E-4 6.74935E-5 1.16034E-5 9.67421E-6 -9999 -9999 -9999 -9999 -9999 -9999 -9999 -9999 -9999 -9999 -9999 -9999 -9999 -9999 -9999 -9999 -9999 -9999 -9999 -9999 -9999 -9999 -9999
1.35383E-1 6.59645E-2 6.84337E-2 1.77292E-1 8.32712E-2 2.04461E-2 1.08291E-2 6.33893E-3 2.96178E-3 1.09869E-2 1.84502E-3 2.53414E-4 9.91402E-4 1.4489E-3 3.25991E-3 1.42415E-3 3.58656E-3 5.82427E-3 9.19273E-4 4.8992E-4 2.24103E-3 2.88943E-3 1.40953E-3 8.02082E-4 3.89956E-4 4.19343E-4 2.11481E-3 1.15537E-3 3.19632E-4 5.06682E-4 3.19307E-4 3.45374E-4 4.41621E-4 2.68922E-4 1.66865E-4 1.69216E-4 4.61779E-4 3.34511E-4 2.19494E-4 3.12358E-4 1.52979E-4 3.90656E-5 1.10621E-5 6.24564E-6 -9999 -9999 -9999 -9999 -9999 -9999 -9999 -9999 -9999 -9999 -9999 -9999 -9999 -9999 -9999 -9999 -9999 -9999 -9999 -9999 -9999 -9999 -9999
2.26934E-1 1.91954E-1 2.03857E-1 1.91275E-1 9.35534E-2 7.48325E-3 4.32584E-3 4.68468E-3 5.54485E-3 7.3305E-3 4.17199E-3 1.58763E-3 1.49159E-3 2.08815E-3 2.14233E-3 1.71218E-3 1.69747E-3 3.2084E-3 8.60414E-4 1.01013E-3 5.18614E-3 8.6039E-4 2.48646E-4 5.67173E-4 1.06394E-3 1.04938E-3 3.53861E-4 8.53781E-4 1.0155E-3 2.97192E-4 2.82166E-4 6.82734E-4 2.71281E-4 1.51091E-4 3.0925E-4 2.38794E-4 2.18018E-4 2.7398E-4 1.81162E-4 9.99227E-5 1.39524E-4 2.83395E-5 5.06089E-5 3.20836E-5 -9999 -9999 -9999 -9999 -9999 -9999 -9999 -9999 -9999 -9999 -9999 -9999 -9999 -9999 -9999 -9999 -9999 -9999 -9999 -9999 -9999 -9999 -9999
1.04283E-1 3.68937E-1 2.28096E-1 2.05574E-1 5.12744E-2 1.34904E-2 4.98714E-3 9.28592E-3 5.81979E-3 9.57224E-3 7.16879E-3 5.03209E-3 6.28513E-3 8.76433E-3 4.28453E-3 5.0999E-4 8.73223E-3 4.03306E-3 1.24188E-3 2.42767E-3 3.38685E-3 2.58658E-3 1.07489E-3 1.42195E-3 4.39525E-4 2.64306E-4 4.09919E-4 8.62489E-4 7.15587E-4 2.21461E-4 1.57851E-4 3.47242E-4 4.79511E-4 3.16206E-4 2.70171E-4 3.46652E-4 3.67949E-4 1.51408E-4 1.02389E-4 1.4861E-4 2.54655E-4 1.57205E-4 5.10249E-5 -9999 -9999 -9999 -9999 -9999 -9999 -9999 -9999 -9999 -9999 -9999 -9999 -9999 -9999 -9999 -9999 -9999 -9999 -9999 -9999 -9999 -9999 -9999 -9999
4.56177E-2 1.26519E-1 2.23782E-1 3.49035E-1 1.18787E-1 4.63223E-2 7.11274E-3 1.89848E-2 1.38575E-3 3.09467E-3 4.7399E-3 2.19087E-3 5.86909E-3 9.40057E-3 2.62046E-3 6.4838E-4 9.33931E-3 3.57609E-3 3.31241E-3 7.30037E-3 8.43763E-3 2.48319E-3 3.29419E-3 7.84825E-4 4.99644E-4 4.8423E-4 5.0934E-4 1.5891E-4 1.36235E-4 1.51309E-4 3.71514E-4 7.32644E-4 2.83676E-4 2.32691E-4 4.01608E-4 1.33071E-4 1.57378E-4 1.98153E-4 1.00202E-4 1.96085E-4 1.7198E-4 1.50803E-4 3.67825E-5 -9999 -9999 -9999 -9999 -9999 -9999 -9999 -9999 -9999 -9999 -9999 -9999 -9999 -9999 -9999 -9999 -9999 -9999 -9999 -9999 -9999 -9999 -9999 -9999
6.08776E-2 8.90852E-2 1.07312E-1 9.66377E-2 1.48481E-1 1.28154E-1 4.00082E-2 4.12851E-3 2.62231E-3 1.12117E-3 2.82338E-4 7.61855E-4 2.53007E-3 3.53548E-3 2.19651E-3 7.73417E-4 3.2509E-3 4.35335E-3 3.72242E-3 9.16514E-3 3.20646E-3 9.7949E-4 1.79951E-3 6.00071E-4 8.7221E-4 9.37838E-4 7.14209E-4 2.92467E-4 1.49567E-4 1.63992E-4 7.67639E-4 2.54259E-4 1.42119E-4 2.35399E-4 3.92961E-4 2.06866E-4 5.51417E-5 6.53979E-5 1.11255E-4 1.39274E-4 2.51449E-4 7.43693E-5 2.5224E-4 -9999 -9999 -9999 -9999 -9999 -9999 -9999 -9999 -9999 -9999 -9999 -9999 -9999 -9999 -9999 -9999 -9999 -9999 -9999 -9999 -9999 -9999 -9999 -9999
5.49924E-2 5.10701E-2 2.67519E-2 5.03346E-2 5.8123E-2 1.79185E-2 3.66203E-3 5.33758E-3 3.61167E-3 2.05595E-3 1.50788E-3 2.12911E-3 1.19119E-3 8.61042E-4 1.28778E-3 1.08836E-3 2.05732E-3 4.96E-3 9.08184E-3 9.79424E-3 8.46893E-3 4.99575E-3 4.28387E-3 7.13308E-4 4.52964E-4 3.83009E-4 4.19063E-4 5.32257E-4 2.60202E-4 2.37918E-4 8.84822E-4 4.17128E-4 5.86365E-4 3.29733E-4 7.15158E-4 1.91168E-4 3.7299E-5 7.21429E-5 1.38353E-4 3.04039E-4 7.74479E-5 2.23945E-4 2.35077E-4 -9999 -9999 -9999 -9999 -9999 -9999 -9999 -9999 -9999 -9999 -9999 -9999 -9999 -9999 -9999 -9999 -9999 -9999 -9999 -9999 -9999 -9999 -9999 -9999
8.74105E-2 4.39199E-2 1.57482E-2 3.5568E-2 2.5285E-2 3.4769E-2 2.43881E-2 2.04577E-2 2.9925E-3 3.31722E-3 5.24014E-3 1.19175E-3 3.31981E-3 7.21141E-4 7.29877E-4 2.30412E-3 6.7588E-3 1.10677E-2 7.15281E-3 5.30186E-3 7.09985E-3 3.57922E-3 1.5205E-3 3.8483E-4 3.45896E-4 2.70119E-4 3.87705E-4 5.53745E-4 6.29778E-4 3.69247E-4 5.18601E-4 8.54953E-4 7.34494E-4 5.96976E-4 2.81119E-4 1.67345E-4 8.70957E-5 8.62371E-5 1.11456E-4 1.89757E-4 2.01695E-4 2.20574E-4 -9999 -9999 -9999 -9999 -9999 -9999 -9999 -9999 -9999 -9999 -9999 -9999 -9999 -9999 -9999 -9999 -9999 -9999 -9999 -9999 -9999 -9999 -9999 -9999 -9999
1.66757E-1 7.91025E-2 5.65049E-2 2.36149E-2 6.10746E-2 4.00556E-2 7.6906E-3 4.55224E-3 1.31849E-2 4.39161E-3 3.65836E-3 3.43631E-3 8.36566E-3 8.29607E-3 7.14923E-3 3.81506E-3 7.33361E-3 4.60243E-3 4.37832E-3 2.57116E-3 2.38199E-3 1.01185E-3 3.89643E-4 4.61166E-4 1.67049E-4 1.51475E-4 1.83598E-4 2.89441E-4 2.16682E-4 5.20074E-4 3.39099E-4 9.41967E-4 6.48234E-4 3.78438E-4 1.54146E-4 2.91927E-4 1.30588E-4 1.99856E-4 3.22688E-4 6.53603E-4 5.12043E-4 3.4257E-4 -9999 -9999 -9999 -9999 -9999 -9999 -9999 -9999 -9999 -9999 -9999 -9999 -9999 -9999 -9999 -9999 -9999 -9999 -9999 -9999 -9999 -9999 -9999 -9999 -9999
2.51026E-1 1.69653E-1 5.97702E-2 5.51469E-2 9.73923E-2 3.41087E-2 7.1667E-3 6.22961E-3 2.59312E-3 2.37283E-3 1.29499E-3 2.12761E-3 8.51468E-3 1.04587E-2 1.15639E-2 1.13846E-2 1.52882E-3 2.11752E-3 3.4145E-3 1.35884E-3 1.41479E-3 6.03966E-4 8.14903E-4 2.27324E-3 1.62551E-3 5.74359E-4 5.67136E-4 2.94423E-4 3.99953E-4 2.61212E-4 4.47334E-4 3.45198E-4 6.09851E-4 7.94915E-4 6.39363E-4 3.45488E-4 1.2322E-4 1.74694E-4 3.06643E-4 1.1271E-3 8.01357E-4 2.26986E-4 -9999 -9999 -9999 -9999 -9999 -9999 -9999 -9999 -9999 -9999 -9999 -9999 -9999 -9999 -9999 -9999 -9999 -9999 -9999 -9999 -9999 -9999 -9999 -9999 -9999
2.84899E-1 1.69451E-1 9.04825E-2 1.04252E-1 1.73692E-1 1.72646E-1 1.04417E-2 1.12204E-3 1.281E-3 4.75173E-3 1.5338E-3 2.13935E-3 2.7314E-3 3.61201E-3 9.53841E-3 3.134E-3 3.65657E-3 1.69402E-3 3.07456E-3 3.37241E-3 1.09688E-3 1.7381E-3 1.05485E-3 1.28642E-3 5.97967E-4 4.28415E-4 7.77726E-4 3.41932E-4 4.07071E-4 8.04474E-4 1.06562E-3 2.45644E-4 4.27175E-4 8.91301E-4 2.60797E-4 3.86529E-4 4.0204E-4 2.93465E-4 1.32192E-3 7.55233E-4 3.67561E-4 -9999 -9999 -9999 -9999 -9999 -9999 -9999 -9999 -9999 -9999 -9999 -9999 -9999 -9999 -9999 -9999 -9999 -9999 -9999 -9999 -9999 -9999 -9999 -9999 -9999 -9999
3.53684E-1 2.79557E-1 2.03839E-1 6.89618E-2 1.50083E-1 2.16275E-1 2.18816E-2 1.65554E-3 1.49697E-3 7.64632E-4 1.24003E-3 3.00266E-3 6.58567E-3 2.63738E-3 2.83372E-3 2.84013E-3 2.22624E-3 1.10124E-3 2.41874E-3 2.35935E-3 1.85042E-3 7.67871E-4 5.22508E-4 5.76352E-4 2.19055E-4 2.81993E-4 2.21777E-4 4.41089E-4 6.7421E-4 8.79612E-4 1.17705E-3 2.47495E-4 1.66532E-4 1.66731E-4 1.3463E-4 1.76202E-4 1.63863E-4 3.55673E-4 5.70421E-4 4.7245E-4 -9999 -9999 -9999 -9999 -9999 -9999 -9999 -9999 -9999 -9999 -9999 -9999 -9999 -9999 -9999 -9999 -9999 -9999 -9999 -9999 -9999 -9999 -9999 -9999 -9999 -9999 -9999
3.49468E-1 3.12074E-1 2.42355E-1 4.97585E-2 1.14994E-1 2.21823E-1 5.1851E-2 3.27265E-3 2.35683E-3 1.45086E-3 9.28852E-4 4.70354E-3 1.39331E-2 3.51939E-3 3.77039E-3 3.11065E-3 4.36425E-3 5.76794E-4 6.04424E-4 7.99261E-4 8.62099E-4 5.44519E-4 1.27939E-3 8.50133E-4 2.47155E-4 1.09917E-4 1.87583E-4 5.61835E-4 2.10748E-3 1.38457E-3 5.3295E-4 2.22947E-4 1.7937E-4 5.84379E-5 6.40069E-5 7.02616E-5 3.86767E-5 2.48078E-4 2.55939E-4 4.87426E-4 -9999 -9999 -9999 -9999 -9999 -9999 -9999 -9999 -9999 -9999 -9999 -9999 -9999 -9999 -9999 -9999 -9999 -9999 -9999 -9999 -9999 -9999 -9999 -9999 -9999 -9999 -9999
3.68898E-1 2.80286E-1 2.52491E-1 9.16108E-2 6.77038E-2 1.91376E-1 1.04051E-1 1.32288E-2 5.89593E-3 8.65231E-4 1.74574E-3 4.80563E-4 4.47922E-3 3.1543E-3 7.76324E-3 1.04329E-2 8.72134E-3 4.13372E-3 1.54999E-3 7.85552E-4 4.45536E-4 5.53918E-4 4.9228E-4 6.53879E-4 3.12314E-4 3.03529E-4 2.2716E-4 3.02509E-4 8.70504E-4 1.18396E-3 6.51679E-4 1.80283E-4 2.2058E-4 1.95214E-4 1.44013E-4 1.34152E-4 1.73325E-4 1.64803E-4 5.7477E-4 4.85513E-4 -9999 -9999 -9999 -9999 -9999 -9999 -9999 -9999 -9999 -9999 -9999 -9999 -9999 -9999 -9999 -9999 -9999 -9999 -9999 -9999 -9999 -9999 -9999 -9999 -9999 -9999 -9999
3.03197E-1 3.03829E-1 2.95719E-1 1.38296E-1 2.77013E-2 7.60309E-2 7.00143E-2 2.96877E-2 9.19767E-3 4.90309E-3 1.21888E-3 1.08955E-3 1.81075E-3 3.24386E-3 6.69631E-3 9.77504E-3 1.29498E-2 9.69699E-3 2.51466E-3 1.06924E-3 4.62595E-4 2.06895E-4 4.76355E-4 4.01737E-4 6.94107E-4 8.83607E-4 6.88056E-4 1.20164E-3 6.32144E-4 6.3825E-4 2.26044E-3 7.36489E-4 2.41834E-4 8.39549E-5 7.34588E-5 2.24568E-4 2.96573E-4 4.418E-4 1.1186E-3 2.34394E-4 -9999 -9999 -9999 -9999 -9999 -9999 -9999 -9999 -9999 -9999 -9999 -9999 -9999 -9999 -9999 -9999 -9999 -9999 -9999 -9999 -9999 -9999 -9999 -9999 -9999 -9999 -9999
2.58355E-1 4.57084E-1 3.09207E-1 2.2823E-1 6.38383E-2 2.0646E-2 6.33762E-2 1.08436E-2 8.6085E-4 4.72455E-3 2.99757E-3 8.23914E-4 9.47919E-4 1.40779E-3 4.30154E-3 3.8296E-3 7.11497E-3 4.9107E-3 3.1476E-3 1.62232E-3 8.13804E-4 5.78395E-4 7.41396E-4 1.18235E-3 6.03992E-4 2.14344E-3 7.78172E-4 2.36746E-3 1.54572E-3 1.00596E-3 2.12919E-3 1.43924E-3 8.87172E-4 6.66722E-4 3.18645E-4 5.8328E-4 7.22639E-4 9.08467E-4 1.31879E-3 4.05465E-4 -9999 -9999 -9999 -9999 -9999 -9999 -9999 -9999 -9999 -9999 -9999 -9999 -9999 -9999 -9999 -9999 -9999 -9999 -9999 -9999 -9999 -9999 -9999 -9999 -9999 -9999 -9999
1.37548E-1 2.6115E-1 2.07322E-1 6.65586E-2 4.3858E-2 3.87199E-2 6.38233E-2 1.0047E-2 1.66986E-3 1.79534E-3 6.79578E-4 1.00511E-3 1.42328E-3 7.62459E-4 6.25642E-3 9.15361E-3 5.96804E-3 4.83279E-3 2.92428E-3 3.75026E-3 4.60303E-3 1.7256E-3 9.75653E-4 5.55789E-4 2.8449E-3 1.03862E-3 1.18493E-3 2.35619E-3 3.51935E-3 3.3146E-3 1.51749E-3 2.55453E-3 7.97826E-4 1.45252E-3 3.15447E-4 9.62806E-4 1.31035E-3 8.94966E-4 4.87651E-4 1.18323E-3 -9999 -9999 -9999 -9999 -9999 -9999 -9999 -9999 -9999 -9999 -9999 -9999 -9999 -9999 -9999 -9999 -9999 -9999 -9999 -9999 -9999 -9999 -9999 -9999 -9999 -9999 -9999
6.0304E-2 1.39689E-1 1.53762E-1 5.60949E-2 8.60841E-2 3.41333E-2 4.216E-2 7.9757E-3 2.14183E-3 1.12856E-3 9.30151E-4 4.20906E-3 2.98584E-3 1.88785E-3 6.13707E-3 9.12345E-3 1.07858E-2 6.74971E-3 2.06225E-3 5.39687E-3 2.23969E-3 1.89096E-3 5.87432E-3 4.3883E-3 7.56618E-3 6.61678E-3 1.96051E-3 9.91781E-4 3.15018E-4 2.95156E-4 4.3984E-4 6.29013E-4 1.45587E-3 1.65092E-3 7.95258E-4 6.19725E-4 1.27571E-3 4.08631E-4 4.0726E-4 7.64926E-4 -9999 -9999 -9999 -9999 -9999 -9999 -9999 -9999 -9999 -9999 -9999 -9999 -9999 -9999 -9999 -9999 -9999 -9999 -9999 -9999 -9999 -9999 -9999 -9999 -9999 -9999 -9999
2.53083E-2 8.62341E-2 8.34601E-2 1.11223E-1 8.73574E-2 3.05968E-2 2.08578E-2 4.29311E-3 3.35807E-3 2.29549E-3 2.02613E-3 1.08605E-3 2.26766E-3 8.82355E-4 3.32752E-3 6.62731E-3 8.97916E-3 8.12486E-3 2.56689E-3 3.35796E-3 2.00858E-3 1.74996E-3 3.37694E-3 2.66452E-3 2.90594E-3 2.10507E-3 8.97087E-4 5.82072E-4 5.70612E-4 4.87629E-4 3.6805E-4 3.61677E-4 1.03347E-3 5.93129E-4 2.57866E-4 3.719E-4 5.70281E-4 2.61778E-4 1.26665E-4 -9999 -9999 -9999 -9999 -9999 -9999 -9999 -9999 -9999 -9999 -9999 -9999 -9999 -9999 -9999 -9999 -9999 -9999 -9999 -9999 -9999 -9999 -9999 -9999 -9999 -9999 -9999 -9999
