ENM/Final_Models/M_1_F_q_Set_1_E/Gustavia_santanderiensis_6_Choco.asc
ncols         367
nrows         963
xllcorner     -78.6
yllcorner     0.65
cellsize      0.00833333333333323
NODATA_value  -9999
[rows 782 to 815 of 963, columns 154 to 230 of 367]
1.12163E-5 3.22768E-5 5.92548E-5 2.55221E-5 7.62107E-6 3.50262E-5 5.53323E-5 2.33967E-5 6.59254E-6 2.49294E-6 5.46953E-6 5.31739E-6 3.58128E-6 4.02769E-6 2.66185E-6 2.20346E-6 3.94346E-6 1.70523E-5 1.07489E-5 7.72088E-6 3.85853E-5 3.46277E-4 9.4896E-4 1.10254E-3 4.77083E-3 8.55079E-3 -9999 -9999 -9999 -9999 -9999 -9999 -9999 -9999 -9999 -9999 -9999 -9999 -9999 -9999 -9999 -9999 -9999 9.71125E-3 6.40738E-3 5.07629E-3 8.63818E-3 5.55159E-3 6.78457E-3 1.2567E-2 9.07755E-3 6.12548E-3 4.73888E-3 3.51542E-3 3.05374E-3 4.00949E-3 2.8358E-3 2.30089E-3 2.32816E-3 2.18136E-3 1.90383E-3 1.68091E-3 6.41025E-4 7.2825E-4 5.28978E-4 4.19267E-4 1.80128E-4 1.19846E-4 4.04733E-5 1.07316E-5 6.9837E-6 3.76015E-5 1.90571E-5 4.50881E-5 7.15837E-5 7.547E-5 5.20804E-5
1.29037E-5 2.86726E-5 1.87744E-5 7.86023E-6 1.03061E-5 1.04151E-5 6.94555E-6 1.43489E-5 7.37019E-6 1.91346E-6 3.86356E-6 2.09046E-6 1.60007E-6 2.01322E-6 1.79493E-6 4.69208E-6 1.02794E-5 3.00588E-5 3.20619E-5 4.72188E-5 1.21984E-4 7.66759E-4 2.43409E-3 4.72313E-3 -9999 -9999 1.98112E-3 -9999 -9999 -9999 -9999 -9999 -9999 -9999 -9999 -9999 -9999 -9999 -9999 -9999 -9999 -9999 1.34832E-2 9.9759E-3 8.8516E-3 4.25293E-3 1.09515E-2 1.23894E-2 1.41486E-2 1.22859E-2 7.94655E-3 2.8302E-3 1.84355E-3 1.68944E-3 2.40485E-3 4.44533E-3 1.17872E-3 6.42747E-4 1.82016E-3 2.08316E-3 1.45865E-3 8.05055E-4 7.6905E-4 9.61725E-4 2.70057E-4 9.96172E-5 8.31428E-5 8.57236E-5 6.23715E-5 1.41656E-5 4.50645E-6 2.06524E-5 2.37512E-5 2.70232E-5 3.26739E-5 4.16428E-5 7.35669E-5
1.92089E-5 1.30006E-5 4.71388E-6 2.19315E-6 1.4019E-6 2.57344E-6 2.60004E-6 8.02774E-6 3.42798E-6 1.91841E-6 5.0501E-6 3.78595E-6 1.15207E-6 1.8397E-6 5.39719E-6 1.35901E-5 2.15711E-5 1.57664E-4 6.41006E-5 2.86343E-4 7.43891E-4 2.02364E-3 4.41837E-3 -9999 -9999 -9999 5.73452E-3 -9999 -9999 -9999 -9999 -9999 -9999 -9999 -9999 -9999 -9999 -9999 -9999 -9999 -9999 6.78903E-3 6.78971E-3 4.61483E-3 6.10032E-3 4.81376E-3 1.25013E-2 1.4848E-2 1.10919E-2 5.60786E-3 1.9026E-3 4.30175E-4 2.72597E-3 1.45066E-3 1.45041E-3 1.23669E-3 2.86663E-3 6.18827E-4 4.66594E-4 2.09172E-4 3.8513E-4 3.54611E-4 2.41362E-4 2.18518E-4 2.49885E-4 1.28956E-4 6.49827E-5 1.67448E-5 1.06396E-5 2.40146E-5 2.21855E-5 2.02204E-5 2.43533E-5 1.61738E-5 4.39903E-5 2.33036E-5 1.43731E-5
1.48882E-5 7.76002E-6 2.41039E-6 3.35582E-6 2.79539E-6 2.31507E-6 1.56686E-6 3.61459E-6 1.9509E-6 3.52058E-6 5.30572E-6 3.21328E-6 2.43438E-6 4.96003E-6 1.5926E-5 3.66846E-5 9.06669E-5 4.99567E-4 2.83597E-5 1.42305E-4 7.9973E-4 3.62749E-3 3.34622E-3 -9999 -9999 -9999 1.01419E-2 -9999 -9999 -9999 -9999 -9999 -9999 -9999 -9999 -9999 -9999 -9999 -9999 -9999 3.99971E-3 4.16902E-3 4.66284E-3 4.01968E-3 3.96541E-3 7.49404E-3 1.51716E-2 1.6255E-2 6.27563E-3 5.95665E-3 7.67372E-4 2.35954E-4 1.66343E-3 1.33759E-3 4.49228E-4 5.26632E-4 2.7303E-3 9.89648E-4 2.74506E-4 1.80063E-4 2.636E-4 1.30931E-4 4.54975E-5 4.21969E-5 3.98631E-4 1.65827E-4 4.40725E-5 2.44087E-5 3.59881E-5 1.33374E-5 1.35079E-5 1.85178E-5 2.35484E-5 1.6933E-5 2.02368E-5 5.74425E-5 4.16157E-5
4.73174E-6 1.17855E-5 6.78681E-6 6.29888E-6 3.71E-6 6.05748E-6 1.65002E-6 1.89027E-6 1.78276E-6 4.45394E-6 8.21719E-6 2.81507E-6 3.56182E-6 4.54122E-6 2.55135E-5 5.4646E-5 1.08226E-4 3.23707E-4 2.90818E-5 3.31168E-5 3.97413E-4 9.31E-4 -9999 -9999 -9999 -9999 -9999 -9999 -9999 -9999 -9999 -9999 -9999 -9999 -9999 -9999 -9999 -9999 -9999 -9999 -9999 4.6214E-3 4.29067E-3 3.73424E-3 5.65834E-3 1.27493E-2 1.44483E-2 6.93783E-3 3.49141E-3 1.66897E-3 6.05124E-4 1.76777E-4 6.94487E-4 6.9937E-4 3.13902E-4 4.25836E-4 2.28645E-3 2.00902E-3 4.0025E-4 2.54087E-4 6.13268E-5 5.13042E-5 2.99442E-5 6.11419E-5 1.15422E-4 1.92435E-4 1.70973E-5 1.19921E-5 3.06438E-5 2.61925E-5 2.80398E-5 1.55509E-5 2.6088E-5 2.69043E-5 2.2886E-5 2.70939E-5 5.57624E-5
6.01829E-6 1.2472E-5 6.01138E-6 1.32052E-6 3.21478E-6 2.0026E-5 9.32686E-6 2.36064E-6 2.83133E-6 9.32637E-6 2.05979E-5 2.6684E-6 2.39537E-6 5.73602E-6 2.49215E-5 4.39136E-5 1.32952E-4 1.92434E-4 2.73599E-4 2.89871E-5 9.55435E-5 7.52117E-4 -9999 -9999 -9999 -9999 -9999 -9999 -9999 -9999 -9999 -9999 -9999 -9999 -9999 -9999 -9999 -9999 -9999 -9999 -9999 7.72519E-3 6.08207E-3 1.51096E-2 1.21039E-2 2.32539E-2 1.82021E-2 8.6932E-3 4.66328E-3 1.02033E-3 2.12908E-4 1.48159E-4 4.4406E-4 6.69345E-4 6.03439E-4 6.03593E-4 2.67251E-3 2.29135E-3 4.40545E-4 1.67752E-4 1.59407E-5 3.87298E-5 1.33306E-5 4.81616E-5 9.19296E-5 2.21086E-5 1.05455E-5 1.62226E-5 8.9895E-6 3.82247E-5 3.60473E-5 1.92331E-5 2.61565E-5 4.70525E-5 2.4832E-5 1.34164E-5 1.17392E-5
4.50387E-6 2.88874E-6 1.9975E-6 9.69394E-7 3.15938E-6 1.08143E-5 5.58422E-6 3.76666E-6 5.55492E-6 1.41721E-5 4.99826E-5 7.49446E-6 8.93033E-7 1.66436E-6 1.88804E-5 6.92875E-5 2.26417E-4 6.25787E-4 2.48976E-4 2.06029E-4 4.22193E-5 5.38408E-4 1.67934E-3 -9999 -9999 -9999 -9999 -9999 -9999 -9999 -9999 -9999 -9999 -9999 -9999 -9999 -9999 -9999 -9999 8.04518E-3 1.40003E-2 8.92043E-3 6.97674E-3 1.82516E-2 2.24058E-2 1.2942E-2 7.11837E-3 7.23976E-3 3.05991E-3 1.01553E-3 5.2495E-5 3.01644E-5 5.44964E-5 1.75531E-4 5.72536E-4 1.00695E-3 1.09893E-3 2.06241E-3 7.43548E-4 7.20088E-5 8.83999E-5 3.64196E-5 2.48753E-5 3.72513E-5 4.40116E-5 6.56984E-5 1.58841E-5 2.55401E-5 3.31336E-5 3.57452E-5 2.55111E-5 2.03403E-5 3.54299E-5 2.09456E-5 2.73395E-5 1.54623E-5 1.61076E-5
1.74044E-6 2.97381E-6 3.00358E-6 3.27142E-6 2.06209E-6 2.76312E-6 1.41622E-6 9.03358E-7 2.44563E-6 8.01126E-6 5.44698E-5 1.00071E-5 2.51565E-6 3.67861E-6 1.07769E-5 1.95863E-4 9.57959E-4 1.24654E-3 8.28689E-4 3.68228E-4 2.1385E-4 9.35755E-4 3.18319E-3 4.66283E-3 -9999 -9999 -9999 -9999 -9999 -9999 -9999 -9999 -9999 -9999 -9999 -9999 -9999 -9999 5.12961E-3 8.97199E-3 1.71971E-2 7.81257E-3 1.38157E-2 1.55913E-2 7.38988E-3 5.91709E-3 6.05265E-3 5.81331E-3 5.22215E-4 5.40407E-4 1.60565E-4 7.95696E-5 2.43854E-5 2.24104E-4 2.4724E-4 5.01016E-4 2.19399E-4 4.86198E-4 6.29925E-4 2.17882E-4 1.14421E-4 4.39585E-5 2.77084E-5 2.10259E-5 2.15727E-5 2.94263E-5 2.40072E-5 3.31931E-5 3.10218E-5 4.09467E-5 4.24704E-5 3.55039E-5 2.08437E-5 4.92775E-5 3.01746E-5 6.10365E-6 5.8036E-6
4.44406E-7 5.02326E-6 7.18251E-6 8.51854E-6 1.06825E-6 9.02329E-6 3.97469E-5 9.80979E-6 2.52423E-5 1.01242E-4 2.3951E-5 9.67292E-6 3.20669E-6 4.50683E-6 5.46973E-5 1.61263E-4 7.12005E-4 3.11542E-3 1.16942E-3 1.15211E-3 1.561E-3 5.3936E-4 2.21367E-3 -9999 -9999 -9999 -9999 -9999 -9999 -9999 -9999 -9999 -9999 -9999 -9999 -9999 -9999 -9999 5.63275E-3 7.15046E-3 1.70425E-2 1.62883E-2 1.22505E-2 6.11853E-3 2.43848E-3 1.47794E-3 1.65411E-3 2.24362E-3 7.1198E-4 7.26146E-5 8.40889E-5 6.48252E-5 6.05105E-5 1.2682E-4 8.44409E-5 3.17456E-4 1.531E-4 1.3468E-4 6.44794E-4 2.08103E-4 1.20352E-5 3.68158E-5 2.35956E-5 2.43404E-5 2.40327E-5 2.9495E-5 3.20799E-5 3.85321E-5 3.15374E-5 3.51694E-5 4.12995E-5 3.32682E-5 1.98871E-5 4.76343E-5 6.62029E-5 6.30602E-6 4.58262E-6
3.0512E-6 5.04214E-6 5.16663E-6 6.83032E-6 2.08734E-6 4.30304E-6 7.23396E-5 1.11819E-4 1.48558E-4 2.14449E-4 1.60909E-5 2.20558E-6 3.34434E-6 2.17187E-5 1.2172E-4 2.43216E-4 1.13047E-3 -9999 2.1187E-3 3.90946E-3 2.04426E-3 2.24442E-3 1.99134E-3 -9999 -9999 -9999 -9999 -9999 -9999 -9999 -9999 -9999 -9999 -9999 -9999 -9999 -9999 -9999 5.40997E-3 1.1378E-2 2.30461E-2 2.34878E-2 8.68993E-3 2.56736E-3 1.68481E-3 1.49992E-3 8.76542E-4 4.77492E-4 1.60899E-3 1.16359E-4 1.11787E-4 6.7518E-5 8.09824E-5 5.15357E-5 9.2807E-5 9.15965E-5 4.54334E-5 9.25196E-5 2.7366E-4 1.76071E-4 1.17352E-5 3.37822E-5 1.27891E-5 1.97791E-5 2.45526E-5 2.43396E-5 2.34449E-5 1.56281E-5 2.70968E-5 2.57374E-5 2.13438E-5 9.97991E-5 4.45554E-5 6.75705E-5 8.98462E-5 3.05171E-5 1.78957E-5
2.76523E-6 5.11431E-6 1.69118E-6 4.23011E-6 5.52127E-7 7.86891E-7 2.25789E-5 4.64752E-4 1.92771E-4 5.44444E-5 5.00489E-6 3.5374E-6 9.45765E-6 9.46845E-5 2.64761E-4 4.52666E-4 8.18185E-4 -9999 -9999 -9999 7.53795E-3 5.55549E-3 2.32842E-2 -9999 -9999 -9999 -9999 -9999 -9999 -9999 -9999 -9999 -9999 -9999 -9999 -9999 -9999 -9999 -9999 -9999 -9999 1.43619E-2 2.89796E-3 3.0322E-3 3.03875E-3 1.04957E-3 2.7879E-4 8.24065E-5 2.12429E-4 1.39346E-4 9.07068E-5 1.81163E-5 1.3508E-5 8.72344E-6 3.78568E-5 5.83411E-5 1.4803E-5 1.2665E-5 7.37002E-5 3.32514E-4 4.4332E-5 2.53565E-5 1.29985E-5 1.58309E-5 1.39855E-5 2.24157E-5 2.52562E-5 1.01029E-5 1.12288E-5 1.40979E-5 2.5455E-5 6.4091E-5 7.99808E-5 4.29264E-5 7.57726E-5 1.72864E-5 2.9896E-5
1.57153E-6 6.49933E-7 1.2644E-6 2.28715E-6 2.30122E-6 7.22644E-6 2.75078E-5 5.42508E-4 1.43452E-4 6.7871E-6 2.77507E-6 5.6224E-6 2.65587E-5 1.25921E-4 4.67779E-4 1.34616E-3 2.53945E-3 3.72617E-3 -9999 -9999 -9999 -9999 -9999 -9999 -9999 -9999 -9999 -9999 -9999 -9999 -9999 -9999 -9999 -9999 -9999 -9999 -9999 -9999 -9999 2.19631E-2 6.97508E-3 3.27703E-3 5.837E-3 3.47836E-3 1.2964E-3 3.4107E-4 2.74529E-4 6.93088E-5 1.37541E-4 1.89624E-4 4.37141E-5 5.96229E-6 1.04497E-5 5.67694E-6 1.85665E-5 1.09812E-5 1.40875E-5 2.37352E-5 1.05534E-4 5.78076E-5 1.17841E-4 2.03887E-5 1.3241E-5 1.29994E-5 1.08285E-5 1.14313E-5 1.25976E-5 1.60293E-5 1.81092E-5 2.78013E-5 1.43565E-5 2.63224E-5 4.56924E-5 7.10308E-5 7.26193E-5 1.87622E-5 2.20499E-5
5.44591E-7 6.3239E-7 7.73768E-7 1.91825E-6 4.28569E-5 2.6183E-5 4.50734E-4 3.32858E-4 8.71504E-5 8.91012E-6 1.20247E-6 2.15961E-5 1.17855E-4 3.40595E-4 9.63532E-4 1.79459E-3 1.15226E-3 2.58944E-3 -9999 -9999 -9999 -9999 -9999 -9999 -9999 -9999 -9999 -9999 -9999 -9999 -9999 -9999 -9999 -9999 -9999 -9999 -9999 -9999 1.83721E-2 1.38156E-2 -9999 6.83936E-3 5.69645E-3 1.16951E-3 1.03294E-3 9.03987E-4 3.23391E-4 1.68642E-4 6.50517E-5 2.67102E-5 3.51001E-5 2.15146E-5 2.47277E-5 2.12967E-5 2.98461E-5 1.63151E-5 6.39912E-6 1.4848E-5 4.0433E-5 3.38721E-5 1.07421E-4 1.43473E-5 1.34993E-5 2.38441E-5 1.85913E-5 9.26144E-6 9.60671E-6 1.61034E-5 1.48475E-5 2.63876E-5 3.14933E-5 1.46047E-5 2.98259E-5 4.84274E-5 7.90812E-5 3.56629E-5 1.74865E-5
5.92374E-7 1.61401E-6 3.15637E-6 3.13435E-6 8.57524E-5 4.59216E-4 7.99182E-4 1.95465E-4 6.04527E-5 8.61477E-7 2.50559E-6 1.90809E-5 2.24363E-4 6.59591E-4 3.07834E-3 2.24314E-3 4.00098E-3 -9999 -9999 -9999 -9999 -9999 -9999 -9999 -9999 -9999 -9999 -9999 -9999 -9999 -9999 -9999 -9999 -9999 -9999 -9999 -9999 1.34186E-2 1.47362E-2 -9999 -9999 1.27798E-2 1.01159E-2 2.85633E-3 1.6021E-3 3.56052E-4 1.00741E-3 7.31692E-4 1.32509E-4 2.05877E-5 4.83532E-5 1.5992E-5 1.81254E-5 3.22279E-5 2.45883E-5 3.29519E-5 2.11503E-5 1.77612E-5 1.5074E-5 1.19546E-5 1.50213E-5 2.55332E-5 1.12229E-5 8.33182E-6 1.06016E-5 2.30183E-5 1.50375E-5 1.26755E-5 1.58279E-5 1.50355E-5 1.55478E-5 3.88807E-5 2.44887E-5 5.58485E-5 5.72592E-5 3.82084E-5 2.04642E-5
1.75695E-5 1.95151E-5 2.94244E-7 8.11875E-6 1.80389E-5 4.5096E-4 9.38989E-4 -9999 -9999 9.99798E-6 9.01785E-6 1.15585E-4 2.13947E-4 6.37818E-4 2.26294E-3 4.81163E-3 -9999 -9999 -9999 -9999 -9999 -9999 -9999 -9999 -9999 -9999 -9999 -9999 -9999 -9999 -9999 -9999 -9999 -9999 -9999 -9999 -9999 -9999 -9999 -9999 -9999 4.58189E-3 4.42757E-3 7.55598E-3 5.10705E-3 3.65954E-3 1.46878E-3 1.78492E-3 3.45038E-4 2.13358E-4 1.15337E-4 2.25466E-5 2.29949E-5 1.47678E-5 1.32567E-5 2.51588E-5 1.68055E-5 2.57664E-5 2.32205E-5 1.91526E-5 1.01571E-5 1.22287E-5 1.4E-5 6.13411E-6 7.1169E-6 1.39391E-5 3.73668E-5 2.49641E-5 2.10137E-5 3.24292E-5 3.84195E-5 6.98813E-5 3.86939E-5 3.47036E-5 4.52632E-5 4.50172E-5 2.20689E-5
1.33199E-6 4.14592E-5 1.05088E-4 2.42293E-5 4.22587E-5 9.57186E-4 1.23762E-3 -9999 -9999 3.39525E-5 7.37352E-5 3.1379E-4 7.73463E-4 1.31147E-3 2.9625E-3 2.14442E-3 7.94037E-3 -9999 -9999 -9999 -9999 -9999 -9999 -9999 -9999 -9999 -9999 -9999 -9999 -9999 -9999 -9999 -9999 -9999 -9999 -9999 -9999 -9999 -9999 -9999 -9999 3.28358E-3 2.45079E-3 5.12475E-3 1.98684E-3 1.03688E-3 9.91514E-4 5.94941E-4 4.38428E-4 2.18254E-4 2.60106E-4 7.67579E-5 2.22265E-5 1.86714E-5 2.33124E-5 2.27136E-5 1.59816E-5 4.58501E-5 2.97669E-5 2.09661E-5 1.5572E-5 7.91157E-6 1.31168E-5 9.01556E-6 7.91227E-6 9.98346E-6 3.21849E-5 5.47458E-5 3.55744E-5 6.69808E-5 7.45333E-5 4.65239E-5 2.6139E-5 4.9127E-5 3.91497E-5 6.76165E-5 3.47893E-5
9.94902E-7 2.3941E-6 6.08585E-5 2.08596E-4 6.05425E-4 1.428E-3 1.36884E-3 -9999 -9999 3.05261E-4 3.69192E-4 6.7319E-4 8.57224E-4 3.91619E-3 3.43547E-3 2.33902E-3 1.11028E-2 -9999 -9999 -9999 -9999 -9999 -9999 -9999 -9999 -9999 -9999 -9999 -9999 -9999 -9999 -9999 -9999 -9999 -9999 -9999 -9999 -9999 -9999 -9999 -9999 1.98012E-3 1.41218E-3 4.07892E-3 1.06059E-3 2.30534E-4 6.98573E-5 1.49572E-4 9.10716E-5 1.48313E-4 2.97432E-5 6.65517E-5 3.47515E-5 2.86454E-5 3.26374E-5 1.74166E-5 1.71941E-5 1.83345E-5 2.66608E-5 1.85056E-5 5.93082E-6 1.66587E-5 1.54746E-5 1.70452E-5 1.37531E-5 1.22377E-5 2.23871E-5 4.52514E-5 4.62901E-5 5.56033E-5 6.55758E-5 6.97191E-5 6.1786E-5 5.17114E-5 6.30797E-5 5.57687E-5 2.27839E-5
9.46484E-7 1.16482E-6 5.16305E-6 4.29985E-5 1.23236E-3 -9999 -9999 -9999 -9999 1.06901E-3 7.25476E-4 1.83812E-3 2.78004E-3 3.80971E-3 -9999 -9999 -9999 -9999 -9999 -9999 -9999 -9999 -9999 -9999 -9999 -9999 -9999 -9999 -9999 -9999 -9999 -9999 -9999 -9999 -9999 -9999 -9999 -9999 -9999 -9999 9.49543E-4 1.50043E-3 9.08776E-4 1.19809E-3 5.97783E-4 1.03715E-4 9.58961E-5 1.46929E-4 5.32255E-4 7.25787E-5 3.00742E-5 3.51766E-5 2.94307E-5 1.64322E-5 2.3291E-5 1.90527E-5 1.94784E-5 2.25863E-5 2.3207E-5 1.52811E-5 1.08046E-5 1.60027E-5 8.19056E-6 1.70739E-5 1.13736E-5 1.09735E-5 1.62928E-5 1.51423E-5 2.2534E-5 5.22109E-5 5.68968E-5 5.42232E-5 3.77579E-5 3.50247E-5 6.39608E-5 5.8779E-5 2.57648E-5
1.01481E-6 7.51736E-7 3.83265E-6 1.27821E-4 1.82396E-3 -9999 -9999 -9999 -9999 6.54904E-4 2.6599E-3 1.24169E-3 8.77003E-3 2.03455E-2 -9999 -9999 -9999 -9999 -9999 -9999 -9999 -9999 -9999 -9999 -9999 -9999 -9999 -9999 -9999 -9999 -9999 -9999 -9999 -9999 -9999 -9999 -9999 -9999 -9999 -9999 2.43054E-4 1.53146E-4 1.4861E-3 6.41117E-4 3.13524E-4 2.45824E-4 8.48827E-5 3.07707E-5 1.25475E-4 8.17262E-5 3.5503E-5 4.15421E-5 2.94263E-5 2.81592E-5 6.56024E-5 4.01099E-5 3.87316E-5 4.05798E-5 6.86536E-5 4.21387E-5 1.62207E-5 8.9019E-6 7.29522E-6 1.54489E-5 2.79681E-5 8.34953E-6 9.12908E-6 8.87325E-6 1.77896E-5 2.84947E-5 5.6171E-5 5.97985E-5 3.79117E-5 4.3711E-5 4.78812E-5 3.96066E-5 2.36616E-5
1.19802E-6 1.42549E-6 1.22598E-5 1.6388E-4 1.86173E-3 1.50814E-3 -9999 -9999 -9999 -9999 -9999 7.87428E-3 1.08872E-2 1.74128E-2 -9999 -9999 -9999 -9999 -9999 -9999 -9999 -9999 -9999 -9999 -9999 -9999 -9999 -9999 -9999 -9999 -9999 -9999 -9999 -9999 -9999 -9999 -9999 -9999 -9999 -9999 1.54711E-4 4.25597E-4 7.95107E-4 2.90944E-4 5.00058E-5 7.3776E-5 1.0787E-4 1.15073E-4 1.247E-4 2.60384E-5 3.25453E-5 3.53603E-5 3.81817E-5 7.64942E-5 3.10466E-5 4.08491E-5 6.79319E-5 6.28978E-5 8.55735E-5 4.15383E-5 1.23068E-5 1.71085E-5 4.1815E-5 1.09689E-5 9.15265E-6 1.09235E-5 6.48651E-6 8.61626E-6 9.77221E-6 1.1558E-5 4.35186E-5 5.89564E-5 3.9657E-5 6.80969E-5 5.11769E-5 3.0702E-5 3.3217E-5
1.16821E-6 2.0303E-6 4.98518E-5 3.11431E-4 1.21129E-3 7.37671E-4 -9999 -9999 -9999 -9999 -9999 -9999 1.51234E-2 -9999 -9999 -9999 -9999 -9999 -9999 -9999 -9999 -9999 -9999 -9999 -9999 -9999 -9999 -9999 -9999 -9999 -9999 -9999 -9999 -9999 -9999 -9999 -9999 -9999 -9999 -9999 1.54472E-3 1.55102E-4 3.28411E-4 1.89229E-4 7.26519E-5 1.13666E-4 1.22211E-4 1.07561E-4 3.46531E-5 1.97704E-5 1.36975E-5 1.42769E-5 1.80809E-5 7.86716E-5 5.33618E-5 6.65311E-5 8.55218E-5 9.30225E-5 9.07851E-5 7.84733E-5 7.11315E-5 6.63467E-5 2.41007E-5 1.20576E-5 1.40347E-5 1.40369E-5 6.57903E-6 7.42418E-6 1.32973E-5 3.02837E-5 4.27085E-5 5.86862E-5 4.08894E-5 6.506E-5 4.28047E-5 5.73593E-5 4.7349E-5
6.51288E-7 1.35205E-6 6.48217E-6 1.47452E-4 1.24664E-4 1.22633E-4 3.20282E-4 5.35844E-4 1.43198E-3 -9999 -9999 -9999 -9999 -9999 -9999 -9999 -9999 -9999 -9999 -9999 -9999 -9999 -9999 -9999 -9999 -9999 -9999 -9999 -9999 -9999 -9999 -9999 -9999 -9999 -9999 -9999 -9999 -9999 -9999 -9999 1.81016E-3 3.6128E-4 5.06105E-4 6.53639E-4 4.4006E-4 8.64849E-5 5.91728E-5 2.50426E-5 1.46742E-5 2.6472E-5 5.88652E-5 8.81258E-6 8.62238E-6 1.4476E-5 6.37851E-5 1.10716E-4 1.08532E-4 6.80898E-5 5.45805E-5 3.84229E-5 7.22597E-5 7.02693E-5 7.64469E-6 5.22944E-6 5.25117E-6 6.36504E-6 8.67663E-6 7.83091E-6 1.18927E-5 4.36733E-5 7.27283E-5 6.66072E-5 5.67336E-5 4.58057E-5 5.06082E-5 4.57731E-5 5.14143E-5
7.93235E-7 7.26062E-7 1.27101E-5 2.02585E-4 1.73872E-4 3.27068E-4 4.73155E-4 3.11417E-4 5.58697E-4 2.26147E-3 7.40706E-3 -9999 -9999 -9999 -9999 -9999 -9999 -9999 -9999 -9999 -9999 -9999 -9999 -9999 -9999 -9999 -9999 -9999 -9999 -9999 -9999 -9999 -9999 -9999 -9999 -9999 -9999 -9999 -9999 -9999 -9999 7.13008E-4 5.74538E-4 8.77077E-4 4.0808E-4 6.08744E-5 2.16932E-5 1.21833E-5 7.83846E-6 9.1549E-6 2.47787E-5 1.62547E-5 9.1964E-6 1.51227E-5 1.62789E-5 6.83422E-5 4.99484E-5 2.30083E-5 2.79313E-5 2.2426E-5 3.54832E-5 4.63433E-5 1.25674E-5 9.37468E-6 9.53232E-6 1.35098E-5 8.37969E-6 9.93019E-6 1.80568E-5 5.00427E-5 6.42577E-5 5.91237E-5 5.11343E-5 5.78609E-5 6.32099E-5 4.0716E-5 -9999
4.50444E-7 7.86499E-7 6.82644E-6 1.31897E-4 6.51771E-4 6.88193E-4 9.29716E-4 5.29572E-4 5.11677E-4 5.8492E-3 2.31267E-2 1.18823E-2 -9999 -9999 -9999 -9999 -9999 -9999 -9999 -9999 -9999 -9999 -9999 -9999 -9999 -9999 -9999 -9999 -9999 -9999 -9999 -9999 -9999 -9999 -9999 -9999 -9999 -9999 -9999 -9999 -9999 1.4692E-3 6.91628E-4 4.38452E-4 3.39437E-4 1.76766E-4 2.44086E-5 1.7277E-5 2.7287E-5 4.90422E-5 2.06912E-5 5.08065E-6 1.55384E-5 1.75627E-5 1.07932E-5 1.44749E-5 9.93162E-6 9.40347E-6 1.1368E-5 1.44554E-5 2.00645E-5 2.50951E-5 1.94181E-5 1.25168E-5 1.9016E-5 1.77391E-5 1.1483E-5 9.24916E-6 1.57319E-5 2.1568E-5 5.63458E-5 6.12852E-5 5.39853E-5 -9999 -9999 -9999 -9999
4.96635E-7 4.09909E-6 9.6574E-5 1.79457E-4 1.43124E-3 1.551E-3 6.26369E-3 -9999 7.05844E-4 7.7839E-3 -9999 -9999 -9999 -9999 -9999 -9999 -9999 -9999 -9999 -9999 -9999 -9999 -9999 -9999 -9999 -9999 -9999 -9999 -9999 -9999 -9999 -9999 -9999 -9999 -9999 -9999 -9999 -9999 -9999 -9999 -9999 -9999 2.0439E-3 1.1661E-3 8.6117E-4 7.48856E-5 2.51088E-5 2.20297E-5 7.88484E-5 4.30733E-5 1.18176E-5 3.56215E-6 3.9985E-6 6.69086E-6 7.43579E-6 1.44775E-5 8.69194E-6 7.91982E-6 6.35771E-6 7.88721E-6 1.227E-5 1.66491E-5 4.83809E-5 6.19317E-5 7.2953E-5 6.11728E-5 3.18251E-5 2.62483E-5 1.79686E-5 5.40199E-5 4.20106E-5 -9999 -9999 -9999 -9999 -9999 -9999
1.93648E-6 1.16134E-4 2.45242E-4 3.02489E-4 1.86234E-3 1.6211E-3 7.29489E-3 -9999 1.81671E-3 -9999 -9999 -9999 -9999 -9999 -9999 -9999 -9999 -9999 -9999 -9999 -9999 -9999 -9999 -9999 -9999 -9999 -9999 -9999 -9999 -9999 -9999 -9999 -9999 -9999 -9999 -9999 -9999 -9999 -9999 -9999 -9999 -9999 -9999 1.20367E-3 1.20187E-3 2.36027E-4 2.7053E-5 5.32087E-5 4.7105E-5 3.17861E-5 1.5358E-5 7.61147E-6 6.44273E-6 4.23694E-6 3.48686E-6 1.12096E-5 9.11287E-6 9.39114E-6 6.77378E-6 9.26641E-6 1.19128E-5 2.44637E-5 4.76596E-5 6.82291E-5 5.31947E-5 5.40265E-5 4.93095E-5 4.93836E-5 3.76888E-5 4.75379E-5 -9999 -9999 -9999 -9999 -9999 -9999 -9999
5.07951E-6 1.40199E-4 7.00071E-4 7.62517E-4 1.76783E-3 7.70491E-3 -9999 -9999 -9999 -9999 -9999 -9999 -9999 -9999 -9999 -9999 -9999 -9999 -9999 -9999 -9999 -9999 -9999 -9999 -9999 -9999 -9999 -9999 -9999 -9999 -9999 -9999 -9999 -9999 -9999 -9999 -9999 -9999 -9999 -9999 -9999 -9999 -9999 -9999 7.55906E-4 4.61884E-5 8.01946E-5 1.45813E-4 9.78439E-5 2.73067E-5 1.74629E-5 1.1955E-5 1.29706E-5 1.12966E-5 8.29714E-6 4.46428E-6 1.94984E-5 9.31503E-6 8.91359E-6 1.6445E-5 2.01695E-5 3.14358E-5 1.02912E-5 3.53911E-5 2.76656E-5 2.29386E-5 3.60233E-5 4.47794E-5 1.8354E-5 -9999 -9999 -9999 -9999 -9999 -9999 -9999 -9999
3.30381E-5 4.34165E-4 7.41684E-4 2.38491E-3 1.17346E-3 2.99208E-3 -9999 -9999 -9999 -9999 -9999 -9999 -9999 -9999 -9999 -9999 -9999 -9999 -9999 -9999 -9999 -9999 -9999 -9999 -9999 -9999 -9999 -9999 -9999 -9999 -9999 -9999 -9999 -9999 -9999 -9999 -9999 -9999 1.36702E-3 1.08761E-3 1.33032E-3 -9999 -9999 -9999 -9999 8.48417E-4 1.1061E-3 5.07671E-4 1.14387E-4 3.618E-5 1.21637E-5 1.32694E-5 1.24697E-5 2.80212E-5 1.1009E-5 1.016E-6 8.24386E-6 1.87752E-5 2.27155E-5 2.486E-5 3.28499E-5 3.19339E-5 1.83451E-5 1.44042E-5 2.01224E-5 2.20657E-5 4.22279E-5 3.28842E-5 -9999 -9999 -9999 -9999 -9999 -9999 -9999 -9999 -9999
1.21901E-4 5.66261E-4 1.67391E-3 4.36392E-3 -9999 -9999 1.98196E-3 -9999 -9999 -9999 -9999 -9999 -9999 -9999 -9999 -9999 -9999 -9999 -9999 -9999 -9999 -9999 -9999 -9999 -9999 -9999 -9999 -9999 -9999 -9999 -9999 -9999 -9999 -9999 -9999 -9999 -9999 -9999 1.67366E-4 1.88672E-4 9.11224E-4 1.28992E-3 1.38721E-3 -9999 -9999 3.33644E-3 2.30537E-3 1.6125E-3 9.15491E-5 1.71522E-5 4.28272E-5 5.08354E-5 5.21557E-5 3.60806E-5 8.06185E-6 1.51036E-6 1.63894E-5 2.12039E-5 1.13126E-5 3.14237E-5 2.20748E-5 2.72401E-5 2.50044E-5 1.38945E-5 2.08151E-5 1.76502E-5 3.56943E-5 -9999 -9999 -9999 -9999 -9999 -9999 -9999 -9999 -9999 -9999
5.81545E-4 7.34208E-4 2.71951E-3 4.13952E-3 -9999 -9999 3.03527E-3 -9999 -9999 -9999 -9999 -9999 -9999 -9999 -9999 -9999 -9999 -9999 -9999 -9999 -9999 -9999 -9999 -9999 -9999 -9999 -9999 -9999 -9999 -9999 -9999 -9999 -9999 -9999 -9999 -9999 -9999 -9999 1.24508E-4 1.16046E-4 9.80017E-4 4.43748E-4 1.62666E-4 1.93951E-4 3.94931E-4 5.22382E-4 2.04192E-3 1.30661E-3 8.02775E-4 6.5826E-5 1.27161E-4 5.24048E-5 4.01261E-5 1.91723E-5 1.7202E-6 1.44656E-6 3.69982E-6 1.05665E-5 6.39264E-6 8.65311E-6 2.11098E-5 2.02114E-5 1.56721E-5 2.13293E-5 2.30709E-5 2.95456E-5 3.31172E-5 -9999 -9999 -9999 -9999 -9999 -9999 -9999 -9999 -9999 -9999
1.03073E-3 1.03303E-3 3.09078E-3 -9999 -9999 -9999 -9999 -9999 -9999 -9999 -9999 -9999 -9999 -9999 -9999 -9999 -9999 -9999 -9999 -9999 -9999 -9999 -9999 -9999 -9999 -9999 -9999 -9999 -9999 -9999 -9999 -9999 -9999 -9999 -9999 2.09046E-3 2.52735E-3 -9999 -9999 1.13439E-4 1.76849E-4 2.12678E-4 1.51094E-4 4.28215E-5 1.41343E-5 2.28439E-5 5.07989E-4 1.67204E-3 5.63801E-4 6.76218E-4 1.08897E-4 3.08097E-5 1.72813E-5 2.32094E-6 4.95624E-6 6.80959E-6 5.80356E-6 9.70687E-6 5.09956E-6 9.73497E-6 1.47806E-5 2.04188E-5 1.39983E-5 1.57424E-5 3.67176E-5 3.06305E-5 -9999 -9999 -9999 -9999 -9999 -9999 -9999 -9999 -9999 -9999 -9999
1.80028E-3 4.61739E-3 1.39176E-3 3.51328E-3 -9999 -9999 -9999 -9999 -9999 -9999 -9999 -9999 -9999 -9999 -9999 -9999 -9999 -9999 -9999 -9999 -9999 -9999 -9999 -9999 -9999 -9999 -9999 -9999 -9999 -9999 -9999 -9999 -9999 -9999 -9999 1.79716E-3 3.09768E-3 -9999 -9999 8.77505E-5 1.77139E-4 2.75427E-5 2.97383E-5 1.62178E-5 2.07747E-5 3.74804E-5 2.72798E-4 6.56131E-4 9.58091E-4 9.87164E-4 3.01297E-5 1.86105E-5 5.36894E-6 5.74037E-6 1.01989E-5 1.93425E-5 1.8537E-5 1.14593E-5 5.15457E-6 1.26496E-5 2.97043E-5 2.17451E-5 1.57873E-5 1.24607E-5 2.80384E-5 3.72572E-5 -9999 -9999 -9999 -9999 -9999 -9999 -9999 -9999 -9999 -9999 -9999
1.98182E-3 4.89777E-3 -9999 -9999 1.36595E-2 -9999 -9999 -9999 -9999 -9999 -9999 -9999 -9999 -9999 -9999 -9999 -9999 -9999 -9999 -9999 -9999 -9999 -9999 -9999 -9999 -9999 -9999 -9999 -9999 -9999 -9999 -9999 -9999 -9999 -9999 1.22674E-3 3.27961E-3 7.84446E-4 3.82278E-4 1.46603E-4 3.05237E-4 1.26653E-5 3.46134E-6 2.42275E-5 6.29689E-5 3.15676E-4 2.43702E-4 3.47217E-5 6.23868E-5 5.73196E-4 1.31525E-4 7.72432E-5 1.28273E-4 6.11297E-5 2.76723E-5 2.14389E-5 2.67399E-5 4.78854E-6 6.47914E-6 1.18953E-5 1.3581E-5 7.61979E-6 2.90213E-6 1.14934E-5 1.74131E-5 2.6829E-5 -9999 -9999 -9999 -9999 -9999 -9999 -9999 -9999 -9999 -9999 -9999
2.3462E-3 2.67141E-3 3.25131E-3 -9999 -9999 -9999 -9999 -9999 -9999 -9999 -9999 -9999 -9999 -9999 -9999 -9999 -9999 -9999 -9999 -9999 -9999 -9999 -9999 -9999 -9999 -9999 -9999 -9999 -9999 -9999 -9999 -9999 -9999 -9999 -9999 9.51872E-4 2.98594E-4 6.26388E-4 7.1735E-4 4.55162E-4 1.11503E-4 2.26756E-5 9.37207E-6 2.91052E-5 4.38476E-5 8.30035E-5 6.54326E-5 1.18721E-5 1.92293E-5 2.61605E-4 6.07179E-5 3.36764E-5 4.5124E-5 4.24726E-5 1.36764E-5 6.44341E-6 5.9862E-6 1.34276E-6 3.43261E-6 3.2903E-6 6.43796E-6 1.07393E-5 4.07658E-6 9.82654E-6 1.44687E-5 -9999 -9999 -9999 -9999 -9999 -9999 -9999 -9999 -9999 -9999 -9999 -9999
