ENM/Final_Models/M_1_F_q_Set_1_E/Gustavia_santanderiensis_8_Choco.asc
ncols         367
nrows         963
xllcorner     -78.6
yllcorner     0.65
cellsize      0.00833333333333323
NODATA_value  -9999
[rows 170 to 203 of 963, columns 76 to 151 of 367]
-9999 -9999 -9999 -9999 -9999 -9999 -9999 -9999 -9999 -9999 -9999 4.89042E-6 1.84167E-5 2.11954E-4 3.12194E-4 8.01094E-4 1.08742E-3 2.15368E-3 3.37993E-3 2.36496E-3 3.81625E-4 2.97527E-4 2.42885E-4 1.88868E-4 2.53379E-4 5.29729E-4 3.42099E-4 3.44598E-4 7.30161E-4 7.10913E-4 2.19529E-3 2.42225E-3 1.05646E-3 9.49025E-4 1.76779E-3 2.02712E-3 2.05979E-3 1.4145E-3 2.57213E-3 2.46585E-3 2.00974E-3 1.89377E-3 2.3448E-3 3.15808E-3 3.52616E-3 3.01942E-3 3.79281E-3 5.13813E-3 3.07731E-3 3.19407E-3 5.42471E-3 2.25004E-3 1.51345E-3 1.68595E-3 2.00043E-3 1.66718E-3 1.08034E-3 1.09771E-3 7.62419E-4 1.01459E-3 9.55561E-4 9.92289E-4 9.67401E-4 9.20949E-4 1.59051E-3 4.04655E-3 1.67546E-3 2.63744E-3 3.87245E-3 5.94342E-3 1.17343E-2 1.10975E-2 1.44868E-2 1.04583E-2 2.30164E-2 1.83726E-2
-9999 -9999 -9999 -9999 -9999 -9999 -9999 -9999 -9999 -9999 -9999 5.54211E-6 1.15888E-5 5.77772E-5 6.26888E-4 5.66412E-4 9.02313E-4 1.00527E-3 1.92999E-3 1.19748E-3 4.42997E-4 2.7906E-4 3.05852E-4 2.68556E-4 2.73512E-4 3.37756E-4 6.91902E-4 1.18106E-3 1.53967E-3 1.60321E-3 1.94573E-3 3.47564E-4 1.9546E-4 9.67968E-5 5.56534E-4 8.96322E-4 1.66085E-3 1.25343E-3 3.24814E-3 3.79224E-3 2.35697E-3 2.34608E-3 2.14475E-3 4.13153E-3 3.94935E-3 4.58664E-3 4.67972E-3 4.50096E-3 3.11612E-3 3.92775E-3 2.13863E-3 2.99671E-3 6.6447E-4 1.16095E-3 1.4177E-3 1.33507E-3 7.59798E-4 1.31866E-3 9.16715E-4 1.52017E-3 1.12853E-3 8.9459E-4 1.3752E-3 2.54004E-3 4.67852E-3 7.00964E-3 6.31068E-3 3.56151E-3 7.66596E-3 6.70417E-3 8.39634E-3 1.53218E-2 1.38386E-2 7.82514E-3 1.36449E-2 1.71057E-2
-9999 -9999 -9999 -9999 -9999 -9999 -9999 -9999 -9999 -9999 1.12361E-4 1.90998E-5 1.76385E-5 5.03669E-5 4.06297E-4 7.66354E-4 9.28061E-4 8.43544E-4 9.39601E-4 5.74163E-4 4.20269E-4 2.75952E-4 3.95518E-4 2.77643E-4 3.40973E-4 1.83393E-4 1.04959E-3 1.9182E-3 2.13838E-3 7.89331E-4 5.75951E-4 1.74233E-4 3.14786E-4 1.14603E-4 9.36167E-5 1.85775E-4 8.77406E-4 4.67214E-4 1.75507E-3 2.96201E-3 2.59151E-3 2.61518E-3 2.7552E-3 3.2285E-3 3.45218E-3 3.31248E-3 2.74934E-3 2.43101E-3 2.5256E-3 3.01761E-3 2.33932E-3 2.63783E-3 1.40717E-3 1.74939E-3 1.90531E-3 8.87583E-4 7.98388E-4 1.70688E-3 1.51774E-3 1.58178E-3 1.59258E-3 7.0252E-4 1.627E-3 2.09345E-3 8.17064E-3 6.75045E-3 6.16918E-3 4.1457E-3 4.91796E-3 7.42057E-3 4.2129E-3 1.2249E-2 1.59857E-2 1.57064E-2 1.62098E-2 1.70846E-2
-9999 -9999 -9999 -9999 -9999 -9999 -9999 -9999 -9999 -9999 5.82937E-4 1.5874E-4 8.03797E-5 5.18604E-5 2.21662E-4 8.95501E-4 6.3884E-4 3.3737E-4 1.0315E-3 2.83329E-4 1.93575E-4 3.339E-4 3.68247E-4 3.77788E-4 2.96044E-4 3.82E-4 8.90285E-4 2.11145E-3 2.17427E-3 8.02207E-4 3.27876E-4 1.40361E-4 2.02383E-4 1.43535E-4 8.68769E-5 1.71199E-4 2.15781E-4 5.31677E-4 1.10195E-3 3.27929E-3 3.96422E-3 3.5814E-3 2.08107E-3 3.16634E-3 4.14276E-3 2.7032E-3 3.32489E-3 2.05465E-3 2.19657E-3 4.65614E-3 3.41927E-3 2.81958E-3 1.84875E-3 1.17544E-3 5.2629E-4 6.17202E-4 1.31751E-3 1.06281E-3 1.19402E-3 1.27963E-3 1.82347E-3 1.97452E-3 2.11892E-3 5.6975E-3 5.55925E-3 6.43976E-3 6.66962E-3 4.57317E-3 3.69843E-3 4.57012E-3 5.22122E-3 9.03982E-3 1.48501E-2 3.75545E-2 3.39262E-2 1.78853E-2
-9999 -9999 -9999 -9999 -9999 -9999 -9999 -9999 -9999 -9999 3.01662E-3 2.12583E-3 4.79071E-4 3.75794E-4 3.83827E-4 6.39242E-4 1.38895E-3 9.16414E-4 4.07056E-4 4.22081E-4 4.46746E-4 3.70247E-4 3.07373E-4 3.54386E-4 1.45477E-3 5.47024E-4 8.89683E-4 2.59704E-3 2.43626E-3 1.35769E-3 2.67215E-4 3.71705E-5 3.347E-5 4.3523E-5 6.15137E-5 8.97198E-5 4.28198E-5 6.20349E-5 3.22875E-4 1.25301E-3 1.46396E-3 3.12377E-3 3.28707E-3 4.23696E-3 2.69158E-3 2.41012E-3 6.39075E-4 4.84059E-3 4.5902E-3 4.9301E-3 1.72138E-3 1.53652E-3 2.23339E-3 1.87749E-3 8.83429E-4 8.39044E-4 1.11E-3 8.46933E-4 1.28508E-3 1.8789E-3 2.39558E-3 6.60357E-3 5.63217E-3 9.01823E-3 4.24252E-3 4.2215E-3 2.0287E-3 1.98656E-3 3.49893E-3 5.05903E-3 3.63215E-3 9.18802E-3 1.23535E-2 4.9561E-2 6.00119E-2 6.79279E-2
-9999 -9999 -9999 -9999 -9999 -9999 -9999 -9999 -9999 -9999 -9999 2.52631E-3 3.52014E-3 1.22555E-3 5.25129E-4 7.69427E-4 1.06029E-3 9.371E-4 1.34751E-4 6.00495E-4 2.88193E-4 4.46369E-4 4.0003E-4 6.19256E-4 1.32002E-3 1.07944E-3 2.0136E-3 1.83277E-3 6.01615E-3 3.56836E-4 4.88871E-4 1.01362E-4 4.68023E-5 9.83635E-5 3.88088E-5 4.40081E-5 3.86885E-5 8.01572E-5 2.02465E-4 2.95994E-4 5.34005E-4 1.19852E-3 1.27045E-3 1.63176E-3 1.87238E-3 1.81719E-3 3.24395E-3 8.45809E-3 7.77178E-3 5.68932E-3 2.40372E-3 1.88457E-3 3.34479E-3 2.37484E-3 7.46576E-4 8.54635E-4 2.22326E-3 1.63704E-3 2.16632E-3 3.67426E-3 6.50843E-3 6.88847E-3 7.21695E-3 1.23882E-2 8.47766E-3 4.17194E-3 2.35833E-3 3.77613E-3 4.29196E-3 4.63404E-3 3.39617E-3 7.06316E-3 2.26185E-2 4.84732E-2 7.29355E-2 2.37695E-2
-9999 -9999 -9999 -9999 -9999 -9999 -9999 -9999 -9999 -9999 -9999 -9999 2.11156E-3 3.04858E-3 1.88702E-3 1.61385E-3 1.13025E-3 1.18429E-3 6.20558E-4 3.61646E-4 4.82971E-4 3.20847E-4 8.85912E-4 7.69542E-4 9.98499E-4 9.86527E-4 2.22284E-3 3.8343E-3 5.65329E-3 9.07843E-4 5.39987E-4 2.45491E-4 3.70364E-4 2.65535E-4 1.69384E-4 1.57827E-4 2.52642E-4 7.14831E-5 6.96939E-5 1.39038E-4 1.01004E-4 1.85234E-4 6.14768E-4 7.83178E-4 1.2002E-3 1.10187E-3 7.59365E-3 6.60625E-3 4.80951E-3 4.65157E-3 8.4167E-4 1.53738E-3 1.98449E-3 1.89343E-3 1.71865E-3 1.43966E-3 9.55015E-4 1.91791E-3 2.40227E-3 5.69703E-3 1.06741E-2 7.47339E-3 6.13003E-3 3.31871E-3 4.0714E-3 3.73893E-3 3.92825E-3 4.80569E-3 5.09554E-3 8.54949E-3 1.41144E-2 1.70952E-2 1.91497E-2 1.2827E-2 2.80604E-2 1.96745E-2
-9999 -9999 -9999 -9999 -9999 -9999 -9999 -9999 -9999 -9999 -9999 -9999 4.12386E-4 1.23994E-3 1.8202E-3 2.61955E-3 8.9688E-4 8.50815E-4 1.3058E-3 4.06928E-4 3.53235E-4 4.08011E-4 7.60699E-4 1.10756E-3 8.10211E-4 1.08256E-3 2.11832E-3 5.33656E-3 4.32057E-3 9.60216E-4 7.83606E-4 9.76345E-4 5.91616E-4 8.22456E-4 4.58736E-4 4.32533E-4 4.24269E-4 1.53877E-4 1.09294E-4 1.10137E-4 1.01713E-4 1.36661E-4 2.95639E-4 3.05252E-4 7.67127E-4 5.80671E-4 3.71286E-3 3.08542E-3 3.33617E-3 1.81313E-3 1.41775E-3 1.4784E-3 2.48117E-3 2.26448E-3 1.52929E-3 1.85309E-3 1.27014E-3 2.19777E-3 4.75631E-3 7.20626E-3 8.96845E-3 4.03512E-3 3.08619E-3 2.41287E-3 2.01264E-3 3.30196E-3 6.44325E-3 1.32158E-2 1.43307E-2 1.52822E-2 4.17619E-2 1.2392E-2 1.44156E-2 4.02276E-2 3.71984E-2 3.72466E-2
-9999 -9999 -9999 -9999 -9999 -9999 -9999 -9999 -9999 -9999 -9999 -9999 -9999 -9999 1.0878E-3 7.89446E-4 9.88902E-4 1.03876E-3 1.18719E-3 4.66499E-4 2.07672E-4 4.19275E-4 8.41121E-4 5.44185E-4 6.84516E-4 1.13163E-3 2.20881E-3 1.72202E-3 2.65915E-3 1.73189E-3 1.10436E-3 1.04263E-3 1.05562E-3 1.4552E-3 5.6023E-4 3.40106E-4 2.90244E-4 2.70063E-4 1.19972E-4 1.14643E-4 7.03819E-5 1.5485E-4 2.20321E-4 3.66457E-4 4.44009E-4 4.06416E-4 6.48242E-4 1.71078E-3 2.06644E-3 3.67698E-3 2.07045E-3 2.02174E-3 2.31594E-3 1.42223E-3 2.08124E-3 2.45286E-3 2.16867E-3 2.42312E-3 4.5524E-3 7.86998E-3 8.74069E-3 3.53812E-3 4.27731E-3 3.95681E-3 3.05005E-3 1.8627E-2 3.22294E-2 3.68923E-2 2.12458E-2 2.0897E-2 3.43466E-2 1.72799E-2 1.31326E-2 2.9162E-2 2.98859E-2 2.50546E-2
-9999 -9999 -9999 -9999 -9999 -9999 -9999 -9999 -9999 -9999 -9999 -9999 -9999 -9999 -9999 5.49493E-4 6.6775E-4 8.53188E-4 1.09677E-3 7.02161E-4 3.0366E-4 3.9724E-4 4.41966E-4 3.002E-4 5.36168E-4 1.1859E-3 1.34722E-3 1.53992E-3 1.85626E-3 2.33433E-3 1.32763E-3 1.14162E-3 8.22027E-4 2.87218E-3 1.19608E-3 8.56084E-4 2.49457E-4 2.49621E-4 1.9944E-4 1.46735E-4 3.72935E-5 6.77966E-5 2.27493E-4 3.09645E-4 3.21808E-4 3.86336E-4 1.07099E-3 2.67002E-3 3.83324E-3 2.14157E-3 2.00704E-3 1.74884E-3 3.05056E-3 1.45998E-3 1.5096E-3 1.98958E-3 1.85127E-3 2.70739E-3 5.162E-3 4.813E-3 5.19455E-3 6.75565E-3 8.85382E-3 6.6639E-3 1.31414E-2 4.8723E-2 2.7246E-2 4.15135E-2 2.79356E-2 3.39558E-2 4.66261E-2 3.21502E-2 2.10441E-2 1.27737E-2 2.36179E-2 1.17333E-2
-9999 -9999 -9999 -9999 -9999 -9999 -9999 -9999 -9999 -9999 -9999 -9999 -9999 -9999 -9999 -9999 7.32844E-4 9.1617E-4 7.46905E-4 7.10751E-4 4.1696E-4 7.33272E-4 7.8408E-4 8.33033E-4 6.52286E-4 7.93443E-4 8.26444E-4 1.92528E-3 6.24111E-3 3.89183E-3 1.49104E-3 1.11284E-3 1.96194E-3 4.15886E-3 1.65544E-3 1.79676E-3 8.68559E-4 9.55687E-4 3.564E-4 4.0482E-4 1.39499E-4 2.03687E-4 1.36248E-4 2.03247E-4 2.5844E-4 2.81137E-4 1.70747E-3 1.96879E-3 3.67852E-3 3.08209E-3 1.98937E-3 1.62742E-3 1.98912E-3 1.61849E-3 9.59148E-4 1.70594E-3 1.87078E-3 2.52129E-3 3.42806E-3 3.61727E-3 1.03569E-2 1.01526E-2 1.60054E-2 1.3096E-2 2.58394E-2 5.65756E-2 5.81315E-2 5.8297E-2 3.48496E-2 4.67859E-2 4.0579E-2 2.14041E-2 2.62635E-2 2.06415E-2 1.17235E-2 1.19009E-2
-9999 -9999 -9999 -9999 -9999 -9999 -9999 -9999 -9999 -9999 -9999 -9999 -9999 -9999 -9999 -9999 5.68366E-4 6.1789E-4 9.24192E-4 6.96356E-4 7.71526E-4 5.04583E-4 7.50456E-4 1.19465E-3 7.94524E-4 1.05512E-3 1.12111E-3 4.07346E-3 1.3076E-2 1.21459E-2 7.93747E-3 3.72494E-3 2.11942E-3 3.74383E-3 3.88736E-3 1.56017E-3 2.8807E-3 3.29055E-3 2.70808E-3 1.03735E-3 3.03779E-4 1.93269E-4 2.60243E-4 3.40503E-4 2.68928E-4 6.723E-4 3.14819E-3 7.79379E-3 3.46115E-3 4.55086E-3 3.83531E-3 1.81321E-3 1.18389E-3 7.69161E-4 1.08933E-3 2.92454E-3 3.98224E-3 2.88559E-3 2.21047E-3 5.692E-3 9.73129E-3 1.62029E-2 2.08421E-2 2.66714E-2 4.49359E-2 3.78273E-2 4.95161E-2 5.47989E-2 3.50536E-2 3.49294E-2 2.81786E-2 9.35489E-3 1.17027E-2 7.99986E-3 1.22436E-2 1.29334E-2
-9999 -9999 -9999 -9999 -9999 -9999 -9999 -9999 -9999 -9999 -9999 -9999 -9999 -9999 -9999 -9999 -9999 1.0149E-3 9.36265E-4 5.67898E-4 3.93368E-4 2.18443E-4 2.65371E-4 5.04664E-4 6.00936E-4 7.62259E-4 1.57803E-3 3.15138E-3 7.11368E-3 7.10466E-3 4.43078E-3 4.64344E-3 3.71694E-3 2.77019E-3 1.35482E-3 1.16465E-3 9.6839E-4 1.90273E-3 1.52839E-3 1.25512E-3 1.02029E-3 1.04637E-3 5.3823E-4 7.99241E-4 1.01827E-3 2.89888E-3 4.28672E-3 5.86095E-3 2.17844E-3 4.27847E-3 2.80912E-3 2.49195E-3 8.07411E-4 5.75183E-4 8.82106E-4 3.02107E-3 4.70998E-3 2.74178E-3 2.4822E-3 8.54624E-3 1.50029E-2 2.96085E-2 1.99816E-2 1.93816E-2 3.92109E-2 4.5378E-2 1.81302E-2 3.1156E-2 3.06059E-2 1.48336E-2 8.78132E-3 1.29984E-2 1.52289E-2 1.16499E-2 3.11074E-3 3.70454E-3
-9999 -9999 -9999 -9999 -9999 -9999 -9999 -9999 -9999 -9999 -9999 -9999 -9999 -9999 -9999 -9999 -9999 -9999 -9999 -9999 -9999 3.22031E-4 4.75051E-4 4.00362E-4 6.25263E-4 8.06189E-4 9.28767E-4 1.85246E-3 2.94365E-3 8.83299E-3 8.22009E-3 6.48748E-3 6.90241E-3 5.62402E-3 5.26082E-3 2.19276E-3 1.38941E-3 1.53704E-3 5.97304E-4 1.31543E-3 2.63294E-3 5.32073E-3 2.35113E-3 2.4641E-3 3.8079E-3 3.55245E-3 2.48958E-3 3.01173E-3 3.397E-3 4.36993E-3 6.353E-3 2.16251E-3 2.09566E-3 1.23802E-3 1.2938E-3 1.75843E-3 1.99879E-3 4.60714E-3 7.05344E-3 9.74573E-3 1.16786E-2 3.36494E-2 2.86157E-2 2.77706E-2 3.12E-2 4.37566E-2 2.9752E-2 2.30351E-2 9.70204E-3 1.26965E-2 1.16912E-2 1.64574E-2 1.19154E-2 7.22972E-3 5.17538E-3 9.48095E-3
-9999 -9999 -9999 -9999 -9999 -9999 -9999 -9999 -9999 -9999 -9999 -9999 -9999 -9999 -9999 -9999 -9999 -9999 -9999 -9999 -9999 -9999 -9999 -9999 -9999 -9999 -9999 2.00365E-3 3.63031E-3 8.1255E-3 8.52371E-3 7.59401E-3 1.47988E-2 1.08005E-2 8.76142E-3 3.79806E-3 1.73309E-3 2.35797E-3 1.30775E-3 2.88016E-3 3.60142E-3 4.2179E-3 4.40331E-3 6.18393E-3 1.09046E-2 6.9944E-3 2.57123E-3 2.3559E-3 3.65547E-3 4.17562E-3 4.08112E-3 2.99652E-3 4.31196E-3 2.13058E-3 1.95492E-3 1.76873E-3 1.10971E-3 3.69949E-3 6.32223E-3 3.87028E-3 1.13976E-2 2.17624E-2 4.03476E-2 3.78595E-2 4.27296E-2 4.05504E-2 2.95263E-2 1.4537E-2 1.26086E-2 1.3439E-2 1.13981E-2 1.20924E-2 4.6327E-3 5.9431E-3 6.1171E-3 4.6406E-3
-9999 -9999 -9999 -9999 -9999 -9999 -9999 -9999 -9999 -9999 -9999 -9999 -9999 -9999 -9999 -9999 -9999 -9999 -9999 -9999 -9999 -9999 -9999 -9999 -9999 -9999 -9999 -9999 -9999 -9999 1.15395E-2 1.7308E-2 1.40378E-2 1.19501E-2 1.07251E-2 1.04839E-2 2.792E-3 2.99325E-3 2.86461E-3 3.96086E-3 5.73895E-3 1.03852E-2 8.99567E-3 7.02042E-3 1.1884E-2 9.92313E-3 2.57193E-3 2.59762E-3 4.35505E-3 3.19422E-3 3.21618E-3 3.17889E-3 4.78012E-3 6.18975E-3 2.9289E-3 4.24773E-3 2.78602E-3 4.87746E-3 1.1463E-2 1.04632E-2 2.28393E-2 3.8103E-2 2.79842E-2 3.73859E-2 4.3695E-2 3.21613E-2 1.33721E-2 1.02332E-2 1.46912E-2 1.52776E-2 9.68983E-3 6.38745E-3 7.56685E-3 3.38307E-3 3.18356E-3 5.32352E-3
-9999 -9999 -9999 -9999 -9999 -9999 -9999 -9999 -9999 -9999 -9999 -9999 -9999 -9999 -9999 -9999 -9999 -9999 -9999 -9999 -9999 -9999 -9999 -9999 -9999 -9999 -9999 -9999 -9999 -9999 -9999 -9999 -9999 2.00698E-2 6.79213E-3 7.93907E-3 1.91405E-3 1.41119E-3 2.68834E-3 5.6301E-3 5.55206E-3 8.20246E-3 8.81515E-3 9.22785E-3 5.46989E-3 6.827E-3 3.14938E-3 3.21132E-3 5.7051E-3 4.57127E-3 5.95804E-3 5.87201E-3 1.09831E-2 1.64722E-2 1.148E-2 1.08867E-2 1.56981E-2 1.35294E-2 1.10846E-2 2.82422E-2 6.06421E-2 6.86955E-2 4.69017E-2 3.36934E-2 1.89017E-2 1.76689E-2 1.53366E-2 1.02477E-2 8.30683E-3 7.82954E-3 6.11274E-3 6.56429E-3 8.51774E-3 7.99021E-3 5.64174E-3 4.43919E-3
-9999 -9999 -9999 -9999 -9999 -9999 -9999 -9999 -9999 -9999 -9999 -9999 -9999 -9999 -9999 -9999 -9999 -9999 -9999 -9999 -9999 -9999 -9999 -9999 -9999 -9999 -9999 -9999 -9999 -9999 -9999 -9999 -9999 -9999 8.35144E-3 6.81827E-3 6.83694E-3 1.80077E-3 2.71258E-3 4.55715E-3 1.14306E-2 1.60259E-2 1.77333E-2 1.61981E-2 4.52723E-3 3.55973E-3 1.63848E-3 2.32771E-3 3.33251E-3 9.4113E-3 1.41443E-2 1.83472E-2 1.47109E-2 2.67103E-2 2.53302E-2 2.67075E-2 2.79177E-2 2.05418E-2 3.05652E-2 3.31993E-2 3.37629E-2 1.27361E-1 8.77844E-2 7.84685E-3 1.07599E-2 1.00924E-2 1.26253E-2 9.13533E-3 5.44535E-3 7.33491E-3 6.18776E-3 7.84805E-3 8.0264E-3 7.64812E-3 7.30796E-3 6.26574E-3
-9999 -9999 -9999 -9999 -9999 -9999 -9999 -9999 -9999 -9999 -9999 -9999 -9999 -9999 -9999 -9999 -9999 -9999 -9999 -9999 -9999 -9999 -9999 -9999 -9999 -9999 -9999 -9999 -9999 -9999 -9999 -9999 -9999 -9999 -9999 1.27592E-2 2.59613E-3 6.68427E-3 6.07247E-3 6.29307E-3 1.12477E-2 1.23535E-2 8.85078E-3 8.56975E-3 1.97699E-3 2.10243E-3 2.46751E-3 2.42669E-3 6.39716E-3 9.35673E-3 9.76673E-3 1.13726E-2 2.13694E-2 3.24934E-2 3.14161E-2 3.63999E-2 4.17627E-2 2.6985E-2 5.57354E-2 1.45957E-1 9.63856E-2 1.13749E-1 5.10571E-2 1.39246E-2 1.32889E-2 8.30977E-3 7.98134E-3 5.99166E-3 6.45784E-3 1.04349E-2 1.11243E-2 8.9411E-3 7.50616E-3 7.64737E-3 6.36138E-3 5.9161E-3
-9999 -9999 -9999 -9999 -9999 -9999 -9999 -9999 -9999 -9999 -9999 -9999 -9999 -9999 -9999 -9999 -9999 -9999 -9999 -9999 -9999 -9999 -9999 -9999 -9999 -9999 -9999 -9999 -9999 -9999 -9999 -9999 -9999 -9999 -9999 -9999 5.49624E-3 5.0726E-3 5.7105E-3 1.04581E-3 4.61886E-3 8.03135E-3 5.76334E-3 2.51135E-3 3.33694E-3 2.88479E-3 5.2182E-3 3.51668E-3 9.51872E-3 1.30622E-2 1.51319E-2 1.72383E-2 2.11512E-2 3.76912E-2 4.37548E-2 5.67586E-2 9.71774E-2 1.06833E-1 3.70674E-1 1.78982E-1 7.13589E-2 6.02481E-2 1.29229E-2 4.07369E-3 4.29014E-3 6.87165E-3 5.44814E-3 3.68939E-3 5.75333E-3 6.95651E-3 6.46716E-3 7.39483E-3 6.2333E-3 6.49447E-3 8.51011E-3 9.16539E-3
-9999 -9999 -9999 -9999 -9999 -9999 -9999 -9999 -9999 -9999 -9999 -9999 -9999 -9999 -9999 -9999 -9999 -9999 -9999 -9999 -9999 -9999 -9999 -9999 -9999 -9999 -9999 -9999 -9999 -9999 -9999 -9999 -9999 -9999 -9999 -9999 -9999 3.93907E-3 4.41968E-3 4.63964E-3 2.37312E-3 5.15119E-3 2.57754E-3 1.46234E-3 1.56748E-3 1.78689E-3 2.00378E-3 1.34184E-3 5.59121E-3 1.08773E-2 1.81888E-2 1.76323E-2 1.5633E-2 4.05607E-2 5.77094E-2 9.56831E-2 2.21603E-1 4.60228E-1 3.63237E-1 1.55955E-1 3.69863E-2 3.16321E-2 4.9233E-3 2.50647E-3 2.56011E-3 3.91328E-3 6.40934E-3 7.19815E-3 7.35865E-3 6.14465E-3 6.12778E-3 6.20497E-3 3.59107E-3 8.45722E-3 9.07535E-3 1.01818E-2
-9999 -9999 -9999 -9999 -9999 -9999 -9999 -9999 -9999 -9999 -9999 -9999 -9999 -9999 -9999 -9999 -9999 -9999 -9999 -9999 -9999 -9999 -9999 -9999 -9999 -9999 -9999 -9999 -9999 -9999 -9999 -9999 -9999 -9999 -9999 -9999 -9999 -9999 1.00231E-2 5.39149E-3 1.98631E-3 8.82662E-3 1.04763E-3 9.74588E-4 1.43329E-3 1.65412E-3 3.27652E-3 1.09886E-3 4.52981E-3 2.69646E-3 1.18416E-2 1.28857E-2 1.38032E-2 2.65747E-2 4.7889E-2 5.98601E-2 1.48038E-1 3.40644E-1 3.06298E-1 1.4378E-1 6.64998E-2 2.89443E-2 9.73685E-3 5.17081E-3 3.50117E-3 4.61366E-3 6.31112E-3 9.41552E-3 4.82468E-3 5.39968E-3 5.68456E-3 6.53246E-3 4.9821E-3 5.85041E-3 1.18143E-2 1.28424E-2
-9999 -9999 -9999 -9999 -9999 -9999 -9999 -9999 -9999 -9999 -9999 -9999 -9999 -9999 -9999 -9999 -9999 -9999 -9999 -9999 -9999 -9999 -9999 -9999 -9999 -9999 -9999 -9999 -9999 -9999 -9999 -9999 -9999 -9999 -9999 -9999 -9999 -9999 -9999 2.53149E-3 2.07004E-3 2.43351E-3 1.33323E-3 7.55255E-4 2.6974E-3 5.08473E-3 3.79624E-3 2.12343E-3 2.36926E-3 5.7975E-3 1.0944E-2 1.44114E-2 1.27261E-2 1.95434E-2 7.47086E-2 1.07233E-1 1.36796E-1 2.55687E-1 1.85727E-1 8.68861E-2 5.8824E-2 1.73358E-2 4.37654E-3 3.5922E-3 2.86682E-3 3.85249E-3 7.22809E-3 4.76935E-3 2.43605E-3 4.5082E-3 7.29471E-3 7.21223E-3 4.87678E-3 8.64906E-3 1.82335E-2 2.22825E-2
-9999 -9999 -9999 -9999 -9999 -9999 -9999 -9999 -9999 -9999 -9999 -9999 -9999 -9999 -9999 -9999 -9999 -9999 -9999 -9999 -9999 -9999 -9999 -9999 -9999 -9999 -9999 -9999 -9999 -9999 -9999 -9999 -9999 -9999 -9999 -9999 -9999 -9999 -9999 3.3676E-3 1.75843E-3 1.7417E-3 1.59279E-3 6.73105E-4 1.25961E-3 1.8533E-3 2.48819E-3 3.70898E-3 6.54585E-3 1.1331E-2 1.18241E-2 1.13428E-2 1.67752E-2 1.99123E-2 1.35239E-1 2.40284E-1 1.9935E-1 9.75425E-2 7.5739E-2 3.1448E-2 1.40171E-2 7.74059E-3 7.42865E-3 4.7066E-3 4.87474E-3 5.64111E-3 8.14677E-3 5.50962E-3 3.19284E-3 3.5135E-3 4.45926E-3 3.8869E-3 8.57044E-3 7.75158E-3 1.98698E-2 2.31966E-2
-9999 -9999 -9999 -9999 -9999 -9999 -9999 -9999 -9999 -9999 -9999 -9999 -9999 -9999 -9999 -9999 -9999 -9999 -9999 -9999 -9999 -9999 -9999 -9999 -9999 -9999 -9999 -9999 -9999 -9999 -9999 -9999 -9999 -9999 -9999 -9999 -9999 -9999 -9999 -9999 3.60621E-3 4.3542E-3 2.05372E-3 2.35327E-3 2.71201E-3 5.07981E-3 5.43407E-3 6.82685E-3 9.96186E-3 9.38886E-3 9.89183E-3 1.26376E-2 1.32689E-2 4.17378E-2 1.21744E-1 2.01047E-1 3.84002E-1 7.17625E-2 4.98225E-2 1.45169E-2 4.96671E-3 8.72925E-3 3.05521E-3 2.23907E-3 2.89138E-3 4.2168E-3 5.35947E-3 4.73995E-3 4.39535E-3 3.58796E-3 3.07345E-3 3.16269E-3 6.02632E-3 1.45141E-2 3.42307E-2 2.74832E-2
-9999 -9999 -9999 -9999 -9999 -9999 -9999 -9999 -9999 -9999 -9999 -9999 -9999 -9999 -9999 -9999 -9999 -9999 -9999 -9999 -9999 -9999 -9999 -9999 -9999 -9999 -9999 -9999 -9999 -9999 -9999 -9999 -9999 -9999 -9999 -9999 -9999 -9999 -9999 -9999 3.66414E-3 2.9615E-3 2.35126E-3 2.1769E-3 2.29132E-3 4.11252E-3 3.04037E-3 4.6029E-3 6.85065E-3 8.63349E-3 1.11992E-2 1.3604E-2 2.32026E-2 7.82969E-2 1.85435E-1 1.98387E-1 2.00531E-1 8.88624E-2 5.33854E-2 7.95473E-3 6.76733E-3 5.86446E-3 2.34608E-3 2.56842E-3 5.26676E-3 5.49285E-3 1.94068E-3 4.95708E-3 5.17069E-3 3.51182E-3 3.22161E-3 5.45254E-3 6.67139E-3 1.27745E-2 2.87449E-2 4.19451E-2
-9999 -9999 -9999 -9999 -9999 -9999 -9999 -9999 -9999 -9999 -9999 -9999 -9999 -9999 -9999 -9999 -9999 -9999 -9999 -9999 -9999 -9999 -9999 -9999 -9999 -9999 -9999 -9999 -9999 -9999 -9999 -9999 -9999 -9999 -9999 -9999 -9999 -9999 -9999 -9999 -9999 6.14545E-3 3.02392E-3 3.05197E-3 2.91659E-3 4.26532E-3 6.99006E-3 6.46596E-3 9.71815E-3 6.63613E-3 7.36247E-3 2.114E-2 6.81153E-2 1.84527E-1 1.60704E-1 1.56489E-1 1.02399E-1 1.46482E-2 7.95342E-3 5.75744E-3 4.44362E-3 3.35139E-3 3.37586E-3 2.06405E-3 2.18775E-3 4.29752E-3 2.91172E-3 3.49638E-3 6.07909E-3 7.44837E-3 1.10288E-2 1.44165E-2 2.18793E-2 2.8706E-2 2.60438E-2 3.91545E-2
-9999 -9999 -9999 -9999 -9999 -9999 -9999 -9999 -9999 -9999 -9999 -9999 -9999 -9999 -9999 -9999 -9999 -9999 -9999 -9999 -9999 -9999 -9999 -9999 -9999 -9999 -9999 -9999 -9999 -9999 -9999 -9999 -9999 -9999 -9999 -9999 -9999 -9999 -9999 -9999 -9999 1.06918E-2 6.44775E-3 2.56694E-3 2.39016E-3 3.09119E-3 5.27449E-3 5.63461E-3 4.53874E-3 9.57958E-3 5.70032E-3 3.59979E-2 7.51817E-2 1.02446E-1 1.31386E-1 1.97408E-1 9.56194E-2 1.11634E-2 8.37527E-3 5.13431E-3 5.75758E-3 4.24306E-3 3.56213E-3 2.4397E-3 1.63168E-3 1.65402E-3 1.8502E-3 2.88737E-3 5.81537E-3 6.4688E-3 1.65527E-2 1.1202E-2 1.62971E-2 7.06567E-2 2.92769E-2 6.34523E-2
-9999 -9999 -9999 -9999 -9999 -9999 -9999 -9999 -9999 -9999 -9999 -9999 -9999 -9999 -9999 -9999 -9999 -9999 -9999 -9999 -9999 -9999 -9999 -9999 -9999 -9999 -9999 -9999 -9999 -9999 -9999 -9999 -9999 -9999 -9999 -9999 -9999 -9999 -9999 -9999 -9999 1.25209E-2 8.37755E-3 2.80791E-3 1.1919E-3 2.13588E-3 3.57709E-3 5.30231E-3 7.52972E-3 8.04405E-3 8.63153E-3 2.73665E-2 8.17115E-2 9.57125E-2 1.29822E-1 9.61094E-2 4.2132E-2 1.24148E-2 5.41917E-3 4.34461E-3 4.2501E-3 2.45003E-3 5.04498E-3 3.25226E-3 1.05785E-3 1.57645E-3 1.3946E-3 1.98237E-3 3.65839E-3 9.50158E-3 2.26243E-2 2.09959E-2 2.86561E-2 5.12439E-2 4.24288E-2 3.69941E-2
-9999 -9999 -9999 -9999 -9999 -9999 -9999 -9999 -9999 -9999 -9999 -9999 -9999 -9999 -9999 -9999 -9999 -9999 -9999 -9999 -9999 -9999 -9999 -9999 -9999 -9999 -9999 -9999 -9999 -9999 -9999 -9999 -9999 -9999 -9999 -9999 -9999 -9999 -9999 -9999 -9999 2.01616E-2 1.04732E-2 3.91702E-3 2.53542E-3 2.87551E-3 2.51485E-3 3.1003E-3 5.80535E-3 6.19792E-3 7.84978E-3 1.5732E-2 1.96207E-2 1.9895E-2 6.28328E-2 4.22594E-2 2.1736E-2 1.30997E-2 2.62156E-3 2.40213E-3 3.60091E-3 3.06109E-3 6.33111E-3 7.37545E-3 4.8142E-3 5.22941E-3 2.89689E-3 2.71853E-3 6.67125E-3 1.47858E-2 2.28262E-2 3.56148E-2 4.24205E-2 4.33728E-2 6.46107E-2 8.49766E-2
-9999 -9999 -9999 -9999 -9999 -9999 -9999 -9999 -9999 -9999 -9999 -9999 -9999 -9999 -9999 -9999 -9999 -9999 -9999 -9999 -9999 -9999 -9999 -9999 -9999 -9999 -9999 -9999 -9999 -9999 -9999 -9999 -9999 -9999 -9999 -9999 -9999 -9999 -9999 -9999 -9999 2.97431E-2 1.85827E-2 6.83852E-3 2.78512E-3 2.50519E-3 3.80998E-3 2.9455E-3 3.02994E-3 5.24625E-3 6.33406E-3 1.77097E-2 3.71079E-2 3.32575E-2 2.79202E-2 2.24092E-2 1.46078E-2 1.08608E-2 8.56312E-3 8.61522E-3 5.64865E-3 6.92205E-3 7.63382E-3 5.96723E-3 3.51543E-3 6.69407E-3 6.31536E-3 1.37315E-2 9.18696E-3 4.46057E-2 1.26362E-2 4.92733E-2 8.15552E-2 6.50049E-2 8.97834E-2 1.13854E-1
-9999 -9999 -9999 -9999 -9999 -9999 -9999 -9999 -9999 -9999 -9999 -9999 -9999 -9999 -9999 -9999 -9999 -9999 -9999 -9999 -9999 -9999 -9999 -9999 -9999 -9999 -9999 -9999 -9999 -9999 -9999 -9999 -9999 -9999 -9999 -9999 -9999 -9999 -9999 -9999 -9999 1.66001E-2 4.37663E-3 4.75477E-3 2.68073E-3 4.45779E-3 4.54532E-3 3.51179E-3 1.14742E-3 4.49654E-3 9.57076E-3 1.1928E-2 2.00499E-2 2.46703E-2 2.61575E-2 2.91711E-2 1.4602E-2 8.02475E-3 7.27697E-3 5.59492E-3 8.41506E-3 4.88298E-3 6.59349E-3 5.57359E-3 4.09259E-3 8.2185E-3 1.11754E-2 2.53457E-2 2.48258E-2 3.37029E-2 2.76849E-2 9.76589E-2 1.12537E-1 1.04138E-1 6.53613E-2 1.86839E-1
-9999 -9999 -9999 -9999 -9999 -9999 -9999 -9999 -9999 -9999 -9999 -9999 -9999 -9999 -9999 -9999 -9999 -9999 -9999 -9999 -9999 -9999 -9999 -9999 -9999 -9999 -9999 -9999 -9999 -9999 -9999 -9999 -9999 -9999 -9999 -9999 -9999 -9999 -9999 -9999 -9999 9.37911E-3 4.31905E-3 2.74433E-3 1.00777E-3 1.90251E-3 1.65172E-3 2.23957E-3 3.19552E-3 4.32069E-3 1.04286E-2 1.15203E-2 1.72341E-2 1.11618E-2 1.84803E-2 1.2719E-2 1.51789E-2 1.05696E-2 1.31563E-2 1.31643E-2 1.67818E-2 9.26861E-3 6.75499E-3 1.05575E-2 3.25853E-3 5.50711E-3 2.43428E-2 1.63947E-2 2.81716E-2 4.18215E-2 7.84051E-2 1.28339E-1 1.50213E-1 1.50553E-1 1.94297E-1 1.74456E-1
-9999 -9999 -9999 -9999 -9999 -9999 -9999 -9999 -9999 -9999 -9999 -9999 -9999 -9999 -9999 -9999 -9999 -9999 -9999 -9999 -9999 -9999 -9999 -9999 -9999 -9999 -9999 -9999 -9999 -9999 -9999 -9999 -9999 -9999 -9999 -9999 -9999 -9999 -9999 -9999 -9999 6.2091E-3 4.00342E-3 2.45813E-3 5.60646E-4 4.33685E-4 1.26442E-3 1.37585E-3 3.72137E-3 3.39581E-3 1.24895E-2 1.09161E-2 1.24935E-2 6.13881E-3 8.28578E-3 7.50043E-3 1.27572E-2 7.62159E-3 1.15945E-2 2.39019E-2 2.36492E-2 1.01526E-2 9.6097E-3 7.1049E-3 5.8114E-3 9.52161E-3 1.4412E-2 1.30559E-2 2.26623E-2 9.47493E-2 1.35454E-1 9.61979E-2 1.31379E-1 1.28308E-1 1.23793E-1 1.48084E-1
