ENM/Final_Models/M_1_F_q_Set_1_E/Gustavia_santanderiensis_3_Choco_novel.asc
ncols         367
nrows         963
xllcorner     -78.6
yllcorner     0.65
cellsize      0.00833333333333323
NODATA_value  -9999
[rows 750 to 779 of 963, columns 68 to 135 of 367]
-6.77419E1 -6.82796E1 -6.82796E1 -6.82796E1 -7.74194E1 -6.93548E1 -6.98925E1 -5.91398E1 -4.35484E1 -4.35484E1 -5.86021E1 -8.44086E1 -8.33333E1 -5.75269E1 -5.75269E1 -7.15054E1 -7.90323E1 -8.65591E1 -8.27957E1 -7.84946E1 -5.5914E1 -4.03226E1 -5.53763E1 -5.53763E1 -5.5914E1 -5.5914E1 -4.03226E1 -4.24731E1 -4.46237E1 -4.08602E1 -5.43011E1 -5.37634E1 -5.43011E1 -5.43011E1 -3.92473E1 -3.76344E1 -3.87097E1 -3.76344E1 -3.87097E1 -4.08602E1 -4.13979E1 -3.76344E1 -3.97849E1 -3.92473E1 -4.03226E1 -4.13979E1 -3.65591E1 -4.03226E1 -3.54839E1 -3.97849E1 -3.97849E1 -3.22581E1 -4.62366E1 -4.56989E1 -2.41935E1 -5.86021E1 -3.17204E1 -2.31183E1 -2.58065E1 -1.93548E1 -2.15054E0 -3.22581E0 -1.6129E0 8.24351E0 2.83433E1 3.9022E1 1.49301E1 2.51497E0
-6.77419E1 -6.77419E1 -6.77419E1 -8.06452E1 -5.05376E1 -6.93548E1 -6.93548E1 -8.49462E1 -8.54839E1 -5.96774E1 -5.91398E1 -5.91398E1 -8.44086E1 -8.3871E1 -8.33333E1 -8.33333E1 -8.27957E1 -8.17204E1 -8.27957E1 -5.64516E1 -4.08602E1 -4.03226E1 -4.03226E1 -4.30108E1 -4.24731E1 -4.03226E1 -4.08602E1 -4.24731E1 -4.13979E1 -3.8172E1 -5.43011E1 -3.92473E1 -4.08602E1 -3.8172E1 -3.87097E1 -4.03226E1 -4.24731E1 -3.92473E1 -3.60215E1 -3.70968E1 -3.70968E1 -5E1 -3.33333E1 -3.70968E1 -3.33333E1 -3.76344E1 -3.8172E1 -3.70968E1 -4.03226E1 -3.76344E1 -3.92473E1 -3.49462E1 -3.22581E1 -7.09677E1 -6.45161E1 -1.82796E1 -4.83871E0 -3.49462E1 -1.66667E1 -1.07527E0 2.19561E-1 -8.06452E0 -3.76344E0 1.9521E1 2.48104E1 1.9521E1 4.79042E-1 2.99401E-1
-7.52688E1 -8.01075E1 -8.01075E1 -8.01075E1 -5.96774E1 -5.10753E1 -5.96774E1 -5.96774E1 -8.54839E1 -4.4086E1 -4.56989E1 -4.35484E1 -4.30108E1 -8.3871E1 -5.75269E1 -5.75269E1 -8.33333E1 -8.17204E1 -5.75269E1 -5.69892E1 -5.64516E1 -5.64516E1 -4.08602E1 -4.30108E1 -4.35484E1 -4.35484E1 -4.13979E1 -5.64516E1 -3.87097E1 -4.08602E1 -5.48387E1 -3.8172E1 -4.35484E1 -4.46237E1 -4.4086E1 -4.35484E1 -4.19355E1 -3.76344E1 -3.76344E1 -3.44086E1 -5.05376E1 -3.44086E1 -5.16129E1 -3.49462E1 -3.44086E1 -4.03226E1 -4.08602E1 -3.76344E1 -4.08602E1 -3.87097E1 -3.33333E1 -3.8172E1 -3.11828E1 -4.51613E1 -4.94624E1 -1.55914E1 1.99601E-2 -6.45161E0 -5.37634E-1 3.99202E-2 -5.37634E0 -2.31183E1 -1.12903E1 -2.68817E0 6.18762E-1 5.38922E-1 2.19561E-1 3.19361E-1
-7.47312E1 -7.95699E1 -8.01075E1 -8.01075E1 -5.96774E1 -5.96774E1 -5.96774E1 -7.74194E1 -7.7957E1 -5.96774E1 -4.62366E1 -4.4086E1 -4.35484E1 -5.86021E1 -5.80645E1 -5.75269E1 -4.19355E1 -8.17204E1 -5.75269E1 -7.84946E1 -7.84946E1 -7.90323E1 -8.06452E1 -4.35484E1 -4.35484E1 -4.62366E1 -4.30108E1 -4.24731E1 -3.87097E1 -3.87097E1 -5.32258E1 -3.76344E1 -4.13979E1 -4.51613E1 -4.4086E1 -3.06452E1 -4.35484E1 -4.19355E1 -3.92473E1 -3.54839E1 -5.16129E1 -3.65591E1 -3.8172E1 -3.3871E1 -3.65591E1 -3.97849E1 -3.97849E1 -4.08602E1 -3.60215E1 -3.3871E1 -3.92473E1 -3.76344E1 -3.22581E1 -4.30108E1 -6.12903E1 -3.49462E1 3.99202E-2 4.79042E-1 9.98004E-2 -5.37634E-1 -1.6129E1 2.19561E-1 -9.67742E0 1.99601E-2 7.18563E-1 3.59281E-1 4.39122E-1 5.78842E-1
-7.47312E1 -7.90323E1 -7.95699E1 -7.95699E1 -8.01075E1 -6.82796E1 -5.16129E1 -8.17204E1 -6.02151E1 -6.02151E1 -6.02151E1 -4.46237E1 -4.4086E1 -4.35484E1 -8.44086E1 -8.3871E1 -8.3871E1 -8.17204E1 -8.22581E1 -5.69892E1 -8.22581E1 -8.27957E1 -5.69892E1 -4.4086E1 -4.4086E1 -4.30108E1 -4.24731E1 -4.24731E1 -3.8172E1 -3.8172E1 -3.87097E1 -4.03226E1 -3.87097E1 -4.51613E1 -4.46237E1 -4.35484E1 -4.35484E1 -4.08602E1 -3.97849E1 -3.76344E1 -3.60215E1 -3.54839E1 -3.8172E1 -3.76344E1 -4.03226E1 -4.03226E1 -3.87097E1 -4.03226E1 -3.60215E1 -3.87097E1 -3.8172E1 -3.49462E1 -2.68817E1 -3.76344E1 -5.91398E1 -2.52688E1 1.99601E-2 -2.15054E0 1.99601E-2 1.99601E-2 -5.37634E0 -2.15054E1 5.70858E0 4.99002E-1 6.18762E-1 8.38323E-1 5.78842E-1 7.98403E-1
-7.84946E1 -6.66667E1 -6.72043E1 -7.95699E1 -7.58064E1 -8.01075E1 -6.02151E1 -6.02151E1 -6.07527E1 -8.65591E1 -6.07527E1 -4.46237E1 -5.96774E1 -8.60215E1 -8.54839E1 -8.06452E1 -8.3871E1 -8.11828E1 -8.60215E1 -8.27957E1 -8.27957E1 -8.27957E1 -5.69892E1 -8.3871E1 -5.75269E1 -4.35484E1 -4.24731E1 -3.92473E1 -3.87097E1 -3.87097E1 -4.62366E1 -4.08602E1 -4.19355E1 -4.24731E1 -4.03226E1 -3.97849E1 -3.97849E1 -3.76344E1 -5.16129E1 -3.54839E1 -3.87097E1 -3.44086E1 -3.27957E1 -3.54839E1 -4.08602E1 -4.03226E1 -3.92473E1 -3.44086E1 -3.70968E1 -3.70968E1 -3.33333E1 -2.95699E1 -2.31183E1 -1.6129E1 -1.50538E1 -1.07527E1 -1.77419E1 -2.41935E1 -1.34409E1 -1.02151E1 1.39721E-1 -5.91398E0 1.71657E0 8.38323E-1 2.59481E-1 1.79641E-1 5.78842E-1 3.71257E0
-5.5914E1 -7.84946E1 -7.52688E1 -7.90323E1 -7.58064E1 -7.58064E1 -6.07527E1 -6.07527E1 -6.07527E1 -6.07527E1 -6.07527E1 -4.51613E1 -6.02151E1 -4.4086E1 -8.54839E1 -8.65591E1 -8.65591E1 -8.11828E1 -7.58064E1 -7.63441E1 -7.74194E1 -5.69892E1 -7.84946E1 -6.02151E1 -8.8172E1 -5.69892E1 -3.97849E1 -7.47312E1 -8.17204E1 -5.48387E1 -4.30108E1 -3.92473E1 -4.13979E1 -4.19355E1 -3.76344E1 -3.8172E1 -3.87097E1 -4.08602E1 -4.30108E1 -3.97849E1 -3.76344E1 -3.8172E1 -3.33333E1 -3.49462E1 -3.8172E1 -3.8172E1 -3.8172E1 -3.65591E1 -3.3871E1 -3.27957E1 -3.11828E1 -2.95699E1 -1.88172E1 -1.1828E1 3.59281E-1 1.79641E-1 -1.77419E1 -2.36559E1 -1.93548E1 -8.06452E0 1.1976E-1 4.59082E-1 1.79641E-1 8.24351E0 1.99601E-2 1.79641E-1 7.18563E-1 1.11776E0
-7.74194E1 -7.7957E1 -7.52688E1 -6.12903E1 -4.56989E1 -6.07527E1 -6.07527E1 -7.68817E1 -8.60215E1 -8.70968E1 -8.76344E1 -6.12903E1 -5E1 -5.96774E1 -8.60215E1 -7.58064E1 -8.60215E1 -7.58064E1 -8.17204E1 -7.58064E1 -5.80645E1 -5.86021E1 -5.80645E1 -5.80645E1 -8.65591E1 -8.33333E1 -3.97849E1 -5.5914E1 -5.5914E1 -5.5914E1 -4.08602E1 -4.03226E1 -4.24731E1 -4.13979E1 -4.35484E1 -3.65591E1 -3.65591E1 -4.30108E1 -4.24731E1 -4.19355E1 -4.19355E1 -4.03226E1 -3.76344E1 -3.97849E1 -3.06452E1 -3.33333E1 -3.65591E1 -3.54839E1 -3.44086E1 -3.33333E1 -2.7957E1 -3.06452E1 -2.36559E1 -2.58065E1 2.19561E-1 2.39521E-1 3.99202E-2 5.98802E-2 1.79641E-1 3.59281E-1 5.78842E-1 2.99401E-1 1.49301E1 2.97006E1 7.68463E0 1.21956E1 3.72655E1 3.81637E1
-6.1828E1 -7.7957E1 -7.52688E1 -4.62366E1 -4.83871E1 -4.56989E1 -4.56989E1 -8.65591E1 -6.1828E1 -6.1828E1 -6.12903E1 -4.56989E1 -4.73118E1 -4.4086E1 -7.58064E1 -8.60215E1 -7.47312E1 -7.47312E1 -7.47312E1 -8.27957E1 -8.49462E1 -8.44086E1 -5.86021E1 -5.80645E1 -8.65591E1 -5.69892E1 -5.48387E1 -8.54839E1 -8.33333E1 -8.11828E1 -5.53763E1 -4.03226E1 -4.30108E1 -4.51613E1 -4.35484E1 -3.54839E1 -5.10753E1 -3.49462E1 -4.24731E1 -3.8172E1 -4.13979E1 -3.60215E1 -3.3871E1 -4.03226E1 -4.03226E1 -3.44086E1 -2.7957E1 -3.11828E1 -2.95699E1 -2.31183E1 -2.2043E1 -1.93548E1 -1.72043E1 -1.45161E1 -2.04301E1 -5.91398E0 3.99202E-2 2.19561E-1 2.79441E-1 5.38922E-1 6.18762E-1 6.98603E-1 -4.83871E0 1.9521E1 3.40519E1 4.16168E1 3.78842E1 3.75848E1
-4.67742E1 -6.23656E1 -7.7957E1 -6.1828E1 -4.62366E1 -6.12903E1 -4.62366E1 -7.68817E1 -6.1828E1 -6.1828E1 -6.1828E1 -8.76344E1 -4.51613E1 -6.02151E1 -5.91398E1 -8.8172E1 -8.54839E1 -7.41936E1 -5.75269E1 -8.22581E1 -8.33333E1 -4.30108E1 -4.30108E1 -5.80645E1 -8.44086E1 -5.69892E1 -5.53763E1 -9.19355E1 -8.44086E1 -8.70968E1 -5.5914E1 -3.87097E1 -3.92473E1 -4.30108E1 -4.13979E1 -4.03226E1 -5.26882E1 -5.10753E1 -3.8172E1 -3.44086E1 -4.73118E1 -4.67742E1 -3.27957E1 -3.97849E1 -3.54839E1 -2.95699E1 -4.46237E1 -2.84946E1 -3.27957E1 -4.03226E1 -5.96774E1 -4.78495E1 -2.58065E1 -2.31183E1 -2.31183E1 -5.37634E0 3.99202E-2 1.39721E-1 2.79441E-1 4.79042E-1 2.59481E-1 5.18962E-1 3.79242E-1 1.79641E-1 3.73653E1 4.92016E1 4.37924E1 3.75848E1
-6.29032E1 -6.29032E1 -7.47312E1 -7.52688E1 -6.1828E1 -6.1828E1 -6.1828E1 -8.49462E1 -7.95699E1 -8.60215E1 -6.1828E1 -8.87097E1 -6.1828E1 -8.60215E1 -6.02151E1 -5.91398E1 -5.91398E1 -5.86021E1 -8.49462E1 -5.86021E1 -5.91398E1 -4.30108E1 -4.19355E1 -5.80645E1 -8.49462E1 -5.64516E1 -5.53763E1 -8.22581E1 -8.17204E1 -8.22581E1 -8.11828E1 -5.37634E1 -4.03226E1 -4.62366E1 -4.51613E1 -4.56989E1 -3.8172E1 -5.32258E1 -5.26882E1 -3.49462E1 -3.27957E1 -4.67742E1 -3.17204E1 -3.92473E1 -3.06452E1 -2.84946E1 -4.51613E1 -4.67742E1 -2.68817E1 -3.76344E1 -5.16129E1 -4.62366E1 -4.56989E1 -4.30108E1 -2.84946E1 -5.37634E0 2.19561E-1 2.39521E-1 2.39521E-1 -5.91398E0 -5.37634E-1 3.99202E-2 4.79042E-1 -3.22581E0 1.12774E1 4.38922E1 4.35729E1 3.21956E1
-7.41936E1 -4.78495E1 -6.29032E1 -6.29032E1 -6.23656E1 -6.1828E1 -6.1828E1 -8.60215E1 -7.90323E1 -7.90323E1 -7.7957E1 -8.70968E1 -6.1828E1 -6.1828E1 -7.47312E1 -4.4086E1 -4.35484E1 -4.62366E1 -5.86021E1 -4.35484E1 -5.91398E1 -4.24731E1 -4.24731E1 -5.80645E1 -8.44086E1 -5.5914E1 -5.5914E1 -5.5914E1 -5.48387E1 -8.11828E1 -8.17204E1 -4.19355E1 -4.67742E1 -4.46237E1 -4.4086E1 -4.13979E1 -3.92473E1 -5.32258E1 -5E1 -5.05376E1 -3.87097E1 -3.44086E1 -4.78495E1 -3.33333E1 -3.27957E1 -4.89247E1 -4.94624E1 -4.4086E1 -2.47312E1 -3.27957E1 -4.4086E1 -4.35484E1 -4.4086E1 -4.30108E1 -2.31183E1 -4.83871E0 2.19561E-1 4.79042E-1 -4.30108E0 -1.39785E1 -1.23656E1 -1.12903E1 1.99601E-2 1.99601E-2 4.39122E-1 4.38723E1 3.04591E1 3.05589E1
-7.63441E1 -8.33333E1 -6.29032E1 -6.29032E1 -8.27957E1 -6.23656E1 -4.67742E1 -4.94624E1 -4.62366E1 -4.62366E1 -6.1828E1 -4.62366E1 -4.67742E1 -4.56989E1 -6.12903E1 -4.51613E1 -4.46237E1 -4.62366E1 -4.62366E1 -4.35484E1 -4.30108E1 -4.19355E1 -4.24731E1 -5.75269E1 -8.27957E1 -5.5914E1 -8.27957E1 -8.11828E1 -8.17204E1 -5.64516E1 -3.97849E1 -4.67742E1 -4.03226E1 -4.30108E1 -3.65591E1 -3.92473E1 -4.19355E1 -3.87097E1 -4.08602E1 -3.97849E1 -3.87097E1 -3.44086E1 -3.49462E1 -3.54839E1 -3.87097E1 -4.89247E1 -3.60215E1 -3.70968E1 -3.27957E1 -2.04301E1 -4.73118E1 -4.51613E1 -2.58065E1 -9.13978E0 1.79641E-1 3.59281E-1 3.19361E-1 9.98004E-2 -9.67742E0 -9.13978E0 -1.1828E1 -1.02151E1 -1.23656E1 -6.45161E0 4.99002E-1 4.01397E1 3.18762E1 2.71257E1
-7.58064E1 -6.34409E1 -6.34409E1 -6.34409E1 -6.29032E1 -6.29032E1 -6.23656E1 -6.23656E1 -7.68817E1 -7.74194E1 -7.7957E1 -6.1828E1 -6.29032E1 -6.23656E1 -4.56989E1 -4.83871E1 -4.73118E1 -5E1 -4.30108E1 -4.35484E1 -4.35484E1 -5.75269E1 -8.44086E1 -8.3871E1 -8.44086E1 -5.5914E1 -8.17204E1 -8.11828E1 -8.17204E1 -5.5914E1 -3.87097E1 -4.67742E1 -4.35484E1 -4.19355E1 -4.56989E1 -4.4086E1 -4.35484E1 -4.46237E1 -4.51613E1 -3.87097E1 -4.03226E1 -4.08602E1 -4.08602E1 -3.97849E1 -3.54839E1 -3.17204E1 -3.8172E1 -3.8172E1 -3.33333E1 -1.93548E1 -5.16129E1 -2.52688E1 -5.37634E-1 3.99202E-2 5.38922E-1 6.98603E-1 2.59481E-1 2.19561E-1 3.99202E-2 3.99202E-2 3.99202E-2 -1.6129E0 -4.30108E0 4.39122E-1 4.42515E1 4.57884E1 3.79641E1 3.35928E1
-7.95699E1 -6.34409E1 -4.83871E1 -4.83871E1 -6.34409E1 -4.78495E1 -4.73118E1 -5E1 -7.68817E1 -7.68817E1 -8.17204E1 -7.7957E1 -6.1828E1 -4.94624E1 -5.21505E1 -4.89247E1 -4.83871E1 -4.73118E1 -4.30108E1 -4.30108E1 -5.91398E1 -5.86021E1 -5.69892E1 -8.33333E1 -8.33333E1 -8.11828E1 -5.37634E1 -8.06452E1 -8.17204E1 -7.74194E1 -5.37634E1 -4.30108E1 -4.73118E1 -4.56989E1 -4.08602E1 -4.03226E1 -4.24731E1 -4.30108E1 -4.4086E1 -4.51613E1 -4.08602E1 -4.03226E1 -3.60215E1 -3.65591E1 -3.3871E1 -3.22581E1 -3.06452E1 -2.84946E1 -2.15054E1 -2.52688E1 -2.47312E1 -9.13978E0 9.98004E-2 3.59281E-1 6.18762E-1 5.38922E-1 3.99202E-2 3.99202E-2 3.59281E-1 1.39721E-1 2.39521E-1 1.39721E-1 2.19561E-1 2.6507E1 4.09182E1 3.04591E1 2.49301E1 3.44711E1
-7.36559E1 -4.89247E1 -4.83871E1 -4.83871E1 -6.34409E1 -6.34409E1 -4.78495E1 -6.29032E1 -7.68817E1 -7.68817E1 -6.23656E1 -6.29032E1 -6.29032E1 -6.29032E1 -6.23656E1 -4.56989E1 -4.56989E1 -4.51613E1 -4.4086E1 -4.30108E1 -5.86021E1 -5.86021E1 -5.75269E1 -8.3871E1 -5.5914E1 -4.03226E1 -4.24731E1 -4.30108E1 -4.19355E1 -5.32258E1 -5.37634E1 -3.97849E1 -4.78495E1 -4.03226E1 -4.30108E1 -4.13979E1 -4.4086E1 -4.4086E1 -4.35484E1 -4.35484E1 -4.30108E1 -4.35484E1 -3.49462E1 -5.05376E1 -3.44086E1 -4.83871E1 -7.04301E1 -6.07527E1 -5.75269E1 -3.33333E1 -7.52688E0 3.99202E-2 3.79242E-1 6.18762E-1 4.99002E-1 2.19561E-1 2.19561E-1 3.99202E-2 3.99202E-2 5.98802E-2 3.19361E-1 4.39122E-1 4.99002E-1 4.499E1 2.61876E1 2.03593E1 2.36926E1 3.28343E1
-7.90323E1 -4.94624E1 -4.89247E1 -4.83871E1 -6.34409E1 -6.34409E1 -4.83871E1 -4.78495E1 -7.84946E1 -7.84946E1 -6.29032E1 -6.29032E1 -6.34409E1 -6.29032E1 -4.62366E1 -6.93548E1 -6.93548E1 -7.58064E1 -4.46237E1 -4.30108E1 -4.24731E1 -4.30108E1 -5.75269E1 -8.3871E1 -4.13979E1 -4.46237E1 -4.46237E1 -4.62366E1 -4.62366E1 -4.67742E1 -3.97849E1 -4.08602E1 -4.46237E1 -3.97849E1 -3.87097E1 -4.24731E1 -4.62366E1 -4.56989E1 -4.4086E1 -4.30108E1 -3.92473E1 -3.76344E1 -6.02151E1 -5.05376E1 -4.89247E1 -4.56989E1 -8.17204E1 -7.68817E1 -5.10753E1 -3.11828E1 -1.39785E1 2.19561E-1 4.99002E-1 6.18762E-1 4.99002E-1 2.19561E-1 -3.22581E0 1.99601E-2 1.99601E-2 2.99401E-1 3.39321E-1 5.78842E-1 8.38323E-1 4.62275E1 3.04591E1 2.71257E1 2.22156E1 3.04591E1
-6.55914E1 -5E1 -4.94624E1 -5.21505E1 -4.83871E1 -6.34409E1 -4.83871E1 -4.83871E1 -6.34409E1 -6.29032E1 -7.90323E1 -6.29032E1 -4.78495E1 -4.78495E1 -4.62366E1 -4.56989E1 -4.62366E1 -6.12903E1 -4.46237E1 -4.4086E1 -4.30108E1 -4.24731E1 -4.19355E1 -8.33333E1 -4.19355E1 -4.19355E1 -4.19355E1 -4.83871E1 -4.73118E1 -4.89247E1 -4.08602E1 -3.92473E1 -4.03226E1 -3.92473E1 -4.13979E1 -4.08602E1 -4.51613E1 -3.3871E1 -4.30108E1 -4.19355E1 -4.24731E1 -4.13979E1 -4.73118E1 -4.78495E1 -4.78495E1 -5.91398E1 -6.77419E1 -6.02151E1 -4.24731E1 -2.58065E1 -9.67742E0 2.99401E-1 2.79441E-1 4.59082E-1 -2.68817E0 -4.30108E0 -5.37634E0 1.99601E-2 1.99601E-2 4.59082E-1 2.79441E-1 7.38523E-1 7.68463E0 4.83034E1 3.82435E1 3.04591E1 1.21357E1 1.94212E1
-6.55914E1 -5.05376E1 -4.94624E1 -5.26882E1 -6.39785E1 -7.63441E1 -6.34409E1 -6.34409E1 -4.78495E1 -4.78495E1 -6.29032E1 -6.29032E1 -4.78495E1 -6.39785E1 -6.34409E1 -6.12903E1 -6.12903E1 -6.12903E1 -6.07527E1 -4.46237E1 -4.30108E1 -5.75269E1 -5.64516E1 -5.69892E1 -5.64516E1 -5.69892E1 -8.33333E1 -5.80645E1 -5.80645E1 -4.08602E1 -4.03226E1 -4.03226E1 -4.35484E1 -4.30108E1 -4.19355E1 -4.13979E1 -4.03226E1 -2.47312E1 -3.27957E1 -4.30108E1 -4.19355E1 -4.13979E1 -3.22581E1 -6.23656E1 -6.39785E1 -6.66667E1 -4.4086E1 -2.84946E1 -3.54839E1 -3.54839E1 -2.95699E1 1.99601E-2 -1.39785E1 -8.06452E0 -1.07527E1 -9.13978E0 9.98004E-2 1.99601E-2 5.98802E-2 1.79641E-1 3.79242E-1 6.58683E-1 4.02196E1 5.01996E1 3.82435E1 2.03593E1 1.38124E1 2.1477E1
-6.66667E1 -6.55914E1 -5E1 -5E1 -8.3871E1 -7.63441E1 -7.68817E1 -4.89247E1 -4.83871E1 -5.16129E1 -7.84946E1 -7.90323E1 -6.34409E1 -4.89247E1 -4.78495E1 -8.54839E1 -8.87097E1 -6.1828E1 -4.56989E1 -4.51613E1 -4.35484E1 -7.74194E1 -7.68817E1 -7.63441E1 -5.64516E1 -5.5914E1 -8.3871E1 -8.44086E1 -7.09677E1 -7.04301E1 -5.48387E1 -5.5914E1 -4.08602E1 -4.46237E1 -4.24731E1 -4.13979E1 -3.44086E1 -2.15054E1 -2.25806E1 -2.90323E1 -3.8172E1 -4.03226E1 -4.46237E1 -6.55914E1 -2.95699E1 -2.47312E1 -5.26882E1 -3.17204E1 -2.84946E1 -3.44086E1 -4.08602E1 -2.95699E1 -1.98925E1 -1.98925E1 -1.50538E1 -9.67742E0 -5.91398E0 1.99601E-2 3.99202E-2 1.39721E-1 2.99401E-1 4.59082E-1 4.49301E1 4.83633E1 3.44711E1 1.7505E1 2.03593E1 2.71257E1
-5.21505E1 -5.16129E1 -6.6129E1 -6.6129E1 -6.50538E1 -5.05376E1 -5.10753E1 -6.45161E1 -6.39785E1 -6.34409E1 -7.7957E1 -7.74194E1 -7.7957E1 -4.83871E1 -4.89247E1 -6.23656E1 -6.1828E1 -8.01075E1 -4.56989E1 -5.21505E1 -4.83871E1 -5.86021E1 -7.68817E1 -7.74194E1 -7.90323E1 -5.75269E1 -5.80645E1 -5.64516E1 -5.43011E1 -5.43011E1 -4.4086E1 -4.08602E1 -4.13979E1 -4.4086E1 -4.35484E1 -4.35484E1 -4.73118E1 -4.13979E1 -4.03226E1 -3.92473E1 -4.30108E1 -3.65591E1 -4.78495E1 -3.22581E1 -3.65591E1 -3.60215E1 -3.44086E1 -2.68817E1 -3.11828E1 -2.95699E1 -3.65591E1 -2.84946E1 -2.74194E1 -1.93548E1 -1.39785E1 -7.52688E0 -4.83871E0 1.79641E-1 7.38523E-1 2.46108E1 3.3992E1 1.49301E1 1.85828E1 4.83633E1 3.82435E1 3.44711E1 3.04591E1 2.71257E1
-6.72043E1 -5.21505E1 -6.66667E1 -6.45161E1 -5E1 -6.55914E1 -6.55914E1 -7.68817E1 -7.74194E1 -6.66667E1 -5.32258E1 -6.88172E1 -7.7957E1 -7.84946E1 -6.50538E1 -6.34409E1 -6.1828E1 -7.90323E1 -6.07527E1 -5.21505E1 -4.83871E1 -4.24731E1 -5.75269E1 -5.75269E1 -6.6129E1 -7.25806E1 -5.80645E1 -5.53763E1 -5.32258E1 -5.37634E1 -4.56989E1 -4.78495E1 -4.4086E1 -4.19355E1 -4.08602E1 -3.87097E1 -3.8172E1 -4.19355E1 -4.46237E1 -4.24731E1 -3.97849E1 -3.33333E1 -4.51613E1 -4.46237E1 -3.8172E1 -3.60215E1 -2.68817E1 -1.55914E1 -2.15054E1 -2.04301E1 -2.58065E1 -2.04301E1 -1.77419E1 -1.29032E1 -1.12903E1 -8.06452E0 3.99202E-2 4.39122E-1 1.58882E1 3.78244E1 4.15768E1 4.46307E1 4.29541E1 5.01198E1 4.83633E1 4.33733E1 3.44711E1 2.71257E1
-6.72043E1 -5.21505E1 -6.77419E1 -7.47312E1 -6.50538E1 -6.55914E1 -5E1 -7.63441E1 -6.50538E1 -6.45161E1 -6.66667E1 -5.26882E1 -7.68817E1 -7.84946E1 -6.50538E1 -4.83871E1 -4.73118E1 -6.88172E1 -7.74194E1 -4.89247E1 -4.89247E1 -4.35484E1 -4.13979E1 -4.08602E1 -5.5914E1 -7.68817E1 -5.64516E1 -7.90323E1 -5.32258E1 -4.03226E1 -4.19355E1 -4.78495E1 -4.35484E1 -3.97849E1 -4.08602E1 -4.03226E1 -3.87097E1 -3.65591E1 -3.92473E1 -3.44086E1 -2.95699E1 -2.63441E1 -4.51613E1 -4.51613E1 -2.74194E1 -3.70968E1 -2.41935E1 -3.33333E1 -3.33333E1 -2.52688E1 -2.58065E1 -2.25806E1 -1.45161E1 -9.13978E0 -3.76344E0 -1.6129E0 1.99601E-2 3.59281E-1 2.07784E1 2.61876E1 3.34531E1 4.78443E1 4.33733E1 3.82435E1 3.44711E1 3.82435E1 3.04591E1 3.60479E1
-6.77419E1 -7.41936E1 -6.77419E1 -5.16129E1 -5.16129E1 -6.50538E1 -6.50538E1 -7.58064E1 -7.68817E1 -6.45161E1 -6.66667E1 -6.77419E1 -6.66667E1 -6.66667E1 -6.39785E1 -4.94624E1 -4.83871E1 -6.23656E1 -6.12903E1 -4.51613E1 -4.46237E1 -4.30108E1 -4.56989E1 -4.08602E1 -5.64516E1 -5.80645E1 -5.64516E1 -5.37634E1 -5.43011E1 -5.48387E1 -4.13979E1 -4.83871E1 -4.30108E1 -5.48387E1 -5.5914E1 -5.43011E1 -3.87097E1 -4.24731E1 -3.11828E1 -2.63441E1 -4.08602E1 -4.51613E1 -4.62366E1 -4.51613E1 -4.51613E1 -3.44086E1 -2.41935E1 -2.74194E1 -3.8172E1 -2.68817E1 -2.84946E1 -9.13978E0 -2.15054E0 3.19361E-1 1.79641E-1 9.98004E-2 4.79042E-1 1.93214E1 3.53094E1 4.76248E1 5.65868E1 4.51896E1 4.33733E1 3.04591E1 3.04591E1 3.44711E1 3.44711E1 4.43513E1
-7.36559E1 -7.41936E1 -7.47312E1 -6.72043E1 -5.16129E1 -5.05376E1 -6.50538E1 -6.55914E1 -7.63441E1 -6.50538E1 -7.68817E1 -6.72043E1 -6.66667E1 -6.29032E1 -7.90323E1 -6.39785E1 -4.89247E1 -6.12903E1 -6.02151E1 -4.51613E1 -5.91398E1 -4.19355E1 -4.67742E1 -4.19355E1 -5.69892E1 -5.75269E1 -5.64516E1 -5.32258E1 -5.32258E1 -8.11828E1 -8.06452E1 -4.13979E1 -4.4086E1 -5.43011E1 -5.5914E1 -7.2043E1 -3.76344E1 -4.13979E1 -3.92473E1 -3.3871E1 -4.89247E1 -4.94624E1 -3.3871E1 -3.65591E1 -3.01075E1 -3.22581E1 -4.03226E1 -3.92473E1 -3.44086E1 -3.22581E1 -1.6129E0 2.19561E-1 3.79242E-1 4.99002E-1 2.19561E-1 4.79042E-1 1.69661E1 3.80639E1 3.27545E1 5.25749E1 5.5489E1 4.83633E1 3.04591E1 3.04591E1 2.71257E1 2.41317E1 3.44711E1 4.73253E1
-7.36559E1 -6.77419E1 -5.26882E1 -5.32258E1 -5.05376E1 -5.05376E1 -6.55914E1 -7.52688E1 -6.55914E1 -7.63441E1 -7.68817E1 -6.6129E1 -6.55914E1 -6.29032E1 -6.55914E1 -6.39785E1 -4.89247E1 -5.26882E1 -4.73118E1 -4.51613E1 -5.91398E1 -4.67742E1 -5.05376E1 -4.67742E1 -4.19355E1 -4.13979E1 -5.5914E1 -6.82796E1 -5.37634E1 -7.04301E1 -8.3871E1 -8.54839E1 -5.37634E1 -4.35484E1 -3.97849E1 -6.55914E1 -5.26882E1 -4.24731E1 -4.56989E1 -4.13979E1 -4.08602E1 -3.49462E1 -3.3871E1 -2.95699E1 -4.62366E1 -2.84946E1 -2.41935E1 -2.58065E1 -4.51613E1 -4.83871E1 -3.06452E1 2.59481E-1 4.99002E-1 6.18762E-1 2.99401E-1 1.1976E0 1.76048E1 3.38124E1 5.0998E1 5.32136E1 5.38124E1 3.82435E1 2.71257E1 2.41317E1 2.41317E1 2.13373E1 2.71257E1 3.82435E1
-5.32258E1 -5.32258E1 -5.26882E1 -5.26882E1 -5.05376E1 -5.05376E1 -6.55914E1 -7.47312E1 -6.6129E1 -6.77419E1 -7.2043E1 -7.41936E1 -6.50538E1 -6.6129E1 -4.94624E1 -4.83871E1 -5.26882E1 -5.32258E1 -5.16129E1 -4.51613E1 -5.96774E1 -5.75269E1 -7.95699E1 -7.68817E1 -5.75269E1 -5.64516E1 -7.90323E1 -8.06452E1 -7.7957E1 -7.7957E1 -5.69892E1 -5.69892E1 -5.43011E1 -3.87097E1 -5.37634E1 -5.32258E1 -3.76344E1 -4.13979E1 -4.51613E1 -3.87097E1 -5.05376E1 -4.67742E1 -4.83871E1 -6.45161E1 -2.7957E1 -3.3871E1 -3.17204E1 -3.01075E1 -3.22581E1 -2.95699E1 -3.17204E1 1.39721E-1 4.99002E-1 6.18762E-1 4.79042E-1 6.18762E-1 4.92615E1 5.11178E1 4.72056E1 4.83633E1 4.33733E1 3.04591E1 2.13373E1 1.79042E1 2.13373E1 1.88423E1 2.41317E1 3.44711E1
-4.94624E1 -6.34409E1 -5E1 -5E1 -6.45161E1 -6.45161E1 -7.52688E1 -7.41936E1 -6.55914E1 -6.6129E1 -6.6129E1 -6.55914E1 -6.50538E1 -6.50538E1 -4.94624E1 -5.32258E1 -5.21505E1 -5.32258E1 -5.16129E1 -4.56989E1 -6.07527E1 -4.4086E1 -5.64516E1 -7.63441E1 -7.68817E1 -8.17204E1 -4.08602E1 -5.37634E1 -7.7957E1 -8.01075E1 -5.69892E1 -5.69892E1 -5.5914E1 -6.88172E1 -5.21505E1 -5.26882E1 -6.66667E1 -6.6129E1 -3.60215E1 -4.19355E1 -4.83871E1 -6.02151E1 -7.04301E1 -6.88172E1 -5.75269E1 -4.89247E1 -1.50538E1 -2.31183E1 -1.55914E1 -1.23656E1 -3.44086E1 2.79441E-1 4.39122E-1 5.78842E-1 2.99401E-1 5.78842E-1 4.51896E1 4.63673E1 4.83633E1 4.83633E1 4.33733E1 3.04591E1 1.79042E1 1.58683E1 1.58683E1 1.88423E1 2.41317E1 3.04591E1
-4.94624E1 -6.34409E1 -5E1 -6.39785E1 -6.45161E1 -7.47312E1 -7.47312E1 -6.50538E1 -6.50538E1 -6.50538E1 -5.10753E1 -5.10753E1 -5.05376E1 -6.50538E1 -5.37634E1 -5.32258E1 -5.21505E1 -5.37634E1 -5.21505E1 -5.10753E1 -4.56989E1 -4.46237E1 -4.13979E1 -5.5914E1 -7.95699E1 -5.64516E1 -4.03226E1 -3.87097E1 -8.17204E1 -5.53763E1 -5.53763E1 -5.5914E1 -4.03226E1 -5.32258E1 -5.10753E1 -6.39785E1 -6.77419E1 -6.6129E1 -6.6129E1 -5.05376E1 -4.94624E1 -7.2043E1 -5.64516E1 -5.37634E1 -4.62366E1 -3.49462E1 -3.70968E1 -2.36559E1 -2.2043E1 -2.31183E1 -2.58065E1 4.39122E-1 5.18962E-1 4.79042E-1 4.39122E-1 6.98603E-1 5.18762E1 4.33333E1 5.08782E1 4.57485E1 4.83633E1 2.71257E1 1.58683E1 1.58683E1 1.79042E1 1.88423E1 2.13373E1 3.44711E1
-6.29032E1 -7.31183E1 -6.34409E1 -6.34409E1 -6.6129E1 -7.47312E1 -6.66667E1 -7.31183E1 -5.10753E1 -5.10753E1 -5.10753E1 -6.45161E1 -5.10753E1 -5.26882E1 -5E1 -4.89247E1 -4.83871E1 -4.83871E1 -4.94624E1 -5.26882E1 -5.16129E1 -5.43011E1 -4.83871E1 -4.08602E1 -7.68817E1 -7.74194E1 -5.48387E1 -5.37634E1 -5.48387E1 -5.48387E1 -3.97849E1 -4.08602E1 -4.46237E1 -7.15054E1 -5.10753E1 -6.88172E1 -6.72043E1 -6.55914E1 -4.83871E1 -5E1 -7.47312E1 -6.82796E1 -5.69892E1 -5.32258E1 -3.22581E1 -2.84946E1 -2.68817E1 -1.12903E1 -1.02151E1 -2.15054E1 -2.04301E1 3.79242E-1 4.79042E-1 2.19561E-1 4.79042E-1 8.38323E-1 3.05589E1 3.10978E1 4.70858E1 4.61277E1 4.33733E1 2.71257E1 1.79042E1 2.71257E1 2.13373E1 1.79042E1 2.13373E1 4.83633E1
