ENM/Final_Models/M_1_F_q_Set_1_E/Gustavia_santanderiensis_2_Choco.asc
ncols         367
nrows         963
xllcorner     -78.6
yllcorner     0.65
cellsize      0.00833333333333323
NODATA_value  -9999
[rows 390 to 419 of 963, columns 272 to 339 of 367]
9.34936E-1 9.87476E-1 9.92181E-1 9.89346E-1 8.14617E-1 5.1965E-1 2.40992E-1 6.47116E-2 5.14815E-1 1.09453E-1 1.14206E-1 3.70374E-1 5.46154E-1 6.22983E-1 4.57489E-1 4.86421E-1 6.96419E-1 5.74099E-1 3.63402E-1 2.68203E-1 5.49263E-1 4.91861E-2 6.48307E-2 6.85561E-2 2.51954E-1 1.78249E-1 1.80246E-1 2.90773E-1 3.56825E-1 3.31255E-1 2.45205E-1 1.83878E-1 1.29801E-1 8.19164E-2 2.06688E-1 1.53509E-1 1.67033E-2 4.39535E-2 2.57758E-2 7.81522E-3 2.47655E-2 8.86091E-3 1.69856E-3 1.24635E-3 9.11772E-4 3.10817E-4 6.57695E-4 8.92045E-3 1.65583E-2 2.1356E-2 1.37273E-2 -9999 -9999 -9999 -9999 -9999 -9999 -9999 -9999 -9999 -9999 -9999 -9999 -9999 -9999 -9999 -9999 -9999
8.27219E-1 9.98876E-1 9.86719E-1 1.2993E-1 8.88195E-1 9.72526E-1 9.99677E-1 7.27808E-1 6.65125E-1 6.73278E-1 2.08911E-1 3.84764E-1 5.97916E-1 3.29885E-1 5.73167E-1 6.33022E-1 7.47452E-1 8.88123E-1 8.81028E-1 6.77154E-1 3.65698E-1 7.86204E-2 2.70898E-2 1.04846E-1 2.95986E-1 2.07116E-1 1.43952E-1 1.12245E-1 3.70364E-1 3.48183E-1 1.00932E-1 1.62585E-1 1.42163E-1 1.20774E-1 5.71603E-2 1.06225E-1 3.45702E-2 2.20269E-2 1.55286E-2 1.47576E-2 8.18623E-3 2.81831E-3 3.78567E-3 2.96764E-3 2.44973E-3 1.31059E-3 8.0204E-4 1.20334E-2 4.03731E-2 1.08436E-2 9.19589E-3 -9999 -9999 -9999 -9999 -9999 -9999 -9999 -9999 -9999 -9999 -9999 -9999 -9999 -9999 -9999 -9999 -9999
9.77915E-1 9.4553E-1 7.5325E-1 5.2328E-1 9.5784E-1 4.19345E-1 3.2151E-1 1.57319E-1 4.7191E-1 2.16657E-1 4.21467E-1 8.43503E-1 7.65238E-1 4.02781E-1 3.69891E-1 8.47349E-1 9.00832E-1 8.89245E-1 5.48722E-1 3.49283E-1 2.06038E-1 1.1488E-1 6.75623E-2 1.13906E-1 2.49523E-1 2.25366E-1 2.86517E-1 3.19725E-1 8.68592E-2 1.05188E-1 3.88903E-2 3.47675E-2 2.84583E-2 8.18144E-2 5.39402E-2 3.12932E-2 7.06967E-2 2.62589E-2 2.4767E-2 4.6935E-3 3.53506E-3 1.01729E-2 1.25274E-2 8.63699E-3 9.43208E-3 3.24294E-3 1.64335E-3 5.22983E-3 1.33978E-2 3.95022E-2 4.4411E-2 -9999 -9999 -9999 -9999 -9999 -9999 -9999 -9999 -9999 -9999 -9999 -9999 -9999 -9999 -9999 -9999 -9999
5.32408E-1 9.99933E-1 9.99992E-1 9.99995E-1 8.14219E-1 6.04601E-1 3.81107E-1 6.12837E-1 7.19137E-1 9.25281E-1 1.61114E-1 2.39914E-1 2.11501E-1 3.45499E-1 5.2153E-1 7.60984E-1 9.73844E-1 8.37649E-1 6.99193E-1 6.46188E-1 3.57027E-1 3.54153E-1 1.15011E-1 9.30835E-2 1.52853E-1 2.22107E-1 3.13552E-1 2.83189E-1 7.41906E-2 7.51781E-2 1.0729E-1 7.04483E-2 2.1474E-2 7.23828E-2 3.19328E-2 4.7876E-2 8.43593E-2 5.07223E-2 3.7119E-2 4.65041E-2 4.46453E-2 4.70811E-2 2.79041E-2 1.18871E-2 1.6883E-2 5.37022E-3 1.30114E-2 2.54156E-2 5.47479E-2 6.53307E-2 3.71937E-2 -9999 -9999 -9999 -9999 -9999 -9999 -9999 -9999 -9999 -9999 -9999 -9999 -9999 -9999 -9999 -9999 -9999
9.92046E-1 9.99543E-1 9.99987E-1 9.99981E-1 9.99877E-1 8.47634E-1 6.99355E-1 5.56257E-1 7.99584E-1 8.68192E-1 8.52013E-1 4.98561E-1 4.83617E-1 2.12017E-1 6.43769E-1 4.99804E-1 9.52571E-1 6.97116E-1 5.6396E-1 7.58023E-1 5.59097E-1 4.77945E-1 1.09816E-1 6.79301E-2 1.84061E-1 2.03449E-1 5.78713E-1 1.39183E-1 4.22369E-2 1.41296E-1 1.01729E-1 8.96025E-2 3.88713E-2 4.03978E-2 8.71277E-2 7.21087E-2 2.8748E-2 4.66287E-2 3.9751E-2 3.25719E-2 2.92608E-2 6.6193E-2 1.10046E-1 4.6227E-2 3.72469E-2 2.77616E-2 5.47008E-2 6.2186E-2 1.0393E-1 1.20319E-2 3.84449E-2 -9999 -9999 -9999 -9999 -9999 -9999 -9999 -9999 -9999 -9999 -9999 -9999 -9999 -9999 -9999 -9999 -9999
9.60316E-1 7.97678E-1 9.11307E-1 9.99338E-1 9.4896E-1 8.73553E-1 7.71226E-1 9.68999E-2 7.88459E-1 9.96045E-1 9.36704E-1 5.89687E-1 5.17846E-1 4.50548E-1 7.20127E-1 8.24523E-1 8.02977E-1 7.87306E-1 7.96395E-1 7.56012E-1 4.96704E-1 2.72597E-1 1.06046E-1 1.46792E-1 2.24972E-1 1.52543E-1 1.13577E-1 5.67344E-3 1.20224E-1 1.72207E-1 1.08361E-1 3.72948E-2 1.29932E-1 7.12586E-3 6.78055E-4 6.67665E-2 4.9268E-2 9.53538E-2 5.96208E-2 3.19495E-1 2.87997E-1 2.05526E-1 2.91496E-1 8.87565E-2 3.45384E-2 1.67152E-2 8.40298E-2 9.28238E-3 1.72106E-2 1.16892E-1 -9999 -9999 -9999 -9999 -9999 -9999 -9999 -9999 -9999 -9999 -9999 -9999 -9999 -9999 -9999 -9999 -9999 -9999
9.92539E-1 8.60078E-1 9.72579E-1 9.65353E-1 7.9234E-1 9.1077E-1 7.87243E-1 2.89886E-1 9.51975E-1 8.40443E-1 7.31715E-1 4.62484E-1 4.96833E-1 8.22598E-1 9.78312E-1 9.66714E-1 9.18313E-1 5.08179E-1 1.38316E-1 6.02382E-2 1.09628E-1 2.29557E-1 2.33218E-1 1.09842E-1 1.9293E-2 1.96144E-2 2.78501E-2 2.3235E-2 1.34146E-1 5.69266E-1 4.10503E-1 4.88068E-1 3.23281E-1 2.76274E-1 4.31415E-1 2.51095E-1 2.14826E-1 4.88294E-1 2.93151E-1 1.25359E-1 2.54438E-1 3.22972E-1 2.07708E-1 1.32712E-1 1.53994E-1 1.19276E-1 2.22514E-1 1.04164E-1 2.57517E-1 9.07748E-2 -9999 -9999 -9999 -9999 -9999 -9999 -9999 -9999 -9999 -9999 -9999 -9999 -9999 -9999 -9999 -9999 -9999 -9999
9.97893E-1 9.58436E-1 9.8195E-1 9.87034E-1 9.51917E-1 7.89949E-1 9.15323E-1 9.65782E-1 9.8336E-1 8.60929E-1 8.78972E-1 8.4908E-1 9.42784E-1 7.88816E-1 9.42544E-1 9.48359E-1 2.1393E-1 2.37759E-1 5.06732E-1 2.67781E-1 2.13632E-1 9.96805E-2 1.32256E-2 7.297E-2 1.71314E-1 6.03948E-2 2.04743E-1 1.72033E-1 7.30315E-1 3.24821E-1 1.44355E-1 2.53884E-1 2.0532E-1 2.48874E-1 3.29866E-1 2.4456E-1 8.65656E-2 2.74094E-1 1.51593E-1 5.91177E-2 3.38963E-2 8.08525E-2 1.05772E-1 1.48468E-1 7.06426E-2 6.14435E-2 1.30779E-1 2.43561E-1 2.36378E-1 -9999 -9999 -9999 -9999 -9999 -9999 -9999 -9999 -9999 -9999 -9999 -9999 -9999 -9999 -9999 -9999 -9999 -9999 -9999
7.66295E-1 9.02633E-1 9.9791E-1 9.64126E-1 9.51648E-1 9.37194E-1 9.28712E-1 9.1775E-1 9.82492E-1 8.20396E-1 7.5611E-1 5.13516E-1 4.9236E-1 3.72334E-1 1.94101E-1 3.31425E-1 1.81007E-1 3.99785E-1 9.65127E-2 9.01013E-2 9.93803E-1 1.68701E-1 1.70157E-2 1.84449E-2 3.50868E-1 5.27016E-1 5.09593E-1 2.5137E-1 3.29225E-1 4.13183E-1 1.90307E-1 2.83679E-1 4.01261E-1 1.31843E-1 1.96031E-1 2.21111E-1 1.79091E-1 1.51147E-1 6.98254E-2 1.54354E-2 2.48407E-2 2.12007E-2 3.65538E-2 3.06081E-2 6.18116E-3 1.13017E-2 1.88602E-2 6.05719E-2 -9999 -9999 -9999 -9999 -9999 -9999 -9999 -9999 -9999 -9999 -9999 -9999 -9999 -9999 -9999 -9999 -9999 -9999 -9999 -9999
1.79843E-1 5.31119E-1 9.7955E-1 9.64889E-1 9.27983E-1 9.99581E-1 9.68671E-1 9.99156E-1 6.28142E-1 6.78234E-1 1.54381E-1 2.88482E-1 2.69148E-2 3.63382E-2 4.13975E-2 6.75247E-1 2.4741E-1 5.07925E-1 8.88703E-1 5.28403E-1 5.92632E-1 7.63293E-1 6.32474E-1 8.50419E-1 6.52654E-1 4.54112E-1 4.02973E-1 7.48619E-1 7.34225E-1 4.80375E-1 2.209E-1 2.44315E-1 1.34319E-1 4.21014E-2 8.54297E-2 1.17288E-2 6.47234E-2 3.79804E-2 1.68972E-2 2.82399E-2 6.01963E-2 1.16872E-2 1.20147E-2 1.71545E-2 3.10779E-2 1.24593E-2 1.24905E-2 -9999 -9999 -9999 -9999 -9999 -9999 -9999 -9999 -9999 -9999 -9999 -9999 -9999 -9999 -9999 -9999 -9999 -9999 -9999 -9999 -9999
4.21535E-1 9.13191E-1 9.62082E-1 9.98194E-1 9.72288E-1 9.68328E-1 9.99734E-1 9.97273E-1 6.53392E-1 8.22031E-1 9.73793E-2 4.54772E-2 7.01997E-2 5.49148E-2 3.74183E-1 2.62155E-2 1.93205E-2 1.44513E-1 6.49032E-2 7.34794E-2 1.01886E-1 2.90266E-1 6.03627E-2 1.86791E-2 1.1441E-1 2.7463E-1 4.8032E-1 3.31113E-1 4.43175E-1 5.90171E-1 4.27507E-1 1.75788E-1 1.0532E-1 9.011E-2 9.47983E-2 1.16383E-1 5.73212E-2 5.58322E-2 8.76856E-2 7.8033E-2 7.27278E-2 2.48108E-2 6.01273E-2 3.57195E-2 2.87596E-2 1.8961E-2 -9999 -9999 -9999 -9999 -9999 -9999 -9999 -9999 -9999 -9999 -9999 -9999 -9999 -9999 -9999 -9999 -9999 -9999 -9999 -9999 -9999 -9999
7.80042E-1 9.66171E-1 9.97924E-1 9.97339E-1 9.89779E-1 9.83474E-1 4.13303E-1 3.16032E-1 1.8379E-1 5.10621E-1 1.95669E-1 6.69282E-1 3.17177E-1 3.74132E-1 4.41147E-1 1.71681E-1 1.09092E-1 3.73176E-1 4.77737E-1 4.09317E-1 5.27849E-1 6.39724E-1 7.26358E-1 3.82034E-1 2.72317E-1 2.87146E-2 2.0834E-2 6.27625E-2 1.93022E-1 1.72549E-1 3.01082E-1 1.3242E-1 8.31521E-2 9.91138E-2 4.81959E-2 4.18442E-1 3.18614E-1 1.50183E-1 8.63948E-2 8.95511E-2 3.67122E-2 3.8449E-2 4.22829E-2 1.31033E-1 5.6922E-2 -9999 -9999 -9999 -9999 -9999 -9999 -9999 -9999 -9999 -9999 -9999 -9999 -9999 -9999 -9999 -9999 -9999 -9999 -9999 -9999 -9999 -9999 -9999
8.80229E-1 9.77796E-1 9.98354E-1 9.7333E-1 6.80939E-1 4.93056E-1 4.28081E-1 8.81623E-1 5.10654E-1 7.56841E-1 3.99336E-1 5.57779E-1 1.49233E-2 4.09085E-2 1.09246E-1 3.93889E-1 8.83058E-1 5.08451E-1 5.98557E-1 4.38698E-1 3.26938E-1 2.47684E-1 3.41587E-1 5.23749E-1 4.21997E-1 1.90641E-1 7.53255E-2 4.7906E-2 9.3398E-2 2.21152E-1 4.72911E-1 3.20484E-1 2.83327E-1 4.11784E-1 2.01973E-1 2.78021E-1 2.34508E-1 2.0425E-1 1.26918E-1 1.33619E-1 1.07783E-1 1.78471E-1 2.23513E-2 5.51204E-2 -9999 -9999 -9999 -9999 -9999 -9999 -9999 -9999 -9999 -9999 -9999 -9999 -9999 -9999 -9999 -9999 -9999 -9999 -9999 -9999 -9999 -9999 -9999 -9999
8.86474E-1 9.44782E-1 3.44079E-1 8.89552E-1 4.43963E-1 8.34267E-1 7.16061E-1 7.21725E-1 7.33353E-1 3.31992E-1 2.37492E-1 1.73141E-1 5.45977E-1 6.15631E-1 8.07793E-1 8.52421E-1 7.34296E-1 6.60604E-1 5.14399E-1 2.69388E-1 1.17648E-1 1.12167E-1 3.64106E-1 9.45557E-2 1.09501E-1 2.58564E-2 1.48361E-2 3.99603E-2 9.98587E-2 5.21764E-2 4.52634E-1 3.60451E-1 3.00229E-1 5.09551E-2 6.69811E-2 6.92841E-2 3.1442E-1 7.4323E-2 1.95707E-2 2.33708E-2 2.00012E-2 1.38401E-2 4.14193E-2 -9999 -9999 -9999 -9999 -9999 -9999 -9999 -9999 -9999 -9999 -9999 -9999 -9999 -9999 -9999 -9999 -9999 -9999 -9999 -9999 -9999 -9999 -9999 -9999 -9999
8.39774E-1 7.78698E-1 3.72857E-1 2.82239E-1 3.45067E-1 5.8456E-1 2.7341E-1 6.22851E-1 8.26483E-1 5.96796E-1 6.94954E-1 7.52718E-1 4.48595E-1 5.91806E-1 7.96635E-1 6.28585E-1 6.22297E-1 1.80286E-1 4.70101E-2 3.30189E-2 1.73763E-2 3.96822E-2 9.95674E-2 7.88232E-2 1.14585E-1 1.2774E-2 1.83003E-2 2.77659E-2 1.67573E-2 1.19362E-2 3.78557E-2 2.96984E-1 3.81346E-1 2.74809E-1 6.14516E-2 2.31246E-2 2.4507E-2 4.44108E-2 2.41068E-2 9.77115E-3 4.04633E-2 4.20463E-2 -9999 -9999 -9999 -9999 -9999 -9999 -9999 -9999 -9999 -9999 -9999 -9999 -9999 -9999 -9999 -9999 -9999 -9999 -9999 -9999 -9999 -9999 -9999 -9999 -9999 -9999
9.98818E-1 9.97171E-1 9.55599E-1 9.17215E-1 9.64632E-1 9.35341E-1 7.25637E-1 7.32871E-1 6.44512E-1 7.7465E-1 8.7205E-1 8.6719E-1 7.91546E-1 8.05467E-1 8.41256E-1 2.2532E-1 1.16942E-1 7.212E-2 1.44104E-2 4.39002E-2 2.1419E-2 1.88825E-2 1.92284E-1 1.325E-1 4.38138E-2 6.94456E-3 2.07629E-3 6.39535E-3 9.23754E-3 4.42472E-2 6.28285E-2 2.64776E-1 3.9234E-1 1.48013E-1 1.18059E-2 2.24827E-2 1.22283E-2 1.2409E-2 3.59101E-2 2.27223E-2 1.42599E-2 -9999 -9999 -9999 -9999 -9999 -9999 -9999 -9999 -9999 -9999 -9999 -9999 -9999 -9999 -9999 -9999 -9999 -9999 -9999 -9999 -9999 -9999 -9999 -9999 -9999 -9999 -9999
9.98975E-1 9.99739E-1 8.05059E-1 9.89746E-1 8.79178E-1 7.7723E-1 7.8232E-1 7.50455E-1 5.28727E-1 8.44859E-1 7.38274E-1 9.41427E-1 8.41369E-1 6.3599E-1 5.14988E-1 2.37887E-1 1.04179E-1 4.2753E-2 4.75157E-2 1.98346E-2 6.00629E-2 1.52846E-1 4.69183E-2 6.9074E-2 6.10658E-2 6.69032E-2 4.00623E-3 7.77269E-3 2.13025E-2 2.0353E-2 4.72303E-2 4.20971E-2 2.64722E-1 1.11756E-1 3.60942E-2 9.66791E-3 4.57931E-2 1.37886E-2 1.2256E-2 -9999 -9999 -9999 -9999 -9999 -9999 -9999 -9999 -9999 -9999 -9999 -9999 -9999 -9999 -9999 -9999 -9999 -9999 -9999 -9999 -9999 -9999 -9999 -9999 -9999 -9999 -9999 -9999 -9999
9.4557E-1 9.99571E-1 9.44556E-1 7.13993E-1 7.55048E-1 7.93371E-1 6.81258E-1 8.50429E-1 8.86456E-1 8.31072E-1 8.63074E-1 9.06503E-1 6.97342E-1 4.52819E-1 3.33328E-1 1.25555E-1 5.08935E-2 3.70166E-2 1.01738E-2 1.26812E-2 3.53003E-2 9.27662E-2 4.35868E-2 1.23214E-2 7.93525E-3 5.56084E-3 3.65534E-3 1.35628E-3 5.06073E-3 1.34009E-2 6.2977E-2 1.49215E-2 3.42721E-1 1.59787E-1 4.79118E-2 4.41309E-2 2.73851E-2 2.40384E-2 -9999 -9999 -9999 -9999 -9999 -9999 -9999 -9999 -9999 -9999 -9999 -9999 -9999 -9999 -9999 -9999 -9999 -9999 -9999 -9999 -9999 -9999 -9999 -9999 -9999 -9999 -9999 -9999 -9999 -9999
9.80179E-1 9.41781E-1 9.18713E-1 9.58609E-1 4.50759E-1 9.03107E-1 5.50711E-1 5.53802E-1 6.53616E-1 7.80009E-1 7.29107E-1 9.18055E-1 2.815E-1 6.74048E-2 5.81E-2 9.00053E-3 4.03488E-2 1.72908E-1 5.83424E-3 1.3661E-3 5.36982E-3 1.34968E-2 9.50897E-3 2.95369E-3 8.13661E-3 2.91334E-2 7.90098E-3 8.75309E-3 3.30535E-3 1.32166E-2 1.38033E-1 1.49908E-2 1.39763E-1 1.18172E-1 7.07228E-2 8.85777E-2 5.36187E-2 3.82473E-2 -9999 -9999 -9999 -9999 -9999 -9999 -9999 -9999 -9999 -9999 -9999 -9999 -9999 -9999 -9999 -9999 -9999 -9999 -9999 -9999 -9999 -9999 -9999 -9999 -9999 -9999 -9999 -9999 -9999 -9999
3.17851E-1 9.24048E-1 9.38607E-1 9.91988E-1 9.07347E-1 7.93659E-1 6.97476E-1 7.83243E-1 7.4945E-1 7.58936E-1 8.10988E-1 8.70849E-1 2.1308E-1 3.40041E-2 2.92759E-2 2.85645E-2 3.88427E-2 2.32295E-1 6.23705E-2 1.41592E-2 1.77005E-2 1.25012E-2 2.7216E-2 5.72783E-3 3.10181E-3 1.49056E-3 1.0091E-3 1.43358E-3 1.18514E-2 1.03745E-2 5.4919E-2 1.78404E-2 8.01226E-2 1.62718E-1 3.38469E-2 3.81584E-2 6.14501E-2 1.28361E-2 -9999 -9999 -9999 -9999 -9999 -9999 -9999 -9999 -9999 -9999 -9999 -9999 -9999 -9999 -9999 -9999 -9999 -9999 -9999 -9999 -9999 -9999 -9999 -9999 -9999 -9999 -9999 -9999 -9999 -9999
2.28609E-2 8.36255E-2 1.40539E-1 2.77281E-1 9.9683E-1 9.77965E-1 9.73219E-1 8.20122E-1 6.92245E-1 7.53209E-1 8.0531E-1 8.10169E-1 3.68392E-1 3.71871E-2 1.3521E-2 2.36459E-2 9.32477E-3 1.60877E-1 2.29153E-1 4.95875E-2 2.50675E-2 2.78323E-2 3.10762E-2 5.8795E-3 1.79753E-3 7.49193E-4 7.28614E-4 1.85292E-3 1.82085E-2 2.69854E-2 3.51494E-3 3.86889E-2 9.85527E-2 7.79313E-2 3.60496E-2 2.48079E-2 1.12421E-2 1.10014E-2 -9999 -9999 -9999 -9999 -9999 -9999 -9999 -9999 -9999 -9999 -9999 -9999 -9999 -9999 -9999 -9999 -9999 -9999 -9999 -9999 -9999 -9999 -9999 -9999 -9999 -9999 -9999 -9999 -9999 -9999
4.6829E-3 6.82908E-3 1.0669E-2 1.52783E-2 3.89528E-1 9.98888E-1 9.70217E-1 9.76059E-1 7.16277E-1 5.79113E-1 6.25193E-1 7.39365E-1 3.95305E-1 4.53568E-2 3.29583E-2 5.64101E-2 3.61663E-1 1.62796E-1 3.69957E-1 1.15409E-1 2.32842E-2 9.36135E-3 2.03956E-3 5.92226E-4 7.97681E-4 1.29835E-3 1.14086E-2 7.65723E-3 7.62278E-3 7.27222E-2 1.12246E-2 4.3613E-2 6.26157E-2 6.11852E-2 7.14835E-2 1.20935E-2 2.84085E-2 3.52908E-2 -9999 -9999 -9999 -9999 -9999 -9999 -9999 -9999 -9999 -9999 -9999 -9999 -9999 -9999 -9999 -9999 -9999 -9999 -9999 -9999 -9999 -9999 -9999 -9999 -9999 -9999 -9999 -9999 -9999 -9999
6.7753E-3 2.58572E-3 3.44391E-3 7.16174E-3 1.54291E-1 9.93125E-1 8.57078E-1 9.4632E-1 6.21674E-1 1.98821E-1 4.78152E-1 6.73932E-1 4.81264E-1 4.7913E-2 3.68742E-2 3.84468E-2 4.66604E-2 2.91239E-1 9.12997E-2 2.60887E-1 1.0843E-1 5.46357E-3 2.45752E-3 3.56005E-4 1.51585E-3 2.64739E-3 1.0007E-2 8.68033E-3 2.82113E-2 2.56468E-2 2.27632E-2 1.37833E-2 2.51833E-2 4.31995E-2 7.89969E-2 3.67201E-2 6.44215E-2 1.95349E-2 -9999 -9999 -9999 -9999 -9999 -9999 -9999 -9999 -9999 -9999 -9999 -9999 -9999 -9999 -9999 -9999 -9999 -9999 -9999 -9999 -9999 -9999 -9999 -9999 -9999 -9999 -9999 -9999 -9999 -9999
7.5834E-3 7.88394E-3 4.51191E-3 4.43752E-3 2.80447E-2 9.10508E-1 9.79979E-1 8.96518E-1 6.58593E-1 2.25482E-1 4.60691E-1 5.36505E-1 6.98386E-1 3.79133E-1 1.08344E-1 7.63487E-2 5.60267E-2 1.60932E-1 9.30455E-2 5.90203E-2 8.55554E-2 8.08752E-2 2.55447E-3 2.32952E-4 2.34674E-4 6.79944E-4 4.54964E-3 5.17314E-3 6.00744E-3 1.50168E-2 6.8877E-3 2.50983E-3 4.96772E-3 1.40825E-2 8.60798E-3 3.41607E-2 5.28255E-2 -9999 -9999 -9999 -9999 -9999 -9999 -9999 -9999 -9999 -9999 -9999 -9999 -9999 -9999 -9999 -9999 -9999 -9999 -9999 -9999 -9999 -9999 -9999 -9999 -9999 -9999 -9999 -9999 -9999 -9999 -9999
1.01264E-1 8.15848E-3 7.06837E-3 1.0453E-2 7.73084E-2 9.27848E-1 8.80809E-1 8.47157E-1 3.58717E-1 3.3213E-1 4.23364E-1 2.72998E-1 3.44477E-1 1.32578E-1 4.53354E-2 3.37615E-2 2.83473E-2 5.24164E-2 8.32449E-2 1.0952E-1 2.53832E-1 9.41912E-2 4.69342E-3 3.3424E-4 1.21057E-3 2.76269E-3 5.08598E-4 8.4039E-4 1.02025E-2 1.90665E-2 1.00068E-2 5.97109E-3 5.91315E-3 1.95085E-3 2.67617E-3 2.07156E-2 3.25544E-2 -9999 -9999 -9999 -9999 -9999 -9999 -9999 -9999 -9999 -9999 -9999 -9999 -9999 -9999 -9999 -9999 -9999 -9999 -9999 -9999 -9999 -9999 -9999 -9999 -9999 -9999 -9999 -9999 -9999 -9999 -9999
2.59909E-2 3.0735E-2 3.23885E-2 6.02843E-2 1.44807E-1 7.18851E-1 9.15849E-1 8.5382E-1 1.789E-1 3.48433E-1 1.34127E-1 2.19585E-1 1.40369E-1 8.0185E-2 2.32017E-2 2.63868E-2 1.38776E-2 2.64759E-2 3.16268E-2 2.33853E-2 1.94232E-2 1.32302E-2 3.7587E-3 2.39141E-4 5.14614E-4 3.2601E-5 2.3825E-4 6.05809E-3 9.75464E-3 1.13815E-2 2.47049E-2 2.67875E-2 9.27173E-4 8.86359E-4 9.72284E-4 2.00352E-2 -9999 -9999 -9999 -9999 -9999 -9999 -9999 -9999 -9999 -9999 -9999 -9999 -9999 -9999 -9999 -9999 -9999 -9999 -9999 -9999 -9999 -9999 -9999 -9999 -9999 -9999 -9999 -9999 -9999 -9999 -9999 -9999
2.47565E-2 9.63553E-3 2.88074E-2 6.35878E-2 1.43005E-1 8.85295E-1 5.58536E-1 7.01662E-1 2.66794E-1 2.07669E-1 9.13594E-2 9.7883E-2 7.45235E-2 5.86578E-2 2.76963E-2 3.79065E-2 2.43823E-2 2.67886E-2 1.95794E-2 1.22424E-2 3.86994E-3 1.30687E-3 1.92096E-4 2.69541E-4 4.69131E-4 9.74325E-5 5.31492E-4 4.44096E-3 3.182E-3 6.4467E-3 2.68709E-3 5.59132E-3 1.30891E-3 2.22233E-3 5.00957E-3 -9999 -9999 -9999 -9999 -9999 -9999 -9999 -9999 -9999 -9999 -9999 -9999 -9999 -9999 -9999 -9999 -9999 -9999 -9999 -9999 -9999 -9999 -9999 -9999 -9999 -9999 -9999 -9999 -9999 -9999 -9999 -9999 -9999
1.90749E-1 7.73237E-2 4.2088E-2 7.38907E-2 2.10432E-1 6.91783E-1 7.62644E-1 4.82253E-1 2.18883E-1 1.11894E-1 7.59443E-2 2.76111E-2 3.18068E-2 3.05608E-2 1.18078E-2 2.6543E-2 4.72585E-2 3.63859E-2 8.89884E-2 1.46327E-2 4.27315E-4 2.66655E-6 3.30912E-6 2.06106E-5 5.34515E-5 6.08343E-5 1.03524E-3 1.20241E-3 8.40579E-4 4.35194E-3 1.20532E-3 8.94171E-4 5.2044E-3 4.21847E-3 3.12001E-3 -9999 -9999 -9999 -9999 -9999 -9999 -9999 -9999 -9999 -9999 -9999 -9999 -9999 -9999 -9999 -9999 -9999 -9999 -9999 -9999 -9999 -9999 -9999 -9999 -9999 -9999 -9999 -9999 -9999 -9999 -9999 -9999 -9999
3.18674E-1 1.00483E-1 7.94255E-2 6.23551E-2 1.72774E-1 6.08905E-1 6.92241E-1 5.89305E-1 2.6973E-1 1.10889E-1 6.04378E-2 3.75649E-2 4.23032E-2 1.49612E-2 2.04956E-2 4.74813E-2 1.88716E-2 2.24472E-2 8.41555E-2 4.58382E-2 8.29497E-5 5.5E-7 5.27843E-7 1.77649E-6 2.29623E-5 1.2867E-4 3.66631E-5 3.79103E-5 4.61143E-4 9.54653E-4 3.29239E-4 5.49401E-4 7.20211E-3 1.20313E-3 -9999 -9999 -9999 -9999 -9999 -9999 -9999 -9999 -9999 -9999 -9999 -9999 -9999 -9999 -9999 -9999 -9999 -9999 -9999 -9999 -9999 -9999 -9999 -9999 -9999 -9999 -9999 -9999 -9999 -9999 -9999 -9999 -9999 -9999
5.11673E-1 3.92615E-1 3.10766E-1 2.52358E-1 3.58779E-1 5.05933E-1 8.06411E-1 5.94454E-1 2.72192E-1 1.79523E-1 1.01283E-1 1.77255E-2 1.91993E-2 7.7638E-3 1.38609E-2 2.51326E-2 1.56834E-2 1.15401E-2 1.82476E-2 2.0475E-2 8.51722E-3 9.11737E-5 1.32646E-5 1.25915E-5 4.22638E-4 6.25003E-5 1.58387E-5 1.92492E-5 1.55645E-4 1.15429E-4 2.12508E-4 1.20788E-3 6.00984E-4 5.15318E-4 -9999 -9999 -9999 -9999 -9999 -9999 -9999 -9999 -9999 -9999 -9999 -9999 -9999 -9999 -9999 -9999 -9999 -9999 -9999 -9999 -9999 -9999 -9999 -9999 -9999 -9999 -9999 -9999 -9999 -9999 -9999 -9999 -9999 -9999
