ENM/Final_Models/M_1_F_q_Set_1_E/Gustavia_santanderiensis_3_Choco.asc
ncols         367
nrows         963
xllcorner     -78.6
yllcorner     0.65
cellsize      0.00833333333333323
NODATA_value  -9999
[rows 864 to 895 of 963, columns 0 to 72 of 367]
-9999 -9999 -9999 -9999 -9999 -9999 -9999 -9999 -9999 -9999 -9999 -9999 -9999 -9999 -9999 -9999 -9999 -9999 -9999 -9999 -9999 -9999 -9999 -9999 -9999 -9999 -9999 -9999 -9999 -9999 -9999 -9999 -9999 -9999 -9999 -9999 -9999 -9999 8.52997E-1 8.14709E-1 8.4903E-1 8.41535E-1 8.57005E-1 8.74914E-1 9.51017E-1 9.00712E-1 8.16549E-1 8.50286E-1 8.62658E-1 8.1303E-1 8.03065E-1 8.17767E-1 8.05554E-1 6.91367E-1 6.35256E-1 6.87768E-1 8.30761E-1 8.88183E-1 9.38592E-1 7.87985E-1 6.70002E-1 8.19937E-1 8.46873E-1 8.33071E-1 9.19856E-1 9.60608E-1 9.64819E-1 9.72165E-1 9.99528E-1 9.97281E-1 9.63401E-1 8.87858E-1 5.03893E-1
-9999 -9999 -9999 -9999 -9999 -9999 -9999 -9999 -9999 -9999 -9999 -9999 -9999 -9999 -9999 -9999 -9999 -9999 -9999 -9999 -9999 -9999 -9999 -9999 -9999 -9999 -9999 -9999 -9999 -9999 -9999 -9999 -9999 -9999 -9999 -9999 -9999 8.33192E-1 8.23502E-1 7.50046E-1 8.22644E-1 7.66661E-1 8.41809E-1 8.73184E-1 9.41874E-1 9.57338E-1 9.17993E-1 8.80433E-1 8.64124E-1 8.95905E-1 7.59764E-1 7.91117E-1 6.53181E-1 7.21374E-1 6.1864E-1 6.03105E-1 7.07148E-1 8.47433E-1 8.71447E-1 8.37328E-1 6.60184E-1 7.14194E-1 8.46222E-1 7.92898E-1 8.69942E-1 8.91571E-1 8.16742E-1 8.41727E-1 9.9886E-1 9.8171E-1 9.41069E-1 8.10599E-1 7.70413E-1
-9999 -9999 -9999 -9999 -9999 -9999 -9999 -9999 -9999 -9999 -9999 -9999 -9999 -9999 -9999 -9999 -9999 -9999 -9999 -9999 -9999 -9999 -9999 -9999 -9999 -9999 -9999 -9999 -9999 -9999 -9999 -9999 -9999 -9999 -9999 -9999 7.1315E-1 8.53417E-1 8.2486E-1 7.66201E-1 7.83824E-1 7.50534E-1 7.99183E-1 8.7436E-1 9.6922E-1 9.16653E-1 8.59588E-1 8.53873E-1 9.14375E-1 8.73069E-1 7.82112E-1 8.46168E-1 8.2414E-1 6.81617E-1 5.88596E-1 6.12738E-1 7.74696E-1 6.99773E-1 8.11952E-1 7.79932E-1 6.52589E-1 6.63231E-1 7.74471E-1 8.14788E-1 7.57407E-1 8.33136E-1 9.23228E-1 9.95604E-1 9.94761E-1 9.88128E-1 9.35448E-1 8.98659E-1 7.95411E-1
-9999 -9999 -9999 -9999 -9999 -9999 -9999 -9999 -9999 -9999 -9999 -9999 -9999 -9999 -9999 -9999 -9999 -9999 -9999 -9999 -9999 -9999 -9999 -9999 -9999 -9999 -9999 -9999 -9999 -9999 -9999 -9999 -9999 -9999 -9999 -9999 7.14954E-1 7.63482E-1 8.42904E-1 7.46661E-1 7.49126E-1 6.8637E-1 7.55871E-1 8.03073E-1 9.30401E-1 8.48931E-1 8.7921E-1 7.9635E-1 8.35591E-1 8.35513E-1 8.02232E-1 7.42541E-1 6.63158E-1 6.95677E-1 5.89837E-1 5.07703E-1 7.57181E-1 6.57478E-1 7.22859E-1 5.8817E-1 6.25017E-1 6.21633E-1 7.33459E-1 6.75717E-1 5.64991E-1 5.80857E-1 6.83335E-1 9.53783E-1 9.88226E-1 9.74368E-1 9.49345E-1 9.80122E-1 9.00755E-1
-9999 -9999 -9999 -9999 -9999 -9999 -9999 -9999 -9999 -9999 -9999 -9999 -9999 -9999 -9999 -9999 -9999 -9999 -9999 -9999 -9999 -9999 -9999 -9999 -9999 -9999 -9999 -9999 -9999 -9999 -9999 -9999 -9999 -9999 -9999 -9999 6.69413E-1 7.0187E-1 7.20707E-1 6.93443E-1 7.1329E-1 7.25673E-1 7.14001E-1 7.89904E-1 8.42077E-1 9.35654E-1 7.07996E-1 7.7697E-1 8.58743E-1 7.90112E-1 6.973E-1 6.70081E-1 4.89315E-1 6.39295E-1 6.17028E-1 5.45052E-1 7.00577E-1 6.08178E-1 6.80116E-1 5.85859E-1 5.78226E-1 6.01621E-1 6.05381E-1 5.85848E-1 5.53399E-1 7.14486E-1 8.78995E-1 8.36376E-1 9.86525E-1 9.80095E-1 9.76167E-1 9.69109E-1 8.79611E-1
-9999 -9999 -9999 -9999 -9999 -9999 -9999 -9999 -9999 -9999 -9999 -9999 -9999 -9999 -9999 -9999 -9999 -9999 -9999 -9999 -9999 -9999 -9999 -9999 -9999 -9999 -9999 -9999 -9999 -9999 -9999 -9999 -9999 -9999 -9999 -9999 6.96483E-1 7.29001E-1 7.04302E-1 6.71677E-1 7.4824E-1 6.81456E-1 6.70814E-1 7.24425E-1 8.27669E-1 9.33927E-1 8.02257E-1 7.56133E-1 7.80007E-1 6.71683E-1 5.83701E-1 6.90043E-1 6.11237E-1 6.12996E-1 4.97964E-1 4.43453E-1 5.2729E-1 7.67456E-1 6.13102E-1 5.11332E-1 4.71559E-1 5.60606E-1 6.29619E-1 5.39761E-1 5.2789E-1 6.78178E-1 6.38546E-1 7.84581E-1 9.08614E-1 9.60808E-1 9.79861E-1 9.50323E-1 9.39086E-1
-9999 -9999 -9999 -9999 -9999 -9999 -9999 -9999 -9999 -9999 -9999 -9999 -9999 -9999 -9999 -9999 -9999 -9999 -9999 -9999 -9999 -9999 -9999 -9999 -9999 -9999 -9999 -9999 -9999 -9999 -9999 -9999 -9999 -9999 -9999 8.94711E-1 8.44694E-1 7.59806E-1 6.96334E-1 7.04487E-1 7.10257E-1 6.18303E-1 6.48946E-1 7.04636E-1 7.47434E-1 9.30713E-1 9.17197E-1 8.84076E-1 8.05423E-1 7.28524E-1 6.40793E-1 6.87784E-1 4.89555E-1 7.01561E-1 5.76245E-1 5.30926E-1 5.6747E-1 6.97582E-1 6.61216E-1 5.8595E-1 4.94278E-1 4.73299E-1 5.36166E-1 4.70166E-1 5.79038E-1 5.98559E-1 7.88221E-1 9.06415E-1 8.04165E-1 9.07556E-1 9.11737E-1 9.73371E-1 9.53127E-1
-9999 -9999 -9999 -9999 -9999 -9999 -9999 -9999 -9999 -9999 -9999 -9999 -9999 -9999 -9999 -9999 -9999 -9999 -9999 -9999 -9999 -9999 -9999 -9999 -9999 -9999 -9999 -9999 -9999 -9999 -9999 -9999 -9999 8.57948E-1 8.04651E-1 7.85557E-1 8.10629E-1 7.68182E-1 7.88059E-1 7.52096E-1 7.0741E-1 7.02458E-1 6.48925E-1 7.14776E-1 7.67021E-1 9.14872E-1 8.60523E-1 7.72793E-1 6.70139E-1 6.60885E-1 6.05517E-1 5.72742E-1 6.75282E-1 4.53952E-1 4.97277E-1 5.09702E-1 5.50936E-1 6.01286E-1 5.96057E-1 5.41865E-1 4.68142E-1 4.33681E-1 4.31289E-1 4.32009E-1 4.55694E-1 5.22678E-1 6.98706E-1 6.61041E-1 9.40531E-1 9.16675E-1 9.30458E-1 9.53379E-1 9.65868E-1
-9999 -9999 -9999 -9999 -9999 -9999 -9999 -9999 -9999 -9999 -9999 -9999 -9999 -9999 -9999 -9999 -9999 -9999 -9999 -9999 -9999 -9999 -9999 -9999 -9999 -9999 -9999 -9999 -9999 -9999 -9999 -9999 8.88469E-1 8.5343E-1 7.70252E-1 8.0096E-1 7.62282E-1 7.5809E-1 7.61881E-1 7.15456E-1 6.64214E-1 6.87911E-1 6.852E-1 6.38934E-1 6.65912E-1 8.46665E-1 8.49875E-1 7.27844E-1 6.89287E-1 6.85448E-1 6.45554E-1 6.07689E-1 5.58571E-1 5.28811E-1 4.83643E-1 4.52274E-1 4.97211E-1 4.31256E-1 4.45783E-1 4.85136E-1 5.0996E-1 3.94921E-1 4.48999E-1 4.04439E-1 4.42822E-1 5.3875E-1 7.00899E-1 8.53112E-1 9.43346E-1 8.85305E-1 8.43791E-1 9.49958E-1 8.50368E-1
-9999 -9999 -9999 -9999 -9999 -9999 -9999 -9999 -9999 -9999 -9999 -9999 -9999 -9999 -9999 -9999 -9999 -9999 -9999 -9999 -9999 -9999 -9999 -9999 -9999 -9999 -9999 -9999 -9999 -9999 -9999 9.07078E-1 9.05773E-1 9.02303E-1 7.3745E-1 7.28305E-1 8.08518E-1 7.79025E-1 7.60845E-1 7.41171E-1 7.13181E-1 6.86649E-1 6.80341E-1 6.55238E-1 6.67038E-1 7.39451E-1 8.30703E-1 7.94546E-1 7.96075E-1 6.12539E-1 5.94752E-1 6.04194E-1 5.33861E-1 4.79576E-1 5.19455E-1 5.71997E-1 4.70685E-1 4.38102E-1 4.04603E-1 4.54834E-1 4.57803E-1 3.90006E-1 4.69E-1 4.4904E-1 4.37795E-1 6.0053E-1 8.50632E-1 8.96839E-1 9.05126E-1 9.07913E-1 8.11135E-1 9.21723E-1 9.12796E-1
-9999 -9999 -9999 -9999 -9999 -9999 -9999 -9999 -9999 -9999 -9999 -9999 -9999 -9999 -9999 -9999 -9999 -9999 -9999 -9999 -9999 -9999 -9999 -9999 -9999 -9999 -9999 -9999 -9999 -9999 8.15069E-1 7.95047E-1 8.61459E-1 7.95822E-1 9.22928E-1 7.96318E-1 7.70466E-1 8.05193E-1 7.49039E-1 7.80982E-1 8.31283E-1 7.78959E-1 7.565E-1 6.43794E-1 6.49757E-1 6.77953E-1 8.18605E-1 8.27096E-1 7.27517E-1 6.32409E-1 6.03108E-1 5.50939E-1 5.18827E-1 4.80224E-1 4.81807E-1 5.38236E-1 4.01411E-1 4.06915E-1 3.08182E-1 4.8825E-1 4.36012E-1 4.23633E-1 4.34802E-1 4.09953E-1 4.90568E-1 6.97475E-1 8.8261E-1 8.50581E-1 9.03142E-1 8.86623E-1 7.46052E-1 7.86417E-1 8.92722E-1
-9999 -9999 -9999 -9999 -9999 -9999 -9999 -9999 -9999 -9999 -9999 -9999 -9999 -9999 -9999 -9999 -9999 -9999 -9999 -9999 -9999 -9999 -9999 -9999 -9999 -9999 -9999 -9999 -9999 8.81992E-1 8.34788E-1 8.14811E-1 8.86183E-1 8.47321E-1 8.84876E-1 8.95654E-1 8.91334E-1 8.25296E-1 7.02585E-1 7.63795E-1 8.63819E-1 7.54633E-1 8.19475E-1 8.55835E-1 7.36911E-1 6.47227E-1 6.89137E-1 7.93893E-1 6.63429E-1 6.04998E-1 5.64053E-1 5.41783E-1 5.20329E-1 4.71539E-1 4.38995E-1 4.66885E-1 5.53622E-1 5.59215E-1 4.19956E-1 4.24469E-1 4.13246E-1 4.09613E-1 4.5213E-1 5.70639E-1 7.11748E-1 8.56534E-1 8.12013E-1 6.95453E-1 8.16926E-1 8.40645E-1 7.55288E-1 7.76224E-1 6.64537E-1
-9999 -9999 -9999 -9999 -9999 -9999 -9999 -9999 -9999 -9999 -9999 -9999 -9999 -9999 -9999 -9999 -9999 -9999 -9999 -9999 -9999 -9999 -9999 -9999 -9999 -9999 -9999 -9999 8.86307E-1 8.00574E-1 8.51447E-1 8.12327E-1 8.06667E-1 8.56436E-1 7.95697E-1 7.99684E-1 9.09358E-1 7.68108E-1 6.71641E-1 6.60791E-1 6.47544E-1 6.06922E-1 6.88059E-1 8.40618E-1 8.88327E-1 6.80568E-1 6.09622E-1 6.60921E-1 6.3596E-1 6.33149E-1 5.41814E-1 5.09322E-1 5.1131E-1 4.7873E-1 4.48254E-1 4.50748E-1 4.95066E-1 4.84599E-1 4.25424E-1 3.83933E-1 4.00505E-1 4.52243E-1 5.98414E-1 6.6472E-1 7.72601E-1 8.07615E-1 6.62976E-1 6.78644E-1 6.21331E-1 6.86633E-1 6.56521E-1 5.95267E-1 5.87904E-1
-9999 -9999 -9999 -9999 -9999 -9999 -9999 -9999 -9999 -9999 -9999 -9999 -9999 -9999 -9999 -9999 -9999 -9999 -9999 -9999 -9999 -9999 -9999 -9999 -9999 -9999 -9999 -9999 9.49333E-1 8.50201E-1 8.09821E-1 8.03444E-1 7.64157E-1 8.50429E-1 7.97161E-1 8.13431E-1 7.71108E-1 7.11905E-1 7.07344E-1 7.93256E-1 7.19871E-1 6.4062E-1 5.81977E-1 7.09935E-1 8.90377E-1 8.47702E-1 7.28287E-1 3.9995E-1 4.61704E-1 5.53143E-1 4.94883E-1 5.00024E-1 4.61214E-1 4.24744E-1 4.63286E-1 4.43136E-1 4.61108E-1 4.32515E-1 4.11146E-1 3.55612E-1 4.02863E-1 4.84267E-1 6.85881E-1 6.55353E-1 6.37074E-1 5.2493E-1 6.00222E-1 6.2502E-1 4.81329E-1 6.9249E-1 7.28289E-1 6.10457E-1 2.95703E-1
-9999 -9999 -9999 -9999 -9999 -9999 -9999 -9999 -9999 -9999 -9999 -9999 -9999 -9999 -9999 -9999 -9999 -9999 -9999 -9999 -9999 -9999 -9999 -9999 -9999 -9999 -9999 -9999 -9999 -9999 -9999 8.50114E-1 7.74207E-1 7.38277E-1 8.30841E-1 7.4579E-1 6.8951E-1 7.31918E-1 7.76107E-1 7.61413E-1 6.26361E-1 6.08596E-1 5.83316E-1 6.42326E-1 6.55645E-1 8.08802E-1 8.59649E-1 7.27328E-1 7.39146E-1 7.61133E-1 5.86609E-1 5.40917E-1 4.84751E-1 4.573E-1 4.72089E-1 4.12143E-1 4.16303E-1 4.33945E-1 3.7102E-1 4.02871E-1 5.55736E-1 5.89857E-1 6.52532E-1 6.36697E-1 4.74884E-1 3.62827E-1 3.02136E-1 3.67157E-1 2.45279E-1 5.2285E-1 6.5696E-1 6.3109E-1 2.30788E-1
-9999 -9999 -9999 -9999 -9999 -9999 -9999 -9999 -9999 -9999 -9999 -9999 -9999 -9999 -9999 -9999 -9999 -9999 -9999 -9999 -9999 -9999 -9999 -9999 -9999 -9999 -9999 -9999 -9999 -9999 -9999 8.06046E-1 7.87615E-1 6.96023E-1 6.8106E-1 7.28222E-1 6.24281E-1 6.2318E-1 5.94155E-1 7.34516E-1 6.74771E-1 5.6174E-1 5.65935E-1 5.51518E-1 5.49228E-1 6.02375E-1 6.35447E-1 4.85809E-1 4.66259E-1 5.84168E-1 7.2151E-1 6.4966E-1 5.63208E-1 4.92502E-1 4.97505E-1 4.76261E-1 3.47358E-1 4.03605E-1 3.93897E-1 5.09495E-1 5.9047E-1 5.6092E-1 4.95774E-1 3.78004E-1 2.33737E-1 1.39536E-1 1.82292E-1 1.43605E-1 1.1643E-1 3.67961E-1 6.08577E-1 5.86338E-1 2.72467E-1
-9999 -9999 -9999 -9999 -9999 -9999 -9999 -9999 -9999 -9999 -9999 -9999 -9999 -9999 -9999 -9999 -9999 -9999 -9999 -9999 -9999 -9999 -9999 -9999 -9999 -9999 -9999 -9999 -9999 -9999 8.40005E-1 7.34832E-1 7.72346E-1 7.09797E-1 6.67641E-1 7.07184E-1 6.41554E-1 6.23667E-1 6.02798E-1 6.70072E-1 7.18527E-1 5.66371E-1 5.37956E-1 5.11397E-1 5.34211E-1 5.98522E-1 5.63442E-1 5.61547E-1 4.61989E-1 5.04013E-1 6.14985E-1 7.63617E-1 6.80822E-1 5.05332E-1 3.61956E-1 4.35534E-1 4.33763E-1 3.7561E-1 3.99066E-1 5.22099E-1 5.40837E-1 3.37832E-1 2.06029E-1 1.64043E-1 8.07807E-2 1.03315E-1 1.29987E-1 1.03281E-1 5.94713E-2 3.09943E-1 6.5741E-1 4.78017E-1 9.68511E-2
-9999 -9999 -9999 -9999 -9999 -9999 -9999 -9999 -9999 -9999 -9999 -9999 -9999 -9999 -9999 -9999 -9999 -9999 -9999 -9999 -9999 -9999 -9999 -9999 -9999 -9999 -9999 -9999 -9999 -9999 7.70701E-1 6.78052E-1 6.71337E-1 6.46616E-1 6.47593E-1 6.45447E-1 7.14763E-1 6.26387E-1 5.78084E-1 5.45785E-1 5.84655E-1 6.08419E-1 5.14096E-1 5.29517E-1 5.09511E-1 5.1702E-1 5.46232E-1 5.34223E-1 5.68311E-1 5.9944E-1 5.91934E-1 6.67239E-1 8.39878E-1 7.44E-1 4.44022E-1 3.94165E-1 4.10575E-1 3.35781E-1 3.71405E-1 4.91071E-1 3.51254E-1 1.71534E-1 6.02965E-2 3.58476E-2 2.6977E-2 3.06151E-2 2.87595E-2 3.11494E-2 6.5545E-2 3.00862E-1 5.59034E-1 2.40685E-1 5.49061E-2
-9999 -9999 -9999 -9999 -9999 -9999 -9999 -9999 -9999 -9999 -9999 -9999 -9999 -9999 -9999 -9999 -9999 -9999 -9999 -9999 -9999 -9999 -9999 -9999 -9999 9.36427E-1 8.75613E-1 8.36775E-1 8.34105E-1 8.91743E-1 8.05558E-1 7.23698E-1 6.69463E-1 6.62955E-1 6.05917E-1 6.202E-1 6.11131E-1 6.57175E-1 6.38615E-1 5.09629E-1 4.56047E-1 5.65315E-1 5.79021E-1 5.32733E-1 5.18379E-1 5.56783E-1 5.72172E-1 5.25059E-1 5.40662E-1 4.77039E-1 5.45653E-1 5.29588E-1 7.18739E-1 6.79128E-1 5.77674E-1 3.69117E-1 3.89389E-1 3.29438E-1 3.5758E-1 4.73696E-1 2.86154E-1 1.0847E-1 1.79718E-2 5.62206E-3 4.70053E-3 2.97374E-3 3.10095E-3 1.58808E-2 1.58429E-1 3.21777E-1 4.09556E-1 3.86957E-1 1.56071E-1
-9999 -9999 -9999 -9999 -9999 -9999 -9999 -9999 -9999 -9999 -9999 -9999 -9999 -9999 -9999 -9999 -9999 -9999 -9999 -9999 -9999 -9999 9.24212E-1 8.91376E-1 8.92786E-1 9.03548E-1 9.40501E-1 8.7342E-1 8.51367E-1 8.82126E-1 8.49117E-1 8.67116E-1 7.75268E-1 6.74953E-1 6.34302E-1 5.90116E-1 5.34583E-1 4.98617E-1 5.61826E-1 5.86103E-1 4.67967E-1 5.09718E-1 5.59397E-1 4.85334E-1 5.04848E-1 5.5327E-1 5.14169E-1 4.76198E-1 4.93307E-1 4.71618E-1 4.76493E-1 4.76372E-1 7.18653E-1 8.10308E-1 6.02442E-1 6.05049E-1 5.64153E-1 5.0229E-1 2.6199E-1 4.10142E-1 1.96179E-1 3.41418E-2 8.67753E-3 4.35373E-3 4.04878E-3 1.9854E-3 1.13686E-3 9.00711E-3 7.85286E-2 1.08919E-1 2.10949E-1 2.84662E-1 1.69981E-1
-9999 -9999 -9999 -9999 -9999 -9999 -9999 -9999 -9999 -9999 -9999 -9999 -9999 -9999 -9999 -9999 -9999 -9999 -9999 -9999 -9999 9.45449E-1 9.9606E-1 9.69063E-1 9.93788E-1 9.9219E-1 9.26977E-1 8.87671E-1 9.42314E-1 8.06939E-1 7.40707E-1 7.94239E-1 6.44179E-1 6.38713E-1 5.81734E-1 5.65953E-1 5.04658E-1 5.15528E-1 5.68791E-1 5.33149E-1 4.81022E-1 4.55213E-1 5.03158E-1 5.06089E-1 4.81783E-1 5.00134E-1 5.26314E-1 4.96411E-1 4.53258E-1 4.39241E-1 4.70255E-1 4.7687E-1 5.97968E-1 6.09525E-1 5.24267E-1 7.09236E-1 6.28348E-1 5.15704E-1 3.56286E-1 3.23477E-1 1.25111E-1 5.63787E-2 1.77197E-2 8.46026E-3 4.005E-3 2.87629E-3 2.34086E-3 7.56994E-3 1.85514E-2 4.56372E-2 6.49879E-2 1.49083E-1 2.20225E-1
-9999 -9999 -9999 -9999 -9999 -9999 -9999 -9999 -9999 -9999 -9999 -9999 -9999 -9999 -9999 -9999 -9999 -9999 -9999 -9999 -9999 9.60332E-1 9.56485E-1 9.47527E-1 9.60005E-1 9.83732E-1 9.94558E-1 9.9196E-1 8.77362E-1 7.36652E-1 7.05055E-1 6.43935E-1 6.36113E-1 7.1118E-1 6.86292E-1 5.76536E-1 5.27737E-1 5.29298E-1 5.49928E-1 4.62924E-1 4.26782E-1 4.65505E-1 4.70659E-1 4.6695E-1 4.81177E-1 5.06083E-1 5.08211E-1 4.43351E-1 4.57995E-1 4.33588E-1 4.00591E-1 4.45623E-1 5.1852E-1 5.39283E-1 4.63818E-1 4.33551E-1 5.84803E-1 4.65096E-1 3.33725E-1 2.69032E-1 2.03369E-1 1.17614E-1 4.12711E-2 1.97231E-2 9.53074E-3 6.07447E-3 6.01126E-3 5.17323E-3 8.76082E-3 1.22081E-2 2.65086E-2 1.56969E-1 1.63826E-1
-9999 -9999 -9999 -9999 -9999 -9999 -9999 -9999 -9999 -9999 -9999 -9999 -9999 -9999 -9999 -9999 -9999 -9999 -9999 -9999 -9999 9.81746E-1 9.31056E-1 9.38612E-1 9.62333E-1 9.66933E-1 9.92596E-1 9.91301E-1 9.74133E-1 7.2912E-1 7.5646E-1 7.10093E-1 6.29479E-1 6.69873E-1 6.8375E-1 6.08695E-1 5.46444E-1 4.3427E-1 4.62124E-1 4.86383E-1 4.5675E-1 4.53326E-1 4.48964E-1 4.55363E-1 4.71676E-1 5.13161E-1 5.12558E-1 4.70872E-1 4.1708E-1 4.33874E-1 3.92795E-1 4.30903E-1 4.11861E-1 4.19975E-1 3.44963E-1 3.39343E-1 6.04877E-1 5.14517E-1 3.6859E-1 2.32675E-1 2.6136E-1 1.37905E-1 5.78708E-2 2.67868E-2 1.76591E-2 1.0903E-2 8.05852E-3 4.26408E-3 5.93207E-3 1.14699E-2 2.16862E-2 1.18817E-1 1.14345E-1
-9999 -9999 -9999 -9999 -9999 -9999 -9999 -9999 -9999 -9999 -9999 -9999 -9999 -9999 -9999 -9999 -9999 -9999 -9999 -9999 -9999 -9999 9.67038E-1 8.64017E-1 9.42683E-1 9.40573E-1 9.4105E-1 9.7161E-1 9.82707E-1 9.67158E-1 9.24583E-1 9.20775E-1 8.85029E-1 7.28733E-1 6.36863E-1 6.69828E-1 5.67083E-1 4.91711E-1 4.5366E-1 4.8389E-1 4.36679E-1 4.3207E-1 4.38627E-1 4.57222E-1 4.80462E-1 4.79287E-1 4.54175E-1 4.6045E-1 4.26501E-1 4.85646E-1 4.717E-1 4.10013E-1 4.05274E-1 3.99514E-1 3.30761E-1 3.47435E-1 4.63239E-1 5.6361E-1 5.6765E-1 4.44126E-1 2.76376E-1 1.40142E-1 4.80663E-2 1.62311E-2 1.24377E-2 1.1403E-2 6.38226E-3 5.44635E-3 5.58994E-3 8.88553E-3 1.6445E-2 4.97824E-2 4.07144E-2
-9999 -9999 -9999 -9999 -9999 -9999 -9999 -9999 -9999 -9999 -9999 -9999 -9999 -9999 -9999 -9999 -9999 -9999 -9999 -9999 -9999 -9999 9.58753E-1 9.63778E-1 8.906E-1 8.62734E-1 8.05865E-1 8.12458E-1 9.65505E-1 9.95859E-1 9.96986E-1 9.65465E-1 8.90481E-1 6.30414E-1 8.02547E-1 7.16192E-1 6.16382E-1 5.20584E-1 4.71434E-1 4.77866E-1 4.40345E-1 4.48411E-1 5.69018E-1 4.11028E-1 4.17166E-1 4.53413E-1 4.68696E-1 5.01619E-1 4.70521E-1 4.65084E-1 4.3789E-1 4.3714E-1 4.01309E-1 2.9369E-1 1.67652E-1 1.62569E-1 2.22646E-1 3.15649E-1 5.71896E-1 4.41858E-1 3.1733E-1 1.69058E-1 5.58944E-2 3.08095E-2 1.86043E-2 1.59472E-2 1.34265E-2 9.66599E-3 4.55357E-3 4.93516E-3 9.93571E-3 1.92047E-2 1.45083E-2
-9999 -9999 -9999 -9999 -9999 -9999 -9999 -9999 -9999 -9999 -9999 -9999 -9999 -9999 -9999 -9999 -9999 -9999 -9999 -9999 -9999 -9999 8.46153E-1 9.44416E-1 9.43605E-1 9.44248E-1 9.38319E-1 7.90328E-1 8.0341E-1 9.13169E-1 9.61123E-1 9.75198E-1 9.57518E-1 7.83017E-1 8.20652E-1 6.74186E-1 6.39431E-1 5.14317E-1 4.90586E-1 4.68527E-1 5.09361E-1 7.21567E-1 5.40721E-1 7.10819E-1 7.46208E-1 7.22535E-1 7.36138E-1 5.86628E-1 5.00134E-1 4.64058E-1 4.92697E-1 4.43097E-1 3.68107E-1 2.31554E-1 9.32735E-2 4.33135E-2 4.56275E-2 1.89616E-1 4.77502E-1 4.88725E-1 3.72586E-1 2.39846E-1 1.44126E-1 7.03941E-2 3.37075E-2 2.1146E-2 1.50147E-2 1.06222E-2 6.47147E-3 3.70624E-3 5.23E-3 4.72173E-3 1.00946E-2
-9999 -9999 -9999 -9999 -9999 -9999 -9999 -9999 -9999 -9999 -9999 -9999 -9999 -9999 -9999 -9999 -9999 -9999 -9999 -9999 -9999 -9999 8.76223E-1 9.43038E-1 9.45071E-1 9.64981E-1 9.41284E-1 8.93561E-1 8.36835E-1 9.24282E-1 9.5119E-1 9.3064E-1 9.55705E-1 9.86947E-1 9.91323E-1 9.87034E-1 9.55121E-1 7.27658E-1 6.45274E-1 5.61283E-1 7.75484E-1 9.09589E-1 8.28212E-1 8.93642E-1 8.90714E-1 8.66775E-1 6.53654E-1 4.67016E-1 4.74306E-1 4.2052E-1 3.84284E-1 4.02226E-1 2.99407E-1 1.90447E-1 5.30911E-2 8.45758E-3 1.80817E-2 8.91769E-2 3.19278E-1 5.62676E-1 4.66069E-1 1.82762E-1 1.06685E-1 5.9213E-2 2.91249E-2 1.98872E-2 1.09908E-2 1.00889E-2 1.04814E-2 1.1394E-2 1.6881E-2 2.31092E-2 1.62307E-2
-9999 -9999 -9999 -9999 -9999 -9999 -9999 -9999 -9999 -9999 -9999 -9999 -9999 -9999 -9999 -9999 -9999 -9999 -9999 -9999 -9999 -9999 -9999 8.19468E-1 8.73886E-1 9.43823E-1 9.39365E-1 9.22883E-1 9.33285E-1 8.95889E-1 9.26172E-1 9.44256E-1 9.50033E-1 8.66544E-1 9.75006E-1 9.72517E-1 9.85267E-1 9.48211E-1 8.99253E-1 8.50476E-1 9.85885E-1 9.67757E-1 8.6128E-1 8.82769E-1 6.72206E-1 6.07545E-1 5.64901E-1 4.74781E-1 4.61314E-1 3.85219E-1 2.91912E-1 2.79055E-1 2.57115E-1 1.45794E-1 3.84907E-2 4.05337E-3 1.93661E-2 1.28325E-1 3.80765E-1 5.71051E-1 4.45366E-1 1.71696E-1 3.8355E-2 2.28847E-2 1.93865E-2 1.72048E-2 3.6088E-2 2.67899E-2 2.19589E-2 5.75476E-2 2.88533E-2 1.1247E-2 1.14945E-2
-9999 -9999 -9999 -9999 -9999 -9999 -9999 -9999 -9999 -9999 -9999 -9999 -9999 -9999 -9999 -9999 -9999 -9999 -9999 -9999 -9999 -9999 -9999 8.77532E-1 8.36864E-1 8.27033E-1 8.98646E-1 7.98285E-1 8.7315E-1 9.2411E-1 9.07622E-1 8.87906E-1 9.67957E-1 9.65416E-1 9.59327E-1 9.44041E-1 9.62678E-1 9.71587E-1 9.77843E-1 9.83217E-1 9.71101E-1 9.70621E-1 9.44256E-1 7.53236E-1 7.83211E-1 6.48029E-1 7.83924E-1 5.7351E-1 4.49588E-1 3.64588E-1 3.16376E-1 2.6616E-1 1.68999E-1 8.37166E-2 2.54191E-2 6.60315E-3 1.87514E-2 8.62675E-2 3.72397E-1 4.48126E-1 5.05156E-1 2.36897E-1 4.38661E-2 2.45931E-2 4.08938E-2 1.74954E-1 1.37238E-1 9.37549E-2 1.83745E-1 1.36727E-1 4.96322E-2 1.05083E-2 3.0481E-3
-9999 -9999 -9999 -9999 -9999 -9999 -9999 -9999 -9999 -9999 -9999 -9999 -9999 -9999 -9999 -9999 -9999 -9999 -9999 -9999 -9999 -9999 -9999 -9999 -9999 7.97495E-1 8.22029E-1 8.34769E-1 7.80266E-1 9.17725E-1 8.77134E-1 8.01706E-1 9.02265E-1 9.43814E-1 9.29077E-1 8.98735E-1 8.52415E-1 7.84455E-1 8.08976E-1 9.65992E-1 8.66313E-1 9.32988E-1 9.79094E-1 9.25595E-1 9.18491E-1 8.24507E-1 8.08353E-1 6.62606E-1 4.97824E-1 4.2734E-1 3.67173E-1 3.13002E-1 2.25695E-1 1.05255E-1 4.08382E-2 1.26803E-2 4.08743E-2 1.15248E-1 3.19905E-1 3.639E-1 5.0834E-1 3.47732E-1 8.75085E-2 5.69172E-2 1.4051E-1 2.92629E-1 2.2151E-1 1.66113E-1 2.36394E-1 2.06815E-1 1.80914E-1 4.84357E-2 2.71239E-2
-9999 -9999 -9999 -9999 -9999 -9999 -9999 -9999 -9999 -9999 -9999 -9999 -9999 -9999 -9999 -9999 -9999 -9999 -9999 -9999 -9999 8.42431E-1 8.57069E-1 -9999 -9999 7.53058E-1 7.0846E-1 7.45243E-1 7.6111E-1 7.70651E-1 8.28931E-1 7.60607E-1 8.34783E-1 8.91271E-1 8.87485E-1 7.50105E-1 6.73143E-1 6.63569E-1 6.80542E-1 8.28964E-1 6.98151E-1 7.71121E-1 9.14591E-1 9.73134E-1 9.03204E-1 8.18482E-1 7.54376E-1 4.2542E-1 5.07288E-1 4.65794E-1 3.84157E-1 3.29003E-1 2.15005E-1 8.15215E-2 3.8356E-2 1.49104E-2 5.31061E-2 1.8849E-1 3.13399E-1 4.35103E-1 4.17724E-1 4.26099E-1 1.93451E-1 3.17861E-1 3.35341E-1 3.58697E-1 2.9934E-1 2.53356E-1 1.52514E-1 6.74158E-2 1.76292E-1 1.46687E-1 1.00848E-1
-9999 -9999 -9999 -9999 -9999 -9999 -9999 -9999 -9999 -9999 -9999 -9999 -9999 -9999 -9999 -9999 -9999 -9999 -9999 -9999 -9999 7.27707E-1 7.15029E-1 7.50762E-1 7.51242E-1 7.12001E-1 6.63663E-1 6.12876E-1 7.04527E-1 6.74614E-1 6.68443E-1 6.72426E-1 7.19894E-1 8.34707E-1 8.89145E-1 7.77234E-1 6.59687E-1 5.06504E-1 5.16791E-1 6.07294E-1 4.37414E-1 5.58867E-1 7.48041E-1 9.28448E-1 8.07513E-1 5.26736E-1 4.75796E-1 4.05596E-1 4.64167E-1 4.38551E-1 3.74969E-1 3.31908E-1 1.78425E-1 8.95827E-2 1.53883E-2 7.50635E-3 2.97221E-2 1.64639E-1 4.00721E-1 5.1419E-1 2.95439E-1 3.30913E-1 3.59517E-1 1.95653E-1 1.80906E-1 1.76381E-1 2.07183E-1 1.60968E-1 1.93287E-2 6.31323E-3 4.47719E-2 9.40325E-2 1.39645E-1
