ENM/Final_Models/M_1_F_q_Set_1_E/Gustavia_santanderiensis_Choco_max.asc
ncols         367
nrows         963
xllcorner     -78.6
yllcorner     0.65
cellsize      0.00833333333333323
NODATA_value  -9999
[rows 646 to 679 of 963, columns 154 to 230 of 367]
1E0 1E0 1E0 1E0 1E0 1E0 1E0 1E0 1E0 1E0 1E0 1E0 1E0 1E0 1E0 9.9999E-1 9.99952E-1 9.9643E-1 9.99981E-1 9.98887E-1 9.85471E-1 9.99962E-1 1E0 1E0 1E0 1E0 1E0 1E0 1E0 1E0 1E0 1E0 1E0 9.99996E-1 1E0 9.99941E-1 9.99962E-1 9.69076E-1 9.24974E-1 4.92174E-1 3.3961E-1 1.03263E-1 3.38824E-2 7.45379E-2 4.0676E-2 5.72792E-2 5.94293E-2 5.68369E-2 4.38038E-2 1.98147E-2 5.72412E-2 9.06044E-3 6.14605E-3 3.39433E-3 2.32138E-3 1.7417E-3 -9999 -9999 -9999 -9999 -9999 -9999 1.68246E-3 5.27498E-4 1.03742E-3 5.43473E-4 5.52815E-4 3.96846E-4 4.82648E-4 3.63975E-4 3.7029E-4 5.28564E-4 9.93162E-4 -9999 -9999 -9999 -9999
1E0 1E0 1E0 1E0 1E0 1E0 1E0 1E0 1E0 1E0 1E0 1E0 1E0 1E0 1E0 1E0 9.99912E-1 9.89552E-1 9.95602E-1 7.96943E-1 9.06503E-1 9.98881E-1 1E0 1E0 1E0 1E0 1E0 1E0 1E0 1E0 1E0 1E0 1E0 1E0 9.99991E-1 9.99885E-1 1E0 9.99955E-1 9.99996E-1 5.38858E-1 5.35896E-2 2.12553E-2 1.782E-2 1.23793E-2 7.05904E-2 1.76487E-1 8.24935E-2 4.20733E-2 4.77999E-2 5.50241E-2 4.58122E-2 1.50097E-2 1.71364E-2 1.22538E-2 3.27772E-3 3.80142E-3 -9999 -9999 -9999 -9999 -9999 -9999 1.07598E-3 7.12874E-4 3.65631E-4 2.462E-4 4.87487E-4 5.56525E-4 5.32442E-4 3.5767E-4 5.85987E-4 8.75985E-4 -9999 -9999 -9999 -9999 -9999
1E0 1E0 1E0 1E0 1E0 1E0 1E0 1E0 1E0 1E0 1E0 1E0 1E0 1E0 1E0 9.99982E-1 9.99973E-1 9.97601E-1 9.17474E-1 9.5888E-1 9.9536E-1 9.99467E-1 9.41385E-1 9.09303E-1 9.98892E-1 1E0 9.99996E-1 1E0 1E0 1E0 1E0 1E0 1E0 1E0 1E0 1E0 1E0 9.99974E-1 8.3369E-1 1.15823E-1 1.56019E-1 8.44324E-2 7.76802E-3 8.67205E-3 2.47898E-2 1.63807E-2 1.15885E-2 1.48526E-2 2.38314E-2 5.51285E-2 7.76647E-2 8.33173E-2 3.5298E-2 2.40535E-2 8.95361E-3 6.76702E-3 -9999 -9999 -9999 -9999 -9999 3.96299E-3 1.48834E-3 9.03318E-4 5.50437E-4 2.18799E-4 1.6575E-4 3.29023E-4 7.85859E-5 1.25883E-4 8.10942E-4 -9999 -9999 -9999 -9999 -9999 -9999
1E0 1E0 1E0 1E0 1E0 1E0 1E0 1E0 1E0 1E0 1E0 1E0 1E0 1E0 1E0 1E0 1E0 9.99936E-1 9.71721E-1 9.99351E-1 1E0 9.88979E-1 9.95259E-1 8.78667E-1 6.25666E-1 1E0 1E0 9.94613E-1 6.89014E-1 4.71647E-1 8.46498E-1 1E0 9.99996E-1 1E0 1E0 1E0 1E0 9.28839E-1 1.91915E-1 3.57994E-2 3.42878E-2 1.99325E-2 1.49956E-2 1.07513E-2 8.40863E-3 1.61578E-2 1.65611E-2 3.56634E-2 3.0689E-2 2.6123E-2 3.18217E-2 8.24436E-2 6.64915E-2 4.36514E-2 3.2549E-2 1.89602E-2 -9999 -9999 -9999 -9999 -9999 6.40615E-3 4.98629E-3 2.27033E-3 1.02189E-3 3.12154E-4 2.12693E-4 1.791E-4 2.99577E-4 6.01478E-4 -9999 -9999 -9999 -9999 -9999 -9999 -9999
1E0 1E0 1E0 1E0 1E0 1E0 1E0 1E0 1E0 1E0 1E0 1E0 1E0 1E0 1E0 1E0 1E0 9.99956E-1 1E0 1E0 1E0 9.88576E-1 9.26962E-1 9.44113E-1 9.99618E-1 9.99604E-1 9.9997E-1 1E0 1E0 1E0 1E0 1E0 9.98526E-1 9.98433E-1 9.99941E-1 9.99931E-1 1E0 5.49914E-1 7.48813E-2 4.08476E-2 2.35814E-2 2.96041E-2 1.76425E-2 3.57654E-3 2.45885E-3 7.05723E-3 2.38867E-2 1.05723E-2 2.38981E-2 1.27255E-2 2.75608E-2 3.96828E-2 5.01359E-2 2.2077E-2 3.07551E-2 4.8609E-2 -9999 -9999 -9999 -9999 -9999 3.60425E-3 4.29823E-3 9.31836E-4 3.89228E-4 9.49673E-4 5.56526E-4 1.08422E-3 7.62985E-4 5.85678E-4 -9999 -9999 -9999 -9999 -9999 -9999 -9999
1E0 1E0 1E0 1E0 1E0 1E0 1E0 1E0 1E0 1E0 1E0 1E0 1E0 1E0 1E0 1E0 1E0 1E0 1E0 1E0 1E0 1E0 1E0 1E0 1E0 9.99997E-1 9.99916E-1 1E0 1E0 1E0 9.97666E-1 9.99958E-1 9.97747E-1 9.31533E-1 1E0 1E0 1E0 1E0 1.69928E-1 1.50399E-1 1.01958E-1 3.74016E-2 1.79612E-2 3.02139E-2 3.62276E-3 1.86084E-2 1.3207E-1 1.14889E-1 1.39618E-1 1.68722E-1 4.62969E-2 2.44575E-2 3.16803E-2 2.73889E-2 1.8148E-2 2.61409E-2 2.37001E-2 -9999 -9999 -9999 6.91056E-3 4.22771E-3 3.24984E-3 6.426E-4 2.40621E-4 4.33581E-4 3.72818E-4 7.1635E-4 2.72538E-4 -9999 -9999 -9999 -9999 -9999 -9999 -9999 -9999
1E0 1E0 1E0 1E0 1E0 1E0 1E0 1E0 1E0 1E0 1E0 1E0 1E0 1E0 1E0 1E0 1E0 1E0 1E0 1E0 1E0 9.99992E-1 9.99997E-1 1E0 9.99777E-1 1E0 1E0 1E0 1E0 1E0 8.31235E-1 8.49336E-1 9.3028E-1 9.64527E-1 9.61785E-1 9.4322E-1 9.95248E-1 9.98285E-1 2.91503E-1 2.65001E-1 1.9649E-1 9.30282E-2 2.62752E-2 3.16826E-2 3.24104E-2 4.63162E-2 6.03057E-2 9.01012E-2 1.45188E-1 1.28227E-1 1.95233E-2 1.86627E-2 6.24494E-2 3.88466E-2 2.96311E-2 1.98333E-2 1.74796E-2 -9999 -9999 -9999 1.35011E-3 1.47569E-3 1.26901E-3 9.49008E-4 7.11956E-4 6.55787E-4 1.46088E-3 1.59306E-3 3.11335E-4 -9999 -9999 -9999 -9999 -9999 -9999 -9999 -9999
1E0 1E0 1E0 1E0 1E0 1E0 1E0 1E0 1E0 1E0 1E0 1E0 1E0 1E0 1E0 1E0 1E0 1E0 1E0 1E0 1E0 9.9999E-1 1E0 1E0 1E0 1E0 1E0 1E0 1E0 9.99926E-1 9.816E-1 5.39317E-1 3.18492E-1 4.62032E-1 2.85342E-1 4.53274E-1 7.8022E-1 9.5811E-1 9.92417E-2 1.35032E-1 2.5252E-1 1.60226E-1 8.56373E-2 6.93896E-2 4.19662E-2 4.27029E-2 6.27982E-2 5.95835E-2 1.93832E-1 1.67111E-1 8.13771E-2 8.82585E-2 1.60951E-1 7.03541E-2 3.84525E-2 3.25094E-2 4.32596E-2 2.56172E-2 8.08817E-3 3.20865E-3 2.90138E-3 1.29098E-3 8.66919E-4 4.69691E-4 7.57481E-4 9.72384E-4 2.01976E-3 5.98415E-4 -9999 -9999 -9999 -9999 -9999 -9999 -9999 -9999 -9999
1E0 1E0 1E0 1E0 1E0 1E0 1E0 1E0 1E0 1E0 1E0 1E0 1E0 1E0 1E0 1E0 9.99984E-1 9.99958E-1 1E0 1E0 1E0 1E0 1E0 1E0 1E0 1E0 1E0 1E0 1E0 1E0 9.9984E-1 7.49381E-1 1.94436E-1 1.09229E-1 1.29855E-1 1.92452E-1 2.14663E-1 1.58295E-1 1.35526E-2 6.71991E-2 1.32814E-1 2.10282E-1 1.15122E-1 1.00898E-1 9.36756E-2 4.16412E-2 3.32901E-2 5.78665E-2 2.73323E-1 2.71574E-1 1.86765E-1 1.77528E-1 2.29946E-1 1.50449E-1 1.83657E-1 2.00685E-1 6.94708E-2 2.02599E-2 7.62629E-3 4.61504E-3 3.54959E-3 1.37002E-3 1.39379E-3 5.9636E-4 2.92276E-4 5.20264E-4 2.11508E-3 2.74884E-3 -9999 -9999 -9999 -9999 -9999 -9999 -9999 -9999 -9999
1E0 1E0 1E0 1E0 1E0 1E0 1E0 1E0 1E0 1E0 1E0 1E0 1E0 1E0 1E0 1E0 9.99979E-1 9.9988E-1 9.99996E-1 1E0 1E0 1E0 1E0 1E0 1E0 1E0 1E0 1E0 1E0 1E0 1E0 9.88139E-1 7.85589E-1 1.93948E-1 7.1769E-2 4.68959E-2 2.81886E-2 9.9759E-3 1.34831E-2 1.7948E-2 5.25562E-2 6.72173E-2 8.50622E-2 1.30203E-1 1.16119E-1 6.14338E-2 1.01323E-1 1.06079E-1 3.04087E-1 3.30348E-1 3.34011E-1 4.35158E-1 2.97821E-1 3.51718E-1 3.68133E-1 3.31988E-1 2.05215E-1 1.07711E-1 4.64925E-2 2.51392E-2 7.3647E-3 2.03785E-3 5.1774E-4 2.85537E-4 4.1308E-4 4.242E-4 2.4924E-3 3.36229E-3 -9999 -9999 -9999 -9999 -9999 -9999 -9999 -9999 -9999
1E0 1E0 1E0 1E0 1E0 1E0 1E0 1E0 1E0 1E0 1E0 1E0 1E0 1E0 1E0 1E0 1E0 9.99979E-1 1E0 1E0 1E0 1E0 1E0 1E0 1E0 1E0 1E0 1E0 1E0 1E0 1E0 9.99904E-1 9.61421E-1 8.12211E-1 6.13637E-1 4.38836E-2 2.05218E-2 2.73978E-2 1.40069E-2 9.99109E-2 9.23812E-2 5.06543E-2 3.54925E-2 3.96239E-2 5.96164E-2 4.16786E-2 6.61421E-2 3.72355E-1 3.53072E-1 3.52947E-1 3.52184E-1 5.0627E-1 4.12166E-1 1.34736E-1 1.10909E-1 7.73662E-2 1.50102E-1 5.41821E-2 1.8681E-2 1.59735E-2 3.85085E-3 7.36425E-4 5.43088E-4 9.11765E-4 1.44306E-3 2.17412E-3 3.66108E-3 -9999 -9999 -9999 -9999 -9999 -9999 -9999 -9999 -9999 -9999
1E0 1E0 1E0 1E0 1E0 1E0 1E0 1E0 1E0 1E0 1E0 1E0 1E0 1E0 1E0 1E0 1E0 1E0 1E0 1E0 1E0 1E0 1E0 1E0 9.99942E-1 1E0 1E0 1E0 1E0 1E0 1E0 9.90687E-1 9.9798E-1 9.81922E-1 9.80139E-1 6.88096E-1 4.46477E-2 8.24244E-2 2.69635E-1 8.42636E-1 3.50354E-1 1.41008E-1 1.04001E-1 5.06259E-2 5.89931E-2 1.35772E-1 9.84224E-2 2.88138E-1 4.13067E-1 3.7556E-1 3.51136E-1 2.34848E-1 1.57421E-1 1.95495E-1 8.88808E-2 1.852E-2 3.67923E-2 2.46005E-2 1.55901E-2 6.64544E-3 1.26746E-3 2.94594E-4 3.09652E-4 4.37611E-4 4.03847E-4 8.46456E-4 3.3274E-3 -9999 -9999 -9999 -9999 -9999 -9999 -9999 -9999 -9999 -9999
1E0 1E0 1E0 1E0 1E0 1E0 1E0 1E0 1E0 1E0 1E0 1E0 1E0 1E0 1E0 1E0 1E0 9.99167E-1 9.9981E-1 1E0 1E0 1E0 1E0 9.99966E-1 9.99939E-1 1E0 1E0 1E0 1E0 1E0 1E0 9.99073E-1 9.99999E-1 1E0 9.99883E-1 9.99999E-1 1.96036E-1 3.66887E-1 9.875E-1 8.05728E-1 3.90592E-1 1.95138E-1 1.55539E-1 2.07182E-1 5.58118E-1 6.49072E-1 2.15785E-1 3.51044E-1 3.92736E-1 3.70546E-1 2.2609E-1 1.15974E-1 8.90893E-2 9.89109E-2 4.79705E-2 1.83E-2 1.1744E-2 1.58767E-2 1.33818E-2 1.58206E-3 1.33605E-3 1.30733E-3 9.84838E-4 3.05462E-4 1.79759E-4 2.5425E-4 -9999 -9999 -9999 -9999 -9999 -9999 -9999 -9999 -9999 -9999 -9999
1E0 1E0 1E0 1E0 1E0 1E0 1E0 1E0 1E0 1E0 1E0 1E0 1E0 1E0 1E0 1E0 1E0 1E0 9.99998E-1 1E0 1E0 9.99998E-1 9.99977E-1 9.9078E-1 9.98727E-1 1E0 1E0 1E0 1E0 1E0 1E0 1E0 1E0 1E0 1E0 1E0 9.02528E-1 9.91515E-1 9.99995E-1 6.7575E-1 2.07868E-1 1.58506E-1 1.64385E-1 4.16884E-1 9.84751E-1 7.96254E-1 3.9471E-1 3.05722E-1 4.06696E-1 2.73095E-1 2.04894E-1 9.64133E-2 2.73336E-2 1.43003E-2 1.67879E-2 1.27818E-2 4.23273E-3 9.02436E-3 6.77843E-3 3.77029E-3 2.71544E-3 8.40892E-4 3.19252E-4 4.60525E-4 5.58808E-4 4.63317E-4 -9999 -9999 -9999 -9999 -9999 -9999 -9999 -9999 -9999 -9999 -9999
1E0 1E0 1E0 1E0 1E0 1E0 1E0 1E0 1E0 1E0 1E0 1E0 1E0 1E0 1E0 1E0 1E0 1E0 1E0 9.99994E-1 1E0 1E0 9.99993E-1 9.99488E-1 9.99992E-1 1E0 9.85443E-1 1E0 1E0 1E0 1E0 1E0 1E0 1E0 1E0 1E0 6.83381E-1 6.70418E-1 6.48934E-1 2.25983E-1 1.62366E-1 1.60684E-1 1.16767E-1 2.27467E-1 3.65411E-1 1.7084E-1 4.40646E-1 3.71255E-1 4.68445E-1 4.56102E-1 2.65796E-1 1.06864E-1 5.37259E-2 2.08916E-2 9.24255E-3 1.14939E-2 5.20048E-3 3.30821E-3 4.00138E-3 2.08862E-3 3.68282E-3 9.77659E-4 1.54386E-3 7.63338E-4 8.33841E-4 1.1386E-3 -9999 -9999 -9999 -9999 -9999 -9999 -9999 -9999 -9999 -9999 -9999
1E0 1E0 1E0 1E0 1E0 1E0 1E0 1E0 1E0 1E0 1E0 1E0 1E0 1E0 1E0 1E0 1E0 1E0 1E0 9.85276E-1 9.97372E-1 1E0 1E0 1E0 1E0 1E0 9.99995E-1 1E0 1E0 1E0 9.92763E-1 1E0 1E0 9.44747E-1 7.83183E-1 4.17176E-1 1.41185E-1 2.33788E-1 3.57728E-1 1.64962E-1 1.20043E-1 1.00198E-1 1.22395E-1 2.28297E-1 3.31686E-1 4.08444E-1 5.4661E-1 4.13447E-1 7.13606E-1 6.03166E-1 2.64376E-1 1.56888E-1 6.56893E-2 2.97077E-2 6.72273E-3 1.45894E-2 5.34419E-3 6.69723E-3 7.84633E-3 1.25162E-2 9.1762E-3 2.94266E-3 3.18244E-3 3.55154E-3 3.29563E-3 -9999 -9999 -9999 -9999 -9999 -9999 -9999 -9999 -9999 -9999 -9999 -9999
1E0 1E0 1E0 1E0 1E0 1E0 1E0 1E0 1E0 1E0 1E0 1E0 1E0 1E0 1E0 1E0 1E0 1E0 1E0 1E0 1E0 1E0 1E0 1E0 1E0 1E0 1E0 1E0 1E0 9.99983E-1 9.99961E-1 9.98398E-1 1E0 9.80621E-1 8.66683E-1 8.81216E-1 9.86343E-1 9.67036E-1 9.50167E-1 3.56035E-1 5.06232E-1 2.15412E-1 2.78522E-1 3.37434E-1 4.5785E-1 6.80026E-1 6.04611E-1 6.2739E-1 7.05226E-1 3.45032E-1 2.67459E-1 1.52376E-1 4.70308E-2 2.54649E-2 1.18407E-2 2.10365E-2 1.59472E-2 3.60206E-2 5.7923E-2 1.42692E-2 5.70228E-3 1.97478E-3 3.43205E-3 2.24917E-3 1.67618E-3 -9999 -9999 -9999 -9999 -9999 -9999 -9999 -9999 -9999 -9999 -9999 -9999
1E0 1E0 1E0 1E0 1E0 1E0 1E0 1E0 1E0 1E0 1E0 1E0 1E0 1E0 1E0 1E0 1E0 1E0 1E0 1E0 1E0 1E0 1E0 1E0 1E0 1E0 1E0 1E0 1E0 9.9982E-1 9.78148E-1 9.89792E-1 9.99998E-1 7.26166E-1 9.98521E-1 9.91673E-1 3.35965E-1 8.12533E-1 9.60542E-1 9.39007E-1 4.53939E-1 1.42964E-1 2.78168E-1 6.2516E-1 8.37526E-1 8.3253E-1 7.13069E-1 9.05941E-1 6.06701E-1 5.37004E-1 3.11624E-1 2.02272E-1 4.183E-2 5.04315E-2 3.51095E-2 6.36081E-2 2.35759E-2 6.27272E-2 4.16217E-2 2.4727E-2 8.03054E-3 2.96327E-3 3.64976E-3 3.22775E-3 3.45875E-3 -9999 -9999 -9999 -9999 -9999 -9999 -9999 -9999 -9999 -9999 -9999 -9999
1E0 1E0 1E0 1E0 1E0 1E0 1E0 1E0 1E0 1E0 1E0 1E0 1E0 1E0 1E0 1E0 1E0 1E0 1E0 1E0 1E0 1E0 1E0 1E0 1E0 1E0 1E0 9.99999E-1 9.99948E-1 9.88382E-1 8.03686E-1 9.60957E-1 9.87747E-1 9.94686E-1 8.76198E-1 9.31935E-1 3.91721E-1 7.02703E-1 9.1944E-1 9.81047E-1 9.07252E-1 4.20107E-1 3.80586E-1 5.56174E-1 7.61865E-1 8.09667E-1 9.54173E-1 8.07516E-1 3.78517E-1 4.46453E-1 5.61413E-1 3.42859E-1 2.227E-1 2.45257E-1 5.04892E-2 6.97451E-2 1.23844E-1 7.68271E-2 2.55017E-2 3.82614E-3 3.05884E-3 4.58287E-3 3.85646E-3 4.29547E-3 6.83658E-3 -9999 -9999 -9999 -9999 -9999 -9999 -9999 -9999 -9999 -9999 -9999 -9999
1E0 1E0 1E0 1E0 1E0 1E0 1E0 1E0 1E0 1E0 1E0 1E0 1E0 1E0 1E0 1E0 1E0 1E0 1E0 1E0 1E0 9.99997E-1 1E0 1E0 1E0 1E0 1E0 1E0 1E0 9.99999E-1 9.94004E-1 8.12447E-1 5.81712E-1 4.06333E-1 1.69457E-1 7.25416E-1 5.29243E-1 4.98221E-1 6.74614E-1 9.09611E-1 9.94704E-1 6.14139E-1 5.79411E-1 5.12536E-1 5.79207E-1 6.44488E-1 9.59915E-1 9.31734E-1 8.31119E-1 4.98278E-1 4.80878E-1 6.52504E-1 3.42799E-1 2.24723E-1 3.19049E-1 1.97348E-1 1.79966E-1 4.36773E-2 1.81835E-2 1.11893E-3 1.26583E-3 3.1572E-3 4.48615E-3 4.3559E-3 -9999 -9999 -9999 -9999 -9999 -9999 -9999 -9999 -9999 -9999 -9999 -9999 -9999
1E0 1E0 1E0 1E0 1E0 1E0 1E0 1E0 1E0 1E0 1E0 1E0 1E0 1E0 1E0 1E0 1E0 1E0 1E0 1E0 1E0 9.99424E-1 1E0 1E0 1E0 1E0 1E0 1E0 9.99952E-1 9.68375E-1 7.33871E-1 8.60141E-1 6.62423E-2 9.65729E-3 3.26205E-2 6.13984E-1 5.11533E-1 5.52962E-1 5.17674E-1 3.95612E-1 9.53203E-1 9.54992E-1 9.57669E-1 8.46337E-1 7.60711E-1 9.41935E-1 9.75131E-1 7.76356E-1 8.79747E-1 6.97284E-1 7.07169E-1 4.91642E-1 4.39145E-1 2.36954E-1 2.08645E-1 1.86167E-1 9.43606E-2 1.66481E-2 5.1525E-3 6.04895E-4 4.26803E-4 3.80925E-3 3.886E-3 8.31098E-3 -9999 -9999 -9999 -9999 -9999 -9999 -9999 -9999 -9999 -9999 -9999 -9999 -9999
1E0 1E0 1E0 1E0 1E0 1E0 1E0 1E0 1E0 1E0 1E0 1E0 1E0 1E0 1E0 1E0 1E0 1E0 1E0 1E0 1E0 9.99243E-1 9.99228E-1 1E0 1E0 9.99995E-1 1E0 1E0 1E0 9.26533E-2 5.88272E-2 4.52034E-2 8.66637E-3 6.24794E-3 1.44848E-2 6.20321E-1 6.72572E-1 7.25905E-1 4.13419E-1 3.73234E-1 7.88077E-1 9.47342E-1 8.63054E-1 9.71594E-1 9.02564E-1 9.86017E-1 8.85756E-1 4.62885E-1 3.45918E-1 2.69526E-1 2.20687E-1 2.37707E-1 4.23866E-1 1.95212E-1 1.42089E-1 7.19507E-2 4.34601E-2 6.8704E-3 3.48435E-3 2.66231E-4 5.37978E-4 1.10876E-3 2.27608E-3 -9999 -9999 -9999 -9999 -9999 -9999 -9999 -9999 -9999 -9999 -9999 -9999 -9999 -9999
1E0 1E0 1E0 1E0 1E0 1E0 1E0 1E0 1E0 1E0 1E0 1E0 1E0 1E0 1E0 1E0 1E0 1E0 1E0 1E0 1E0 9.61187E-1 9.91861E-1 1E0 1E0 9.99934E-1 1E0 9.99942E-1 3.03585E-1 5.71431E-2 1.86299E-2 6.12868E-3 1.65134E-3 1.4366E-2 2.40142E-2 5.64177E-1 9.19446E-1 8.4199E-1 2.23896E-1 5.35879E-1 8.40817E-1 9.60802E-1 6.4464E-1 7.86344E-1 9.14639E-1 9.91306E-1 8.99352E-1 4.03351E-1 4.49356E-1 2.13787E-1 1.67208E-1 1.06906E-1 3.20202E-1 1.16873E-1 9.88025E-2 6.59345E-2 2.72641E-2 1.60329E-2 6.38939E-3 4.54368E-4 2.00395E-4 5.61829E-4 3.86899E-3 -9999 -9999 -9999 -9999 -9999 -9999 -9999 -9999 -9999 -9999 -9999 -9999 -9999 -9999
1E0 1E0 1E0 1E0 1E0 1E0 1E0 1E0 1E0 1E0 1E0 1E0 1E0 1E0 1E0 1E0 1E0 1E0 1E0 1E0 9.99643E-1 8.87445E-1 9.90053E-1 1E0 1E0 1E0 9.99996E-1 9.88833E-1 1.76268E-1 4.04339E-2 4.4904E-2 1.81568E-2 4.35811E-3 1.66423E-2 4.81438E-2 7.5484E-1 4.33732E-1 5.45857E-1 3.77693E-1 7.10405E-1 6.28373E-1 8.62981E-1 8.61364E-1 6.09817E-1 6.92844E-1 8.51E-1 9.79418E-1 8.74824E-1 5.15224E-1 4.24279E-1 2.83256E-1 8.34128E-2 3.77076E-2 3.20072E-2 2.29771E-2 1.77694E-2 1.51878E-2 6.8131E-3 4.82073E-3 6.27607E-4 5.22126E-4 1.94842E-4 2.62061E-3 -9999 -9999 -9999 -9999 -9999 -9999 -9999 -9999 -9999 -9999 -9999 -9999 -9999 -9999
1E0 1E0 1E0 1E0 1E0 1E0 1E0 1E0 1E0 1E0 1E0 1E0 1E0 1E0 1E0 1E0 1E0 1E0 1E0 1E0 9.99942E-1 9.99987E-1 1E0 1E0 9.99981E-1 9.96023E-1 1E0 9.95785E-1 1.27537E-1 5.79478E-2 2.8216E-2 1.80755E-2 2.64316E-3 2.4303E-2 4.17323E-2 2.12278E-1 3.13444E-1 4.66295E-1 4.25638E-1 5.92294E-1 4.80439E-1 6.3809E-1 7.41954E-1 7.10204E-1 5.57712E-1 4.9542E-1 8.79555E-1 9.42525E-1 8.22297E-1 5.89714E-1 3.63231E-1 2.4004E-1 4.35105E-2 1.1171E-2 2.80954E-2 1.19377E-2 5.35321E-3 6.75511E-3 7.25696E-3 1.23399E-3 1.40247E-3 1.32213E-3 1.64236E-3 -9999 -9999 -9999 -9999 -9999 -9999 -9999 -9999 -9999 -9999 -9999 -9999 -9999 -9999
1E0 1E0 1E0 1E0 1E0 1E0 1E0 1E0 1E0 1E0 1E0 1E0 1E0 1E0 1E0 1E0 1E0 1E0 1E0 1E0 1E0 1E0 1E0 1E0 1E0 1E0 1E0 9.99861E-1 3.82124E-2 1.96331E-2 1.5637E-2 7.85791E-3 2.29762E-3 5.43242E-3 3.9926E-2 1.25851E-1 3.9524E-1 4.31967E-1 2.8022E-1 4.21918E-1 3.96951E-1 5.54539E-1 2.03228E-1 5.12585E-1 4.70724E-1 3.11844E-1 6.01655E-1 6.58126E-1 7.52105E-1 7.54807E-1 5.88206E-1 3.22826E-1 4.56362E-2 2.49578E-2 3.99013E-2 2.82247E-2 1.76411E-2 1.71889E-2 1.35826E-2 6.53343E-3 1.1458E-3 2.66801E-3 1.65517E-3 -9999 -9999 -9999 -9999 -9999 -9999 -9999 -9999 -9999 -9999 -9999 -9999 -9999 -9999
1E0 1E0 1E0 1E0 1E0 1E0 1E0 1E0 1E0 1E0 1E0 1E0 1E0 1E0 1E0 1E0 1E0 1E0 1E0 1E0 1E0 1E0 1E0 1E0 1E0 1E0 1E0 6.25628E-1 7.88472E-2 9.59664E-2 6.49969E-2 1.68074E-2 2.95878E-3 4.56982E-3 3.33164E-2 1.38222E-1 3.30876E-1 3.89389E-1 1.53436E-1 1.79138E-1 3.26862E-1 4.66192E-1 2.26254E-1 4.60949E-1 3.60329E-1 3.24002E-1 4.32142E-1 2.59744E-1 3.46168E-1 2.67301E-1 3.88797E-1 3.3613E-1 1.63536E-1 1.09264E-1 5.9376E-2 5.27775E-2 3.99161E-2 2.06047E-2 1.63156E-2 1.05323E-2 2.75682E-4 2.95766E-4 1.78641E-3 -9999 -9999 -9999 -9999 -9999 -9999 -9999 -9999 -9999 -9999 -9999 -9999 -9999 -9999
1E0 1E0 1E0 1E0 1E0 1E0 1E0 1E0 1E0 1E0 1E0 1E0 1E0 1E0 1E0 1E0 1E0 1E0 1E0 1E0 1E0 1E0 1E0 1E0 1E0 1E0 1E0 6.4909E-1 8.20035E-2 2.6218E-2 4.05466E-2 1.12548E-2 1.74674E-3 4.45365E-3 4.37057E-2 2.05961E-1 1.9772E-1 1.71605E-1 5.22741E-2 7.83582E-2 2.58102E-1 1.854E-1 1.69978E-1 3.80391E-1 3.91925E-1 2.457E-1 2.35601E-1 1.86296E-1 2.79097E-1 3.21656E-1 4.02463E-1 4.23161E-1 1.9119E-1 3.0728E-1 1.84873E-1 2.67261E-1 1.35622E-1 4.03313E-2 2.11568E-2 1.28745E-2 4.33599E-4 4.25946E-4 2.58039E-3 -9999 -9999 -9999 -9999 -9999 -9999 -9999 -9999 -9999 -9999 -9999 -9999 -9999 -9999
1E0 1E0 1E0 1E0 1E0 1E0 1E0 1E0 1E0 1E0 1E0 1E0 1E0 1E0 1E0 1E0 1E0 1E0 1E0 1E0 1E0 1E0 1E0 1E0 1E0 1E0 9.99997E-1 1E0 1.77985E-1 3.44581E-1 9.94914E-2 5.32336E-2 4.64249E-3 1.07823E-3 1.6502E-2 9.40539E-2 6.25773E-1 6.54087E-1 3.98256E-1 5.31437E-1 1.76725E-1 2.04808E-1 6.65189E-2 1.57648E-1 1.71613E-1 2.55538E-1 1.32751E-1 8.05154E-2 1.79815E-1 2.75676E-1 2.45962E-1 1.72492E-1 1.30353E-1 1.36837E-1 1.2876E-1 1.89174E-1 1.56428E-1 9.88213E-2 1.82531E-2 5.67865E-3 4.93016E-4 3.16267E-4 2.99711E-3 -9999 -9999 -9999 -9999 -9999 -9999 -9999 -9999 -9999 -9999 -9999 -9999 -9999 -9999
1E0 1E0 1E0 1E0 1E0 1E0 1E0 1E0 1E0 1E0 1E0 1E0 1E0 1E0 1E0 1E0 1E0 1E0 1E0 1E0 1E0 1E0 1E0 1E0 9.99964E-1 9.99885E-1 9.84034E-1 8.64782E-1 9.96626E-1 1.76415E-1 5.91319E-2 9.785E-3 4.21926E-3 1.63829E-2 2.04585E-2 8.9741E-2 3.24273E-1 2.78387E-1 3.09775E-1 4.41658E-1 1.97572E-1 9.04575E-2 1.00113E-1 1.18513E-1 1.99127E-1 1.02333E-1 5.10227E-2 9.58267E-2 1.42697E-1 1.17352E-1 1.55944E-1 1.08837E-1 2.54988E-2 2.25884E-2 1.13151E-1 1.01617E-1 4.61525E-2 7.11498E-2 2.00384E-2 7.79372E-3 7.77001E-4 4.1691E-4 8.6065E-4 -9999 -9999 -9999 -9999 -9999 -9999 -9999 -9999 -9999 -9999 -9999 -9999 -9999 -9999
1E0 1E0 1E0 1E0 1E0 1E0 1E0 1E0 1E0 1E0 1E0 1E0 1E0 1E0 1E0 1E0 1E0 1E0 9.99999E-1 1E0 1E0 1E0 1E0 1E0 1E0 1E0 1E0 9.94762E-1 8.54371E-1 1.18008E-1 8.168E-2 2.56132E-2 2.40682E-2 3.61002E-2 9.31981E-2 4.20442E-1 6.82106E-2 8.23621E-2 6.13132E-2 1.84591E-1 1.01827E-1 5.43656E-2 1.09435E-1 5.7989E-2 7.6465E-2 7.28443E-2 3.75169E-2 2.56142E-2 3.81498E-2 2.67112E-2 1.04063E-1 4.77823E-2 1.45492E-2 7.62017E-3 4.56163E-2 1.98584E-2 9.12411E-3 1.01003E-2 6.23422E-3 8.94293E-3 4.78176E-4 9.45033E-4 3.61084E-3 -9999 -9999 -9999 -9999 -9999 -9999 -9999 -9999 -9999 -9999 -9999 -9999 -9999 -9999
1E0 1E0 1E0 1E0 1E0 1E0 1E0 1E0 1E0 1E0 1E0 1E0 1E0 1E0 1E0 1E0 1E0 1E0 1E0 1E0 1E0 1E0 1E0 1E0 1E0 1E0 1E0 1E0 9.9998E-1 1.12788E-1 1.79378E-1 1.21975E-1 4.48968E-2 1.8634E-1 9.56664E-1 4.06278E-1 8.4505E-2 1.63363E-1 1.50153E-1 1.0591E-1 3.5205E-2 4.01277E-2 6.35902E-2 4.60206E-2 6.0602E-2 7.62542E-2 1.95597E-2 1.1638E-2 5.1497E-3 8.7139E-3 2.37629E-2 5.43348E-2 4.27673E-2 8.6066E-3 1.57159E-2 1.01197E-2 8.19368E-3 9.35856E-3 1.36486E-3 5.58188E-4 9.43625E-4 2.19466E-3 3.81612E-3 -9999 -9999 -9999 -9999 -9999 -9999 -9999 -9999 -9999 -9999 -9999 -9999 -9999 -9999
1E0 1E0 1E0 1E0 1E0 1E0 1E0 1E0 1E0 1E0 1E0 1E0 1E0 1E0 1E0 1E0 1E0 1E0 1E0 1E0 1E0 1E0 1E0 1E0 1E0 1E0 1E0 1E0 1E0 1E0 9.81016E-1 7.97418E-1 4.36684E-1 9.00008E-1 9.57315E-1 8.09082E-1 6.23267E-1 8.09961E-1 4.93162E-1 1.22195E-1 2.43248E-2 6.16422E-2 2.98132E-2 3.55019E-2 2.88917E-2 3.19744E-2 1.34071E-2 5.25695E-3 4.70027E-3 4.89579E-3 2.21286E-2 3.89393E-2 3.15555E-2 3.8987E-2 1.24439E-2 1.17627E-2 5.60432E-3 4.82932E-3 7.906E-4 2.64566E-4 6.37869E-4 3.80577E-3 3.58948E-3 -9999 -9999 -9999 -9999 -9999 -9999 -9999 -9999 -9999 -9999 -9999 -9999 -9999 -9999
1E0 1E0 1E0 1E0 1E0 1E0 1E0 1E0 1E0 1E0 1E0 1E0 1E0 1E0 1E0 1E0 1E0 1E0 1E0 1E0 1E0 1E0 1E0 1E0 1E0 1E0 1E0 1E0 1E0 9.9856E-1 9.98769E-1 9.77266E-1 5.35323E-1 9.71347E-1 9.9981E-1 8.99626E-1 9.5255E-1 9.99904E-1 9.8281E-1 7.62048E-1 4.82476E-1 1.84794E-1 2.96527E-2 1.94642E-2 3.35276E-2 6.07875E-2 2.884E-3 1.28393E-3 3.41492E-3 6.47767E-3 1.07428E-2 1.42884E-2 8.14131E-3 1.2557E-2 1.19406E-2 1.34767E-2 1.0726E-2 2.99599E-3 2.64333E-4 4.58277E-4 1.60137E-3 1.25271E-2 -9999 -9999 -9999 -9999 -9999 -9999 -9999 -9999 -9999 -9999 -9999 -9999 -9999 -9999 -9999
