ENM/Final_Models/M_1_F_q_Set_1_E/Gustavia_santanderiensis_Choco_stddev.asc
ncols         367
nrows         963
xllcorner     -78.6
yllcorner     0.65
cellsize      0.00833333333333323
NODATA_value  -9999
[rows 360 to 389 of 963, columns 134 to 200 of 367]
-9999 -9999 -9999 -9999 -9999 -9999 -9999 -9999 -9999 -9999 -9999 -9999 -9999 -9999 -9999 -9999 -9999 -9999 -9999 -9999 -9999 -9999 -9999 -9999 -9999 -9999 -9999 -9999 -9999 -9999 -9999 3.26889E-1 3.48223E-1 3.81602E-1 3.96573E-1 3.7826E-1 3.57376E-1 3.2123E-1 2.9257E-1 2.27076E-1 2.95496E-1 2.92526E-1 2.72728E-1 3.15852E-1 3.353E-1 3.60448E-1 3.44271E-1 3.27933E-1 3.20958E-1 3.45805E-1 3.56756E-1 3.38934E-1 3.34522E-1 3.08611E-1 2.99782E-1 3.22507E-1 2.94042E-1 2.47553E-1 3.58756E-1 3.47836E-1 3.98987E-1 3.99353E-1 3.99143E-1 3.98294E-1 3.94182E-1 3.97525E-1 3.95453E-1
-9999 -9999 -9999 -9999 -9999 -9999 -9999 -9999 -9999 -9999 -9999 -9999 -9999 -9999 -9999 -9999 -9999 -9999 -9999 -9999 -9999 -9999 -9999 -9999 -9999 -9999 -9999 -9999 -9999 -9999 6.05342E-2 3.28867E-1 3.78748E-1 3.84164E-1 3.96197E-1 3.82073E-1 3.56666E-1 3.42597E-1 3.32113E-1 2.89867E-1 2.96504E-1 2.93735E-1 3.21978E-1 3.03425E-1 3.06845E-1 3.16629E-1 3.58325E-1 3.34294E-1 2.90191E-1 1.95304E-1 3.34287E-1 2.13599E-1 2.50109E-1 1.98733E-1 3.62844E-1 3.80447E-1 3.72423E-1 2.94083E-1 2.63299E-1 3.53085E-1 3.905E-1 3.98548E-1 3.98794E-1 3.98324E-1 3.94902E-1 3.94544E-1 3.94926E-1
-9999 -9999 -9999 -9999 -9999 -9999 -9999 -9999 -9999 -9999 -9999 -9999 -9999 -9999 -9999 -9999 -9999 -9999 -9999 -9999 -9999 -9999 -9999 -9999 -9999 -9999 -9999 -9999 -9999 5.21299E-2 1.03419E-1 2.33863E-1 3.38953E-1 3.82485E-1 3.8542E-1 3.8194E-1 3.55467E-1 3.46374E-1 3.25304E-1 3.2184E-1 2.30608E-1 2.55191E-1 2.30582E-1 2.48715E-1 2.35022E-1 3.1921E-1 3.57377E-1 3.36806E-1 3.1957E-1 2.8208E-1 3.78756E-1 2.20341E-1 2.89865E-1 2.34373E-1 2.94855E-1 3.82629E-1 3.74143E-1 3.1193E-1 2.71356E-1 3.51771E-1 3.92706E-1 3.46018E-1 3.62388E-1 3.96766E-1 3.95347E-1 3.95018E-1 3.89712E-1
-9999 -9999 -9999 -9999 -9999 -9999 -9999 -9999 -9999 -9999 -9999 -9999 -9999 -9999 -9999 -9999 -9999 -9999 -9999 -9999 -9999 -9999 -9999 -9999 -9999 -9999 -9999 2.52341E-1 2.84446E-1 1.10746E-1 1.49103E-1 2.33839E-1 3.58032E-1 3.5727E-1 3.45309E-1 3.20853E-1 2.8373E-1 3.37599E-1 3.13757E-1 3.18356E-1 2.92676E-1 2.35878E-1 2.3548E-1 3.79495E-1 3.82997E-1 3.85674E-1 3.7539E-1 3.80908E-1 3.85594E-1 3.42573E-1 3.81805E-1 3.27957E-1 2.04773E-1 3.24196E-1 3.88522E-1 3.77398E-1 3.09587E-1 3.2624E-1 3.77956E-1 3.68828E-1 3.93302E-1 3.61975E-1 3.99068E-1 3.96052E-1 3.97366E-1 3.9727E-1 3.84817E-1
-9999 -9999 -9999 -9999 -9999 -9999 -9999 -9999 -9999 -9999 -9999 -9999 -9999 -9999 -9999 -9999 -9999 -9999 -9999 1.74765E-1 2.02966E-1 3.01032E-1 2.79675E-1 2.643E-1 2.29443E-1 2.55803E-1 2.66208E-1 3.47437E-1 3.41571E-1 2.78533E-1 2.59051E-1 2.36408E-1 3.84711E-1 3.28005E-1 3.41986E-1 2.98963E-1 2.19584E-1 3.33739E-1 3.03256E-1 2.90237E-1 2.93912E-1 1.97306E-1 2.83838E-1 3.84329E-1 3.77597E-1 3.93775E-1 3.93964E-1 3.94022E-1 3.73633E-1 3.39723E-1 3.60649E-1 3.99028E-1 3.7411E-1 3.14205E-1 3.71781E-1 3.72247E-1 3.01524E-1 3.63523E-1 3.69568E-1 3.78944E-1 3.99166E-1 3.9452E-1 3.99049E-1 3.94551E-1 3.97527E-1 3.96668E-1 3.80204E-1
-9999 -9999 -9999 -9999 -9999 -9999 -9999 -9999 -9999 -9999 -9999 -9999 -9999 -9999 -9999 -9999 -9999 -9999 2.83473E-1 1.89586E-1 2.68324E-1 3.12409E-1 2.15363E-1 1.5453E-1 1.07135E-1 2.47801E-1 2.21005E-1 3.13838E-1 3.0689E-1 3.38003E-1 3.16968E-1 3.57641E-1 3.58096E-1 3.53178E-1 3.37544E-1 3.42939E-1 3.17027E-1 3.3119E-1 3.42344E-1 3.27638E-1 3.10775E-1 2.96679E-1 2.68879E-1 3.3167E-1 3.98473E-1 3.96415E-1 3.97412E-1 3.9785E-1 3.95388E-1 3.85952E-1 3.18546E-1 2.39479E-1 3.25409E-1 3.73348E-1 3.73491E-1 1.88706E-1 2.0576E-1 3.69604E-1 3.72879E-1 3.70431E-1 3.66934E-1 3.6994E-1 3.98192E-1 3.97855E-1 3.98208E-1 3.97684E-1 3.78573E-1
-9999 -9999 -9999 -9999 -9999 -9999 -9999 -9999 -9999 -9999 -9999 -9999 -9999 -9999 -9999 -9999 -9999 -9999 3.12904E-1 3.0058E-1 3.03629E-1 3.01019E-1 2.57924E-1 9.97008E-2 6.19591E-2 1.05183E-1 1.39786E-1 2.57166E-1 2.71018E-1 2.91719E-1 3.11969E-1 3.25474E-1 2.99706E-1 2.98606E-1 2.56538E-1 2.78328E-1 3.17052E-1 2.70511E-1 3.22506E-1 3.29402E-1 3.25864E-1 2.83592E-1 3.45492E-1 3.49613E-1 3.35806E-1 3.38622E-1 3.96649E-1 3.9774E-1 3.98662E-1 3.71534E-1 3.4661E-1 3.23995E-1 3.30217E-1 3.47071E-1 3.40967E-1 3.33148E-1 1.94651E-1 3.70282E-1 3.73009E-1 3.09936E-1 3.3891E-1 3.41442E-1 3.98257E-1 3.95356E-1 3.98579E-1 3.97207E-1 3.96957E-1
-9999 -9999 -9999 -9999 -9999 -9999 -9999 2.67121E-1 2.77897E-1 2.30634E-1 -9999 -9999 -9999 -9999 -9999 -9999 -9999 3.04642E-1 2.73353E-1 2.71649E-1 2.7991E-1 2.30454E-1 2.31E-1 1.96368E-1 2.39046E-1 2.99455E-1 3.10123E-1 3.3734E-1 3.2424E-1 2.81238E-1 3.09657E-1 1.48115E-1 1.31639E-1 9.0799E-2 1.22137E-1 1.82502E-1 3.19569E-1 2.63522E-1 3.01805E-1 3.25897E-1 3.60917E-1 3.84556E-1 3.57693E-1 3.39748E-1 3.44341E-1 3.55367E-1 3.81473E-1 3.94303E-1 3.97938E-1 3.99327E-1 3.77062E-1 3.73038E-1 3.69051E-1 3.82668E-1 3.4332E-1 1.91858E-1 3.20656E-1 3.3698E-1 3.74447E-1 1.77369E-1 2.97851E-1 2.95838E-1 3.72599E-1 3.94474E-1 3.95071E-1 3.94908E-1 3.97305E-1
-9999 -9999 -9999 -9999 -9999 3.12392E-1 2.56936E-1 2.52467E-1 2.12872E-1 2.72216E-1 2.72698E-1 -9999 -9999 -9999 -9999 -9999 -9999 3.21742E-1 3.04278E-1 3.13821E-1 2.91627E-1 1.95229E-1 2.56356E-1 1.88047E-1 2.85635E-1 3.48769E-1 3.46258E-1 3.13873E-1 3.33322E-1 3.36576E-1 3.11498E-1 1.38218E-1 5.42273E-2 5.92208E-2 1.39902E-1 2.03419E-1 2.93698E-1 3.05314E-1 3.715E-1 3.62364E-1 3.20891E-1 3.87604E-1 3.59555E-1 3.86615E-1 3.84801E-1 3.94227E-1 3.77832E-1 3.96883E-1 3.95821E-1 3.97895E-1 3.60387E-1 2.94656E-1 2.86157E-1 3.63513E-1 3.51696E-1 2.42463E-1 3.25633E-1 2.49645E-1 3.57113E-1 3.51351E-1 3.22302E-1 3.50572E-1 3.7711E-1 3.95961E-1 3.97946E-1 3.97887E-1 3.95358E-1
-9999 -9999 -9999 -9999 2.44362E-1 2.99769E-1 2.86538E-1 2.80989E-1 1.61584E-1 2.60422E-1 2.34123E-1 2.6504E-1 -9999 -9999 -9999 3.19337E-1 3.14809E-1 2.64309E-1 2.3936E-1 3.37548E-1 2.86182E-1 1.92461E-1 1.7268E-1 2.92909E-1 3.01208E-1 3.57588E-1 3.35705E-1 1.53681E-1 2.02228E-1 2.92184E-1 2.95984E-1 1.22553E-1 8.06235E-2 3.83591E-2 1.19612E-1 1.20674E-1 1.6108E-1 2.78262E-1 2.90532E-1 2.86783E-1 3.87336E-1 3.46567E-1 3.44577E-1 3.39993E-1 3.45794E-1 3.94224E-1 3.94897E-1 3.96155E-1 3.96709E-1 3.97717E-1 3.75375E-1 3.19082E-1 3.19478E-1 3.15553E-1 2.20349E-1 2.28371E-1 2.42197E-1 2.3529E-1 2.19783E-1 2.14152E-1 3.58458E-1 3.21831E-1 3.97548E-1 3.96004E-1 3.95325E-1 3.97371E-1 3.95909E-1
-9999 2.96278E-1 3.21072E-1 3.13774E-1 1.72144E-1 2.72505E-1 2.58345E-1 2.4526E-1 9.09374E-2 5.78872E-2 8.26646E-2 2.30639E-1 2.72624E-1 2.58886E-1 2.7204E-1 3.0275E-1 2.27123E-1 1.87585E-1 3.09933E-1 3.1851E-1 2.42817E-1 1.84021E-1 1.18467E-1 2.15446E-1 2.75193E-1 3.24534E-1 3.41948E-1 2.92687E-1 2.44577E-1 2.67571E-1 3.00454E-1 1.21923E-1 1.14243E-1 6.96521E-2 1.75662E-1 2.40485E-1 1.85979E-1 2.87994E-1 3.71594E-1 3.78922E-1 3.95988E-1 3.86629E-1 3.76225E-1 2.66211E-1 3.97597E-1 3.97488E-1 3.9741E-1 3.97744E-1 3.98584E-1 3.73468E-1 3.25799E-1 2.50874E-1 1.73463E-1 2.33726E-1 9.50737E-2 1.91943E-1 2.12401E-1 3.28641E-1 3.81274E-1 3.737E-1 3.72248E-1 3.70292E-1 3.9644E-1 3.97317E-1 3.96597E-1 3.97107E-1 3.97987E-1
3.05462E-1 3.17761E-1 3.13468E-1 2.73232E-1 2.78705E-1 2.1197E-1 1.56026E-1 2.15759E-1 2.45077E-1 2.00618E-1 2.05731E-1 2.81462E-1 2.79844E-1 1.6223E-1 2.5599E-1 2.19138E-1 1.46886E-1 2.43608E-1 3.51229E-1 3.49339E-1 2.59721E-1 2.26521E-1 2.63082E-1 1.58645E-1 2.82144E-1 3.33062E-1 3.55099E-1 3.53401E-1 2.83842E-1 2.21395E-1 3.04826E-1 8.78995E-2 9.84655E-2 1.41755E-1 1.31623E-1 3.02922E-1 3.29573E-1 3.23075E-1 3.95659E-1 3.85619E-1 3.54312E-1 3.49337E-1 3.35327E-1 2.85411E-1 3.78803E-1 3.99122E-1 3.98709E-1 3.99014E-1 3.30324E-1 3.98335E-1 3.96856E-1 2.84687E-1 1.71504E-1 1.06294E-1 1.71186E-1 2.26221E-1 1.62152E-1 3.43132E-1 3.32523E-1 3.29689E-1 3.3693E-1 3.84182E-1 3.97015E-1 3.97158E-1 3.95964E-1 3.98263E-1 3.98101E-1
2.8074E-1 2.37333E-1 2.45511E-1 2.59146E-1 2.5331E-1 1.69143E-1 2.42233E-1 3.36268E-1 3.1463E-1 2.83561E-1 2.74011E-1 2.82751E-1 2.32777E-1 1.60827E-1 1.04599E-1 1.31602E-1 1.7293E-1 2.20504E-1 3.08646E-1 8.54227E-2 9.07348E-2 2.79567E-1 3.03184E-1 1.43493E-1 2.28749E-1 3.0941E-1 3.60525E-1 3.43269E-1 3.21925E-1 2.81138E-1 2.96484E-1 2.22822E-1 6.08398E-2 2.43775E-2 4.28994E-2 2.59609E-2 8.81169E-2 3.46032E-1 3.9555E-1 3.94514E-1 3.87169E-1 3.52427E-1 3.45195E-1 3.86358E-1 3.98118E-1 3.97394E-1 3.95205E-1 3.79041E-1 2.65456E-1 3.58468E-1 3.87304E-1 2.80895E-1 3.55932E-1 3.33106E-1 3.00395E-1 2.34292E-1 2.66248E-1 3.16547E-1 3.39226E-1 3.35408E-1 3.32415E-1 3.63636E-1 3.96995E-1 3.95623E-1 3.59663E-1 3.60966E-1 3.98574E-1
2.68598E-1 2.53989E-1 2.64574E-1 2.51033E-1 3.17372E-1 1.86752E-1 2.69572E-1 2.87171E-1 3.04017E-1 3.04488E-1 2.87798E-1 2.73974E-1 2.34822E-1 2.58266E-1 1.33951E-1 1.24397E-1 1.81217E-1 3.14147E-1 9.27622E-2 2.44994E-2 4.20327E-2 1.47957E-1 3.05278E-1 9.81175E-2 2.45585E-1 3.18357E-1 3.48319E-1 3.35336E-1 3.51101E-1 3.14715E-1 3.27766E-1 2.90676E-1 1.29374E-1 1.8418E-2 2.20232E-2 2.65473E-2 1.35783E-1 3.66306E-1 3.96476E-1 3.96865E-1 3.98067E-1 3.41975E-1 3.5083E-1 3.64977E-1 3.87004E-1 3.9417E-1 3.95631E-1 3.56394E-1 3.47637E-1 3.07012E-1 3.8634E-1 3.79645E-1 3.61467E-1 3.62457E-1 2.84244E-1 2.16067E-1 2.04976E-1 2.20481E-1 2.58363E-1 2.45635E-1 2.19687E-1 3.80701E-1 3.98674E-1 3.95587E-1 3.94364E-1 3.97268E-1 3.97471E-1
2.37735E-1 2.69004E-1 2.63174E-1 3.15484E-1 2.9867E-1 1.37646E-1 2.81445E-1 3.33551E-1 3.32322E-1 3.01426E-1 2.88983E-1 1.90834E-1 2.36867E-1 2.04003E-1 1.70102E-1 1.17951E-1 1.45722E-1 3.39948E-1 6.89381E-2 2.80261E-2 1.85821E-2 6.28202E-2 3.2465E-1 1.91616E-1 3.08548E-1 3.4827E-1 3.28812E-1 3.05105E-1 3.81241E-1 2.58335E-1 3.0781E-1 3.29923E-1 3.23154E-1 2.28072E-2 3.26734E-2 2.32644E-2 1.64759E-1 3.86759E-1 3.98034E-1 3.87421E-1 3.88807E-1 3.61707E-1 2.98321E-1 3.64315E-1 3.80091E-1 3.91071E-1 3.96064E-1 3.86919E-1 3.60587E-1 3.64701E-1 3.87013E-1 3.32304E-1 3.58844E-1 3.55995E-1 3.52682E-1 2.56707E-1 2.39965E-1 2.07474E-1 2.4374E-1 2.64264E-1 1.4855E-1 3.4879E-1 3.98013E-1 3.97117E-1 3.97226E-1 3.97297E-1 3.95276E-1
2.08034E-1 2.0824E-1 2.96285E-1 3.35937E-1 3.43763E-1 3.33728E-1 3.30059E-1 3.29196E-1 3.3122E-1 2.99857E-1 3.01577E-1 2.42472E-1 2.60095E-1 2.06324E-1 1.21434E-1 1.32177E-1 1.58535E-1 2.65636E-1 1.36246E-1 1.43285E-2 1.22004E-1 2.46143E-1 3.21634E-1 2.28969E-1 3.1598E-1 3.52409E-1 3.6182E-1 3.64709E-1 3.93135E-1 3.37367E-1 3.48078E-1 3.3113E-1 3.49185E-1 1.62472E-1 6.1099E-2 6.09489E-2 3.52872E-1 3.86395E-1 3.95127E-1 3.87746E-1 3.87785E-1 3.6263E-1 3.20343E-1 3.67877E-1 3.8266E-1 3.76203E-1 3.80476E-1 3.94034E-1 3.88284E-1 3.88217E-1 3.67889E-1 3.8371E-1 3.76918E-1 3.7228E-1 3.97059E-1 3.40654E-1 2.40671E-1 1.86129E-1 2.23049E-1 2.56133E-1 2.44199E-1 3.40332E-1 3.98733E-1 3.98372E-1 3.96453E-1 3.96084E-1 3.96806E-1
3.12274E-1 3.28987E-1 3.46274E-1 3.31147E-1 3.45871E-1 3.2621E-1 3.45482E-1 2.91431E-1 2.7603E-1 3.12471E-1 2.51379E-1 1.89856E-1 1.1822E-1 1.17965E-1 1.1114E-1 1.38184E-1 2.58792E-1 3.11653E-1 9.00615E-2 1.74431E-1 3.58319E-1 3.39275E-1 2.99796E-1 2.95006E-1 3.34952E-1 3.56347E-1 3.58206E-1 3.53937E-1 3.40032E-1 3.32971E-1 3.59998E-1 3.14482E-1 3.21229E-1 3.50559E-1 3.40991E-1 3.15579E-1 3.5298E-1 3.93296E-1 3.94484E-1 3.91833E-1 3.82204E-1 3.64852E-1 3.3123E-1 3.33276E-1 3.86765E-1 3.757E-1 3.27965E-1 3.89392E-1 3.86585E-1 3.88061E-1 3.88644E-1 3.87553E-1 3.3769E-1 3.42574E-1 3.73392E-1 3.81457E-1 3.30696E-1 2.1325E-1 3.39028E-1 3.56218E-1 3.4774E-1 3.6038E-1 3.98046E-1 3.97865E-1 3.96018E-1 3.84536E-1 3.99061E-1
3.39588E-1 3.42246E-1 3.62226E-1 3.40277E-1 3.18725E-1 2.6826E-1 3.38513E-1 3.35173E-1 3.05808E-1 3.24575E-1 3.62709E-1 2.37546E-1 1.45462E-1 1.50058E-1 1.59871E-1 1.93516E-1 2.10786E-1 2.70759E-1 1.171E-1 1.9505E-1 3.30607E-1 3.18699E-1 3.23893E-1 3.3816E-1 3.423E-1 3.6658E-1 3.34598E-1 3.41546E-1 3.29645E-1 3.23355E-1 1.38758E-1 1.33329E-1 1.32358E-1 9.40292E-2 7.10181E-2 3.42357E-1 3.41603E-1 3.92016E-1 3.90426E-1 3.79693E-1 3.65982E-1 3.74794E-1 3.87527E-1 3.68896E-1 3.61751E-1 3.62678E-1 3.64314E-1 3.60033E-1 3.8839E-1 3.45326E-1 3.88472E-1 3.52229E-1 3.4882E-1 3.44316E-1 2.35254E-1 1.74922E-1 2.59185E-1 3.43137E-1 2.44224E-1 2.63602E-1 3.49404E-1 3.33578E-1 3.98166E-1 3.98045E-1 3.82965E-1 3.88283E-1 3.98416E-1
3.19306E-1 3.39205E-1 3.80102E-1 3.69934E-1 3.39773E-1 2.87021E-1 3.42767E-1 2.65291E-1 2.94563E-1 3.08523E-1 3.19756E-1 2.71621E-1 1.73952E-1 1.80181E-1 2.48142E-1 3.22024E-1 2.64745E-1 3.23786E-1 1.94354E-1 3.02548E-1 3.16279E-1 3.34875E-1 3.4071E-1 3.2833E-1 3.46118E-1 3.60508E-1 3.10446E-1 2.99137E-1 2.84818E-1 1.86234E-1 1.08792E-1 1.70081E-1 2.23829E-1 3.63868E-2 4.64755E-2 2.71445E-1 3.5592E-1 3.64174E-1 3.30694E-1 3.90165E-1 3.93116E-1 3.8877E-1 3.68289E-1 3.2017E-1 3.88069E-1 3.82183E-1 3.84627E-1 3.8016E-1 3.84466E-1 3.99195E-1 3.79597E-1 3.85306E-1 3.75699E-1 3.39694E-1 3.38004E-1 2.69762E-1 3.53069E-1 2.68113E-1 1.91621E-1 2.24488E-1 2.5006E-1 3.03233E-1 3.9796E-1 3.96769E-1 3.98312E-1 3.96537E-1 3.96556E-1
3.17177E-1 3.4182E-1 3.5852E-1 3.42992E-1 3.31538E-1 3.31217E-1 3.74658E-1 3.12718E-1 3.1588E-1 3.72782E-1 3.16395E-1 2.64542E-1 1.58052E-1 1.38058E-1 2.01865E-1 2.89446E-1 3.01423E-1 3.83738E-1 2.95554E-1 3.22264E-1 3.41613E-1 3.41804E-1 3.39116E-1 3.25494E-1 3.49346E-1 3.67395E-1 3.5206E-1 3.32504E-1 2.18165E-1 1.78434E-1 7.61774E-2 1.1172E-1 1.67482E-1 8.98372E-2 2.01201E-1 2.82395E-1 2.02915E-1 3.23586E-1 3.35884E-1 3.19737E-1 3.83851E-1 3.94694E-1 3.88591E-1 3.68709E-1 3.86112E-1 3.98355E-1 3.95215E-1 3.97867E-1 3.98465E-1 3.98553E-1 3.31798E-1 3.8826E-1 3.8216E-1 2.4774E-1 2.62701E-1 2.57737E-1 2.46574E-1 2.194E-1 2.1562E-1 1.81642E-1 1.72642E-1 2.86162E-1 3.8408E-1 3.9855E-1 3.98818E-1 3.99135E-1 3.976E-1
3.39463E-1 3.38626E-1 3.24925E-1 3.56017E-1 3.69689E-1 3.04669E-1 3.84691E-1 3.31512E-1 2.68784E-1 2.8046E-1 3.01327E-1 2.66959E-1 1.32795E-1 1.75673E-1 1.43887E-1 1.85148E-1 2.26253E-1 3.24622E-1 3.19179E-1 3.24577E-1 3.38542E-1 3.43688E-1 3.29471E-1 3.47379E-1 3.32501E-1 3.61989E-1 3.6447E-1 3.68595E-1 3.67289E-1 3.44044E-1 1.79747E-1 5.52078E-2 7.16339E-2 5.97138E-2 1.88437E-1 1.43298E-1 6.19721E-2 9.53572E-2 3.3388E-1 2.96127E-1 3.35165E-1 3.80467E-1 3.97138E-1 3.98427E-1 3.98334E-1 3.97642E-1 3.9432E-1 3.94731E-1 3.98079E-1 3.80623E-1 3.80716E-1 3.84425E-1 3.46211E-1 1.85735E-1 2.24193E-1 2.28118E-1 2.34303E-1 2.83712E-1 2.80472E-1 1.00823E-1 1.83798E-1 2.02031E-1 3.866E-1 3.95981E-1 3.97847E-1 3.98618E-1 3.98527E-1
1.55234E-1 3.61151E-1 3.04558E-1 3.15984E-1 3.40919E-1 3.41101E-1 3.60143E-1 3.58869E-1 3.63914E-1 3.59114E-1 3.12706E-1 2.74158E-1 2.32056E-1 2.00082E-1 1.73479E-1 1.76098E-1 2.42251E-1 2.72549E-1 3.41063E-1 3.45775E-1 3.29362E-1 3.19159E-1 3.27361E-1 3.55238E-1 3.51547E-1 3.5786E-1 3.57638E-1 3.65767E-1 3.69638E-1 3.17227E-1 1.81439E-1 8.39663E-2 9.72394E-2 1.25623E-1 1.28481E-1 8.39373E-2 6.56421E-2 2.46456E-1 3.42462E-1 3.3993E-1 3.45013E-1 3.25472E-1 3.94663E-1 3.98524E-1 3.88428E-1 3.95386E-1 3.96204E-1 3.96004E-1 3.98821E-1 3.73765E-1 3.80896E-1 3.28474E-1 2.38009E-1 2.34978E-1 1.96935E-1 2.69726E-1 2.28454E-1 1.82515E-1 2.60502E-1 1.8402E-1 2.20871E-1 2.50281E-1 3.3168E-1 3.96735E-1 3.96459E-1 3.95898E-1 3.95559E-1
-9999 -9999 -9999 -9999 -9999 3.03393E-1 2.70426E-1 3.57877E-1 3.28966E-1 3.08592E-1 2.76872E-1 2.49513E-1 2.15924E-1 2.12733E-1 1.73122E-1 3.33856E-1 3.24549E-1 3.10259E-1 3.25756E-1 3.20087E-1 3.28848E-1 3.05881E-1 3.3162E-1 3.67544E-1 3.41748E-1 3.64407E-1 3.70542E-1 3.63381E-1 3.40616E-1 2.54331E-1 2.64716E-1 2.49372E-1 1.94674E-1 9.34718E-2 2.58797E-2 3.19938E-2 3.87949E-2 3.38091E-1 3.53505E-1 3.95939E-1 3.87321E-1 3.73285E-1 3.95183E-1 3.97893E-1 3.71273E-1 3.89244E-1 3.88473E-1 3.87462E-1 3.7781E-1 3.83184E-1 3.96867E-1 3.75787E-1 2.06187E-1 1.83692E-1 1.79991E-1 3.52358E-1 2.13875E-1 1.4571E-1 1.99112E-1 2.44965E-1 3.09054E-1 2.59437E-1 3.31417E-1 3.97566E-1 3.98218E-1 3.97363E-1 3.85018E-1
-9999 -9999 -9999 -9999 -9999 -9999 2.47924E-1 2.62249E-1 2.58303E-1 2.51279E-1 2.2904E-1 2.05564E-1 2.46018E-1 2.82662E-1 3.10094E-1 3.41122E-1 3.4222E-1 3.31146E-1 3.25981E-1 2.56235E-1 3.09779E-1 3.37249E-1 3.57E-1 3.60156E-1 3.54269E-1 3.76301E-1 3.74057E-1 3.67513E-1 3.67881E-1 3.62248E-1 3.33436E-1 3.47694E-1 3.51797E-1 3.08756E-1 8.05653E-2 7.36253E-2 8.53798E-2 2.60236E-1 3.93299E-1 3.97669E-1 3.92895E-1 3.9454E-1 3.88825E-1 3.86281E-1 3.6797E-1 3.73646E-1 3.86723E-1 3.8282E-1 2.31713E-1 2.75425E-1 3.98367E-1 3.78581E-1 2.02577E-1 3.45147E-1 3.50355E-1 3.50422E-1 2.48173E-1 1.54834E-1 1.36534E-1 1.11278E-1 1.39366E-1 1.14018E-1 2.19382E-1 3.97668E-1 3.96764E-1 3.97833E-1 3.98468E-1
-9999 -9999 -9999 -9999 -9999 -9999 -9999 2.08149E-1 2.46967E-1 2.54064E-1 2.97532E-1 2.33571E-1 2.67293E-1 2.47311E-1 3.37259E-1 3.68798E-1 3.63376E-1 3.87339E-1 3.30073E-1 1.6532E-1 3.05538E-1 3.27606E-1 3.56979E-1 3.81032E-1 3.68009E-1 3.68716E-1 3.7307E-1 3.66678E-1 3.65438E-1 3.45014E-1 2.10441E-1 1.05916E-1 6.50429E-2 1.86615E-2 2.99117E-2 7.92696E-2 2.49543E-1 2.86781E-1 3.16825E-1 3.95006E-1 3.97627E-1 3.94851E-1 3.9084E-1 3.61723E-1 2.87185E-1 3.68707E-1 3.88584E-1 3.88013E-1 2.72713E-1 3.63109E-1 3.55134E-1 3.84308E-1 2.81948E-1 3.01531E-1 2.63952E-1 3.38759E-1 2.79377E-1 1.73493E-1 1.48533E-1 1.49854E-1 3.25418E-1 1.89179E-1 2.17939E-1 3.97402E-1 3.95492E-1 3.98435E-1 3.99342E-1
-9999 -9999 -9999 -9999 -9999 -9999 -9999 2.89816E-1 2.6235E-1 2.70523E-1 1.77791E-1 2.06874E-1 2.7804E-1 2.6001E-1 3.60047E-1 3.69127E-1 3.8492E-1 3.57414E-1 3.42655E-1 1.84344E-1 3.12187E-1 3.39384E-1 3.58854E-1 3.60548E-1 3.73863E-1 3.56271E-1 3.20906E-1 3.44081E-1 3.67593E-1 2.68599E-1 2.1268E-2 1.40703E-2 3.21331E-3 6.96342E-3 5.06812E-2 8.7943E-2 1.20275E-1 3.47158E-1 3.81557E-1 3.96376E-1 3.9738E-1 3.97031E-1 3.90428E-1 3.1036E-1 3.32581E-1 3.71723E-1 3.69574E-1 3.72993E-1 3.72785E-1 3.64105E-1 3.62635E-1 3.88535E-1 2.82937E-1 3.22061E-1 2.64644E-1 3.04213E-1 2.75587E-1 2.43347E-1 1.9799E-1 2.12349E-1 2.27795E-1 2.75944E-1 3.35271E-1 3.97108E-1 3.96783E-1 3.95034E-1 3.98936E-1
-9999 -9999 -9999 -9999 -9999 -9999 -9999 2.94953E-1 -9999 -9999 2.65812E-1 2.445E-1 2.44167E-1 2.39983E-1 3.39866E-1 3.45722E-1 3.23118E-1 3.3392E-1 2.77704E-1 1.59134E-1 3.05204E-1 3.38458E-1 3.697E-1 3.44993E-1 3.35564E-1 4.25578E-2 3.35251E-2 9.49848E-2 7.63514E-2 7.21672E-2 4.68833E-3 3.08357E-3 4.13508E-3 6.12904E-3 4.4206E-2 2.59963E-1 2.96456E-1 3.28953E-1 3.92478E-1 3.94113E-1 3.9694E-1 3.9205E-1 3.73148E-1 2.89023E-1 3.09295E-1 3.7331E-1 3.72533E-1 3.70558E-1 3.89824E-1 3.99098E-1 3.99087E-1 3.85926E-1 2.8644E-1 2.80106E-1 3.20635E-1 3.17039E-1 2.94363E-1 1.85405E-1 2.20983E-1 2.55682E-1 1.73402E-1 2.28901E-1 3.38787E-1 3.98166E-1 3.95934E-1 3.97226E-1 3.98611E-1
-9999 -9999 -9999 -9999 -9999 -9999 -9999 2.82286E-1 -9999 -9999 -9999 -9999 2.92411E-1 2.3986E-1 3.40661E-1 3.40844E-1 3.29807E-1 3.19346E-1 1.17167E-1 1.31431E-2 3.19741E-1 3.47828E-1 3.33805E-1 3.06755E-1 3.11527E-1 6.32729E-2 6.58987E-3 2.57764E-2 2.21915E-2 1.8177E-2 1.76213E-3 9.60463E-4 9.75259E-3 6.2809E-3 7.3957E-2 2.6779E-1 2.87188E-1 3.21656E-1 3.92003E-1 3.80005E-1 3.96146E-1 3.70968E-1 3.23855E-1 3.06898E-1 3.13655E-1 3.72725E-1 3.90565E-1 3.90444E-1 3.88657E-1 3.98581E-1 3.98643E-1 3.62341E-1 2.99104E-1 2.25838E-1 2.85031E-1 2.62549E-1 3.11502E-1 1.9346E-1 2.60707E-1 2.31665E-1 1.8952E-1 2.55945E-1 3.48058E-1 3.97606E-1 3.96926E-1 3.98604E-1 3.98641E-1
-9999 -9999 -9999 -9999 -9999 -9999 -9999 -9999 -9999 -9999 -9999 2.57282E-1 2.12295E-1 2.80605E-1 3.44087E-1 3.23913E-1 3.31905E-1 3.31992E-1 1.27542E-1 4.59357E-2 3.14735E-1 2.22801E-1 3.72679E-1 3.70249E-1 2.38608E-1 3.68767E-2 1.64353E-2 1.47668E-2 8.50646E-3 5.32552E-3 1.81983E-3 1.0257E-3 1.99915E-3 1.69923E-2 6.33588E-2 2.8632E-1 2.81756E-1 3.83341E-1 3.95857E-1 3.93409E-1 3.90674E-1 3.00713E-1 3.04569E-1 3.1744E-1 3.16603E-1 3.1936E-1 3.70017E-1 3.70872E-1 3.60681E-1 3.51764E-1 3.8601E-1 3.83838E-1 3.05282E-1 2.50101E-1 2.16825E-1 2.30468E-1 2.03769E-1 2.43139E-1 3.60371E-1 2.16317E-1 3.58317E-1 3.83372E-1 3.86314E-1 3.98862E-1 3.99175E-1 3.99508E-1 3.995E-1
-9999 -9999 -9999 -9999 -9999 -9999 -9999 -9999 -9999 -9999 -9999 -9999 2.25456E-1 3.0496E-1 3.43134E-1 3.39889E-1 2.86404E-1 3.04804E-1 9.09628E-2 1.01387E-1 3.00584E-1 3.40643E-1 3.30793E-1 3.37089E-1 2.88536E-1 1.56527E-2 6.38957E-3 3.66122E-3 6.54461E-3 3.00933E-3 1.64213E-3 1.10111E-3 1.69974E-3 1.20347E-2 1.58111E-2 2.15714E-1 3.23103E-1 3.96297E-1 3.96526E-1 3.95212E-1 3.7202E-1 2.77098E-1 2.80131E-1 2.94067E-1 3.05293E-1 3.20737E-1 3.70324E-1 3.67822E-1 3.6578E-1 3.646E-1 2.82306E-1 2.96153E-1 2.38E-1 2.1975E-1 2.49543E-1 2.33815E-1 2.93282E-1 2.57475E-1 3.6038E-1 3.46014E-1 3.85399E-1 3.87186E-1 3.98991E-1 3.98745E-1 3.99736E-1 3.99127E-1 3.99554E-1
