ENM/Final_Models/M_1_F_q_Set_1_E/Gustavia_santanderiensis_3_Choco_novel.asc
ncols         367
nrows         963
xllcorner     -78.6
yllcorner     0.65
cellsize      0.00833333333333323
NODATA_value  -9999
[rows 240 to 269 of 963, columns 136 to 203 of 367]
-9999 -9999 -9999 -9999 -9999 -9999 -9999 -9999 -9999 -9999 -9999 -9999 -9999 -9999 -9999 -9999 -6.13849E0 -9.6462E0 -1.18234E1 -1.44239E1 -1.67523E1 -1.68431E1 -9.55549E0 -6.50136E0 -1.11884E1 -1.12791E1 -1.48171E1 -1.09162E1 -1.12791E1 -8.79952E0 -7.74116E0 -1.45147E1 -1.17024E1 -1.53916E1 -1.71454E1 -1.75688E1 -1.59661E1 -1.66919E1 -1.5573E1 -1.69035E1 -1.76293E1 -1.85969E1 -1.90807E1 -2.17115E1 -2.07136E1 -2.01693E1 -2.35259E1 -2.49471E1 -2.63985E1 -4.08602E1 -4.08602E1 -4.08602E1 -4.08602E1 -6.12903E1 -6.12903E1 -6.12903E1 -2.78198E1 -3.08134E1 -4.13979E1 -2.57938E1 -2.60054E1 -2.84548E1 -2.38887E1 -2.3919E1 -1.98669E1 -1.89598E1 -1.92924E1 -2.22558E1
-9999 -9999 -9999 -9999 -9999 -9999 -9999 -9999 -9999 -9999 -9999 -9999 -9999 -9999 -9999 -9999 -6.59208E0 -1.04324E1 -1.12489E1 -1.28213E1 -1.72664E1 -1.88993E1 -1.16117E1 -6.5316E0 -1.02207E1 -1.15513E1 -1.31539E1 -1.44844E1 -1.41216E1 -1.0251E1 -1.18536E1 -1.24887E1 -1.34865E1 -1.94134E1 -2.14091E1 -2.01996E1 -1.47263E1 -1.48775E1 -1.54823E1 -1.67826E1 -1.82945E1 -1.81131E1 -2.00786E1 -2.31183E1 -3.8172E1 -2.67312E1 -2.75476E1 -2.97551E1 -2.96643E1 -3.86151E1 -3.48957E1 -4.19355E1 -4.19355E1 -6.1828E1 -7.25806E1 -3.76344E1 -3.76344E1 -2.47312E1 -6.23656E1 -2.52688E1 -2.34956E1 -2.44935E1 -2.40702E1 -2.28001E1 -2.42213E1 -1.74781E1 -1.96855E1 -2.16813E1
-9999 -9999 -9999 -9999 -9999 -9999 -9999 -9999 -9999 -9999 -9999 -9999 -9999 -9999 -9999 -9999 -8.79952E0 -1.52706E1 -1.1642E1 -1.013E1 -1.74478E1 -1.60266E1 -1.56637E1 -1.24282E1 -1.28213E1 -1.33051E1 -1.51194E1 -1.38796E1 -1.18234E1 -1.32144E1 -1.33353E1 -1.34865E1 -1.35168E1 -1.86574E1 -2.14394E1 -1.92924E1 -1.56033E1 -1.34261E1 -1.39401E1 -1.21863E1 -1.68431E1 -2.43121E1 -2.50378E1 -3.8172E1 -3.8172E1 -3.8172E1 -2.70033E1 -3.08739E1 -3.56214E1 -3.96129E1 -4.24731E1 -4.24731E1 -6.29032E1 -6.29032E1 -7.25806E1 -7.25806E1 -4.30108E1 -3.35047E1 -6.29032E1 -3.34744E1 -2.25884E1 -2.15301E1 -2.7215E1 -2.55519E1 -2.42213E1 -2.26489E1 -2.1016E1 -1.56335E1
-9999 -9999 -9999 -9999 -9999 -9999 -9999 -9999 -9999 -9999 -9999 -9999 -9999 -9999 -9999 -9999 -7.65044E0 -1.21863E1 -1.30632E1 -1.11884E1 -1.51194E1 -1.23979E1 -9.6462E0 -1.2791E1 -1.72362E1 -1.62988E1 -1.59359E1 -1.47566E1 -1.27608E1 -1.55125E1 -2.11672E1 -1.90807E1 -1.85667E1 -1.81433E1 -1.94738E1 -2.14091E1 -1.77502E1 -1.74478E1 -1.81131E1 -1.88691E1 -2.14998E1 -2.43121E1 -2.77291E1 -3.8172E1 -3.56516E1 -6.29032E1 -4.24731E1 -3.87965E1 -3.1902E1 -4.30108E1 -4.30108E1 -4.30108E1 -8.49462E1 -8.49462E1 -6.34409E1 -3.33333E1 -4.35484E1 -4.35484E1 -4.4086E1 -3.39583E1 -2.96643E1 -2.40097E1 -2.3919E1 -2.13184E1 -2.28304E1 -2.3919E1 -2.11067E1 -2.1016E1
-9999 -9999 -9999 -9999 -9999 -9999 -9999 -9999 -9999 -9999 -9999 -9999 -9999 -9999 -9999 -9999 -9999 -1.40913E1 -1.79619E1 -1.77502E1 -1.63895E1 -1.14303E1 -1.10372E1 -1.72664E1 -1.91412E1 -1.76595E1 -1.60568E1 -1.70547E1 -1.88388E1 -2.2528E1 -2.29816E1 -2.13487E1 -1.67826E1 -1.88993E1 -2.24675E1 -2.28908E1 -2.19837E1 -2.70638E1 -2.29816E1 -2.28304E1 -2.09858E1 -2.21046E1 -3.06622E1 -3.00575E1 -3.08134E1 -3.87097E1 -2.52688E1 -3.35652E1 -4.35484E1 -4.35484E1 -6.39785E1 -8.54839E1 -8.60215E1 -6.45161E1 -8.60215E1 -6.45161E1 -6.45161E1 -4.46237E1 -4.46237E1 -4.46237E1 -2.68817E1 -2.95736E1 -4.46237E1 -4.46237E1 -3.76344E1 -2.48866E1 -2.31025E1 -1.88691E1
-9999 -9999 -9999 -9999 -9999 -9999 -9999 -9999 -9999 -9999 -9999 -9999 -9999 -9999 -9999 -9999 -9999 -1.24887E1 -1.3668E1 -1.28818E1 -1.54521E1 -1.22165E1 -1.10977E1 -1.15513E1 -1.33051E1 -1.4182E1 -1.46356E1 -1.98367E1 -1.94436E1 -2.50076E1 -2.14091E1 -1.88993E1 -1.69035E1 -1.94134E1 -1.93831E1 -2.12277E1 -2.23465E1 -2.3163E1 -2.41911E1 -2.99667E1 -2.8485E1 -3.15996E1 -3.87097E1 -6.39785E1 -5.86021E1 -6.45161E1 -6.45161E1 -6.45161E1 -4.4086E1 -6.50538E1 -6.55914E1 -6.55914E1 -6.55914E1 -6.55914E1 -6.55914E1 -4.51613E1 -4.51613E1 -6.55914E1 -6.55914E1 -6.55914E1 -4.51613E1 -5.86021E1 -4.56989E1 -2.38887E1 -2.47656E1 -3.76344E1 -3.76344E1 -2.85153E1
-9999 -9999 -9999 -9999 -9999 -9999 -9999 -9999 -9999 -9999 -9999 -9999 -9999 -9999 -9999 -9999 -9999 -9999 -9.19262E0 -6.41064E0 -5.35228E0 -1.04324E1 -1.13093E1 -1.18536E1 -6.68279E0 -1.02207E1 -1.39704E1 -1.87481E1 -1.65407E1 -2.23768E1 -2.01693E1 -2.29513E1 -2.16813E1 -2.12277E1 -2.01996E1 -2.6459E1 -3.13577E1 -3.03296E1 -4.30108E1 -4.30108E1 -5.91398E1 -4.35484E1 -5.86021E1 -7.25806E1 -8.60215E1 -8.65591E1 -6.55914E1 -6.55914E1 -4.51613E1 -6.55914E1 -8.76344E1 -5.48387E1 -5.48387E1 -5.48387E1 -8.65591E1 -8.70968E1 -8.76344E1 -6.6129E1 -6.6129E1 -6.6129E1 -6.66667E1 -5.91398E1 -3.30511E1 -2.84946E1 -2.84946E1 -4.62366E1 -2.84946E1 -2.8606E1
-9999 -9999 -9999 -9999 -9999 -9999 -9999 -9999 -9999 -9999 -9999 -9999 -9999 -9999 -9999 -9999 -9999 -9999 -9.01119E0 -8.67856E0 -8.22498E0 -1.13093E1 -1.12186E1 -5.23133E0 -1.09465E1 -1.00393E1 -1.28515E1 -1.82945E1 -1.95646E1 -2.01391E1 -1.26701E1 -2.25582E1 -2.02298E1 -2.38887E1 -2.81524E1 -2.52495E1 -2.7971E1 -4.35484E1 -6.45161E1 -6.50538E1 -6.50538E1 -6.50538E1 -7.25806E1 -7.25806E1 -6.72043E1 -6.72043E1 -8.76344E1 -8.8172E1 -6.66667E1 -6.66667E1 -8.87097E1 -5.53763E1 -5.53763E1 -4.03084E1 -4.11249E1 -8.76344E1 -8.92473E1 -8.8172E1 -8.87097E1 -4.78495E1 -6.72043E1 -4.67742E1 -4.73118E1 -4.73118E1 -4.73118E1 -5.64516E1 -5.86021E1 -2.95699E1
-9999 -9999 -9999 -9999 -9999 -9999 -9999 -9999 -9999 -9999 -9999 -9999 -9999 -9999 -9999 -9999 -9999 -9999 -7.10614E0 -1.28515E1 -1.34261E1 -1.20351E1 -8.95071E0 -7.68068E0 -7.10614E0 -1.09767E1 -1.04324E1 -1.29422E1 -1.98669E1 -1.72059E1 -1.22467E1 -1.86272E1 -2.20441E1 -2.52192E1 -2.41306E1 -2.73057E1 -2.31932E1 -2.95736E1 -5.86021E1 -5.86021E1 -5.91398E1 -6.6129E1 -5.91398E1 -7.25806E1 -6.82796E1 -6.82796E1 -8.87097E1 -8.92473E1 -8.92473E1 -6.72043E1 -8.97849E1 -6.82796E1 -5.64516E1 -4.15482E1 -6.82796E1 -6.82796E1 -9.03226E1 -9.03226E1 -8.92473E1 -4.78495E1 -6.82796E1 -4.78495E1 -4.78495E1 -4.78495E1 -4.78495E1 -5.91398E1 -5.86021E1 -4.83871E1
-9999 -9999 -9999 -9999 -9999 -9999 -9999 -9999 -9999 -9999 -9999 -9999 -9999 -9999 -9999 -9999 -9999 -9999 -4.41488E0 -7.01542E0 -9.04143E0 -1.38192E1 -9.07167E0 -7.55972E0 -3.56819E0 -1.00998E1 -1.11279E1 -1.60568E1 -1.8476E1 -2.02903E1 -1.71454E1 -1.95343E1 -2.60054E1 -2.18325E1 -2.90596E1 -2.72755E1 -2.29513E1 -3.09041E1 -4.51613E1 -4.51613E1 -6.66667E1 -6.66667E1 -6.72043E1 -7.31183E1 -8.27957E1 -3.90082E1 -8.3871E1 -6.93548E1 -9.03226E1 -6.82796E1 -9.08602E1 -6.88172E1 -6.88172E1 -5.69892E1 -5.75269E1 -6.88172E1 -9.19355E1 -6.88172E1 -6.88172E1 -6.88172E1 -4.83871E1 -4.83871E1 -3.01075E1 -4.89247E1 -5.69892E1 -4.89247E1 -4.89247E1 -4.89247E1
-9999 -9999 -9999 -9999 -9999 -9999 -9999 -9999 -9999 -9999 -9999 -9999 -9999 -9999 -9999 -9999 -9999 1.59681E-1 5.98802E-2 -5.14061E-1 -4.74751E0 -1.07953E1 -3.41699E0 -4.83822E-1 -2.11672E-1 -9.67644E0 -1.14605E1 -1.46961E1 -1.88691E1 -2.33747E1 -2.43725E1 -2.60357E1 -2.54611E1 -2.61869E1 -2.8485E1 -2.39492E1 -3.87097E1 -3.92473E1 -3.92473E1 -3.87097E1 -4.62366E1 -6.77419E1 -6.77419E1 -6.82796E1 -6.82796E1 -6.82796E1 -8.44086E1 -5.86021E1 -6.98925E1 -6.98925E1 -8.65591E1 -4.36347E1 -4.06108E1 -6.98925E1 -6.98925E1 -6.98925E1 -9.30107E1 -6.98925E1 -9.30107E1 -9.30107E1 -6.98925E1 -3.06452E1 -3.06452E1 -3.06452E1 -3.11828E1 -3.11828E1 -3.11828E1 -4.94624E1
-9999 -9999 -9999 -9999 -9999 -9999 -9999 -9999 -9999 -9999 -9999 -9999 -9999 -9999 -9999 -9999 -9999 1.99601E-2 7.18563E-1 5.58882E-1 1.99601E-2 -3.59843E0 1.99601E-2 1.99601E-2 -6.13849E0 -9.19262E0 -1.11581E1 -1.6329E1 -2.13487E1 -1.88691E1 -3.03598E1 -2.72755E1 -2.60962E1 -2.21046E1 -2.28908E1 -2.68521E1 -4.56989E1 -6.72043E1 -6.72043E1 -6.77419E1 -6.82796E1 -3.92473E1 -3.92473E1 -6.88172E1 -9.08602E1 -9.13979E1 -9.13979E1 -7.09677E1 -5.91398E1 -8.65591E1 -7.04301E1 -7.04301E1 -7.04301E1 -7.09677E1 -7.04301E1 -7.04301E1 -7.04301E1 -7.04301E1 -9.4086E1 -9.4086E1 -7.09677E1 -5E1 -3.11828E1 -3.30209E1 -3.87097E1 -5.05376E1 -5.91398E1 -5.05376E1
-9999 -9999 -9999 -9999 -9999 -9999 -9999 -9999 -9999 -9999 -9999 -9999 -9999 -9999 -9999 -9999 -9999 -7.55972E-1 1.99601E-2 3.39321E-1 1.99601E-2 1.99601E-2 -5.68491E0 -5.92682E0 -7.46901E0 -5.89658E0 -9.46477E0 -1.72664E1 -2.21651E1 -2.21046E1 -2.96039E1 -2.7336E1 -2.33747E1 -2.76988E1 -2.68817E1 -2.23768E1 -6.77419E1 -3.2779E1 -4.67742E1 -8.92473E1 -7.09677E1 -7.09677E1 -7.25806E1 -6.98925E1 -9.13979E1 -7.15054E1 -7.15054E1 -7.15054E1 -9.35484E1 -9.35484E1 -7.15054E1 -5.96774E1 -3.71334E1 -5.96774E1 -9.51613E1 -9.51613E1 -9.03226E1 -9.08602E1 -7.15054E1 -7.15054E1 -9.19355E1 -7.15054E1 -5.10753E1 -7.15054E1 -3.87097E1 -3.87097E1 -7.15054E1 -5.86021E1
-9999 -9999 -9999 -9999 -9999 -9999 -9999 -9999 -9999 -9999 -9999 -9999 -9999 -9999 -9999 -9999 -8.5576E0 -5.443E-1 1.99601E-2 1.99601E-2 1.99601E-2 -1.48171E0 -1.14908E1 -1.58452E1 -9.6462E0 -1.30027E1 -1.29422E1 -1.87481E1 -2.48261E1 -2.10463E1 -2.62171E1 -2.82734E1 -2.71243E1 -3.92473E1 -4.62366E1 -4.67742E1 -6.88172E1 -4.73118E1 -8.97849E1 -4.08602E1 -3.87097E1 -7.2043E1 -7.31183E1 -7.04301E1 -7.31183E1 -7.25806E1 -7.2043E1 -6.07527E1 -7.25806E1 -7.25806E1 -7.25806E1 -4.67742E1 -6.07527E1 -6.07527E1 -7.2043E1 -9.62366E1 -9.62366E1 -7.2043E1 -9.13979E1 -9.19355E1 -7.2043E1 -9.56989E1 -7.25806E1 -7.25806E1 -3.92473E1 -3.87097E1 -3.87097E1 -3.42002E1
-9999 -9999 -9999 -9999 -9999 -9999 -9999 -9999 -9999 -9999 -9999 -9999 -9999 -9999 -9999 -9999 -9999 -3.14484E0 7.98403E-2 -5.50348E0 -5.47324E0 -6.71303E0 -1.6964E1 -2.18022E1 -1.34865E1 -1.61173E1 -1.6208E1 -1.53614E1 -1.94134E1 -2.34956E1 -2.63078E1 -3.07227E1 -2.83641E1 -3.92473E1 -3.92473E1 -6.88172E1 -3.92473E1 -3.92473E1 -9.03226E1 -6.07527E1 -3.76344E1 -3.92473E1 -8.92473E1 -9.30107E1 -9.35484E1 -7.31183E1 -7.31183E1 -4.78495E1 -6.1828E1 -7.36559E1 -7.31183E1 -6.1828E1 -4.78495E1 -4.78495E1 -7.31183E1 -9.73118E1 -9.73118E1 -9.73118E1 -9.19355E1 -4.3665E1 -9.24731E1 -7.25806E1 -7.41936E1 -5.96774E1 -3.92473E1 -2.24373E1 -2.88781E1 -3.19323E1
-9999 -9999 -9999 -9999 -9999 -9999 -9999 -9999 -9999 -9999 -9999 -9999 -9999 -9999 -9999 -9999 -9999 1.99601E-2 1.99601E-2 -1.0886E0 -9.91835E0 -9.82764E0 -2.1137E1 -2.20139E1 -1.95948E1 -2.2528E1 -1.46054E1 -1.33656E1 -1.76293E1 -2.08648E1 -2.59752E1 -2.76081E1 -6.82796E1 -3.87097E1 -3.92473E1 -6.98925E1 -6.98925E1 -4.89247E1 -8.65591E1 -3.77079E1 -3.70968E1 -3.33837E1 -7.2043E1 -9.35484E1 -7.36559E1 -7.36559E1 -6.23656E1 -6.1828E1 -6.23656E1 -7.41936E1 -7.41936E1 -7.41936E1 -6.23656E1 -6.23656E1 -6.23656E1 -7.41936E1 -9.83871E1 -9.19355E1 -9.24731E1 -9.30107E1 -7.41936E1 -9.78495E1 -7.41936E1 -6.07527E1 -7.41936E1 -7.41936E1 -7.41936E1 -3.92473E1
-9999 -9999 -9999 -9999 -9999 -9999 -9999 -9999 -9999 -9999 -9999 -9999 -9999 -9999 -9999 -9999 -5.41276E0 -4.05201E0 -1.20956E0 -1.13093E1 -1.59964E1 -1.6208E1 -1.92017E1 -2.21046E1 -1.70547E1 -1.79619E1 -1.57545E1 -1.5573E1 -1.54218E1 -1.48473E1 -1.70245E1 -1.90807E1 -1.96553E1 -2.11067E1 -3.3871E1 -4.89247E1 -4.89247E1 -7.09677E1 -7.15054E1 -3.92473E1 -2.91805E1 -3.8172E1 -8.54839E1 -4.16692E1 -7.41936E1 -9.62366E1 -9.62366E1 -7.41936E1 -7.41936E1 -7.47312E1 -7.47312E1 -9.83871E1 -9.89247E1 -9.89247E1 -9.94624E1 -9.94624E1 -9.94624E1 -9.94624E1 -7.47312E1 -7.41936E1 -7.47312E1 -9.89247E1 -9.89247E1 -8.17204E1 -6.12903E1 -6.23656E1 -9.73118E1 -7.41936E1
-9999 -9999 -9999 -9999 -9999 -9999 -9999 -9999 -9999 -9999 -9999 -9999 -9999 -9999 -9999 -9999 -5.89658E0 -4.14273E0 -6.31993E0 -1.05231E1 -1.05836E0 1.99601E-2 -1.14303E1 -1.72362E1 -1.15513E1 -1.48473E1 -1.73269E1 -2.00484E1 -1.93831E1 -8.49713E0 -1.82796E1 -5.41276E0 -3.74962E0 -9.31358E0 -1.40308E1 -2.02903E1 -3.87097E1 -5E1 -3.06622E1 -3.51376E1 -3.8222E1 -3.53493E1 -8.8172E1 -7.36559E1 -4.13979E1 -9.67742E1 -7.52688E1 -7.52688E1 -8.87097E1 -7.52688E1 -8.92473E1 -8.97849E1 -1E2 -1E2 -7.52688E1 -7.52688E1 -1.01075E2 -1.01075E2 -6.39785E1 -5.05376E1 -6.39785E1 -7.52688E1 -7.52688E1 -9.94624E1 -8.17204E1 -4.73118E1 -8.22581E1 -7.41936E1
-9999 -9999 -9999 -9999 -9999 -9999 -9999 -9999 -9999 -9999 -9999 -9999 -9999 -9999 -9999 -9999 -8.73904E0 -1.93529E0 -2.78198E0 1.99601E-2 7.98403E-2 9.98004E-2 1.99601E-2 -3.59843E0 -4.38464E0 -8.37617E0 -1.51194E1 -1.56637E1 -5.41276E0 -2.93317E0 -9.85788E0 1.1976E-1 1.99601E-2 1.99601E-2 -4.59631E0 -1.52404E1 -2.21953E1 -3.08437E1 -3.49462E1 -3.06925E1 -2.83641E1 -3.29604E1 -3.91896E1 -4.03226E1 -9.08602E1 -9.13979E1 -3.50771E1 -4.19355E1 -7.58064E1 -3.98246E1 -7.63441E1 -9.03226E1 -9.08602E1 -5.43011E1 -7.63441E1 -7.63441E1 -1.02151E2 -7.58064E1 -7.58064E1 -7.58064E1 -7.63441E1 -7.63441E1 -7.63441E1 -9.4086E1 -7.68817E1 -6.12903E1 -6.1828E1 -6.12903E1
-9999 -9999 -9999 -9999 -9999 -9999 -9999 -9999 -9999 -9999 -9999 -9999 -9999 -9999 -9999 -9999 -6.56184E0 -3.41699E0 -4.23344E-1 1.59681E-1 6.18762E-1 1.71657E0 4.99002E-1 4.79042E-1 9.98004E-2 -2.57031E0 -8.58784E0 -4.05201E0 1.99601E-2 7.98403E-2 1.99601E-2 1.99601E-2 -4.71727E0 -6.71303E0 -3.06452E1 -3.11828E1 -2.88479E1 -2.74871E1 -3.54839E1 -3.8172E1 -7.47312E1 -7.47312E1 -8.8172E1 -8.87097E1 -8.87097E1 -9.13979E1 -4.30108E1 -4.35484E1 -7.63441E1 -7.63441E1 -9.03226E1 -7.74194E1 -9.13979E1 -7.68817E1 -7.74194E1 -7.74194E1 -1.02688E2 -9.35484E1 -7.68817E1 -7.68817E1 -7.68817E1 -7.68817E1 -1.02151E2 -4.56989E1 -7.47312E1 -6.23656E1 -6.23656E1 -7.7957E1
-9999 -9999 -9999 -9999 -9999 -9999 -9999 -9999 -9999 -9999 -9999 -9999 -9999 -9999 -9999 -1.2156E1 -4.59631E0 1.99601E-2 1.99601E-2 6.18762E-1 6.18762E-1 1.61677E0 4.79042E-1 3.39321E-1 1.1976E-1 1.99601E-2 -4.26368E0 1.99601E-2 1.99601E-2 -3.02389E-2 1.99601E-2 -8.0133E0 -1.68431E1 -3.11828E1 -3.11828E1 -3.24161E1 -3.17204E1 -3.22581E1 -5.26882E1 -3.78591E1 -8.49462E1 -8.54839E1 -8.92473E1 -4.08602E1 -9.03226E1 -7.63441E1 -7.68817E1 -7.68817E1 -7.68817E1 -1.01613E2 -9.03226E1 -9.13979E1 -9.19355E1 -7.7957E1 -7.7957E1 -9.24731E1 -1.03763E2 -7.7957E1 -7.7957E1 -9.51613E1 -9.51613E1 -7.7957E1 -1.03226E2 -7.47312E1 -4.03226E1 -2.68521E1 -2.59752E1 -7.90323E1
-9999 -9999 -9999 -9999 -9999 -9999 -9999 -9999 -9999 -9999 -9999 -9999 -9999 -9999 -9999 -1.29725E1 -3.93106E0 3.39321E-1 1.13772E0 6.18762E-1 1.83633E0 1.47705E0 1.39721E0 4.79042E-1 9.98004E-2 1.99601E-2 -6.04778E-2 1.99601E-2 -1.20956E-1 -9.61597E0 -1.23072E1 -1.59964E1 -3.65591E1 -3.49462E1 -3.32023E1 -3.67402E1 -3.41397E1 -4.08602E1 -4.03226E1 -5.37634E1 -7.63441E1 -8.60215E1 -7.68817E1 -8.3871E1 -7.84946E1 -8.8172E1 -8.8172E1 -8.97849E1 -7.7957E1 -7.84946E1 -8.92473E1 -7.90323E1 -9.24731E1 -7.90323E1 -7.90323E1 -7.90323E1 -7.90323E1 -7.90323E1 -7.90323E1 -1.04839E2 -1.04301E2 -7.84946E1 -1.03763E2 -7.95699E1 -7.47312E1 -4.56989E1 -4.51613E1 -7.47312E1
-9999 -9999 -9999 -9999 -9999 -9999 -9999 -9999 -9999 -9999 -9999 -9999 -9999 -9999 -5.92682E0 -4.02177E0 1.99601E-2 2.37525E0 2.65469E0 6.18762E-1 6.18762E-1 6.18762E-1 5.78842E-1 4.79042E-1 1.99601E-2 -4.08225E0 -3.22581E1 -3.27957E1 -3.27957E1 -5.96774E1 -2.95699E1 -2.18627E1 -1.79619E1 -1.95343E1 -2.91503E1 -3.22347E1 -3.87097E1 -3.84034E1 -3.92473E1 -5.43011E1 -3.84034E1 -3.9492E1 -5.53763E1 -7.7957E1 -1.00538E2 -8.01075E1 -7.95699E1 -7.95699E1 -8.97849E1 -8.01075E1 -7.95699E1 -7.95699E1 -7.95699E1 -1.04301E2 -8.01075E1 -9.08602E1 -7.95699E1 -9.13979E1 -8.01075E1 -8.01075E1 -8.01075E1 -1.03763E2 -9.19355E1 -1.04301E2 -7.47312E1 -7.47312E1 -5.91398E1 -5.91398E1
-9999 -9999 -9999 -9999 -9999 -9999 -9999 -9999 -9999 -9999 -9999 -9999 -9999 -9.07167E-1 -1.24282E1 -1.66314E0 3.99202E-2 7.58483E-1 1.03792E0 7.38523E-1 9.78044E-1 6.18762E-1 6.18762E-1 9.98004E-2 1.99601E-2 -1.30027E1 -4.03226E1 -2.95699E1 -2.74194E1 -3.06452E1 -1.45751E1 -5.17085E0 -4.53583E-1 -9.31358E0 -1.84155E1 -2.55216E1 -3.52585E1 -3.9492E1 -3.85243E1 -5.48387E1 -5.53763E1 -5.5914E1 -5.5914E1 -7.84946E1 -7.90323E1 -8.06452E1 -1.01075E2 -8.54839E1 -1.03226E2 -8.06452E1 -6.98925E1 -6.93548E1 -8.06452E1 -1.05914E2 -8.06452E1 -8.11828E1 -1.03763E2 -8.06452E1 -1.06989E2 -8.11828E1 -8.11828E1 -1.05914E2 -1.05914E2 -4.46237E1 -1.04839E2 -7.52688E1 -5.96774E1 -6.02151E1
-9999 -9999 -9999 -9999 -9999 -9999 -9999 -9999 -9999 -9999 -9999 -9999 -9999 -9999 -4.44512E0 -5.83611E0 -2.7215E-1 -2.81222E0 -9.67644E-1 1.79641E-1 9.98004E-2 4.19162E-1 5.98802E-2 -4.8987E0 -1.20048E1 -8.58784E0 -6.5316E0 -7.92259E0 -5.77563E0 -6.98518E0 -3.59843E0 1.99601E-2 1.99601E-2 1.99601E-2 -8.34593E0 -1.9625E1 -3.17508E1 -7.7957E1 -7.7957E1 -5.5914E1 -3.76172E1 -5.64516E1 -4.09435E1 -5.69892E1 -7.95699E1 -8.01075E1 -8.76344E1 -8.06452E1 -8.06452E1 -8.44086E1 -8.17204E1 -7.04301E1 -6.98925E1 -6.98925E1 -8.17204E1 -6.98925E1 -8.17204E1 -1.03763E2 -9.67742E1 -9.67742E1 -9.73118E1 -1.04839E2 -8.22581E1 -9.08602E1 -4.4086E1 -9.03226E1 -8.22581E1 -8.22581E1
-9999 -9999 -9999 -9999 -9999 -9999 -9999 -9999 -9999 -9999 -9999 -9999 -9999 -9999 -9.07167E0 -1.3033E1 -9.58573E0 -8.22498E0 -4.83822E0 7.98403E-2 7.98403E-1 9.98004E-2 1.99601E-2 1.99601E-2 -5.53372E0 1.99601E-2 3.39321E-1 1.99601E-2 -5.443E-1 1.99601E-2 -1.30027E0 -4.05201E0 -1.35773E1 -6.89447E0 -2.95699E1 -3.49462E1 -7.84946E1 -7.84946E1 -7.84946E1 -9.89247E1 -7.90323E1 -1.01075E2 -1.01613E2 -8.06452E1 -5.80645E1 -8.06452E1 -8.11828E1 -8.11828E1 -8.17204E1 -1.04839E2 -1.04839E2 -7.15054E1 -8.22581E1 -8.22581E1 -7.09677E1 -5.75269E1 -5.75269E1 -7.04301E1 -8.22581E1 -8.27957E1 -1.04839E2 -1.05376E2 -1.05914E2 -8.97849E1 -9.03226E1 -8.33333E1 -6.12903E1 -6.1828E1
-9999 -9999 -9999 -9999 -9999 -9999 -9999 -9999 -9999 -9999 -9999 -9999 -9999 -1.14001E1 -1.58149E1 -1.8234E1 -1.10372E1 -7.92259E0 -2.63078E0 1.99601E-2 9.98004E-2 1.39721E-1 3.39321E-1 3.19361E-1 1.99601E-2 4.99002E-1 1.89621E0 5.58882E-1 7.98403E-2 9.98004E-2 -4.8987E0 -1.55125E1 -1.88691E1 -2.40097E1 -3.46538E1 -8.11828E1 -8.11828E1 -1E2 -7.95699E1 -1.01075E2 -1.02151E2 -8.22581E1 -1.03226E2 -8.11828E1 -5.91398E1 -5.91398E1 -8.17204E1 -8.22581E1 -8.22581E1 -1.06452E2 -1.06989E2 -8.33333E1 -8.33333E1 -8.27957E1 -5.86021E1 -5.86021E1 -7.15054E1 -7.15054E1 -8.27957E1 -4.63865E1 -8.3871E1 -8.3871E1 -9.89247E1 -8.92473E1 -8.44086E1 -8.44086E1 -6.23656E1 -6.23656E1
-9999 -9999 -9999 -9999 -9999 -9999 -9999 -9999 -9999 -9999 -9999 -9999 -9999 -1.07046E1 -1.3547E1 -1.41216E1 -4.92894E0 -6.5316E0 -5.17085E0 1.99601E-2 3.99202E-2 1.99601E-2 1.1976E-1 5.98802E-2 1.99601E-2 1.99601E-2 9.98004E-1 9.98004E-2 7.98403E-2 3.99202E-2 -9.94859E0 -1.85969E1 -1.74176E1 -1.79317E1 -2.95699E1 -7.09677E1 -7.95699E1 -8.11828E1 -1.02151E2 -1.02151E2 -8.27957E1 -8.27957E1 -8.97849E1 -5.96774E1 -3.87097E1 -5.96774E1 -1.05376E2 -8.27957E1 -8.33333E1 -8.33333E1 -8.33333E1 -8.3871E1 -8.3871E1 -8.33333E1 -7.2043E1 -5.91398E1 -8.3871E1 -8.33333E1 -5.0257E1 -4.75658E1 -8.49462E1 -8.49462E1 -4.24731E1 -8.97849E1 -4.35484E1 -8.49462E1 -6.29032E1 -6.34409E1
-9999 -9999 -9999 -9999 -9999 -9999 -9999 -9999 -9999 -9999 -9999 -9999 -9999 -8.76928E0 -1.40913E1 -1.00091E1 1.99601E-2 1.99601E-2 9.98004E-2 7.98403E-2 1.99601E-2 1.99601E-2 1.99601E-2 1.99601E-2 -5.443E0 -3.62867E0 -1.33051E0 1.99601E-2 -4.26368E0 -5.443E0 -1.4938E1 -1.00393E1 -7.13638E0 -4.41488E0 -2.15301E1 -7.74194E1 -7.63441E1 -8.06452E1 -1.02688E2 -8.33333E1 -8.33333E1 -1.04839E2 -1.04301E2 -8.27957E1 -6.07527E1 -6.07527E1 -8.3871E1 -8.3871E1 -8.3871E1 -8.44086E1 -7.31183E1 -8.44086E1 -8.44086E1 -8.44086E1 -7.36559E1 -7.31183E1 -7.31183E1 -8.44086E1 -4.90172E1 -4.42093E1 -4.24731E1 -4.44512E1 -3.79498E1 -4.30108E1 -4.30108E1 -8.60215E1 -8.60215E1 -8.60215E1
-9999 -9999 -9999 -9999 -9999 -9999 -9999 -9999 -9999 -9999 -9999 -9999 -5.11037E0 -1.29725E1 -8.34593E0 -1.54218E0 1.99601E-2 1.99601E-2 1.97605E0 1.71657E0 9.38124E-1 1.99601E-2 -1.26096E1 -1.51497E1 -1.65104E1 -2.36559E1 -2.31183E1 -1.03417E1 -1.11884E1 -1.28515E1 -1.49682E1 -1.75386E0 1.99601E-2 -5.59419E0 -1.39099E1 -3.49462E1 -3.544E1 -1.01613E2 -8.3871E1 -8.44086E1 -8.44086E1 -8.44086E1 -8.44086E1 -1.05914E2 -8.49462E1 -8.49462E1 -9.30107E1 -8.49462E1 -8.49462E1 -8.49462E1 -8.54839E1 -7.47312E1 -8.54839E1 -9.67742E1 -8.54839E1 -9.73118E1 -8.54839E1 -7.41936E1 -8.54839E1 -4.24731E1 -4.37859E1 -4.28183E1 -8.65591E1 -4.35484E1 -8.8172E1 -8.87097E1 -1.01613E2 -1.02151E2
