ENM/Final_Models/M_1_F_q_Set_1_E/Gustavia_santanderiensis_0_Choco.asc
ncols         367
nrows         963
xllcorner     -78.6
yllcorner     0.65
cellsize      0.00833333333333323
NODATA_value  -9999
[rows 713 to 743 of 963, columns 142 to 212 of 367]
9.99999E-1 9.99305E-1 9.99253E-1 9.99508E-1 9.9997E-1 9.99999E-1 9.90998E-1 9.99055E-1 9.99775E-1 9.99451E-1 9.98523E-1 9.56849E-1 9.80873E-1 9.98792E-1 9.98912E-1 9.98995E-1 9.99496E-1 9.83084E-1 9.94227E-1 9.98017E-1 9.06968E-1 9.97688E-1 9.74233E-1 7.65439E-1 6.69774E-1 6.40411E-1 6.70954E-1 8.4419E-1 9.7766E-1 8.69655E-1 9.86841E-1 9.98859E-1 9.96998E-1 9.99699E-1 9.95967E-1 8.98823E-1 9.29723E-1 9.80349E-1 8.73474E-1 5.57052E-1 3.74539E-1 8.90507E-1 7.15344E-1 3.46172E-1 3.31412E-1 1.22747E-1 1.24149E-1 1.02393E-2 3.37579E-3 7.05833E-4 2.69556E-4 3.48723E-4 3.46833E-4 5.64337E-4 1.4692E-4 6.56011E-4 9.4929E-4 1.98143E-3 4.0922E-3 8.30219E-3 1.76766E-3 1.24227E-4 3.63713E-5 -9999 -9999 -9999 -9999 -9999 -9999 -9999 -9999
9.99978E-1 9.98932E-1 9.9791E-1 9.9985E-1 9.99998E-1 9.9999E-1 9.98529E-1 9.97063E-1 9.99843E-1 9.99929E-1 9.99166E-1 9.94874E-1 9.98484E-1 9.69537E-1 9.59726E-1 8.36881E-1 9.72699E-1 9.0522E-1 6.47498E-1 8.70377E-1 6.08357E-1 9.28579E-1 8.8215E-1 9.48728E-1 9.98003E-1 9.66656E-1 9.55131E-1 9.45136E-1 7.09219E-1 6.7753E-1 6.21376E-1 9.67425E-1 9.30769E-1 8.79094E-1 7.32432E-1 3.6555E-1 4.1364E-1 6.40482E-1 9.20359E-1 4.91142E-1 2.3934E-1 2.31264E-1 4.33204E-1 1.97979E-1 1.20725E-1 4.75932E-3 5.9724E-3 3.00452E-3 7.6663E-4 2.46068E-4 2.3662E-4 9.56825E-4 4.78494E-3 8.62968E-4 5.40013E-4 2.48236E-3 8.5353E-4 1.38867E-3 2.74219E-3 6.61021E-4 2.4838E-4 1.77973E-4 1.00965E-4 -9999 -9999 -9999 -9999 -9999 -9999 -9999 -9999
9.99994E-1 9.99706E-1 9.98303E-1 9.9994E-1 9.99995E-1 9.99996E-1 9.99161E-1 9.96673E-1 9.99401E-1 9.99272E-1 9.86975E-1 9.79472E-1 8.33033E-1 7.89378E-1 4.14006E-1 4.23411E-1 8.87804E-1 9.25994E-1 8.20706E-1 6.23501E-1 4.11826E-1 9.36552E-1 9.35892E-1 9.63664E-1 9.84254E-1 9.79448E-1 9.27463E-1 7.27307E-1 7.98913E-1 7.94362E-1 8.39181E-1 8.79252E-1 7.44847E-1 8.62865E-1 3.57167E-1 9.9653E-2 1.53898E-1 3.70034E-1 5.3833E-1 6.35871E-1 3.03152E-1 1.59542E-1 6.2117E-2 1.69018E-2 7.73078E-3 2.29464E-3 7.25955E-4 4.63453E-4 4.4449E-4 4.68058E-4 2.22751E-3 3.10153E-3 5.28897E-3 5.02252E-3 3.84822E-3 5.69419E-3 2.84863E-3 3.22669E-3 2.48667E-3 4.08904E-4 1.85473E-4 4.92459E-5 2.90943E-5 -9999 -9999 -9999 -9999 -9999 -9999 -9999 -9999
9.99264E-1 9.99785E-1 9.99527E-1 9.99912E-1 9.99918E-1 9.99471E-1 9.99253E-1 9.99275E-1 9.9347E-1 9.8923E-1 9.98949E-1 9.55282E-1 5.52768E-1 4.05073E-1 1.81607E-1 3.28721E-1 8.9526E-1 8.92854E-1 7.38861E-1 3.17884E-1 4.91462E-1 9.83858E-1 9.674E-1 4.9355E-1 4.30704E-1 8.52355E-1 9.32949E-1 9.29516E-1 8.24191E-1 9.02186E-1 9.85052E-1 6.52072E-1 5.25253E-1 5.45424E-1 2.96395E-1 9.41921E-2 1.55177E-1 2.59593E-1 2.71817E-1 3.82122E-1 2.0905E-1 1.40866E-1 5.85052E-2 2.74926E-3 1.21862E-3 5.39481E-4 1.28824E-3 2.40188E-4 2.50082E-3 2.41081E-3 1.99162E-2 4.17779E-3 9.84821E-3 7.90234E-3 6.91947E-3 3.74002E-3 2.5547E-3 2.29545E-3 5.79779E-4 1.59058E-3 4.18153E-4 3.12559E-4 6.48318E-5 -9999 -9999 -9999 -9999 -9999 -9999 -9999 -9999
9.99945E-1 9.99506E-1 9.99845E-1 9.99799E-1 9.99271E-1 9.98318E-1 9.9125E-1 9.98214E-1 9.88059E-1 9.93971E-1 9.78749E-1 7.28896E-1 5.31387E-1 2.02892E-1 1.86827E-1 5.09419E-1 6.45372E-1 7.55923E-1 6.33124E-1 2.51966E-1 5.62545E-1 9.80285E-1 9.39922E-1 4.03842E-1 3.17308E-1 4.10846E-1 5.71646E-1 7.17842E-1 5.6241E-1 6.04353E-1 9.29859E-1 5.86794E-1 8.85573E-1 8.36538E-1 3.22995E-1 7.218E-2 7.17983E-2 8.09801E-2 8.07196E-2 8.88089E-2 3.75921E-2 1.24732E-1 1.06149E-1 3.6298E-3 1.09109E-3 2.39856E-3 6.80404E-3 1.53476E-3 8.34523E-3 1.06681E-2 2.3105E-2 4.91683E-3 5.31898E-3 7.62216E-3 3.73773E-3 2.47166E-3 7.76702E-3 1.23759E-3 2.49357E-3 9.5227E-4 1.54699E-4 3.40773E-5 4.26381E-5 -9999 -9999 -9999 -9999 -9999 -9999 -9999 -9999
9.99977E-1 9.98737E-1 9.99661E-1 9.92734E-1 9.7727E-1 9.96646E-1 9.78471E-1 9.88323E-1 9.68282E-1 9.54751E-1 8.65999E-1 7.71548E-1 5.05426E-1 1.97749E-1 6.95626E-2 2.44826E-1 1.37739E-1 2.41781E-1 2.76759E-1 3.31208E-1 9.1975E-1 9.90125E-1 9.86409E-1 9.33347E-1 4.97995E-1 3.90177E-1 4.41852E-1 4.97123E-1 3.59853E-1 4.9482E-1 9.17526E-1 9.81539E-1 8.94202E-1 4.95214E-1 2.37494E-1 5.80541E-2 6.14253E-2 6.17833E-2 1.93005E-2 3.83899E-2 6.63206E-2 1.69711E-1 5.79697E-2 9.00415E-3 6.80129E-3 4.56288E-3 9.32427E-3 4.33952E-3 1.54825E-2 2.91641E-2 7.51237E-3 1.11549E-2 1.00364E-2 7.44212E-3 9.36034E-3 9.29314E-3 1.14145E-2 8.25332E-3 2.85789E-3 3.07296E-4 5.79492E-5 9.53459E-6 9.94889E-6 -9999 -9999 -9999 -9999 -9999 -9999 -9999 -9999
9.99982E-1 9.99988E-1 9.89019E-1 9.91507E-1 9.91827E-1 9.79132E-1 9.99393E-1 9.99913E-1 9.93987E-1 9.95492E-1 8.70347E-1 5.7113E-1 2.45346E-1 2.14484E-1 3.38199E-2 1.04812E-1 4.56852E-2 6.20506E-2 1.75338E-1 7.80144E-1 9.43559E-1 9.81456E-1 8.91795E-1 5.43118E-1 3.81692E-1 2.63026E-1 7.22431E-1 6.18281E-1 8.20756E-1 6.67894E-1 7.76381E-1 9.91744E-1 9.86651E-1 6.46509E-1 8.72843E-2 3.12771E-2 6.25061E-2 6.1862E-2 3.76914E-2 1.43409E-1 5.85897E-1 3.44209E-1 2.3752E-1 2.99053E-2 2.99273E-2 6.22937E-3 1.86836E-2 2.11298E-2 1.00196E-1 2.04606E-2 2.72247E-2 1.65714E-2 7.84273E-3 1.268E-2 6.27356E-3 1.0726E-3 1.94479E-3 2.55891E-3 2.30793E-3 1.47371E-3 1.3955E-4 1.98084E-5 3.90489E-6 -9999 -9999 -9999 -9999 -9999 -9999 -9999 -9999
9.9761E-1 9.99994E-1 9.99654E-1 9.95175E-1 9.86847E-1 9.99792E-1 9.99094E-1 9.99699E-1 9.99839E-1 9.99922E-1 9.22831E-1 3.73881E-1 1.60602E-1 6.52727E-2 3.10128E-2 9.71697E-3 5.70427E-3 4.68094E-2 3.45967E-1 7.53223E-1 9.30089E-1 8.12947E-1 8.63317E-1 5.48531E-1 3.91702E-1 2.79154E-1 1.98496E-1 1.22519E-1 2.60354E-1 5.52581E-1 4.97268E-1 8.61692E-1 9.90017E-1 2.81009E-1 7.20592E-2 8.14389E-2 1.59213E-1 2.23509E-1 1.54947E-1 5.61488E-1 4.98123E-1 1.16094E-1 2.31856E-1 3.18094E-1 2.00246E-1 8.60398E-2 8.70584E-2 1.02679E-1 8.86439E-2 9.03263E-2 8.20871E-2 2.30892E-2 1.30668E-2 1.47974E-2 6.05332E-4 1.39601E-4 2.89983E-4 1.27285E-3 5.11293E-4 3.9968E-4 6.84089E-5 1.84978E-5 -9999 -9999 -9999 -9999 -9999 -9999 -9999 -9999 -9999
9.99899E-1 9.97607E-1 9.98493E-1 9.97413E-1 9.76676E-1 9.89953E-1 9.77887E-1 9.99297E-1 9.99822E-1 9.99837E-1 9.81271E-1 3.45978E-1 2.74448E-1 3.87671E-1 2.21514E-1 5.27082E-2 1.95817E-2 1.10798E-1 6.23149E-1 7.62997E-1 7.58004E-1 6.68106E-1 6.20596E-1 2.82501E-1 1.42582E-1 3.60835E-2 1.17085E-2 2.63191E-2 3.73958E-2 1.53605E-1 5.29637E-1 9.02474E-1 9.90494E-1 5.32609E-1 4.07842E-1 5.83721E-1 4.55408E-1 6.51236E-1 6.09659E-1 8.56151E-1 2.7818E-1 9.82833E-2 1.85364E-1 1.53919E-1 2.21611E-1 1.06493E-1 9.09029E-2 2.79927E-2 6.44328E-2 6.93906E-2 3.67704E-2 3.9847E-2 2.591E-2 9.33877E-3 1.97923E-3 1.17671E-4 1.29075E-4 5.18857E-4 1.41498E-4 1.82099E-4 1.49095E-5 -9999 -9999 -9999 -9999 -9999 -9999 -9999 -9999 -9999 -9999
9.99996E-1 9.99956E-1 9.99972E-1 9.99895E-1 9.93688E-1 9.96911E-1 9.87565E-1 9.9966E-1 9.99992E-1 9.99956E-1 9.99205E-1 7.55478E-1 8.25247E-1 8.28108E-1 4.40274E-1 7.44758E-2 1.28104E-1 3.33688E-1 5.69247E-1 4.11669E-1 3.50232E-1 3.20588E-1 2.14411E-1 5.29365E-2 5.81502E-2 6.19467E-3 9.97572E-3 6.73068E-2 1.25744E-2 9.72764E-2 3.67252E-1 9.71474E-1 9.8412E-1 8.47095E-1 9.60724E-1 9.68871E-1 8.65154E-1 8.2837E-1 6.63011E-1 6.67848E-1 4.13545E-1 5.24783E-1 5.21941E-1 3.32467E-1 1.46072E-1 3.74084E-2 2.69631E-2 1.57153E-2 1.38422E-2 4.56364E-2 3.62756E-2 4.08184E-2 1.53285E-2 1.45835E-3 1.4562E-4 4.23532E-5 6.92785E-5 2.21066E-4 1.06496E-4 4.7679E-5 7.10014E-6 -9999 -9999 -9999 -9999 -9999 -9999 -9999 -9999 -9999 -9999
9.97993E-1 9.97796E-1 9.99578E-1 9.96665E-1 9.98183E-1 9.70266E-1 9.99547E-1 9.99878E-1 9.99726E-1 9.99941E-1 9.90673E-1 9.91813E-1 9.60024E-1 8.91177E-1 6.90397E-1 5.57939E-1 3.01809E-1 1.08612E-1 1.38127E-1 1.21217E-1 5.30359E-2 5.82731E-2 4.20875E-2 3.66516E-3 5.53795E-3 4.71906E-3 8.83958E-3 1.5545E-1 5.04966E-2 1.19821E-1 6.09686E-1 9.91343E-1 8.04035E-1 2.05683E-1 3.10718E-1 6.96449E-1 3.72929E-1 1.30466E-1 5.93843E-2 5.87219E-2 4.02331E-1 3.51175E-1 6.14753E-2 3.9073E-1 2.09813E-1 5.97872E-2 9.94159E-3 8.56366E-3 2.91343E-2 3.81672E-2 2.85818E-2 7.72979E-3 6.91645E-4 1.0876E-4 6.70417E-5 9.82986E-5 1.5683E-4 5.20815E-5 2.04327E-5 7.36796E-6 6.10123E-6 -9999 -9999 -9999 -9999 -9999 -9999 -9999 -9999 -9999 -9999
9.98437E-1 9.78544E-1 9.72451E-1 9.66905E-1 9.9961E-1 9.9979E-1 9.99571E-1 9.99357E-1 9.99735E-1 9.99074E-1 9.71864E-1 9.4988E-1 7.90886E-1 6.10322E-1 6.49698E-1 3.8848E-1 1.09591E-1 3.10442E-2 1.21912E-2 9.94474E-3 2.07742E-2 8.70672E-3 3.89305E-3 1.05766E-3 1.46621E-2 8.67584E-2 5.2781E-2 7.84841E-2 1.13419E-1 2.84401E-1 4.34069E-1 9.87014E-1 8.38834E-1 1.98789E-1 1.55084E-1 2.29023E-1 5.4727E-2 1.93944E-2 1.62895E-2 3.25252E-2 1.30943E-1 1.09423E-1 1.60799E-2 1.27299E-1 3.03287E-1 6.65732E-2 2.52363E-2 2.26306E-2 6.68436E-2 2.60018E-2 3.71645E-3 1.711E-3 8.78173E-4 2.99164E-4 1.78741E-4 6.97803E-4 9.33025E-4 6.41361E-4 5.55746E-5 1.19225E-5 1.1061E-5 3.71771E-6 -9999 -9999 -9999 -9999 -9999 -9999 -9999 -9999 -9999
9.92556E-1 9.99659E-1 9.98659E-1 9.9956E-1 9.99974E-1 9.99966E-1 9.99198E-1 9.99792E-1 9.99615E-1 9.98244E-1 9.99879E-1 9.98107E-1 9.87163E-1 7.70481E-1 2.92374E-1 1.58171E-1 1.98954E-1 1.57267E-1 2.75535E-2 1.20469E-2 1.75112E-2 1.96008E-2 1.28803E-2 1.65432E-2 3.69014E-2 2.17471E-1 2.66142E-1 5.88524E-2 1.28022E-1 4.49153E-1 7.39176E-1 9.79255E-1 9.64428E-1 7.78548E-1 6.52275E-1 3.85376E-1 4.61144E-2 1.85828E-2 2.75423E-3 1.91018E-2 7.79299E-2 5.33425E-2 3.77836E-2 2.12656E-1 2.70427E-1 2.84894E-1 1.72161E-1 1.02545E-1 7.15585E-2 1.81891E-2 5.24509E-3 1.55025E-3 2.04048E-4 8.26411E-4 8.81871E-4 1.97597E-3 1.47747E-3 1.48651E-4 4.83514E-5 7.76991E-6 8.75129E-6 2.4621E-6 -9999 -9999 -9999 -9999 -9999 -9999 -9999 -9999 -9999
9.8128E-1 9.97947E-1 9.86134E-1 9.98359E-1 9.9911E-1 9.97465E-1 9.94169E-1 9.86645E-1 9.43737E-1 9.74264E-1 9.8799E-1 9.95403E-1 9.9824E-1 9.15257E-1 6.95752E-1 5.62838E-1 5.27206E-1 4.30867E-1 1.00691E-1 6.78196E-3 1.65755E-2 1.51334E-2 1.77285E-2 5.79632E-2 3.91679E-2 7.39359E-2 1.22589E-1 1.66019E-1 4.57817E-1 7.16745E-1 9.61174E-1 9.04474E-1 8.6207E-1 9.88312E-1 8.32901E-1 2.06857E-1 5.87077E-2 2.0549E-2 2.23892E-3 2.61975E-3 3.86331E-3 8.12524E-3 1.22002E-1 5.8704E-2 9.98134E-2 3.13555E-1 1.86707E-1 8.73932E-2 6.75033E-2 1.46648E-2 4.32034E-3 1.00732E-3 9.5589E-4 1.1304E-2 9.9142E-3 9.39679E-3 2.16435E-3 2.35672E-4 6.35886E-5 2.14228E-5 7.43253E-6 7.35398E-6 -9999 -9999 -9999 -9999 -9999 -9999 -9999 -9999 -9999
9.94465E-1 9.57222E-1 9.45631E-1 9.72527E-1 9.94632E-1 9.90767E-1 9.82667E-1 9.05912E-1 6.0045E-1 7.06744E-1 3.63619E-1 6.08879E-1 8.55485E-1 9.01956E-1 8.99249E-1 7.9335E-1 4.82658E-1 1.08423E-1 1.24797E-2 3.358E-3 6.7427E-3 1.7065E-2 2.07479E-2 6.16613E-2 1.14976E-1 1.49317E-1 2.67782E-1 6.15372E-1 5.71108E-1 9.63129E-1 6.00743E-1 1.43127E-1 3.57876E-1 7.5097E-1 8.36252E-1 2.78746E-1 4.61359E-2 9.91788E-3 2.41624E-2 1.73622E-2 1.34912E-2 3.95846E-3 1.56568E-2 1.83988E-2 5.51358E-2 7.73684E-2 2.11182E-1 1.36104E-1 4.63557E-2 2.24105E-2 2.82532E-3 8.09047E-3 1.06403E-2 2.16159E-2 1.26328E-2 3.04659E-3 2.6475E-3 1.4476E-4 1.17484E-5 3.69262E-6 1.4123E-6 3.3104E-6 -9999 -9999 -9999 -9999 -9999 -9999 -9999 -9999 -9999
9.87135E-1 9.63448E-1 8.03775E-1 9.24411E-1 9.92877E-1 9.9325E-1 9.77371E-1 9.5971E-1 8.81914E-1 7.07489E-1 4.96476E-1 3.12471E-1 3.22298E-1 5.23842E-1 6.49389E-1 4.54249E-1 5.20982E-2 1.97741E-3 6.85272E-4 1.06402E-3 5.09589E-3 1.4788E-2 3.70209E-2 2.03279E-1 3.19056E-1 2.45225E-1 2.4045E-1 7.49444E-1 8.97239E-1 8.12716E-1 4.09238E-1 1.13028E-1 5.08008E-2 1.88008E-1 3.41947E-1 8.28147E-1 1.92025E-1 6.15708E-2 7.06934E-2 6.17836E-2 8.32422E-3 2.7278E-3 1.37606E-3 1.17869E-2 8.32903E-2 1.53773E-1 1.4465E-1 2.1894E-1 6.75602E-2 1.49589E-2 3.08008E-2 4.50165E-2 3.97279E-2 1.10898E-2 9.04797E-4 1.68764E-3 5.23563E-4 4.83702E-4 1.20446E-5 4.64496E-6 3.42896E-6 1.18928E-6 -9999 -9999 -9999 -9999 -9999 -9999 -9999 -9999 -9999
9.91024E-1 8.09731E-1 4.76753E-1 7.64761E-1 9.51494E-1 9.46424E-1 9.36412E-1 9.18045E-1 9.21678E-1 8.14946E-1 6.5988E-1 3.68852E-1 2.26671E-1 3.06407E-1 2.68721E-1 1.22483E-1 2.68138E-2 3.38759E-3 1.9049E-3 5.19711E-3 8.08215E-3 3.09582E-2 5.34618E-2 1.13122E-1 1.7922E-1 4.48383E-1 8.10918E-1 9.52333E-1 7.67305E-1 1.77622E-1 5.94468E-2 6.9821E-2 2.82291E-2 7.28384E-2 5.27963E-1 8.27362E-1 4.20105E-1 2.77178E-1 2.05589E-1 1.50106E-2 4.93497E-3 8.96307E-4 1.77931E-4 3.93354E-3 1.73806E-2 2.98447E-2 2.9419E-2 1.60346E-1 9.00831E-2 5.23168E-2 5.27622E-2 2.61761E-2 7.3174E-3 1.86728E-3 1.72342E-4 5.77953E-4 4.69012E-4 7.05724E-5 1.84506E-5 5.93609E-6 5.69403E-6 4.44087E-6 -9999 -9999 -9999 -9999 -9999 -9999 -9999 -9999 -9999
9.73089E-1 7.83753E-1 5.87935E-1 7.66521E-1 8.71279E-1 8.40863E-1 6.51479E-1 7.92574E-1 7.30285E-1 4.43538E-1 4.4634E-1 7.85139E-1 6.18625E-1 4.14193E-1 2.50678E-1 5.7386E-2 1.53123E-2 1.29148E-2 8.27662E-3 8.04861E-3 8.24318E-3 1.5107E-2 1.01471E-2 3.22267E-2 5.34926E-2 1.62479E-1 8.09452E-1 8.90742E-1 2.91077E-1 3.61135E-2 4.93153E-3 1.38435E-2 1.57081E-2 2.41246E-2 2.37969E-1 5.22104E-1 7.44296E-1 5.0975E-1 7.43138E-2 7.10177E-3 7.19023E-3 1.12207E-3 7.14477E-4 6.78383E-4 8.49495E-4 1.9808E-3 2.37252E-2 8.52513E-2 4.33336E-2 5.95195E-2 5.68511E-2 1.42932E-2 5.41008E-3 1.23676E-3 7.44297E-4 2.89823E-4 1.56533E-4 6.3007E-6 8.3489E-6 3.15011E-6 1.16086E-6 1.66285E-5 3.31336E-5 -9999 -9999 -9999 -9999 -9999 -9999 -9999 -9999
9.91816E-1 9.767E-1 8.53248E-1 7.85992E-1 8.51141E-1 8.05493E-1 4.77841E-1 6.93454E-1 5.51659E-1 5.8464E-1 3.38956E-1 5.35899E-1 2.78239E-1 3.75438E-1 1.54103E-1 2.63817E-2 9.73573E-3 8.32858E-3 9.83123E-3 1.02759E-2 1.72411E-2 1.54935E-2 9.36524E-3 4.77939E-2 1.29131E-1 4.76793E-1 9.15735E-1 7.18125E-1 1.73509E-1 2.06369E-2 2.98229E-3 7.66748E-3 2.48553E-2 1.39941E-1 2.17361E-1 2.0733E-1 5.35407E-1 2.59053E-1 3.12295E-2 1.95497E-2 5.25054E-3 2.3348E-3 2.76524E-3 5.21933E-3 1.54745E-3 1.79493E-3 1.77541E-2 3.78321E-2 1.45222E-2 2.6715E-2 4.04729E-2 1.76568E-2 1.17223E-2 1.00384E-2 3.36273E-3 1.52655E-3 1.46988E-5 1.49557E-5 6.46654E-6 1.22443E-6 2.45768E-6 2.53449E-5 2.16103E-5 -9999 -9999 -9999 -9999 -9999 -9999 -9999 -9999
9.99676E-1 9.98784E-1 9.54892E-1 9.09841E-1 8.72955E-1 5.85646E-1 5.2781E-1 4.23994E-1 3.20006E-1 3.28383E-1 2.61775E-1 5.47884E-1 1.05616E-1 4.85393E-2 3.02832E-2 2.28797E-2 1.1028E-2 9.59622E-3 1.96414E-2 2.27816E-2 5.90993E-2 2.9545E-2 1.42832E-2 6.43407E-2 1.97203E-1 8.60622E-1 7.29537E-1 1.95839E-1 2.11555E-1 5.21086E-2 1.17664E-2 2.04608E-2 8.67736E-2 9.85856E-2 1.23272E-1 2.8405E-2 2.56686E-2 1.4467E-1 3.55855E-1 1.77149E-1 4.71595E-2 1.38526E-2 1.7423E-2 2.05524E-2 6.24714E-3 6.63262E-3 4.35041E-3 7.49274E-3 5.42638E-3 1.8698E-2 1.12661E-2 3.04524E-2 3.52018E-3 2.12257E-3 6.91935E-5 8.04981E-5 1.14649E-5 3.20413E-6 2.60984E-6 2.38541E-6 2.51551E-6 3.60507E-5 2.24294E-5 1.36492E-4 -9999 -9999 -9999 -9999 -9999 -9999 -9999
9.99797E-1 9.99303E-1 9.67042E-1 9.2306E-1 7.43056E-1 6.27519E-1 2.56613E-1 3.67271E-1 3.50707E-1 1.93023E-1 1.71849E-1 2.83225E-1 5.45628E-2 3.7563E-2 3.25812E-2 4.36032E-2 1.05959E-2 6.64363E-3 1.03258E-2 2.44335E-2 5.08644E-2 2.27883E-1 2.03673E-1 3.53189E-1 6.35277E-1 8.47326E-1 4.74723E-1 5.17077E-2 3.64541E-2 2.06471E-2 8.52074E-3 3.56428E-3 1.76616E-2 6.17793E-2 1.74134E-1 1.46454E-2 5.22897E-2 9.94016E-2 2.16235E-1 5.26702E-1 1.0155E-1 6.28761E-2 4.53424E-2 3.37255E-2 1.74779E-2 5.86267E-3 3.38704E-3 2.72234E-3 2.35915E-3 9.18265E-3 2.20075E-3 1.56652E-2 1.54554E-2 4.43884E-3 3.58178E-4 1.7261E-5 8.55841E-7 8.9402E-6 1.06774E-5 2.08157E-6 1.90856E-6 1.5618E-5 4.86579E-5 9.56143E-5 -9999 -9999 -9999 -9999 -9999 -9999 -9999
9.99844E-1 9.98942E-1 9.86733E-1 6.38335E-1 4.53756E-1 4.85642E-1 4.14001E-1 2.46565E-1 1.75486E-1 1.11347E-1 2.54277E-2 5.39044E-2 7.51354E-3 1.92807E-2 2.97802E-2 1.04717E-2 8.44184E-3 4.61389E-3 6.25662E-3 1.4727E-2 1.65629E-2 1.37058E-1 2.68557E-1 5.92362E-1 7.29595E-1 5.4884E-1 1.85464E-1 7.51413E-2 7.3732E-2 2.60904E-2 1.19772E-2 4.00064E-4 5.22453E-4 8.28451E-3 2.25295E-2 1.20572E-2 3.53897E-2 4.57416E-3 3.17132E-2 4.23063E-1 2.41272E-2 2.80784E-2 1.77752E-2 2.87677E-3 1.64051E-3 7.86558E-4 3.21303E-3 7.74983E-4 6.55509E-4 1.45523E-3 4.10132E-4 6.84501E-3 4.372E-3 9.80315E-4 7.21884E-4 3.50902E-5 1.19077E-6 7.37996E-6 2.67594E-5 7.05673E-6 2.28741E-5 2.52168E-5 1.64306E-4 1.89469E-4 1.35604E-4 -9999 -9999 -9999 -9999 -9999 -9999
9.91254E-1 9.86069E-1 7.49236E-1 2.35223E-1 3.14367E-1 4.80703E-1 3.29859E-1 8.65199E-2 1.43382E-1 1.04658E-1 2.57763E-2 5.8974E-3 1.69572E-3 5.44325E-4 4.29701E-4 6.05599E-4 4.16799E-3 9.19365E-4 1.0735E-3 6.56663E-3 2.17717E-2 4.06161E-2 1.65704E-1 6.86836E-1 6.72594E-1 1.08303E-1 1.31124E-2 4.19217E-3 8.7445E-3 3.36027E-2 1.55353E-2 3.23486E-3 2.532E-4 2.66694E-4 3.12071E-4 3.4589E-4 1.60839E-3 1.16291E-3 2.94488E-2 3.19886E-1 4.7077E-2 4.94991E-4 4.51915E-4 1.04811E-3 3.60825E-4 4.53245E-3 8.53283E-3 2.21471E-3 1.73608E-4 8.34219E-5 5.20177E-5 3.15881E-3 1.42241E-3 7.94814E-5 4.46007E-5 1.08307E-5 4.63484E-6 8.15222E-6 1.41257E-5 1.08821E-5 3.92756E-5 1.69722E-5 5.03052E-5 1.33651E-4 8.98511E-5 5.52631E-5 -9999 -9999 -9999 -9999 -9999
9.31331E-1 8.68788E-1 7.38914E-1 2.52256E-1 3.94598E-1 2.82082E-1 1.75075E-1 5.16758E-2 3.04075E-2 9.23011E-2 5.78022E-2 2.04254E-2 2.25338E-4 3.65534E-5 5.9361E-5 2.25247E-4 2.76062E-4 4.04101E-4 1.11569E-3 7.96018E-3 1.22339E-2 1.27038E-2 1.22196E-1 5.43755E-1 5.9236E-1 1.43408E-1 7.72837E-3 8.87361E-4 8.1213E-4 1.11882E-2 3.72143E-3 1.13821E-3 2.34406E-4 2.34467E-5 1.33164E-5 2.91752E-5 1.31063E-4 4.78736E-4 1.07913E-2 1.13029E-1 1.40083E-1 1.32478E-3 7.11245E-4 8.92393E-4 2.60853E-3 7.11539E-3 8.80941E-3 4.23495E-3 7.18228E-4 1.9756E-5 1.1816E-5 4.6002E-5 3.34236E-4 9.64612E-5 4.48367E-6 9.11699E-6 4.64752E-6 2.44822E-6 1.55183E-5 6.50004E-6 1.46461E-5 3.25843E-5 4.05014E-5 1.14475E-4 1.03992E-4 5.1012E-5 1.43229E-4 -9999 -9999 -9999 -9999
6.26633E-1 2.79749E-1 3.34492E-1 2.52942E-1 2.12895E-1 1.12808E-1 5.13953E-2 5.49109E-3 3.08297E-3 2.79124E-2 1.19107E-2 6.79065E-4 5.71694E-5 9.23061E-6 5.29944E-6 1.72499E-5 1.60796E-5 9.58727E-5 2.14121E-3 8.05364E-3 1.79314E-2 3.36634E-2 6.73115E-2 3.77278E-1 5.84276E-1 4.99307E-1 4.3378E-2 1.58584E-2 2.63402E-3 1.4084E-3 1.63853E-3 2.45211E-4 8.62837E-5 3.68418E-5 2.6931E-5 5.56527E-4 1.13721E-2 6.11498E-3 1.39263E-2 5.54383E-2 3.85864E-1 4.18824E-2 2.07714E-2 2.46171E-2 4.27247E-2 1.41185E-2 4.03241E-3 1.27727E-3 5.19916E-4 1.258E-5 2.39906E-6 6.89307E-6 9.80434E-6 5.29042E-6 3.47483E-6 7.38774E-6 5.21143E-6 2.17702E-6 2.1562E-6 4.32602E-6 8.34926E-6 6.22656E-5 1.36901E-4 1.4695E-4 6.21419E-5 2.89602E-4 4.7405E-4 3.85763E-4 1.26663E-3 -9999 -9999
1.83849E-1 1.14108E-1 1.01994E-1 1.56273E-1 1.00958E-1 1.46743E-1 1.44333E-1 1.51216E-2 1.95091E-4 6.13295E-4 3.25309E-4 6.26094E-5 1.50864E-5 3.25146E-6 1.86336E-6 5.16443E-6 2.1179E-6 2.59324E-5 2.46451E-4 1.70211E-3 4.96876E-3 1.43727E-2 7.73299E-2 1.65775E-1 3.95E-1 2.31357E-1 4.05252E-2 6.32311E-3 1.46245E-3 5.12668E-4 1.47546E-4 7.11761E-5 2.09776E-4 2.05023E-4 3.13123E-5 1.5333E-4 6.03566E-3 3.15538E-2 8.7703E-2 1.62189E-1 2.94282E-1 1.2661E-1 9.59184E-2 4.03611E-2 2.096E-2 3.83411E-2 1.81989E-3 1.14937E-3 4.09628E-3 1.27334E-4 2.13882E-5 5.53489E-5 5.31027E-6 6.53963E-6 5.0774E-6 8.0953E-6 4.36522E-6 8.20286E-6 1.45909E-5 9.51625E-6 2.02055E-5 5.97417E-5 1.98667E-4 5.44329E-5 1.318E-4 3.9905E-4 1.14799E-3 1.57449E-3 1.59271E-3 1.29797E-3 2.11183E-3
3.74479E-1 2.36575E-1 2.51887E-1 1.65439E-1 4.19994E-2 1.915E-2 5.20392E-2 1.66699E-2 1.40384E-4 1.00913E-4 5.44139E-5 7.39092E-6 2.25735E-6 3.23061E-6 4.01542E-6 3.82528E-6 8.59487E-7 4.11685E-5 3.76869E-5 2.40187E-4 5.23726E-3 2.11419E-2 1.52515E-1 3.67324E-1 2.22249E-1 3.63196E-2 7.5326E-3 2.5838E-3 6.86655E-4 1.92838E-3 4.11922E-4 1.71883E-4 2.89468E-4 1.06813E-3 7.0702E-5 4.41812E-5 9.30886E-4 1.53889E-2 2.42094E-2 1.21887E-1 6.76242E-2 1.84561E-1 3.63801E-2 6.02882E-3 8.46725E-3 1.15019E-2 1.18934E-2 2.90396E-3 2.29036E-3 1.0695E-3 3.21268E-4 2.36784E-4 1.7154E-5 7.12965E-6 9.36613E-6 6.75751E-6 6.9077E-6 1.53213E-5 1.97539E-5 3.02326E-5 4.64419E-5 4.42781E-5 5.37808E-5 8.83422E-5 1.2009E-4 8.15066E-4 3.93918E-4 8.15803E-4 1.46875E-3 1.3358E-3 2.01995E-3
5.72732E-1 5.24891E-1 3.05015E-1 1.36301E-1 1.8576E-2 6.51959E-4 7.13284E-4 1.51388E-4 7.4098E-5 3.19549E-5 6.38059E-6 1.32431E-6 2.35029E-6 4.23236E-6 4.27821E-6 3.02509E-6 7.44088E-7 8.158E-5 5.28977E-4 4.40725E-4 4.11289E-3 3.70596E-2 1.97002E-1 2.71646E-1 5.10778E-2 1.40653E-2 4.40659E-3 3.95514E-3 1.0173E-2 4.66343E-3 1.68074E-3 1.63705E-3 2.18648E-3 1.88037E-3 1.81207E-4 5.58419E-5 3.09922E-4 4.37969E-3 2.64346E-2 8.10532E-2 6.52682E-2 1.07225E-1 2.3421E-2 4.16393E-3 3.65707E-3 9.7577E-3 5.25868E-3 5.2134E-3 1.16156E-3 5.30836E-5 1.1822E-4 5.29944E-5 1.47116E-5 7.81978E-6 9.33297E-6 6.61785E-6 1.06771E-5 8.35716E-6 1.46929E-5 4.54386E-5 3.6388E-5 3.89861E-5 4.6289E-5 2.29179E-4 4.81975E-4 3.73066E-4 2.82914E-4 7.852E-4 1.16176E-3 1.69129E-3 1.25335E-3
5.07972E-1 4.18693E-1 2.03179E-1 5.57606E-2 8.97847E-3 1.08768E-4 3.65933E-5 4.35114E-5 1.07158E-5 2.7972E-5 8.44639E-6 8.84722E-7 9.48439E-7 1.92848E-6 3.26501E-6 2.91831E-6 1.64464E-5 6.80007E-4 1.3471E-3 5.23473E-3 1.39887E-2 5.63451E-2 2.13248E-1 1.14781E-1 1.70422E-2 1.16474E-2 1.32639E-2 1.26337E-2 1.86035E-2 1.25816E-2 6.22271E-3 9.78266E-3 5.85973E-3 1.38266E-3 1.91496E-4 7.70606E-4 3.46375E-3 4.70569E-3 3.40214E-2 7.31391E-2 2.96141E-2 7.68901E-2 2.21402E-2 1.10742E-2 2.64431E-3 7.36191E-3 5.36143E-3 5.88652E-4 2.1261E-4 7.10846E-6 1.97132E-6 2.44534E-5 1.25504E-5 4.81357E-6 6.37367E-6 8.29609E-6 9.02059E-6 1.3862E-5 1.15437E-5 1.02405E-5 3.34814E-5 4.37757E-5 4.847E-5 1.68602E-4 6.2424E-4 4.74074E-4 5.18319E-4 6.26161E-4 9.58345E-4 1.13082E-3 1.1569E-3
3.47778E-1 4.23808E-1 2.54565E-1 9.38184E-2 1.13873E-2 4.14898E-4 1.78171E-4 2.5984E-4 9.40381E-5 6.35112E-5 3.27336E-6 3.571E-6 4.57778E-5 4.95696E-5 7.73574E-5 1.22225E-5 1.06165E-4 2.74271E-4 1.30868E-3 1.04557E-2 3.62473E-2 3.92379E-2 6.3146E-2 1.12058E-1 4.94805E-2 3.86832E-2 4.32121E-2 4.49466E-2 2.99178E-2 7.89625E-3 3.91247E-3 2.64466E-3 5.13403E-4 7.5605E-4 2.60669E-4 4.70382E-3 2.44249E-2 2.07804E-2 4.4008E-2 2.06539E-2 4.72947E-2 4.02842E-2 1.27927E-2 3.46716E-3 9.63701E-4 2.8662E-3 7.51426E-3 1.49038E-3 5.44453E-4 2.17151E-5 6.69604E-6 4.13734E-6 5.16464E-6 4.33545E-6 5.62778E-6 8.85703E-6 2.25738E-5 2.50161E-5 9.88571E-6 2.10456E-5 2.7822E-5 2.79295E-5 6.7031E-5 2.06045E-4 3.89199E-4 7.17987E-4 6.8981E-4 9.85319E-4 9.65312E-4 6.95209E-4 8.18693E-4
2.27008E-1 2.44092E-1 2.12181E-1 8.48786E-2 3.36426E-2 9.40104E-3 1.21661E-3 9.51967E-4 1.91324E-4 6.45026E-5 3.05457E-5 1.26746E-5 1.6047E-4 1.34994E-4 1.90029E-4 3.16695E-5 1.9982E-4 7.05228E-4 1.23894E-3 1.32774E-2 2.54219E-2 4.79798E-2 1.19071E-1 9.5605E-2 1.80656E-2 7.67431E-3 7.17768E-3 8.02265E-3 1.3711E-2 1.15782E-2 1.20854E-2 4.25198E-3 1.11584E-3 9.60276E-5 1.6371E-4 2.36101E-3 7.89143E-3 6.33412E-2 1.92886E-2 9.48174E-3 4.19701E-2 3.72648E-2 2.11447E-2 7.38077E-3 4.25878E-4 4.49531E-4 2.06442E-3 7.50621E-4 3.33167E-4 1.15953E-5 3.77874E-6 6.2305E-6 8.00876E-6 9.89541E-6 8.57968E-6 9.80787E-6 1.78008E-5 2.06176E-5 2.55822E-5 2.94153E-5 3.94916E-5 8.1617E-5 1.08906E-4 1.92403E-4 5.32053E-4 3.74011E-4 6.56728E-4 8.34393E-4 8.57808E-4 7.23565E-4 6.57024E-4
