ENM/Final_Models/M_1_F_q_Set_1_E/Gustavia_santanderiensis_7_Choco.asc
ncols         367
nrows         963
xllcorner     -78.6
yllcorner     0.65
cellsize      0.00833333333333323
NODATA_value  -9999
[rows 384 to 415 of 963, columns 146 to 218 of 367]
9.69252E-1 9.8535E-1 9.46852E-1 9.96769E-1 9.9953E-1 9.99974E-1 2.08153E-1 4.97467E-2 4.10109E-1 9.64059E-1 6.55274E-1 9.55278E-1 7.07123E-1 5.53149E-1 2.40745E-1 3.37126E-1 3.85784E-1 3.69451E-1 5.54869E-2 2.5223E-2 1.62234E-2 4.58878E-3 1.14773E-2 3.95251E-2 1.79115E-1 1.23203E-1 8.91327E-1 9.9992E-1 9.99997E-1 9.9947E-1 9.99633E-1 9.99659E-1 9.97381E-1 9.94365E-1 9.99898E-1 9.99935E-1 9.99323E-1 9.96017E-1 9.99731E-1 9.99999E-1 9.9982E-1 9.95503E-1 9.7772E-1 9.99999E-1 9.98881E-1 9.99833E-1 9.99925E-1 9.99985E-1 9.68273E-1 9.99858E-1 9.99997E-1 9.99999E-1 9.99626E-1 9.99994E-1 1E0 1E0 1E0 9.99998E-1 1E0 9.99972E-1 1E0 1E0 1E0 1E0 1E0 1E0 1E0 1E0 1E0 1E0 1E0 1E0 1E0
9.11831E-1 9.96191E-1 9.99983E-1 9.97078E-1 9.98627E-1 9.45436E-1 4.89016E-1 8.4761E-2 3.22399E-1 7.12135E-1 9.49411E-1 7.12413E-1 1.97077E-1 6.15661E-2 6.42529E-2 8.65045E-2 2.0844E-1 5.96989E-2 3.06469E-3 2.81932E-3 4.6955E-4 1.63071E-3 2.122E-2 3.20843E-2 2.60309E-2 4.54338E-1 9.42117E-1 9.99134E-1 9.99981E-1 9.99072E-1 9.98575E-1 9.83712E-1 9.56742E-1 8.74804E-1 9.90744E-1 9.14363E-1 9.86463E-1 9.98708E-1 9.98974E-1 9.99899E-1 9.9844E-1 9.66406E-1 9.83523E-1 9.95744E-1 9.99528E-1 9.99972E-1 9.98758E-1 9.99641E-1 9.95587E-1 9.99894E-1 9.99999E-1 1E0 9.99972E-1 9.99999E-1 1E0 1E0 1E0 1E0 1E0 9.99975E-1 9.99997E-1 9.99991E-1 1E0 1E0 1E0 1E0 1E0 1E0 1E0 1E0 1E0 1E0 1E0
7.67661E-1 8.4292E-1 9.67338E-1 9.99999E-1 9.65576E-1 5.00358E-1 1.10079E-1 4.67909E-2 2.05118E-1 7.30854E-1 9.22022E-1 6.14098E-1 9.28484E-2 8.28608E-3 7.87877E-3 2.27936E-2 1.99634E-2 1.59826E-2 6.7704E-4 3.70259E-4 6.00797E-4 1.25971E-3 1.91404E-2 1.54715E-1 3.15096E-1 8.17862E-1 9.80817E-1 9.87835E-1 9.99864E-1 9.97802E-1 9.77067E-1 9.56788E-1 8.66016E-1 9.39165E-1 9.66908E-1 9.90477E-1 9.99885E-1 1E0 1E0 9.99999E-1 9.99529E-1 9.45236E-1 9.6787E-1 9.86121E-1 9.98093E-1 9.99743E-1 9.97379E-1 9.88722E-1 9.99492E-1 9.97E-1 1E0 1E0 1E0 1E0 1E0 1E0 1E0 1E0 1E0 1E0 1E0 1E0 1E0 1E0 1E0 1E0 1E0 1E0 1E0 1E0 1E0 1E0 1E0
2.71099E-1 7.14705E-1 8.34595E-1 1E0 9.63362E-1 1.89176E-1 3.49863E-2 3.01677E-3 2.51965E-1 9.93029E-1 9.62273E-1 8.36334E-1 8.10924E-2 9.21885E-3 1.06074E-3 5.04558E-3 5.217E-3 3.82197E-3 2.21174E-4 7.55768E-5 2.41228E-3 1.44619E-3 3.4176E-2 2.95867E-1 4.04812E-1 8.70494E-1 9.76363E-1 9.47681E-1 9.99848E-1 9.9635E-1 9.60304E-1 7.98306E-1 8.06226E-1 9.17771E-1 9.99143E-1 9.99499E-1 9.9992E-1 9.99999E-1 1E0 9.99986E-1 9.96713E-1 9.99253E-1 9.63184E-1 9.88147E-1 9.97132E-1 9.99649E-1 9.99991E-1 9.97297E-1 9.99822E-1 9.99965E-1 9.99992E-1 1E0 1E0 1E0 1E0 1E0 1E0 1E0 1E0 1E0 1E0 1E0 1E0 1E0 1E0 1E0 1E0 1E0 1E0 1E0 1E0 1E0 1E0
5.68859E-1 5.73983E-1 9.18271E-1 9.93888E-1 9.6571E-1 7.05989E-1 5.37478E-2 1.7267E-2 2.29414E-1 9.94078E-1 9.95514E-1 9.31257E-1 5.11542E-2 7.17073E-3 3.35487E-3 2.87923E-3 1.78197E-3 8.6317E-4 2.03626E-4 1.06608E-4 2.50341E-4 5.47616E-3 2.33218E-2 4.08048E-1 7.00313E-1 9.94359E-1 9.98603E-1 9.84853E-1 9.73831E-1 8.7271E-1 8.63454E-1 6.97387E-1 7.09868E-1 9.71532E-1 9.78207E-1 9.9387E-1 9.99727E-1 9.99985E-1 1E0 1E0 9.9761E-1 9.96715E-1 8.75886E-1 9.94482E-1 9.999E-1 9.95845E-1 9.99905E-1 1E0 1E0 1E0 9.99999E-1 1E0 1E0 1E0 1E0 1E0 1E0 1E0 1E0 1E0 1E0 1E0 1E0 1E0 1E0 1E0 1E0 1E0 1E0 1E0 1E0 9.9999E-1 1E0
7.75648E-1 4.6903E-1 5.6961E-1 6.68589E-1 1.59548E-1 2.79496E-1 3.31097E-2 4.63423E-2 4.2594E-1 9.27297E-1 9.64123E-1 7.92918E-1 1.04697E-1 2.63194E-3 7.61583E-4 5.11308E-4 1.10101E-3 4.02749E-4 1.84793E-4 1.13149E-4 2.05635E-4 3.07887E-3 4.88598E-3 8.66728E-2 4.05672E-1 9.99912E-1 9.99998E-1 9.9928E-1 9.59929E-1 9.73994E-1 9.06536E-1 8.99509E-1 8.60177E-1 9.69516E-1 9.90182E-1 9.94528E-1 9.9673E-1 9.99263E-1 9.98795E-1 9.9791E-1 9.98525E-1 9.97529E-1 9.81721E-1 9.96265E-1 9.98957E-1 9.99976E-1 9.99917E-1 1E0 1E0 1E0 1E0 1E0 1E0 1E0 1E0 1E0 1E0 1E0 1E0 1E0 1E0 1E0 1E0 1E0 1E0 1E0 1E0 1E0 1E0 1E0 1E0 9.99998E-1 9.99994E-1
5.87434E-1 9.14147E-1 6.58309E-1 7.10253E-1 1.1726E-1 6.69036E-2 4.39751E-2 7.69826E-2 3.93682E-1 9.24222E-1 8.64779E-1 7.75781E-1 2.15826E-1 2.84802E-2 3.6281E-3 1.47096E-3 1.69088E-4 2.76137E-4 8.35148E-4 2.32394E-3 2.19658E-4 7.48637E-4 7.77562E-3 1.551E-2 3.81794E-2 9.80875E-1 9.99964E-1 9.96384E-1 9.90109E-1 7.75085E-1 9.01956E-1 8.15493E-1 9.43312E-1 9.47275E-1 9.71324E-1 9.9953E-1 9.87802E-1 9.93794E-1 9.99787E-1 9.999E-1 9.96239E-1 9.9987E-1 9.72195E-1 9.92487E-1 9.99962E-1 1E0 1E0 1E0 1E0 1E0 1E0 1E0 1E0 1E0 1E0 1E0 1E0 1E0 1E0 1E0 1E0 1E0 1E0 1E0 1E0 1E0 1E0 1E0 1E0 1E0 1E0 9.99997E-1 1E0
-9999 9.82496E-1 9.93651E-1 9.12625E-1 3.41146E-1 1.81335E-1 1.39738E-1 1.92813E-1 2.12366E-1 5.47828E-1 9.8134E-1 8.89187E-1 9.34773E-1 9.60781E-2 1.4895E-2 1.39217E-3 2.18784E-4 1.89794E-4 9.5799E-5 2.3469E-3 4.14773E-4 4.69896E-4 1.3699E-3 1.09633E-1 2.47186E-1 9.91678E-1 9.99985E-1 9.98119E-1 9.93379E-1 8.78646E-1 8.4839E-1 7.56689E-1 8.36119E-1 9.70544E-1 9.03451E-1 9.95928E-1 9.98856E-1 9.98061E-1 9.6462E-1 9.64729E-1 9.90908E-1 9.83588E-1 9.99991E-1 1E0 1E0 1E0 1E0 1E0 1E0 1E0 1E0 1E0 1E0 1E0 1E0 1E0 1E0 1E0 1E0 1E0 1E0 1E0 1E0 1E0 1E0 1E0 1E0 1E0 1E0 1E0 1E0 1E0 1E0
-9999 6.44904E-1 7.63472E-1 4.04295E-1 7.73962E-1 7.66818E-1 2.51918E-1 5.42254E-1 5.34052E-1 7.06271E-1 9.28827E-1 9.54119E-1 8.8083E-1 4.35542E-1 9.5384E-2 1.6741E-3 2.43691E-4 6.61413E-4 8.86854E-4 8.20048E-3 2.35648E-2 2.52535E-2 8.86945E-2 8.52331E-1 9.81653E-1 9.9997E-1 9.97812E-1 9.91004E-1 9.96154E-1 8.27949E-1 8.23766E-1 8.70604E-1 9.99675E-1 9.98488E-1 9.98151E-1 9.9899E-1 9.99392E-1 9.98168E-1 9.94777E-1 9.59436E-1 9.94371E-1 9.99839E-1 9.99999E-1 1E0 1E0 1E0 1E0 1E0 1E0 1E0 1E0 1E0 1E0 1E0 1E0 1E0 1E0 1E0 1E0 1E0 9.99987E-1 1E0 1E0 1E0 1E0 1E0 1E0 1E0 1E0 1E0 9.99999E-1 1E0 1E0
-9999 -9999 -9999 3.3679E-1 4.29011E-1 6.97115E-1 1.92729E-1 7.87235E-1 9.6052E-1 8.51757E-1 7.60113E-1 4.12741E-1 7.74312E-1 3.21487E-1 1.4011E-2 1.44357E-3 9.17702E-4 3.79178E-3 4.98178E-3 8.31445E-3 1.02713E-1 8.16702E-2 3.58376E-1 9.94327E-1 1E0 9.99998E-1 9.97554E-1 9.35817E-1 9.62899E-1 9.64855E-1 9.7737E-1 9.65865E-1 1E0 9.99971E-1 9.99831E-1 9.3533E-1 9.91705E-1 9.9978E-1 9.99921E-1 9.64231E-1 9.714E-1 9.87506E-1 9.99874E-1 1E0 1E0 1E0 1E0 1E0 1E0 1E0 1E0 1E0 1E0 1E0 1E0 1E0 1E0 1E0 1E0 1E0 1E0 1E0 1E0 1E0 1E0 1E0 9.99999E-1 1E0 1E0 1E0 1E0 9.99965E-1 1E0
-9999 -9999 -9999 -9999 9.62643E-1 7.41314E-1 5.60243E-1 9.66056E-1 9.73748E-1 6.67097E-1 5.15387E-1 3.31887E-1 5.87572E-2 8.34556E-1 1.81283E-1 2.2726E-2 9.61343E-3 1.10665E-2 9.94582E-3 4.02249E-2 1.18559E-1 4.06865E-1 9.12297E-1 9.99006E-1 9.9999E-1 9.99999E-1 9.99967E-1 9.85148E-1 9.61355E-1 9.58917E-1 8.21085E-1 9.67735E-1 9.29473E-1 9.97318E-1 9.99991E-1 9.97123E-1 9.9989E-1 9.99988E-1 9.94631E-1 9.95518E-1 9.93874E-1 9.99909E-1 1E0 9.99999E-1 1E0 1E0 1E0 1E0 1E0 1E0 1E0 1E0 1E0 1E0 1E0 1E0 1E0 1E0 1E0 1E0 1E0 1E0 1E0 1E0 1E0 1E0 1E0 9.99881E-1 1E0 1E0 9.99996E-1 1E0 1E0
-9999 -9999 -9999 -9999 -9999 9.99618E-1 9.98602E-1 9.94932E-1 9.71704E-1 8.72917E-1 4.8314E-1 8.34305E-2 3.23894E-2 8.88248E-2 2.44286E-1 3.69789E-1 8.61657E-2 9.50549E-2 6.78533E-2 4.5642E-2 8.97276E-2 1.72029E-1 5.92149E-1 9.00093E-1 9.98326E-1 9.75714E-1 9.99597E-1 9.82671E-1 9.36773E-1 7.51513E-1 7.19962E-1 7.67945E-1 9.40903E-1 9.4941E-1 9.81887E-1 9.99685E-1 9.99982E-1 9.99992E-1 9.99969E-1 9.99697E-1 9.99754E-1 9.99931E-1 1E0 9.99826E-1 9.99996E-1 9.99992E-1 1E0 9.99396E-1 9.99999E-1 9.99991E-1 9.99998E-1 1E0 1E0 1E0 1E0 1E0 1E0 1E0 1E0 1E0 1E0 1E0 1E0 1E0 1E0 1E0 1E0 1E0 1E0 1E0 1E0 1E0 1E0
-9999 -9999 -9999 -9999 -9999 9.99993E-1 9.99994E-1 9.83094E-1 6.91708E-1 8.44352E-1 6.16701E-1 1.23461E-1 1.55702E-2 5.99212E-3 6.90246E-2 1.30437E-1 9.03156E-2 6.1554E-2 4.33395E-2 6.57257E-3 9.23185E-3 4.6171E-2 1.16756E-1 2.73545E-1 9.84184E-1 9.99559E-1 9.99903E-1 9.60559E-1 7.95026E-1 8.35553E-1 9.01354E-1 7.51566E-1 8.22581E-1 5.3772E-1 9.10137E-1 9.92189E-1 9.99799E-1 9.99778E-1 9.99996E-1 1E0 9.99959E-1 1E0 9.99999E-1 9.99989E-1 9.99994E-1 1E0 1E0 1E0 1E0 1E0 1E0 1E0 1E0 1E0 1E0 9.99997E-1 9.99999E-1 1E0 1E0 1E0 1E0 1E0 1E0 1E0 1E0 1E0 1E0 1E0 9.99997E-1 9.99999E-1 1E0 9.99999E-1 1E0
-9999 -9999 -9999 -9999 -9999 9.98033E-1 9.94961E-1 9.31675E-1 9.61793E-1 8.82109E-1 5.0959E-1 2.68922E-2 5.02292E-3 2.56209E-3 4.4226E-4 4.48931E-3 8.87374E-3 1.89909E-2 1.26192E-2 4.77531E-3 7.56606E-3 3.30187E-2 1.50141E-1 4.61541E-1 9.47245E-1 9.9201E-1 9.99994E-1 9.99995E-1 8.93847E-1 9.10571E-1 8.19681E-1 8.77778E-1 8.50372E-1 9.75929E-1 9.64565E-1 9.95637E-1 9.99947E-1 1E0 9.99932E-1 9.99897E-1 1E0 9.99864E-1 9.99566E-1 9.98047E-1 9.97165E-1 1E0 1E0 9.99998E-1 1E0 9.99999E-1 1E0 1E0 1E0 1E0 1E0 9.99999E-1 1E0 1E0 1E0 1E0 1E0 1E0 1E0 1E0 1E0 1E0 1E0 1E0 9.99999E-1 9.99992E-1 1E0 1E0 1E0
-9999 -9999 -9999 -9999 -9999 9.97624E-1 9.76717E-1 9.93174E-1 5.56084E-1 6.26115E-1 7.86727E-1 8.6934E-2 1.05455E-1 3.96613E-2 5.22437E-3 1.30588E-2 3.92321E-2 9.3284E-3 1.31341E-2 2.14305E-2 1.49821E-2 1.65653E-2 8.40663E-2 4.43269E-1 8.3501E-1 8.35689E-1 9.98627E-1 9.99751E-1 9.87974E-1 8.35457E-1 9.26517E-1 9.78673E-1 9.9798E-1 9.88449E-1 9.8471E-1 9.87877E-1 9.98744E-1 9.99981E-1 9.99865E-1 9.99971E-1 9.99939E-1 1E0 9.99975E-1 9.99862E-1 9.99845E-1 9.99985E-1 9.99999E-1 1E0 9.99986E-1 1E0 1E0 1E0 1E0 1E0 1E0 1E0 1E0 1E0 1E0 1E0 1E0 1E0 1E0 1E0 1E0 1E0 1E0 1E0 1E0 9.99982E-1 1E0 1E0 9.99967E-1
-9999 -9999 -9999 -9999 -9999 9.99818E-1 9.94189E-1 9.85299E-1 6.79416E-1 7.14289E-1 7.52752E-1 1.77052E-1 1.90281E-1 2.80284E-1 3.08535E-1 8.47203E-2 1.17013E-1 8.80835E-2 3.33331E-2 4.10183E-2 1.25889E-2 9.55814E-3 5.57481E-2 3.68566E-1 6.9687E-1 9.19269E-1 9.98022E-1 9.9987E-1 9.45513E-1 9.61022E-1 9.69852E-1 9.24172E-1 9.8347E-1 9.82853E-1 9.67844E-1 9.97015E-1 9.99722E-1 9.99884E-1 9.99986E-1 9.99936E-1 9.99372E-1 9.99994E-1 9.99996E-1 9.99406E-1 9.96404E-1 9.99541E-1 9.99703E-1 1E0 1E0 1E0 1E0 1E0 1E0 1E0 1E0 1E0 1E0 1E0 1E0 1E0 1E0 1E0 1E0 1E0 1E0 1E0 1E0 1E0 1E0 9.9991E-1 9.99711E-1 9.99936E-1 1E0
-9999 -9999 -9999 -9999 -9999 9.94811E-1 9.87181E-1 1E0 9.99983E-1 9.54887E-1 9.92148E-1 5.52282E-1 6.75503E-1 8.33218E-1 5.52373E-1 2.03088E-1 1.30418E-1 7.70645E-2 3.81957E-2 4.17268E-2 8.57126E-3 2.9944E-3 2.33611E-2 3.59189E-1 9.95287E-1 1E0 9.999E-1 9.9997E-1 9.27467E-1 9.50228E-1 9.96422E-1 8.91264E-1 9.95682E-1 9.99917E-1 9.94262E-1 9.99094E-1 9.98828E-1 9.99985E-1 9.99992E-1 9.99994E-1 1E0 1E0 9.99995E-1 9.9739E-1 9.98893E-1 9.99852E-1 9.98611E-1 1E0 1E0 1E0 1E0 1E0 1E0 1E0 1E0 1E0 1E0 1E0 1E0 1E0 1E0 1E0 1E0 1E0 1E0 1E0 1E0 1E0 1E0 9.99586E-1 9.99999E-1 1E0 1E0
-9999 -9999 -9999 -9999 -9999 1E0 1E0 1E0 9.99993E-1 9.97433E-1 9.44309E-1 9.41465E-1 9.96562E-1 9.7378E-1 5.46704E-1 9.8442E-2 3.97187E-2 9.74186E-2 4.56905E-2 1.85389E-2 9.2888E-3 1.99277E-3 9.92224E-3 2.79435E-1 9.99775E-1 9.95297E-1 9.98333E-1 9.95557E-1 9.60197E-1 9.84186E-1 9.76782E-1 9.8243E-1 9.69029E-1 9.91133E-1 9.98854E-1 9.98637E-1 9.99673E-1 1E0 9.99995E-1 9.9999E-1 1E0 1E0 9.99996E-1 9.99998E-1 9.9966E-1 1E0 9.99999E-1 9.98325E-1 1E0 1E0 1E0 1E0 1E0 1E0 1E0 1E0 1E0 1E0 1E0 1E0 1E0 1E0 1E0 1E0 1E0 1E0 9.99999E-1 9.99912E-1 9.99632E-1 9.99298E-1 9.99559E-1 9.99996E-1 9.99978E-1
-9999 -9999 -9999 -9999 -9999 9.99999E-1 9.99996E-1 1E0 9.90039E-1 9.84304E-1 6.97848E-1 9.20593E-1 9.72375E-1 9.44289E-1 9.32569E-1 6.00654E-2 9.65289E-3 9.92135E-3 6.90998E-3 1.16613E-2 2.87495E-3 9.00891E-3 5.29524E-2 3.93624E-1 8.80967E-1 8.45153E-1 9.95867E-1 9.98841E-1 9.97544E-1 9.61382E-1 9.53693E-1 9.99013E-1 9.99445E-1 1E0 9.98465E-1 9.92474E-1 9.99987E-1 9.98625E-1 1E0 1E0 1E0 1E0 9.99395E-1 9.99998E-1 1E0 9.99999E-1 1E0 9.99254E-1 1E0 1E0 1E0 1E0 1E0 1E0 1E0 1E0 1E0 1E0 1E0 1E0 1E0 1E0 1E0 1E0 1E0 1E0 1E0 1E0 1E0 9.57472E-1 9.88631E-1 9.99866E-1 9.9999E-1
-9999 -9999 -9999 -9999 -9999 9.98906E-1 9.99489E-1 9.99254E-1 9.61524E-1 9.9911E-1 6.7852E-1 8.02828E-1 3.23881E-1 6.78083E-1 7.68107E-1 4.23056E-2 7.94528E-3 9.20541E-4 4.78408E-4 1.22531E-3 8.74917E-4 2.30129E-3 7.5542E-2 4.94863E-1 8.33914E-1 9.81931E-1 9.52967E-1 9.98541E-1 9.04602E-1 9.99171E-1 9.99951E-1 9.90107E-1 9.93441E-1 9.96949E-1 9.96836E-1 9.93389E-1 1E0 9.99835E-1 9.97798E-1 9.99862E-1 1E0 9.99688E-1 9.87816E-1 9.9997E-1 1E0 9.99991E-1 9.98928E-1 9.99856E-1 1E0 1E0 1E0 1E0 1E0 1E0 1E0 1E0 1E0 1E0 1E0 1E0 1E0 1E0 1E0 1E0 1E0 1E0 1E0 9.99977E-1 9.99999E-1 9.99971E-1 9.99926E-1 1E0 1E0
-9999 -9999 -9999 -9999 -9999 9.97567E-1 1E0 9.95125E-1 9.95498E-1 9.91987E-1 8.3551E-1 8.94879E-1 2.67814E-1 3.27719E-1 2.94291E-1 3.95977E-2 1.38935E-2 2.50638E-3 7.905E-4 2.09006E-3 1.28771E-3 2.66964E-3 3.99901E-2 5.43208E-1 9.91422E-1 9.82704E-1 9.73654E-1 9.98475E-1 9.88365E-1 9.99524E-1 9.99792E-1 9.99863E-1 9.98786E-1 9.94946E-1 9.99877E-1 9.9635E-1 9.98748E-1 9.99705E-1 9.99441E-1 9.99897E-1 9.99908E-1 9.95429E-1 9.96594E-1 1E0 9.9998E-1 9.99999E-1 9.96879E-1 9.99405E-1 9.99998E-1 1E0 1E0 1E0 1E0 1E0 1E0 1E0 1E0 1E0 1E0 1E0 1E0 1E0 1E0 1E0 1E0 1E0 9.99992E-1 9.9995E-1 9.99493E-1 9.99742E-1 9.89275E-1 9.99999E-1 1E0
-9999 -9999 -9999 -9999 -9999 9.99922E-1 9.99891E-1 9.99995E-1 9.96028E-1 9.99199E-1 1E0 9.72455E-1 4.3628E-1 3.26442E-1 3.35603E-1 4.40953E-2 8.59009E-3 5.14126E-3 1.92543E-3 1.86784E-3 1.12949E-3 5.20566E-3 7.32044E-2 8.36814E-1 9.87918E-1 9.29155E-1 9.80886E-1 9.89267E-1 9.95839E-1 9.94033E-1 9.92987E-1 9.96835E-1 9.88204E-1 9.95447E-1 9.98957E-1 9.9807E-1 9.99976E-1 9.93372E-1 9.9967E-1 9.99876E-1 9.99997E-1 9.97827E-1 9.99979E-1 9.99956E-1 9.98928E-1 9.99154E-1 9.98798E-1 9.99999E-1 9.99721E-1 9.99297E-1 1E0 1E0 1E0 9.99999E-1 1E0 1E0 1E0 1E0 1E0 1E0 1E0 1E0 1E0 1E0 1E0 1E0 9.9996E-1 1E0 9.99987E-1 9.98958E-1 9.993E-1 9.91864E-1 9.99998E-1
-9999 -9999 -9999 -9999 -9999 9.99903E-1 9.9724E-1 9.99901E-1 9.99992E-1 9.96779E-1 9.99995E-1 9.22319E-1 3.59197E-1 2.81172E-1 1.15667E-1 3.19022E-2 4.58361E-3 8.37677E-3 1.34648E-3 1.32924E-3 3.6689E-3 2.16864E-2 1.41657E-1 9.97743E-1 9.99686E-1 8.65892E-1 8.48043E-1 9.98782E-1 9.85032E-1 9.89582E-1 9.99125E-1 9.99893E-1 9.98693E-1 9.903E-1 9.98121E-1 9.96929E-1 9.98658E-1 9.95956E-1 9.99999E-1 9.99804E-1 9.99888E-1 9.99043E-1 9.97081E-1 1E0 1E0 9.99998E-1 9.97273E-1 9.98826E-1 9.98494E-1 9.99934E-1 1E0 1E0 1E0 1E0 1E0 1E0 1E0 1E0 1E0 1E0 1E0 1E0 1E0 1E0 1E0 1E0 1E0 9.99905E-1 9.99995E-1 1E0 1E0 9.98759E-1 9.99997E-1
-9999 -9999 -9999 -9999 -9999 9.98635E-1 1E0 1E0 1E0 1E0 9.99986E-1 9.98132E-1 5.88721E-1 4.47654E-1 9.67266E-2 5.47066E-3 8.08771E-3 3.27855E-3 1.58201E-3 2.88097E-3 6.56448E-3 1.56295E-2 2.7823E-1 9.99521E-1 9.99993E-1 9.77075E-1 9.19249E-1 9.96073E-1 9.70041E-1 9.9624E-1 9.7479E-1 9.99841E-1 9.9785E-1 9.85064E-1 9.99971E-1 9.99712E-1 9.99938E-1 9.99907E-1 1E0 9.98285E-1 9.99984E-1 9.99807E-1 9.99929E-1 9.99985E-1 1E0 1E0 9.99995E-1 9.96492E-1 9.85838E-1 9.99999E-1 1E0 1E0 1E0 1E0 9.99999E-1 1E0 1E0 1E0 1E0 1E0 1E0 1E0 1E0 1E0 1E0 1E0 9.99999E-1 1E0 9.99995E-1 9.99993E-1 1E0 9.99917E-1 9.99998E-1
-9999 -9999 -9999 -9999 -9999 9.99998E-1 1E0 1E0 1E0 1E0 1E0 9.99999E-1 9.35618E-1 5.50698E-1 1.06343E-1 1.6021E-2 2.00039E-2 1.08734E-2 1.01457E-2 4.57907E-3 1.77126E-2 7.05245E-3 3.40529E-1 1E0 1E0 9.99716E-1 9.99484E-1 9.97765E-1 9.98351E-1 9.94289E-1 9.94777E-1 9.99294E-1 9.99765E-1 1E0 9.99186E-1 9.99549E-1 9.99862E-1 9.99603E-1 9.99946E-1 1E0 9.99908E-1 9.99975E-1 9.99782E-1 1E0 1E0 1E0 9.99966E-1 9.99999E-1 9.99905E-1 9.99998E-1 1E0 1E0 1E0 9.99999E-1 1E0 1E0 1E0 1E0 1E0 1E0 1E0 1E0 1E0 1E0 1E0 1E0 9.99986E-1 9.99356E-1 9.99956E-1 9.99998E-1 9.95108E-1 9.99915E-1 1E0
-9999 -9999 -9999 -9999 -9999 9.9996E-1 1E0 1E0 1E0 9.99991E-1 9.99967E-1 9.99507E-1 9.99584E-1 9.1563E-1 5.81717E-1 5.93564E-1 5.71002E-1 2.25484E-1 3.0988E-2 1.73206E-2 7.8433E-2 1.01508E-1 3.50965E-1 9.99841E-1 9.9895E-1 9.97073E-1 9.99865E-1 9.9737E-1 9.99613E-1 9.92334E-1 9.97278E-1 9.98708E-1 9.29093E-1 9.49799E-1 9.75531E-1 9.67526E-1 9.99848E-1 9.99975E-1 1E0 9.99999E-1 9.9999E-1 9.97157E-1 9.98388E-1 9.99996E-1 9.99999E-1 9.9996E-1 9.9217E-1 9.99592E-1 9.99992E-1 1E0 1E0 9.99979E-1 9.99973E-1 9.99991E-1 9.99941E-1 9.99994E-1 1E0 1E0 1E0 1E0 1E0 1E0 1E0 1E0 9.99996E-1 1E0 9.99916E-1 9.99897E-1 9.9181E-1 1E0 9.99988E-1 9.96309E-1 9.99735E-1
-9999 -9999 -9999 -9999 -9999 1E0 1E0 1E0 1E0 9.94468E-1 8.81761E-1 9.70301E-1 9.99257E-1 8.69972E-1 3.9212E-1 5.80956E-1 6.03038E-1 3.37452E-1 7.80131E-2 4.11451E-2 9.29552E-2 3.90847E-1 6.28681E-1 9.99988E-1 9.99332E-1 9.96922E-1 9.99565E-1 9.99753E-1 9.99389E-1 9.43572E-1 9.98098E-1 9.99227E-1 9.98344E-1 9.98845E-1 9.86935E-1 9.99998E-1 9.99997E-1 1E0 1E0 1E0 1E0 9.99931E-1 9.9914E-1 9.99998E-1 9.99807E-1 9.85E-1 9.99485E-1 9.99673E-1 9.99991E-1 1E0 1E0 1E0 9.99996E-1 9.99933E-1 1E0 1E0 1E0 1E0 1E0 1E0 1E0 1E0 1E0 1E0 1E0 1E0 9.99982E-1 9.10569E-1 1E0 9.99772E-1 9.97298E-1 9.80763E-1 9.42584E-1
-9999 -9999 -9999 -9999 -9999 9.99999E-1 1E0 1E0 1E0 9.99906E-1 9.99715E-1 4.81354E-1 9.82085E-1 6.14092E-1 2.23661E-1 6.90791E-2 1.53163E-1 2.13248E-1 6.44728E-2 5.78961E-2 2.28733E-1 6.8723E-1 9.98487E-1 9.95654E-1 9.99575E-1 9.90926E-1 9.98748E-1 9.99907E-1 9.97593E-1 9.99797E-1 9.99937E-1 9.99997E-1 9.99998E-1 9.99689E-1 9.95916E-1 9.97061E-1 1E0 1E0 1E0 1E0 9.99967E-1 9.99951E-1 9.99998E-1 9.99999E-1 9.99914E-1 9.86579E-1 9.99929E-1 9.99922E-1 9.99758E-1 1E0 1E0 9.99977E-1 9.99994E-1 1E0 1E0 1E0 1E0 1E0 1E0 1E0 1E0 1E0 1E0 1E0 1E0 1E0 9.99911E-1 9.91472E-1 9.95992E-1 9.98533E-1 9.85289E-1 9.9064E-1 9.14958E-1
-9999 -9999 -9999 -9999 -9999 9.99778E-1 9.9895E-1 1E0 1E0 9.99373E-1 9.99822E-1 9.97663E-1 9.85446E-1 8.34539E-1 3.83634E-1 1.20493E-1 5.3612E-2 8.71349E-2 3.22488E-2 2.03678E-1 3.21525E-1 8.02699E-1 9.99722E-1 9.98097E-1 9.92405E-1 9.99893E-1 9.9998E-1 9.98488E-1 9.89684E-1 9.99698E-1 9.99805E-1 9.99998E-1 9.99999E-1 9.99417E-1 9.92539E-1 9.9983E-1 9.99992E-1 1E0 1E0 1E0 1E0 9.99983E-1 1E0 9.99668E-1 9.99994E-1 9.98685E-1 9.99975E-1 9.99995E-1 9.99992E-1 9.99999E-1 1E0 1E0 1E0 1E0 1E0 1E0 1E0 1E0 1E0 1E0 1E0 9.99996E-1 1E0 1E0 9.99999E-1 9.99998E-1 9.97935E-1 9.84697E-1 9.99042E-1 9.94927E-1 9.57745E-1 9.84747E-1 9.80484E-1
-9999 -9999 -9999 -9999 -9999 9.99888E-1 9.98623E-1 1E0 1E0 1E0 9.99997E-1 9.90971E-1 9.39832E-1 9.71679E-1 7.27434E-1 3.93E-1 3.54003E-1 2.52432E-1 8.98079E-2 6.58845E-2 1.27061E-1 8.57167E-1 9.9951E-1 9.99998E-1 9.99976E-1 9.99947E-1 9.99993E-1 9.99901E-1 9.79212E-1 9.91177E-1 9.9863E-1 9.99972E-1 9.99973E-1 9.99749E-1 9.95828E-1 9.9694E-1 1E0 1E0 1E0 1E0 1E0 1E0 1E0 1E0 9.99941E-1 9.9999E-1 9.99995E-1 9.99501E-1 1E0 9.99978E-1 1E0 1E0 1E0 1E0 1E0 1E0 1E0 1E0 1E0 1E0 1E0 1E0 1E0 1E0 9.99999E-1 1E0 9.98788E-1 9.99966E-1 9.99833E-1 9.99995E-1 9.94434E-1 9.95208E-1 9.97938E-1
-9999 -9999 -9999 -9999 -9999 9.99967E-1 9.99526E-1 9.98036E-1 9.82E-1 1E0 1E0 9.64679E-1 9.98978E-1 9.9994E-1 9.15757E-1 5.7936E-1 8.36079E-1 9.6059E-1 6.9141E-1 3.06521E-1 2.25425E-1 9.82759E-1 1E0 9.99999E-1 9.98361E-1 9.99273E-1 9.99725E-1 9.99524E-1 9.91685E-1 9.89751E-1 7.58275E-1 9.96801E-1 9.94815E-1 9.95254E-1 9.94573E-1 9.97757E-1 9.99999E-1 1E0 1E0 9.99908E-1 9.99948E-1 9.99996E-1 1E0 9.9999E-1 9.99878E-1 9.9837E-1 9.98343E-1 9.97137E-1 1E0 1E0 1E0 9.99999E-1 9.99999E-1 1E0 1E0 1E0 1E0 1E0 1E0 1E0 1E0 1E0 1E0 1E0 1E0 1E0 9.99966E-1 1E0 9.99642E-1 9.9601E-1 9.99998E-1 9.99984E-1 9.99952E-1
-9999 -9999 -9999 -9999 -9999 -9999 1E0 1E0 9.99925E-1 1E0 1E0 1E0 9.99895E-1 9.99999E-1 9.22553E-1 9.95658E-1 9.99985E-1 9.99347E-1 9.80868E-1 9.99487E-1 9.99994E-1 9.99283E-1 9.99999E-1 1E0 1E0 9.99942E-1 9.99886E-1 9.92616E-1 9.99779E-1 9.98247E-1 9.9443E-1 9.68763E-1 9.82438E-1 9.9976E-1 9.99955E-1 1E0 1E0 9.99995E-1 1E0 9.99999E-1 9.99526E-1 1E0 9.99745E-1 9.99997E-1 9.99872E-1 1E0 9.99998E-1 9.99933E-1 9.99939E-1 1E0 1E0 9.99994E-1 9.99991E-1 9.99768E-1 1E0 1E0 1E0 1E0 9.99996E-1 1E0 1E0 1E0 1E0 1E0 1E0 1E0 1E0 9.99978E-1 9.99965E-1 9.99978E-1 9.99981E-1 1E0 1E0
