ENM/Final_Models/M_1_F_q_Set_1_E/Gustavia_santanderiensis_9_Choco.asc
ncols         367
nrows         963
xllcorner     -78.6
yllcorner     0.65
cellsize      0.00833333333333323
NODATA_value  -9999
[rows 270 to 299 of 963, columns 201 to 267 of 367]
4.24038E-1 3.79185E-1 5.11218E-1 4.72269E-1 4.85606E-1 5.69727E-1 9.36097E-1 4.9238E-1 4.34519E-1 1.84261E-1 7.2186E-1 6.09426E-1 1.86936E-1 8.19896E-1 7.25299E-1 9.84382E-1 1E0 1E0 9.99996E-1 9.99538E-1 9.99963E-1 9.52205E-1 9.71012E-1 9.99379E-1 9.99528E-1 7.08922E-1 5.96587E-1 9.29099E-1 9.00164E-1 9.01396E-1 7.82043E-1 7.75469E-1 9.2762E-1 7.97176E-1 7.3001E-1 6.85394E-1 6.19916E-1 5.37496E-1 8.17151E-1 3.82031E-1 6.18069E-1 3.52938E-1 9.11938E-2 3.37178E-2 1.29869E-2 2.94194E-2 4.00663E-2 5.28687E-2 7.66894E-2 4.89471E-1 5.81073E-1 7.33311E-1 8.67889E-1 9.00862E-1 9.53267E-1 8.84728E-1 8.98912E-1 8.53655E-1 8.21359E-1 8.14254E-1 6.19107E-1 5.70107E-1 4.51554E-1 2.2899E-1 2.36997E-1 1.70162E-1 1.27663E-1
4.17435E-1 9.31701E-2 1.4316E-1 3.58853E-1 3.7176E-1 5.38399E-1 1.82646E-1 5.87025E-1 4.94338E-1 1.50278E-1 1.55491E-1 1.75525E-1 1.81272E-1 5.97886E-1 6.40819E-1 9.99874E-1 9.99788E-1 1E0 1E0 1E0 9.99982E-1 9.68025E-1 9.61025E-1 9.35452E-1 8.73439E-1 8.31019E-1 9.01712E-1 8.14345E-1 7.84787E-1 6.97869E-1 5.80822E-1 7.56619E-1 8.88594E-1 9.20289E-1 8.74042E-1 8.7722E-1 5.98992E-1 2.69963E-1 5.70727E-1 4.54622E-1 5.76776E-1 3.89063E-1 3.73123E-2 5.51896E-3 1.47371E-2 2.50152E-2 1.50213E-2 3.27158E-2 4.8638E-2 2.11503E-1 7.5745E-1 7.04647E-1 9.41191E-1 5.2204E-1 8.30181E-1 8.34526E-1 8.82799E-1 9.27051E-1 9.58817E-1 7.50078E-1 7.44276E-1 4.58097E-1 4.94564E-1 3.81195E-1 3.21349E-1 1.24667E-1 1.50238E-1
3.91909E-1 4.54815E-1 1.23608E-1 1.1886E-1 1.57432E-1 1.7773E-1 1.53053E-1 1.6945E-1 1.35188E-1 1.25876E-1 1.78325E-1 4.04283E-1 1.30214E-1 7.54421E-1 9.92977E-1 9.57735E-1 9.67068E-1 1E0 9.99883E-1 9.99987E-1 9.5549E-1 7.50044E-1 7.14559E-1 7.86785E-1 8.24783E-1 5.43683E-1 9.1738E-1 5.16828E-1 2.30739E-1 5.94751E-1 8.62475E-1 7.91479E-1 9.44703E-1 9.33267E-1 9.30721E-1 9.37439E-1 7.50839E-1 6.04308E-1 4.93066E-1 6.56092E-1 5.3511E-1 3.98779E-1 1.65479E-1 5.70912E-3 6.30805E-3 2.13149E-2 1.51408E-2 3.07005E-2 7.56034E-3 6.44844E-2 2.39937E-1 7.09679E-1 9.62104E-1 7.78042E-1 7.811E-1 7.56886E-1 8.35787E-1 6.75749E-1 5.29461E-1 7.07261E-1 7.60691E-1 8.94866E-1 5.58303E-1 5.10386E-1 3.5247E-1 4.82183E-1 3.28918E-1
3.1376E-1 3.62367E-1 1.06664E-1 1.39886E-1 1.89227E-1 1.40007E-1 1.58258E-1 1.50334E-1 1.34257E-1 4.43089E-1 1.64686E-1 1.32545E-1 1.47277E-1 1.63453E-1 9.90344E-1 9.7813E-1 6.71752E-1 1E0 1E0 9.59971E-1 6.51736E-1 6.97117E-1 8.31834E-1 7.47308E-1 9.02209E-1 8.13855E-1 9.03491E-1 9.16974E-1 4.91951E-1 6.14331E-1 8.16906E-1 9.11834E-1 9.19513E-1 9.37772E-1 7.19603E-1 6.97466E-1 9.1554E-1 5.7609E-1 2.23118E-1 4.94835E-1 6.82246E-1 4.31496E-1 1.35071E-1 5.16831E-3 6.83424E-3 4.32639E-2 1.54998E-2 1.46553E-2 1.05277E-2 2.07999E-2 1.23812E-1 4.37481E-1 8.10706E-1 9.5572E-1 7.14502E-1 7.02754E-1 9.59001E-1 7.58149E-1 5.11055E-1 4.27788E-1 4.7212E-1 7.74501E-1 7.81154E-1 7.26031E-1 5.90638E-1 5.21402E-1 5.36555E-1
2.84612E-1 1.08493E-1 1.14547E-1 1.22147E-1 1.33139E-1 1.23998E-1 4.82556E-1 1.10453E-1 4.55003E-1 4.82342E-1 1.05064E-1 1.25192E-1 1.21268E-1 3.11841E-1 5.8366E-1 7.24958E-1 4.76697E-1 9.99993E-1 9.99949E-1 9.7465E-1 5.99729E-1 9.31029E-1 9.19166E-1 8.85093E-1 7.84748E-1 7.64922E-1 9.95552E-1 8.35619E-1 5.12462E-1 5.86801E-1 5.61801E-1 7.55985E-1 7.41014E-1 7.04928E-1 6.82909E-1 7.27742E-1 8.27564E-1 5.93894E-1 2.48069E-1 2.28896E-1 5.30283E-1 6.08759E-1 1.40954E-1 2.58958E-2 6.32454E-3 4.50169E-2 4.35826E-2 2.15268E-2 4.30825E-2 3.08889E-2 8.47389E-2 1.55339E-1 8.5721E-1 9.5831E-1 7.18615E-1 8.1518E-1 8.67073E-1 6.61254E-1 5.70325E-1 7.52589E-1 6.32349E-1 5.74668E-1 6.47155E-1 8.54335E-1 9.13692E-1 5.34201E-1 7.06479E-1
7.52889E-2 3.48587E-1 4.08743E-1 1.09954E-1 1.21821E-1 1.26737E-1 3.55039E-1 3.68927E-1 1.09214E-1 3.42457E-1 3.72487E-1 1.13946E-1 8.36002E-1 3.72526E-1 4.08084E-1 3.42579E-1 9.91179E-1 1E0 9.92506E-1 9.8912E-1 7.83951E-1 7.64551E-1 8.98608E-1 8.42792E-1 7.49303E-1 9.99657E-1 7.50967E-1 6.10614E-1 6.74941E-1 4.98496E-1 8.35707E-1 7.20575E-1 8.07799E-1 7.73824E-1 6.43862E-1 6.19051E-1 5.63474E-1 2.78633E-1 4.49259E-1 1.63678E-1 4.95076E-1 7.69002E-1 3.06296E-1 5.9086E-2 1.65086E-2 1.12312E-2 4.19709E-2 2.41985E-2 2.88124E-2 8.15555E-2 7.32945E-2 3.58679E-1 7.44802E-1 7.01896E-1 8.56256E-1 8.42873E-1 9.0011E-1 9.0544E-1 6.99123E-1 7.8133E-1 7.48393E-1 4.43761E-1 5.35701E-1 8.09573E-1 6.56729E-1 4.8693E-1 3.17513E-1
2.78155E-1 1.04319E-1 1.08168E-1 9.82802E-2 3.1577E-1 8.05735E-1 9.97295E-1 8.87419E-1 1.52435E-1 1.12521E-1 3.23051E-1 3.36488E-1 2.89921E-1 9.30852E-2 2.65417E-1 6.37162E-1 9.92645E-1 1E0 9.99999E-1 8.35712E-1 8.20102E-1 7.0987E-1 8.89617E-1 9.9089E-1 9.58049E-1 9.41894E-1 9.80731E-1 9.94851E-1 4.01108E-1 1.65318E-1 9.24666E-1 7.71886E-1 8.44329E-1 7.91819E-1 5.65354E-1 5.41018E-1 4.76583E-1 1.99936E-1 2.14991E-1 3.12344E-1 5.31317E-1 9.95634E-1 6.49621E-1 1.24465E-1 1.54655E-2 2.27901E-2 5.11124E-2 1.69194E-2 1.40031E-2 3.96917E-2 9.00578E-2 2.92494E-1 6.19137E-1 8.36625E-1 7.96078E-1 7.73082E-1 8.92059E-1 9.94389E-1 7.94477E-1 9.20703E-1 7.05355E-1 5.31591E-1 2.49034E-1 5.3591E-1 5.34164E-1 4.1214E-1 2.85605E-1
6.83853E-2 8.48701E-2 6.41815E-2 2.34651E-1 2.74444E-1 3.026E-1 3.70494E-1 1.29414E-1 1.06126E-1 1.03916E-1 8.93102E-2 8.9615E-2 9.41296E-2 9.1042E-2 3.4008E-1 6.29256E-1 9.69199E-1 9.70573E-1 9.74638E-1 9.85409E-1 9.99834E-1 9.67088E-1 9.05898E-1 7.51034E-1 9.89437E-1 9.9219E-1 3.43117E-1 3.19095E-1 3.90739E-1 2.10643E-1 5.71512E-1 5.79929E-1 9.05226E-1 9.20779E-1 7.13702E-1 7.29248E-1 7.08053E-1 7.68705E-1 6.58352E-1 5.24745E-1 6.87906E-1 9.63469E-1 8.26365E-1 9.71331E-2 2.69746E-2 5.77876E-2 7.43276E-2 3.94262E-2 1.9474E-2 4.84388E-2 8.32247E-2 2.6639E-1 7.38034E-1 8.88382E-1 7.11499E-1 6.95922E-1 9.47277E-1 9.62138E-1 8.93098E-1 7.6838E-1 5.37682E-1 3.69839E-1 2.41357E-1 3.77185E-1 3.95846E-1 2.25723E-1 2.26575E-1
2.7439E-1 2.67924E-1 9.57406E-2 3.01923E-1 8.4736E-2 3.33832E-1 2.87991E-1 3.25456E-1 1.52859E-1 4.09568E-1 9.48513E-2 9.76951E-2 9.68715E-2 1.12368E-1 3.31262E-1 7.94366E-1 9.9981E-1 9.61567E-1 4.71628E-1 7.53146E-1 9.93327E-1 8.99344E-1 8.14843E-1 8.0498E-1 9.21067E-1 9.98008E-1 2.78289E-1 1.26744E-1 1.68541E-1 2.02948E-1 6.01694E-1 4.79937E-1 5.47445E-1 8.65082E-1 7.89898E-1 6.54846E-1 6.4678E-1 7.43113E-1 6.47949E-1 7.82545E-1 7.84333E-1 9.07809E-1 8.18403E-1 1.07904E-1 1.97085E-2 2.91714E-2 2.67972E-2 2.63042E-2 1.61567E-2 1.56832E-2 6.03275E-2 3.973E-1 8.00949E-1 9.42935E-1 8.08331E-1 6.65099E-1 8.77316E-1 9.33457E-1 9.89679E-1 9.01338E-1 6.14461E-1 4.87826E-1 2.95731E-1 3.30081E-1 1.38424E-1 6.21799E-2 2.88365E-2
6.8827E-2 6.68058E-2 3.27032E-1 2.79752E-1 3.06084E-1 2.99342E-1 2.87641E-1 6.34855E-1 2.23297E-1 9.82031E-1 9.74398E-1 1.04701E-1 3.00592E-1 3.14628E-1 2.96531E-1 8.47505E-1 9.51693E-1 9.10435E-1 6.22184E-1 7.23869E-1 9.96442E-1 8.35344E-1 7.29414E-1 9.09645E-1 9.64394E-1 9.87914E-1 3.35996E-1 1.7439E-1 4.85348E-1 4.81462E-1 5.71752E-1 6.73446E-1 5.31054E-1 7.2474E-1 6.12147E-1 5.72268E-1 6.17243E-1 7.64239E-1 6.19575E-1 9.99975E-1 9.99858E-1 4.39396E-1 7.86674E-1 2.1408E-1 1.00156E-1 9.90141E-2 2.15442E-2 1.11856E-2 8.64959E-3 4.46116E-3 5.33544E-2 1.08102E-1 8.08846E-1 9.6056E-1 8.9808E-1 6.74177E-1 6.843E-1 9.77185E-1 9.50722E-1 8.94105E-1 4.95676E-1 4.44865E-1 2.7306E-1 2.63543E-1 1.53274E-1 3.85119E-2 3.38189E-2
1.33405E-1 6.01429E-2 7.59431E-2 1.23276E-1 1.16665E-1 8.9059E-2 2.64716E-1 2.79163E-1 1.12836E-1 9.92865E-2 9.3403E-2 3.71267E-1 1.00464E-1 8.19078E-2 8.60665E-2 1.04493E-1 9.69999E-1 9.61187E-1 8.66944E-1 8.97037E-1 8.39274E-1 9.9824E-1 8.47349E-1 8.43392E-1 9.99595E-1 9.83554E-1 2.94697E-1 4.23136E-1 3.62591E-1 3.52969E-1 4.55824E-1 6.4817E-1 4.83988E-1 4.40746E-1 6.89906E-1 4.70611E-1 4.6025E-1 5.57901E-1 6.14887E-1 7.41416E-1 9.98692E-1 3.59901E-1 4.34634E-1 6.37753E-1 3.41027E-1 5.29673E-2 2.03439E-2 2.4846E-2 1.67783E-2 1.94456E-2 7.1473E-2 1.57177E-1 9.08341E-1 9.6427E-1 9.5427E-1 9.10701E-1 9.40934E-1 9.54412E-1 9.03112E-1 8.8861E-1 6.50949E-1 4.38176E-1 2.22639E-1 2.81186E-1 1.33133E-1 6.7925E-2 3.79645E-2
1.38874E-1 2.58531E-1 2.49219E-1 2.60511E-1 2.65575E-1 1.31017E-1 1.10751E-1 1.28652E-1 1.23497E-1 1.14736E-1 9.43004E-2 3.78784E-1 2.86363E-1 7.49134E-2 2.99491E-1 3.97141E-1 8.05227E-1 7.28531E-1 9.86309E-1 9.78261E-1 9.8514E-1 9.99994E-1 1E0 1E0 9.99997E-1 5.76906E-1 6.68452E-1 1.44689E-1 3.88354E-1 6.15369E-1 5.55492E-1 5.82793E-1 4.46638E-1 4.65681E-1 1.84082E-1 1.67379E-1 5.05572E-1 5.57498E-1 5.83428E-1 7.50572E-1 6.65303E-1 5.07779E-1 4.6255E-1 8.1036E-1 4.06811E-1 1.59733E-2 5.12494E-3 1.59403E-2 2.22688E-2 4.57979E-2 2.13594E-1 2.62416E-1 9.63081E-1 8.23522E-1 9.05839E-1 7.96439E-1 8.62776E-1 8.9711E-1 6.81478E-1 8.2904E-1 5.86604E-1 3.43584E-1 3.03077E-1 1.47782E-1 1.25138E-1 7.1518E-2 5.50518E-2
9.70018E-1 1.08768E-1 2.25048E-1 2.65065E-1 2.41882E-1 9.03016E-2 2.19298E-1 6.83818E-2 2.78585E-1 9.47075E-1 9.24217E-1 9.53848E-1 9.49405E-1 9.22489E-1 5.46173E-1 3.80677E-1 7.25675E-1 6.02454E-1 7.93516E-1 9.99973E-1 9.76799E-1 1E0 1E0 9.99996E-1 9.99986E-1 6.03054E-1 5.4358E-1 1.09745E-1 4.1092E-1 6.36337E-1 6.80363E-1 4.37051E-1 6.29476E-1 4.55792E-1 1.69505E-1 1.57331E-1 1.43994E-1 3.86464E-1 6.67389E-1 5.50911E-1 6.98285E-1 9.99071E-1 9.84711E-1 6.63352E-1 1.18088E-1 1.91687E-2 9.57155E-3 6.4063E-3 1.66336E-2 4.41862E-2 3.07595E-1 4.39903E-1 9.70663E-1 9.72308E-1 8.00467E-1 6.85128E-1 6.50491E-1 6.27166E-1 5.14433E-1 5.67294E-1 4.94832E-1 1.76292E-1 9.37192E-2 1.06868E-1 9.62359E-2 6.04875E-2 3.22469E-2
2.12634E-1 1.0057E-1 9.5107E-1 9.64699E-1 9.55032E-1 1.01499E-1 2.43539E-1 3.58685E-1 8.47802E-1 1.03889E-1 9.36772E-1 9.51562E-1 9.99988E-1 9.50533E-1 4.36071E-1 6.43153E-1 8.22637E-2 5.69342E-1 5.77393E-1 6.31445E-1 9.70904E-1 9.99338E-1 9.99703E-1 9.54028E-1 9.82002E-1 2.38501E-1 6.31876E-1 2.50775E-1 4.2463E-1 9.0942E-1 9.34963E-1 5.98591E-1 5.5474E-1 3.45058E-1 1.6242E-1 1.61345E-1 1.71853E-1 1.65569E-1 1.60958E-1 1.29604E-1 4.48438E-1 6.35388E-1 9.74174E-1 8.473E-1 2.11406E-1 9.90992E-3 4.55884E-2 2.04616E-2 2.24599E-2 5.35784E-2 3.71245E-1 5.80068E-1 9.67464E-1 9.92198E-1 7.4889E-1 4.48368E-1 6.29763E-1 7.4337E-1 8.61667E-1 6.5414E-1 6.90442E-1 1.3443E-1 4.6361E-2 5.06184E-2 5.42291E-2 5.22542E-2 3.24223E-2
1.0136E-1 4.89889E-2 9.30672E-2 9.4182E-1 9.16565E-1 8.82852E-1 2.22145E-1 2.32997E-1 8.50416E-2 9.00762E-1 8.7086E-1 9.02827E-1 9.99949E-1 9.26795E-1 8.73979E-1 2.81983E-1 6.08694E-1 7.15355E-1 6.24047E-1 8.66793E-1 5.24613E-1 9.73294E-1 9.40505E-1 4.55375E-1 5.32056E-1 2.23516E-1 2.58402E-1 1.01233E-1 9.91253E-2 3.23158E-1 4.93094E-1 9.22773E-1 3.10003E-1 1.27198E-1 1.24701E-1 1.61637E-1 1.49579E-1 1.63283E-1 5.48574E-1 4.99889E-1 4.4416E-1 7.93323E-1 8.75623E-1 6.56863E-1 1.51347E-1 1.04756E-2 2.09197E-2 2.06271E-2 3.49638E-2 5.51045E-2 4.19499E-1 4.45378E-1 9.90809E-1 9.92824E-1 7.66625E-1 7.23536E-1 7.7429E-1 6.82856E-1 5.77307E-1 4.74423E-1 6.7672E-1 2.31541E-1 6.97423E-2 3.89572E-2 1.87637E-2 5.5961E-2 4.18573E-2
8.00959E-2 7.87952E-2 9.61068E-1 9.51892E-1 1.13021E-1 2.33469E-1 3.35196E-1 2.02956E-1 2.25783E-1 9.15536E-1 9.4162E-1 9.28429E-1 8.95282E-1 8.06797E-1 8.5598E-1 9.12529E-1 6.51573E-1 5.89352E-1 5.80935E-1 6.91138E-1 2.78402E-1 5.49957E-1 4.28629E-1 4.07195E-1 5.04304E-1 2.18634E-1 1.12261E-1 8.53285E-2 8.85223E-2 2.59517E-1 2.64019E-1 8.55035E-1 2.66659E-1 9.21466E-2 2.39342E-1 1.21297E-1 1.36691E-1 1.36567E-1 5.71621E-1 4.77969E-1 4.08617E-1 8.02618E-1 6.97385E-1 4.02275E-1 3.73789E-1 1.58717E-2 2.70436E-2 2.08143E-2 2.13753E-2 1.33319E-2 1.91429E-1 1.10849E-1 9.72285E-1 9.80818E-1 6.71086E-1 5.53957E-1 5.23189E-1 7.7879E-1 6.64354E-1 6.16131E-1 5.42718E-1 3.16827E-1 3.24098E-2 3.75495E-2 2.78073E-2 1.5764E-1 2.25954E-1
8.22952E-2 6.37781E-2 9.24888E-1 1.14179E-1 1.70867E-1 1.86443E-1 1.74876E-1 1.93442E-1 9.22763E-1 8.69958E-1 9.28014E-1 9.41961E-1 8.69145E-1 8.40342E-1 7.38575E-1 9.25552E-1 1.19485E-1 4.95032E-1 5.16495E-1 6.26068E-1 2.02724E-1 5.62071E-1 2.36715E-1 4.13367E-1 4.08398E-1 1.86747E-1 9.31514E-2 3.14969E-1 3.47345E-1 2.9762E-1 2.28583E-1 7.88462E-1 2.51105E-1 1.03143E-1 5.79498E-1 1.13114E-1 1.04239E-1 1.0213E-1 3.84541E-1 3.36585E-1 7.93212E-1 7.81802E-1 3.29073E-1 3.69491E-1 4.93229E-1 1.3E-2 3.34641E-2 3.09634E-2 1.90409E-2 2.89696E-2 3.51295E-1 1.28096E-1 9.78108E-1 9.61643E-1 9.35122E-1 7.08261E-1 5.33784E-1 9.40654E-1 8.65306E-1 7.06189E-1 6.63254E-1 1.50338E-1 2.03245E-2 2.58385E-2 1.39949E-2 1.02029E-1 8.54355E-2
6.73771E-2 9.18965E-1 8.02786E-1 9.08749E-1 9.15693E-1 9.28624E-1 1.61689E-1 3.0887E-1 3.10674E-1 1.55426E-1 7.86164E-2 7.82194E-2 9.1828E-1 9.20908E-1 9.14995E-1 9.99991E-1 9.88427E-1 6.66817E-1 6.16557E-1 5.41069E-1 2.3798E-1 1.89531E-1 2.17111E-1 2.04724E-1 1.46721E-1 3.13944E-1 1.81923E-1 7.70875E-2 9.24379E-2 2.3237E-1 2.30635E-1 2.32969E-1 3.82511E-1 1.09321E-1 3.12762E-1 2.91936E-1 8.93812E-2 1.05977E-1 3.13174E-1 3.83091E-1 3.54683E-1 9.11679E-1 2.96318E-1 2.07049E-1 5.16675E-1 4.1304E-2 1.31525E-2 2.98234E-2 2.83383E-2 6.51024E-2 3.52691E-1 3.03146E-1 9.90073E-1 8.73826E-1 9.41519E-1 9.36207E-1 9.43244E-1 7.79089E-1 9.13249E-1 9.43306E-1 7.2956E-1 3.53272E-1 3.2609E-2 2.35884E-2 2.78937E-2 7.83368E-2 7.63492E-2
1.25993E-1 7.99236E-1 8.34675E-1 8.12491E-1 8.48947E-1 9.32462E-1 1.41307E-1 8.87926E-1 9.99864E-1 8.95488E-1 8.69608E-2 1.82916E-1 9.03201E-1 9.07345E-1 9.99978E-1 8.8013E-1 2.82298E-1 5.89888E-1 5.48144E-1 5.22627E-1 2.3938E-1 7.71606E-2 1.54872E-1 5.51021E-1 5.10984E-1 9.11956E-2 1.02226E-1 7.57248E-2 1.84698E-1 9.38278E-2 8.98653E-2 6.15426E-2 8.96682E-2 1.09248E-1 2.9187E-1 3.37385E-1 2.62076E-1 2.3114E-1 4.45919E-1 3.05701E-1 1.08197E-1 7.78284E-2 1.60365E-1 3.10879E-1 7.04431E-1 2.18112E-1 1.89207E-2 2.40054E-2 2.30595E-2 4.69417E-2 2.51085E-1 2.32701E-1 9.0711E-1 9.75431E-1 9.86671E-1 9.96391E-1 9.96512E-1 7.97126E-1 8.41332E-1 8.7074E-1 3.71364E-1 4.40203E-1 2.35788E-1 1.52685E-1 6.73377E-2 1.70868E-2 2.93149E-2
3.39904E-1 8.0158E-1 7.83146E-1 8.36107E-1 8.24675E-1 8.78664E-1 8.99757E-1 8.7823E-1 8.76954E-1 9.99962E-1 8.86808E-1 9.01618E-1 9.20403E-1 8.61808E-1 8.39872E-1 3.35659E-1 5.23295E-1 9.96732E-1 6.02338E-1 7.10044E-2 8.19705E-2 1.75589E-1 7.8393E-2 9.59044E-1 9.99914E-1 9.56757E-1 2.71759E-1 8.63541E-2 2.8046E-1 2.44377E-1 6.32399E-2 2.2895E-1 2.24591E-1 2.5028E-1 3.05364E-1 2.787E-1 3.04741E-1 9.76597E-2 3.03928E-1 8.83987E-1 8.26659E-1 8.0517E-1 7.6783E-1 6.93744E-1 5.10848E-1 5.57825E-1 6.59182E-2 2.02121E-2 2.1727E-2 3.02007E-2 1.58182E-1 1.21152E-1 9.83843E-1 9.40684E-1 9.59658E-1 9.13208E-1 9.01811E-1 7.71117E-1 6.47698E-1 8.84795E-1 8.96265E-1 3.47179E-1 3.15342E-1 1.82295E-1 1.49988E-1 1.54655E-2 2.50981E-2
6.7374E-1 7.4437E-1 5.27871E-2 1.04257E-1 8.2713E-1 8.61073E-1 9.17875E-1 9.5021E-1 9.2643E-1 9.99826E-1 9.45447E-1 8.78717E-1 8.94018E-1 2.86976E-1 2.59928E-1 8.78081E-1 9.36579E-1 2.53237E-1 1.7041E-1 2.56333E-1 5.50836E-1 5.4107E-1 4.80684E-1 5.0333E-1 2.72102E-1 2.84312E-1 2.86902E-1 3.08994E-1 2.63165E-1 2.53012E-1 8.68284E-1 8.08658E-1 6.64784E-2 1.42264E-1 6.93997E-2 2.31828E-1 2.7458E-1 8.38047E-2 9.02109E-1 8.49703E-1 9.98673E-1 8.07918E-1 9.99869E-1 9.81651E-1 8.79977E-1 5.3485E-1 2.03275E-1 6.70263E-2 1.95702E-2 4.67215E-2 7.17227E-2 1.79667E-1 9.35895E-1 9.96478E-1 9.58762E-1 9.70255E-1 8.81808E-1 8.99714E-1 8.35307E-1 9.18558E-1 7.47891E-1 8.66867E-1 4.24987E-1 4.46437E-1 1.99932E-1 9.693E-2 1.04187E-1
7.5221E-1 8.19236E-1 6.0525E-2 1.18483E-1 8.67303E-1 8.81195E-1 8.78044E-1 6.29825E-2 6.17049E-2 7.90284E-1 1.28869E-1 2.19867E-1 7.81917E-1 7.76885E-1 8.08361E-1 9.12395E-1 2.95663E-1 8.2946E-2 2.19546E-1 5.11138E-1 4.31479E-1 4.67554E-1 1.50146E-1 1.54015E-1 6.51793E-2 7.25232E-2 6.94759E-2 2.35164E-1 2.28465E-1 2.3284E-1 2.88172E-1 2.81651E-1 8.85773E-1 8.81375E-1 6.92517E-2 2.61723E-1 2.30773E-1 8.39235E-1 8.38608E-1 7.82831E-1 9.99556E-1 6.27584E-2 2.66781E-1 7.73387E-1 5.88017E-1 2.29411E-1 3.95142E-1 2.06334E-1 2.37361E-2 1.03003E-1 1.45865E-1 3.37918E-2 3.99606E-1 8.70384E-1 9.75673E-1 9.26218E-1 7.79699E-1 9.00005E-1 9.23451E-1 8.5597E-1 8.22353E-1 8.29457E-1 9.36459E-1 8.54294E-1 3.30747E-1 2.21939E-1 2.09483E-1
6.38201E-2 7.01285E-1 8.31683E-1 1.00874E-1 7.74391E-1 9.91373E-1 7.09198E-1 7.39894E-1 8.85517E-1 7.84513E-1 7.58743E-1 1.88171E-1 2.14669E-1 7.68988E-1 8.51081E-1 9.10152E-1 8.27508E-1 1.85552E-1 4.34198E-1 4.30109E-1 4.04816E-1 4.31106E-1 1.29591E-1 1.6009E-1 5.98583E-2 6.55235E-2 6.76349E-2 2.35703E-1 2.26122E-1 3.68239E-1 3.45653E-1 3.35738E-1 4.91883E-2 1.31773E-1 7.64278E-2 2.39221E-1 2.60279E-1 8.39643E-1 8.32528E-1 8.23469E-1 8.07956E-1 8.51447E-1 2.37932E-1 2.2549E-1 7.34999E-1 2.25298E-1 5.78611E-1 2.21987E-1 5.20717E-2 1.64761E-1 2.15501E-1 2.33741E-2 2.13313E-1 7.40211E-1 9.29173E-1 8.76014E-1 8.92204E-1 8.94589E-1 9.4616E-1 4.94419E-1 7.40927E-1 6.69502E-1 9.0354E-1 9.40965E-1 7.31945E-1 2.97817E-1 3.81213E-1
6.57951E-2 7.92267E-1 7.63967E-1 7.99974E-1 8.18346E-1 9.99393E-1 9.94783E-1 6.73857E-1 7.67555E-1 8.56968E-2 1.0053E-1 1.76931E-1 1.79911E-1 2.95771E-1 8.22594E-1 7.97387E-1 8.44882E-1 2.76731E-1 5.35544E-1 4.86891E-1 3.25326E-1 4.58694E-1 1.3438E-1 5.24837E-2 6.59899E-2 7.32226E-2 6.8687E-2 2.38217E-1 1.93519E-1 8.61156E-1 2.89032E-1 3.43202E-1 5.69352E-2 8.94724E-1 8.40891E-1 6.65251E-2 2.21401E-1 3.11138E-1 6.89906E-1 2.9127E-1 2.00546E-1 7.02236E-1 7.94638E-1 2.69232E-1 2.11923E-1 1.65792E-1 2.45167E-1 1.85066E-1 6.83303E-2 5.74353E-2 7.80812E-2 3.07243E-2 1.88002E-1 7.47754E-1 9.47553E-1 7.08519E-1 7.84214E-1 8.47626E-1 6.77148E-1 2.75406E-1 6.28876E-1 6.03384E-1 8.49179E-1 8.61198E-1 7.34263E-1 3.92326E-1 3.53025E-1
1.26299E-1 9.88686E-1 9.96853E-1 7.51493E-1 8.33054E-1 9.99586E-1 9.98662E-1 8.40332E-1 7.55065E-1 8.33811E-2 1.54161E-1 2.2162E-1 2.65103E-1 1.37138E-1 8.56488E-1 7.99703E-1 7.77743E-1 8.37934E-1 9.16095E-1 8.33813E-1 4.23193E-1 9.59102E-1 1.42471E-1 1.2461E-1 5.10406E-2 4.96195E-2 5.43259E-2 3.28517E-1 2.643E-1 8.80795E-1 1.82593E-1 1.88309E-1 5.60504E-2 9.51172E-1 6.61257E-2 6.59438E-2 5.54744E-2 2.1359E-1 2.10477E-1 1.80305E-1 2.1843E-1 8.25708E-1 5.50925E-2 1.97597E-1 2.32566E-1 1.34163E-1 8.82362E-2 2.41984E-1 3.25792E-2 2.44378E-2 8.30323E-2 3.22822E-1 9.46797E-1 8.48716E-1 7.03742E-1 7.65169E-1 6.691E-1 4.39302E-1 5.46664E-1 4.05907E-1 6.61815E-1 7.81274E-1 8.48016E-1 5.98608E-1 3.79385E-1 5.63248E-1 4.23042E-1
8.51787E-1 7.20978E-1 9.8076E-1 7.44638E-1 8.53595E-1 9.14833E-1 9.05921E-1 8.94466E-1 8.36376E-1 5.42397E-2 8.96941E-1 4.538E-1 5.14143E-2 1.14345E-1 8.53869E-1 9.9976E-1 1E0 9.99479E-1 9.99996E-1 9.98416E-1 9.99766E-1 5.09108E-2 3.83577E-1 1.32964E-1 5.29723E-2 4.27928E-2 2.17613E-1 3.404E-1 3.60691E-1 2.09852E-1 4.72828E-2 3.93E-2 4.31397E-2 8.4543E-1 4.82666E-2 4.42761E-2 4.44831E-2 2.4884E-1 2.48358E-1 1.86503E-1 9.05619E-1 7.14364E-1 1.15757E-1 6.95751E-2 3.01085E-1 2.4045E-1 7.62722E-2 9.32965E-2 1.52025E-2 5.44521E-1 7.31835E-1 9.07895E-1 8.63335E-1 7.72801E-1 6.91541E-1 5.52089E-1 5.00535E-1 5.0411E-1 5.5506E-1 5.36983E-1 3.07911E-1 4.34652E-1 4.62435E-1 6.18029E-1 6.44323E-1 6.65575E-1 6.649E-1
9.97776E-1 9.95899E-1 6.62618E-1 6.09595E-2 8.04764E-1 9.98901E-1 9.93356E-1 8.34112E-1 8.96154E-1 8.04777E-2 3.07569E-1 4.47028E-2 5.40932E-1 9.94937E-2 1.15408E-1 9.99282E-1 1E0 9.99987E-1 9.99994E-1 9.99899E-1 8.58719E-1 8.6874E-2 3.91223E-1 4.29627E-1 1.52833E-1 5.46105E-2 2.24553E-1 1.81431E-1 1.69322E-1 1.21132E-1 1.82085E-1 1.73095E-1 1.73326E-1 1.09458E-1 9.14741E-2 3.48151E-1 4.50919E-2 2.12726E-1 1.61677E-1 1.59305E-1 5.38089E-2 2.71567E-1 1.11165E-1 3.18712E-1 2.14476E-1 1.60441E-1 2.39481E-2 3.40099E-2 1.16669E-1 5.52239E-1 9.294E-1 9.31093E-1 8.672E-1 6.66297E-1 6.4965E-1 4.85408E-1 3.01238E-1 2.54791E-1 4.86887E-1 2.9492E-1 6.6525E-1 4.63241E-1 5.46319E-1 4.47183E-1 4.21728E-1 2.75042E-1 4.00739E-1
9.9753E-1 7.18293E-1 7.47873E-1 8.14726E-2 7.84199E-1 7.78824E-1 5.9672E-1 8.10188E-1 8.44532E-1 8.0927E-1 7.87611E-2 1.33949E-1 8.57143E-1 8.81064E-1 9.99912E-1 8.75875E-1 8.75967E-1 9.99277E-1 9.99992E-1 9.99561E-1 9.99895E-1 8.96472E-1 8.62854E-2 8.70366E-2 1.18689E-1 1.51532E-1 5.42323E-2 1.81338E-1 1.97961E-1 1.02318E-1 4.85378E-2 5.22623E-2 4.47717E-2 3.76433E-2 8.78342E-2 1.11677E-1 5.6249E-2 6.07099E-2 7.38073E-1 3.87165E-2 5.61139E-2 9.44348E-2 4.59852E-2 5.58149E-2 1.25166E-1 1.31473E-1 8.66309E-2 1.7673E-1 4.07352E-1 9.98862E-1 9.56446E-1 9.31931E-1 7.72985E-1 1.55119E-1 2.59857E-1 1.27888E-1 9.61638E-2 6.2394E-2 1.31787E-1 1.2116E-1 2.16637E-1 2.33165E-1 2.06486E-1 7.01816E-2 6.44575E-2 6.90755E-2 1.17633E-1
9.91478E-1 7.04952E-1 6.68186E-1 6.62399E-1 7.42518E-1 8.28055E-1 8.48948E-1 8.58875E-1 4.42641E-2 8.27413E-1 7.8353E-2 1.80061E-1 8.36142E-1 8.4726E-1 9.99939E-1 8.62357E-1 8.64058E-1 9.99782E-1 1E0 9.99835E-1 9.99965E-1 9.99861E-1 8.5858E-2 4.23475E-2 7.47386E-2 2.02654E-1 2.30243E-1 2.03857E-1 3.19114E-1 4.95852E-2 1.83462E-1 4.58449E-2 5.05401E-2 8.00906E-1 6.75956E-2 5.52537E-2 4.10164E-2 3.90177E-2 1.1593E-1 3.53394E-2 5.59716E-2 9.99399E-2 6.79362E-2 5.39462E-2 4.8558E-2 6.51049E-2 1.03142E-1 8.83742E-1 2.72057E-1 5.83619E-1 8.92947E-1 6.72781E-1 9.36081E-2 2.39763E-1 8.9198E-2 2.81405E-1 1.35761E-1 9.06162E-2 1.13362E-1 2.26149E-1 1.26995E-1 3.11566E-1 8.45043E-2 5.39922E-2 4.54732E-2 9.62955E-2 6.82259E-2
9.90726E-1 7.62256E-1 6.99954E-1 9.93022E-1 9.8298E-1 7.25257E-1 8.56513E-1 8.54672E-1 7.48234E-1 8.00992E-1 7.02512E-2 1.67462E-1 1.97226E-1 8.62343E-1 8.95492E-1 8.68146E-1 7.82926E-1 8.12905E-1 9.99333E-1 9.99828E-1 9.99957E-1 8.9405E-1 8.84758E-1 1.554E-1 7.37269E-2 1.27392E-1 1.1235E-1 4.2812E-2 5.10762E-2 4.99445E-2 1.89946E-1 1.96503E-1 1.79686E-1 4.4373E-2 7.23156E-2 5.03718E-2 4.72052E-2 3.27647E-2 1.30744E-1 1.54205E-1 5.70857E-2 8.88366E-2 1.04417E-1 3.85693E-2 8.37938E-2 1.05323E-1 6.17698E-2 9.08809E-2 5.68461E-2 3.17108E-2 2.6693E-2 2.26548E-2 1.92207E-1 1.49303E-1 4.43259E-2 2.04886E-1 1.44748E-1 7.73077E-2 5.66388E-2 1.91755E-1 1.35029E-1 1.44773E-1 7.37344E-2 1.77093E-1 2.721E-1 1.48982E-1 4.66271E-2
