ENM/Final_Models/M_1_F_q_Set_1_E/Gustavia_santanderiensis_9_Choco.asc
ncols         367
nrows         963
xllcorner     -78.6
yllcorner     0.65
cellsize      0.00833333333333323
NODATA_value  -9999
[rows 750 to 779 of 963, columns 134 to 200 of 367]
1.25865E-2 1.14154E-2 4.47463E-3 9.76859E-4 5.88785E-4 2.98704E-4 2.40982E-4 6.90778E-5 4.08383E-5 7.40862E-4 1.07446E-3 1.96336E-4 6.9589E-5 5.35465E-5 1.15599E-5 4.47185E-6 2.51298E-6 2.85423E-6 2.17925E-5 9.536E-5 3.00397E-4 6.8113E-4 1.75313E-3 1.94252E-3 3.22903E-3 2.75304E-3 1.26579E-3 2.52436E-4 1.40354E-3 3.80142E-3 1.50076E-2 3.07996E-2 1.98116E-2 7.76107E-3 6.73446E-3 5.42171E-4 7.77418E-5 3.24432E-5 2.70344E-5 1.19718E-5 8.5846E-6 4.50498E-5 1.44245E-4 6.57919E-4 1.6379E-3 4.94304E-3 5.39521E-3 1.18226E-3 6.36224E-3 5.52496E-3 2.36031E-3 1.03409E-3 3.47829E-4 6.47706E-5 1.85869E-5 1.10988E-5 3.08759E-5 9.40471E-6 1.10859E-5 1.13819E-5 2.00885E-5 6.20251E-5 4.51437E-5 2.98713E-5 8.5093E-5 1.78005E-4 1.49895E-4
2.24631E-2 1.50931E-2 5.16519E-3 1.53106E-3 3.36889E-4 7.05274E-5 6.41448E-6 1.45284E-5 1.29582E-5 1.13248E-4 2.38884E-5 1.83862E-5 1.76149E-5 6.13036E-6 4.15492E-6 3.34003E-6 2.37826E-6 2.18864E-5 2.94583E-5 1.73181E-4 3.48716E-4 8.25143E-4 9.98387E-4 2.12588E-3 4.44609E-4 3.34072E-4 2.39588E-3 4.85476E-4 3.9238E-4 1.98966E-3 8.64976E-3 2.29584E-2 2.44772E-2 8.50038E-3 2.08057E-3 5.60475E-5 9.55131E-6 2.57092E-5 5.79045E-5 1.18678E-5 5.14023E-6 9.9372E-6 4.21425E-5 9.60983E-5 1.08111E-3 6.40312E-3 8.63237E-4 1.05362E-3 2.89655E-3 3.19234E-3 1.307E-3 5.86334E-4 6.1872E-5 5.50142E-5 2.10593E-5 1.21368E-5 4.54733E-6 1.1482E-5 2.08358E-5 1.17187E-5 2.13434E-5 4.19773E-5 6.54499E-5 3.09062E-4 6.87894E-4 9.09047E-4 2.3466E-4
1.86867E-2 1.34055E-2 2.00487E-3 6.37092E-4 2.63384E-5 1.34501E-5 7.03321E-6 5.77539E-6 2.42959E-5 2.55065E-5 1.02829E-5 5.90948E-6 2.94895E-6 5.06314E-6 5.60649E-6 8.82156E-6 2.17065E-6 3.47324E-5 8.45005E-5 8.43088E-5 1.39634E-4 1.736E-4 2.81788E-4 8.01373E-4 9.66339E-5 3.33941E-4 4.08788E-4 3.50047E-5 2.40317E-5 6.78684E-4 4.69724E-3 1.09982E-2 3.28333E-2 8.97609E-3 1.63886E-3 1.27354E-3 6.09232E-5 5.91427E-5 3.15275E-6 6.33329E-6 7.01534E-6 3.94615E-6 3.29068E-5 2.3588E-4 8.29485E-4 6.8661E-4 3.6191E-4 2.98361E-3 1.36521E-3 5.9698E-4 1.61362E-4 6.32261E-5 2.69922E-5 1.35963E-5 8.17389E-6 4.95421E-5 4.33436E-5 3.11249E-5 8.42195E-6 1.39752E-5 3.0187E-5 4.17413E-5 7.1894E-4 8.29621E-4 9.29139E-4 2.99075E-3 9.43544E-4
1.01968E-2 7.66955E-3 8.67348E-4 4.83952E-5 4.50896E-6 1.50019E-5 1.12132E-5 4.55461E-6 1.23718E-5 1.40621E-5 9.34941E-6 4.53358E-6 4.46803E-6 3.13913E-6 3.37645E-6 1.3348E-5 6.46675E-6 1.73313E-5 7.10659E-5 8.542E-5 2.4616E-5 1.49657E-4 6.16171E-5 1.03284E-4 3.70158E-5 3.14544E-4 7.80696E-5 6.16288E-5 2.19638E-4 5.43498E-4 4.75372E-3 8.97333E-3 2.46486E-2 1.10041E-3 2.01432E-4 1.06721E-3 4.95977E-4 1.10878E-4 1.90509E-5 1.10897E-5 2.98329E-6 6.24987E-6 4.10257E-6 4.92748E-5 5.27152E-5 3.63088E-4 1.51439E-3 1.92075E-3 2.70156E-4 7.21258E-5 3.89517E-5 2.73167E-5 1.8252E-5 9.63567E-6 2.09328E-5 6.6131E-5 4.63064E-5 2.19036E-5 1.16393E-5 1.8394E-5 5.54645E-5 8.05296E-5 6.7704E-4 1.52065E-3 4.82414E-3 3.49639E-3 6.6422E-3
6.49525E-3 3.2532E-3 1.40283E-4 1.18438E-5 2.72907E-6 8.50451E-6 9.44672E-6 7.45013E-6 3.65467E-6 1.15537E-5 7.97415E-6 4.07358E-6 1.9557E-6 2.42033E-6 1.589E-6 5.5965E-6 5.30095E-6 8.24021E-6 1.49722E-5 4.63647E-5 4.03575E-5 2.07654E-5 1.45872E-5 1.14483E-5 1.69058E-5 5.26248E-5 4.52648E-5 1.08642E-4 2.01767E-4 1.36992E-3 1.42288E-2 2.54281E-2 1.75059E-2 7.89159E-4 5.6795E-5 4.13938E-5 9.50387E-6 2.97224E-6 3.96091E-6 1.03898E-5 2.88119E-6 4.9685E-6 3.34803E-6 1.9029E-5 7.05928E-5 8.0796E-4 5.19456E-4 4.58792E-4 8.74827E-5 4.37143E-5 3.69209E-5 6.51349E-5 1.33582E-5 1.28596E-5 2.28247E-5 7.32547E-5 3.50226E-5 1.45025E-5 1.79162E-5 1.31473E-5 2.57044E-5 7.27755E-5 5.44037E-4 1.04623E-3 4.98607E-4 6.26149E-3 1.05968E-2
4.89311E-3 7.2236E-4 3.7091E-5 5.90387E-6 9.50423E-6 1.84694E-5 1.42766E-5 1.03052E-5 1.46237E-5 1.37838E-5 5.82076E-6 1.3203E-5 3.80316E-6 1.34384E-6 2.34874E-6 3.67934E-6 2.03744E-6 1.12505E-5 1.79477E-5 3.71643E-5 7.32688E-6 5.28848E-6 3.08232E-6 1.95478E-6 2.00616E-5 6.65857E-5 4.34629E-4 1.94825E-3 3.39831E-4 1.95171E-3 9.85275E-3 2.32392E-2 7.70876E-3 1.70334E-3 4.28163E-5 2.77971E-6 3.35724E-6 3.34204E-6 8.62961E-6 5.19719E-6 9.99882E-6 8.59228E-6 3.62281E-6 7.69686E-6 4.15071E-5 1.50791E-4 1.28699E-4 7.84338E-5 5.80738E-6 9.04986E-6 1.73929E-5 4.66563E-5 4.3469E-5 1.87823E-5 2.79464E-5 5.09949E-5 4.23397E-5 1.79049E-5 2.51974E-5 3.36281E-5 4.23472E-5 1.33071E-4 2.92814E-4 6.87613E-4 1.3601E-3 5.51774E-3 9.9328E-3
5.32886E-3 8.50411E-4 4.23484E-5 4.26529E-6 5.49253E-6 8.0761E-6 9.1694E-6 1.27825E-5 1.4076E-5 8.23149E-6 5.35937E-6 4.4674E-6 7.53292E-6 4.85231E-6 1.10327E-6 3.69016E-6 1.49328E-6 5.58824E-6 2.05083E-5 7.39608E-6 8.59687E-6 6.97818E-6 1.62162E-5 9.76279E-6 2.6522E-5 2.89233E-5 8.45234E-5 1.33644E-3 2.08589E-3 4.18184E-3 2.00755E-2 1.4788E-2 3.41517E-3 4.57602E-4 1.84024E-5 2.61017E-5 2.50555E-6 6.10631E-6 1.15117E-5 1.24959E-5 1.51297E-5 2.26908E-5 4.64397E-6 5.22273E-6 6.61268E-5 1.15079E-4 1.52248E-5 8.61501E-6 3.12649E-5 2.95479E-6 3.21518E-6 2.54239E-6 4.45603E-6 1.27594E-5 2.49167E-5 1.32505E-4 1.2343E-5 2.97624E-5 2.8062E-5 9.8274E-5 2.91415E-4 2.26595E-4 4.27664E-4 8.20349E-4 8.31907E-3 8.10614E-3 1.05281E-2
6.08154E-4 1.06765E-4 2.37097E-5 5.5192E-6 6.57096E-6 1.10182E-5 8.32608E-6 9.14435E-6 2.9454E-6 1.01718E-5 1.26589E-5 1.02591E-5 1.27102E-5 1.20455E-5 7.6628E-6 2.85583E-6 1.44518E-6 1.53233E-6 5.42413E-6 8.5577E-6 1.04763E-5 1.01208E-5 1.14275E-5 7.15374E-6 6.74414E-5 3.80935E-5 6.95578E-4 1.12812E-3 4.83121E-3 7.89992E-3 1.44407E-2 3.38807E-3 3.30001E-3 4.65711E-4 6.19887E-5 2.28648E-6 6.07011E-6 5.18474E-6 4.12247E-6 1.20966E-5 1.09181E-5 1.08761E-5 1.19895E-5 7.2071E-6 2.07343E-5 2.67153E-5 5.60192E-6 6.08782E-6 7.59222E-6 1.16607E-5 2.15656E-5 5.43154E-5 8.35589E-6 1.97344E-6 1.25979E-5 1.72122E-4 2.39914E-5 8.56899E-5 5.22899E-5 5.66502E-5 6.42048E-4 1.11991E-3 1.00195E-4 1.65625E-3 4.94849E-3 1.41573E-2 9.90496E-3
1.91497E-3 1.26032E-4 2.26705E-5 5.56845E-6 1.30732E-5 1.31255E-5 1.27654E-5 7.48805E-6 9.17794E-6 1.21056E-5 8.20279E-6 1.40009E-5 7.67828E-6 8.50045E-6 1.22901E-5 9.79431E-6 6.31837E-6 3.7555E-6 3.6357E-6 6.57239E-6 6.25052E-6 8.39965E-6 9.15294E-6 4.13412E-6 1.71317E-5 1.31714E-4 5.35862E-4 2.91063E-3 2.71766E-3 1.33379E-2 6.86177E-3 3.37616E-3 6.88638E-4 1.17089E-4 2.38228E-5 1.06643E-5 6.57808E-6 7.43159E-6 5.05683E-6 6.5787E-6 1.2751E-5 1.61514E-5 6.7865E-6 1.23313E-5 1.01548E-5 1.71697E-5 5.30179E-6 3.58011E-6 2.43555E-6 5.3798E-6 1.12538E-5 2.32102E-5 1.66637E-4 2.02212E-4 9.57617E-5 1.7437E-5 2.44288E-5 1.05611E-4 1.96338E-4 1.19186E-4 1.31202E-3 9.97913E-4 4.14353E-4 1.24977E-3 2.76727E-3 7.92771E-3 2.8145E-2
2.61216E-4 6.18069E-5 1.01065E-5 7.10116E-6 7.98463E-6 1.1438E-5 1.56904E-5 7.61357E-6 1.10653E-5 1.0109E-5 7.62616E-6 7.42298E-6 4.52528E-6 6.02895E-6 1.05528E-5 7.48323E-6 6.44032E-6 5.04137E-6 2.1318E-6 7.28523E-6 2.02973E-5 8.63094E-6 1.23585E-5 1.32813E-6 1.28722E-6 2.27061E-5 4.09506E-5 2.13857E-4 4.95953E-4 1.08613E-2 4.36846E-3 2.35592E-3 1.29413E-3 7.39567E-5 1.35006E-5 6.11069E-6 9.83329E-6 7.55847E-6 9.12976E-6 1.19513E-5 1.08014E-5 9.82128E-6 5.04926E-6 1.01006E-5 9.88889E-6 1.25887E-5 6.44695E-6 9.92246E-6 1.24936E-5 1.0118E-5 1.66733E-6 1.29021E-5 1.78959E-5 3.42332E-4 8.94885E-4 1.27202E-4 9.11095E-6 1.87843E-4 4.25242E-5 4.32601E-4 1.40039E-3 7.417E-4 8.71052E-5 3.80414E-4 1.60042E-3 1.05134E-2 -9999
1.63005E-4 2.69138E-5 7.75428E-6 8.6484E-6 1.91289E-6 8.20761E-6 6.92482E-6 6.53323E-6 1.1514E-5 1.22925E-5 1.27667E-5 9.43989E-6 1.05284E-5 1.10411E-5 8.96709E-6 7.80022E-6 8.21359E-6 6.61453E-6 3.76718E-6 2.88908E-6 5.32477E-6 2.24165E-5 1.29408E-5 9.40089E-6 4.68531E-6 7.85001E-6 3.56915E-4 1.10604E-4 2.17016E-4 8.80234E-3 5.29366E-3 1.01297E-3 4.03165E-4 2.72908E-4 2.11254E-5 2.16054E-5 9.18055E-6 9.11905E-6 8.15133E-6 9.75107E-6 1.12455E-5 8.96699E-6 7.84427E-6 1.32065E-5 9.622E-6 1.01691E-5 5.19325E-6 1.0126E-5 5.05144E-6 1.35139E-5 8.35548E-6 9.14324E-6 2.57308E-5 2.21089E-4 1.59883E-3 1.99537E-3 1.26846E-3 7.67731E-4 3.56376E-4 1.65275E-3 2.8341E-3 5.77162E-4 1.76663E-4 6.55649E-4 2.76723E-3 1.13784E-2 -9999
2.45062E-5 3.52042E-5 5.74647E-6 1.72764E-5 8.67883E-6 4.1869E-6 5.04383E-6 7.71806E-6 9.77601E-6 6.8119E-6 7.6682E-6 9.74034E-6 1.15062E-5 6.11631E-6 4.48862E-6 8.10758E-6 1.25197E-5 4.193E-6 6.16295E-6 3.52744E-6 1.73825E-6 3.6025E-5 3.12378E-5 2.99895E-5 9.50216E-6 1.64684E-5 2.44539E-4 8.25069E-5 1.36497E-3 7.42546E-3 5.08945E-3 4.78077E-4 7.7829E-5 6.12282E-4 2.75722E-5 1.96513E-5 1.04553E-5 7.38102E-6 6.99388E-6 1.07912E-5 1.32995E-5 1.28154E-5 8.59052E-6 1.69876E-5 1.44897E-5 1.19043E-5 7.92079E-6 7.4951E-6 1.0816E-5 1.60332E-5 1.38888E-5 1.39833E-5 2.15622E-5 1.44737E-4 5.66801E-4 8.64978E-4 4.74434E-3 5.3616E-3 7.6971E-3 1.14244E-2 6.03331E-3 2.02848E-4 4.03949E-4 6.85433E-4 7.76371E-3 -9999 -9999
2.19321E-5 2.03367E-5 2.29947E-5 1.10434E-5 9.51814E-6 1.04109E-5 7.33639E-6 8.89991E-6 4.48223E-6 4.24362E-6 9.10575E-6 1.34842E-5 7.40677E-6 7.33908E-6 8.8076E-6 1.2689E-5 1.50983E-5 6.26136E-6 9.8126E-6 3.90833E-5 1.20704E-4 2.5748E-4 7.50924E-4 8.64657E-4 1.59764E-3 1.65785E-3 2.3811E-3 3.25545E-3 3.13981E-3 8.50004E-3 2.64096E-3 1.11424E-3 1.17634E-4 3.28336E-5 1.85806E-5 2.59047E-5 1.07245E-5 6.86523E-6 5.83167E-6 4.05507E-6 6.13631E-6 2.12594E-5 1.38557E-5 1.06795E-5 8.33568E-6 7.12091E-6 1.01665E-5 7.85305E-6 7.89897E-6 7.18809E-6 1.53435E-5 1.33838E-5 8.53541E-6 2.89054E-5 7.45328E-5 7.07165E-5 5.69796E-4 1.04495E-3 1.08668E-3 -9999 -9999 1.69195E-3 1.53346E-3 3.04294E-3 1.4896E-2 -9999 -9999
5.5442E-5 4.88764E-5 3.21833E-5 1.81862E-5 8.32957E-6 5.71118E-6 6.11359E-6 4.5785E-6 2.27623E-6 1.84611E-6 3.79943E-6 5.5447E-6 1.04804E-5 1.78126E-5 8.8323E-6 1.13735E-5 1.66225E-5 4.63605E-6 1.74867E-5 1.77235E-4 2.34833E-4 1.09547E-4 1.80029E-4 1.26575E-4 5.10309E-4 3.34651E-4 3.67754E-4 8.7186E-4 2.80076E-3 4.80241E-3 2.31014E-3 2.62674E-4 4.51449E-5 5.57303E-6 1.3654E-5 1.30596E-5 9.58927E-6 4.92362E-6 5.64907E-6 5.89179E-6 5.88074E-6 1.64701E-5 1.49973E-5 1.39051E-5 1.229E-5 4.20328E-6 5.13153E-6 3.56639E-6 1.17248E-5 1.96462E-5 1.62184E-5 2.50366E-5 1.67384E-5 8.11848E-5 7.02948E-5 1.21527E-4 2.05862E-4 7.8876E-4 2.01648E-3 -9999 -9999 -9999 9.09057E-3 6.95889E-3 2.60606E-2 -9999 -9999
2.19464E-5 3.28642E-5 1.90559E-5 8.28226E-6 4.09558E-6 5.02688E-6 3.2105E-6 1.81549E-6 1.01057E-5 1.2934E-5 1.37574E-5 5.88618E-6 8.5017E-6 1.22438E-5 6.42454E-6 1.29673E-5 7.18267E-6 6.40034E-6 5.40163E-6 2.97972E-5 8.74441E-5 1.29276E-5 2.70712E-5 1.74476E-5 2.65553E-5 2.80438E-5 9.66786E-5 7.38624E-4 2.17648E-3 5.44667E-3 1.60928E-3 2.8568E-5 2.88757E-6 1.49499E-5 5.30872E-6 5.12062E-6 4.59159E-6 6.29275E-6 7.58798E-6 6.90822E-6 1.03603E-5 1.39657E-5 8.2937E-6 5.17287E-6 4.33037E-6 1.70015E-5 6.64941E-6 7.89733E-6 6.59371E-6 2.12178E-5 3.22739E-5 4.19076E-5 7.77866E-5 5.42877E-5 2.06324E-4 4.81151E-4 2.70896E-4 1.3888E-3 6.83729E-3 1.0291E-2 -9999 -9999 2.28417E-3 2.86877E-3 -9999 -9999 -9999
1.76176E-5 1.71404E-5 3.76116E-5 1.76887E-5 2.66382E-5 1.02398E-5 7.34517E-6 1.07038E-6 1.03553E-5 1.00552E-5 1.11176E-5 8.82903E-6 6.17111E-6 2.78346E-6 3.33991E-6 1.06837E-5 1.48259E-5 2.07578E-5 2.30801E-5 1.83516E-5 6.33242E-6 4.07535E-6 1.65723E-6 1.53238E-6 2.71936E-6 3.99343E-6 7.45051E-6 3.23005E-4 2.59082E-3 4.19909E-3 6.75532E-4 1.52886E-5 2.47648E-6 1.34722E-5 5.81394E-6 9.28596E-6 1.52964E-5 7.57498E-6 8.5433E-6 4.65113E-6 7.49382E-6 1.09575E-5 8.77473E-6 3.39092E-6 3.77991E-6 6.38249E-6 9.18684E-6 8.28482E-6 2.48234E-5 8.32608E-5 7.66165E-5 1.93219E-4 5.97532E-5 1.24497E-4 1.39709E-4 7.37907E-4 6.02795E-4 2.35736E-3 9.38576E-3 2.10791E-2 -9999 -9999 2.32238E-3 1.17235E-2 -9999 -9999 -9999
1.45281E-5 2.10204E-5 1.58105E-5 1.95561E-5 2.55654E-5 1.30052E-5 1.12666E-5 1.81777E-6 4.01068E-6 1.04736E-5 1.29883E-5 9.08275E-6 1.01026E-5 4.00396E-6 7.45938E-6 4.32064E-6 3.98959E-6 6.42852E-5 1.25847E-5 6.00596E-6 1.0349E-6 1.93268E-6 3.66525E-6 4.3867E-6 2.98833E-6 3.40146E-6 7.62441E-6 3.2151E-4 3.20492E-3 4.60536E-3 7.55235E-4 4.35052E-5 1.61119E-5 1.8528E-6 2.4835E-5 5.53107E-6 5.11758E-6 1.00158E-5 9.84696E-6 4.07497E-6 7.19432E-6 9.05547E-6 6.13523E-6 3.07316E-6 3.59233E-6 5.62933E-6 2.01481E-5 1.93897E-5 1.95937E-5 3.18886E-5 3.43015E-4 4.95006E-4 3.13385E-4 1.91455E-4 4.6481E-4 1.74704E-3 5.14413E-4 1.7582E-3 1.04065E-2 -9999 -9999 -9999 1.65131E-3 -9999 -9999 -9999 -9999
8.30854E-6 1.36614E-5 9.78958E-6 2.63641E-5 1.84454E-5 1.48744E-5 8.67222E-6 2.38653E-6 5.72105E-6 5.30347E-6 8.78337E-6 1.10699E-5 4.41769E-6 2.26793E-6 2.64456E-6 2.51373E-6 1.18014E-5 2.61163E-5 8.30451E-6 6.72754E-6 2.01926E-6 6.45362E-6 5.89048E-6 9.23764E-6 3.61503E-6 6.42183E-6 6.2066E-6 1.17222E-4 1.23214E-3 4.1519E-3 1.99237E-3 8.1371E-4 6.24918E-4 5.02472E-5 4.11363E-6 2.35207E-5 1.22796E-5 1.05948E-5 8.96783E-6 9.72155E-6 1.88001E-5 3.39554E-6 6.49778E-6 6.58202E-6 1.00072E-5 1.02828E-5 1.4472E-4 4.53955E-4 4.54291E-4 5.76949E-5 3.88882E-4 6.47085E-4 6.50478E-4 7.62798E-4 1.67176E-3 4.04986E-3 4.17043E-3 6.79609E-3 1.0195E-2 -9999 -9999 2.94873E-3 8.2332E-3 -9999 -9999 -9999 -9999
8.08132E-6 1.69085E-5 2.23083E-5 7.84576E-5 1.45812E-5 1.63471E-5 7.96024E-6 8.23105E-6 3.21169E-6 6.42637E-6 6.93922E-6 1.93216E-5 1.87848E-5 1.36491E-5 2.25827E-6 1.76028E-6 1.00247E-5 6.99003E-6 8.6546E-6 8.46148E-6 3.48653E-6 8.56036E-6 1.18795E-5 1.79489E-6 2.20277E-6 9.07324E-6 3.80673E-5 1.75356E-4 3.02401E-3 3.38238E-3 6.27182E-4 3.64838E-5 3.92926E-5 4.33678E-5 3.35257E-6 6.08361E-6 5.04021E-6 4.41402E-6 8.3041E-6 8.91869E-7 4.07008E-6 1.30285E-5 6.79653E-6 4.52964E-5 3.27511E-5 2.33112E-5 1.04758E-4 5.71166E-4 6.30301E-4 9.1417E-4 5.27148E-4 1.03184E-3 4.5315E-3 2.60663E-3 2.19258E-3 1.73031E-3 2.11684E-3 1.55675E-3 8.64806E-3 -9999 -9999 7.03318E-3 -9999 -9999 -9999 -9999 -9999
4.47522E-6 7.91687E-6 4.79486E-5 1.10461E-4 2.47499E-5 3.72563E-5 9.99663E-6 6.07951E-6 3.41096E-6 8.11856E-6 9.45896E-6 1.09833E-5 2.09229E-5 1.76052E-5 9.83075E-6 1.71922E-5 4.70981E-6 2.36144E-6 2.20003E-6 2.86461E-6 1.15894E-6 1.23719E-5 6.63995E-6 7.71467E-6 1.89551E-6 8.64866E-6 8.36466E-5 9.97785E-4 2.91894E-3 9.81534E-4 1.44257E-4 1.47491E-5 9.4133E-6 2.01533E-6 1.58621E-6 2.30837E-6 5.21402E-6 9.08687E-6 1.03547E-5 1.11916E-5 2.95618E-6 3.5261E-6 2.09669E-5 7.85542E-5 1.44042E-5 2.64567E-4 8.4711E-5 1.2232E-4 8.4171E-4 8.1444E-4 8.55858E-4 8.96532E-4 7.61558E-3 2.67624E-3 5.16529E-3 6.66235E-3 2.59496E-3 5.19819E-3 -9999 -9999 -9999 -9999 -9999 -9999 -9999 -9999 -9999
2.01546E-5 2.65351E-6 7.18857E-5 1.20169E-4 6.29085E-5 8.61952E-5 2.12517E-5 8.10037E-6 3.334E-6 1.73536E-6 2.51376E-6 7.85638E-6 1.63519E-5 9.86734E-6 1.12996E-5 1.74618E-5 1.7233E-5 6.18593E-6 6.27247E-6 2.33642E-6 3.00181E-6 1.14351E-5 6.65308E-6 8.59629E-6 1.39893E-5 1.44598E-5 1.8177E-4 2.2669E-3 1.64658E-3 3.96822E-4 9.71988E-5 1.02154E-5 1.59789E-5 6.51647E-6 7.3989E-6 7.18949E-6 8.64087E-6 1.09706E-5 7.56298E-6 1.04464E-5 1.32915E-5 2.66926E-6 1.69696E-5 1.29979E-5 1.09377E-5 9.86637E-5 8.14541E-4 1.64823E-4 1.17858E-3 1.66675E-3 5.50593E-4 1.23759E-3 2.53501E-3 3.12132E-3 9.16328E-3 -9999 -9999 1.22031E-2 -9999 -9999 -9999 -9999 -9999 -9999 -9999 -9999 -9999
4.08718E-5 1.58027E-5 8.61266E-5 2.24489E-4 1.89868E-4 4.94802E-5 2.12285E-5 1.69566E-5 1.21281E-5 3.90494E-6 8.77462E-6 9.59331E-6 8.36639E-6 6.42331E-6 5.32049E-6 1.11044E-5 2.21894E-5 9.64244E-6 9.92714E-6 3.61448E-6 2.6126E-6 3.8456E-6 3.40049E-6 6.90994E-6 2.13316E-4 4.25187E-4 8.6412E-4 5.04607E-4 3.07563E-4 9.75671E-4 4.72417E-4 1.33135E-5 1.39568E-5 7.51544E-6 1.1447E-5 8.28446E-6 9.99626E-6 8.06256E-6 6.13096E-6 1.54304E-6 1.12786E-6 1.90278E-5 1.51322E-4 1.90862E-4 4.78386E-5 1.50038E-5 4.39483E-4 1.75855E-3 1.81783E-3 4.72792E-3 6.81151E-3 9.67472E-3 -9999 5.7492E-3 1.30408E-2 -9999 -9999 2.37529E-2 -9999 -9999 -9999 -9999 -9999 -9999 -9999 -9999 -9999
3.29411E-5 2.06032E-5 1.72531E-4 3.18254E-4 3.28966E-4 1.20156E-4 7.66203E-5 4.68354E-5 1.5249E-5 4.78296E-6 5.67273E-6 7.71543E-6 2.82567E-6 3.32392E-6 6.08913E-6 7.12411E-6 2.4861E-5 2.03064E-5 3.80282E-6 3.91386E-6 1.66411E-6 8.30195E-7 5.49154E-6 4.24169E-5 2.06285E-4 1.32021E-4 6.79983E-4 1.03814E-4 6.61786E-5 4.35239E-4 3.07775E-4 5.72808E-5 2.42535E-6 3.84983E-6 5.05273E-6 6.5125E-6 1.08985E-5 5.34055E-6 3.42356E-6 3.5642E-6 8.47382E-6 5.70742E-5 1.24528E-4 1.04184E-4 6.78593E-4 7.84569E-4 1.50427E-3 4.59368E-3 6.28289E-3 8.09746E-3 1.07622E-2 -9999 -9999 -9999 2.02653E-2 -9999 -9999 -9999 -9999 -9999 -9999 -9999 -9999 -9999 -9999 -9999 -9999
4.10728E-5 1.04466E-4 5.93462E-4 3.70828E-4 2.493E-4 7.7729E-4 1.50375E-4 8.05694E-5 1.57443E-5 4.10668E-6 8.68711E-6 3.17536E-6 5.0511E-6 4.71235E-6 2.93555E-6 1.06883E-5 9.11428E-6 2.70923E-6 5.11629E-6 4.03592E-6 1.77975E-6 5.44193E-6 2.60167E-5 7.11466E-5 4.72398E-5 3.68755E-5 3.6371E-4 6.02934E-5 1.854E-5 1.90572E-4 3.0853E-4 5.6568E-5 8.72543E-6 3.38014E-6 5.61382E-6 9.90623E-6 1.53439E-5 8.04931E-6 3.43652E-6 6.05368E-7 9.46484E-6 5.25655E-5 1.81433E-5 1.78373E-5 1.27403E-4 2.34843E-4 7.10938E-4 1.70454E-3 -9999 -9999 -9999 -9999 -9999 1.10755E-2 1.51939E-2 -9999 -9999 -9999 -9999 -9999 -9999 -9999 -9999 -9999 -9999 -9999 -9999
4.82578E-5 1.90767E-4 5.68122E-4 2.14782E-3 4.89446E-4 2.27319E-4 4.10804E-4 2.6159E-4 9.26318E-5 1.10383E-5 5.90607E-6 4.71887E-6 1.0027E-5 9.31959E-6 2.99729E-6 7.64639E-6 4.34365E-6 2.19325E-6 2.58707E-6 5.80368E-6 4.54943E-6 9.67654E-6 2.74772E-5 2.95219E-5 1.23575E-5 2.16464E-5 9.99913E-5 3.60189E-5 1.81014E-5 5.67553E-5 2.49436E-4 5.05046E-5 1.76101E-5 2.49297E-6 2.34012E-6 7.01492E-6 1.41764E-5 5.09796E-6 3.52421E-6 1.35925E-6 1.01983E-5 3.2386E-5 6.00615E-6 1.03047E-5 1.47069E-5 6.64323E-5 6.29447E-4 -9999 -9999 -9999 -9999 -9999 -9999 1.24703E-2 1.16757E-2 1.35556E-2 -9999 -9999 -9999 -9999 -9999 -9999 -9999 -9999 -9999 -9999 -9999
1.00455E-5 2.38891E-5 1.65551E-4 7.54564E-4 7.22335E-4 1.68201E-4 1.07581E-4 2.30231E-4 1.45152E-4 6.06535E-5 1.43731E-5 2.73941E-5 7.67619E-6 3.55218E-6 4.27913E-6 7.03909E-6 9.73241E-6 6.26562E-6 4.49809E-6 9.14969E-6 1.44456E-6 9.72285E-6 1.27563E-5 3.15725E-6 5.04747E-6 1.44023E-5 4.30821E-5 6.53124E-6 1.65018E-6 1.50898E-5 4.40927E-5 1.40333E-5 5.3573E-6 1.50827E-6 2.83594E-6 4.97335E-6 1.20423E-5 3.85096E-6 2.3972E-6 3.96805E-7 1.0131E-5 6.0058E-6 6.53551E-6 1.19214E-5 4.6756E-5 8.80724E-4 2.22216E-3 7.29797E-3 7.69051E-3 -9999 -9999 -9999 -9999 1.40534E-2 1.08088E-2 1.58819E-2 -9999 -9999 -9999 -9999 -9999 -9999 -9999 -9999 -9999 -9999 -9999
2.17674E-6 1.47484E-5 1.45551E-4 1.29809E-3 1.33692E-3 6.07641E-4 5.48612E-5 6.74047E-5 3.39596E-5 3.35638E-5 6.6277E-6 7.82955E-5 1.732E-5 5.14831E-6 2.28963E-6 5.76891E-6 4.24744E-6 2.82355E-6 3.22161E-6 1.01891E-5 6.98656E-6 6.84399E-7 5.77851E-6 3.47511E-6 6.69891E-7 8.45036E-7 2.07991E-6 7.62693E-6 9.2689E-6 2.80212E-6 4.96395E-5 9.45319E-6 9.54548E-7 2.97979E-6 5.60621E-6 8.14992E-6 1.36843E-5 8.64192E-6 3.54061E-6 2.06711E-6 1.29885E-6 2.74701E-6 3.60494E-6 1.46622E-5 1.33732E-4 1.10971E-3 4.56074E-3 8.038E-3 5.8295E-3 -9999 -9999 -9999 -9999 -9999 -9999 -9999 -9999 -9999 -9999 -9999 -9999 -9999 -9999 -9999 -9999 9.94539E-3 7.92777E-3
7.6458E-6 4.9189E-6 8.63453E-5 3.10885E-3 1.39888E-3 6.94986E-4 4.3513E-4 3.15301E-4 9.76957E-5 3.99717E-5 7.50655E-6 7.13992E-6 2.18012E-5 1.17861E-5 8.99883E-6 5.22455E-6 9.92519E-6 4.58199E-6 7.94599E-7 6.7428E-6 1.75666E-6 3.31015E-6 4.77022E-6 3.57739E-6 2.48855E-6 2.45019E-6 2.16242E-6 3.66858E-6 7.74741E-6 7.87651E-6 1.48285E-6 6.38268E-6 1.0195E-6 1.10956E-6 5.7344E-6 1.30269E-5 1.41369E-5 3.60761E-6 3.42584E-6 2.85736E-6 1.00094E-5 1.60577E-5 3.52777E-5 8.30444E-5 1.43748E-4 1.04811E-3 5.9022E-3 -9999 -9999 -9999 -9999 -9999 -9999 -9999 -9999 -9999 -9999 -9999 -9999 -9999 -9999 -9999 -9999 -9999 -9999 6.64904E-3 5.10659E-3
3.31559E-6 1.56324E-5 1.84929E-4 3.67366E-3 1.49513E-3 6.85124E-4 1.26612E-4 1.3456E-4 3.68911E-4 6.90974E-5 2.42144E-6 4.73578E-6 1.73984E-5 9.881E-6 8.84103E-6 9.49602E-6 5.43401E-6 3.29362E-6 2.09487E-6 8.19344E-6 4.20365E-6 1.54883E-6 9.42867E-6 3.8753E-6 4.08231E-6 2.16283E-6 4.15601E-6 7.99102E-6 4.91399E-6 6.68964E-6 2.70818E-6 2.22442E-6 2.02399E-6 1.59072E-6 1.79986E-6 1.26706E-5 8.58991E-6 2.68857E-6 1.58989E-6 3.86707E-6 8.45685E-6 4.07099E-5 1.00841E-4 3.09186E-4 4.90142E-4 2.10933E-3 4.92701E-3 2.14567E-3 -9999 -9999 -9999 -9999 -9999 -9999 -9999 -9999 -9999 -9999 -9999 -9999 -9999 -9999 -9999 -9999 -9999 -9999 6.55611E-3
4.71508E-6 4.04657E-4 5.36681E-3 8.10695E-3 1.93501E-3 3.77544E-4 3.65808E-4 2.21725E-4 1.18992E-5 1.30071E-5 1.2702E-5 1.20025E-5 6.94542E-5 2.04205E-5 3.71251E-6 6.35171E-6 1.77833E-5 3.76142E-6 6.00757E-6 4.74477E-6 1.43609E-6 3.31927E-6 3.96953E-6 5.70523E-6 2.62352E-6 3.22968E-6 5.1225E-6 1.09612E-5 1.183E-5 7.90757E-6 5.3372E-6 1.06476E-6 2.17869E-6 6.32954E-6 1.09453E-5 9.02235E-6 5.3547E-6 1.39262E-6 2.39317E-6 2.89461E-6 6.03206E-6 1.67389E-5 7.84057E-5 3.08149E-4 1.63297E-3 3.28148E-3 -9999 3.07939E-3 -9999 -9999 -9999 -9999 -9999 -9999 -9999 -9999 -9999 -9999 -9999 -9999 -9999 -9999 -9999 -9999 -9999 -9999 4.25241E-3
