ENM/Final_Models/M_1_F_q_Set_1_E/Gustavia_santanderiensis_Choco_min.asc
ncols         367
nrows         963
xllcorner     -78.6
yllcorner     0.65
cellsize      0.00833333333333323
NODATA_value  -9999
[rows 780 to 809 of 963, columns 67 to 133 of 367]
8.01654E-2 7.89564E-2 1.20486E-1 7.83723E-2 1.13918E-1 7.62832E-2 6.92349E-2 7.73993E-2 1.0914E-1 3.47846E-1 2.15817E-1 2.09371E-1 1.15062E-1 1.10951E-1 2.33315E-1 3.36235E-1 9.78642E-2 1.08204E-1 1.05195E-1 1.49815E-1 1.31232E-1 3.67759E-1 2.57329E-1 2.89596E-1 2.89083E-1 4.71404E-2 3.97137E-2 4.53115E-2 1.65469E-1 1.58198E-1 1.65046E-1 3.29243E-1 3.32002E-1 3.36219E-1 2.8853E-1 1.37245E-1 1.42548E-1 1.3328E-1 1.28785E-1 2.63335E-1 2.01531E-1 2.21494E-1 1.11165E-1 1.25932E-1 1.60809E-1 2.89183E-1 2.47432E-1 1.5727E-1 1.63153E-1 1.66933E-1 1.4817E-1 1.53713E-1 1.51906E-1 4.47352E-2 5.11656E-2 1.29002E-2 1.87036E-2 8.39339E-2 7.21113E-2 1.82274E-2 1.08766E-3 5.4097E-5 2.65104E-6 2.20656E-6 1.36573E-5 1.94751E-6 8.33064E-6
8.16798E-2 7.97525E-2 7.86627E-2 2.0533E-1 7.73594E-2 1.1511E-1 2.08843E-1 7.58335E-2 1.17827E-1 2.11833E-1 1.02005E-1 1.02124E-1 1.18715E-1 1.11244E-1 2.25087E-1 3.5955E-1 1.84026E-1 1.38946E-1 1.14811E-1 1.15651E-1 5.54375E-2 1.59994E-1 3.10625E-1 3.3102E-1 3.21215E-1 5.71422E-2 1.36196E-1 3.27373E-1 2.26408E-1 2.49183E-1 2.43075E-1 4.41152E-1 4.71761E-1 3.80973E-1 2.84041E-1 3.20474E-1 2.25674E-1 2.43685E-1 2.35522E-1 1.26936E-1 9.98536E-2 2.56954E-1 2.81229E-1 2.78665E-1 3.01711E-1 2.7085E-1 1.93195E-1 2.90152E-1 4.35093E-1 3.46348E-1 1.5526E-1 1.45058E-1 8.13364E-2 8.53787E-2 1.2218E-1 9.90683E-2 1.07304E-1 1.50496E-1 7.40981E-2 1.03822E-1 6.62645E-4 3.60991E-5 2.51486E-6 2.9738E-5 3.294E-5 1.6188E-6 2.62205E-6
1.23345E-1 1.17874E-1 1.11191E-1 3.33753E-1 6.94766E-2 7.21775E-2 1.16614E-1 2.06655E-1 1.08064E-1 1.94022E-1 1.19915E-1 1.20646E-1 1.12598E-1 1.13593E-1 1.15228E-1 2.1748E-1 2.4477E-1 1.13737E-1 1.22335E-1 1.03994E-1 3.2949E-2 1.49572E-1 1.48856E-1 2.26324E-1 2.23492E-1 3.24511E-1 2.38809E-1 2.05607E-1 2.75107E-1 2.77932E-1 2.69894E-1 2.75763E-1 3.74533E-1 4.66776E-1 2.78153E-1 3.27756E-1 2.14012E-1 2.23764E-1 1.31696E-1 1.14838E-1 1.43098E-1 2.4032E-1 1.58269E-1 1.58749E-1 2.04424E-1 2.57967E-1 2.10085E-1 2.41295E-1 2.1925E-1 1.99685E-1 1.89193E-1 1.78432E-1 1.47901E-1 1.54295E-1 1.91043E-1 1.89398E-1 2.10935E-1 1.14042E-1 1.88851E-1 4.19955E-2 4.44065E-4 3.4639E-5 3.58285E-6 1.01925E-4 1.31178E-4 1.63147E-5 6.61255E-6
1.20224E-1 2.26636E-1 2.01397E-1 7.77577E-2 8.27087E-2 8.2108E-2 7.88555E-2 2.01467E-1 2.19643E-1 1.11039E-1 1.98765E-1 1.93186E-1 1.35226E-1 2.07905E-1 2.08928E-1 1.10955E-1 2.27081E-1 2.60993E-1 2.51209E-1 1.28018E-1 1.1252E-1 2.84745E-1 1.73871E-1 2.10161E-1 2.17507E-1 2.55118E-1 2.98784E-1 2.99458E-1 2.94656E-1 3.38491E-1 2.93057E-1 2.36738E-1 2.41639E-1 3.74784E-1 3.47259E-1 3.70759E-1 1.93033E-1 1.91656E-1 1.96792E-1 1.2459E-1 8.89036E-2 3.44288E-1 3.57086E-1 3.20795E-1 3.16158E-1 3.0467E-1 4.36602E-1 3.07342E-1 3.66483E-1 3.24863E-1 2.73782E-1 2.34924E-1 1.9197E-1 1.84008E-1 2.37888E-1 2.72572E-1 1.22176E-1 1.1439E-1 1.8213E-1 1.56491E-1 4.91152E-4 1.17474E-5 4.1116E-6 6.94342E-5 4.51488E-4 1.53335E-4 2.17999E-4
7.76686E-2 7.86437E-2 7.22011E-2 1.10483E-1 2.18524E-1 2.14152E-1 2.19286E-1 1.15655E-1 7.33764E-2 1.71837E-1 1.73654E-1 1.79232E-1 1.54111E-1 1.61131E-1 2.14718E-1 1.26245E-1 1.18854E-1 2.35088E-1 2.47303E-1 2.37884E-1 1.98276E-1 1.20095E-1 2.72467E-1 2.67354E-1 2.76805E-1 2.34327E-1 3.2107E-1 3.04478E-1 3.60068E-1 3.26367E-1 3.32016E-1 3.13837E-1 3.3745E-1 4.4986E-1 3.58485E-1 3.7607E-1 2.075E-1 2.15293E-1 1.40338E-1 1.30627E-1 8.87679E-2 1.53268E-1 3.03754E-1 3.01955E-1 3.34276E-1 2.9447E-1 3.95426E-1 6.212E-1 3.91308E-1 4.1578E-1 4.41603E-1 4.00539E-1 2.73383E-1 3.02594E-1 2.16362E-1 2.27933E-1 1.437E-1 1.46696E-1 2.24341E-1 2.24397E-1 1.86771E-3 5.19126E-5 3.06567E-5 1.03229E-4 4.5542E-4 2.12386E-3 6.7387E-3
8.61206E-2 7.79684E-2 7.58664E-2 7.48885E-2 1.17799E-1 1.19678E-1 2.12707E-1 1.15773E-1 4.30818E-2 6.96334E-2 1.82114E-1 1.77152E-1 1.54277E-1 1.60018E-1 2.11495E-1 1.15426E-1 1.19117E-1 1.17835E-1 1.22199E-1 1.28952E-1 2.4288E-1 1.0392E-1 1.1998E-1 2.32187E-1 2.42773E-1 2.69828E-1 2.76369E-1 3.51025E-1 4.00794E-1 3.28862E-1 3.31011E-1 3.81846E-1 3.39994E-1 4.45737E-1 4.49418E-1 3.42951E-1 3.09251E-1 1.5538E-1 2.40758E-1 1.12063E-1 1.11443E-1 8.12311E-2 4.12206E-1 4.00976E-1 4.1692E-1 2.40399E-1 2.81824E-1 5.28163E-1 6.61594E-1 6.46039E-1 8.17574E-1 7.14178E-1 5.62174E-1 5.9573E-1 4.37028E-1 3.17114E-1 1.61473E-1 2.43096E-1 2.66495E-1 1.62739E-1 1.37927E-3 1.29366E-4 2.51759E-4 7.29834E-4 2.07478E-3 2.47683E-3 1.0867E-2
7.19925E-2 7.61165E-2 7.85997E-2 6.62411E-2 8.47779E-2 1.17559E-1 8.40263E-2 1.11573E-1 6.29628E-2 7.14462E-2 1.38591E-1 1.91459E-1 1.61283E-1 1.36355E-1 1.55539E-1 2.10979E-1 6.69702E-2 6.78668E-2 7.27172E-2 1.59444E-1 1.27822E-1 1.05412E-1 4.59751E-2 1.19169E-1 1.20621E-1 1.51435E-1 2.57389E-1 3.67743E-1 3.47761E-1 2.7754E-1 2.9688E-1 4.07782E-1 4.29722E-1 4.17483E-1 4.42358E-1 4.03261E-1 3.35548E-1 3.04266E-1 2.18257E-1 1.24719E-1 9.95818E-2 8.79937E-2 1.37894E-1 1.47509E-1 3.53338E-1 2.14885E-1 1.86215E-1 3.17131E-1 4.41382E-1 5.22806E-1 4.32601E-1 4.75855E-1 6.5818E-1 8.10278E-1 5.77535E-1 3.79602E-1 2.64845E-1 2.86102E-1 2.30848E-1 1.10276E-1 1.53416E-3 9.9143E-5 3.29197E-4 3.02545E-3 2.38525E-2 5.00952E-3 1.90365E-2
1.1798E-1 7.89953E-2 6.81784E-2 8.30254E-2 7.74818E-2 7.7265E-2 8.19234E-2 4.68436E-2 6.61499E-2 1.56434E-1 1.19404E-1 1.22988E-1 1.6953E-1 8.88346E-2 2.57765E-1 1.00305E-1 1.68196E-1 1.14668E-1 9.76636E-2 1.05999E-1 1.56364E-1 1.04062E-1 7.66626E-2 1.03381E-1 1.3835E-1 2.26319E-1 2.40488E-1 3.62507E-1 3.81324E-1 3.36855E-1 3.52008E-1 3.33609E-1 4.64888E-1 3.68282E-1 3.69581E-1 3.86322E-1 4.01117E-1 3.88334E-1 5.40029E-1 8.88248E-2 1.19461E-1 1.83095E-1 1.81883E-1 1.73268E-1 1.59751E-1 2.12136E-1 1.80121E-1 1.49185E-1 1.07663E-1 9.76657E-2 9.6936E-2 3.13983E-1 6.18305E-1 7.35349E-1 3.21238E-1 1.51213E-1 1.22559E-1 2.89552E-2 5.47547E-2 1.5874E-2 5.76797E-4 3.94835E-4 7.21692E-4 2.44437E-3 4.41908E-2 1.78738E-2 1.10941E-2
8.10874E-2 5.87966E-2 7.44994E-2 1.15691E-1 5.77412E-2 5.72536E-2 6.80066E-2 4.08469E-2 1.47108E-1 1.07091E-1 1.30805E-1 1.50004E-1 8.61096E-2 8.62076E-2 1.36386E-1 1.02661E-1 1.13373E-1 1.67948E-1 1.7655E-1 5.58492E-2 1.02306E-1 1.48523E-1 1.64616E-1 1.03594E-1 5.92803E-2 1.73899E-1 3.32315E-1 3.2246E-1 3.33548E-1 2.33625E-1 2.8289E-1 2.94945E-1 3.40068E-1 3.1148E-1 3.13504E-1 5.16059E-1 3.93906E-1 3.7966E-1 4.74483E-1 1.33318E-1 1.88176E-1 3.30875E-1 2.20508E-1 2.01207E-1 2.13875E-1 2.11381E-1 1.62873E-1 6.71422E-2 9.09376E-2 2.91983E-2 3.43772E-2 1.20235E-1 4.8242E-1 7.46943E-1 3.38817E-1 1.45207E-1 5.29452E-2 1.16486E-2 2.48978E-2 8.39877E-3 2.86299E-3 1.11804E-3 2.27294E-3 9.35617E-3 4.61488E-2 4.36202E-2 1.08692E-2
5.59442E-2 9.40115E-2 6.64617E-2 5.75269E-2 5.65877E-2 5.15863E-2 5.43045E-2 8.78363E-2 9.1298E-2 1.05789E-1 1.01923E-1 1.11873E-1 1.379E-1 1.25526E-1 2.52074E-1 2.5352E-1 1.04483E-1 8.28922E-2 8.69493E-2 9.77519E-2 5.86866E-2 1.18551E-1 1.14453E-1 1.04721E-1 1.11805E-1 3.00062E-1 2.47144E-1 2.79545E-1 2.61708E-1 2.66696E-1 3.11427E-1 3.26346E-1 3.66288E-1 6.27945E-1 4.85302E-1 3.93604E-1 3.89335E-1 2.56723E-1 2.55167E-1 3.14546E-1 3.61383E-1 2.23625E-1 2.3422E-1 2.29669E-1 2.55867E-1 2.75873E-1 8.67477E-2 2.71496E-2 9.75612E-3 1.75081E-2 2.0723E-2 1.02436E-1 2.24462E-1 6.65222E-1 7.21657E-1 3.92641E-1 7.48286E-2 4.16306E-2 5.67532E-2 8.33755E-3 9.26221E-3 4.66762E-3 6.47241E-3 3.45574E-2 9.88114E-3 2.2003E-2 2.39155E-2
6.87609E-2 5.90792E-2 7.23373E-2 4.40983E-2 4.21516E-2 5.85632E-2 4.44354E-2 3.52869E-2 8.09652E-2 7.61787E-2 1.42545E-1 1.41455E-1 1.22146E-1 2.43711E-1 1.66238E-1 2.14088E-1 8.80761E-2 9.28961E-2 9.54871E-2 9.52325E-2 1.95789E-1 9.7279E-2 1.07551E-1 2.14058E-1 1.72445E-1 2.43121E-1 2.60911E-1 3.16349E-1 3.16787E-1 3.23474E-1 3.21325E-1 2.69772E-1 3.35883E-1 3.17394E-1 4.16368E-1 3.91385E-1 2.50066E-1 2.58277E-1 1.8673E-1 2.8921E-1 3.56524E-1 3.67436E-1 3.54855E-1 3.08627E-1 2.5449E-1 2.22493E-1 1.46709E-1 3.17753E-2 1.07974E-2 2.66304E-2 2.20676E-2 2.22518E-2 1.58336E-1 6.34385E-1 5.91961E-1 8.378E-2 6.42918E-2 1.32553E-1 1.14694E-1 3.69972E-2 3.71383E-2 4.99522E-2 6.79171E-2 1.5484E-2 2.93233E-3 3.79594E-3 3.27067E-3
6.41697E-2 8.06138E-2 9.06148E-2 7.16866E-2 7.43134E-2 7.85374E-2 6.41744E-2 6.74332E-2 1.03756E-1 4.59369E-2 6.3688E-2 1.3684E-1 1.43359E-1 2.48467E-1 1.97032E-1 2.38138E-1 5.32329E-2 8.93963E-2 1.10147E-1 5.77833E-2 1.12451E-1 1.35607E-1 9.87599E-2 2.47784E-1 2.16364E-1 2.91342E-1 1.43094E-1 1.268E-1 2.02493E-1 3.4453E-1 4.05E-1 3.61777E-1 5.95849E-1 6.43485E-1 5.66892E-1 4.91963E-1 3.16276E-1 2.41815E-1 2.18324E-1 3.38183E-1 3.18035E-1 3.93849E-1 3.44486E-1 2.05404E-1 1.42472E-1 1.41914E-1 1.07577E-1 2.48498E-2 9.34266E-3 1.65342E-2 9.40943E-3 1.37585E-2 1.02722E-1 5.61078E-1 4.89119E-1 1.38798E-1 1.63567E-1 2.93337E-1 2.20057E-1 9.52423E-2 1.06627E-1 3.37035E-2 2.37136E-2 4.45676E-3 3.96523E-4 3.63298E-3 3.787E-3
5.38277E-2 1.18207E-1 1.20448E-1 6.38209E-2 5.85014E-2 6.08651E-2 1.2748E-1 1.24632E-1 1.27787E-1 8.63689E-2 1.37364E-1 1.27026E-1 7.08229E-2 2.25873E-1 2.48997E-1 1.21652E-1 5.67343E-2 6.03702E-2 6.27777E-2 7.86122E-2 7.72734E-2 1.33923E-1 1.04522E-1 2.63859E-1 3.27768E-1 2.82335E-1 2.44783E-1 2.42006E-1 3.35949E-1 3.09877E-1 4.27107E-1 2.95275E-1 3.57479E-1 4.04775E-1 2.56863E-1 3.32761E-1 2.53988E-1 2.53419E-1 1.82042E-1 2.53356E-1 3.644E-1 3.82107E-1 2.25062E-1 1.10902E-1 4.53532E-2 4.13271E-2 2.77962E-2 3.76468E-2 2.92076E-2 5.6468E-2 4.36779E-2 1.96918E-2 1.48407E-1 6.58799E-1 5.67498E-1 4.68415E-1 3.99853E-1 4.84425E-1 1.05278E-1 1.90653E-2 2.63245E-2 1.77242E-2 3.61127E-3 9.49881E-4 8.0692E-4 1.69476E-3 1.04517E-3
3.88261E-2 8.51021E-2 1.32679E-1 8.06802E-2 7.54661E-2 9.2693E-2 1.10644E-1 1.45139E-1 1.64724E-1 5.40071E-2 7.69365E-2 1.21162E-1 8.80962E-2 6.86036E-2 6.558E-2 6.32557E-2 5.54451E-2 1.17693E-1 1.24912E-1 1.30272E-1 8.82668E-2 9.08999E-2 1.8337E-1 9.93916E-2 1.05757E-1 1.12639E-1 1.29787E-1 2.69709E-1 2.18482E-1 2.66017E-1 2.71925E-1 2.9244E-1 2.16995E-1 2.76881E-1 1.52333E-1 1.5412E-1 2.59827E-1 2.59442E-1 2.80291E-1 3.4229E-1 2.97603E-1 2.9446E-1 2.77991E-1 2.04596E-1 1.5771E-1 9.42849E-2 4.15616E-3 1.30215E-2 9.39004E-2 1.83726E-1 2.3002E-1 6.40457E-2 8.62744E-2 4.32385E-1 7.67217E-1 3.30654E-1 2.20788E-1 3.86578E-1 1.20104E-1 1.12695E-2 1.2666E-2 5.64317E-3 6.98636E-4 1.12642E-4 2.09896E-4 9.59105E-4 1.29087E-3
8.27334E-2 6.02906E-2 1.22079E-1 5.48852E-2 5.42279E-2 5.56567E-2 5.64193E-2 6.48517E-2 6.69367E-2 1.1143E-1 7.60023E-2 7.56129E-2 4.80413E-2 5.14641E-2 8.99984E-2 5.81841E-2 5.74171E-2 8.42974E-2 6.62058E-2 9.06516E-2 1.19243E-1 2.17481E-1 8.89093E-2 1.28191E-1 1.39085E-1 1.45115E-1 2.42975E-1 2.61833E-1 1.83411E-1 2.31658E-1 1.82539E-1 1.96915E-1 2.33136E-1 1.73271E-1 1.83446E-1 2.4992E-1 3.2945E-1 2.15158E-1 3.33782E-1 2.06126E-1 3.66766E-1 3.49057E-1 2.19631E-1 1.87454E-1 1.75897E-1 8.38629E-2 8.2918E-3 2.60323E-2 1.29174E-1 1.48337E-1 2.991E-1 1.13568E-1 3.53876E-2 1.54615E-1 5.64957E-1 1.26161E-1 5.56423E-2 1.83246E-1 4.96926E-2 7.62768E-3 2.13763E-3 2.08371E-3 1.32925E-3 5.60114E-5 2.43784E-4 2.39148E-4 4.06379E-4
1.1604E-1 9.00363E-2 2.0407E-1 6.69862E-2 1.02347E-1 9.22011E-2 7.12012E-2 3.79176E-2 6.94318E-2 1.54603E-1 1.21876E-1 5.53773E-2 5.24921E-2 3.70159E-2 4.26793E-2 4.48896E-2 4.0609E-2 6.39769E-2 8.51992E-2 6.67881E-2 8.20288E-2 8.37062E-2 1.49218E-1 9.35173E-2 1.38326E-1 7.02532E-2 1.30088E-1 2.3858E-1 2.16941E-1 1.86137E-1 2.20103E-1 2.31174E-1 2.66617E-1 2.70336E-1 2.53602E-1 3.50803E-1 2.43422E-1 2.41235E-1 2.28364E-1 2.02252E-1 3.43123E-1 4.63165E-1 3.46339E-1 1.17447E-1 1.72283E-1 1.05723E-1 2.20206E-2 9.00515E-2 1.45828E-1 2.43784E-1 2.41094E-1 6.86164E-2 4.47025E-2 2.75071E-1 6.01957E-1 2.93305E-1 5.67509E-2 6.43681E-2 1.03579E-1 1.19008E-2 1.19629E-3 5.63389E-4 7.25773E-4 1.69658E-4 3.911E-4 9.47804E-4 3.76714E-3
1.24135E-1 8.59676E-2 5.77641E-2 5.76088E-2 6.07046E-2 1.16399E-1 6.47649E-2 4.37982E-2 4.85096E-2 3.61921E-2 7.67593E-2 5.23706E-2 4.70638E-2 3.73644E-2 4.8813E-2 5.34948E-2 5.01453E-2 4.44969E-2 4.49272E-2 8.36022E-2 1.06336E-1 4.70133E-2 6.74561E-2 1.18697E-1 1.40397E-1 6.85984E-2 1.30061E-1 2.98799E-1 2.05264E-1 1.71429E-1 2.41609E-1 2.65073E-1 3.19746E-1 1.82673E-1 1.94971E-1 1.54722E-1 1.62972E-1 2.06535E-1 1.76409E-1 2.33035E-1 4.08936E-1 4.78611E-1 2.11426E-1 5.12784E-2 8.53735E-2 4.88636E-2 1.10398E-2 9.95058E-2 1.58056E-1 1.25595E-1 9.38946E-2 1.73395E-1 1.50506E-1 1.64936E-1 4.05227E-1 1.89713E-1 7.3399E-2 1.41275E-1 9.25024E-2 2.04181E-2 2.52802E-3 7.87824E-4 6.55288E-4 7.50361E-4 1.52049E-3 7.45021E-3 2.20832E-3
9.00666E-2 8.16563E-2 5.64543E-2 4.09755E-2 1.18666E-1 1.11581E-1 7.97458E-2 4.65991E-2 4.27884E-2 6.18792E-2 4.41298E-2 5.09168E-2 4.5981E-2 5.83686E-2 5.29556E-2 5.17433E-2 7.01176E-2 6.50299E-2 5.82168E-2 7.08363E-2 6.88389E-2 8.94425E-2 8.74014E-2 1.30371E-1 1.23266E-1 1.00079E-1 1.93486E-1 2.71576E-1 2.11486E-1 1.62063E-1 2.48073E-1 3.15467E-1 2.58049E-1 1.93567E-1 1.68209E-1 1.58701E-1 1.23797E-1 2.88552E-1 1.68827E-1 2.9834E-1 4.63673E-1 4.2689E-1 2.83185E-1 1.6357E-1 1.29143E-1 6.73202E-2 1.19618E-2 6.84002E-2 9.23223E-2 5.26758E-2 1.02275E-1 1.71751E-1 2.0387E-1 9.85883E-2 2.52529E-1 4.37833E-1 3.46184E-1 3.18145E-1 1.65054E-1 5.83197E-2 1.47972E-2 1.88975E-3 2.55255E-3 3.2689E-3 4.93371E-3 1.0685E-2 9.17148E-3
5.54706E-2 5.18904E-2 5.59836E-2 7.88023E-2 1.12502E-1 7.65965E-2 7.72677E-2 6.12872E-2 4.50555E-2 4.06312E-2 6.26987E-2 4.42953E-2 3.73925E-2 5.04013E-2 5.69209E-2 6.04644E-2 5.08549E-2 5.72714E-2 8.19201E-2 7.71914E-2 9.037E-2 8.99545E-2 9.00221E-2 9.46229E-2 9.31461E-2 7.73938E-2 1.34523E-1 1.27466E-1 2.01357E-1 2.36596E-1 2.35154E-1 2.247E-1 2.45399E-1 1.95763E-1 1.51125E-1 1.91623E-1 1.71505E-1 2.89078E-1 1.7469E-1 2.90545E-1 3.95876E-1 3.42351E-1 2.82087E-1 1.5839E-1 1.20647E-1 5.42989E-2 1.03917E-2 4.4642E-2 4.44846E-2 3.63579E-2 1.52861E-1 2.46536E-1 1.86048E-1 1.68197E-1 3.61455E-1 4.25954E-1 4.45135E-1 3.07507E-1 2.85501E-1 1.05562E-1 3.65519E-2 4.81218E-3 2.20276E-3 7.088E-3 1.39441E-2 2.86322E-2 3.49012E-2
5.78027E-2 4.59252E-2 5.61972E-2 8.32972E-2 1.2758E-1 1.11042E-1 1.17262E-1 5.51907E-2 4.26485E-2 3.30637E-2 1.20589E-1 4.11922E-2 3.4967E-2 3.70466E-2 5.00688E-2 6.20104E-2 6.78348E-2 8.58239E-2 1.13085E-1 7.03103E-2 6.7099E-2 8.33297E-2 9.26193E-2 5.68272E-2 1.25076E-1 1.25154E-1 1.55546E-1 1.54236E-1 1.23966E-1 3.04592E-1 3.07986E-1 2.77748E-1 2.60991E-1 1.75822E-1 1.60125E-1 1.68395E-1 2.07981E-1 2.13904E-1 1.74165E-1 3.32578E-1 3.50569E-1 3.29823E-1 2.41083E-1 1.29862E-1 6.21368E-2 2.05826E-2 3.46233E-2 9.02068E-2 5.89748E-2 2.03901E-2 7.95522E-2 2.22707E-1 3.05138E-1 7.98907E-2 2.63524E-1 2.90007E-1 3.37406E-1 2.43157E-1 2.10595E-1 2.842E-1 5.67982E-2 4.10186E-2 1.9318E-2 2.19871E-2 5.52512E-2 2.83709E-2 5.24123E-2
5.25507E-2 5.61915E-2 8.27705E-2 7.89816E-2 1.70966E-1 2.72012E-1 1.81019E-1 6.49918E-2 7.83682E-2 7.57249E-2 4.64184E-2 5.17653E-2 4.85669E-2 4.86473E-2 5.91907E-2 7.22786E-2 2.22306E-1 2.4046E-1 2.15982E-1 1.59929E-1 1.21614E-1 1.44008E-1 1.01912E-1 7.47296E-2 1.22371E-1 1.30686E-1 1.3984E-1 7.86787E-2 9.35673E-2 2.02126E-1 1.95236E-1 1.64113E-1 2.34344E-1 2.29417E-1 1.65099E-1 1.77189E-1 2.09374E-1 1.89428E-1 2.00462E-1 3.2553E-1 3.15928E-1 1.92287E-1 2.2706E-1 1.60615E-1 8.00997E-2 4.67775E-2 6.36395E-2 1.74234E-1 3.42958E-2 9.22918E-3 9.37039E-2 2.94408E-1 3.91067E-1 1.21695E-1 3.88611E-2 2.52966E-1 3.64796E-1 2.98892E-1 2.94497E-1 2.09883E-1 1.39211E-1 6.28193E-2 7.68499E-2 9.06497E-2 1.37293E-1 2.1844E-2 3.72994E-2
8.29548E-2 8.08321E-2 7.94299E-2 7.81498E-2 8.91124E-2 1.14148E-1 8.50741E-2 4.44277E-2 4.20539E-2 6.26155E-2 7.20561E-2 4.72526E-2 6.58034E-2 6.40266E-2 7.66107E-2 8.85418E-2 1.47229E-1 1.10398E-1 1.17213E-1 1.22488E-1 1.12934E-1 8.91754E-2 7.50213E-2 7.21215E-2 1.11805E-1 6.74169E-2 8.98994E-2 1.43874E-1 9.77123E-2 1.92141E-1 1.68863E-1 1.64572E-1 1.66193E-1 1.66881E-1 1.69623E-1 1.81241E-1 1.91925E-1 2.10911E-1 2.75469E-1 4.09742E-1 2.31325E-1 1.52793E-1 1.13263E-1 1.24569E-1 5.37401E-2 1.0473E-1 2.12285E-1 2.1582E-1 9.83896E-2 9.07379E-3 3.88601E-2 1.93653E-1 2.4924E-1 6.48804E-2 1.17705E-1 2.14844E-1 2.71337E-1 3.30193E-1 1.87993E-1 1.87674E-1 2.07414E-1 2.08341E-1 1.31241E-1 5.22984E-2 3.75939E-2 1.68345E-2 5.74329E-2
5.88864E-2 4.05408E-2 6.24864E-2 6.19638E-2 6.27672E-2 7.44034E-2 6.05114E-2 6.22498E-2 5.85828E-2 5.77304E-2 4.47151E-2 4.12967E-2 4.58629E-2 3.7889E-2 5.06152E-2 8.74168E-2 1.07644E-1 1.03191E-1 1.06828E-1 1.14414E-1 8.64677E-2 7.77057E-2 5.89454E-2 5.82319E-2 1.24275E-1 1.23195E-1 8.10743E-2 1.04841E-1 1.33242E-1 1.51115E-1 2.40958E-1 2.09095E-1 1.9388E-1 1.69168E-1 1.83274E-1 1.71851E-1 1.92344E-1 2.10235E-1 2.09783E-1 2.36319E-1 2.62414E-1 1.49327E-1 5.82404E-2 3.34702E-2 4.62925E-2 1.37914E-1 2.34586E-1 2.2511E-1 1.41943E-1 2.14422E-2 5.90426E-2 1.88505E-1 2.7646E-1 1.16277E-1 1.10535E-1 2.17349E-1 2.20462E-1 3.36228E-1 8.52136E-2 1.84343E-1 1.87604E-1 1.69266E-1 6.32579E-2 2.30002E-2 1.27231E-2 1.1992E-2 6.57734E-3
5.96676E-2 6.53626E-2 3.00119E-2 3.69093E-2 5.21674E-2 8.063E-2 8.4514E-2 7.64064E-2 9.07655E-2 6.19365E-2 4.5174E-2 5.94657E-2 6.06376E-2 9.13759E-2 4.95626E-2 5.17609E-2 8.38926E-2 6.73387E-2 6.09464E-2 6.59882E-2 6.00835E-2 5.69155E-2 1.051E-1 6.1966E-2 1.16984E-1 1.20518E-1 1.69887E-1 1.42959E-1 2.40747E-1 2.47122E-1 2.48195E-1 1.95555E-1 1.49654E-1 1.81755E-1 2.10168E-1 1.67579E-1 1.92018E-1 1.9281E-1 2.2409E-1 2.5328E-1 2.19381E-1 1.3889E-1 1.85602E-2 2.15813E-2 1.27917E-1 1.66573E-1 2.57404E-1 2.34737E-1 9.66231E-2 3.62912E-2 1.55334E-1 3.44103E-1 3.67903E-1 1.02108E-1 1.8469E-1 1.95186E-1 2.20697E-1 1.79665E-1 2.95269E-2 5.49178E-2 1.12639E-1 9.84177E-2 5.21467E-2 7.54141E-3 4.98695E-3 3.48016E-3 2.98316E-3
7.65161E-2 5.70614E-2 3.9935E-2 3.36947E-2 5.17582E-2 1.7716E-1 1.69033E-1 1.11182E-1 1.08735E-1 6.14067E-2 8.03517E-2 3.79159E-2 4.53386E-2 6.39804E-2 6.23217E-2 7.2984E-2 6.2478E-2 1.2566E-1 5.1843E-2 5.39769E-2 9.12763E-2 7.82614E-2 1.41066E-1 1.01855E-1 7.50122E-2 9.84495E-2 9.30908E-2 1.38269E-1 2.30856E-1 2.32562E-1 2.34135E-1 2.19927E-1 1.90599E-1 1.54074E-1 2.26813E-1 2.16881E-1 1.78176E-1 2.48007E-1 2.88599E-1 2.52153E-1 2.4454E-1 1.4145E-1 5.75935E-2 6.2096E-2 1.76812E-1 2.17087E-1 2.54873E-1 2.15126E-1 1.1682E-1 2.9507E-2 1.59785E-1 3.90381E-1 2.81906E-1 1.56859E-1 2.89993E-1 1.19714E-1 9.71159E-2 1.76199E-1 4.63651E-2 4.93029E-2 5.56011E-2 5.95683E-2 2.03188E-2 8.24206E-3 4.0107E-3 8.76228E-4 3.70663E-4
6.2574E-2 5.63287E-2 4.23746E-2 4.13532E-2 4.05031E-2 7.38668E-2 7.85798E-2 1.08689E-1 7.86506E-2 4.33257E-2 4.15695E-2 8.01428E-2 8.253E-2 9.25215E-2 6.9026E-2 6.73749E-2 1.05793E-1 1.2027E-1 7.15523E-2 7.42855E-2 4.78457E-2 1.01942E-1 1.13734E-1 5.54161E-2 8.80146E-2 1.02957E-1 1.10313E-1 1.20195E-1 1.73906E-1 1.88423E-1 2.34838E-1 2.29779E-1 2.39963E-1 1.47176E-1 2.57505E-1 2.92871E-1 2.22039E-1 2.24896E-1 2.36927E-1 2.60593E-1 2.22781E-1 1.83927E-1 1.36251E-1 1.12909E-1 2.51201E-1 2.64532E-1 3.22325E-1 2.33072E-1 1.79549E-1 5.15118E-2 1.67419E-1 3.44849E-1 2.91943E-1 2.33656E-1 1.41245E-1 1.76646E-1 1.50739E-1 1.25062E-1 9.14647E-2 8.27518E-2 6.42963E-2 6.46302E-2 4.19862E-2 2.60156E-2 3.10661E-3 2.2866E-4 4.49207E-5
6.24533E-2 4.95188E-2 5.26567E-2 5.26152E-2 5.62237E-2 5.41719E-2 8.09394E-2 5.88039E-2 5.79442E-2 6.92376E-2 4.48715E-2 1.02467E-1 1.1883E-1 9.00542E-2 5.70789E-2 5.62294E-2 7.01764E-2 7.05873E-2 5.54735E-2 5.6442E-2 7.16977E-2 6.3699E-2 1.22203E-1 9.1522E-2 9.92384E-2 9.88711E-2 1.25056E-1 1.77661E-1 2.12089E-1 2.26254E-1 2.16968E-1 2.181E-1 2.62171E-1 2.56667E-1 2.75536E-1 2.75584E-1 2.70371E-1 2.74495E-1 2.13766E-1 2.15591E-1 2.30954E-1 2.318E-1 1.54541E-1 9.8119E-2 2.21463E-1 4.45357E-1 3.26863E-1 2.8132E-1 3.19321E-1 1.35989E-1 4.80919E-2 2.12983E-1 3.65721E-1 1.70813E-1 9.88063E-2 1.14798E-1 8.20544E-2 7.26639E-2 1.38873E-1 9.44159E-2 2.74808E-2 8.63E-3 1.88137E-2 5.91801E-3 2.67901E-3 3.29234E-4 3.68339E-4
5.5759E-2 6.64849E-2 6.18191E-2 5.39215E-2 6.59621E-2 4.99352E-2 4.50536E-2 8.56498E-2 6.17459E-2 5.02691E-2 3.28395E-2 7.63354E-2 1.13494E-1 9.26629E-2 1.15381E-1 4.90189E-2 3.93583E-2 7.24335E-2 9.55973E-2 9.34516E-2 6.21829E-2 6.60469E-2 5.9936E-2 1.02767E-1 1.80247E-1 1.85865E-1 2.02633E-1 2.14478E-1 1.92974E-1 1.61983E-1 1.61808E-1 1.80336E-1 2.41121E-1 2.87275E-1 1.84991E-1 1.75193E-1 2.01532E-1 2.05959E-1 1.56927E-1 1.54513E-1 2.10965E-1 2.17243E-1 1.02365E-1 4.61283E-2 6.02697E-2 4.09696E-1 3.29323E-1 3.95119E-1 2.33667E-1 3.1968E-2 2.65185E-2 2.2347E-1 3.23178E-1 2.90951E-1 6.74567E-2 1.97612E-2 2.16918E-2 3.71406E-2 8.65665E-2 5.53203E-2 1.69454E-2 9.56058E-3 6.33364E-3 2.442E-3 8.98177E-4 5.79592E-4 6.68566E-4
5.56828E-2 4.95023E-2 6.17822E-2 5.983E-2 5.16833E-2 6.66209E-2 6.99243E-2 7.16041E-2 7.89762E-2 5.4156E-2 4.411E-2 7.45416E-2 1.17007E-1 1.3484E-1 8.44743E-2 1.12787E-1 1.57188E-1 1.27923E-1 1.36116E-1 1.43642E-1 1.39742E-1 1.34296E-1 1.37865E-1 1.52992E-1 1.62683E-1 1.77778E-1 2.43569E-1 2.40478E-1 1.83693E-1 1.39271E-1 1.61536E-1 1.69871E-1 1.9679E-1 2.23717E-1 1.8101E-1 2.33167E-1 1.99965E-1 2.26525E-1 1.67477E-1 1.44288E-1 1.96971E-1 2.48425E-1 5.0471E-2 2.76769E-2 6.57879E-2 3.16447E-1 4.13329E-1 4.95061E-1 2.49339E-1 1.7047E-2 1.99526E-2 2.51369E-1 3.14346E-1 2.4679E-1 1.7046E-1 4.16015E-2 8.60267E-2 1.46115E-1 4.59581E-2 9.41769E-2 3.28728E-2 1.65185E-2 6.68292E-3 2.63799E-3 2.98918E-4 5.01489E-4 1.4569E-3
5.9505E-2 4.7686E-2 4.34997E-2 1.11938E-1 7.54401E-2 6.4301E-2 6.13805E-2 4.11786E-2 4.25287E-2 3.97751E-2 4.13994E-2 9.48541E-2 9.70994E-2 4.83603E-2 5.06846E-2 1.42487E-1 1.80468E-1 1.24119E-1 1.15867E-1 9.90292E-2 9.11515E-2 1.5175E-1 1.38972E-1 1.43208E-1 1.67187E-1 1.73365E-1 3.11548E-1 1.99379E-1 1.46981E-1 1.28797E-1 1.95712E-1 2.21543E-1 1.99028E-1 2.26777E-1 2.67236E-1 2.06331E-1 2.26146E-1 2.23767E-1 2.03027E-1 1.57454E-1 1.53942E-1 2.31728E-1 8.21595E-2 6.93747E-2 1.98416E-1 2.48326E-1 5.65889E-1 4.37397E-1 2.09545E-1 3.29552E-2 1.31335E-1 3.09226E-1 4.65639E-1 1.95036E-1 1.67067E-1 1.55916E-1 2.82041E-1 1.39557E-1 4.68067E-2 7.0099E-2 3.46506E-2 9.34058E-3 7.08284E-3 2.81135E-3 5.01639E-4 4.70271E-4 1.58446E-3
