ENM/Final_Models/M_1_F_q_Set_1_E/Gustavia_santanderiensis_Choco_max.asc
ncols         367
nrows         963
xllcorner     -78.6
yllcorner     0.65
cellsize      0.00833333333333323
NODATA_value  -9999
[rows 510 to 543 of 963, columns 231 to 307 of 367]
1E0 1E0 1E0 1E0 1E0 1E0 1E0 1E0 1E0 1E0 9.99586E-1 9.43196E-1 9.42623E-1 1E0 1E0 1E0 9.99999E-1 9.92304E-1 2.03318E-1 2.69033E-1 1.03228E-1 4.40678E-2 2.35424E-1 1.76876E-1 3.51017E-1 6.74741E-1 6.05525E-1 2.89754E-1 3.58422E-2 2.39623E-2 5.48854E-2 7.51305E-2 1.81101E-1 3.311E-1 1.02528E-1 1.68043E-1 7.19115E-2 7.71988E-3 8.44197E-3 5.94747E-3 1.83042E-2 3.21023E-2 1.83509E-2 -9999 -9999 -9999 -9999 -9999 -9999 -9999 -9999 -9999 -9999 -9999 -9999 -9999 -9999 -9999 -9999 -9999 -9999 -9999 -9999 -9999 -9999 -9999 -9999 -9999 -9999 -9999 -9999 -9999 -9999 -9999 -9999 -9999 -9999
1E0 1E0 1E0 1E0 1E0 1E0 1E0 1E0 1E0 1E0 9.99238E-1 9.49821E-1 9.99967E-1 1E0 1E0 1E0 9.99999E-1 2.90962E-1 5.43185E-1 3.37881E-1 1.24958E-1 4.96982E-1 4.84513E-1 5.81773E-1 5.22663E-1 3.92157E-2 3.15255E-2 2.60082E-1 1.48326E-1 1.14608E-1 6.57337E-2 2.04815E-1 2.06941E-1 1.69233E-1 9.25408E-2 6.57084E-2 3.69869E-2 9.74924E-3 1.70156E-2 7.78926E-3 1.4826E-2 3.68375E-2 -9999 -9999 -9999 -9999 -9999 -9999 -9999 -9999 -9999 -9999 -9999 -9999 -9999 -9999 -9999 -9999 -9999 -9999 -9999 -9999 -9999 -9999 -9999 -9999 -9999 -9999 -9999 -9999 -9999 -9999 -9999 -9999 -9999 -9999 -9999
1E0 1E0 1E0 1E0 1E0 1E0 1E0 1E0 1E0 1E0 9.99268E-1 8.90194E-1 9.99933E-1 1E0 1E0 1E0 5.49189E-1 5.93432E-1 8.57947E-1 8.33599E-1 3.37699E-1 1.55912E-1 1.67485E-1 2.40953E-1 5.12344E-2 2.51106E-2 1.27313E-1 9.02986E-1 9.96557E-1 9.92927E-1 2.81522E-1 2.92156E-1 6.06917E-1 1.77348E-1 7.89858E-3 1.14708E-2 1.96788E-2 1.03091E-2 4.60622E-2 3.65576E-2 1.75562E-2 2.50775E-2 -9999 -9999 -9999 -9999 -9999 -9999 -9999 -9999 -9999 -9999 -9999 -9999 -9999 -9999 -9999 -9999 -9999 -9999 -9999 -9999 -9999 -9999 -9999 -9999 -9999 -9999 -9999 -9999 -9999 -9999 -9999 -9999 -9999 -9999 -9999
1E0 1E0 1E0 1E0 1E0 1E0 1E0 1E0 1E0 1E0 9.98961E-1 9.94606E-1 1E0 1E0 1E0 9.23911E-1 6.86603E-1 7.56049E-1 6.76502E-1 4.49292E-2 1.50584E-1 5.34805E-2 1.06843E-1 1.96283E-1 2.0278E-1 8.53117E-2 8.79823E-1 1.30361E-1 5.2025E-1 6.25097E-1 3.04765E-1 2.60268E-1 7.22021E-2 2.7396E-2 2.66528E-2 7.49512E-3 9.61737E-3 2.43901E-2 3.1654E-2 4.31329E-2 3.08164E-2 5.88703E-2 -9999 -9999 -9999 -9999 -9999 -9999 -9999 -9999 -9999 -9999 -9999 -9999 -9999 -9999 -9999 -9999 -9999 -9999 -9999 -9999 -9999 -9999 -9999 -9999 -9999 -9999 -9999 -9999 -9999 -9999 -9999 -9999 -9999 -9999 -9999
1E0 1E0 1E0 1E0 1E0 1E0 1E0 1E0 1E0 1E0 1E0 1E0 9.81808E-1 5.10093E-1 8.56442E-1 8.29358E-1 8.19281E-1 8.15876E-1 4.82007E-1 4.14789E-2 3.17901E-1 2.67842E-1 5.82637E-1 6.86312E-1 2.96345E-1 4.24553E-1 9.83088E-1 1.99461E-1 1.50751E-1 1.59849E-1 8.00755E-2 4.64724E-2 2.52775E-2 2.82867E-2 3.19281E-2 5.69071E-3 1.55809E-2 1.39835E-2 6.51308E-2 3.05681E-2 3.06189E-2 6.22588E-2 -9999 -9999 -9999 -9999 -9999 -9999 -9999 -9999 -9999 -9999 -9999 -9999 -9999 -9999 -9999 -9999 -9999 -9999 -9999 -9999 -9999 -9999 -9999 -9999 -9999 -9999 -9999 -9999 -9999 -9999 -9999 -9999 -9999 -9999 -9999
1E0 1E0 1E0 1E0 1E0 1E0 1E0 1E0 1E0 1E0 9.99985E-1 9.97139E-1 4.95314E-1 2.32737E-1 3.29083E-1 3.3536E-1 6.68829E-1 6.64297E-1 1.65737E-1 8.74085E-2 9.99365E-1 7.31482E-1 3.92976E-1 9.90109E-1 9.98664E-1 5.25593E-1 4.27655E-1 2.8864E-1 2.6599E-1 1.21259E-1 1.4345E-2 1.39255E-2 6.85327E-3 6.83194E-3 1.75624E-2 1.50504E-2 2.08324E-2 3.51367E-2 4.47709E-2 1.15257E-2 3.6001E-2 2.58347E-2 -9999 -9999 -9999 -9999 -9999 -9999 -9999 -9999 -9999 -9999 -9999 -9999 -9999 -9999 -9999 -9999 -9999 -9999 -9999 -9999 -9999 -9999 -9999 -9999 -9999 -9999 -9999 -9999 -9999 -9999 -9999 -9999 -9999 -9999 -9999
1E0 1E0 1E0 1E0 1E0 1E0 1E0 1E0 1E0 1E0 1E0 9.96871E-1 9.08958E-1 5.62432E-1 7.9281E-1 9.93286E-1 8.68683E-1 7.948E-1 5.58104E-1 8.88278E-1 1E0 6.25838E-1 1.36322E-1 2.3258E-1 1.68744E-1 1.0811E-1 7.12984E-2 8.73442E-2 1.66404E-2 9.05734E-3 3.50767E-2 1.88911E-2 1.18913E-2 2.2766E-2 1.34268E-2 1.54532E-2 1.87741E-2 2.48722E-2 7.47096E-2 3.25672E-2 1.25869E-2 6.87054E-3 -9999 -9999 -9999 -9999 -9999 -9999 -9999 -9999 -9999 -9999 -9999 -9999 -9999 -9999 -9999 -9999 -9999 -9999 -9999 -9999 -9999 -9999 -9999 -9999 -9999 -9999 -9999 -9999 -9999 -9999 -9999 -9999 -9999 -9999 -9999
1E0 1E0 1E0 1E0 1E0 1E0 1E0 1E0 1E0 1E0 1E0 1E0 1E0 1E0 9.99999E-1 9.97379E-1 1E0 1E0 1E0 1E0 9.47661E-1 7.05739E-1 3.74028E-1 6.78648E-1 4.85121E-1 5.66204E-1 4.58217E-1 1.78688E-1 1.48649E-2 1.38717E-2 4.74862E-2 4.61448E-2 9.6468E-3 2.3795E-2 1.56915E-2 2.95048E-2 5.61206E-2 5.35189E-2 5.98473E-2 2.79723E-2 1.0973E-2 4.06898E-2 -9999 -9999 -9999 -9999 -9999 -9999 -9999 -9999 -9999 -9999 -9999 -9999 -9999 -9999 -9999 -9999 -9999 -9999 -9999 -9999 -9999 -9999 -9999 -9999 -9999 -9999 -9999 -9999 -9999 -9999 -9999 -9999 -9999 -9999 -9999
1E0 1E0 1E0 1E0 1E0 1E0 1E0 1E0 1E0 1E0 1E0 1E0 9.64245E-1 9.99588E-1 7.68143E-1 4.2928E-1 8.8737E-1 9.99991E-1 1E0 1E0 9.30114E-1 6.1295E-1 2.73583E-2 6.5658E-2 1.85795E-1 2.97448E-1 1.29835E-1 4.87168E-2 3.80642E-2 4.34951E-2 5.57947E-2 3.29103E-2 7.31868E-3 1.21988E-1 8.09732E-2 1.45687E-2 2.22468E-2 4.72576E-2 5.9905E-2 5.0667E-2 1.39981E-1 5.60123E-2 4.79105E-2 -9999 -9999 -9999 -9999 -9999 -9999 -9999 -9999 -9999 -9999 -9999 -9999 -9999 -9999 -9999 -9999 -9999 -9999 -9999 -9999 -9999 -9999 -9999 -9999 -9999 -9999 -9999 -9999 -9999 -9999 -9999 -9999 -9999 -9999
1E0 1E0 1E0 1E0 1E0 1E0 1E0 1E0 1E0 1E0 1E0 1E0 1.95823E-1 1.02121E-1 1.07756E-1 4.45853E-2 1.16752E-1 2.08671E-1 6.8866E-1 1E0 1E0 7.41487E-1 1.99358E-1 1.65555E-1 1.49283E-1 1.69623E-1 3.92381E-2 3.10993E-2 6.27175E-2 6.45628E-2 4.56897E-2 1.76302E-2 8.66001E-2 6.01455E-2 3.81211E-2 6.20507E-2 4.77922E-2 4.46773E-2 4.55255E-2 2.56042E-1 2.05011E-2 3.27157E-3 3.49741E-3 -9999 -9999 -9999 -9999 -9999 -9999 -9999 -9999 -9999 -9999 -9999 -9999 -9999 -9999 -9999 -9999 -9999 -9999 -9999 -9999 -9999 -9999 -9999 -9999 -9999 -9999 -9999 -9999 -9999 -9999 -9999 -9999 -9999 -9999
1E0 1E0 1E0 1E0 1E0 1E0 1E0 1E0 1E0 1E0 1E0 9.88361E-1 1.31178E-1 5.78642E-2 3.68763E-2 3.91313E-2 5.53045E-2 1.50379E-1 7.6324E-1 1E0 1E0 9.996E-1 6.91352E-1 5.84443E-1 1.62178E-1 1.91058E-1 9.42658E-2 8.09542E-2 7.41925E-2 2.13941E-2 5.32567E-2 9.0335E-2 1.10251E-1 9.59679E-3 1.35555E-2 2.1567E-2 1.70404E-2 4.41825E-2 3.48363E-2 1.08958E-1 5.42594E-2 2.78284E-2 2.01989E-2 3.32732E-2 -9999 -9999 -9999 -9999 -9999 -9999 -9999 -9999 -9999 -9999 -9999 -9999 -9999 -9999 -9999 -9999 -9999 -9999 -9999 -9999 -9999 -9999 -9999 -9999 -9999 -9999 -9999 -9999 -9999 -9999 -9999 -9999 -9999
1E0 1E0 1E0 1E0 1E0 1E0 1E0 1E0 1E0 1E0 1E0 1E0 9.06829E-1 5.43028E-1 6.78781E-2 1.28368E-1 5.30275E-2 7.92817E-2 3.82916E-1 9.99804E-1 9.92943E-1 9.72805E-1 5.10852E-1 3.22126E-1 5.5009E-1 2.97264E-1 3.10146E-1 6.01987E-2 3.06214E-2 3.31695E-2 5.41279E-2 6.55906E-2 1.52294E-2 8.03064E-3 2.05132E-2 1.2545E-2 3.75402E-2 6.02031E-2 2.76965E-2 4.42682E-2 1.50016E-2 2.50672E-2 2.29653E-2 6.59746E-3 -9999 -9999 -9999 -9999 -9999 -9999 -9999 -9999 -9999 -9999 -9999 -9999 -9999 -9999 -9999 -9999 -9999 -9999 -9999 -9999 -9999 -9999 -9999 -9999 -9999 -9999 -9999 -9999 -9999 -9999 -9999 -9999 -9999
1E0 1E0 1E0 1E0 1E0 1E0 1E0 1E0 1E0 1E0 1E0 1E0 1E0 9.99992E-1 6.02029E-1 2.8649E-1 1.58994E-1 1.12128E-1 3.77724E-1 8.85143E-1 6.29419E-1 9.73948E-1 5.65807E-1 2.52877E-1 5.69609E-1 6.45971E-2 8.31947E-2 2.0238E-2 8.6186E-2 9.19045E-2 6.05159E-2 5.35794E-2 2.86606E-2 1.87883E-2 2.00111E-3 3.62234E-2 2.32499E-2 1.51466E-2 2.09378E-2 1.10577E-2 5.87729E-3 6.26821E-3 3.04815E-3 6.4858E-3 -9999 -9999 -9999 -9999 -9999 -9999 -9999 -9999 -9999 -9999 -9999 -9999 -9999 -9999 -9999 -9999 -9999 -9999 -9999 -9999 -9999 -9999 -9999 -9999 -9999 -9999 -9999 -9999 -9999 -9999 -9999 -9999 -9999
1E0 1E0 1E0 1E0 1E0 1E0 1E0 1E0 1E0 1E0 1E0 1E0 1E0 1E0 9.99811E-1 9.92711E-1 3.70006E-1 3.31296E-1 3.26843E-1 7.88844E-1 5.12144E-1 4.21228E-1 1.61545E-1 4.77735E-2 1.69074E-1 7.01448E-2 1.85214E-2 2.21309E-2 3.43104E-2 1.79835E-2 1.71046E-2 1.07647E-2 4.24411E-3 1.23598E-2 2.80887E-3 3.37357E-2 3.50333E-2 5.50408E-2 1.16185E-2 1.51965E-3 5.8043E-3 7.21981E-3 2.37965E-2 1.90744E-2 -9999 -9999 -9999 -9999 -9999 -9999 -9999 -9999 -9999 -9999 -9999 -9999 -9999 -9999 -9999 -9999 -9999 -9999 -9999 -9999 -9999 -9999 -9999 -9999 -9999 -9999 -9999 -9999 -9999 -9999 -9999 -9999 -9999
1E0 1E0 1E0 1E0 1E0 1E0 1E0 1E0 1E0 1E0 1E0 1E0 1E0 1E0 9.92406E-1 7.37089E-1 5.25161E-1 1.36973E-1 6.24127E-1 4.84263E-1 8.67275E-2 8.38287E-2 4.13272E-2 4.73657E-2 2.91675E-2 4.02555E-2 5.42096E-2 2.70426E-2 1.59345E-2 2.20424E-2 1.70979E-2 3.89713E-3 2.67391E-3 5.72085E-3 1.15472E-2 4.89579E-3 7.209E-3 1.14862E-2 5.55261E-3 1.80747E-2 1.82428E-2 4.7974E-3 2.53295E-3 3.36852E-3 1.28847E-2 -9999 -9999 -9999 -9999 -9999 -9999 -9999 -9999 -9999 -9999 -9999 -9999 -9999 -9999 -9999 -9999 -9999 -9999 -9999 -9999 -9999 -9999 -9999 -9999 -9999 -9999 -9999 -9999 -9999 -9999 -9999 -9999
1E0 1E0 1E0 1E0 1E0 1E0 1E0 1E0 1E0 1E0 1E0 1E0 1E0 1E0 1E0 3.59682E-1 1.96891E-2 5.43445E-2 8.54828E-2 8.63482E-2 1.00824E-1 7.4562E-2 4.06911E-2 4.27871E-2 4.8142E-2 4.42272E-2 3.64413E-2 2.9272E-2 7.27644E-3 1.82182E-2 3.18023E-2 1.4959E-3 1.09286E-3 6.30404E-3 1.70789E-2 9.9398E-3 1.10688E-2 1.27757E-2 7.64723E-3 1.52845E-2 6.19378E-3 7.58929E-3 7.50223E-3 8.27752E-3 3.39442E-2 -9999 -9999 -9999 -9999 -9999 -9999 -9999 -9999 -9999 -9999 -9999 -9999 -9999 -9999 -9999 -9999 -9999 -9999 -9999 -9999 -9999 -9999 -9999 -9999 -9999 -9999 -9999 -9999 -9999 -9999 -9999 -9999
1E0 1E0 1E0 1E0 1E0 1E0 1E0 1E0 1E0 1E0 1E0 1E0 1E0 9.99595E-1 1E0 7.01104E-1 3.6213E-2 4.3654E-2 2.02571E-2 9.48426E-2 2.64455E-1 3.37646E-2 2.17351E-2 1.47789E-2 1.29026E-2 9.12299E-3 3.12015E-2 1.82015E-2 1.04264E-2 1.86287E-2 2.22353E-2 9.50629E-4 1.10163E-3 1.06864E-2 3.07047E-2 5.16925E-3 6.44118E-3 9.45962E-3 6.01578E-3 3.26474E-2 3.2815E-3 8.71186E-3 1.77952E-2 2.06155E-2 2.90532E-2 -9999 -9999 -9999 -9999 -9999 -9999 -9999 -9999 -9999 -9999 -9999 -9999 -9999 -9999 -9999 -9999 -9999 -9999 -9999 -9999 -9999 -9999 -9999 -9999 -9999 -9999 -9999 -9999 -9999 -9999 -9999 -9999
1E0 1E0 1E0 1E0 1E0 1E0 1E0 1E0 1E0 1E0 1E0 1E0 1E0 4.46826E-1 2.31646E-1 4.58274E-1 8.48853E-2 4.91272E-2 5.0576E-3 7.68684E-2 3.74731E-2 2.35253E-2 2.6728E-2 3.22968E-2 1.42322E-2 6.05994E-3 5.28194E-3 3.58662E-3 6.38574E-3 1.18597E-3 6.66917E-4 2.25056E-3 6.45457E-3 1.27879E-2 1.85595E-2 3.68895E-3 3.7177E-3 3.70535E-3 1.35367E-2 1.56407E-2 6.39122E-3 9.21956E-3 1.3252E-2 1.20485E-2 -9999 -9999 -9999 -9999 -9999 -9999 -9999 -9999 -9999 -9999 -9999 -9999 -9999 -9999 -9999 -9999 -9999 -9999 -9999 -9999 -9999 -9999 -9999 -9999 -9999 -9999 -9999 -9999 -9999 -9999 -9999 -9999 -9999
1E0 1E0 1E0 1E0 1E0 1E0 1E0 1E0 1E0 1E0 1E0 1E0 1E0 1E0 1E0 9.8175E-1 3.20504E-1 9.71339E-2 4.76432E-2 1.81551E-2 8.33482E-3 2.44447E-2 7.05975E-3 1.84898E-2 2.13726E-2 4.69315E-3 8.8854E-4 1.43002E-3 6.37029E-4 2.10508E-4 3.2304E-4 3.53607E-3 6.77798E-3 9.67412E-3 1.00568E-2 1.14872E-2 1.18176E-2 1.51703E-2 8.02011E-3 6.67645E-3 3.39755E-3 1.22533E-2 2.39778E-2 -9999 -9999 -9999 -9999 -9999 -9999 -9999 -9999 -9999 -9999 -9999 -9999 -9999 -9999 -9999 -9999 -9999 -9999 -9999 -9999 -9999 -9999 -9999 -9999 -9999 -9999 -9999 -9999 -9999 -9999 -9999 -9999 -9999 -9999
1E0 1E0 1E0 1E0 1E0 1E0 1E0 1E0 1E0 1E0 1E0 1E0 9.90593E-1 1.55932E-1 1.0355E-1 1.82949E-1 1.12421E-1 9.95274E-2 4.04643E-2 2.02304E-2 4.78198E-3 1.19309E-2 4.35019E-3 1.6026E-3 7.5421E-3 2.87486E-3 3.48296E-4 6.02479E-4 5.70595E-4 1.33395E-3 1.411E-3 3.34342E-3 6.97032E-3 4.86316E-3 8.31155E-3 4.04241E-3 1.03115E-2 8.13258E-3 1.1516E-2 4.93741E-3 5.77466E-3 -9999 -9999 -9999 -9999 -9999 -9999 -9999 -9999 -9999 -9999 -9999 -9999 -9999 -9999 -9999 -9999 -9999 -9999 -9999 -9999 -9999 -9999 -9999 -9999 -9999 -9999 -9999 -9999 -9999 -9999 -9999 -9999 -9999 -9999 -9999 -9999
1E0 1E0 1E0 1E0 1E0 1E0 1E0 1E0 1E0 1E0 1E0 1E0 1E0 9.73988E-1 7.25786E-1 1.24977E-1 5.07616E-2 1.27061E-1 2.11892E-2 7.43176E-3 2.02151E-3 4.68278E-3 5.67418E-3 2.48512E-3 4.31657E-3 1.50559E-3 4.32283E-5 5.78041E-5 1.73131E-4 3.75208E-4 3.65681E-4 2.66354E-3 9.10789E-3 1.01234E-2 5.20676E-3 6.92197E-3 1.09243E-2 4.79032E-3 6.04967E-3 9.32511E-3 -9999 -9999 -9999 -9999 -9999 -9999 -9999 -9999 -9999 -9999 -9999 -9999 -9999 -9999 -9999 -9999 -9999 -9999 -9999 -9999 -9999 -9999 -9999 -9999 -9999 -9999 -9999 -9999 -9999 -9999 -9999 -9999 -9999 -9999 -9999 -9999 -9999
1E0 1E0 1E0 1E0 1E0 1E0 1E0 1E0 1E0 1E0 9.99887E-1 9.99637E-1 4.4697E-1 3.28051E-1 1.18311E-1 1.417E-1 9.44006E-2 1.11234E-1 8.09652E-2 1.403E-2 1.14107E-2 5.96841E-4 4.44874E-5 4.74603E-4 1.13896E-3 1.64117E-4 4.26047E-5 7.07206E-4 4.45078E-4 3.26464E-4 4.36548E-4 1.80829E-3 1.87475E-3 1.31265E-2 1.0081E-2 1.72526E-2 5.22323E-3 3.22598E-3 4.56154E-3 -9999 -9999 -9999 -9999 -9999 -9999 -9999 -9999 -9999 -9999 -9999 -9999 -9999 -9999 -9999 -9999 -9999 -9999 -9999 -9999 -9999 -9999 -9999 -9999 -9999 -9999 -9999 -9999 -9999 -9999 -9999 -9999 -9999 -9999 -9999 -9999 -9999 -9999
1E0 1E0 1E0 1E0 1E0 1E0 1E0 1E0 1E0 1E0 9.99998E-1 7.14791E-1 3.35918E-1 3.76596E-1 5.64534E-2 1.07154E-1 7.16219E-2 6.4023E-3 1.19199E-2 2.55647E-2 9.26935E-3 9.74642E-5 1.93196E-4 1.48151E-5 2.96064E-5 2.35052E-5 1.95897E-5 2.80898E-4 8.07551E-4 8.85733E-4 1.54771E-3 3.04489E-3 3.7062E-3 4.5379E-3 1.25875E-2 1.76233E-2 3.85909E-3 7.34121E-3 -9999 -9999 -9999 -9999 -9999 -9999 -9999 -9999 -9999 -9999 -9999 -9999 -9999 -9999 -9999 -9999 -9999 -9999 -9999 -9999 -9999 -9999 -9999 -9999 -9999 -9999 -9999 -9999 -9999 -9999 -9999 -9999 -9999 -9999 -9999 -9999 -9999 -9999 -9999
1E0 1E0 1E0 1E0 1E0 1E0 1E0 1E0 1E0 1E0 1E0 9.90146E-1 5.35587E-1 7.72375E-1 9.20914E-2 4.99826E-2 1.0376E-1 8.52443E-3 5.23948E-3 2.11818E-2 1.86414E-2 1.61883E-4 3.00515E-4 4.32415E-4 3.51993E-4 3.87266E-4 1.29428E-5 6.00729E-4 1.20311E-3 7.90582E-4 4.47338E-3 3.91546E-3 5.26988E-3 1.05833E-2 2.46666E-2 2.26725E-2 7.29419E-3 -9999 -9999 -9999 -9999 -9999 -9999 -9999 -9999 -9999 -9999 -9999 -9999 -9999 -9999 -9999 -9999 -9999 -9999 -9999 -9999 -9999 -9999 -9999 -9999 -9999 -9999 -9999 -9999 -9999 -9999 -9999 -9999 -9999 -9999 -9999 -9999 -9999 -9999 -9999 -9999
1E0 1E0 1E0 1E0 1E0 1E0 1E0 1E0 1E0 1E0 1E0 9.72341E-1 7.09965E-1 1.09738E-1 6.68373E-2 4.04313E-2 1.27373E-2 2.69891E-3 6.4672E-3 9.6899E-4 1.38086E-4 8.94659E-4 9.61352E-4 1.1391E-3 8.17946E-4 5.04479E-4 1.42274E-4 1.11593E-3 1.02828E-3 1.16302E-3 2.00889E-3 4.34833E-3 8.7603E-3 2.24515E-2 2.92329E-2 1.50901E-2 -9999 -9999 -9999 -9999 -9999 -9999 -9999 -9999 -9999 -9999 -9999 -9999 -9999 -9999 -9999 -9999 -9999 -9999 -9999 -9999 -9999 -9999 -9999 -9999 -9999 -9999 -9999 -9999 -9999 -9999 -9999 -9999 -9999 -9999 -9999 -9999 -9999 -9999 -9999 -9999 -9999
1E0 1E0 1E0 1E0 1E0 1E0 9.99965E-1 1E0 9.99205E-1 6.46598E-1 4.43104E-1 3.33378E-1 1.39379E-1 2.4327E-1 1.15061E-1 4.33155E-2 1.149E-2 2.36068E-3 6.31695E-4 4.50428E-4 1.09116E-3 1.4306E-3 1.79522E-3 2.65138E-3 1.05355E-3 7.58926E-4 7.05304E-5 3.35071E-4 8.09173E-4 8.4489E-4 2.97446E-3 8.67591E-3 4.60314E-3 1.55868E-2 -9999 -9999 -9999 -9999 -9999 -9999 -9999 -9999 -9999 -9999 -9999 -9999 -9999 -9999 -9999 -9999 -9999 -9999 -9999 -9999 -9999 -9999 -9999 -9999 -9999 -9999 -9999 -9999 -9999 -9999 -9999 -9999 -9999 -9999 -9999 -9999 -9999 -9999 -9999 -9999 -9999 -9999 -9999
1E0 1E0 1E0 1E0 1E0 1E0 1E0 9.99997E-1 4.14007E-1 9.99994E-1 4.86808E-1 1.61875E-1 6.85582E-2 8.6476E-2 5.26685E-2 1.88274E-2 1.91915E-3 6.79312E-3 3.01763E-3 2.63697E-4 9.14779E-4 4.42163E-3 2.43843E-3 2.45412E-3 1.26251E-3 4.25993E-4 1.57427E-4 4.62216E-4 6.21317E-4 5.822E-4 3.1694E-3 6.59733E-3 4.11756E-3 -9999 -9999 -9999 -9999 -9999 -9999 -9999 -9999 -9999 -9999 -9999 -9999 -9999 -9999 -9999 -9999 -9999 -9999 -9999 -9999 -9999 -9999 -9999 -9999 -9999 -9999 -9999 -9999 -9999 -9999 -9999 -9999 -9999 -9999 -9999 -9999 -9999 -9999 -9999 -9999 -9999 -9999 -9999 -9999
1E0 1E0 1E0 1E0 1E0 1E0 1E0 1E0 1E0 9.9995E-1 9.17888E-1 4.85661E-1 4.79126E-1 5.75132E-1 8.55238E-2 1.067E-2 2.86604E-2 1.31394E-2 1.42328E-2 3.0478E-3 9.50178E-4 3.70002E-3 7.37566E-3 3.76461E-3 1.50766E-3 3.51212E-4 4.23965E-4 9.52347E-5 8.85137E-4 1.55308E-3 1.97933E-3 6.1103E-3 -9999 -9999 -9999 -9999 -9999 -9999 -9999 -9999 -9999 -9999 -9999 -9999 -9999 -9999 -9999 -9999 -9999 -9999 -9999 -9999 -9999 -9999 -9999 -9999 -9999 -9999 -9999 -9999 -9999 -9999 -9999 -9999 -9999 -9999 -9999 -9999 -9999 -9999 -9999 -9999 -9999 -9999 -9999 -9999 -9999
9.99952E-1 9.99888E-1 9.99999E-1 1E0 1E0 1E0 1E0 1E0 9.59111E-1 9.97155E-1 1E0 9.99996E-1 9.9999E-1 9.51911E-1 4.1642E-1 7.97525E-2 2.54327E-2 1.07911E-2 7.40271E-3 6.40484E-3 2.25332E-3 4.9741E-3 2.43076E-2 4.76918E-3 3.05865E-3 1.90285E-3 7.44677E-4 5.87672E-5 4.92163E-4 1.24142E-3 1.19838E-3 -9999 -9999 -9999 -9999 -9999 -9999 -9999 -9999 -9999 -9999 -9999 -9999 -9999 -9999 -9999 -9999 -9999 -9999 -9999 -9999 -9999 -9999 -9999 -9999 -9999 -9999 -9999 -9999 -9999 -9999 -9999 -9999 -9999 -9999 -9999 -9999 -9999 -9999 -9999 -9999 -9999 -9999 -9999 -9999 -9999 -9999
1E0 1E0 1E0 1E0 1E0 9.94122E-1 1E0 9.998E-1 5.41457E-1 5.53202E-1 9.99659E-1 8.88363E-1 4.36515E-1 9.88645E-2 2.27427E-1 3.9445E-1 1.99736E-1 1.6808E-2 1.72448E-2 1.4035E-2 1.37888E-2 1.7982E-2 1.59105E-2 2.38945E-3 2.75014E-3 1.7651E-3 1.12877E-3 1.75516E-4 -9999 -9999 -9999 -9999 -9999 -9999 -9999 -9999 -9999 -9999 -9999 -9999 -9999 -9999 -9999 -9999 -9999 -9999 -9999 -9999 -9999 -9999 -9999 -9999 -9999 -9999 -9999 -9999 -9999 -9999 -9999 -9999 -9999 -9999 -9999 -9999 -9999 -9999 -9999 -9999 -9999 -9999 -9999 -9999 -9999 -9999 -9999 -9999 -9999
1E0 1E0 1E0 1E0 1E0 9.58882E-1 7.35059E-1 7.23002E-1 2.89385E-1 1.21828E-1 7.93298E-1 2.41521E-1 1.36898E-2 7.23592E-2 7.76834E-2 4.95677E-2 3.64565E-2 7.29533E-2 4.77358E-2 2.95386E-2 1.20987E-2 7.97293E-3 6.50258E-3 5.02374E-3 4.65345E-3 3.77786E-3 1.03439E-3 -9999 -9999 -9999 -9999 -9999 -9999 -9999 -9999 -9999 -9999 -9999 -9999 -9999 -9999 -9999 -9999 -9999 -9999 -9999 -9999 -9999 -9999 -9999 -9999 -9999 -9999 -9999 -9999 -9999 -9999 -9999 -9999 -9999 -9999 -9999 -9999 -9999 -9999 -9999 -9999 -9999 -9999 -9999 -9999 -9999 -9999 -9999 -9999 -9999 -9999
1E0 1E0 1E0 1E0 9.99765E-1 5.16044E-1 3.13006E-1 9.86889E-2 3.06498E-1 1.29208E-1 7.94562E-2 5.58361E-2 1.11488E-2 1.93848E-2 3.12135E-2 4.92678E-2 2.38304E-2 6.35472E-3 5.95499E-3 1.60975E-2 4.67688E-3 4.08916E-3 4.67234E-3 1.09667E-2 5.92324E-3 1.76917E-3 -9999 -9999 -9999 -9999 -9999 -9999 -9999 -9999 -9999 -9999 -9999 -9999 -9999 -9999 -9999 -9999 -9999 -9999 -9999 -9999 -9999 -9999 -9999 -9999 -9999 -9999 -9999 -9999 -9999 -9999 -9999 -9999 -9999 -9999 -9999 -9999 -9999 -9999 -9999 -9999 -9999 -9999 -9999 -9999 -9999 -9999 -9999 -9999 -9999 -9999 -9999
1E0 1E0 1E0 1E0 9.98657E-1 7.25812E-1 3.30304E-1 8.46106E-2 5.12986E-2 7.67419E-2 8.76184E-2 6.45628E-2 3.44663E-2 1.57586E-2 5.78338E-2 4.64205E-2 4.00284E-2 2.81576E-3 9.83523E-4 3.24262E-4 1.27008E-3 3.57911E-3 2.52368E-3 3.99136E-3 4.91386E-3 -9999 -9999 -9999 -9999 -9999 -9999 -9999 -9999 -9999 -9999 -9999 -9999 -9999 -9999 -9999 -9999 -9999 -9999 -9999 -9999 -9999 -9999 -9999 -9999 -9999 -9999 -9999 -9999 -9999 -9999 -9999 -9999 -9999 -9999 -9999 -9999 -9999 -9999 -9999 -9999 -9999 -9999 -9999 -9999 -9999 -9999 -9999 -9999 -9999 -9999 -9999 -9999
1E0 1E0 1E0 9.57392E-1 9.23417E-1 3.75448E-1 2.48327E-1 1.1421E-1 2.38953E-2 1.60762E-2 2.18635E-2 3.72103E-2 3.02416E-2 1.27377E-2 1.76038E-2 3.8193E-2 4.53662E-2 7.04486E-3 2.29233E-3 2.75483E-4 1.6311E-4 3.83717E-4 1.43043E-3 3.72546E-3 -9999 -9999 -9999 -9999 -9999 -9999 -9999 -9999 -9999 -9999 -9999 -9999 -9999 -9999 -9999 -9999 -9999 -9999 -9999 -9999 -9999 -9999 -9999 -9999 -9999 -9999 -9999 -9999 -9999 -9999 -9999 -9999 -9999 -9999 -9999 -9999 -9999 -9999 -9999 -9999 -9999 -9999 -9999 -9999 -9999 -9999 -9999 -9999 -9999 -9999 -9999 -9999 -9999
