ENM/Final_Models/M_1_F_q_Set_1_E/Gustavia_santanderiensis_0_Choco.asc
ncols         367
nrows         963
xllcorner     -78.6
yllcorner     0.65
cellsize      0.00833333333333323
NODATA_value  -9999
[rows 682 to 712 of 963, columns 142 to 212 of 367]
1E0 1E0 1E0 1E0 1E0 1E0 1E0 1E0 1E0 1E0 9.99999E-1 9.99993E-1 9.99998E-1 1E0 1E0 9.99999E-1 9.98151E-1 9.93608E-1 9.9259E-1 9.82476E-1 9.91966E-1 9.99074E-1 9.98724E-1 9.59977E-1 9.99407E-1 9.9966E-1 9.88251E-1 7.9468E-1 6.63052E-1 7.84492E-1 9.95883E-1 9.9948E-1 9.8792E-1 9.79997E-1 9.84651E-1 9.49209E-1 6.00693E-1 4.05395E-1 4.73704E-1 2.80867E-1 6.25672E-1 8.65484E-1 7.82552E-1 2.14234E-1 2.71511E-1 5.98393E-1 5.14086E-1 8.48226E-1 8.56562E-1 8.50585E-1 5.86271E-1 3.77561E-1 2.43483E-1 6.15035E-2 1.56389E-3 4.99478E-4 1.64028E-4 3.3452E-4 6.42728E-6 3.40423E-6 2.00042E-5 1.02494E-4 2.00798E-5 9.06237E-6 8.88224E-6 3.4855E-5 2.62322E-5 4.54169E-6 5.01546E-6 7.68859E-6 9.81082E-6
1E0 1E0 1E0 1E0 1E0 1E0 1E0 1E0 1E0 9.99994E-1 1E0 9.99999E-1 1E0 9.99998E-1 9.99992E-1 9.99999E-1 9.95274E-1 9.97814E-1 9.96593E-1 9.91187E-1 9.99283E-1 9.99684E-1 9.90778E-1 9.85798E-1 9.92783E-1 9.89833E-1 9.9198E-1 9.42547E-1 6.32267E-1 7.54364E-1 9.8714E-1 9.44021E-1 9.79557E-1 9.97196E-1 9.98733E-1 9.77804E-1 9.0432E-1 7.24842E-1 6.33574E-1 3.02027E-1 2.68503E-1 3.30393E-1 5.54995E-1 1.50802E-1 2.09737E-1 6.80376E-1 8.64636E-1 9.2596E-1 8.70685E-1 6.14014E-1 3.77568E-1 3.45266E-1 2.58953E-1 7.11255E-3 1.63252E-3 1.77916E-4 6.20922E-5 9.96339E-4 1.12776E-4 1.14218E-4 5.76768E-4 1.63723E-4 6.68275E-5 1.848E-5 5.62382E-6 7.50773E-6 7.6568E-6 5.74254E-6 1.71285E-5 2.38825E-5 3.07438E-5
1E0 -9999 1E0 1E0 1E0 1E0 1E0 1E0 1E0 9.99839E-1 9.99998E-1 1E0 1E0 1E0 1E0 9.99694E-1 9.95472E-1 9.99077E-1 9.99917E-1 9.99579E-1 9.99947E-1 9.99992E-1 9.97254E-1 9.88815E-1 9.93717E-1 9.9603E-1 9.99149E-1 8.74686E-1 8.8166E-1 5.75027E-1 9.03575E-1 9.83279E-1 9.80469E-1 9.81172E-1 9.99592E-1 9.99769E-1 8.90258E-1 9.2979E-1 8.51135E-1 5.59674E-1 2.44921E-1 2.86377E-1 2.92417E-1 2.15906E-1 5.14179E-1 6.38498E-1 9.3392E-1 9.84263E-1 4.52164E-1 2.47664E-1 2.26817E-1 5.21533E-1 9.69643E-2 2.12918E-3 1.64887E-3 3.10695E-4 1.22078E-4 1.0124E-3 3.13684E-4 1.15606E-3 1.18696E-3 4.47066E-4 2.73472E-4 3.64483E-5 6.03741E-6 3.02427E-6 3.11612E-6 4.13949E-6 7.22432E-6 8.63169E-6 3.73944E-5
1E0 1E0 1E0 -9999 9.99999E-1 1E0 1E0 1E0 1E0 9.99993E-1 9.99947E-1 1E0 9.99999E-1 1E0 9.99999E-1 9.99909E-1 9.98195E-1 9.80126E-1 9.9989E-1 9.99407E-1 9.99687E-1 9.99837E-1 9.99498E-1 9.80285E-1 9.91975E-1 9.997E-1 9.95977E-1 8.98775E-1 8.95937E-1 7.7824E-1 8.59319E-1 7.17973E-1 9.22708E-1 9.58376E-1 9.96616E-1 9.93813E-1 9.71052E-1 9.58581E-1 9.07679E-1 8.5161E-1 7.08611E-1 5.67197E-1 3.0837E-1 5.58904E-1 8.99535E-1 8.28396E-1 8.9792E-1 9.87227E-1 9.44581E-1 5.91881E-1 5.5038E-1 4.87494E-1 1.06665E-1 1.33866E-3 5.56871E-4 1.58293E-4 2.65988E-4 3.26976E-3 2.32979E-3 2.89681E-3 1.23986E-3 7.4024E-4 2.96531E-4 7.26297E-5 7.99227E-6 2.42031E-6 2.94512E-6 3.86934E-6 4.59217E-6 3.90515E-6 1.53454E-5
1E0 1E0 1E0 1E0 1E0 -9999 9.99999E-1 1E0 9.99989E-1 1E0 1E0 9.99204E-1 9.99497E-1 9.99993E-1 9.99913E-1 9.99875E-1 9.91923E-1 9.96934E-1 9.99919E-1 9.99994E-1 9.99855E-1 9.99616E-1 9.96436E-1 9.99674E-1 9.99359E-1 9.99698E-1 9.97564E-1 9.7809E-1 9.3145E-1 9.95989E-1 9.39902E-1 8.25195E-1 8.45076E-1 9.24802E-1 9.98148E-1 8.5976E-1 8.5047E-1 9.49746E-1 9.28332E-1 9.61179E-1 9.37029E-1 7.07379E-1 4.20685E-1 8.03572E-1 9.86813E-1 9.68418E-1 8.36874E-1 9.40312E-1 9.30754E-1 7.5709E-1 5.39348E-1 3.37464E-1 7.63031E-2 1.66932E-3 2.23909E-4 2.5867E-4 6.61582E-4 4.34748E-3 2.65567E-3 3.42632E-4 4.70704E-5 2.62053E-5 1.69216E-5 8.14304E-6 2.49471E-6 7.46951E-6 1.07664E-5 1.51267E-5 4.09384E-5 6.79751E-6 5.02832E-6
1E0 1E0 1E0 1E0 1E0 1E0 9.99999E-1 1E0 9.99999E-1 1E0 1E0 9.99984E-1 9.99522E-1 9.99661E-1 9.97823E-1 9.9908E-1 9.99599E-1 9.93606E-1 9.99576E-1 9.99402E-1 9.9994E-1 9.99531E-1 9.9967E-1 9.93694E-1 9.70883E-1 9.92849E-1 9.93066E-1 9.82633E-1 8.12261E-1 8.47851E-1 9.60674E-1 9.98199E-1 9.8746E-1 9.24007E-1 9.08087E-1 9.32395E-1 8.63345E-1 6.14816E-1 7.81796E-1 8.95682E-1 8.69293E-1 7.27308E-1 6.04645E-1 8.83428E-1 9.96382E-1 9.97378E-1 9.62993E-1 6.77318E-1 6.13762E-1 7.32207E-1 4.6221E-1 3.03331E-1 9.15055E-2 7.05635E-3 2.89838E-4 2.21201E-3 4.55373E-3 2.15089E-3 7.91757E-4 4.09756E-5 1.50662E-5 1.24098E-5 1.10723E-5 2.58914E-6 4.86476E-6 6.49619E-6 7.93215E-6 7.7658E-5 1.67434E-4 2.84349E-5 2.46685E-5
1E0 1E0 1E0 1E0 1E0 1E0 1E0 1E0 1E0 1E0 1E0 9.99996E-1 1E0 9.99955E-1 1E0 9.99981E-1 9.87495E-1 9.99505E-1 9.99999E-1 1E0 9.99999E-1 9.97802E-1 9.91545E-1 9.83842E-1 9.9856E-1 9.99561E-1 9.80586E-1 9.79517E-1 9.89031E-1 9.88649E-1 9.92847E-1 9.99884E-1 9.95066E-1 9.96411E-1 9.8187E-1 9.02656E-1 9.05266E-1 8.71472E-1 8.80745E-1 9.44672E-1 9.93253E-1 9.75476E-1 6.07372E-1 8.68241E-1 9.37656E-1 9.98562E-1 9.3049E-1 4.50052E-1 3.54123E-1 1.53482E-1 1.19242E-1 1.88957E-1 4.95159E-2 5.99605E-3 3.52115E-4 4.89719E-4 1.15743E-3 7.85379E-4 4.04414E-4 2.03651E-4 3.24541E-4 8.15993E-5 7.87807E-6 4.92772E-6 7.91354E-6 1.73586E-5 4.33823E-5 6.63337E-5 1.24813E-4 2.04376E-4 1.24082E-4
1E0 1E0 1E0 1E0 1E0 1E0 1E0 9.99999E-1 1E0 9.99995E-1 1E0 1E0 1E0 9.99997E-1 9.99999E-1 9.98531E-1 9.98326E-1 9.99994E-1 9.99996E-1 9.99998E-1 9.99964E-1 9.82861E-1 9.91019E-1 9.8483E-1 9.99638E-1 9.99861E-1 9.10645E-1 9.68875E-1 9.74234E-1 9.95509E-1 9.98938E-1 9.97431E-1 9.93434E-1 9.08925E-1 6.94978E-1 9.5381E-1 9.70106E-1 9.99023E-1 9.97571E-1 9.83041E-1 9.97985E-1 9.55257E-1 7.71129E-1 9.00945E-1 9.6506E-1 9.16326E-1 2.26265E-1 7.05975E-1 3.23246E-1 2.49889E-1 1.39031E-1 9.00333E-2 4.70298E-2 2.20682E-2 3.86508E-4 7.51461E-5 2.54851E-4 1.39398E-3 3.22899E-3 2.03611E-3 8.50171E-4 2.00379E-4 1.40447E-5 1.47555E-5 4.11264E-6 1.60062E-5 1.82528E-5 2.46673E-5 1.00071E-4 1.61433E-4 1.05779E-4
1E0 1E0 1E0 1E0 1E0 9.99999E-1 1E0 9.99987E-1 9.99985E-1 9.99986E-1 1E0 1E0 1E0 9.99993E-1 9.99999E-1 9.99999E-1 9.98322E-1 9.99994E-1 9.9983E-1 9.99294E-1 9.9533E-1 9.94146E-1 9.99612E-1 9.9057E-1 9.97913E-1 9.83635E-1 9.96719E-1 9.78303E-1 8.5218E-1 8.42226E-1 9.13283E-1 8.91074E-1 9.34598E-1 8.62842E-1 5.0665E-1 6.64361E-1 8.79608E-1 9.9388E-1 9.83724E-1 9.97052E-1 9.99432E-1 9.97003E-1 5.95884E-1 5.31464E-1 5.39265E-1 5.26798E-1 5.41064E-1 8.61595E-1 8.11786E-1 6.15879E-1 1.99524E-1 3.54522E-1 1.15154E-1 5.18701E-2 2.08105E-3 5.82512E-5 7.19018E-5 3.95689E-5 1.07236E-3 4.01731E-3 1.43484E-3 6.72363E-4 2.45483E-5 1.3264E-5 8.02255E-6 9.97824E-6 8.22868E-5 1.01252E-4 1.10742E-5 2.86854E-5 2.26178E-4
1E0 1E0 1E0 1E0 9.99965E-1 1E0 1E0 9.99995E-1 1E0 9.99836E-1 1E0 1E0 9.99999E-1 -9999 1E0 1E0 -9999 1E0 9.9995E-1 9.99876E-1 9.99428E-1 9.99996E-1 9.99985E-1 9.99856E-1 9.9992E-1 9.99992E-1 9.99999E-1 9.7076E-1 8.74789E-1 8.30673E-1 9.9731E-1 9.94044E-1 9.10413E-1 8.23178E-1 7.84258E-1 5.09763E-1 9.07162E-1 9.81616E-1 9.42904E-1 9.58486E-1 9.16635E-1 9.35781E-1 4.31771E-1 4.98151E-1 7.89344E-1 4.60709E-1 8.77393E-1 8.44228E-1 7.49784E-1 4.53344E-1 5.16774E-1 5.55903E-1 3.4173E-1 1.17893E-1 7.46219E-2 8.22915E-3 8.8465E-5 4.96632E-5 7.41251E-4 4.31773E-3 1.16379E-3 4.25077E-4 2.33665E-5 1.56593E-5 9.34606E-6 9.19386E-6 2.34637E-4 1.4915E-4 2.37218E-5 2.14016E-4 -9999
1E0 1E0 1E0 1E0 9.99981E-1 1E0 1E0 1E0 1E0 1E0 9.99989E-1 9.9995E-1 9.99992E-1 1E0 1E0 1E0 1E0 1E0 9.99999E-1 9.98401E-1 9.99366E-1 9.99869E-1 1E0 9.95545E-1 9.95639E-1 9.9992E-1 9.99999E-1 9.94017E-1 9.96715E-1 9.36099E-1 9.6943E-1 9.69307E-1 8.83528E-1 9.58845E-1 8.44199E-1 8.72934E-1 9.99136E-1 9.74195E-1 9.2614E-1 9.04947E-1 8.21294E-1 9.72643E-1 9.4724E-1 8.39916E-1 5.66751E-1 8.13892E-1 9.57758E-1 9.39981E-1 9.21015E-1 9.38685E-1 9.24394E-1 6.30713E-1 2.10684E-1 7.74126E-2 1.58604E-1 1.07179E-1 1.84296E-3 1.54779E-4 3.34097E-3 3.19299E-3 3.1888E-3 9.3931E-4 2.61517E-5 1.72573E-5 4.29191E-6 2.04156E-5 1.70504E-4 7.32423E-5 1.05644E-4 4.20812E-5 -9999
1E0 1E0 1E0 9.99985E-1 1E0 9.99999E-1 1E0 1E0 1E0 1E0 1E0 1E0 1E0 1E0 1E0 9.99901E-1 9.99993E-1 9.99912E-1 9.92759E-1 9.92461E-1 9.96838E-1 9.99994E-1 9.94689E-1 9.99849E-1 9.96056E-1 9.92201E-1 9.9743E-1 9.98466E-1 9.99845E-1 9.96063E-1 9.96771E-1 9.99896E-1 9.93537E-1 9.98668E-1 9.30247E-1 9.03026E-1 9.91725E-1 9.67833E-1 9.99627E-1 9.98875E-1 9.91315E-1 8.56141E-1 5.38783E-1 6.33805E-1 3.69774E-1 7.00992E-1 7.53751E-1 6.4205E-1 7.65689E-1 8.86458E-1 8.05104E-1 5.4786E-1 1.09459E-1 1.31037E-1 1.8779E-1 1.1549E-1 1.91774E-2 8.45979E-3 2.79375E-3 7.53184E-4 4.70034E-4 1.11375E-4 2.77037E-5 8.34154E-6 4.53404E-6 2.15206E-5 7.50759E-5 1.11889E-4 5.90125E-5 -9999 -9999
1E0 1E0 1E0 1E0 1E0 9.99988E-1 9.99996E-1 1E0 1E0 9.99999E-1 9.99978E-1 9.99999E-1 1E0 9.99996E-1 9.98577E-1 9.98534E-1 9.99998E-1 -9999 9.89141E-1 9.9942E-1 9.99917E-1 9.99986E-1 9.99978E-1 9.87677E-1 9.99033E-1 9.89944E-1 9.78572E-1 9.98623E-1 9.83598E-1 9.99963E-1 9.99642E-1 9.93062E-1 9.93059E-1 9.46052E-1 9.56319E-1 9.97284E-1 9.97962E-1 9.92986E-1 9.9914E-1 9.99584E-1 9.86493E-1 7.20039E-1 4.94001E-1 4.43676E-1 6.7851E-1 9.67995E-1 9.60054E-1 9.84653E-1 9.56846E-1 8.75022E-1 3.66422E-1 3.35104E-1 4.03168E-1 2.67426E-1 7.61223E-2 4.78204E-3 3.0008E-4 2.10484E-3 8.07375E-4 3.67605E-4 2.68529E-4 1.23293E-5 8.89046E-6 1.75367E-6 2.69749E-6 3.17545E-5 1.64397E-4 9.219E-5 6.1284E-5 -9999 -9999
1E0 1E0 1E0 1E0 1E0 9.99994E-1 9.99997E-1 9.99999E-1 1E0 1E0 9.99976E-1 9.99992E-1 9.99996E-1 9.9989E-1 9.9989E-1 9.99987E-1 1E0 9.99976E-1 9.99135E-1 9.99975E-1 9.99999E-1 9.99965E-1 1E0 9.99963E-1 9.99867E-1 9.91489E-1 9.64486E-1 9.74517E-1 9.97943E-1 9.9858E-1 9.97048E-1 9.99843E-1 9.99961E-1 9.37649E-1 9.98179E-1 9.242E-1 7.79322E-1 9.70634E-1 9.93064E-1 9.98459E-1 9.87853E-1 5.11139E-1 2.55601E-1 3.82328E-1 7.4581E-1 9.54493E-1 9.68292E-1 9.98465E-1 9.73854E-1 9.45352E-1 6.60868E-1 4.46146E-1 1.40435E-1 8.4904E-2 1.23027E-2 2.17493E-3 8.56752E-5 3.05079E-4 2.99703E-4 6.71946E-5 9.15049E-6 7.36331E-6 9.50528E-6 5.36084E-6 9.82198E-6 8.6447E-5 1.32435E-4 9.3472E-5 -9999 -9999 -9999
1E0 1E0 1E0 1E0 1E0 9.99999E-1 9.99999E-1 9.99998E-1 9.99996E-1 1E0 9.99993E-1 9.99989E-1 9.99999E-1 9.99998E-1 9.99961E-1 9.99986E-1 9.99998E-1 9.99831E-1 9.99652E-1 9.89962E-1 9.99994E-1 9.99996E-1 1E0 1E0 1E0 9.99783E-1 9.99654E-1 9.96344E-1 9.95138E-1 9.99248E-1 9.96913E-1 9.99879E-1 9.99998E-1 9.98565E-1 9.84165E-1 6.52953E-1 7.5648E-1 9.79008E-1 9.9755E-1 9.99478E-1 9.93627E-1 3.16915E-1 2.37126E-1 2.72426E-1 8.23554E-1 9.96548E-1 9.96387E-1 9.97905E-1 8.80607E-1 9.77926E-1 6.14611E-1 1.42998E-1 1.62104E-2 1.78462E-2 6.25311E-3 1.99924E-4 4.26449E-5 3.58252E-5 1.11531E-4 2.45101E-5 7.79166E-6 7.9222E-6 3.22194E-6 1.08084E-5 1.57339E-5 1.9088E-5 7.08954E-5 1.16062E-4 -9999 -9999 -9999
1E0 1E0 1E0 1E0 1E0 9.99774E-1 9.99997E-1 9.99972E-1 9.99995E-1 9.99986E-1 9.9996E-1 9.99873E-1 9.99963E-1 9.9993E-1 1E0 9.99989E-1 9.99783E-1 9.99988E-1 9.99994E-1 9.99837E-1 9.99805E-1 1E0 1E0 1E0 1E0 1E0 1E0 1E0 9.99817E-1 9.961E-1 9.99958E-1 1E0 1E0 9.77175E-1 9.87052E-1 6.36882E-1 4.8107E-1 9.82526E-1 9.8589E-1 9.61472E-1 9.8988E-1 8.93531E-1 4.07522E-1 3.74963E-1 7.43931E-1 6.70565E-1 6.94772E-1 7.77032E-1 5.93813E-1 9.26884E-1 6.75507E-1 7.7988E-2 8.81293E-3 6.05914E-2 4.77258E-2 8.93456E-4 4.33372E-5 1.88301E-4 2.80195E-3 2.99834E-4 1.05141E-5 5.97037E-6 1.42338E-6 3.14192E-5 5.52129E-5 1.30876E-4 1.17708E-4 -9999 -9999 -9999 -9999
9.99999E-1 9.99999E-1 1E0 1E0 1E0 1E0 9.99996E-1 9.99999E-1 9.99892E-1 9.99909E-1 9.99955E-1 9.99959E-1 9.99998E-1 9.99959E-1 9.9999E-1 1E0 1E0 9.99998E-1 9.99155E-1 9.99998E-1 9.99999E-1 9.99984E-1 -9999 1E0 1E0 1E0 1E0 1E0 1E0 1E0 9.9998E-1 9.99735E-1 9.97234E-1 7.6305E-1 9.60267E-1 7.12934E-1 3.46241E-1 6.6649E-1 9.85854E-1 9.85499E-1 9.0239E-1 8.13867E-1 9.75503E-1 9.20668E-1 9.24462E-1 8.95006E-1 7.69344E-1 9.02942E-1 8.00159E-1 6.72733E-1 1.96608E-1 4.72536E-2 5.09453E-2 3.89955E-2 6.21409E-2 2.24488E-3 3.9289E-5 1.19577E-3 6.22087E-3 4.62501E-4 1.68844E-5 7.15863E-6 2.83373E-6 2.02715E-5 7.34626E-5 3.06073E-4 4.82054E-4 -9999 -9999 -9999 -9999
1E0 9.99997E-1 1E0 1E0 1E0 1E0 1E0 1E0 9.99452E-1 9.99996E-1 9.9996E-1 9.99976E-1 9.99995E-1 1E0 9.99996E-1 1E0 1E0 1E0 1E0 1E0 1E0 9.99834E-1 1E0 -9999 1E0 1E0 1E0 1E0 1E0 1E0 9.99913E-1 9.99873E-1 9.99953E-1 9.85406E-1 8.48794E-1 9.92348E-1 5.79788E-1 2.65085E-1 8.65635E-1 9.73845E-1 9.4447E-1 9.96462E-1 7.22259E-1 4.91513E-1 8.49158E-1 9.69005E-1 9.58946E-1 9.60869E-1 7.05473E-1 3.6017E-1 2.38623E-1 1.76203E-1 1.65833E-1 1.06864E-1 8.24246E-2 5.54357E-4 2.37345E-5 1.53455E-4 7.51829E-4 1.22009E-4 6.29625E-6 3.52439E-6 8.50811E-6 6.27489E-6 1.03722E-5 1.17958E-4 -9999 -9999 -9999 -9999 -9999
9.99999E-1 1E0 1E0 1E0 1E0 1E0 9.99997E-1 9.99994E-1 9.99986E-1 9.99994E-1 1E0 9.99995E-1 9.99996E-1 9.99723E-1 1E0 1E0 9.99982E-1 1E0 1E0 1E0 1E0 9.99854E-1 -9999 1E0 1E0 9.99983E-1 9.99999E-1 1E0 9.99993E-1 9.99998E-1 9.99975E-1 9.99955E-1 9.99886E-1 7.49675E-1 9.93855E-1 9.79942E-1 7.23613E-1 6.95931E-1 9.26935E-1 9.68721E-1 7.87892E-1 9.56709E-1 7.21731E-1 5.13437E-1 8.68518E-1 9.36913E-1 9.42365E-1 9.63788E-1 8.54255E-1 2.49315E-1 5.81874E-2 6.86044E-2 1.13324E-1 9.42716E-2 2.53186E-2 1.62883E-4 3.09852E-5 6.61669E-5 3.55919E-5 8.37459E-6 5.02445E-6 7.51107E-6 1.11964E-5 8.29769E-6 1.03188E-5 -9999 -9999 -9999 -9999 -9999 -9999
9.99999E-1 9.99993E-1 9.99993E-1 1E0 9.99997E-1 9.99999E-1 1E0 1E0 1E0 1E0 1E0 1E0 9.99999E-1 9.9992E-1 9.99997E-1 1E0 9.99999E-1 9.99822E-1 1E0 9.99997E-1 9.99999E-1 9.99966E-1 1E0 9.99999E-1 9.97002E-1 9.98897E-1 9.99996E-1 9.98578E-1 9.92228E-1 9.98604E-1 9.9999E-1 9.9982E-1 9.98838E-1 9.7553E-1 9.80594E-1 5.64104E-1 8.69042E-1 9.63829E-1 8.68873E-1 8.8298E-1 8.59403E-1 5.73267E-1 7.56156E-1 7.65942E-1 8.11967E-1 8.44663E-1 8.80803E-1 9.32679E-1 7.64149E-1 3.19528E-1 7.3731E-2 5.13988E-2 1.82618E-1 7.14645E-2 2.2847E-3 8.44234E-5 6.33435E-4 2.97212E-4 5.81885E-5 1.09559E-5 6.60601E-7 1.20602E-5 3.40703E-5 9.19727E-5 3.07702E-5 -9999 -9999 -9999 -9999 -9999 -9999
9.99995E-1 9.99997E-1 9.99934E-1 9.99999E-1 9.99998E-1 9.99956E-1 1E0 1E0 1E0 9.99999E-1 9.99999E-1 1E0 9.99989E-1 9.99998E-1 9.99992E-1 9.99997E-1 9.99997E-1 9.99996E-1 1E0 9.99992E-1 9.99984E-1 9.98459E-1 9.99973E-1 9.92894E-1 9.74369E-1 9.99981E-1 9.99965E-1 9.99547E-1 9.99028E-1 9.9926E-1 9.99991E-1 9.9451E-1 9.76594E-1 9.11115E-1 8.91758E-1 9.55518E-1 8.46593E-1 9.49705E-1 9.62688E-1 7.25696E-1 6.16944E-1 5.15475E-1 8.59917E-1 9.98439E-1 7.77004E-1 6.55167E-1 7.7194E-1 8.36846E-1 3.59738E-1 9.44208E-2 4.03706E-2 7.43395E-2 1.90903E-1 2.16529E-2 7.89499E-4 4.3102E-5 4.35657E-5 3.79178E-5 1.19878E-5 3.80422E-6 5.17689E-6 5.43076E-6 4.72348E-5 3.98727E-5 -9999 -9999 -9999 -9999 -9999 -9999 -9999
9.99998E-1 9.99994E-1 9.99902E-1 9.99992E-1 9.99999E-1 9.99999E-1 9.99988E-1 9.99999E-1 9.99999E-1 9.99993E-1 9.99999E-1 9.99999E-1 9.99267E-1 9.99674E-1 9.99983E-1 1E0 9.99988E-1 9.99963E-1 9.99998E-1 9.99998E-1 9.98769E-1 9.5758E-1 7.98131E-1 9.88228E-1 9.99578E-1 9.83954E-1 9.67991E-1 9.9713E-1 9.99776E-1 9.99985E-1 9.99881E-1 9.89224E-1 8.59485E-1 9.49264E-1 9.52374E-1 9.95943E-1 9.39274E-1 8.77586E-1 9.4014E-1 9.60283E-1 8.77007E-1 3.90531E-1 6.5089E-1 9.89082E-1 9.18587E-1 8.12557E-1 6.2068E-1 7.42708E-1 8.1227E-2 1.26967E-2 8.89102E-3 2.2435E-2 4.71939E-2 2.03456E-2 4.37243E-4 1.04766E-4 1.67185E-4 1.03646E-4 1.52783E-5 9.8366E-6 3.74974E-6 7.64204E-6 7.7008E-6 2.22683E-5 -9999 -9999 -9999 -9999 -9999 -9999 -9999
9.99973E-1 9.99908E-1 9.99988E-1 9.99999E-1 9.99464E-1 9.99999E-1 9.99929E-1 9.99855E-1 9.99998E-1 9.99964E-1 9.99985E-1 9.99961E-1 9.99995E-1 1E0 1E0 1E0 1E0 9.99997E-1 1E0 9.99999E-1 9.70643E-1 7.27866E-1 8.24852E-1 9.97231E-1 9.99989E-1 9.99993E-1 9.99199E-1 9.9997E-1 9.99225E-1 9.94654E-1 9.99903E-1 9.65947E-1 8.69332E-1 9.71606E-1 9.08445E-1 9.91414E-1 9.82935E-1 9.35281E-1 5.23866E-1 6.06597E-1 7.9532E-1 4.17057E-1 8.03767E-1 9.80553E-1 9.91802E-1 9.73336E-1 4.36217E-1 2.62932E-1 1.42352E-1 1.36714E-2 4.76161E-3 3.67115E-3 5.75501E-3 3.07368E-2 2.5514E-3 2.29737E-4 1.78798E-4 3.25451E-4 7.7919E-5 7.8863E-6 1.27033E-5 7.45939E-5 4.67231E-5 1.0369E-4 -9999 -9999 -9999 -9999 -9999 -9999 -9999
9.99986E-1 9.99623E-1 9.99987E-1 9.99991E-1 9.99998E-1 9.99891E-1 9.99999E-1 1E0 9.99916E-1 9.99947E-1 9.99721E-1 9.99998E-1 1E0 9.99917E-1 1E0 9.99995E-1 9.99994E-1 1E0 9.99997E-1 9.99812E-1 9.96607E-1 9.47767E-1 9.71241E-1 9.99868E-1 9.9877E-1 9.95625E-1 9.93216E-1 9.9897E-1 9.97344E-1 9.5896E-1 9.98935E-1 9.99774E-1 9.89946E-1 9.96796E-1 9.90515E-1 9.69966E-1 7.95801E-1 7.78128E-1 2.74819E-1 4.46E-1 5.60372E-1 3.8073E-1 6.93254E-1 9.47419E-1 9.64567E-1 8.30279E-1 4.84539E-1 1.57302E-1 1.12104E-1 3.08076E-2 4.8938E-3 1.57207E-3 4.04023E-4 3.81817E-3 6.24092E-3 1.09624E-3 4.37084E-5 2.19704E-5 2.0475E-5 1.13067E-5 3.48764E-5 2.82023E-4 2.72607E-4 -9999 -9999 -9999 -9999 -9999 -9999 -9999 -9999
9.99995E-1 1E0 1E0 1E0 9.99998E-1 9.99991E-1 9.99954E-1 9.93841E-1 9.99964E-1 9.99905E-1 9.97327E-1 9.86551E-1 9.9994E-1 1E0 1E0 9.9996E-1 9.99911E-1 9.99989E-1 9.99899E-1 9.83715E-1 9.99426E-1 9.95423E-1 9.93194E-1 9.97398E-1 9.9612E-1 9.92591E-1 9.95781E-1 9.98792E-1 9.86277E-1 9.71528E-1 9.89976E-1 9.88817E-1 9.59565E-1 9.95825E-1 9.87305E-1 7.94206E-1 7.44478E-1 3.47783E-1 3.43565E-1 7.33726E-1 4.96816E-1 5.6052E-1 8.36712E-1 8.49888E-1 7.74098E-1 7.62977E-1 7.6048E-1 5.65455E-1 1.89545E-1 3.24241E-2 5.81802E-4 4.00588E-4 3.2082E-4 2.0841E-4 8.65618E-4 9.73935E-4 1.01925E-4 9.32836E-6 1.32046E-5 1.82961E-4 2.60348E-4 1.89665E-4 2.32361E-4 -9999 -9999 -9999 -9999 -9999 -9999 -9999 -9999
1E0 1E0 1E0 9.9998E-1 9.99971E-1 9.99997E-1 9.99933E-1 9.9877E-1 9.99997E-1 9.99996E-1 9.99999E-1 9.82438E-1 9.99999E-1 9.99997E-1 9.99996E-1 9.99936E-1 9.81526E-1 9.86288E-1 9.60522E-1 9.95187E-1 9.99646E-1 9.99839E-1 9.88361E-1 9.55634E-1 9.88859E-1 9.52894E-1 5.94582E-1 8.11526E-1 5.62547E-1 5.90708E-1 5.9169E-1 5.53756E-1 6.28755E-1 9.48118E-1 6.65609E-1 8.08888E-1 8.38623E-1 6.54385E-1 6.67673E-1 9.1975E-1 5.0263E-1 8.76562E-1 9.86729E-1 9.4647E-1 6.98242E-1 7.46414E-1 4.81596E-1 2.25352E-1 9.31349E-2 5.03152E-2 2.05041E-2 2.18497E-2 7.3253E-3 1.85871E-4 9.02377E-5 7.53134E-4 7.62027E-5 1.6108E-5 3.33496E-5 3.98389E-4 1.35171E-3 2.37956E-4 6.20088E-4 -9999 -9999 -9999 -9999 -9999 -9999 -9999 -9999
9.99995E-1 9.99955E-1 9.99983E-1 9.99876E-1 9.99991E-1 9.98884E-1 9.9996E-1 9.99967E-1 9.99908E-1 9.99958E-1 9.99894E-1 9.99999E-1 9.99971E-1 9.98878E-1 9.9999E-1 9.9997E-1 9.84946E-1 9.42548E-1 7.84862E-1 9.87744E-1 9.99931E-1 9.99996E-1 9.73343E-1 7.38513E-1 9.35982E-1 6.75087E-1 5.25621E-1 3.80461E-1 3.22573E-1 3.63465E-1 3.85128E-1 2.48404E-1 5.62743E-1 8.90142E-1 9.6284E-1 8.89286E-1 3.41632E-1 4.81699E-1 7.80177E-1 7.19876E-1 5.30146E-1 9.27316E-1 9.96055E-1 9.74727E-1 9.28407E-1 9.56472E-1 8.30956E-1 3.27738E-1 7.43568E-2 3.81948E-1 3.62714E-1 1.85698E-1 3.13032E-2 2.85105E-4 6.38127E-5 1.56831E-5 7.21028E-6 1.39725E-5 2.49032E-4 8.61293E-4 3.60127E-4 1.60347E-3 1.529E-3 -9999 -9999 -9999 -9999 -9999 -9999 -9999 -9999
1E0 1E0 9.99992E-1 1E0 9.99452E-1 9.93136E-1 9.98221E-1 9.97577E-1 9.97138E-1 9.98839E-1 9.93783E-1 9.9965E-1 9.99655E-1 9.99998E-1 9.99127E-1 9.97271E-1 9.7801E-1 9.91145E-1 9.50321E-1 9.98062E-1 1E0 9.96638E-1 8.4167E-1 9.65012E-1 6.9335E-1 8.34951E-1 5.55078E-1 2.12767E-1 9.16763E-2 4.34025E-2 1.10773E-1 3.087E-1 6.65579E-1 8.90064E-1 9.92579E-1 9.59652E-1 1.69317E-1 2.31407E-1 3.37068E-1 8.05279E-1 4.81963E-1 8.52989E-1 8.32745E-1 9.96552E-1 9.09741E-1 6.35181E-1 3.75185E-1 2.42985E-1 5.79136E-2 1.09685E-1 1.35327E-1 2.23834E-2 3.45479E-3 8.80528E-4 1.10579E-3 2.99542E-5 1.6971E-5 1.4803E-4 2.03931E-4 3.6553E-4 1.44255E-3 2.71326E-3 1.84009E-3 -9999 -9999 -9999 -9999 -9999 -9999 -9999 -9999
9.99999E-1 9.99966E-1 9.99995E-1 1E0 9.99978E-1 9.94118E-1 9.96974E-1 9.89776E-1 9.6556E-1 9.86008E-1 9.98528E-1 9.99997E-1 9.97866E-1 9.9996E-1 9.99845E-1 9.97341E-1 9.83793E-1 9.71947E-1 9.95308E-1 9.99832E-1 9.99999E-1 9.43261E-1 9.87726E-1 9.95094E-1 9.46805E-1 9.42672E-1 9.17648E-1 7.35787E-1 5.56105E-1 1.69697E-1 4.72052E-1 5.31394E-1 9.18758E-1 9.90854E-1 9.99946E-1 9.69297E-1 6.92295E-1 2.79591E-1 3.82469E-1 5.83785E-1 7.45091E-1 6.36101E-1 8.20639E-1 6.59247E-1 3.5067E-1 8.29563E-2 5.87181E-2 5.33689E-2 6.66583E-2 1.94917E-2 4.89378E-2 2.26474E-2 5.85556E-3 8.48411E-3 1.10605E-3 1.05983E-4 8.41545E-5 8.73671E-4 5.4082E-4 7.05417E-4 8.48379E-4 2.96917E-3 1.52107E-3 -9999 -9999 -9999 -9999 -9999 -9999 -9999 -9999
1E0 1E0 1E0 9.99975E-1 9.99988E-1 9.85613E-1 9.95615E-1 8.8451E-1 7.92425E-1 9.66328E-1 9.70325E-1 9.98842E-1 8.9616E-1 9.99263E-1 9.95634E-1 9.99302E-1 9.91763E-1 9.95207E-1 9.99739E-1 9.99768E-1 9.99767E-1 9.92673E-1 9.82167E-1 8.79166E-1 7.07427E-1 8.94484E-1 9.48516E-1 7.75034E-1 9.10064E-1 3.72494E-1 4.19337E-1 6.12814E-1 9.82623E-1 9.99909E-1 9.99997E-1 7.93904E-1 9.27418E-1 5.2516E-1 7.65622E-1 3.51148E-1 3.11407E-1 4.21619E-1 3.31126E-1 3.58215E-1 7.32235E-1 2.07511E-1 4.14885E-2 1.79148E-2 1.60504E-2 1.63352E-2 2.57947E-2 1.93346E-2 2.11126E-2 3.48241E-3 1.00504E-3 9.44542E-5 4.47679E-5 1.51796E-3 1.8282E-3 2.31394E-3 2.74639E-3 1.95843E-3 1.52377E-3 -9999 -9999 -9999 -9999 -9999 -9999 -9999 -9999
1E0 1E0 1E0 9.9998E-1 1E0 9.99998E-1 9.98768E-1 9.20466E-1 9.03787E-1 9.88391E-1 9.4335E-1 9.21862E-1 9.9972E-1 9.99729E-1 9.99967E-1 9.99995E-1 9.99823E-1 9.98809E-1 9.97715E-1 9.97221E-1 9.77422E-1 9.96946E-1 9.98902E-1 6.85149E-1 4.51644E-1 6.9327E-1 6.76611E-1 8.14809E-1 9.4999E-1 7.55494E-1 5.69575E-1 8.4982E-1 9.96318E-1 9.99999E-1 9.9736E-1 5.41707E-1 6.84246E-1 7.65143E-1 8.21201E-1 3.71243E-1 3.33845E-1 3.1369E-1 4.57364E-1 2.08056E-1 6.22573E-1 3.55675E-1 1.70016E-1 1.03259E-1 6.06023E-3 6.63963E-4 2.95232E-3 1.6011E-2 9.85819E-3 2.82717E-3 2.78003E-4 1.70631E-4 6.47531E-4 5.66862E-4 1.14708E-3 4.14467E-3 5.77648E-3 3.31071E-4 2.10318E-4 -9999 -9999 -9999 -9999 -9999 -9999 -9999 -9999
