ENM/Final_Models/M_1_F_q_Set_1_E/Gustavia_santanderiensis_5_Choco.asc
ncols         367
nrows         963
xllcorner     -78.6
yllcorner     0.65
cellsize      0.00833333333333323
NODATA_value  -9999
[rows 495 to 527 of 963, columns 219 to 291 of 367]
1E0 1E0 1E0 9.99981E-1 9.99993E-1 1E0 1E0 1E0 1E0 1E0 1E0 1E0 1E0 1E0 1E0 1E0 1E0 9.9872E-1 9.72233E-1 9.80057E-1 6.67487E-1 6.83079E-1 9.1116E-1 1E0 1E0 9.99996E-1 9.97165E-1 5.6566E-1 1.00891E-1 1.07308E-1 3.55462E-1 9.77082E-1 2.26067E-1 1.88845E-1 5.79723E-2 4.2869E-2 1.19579E-2 1.53513E-2 1.44806E-2 1.95164E-2 4.34897E-2 3.14153E-2 9.37958E-2 1.55567E-2 1.41987E-2 1.04006E-2 1.34096E-3 5.66649E-3 4.35311E-2 2.24614E-2 4.75502E-2 2.89895E-2 1.16681E-2 3.44035E-2 2.16996E-3 1.4297E-1 2.06887E-1 1.03573E-2 1.25157E-2 1.17238E-2 4.4056E-3 1.21392E-2 1.30872E-2 4.92497E-3 1.64751E-2 4.84822E-3 -9999 -9999 -9999 -9999 -9999 -9999 -9999
1E0 1E0 1E0 1E0 1E0 1E0 1E0 1E0 1E0 1E0 1E0 1E0 1E0 1E0 1E0 1E0 1E0 9.92626E-1 9.97902E-1 9.9188E-1 9.94062E-1 9.99771E-1 9.99838E-1 1E0 9.99998E-1 9.99556E-1 9.67667E-1 6.84779E-1 1.65646E-1 1.76185E-1 6.53606E-1 8.97264E-1 6.02618E-1 3.82132E-1 1.33098E-1 4.26593E-2 3.93766E-2 6.97263E-2 7.5691E-2 9.56983E-2 1.11933E-1 8.93574E-2 1.60978E-2 9.22154E-3 1.27837E-3 9.32738E-3 9.90502E-3 6.16239E-3 3.83554E-2 1.08946E-2 3.73805E-2 2.50077E-2 4.02425E-2 5.22524E-2 1.72568E-2 2.13497E-1 5.08034E-2 2.66014E-2 2.73987E-2 4.85177E-3 1.44636E-2 3.24377E-3 2.37147E-2 2.7194E-2 2.29557E-3 5.12517E-3 -9999 -9999 -9999 -9999 -9999 -9999 -9999
1E0 1E0 1E0 1E0 1E0 9.99995E-1 1E0 9.9982E-1 9.99203E-1 9.9993E-1 1E0 1E0 1E0 1E0 1E0 1E0 1E0 9.99986E-1 9.96323E-1 9.99993E-1 9.99934E-1 9.99971E-1 9.99997E-1 1E0 9.99997E-1 9.99968E-1 9.96587E-1 9.4337E-1 9.96986E-1 9.99829E-1 1E0 9.9998E-1 9.99985E-1 9.99997E-1 9.92635E-1 5.6159E-1 2.47908E-1 5.20913E-1 2.44425E-1 7.20904E-2 9.69121E-2 3.11355E-2 1.22478E-2 4.08863E-3 4.80131E-3 5.01443E-3 1.92856E-2 2.3287E-2 7.91661E-2 2.22868E-2 2.90419E-2 2.06889E-2 2.02433E-2 7.35999E-3 9.54609E-2 8.38613E-2 1.30395E-1 6.41166E-2 5.10262E-2 7.41686E-3 1.68604E-2 1.66121E-2 3.67238E-2 1.67756E-2 1.36686E-2 1.47014E-2 -9999 -9999 -9999 -9999 -9999 -9999 -9999
1E0 1E0 1E0 1E0 1E0 9.99999E-1 9.99898E-1 1E0 1E0 9.99996E-1 1E0 1E0 1E0 1E0 1E0 1E0 1E0 9.98905E-1 9.99284E-1 9.99209E-1 9.99996E-1 9.99999E-1 1E0 9.99999E-1 1E0 1E0 9.99235E-1 9.96266E-1 9.99957E-1 9.99995E-1 9.99358E-1 9.99844E-1 9.9973E-1 9.77377E-1 9.28387E-1 1.11111E-1 3.22746E-2 4.02259E-2 1.44863E-1 4.88881E-2 2.09326E-2 7.75414E-2 3.96829E-3 1.78893E-3 1.07545E-2 2.93983E-2 3.1956E-2 6.6525E-2 4.13094E-2 8.12099E-2 1.24623E-2 1.90378E-2 3.31215E-3 8.20079E-2 1.16139E-1 9.97729E-2 3.37605E-2 2.01459E-2 1.44322E-2 1.16057E-2 2.0282E-2 2.48903E-2 2.06438E-2 1.25686E-2 8.75755E-2 1.2393E-1 -9999 -9999 -9999 -9999 -9999 -9999 -9999
1E0 1E0 1E0 1E0 1E0 1E0 1E0 9.99998E-1 9.99989E-1 9.99991E-1 9.99972E-1 1E0 9.99999E-1 1E0 1E0 1E0 9.99998E-1 9.95948E-1 9.89443E-1 9.99995E-1 9.99994E-1 9.99993E-1 1E0 1E0 1E0 1E0 1E0 1E0 1E0 9.99992E-1 9.9931E-1 9.54485E-1 9.62776E-1 9.62144E-1 7.76906E-1 6.68527E-2 1.05018E-2 4.36512E-2 9.20956E-2 4.51155E-2 1.75682E-2 5.60416E-2 5.66617E-2 3.00075E-2 2.30005E-2 2.97961E-2 5.23037E-2 1.33943E-2 7.36325E-3 7.26405E-2 3.45422E-2 2.96221E-2 3.3951E-2 2.38355E-1 4.27464E-2 2.51227E-2 3.39629E-2 2.18257E-2 4.93553E-2 4.23521E-2 3.88E-3 3.08874E-2 1.58789E-2 5.13349E-2 7.49772E-2 -9999 -9999 -9999 -9999 -9999 -9999 -9999 -9999
1E0 1E0 1E0 1E0 1E0 1E0 1E0 1E0 1E0 9.99999E-1 9.99996E-1 9.99999E-1 1E0 9.9998E-1 9.99985E-1 1E0 1E0 9.28038E-1 9.78779E-1 9.91713E-1 9.98283E-1 1E0 1E0 1E0 9.99996E-1 1E0 1E0 9.99999E-1 9.99448E-1 7.34851E-1 3.4706E-1 9.91707E-2 8.28493E-2 8.69281E-2 6.58216E-2 5.48942E-2 5.62231E-2 8.48059E-2 2.4491E-2 1.39452E-2 1.63601E-2 5.60077E-2 7.84452E-2 1.89187E-1 3.19486E-2 1.05375E-1 8.20889E-2 2.25565E-2 5.82888E-2 1.6056E-1 2.08654E-1 1.15951E-1 8.01047E-2 1.27123E-1 2.25103E-2 1.0222E-2 4.46018E-2 9.58585E-2 9.02921E-2 3.09731E-2 1.83697E-2 1.07569E-2 1.0191E-2 1.40791E-2 2.58993E-2 -9999 -9999 -9999 -9999 -9999 -9999 -9999 -9999
1E0 1E0 1E0 1E0 1E0 1E0 1E0 1E0 1E0 1E0 9.99328E-1 9.99999E-1 1E0 1E0 9.99978E-1 1E0 9.99984E-1 9.71212E-1 7.81235E-1 9.9602E-1 9.95446E-1 9.99953E-1 9.99997E-1 1E0 9.99995E-1 9.98178E-1 9.7566E-1 9.78803E-1 7.29979E-1 3.04519E-1 1.30165E-1 3.80293E-2 3.70192E-2 1.06526E-1 3.72914E-2 2.06983E-2 1.50848E-2 6.11175E-2 1.18667E-2 3.21177E-2 7.13631E-2 8.70982E-2 1.36325E-1 1.71958E-1 1.25085E-1 2.21839E-2 4.75562E-2 2.02728E-2 2.65265E-1 2.03181E-1 1.05798E-1 3.66159E-2 1.79903E-2 1.66663E-2 2.25204E-2 2.15048E-3 4.59256E-2 4.48884E-2 5.72217E-2 3.56654E-2 4.00688E-2 1.52917E-2 2.3956E-2 1.87562E-2 3.08936E-2 -9999 -9999 -9999 -9999 -9999 -9999 -9999 -9999
1E0 1E0 1E0 1E0 1E0 1E0 1E0 9.99998E-1 1E0 9.99999E-1 1E0 1E0 1E0 1E0 1E0 1E0 1E0 9.29998E-1 8.13902E-1 9.87359E-1 9.9996E-1 9.99958E-1 1E0 1E0 9.99986E-1 9.95179E-1 8.22059E-1 4.76127E-1 1.40343E-1 1.40134E-1 7.62684E-2 3.20164E-2 3.0365E-2 7.41592E-2 3.41699E-2 6.07593E-2 3.56692E-2 2.02996E-2 2.25634E-2 2.93742E-2 5.61306E-2 1.04545E-1 4.23259E-2 2.57165E-1 7.52662E-2 2.56895E-2 8.4877E-2 9.483E-2 1.04553E-1 1.40913E-1 1.03621E-1 2.11744E-1 1.96374E-2 4.09373E-2 3.98251E-2 5.42998E-2 3.36491E-2 2.95374E-2 1.9868E-2 1.73991E-2 8.05175E-3 2.04629E-2 3.74093E-2 2.65627E-2 -9999 -9999 -9999 -9999 -9999 -9999 -9999 -9999 -9999
1E0 1E0 1E0 1E0 1E0 1E0 1E0 1E0 1E0 1E0 1E0 1E0 9.99828E-1 9.99977E-1 9.99971E-1 9.99971E-1 9.99981E-1 9.84651E-1 9.8886E-1 9.99997E-1 1E0 1E0 1E0 1E0 1E0 9.91239E-1 9.9822E-1 9.12465E-1 9.70323E-1 3.3448E-1 9.68459E-2 2.68672E-2 4.81066E-2 5.62718E-2 7.32615E-2 7.38326E-2 1.26304E-1 9.59482E-2 3.97897E-2 5.15611E-2 9.32028E-2 1.49082E-1 4.26926E-2 2.5629E-1 1.11195E-2 1.05592E-1 2.37161E-1 1.16406E-1 3.33651E-3 7.00906E-2 7.95002E-2 1.23313E-2 1.18339E-2 1.06978E-2 9.20009E-2 1.56236E-1 7.70161E-3 2.68353E-2 1.73244E-2 7.78684E-3 1.17991E-2 1.87208E-2 4.4881E-2 -9999 -9999 -9999 -9999 -9999 -9999 -9999 -9999 -9999 -9999
1E0 9.99871E-1 1E0 9.99997E-1 1E0 1E0 1E0 1E0 1E0 1E0 9.99999E-1 1E0 1E0 1E0 1E0 1E0 9.99998E-1 9.99986E-1 1E0 1E0 1E0 1E0 9.99994E-1 1E0 9.99998E-1 9.99991E-1 9.99978E-1 9.79063E-1 9.8274E-1 1.21181E-1 4.1991E-2 6.69525E-2 6.06517E-2 8.51338E-2 1.1041E-1 1.36233E-1 6.63101E-2 2.14331E-1 2.17924E-1 7.56756E-2 1.15902E-1 9.18217E-2 1.62704E-1 9.12033E-2 6.06984E-1 3.44056E-1 2.77433E-1 1.02169E-1 2.50557E-2 8.36538E-3 1.25081E-2 5.61648E-3 4.86028E-3 8.12968E-3 1.26922E-2 3.60148E-3 2.42287E-2 3.45307E-2 5.24202E-3 3.01328E-3 6.23151E-3 9.80752E-3 -9999 -9999 -9999 -9999 -9999 -9999 -9999 -9999 -9999 -9999 -9999
1E0 1E0 1E0 1E0 1E0 1E0 1E0 1E0 9.99999E-1 9.99841E-1 9.99493E-1 9.99914E-1 9.99527E-1 9.9995E-1 9.99995E-1 9.99999E-1 9.99996E-1 9.99998E-1 9.99999E-1 1E0 1E0 1E0 1E0 9.99997E-1 9.9926E-1 9.99998E-1 9.99808E-1 9.24724E-1 5.14043E-1 1.16275E-1 4.73208E-2 7.26858E-2 5.64815E-2 2.70966E-1 4.36452E-1 1.94502E-1 1.55845E-1 2.2947E-1 2.42062E-1 2.68377E-1 9.02209E-2 1.05285E-1 7.17156E-2 5.54959E-1 5.22344E-1 1.45451E-1 1.41697E-1 9.94148E-2 1.1661E-2 5.50147E-2 5.06797E-3 2.73226E-3 3.92187E-2 3.68056E-3 6.32187E-3 2.73447E-2 9.9975E-3 8.96341E-3 9.18245E-3 4.86533E-3 4.5906E-3 -9999 -9999 -9999 -9999 -9999 -9999 -9999 -9999 -9999 -9999 -9999 -9999
1E0 1E0 1E0 1E0 1E0 1E0 1E0 1E0 1E0 1E0 1E0 1E0 1E0 9.99548E-1 9.90304E-1 9.99526E-1 9.99993E-1 9.99997E-1 1E0 9.99999E-1 1E0 1E0 1E0 1E0 9.99997E-1 9.99999E-1 9.99997E-1 9.82314E-1 8.89343E-1 3.38312E-1 1.12236E-1 5.81019E-2 5.06101E-2 4.48078E-1 6.68496E-1 1.46061E-1 1.34412E-1 1.36297E-1 2.25349E-1 8.31743E-2 2.84454E-2 1.081E-1 4.01025E-1 4.58619E-1 3.70706E-1 2.09488E-2 1.71152E-2 1.35689E-2 2.64428E-1 1.12828E-1 2.60569E-2 3.27637E-3 1.97028E-3 5.81753E-3 7.11777E-3 3.90234E-3 4.48121E-3 1.27903E-2 5.26267E-3 -9999 -9999 -9999 -9999 -9999 -9999 -9999 -9999 -9999 -9999 -9999 -9999 -9999 -9999
1E0 1E0 1E0 1E0 1E0 1E0 1E0 1E0 1E0 1E0 1E0 1E0 1E0 9.99693E-1 9.69484E-1 9.76349E-1 9.94591E-1 1E0 9.99999E-1 9.99999E-1 1E0 1E0 1E0 1E0 9.99975E-1 9.99786E-1 9.90155E-1 7.59934E-1 6.82363E-1 2.61145E-1 9.69923E-2 1.61048E-1 9.91781E-2 7.49651E-1 7.60466E-1 2.02764E-1 1.00327E-1 6.02475E-2 5.53557E-2 5.63668E-2 2.8594E-1 1.60686E-2 5.45914E-1 3.33568E-1 2.62776E-2 3.13966E-2 1.73942E-2 4.41877E-2 7.29293E-2 1.22791E-2 1.64684E-2 3.25672E-3 1.7018E-3 2.70001E-3 1.23166E-2 5.32949E-3 4.83589E-3 6.64644E-3 -9999 -9999 -9999 -9999 -9999 -9999 -9999 -9999 -9999 -9999 -9999 -9999 -9999 -9999 -9999
1E0 9.9999E-1 1E0 9.99999E-1 1E0 9.99999E-1 1E0 1E0 1E0 1E0 1E0 1E0 1E0 1E0 9.99516E-1 9.99973E-1 9.98718E-1 1E0 9.99999E-1 1E0 1E0 1E0 9.99966E-1 1E0 9.9658E-1 9.99294E-1 9.92683E-1 4.76942E-1 4.23186E-1 2.2966E-1 2.51967E-1 6.2724E-1 6.90665E-1 9.82814E-1 7.23664E-1 2.5885E-1 1.03485E-1 1.10972E-1 3.33608E-2 1.04468E-1 8.14503E-2 4.13614E-1 5.34145E-1 4.47023E-1 2.34669E-2 2.32033E-2 9.53278E-2 7.39791E-2 2.43282E-2 1.60032E-3 6.34787E-4 4.77636E-4 2.68519E-3 9.23388E-3 1.17662E-2 1.321E-2 4.57142E-3 -9999 -9999 -9999 -9999 -9999 -9999 -9999 -9999 -9999 -9999 -9999 -9999 -9999 -9999 -9999 -9999
1E0 9.99877E-1 9.99998E-1 9.99995E-1 1E0 9.99958E-1 9.99763E-1 1E0 1E0 1E0 1E0 9.99999E-1 1E0 1E0 9.99529E-1 9.99369E-1 1E0 9.99865E-1 9.99996E-1 1E0 1E0 1E0 9.99602E-1 9.98555E-1 9.45886E-1 9.1861E-1 9.87045E-1 9.61995E-1 7.64888E-1 4.4744E-1 2.32213E-1 6.51109E-1 8.3426E-1 7.37257E-1 8.98326E-2 8.13514E-2 1.34109E-2 2.02452E-2 2.25007E-1 2.89245E-1 2.91889E-1 1.40223E-1 4.38122E-2 6.01291E-2 1.19986E-1 2.50341E-1 2.6378E-1 1.27744E-1 6.67803E-3 8.31501E-3 1.76021E-3 3.80311E-3 6.37863E-3 1.84375E-2 8.89723E-3 1.17322E-2 -9999 -9999 -9999 -9999 -9999 -9999 -9999 -9999 -9999 -9999 -9999 -9999 -9999 -9999 -9999 -9999 -9999
1E0 1E0 9.99773E-1 9.99743E-1 1E0 9.99944E-1 9.99981E-1 9.99384E-1 9.99968E-1 9.99972E-1 9.90349E-1 9.99997E-1 1E0 9.73846E-1 9.98847E-1 9.99712E-1 9.99999E-1 1E0 9.99997E-1 9.99999E-1 9.99962E-1 9.95957E-1 8.24251E-1 4.39303E-1 5.97062E-1 9.02736E-1 9.90079E-1 9.82521E-1 8.69597E-1 6.69314E-1 1.22901E-1 1.76387E-1 4.57263E-2 1.62712E-2 1.45831E-1 9.14766E-2 2.39822E-1 6.05905E-1 5.38123E-1 2.12319E-1 1.6403E-2 1.02924E-2 2.61779E-2 4.47397E-2 1.54633E-1 2.38058E-1 5.92504E-2 1.03048E-1 5.41247E-2 3.716E-3 4.74204E-3 2.98374E-3 1.07833E-2 1.97292E-2 9.45411E-3 -9999 -9999 -9999 -9999 -9999 -9999 -9999 -9999 -9999 -9999 -9999 -9999 -9999 -9999 -9999 -9999 -9999 -9999
9.99247E-1 9.99974E-1 1E0 1E0 1E0 9.9981E-1 1E0 9.99987E-1 9.99998E-1 9.99487E-1 9.99896E-1 9.99975E-1 9.99991E-1 1E0 9.99997E-1 9.97676E-1 9.99983E-1 1E0 1E0 1E0 9.99995E-1 9.99652E-1 8.90227E-1 4.41275E-1 7.6058E-1 9.89216E-1 9.9995E-1 9.99285E-1 9.62147E-1 1.55197E-1 4.18721E-1 2.10918E-1 5.25007E-2 3.53752E-1 3.40471E-1 4.83E-1 4.83583E-1 1.67186E-2 1.30725E-2 1.93229E-1 8.48456E-2 6.92153E-2 3.73133E-2 1.56426E-1 1.7081E-1 1.0229E-1 5.05186E-2 3.36587E-2 2.61442E-2 5.38068E-3 1.10797E-2 3.92263E-3 8.16466E-3 2.25839E-2 -9999 -9999 -9999 -9999 -9999 -9999 -9999 -9999 -9999 -9999 -9999 -9999 -9999 -9999 -9999 -9999 -9999 -9999 -9999
9.99925E-1 9.99993E-1 9.99999E-1 1E0 9.99949E-1 9.99973E-1 1E0 1E0 9.99932E-1 9.9723E-1 1E0 1E0 1E0 9.99999E-1 1E0 9.96922E-1 9.9643E-1 9.99826E-1 1E0 9.99982E-1 9.98902E-1 9.41178E-1 6.80909E-1 4.22246E-1 7.8433E-1 9.92443E-1 1E0 9.64221E-1 2.69839E-1 3.80356E-1 7.4369E-1 7.54724E-1 2.24921E-1 8.76428E-2 9.66495E-2 1.63831E-1 2.64605E-2 1.07002E-2 8.88365E-2 5.58356E-1 8.82211E-1 7.75921E-1 2.47379E-1 1.62056E-1 4.01206E-1 8.67138E-2 3.81643E-3 6.27959E-3 1.32701E-2 5.60404E-3 3.39804E-2 2.50201E-2 9.47546E-3 1.33297E-2 -9999 -9999 -9999 -9999 -9999 -9999 -9999 -9999 -9999 -9999 -9999 -9999 -9999 -9999 -9999 -9999 -9999 -9999 -9999
1E0 1E0 1E0 1E0 1E0 9.99998E-1 1E0 1E0 9.9771E-1 9.94675E-1 9.99264E-1 9.95156E-1 9.99999E-1 9.9943E-1 1E0 9.99861E-1 9.99979E-1 9.99767E-1 1E0 9.99991E-1 9.99041E-1 9.75291E-1 7.96856E-1 6.90761E-1 9.58827E-1 9.98427E-1 9.70594E-1 7.82499E-1 5.20862E-1 6.96264E-1 5.59061E-1 1.72247E-2 8.49097E-2 2.70147E-2 5.8026E-2 1.17911E-1 1.30627E-1 4.45233E-2 5.2858E-1 8.44693E-2 3.27135E-1 3.72637E-1 1.71078E-1 1.14557E-1 4.82136E-2 1.44025E-2 1.67421E-2 4.09886E-3 5.53619E-3 1.56097E-2 1.89592E-2 2.72781E-2 1.73595E-2 4.04911E-2 -9999 -9999 -9999 -9999 -9999 -9999 -9999 -9999 -9999 -9999 -9999 -9999 -9999 -9999 -9999 -9999 -9999 -9999 -9999
1E0 1E0 1E0 1E0 1E0 1E0 1E0 1E0 9.99999E-1 1E0 1E0 9.99029E-1 9.99411E-1 1E0 9.99999E-1 9.97433E-1 9.99666E-1 1E0 9.99969E-1 1E0 9.99933E-1 9.76541E-1 9.8713E-1 9.64261E-1 7.68812E-1 3.02255E-1 6.80875E-1 7.32037E-1 7.28775E-1 7.74471E-1 3.86888E-1 1.70151E-2 2.07089E-1 1.93408E-1 4.51848E-1 4.64099E-1 2.31005E-1 3.61188E-1 8.56482E-1 1.35004E-1 9.15881E-2 9.50555E-2 5.00505E-2 3.00383E-2 1.47045E-2 1.71343E-2 2.08102E-2 2.90453E-3 9.45536E-3 7.45863E-3 4.57882E-2 1.62629E-2 1.72042E-2 4.55387E-2 -9999 -9999 -9999 -9999 -9999 -9999 -9999 -9999 -9999 -9999 -9999 -9999 -9999 -9999 -9999 -9999 -9999 -9999 -9999
1E0 9.99994E-1 1E0 1E0 1E0 1E0 1E0 9.99999E-1 1E0 1E0 1E0 1E0 9.99053E-1 9.99978E-1 1E0 9.99829E-1 9.99847E-1 1E0 1E0 1E0 9.99988E-1 9.8578E-1 9.45406E-1 8.73963E-1 1.90363E-1 1.34176E-1 2.1192E-1 2.12665E-1 5.3988E-1 5.72785E-1 9.32609E-2 3.96903E-2 8.54778E-1 4.60214E-1 1.83079E-1 7.46222E-1 8.26018E-1 3.15357E-1 2.9401E-1 2.24359E-1 1.29236E-1 5.60871E-2 7.51992E-3 7.20618E-3 3.35703E-3 3.44573E-3 1.16494E-2 9.34829E-3 1.28433E-2 2.20682E-2 2.73295E-2 4.85773E-3 2.2492E-2 1.62105E-2 -9999 -9999 -9999 -9999 -9999 -9999 -9999 -9999 -9999 -9999 -9999 -9999 -9999 -9999 -9999 -9999 -9999 -9999 -9999
9.99997E-1 1E0 1E0 1E0 1E0 1E0 9.9998E-1 1E0 9.99999E-1 1E0 1E0 1E0 1E0 9.99925E-1 1E0 9.99951E-1 9.99966E-1 1E0 1E0 1E0 9.99994E-1 9.97498E-1 9.87427E-1 7.97977E-1 8.04195E-1 3.88978E-1 6.13258E-1 9.70962E-1 6.43634E-1 5.21387E-1 4.01796E-1 5.75779E-1 9.7791E-1 3.78697E-1 7.25412E-2 1.39217E-1 8.03057E-2 7.25092E-2 4.25508E-2 5.67327E-2 8.57235E-3 4.12288E-3 1.55618E-2 9.65086E-3 6.11896E-3 1.39594E-2 7.88361E-3 9.27917E-3 1.07078E-2 1.3424E-2 4.84304E-2 1.75331E-2 6.08929E-3 3.0504E-3 -9999 -9999 -9999 -9999 -9999 -9999 -9999 -9999 -9999 -9999 -9999 -9999 -9999 -9999 -9999 -9999 -9999 -9999 -9999
9.99994E-1 1E0 1E0 1E0 1E0 1E0 9.98878E-1 9.99862E-1 1E0 1E0 1E0 1E0 1E0 1E0 1E0 1E0 9.99999E-1 9.99998E-1 9.99999E-1 1E0 1E0 9.99988E-1 9.99878E-1 9.99922E-1 9.9924E-1 9.94263E-1 8.42959E-1 8.27428E-1 9.14739E-1 9.90552E-1 9.98103E-1 9.60038E-1 6.11671E-1 2.80116E-1 1.86501E-1 3.64218E-1 3.22664E-1 3.09708E-1 2.74463E-1 9.43425E-2 6.9521E-3 6.42203E-3 2.72638E-2 2.81265E-2 4.65768E-3 1.28801E-2 8.14623E-3 1.83947E-2 3.86671E-2 3.26415E-2 3.59437E-2 1.45176E-2 4.61131E-3 2.51068E-2 -9999 -9999 -9999 -9999 -9999 -9999 -9999 -9999 -9999 -9999 -9999 -9999 -9999 -9999 -9999 -9999 -9999 -9999 -9999
1E0 1E0 1E0 1E0 1E0 1E0 9.99994E-1 1E0 9.99999E-1 9.99997E-1 9.99985E-1 9.99986E-1 1E0 1E0 1E0 1E0 1E0 1E0 9.99985E-1 1E0 9.99979E-1 9.99402E-1 9.88707E-1 9.58352E-1 6.56127E-1 7.81205E-1 3.63378E-1 2.09749E-1 4.04942E-1 7.77063E-1 9.49115E-1 9.55333E-1 7.49632E-1 4.36657E-1 1.17027E-2 3.28395E-2 1.15817E-1 2.31107E-1 9.22061E-2 2.93612E-2 2.12894E-2 2.38578E-2 3.21739E-2 1.60935E-2 2.70507E-3 8.96131E-2 5.81274E-2 7.18399E-3 1.04911E-2 2.62992E-2 3.57248E-2 2.87957E-2 1.12207E-1 3.74674E-2 3.0597E-2 -9999 -9999 -9999 -9999 -9999 -9999 -9999 -9999 -9999 -9999 -9999 -9999 -9999 -9999 -9999 -9999 -9999 -9999
9.99995E-1 1E0 9.99925E-1 9.99994E-1 1E0 1E0 1E0 1E0 9.99995E-1 9.95811E-1 9.92745E-1 9.99969E-1 1E0 1E0 9.99991E-1 9.99902E-1 9.99999E-1 1E0 9.99999E-1 9.99953E-1 9.99993E-1 9.99999E-1 9.98782E-1 9.33727E-1 1.11973E-1 6.23135E-2 6.74156E-2 2.4335E-2 7.56542E-2 1.2321E-1 3.56153E-1 9.08066E-1 9.41047E-1 5.96934E-1 1.2917E-1 9.81712E-2 8.9036E-2 1.07216E-1 2.00929E-2 1.46407E-2 3.31677E-2 3.39036E-2 2.26937E-2 6.97088E-3 5.27361E-2 3.43521E-2 1.97631E-2 3.75629E-2 2.69186E-2 2.5674E-2 2.54292E-2 2.25689E-1 1.0429E-2 1.1213E-3 1.2364E-3 -9999 -9999 -9999 -9999 -9999 -9999 -9999 -9999 -9999 -9999 -9999 -9999 -9999 -9999 -9999 -9999 -9999 -9999
1E0 1E0 1E0 1E0 1E0 1E0 1E0 1E0 1E0 1E0 1E0 9.9649E-1 9.99961E-1 9.99968E-1 1E0 1E0 1E0 1E0 1E0 9.99999E-1 9.9957E-1 9.99262E-1 9.8738E-1 7.79791E-1 8.69621E-2 3.3432E-2 1.97612E-2 2.21092E-2 3.08953E-2 9.53711E-2 4.0972E-1 8.2312E-1 9.74435E-1 8.01928E-1 5.33836E-1 4.19872E-1 1.02955E-1 1.24391E-1 5.15603E-2 4.22149E-2 4.19882E-2 9.17594E-3 3.06507E-2 6.17266E-2 7.96058E-2 3.85496E-3 6.09968E-3 1.0697E-2 7.512E-3 2.51163E-2 1.87429E-2 8.29646E-2 3.45399E-2 1.52721E-2 1.03516E-2 2.01387E-2 -9999 -9999 -9999 -9999 -9999 -9999 -9999 -9999 -9999 -9999 -9999 -9999 -9999 -9999 -9999 -9999 -9999
1E0 1E0 1E0 1E0 9.99999E-1 1E0 1E0 1E0 9.99998E-1 1E0 1E0 1E0 9.9997E-1 9.99972E-1 9.99995E-1 9.99923E-1 9.99973E-1 9.99409E-1 1E0 1E0 9.9999E-1 9.98986E-1 9.79396E-1 9.96763E-1 5.65119E-1 2.36923E-1 3.90603E-2 7.90286E-2 2.96737E-2 4.64723E-2 1.43514E-1 7.97121E-1 7.187E-1 6.79695E-1 2.78625E-1 2.21556E-1 4.20509E-1 2.59781E-1 2.68382E-1 3.59007E-2 1.59945E-2 1.64262E-2 3.63256E-2 4.58182E-2 7.35121E-3 3.7245E-3 1.22491E-2 5.88401E-3 2.04976E-2 3.64816E-2 1.52556E-2 2.91718E-2 7.48103E-3 1.4019E-2 1.30769E-2 2.63431E-3 -9999 -9999 -9999 -9999 -9999 -9999 -9999 -9999 -9999 -9999 -9999 -9999 -9999 -9999 -9999 -9999 -9999
1E0 1E0 1E0 1E0 9.99987E-1 1E0 1E0 1E0 1E0 1E0 9.99998E-1 9.99954E-1 9.69722E-1 9.99965E-1 9.99994E-1 9.97791E-1 9.86457E-1 9.97111E-1 9.99961E-1 9.99858E-1 9.99982E-1 9.99995E-1 9.98611E-1 9.22724E-1 9.49569E-1 7.87458E-1 2.45515E-1 1.78324E-1 1.00762E-1 6.99056E-2 2.69622E-1 5.3873E-1 2.65339E-1 5.25991E-1 2.44869E-1 1.21065E-1 2.75068E-1 3.82376E-2 4.61436E-2 1.05631E-2 5.80745E-2 6.71168E-2 4.42862E-2 2.97042E-2 1.80816E-2 1.20452E-2 6.86089E-4 2.19196E-2 1.16942E-2 6.71848E-3 1.18213E-2 5.58485E-3 2.38993E-3 2.71741E-3 1.1069E-3 2.63244E-3 -9999 -9999 -9999 -9999 -9999 -9999 -9999 -9999 -9999 -9999 -9999 -9999 -9999 -9999 -9999 -9999 -9999
9.99992E-1 9.99996E-1 9.99967E-1 9.99871E-1 1E0 9.99998E-1 9.99977E-1 1E0 1E0 1E0 1E0 9.99986E-1 9.9693E-1 9.955E-1 9.99397E-1 9.99958E-1 9.99734E-1 9.8325E-1 9.99989E-1 9.99432E-1 9.99697E-1 9.99781E-1 9.93911E-1 8.60313E-1 9.97363E-1 9.18856E-1 7.3807E-1 5.61029E-1 1.68646E-1 1.72267E-1 1.62501E-1 4.06769E-1 2.30251E-1 2.11384E-1 7.54875E-2 2.77225E-2 8.2281E-2 4.4078E-2 9.15548E-3 1.3216E-2 2.00426E-2 9.58959E-3 9.60816E-3 5.44812E-3 1.85815E-3 7.31151E-3 9.80208E-4 2.0345E-2 2.01347E-2 3.54803E-2 5.79329E-3 4.93427E-4 2.48027E-3 3.29541E-3 1.53068E-2 1.08002E-2 -9999 -9999 -9999 -9999 -9999 -9999 -9999 -9999 -9999 -9999 -9999 -9999 -9999 -9999 -9999 -9999 -9999
9.9996E-1 9.99652E-1 9.99998E-1 1E0 9.9999E-1 9.99982E-1 1E0 1E0 9.99969E-1 1E0 9.99995E-1 9.64487E-1 9.8332E-1 9.62494E-1 9.99881E-1 9.99887E-1 9.99363E-1 9.94146E-1 9.99539E-1 9.99868E-1 9.98138E-1 9.95856E-1 9.83504E-1 9.88647E-1 9.97371E-1 9.1682E-1 6.6254E-1 2.30723E-1 2.26535E-1 9.62475E-2 3.76044E-1 3.38779E-1 5.28799E-2 5.52798E-2 2.06822E-2 3.05474E-2 1.65063E-2 2.41045E-2 3.55201E-2 1.79162E-2 8.60772E-3 1.25024E-2 1.00147E-2 1.83727E-3 1.20281E-3 2.72827E-3 5.97019E-3 1.88427E-3 2.82642E-3 4.95475E-3 2.23186E-3 1.04436E-2 1.08191E-2 2.05853E-3 9.18695E-4 1.27059E-3 6.50911E-3 -9999 -9999 -9999 -9999 -9999 -9999 -9999 -9999 -9999 -9999 -9999 -9999 -9999 -9999 -9999 -9999
9.99974E-1 9.95538E-1 9.99994E-1 1E0 1E0 1E0 9.99999E-1 1E0 1E0 9.99996E-1 9.99943E-1 9.99889E-1 9.9857E-1 9.99973E-1 9.99992E-1 9.99999E-1 9.99996E-1 9.99993E-1 1E0 9.9987E-1 9.99999E-1 9.99895E-1 9.99304E-1 9.81228E-1 9.98753E-1 9.38215E-1 7.01917E-1 2.7494E-1 7.08379E-3 3.15E-2 5.49458E-2 5.53963E-2 6.51816E-2 5.20782E-2 2.79441E-2 2.93659E-2 3.28876E-2 3.19085E-2 2.46404E-2 1.86394E-2 3.6578E-3 1.05582E-2 2.28391E-2 5.77629E-4 3.84144E-4 3.06806E-3 9.52873E-3 4.47342E-3 4.96948E-3 5.74838E-3 3.37886E-3 8.48222E-3 2.89923E-3 3.79384E-3 3.58487E-3 3.8586E-3 2.06743E-2 -9999 -9999 -9999 -9999 -9999 -9999 -9999 -9999 -9999 -9999 -9999 -9999 -9999 -9999 -9999 -9999
9.95164E-1 9.91138E-1 9.97451E-1 9.99999E-1 1E0 1E0 1E0 1E0 1E0 9.99979E-1 9.99979E-1 9.99999E-1 1E0 9.99999E-1 9.99999E-1 9.81852E-1 9.99999E-1 9.99999E-1 9.99998E-1 9.99657E-1 9.99852E-1 9.99997E-1 9.81435E-1 9.52095E-1 9.96582E-1 8.7415E-1 9.39719E-1 5.1937E-1 1.5497E-2 2.3919E-2 1.01719E-2 6.9886E-2 1.48126E-1 1.51079E-2 1.16594E-2 8.76823E-3 8.08508E-3 5.44107E-3 2.15342E-2 1.166E-2 5.95051E-3 1.24882E-2 1.52581E-2 3.27148E-4 3.90885E-4 5.70947E-3 1.90478E-2 1.9963E-3 2.77133E-3 4.12206E-3 2.37094E-3 1.97224E-2 1.23054E-3 4.43311E-3 1.01523E-2 1.18492E-2 1.7652E-2 -9999 -9999 -9999 -9999 -9999 -9999 -9999 -9999 -9999 -9999 -9999 -9999 -9999 -9999 -9999 -9999
9.99999E-1 1E0 1E0 9.99953E-1 1E0 1E0 1E0 9.99999E-1 9.99999E-1 9.99991E-1 9.99995E-1 9.99999E-1 9.99992E-1 9.99978E-1 9.99952E-1 9.97984E-1 9.99989E-1 1E0 1E0 9.99649E-1 9.98027E-1 9.98023E-1 9.90802E-1 9.62732E-1 9.34796E-1 2.70087E-1 1.23458E-1 2.76327E-1 5.26723E-2 2.85264E-2 1.99705E-3 5.81754E-2 2.30361E-2 1.22846E-2 1.49322E-2 1.89624E-2 8.34084E-3 3.2608E-3 2.91123E-3 1.79511E-3 3.40312E-3 4.67057E-4 2.29785E-4 1.0222E-3 3.49758E-3 7.18631E-3 9.87195E-3 1.38515E-3 1.40367E-3 1.42456E-3 7.46976E-3 8.22038E-3 2.83228E-3 4.64558E-3 6.97832E-3 6.23747E-3 -9999 -9999 -9999 -9999 -9999 -9999 -9999 -9999 -9999 -9999 -9999 -9999 -9999 -9999 -9999 -9999 -9999
