ENM/Final_Models/M_1_F_q_Set_1_E/Gustavia_santanderiensis_4_Choco.asc
ncols         367
nrows         963
xllcorner     -78.6
yllcorner     0.65
cellsize      0.00833333333333323
NODATA_value  -9999
[rows 270 to 299 of 963, columns 201 to 267 of 367]
1.76664E-1 1.63616E-1 2.13454E-1 2.00482E-1 2.04162E-1 2.36108E-1 5.91098E-1 2.16077E-1 1.88722E-1 6.72335E-2 3.68444E-1 3.06245E-1 6.96487E-2 4.79565E-1 4.0683E-1 8.26801E-1 9.99972E-1 9.99997E-1 9.99318E-1 9.94372E-1 9.93296E-1 7.90205E-1 8.16685E-1 9.43504E-1 9.47655E-1 3.92057E-1 2.72327E-1 6.13317E-1 6.07252E-1 5.89783E-1 4.3936E-1 4.55105E-1 6.56085E-1 4.78721E-1 4.31879E-1 4.10878E-1 3.34549E-1 2.80671E-1 4.76977E-1 2.0044E-1 4.6609E-1 3.05503E-1 1.14383E-1 5.4085E-2 2.48654E-2 3.50144E-2 3.69984E-2 5.39007E-2 8.3769E-2 3.41806E-1 3.84135E-1 5.67254E-1 7.7972E-1 8.47682E-1 9.17708E-1 8.23731E-1 8.72796E-1 8.26986E-1 7.52128E-1 7.57138E-1 5.78115E-1 4.62496E-1 2.65336E-1 1.26874E-1 1.31683E-1 8.873E-2 7.19499E-2
1.76754E-1 3.65999E-2 5.10965E-2 1.58039E-1 1.6398E-1 2.32826E-1 6.39543E-2 2.48602E-1 2.14005E-1 5.8319E-2 6.05417E-2 6.46485E-2 6.65946E-2 3.00771E-1 3.56373E-1 9.89422E-1 9.88563E-1 9.99947E-1 9.99942E-1 9.99872E-1 9.95613E-1 8.02664E-1 7.94598E-1 6.32363E-1 5.38388E-1 5.00362E-1 5.75797E-1 4.7187E-1 4.56017E-1 3.98584E-1 2.93518E-1 4.39163E-1 6.03087E-1 6.43892E-1 6.00712E-1 6.02033E-1 3.07472E-1 1.21195E-1 2.82907E-1 2.4977E-1 4.51988E-1 3.10351E-1 6.79926E-2 1.58806E-2 2.27876E-2 2.47657E-2 1.65921E-2 3.24754E-2 6.31924E-2 1.53927E-1 5.32382E-1 5.55089E-1 8.57677E-1 4.99515E-1 8.02834E-1 7.71952E-1 8.12131E-1 8.6762E-1 8.8801E-1 7.10603E-1 7.08092E-1 4.55876E-1 3.37306E-1 2.49E-1 1.83946E-1 7.30002E-2 8.70977E-2
1.61882E-1 1.87276E-1 4.63623E-2 4.62131E-2 6.44442E-2 6.91652E-2 5.77547E-2 6.3451E-2 5.42164E-2 5.14022E-2 6.46129E-2 1.74251E-1 5.33535E-2 3.89168E-1 8.71267E-1 7.79701E-1 8.06342E-1 9.99989E-1 9.91025E-1 9.9603E-1 7.95617E-1 4.19743E-1 4.23595E-1 4.69884E-1 4.8384E-1 2.537E-1 5.92973E-1 2.38055E-1 9.99253E-2 2.98141E-1 5.03831E-1 4.60899E-1 6.59462E-1 6.62964E-1 6.61817E-1 6.77393E-1 4.34047E-1 3.11183E-1 2.41437E-1 3.31881E-1 4.14989E-1 3.5686E-1 1.91725E-1 1.94428E-2 1.45222E-2 2.41508E-2 1.59067E-2 3.06968E-2 1.37257E-2 6.88891E-2 1.39185E-1 5.73828E-1 8.34213E-1 6.56718E-1 7.25152E-1 7.23736E-1 7.50229E-1 6.36213E-1 5.00253E-1 6.12907E-1 6.50633E-1 8.2425E-1 5.01088E-1 3.66714E-1 2.39547E-1 3.09304E-1 2.05577E-1
1.4182E-1 1.51226E-1 4.11198E-2 5.1311E-2 7.34295E-2 5.10372E-2 5.98936E-2 5.49082E-2 5.388E-2 1.94137E-1 5.92804E-2 5.44661E-2 5.57124E-2 5.98984E-2 8.61091E-1 8.26313E-1 3.95776E-1 9.98029E-1 9.99929E-1 8.02281E-1 3.69871E-1 3.88851E-1 4.81189E-1 5.56956E-1 5.85324E-1 4.78201E-1 5.52013E-1 5.74949E-1 2.29279E-1 3.06595E-1 4.78942E-1 6.26236E-1 6.38297E-1 6.41921E-1 4.22232E-1 4.14314E-1 6.22987E-1 2.98544E-1 1.01101E-1 2.4725E-1 4.45496E-1 3.47841E-1 1.58625E-1 1.64679E-2 1.44541E-2 4.22923E-2 1.73419E-2 1.79126E-2 1.61334E-2 2.93921E-2 8.78175E-2 3.1865E-1 6.00823E-1 8.55887E-1 6.86522E-1 6.87233E-1 8.76127E-1 6.68664E-1 4.32866E-1 3.21829E-1 3.23979E-1 5.88969E-1 6.84053E-1 6.09694E-1 3.9997E-1 3.6108E-1 3.4526E-1
1.25079E-1 3.88916E-2 4.20521E-2 4.44825E-2 4.63116E-2 4.86235E-2 2.04789E-1 4.43062E-2 1.96623E-1 2.03734E-1 4.32602E-2 4.71719E-2 4.82984E-2 1.38951E-1 2.95694E-1 3.97147E-1 2.75515E-1 9.96722E-1 9.91655E-1 8.31824E-1 3.42712E-1 6.88557E-1 6.69867E-1 6.1676E-1 5.08045E-1 4.61881E-1 8.76688E-1 4.88514E-1 2.24497E-1 2.90989E-1 2.81185E-1 4.39255E-1 4.24635E-1 4.56423E-1 4.00877E-1 4.08584E-1 5.33225E-1 3.01312E-1 1.12683E-1 1.0506E-1 2.96806E-1 4.25089E-1 1.72785E-1 5.34382E-2 1.72199E-2 6.00001E-2 4.0509E-2 2.33669E-2 3.87793E-2 3.64141E-2 6.86415E-2 9.39342E-2 6.66369E-1 8.49573E-1 6.59595E-1 7.41771E-1 7.74223E-1 6.25091E-1 5.04646E-1 6.49351E-1 4.3114E-1 3.65633E-1 4.59206E-1 7.30795E-1 7.9054E-1 4.20965E-1 5.12033E-1
3.08197E-2 1.4761E-1 1.71563E-1 4.05244E-2 4.18227E-2 4.46163E-2 1.54084E-1 1.53333E-1 4.23649E-2 1.4069E-1 1.50824E-1 4.3625E-2 4.66508E-1 1.51967E-1 1.65645E-1 1.52272E-1 8.733E-1 9.98965E-1 8.7176E-1 8.59595E-1 4.86823E-1 4.7354E-1 5.93241E-1 5.46131E-1 4.30933E-1 9.51815E-1 4.35743E-1 3.44967E-1 3.83719E-1 2.47202E-1 4.65182E-1 4.06701E-1 5.17649E-1 5.01698E-1 3.58618E-1 3.07171E-1 2.80799E-1 1.1931E-1 2.14626E-1 8.1225E-2 2.65812E-1 6.27971E-1 3.23319E-1 1.02432E-1 3.67709E-2 2.32783E-2 4.58113E-2 2.21413E-2 2.69037E-2 7.31374E-2 6.96449E-2 2.44015E-1 5.80023E-1 5.9279E-1 7.53322E-1 7.64191E-1 8.07498E-1 7.89511E-1 6.31259E-1 7.07758E-1 5.51353E-1 2.92965E-1 3.79822E-1 6.6496E-1 4.74843E-1 4.03238E-1 2.4003E-1
1.18479E-1 3.75729E-2 3.89483E-2 3.67958E-2 1.33761E-1 4.53186E-1 8.71257E-1 5.17671E-1 5.43964E-2 4.19235E-2 1.32959E-1 1.39233E-1 1.22878E-1 3.848E-2 1.19852E-1 3.15134E-1 8.65521E-1 9.98789E-1 9.97505E-1 5.25215E-1 5.16687E-1 4.44216E-1 5.89164E-1 8.78268E-1 8.02483E-1 7.62739E-1 8.42413E-1 9.00969E-1 1.85637E-1 7.37059E-2 6.05365E-1 4.17855E-1 5.27546E-1 4.89555E-1 2.77106E-1 2.66304E-1 2.46423E-1 9.19652E-2 9.78193E-2 1.48508E-1 3.00016E-1 9.67439E-1 6.12679E-1 1.76837E-1 2.98674E-2 3.02623E-2 4.53173E-2 1.75074E-2 1.52836E-2 4.6525E-2 8.34122E-2 2.26712E-1 4.61713E-1 6.59857E-1 7.06409E-1 7.04503E-1 7.89848E-1 9.44069E-1 7.18479E-1 8.26136E-1 5.32856E-1 3.81719E-1 1.90018E-1 3.75466E-1 3.62664E-1 2.61255E-1 1.97095E-1
2.60414E-2 3.14488E-2 2.63477E-2 1.04443E-1 1.11099E-1 1.32938E-1 1.49776E-1 4.68517E-2 4.04E-2 4.01216E-2 3.55444E-2 3.50924E-2 3.78158E-2 3.71902E-2 1.44976E-1 3.38166E-1 8.08116E-1 7.93858E-1 8.08828E-1 8.44848E-1 9.88413E-1 7.1477E-1 6.00497E-1 4.45692E-1 8.72311E-1 8.65042E-1 1.5962E-1 1.47401E-1 1.80082E-1 8.80361E-2 2.61944E-1 2.68576E-1 5.78692E-1 6.05075E-1 3.88753E-1 4.06379E-1 3.96119E-1 4.39212E-1 3.5471E-1 2.88133E-1 3.9577E-1 8.491E-1 6.78341E-1 1.35369E-1 4.40484E-2 6.43609E-2 8.06056E-2 4.10518E-2 2.34498E-2 5.18709E-2 9.18623E-2 1.88855E-1 6.16834E-1 7.36738E-1 6.52457E-1 6.47426E-1 8.62095E-1 8.89271E-1 8.0587E-1 7.08665E-1 4.0343E-1 2.53855E-1 1.60866E-1 2.25017E-1 2.49069E-1 1.39631E-1 1.64395E-1
1.17921E-1 1.13164E-1 3.52216E-2 1.24853E-1 3.39801E-2 1.3292E-1 1.17979E-1 1.32446E-1 5.86692E-2 1.71805E-1 3.6578E-2 3.7153E-2 3.79691E-2 4.37646E-2 1.34109E-1 4.2452E-1 9.85461E-1 7.78105E-1 2.5617E-1 4.56853E-1 8.78134E-1 5.85034E-1 5.19127E-1 5.18073E-1 7.49929E-1 8.91545E-1 1.32657E-1 5.64256E-2 7.20282E-2 8.00539E-2 2.76764E-1 2.27383E-1 2.55759E-1 5.39869E-1 4.86686E-1 3.58359E-1 3.59337E-1 3.98251E-1 3.5034E-1 4.8303E-1 4.74106E-1 7.01759E-1 6.28997E-1 1.27469E-1 4.03078E-2 5.33369E-2 4.77374E-2 3.73672E-2 2.20952E-2 2.68832E-2 7.7146E-2 2.59283E-1 6.42956E-1 8.3613E-1 7.29524E-1 6.10884E-1 7.89123E-1 8.49701E-1 9.27098E-1 7.86743E-1 4.79813E-1 3.49945E-1 1.9733E-1 2.0031E-1 8.04477E-2 4.14288E-2 2.32452E-2
2.57149E-2 2.73052E-2 1.34327E-1 1.16771E-1 1.18265E-1 1.24226E-1 1.16399E-1 3.2494E-1 9.76445E-2 7.92518E-1 7.59585E-1 3.66427E-2 1.2222E-1 1.3098E-1 1.26356E-1 5.1635E-1 7.55096E-1 7.10709E-1 3.68924E-1 4.37874E-1 8.99575E-1 5.27149E-1 4.54981E-1 7.27218E-1 7.92319E-1 8.28253E-1 1.51904E-1 6.80555E-2 2.28105E-1 2.28779E-1 2.59219E-1 3.58056E-1 2.51124E-1 3.92615E-1 3.35712E-1 3.1752E-1 3.30288E-1 4.30604E-1 3.49309E-1 9.92199E-1 9.74892E-1 2.46369E-1 5.30397E-1 1.95014E-1 1.37011E-1 1.309E-1 4.21114E-2 1.96023E-2 1.38436E-2 1.04744E-2 7.27015E-2 9.67343E-2 6.65794E-1 8.77753E-1 8.26045E-1 6.47975E-1 6.68361E-1 9.24894E-1 8.74648E-1 7.90929E-1 3.60263E-1 3.3071E-1 1.6131E-1 1.56106E-1 8.28843E-2 2.77359E-2 2.74293E-2
5.35594E-2 2.3008E-2 2.85904E-2 4.98151E-2 4.7961E-2 3.17549E-2 1.06592E-1 1.12872E-1 4.5716E-2 4.11668E-2 3.95378E-2 1.46262E-1 3.89653E-2 3.26392E-2 3.41986E-2 4.07083E-2 8.02415E-1 7.88971E-1 6.55221E-1 6.58207E-1 5.27693E-1 9.20664E-1 5.41729E-1 5.46648E-1 9.87754E-1 8.09967E-1 1.36336E-1 1.92239E-1 1.7453E-1 1.74936E-1 2.13243E-1 3.34931E-1 2.37864E-1 2.23186E-1 3.68085E-1 2.29372E-1 2.28163E-1 3.15762E-1 3.40129E-1 4.51621E-1 9.60505E-1 1.90318E-1 2.40523E-1 4.47527E-1 3.03322E-1 8.5246E-2 3.83897E-2 3.27455E-2 2.29961E-2 3.13653E-2 9.06353E-2 1.22873E-1 7.51808E-1 8.91186E-1 9.0393E-1 8.53202E-1 8.79901E-1 8.75794E-1 8.04384E-1 8.00626E-1 4.85949E-1 3.41687E-1 1.51276E-1 1.81428E-1 7.89514E-2 4.47291E-2 2.83717E-2
5.23511E-2 1.03459E-1 1.03568E-1 1.09802E-1 1.15532E-1 4.92182E-2 4.49451E-2 5.04042E-2 4.58728E-2 4.54532E-2 3.55462E-2 1.46986E-1 1.24315E-1 3.15379E-2 1.3438E-1 1.69119E-1 4.90838E-1 4.28729E-1 8.37201E-1 7.79611E-1 8.48282E-1 9.9653E-1 9.99968E-1 9.9993E-1 9.9744E-1 3.09742E-1 3.75188E-1 5.88838E-2 1.88152E-1 3.25614E-1 2.9489E-1 3.13378E-1 2.20866E-1 2.295E-1 7.7269E-2 7.41493E-2 2.45978E-1 3.05241E-1 3.24063E-1 4.35009E-1 3.88282E-1 2.54565E-1 2.26124E-1 5.79386E-1 3.43971E-1 3.44823E-2 1.39672E-2 2.39549E-2 2.79558E-2 5.63326E-2 1.86762E-1 1.57489E-1 8.49282E-1 7.83921E-1 8.30094E-1 7.48137E-1 8.00252E-1 8.24432E-1 6.11035E-1 6.80303E-1 4.09331E-1 2.48638E-1 1.821E-1 8.65523E-2 6.5525E-2 4.65501E-2 3.56759E-2
7.4112E-1 4.21261E-2 9.36806E-2 1.10252E-1 9.83319E-2 3.77839E-2 9.56969E-2 3.10918E-2 1.18972E-1 7.01646E-1 6.69933E-1 7.19038E-1 7.08058E-1 6.64679E-1 2.70649E-1 1.54933E-1 3.6942E-1 3.08599E-1 4.84442E-1 9.91434E-1 8.22079E-1 9.98709E-1 9.99975E-1 9.96889E-1 9.95309E-1 3.2503E-1 3.06928E-1 4.75008E-2 1.95669E-1 3.32483E-1 3.43463E-1 2.02047E-1 3.24351E-1 2.12879E-1 7.2617E-2 7.04513E-2 6.56533E-2 1.94409E-1 3.45874E-1 2.87907E-1 3.89694E-1 9.57866E-1 8.46468E-1 4.4872E-1 1.52786E-1 3.84259E-2 2.05378E-2 1.17758E-2 2.31796E-2 5.59369E-2 2.27749E-1 3.08344E-1 8.56965E-1 9.25709E-1 7.63793E-1 6.45752E-1 6.4145E-1 6.17263E-1 5.35901E-1 5.44182E-1 3.63829E-1 1.18704E-1 6.55567E-2 7.57243E-2 5.24271E-2 3.56597E-2 2.20889E-2
8.5972E-2 3.79528E-2 6.87634E-1 7.34918E-1 7.19492E-1 4.30167E-2 1.03181E-1 1.63374E-1 5.85432E-1 4.19164E-2 6.67315E-1 7.10559E-1 9.94423E-1 6.98652E-1 2.02971E-1 3.28046E-1 3.40109E-2 2.91382E-1 2.98015E-1 3.76961E-1 7.95505E-1 9.78133E-1 9.85326E-1 7.79844E-1 8.40034E-1 1.04658E-1 3.53034E-1 1.17396E-1 2.30187E-1 6.91636E-1 7.05202E-1 3.03953E-1 2.84777E-1 1.67546E-1 6.84973E-2 6.91391E-2 7.39631E-2 7.32411E-2 6.90296E-2 5.96831E-2 2.48983E-1 3.36159E-1 8.21118E-1 6.03642E-1 2.18281E-1 2.18292E-2 4.89332E-2 2.51465E-2 3.27365E-2 6.37787E-2 2.64481E-1 3.77869E-1 8.52797E-1 9.65721E-1 7.29234E-1 4.71571E-1 6.27524E-1 7.09585E-1 7.92281E-1 6.15202E-1 5.08333E-1 1.02025E-1 4.15975E-2 4.31939E-2 3.70853E-2 3.41956E-2 2.48972E-2
3.8887E-2 1.81307E-2 3.70055E-2 6.85547E-1 6.33433E-1 6.24909E-1 9.24032E-2 9.53412E-2 3.6045E-2 6.19242E-1 6.04213E-1 6.26191E-1 9.90482E-1 6.56745E-1 6.20086E-1 1.24762E-1 3.09059E-1 3.71155E-1 3.21365E-1 5.42167E-1 2.76826E-1 8.14427E-1 7.51734E-1 2.45971E-1 2.84615E-1 1.02927E-1 1.18046E-1 4.60115E-2 4.66572E-2 1.61311E-1 2.51114E-1 6.91708E-1 1.58998E-1 6.01362E-2 5.69817E-2 6.65313E-2 6.2824E-2 6.71077E-2 2.78579E-1 2.63572E-1 2.38633E-1 5.34539E-1 6.76701E-1 4.71455E-1 1.68959E-1 2.42084E-2 2.82577E-2 2.61492E-2 4.79298E-2 7.93312E-2 3.15309E-1 2.67602E-1 9.28977E-1 9.49476E-1 7.23634E-1 6.49382E-1 7.16617E-1 6.62111E-1 5.68133E-1 4.31924E-1 5.69754E-1 1.78721E-1 5.50745E-2 2.99673E-2 1.66785E-2 3.85754E-2 3.06155E-2
3.15933E-2 3.1748E-2 7.07745E-1 6.90771E-1 4.43485E-2 9.81103E-2 1.5718E-1 8.60563E-2 9.36293E-2 6.50361E-1 6.55532E-1 6.66416E-1 6.10535E-1 5.53213E-1 5.87499E-1 6.57008E-1 3.21403E-1 2.90632E-1 2.90789E-1 3.61303E-1 1.13318E-1 2.81001E-1 2.38759E-1 2.3639E-1 2.74177E-1 1.00688E-1 4.7568E-2 3.97958E-2 4.16265E-2 1.26872E-1 1.29056E-1 6.1495E-1 1.40429E-1 4.63437E-2 1.13191E-1 5.33455E-2 5.8898E-2 5.97447E-2 2.90693E-1 2.48112E-1 2.25198E-1 5.32693E-1 4.23853E-1 2.25628E-1 3.20252E-1 3.12322E-2 3.54542E-2 2.46591E-2 2.87104E-2 2.43133E-2 1.69568E-1 6.13906E-2 8.78227E-1 9.01674E-1 6.64401E-1 5.11089E-1 4.78448E-1 7.02577E-1 6.22716E-1 5.41397E-1 4.95104E-1 2.38908E-1 2.33877E-2 2.99037E-2 2.12797E-2 1.15185E-1 1.5971E-1
3.15812E-2 2.78529E-2 6.5655E-1 5.19932E-2 7.44504E-2 8.02226E-2 7.42161E-2 8.16642E-2 6.57855E-1 5.99193E-1 6.56182E-1 6.87119E-1 6.03128E-1 5.62952E-1 4.8746E-1 6.76751E-1 4.48742E-2 2.52084E-1 2.5309E-1 3.2096E-1 8.68099E-2 2.84676E-1 1.03183E-1 2.29369E-1 2.27084E-1 8.76575E-2 4.16168E-2 1.50623E-1 1.55534E-1 1.40255E-1 1.21196E-1 5.77744E-1 1.32224E-1 4.6416E-2 3.07523E-1 5.08655E-2 4.87137E-2 4.86047E-2 1.802E-1 1.69249E-1 5.70734E-1 5.2993E-1 1.57568E-1 2.12137E-1 4.0861E-1 3.15122E-2 4.52655E-2 3.34708E-2 2.09948E-2 4.07782E-2 2.72826E-1 8.50629E-2 9.03335E-1 8.63564E-1 8.7129E-1 6.43394E-1 5.71213E-1 8.62281E-1 7.77548E-1 6.74637E-1 5.81841E-1 1.07289E-1 1.55202E-2 2.14626E-2 1.34158E-2 7.38489E-2 1.00241E-1
2.60591E-2 6.27168E-1 5.26374E-1 6.23642E-1 6.39854E-1 6.72932E-1 7.23139E-2 1.36132E-1 1.38101E-1 7.0393E-2 3.29873E-2 3.25815E-2 6.34422E-1 6.50953E-1 6.58904E-1 9.9441E-1 8.01711E-1 3.32892E-1 3.15619E-1 2.82745E-1 9.62219E-2 8.47272E-2 9.40425E-2 9.11241E-2 7.13789E-2 1.47382E-1 8.65706E-2 3.45541E-2 3.98153E-2 1.1917E-1 1.18485E-1 1.22653E-1 1.98955E-1 4.75047E-2 1.50128E-1 1.43844E-1 4.31953E-2 4.90917E-2 1.56712E-1 1.76359E-1 1.69121E-1 6.51653E-1 1.5182E-1 9.78346E-2 3.55126E-1 7.86155E-2 2.86922E-2 3.63093E-2 3.07714E-2 6.31158E-2 2.82599E-1 1.64455E-1 9.35087E-1 8.11132E-1 8.59692E-1 8.7105E-1 8.98921E-1 7.64597E-1 8.73313E-1 8.91034E-1 6.19002E-1 2.51356E-1 2.80476E-2 1.7636E-2 2.41467E-2 6.75646E-2 8.61131E-2
5.39144E-2 5.0261E-1 5.33752E-1 5.1134E-1 5.81498E-1 6.73225E-1 6.43785E-2 6.26519E-1 9.84275E-1 6.40422E-1 3.46703E-2 7.91142E-2 6.47651E-1 6.4935E-1 9.91084E-1 6.25881E-1 1.1522E-1 2.97128E-1 2.80661E-1 2.65131E-1 9.48847E-2 3.18564E-2 7.09347E-2 2.92529E-1 2.8038E-1 3.71947E-2 4.06116E-2 3.35723E-2 8.81922E-2 4.2378E-2 4.15207E-2 2.9863E-2 3.98003E-2 4.65537E-2 1.39661E-1 1.60153E-1 1.32155E-1 1.1991E-1 2.23956E-1 1.47482E-1 4.88419E-2 3.78695E-2 8.26382E-2 1.54777E-1 5.0207E-1 2.79464E-1 4.22893E-2 3.77665E-2 2.87544E-2 5.39109E-2 1.76396E-1 1.33498E-1 7.60915E-1 9.18198E-1 9.59888E-1 9.86302E-1 9.82289E-1 7.62362E-1 8.48391E-1 8.59792E-1 3.95919E-1 3.52754E-1 1.54137E-1 1.10683E-1 5.83615E-2 1.34556E-2 2.29432E-2
1.60846E-1 4.83757E-1 4.98755E-1 5.46758E-1 5.6406E-1 6.01877E-1 6.31884E-1 6.14739E-1 5.98465E-1 9.91936E-1 6.17085E-1 6.37176E-1 6.34683E-1 5.91131E-1 5.75216E-1 1.48972E-1 2.54107E-1 8.88785E-1 3.10241E-1 2.97516E-2 3.23733E-2 7.69784E-2 3.30021E-2 7.88171E-1 9.90925E-1 7.69911E-1 1.28953E-1 3.78591E-2 1.3401E-1 1.20769E-1 3.15092E-2 1.11318E-1 1.11689E-1 1.22326E-1 1.45287E-1 1.36306E-1 1.46305E-1 4.54773E-2 1.44318E-1 6.29567E-1 5.81125E-1 5.60054E-1 4.96854E-1 4.23197E-1 2.89925E-1 3.88556E-1 9.34938E-2 3.50289E-2 2.66097E-2 3.05767E-2 1.1598E-1 6.84951E-2 9.11832E-1 8.47022E-1 9.31468E-1 9.10262E-1 9.07203E-1 7.98867E-1 7.23245E-1 8.68869E-1 8.52893E-1 4.04384E-1 2.60275E-1 1.56521E-1 1.02031E-1 1.20766E-2 1.81113E-2
4.12429E-1 4.4627E-1 2.25815E-2 4.45912E-2 5.56596E-1 5.7255E-1 6.55912E-1 6.76423E-1 6.4533E-1 9.82331E-1 6.78835E-1 6.33946E-1 6.25868E-1 1.228E-1 1.18483E-1 6.09086E-1 6.81194E-1 1.05603E-1 8.17142E-2 1.07847E-1 2.79831E-1 2.71662E-1 2.45562E-1 2.57365E-1 1.22586E-1 1.29486E-1 1.31837E-1 1.40645E-1 1.24397E-1 1.22958E-1 6.14774E-1 5.63241E-1 3.13235E-2 6.95112E-2 3.42453E-2 1.17108E-1 1.29789E-1 3.88223E-2 6.63007E-1 6.10046E-1 9.73049E-1 5.75471E-1 9.86791E-1 8.83571E-1 6.92893E-1 3.67492E-1 1.69796E-1 7.2613E-2 2.10092E-2 2.70254E-2 3.94687E-2 8.8243E-2 8.05693E-1 9.72762E-1 9.28776E-1 9.58101E-1 8.8474E-1 9.00814E-1 8.6103E-1 8.98356E-1 7.48635E-1 8.37588E-1 4.83343E-1 4.71857E-1 1.73583E-1 8.84656E-2 9.0617E-2
4.55639E-1 5.15939E-1 2.52477E-2 5.10635E-2 5.64244E-1 5.96518E-1 6.05494E-1 2.75011E-2 2.72042E-2 5.41563E-1 5.7833E-2 1.02498E-1 5.20715E-1 5.16895E-1 5.50575E-1 6.33739E-1 1.36937E-1 3.20011E-2 9.78446E-2 2.55897E-1 2.24653E-1 2.4004E-1 6.70674E-2 6.88918E-2 2.90748E-2 3.15866E-2 3.11107E-2 1.11892E-1 1.12229E-1 1.13628E-1 1.49418E-1 1.4732E-1 6.46759E-1 6.46527E-1 3.17958E-2 1.30908E-1 1.14932E-1 6.03893E-1 6.05632E-1 5.56636E-1 9.83404E-1 3.08083E-2 1.27173E-1 5.19973E-1 3.89231E-1 1.13767E-1 2.95883E-1 1.4995E-1 1.80648E-2 5.54647E-2 7.69202E-2 1.69983E-2 2.3458E-1 7.45115E-1 9.23781E-1 9.24259E-1 8.00352E-1 9.02428E-1 9.21654E-1 8.73223E-1 8.54421E-1 8.43769E-1 8.88671E-1 7.76658E-1 3.41628E-1 2.41436E-1 2.21741E-1
3.03043E-2 4.32393E-1 5.38354E-1 4.33919E-2 4.96234E-1 9.3409E-1 4.611E-1 4.86196E-1 5.88647E-1 5.34455E-1 5.16409E-1 8.96138E-2 9.61237E-2 5.01467E-1 5.91532E-1 6.327E-1 5.69393E-1 7.78917E-2 2.29362E-1 2.29272E-1 2.09956E-1 2.25827E-1 5.89244E-2 7.34797E-2 2.66827E-2 2.92314E-2 3.00274E-2 1.12935E-1 1.11338E-1 1.89578E-1 1.71344E-1 1.69391E-1 2.49044E-2 6.51723E-2 3.36725E-2 1.15356E-1 1.25016E-1 6.05714E-1 5.99985E-1 5.83064E-1 5.5496E-1 5.97572E-1 1.18084E-1 1.14111E-1 4.82208E-1 1.19868E-1 4.1086E-1 1.65799E-1 3.19987E-2 8.52018E-2 1.15037E-1 1.27862E-2 1.14007E-1 5.3828E-1 8.96288E-1 8.87412E-1 8.84352E-1 8.94243E-1 9.32601E-1 6.27234E-1 7.80679E-1 7.30426E-1 8.50325E-1 8.44917E-1 6.77766E-1 3.235E-1 3.97487E-1
2.91863E-2 4.86406E-1 4.70551E-1 5.11179E-1 5.25848E-1 9.66086E-1 9.32881E-1 4.39597E-1 4.84704E-1 4.26269E-2 4.55993E-2 8.47646E-2 8.91222E-2 1.31051E-1 5.44287E-1 5.27851E-1 5.85927E-1 1.31753E-1 2.73306E-1 2.54644E-1 1.83396E-1 2.38099E-1 5.92559E-2 2.32653E-2 2.82885E-2 3.05139E-2 3.01155E-2 1.11408E-1 9.70724E-2 6.32129E-1 1.47201E-1 1.71937E-1 2.77606E-2 6.65047E-1 6.12496E-1 3.1677E-2 1.09147E-1 1.64957E-1 4.9623E-1 1.62524E-1 1.09082E-1 5.08961E-1 5.60513E-1 1.52384E-1 1.08345E-1 8.98743E-2 1.43609E-1 1.54558E-1 4.06049E-2 2.61632E-2 3.74828E-2 1.68881E-2 9.03527E-2 6.10822E-1 9.19675E-1 7.85516E-1 7.68765E-1 8.53075E-1 7.34045E-1 4.23394E-1 6.729E-1 6.59779E-1 8.09998E-1 7.74286E-1 7.12651E-1 4.15122E-1 3.91656E-1
6.06225E-2 9.08325E-1 9.4624E-1 4.73016E-1 5.57586E-1 9.71815E-1 9.60453E-1 5.54754E-1 5.01574E-1 4.16237E-2 7.34842E-2 9.83822E-2 1.14882E-1 5.86574E-2 6.08799E-1 5.44333E-1 5.28829E-1 5.84849E-1 6.67887E-1 5.8699E-1 2.25817E-1 7.7106E-1 6.02921E-2 5.64878E-2 2.33474E-2 2.2492E-2 2.49561E-2 1.64198E-1 1.39697E-1 6.48097E-1 8.93615E-2 9.28377E-2 2.66689E-2 7.40773E-1 3.22413E-2 3.2266E-2 2.842E-2 1.09127E-1 1.10194E-1 9.8887E-2 1.14699E-1 5.90054E-1 2.9582E-2 1.06968E-1 1.15567E-1 6.71499E-2 4.78359E-2 1.88879E-1 1.81145E-2 1.11275E-2 3.74712E-2 1.54605E-1 8.01002E-1 8.04552E-1 7.53767E-1 7.69759E-1 6.75502E-1 5.14168E-1 6.27846E-1 5.12129E-1 6.76123E-1 7.64967E-1 7.51415E-1 5.63456E-1 4.16733E-1 5.38616E-1 4.03583E-1
5.46159E-1 4.47292E-1 8.86478E-1 4.63174E-1 5.75746E-1 6.16351E-1 6.22546E-1 6.07896E-1 5.6298E-1 2.22888E-2 6.08441E-1 2.19561E-1 2.29058E-2 5.32609E-2 5.67786E-1 9.8181E-1 9.99507E-1 9.81253E-1 9.99186E-1 9.72451E-1 9.87222E-1 2.41924E-2 1.91108E-1 5.98289E-2 2.313E-2 2.15215E-2 9.99978E-2 1.66243E-1 1.68552E-1 9.66476E-2 2.31376E-2 2.03262E-2 2.2328E-2 6.13862E-1 2.47515E-2 2.39054E-2 2.33688E-2 1.39122E-1 1.41185E-1 9.47837E-2 6.61873E-1 4.94387E-1 5.93261E-2 3.39522E-2 1.57913E-1 1.23933E-1 4.01514E-2 5.42179E-2 8.66798E-3 3.4673E-1 6.1309E-1 8.3951E-1 8.25096E-1 7.82306E-1 7.25118E-1 5.51541E-1 4.88028E-1 4.81376E-1 5.95488E-1 5.15127E-1 3.86363E-1 4.05824E-1 4.88752E-1 5.70031E-1 5.39225E-1 5.41362E-1 5.65703E-1
9.41096E-1 9.24757E-1 4.12002E-1 2.89576E-2 5.25861E-1 9.66548E-1 9.29129E-1 5.61161E-1 5.97491E-1 3.63465E-2 1.57568E-1 2.07894E-2 2.74525E-1 4.48824E-2 5.21706E-2 9.7504E-1 9.9961E-1 9.98476E-1 9.9899E-1 9.90291E-1 6.15565E-1 4.19398E-2 1.94224E-1 2.05532E-1 6.42301E-2 2.52267E-2 9.95946E-2 8.6152E-2 8.42297E-2 5.49517E-2 9.18213E-2 8.55191E-2 8.57667E-2 5.05281E-2 4.55806E-2 1.7903E-1 2.27383E-2 9.82033E-2 8.60856E-2 8.65933E-2 2.75805E-2 1.46534E-1 5.31481E-2 1.77343E-1 1.04464E-1 8.54106E-2 1.30155E-2 1.78939E-2 5.91475E-2 3.88275E-1 8.69929E-1 8.68288E-1 7.7046E-1 5.63097E-1 5.67112E-1 4.17545E-1 2.75863E-1 2.355E-1 4.2804E-1 3.31476E-1 6.08144E-1 4.73462E-1 4.84743E-1 3.94552E-1 3.60553E-1 2.23476E-1 3.31536E-1
9.3873E-1 4.51487E-1 4.58219E-1 3.56307E-2 4.92387E-1 5.03163E-1 3.75277E-1 5.22109E-1 5.62748E-1 5.52549E-1 4.0151E-2 6.56903E-2 5.96875E-1 5.89085E-1 9.87083E-1 6.28804E-1 6.34646E-1 9.76709E-1 9.98919E-1 9.83613E-1 9.90932E-1 6.39648E-1 4.01379E-2 4.11899E-2 5.50705E-2 6.13313E-2 2.36504E-2 8.45261E-2 9.3601E-2 4.9946E-2 2.42816E-2 2.6042E-2 2.34765E-2 1.97825E-2 4.38107E-2 5.5158E-2 2.67354E-2 2.81496E-2 5.21928E-1 2.1154E-2 2.79764E-2 4.65075E-2 2.23902E-2 2.65447E-2 5.77649E-2 5.95183E-2 4.07423E-2 9.19053E-2 2.46971E-1 9.7669E-1 8.86203E-1 8.50489E-1 6.11217E-1 1.21566E-1 1.74707E-1 1.10734E-1 1.18314E-1 8.17534E-2 1.48209E-1 1.38608E-1 1.91552E-1 2.0804E-1 1.83689E-1 5.85678E-2 5.56474E-2 5.55588E-2 1.00387E-1
9.02835E-1 4.27807E-1 4.37975E-1 4.10345E-1 4.50218E-1 5.43554E-1 5.48778E-1 5.59059E-1 2.02728E-2 5.61988E-1 3.83057E-2 8.22812E-2 5.6653E-1 5.91976E-1 9.88828E-1 5.87635E-1 5.93565E-1 9.85591E-1 9.99597E-1 9.89545E-1 9.91381E-1 9.87329E-1 3.94394E-2 2.03598E-2 3.21829E-2 9.04793E-2 9.82134E-2 9.39071E-2 1.5306E-1 2.31038E-2 9.02189E-2 2.36351E-2 2.39832E-2 5.64878E-1 3.67905E-2 2.58645E-2 2.17054E-2 2.01441E-2 6.50912E-2 1.95989E-2 2.72049E-2 4.75493E-2 3.52888E-2 2.71087E-2 2.53725E-2 2.92419E-2 5.178E-2 6.80423E-1 1.59995E-1 4.08215E-1 7.2771E-1 5.2473E-1 5.22307E-2 2.13314E-1 8.99628E-2 2.50452E-1 1.5212E-1 1.09541E-1 1.49306E-1 2.33344E-1 1.20207E-1 2.18852E-1 7.13596E-2 4.74037E-2 4.99136E-2 7.69647E-2 6.45601E-2
9.02662E-1 4.59082E-1 4.5521E-1 9.1695E-1 8.94267E-1 4.62713E-1 5.61994E-1 5.62353E-1 4.86546E-1 5.26239E-1 3.28359E-2 7.87104E-2 8.82387E-2 6.08859E-1 6.21929E-1 5.92622E-1 5.47657E-1 5.74282E-1 9.82025E-1 9.88479E-1 9.90048E-1 6.37615E-1 6.27548E-1 7.00708E-2 3.15356E-2 5.39503E-2 5.06558E-2 2.04414E-2 2.29678E-2 2.14316E-2 8.50276E-2 8.99004E-2 8.42777E-2 2.1625E-2 3.82671E-2 2.38606E-2 2.24161E-2 1.75854E-2 6.9884E-2 7.42878E-2 2.50529E-2 4.21907E-2 4.69921E-2 2.05992E-2 4.33129E-2 4.75272E-2 2.74823E-2 4.44059E-2 2.97344E-2 1.7345E-2 1.52393E-2 1.38275E-2 1.46405E-1 1.36612E-1 4.85012E-2 1.88537E-1 1.42283E-1 8.903E-2 7.85059E-2 1.91464E-1 1.16701E-1 1.13736E-1 6.01581E-2 1.41494E-1 2.0545E-1 1.30045E-1 4.35479E-2
