ENM/Final_Models/M_1_F_q_Set_1_E/Gustavia_santanderiensis_Choco_median.asc
ncols         367
nrows         963
xllcorner     -78.6
yllcorner     0.65
cellsize      0.00833333333333323
NODATA_value  -9999
[rows 825 to 857 of 963, columns 146 to 218 of 367]
1.70221E-4 9.64598E-6 4.06149E-6 1.7132E-5 1.34232E-4 3.23036E-3 2.97753E-2 3.69271E-2 -9999 -9999 -9999 -9999 -9999 -9999 -9999 -9999 -9999 -9999 -9999 -9999 -9999 -9999 -9999 -9999 1.08402E-2 5.12665E-3 5.50495E-3 4.79509E-3 7.89643E-3 2.21475E-2 -9999 -9999 -9999 -9999 -9999 -9999 -9999 -9999 1.06689E-2 8.03502E-3 4.41975E-3 1.51707E-3 6.31809E-4 5.38357E-5 5.10744E-5 5.73462E-4 3.48446E-4 1.00137E-3 9.0536E-4 3.91043E-4 2.47285E-4 4.95274E-4 3.07833E-4 6.88401E-5 1.99775E-5 7.68737E-6 7.88939E-6 1.86105E-5 1.25181E-4 1.88958E-4 4.41649E-5 1.36574E-5 3.30227E-5 1.82338E-5 2.98048E-5 2.12743E-5 1.03592E-5 1.36183E-5 2.41058E-5 8.28638E-5 5.16445E-5 4.05448E-5 9.64584E-5
1.37315E-5 1.8282E-5 1.38478E-5 3.76328E-5 1.29203E-4 1.0454E-3 6.34087E-3 4.86013E-2 -9999 -9999 -9999 -9999 -9999 -9999 -9999 -9999 -9999 -9999 -9999 -9999 -9999 -9999 -9999 6.1336E-3 5.45179E-3 4.45568E-3 5.40489E-3 7.57524E-3 6.45254E-3 1.0333E-2 -9999 -9999 -9999 -9999 -9999 -9999 -9999 -9999 2.90561E-3 2.06394E-3 1.29113E-3 1.1593E-3 3.61937E-4 1.80636E-4 7.47714E-5 3.08511E-4 6.50985E-5 1.40188E-4 4.11195E-4 2.03265E-4 1.68224E-4 8.34828E-5 3.65847E-5 6.15298E-5 5.38589E-5 6.43197E-5 1.98827E-5 1.31143E-5 5.04501E-5 1.44759E-4 6.45684E-5 3.06403E-5 3.40835E-5 3.62909E-5 2.78292E-5 1.57771E-5 2.36957E-5 1.94651E-5 2.43466E-5 1.15656E-4 1.33379E-4 1.72684E-4 2.73965E-4
9.23403E-5 1.91352E-4 1.60458E-4 4.87801E-5 1.6669E-4 9.69466E-4 1.52522E-2 4.7519E-2 -9999 -9999 -9999 -9999 -9999 -9999 -9999 -9999 -9999 -9999 -9999 -9999 -9999 -9999 -9999 -9999 -9999 3.95339E-3 6.33117E-3 4.24926E-3 5.62944E-3 1.17174E-2 -9999 -9999 -9999 -9999 -9999 -9999 -9999 -9999 2.59143E-3 1.0104E-3 4.79892E-4 2.68336E-4 9.2019E-5 5.20868E-5 5.66414E-5 4.00233E-4 1.0935E-4 7.60236E-5 2.28498E-4 1.69984E-4 1.36597E-4 3.5018E-4 2.33198E-5 2.15483E-5 2.08666E-5 3.85428E-5 5.08564E-5 7.09027E-5 9.51892E-6 1.42346E-4 1.19148E-4 7.02919E-5 3.159E-5 4.51253E-5 3.43025E-5 4.53052E-5 9.2919E-5 1.26967E-4 3.8986E-5 1.38048E-4 8.336E-5 3.21401E-4 2.56714E-4
9.48462E-5 3.08693E-4 1.17667E-4 4.55675E-5 2.71066E-4 5.63787E-4 5.83042E-3 2.72984E-2 -9999 -9999 -9999 -9999 -9999 -9999 -9999 -9999 -9999 -9999 -9999 -9999 -9999 -9999 -9999 -9999 -9999 -9999 2.12747E-3 2.65279E-3 5.44009E-3 8.9584E-3 -9999 -9999 8.51213E-3 -9999 -9999 -9999 -9999 -9999 4.36526E-3 6.65909E-4 1.18169E-4 6.9647E-5 3.71134E-5 3.44075E-5 8.51322E-5 1.44866E-4 7.57772E-5 2.16884E-5 4.90456E-5 1.89568E-4 7.48688E-5 2.48104E-5 5.71147E-5 1.58543E-5 2.76404E-5 5.39446E-6 6.2491E-5 3.88548E-5 4.84532E-5 2.9495E-4 1.87364E-4 8.64647E-5 1.02647E-5 1.90742E-5 6.96633E-5 1.27704E-5 3.27649E-5 9.63932E-5 1.9776E-4 1.24928E-4 1.81525E-4 1.86212E-4 1.7102E-4
1.7379E-4 6.55644E-4 5.92918E-4 9.11426E-5 3.74095E-4 4.02384E-4 1.43164E-3 1.65708E-2 3.58101E-2 -9999 -9999 -9999 -9999 -9999 -9999 -9999 -9999 -9999 -9999 -9999 -9999 -9999 -9999 -9999 -9999 -9999 -9999 1.93267E-3 4.17615E-3 7.34863E-3 -9999 -9999 1.30305E-2 -9999 -9999 -9999 -9999 3.85772E-3 4.71349E-3 1.28436E-3 2.45474E-4 4.04582E-5 2.16526E-5 4.00301E-5 8.39007E-5 4.8962E-5 6.23141E-5 2.4341E-5 3.32113E-5 1.7665E-4 6.32091E-5 1.06475E-5 7.41439E-6 9.87422E-6 1.46306E-4 7.15237E-5 4.88764E-5 2.00743E-5 3.84291E-5 6.30379E-5 1.8163E-4 1.73322E-4 2.97146E-5 9.61092E-6 3.03256E-5 2.72227E-5 7.91791E-5 2.13249E-4 2.69002E-4 2.25547E-4 2.53376E-4 2.08547E-4 -9999
1.40184E-3 9.75669E-4 6.95168E-4 4.73784E-4 9.75156E-4 9.55911E-4 1.21022E-3 1.97731E-2 4.0296E-2 -9999 -9999 -9999 -9999 -9999 -9999 -9999 -9999 -9999 -9999 -9999 -9999 -9999 -9999 -9999 1.14762E-2 -9999 -9999 2.68656E-3 1.99755E-3 4.66005E-3 -9999 -9999 -9999 -9999 -9999 1.459E-3 1.49228E-3 3.8336E-3 1.56188E-3 5.24197E-4 1.00858E-4 3.84682E-5 4.91235E-5 3.62985E-5 6.05952E-5 5.88567E-5 5.54606E-5 4.3827E-5 3.95395E-5 9.65868E-5 1.48393E-5 1.51578E-5 6.26204E-5 3.49407E-5 2.26247E-4 1.85671E-4 7.44157E-5 3.01592E-5 4.61073E-5 2.50578E-5 8.54163E-5 1.74972E-4 3.8278E-5 9.84198E-6 7.31239E-5 3.48484E-5 1.40243E-4 4.21789E-4 2.89597E-4 3.6267E-4 2.46211E-4 2.16338E-4 -9999
1.40388E-3 2.74908E-3 1.54103E-3 1.18583E-3 4.42173E-3 1.84334E-3 2.82898E-3 3.08774E-2 4.90697E-2 -9999 -9999 -9999 -9999 -9999 -9999 -9999 -9999 -9999 -9999 1.42053E-2 2.24261E-2 -9999 -9999 9.35548E-3 1.20864E-2 -9999 -9999 4.8112E-3 2.65654E-3 1.18791E-2 4.41996E-3 -9999 -9999 2.94941E-3 7.79419E-4 6.29305E-4 8.48338E-4 6.23828E-4 3.45266E-4 8.45677E-5 1.76038E-4 6.60544E-5 4.67361E-5 2.46962E-5 6.86208E-5 7.60922E-5 3.68058E-5 4.44752E-5 4.39157E-5 1.26966E-4 6.83556E-5 2.09961E-5 7.71199E-5 2.49084E-4 5.02881E-4 9.45426E-5 3.9101E-5 2.72675E-5 6.89759E-5 8.56274E-5 4.86346E-5 1.01229E-4 7.40889E-5 1.94272E-5 1.29272E-4 2.22395E-4 5.57345E-5 1.19556E-4 2.0084E-4 3.19858E-4 3.42823E-4 1.97229E-4 -9999
1.07262E-3 4.7096E-3 1.04792E-2 1.35883E-2 8.57236E-3 1.63656E-3 3.27772E-3 3.61727E-2 4.51689E-2 -9999 -9999 -9999 -9999 -9999 -9999 -9999 -9999 -9999 -9999 1.22781E-2 1.13635E-2 -9999 -9999 7.7534E-3 1.40103E-2 -9999 -9999 4.6048E-3 3.30251E-3 5.96272E-3 5.6854E-3 -9999 -9999 1.75389E-3 4.64274E-4 3.55903E-4 1.26989E-4 1.43781E-4 2.8063E-4 2.15043E-4 1.42812E-4 7.35655E-5 2.09853E-5 1.76932E-5 5.03014E-5 3.10041E-5 3.14183E-5 1.05441E-4 1.44924E-4 1.32828E-4 8.43481E-5 2.65994E-5 3.75943E-5 3.15182E-4 2.51229E-4 8.02086E-5 2.15164E-5 1.99887E-5 6.45122E-5 8.23426E-5 5.2917E-5 9.85666E-5 8.24688E-5 7.76845E-5 2.26279E-4 4.81506E-4 2.32796E-4 3.36766E-4 2.31901E-4 4.03649E-4 2.98291E-4 5.32346E-4 -9999
4.05637E-4 8.61499E-4 9.65463E-3 2.91682E-2 1.28923E-2 1.59995E-3 4.36742E-3 3.52201E-2 5.32827E-2 -9999 -9999 -9999 -9999 -9999 -9999 -9999 -9999 -9999 -9999 1.34535E-2 9.26955E-3 -9999 -9999 1.00523E-2 1.12326E-2 -9999 -9999 4.09055E-3 1.40738E-2 2.08843E-2 8.29819E-3 -9999 -9999 3.59058E-4 1.64792E-4 1.71591E-4 1.51634E-4 3.61073E-4 1.93681E-4 7.25811E-5 3.64179E-5 2.84145E-5 2.10463E-5 1.19918E-5 3.18065E-5 2.97946E-5 8.69089E-6 5.09465E-5 6.45412E-5 2.99044E-4 2.64075E-4 1.08151E-4 1.17414E-4 3.54664E-4 1.89044E-4 1.28288E-4 7.601E-5 4.53571E-5 9.14143E-5 4.68371E-5 7.24566E-5 2.01723E-4 2.68637E-4 8.85215E-5 1.81844E-4 1.86975E-4 2.83996E-4 2.49282E-4 3.88307E-4 2.55044E-4 3.66878E-4 -9999 -9999
8.06027E-4 8.9109E-4 1.22308E-3 1.73971E-2 8.24719E-3 8.97898E-3 2.1895E-2 3.94638E-2 1.00654E-1 -9999 -9999 -9999 -9999 -9999 -9999 -9999 -9999 -9999 2.81292E-3 4.31145E-3 7.60184E-3 -9999 -9999 7.17298E-3 9.09708E-3 4.37232E-3 2.57761E-3 4.9109E-3 8.92621E-3 1.8014E-2 9.81264E-3 -9999 3.92031E-3 3.82614E-4 2.77706E-4 5.90143E-4 4.95907E-4 1.83823E-4 6.52527E-5 2.02793E-5 1.64604E-5 2.89882E-5 2.33095E-5 1.55398E-5 1.96293E-5 3.56598E-5 1.24953E-5 3.26823E-5 5.43966E-5 1.85121E-4 3.973E-4 4.66878E-4 1.96637E-4 2.2528E-4 4.72395E-4 4.23277E-4 1.97948E-4 1.21761E-4 6.07371E-5 5.43843E-5 8.27512E-5 3.27111E-4 5.53006E-4 2.09716E-4 1.97046E-4 3.41414E-4 3.56596E-4 3.03263E-4 3.11336E-4 4.91078E-4 4.16978E-4 -9999 -9999
1.67596E-3 3.39766E-3 4.11279E-3 2.10869E-2 2.13109E-2 1.39473E-2 4.90507E-2 8.79765E-2 -9999 -9999 -9999 -9999 -9999 -9999 -9999 -9999 -9999 -9999 5.14819E-3 1.4856E-3 2.79568E-3 5.46453E-3 -9999 6.64279E-3 4.53734E-3 6.5058E-3 3.58481E-3 1.04918E-2 1.24788E-2 2.12706E-2 7.51051E-3 7.29408E-3 4.43616E-3 1.49544E-3 7.43577E-4 2.78157E-4 1.33929E-4 7.60025E-5 3.46447E-5 1.251E-5 2.30262E-5 4.91601E-5 4.03814E-5 2.93979E-5 4.00955E-5 6.95379E-5 4.81159E-5 1.11353E-4 9.09614E-5 2.89789E-4 1.95069E-4 2.26946E-4 1.07453E-4 2.15484E-4 6.92095E-4 7.58543E-4 3.98416E-4 1.43378E-4 1.14681E-4 2.18565E-4 3.34725E-4 3.35992E-4 5.06034E-4 4.31246E-4 2.38556E-4 3.78133E-4 4.49661E-4 4.74193E-4 4.51269E-4 3.80875E-4 3.36758E-4 -9999 -9999
6.17252E-3 1.12378E-2 1.87371E-2 2.02776E-2 2.44818E-2 4.28582E-2 4.70646E-2 -9999 -9999 -9999 -9999 -9999 -9999 -9999 -9999 1.10253E-2 1.32446E-2 1.03677E-2 5.25666E-3 1.44966E-3 1.47917E-3 2.43209E-3 2.88297E-3 3.50385E-3 3.17279E-3 2.78922E-3 1.19489E-2 1.04159E-2 1.17609E-2 2.19174E-2 9.58629E-3 8.57285E-3 4.81632E-3 1.69375E-3 3.39107E-4 3.03073E-4 1.44567E-4 1.8782E-5 2.35278E-5 1.70369E-5 1.51212E-5 2.30582E-5 2.09491E-5 2.17406E-5 4.60232E-5 4.54547E-5 7.1322E-5 2.36458E-5 2.75314E-5 8.69077E-5 8.34809E-5 5.27993E-5 6.29467E-5 3.54808E-4 5.68583E-4 2.50529E-4 2.69488E-4 1.45343E-4 2.96325E-4 5.51446E-4 6.22017E-4 3.27727E-4 5.62127E-4 5.60469E-4 4.21426E-4 5.93944E-4 4.60436E-4 4.45486E-4 3.93645E-4 3.21149E-4 2.91481E-4 -9999 -9999
1.03088E-2 3.80937E-2 5.52246E-2 1.98027E-2 3.10029E-2 3.95904E-2 -9999 -9999 -9999 -9999 -9999 -9999 -9999 -9999 -9999 2.90427E-2 2.3294E-2 2.24428E-2 2.34717E-2 7.94171E-3 -9999 2.36593E-3 3.0891E-3 5.29755E-3 4.43376E-3 9.46823E-3 5.40957E-3 9.06183E-3 1.06893E-2 1.9081E-2 1.23698E-2 6.23021E-3 1.23792E-3 8.23749E-4 2.75602E-4 2.71003E-4 4.0799E-4 6.71815E-5 3.16541E-5 1.70959E-5 2.74571E-5 2.4019E-5 4.78885E-5 1.32144E-5 2.02899E-5 3.90556E-5 2.47217E-5 1.83934E-5 4.45601E-5 5.25834E-5 1.91582E-5 3.76312E-5 8.11062E-5 2.76966E-4 1.636E-4 1.6906E-4 2.98998E-4 3.48286E-4 3.7747E-4 7.32449E-4 6.61248E-4 5.66738E-4 6.06056E-4 4.79829E-4 4.64238E-4 4.88079E-4 3.07323E-4 2.39884E-4 3.06534E-4 2.54585E-4 2.35428E-4 -9999 -9999
4.86418E-3 9.76859E-3 3.23017E-2 3.88544E-2 -9999 -9999 -9999 -9999 -9999 -9999 -9999 -9999 -9999 -9999 -9999 -9999 2.62681E-2 3.38186E-2 -9999 -9999 -9999 3.56023E-3 -9999 -9999 8.1809E-3 1.06752E-2 7.56754E-3 -9999 -9999 -9999 1.36976E-2 1.99825E-3 6.32356E-4 5.9505E-4 3.06533E-4 5.38187E-4 2.48144E-4 2.27337E-4 3.50839E-5 3.8282E-5 3.28452E-5 5.30919E-5 4.29234E-5 1.85158E-5 1.5349E-5 9.83375E-6 1.27413E-5 1.96762E-5 5.89474E-5 1.5766E-5 1.77519E-5 3.36673E-5 8.56455E-5 1.14641E-4 9.53484E-5 2.07999E-4 5.54626E-4 4.60073E-4 5.53986E-4 7.14281E-4 5.08675E-4 4.1453E-4 4.97766E-4 4.71878E-4 4.68469E-4 -9999 -9999 -9999 2.73973E-4 3.43078E-4 2.19196E-4 -9999 -9999
1.5149E-3 1.07056E-2 4.80127E-2 1.15203E-1 -9999 -9999 -9999 -9999 -9999 -9999 -9999 -9999 -9999 -9999 -9999 -9999 -9999 -9999 -9999 -9999 -9999 -9999 -9999 -9999 -9999 -9999 -9999 -9999 -9999 -9999 6.92051E-3 4.44704E-3 1.24268E-3 2.26285E-3 1.74671E-3 8.8078E-4 3.59316E-4 5.26863E-4 1.50773E-4 5.30752E-4 2.66919E-4 2.32659E-4 4.62312E-5 2.04236E-5 1.69637E-5 1.0645E-5 2.14615E-5 9.90855E-6 1.31011E-5 1.64735E-5 3.61847E-5 1.92183E-5 2.39373E-5 6.07196E-5 8.4911E-5 2.99292E-4 7.02704E-4 4.61106E-4 6.53114E-4 6.86096E-4 4.73355E-4 2.85617E-4 3.20591E-4 4.11254E-4 -9999 -9999 -9999 -9999 2.61333E-4 1.45314E-4 6.5017E-5 -9999 -9999
5.06905E-3 2.26969E-2 6.30317E-2 3.841E-2 -9999 -9999 -9999 -9999 -9999 -9999 -9999 -9999 -9999 -9999 -9999 -9999 -9999 -9999 -9999 -9999 -9999 -9999 -9999 -9999 -9999 -9999 -9999 -9999 -9999 -9999 8.06304E-3 6.15614E-3 5.36849E-3 1.59186E-3 2.9942E-3 1.0498E-3 6.06021E-4 5.65262E-4 8.7194E-4 7.13086E-4 3.31659E-4 2.70599E-4 1.34408E-4 5.22986E-5 2.03034E-5 1.16068E-5 1.11448E-5 2.21825E-5 4.99411E-5 1.93821E-5 1.65344E-5 5.14674E-5 2.02679E-5 4.83348E-5 1.03775E-4 3.34932E-4 4.99154E-4 6.10537E-4 6.16379E-4 5.8762E-4 5.35605E-4 -9999 -9999 -9999 -9999 -9999 -9999 9.26478E-5 5.80474E-5 8.29827E-5 8.56172E-5 -9999 -9999
3.69675E-3 9.6657E-3 6.08611E-2 -9999 -9999 -9999 -9999 -9999 -9999 -9999 -9999 -9999 -9999 -9999 -9999 -9999 -9999 -9999 -9999 -9999 -9999 -9999 -9999 -9999 -9999 -9999 -9999 5.67374E-3 7.95517E-3 1.66918E-2 4.74371E-3 2.55119E-3 4.18839E-3 2.21762E-3 1.38359E-3 7.80208E-4 5.24042E-4 1.29568E-3 1.09456E-3 2.17573E-4 2.51559E-5 6.7473E-5 1.32084E-4 8.01023E-5 4.41311E-5 2.93384E-5 2.52823E-5 1.09047E-5 8.43964E-6 1.36559E-5 3.24635E-5 1.28549E-4 3.51993E-5 9.42922E-5 1.06655E-4 2.50068E-4 6.88999E-4 6.03993E-4 5.4575E-4 5.96571E-4 4.86665E-4 -9999 -9999 -9999 1.90469E-4 2.51551E-4 2.31366E-4 1.83318E-4 9.58056E-5 9.56639E-5 1.43448E-4 -9999 -9999
2.3979E-3 4.59439E-2 6.23756E-2 -9999 -9999 -9999 -9999 -9999 -9999 -9999 -9999 -9999 -9999 -9999 -9999 -9999 -9999 -9999 -9999 -9999 -9999 -9999 -9999 -9999 -9999 9.41077E-3 6.03883E-3 3.85479E-3 7.83974E-3 2.50783E-2 1.75971E-2 1.08131E-2 3.32461E-3 2.26897E-3 1.29249E-3 1.78168E-3 1.39038E-3 3.69405E-4 3.35092E-4 9.63392E-5 1.62721E-5 3.16797E-6 2.03201E-5 4.55718E-5 2.37075E-5 1.50705E-5 4.07434E-6 6.50733E-6 6.32847E-6 1.83916E-5 2.94697E-5 1.19776E-4 1.19915E-4 1.61869E-4 2.2665E-4 4.24763E-4 7.25165E-4 6.43754E-4 6.44252E-4 2.91322E-4 3.67155E-4 -9999 -9999 2.46143E-4 2.0625E-4 3.14375E-4 3.20015E-4 3.06597E-4 3.31549E-4 1.64303E-4 2.51416E-4 -9999 -9999
1.73255E-2 8.45064E-2 -9999 -9999 -9999 -9999 -9999 -9999 -9999 -9999 -9999 -9999 -9999 -9999 -9999 -9999 -9999 -9999 -9999 -9999 -9999 -9999 -9999 -9999 8.8026E-3 3.13564E-3 2.28422E-3 2.71584E-3 2.92094E-3 7.8153E-3 7.90318E-3 8.59281E-3 3.01839E-3 2.42087E-3 6.05497E-3 7.51738E-4 1.70518E-4 1.33281E-4 7.47638E-5 9.64388E-5 1.1652E-5 1.43009E-5 1.9529E-5 1.89176E-5 1.58103E-5 1.35188E-5 6.69374E-5 4.96623E-5 1.04688E-5 1.26626E-5 6.02319E-5 5.97534E-5 1.94802E-4 2.42919E-4 4.30522E-4 5.95029E-4 5.21041E-4 6.69996E-4 7.3556E-4 -9999 -9999 -9999 -9999 2.00126E-4 2.05491E-4 4.31644E-4 1.75001E-4 2.428E-4 3.75948E-4 2.40348E-4 1.72865E-4 -9999 -9999
-9999 -9999 -9999 -9999 -9999 -9999 -9999 -9999 -9999 -9999 -9999 -9999 -9999 -9999 -9999 -9999 -9999 -9999 -9999 -9999 -9999 -9999 -9999 5.95818E-3 1.4486E-3 1.41276E-3 1.67898E-3 2.50025E-3 1.17126E-3 3.88794E-3 4.34605E-3 3.36879E-3 1.16935E-2 9.58645E-3 3.45674E-3 1.68591E-4 7.7963E-5 1.26961E-4 6.04343E-5 1.96633E-5 2.33715E-5 2.05719E-5 2.34225E-5 1.52592E-5 1.2422E-5 6.1962E-5 1.00284E-4 2.48585E-5 1.08478E-5 2.14395E-5 4.93283E-5 9.23763E-5 7.99814E-5 1.7309E-4 5.36461E-4 3.51722E-4 2.89499E-4 5.68847E-4 6.95877E-4 -9999 -9999 -9999 -9999 1.37692E-4 1.80477E-4 1.72536E-4 2.54628E-5 4.92543E-5 1.39113E-4 3.79861E-4 4.54998E-4 6.72229E-4 -9999
-9999 -9999 -9999 -9999 -9999 -9999 -9999 -9999 -9999 -9999 -9999 -9999 -9999 -9999 -9999 -9999 -9999 -9999 -9999 3.26517E-2 3.62686E-2 -9999 -9999 5.86812E-3 5.5925E-4 5.33014E-4 8.50202E-4 1.37542E-3 1.35791E-3 1.88778E-3 3.94435E-4 8.56057E-4 2.65712E-3 1.91647E-3 1.52995E-3 2.58601E-4 5.75819E-5 5.1118E-5 3.82809E-5 2.40725E-5 3.00254E-5 2.8328E-5 1.39295E-5 1.43322E-5 1.74446E-5 6.16038E-5 5.51071E-5 1.77616E-5 1.90023E-5 2.26876E-5 1.58194E-5 2.95131E-5 1.16372E-4 1.29158E-4 2.13528E-4 2.60735E-4 4.33079E-4 8.31533E-4 5.59619E-4 -9999 -9999 -9999 -9999 -9999 -9999 1.49063E-4 1.15111E-4 9.30284E-5 9.87484E-5 1.99469E-4 4.28825E-4 5.54529E-4 -9999
-9999 -9999 -9999 -9999 -9999 9.13138E-2 -9999 -9999 -9999 -9999 -9999 -9999 -9999 -9999 -9999 -9999 -9999 -9999 2.12479E-2 3.08566E-2 3.43769E-2 -9999 -9999 2.78696E-3 8.13846E-4 8.03223E-4 9.86594E-4 1.88726E-3 1.56955E-3 1.28718E-3 3.76393E-4 7.42954E-4 2.23271E-3 8.71498E-4 1.1231E-3 4.87912E-4 7.92939E-5 4.17701E-5 3.13931E-5 3.13292E-5 2.8671E-5 6.05773E-5 7.5859E-5 3.80645E-5 4.77337E-5 3.18924E-5 2.91026E-5 3.56227E-5 3.79859E-5 2.90858E-5 4.77138E-5 4.80253E-5 9.14373E-5 1.11414E-4 2.86333E-4 4.0892E-4 7.57947E-4 7.8399E-4 7.17091E-4 -9999 -9999 -9999 -9999 -9999 -9999 8.92002E-5 4.10123E-5 3.61859E-5 1.13079E-4 2.34876E-4 3.02566E-4 6.17427E-4 -9999
-9999 -9999 -9999 -9999 4.98859E-2 7.35324E-2 -9999 -9999 -9999 -9999 -9999 -9999 -9999 -9999 6.32705E-2 4.52659E-2 -9999 -9999 1.34018E-2 3.09808E-2 2.18045E-2 4.67942E-3 7.79644E-4 8.80336E-4 6.72845E-4 2.00197E-4 8.73057E-4 1.93115E-3 2.05516E-3 8.83068E-4 4.59786E-4 8.94094E-4 1.44179E-3 2.96405E-4 1.25243E-4 2.61412E-4 1.09919E-4 2.90162E-5 2.60689E-5 2.26606E-5 6.3368E-5 1.85757E-4 1.96817E-4 1.88901E-4 7.48668E-5 4.10712E-5 5.53423E-5 1.19319E-4 8.24002E-5 6.74434E-5 6.09467E-5 5.90944E-5 1.796E-4 2.05055E-4 2.97081E-4 4.32934E-4 6.63218E-4 7.85824E-4 6.20539E-4 6.53765E-4 3.50246E-4 3.46806E-4 -9999 -9999 -9999 7.351E-5 4.24587E-5 6.89802E-5 1.29065E-4 2.00722E-4 2.81739E-4 4.61258E-4 7.45361E-4
-9999 -9999 5.97919E-2 5.64283E-2 3.85824E-2 5.59314E-2 -9999 -9999 -9999 1.0918E-2 2.10271E-2 -9999 -9999 4.38755E-2 6.54364E-2 5.27451E-2 -9999 -9999 1.40161E-2 2.26582E-2 8.50705E-3 2.65031E-3 6.04272E-4 3.34592E-4 4.509E-4 1.9347E-4 3.0268E-4 6.38366E-4 3.66272E-4 3.44739E-4 2.08328E-4 9.68772E-4 6.96919E-4 1.30197E-4 4.7128E-5 1.33228E-4 2.8846E-4 4.70896E-5 3.5716E-5 4.11487E-5 2.29932E-4 5.86441E-4 3.5638E-4 1.38178E-4 5.10937E-5 5.4652E-5 4.20983E-5 4.81734E-5 9.0397E-5 5.16606E-5 8.50785E-5 5.5666E-5 1.12416E-4 1.51601E-4 3.18527E-4 5.19697E-4 8.05515E-4 6.53251E-4 7.01089E-4 6.79301E-4 5.16804E-4 4.30403E-4 3.97351E-4 -9999 -9999 9.65891E-5 2.56972E-5 2.2334E-5 3.58006E-5 1.26282E-4 2.0364E-4 3.3691E-4 8.14862E-4
-9999 -9999 5.6794E-2 3.53345E-2 4.97062E-2 5.04091E-2 -9999 -9999 -9999 5.33603E-3 9.96778E-3 4.09643E-3 1.458E-2 3.04488E-2 5.34266E-2 3.55022E-2 -9999 1.3145E-2 1.06625E-2 3.85907E-3 1.82464E-3 3.61965E-4 2.28592E-4 2.28349E-4 3.5029E-4 2.59361E-4 1.6488E-4 3.11558E-4 2.43722E-4 2.40269E-4 1.81543E-4 5.18862E-4 7.25364E-4 1.36625E-4 3.50854E-5 1.14746E-4 1.73435E-4 3.12695E-5 3.94808E-5 4.98332E-5 1.73603E-4 2.06348E-4 1.61912E-4 6.62967E-5 4.55748E-5 4.92912E-5 6.72368E-5 4.30994E-5 1.1814E-4 1.80118E-4 1.29891E-4 6.09244E-5 1.02267E-4 1.17622E-4 2.71022E-4 4.4399E-4 5.55926E-4 3.82946E-4 5.47698E-4 5.06383E-4 6.64387E-4 4.29157E-4 3.93377E-4 -9999 -9999 8.06861E-5 4.25177E-5 2.28645E-5 2.64549E-5 1.97065E-5 9.95184E-5 2.42121E-4 8.73824E-4
-9999 -9999 -9999 -9999 1.83968E-2 1.36508E-2 1.34746E-2 5.12135E-3 9.65498E-4 1.80303E-3 3.21164E-3 1.73361E-3 5.72846E-3 1.84778E-2 4.53219E-2 1.62057E-2 1.11939E-2 5.17619E-3 1.98559E-3 8.55421E-4 7.34049E-4 2.14785E-4 1.68018E-4 1.54765E-4 1.52279E-4 1.28549E-4 7.71964E-5 1.22172E-4 4.73618E-5 1.28759E-4 1.78994E-4 3.71487E-4 2.12298E-4 8.70715E-5 8.59886E-5 5.46935E-5 6.59458E-5 5.0253E-5 3.60774E-5 1.03545E-4 1.42752E-4 1.97566E-4 1.18041E-4 7.9284E-5 1.0048E-4 5.73074E-5 6.59373E-5 6.7329E-5 2.67482E-4 2.47587E-4 2.30403E-4 9.078E-5 1.69439E-4 1.91995E-4 1.30939E-4 1.46135E-4 2.55759E-4 4.1104E-4 6.85991E-4 6.96582E-4 4.93983E-4 2.76701E-4 -9999 -9999 -9999 1.38208E-4 1.01193E-4 3.34179E-5 2.94787E-5 1.97997E-5 4.50714E-5 2.01023E-4 5.97099E-4
-9999 -9999 -9999 -9999 2.53395E-3 2.60874E-3 5.61158E-3 1.98475E-3 8.11467E-4 6.62751E-4 1.0754E-3 8.88366E-4 1.30394E-3 8.82437E-3 1.63158E-2 6.82069E-3 2.29414E-3 4.26824E-4 5.35554E-4 2.62862E-4 2.75435E-4 6.03889E-5 4.49817E-5 7.9843E-5 5.9144E-5 1.31645E-4 1.40231E-4 8.56861E-5 3.7017E-5 6.90764E-5 1.15512E-4 2.51486E-4 1.54136E-4 5.92284E-5 1.24613E-4 1.24919E-4 7.841E-5 4.0425E-5 5.18016E-5 4.84613E-5 7.23139E-5 8.35244E-5 1.54631E-4 2.37128E-4 1.96035E-4 7.16711E-5 8.69381E-5 8.39336E-5 1.52047E-4 1.48005E-4 2.6629E-4 2.13184E-4 1.83559E-4 2.04809E-4 2.4925E-4 2.60667E-4 2.88491E-4 5.99074E-4 7.47679E-4 5.95682E-4 -9999 -9999 -9999 -9999 1.53877E-4 8.04606E-5 1.0051E-4 1.78977E-4 1.61896E-4 3.17268E-5 2.56568E-5 1.62633E-4 4.32556E-4
-9999 -9999 3.84996E-2 1.36304E-2 4.77149E-3 8.13393E-4 4.98176E-4 5.15523E-4 1.97914E-4 2.82559E-4 1.32852E-3 1.83462E-3 1.67871E-3 3.18083E-3 1.05861E-2 4.58269E-3 1.84692E-3 2.49243E-4 1.31267E-4 2.21265E-4 1.42025E-4 1.80273E-5 3.49181E-5 2.94037E-5 4.40555E-5 7.73942E-5 8.10155E-5 5.14711E-5 3.69387E-5 3.31068E-5 4.93888E-5 9.26629E-5 4.11107E-5 4.04541E-5 7.43804E-5 7.48414E-5 1.02302E-4 1.16227E-4 1.00877E-4 8.30357E-5 1.11708E-4 1.39348E-4 1.60381E-4 2.19401E-4 2.43116E-4 2.41715E-4 2.40533E-4 2.1229E-4 1.53752E-4 2.7109E-4 2.91889E-4 4.37398E-4 3.39638E-4 2.99838E-4 3.18006E-4 3.98149E-4 3.64909E-4 5.47618E-4 6.34758E-4 5.24776E-4 -9999 -9999 -9999 -9999 1.23788E-4 3.72957E-5 3.65655E-5 3.31606E-5 1.68573E-4 2.02875E-4 2.8079E-5 6.86668E-5 2.09008E-4
-9999 -9999 -9999 -9999 6.12808E-4 2.23335E-4 3.08245E-4 3.45965E-4 8.67907E-5 3.6356E-4 4.42007E-4 4.23893E-4 3.62023E-4 1.40863E-3 3.48713E-3 4.52643E-4 5.24021E-4 1.54941E-4 4.7497E-5 4.54174E-5 4.26861E-5 2.93671E-5 1.77708E-5 1.65708E-5 2.23114E-5 2.93945E-5 3.26351E-5 2.78863E-5 1.74954E-5 2.55709E-5 3.81032E-5 4.22647E-5 2.29401E-5 1.78964E-5 6.95307E-5 5.71614E-5 1.18858E-4 2.31194E-4 2.43836E-4 2.58025E-4 4.27248E-4 2.05111E-4 2.40468E-4 1.20835E-4 1.71844E-4 3.61223E-4 4.51162E-4 3.5262E-4 2.49382E-4 3.05796E-4 2.64299E-4 4.69694E-4 6.10631E-4 5.59658E-4 5.26149E-4 4.89369E-4 5.11246E-4 6.67163E-4 6.8778E-4 5.46769E-4 -9999 -9999 -9999 5.21494E-5 7.05156E-5 5.21895E-5 7.68282E-5 8.75531E-5 1.55786E-4 1.8349E-4 9.20985E-5 1.13331E-4 2.34883E-4
-9999 -9999 -9999 4.17248E-4 1.33626E-4 4.83219E-5 1.11778E-4 1.38384E-4 2.68346E-4 2.30791E-4 5.54217E-4 7.15865E-4 4.44025E-4 3.99203E-4 5.05806E-4 2.21921E-4 1.1377E-4 5.40211E-5 2.3224E-5 1.53748E-5 1.79752E-5 2.42527E-5 1.73092E-5 1.50152E-5 2.04756E-5 1.64197E-5 1.5615E-5 1.53727E-5 1.40422E-5 2.44444E-5 1.8348E-5 1.70896E-5 3.01353E-5 1.54231E-5 4.68932E-5 1.34249E-4 1.53421E-4 2.8456E-4 5.63292E-4 4.77585E-4 3.20191E-4 1.38906E-4 1.17917E-4 1.44951E-4 1.76764E-4 3.60563E-4 4.02778E-4 4.51917E-4 4.94854E-4 5.17772E-4 4.86325E-4 6.0776E-4 6.69177E-4 6.63572E-4 7.38902E-4 5.53212E-4 4.55209E-4 7.66026E-4 5.1937E-4 5.93719E-4 -9999 -9999 1.02018E-4 1.34769E-4 1.00835E-4 2.67351E-5 1.85461E-5 1.52752E-4 2.23341E-4 3.47533E-4 2.34571E-4 6.43667E-4 1.40314E-3
-9999 -9999 2.42856E-3 2.74305E-4 2.1894E-4 1.9346E-4 1.47345E-4 1.6051E-4 4.73619E-4 5.98174E-4 9.1309E-4 3.39524E-3 8.50029E-4 5.07645E-4 2.14371E-4 1.0085E-4 1.85393E-5 1.49763E-5 1.99768E-5 9.84668E-6 8.48826E-6 1.48562E-5 1.12893E-5 1.03426E-5 1.28081E-5 1.45619E-5 1.90551E-5 2.08776E-5 2.5523E-5 3.48147E-5 2.35413E-5 1.56714E-5 2.15746E-5 2.5491E-5 3.92247E-5 6.09237E-5 5.49597E-5 4.99158E-5 1.64003E-4 1.64292E-4 2.43218E-4 7.94046E-5 8.07206E-5 1.69481E-4 3.13595E-4 4.30901E-4 6.51225E-4 6.47436E-4 7.09881E-4 6.41373E-4 6.05354E-4 7.15182E-4 5.88891E-4 6.43568E-4 7.44795E-4 6.87511E-4 7.0373E-4 7.61977E-4 5.31762E-4 2.87365E-4 2.34882E-4 1.46569E-4 2.01388E-4 1.62916E-4 1.56721E-4 2.89877E-5 1.46679E-5 2.40235E-5 6.31028E-5 2.242E-4 9.02889E-4 3.43573E-4 6.9881E-4
-9999 -9999 -9999 3.40342E-4 6.90896E-4 2.6311E-4 6.15522E-4 6.99489E-4 1.13094E-3 4.52387E-4 7.75522E-3 7.32655E-3 4.31516E-3 2.68478E-3 4.27857E-4 1.13523E-4 4.55199E-4 4.15154E-5 1.34776E-5 1.28333E-5 1.02197E-5 9.85735E-6 1.3757E-5 1.17944E-5 1.48304E-5 1.2954E-5 1.39557E-5 2.18909E-5 2.75879E-5 2.80482E-5 2.46438E-5 2.3107E-5 2.00432E-5 3.05166E-5 3.9769E-5 2.66608E-5 2.0081E-5 2.43471E-5 2.13183E-5 3.66263E-5 6.42052E-5 2.62053E-5 4.53531E-5 8.91118E-5 1.81756E-4 3.95261E-4 6.66475E-4 7.89019E-4 7.20531E-4 6.44094E-4 1.03671E-3 7.72616E-4 7.54141E-4 5.53488E-4 5.69042E-4 8.25527E-4 7.28794E-4 5.28074E-4 7.07182E-4 5.9887E-4 4.21751E-4 2.62748E-4 2.17904E-4 7.02279E-5 1.057E-4 1.87204E-4 1.16954E-4 2.16229E-5 7.96943E-5 2.48957E-4 6.0823E-4 1.04006E-3 3.61405E-4
-9999 -9999 -9999 4.13081E-3 6.12479E-3 3.15302E-3 2.00354E-3 3.12654E-3 2.72586E-3 6.42026E-3 2.18864E-2 2.55509E-2 6.92966E-3 4.82372E-3 1.08951E-3 1.2436E-4 1.63058E-4 2.36048E-5 1.06128E-5 1.32753E-5 1.29594E-5 1.10417E-5 1.16564E-5 1.05204E-5 3.09312E-5 1.69346E-5 1.46787E-5 2.59831E-5 4.10906E-5 4.64036E-5 4.55243E-5 3.05818E-5 2.09807E-5 2.50884E-5 3.326E-5 4.23556E-5 4.42467E-5 2.61689E-5 3.95357E-5 3.84009E-5 3.31152E-5 1.763E-5 3.59295E-5 7.60364E-5 2.53016E-4 3.54881E-4 6.72165E-4 3.71463E-4 6.18508E-4 6.34413E-4 7.22048E-4 8.99051E-4 5.70186E-4 4.41831E-4 3.91729E-4 5.79055E-4 6.58334E-4 4.75296E-4 3.95026E-4 3.37365E-4 2.42041E-4 1.88474E-4 1.21117E-4 5.05875E-5 1.36085E-4 1.23794E-4 1.14536E-4 1.4552E-4 6.78676E-4 4.5022E-4 6.93716E-4 1.6744E-3 1.0246E-3
