ENM/Final_Models/M_1_F_q_Set_1_E/Gustavia_santanderiensis_5_Choco.asc
ncols         367
nrows         963
xllcorner     -78.6
yllcorner     0.65
cellsize      0.00833333333333323
NODATA_value  -9999
[rows 660 to 692 of 963, columns 146 to 218 of 367]
1E0 1E0 1E0 1E0 1E0 1E0 1E0 1E0 1E0 9.99988E-1 9.96687E-1 9.99999E-1 1E0 1E0 9.99998E-1 9.99999E-1 9.99999E-1 1E0 9.99997E-1 9.99947E-1 9.99755E-1 9.9188E-1 9.958E-1 9.93647E-1 9.70082E-1 9.90387E-1 9.97442E-1 8.78425E-1 9.77531E-1 9.99636E-1 9.40816E-1 8.41709E-1 9.42462E-1 9.98679E-1 8.20212E-1 9.94705E-1 9.99871E-1 9.91535E-1 9.96378E-1 9.78233E-1 9.93565E-1 9.69583E-1 9.78877E-1 9.67002E-1 4.21853E-1 4.20074E-1 3.71647E-1 1.32869E-1 1.00726E-1 1.12582E-1 7.13764E-2 1.39739E-1 2.18238E-1 9.01089E-2 3.09743E-1 2.80184E-1 3.18574E-1 3.43344E-1 1.80497E-1 6.89031E-2 3.30693E-2 1.13036E-2 4.32107E-3 5.74158E-3 2.22255E-3 1.23857E-3 1.62672E-3 7.20514E-4 1.5028E-3 3.02302E-4 5.24501E-4 2.22913E-4 2.59275E-4
1E0 1E0 1E0 1E0 1E0 9.99995E-1 1E0 1E0 1E0 1E0 9.9923E-1 9.99744E-1 9.99988E-1 9.99796E-1 9.99999E-1 9.99984E-1 9.99997E-1 1E0 9.99984E-1 9.99998E-1 9.98691E-1 9.99127E-1 9.60841E-1 9.86428E-1 9.18242E-1 9.98845E-1 9.77527E-1 6.45495E-1 8.19258E-1 9.99365E-1 9.9998E-1 9.99699E-1 9.96018E-1 9.8398E-1 9.22325E-1 9.76889E-1 9.95926E-1 9.99968E-1 8.68364E-1 9.90437E-1 9.36473E-1 7.9372E-1 4.82216E-1 2.16301E-1 7.6562E-2 1.35555E-1 2.20624E-1 8.75128E-2 6.52931E-2 5.95964E-2 6.88941E-2 1.41686E-1 2.19611E-1 2.65579E-1 4.30551E-1 2.99231E-1 5.93171E-1 5.2528E-1 1.86949E-1 1.08274E-1 4.05586E-2 1.71069E-2 2.89489E-3 7.39689E-3 2.12004E-3 2.87745E-3 3.57714E-3 6.42819E-3 4.4742E-3 1.1132E-3 1.24399E-3 1.51993E-3 1.35364E-3
1E0 1E0 1E0 1E0 1E0 9.99997E-1 9.99992E-1 1E0 1E0 9.99989E-1 1E0 9.99999E-1 9.99982E-1 9.99717E-1 9.99995E-1 9.99998E-1 1E0 9.99961E-1 9.99988E-1 9.99994E-1 9.99948E-1 9.97264E-1 9.98873E-1 9.64424E-1 9.95851E-1 9.43551E-1 9.82431E-1 9.82924E-1 9.97806E-1 9.9988E-1 9.99994E-1 9.99996E-1 9.99998E-1 9.99999E-1 9.89168E-1 9.92729E-1 9.76274E-1 8.52515E-1 8.43004E-1 7.07575E-1 9.92038E-1 8.79447E-1 6.53604E-1 7.14052E-1 9.51745E-1 9.13787E-1 8.82011E-1 2.25371E-1 4.15008E-1 1.50111E-1 1.83592E-1 2.17999E-1 3.37807E-1 5.39467E-1 4.86545E-1 5.09083E-1 5.76003E-1 2.49527E-1 1.95515E-1 1.05493E-1 2.66025E-2 1.40068E-2 5.49748E-3 1.00291E-2 7.86986E-3 2.27944E-2 4.05198E-2 7.32043E-3 2.47932E-3 6.99224E-4 1.44198E-3 8.56699E-4 5.57791E-4
1E0 1E0 1E0 1E0 1E0 1E0 1E0 1E0 1E0 1E0 1E0 1E0 1E0 1E0 1E0 9.99962E-1 9.99917E-1 1E0 9.99961E-1 1E0 9.99999E-1 9.99939E-1 9.99998E-1 9.9997E-1 9.97789E-1 9.9981E-1 9.99779E-1 9.99639E-1 9.99791E-1 9.99958E-1 9.9969E-1 9.99997E-1 1E0 9.99333E-1 9.85021E-1 9.85372E-1 9.77535E-1 8.1615E-1 5.89459E-1 6.36754E-1 8.64036E-1 5.54686E-1 9.10575E-1 7.93599E-1 2.1247E-1 7.36258E-1 9.08592E-1 8.71771E-1 3.46089E-1 8.55641E-2 1.87838E-1 5.06039E-1 7.43011E-1 7.33894E-1 5.77878E-1 8.40185E-1 4.8135E-1 4.37231E-1 2.35437E-1 1.45851E-1 2.13136E-2 2.80191E-2 1.90579E-2 3.58481E-2 1.1529E-2 3.92427E-2 2.6198E-2 1.47111E-2 3.85463E-3 1.16905E-3 1.56027E-3 1.29915E-3 1.37132E-3
1E0 1E0 1E0 1E0 1E0 1E0 1E0 1E0 1E0 1E0 1E0 1E0 1E0 1E0 1E0 9.999E-1 9.99964E-1 9.9619E-1 9.99936E-1 9.99852E-1 9.99948E-1 9.99971E-1 9.99961E-1 9.95256E-1 9.99892E-1 9.99587E-1 9.99748E-1 9.99993E-1 9.99852E-1 9.74413E-1 9.31993E-1 9.99997E-1 9.99999E-1 9.99936E-1 9.96327E-1 8.50444E-1 8.31858E-1 6.40426E-1 4.06613E-1 5.84899E-1 6.38883E-1 6.49929E-1 4.41865E-1 4.88745E-1 2.94408E-1 5.56656E-1 8.37801E-1 9.52637E-1 8.266E-1 3.26536E-1 2.87048E-1 4.46929E-1 6.64852E-1 6.8909E-1 9.0939E-1 7.19034E-1 2.70186E-1 3.49508E-1 4.78994E-1 2.62655E-1 1.56251E-1 1.90927E-1 2.74253E-2 3.71306E-2 8.19122E-2 5.40634E-2 1.56552E-2 1.5446E-3 1.13849E-3 2.00453E-3 1.66048E-3 1.86293E-3 3.16447E-3
1E0 1E0 1E0 1E0 1E0 1E0 1E0 1E0 1E0 1E0 1E0 1E0 1E0 1E0 1E0 1E0 9.99934E-1 9.7896E-1 9.99767E-1 9.99961E-1 9.96296E-1 9.99408E-1 9.9524E-1 9.99706E-1 9.9994E-1 9.99989E-1 9.99994E-1 9.99793E-1 9.97212E-1 8.37306E-1 8.76167E-1 9.99993E-1 1E0 1E0 9.99376E-1 9.30253E-1 9.78417E-1 9.04993E-1 7.07022E-1 4.27158E-1 2.60997E-1 1.90925E-1 7.09462E-2 2.88775E-1 4.08435E-1 3.47966E-1 5.84457E-1 8.67053E-1 9.80559E-1 5.09948E-1 4.80989E-1 4.1544E-1 4.83007E-1 5.17074E-1 9.01923E-1 8.72853E-1 7.61782E-1 3.75735E-1 3.6675E-1 5.81841E-1 2.46126E-1 1.54207E-1 2.52707E-1 1.37547E-1 1.32182E-1 2.81979E-2 1.08605E-2 3.58267E-4 4.31468E-4 1.33305E-3 1.89414E-3 1.81006E-3 -9999
1E0 1E0 1E0 9.99999E-1 1E0 1E0 1E0 1E0 1E0 1E0 1E0 1E0 1E0 1E0 1E0 9.99998E-1 9.99999E-1 9.99629E-1 9.99978E-1 9.96242E-1 9.99042E-1 9.79732E-1 9.99118E-1 9.98971E-1 9.99995E-1 9.99998E-1 9.99989E-1 9.99039E-1 9.83643E-1 7.64996E-1 8.27789E-1 9.99796E-1 9.99958E-1 9.99724E-1 9.99286E-1 9.49319E-1 7.80674E-1 6.05926E-1 3.22061E-1 4.15513E-1 3.38672E-2 4.63484E-3 1.67474E-2 2.44921E-1 3.32878E-1 3.76435E-1 4.08086E-1 2.8303E-1 9.12876E-1 9.13809E-1 9.08988E-1 7.83015E-1 6.73271E-1 9.0071E-1 9.40059E-1 7.00404E-1 8.23679E-1 5.98486E-1 6.11472E-1 3.83863E-1 3.69062E-1 1.78664E-1 1.53249E-1 1.37379E-1 6.66281E-2 9.09702E-3 2.39246E-3 1.71446E-4 1.12657E-4 1.61393E-3 1.56967E-3 3.82844E-3 -9999
1E0 1E0 1E0 1E0 1E0 1E0 1E0 1E0 1E0 1E0 9.99985E-1 9.99995E-1 1E0 1E0 1E0 9.99933E-1 1E0 1E0 9.98634E-1 9.99384E-1 9.99454E-1 9.99541E-1 9.99999E-1 9.99846E-1 1E0 9.99226E-1 9.98275E-1 9.9349E-1 9.12772E-1 8.03493E-1 8.36337E-1 9.99681E-1 9.93802E-1 8.28221E-1 9.66049E-1 9.60251E-1 8.49497E-1 6.08432E-2 3.66797E-2 2.73406E-2 4.18953E-3 2.87493E-3 6.73964E-3 2.89432E-1 3.99236E-1 4.01207E-1 2.95422E-1 2.86016E-1 7.24387E-1 9.02516E-1 7.56674E-1 9.29342E-1 8.37278E-1 9.70755E-1 8.48893E-1 3.66427E-1 2.43393E-1 1.85332E-1 1.44323E-1 1.69593E-1 3.59768E-1 1.36188E-1 9.94295E-2 4.25356E-2 2.66804E-2 3.21516E-3 1.50126E-3 6.40395E-5 1.57175E-4 3.62247E-4 8.46968E-4 -9999 -9999
1E0 1E0 1E0 1E0 1E0 1E0 1E0 1E0 1E0 1E0 1E0 9.99986E-1 1E0 9.99991E-1 9.99987E-1 1E0 1E0 1E0 9.9992E-1 9.42928E-1 9.31145E-1 9.9415E-1 9.9991E-1 9.99795E-1 9.99268E-1 9.99874E-1 9.96326E-1 9.52227E-1 8.74678E-1 6.24543E-1 7.25102E-1 9.99379E-1 9.91937E-1 8.64831E-1 9.09608E-1 8.23754E-1 2.11695E-1 3.30493E-2 8.83706E-3 2.46307E-3 5.69027E-4 7.75753E-3 1.23611E-2 2.56461E-1 5.35954E-1 4.56464E-1 1.40586E-1 4.27243E-1 7.3634E-1 9.38867E-1 5.3081E-1 6.91142E-1 8.44186E-1 9.77713E-1 8.60241E-1 3.11351E-1 3.69591E-1 1.52591E-1 1.1688E-1 6.72154E-2 2.27625E-1 7.66431E-2 6.31157E-2 4.09332E-2 1.50499E-2 8.59416E-3 3.05596E-3 1.28462E-4 4.81392E-5 1.59997E-4 1.63985E-3 -9999 -9999
1E0 1E0 1E0 1E0 1E0 1E0 1E0 1E0 1E0 1E0 1E0 9.99989E-1 9.99982E-1 1E0 1E0 1E0 1E0 9.99997E-1 9.95862E-1 9.99092E-1 9.99758E-1 9.6475E-1 9.9669E-1 9.9595E-1 9.98406E-1 9.97633E-1 9.83533E-1 9.1649E-1 7.4082E-1 5.53734E-1 7.60051E-1 9.74567E-1 9.99095E-1 9.45246E-1 8.85716E-1 6.29463E-1 1.32727E-1 2.16275E-2 2.67817E-2 9.35419E-3 1.81914E-3 8.75843E-3 2.84902E-2 4.012E-1 2.33058E-1 3.35068E-1 2.51836E-1 5.27623E-1 5.37032E-1 8.2018E-1 8.21446E-1 5.25544E-1 6.08868E-1 8.00493E-1 9.64105E-1 8.2515E-1 4.24313E-1 3.33454E-1 2.03926E-1 5.19103E-2 2.0751E-2 1.79552E-2 1.1874E-2 8.43553E-3 7.64218E-3 3.08398E-3 2.23193E-3 1.86438E-4 1.52089E-4 4.25491E-5 1.05935E-3 -9999 -9999
1E0 1E0 1E0 1E0 1E0 1E0 1E0 1E0 1E0 1E0 1E0 9.99993E-1 1E0 1E0 1E0 9.99996E-1 1E0 1E0 1E0 1E0 1E0 9.97078E-1 9.27235E-1 9.99087E-1 9.85791E-1 9.95502E-1 9.73855E-1 8.93391E-1 7.53483E-1 8.57518E-1 8.3203E-1 8.71222E-1 8.00684E-1 6.43533E-1 9.16649E-1 6.97837E-1 8.74071E-2 3.66241E-2 1.61247E-2 9.65783E-3 9.62335E-4 1.41299E-2 2.38191E-2 1.27919E-1 2.07951E-1 3.25974E-1 3.23706E-1 4.63829E-1 3.99523E-1 5.49269E-1 6.55768E-1 6.35165E-1 4.65968E-1 4.11651E-1 8.25047E-1 9.2116E-1 7.45744E-1 4.79209E-1 2.84619E-1 1.75419E-1 2.51453E-2 5.24392E-3 1.59023E-2 5.5035E-3 2.24137E-3 2.98665E-3 3.50614E-3 3.95887E-4 4.89465E-4 4.42766E-4 5.60153E-4 -9999 -9999
1E0 1E0 1E0 1E0 1E0 1E0 1E0 1E0 1E0 1E0 1E0 1E0 1E0 1E0 1E0 1E0 1E0 1E0 1E0 9.99857E-1 9.99853E-1 9.75689E-1 9.91661E-1 9.97865E-1 9.90215E-1 9.99881E-1 9.99754E-1 9.46047E-1 9.89837E-1 9.98522E-1 9.99295E-1 9.98612E-1 9.39365E-1 9.56275E-1 9.94849E-1 8.39893E-1 1.97726E-2 9.01498E-3 7.76383E-3 3.56817E-3 8.15665E-4 2.17783E-3 2.25997E-2 7.26309E-2 2.76097E-1 3.13283E-1 2.12367E-1 3.14615E-1 3.15509E-1 4.85058E-1 1.33474E-1 4.26561E-1 3.89494E-1 2.27986E-1 5.04391E-1 5.70624E-1 6.95213E-1 6.82016E-1 4.96466E-1 2.42305E-1 2.55098E-2 1.29803E-2 2.13469E-2 1.41532E-2 8.78439E-3 8.23105E-3 6.68161E-3 2.91497E-3 3.76879E-4 1.0395E-3 5.37309E-4 -9999 -9999
1E0 1E0 1E0 1E0 1E0 1E0 1E0 1E0 1E0 1E0 1E0 1E0 1E0 9.99996E-1 9.99994E-1 9.99997E-1 1E0 1E0 9.99999E-1 9.98803E-1 9.91229E-1 9.92993E-1 9.63233E-1 9.73287E-1 9.83533E-1 9.99819E-1 9.96431E-1 9.98749E-1 9.78189E-1 9.99016E-1 9.99917E-1 9.995E-1 9.94437E-1 9.98609E-1 9.91952E-1 4.26122E-1 4.91478E-2 6.64558E-2 4.31252E-2 8.92508E-3 1.15936E-3 1.77522E-3 1.82748E-2 8.00881E-2 2.23763E-1 2.79035E-1 1.06276E-1 1.2122E-1 2.43411E-1 3.77262E-1 1.66941E-1 3.8778E-1 2.83883E-1 2.49248E-1 3.52654E-1 1.77343E-1 2.68807E-1 1.90675E-1 2.92054E-1 2.51754E-1 1.13279E-1 6.97228E-2 3.23178E-2 2.85793E-2 2.12762E-2 1.03841E-2 8.69048E-3 5.40933E-3 6.38699E-5 7.13644E-5 6.28961E-4 -9999 -9999
1E0 1E0 1E0 1E0 1E0 1E0 1E0 1E0 1E0 1E0 1E0 1E0 1E0 9.99987E-1 9.99985E-1 9.99993E-1 9.99984E-1 1E0 1E0 9.99285E-1 9.68157E-1 9.84288E-1 9.90363E-1 9.93403E-1 9.98766E-1 9.90004E-1 9.94935E-1 9.19998E-1 9.99006E-1 9.94629E-1 9.99954E-1 9.9954E-1 9.99832E-1 9.97701E-1 9.94791E-1 4.14369E-1 5.17642E-2 1.30733E-2 2.346E-2 5.47157E-3 5.73402E-4 1.81545E-3 2.55293E-2 1.03489E-1 1.17982E-1 1.02028E-1 2.82659E-2 4.54387E-2 1.69831E-1 1.3165E-1 1.20125E-1 3.08839E-1 3.28489E-1 1.86622E-1 1.73615E-1 1.35208E-1 2.20711E-1 2.58617E-1 3.19219E-1 3.45545E-1 1.28506E-1 2.39324E-1 1.27576E-1 1.95076E-1 1.00184E-1 2.43664E-2 1.15015E-2 6.73134E-3 1.15828E-4 1.14828E-4 1.05441E-3 -9999 -9999
1E0 1E0 1E0 1E0 1E0 1E0 1E0 1E0 1E0 1E0 1E0 9.99999E-1 9.99996E-1 9.99998E-1 9.99994E-1 9.99995E-1 9.99999E-1 9.99996E-1 9.99967E-1 9.99193E-1 9.94026E-1 9.9908E-1 9.92686E-1 9.99701E-1 9.97998E-1 9.88182E-1 9.957E-1 9.27072E-1 9.68067E-1 9.95019E-1 9.99863E-1 9.44246E-1 9.39134E-1 9.1922E-1 8.18772E-1 9.324E-1 1.05473E-1 2.12183E-1 6.08649E-2 3.36933E-2 1.8364E-3 3.10071E-4 8.39504E-3 4.95922E-2 2.8176E-1 2.83093E-1 1.6988E-1 2.16585E-1 1.10901E-1 1.37956E-1 3.82063E-2 1.07083E-1 1.18305E-1 1.70764E-1 8.65602E-2 4.70954E-2 1.24382E-1 2.01597E-1 1.86744E-1 1.26414E-1 9.79577E-2 9.54432E-2 8.62625E-2 1.47121E-1 1.16873E-1 7.04945E-2 9.38865E-3 2.53161E-3 1.3392E-4 7.85969E-5 1.19422E-3 -9999 -9999
1E0 1E0 1E0 1E0 1E0 1E0 1E0 1E0 1E0 1E0 1E0 1E0 1E0 1E0 1E0 9.99993E-1 9.99993E-1 1E0 1E0 9.99995E-1 9.99843E-1 9.99879E-1 9.99446E-1 1E0 9.91313E-1 9.98325E-1 9.44304E-1 9.77867E-1 9.89689E-1 9.99957E-1 9.99859E-1 9.95251E-1 8.75571E-1 8.35849E-1 5.73308E-1 3.70685E-1 6.73042E-1 1.12069E-1 3.4728E-2 4.19842E-3 1.64055E-3 8.33451E-3 1.01905E-2 4.37626E-2 1.09146E-1 1.06349E-1 1.22033E-1 1.97475E-1 1.04299E-1 5.43583E-2 5.71201E-2 7.15508E-2 1.23561E-1 6.07512E-2 2.9724E-2 5.31864E-2 9.46787E-2 7.6367E-2 1.01287E-1 7.80609E-2 1.42529E-2 1.21196E-2 7.54901E-2 7.19353E-2 2.84128E-2 4.58938E-2 1.06113E-2 3.63969E-3 2.32706E-4 1.06843E-4 2.56776E-4 -9999 -9999
1E0 1E0 1E0 1E0 9.99998E-1 9.99997E-1 9.99999E-1 1E0 9.99999E-1 9.99999E-1 1E0 1E0 9.99996E-1 1E0 1E0 1E0 1E0 9.99996E-1 1E0 9.99998E-1 9.99852E-1 9.99946E-1 9.99974E-1 9.99999E-1 9.99999E-1 9.99311E-1 9.25976E-1 9.99702E-1 9.99983E-1 9.99997E-1 9.99417E-1 9.95958E-1 8.67109E-1 9.75574E-1 9.59877E-1 6.20606E-1 3.73085E-1 7.58733E-2 4.9927E-2 1.29149E-2 1.3237E-2 1.92375E-2 4.4689E-2 1.37233E-1 2.54282E-2 2.91015E-2 2.42072E-2 7.41075E-2 5.96393E-2 3.01589E-2 5.7297E-2 3.32265E-2 4.64653E-2 4.43275E-2 1.80794E-2 1.30479E-2 2.17285E-2 1.41882E-2 6.7015E-2 2.8373E-2 7.46597E-3 3.40793E-3 2.63864E-2 9.83585E-3 4.14961E-3 4.75282E-3 2.7973E-3 4.5026E-3 1.27796E-4 2.9732E-4 1.43506E-3 -9999 -9999
1E0 1E0 1E0 1E0 9.9994E-1 1E0 1E0 9.99985E-1 9.99999E-1 1E0 1E0 1E0 1E0 1E0 1E0 1E0 1E0 1E0 1E0 9.99991E-1 9.99905E-1 9.99967E-1 1E0 1E0 9.98207E-1 9.99941E-1 9.89527E-1 9.97088E-1 9.99638E-1 9.91131E-1 9.90975E-1 9.84943E-1 9.84616E-1 9.71628E-1 9.63396E-1 9.17425E-1 8.19737E-1 6.57079E-2 1.22196E-1 6.43017E-2 2.05492E-2 8.92004E-2 5.07673E-1 1.36442E-1 3.25217E-2 5.8599E-2 5.60786E-2 4.65516E-2 2.02485E-2 2.05639E-2 3.25881E-2 2.36688E-2 3.79666E-2 5.12662E-2 1.05818E-2 5.86624E-3 2.1057E-3 3.70197E-3 1.22701E-2 3.3865E-2 2.67711E-2 3.84038E-3 8.01159E-3 4.88124E-3 3.80006E-3 4.61509E-3 4.67604E-4 1.57177E-4 2.96667E-4 8.00266E-4 1.47833E-3 -9999 -9999
1E0 1E0 1E0 1E0 9.99999E-1 9.99999E-1 1E0 1E0 1E0 1E0 1E0 1E0 9.99993E-1 9.99998E-1 1E0 9.99985E-1 9.9994E-1 9.99998E-1 1E0 1E0 1E0 9.99997E-1 1E0 1E0 9.99998E-1 9.94274E-1 9.99937E-1 9.99606E-1 9.83856E-1 9.67214E-1 9.30048E-1 9.74322E-1 9.99692E-1 9.99894E-1 9.99626E-1 9.58809E-1 9.78633E-1 8.74851E-1 5.2224E-1 3.85154E-1 1.66813E-1 4.35376E-1 5.34709E-1 4.23821E-1 2.36215E-1 3.56873E-1 2.33906E-1 5.18145E-2 1.21501E-2 2.83905E-2 1.34014E-2 1.56784E-2 1.57708E-2 1.787E-2 6.85965E-3 2.30636E-3 2.03798E-3 2.07124E-3 1.18726E-2 2.37735E-2 1.84991E-2 2.37977E-2 6.01049E-3 5.84889E-3 2.49679E-3 2.1849E-3 2.48655E-4 6.34312E-5 1.74416E-4 1.56696E-3 1.41713E-3 -9999 -9999
1E0 1E0 1E0 1E0 1E0 1E0 1E0 9.99998E-1 1E0 9.99975E-1 1E0 9.99968E-1 9.99998E-1 1E0 9.99988E-1 9.9999E-1 9.99972E-1 9.99999E-1 9.99998E-1 1E0 9.99999E-1 9.99982E-1 1E0 9.99991E-1 9.99571E-1 9.96507E-1 9.83032E-1 9.92871E-1 9.69414E-1 9.52433E-1 9.98263E-1 9.53275E-1 9.99793E-1 9.99796E-1 9.99825E-1 9.98152E-1 8.93316E-1 6.62359E-1 7.36121E-1 5.50495E-1 2.23522E-1 5.94102E-1 7.89367E-1 4.58358E-1 5.35025E-1 8.61314E-1 6.97746E-1 4.35541E-1 1.96915E-1 6.44259E-2 1.5909E-2 1.04983E-2 1.26597E-2 2.82402E-2 1.08371E-3 4.31545E-4 1.4242E-3 2.88003E-3 5.22019E-3 7.32767E-3 3.87442E-3 6.45795E-3 6.02031E-3 7.0666E-3 5.57595E-3 1.2742E-3 6.4383E-5 1.25122E-4 5.50202E-4 6.48653E-3 -9999 -9999 -9999
1E0 1E0 1E0 1E0 1E0 1E0 1E0 1E0 9.99998E-1 1E0 1E0 9.99986E-1 1E0 9.99969E-1 9.99193E-1 9.99992E-1 9.9948E-1 9.99968E-1 9.99349E-1 9.99982E-1 9.99988E-1 1E0 1E0 9.99687E-1 9.91067E-1 9.99893E-1 9.92348E-1 9.99384E-1 9.85625E-1 9.92221E-1 9.94025E-1 9.90702E-1 6.33753E-1 5.70163E-1 5.75263E-1 2.30163E-1 9.65287E-1 9.98192E-1 9.88397E-1 8.44722E-1 5.38848E-1 8.92279E-1 9.58155E-1 7.27288E-1 8.83663E-1 9.90687E-1 8.93722E-1 7.13963E-1 5.49833E-1 1.06945E-1 5.39107E-2 2.35565E-2 1.95965E-3 1.12109E-3 2.09691E-4 3.18865E-4 3.38033E-4 2.73999E-3 9.23155E-4 1.84312E-3 6.56538E-4 1.99995E-3 2.60999E-3 1.58926E-3 9.48407E-4 2.68326E-4 4.50573E-5 2.21878E-4 8.60402E-4 1.36458E-3 -9999 -9999 -9999
1E0 1E0 1E0 1E0 1E0 1E0 9.99999E-1 1E0 1E0 9.99999E-1 9.99993E-1 9.99622E-1 9.99974E-1 9.99982E-1 9.99954E-1 9.99792E-1 9.98645E-1 9.99986E-1 9.99903E-1 9.99979E-1 9.9955E-1 9.99945E-1 9.99916E-1 9.99072E-1 9.70309E-1 9.95392E-1 9.93879E-1 9.99977E-1 9.99812E-1 9.86433E-1 9.99948E-1 9.99673E-1 9.92493E-1 8.59114E-1 8.47498E-1 8.9878E-1 9.69042E-1 9.94992E-1 9.9979E-1 9.92718E-1 9.90482E-1 9.82118E-1 9.50397E-1 9.02809E-1 9.81669E-1 9.86832E-1 7.68189E-1 7.84895E-1 4.46575E-1 3.88907E-1 8.02414E-2 9.57704E-3 1.9968E-2 1.2048E-3 1.0844E-4 5.16065E-5 3.47838E-4 1.23048E-3 1.04101E-3 8.19507E-4 8.29883E-4 6.28062E-4 5.34318E-4 1.94822E-4 8.0373E-5 4.97194E-5 9.53506E-5 2.56207E-4 1.05686E-3 8.22616E-3 -9999 -9999 -9999
1E0 1E0 1E0 1E0 1E0 1E0 1E0 1E0 1E0 1E0 1E0 1E0 9.99917E-1 9.99698E-1 9.99596E-1 9.98785E-1 9.99497E-1 9.99984E-1 9.99948E-1 9.92783E-1 9.99992E-1 9.99996E-1 9.99124E-1 9.2711E-1 8.60685E-1 9.5293E-1 9.99905E-1 9.99994E-1 9.99301E-1 9.97517E-1 9.98789E-1 9.96543E-1 9.0049E-1 7.91304E-1 8.42115E-1 6.27133E-1 8.94159E-1 9.84719E-1 9.68885E-1 5.55332E-1 6.33329E-1 9.0504E-1 8.49585E-1 9.80395E-1 9.72166E-1 9.77625E-1 8.75083E-1 7.27714E-1 5.77833E-1 2.18747E-1 1.0125E-2 4.19069E-3 2.01008E-3 3.86874E-3 1.27354E-4 6.93587E-5 3.22662E-4 1.6307E-3 3.41101E-4 2.20627E-4 1.76853E-4 5.77623E-4 3.83132E-4 8.0331E-5 9.80051E-5 1.55116E-4 1.74482E-4 1.91881E-4 2.39583E-3 5.10074E-3 -9999 -9999 -9999
1E0 1E0 1E0 1E0 1E0 1E0 1E0 1E0 1E0 1E0 1E0 1E0 9.9979E-1 9.99939E-1 9.99855E-1 9.99565E-1 9.99987E-1 9.99995E-1 9.98781E-1 9.98042E-1 9.98969E-1 9.98432E-1 9.98962E-1 9.89299E-1 8.25679E-1 9.28404E-1 9.99487E-1 9.9509E-1 9.98125E-1 9.99872E-1 9.99967E-1 9.98341E-1 9.90752E-1 9.58895E-1 9.23181E-1 6.5997E-1 5.91609E-1 6.70653E-1 8.81037E-1 4.49545E-1 5.45987E-1 9.36768E-1 9.83988E-1 9.90601E-1 9.7385E-1 8.80323E-1 7.05689E-1 6.79084E-1 5.77489E-1 3.09975E-2 1.03807E-2 1.90148E-3 7.9761E-4 7.00487E-3 1.4974E-3 1.7331E-3 6.01684E-3 1.76227E-3 1.05192E-3 4.17791E-4 1.27879E-4 1.55895E-4 1.24492E-4 1.05129E-4 2.84064E-4 3.76671E-4 4.45369E-4 1.80037E-4 3.48039E-4 1.05844E-3 -9999 -9999 -9999
1E0 1E0 1E0 1E0 1E0 9.99998E-1 1E0 1E0 1E0 1E0 1E0 9.99997E-1 9.99854E-1 9.99987E-1 9.99997E-1 9.99987E-1 9.99999E-1 1E0 9.99817E-1 9.98823E-1 9.99269E-1 9.99603E-1 9.99967E-1 9.6274E-1 9.78868E-1 8.09806E-1 9.86501E-1 9.98535E-1 9.9919E-1 9.99011E-1 9.99995E-1 9.99996E-1 9.83494E-1 9.96491E-1 9.87774E-1 8.85566E-1 5.78283E-1 6.45113E-1 6.81638E-1 5.64E-1 8.6447E-1 9.15391E-1 9.94907E-1 9.98971E-1 7.24046E-1 5.02622E-1 4.80713E-1 8.20052E-1 2.74463E-1 1.09691E-2 1.05107E-2 3.2369E-3 1.35071E-3 6.82966E-3 3.04191E-3 8.7805E-3 9.34574E-3 4.06917E-3 2.63758E-3 5.24653E-4 1.24484E-4 6.70196E-5 6.58803E-5 8.66879E-5 1.18901E-4 1.38517E-4 4.33212E-4 2.13469E-3 3.55961E-4 7.41337E-4 -9999 -9999 -9999
1E0 1E0 1E0 1E0 1E0 1E0 9.99999E-1 1E0 1E0 1E0 1E0 1E0 9.99984E-1 9.98652E-1 9.99995E-1 9.99972E-1 9.99997E-1 9.99998E-1 9.99988E-1 9.97176E-1 9.99102E-1 9.99988E-1 9.99671E-1 9.76016E-1 9.77854E-1 9.28695E-1 9.62039E-1 8.90625E-1 9.8902E-1 9.98161E-1 9.99866E-1 9.99758E-1 9.97409E-1 9.96219E-1 9.89787E-1 9.83907E-1 9.49335E-1 8.68014E-1 6.85355E-1 8.87267E-1 9.90672E-1 9.7775E-1 9.89676E-1 9.99025E-1 9.94728E-1 8.44703E-1 8.17976E-1 7.79831E-1 2.99635E-1 7.73535E-3 4.16813E-3 1.85737E-3 3.06138E-3 2.24489E-2 1.49859E-2 2.01704E-2 1.13368E-2 7.14239E-3 3.1408E-3 9.77893E-4 1.31405E-4 5.54828E-5 7.30326E-5 8.85814E-5 9.41743E-5 8.72226E-5 2.23261E-4 8.47621E-4 1.44001E-3 -9999 -9999 -9999 -9999
1E0 -9999 1E0 1E0 1E0 1E0 1E0 9.99983E-1 9.99993E-1 1E0 1E0 1E0 9.99757E-1 9.99913E-1 9.99998E-1 1E0 9.99998E-1 9.99993E-1 9.99891E-1 9.99997E-1 9.9999E-1 9.99996E-1 9.99924E-1 9.9705E-1 9.85498E-1 9.99853E-1 9.87467E-1 9.57677E-1 9.74528E-1 9.94195E-1 9.99956E-1 9.812E-1 9.78403E-1 9.9548E-1 9.94883E-1 9.97045E-1 9.95878E-1 9.42088E-1 7.82316E-1 9.74346E-1 9.99578E-1 9.98349E-1 9.65947E-1 9.94299E-1 9.92794E-1 9.31973E-1 8.05055E-1 6.58988E-1 2.34177E-1 9.39377E-3 1.78071E-3 2.25707E-3 5.52032E-3 2.37302E-2 1.75024E-2 3.66033E-3 6.93507E-4 3.51474E-4 2.32797E-4 1.40911E-4 5.20075E-5 1.84818E-4 2.1633E-4 2.67822E-4 6.18862E-4 1.48705E-4 9.35889E-5 1.9834E-4 5.59211E-4 -9999 -9999 -9999 -9999
1E0 1E0 1E0 1E0 1E0 1E0 1E0 1E0 9.99993E-1 9.99991E-1 9.99931E-1 9.99983E-1 9.99995E-1 9.99598E-1 9.99983E-1 9.99974E-1 9.99999E-1 9.99993E-1 9.99997E-1 9.99743E-1 9.9653E-1 9.99742E-1 9.99664E-1 9.9802E-1 9.3834E-1 9.60891E-1 9.95828E-1 9.99979E-1 9.99645E-1 9.92279E-1 9.89921E-1 9.94582E-1 9.8483E-1 8.93128E-1 9.64209E-1 9.90573E-1 9.86937E-1 9.50383E-1 8.96066E-1 9.88174E-1 9.999E-1 9.9987E-1 9.96905E-1 8.68137E-1 8.24647E-1 9.35488E-1 7.6212E-1 6.05839E-1 2.62365E-1 3.67335E-2 2.46372E-3 1.17716E-2 1.96778E-2 1.17163E-2 6.99759E-3 5.7909E-4 2.26199E-4 1.73921E-4 1.55863E-4 5.05585E-5 1.32312E-4 1.62736E-4 1.63004E-4 1.30621E-3 1.99388E-3 4.31729E-4 4.28115E-4 3.36768E-4 -9999 -9999 -9999 -9999 -9999
1E0 1E0 1E0 1E0 1E0 1E0 1E0 1E0 1E0 9.99999E-1 1E0 1E0 9.98963E-1 9.99989E-1 1E0 1E0 1E0 9.99939E-1 9.99117E-1 9.9755E-1 9.99975E-1 9.99996E-1 9.98458E-1 9.98297E-1 9.99409E-1 9.99555E-1 9.99847E-1 1E0 9.99934E-1 9.9992E-1 9.98909E-1 9.89726E-1 9.90662E-1 9.82914E-1 9.83593E-1 9.96368E-1 9.99824E-1 9.99011E-1 8.86585E-1 9.79863E-1 9.93148E-1 9.99972E-1 9.9233E-1 6.37695E-1 5.39308E-1 2.80705E-1 2.46509E-1 4.17415E-1 1.61195E-1 2.62207E-2 3.00377E-3 3.89743E-3 6.62731E-3 4.93788E-3 3.86872E-3 2.29874E-3 3.30185E-3 9.71678E-4 1.17382E-4 1.05625E-4 2.06612E-4 4.05108E-4 6.99687E-4 9.55646E-4 1.51532E-3 2.4158E-3 1.74278E-3 1.41366E-3 -9999 -9999 -9999 -9999 -9999
1E0 1E0 1E0 1E0 1E0 1E0 1E0 1E0 1E0 1E0 1E0 9.99899E-1 9.99929E-1 1E0 1E0 1E0 1E0 9.97534E-1 9.98657E-1 9.97817E-1 9.99998E-1 9.99999E-1 9.82358E-1 9.96638E-1 9.97414E-1 9.99815E-1 9.99986E-1 9.99958E-1 9.99829E-1 9.90314E-1 8.94739E-1 9.97851E-1 9.97982E-1 9.99962E-1 9.99892E-1 9.98835E-1 9.99938E-1 9.96392E-1 9.5216E-1 9.9029E-1 9.97319E-1 9.88294E-1 3.64388E-1 8.76759E-1 5.05055E-1 4.1392E-1 2.52293E-1 1.88215E-1 1.26415E-1 7.44794E-2 3.03942E-3 7.7778E-4 2.34588E-3 1.03393E-2 2.13061E-2 1.40362E-2 7.21475E-3 2.17914E-3 1.87422E-4 3.19559E-4 1.05246E-4 3.82922E-4 2.97597E-4 3.74049E-4 1.49841E-3 1.73527E-3 1.20195E-3 -9999 -9999 -9999 -9999 -9999 -9999
1E0 1E0 1E0 1E0 1E0 1E0 1E0 1E0 1E0 1E0 1E0 1E0 9.99898E-1 1E0 9.99998E-1 9.99986E-1 9.99663E-1 9.99047E-1 9.99985E-1 9.98986E-1 9.99928E-1 9.98021E-1 9.99904E-1 9.97781E-1 9.71256E-1 9.57484E-1 9.83331E-1 9.72519E-1 9.89167E-1 9.762E-1 7.29606E-1 8.82062E-1 9.84255E-1 9.99727E-1 9.99278E-1 9.99869E-1 9.99991E-1 9.99914E-1 8.6163E-1 7.96599E-1 7.6124E-1 7.13581E-1 7.41378E-1 9.64892E-1 9.43575E-1 8.02061E-1 3.19666E-1 5.92752E-1 2.48582E-1 1.19351E-1 1.13389E-2 5.37995E-4 7.97277E-4 4.27367E-4 7.70521E-3 2.1463E-2 1.01655E-2 5.85392E-3 2.99761E-4 2.77714E-4 2.00466E-4 1.82422E-4 1.15768E-3 1.40333E-3 1.50348E-4 2.76071E-4 1.82041E-3 -9999 -9999 -9999 -9999 -9999 -9999
1E0 1E0 1E0 1E0 1E0 9.99997E-1 1E0 1E0 1E0 -9999 1E0 1E0 -9999 1E0 9.99999E-1 9.99999E-1 9.99987E-1 1E0 1E0 9.99999E-1 1E0 1E0 1E0 9.94963E-1 9.73272E-1 9.67797E-1 9.99967E-1 9.99869E-1 9.82349E-1 9.52325E-1 9.40937E-1 6.95913E-1 9.79048E-1 9.97979E-1 9.91739E-1 9.90481E-1 9.86692E-1 9.91785E-1 7.02678E-1 7.53023E-1 9.38523E-1 6.44948E-1 9.74467E-1 9.63643E-1 9.24448E-1 6.66439E-1 7.39147E-1 7.88098E-1 6.00629E-1 2.54257E-1 1.9514E-1 3.90342E-2 8.42047E-4 5.69913E-4 4.97033E-3 2.617E-2 9.10859E-3 3.95406E-3 2.89431E-4 2.87392E-4 2.06597E-4 1.33951E-4 2.71209E-3 1.49722E-3 2.40812E-4 1.72887E-3 -9999 -9999 -9999 -9999 -9999 -9999 -9999
1E0 1E0 1E0 1E0 1E0 1E0 1E0 9.99999E-1 1E0 1E0 1E0 1E0 1E0 1E0 1E0 9.99935E-1 9.99975E-1 9.99994E-1 1E0 9.99883E-1 9.99905E-1 1E0 1E0 9.99834E-1 9.99898E-1 9.89814E-1 9.97133E-1 9.97584E-1 9.82919E-1 9.94694E-1 9.55307E-1 9.66937E-1 9.99992E-1 9.96815E-1 9.83778E-1 9.73283E-1 9.31145E-1 9.97705E-1 9.95799E-1 9.71639E-1 8.29005E-1 9.60896E-1 9.96152E-1 9.92641E-1 9.89314E-1 9.93531E-1 9.91357E-1 8.78598E-1 4.42169E-1 2.05882E-1 3.42901E-1 2.72459E-1 1.12089E-2 1.33331E-3 1.67364E-2 1.939E-2 2.16267E-2 7.83188E-3 3.15178E-4 3.15658E-4 8.60822E-5 2.63546E-4 1.91596E-3 6.78132E-4 1.02371E-3 3.69676E-4 -9999 -9999 -9999 -9999 -9999 -9999 -9999
