ENM/Final_Models/M_1_F_q_Set_1_E/Gustavia_santanderiensis_Choco_avg.asc
ncols         367
nrows         963
xllcorner     -78.6
yllcorner     0.65
cellsize      0.00833333333333323
NODATA_value  -9999
[rows 750 to 779 of 963, columns 201 to 267 of 367]
1.02219E-3 1.19453E-3 1.47677E-3 1.58818E-3 3.15132E-3 1.03507E-2 2.92123E-2 1.69795E-2 1.50221E-2 6.28881E-3 5.56821E-3 1.06755E-2 3.77944E-3 2.21771E-3 9.41674E-3 1.15342E-2 3.96958E-3 2.24249E-3 2.08124E-3 1.68064E-3 4.56918E-4 2.5216E-4 3.52555E-4 1.0496E-3 1.29209E-3 8.03103E-4 6.00942E-4 7.67522E-4 7.20799E-4 4.33496E-4 5.73894E-4 4.66933E-4 4.73321E-4 3.47156E-4 3.64729E-4 3.04935E-4 8.91004E-4 -9999 -9999 -9999 -9999 -9999 -9999 -9999 -9999 -9999 -9999 -9999 -9999 -9999 -9999 -9999 -9999 -9999 -9999 -9999 -9999 -9999 -9999 -9999 -9999 -9999 -9999 -9999 -9999 -9999 -9999
1.07843E-3 1.59723E-3 2.82122E-3 2.42572E-3 1.24803E-2 2.50245E-2 3.56135E-2 5.03954E-2 3.98546E-2 2.60678E-2 2.80929E-2 2.1199E-2 1.66813E-2 5.31153E-3 1.90367E-2 2.34813E-2 1.42283E-2 2.52606E-3 1.09759E-3 5.75834E-4 4.71979E-4 4.31382E-4 9.29436E-4 1.43917E-3 3.93876E-4 8.74426E-4 9.39255E-4 6.27557E-4 1.1237E-3 8.2715E-4 6.65773E-4 3.787E-4 1.66327E-4 2.70973E-4 2.70419E-4 4.11546E-4 3.56339E-4 6.02315E-4 -9999 -9999 -9999 -9999 -9999 -9999 -9999 -9999 -9999 -9999 -9999 -9999 -9999 -9999 -9999 -9999 -9999 -9999 -9999 -9999 -9999 -9999 -9999 -9999 -9999 -9999 -9999 -9999 -9999
3.61055E-3 3.22552E-3 3.17944E-3 4.84311E-3 3.21125E-3 2.94827E-2 5.88451E-2 6.30141E-2 4.48878E-2 2.66203E-2 2.51998E-2 4.28769E-2 2.87962E-2 2.37377E-2 4.10157E-2 2.00614E-2 4.01636E-3 1.35716E-3 3.149E-4 4.79335E-4 3.3637E-4 3.49783E-4 6.35384E-4 4.82135E-4 2.74875E-4 3.26475E-4 4.67487E-4 4.74339E-4 3.09363E-4 2.68135E-4 4.5553E-4 6.21492E-4 1.77941E-4 2.17664E-4 1.19754E-4 1.97396E-4 2.34881E-4 6.92401E-4 5.39009E-4 -9999 -9999 -9999 -9999 -9999 -9999 -9999 -9999 -9999 -9999 -9999 -9999 -9999 -9999 -9999 -9999 -9999 -9999 -9999 -9999 -9999 -9999 -9999 -9999 -9999 -9999 -9999 -9999
1.72493E-2 1.15495E-2 4.41635E-3 3.9406E-3 7.02818E-3 4.60951E-2 4.73191E-2 7.57041E-2 3.78906E-2 2.57318E-2 2.4903E-2 6.41895E-2 5.43678E-2 5.80874E-2 5.23895E-2 2.1604E-2 2.68802E-3 4.89232E-4 4.30042E-4 6.83002E-4 3.91986E-4 2.44869E-4 5.26992E-4 5.00842E-4 2.52598E-4 2.51919E-4 3.41656E-4 2.39669E-4 8.92623E-4 1.41244E-4 1.60228E-4 5.82986E-4 7.46136E-4 2.9159E-4 6.10903E-4 4.52348E-4 2.62436E-4 4.72952E-4 3.66331E-4 4.23849E-4 2.92523E-4 -9999 -9999 -9999 -9999 -9999 -9999 -9999 -9999 -9999 -9999 -9999 -9999 -9999 -9999 -9999 -9999 -9999 -9999 -9999 -9999 -9999 -9999 -9999 -9999 -9999 -9999
2.74793E-2 1.08813E-2 4.84847E-3 3.33572E-3 1.54988E-2 3.48822E-2 5.15819E-2 6.57253E-2 3.54283E-2 2.90734E-2 5.54323E-2 9.00029E-2 8.75487E-2 7.43013E-2 4.02535E-2 1.75802E-2 1.37081E-2 9.87738E-3 2.6521E-3 8.94298E-4 4.69045E-4 3.23726E-4 2.36267E-4 1.3508E-4 3.47119E-4 1.3742E-4 2.50169E-4 4.46628E-4 3.69528E-4 4.56589E-4 3.72598E-4 2.23446E-4 2.14094E-4 5.29654E-4 5.91961E-4 2.32725E-4 2.37175E-4 3.08138E-4 3.87515E-4 2.3524E-4 3.60927E-4 4.88572E-4 -9999 -9999 -9999 -9999 -9999 -9999 -9999 -9999 -9999 -9999 -9999 -9999 -9999 -9999 -9999 -9999 -9999 -9999 -9999 -9999 -9999 -9999 -9999 -9999 -9999
2.00018E-2 1.87528E-2 6.70658E-3 1.0177E-2 2.36628E-2 3.7631E-2 6.79783E-2 4.9705E-2 3.54875E-2 3.82794E-2 8.80454E-2 1.00538E-1 8.35247E-2 4.83644E-2 5.4231E-2 4.50236E-2 2.62029E-2 5.62059E-3 7.55103E-3 7.64064E-4 3.32477E-4 2.77857E-4 2.441E-4 2.46107E-4 1.03758E-4 1.56141E-4 2.47985E-4 5.71077E-4 6.65309E-4 3.62384E-4 5.37832E-4 3.37845E-4 6.46297E-4 3.00288E-4 1.47907E-4 3.31132E-4 5.4728E-4 3.9027E-4 2.08983E-4 4.82622E-4 6.63415E-4 3.96259E-4 2.63511E-4 -9999 -9999 -9999 -9999 -9999 -9999 -9999 -9999 -9999 -9999 -9999 -9999 -9999 -9999 -9999 -9999 -9999 -9999 -9999 -9999 -9999 -9999 -9999 -9999
1.72491E-2 1.39977E-2 1.06097E-2 2.86235E-2 3.42622E-2 -9999 -9999 5.51492E-2 6.49479E-2 3.30541E-2 -9999 -9999 -9999 6.30726E-2 3.69551E-2 2.46679E-2 8.91688E-3 4.94228E-3 3.84388E-3 1.34041E-3 8.53669E-5 7.18142E-5 8.6843E-5 1.02021E-4 2.32327E-4 2.7681E-4 1.20214E-4 4.58805E-4 2.53463E-4 2.0827E-4 2.7711E-4 1.90587E-4 1.7649E-4 2.26126E-4 2.85613E-4 2.6604E-4 1.50004E-4 5.94804E-4 4.0388E-4 3.25006E-4 2.68915E-4 1.87213E-4 2.16805E-4 -9999 -9999 -9999 -9999 -9999 -9999 -9999 -9999 -9999 -9999 -9999 -9999 -9999 -9999 -9999 -9999 -9999 -9999 -9999 -9999 -9999 -9999 -9999 -9999
1.45878E-2 1.96504E-2 1.98477E-2 3.10978E-2 -9999 -9999 -9999 7.73965E-2 9.82127E-2 -9999 -9999 -9999 -9999 -9999 3.5852E-2 2.57086E-2 8.12964E-3 8.45788E-3 4.2584E-3 1.35038E-3 5.58843E-4 8.6511E-5 7.47849E-5 1.21351E-4 2.23801E-4 3.32814E-4 6.05849E-4 4.32322E-4 3.70433E-4 2.31072E-4 9.79549E-5 7.08607E-5 2.19061E-4 3.69722E-4 1.71461E-4 3.70841E-4 3.46215E-4 3.0355E-4 4.83978E-4 3.03097E-4 1.98924E-4 1.89646E-4 1.67145E-4 2.34959E-4 -9999 -9999 -9999 -9999 -9999 -9999 -9999 -9999 -9999 -9999 -9999 -9999 -9999 -9999 -9999 -9999 -9999 -9999 -9999 -9999 -9999 -9999 -9999
2.85926E-2 2.05262E-2 3.71174E-2 -9999 -9999 -9999 1.1425E-1 8.0015E-2 -9999 -9999 -9999 -9999 -9999 -9999 -9999 2.46981E-2 1.65005E-2 9.9542E-3 5.60583E-3 2.2227E-3 1.26698E-4 2.17579E-4 1.73692E-4 1.88198E-4 1.02556E-4 1.63635E-4 1.48066E-4 3.11829E-4 4.35414E-4 2.98913E-4 8.00327E-5 9.85489E-5 8.26174E-5 3.82758E-4 2.3461E-4 3.23691E-4 2.85637E-4 2.86761E-4 1.818E-4 2.26123E-4 2.86156E-4 3.28036E-4 3.19447E-4 2.42468E-4 -9999 -9999 -9999 -9999 -9999 -9999 -9999 -9999 -9999 -9999 -9999 -9999 -9999 -9999 -9999 -9999 -9999 -9999 -9999 -9999 -9999 -9999 -9999
6.78517E-2 6.35557E-2 -9999 -9999 -9999 -9999 -9999 -9999 -9999 -9999 -9999 -9999 -9999 -9999 -9999 -9999 1.34223E-2 5.713E-3 4.16915E-3 2.68212E-3 9.90622E-5 1.31572E-4 2.37648E-4 2.2813E-4 1.49131E-4 7.84608E-5 9.31969E-5 1.54345E-4 2.62251E-4 1.90923E-4 1.55727E-4 1.9493E-4 6.65533E-5 2.53343E-4 2.52529E-4 4.03194E-4 3.98638E-4 2.03522E-4 1.70827E-4 1.6952E-4 1.53885E-4 1.71891E-4 1.92608E-4 1.27254E-4 2.21386E-4 -9999 -9999 -9999 -9999 -9999 -9999 -9999 -9999 -9999 -9999 -9999 -9999 -9999 -9999 -9999 -9999 -9999 -9999 -9999 -9999 -9999 -9999
7.71756E-2 1.06767E-1 -9999 -9999 -9999 -9999 -9999 -9999 -9999 3.37236E-2 4.88807E-2 6.71925E-2 3.87958E-2 4.72274E-2 3.28427E-2 3.01553E-2 8.30189E-3 9.10413E-3 7.3028E-3 5.7774E-3 8.23192E-4 1.04367E-4 7.15403E-5 1.47305E-4 1.01528E-4 7.07057E-5 1.17849E-4 1.23587E-4 3.05464E-4 1.48998E-4 2.5858E-4 1.56404E-4 7.73236E-5 1.49491E-4 1.85724E-4 3.45939E-4 3.8312E-4 3.37084E-4 1.70883E-4 1.89665E-4 1.78704E-4 1.8496E-4 2.80508E-4 2.96856E-4 4.15202E-4 -9999 -9999 -9999 -9999 -9999 -9999 -9999 -9999 -9999 -9999 -9999 -9999 -9999 -9999 -9999 -9999 -9999 -9999 -9999 -9999 -9999 -9999
-9999 -9999 -9999 -9999 -9999 -9999 -9999 1.07296E-1 8.88787E-2 7.03623E-2 4.08704E-2 -9999 -9999 -9999 3.09729E-2 1.65214E-2 1.45842E-2 1.23491E-2 1.14008E-2 6.78923E-3 4.20403E-3 1.4724E-3 5.4204E-4 2.72912E-4 1.49124E-4 4.07531E-5 6.57843E-5 2.14012E-4 4.04033E-4 9.98408E-5 5.8563E-5 4.83699E-5 1.06766E-4 1.4695E-4 1.38852E-4 2.33466E-4 2.36297E-4 3.91663E-4 4.35748E-4 5.73456E-4 6.74354E-4 6.18657E-4 5.43058E-4 8.67785E-4 6.41232E-4 -9999 -9999 -9999 -9999 -9999 -9999 -9999 -9999 -9999 -9999 -9999 -9999 -9999 -9999 -9999 -9999 -9999 -9999 -9999 -9999 -9999 -9999
-9999 -9999 -9999 -9999 -9999 -9999 -9999 -9999 -9999 -9999 -9999 -9999 -9999 -9999 -9999 4.56956E-2 3.458E-2 1.64542E-2 1.21463E-2 8.02619E-3 6.7241E-3 1.34963E-3 2.42613E-4 2.17347E-4 1.75726E-4 4.07904E-4 4.09787E-4 2.86277E-4 3.34501E-4 4.61811E-5 5.22992E-5 1.3004E-4 1.40451E-4 2.2976E-4 2.25038E-4 3.03304E-4 2.93946E-4 3.13748E-4 1.71266E-4 2.93904E-4 2.23271E-4 2.66669E-4 4.03578E-4 1.2116E-3 1.09742E-3 -9999 -9999 -9999 -9999 -9999 -9999 -9999 -9999 -9999 -9999 -9999 -9999 -9999 -9999 -9999 -9999 -9999 -9999 -9999 -9999 -9999 -9999
-9999 -9999 -9999 -9999 -9999 -9999 -9999 -9999 -9999 -9999 -9999 -9999 -9999 -9999 -9999 -9999 5.14499E-2 3.20099E-2 1.94777E-2 1.74567E-2 1.38436E-2 3.7787E-3 4.79006E-4 2.21208E-4 4.55714E-4 7.88806E-5 5.6087E-5 4.64639E-5 5.31069E-5 5.81101E-5 9.42429E-5 1.66242E-4 2.2008E-4 2.66785E-4 2.57869E-4 4.1018E-4 2.61841E-4 2.49106E-4 2.34205E-4 2.26799E-4 1.5736E-4 1.64133E-4 2.1232E-4 5.38407E-4 5.80431E-4 -9999 -9999 -9999 -9999 -9999 -9999 -9999 -9999 -9999 -9999 -9999 -9999 -9999 -9999 -9999 -9999 -9999 -9999 -9999 -9999 -9999 -9999
-9999 -9999 -9999 -9999 -9999 -9999 -9999 -9999 -9999 2.04569E-2 2.1081E-2 1.40052E-2 2.0483E-2 1.77198E-2 -9999 -9999 2.11232E-2 1.5428E-2 1.49706E-2 6.8398E-3 6.33122E-3 5.60526E-3 2.61708E-3 7.56606E-4 1.85819E-4 3.35241E-4 2.56644E-4 3.49453E-5 2.73632E-5 2.64251E-5 8.84492E-5 1.89555E-4 1.46976E-4 2.17827E-4 2.24096E-4 2.62558E-4 1.62936E-4 1.25948E-4 1.03282E-4 1.57803E-4 1.59692E-4 3.12066E-4 3.66147E-4 3.89725E-4 5.55054E-4 -9999 -9999 -9999 -9999 -9999 -9999 -9999 -9999 -9999 -9999 -9999 -9999 -9999 -9999 -9999 -9999 -9999 -9999 -9999 -9999 -9999 -9999
-9999 -9999 -9999 -9999 -9999 -9999 -9999 -9999 3.23463E-2 2.87385E-2 3.22256E-2 2.28059E-2 2.45641E-2 1.91838E-2 8.17177E-3 5.58948E-3 2.02513E-2 7.51166E-3 3.78084E-3 2.24373E-3 5.70966E-3 5.73364E-3 8.3512E-3 3.30488E-3 1.5166E-3 3.74705E-4 5.80746E-5 1.87559E-4 2.30668E-4 6.91985E-5 1.64318E-4 1.86117E-4 1.71419E-4 2.58925E-4 2.67737E-4 4.65808E-4 3.00653E-4 1.34996E-4 9.65052E-5 1.92512E-4 1.92675E-4 3.61139E-4 6.83367E-4 7.66345E-4 9.44421E-4 -9999 -9999 -9999 -9999 -9999 -9999 -9999 -9999 -9999 -9999 -9999 -9999 -9999 -9999 -9999 -9999 -9999 -9999 -9999 -9999 -9999 -9999
-9999 -9999 -9999 -9999 -9999 -9999 -9999 -9999 -9999 -9999 -9999 2.17434E-2 1.77801E-2 1.87326E-2 1.03184E-2 7.77837E-3 8.22545E-3 3.72768E-3 2.35299E-3 4.87343E-4 2.05405E-3 3.84373E-3 2.5795E-3 3.52516E-3 4.21262E-3 1.21026E-3 4.91469E-4 1.30308E-4 1.72686E-4 9.20885E-5 2.75105E-4 4.21308E-4 3.29619E-4 2.722E-4 2.61372E-4 3.03401E-4 2.25831E-4 1.56056E-4 1.32168E-4 1.82271E-4 2.70625E-4 4.70038E-4 7.19655E-4 6.05266E-4 6.92028E-4 -9999 -9999 -9999 -9999 -9999 -9999 -9999 -9999 -9999 -9999 -9999 -9999 -9999 -9999 -9999 -9999 -9999 -9999 -9999 -9999 -9999 -9999
-9999 -9999 -9999 -9999 -9999 -9999 -9999 -9999 -9999 -9999 2.01442E-2 2.27853E-2 1.54482E-2 1.24702E-2 8.40286E-3 5.75293E-3 2.82439E-3 1.89048E-3 1.39542E-3 4.47771E-4 3.63599E-5 1.33306E-4 4.74908E-4 1.87748E-3 1.35999E-3 1.85075E-3 1.0614E-3 4.40994E-4 1.90724E-4 1.56173E-4 3.58866E-4 4.46811E-4 4.35084E-4 3.24888E-4 2.86104E-4 4.59224E-4 7.98817E-4 1.85969E-4 1.37142E-4 3.68939E-4 4.66118E-4 6.15582E-4 5.71978E-4 6.74156E-4 6.76719E-4 -9999 -9999 -9999 -9999 -9999 -9999 -9999 -9999 -9999 -9999 -9999 -9999 -9999 -9999 -9999 -9999 -9999 -9999 -9999 -9999 -9999 -9999
-9999 -9999 -9999 -9999 -9999 -9999 -9999 -9999 2.47239E-2 2.5295E-2 2.73751E-2 2.00144E-2 1.49866E-2 8.56854E-3 4.72854E-3 1.91586E-3 2.87826E-3 6.53016E-4 1.14067E-4 8.8162E-5 8.98067E-5 5.3472E-5 2.63445E-4 9.80903E-5 1.37997E-4 2.36807E-3 2.36566E-3 3.16668E-4 4.7957E-5 4.66781E-5 6.09816E-5 2.54816E-4 2.15993E-4 2.23602E-4 1.83548E-4 1.70933E-4 2.26067E-4 5.4603E-4 2.07537E-4 4.37801E-4 4.30676E-4 6.30345E-4 5.43009E-4 4.292E-4 5.17388E-4 -9999 -9999 -9999 -9999 -9999 -9999 -9999 -9999 -9999 -9999 -9999 -9999 -9999 -9999 -9999 -9999 -9999 -9999 -9999 -9999 -9999 -9999
-9999 -9999 -9999 -9999 -9999 -9999 -9999 4.12886E-2 2.39914E-2 3.46483E-2 2.79267E-2 2.21307E-2 1.25842E-2 2.16026E-2 1.19587E-2 2.77444E-3 6.8797E-4 7.66143E-5 1.21567E-4 1.66584E-4 1.62351E-4 2.53599E-4 1.15153E-4 3.45999E-5 3.83529E-5 1.28997E-4 4.05392E-4 4.52506E-4 9.1305E-5 6.56828E-5 8.64627E-5 2.05981E-4 1.91665E-4 1.47034E-4 1.48771E-4 1.59406E-4 1.84703E-4 3.41105E-4 2.53456E-4 3.58166E-4 4.42923E-4 4.59007E-4 5.01581E-4 4.39802E-4 5.55454E-4 -9999 -9999 -9999 -9999 -9999 -9999 -9999 -9999 -9999 -9999 -9999 -9999 -9999 -9999 -9999 -9999 -9999 -9999 -9999 -9999 -9999 -9999
-9999 -9999 -9999 -9999 -9999 -9999 -9999 3.73475E-2 3.51215E-2 3.01172E-2 1.75947E-2 1.40629E-2 1.39324E-2 3.34771E-2 1.44624E-2 6.60863E-3 3.64248E-3 5.05707E-4 1.78576E-4 4.42496E-4 1.48971E-3 1.32293E-3 1.43664E-4 1.05819E-4 1.56937E-4 5.87152E-5 5.61524E-4 1.73661E-4 1.92686E-4 2.20566E-4 7.57198E-5 5.35807E-5 1.3882E-4 1.76465E-4 1.11693E-4 1.58377E-4 3.15428E-4 2.22914E-4 7.54849E-4 7.33433E-4 7.4154E-4 5.2928E-4 2.96589E-4 4.48787E-4 5.18018E-4 -9999 -9999 -9999 -9999 -9999 -9999 -9999 -9999 -9999 -9999 -9999 -9999 -9999 -9999 -9999 -9999 -9999 -9999 -9999 -9999 -9999 -9999
-9999 -9999 -9999 -9999 -9999 -9999 -9999 -9999 -9999 3.34927E-2 3.01888E-2 2.29416E-2 2.00141E-2 1.61777E-2 9.89598E-3 1.27338E-2 4.21456E-3 5.61132E-3 1.62924E-3 3.68411E-3 5.10108E-3 1.34093E-3 8.2089E-5 2.09014E-4 1.69603E-4 1.51951E-4 1.70438E-4 6.40437E-5 3.44037E-5 4.43986E-5 9.71408E-5 9.3361E-5 1.46479E-4 1.04636E-4 1.18265E-4 2.61324E-4 1.77371E-4 1.93981E-4 8.31458E-4 1.10428E-3 4.61386E-4 3.27738E-4 3.78169E-4 5.06346E-4 6.17405E-4 -9999 -9999 -9999 -9999 -9999 -9999 -9999 -9999 -9999 -9999 -9999 -9999 -9999 -9999 -9999 -9999 -9999 -9999 -9999 -9999 -9999 -9999
-9999 -9999 -9999 -9999 -9999 -9999 -9999 -9999 -9999 -9999 2.99042E-2 3.68096E-2 3.04136E-2 9.44054E-3 6.76748E-3 1.85947E-2 7.2846E-3 7.75891E-3 6.61773E-3 4.14951E-3 9.30561E-3 5.52764E-4 8.63226E-5 1.11738E-4 1.49917E-4 1.60052E-4 1.03656E-4 2.40539E-4 2.11813E-4 9.6063E-5 6.40193E-5 2.55134E-4 6.6925E-5 1.36273E-4 1.77659E-4 1.92597E-4 2.49322E-4 3.40226E-4 6.10327E-4 5.79452E-4 5.87415E-4 3.03886E-4 2.29282E-4 5.13647E-4 3.92386E-4 -9999 -9999 -9999 -9999 -9999 -9999 -9999 -9999 -9999 -9999 -9999 -9999 -9999 -9999 -9999 -9999 -9999 -9999 -9999 -9999 -9999 -9999
-9999 -9999 -9999 -9999 -9999 -9999 -9999 -9999 -9999 3.67218E-2 2.84301E-2 2.21758E-2 1.15582E-2 7.91E-3 1.45108E-2 1.4671E-2 1.18938E-2 1.05414E-2 6.89986E-3 1.25166E-2 3.90535E-3 3.12286E-3 4.14555E-4 4.42507E-4 1.68701E-4 1.05787E-4 1.08452E-4 1.82777E-4 1.6633E-4 2.60168E-4 2.03076E-4 2.9977E-4 7.57198E-5 1.2142E-4 1.3144E-4 1.65472E-4 1.88748E-4 4.47384E-4 4.96235E-4 4.75492E-4 4.63319E-4 2.15898E-4 1.03019E-4 3.81269E-4 -9999 -9999 -9999 -9999 -9999 -9999 -9999 -9999 -9999 -9999 -9999 -9999 -9999 -9999 -9999 -9999 -9999 -9999 -9999 -9999 -9999 -9999 -9999
-9999 -9999 -9999 -9999 -9999 -9999 -9999 -9999 -9999 -9999 -9999 -9999 1.64575E-2 1.31599E-2 1.56159E-2 2.61915E-2 2.60589E-2 2.58105E-2 1.42364E-2 1.10341E-2 8.7364E-3 3.69969E-3 5.28273E-4 7.9347E-5 4.17106E-5 7.71132E-5 1.62116E-4 2.40498E-4 2.2418E-4 2.4882E-4 1.64366E-4 1.87927E-4 1.51989E-4 7.78964E-5 1.80367E-4 1.11912E-4 3.12215E-4 5.67466E-4 2.70165E-4 3.38708E-4 4.86379E-4 2.49165E-4 1.09299E-4 3.92991E-4 -9999 -9999 -9999 -9999 -9999 -9999 -9999 -9999 -9999 -9999 -9999 -9999 -9999 -9999 -9999 -9999 -9999 -9999 -9999 -9999 -9999 -9999 -9999
3.08379E-2 -9999 -9999 -9999 -9999 -9999 -9999 -9999 -9999 -9999 -9999 -9999 1.19187E-2 1.06832E-2 2.15453E-2 2.30326E-2 2.54815E-2 2.10524E-2 1.91304E-2 4.12621E-3 1.61039E-3 1.10751E-3 7.42358E-5 1.0875E-4 9.51655E-5 9.78318E-5 1.70775E-4 2.47449E-4 1.95605E-4 1.30569E-4 1.30624E-4 1.22622E-4 2.0047E-4 1.20345E-4 1.19388E-4 1.13448E-4 2.2612E-4 5.05236E-4 5.85382E-4 3.43385E-4 5.08926E-4 3.31655E-4 1.41019E-4 4.43983E-4 -9999 -9999 -9999 -9999 -9999 -9999 -9999 -9999 -9999 -9999 -9999 -9999 -9999 -9999 -9999 -9999 -9999 -9999 -9999 -9999 -9999 -9999 -9999
1.57768E-2 -9999 -9999 -9999 2.61738E-2 1.1117E-2 -9999 -9999 -9999 6.72801E-3 2.83665E-3 6.47026E-3 1.53773E-2 1.33719E-2 1.65895E-2 1.13045E-2 9.10573E-3 1.4342E-2 1.23755E-2 3.39665E-3 1.77946E-4 1.21121E-4 1.17015E-4 6.0341E-5 1.75605E-4 1.74341E-4 3.35174E-4 2.65597E-4 1.65237E-4 1.80079E-4 1.67262E-4 1.42731E-4 1.75881E-4 2.49372E-4 1.11551E-4 1.59912E-4 2.17098E-4 5.21896E-4 3.96432E-4 -9999 -9999 4.90332E-4 3.13653E-4 -9999 -9999 -9999 -9999 -9999 -9999 -9999 -9999 -9999 -9999 -9999 -9999 -9999 -9999 -9999 -9999 -9999 -9999 -9999 -9999 -9999 -9999 -9999 -9999
2.02651E-2 -9999 -9999 -9999 9.65097E-3 8.29077E-3 5.9309E-3 1.0064E-2 1.28639E-2 7.07841E-3 5.24205E-3 1.29884E-2 1.90039E-2 1.06789E-2 5.04352E-3 4.07942E-3 5.99629E-3 7.02079E-3 2.31378E-3 1.11453E-3 6.20358E-5 1.53851E-4 5.17987E-5 1.36312E-4 9.09135E-5 1.80678E-4 2.70538E-4 3.06048E-4 2.04341E-4 1.86281E-4 1.85946E-4 2.00775E-4 1.59797E-4 2.04173E-4 1.2007E-4 2.5366E-4 2.65437E-4 4.80267E-4 3.22085E-4 -9999 -9999 -9999 -9999 -9999 -9999 -9999 -9999 -9999 -9999 -9999 -9999 -9999 -9999 -9999 -9999 -9999 -9999 -9999 -9999 -9999 -9999 -9999 -9999 -9999 -9999 -9999 -9999
2.24453E-2 -9999 -9999 1.34426E-2 1.303E-2 1.17781E-2 8.69314E-3 1.34471E-2 1.21402E-2 9.75568E-3 1.1209E-2 9.79504E-3 8.41912E-3 9.02451E-3 6.01921E-3 2.29885E-3 3.67145E-3 1.36159E-3 7.29852E-4 1.4672E-4 3.1634E-5 4.83319E-5 7.29126E-5 1.16956E-4 1.2626E-4 6.38733E-5 2.0717E-4 3.68942E-4 1.98195E-4 1.87613E-4 1.72872E-4 1.33312E-4 1.47221E-4 2.5154E-4 1.21343E-4 2.38877E-4 2.95952E-4 4.06629E-4 3.4732E-4 -9999 -9999 -9999 -9999 -9999 -9999 -9999 -9999 -9999 -9999 -9999 -9999 -9999 -9999 -9999 -9999 -9999 -9999 -9999 -9999 -9999 -9999 -9999 -9999 -9999 -9999 -9999 -9999
1.33442E-2 1.16682E-2 1.30583E-2 8.48983E-3 7.40084E-3 6.34346E-3 6.02174E-3 9.41067E-3 6.38741E-3 6.44719E-3 8.78093E-3 5.46713E-3 4.45457E-3 4.80512E-3 5.77005E-3 1.62241E-3 7.43871E-4 3.2675E-4 1.48641E-4 9.33352E-5 8.86938E-5 4.94912E-5 1.33872E-4 1.43889E-4 8.67687E-5 7.29089E-5 1.6729E-4 2.30753E-4 1.8975E-4 1.82795E-4 1.88741E-4 1.90179E-4 1.42007E-4 2.04921E-4 2.15408E-4 2.68556E-4 5.33695E-4 1.96581E-4 2.67458E-4 -9999 -9999 -9999 -9999 -9999 -9999 -9999 -9999 -9999 -9999 -9999 -9999 -9999 -9999 -9999 -9999 -9999 -9999 -9999 -9999 -9999 -9999 -9999 -9999 -9999 -9999 -9999 -9999
