ENM/Final_Models/M_2_F_q_Set_1_EC/Gustavia_santanderiensis_9_Choco.asc
ncols         367
nrows         963
xllcorner     -78.6
yllcorner     0.65
cellsize      0.00833333333333323
NODATA_value  -9999
[rows 870 to 899 of 963, columns 0 to 66 of 367]
-9999 -9999 -9999 -9999 -9999 -9999 -9999 -9999 -9999 -9999 -9999 -9999 -9999 -9999 -9999 -9999 -9999 -9999 -9999 -9999 -9999 -9999 -9999 -9999 -9999 -9999 -9999 -9999 -9999 -9999 -9999 -9999 -9999 -9999 -9999 4.06695E-1 3.37643E-1 2.59139E-1 2.2085E-1 2.24393E-1 2.20207E-1 1.7209E-1 1.80412E-1 2.02951E-1 2.41197E-1 4.71691E-1 4.4088E-1 3.85044E-1 2.81128E-1 2.27396E-1 1.68649E-1 1.86915E-1 1.10166E-1 1.96417E-1 1.42E-1 1.16432E-1 1.30936E-1 2.01428E-1 1.79876E-1 1.3761E-1 1.02778E-1 9.25451E-2 1.15636E-1 9.17954E-2 1.23308E-1 1.40133E-1 2.68792E-1
-9999 -9999 -9999 -9999 -9999 -9999 -9999 -9999 -9999 -9999 -9999 -9999 -9999 -9999 -9999 -9999 -9999 -9999 -9999 -9999 -9999 -9999 -9999 -9999 -9999 -9999 -9999 -9999 -9999 -9999 -9999 -9999 -9999 3.79496E-1 2.99361E-1 2.82468E-1 2.93751E-1 2.58229E-1 2.68148E-1 2.47547E-1 2.16025E-1 2.156E-1 1.84333E-1 2.11648E-1 2.44584E-1 4.29804E-1 3.47125E-1 2.5304E-1 1.80306E-1 1.81407E-1 1.44191E-1 1.30994E-1 1.82256E-1 9.2624E-2 1.03971E-1 1.079E-1 1.23545E-1 1.55002E-1 1.442E-1 1.19423E-1 9.20326E-2 8.3727E-2 8.61675E-2 7.70466E-2 8.06188E-2 1.081E-1 1.94541E-1
-9999 -9999 -9999 -9999 -9999 -9999 -9999 -9999 -9999 -9999 -9999 -9999 -9999 -9999 -9999 -9999 -9999 -9999 -9999 -9999 -9999 -9999 -9999 -9999 -9999 -9999 -9999 -9999 -9999 -9999 -9999 -9999 4.12199E-1 3.87779E-1 2.70662E-1 2.85742E-1 2.5391E-1 2.50815E-1 2.505E-1 2.22553E-1 1.95262E-1 2.06535E-1 1.89906E-1 1.73272E-1 1.87161E-1 3.40363E-1 3.24619E-1 2.10622E-1 1.77351E-1 1.73667E-1 1.638E-1 1.4374E-1 1.23737E-1 1.16332E-1 1.01591E-1 8.9718E-2 1.10016E-1 8.6492E-2 8.40076E-2 9.92727E-2 9.89145E-2 6.75298E-2 8.8209E-2 6.97989E-2 7.84789E-2 1.09122E-1 1.87112E-1
-9999 -9999 -9999 -9999 -9999 -9999 -9999 -9999 -9999 -9999 -9999 -9999 -9999 -9999 -9999 -9999 -9999 -9999 -9999 -9999 -9999 -9999 -9999 -9999 -9999 -9999 -9999 -9999 -9999 -9999 -9999 4.36154E-1 4.30723E-1 4.37515E-1 2.49346E-1 2.34477E-1 2.89253E-1 2.66563E-1 2.52293E-1 2.40786E-1 2.28087E-1 2.05806E-1 1.9634E-1 1.78554E-1 1.72796E-1 2.2517E-1 3.1322E-1 2.72534E-1 2.68334E-1 1.48248E-1 1.37536E-1 1.39587E-1 1.13468E-1 9.55476E-2 1.05108E-1 1.20523E-1 9.87653E-2 7.84302E-2 7.00171E-2 8.32015E-2 8.618E-2 6.68113E-2 8.56804E-2 7.22687E-2 7.30151E-2 1.40503E-1 3.27144E-1
-9999 -9999 -9999 -9999 -9999 -9999 -9999 -9999 -9999 -9999 -9999 -9999 -9999 -9999 -9999 -9999 -9999 -9999 -9999 -9999 -9999 -9999 -9999 -9999 -9999 -9999 -9999 -9999 -9999 -9999 3.12304E-1 2.94478E-1 3.6062E-1 2.91301E-1 4.84582E-1 2.96014E-1 2.7837E-1 2.95275E-1 2.46814E-1 2.85883E-1 3.38459E-1 2.88078E-1 2.50385E-1 1.72841E-1 1.67802E-1 1.7973E-1 2.74753E-1 3.03262E-1 2.07012E-1 1.5787E-1 1.48725E-1 1.1632E-1 1.03692E-1 9.20411E-2 9.23068E-2 1.03576E-1 7.5423E-2 7.05321E-2 4.37996E-2 8.12862E-2 7.5736E-2 7.39181E-2 7.1073E-2 6.63761E-2 9.66161E-2 2.04358E-1 3.80887E-1
-9999 -9999 -9999 -9999 -9999 -9999 -9999 -9999 -9999 -9999 -9999 -9999 -9999 -9999 -9999 -9999 -9999 -9999 -9999 -9999 -9999 -9999 -9999 -9999 -9999 -9999 -9999 -9999 -9999 3.93226E-1 3.37264E-1 3.04251E-1 3.89079E-1 3.34711E-1 3.93958E-1 4.38376E-1 4.31678E-1 3.1981E-1 2.23745E-1 2.65534E-1 3.94321E-1 2.50874E-1 3.32593E-1 3.46801E-1 2.18436E-1 1.58873E-1 1.8267E-1 2.70596E-1 1.80226E-1 1.53768E-1 1.31836E-1 1.12748E-1 1.02121E-1 8.73222E-2 7.6273E-2 7.62425E-2 1.12233E-1 1.10612E-1 6.26844E-2 6.66445E-2 6.38349E-2 6.55113E-2 8.31267E-2 1.37402E-1 2.17738E-1 3.25185E-1 2.9903E-1
-9999 -9999 -9999 -9999 -9999 -9999 -9999 -9999 -9999 -9999 -9999 -9999 -9999 -9999 -9999 -9999 -9999 -9999 -9999 -9999 -9999 -9999 -9999 -9999 -9999 -9999 -9999 -9999 3.99252E-1 2.92108E-1 3.44474E-1 2.90947E-1 2.98312E-1 3.49241E-1 2.69323E-1 3.04571E-1 4.51372E-1 2.87925E-1 2.0876E-1 2.02046E-1 2.0079E-1 1.57713E-1 2.10148E-1 3.43742E-1 3.94236E-1 1.87868E-1 1.40536E-1 1.69713E-1 1.6464E-1 1.55816E-1 1.24753E-1 1.05544E-1 9.70351E-2 8.48418E-2 7.19032E-2 6.83853E-2 8.67404E-2 8.45753E-2 6.2443E-2 5.33553E-2 5.79804E-2 7.80504E-2 1.41921E-1 1.87752E-1 2.4291E-1 2.69856E-1 1.71255E-1
-9999 -9999 -9999 -9999 -9999 -9999 -9999 -9999 -9999 -9999 -9999 -9999 -9999 -9999 -9999 -9999 -9999 -9999 -9999 -9999 -9999 -9999 -9999 -9999 -9999 -9999 -9999 -9999 5.3429E-1 3.47376E-1 2.98777E-1 2.93998E-1 2.51982E-1 3.38199E-1 2.9294E-1 3.09902E-1 2.77989E-1 2.47169E-1 2.36119E-1 2.96291E-1 2.36858E-1 1.73551E-1 1.40384E-1 2.03316E-1 3.7506E-1 3.28313E-1 2.14584E-1 7.73833E-2 9.97945E-2 1.21122E-1 9.99663E-2 9.95663E-2 8.46067E-2 6.98636E-2 7.67151E-2 6.58871E-2 7.44516E-2 6.56713E-2 5.64106E-2 4.53232E-2 5.92919E-2 8.81723E-2 1.89714E-1 1.69714E-1 1.50425E-1 1.04007E-1 1.30324E-1
-9999 -9999 -9999 -9999 -9999 -9999 -9999 -9999 -9999 -9999 -9999 -9999 -9999 -9999 -9999 -9999 -9999 -9999 -9999 -9999 -9999 -9999 -9999 -9999 -9999 -9999 -9999 -9999 -9999 -9999 -9999 3.26845E-1 2.56796E-1 2.29985E-1 3.15626E-1 2.37558E-1 2.01369E-1 2.35363E-1 2.72387E-1 2.67186E-1 1.72258E-1 1.56798E-1 1.34427E-1 1.57124E-1 1.6239E-1 2.75847E-1 3.36692E-1 2.29681E-1 2.35322E-1 2.54248E-1 1.34691E-1 1.05835E-1 8.47921E-2 7.65466E-2 7.28464E-2 5.76134E-2 6.26617E-2 5.93844E-2 4.56315E-2 6.11298E-2 1.17202E-1 1.34469E-1 1.52638E-1 1.36453E-1 7.41537E-2 4.20001E-2 3.29923E-2
-9999 -9999 -9999 -9999 -9999 -9999 -9999 -9999 -9999 -9999 -9999 -9999 -9999 -9999 -9999 -9999 -9999 -9999 -9999 -9999 -9999 -9999 -9999 -9999 -9999 -9999 -9999 -9999 -9999 -9999 -9999 2.93006E-1 2.73408E-1 1.95878E-1 1.96228E-1 2.28311E-1 1.64469E-1 1.54709E-1 1.54149E-1 2.38563E-1 1.94421E-1 1.35575E-1 1.27815E-1 1.17941E-1 1.13081E-1 1.28381E-1 1.51006E-1 9.97513E-2 9.83346E-2 1.4045E-1 2.3053E-1 1.64631E-1 1.19108E-1 8.78557E-2 8.58888E-2 7.37731E-2 4.53646E-2 5.31007E-2 4.96782E-2 9.65083E-2 1.24833E-1 1.05654E-1 8.27824E-2 4.7621E-2 2.1643E-2 1.06127E-2 1.51408E-2
-9999 -9999 -9999 -9999 -9999 -9999 -9999 -9999 -9999 -9999 -9999 -9999 -9999 -9999 -9999 -9999 -9999 -9999 -9999 -9999 -9999 -9999 -9999 -9999 -9999 -9999 -9999 -9999 -9999 -9999 3.38515E-1 2.31506E-1 2.6223E-1 2.11999E-1 1.87172E-1 2.09992E-1 1.66201E-1 1.58764E-1 1.4753E-1 1.89945E-1 2.3527E-1 1.36866E-1 1.15296E-1 1.00936E-1 1.03805E-1 1.20359E-1 1.11309E-1 1.2093E-1 8.82861E-2 1.02082E-1 1.56713E-1 2.53177E-1 1.85703E-1 9.75402E-2 5.01673E-2 7.0105E-2 6.22555E-2 4.8284E-2 5.48849E-2 9.98916E-2 9.46526E-2 3.74213E-2 1.76034E-2 1.26061E-2 5.26417E-3 6.6258E-3 8.91238E-3
-9999 -9999 -9999 -9999 -9999 -9999 -9999 -9999 -9999 -9999 -9999 -9999 -9999 -9999 -9999 -9999 -9999 -9999 -9999 -9999 -9999 -9999 -9999 -9999 -9999 -9999 -9999 -9999 -9999 -9999 2.60104E-1 1.93272E-1 1.91518E-1 1.71558E-1 1.73372E-1 1.69242E-1 2.15759E-1 1.63032E-1 1.38306E-1 1.24782E-1 1.44914E-1 1.5804E-1 1.08304E-1 1.07086E-1 9.93859E-2 9.77454E-2 1.03755E-1 9.79643E-2 1.13808E-1 1.26533E-1 1.26996E-1 1.66912E-1 3.05806E-1 2.26861E-1 6.72766E-2 5.27801E-2 5.60783E-2 3.71011E-2 4.94603E-2 8.22709E-2 4.05894E-2 1.44178E-2 3.47918E-3 1.77006E-3 1.28572E-3 1.48882E-3 1.39675E-3
-9999 -9999 -9999 -9999 -9999 -9999 -9999 -9999 -9999 -9999 -9999 -9999 -9999 -9999 -9999 -9999 -9999 -9999 -9999 -9999 -9999 -9999 -9999 -9999 -9999 5.17921E-1 3.96569E-1 3.26148E-1 3.32555E-1 4.28696E-1 3.02341E-1 2.26479E-1 1.88438E-1 1.80537E-1 1.51517E-1 1.5408E-1 1.52986E-1 1.8211E-1 1.69943E-1 1.12434E-1 9.67693E-2 1.30837E-1 1.32327E-1 1.05588E-1 1.01208E-1 1.03915E-1 1.02416E-1 9.10342E-2 9.18016E-2 8.27778E-2 1.0374E-1 9.85926E-2 1.98537E-1 1.73862E-1 1.06312E-1 4.58981E-2 4.93208E-2 3.75899E-2 4.14525E-2 6.64436E-2 2.79677E-2 7.89568E-3 8.10636E-4 1.93566E-4 1.53906E-4 8.1749E-5 8.89449E-5
-9999 -9999 -9999 -9999 -9999 -9999 -9999 -9999 -9999 -9999 -9999 -9999 -9999 -9999 -9999 -9999 -9999 -9999 -9999 -9999 -9999 -9999 5.06687E-1 4.6084E-1 4.58616E-1 4.62502E-1 5.27798E-1 3.99916E-1 3.58068E-1 3.93567E-1 3.55761E-1 3.70847E-1 2.67652E-1 1.93613E-1 1.62817E-1 1.40794E-1 1.2105E-1 1.08159E-1 1.34287E-1 1.441E-1 9.35514E-2 1.03081E-1 1.23493E-1 8.99369E-2 9.28649E-2 1.02294E-1 9.15139E-2 8.03398E-2 7.69712E-2 7.58631E-2 7.56576E-2 7.46278E-2 2.09794E-1 2.65128E-1 1.41711E-1 1.27411E-1 1.06714E-1 8.01798E-2 2.67163E-2 5.22298E-2 1.77291E-2 1.96327E-3 3.50988E-4 1.43091E-4 1.26289E-4 4.90528E-5 2.60176E-5
-9999 -9999 -9999 -9999 -9999 -9999 -9999 -9999 -9999 -9999 -9999 -9999 -9999 -9999 -9999 -9999 -9999 -9999 -9999 -9999 -9999 5.57027E-1 8.26558E-1 6.48517E-1 8.04897E-1 7.87189E-1 5.14217E-1 4.30532E-1 5.35164E-1 3.11488E-1 2.34458E-1 2.8705E-1 1.82142E-1 1.68432E-1 1.44536E-1 1.31721E-1 1.14568E-1 1.13826E-1 1.34195E-1 1.13161E-1 9.9354E-2 8.69811E-2 1.00469E-1 9.25387E-2 8.51111E-2 8.57211E-2 8.73448E-2 7.99584E-2 7.04406E-2 6.28337E-2 6.87233E-2 7.53711E-2 1.39417E-1 1.37448E-1 1.07236E-1 1.85371E-1 1.43373E-1 8.60117E-2 4.08668E-2 3.53037E-2 1.0362E-2 3.74182E-3 8.78642E-4 3.64515E-4 1.34642E-4 8.19169E-5 6.33607E-5
-9999 -9999 -9999 -9999 -9999 -9999 -9999 -9999 -9999 -9999 -9999 -9999 -9999 -9999 -9999 -9999 -9999 -9999 -9999 -9999 -9999 6.11219E-1 5.88282E-1 5.85076E-1 6.06764E-1 7.08785E-1 8.02541E-1 7.72766E-1 4.19357E-1 2.41005E-1 2.15555E-1 1.90346E-1 1.8477E-1 2.14701E-1 1.9472E-1 1.39517E-1 1.1468E-1 1.10841E-1 1.19472E-1 8.66096E-2 7.98255E-2 8.4301E-2 8.64457E-2 8.35029E-2 8.42449E-2 8.7428E-2 8.1321E-2 6.7028E-2 6.52679E-2 6.08221E-2 5.54873E-2 5.94003E-2 8.59429E-2 9.57389E-2 7.56475E-2 6.61613E-2 1.31268E-1 7.43451E-2 4.02809E-2 2.5821E-2 1.80485E-2 8.72281E-3 2.60342E-3 1.02977E-3 3.99616E-4 2.32526E-4 2.19131E-4
-9999 -9999 -9999 -9999 -9999 -9999 -9999 -9999 -9999 -9999 -9999 -9999 -9999 -9999 -9999 -9999 -9999 -9999 -9999 -9999 -9999 6.84841E-1 4.99155E-1 5.50485E-1 6.09886E-1 6.09485E-1 7.60387E-1 7.72369E-1 6.42961E-1 2.42389E-1 2.59084E-1 2.39104E-1 1.79083E-1 1.93846E-1 1.97219E-1 1.56476E-1 1.20252E-1 8.83508E-2 9.12695E-2 9.29541E-2 8.1713E-2 7.86556E-2 7.70739E-2 7.70561E-2 7.85734E-2 8.20678E-2 8.3418E-2 7.31412E-2 5.90719E-2 5.79768E-2 5.39308E-2 5.7109E-2 5.14771E-2 5.44751E-2 4.16352E-2 4.19419E-2 1.31951E-1 9.48592E-2 4.79351E-2 2.12317E-2 2.57052E-2 1.0876E-2 3.66241E-3 1.50855E-3 8.64055E-4 4.7556E-4 2.94848E-4
-9999 -9999 -9999 -9999 -9999 -9999 -9999 -9999 -9999 -9999 -9999 -9999 -9999 -9999 -9999 -9999 -9999 -9999 -9999 -9999 -9999 -9999 6.05541E-1 3.86456E-1 5.47452E-1 5.27326E-1 5.29856E-1 6.6217E-1 7.11658E-1 6.32308E-1 4.9539E-1 4.82474E-1 4.06525E-1 2.31894E-1 1.69206E-1 1.81454E-1 1.32174E-1 9.99219E-2 8.38867E-2 9.05909E-2 7.91595E-2 7.32749E-2 7.49775E-2 7.7525E-2 7.84006E-2 7.46619E-2 6.67699E-2 6.80869E-2 5.92556E-2 7.02205E-2 6.65917E-2 5.40953E-2 5.01799E-2 4.91289E-2 3.47504E-2 4.03858E-2 7.67223E-2 1.14756E-1 1.11004E-1 6.19212E-2 2.71162E-2 1.13914E-2 2.8775E-3 8.47206E-4 5.43891E-4 4.58535E-4 2.23126E-4
-9999 -9999 -9999 -9999 -9999 -9999 -9999 -9999 -9999 -9999 -9999 -9999 -9999 -9999 -9999 -9999 -9999 -9999 -9999 -9999 -9999 -9999 5.62264E-1 5.802E-1 4.5403E-1 4.11793E-1 3.24615E-1 3.07855E-1 6.03022E-1 8.10941E-1 8.4018E-1 6.12733E-1 4.04002E-1 1.72237E-1 2.89696E-1 2.28145E-1 1.50012E-1 1.10308E-1 8.88071E-2 8.90779E-2 8.19762E-2 8.21256E-2 1.37532E-1 6.85396E-2 7.11003E-2 6.98516E-2 8.09445E-2 9.33771E-2 8.16988E-2 6.86532E-2 6.14534E-2 6.24555E-2 5.15559E-2 3.1082E-2 1.3261E-2 1.32681E-2 2.17065E-2 4.04366E-2 1.17729E-1 6.66781E-2 3.6676E-2 1.44286E-2 3.66461E-3 1.72983E-3 9.23829E-4 7.65973E-4 5.73464E-4
-9999 -9999 -9999 -9999 -9999 -9999 -9999 -9999 -9999 -9999 -9999 -9999 -9999 -9999 -9999 -9999 -9999 -9999 -9999 -9999 -9999 -9999 3.55512E-1 5.36899E-1 5.46851E-1 5.35319E-1 5.16097E-1 2.81946E-1 3.02474E-1 4.66116E-1 5.75439E-1 6.63738E-1 5.82521E-1 3.00775E-1 3.46008E-1 1.99318E-1 1.64217E-1 1.06524E-1 9.82693E-2 9.27251E-2 1.01456E-1 2.33627E-1 1.27195E-1 2.08138E-1 2.28894E-1 2.06212E-1 2.239E-1 1.33727E-1 8.53291E-2 7.25239E-2 7.85962E-2 6.48288E-2 4.52857E-2 2.16598E-2 6.29597E-3 2.42887E-3 2.92235E-3 1.73885E-2 7.69893E-2 9.01941E-2 4.9918E-2 2.33988E-2 1.13786E-2 4.92173E-3 2.02455E-3 1.14968E-3 7.05776E-4
-9999 -9999 -9999 -9999 -9999 -9999 -9999 -9999 -9999 -9999 -9999 -9999 -9999 -9999 -9999 -9999 -9999 -9999 -9999 -9999 -9999 -9999 3.77191E-1 5.02134E-1 5.36978E-1 5.96684E-1 5.23188E-1 4.239E-1 3.33616E-1 4.62343E-1 5.41892E-1 5.04413E-1 5.9116E-1 7.36438E-1 7.57912E-1 7.07705E-1 5.7316E-1 2.22899E-1 1.67331E-1 1.29118E-1 2.75556E-1 4.54356E-1 3.20189E-1 4.15496E-1 3.89249E-1 3.46724E-1 1.6613E-1 8.64508E-2 7.98516E-2 6.51457E-2 5.2074E-2 5.12591E-2 3.30301E-2 1.68543E-2 3.19397E-3 3.17999E-4 9.10202E-4 6.32261E-3 3.95434E-2 1.13409E-1 7.17409E-2 1.65313E-2 8.27378E-3 3.99985E-3 1.56717E-3 1.03976E-3 4.53139E-4
-9999 -9999 -9999 -9999 -9999 -9999 -9999 -9999 -9999 -9999 -9999 -9999 -9999 -9999 -9999 -9999 -9999 -9999 -9999 -9999 -9999 -9999 -9999 3.13198E-1 3.76438E-1 5.37842E-1 4.94856E-1 4.56322E-1 5.0239E-1 4.05943E-1 4.64651E-1 5.16064E-1 5.69732E-1 3.89348E-1 6.34895E-1 6.24814E-1 7.04586E-1 5.50964E-1 4.39591E-1 3.7258E-1 7.06932E-1 6.20304E-1 3.77614E-1 4.22894E-1 1.97665E-1 1.5451E-1 1.22659E-1 8.93662E-2 7.71541E-2 5.2842E-2 3.25566E-2 3.10591E-2 2.56484E-2 1.14879E-2 2.07846E-3 1.3547E-4 1.05148E-3 1.05416E-2 5.0292E-2 1.15129E-1 6.75126E-2 1.54986E-2 2.45954E-3 1.273E-3 9.12742E-4 8.3089E-4 2.24117E-3
-9999 -9999 -9999 -9999 -9999 -9999 -9999 -9999 -9999 -9999 -9999 -9999 -9999 -9999 -9999 -9999 -9999 -9999 -9999 -9999 -9999 -9999 -9999 3.84638E-1 3.23109E-1 3.25349E-1 4.19459E-1 2.73729E-1 3.63034E-1 4.61857E-1 4.0979E-1 4.03975E-1 5.77756E-1 6.0081E-1 5.5618E-1 4.87751E-1 5.78217E-1 6.17682E-1 6.52253E-1 7.03476E-1 6.07564E-1 6.11291E-1 5.42923E-1 2.67602E-1 2.8611E-1 1.89059E-1 2.65535E-1 1.30209E-1 7.70952E-2 5.01073E-2 3.94953E-2 2.88093E-2 1.48137E-2 6.09319E-3 1.29895E-3 2.12483E-4 8.56415E-4 6.00226E-3 4.6352E-2 7.04055E-2 9.78883E-2 2.52089E-2 2.85378E-3 1.36651E-3 2.77159E-3 1.50721E-2 1.19102E-2
-9999 -9999 -9999 -9999 -9999 -9999 -9999 -9999 -9999 -9999 -9999 -9999 -9999 -9999 -9999 -9999 -9999 -9999 -9999 -9999 -9999 -9999 -9999 -9999 -9999 2.88885E-1 3.07398E-1 3.12735E-1 2.54686E-1 4.3206E-1 3.73359E-1 2.83981E-1 4.19461E-1 5.23595E-1 4.86972E-1 4.36582E-1 3.48093E-1 2.92196E-1 3.01277E-1 5.8167E-1 3.68544E-1 4.94801E-1 6.86118E-1 4.83833E-1 4.65101E-1 3.48029E-1 3.18307E-1 1.73381E-1 9.2302E-2 6.58333E-2 5.18439E-2 3.65132E-2 2.10468E-2 7.73981E-3 2.1332E-3 5.33811E-4 2.49027E-3 8.48769E-3 3.84491E-2 4.8377E-2 9.74891E-2 4.52985E-2 6.68481E-3 3.83454E-3 1.19934E-2 3.42829E-2 2.2193E-2
-9999 -9999 -9999 -9999 -9999 -9999 -9999 -9999 -9999 -9999 -9999 -9999 -9999 -9999 -9999 -9999 -9999 -9999 -9999 -9999 -9999 3.46166E-1 3.69634E-1 -9999 -9999 2.37876E-1 2.13122E-1 2.36117E-1 2.44164E-1 2.51483E-1 3.01935E-1 2.37716E-1 3.13091E-1 4.19259E-1 3.9574E-1 2.5621E-1 1.93165E-1 1.78888E-1 1.91865E-1 3.27671E-1 2.1158E-1 2.6361E-1 4.68533E-1 6.40192E-1 4.42269E-1 3.11947E-1 2.38562E-1 8.1145E-2 9.92305E-2 8.07806E-2 5.6123E-2 4.02799E-2 2.02443E-2 5.78493E-3 1.93084E-3 6.50581E-4 3.34606E-3 1.74968E-2 3.57966E-2 6.84008E-2 6.26401E-2 6.65216E-2 1.85396E-2 3.71312E-2 4.28383E-2 4.53821E-2 3.56497E-2
-9999 -9999 -9999 -9999 -9999 -9999 -9999 -9999 -9999 -9999 -9999 -9999 -9999 -9999 -9999 -9999 -9999 -9999 -9999 -9999 -9999 2.32035E-1 2.21704E-1 2.49426E-1 2.48333E-1 2.24049E-1 1.88874E-1 1.53639E-1 2.23454E-1 1.90187E-1 1.86497E-1 1.87952E-1 2.17677E-1 3.28091E-1 3.97373E-1 2.77653E-1 1.85421E-1 9.86289E-2 1.01825E-1 1.53377E-1 8.36658E-2 1.36864E-1 2.60625E-1 5.01937E-1 3.03107E-1 1.10463E-1 9.30226E-2 6.26787E-2 7.56764E-2 7.08976E-2 5.44091E-2 3.72239E-2 1.52729E-2 6.42903E-3 7.16784E-4 2.45854E-4 1.64533E-3 1.3954E-2 5.70494E-2 8.82115E-2 3.36245E-2 3.97042E-2 5.00247E-2 1.87373E-2 1.5131E-2 1.51999E-2 1.7857E-2
-9999 -9999 -9999 -9999 -9999 -9999 -9999 -9999 -9999 -9999 -9999 -9999 -9999 -9999 -9999 -9999 -9999 -9999 -9999 -9999 2.75861E-1 2.64283E-1 2.04918E-1 1.52523E-1 1.62953E-1 1.63739E-1 1.48962E-1 1.33191E-1 1.36559E-1 1.25153E-1 1.25495E-1 1.34566E-1 1.3387E-1 1.75174E-1 2.5443E-1 2.73699E-1 1.84924E-1 8.49831E-2 7.34621E-2 8.00446E-2 8.85039E-2 3.13557E-1 3.62616E-1 2.36539E-1 1.2702E-1 7.90557E-2 5.57036E-2 3.60171E-2 4.31761E-2 4.40166E-2 3.81359E-2 2.12817E-2 1.2327E-2 4.90223E-3 1.53364E-3 2.32375E-4 1.19603E-3 1.61346E-2 3.64597E-2 7.08726E-2 1.79208E-2 9.06042E-3 3.32281E-3 9.4061E-4 2.49232E-4 9.06565E-4 1.38561E-3
-9999 -9999 -9999 -9999 -9999 -9999 -9999 -9999 -9999 -9999 -9999 -9999 -9999 -9999 -9999 -9999 -9999 -9999 -9999 -9999 3.57333E-1 3.07717E-1 2.05298E-1 1.74075E-1 1.14261E-1 1.10179E-1 9.84588E-2 9.32437E-2 9.2286E-2 8.71903E-2 1.41665E-1 1.23905E-1 2.03752E-1 2.36165E-1 2.46272E-1 2.26129E-1 2.12152E-1 1.3988E-1 9.12103E-2 6.20247E-2 7.62421E-2 2.6581E-1 4.41487E-1 3.62841E-1 1.62819E-1 6.67349E-2 3.70486E-2 1.42227E-2 1.34438E-2 2.03431E-2 2.42072E-2 1.57021E-2 8.9104E-3 2.92957E-3 4.78358E-4 1.41918E-4 1.13072E-3 1.47294E-2 1.7582E-2 5.60809E-2 4.64367E-2 1.31493E-2 2.50015E-3 2.91253E-4 1.01844E-4 6.11036E-5 3.54134E-4
-9999 -9999 -9999 -9999 -9999 -9999 -9999 -9999 -9999 -9999 -9999 -9999 -9999 -9999 -9999 -9999 -9999 -9999 -9999 -9999 5.09939E-1 4.12043E-1 2.63976E-1 1.44062E-1 1.07153E-1 1.01843E-1 7.94748E-2 9.96526E-2 8.5689E-2 1.09712E-1 2.22825E-1 1.69489E-1 2.56925E-1 1.74249E-1 2.4036E-1 2.34962E-1 1.71263E-1 8.61562E-2 8.8415E-2 6.04047E-2 7.19999E-2 2.18395E-1 4.62195E-1 4.0157E-1 2.55984E-1 6.65152E-2 3.62615E-2 1.30046E-2 6.45833E-3 7.85917E-3 7.98621E-3 8.34769E-3 5.86737E-3 1.41601E-3 3.75465E-4 8.54897E-5 3.38727E-4 2.90592E-3 9.62002E-3 2.55595E-2 5.9921E-2 1.50626E-2 3.25829E-3 3.01424E-4 1.4127E-4 2.02223E-5 3.64124E-5
-9999 -9999 -9999 -9999 -9999 -9999 -9999 -9999 -9999 -9999 -9999 -9999 -9999 -9999 -9999 -9999 -9999 -9999 -9999 -9999 -9999 3.94247E-1 3.78376E-1 2.58033E-1 1.38191E-1 8.30861E-2 1.29912E-1 2.42342E-1 2.47872E-1 2.66322E-1 2.5809E-1 2.53378E-1 2.40784E-1 1.61582E-1 1.40266E-1 2.08775E-1 1.66583E-1 9.48125E-2 7.92384E-2 8.06987E-2 1.52087E-1 2.40563E-1 4.37364E-1 3.57797E-1 1.9956E-1 6.21735E-2 4.3159E-2 2.4542E-2 9.47961E-3 5.05193E-3 4.16698E-3 3.67488E-3 1.68019E-3 7.5071E-4 2.10693E-4 7.56608E-5 1.7814E-4 6.89972E-4 2.31042E-3 7.28116E-3 4.14117E-2 3.24393E-2 9.40826E-3 8.86206E-4 2.46291E-4 5.61105E-5 3.03492E-5
