ENM/Final_Models/M_2_F_q_Set_1_EC/Gustavia_santanderiensis_Choco_avg.asc
ncols         367
nrows         963
xllcorner     -78.6
yllcorner     0.65
cellsize      0.00833333333333323
NODATA_value  -9999
[rows 120 to 149 of 963, columns 134 to 200 of 367]
-9999 -9999 -9999 -9999 -9999 -9999 -9999 -9999 -9999 -9999 -9999 -9999 -9999 3.85792E-3 3.15636E-3 4.91459E-3 4.46914E-3 3.26314E-3 7.79802E-4 8.3371E-4 5.25728E-4 9.52628E-4 3.19036E-4 6.49018E-4 9.52255E-4 4.37678E-4 7.751E-4 1.38181E-3 2.74389E-3 7.60156E-3 2.19584E-3 4.377E-3 5.05128E-3 6.7238E-3 1.35648E-3 4.78981E-3 1.87209E-3 4.50299E-3 3.89977E-3 1.01562E-2 3.19083E-2 1.33632E-1 1.58549E-1 1.1559E-1 1.46496E-1 1.76603E-1 1.38809E-1 1.1337E-1 5.44746E-2 1.44823E-2 4.37856E-2 4.38313E-2 3.02206E-2 6.09892E-2 2.08948E-1 2.58851E-1 3.63655E-1 2.21407E-1 2.31276E-1 3.08012E-1 3.55087E-1 4.12166E-1 2.2156E-1 4.14326E-1 4.16302E-1 3.49231E-1 1.03838E-1
-9999 -9999 -9999 -9999 -9999 -9999 -9999 -9999 -9999 -9999 -9999 -9999 1.4682E-3 1.49527E-3 4.6708E-3 7.87643E-3 4.12717E-3 2.51917E-3 5.45712E-4 1.58798E-4 8.71916E-4 1.40304E-3 1.17166E-3 2.85487E-3 4.01826E-3 1.03549E-3 1.66599E-3 5.06795E-3 5.78731E-3 4.80946E-3 2.2415E-3 1.23785E-2 5.1979E-3 5.23412E-3 3.62883E-3 4.93053E-3 5.98369E-3 2.48228E-3 1.2594E-2 1.35626E-2 5.39255E-2 1.23317E-1 9.18432E-2 8.06197E-2 2.34209E-1 1.67551E-1 1.12434E-1 1.26771E-1 1.80618E-2 2.02535E-2 2.68498E-2 2.50238E-2 2.70826E-2 8.47154E-2 2.57231E-1 3.05197E-1 3.21955E-1 2.929E-1 3.26929E-1 2.57957E-1 3.37378E-1 5.80402E-1 2.66147E-1 1.65932E-1 2.03147E-1 4.54196E-1 1.50116E-1
-9999 -9999 -9999 -9999 -9999 -9999 -9999 -9999 -9999 -9999 -9999 3.8527E-3 9.60112E-4 1.9173E-3 2.84088E-3 4.24869E-3 3.54074E-3 2.09703E-3 1.1203E-3 1.13017E-3 1.73988E-3 4.52073E-4 9.28353E-4 2.35376E-3 6.00881E-4 8.1712E-4 8.34216E-4 1.54185E-3 3.28257E-3 1.74253E-3 1.33928E-3 7.29974E-3 7.24169E-3 7.75762E-3 7.41901E-3 7.00541E-3 1.33226E-2 8.63597E-3 1.4648E-2 1.94866E-2 9.62555E-2 1.45812E-1 2.26192E-1 1.1063E-1 2.34982E-1 2.886E-1 1.33189E-1 1.54857E-1 8.92948E-2 2.47356E-2 3.80007E-2 3.07635E-2 3.30377E-2 8.46165E-2 2.00784E-1 2.91231E-1 4.73962E-1 4.09308E-1 2.74909E-1 3.82507E-1 5.24957E-1 4.76983E-1 5.22605E-1 4.22009E-1 2.50945E-1 1.89771E-1 8.63622E-2
-9999 -9999 -9999 -9999 -9999 -9999 -9999 -9999 -9999 -9999 -9999 1.13627E-3 1.81954E-3 1.18899E-3 1.18356E-3 2.44581E-3 1.61969E-3 1.18274E-3 1.66844E-3 1.33308E-3 1.7107E-3 3.70891E-3 3.18882E-3 3.76621E-4 1.49957E-3 7.58854E-4 2.35149E-3 1.72241E-3 3.51654E-4 3.22163E-3 6.22834E-3 6.01699E-3 5.57133E-3 5.00655E-3 6.45927E-3 4.46755E-3 1.08373E-2 5.76463E-3 1.95122E-2 2.29455E-2 1.25834E-1 9.04776E-2 1.69411E-1 9.63723E-2 1.17999E-1 1.49423E-1 5.53765E-2 4.01441E-2 6.61751E-2 4.06436E-2 3.89439E-2 2.92593E-2 4.99988E-2 2.08371E-1 1.99625E-1 4.22993E-1 3.55943E-1 3.8259E-1 3.90555E-1 5.20078E-1 4.04088E-1 6.40306E-1 2.39287E-1 2.72469E-1 2.73848E-1 1.02989E-1 1.33952E-1
-9999 -9999 -9999 -9999 -9999 -9999 -9999 -9999 -9999 -9999 5.51695E-3 5.99368E-3 6.60224E-3 2.43208E-3 2.49503E-3 1.59957E-3 1.56571E-3 9.05235E-4 1.74671E-3 1.14861E-3 5.23366E-4 1.5983E-3 3.08692E-3 7.03113E-4 7.83484E-4 6.27247E-4 2.57191E-3 7.71486E-4 1.02008E-3 1.8431E-3 1.80028E-3 7.67406E-3 1.24096E-2 1.08155E-2 8.75394E-3 1.37636E-2 4.68853E-3 9.25941E-3 1.51013E-2 3.91551E-2 8.48613E-2 1.17469E-1 1.46519E-1 1.44897E-1 2.2163E-1 1.0143E-1 1.49459E-1 1.37762E-1 4.53378E-2 8.01623E-2 2.09139E-2 3.7796E-2 1.28675E-1 2.23217E-1 2.75793E-1 4.07767E-1 3.37197E-1 2.77536E-1 3.77977E-1 4.1856E-1 4.12435E-1 4.16053E-1 6.1249E-1 5.94917E-1 4.01177E-1 2.05156E-1 1.13222E-1
-9999 -9999 -9999 -9999 -9999 -9999 -9999 -9999 -9999 1.78779E-3 6.00896E-3 1.04742E-2 1.1779E-2 1.79906E-3 1.20428E-3 7.83441E-4 1.13195E-3 1.1345E-3 1.23473E-3 2.07456E-3 2.33368E-3 9.50959E-4 4.14955E-3 3.25879E-3 6.641E-4 1.75636E-3 3.21669E-3 1.62663E-3 1.63291E-3 1.76623E-3 5.72752E-4 7.15311E-3 6.65929E-3 1.00601E-2 6.97002E-3 5.00335E-3 5.12555E-3 1.35928E-2 2.75487E-2 4.233E-2 5.92767E-2 6.91554E-2 1.39468E-1 1.48248E-1 9.66257E-2 7.59698E-2 8.85829E-2 7.23528E-2 6.03131E-2 7.77193E-2 7.27404E-2 1.74508E-1 2.72445E-1 3.05606E-1 3.43263E-1 2.97388E-1 4.26029E-1 3.46367E-1 3.91517E-1 3.23689E-1 4.65189E-1 3.59974E-1 4.55157E-1 2.50664E-1 2.41355E-1 1.22947E-1 1.10727E-1
-9999 -9999 -9999 -9999 -9999 -9999 -9999 2.68974E-4 2.44356E-4 9.30907E-4 2.11256E-3 3.93774E-3 4.68335E-3 2.08423E-3 1.14188E-3 8.72211E-4 1.26104E-3 4.35458E-4 6.87991E-4 1.62127E-3 3.7867E-3 1.93799E-3 1.31808E-3 8.35499E-4 4.77956E-4 1.16759E-3 5.33386E-4 4.64086E-4 1.0571E-3 1.36752E-3 4.85711E-4 5.2765E-3 3.55688E-3 3.75583E-3 5.7642E-3 6.36575E-3 5.2039E-3 9.80525E-3 1.93673E-2 5.68524E-2 9.27432E-2 7.11193E-2 9.17818E-2 1.40961E-1 1.63677E-1 9.04487E-2 1.03417E-1 1.22664E-1 1.42784E-1 9.10749E-2 1.27645E-1 1.10162E-1 1.67886E-1 3.92934E-1 5.45037E-1 2.58806E-1 3.34583E-1 4.27647E-1 2.69988E-1 2.77692E-1 2.47704E-1 1.95131E-1 3.69286E-1 5.82895E-1 2.3433E-1 2.86038E-1 1.64673E-1
-9999 -9999 -9999 -9999 1.40376E-3 4.46023E-4 5.81376E-4 1.70848E-3 1.75821E-3 3.28113E-3 4.54565E-3 1.1584E-3 1.87201E-3 1.02149E-3 1.29042E-3 9.06715E-4 1.47199E-3 5.27546E-4 3.90685E-4 9.38576E-4 1.21926E-3 1.98904E-3 1.15011E-3 5.31902E-4 5.88713E-4 7.0812E-4 8.49728E-4 6.56767E-4 8.18069E-4 4.2949E-4 2.21414E-3 4.45196E-3 3.95306E-3 4.2465E-3 5.11267E-3 7.29755E-3 3.63098E-3 6.98025E-3 1.5153E-2 3.27223E-2 3.38436E-2 1.75986E-1 1.76707E-1 2.42121E-1 2.28038E-1 5.64878E-2 8.60445E-2 1.63408E-1 3.20844E-1 2.33814E-1 1.72211E-1 1.44271E-1 1.52764E-1 4.3871E-1 5.73509E-1 4.44123E-1 2.57401E-1 2.92109E-1 3.82529E-1 5.20788E-1 4.15413E-1 3.40754E-1 2.53956E-1 6.54094E-1 3.26995E-1 3.34424E-1 3.07628E-1
-9999 -9999 -9999 1.06126E-3 1.8374E-3 4.16386E-4 2.98289E-3 3.56382E-3 4.48084E-3 5.51038E-3 6.72602E-3 3.57101E-3 3.09378E-3 1.43682E-3 1.66345E-3 1.48619E-3 4.53894E-4 3.62262E-4 7.97868E-4 2.44435E-3 1.01988E-3 1.45526E-3 3.55967E-3 9.09181E-4 6.30221E-4 2.02268E-4 7.15322E-4 1.72009E-3 7.70622E-4 1.08571E-3 1.33052E-3 6.66554E-3 2.96394E-3 5.55188E-3 5.63479E-3 1.05254E-2 4.45712E-3 5.03997E-3 3.4995E-2 3.6381E-2 3.4008E-2 8.82993E-2 2.21354E-1 2.03775E-1 6.36852E-2 2.73899E-2 2.59617E-2 1.05848E-1 1.21022E-1 2.7793E-1 1.68507E-1 1.31749E-1 1.66719E-1 3.39624E-1 5.84849E-1 4.83858E-1 2.74723E-1 3.76125E-1 3.76243E-1 4.73613E-1 5.69096E-1 2.02573E-1 1.9463E-1 3.64396E-1 2.26454E-1 1.99466E-1 2.68227E-1
-9999 -9999 2.17347E-3 1.7387E-3 2.13367E-3 4.39762E-4 3.14305E-3 2.07035E-3 2.80601E-3 4.79365E-3 3.02796E-3 2.77427E-3 3.95767E-3 2.55805E-3 2.42428E-3 1.62334E-3 9.02127E-4 4.41575E-4 5.03315E-4 5.76626E-4 8.47096E-4 6.41175E-4 4.59962E-3 1.68432E-3 9.28026E-4 1.04538E-3 1.25688E-3 1.42901E-3 8.18756E-4 5.97303E-4 1.0163E-3 1.88139E-3 3.64059E-3 2.68824E-3 5.06598E-3 5.21294E-3 4.84283E-3 5.99718E-3 1.07334E-2 2.83757E-2 2.69894E-2 1.71524E-1 4.67229E-2 3.25493E-2 4.75535E-2 4.35437E-2 4.58479E-2 7.88281E-2 1.45045E-1 1.66657E-1 2.10851E-1 2.22432E-1 1.69909E-1 2.99635E-1 2.11906E-1 2.88552E-1 2.32901E-1 3.55529E-1 5.251E-1 4.40378E-1 3.45931E-1 2.57083E-1 1.91929E-1 1.62296E-1 2.33102E-1 3.15691E-1 1.62506E-1
-9999 -9999 3.09833E-3 1.97014E-3 1.776E-3 1.68158E-3 2.31162E-3 2.00601E-3 1.87584E-3 1.33091E-3 3.43209E-3 1.99553E-3 1.28836E-3 1.2948E-3 3.93129E-4 4.13407E-4 1.97571E-3 4.57997E-4 7.29509E-4 9.79002E-4 3.0546E-3 4.59778E-3 3.08103E-4 2.39298E-4 2.91629E-4 1.20646E-3 4.42173E-4 2.09927E-3 8.19117E-4 8.06393E-4 2.34962E-3 1.41286E-3 2.52795E-3 5.06003E-3 3.7013E-3 3.87306E-3 3.41002E-3 8.39627E-3 3.41874E-2 5.4618E-2 5.49678E-2 1.0844E-1 4.83003E-2 2.83444E-2 8.44158E-2 5.32461E-2 6.74042E-2 8.72199E-2 1.17394E-1 1.28767E-1 1.71613E-1 1.43546E-1 2.40895E-1 2.22087E-1 2.37788E-1 3.19042E-1 2.10247E-1 2.21321E-1 2.67868E-1 2.62227E-1 3.03349E-1 3.5966E-1 1.40759E-1 1.10168E-1 1.66085E-1 1.54198E-1 1.5051E-1
-9999 -9999 2.34412E-3 2.46244E-3 8.22002E-4 1.42343E-3 1.96968E-3 1.95964E-3 2.57012E-3 1.53918E-3 3.28925E-3 4.08918E-3 3.40502E-3 1.18398E-3 5.72048E-4 6.70824E-4 1.01318E-3 2.98859E-3 2.56999E-3 6.45048E-4 8.89917E-4 2.67392E-3 5.34018E-4 1.21331E-3 6.1833E-4 3.40701E-4 4.82817E-4 7.6488E-4 4.13527E-4 1.00888E-3 1.9356E-3 6.57537E-3 5.94891E-3 1.11014E-2 7.93792E-3 3.99353E-3 4.71287E-3 6.62225E-3 3.11875E-2 3.1861E-2 4.96581E-2 1.20744E-1 4.91623E-2 2.29679E-2 2.86781E-2 4.77436E-2 1.15009E-1 7.96911E-2 1.84292E-1 1.87458E-1 2.1865E-1 1.89043E-1 3.33728E-1 3.03967E-1 2.65443E-1 2.877E-1 3.06891E-1 2.98758E-1 1.74767E-1 2.01143E-1 1.87091E-1 3.15367E-1 1.67179E-1 3.04959E-1 1.85315E-1 2.81529E-1 2.66327E-1
-9999 -9999 2.43065E-3 1.53096E-3 1.62364E-3 3.30407E-4 1.65276E-3 2.7119E-3 1.42502E-3 1.25303E-3 2.81997E-3 9.04531E-4 4.04327E-3 1.69812E-3 4.70873E-4 5.556E-4 1.43732E-3 1.28444E-3 5.88557E-4 1.34614E-3 1.06834E-3 1.11117E-3 6.12174E-4 3.3696E-4 2.97228E-3 4.40388E-4 3.58775E-4 3.09594E-3 2.44424E-3 1.96637E-3 7.46612E-3 2.21689E-2 1.20871E-2 7.2933E-3 1.05264E-2 9.69128E-3 7.63389E-3 5.3369E-3 1.70964E-2 3.515E-2 5.47634E-2 6.88565E-2 6.05517E-2 1.24023E-2 2.64981E-2 6.15364E-2 4.90046E-2 7.08083E-2 1.88246E-1 1.55993E-1 1.58139E-1 2.45939E-1 3.20575E-1 3.45093E-1 3.05819E-1 3.7595E-1 2.91953E-1 2.56484E-1 3.01323E-1 3.2543E-1 2.79557E-1 2.15768E-1 2.06097E-1 2.01417E-1 2.10227E-1 1.40909E-1 1.65043E-1
1.08457E-3 8.14984E-4 1.63571E-3 2.2818E-3 1.21309E-3 1.52277E-3 1.2749E-3 3.44361E-3 1.97045E-3 2.52949E-3 2.58003E-3 4.9985E-3 3.384E-3 3.22875E-3 9.59272E-4 2.21625E-3 2.36418E-3 1.47419E-3 1.25911E-3 1.47163E-3 1.3062E-3 1.29377E-3 6.23222E-4 3.18854E-4 1.34622E-3 4.31114E-4 5.32515E-4 1.52013E-3 1.4122E-3 1.67255E-3 1.3518E-2 1.36122E-2 2.16383E-2 2.65856E-2 1.12818E-2 7.54061E-3 7.57804E-3 7.70395E-3 1.34954E-2 1.92641E-2 2.07082E-2 2.16029E-2 2.75816E-2 2.86305E-2 4.30676E-2 3.30986E-2 1.29566E-1 1.48692E-1 1.25945E-1 1.31604E-1 1.59497E-1 2.42604E-1 3.35192E-1 3.80546E-1 2.46613E-1 3.8053E-1 2.43739E-1 2.1138E-1 2.59863E-1 2.13262E-1 2.01529E-1 1.85122E-1 1.28002E-1 1.79714E-1 2.48539E-1 2.3501E-1 1.94236E-1
1.23568E-3 1.05666E-3 1.16427E-3 1.43384E-3 8.9877E-4 1.35366E-3 1.49355E-3 2.35671E-3 2.03109E-3 2.16278E-3 4.0725E-3 3.05005E-3 1.42234E-3 2.19689E-3 2.03435E-3 2.8843E-3 3.03421E-3 5.02038E-3 2.00054E-3 1.41418E-3 9.32079E-4 1.64266E-4 1.60094E-4 6.23629E-4 6.46319E-4 6.56068E-4 8.4117E-4 7.74567E-4 9.25533E-4 9.46919E-3 1.48105E-2 1.68349E-2 2.80932E-2 2.37942E-2 2.35822E-2 2.29754E-2 5.69527E-3 1.59181E-2 2.17802E-2 1.63098E-2 1.83192E-2 2.03494E-2 1.6023E-2 6.2266E-2 4.87899E-2 3.73174E-2 2.13436E-1 3.26674E-1 1.34944E-1 1.68674E-1 9.77418E-2 1.95642E-1 3.18178E-1 3.66988E-1 3.65878E-1 3.23853E-1 2.16155E-1 2.27315E-1 1.57753E-1 1.89419E-1 1.97518E-1 1.49666E-1 1.03606E-1 1.74974E-1 2.37467E-1 3.34108E-1 3.26795E-1
1.25295E-3 1.12871E-3 6.77916E-4 1.65688E-3 8.01484E-4 4.54262E-4 9.56019E-4 2.89438E-3 3.36827E-3 3.0767E-3 5.80564E-3 7.95855E-4 4.13208E-4 8.31727E-4 6.45682E-4 1.79594E-3 1.70837E-3 2.14331E-3 1.47329E-3 1.80644E-3 1.15894E-3 4.83228E-4 2.45156E-4 4.50666E-4 2.66099E-4 9.15214E-4 7.4536E-4 3.27885E-4 4.23707E-4 2.34077E-3 1.38533E-2 1.05154E-2 1.91394E-2 1.28088E-2 1.61949E-2 1.54905E-2 1.38413E-2 1.33315E-2 2.98762E-2 4.06202E-2 1.02111E-2 1.37235E-2 2.14943E-2 2.04831E-2 7.41279E-2 9.96279E-2 1.16178E-1 2.71764E-1 2.46175E-1 1.44868E-1 2.16233E-1 2.76987E-1 2.94142E-1 3.4671E-1 3.06236E-1 2.87221E-1 2.30937E-1 3.18981E-1 1.39911E-1 1.8175E-1 2.35439E-1 1.99143E-1 1.02246E-1 1.42378E-1 1.94391E-1 2.58693E-1 2.14514E-1
9.62584E-4 6.79101E-4 1.05309E-3 1.81973E-3 1.17969E-3 3.11019E-4 1.39388E-3 1.86107E-3 1.27655E-3 1.70437E-3 1.76729E-3 3.14954E-4 5.07729E-4 1.83423E-3 1.0359E-3 1.28198E-3 2.8982E-3 3.11261E-3 1.28569E-3 1.15721E-3 8.74031E-4 1.52883E-3 1.40352E-3 1.94762E-3 3.62235E-4 1.06619E-3 2.12057E-3 3.29393E-3 1.85893E-3 2.11609E-3 5.39031E-3 1.56836E-2 1.53895E-2 9.64553E-3 1.29718E-2 1.45874E-2 9.8859E-3 2.19841E-2 5.67926E-2 2.05157E-2 1.68127E-2 3.71947E-2 3.24434E-2 9.50778E-2 6.12997E-2 1.66138E-1 1.54059E-1 1.30338E-1 6.30847E-2 1.16059E-1 2.303E-1 2.4962E-1 2.79046E-1 2.40909E-1 3.43041E-1 3.80412E-1 2.51739E-1 2.15461E-1 1.9503E-1 3.48166E-1 4.36382E-1 3.49272E-1 2.99961E-1 1.28684E-1 1.79247E-1 2.10227E-1 4.71563E-1
9.78669E-4 8.35394E-4 1.33737E-3 1.20726E-3 3.14665E-3 1.40702E-3 1.25711E-3 1.19029E-3 1.64346E-3 2.76131E-3 1.61898E-3 7.57989E-4 6.653E-4 1.2387E-3 2.11712E-3 3.97017E-3 3.03478E-3 4.08675E-3 1.01736E-3 5.37421E-4 1.81501E-4 4.97922E-4 2.42087E-4 5.02372E-4 9.24321E-4 3.72598E-3 2.22479E-3 1.82903E-3 2.81026E-3 3.40379E-3 8.26157E-3 8.23506E-3 2.33711E-2 3.09054E-2 1.22577E-2 7.51003E-3 1.01732E-2 3.49081E-2 9.92237E-2 4.92366E-2 6.56688E-2 7.03317E-3 2.38151E-2 5.3307E-2 1.04886E-1 1.07396E-1 1.79801E-1 6.71751E-2 7.5226E-2 2.45653E-1 2.43941E-1 3.0751E-1 2.77707E-1 4.66556E-1 5.27183E-1 4.20148E-1 3.09688E-1 2.94328E-1 3.93434E-1 2.90252E-1 4.24861E-1 4.19153E-1 3.69595E-1 4.30031E-1 2.45572E-1 4.89102E-1 3.44595E-1
1.90552E-3 1.91764E-3 4.23898E-3 2.50338E-3 1.57941E-3 1.4231E-3 1.14444E-3 1.6288E-3 2.00878E-3 1.9471E-3 1.65729E-3 2.58248E-3 1.47875E-3 1.96191E-3 2.35017E-3 1.99704E-3 3.5282E-3 3.56339E-3 2.68587E-3 2.01846E-3 1.71515E-3 1.66048E-3 1.20089E-3 1.40651E-3 5.26146E-4 1.02884E-3 7.69558E-3 4.41626E-3 1.5159E-2 1.07049E-2 5.74571E-3 6.11225E-3 8.99945E-3 1.33831E-2 8.12044E-3 8.3286E-3 9.00903E-3 2.14378E-2 3.40379E-2 8.11535E-2 3.63191E-2 4.78255E-2 4.75679E-2 4.70962E-2 6.20661E-2 1.29102E-1 2.21614E-1 9.77979E-2 1.02488E-1 1.93092E-1 2.97422E-1 3.92541E-1 4.38587E-1 3.67052E-1 4.6359E-1 3.71331E-1 3.80021E-1 3.3219E-1 3.13141E-1 3.09552E-1 3.52879E-1 3.52798E-1 3.33768E-1 3.75551E-1 5.07491E-1 4.72957E-1 4.50457E-1
9.98232E-4 1.84457E-3 1.44822E-3 1.60272E-3 1.91799E-3 1.26082E-3 1.94316E-3 1.72584E-3 1.18091E-3 1.66908E-3 1.92575E-3 1.93536E-3 1.2407E-3 2.131E-3 1.79804E-3 1.98209E-3 2.42557E-3 5.67387E-3 2.58546E-3 1.70732E-3 1.51544E-3 8.95382E-4 3.7477E-4 5.0135E-4 1.96733E-3 1.765E-3 4.95919E-3 8.9992E-3 2.53364E-2 2.63812E-2 1.92199E-2 1.48102E-2 1.64645E-2 1.14791E-2 1.22195E-2 1.06293E-2 1.09395E-2 1.48366E-2 2.09692E-2 6.03901E-2 1.34405E-2 4.42151E-2 4.67303E-2 3.21598E-2 6.11943E-2 4.53837E-2 1.06113E-1 1.47962E-1 1.71651E-1 2.04087E-1 3.61131E-1 3.96551E-1 4.24578E-1 4.60075E-1 5.58381E-1 4.16208E-1 4.8779E-1 4.49268E-1 4.20989E-1 4.35122E-1 5.26519E-1 5.27367E-1 3.27725E-1 4.18906E-1 4.69843E-1 6.30338E-1 2.30032E-1
1.75772E-3 8.65717E-4 4.46984E-4 2.07514E-3 2.36349E-3 1.76361E-3 1.68823E-3 1.6113E-3 1.33256E-3 2.94629E-3 2.68306E-3 8.44137E-4 1.57354E-3 2.82764E-3 1.64961E-3 1.628E-3 3.15592E-3 3.17765E-3 2.3478E-3 2.47171E-3 3.71853E-4 3.23886E-4 4.93848E-4 5.14439E-4 4.96257E-4 2.51433E-3 1.97048E-3 1.06694E-2 2.56518E-2 2.61255E-2 1.67718E-2 6.50282E-3 1.62895E-2 2.64377E-2 1.86207E-2 1.43749E-2 1.22537E-2 1.41311E-2 1.65268E-2 4.15156E-2 1.95253E-2 2.19293E-2 1.64503E-2 2.14757E-2 7.0208E-2 6.98676E-2 1.14166E-1 1.83553E-1 1.22146E-1 2.57139E-1 3.31957E-1 4.72755E-1 7.44596E-1 6.75267E-1 5.87879E-1 5.83787E-1 4.86324E-1 6.74694E-1 5.58145E-1 4.54565E-1 5.54758E-1 6.21595E-1 4.62851E-1 5.50701E-1 8.51855E-1 4.86419E-1 5.11332E-1
4.68547E-3 1.53046E-3 1.06344E-3 1.99579E-3 4.12824E-3 1.83231E-3 1.40551E-3 1.48849E-3 1.1033E-3 1.55072E-3 1.69664E-3 7.90843E-4 1.75152E-3 3.0287E-3 2.06547E-3 1.50595E-3 4.26742E-3 4.08905E-3 4.18779E-3 8.96115E-4 8.37964E-4 3.86878E-4 1.41934E-3 1.46584E-3 2.15663E-3 3.65315E-3 5.76959E-3 1.09101E-2 1.43921E-2 7.1395E-3 2.6679E-2 8.32783E-3 1.62095E-2 2.86935E-2 1.90873E-2 1.53567E-2 1.24049E-2 1.2929E-2 2.42237E-2 4.32383E-2 4.19847E-2 2.92023E-2 2.48763E-2 8.81135E-2 8.57047E-2 6.34211E-2 8.48768E-2 1.66632E-1 1.89475E-1 2.29732E-1 2.80798E-1 4.11896E-1 6.10893E-1 6.45172E-1 5.88859E-1 6.27351E-1 6.8354E-1 7.52653E-1 6.43118E-1 6.41745E-1 6.49585E-1 6.41465E-1 7.04116E-1 4.57909E-1 8.39031E-1 4.62764E-1 3.83395E-1
4.85112E-4 1.39685E-3 5.06396E-4 1.94927E-3 1.88059E-3 1.6466E-3 1.60872E-3 1.53729E-3 1.09097E-3 1.21775E-3 1.47509E-3 1.59358E-3 1.33081E-3 5.53325E-4 8.43099E-4 2.29702E-3 2.50408E-3 3.28961E-3 5.36316E-3 2.85067E-3 6.52782E-4 1.44495E-3 3.29622E-3 3.28688E-3 6.25641E-3 2.26892E-3 3.51459E-3 6.3346E-3 1.28511E-2 8.69196E-3 1.39012E-2 1.94489E-2 2.15583E-2 2.24259E-2 3.08848E-2 2.00195E-2 1.85162E-2 1.41311E-2 3.25719E-2 2.7422E-2 3.11292E-2 7.4459E-2 4.4768E-2 1.00348E-1 7.80917E-2 1.1769E-1 1.87391E-1 1.42462E-1 1.32711E-1 2.25096E-1 5.38394E-1 5.64116E-1 7.36759E-1 7.45937E-1 6.65846E-1 7.31604E-1 8.27299E-1 6.57632E-1 8.50779E-1 6.40838E-1 8.14693E-1 8.71814E-1 8.48376E-1 8.16059E-1 8.61604E-1 6.00629E-1 3.83637E-1
1.22439E-3 4.57333E-4 1.17606E-3 2.56825E-3 1.02869E-3 9.79096E-4 5.05698E-4 5.63549E-4 7.55564E-4 1.06483E-3 9.48759E-4 1.25959E-3 1.13157E-3 1.56473E-3 3.81959E-3 1.07081E-3 4.12167E-4 1.18255E-3 2.5124E-3 2.10748E-3 2.73071E-3 1.25119E-3 4.09114E-3 8.66902E-3 4.71059E-3 4.41425E-3 3.06593E-3 7.84968E-3 1.33183E-2 1.07698E-2 8.61865E-3 1.59547E-2 1.23653E-2 1.69586E-2 1.27901E-2 1.92414E-2 2.87454E-2 2.70261E-2 4.04989E-2 5.13109E-2 4.05974E-2 3.176E-2 4.91244E-2 5.07322E-2 9.94425E-2 1.35622E-1 2.01685E-1 1.74453E-1 2.44747E-1 2.72062E-1 3.45142E-1 3.90135E-1 7.91699E-1 7.04889E-1 9.12882E-1 8.31533E-1 6.55861E-1 6.91502E-1 9.12448E-1 7.81931E-1 8.28659E-1 9.19118E-1 9.44157E-1 8.98477E-1 9.14788E-1 8.71684E-1 8.39179E-1
2.43E-3 7.05083E-4 2.11293E-3 1.27242E-3 1.28719E-3 1.06276E-3 5.05963E-4 7.86631E-4 8.35821E-4 2.33924E-3 2.16721E-3 2.48171E-3 1.18149E-3 3.4515E-3 2.10617E-3 1.64077E-3 3.36517E-3 1.90957E-3 2.02465E-3 1.59522E-3 6.38215E-4 1.92852E-3 4.67475E-3 6.5165E-3 4.78111E-3 3.50566E-3 6.22808E-3 1.26536E-2 2.40517E-2 1.30305E-2 1.35622E-2 2.75868E-2 2.26067E-2 8.02713E-3 2.30205E-2 1.55637E-2 2.07395E-2 3.10628E-2 3.63393E-2 3.4059E-2 4.06539E-2 4.84045E-2 6.14338E-2 8.53888E-2 1.26366E-1 1.1787E-1 1.97915E-1 2.0217E-1 2.43272E-1 2.35804E-1 1.22388E-1 5.17244E-1 7.16596E-1 7.85634E-1 7.10339E-1 7.39687E-1 9.25294E-1 9.61578E-1 9.34197E-1 8.49615E-1 9.71853E-1 9.21945E-1 9.18507E-1 8.98048E-1 8.75276E-1 8.41079E-1 6.8016E-1
1.18043E-3 1.49035E-3 1.93783E-3 7.8391E-4 5.87201E-4 4.68379E-4 8.03991E-4 8.02539E-4 1.85273E-3 1.12183E-3 2.37666E-3 2.18699E-3 8.32399E-4 2.78357E-3 1.85916E-3 7.35896E-4 6.69018E-4 2.14958E-3 2.07233E-3 2.21027E-3 4.98203E-3 3.39098E-3 5.52642E-3 6.33803E-3 5.80191E-3 5.98467E-3 8.32128E-3 1.55656E-2 2.16729E-2 3.97604E-2 4.68159E-2 1.57074E-2 1.9569E-2 2.36837E-2 1.28844E-2 2.43836E-2 3.17642E-2 2.87355E-2 3.83122E-2 2.87837E-2 5.59241E-2 3.83098E-2 4.11462E-2 2.73327E-2 9.3165E-2 7.23954E-2 1.3744E-1 1.38404E-1 2.82104E-1 3.145E-1 2.1341E-1 3.71128E-1 6.35651E-1 6.90502E-1 7.40819E-1 6.90328E-1 8.8547E-1 9.47202E-1 9.45887E-1 9.18035E-1 9.40924E-1 9.43078E-1 9.56922E-1 8.92098E-1 8.54915E-1 8.90767E-1 7.88068E-1
1.71889E-3 1.05158E-3 8.08715E-4 8.72055E-4 4.05139E-4 4.28274E-4 6.4206E-4 7.05812E-4 1.6736E-3 2.3355E-3 2.26853E-3 1.71129E-3 1.28081E-3 2.92389E-3 1.86086E-3 5.71102E-3 3.12347E-3 5.06046E-3 5.66646E-3 5.03166E-3 1.01218E-2 1.19527E-2 1.71216E-2 1.40049E-2 1.25616E-2 1.06857E-2 1.25748E-2 1.89841E-2 3.42737E-2 4.0918E-2 4.27874E-2 3.27013E-2 2.04797E-2 3.18628E-2 4.50957E-2 4.90899E-2 4.79773E-2 4.77326E-2 3.85539E-2 4.58298E-2 4.23056E-2 4.34503E-2 3.58611E-2 6.99743E-2 1.78081E-1 1.07849E-1 1.38752E-1 1.23787E-1 3.81482E-1 4.13668E-1 2.53388E-1 4.4054E-1 6.74176E-1 5.53988E-1 7.23852E-1 7.5602E-1 8.25337E-1 9.81992E-1 9.6274E-1 9.4853E-1 8.98945E-1 9.24424E-1 9.31267E-1 9.81664E-1 8.36765E-1 6.59511E-1 6.20807E-1
8.1381E-4 1.01091E-3 6.53051E-4 7.61532E-4 4.95617E-4 5.09708E-4 6.15766E-4 9.18902E-4 1.64091E-3 1.26921E-3 1.48707E-3 9.82194E-4 1.64858E-3 2.8031E-3 1.62156E-3 3.93932E-3 5.90046E-3 8.25841E-4 3.02144E-3 3.69662E-3 1.04749E-2 8.77851E-3 1.27443E-2 1.78847E-2 1.81631E-2 1.8844E-2 1.09562E-2 1.80797E-2 2.80685E-2 3.39686E-2 9.03968E-2 1.89644E-2 2.4439E-2 2.46955E-2 4.04861E-2 4.98634E-2 6.33462E-2 4.77837E-2 3.52861E-2 6.41275E-2 2.94371E-2 4.59562E-2 5.872E-2 8.83773E-2 9.19931E-2 2.28347E-1 2.26888E-1 1.97594E-1 2.82062E-1 2.73728E-1 2.90383E-1 4.58426E-1 6.6673E-1 6.12768E-1 5.47017E-1 7.43634E-1 8.14022E-1 9.6059E-1 9.53582E-1 9.02748E-1 8.18914E-1 8.51536E-1 8.70455E-1 9.61329E-1 9.07386E-1 7.1387E-1 2.43361E-1
1.6005E-3 1.16552E-3 6.61343E-4 8.61864E-4 7.22972E-4 7.0244E-4 9.93188E-4 1.70878E-3 9.11387E-4 1.70899E-3 2.4784E-3 1.8876E-3 1.62816E-3 2.05062E-3 1.63184E-3 2.24227E-3 2.91551E-3 6.44848E-4 2.90001E-3 6.26511E-3 4.77052E-3 6.20676E-3 1.22171E-2 8.18267E-3 1.01372E-2 1.85215E-2 1.52826E-2 1.51904E-2 1.73452E-2 2.87201E-2 4.14178E-2 3.60279E-2 2.11648E-2 2.59331E-2 2.89695E-2 4.37548E-2 4.5384E-2 3.70783E-2 6.47297E-2 6.7444E-2 9.83597E-2 6.66207E-2 1.56216E-1 1.15532E-1 1.20908E-1 2.17401E-1 1.38511E-1 2.08786E-1 2.27611E-1 2.68209E-1 3.56034E-1 3.75187E-1 6.02212E-1 5.37263E-1 7.52508E-1 8.84297E-1 8.60183E-1 9.7182E-1 9.31835E-1 8.63297E-1 6.18787E-1 9.03361E-1 9.53169E-1 9.59921E-1 9.07768E-1 6.94044E-1 6.70077E-1
1.28689E-3 1.86575E-3 2.07314E-3 9.25549E-4 9.83462E-4 2.02619E-3 1.07759E-3 1.61606E-3 4.43907E-4 7.57166E-4 1.53805E-3 1.95056E-3 9.08916E-4 1.75141E-3 1.85139E-3 1.22037E-3 7.2766E-4 1.13067E-3 2.72134E-3 3.12315E-3 3.42621E-3 3.60256E-3 6.20633E-3 1.55711E-2 9.89015E-3 1.09348E-2 4.29724E-2 5.38208E-2 3.24164E-2 2.82066E-2 1.77183E-2 1.91231E-2 2.44658E-2 3.428E-2 2.57129E-2 1.8571E-2 2.38963E-2 1.93083E-2 3.25961E-2 4.46205E-2 3.74579E-2 1.43527E-1 1.04848E-1 7.48005E-2 2.15748E-1 3.22807E-1 2.35146E-1 2.44973E-1 1.98672E-1 4.94678E-1 5.08479E-1 6.3512E-1 5.9383E-1 5.55446E-1 8.47891E-1 8.36021E-1 8.31761E-1 9.4057E-1 8.18791E-1 9.73301E-1 9.37984E-1 9.70624E-1 9.42776E-1 9.46062E-1 6.89112E-1 6.8036E-1 7.27645E-1
