ENM/Final_Models/M_2_F_q_Set_1_EC/Gustavia_santanderiensis_5_Choco.asc
ncols         367
nrows         963
xllcorner     -78.6
yllcorner     0.65
cellsize      0.00833333333333323
NODATA_value  -9999
[rows 800 to 831 of 963, columns 0 to 70 of 367]
-9999 -9999 9.79042E-1 9.96974E-1 9.95472E-1 9.77244E-1 9.92154E-1 9.94046E-1 9.9654E-1 9.9808E-1 9.96735E-1 9.93859E-1 9.94977E-1 9.98571E-1 9.98697E-1 9.99758E-1 9.99304E-1 9.96351E-1 9.92798E-1 9.95264E-1 9.994E-1 9.99175E-1 9.99845E-1 9.99643E-1 9.99175E-1 9.99412E-1 9.99107E-1 9.99792E-1 9.99222E-1 9.99907E-1 9.99804E-1 9.9982E-1 9.99858E-1 9.99947E-1 9.99963E-1 9.9995E-1 9.99958E-1 9.99944E-1 9.99963E-1 9.99974E-1 9.99982E-1 9.99972E-1 9.99996E-1 9.99996E-1 9.9999E-1 9.99993E-1 9.99998E-1 1E0 1E0 1E0 1E0 9.99996E-1 1E0 9.99939E-1 9.99999E-1 9.99999E-1 1E0 9.99999E-1 9.99999E-1 1E0 1E0 1E0 9.99992E-1 9.99973E-1 9.99973E-1 9.99959E-1 9.99952E-1 9.9998E-1 9.99975E-1 1E0 1E0
-9999 -9999 -9999 9.99437E-1 9.98579E-1 9.91483E-1 9.93649E-1 9.96223E-1 9.97887E-1 9.9927E-1 9.99061E-1 9.95975E-1 9.98838E-1 9.99141E-1 9.98068E-1 9.9524E-1 9.94641E-1 9.83749E-1 9.78736E-1 9.59879E-1 9.89131E-1 9.96583E-1 9.97238E-1 9.99641E-1 9.97364E-1 9.98858E-1 9.9978E-1 9.99675E-1 9.99971E-1 9.99965E-1 9.9975E-1 9.99866E-1 9.99942E-1 9.99892E-1 9.99949E-1 9.9996E-1 9.99977E-1 9.99963E-1 9.99974E-1 9.99982E-1 9.99988E-1 9.99992E-1 9.99987E-1 9.99997E-1 9.99996E-1 9.9999E-1 9.99997E-1 1E0 1E0 9.99999E-1 1E0 1E0 1E0 1E0 1E0 9.99999E-1 9.99999E-1 1E0 1E0 1E0 1E0 1E0 1E0 1E0 1E0 9.99995E-1 9.99995E-1 1E0 1E0 1E0 9.99956E-1
-9999 -9999 -9999 9.99031E-1 9.99377E-1 9.96118E-1 9.98807E-1 9.97951E-1 9.97731E-1 9.97549E-1 9.98741E-1 9.95621E-1 9.92458E-1 9.88731E-1 9.89537E-1 9.83793E-1 9.76351E-1 9.4693E-1 9.7238E-1 9.57491E-1 9.7054E-1 9.94227E-1 9.9462E-1 9.94143E-1 9.97377E-1 9.91352E-1 9.98745E-1 9.98611E-1 9.99415E-1 9.99696E-1 9.9968E-1 9.99642E-1 9.99933E-1 9.99956E-1 9.99626E-1 9.99806E-1 9.99941E-1 9.99991E-1 9.99981E-1 9.99973E-1 9.99993E-1 9.99994E-1 9.99962E-1 9.9999E-1 9.9999E-1 9.99997E-1 9.99994E-1 1E0 1E0 1E0 1E0 1E0 1E0 1E0 1E0 1E0 1E0 1E0 1E0 1E0 1E0 1E0 1E0 1E0 1E0 9.99959E-1 1E0 9.99992E-1 9.99997E-1 9.99997E-1 9.99996E-1
-9999 -9999 -9999 9.9797E-1 9.99793E-1 9.83722E-1 9.97695E-1 9.96997E-1 9.95304E-1 9.90619E-1 9.94138E-1 9.92178E-1 9.73056E-1 9.28872E-1 9.29882E-1 9.49601E-1 9.51005E-1 9.52081E-1 9.5917E-1 9.84462E-1 9.90196E-1 9.89051E-1 9.89779E-1 9.9442E-1 9.95191E-1 9.91093E-1 9.96497E-1 9.98477E-1 9.9354E-1 9.95717E-1 9.98957E-1 9.98811E-1 9.99211E-1 9.99652E-1 9.99812E-1 9.99796E-1 9.9991E-1 9.9999E-1 9.99986E-1 9.9999E-1 9.99992E-1 9.99992E-1 9.99971E-1 9.99936E-1 9.99968E-1 9.9997E-1 9.99993E-1 9.99999E-1 9.99999E-1 1E0 1E0 1E0 1E0 1E0 1E0 1E0 1E0 1E0 1E0 1E0 1E0 1E0 1E0 9.99979E-1 1E0 9.99974E-1 9.99944E-1 9.99991E-1 9.99998E-1 9.99997E-1 9.99998E-1
-9999 -9999 -9999 9.98285E-1 9.99212E-1 9.93129E-1 9.98172E-1 9.94563E-1 9.89247E-1 9.73659E-1 9.79724E-1 9.74574E-1 9.71813E-1 9.44696E-1 9.05303E-1 9.51539E-1 9.42784E-1 8.96243E-1 9.66805E-1 9.82446E-1 9.87682E-1 9.80375E-1 9.84728E-1 9.88137E-1 9.88952E-1 9.90981E-1 9.95685E-1 9.96986E-1 9.96961E-1 9.9757E-1 9.99607E-1 9.99792E-1 9.99397E-1 9.99066E-1 9.99811E-1 9.99844E-1 9.99941E-1 9.9999E-1 9.99918E-1 9.99986E-1 9.9999E-1 9.99986E-1 9.99961E-1 9.99964E-1 9.99976E-1 9.99984E-1 9.99996E-1 9.99996E-1 9.99996E-1 1E0 1E0 9.99999E-1 9.99999E-1 1E0 1E0 1E0 1E0 9.99999E-1 9.99999E-1 1E0 9.99999E-1 1E0 1E0 9.99999E-1 9.9989E-1 9.99911E-1 9.99933E-1 9.99971E-1 9.99988E-1 9.99996E-1 9.99996E-1
-9999 -9999 9.99097E-1 9.99065E-1 9.9675E-1 9.84174E-1 9.97163E-1 9.9707E-1 9.84484E-1 9.82605E-1 9.88338E-1 9.85317E-1 9.82864E-1 9.6688E-1 9.63461E-1 9.45616E-1 9.4283E-1 9.12379E-1 9.58397E-1 9.87154E-1 9.86056E-1 9.95253E-1 9.96118E-1 9.93967E-1 9.92633E-1 9.97294E-1 9.96735E-1 9.91184E-1 9.98881E-1 9.98702E-1 9.99169E-1 9.99757E-1 9.99705E-1 9.99445E-1 9.99569E-1 9.99417E-1 9.99948E-1 9.99981E-1 9.9996E-1 9.99988E-1 9.99985E-1 9.99986E-1 9.99964E-1 9.99946E-1 9.99965E-1 9.99959E-1 9.99996E-1 9.99992E-1 9.99992E-1 9.99999E-1 9.99999E-1 1E0 9.99997E-1 9.99999E-1 1E0 9.99999E-1 9.99999E-1 9.99998E-1 9.99999E-1 1E0 1E0 1E0 1E0 9.99999E-1 9.99966E-1 9.99987E-1 9.99992E-1 9.99995E-1 1E0 9.99999E-1 9.99998E-1
-9999 -9999 9.95607E-1 9.90021E-1 9.96326E-1 9.89667E-1 9.92394E-1 9.83693E-1 9.75897E-1 9.66124E-1 9.74099E-1 9.81854E-1 9.81292E-1 9.79408E-1 9.63475E-1 9.76405E-1 9.81931E-1 9.69595E-1 9.7444E-1 9.81918E-1 9.95959E-1 9.98553E-1 9.96223E-1 9.94008E-1 9.94549E-1 9.9452E-1 9.97285E-1 9.97395E-1 9.97918E-1 9.98908E-1 9.98951E-1 9.99351E-1 9.99571E-1 9.99821E-1 9.99542E-1 9.99744E-1 9.9991E-1 9.99961E-1 9.99959E-1 9.99989E-1 9.99966E-1 9.99974E-1 9.99963E-1 9.99988E-1 9.99991E-1 9.99985E-1 9.99995E-1 9.99976E-1 9.99985E-1 9.99999E-1 9.99998E-1 9.99999E-1 9.99998E-1 9.99996E-1 9.99996E-1 1E0 1E0 9.99999E-1 9.99999E-1 1E0 1E0 1E0 9.99949E-1 9.9999E-1 9.99964E-1 9.99942E-1 1E0 1E0 1E0 1E0 1E0
-9999 -9999 9.94112E-1 9.92704E-1 9.82664E-1 9.94001E-1 9.92997E-1 9.81995E-1 9.43329E-1 9.28627E-1 9.35703E-1 9.76822E-1 9.45313E-1 9.72374E-1 9.67059E-1 9.77428E-1 9.81164E-1 9.82087E-1 9.90292E-1 9.95741E-1 9.90363E-1 9.94852E-1 9.97307E-1 9.97302E-1 9.92041E-1 9.98027E-1 9.97513E-1 9.9741E-1 9.99557E-1 9.99609E-1 9.9878E-1 9.99365E-1 9.99369E-1 9.99468E-1 9.99764E-1 9.9951E-1 9.99975E-1 9.99674E-1 9.9953E-1 9.99738E-1 9.99979E-1 9.99983E-1 9.99975E-1 9.99984E-1 9.99974E-1 9.99978E-1 9.99994E-1 9.99995E-1 9.99998E-1 9.99997E-1 1E0 9.99999E-1 1E0 9.9996E-1 9.99995E-1 9.99967E-1 9.99999E-1 9.99999E-1 9.99999E-1 1E0 1E0 1E0 9.99978E-1 1E0 9.99998E-1 9.998E-1 1E0 1E0 1E0 1E0 1E0
-9999 -9999 9.97906E-1 9.94405E-1 9.78491E-1 9.93681E-1 9.90665E-1 9.74441E-1 9.79923E-1 9.89277E-1 9.9301E-1 9.83566E-1 9.597E-1 9.63454E-1 9.79116E-1 9.73924E-1 9.81054E-1 9.91879E-1 9.9256E-1 9.91965E-1 9.86925E-1 9.84527E-1 9.86381E-1 9.95294E-1 9.97122E-1 9.977E-1 9.91414E-1 9.96855E-1 9.99483E-1 9.99595E-1 9.99434E-1 9.99888E-1 9.99527E-1 9.98912E-1 9.99771E-1 9.99886E-1 9.9995E-1 9.99841E-1 9.99795E-1 9.9993E-1 9.99849E-1 9.99278E-1 9.99914E-1 9.99974E-1 9.99981E-1 9.99981E-1 9.99973E-1 9.99994E-1 9.99998E-1 9.99999E-1 9.99998E-1 9.99999E-1 9.99999E-1 9.99999E-1 1E0 9.99999E-1 9.99996E-1 9.99999E-1 9.99999E-1 9.99999E-1 1E0 1E0 9.99938E-1 1E0 9.99999E-1 9.99961E-1 9.99967E-1 9.99983E-1 1E0 1E0 1E0
-9999 -9999 9.99487E-1 9.97822E-1 9.8091E-1 9.96224E-1 9.91035E-1 9.82679E-1 9.8103E-1 9.9548E-1 9.93527E-1 9.95138E-1 9.91216E-1 9.89786E-1 9.61723E-1 9.75461E-1 9.80284E-1 9.88761E-1 9.91488E-1 9.8955E-1 9.86982E-1 9.92285E-1 9.94162E-1 9.974E-1 9.97042E-1 9.98659E-1 9.96014E-1 9.92855E-1 9.98518E-1 9.98036E-1 9.99641E-1 9.99405E-1 9.99439E-1 9.99486E-1 9.99868E-1 9.99919E-1 9.99956E-1 9.99824E-1 9.99553E-1 9.9986E-1 9.9983E-1 9.9956E-1 9.99856E-1 9.99879E-1 9.99902E-1 9.99939E-1 9.99962E-1 9.99974E-1 9.99992E-1 9.99999E-1 9.99986E-1 9.99995E-1 9.99997E-1 9.99999E-1 9.99995E-1 9.99999E-1 1E0 9.99999E-1 9.99999E-1 1E0 1E0 1E0 1E0 9.99981E-1 9.99998E-1 9.99891E-1 9.99989E-1 9.99987E-1 1E0 1E0 1E0
-9999 -9999 -9999 9.97067E-1 9.84005E-1 9.94771E-1 9.91278E-1 9.90931E-1 9.9662E-1 9.91991E-1 9.96336E-1 9.97517E-1 9.96616E-1 9.93294E-1 9.73328E-1 9.87462E-1 9.90705E-1 9.93443E-1 9.90841E-1 9.93769E-1 9.82878E-1 9.77074E-1 9.79949E-1 9.97035E-1 9.99017E-1 9.94647E-1 9.9581E-1 9.95973E-1 9.98666E-1 9.99007E-1 9.9958E-1 9.98832E-1 9.99008E-1 9.99677E-1 9.99854E-1 9.99785E-1 9.99916E-1 9.99777E-1 9.99812E-1 9.99807E-1 9.99601E-1 9.99683E-1 9.99676E-1 9.99676E-1 9.99943E-1 9.99992E-1 9.99984E-1 9.99484E-1 9.99805E-1 9.99998E-1 9.99993E-1 9.99995E-1 9.99955E-1 9.99916E-1 9.99996E-1 9.99999E-1 1E0 9.99999E-1 1E0 9.99999E-1 9.99999E-1 1E0 1E0 9.99901E-1 9.9992E-1 9.99994E-1 9.99996E-1 9.99977E-1 1E0 1E0 1E0
-9999 -9999 -9999 -9999 -9999 -9999 -9999 9.9463E-1 9.92493E-1 9.93232E-1 9.96176E-1 9.9416E-1 9.89174E-1 9.96046E-1 9.86924E-1 9.91341E-1 9.87966E-1 9.95293E-1 9.88194E-1 9.84479E-1 9.87814E-1 9.79876E-1 9.84248E-1 9.98822E-1 9.97111E-1 9.97609E-1 9.98109E-1 9.96401E-1 9.96185E-1 9.95879E-1 9.99455E-1 9.99622E-1 9.99858E-1 9.99931E-1 9.99903E-1 9.99903E-1 9.99915E-1 9.99869E-1 9.99801E-1 9.99852E-1 9.99744E-1 9.99756E-1 9.99775E-1 9.99899E-1 9.99939E-1 9.9999E-1 9.99991E-1 9.99974E-1 9.99994E-1 9.99997E-1 9.9999E-1 9.99998E-1 9.99999E-1 1E0 9.99996E-1 9.99999E-1 9.99997E-1 9.99999E-1 9.99999E-1 9.99756E-1 9.99945E-1 1E0 1E0 9.99994E-1 9.99997E-1 1E0 1E0 1E0 1E0 1E0 1E0
-9999 -9999 -9999 -9999 -9999 -9999 -9999 -9999 9.96549E-1 9.93088E-1 9.97248E-1 9.96847E-1 9.89282E-1 9.97045E-1 9.94122E-1 9.88995E-1 9.8246E-1 9.88255E-1 9.86978E-1 9.82918E-1 9.8337E-1 9.95528E-1 9.96829E-1 9.9763E-1 9.99431E-1 9.9721E-1 9.99309E-1 9.99183E-1 9.99334E-1 9.99513E-1 9.99831E-1 9.99883E-1 9.99863E-1 9.99916E-1 9.99867E-1 9.99827E-1 9.99746E-1 9.9991E-1 9.99896E-1 9.99923E-1 9.99884E-1 9.99905E-1 9.99873E-1 9.99969E-1 9.9993E-1 9.99978E-1 9.99977E-1 9.99983E-1 9.99995E-1 9.99995E-1 1E0 9.99998E-1 9.99999E-1 9.99999E-1 9.99998E-1 9.9999E-1 9.99991E-1 9.99999E-1 1E0 1E0 9.99972E-1 9.99983E-1 9.99999E-1 9.99974E-1 1E0 1E0 1E0 1E0 1E0 1E0 1E0
-9999 -9999 -9999 -9999 -9999 -9999 -9999 -9999 9.9785E-1 9.97032E-1 9.91628E-1 9.95957E-1 9.96184E-1 9.96853E-1 9.88779E-1 9.83785E-1 9.88628E-1 9.8788E-1 9.84876E-1 9.89459E-1 9.89472E-1 9.9663E-1 9.97739E-1 9.98321E-1 9.97241E-1 9.94239E-1 9.99147E-1 9.98939E-1 9.99105E-1 9.99614E-1 9.99891E-1 9.99855E-1 9.99477E-1 9.99623E-1 9.99384E-1 9.99292E-1 9.99702E-1 9.9994E-1 9.99814E-1 9.99794E-1 9.99899E-1 9.99862E-1 9.99964E-1 9.99857E-1 9.99947E-1 9.99986E-1 9.99443E-1 9.99329E-1 9.99599E-1 9.99738E-1 9.99973E-1 1E0 9.99999E-1 1E0 9.99999E-1 9.99999E-1 1E0 9.99852E-1 9.99945E-1 9.99998E-1 9.99964E-1 9.99918E-1 9.99999E-1 1E0 9.99987E-1 9.99994E-1 1E0 1E0 9.99824E-1 9.99649E-1 9.99984E-1
-9999 -9999 -9999 -9999 -9999 -9999 -9999 -9999 9.84167E-1 9.8911E-1 9.96569E-1 9.93841E-1 9.97197E-1 9.9785E-1 9.98402E-1 9.83681E-1 9.86677E-1 9.86697E-1 9.88637E-1 9.90476E-1 9.93564E-1 9.90987E-1 9.9418E-1 9.96984E-1 9.87911E-1 9.92905E-1 9.99493E-1 9.99311E-1 9.99809E-1 9.99709E-1 9.99846E-1 9.99056E-1 9.99865E-1 9.9965E-1 9.99577E-1 9.99839E-1 9.99785E-1 9.99638E-1 9.99719E-1 9.99844E-1 9.99924E-1 9.97592E-1 9.98399E-1 9.99918E-1 9.99939E-1 9.9998E-1 9.99983E-1 9.99269E-1 9.99561E-1 9.99991E-1 9.99994E-1 9.99999E-1 1E0 9.99916E-1 9.99948E-1 9.99942E-1 9.99967E-1 9.99999E-1 9.99979E-1 1E0 1E0 1E0 1E0 1E0 9.99999E-1 9.99953E-1 9.99775E-1 9.99596E-1 9.99837E-1 9.99981E-1 9.99997E-1
-9999 -9999 -9999 -9999 -9999 -9999 -9999 -9999 9.98729E-1 9.96655E-1 9.97813E-1 9.96222E-1 9.98877E-1 9.97671E-1 9.93751E-1 9.91359E-1 9.87688E-1 9.89753E-1 9.90681E-1 9.81388E-1 9.89025E-1 9.95953E-1 9.96135E-1 9.96321E-1 9.93948E-1 9.95446E-1 9.97071E-1 9.99173E-1 9.99171E-1 9.99182E-1 9.99204E-1 9.99129E-1 9.99387E-1 9.99542E-1 9.99848E-1 9.99808E-1 9.9991E-1 9.99882E-1 9.9992E-1 9.99876E-1 9.99738E-1 9.9979E-1 9.9897E-1 9.99979E-1 9.99823E-1 9.99762E-1 9.99728E-1 9.99948E-1 9.99919E-1 9.99919E-1 9.99876E-1 9.99981E-1 9.99945E-1 1E0 9.99978E-1 1E0 9.99969E-1 9.99969E-1 1E0 1E0 1E0 1E0 9.99999E-1 1E0 9.99998E-1 9.99987E-1 9.99992E-1 9.99992E-1 9.99985E-1 9.99996E-1 9.99853E-1
-9999 -9999 -9999 -9999 -9999 -9999 -9999 -9999 9.99563E-1 9.99067E-1 9.98056E-1 9.94572E-1 9.99293E-1 9.95198E-1 9.93889E-1 9.92382E-1 9.87254E-1 9.84234E-1 9.84287E-1 9.84892E-1 9.9367E-1 9.97877E-1 9.97782E-1 9.94331E-1 9.96085E-1 9.97725E-1 9.96037E-1 9.99797E-1 9.9968E-1 9.99371E-1 9.98899E-1 9.99737E-1 9.99044E-1 9.99889E-1 9.9994E-1 9.99979E-1 9.99989E-1 9.99928E-1 9.98055E-1 9.99621E-1 9.9962E-1 9.99667E-1 9.98588E-1 9.9999E-1 9.99981E-1 9.99798E-1 9.99672E-1 9.99994E-1 9.99996E-1 9.99978E-1 9.99974E-1 9.99979E-1 1E0 9.9999E-1 9.99997E-1 9.99999E-1 1E0 1E0 1E0 1E0 1E0 1E0 9.99999E-1 9.99998E-1 1E0 9.99398E-1 9.99989E-1 9.9999E-1 9.9996E-1 9.99986E-1 9.99176E-1
-9999 -9999 -9999 -9999 -9999 -9999 -9999 9.96538E-1 9.99116E-1 9.99153E-1 9.94635E-1 9.77249E-1 9.99466E-1 9.9656E-1 9.94371E-1 9.90853E-1 9.79547E-1 9.94179E-1 9.78414E-1 9.89295E-1 9.90243E-1 9.86617E-1 9.97499E-1 9.97562E-1 9.98999E-1 9.9822E-1 9.98857E-1 9.99191E-1 9.99595E-1 9.9974E-1 9.99639E-1 9.99927E-1 9.99832E-1 9.99985E-1 9.99951E-1 9.99934E-1 9.99953E-1 9.99925E-1 9.98371E-1 9.99928E-1 9.99914E-1 9.99948E-1 9.99957E-1 9.99106E-1 9.99471E-1 9.99883E-1 9.99874E-1 9.99996E-1 9.99996E-1 9.99904E-1 9.99865E-1 9.99812E-1 1E0 9.99999E-1 9.99998E-1 9.99998E-1 9.99999E-1 1E0 9.99999E-1 1E0 1E0 1E0 1E0 1E0 9.99999E-1 9.99995E-1 9.99988E-1 9.99984E-1 9.99964E-1 9.99911E-1 9.99966E-1
-9999 -9999 -9999 -9999 -9999 -9999 -9999 9.98783E-1 9.9911E-1 9.99129E-1 9.9708E-1 9.93352E-1 9.9862E-1 9.96667E-1 9.75695E-1 9.84937E-1 9.84793E-1 9.86895E-1 9.83561E-1 9.61781E-1 9.54177E-1 9.78722E-1 9.95784E-1 9.96901E-1 9.98283E-1 9.96163E-1 9.99255E-1 9.95877E-1 9.97426E-1 9.98397E-1 9.99771E-1 9.99839E-1 9.9996E-1 9.9997E-1 9.99888E-1 9.9995E-1 9.99953E-1 9.99963E-1 9.98756E-1 9.99839E-1 9.9996E-1 9.9998E-1 9.9998E-1 9.99656E-1 9.9992E-1 9.9975E-1 9.99991E-1 9.99981E-1 9.99868E-1 9.99986E-1 9.99981E-1 9.99882E-1 9.99879E-1 9.99858E-1 9.99999E-1 1E0 9.99998E-1 9.99999E-1 9.99993E-1 9.99999E-1 9.99999E-1 9.99999E-1 1E0 9.99999E-1 1E0 9.99992E-1 9.99988E-1 9.99736E-1 9.98394E-1 9.96706E-1 9.99924E-1
-9999 -9999 -9999 -9999 -9999 -9999 -9999 9.91558E-1 9.94689E-1 9.98818E-1 9.993E-1 9.96306E-1 9.96548E-1 9.93891E-1 9.5096E-1 9.58746E-1 9.78122E-1 9.82926E-1 9.67927E-1 9.38446E-1 9.74095E-1 9.61629E-1 9.90411E-1 9.92076E-1 9.93755E-1 9.96139E-1 9.98896E-1 9.99234E-1 9.99194E-1 9.98412E-1 9.98116E-1 9.99311E-1 9.99881E-1 9.99823E-1 9.99728E-1 9.99571E-1 9.99927E-1 9.99946E-1 9.99914E-1 9.99956E-1 9.99988E-1 9.99986E-1 9.99955E-1 9.9969E-1 9.99996E-1 9.99318E-1 9.99991E-1 9.99977E-1 9.99815E-1 9.99981E-1 9.99914E-1 9.99999E-1 9.99996E-1 9.99947E-1 9.99501E-1 9.99995E-1 9.99999E-1 9.99993E-1 9.99999E-1 9.99998E-1 9.99998E-1 9.99999E-1 9.99999E-1 9.99999E-1 9.99994E-1 9.99998E-1 9.99993E-1 9.99961E-1 9.99957E-1 9.96821E-1 9.99882E-1
-9999 -9999 -9999 -9999 -9999 -9999 -9999 9.98361E-1 9.96527E-1 9.93831E-1 9.91903E-1 9.90658E-1 9.76816E-1 9.58921E-1 9.65931E-1 9.64444E-1 9.83868E-1 9.82996E-1 9.66111E-1 9.73007E-1 9.78452E-1 9.64819E-1 9.89451E-1 9.91998E-1 9.86828E-1 9.94656E-1 9.98855E-1 9.97511E-1 9.99559E-1 9.9788E-1 9.9914E-1 9.99433E-1 9.99805E-1 9.994E-1 9.98921E-1 9.99531E-1 9.99893E-1 9.99949E-1 9.9993E-1 9.99951E-1 9.99734E-1 9.99956E-1 9.99975E-1 9.99775E-1 9.99959E-1 9.99724E-1 9.99999E-1 9.99999E-1 9.99999E-1 9.99999E-1 9.99998E-1 9.99997E-1 9.99982E-1 9.99984E-1 9.99992E-1 9.99994E-1 9.99993E-1 9.99987E-1 9.99968E-1 9.9999E-1 9.99991E-1 9.99998E-1 9.99998E-1 9.99998E-1 9.99998E-1 9.99993E-1 9.99996E-1 9.99993E-1 9.99991E-1 9.99995E-1 9.99985E-1
-9999 -9999 -9999 -9999 -9999 -9999 9.98708E-1 9.93799E-1 9.96817E-1 9.94358E-1 9.94305E-1 9.96608E-1 9.9263E-1 9.84096E-1 9.81341E-1 9.84786E-1 9.85198E-1 9.71786E-1 9.71088E-1 9.53945E-1 9.66144E-1 9.6988E-1 9.70675E-1 9.61982E-1 9.82718E-1 9.87001E-1 9.83156E-1 9.9365E-1 9.99026E-1 9.99382E-1 9.99122E-1 9.99447E-1 9.99895E-1 9.9975E-1 9.99759E-1 9.99488E-1 9.99914E-1 9.99984E-1 9.99972E-1 9.99968E-1 9.99918E-1 9.99998E-1 9.99997E-1 9.99947E-1 9.99996E-1 9.99886E-1 9.99444E-1 9.99976E-1 9.99981E-1 9.99969E-1 9.99883E-1 9.99997E-1 9.99727E-1 9.9999E-1 9.99089E-1 9.99956E-1 9.99971E-1 9.99979E-1 9.99971E-1 9.99978E-1 9.99993E-1 9.99984E-1 9.99991E-1 9.99998E-1 9.99997E-1 9.99998E-1 9.99988E-1 9.99988E-1 9.99991E-1 9.99325E-1 9.99994E-1
-9999 -9999 -9999 -9999 -9999 -9999 9.99533E-1 9.96566E-1 9.86031E-1 9.94037E-1 9.97452E-1 9.92112E-1 9.81664E-1 9.82648E-1 9.80653E-1 9.79561E-1 9.8022E-1 9.89615E-1 9.8367E-1 9.76466E-1 9.81802E-1 9.72633E-1 9.56506E-1 9.59012E-1 9.72531E-1 9.94408E-1 9.93082E-1 9.94119E-1 9.9877E-1 9.98132E-1 9.99654E-1 9.99497E-1 9.99837E-1 9.99844E-1 9.99809E-1 9.99964E-1 9.99937E-1 9.99936E-1 9.99944E-1 9.99993E-1 9.99963E-1 9.99994E-1 9.99985E-1 9.99931E-1 9.99993E-1 1E0 9.99888E-1 9.99986E-1 9.9989E-1 9.99957E-1 9.99948E-1 9.99637E-1 9.99993E-1 9.99983E-1 9.99647E-1 9.99618E-1 9.99982E-1 9.99979E-1 9.99996E-1 9.99967E-1 9.9997E-1 9.99994E-1 9.99984E-1 9.99992E-1 9.99992E-1 9.99997E-1 9.99976E-1 9.99987E-1 9.99991E-1 9.99981E-1 9.99985E-1
-9999 -9999 -9999 -9999 -9999 -9999 9.99012E-1 9.99453E-1 9.92148E-1 9.88284E-1 9.88481E-1 9.88065E-1 9.64553E-1 9.68949E-1 9.6398E-1 9.79193E-1 9.83848E-1 9.75415E-1 9.69726E-1 9.83586E-1 9.72121E-1 9.75185E-1 9.53801E-1 9.5901E-1 9.8087E-1 9.90576E-1 9.92467E-1 9.91909E-1 9.98048E-1 9.99109E-1 9.99625E-1 9.99554E-1 9.99335E-1 9.99956E-1 9.997E-1 9.99567E-1 9.99708E-1 9.99871E-1 9.99575E-1 9.9998E-1 9.99844E-1 9.99975E-1 9.9986E-1 9.99814E-1 9.99898E-1 1E0 9.99989E-1 9.99987E-1 9.99907E-1 9.99965E-1 9.99991E-1 9.99873E-1 9.99987E-1 9.99895E-1 9.99934E-1 9.9942E-1 9.99994E-1 9.99988E-1 9.99983E-1 9.99954E-1 9.99971E-1 9.9998E-1 9.99988E-1 9.99983E-1 9.99972E-1 9.99993E-1 9.99981E-1 9.99997E-1 9.99975E-1 9.99969E-1 9.99971E-1
-9999 -9999 -9999 -9999 -9999 -9999 -9999 -9999 9.98615E-1 9.82465E-1 9.90273E-1 9.75475E-1 9.45887E-1 9.50693E-1 9.37751E-1 9.2814E-1 9.77595E-1 9.77586E-1 9.86762E-1 9.90347E-1 9.77152E-1 9.70992E-1 9.46328E-1 9.59248E-1 9.90776E-1 9.92948E-1 9.91097E-1 9.94865E-1 9.96051E-1 9.99759E-1 9.99774E-1 9.99439E-1 9.99838E-1 9.99564E-1 9.9983E-1 9.99932E-1 9.99853E-1 9.99899E-1 9.99964E-1 9.99973E-1 9.99819E-1 9.99829E-1 9.99513E-1 9.99977E-1 9.99951E-1 9.99832E-1 9.9963E-1 9.99802E-1 9.99276E-1 9.99356E-1 9.99966E-1 9.99967E-1 9.99717E-1 9.9998E-1 9.99985E-1 9.99986E-1 9.99994E-1 9.99994E-1 9.9998E-1 9.99922E-1 9.9999E-1 9.99987E-1 9.99995E-1 9.99997E-1 9.99995E-1 9.99994E-1 9.99985E-1 9.99998E-1 9.99992E-1 9.99956E-1 9.97853E-1
-9999 -9999 -9999 -9999 -9999 9.99235E-1 9.98597E-1 9.96932E-1 9.93866E-1 9.90923E-1 9.84294E-1 9.74907E-1 9.56374E-1 9.5467E-1 9.48432E-1 9.18441E-1 9.70174E-1 9.70901E-1 9.84753E-1 9.72107E-1 9.81957E-1 9.78657E-1 9.55238E-1 9.60428E-1 9.83157E-1 9.91998E-1 9.90067E-1 9.91672E-1 9.92118E-1 9.97402E-1 9.98055E-1 9.99477E-1 9.99701E-1 9.99651E-1 9.99472E-1 9.99819E-1 9.99542E-1 9.99944E-1 9.99986E-1 9.995E-1 9.99493E-1 9.99983E-1 9.99954E-1 9.99972E-1 9.99965E-1 9.99127E-1 9.99855E-1 9.99978E-1 9.99969E-1 9.99918E-1 9.9993E-1 9.99997E-1 9.99999E-1 9.98709E-1 9.98848E-1 9.99138E-1 9.99997E-1 9.99994E-1 9.99974E-1 9.99959E-1 9.9995E-1 9.99828E-1 9.99994E-1 9.99991E-1 9.99976E-1 9.99988E-1 9.99993E-1 9.99996E-1 9.99987E-1 9.97753E-1 9.98596E-1
-9999 -9999 -9999 -9999 -9999 9.95148E-1 9.97826E-1 9.96162E-1 9.74857E-1 9.54851E-1 9.52854E-1 9.73575E-1 9.54442E-1 9.59464E-1 9.47213E-1 9.51182E-1 9.27744E-1 9.5219E-1 9.72673E-1 9.87581E-1 9.76276E-1 9.8189E-1 9.86537E-1 9.86736E-1 9.85491E-1 9.90651E-1 9.94577E-1 9.93127E-1 9.93075E-1 9.96336E-1 9.95285E-1 9.98189E-1 9.99369E-1 9.99856E-1 9.99495E-1 9.99984E-1 9.99981E-1 9.99883E-1 9.99982E-1 9.99951E-1 9.99967E-1 9.99983E-1 9.99978E-1 9.99978E-1 9.99695E-1 9.99814E-1 9.99888E-1 9.99868E-1 9.99983E-1 9.99975E-1 9.99984E-1 9.99967E-1 9.99979E-1 9.99929E-1 9.99425E-1 9.9941E-1 9.99992E-1 9.99991E-1 9.99996E-1 9.99997E-1 9.99996E-1 9.99997E-1 9.99998E-1 9.9999E-1 9.99986E-1 9.98854E-1 9.99999E-1 9.99986E-1 9.99982E-1 9.99929E-1 9.99991E-1
-9999 -9999 -9999 -9999 -9999 9.93144E-1 9.95084E-1 9.68846E-1 9.78256E-1 9.20098E-1 9.13724E-1 9.37954E-1 9.28521E-1 8.85142E-1 9.21107E-1 9.71095E-1 9.47778E-1 9.55057E-1 9.74012E-1 9.75897E-1 9.72182E-1 9.79089E-1 9.94422E-1 9.96757E-1 9.97049E-1 9.93854E-1 9.9532E-1 9.96777E-1 9.96349E-1 9.91351E-1 9.92171E-1 9.93393E-1 9.98963E-1 9.99549E-1 9.99507E-1 9.9992E-1 9.99976E-1 9.99495E-1 9.99934E-1 9.99882E-1 9.9968E-1 9.99154E-1 9.98595E-1 9.99762E-1 9.9988E-1 9.99957E-1 9.99869E-1 9.9997E-1 9.99985E-1 9.99975E-1 9.99952E-1 9.99926E-1 9.99978E-1 9.9998E-1 9.99453E-1 9.99566E-1 9.99569E-1 9.99981E-1 9.99999E-1 9.99999E-1 9.99998E-1 9.99997E-1 9.99998E-1 9.99436E-1 9.9903E-1 9.9851E-1 9.9976E-1 9.99987E-1 9.99988E-1 9.99994E-1 9.99993E-1
-9999 -9999 -9999 -9999 -9999 9.78751E-1 9.65305E-1 9.7039E-1 9.3545E-1 8.50166E-1 8.98143E-1 9.25151E-1 8.59812E-1 8.61616E-1 9.06591E-1 9.60741E-1 9.66992E-1 9.72306E-1 9.47686E-1 9.74488E-1 9.4458E-1 9.71592E-1 9.91783E-1 9.91448E-1 9.94378E-1 9.94057E-1 9.97343E-1 9.95046E-1 9.96796E-1 9.93956E-1 9.95764E-1 9.94452E-1 9.9955E-1 9.99306E-1 9.99566E-1 9.99947E-1 9.99778E-1 9.99851E-1 9.99951E-1 9.99152E-1 9.99826E-1 9.99657E-1 9.98757E-1 9.99955E-1 9.99017E-1 9.98575E-1 9.98221E-1 9.99972E-1 9.99985E-1 9.99983E-1 9.99991E-1 9.99999E-1 9.99999E-1 9.99998E-1 9.9957E-1 9.99626E-1 9.99291E-1 9.99874E-1 1E0 9.99999E-1 9.99998E-1 9.99996E-1 9.99997E-1 9.98888E-1 9.98794E-1 9.98467E-1 9.99575E-1 9.97673E-1 9.96146E-1 9.99928E-1 9.99994E-1
-9999 -9999 -9999 -9999 -9999 9.96168E-1 9.7714E-1 9.42237E-1 8.73052E-1 7.61996E-1 8.14626E-1 8.32015E-1 8.73598E-1 8.69899E-1 8.98129E-1 8.99277E-1 9.78401E-1 9.77514E-1 9.76393E-1 9.74543E-1 9.52899E-1 9.63437E-1 9.73833E-1 9.71365E-1 9.92461E-1 9.92563E-1 9.94321E-1 9.93623E-1 9.93162E-1 9.95222E-1 9.96804E-1 9.93396E-1 9.98904E-1 9.9957E-1 9.99792E-1 9.99817E-1 9.99873E-1 9.9983E-1 9.99421E-1 9.99254E-1 9.99672E-1 9.99998E-1 9.99997E-1 9.99984E-1 9.99992E-1 9.99999E-1 9.99001E-1 9.99967E-1 9.9998E-1 9.9999E-1 9.99997E-1 9.99999E-1 9.99999E-1 9.99721E-1 9.9945E-1 9.99637E-1 9.99231E-1 9.99397E-1 9.99976E-1 9.99998E-1 9.98883E-1 9.99273E-1 9.99987E-1 9.99268E-1 9.98738E-1 9.99962E-1 9.99598E-1 9.95717E-1 9.99873E-1 9.99912E-1 9.9997E-1
-9999 -9999 -9999 -9999 -9999 9.05908E-1 9.73573E-1 8.43993E-1 8.11158E-1 7.6606E-1 8.21017E-1 8.39244E-1 7.62862E-1 8.11167E-1 8.68665E-1 9.41875E-1 9.55376E-1 9.80426E-1 9.78505E-1 9.69517E-1 9.39517E-1 9.5965E-1 9.69666E-1 9.65431E-1 9.83765E-1 9.92084E-1 9.90143E-1 9.86488E-1 9.88554E-1 9.93313E-1 9.96426E-1 9.93773E-1 9.99346E-1 9.99672E-1 9.99739E-1 9.99627E-1 9.99614E-1 9.99681E-1 9.99861E-1 9.99923E-1 9.99382E-1 9.99996E-1 1E0 9.99905E-1 9.99995E-1 9.99996E-1 9.98464E-1 9.99958E-1 9.9999E-1 9.99988E-1 9.99994E-1 9.99999E-1 9.99995E-1 9.99982E-1 9.9836E-1 9.998E-1 9.99261E-1 9.98253E-1 9.99969E-1 9.99976E-1 9.99992E-1 9.99991E-1 9.99955E-1 9.99961E-1 9.99951E-1 9.99947E-1 9.99506E-1 9.97463E-1 9.96974E-1 9.99971E-1 9.99982E-1
-9999 -9999 -9999 -9999 -9999 9.3331E-1 8.75721E-1 8.64139E-1 8.05865E-1 8.15922E-1 8.3016E-1 8.47763E-1 7.86176E-1 8.51057E-1 9.04621E-1 9.33618E-1 9.5594E-1 9.47291E-1 9.74671E-1 9.7553E-1 9.4283E-1 9.7076E-1 9.75165E-1 9.79279E-1 9.8102E-1 9.76449E-1 9.74658E-1 9.8941E-1 9.89734E-1 9.94408E-1 9.9439E-1 9.97504E-1 9.97073E-1 9.99103E-1 9.99501E-1 9.99682E-1 9.99676E-1 9.9982E-1 9.99709E-1 9.99501E-1 9.98789E-1 9.99973E-1 9.99999E-1 9.99996E-1 1E0 9.9999E-1 9.98627E-1 9.99947E-1 9.99305E-1 9.99851E-1 9.99995E-1 9.9999E-1 9.99977E-1 9.99963E-1 9.99953E-1 9.9994E-1 9.99986E-1 9.99994E-1 9.99961E-1 9.9999E-1 9.98608E-1 9.98531E-1 9.99938E-1 9.9996E-1 9.99962E-1 9.97409E-1 9.99349E-1 9.99206E-1 9.99504E-1 9.99923E-1 9.99798E-1
