ENM/Final_Models/M_2_F_q_Set_1_EC/Gustavia_santanderiensis_4_Choco.asc
ncols         367
nrows         963
xllcorner     -78.6
yllcorner     0.65
cellsize      0.00833333333333323
NODATA_value  -9999
[rows 120 to 149 of 963, columns 268 to 334 of 367]
2.7043E-1 2.57875E-1 2.37069E-1 1.36344E-1 2.67706E-1 1.9187E-1 -9999 -9999 -9999 -9999 -9999 -9999 -9999 -9999 -9999 -9999 -9999 -9999 -9999 -9999 -9999 -9999 -9999 -9999 -9999 -9999 -9999 -9999 -9999 -9999 -9999 -9999 -9999 -9999 7.20089E-2 6.59806E-2 5.18808E-2 6.93435E-2 4.63476E-2 8.25582E-2 1.30221E-1 8.7129E-2 1.73354E-1 4.61183E-1 5.79941E-1 4.91017E-1 3.12905E-1 1.4808E-1 1.73748E-1 1.26709E-1 1.0608E-1 1.69856E-1 2.07072E-1 1.64266E-1 1.87757E-1 -9999 -9999 -9999 -9999 -9999 -9999 -9999 1.0553E-1 -9999 -9999 -9999 3.08785E-1
2.33279E-1 2.62276E-1 1.26096E-1 9.52282E-2 1.52668E-1 1.25014E-1 -9999 -9999 -9999 -9999 -9999 -9999 -9999 -9999 -9999 -9999 -9999 -9999 -9999 -9999 -9999 -9999 -9999 -9999 -9999 -9999 -9999 -9999 -9999 -9999 -9999 -9999 -9999 7.51165E-2 8.3718E-2 7.36748E-2 4.71613E-2 5.0578E-2 8.34515E-2 8.03886E-2 1.64657E-1 1.4301E-1 1.4832E-1 2.16353E-1 5.27801E-1 6.10365E-1 2.76662E-1 1.88591E-1 1.39361E-1 1.28665E-1 1.12621E-1 1.6768E-1 1.02556E-1 1.0824E-1 1.25714E-1 -9999 -9999 -9999 -9999 -9999 -9999 -9999 1.3519E-1 -9999 -9999 -9999 5.71818E-1
2.21556E-1 2.76637E-1 2.17697E-1 1.21495E-1 2.18127E-1 -9999 -9999 -9999 -9999 4.25197E-1 6.92751E-1 -9999 -9999 -9999 -9999 -9999 -9999 -9999 -9999 -9999 -9999 -9999 -9999 -9999 -9999 -9999 -9999 -9999 -9999 -9999 -9999 -9999 4.54474E-2 6.56425E-2 8.03103E-2 5.09561E-2 4.60354E-2 5.83355E-2 7.73272E-2 7.20536E-2 1.34653E-1 1.27039E-1 1.06233E-1 1.61977E-1 2.33868E-1 4.11746E-1 4.61623E-1 3.87E-1 1.04792E-1 9.10192E-2 2.73E-1 2.4881E-1 1.14729E-1 1.09879E-1 -9999 -9999 -9999 -9999 -9999 -9999 -9999 -9999 -9999 2.53633E-1 -9999 -9999 -9999
2.12395E-1 2.20839E-1 1.94584E-1 1.63965E-1 2.68374E-1 -9999 -9999 -9999 2.03919E-1 2.46338E-1 7.13884E-1 -9999 -9999 -9999 -9999 -9999 -9999 -9999 -9999 -9999 -9999 -9999 -9999 -9999 -9999 -9999 -9999 -9999 -9999 -9999 -9999 -9999 -9999 7.9999E-2 4.77471E-2 6.45426E-2 7.09381E-2 6.81547E-2 1.26547E-1 8.674E-2 8.47232E-2 7.44565E-2 1.03031E-1 6.69854E-2 1.69123E-1 2.59485E-1 2.03535E-1 4.49223E-1 1.59712E-1 8.14531E-2 2.20156E-1 1.95945E-1 1.9497E-1 1.49616E-1 -9999 -9999 -9999 -9999 -9999 -9999 -9999 -9999 -9999 1.06452E-1 2.83492E-1 -9999 -9999
3.02871E-1 2.57132E-1 2.16307E-1 2.2453E-1 1.38245E-1 -9999 -9999 -9999 2.09819E-1 1.07276E-1 1.95151E-1 -9999 -9999 -9999 -9999 -9999 -9999 -9999 -9999 -9999 -9999 -9999 -9999 -9999 -9999 -9999 -9999 -9999 -9999 -9999 -9999 -9999 -9999 5.20667E-2 5.38042E-2 6.78209E-2 8.68642E-2 8.59531E-2 7.07212E-2 4.46831E-2 8.05444E-2 1.01814E-1 1.46447E-1 1.24742E-1 1.61764E-1 2.2812E-1 1.91481E-1 2.51335E-1 1.24359E-1 8.08447E-2 6.44303E-2 9.56172E-2 6.65813E-2 1.4587E-1 -9999 -9999 -9999 -9999 -9999 1.43804E-1 1.88349E-1 -9999 -9999 1.92349E-1 3.97389E-1 4.32183E-1 7.08765E-1
2.61817E-1 2.69693E-1 2.87958E-1 1.81766E-1 1.70509E-1 -9999 -9999 -9999 1.70311E-1 1.40127E-1 7.16544E-2 -9999 -9999 -9999 -9999 -9999 -9999 4.7183E-2 6.21315E-2 -9999 -9999 -9999 -9999 -9999 -9999 -9999 -9999 -9999 -9999 -9999 -9999 -9999 -9999 4.09437E-2 8.13736E-2 7.35594E-2 8.28356E-2 6.58082E-2 5.40244E-2 9.33154E-2 9.29376E-2 8.41306E-2 8.57406E-2 1.21778E-1 1.67547E-1 2.24524E-1 1.64999E-1 3.66289E-1 4.21508E-1 4.50969E-1 4.5056E-1 3.90626E-1 4.07779E-1 4.63844E-1 -9999 -9999 -9999 -9999 -9999 1.29834E-1 1.52134E-1 1.00784E-1 -9999 -9999 2.81982E-1 4.39936E-1 5.79731E-1
3.09512E-1 1.88447E-1 2.3176E-1 4.64371E-1 3.26226E-1 -9999 -9999 6.29456E-2 1.40324E-1 1.40631E-1 1.91806E-1 -9999 -9999 -9999 -9999 -9999 -9999 1.52531E-1 7.94095E-2 -9999 -9999 -9999 -9999 -9999 -9999 -9999 -9999 -9999 -9999 -9999 -9999 -9999 -9999 4.46167E-2 1.24687E-1 9.68664E-2 7.47126E-2 4.3076E-2 4.9034E-2 3.98451E-2 8.42378E-2 1.10187E-1 1.92774E-1 1.90857E-1 1.7352E-1 1.99034E-1 2.33355E-1 3.82301E-1 6.2817E-1 3.06969E-1 1.43909E-1 2.47149E-1 4.90639E-1 3.61922E-1 -9999 -9999 -9999 -9999 -9999 1.89454E-1 2.00085E-1 9.13573E-2 -9999 -9999 4.61648E-2 6.30256E-2 2.46012E-1
2.95039E-1 1.68657E-1 1.88866E-1 3.02164E-1 3.32221E-1 -9999 -9999 1.28092E-1 1.02472E-1 6.85518E-2 1.61481E-1 -9999 -9999 -9999 -9999 -9999 -9999 2.75296E-1 2.56999E-1 -9999 -9999 -9999 -9999 -9999 -9999 -9999 -9999 -9999 -9999 -9999 -9999 -9999 -9999 -9999 6.04202E-2 1.03996E-1 1.61169E-1 1.0327E-1 5.92435E-2 3.47052E-2 3.58197E-2 8.33436E-2 1.53869E-1 1.47991E-1 1.78622E-1 3.92484E-1 4.55651E-1 5.966E-1 6.71736E-1 4.01887E-1 2.96595E-1 3.29563E-1 2.87034E-1 -9999 -9999 -9999 2.25552E-1 1.71476E-1 -9999 1.89302E-1 2.70683E-2 5.22683E-2 6.09689E-2 6.1733E-2 7.73992E-2 8.94046E-2 9.11626E-2
3.82146E-1 2.92823E-1 2.35389E-1 1.69516E-1 2.47619E-1 2.17507E-1 8.00431E-2 6.4049E-2 8.12497E-2 7.11025E-2 6.74336E-2 -9999 -9999 -9999 -9999 -9999 -9999 3.84832E-1 2.21481E-1 1.65061E-1 -9999 -9999 -9999 -9999 -9999 -9999 -9999 -9999 -9999 -9999 -9999 -9999 -9999 -9999 5.11942E-2 6.82304E-2 1.1865E-1 1.80167E-1 6.39467E-2 6.42419E-2 7.22865E-2 9.75873E-2 1.63931E-1 1.8307E-1 2.33867E-1 3.45739E-1 4.2877E-1 3.72509E-1 7.42163E-1 3.78659E-1 3.18449E-1 2.1639E-1 -9999 -9999 -9999 -9999 2.23497E-1 1.51045E-1 2.17765E-1 2.0651E-1 4.96293E-2 2.6003E-2 8.05593E-2 4.06687E-2 1.09353E-1 1.05664E-1 5.53452E-2
3.15064E-1 3.05302E-1 3.28513E-1 1.9381E-1 2.80829E-1 1.97118E-1 6.60511E-2 8.08247E-2 1.0455E-1 2.79959E-2 2.51621E-2 -9999 -9999 -9999 -9999 -9999 2.94446E-1 3.47385E-1 3.41522E-1 2.34762E-1 -9999 -9999 -9999 -9999 -9999 -9999 -9999 -9999 -9999 -9999 -9999 -9999 -9999 -9999 4.90444E-2 6.68517E-2 1.00437E-1 2.31545E-1 1.44533E-1 6.29869E-2 6.32953E-2 1.09052E-1 1.63195E-1 1.75475E-1 2.91443E-1 4.80203E-1 5.80512E-1 4.46645E-1 5.19118E-1 3.89178E-1 1.8635E-1 9.41036E-2 -9999 -9999 -9999 1.62251E-1 1.94631E-1 2.34041E-1 2.78666E-1 1.502E-1 2.14507E-1 3.51695E-2 3.42249E-2 4.33443E-2 1.27383E-1 1.67637E-1 6.89214E-2
1.65641E-1 1.66816E-1 2.49259E-1 2.25674E-1 2.28515E-1 1.20552E-1 1.49932E-1 1.02213E-1 7.24086E-2 7.32637E-2 7.00814E-2 -9999 -9999 -9999 -9999 -9999 1.85736E-1 5.71385E-1 5.41294E-1 3.72726E-1 2.17414E-1 1.53888E-1 -9999 -9999 -9999 -9999 -9999 -9999 -9999 -9999 -9999 -9999 -9999 -9999 -9999 7.51859E-2 2.07124E-1 2.22167E-1 1.24668E-1 1.22584E-1 1.47963E-1 1.82076E-1 2.19185E-1 1.33514E-1 2.71135E-1 5.85752E-1 6.17025E-1 6.94038E-1 6.59286E-1 2.25028E-1 3.51969E-1 2.77466E-1 -9999 -9999 2.61224E-1 1.80639E-1 2.36618E-1 4.17615E-1 5.47483E-1 4.22567E-1 1.43156E-1 8.74854E-2 4.82795E-2 2.41412E-2 2.129E-2 4.66454E-2 2.26313E-2
1.59455E-1 1.94645E-1 2.45667E-1 3.723E-1 2.90358E-1 1.42756E-1 3.17511E-1 2.56603E-1 1.82976E-1 1.5245E-1 1.67031E-1 -9999 -9999 -9999 -9999 -9999 2.20993E-1 1.8856E-1 7.5905E-1 8.24347E-1 5.81441E-1 2.43594E-1 3.15648E-1 -9999 -9999 -9999 -9999 -9999 -9999 -9999 -9999 -9999 -9999 -9999 -9999 1.23683E-1 1.70651E-1 2.13306E-1 2.05176E-1 1.48871E-1 1.44643E-1 1.53443E-1 1.34594E-1 2.72325E-1 4.69363E-1 5.84218E-1 7.86825E-1 7.35182E-1 5.18687E-1 2.9738E-1 5.71123E-1 -9999 -9999 -9999 2.59671E-1 2.14442E-1 2.98639E-1 8.24098E-1 4.97596E-1 2.92355E-1 2.53779E-1 8.57736E-2 9.84718E-2 1.00696E-2 4.875E-2 6.13137E-2 3.91991E-2
1.99271E-1 2.10856E-1 2.8434E-1 2.60477E-1 3.16758E-1 2.44381E-1 3.31466E-1 2.07439E-1 2.36323E-1 2.76372E-1 2.56119E-1 -9999 -9999 -9999 -9999 -9999 2.28216E-1 3.11462E-1 1.89554E-1 5.68517E-1 7.9687E-1 4.94572E-1 4.44708E-1 -9999 -9999 -9999 -9999 -9999 -9999 -9999 -9999 -9999 -9999 -9999 -9999 6.32721E-2 1.16225E-1 1.35961E-1 1.99834E-1 1.04002E-1 2.0674E-1 2.06442E-1 3.11274E-1 2.74464E-1 5.34724E-1 7.77966E-1 6.63141E-1 6.31668E-1 5.41916E-1 2.576E-1 3.54966E-1 -9999 -9999 -9999 2.29387E-1 2.79664E-1 5.56898E-1 7.28165E-1 5.64022E-1 3.81929E-1 2.66205E-1 8.45659E-2 7.78772E-3 4.8585E-2 1.58303E-2 7.0076E-2 4.56521E-2
2.61666E-1 2.34842E-1 2.65778E-1 3.13203E-1 2.23361E-1 2.30915E-1 2.91492E-1 3.4624E-1 4.29016E-1 2.96843E-1 3.34681E-1 -9999 -9999 -9999 -9999 -9999 1.05135E-1 9.62391E-2 2.11495E-1 2.68072E-1 4.92247E-1 4.48762E-1 4.65158E-1 -9999 -9999 -9999 -9999 -9999 -9999 -9999 -9999 -9999 -9999 -9999 -9999 1.13759E-1 1.3132E-1 9.59704E-2 1.42578E-1 1.24485E-1 2.80309E-1 2.91863E-1 4.61814E-1 4.02816E-1 4.10601E-1 7.60469E-1 6.6157E-1 5.10946E-1 6.01528E-1 2.87435E-1 -9999 -9999 -9999 5.6254E-1 3.32186E-1 4.18368E-1 3.48206E-1 4.65943E-1 5.10715E-1 4.44025E-1 3.29827E-1 2.88583E-2 6.41063E-3 6.0658E-2 4.35089E-2 5.26497E-2 3.36344E-2
-9999 2.0962E-1 2.65705E-1 3.10913E-1 3.21233E-1 2.3216E-1 2.96518E-1 2.11285E-1 5.30343E-1 4.6915E-1 3.34349E-1 -9999 -9999 -9999 -9999 -9999 9.4959E-2 9.79606E-2 1.51614E-1 2.59306E-1 2.45356E-1 3.53088E-1 2.49594E-1 -9999 -9999 -9999 -9999 -9999 -9999 1.40651E-1 -9999 -9999 -9999 -9999 -9999 -9999 1.09061E-1 3.11173E-2 9.30983E-2 1.34129E-1 2.67036E-1 3.59692E-1 4.94742E-1 4.13394E-1 3.88844E-1 7.6479E-1 5.80184E-1 4.44868E-1 3.88554E-1 5.37051E-1 -9999 -9999 -9999 4.11039E-1 3.24044E-1 3.90456E-1 4.14329E-1 3.98078E-1 3.3889E-1 3.82803E-1 1.89786E-1 9.29531E-3 5.92138E-3 5.58337E-2 1.73993E-2 7.26656E-2 7.46771E-2
-9999 -9999 3.4394E-1 3.89946E-1 3.4048E-1 2.28108E-1 2.47335E-1 2.22204E-1 3.51769E-1 4.61155E-1 3.8467E-1 -9999 -9999 -9999 -9999 -9999 8.47952E-2 7.20906E-2 1.26388E-1 2.62198E-1 3.39602E-1 3.9351E-1 4.36425E-1 -9999 -9999 -9999 -9999 -9999 -9999 1.17121E-1 1.31472E-1 -9999 -9999 -9999 1.28099E-1 -9999 1.33564E-1 5.26174E-2 1.35627E-1 1.71928E-1 3.44074E-1 3.42115E-1 3.67097E-1 5.56492E-1 3.7253E-1 5.28437E-1 4.75555E-1 3.82901E-1 5.59431E-1 8.28448E-1 -9999 -9999 8.15245E-1 7.3673E-1 4.91168E-1 3.64301E-1 3.73236E-1 5.57656E-1 4.45639E-1 3.43834E-1 9.87438E-2 1.07206E-3 2.22802E-2 5.52926E-2 5.69481E-3 5.94832E-2 5.36442E-2
-9999 -9999 3.82233E-1 3.80762E-1 3.85409E-1 2.31393E-1 2.77974E-1 3.69805E-1 3.74548E-1 6.54243E-1 5.58549E-1 -9999 -9999 -9999 -9999 -9999 6.52811E-2 1.15083E-1 9.85809E-2 2.26742E-1 4.48647E-1 6.11863E-1 5.69414E-1 -9999 -9999 -9999 -9999 -9999 -9999 2.32761E-1 2.00879E-1 -9999 -9999 -9999 2.05534E-1 2.25647E-1 2.21492E-1 2.61368E-1 3.07602E-1 5.05034E-1 4.3334E-1 3.79632E-1 4.86129E-1 5.58659E-1 7.06111E-1 4.85039E-1 4.68054E-1 6.75039E-1 8.60608E-1 7.73472E-1 8.28497E-1 7.15506E-1 6.65513E-1 7.13927E-1 4.1505E-1 1.12809E-1 2.14181E-1 1.69166E-1 2.79897E-1 2.88164E-1 1.75121E-1 3.73095E-2 1.04575E-3 1.47222E-2 1.64168E-2 4.98421E-2 6.43601E-2
-9999 -9999 -9999 2.52188E-1 2.97212E-1 3.45534E-1 2.00077E-1 2.21358E-1 2.81416E-1 4.89032E-1 2.86745E-1 2.5267E-1 -9999 -9999 -9999 2.22301E-1 1.85207E-1 1.73348E-1 1.63902E-1 2.69185E-1 3.68713E-1 7.57808E-1 5.16344E-1 4.88424E-1 -9999 -9999 -9999 -9999 -9999 1.91248E-1 2.50788E-1 2.45404E-1 -9999 -9999 2.08315E-1 2.53824E-1 3.50716E-1 2.69469E-1 3.3096E-1 4.30659E-1 4.48046E-1 4.94526E-1 4.17611E-1 3.83147E-1 5.6448E-1 4.42168E-1 4.19452E-1 4.551E-1 7.99747E-1 8.84874E-1 7.93614E-1 7.5625E-1 7.74008E-1 8.07034E-1 6.41933E-1 2.44716E-1 1.06671E-1 1.93389E-1 1.90619E-1 1.27417E-1 7.54025E-2 9.53692E-2 1.02088E-2 1.33741E-2 6.6155E-3 2.51893E-2 5.82299E-2
-9999 -9999 -9999 2.4485E-1 2.83859E-1 2.55511E-1 3.18551E-1 2.17237E-1 3.82023E-1 3.9062E-1 3.66425E-1 2.59481E-1 -9999 -9999 -9999 1.95703E-1 9.90661E-2 7.13939E-2 1.12831E-1 2.30004E-1 4.88609E-1 6.11669E-1 4.83639E-1 3.53266E-1 -9999 -9999 -9999 -9999 -9999 3.43243E-1 3.16904E-1 1.89728E-1 -9999 -9999 2.60792E-1 3.17685E-1 3.01605E-1 3.69141E-1 4.0218E-1 3.04607E-1 2.96197E-1 4.37241E-1 4.37186E-1 5.24661E-1 6.057E-1 6.00113E-1 7.66627E-1 4.04335E-1 8.35032E-1 8.65423E-1 6.25561E-1 6.91863E-1 6.99889E-1 4.80167E-1 5.41249E-1 4.04944E-1 2.33527E-1 1.59954E-1 1.81046E-1 2.60552E-1 2.06388E-1 9.74175E-2 1.07781E-3 7.52122E-3 5.87134E-3 5.0924E-2 4.40373E-2
-9999 -9999 -9999 -9999 3.53631E-1 3.73656E-1 2.63485E-1 2.22545E-1 3.14641E-1 4.26471E-1 4.50831E-1 3.83802E-1 3.57484E-1 -9999 -9999 1.45899E-1 1.15652E-1 2.15262E-1 9.87631E-2 2.21295E-1 3.83031E-1 5.01006E-1 6.81874E-1 5.10483E-1 -9999 -9999 -9999 -9999 -9999 -9999 2.75078E-1 2.71063E-1 2.2912E-1 1.19354E-1 1.86813E-1 2.65029E-1 2.58178E-1 2.52062E-1 3.75398E-1 5.36807E-1 2.56522E-1 2.32436E-1 2.61405E-1 2.97858E-1 4.15447E-1 4.76279E-1 5.35729E-1 7.5762E-1 8.75225E-1 6.99666E-1 5.92756E-1 7.09451E-1 5.25784E-1 7.20523E-1 6.11594E-1 5.29283E-1 2.51346E-1 1.53738E-1 1.22863E-1 1.16317E-1 1.04457E-1 4.98691E-2 6.03617E-4 2.39715E-2 1.21973E-2 4.58558E-2 1.69135E-1
4.54031E-1 -9999 -9999 -9999 -9999 3.36635E-1 2.65362E-1 3.00629E-1 3.91146E-1 3.39764E-1 4.26769E-1 3.48215E-1 4.35979E-1 -9999 -9999 2.31262E-1 2.19695E-1 4.07568E-1 2.28089E-1 1.6636E-1 3.33121E-1 3.31965E-1 6.00029E-1 5.89139E-1 3.98449E-1 -9999 -9999 -9999 -9999 -9999 3.40894E-1 1.87604E-1 3.43088E-1 2.91862E-1 2.18511E-1 2.49434E-1 1.6147E-1 2.45064E-1 2.29985E-1 4.74993E-1 2.85955E-1 2.84319E-1 2.26989E-1 2.68795E-1 4.38513E-1 4.74815E-1 5.0582E-1 6.71668E-1 7.52669E-1 7.76379E-1 4.92743E-1 4.77795E-1 6.47033E-1 5.00208E-1 5.16002E-1 4.96397E-1 2.42389E-1 1.56599E-1 9.41711E-2 2.91181E-2 3.33771E-3 4.86704E-3 2.92399E-3 5.54705E-3 3.26087E-2 2.26101E-2 9.42248E-2
4.22112E-1 5.88161E-1 -9999 -9999 -9999 3.9472E-1 3.06721E-1 3.47493E-1 3.44618E-1 3.22532E-1 5.1698E-1 2.38713E-1 4.26208E-1 4.20089E-1 3.61313E-1 3.31206E-1 5.03802E-1 5.16348E-1 2.53107E-1 1.57348E-1 2.85692E-1 3.77821E-1 4.33926E-1 4.26275E-1 4.82485E-1 -9999 -9999 -9999 -9999 -9999 3.14988E-1 2.24048E-1 1.9143E-1 2.17789E-1 2.09065E-1 1.83676E-1 1.81833E-1 1.75021E-1 2.01953E-1 4.88276E-1 4.46198E-1 2.26285E-1 2.59422E-1 2.76615E-1 2.99532E-1 4.49576E-1 4.88922E-1 5.91212E-1 5.88588E-1 6.33787E-1 5.02026E-1 5.13483E-1 6.5803E-1 3.997E-1 4.82908E-1 2.34328E-1 2.47169E-1 1.23E-1 9.7189E-2 1.56486E-2 1.16246E-3 1.5919E-3 5.90163E-3 2.04029E-2 3.45181E-2 1.86556E-2 9.88244E-2
3.64714E-1 4.42384E-1 3.82655E-1 -9999 -9999 4.1971E-1 3.65943E-1 2.56588E-1 3.70708E-1 2.94524E-1 3.3542E-1 2.77445E-1 3.71523E-1 4.73095E-1 5.73854E-1 4.23201E-1 2.73624E-1 5.18907E-1 2.31629E-1 1.6765E-1 1.9076E-1 2.61271E-1 2.43056E-1 2.83253E-1 -9999 -9999 -9999 -9999 -9999 -9999 1.80601E-1 1.64507E-1 2.00037E-1 3.22588E-1 2.85555E-1 3.15116E-1 3.7007E-1 3.83563E-1 3.46016E-1 4.95057E-1 4.8301E-1 4.98796E-1 3.28712E-1 2.68086E-1 2.88395E-1 3.44354E-1 4.47373E-1 4.96331E-1 4.82923E-1 4.00055E-1 4.5119E-1 3.98259E-1 5.29793E-1 4.37385E-1 5.45548E-1 4.04654E-1 3.00178E-1 1.63236E-1 1.11815E-1 6.79981E-2 7.57945E-4 5.87013E-3 1.19032E-2 3.31255E-2 2.91083E-2 2.36572E-2 3.90373E-2
3.45884E-1 2.76893E-1 2.57843E-1 -9999 -9999 3.44077E-1 3.31095E-1 3.77537E-1 3.19534E-1 3.08857E-1 4.01208E-1 3.61436E-1 2.0632E-1 2.67325E-1 3.61342E-1 2.75168E-1 2.43104E-1 3.39835E-1 2.44272E-1 2.91264E-1 1.16855E-1 1.59113E-1 1.72004E-1 3.97412E-1 -9999 -9999 -9999 3.72183E-1 -9999 -9999 1.38575E-1 1.2234E-1 1.17677E-1 3.29967E-1 4.77173E-1 5.66722E-1 5.64306E-1 3.83576E-1 3.80651E-1 5.51198E-1 4.64308E-1 6.34013E-1 6.13315E-1 5.84508E-1 3.22423E-1 3.3084E-1 3.23762E-1 4.29109E-1 5.83479E-1 5.51553E-1 4.02924E-1 3.21973E-1 2.04513E-1 3.47927E-1 4.27234E-1 4.09269E-1 1.7041E-1 1.06702E-1 7.85024E-2 5.19159E-2 1.262E-2 3.87589E-2 7.25643E-2 1.66102E-1 6.19589E-2 7.44889E-2 1.90253E-1
3.60175E-1 3.42627E-1 3.2445E-1 2.05687E-1 2.83103E-1 2.67667E-1 3.57829E-1 3.22543E-1 2.70852E-1 2.99614E-1 2.96854E-1 2.89783E-1 1.8246E-1 3.33861E-1 3.39341E-1 3.68843E-1 4.01684E-1 3.52732E-1 2.95332E-1 2.24873E-1 1.44792E-1 1.17217E-1 2.10289E-1 2.40493E-1 2.04591E-1 -9999 3.55862E-1 3.30538E-1 -9999 -9999 3.0878E-1 1.81397E-1 1.07791E-1 1.19508E-1 2.3467E-1 4.32291E-1 4.02228E-1 4.27165E-1 3.45361E-1 5.40639E-1 4.11562E-1 5.74949E-1 6.82451E-1 8.20632E-1 4.87326E-1 4.50368E-1 4.98406E-1 6.27894E-1 6.39084E-1 5.98113E-1 7.59653E-1 4.30335E-1 1.89524E-1 2.67612E-1 1.65736E-1 2.04675E-1 1.92237E-1 1.25238E-1 1.74475E-1 1.23404E-1 1.33889E-2 7.0992E-2 1.04683E-1 1.28692E-1 1.6064E-1 1.96027E-1 1.71203E-1
3.90631E-1 4.95238E-1 3.06065E-1 2.20605E-1 3.29139E-1 3.42365E-1 2.73202E-1 2.54155E-1 2.41227E-1 2.95003E-1 2.68373E-1 2.56261E-1 3.59491E-1 4.7206E-1 4.54705E-1 5.4175E-1 5.07205E-1 3.12111E-1 2.71061E-1 3.71097E-1 3.22312E-1 7.20733E-2 5.91922E-2 1.18455E-1 1.52135E-1 -9999 2.16223E-1 3.3553E-1 4.22573E-1 2.94044E-1 5.43775E-1 2.94004E-1 2.62718E-1 2.5232E-1 2.72098E-1 3.59876E-1 4.28258E-1 5.32962E-1 4.68186E-1 4.34027E-1 2.7146E-1 4.11428E-1 7.15471E-1 8.66713E-1 4.12102E-1 2.53516E-1 3.68215E-1 4.2474E-1 5.50001E-1 6.12121E-1 6.67787E-1 4.57737E-1 1.72195E-1 3.39669E-1 3.21795E-1 2.0475E-1 1.92781E-1 2.04878E-1 1.037E-1 9.49439E-2 9.7789E-2 1.41036E-1 1.72215E-1 9.58799E-2 8.80125E-2 1.03504E-1 2.84256E-2
2.93438E-1 2.93185E-1 3.62529E-1 2.0814E-1 2.43072E-1 3.25601E-1 2.2275E-1 3.20397E-1 3.46771E-1 2.6559E-1 1.89409E-1 2.22841E-1 4.67612E-1 4.56342E-1 4.45587E-1 5.10681E-1 3.55333E-1 2.48093E-1 4.55254E-1 3.86887E-1 3.15943E-1 1.53951E-1 6.06543E-2 7.00073E-2 7.1745E-2 7.28502E-2 1.50789E-1 2.89361E-1 4.2356E-1 3.72217E-1 4.05658E-1 5.00576E-1 1.83008E-1 2.12149E-1 2.46042E-1 4.1748E-1 4.15725E-1 4.96894E-1 4.38819E-1 4.6535E-1 4.65825E-1 5.7347E-1 7.48418E-1 5.74685E-1 3.13932E-1 2.57674E-1 3.85304E-1 4.98885E-1 5.21335E-1 5.67585E-1 6.20023E-1 4.46889E-1 3.44703E-1 2.12711E-1 1.55629E-1 1.17384E-1 1.31279E-1 1.51603E-1 1.24435E-1 5.75459E-2 1.02326E-1 1.18932E-1 1.67197E-1 2.5998E-2 2.44315E-2 7.7848E-2 3.49951E-2
2.39418E-1 2.21161E-1 2.96928E-1 2.96382E-1 1.90854E-1 1.79561E-1 3.02179E-1 3.1978E-1 2.45164E-1 2.42736E-1 2.0791E-1 1.53585E-1 3.48305E-1 3.89844E-1 4.09271E-1 5.06122E-1 4.25383E-1 3.35759E-1 3.25297E-1 3.14838E-1 2.03598E-1 2.23184E-1 1.32724E-1 6.5243E-2 3.39077E-2 7.5193E-2 8.75464E-2 1.43253E-1 3.97733E-1 5.23081E-1 2.44646E-1 3.99974E-1 1.83849E-1 3.00773E-1 1.76676E-1 3.50112E-1 5.55767E-1 3.92333E-1 4.7615E-1 4.58043E-1 6.21006E-1 6.26538E-1 8.29426E-1 3.46436E-1 2.78228E-1 3.09188E-1 3.91813E-1 4.10429E-1 3.39964E-1 4.76475E-1 5.29451E-1 2.49076E-1 1.98218E-1 1.50334E-1 1.08542E-1 5.95321E-2 4.68037E-2 1.1662E-1 1.04758E-1 8.68698E-2 4.70718E-2 6.79087E-2 1.34719E-1 1.26818E-1 3.56791E-2 5.63695E-2 4.69537E-2
2.99084E-1 2.18111E-1 2.70905E-1 3.07484E-1 2.34819E-1 2.1097E-1 2.32793E-1 2.71929E-1 2.75378E-1 3.16006E-1 2.72565E-1 1.36191E-1 1.56154E-1 2.63502E-1 3.19134E-1 5.87304E-1 5.62194E-1 4.19202E-1 2.86145E-1 2.08428E-1 1.80713E-1 2.60218E-1 2.64766E-1 1.32987E-1 6.01351E-2 5.62291E-2 3.81803E-2 5.18086E-2 2.498E-1 4.39555E-1 2.91541E-1 3.72568E-1 4.20826E-1 3.41709E-1 1.67016E-1 3.13433E-1 5.0858E-1 5.0483E-1 3.69565E-1 3.01397E-1 4.97273E-1 5.31017E-1 7.66237E-1 3.53054E-1 2.88143E-1 2.39222E-1 2.30435E-1 2.27859E-1 1.95395E-1 3.55455E-1 4.80834E-1 1.98058E-1 2.48029E-1 1.38565E-1 9.76859E-2 5.03531E-2 1.76833E-2 3.68882E-2 3.26714E-2 7.60801E-2 1.20465E-1 8.89748E-2 1.60192E-1 8.68072E-2 1.32291E-2 2.32325E-2 3.68201E-2
2.03083E-1 2.47717E-1 2.17149E-1 2.78963E-1 3.34726E-1 2.25226E-1 2.64144E-1 3.69692E-1 2.78436E-1 2.43667E-1 2.26104E-1 1.97934E-1 1.0109E-1 1.8917E-1 3.10354E-1 5.11643E-1 4.88944E-1 3.86735E-1 3.3632E-1 1.65767E-1 1.53501E-1 3.30162E-1 3.89462E-1 4.07513E-1 1.72815E-1 6.78389E-2 2.13825E-2 4.96377E-2 1.0091E-1 4.11349E-1 3.77311E-1 1.90792E-1 2.26913E-1 3.719E-1 1.60367E-1 3.7557E-1 4.46713E-1 4.04165E-1 2.76368E-1 3.28647E-1 7.16411E-1 7.96084E-1 5.66418E-1 5.12183E-1 3.96694E-1 3.15899E-1 2.70516E-1 2.36653E-1 3.30216E-1 1.56286E-1 2.47112E-1 2.3441E-1 1.6974E-1 2.37688E-1 7.09412E-2 4.44056E-2 4.84482E-3 1.56053E-3 3.97472E-2 2.5718E-2 2.58369E-2 3.0074E-2 7.44152E-2 1.49527E-2 1.8627E-2 2.36115E-2 1.29392E-2
