ENM/Final_Models/M_2_F_q_Set_1_EC/Gustavia_santanderiensis_3_Choco.asc
ncols         367
nrows         963
xllcorner     -78.6
yllcorner     0.65
cellsize      0.00833333333333323
NODATA_value  -9999
[rows 270 to 299 of 963, columns 134 to 200 of 367]
-9999 -9999 -9999 -9999 -9999 -9999 -9999 -9999 -9999 -9999 -9999 -9999 -9999 8.55956E-1 2.05678E-1 1.66665E-1 9.45929E-2 6.37098E-2 1.43811E-2 2.88715E-2 1.34623E-2 3.33436E-2 7.43339E-2 1.1952E-1 1.66689E-1 3.19031E-1 1.69559E-1 2.89959E-1 8.65826E-2 1.65749E-1 6.14208E-2 5.50859E-2 8.92756E-2 2.4159E-1 1.63103E-1 4.09441E-1 3.78902E-1 4.00247E-1 3.57341E-1 4.2958E-1 5.62864E-1 6.49294E-1 7.96021E-1 8.63274E-1 9.06744E-1 8.57785E-1 8.00432E-1 8.81392E-1 9.13251E-1 9.29317E-1 9.0851E-1 8.65788E-1 8.84956E-1 9.27506E-1 9.19817E-1 8.07941E-1 8.22217E-1 8.90036E-1 8.71025E-1 9.03517E-1 8.37669E-1 8.52754E-1 9.1641E-1 8.9753E-1 9.42765E-1 9.15447E-1 9.6898E-1
-9999 -9999 -9999 -9999 -9999 -9999 -9999 -9999 -9999 -9999 -9999 -9999 -9999 -9999 3.2325E-1 1.55959E-1 9.33048E-2 5.2558E-2 2.37097E-2 3.59662E-2 8.51368E-2 5.59654E-2 6.50428E-2 6.5695E-2 1.57696E-1 1.43379E-1 2.82812E-1 3.28478E-1 1.33072E-1 1.25028E-1 1.03439E-1 1.74704E-1 2.4751E-1 5.14429E-1 3.75661E-1 3.05254E-1 4.05374E-1 6.51236E-1 6.69146E-1 6.82099E-1 6.30311E-1 6.78129E-1 7.22344E-1 8.62432E-1 9.27444E-1 8.33162E-1 7.16598E-1 7.81236E-1 8.29129E-1 8.60193E-1 9.30533E-1 9.31656E-1 8.67462E-1 8.60952E-1 8.24738E-1 8.23915E-1 8.13369E-1 7.48803E-1 8.53186E-1 8.63163E-1 8.5616E-1 9.09286E-1 9.46307E-1 9.54761E-1 9.13774E-1 9.27594E-1 9.56983E-1
-9999 -9999 -9999 -9999 -9999 -9999 -9999 -9999 -9999 -9999 -9999 -9999 -9999 -9999 -9999 3.67082E-1 2.02278E-1 1.2354E-1 1.07432E-1 6.20706E-2 8.28522E-2 1.0937E-1 8.38727E-2 8.2277E-2 1.06785E-1 9.04275E-2 7.35635E-2 1.52707E-1 2.28575E-1 2.92181E-1 2.18106E-1 2.47715E-1 2.95662E-1 2.67327E-1 2.57079E-1 1.75092E-1 1.45825E-1 4.26776E-1 7.19369E-1 7.33874E-1 7.86551E-1 5.57897E-1 7.22926E-1 8.06682E-1 8.12993E-1 8.52828E-1 6.82394E-1 5.72183E-1 7.58285E-1 8.81392E-1 8.27928E-1 8.89645E-1 8.68021E-1 8.4035E-1 8.0363E-1 7.6151E-1 7.89948E-1 8.98711E-1 8.20393E-1 9.08606E-1 9.15E-1 9.25593E-1 9.3503E-1 9.4642E-1 9.61822E-1 9.60975E-1 9.53378E-1
-9999 -9999 -9999 -9999 -9999 -9999 -9999 -9999 -9999 -9999 -9999 -9999 -9999 -9999 -9999 5.06174E-1 3.57643E-1 2.36298E-1 7.98807E-2 3.57786E-2 4.98261E-2 7.92399E-2 1.82198E-1 5.24957E-2 1.14256E-1 6.17971E-2 8.78223E-2 1.40931E-1 3.43002E-1 4.59685E-1 3.70771E-1 2.5111E-1 2.06258E-1 3.67958E-1 3.17512E-1 1.35096E-1 3.76626E-1 1.90283E-1 2.31227E-1 2.97879E-1 6.76269E-1 5.04062E-1 6.59452E-1 8.13112E-1 7.29471E-1 6.80541E-1 6.05497E-1 6.17606E-1 6.97345E-1 7.65178E-1 8.66744E-1 8.63618E-1 8.19231E-1 7.77199E-1 9.31889E-1 8.40997E-1 7.52783E-1 8.63402E-1 7.59482E-1 8.66801E-1 8.83777E-1 9.15095E-1 9.3447E-1 9.13699E-1 9.26893E-1 9.70649E-1 9.73414E-1
-9999 -9999 -9999 -9999 -9999 -9999 -9999 -9999 -9999 3.84737E-2 6.51073E-2 -9999 4.97646E-1 -9999 4.60829E-1 5.22863E-1 3.70876E-1 1.5414E-1 1.38261E-1 1.05295E-1 4.49352E-2 3.24658E-2 4.5462E-2 3.77234E-2 2.21064E-1 6.2978E-2 6.49619E-2 9.68797E-2 1.35814E-1 1.87737E-1 2.58691E-1 4.33016E-1 4.97024E-1 4.61774E-1 1.33064E-1 2.25171E-1 2.69112E-1 1.78792E-1 2.84371E-1 3.50829E-1 2.99112E-1 4.91871E-1 6.39584E-1 7.66797E-1 6.20878E-1 4.51143E-1 5.52316E-1 7.05662E-1 7.22663E-1 8.25888E-1 8.57234E-1 7.58258E-1 6.70156E-1 7.2968E-1 8.66097E-1 8.03511E-1 7.66476E-1 8.32218E-1 7.95822E-1 8.38818E-1 8.02105E-1 8.82453E-1 8.42794E-1 8.78117E-1 9.22308E-1 9.54319E-1 9.41E-1
-9999 -9999 -9999 -9999 -9999 -9999 -9999 -9999 -9999 -9999 6.7409E-2 2.05033E-1 4.15817E-1 3.81997E-1 4.19548E-1 5.36947E-1 2.77671E-1 1.20216E-1 7.78584E-2 8.29994E-2 6.02749E-2 1.60231E-2 1.74028E-2 2.75612E-2 1.34165E-1 6.72981E-2 6.42554E-2 1.19797E-1 7.54145E-2 2.42024E-1 3.1508E-1 2.55009E-1 3.14938E-1 4.46217E-1 4.21776E-1 3.53673E-1 3.10046E-1 2.50312E-1 1.01801E-1 1.21306E-1 1.80277E-1 3.81497E-1 5.5422E-1 6.90835E-1 5.37685E-1 4.29823E-1 5.09025E-1 5.85933E-1 7.35142E-1 7.54389E-1 8.36098E-1 7.71621E-1 8.60608E-1 8.38906E-1 8.04424E-1 7.22584E-1 6.90675E-1 7.48386E-1 8.59153E-1 8.76772E-1 8.95122E-1 8.86946E-1 8.94539E-1 8.87161E-1 8.47356E-1 9.13858E-1 9.14089E-1
-9999 -9999 -9999 -9999 -9999 -9999 -9999 -9999 -9999 -9999 -9999 3.01944E-1 3.11399E-1 2.83209E-1 4.05136E-1 3.37806E-1 3.76744E-1 1.54672E-1 8.17779E-2 3.48994E-2 2.76897E-2 2.17115E-2 9.42835E-3 7.33225E-3 3.79216E-2 4.02295E-2 5.48868E-2 1.51623E-1 6.46038E-2 1.3875E-1 5.40078E-1 4.24539E-1 1.4209E-1 3.01584E-1 2.80918E-1 4.93341E-1 5.85003E-1 3.03284E-1 3.11814E-1 2.02002E-1 2.15274E-1 3.18551E-1 2.55543E-1 3.57772E-1 3.31104E-1 4.78772E-1 3.67497E-1 4.06038E-1 6.95348E-1 8.20248E-1 8.23524E-1 7.79436E-1 7.33649E-1 8.11189E-1 8.78655E-1 6.34124E-1 7.62009E-1 8.68877E-1 8.67391E-1 9.15051E-1 9.15318E-1 9.37798E-1 9.06207E-1 8.98121E-1 8.08418E-1 9.22662E-1 9.39397E-1
-9999 -9999 -9999 -9999 -9999 -9999 -9999 -9999 -9999 -9999 -9999 -9999 -9999 2.16259E-1 4.36067E-1 4.31506E-1 3.72573E-1 5.28679E-1 4.13339E-1 2.51865E-1 9.4395E-2 9.51363E-2 4.41724E-2 5.8201E-2 7.17092E-2 8.78334E-2 1.80181E-1 3.723E-1 3.30396E-1 4.79829E-1 5.85E-1 1.89047E-1 1.33195E-1 1.88796E-1 6.10956E-1 2.30362E-1 4.37807E-1 5.39774E-1 2.20618E-1 2.9764E-1 1.47069E-1 1.55917E-1 4.28194E-1 3.0264E-1 1.15332E-1 1.46654E-1 4.77179E-1 4.9257E-1 5.77708E-1 7.16639E-1 7.65959E-1 7.47921E-1 8.53162E-1 8.99864E-1 8.76963E-1 6.92818E-1 5.62646E-1 7.90567E-1 6.17155E-1 8.20813E-1 8.95432E-1 9.469E-1 9.53079E-1 9.46527E-1 9.32942E-1 9.05923E-1 9.21048E-1
-9999 -9999 -9999 -9999 -9999 -9999 -9999 -9999 -9999 -9999 -9999 -9999 -9999 -9999 3.50609E-1 3.65483E-1 3.90825E-1 4.26145E-1 1.91829E-1 5.06474E-2 4.42627E-2 1.22061E-1 6.71002E-2 1.60919E-1 1.14235E-1 1.49978E-1 1.5617E-1 2.94531E-1 3.7212E-1 5.10356E-1 1.99991E-1 4.6873E-2 2.16728E-2 4.25414E-2 1.26616E-1 1.82288E-1 2.81902E-1 4.95114E-1 6.37266E-1 3.52802E-1 2.65625E-1 2.21701E-1 3.45589E-1 3.13764E-1 2.20634E-1 4.16533E-1 6.05593E-1 5.30392E-1 6.18203E-1 7.14291E-1 7.91963E-1 7.85487E-1 8.51661E-1 8.5325E-1 9.06116E-1 7.16275E-1 6.30683E-1 6.91418E-1 7.78256E-1 8.90729E-1 8.82821E-1 8.46364E-1 9.28038E-1 9.20391E-1 9.09154E-1 9.02171E-1 9.39397E-1
-9999 -9999 -9999 -9999 -9999 -9999 -9999 -9999 -9999 -9999 -9999 -9999 -9999 -9999 2.90256E-1 3.37252E-1 3.54769E-1 2.88071E-1 8.3497E-2 3.24945E-2 1.88422E-2 6.08105E-2 8.4152E-2 7.01683E-2 2.11008E-1 3.03136E-1 3.48871E-1 3.71033E-1 1.87293E-1 2.85399E-1 1.09947E-1 3.67449E-2 4.81255E-2 5.06057E-2 1.69025E-1 1.58339E-1 3.62809E-1 4.61514E-1 7.08097E-1 3.46482E-1 4.61488E-1 2.38153E-1 3.63135E-1 4.30009E-1 3.28417E-1 4.37452E-1 6.21702E-1 7.66964E-1 7.82891E-1 6.73045E-1 7.22259E-1 8.23641E-1 7.93038E-1 8.47502E-1 8.71491E-1 7.02834E-1 5.61963E-1 5.95264E-1 8.46836E-1 8.54526E-1 7.89876E-1 7.89914E-1 8.67068E-1 8.69312E-1 9.4077E-1 9.56808E-1 9.30523E-1
-9999 -9999 -9999 -9999 -9999 -9999 -9999 -9999 -9999 -9999 -9999 -9999 -9999 2.74016E-1 2.45914E-1 3.2657E-1 3.46757E-1 2.17896E-1 5.48526E-2 2.26668E-2 1.92869E-2 1.90277E-2 2.75754E-2 1.24957E-1 1.28031E-1 3.09427E-1 1.89602E-1 3.50527E-1 2.23282E-1 1.80462E-1 1.14238E-1 7.88754E-2 7.56168E-2 1.2433E-1 2.89157E-1 2.98394E-1 3.07232E-1 2.63481E-1 7.11038E-1 4.98727E-1 4.1872E-1 4.86207E-1 4.20786E-1 4.34355E-1 5.29376E-1 6.53273E-1 7.88454E-1 8.76713E-1 8.91302E-1 7.63505E-1 6.88067E-1 7.19493E-1 8.51962E-1 8.80245E-1 8.82415E-1 8.23632E-1 5.80779E-1 7.00264E-1 7.57148E-1 8.01728E-1 7.92215E-1 8.70732E-1 9.04229E-1 8.98518E-1 9.0717E-1 9.49606E-1 9.47995E-1
-9999 -9999 -9999 -9999 -9999 -9999 -9999 -9999 -9999 -9999 -9999 -9999 -9999 4.17778E-1 4.9949E-1 1.84319E-1 2.74618E-1 2.46184E-1 5.26199E-2 2.19146E-2 3.34803E-2 2.78925E-2 1.53184E-2 4.27004E-2 6.91742E-2 8.91098E-2 8.40079E-2 1.07022E-1 1.85635E-1 1.01841E-1 1.37756E-1 1.13455E-1 6.69548E-2 7.45352E-2 8.66903E-2 1.2356E-1 1.70179E-1 2.4279E-1 2.57688E-1 4.20055E-1 5.21597E-1 6.64792E-1 6.49042E-1 5.71228E-1 5.91488E-1 7.45811E-1 7.47807E-1 8.1666E-1 8.4364E-1 8.77891E-1 7.48635E-1 7.96278E-1 8.69566E-1 8.46577E-1 7.14089E-1 8.30711E-1 5.99424E-1 7.01048E-1 6.42533E-1 6.93451E-1 7.54809E-1 7.12337E-1 8.74871E-1 6.88756E-1 8.57975E-1 8.56451E-1 9.29817E-1
-9999 -9999 -9999 -9999 -9999 -9999 -9999 -9999 -9999 -9999 -9999 -9999 -9999 3.62014E-1 2.29721E-1 8.66084E-2 1.90387E-1 6.67182E-2 1.68648E-2 1.94439E-2 1.75881E-2 1.2366E-2 1.42092E-2 1.13928E-2 1.87249E-2 2.75197E-2 1.24853E-2 1.57482E-2 2.33168E-2 7.38075E-2 5.2011E-2 1.63199E-1 6.95751E-2 8.57064E-2 1.0656E-1 1.19115E-1 1.01334E-1 4.04149E-1 4.88283E-1 5.29091E-1 5.89039E-1 5.78354E-1 7.69253E-1 7.70471E-1 3.60766E-1 5.16638E-1 5.90893E-1 7.03072E-1 8.17342E-1 8.19726E-1 7.99935E-1 7.75486E-1 8.56475E-1 7.30072E-1 6.80689E-1 7.02834E-1 5.02288E-1 5.78711E-1 6.9517E-1 4.66162E-1 6.69224E-1 7.90944E-1 8.97852E-1 8.75388E-1 7.67592E-1 7.56719E-1 8.17612E-1
-9999 -9999 -9999 -9999 -9999 -9999 -9999 -9999 -9999 -9999 -9999 -9999 -9999 3.51239E-1 1.85942E-1 6.01226E-2 9.95415E-3 1.13244E-2 2.25309E-2 1.26125E-2 8.06947E-3 4.06321E-3 5.0998E-3 4.74956E-3 9.41468E-3 6.12581E-3 3.24098E-2 4.68132E-2 3.32207E-2 2.79021E-2 2.02478E-2 7.37661E-2 1.23538E-1 4.6976E-2 6.24173E-2 2.63273E-2 1.3725E-1 3.32598E-1 4.38789E-1 5.65055E-1 6.75605E-1 5.72431E-1 4.56446E-1 3.50382E-1 2.20344E-1 4.36894E-1 5.39684E-1 6.43964E-1 7.72705E-1 5.70584E-1 6.66965E-1 7.16072E-1 7.5246E-1 7.13317E-1 4.47719E-1 6.85398E-1 4.88473E-1 5.17509E-1 4.30663E-1 3.10826E-1 4.8737E-1 8.07465E-1 8.02736E-1 7.08068E-1 6.74071E-1 7.21842E-1 7.47065E-1
-9999 -9999 -9999 -9999 -9999 -9999 -9999 -9999 -9999 -9999 -9999 -9999 -9999 1.19495E-1 8.61283E-2 6.19148E-3 5.43262E-3 4.54622E-3 2.42425E-3 1.00008E-2 4.0136E-3 2.27854E-3 3.16702E-3 4.08503E-3 4.63533E-3 1.01221E-2 2.22163E-2 4.54184E-2 5.92585E-2 1.10818E-2 1.51081E-2 7.87537E-2 2.7307E-2 5.79788E-2 7.46257E-2 8.36952E-2 5.54541E-2 4.16849E-1 4.34775E-1 6.36441E-1 5.85036E-1 4.78958E-1 4.33152E-1 6.23158E-1 1.93863E-1 4.08088E-1 3.14582E-1 4.51504E-1 7.44844E-1 4.42307E-1 6.70754E-1 7.04244E-1 7.38163E-1 7.06736E-1 6.25371E-1 5.61107E-1 4.34081E-1 4.51958E-1 3.6028E-1 2.86165E-1 5.62646E-1 7.07461E-1 5.72811E-1 8.28549E-1 6.61734E-1 7.35956E-1 8.864E-1
-9999 -9999 -9999 -9999 -9999 -9999 -9999 -9999 -9999 -9999 -9999 -9999 7.33933E-2 9.5885E-2 2.20977E-2 3.80569E-3 2.41579E-4 8.61848E-4 1.40727E-3 5.20898E-3 3.71082E-3 3.34225E-3 8.32951E-3 1.11869E-2 8.77276E-3 4.15347E-2 4.41656E-2 2.79761E-2 2.52067E-2 1.20322E-2 1.16535E-2 1.51246E-2 5.48015E-2 1.28444E-1 2.00484E-1 3.75158E-1 2.56998E-1 3.85619E-1 3.66023E-1 6.97405E-1 5.67709E-1 3.08793E-1 2.98449E-1 3.44931E-1 5.8071E-1 4.21771E-1 2.86248E-1 4.10209E-1 5.48556E-1 5.257E-1 7.85083E-1 7.75637E-1 6.93329E-1 6.41059E-1 5.26035E-1 3.85426E-1 5.16339E-1 4.90404E-1 3.28802E-1 5.80651E-1 5.60446E-1 5.81863E-1 5.9137E-1 5.45917E-1 5.43792E-1 6.26121E-1 6.13652E-1
-9999 -9999 -9999 -9999 -9999 -9999 -9999 -9999 -9999 -9999 -9999 -9999 1.19653E-1 2.28715E-1 1.576E-2 7.49705E-3 3.86468E-4 6.93268E-4 1.43359E-3 4.77231E-3 2.90755E-3 7.25848E-3 1.8722E-2 1.76171E-2 2.26856E-2 2.3663E-2 4.14614E-2 2.36508E-2 1.14789E-2 6.48787E-3 6.79316E-3 1.66233E-2 5.2467E-2 1.2215E-1 1.66379E-1 2.36553E-1 3.42635E-1 5.4912E-1 4.18033E-1 4.51487E-1 4.44368E-1 2.59715E-1 3.66212E-1 3.25711E-1 4.07441E-1 3.63689E-1 2.54697E-1 3.16687E-1 4.54381E-1 5.91068E-1 7.63658E-1 7.26774E-1 6.60148E-1 6.23368E-1 6.62295E-1 5.95067E-1 4.69875E-1 3.83716E-1 3.97943E-1 8.37954E-1 8.91125E-1 6.32565E-1 7.37406E-1 5.28708E-1 4.06405E-1 4.65039E-1 5.65466E-1
-9999 -9999 4.3124E-3 -9999 -9999 -9999 -9999 -9999 -9999 -9999 -9999 -9999 9.198E-2 9.18998E-2 5.59064E-2 3.11737E-2 2.11355E-3 6.4123E-4 1.84121E-3 1.30118E-3 3.04955E-3 5.6898E-3 9.49411E-3 6.27228E-3 9.19475E-3 1.10883E-2 4.259E-2 2.15784E-2 1.22886E-2 5.24651E-3 7.90166E-3 8.04471E-3 9.9245E-3 3.92066E-2 4.25715E-2 2.89468E-1 1.6804E-1 1.78343E-1 2.24704E-1 4.84895E-1 5.32112E-1 4.61733E-1 3.04339E-1 2.59913E-1 5.03906E-1 2.35066E-1 1.92618E-1 2.36811E-1 4.66048E-1 5.26825E-1 7.71278E-1 7.55996E-1 5.82329E-1 6.6023E-1 7.00819E-1 7.04125E-1 6.28935E-1 4.41925E-1 4.24325E-1 5.23131E-1 5.33208E-1 5.92159E-1 6.65992E-1 5.04296E-1 4.70527E-1 4.7246E-1 4.63656E-1
-9999 -9999 2.70039E-3 3.29206E-3 -9999 -9999 -9999 -9999 -9999 -9999 -9999 -9999 7.23606E-2 2.23449E-1 7.30414E-2 7.34675E-2 5.10111E-3 3.152E-4 5.40871E-4 2.61635E-3 5.75307E-3 2.00889E-3 1.52785E-3 3.10275E-3 2.69478E-3 1.10144E-2 5.16315E-2 2.21045E-2 9.13395E-3 6.33468E-3 2.17198E-2 3.05942E-2 7.26586E-3 7.90023E-2 1.67332E-1 1.52034E-1 1.0541E-1 7.95699E-2 2.80017E-1 4.51076E-1 5.89594E-1 6.18598E-1 4.45824E-1 3.42134E-1 4.67572E-1 3.03075E-1 2.64801E-1 4.01609E-1 4.02024E-1 4.80458E-1 7.53665E-1 5.95554E-1 5.80807E-1 5.9286E-1 6.98223E-1 7.0735E-1 7.278E-1 4.84653E-1 3.47489E-1 5.07139E-1 6.60982E-1 5.77078E-1 6.10269E-1 4.8217E-1 5.85068E-1 5.91067E-1 6.84832E-1
-9999 -9999 1.82686E-3 2.24843E-3 3.23542E-3 1.81228E-3 -9999 -9999 -9999 -9999 -9999 1.53725E-1 2.16796E-1 2.00814E-1 1.21144E-1 7.10152E-2 8.81834E-3 2.05857E-2 1.38304E-3 7.00165E-4 1.35437E-3 1.12847E-3 1.0415E-3 3.25859E-3 5.02162E-3 1.47283E-2 3.5973E-2 1.47567E-2 8.03742E-3 8.6289E-3 1.11356E-2 9.85633E-3 4.32398E-2 1.08278E-1 1.29576E-1 6.82503E-2 4.69254E-2 2.67155E-2 4.97484E-2 3.28997E-1 3.70847E-1 4.87966E-1 2.7938E-1 2.19476E-1 3.50498E-1 2.49166E-1 2.08622E-1 2.77062E-1 4.77546E-1 6.51792E-1 6.26915E-1 4.84451E-1 6.2794E-1 6.90432E-1 6.97249E-1 7.42162E-1 7.21776E-1 5.45777E-1 4.69391E-1 3.91465E-1 4.1764E-1 3.79394E-1 4.4798E-1 5.87975E-1 5.73808E-1 7.23572E-1 7.61465E-1
-9999 -9999 8.91278E-4 1.56124E-3 1.37924E-3 2.26715E-3 1.19757E-2 -9999 -9999 -9999 8.75954E-2 8.99008E-2 1.61083E-1 1.65844E-1 3.72073E-1 1.57355E-1 6.66999E-2 2.30208E-2 2.16551E-3 3.5869E-3 4.5672E-3 3.85383E-3 6.48142E-3 7.20942E-3 3.3728E-2 7.85331E-2 1.08727E-1 2.72149E-2 1.21667E-2 3.00594E-2 4.63472E-2 3.9795E-2 1.91286E-2 5.32191E-2 6.5988E-2 2.22071E-2 1.8559E-2 1.99483E-2 1.2248E-1 2.71398E-1 2.70078E-1 3.37645E-1 3.14436E-1 3.71383E-1 3.60829E-1 3.06076E-1 3.97266E-1 3.45312E-1 5.15103E-1 6.3872E-1 4.95845E-1 4.9821E-1 5.57466E-1 5.26896E-1 6.4882E-1 6.88123E-1 6.67967E-1 6.72345E-1 4.49878E-1 4.96553E-1 3.8994E-1 3.91106E-1 3.44514E-1 4.17401E-1 5.20403E-1 5.8393E-1 3.85242E-1
-9999 -9999 1.44849E-3 1.39195E-3 3.90257E-3 1.376E-2 1.10587E-2 -9999 -9999 -9999 -9999 7.27994E-2 9.48751E-2 1.03468E-1 2.61414E-1 1.92974E-1 1.33399E-1 2.94375E-2 1.58652E-2 8.41157E-3 2.5583E-2 1.32321E-2 2.48543E-2 2.2447E-2 4.92223E-2 6.05529E-2 5.02807E-2 4.3884E-2 1.58382E-2 2.58564E-2 4.54617E-2 1.5061E-2 8.11923E-3 9.7279E-3 7.8798E-3 2.36941E-2 4.70555E-2 7.28841E-2 1.95352E-1 2.8708E-1 4.85723E-1 4.26758E-1 3.68961E-1 3.92856E-1 4.39995E-1 4.64143E-1 4.84081E-1 4.41918E-1 5.44256E-1 4.26356E-1 5.49511E-1 6.1183E-1 6.86352E-1 5.76223E-1 6.49212E-1 5.78964E-1 7.16097E-1 7.52043E-1 6.8612E-1 7.84925E-1 6.74473E-1 4.62155E-1 4.01381E-1 4.11651E-1 4.75029E-1 7.31354E-1 5.45544E-1
-9999 -9999 1.65388E-3 3.22777E-3 8.87907E-3 2.43351E-2 2.3623E-2 3.38153E-2 -9999 -9999 -9999 2.18801E-1 2.61558E-2 3.60306E-2 2.85749E-1 3.35974E-1 1.06364E-1 6.82991E-2 6.96329E-2 5.1311E-2 2.49972E-2 1.68693E-2 1.96861E-2 4.38382E-2 2.87759E-2 6.34364E-2 3.91224E-2 1.72741E-2 2.23797E-2 2.3086E-2 2.28097E-2 6.83906E-3 4.85508E-3 7.27817E-3 1.94723E-2 9.4987E-2 8.29628E-2 1.55094E-1 3.83723E-1 4.15969E-1 5.84885E-1 4.62971E-1 2.96938E-1 4.22853E-1 4.42678E-1 2.84386E-1 4.25179E-1 5.64189E-1 6.88223E-1 4.00167E-1 4.65815E-1 5.87569E-1 5.80412E-1 5.24057E-1 6.45064E-1 6.68456E-1 6.2614E-1 7.08303E-1 7.42843E-1 7.62187E-1 6.50821E-1 5.03714E-1 5.40724E-1 4.74459E-1 4.03887E-1 5.32748E-1 7.23999E-1
-9999 3.22296E-3 1.63003E-3 8.62561E-3 2.13627E-2 3.05035E-2 1.9757E-2 1.46361E-2 1.11988E-1 -9999 1.42866E-1 2.17254E-1 7.83668E-2 2.89483E-2 1.40568E-1 2.69025E-1 1.92183E-1 1.57716E-1 8.7138E-2 7.60971E-2 3.3905E-2 7.23966E-3 7.41506E-3 1.82997E-2 1.66986E-2 7.46223E-2 7.99084E-2 3.54413E-2 2.86466E-2 2.61339E-2 1.84702E-2 6.01812E-3 1.02138E-2 1.65962E-2 5.53402E-2 1.64355E-1 1.69243E-1 1.75237E-1 4.10675E-1 3.52789E-1 4.40177E-1 5.15499E-1 5.06126E-1 4.97922E-1 5.25111E-1 5.95064E-1 4.11353E-1 6.5982E-1 4.51671E-1 4.05487E-1 4.25438E-1 5.43515E-1 5.43515E-1 5.64151E-1 5.72823E-1 5.43685E-1 6.27616E-1 6.83791E-1 7.179E-1 6.73703E-1 7.89252E-1 7.08938E-1 5.69717E-1 6.82562E-1 5.64765E-1 5.40804E-1 6.26631E-1
-9999 2.39859E-3 2.52575E-3 3.75809E-2 3.90212E-2 5.35502E-2 2.64379E-2 1.41898E-2 1.21411E-1 3.20441E-1 2.84249E-1 2.60407E-1 9.91551E-2 8.47683E-2 9.24536E-2 1.70914E-1 2.10867E-1 2.46573E-1 9.09487E-2 4.34083E-2 1.15945E-2 6.72197E-3 8.05437E-3 1.09282E-2 6.17313E-3 7.27164E-2 1.44602E-1 7.10432E-2 2.99611E-2 5.10107E-2 2.11192E-2 1.3801E-2 2.18803E-2 1.32022E-2 1.37331E-1 1.66437E-1 1.86409E-1 1.68422E-1 5.2291E-2 1.55502E-1 4.11837E-1 4.1861E-1 5.04106E-1 5.82518E-1 6.51968E-1 6.46821E-1 5.64447E-1 5.1211E-1 4.53906E-1 3.64513E-1 4.40578E-1 4.74511E-1 4.57541E-1 4.93319E-1 5.49989E-1 6.56367E-1 6.73023E-1 5.66675E-1 5.57943E-1 6.23239E-1 6.13552E-1 5.56692E-1 7.567E-1 7.17118E-1 6.44752E-1 4.99896E-1 6.53037E-1
-9999 3.88098E-3 1.34591E-2 2.03957E-2 3.30295E-2 3.83483E-2 1.35717E-2 4.86703E-3 4.36235E-2 1.51252E-1 2.35009E-1 2.16791E-1 1.85411E-1 8.92593E-2 2.03305E-1 2.91428E-1 2.35113E-1 1.01094E-1 3.98311E-2 2.08777E-2 7.52747E-3 8.67002E-3 3.13718E-2 5.07403E-2 8.69821E-2 9.26291E-2 1.13253E-1 6.82234E-2 7.0692E-2 1.05125E-1 6.73699E-2 2.85648E-2 1.92141E-2 3.23384E-2 1.30725E-1 1.67113E-1 1.17995E-1 4.47041E-2 5.58142E-2 1.1774E-1 2.82534E-1 4.17753E-1 6.23656E-1 7.16863E-1 6.56611E-1 5.97036E-1 4.22369E-1 5.34168E-1 4.50868E-1 4.56272E-1 4.97928E-1 4.12722E-1 2.63942E-1 4.4883E-1 5.87664E-1 6.7474E-1 4.63004E-1 5.15631E-1 6.75646E-1 6.23626E-1 5.53999E-1 4.97646E-1 5.55441E-1 5.83068E-1 7.05278E-1 7.36431E-1 6.63072E-1
-9999 6.71819E-3 1.8588E-2 1.68937E-2 1.79019E-2 1.66844E-2 1.43619E-2 5.32831E-3 2.68633E-3 4.53848E-2 1.50667E-1 3.50949E-1 2.06469E-1 4.8043E-2 9.18902E-2 2.53267E-1 1.23545E-1 2.81163E-2 6.06117E-3 1.41702E-3 1.43994E-3 4.92322E-3 3.57892E-2 1.6171E-1 8.6455E-2 7.2657E-2 1.92007E-1 1.12637E-1 8.9696E-2 8.29336E-2 2.28004E-2 5.12255E-2 4.89536E-2 3.53441E-2 3.09726E-2 2.98427E-2 4.78845E-2 5.73844E-2 2.73558E-2 4.40332E-2 2.71401E-1 5.04077E-1 5.68132E-1 5.25886E-1 6.44013E-1 4.33006E-1 4.30282E-1 2.54521E-1 3.87956E-1 5.74142E-1 5.22856E-1 3.23777E-1 2.79509E-1 4.00442E-1 4.29102E-1 5.09666E-1 5.39157E-1 5.37609E-1 6.47632E-1 5.40722E-1 5.05786E-1 4.92354E-1 3.86545E-1 5.18265E-1 5.20276E-1 6.66732E-1 5.42779E-1
-9999 1.10959E-2 2.62754E-2 1.20443E-1 1.15235E-1 5.30834E-2 1.97584E-2 3.40216E-3 3.05208E-3 1.01881E-2 5.71247E-2 7.1407E-2 1.0783E-1 6.50649E-2 4.19806E-2 1.53722E-1 1.59786E-1 6.1742E-2 2.05286E-2 3.18262E-3 9.74418E-4 1.7064E-3 1.48182E-2 5.06627E-2 1.00132E-1 4.41169E-2 5.31056E-2 5.96818E-2 5.80305E-2 4.13014E-2 1.67063E-2 1.539E-2 2.88772E-2 1.9112E-2 1.6681E-2 2.48769E-2 4.9051E-2 6.77347E-2 1.64061E-1 1.80255E-1 2.64808E-1 3.60769E-1 3.76613E-1 4.71716E-1 5.37404E-1 3.29138E-1 2.9854E-1 2.37995E-1 4.2791E-1 5.63887E-1 3.42057E-1 2.51856E-1 2.86601E-1 4.65583E-1 4.92515E-1 4.74227E-1 6.88736E-1 5.01711E-1 7.15366E-1 6.43161E-1 5.02964E-1 3.575E-1 5.49253E-1 5.85982E-1 5.29682E-1 5.83455E-1 5.98136E-1
-9999 1.80317E-2 1.99941E-2 3.44743E-2 1.32836E-1 3.43322E-2 2.70523E-2 3.29386E-3 1.13738E-2 2.12252E-2 2.1527E-1 1.51766E-1 8.70342E-2 2.67064E-2 1.36573E-2 2.80246E-2 9.95417E-2 1.39917E-1 5.9307E-2 1.49172E-2 7.02639E-3 9.44917E-3 1.23945E-2 1.28384E-1 4.14011E-1 6.61375E-2 2.71779E-2 8.20845E-2 9.30585E-2 3.02536E-2 1.22992E-2 2.2722E-2 1.52427E-2 3.18955E-2 1.24507E-2 2.79967E-2 5.29112E-2 6.45521E-2 3.22346E-2 8.69271E-2 6.61234E-2 2.16246E-1 4.37972E-1 4.11954E-1 5.18541E-1 4.20105E-1 3.48089E-1 2.7001E-1 3.48371E-1 3.82616E-1 2.56959E-1 2.12749E-1 2.63499E-1 3.99836E-1 5.33441E-1 5.35425E-1 5.72802E-1 5.62718E-1 6.17893E-1 4.30381E-1 6.29313E-1 5.44572E-1 5.89076E-1 5.32174E-1 5.59689E-1 5.32058E-1 5.90895E-1
-9999 2.26122E-2 2.7295E-2 6.046E-2 5.44637E-2 5.89493E-2 5.03612E-2 1.3405E-2 1.09874E-2 1.17264E-2 5.64273E-2 6.67934E-2 7.0694E-2 1.45231E-2 1.17922E-2 1.83175E-2 2.04745E-2 5.16872E-2 5.1613E-2 2.21824E-2 5.82162E-3 9.74489E-3 4.42654E-2 1.40515E-1 2.08589E-1 1.19036E-1 3.31418E-2 2.8395E-2 1.39406E-1 9.97814E-2 1.21809E-1 5.5947E-2 2.56228E-2 3.90082E-2 9.15569E-3 1.4295E-2 4.22117E-2 2.09045E-2 2.59692E-2 5.11921E-2 8.82232E-2 1.51319E-1 3.84548E-1 5.52604E-1 4.47668E-1 5.21472E-1 5.03558E-1 2.9733E-1 3.29743E-1 3.99227E-1 4.1827E-1 2.68182E-1 4.04098E-1 4.33961E-1 3.79754E-1 3.62003E-1 5.4065E-1 5.53612E-1 4.7978E-1 4.64942E-1 5.06571E-1 4.32317E-1 4.2738E-1 4.32944E-1 5.48322E-1 5.04981E-1 5.27424E-1
