ENM/Final_Models/M_2_F_q_Set_1_EC/Gustavia_santanderiensis_7_Choco.asc
ncols         367
nrows         963
xllcorner     -78.6
yllcorner     0.65
cellsize      0.00833333333333323
NODATA_value  -9999
[rows 620 to 650 of 963, columns 138 to 206 of 367]
-9999 -9999 -9999 -9999 -9999 -9999 -9999 -9999 -9999 -9999 -9999 -9999 -9999 -9999 -9999 -9999 -9999 -9999 -9999 -9999 -9999 -9999 -9999 -9999 -9999 -9999 -9999 -9999 -9999 9.86933E-1 9.84527E-1 9.63014E-1 9.86358E-1 9.80532E-1 9.79551E-1 9.10398E-1 8.85678E-1 9.04153E-1 9.7126E-1 8.3393E-1 9.39305E-1 7.13621E-1 7.68976E-1 7.01055E-1 3.61665E-1 9.15817E-1 6.35343E-1 6.34532E-1 9.44619E-1 9.16896E-1 8.48316E-1 4.7564E-1 1.53165E-1 4.16718E-1 4.6239E-1 8.39416E-1 9.44181E-1 2.39757E-1 5.55747E-1 2.98761E-1 2.54245E-1 4.08298E-1 2.86925E-1 2.14719E-1 8.92132E-2 2.73782E-2 3.52528E-2 6.66542E-2 1.54594E-1
-9999 -9999 -9999 -9999 -9999 -9999 -9999 -9999 -9999 -9999 -9999 -9999 -9999 -9999 -9999 -9999 -9999 -9999 -9999 -9999 -9999 -9999 -9999 -9999 -9999 -9999 -9999 -9999 9.99194E-1 9.98004E-1 9.82472E-1 9.95224E-1 9.92079E-1 9.91085E-1 9.12721E-1 9.26431E-1 8.99592E-1 9.23459E-1 8.75129E-1 7.79018E-1 8.35926E-1 8.77449E-1 7.23029E-1 5.19497E-1 8.11771E-1 9.06529E-1 7.27239E-1 6.92451E-1 9.57097E-1 8.88047E-1 7.04349E-1 4.30581E-1 2.24515E-1 2.2041E-1 1.37472E-1 7.11402E-1 9.37639E-1 4.69101E-1 6.75896E-1 6.02149E-1 3.18021E-1 4.4449E-1 5.04357E-1 1.24636E-1 1.58258E-2 2.53573E-3 3.58775E-2 4.38536E-2 1.58454E-1
-9999 -9999 -9999 -9999 -9999 -9999 -9999 -9999 -9999 -9999 -9999 -9999 -9999 -9999 -9999 -9999 -9999 -9999 -9999 -9999 -9999 -9999 -9999 -9999 -9999 -9999 -9999 -9999 9.91516E-1 9.92823E-1 9.69408E-1 9.75036E-1 9.30075E-1 8.35291E-1 9.42956E-1 9.40263E-1 9.17711E-1 9.21948E-1 7.41245E-1 7.15917E-1 6.92964E-1 6.27017E-1 4.05935E-1 2.48392E-1 4.16596E-1 8.18487E-1 6.03989E-1 8.42274E-1 8.94539E-1 6.64849E-1 4.5189E-1 5.98379E-1 6.63039E-1 4.8826E-1 4.50481E-1 6.28882E-1 8.12079E-1 9.01356E-1 8.96753E-1 8.84978E-1 6.49961E-1 5.7788E-1 4.60089E-1 2.43874E-1 1.51599E-2 5.4243E-3 3.04607E-2 5.67752E-2 6.78994E-2
-9999 -9999 -9999 -9999 -9999 -9999 -9999 -9999 -9999 -9999 -9999 -9999 -9999 -9999 -9999 -9999 -9999 -9999 -9999 -9999 -9999 -9999 -9999 -9999 -9999 -9999 -9999 9.94952E-1 9.90103E-1 9.93227E-1 9.99616E-1 9.99986E-1 9.54499E-1 9.21485E-1 8.25677E-1 9.61932E-1 8.86719E-1 8.04232E-1 8.16807E-1 8.11474E-1 9.69561E-1 9.81404E-1 2.72591E-1 1.27814E-1 1.71296E-1 2.66545E-1 9.45348E-1 8.82286E-1 8.22671E-1 9.07737E-1 9.35281E-1 9.23418E-1 8.43885E-1 6.92779E-1 6.01805E-1 6.26292E-1 7.85854E-1 7.72066E-1 7.59688E-1 8.18012E-1 7.94E-1 8.11261E-1 7.62104E-1 6.20826E-1 7.90974E-3 1.92596E-2 3.26243E-2 8.37971E-2 6.93611E-2
-9999 -9999 -9999 -9999 -9999 -9999 -9999 -9999 -9999 -9999 -9999 -9999 -9999 -9999 -9999 -9999 -9999 -9999 -9999 -9999 -9999 -9999 -9999 -9999 -9999 -9999 9.99447E-1 9.99305E-1 9.94608E-1 9.96541E-1 9.99097E-1 9.87974E-1 9.99174E-1 8.45388E-1 9.97544E-1 9.98791E-1 8.93067E-1 8.67588E-1 8.84468E-1 7.9089E-1 9.54515E-1 9.12985E-1 3.32984E-1 2.48708E-1 1.60924E-1 1.50545E-1 3.0199E-1 4.87722E-1 6.76394E-1 7.17688E-1 9.11145E-1 9.46268E-1 9.61024E-1 8.26404E-1 5.69269E-1 6.26795E-1 9.08845E-1 9.50526E-1 7.26007E-1 6.85419E-1 6.39925E-1 6.24114E-1 5.48877E-1 4.28291E-1 4.71791E-1 2.99987E-2 2.89723E-2 2.83994E-2 2.73567E-2
-9999 -9999 -9999 -9999 -9999 -9999 -9999 -9999 -9999 -9999 -9999 -9999 -9999 -9999 -9999 -9999 -9999 -9999 -9999 -9999 -9999 -9999 -9999 -9999 -9999 -9999 9.9929E-1 9.93542E-1 9.97813E-1 9.94579E-1 9.9772E-1 9.86543E-1 9.97663E-1 9.42605E-1 9.68335E-1 9.99849E-1 9.65169E-1 5.70574E-1 4.63825E-1 6.4951E-1 7.58137E-1 6.00318E-1 2.38434E-1 2.60257E-1 1.46578E-1 1.48661E-1 1.68106E-1 4.6973E-1 5.39398E-1 6.87609E-1 8.00026E-1 9.82792E-1 8.95744E-1 8.89438E-1 7.30851E-1 8.1559E-1 8.73733E-1 8.51041E-1 5.78898E-1 4.81972E-1 4.59931E-1 5.35163E-1 4.796E-1 1.98234E-1 2.17157E-1 1.29873E-1 2.71459E-2 1.00708E-2 1.63275E-2
-9999 -9999 -9999 -9999 -9999 -9999 -9999 -9999 -9999 -9999 -9999 -9999 -9999 -9999 -9999 -9999 -9999 -9999 -9999 -9999 -9999 -9999 -9999 -9999 -9999 9.99733E-1 9.98532E-1 9.99324E-1 9.95917E-1 9.97724E-1 9.9779E-1 9.99231E-1 9.98194E-1 9.67521E-1 9.35714E-1 9.98468E-1 9.70344E-1 7.57397E-1 6.96116E-1 6.00954E-1 4.74898E-1 3.27923E-1 1.77239E-1 2.16682E-1 1.33235E-1 2.51897E-1 1.40227E-1 2.22614E-1 7.187E-1 8.45413E-1 9.40141E-1 9.49702E-1 7.45556E-1 9.05749E-1 7.1819E-1 8.59139E-1 8.28691E-1 7.35911E-1 4.8424E-1 3.59691E-1 3.04291E-1 5.47324E-1 4.02117E-1 2.87991E-1 2.24045E-2 2.28458E-2 1.37835E-2 2.21208E-2 2.72007E-2
-9999 -9999 -9999 -9999 -9999 -9999 -9999 -9999 -9999 -9999 -9999 -9999 -9999 -9999 -9999 -9999 -9999 -9999 -9999 -9999 -9999 -9999 -9999 -9999 -9999 9.99747E-1 9.99973E-1 9.99551E-1 9.99479E-1 9.96488E-1 9.87058E-1 9.96517E-1 9.98872E-1 9.95671E-1 9.57702E-1 9.89874E-1 8.62985E-1 8.51099E-1 8.59632E-1 7.03604E-1 5.4783E-1 2.37963E-1 1.38058E-1 2.31139E-1 1.67951E-1 9.84568E-2 1.07894E-1 1.71781E-1 9.71324E-1 9.27219E-1 9.78876E-1 9.77592E-1 1.47151E-1 5.087E-1 4.19731E-1 7.11151E-1 1.11871E-1 7.90612E-1 5.30243E-1 4.33084E-1 3.42456E-1 5.54383E-1 5.2755E-1 3.48478E-1 2.84681E-2 1.19925E-2 8.65509E-3 1.36569E-2 2.58598E-2
-9999 -9999 -9999 -9999 -9999 -9999 -9999 -9999 -9999 -9999 -9999 -9999 -9999 -9999 -9999 -9999 -9999 -9999 -9999 -9999 -9999 -9999 -9999 -9999 9.9957E-1 9.98097E-1 9.97745E-1 9.99236E-1 9.95935E-1 9.97757E-1 9.92187E-1 9.97481E-1 9.98919E-1 9.64821E-1 9.6735E-1 9.78368E-1 8.85732E-1 6.7615E-1 5.96622E-1 5.44895E-1 4.03647E-1 2.82616E-1 9.56668E-2 1.8969E-1 1.22587E-1 1.34941E-1 2.88723E-1 7.26518E-1 7.99599E-1 9.53868E-1 9.74191E-1 9.56628E-1 5.18754E-1 8.48611E-1 8.30108E-1 8.24001E-1 7.5116E-1 4.87707E-1 6.78877E-1 2.37834E-1 2.19017E-1 2.90087E-1 3.02689E-1 1.47233E-1 1.23673E-1 6.17966E-3 4.57449E-3 8.77443E-3 1.75766E-2
-9999 -9999 -9999 -9999 -9999 -9999 -9999 -9999 -9999 -9999 -9999 -9999 -9999 -9999 -9999 -9999 -9999 -9999 -9999 -9999 -9999 -9999 -9999 9.99289E-1 9.99365E-1 9.99134E-1 9.99714E-1 9.86935E-1 9.9493E-1 9.934E-1 9.95197E-1 9.95228E-1 9.9947E-1 9.94498E-1 7.37806E-1 9.21235E-1 8.47939E-1 6.74499E-1 6.18244E-1 3.97051E-1 3.67402E-1 3.50159E-1 1.20438E-1 2.02075E-1 1.42952E-1 5.21406E-1 7.98522E-1 7.86002E-1 8.4778E-1 9.85971E-1 9.83245E-1 9.19227E-1 6.8037E-1 7.81856E-1 7.88877E-1 7.21659E-1 6.28122E-1 5.97838E-1 2.99376E-1 3.70754E-1 9.78807E-2 1.08044E-1 5.76982E-2 1.78382E-2 1.64826E-2 8.17911E-2 1.25467E-2 4.20702E-3 3.98214E-3
-9999 -9999 -9999 -9999 -9999 -9999 -9999 -9999 -9999 -9999 -9999 -9999 -9999 -9999 -9999 -9999 -9999 -9999 -9999 -9999 -9999 -9999 -9999 9.99644E-1 9.99925E-1 9.99779E-1 9.91858E-1 9.95611E-1 9.95329E-1 9.82238E-1 9.95827E-1 9.97249E-1 9.95849E-1 9.97086E-1 9.77729E-1 7.28721E-1 5.9906E-1 6.26751E-1 5.19371E-1 4.12976E-1 4.12607E-1 3.22601E-1 4.63302E-1 8.22415E-1 6.85007E-1 4.69502E-1 7.32144E-1 8.40669E-1 8.91035E-1 9.59938E-1 9.91961E-1 8.20131E-1 7.43263E-1 8.34381E-1 8.82009E-1 6.70512E-1 4.09118E-1 2.09314E-1 2.151E-1 1.51978E-1 7.46174E-2 1.25857E-2 1.56167E-2 1.95397E-2 4.53833E-3 1.72402E-2 7.81977E-3 2.23337E-2 7.82455E-3
-9999 -9999 -9999 -9999 -9999 -9999 -9999 -9999 -9999 -9999 -9999 -9999 -9999 -9999 -9999 -9999 -9999 -9999 -9999 -9999 -9999 -9999 9.98765E-1 9.99472E-1 9.95299E-1 9.92484E-1 9.92934E-1 9.9828E-1 9.98652E-1 9.97875E-1 9.97838E-1 9.95752E-1 9.97306E-1 9.94807E-1 9.88673E-1 9.34096E-1 9.31296E-1 7.67531E-1 7.66842E-1 5.24939E-1 1.93454E-1 2.69688E-1 2.95604E-1 7.20133E-1 5.09194E-1 5.99404E-1 9.45254E-1 9.23644E-1 7.54431E-1 8.04301E-1 8.91479E-1 8.69011E-1 8.94709E-1 8.8541E-1 8.92365E-1 8.27047E-1 5.56167E-1 3.3551E-1 4.12199E-1 4.70123E-1 1.88516E-1 3.7919E-2 8.84161E-2 9.15114E-2 8.4801E-2 8.93361E-2 1.49984E-2 5.41354E-3 7.12591E-3
-9999 -9999 -9999 -9999 -9999 -9999 -9999 -9999 -9999 -9999 -9999 -9999 -9999 -9999 -9999 -9999 -9999 -9999 -9999 -9999 -9999 -9999 9.99809E-1 9.99344E-1 9.99806E-1 9.99601E-1 9.98617E-1 9.91607E-1 9.98554E-1 9.98208E-1 9.98624E-1 9.98193E-1 9.95433E-1 9.79398E-1 9.95573E-1 8.84186E-1 7.94281E-1 8.49634E-1 6.78235E-1 4.93875E-1 1.23362E-1 1.41072E-1 2.15994E-1 4.66935E-1 4.10079E-1 8.12342E-1 9.32326E-1 9.72026E-1 9.24537E-1 8.38422E-1 8.93503E-1 3.97467E-1 6.58866E-1 9.07166E-1 8.62933E-1 8.9847E-1 7.84528E-1 6.91359E-1 7.37412E-1 6.07472E-1 4.48453E-1 1.24281E-1 2.9156E-1 3.80979E-1 1.63459E-1 9.38773E-2 3.5066E-2 5.34427E-3 9.97526E-3
-9999 -9999 -9999 -9999 -9999 -9999 -9999 -9999 -9999 -9999 -9999 -9999 -9999 -9999 -9999 -9999 -9999 -9999 -9999 -9999 -9999 9.9925E-1 9.9965E-1 9.99448E-1 9.99926E-1 9.99706E-1 9.99646E-1 9.93445E-1 9.9897E-1 9.9822E-1 9.98066E-1 9.9435E-1 9.97986E-1 9.98455E-1 9.9785E-1 9.7183E-1 7.63447E-1 8.87638E-1 8.31636E-1 4.7358E-1 1.6026E-1 2.09682E-1 2.13297E-1 5.94611E-1 6.86411E-1 5.78502E-1 8.70922E-1 9.04543E-1 9.87122E-1 9.63767E-1 8.94168E-1 2.45265E-1 2.6728E-1 7.36605E-1 7.44137E-1 7.48487E-1 5.35547E-1 4.94321E-1 2.56264E-1 4.9731E-1 5.10601E-1 4.48733E-1 3.49284E-1 2.17261E-1 3.5891E-2 1.08512E-1 5.88852E-2 7.16789E-3 6.50516E-3
-9999 -9999 -9999 -9999 -9999 -9999 -9999 -9999 -9999 -9999 -9999 -9999 -9999 -9999 -9999 -9999 -9999 -9999 -9999 -9999 -9999 9.98984E-1 9.99732E-1 9.99301E-1 9.99852E-1 9.99916E-1 9.99514E-1 9.98844E-1 9.99729E-1 9.97842E-1 9.94729E-1 9.94652E-1 9.96244E-1 9.93947E-1 9.98602E-1 9.85854E-1 8.21398E-1 9.8266E-1 9.57874E-1 7.19776E-1 1.3744E-1 2.03353E-1 2.61505E-1 3.03658E-1 6.66293E-1 5.57385E-1 8.87965E-1 9.26129E-1 7.99441E-1 9.05841E-1 8.64658E-1 1.01443E-1 3.00812E-1 7.4487E-1 8.49839E-1 8.8757E-1 7.48403E-1 5.82548E-1 3.47693E-1 3.85646E-1 3.73826E-1 3.25838E-1 2.87127E-1 5.22853E-2 1.93457E-2 2.38104E-2 2.94615E-2 7.30469E-3 3.66461E-3
-9999 -9999 -9999 -9999 -9999 -9999 -9999 -9999 -9999 -9999 -9999 -9999 -9999 -9999 -9999 -9999 -9999 -9999 -9999 -9999 -9999 9.99931E-1 9.9971E-1 9.99181E-1 9.99566E-1 9.98726E-1 9.99756E-1 9.97701E-1 9.99497E-1 9.98996E-1 9.93559E-1 9.98853E-1 9.8086E-1 9.74229E-1 9.8923E-1 8.92811E-1 4.48929E-1 9.03046E-1 8.02598E-1 4.36068E-1 3.2969E-1 1.61967E-1 1.02396E-1 5.64235E-1 8.32685E-1 9.78422E-1 9.62119E-1 9.55181E-1 8.81411E-1 7.4827E-1 8.22257E-1 7.65733E-1 8.73622E-1 8.2934E-1 7.73553E-1 7.53945E-1 5.67203E-1 6.28557E-1 5.81717E-1 2.36579E-1 2.5402E-1 1.05852E-1 3.39427E-2 2.65347E-2 5.66732E-2 2.18247E-2 7.92642E-3 6.81732E-3 3.07688E-3
-9999 -9999 -9999 -9999 -9999 -9999 -9999 -9999 -9999 -9999 -9999 -9999 -9999 -9999 -9999 -9999 -9999 -9999 -9999 -9999 9.99724E-1 9.99871E-1 9.99919E-1 9.99838E-1 9.97607E-1 9.95224E-1 9.95988E-1 9.98621E-1 9.95603E-1 9.99958E-1 9.9797E-1 9.95429E-1 9.80853E-1 9.96042E-1 9.85308E-1 8.22852E-1 7.34364E-1 6.35249E-1 4.45528E-1 5.69738E-1 3.30005E-1 3.83901E-1 1.87879E-1 1.40643E-1 1.53953E-1 5.04516E-1 8.78228E-1 9.64129E-1 8.51825E-1 7.69719E-1 6.47946E-1 7.50339E-1 7.3992E-1 8.85905E-1 7.9049E-1 5.61722E-1 3.5456E-1 5.08405E-1 6.30182E-1 5.80413E-1 5.65119E-1 2.38517E-1 2.89527E-2 3.24818E-2 1.28409E-1 4.95127E-2 1.68779E-2 7.56492E-3 2.48509E-3
-9999 -9999 -9999 -9999 -9999 -9999 -9999 -9999 -9999 -9999 -9999 -9999 -9999 -9999 -9999 -9999 -9999 -9999 -9999 9.99753E-1 9.99954E-1 9.99901E-1 9.9902E-1 9.99968E-1 9.98897E-1 9.98853E-1 9.98242E-1 9.98331E-1 9.98566E-1 9.93437E-1 9.93326E-1 9.99283E-1 9.98864E-1 9.9817E-1 9.93599E-1 6.8894E-1 6.97926E-1 5.71464E-1 4.49654E-1 2.22129E-1 2.74943E-1 2.47601E-1 2.27744E-1 1.55573E-1 3.65844E-1 2.13071E-1 4.49472E-1 1.45008E-1 6.04785E-1 7.90046E-1 8.18646E-1 4.38268E-1 6.19848E-1 7.79296E-1 8.47161E-1 8.34657E-1 6.59733E-1 7.12079E-1 6.69997E-1 5.25992E-1 6.32651E-1 4.6639E-1 3.70512E-1 1.15438E-1 9.84559E-2 4.1395E-2 3.35447E-2 2.40367E-2 1.28796E-2
-9999 -9999 -9999 -9999 -9999 -9999 -9999 -9999 -9999 -9999 -9999 -9999 -9999 -9999 -9999 -9999 -9999 -9999 -9999 9.99782E-1 9.99854E-1 9.99942E-1 9.98697E-1 9.9991E-1 9.99557E-1 9.98022E-1 9.98924E-1 9.99491E-1 9.96735E-1 9.98854E-1 9.99888E-1 9.82567E-1 9.69131E-1 9.338E-1 8.619E-1 3.6174E-1 2.1175E-1 1.27977E-1 1.92348E-1 3.80576E-1 2.61166E-1 2.61563E-1 2.81876E-1 7.2435E-1 5.80787E-1 6.29649E-1 8.97328E-1 9.09745E-1 7.35106E-1 6.37587E-1 6.70804E-1 3.28218E-1 8.08997E-1 7.98901E-1 8.21404E-1 5.60308E-1 5.14196E-1 6.94369E-1 5.73448E-1 3.9228E-1 5.05634E-1 4.44993E-1 3.30966E-1 2.34707E-1 2.97316E-1 1.12323E-1 1.54131E-1 8.79411E-2 2.00024E-2
-9999 -9999 -9999 -9999 -9999 -9999 -9999 -9999 -9999 -9999 -9999 -9999 -9999 -9999 -9999 -9999 -9999 -9999 9.9994E-1 9.99973E-1 9.99854E-1 9.99863E-1 9.99988E-1 9.99233E-1 9.99842E-1 9.99565E-1 9.98081E-1 9.97462E-1 9.95899E-1 9.99166E-1 9.99917E-1 9.98658E-1 9.98008E-1 7.03491E-1 5.77431E-1 3.01459E-1 3.35747E-1 4.48284E-1 3.42354E-1 4.36642E-1 6.71853E-1 4.61134E-1 5.01915E-1 3.67997E-1 8.59981E-1 8.94276E-1 8.27449E-1 9.41007E-1 6.9501E-1 4.93205E-1 3.16884E-1 1.90152E-1 3.57497E-1 8.12635E-1 5.56904E-1 6.52226E-1 3.50331E-1 3.51811E-1 4.78E-1 3.45318E-1 2.86745E-1 1.82684E-1 8.67441E-2 1.03291E-1 9.27141E-2 5.95112E-2 6.57737E-2 2.99704E-2 2.73864E-2
-9999 -9999 -9999 -9999 -9999 -9999 -9999 -9999 -9999 -9999 -9999 -9999 -9999 -9999 -9999 -9999 -9999 9.99541E-1 9.99979E-1 9.99903E-1 9.99925E-1 9.99866E-1 9.99906E-1 9.99852E-1 9.99909E-1 9.99079E-1 9.97875E-1 9.87502E-1 9.87518E-1 9.85655E-1 9.98952E-1 9.97962E-1 9.92461E-1 7.37907E-1 6.05609E-1 6.81859E-1 5.29962E-1 6.91842E-1 2.85519E-1 2.93373E-1 2.93168E-1 5.72712E-1 9.09363E-1 9.79562E-1 9.98701E-1 9.81643E-1 9.06801E-1 8.82793E-1 6.46249E-1 7.48458E-2 5.22449E-2 7.73524E-2 2.03281E-1 3.22487E-1 2.95587E-1 3.57213E-1 5.30304E-1 4.05369E-1 2.58838E-1 1.61552E-1 4.77297E-2 3.25198E-2 1.80589E-2 9.46669E-3 1.16758E-2 3.37805E-2 4.24185E-2 1.39811E-2 9.17968E-3
-9999 -9999 -9999 -9999 -9999 -9999 -9999 -9999 -9999 -9999 -9999 -9999 -9999 -9999 -9999 -9999 -9999 9.99974E-1 9.99987E-1 9.99934E-1 9.99559E-1 9.99719E-1 9.99924E-1 9.98881E-1 9.99379E-1 9.96257E-1 9.89338E-1 9.97902E-1 9.92686E-1 9.91379E-1 9.86622E-1 9.53913E-1 9.5396E-1 7.36636E-1 5.35244E-1 7.17343E-1 7.44462E-1 7.0317E-1 6.37768E-1 4.46258E-1 4.21344E-1 4.80047E-1 9.81836E-1 8.79326E-1 9.70225E-1 9.86931E-1 9.07148E-1 6.66823E-1 5.44927E-1 5.71857E-2 2.68167E-2 1.24649E-2 1.19599E-2 3.01302E-2 2.47945E-2 1.75634E-1 4.53844E-1 3.05983E-1 8.65018E-2 3.05847E-2 1.12352E-2 5.48802E-3 1.30868E-3 4.89202E-3 2.00224E-3 1.20853E-2 7.57173E-3 2.72071E-3 3.56946E-3
-9999 -9999 -9999 -9999 -9999 -9999 -9999 -9999 -9999 -9999 -9999 -9999 -9999 -9999 -9999 -9999 9.99987E-1 9.99937E-1 9.99974E-1 9.9983E-1 9.99938E-1 9.9994E-1 9.99786E-1 9.99701E-1 9.98259E-1 9.91708E-1 9.93045E-1 9.96301E-1 9.98759E-1 9.91736E-1 9.77977E-1 9.99592E-1 9.94594E-1 7.24897E-1 7.24933E-1 6.38154E-1 6.39753E-1 7.76875E-1 5.92779E-1 6.70266E-1 8.21974E-1 7.37208E-1 9.61543E-1 9.43462E-1 9.7405E-1 9.89565E-1 9.20748E-1 6.8205E-1 7.12691E-1 6.87277E-1 1.35604E-1 2.43085E-2 1.26833E-2 2.93685E-2 2.06482E-2 2.81079E-2 8.85201E-2 6.589E-2 1.77301E-2 1.60006E-2 3.15967E-3 2.38168E-3 1.21263E-3 5.83888E-4 1.84003E-3 7.69295E-3 2.01218E-3 1.34159E-3 1.17046E-3
-9999 -9999 -9999 -9999 -9999 -9999 -9999 -9999 -9999 -9999 -9999 -9999 -9999 -9999 -9999 -9999 9.99934E-1 9.9998E-1 9.99899E-1 9.99938E-1 9.99975E-1 9.99953E-1 9.99219E-1 9.99537E-1 9.92952E-1 9.99586E-1 9.971E-1 9.98151E-1 9.95031E-1 9.92721E-1 9.02025E-1 9.50342E-1 9.5352E-1 8.65779E-1 3.40793E-1 2.91034E-1 4.09732E-1 7.27514E-1 9.73084E-1 9.79967E-1 9.1418E-1 8.09235E-1 9.72686E-1 9.87533E-1 9.95763E-1 9.90915E-1 9.66326E-1 9.38895E-1 8.70837E-1 6.52718E-1 5.29109E-1 2.00449E-1 4.25507E-2 9.77591E-2 1.85527E-1 5.13958E-2 8.18499E-2 4.2628E-2 5.33052E-2 2.65861E-2 3.21014E-3 3.84254E-3 3.65022E-3 2.95146E-3 3.17234E-3 9.04045E-4 1.43539E-3 5.3439E-3 1.73931E-3
-9999 -9999 -9999 -9999 -9999 -9999 -9999 -9999 -9999 -9999 -9999 -9999 -9999 -9999 -9999 9.9997E-1 9.99997E-1 9.9995E-1 9.99967E-1 9.99681E-1 9.99187E-1 9.9975E-1 9.98956E-1 9.99644E-1 9.99914E-1 9.98996E-1 9.96813E-1 9.98223E-1 9.33316E-1 9.50554E-1 9.84408E-1 9.56681E-1 8.14907E-1 6.71119E-1 4.96515E-1 5.14074E-1 5.58169E-1 7.79357E-1 9.90124E-1 9.96158E-1 9.51588E-1 9.73739E-1 9.8227E-1 9.42284E-1 9.83183E-1 9.98775E-1 9.96492E-1 9.75488E-1 9.50114E-1 8.19243E-1 8.20872E-1 3.9899E-1 5.68874E-1 7.08895E-1 8.6716E-1 3.48877E-1 1.56557E-1 8.05057E-2 7.36672E-2 3.88637E-2 6.76868E-3 1.26821E-2 2.25123E-3 8.21047E-3 5.58344E-3 4.57827E-3 3.16309E-3 9.99539E-3 3.17956E-3
-9999 -9999 -9999 -9999 -9999 -9999 -9999 -9999 -9999 -9999 -9999 -9999 -9999 -9999 -9999 9.99976E-1 9.99995E-1 9.99995E-1 9.99913E-1 9.99794E-1 9.99321E-1 9.99651E-1 9.99617E-1 9.99701E-1 9.9987E-1 9.96076E-1 9.95516E-1 9.98717E-1 9.99735E-1 9.8921E-1 9.95937E-1 9.54267E-1 8.96817E-1 6.53646E-1 6.73619E-1 8.37446E-1 7.0081E-1 9.00024E-1 9.87126E-1 9.99253E-1 9.99394E-1 9.95806E-1 9.94491E-1 8.93991E-1 8.70974E-1 9.90097E-1 9.72621E-1 9.76154E-1 9.7426E-1 9.67534E-1 9.71429E-1 8.23463E-1 9.45827E-1 7.76009E-1 5.06266E-1 6.07987E-1 2.39388E-1 7.36317E-2 3.74601E-2 8.47597E-2 2.43281E-2 1.39215E-2 2.01388E-2 6.31207E-2 4.60561E-2 2.77801E-2 2.42645E-2 9.2642E-3 4.84673E-3
-9999 -9999 -9999 -9999 -9999 -9999 -9999 -9999 -9999 -9999 -9999 -9999 -9999 -9999 9.99996E-1 9.99985E-1 9.99995E-1 9.99997E-1 9.99988E-1 9.99824E-1 9.99951E-1 9.99534E-1 9.98484E-1 9.98616E-1 9.99469E-1 9.97777E-1 9.91345E-1 9.99936E-1 9.91147E-1 9.84879E-1 9.71E-1 8.13954E-1 8.1967E-1 6.70772E-1 8.57314E-1 8.09074E-1 6.54277E-1 8.73055E-1 9.36451E-1 9.89389E-1 9.99984E-1 9.9736E-1 9.99049E-1 9.51307E-1 9.0231E-1 9.56214E-1 9.99003E-1 9.67564E-1 9.12236E-1 8.95227E-1 9.63775E-1 8.41892E-1 8.9713E-1 7.05171E-1 5.36071E-1 2.52718E-1 2.75887E-1 8.53201E-2 2.76559E-2 6.57186E-2 3.18032E-2 4.76988E-2 5.04525E-2 5.15535E-2 3.91522E-2 1.6899E-2 5.52167E-2 7.77921E-3 5.24194E-3
-9999 -9999 -9999 -9999 -9999 -9999 -9999 -9999 -9999 -9999 -9999 -9999 -9999 -9999 9.99976E-1 9.99961E-1 9.99992E-1 9.9998E-1 9.99981E-1 9.99803E-1 9.99317E-1 9.94665E-1 9.99908E-1 9.99734E-1 9.93531E-1 9.97341E-1 9.97207E-1 9.99945E-1 9.98119E-1 9.99444E-1 9.9932E-1 9.38379E-1 8.27773E-1 7.24706E-1 7.95301E-1 4.47441E-1 5.0375E-1 8.10349E-1 9.098E-1 9.08769E-1 9.97488E-1 9.99904E-1 9.9513E-1 9.53585E-1 9.64857E-1 9.98837E-1 9.99542E-1 9.99303E-1 9.73533E-1 9.62367E-1 8.59031E-1 8.3068E-1 9.58889E-1 8.82969E-1 9.01655E-1 3.89186E-1 4.49666E-2 1.71632E-2 1.4304E-2 1.00391E-2 6.68916E-2 1.61795E-1 7.8846E-2 4.01416E-2 4.31441E-2 4.95924E-2 4.31958E-2 1.31629E-2 1.51703E-2
-9999 -9999 -9999 -9999 -9999 -9999 -9999 -9999 -9999 -9999 -9999 -9999 -9999 9.99835E-1 9.9998E-1 9.99738E-1 9.99939E-1 9.99967E-1 9.99997E-1 9.99884E-1 9.99658E-1 9.98436E-1 9.99843E-1 9.99962E-1 9.96598E-1 9.99639E-1 9.98727E-1 9.8162E-1 9.90014E-1 9.99908E-1 9.97234E-1 8.02121E-1 8.18457E-1 6.56407E-1 5.46787E-1 5.8557E-1 6.86059E-1 8.00797E-1 5.64688E-1 5.191E-1 8.0634E-1 9.8304E-1 9.45039E-1 9.77395E-1 9.99545E-1 9.99268E-1 9.54343E-1 9.83392E-1 9.9395E-1 9.99457E-1 9.96478E-1 9.33434E-1 9.85185E-1 8.76939E-1 6.15267E-1 9.84243E-2 1.41471E-1 7.67218E-2 6.17833E-3 7.57013E-3 2.16974E-2 1.44402E-2 1.00426E-2 1.28755E-2 2.11328E-2 5.18284E-2 7.42236E-2 8.27166E-2 3.20103E-2
-9999 -9999 -9999 -9999 -9999 -9999 -9999 -9999 -9999 -9999 -9999 -9999 9.99992E-1 9.99817E-1 9.99122E-1 9.99949E-1 9.99932E-1 9.99918E-1 9.99914E-1 9.99836E-1 9.99965E-1 9.99871E-1 9.99932E-1 9.9946E-1 9.98901E-1 9.99295E-1 9.95735E-1 9.94648E-1 9.98735E-1 9.93828E-1 9.81488E-1 8.49267E-1 9.66078E-1 7.67965E-1 5.46199E-1 8.2044E-1 9.75816E-1 6.63675E-1 7.39154E-1 5.2872E-1 3.22361E-1 9.50165E-1 9.69254E-1 6.46297E-1 3.83172E-1 2.94611E-1 6.29031E-1 9.97693E-1 8.91149E-1 9.77025E-1 9.87363E-1 9.74158E-1 9.74139E-1 7.19064E-1 1.78957E-1 3.06991E-2 3.00739E-2 1.72066E-2 1.32086E-2 9.57843E-3 7.24132E-3 1.49192E-2 1.52919E-2 3.46695E-2 2.81044E-2 2.40767E-2 2.86681E-2 7.95819E-2 6.52819E-2
-9999 -9999 -9999 -9999 -9999 -9999 -9999 -9999 -9999 -9999 -9999 9.98549E-1 9.99987E-1 9.99854E-1 9.99686E-1 9.99958E-1 9.99977E-1 9.99869E-1 9.99626E-1 9.99852E-1 9.99969E-1 9.97607E-1 9.98854E-1 9.99536E-1 9.96826E-1 9.99812E-1 9.99988E-1 9.99993E-1 9.99399E-1 9.90802E-1 8.55953E-1 9.81779E-1 9.14314E-1 7.99249E-1 9.32368E-1 9.01075E-1 9.974E-1 6.94352E-1 6.42235E-1 6.45596E-1 8.78787E-1 8.7367E-1 8.90753E-1 9.12854E-1 9.97062E-1 9.92771E-1 9.47621E-1 9.31957E-1 6.97222E-1 7.69241E-1 8.43676E-1 8.24205E-1 8.99814E-1 4.16338E-1 6.52871E-2 3.55117E-2 1.92119E-2 2.62999E-2 1.62547E-2 3.0034E-3 1.94634E-3 5.76996E-3 2.05917E-2 8.54129E-3 1.9741E-2 1.00996E-2 2.48544E-2 3.64349E-2 4.95504E-2
