ENM/Final_Models/M_2_F_q_Set_1_EC/Gustavia_santanderiensis_1_Choco.asc
ncols         367
nrows         963
xllcorner     -78.6
yllcorner     0.65
cellsize      0.00833333333333323
NODATA_value  -9999
[rows 780 to 809 of 963, columns 0 to 66 of 367]
-9999 8.52656E-1 7.91352E-1 7.80518E-1 7.59188E-1 7.90457E-1 8.06588E-1 7.90325E-1 8.26158E-1 8.90352E-1 9.00928E-1 8.13896E-1 8.88265E-1 9.42268E-1 9.69972E-1 9.59301E-1 9.31341E-1 9.21634E-1 9.46761E-1 9.73071E-1 9.68535E-1 9.82739E-1 9.88284E-1 9.88026E-1 9.92511E-1 9.96555E-1 9.98413E-1 9.98107E-1 9.98104E-1 9.97783E-1 9.9931E-1 9.97029E-1 9.97457E-1 9.89975E-1 9.94336E-1 9.97484E-1 9.96449E-1 9.95544E-1 9.95182E-1 9.996E-1 9.99219E-1 9.99189E-1 9.98105E-1 9.99417E-1 9.99725E-1 9.99926E-1 9.99835E-1 9.99845E-1 9.99915E-1 9.99876E-1 9.99928E-1 9.99958E-1 9.99966E-1 9.99978E-1 9.99981E-1 9.99948E-1 9.99926E-1 9.99961E-1 9.99956E-1 9.99976E-1 9.99955E-1 9.99842E-1 9.99908E-1 9.9996E-1 9.99918E-1 9.99879E-1 9.99933E-1
-9999 8.90746E-1 9.11137E-1 8.03686E-1 7.66165E-1 7.74439E-1 6.00459E-1 7.87432E-1 8.9338E-1 8.73499E-1 7.90987E-1 7.42818E-1 9.10746E-1 8.79138E-1 9.0925E-1 8.8615E-1 8.30016E-1 9.36325E-1 9.31198E-1 9.51825E-1 9.72672E-1 9.75763E-1 9.92974E-1 9.92197E-1 9.96453E-1 9.96852E-1 9.97684E-1 9.96065E-1 9.97833E-1 9.97818E-1 9.98243E-1 9.94804E-1 9.94298E-1 9.9806E-1 9.97944E-1 9.98766E-1 9.9858E-1 9.92E-1 9.9137E-1 9.95099E-1 9.96418E-1 9.9909E-1 9.98996E-1 9.99156E-1 9.99751E-1 9.99917E-1 9.99876E-1 9.99599E-1 9.99771E-1 9.99669E-1 9.99873E-1 9.99952E-1 9.99897E-1 9.99955E-1 9.9999E-1 9.99981E-1 9.99972E-1 9.9999E-1 9.9998E-1 9.9998E-1 9.99984E-1 9.99983E-1 9.99809E-1 9.99812E-1 9.99456E-1 9.99832E-1 9.99814E-1
-9999 8.52644E-1 8.09136E-1 7.35833E-1 5.77118E-1 6.95053E-1 6.84964E-1 7.25457E-1 7.50226E-1 8.25802E-1 8.40329E-1 7.34301E-1 8.84371E-1 8.85046E-1 8.59956E-1 8.69239E-1 8.31551E-1 9.2654E-1 9.68794E-1 9.85483E-1 9.89273E-1 9.88455E-1 9.8921E-1 9.95498E-1 9.97767E-1 9.94521E-1 9.97612E-1 9.98746E-1 9.98633E-1 9.98457E-1 9.98305E-1 9.98291E-1 9.96985E-1 9.98488E-1 9.97578E-1 9.97376E-1 9.9211E-1 9.94673E-1 9.97107E-1 9.92369E-1 9.94043E-1 9.9796E-1 9.98869E-1 9.99556E-1 9.99422E-1 9.99686E-1 9.99316E-1 9.99246E-1 9.99901E-1 9.99889E-1 9.99908E-1 9.99948E-1 9.99728E-1 9.99553E-1 9.99928E-1 9.99958E-1 9.99887E-1 9.99921E-1 9.99854E-1 9.99934E-1 9.99985E-1 9.99975E-1 9.99979E-1 9.99666E-1 9.99759E-1 9.99865E-1 9.99814E-1
-9999 6.97913E-1 7.09178E-1 7.80348E-1 8.10166E-1 7.04359E-1 8.01006E-1 6.45238E-1 8.73861E-1 8.7951E-1 8.57781E-1 8.11411E-1 9.21244E-1 9.14193E-1 9.23171E-1 9.41089E-1 9.28412E-1 9.43662E-1 9.58763E-1 9.93377E-1 9.93334E-1 9.90614E-1 9.80805E-1 9.85253E-1 9.90747E-1 9.92494E-1 9.93052E-1 9.96321E-1 9.98238E-1 9.95815E-1 9.98204E-1 9.97729E-1 9.96433E-1 9.9821E-1 9.98022E-1 9.97897E-1 9.95345E-1 9.96998E-1 9.93413E-1 9.97838E-1 9.98183E-1 9.99005E-1 9.98856E-1 9.99602E-1 9.99315E-1 9.99751E-1 9.9982E-1 9.99785E-1 9.99768E-1 9.99737E-1 9.99851E-1 9.99806E-1 9.99845E-1 9.9977E-1 9.99807E-1 9.99947E-1 9.99908E-1 9.99879E-1 9.99957E-1 9.99945E-1 9.99936E-1 9.99806E-1 9.99816E-1 9.99847E-1 9.99836E-1 9.99889E-1 9.99908E-1
-9999 9.5519E-1 9.4336E-1 8.75367E-1 9.33549E-1 7.16841E-1 6.85868E-1 7.68162E-1 7.9833E-1 7.53035E-1 7.70234E-1 8.39603E-1 9.49278E-1 9.43281E-1 9.50584E-1 9.21335E-1 9.59982E-1 9.37737E-1 9.85754E-1 9.86252E-1 9.91287E-1 9.86953E-1 9.85773E-1 9.79682E-1 9.89758E-1 9.93886E-1 9.91313E-1 9.8224E-1 9.90584E-1 9.90591E-1 9.94535E-1 9.96637E-1 9.98243E-1 9.98341E-1 9.98484E-1 9.99363E-1 9.98259E-1 9.95816E-1 9.93552E-1 9.97858E-1 9.97147E-1 9.98994E-1 9.99082E-1 9.98988E-1 9.99208E-1 9.99854E-1 9.99928E-1 9.99769E-1 9.99819E-1 9.99861E-1 9.99914E-1 9.99876E-1 9.99853E-1 9.99869E-1 9.99876E-1 9.99784E-1 9.99928E-1 9.99829E-1 9.99839E-1 9.99889E-1 9.99874E-1 9.99907E-1 9.99919E-1 9.99879E-1 9.99762E-1 9.99513E-1 9.99797E-1
-9999 9.39332E-1 9.17469E-1 8.93463E-1 8.9553E-1 8.55537E-1 7.84891E-1 7.70485E-1 7.82262E-1 8.47313E-1 8.04717E-1 8.97289E-1 9.22856E-1 8.95906E-1 8.91656E-1 9.2803E-1 9.6223E-1 9.28573E-1 9.90523E-1 9.91732E-1 9.85748E-1 9.90009E-1 9.87172E-1 9.77688E-1 9.64957E-1 9.81108E-1 9.75793E-1 9.74672E-1 9.80379E-1 9.83758E-1 9.65018E-1 9.91244E-1 9.84072E-1 9.96979E-1 9.95179E-1 9.9822E-1 9.98741E-1 9.98027E-1 9.98456E-1 9.96915E-1 9.96555E-1 9.97401E-1 9.98884E-1 9.98899E-1 9.99466E-1 9.99784E-1 9.99928E-1 9.99883E-1 9.99882E-1 9.99936E-1 9.99892E-1 9.99936E-1 9.99824E-1 9.99887E-1 9.99832E-1 9.99613E-1 9.99879E-1 9.997E-1 9.99677E-1 9.99777E-1 9.9992E-1 9.99846E-1 9.99827E-1 9.9965E-1 9.99642E-1 9.99766E-1 9.99036E-1
-9999 8.97509E-1 8.769E-1 8.44801E-1 8.40013E-1 8.72731E-1 7.90825E-1 7.90091E-1 8.1718E-1 8.89654E-1 8.77852E-1 8.62164E-1 8.32765E-1 9.13136E-1 8.68958E-1 9.10206E-1 9.48438E-1 9.48579E-1 9.59872E-1 9.89706E-1 9.90191E-1 9.88305E-1 9.72755E-1 9.54712E-1 9.52607E-1 9.73052E-1 9.86466E-1 9.75398E-1 9.735E-1 9.81524E-1 9.89713E-1 9.92184E-1 9.92282E-1 9.95015E-1 9.98628E-1 9.98916E-1 9.9873E-1 9.9893E-1 9.98936E-1 9.98604E-1 9.98179E-1 9.98399E-1 9.99146E-1 9.98297E-1 9.98709E-1 9.99708E-1 9.99803E-1 9.9976E-1 9.99981E-1 9.99961E-1 9.99977E-1 9.9992E-1 9.99912E-1 9.99839E-1 9.99601E-1 9.99961E-1 9.99714E-1 9.99696E-1 9.99835E-1 9.99721E-1 9.99921E-1 9.99827E-1 9.99583E-1 9.99787E-1 9.99782E-1 9.99898E-1 9.99861E-1
8.42382E-1 7.67977E-1 7.7873E-1 7.40717E-1 8.24756E-1 8.39151E-1 7.8643E-1 8.41857E-1 8.95448E-1 8.70998E-1 9.06809E-1 9.39853E-1 9.5826E-1 9.80931E-1 9.88317E-1 9.79437E-1 9.59441E-1 9.14931E-1 9.17097E-1 9.65499E-1 9.84578E-1 9.8995E-1 9.80697E-1 9.68037E-1 9.60742E-1 9.59752E-1 9.56164E-1 9.70387E-1 9.76109E-1 9.82126E-1 9.92843E-1 9.98454E-1 9.87851E-1 9.90309E-1 9.94434E-1 9.97008E-1 9.98832E-1 9.9889E-1 9.99486E-1 9.99103E-1 9.98995E-1 9.98592E-1 9.98718E-1 9.98991E-1 9.99497E-1 9.99624E-1 9.99777E-1 9.99818E-1 9.99896E-1 9.9993E-1 9.99934E-1 9.99879E-1 9.99972E-1 9.99972E-1 9.99985E-1 9.99981E-1 9.99888E-1 9.99841E-1 9.99941E-1 9.99907E-1 9.9992E-1 9.99925E-1 9.99794E-1 9.9992E-1 9.99627E-1 9.99698E-1 9.9957E-1
8.13016E-1 8.08271E-1 8.28921E-1 7.81778E-1 8.9973E-1 9.30672E-1 9.02183E-1 8.13304E-1 8.43292E-1 8.23755E-1 8.54311E-1 8.83688E-1 9.34963E-1 9.83118E-1 9.87756E-1 9.8877E-1 9.70275E-1 9.29446E-1 9.21977E-1 9.60277E-1 9.6011E-1 9.54453E-1 9.49942E-1 9.86434E-1 9.76784E-1 9.67217E-1 9.75321E-1 9.79672E-1 9.87682E-1 9.84767E-1 9.88377E-1 9.97346E-1 9.98075E-1 9.97617E-1 9.91695E-1 9.95215E-1 9.98813E-1 9.99015E-1 9.98611E-1 9.99699E-1 9.99563E-1 9.99739E-1 9.9933E-1 9.99466E-1 9.99608E-1 9.99802E-1 9.99829E-1 9.99849E-1 9.99882E-1 9.99823E-1 9.99662E-1 9.97707E-1 9.99206E-1 9.99744E-1 9.99924E-1 9.99919E-1 9.99947E-1 9.99894E-1 9.99693E-1 9.99715E-1 9.99929E-1 9.99957E-1 9.99896E-1 9.99936E-1 9.99936E-1 9.99888E-1 9.99874E-1
8.2011E-1 8.13612E-1 8.46405E-1 8.49476E-1 8.34689E-1 8.59931E-1 8.37584E-1 8.28869E-1 8.40363E-1 8.21433E-1 8.98412E-1 9.2078E-1 9.62285E-1 9.76566E-1 9.59383E-1 9.652E-1 9.43711E-1 9.20372E-1 9.61256E-1 9.55153E-1 9.34832E-1 9.56281E-1 9.59677E-1 9.63792E-1 9.82189E-1 9.79421E-1 9.89478E-1 9.92081E-1 9.92863E-1 9.92169E-1 9.97312E-1 9.95777E-1 9.89317E-1 9.95368E-1 9.97545E-1 9.97164E-1 9.97551E-1 9.97853E-1 9.98817E-1 9.9925E-1 9.98529E-1 9.99745E-1 9.99563E-1 9.99607E-1 9.99587E-1 9.99625E-1 9.9971E-1 9.99745E-1 9.99896E-1 9.99885E-1 9.99689E-1 9.99715E-1 9.99846E-1 9.99908E-1 9.99498E-1 9.99957E-1 9.99961E-1 9.9993E-1 9.99908E-1 9.99862E-1 9.99953E-1 9.99952E-1 9.99968E-1 9.99892E-1 9.9991E-1 9.99975E-1 9.99939E-1
8.91625E-1 8.91609E-1 8.36905E-1 7.93438E-1 8.50807E-1 8.56542E-1 8.43034E-1 8.06033E-1 8.30131E-1 8.00855E-1 8.62516E-1 9.34272E-1 9.74331E-1 9.66668E-1 9.43913E-1 9.63825E-1 9.47497E-1 9.61266E-1 9.85531E-1 9.68418E-1 9.68833E-1 9.56281E-1 9.63045E-1 9.68849E-1 9.78799E-1 9.92633E-1 9.9421E-1 9.94438E-1 9.93235E-1 9.90381E-1 9.95849E-1 9.97391E-1 9.95121E-1 9.94358E-1 9.93926E-1 9.97414E-1 9.88E-1 9.9706E-1 9.99088E-1 9.99391E-1 9.99507E-1 9.99759E-1 9.99611E-1 9.99394E-1 9.99745E-1 9.99593E-1 9.99804E-1 9.99586E-1 9.99866E-1 9.9992E-1 9.99902E-1 9.99899E-1 9.99919E-1 9.99916E-1 9.99884E-1 9.99923E-1 9.99912E-1 9.99941E-1 9.99916E-1 9.9993E-1 9.99986E-1 9.99613E-1 9.9997E-1 9.99975E-1 9.99971E-1 9.99985E-1 9.99956E-1
-9999 8.44943E-1 8.11681E-1 7.58057E-1 7.41489E-1 8.84468E-1 8.96373E-1 8.35345E-1 8.77405E-1 8.31168E-1 8.92712E-1 9.33391E-1 9.74752E-1 9.70579E-1 9.53459E-1 9.32219E-1 9.48578E-1 9.75219E-1 9.53015E-1 9.57389E-1 9.79964E-1 9.76623E-1 9.69384E-1 9.76261E-1 9.7872E-1 9.9045E-1 9.9371E-1 9.93802E-1 9.95464E-1 9.85328E-1 9.91418E-1 9.96208E-1 9.93917E-1 9.88736E-1 9.94939E-1 9.9695E-1 9.92648E-1 9.94648E-1 9.98054E-1 9.99443E-1 9.99802E-1 9.9978E-1 9.99345E-1 9.99673E-1 9.9983E-1 9.99785E-1 9.99842E-1 9.99929E-1 9.99838E-1 9.9996E-1 9.99892E-1 9.99903E-1 9.99925E-1 9.99869E-1 9.99637E-1 9.99854E-1 9.99929E-1 9.99956E-1 9.99942E-1 9.99921E-1 9.99927E-1 9.99628E-1 9.99974E-1 9.99906E-1 9.99961E-1 9.99993E-1 9.9995E-1
-9999 8.83433E-1 8.64256E-1 7.23507E-1 7.41648E-1 8.59644E-1 8.57931E-1 8.28198E-1 8.96352E-1 9.2046E-1 9.44594E-1 9.6936E-1 9.71705E-1 9.66071E-1 9.40558E-1 9.43034E-1 9.40605E-1 9.35765E-1 9.62695E-1 9.50824E-1 9.70015E-1 9.67672E-1 9.78694E-1 9.71925E-1 9.72889E-1 9.89E-1 9.90615E-1 9.89464E-1 9.92463E-1 9.89422E-1 9.89376E-1 9.88097E-1 9.91549E-1 9.9695E-1 9.9739E-1 9.95274E-1 9.96605E-1 9.97099E-1 9.97654E-1 9.98155E-1 9.99596E-1 9.99792E-1 9.99229E-1 9.99415E-1 9.99256E-1 9.99722E-1 9.99697E-1 9.99865E-1 9.99891E-1 9.99895E-1 9.99923E-1 9.99904E-1 9.99885E-1 9.99784E-1 9.99623E-1 9.99841E-1 9.99951E-1 9.99874E-1 9.9982E-1 9.9988E-1 9.99961E-1 9.99957E-1 9.9998E-1 9.99957E-1 9.99978E-1 9.9998E-1 9.99948E-1
-9999 8.70491E-1 8.93066E-1 8.21651E-1 7.13476E-1 8.81296E-1 8.42735E-1 8.47068E-1 8.9585E-1 8.92827E-1 9.68382E-1 9.2301E-1 9.19701E-1 9.46837E-1 9.4151E-1 9.55225E-1 9.34508E-1 9.34795E-1 9.72906E-1 9.57196E-1 9.85711E-1 9.75061E-1 9.85639E-1 9.80975E-1 9.52505E-1 9.83219E-1 9.85763E-1 9.86542E-1 9.87038E-1 9.96116E-1 9.95486E-1 9.81577E-1 9.92083E-1 9.98728E-1 9.98836E-1 9.98624E-1 9.98446E-1 9.97588E-1 9.98152E-1 9.99557E-1 9.99602E-1 9.97717E-1 9.97083E-1 9.9871E-1 9.98693E-1 9.99468E-1 9.99637E-1 9.99473E-1 9.97348E-1 9.99813E-1 9.9989E-1 9.99907E-1 9.99758E-1 9.99419E-1 9.99584E-1 9.99527E-1 9.99769E-1 9.99891E-1 9.99917E-1 9.99949E-1 9.9998E-1 9.99938E-1 9.99921E-1 9.99958E-1 9.99896E-1 9.99941E-1 9.99899E-1
-9999 6.9857E-1 8.29709E-1 8.06612E-1 8.37584E-1 7.37338E-1 8.754E-1 8.82983E-1 9.39324E-1 9.44444E-1 9.67924E-1 9.48078E-1 9.50422E-1 9.66791E-1 9.58256E-1 9.74471E-1 9.41981E-1 9.48794E-1 9.61632E-1 9.74928E-1 9.82103E-1 9.64372E-1 9.77994E-1 9.83542E-1 9.83477E-1 9.87113E-1 9.72053E-1 9.80259E-1 9.59914E-1 9.80249E-1 9.93388E-1 9.97401E-1 9.959E-1 9.95033E-1 9.9553E-1 9.99314E-1 9.99177E-1 9.99291E-1 9.98827E-1 9.97667E-1 9.98789E-1 9.99053E-1 9.97361E-1 9.9813E-1 9.97589E-1 9.97981E-1 9.99306E-1 9.99491E-1 9.99604E-1 9.9981E-1 9.99888E-1 9.99736E-1 9.9975E-1 9.99757E-1 9.99885E-1 9.99896E-1 9.99854E-1 9.99891E-1 9.99853E-1 9.99961E-1 9.99929E-1 9.99954E-1 9.99942E-1 9.99144E-1 9.98725E-1 9.99741E-1 9.99456E-1
-9999 -9999 8.7819E-1 8.84739E-1 9.0233E-1 8.4576E-1 8.64909E-1 8.88224E-1 9.20784E-1 9.28375E-1 9.60332E-1 9.75701E-1 9.56212E-1 9.06154E-1 9.44325E-1 9.40736E-1 9.57952E-1 9.31567E-1 9.76302E-1 9.71952E-1 9.81535E-1 9.63917E-1 9.74548E-1 9.70156E-1 9.87342E-1 9.82247E-1 9.73233E-1 9.77468E-1 9.79768E-1 9.91568E-1 9.96872E-1 9.96619E-1 9.94779E-1 9.93741E-1 9.96355E-1 9.98602E-1 9.97965E-1 9.97825E-1 9.97644E-1 9.98465E-1 9.99412E-1 9.99172E-1 9.98627E-1 9.98119E-1 9.9919E-1 9.99634E-1 9.9978E-1 9.99778E-1 9.99441E-1 9.9959E-1 9.99769E-1 9.99779E-1 9.9961E-1 9.99804E-1 9.99841E-1 9.99858E-1 9.99981E-1 9.99912E-1 9.99768E-1 9.98664E-1 9.99874E-1 9.99928E-1 9.99929E-1 9.99809E-1 9.97997E-1 9.99671E-1 9.99531E-1
-9999 -9999 8.87497E-1 9.40577E-1 9.25116E-1 8.87933E-1 9.56007E-1 8.84365E-1 8.05554E-1 8.87418E-1 9.25639E-1 9.73641E-1 9.64082E-1 9.4218E-1 9.67129E-1 9.56264E-1 9.45544E-1 9.46966E-1 9.57341E-1 9.71141E-1 9.74354E-1 9.45002E-1 9.54517E-1 9.58047E-1 9.70783E-1 9.83377E-1 9.92095E-1 9.83928E-1 9.7263E-1 9.85396E-1 9.94388E-1 9.83258E-1 9.89374E-1 9.93157E-1 9.96618E-1 9.98612E-1 9.98528E-1 9.97088E-1 9.96785E-1 9.98211E-1 9.98965E-1 9.98979E-1 9.99697E-1 9.9916E-1 9.99591E-1 9.99571E-1 9.99483E-1 9.99528E-1 9.99394E-1 9.98717E-1 9.99287E-1 9.99794E-1 9.99627E-1 9.99868E-1 9.99837E-1 9.99895E-1 9.99889E-1 9.99839E-1 9.99806E-1 9.97431E-1 9.99875E-1 9.9987E-1 9.9988E-1 9.99567E-1 9.97012E-1 9.99752E-1 9.9967E-1
-9999 -9999 -9999 9.239E-1 9.3169E-1 8.59921E-1 8.76573E-1 9.15512E-1 8.08213E-1 8.69525E-1 9.04893E-1 9.27838E-1 9.33071E-1 9.60807E-1 9.15806E-1 9.00711E-1 9.24099E-1 9.51487E-1 9.60094E-1 9.81984E-1 9.77992E-1 9.46222E-1 9.3567E-1 9.53962E-1 9.56053E-1 9.81626E-1 9.92631E-1 9.91075E-1 9.82542E-1 9.88287E-1 9.88319E-1 9.89777E-1 9.89601E-1 9.94365E-1 9.97624E-1 9.98507E-1 9.96734E-1 9.95007E-1 9.96624E-1 9.98635E-1 9.98382E-1 9.98432E-1 9.99229E-1 9.99439E-1 9.99037E-1 9.99694E-1 9.98356E-1 9.98462E-1 9.98696E-1 9.99384E-1 9.98904E-1 9.9969E-1 9.99725E-1 9.99899E-1 9.99802E-1 9.99735E-1 9.99837E-1 9.99908E-1 9.99931E-1 9.99889E-1 9.99791E-1 9.99621E-1 9.99726E-1 9.99786E-1 9.94021E-1 9.99764E-1 9.99669E-1
-9999 -9999 -9999 9.15125E-1 9.20607E-1 8.65047E-1 8.54279E-1 8.17896E-1 9.051E-1 8.85168E-1 9.03283E-1 9.512E-1 9.27915E-1 9.59921E-1 9.45885E-1 9.38357E-1 9.27316E-1 9.32669E-1 9.35436E-1 9.82805E-1 9.86672E-1 9.89746E-1 9.74262E-1 9.73477E-1 9.60189E-1 9.89024E-1 9.90818E-1 9.88994E-1 9.84636E-1 9.88846E-1 9.90544E-1 9.87809E-1 9.93049E-1 9.973E-1 9.96446E-1 9.9571E-1 9.93569E-1 9.94252E-1 9.96238E-1 9.98512E-1 9.98983E-1 9.99417E-1 9.99566E-1 9.98996E-1 9.99531E-1 9.99307E-1 9.98353E-1 9.98392E-1 9.98715E-1 9.99362E-1 9.99349E-1 9.99472E-1 9.99777E-1 9.99683E-1 9.99465E-1 9.99725E-1 9.99686E-1 9.99761E-1 9.99898E-1 9.98099E-1 9.99822E-1 9.99085E-1 9.99593E-1 9.99291E-1 9.99369E-1 9.99473E-1 9.99124E-1
-9999 -9999 -9999 9.1386E-1 9.25003E-1 9.02743E-1 9.20405E-1 9.32505E-1 9.19595E-1 9.36232E-1 9.58239E-1 9.37142E-1 9.23114E-1 9.73306E-1 9.70129E-1 9.50116E-1 9.39482E-1 9.08989E-1 9.52251E-1 9.83304E-1 9.92195E-1 9.94076E-1 9.92704E-1 9.83501E-1 9.61112E-1 9.84515E-1 9.7461E-1 9.84306E-1 9.74689E-1 9.64245E-1 9.80232E-1 9.86088E-1 9.90114E-1 9.94839E-1 9.81965E-1 9.88965E-1 9.94604E-1 9.90218E-1 9.96074E-1 9.96304E-1 9.98016E-1 9.98745E-1 9.98259E-1 9.98869E-1 9.9922E-1 9.98633E-1 9.98965E-1 9.98619E-1 9.99593E-1 9.99318E-1 9.99599E-1 9.99776E-1 9.99678E-1 9.97866E-1 9.98441E-1 9.98887E-1 9.9952E-1 9.99561E-1 9.99371E-1 9.97218E-1 9.99692E-1 9.99901E-1 9.95851E-1 9.99277E-1 9.95114E-1 9.94515E-1 9.96078E-1
-9999 -9999 8.68531E-1 9.53747E-1 9.4126E-1 8.46154E-1 9.16498E-1 9.27678E-1 9.43142E-1 9.60781E-1 9.52267E-1 9.30549E-1 9.36111E-1 9.65115E-1 9.69559E-1 9.89093E-1 9.80177E-1 9.50727E-1 9.25332E-1 9.38135E-1 9.79791E-1 9.75833E-1 9.88787E-1 9.83084E-1 9.74033E-1 9.78159E-1 9.72925E-1 9.87056E-1 9.74631E-1 9.91392E-1 9.87412E-1 9.8808E-1 9.8961E-1 9.93624E-1 9.94526E-1 9.93713E-1 9.94216E-1 9.93279E-1 9.94546E-1 9.95541E-1 9.96192E-1 9.95175E-1 9.98211E-1 9.98376E-1 9.97205E-1 9.97698E-1 9.98912E-1 9.99481E-1 9.99673E-1 9.99778E-1 9.99838E-1 9.98264E-1 9.99408E-1 9.92656E-1 9.99094E-1 9.98888E-1 9.99405E-1 9.99062E-1 9.99045E-1 9.99533E-1 9.99777E-1 9.99865E-1 9.9709E-1 9.94655E-1 9.945E-1 9.93116E-1 9.92237E-1
-9999 -9999 -9999 9.80664E-1 9.67302E-1 9.1124E-1 9.1925E-1 9.44616E-1 9.55966E-1 9.76775E-1 9.74914E-1 9.45327E-1 9.71382E-1 9.75705E-1 9.63616E-1 9.45376E-1 9.41826E-1 8.91759E-1 8.68216E-1 8.13802E-1 9.04429E-1 9.48757E-1 9.52365E-1 9.84014E-1 9.54716E-1 9.69326E-1 9.86803E-1 9.83752E-1 9.95253E-1 9.94773E-1 9.85734E-1 9.89677E-1 9.93198E-1 9.90668E-1 9.93524E-1 9.94276E-1 9.95558E-1 9.94357E-1 9.95153E-1 9.96165E-1 9.97027E-1 9.97519E-1 9.96648E-1 9.98357E-1 9.98178E-1 9.97191E-1 9.98347E-1 9.99393E-1 9.99706E-1 9.99395E-1 9.99632E-1 9.99668E-1 9.99546E-1 9.99708E-1 9.99709E-1 9.99311E-1 9.9896E-1 9.9948E-1 9.99507E-1 9.99524E-1 9.99741E-1 9.99856E-1 9.99641E-1 9.99703E-1 9.99722E-1 9.97616E-1 9.97434E-1
-9999 -9999 -9999 9.75751E-1 9.79462E-1 9.40013E-1 9.6675E-1 9.58194E-1 9.55137E-1 9.56191E-1 9.71021E-1 9.45149E-1 9.27908E-1 9.0888E-1 9.15929E-1 8.94585E-1 8.70429E-1 7.9605E-1 8.48853E-1 8.0584E-1 8.3078E-1 9.33119E-1 9.3172E-1 9.28748E-1 9.52942E-1 9.15178E-1 9.67704E-1 9.65726E-1 9.78125E-1 9.84095E-1 9.83754E-1 9.82968E-1 9.92553E-1 9.93994E-1 9.82149E-1 9.86886E-1 9.92801E-1 9.972E-1 9.95969E-1 9.95276E-1 9.97427E-1 9.97676E-1 9.94375E-1 9.97154E-1 9.97071E-1 9.98495E-1 9.976E-1 9.99553E-1 9.99513E-1 9.99479E-1 9.99756E-1 9.99707E-1 9.99853E-1 9.99592E-1 9.9953E-1 9.99525E-1 9.99432E-1 9.99425E-1 9.9972E-1 9.99523E-1 9.99547E-1 9.99686E-1 9.99622E-1 9.99702E-1 9.99771E-1 9.93047E-1 9.99498E-1
-9999 -9999 -9999 9.6395E-1 9.89075E-1 8.79636E-1 9.58962E-1 9.4851E-1 9.35872E-1 9.13378E-1 9.32466E-1 9.26392E-1 8.60362E-1 7.63203E-1 7.65204E-1 8.03646E-1 8.03438E-1 7.99078E-1 8.12823E-1 8.8216E-1 9.02227E-1 9.01886E-1 9.0488E-1 9.32984E-1 9.36063E-1 9.15025E-1 9.4653E-1 9.64002E-1 9.24867E-1 9.38363E-1 9.69722E-1 9.68087E-1 9.73934E-1 9.82387E-1 9.87083E-1 9.86544E-1 9.91086E-1 9.97095E-1 9.965E-1 9.97347E-1 9.97429E-1 9.97405E-1 9.95048E-1 9.92729E-1 9.94887E-1 9.95021E-1 9.97444E-1 9.98891E-1 9.99212E-1 9.99471E-1 9.9942E-1 9.9947E-1 9.99674E-1 9.99795E-1 9.99741E-1 9.99483E-1 9.99354E-1 9.99562E-1 9.99488E-1 9.99252E-1 9.99471E-1 9.99725E-1 9.99354E-1 9.94875E-1 9.99276E-1 9.94269E-1 9.91525E-1
-9999 -9999 -9999 9.64412E-1 9.76346E-1 9.20609E-1 9.62247E-1 9.35151E-1 9.03378E-1 8.52641E-1 8.74718E-1 8.62376E-1 8.55977E-1 7.92734E-1 7.16087E-1 8.0375E-1 7.76674E-1 6.94155E-1 8.28802E-1 8.72243E-1 8.89853E-1 8.67931E-1 8.84095E-1 8.98426E-1 9.00334E-1 9.12323E-1 9.40876E-1 9.50164E-1 9.49726E-1 9.53385E-1 9.8107E-1 9.86247E-1 9.76762E-1 9.70658E-1 9.87058E-1 9.88292E-1 9.92851E-1 9.97118E-1 9.91397E-1 9.9647E-1 9.97109E-1 9.96535E-1 9.94353E-1 9.94532E-1 9.95615E-1 9.96073E-1 9.98096E-1 9.98005E-1 9.98175E-1 9.9947E-1 9.99381E-1 9.9925E-1 9.99231E-1 9.99845E-1 9.99853E-1 9.99435E-1 9.99382E-1 9.9893E-1 9.99319E-1 9.9955E-1 9.99057E-1 9.99228E-1 9.99561E-1 9.99028E-1 9.88398E-1 9.89159E-1 9.90619E-1
-9999 -9999 9.76791E-1 9.75478E-1 9.50182E-1 8.83854E-1 9.52209E-1 9.5265E-1 8.7799E-1 8.74522E-1 9.02825E-1 8.95107E-1 8.83363E-1 8.34825E-1 8.20293E-1 7.78617E-1 7.74161E-1 7.09799E-1 7.99653E-1 8.86786E-1 8.82653E-1 9.33212E-1 9.38738E-1 9.24627E-1 9.17664E-1 9.52743E-1 9.47425E-1 9.10786E-1 9.68018E-1 9.66801E-1 9.72254E-1 9.85098E-1 9.83947E-1 9.77744E-1 9.80065E-1 9.76891E-1 9.93129E-1 9.95686E-1 9.93779E-1 9.9667E-1 9.96485E-1 9.96488E-1 9.94498E-1 9.93197E-1 9.94297E-1 9.93746E-1 9.97991E-1 9.97299E-1 9.97207E-1 9.98871E-1 9.98849E-1 9.99374E-1 9.98343E-1 9.99145E-1 9.99586E-1 9.99102E-1 9.9897E-1 9.98544E-1 9.98717E-1 9.99741E-1 9.99399E-1 9.99667E-1 9.99362E-1 9.99013E-1 9.93154E-1 9.95728E-1 9.96604E-1
-9999 -9999 9.44788E-1 9.1228E-1 9.47419E-1 9.10343E-1 9.20343E-1 8.90513E-1 8.56103E-1 8.19779E-1 8.48044E-1 8.77475E-1 8.72628E-1 8.69411E-1 8.15006E-1 8.47516E-1 8.69585E-1 8.21787E-1 8.34106E-1 8.5862E-1 9.39347E-1 9.6376E-1 9.43131E-1 9.2443E-1 9.28015E-1 9.30387E-1 9.52369E-1 9.51007E-1 9.56047E-1 9.68185E-1 9.69514E-1 9.76024E-1 9.80542E-1 9.87429E-1 9.79699E-1 9.8472E-1 9.90668E-1 9.94097E-1 9.93981E-1 9.96722E-1 9.94283E-1 9.94933E-1 9.94351E-1 9.96644E-1 9.96939E-1 9.96132E-1 9.97759E-1 9.95207E-1 9.96316E-1 9.98894E-1 9.98751E-1 9.98951E-1 9.9858E-1 9.97873E-1 9.97914E-1 9.9932E-1 9.99585E-1 9.99115E-1 9.99147E-1 9.99572E-1 9.99591E-1 9.99409E-1 9.92188E-1 9.96309E-1 9.92655E-1 9.90762E-1 9.99953E-1
-9999 -9999 9.30775E-1 9.22529E-1 8.8186E-1 9.29526E-1 9.24418E-1 8.82158E-1 7.78395E-1 7.36498E-1 7.53036E-1 8.55523E-1 7.75502E-1 8.43967E-1 8.2815E-1 8.46096E-1 8.58815E-1 8.60955E-1 9.03694E-1 9.34234E-1 9.05618E-1 9.33635E-1 9.52965E-1 9.5191E-1 9.14856E-1 9.56957E-1 9.52623E-1 9.5115E-1 9.79725E-1 9.80968E-1 9.66501E-1 9.7639E-1 9.76026E-1 9.77517E-1 9.8535E-1 9.78696E-1 9.95042E-1 9.82201E-1 9.79009E-1 9.837E-1 9.95396E-1 9.95903E-1 9.95025E-1 9.95997E-1 9.94996E-1 9.95436E-1 9.97635E-1 9.97875E-1 9.98788E-1 9.98397E-1 9.99415E-1 9.99168E-1 9.99625E-1 9.93604E-1 9.97494E-1 9.93746E-1 9.99008E-1 9.99058E-1 9.98656E-1 9.9961E-1 9.99734E-1 9.99769E-1 9.94539E-1 9.99491E-1 9.98099E-1 9.82443E-1 9.99915E-1
-9999 -9999 9.61499E-1 9.34751E-1 8.7083E-1 9.3135E-1 9.15154E-1 8.60674E-1 8.701E-1 9.01187E-1 9.18417E-1 8.75422E-1 8.06638E-1 8.14597E-1 8.60305E-1 8.44475E-1 8.60723E-1 9.06161E-1 9.14967E-1 9.13852E-1 8.90731E-1 8.81699E-1 8.90103E-1 9.36286E-1 9.48477E-1 9.54339E-1 9.11849E-1 9.47983E-1 9.78456E-1 9.80615E-1 9.77088E-1 9.90156E-1 9.78895E-1 9.68006E-1 9.85255E-1 9.89535E-1 9.93016E-1 9.87996E-1 9.86362E-1 9.92089E-1 9.88365E-1 9.74212E-1 9.91045E-1 9.94945E-1 9.95777E-1 9.95737E-1 9.95003E-1 9.97688E-1 9.98601E-1 9.98879E-1 9.98601E-1 9.99027E-1 9.9882E-1 9.99278E-1 9.99455E-1 9.99153E-1 9.97828E-1 9.98915E-1 9.99066E-1 9.98842E-1 9.99694E-1 9.99453E-1 9.91264E-1 9.99367E-1 9.98529E-1 9.92223E-1 9.92936E-1
-9999 -9999 9.81997E-1 9.62766E-1 8.80952E-1 9.49504E-1 9.20699E-1 8.85186E-1 8.78186E-1 9.39405E-1 9.2453E-1 9.33633E-1 9.0924E-1 8.98343E-1 8.01903E-1 8.48243E-1 8.57806E-1 8.87687E-1 9.04133E-1 8.97332E-1 8.8646E-1 9.16659E-1 9.26381E-1 9.52534E-1 9.47884E-1 9.64362E-1 9.39278E-1 9.1995E-1 9.62921E-1 9.5715E-1 9.81588E-1 9.76618E-1 9.77625E-1 9.78245E-1 9.8902E-1 9.91278E-1 9.93464E-1 9.87213E-1 9.79815E-1 9.88478E-1 9.87295E-1 9.79545E-1 9.88425E-1 9.89353E-1 9.90507E-1 9.92472E-1 9.93982E-1 9.94972E-1 9.97132E-1 9.98855E-1 9.96236E-1 9.97589E-1 9.98397E-1 9.98843E-1 9.97461E-1 9.98928E-1 9.99379E-1 9.99067E-1 9.98827E-1 9.99403E-1 9.99408E-1 9.99744E-1 9.99529E-1 9.94563E-1 9.98241E-1 9.8665E-1 9.95308E-1
