ENM/Final_Models/M_2_F_q_Set_1_EC/Gustavia_santanderiensis_2_Choco.asc
ncols         367
nrows         963
xllcorner     -78.6
yllcorner     0.65
cellsize      0.00833333333333323
NODATA_value  -9999
[rows 891 to 923 of 963, columns 0 to 74 of 367]
-9999 -9999 -9999 -9999 -9999 -9999 -9999 -9999 -9999 -9999 -9999 -9999 -9999 -9999 -9999 -9999 -9999 -9999 -9999 -9999 -9999 -9999 -9999 9.77276E-1 9.90183E-1 9.982E-1 9.99036E-1 9.97025E-1 9.95816E-1 9.9361E-1 9.9757E-1 9.99273E-1 9.98805E-1 9.82067E-1 9.9977E-1 9.99725E-1 9.99885E-1 9.99396E-1 9.96674E-1 9.89651E-1 9.99974E-1 9.99748E-1 9.8872E-1 9.92962E-1 9.20406E-1 9.06543E-1 9.09137E-1 8.42026E-1 8.60817E-1 7.63864E-1 6.01361E-1 5.83618E-1 5.29405E-1 2.48799E-1 4.99425E-2 3.47308E-3 1.78406E-2 1.59764E-1 5.22453E-1 7.90174E-1 6.24088E-1 2.41203E-1 4.00154E-2 2.21372E-2 1.98891E-2 1.61921E-2 3.54095E-2 2.65219E-2 2.0481E-2 6.03392E-2 2.83727E-2 1.04722E-2 1.13487E-2 9.99768E-3 1.99851E-3
-9999 -9999 -9999 -9999 -9999 -9999 -9999 -9999 -9999 -9999 -9999 -9999 -9999 -9999 -9999 -9999 -9999 -9999 -9999 -9999 -9999 -9999 -9999 9.92972E-1 9.84479E-1 9.80978E-1 9.9405E-1 9.76395E-1 9.91548E-1 9.96652E-1 9.9578E-1 9.89742E-1 9.99596E-1 9.99635E-1 9.98874E-1 9.9893E-1 9.9928E-1 9.99494E-1 9.99734E-1 9.99878E-1 9.99694E-1 9.99693E-1 9.97879E-1 9.42031E-1 9.7417E-1 8.99701E-1 9.81761E-1 9.08919E-1 8.51893E-1 7.41285E-1 6.50907E-1 5.24081E-1 3.22037E-1 1.26586E-1 2.98709E-2 6.4452E-3 1.8933E-2 1.03895E-1 5.21594E-1 5.83199E-1 6.44914E-1 3.2609E-1 4.77694E-2 2.38494E-2 4.04616E-2 2.43351E-1 1.72062E-1 1.08982E-1 2.56745E-1 1.79222E-1 5.1536E-2 9.36708E-3 2.57362E-3 5.08247E-3 2.66022E-3
-9999 -9999 -9999 -9999 -9999 -9999 -9999 -9999 -9999 -9999 -9999 -9999 -9999 -9999 -9999 -9999 -9999 -9999 -9999 -9999 -9999 -9999 -9999 -9999 -9999 9.76086E-1 9.77955E-1 9.8687E-1 9.79013E-1 9.97605E-1 9.9359E-1 9.75542E-1 9.94522E-1 9.97185E-1 9.97216E-1 9.91511E-1 9.84403E-1 9.5146E-1 9.69059E-1 9.99429E-1 9.90393E-1 9.98251E-1 9.99747E-1 9.93037E-1 9.95861E-1 9.69364E-1 9.75534E-1 9.52187E-1 8.75636E-1 8.43458E-1 7.41551E-1 6.44163E-1 4.48343E-1 1.62304E-1 5.49705E-2 1.27578E-2 4.24054E-2 1.52238E-1 4.43696E-1 4.9963E-1 6.41921E-1 5.17608E-1 1.02824E-1 6.17588E-2 1.77742E-1 3.86722E-1 2.96187E-1 2.24578E-1 3.10542E-1 2.80683E-1 2.47094E-1 4.9993E-2 2.6254E-2 1.48407E-2 6.10969E-3
-9999 -9999 -9999 -9999 -9999 -9999 -9999 -9999 -9999 -9999 -9999 -9999 -9999 -9999 -9999 -9999 -9999 -9999 -9999 -9999 -9999 9.83895E-1 9.8303E-1 -9999 -9999 9.61654E-1 9.3949E-1 9.50212E-1 9.64895E-1 9.69949E-1 9.85518E-1 9.65407E-1 9.84393E-1 9.93408E-1 9.90071E-1 9.38094E-1 9.13158E-1 9.17428E-1 9.21823E-1 9.73105E-1 9.29528E-1 9.61972E-1 9.89998E-1 9.99485E-1 9.9252E-1 9.7926E-1 9.75269E-1 7.38917E-1 8.59432E-1 8.46583E-1 7.77943E-1 6.59938E-1 4.09844E-1 1.18497E-1 4.98523E-2 1.50157E-2 5.89253E-2 2.54895E-1 4.41377E-1 5.96998E-1 5.33626E-1 5.55077E-1 2.60807E-1 4.231E-1 4.22974E-1 5.20878E-1 3.95521E-1 3.39156E-1 1.95811E-1 7.26467E-2 2.45256E-1 1.90425E-1 1.25226E-1 3.19559E-2 2.30938E-2
-9999 -9999 -9999 -9999 -9999 -9999 -9999 -9999 -9999 -9999 -9999 -9999 -9999 -9999 -9999 -9999 -9999 -9999 -9999 -9999 -9999 9.31166E-1 9.35878E-1 9.53953E-1 9.50413E-1 9.32368E-1 9.03255E-1 8.7353E-1 9.24706E-1 9.20553E-1 9.24878E-1 9.17678E-1 9.4998E-1 9.83983E-1 9.94735E-1 9.60863E-1 9.0496E-1 8.82094E-1 8.75937E-1 8.82032E-1 7.77841E-1 8.37301E-1 9.196E-1 9.91928E-1 9.71038E-1 8.44709E-1 8.38671E-1 7.85341E-1 8.60351E-1 8.28116E-1 7.30439E-1 6.45873E-1 3.06543E-1 1.26325E-1 1.50569E-2 7.31436E-3 2.93827E-2 2.20165E-1 5.55231E-1 6.95066E-1 3.82981E-1 4.8834E-1 4.85529E-1 2.64742E-1 2.64929E-1 2.22289E-1 3.11405E-1 2.15925E-1 1.68407E-2 5.2392E-3 4.58934E-2 1.1612E-1 1.91869E-1 9.62986E-2 2.07887E-2
-9999 -9999 -9999 -9999 -9999 -9999 -9999 -9999 -9999 -9999 -9999 -9999 -9999 -9999 -9999 -9999 -9999 -9999 -9999 -9999 9.72709E-1 9.55111E-1 9.39874E-1 8.60848E-1 8.69379E-1 8.86133E-1 8.59134E-1 8.11362E-1 8.45288E-1 8.37513E-1 8.48205E-1 8.57214E-1 8.62806E-1 9.0034E-1 9.72053E-1 9.64558E-1 9.28282E-1 8.00332E-1 8.04423E-1 8.24255E-1 7.63554E-1 9.83962E-1 9.68171E-1 9.15155E-1 8.20612E-1 8.69128E-1 7.47743E-1 6.17731E-1 6.43494E-1 6.7969E-1 5.83603E-1 3.9614E-1 2.57278E-1 1.05351E-1 3.73904E-2 6.6385E-3 2.30954E-2 2.5962E-1 4.16797E-1 5.76894E-1 2.70988E-1 1.43661E-1 5.20587E-2 1.90787E-2 5.87024E-3 1.73932E-2 2.40019E-2 1.22548E-1 1.86407E-2 2.30434E-3 1.45646E-2 6.60835E-2 6.5675E-2 8.30876E-2 8.66744E-2
-9999 -9999 -9999 -9999 -9999 -9999 -9999 -9999 -9999 -9999 -9999 -9999 -9999 -9999 -9999 -9999 -9999 -9999 -9999 -9999 9.78606E-1 9.66788E-1 9.12433E-1 8.99493E-1 7.93728E-1 8.0292E-1 7.53797E-1 7.66405E-1 7.60734E-1 7.14488E-1 8.23227E-1 7.85456E-1 9.098E-1 9.33227E-1 9.60683E-1 9.43896E-1 9.38994E-1 8.68895E-1 7.88212E-1 7.32831E-1 7.36599E-1 9.65249E-1 9.96094E-1 9.81624E-1 8.69837E-1 7.8444E-1 5.72256E-1 3.01064E-1 2.71387E-1 3.83947E-1 4.51666E-1 2.98753E-1 1.91141E-1 6.5814E-2 1.09093E-2 3.98673E-3 2.16248E-2 2.59061E-1 2.50826E-1 5.19542E-1 5.09775E-1 1.95055E-1 3.9244E-2 6.47421E-3 2.95877E-3 1.92557E-3 8.63645E-3 2.46124E-2 1.77837E-2 1.1217E-3 2.95494E-3 3.64807E-2 2.39876E-2 3.01555E-2 4.41505E-2
-9999 -9999 -9999 -9999 -9999 -9999 -9999 -9999 -9999 -9999 -9999 -9999 -9999 -9999 -9999 -9999 -9999 -9999 -9999 -9999 9.95002E-1 9.75465E-1 9.61245E-1 8.66254E-1 8.027E-1 8.22393E-1 6.92184E-1 7.59176E-1 7.02771E-1 7.53656E-1 9.06419E-1 8.51916E-1 9.50073E-1 8.67487E-1 9.46441E-1 9.32412E-1 9.00326E-1 7.29581E-1 7.87524E-1 7.30587E-1 7.38091E-1 9.43535E-1 9.9501E-1 9.92872E-1 9.6332E-1 7.20163E-1 5.65182E-1 2.59529E-1 1.37421E-1 1.69362E-1 1.62468E-1 1.67554E-1 1.237E-1 2.9275E-2 8.49816E-3 2.49799E-3 8.42017E-3 5.47162E-2 1.75303E-1 3.25523E-1 6.01134E-1 2.24763E-1 5.43455E-2 6.92762E-3 3.88869E-3 6.59177E-4 1.06971E-3 5.99302E-3 1.15566E-2 9.47382E-4 2.44088E-3 1.01382E-2 5.93566E-3 9.85652E-3 1.57648E-2
-9999 -9999 -9999 -9999 -9999 -9999 -9999 -9999 -9999 -9999 -9999 -9999 -9999 -9999 -9999 -9999 -9999 -9999 -9999 -9999 -9999 9.77134E-1 9.81764E-1 9.58836E-1 8.44026E-1 6.91296E-1 7.87732E-1 9.07899E-1 9.0684E-1 9.38887E-1 9.31641E-1 9.22555E-1 9.24392E-1 8.76593E-1 8.26165E-1 9.24675E-1 9.18681E-1 8.28682E-1 8.02081E-1 7.46121E-1 8.49121E-1 9.53942E-1 9.91419E-1 9.90189E-1 9.36258E-1 7.2598E-1 6.37181E-1 4.33217E-1 1.94742E-1 9.72267E-2 9.3487E-2 7.59505E-2 3.60837E-2 1.66711E-2 5.32422E-3 2.24717E-3 4.63271E-3 1.46437E-2 3.9044E-2 1.23894E-1 4.81864E-1 3.98412E-1 1.5594E-1 1.52591E-2 5.93435E-3 1.88837E-3 9.54938E-4 4.06515E-3 5.85555E-3 1.37586E-3 5.32656E-4 2.11466E-3 1.33437E-3 1.56139E-3 6.57996E-3
-9999 -9999 -9999 -9999 -9999 -9999 -9999 -9999 -9999 -9999 -9999 -9999 -9999 -9999 -9999 -9999 -9999 -9999 -9999 -9999 -9999 9.69546E-1 9.70579E-1 9.62379E-1 8.38111E-1 7.95735E-1 9.63867E-1 9.27869E-1 9.20567E-1 8.3931E-1 7.42444E-1 7.6853E-1 8.88855E-1 8.49392E-1 8.21601E-1 9.22143E-1 9.80402E-1 8.85347E-1 7.37498E-1 8.34702E-1 9.17727E-1 9.55037E-1 9.86381E-1 9.75194E-1 9.06694E-1 7.0366E-1 7.48248E-1 6.14744E-1 4.21286E-1 1.91142E-1 3.48932E-2 1.45287E-2 1.40795E-2 7.29522E-3 2.15682E-3 1.77565E-3 1.70565E-3 4.46794E-3 1.58297E-2 9.90043E-2 3.00988E-1 3.76324E-1 1.96574E-1 1.02442E-2 8.88854E-3 2.16452E-3 3.63754E-4 3.39145E-3 2.57493E-3 2.10946E-3 3.13999E-3 3.15491E-3 1.08081E-3 1.02788E-3 2.76283E-3
-9999 -9999 -9999 -9999 -9999 -9999 -9999 -9999 -9999 -9999 -9999 -9999 -9999 -9999 -9999 -9999 -9999 -9999 -9999 -9999 9.77723E-1 9.28188E-1 9.17094E-1 9.30378E-1 9.34136E-1 9.66638E-1 9.78394E-1 9.23606E-1 8.80066E-1 7.57162E-1 7.45199E-1 6.6248E-1 6.76879E-1 7.26891E-1 8.1325E-1 8.73052E-1 9.54953E-1 8.73847E-1 7.41729E-1 7.53E-1 8.88244E-1 9.78491E-1 9.41728E-1 9.22623E-1 5.72447E-1 6.84097E-1 5.56576E-1 6.20602E-1 4.4454E-1 4.43086E-2 1.49217E-2 3.90993E-3 1.70873E-3 9.77524E-4 4.52136E-4 2.93121E-4 7.09652E-4 2.65754E-3 4.85454E-3 4.41194E-2 7.27976E-2 2.4113E-1 1.85244E-1 8.99428E-3 2.61551E-2 4.42981E-3 1.25353E-3 2.0322E-3 5.76847E-3 9.65122E-3 6.15389E-3 3.67348E-3 8.51434E-4 7.08777E-4 1.41319E-3
-9999 -9999 -9999 -9999 -9999 -9999 -9999 -9999 -9999 -9999 -9999 -9999 -9999 -9999 -9999 -9999 -9999 -9999 -9999 -9999 9.65486E-1 9.57087E-1 8.95717E-1 9.30727E-1 9.70772E-1 9.72492E-1 9.54041E-1 9.43443E-1 9.28646E-1 8.97602E-1 9.27673E-1 8.51256E-1 7.66197E-1 7.20854E-1 7.12657E-1 9.07343E-1 9.47036E-1 8.73069E-1 7.82151E-1 8.14736E-1 9.32904E-1 9.79347E-1 9.53906E-1 8.01219E-1 6.21552E-1 5.69839E-1 3.90591E-1 2.37768E-1 1.46659E-1 3.90939E-2 7.60998E-3 2.7039E-3 6.87306E-4 4.51439E-4 2.75158E-4 1.80559E-4 2.17434E-4 5.51171E-4 5.23917E-3 6.36414E-3 2.16643E-2 1.92569E-1 1.89874E-1 1.53335E-1 3.25106E-2 2.49222E-2 1.25159E-2 8.78139E-3 1.68504E-2 2.17047E-2 6.50223E-3 3.92323E-3 2.33628E-3 2.74795E-3 2.36598E-3
-9999 -9999 -9999 -9999 -9999 -9999 -9999 -9999 -9999 -9999 -9999 -9999 -9999 -9999 -9999 -9999 -9999 -9999 -9999 -9999 9.25927E-1 9.29801E-1 9.32436E-1 8.70526E-1 9.14949E-1 8.15364E-1 8.26798E-1 8.5952E-1 8.15687E-1 8.03827E-1 8.21917E-1 8.49275E-1 7.30067E-1 6.72209E-1 6.83313E-1 7.5834E-1 9.282E-1 9.18965E-1 7.73672E-1 8.70228E-1 9.54974E-1 9.55598E-1 9.79339E-1 8.36739E-1 5.09555E-1 3.67514E-1 2.66657E-1 1.11415E-1 1.13082E-1 7.09333E-2 1.36724E-2 1.09394E-2 1.81E-3 4.65002E-4 1.30523E-4 1.50793E-4 1.31585E-4 3.8794E-4 4.41184E-3 8.91443E-3 3.44899E-2 1.19271E-1 2.14902E-1 1.14872E-1 1.01822E-1 8.87911E-2 1.89338E-2 2.02943E-2 3.59045E-2 1.18262E-2 7.77037E-3 4.18049E-3 3.58302E-3 2.12042E-3 1.90684E-3
-9999 -9999 -9999 -9999 -9999 -9999 -9999 -9999 -9999 -9999 -9999 -9999 -9999 -9999 -9999 -9999 -9999 -9999 -9999 -9999 -9999 -9999 -9999 -9999 9.32091E-1 8.49095E-1 6.98076E-1 7.84698E-1 7.71539E-1 7.32959E-1 7.0438E-1 7.56181E-1 7.22814E-1 6.49665E-1 5.6587E-1 7.30103E-1 8.91971E-1 8.91313E-1 7.32261E-1 8.48827E-1 8.36167E-1 9.18959E-1 8.88812E-1 8.61215E-1 6.48854E-1 5.37256E-1 3.59479E-1 1.6214E-1 1.99468E-1 2.03328E-1 5.45957E-2 2.10942E-2 8.35429E-3 3.38414E-3 2.31205E-4 7.61723E-5 8.74337E-5 3.93473E-4 2.74965E-3 1.68023E-2 1.5162E-2 9.30718E-3 6.27909E-2 2.23709E-1 5.00674E-2 3.43271E-2 5.74147E-2 2.88635E-2 3.64822E-2 1.14759E-2 7.15413E-3 4.86774E-3 4.84823E-3 3.73291E-3 1.05221E-3
-9999 -9999 -9999 -9999 -9999 -9999 -9999 -9999 -9999 -9999 -9999 -9999 -9999 -9999 -9999 -9999 -9999 -9999 -9999 -9999 -9999 -9999 -9999 -9999 -9999 9.77194E-1 8.19296E-1 9.0848E-1 8.64466E-1 8.10584E-1 7.46027E-1 6.33007E-1 6.7321E-1 6.50446E-1 5.68721E-1 5.50846E-1 9.02027E-1 8.78349E-1 8.42425E-1 6.71111E-1 7.76205E-1 8.60971E-1 6.29682E-1 7.25416E-1 7.12181E-1 6.85395E-1 4.53815E-1 2.6328E-1 4.60892E-1 4.08702E-1 1.7306E-1 3.28263E-2 8.62198E-3 2.53269E-3 3.96638E-4 3.91436E-4 2.63216E-4 3.01879E-4 1.4141E-3 6.60851E-3 1.80355E-3 2.15948E-3 1.25021E-2 1.22173E-1 1.49023E-1 3.56969E-2 1.5724E-2 8.76678E-3 1.5632E-2 2.66476E-2 5.71667E-3 5.24035E-3 1.10605E-2 4.25817E-3 1.8216E-3
-9999 -9999 -9999 -9999 -9999 -9999 -9999 -9999 -9999 -9999 -9999 -9999 -9999 -9999 -9999 -9999 -9999 -9999 -9999 -9999 -9999 -9999 -9999 -9999 -9999 -9999 -9999 -9999 -9999 9.74216E-1 8.33159E-1 8.01339E-1 6.73211E-1 6.21047E-1 5.27312E-1 5.68735E-1 8.5645E-1 9.33903E-1 8.87954E-1 7.91464E-1 7.63757E-1 7.79242E-1 5.42725E-1 6.52198E-1 7.65549E-1 7.62731E-1 8.0601E-1 5.65831E-1 7.13255E-1 5.64845E-1 1.56562E-1 3.71774E-2 2.9114E-2 9.95133E-3 1.09115E-3 7.1223E-4 1.16132E-3 7.41559E-4 9.74472E-4 1.60035E-3 9.61736E-4 1.20795E-3 4.87188E-3 1.6108E-2 1.19002E-2 1.31752E-1 2.15545E-2 7.58895E-3 3.8979E-3 2.73742E-2 2.33125E-2 1.83183E-2 6.00008E-3 5.62635E-3 4.6295E-3
-9999 -9999 -9999 -9999 -9999 -9999 -9999 -9999 -9999 -9999 -9999 -9999 -9999 -9999 -9999 -9999 -9999 -9999 -9999 -9999 -9999 -9999 -9999 -9999 -9999 -9999 -9999 -9999 -9999 -9999 9.37586E-1 8.22464E-1 7.7016E-1 6.25534E-1 4.89731E-1 5.4372E-1 7.90681E-1 9.61401E-1 9.21036E-1 8.8665E-1 8.20348E-1 6.71925E-1 6.24604E-1 7.74583E-1 7.63439E-1 8.34229E-1 7.08798E-1 6.38817E-1 6.10098E-1 3.65577E-1 1.79229E-1 2.35695E-1 2.26115E-1 3.71471E-2 7.24697E-3 3.43344E-3 3.2858E-3 1.69286E-3 6.93049E-4 5.14055E-4 1.65632E-3 4.16677E-3 8.06925E-3 4.00247E-3 4.62645E-3 1.2077E-1 1.57143E-2 7.11059E-3 5.20111E-3 1.54631E-2 3.58538E-3 7.91348E-3 2.75377E-3 1.27293E-3 1.19109E-3
-9999 -9999 -9999 -9999 -9999 -9999 -9999 -9999 -9999 -9999 -9999 -9999 -9999 -9999 -9999 -9999 -9999 -9999 -9999 -9999 -9999 -9999 -9999 -9999 -9999 -9999 -9999 -9999 -9999 -9999 -9999 8.65971E-1 8.66492E-1 7.44776E-1 7.63279E-1 7.78805E-1 7.63007E-1 8.92778E-1 9.32166E-1 9.16211E-1 9.5791E-1 8.76585E-1 8.2506E-1 5.83564E-1 5.89563E-1 7.26671E-1 4.44548E-1 6.2128E-1 4.42007E-1 4.39979E-1 5.94382E-1 4.96791E-1 2.06368E-1 2.46406E-2 2.08487E-2 1.05388E-2 5.30724E-3 2.1353E-3 3.67407E-4 3.27136E-4 1.0223E-3 6.7167E-3 9.30657E-3 3.20187E-3 3.73931E-3 5.90235E-2 2.19781E-2 2.61336E-3 2.19768E-3 3.11825E-3 1.16995E-3 1.88383E-3 5.61101E-3 8.48543E-4 1.48335E-3
-9999 -9999 -9999 -9999 -9999 -9999 -9999 -9999 -9999 -9999 -9999 -9999 -9999 -9999 -9999 -9999 -9999 -9999 -9999 -9999 -9999 -9999 -9999 -9999 -9999 -9999 -9999 -9999 -9999 -9999 -9999 -9999 8.7923E-1 7.15488E-1 6.30199E-1 7.21301E-1 7.40723E-1 8.68776E-1 8.84202E-1 8.74758E-1 8.72897E-1 8.6547E-1 8.42346E-1 6.23209E-1 2.57881E-1 4.86532E-1 4.9147E-1 4.89408E-1 5.86179E-1 3.74783E-1 1.91552E-1 2.45028E-1 1.08119E-1 7.33647E-2 3.91708E-2 1.24217E-2 4.23917E-3 1.15777E-3 1.49921E-4 2.78955E-4 1.2637E-3 2.87877E-3 6.43011E-3 1.64165E-3 1.38947E-3 3.91285E-2 3.14288E-2 8.9371E-3 2.85185E-3 1.11151E-3 6.09394E-4 4.54682E-4 8.39346E-4 2.20458E-4 4.27175E-4
-9999 -9999 -9999 -9999 -9999 -9999 -9999 -9999 -9999 -9999 -9999 -9999 -9999 -9999 -9999 -9999 -9999 -9999 -9999 -9999 -9999 -9999 -9999 -9999 -9999 -9999 -9999 -9999 -9999 -9999 -9999 -9999 -9999 5.10924E-1 5.28839E-1 4.5591E-1 6.17738E-1 7.34675E-1 8.5E-1 5.49135E-1 3.85441E-1 6.0265E-1 4.35223E-1 4.82817E-1 2.5544E-1 7.69693E-2 6.17069E-2 3.11392E-1 5.02509E-1 4.41634E-1 1.96103E-1 5.7954E-2 6.77974E-2 5.3796E-2 1.57005E-2 6.271E-3 1.45622E-3 6.21193E-4 1.61931E-4 2.34536E-4 1.42713E-3 4.88207E-3 5.67729E-3 4.6179E-3 3.27274E-3 4.15544E-2 1.22896E-1 3.23546E-2 5.63403E-3 7.62165E-4 3.71382E-4 2.31505E-4 3.30941E-4 3.93441E-4 2.48156E-4
-9999 -9999 -9999 -9999 -9999 -9999 -9999 -9999 -9999 -9999 -9999 -9999 -9999 -9999 -9999 -9999 -9999 -9999 -9999 -9999 -9999 -9999 -9999 -9999 -9999 -9999 -9999 -9999 -9999 -9999 -9999 -9999 -9999 -9999 -9999 1.53646E-1 1.69589E-1 2.86653E-1 4.74189E-1 5.35662E-1 5.96359E-1 5.38174E-1 4.92488E-1 6.58905E-1 4.13851E-1 1.04945E-1 3.67043E-2 1.83726E-1 3.39768E-1 4.33799E-1 3.91019E-1 1.27516E-1 3.29238E-2 2.70276E-2 1.59718E-2 5.99921E-3 4.58868E-3 2.46287E-3 9.85253E-4 2.32077E-3 1.63141E-3 1.16937E-3 3.25817E-3 5.40411E-3 3.59843E-3 9.06931E-3 3.1349E-2 8.41023E-2 9.61696E-3 2.26963E-3 4.76185E-4 2.26436E-4 1.48761E-4 3.02067E-4 1.55708E-4
-9999 -9999 -9999 -9999 -9999 -9999 -9999 -9999 -9999 -9999 -9999 -9999 -9999 -9999 -9999 -9999 -9999 -9999 -9999 -9999 -9999 -9999 -9999 -9999 -9999 -9999 -9999 -9999 -9999 -9999 -9999 -9999 -9999 -9999 -9999 -9999 8.81329E-2 3.60557E-1 4.07783E-1 3.93116E-1 4.44144E-1 4.3993E-1 3.90269E-1 4.79389E-1 5.83495E-1 2.88489E-1 6.05994E-2 8.36677E-2 1.66614E-1 2.25071E-1 3.51436E-1 1.78742E-1 8.48811E-2 1.54478E-1 1.15314E-1 5.91001E-2 8.61654E-3 5.90753E-3 5.22E-3 6.22564E-3 3.90939E-3 2.64811E-3 1.22886E-3 1.26133E-3 8.5821E-4 8.17914E-3 2.71372E-2 3.16425E-2 6.23322E-3 6.35161E-4 2.17054E-4 1.32455E-4 8.84888E-5 1.19312E-4 1.40639E-4
-9999 -9999 -9999 -9999 -9999 -9999 -9999 -9999 -9999 -9999 -9999 -9999 -9999 -9999 -9999 -9999 -9999 -9999 -9999 -9999 -9999 -9999 -9999 -9999 -9999 -9999 -9999 -9999 -9999 -9999 -9999 -9999 -9999 -9999 -9999 -9999 -9999 2.74553E-1 4.03067E-1 2.62906E-1 2.8746E-1 3.39622E-1 2.67245E-1 3.49855E-1 2.47284E-1 1.34098E-1 6.1469E-2 3.46721E-2 4.254E-2 8.29359E-2 1.16244E-1 3.46229E-1 3.14589E-1 1.44563E-1 1.6517E-1 6.42094E-2 4.42627E-2 2.74635E-2 1.19127E-2 9.81345E-3 6.73802E-3 3.59091E-3 1.15653E-3 1.92021E-4 1.03732E-4 6.22016E-4 2.46364E-2 8.60471E-3 2.90273E-3 6.05113E-4 7.31898E-4 2.5434E-4 1.49191E-4 9.15373E-5 8.89963E-5
-9999 -9999 -9999 -9999 -9999 -9999 -9999 -9999 -9999 -9999 -9999 -9999 -9999 -9999 -9999 -9999 -9999 -9999 -9999 -9999 -9999 -9999 -9999 -9999 -9999 -9999 -9999 -9999 -9999 -9999 -9999 -9999 -9999 -9999 -9999 -9999 -9999 -9999 3.32388E-1 3.06829E-1 2.13872E-1 1.69623E-1 1.39654E-1 1.86456E-1 8.17893E-2 3.21975E-2 2.62689E-2 8.52083E-3 1.32455E-2 3.11852E-2 7.20764E-2 1.32989E-1 2.03735E-1 2.10449E-2 8.27426E-2 1.42641E-1 3.6363E-2 1.78876E-2 9.87449E-3 8.12717E-3 5.63422E-3 1.74057E-3 3.99669E-4 1.96414E-4 8.1163E-5 1.04594E-3 4.19308E-2 4.82311E-3 1.04333E-3 1.10623E-3 1.58112E-3 2.31792E-4 1.26237E-4 4.4776E-4 6.06748E-4
-9999 -9999 -9999 -9999 -9999 -9999 -9999 -9999 -9999 -9999 -9999 -9999 -9999 -9999 -9999 -9999 -9999 -9999 -9999 -9999 -9999 -9999 -9999 -9999 -9999 -9999 -9999 -9999 -9999 -9999 -9999 -9999 -9999 -9999 -9999 -9999 -9999 -9999 -9999 -9999 2.69589E-1 1.61565E-1 4.91782E-2 4.15894E-2 3.24238E-2 1.99222E-2 1.51465E-2 4.78453E-3 3.67393E-3 1.90804E-2 3.63627E-2 1.33432E-1 1.39783E-1 1.27914E-2 1.68682E-2 1.34011E-1 1.10772E-1 2.08516E-2 4.68146E-3 4.668E-3 5.99716E-3 3.0861E-3 9.07558E-4 2.75301E-4 1.56777E-4 9.67574E-3 3.78319E-2 7.62414E-3 4.06058E-3 3.61586E-3 5.77088E-4 7.90678E-5 3.98432E-4 1.17475E-3 2.17496E-4
-9999 -9999 -9999 -9999 -9999 -9999 -9999 -9999 -9999 -9999 -9999 -9999 -9999 -9999 -9999 -9999 -9999 -9999 -9999 -9999 -9999 -9999 -9999 -9999 -9999 -9999 -9999 -9999 -9999 -9999 -9999 -9999 -9999 -9999 -9999 -9999 -9999 -9999 -9999 -9999 -9999 2.94544E-1 1.01138E-1 1.2102E-1 8.31084E-2 2.00473E-2 7.14361E-3 4.57072E-3 1.56364E-3 9.9127E-3 9.05391E-3 9.1986E-2 1.18637E-1 3.3968E-2 1.16066E-2 1.80962E-2 4.55276E-2 6.75901E-2 8.49632E-3 2.06475E-3 1.15886E-3 1.2876E-3 6.72395E-4 2.35545E-4 8.91984E-4 9.1757E-3 7.66021E-3 8.62746E-3 1.34943E-2 8.2132E-3 6.97146E-4 6.0702E-4 2.73552E-3 2.04316E-3 1.36673E-3
-9999 -9999 -9999 -9999 -9999 -9999 -9999 -9999 -9999 -9999 -9999 -9999 -9999 -9999 -9999 -9999 -9999 -9999 -9999 -9999 -9999 -9999 -9999 -9999 -9999 -9999 -9999 -9999 -9999 -9999 -9999 -9999 -9999 -9999 -9999 -9999 -9999 -9999 -9999 -9999 -9999 -9999 2.27452E-1 2.26836E-1 4.07442E-2 1.31008E-2 5.0065E-3 2.46063E-3 7.84809E-4 1.4255E-3 9.73908E-3 8.37544E-2 1.40233E-1 7.26501E-2 3.24495E-2 9.87811E-3 2.5022E-2 4.42511E-2 3.04315E-2 1.15818E-2 5.21392E-3 3.25779E-3 9.62098E-4 4.58536E-4 7.95644E-4 3.30655E-3 2.21308E-3 2.86252E-3 2.75672E-3 2.4916E-3 1.7556E-3 3.93933E-3 8.67755E-4 1.8843E-4 9.06126E-4
-9999 -9999 -9999 -9999 -9999 -9999 -9999 -9999 -9999 -9999 -9999 -9999 -9999 -9999 -9999 -9999 -9999 -9999 -9999 -9999 -9999 -9999 -9999 -9999 -9999 -9999 -9999 -9999 -9999 -9999 -9999 -9999 -9999 -9999 -9999 -9999 -9999 -9999 -9999 -9999 -9999 -9999 -9999 -9999 9.58437E-2 1.22008E-2 7.50619E-3 3.15916E-3 1.68182E-3 1.52587E-3 7.20681E-3 7.34335E-2 3.68564E-2 1.98269E-2 9.81413E-3 3.58904E-3 7.85185E-3 2.61304E-2 1.13108E-2 2.06527E-2 2.44773E-2 8.65664E-3 2.59498E-3 6.7521E-4 3.53631E-4 3.89304E-3 1.84035E-3 1.25066E-3 4.58695E-4 2.05621E-4 1.74467E-4 1.92686E-3 3.26353E-4 7.01232E-5 1.5025E-4
-9999 -9999 -9999 -9999 -9999 -9999 -9999 -9999 -9999 -9999 -9999 -9999 -9999 -9999 -9999 -9999 -9999 -9999 -9999 -9999 -9999 -9999 -9999 -9999 -9999 -9999 -9999 -9999 -9999 -9999 -9999 -9999 -9999 -9999 -9999 -9999 -9999 -9999 -9999 -9999 -9999 -9999 -9999 -9999 -9999 1.87805E-1 5.92858E-2 1.66335E-2 3.94476E-3 1.4244E-3 9.14443E-3 2.89635E-2 6.36106E-3 4.05227E-3 9.22771E-4 4.25207E-4 2.97185E-3 1.37178E-2 1.42361E-2 1.20441E-2 1.11224E-2 7.22651E-3 1.25701E-3 4.21748E-4 4.46061E-4 1.33015E-3 1.85617E-3 6.14855E-4 1.49312E-4 6.53273E-5 1.74479E-4 1.74256E-3 5.60603E-4 7.79104E-5 1.05732E-4
-9999 -9999 -9999 -9999 -9999 -9999 -9999 -9999 -9999 -9999 -9999 -9999 -9999 -9999 -9999 -9999 -9999 -9999 -9999 -9999 -9999 -9999 -9999 -9999 -9999 -9999 -9999 -9999 -9999 -9999 -9999 -9999 -9999 -9999 -9999 -9999 -9999 -9999 -9999 -9999 -9999 -9999 -9999 -9999 -9999 -9999 -9999 1.75409E-1 4.25847E-2 2.37308E-3 4.26869E-3 3.38862E-3 1.41676E-3 4.39474E-4 1.56333E-4 2.85453E-4 2.61221E-3 8.51327E-3 3.63125E-3 6.69363E-3 3.67173E-3 4.4672E-3 3.91664E-3 8.62746E-4 2.94053E-4 3.032E-3 1.26346E-3 2.27955E-4 9.08147E-5 5.29025E-5 2.47332E-4 7.118E-4 3.40327E-4 5.61368E-4 8.59081E-5
-9999 -9999 -9999 -9999 -9999 -9999 -9999 -9999 -9999 -9999 -9999 -9999 -9999 -9999 -9999 -9999 -9999 -9999 -9999 -9999 -9999 -9999 -9999 -9999 -9999 -9999 -9999 -9999 -9999 -9999 -9999 -9999 -9999 -9999 -9999 -9999 -9999 -9999 -9999 -9999 -9999 -9999 -9999 -9999 -9999 -9999 -9999 -9999 8.31725E-2 1.78776E-2 3.69449E-3 1.17091E-3 6.90973E-4 2.6795E-4 1.29893E-4 5.9998E-4 4.37701E-3 3.76854E-3 4.14934E-3 5.34456E-3 1.1991E-3 1.01465E-3 1.16696E-3 9.21835E-4 2.03914E-4 8.30182E-4 4.9505E-4 1.17883E-4 7.32254E-5 6.57E-5 2.30389E-4 1.31375E-4 3.50503E-4 5.93943E-4 2.47527E-4
-9999 -9999 -9999 -9999 -9999 -9999 -9999 -9999 -9999 -9999 -9999 -9999 -9999 -9999 -9999 -9999 -9999 -9999 -9999 -9999 -9999 -9999 -9999 -9999 -9999 -9999 -9999 -9999 -9999 -9999 -9999 -9999 -9999 -9999 -9999 -9999 -9999 -9999 -9999 -9999 -9999 -9999 -9999 -9999 -9999 -9999 -9999 -9999 8.94847E-2 1.32143E-2 6.35841E-3 2.2852E-3 5.90322E-4 2.82446E-4 1.47771E-4 5.39663E-4 1.03401E-3 2.43922E-3 2.58447E-3 3.62924E-3 2.58413E-3 6.2719E-4 1.81944E-4 1.45417E-4 9.06589E-5 9.33307E-5 1.53715E-4 9.21115E-5 5.13773E-5 8.14894E-5 6.52862E-5 6.78548E-5 7.54258E-5 2.42939E-4 1.65883E-4
-9999 -9999 -9999 -9999 -9999 -9999 -9999 -9999 -9999 -9999 -9999 -9999 -9999 -9999 -9999 -9999 -9999 -9999 -9999 -9999 -9999 -9999 -9999 -9999 -9999 -9999 -9999 -9999 -9999 -9999 -9999 -9999 -9999 -9999 -9999 -9999 -9999 -9999 -9999 -9999 -9999 -9999 -9999 -9999 -9999 -9999 -9999 -9999 -9999 4.11845E-2 9.85678E-3 5.39544E-3 7.86481E-4 1.43347E-4 1.23299E-4 2.03172E-4 4.55726E-4 7.0724E-4 5.26265E-4 1.69638E-3 3.21878E-3 1.04906E-3 2.70552E-4 1.73846E-4 6.90168E-5 2.89297E-5 9.59075E-5 8.77891E-5 5.24356E-5 4.09088E-5 3.3285E-5 4.94957E-5 6.30311E-5 1.40573E-4 9.4901E-5
