ENM/Final_Models/M_2_F_q_Set_1_EC/Gustavia_santanderiensis_Choco_median.asc
ncols         367
nrows         963
xllcorner     -78.6
yllcorner     0.65
cellsize      0.00833333333333323
NODATA_value  -9999
[rows 300 to 329 of 963, columns 138 to 206 of 367]
2.29617E-1 2.03433E-1 9.14052E-2 3.90304E-2 3.28074E-2 2.94599E-2 9.85655E-2 1.33674E-1 1.91575E-1 1.93316E-1 1.29424E-1 1.33626E-1 2.31833E-1 1.62163E-1 2.57691E-1 2.09317E-1 1.26147E-1 2.14965E-1 2.62489E-1 8.27613E-1 9.3763E-1 9.02057E-1 8.25327E-1 5.40983E-1 8.49963E-1 4.95471E-1 3.30851E-1 3.94011E-1 1.5203E-1 7.04023E-2 3.03412E-2 2.85609E-2 7.69965E-2 6.68328E-2 5.67584E-2 1.90753E-1 6.09084E-1 9.9629E-1 1E0 1E0 1E0 1E0 1E0 1E0 1E0 1E0 1E0 9.99999E-1 1E0 1E0 1E0 1E0 1E0 1E0 1E0 1E0 1E0 1E0 1E0 1E0 1E0 1E0 1E0 1E0 1E0 1E0 1E0 1E0 1E0
3.93473E-1 3.0842E-1 3.2582E-1 2.88877E-1 1.45517E-1 1.86757E-1 1.76326E-1 2.41944E-1 1.05267E-1 2.40113E-1 2.59783E-1 1.77405E-1 2.3544E-1 3.24113E-1 3.40655E-1 6.80612E-1 3.71713E-1 4.58866E-1 9.74804E-1 5.71602E-1 4.40586E-1 6.99179E-1 8.73004E-1 7.93514E-1 4.21998E-1 3.31074E-1 3.71961E-1 1.56213E-1 6.54358E-2 4.48291E-2 3.09119E-2 3.40201E-2 5.87828E-2 1.98603E-1 1.91745E-1 4.86752E-1 6.40442E-1 9.95817E-1 9.99974E-1 1E0 1E0 1E0 1E0 1E0 1E0 1E0 1E0 9.99998E-1 9.99996E-1 1E0 1E0 1E0 1E0 1E0 1E0 1E0 1E0 1E0 1E0 1E0 1E0 1E0 1E0 1E0 1E0 9.99999E-1 9.99999E-1 1E0 1E0
2.17025E-1 3.15633E-1 5.77369E-1 6.12777E-1 4.55119E-1 4.23475E-1 1.98672E-1 1.77966E-1 3.09454E-1 1.18577E-1 2.50544E-1 3.13248E-1 6.79509E-1 6.84384E-1 4.5257E-1 2.48708E-1 5.48762E-1 8.60369E-1 5.40656E-1 9.44091E-2 6.03912E-2 3.31751E-1 3.01791E-1 1.60519E-1 1.76601E-1 2.68036E-1 1.61992E-1 4.35673E-2 3.95933E-2 1.10405E-1 1.62019E-1 1.36985E-1 2.63573E-1 4.44037E-1 4.62364E-1 3.86011E-1 5.93088E-1 9.56815E-1 9.96259E-1 9.99934E-1 1E0 1E0 1E0 1E0 1E0 1E0 1E0 1E0 9.99994E-1 1E0 1E0 1E0 9.99992E-1 1E0 1E0 1E0 1E0 1E0 1E0 1E0 1E0 1E0 1E0 1E0 1E0 1E0 1E0 1E0 1E0
1.92173E-1 2.25991E-1 5.75297E-1 8.64444E-1 7.94018E-1 6.61217E-1 6.16419E-1 5.92088E-1 4.92009E-1 4.11545E-1 4.62206E-1 6.25185E-1 6.21389E-1 5.76768E-1 6.21826E-1 5.99677E-1 7.65455E-1 3.81672E-1 2.25351E-1 8.34472E-2 4.85011E-2 1.8817E-1 2.93535E-1 1.96514E-1 1.23715E-1 7.37802E-2 4.97224E-2 2.43244E-2 6.13845E-2 1.72991E-1 2.68847E-1 3.70863E-1 2.71554E-1 8.345E-1 9.61701E-1 9.86169E-1 9.33629E-1 9.8256E-1 9.99985E-1 1E0 1E0 1E0 1E0 1E0 1E0 9.99999E-1 1E0 1E0 1E0 1E0 1E0 1E0 1E0 1E0 1E0 1E0 1E0 1E0 1E0 1E0 1E0 1E0 1E0 1E0 1E0 1E0 1E0 1E0 1E0
1.14953E-1 1.02177E-1 6.2911E-1 8.44285E-1 8.78486E-1 9.4546E-1 7.99041E-1 8.03894E-1 7.77378E-1 6.90642E-1 5.19365E-1 6.95612E-1 6.84495E-1 9.16333E-1 6.28056E-1 6.42299E-1 5.43224E-1 3.69187E-1 1.39293E-1 6.41054E-2 3.32241E-2 9.42345E-2 1.7288E-1 1.25969E-1 4.61446E-2 2.82144E-2 2.83537E-2 4.24005E-2 4.18601E-2 1.02432E-1 3.72895E-1 8.34915E-1 8.65679E-1 9.88926E-1 9.98446E-1 9.99998E-1 9.99934E-1 1E0 1E0 1E0 1E0 1E0 1E0 9.99999E-1 9.99998E-1 9.99972E-1 9.99987E-1 1E0 9.99996E-1 1E0 1E0 1E0 1E0 1E0 1E0 1E0 1E0 1E0 1E0 1E0 1E0 1E0 1E0 1E0 1E0 1E0 1E0 1E0 9.99999E-1
1.83091E-1 1.043E-1 3.46865E-1 6.85869E-1 9.13037E-1 9.84942E-1 9.19046E-1 9.16551E-1 8.17745E-1 7.96188E-1 9.72549E-1 8.69093E-1 8.74909E-1 8.8148E-1 7.74302E-1 5.87429E-1 3.75233E-1 4.19995E-1 2.48209E-1 8.7403E-2 2.67252E-2 5.46966E-2 8.35639E-2 5.80203E-2 2.3994E-2 1.69177E-2 1.30684E-2 1.21577E-2 3.67393E-2 9.30705E-2 1.22119E-1 4.20395E-1 6.15546E-1 8.45584E-1 9.79355E-1 9.99999E-1 1E0 1E0 1E0 1E0 1E0 1E0 9.99998E-1 9.99999E-1 9.99747E-1 9.99907E-1 9.99997E-1 1E0 9.99999E-1 1E0 1E0 1E0 1E0 1E0 1E0 1E0 1E0 1E0 1E0 1E0 1E0 1E0 1E0 1E0 1E0 1E0 1E0 1E0 1E0
-9999 1.16143E-1 1.13095E-1 2.87222E-1 7.24586E-1 8.14806E-1 9.80782E-1 9.71138E-1 9.50161E-1 9.29275E-1 9.58787E-1 9.35153E-1 8.28534E-1 7.39806E-1 7.04407E-1 7.49638E-1 3.25281E-1 2.54542E-1 2.21137E-1 8.3487E-2 4.78619E-2 4.36497E-2 2.3509E-2 1.82391E-2 1.49157E-2 2.41558E-2 2.18915E-2 2.43338E-2 5.96134E-2 5.99812E-2 6.78217E-2 1.66189E-1 6.29796E-1 8.54827E-1 9.99973E-1 1E0 1E0 1E0 1E0 1E0 1E0 1E0 9.99988E-1 9.99587E-1 9.99997E-1 9.99984E-1 9.99995E-1 1E0 1E0 1E0 9.99995E-1 1E0 1E0 1E0 1E0 1E0 1E0 1E0 1E0 1E0 1E0 1E0 1E0 1E0 1E0 1E0 1E0 1E0 1E0
-9999 -9999 1.88857E-1 2.69054E-1 2.02423E-1 3.93314E-1 5.26278E-1 5.61738E-1 6.74178E-1 9.11358E-1 9.5495E-1 6.67974E-1 8.14989E-1 7.02352E-1 7.09699E-1 6.13233E-1 5.1046E-1 3.20183E-1 1.33767E-1 2.79914E-2 3.01313E-2 2.4562E-2 2.00764E-2 9.539E-3 1.64737E-2 6.24222E-2 1.12552E-1 1.15549E-1 3.15455E-1 2.76831E-1 2.46984E-1 3.43211E-1 9.65983E-1 9.99696E-1 9.99994E-1 1E0 1E0 1E0 1E0 9.99961E-1 9.99987E-1 9.98939E-1 9.99829E-1 9.99978E-1 9.99859E-1 9.99689E-1 9.99915E-1 9.99997E-1 9.99999E-1 1E0 1E0 1E0 1E0 1E0 1E0 1E0 1E0 1E0 1E0 1E0 1E0 1E0 1E0 1E0 1E0 1E0 1E0 1E0 1E0
-9999 -9999 1.56293E-1 -9999 3.21569E-1 3.50614E-1 2.19422E-1 4.61613E-1 4.86921E-1 4.56743E-1 6.59564E-1 6.87176E-1 4.33815E-1 2.23148E-1 1.82601E-1 2.72494E-1 1.24335E-1 1.17789E-1 5.94635E-2 1.60187E-2 1.73295E-2 8.97193E-3 5.45682E-3 1.093E-2 4.44664E-2 7.48992E-2 2.76842E-1 2.52332E-1 7.31304E-1 7.57442E-1 6.02788E-1 6.53791E-1 9.99814E-1 9.99942E-1 1E0 1E0 1E0 1E0 9.9997E-1 9.95201E-1 9.96306E-1 9.96922E-1 9.93919E-1 9.99518E-1 9.57707E-1 9.98932E-1 9.97907E-1 9.9998E-1 9.99996E-1 9.99914E-1 1E0 1E0 1E0 1E0 1E0 1E0 1E0 1E0 1E0 1E0 1E0 1E0 1E0 1E0 1E0 1E0 1E0 1E0 1E0
-9999 -9999 -9999 1.63435E-1 2.10247E-1 3.18042E-1 3.27435E-1 3.49193E-1 3.49128E-1 4.47607E-1 4.88432E-1 5.79704E-1 7.60639E-1 4.80164E-1 4.3003E-1 3.55576E-1 5.04206E-2 2.22381E-2 1.35359E-2 1.64867E-2 8.53338E-3 9.59678E-3 3.61236E-3 7.92871E-3 2.00964E-2 4.273E-2 5.87586E-2 1.27427E-1 9.43468E-1 9.56574E-1 9.97663E-1 9.64572E-1 9.99854E-1 1E0 1E0 9.99973E-1 9.97422E-1 9.97136E-1 9.11367E-1 9.26113E-1 9.14692E-1 7.24385E-1 8.7166E-1 7.98049E-1 6.55671E-1 9.67668E-1 9.74557E-1 9.89984E-1 9.9995E-1 1E0 1E0 1E0 1E0 1E0 1E0 1E0 1E0 1E0 1E0 1E0 1E0 1E0 1E0 1E0 1E0 1E0 1E0 1E0 1E0
-9999 -9999 -9999 -9999 2.1137E-1 2.28164E-1 2.33004E-1 2.19599E-1 2.87638E-1 3.07402E-1 4.9226E-1 3.2242E-1 3.97367E-1 4.44254E-1 3.07032E-1 3.20439E-1 1.58157E-1 3.20091E-2 5.52625E-3 1.89498E-2 2.17838E-2 3.49032E-2 9.36513E-3 8.28548E-3 2.1689E-2 3.21393E-2 4.52534E-2 1.36965E-1 6.40987E-1 7.4099E-1 9.56204E-1 9.94728E-1 9.76418E-1 9.99549E-1 9.9991E-1 9.33753E-1 7.71191E-1 5.23759E-1 7.15685E-1 7.21196E-1 8.68098E-1 9.17011E-1 6.37569E-1 9.87758E-1 7.32534E-1 9.4442E-1 9.24652E-1 9.9613E-1 1E0 1E0 1E0 1E0 1E0 1E0 1E0 1E0 1E0 1E0 1E0 1E0 1E0 1E0 1E0 1E0 1E0 1E0 1E0 1E0 1E0
-9999 -9999 -9999 -9999 -9999 1.77712E-1 2.13395E-1 1.81664E-1 1.65012E-1 2.15745E-1 3.81354E-1 2.53837E-1 3.53281E-1 2.11403E-1 2.14209E-1 3.62059E-1 1.10151E-1 6.73956E-2 2.26132E-2 3.30173E-2 4.59417E-2 5.09799E-2 1.76057E-2 2.20864E-2 4.02711E-2 5.67642E-2 6.71885E-2 3.88846E-1 7.431E-1 4.56372E-1 8.09524E-1 8.62522E-1 9.9656E-1 9.9994E-1 9.72941E-1 8.95345E-1 7.47043E-1 6.19869E-1 4.65239E-1 8.4259E-1 8.94609E-1 9.84445E-1 7.44029E-1 9.43423E-1 9.98478E-1 9.91693E-1 9.40384E-1 9.96301E-1 9.99989E-1 1E0 1E0 1E0 1E0 1E0 1E0 1E0 1E0 1E0 1E0 1E0 1E0 1E0 1E0 1E0 1E0 1E0 1E0 1E0 1E0
-9999 -9999 -9999 -9999 -9999 -9999 2.54663E-1 2.02463E-1 2.24918E-1 1.87414E-1 2.24429E-1 3.63568E-1 3.38693E-1 5.4893E-1 4.66412E-1 5.04794E-1 3.34338E-1 1.57E-1 5.01384E-2 8.54996E-2 6.64986E-2 6.95659E-2 3.81117E-2 5.71503E-2 1.60072E-1 2.85582E-1 6.18728E-1 7.39093E-1 8.30106E-1 7.64463E-1 9.86674E-1 9.98079E-1 9.99731E-1 9.99796E-1 9.7496E-1 7.49888E-1 7.09937E-1 4.97851E-1 5.32205E-1 5.40478E-1 9.49639E-1 9.99929E-1 9.98603E-1 9.99745E-1 9.95212E-1 9.99998E-1 9.73514E-1 9.96176E-1 9.99995E-1 1E0 1E0 1E0 1E0 1E0 1E0 1E0 1E0 1E0 1E0 1E0 1E0 1E0 1E0 1E0 1E0 1E0 1E0 1E0 1E0
-9999 -9999 -9999 -9999 -9999 -9999 -9999 2.17856E-1 3.47937E-1 2.93945E-1 1.99066E-1 2.99959E-1 2.31945E-1 5.38411E-1 7.01367E-1 8.64116E-1 6.26559E-1 5.02047E-1 4.78142E-1 1.20298E-1 2.04985E-1 1.65906E-1 6.70893E-2 6.41594E-2 2.73481E-1 4.19761E-1 5.83592E-1 7.27547E-1 7.53881E-1 8.42463E-1 9.48865E-1 9.89492E-1 9.99934E-1 8.98175E-1 9.4311E-1 7.66673E-1 6.7156E-1 4.43499E-1 5.37592E-1 2.94828E-1 2.30261E-1 7.26844E-1 9.78134E-1 9.23907E-1 9.90518E-1 9.44863E-1 9.99999E-1 9.99995E-1 9.99999E-1 1E0 1E0 1E0 1E0 1E0 1E0 1E0 1E0 1E0 1E0 1E0 1E0 1E0 1E0 1E0 1E0 1E0 1E0 1E0 1E0
-9999 -9999 -9999 -9999 -9999 -9999 -9999 -9999 5.36312E-1 3.7079E-1 -9999 1.78271E-1 2.26004E-1 4.19081E-1 5.36058E-1 7.99052E-1 8.67233E-1 3.66685E-1 2.8794E-1 6.47409E-1 1.11828E-1 2.23945E-1 1.11129E-1 1.38082E-1 7.95886E-2 8.27748E-2 2.05561E-1 3.34806E-1 5.29286E-1 9.78452E-1 9.78302E-1 8.31693E-1 9.54338E-1 4.75628E-1 5.09195E-1 6.48701E-1 6.26371E-1 7.5421E-1 5.21868E-1 3.28138E-1 3.02482E-1 2.69198E-1 9.06558E-1 7.90423E-1 4.84299E-1 9.65138E-1 8.6217E-1 8.32831E-1 9.99879E-1 1E0 1E0 1E0 1E0 1E0 1E0 1E0 1E0 1E0 1E0 1E0 1E0 1E0 1E0 1E0 1E0 1E0 1E0 1E0 1E0
-9999 -9999 -9999 -9999 -9999 -9999 -9999 -9999 -9999 2.93304E-1 -9999 2.6375E-1 2.51782E-1 2.43182E-1 5.10253E-1 5.69366E-1 6.42393E-1 2.8965E-1 1.54852E-1 2.10979E-1 1.52941E-1 1.08044E-1 1.12087E-1 8.89354E-2 5.36012E-2 6.87698E-2 8.63873E-2 2.90656E-1 2.71904E-1 2.04194E-1 2.82322E-1 1.50744E-1 2.91875E-1 1.81139E-1 2.03712E-1 2.8739E-1 7.021E-1 5.0137E-1 7.25624E-1 2.62974E-1 3.76284E-1 4.58462E-1 9.11809E-1 9.31879E-1 9.95644E-1 9.99029E-1 9.98451E-1 9.99999E-1 1E0 1E0 1E0 1E0 1E0 1E0 1E0 1E0 1E0 1E0 1E0 1E0 1E0 1E0 1E0 1E0 1E0 1E0 1E0 1E0 1E0
-9999 -9999 -9999 -9999 -9999 -9999 -9999 -9999 -9999 4.00541E-1 -9999 -9999 1.90445E-1 2.80982E-1 5.12172E-1 6.97026E-1 3.7563E-1 2.0396E-1 1.71249E-1 1.11056E-1 3.42912E-2 5.69994E-2 6.97023E-2 4.52368E-2 2.87842E-2 3.39277E-2 2.84156E-2 6.65564E-2 9.59182E-2 5.94611E-2 3.68475E-2 6.19018E-2 1.14871E-1 6.44999E-2 7.08836E-2 8.09362E-2 1.08809E-1 1.38694E-1 2.72917E-1 4.05034E-1 5.08496E-1 7.8848E-1 9.99793E-1 9.99684E-1 8.92309E-1 9.63352E-1 9.99987E-1 9.99897E-1 9.99997E-1 9.9995E-1 9.99996E-1 1E0 1E0 1E0 1E0 1E0 1E0 1E0 1E0 1E0 1E0 1E0 1E0 1E0 1E0 1E0 1E0 1E0 1E0
-9999 -9999 -9999 -9999 -9999 -9999 -9999 -9999 -9999 -9999 2.21136E-1 -9999 1.50229E-1 2.55827E-1 2.77344E-1 7.0724E-1 8.60368E-1 2.89247E-1 3.09085E-1 1.33329E-1 6.21072E-2 4.04838E-2 4.57471E-2 4.43018E-2 2.03081E-2 1.99758E-2 4.32472E-2 4.38397E-2 6.03716E-2 4.8028E-2 2.03907E-2 4.35705E-2 1.1204E-1 7.29738E-2 1.17156E-1 3.12811E-2 5.25922E-2 8.86562E-2 2.0267E-1 2.66598E-1 4.01191E-1 6.60327E-1 9.99793E-1 9.95457E-1 9.40522E-1 8.41139E-1 9.83936E-1 9.97607E-1 9.97782E-1 9.99761E-1 9.7736E-1 9.99994E-1 1E0 1E0 1E0 1E0 1E0 1E0 1E0 1E0 1E0 1E0 1E0 1E0 1E0 1E0 1E0 1E0 1E0
-9999 -9999 -9999 -9999 -9999 -9999 -9999 -9999 -9999 -9999 2.62194E-1 -9999 2.01309E-1 2.84334E-1 2.65124E-1 5.39843E-1 9.49075E-1 8.28129E-1 4.49952E-1 1.4867E-1 9.45862E-2 5.08046E-2 1.57307E-2 9.75264E-3 1.76168E-2 2.4678E-2 2.34527E-2 4.09997E-2 5.31933E-2 4.2448E-2 3.78703E-2 3.58089E-2 6.58871E-2 1.17089E-1 7.81795E-2 1.38356E-1 7.07082E-2 3.61141E-2 2.04709E-1 1.48148E-1 3.73508E-1 8.55634E-1 9.9836E-1 9.96852E-1 9.63475E-1 8.27408E-1 9.95255E-1 9.99965E-1 9.99997E-1 9.99435E-1 9.99469E-1 1E0 1E0 1E0 1E0 1E0 1E0 1E0 1E0 1E0 1E0 1E0 1E0 1E0 1E0 1E0 1E0 1E0 1E0
-9999 -9999 -9999 -9999 -9999 -9999 -9999 -9999 -9999 -9999 1.34176E-1 -9999 -9999 3.12414E-1 4.37393E-1 8.95991E-1 9.09702E-1 8.29973E-1 5.44407E-1 1.94125E-1 1.57438E-1 8.92032E-2 4.61668E-2 1.84453E-2 1.83288E-2 3.06081E-2 3.27087E-2 3.08424E-2 4.39563E-2 5.28655E-2 5.81708E-2 6.8557E-2 1.08273E-1 8.52883E-2 1.20571E-1 1.71276E-1 8.87694E-2 1.27027E-1 8.16563E-2 4.5315E-1 3.36806E-1 2.83593E-1 7.53928E-1 9.70034E-1 8.82578E-1 9.21111E-1 9.95826E-1 9.99353E-1 9.99847E-1 1E0 1E0 1E0 1E0 1E0 1E0 1E0 1E0 1E0 1E0 1E0 1E0 1E0 1E0 1E0 1E0 1E0 1E0 1E0 1E0
-9999 -9999 -9999 -9999 -9999 -9999 -9999 -9999 -9999 -9999 -9999 -9999 -9999 2.29277E-1 4.05279E-1 4.39975E-1 5.58309E-1 9.36621E-1 7.602E-1 2.32351E-1 2.20145E-1 3.79584E-1 4.47957E-1 2.28824E-1 1.33839E-1 4.79149E-2 4.35768E-2 3.09873E-2 4.81712E-2 4.2633E-2 3.71688E-2 1.0316E-1 1.07938E-1 1.05557E-1 1.58214E-1 1.73047E-1 1.73321E-1 1.68493E-1 3.17379E-1 2.14375E-1 4.33291E-1 6.39786E-1 5.62061E-1 8.01914E-1 9.12973E-1 9.99547E-1 9.99614E-1 9.84472E-1 9.9608E-1 9.99999E-1 1E0 9.99999E-1 1E0 1E0 1E0 1E0 1E0 1E0 1E0 1E0 1E0 1E0 1E0 1E0 1E0 1E0 1E0 1E0 1E0
-9999 -9999 -9999 -9999 -9999 -9999 -9999 -9999 -9999 -9999 -9999 -9999 -9999 -9999 1.64662E-1 3.1921E-1 4.21553E-1 5.79086E-1 9.14809E-1 6.86717E-1 7.82479E-1 8.72087E-1 6.66378E-1 5.97214E-1 2.08335E-1 9.03594E-2 8.47323E-2 7.26807E-2 1.59001E-1 1.73724E-1 9.22948E-2 2.22902E-1 1.0518E-1 1.31683E-1 1.02222E-1 1.73296E-1 3.42088E-1 2.19976E-1 4.54784E-1 4.63221E-1 5.20503E-1 3.51883E-1 5.69652E-1 9.34389E-1 9.80678E-1 9.83336E-1 9.72136E-1 9.90422E-1 9.87941E-1 9.99989E-1 9.99993E-1 9.99826E-1 1E0 1E0 1E0 1E0 1E0 1E0 1E0 1E0 1E0 1E0 1E0 1E0 1E0 1E0 1E0 1E0 1E0
-9999 -9999 -9999 -9999 -9999 -9999 -9999 -9999 -9999 -9999 -9999 -9999 -9999 -9999 9.41133E-2 1.60359E-1 2.01156E-1 3.71593E-1 9.33983E-1 9.69962E-1 9.65677E-1 9.99933E-1 9.17919E-1 9.11674E-1 9.17233E-1 8.39398E-1 7.18679E-1 3.15541E-1 2.39199E-1 2.46297E-1 2.03062E-1 2.13233E-1 1.67909E-1 1.88157E-1 2.38422E-1 2.53543E-1 4.56846E-1 4.77964E-1 6.52711E-1 5.45562E-1 5.18151E-1 6.29826E-1 6.89452E-1 7.83854E-1 8.74879E-1 7.75291E-1 8.03583E-1 9.90071E-1 9.95307E-1 1E0 1E0 1E0 1E0 1E0 1E0 1E0 1E0 9.99998E-1 9.99997E-1 1E0 1E0 1E0 1E0 1E0 1E0 1E0 1E0 1E0 1E0
-9999 -9999 -9999 -9999 -9999 -9999 -9999 -9999 -9999 -9999 -9999 -9999 -9999 -9999 1.45333E-1 1.68293E-1 2.06454E-1 3.85235E-1 8.0242E-1 9.76926E-1 9.7184E-1 9.99992E-1 9.77727E-1 8.96796E-1 9.52978E-1 9.17419E-1 7.97745E-1 5.64033E-1 6.76057E-1 5.96241E-1 3.32715E-1 3.43028E-1 1.97346E-1 2.77372E-1 2.12886E-1 2.96117E-1 5.50641E-1 6.91913E-1 7.02648E-1 8.0839E-1 7.50702E-1 3.15182E-1 2.83006E-1 6.54568E-1 8.01554E-1 5.54714E-1 8.10643E-1 9.82301E-1 9.99592E-1 1E0 1E0 1E0 1E0 1E0 1E0 1E0 9.99875E-1 9.99999E-1 9.99999E-1 1E0 1E0 1E0 1E0 1E0 1E0 1E0 1E0 1E0 1E0
-9999 -9999 -9999 -9999 -9999 -9999 -9999 -9999 -9999 -9999 -9999 -9999 -9999 -9999 1.5068E-1 2.2036E-1 1.56628E-1 3.62874E-1 7.49487E-1 9.26354E-1 9.39749E-1 9.9964E-1 9.9979E-1 9.98976E-1 9.99959E-1 9.11134E-1 8.54838E-1 5.93286E-1 6.07257E-1 6.46383E-1 3.90619E-1 2.0557E-1 1.52671E-1 1.76524E-1 1.76814E-1 2.62691E-1 4.8453E-1 6.26408E-1 7.71463E-1 8.47554E-1 8.11567E-1 7.42567E-1 4.73995E-1 6.69341E-1 7.9715E-1 9.1627E-1 9.87578E-1 9.94315E-1 9.99602E-1 9.99995E-1 9.99999E-1 9.99989E-1 1E0 9.99999E-1 1E0 1E0 9.99999E-1 9.999E-1 9.99998E-1 1E0 1E0 1E0 1E0 1E0 1E0 1E0 1E0 1E0 1E0
-9999 -9999 -9999 -9999 -9999 -9999 -9999 -9999 -9999 -9999 -9999 -9999 -9999 -9999 -9999 1.67078E-1 2.49044E-1 3.6172E-1 6.22526E-1 9.06096E-1 9.91009E-1 9.93523E-1 9.89376E-1 9.99665E-1 9.89192E-1 9.82065E-1 9.95243E-1 8.19308E-1 6.26291E-1 6.53926E-1 4.45506E-1 3.21324E-1 1.90923E-1 1.41129E-1 3.26379E-1 4.26017E-1 3.82997E-1 6.06789E-1 7.159E-1 8.50916E-1 8.11211E-1 7.66829E-1 6.42916E-1 6.55616E-1 7.83938E-1 9.7475E-1 9.98781E-1 9.64593E-1 9.79286E-1 9.71716E-1 9.99853E-1 9.99943E-1 9.99996E-1 9.99972E-1 1E0 1E0 1E0 1E0 1E0 1E0 1E0 1E0 1E0 1E0 1E0 1E0 1E0 1E0 1E0
-9999 -9999 -9999 -9999 -9999 -9999 -9999 -9999 -9999 -9999 -9999 -9999 -9999 -9999 -9999 1.81078E-1 1.39587E-1 3.53881E-1 7.196E-1 9.05008E-1 9.97877E-1 9.93512E-1 6.18567E-1 5.86563E-1 9.24939E-1 9.59801E-1 9.99015E-1 9.29416E-1 9.13862E-1 7.2343E-1 8.26147E-1 2.89194E-1 2.57735E-1 1.58973E-1 3.99709E-1 4.59931E-1 4.83941E-1 7.206E-1 9.3439E-1 9.51557E-1 8.18302E-1 8.36527E-1 7.76752E-1 7.67829E-1 8.27095E-1 8.91412E-1 8.44473E-1 8.9729E-1 7.98249E-1 8.93157E-1 9.95476E-1 9.99993E-1 1E0 1E0 9.99999E-1 9.99997E-1 1E0 1E0 1E0 1E0 1E0 1E0 1E0 1E0 1E0 1E0 1E0 1E0 1E0
-9999 -9999 -9999 -9999 -9999 -9999 -9999 -9999 -9999 -9999 -9999 -9999 -9999 -9999 -9999 -9999 1.05598E-1 3.12026E-1 7.55545E-1 9.50508E-1 9.38707E-1 9.58402E-1 9.11071E-1 8.37918E-1 8.38282E-1 9.86657E-1 9.99942E-1 9.3084E-1 8.96698E-1 6.69545E-1 7.32934E-1 4.03133E-1 3.04461E-1 6.17066E-1 6.21886E-1 7.78452E-1 8.74701E-1 9.10807E-1 9.85937E-1 9.18316E-1 9.40283E-1 8.5792E-1 7.61286E-1 6.09794E-1 5.90642E-1 7.83727E-1 8.55242E-1 8.4434E-1 8.44105E-1 8.81311E-1 8.62222E-1 9.99705E-1 1E0 1E0 1E0 9.99998E-1 1E0 1E0 9.99961E-1 1E0 1E0 1E0 1E0 1E0 1E0 1E0 1E0 1E0 1E0
-9999 -9999 -9999 -9999 -9999 -9999 -9999 -9999 -9999 -9999 -9999 -9999 -9999 -9999 -9999 1.21783E-1 1.00736E-1 1.69006E-1 4.38347E-1 5.46912E-1 9.22174E-1 9.61599E-1 9.90202E-1 7.83035E-1 8.70812E-1 8.69871E-1 9.65186E-1 8.91951E-1 9.01609E-1 7.80725E-1 6.57788E-1 4.61585E-1 3.46271E-1 5.72978E-1 7.05845E-1 6.74276E-1 7.44231E-1 9.30325E-1 9.9907E-1 9.88738E-1 9.75333E-1 9.45349E-1 9.2243E-1 8.59367E-1 7.84488E-1 8.64023E-1 9.23837E-1 8.57632E-1 9.31593E-1 7.31576E-1 8.443E-1 9.94795E-1 9.99999E-1 1E0 9.99999E-1 9.99998E-1 1E0 1E0 1E0 1E0 1E0 1E0 1E0 1E0 1E0 1E0 1E0 1E0 1E0
-9999 -9999 -9999 -9999 -9999 -9999 -9999 -9999 -9999 -9999 -9999 -9999 -9999 -9999 -9999 -9999 2.14951E-1 1.32356E-1 2.85348E-1 6.73349E-1 9.08615E-1 9.16838E-1 9.9984E-1 9.85082E-1 9.87925E-1 9.99914E-1 8.99917E-1 9.09687E-1 7.27581E-1 4.01206E-1 4.36675E-1 4.0352E-1 5.69988E-1 7.5314E-1 9.25957E-1 9.36763E-1 9.33961E-1 9.45119E-1 9.93767E-1 9.79865E-1 9.51102E-1 9.62772E-1 9.73152E-1 9.74629E-1 9.64525E-1 9.16586E-1 9.80456E-1 9.80966E-1 9.86644E-1 8.88486E-1 9.78906E-1 9.99947E-1 9.99998E-1 9.99429E-1 9.9991E-1 9.99677E-1 1E0 1E0 1E0 1E0 1E0 1E0 1E0 1E0 1E0 1E0 1E0 1E0 1E0
