ENM/Final_Models/M_2_F_q_Set_1_EC/Gustavia_santanderiensis_3_Choco_clamping.asc
ncols         367
nrows         963
xllcorner     -78.6
yllcorner     0.65
cellsize      0.00833333333333323
NODATA_value  -9999
[rows 352 to 383 of 963, columns 142 to 212 of 367]
-9999 -9999 -9999 -9999 -9999 -9999 -9999 -9999 -9999 -9999 -9999 -9999 -9999 -9999 -9999 -9999 -9999 -9999 -9999 -9999 -9999 -9999 -9999 -9999 -9999 -9999 0E0 3.33224E-2 4.94117E-2 5.42664E-2 0E0 1.10509E-1 1.19309E-1 1.4366E-1 5.2921E-2 7.91298E-2 0E0 1.27432E-1 1.05424E-1 1.26942E-1 1.94184E-1 2.47036E-1 1.81053E-1 6.5292E-2 0E0 0E0 1.4174E-1 3.06589E-1 2.98456E-1 2.96385E-1 8.64882E-2 1.71438E-1 2.43168E-1 1.89189E-1 1.92181E-1 2.54191E-1 1.71091E-1 2.70455E-1 2.90731E-1 3.11031E-1 2.39963E-1 3.46476E-1 4.9877E-1 4.73355E-1 4.89656E-1 4.66588E-1 5.67556E-1 4.8125E-1 6.27859E-1 5.5872E-1 5.75746E-1
-9999 -9999 -9999 -9999 -9999 -9999 -9999 -9999 -9999 -9999 -9999 -9999 -9999 -9999 -9999 -9999 -9999 -9999 -9999 -9999 -9999 -9999 -9999 -9999 -9999 0E0 9.89989E-2 8.62776E-2 1.4301E-1 1.40933E-1 1.64593E-1 1.02261E-1 1.49503E-1 1.90469E-1 1.19669E-1 1.08616E-1 9.04636E-2 1.14484E-1 8.05843E-2 7.57092E-2 2.24872E-1 1.56259E-1 1.2769E-1 0E0 0E0 0E0 1.11352E-1 2.33339E-1 2.44436E-1 2.14698E-1 7.66603E-2 9.4183E-2 1.64118E-1 2.76169E-1 1.73398E-1 3.06838E-1 3.90798E-1 4.11549E-1 2.87928E-1 3.12913E-1 3.57524E-1 2.9552E-1 4.46112E-1 4.15609E-1 5.20404E-1 5.81597E-1 6.32347E-1 4.6369E-1 5.98007E-1 5.96268E-1 6.39796E-1
-9999 -9999 -9999 -9999 -9999 -9999 -9999 -9999 -9999 -9999 -9999 -9999 -9999 -9999 -9999 -9999 -9999 -9999 -9999 -9999 -9999 -9999 -9999 -9999 -9999 0E0 1.69526E-1 1.2969E-1 1.77055E-1 2.19176E-1 6.89581E-2 7.22546E-2 1.36898E-1 1.89609E-1 1.10516E-1 1.01117E-1 0E0 5.21265E-2 3.87887E-2 5.19199E-2 1.12358E-1 1.48039E-1 1.64978E-1 0E0 0E0 0E0 0E0 0E0 0E0 1.06136E-1 1.38183E-1 2.29211E-1 2.43856E-1 1.37701E-1 1.78456E-1 1.61361E-1 3.66617E-1 3.46501E-1 4.22116E-1 3.86136E-1 4.99825E-1 3.96228E-1 3.55634E-1 4.2156E-1 5.36635E-1 5.96195E-1 6.12435E-1 6.30164E-1 5.46745E-1 6.33004E-1 5.84862E-1
-9999 -9999 -9999 -9999 -9999 -9999 -9999 -9999 -9999 -9999 -9999 -9999 -9999 -9999 -9999 -9999 -9999 -9999 -9999 -9999 -9999 -9999 -9999 -9999 -9999 0E0 1.21867E-1 5.51757E-2 2.69565E-1 1.69776E-1 1.63432E-1 1.75394E-1 1.58722E-1 1.31798E-1 1.07531E-1 1.51102E-1 1.32197E-1 3.27795E-2 2.98909E-2 1.30689E-1 1.78644E-1 2.46276E-1 1.88716E-1 0E0 0E0 0E0 0E0 0E0 0E0 0E0 9.66799E-2 2.53103E-1 3.25859E-1 4.80778E-1 2.14533E-1 1.89492E-1 2.59349E-1 3.20803E-1 2.60053E-1 1.52714E-1 3.06851E-1 2.22287E-1 3.08523E-1 4.4257E-1 6.02555E-1 5.9584E-1 6.05624E-1 6.03827E-1 5.91861E-1 5.91566E-1 5.57883E-1
-9999 -9999 -9999 -9999 -9999 -9999 -9999 -9999 -9999 -9999 -9999 -9999 -9999 -9999 -9999 -9999 -9999 -9999 -9999 -9999 -9999 -9999 -9999 -9999 0E0 4.05638E-2 7.54333E-2 0E0 8.74965E-2 5.11355E-2 4.09168E-2 1.37466E-1 1.4101E-1 1.44267E-1 1.99307E-1 2.05615E-1 1.61295E-1 3.65799E-2 6.27269E-2 9.18389E-2 2.44221E-1 3.44579E-1 1.8688E-1 1.72737E-1 6.78031E-2 0E0 0E0 1.22965E-1 0E0 0E0 1.54001E-1 2.30681E-1 3.70983E-1 5.52133E-1 5.47237E-1 1.69523E-1 1.80427E-1 3.59425E-1 2.88473E-1 3.15486E-1 2.16219E-1 3.25663E-1 5.02863E-1 4.3668E-1 4.99142E-1 4.86241E-1 5.11392E-1 6.17656E-1 5.86878E-1 6.30347E-1 6.15724E-1
-9999 -9999 -9999 -9999 -9999 -9999 -9999 -9999 -9999 -9999 -9999 -9999 -9999 -9999 -9999 -9999 -9999 -9999 -9999 -9999 -9999 -9999 -9999 -9999 0E0 6.08938E-2 1.02716E-1 9.51757E-2 0E0 0E0 0E0 4.23809E-2 3.16138E-2 0E0 6.91262E-2 8.09224E-2 8.96328E-2 5.45392E-2 9.327E-3 6.50027E-2 1.62254E-1 2.51407E-1 1.09437E-1 1.50154E-1 8.35546E-2 0E0 0E0 1.15501E-1 3.62926E-1 4.442E-1 4.26751E-1 3.23823E-1 4.59365E-1 6.41391E-1 6.58111E-1 3.03227E-1 2.10681E-1 3.11616E-1 1.76113E-1 2.99073E-1 3.44182E-1 5.41763E-1 5.17264E-1 4.30316E-1 4.20678E-1 3.90323E-1 5.92903E-1 6.48537E-1 6.65004E-1 6.09823E-1 6.32392E-1
-9999 -9999 -9999 -9999 -9999 -9999 -9999 -9999 -9999 -9999 -9999 -9999 -9999 -9999 -9999 -9999 -9999 -9999 -9999 -9999 -9999 -9999 -9999 0E0 3.04432E-2 7.01061E-2 1.01919E-1 9.42095E-2 9.80216E-2 1.26257E-1 5.45391E-2 4.82354E-2 0E0 0E0 0E0 2.00633E-2 1.51706E-2 6.53837E-3 2.10735E-3 0E0 1.07318E-1 3.74065E-1 1.63928E-1 1.38862E-1 8.51219E-2 0E0 0E0 8.21982E-2 2.42149E-1 2.34072E-1 5.43837E-1 6.27194E-1 5.55336E-1 4.98365E-1 4.56617E-1 2.89828E-1 2.10987E-1 1.78661E-1 2.66342E-1 2.57557E-1 1.94439E-1 3.4822E-1 2.98413E-1 2.50662E-1 2.97565E-1 4.56899E-1 4.55977E-1 4.6459E-1 4.96414E-1 5.99474E-1 5.05986E-1
-9999 -9999 -9999 -9999 -9999 -9999 -9999 -9999 -9999 -9999 -9999 -9999 -9999 -9999 -9999 -9999 -9999 -9999 -9999 -9999 -9999 -9999 -9999 8.57505E-2 7.04085E-2 1.00599E-1 1.24097E-1 8.13815E-2 1.12092E-1 7.29513E-2 5.41072E-2 3.44648E-2 0E0 0E0 0E0 0E0 0E0 0E0 0E0 0E0 3.61828E-2 1.34982E-1 1.33168E-1 1.0277E-1 7.29443E-2 0E0 0E0 9.33393E-2 2.63323E-1 2.44178E-1 6.41174E-1 6.10765E-1 5.96886E-1 5.59732E-1 6.49627E-1 4.29319E-1 2.2795E-1 1.76921E-1 2.99236E-1 2.61271E-1 2.18786E-1 3.87661E-1 3.04801E-1 2.78779E-1 4.43743E-1 3.59326E-1 4.64799E-1 4.91027E-1 5.50576E-1 4.33083E-1 4.2785E-1
-9999 -9999 -9999 -9999 -9999 -9999 -9999 -9999 -9999 -9999 -9999 -9999 -9999 -9999 -9999 -9999 -9999 -9999 -9999 -9999 -9999 -9999 -9999 1.71691E-1 9.2893E-2 1.28403E-1 1.87796E-1 5.87436E-2 4.55621E-2 2.55814E-2 0E0 0E0 0E0 0E0 0E0 0E0 0E0 8.5172E-3 2.52351E-3 0E0 0E0 3.45149E-2 9.2108E-2 1.61729E-1 2.05289E-1 5.26555E-2 6.46326E-2 2.63209E-1 3.5763E-1 4.86762E-1 4.55754E-1 5.42862E-1 6.51221E-1 6.17889E-1 6.63789E-1 4.15474E-1 1.89449E-1 2.43938E-1 2.48966E-1 2.19654E-1 2.59913E-1 4.52794E-1 4.29214E-1 3.42368E-1 3.63405E-1 5.33254E-1 4.59396E-1 5.27476E-1 4.74503E-1 4.61688E-1 4.30336E-1
-9999 -9999 -9999 -9999 -9999 -9999 -9999 -9999 -9999 -9999 -9999 -9999 -9999 -9999 -9999 -9999 -9999 -9999 -9999 -9999 -9999 -9999 0E0 1.77136E-1 6.28629E-2 6.86783E-2 1.50044E-1 7.28651E-2 3.1141E-2 1.36942E-2 0E0 0E0 0E0 0E0 0E0 0E0 0E0 0E0 1.83202E-2 7.78456E-3 0E0 0E0 1.74435E-1 3.73881E-3 1.0346E-1 4.23927E-3 9.78287E-2 2.44338E-1 3.36956E-1 3.57501E-1 4.54722E-1 5.2209E-1 5.78891E-1 6.51879E-1 5.86926E-1 3.3539E-1 2.64873E-1 2.02976E-1 1.53493E-1 2.65613E-1 2.59702E-1 4.88307E-1 3.22752E-1 3.57975E-1 4.74379E-1 4.87761E-1 4.13496E-1 3.57075E-1 4.87602E-1 3.84798E-1 3.63106E-1
-9999 -9999 -9999 -9999 -9999 -9999 -9999 -9999 -9999 -9999 -9999 -9999 -9999 -9999 -9999 -9999 -9999 -9999 -9999 -9999 -9999 0E0 0E0 1.04469E-1 1.31632E-1 7.50285E-2 7.89423E-2 9.08205E-2 2.50635E-2 5.44702E-4 8.19132E-3 3.45771E-2 0E0 0E0 0E0 0E0 0E0 3.58025E-2 3.45629E-2 3.92636E-2 4.47751E-2 2.09673E-1 2.32229E-1 1.41899E-1 7.33148E-2 1.2684E-1 6.9215E-2 2.09016E-1 3.15451E-1 2.99574E-1 4.38437E-1 5.28231E-1 5.73485E-1 5.63391E-1 4.31316E-1 2.65307E-1 3.16213E-1 2.91249E-1 1.68955E-1 2.95432E-1 2.61426E-1 3.03825E-1 3.05928E-1 3.78299E-1 4.07376E-1 5.00807E-1 4.11706E-1 3.50138E-1 4.82423E-1 5.18526E-1 3.32989E-1
-9999 -9999 -9999 -9999 -9999 -9999 -9999 -9999 -9999 -9999 -9999 -9999 -9999 -9999 -9999 -9999 -9999 -9999 -9999 0E0 0E0 0E0 0E0 0E0 6.3308E-2 3.97776E-2 7.68199E-3 0E0 0E0 0E0 1.20564E-2 2.35775E-2 6.24428E-2 3.03083E-3 3.09761E-3 2.00427E-1 1.8843E-1 1.19689E-1 5.86421E-2 8.09605E-2 1.28596E-1 5.95637E-2 1.84805E-1 2.16839E-1 1.54561E-1 2.4667E-1 1.24493E-1 2.72286E-1 3.01231E-1 2.65258E-1 2.80702E-1 3.77943E-1 5.82273E-1 4.677E-1 5.71415E-1 3.04327E-1 2.47522E-1 3.86877E-1 3.30269E-1 3.35832E-1 2.73636E-1 2.31668E-1 3.51666E-1 5.07604E-1 5.00053E-1 5.09257E-1 5.36922E-1 4.72679E-1 5.08564E-1 4.69634E-1 2.52995E-1
-9999 -9999 -9999 -9999 -9999 -9999 -9999 -9999 -9999 -9999 -9999 0E0 0E0 0E0 0E0 0E0 0E0 0E0 0E0 8.67867E-3 5.95063E-3 0E0 0E0 1.03996E-1 9.8865E-2 1.89339E-2 7.45063E-3 0E0 0E0 0E0 0E0 0E0 5.93518E-2 4.20511E-3 7.70773E-2 1.72766E-1 2.42767E-1 1.5465E-1 1.5504E-1 1.52291E-1 8.94183E-2 4.19285E-2 9.6248E-2 4.06223E-1 2.85771E-1 2.81184E-1 3.24276E-1 3.22335E-1 3.40484E-1 3.67934E-1 3.86116E-1 2.78418E-1 6.14923E-1 5.14224E-1 5.46588E-1 2.22621E-1 3.39922E-1 2.00851E-1 2.32275E-1 2.56436E-1 3.27552E-1 2.08335E-1 3.0943E-1 4.85203E-1 4.74066E-1 4.88052E-1 5.3825E-1 4.40885E-1 5.4288E-1 3.62111E-1 2.57293E-1
-9999 -9999 -9999 -9999 -9999 -9999 -9999 -9999 -9999 -9999 0E0 0E0 0E0 0E0 0E0 0E0 0E0 0E0 0E0 0E0 0E0 0E0 1.13569E-2 3.99396E-2 1.14731E-1 6.251E-2 0E0 0E0 0E0 0E0 0E0 0E0 2.56989E-2 6.15079E-2 9.26408E-2 2.16061E-1 3.35971E-1 2.63662E-1 3.2102E-1 3.5818E-1 2.67361E-1 1.00774E-1 4.6954E-2 1.22174E-1 2.37839E-1 2.9417E-1 3.17223E-1 1.83891E-1 1.62506E-1 3.79345E-1 3.51559E-1 3.68355E-1 4.0775E-1 3.83437E-1 4.88247E-1 2.79809E-1 3.31397E-1 2.16719E-1 2.75629E-1 2.30512E-1 4.06373E-1 4.34877E-1 4.09755E-1 4.42559E-1 5.82636E-1 3.92022E-1 4.85838E-1 4.78263E-1 5.13341E-1 4.5745E-1 5.47843E-1
-9999 -9999 -9999 -9999 -9999 -9999 -9999 -9999 -9999 -9999 0E0 0E0 0E0 0E0 0E0 0E0 0E0 0E0 0E0 0E0 0E0 0E0 0E0 0E0 0E0 0E0 0E0 0E0 0E0 0E0 0E0 0E0 0E0 7.64945E-2 1.58612E-1 1.52474E-1 2.01955E-1 1.87384E-1 2.25704E-1 3.06311E-1 4.07558E-1 3.07361E-1 1.57881E-1 2.44058E-1 2.27055E-1 1.73035E-1 1.92968E-1 2.32571E-1 1.87045E-1 3.55366E-1 3.44186E-1 3.24891E-1 3.08649E-1 2.32478E-1 4.62995E-1 3.10125E-1 3.59049E-1 2.38382E-1 2.62517E-1 2.07102E-1 3.22946E-1 4.45329E-1 4.15715E-1 3.96834E-1 5.06466E-1 5.05744E-1 5.43071E-1 5.51116E-1 4.79782E-1 4.91675E-1 4.91094E-1
0E0 0E0 -9999 -9999 -9999 -9999 -9999 -9999 -9999 0E0 0E0 0E0 0E0 0E0 0E0 0E0 0E0 0E0 0E0 0E0 0E0 3.50596E-3 0E0 0E0 0E0 0E0 0E0 0E0 0E0 3.09659E-2 2.87528E-2 1.07815E-2 5.41324E-2 8.88276E-2 1.1066E-1 1.67091E-1 1.5914E-1 9.92865E-2 7.89825E-2 1.58698E-1 3.237E-1 5.21787E-1 2.69425E-1 3.1271E-1 3.65527E-1 2.15548E-1 1.81386E-1 1.87237E-1 2.97591E-1 2.43422E-1 3.31186E-1 2.16008E-1 3.6711E-1 3.92179E-1 3.35263E-1 1.99207E-1 2.59399E-1 2.00622E-1 2.94413E-1 3.69208E-1 3.97083E-1 4.89974E-1 5.24023E-1 5.25308E-1 4.27237E-1 5.67307E-1 4.54039E-1 5.19801E-1 5.12609E-1 3.26735E-1 3.8129E-1
0E0 0E0 0E0 -9999 -9999 -9999 -9999 -9999 -9999 0E0 0E0 0E0 0E0 0E0 0E0 0E0 1.65758E-3 1.07433E-2 1.20609E-2 0E0 0E0 1.79273E-2 0E0 0E0 0E0 0E0 0E0 0E0 0E0 1.48375E-2 8.10007E-2 5.5896E-2 4.21793E-2 1.09871E-1 1.04427E-1 1.13854E-1 1.61512E-1 1.28236E-1 6.68886E-2 1.85425E-1 2.69113E-1 4.08748E-1 4.47283E-1 3.66559E-1 4.10521E-1 4.27479E-1 1.75182E-1 1.36653E-1 2.77725E-1 1.33747E-1 1.68109E-1 1.89139E-1 3.01615E-1 2.00397E-1 2.88036E-1 2.72586E-1 2.77368E-1 3.0902E-1 1.95212E-1 1.79354E-1 2.55307E-1 4.42676E-1 5.14616E-1 3.71934E-1 4.41116E-1 5.51094E-1 4.43747E-1 5.04831E-1 4.98488E-1 3.43257E-1 3.85601E-1
0E0 0E0 0E0 0E0 -9999 -9999 -9999 0E0 0E0 0E0 0E0 0E0 0E0 0E0 0E0 0E0 1.27361E-3 8.0537E-3 0E0 0E0 0E0 0E0 0E0 0E0 0E0 0E0 0E0 0E0 0E0 0E0 4.26037E-2 4.20863E-2 1.13124E-1 1.63958E-1 1.77515E-1 1.91416E-1 1.77135E-1 1.63694E-1 1.47575E-1 2.29692E-1 2.65131E-1 3.28154E-1 3.24439E-1 2.73268E-1 3.0615E-1 3.19583E-1 1.69186E-1 1.59213E-1 1.49664E-1 1.43965E-1 1.7104E-1 1.8065E-1 4.39786E-1 4.19219E-1 3.39871E-1 2.90977E-1 2.81114E-1 2.8089E-1 3.18211E-1 3.69834E-1 4.17668E-1 3.62917E-1 5.30592E-1 5.46418E-1 4.67711E-1 4.30955E-1 3.4294E-1 3.79467E-1 4.67656E-1 5.10816E-1 4.5301E-1
0E0 0E0 0E0 0E0 0E0 0E0 0E0 0E0 0E0 0E0 0E0 0E0 0E0 0E0 0E0 0E0 3.60828E-3 2.68436E-2 1.42504E-2 0E0 0E0 0E0 0E0 0E0 0E0 0E0 0E0 0E0 0E0 0E0 9.68098E-2 9.72504E-2 1.32604E-1 1.47969E-1 2.80776E-1 1.10904E-1 3.71299E-1 3.20668E-1 2.30151E-1 2.84306E-1 3.38862E-1 3.41295E-1 2.55677E-1 1.22218E-1 3.59072E-2 1.43507E-1 6.02335E-2 2.09023E-1 1.84056E-1 2.78704E-1 2.25617E-1 3.07198E-1 3.27505E-1 3.24971E-1 2.77811E-1 3.81024E-1 2.1285E-1 2.53837E-1 2.97541E-1 4.50807E-1 3.56759E-1 3.26929E-1 3.08349E-1 3.40631E-1 3.88035E-1 4.92855E-1 4.88823E-1 3.26586E-1 2.33707E-1 2.28661E-1 3.49036E-1
0E0 0E0 0E0 0E0 0E0 0E0 0E0 0E0 0E0 0E0 0E0 3.44005E-4 0E0 0E0 0E0 0E0 5.26407E-3 1.54476E-3 0E0 6.8696E-3 0E0 0E0 0E0 0E0 0E0 0E0 0E0 0E0 0E0 1.94075E-2 2.21508E-1 1.71057E-1 1.54845E-1 1.59836E-1 2.30209E-1 1.01447E-1 2.90631E-1 4.39521E-1 3.94373E-1 4.13805E-1 2.71966E-1 3.22599E-1 2.08377E-1 8.88929E-2 4.24165E-2 6.37851E-2 4.2421E-2 3.0067E-2 4.52508E-2 2.15673E-1 2.65503E-1 2.8108E-1 2.58312E-1 3.05627E-1 2.95359E-1 3.10956E-1 1.82925E-1 2.97032E-1 2.92886E-1 4.75071E-1 4.3508E-1 4.80933E-1 2.85665E-1 3.17368E-1 4.30069E-1 3.27426E-1 3.83602E-1 3.51908E-1 3.52027E-1 3.58758E-1 2.25825E-1
0E0 0E0 0E0 0E0 0E0 0E0 0E0 0E0 0E0 0E0 0E0 0E0 0E0 0E0 0E0 0E0 0E0 3.45439E-3 7.17935E-4 1.33529E-2 0E0 0E0 0E0 0E0 0E0 0E0 0E0 0E0 0E0 0E0 1.21975E-1 1.40936E-1 1.64938E-1 1.8309E-1 1.87981E-1 1.67533E-1 2.75398E-1 2.01637E-1 2.07709E-1 2.56859E-1 1.10128E-1 1.20431E-1 1.48688E-1 9.74064E-2 1.68127E-1 2.48454E-1 8.68461E-2 3.20976E-2 1.19787E-1 3.07059E-1 2.3749E-1 2.53167E-1 2.83201E-1 2.16759E-1 2.65087E-1 2.69053E-1 1.40908E-1 1.42721E-1 4.04323E-1 4.33252E-1 4.3674E-1 2.92649E-1 4.45508E-1 2.49833E-1 3.2325E-1 4.70052E-1 3.59186E-1 3.57869E-1 4.22671E-1 3.67984E-1 4.72432E-1
0E0 0E0 0E0 0E0 0E0 0E0 0E0 0E0 0E0 0E0 0E0 0E0 0E0 0E0 0E0 0E0 0E0 0E0 2.09509E-3 3.40795E-3 1.22278E-3 0E0 0E0 0E0 0E0 0E0 0E0 0E0 0E0 4.8497E-2 1.53158E-1 1.589E-1 2.40847E-1 2.05372E-1 1.82264E-1 9.87753E-2 1.19127E-1 1.36541E-1 2.15704E-1 1.49235E-1 1.7113E-1 6.33169E-2 1.51997E-1 2.51622E-1 1.31414E-1 1.45397E-1 1.01305E-1 3.92891E-2 3.86276E-2 1.82173E-1 1.40207E-1 1.57748E-1 1.84568E-1 2.63657E-1 3.53012E-1 3.19931E-1 2.15414E-1 2.46891E-1 2.85386E-1 3.47268E-1 3.63201E-1 4.04691E-1 2.64775E-1 4.18718E-1 2.85301E-1 3.48081E-1 3.76463E-1 3.82426E-1 3.32544E-1 4.06139E-1 4.71069E-1
0E0 0E0 0E0 0E0 0E0 0E0 0E0 0E0 0E0 0E0 0E0 0E0 0E0 0E0 4.77609E-3 0E0 0E0 0E0 4.06309E-3 7.53212E-3 6.1381E-2 0E0 0E0 0E0 0E0 0E0 0E0 0E0 0E0 1.30821E-1 2.44331E-1 1.47532E-1 1.31166E-1 1.24504E-1 9.3475E-2 1.31891E-1 6.89198E-2 1.01799E-1 2.06675E-1 1.00879E-1 1.13208E-1 7.98837E-2 1.72586E-1 2.39322E-1 1.50676E-1 1.71343E-1 1.89995E-1 1.31821E-1 1.58609E-1 2.06413E-1 1.60598E-1 1.37816E-1 1.18418E-2 3.05537E-1 3.5767E-1 4.17703E-1 3.75488E-1 2.73356E-1 2.17289E-1 3.9589E-1 3.02476E-1 3.98511E-1 4.54798E-1 3.07295E-1 2.23169E-1 4.5025E-1 3.80372E-1 3.22059E-1 3.74105E-1 4.20761E-1 3.20907E-1
5.2275E-3 0E0 0E0 0E0 0E0 0E0 0E0 0E0 0E0 0E0 0E0 0E0 0E0 0E0 6.10094E-3 2.53869E-2 6.34258E-3 1.22315E-2 2.68613E-2 4.16276E-2 9.43079E-2 1.77151E-2 9.15382E-3 0E0 0E0 0E0 0E0 0E0 1.96736E-3 1.27058E-1 1.29956E-1 1.06248E-1 1.1748E-1 1.18866E-1 5.82467E-2 8.44821E-2 7.28652E-2 6.99668E-2 9.39736E-2 1.07142E-1 1.37365E-1 9.24018E-2 8.03507E-2 2.08673E-1 3.0133E-1 3.53411E-1 4.00897E-1 2.46947E-1 1.64235E-1 2.3906E-1 1.85994E-1 1.48731E-1 1.58117E-1 2.52934E-1 3.23522E-1 3.06518E-1 1.94543E-1 1.9041E-1 2.71202E-1 4.64567E-1 4.39606E-1 6.01031E-1 5.8934E-1 3.04457E-1 2.35048E-1 3.07468E-1 3.38128E-1 4.37917E-1 4.25465E-1 3.00191E-1 2.27921E-1
0E0 0E0 0E0 0E0 0E0 0E0 0E0 0E0 0E0 0E0 0E0 0E0 3.97007E-3 1.41463E-2 7.27832E-2 7.97561E-2 2.78434E-2 2.46747E-2 2.1077E-2 3.59615E-2 1.89139E-2 0E0 0E0 0E0 0E0 1.64217E-3 0E0 0E0 1.91172E-2 1.0367E-1 1.10613E-1 9.20801E-2 6.94419E-2 8.52374E-2 4.23652E-2 4.06822E-2 8.75373E-2 5.81855E-2 4.62169E-2 1.27861E-1 1.94382E-1 1.63264E-1 1.30528E-1 1.68319E-1 2.28554E-1 2.22065E-1 3.46413E-1 2.49409E-1 2.76388E-1 1.95507E-1 2.64259E-1 1.92181E-1 2.35205E-1 1.81234E-1 2.63577E-1 1.99116E-1 2.01921E-1 2.11689E-1 4.16921E-1 2.85726E-1 3.97474E-1 5.3958E-1 5.10533E-1 2.62947E-1 1.34185E-1 2.06004E-1 3.3396E-1 4.32555E-1 4.88956E-1 3.11751E-1 5.10958E-1
5.54804E-2 4.06116E-2 1.15617E-1 3.2174E-2 0E0 0E0 0E0 0E0 0E0 0E0 0E0 0E0 1.53455E-2 3.34944E-2 4.91828E-2 3.39295E-2 2.00651E-2 2.43591E-2 0E0 0E0 0E0 0E0 0E0 0E0 0E0 0E0 0E0 0E0 1.97729E-2 9.1156E-2 6.90454E-2 5.48973E-2 5.27296E-2 4.83514E-2 9.5306E-2 9.86281E-2 1.35847E-1 1.1537E-1 9.78746E-2 1.19958E-1 1.71707E-1 2.2738E-1 1.58797E-1 1.76735E-1 1.88527E-1 2.21892E-1 1.67737E-1 6.85055E-2 1.44497E-1 2.3694E-1 1.66591E-1 1.44371E-1 2.45733E-1 4.09385E-1 3.08127E-1 2.23948E-1 1.51526E-1 1.503E-1 3.11411E-1 3.70645E-1 3.68044E-1 5.206E-1 3.65055E-1 4.1711E-1 3.23267E-1 1.89063E-1 3.39838E-1 4.32154E-1 3.56173E-1 4.2312E-1 3.52232E-1
1.70333E-2 1.20774E-2 6.11554E-2 0E0 4.41076E-3 4.23888E-3 3.2437E-2 9.8613E-3 2.19099E-2 3.90951E-2 0E0 0E0 0E0 2.27753E-2 2.29018E-2 4.51822E-2 1.49318E-2 9.72541E-4 0E0 0E0 0E0 0E0 0E0 0E0 0E0 0E0 0E0 0E0 4.81532E-2 6.7356E-2 1.37653E-2 7.96712E-2 9.95828E-2 1.34286E-1 9.2564E-2 6.78635E-2 1.89224E-1 2.62857E-1 2.29491E-1 2.82637E-1 2.37544E-1 4.18052E-1 2.98156E-1 2.16222E-1 3.33461E-1 2.35068E-1 2.47133E-1 1.23968E-1 1.89088E-1 1.41746E-1 6.42704E-2 1.9439E-1 1.72731E-1 3.82915E-1 3.63018E-1 3.44343E-1 2.92755E-1 3.20306E-1 3.27778E-1 1.94141E-1 3.56627E-1 2.9026E-1 2.79675E-1 4.04067E-1 5.31854E-1 2.967E-1 3.18134E-1 3.86641E-1 3.39206E-1 2.60618E-1 3.54873E-1
6.83292E-2 7.70484E-2 6.77543E-2 0E0 5.08523E-3 5.80379E-3 4.82553E-2 9.04108E-2 7.48015E-2 1.20105E-1 0E0 0E0 1.47774E-2 2.15738E-2 2.85422E-2 8.43131E-3 4.66501E-3 1.56679E-3 1.50665E-3 1.2759E-3 0E0 0E0 0E0 0E0 0E0 0E0 0E0 0E0 0E0 0E0 9.88182E-3 0E0 8.10423E-2 1.41707E-1 1.70863E-1 1.11862E-1 2.09224E-1 3.67776E-1 2.46998E-1 3.49682E-1 4.3504E-1 4.084E-1 2.87812E-1 1.80606E-1 2.50746E-1 1.70435E-1 1.43378E-1 1.50629E-1 1.79842E-1 5.91033E-2 5.48144E-2 6.67597E-2 7.46139E-2 1.26158E-1 2.65936E-1 4.12126E-1 2.77452E-1 3.46049E-1 2.51874E-1 2.03127E-1 4.07087E-1 4.03327E-1 3.01152E-1 3.35221E-1 2.2805E-1 3.60943E-1 2.8964E-1 3.8082E-1 3.76613E-1 2.29809E-1 1.89904E-1
1.22475E-1 1.05383E-1 8.55411E-2 2.00183E-3 0E0 5.87993E-2 7.38262E-2 4.29577E-3 3.86865E-2 5.21559E-2 0E0 0E0 2.0965E-2 1.97809E-2 7.48956E-3 4.40677E-3 7.37177E-3 4.78161E-3 1.54061E-2 2.11159E-3 2.16539E-3 0E0 0E0 0E0 0E0 0E0 0E0 0E0 0E0 0E0 0E0 0E0 2.69236E-2 6.83413E-2 2.01979E-1 1.9888E-1 2.74847E-1 2.12546E-1 1.81902E-1 2.23475E-1 3.25542E-1 2.90879E-1 3.14519E-1 3.03221E-1 2.28343E-1 3.86127E-2 5.82089E-2 1.8888E-1 1.93461E-1 1.27846E-1 1.30783E-1 0E0 3.53732E-2 6.87963E-2 2.33857E-1 2.96131E-1 2.50076E-1 3.10057E-1 2.85539E-1 2.89247E-1 5.04965E-1 4.25587E-1 2.24543E-1 3.54762E-1 4.06209E-1 3.77104E-1 3.92441E-1 3.07781E-1 3.22757E-1 3.74495E-1 2.32736E-1
7.79902E-2 1.00662E-1 7.60332E-2 2.48734E-2 2.96478E-3 4.92348E-2 5.90745E-2 5.88843E-2 3.57364E-2 0E0 1.06333E-2 1.57779E-3 3.23804E-2 1.11141E-2 7.70085E-3 8.93628E-3 3.98645E-3 6.97856E-3 5.24721E-3 3.47065E-3 3.16198E-3 0E0 0E0 0E0 0E0 0E0 0E0 0E0 0E0 0E0 9.22893E-3 1.10145E-2 1.60768E-2 5.07764E-2 1.53803E-1 2.72002E-1 1.75568E-1 1.87276E-1 2.46584E-1 2.50295E-1 4.03967E-1 3.88659E-1 3.17893E-1 3.23769E-1 1.93675E-1 3.08141E-2 4.0718E-2 1.49183E-1 2.07818E-1 7.74381E-2 4.43111E-2 4.18809E-2 3.29507E-2 5.00237E-2 2.68612E-1 3.68046E-1 3.54513E-1 3.31404E-1 3.03235E-1 4.00499E-1 4.94155E-1 4.26074E-1 2.7525E-1 3.31514E-1 2.46787E-1 2.32379E-1 3.13326E-1 3.20011E-1 3.49268E-1 3.16246E-1 2.82087E-1
5.79317E-2 8.35206E-2 2.45969E-2 2.45418E-3 3.38031E-3 4.39966E-2 6.02087E-2 2.14031E-1 2.59519E-1 6.16549E-2 1.40299E-2 9.53337E-3 2.75533E-2 1.98974E-2 0E0 9.89951E-3 2.44654E-2 3.61699E-2 3.24957E-2 3.88377E-3 0E0 0E0 0E0 0E0 0E0 0E0 0E0 0E0 0E0 1.07163E-2 7.98082E-2 1.41139E-1 6.83678E-2 6.08128E-2 1.50113E-1 1.87165E-1 1.02442E-1 1.77526E-1 1.8975E-1 1.96032E-1 3.48408E-1 2.67216E-1 3.4089E-1 3.97862E-1 2.3585E-1 8.60026E-2 8.44693E-2 2.318E-1 2.32636E-1 9.71489E-2 3.74471E-2 5.33939E-2 1.01135E-1 1.62236E-1 2.65482E-1 2.82945E-1 3.20327E-1 2.0911E-1 1.33472E-1 1.95088E-1 3.84337E-1 4.13054E-1 3.13745E-1 3.14988E-1 1.66095E-1 1.67176E-1 2.75269E-1 2.0258E-1 3.52736E-1 3.45753E-1 3.63028E-1
2.90478E-2 3.1531E-2 3.82309E-2 4.73251E-2 2.60046E-3 2.36132E-2 1.45478E-2 3.17109E-2 3.56446E-2 5.60795E-2 9.78366E-3 0E0 0E0 2.48476E-2 1.44455E-2 4.19932E-3 2.30993E-2 4.1499E-2 3.44718E-2 1.92017E-2 1.94825E-2 0E0 0E0 0E0 9.36173E-3 0E0 0E0 0E0 0E0 0E0 1.09684E-1 1.5589E-1 8.95008E-2 1.18615E-1 1.83901E-1 2.22453E-1 1.61932E-1 1.42627E-1 2.23639E-1 2.8238E-1 1.98318E-1 1.38354E-1 3.53589E-1 3.69741E-1 2.49871E-1 2.67267E-1 2.31236E-1 2.39241E-1 1.71401E-1 6.21345E-2 6.04172E-2 7.20824E-2 1.14533E-1 1.32812E-1 2.1512E-1 2.93018E-1 2.83124E-1 2.44021E-1 2.98932E-1 4.94155E-1 4.32753E-1 4.23307E-1 3.23965E-1 3.50139E-1 1.89416E-1 1.64602E-1 2.39095E-1 3.27247E-1 2.94233E-1 3.36463E-1 3.90885E-1
