ENM/Final_Models/M_2_F_q_Set_1_EC/Gustavia_santanderiensis_6_Choco.asc
ncols         367
nrows         963
xllcorner     -78.6
yllcorner     0.65
cellsize      0.00833333333333323
NODATA_value  -9999
[rows 231 to 263 of 963, columns 222 to 295 of 367]
9.99814E-1 9.98259E-1 9.98491E-1 9.6743E-1 9.79458E-1 1E0 1E0 1E0 1E0 1E0 1E0 9.99317E-1 9.94933E-1 7.38969E-1 4.91476E-1 5.43971E-1 4.52757E-1 6.44615E-1 7.35699E-1 8.16348E-1 9.45644E-1 9.95286E-1 9.99456E-1 9.99151E-1 9.98864E-1 9.96191E-1 9.94462E-1 9.87913E-1 9.93365E-1 9.91802E-1 9.99675E-1 9.87411E-1 9.91023E-1 9.95656E-1 9.92649E-1 9.89764E-1 8.87691E-1 9.50565E-1 9.90969E-1 9.9922E-1 9.9082E-1 8.8284E-1 8.90489E-1 5.36115E-1 3.79553E-1 3.36396E-1 3.07824E-1 7.60939E-1 8.95161E-1 5.67691E-1 7.16107E-2 3.75918E-2 2.42837E-2 4.24967E-3 5.13468E-3 8.42283E-4 1.57325E-3 1.32741E-3 4.45982E-3 1.19859E-2 9.26231E-3 6.11506E-3 1.66065E-3 2.31121E-3 6.24981E-3 4.24461E-3 1.05851E-2 3.07319E-3 1.05863E-2 6.37537E-3 1.23334E-2 1.03618E-2 9.01101E-3 1.12819E-2
9.99918E-1 9.99759E-1 9.70739E-1 9.9904E-1 9.99334E-1 9.99588E-1 1E0 1E0 1E0 1E0 1E0 9.99996E-1 9.98793E-1 8.12299E-1 5.27211E-1 6.01218E-1 5.92666E-1 6.24502E-1 7.31158E-1 6.70538E-1 5.99437E-1 9.75139E-1 9.99911E-1 9.97143E-1 9.97485E-1 9.94358E-1 9.88752E-1 9.80872E-1 9.92297E-1 9.75322E-1 9.97333E-1 9.98959E-1 9.90908E-1 9.88243E-1 9.98624E-1 9.95415E-1 9.67699E-1 9.86712E-1 9.98914E-1 9.99239E-1 9.62979E-1 9.52534E-1 6.37535E-1 5.90757E-1 5.40557E-1 5.85844E-1 4.90009E-1 7.23325E-1 9.76643E-1 7.20368E-1 4.46289E-2 3.58188E-3 6.43232E-3 1.00461E-3 2.63183E-3 4.39542E-4 8.0122E-4 1.12083E-3 1.43285E-3 2.30869E-3 4.90715E-4 8.51024E-4 1.21408E-3 8.22006E-4 1.66762E-3 3.94625E-3 2.23562E-3 3.70557E-3 4.84523E-3 5.83455E-3 7.69626E-3 7.2253E-3 1.01018E-2 6.30612E-3
1E0 1E0 9.99635E-1 1E0 1E0 1E0 1E0 1E0 1E0 1E0 9.99961E-1 9.98995E-1 6.25066E-1 4.2241E-1 3.89185E-1 4.42245E-1 3.60829E-1 4.23342E-1 5.41076E-1 7.09115E-1 8.45028E-1 9.83886E-1 9.43357E-1 9.92858E-1 9.96385E-1 9.87789E-1 9.71303E-1 9.76058E-1 9.86185E-1 9.33435E-1 9.90526E-1 9.9512E-1 9.99107E-1 9.96421E-1 9.95444E-1 9.97656E-1 9.94959E-1 9.90015E-1 9.99898E-1 9.96202E-1 9.95363E-1 8.07707E-1 7.4927E-1 4.92005E-1 4.97727E-1 4.04774E-1 3.84955E-1 7.39579E-1 9.10916E-1 4.15202E-1 3.18187E-2 1.35591E-2 1.68597E-3 2.45032E-3 9.04571E-4 1.91853E-3 5.95046E-4 6.63879E-4 5.72569E-4 2.75985E-4 2.35632E-4 2.6513E-4 8.07809E-5 6.1859E-5 1.85083E-4 2.62469E-5 2.6689E-3 4.19364E-3 1.09533E-3 1.51651E-3 2.38962E-3 9.08782E-3 4.51759E-3 2.92204E-3
9.99999E-1 9.99999E-1 9.99994E-1 1E0 1E0 1E0 1E0 1E0 1E0 1E0 9.99999E-1 9.99984E-1 6.57601E-1 1.98229E-1 1.20167E-1 2.5425E-1 2.18922E-1 2.49783E-1 3.15062E-1 4.11859E-1 5.59038E-1 8.97867E-1 9.65499E-1 9.72292E-1 9.89E-1 9.89844E-1 9.66724E-1 9.65808E-1 9.46579E-1 8.50993E-1 9.57018E-1 9.89425E-1 9.78634E-1 9.94211E-1 9.95279E-1 9.88251E-1 9.59162E-1 9.88365E-1 9.78667E-1 9.08365E-1 6.50144E-1 8.23105E-1 5.77029E-1 6.34595E-1 6.31127E-1 4.21086E-1 3.7863E-1 4.81043E-1 9.62671E-1 8.0783E-1 1.04528E-1 2.65788E-2 4.6972E-3 5.57679E-3 1.10876E-3 5.99907E-4 1.03544E-3 1.77149E-3 8.62039E-4 6.17798E-4 7.1657E-4 5.26976E-4 4.18187E-4 1.00242E-4 1.97113E-5 2.03195E-5 9.66905E-5 1.10403E-3 9.26875E-4 1.1708E-3 2.637E-3 1.39544E-3 3.17944E-3 1.40969E-2
1E0 9.99999E-1 9.99857E-1 1E0 9.99999E-1 1E0 1E0 1E0 1E0 1E0 1E0 1E0 8.70661E-1 2.15309E-1 1.8094E-1 1.32176E-1 3.98193E-1 2.74244E-1 2.52452E-1 4.34029E-1 6.15554E-1 8.61732E-1 9.77677E-1 8.89902E-1 9.75012E-1 9.90539E-1 9.87246E-1 9.82714E-1 9.92179E-1 9.41055E-1 7.28771E-1 9.87874E-1 9.49804E-1 9.93188E-1 9.94878E-1 9.58727E-1 9.77458E-1 9.93337E-1 9.55572E-1 6.82199E-1 7.64419E-1 9.43904E-1 8.95071E-1 5.15602E-1 5.4802E-1 6.08682E-1 5.42345E-1 5.36904E-1 6.52746E-1 8.5067E-1 2.89741E-2 1.63091E-2 5.29319E-4 9.23473E-4 5.9995E-3 2.81938E-4 7.33942E-4 1.05546E-2 4.11588E-3 1.13222E-3 8.03802E-4 7.19178E-4 4.77898E-4 1.25459E-4 3.65072E-5 7.39402E-5 6.02351E-4 4.98581E-5 2.02443E-5 1.141E-4 1.63407E-3 1.13003E-3 9.09865E-4 1.94468E-3
1E0 9.99989E-1 9.99767E-1 9.99998E-1 1E0 1E0 1E0 1E0 1E0 1E0 1E0 9.98806E-1 9.99998E-1 8.69992E-1 1.96127E-1 8.69765E-2 1.23292E-1 3.76912E-1 4.06423E-1 4.33633E-1 5.45815E-1 7.40968E-1 8.89461E-1 9.28691E-1 9.10558E-1 9.15398E-1 9.88337E-1 9.71797E-1 9.8568E-1 9.8911E-1 9.98272E-1 9.80544E-1 9.74563E-1 9.62805E-1 9.78819E-1 9.88744E-1 9.66071E-1 9.94735E-1 9.98841E-1 8.92898E-1 9.26853E-1 9.73859E-1 9.46405E-1 5.95192E-1 4.17174E-1 5.36589E-1 4.59221E-1 4.35634E-1 3.47966E-1 4.88961E-1 2.29338E-2 1.55322E-2 1.4802E-2 1.63409E-2 1.21601E-2 1.12162E-3 9.44241E-4 6.19216E-3 5.05603E-3 1.08363E-3 4.28048E-4 1.08414E-3 2.52985E-4 2.20175E-4 9.76988E-5 7.58661E-5 5.67079E-5 8.72349E-6 1.15509E-5 2.99741E-5 2.39649E-4 1.34303E-3 1.5622E-3 -9999
9.99986E-1 9.9999E-1 9.99994E-1 1E0 9.9994E-1 1E0 1E0 1E0 1E0 1E0 1E0 1E0 1E0 9.59634E-1 2.70512E-1 1.85123E-1 8.82014E-2 6.04818E-2 9.81905E-2 3.38213E-1 3.0808E-1 3.51674E-1 6.35411E-1 9.0102E-1 9.06751E-1 7.67771E-1 9.06393E-1 9.94935E-1 9.98857E-1 9.99548E-1 9.97816E-1 9.90647E-1 9.82269E-1 9.86509E-1 9.9699E-1 9.97369E-1 9.98796E-1 9.96701E-1 9.93765E-1 8.33742E-1 9.05277E-1 8.99558E-1 6.48684E-1 7.042E-1 5.51932E-1 4.84062E-1 3.7178E-1 3.40828E-1 3.55785E-1 4.21972E-1 6.82913E-2 1.05275E-1 8.93961E-2 5.27795E-2 4.04498E-2 1.43146E-3 2.089E-3 5.60215E-3 5.33101E-3 5.58489E-3 5.66054E-3 2.16955E-3 9.07911E-4 1.1226E-4 1.6397E-5 1.46087E-5 3.79821E-5 6.54764E-5 1.66255E-5 9.0478E-5 9.65104E-5 6.11307E-5 -9999 -9999
1E0 1E0 1E0 1E0 1E0 1E0 1E0 1E0 1E0 1E0 1E0 1E0 1E0 9.99988E-1 5.97623E-1 5.32813E-1 2.18833E-1 5.17079E-2 4.12572E-2 3.07485E-1 3.63749E-1 4.10755E-1 8.073E-1 9.73853E-1 9.63735E-1 8.74648E-1 8.85611E-1 9.23603E-1 9.74797E-1 9.95069E-1 9.99874E-1 9.99384E-1 9.95074E-1 9.85913E-1 9.91061E-1 9.96866E-1 9.96547E-1 9.99137E-1 9.99177E-1 8.56876E-1 8.04308E-1 6.10756E-1 5.73338E-1 5.29264E-1 5.54594E-1 3.92893E-1 3.38073E-1 1.92763E-1 1.40437E-1 2.11136E-1 1.76892E-1 2.52646E-1 1.20674E-1 9.03949E-2 5.60762E-3 1.29048E-3 6.57146E-3 1.01365E-2 5.0649E-3 2.00524E-3 5.09459E-3 7.30562E-3 3.17371E-3 6.24331E-4 4.60995E-5 2.9143E-6 4.54831E-6 4.51665E-4 8.61685E-5 1.154E-4 2.72559E-5 2.10549E-4 -9999 -9999
1E0 1E0 1E0 1E0 1E0 1E0 1E0 1E0 1E0 1E0 1E0 1E0 1E0 9.99973E-1 9.23409E-1 7.31533E-1 4.42081E-1 1.06138E-1 3.79209E-2 2.21817E-1 2.73192E-1 3.23742E-1 8.43717E-1 9.92674E-1 9.32266E-1 8.28078E-1 8.13538E-1 6.72827E-1 7.78659E-1 9.9626E-1 9.9603E-1 9.99641E-1 9.61788E-1 9.68069E-1 9.76987E-1 9.6686E-1 9.99115E-1 9.99566E-1 9.99764E-1 9.10464E-1 8.21125E-1 8.88539E-1 3.51865E-1 3.88127E-1 4.61099E-1 5.52319E-1 2.75445E-1 1.45661E-1 1.96769E-1 2.74071E-1 5.73063E-2 1.78496E-1 5.86348E-2 2.68478E-2 2.88693E-3 3.69315E-3 1.52509E-2 8.6457E-3 3.9382E-3 6.01476E-3 4.21164E-3 1.58515E-3 2.03948E-3 7.16409E-4 1.56463E-5 -9999 -9999 2.74533E-5 7.17672E-6 1.2617E-6 3.88254E-5 -9999 -9999 -9999
1E0 1E0 9.99998E-1 1E0 1E0 1E0 1E0 1E0 1E0 1E0 1E0 1E0 1E0 1E0 9.47088E-1 7.79189E-1 6.84727E-1 4.34278E-1 7.15382E-2 5.85387E-2 4.48794E-1 5.24863E-1 7.33826E-1 8.32291E-1 9.57744E-1 9.71321E-1 9.45166E-1 8.29557E-1 9.20048E-1 9.57585E-1 9.79745E-1 9.959E-1 9.81589E-1 9.38654E-1 9.63653E-1 9.93258E-1 9.82108E-1 9.99639E-1 9.9846E-1 9.84441E-1 7.46652E-1 6.66354E-1 4.87345E-1 2.84563E-1 4.53923E-1 5.06067E-1 1.99553E-1 2.222E-1 1.99985E-1 1.96638E-1 8.33303E-2 1.10178E-1 3.88834E-2 2.19614E-2 1.5613E-2 8.02464E-3 1.26007E-2 1.6892E-2 3.7412E-3 2.13398E-3 3.41902E-3 3.31888E-4 3.70121E-5 1.20448E-5 6.94519E-6 7.63669E-6 8.66184E-7 -9999 1.00679E-5 -9999 -9999 -9999 -9999 -9999
1E0 1E0 9.99999E-1 1E0 1E0 1E0 1E0 1E0 1E0 1E0 1E0 1E0 1E0 1E0 9.99655E-1 9.07982E-1 8.1384E-1 5.71889E-1 8.30394E-2 6.50995E-2 2.86298E-1 4.16633E-1 6.25881E-1 8.54478E-1 9.6169E-1 9.87041E-1 9.95502E-1 9.04226E-1 9.74807E-1 9.34361E-1 9.57694E-1 9.80112E-1 9.60723E-1 8.90768E-1 9.75842E-1 9.94345E-1 9.92153E-1 9.97451E-1 9.99795E-1 9.83119E-1 8.17499E-1 8.08536E-1 5.13263E-1 3.56012E-1 3.03302E-1 2.94119E-1 1.8681E-1 1.47157E-1 1.19604E-1 1.34097E-1 4.69889E-2 3.29808E-2 9.93323E-3 1.24328E-2 1.69841E-2 2.0149E-2 2.68595E-2 6.29282E-3 1.90257E-3 1.27492E-3 5.93441E-3 6.78173E-4 5.06075E-4 1.04481E-4 4.60416E-6 4.34601E-7 5.75529E-7 2.60266E-5 -9999 -9999 -9999 -9999 -9999 -9999
1E0 1E0 1E0 1E0 1E0 1E0 1E0 1E0 1E0 1E0 1E0 1E0 1E0 1E0 1E0 9.99993E-1 9.91649E-1 4.35157E-1 4.22897E-2 3.52991E-2 1.39892E-1 3.9028E-1 6.2939E-1 9.08909E-1 9.71446E-1 9.9681E-1 9.89844E-1 7.45188E-1 8.17987E-1 8.35549E-1 9.85611E-1 9.6972E-1 9.09074E-1 9.1043E-1 9.96628E-1 9.99552E-1 9.99946E-1 9.99842E-1 9.99955E-1 9.89127E-1 9.81449E-1 9.68332E-1 4.19491E-1 2.49153E-1 1.88864E-1 2.13843E-1 2.89796E-1 1.59247E-1 1.12659E-1 6.61106E-2 4.4704E-2 4.24604E-2 3.64779E-3 4.32049E-3 5.54874E-3 1.37012E-2 8.90895E-3 1.27662E-2 1.23125E-2 4.50998E-3 7.26279E-3 4.75467E-3 1.79904E-3 2.40607E-4 7.80768E-6 4.04002E-6 6.3158E-7 4.3825E-6 -9999 -9999 -9999 -9999 -9999 -9999
1E0 1E0 1E0 1E0 1E0 1E0 1E0 1E0 1E0 1E0 1E0 1E0 1E0 1E0 1E0 9.99744E-1 9.98133E-1 5.41384E-1 7.12776E-2 3.91412E-2 9.00852E-2 3.38145E-1 5.18734E-1 7.99055E-1 9.26271E-1 9.98539E-1 9.84926E-1 9.41086E-1 9.82567E-1 9.67823E-1 7.59231E-1 9.94487E-1 9.7889E-1 9.9798E-1 9.99171E-1 9.99967E-1 1E0 9.99995E-1 9.99372E-1 9.82386E-1 9.78847E-1 9.93058E-1 5.65463E-1 3.75165E-1 2.29797E-1 2.4898E-1 3.24776E-1 1.54037E-1 5.51671E-2 6.50115E-2 1.49174E-2 4.63367E-2 2.52018E-2 6.52971E-3 3.93123E-3 3.13486E-3 3.16218E-2 5.80314E-3 3.73162E-3 4.78013E-3 4.85361E-3 6.41417E-3 3.39301E-3 6.95931E-4 7.00993E-5 6.58675E-5 1.43943E-5 -9999 -9999 -9999 -9999 -9999 -9999 -9999
1E0 1E0 1E0 1E0 1E0 1E0 1E0 1E0 1E0 1E0 1E0 1E0 1E0 1E0 1E0 9.99859E-1 9.99867E-1 8.8129E-1 1.27157E-1 1.14387E-1 3.02001E-1 5.29124E-1 6.50315E-1 8.61804E-1 9.99871E-1 9.99862E-1 9.9686E-1 9.61586E-1 9.90406E-1 9.67698E-1 8.81516E-1 9.84086E-1 9.92743E-1 9.98476E-1 9.99721E-1 9.99984E-1 9.99979E-1 9.99289E-1 9.9616E-1 9.96684E-1 9.96682E-1 9.97363E-1 5.04464E-1 3.44605E-1 4.77618E-1 4.76913E-1 2.65378E-1 1.32299E-1 8.41121E-2 1.02017E-1 6.28996E-2 4.79235E-2 4.3052E-2 2.48424E-2 2.5496E-2 8.26141E-4 2.66012E-3 1.17946E-2 8.29051E-3 2.241E-3 1.60151E-3 2.47498E-3 3.35605E-3 1.01479E-2 4.58306E-3 8.09329E-4 2.05268E-4 2.01499E-5 -9999 -9999 -9999 -9999 -9999 -9999
1E0 1E0 1E0 1E0 1E0 1E0 1E0 1E0 1E0 1E0 1E0 1E0 1E0 1E0 1E0 9.99833E-1 9.82642E-1 5.00346E-1 1.86309E-1 9.79409E-2 2.67363E-1 5.98575E-1 6.09875E-1 9.58731E-1 9.99884E-1 9.99866E-1 9.68329E-1 9.75759E-1 8.07203E-1 7.06687E-1 9.3935E-1 8.10932E-1 9.79103E-1 9.99975E-1 9.99996E-1 9.99941E-1 9.99983E-1 9.91418E-1 9.98121E-1 9.95076E-1 8.4944E-1 9.22962E-1 6.22219E-1 1.72032E-1 2.28179E-1 7.72935E-1 3.20432E-1 2.99074E-1 2.66014E-1 2.10342E-1 8.69078E-2 8.35646E-2 1.68504E-2 1.33127E-2 9.69935E-3 6.08285E-3 6.83507E-4 5.76714E-3 2.58457E-3 2.89676E-4 7.50137E-4 1.05868E-3 1.40224E-3 5.50813E-3 2.51448E-3 5.85753E-4 1.31578E-4 1.26133E-5 2.21013E-6 -9999 -9999 -9999 -9999 -9999
1E0 1E0 1E0 1E0 1E0 1E0 1E0 1E0 1E0 1E0 1E0 1E0 1E0 1E0 1E0 9.99772E-1 8.71108E-1 3.22411E-1 4.63398E-2 1.24531E-1 4.43341E-1 7.37657E-1 9.39815E-1 9.32063E-1 9.98506E-1 9.99801E-1 9.93117E-1 9.93991E-1 8.79766E-1 8.5262E-1 8.15076E-1 9.26985E-1 9.61345E-1 9.54255E-1 9.44041E-1 9.89801E-1 9.83646E-1 9.89346E-1 9.61199E-1 9.46199E-1 7.83981E-1 8.85151E-1 5.05479E-1 1.62764E-1 6.04194E-1 7.30909E-1 2.78677E-1 2.06545E-1 1.17218E-1 2.82794E-2 6.08505E-2 1.01235E-1 5.32348E-2 3.26495E-2 3.57046E-2 5.13515E-3 3.80221E-4 2.91477E-4 7.37413E-5 2.80038E-4 8.49911E-5 4.16042E-5 2.159E-4 5.04199E-4 1.65547E-3 1.67028E-3 3.14667E-4 1.93986E-4 2.98071E-6 -9999 -9999 -9999 -9999 -9999
1E0 1E0 1E0 1E0 1E0 1E0 1E0 1E0 1E0 1E0 1E0 1E0 1E0 1E0 1E0 1E0 9.79053E-1 4.68963E-1 1.40052E-1 1.34372E-1 3.8227E-1 6.50262E-1 9.35758E-1 9.99993E-1 9.99987E-1 9.99725E-1 9.99998E-1 8.19209E-1 6.34994E-1 5.15525E-1 5.17709E-1 8.8029E-1 9.09017E-1 6.97175E-1 6.19202E-1 5.67052E-1 7.09689E-1 8.08268E-1 6.95299E-1 9.41504E-1 9.15232E-1 6.12386E-1 4.28817E-1 3.86559E-1 5.27356E-1 6.43717E-1 5.37787E-1 3.02701E-1 1.29901E-1 6.81952E-2 7.59793E-2 5.2106E-2 3.13897E-2 4.84577E-3 1.51789E-3 1.79218E-3 1.67669E-4 6.18837E-4 2.32733E-5 1.05635E-4 2.09386E-5 1.2806E-5 8.17253E-6 3.62283E-5 7.51884E-6 1.98791E-4 1.73065E-4 9.70765E-5 7.03243E-6 -9999 -9999 -9999 -9999 -9999
1E0 1E0 1E0 1E0 1E0 1E0 1E0 1E0 1E0 1E0 1E0 1E0 1E0 1E0 1E0 1E0 9.98658E-1 6.95884E-1 1.33272E-1 2.30034E-1 6.65773E-1 9.24078E-1 9.15734E-1 9.99989E-1 9.99992E-1 9.99552E-1 9.99897E-1 7.74888E-1 7.86299E-1 3.58122E-1 4.74138E-1 6.07423E-1 9.23966E-1 6.07478E-1 5.33469E-1 5.59589E-1 6.54077E-1 7.82478E-1 5.11079E-1 7.43162E-1 9.66704E-1 5.71257E-1 4.12377E-1 4.11198E-1 4.49538E-1 6.68572E-1 4.83808E-1 7.15391E-1 1.59844E-1 7.03598E-2 9.07099E-2 8.76309E-2 2.26486E-2 2.37418E-3 8.53215E-4 1.17015E-3 2.22177E-4 4.82786E-4 3.6977E-5 4.69644E-4 1.98472E-4 2.95547E-5 7.04977E-6 6.97748E-6 2.96042E-6 2.02289E-5 -9999 -9999 -9999 -9999 -9999 -9999 -9999 -9999
1E0 1E0 1E0 1E0 1E0 1E0 1E0 1E0 1E0 1E0 1E0 1E0 1E0 1E0 1E0 1E0 9.69933E-1 7.7552E-1 6.36188E-1 9.32994E-1 9.99991E-1 9.92038E-1 9.99994E-1 1E0 9.99997E-1 9.9391E-1 9.99986E-1 7.69072E-1 6.63747E-1 5.26908E-1 4.93565E-1 6.94713E-1 6.93154E-1 6.09214E-1 6.50383E-1 9.13775E-1 8.96508E-1 9.54823E-1 8.00675E-1 5.16427E-1 9.70196E-1 6.65014E-1 4.06324E-1 2.68408E-1 4.30482E-1 4.77357E-1 7.31865E-1 7.74826E-1 2.80607E-1 1.67904E-1 8.95937E-2 4.87237E-2 2.14253E-2 8.79657E-3 7.28636E-4 4.02924E-4 6.40053E-4 1.1944E-3 1.04353E-3 2.67837E-3 1.14114E-3 3.42637E-4 2.71091E-5 6.9155E-6 1.7888E-6 -9999 -9999 -9999 -9999 -9999 -9999 -9999 -9999 -9999
1E0 1E0 1E0 1E0 1E0 1E0 1E0 1E0 1E0 1E0 1E0 1E0 1E0 1E0 1E0 1E0 1E0 1E0 1E0 1E0 1E0 1E0 1E0 1E0 9.99991E-1 9.99992E-1 9.99834E-1 7.93512E-1 7.83711E-1 8.82017E-1 8.92153E-1 8.5201E-1 8.88132E-1 8.35887E-1 9.86509E-1 8.03325E-1 8.89547E-1 9.60844E-1 9.10018E-1 4.97194E-1 9.22589E-1 4.90205E-1 3.75073E-1 3.20221E-1 1.10693E-1 3.19618E-1 6.13587E-1 6.09922E-1 4.08017E-1 3.08E-1 7.22196E-2 3.63453E-2 4.06533E-2 9.64694E-3 1.04708E-3 8.22561E-4 1.66233E-3 5.19489E-3 9.30375E-3 7.05115E-3 1.05053E-3 9.22257E-4 2.42165E-4 5.18825E-5 5.76223E-5 -9999 -9999 -9999 -9999 2.20078E-5 8.24723E-6 -9999 -9999 -9999
1E0 1E0 1E0 1E0 1E0 1E0 1E0 1E0 1E0 1E0 1E0 1E0 1E0 1E0 1E0 1E0 1E0 1E0 1E0 1E0 1E0 1E0 9.99955E-1 9.99999E-1 9.93835E-1 8.28537E-1 9.98416E-1 9.54082E-1 6.83697E-1 5.31946E-1 5.89481E-1 7.82414E-1 9.87602E-1 8.93326E-1 9.50059E-1 9.98291E-1 9.90938E-1 9.99965E-1 9.8576E-1 8.6333E-1 9.00266E-1 6.75512E-1 4.29757E-1 1.06195E-1 1.54698E-1 4.02257E-1 5.61431E-1 5.69405E-1 4.29761E-1 2.62937E-1 6.74067E-2 3.16857E-2 3.06035E-2 1.69284E-2 1.1667E-2 1.52715E-2 5.93877E-3 6.37652E-3 1.07913E-2 7.72218E-4 1.05815E-3 5.47169E-4 2.16199E-4 4.8725E-5 -9999 -9999 5.82442E-6 1.29052E-5 1.31611E-5 5.01557E-5 5.70829E-6 -9999 -9999 -9999
1E0 1E0 1E0 1E0 1E0 1E0 1E0 1E0 1E0 1E0 1E0 1E0 1E0 1E0 1E0 1E0 1E0 1E0 1E0 9.99999E-1 9.9999E-1 1E0 9.99835E-1 9.99884E-1 9.89608E-1 9.53961E-1 9.22573E-1 9.95669E-1 8.87171E-1 7.02634E-1 8.25415E-1 7.25589E-1 8.24538E-1 9.19616E-1 9.98151E-1 9.99994E-1 9.99999E-1 9.99464E-1 9.95902E-1 9.88292E-1 8.01539E-1 4.70085E-1 4.71666E-1 1.39334E-1 2.83266E-1 3.36974E-1 7.40632E-1 5.36126E-1 6.52739E-1 5.33596E-1 2.97399E-1 1.74031E-1 1.70642E-2 2.78438E-2 4.43377E-2 4.94797E-2 3.08025E-2 1.00171E-2 1.77536E-2 8.69939E-4 8.20527E-4 2.68283E-4 1.64291E-4 7.30561E-5 4.17073E-5 4.94739E-5 1.27063E-4 5.52312E-5 1.01891E-4 1.51956E-5 5.8434E-4 1.31753E-4 -9999 -9999
1E0 1E0 1E0 1E0 1E0 1E0 1E0 1E0 1E0 1E0 1E0 1E0 1E0 1E0 1E0 1E0 1E0 1E0 1E0 9.99995E-1 9.99509E-1 9.99999E-1 1E0 9.99992E-1 9.99996E-1 9.88433E-1 9.78313E-1 8.11834E-1 9.84096E-1 8.20626E-1 6.89831E-1 9.06222E-1 9.124E-1 9.50316E-1 9.99969E-1 9.99999E-1 9.99962E-1 9.99912E-1 9.99623E-1 9.59436E-1 6.81762E-1 5.19403E-1 5.65909E-1 5.44102E-1 3.65072E-1 6.22524E-1 6.3167E-1 6.22729E-1 4.58877E-1 6.43447E-1 6.16699E-1 3.82992E-1 1.16649E-1 1.5131E-2 7.14592E-3 3.87508E-2 9.25996E-3 1.56616E-2 4.19764E-3 5.60052E-3 3.83508E-3 1.31506E-3 1.33827E-4 2.19614E-4 4.83795E-4 5.12792E-5 1.34816E-4 1.90453E-4 1.05489E-4 4.23633E-4 5.80538E-5 2.28614E-4 -9999 -9999
1E0 1E0 1E0 1E0 1E0 1E0 1E0 1E0 1E0 1E0 1E0 1E0 1E0 1E0 1E0 1E0 1E0 1E0 1E0 9.99208E-1 8.06249E-1 9.96937E-1 9.95548E-1 1E0 9.98816E-1 9.99941E-1 9.99994E-1 8.74379E-1 9.99391E-1 9.42835E-1 8.82816E-1 7.69293E-1 7.62531E-1 9.0043E-1 9.99587E-1 1E0 9.9881E-1 1E0 8.92707E-1 9.66388E-1 7.70829E-1 6.27751E-1 4.53492E-1 5.38797E-1 4.64132E-1 6.73111E-1 4.17998E-1 5.62644E-1 5.15805E-1 4.38076E-1 2.93185E-1 5.67994E-1 3.4662E-1 1.26825E-1 1.66631E-2 4.81971E-2 4.76038E-2 6.34758E-3 6.84236E-3 8.89727E-3 1.86247E-3 3.32384E-4 4.87033E-4 4.60735E-4 8.61592E-4 1.11093E-3 2.88262E-4 1.64629E-4 2.18908E-4 2.35652E-4 2.48411E-4 2.01726E-5 8.79335E-5 -9999
1E0 1E0 1E0 1E0 1E0 1E0 1E0 1E0 1E0 1E0 1E0 1E0 1E0 1E0 1E0 1E0 1E0 9.99998E-1 9.99726E-1 8.55488E-1 5.71745E-1 8.44064E-1 9.97266E-1 1E0 9.99866E-1 9.94033E-1 9.95978E-1 9.58615E-1 9.99258E-1 9.98839E-1 9.90162E-1 9.914E-1 9.90079E-1 8.92192E-1 9.91964E-1 9.99385E-1 9.99996E-1 9.99999E-1 8.83075E-1 9.05191E-1 8.54559E-1 5.5932E-1 4.79211E-1 5.03509E-1 5.38599E-1 6.08839E-1 5.01623E-1 4.16076E-1 5.18152E-1 5.59482E-1 3.10952E-1 3.80748E-1 3.60395E-1 1.99159E-1 2.56491E-2 1.83117E-2 8.22326E-3 2.29321E-3 6.22477E-3 2.63003E-3 5.46519E-4 6.02231E-4 4.43532E-4 4.44051E-3 1.43709E-3 1.42017E-3 3.78642E-4 1.66051E-4 3.98676E-4 1.25663E-3 6.86647E-4 1.47035E-4 2.09731E-5 -9999
1E0 1E0 1E0 1E0 1E0 1E0 1E0 1E0 1E0 1E0 1E0 1E0 1E0 1E0 1E0 1E0 1E0 9.73632E-1 6.90526E-1 3.62178E-1 5.59496E-1 7.24062E-1 7.77344E-1 9.98959E-1 9.99994E-1 9.99327E-1 1E0 9.89583E-1 1E0 9.9999E-1 9.95828E-1 9.9986E-1 9.348E-1 9.70362E-1 9.87066E-1 9.73981E-1 9.93741E-1 9.63871E-1 7.94863E-1 9.20867E-1 8.74358E-1 6.20353E-1 7.04807E-1 6.00138E-1 3.90195E-1 4.2331E-1 3.34788E-1 3.8421E-1 4.18174E-1 3.69796E-1 2.82753E-1 1.73767E-1 1.53216E-1 7.86584E-2 1.02246E-2 2.18598E-3 7.34762E-4 1.61768E-3 1.24073E-3 6.22737E-4 1.11788E-3 1.56653E-3 6.59155E-4 2.95877E-4 1.32293E-4 8.92874E-5 5.83971E-4 4.2855E-4 2.62827E-4 7.13672E-4 5.2088E-4 5.84509E-4 3.65762E-4 3.34762E-4
1E0 1E0 1E0 1E0 1E0 1E0 1E0 1E0 1E0 1E0 1E0 1E0 1E0 1E0 1E0 1E0 9.89724E-1 5.50608E-1 5.18862E-1 4.83869E-1 6.24077E-1 8.89594E-1 9.70023E-1 9.37192E-1 9.47814E-1 9.96244E-1 1E0 9.48706E-1 9.99908E-1 7.24576E-1 9.25287E-1 8.9348E-1 6.85085E-1 9.86443E-1 9.74917E-1 9.98307E-1 9.25688E-1 7.00133E-1 6.86222E-1 8.42031E-1 7.76487E-1 4.85589E-1 3.58217E-1 3.32786E-1 2.95319E-1 2.41344E-1 5.1765E-1 5.23293E-1 3.27634E-1 2.21635E-1 2.09308E-1 1.87196E-1 1.93162E-1 8.98347E-2 1.61922E-2 1.70264E-2 2.33462E-2 1.33102E-2 9.62644E-2 4.87606E-3 1.40801E-2 1.91846E-2 6.39838E-3 1.8232E-3 1.55342E-3 2.42336E-4 7.96635E-4 2.03597E-4 6.96812E-4 1.07365E-3 1.41181E-3 1.54996E-3 9.37855E-4 3.97691E-4
1E0 1E0 1E0 1E0 1E0 1E0 1E0 1E0 1E0 1E0 1E0 1E0 1E0 1E0 1E0 1E0 9.99835E-1 9.3713E-1 8.13177E-1 2.03759E-1 1.3351E-1 6.99045E-1 9.78526E-1 9.43942E-1 9.52525E-1 9.99966E-1 9.99912E-1 9.88859E-1 9.99225E-1 8.09517E-1 6.09965E-1 7.57823E-1 6.1012E-1 5.67713E-1 8.68822E-1 8.29029E-1 4.10433E-1 2.90692E-1 3.14442E-1 5.6327E-1 6.54993E-1 5.07633E-1 5.76849E-1 5.76637E-1 4.98602E-1 3.85509E-1 4.43473E-1 4.89441E-1 2.775E-1 3.5609E-1 3.30881E-1 3.63758E-1 3.94833E-1 2.16526E-1 3.03437E-2 3.68243E-2 3.64975E-2 3.11753E-2 3.1207E-2 3.97237E-2 3.87087E-2 3.02084E-2 6.92991E-3 1.46901E-3 1.43631E-4 3.46229E-4 1.08201E-3 5.71059E-4 1.71221E-3 7.99187E-4 9.96982E-4 3.14205E-4 2.46376E-4 2.82091E-4
1E0 1E0 1E0 1E0 1E0 1E0 1E0 1E0 1E0 1E0 1E0 1E0 1E0 1E0 1E0 1E0 9.99998E-1 9.73968E-1 9.50767E-1 8.85058E-1 4.11019E-1 6.32649E-1 7.20607E-1 7.9414E-1 9.78433E-1 9.99516E-1 9.99999E-1 9.99903E-1 9.98677E-1 9.99988E-1 9.42155E-1 8.41878E-1 6.96921E-1 2.95548E-1 5.85165E-1 3.8789E-1 2.47949E-1 3.21096E-1 2.69365E-1 4.32389E-1 6.76358E-1 5.27616E-1 5.2804E-1 6.95962E-1 8.37982E-1 5.37735E-1 2.89423E-1 3.73932E-1 2.52064E-1 8.23769E-1 8.99153E-1 5.74552E-1 2.43896E-1 2.70388E-1 2.56551E-2 1.74647E-2 5.98991E-3 6.91408E-3 2.39817E-2 2.43819E-2 7.4734E-3 1.56658E-3 5.59105E-4 1.35771E-4 1.10822E-3 1.48593E-3 7.18903E-4 1.40001E-3 1.58038E-3 1.19011E-3 1.33601E-3 2.02252E-3 8.59617E-4 9.23269E-4
1E0 1E0 1E0 1E0 1E0 1E0 1E0 1E0 1E0 1E0 1E0 1E0 1E0 1E0 1E0 1E0 1E0 9.97705E-1 9.72732E-1 9.4504E-1 8.40791E-1 7.69354E-1 6.95991E-1 7.6296E-1 7.71529E-1 9.73911E-1 9.99837E-1 9.98407E-1 9.63025E-1 9.9989E-1 9.91901E-1 9.85436E-1 8.48421E-1 4.67518E-1 3.89872E-1 5.70665E-1 3.09784E-1 2.52664E-1 3.9063E-1 4.77412E-1 7.89641E-1 8.26187E-1 7.8734E-1 7.0211E-1 8.27088E-1 6.87437E-1 4.76605E-1 2.45535E-1 3.16525E-1 7.37724E-1 9.87019E-1 6.04956E-1 2.15438E-1 2.24094E-1 3.19408E-2 1.85954E-2 3.48763E-3 2.63013E-3 6.7097E-3 8.00081E-3 7.66358E-3 9.12909E-3 2.05507E-4 8.66068E-5 6.89683E-6 1.02795E-3 1.01804E-3 6.54681E-3 3.39692E-3 1.27591E-3 8.70554E-4 -9999 -9999 -9999
1E0 1E0 1E0 1E0 1E0 1E0 1E0 1E0 1E0 1E0 1E0 1E0 1E0 1E0 1E0 1E0 1E0 9.9999E-1 9.91322E-1 9.93522E-1 9.06956E-1 6.84141E-1 6.71061E-1 7.56649E-1 7.89762E-1 9.75389E-1 9.94533E-1 9.95771E-1 9.82128E-1 9.9512E-1 9.9723E-1 9.74901E-1 9.59594E-1 5.45169E-1 3.7138E-1 3.85559E-1 2.69253E-1 3.22882E-1 3.28315E-1 5.39779E-1 6.20362E-1 7.30665E-1 7.07815E-1 8.27177E-1 9.69592E-1 8.84716E-1 9.89495E-1 3.06552E-1 3.81631E-1 6.58762E-1 9.05449E-1 7.0258E-1 2.39004E-1 1.37653E-1 5.82082E-2 5.50716E-2 3.49812E-2 1.5023E-2 1.59836E-2 4.77732E-3 1.5818E-3 1.83553E-2 3.95688E-4 6.9483E-5 7.33015E-5 8.98408E-4 2.39221E-3 2.36565E-3 2.56465E-3 3.22878E-3 1.92037E-3 1.22327E-3 -9999 -9999
1E0 1E0 1E0 1E0 1E0 1E0 1E0 1E0 1E0 1E0 1E0 1E0 1E0 1E0 1E0 1E0 1E0 1E0 9.99613E-1 1E0 9.99147E-1 8.89204E-1 3.11682E-1 4.85527E-1 6.20971E-1 8.13784E-1 9.54916E-1 9.99856E-1 9.9963E-1 9.51249E-1 9.97232E-1 6.9493E-1 8.09189E-1 7.82596E-1 5.41797E-1 4.82929E-1 2.86072E-1 6.03158E-1 3.87848E-1 4.96799E-1 9.05575E-1 9.39301E-1 8.63228E-1 9.26456E-1 9.8884E-1 9.99841E-1 9.64771E-1 4.45532E-1 4.02357E-1 7.52281E-1 8.48424E-1 8.52551E-1 3.21274E-1 1.66943E-1 5.01026E-2 1.40198E-2 2.0665E-2 1.95654E-2 1.46444E-2 3.67397E-3 3.81608E-3 1.16863E-3 9.14636E-4 1.30109E-4 6.57394E-4 2.27003E-3 4.12865E-3 3.02977E-3 2.96648E-3 1.94536E-3 1.58421E-3 5.49346E-4 -9999 -9999
1E0 1E0 1E0 1E0 1E0 1E0 1E0 1E0 1E0 1E0 1E0 1E0 1E0 1E0 1E0 1E0 1E0 1E0 1E0 1E0 1E0 9.32556E-1 1.94638E-1 6.25507E-1 3.85273E-1 6.44042E-1 9.90473E-1 9.99995E-1 9.99517E-1 9.96172E-1 9.57078E-1 8.68422E-1 7.92584E-1 4.78202E-1 5.61105E-1 3.28368E-1 2.69707E-1 2.96843E-1 3.38236E-1 8.60159E-1 8.77185E-1 9.53944E-1 9.97307E-1 9.98242E-1 9.7722E-1 9.96597E-1 9.24969E-1 7.54086E-1 4.32568E-1 2.32865E-1 8.39174E-1 8.26227E-1 5.43312E-1 3.92999E-1 1.25966E-1 8.67726E-3 8.95195E-3 7.72062E-3 5.29936E-3 1.39449E-4 4.54117E-4 3.51812E-4 1.36497E-3 2.5176E-3 4.99893E-4 3.76584E-4 3.49759E-3 5.12818E-3 2.37507E-3 1.51305E-3 7.49889E-4 7.19394E-4 5.72062E-5 -9999
