ENM/Final_Models/M_2_F_q_Set_1_EC/Gustavia_santanderiensis_Choco_median.asc
ncols         367
nrows         963
xllcorner     -78.6
yllcorner     0.65
cellsize      0.00833333333333323
NODATA_value  -9999
[rows 780 to 809 of 963, columns 0 to 68 of 367]
-9999 9.20862E-1 8.23497E-1 8.40342E-1 8.07119E-1 8.3819E-1 8.30484E-1 7.99878E-1 8.71726E-1 9.36754E-1 9.62741E-1 9.06857E-1 9.49163E-1 9.81825E-1 9.94104E-1 9.87154E-1 9.67744E-1 9.64735E-1 9.78846E-1 9.91197E-1 9.92694E-1 9.97367E-1 9.98626E-1 9.97052E-1 9.99238E-1 9.99789E-1 9.99926E-1 9.99954E-1 9.99927E-1 9.99909E-1 9.9999E-1 9.99734E-1 9.99914E-1 9.98333E-1 9.99303E-1 9.99794E-1 9.99487E-1 9.99244E-1 9.98957E-1 9.99997E-1 9.99987E-1 9.99981E-1 9.99892E-1 9.9999E-1 9.99997E-1 1E0 9.99999E-1 9.99999E-1 1E0 9.99999E-1 1E0 1E0 1E0 1E0 1E0 1E0 1E0 1E0 1E0 1E0 1E0 9.99999E-1 1E0 1E0 9.99999E-1 1E0 1E0 9.99998E-1 9.99998E-1
-9999 9.471E-1 9.64704E-1 8.62585E-1 7.72167E-1 8.22542E-1 6.2382E-1 8.46602E-1 9.39522E-1 9.17683E-1 8.34652E-1 8.19872E-1 9.6318E-1 9.30144E-1 9.54485E-1 9.35958E-1 8.71974E-1 9.70069E-1 9.61337E-1 9.74504E-1 9.88588E-1 9.94906E-1 9.9951E-1 9.99343E-1 9.99751E-1 9.99801E-1 9.99847E-1 9.99519E-1 9.99931E-1 9.99902E-1 9.99928E-1 9.99303E-1 9.98937E-1 9.9994E-1 9.99892E-1 9.99944E-1 9.99897E-1 9.9786E-1 9.9734E-1 9.99504E-1 9.99722E-1 9.99976E-1 9.99971E-1 9.99974E-1 9.99996E-1 1E0 1E0 9.99996E-1 9.99999E-1 9.99995E-1 9.99999E-1 1E0 9.99999E-1 1E0 1E0 1E0 1E0 1E0 1E0 1E0 1E0 1E0 9.99999E-1 9.99999E-1 9.99993E-1 9.99999E-1 9.99999E-1 1E0 1E0
-9999 8.80932E-1 8.30575E-1 7.36309E-1 5.97564E-1 7.04751E-1 7.15502E-1 7.74546E-1 7.90083E-1 8.52715E-1 9.11218E-1 8.03408E-1 9.46642E-1 9.34975E-1 9.10208E-1 9.1611E-1 8.69034E-1 9.60012E-1 9.86311E-1 9.97955E-1 9.97064E-1 9.98613E-1 9.98779E-1 9.99677E-1 9.9991E-1 9.99366E-1 9.99838E-1 9.99976E-1 9.9997E-1 9.99957E-1 9.99932E-1 9.99907E-1 9.99645E-1 9.99964E-1 9.99808E-1 9.9975E-1 9.97876E-1 9.98779E-1 9.99813E-1 9.98896E-1 9.99197E-1 9.99876E-1 9.99953E-1 9.99991E-1 9.99979E-1 9.99998E-1 9.99992E-1 9.99983E-1 1E0 9.99999E-1 9.99999E-1 1E0 9.99992E-1 9.99977E-1 9.99999E-1 1E0 9.99999E-1 1E0 9.99997E-1 1E0 1E0 1E0 1E0 9.99997E-1 9.99999E-1 9.99999E-1 1E0 1E0 9.99999E-1
-9999 7.11826E-1 7.20231E-1 8.34232E-1 8.55962E-1 7.11144E-1 8.47149E-1 6.67879E-1 9.48083E-1 9.15616E-1 8.99786E-1 8.94815E-1 9.73803E-1 9.68446E-1 9.65834E-1 9.73412E-1 9.60455E-1 9.82343E-1 9.76713E-1 9.99514E-1 9.9932E-1 9.98563E-1 9.94639E-1 9.96288E-1 9.9818E-1 9.98638E-1 9.98725E-1 9.99846E-1 9.99955E-1 9.99686E-1 9.99932E-1 9.99843E-1 9.99848E-1 9.99941E-1 9.99865E-1 9.99832E-1 9.9918E-1 9.99838E-1 9.99152E-1 9.99892E-1 9.999E-1 9.99963E-1 9.99952E-1 9.99991E-1 9.99973E-1 9.99998E-1 9.99999E-1 9.99999E-1 9.99998E-1 9.99997E-1 9.99998E-1 9.99995E-1 9.99997E-1 9.99992E-1 9.99993E-1 1E0 1E0 9.99999E-1 1E0 1E0 1E0 9.99996E-1 9.99996E-1 9.99999E-1 9.99999E-1 1E0 1E0 1E0 1E0
-9999 9.86888E-1 9.80035E-1 9.25493E-1 9.72841E-1 7.24125E-1 7.06717E-1 7.98567E-1 8.92686E-1 8.03025E-1 8.50148E-1 8.74485E-1 9.83989E-1 9.7965E-1 9.79095E-1 9.55968E-1 9.90468E-1 9.61254E-1 9.97693E-1 9.94578E-1 9.98621E-1 9.96695E-1 9.96221E-1 9.92694E-1 9.97641E-1 9.98852E-1 9.99158E-1 9.96808E-1 9.989E-1 9.98486E-1 9.9931E-1 9.99881E-1 9.99948E-1 9.99949E-1 9.99907E-1 9.99995E-1 9.99963E-1 9.99736E-1 9.99184E-1 9.99874E-1 9.99747E-1 9.99963E-1 9.99959E-1 9.99951E-1 9.99965E-1 9.99999E-1 1E0 9.99998E-1 9.99999E-1 9.99999E-1 9.99999E-1 1E0 9.99999E-1 9.99999E-1 9.99997E-1 9.99992E-1 1E0 9.99996E-1 9.99996E-1 1E0 9.99999E-1 9.99999E-1 1E0 1E0 9.99998E-1 9.99982E-1 9.99999E-1 1E0 1E0
-9999 9.77858E-1 9.61182E-1 9.42115E-1 9.39677E-1 8.89414E-1 8.14681E-1 8.53852E-1 8.29421E-1 9.17943E-1 8.68218E-1 9.51634E-1 9.51228E-1 9.42147E-1 9.3551E-1 9.73152E-1 9.89645E-1 9.49163E-1 9.98914E-1 9.98914E-1 9.97305E-1 9.97924E-1 9.9656E-1 9.91507E-1 9.82712E-1 9.93505E-1 9.89214E-1 9.92619E-1 9.94998E-1 9.96185E-1 9.85118E-1 9.98943E-1 9.93185E-1 9.99867E-1 9.99272E-1 9.99863E-1 9.99975E-1 9.99949E-1 9.99943E-1 9.99739E-1 9.99645E-1 9.99786E-1 9.99941E-1 9.99934E-1 9.99994E-1 9.99999E-1 1E0 9.99999E-1 9.99999E-1 1E0 9.99999E-1 1E0 9.99999E-1 1E0 9.99999E-1 9.99973E-1 9.99999E-1 9.99989E-1 9.99979E-1 9.99998E-1 1E0 9.99998E-1 9.99999E-1 9.99983E-1 9.99994E-1 9.99999E-1 9.9992E-1 1E0 9.99999E-1
-9999 9.40948E-1 9.18668E-1 8.87989E-1 8.81977E-1 9.08171E-1 8.0864E-1 8.07213E-1 8.62027E-1 9.49911E-1 9.31345E-1 8.736E-1 8.76394E-1 9.52364E-1 8.97606E-1 9.34309E-1 9.80595E-1 9.78432E-1 9.83376E-1 9.98314E-1 9.98327E-1 9.97285E-1 9.88333E-1 9.72107E-1 9.6882E-1 9.92675E-1 9.97526E-1 9.92976E-1 9.90729E-1 9.94577E-1 9.98835E-1 9.99445E-1 9.99126E-1 9.9956E-1 9.9998E-1 9.99959E-1 9.99979E-1 9.99972E-1 9.99968E-1 9.99941E-1 9.99889E-1 9.99883E-1 9.99959E-1 9.99803E-1 9.99864E-1 9.99997E-1 9.99999E-1 9.99997E-1 1E0 1E0 1E0 1E0 1E0 9.99999E-1 9.99972E-1 1E0 9.99993E-1 9.99998E-1 9.99999E-1 9.99997E-1 1E0 9.99997E-1 9.99978E-1 9.99998E-1 9.99996E-1 1E0 1E0 9.99979E-1 1E0
8.90237E-1 7.99998E-1 8.02748E-1 7.51593E-1 8.54148E-1 8.66835E-1 7.9566E-1 9.02152E-1 9.54573E-1 9.24921E-1 9.54908E-1 9.72663E-1 9.83051E-1 9.94113E-1 9.98902E-1 9.96175E-1 9.85486E-1 9.48148E-1 9.4944E-1 9.86893E-1 9.95764E-1 9.97903E-1 9.93274E-1 9.88711E-1 9.85157E-1 9.81311E-1 9.78867E-1 9.87455E-1 9.90783E-1 9.93997E-1 9.98681E-1 9.99972E-1 9.96653E-1 9.98515E-1 9.99733E-1 9.99765E-1 9.99981E-1 9.99902E-1 9.99971E-1 9.99966E-1 9.99958E-1 9.99907E-1 9.99922E-1 9.99929E-1 9.99977E-1 9.99995E-1 9.99998E-1 9.99998E-1 1E0 1E0 9.99999E-1 1E0 1E0 1E0 1E0 1E0 9.99999E-1 9.99995E-1 1E0 9.99999E-1 1E0 1E0 9.99999E-1 1E0 9.99985E-1 9.99998E-1 9.99991E-1 9.99999E-1 9.99999E-1
8.58574E-1 8.34561E-1 8.61981E-1 8.01644E-1 9.33111E-1 9.60238E-1 9.28731E-1 8.24861E-1 8.48565E-1 8.67512E-1 8.93998E-1 9.29166E-1 9.78451E-1 9.9758E-1 9.98356E-1 9.98528E-1 9.90092E-1 9.59968E-1 9.52201E-1 9.81703E-1 9.81129E-1 9.74184E-1 9.7024E-1 9.9741E-1 9.93412E-1 9.86529E-1 9.91818E-1 9.9295E-1 9.96619E-1 9.94792E-1 9.9678E-1 9.99892E-1 9.99827E-1 9.99905E-1 9.98771E-1 9.99315E-1 9.9998E-1 9.99976E-1 9.9994E-1 9.99996E-1 9.9999E-1 9.99996E-1 9.99978E-1 9.9998E-1 9.99997E-1 9.99999E-1 9.99999E-1 9.99998E-1 1E0 9.99996E-1 9.99987E-1 9.99591E-1 9.99911E-1 9.99999E-1 9.99999E-1 9.99999E-1 1E0 1E0 9.99995E-1 9.99994E-1 1E0 1E0 1E0 1E0 1E0 1E0 1E0 1E0 9.99986E-1
8.58274E-1 8.4034E-1 8.79156E-1 8.76682E-1 8.5513E-1 8.78483E-1 8.54704E-1 8.73903E-1 8.40752E-1 8.51606E-1 9.42171E-1 9.52082E-1 9.89462E-1 9.94289E-1 9.85287E-1 9.87118E-1 9.70406E-1 9.48766E-1 9.83394E-1 9.76392E-1 9.57919E-1 9.75737E-1 9.85531E-1 9.85156E-1 9.95448E-1 9.93729E-1 9.97841E-1 9.98728E-1 9.98574E-1 9.98115E-1 9.99717E-1 9.99188E-1 9.96344E-1 9.99613E-1 9.99855E-1 9.99697E-1 9.99926E-1 9.99667E-1 9.99954E-1 9.99976E-1 9.99916E-1 9.99996E-1 9.99986E-1 9.99997E-1 9.99996E-1 9.99996E-1 9.99996E-1 9.99996E-1 1E0 1E0 9.99989E-1 9.99997E-1 9.99999E-1 1E0 9.99995E-1 1E0 1E0 1E0 1E0 1E0 1E0 1E0 1E0 1E0 1E0 1E0 1E0 9.99834E-1 9.99993E-1
9.24868E-1 9.24851E-1 8.61989E-1 8.07387E-1 8.70598E-1 8.76244E-1 8.6129E-1 8.1073E-1 8.60546E-1 8.2106E-1 9.26642E-1 9.73451E-1 9.93301E-1 9.89542E-1 9.69511E-1 9.86266E-1 9.71262E-1 9.82872E-1 9.96661E-1 9.85471E-1 9.85591E-1 9.81102E-1 9.84657E-1 9.86041E-1 9.92447E-1 9.98829E-1 9.99038E-1 9.9896E-1 9.98491E-1 9.97308E-1 9.99336E-1 9.99639E-1 9.98943E-1 9.98384E-1 9.98248E-1 9.9973E-1 9.95935E-1 9.99488E-1 9.99972E-1 9.99984E-1 9.99989E-1 9.99997E-1 9.99989E-1 9.99971E-1 9.99999E-1 9.99995E-1 9.99999E-1 9.99991E-1 1E0 1E0 1E0 9.99998E-1 1E0 1E0 1E0 1E0 9.99999E-1 9.99999E-1 9.99999E-1 9.99999E-1 1E0 9.99995E-1 1E0 1E0 1E0 1E0 1E0 9.99994E-1 9.99938E-1
-9999 8.74052E-1 8.27491E-1 7.58099E-1 7.41489E-1 9.0948E-1 9.48669E-1 8.88495E-1 9.15369E-1 8.59121E-1 9.22396E-1 9.60841E-1 9.94355E-1 9.91432E-1 9.78222E-1 9.62386E-1 9.72168E-1 9.9172E-1 9.75522E-1 9.74988E-1 9.91598E-1 9.92786E-1 9.87103E-1 9.91437E-1 9.96258E-1 9.97996E-1 9.988E-1 9.98551E-1 9.99228E-1 9.94436E-1 9.9745E-1 9.99283E-1 9.99403E-1 9.95302E-1 9.99327E-1 9.99549E-1 9.99233E-1 9.99348E-1 9.99873E-1 9.99986E-1 9.99998E-1 9.99997E-1 9.99963E-1 9.99992E-1 9.99999E-1 9.99999E-1 1E0 1E0 9.99999E-1 1E0 1E0 1E0 1E0 9.99998E-1 9.99975E-1 9.99999E-1 9.99999E-1 1E0 9.99999E-1 9.99998E-1 9.99998E-1 9.99992E-1 1E0 9.99998E-1 1E0 1E0 1E0 1E0 1E0
-9999 9.10525E-1 8.86437E-1 7.29991E-1 7.43679E-1 8.77346E-1 9.17868E-1 8.37172E-1 9.31872E-1 9.736E-1 9.74213E-1 9.93116E-1 9.91011E-1 9.88151E-1 9.67782E-1 9.68241E-1 9.62477E-1 9.56434E-1 9.81736E-1 9.67459E-1 9.89887E-1 9.81463E-1 9.92225E-1 9.88154E-1 9.88794E-1 9.98476E-1 9.97451E-1 9.96581E-1 9.98006E-1 9.96859E-1 9.96376E-1 9.94848E-1 9.96982E-1 9.99769E-1 9.99918E-1 9.9899E-1 9.9985E-1 9.99801E-1 9.99821E-1 9.99872E-1 9.99992E-1 9.99997E-1 9.99956E-1 9.99965E-1 9.99978E-1 9.99996E-1 9.99995E-1 1E0 1E0 1E0 1E0 1E0 9.99999E-1 9.99994E-1 9.99977E-1 9.99999E-1 1E0 9.99998E-1 9.99992E-1 9.99996E-1 1E0 1E0 1E0 1E0 1E0 1E0 1E0 1E0 9.99994E-1
-9999 8.92614E-1 9.16407E-1 8.30873E-1 7.17322E-1 9.27288E-1 9.05156E-1 9.00476E-1 9.40943E-1 9.39948E-1 9.94533E-1 9.65426E-1 9.42558E-1 9.72625E-1 9.6823E-1 9.78162E-1 9.60702E-1 9.57884E-1 9.86616E-1 9.73433E-1 9.97423E-1 9.86766E-1 9.96364E-1 9.92618E-1 9.70015E-1 9.9383E-1 9.95206E-1 9.95217E-1 9.95254E-1 9.99772E-1 9.99696E-1 9.88837E-1 9.98734E-1 9.99948E-1 9.99947E-1 9.99973E-1 9.99966E-1 9.99853E-1 9.99887E-1 9.99993E-1 9.99992E-1 9.99676E-1 9.99463E-1 9.99878E-1 9.99943E-1 9.99987E-1 9.99994E-1 9.99984E-1 9.99669E-1 9.99999E-1 1E0 1E0 9.99997E-1 9.99979E-1 9.99978E-1 9.9997E-1 9.99994E-1 9.99998E-1 1E0 1E0 1E0 1E0 9.99999E-1 1E0 1E0 1E0 1E0 9.99954E-1 1E0
-9999 7.09608E-1 8.33345E-1 8.11983E-1 8.77662E-1 7.44754E-1 9.24371E-1 9.38084E-1 9.77805E-1 9.77959E-1 9.93295E-1 9.79939E-1 9.79814E-1 9.8846E-1 9.82263E-1 9.91163E-1 9.60093E-1 9.69185E-1 9.77398E-1 9.92623E-1 9.94628E-1 9.8551E-1 9.91637E-1 9.93841E-1 9.93803E-1 9.95366E-1 9.85446E-1 9.90242E-1 9.72415E-1 9.90349E-1 9.98087E-1 9.99849E-1 9.99668E-1 9.99369E-1 9.99393E-1 9.99992E-1 9.99988E-1 9.99987E-1 9.99937E-1 9.99805E-1 9.99927E-1 9.9992E-1 9.99545E-1 9.99744E-1 9.99532E-1 9.99845E-1 9.99976E-1 9.99981E-1 9.99989E-1 9.99999E-1 1E0 9.99997E-1 9.99997E-1 9.99997E-1 1E0 9.99998E-1 9.99998E-1 9.99999E-1 9.99997E-1 1E0 1E0 1E0 1E0 9.99962E-1 9.99908E-1 9.99999E-1 9.99991E-1 1E0 1E0
-9999 -9999 8.9277E-1 9.31767E-1 9.18656E-1 8.87696E-1 9.18547E-1 9.38423E-1 9.77586E-1 9.76276E-1 9.89678E-1 9.94754E-1 9.82894E-1 9.39195E-1 9.68045E-1 9.61877E-1 9.86889E-1 9.4724E-1 9.92756E-1 9.90364E-1 9.94441E-1 9.83302E-1 9.89906E-1 9.84508E-1 9.9595E-1 9.92721E-1 9.85193E-1 9.88755E-1 9.89992E-1 9.99026E-1 9.99806E-1 9.99727E-1 9.99284E-1 9.98896E-1 9.99828E-1 9.99967E-1 9.99908E-1 9.996E-1 9.99838E-1 9.99883E-1 9.99976E-1 9.99944E-1 9.99848E-1 9.99741E-1 9.99977E-1 9.99994E-1 9.99997E-1 9.99996E-1 9.99973E-1 9.99985E-1 9.99999E-1 9.99998E-1 9.99993E-1 9.99999E-1 9.99999E-1 9.99999E-1 1E0 9.99999E-1 9.99998E-1 9.9992E-1 1E0 1E0 1E0 9.99998E-1 9.99926E-1 9.99998E-1 9.99995E-1 9.99983E-1 9.99846E-1
-9999 -9999 9.05378E-1 9.752E-1 9.43905E-1 9.28853E-1 9.84298E-1 9.34143E-1 8.47775E-1 9.44227E-1 9.72281E-1 9.96541E-1 9.86484E-1 9.65155E-1 9.91974E-1 9.83918E-1 9.77518E-1 9.77592E-1 9.82487E-1 9.91102E-1 9.91558E-1 9.65521E-1 9.73166E-1 9.72439E-1 9.83141E-1 9.93432E-1 9.9763E-1 9.92676E-1 9.8234E-1 9.97347E-1 9.99464E-1 9.94934E-1 9.97302E-1 9.98849E-1 9.99605E-1 9.99969E-1 9.9995E-1 9.99716E-1 9.99549E-1 9.99789E-1 9.99918E-1 9.99909E-1 9.99997E-1 9.99969E-1 9.99991E-1 9.99988E-1 9.99983E-1 9.9998E-1 9.99966E-1 9.99858E-1 9.99948E-1 9.99998E-1 9.99993E-1 1E0 9.99999E-1 9.99999E-1 9.99999E-1 9.99996E-1 9.99998E-1 9.99656E-1 1E0 9.99999E-1 1E0 9.99988E-1 9.99806E-1 9.99998E-1 9.99996E-1 9.99989E-1 9.99998E-1
-9999 -9999 -9999 9.42608E-1 9.6598E-1 9.08078E-1 9.23757E-1 9.7346E-1 8.80015E-1 9.30495E-1 9.52598E-1 9.6155E-1 9.59514E-1 9.86645E-1 9.53109E-1 9.40683E-1 9.59384E-1 9.80363E-1 9.85323E-1 9.95731E-1 9.96712E-1 9.63924E-1 9.52876E-1 9.69021E-1 9.71032E-1 9.95197E-1 9.99036E-1 9.96649E-1 9.90211E-1 9.9804E-1 9.97223E-1 9.97785E-1 9.97438E-1 9.99042E-1 9.99771E-1 9.99952E-1 9.99702E-1 9.99125E-1 9.99509E-1 9.99899E-1 9.99799E-1 9.9981E-1 9.99981E-1 9.99984E-1 9.99946E-1 9.99994E-1 9.99828E-1 9.9983E-1 9.99837E-1 9.9996E-1 9.99891E-1 9.99995E-1 9.99994E-1 1E0 9.99999E-1 9.99996E-1 9.99997E-1 9.99999E-1 1E0 9.99999E-1 9.99995E-1 9.99992E-1 9.99995E-1 9.99997E-1 9.99303E-1 9.99998E-1 9.99994E-1 9.99999E-1 9.99992E-1
-9999 -9999 -9999 9.51385E-1 9.71184E-1 9.04623E-1 8.92507E-1 8.89359E-1 9.60263E-1 9.36516E-1 9.3676E-1 9.77436E-1 9.72679E-1 9.86638E-1 9.77054E-1 9.63567E-1 9.53309E-1 9.62963E-1 9.67274E-1 9.96064E-1 9.98547E-1 9.99084E-1 9.8789E-1 9.85649E-1 9.72615E-1 9.9822E-1 9.9861E-1 9.981E-1 9.96278E-1 9.97885E-1 9.98273E-1 9.9706E-1 9.99432E-1 9.99875E-1 9.99774E-1 9.99607E-1 9.98775E-1 9.99183E-1 9.99409E-1 9.99859E-1 9.99919E-1 9.99966E-1 9.99992E-1 9.99947E-1 9.99983E-1 9.99957E-1 9.99759E-1 9.99769E-1 9.99841E-1 9.99957E-1 9.9995E-1 9.99986E-1 9.99999E-1 9.99994E-1 9.99977E-1 9.99991E-1 9.99995E-1 9.99996E-1 9.99999E-1 9.99757E-1 9.99999E-1 9.99867E-1 9.99989E-1 9.99957E-1 9.99986E-1 9.99992E-1 9.99947E-1 9.9999E-1 9.99899E-1
-9999 -9999 -9999 9.52741E-1 9.58465E-1 9.44513E-1 9.74031E-1 9.80887E-1 9.69935E-1 9.70076E-1 9.91363E-1 9.77237E-1 9.60396E-1 9.93362E-1 9.89111E-1 9.73668E-1 9.67049E-1 9.30552E-1 9.7488E-1 9.9576E-1 9.99452E-1 9.99664E-1 9.98381E-1 9.96123E-1 9.72473E-1 9.96459E-1 9.91886E-1 9.9614E-1 9.91382E-1 9.84868E-1 9.96551E-1 9.9821E-1 9.98831E-1 9.99544E-1 9.95665E-1 9.97434E-1 9.99254E-1 9.9756E-1 9.99485E-1 9.99274E-1 9.99749E-1 9.9987E-1 9.9975E-1 9.99955E-1 9.99965E-1 9.99881E-1 9.99921E-1 9.99852E-1 9.99993E-1 9.99979E-1 9.99993E-1 9.99999E-1 9.99997E-1 9.99762E-1 9.99826E-1 9.99866E-1 9.99987E-1 9.99987E-1 9.99963E-1 9.9941E-1 9.99984E-1 9.99999E-1 9.99217E-1 9.99954E-1 9.99269E-1 9.98975E-1 9.9971E-1 9.99991E-1 9.99997E-1
-9999 -9999 9.15944E-1 9.89864E-1 9.73098E-1 8.93249E-1 9.64208E-1 9.7239E-1 9.79728E-1 9.83914E-1 9.759E-1 9.70026E-1 9.70384E-1 9.93158E-1 9.88465E-1 9.97414E-1 9.96399E-1 9.73064E-1 9.567E-1 9.77012E-1 9.9217E-1 9.8931E-1 9.98852E-1 9.9583E-1 9.91396E-1 9.9356E-1 9.90254E-1 9.97228E-1 9.91349E-1 9.99333E-1 9.98662E-1 9.9855E-1 9.98746E-1 9.99423E-1 9.99427E-1 9.99092E-1 9.99157E-1 9.98813E-1 9.9909E-1 9.99213E-1 9.99736E-1 9.99508E-1 9.99861E-1 9.99877E-1 9.99621E-1 9.99674E-1 9.99884E-1 9.99989E-1 9.99994E-1 9.99996E-1 1E0 9.99917E-1 9.99983E-1 9.97959E-1 9.99981E-1 9.99937E-1 9.99971E-1 9.99935E-1 9.99911E-1 9.99967E-1 9.99997E-1 9.99999E-1 9.99583E-1 9.98495E-1 9.99631E-1 9.97978E-1 9.98711E-1 9.99638E-1 9.9911E-1
-9999 -9999 -9999 9.97763E-1 9.90205E-1 9.49624E-1 9.66812E-1 9.82187E-1 9.92183E-1 9.97074E-1 9.90241E-1 9.73492E-1 9.94945E-1 9.95413E-1 9.84988E-1 9.66856E-1 9.76106E-1 9.14079E-1 9.19244E-1 8.28759E-1 9.49838E-1 9.64568E-1 9.76956E-1 9.92879E-1 9.65974E-1 9.88668E-1 9.97286E-1 9.95904E-1 9.99767E-1 9.99723E-1 9.98168E-1 9.98616E-1 9.99256E-1 9.98563E-1 9.99222E-1 9.99259E-1 9.99813E-1 9.99726E-1 9.99768E-1 9.99805E-1 9.99606E-1 9.99856E-1 9.99672E-1 9.99866E-1 9.99819E-1 9.99471E-1 9.99896E-1 9.99989E-1 9.99999E-1 9.99969E-1 9.99997E-1 9.99996E-1 9.99987E-1 9.99992E-1 9.99997E-1 9.9997E-1 9.99907E-1 9.99969E-1 9.99964E-1 9.99986E-1 9.99997E-1 9.99999E-1 9.99988E-1 9.99996E-1 9.99993E-1 9.99583E-1 9.99803E-1 9.99981E-1 9.99998E-1
-9999 -9999 -9999 9.93899E-1 9.94581E-1 9.83303E-1 9.94019E-1 9.89166E-1 9.85848E-1 9.81375E-1 9.88996E-1 9.78423E-1 9.62856E-1 9.36559E-1 9.43392E-1 9.1723E-1 8.89815E-1 8.09192E-1 8.9984E-1 8.2977E-1 8.57772E-1 9.52515E-1 9.68878E-1 9.63095E-1 9.76408E-1 9.37771E-1 9.86361E-1 9.82798E-1 9.91846E-1 9.97448E-1 9.97123E-1 9.96068E-1 9.99074E-1 9.9925E-1 9.94726E-1 9.98565E-1 9.99558E-1 9.99914E-1 9.99793E-1 9.99635E-1 9.99876E-1 9.99856E-1 9.98988E-1 9.99622E-1 9.9948E-1 9.99934E-1 9.99796E-1 9.99991E-1 9.99989E-1 9.99993E-1 9.99999E-1 9.99997E-1 9.99999E-1 9.99982E-1 9.99972E-1 9.99987E-1 9.99976E-1 9.99962E-1 9.99995E-1 9.99992E-1 9.99993E-1 9.99996E-1 9.99997E-1 9.99994E-1 9.99995E-1 9.97946E-1 9.99985E-1 9.99786E-1 9.99872E-1
-9999 -9999 -9999 9.87201E-1 9.99191E-1 9.1641E-1 9.80501E-1 9.81533E-1 9.74077E-1 9.45517E-1 9.74305E-1 9.63324E-1 8.94205E-1 7.72484E-1 7.69115E-1 8.17442E-1 8.31871E-1 8.18064E-1 8.31395E-1 9.2317E-1 9.34924E-1 9.46331E-1 9.46716E-1 9.61087E-1 9.66415E-1 9.3761E-1 9.77154E-1 9.81532E-1 9.42771E-1 9.69316E-1 9.90103E-1 9.87624E-1 9.91232E-1 9.9765E-1 9.9871E-1 9.98492E-1 9.99268E-1 9.99894E-1 9.99788E-1 9.99667E-1 9.99816E-1 9.99794E-1 9.99125E-1 9.98291E-1 9.98785E-1 9.98556E-1 9.99806E-1 9.9995E-1 9.99966E-1 9.99992E-1 9.9999E-1 9.99982E-1 9.99992E-1 9.99995E-1 9.99999E-1 9.99985E-1 9.9997E-1 9.99981E-1 9.9998E-1 9.99989E-1 9.99991E-1 9.99997E-1 9.99994E-1 9.99196E-1 9.99965E-1 9.99245E-1 9.97911E-1 9.9939E-1 9.99855E-1
-9999 -9999 -9999 9.86865E-1 9.93404E-1 9.71022E-1 9.90869E-1 9.57266E-1 9.46246E-1 8.82369E-1 9.27303E-1 8.75955E-1 8.88367E-1 8.23283E-1 7.25794E-1 8.32645E-1 8.07457E-1 6.94708E-1 8.64961E-1 9.09599E-1 9.25635E-1 8.83848E-1 9.27289E-1 9.07816E-1 9.28465E-1 9.31559E-1 9.71902E-1 9.77768E-1 9.74431E-1 9.80814E-1 9.97551E-1 9.98585E-1 9.96025E-1 9.93649E-1 9.98493E-1 9.98641E-1 9.99369E-1 9.99854E-1 9.98795E-1 9.99715E-1 9.99802E-1 9.99607E-1 9.98982E-1 9.98762E-1 9.98962E-1 9.99642E-1 9.99887E-1 9.99778E-1 9.9981E-1 9.99991E-1 9.99985E-1 9.99974E-1 9.99958E-1 9.99999E-1 9.99999E-1 9.99986E-1 9.99978E-1 9.99934E-1 9.99962E-1 9.99994E-1 9.99973E-1 9.99979E-1 9.99996E-1 9.99978E-1 9.96183E-1 9.97394E-1 9.97265E-1 9.99183E-1 9.99421E-1
-9999 -9999 9.87847E-1 9.92335E-1 9.86716E-1 9.08559E-1 9.85085E-1 9.83277E-1 9.27047E-1 9.14139E-1 9.35193E-1 9.2358E-1 9.2959E-1 8.79663E-1 8.67557E-1 8.255E-1 7.74161E-1 7.11233E-1 8.03555E-1 9.31638E-1 9.21041E-1 9.74795E-1 9.76344E-1 9.57111E-1 9.47536E-1 9.74078E-1 9.67295E-1 9.23979E-1 9.88968E-1 9.83621E-1 9.9465E-1 9.98221E-1 9.97506E-1 9.95226E-1 9.95975E-1 9.93641E-1 9.99278E-1 9.9969E-1 9.99336E-1 9.99736E-1 9.99606E-1 9.99574E-1 9.98863E-1 9.98158E-1 9.99396E-1 9.99098E-1 9.99824E-1 9.99627E-1 9.99533E-1 9.99958E-1 9.99941E-1 9.99982E-1 9.9985E-1 9.99943E-1 9.99993E-1 9.9996E-1 9.99953E-1 9.9989E-1 9.9994E-1 9.99998E-1 9.99976E-1 9.99993E-1 9.99964E-1 9.99971E-1 9.99382E-1 9.99461E-1 9.99609E-1 9.99778E-1 9.99989E-1
-9999 -9999 9.70963E-1 9.38278E-1 9.73321E-1 9.34332E-1 9.61188E-1 9.00088E-1 8.96988E-1 8.94749E-1 9.06264E-1 9.03301E-1 9.27063E-1 9.11329E-1 8.63614E-1 9.09141E-1 9.25448E-1 8.77105E-1 8.62253E-1 9.09312E-1 9.71366E-1 9.91765E-1 9.6214E-1 9.58824E-1 9.56431E-1 9.52969E-1 9.70596E-1 9.77773E-1 9.77682E-1 9.91779E-1 9.91033E-1 9.94495E-1 9.96215E-1 9.98047E-1 9.95148E-1 9.96904E-1 9.98611E-1 9.99337E-1 9.99313E-1 9.99776E-1 9.99318E-1 9.99744E-1 9.98636E-1 9.99764E-1 9.99765E-1 9.99593E-1 9.9983E-1 9.98887E-1 9.99194E-1 9.99937E-1 9.99935E-1 9.99924E-1 9.99861E-1 9.99703E-1 9.9971E-1 9.99988E-1 9.99994E-1 9.99952E-1 9.99957E-1 9.99981E-1 9.9999E-1 9.99982E-1 9.98648E-1 9.99683E-1 9.99295E-1 9.97251E-1 1E0 1E0 1E0
-9999 -9999 9.64312E-1 9.55389E-1 9.31313E-1 9.67939E-1 9.6231E-1 9.15871E-1 8.03693E-1 7.97505E-1 7.65793E-1 9.05829E-1 8.16986E-1 8.93167E-1 8.76201E-1 9.03334E-1 9.12447E-1 8.96354E-1 9.30651E-1 9.71985E-1 9.33108E-1 9.57417E-1 9.80743E-1 9.64853E-1 9.38602E-1 9.84885E-1 9.78945E-1 9.77878E-1 9.94007E-1 9.94255E-1 9.91412E-1 9.94589E-1 9.93958E-1 9.94847E-1 9.97313E-1 9.94179E-1 9.99563E-1 9.95666E-1 9.92848E-1 9.97948E-1 9.99778E-1 9.99755E-1 9.9953E-1 9.99573E-1 9.9929E-1 9.99342E-1 9.99719E-1 9.99638E-1 9.99948E-1 9.99859E-1 9.99992E-1 9.99979E-1 9.99994E-1 9.97959E-1 9.99769E-1 9.98718E-1 9.99943E-1 9.9998E-1 9.99881E-1 9.99995E-1 9.99994E-1 9.99999E-1 9.99453E-1 9.99997E-1 9.99911E-1 9.93863E-1 1E0 9.99998E-1 1E0
-9999 -9999 9.74015E-1 9.5881E-1 8.89247E-1 9.52694E-1 9.47728E-1 8.81244E-1 9.25317E-1 9.3686E-1 9.67005E-1 9.02204E-1 8.50208E-1 8.60068E-1 9.05058E-1 8.86785E-1 9.10371E-1 9.55518E-1 9.56767E-1 9.41515E-1 9.15268E-1 8.95138E-1 9.23825E-1 9.607E-1 9.79443E-1 9.83291E-1 9.22964E-1 9.72648E-1 9.93931E-1 9.94442E-1 9.92194E-1 9.98927E-1 9.96182E-1 9.83671E-1 9.97588E-1 9.98516E-1 9.99257E-1 9.97094E-1 9.9588E-1 9.9818E-1 9.96334E-1 9.85971E-1 9.98415E-1 9.99353E-1 9.99417E-1 9.99355E-1 9.98795E-1 9.99584E-1 9.9991E-1 9.99976E-1 9.99931E-1 9.99965E-1 9.99933E-1 9.99971E-1 9.99995E-1 9.99985E-1 9.99759E-1 9.99965E-1 9.99965E-1 9.99929E-1 9.99998E-1 9.99988E-1 9.98158E-1 9.9999E-1 9.99931E-1 9.98953E-1 9.98572E-1 9.9947E-1 9.99952E-1
-9999 -9999 9.95242E-1 9.80108E-1 9.15059E-1 9.75275E-1 9.48748E-1 9.0427E-1 8.88699E-1 9.77249E-1 9.65686E-1 9.71176E-1 9.49364E-1 9.62118E-1 8.5214E-1 8.88844E-1 9.00419E-1 9.37513E-1 9.38624E-1 9.35299E-1 9.09708E-1 9.26687E-1 9.5263E-1 9.70202E-1 9.7795E-1 9.89143E-1 9.68694E-1 9.25002E-1 9.85335E-1 9.78717E-1 9.94322E-1 9.91363E-1 9.95187E-1 9.95573E-1 9.98541E-1 9.98822E-1 9.99273E-1 9.96847E-1 9.92247E-1 9.98192E-1 9.97515E-1 9.93985E-1 9.96712E-1 9.96944E-1 9.97024E-1 9.97486E-1 9.98129E-1 9.98145E-1 9.99605E-1 9.99951E-1 9.99556E-1 9.99734E-1 9.99862E-1 9.99972E-1 9.99671E-1 9.9992E-1 9.99992E-1 9.99971E-1 9.99928E-1 9.99994E-1 9.9999E-1 9.99999E-1 9.99996E-1 9.99731E-1 9.99949E-1 9.97037E-1 9.99718E-1 9.99343E-1 9.99996E-1
