ENM/Final_Models/M_2_F_q_Set_1_EC/Gustavia_santanderiensis_Choco_min.asc
ncols         367
nrows         963
xllcorner     -78.6
yllcorner     0.65
cellsize      0.00833333333333323
NODATA_value  -9999
[rows 150 to 179 of 963, columns 134 to 200 of 367]
3.53685E-4 7.87824E-4 5.10896E-4 5.01856E-4 1.75368E-4 4.9168E-4 4.35954E-4 4.64595E-4 3.57146E-4 2.40632E-4 5.05436E-4 4.35158E-4 5.17637E-4 3.86145E-4 4.67389E-4 6.21684E-4 2.15877E-4 1.02239E-4 1.06558E-3 1.10446E-3 1.31701E-3 1.44342E-3 1.87013E-3 2.01203E-3 9.48301E-3 2.49875E-2 1.00241E-2 1.93255E-2 7.83132E-3 1.01303E-2 2.74492E-3 5.3613E-3 8.63805E-3 5.95056E-3 5.52883E-3 1.00189E-2 7.92284E-3 1.3526E-2 1.24242E-2 2.04731E-2 3.66219E-2 5.9494E-2 6.26071E-2 4.98036E-2 6.66975E-2 1.09604E-1 2.10363E-1 2.01358E-1 2.11324E-1 3.13714E-1 4.71597E-1 4.89451E-1 6.67669E-1 7.56144E-1 9.13421E-1 7.88142E-1 6.37484E-1 7.3306E-1 6.1755E-1 9.39861E-1 9.01326E-1 9.72551E-1 8.10717E-1 7.22223E-1 6.29937E-1 5.61865E-1 3.6197E-1
9.5244E-4 1.22228E-3 7.79518E-4 3.21871E-4 3.3858E-4 2.88079E-4 4.3992E-4 6.22566E-4 7.92235E-4 4.95831E-4 5.91037E-4 3.20021E-4 2.66697E-4 1.47761E-4 2.65812E-4 3.48967E-4 2.93994E-4 1.21222E-4 3.04439E-4 1.34873E-4 2.34292E-3 2.04983E-3 9.98933E-4 3.2674E-3 8.67027E-3 7.21469E-3 1.32505E-2 5.79441E-3 9.60168E-3 4.96425E-3 6.06334E-3 9.12722E-3 9.93286E-3 3.46988E-3 6.94822E-3 5.9124E-3 1.2601E-2 1.4647E-2 1.25167E-2 4.56671E-2 6.81396E-2 4.27122E-2 3.56401E-2 4.15157E-2 4.4054E-2 5.13628E-2 1.48089E-1 2.23493E-1 2.51412E-1 4.30451E-1 4.19123E-1 7.64358E-1 9.28957E-1 9.8459E-1 9.64567E-1 7.82466E-1 8.97845E-1 8.64706E-1 6.16827E-1 7.66648E-1 9.51398E-1 9.00748E-1 7.09731E-1 3.7534E-1 4.62093E-1 4.45505E-1 4.95815E-1
5.6557E-4 3.79007E-4 1.73333E-3 2.35599E-4 2.98873E-4 3.58938E-4 4.02189E-4 2.02992E-4 6.10705E-4 5.14646E-4 2.40406E-4 2.85065E-4 3.1648E-4 3.65134E-4 4.94616E-4 1.92881E-4 1.46539E-4 9.38325E-4 1.43403E-3 1.59963E-3 2.62033E-3 2.77063E-3 1.03041E-3 4.78445E-3 8.51053E-3 1.18544E-2 1.3502E-2 8.8813E-3 4.32724E-3 2.80068E-3 5.98676E-3 7.47675E-3 7.00027E-3 1.20207E-2 4.65341E-3 8.31387E-3 1.74496E-2 1.51025E-2 2.05081E-2 2.75896E-2 3.43192E-2 2.27716E-2 2.38615E-2 5.57407E-2 1.04238E-1 1.04022E-1 1.03699E-1 1.48071E-1 3.01662E-1 3.57581E-1 6.01157E-1 8.53081E-1 7.75578E-1 9.52588E-1 8.78782E-1 6.81097E-1 7.31999E-1 6.56506E-1 5.89618E-1 6.48742E-1 6.29349E-1 6.37657E-1 5.03898E-1 4.88823E-1 3.85135E-1 3.32597E-1 4.26137E-1
6.43107E-4 1.09706E-4 2.3423E-4 6.16665E-4 1.72671E-4 2.61118E-4 2.51114E-4 3.29464E-4 3.47581E-4 3.85486E-4 2.76968E-4 3.80685E-4 5.73996E-4 9.28201E-4 2.05022E-4 7.46592E-5 2.39405E-4 1.25412E-3 2.84285E-3 2.52224E-3 3.55115E-3 4.81399E-3 2.80949E-3 7.36423E-3 2.23611E-2 2.96419E-2 6.20738E-3 1.2069E-2 5.76265E-4 4.17302E-3 9.80939E-3 7.01045E-3 9.57052E-3 6.46447E-3 2.93594E-3 9.02459E-3 1.88355E-2 6.61357E-3 8.50461E-3 1.97866E-2 4.08864E-2 1.71087E-2 2.25853E-2 5.46189E-2 1.49339E-1 1.00118E-1 6.49961E-2 1.07086E-1 4.66119E-1 3.61733E-1 6.63792E-1 7.96448E-1 8.67253E-1 9.28294E-1 7.13699E-1 6.85746E-1 8.28611E-1 6.65685E-1 5.47659E-1 5.48039E-1 4.16407E-1 5.18858E-1 5.97113E-1 3.33431E-1 4.70709E-1 5.56102E-1 5.20117E-1
4.86991E-4 5.42928E-4 5.67299E-4 1.8921E-4 3.6999E-4 3.63096E-4 5.02807E-4 5.94666E-4 1.05099E-3 4.67374E-4 3.67557E-4 6.65034E-4 6.17047E-4 6.03848E-4 1.09667E-4 1.91632E-4 1.6858E-4 1.30862E-3 6.202E-3 6.9881E-3 6.79388E-3 7.00373E-3 2.37171E-3 4.90956E-3 9.73131E-3 1.57303E-2 1.78143E-2 6.91948E-3 6.58983E-3 6.66057E-3 1.20069E-2 1.07771E-2 9.1971E-3 7.15557E-3 1.27386E-2 1.34191E-2 1.45446E-2 5.39481E-3 1.04026E-2 9.95074E-3 4.01383E-2 2.40736E-2 3.79538E-2 6.03002E-2 1.34771E-1 1.17195E-1 1.51766E-1 1.50306E-1 2.39976E-1 3.26963E-1 7.03725E-1 7.02306E-1 8.49941E-1 9.2634E-1 7.63601E-1 6.20015E-1 8.55006E-1 7.94282E-1 4.27459E-1 3.89498E-1 3.7936E-1 2.45189E-1 3.25342E-1 2.72749E-1 2.11914E-1 2.83816E-1 3.96069E-1
3.26152E-5 4.26246E-5 2.38632E-4 6.58404E-4 6.47517E-4 6.00078E-4 9.04693E-4 9.68227E-4 6.10447E-4 5.80124E-4 4.85616E-4 4.04476E-4 8.68429E-5 1.71822E-4 1.44066E-4 2.11771E-4 9.36765E-4 2.51598E-3 5.69245E-3 7.68924E-3 8.19991E-3 2.1073E-3 6.26988E-3 3.066E-3 5.05453E-3 2.65778E-2 4.01112E-2 2.77238E-2 7.55478E-3 2.19928E-3 8.00013E-3 1.25328E-2 1.19104E-2 1.69235E-2 8.32027E-3 8.60466E-3 1.03405E-2 5.90292E-3 1.50732E-2 2.13166E-2 2.60218E-2 2.24997E-2 3.42771E-2 1.81063E-2 5.84314E-2 9.87747E-2 1.71316E-1 1.47087E-1 1.58626E-1 3.2417E-1 6.08684E-1 6.04336E-1 8.03495E-1 8.73566E-1 8.40743E-1 8.65781E-1 5.70138E-1 5.66632E-1 5.95134E-1 3.94446E-1 2.9541E-1 2.26965E-1 1.90204E-1 2.47346E-1 2.77308E-1 3.13578E-1 2.75557E-1
2.52295E-4 2.10727E-4 1.66969E-4 4.6768E-5 5.26367E-4 1.7394E-4 6.12374E-4 5.11851E-4 3.87193E-4 3.08195E-4 4.26671E-4 2.03225E-4 1.41491E-4 6.88347E-4 1.74696E-3 1.05215E-3 1.42417E-3 1.15182E-3 3.15663E-3 4.01402E-3 3.90002E-3 2.68111E-3 2.94733E-3 5.50654E-3 1.38933E-2 1.0827E-2 1.11743E-2 2.17707E-2 1.14871E-2 3.30666E-3 8.21778E-3 5.00728E-3 4.21435E-3 1.5129E-2 1.80491E-2 1.31296E-2 1.30676E-2 1.2611E-2 2.5435E-2 2.62313E-2 5.88385E-2 1.38856E-1 1.04217E-1 3.6966E-2 8.54635E-2 1.06702E-1 2.34247E-1 2.44503E-1 1.98279E-1 2.10351E-1 5.06288E-1 5.71586E-1 5.62875E-1 9.04518E-1 8.25717E-1 6.94424E-1 3.74175E-1 3.90393E-1 5.73219E-1 5.45762E-1 3.93545E-1 2.77036E-1 2.30267E-1 2.21618E-1 2.48915E-1 3.74046E-1 4.0787E-1
2.24843E-4 2.04781E-4 1.37984E-4 4.21932E-5 3.49395E-4 2.48383E-4 2.37561E-4 1.15324E-4 9.00137E-4 1.85464E-4 3.31244E-4 3.16423E-4 8.30317E-4 1.08576E-3 1.30955E-3 1.5831E-3 1.84937E-3 2.83444E-3 2.54847E-3 3.74964E-3 4.73057E-3 2.68954E-3 3.67455E-3 2.94577E-3 6.14623E-3 4.817E-3 7.34595E-3 8.45726E-3 8.10541E-3 1.01238E-2 8.30776E-3 5.16104E-3 8.22868E-3 1.0283E-2 1.60177E-2 1.51773E-2 3.13666E-2 1.02152E-2 2.02498E-2 2.844E-2 2.97759E-2 3.36209E-2 3.07184E-2 9.82494E-2 1.3559E-1 1.21189E-1 1.9922E-1 1.1104E-1 1.81417E-1 3.1175E-1 5.38119E-1 4.989E-1 8.90078E-1 7.77584E-1 8.5814E-1 8.72311E-1 3.537E-1 3.25733E-1 2.88492E-1 3.43681E-1 3.25519E-1 3.1777E-1 3.90719E-1 4.64547E-1 6.39554E-1 5.42868E-1 3.19264E-1
2.07787E-4 2.29356E-4 4.09719E-4 4.67877E-5 2.4824E-4 1.08265E-4 1.75581E-4 1.66463E-4 5.00082E-4 5.44521E-4 6.57417E-4 2.41853E-3 2.8339E-3 1.38424E-3 1.55344E-3 1.27464E-3 2.39529E-3 2.29988E-3 3.35555E-3 5.03867E-3 5.77501E-3 7.68939E-3 3.39848E-3 2.4471E-3 4.49734E-3 6.39002E-3 6.91772E-3 8.01258E-3 6.74401E-3 1.66586E-2 2.24215E-2 1.09749E-2 9.58134E-3 1.36106E-2 1.3656E-2 1.66054E-2 3.45189E-2 5.14425E-2 6.5404E-2 8.38902E-2 2.21302E-2 3.32366E-2 3.79213E-2 8.19259E-2 1.50129E-1 2.06217E-1 1.76423E-1 1.28516E-1 1.85553E-1 2.24207E-1 3.06816E-1 3.4201E-1 4.58077E-1 8.47991E-1 9.42381E-1 7.41078E-1 3.98882E-1 1.60701E-1 2.22885E-1 3.11455E-1 2.43443E-1 2.80194E-1 2.9864E-1 3.39372E-1 3.88792E-1 3.50647E-1 3.5724E-1
2.83609E-4 1.71818E-4 1.99864E-4 1.08713E-3 2.46955E-4 7.35245E-5 1.59487E-4 3.9499E-4 2.36049E-4 1.34059E-3 1.31141E-3 1.10991E-3 2.12698E-3 1.75127E-3 9.1098E-4 8.67354E-4 1.7358E-3 2.24079E-3 4.77551E-3 3.1305E-3 2.7775E-3 5.00296E-3 1.65954E-3 2.00019E-3 4.02931E-3 8.75635E-3 3.46109E-3 6.49041E-3 3.81575E-3 2.30132E-2 2.91357E-2 1.91644E-2 9.48488E-3 1.14653E-2 2.66612E-2 2.42225E-2 3.126E-2 5.02466E-2 5.87397E-2 8.45089E-2 7.4112E-2 4.35517E-2 6.49111E-2 8.79382E-2 1.28191E-1 1.35722E-1 2.47488E-1 1.69715E-1 2.04072E-1 1.87245E-1 2.76252E-1 4.69481E-1 4.16302E-1 9.06491E-1 9.56299E-1 8.49385E-1 4.90748E-1 1.54853E-1 2.42971E-1 2.3632E-1 2.62291E-1 2.06028E-1 3.71731E-1 2.25618E-1 3.02708E-1 2.86193E-1 4.68568E-1
3.63548E-4 2.11221E-4 2.62257E-4 6.39466E-4 5.42964E-4 2.92407E-4 1.16169E-4 1.80911E-4 2.74792E-4 7.48372E-4 1.98982E-3 7.69654E-4 1.42793E-3 1.21674E-3 1.85962E-3 1.48517E-3 2.75583E-3 3.23963E-3 3.09207E-3 2.63762E-3 2.29226E-3 2.93685E-3 1.99547E-3 3.54912E-3 1.54897E-3 5.28166E-3 3.08114E-3 3.91526E-3 3.88848E-3 1.78871E-2 2.63215E-2 1.96122E-2 2.06692E-2 2.03234E-2 2.25115E-2 2.65014E-2 2.48336E-2 6.80163E-2 2.89834E-2 3.1816E-2 4.85105E-2 3.52067E-2 5.16737E-2 9.25149E-2 1.042E-1 1.28934E-1 1.7605E-1 2.02376E-1 2.32913E-1 1.85576E-1 2.98139E-1 3.73406E-1 4.48841E-1 7.46529E-1 9.1903E-1 7.11421E-1 4.62483E-1 2.43165E-1 2.45077E-1 2.95472E-1 2.12633E-1 2.39975E-1 5.37929E-1 3.32542E-1 2.94637E-1 3.07458E-1 2.76105E-1
3.48075E-4 3.28968E-4 3.91286E-4 1.62301E-4 3.67318E-4 2.91761E-4 9.55227E-5 3.47776E-4 1.26851E-3 9.27748E-4 1.6151E-3 8.76467E-4 1.64273E-3 1.79738E-3 2.179E-3 6.99598E-3 4.70498E-3 2.88459E-3 1.44443E-3 1.68935E-3 1.67358E-3 1.7256E-3 2.68684E-3 5.34817E-3 2.31768E-3 4.36984E-3 3.07183E-3 2.90352E-3 6.13048E-3 1.54251E-2 2.27307E-2 2.24708E-2 3.13919E-2 3.33963E-2 3.70148E-2 5.07114E-2 5.78251E-2 4.83081E-2 1.64247E-2 2.00467E-2 1.87896E-2 1.57031E-2 3.543E-2 1.10624E-1 1.49678E-1 1.49267E-1 1.18644E-1 2.03584E-1 3.27328E-1 3.63198E-1 2.41834E-1 3.68973E-1 4.27563E-1 7.85019E-1 7.73806E-1 5.93729E-1 2.85969E-1 3.29204E-1 3.19796E-1 2.56176E-1 2.94883E-1 2.54022E-1 3.72778E-1 5.77511E-1 4.81975E-1 4.8396E-1 2.40543E-1
6.19671E-4 2.18572E-4 5.80192E-4 1.10852E-4 4.95328E-5 1.10224E-4 4.00769E-4 1.74395E-4 4.09416E-4 5.71529E-4 9.26795E-4 1.12804E-3 9.79255E-4 1.32854E-3 2.35806E-3 2.48982E-3 2.38012E-3 1.83056E-3 7.01777E-4 2.37439E-3 2.58751E-3 2.78711E-3 4.62082E-3 3.87761E-3 5.5362E-3 5.49817E-3 5.46411E-3 4.56226E-3 5.11994E-3 2.44253E-2 2.67037E-2 1.85759E-2 5.19866E-2 5.26257E-2 4.51613E-2 4.33859E-2 4.71182E-2 7.293E-2 8.73257E-2 5.12099E-2 5.04813E-2 3.34068E-2 7.05254E-2 8.02339E-2 1.30439E-1 1.3808E-1 1.40797E-1 1.62532E-1 2.05599E-1 5.92366E-1 4.68246E-1 4.22875E-1 5.22195E-1 9.1769E-1 8.90416E-1 6.13601E-1 2.10307E-1 1.5694E-1 2.15365E-1 3.18815E-1 3.08808E-1 4.19296E-1 4.74379E-1 3.68967E-1 5.75416E-1 5.69571E-1 4.7187E-1
2.94119E-4 5.67248E-4 5.32419E-4 1.33748E-4 2.40424E-4 1.54501E-4 3.87969E-4 5.11151E-4 6.67022E-4 4.07124E-4 7.58877E-4 7.19998E-4 9.85876E-4 8.6949E-4 8.02146E-4 2.771E-3 1.49746E-3 3.26475E-3 2.08013E-3 1.57573E-3 1.65039E-3 3.20089E-3 5.1933E-3 3.5543E-3 3.81347E-3 5.77365E-3 6.61004E-3 6.54033E-3 7.63057E-3 4.53356E-3 1.19202E-2 1.67142E-2 3.27413E-2 3.46716E-2 7.18095E-2 6.86943E-2 8.1408E-2 3.17018E-2 2.19913E-2 6.76886E-2 5.49817E-2 3.70588E-2 7.48442E-2 1.15294E-1 1.6024E-1 3.14564E-1 3.01274E-1 2.63566E-1 2.24712E-1 4.45948E-1 5.20866E-1 8.37533E-1 8.81458E-1 5.68463E-1 5.14918E-1 4.12908E-1 2.67179E-1 4.15559E-1 4.26809E-1 3.88259E-1 4.43532E-1 9.00418E-1 5.65943E-1 5.94619E-1 5.94644E-1 6.29226E-1 7.39821E-1
3.00414E-4 2.70056E-4 3.21872E-4 1.99215E-4 2.15587E-4 4.51767E-4 6.34421E-4 2.30804E-4 4.55301E-4 4.54391E-4 6.52761E-4 5.89264E-4 1.59682E-3 1.89608E-3 1.05659E-3 1.42016E-3 1.81338E-3 1.40759E-3 3.03099E-3 3.52538E-3 4.55949E-3 4.49909E-3 4.29153E-3 1.62763E-3 4.6468E-3 1.29976E-3 6.68723E-3 9.21446E-3 1.37759E-2 1.21787E-2 1.43137E-2 1.72417E-2 2.75506E-2 2.93476E-2 5.60875E-2 5.35367E-2 1.24693E-1 6.56261E-2 1.03286E-1 1.10125E-1 1.53403E-1 1.89549E-1 1.19159E-1 1.16118E-1 1.50253E-1 3.09325E-1 3.13486E-1 2.99577E-1 6.06233E-1 6.6222E-1 5.50317E-1 3.605E-1 4.45564E-1 6.0981E-1 4.24131E-1 6.5477E-1 6.69839E-1 5.07343E-1 5.62213E-1 5.92769E-1 5.31062E-1 6.07306E-1 3.93268E-1 3.57146E-1 3.40788E-1 4.00551E-1 4.08454E-1
4.56345E-4 1.89427E-4 1.25974E-4 1.96566E-4 7.05505E-4 1.90122E-4 3.72262E-4 2.21091E-4 3.79684E-4 4.60716E-4 5.06838E-4 1.19452E-3 2.62003E-3 2.86335E-3 1.07406E-3 1.90594E-3 1.31154E-3 1.06027E-3 2.21705E-3 2.83189E-3 4.8064E-3 2.41026E-3 3.6178E-3 1.64838E-3 4.36561E-3 4.00226E-3 4.65101E-3 4.19433E-3 8.28048E-3 8.62831E-3 1.90197E-2 1.85917E-2 2.05616E-2 1.82058E-2 6.79956E-2 9.23141E-2 1.51548E-1 1.38568E-1 1.43797E-1 1.38374E-1 1.97365E-1 2.94805E-1 1.86588E-1 1.59135E-1 1.87442E-1 1.99074E-1 2.64684E-1 3.36319E-1 3.80832E-1 6.59399E-1 6.28361E-1 5.44171E-1 3.37893E-1 5.31269E-1 5.52426E-1 7.71613E-1 5.97253E-1 5.92718E-1 5.53687E-1 4.20056E-1 4.0698E-1 5.90102E-1 7.17067E-1 4.62879E-1 4.5666E-1 5.06405E-1 5.37044E-1
5.65302E-4 1.50827E-4 3.18943E-4 1.86531E-4 1.32943E-4 5.9742E-4 3.58483E-4 2.85377E-4 3.43029E-4 4.85953E-4 9.20928E-4 1.50715E-3 7.20038E-3 3.83092E-3 1.42533E-3 2.92088E-3 2.33388E-3 1.78066E-3 1.73719E-3 3.65966E-3 3.11443E-3 3.28058E-3 5.838E-3 3.8022E-3 2.07861E-3 7.80149E-3 7.67201E-3 7.1288E-3 8.80708E-3 9.22817E-3 1.00145E-2 1.76118E-2 1.39787E-2 3.17642E-2 4.41095E-2 7.7979E-2 9.30859E-2 1.17674E-1 1.07583E-1 1.09247E-1 2.26575E-1 2.24817E-1 1.97326E-1 1.18312E-1 1.93599E-1 2.36458E-1 2.58846E-1 2.81492E-1 3.63454E-1 5.84615E-1 5.43422E-1 5.50345E-1 4.36222E-1 5.4444E-1 3.87103E-1 3.97671E-1 5.79357E-1 5.71848E-1 5.74968E-1 4.78447E-1 4.16481E-1 6.64538E-1 5.45964E-1 5.42435E-1 4.19032E-1 4.91504E-1 5.31432E-1
2.55988E-4 5.02007E-4 4.52595E-4 7.3278E-4 5.18353E-4 4.62295E-4 6.75799E-4 4.60572E-4 9.04031E-4 8.25807E-4 1.01152E-3 2.3414E-3 3.48785E-3 1.723E-3 1.49833E-3 2.15811E-3 3.06784E-3 5.14848E-3 2.72035E-3 3.94699E-3 2.74918E-3 6.28161E-3 7.8627E-3 4.27932E-3 2.05734E-3 5.52778E-3 9.80631E-3 1.36218E-2 1.25802E-2 8.82144E-3 1.18191E-2 1.33764E-2 2.97127E-2 2.51144E-2 2.47769E-2 5.84894E-2 6.70441E-2 8.10755E-2 1.16274E-1 6.52453E-2 1.31569E-1 1.61348E-1 1.45701E-1 1.77637E-1 2.9117E-1 3.0634E-1 3.11833E-1 3.09761E-1 2.76033E-1 3.85831E-1 4.1854E-1 4.92473E-1 4.65148E-1 4.41666E-1 3.89531E-1 3.0965E-1 3.7745E-1 5.23698E-1 5.76398E-1 3.89735E-1 6.297E-1 6.59521E-1 5.49024E-1 4.23949E-1 5.3812E-1 3.48694E-1 4.27908E-1
4.14876E-4 2.35184E-4 2.48113E-4 2.08441E-4 2.93739E-4 5.58585E-4 3.14058E-4 2.39978E-4 1.06989E-3 1.35536E-3 1.10988E-3 1.2896E-3 2.32775E-3 2.03642E-3 1.10675E-3 1.15775E-3 8.67462E-3 1.2331E-2 1.01885E-2 1.28589E-2 4.41857E-3 1.94693E-3 3.31129E-3 3.01157E-3 2.72151E-3 4.23479E-3 4.6476E-3 8.25403E-3 9.84243E-3 1.4058E-2 1.47322E-2 1.34387E-2 1.87501E-2 1.71756E-2 1.77894E-2 3.88707E-2 7.27681E-2 1.17486E-1 6.54397E-2 4.03691E-2 1.07097E-1 1.09736E-1 1.09795E-1 1.92678E-1 3.13159E-1 2.52806E-1 3.68848E-1 4.60975E-1 6.52188E-1 5.96087E-1 6.70286E-1 4.08074E-1 4.14848E-1 4.07435E-1 3.59345E-1 3.21138E-1 3.49681E-1 4.11955E-1 5.60398E-1 5.85662E-1 6.09651E-1 7.70728E-1 6.55196E-1 5.49986E-1 6.70022E-1 4.80236E-1 5.885E-1
2.29889E-4 3.30885E-4 1.52371E-4 2.02958E-4 2.29982E-4 2.66436E-4 3.06428E-4 1.22969E-3 1.23265E-3 1.35046E-3 1.0126E-3 2.71574E-3 1.91942E-3 5.12781E-3 9.57536E-3 8.32816E-3 7.8469E-3 8.74463E-3 1.36302E-2 3.72621E-3 3.48898E-3 1.4336E-3 1.95891E-3 4.55847E-3 3.56704E-3 3.47158E-3 3.71093E-3 2.94013E-3 3.10785E-3 3.08099E-3 7.89414E-3 1.3875E-2 1.87325E-2 3.70947E-2 4.61001E-2 4.35937E-2 4.80168E-2 5.40148E-2 1.01401E-1 1.15129E-1 1.55286E-1 1.36767E-1 9.79052E-2 2.29457E-1 2.91667E-1 2.76707E-1 4.39289E-1 4.59267E-1 5.06061E-1 3.63253E-1 6.21789E-1 4.31813E-1 1.99822E-1 3.76158E-1 2.51526E-1 4.26792E-1 5.48785E-1 2.87986E-1 5.04186E-1 5.15962E-1 6.29766E-1 7.32548E-1 6.70173E-1 2.88672E-1 4.47978E-1 3.40212E-1 3.06781E-1
1.84051E-4 2.39684E-4 2.23376E-4 2.33877E-4 2.25069E-4 2.04848E-4 3.54668E-4 8.73668E-4 3.32943E-4 5.84024E-4 7.93693E-4 1.31832E-3 3.27411E-3 3.75282E-3 4.31661E-3 2.612E-3 7.7608E-3 6.19458E-3 7.18792E-3 1.1084E-2 4.48279E-3 2.08361E-3 5.70048E-3 5.40055E-3 6.15701E-3 8.30015E-3 5.90073E-3 2.61496E-3 5.20839E-3 6.0598E-3 1.0561E-2 8.39958E-3 2.69759E-2 2.52032E-2 4.84489E-2 5.8496E-2 6.8555E-2 3.04286E-2 7.89499E-2 7.61252E-2 1.16528E-1 1.93178E-1 1.43428E-1 1.54366E-1 1.86692E-1 2.08084E-1 2.94075E-1 3.15454E-1 6.66064E-1 6.48381E-1 2.98329E-1 1.28904E-1 1.4609E-1 4.14223E-1 5.00724E-1 6.71758E-1 9.55513E-1 7.63201E-1 8.28372E-1 7.26008E-1 8.34963E-1 9.1497E-1 9.50015E-1 9.88659E-1 8.50342E-1 7.42934E-1 8.04558E-1
2.25715E-4 3.83547E-4 2.81084E-4 2.27606E-4 3.25581E-4 5.847E-4 1.08035E-3 1.67696E-3 1.32357E-3 7.18313E-4 1.56051E-3 1.52739E-3 2.35116E-3 5.49304E-3 4.8976E-3 2.27442E-3 4.53968E-3 6.9946E-3 4.56026E-3 5.13544E-3 1.71319E-3 5.80776E-3 1.60736E-3 5.37617E-3 8.25162E-3 1.42895E-2 7.9389E-3 6.60585E-3 6.15995E-3 5.89513E-3 1.15319E-2 6.56319E-3 2.39029E-2 3.71653E-2 6.02013E-2 9.06007E-2 1.14099E-1 4.92669E-2 1.35305E-1 1.21998E-1 1.74672E-1 2.29926E-1 2.71779E-1 2.17781E-1 4.04196E-1 3.02992E-1 4.77745E-1 4.49327E-1 5.36311E-1 7.06038E-1 5.06798E-1 1.39383E-1 2.68775E-1 4.22977E-1 4.8662E-1 5.02677E-1 4.81583E-1 7.60762E-1 8.24566E-1 8.14354E-1 8.27212E-1 9.4036E-1 9.87615E-1 9.33593E-1 7.2714E-1 8.91283E-1 8.89742E-1
3.91287E-4 4.19285E-4 4.17128E-4 1.79855E-4 3.90688E-4 4.62907E-4 2.06291E-3 1.66056E-3 1.4846E-3 8.12089E-4 8.98003E-4 1.5269E-3 9.39848E-4 3.46369E-3 5.6657E-3 6.26048E-3 5.69294E-3 7.43648E-3 6.36399E-3 3.19039E-3 2.29523E-3 8.65271E-3 5.75313E-3 6.56762E-3 5.77847E-3 1.09536E-2 1.3951E-2 3.47977E-3 1.05182E-2 8.52886E-3 5.01876E-3 2.45774E-2 4.34169E-2 3.63778E-2 6.22165E-2 7.38774E-2 1.36372E-1 1.1668E-1 8.24371E-2 8.18317E-2 1.80995E-1 9.20307E-2 1.7871E-1 3.38682E-1 4.41863E-1 6.00344E-1 8.24179E-1 8.10338E-1 7.07742E-1 7.37973E-1 4.61722E-1 1.73513E-1 2.44681E-1 4.48941E-1 5.95433E-1 7.17684E-1 4.40387E-1 5.28777E-1 6.05447E-1 8.21746E-1 6.6651E-1 8.64089E-1 9.92704E-1 8.33179E-1 8.67751E-1 8.53617E-1 7.5048E-1
2.93416E-4 2.95477E-4 4.60985E-4 5.02852E-4 5.47018E-4 1.38271E-3 1.44741E-3 1.62947E-3 1.53073E-3 8.91969E-4 6.72846E-4 9.73022E-4 1.2834E-3 2.66366E-3 5.13719E-3 1.72751E-2 1.29161E-2 6.95822E-3 8.45781E-3 9.58335E-3 5.92677E-3 4.86901E-3 1.01071E-2 9.08462E-3 4.98754E-3 8.6312E-3 1.03592E-2 6.66919E-3 1.08277E-2 1.39707E-2 1.05991E-2 1.86665E-2 2.53674E-2 2.94358E-2 5.46082E-2 5.89714E-2 1.12945E-1 1.70821E-1 1.47168E-1 8.38193E-2 1.71516E-1 1.89574E-1 2.42948E-1 3.37911E-1 3.75656E-1 6.47711E-1 8.07793E-1 7.95258E-1 9.10518E-1 9.30865E-1 4.36636E-1 1.62453E-1 4.35627E-1 6.15601E-1 5.41535E-1 4.8292E-1 4.81488E-1 5.4828E-1 5.88263E-1 8.03106E-1 8.4214E-1 9.50282E-1 9.78053E-1 8.10784E-1 8.05632E-1 8.05049E-1 9.136E-1
3.13897E-4 4.67496E-4 6.47821E-4 1.762E-3 1.49087E-3 2.31681E-3 1.0471E-3 9.69257E-4 4.28068E-4 3.70747E-4 7.31971E-4 1.26682E-3 9.75044E-4 2.95131E-3 4.25952E-3 1.91719E-2 2.92462E-2 3.36836E-2 7.77138E-3 5.26563E-3 5.87129E-3 4.75459E-3 7.71826E-3 1.18902E-2 1.14706E-2 1.44286E-2 1.04512E-2 6.25249E-3 6.95847E-3 7.25626E-3 1.36698E-2 1.16127E-2 2.32678E-2 3.52379E-2 6.62222E-2 6.63098E-2 1.50087E-1 1.55812E-1 2.09716E-1 1.80808E-1 2.33178E-1 3.8853E-1 3.75028E-1 4.5515E-1 8.54832E-1 8.64537E-1 8.87674E-1 8.00559E-1 7.99194E-1 9.28848E-1 4.91378E-1 2.74737E-1 3.39051E-1 4.73911E-1 4.07449E-1 5.39316E-1 6.37531E-1 6.45311E-1 7.15984E-1 9.81453E-1 9.91087E-1 9.87057E-1 9.60266E-1 9.0183E-1 8.23198E-1 7.94661E-1 7.9458E-1
5.16628E-4 9.84759E-4 1.62704E-3 1.69165E-3 1.77125E-3 3.09708E-3 2.08702E-3 9.34777E-4 4.54708E-4 8.39791E-4 1.06534E-3 1.34211E-3 1.01688E-3 2.45863E-3 9.49562E-3 2.18909E-2 3.90115E-2 1.32796E-2 1.48846E-2 8.55839E-3 1.00995E-2 3.77192E-3 3.12996E-3 4.04364E-3 1.88951E-2 3.23455E-3 7.34699E-3 1.33433E-2 1.12982E-2 1.20954E-2 3.97444E-2 2.3669E-2 2.85787E-2 4.75301E-2 7.84316E-2 6.85725E-2 4.44051E-2 1.31714E-1 3.05673E-1 2.64141E-1 4.12061E-1 2.45075E-1 2.76103E-1 7.69967E-1 9.24398E-1 8.9383E-1 8.46779E-1 8.31053E-1 9.59784E-1 9.41295E-1 9.13858E-1 6.17E-1 3.4652E-1 4.66663E-1 7.22089E-1 6.85337E-1 8.93136E-1 9.30711E-1 6.83805E-1 6.00432E-1 8.1699E-1 9.04971E-1 9.49951E-1 9.81171E-1 8.73824E-1 6.22833E-1 6.99005E-1
5.28197E-4 1.43981E-3 2.78396E-3 1.87446E-3 1.51527E-3 8.6692E-4 9.9203E-4 7.98925E-4 9.06267E-4 1.21255E-3 1.40955E-3 2.66065E-3 5.06049E-3 6.43083E-3 8.18167E-3 5.8086E-3 1.39574E-2 1.06088E-2 8.87341E-3 5.3505E-3 7.46358E-3 9.4572E-3 9.60086E-3 6.96995E-3 6.95328E-3 1.28151E-2 1.94313E-2 1.47884E-2 1.52963E-2 2.04204E-2 3.46181E-2 2.53985E-2 6.69127E-2 4.59503E-2 4.45593E-2 5.95888E-2 8.24031E-2 1.47552E-1 2.34453E-1 3.1219E-1 4.52314E-1 6.1181E-1 3.47565E-1 5.12105E-1 8.46899E-1 9.32778E-1 8.45713E-1 9.64583E-1 9.29598E-1 9.51269E-1 7.52465E-1 6.75707E-1 3.6707E-1 7.5768E-1 8.31303E-1 8.17351E-1 8.76064E-1 7.91379E-1 7.76928E-1 9.64728E-1 9.83015E-1 9.95565E-1 9.93629E-1 9.28633E-1 9.78796E-1 7.98407E-1 7.44791E-1
1.13228E-3 1.8933E-3 2.34566E-3 9.81632E-4 8.00767E-4 6.01562E-4 4.27798E-4 7.67176E-4 1.6478E-3 3.82099E-3 4.49215E-3 5.25215E-3 1.66923E-2 5.36424E-3 5.84012E-3 1.9327E-2 1.91252E-2 2.11581E-2 1.7496E-2 7.93842E-3 7.86898E-3 1.106E-2 8.06234E-3 9.04957E-3 5.023E-3 5.44945E-3 2.12842E-2 1.69218E-2 1.53001E-2 2.53606E-2 3.15469E-2 6.07699E-2 7.49775E-2 6.20214E-2 1.22844E-1 1.18519E-1 1.35229E-1 2.09092E-1 2.27167E-1 3.76568E-1 7.0693E-1 8.1657E-1 8.07411E-1 9.23349E-1 8.99718E-1 8.15469E-1 8.74512E-1 9.37086E-1 9.36247E-1 9.59399E-1 6.52603E-1 5.81791E-1 6.60186E-1 8.09625E-1 7.05729E-1 7.49999E-1 7.23825E-1 9.3215E-1 8.34019E-1 9.447E-1 9.74136E-1 9.79876E-1 9.52554E-1 8.9201E-1 9.00032E-1 8.96679E-1 6.54032E-1
1.00345E-3 2.04901E-3 2.29682E-3 8.79133E-4 1.03961E-3 1.01829E-3 7.29381E-4 5.16132E-3 9.92696E-3 1.30166E-2 7.89288E-3 7.33307E-3 1.58497E-2 7.83892E-3 6.00045E-3 1.43512E-2 1.55704E-2 1.40438E-2 2.16722E-2 1.34635E-2 8.0258E-3 6.25112E-3 5.586E-3 7.12265E-3 8.93602E-3 7.23293E-3 1.90578E-2 1.68639E-2 1.08038E-2 1.39335E-2 2.66037E-2 4.87186E-2 3.56336E-2 8.09483E-2 1.3315E-1 1.47635E-1 1.17276E-1 1.34041E-1 2.77958E-1 6.68802E-1 7.82282E-1 8.48037E-1 9.31664E-1 9.37468E-1 8.78909E-1 8.45845E-1 9.34267E-1 6.77388E-1 8.6938E-1 8.82187E-1 7.40979E-1 6.21293E-1 5.70709E-1 9.07189E-1 6.43669E-1 6.54597E-1 7.68906E-1 7.67787E-1 6.13531E-1 8.29731E-1 8.32023E-1 8.80683E-1 9.31479E-1 5.64105E-1 6.38037E-1 7.49025E-1 7.46948E-1
1.18304E-3 1.2307E-3 1.4036E-3 1.71015E-3 2.47825E-3 1.75571E-3 3.44917E-3 1.57974E-2 9.52385E-3 1.5805E-2 1.18215E-2 1.45709E-2 2.16469E-2 1.57465E-2 1.06215E-2 6.53059E-3 1.21597E-2 6.18282E-3 6.47272E-3 9.89439E-3 9.77764E-3 5.50259E-3 1.08873E-2 9.86316E-3 1.08582E-2 9.97548E-3 3.25473E-2 2.32491E-2 2.27171E-2 3.48476E-2 4.386E-2 3.86771E-2 6.14194E-2 7.74346E-2 1.6698E-1 1.73958E-1 1.8979E-1 1.96396E-1 2.98904E-1 7.42405E-1 6.4282E-1 7.81062E-1 8.59251E-1 8.67869E-1 9.17518E-1 9.25908E-1 9.37083E-1 9.64858E-1 9.82138E-1 9.73759E-1 7.47302E-1 5.06947E-1 5.41155E-1 8.63125E-1 7.33588E-1 7.41493E-1 7.51268E-1 7.60703E-1 7.46727E-1 7.98231E-1 8.869E-1 9.69005E-1 8.83151E-1 9.13464E-1 9.26467E-1 9.16723E-1 8.32715E-1
