ENM/Final_Models/M_2_F_q_Set_1_EC/Gustavia_santanderiensis_4_Choco.asc
ncols         367
nrows         963
xllcorner     -78.6
yllcorner     0.65
cellsize      0.00833333333333323
NODATA_value  -9999
[rows 780 to 809 of 963, columns 134 to 200 of 367]
1.60892E-3 5.01437E-3 3.60945E-2 1.70024E-2 9.28646E-3 8.56461E-3 4.15143E-3 2.0186E-3 1.82506E-3 1.2441E-3 5.24477E-4 4.81879E-4 1.9137E-3 6.94657E-4 1.65666E-4 3.0702E-4 2.19214E-4 1.22469E-4 4.81048E-5 1.31656E-4 1.51466E-4 8.4542E-5 9.70055E-5 9.55279E-5 1.17252E-4 1.05012E-4 1.56664E-4 2.91599E-4 1.828E-4 1.63758E-4 2.88456E-4 1.85547E-4 1.88004E-4 2.88275E-4 3.03651E-4 2.26356E-4 1.87459E-4 6.46551E-5 1.04032E-4 1.11383E-4 1.91304E-4 5.31507E-4 1.20707E-3 3.84496E-3 1.29718E-2 1.68172E-2 -9999 -9999 7.19486E-2 -9999 -9999 -9999 -9999 -9999 -9999 -9999 -9999 -9999 -9999 -9999 -9999 -9999 -9999 -9999 -9999 2.86499E-2 1.50702E-2
4.49064E-3 2.78792E-2 4.80587E-2 2.50752E-2 4.73579E-3 3.41904E-3 7.39352E-3 1.2367E-2 7.62225E-3 3.68116E-3 1.01395E-3 1.46776E-3 2.54479E-3 3.78254E-4 2.97505E-4 9.79088E-4 3.46286E-4 1.38068E-4 1.40135E-4 1.09584E-4 1.82843E-4 1.17312E-4 1.65055E-4 1.16744E-4 1.22488E-4 1.10283E-4 1.83519E-4 3.08423E-4 1.54157E-4 1.40571E-4 1.56239E-4 2.1031E-4 1.9901E-4 2.09306E-4 1.8676E-4 2.59594E-4 1.58601E-4 1.18981E-4 1.12342E-4 1.01676E-4 1.77992E-4 8.9955E-4 4.10614E-3 9.4571E-3 1.9262E-2 2.23977E-2 -9999 -9999 -9999 -9999 -9999 -9999 -9999 -9999 -9999 -9999 -9999 -9999 -9999 -9999 -9999 -9999 -9999 -9999 3.59428E-2 3.32889E-2 2.95424E-2
1.62743E-3 1.39546E-2 6.14521E-2 4.91253E-2 1.89045E-2 5.15652E-3 1.8378E-3 2.54228E-3 4.12155E-3 5.00654E-3 3.27851E-3 5.29814E-3 3.38406E-3 1.45513E-3 1.343E-3 6.65287E-4 1.83814E-4 9.67606E-5 1.01011E-4 1.25753E-4 1.99718E-4 3.82718E-4 6.28994E-4 3.52427E-4 2.32226E-4 4.6219E-4 6.01506E-4 3.58935E-4 1.79719E-4 1.51588E-4 2.11771E-4 2.14348E-4 1.5531E-4 1.61212E-4 1.38867E-4 1.08652E-4 1.37877E-4 3.76015E-4 2.50494E-4 2.15903E-4 4.8805E-4 2.65251E-3 6.39289E-3 8.73751E-3 2.79685E-2 4.08856E-2 -9999 -9999 -9999 -9999 -9999 -9999 -9999 -9999 -9999 -9999 -9999 -9999 -9999 -9999 -9999 -9999 -9999 4.30778E-2 2.90465E-2 2.45463E-2 3.66672E-2
1.92001E-2 3.64031E-2 4.40345E-2 6.38218E-2 1.87292E-2 2.32464E-2 9.39667E-3 1.6223E-3 1.35291E-3 2.81712E-3 1.05626E-3 1.05191E-3 3.15842E-3 1.82999E-3 7.89892E-4 4.75471E-4 9.09292E-5 1.46391E-4 8.71228E-5 1.28244E-4 2.1254E-4 3.4032E-4 2.79822E-4 1.93811E-4 2.22758E-4 2.16087E-4 1.64949E-4 2.76768E-4 2.17095E-4 1.07964E-4 1.46823E-4 1.29004E-4 1.1544E-4 1.10687E-4 9.93483E-5 1.41036E-4 2.25016E-4 4.37812E-4 4.26202E-4 5.115E-4 1.127E-3 5.78986E-3 1.489E-2 2.84729E-2 -9999 -9999 1.59092E-2 -9999 -9999 -9999 -9999 -9999 -9999 -9999 -9999 -9999 -9999 -9999 -9999 -9999 -9999 -9999 5.42435E-2 4.52226E-2 4.01134E-2 2.29159E-2 3.89275E-2
2.27053E-2 2.17019E-2 8.1586E-2 3.42252E-2 8.03441E-3 1.24794E-2 2.44048E-2 7.28585E-3 3.798E-4 5.89898E-4 9.55087E-4 3.31437E-4 2.36768E-4 2.31431E-4 2.32345E-4 4.38498E-4 2.35948E-4 2.14445E-4 1.71565E-4 1.56962E-4 2.64329E-4 2.19182E-4 1.29015E-4 9.77624E-5 9.72814E-5 1.35615E-4 1.35103E-4 1.99596E-4 1.28799E-4 1.18036E-4 1.79874E-4 1.46629E-4 9.29439E-5 1.01002E-4 1.65701E-4 2.78468E-4 3.56312E-4 1.62746E-3 6.46323E-4 2.49206E-3 5.57596E-3 1.36272E-2 2.49075E-2 -9999 -9999 -9999 3.08891E-2 -9999 -9999 -9999 -9999 -9999 -9999 -9999 -9999 -9999 -9999 -9999 -9999 -9999 -9999 4.25738E-2 3.47738E-2 2.63292E-2 2.93074E-2 2.389E-2 5.35159E-2
8.52864E-2 1.09072E-1 9.6545E-2 6.01472E-2 1.98558E-2 9.51116E-3 2.06291E-2 1.06602E-2 1.82226E-3 2.70647E-3 2.20618E-3 6.00521E-4 6.29742E-4 2.17175E-4 1.51962E-4 1.59912E-4 1.59992E-4 1.63505E-4 4.22893E-5 1.45813E-4 2.3718E-4 1.51749E-4 8.86093E-5 1.40113E-4 1.17953E-4 1.2113E-4 9.71788E-5 1.47811E-4 1.20983E-4 1.67971E-4 1.60477E-4 1.31652E-4 1.20399E-4 1.70059E-4 3.01624E-4 5.10522E-4 1.1678E-3 3.34088E-3 3.45695E-4 1.47124E-3 6.21251E-3 2.10852E-2 2.04433E-2 -9999 -9999 -9999 5.24545E-2 -9999 -9999 -9999 -9999 -9999 -9999 -9999 -9999 -9999 -9999 -9999 -9999 -9999 2.2816E-2 2.46613E-2 3.27975E-2 2.23585E-2 2.21852E-2 4.01928E-2 6.31707E-2
1.36157E-1 6.15412E-2 2.70427E-2 5.3268E-2 8.56276E-2 3.75782E-2 4.02305E-2 4.04922E-2 4.63607E-2 2.18816E-2 1.87796E-2 8.90542E-3 2.68628E-3 7.78089E-4 2.0027E-4 1.77053E-4 1.81385E-4 1.45557E-4 3.84582E-5 5.75855E-5 9.89911E-5 2.11427E-4 1.72284E-4 1.81051E-4 1.92328E-4 1.83074E-4 9.72001E-5 1.06954E-4 1.15898E-4 1.80402E-4 2.18804E-4 1.18478E-4 1.53459E-4 1.34938E-4 3.98822E-4 7.87467E-4 1.49608E-3 3.06999E-3 3.88937E-4 3.65027E-4 3.16167E-3 7.60186E-3 -9999 -9999 -9999 -9999 -9999 -9999 -9999 -9999 -9999 -9999 -9999 -9999 -9999 -9999 -9999 -9999 -9999 -9999 -9999 3.02948E-2 2.96487E-2 2.47972E-2 3.25119E-2 6.12845E-2 6.03841E-2
1.02093E-1 4.9354E-2 5.25887E-2 2.12716E-2 4.30753E-2 5.509E-2 2.68608E-2 1.06593E-2 3.8659E-2 2.18854E-2 8.80364E-3 7.89152E-3 7.79178E-3 3.49754E-3 1.56707E-3 4.37638E-4 2.35607E-4 2.86091E-5 1.7374E-4 2.21228E-4 1.46299E-4 2.38558E-4 1.76373E-4 7.9368E-5 1.72138E-4 4.21844E-4 2.76887E-4 1.28009E-4 1.42075E-4 2.38335E-4 4.27621E-4 1.09759E-4 1.16191E-4 1.61823E-4 3.81261E-4 7.31937E-4 1.90897E-3 2.77559E-3 2.46932E-3 3.56601E-4 8.32667E-4 4.62623E-3 -9999 -9999 -9999 -9999 -9999 -9999 -9999 -9999 -9999 -9999 -9999 -9999 -9999 -9999 -9999 -9999 -9999 -9999 -9999 4.05902E-2 3.34789E-2 6.01282E-2 5.72746E-2 8.56427E-2 7.02052E-2
1.26685E-1 4.91549E-2 2.00565E-2 2.07741E-2 1.19372E-2 1.74384E-2 3.9726E-2 9.12833E-3 6.57633E-3 1.31934E-2 5.76071E-3 1.00121E-3 8.27308E-4 5.87047E-4 1.02871E-3 5.13887E-4 1.69811E-4 8.01096E-5 1.96032E-4 2.06802E-4 1.33092E-4 9.82656E-5 9.96747E-5 7.2535E-5 1.28182E-4 2.42207E-4 1.69957E-4 1.75538E-4 2.075E-4 2.7001E-4 7.37873E-4 2.17082E-4 5.53736E-5 8.10421E-5 3.2397E-4 8.40132E-4 2.7461E-3 6.05853E-3 2.5708E-3 1.88018E-3 4.34296E-4 4.02505E-3 1.29198E-2 -9999 -9999 -9999 -9999 -9999 -9999 -9999 -9999 -9999 -9999 -9999 -9999 -9999 -9999 -9999 -9999 4.48741E-2 6.70433E-2 4.87985E-2 4.31026E-2 8.65959E-2 9.8662E-2 6.74271E-2 3.80554E-2
3.67257E-2 1.08698E-2 4.08847E-3 6.96906E-3 4.42533E-3 4.52144E-3 1.72707E-2 9.95453E-3 2.08098E-3 1.66173E-3 5.9667E-3 2.62917E-3 4.45247E-4 3.35021E-4 2.95535E-4 4.46111E-4 1.26149E-4 4.85585E-5 1.9616E-4 1.17926E-4 7.97763E-5 8.71213E-5 9.82777E-5 1.20017E-4 1.24462E-4 1.12891E-4 7.0321E-5 6.2423E-5 1.06342E-4 1.85909E-4 7.09417E-4 2.39593E-4 1.11032E-4 1.41426E-4 2.34741E-4 1.73928E-3 7.76159E-3 1.17644E-2 7.88443E-3 2.90752E-3 1.55315E-3 5.81972E-3 1.73755E-2 3.87322E-2 -9999 -9999 -9999 -9999 -9999 -9999 -9999 -9999 -9999 -9999 -9999 -9999 -9999 -9999 3.66875E-2 4.41518E-2 8.20851E-2 4.82671E-2 6.80741E-2 7.09597E-2 4.28253E-2 2.69363E-2 3.01251E-2
4.93432E-2 4.51408E-2 1.59669E-2 4.11717E-3 1.2785E-3 1.81832E-3 3.49083E-3 4.24998E-3 1.70277E-3 4.26883E-4 4.30101E-4 1.67931E-3 6.34332E-4 1.53669E-4 1.39886E-4 1.63331E-4 1.37364E-4 9.47479E-5 1.04787E-4 7.07082E-5 3.46059E-5 1.28149E-4 1.756E-4 2.12506E-4 9.26891E-5 2.78961E-4 6.79942E-4 2.87439E-4 5.35216E-4 1.1826E-3 4.14455E-4 2.25163E-4 1.30579E-4 1.18068E-4 7.14214E-4 1.4302E-3 7.82971E-3 2.25954E-2 1.23406E-2 1.00455E-2 8.41667E-3 3.96074E-3 1.73937E-2 -9999 -9999 -9999 -9999 -9999 -9999 -9999 -9999 -9999 -9999 -9999 -9999 -9999 -9999 -9999 3.61697E-2 4.09828E-2 8.48144E-2 8.98153E-2 6.95088E-2 3.61084E-2 1.47779E-2 9.57842E-3 1.14064E-2
3.03761E-2 2.98672E-2 1.39975E-2 6.6444E-3 2.98455E-3 8.94628E-4 1.13922E-3 1.68023E-3 6.18079E-4 2.66225E-4 1.84775E-4 2.3135E-4 2.51717E-4 1.39088E-4 5.79909E-5 6.46871E-5 9.19396E-5 3.79324E-5 3.82078E-5 9.22045E-5 1.35483E-4 1.54457E-4 1.46246E-4 1.74968E-4 1.30114E-4 1.54008E-4 1.02976E-3 1.68594E-3 1.77841E-3 2.3618E-3 3.17538E-4 9.50266E-5 1.16675E-4 3.48818E-4 1.09704E-3 2.26596E-3 8.70876E-3 -9999 1.97198E-2 2.91267E-2 1.6744E-2 1.61768E-2 1.87094E-2 -9999 -9999 -9999 -9999 -9999 -9999 -9999 -9999 -9999 -9999 -9999 -9999 -9999 -9999 -9999 3.55591E-2 6.94916E-2 1.07989E-1 9.94498E-2 4.2912E-2 1.61853E-2 1.01807E-2 1.06525E-2 6.48436E-3
2.53538E-2 1.4139E-2 4.85783E-3 1.84504E-3 1.12425E-3 5.09708E-4 2.77555E-4 3.49272E-4 2.50264E-4 1.5313E-4 1.10353E-4 1.01339E-4 1.48301E-4 9.54852E-5 7.51423E-5 2.75177E-5 3.65783E-5 6.53238E-5 3.64687E-5 1.32515E-4 1.35502E-4 1.62674E-4 7.27965E-5 1.55858E-4 4.64673E-5 5.19468E-5 4.44763E-4 4.76937E-3 3.18272E-3 6.76003E-4 1.43381E-4 1.37334E-4 2.17191E-4 8.30753E-4 2.30871E-3 4.26905E-3 6.34321E-3 -9999 -9999 -9999 4.8933E-2 3.85802E-2 1.21152E-1 -9999 -9999 -9999 -9999 -9999 -9999 -9999 -9999 -9999 -9999 -9999 -9999 -9999 -9999 -9999 -9999 -9999 -9999 6.03907E-2 1.80994E-2 1.90734E-2 1.85284E-2 7.70131E-3 2.26138E-3
1.00171E-2 5.76462E-3 6.07335E-3 2.79036E-3 1.24101E-3 2.69211E-4 2.3661E-4 4.05268E-4 2.66201E-4 6.60065E-4 5.53266E-4 1.89282E-4 1.76673E-4 3.28784E-4 4.21553E-5 1.01388E-4 9.85267E-5 8.74557E-5 2.18158E-5 7.96442E-5 8.23128E-5 5.69813E-5 8.99111E-5 1.37874E-4 1.18618E-4 2.23328E-4 6.80555E-4 6.09469E-3 1.92143E-3 1.62475E-4 1.16157E-4 1.58153E-4 4.29278E-4 1.24241E-3 4.30061E-3 1.1346E-2 2.06157E-2 2.72069E-2 -9999 -9999 -9999 -9999 -9999 -9999 -9999 -9999 -9999 -9999 -9999 -9999 -9999 -9999 -9999 -9999 -9999 -9999 -9999 -9999 -9999 1.08732E-1 4.39256E-2 2.03885E-2 3.40197E-2 2.43738E-2 8.84748E-3 3.75658E-3 2.15193E-3
7.65872E-3 1.04148E-2 2.08322E-2 4.78498E-3 1.90044E-3 3.18904E-4 4.95617E-4 1.90137E-3 8.09674E-4 2.96982E-3 7.25525E-4 6.24279E-4 8.62043E-4 6.8663E-4 3.54922E-5 1.07894E-4 7.19284E-5 1.26901E-4 5.25434E-5 6.1468E-5 5.54375E-5 6.25108E-5 6.71712E-5 9.74007E-5 7.09933E-4 5.20832E-4 5.80295E-3 4.76238E-3 1.12694E-3 2.28499E-4 7.10811E-5 3.60141E-4 9.85783E-4 3.2389E-3 8.88815E-3 1.72794E-2 1.48695E-2 2.78604E-2 -9999 -9999 -9999 -9999 -9999 -9999 -9999 -9999 -9999 -9999 -9999 -9999 -9999 -9999 -9999 -9999 -9999 -9999 -9999 -9999 9.67108E-2 7.05048E-2 -9999 3.68196E-2 3.29769E-2 1.15101E-2 9.19962E-3 6.71899E-3 2.67038E-3
5.13441E-2 7.43411E-2 5.32111E-2 2.37535E-2 4.64353E-2 1.74954E-3 1.45886E-3 6.53388E-3 4.1262E-3 5.10404E-3 4.36504E-3 2.83996E-3 1.7694E-3 3.79429E-4 7.86762E-5 1.15192E-4 7.57732E-5 8.27386E-5 1.6002E-4 2.0012E-4 4.35555E-5 8.4335E-5 1.40811E-4 1.46242E-4 1.22608E-3 5.60696E-3 1.00876E-2 2.51339E-3 8.0418E-4 4.5556E-5 9.67962E-5 3.50411E-4 1.61975E-3 5.3874E-3 1.98861E-2 2.13592E-2 3.94217E-2 -9999 -9999 -9999 -9999 -9999 -9999 -9999 -9999 -9999 -9999 -9999 -9999 -9999 -9999 -9999 -9999 -9999 -9999 -9999 -9999 8.20829E-2 8.81131E-2 -9999 -9999 6.09108E-2 5.1022E-2 2.10809E-2 1.30998E-2 4.24174E-3 7.53451E-3
3.277E-2 4.98066E-2 2.40201E-2 1.20986E-2 3.89691E-2 6.47124E-3 1.0888E-2 1.79131E-2 1.2647E-2 7.62523E-3 2.50471E-3 1.00222E-3 3.84954E-4 1.39937E-4 7.38597E-5 5.04934E-5 6.45019E-5 5.91416E-5 7.3984E-5 1.21777E-4 4.08405E-4 4.27194E-4 2.92574E-5 2.14348E-4 3.57064E-4 6.25768E-3 1.07851E-2 -9999 -9999 2.38093E-4 1.95767E-4 9.17307E-4 2.12943E-3 5.90468E-3 1.62522E-2 3.28787E-2 -9999 -9999 -9999 -9999 -9999 -9999 -9999 -9999 -9999 -9999 -9999 -9999 -9999 -9999 -9999 -9999 -9999 -9999 -9999 -9999 -9999 -9999 -9999 -9999 -9999 3.04654E-2 3.02962E-2 4.296E-2 3.27458E-2 2.20001E-2 1.11487E-2
4.5147E-2 5.60091E-2 3.55116E-2 2.86054E-2 1.94679E-2 2.3407E-2 3.64155E-2 3.79133E-2 1.65413E-2 9.51819E-3 4.56075E-3 4.51271E-4 9.38284E-5 4.17308E-5 5.94129E-5 4.56989E-5 3.06734E-5 3.28343E-5 6.54465E-5 6.58616E-5 7.83448E-5 7.72718E-4 1.30597E-3 5.15308E-4 7.74066E-4 9.32899E-3 1.17201E-2 -9999 -9999 5.28234E-4 7.23494E-4 2.24341E-3 6.28978E-3 1.25016E-2 2.12235E-2 2.05242E-2 5.67219E-2 -9999 -9999 -9999 -9999 -9999 -9999 -9999 -9999 -9999 -9999 -9999 -9999 -9999 -9999 -9999 -9999 -9999 -9999 -9999 -9999 -9999 -9999 -9999 -9999 2.31411E-2 1.87275E-2 3.26E-2 1.7163E-2 1.01207E-2 7.56078E-3
1.77931E-1 1.06119E-1 6.19546E-2 6.20743E-2 4.5735E-2 2.67947E-2 9.71676E-3 3.38075E-3 1.27396E-3 5.46347E-4 4.5925E-4 2.01144E-4 1.06082E-4 5.11496E-5 4.97176E-5 9.12763E-5 4.63696E-5 2.85459E-5 8.8237E-5 5.32586E-5 7.73171E-5 1.14206E-4 1.02678E-3 3.15345E-3 7.98689E-3 1.15843E-2 1.31829E-2 -9999 -9999 3.00688E-3 3.23544E-3 5.55816E-3 8.23951E-3 2.91828E-2 3.13839E-2 2.11837E-2 8.00869E-2 -9999 -9999 -9999 -9999 -9999 -9999 -9999 -9999 -9999 -9999 -9999 -9999 -9999 -9999 -9999 -9999 -9999 -9999 -9999 -9999 -9999 -9999 -9999 -9999 1.91703E-2 1.49944E-2 2.87717E-2 9.19355E-3 2.31365E-3 8.12058E-4
2.05259E-1 1.34312E-1 5.78191E-2 6.64384E-2 4.42712E-2 1.55781E-2 2.95185E-3 9.99902E-4 3.27605E-4 1.87416E-4 6.5771E-5 7.17306E-5 8.53811E-5 6.19531E-5 6.20253E-5 1.51878E-4 9.35206E-5 1.78405E-4 1.12108E-4 5.72587E-5 7.92143E-5 7.97754E-5 1.55845E-4 6.03221E-4 1.29496E-2 -9999 -9999 -9999 -9999 9.15905E-3 6.92454E-3 1.50678E-2 2.14489E-2 3.50903E-2 -9999 -9999 -9999 -9999 -9999 -9999 -9999 -9999 -9999 -9999 -9999 -9999 -9999 -9999 -9999 -9999 -9999 -9999 -9999 -9999 -9999 -9999 -9999 -9999 -9999 -9999 1.15679E-2 1.69472E-2 1.09014E-2 1.19533E-2 7.10857E-3 1.38571E-3 9.02753E-4
8.20313E-2 1.04002E-1 1.53366E-1 1.11097E-1 4.67949E-2 3.31488E-2 4.10069E-3 2.59182E-3 6.24259E-4 1.7163E-4 7.84428E-5 6.31747E-5 8.0769E-5 7.76327E-5 7.24393E-5 1.73015E-4 3.68024E-4 1.75307E-4 7.10293E-5 6.15052E-5 5.80849E-5 5.64102E-5 1.20373E-4 1.60044E-3 1.71532E-2 -9999 -9999 -9999 -9999 8.59149E-3 2.42825E-2 1.33417E-2 6.52852E-2 1.05272E-1 -9999 -9999 -9999 -9999 -9999 -9999 -9999 -9999 -9999 -9999 -9999 -9999 -9999 -9999 -9999 -9999 -9999 -9999 -9999 -9999 -9999 -9999 -9999 -9999 -9999 -9999 4.0943E-3 3.28981E-3 1.57773E-2 7.14932E-3 3.10344E-3 2.47752E-3 8.10939E-4
1.08633E-1 6.3589E-2 7.16899E-2 1.13622E-1 1.56493E-2 5.75765E-3 9.35533E-4 8.34365E-4 3.38099E-4 1.57804E-4 7.28642E-5 4.68089E-5 5.10993E-5 5.36338E-5 4.60727E-4 7.18835E-4 4.44426E-4 1.12229E-4 6.65798E-5 6.3269E-5 6.91891E-5 6.35371E-5 2.4057E-4 1.97095E-3 1.54446E-2 1.26365E-2 -9999 -9999 -9999 -9999 -9999 5.19733E-2 7.14646E-2 9.7219E-2 -9999 -9999 -9999 -9999 -9999 -9999 -9999 -9999 -9999 -9999 -9999 -9999 -9999 -9999 -9999 -9999 -9999 -9999 -9999 -9999 -9999 -9999 -9999 -9999 -9999 -9999 3.07185E-3 6.62446E-3 1.0103E-2 4.71132E-3 6.08978E-4 9.60649E-4 1.52174E-3
6.48777E-2 2.50991E-2 1.775E-2 2.41267E-2 9.06778E-3 1.50001E-3 5.68335E-4 2.37871E-4 1.62695E-4 8.21195E-5 3.22367E-5 6.81393E-5 9.63626E-5 1.32868E-4 1.6337E-4 1.26184E-3 3.44151E-4 1.30291E-4 6.50475E-5 6.11656E-5 6.69594E-5 8.65687E-5 6.83522E-4 3.3067E-3 1.10107E-2 6.62795E-3 -9999 -9999 -9999 -9999 -9999 -9999 8.14679E-2 -9999 -9999 -9999 -9999 -9999 -9999 -9999 -9999 -9999 -9999 -9999 -9999 -9999 -9999 -9999 -9999 -9999 -9999 -9999 -9999 -9999 -9999 -9999 -9999 -9999 -9999 -9999 1.77438E-2 3.10045E-3 5.75766E-3 3.3661E-3 1.52827E-3 2.10233E-3 2.0902E-3
1.60408E-2 6.48837E-3 7.29662E-3 5.98514E-3 1.67885E-3 1.64958E-3 1.34468E-3 9.76642E-4 1.74871E-4 3.34997E-5 2.65395E-5 1.0829E-4 5.54448E-4 3.41144E-4 3.00567E-4 1.04713E-3 1.49918E-3 5.60846E-4 1.35168E-4 8.45806E-5 5.03985E-5 6.31699E-5 1.71E-4 1.97784E-3 1.47961E-3 1.31721E-3 2.85382E-3 5.05984E-3 1.21032E-2 -9999 -9999 -9999 -9999 -9999 -9999 -9999 -9999 -9999 -9999 -9999 -9999 -9999 -9999 -9999 -9999 -9999 -9999 -9999 -9999 -9999 -9999 -9999 -9999 -9999 -9999 -9999 -9999 -9999 -9999 -9999 2.17163E-2 6.23645E-3 9.02336E-3 9.3656E-3 6.58029E-3 1.53398E-3 1.1111E-3
1.12511E-2 4.26861E-3 4.26737E-3 2.89839E-3 4.03776E-3 5.6942E-3 2.08625E-3 4.18393E-4 2.73169E-4 5.19718E-5 3.31977E-5 2.51597E-4 1.67134E-3 5.24737E-4 1.93212E-4 1.46743E-3 1.47705E-3 4.66536E-4 9.07122E-5 7.61247E-5 5.70604E-5 4.72535E-5 2.43998E-4 1.89728E-3 1.45301E-3 3.28563E-3 3.75127E-3 2.22496E-3 4.73247E-3 1.69529E-2 4.97928E-2 -9999 -9999 -9999 -9999 -9999 -9999 -9999 -9999 -9999 -9999 -9999 -9999 -9999 -9999 -9999 -9999 -9999 -9999 -9999 -9999 -9999 -9999 -9999 -9999 -9999 -9999 -9999 -9999 -9999 -9999 1.0575E-2 9.01664E-3 1.23479E-2 6.0775E-3 1.02637E-3 4.0606E-4
5.56108E-3 6.31928E-3 5.11165E-3 1.08228E-2 1.25775E-2 6.49623E-3 2.69285E-3 4.67681E-4 5.49239E-4 1.07929E-4 6.09167E-5 7.08006E-4 1.96584E-3 5.15281E-4 7.48677E-4 3.49473E-3 2.17225E-3 3.74025E-4 1.00526E-4 6.32526E-5 3.73197E-5 4.5647E-5 1.66734E-4 1.16247E-3 5.38741E-3 7.99203E-3 9.22186E-3 5.51525E-3 5.23138E-3 3.8343E-2 1.06366E-1 6.8076E-2 -9999 -9999 -9999 -9999 -9999 -9999 -9999 -9999 -9999 -9999 -9999 -9999 -9999 -9999 -9999 -9999 -9999 -9999 -9999 -9999 -9999 -9999 -9999 -9999 -9999 -9999 -9999 -9999 -9999 1.87435E-2 1.12827E-2 7.86636E-3 5.8298E-3 3.83469E-3 5.87777E-4
1.50847E-2 1.54194E-2 2.31631E-2 2.76072E-2 1.79016E-2 5.66437E-3 2.93392E-3 1.29938E-3 5.89011E-4 2.16896E-4 2.74448E-4 1.58441E-3 3.06731E-3 3.97122E-4 2.76895E-3 6.50296E-3 1.38025E-3 2.44206E-4 5.79709E-5 5.72472E-5 3.87745E-5 1.23683E-4 9.50139E-4 1.49035E-3 1.05365E-2 1.33094E-2 4.00946E-2 -9999 7.13294E-3 4.54528E-2 -9999 -9999 -9999 -9999 -9999 -9999 -9999 -9999 -9999 -9999 -9999 -9999 -9999 -9999 -9999 -9999 -9999 -9999 -9999 -9999 -9999 -9999 -9999 -9999 -9999 -9999 -9999 -9999 -9999 -9999 -9999 -9999 2.35123E-2 1.51596E-2 1.22501E-2 1.992E-3 4.51948E-4
2.02266E-2 1.5499E-2 4.05394E-2 1.97702E-2 5.87476E-3 1.68632E-3 5.93847E-4 4.17719E-4 1.80353E-4 1.78256E-4 1.07877E-3 4.08024E-3 5.05491E-3 3.52956E-3 6.52252E-3 3.50519E-3 8.07588E-4 1.62254E-4 5.35067E-5 5.87547E-5 7.84534E-5 1.44043E-3 2.64837E-3 2.61819E-3 1.39469E-2 1.43313E-2 5.33748E-2 -9999 1.66207E-2 -9999 -9999 -9999 -9999 -9999 -9999 -9999 -9999 -9999 -9999 -9999 -9999 -9999 -9999 -9999 -9999 -9999 -9999 -9999 -9999 -9999 -9999 -9999 -9999 -9999 -9999 -9999 -9999 -9999 -9999 -9999 -9999 -9999 -9999 1.83813E-2 1.65746E-2 4.99762E-3 9.97268E-4
2.22526E-2 1.65117E-2 3.27078E-2 1.41616E-2 6.79429E-3 1.26593E-3 1.41375E-3 4.91098E-4 2.15545E-4 1.49825E-4 7.47841E-4 8.3878E-3 9.05283E-3 8.96102E-3 7.35606E-3 2.55146E-3 7.65258E-4 1.5425E-4 4.78128E-5 7.84451E-5 1.59359E-4 1.63506E-3 6.00066E-3 6.37372E-3 1.45865E-2 4.66029E-2 -9999 -9999 -9999 -9999 -9999 -9999 -9999 -9999 -9999 -9999 -9999 -9999 -9999 -9999 -9999 -9999 -9999 -9999 -9999 -9999 -9999 -9999 -9999 -9999 -9999 -9999 -9999 -9999 -9999 -9999 -9999 -9999 -9999 -9999 -9999 -9999 -9999 -9999 1.19727E-2 1.62364E-3 2.33974E-3
3.7606E-2 2.46258E-2 2.32782E-2 1.45101E-2 1.75038E-2 6.58298E-3 3.41784E-3 3.29048E-4 1.15929E-4 2.32383E-4 7.14566E-4 6.34788E-3 1.59572E-2 8.92668E-3 3.98588E-3 1.61909E-3 8.26182E-4 2.26027E-4 8.76966E-5 3.83325E-5 4.31163E-4 3.66766E-3 6.71289E-3 1.72673E-2 1.09175E-2 2.39406E-2 -9999 -9999 -9999 -9999 -9999 -9999 -9999 -9999 -9999 -9999 -9999 -9999 -9999 -9999 -9999 -9999 -9999 -9999 -9999 -9999 -9999 -9999 -9999 -9999 -9999 -9999 -9999 -9999 -9999 -9999 -9999 -9999 1.71788E-2 1.51909E-2 1.72242E-2 -9999 -9999 -9999 -9999 1.21561E-2 1.35994E-2
