ENM/Final_Models/M_2_F_q_Set_1_EC/Gustavia_santanderiensis_8_Choco_clamping.asc
ncols         367
nrows         963
xllcorner     -78.6
yllcorner     0.65
cellsize      0.00833333333333323
NODATA_value  -9999
[rows 713 to 743 of 963, columns 70 to 139 of 367]
-9999 -9999 -9999 -9999 -9999 -9999 -9999 -9999 -9999 -9999 -9999 -9999 -9999 -9999 -9999 -9999 -9999 -9999 -9999 -9999 -9999 -9999 -9999 -9999 -9999 -9999 -9999 -9999 -9999 -9999 -9999 -9999 -9999 -9999 -9999 -9999 -9999 -9999 -9999 -9999 5.73832E-1 4.35111E-1 4.45194E-1 5.95253E-1 4.54917E-1 4.11861E-1 5.37456E-1 3.50533E-1 3.35798E-1 4.91199E-1 3.09428E-1 4.54549E-1 4.5336E-1 7.41025E-2 1.85996E-1 1.65872E-1 1.67497E-1 2.04364E-1 1.14359E-1 1.1479E-1 1.27986E-1 1.1959E-1 1.34923E-1 1.04575E-1 1.12353E-1 6.46039E-2 1.00954E-1 1.20891E-1 7.28851E-2 1.46498E-1
-9999 -9999 -9999 -9999 -9999 -9999 -9999 -9999 -9999 -9999 -9999 -9999 -9999 -9999 -9999 -9999 -9999 -9999 -9999 -9999 -9999 -9999 -9999 -9999 -9999 -9999 -9999 -9999 -9999 -9999 -9999 -9999 -9999 -9999 -9999 -9999 -9999 -9999 -9999 -9999 4.57206E-1 4.02563E-1 4.1699E-1 4.48017E-1 2.31587E-1 4.47994E-1 4.26854E-1 2.23692E-1 2.22202E-1 4.05038E-1 4.15403E-1 1.54611E-1 5.79319E-2 1.78539E-1 1.48329E-1 1.74898E-1 1.29671E-1 9.27056E-2 1.04495E-1 9.27433E-2 2.18326E-1 2.27982E-1 7.93777E-2 6.65518E-2 1.51654E-1 1.19506E-1 1.64553E-1 1.01023E-1 8.54761E-2 1.69571E-1
-9999 -9999 -9999 -9999 -9999 -9999 -9999 -9999 -9999 -9999 -9999 -9999 -9999 -9999 -9999 -9999 -9999 -9999 -9999 -9999 -9999 -9999 -9999 -9999 -9999 -9999 -9999 -9999 -9999 -9999 -9999 -9999 -9999 -9999 -9999 -9999 -9999 -9999 -9999 4.75206E-1 4.28794E-1 4.15016E-1 3.93477E-1 2.60387E-1 4.37772E-1 2.0423E-1 4.02172E-1 1.57418E-1 9.46515E-2 1.34398E-1 3.54898E-1 1.3497E-1 8.93483E-2 1.06479E-1 5.76496E-2 6.40358E-2 9.11485E-2 6.45684E-2 8.59883E-2 5.64786E-2 5.47738E-2 8.04107E-2 6.75315E-2 5.22857E-2 7.17207E-2 1.39001E-1 1.37944E-1 1.20202E-1 1.10343E-1 2.02816E-1
-9999 -9999 -9999 -9999 -9999 -9999 -9999 -9999 -9999 -9999 -9999 -9999 -9999 -9999 -9999 -9999 -9999 -9999 -9999 -9999 -9999 -9999 -9999 -9999 -9999 -9999 -9999 -9999 -9999 -9999 -9999 -9999 -9999 -9999 -9999 -9999 -9999 -9999 4.08072E-1 4.76788E-1 4.27467E-1 5.33541E-1 4.54338E-1 2.29298E-1 4.57118E-1 1.40852E-1 2.10662E-1 1.79888E-1 1.55499E-1 5.35111E-2 1.09532E-1 1.17447E-1 5.84578E-2 1.90525E-1 1.77639E-1 1.62331E-1 7.88988E-2 8.35365E-2 7.23695E-2 1.29911E-1 3.69396E-2 4.01814E-2 4.79483E-2 6.5415E-2 1.13673E-1 1.4128E-1 1.57828E-1 1.80072E-1 1.87716E-1 1.07796E-1
-9999 -9999 -9999 -9999 -9999 -9999 -9999 -9999 -9999 -9999 -9999 -9999 -9999 -9999 -9999 -9999 -9999 -9999 -9999 -9999 -9999 -9999 -9999 -9999 -9999 -9999 -9999 -9999 -9999 -9999 -9999 -9999 -9999 -9999 -9999 -9999 -9999 -9999 4.16122E-1 4.33632E-1 5.6334E-1 3.75088E-1 3.95821E-1 3.84951E-1 1.54673E-1 2.41274E-1 5.02763E-1 4.93169E-1 4.87948E-1 2.0187E-1 3.67438E-1 1.18955E-1 1.46345E-1 3.65804E-1 3.55205E-1 4.00232E-1 4.27599E-1 1.74068E-1 1.52199E-1 1.34344E-1 9.44137E-2 1.15079E-1 1.55819E-1 8.51146E-2 6.88233E-2 1.10871E-1 1.7294E-1 1.61649E-1 1.98174E-1 1.08799E-1
-9999 -9999 -9999 -9999 -9999 -9999 -9999 -9999 -9999 -9999 -9999 -9999 -9999 -9999 -9999 -9999 -9999 -9999 -9999 -9999 -9999 -9999 -9999 -9999 -9999 -9999 -9999 -9999 -9999 -9999 -9999 -9999 -9999 -9999 -9999 -9999 -9999 8.06865E-2 2.36626E-1 2.05701E-1 4.83644E-1 5.13879E-1 5.50826E-1 5.4077E-1 4.84009E-1 2.19039E-1 1.88932E-1 3.98799E-1 3.8231E-1 3.6124E-1 1.49924E-1 3.68071E-1 3.69758E-1 4.0036E-1 4.34476E-1 4.29819E-1 4.91312E-1 4.9148E-1 1.55097E-1 4.16045E-1 1.50625E-1 7.29576E-2 1.36022E-1 9.3643E-2 1.19533E-1 1.92855E-1 1.66034E-1 1.98943E-1 1.78417E-1 1.77427E-1
-9999 -9999 -9999 -9999 -9999 -9999 -9999 -9999 -9999 -9999 -9999 -9999 -9999 -9999 -9999 -9999 -9999 -9999 -9999 -9999 -9999 -9999 -9999 -9999 -9999 -9999 -9999 -9999 -9999 -9999 -9999 -9999 -9999 -9999 -9999 -9999 2.08925E-1 6.1255E-2 8.60045E-2 1.64406E-1 2.14178E-1 1.91386E-1 8.79738E-2 1.72632E-1 1.31682E-1 3.76675E-1 1.71492E-1 3.96705E-1 4.34952E-1 3.86787E-1 1.84731E-1 3.94186E-1 1.81302E-1 3.80592E-1 4.18762E-1 3.29665E-1 2.70145E-1 4.77482E-1 4.25112E-1 4.70568E-1 5.36014E-1 4.14989E-1 4.98645E-1 5.93911E-2 5.64213E-2 1.60064E-1 1.28134E-1 1.73981E-1 1.48744E-1 1.27403E-1
-9999 -9999 -9999 -9999 -9999 -9999 -9999 -9999 -9999 -9999 -9999 -9999 -9999 -9999 -9999 -9999 -9999 -9999 -9999 -9999 -9999 -9999 -9999 -9999 -9999 -9999 -9999 -9999 -9999 -9999 -9999 -9999 -9999 -9999 -9999 1.00213E-1 8.82436E-2 4.02574E-1 1.88449E-1 1.087E-1 1.19102E-1 1.5637E-1 1.51354E-1 8.9341E-2 1.2128E-1 1.52375E-1 1.30179E-1 1.35286E-1 1.4889E-1 1.27896E-1 9.37162E-2 4.05755E-1 1.83573E-1 3.83549E-1 3.78712E-1 3.75822E-1 2.41254E-1 4.07083E-1 1.4545E-1 2.44168E-1 1.70869E-1 1.87254E-1 1.26503E-1 1.42049E-1 4.3762E-2 9.40963E-2 6.95794E-2 1.22392E-1 1.4027E-1 8.21517E-2
-9999 -9999 -9999 -9999 -9999 -9999 -9999 -9999 -9999 -9999 -9999 -9999 -9999 -9999 -9999 -9999 -9999 -9999 -9999 -9999 -9999 -9999 -9999 -9999 -9999 -9999 -9999 -9999 -9999 -9999 -9999 -9999 -9999 -9999 9.95973E-2 1.14885E-1 1.05837E-1 3.71524E-1 1.69608E-1 9.49668E-2 8.74381E-2 1.55502E-1 8.64919E-2 1.5358E-1 1.45175E-1 1.07939E-1 6.38098E-2 1.3023E-1 1.13532E-1 1.50655E-1 3.94477E-1 1.45909E-1 7.17525E-2 3.98318E-1 2.82257E-1 3.06029E-1 1.15718E-1 1.04652E-1 2.14167E-1 2.00014E-1 3.98243E-1 5.4559E-1 1.54811E-1 1.27369E-1 1.02936E-1 3.02222E-2 1.47404E-1 9.42954E-2 8.20447E-2 9.92026E-2
-9999 -9999 -9999 -9999 -9999 -9999 -9999 -9999 -9999 -9999 -9999 -9999 -9999 -9999 -9999 -9999 -9999 -9999 -9999 -9999 -9999 -9999 -9999 -9999 -9999 -9999 -9999 -9999 -9999 -9999 -9999 -9999 -9999 2.95418E-1 1.06841E-1 1.00991E-1 1.09528E-1 2.17652E-1 7.22109E-2 4.12954E-2 6.2005E-2 6.93324E-2 6.69473E-2 7.03244E-2 6.91597E-2 6.78206E-2 2.03109E-1 1.67264E-1 1.19249E-1 1.59459E-1 1.86747E-1 1.46771E-1 6.04402E-2 3.50549E-1 2.39578E-1 1.25692E-1 8.6742E-2 2.84869E-1 1.44406E-1 6.6451E-2 2.39854E-1 4.56574E-1 1.07494E-1 8.13581E-2 6.98622E-2 4.90458E-2 1.12047E-1 4.98191E-2 1.05494E-1 1.1888E-1
-9999 -9999 -9999 -9999 -9999 -9999 -9999 -9999 -9999 -9999 -9999 -9999 -9999 -9999 -9999 -9999 -9999 -9999 -9999 -9999 -9999 -9999 -9999 -9999 -9999 -9999 -9999 -9999 -9999 -9999 3.81149E-2 3.11415E-1 3.1701E-1 4.8656E-1 1.73923E-1 8.12013E-2 7.33075E-2 9.00543E-2 1.63843E-1 4.9013E-2 4.99952E-2 4.80215E-2 4.75021E-2 5.55106E-2 6.7239E-2 9.5084E-2 1.74044E-1 3.71728E-1 7.22816E-2 7.57233E-2 5.67679E-2 1.43648E-1 1.81538E-1 4.01081E-1 4.01351E-1 2.43019E-1 2.25478E-1 1.35088E-1 1.22022E-1 1.37506E-1 1.71854E-1 1.62107E-1 1.37587E-1 6.21693E-2 7.1199E-2 6.91112E-2 4.36871E-2 4.91786E-2 8.55863E-2 1.60553E-1
-9999 -9999 -9999 -9999 -9999 -9999 -9999 -9999 -9999 -9999 -9999 -9999 -9999 -9999 -9999 -9999 -9999 -9999 -9999 -9999 -9999 -9999 -9999 -9999 -9999 -9999 -9999 -9999 2.24931E-1 2.12537E-1 1.59152E-1 3.23627E-1 3.49013E-1 3.95836E-1 4.73248E-2 6.52033E-2 7.36695E-2 8.67469E-2 1.62319E-1 1.76545E-1 5.51512E-2 5.57891E-2 5.27874E-2 5.52312E-2 9.54299E-2 5.82456E-2 4.1924E-2 1.25903E-1 3.79585E-1 1.54431E-1 9.74314E-2 2.32708E-1 1.95123E-1 2.40637E-1 4.24007E-1 3.70416E-1 4.34027E-1 8.77742E-2 6.68656E-2 1.22108E-1 6.82935E-2 2.03364E-1 1.88928E-1 1.65365E-1 7.24708E-2 7.13295E-2 2.3386E-2 2.16007E-2 4.09891E-2 1.27946E-1
-9999 -9999 -9999 -9999 -9999 -9999 -9999 -9999 -9999 -9999 -9999 -9999 -9999 -9999 -9999 -9999 -9999 -9999 -9999 -9999 -9999 -9999 -9999 -9999 -9999 -9999 7.98305E-2 4.8745E-2 3.80306E-1 4.09591E-1 3.31926E-1 3.58481E-1 1.22465E-1 2.85113E-1 6.24755E-2 5.42689E-2 6.17794E-2 8.31318E-2 4.91299E-2 1.50278E-1 6.67963E-2 9.2835E-2 6.79688E-2 4.7642E-2 8.59578E-2 6.72071E-2 6.35061E-2 5.88677E-2 3.05219E-1 2.94709E-1 1.92233E-1 1.12541E-1 1.05153E-1 1.01485E-1 6.12368E-2 3.72659E-2 2.00655E-1 2.06528E-1 8.08884E-2 1.22403E-1 1.84156E-1 1.39102E-1 1.95164E-1 1.34657E-1 1.28598E-1 1.02866E-1 1.43809E-1 4.3856E-2 4.35689E-2 1.35684E-1
-9999 -9999 -9999 -9999 -9999 -9999 -9999 -9999 -9999 -9999 -9999 -9999 -9999 -9999 -9999 -9999 -9999 -9999 -9999 -9999 -9999 -9999 -9999 -9999 -9999 -9999 5.61318E-2 9.80775E-2 4.81165E-2 3.74415E-1 3.7011E-1 3.86384E-1 1.22126E-1 1.17199E-1 6.24933E-2 4.18326E-2 3.214E-2 5.69796E-2 5.71855E-2 4.72757E-2 5.44205E-2 6.955E-2 5.52152E-2 6.07442E-2 5.10179E-2 6.69707E-2 6.77684E-2 5.61351E-2 2.17969E-1 1.83902E-1 8.98476E-2 9.52409E-2 8.21484E-2 7.87288E-2 5.11388E-2 5.67176E-2 7.77751E-2 1.48602E-1 1.52534E-1 1.73708E-1 1.6086E-1 1.27584E-1 1.03407E-1 1.81008E-1 1.80749E-1 1.23606E-1 1.24498E-1 1.07407E-1 1.393E-1 6.22617E-2
-9999 -9999 -9999 -9999 -9999 -9999 -9999 -9999 -9999 -9999 -9999 -9999 -9999 -9999 -9999 -9999 -9999 -9999 -9999 -9999 -9999 -9999 -9999 -9999 -9999 -9999 6.87806E-2 6.87948E-2 3.12699E-2 1.71329E-1 4.25187E-1 3.05082E-1 -9999 9.40873E-2 1.28007E-1 6.05882E-2 3.87804E-2 5.1803E-2 5.43504E-2 4.06663E-2 4.52736E-2 4.39025E-2 5.83155E-2 5.45879E-2 5.05278E-2 6.94317E-2 6.7003E-2 6.00358E-2 5.6059E-2 6.36478E-2 9.85144E-2 1.2244E-1 1.17579E-1 9.8844E-2 5.67404E-2 5.69883E-2 1.29407E-1 1.38134E-1 1.31938E-1 1.63847E-1 2.01451E-1 1.06537E-1 8.08349E-2 9.45569E-2 8.46576E-2 1.49179E-1 1.11304E-1 1.71112E-1 1.73784E-1 1.06658E-1
-9999 -9999 -9999 -9999 -9999 -9999 -9999 -9999 -9999 -9999 -9999 -9999 -9999 -9999 -9999 -9999 -9999 -9999 -9999 -9999 -9999 -9999 -9999 -9999 -9999 -9999 -9999 9.41902E-2 3.18134E-2 8.67647E-2 1.40597E-1 1.41092E-1 2.89122E-1 2.57309E-1 1.02324E-1 3.75325E-2 4.85226E-2 4.2563E-2 8.06993E-2 5.68864E-2 6.08292E-2 7.22675E-2 5.03541E-2 6.60359E-2 6.76522E-2 7.09481E-2 7.33202E-2 6.86852E-2 1.43553E-1 1.63202E-1 1.02254E-1 1.2934E-1 8.6375E-2 1.38796E-1 1.20271E-1 8.02033E-2 9.97896E-2 1.53009E-1 1.25699E-1 1.41508E-1 7.62073E-2 9.2091E-2 7.4883E-2 1.33283E-1 1.31823E-1 1.71485E-1 1.33515E-1 1.56616E-1 1.3495E-1 1.14289E-1
-9999 -9999 -9999 -9999 -9999 -9999 -9999 -9999 -9999 -9999 -9999 -9999 -9999 -9999 4.45116E-1 3.17651E-1 -9999 -9999 -9999 -9999 -9999 -9999 -9999 -9999 -9999 -9999 -9999 -9999 7.2768E-2 2.69737E-1 3.35348E-1 2.83328E-1 8.23456E-2 2.69502E-1 9.63301E-2 8.80444E-2 4.81857E-2 4.22368E-2 4.86715E-2 4.26333E-2 4.50388E-2 5.08414E-2 3.60645E-2 3.45763E-2 5.8554E-2 6.42765E-2 7.91838E-2 7.96045E-2 9.90829E-2 8.22506E-2 9.27168E-2 7.15977E-2 4.88309E-2 1.29971E-1 1.18743E-1 1.26134E-1 1.27783E-1 1.49483E-1 1.43397E-1 1.16339E-1 1.12136E-1 6.02832E-2 7.7063E-2 1.6349E-1 1.69649E-1 1.34398E-1 1.43427E-1 1.49981E-1 1.59462E-1 7.0636E-2
-9999 -9999 -9999 -9999 -9999 -9999 -9999 -9999 -9999 -9999 -9999 4.15932E-1 4.07224E-1 3.58524E-1 3.22339E-1 -9999 -9999 -9999 -9999 -9999 -9999 -9999 -9999 -9999 -9999 -9999 -9999 -9999 4.27102E-2 3.34201E-1 3.67484E-1 2.7939E-1 2.76903E-1 3.69326E-1 2.54787E-1 2.45484E-1 1.23366E-1 9.63775E-2 5.18976E-2 6.74289E-2 5.82548E-2 5.01875E-2 2.99788E-2 4.38335E-2 3.84769E-2 5.65811E-2 6.98842E-2 7.60192E-2 1.2943E-1 1.66747E-1 8.34398E-2 1.12833E-1 8.32312E-2 1.25477E-1 1.28159E-1 8.53219E-2 9.5563E-2 9.55624E-2 1.45726E-1 1.19666E-1 9.06189E-2 1.29576E-1 1.50625E-1 1.41683E-1 1.10034E-1 8.08156E-2 8.84923E-2 4.20964E-2 9.40303E-2 1.35638E-1
-9999 -9999 -9999 -9999 -9999 -9999 -9999 -9999 -9999 3.12685E-1 4.00427E-1 3.65136E-1 3.88652E-1 4.31519E-1 4.63131E-1 -9999 -9999 -9999 -9999 -9999 -9999 -9999 -9999 -9999 -9999 -9999 -9999 -9999 2.58705E-1 2.78011E-1 3.2067E-1 2.98999E-1 1.09213E-1 8.03147E-2 3.67227E-1 4.07341E-1 7.69024E-2 9.9792E-2 4.54017E-2 4.93729E-2 7.698E-2 5.3052E-2 7.93611E-2 6.96119E-2 9.18841E-2 1.09722E-1 6.74467E-2 6.36431E-2 7.32346E-2 8.32344E-2 1.1353E-1 1.56025E-1 1.22788E-1 8.35858E-2 9.86223E-2 9.75353E-2 8.18903E-2 7.09371E-2 1.33891E-1 2.0748E-1 7.73766E-2 1.00146E-1 9.10292E-2 1.04428E-1 1.84598E-1 1.92542E-1 3.93176E-1 3.33758E-1 4.35124E-1 3.68481E-1
-9999 -9999 -9999 -9999 -9999 -9999 -9999 3.765E-1 3.42042E-1 4.38521E-1 4.41636E-1 4.09823E-1 1.82113E-1 4.44313E-1 2.88544E-1 3.04364E-1 -9999 -9999 -9999 -9999 -9999 -9999 -9999 -9999 -9999 -9999 -9999 -9999 -9999 3.03327E-1 3.15997E-1 2.97319E-1 2.95648E-1 3.67203E-1 2.86259E-1 1.08128E-1 6.59157E-2 4.78607E-2 4.68657E-2 3.82744E-2 2.84071E-2 5.59592E-2 6.51044E-2 6.04736E-2 1.07754E-1 7.86E-2 9.70277E-2 8.9689E-2 9.9354E-2 1.05434E-1 1.17434E-1 1.38335E-1 4.78561E-2 5.12266E-2 9.21325E-2 1.12867E-1 1.17352E-1 2.05969E-1 2.00666E-1 1.03478E-1 8.74492E-2 7.1561E-2 6.61775E-2 7.75594E-2 1.8166E-1 5.14978E-1 2.01221E-1 1.93637E-4 2.92458E-2 1.83081E-1
-9999 -9999 -9999 -9999 -9999 -9999 1.86004E-1 2.4359E-1 1.53671E-1 1.02985E-1 1.74721E-1 3.8276E-1 3.76242E-1 2.71144E-1 3.55714E-1 3.90745E-1 4.83563E-1 -9999 -9999 -9999 -9999 -9999 -9999 -9999 -9999 -9999 -9999 -9999 -9999 3.43936E-1 2.44314E-1 2.50584E-1 2.44753E-1 3.24619E-1 3.3095E-1 9.85394E-2 5.25173E-2 4.58405E-2 5.78938E-2 4.98197E-2 5.22656E-2 8.31962E-2 8.11391E-2 7.37434E-2 9.94342E-2 1.57312E-1 1.45087E-1 1.45897E-1 5.18747E-2 3.53204E-2 7.76359E-2 5.71942E-2 7.21026E-2 7.87699E-2 1.09345E-1 1.08563E-1 1.25805E-1 1.17946E-1 3.00904E-1 3.95433E-1 1.74955E-1 1.88859E-1 3.85432E-1 3.89297E-1 3.53845E-1 1.00321E-1 0E0 0E0 2.45466E-3 8.47436E-2
-9999 -9999 -9999 -9999 -9999 3.09223E-1 6.52463E-2 7.45371E-2 7.2167E-2 4.74905E-2 1.00494E-1 1.77389E-1 2.19897E-1 3.15946E-1 3.28121E-1 5.08419E-1 3.58456E-1 9.17587E-2 -9999 -9999 -9999 -9999 4.19593E-2 5.7952E-2 6.23747E-2 7.23696E-2 -9999 5.86503E-2 6.40899E-2 2.72383E-1 2.30519E-1 2.64519E-1 8.73032E-2 3.16319E-1 3.27847E-1 3.13933E-1 1.02028E-1 9.48985E-2 4.1207E-2 7.21857E-2 5.23177E-2 6.35395E-2 4.64867E-2 8.55238E-2 1.34695E-1 6.25255E-2 1.50417E-1 1.0747E-1 6.60811E-2 7.52464E-2 9.32692E-2 7.55199E-2 1.01701E-1 9.36835E-2 1.33658E-1 1.01939E-1 1.06262E-1 1.13988E-1 4.23871E-1 4.11318E-1 3.78188E-1 3.94581E-1 3.91988E-1 4.55449E-1 2.6669E-1 2.02933E-3 1.51137E-3 0E0 1.09149E-3 5.20887E-2
-9999 -9999 -9999 3.27048E-1 3.57841E-1 1.81703E-1 1.49745E-1 4.28424E-2 1.07459E-1 5.89993E-2 1.00764E-1 2.2041E-1 1.83433E-1 3.58838E-1 1.25816E-1 3.72848E-1 3.46666E-1 1.15275E-1 8.17486E-2 1.85788E-2 3.09838E-2 2.70758E-2 3.37719E-2 3.4096E-2 4.09542E-2 5.92344E-2 5.40395E-2 6.22032E-2 7.64251E-2 7.99248E-2 8.06014E-2 1.23547E-1 1.48171E-1 2.95605E-1 2.54317E-1 1.07821E-1 1.19579E-1 1.39823E-1 3.23791E-1 1.29684E-1 4.72332E-2 2.58816E-2 4.23579E-2 4.70539E-2 1.26933E-1 1.56728E-1 1.35887E-1 9.3804E-2 1.26563E-1 6.54509E-2 2.57477E-2 3.96546E-2 1.44875E-2 6.59552E-2 1.30053E-1 1.21363E-1 1.12171E-1 9.92958E-2 3.75715E-1 3.93191E-1 4.08618E-1 3.75192E-1 4.62892E-1 4.76506E-1 3.29082E-1 2.48478E-2 2.25801E-2 0E0 0E0 0E0
1.18759E-1 1.26529E-1 7.21858E-2 4.7359E-2 6.60357E-2 5.47469E-2 2.65841E-1 5.57734E-2 1.26802E-1 1.10737E-1 1.16306E-1 1.75982E-1 3.87426E-1 4.19904E-1 1.60659E-1 4.23355E-1 3.85185E-1 1.09265E-1 3.91499E-2 7.83988E-2 4.33163E-2 6.00186E-2 5.46254E-2 1.23E-1 3.21805E-1 3.42782E-1 3.78278E-1 2.90841E-1 3.30891E-2 2.19152E-1 2.66964E-1 1.74075E-1 3.54537E-1 2.58508E-1 1.1235E-1 2.28599E-1 4.01138E-1 4.52752E-1 4.44788E-1 3.29997E-1 8.72358E-2 5.85201E-2 9.82598E-2 1.11909E-1 1.01741E-1 1.30577E-1 5.7813E-2 1.13288E-1 1.06239E-1 1.14903E-1 5.72091E-2 9.99949E-2 2.46941E-2 1.17676E-1 8.96732E-2 1.11524E-1 1.10046E-1 2.15569E-1 3.89563E-1 3.92191E-1 4.051E-1 4.62568E-1 3.16605E-1 2.49753E-1 4.22405E-1 2.20029E-1 2.83883E-2 0E0 0E0 0E0
8.6249E-2 1.61694E-1 3.9046E-2 7.39867E-2 5.81802E-2 6.93314E-2 4.98207E-2 8.41247E-2 6.50631E-2 8.07982E-2 1.1255E-1 7.42682E-2 1.49552E-1 1.11031E-1 1.43477E-1 1.59718E-1 1.1387E-1 4.20616E-2 4.11774E-2 3.62277E-2 3.27489E-2 7.37913E-2 5.21145E-2 1.71136E-1 4.30651E-1 3.99817E-1 4.17561E-1 3.99079E-1 3.29651E-1 6.43254E-2 1.25089E-1 3.57275E-1 3.24493E-1 9.51606E-2 9.07048E-2 2.55596E-1 3.13749E-1 3.96294E-1 4.34314E-1 4.02488E-1 1.77662E-1 1.79199E-1 1.23103E-1 1.14307E-1 8.28086E-2 1.23694E-1 3.99917E-2 8.0451E-2 8.59879E-2 5.14232E-2 7.30239E-3 4.44104E-2 2.83711E-2 1.36063E-1 1.03583E-1 1.04586E-1 1.05915E-1 9.76414E-2 2.9461E-1 3.92438E-1 3.60368E-1 4.7611E-1 3.52519E-1 3.24039E-1 1.95464E-1 5.98328E-5 2.49228E-3 1.38514E-3 0E0 0E0
1.88963E-1 1.87327E-1 1.74054E-1 4.93833E-2 7.11089E-2 6.34219E-2 3.87087E-2 6.21883E-2 5.81875E-2 5.69955E-2 8.40821E-2 8.90861E-2 1.00286E-1 1.0016E-1 9.90005E-2 5.96922E-2 1.37515E-1 7.8134E-2 5.60358E-2 3.80016E-2 4.76763E-2 6.99735E-2 7.61934E-2 6.36465E-2 3.7259E-1 4.21152E-1 4.18293E-1 4.13885E-1 4.64288E-1 1.18441E-1 3.88711E-2 3.81558E-2 2.54681E-1 2.53076E-1 7.4706E-2 4.02396E-2 1.33396E-1 3.14505E-1 3.94213E-1 1.30779E-1 5.9962E-2 7.41717E-2 9.60233E-2 1.40625E-1 5.43643E-2 1.02701E-1 1.00379E-1 1.16668E-1 6.33576E-2 6.20505E-2 3.58271E-2 5.44615E-2 9.86951E-2 4.30449E-2 1.02369E-1 1.12247E-1 1.83779E-1 1.71446E-1 4.13404E-1 3.9208E-1 4.96296E-1 2.64525E-1 2.56531E-1 6.96304E-2 2.43749E-2 0E0 2.77622E-2 0E0 0E0 0E0
3.6758E-1 2.11291E-1 7.94832E-2 9.93142E-2 6.15702E-2 5.5689E-2 5.87583E-2 5.40122E-2 1.31502E-1 2.22847E-1 1.76115E-1 1.04027E-1 1.10648E-1 1.18908E-1 1.10616E-1 5.75634E-2 1.03156E-1 2.03711E-1 8.87808E-2 5.20856E-2 3.96023E-2 4.26709E-2 8.97999E-2 8.19583E-2 4.0472E-1 3.41556E-1 3.96015E-1 4.53374E-1 3.52853E-1 1.32401E-1 3.33679E-2 1.9834E-2 7.609E-2 9.60851E-2 1.13348E-1 1.41075E-1 5.54568E-2 1.26422E-1 4.8874E-2 3.24232E-2 6.00978E-2 1.23862E-2 5.14325E-2 7.89413E-2 6.18427E-2 4.1291E-2 6.58172E-2 7.2349E-2 7.60263E-3 2.92238E-2 3.22306E-2 6.51645E-2 1.0208E-1 1.47388E-1 1.02166E-1 1.0395E-1 7.74742E-2 9.30146E-2 4.28278E-1 4.46449E-1 4.35993E-1 2.1808E-1 1.75172E-1 4.72702E-2 0E0 0E0 0E0 3.4231E-2 5.61362E-2 6.31507E-2
4.05316E-1 2.30395E-1 7.41171E-2 7.60296E-2 7.5243E-2 6.84706E-2 6.44344E-2 7.18284E-2 1.02328E-1 2.06137E-1 1.31236E-1 3.41808E-1 2.12136E-1 1.07624E-1 9.42532E-2 7.01403E-2 6.10859E-2 2.07233E-1 7.32725E-2 8.4676E-2 5.74892E-2 4.28343E-2 7.45355E-2 8.1374E-2 1.69266E-1 3.78273E-1 3.10137E-1 3.8995E-1 3.80167E-1 8.59444E-2 1.40839E-1 1.05257E-1 5.09103E-2 1.08701E-1 1.36054E-1 1.4708E-1 9.49215E-2 1.13346E-1 3.91768E-2 2.47324E-2 5.38834E-2 2.65737E-2 8.56344E-2 7.67015E-2 2.63733E-2 6.60201E-2 6.05033E-2 2.02168E-1 2.27074E-2 6.17143E-2 4.09769E-2 1.10046E-1 7.92783E-2 1.96512E-1 9.0687E-2 8.98192E-2 1.0408E-1 8.91167E-2 4.25368E-1 3.65552E-1 4.58967E-1 2.37202E-1 1.35087E-1 1.00091E-1 0E0 0E0 0E0 0E0 3.34128E-3 1.83789E-2
3.48177E-1 3.49E-1 2.4591E-1 7.80327E-2 7.66523E-2 6.76756E-2 8.2494E-2 7.75661E-2 1.82641E-1 1.41036E-1 1.5414E-1 3.64519E-1 1.72728E-1 1.02627E-1 7.08297E-2 4.39693E-2 6.70688E-2 1.9466E-1 9.21903E-2 7.57345E-2 5.577E-2 4.61017E-2 1.82978E-1 5.82599E-2 1.42398E-1 1.42777E-1 3.48736E-1 2.78054E-1 3.46155E-1 2.45697E-1 1.25536E-1 -9999 4.62615E-2 4.42168E-2 4.59248E-2 1.52447E-1 9.41179E-2 4.06731E-2 6.86114E-2 5.82006E-2 6.19306E-2 6.24661E-2 5.25382E-2 1.12546E-1 4.51004E-2 3.45161E-2 9.0238E-2 1.3948E-1 6.74329E-2 9.44195E-2 6.99597E-2 6.04781E-2 1.05905E-1 1.49447E-1 8.32103E-2 4.46738E-2 1.05698E-1 1.15329E-1 1.90754E-1 4.09186E-1 4.85855E-1 3.16996E-1 1.52903E-1 3.26846E-2 0E0 0E0 0E0 0E0 0E0 0E0
3.25501E-1 3.20097E-1 3.81375E-1 1.49682E-1 6.42876E-2 6.30912E-2 7.39911E-2 9.69249E-2 9.93073E-2 1.8249E-1 6.22375E-2 1.9391E-1 3.88623E-1 1.6571E-1 7.35549E-2 9.12984E-2 5.53206E-2 6.39953E-2 1.36275E-1 1.54229E-1 1.4228E-1 7.10197E-2 8.68176E-2 1.47102E-1 1.14956E-1 1.11745E-1 1.31834E-1 3.93341E-1 2.83725E-1 8.21641E-2 3.77412E-2 5.37433E-2 6.63769E-2 6.09735E-2 4.85927E-2 1.31965E-1 1.24215E-1 1.76319E-1 7.89483E-2 7.55132E-2 5.58846E-2 8.22636E-2 8.16052E-2 7.15985E-2 9.37546E-2 1.30668E-1 1.05553E-1 1.31598E-1 9.88533E-2 8.00377E-2 7.03972E-2 1.43303E-1 1.70567E-1 1.94983E-1 8.63222E-2 8.52302E-2 1.0667E-1 7.37377E-2 2.08896E-1 4.41219E-1 3.47223E-1 1.7385E-1 5.56992E-2 2.95404E-2 0E0 0E0 0E0 0E0 0E0 0E0
3.33451E-1 3.37411E-1 1.85077E-1 6.24228E-2 9.05524E-2 5.57696E-2 4.5149E-2 7.24269E-2 3.68535E-1 1.70965E-1 1.42317E-1 1.09433E-1 2.18022E-1 4.21736E-1 3.90022E-1 1.38409E-1 1.30669E-1 6.50777E-2 5.87295E-2 1.35909E-1 1.47162E-1 7.73616E-2 7.33599E-2 6.67278E-2 3.06559E-1 2.91958E-1 3.59308E-1 3.64507E-1 3.00966E-1 6.67528E-2 6.86724E-2 6.13896E-2 6.86527E-2 8.82657E-2 6.83043E-2 9.22571E-2 1.57743E-1 1.39722E-1 1.3833E-1 7.15125E-2 4.83805E-2 9.11353E-2 8.02968E-2 9.46877E-2 8.81448E-2 8.53299E-2 6.66283E-2 4.74645E-2 2.95343E-2 9.91479E-2 1.03607E-1 8.29001E-2 8.59707E-2 2.04137E-1 1.80539E-1 7.13277E-2 3.42467E-2 1.62023E-1 4.28256E-1 3.35208E-1 2.98404E-1 6.767E-2 0E0 0E0 0E0 0E0 0E0 0E0 0E0 0E0
