ENM/Final_Models/M_2_F_q_Set_1_EC/Gustavia_santanderiensis_4_Choco_clamping.asc
ncols         367
nrows         963
xllcorner     -78.6
yllcorner     0.65
cellsize      0.00833333333333323
NODATA_value  -9999
[rows 248 to 278 of 963, columns 140 to 209 of 367]
-9999 -9999 -9999 -9999 -9999 -9999 -9999 -9999 -9999 -9999 -9999 -9999 -9999 -9999 1.52113E-2 3.61712E-2 3.878E-2 4.02939E-2 2.77371E-2 2.99797E-2 2.48951E-2 3.86906E-2 3.71483E-2 2.10557E-2 1.01768E-2 7.14256E-3 3.77407E-3 2.85026E-3 5.24917E-3 1.26629E-2 3.96497E-3 1.27267E-3 1.89246E-4 2.28465E-4 1.81958E-5 1.85792E-5 6.78774E-6 2.11161E-6 2.68154E-8 2.31583E-9 1.46152E-10 9.99953E-10 3.34055E-12 4.31821E-12 2.38698E-14 1.89138E-11 2.44249E-15 3.12861E-13 1.20581E-12 6.0195E-9 1.9762E-14 7.54952E-15 1.11022E-16 0E0 2.22045E-16 1.09056E-10 1.29896E-13 6.43585E-12 7.36411E-13 1.91972E-10 4.88843E-11 8.10463E-15 3.55271E-14 1.6565E-11 3.79874E-6 3.31666E-9 7.28451E-12 3.75407E-9 5.4734E-14 1.43993E-9
-9999 -9999 -9999 -9999 -9999 -9999 -9999 -9999 -9999 -9999 -9999 -9999 -9999 -9999 1.18892E-2 2.07861E-2 2.67386E-2 4.43594E-2 2.94999E-2 2.75898E-2 1.41235E-2 3.45996E-2 3.75622E-2 1.48304E-2 2.17011E-2 5.25983E-3 2.91033E-3 2.79634E-3 5.18047E-3 3.20482E-3 2.36014E-3 1.27054E-4 2.70979E-4 9.43115E-5 8.92685E-5 7.43543E-5 3.6869E-6 5.04748E-6 1.79115E-7 6.49344E-9 4.91887E-9 3.88191E-7 1.60941E-9 3.52867E-9 2.82885E-13 3.93413E-11 5.85976E-13 1.32605E-12 2.0456E-11 1.3889E-11 3.83071E-12 3.475E-14 0E0 3.08642E-14 1.11022E-16 5.5278E-13 6.66134E-15 2.4705E-11 4.67817E-10 4.79091E-9 1.44214E-10 1.68777E-10 1.95787E-11 2.82456E-11 1.00038E-9 1.58962E-8 5.74973E-8 1.76393E-7 7.83722E-7 2.57762E-6
-9999 -9999 -9999 -9999 -9999 -9999 -9999 -9999 -9999 -9999 -9999 -9999 -9999 0E0 0E0 6.94532E-3 1.46832E-2 3.54241E-2 1.65697E-2 9.08738E-3 6.64946E-3 3.34276E-2 2.47125E-2 1.26314E-2 1.2942E-2 1.33023E-2 7.10312E-3 7.66796E-3 2.02417E-3 1.27801E-3 2.79535E-4 1.60213E-3 1.08981E-3 2.76974E-5 1.98261E-5 3.16835E-4 2.38033E-5 6.35363E-7 2.91248E-7 5.09974E-9 2.02421E-8 1.14298E-9 4.73192E-10 4.83822E-9 1.96563E-10 1.93301E-11 4.52809E-11 7.0399E-8 8.64278E-9 6.16063E-13 3.37508E-13 4.44089E-15 0E0 0E0 0E0 0E0 0E0 2.59748E-12 5.24476E-11 9.29801E-12 4.48974E-13 7.92488E-12 8.7399E-10 7.58393E-13 2.09703E-11 1.35411E-7 7.15351E-6 7.55974E-6 1.47944E-5 3.33951E-6
-9999 -9999 -9999 -9999 -9999 -9999 -9999 -9999 -9999 -9999 -9999 -9999 -9999 1.32829E-3 0E0 0E0 2.58878E-3 1.51209E-2 5.1111E-3 4.04282E-3 2.33232E-2 2.94375E-2 3.76688E-2 2.49616E-2 2.71126E-2 1.43846E-2 4.1761E-3 1.85651E-3 3.87568E-3 4.91091E-3 5.20407E-4 5.42802E-4 1.92893E-6 1.71964E-6 5.63013E-9 7.13976E-7 3.4949E-8 2.78273E-8 4.67286E-7 1.04619E-7 1.76951E-9 2.77647E-10 4.65809E-11 7.0681E-11 2.31012E-10 8.29026E-12 2.59833E-11 3.91487E-12 8.46878E-13 1.99951E-13 1.06359E-13 8.77076E-15 1.98397E-13 1.11022E-16 0E0 0E0 1.11022E-16 2.69784E-14 1.00242E-11 7.77156E-16 2.8707E-12 1.16573E-14 1.9984E-15 2.12663E-12 3.32123E-12 1.0457E-10 6.43127E-9 1.01693E-8 1.84835E-10 1.50204E-8
-9999 -9999 -9999 -9999 -9999 -9999 -9999 -9999 -9999 -9999 -9999 -9999 -9999 6.80663E-3 5.41192E-3 0E0 1.19034E-3 7.19336E-3 2.43283E-2 2.48243E-2 2.93996E-2 2.26432E-2 2.94106E-2 2.98135E-2 3.9663E-2 1.67743E-2 1.68412E-3 1.12366E-4 1.11036E-2 7.4488E-4 2.22643E-4 2.12146E-3 7.56251E-7 3.98725E-5 1.87946E-7 7.70527E-9 1.17398E-8 3.85688E-7 3.4082E-8 9.76691E-9 2.92292E-9 1.66538E-10 7.50766E-12 5.83977E-12 3.32834E-12 3.03513E-12 4.41095E-10 2.2238E-11 9.42421E-9 1.83462E-11 1.77636E-15 0E0 9.56013E-13 5.88418E-15 6.10623E-15 1.22125E-15 4.13558E-13 1.77636E-15 3.19744E-14 0E0 1.05471E-14 9.21485E-15 0E0 1.26161E-11 2.05391E-14 1.73195E-14 1.18239E-13 1.31894E-13 1.16296E-12 4.94005E-12
-9999 -9999 -9999 -9999 -9999 -9999 -9999 -9999 -9999 -9999 -9999 -9999 3.15457E-2 7.35294E-3 4.37456E-3 3.33903E-3 2.96637E-3 1.16133E-2 3.91178E-2 5.01473E-2 3.54188E-2 4.25371E-2 4.17665E-2 4.75832E-2 4.54145E-2 4.26597E-2 1.83109E-2 1.97436E-3 1.01924E-2 5.20592E-4 5.41917E-5 5.15107E-6 1.09361E-5 1.57208E-4 3.04661E-6 1.7975E-5 1.32629E-4 2.51063E-7 4.53561E-8 2.18554E-8 7.56857E-10 2.4289E-10 1.76228E-11 4.72698E-10 4.38151E-10 7.05356E-11 5.48295E-12 1.09124E-10 7.54319E-12 9.69669E-13 7.40519E-14 3.33067E-16 1.66533E-15 1.03511E-11 6.25056E-14 3.66374E-15 1.40998E-14 1.11022E-16 4.44089E-16 1.11022E-16 8.25118E-13 6.3316E-13 1.07692E-14 1.75316E-9 1.07768E-11 2.19824E-13 3.27627E-13 3.96605E-12 1.9984E-14 8.09353E-14
-9999 -9999 -9999 -9999 -9999 -9999 -9999 -9999 -9999 -9999 -9999 -9999 -9999 1.17244E-2 0E0 1.70949E-2 2.2911E-2 2.55009E-2 5.54233E-2 4.61731E-2 4.6351E-2 5.34443E-2 4.39327E-2 4.85412E-2 6.09024E-2 2.27054E-2 2.6541E-2 8.57305E-3 7.14464E-3 3.77092E-4 1.95856E-4 1.25637E-6 1.42706E-4 8.85435E-4 9.68576E-7 3.18929E-5 1.51484E-3 1.69123E-4 3.08745E-7 1.39021E-9 7.82674E-12 1.14321E-11 3.72458E-12 1.3923E-9 2.01607E-11 1.31652E-10 1.81999E-12 2.64289E-10 2.84337E-9 1.26352E-9 7.9825E-14 1.11022E-16 9.99201E-16 9.99201E-16 4.88498E-15 1.30409E-11 1.44329E-15 8.10463E-15 3.33067E-16 3.29736E-14 4.60221E-12 1.35551E-9 5.65525E-11 1.03715E-9 3.4001E-8 2.14273E-14 2.6254E-8 3.27475E-6 6.77696E-10 2.27626E-10
-9999 -9999 -9999 -9999 -9999 -9999 -9999 -9999 -9999 -9999 -9999 -9999 -9999 4.40326E-3 1.9583E-3 8.40903E-3 2.93755E-2 2.93398E-2 6.4516E-2 4.50024E-2 2.91023E-2 5.90648E-2 4.79672E-2 4.59803E-2 5.83439E-2 4.39675E-2 6.37852E-3 8.86491E-3 3.45395E-3 2.5722E-3 1.94584E-4 2.37343E-6 6.02799E-7 8.06915E-5 4.14175E-5 1.23101E-3 2.8787E-3 2.59281E-3 8.01878E-6 2.07234E-7 9.74694E-9 1.84446E-11 9.83729E-10 1.90342E-10 7.59486E-11 3.40576E-11 2.9117E-11 3.25007E-12 2.12463E-12 1.47715E-12 8.88178E-15 3.66374E-14 1.9984E-15 5.66214E-15 3.77476E-15 0E0 1.23568E-13 2.22045E-16 0E0 3.10862E-15 1.11022E-16 3.33067E-16 0E0 4.83857E-12 9.87221E-12 7.0896E-9 1.49011E-10 1.8857E-9 2.76428E-10 3.26724E-10
-9999 -9999 -9999 -9999 -9999 -9999 -9999 -9999 -9999 -9999 -9999 -9999 2.28591E-2 1.49047E-2 9.63901E-3 3.84548E-2 5.05184E-2 5.41107E-2 5.56145E-2 5.85461E-2 5.65523E-2 5.65165E-2 5.01637E-2 4.939E-2 4.65679E-2 5.00278E-2 5.01386E-2 2.8117E-2 4.56644E-2 2.61521E-2 4.48687E-3 7.864E-6 4.2197E-5 7.95331E-7 2.51971E-6 8.10232E-5 2.65461E-3 4.01046E-4 8.62756E-5 4.26474E-5 1.32473E-7 8.467E-12 1.01574E-12 2.70939E-12 1.3744E-11 4.28813E-12 8.86735E-13 4.66294E-15 1.11022E-16 0E0 0E0 0E0 1.11022E-16 6.88338E-15 1.06026E-13 7.46847E-13 2.10942E-14 1.11022E-16 0E0 1.11022E-16 3.66374E-15 4.38538E-14 0E0 3.18523E-13 3.14315E-12 1.20712E-10 4.73076E-9 2.58717E-10 1.9462E-10 3.28527E-11
-9999 -9999 -9999 -9999 -9999 -9999 -9999 -9999 -9999 -9999 -9999 -9999 2.21223E-2 1.3068E-2 2.39475E-2 3.79129E-2 1.01195E-2 6.60097E-3 3.93276E-2 5.72613E-2 4.07307E-2 2.81137E-2 3.79252E-2 5.13122E-2 5.33097E-2 3.05666E-2 1.23039E-2 2.36213E-2 1.91494E-2 3.13441E-2 2.17639E-2 2.68462E-3 5.10048E-4 2.41027E-4 2.05328E-3 6.19949E-4 5.01202E-4 4.53072E-4 2.84128E-7 5.26459E-6 2.39216E-6 1.36117E-11 2.81535E-10 3.65379E-11 8.70895E-10 1.39316E-9 6.41465E-12 2.3781E-13 1.78746E-14 8.88178E-16 5.02931E-14 7.77156E-16 1.11022E-16 0E0 1.21902E-13 2.14251E-12 1.70219E-12 3.31957E-14 1.11022E-16 0E0 0E0 1.62136E-11 1.45439E-14 2.4647E-14 9.0179E-8 1.44756E-11 3.39077E-10 3.60891E-10 1.58229E-12 1.70918E-11
-9999 -9999 -9999 -9999 -9999 -9999 -9999 -9999 -9999 -9999 -9999 -9999 2.46351E-2 3.78947E-3 1.62472E-2 3.61475E-3 0E0 0E0 3.65043E-3 1.88628E-2 1.79593E-2 2.3698E-2 2.04566E-2 4.81337E-2 2.34526E-2 1.47926E-2 3.01693E-2 0E0 1.57974E-3 8.22621E-3 1.61678E-2 3.55057E-3 8.45329E-4 5.3637E-3 6.9541E-3 3.74387E-3 1.58753E-2 2.63091E-2 1.4054E-4 4.90573E-5 3.64206E-9 3.93829E-12 6.88048E-6 7.76896E-9 8.31718E-9 7.93143E-8 5.0142E-10 1.67186E-9 6.6338E-12 7.99205E-11 1.24145E-11 8.72191E-13 2.72005E-14 1.44329E-15 2.15272E-13 7.88258E-15 2.88658E-15 8.09353E-14 2.30371E-13 1.11022E-16 2.77556E-15 2.93643E-12 3.53639E-12 1.23982E-9 3.88837E-9 2.69895E-13 2.44398E-9 3.30429E-5 2.64302E-7 1.42803E-6
-9999 -9999 -9999 -9999 -9999 -9999 -9999 -9999 -9999 -9999 -9999 -9999 1.89301E-2 4.67157E-3 6.04448E-3 0E0 0E0 0E0 0E0 0E0 0E0 1.02462E-2 2.58919E-2 1.9826E-2 2.26594E-3 0E0 2.2156E-3 3.98555E-3 2.18963E-2 2.43176E-2 4.6387E-3 6.9126E-4 9.85128E-3 1.71842E-2 1.68481E-3 3.96427E-5 1.77251E-6 3.79356E-6 1.93857E-7 1.30106E-7 1.2123E-8 5.28195E-11 5.36213E-10 3.362E-9 1.29279E-10 2.03942E-11 1.99877E-11 1.57918E-9 1.3242E-11 3.48832E-12 1.41731E-12 1.48426E-12 6.09512E-14 1.62093E-14 3.32079E-12 7.78855E-12 6.62737E-12 1.00711E-11 1.11022E-16 9.10383E-12 6.56253E-13 3.57396E-10 6.33975E-11 1.55431E-15 4.06397E-12 7.26086E-14 1.91014E-12 1.1985E-9 1.09678E-9 6.03469E-8
-9999 -9999 -9999 -9999 -9999 -9999 -9999 -9999 -9999 -9999 -9999 4.19891E-2 1.32722E-2 1.69469E-3 0E0 0E0 0E0 0E0 0E0 0E0 0E0 5.94103E-3 2.04617E-2 4.54237E-3 3.29455E-3 9.46618E-3 4.20999E-3 2.78608E-2 3.70003E-2 1.94106E-2 7.77936E-4 2.432E-4 2.96938E-3 2.42695E-3 7.28016E-5 2.26981E-5 4.04348E-7 1.05025E-7 3.74552E-8 2.56625E-5 2.92679E-8 3.69214E-10 1.10109E-8 2.54316E-9 4.68688E-11 1.31828E-11 2.53079E-9 3.03982E-9 6.98053E-12 5.93747E-13 8.61533E-14 1.61648E-13 1.97398E-13 6.42919E-12 2.85327E-14 6.91669E-14 2.29816E-14 2.17937E-13 5.55112E-16 2.80631E-12 1.72765E-8 1.44702E-6 9.15813E-6 1.94289E-14 1.77636E-14 1.68754E-14 1.05582E-13 6.55032E-14 4.48777E-11 1.65745E-7
-9999 -9999 -9999 -9999 -9999 -9999 -9999 -9999 -9999 -9999 -9999 4.01405E-2 1.0227E-2 0E0 0E0 0E0 0E0 0E0 0E0 0E0 0E0 9.38014E-3 9.45319E-3 7.42554E-3 9.3576E-3 1.72795E-2 1.65046E-2 2.80727E-2 4.02932E-3 7.69549E-3 9.82364E-4 1.41172E-4 2.99603E-4 7.92365E-6 1.49418E-5 7.23928E-6 1.57822E-6 6.46995E-7 9.40466E-7 4.76896E-5 3.62305E-7 8.11017E-8 1.36197E-7 4.34414E-9 6.11509E-10 1.98008E-9 4.09879E-8 6.5423E-9 2.51354E-11 9.55798E-11 8.36936E-11 4.86023E-11 1.04008E-10 8.9424E-12 4.28471E-11 4.10783E-15 4.44089E-16 1.06026E-13 1.11022E-14 2.93543E-13 1.04601E-10 4.20838E-10 2.49649E-10 3.56937E-13 9.10383E-15 2.66454E-14 3.46168E-13 1.78424E-12 7.38298E-14 2.35006E-10
-9999 -9999 -9999 -9999 -9999 -9999 -9999 -9999 -9999 -9999 2.42506E-2 1.49499E-2 5.37924E-4 0E0 0E0 0E0 0E0 0E0 0E0 0E0 1.83708E-3 1.43382E-2 3.11815E-3 1.48661E-3 4.0112E-3 1.20326E-3 1.59217E-2 2.57428E-2 3.60984E-2 5.06383E-2 1.44045E-2 2.34168E-3 6.53456E-5 6.12581E-4 2.45006E-5 1.31011E-4 5.08508E-5 1.17251E-4 9.4378E-6 8.88579E-6 2.86358E-8 4.99183E-5 2.22107E-7 8.33936E-8 1.19428E-9 1.41194E-8 5.14169E-9 4.38302E-9 2.40116E-11 1.10639E-11 8.72594E-11 6.13728E-10 3.23831E-10 9.38694E-12 3.74645E-12 2.02616E-13 8.65974E-15 6.32827E-15 3.91798E-13 1.28786E-14 2.39653E-12 3.66251E-12 1.70481E-11 6.96554E-12 2.0387E-10 1.30485E-12 5.85088E-14 1.12743E-12 5.11347E-12 2.28013E-10
-9999 -9999 -9999 -9999 -9999 -9999 -9999 -9999 -9999 5.47352E-3 3.32549E-2 6.89868E-3 0E0 0E0 0E0 0E0 0E0 0E0 0E0 0E0 8.62076E-3 1.75931E-2 7.01047E-3 1.6138E-2 3.12509E-2 1.50529E-2 3.92125E-2 2.00661E-2 4.96942E-3 3.41665E-2 3.21021E-2 9.3864E-3 1.02493E-3 3.15916E-3 4.96627E-4 2.76408E-4 5.88151E-6 2.60384E-6 6.33844E-7 6.3165E-8 2.55236E-6 1.10915E-5 2.32753E-6 5.09708E-6 2.97782E-9 1.88009E-10 4.262E-8 6.61498E-9 4.21585E-11 2.38365E-13 3.02825E-8 3.22262E-9 2.56931E-11 2.01698E-11 3.33067E-15 9.65894E-15 3.70814E-14 1.11022E-13 6.66578E-13 2.15812E-11 1.9984E-15 4.36051E-12 9.06132E-10 5.69974E-11 5.75563E-10 1.32647E-8 1.82516E-11 1.50463E-10 4.24726E-8 7.86305E-11
-9999 -9999 -9999 -9999 -9999 -9999 -9999 -9999 -9999 -9999 1.60465E-2 8.88505E-3 2.34067E-3 7.94577E-3 7.13571E-3 0E0 0E0 0E0 0E0 1.90387E-2 4.01185E-2 2.85517E-2 2.52649E-2 2.96279E-2 2.4562E-2 2.80046E-2 1.88425E-2 2.44008E-3 2.07656E-3 6.16537E-4 3.07244E-2 1.63664E-2 2.29636E-3 8.68416E-5 1.26603E-3 1.32433E-4 1.76598E-4 4.03355E-7 1.8951E-7 2.66787E-8 2.28797E-9 6.00437E-8 5.18346E-9 1.33785E-8 2.21255E-8 9.28559E-8 7.86395E-8 2.61086E-8 1.186E-8 5.42741E-9 1.88426E-10 4.72722E-11 2.68026E-11 7.76157E-13 5.3737E-12 3.88578E-14 1.26565E-14 1.70752E-13 2.45359E-13 1.81932E-12 3.10414E-10 9.84944E-11 2.64511E-9 1.68586E-9 1.01131E-10 2.99419E-8 8.20136E-11 1.11697E-10 7.97593E-10 3.0017E-10
-9999 -9999 -9999 -9999 -9999 -9999 -9999 -9999 -9999 -9999 2.70034E-2 3.16147E-2 1.6936E-2 1.4477E-2 1.47891E-2 0E0 0E0 0E0 7.19687E-3 7.18589E-3 2.36918E-2 0E0 0E0 1.438E-3 6.97384E-3 4.94359E-4 6.89662E-3 1.96806E-2 2.91113E-2 2.77558E-2 1.88446E-2 6.89207E-4 5.00963E-6 1.05878E-4 3.49139E-4 1.18561E-4 1.47807E-4 2.02199E-6 1.817E-7 1.60971E-8 1.72832E-10 6.20434E-10 2.73914E-10 1.37903E-9 1.77619E-11 6.42578E-10 1.42711E-9 5.17287E-8 1.54889E-8 2.71659E-9 6.71178E-8 3.81411E-8 7.50806E-11 2.5997E-12 8.96838E-13 1.55749E-11 7.77156E-16 6.43929E-15 4.03011E-14 5.23814E-12 1.7174E-12 1.72817E-12 3.70735E-7 3.61476E-7 6.45639E-9 4.71431E-10 6.87872E-12 2.23943E-12 6.99613E-11 3.53162E-13
-9999 -9999 -9999 -9999 -9999 -9999 -9999 -9999 -9999 3.90888E-2 4.45371E-2 5.76076E-2 2.98922E-2 2.15599E-2 1.03075E-2 3.38903E-3 0E0 0E0 0E0 0E0 6.19389E-3 0E0 0E0 0E0 0E0 0E0 2.13201E-2 2.92735E-2 1.22685E-2 7.96893E-3 3.30814E-3 9.74063E-6 3.33121E-5 2.06955E-5 1.13417E-4 1.06753E-5 2.01965E-7 7.30085E-8 2.34305E-8 9.63608E-10 7.9608E-9 1.71985E-9 1.98688E-10 1.59491E-9 2.18626E-10 9.18021E-12 1.79939E-11 2.23785E-8 5.10573E-9 1.24683E-8 6.61212E-10 2.71045E-10 4.85456E-10 2.53128E-11 4.05009E-13 9.11339E-10 4.53415E-13 2.2049E-13 2.68563E-13 2.35778E-12 3.31655E-11 3.12567E-11 8.89246E-8 7.72641E-8 3.72617E-10 1.37196E-10 6.29718E-13 1.73688E-11 4.9547E-12 1.14118E-11
-9999 -9999 -9999 -9999 -9999 -9999 -9999 -9999 -9999 3.12701E-2 3.3106E-2 4.49828E-2 1.82612E-2 2.44108E-2 2.22094E-2 9.6069E-4 0E0 1.29525E-3 0E0 0E0 6.40998E-3 6.64003E-4 0E0 0E0 0E0 0E0 3.61494E-2 5.12842E-2 4.51538E-2 4.15321E-2 2.66105E-2 5.10428E-4 1.60776E-4 5.7444E-4 3.12971E-6 7.21626E-6 1.85898E-7 3.4596E-9 4.12132E-9 1.40463E-7 3.79578E-7 1.05944E-7 2.54955E-9 5.04341E-11 3.56964E-11 1.92902E-11 8.17768E-12 2.94873E-10 1.0452E-9 5.07074E-9 1.67205E-11 5.91894E-11 2.81176E-9 3.74222E-11 3.50754E-10 1.20427E-7 2.54821E-11 1.02478E-11 2.70556E-8 2.30553E-11 7.25377E-10 9.84468E-12 3.28886E-9 3.50318E-8 8.35869E-9 1.01007E-8 2.40958E-11 6.14175E-13 1.32302E-11 2.10012E-10
-9999 -9999 -9999 -9999 -9999 -9999 -9999 -9999 -9999 1.73125E-2 3.50186E-2 2.39182E-2 9.10386E-4 0E0 0E0 0E0 8.3827E-4 9.94941E-4 3.597E-3 7.60215E-3 2.3791E-2 1.66652E-2 1.25188E-2 9.38693E-3 2.01604E-2 2.33004E-2 4.23059E-2 3.44402E-2 1.85011E-2 1.48754E-2 3.94484E-2 1.55062E-4 4.00416E-4 7.32612E-4 5.71857E-6 2.61715E-6 1.33468E-6 1.84189E-8 3.17372E-7 2.00447E-7 9.99366E-8 1.77447E-9 1.80903E-8 2.49945E-8 6.30587E-11 5.59198E-11 3.74213E-10 6.11065E-11 1.39877E-12 1.43952E-10 1.83746E-8 7.18839E-11 2.58602E-10 2.56939E-12 2.78963E-9 1.93969E-7 1.7129E-7 7.96856E-9 1.56854E-6 5.92983E-9 6.72952E-8 1.50746E-9 5.17364E-11 7.21193E-10 1.07946E-11 8.56427E-11 2.55951E-12 5.84155E-12 3.58213E-11 9.01647E-11
-9999 -9999 -9999 -9999 -9999 -9999 -9999 -9999 2.29053E-2 1.96874E-2 2.05809E-2 5.25047E-3 3.79159E-3 3.38489E-3 0E0 0E0 0E0 4.112E-3 3.6879E-2 4.8298E-2 5.05054E-2 3.36162E-2 3.99801E-2 3.6974E-2 3.95583E-2 4.36715E-2 5.04116E-2 9.31251E-3 2.6105E-3 1.55005E-2 3.89346E-2 2.22363E-4 3.08756E-3 1.80978E-4 3.29091E-4 3.91562E-5 1.72125E-6 2.62787E-7 1.01469E-7 1.54719E-7 3.55532E-10 3.87979E-10 1.69128E-11 1.13345E-8 1.07241E-9 1.39955E-10 5.60269E-9 1.09737E-8 1.27365E-10 1.46517E-11 2.05927E-9 2.93998E-12 1.7744E-10 4.86687E-10 2.9903E-10 1.97105E-7 2.24705E-7 3.03739E-9 8.80607E-12 4.06182E-9 4.41079E-9 3.22625E-10 5.62131E-11 2.18259E-12 1.01865E-10 1.93078E-10 5.52891E-14 1.66924E-10 2.55388E-10 1.58784E-12
-9999 -9999 -9999 -9999 -9999 -9999 -9999 2.03056E-2 1.01246E-2 1.77546E-2 9.24607E-3 1.45163E-3 0E0 0E0 0E0 0E0 3.41708E-3 1.31242E-2 3.98824E-2 5.44203E-2 7.15716E-2 5.61262E-2 2.64926E-2 2.97616E-2 1.25101E-2 5.77402E-3 1.41596E-2 3.51406E-2 1.14721E-2 4.1896E-2 2.0086E-2 2.1334E-3 3.72402E-3 1.78435E-3 2.17856E-4 4.06742E-5 1.21942E-6 1.77405E-8 1.30642E-9 1.34372E-8 2.37308E-8 7.48375E-10 1.27324E-10 2.16815E-12 5.19826E-10 7.26661E-10 1.69211E-9 3.63261E-10 1.33806E-9 5.05482E-8 1.34947E-7 4.47757E-9 3.7186E-8 6.24782E-9 3.87541E-8 5.64604E-8 5.46929E-10 4.96592E-9 2.2784E-11 1.84566E-9 6.66434E-12 7.83135E-11 9.72118E-10 1.4313E-12 3.28992E-11 8.55283E-12 1.13465E-13 1.8191E-12 3.81173E-12 1.85402E-10
-9999 -9999 -9999 -9999 -9999 -9999 -9999 -9999 2.06848E-2 1.96434E-2 1.28483E-2 1.25792E-3 0E0 0E0 0E0 0E0 1.40448E-3 3.77791E-3 4.43378E-2 4.80814E-2 5.74082E-2 5.48104E-2 4.42269E-2 2.2057E-2 8.85872E-3 2.12072E-2 3.01287E-2 5.38072E-2 2.07355E-2 3.62302E-3 1.47502E-3 3.07224E-5 3.24477E-5 2.54985E-5 6.77944E-5 2.54565E-5 8.1074E-6 6.26053E-9 1.50247E-10 6.40497E-9 1.31753E-6 2.59105E-7 6.26254E-9 2.25696E-9 6.39599E-13 9.19154E-13 5.29389E-9 2.68623E-8 5.14007E-8 8.80336E-8 1.95599E-7 1.15979E-6 5.17756E-8 7.66478E-8 4.54037E-8 1.56308E-9 5.67678E-11 7.48421E-11 2.26016E-9 1.35036E-9 1.60284E-10 6.65711E-11 1.36639E-9 1.13354E-12 3.65453E-10 1.97437E-10 2.46937E-11 4.9627E-14 9.54792E-15 2.09663E-11
-9999 -9999 -9999 -9999 -9999 -9999 -9999 -9999 -9999 3.50378E-2 3.05317E-2 1.17775E-2 4.63162E-3 1.10055E-3 7.02276E-3 9.13983E-3 1.09224E-2 1.06166E-2 3.28323E-2 4.53904E-2 4.80035E-2 2.66753E-2 1.31543E-2 5.79046E-2 5.19794E-2 5.55576E-2 4.85268E-2 4.91112E-2 4.39689E-2 2.02355E-2 3.43904E-2 1.76816E-3 6.52152E-6 6.40286E-6 9.9524E-7 1.40711E-4 5.65898E-6 4.96017E-7 3.76248E-7 6.47285E-9 3.95795E-6 6.68782E-5 6.67797E-7 7.34276E-10 4.61816E-8 5.92097E-9 1.3258E-8 2.1184E-8 6.6145E-8 6.49324E-7 7.00615E-7 1.11392E-8 5.5135E-7 1.50405E-8 2.24428E-8 3.84889E-9 1.40413E-10 1.95212E-10 5.77189E-11 4.71728E-11 1.66236E-10 1.9725E-10 1.45763E-11 2.46625E-12 5.48361E-12 2.00799E-10 7.62981E-11 5.47784E-13 1.55542E-13 1.62947E-12
-9999 -9999 -9999 -9999 -9999 -9999 -9999 -9999 -9999 7.72834E-2 5.20602E-2 2.63936E-2 0E0 0E0 2.15596E-3 8.40102E-3 1.72939E-2 7.84509E-3 3.30366E-2 5.46992E-2 4.29608E-2 3.02433E-2 3.97914E-3 2.78526E-2 3.67475E-2 1.0358E-2 2.04835E-2 3.44794E-2 4.79004E-2 4.77358E-2 2.37744E-2 3.04027E-2 1.61298E-2 7.91768E-3 7.24181E-6 3.87199E-4 3.11924E-5 3.54574E-7 1.1346E-6 4.6153E-6 4.61796E-5 1.75158E-5 5.26561E-6 8.71661E-7 3.59073E-8 3.92701E-8 2.59598E-7 3.65573E-7 1.4767E-10 4.84843E-8 1.84637E-6 3.72767E-8 2.09562E-6 9.18273E-8 1.97091E-8 8.95272E-10 1.78971E-10 1.94453E-9 6.17633E-10 6.17095E-12 2.21183E-11 7.23075E-10 1.27482E-10 1.00356E-11 1.08802E-13 1.40179E-11 6.90104E-12 5.32907E-14 1.64646E-13 9.05609E-13
-9999 -9999 -9999 0E0 0E0 -9999 2.36826E-2 -9999 5.80758E-2 8.43733E-2 6.01396E-2 1.86916E-2 7.6033E-3 4.188E-3 0E0 0E0 6.60669E-4 1.24419E-2 3.65301E-2 4.02224E-2 4.92281E-2 4.74974E-2 4.03343E-2 2.81056E-2 1.4059E-2 1.40666E-3 4.5051E-4 1.00616E-3 5.62662E-2 6.77976E-2 5.69459E-2 2.5213E-2 7.5364E-3 4.2015E-3 8.04352E-3 5.82872E-4 5.53639E-5 7.91606E-7 2.25923E-5 4.66999E-4 1.80394E-4 4.46282E-6 2.44993E-6 1.11402E-7 6.86911E-9 2.53201E-7 6.72887E-6 2.95666E-6 2.45868E-8 2.5393E-7 1.29551E-6 1.83605E-7 1.75632E-6 3.32244E-7 1.5728E-6 1.24507E-8 2.88606E-7 3.23787E-8 4.04138E-9 6.56788E-10 6.35104E-10 6.33613E-9 5.40845E-11 3.9307E-11 1.23063E-11 1.73788E-11 4.31677E-12 1.4576E-11 1.52903E-11 2.86439E-11
-9999 -9999 -9999 -9999 3.21214E-4 2.14402E-2 3.32311E-2 3.85521E-2 5.22256E-2 6.37742E-2 2.62605E-2 8.11608E-3 9.41395E-4 2.20156E-3 0E0 0E0 0E0 0E0 1.18697E-2 1.14649E-2 1.23459E-2 1.5804E-2 3.61457E-2 4.67525E-2 5.93294E-2 1.26058E-2 6.52347E-3 1.41107E-3 1.71987E-3 3.81176E-3 5.66123E-2 6.52166E-2 7.12502E-2 5.90324E-2 2.68438E-2 2.51765E-3 4.36466E-4 1.63096E-5 3.4536E-4 1.29722E-3 7.37443E-4 1.552E-4 2.03214E-6 4.08892E-7 5.90853E-8 4.36675E-7 1.65818E-8 2.23315E-7 5.47261E-7 5.94029E-6 2.42838E-5 6.27816E-6 2.53027E-7 2.13831E-8 3.40598E-8 2.43178E-8 2.45018E-8 3.2454E-8 1.2674E-7 8.34168E-9 1.66883E-9 1.12699E-9 5.86796E-9 2.72514E-10 4.99012E-12 7.93254E-12 9.76186E-12 5.03342E-12 1.96532E-11 3.72639E-11
-9999 -9999 -9999 -9999 -9999 2.21643E-2 3.26935E-2 3.16968E-2 5.44937E-2 6.18145E-2 4.02652E-2 3.71768E-2 9.15555E-3 0E0 0E0 0E0 0E0 0E0 0E0 2.03499E-3 5.98054E-3 2.2767E-2 1.58274E-2 3.57913E-2 4.85194E-2 2.84012E-2 4.14109E-2 5.53523E-2 9.01084E-3 5.02947E-4 1.73225E-4 8.68261E-3 4.57781E-2 6.56219E-2 6.59001E-2 4.74629E-3 1.29427E-2 3.74765E-3 7.88952E-3 9.85257E-4 4.59011E-3 2.36091E-3 9.37274E-6 7.03434E-9 8.66115E-9 1.28432E-7 3.17797E-6 2.71274E-7 3.85983E-8 4.59539E-5 4.24241E-6 5.00281E-8 1.34858E-7 7.91484E-9 8.1776E-9 1.10149E-9 6.76939E-9 1.7557E-8 3.61234E-7 2.70715E-9 8.0785E-10 1.27619E-9 1.85039E-11 8.97227E-12 9.31696E-11 3.57939E-10 1.30006E-10 9.99998E-11 4.12237E-12 6.66134E-14
-9999 -9999 -9999 -9999 -9999 -9999 -9999 2.09995E-2 4.17339E-2 5.71884E-2 7.61176E-2 6.01355E-2 4.58527E-2 2.76567E-2 1.19852E-2 7.16358E-4 0E0 0E0 2.7925E-3 1.38706E-2 3.07872E-2 5.52079E-2 6.10147E-2 5.92057E-2 5.83254E-2 4.81465E-2 3.72351E-2 4.38884E-2 5.1216E-2 1.94949E-2 1.1577E-3 2.04598E-4 1.79452E-2 4.73666E-2 4.35244E-2 4.44875E-2 1.46429E-3 6.26301E-2 6.53516E-2 4.55678E-2 6.53506E-4 7.02499E-4 7.38594E-5 1.11349E-6 6.69594E-8 1.35812E-7 1.12453E-8 1.53891E-9 7.97703E-9 1.65644E-5 1.56463E-4 1.05466E-6 2.28995E-5 3.03546E-7 6.50673E-9 9.79964E-11 1.28494E-10 5.17505E-10 2.12707E-9 1.41831E-8 1.42289E-9 2.58245E-9 4.41556E-11 2.45983E-9 9.63202E-9 4.47333E-9 3.14491E-11 2.30679E-11 1.1785E-12 2.61047E-12
-9999 -9999 -9999 -9999 -9999 -9999 -9999 -9999 3.52635E-2 4.53705E-2 8.41116E-2 6.14235E-2 2.2804E-2 1.05546E-2 4.16257E-3 1.8965E-2 2.67651E-2 3.94412E-2 1.62657E-2 3.10528E-2 5.99778E-2 4.71556E-2 3.57222E-2 5.75582E-2 5.08191E-2 2.59839E-2 8.07619E-3 2.0981E-2 4.36504E-2 2.3606E-2 1.14901E-2 7.15059E-4 1.04667E-2 3.24253E-3 1.1817E-2 2.17898E-2 5.54431E-3 7.78796E-3 2.27544E-2 2.02132E-3 1.1568E-4 2.53492E-4 8.06262E-6 1.77255E-6 1.44588E-7 1.42392E-7 2.49501E-8 1.16477E-8 8.85946E-10 4.72822E-6 3.53301E-5 1.14062E-5 2.20896E-6 7.10074E-9 2.15267E-8 1.49395E-7 9.80358E-9 4.35157E-9 1.41453E-9 4.47204E-9 1.58878E-10 9.5756E-9 9.0078E-9 7.41962E-12 1.1426E-10 2.65353E-11 1.00178E-10 6.90468E-10 1.37472E-10 1.35719E-11
