ENM/Final_Models/M_2_F_q_Set_1_EC/Gustavia_santanderiensis_2_Choco_clamping.asc
ncols         367
nrows         963
xllcorner     -78.6
yllcorner     0.65
cellsize      0.00833333333333323
NODATA_value  -9999
[rows 384 to 415 of 963, columns 144 to 215 of 367]
9.19035E-7 5.04292E-6 6.97679E-5 1.43473E-5 6.80715E-4 4.90721E-7 2.49739E-8 5.42947E-11 0E0 0E0 0E0 4.0428E-5 5.07423E-3 1.82691E-5 1.56399E-3 2.55926E-3 6.89243E-2 4.00982E-2 2.5358E-2 0E0 0E0 0E0 0E0 0E0 0E0 0E0 0E0 0E0 1.0065E-4 7.05813E-12 4.86278E-14 5.30488E-10 9.93594E-9 1.19377E-8 2.69876E-7 1.33024E-6 5.76352E-10 1.71706E-10 6.7004E-9 9.17316E-8 8.28732E-10 1.77014E-12 1.79897E-7 2.8806E-6 8.34817E-5 1.02951E-12 6.46876E-8 8.02672E-9 2.56041E-8 4.90825E-9 9.1117E-4 1.91933E-7 1.83772E-11 4.66294E-15 2.81953E-10 4.53748E-13 0E0 0E0 0E0 6.82067E-11 1.50813E-12 4.5454E-10 0E0 0E0 0E0 0E0 1.11022E-16 6.66134E-16 0E0 0E0 0E0 0E0
0E0 0E0 2.36418E-4 2.30051E-5 7.13385E-9 1.19028E-6 7.56762E-8 2.40608E-4 4.16914E-2 0E0 0E0 1.52307E-2 6.14251E-5 4.15854E-3 9.85779E-2 1.74545E-1 7.19696E-3 1.46193E-2 2.96108E-2 0E0 0E0 0E0 0E0 0E0 0E0 0E0 0E0 2.89669E-2 2.94283E-5 1.05263E-8 5.25657E-12 2.97826E-9 8.72787E-9 3.65815E-6 2.87483E-4 1.01045E-3 1.73098E-6 3.05906E-4 5.6408E-6 4.7324E-8 2.54208E-8 9.24267E-10 1.72271E-7 1.16696E-4 6.52055E-5 1.01494E-5 6.36677E-8 6.39839E-10 2.58875E-6 1.34607E-6 2.57916E-5 2.62352E-7 4.0179E-13 0E0 1.62881E-12 5.19584E-14 0E0 0E0 0E0 4.10783E-15 1.56541E-13 2.29228E-11 2.4003E-13 2.22056E-12 1.11022E-16 0E0 0E0 0E0 0E0 0E0 0E0 5.68434E-14
0E0 0E0 0E0 0E0 6.21665E-4 7.02549E-12 1.92119E-4 1.40592E-2 0E0 0E0 0E0 1.24824E-2 1.48933E-4 1.06076E-2 0E0 0E0 0E0 0E0 0E0 0E0 0E0 0E0 0E0 0E0 0E0 0E0 0E0 9.26172E-4 1.70935E-6 3.58892E-7 2.91235E-11 9.85041E-8 1.50371E-5 1.25714E-4 1.3111E-3 9.91911E-5 1.11157E-5 1.85447E-6 1.82755E-9 0E0 0E0 2.00395E-13 5.1785E-8 3.27746E-4 1.03046E-4 4.98206E-5 1.77289E-6 6.30134E-8 4.20425E-6 1.21434E-4 8.38604E-7 1.68692E-5 2.24154E-13 0E0 1.11022E-16 0E0 0E0 0E0 0E0 0E0 0E0 3.31957E-14 0E0 0E0 0E0 5.55112E-16 0E0 0E0 0E0 0E0 0E0 0E0
-9999 -9999 0E0 0E0 1.24626E-2 4.11893E-13 3.81885E-4 0E0 0E0 0E0 0E0 8.8484E-6 1.45088E-4 1.12953E-3 1.46536E-2 0E0 0E0 0E0 0E0 0E0 0E0 0E0 0E0 0E0 0E0 0E0 0E0 2.46448E-4 4.41092E-6 1.5003E-5 7.50988E-12 4.99872E-7 3.55901E-5 1.45271E-3 1.1817E-3 1.14522E-4 2.25194E-9 2.24528E-9 5.06931E-11 4.44089E-15 0E0 4.98933E-11 2.48134E-6 2.77171E-7 1.31317E-4 4.38378E-5 1.37613E-5 1.81253E-7 8.0072E-9 1.29459E-5 2.48967E-7 2.26672E-8 3.34039E-11 0E0 0E0 0E0 0E0 0E0 0E0 0E0 0E0 0E0 0E0 0E0 1.86517E-14 0E0 0E0 0E0 0E0 0E0 0E0 0E0
-9999 0E0 0E0 0E0 3.91392E-3 1.11628E-5 5.76707E-4 8.78089E-3 0E0 0E0 0E0 0E0 2.20097E-6 5.76316E-5 0E0 0E0 0E0 0E0 0E0 0E0 0E0 0E0 0E0 0E0 0E0 0E0 0E0 1.1617E-7 1.01565E-8 7.5459E-7 2.6499E-6 8.73378E-4 9.04735E-4 4.2919E-3 3.90672E-3 3.34097E-6 1.05804E-6 3.81013E-7 2.2056E-9 2.04584E-11 2.85327E-14 1.77636E-15 4.34754E-6 1.4124E-6 0E0 1.44057E-5 6.62664E-8 6.65654E-6 1.52401E-8 9.24705E-13 7.09321E-13 1.88738E-15 2.19602E-13 0E0 0E0 0E0 0E0 0E0 0E0 0E0 0E0 0E0 0E0 0E0 0E0 0E0 0E0 0E0 0E0 1.11022E-16 0E0 0E0
-9999 -9999 0E0 0E0 5.23729E-2 2.53698E-2 0E0 0E0 0E0 0E0 0E0 1.7839E-3 2.02631E-4 2.76357E-3 0E0 0E0 0E0 0E0 0E0 0E0 0E0 0E0 0E0 0E0 0E0 0E0 0E0 3.71281E-11 8.59313E-14 3.97768E-10 7.7343E-6 2.39945E-5 2.92341E-4 5.05196E-4 7.86509E-4 1.39781E-5 6.32984E-7 1.60608E-7 6.68159E-8 9.78672E-9 4.52464E-8 4.41645E-7 3.12041E-6 1.46408E-6 1.13848E-5 2.67234E-6 2.54966E-7 3.73947E-10 7.60071E-9 2.41818E-12 3.31957E-14 9.03611E-13 0E0 0E0 0E0 0E0 0E0 0E0 0E0 0E0 0E0 0E0 0E0 0E0 0E0 1.11022E-16 0E0 0E0 0E0 0E0 0E0 0E0
-9999 -9999 0E0 5.85489E-4 4.3589E-2 0E0 0E0 0E0 0E0 0E0 0E0 0E0 4.89226E-3 9.00893E-3 3.91367E-2 0E0 0E0 0E0 0E0 0E0 0E0 0E0 0E0 0E0 0E0 0E0 0E0 1.88672E-6 1.95263E-11 1.34474E-7 6.79824E-7 5.69049E-3 7.42656E-4 3.08932E-3 5.00003E-5 1.03145E-5 1.51332E-5 3.85956E-9 2.601E-6 4.52929E-7 1.85409E-9 1.05768E-8 2.91317E-6 1.83929E-8 1.39075E-4 2.62904E-5 7.29242E-9 9.29257E-14 4.44089E-16 6.70242E-13 3.65485E-13 1.43706E-11 0E0 0E0 0E0 0E0 0E0 0E0 0E0 6.66134E-16 0E0 0E0 0E0 0E0 0E0 0E0 0E0 0E0 0E0 0E0 0E0 9.99201E-16
-9999 -9999 -9999 2.31235E-4 8.23735E-6 8.58492E-4 0E0 0E0 0E0 0E0 0E0 0E0 1.65963E-4 2.04671E-3 1.73637E-4 0E0 0E0 0E0 0E0 0E0 0E0 0E0 0E0 0E0 0E0 0E0 0E0 2.04071E-7 2.00773E-12 1.20693E-7 1.67075E-6 1.37848E-3 2.73182E-3 6.9469E-3 1.17715E-3 6.35047E-6 2.14194E-4 6.34637E-7 1.40484E-7 9.07982E-8 5.59589E-5 1.36521E-4 5.1736E-6 9.6085E-6 5.95174E-10 3.40949E-13 1.33227E-15 0E0 4.99267E-13 1.11022E-15 9.99201E-16 1.10023E-12 0E0 0E0 0E0 0E0 0E0 0E0 0E0 0E0 0E0 0E0 0E0 0E0 0E0 0E0 0E0 0E0 0E0 0E0 0E0 0E0
-9999 -9999 -9999 0E0 9.53671E-3 6.98424E-2 1.0503E-2 1.16282E-2 0E0 0E0 0E0 0E0 1.6557E-3 7.03319E-4 0E0 0E0 0E0 0E0 0E0 0E0 0E0 0E0 0E0 0E0 0E0 5.06791E-4 1.06255E-6 2.81886E-13 6.01148E-9 1.08884E-6 2.49442E-6 6.80578E-3 5.2398E-3 3.2979E-3 4.53813E-9 3.70922E-8 9.65012E-8 6.67564E-8 1.35205E-7 5.44137E-7 1.75288E-6 1.4491E-4 6.33561E-6 4.20821E-9 2.0246E-12 1.11022E-16 0E0 0E0 2.22045E-16 0E0 0E0 1.88738E-15 0E0 0E0 0E0 0E0 0E0 0E0 0E0 0E0 0E0 0E0 2.20013E-12 0E0 0E0 0E0 0E0 0E0 0E0 0E0 0E0 0E0
-9999 -9999 -9999 -9999 -9999 0E0 0E0 1.14022E-2 0E0 0E0 0E0 0E0 0E0 0E0 1.35801E-3 3.63754E-2 0E0 0E0 0E0 0E0 0E0 0E0 0E0 0E0 1.45111E-2 7.39378E-8 2.88658E-15 3.68816E-13 2.0699E-8 1.49633E-4 1.53464E-4 2.39361E-4 1.3204E-4 3.95202E-4 1.50369E-12 8.38444E-10 6.00622E-9 3.88205E-4 1.20784E-5 1.15082E-8 4.28502E-10 4.7251E-5 3.49516E-5 4.08713E-6 4.513E-9 1.49991E-13 0E0 0E0 2.22045E-16 0E0 0E0 0E0 0E0 0E0 0E0 0E0 0E0 8.53317E-13 6.41154E-13 9.32587E-15 0E0 0E0 0E0 0E0 3.21188E-13 0E0 0E0 0E0 2.79998E-13 0E0 0E0 0E0
-9999 -9999 -9999 -9999 -9999 -9999 0E0 0E0 0E0 0E0 0E0 0E0 0E0 0E0 0E0 2.59711E-3 0E0 0E0 0E0 0E0 0E0 0E0 0E0 0E0 4.16161E-5 1.33881E-9 2.05946E-12 3.10862E-14 5.95742E-11 2.37837E-5 3.83058E-4 3.14543E-4 6.06708E-3 1.59118E-4 6.51046E-4 5.65482E-7 3.53692E-11 4.00336E-6 8.2748E-9 3.85849E-10 1.27924E-6 7.65289E-7 3.76105E-7 2.48214E-9 5.55112E-16 1.21803E-12 0E0 0E0 0E0 6.09623E-13 5.55112E-16 0E0 0E0 0E0 0E0 0E0 0E0 6.79679E-13 1.3356E-13 0E0 0E0 0E0 0E0 0E0 0E0 0E0 0E0 0E0 0E0 3.37239E-9 0E0 0E0
-9999 -9999 -9999 -9999 -9999 -9999 -9999 4.23797E-8 1.22857E-7 0E0 0E0 0E0 0E0 0E0 0E0 0E0 0E0 0E0 0E0 0E0 0E0 0E0 0E0 0E0 1.83954E-2 5.06158E-4 7.84616E-8 4.99449E-6 2.56998E-9 3.28033E-5 8.98406E-4 1.21394E-2 1.24744E-2 7.00088E-3 4.02108E-4 4.01826E-4 4.85219E-5 8.16809E-8 1.61433E-10 3.07589E-10 3.06739E-10 1.67974E-8 5.15565E-9 8.52642E-10 2.22045E-16 1.7099E-8 3.94968E-10 4.49733E-10 2.61446E-12 3.18674E-7 7.65943E-12 6.67782E-10 9.69059E-10 0E0 0E0 0E0 0E0 0E0 4.44089E-16 4.91829E-14 2.22045E-16 0E0 0E0 0E0 0E0 0E0 0E0 0E0 0E0 0E0 0E0 0E0
-9999 -9999 -9999 -9999 -9999 -9999 -9999 9.79622E-10 5.67091E-11 8.55399E-5 0E0 0E0 0E0 0E0 0E0 0E0 0E0 0E0 0E0 0E0 0E0 0E0 0E0 0E0 0E0 0E0 3.00663E-7 8.21747E-11 4.04876E-11 6.68238E-5 4.9817E-3 2.93951E-3 8.68996E-4 9.31229E-3 6.54576E-3 4.47379E-2 1.6285E-3 5.04439E-6 1.42343E-8 3.07504E-8 1.45144E-11 8.74856E-13 3.01058E-10 4.10671E-13 2.32836E-12 1.99621E-10 1.31354E-10 1.11022E-16 2.22045E-16 3.80951E-12 4.15445E-13 1.24345E-13 7.16094E-14 0E0 0E0 0E0 0E0 1.21029E-10 1.19257E-11 0E0 0E0 0E0 0E0 0E0 0E0 0E0 0E0 0E0 0E0 0E0 2.45071E-12 1.08924E-12
-9999 -9999 -9999 -9999 -9999 -9999 -9999 0E0 6.40072E-6 1.66965E-3 5.16126E-4 0E0 0E0 0E0 0E0 0E0 0E0 0E0 0E0 0E0 0E0 0E0 0E0 0E0 0E0 2.93414E-2 2.94402E-5 3.34585E-7 1.94955E-13 7.84706E-13 1.24379E-3 7.7597E-4 3.64641E-3 1.89251E-3 3.42808E-3 6.34398E-5 7.81089E-5 2.88296E-6 6.47263E-10 1.21791E-13 4.14362E-8 9.9486E-9 1.41775E-13 4.87914E-8 4.20417E-7 2.51654E-6 3.59363E-6 9.42579E-14 0E0 2.93559E-11 1.1291E-13 4.01346E-11 4.23215E-11 0E0 3.30846E-14 2.10942E-15 1.92069E-14 1.17935E-11 1.75304E-13 0E0 0E0 0E0 0E0 0E0 0E0 0E0 4.62852E-13 0E0 0E0 0E0 9.82103E-13 7.43761E-12
-9999 -9999 -9999 -9999 -9999 -9999 -9999 5.71488E-6 8.56612E-5 1.13092E-6 4.55385E-2 0E0 0E0 0E0 0E0 0E0 0E0 0E0 0E0 0E0 0E0 0E0 0E0 0E0 0E0 0E0 1.80916E-3 1.61102E-3 5.81492E-9 5.63245E-10 7.05393E-6 2.11931E-3 5.21755E-4 9.13829E-5 9.21947E-7 1.36812E-5 3.17132E-5 6.40118E-6 3.04994E-7 1.70524E-9 3.10622E-9 1.26484E-10 8.1102E-9 1.22125E-14 1.7943E-8 3.63554E-8 1.864E-8 3.24543E-10 5.57387E-12 0E0 5.29375E-10 0E0 0E0 0E0 0E0 0E0 0E0 7.95253E-13 2.81331E-13 0E0 6.33493E-13 0E0 0E0 0E0 0E0 0E0 0E0 0E0 0E0 3.3118E-13 2.88658E-15 1.33631E-10
-9999 -9999 -9999 -9999 -9999 -9999 -9999 2.02881E-8 8.10669E-6 6.6601E-6 0E0 0E0 1.21512E-2 0E0 0E0 0E0 0E0 0E0 0E0 0E0 0E0 0E0 0E0 0E0 0E0 0E0 0E0 2.80712E-4 1.7654E-8 1.07689E-11 2.09476E-4 8.47532E-5 3.8427E-5 3.79134E-4 6.50026E-6 5.63669E-5 1.68779E-4 7.70544E-7 1.30978E-8 4.61871E-9 1.07191E-10 1.11553E-9 8.51136E-8 2.80654E-10 6.04781E-10 6.32657E-7 1.35246E-5 3.19942E-7 1.79717E-7 0E0 1.89848E-12 0E0 8.81517E-14 0E0 0E0 0E0 0E0 0E0 0E0 1.22125E-15 0E0 0E0 0E0 0E0 0E0 0E0 0E0 9.76996E-15 1.11688E-13 0E0 1.11022E-16 4.44051E-9
-9999 -9999 -9999 -9999 -9999 -9999 -9999 7.79222E-6 3.48906E-5 0E0 4.63581E-9 7.08413E-4 3.27082E-5 0E0 0E0 0E0 0E0 0E0 0E0 0E0 0E0 0E0 0E0 0E0 0E0 0E0 3.98982E-7 8.88178E-16 8.9601E-11 8.55835E-11 4.84319E-4 2.84501E-4 2.1079E-6 7.85926E-4 6.12513E-7 5.50784E-9 8.0242E-6 4.67735E-7 2.61189E-7 1.31696E-9 3.88988E-11 7.64447E-11 4.50529E-13 8.17124E-14 2.30097E-9 1.42177E-5 1.19423E-6 1.4052E-8 1.17839E-6 1.17795E-13 1.44329E-15 1.16573E-14 7.77156E-16 0E0 0E0 0E0 0E0 0E0 8.65974E-15 0E0 0E0 0E0 0E0 0E0 0E0 4.07452E-14 0E0 2.22045E-16 1.11022E-16 0E0 0E0 1.57257E-8
-9999 -9999 -9999 -9999 -9999 -9999 -9999 1.90958E-14 3.06422E-14 0E0 5.01292E-10 1.3413E-5 0E0 0E0 0E0 0E0 0E0 0E0 0E0 0E0 0E0 0E0 0E0 0E0 0E0 0E0 7.50717E-10 7.33479E-7 1.0588E-7 1.21754E-6 3.88938E-4 3.33155E-5 8.47531E-5 5.01429E-5 9.77913E-5 1.20581E-5 1.4361E-6 5.9685E-7 3.71814E-7 7.69629E-12 3.67022E-10 1.20746E-9 4.17444E-14 3.37508E-14 3.06027E-9 2.40388E-9 8.59357E-7 1.0265E-11 7.35875E-11 2.91611E-6 1.19083E-12 0E0 1.11022E-16 0E0 4.88498E-15 0E0 4.10783E-15 2.22045E-16 2.11164E-13 0E0 0E0 0E0 0E0 0E0 0E0 0E0 0E0 0E0 3.62932E-13 2.6364E-10 2.12757E-8 4.23197E-8
-9999 -9999 -9999 -9999 -9999 -9999 -9999 2.84377E-11 3.63721E-11 1.04139E-13 2.01945E-5 0E0 2.82655E-2 1.18258E-3 0E0 0E0 0E0 0E0 0E0 0E0 0E0 0E0 0E0 0E0 0E0 5.04859E-2 1.35513E-3 1.92509E-3 1.63315E-6 2.0062E-7 8.02449E-7 4.12727E-4 2.90881E-4 1.79761E-7 5.67378E-8 5.00233E-12 1.24654E-6 1.4381E-5 2.29137E-9 4.83622E-6 8.73734E-12 4.61853E-14 3.21965E-14 1.34315E-12 1.41626E-6 1.88969E-9 6.22771E-11 2.39456E-11 4.27214E-13 1.02046E-6 0E0 0E0 0E0 0E0 3.33067E-16 1.64313E-14 5.75096E-14 1.11022E-16 0E0 0E0 0E0 0E0 0E0 0E0 0E0 0E0 0E0 0E0 3.56382E-14 0E0 0E0 2.88994E-4
-9999 -9999 -9999 -9999 -9999 -9999 -9999 2.12406E-6 2.66935E-7 1.16825E-7 1.81203E-4 1.03591E-7 3.21627E-2 1.2465E-2 0E0 0E0 0E0 0E0 0E0 0E0 0E0 0E0 0E0 0E0 0E0 0E0 2.21065E-3 1.75362E-5 9.41448E-5 9.96506E-8 1.23997E-3 3.31397E-7 6.68429E-9 8.79877E-6 4.77631E-6 4.28401E-6 1.04381E-6 1.1659E-5 1.02642E-10 3.03691E-8 2.38442E-6 1.67398E-8 1.97453E-12 2.75234E-7 1.1796E-4 3.32449E-8 1.01679E-11 7.98731E-10 2.10703E-6 5.7144E-8 6.23945E-14 0E0 0E0 1.34337E-14 2.9643E-14 0E0 0E0 0E0 0E0 0E0 0E0 0E0 0E0 0E0 0E0 0E0 0E0 1.22125E-14 1.11022E-16 4.76588E-11 5.05262E-13 1.10471E-10
-9999 -9999 -9999 -9999 -9999 -9999 -9999 1.37346E-6 1.00735E-11 7.28487E-6 1.23596E-6 2.72452E-6 0E0 0E0 0E0 0E0 0E0 0E0 0E0 0E0 0E0 0E0 0E0 0E0 0E0 0E0 6.89508E-6 8.71086E-6 4.37372E-5 2.77351E-7 4.67766E-5 4.41008E-8 2.16158E-8 2.77665E-8 8.08052E-7 1.54079E-5 6.79452E-9 4.32237E-6 1.49456E-6 6.82142E-8 6.81836E-8 1.12923E-8 4.67782E-8 2.28077E-5 9.16884E-6 9.78106E-14 6.54112E-9 3.61266E-10 1.36061E-5 2.94922E-6 3.77102E-10 5.32907E-15 0E0 0E0 2.76112E-13 8.65974E-15 0E0 0E0 0E0 0E0 0E0 0E0 0E0 0E0 1.11022E-16 0E0 2.22045E-16 5.55112E-16 6.43052E-12 1.68362E-10 3.74264E-8 1.03095E-8
-9999 -9999 -9999 -9999 -9999 -9999 -9999 5.25925E-9 7.17627E-8 1.22185E-9 1.74229E-6 7.71265E-8 2.09399E-12 0E0 0E0 0E0 0E0 0E0 0E0 0E0 0E0 0E0 0E0 0E0 0E0 3.70274E-3 1.01266E-5 3.22908E-4 4.75506E-5 1.66583E-5 5.76732E-6 1.21047E-5 5.43308E-6 1.01576E-5 3.61623E-5 5.70784E-6 4.93339E-7 4.34693E-6 4.26049E-9 9.68297E-6 8.43026E-8 3.39819E-8 2.24561E-10 1.84082E-5 8.28349E-9 8.87527E-9 3.74703E-6 2.64012E-6 3.64284E-6 5.83076E-10 1.87452E-7 1.68546E-6 1.66533E-15 2.17715E-13 5.58154E-12 7.48813E-11 3.44746E-12 0E0 0E0 0E0 0E0 0E0 0E0 0E0 0E0 0E0 0E0 0E0 3.80797E-11 0E0 1.63647E-11 1.01498E-7
-9999 -9999 -9999 -9999 -9999 -9999 -9999 8.22859E-8 3.2687E-6 1.24128E-7 1.32018E-10 4.88883E-7 1.00475E-10 0E0 0E0 0E0 0E0 0E0 0E0 0E0 0E0 0E0 0E0 0E0 0E0 2.37893E-7 2.58205E-8 2.37733E-3 3.7081E-3 1.60905E-7 2.70316E-5 2.4249E-5 6.99699E-7 1.9843E-8 4.6548E-6 5.74972E-5 4.90196E-6 2.2368E-5 7.20794E-7 1.94482E-6 3.9696E-12 2.04612E-7 9.52871E-8 5.76264E-6 1.58426E-5 2.19917E-11 3.90199E-12 4.70256E-10 1.65901E-5 4.25719E-6 1.46019E-6 1.00618E-8 0E0 0E0 8.21565E-15 8.90987E-12 3.8447E-13 0E0 0E0 0E0 0E0 0E0 0E0 1.11022E-16 0E0 0E0 0E0 4.44089E-16 3.33067E-16 1.24925E-9 2.44568E-11 0E0
-9999 -9999 -9999 -9999 -9999 -9999 -9999 2.72137E-6 6.17184E-11 1.38356E-12 9.99201E-16 1.72895E-12 2.94616E-10 0E0 0E0 0E0 0E0 0E0 0E0 0E0 0E0 0E0 0E0 0E0 0E0 5.42941E-8 3.41153E-11 2.23658E-5 5.3488E-4 1.75419E-6 1.31338E-4 2.06911E-6 1.28892E-4 2.84279E-8 7.87634E-6 1.17146E-4 2.16104E-8 1.49623E-7 6.44266E-9 5.8642E-9 2.18714E-14 2.68606E-6 1.46289E-8 4.13122E-7 1.46961E-7 5.01863E-9 1.47944E-11 4.18554E-14 1.67317E-10 1.57349E-5 9.15954E-5 5.1497E-11 0E0 3.15081E-13 8.70415E-14 1.12688E-13 3.39756E-10 0E0 0E0 0E0 0E0 0E0 0E0 0E0 1.11022E-16 0E0 0E0 0E0 1.69664E-12 3.33067E-16 3.96927E-12 4.58522E-12
-9999 -9999 -9999 -9999 -9999 -9999 -9999 2.09206E-10 0E0 0E0 0E0 4.44089E-16 2.29816E-14 0E0 0E0 0E0 0E0 0E0 0E0 0E0 0E0 0E0 0E0 0E0 0E0 3.16414E-14 0E0 7.07936E-9 6.19601E-8 1.76662E-6 8.66299E-7 8.63156E-6 1.31297E-5 3.05309E-7 9.65956E-8 1.15041E-12 1.03275E-6 2.11095E-7 3.6653E-8 3.19978E-8 2.63803E-9 1.66089E-13 2.42356E-7 5.90309E-9 4.30761E-7 1.26565E-14 1.41998E-13 4.61742E-13 1.37324E-8 9.8662E-11 4.15058E-8 1.25259E-10 1.11022E-16 7.37188E-14 0E0 1.29485E-10 1.25182E-10 1.03728E-12 0E0 0E0 0E0 0E0 0E0 0E0 0E0 1.11022E-16 8.88178E-16 2.25375E-14 1.34242E-11 8.82054E-8 5.44869E-10 9.67115E-13
-9999 -9999 -9999 -9999 -9999 -9999 -9999 1.87701E-8 2.22045E-16 0E0 2.5705E-12 1.39002E-9 7.59411E-9 0E0 1.72736E-6 1.55087E-3 0E0 0E0 0E0 0E0 0E0 0E0 0E0 0E0 0E0 3.07021E-9 9.00375E-7 1.52648E-6 2.11145E-8 7.9369E-6 7.1784E-8 1.00003E-5 3.14798E-6 3.22824E-6 2.536E-3 1.10922E-3 2.78085E-4 1.399E-4 9.40697E-9 2.83261E-10 1.11244E-13 5.10118E-11 5.05264E-9 8.56598E-6 8.98361E-6 2.66136E-9 1.19957E-10 1.84293E-9 2.58699E-5 2.32595E-7 2.03344E-9 4.00299E-11 9.99201E-16 6.28118E-9 1.06797E-8 1.29473E-8 5.46802E-8 1.3829E-9 0E0 0E0 0E0 0E0 0E0 0E0 0E0 3.33067E-16 4.09006E-13 0E0 5.90596E-10 6.92388E-10 1.26574E-5 2.33147E-15
-9999 -9999 -9999 -9999 -9999 -9999 -9999 2.53553E-10 0E0 4.01279E-12 3.059E-12 2.65651E-5 0E0 0E0 4.3348E-6 6.52775E-3 0E0 0E0 0E0 0E0 0E0 0E0 0E0 0E0 3.00516E-2 9.62993E-11 3.48653E-7 3.62432E-6 3.64119E-7 1.94659E-7 2.2237E-7 8.07312E-4 3.12522E-6 4.79622E-7 2.63082E-6 2.22064E-6 4.44635E-5 2.9593E-12 4.84401E-12 0E0 3.33067E-16 0E0 1.31006E-14 4.59185E-8 1.77785E-6 5.02034E-10 1.79731E-7 9.77441E-5 4.26591E-7 1.80381E-7 6.81905E-10 2.37921E-13 8.51541E-14 1.0747E-13 7.21886E-10 6.74204E-8 2.46129E-11 0E0 0E0 0E0 0E0 0E0 0E0 0E0 0E0 0E0 4.24105E-14 7.43849E-15 1.74952E-10 2.36149E-3 1.07692E-14 1.51712E-8
-9999 -9999 -9999 -9999 -9999 -9999 -9999 6.87786E-11 4.89053E-13 2.94209E-14 0E0 6.20733E-8 0E0 0E0 1.27931E-4 0E0 0E0 0E0 0E0 0E0 0E0 0E0 0E0 0E0 1.20427E-6 1.99243E-5 2.29685E-7 3.47615E-5 1.31535E-6 1.93613E-8 6.47603E-7 1.45182E-8 5.12922E-9 4.83774E-11 5.26811E-11 9.21486E-8 4.52543E-6 3.34367E-6 4.27769E-13 0E0 0E0 0E0 1.25919E-8 1.81141E-8 6.06936E-11 9.1431E-11 8.87456E-8 2.59882E-5 3.30154E-8 1.91143E-8 1.80006E-7 6.50702E-13 0E0 7.40085E-9 7.12288E-10 3.27338E-12 0E0 0E0 4.32987E-15 0E0 0E0 0E0 0E0 0E0 0E0 0E0 0E0 0E0 1.21075E-9 8.89887E-6 3.31979E-6 5.68685E-7
-9999 -9999 -9999 -9999 -9999 -9999 -9999 9.65747E-7 7.42118E-6 7.44821E-11 1.65878E-12 1.23655E-6 0E0 2.19598E-6 0E0 0E0 0E0 0E0 0E0 0E0 0E0 0E0 0E0 0E0 3.59933E-8 2.73583E-6 1.96864E-5 2.27339E-8 1.14144E-9 5.3456E-7 2.73338E-5 2.42978E-7 2.79897E-8 2.22827E-10 1.38688E-10 1.19594E-7 8.38936E-6 4.21308E-8 2.34211E-10 5.55112E-16 8.88178E-16 0E0 2.77556E-15 2.63777E-9 3.78519E-12 1.18782E-7 1.87923E-9 2.49009E-6 2.24111E-9 6.56143E-11 8.07452E-10 1.24673E-10 0E0 0E0 0E0 1.11022E-15 0E0 0E0 0E0 1.22125E-15 0E0 0E0 0E0 6.0314E-11 0E0 0E0 9.9698E-14 1.37335E-13 2.60106E-7 5.22278E-5 7.82977E-8 1.8418E-6
-9999 -9999 -9999 -9999 -9999 -9999 -9999 3.96071E-7 1.16614E-5 5.55112E-16 1.9984E-15 0E0 1.4891E-9 2.1418E-5 0E0 0E0 0E0 0E0 0E0 0E0 0E0 0E0 0E0 7.99026E-4 9.19252E-8 8.54494E-12 6.85357E-10 4.99288E-9 5.78637E-10 2.08314E-8 1.23598E-4 2.48948E-5 1.36207E-6 1.29994E-8 4.66947E-9 2.74173E-8 4.31194E-6 3.57419E-6 1.22224E-12 0E0 1.27676E-14 5.55112E-16 4.92462E-12 5.94724E-12 2.28606E-12 2.86438E-14 1.66766E-8 2.48787E-10 4.40097E-11 8.81124E-7 6.13487E-12 9.69488E-9 0E0 2.27596E-14 2.9865E-14 0E0 9.31366E-13 1.33227E-15 6.99441E-15 0E0 0E0 0E0 0E0 0E0 0E0 0E0 9.49241E-14 1.9762E-14 1.25049E-7 2.49207E-10 7.59116E-9 3.58731E-11
-9999 -9999 -9999 -9999 -9999 -9999 -9999 1.12167E-7 2.65957E-6 2.53863E-5 3.27301E-4 8.98392E-13 2.03437E-12 3.01516E-4 2.94207E-6 3.74735E-8 4.49454E-4 0E0 3.19596E-3 7.69501E-5 9.26703E-3 0E0 0E0 1.86669E-5 1.83964E-13 3.88911E-13 1.19942E-6 7.23254E-7 3.62779E-7 5.36446E-7 3.31447E-5 3.70043E-5 0E0 4.78881E-6 1.16428E-5 1.28873E-5 1.29392E-5 2.72918E-6 6.76514E-12 0E0 1.99141E-12 3.08154E-8 1.14851E-8 2.06179E-10 2.12053E-14 6.397E-10 4.7524E-8 2.67768E-6 4.37732E-6 5.62544E-6 5.4734E-14 6.82665E-12 0E0 2.83281E-10 5.62128E-10 1.0969E-13 0E0 0E0 0E0 0E0 0E0 2.22045E-16 0E0 0E0 0E0 0E0 0E0 0E0 4.26915E-10 1.68754E-14 3.77671E-8 2.14784E-6
-9999 -9999 -9999 -9999 -9999 -9999 -9999 -9999 2.06505E-11 1.51051E-11 2.76991E-8 3.33067E-16 0E0 3.50742E-12 6.77071E-8 3.29649E-10 0E0 8.51255E-7 6.05467E-11 1.73726E-7 5.38464E-6 1.98794E-9 4.17832E-12 3.35906E-7 9.70091E-12 0E0 8.43769E-15 2.66848E-8 7.21717E-8 2.6924E-5 1.51026E-7 2.7148E-6 2.01719E-5 3.41754E-4 4.26024E-5 3.64047E-7 1.0293E-8 6.32827E-15 0E0 4.99147E-11 9.27736E-12 2.27255E-11 6.52935E-7 6.76681E-13 3.84488E-8 1.1305E-11 4.76808E-8 5.88418E-15 1.18067E-10 1.8321E-7 8.72113E-8 1.18594E-12 3.31846E-13 8.15608E-9 2.42628E-9 1.89997E-7 0E0 0E0 1.11022E-16 3.24185E-14 2.40947E-10 6.88338E-15 0E0 0E0 0E0 0E0 1.11022E-16 0E0 4.16334E-14 7.4034E-11 4.46851E-10 1.00438E-10
