ENM/Final_Models/M_2_F_q_Set_1_EC/Gustavia_santanderiensis_6_Choco.asc
ncols         367
nrows         963
xllcorner     -78.6
yllcorner     0.65
cellsize      0.00833333333333323
NODATA_value  -9999
[rows 165 to 197 of 963, columns 74 to 147 of 367]
-9999 -9999 -9999 -9999 -9999 -9999 -9999 -9999 -9999 -9999 -9999 -9999 -9999 -9999 -9999 -9999 9.41063E-4 5.75085E-4 7.40631E-4 1.16736E-3 4.72213E-4 5.01514E-4 4.30682E-4 4.92453E-4 4.18456E-4 6.55535E-4 4.65662E-4 6.71572E-4 2.36975E-4 5.48886E-4 4.82893E-4 7.56119E-4 4.85822E-3 1.57551E-3 1.03665E-3 5.67435E-4 5.58497E-4 3.00864E-4 3.85377E-4 1.18248E-3 8.50114E-4 1.0075E-3 1.34045E-3 1.49416E-3 1.50903E-3 1.09445E-3 1.23325E-3 1.13156E-3 1.8252E-3 2.19528E-3 1.25209E-3 1.93154E-3 2.43861E-3 2.55854E-3 9.46748E-4 1.64517E-3 1.58936E-3 3.2232E-3 1.38253E-3 7.24394E-4 1.26249E-3 4.55489E-4 2.69903E-4 4.56425E-4 1.9295E-3 5.65986E-4 1.13611E-3 7.93728E-4 1.1748E-3 1.40769E-3 1.72974E-3 4.89527E-3 1.05279E-2 1.05831E-2
-9999 -9999 -9999 -9999 -9999 -9999 -9999 -9999 -9999 -9999 -9999 -9999 -9999 -9999 -9999 5.55285E-4 3.6658E-4 5.41649E-4 4.02703E-4 9.20551E-4 5.68058E-4 5.4084E-4 5.22893E-4 4.23723E-4 5.4216E-4 4.39977E-4 5.70619E-4 1.20478E-3 3.95373E-4 2.00773E-4 4.92063E-4 6.21793E-4 1.61462E-3 1.51668E-3 1.47254E-3 4.56644E-4 4.18451E-4 9.24653E-4 9.48553E-4 9.30539E-4 5.71743E-4 1.00691E-3 1.03829E-3 1.29785E-3 5.36889E-4 1.12106E-3 1.47323E-3 1.02435E-3 2.08645E-3 2.67629E-3 1.79619E-3 1.20085E-3 3.10275E-3 3.0328E-3 1.45884E-3 1.70243E-3 1.57791E-3 1.96269E-3 3.61169E-3 7.74016E-4 1.44785E-3 3.66431E-4 7.5273E-4 4.52095E-4 3.49668E-4 1.75696E-3 1.09437E-3 9.86704E-4 1.15867E-3 1.80967E-3 3.67505E-3 5.17908E-3 2.78405E-2 1.39534E-2
-9999 -9999 -9999 -9999 -9999 -9999 -9999 -9999 -9999 -9999 -9999 -9999 -9999 -9999 -9999 7.91945E-4 7.82697E-4 8.33848E-4 7.03647E-4 1.56366E-3 9.39754E-4 8.83666E-4 5.45779E-4 2.96399E-4 3.67069E-4 5.37072E-4 3.77571E-4 1.17812E-3 4.1374E-4 4.03785E-4 3.12614E-4 8.43664E-4 1.10286E-3 1.24523E-3 3.778E-3 1.61311E-3 1.07522E-3 1.72272E-3 2.53509E-3 5.42263E-3 2.56366E-3 7.08343E-4 6.36195E-4 4.13662E-4 5.64384E-4 6.48191E-4 5.46311E-4 1.2237E-3 1.64847E-3 3.7498E-3 2.60592E-3 1.44939E-3 4.09748E-3 2.03826E-3 2.1771E-3 4.82685E-3 2.92373E-3 2.36715E-3 1.51656E-3 9.74171E-4 7.73973E-4 1.52062E-3 1.31363E-3 2.15615E-3 1.27208E-3 1.24959E-3 2.21957E-3 1.69963E-3 3.47736E-3 3.29562E-3 4.13E-3 7.85217E-3 1.30787E-2 6.7255E-3
-9999 -9999 -9999 -9999 -9999 -9999 -9999 -9999 -9999 -9999 -9999 -9999 -9999 -9999 2.9889E-4 6.14985E-4 5.14277E-4 1.34836E-3 2.70957E-3 2.51149E-3 1.83297E-3 1.05169E-3 6.01459E-4 2.7397E-4 5.00289E-4 6.99344E-4 3.38423E-4 3.781E-4 4.70196E-4 2.60955E-4 4.11883E-4 6.00431E-4 7.25385E-4 1.79596E-3 2.08587E-3 1.94619E-3 2.20494E-3 3.24537E-3 3.00338E-3 1.64842E-3 1.23868E-3 6.55527E-4 9.5604E-4 6.21259E-4 7.84515E-4 1.23919E-3 4.76237E-4 4.57634E-4 2.62877E-3 2.79492E-3 3.50738E-3 2.12227E-3 5.13915E-3 3.74888E-3 9.7298E-4 2.85062E-3 1.70266E-3 1.44275E-3 1.14397E-3 1.97185E-3 1.44384E-3 8.02528E-4 7.79149E-4 6.54275E-4 8.52973E-4 1.88452E-3 1.07225E-3 1.02951E-3 5.29689E-3 5.5861E-3 4.29244E-3 4.38769E-3 8.47305E-3 7.17312E-3
-9999 -9999 -9999 -9999 -9999 -9999 -9999 -9999 -9999 -9999 -9999 -9999 -9999 -9999 4.31276E-5 1.95116E-4 6.54086E-4 5.4264E-4 1.13219E-3 4.05917E-3 1.71446E-3 1.53727E-4 6.49822E-4 8.37518E-4 8.8559E-4 7.04328E-4 1.93701E-4 2.80808E-4 3.19421E-4 3.39038E-4 1.93097E-4 2.58431E-4 1.43135E-3 2.37326E-3 4.45279E-3 2.32958E-3 2.74003E-3 3.70144E-3 3.42543E-3 3.39522E-3 2.71979E-3 1.51758E-3 1.71871E-3 1.72411E-3 1.6321E-3 1.49801E-3 1.09788E-3 1.1264E-3 2.59506E-3 4.80276E-3 5.08463E-3 1.46414E-3 3.9905E-3 2.33176E-3 1.72573E-3 3.8869E-3 2.80555E-3 1.06175E-3 5.14492E-4 6.73625E-4 7.8306E-4 1.21537E-3 5.26817E-4 6.63802E-4 7.01305E-4 8.94558E-4 1.23705E-3 6.1442E-3 6.34801E-3 5.31332E-3 4.24437E-3 1.14455E-2 7.51421E-3 1.66256E-2
-9999 -9999 -9999 -9999 -9999 -9999 -9999 -9999 -9999 -9999 -9999 -9999 -9999 2.06994E-6 1.00041E-5 1.49497E-4 2.59077E-4 7.62193E-4 1.01566E-3 1.97768E-3 3.17889E-3 2.13872E-3 2.9427E-4 2.16505E-4 1.65382E-4 1.21843E-4 1.77407E-4 4.08515E-4 2.32468E-4 2.2638E-4 5.36933E-4 5.47357E-4 1.99288E-3 2.23633E-3 8.46399E-4 8.03255E-4 1.7469E-3 1.94617E-3 2.00058E-3 1.27745E-3 2.67132E-3 2.35381E-3 1.92753E-3 1.62206E-3 2.0439E-3 2.8679E-3 3.28258E-3 2.79155E-3 3.71331E-3 5.60142E-3 3.26031E-3 3.22204E-3 6.09187E-3 2.2145E-3 1.42836E-3 1.62983E-3 1.95693E-3 1.5674E-3 9.42018E-4 9.43406E-4 6.04412E-4 8.81574E-4 8.21857E-4 8.56686E-4 8.71558E-4 7.9704E-4 1.47874E-3 3.97209E-3 1.54317E-3 2.57789E-3 3.96397E-3 6.82225E-3 1.41708E-2 1.30413E-2
-9999 -9999 -9999 -9999 -9999 -9999 -9999 -9999 -9999 -9999 -9999 -9999 -9999 2.36103E-6 5.71234E-6 3.5606E-5 5.65986E-4 5.04116E-4 8.3963E-4 8.5873E-4 1.71922E-3 9.38809E-4 3.2009E-4 1.87242E-4 2.30961E-4 1.96995E-4 2.09924E-4 2.50965E-4 5.15335E-4 9.56596E-4 1.29344E-3 1.39969E-3 1.69077E-3 2.24813E-4 1.22796E-4 6.06053E-5 4.77802E-4 8.18505E-4 1.6103E-3 1.14228E-3 3.43692E-3 4.03546E-3 2.35094E-3 2.22169E-3 1.84831E-3 4.20263E-3 3.82402E-3 4.75047E-3 4.82545E-3 4.82785E-3 3.35269E-3 4.49231E-3 2.10336E-3 3.12902E-3 5.51899E-4 1.02878E-3 1.28373E-3 1.22473E-3 6.13178E-4 1.10436E-3 7.41392E-4 1.35684E-3 1.01135E-3 7.45495E-4 1.25013E-3 2.51105E-3 4.97471E-3 7.36231E-3 6.65013E-3 3.5273E-3 8.80572E-3 7.22704E-3 9.08919E-3 1.77287E-2
-9999 -9999 -9999 -9999 -9999 -9999 -9999 -9999 -9999 -9999 -9999 -9999 7.47691E-5 9.46593E-6 8.94505E-6 3.08727E-5 3.45523E-4 7.45394E-4 9.30293E-4 7.74415E-4 7.3605E-4 4.29644E-4 2.99806E-4 1.9055E-4 2.87569E-4 1.88958E-4 2.47434E-4 1.18497E-4 8.3981E-4 1.58552E-3 1.76581E-3 5.90052E-4 4.19467E-4 1.03069E-4 2.15E-4 7.12391E-5 5.96909E-5 1.31036E-4 7.65386E-4 3.50392E-4 1.63042E-3 2.9654E-3 2.5467E-3 2.61587E-3 2.74886E-3 3.21991E-3 3.44198E-3 3.21802E-3 2.67921E-3 2.36934E-3 2.52999E-3 3.2318E-3 2.3324E-3 2.73379E-3 1.2713E-3 1.67361E-3 1.79195E-3 7.72887E-4 6.33171E-4 1.51564E-3 1.32603E-3 1.38978E-3 1.48885E-3 5.43959E-4 1.45866E-3 1.99055E-3 8.98622E-3 7.04612E-3 6.27718E-3 4.36294E-3 5.46772E-3 8.50329E-3 4.29917E-3 1.4358E-2
-9999 -9999 -9999 -9999 -9999 -9999 -9999 -9999 -9999 -9999 -9999 -9999 5.05631E-4 1.11217E-4 5.16297E-5 2.93465E-5 1.57286E-4 8.84632E-4 5.66803E-4 2.74557E-4 8.36448E-4 1.94741E-4 1.31352E-4 2.28353E-4 2.74883E-4 2.79404E-4 2.15529E-4 2.68974E-4 6.56967E-4 1.80653E-3 1.88764E-3 6.1106E-4 2.19634E-4 8.29594E-5 1.26461E-4 9.11707E-5 5.27417E-5 1.17088E-4 1.54518E-4 4.05835E-4 9.58177E-4 3.42927E-3 4.06012E-3 3.69873E-3 1.92077E-3 3.13512E-3 4.18073E-3 2.64727E-3 3.24203E-3 1.91348E-3 2.28978E-3 5.08839E-3 3.64831E-3 3.00863E-3 1.81493E-3 1.14076E-3 4.33996E-4 5.03137E-4 1.15107E-3 8.78366E-4 1.02364E-3 1.19467E-3 1.83007E-3 1.89815E-3 2.0004E-3 6.46597E-3 5.84794E-3 6.88022E-3 6.79377E-3 4.77085E-3 3.76056E-3 4.71336E-3 5.29147E-3 1.03861E-2
-9999 -9999 -9999 -9999 -9999 -9999 -9999 -9999 -9999 -9999 -9999 -9999 3.47219E-3 2.23518E-3 4.01644E-4 2.90941E-4 3.0358E-4 5.81501E-4 1.40296E-3 8.34306E-4 3.23679E-4 3.50322E-4 3.49374E-4 2.68244E-4 2.23495E-4 2.59687E-4 1.25998E-3 3.90608E-4 6.58797E-4 2.25054E-3 2.09804E-3 1.11829E-3 1.78561E-4 1.80394E-5 1.54113E-5 2.22543E-5 3.54656E-5 5.35225E-5 2.41198E-5 3.55478E-5 2.26913E-4 1.1213E-3 1.3478E-3 3.28771E-3 3.32859E-3 4.11749E-3 2.48752E-3 2.19437E-3 4.72989E-4 5.0337E-3 4.85941E-3 5.19535E-3 1.55968E-3 1.43494E-3 2.22755E-3 1.86998E-3 7.74496E-4 7.05382E-4 9.90398E-4 7.11632E-4 1.14529E-3 1.77111E-3 2.30301E-3 7.49463E-3 6.01549E-3 9.80527E-3 3.99301E-3 4.16212E-3 1.75321E-3 1.91733E-3 3.58529E-3 5.04134E-3 3.53514E-3 1.03586E-2
-9999 -9999 -9999 -9999 -9999 -9999 -9999 -9999 -9999 -9999 -9999 -9999 -9999 3.04005E-3 4.07286E-3 1.24332E-3 4.29277E-4 6.6328E-4 1.02718E-3 8.65685E-4 9.43683E-5 4.70603E-4 2.22206E-4 3.28663E-4 3.10869E-4 4.56984E-4 1.10418E-3 8.09773E-4 1.67234E-3 1.47622E-3 5.93498E-3 2.31387E-4 3.53025E-4 5.89913E-5 2.28279E-5 5.48332E-5 1.96813E-5 2.40964E-5 1.96836E-5 4.6461E-5 1.40618E-4 2.12667E-4 4.15042E-4 1.03592E-3 1.08472E-3 1.3381E-3 1.59544E-3 1.54091E-3 2.98716E-3 9.15575E-3 8.31223E-3 5.88091E-3 2.27623E-3 1.78706E-3 3.30412E-3 2.47008E-3 6.19348E-4 7.39482E-4 2.32229E-3 1.54552E-3 2.16956E-3 3.88641E-3 6.97054E-3 7.52739E-3 7.88588E-3 1.46121E-2 9.98482E-3 4.34428E-3 2.48028E-3 3.78675E-3 4.25069E-3 4.33303E-3 3.21646E-3 7.98771E-3
-9999 -9999 -9999 -9999 -9999 -9999 -9999 -9999 -9999 -9999 -9999 -9999 -9999 -9999 2.34485E-3 3.50856E-3 1.92335E-3 1.48714E-3 1.10246E-3 1.12416E-3 5.27201E-4 2.80993E-4 3.83971E-4 2.37284E-4 7.30509E-4 5.83278E-4 8.3023E-4 8.34379E-4 1.9107E-3 3.34335E-3 5.43485E-3 7.00037E-4 4.0369E-4 1.61398E-4 2.5324E-4 1.7356E-4 1.02983E-4 9.93785E-5 1.68345E-4 3.97843E-5 3.94091E-5 8.99081E-5 6.29937E-5 1.24364E-4 4.60004E-4 5.9632E-4 9.45953E-4 8.31247E-4 7.71929E-3 6.68609E-3 4.8819E-3 4.88404E-3 7.37822E-4 1.41962E-3 1.91086E-3 1.92377E-3 1.66476E-3 1.33559E-3 8.81757E-4 1.95387E-3 2.44962E-3 5.76622E-3 1.24784E-2 8.3616E-3 6.53663E-3 3.26513E-3 3.99624E-3 3.9383E-3 4.14782E-3 5.01302E-3 5.17412E-3 9.1344E-3 1.75637E-2 2.22199E-2
-9999 -9999 -9999 -9999 -9999 -9999 -9999 -9999 -9999 -9999 -9999 -9999 -9999 -9999 3.49192E-4 1.27947E-3 2.01883E-3 2.74187E-3 8.5126E-4 7.97156E-4 1.29257E-3 3.43733E-4 2.79394E-4 3.07494E-4 5.8846E-4 9.60511E-4 6.62288E-4 9.22417E-4 1.78719E-3 5.22116E-3 3.87182E-3 7.63172E-4 6.20278E-4 7.90171E-4 4.12331E-4 6.00934E-4 3.02143E-4 3.01626E-4 2.90315E-4 9.49412E-5 6.41925E-5 6.43279E-5 5.89946E-5 8.13854E-5 1.90816E-4 1.98088E-4 5.6794E-4 4.09921E-4 3.2194E-3 2.77784E-3 3.16696E-3 1.63716E-3 1.29472E-3 1.38915E-3 2.5289E-3 2.2566E-3 1.51885E-3 1.89926E-3 1.24628E-3 2.29939E-3 5.31017E-3 7.77334E-3 9.74426E-3 4.052E-3 2.98015E-3 2.22641E-3 1.86708E-3 3.21852E-3 6.51433E-3 1.52846E-2 1.66853E-2 1.82156E-2 5.70274E-2 1.40265E-2
-9999 -9999 -9999 -9999 -9999 -9999 -9999 -9999 -9999 -9999 -9999 -9999 -9999 -9999 -9999 -9999 1.00471E-3 7.40239E-4 9.58269E-4 1.00678E-3 1.11602E-3 3.99169E-4 1.50073E-4 3.25999E-4 6.61678E-4 4.22443E-4 5.52531E-4 9.36117E-4 1.89738E-3 1.3945E-3 2.30001E-3 1.44059E-3 9.09948E-4 8.24313E-4 7.83492E-4 1.06947E-3 3.52599E-4 2.27292E-4 1.83102E-4 1.68114E-4 6.81078E-5 6.62071E-5 3.60931E-5 9.35195E-5 1.35576E-4 2.36777E-4 3.14454E-4 2.73763E-4 4.54715E-4 1.47251E-3 1.80744E-3 3.62014E-3 1.811E-3 1.83927E-3 2.32842E-3 1.35549E-3 2.11477E-3 2.62074E-3 2.21742E-3 2.45193E-3 4.86517E-3 8.85221E-3 9.66763E-3 3.50509E-3 4.45525E-3 3.92671E-3 2.89184E-3 2.18888E-2 4.19642E-2 4.74079E-2 2.52399E-2 2.55532E-2 4.12227E-2 2.05692E-2
-9999 -9999 -9999 -9999 -9999 -9999 -9999 -9999 -9999 -9999 -9999 -9999 -9999 -9999 -9999 -9999 -9999 4.551E-4 6.16538E-4 7.93544E-4 9.99842E-4 6.0491E-4 2.39444E-4 3.12286E-4 3.49595E-4 2.20798E-4 4.09036E-4 1.0195E-3 1.1475E-3 1.26974E-3 1.43618E-3 1.95646E-3 1.05708E-3 9.40723E-4 6.29459E-4 2.36025E-3 8.32998E-4 6.11565E-4 1.54801E-4 1.43983E-4 1.17299E-4 8.22457E-5 1.66749E-5 3.42164E-5 1.42247E-4 2.03107E-4 2.18938E-4 2.6043E-4 7.78058E-4 2.29334E-3 3.66327E-3 1.77253E-3 1.65444E-3 1.55381E-3 3.11215E-3 1.41862E-3 1.49975E-3 1.97537E-3 1.83323E-3 2.78869E-3 5.58965E-3 4.9538E-3 5.65184E-3 7.58555E-3 9.74413E-3 7.08659E-3 1.44061E-2 6.02733E-2 3.2278E-2 5.37169E-2 3.2954E-2 4.25983E-2 6.1653E-2 3.84744E-2
-9999 -9999 -9999 -9999 -9999 -9999 -9999 -9999 -9999 -9999 -9999 -9999 -9999 -9999 -9999 -9999 -9999 -9999 6.87104E-4 8.55752E-4 6.56655E-4 5.79722E-4 3.09156E-4 6.10452E-4 6.58328E-4 6.48052E-4 5.04776E-4 6.31724E-4 6.82208E-4 1.55946E-3 6.18765E-3 3.43344E-3 1.16489E-3 8.5259E-4 1.69819E-3 3.59157E-3 1.22577E-3 1.40063E-3 6.10898E-4 6.8342E-4 2.20827E-4 2.59613E-4 7.387E-5 1.21261E-4 7.81186E-5 1.30093E-4 1.70511E-4 1.86556E-4 1.34851E-3 1.58596E-3 3.36613E-3 2.7442E-3 1.72243E-3 1.44746E-3 1.90221E-3 1.55103E-3 8.47228E-4 1.6203E-3 1.75784E-3 2.31609E-3 3.38785E-3 3.7274E-3 1.32172E-2 1.21601E-2 1.81963E-2 1.39304E-2 2.94754E-2 7.24384E-2 7.44951E-2 7.86126E-2 4.48126E-2 6.15187E-2 5.45801E-2 2.70647E-2
-9999 -9999 -9999 -9999 -9999 -9999 -9999 -9999 -9999 -9999 -9999 -9999 -9999 -9999 -9999 -9999 -9999 -9999 4.77744E-4 5.47883E-4 9.23903E-4 5.84216E-4 6.33058E-4 4.14864E-4 6.31333E-4 9.70401E-4 5.92426E-4 8.68782E-4 8.86469E-4 3.8854E-3 1.45758E-2 1.29767E-2 7.99614E-3 3.39578E-3 1.82069E-3 3.42189E-3 3.22824E-3 1.21663E-3 2.60417E-3 2.97624E-3 2.22636E-3 7.69629E-4 1.92005E-4 1.09551E-4 1.59222E-4 2.31425E-4 1.79375E-4 5.01359E-4 2.82547E-3 7.80994E-3 3.31955E-3 4.18045E-3 3.61208E-3 1.6017E-3 9.82018E-4 6.19334E-4 9.59813E-4 2.92049E-3 3.90195E-3 2.73597E-3 2.06532E-3 6.67564E-3 1.24935E-2 2.03834E-2 2.3032E-2 3.03746E-2 5.18113E-2 4.64057E-2 6.71389E-2 7.37591E-2 4.8048E-2 4.79943E-2 3.45447E-2 9.45221E-3
-9999 -9999 -9999 -9999 -9999 -9999 -9999 -9999 -9999 -9999 -9999 -9999 -9999 -9999 -9999 -9999 -9999 -9999 -9999 9.3232E-4 8.41742E-4 4.45342E-4 3.15041E-4 1.59811E-4 2.09011E-4 4.018E-4 4.71103E-4 5.91567E-4 1.37958E-3 3.0265E-3 7.56508E-3 6.99451E-3 3.9518E-3 4.43745E-3 3.41742E-3 2.28019E-3 9.41302E-4 8.79218E-4 6.90975E-4 1.56639E-3 1.10303E-3 8.89979E-4 7.45999E-4 7.79429E-4 3.6543E-4 6.24971E-4 8.00011E-4 2.68374E-3 3.98792E-3 6.08032E-3 1.91495E-3 3.80808E-3 2.45722E-3 2.25712E-3 6.30648E-4 4.46553E-4 7.05123E-4 3.00586E-3 4.97722E-3 2.68525E-3 2.49751E-3 1.04271E-2 1.78413E-2 3.53019E-2 2.12034E-2 1.98705E-2 4.65918E-2 6.11655E-2 2.13508E-2 4.0769E-2 4.14251E-2 1.71705E-2 8.39026E-3 1.4079E-2
-9999 -9999 -9999 -9999 -9999 -9999 -9999 -9999 -9999 -9999 -9999 -9999 -9999 -9999 -9999 -9999 -9999 -9999 -9999 -9999 -9999 -9999 -9999 2.43492E-4 3.73289E-4 2.96414E-4 5.23226E-4 6.67848E-4 7.67529E-4 1.70029E-3 2.67149E-3 9.87944E-3 8.58716E-3 6.73443E-3 7.05567E-3 5.15047E-3 4.4374E-3 1.77971E-3 1.05583E-3 1.24914E-3 4.18556E-4 9.51426E-4 2.13425E-3 5.1099E-3 2.04764E-3 2.19213E-3 3.59857E-3 3.26011E-3 2.30747E-3 2.66955E-3 3.07034E-3 4.17688E-3 6.29964E-3 2.02323E-3 1.82598E-3 1.01308E-3 1.13455E-3 1.61153E-3 1.87301E-3 5.08415E-3 7.88366E-3 1.14562E-2 1.18259E-2 3.87259E-2 3.08749E-2 3.01281E-2 3.81615E-2 5.65489E-2 3.92279E-2 2.9747E-2 1.04452E-2 1.38875E-2 1.1806E-2 1.7578E-2
-9999 -9999 -9999 -9999 -9999 -9999 -9999 -9999 -9999 -9999 -9999 -9999 -9999 -9999 -9999 -9999 -9999 -9999 -9999 -9999 -9999 -9999 -9999 -9999 -9999 -9999 -9999 -9999 -9999 1.86569E-3 3.78399E-3 8.47886E-3 8.85884E-3 7.72841E-3 1.62002E-2 1.03055E-2 7.89974E-3 3.26442E-3 1.38962E-3 2.04567E-3 1.00044E-3 2.56407E-3 3.29633E-3 4.03126E-3 4.13823E-3 6.28268E-3 1.19923E-2 7.22009E-3 2.30664E-3 2.14286E-3 3.39733E-3 4.12323E-3 3.98923E-3 2.9863E-3 4.27126E-3 1.80414E-3 1.7428E-3 1.58276E-3 9.22779E-4 3.7383E-3 6.77672E-3 3.64086E-3 1.19772E-2 2.2749E-2 4.67272E-2 4.21115E-2 5.47508E-2 5.2603E-2 3.87584E-2 1.69151E-2 1.45265E-2 1.48015E-2 1.23705E-2 1.27525E-2
-9999 -9999 -9999 -9999 -9999 -9999 -9999 -9999 -9999 -9999 -9999 -9999 -9999 -9999 -9999 -9999 -9999 -9999 -9999 -9999 -9999 -9999 -9999 -9999 -9999 -9999 -9999 -9999 -9999 -9999 -9999 -9999 1.30744E-2 2.04461E-2 1.52399E-2 1.1192E-2 9.81246E-3 1.05004E-2 2.40449E-3 2.6588E-3 2.53026E-3 3.51728E-3 5.31855E-3 1.08945E-2 9.24085E-3 7.11971E-3 1.29998E-2 1.0554E-2 2.18851E-3 2.39686E-3 4.2526E-3 3.16297E-3 3.30418E-3 3.24794E-3 4.90481E-3 6.28327E-3 2.75027E-3 4.30789E-3 2.58974E-3 5.08397E-3 1.41095E-2 1.15529E-2 2.47456E-2 4.21326E-2 3.12537E-2 4.21629E-2 5.70145E-2 4.21521E-2 1.60008E-2 1.09838E-2 1.6256E-2 1.80626E-2 9.68027E-3 6.18962E-3
-9999 -9999 -9999 -9999 -9999 -9999 -9999 -9999 -9999 -9999 -9999 -9999 -9999 -9999 -9999 -9999 -9999 -9999 -9999 -9999 -9999 -9999 -9999 -9999 -9999 -9999 -9999 -9999 -9999 -9999 -9999 -9999 -9999 -9999 -9999 2.12374E-2 5.79473E-3 7.50462E-3 1.55076E-3 1.12444E-3 2.33266E-3 5.45305E-3 5.27102E-3 8.41267E-3 9.53497E-3 9.79498E-3 5.23203E-3 6.78305E-3 3.12204E-3 3.01507E-3 5.45834E-3 4.36367E-3 6.1824E-3 6.2334E-3 1.27339E-2 1.80277E-2 1.27727E-2 1.19165E-2 1.91477E-2 1.61208E-2 1.19715E-2 3.43716E-2 7.37582E-2 7.44944E-2 5.56702E-2 4.22986E-2 2.16346E-2 2.14016E-2 1.88475E-2 1.17836E-2 8.73483E-3 8.07051E-3 6.03356E-3 6.19278E-3
-9999 -9999 -9999 -9999 -9999 -9999 -9999 -9999 -9999 -9999 -9999 -9999 -9999 -9999 -9999 -9999 -9999 -9999 -9999 -9999 -9999 -9999 -9999 -9999 -9999 -9999 -9999 -9999 -9999 -9999 -9999 -9999 -9999 -9999 -9999 -9999 7.94601E-3 6.4157E-3 6.24927E-3 1.51923E-3 2.47029E-3 4.36682E-3 1.27027E-2 1.91736E-2 2.30271E-2 1.89139E-2 4.66669E-3 3.42924E-3 1.38727E-3 1.99229E-3 2.78554E-3 9.60323E-3 1.60012E-2 2.12835E-2 1.65568E-2 3.05888E-2 3.05904E-2 3.3564E-2 3.41584E-2 2.4287E-2 3.45187E-2 3.88991E-2 4.00814E-2 1.52041E-1 1.28607E-1 8.17962E-3 1.17681E-2 1.1216E-2 1.47442E-2 1.01193E-2 5.71979E-3 7.48633E-3 6.15673E-3 7.85657E-3
-9999 -9999 -9999 -9999 -9999 -9999 -9999 -9999 -9999 -9999 -9999 -9999 -9999 -9999 -9999 -9999 -9999 -9999 -9999 -9999 -9999 -9999 -9999 -9999 -9999 -9999 -9999 -9999 -9999 -9999 -9999 -9999 -9999 -9999 -9999 -9999 -9999 1.35144E-2 2.09938E-3 7.30007E-3 6.50698E-3 6.4244E-3 1.2932E-2 1.36425E-2 9.2749E-3 8.92242E-3 1.87064E-3 1.99465E-3 2.2939E-3 2.10274E-3 5.90589E-3 9.42941E-3 1.06806E-2 1.27997E-2 2.387E-2 3.91339E-2 3.76835E-2 4.80569E-2 5.06196E-2 3.20893E-2 6.71176E-2 1.71226E-1 1.29465E-1 1.64738E-1 6.38473E-2 1.6723E-2 1.53379E-2 9.50571E-3 7.73846E-3 5.84343E-3 6.15514E-3 1.06527E-2 1.11272E-2 8.88512E-3
-9999 -9999 -9999 -9999 -9999 -9999 -9999 -9999 -9999 -9999 -9999 -9999 -9999 -9999 -9999 -9999 -9999 -9999 -9999 -9999 -9999 -9999 -9999 -9999 -9999 -9999 -9999 -9999 -9999 -9999 -9999 -9999 -9999 -9999 -9999 -9999 -9999 -9999 5.11402E-3 4.78334E-3 5.43597E-3 7.96617E-4 4.19354E-3 7.80248E-3 5.83534E-3 2.24899E-3 3.19035E-3 2.65671E-3 5.3768E-3 3.24567E-3 9.87031E-3 1.38494E-2 1.65344E-2 1.99383E-2 2.53911E-2 4.70083E-2 5.36121E-2 7.72869E-2 1.41669E-1 1.57596E-1 4.57542E-1 2.29562E-1 8.93936E-2 7.67689E-2 1.49313E-2 4.33168E-3 4.36943E-3 6.91453E-3 5.40619E-3 3.14633E-3 5.13374E-3 6.49253E-3 6.03684E-3 6.85522E-3
-9999 -9999 -9999 -9999 -9999 -9999 -9999 -9999 -9999 -9999 -9999 -9999 -9999 -9999 -9999 -9999 -9999 -9999 -9999 -9999 -9999 -9999 -9999 -9999 -9999 -9999 -9999 -9999 -9999 -9999 -9999 -9999 -9999 -9999 -9999 -9999 -9999 -9999 -9999 3.42537E-3 4.17028E-3 4.36775E-3 2.02526E-3 4.55632E-3 2.16105E-3 1.17219E-3 1.31467E-3 1.512E-3 1.75579E-3 1.05542E-3 5.21606E-3 1.14988E-2 2.06647E-2 2.02488E-2 1.63846E-2 4.80995E-2 7.09204E-2 1.32063E-1 3.00746E-1 6.27248E-1 4.93579E-1 1.95764E-1 4.52093E-2 3.57489E-2 5.06508E-3 2.3015E-3 2.26623E-3 3.50134E-3 6.13811E-3 7.03028E-3 6.86844E-3 5.6956E-3 6.05747E-3 5.93262E-3
-9999 -9999 -9999 -9999 -9999 -9999 -9999 -9999 -9999 -9999 -9999 -9999 -9999 -9999 -9999 -9999 -9999 -9999 -9999 -9999 -9999 -9999 -9999 -9999 -9999 -9999 -9999 -9999 -9999 -9999 -9999 -9999 -9999 -9999 -9999 -9999 -9999 -9999 -9999 -9999 1.0665E-2 5.00988E-3 1.63825E-3 8.42253E-3 7.3472E-4 6.73856E-4 1.16534E-3 1.36959E-3 3.02058E-3 8.24819E-4 4.51504E-3 2.45051E-3 1.25358E-2 1.42237E-2 1.46604E-2 3.13139E-2 6.21784E-2 7.55741E-2 1.80216E-1 4.97303E-1 4.14457E-1 1.72389E-1 8.5857E-2 3.3311E-2 1.14517E-2 5.10699E-3 3.06227E-3 4.14647E-3 6.07726E-3 9.90406E-3 4.61192E-3 5.11512E-3 5.21176E-3 6.2562E-3
-9999 -9999 -9999 -9999 -9999 -9999 -9999 -9999 -9999 -9999 -9999 -9999 -9999 -9999 -9999 -9999 -9999 -9999 -9999 -9999 -9999 -9999 -9999 -9999 -9999 -9999 -9999 -9999 -9999 -9999 -9999 -9999 -9999 -9999 -9999 -9999 -9999 -9999 -9999 -9999 -9999 2.15226E-3 1.72772E-3 1.98579E-3 9.40302E-4 5.00542E-4 2.38892E-3 5.10942E-3 3.49888E-3 1.78266E-3 2.0502E-3 5.58503E-3 1.1278E-2 1.56408E-2 1.38811E-2 2.3194E-2 9.67121E-2 1.36069E-1 1.87841E-1 3.54606E-1 2.46652E-1 1.18086E-1 8.0724E-2 2.18411E-2 4.37444E-3 3.33661E-3 2.52426E-3 3.48562E-3 7.27255E-3 4.62454E-3 2.15309E-3 4.15169E-3 6.94591E-3 6.84921E-3
-9999 -9999 -9999 -9999 -9999 -9999 -9999 -9999 -9999 -9999 -9999 -9999 -9999 -9999 -9999 -9999 -9999 -9999 -9999 -9999 -9999 -9999 -9999 -9999 -9999 -9999 -9999 -9999 -9999 -9999 -9999 -9999 -9999 -9999 -9999 -9999 -9999 -9999 -9999 -9999 -9999 2.79884E-3 1.37737E-3 1.38454E-3 1.16872E-3 4.60264E-4 9.62042E-4 1.48672E-3 2.1738E-3 3.36205E-3 6.69272E-3 1.2017E-2 1.21609E-2 1.15221E-2 1.79797E-2 2.21531E-2 1.89807E-1 3.36741E-1 2.63858E-1 1.31976E-1 9.52926E-2 4.08697E-2 1.73338E-2 8.89256E-3 8.6511E-3 4.62901E-3 4.60248E-3 5.54859E-3 8.49185E-3 5.38685E-3 2.95644E-3 3.24182E-3 4.08691E-3 3.4618E-3
-9999 -9999 -9999 -9999 -9999 -9999 -9999 -9999 -9999 -9999 -9999 -9999 -9999 -9999 -9999 -9999 -9999 -9999 -9999 -9999 -9999 -9999 -9999 -9999 -9999 -9999 -9999 -9999 -9999 -9999 -9999 -9999 -9999 -9999 -9999 -9999 -9999 -9999 -9999 -9999 -9999 -9999 3.15255E-3 3.84584E-3 1.65229E-3 1.7995E-3 2.45778E-3 5.22777E-3 5.40908E-3 6.76112E-3 1.11103E-2 9.57819E-3 1.03142E-2 1.3717E-2 1.44874E-2 5.40631E-2 1.71161E-1 2.79667E-1 5.07509E-1 9.16874E-2 6.32506E-2 1.6783E-2 5.12552E-3 9.55691E-3 2.95735E-3 2.02856E-3 2.67639E-3 3.97167E-3 5.25583E-3 4.45367E-3 4.19386E-3 3.219E-3 2.71165E-3 2.97143E-3
-9999 -9999 -9999 -9999 -9999 -9999 -9999 -9999 -9999 -9999 -9999 -9999 -9999 -9999 -9999 -9999 -9999 -9999 -9999 -9999 -9999 -9999 -9999 -9999 -9999 -9999 -9999 -9999 -9999 -9999 -9999 -9999 -9999 -9999 -9999 -9999 -9999 -9999 -9999 -9999 -9999 -9999 3.38391E-3 2.3669E-3 1.92125E-3 1.7452E-3 1.86252E-3 4.04023E-3 2.82821E-3 4.56677E-3 7.32628E-3 9.58563E-3 1.29316E-2 1.52925E-2 2.694E-2 1.13008E-1 2.6636E-1 2.81851E-1 2.74333E-1 1.17271E-1 6.78422E-2 8.64673E-3 6.91823E-3 5.84814E-3 2.16895E-3 2.39285E-3 5.24498E-3 5.10673E-3 1.57519E-3 4.67818E-3 4.73806E-3 3.33378E-3 3.14925E-3 5.74455E-3
-9999 -9999 -9999 -9999 -9999 -9999 -9999 -9999 -9999 -9999 -9999 -9999 -9999 -9999 -9999 -9999 -9999 -9999 -9999 -9999 -9999 -9999 -9999 -9999 -9999 -9999 -9999 -9999 -9999 -9999 -9999 -9999 -9999 -9999 -9999 -9999 -9999 -9999 -9999 -9999 -9999 -9999 -9999 5.71051E-3 2.49013E-3 2.59799E-3 2.65738E-3 4.18606E-3 7.5296E-3 6.91751E-3 1.08996E-2 7.14567E-3 8.31218E-3 2.54077E-2 9.64672E-2 2.76631E-1 2.23906E-1 2.36123E-1 1.44679E-1 1.6835E-2 8.83081E-3 6.01356E-3 4.52817E-3 3.21095E-3 3.32376E-3 1.96883E-3 1.96366E-3 3.94358E-3 2.53125E-3 3.10281E-3 6.29168E-3 8.10506E-3 1.29952E-2 1.76928E-2
-9999 -9999 -9999 -9999 -9999 -9999 -9999 -9999 -9999 -9999 -9999 -9999 -9999 -9999 -9999 -9999 -9999 -9999 -9999 -9999 -9999 -9999 -9999 -9999 -9999 -9999 -9999 -9999 -9999 -9999 -9999 -9999 -9999 -9999 -9999 -9999 -9999 -9999 -9999 -9999 -9999 -9999 -9999 1.05974E-2 6.05819E-3 2.15825E-3 2.07637E-3 2.95549E-3 5.45011E-3 5.89994E-3 4.59699E-3 1.04842E-2 5.63885E-3 4.74124E-2 1.09767E-1 1.41019E-1 1.80719E-1 2.89858E-1 1.30708E-1 1.23104E-2 9.0648E-3 5.21353E-3 5.5924E-3 3.96706E-3 3.68741E-3 2.32343E-3 1.50999E-3 1.35101E-3 1.54019E-3 2.71554E-3 6.42021E-3 6.89283E-3 2.12147E-2 1.29308E-2
