ENM/Final_Models/M_2_F_q_Set_1_EC/Gustavia_santanderiensis_2_Choco_clamping.asc
ncols         367
nrows         963
xllcorner     -78.6
yllcorner     0.65
cellsize      0.00833333333333323
NODATA_value  -9999
[rows 832 to 863 of 963, columns 0 to 71 of 367]
-9999 -9999 -9999 -9999 -9999 0E0 0E0 0E0 0E0 0E0 0E0 0E0 0E0 0E0 0E0 0E0 0E0 0E0 0E0 0E0 0E0 0E0 0E0 0E0 2.67683E-4 0E0 0E0 0E0 0E0 0E0 1.1549E-5 6.09825E-5 3.58548E-6 7.39996E-5 1.9758E-5 3.99141E-6 1.039E-7 1.36881E-7 3.2108E-7 5.34289E-8 7.06223E-9 2.1646E-7 1.32787E-8 1.66408E-8 1.2808E-11 1.30221E-9 7.37243E-7 3.68152E-9 2.20411E-9 2.00763E-9 9.01687E-9 4.07604E-8 5.12593E-8 9.15342E-9 8.71417E-8 8.68353E-8 8.92259E-5 6.72134E-10 9.3682E-10 9.48151E-10 2.09088E-9 1.45928E-9 4.37889E-10 1.11444E-10 2.85443E-10 2.65956E-6 3.51469E-7 1.13863E-5 6.66052E-5 3.57878E-10 6.41027E-9 2.07646E-9
-9999 -9999 -9999 -9999 -9999 0E0 0E0 0E0 0E0 0E0 0E0 0E0 0E0 0E0 0E0 0E0 0E0 0E0 0E0 0E0 0E0 0E0 0E0 0E0 0E0 0E0 0E0 0E0 0E0 2.37148E-5 7.9826E-5 1.91531E-4 7.4428E-5 7.0551E-6 1.84554E-5 2.08842E-5 4.2016E-6 7.61346E-6 8.53523E-7 3.16329E-7 1.54293E-6 2.95866E-9 3.78065E-7 2.82715E-7 1.33642E-10 1.90635E-11 4.00548E-6 1.07498E-7 7.73197E-7 4.96763E-8 4.38914E-8 1.14157E-7 2.51609E-7 3.00162E-8 1.44258E-7 2.01274E-7 1.43227E-8 1.67567E-5 8.17797E-11 3.06998E-9 6.042E-5 2.59084E-7 2.47664E-5 1.77873E-9 9.07051E-10 9.98195E-6 4.14846E-6 2.12233E-6 3.70834E-6 1.28819E-12 3.86097E-10 5.57082E-9
-9999 -9999 -9999 -9999 -9999 0E0 0E0 0E0 0E0 0E0 0E0 0E0 0E0 0E0 0E0 0E0 0E0 0E0 0E0 0E0 0E0 0E0 0E0 0E0 0E0 0E0 0E0 0E0 0E0 4.16561E-5 2.69067E-4 4.6273E-5 3.20561E-6 1.4611E-5 7.37941E-6 9.09196E-6 1.3936E-6 2.36618E-6 1.74598E-5 1.62213E-6 3.11363E-7 1.8476E-5 3.18019E-7 1.59743E-6 9.75646E-9 2.1894E-6 8.84833E-7 2.69135E-9 5.23733E-8 2.06475E-8 5.87072E-8 3.07834E-9 2.70308E-7 1.18181E-6 1.16571E-7 1.60883E-8 5.25143E-9 1.31771E-8 4.13633E-5 8.58826E-5 1.12431E-7 1.81758E-10 3.06121E-7 4.3494E-11 2.98851E-5 2.26647E-6 1.32177E-5 2.43457E-7 1.017E-9 2.63278E-12 9.5857E-7 4.50318E-5
-9999 -9999 -9999 -9999 -9999 0E0 0E0 0E0 0E0 0E0 0E0 0E0 0E0 0E0 0E0 0E0 0E0 0E0 0E0 0E0 0E0 0E0 0E0 0E0 0E0 0E0 0E0 1.67177E-5 7.01686E-5 1.41272E-4 6.0098E-5 4.56716E-5 2.84004E-5 3.79276E-5 7.29911E-6 8.19942E-6 4.03331E-6 3.06157E-5 3.72716E-6 7.96541E-6 2.34486E-6 3.29622E-6 7.22274E-7 1.69392E-4 9.39262E-6 4.07375E-7 2.98329E-9 6.14723E-6 1.51595E-7 8.4842E-8 3.56907E-8 8.90305E-9 5.91196E-8 1.0676E-8 2.96142E-8 7.82694E-8 1.26958E-7 1.11111E-5 1.24621E-5 4.49596E-12 1.48287E-10 1.31162E-9 8.75579E-8 4.16053E-11 4.40232E-8 1.53091E-9 6.59531E-7 1.49668E-7 1.31598E-7 9.801E-8 4.32102E-8 6.97934E-6
-9999 -9999 -9999 -9999 -9999 0E0 0E0 0E0 0E0 0E0 0E0 0E0 0E0 0E0 0E0 0E0 0E0 0E0 0E0 0E0 0E0 0E0 0E0 0E0 0E0 0E0 0E0 0E0 3.13443E-5 1.47514E-4 2.50795E-4 9.54765E-5 2.50668E-5 3.65975E-6 1.29637E-5 1.25382E-5 1.80305E-7 2.2827E-6 3.09664E-6 9.6795E-6 1.52361E-6 3.09571E-5 1.51388E-4 1.67645E-5 2.41978E-5 8.45493E-9 7.80011E-9 6.99735E-5 4.75057E-8 9.28569E-8 7.32773E-5 1.79462E-9 1.22093E-8 1.93629E-9 8.30278E-9 9.82509E-9 8.48848E-5 3.00038E-5 1.61625E-5 2.08107E-8 1.21985E-10 1.84936E-10 5.57521E-12 8.11962E-11 5.78817E-8 7.1283E-7 1.8607E-5 1.35583E-8 1.10261E-7 7.1695E-10 3.62378E-11 8.21808E-10
-9999 -9999 -9999 -9999 -9999 0E0 0E0 0E0 0E0 0E0 0E0 0E0 0E0 0E0 0E0 0E0 0E0 0E0 0E0 0E0 0E0 0E0 0E0 0E0 0E0 0E0 0E0 1.36442E-4 9.08233E-5 8.6839E-5 1.72078E-4 1.86152E-4 1.6071E-4 2.76307E-5 4.61077E-6 1.49432E-6 5.2321E-6 1.96049E-6 5.82577E-6 1.7835E-7 2.68906E-8 1.61718E-7 3.40031E-5 5.31973E-6 7.50448E-7 1.07433E-7 6.45892E-10 5.98328E-6 2.7766E-7 7.58322E-7 9.7596E-6 7.76827E-11 9.13019E-10 1.2086E-5 2.20988E-8 3.56993E-9 4.65914E-9 1.3009E-5 1.87835E-10 3.28337E-12 1.11022E-16 1.9984E-15 3.60489E-13 8.57427E-9 4.41125E-12 8.13335E-10 2.55557E-11 1.6928E-10 7.12008E-12 7.06102E-14 1.33227E-15 1.60849E-12
-9999 -9999 -9999 -9999 -9999 -9999 -9999 0E0 0E0 0E0 0E0 0E0 0E0 0E0 0E0 0E0 0E0 0E0 0E0 0E0 0E0 0E0 0E0 0E0 0E0 0E0 0E0 8.88634E-5 1.91129E-4 3.89287E-4 9.64408E-5 2.69748E-4 1.11891E-5 1.57938E-5 3.35735E-5 5.63991E-7 9.69376E-8 1.7928E-7 1.37039E-7 6.16394E-8 6.84128E-7 9.87245E-10 7.76373E-6 3.98714E-11 8.87053E-11 3.96688E-7 5.98255E-12 1.95665E-9 2.04932E-8 3.86358E-13 3.26394E-12 1.75073E-11 1.06629E-6 5.98789E-10 1.47196E-9 2.12986E-9 3.22616E-10 1.64818E-7 4.12944E-7 1.11022E-15 0E0 0E0 0E0 3.44169E-15 0E0 1.11022E-16 0E0 0E0 8.88178E-16 3.21965E-15 1.22125E-15 1.55875E-13
-9999 -9999 -9999 -9999 -9999 -9999 -9999 -9999 -9999 0E0 0E0 0E0 0E0 0E0 0E0 0E0 0E0 0E0 0E0 0E0 0E0 0E0 0E0 0E0 0E0 0E0 0E0 3.04119E-5 0E0 0E0 7.85725E-5 6.15355E-5 7.67346E-6 4.75332E-5 5.27292E-6 5.64079E-6 3.6228E-6 1.28074E-7 5.75158E-8 2.58221E-6 1.41141E-7 3.09489E-10 4.20012E-6 5.04876E-7 1.9984E-15 1.95155E-12 9.53682E-14 0E0 3.77476E-15 2.34257E-14 1.66533E-15 1.64313E-14 3.59712E-14 3.5727E-13 5.06015E-10 5.96624E-8 2.38475E-8 6.89448E-14 5.97506E-11 3.33067E-16 1.45328E-13 1.11022E-14 1.11022E-16 1.08025E-13 0E0 1.22125E-15 6.66134E-16 0E0 0E0 1.72085E-14 9.99201E-16 9.76996E-15
-9999 -9999 -9999 -9999 -9999 -9999 -9999 -9999 -9999 -9999 -9999 0E0 0E0 0E0 0E0 0E0 0E0 0E0 0E0 0E0 0E0 0E0 0E0 0E0 0E0 0E0 0E0 0E0 0E0 0E0 0E0 0E0 6.89932E-6 1.08161E-5 7.70014E-6 5.64775E-6 1.21907E-6 2.95806E-6 1.21086E-8 1.17771E-8 5.52258E-8 6.16801E-8 2.61787E-8 5.21585E-9 2.89793E-7 3.13883E-11 6.4333E-12 1.01158E-11 3.05784E-10 1.02103E-7 1.37668E-14 1.20903E-13 1.34304E-8 8.95772E-12 1.39805E-11 1.22832E-10 3.37508E-14 3.81459E-10 4.32876E-13 7.35089E-11 1.06581E-12 5.28588E-12 1.03887E-11 4.58367E-10 5.28945E-8 1.96509E-13 0E0 0E0 0E0 3.10862E-15 8.88178E-16 6.66134E-16
-9999 -9999 -9999 -9999 -9999 -9999 -9999 -9999 -9999 -9999 -9999 -9999 0E0 0E0 0E0 0E0 0E0 0E0 0E0 0E0 0E0 0E0 0E0 0E0 0E0 0E0 0E0 0E0 0E0 0E0 0E0 0E0 1.19139E-5 4.97464E-5 5.54867E-6 5.99772E-6 5.52006E-5 8.55535E-6 5.54368E-6 1.07886E-6 2.42188E-6 5.48499E-7 1.85844E-7 2.81174E-10 6.12659E-10 1.26986E-6 1.41982E-6 3.49744E-7 3.84019E-8 4.3565E-10 2.95339E-10 8.46728E-9 6.36872E-8 1.22452E-11 6.30785E-11 8.56318E-8 8.49121E-9 8.58137E-8 3.98382E-9 8.93585E-12 1.96851E-11 2.09854E-12 1.69409E-12 4.37059E-9 4.51599E-6 1.12461E-7 8.13793E-14 0E0 0E0 0E0 0E0 3.33067E-16
-9999 -9999 -9999 -9999 -9999 -9999 -9999 -9999 -9999 -9999 -9999 -9999 -9999 -9999 0E0 0E0 0E0 0E0 0E0 0E0 0E0 0E0 0E0 0E0 0E0 0E0 0E0 0E0 0E0 0E0 0E0 0E0 4.96445E-5 3.25528E-5 9.06468E-6 7.12969E-5 1.65543E-5 1.09458E-5 1.90219E-6 5.29464E-7 5.49204E-8 1.14573E-5 2.02978E-6 5.57663E-8 6.45166E-9 2.31799E-6 3.69114E-6 2.53458E-6 3.40887E-7 3.06451E-8 6.374E-6 2.33749E-9 1.36682E-8 9.40878E-11 5.79721E-10 5.80619E-9 3.37338E-7 5.1277E-9 4.19228E-9 3.53835E-9 2.02871E-12 2.35958E-11 3.9543E-11 1.32719E-11 1.3346E-5 2.19175E-9 2.05141E-7 8.32667E-14 1.22846E-12 8.54872E-15 0E0 1.11022E-16
-9999 -9999 -9999 -9999 -9999 -9999 -9999 -9999 -9999 -9999 -9999 -9999 -9999 -9999 -9999 -9999 0E0 0E0 0E0 0E0 0E0 0E0 0E0 0E0 0E0 0E0 0E0 0E0 0E0 0E0 3.93854E-4 0E0 9.97844E-5 1.95828E-4 7.13634E-5 3.86002E-5 1.51232E-5 3.77812E-5 3.70082E-5 7.13698E-7 3.06999E-6 9.08597E-8 6.90755E-8 2.39944E-8 3.10978E-8 3.70456E-5 1.46517E-5 1.94808E-5 6.47655E-6 4.37423E-5 1.26307E-5 2.28441E-7 2.33353E-8 1.55309E-6 1.20372E-10 3.02467E-10 2.64477E-10 2.99963E-7 2.48414E-9 3.91977E-10 1.75659E-12 1.73418E-9 3.48922E-8 4.34042E-8 1.46467E-6 6.71017E-6 5.4055E-9 9.71001E-11 2.04469E-8 1.81444E-12 4.52971E-14 6.09512E-14
-9999 -9999 -9999 -9999 -9999 -9999 -9999 -9999 -9999 -9999 -9999 -9999 -9999 -9999 -9999 -9999 -9999 -9999 -9999 -9999 0E0 0E0 0E0 0E0 0E0 0E0 0E0 0E0 0E0 0E0 0E0 0E0 4.26337E-4 1.05674E-4 4.04141E-5 2.11167E-5 1.19484E-4 1.12692E-4 2.14476E-5 1.45434E-6 2.69272E-5 8.495E-7 1.21753E-6 6.23677E-7 1.29769E-8 2.03771E-7 1.75951E-5 3.28718E-6 4.23699E-10 1.05923E-9 2.25573E-5 1.60331E-5 2.3767E-7 2.47072E-5 1.95955E-10 1.73047E-7 5.31699E-7 4.80091E-8 2.60999E-8 1.8312E-9 2.82765E-10 5.49473E-9 2.00696E-9 6.12954E-13 1.10438E-7 1.62315E-12 2.9534E-10 2.51902E-10 6.02784E-9 2.12999E-9 4.45199E-14 1.26381E-9
-9999 -9999 -9999 -9999 -9999 -9999 -9999 -9999 -9999 -9999 -9999 -9999 -9999 -9999 -9999 -9999 -9999 -9999 -9999 -9999 -9999 0E0 0E0 0E0 0E0 0E0 0E0 0E0 1.73052E-4 0E0 1.77074E-4 2.63027E-4 2.14233E-4 1.3987E-4 1.88285E-4 1.23097E-4 2.85609E-4 2.41419E-5 1.28557E-5 4.35968E-5 2.6764E-7 4.0204E-8 1.89189E-5 7.13285E-6 1.14496E-8 1.56321E-8 5.30444E-8 4.00408E-5 2.64601E-6 1.95679E-4 9.52225E-7 3.53341E-5 2.03373E-9 2.3966E-10 1.32212E-5 1.51304E-10 9.91905E-10 4.51881E-5 9.17725E-9 5.90233E-10 1.49398E-9 3.54605E-12 8.27671E-13 2.40997E-11 7.22755E-13 9.46892E-10 1.233E-10 1.27676E-14 6.21725E-15 3.97127E-13 3.16858E-13 8.46075E-10
-9999 -9999 -9999 -9999 -9999 -9999 -9999 -9999 -9999 -9999 -9999 -9999 -9999 -9999 -9999 -9999 -9999 -9999 -9999 -9999 -9999 -9999 0E0 0E0 0E0 0E0 0E0 0E0 0E0 0E0 0E0 1.25304E-4 9.99433E-5 9.37816E-4 2.33203E-4 5.50619E-5 6.16997E-4 1.14344E-4 3.45296E-6 4.03068E-6 4.60175E-6 1.8558E-6 3.43293E-8 5.42809E-8 6.08761E-8 8.23701E-9 8.81958E-8 1.40802E-6 2.48993E-7 1.00723E-6 3.86288E-9 1.38475E-9 7.70816E-7 7.76526E-7 1.58935E-6 1.62775E-5 1.30265E-4 5.84194E-8 6.68265E-7 1.57155E-6 1.48418E-8 3.47958E-8 1.21353E-11 4.81173E-7 5.65184E-10 8.59807E-10 3.51541E-12 1.92069E-14 1.63203E-14 3.33067E-16 2.22045E-16 5.88749E-10
-9999 -9999 -9999 -9999 -9999 -9999 -9999 -9999 -9999 -9999 -9999 -9999 -9999 -9999 -9999 -9999 -9999 -9999 -9999 -9999 -9999 -9999 -9999 -9999 0E0 0E0 0E0 3.97929E-6 0E0 0E0 5.0795E-5 1.02907E-4 3.4829E-4 1.09998E-4 1.02889E-4 1.42157E-4 3.15424E-5 4.66347E-5 4.5591E-5 2.94897E-6 6.12037E-8 5.7131E-7 3.1479E-6 2.53274E-4 1.60008E-6 1.05147E-5 2.72121E-10 2.01626E-11 2.541E-9 7.50398E-11 1.52132E-7 6.97591E-6 2.70368E-7 1.01023E-5 1.50397E-5 2.03188E-4 3.44977E-7 1.14746E-8 2.41933E-6 2.86579E-7 5.492E-7 2.22349E-10 3.29047E-9 8.52861E-10 1.66652E-7 9.24483E-7 8.26745E-8 9.42422E-7 8.12767E-11 2.637E-12 1.58873E-13 9.7633E-13
-9999 -9999 -9999 -9999 -9999 -9999 -9999 -9999 -9999 -9999 -9999 -9999 -9999 -9999 -9999 -9999 -9999 -9999 -9999 -9999 -9999 -9999 -9999 -9999 -9999 -9999 0E0 6.3816E-6 0E0 0E0 3.77989E-4 3.85908E-4 5.98343E-4 1.06806E-4 3.53712E-4 3.34615E-5 8.97809E-5 2.68158E-5 1.53706E-5 3.68126E-7 7.72486E-7 3.82127E-7 1.2189E-4 1.80156E-5 4.02609E-5 1.77341E-7 3.78106E-9 6.15463E-12 5.51413E-9 4.08361E-10 1.09764E-7 2.22675E-5 6.69094E-6 1.26504E-5 1.05779E-6 2.16331E-4 2.34229E-4 8.54987E-9 1.28668E-6 1.36096E-5 1.71744E-8 4.85285E-9 3.71079E-9 8.70447E-10 1.90651E-8 3.37448E-6 6.78134E-10 9.51801E-8 5.05479E-10 2.41797E-10 8.04912E-13 2.99871E-13
-9999 -9999 -9999 -9999 -9999 -9999 -9999 -9999 -9999 -9999 -9999 -9999 -9999 -9999 -9999 -9999 -9999 -9999 -9999 -9999 -9999 -9999 -9999 -9999 -9999 -9999 -9999 9.14853E-6 0E0 0E0 6.50864E-5 4.59137E-4 6.46526E-4 3.99432E-4 1.34843E-4 1.1714E-4 9.95371E-5 1.48395E-5 3.63283E-5 2.27515E-7 3.389E-6 5.24647E-7 3.79637E-6 4.7004E-7 2.53758E-4 8.6012E-6 8.10943E-8 4.67903E-12 4.10803E-11 1.65259E-9 1.25992E-8 8.08127E-7 7.35432E-6 3.42914E-5 3.48587E-4 8.2273E-4 3.24789E-5 2.78801E-7 2.43503E-6 1.30737E-5 9.55392E-8 2.5954E-8 2.0367E-9 1.76854E-8 7.05869E-7 3.29039E-7 3.3282E-6 2.95695E-8 5.07705E-13 8.49096E-10 8.93458E-11 3.53262E-10
-9999 -9999 -9999 -9999 -9999 -9999 -9999 -9999 -9999 -9999 -9999 -9999 -9999 -9999 -9999 -9999 -9999 -9999 -9999 -9999 -9999 -9999 -9999 -9999 -9999 -9999 -9999 -9999 -9999 0E0 9.6633E-5 1.94804E-4 9.42618E-5 3.19952E-6 3.28966E-5 2.17315E-5 5.97452E-4 4.02274E-3 1.50206E-5 1.21079E-3 1.36631E-5 5.79813E-6 8.92694E-6 8.34454E-6 8.34089E-8 7.84941E-8 9.09241E-7 1.27535E-9 5.03915E-11 1.16925E-8 1.08273E-7 2.97746E-10 2.17535E-5 5.27824E-4 2.89152E-6 2.6179E-6 2.71227E-5 4.43634E-7 3.97844E-6 1.16542E-5 9.85872E-8 1.79248E-5 2.13358E-5 2.24936E-7 3.08814E-6 1.05059E-9 5.12176E-10 3.27072E-13 2.25606E-11 5.86319E-11 1.5269E-9 1.37933E-9
-9999 -9999 -9999 -9999 -9999 -9999 -9999 -9999 -9999 -9999 -9999 -9999 -9999 -9999 -9999 -9999 -9999 -9999 -9999 -9999 -9999 -9999 -9999 -9999 -9999 -9999 -9999 -9999 -9999 -9999 0E0 0E0 5.32828E-6 2.43373E-5 6.79327E-4 1.22354E-3 6.31661E-5 3.19691E-5 5.98684E-4 2.291E-3 1.35946E-3 7.11936E-4 9.66129E-5 4.21978E-6 5.48607E-7 4.45822E-7 1.18864E-4 2.72493E-6 3.84646E-8 4.47934E-11 4.76062E-10 1.52236E-9 1.48483E-7 9.03944E-5 2.40276E-3 2.03417E-6 4.49643E-5 1.03631E-6 9.96524E-7 3.05014E-5 1.8203E-7 9.77031E-6 1.03243E-6 1.13375E-5 2.43153E-5 1.135E-5 8.38168E-5 1.62569E-4 1.53731E-7 4.82892E-9 8.85626E-7 2.09225E-4
-9999 -9999 -9999 -9999 -9999 -9999 -9999 -9999 -9999 -9999 -9999 -9999 -9999 -9999 -9999 -9999 -9999 -9999 -9999 -9999 -9999 -9999 -9999 -9999 -9999 -9999 -9999 -9999 -9999 -9999 -9999 -9999 0E0 4.7802E-5 3.84411E-5 6.85452E-4 3.90307E-5 8.40279E-6 1.58663E-4 1.15658E-3 1.36222E-3 6.75596E-5 5.42959E-5 3.11051E-6 4.40866E-7 3.12947E-8 2.74432E-6 4.29932E-5 8.32135E-8 5.43341E-9 1.18547E-7 2.17146E-5 1.70955E-6 2.60325E-8 3.70788E-4 1.08143E-5 4.3391E-5 1.66971E-6 4.52155E-6 3.66653E-4 1.0094E-7 2.16713E-4 1.72132E-6 6.38809E-8 2.78157E-6 2.62472E-6 1.43809E-6 6.86397E-4 3.5295E-8 1.55889E-10 4.05898E-13 4.12231E-5
-9999 -9999 -9999 -9999 -9999 -9999 -9999 -9999 -9999 -9999 -9999 -9999 -9999 -9999 -9999 -9999 -9999 -9999 -9999 -9999 -9999 -9999 -9999 -9999 -9999 -9999 -9999 -9999 -9999 -9999 -9999 -9999 -9999 4.6076E-4 1.1101E-4 1.75644E-5 1.51926E-5 6.14511E-5 1.79575E-5 1.09453E-4 4.53348E-4 9.42379E-5 1.31574E-5 6.16893E-4 3.83827E-7 8.38294E-6 1.2056E-6 1.27867E-5 4.20148E-7 1.74855E-9 4.57787E-8 1.88355E-4 4.65001E-5 1.10259E-7 4.20282E-7 1.41418E-3 7.9265E-4 3.04997E-6 4.61499E-6 7.81623E-5 1.10751E-5 1.05643E-4 4.1673E-5 3.32602E-8 2.4599E-7 2.38624E-5 1.44922E-5 5.46449E-4 4.10237E-8 8.26704E-10 2.49091E-8 1.89512E-4
-9999 -9999 -9999 -9999 -9999 -9999 -9999 -9999 -9999 -9999 -9999 -9999 -9999 -9999 -9999 -9999 -9999 -9999 -9999 -9999 -9999 -9999 -9999 -9999 -9999 -9999 -9999 -9999 -9999 -9999 -9999 -9999 -9999 -9999 -9999 8.38162E-6 5.29372E-5 3.06568E-5 7.54946E-5 2.53782E-4 4.53512E-3 5.87301E-5 2.0155E-5 5.78008E-7 3.32904E-7 2.20088E-5 5.97231E-5 2.54848E-5 1.56662E-5 2.56128E-9 1.22048E-7 2.95965E-4 4.97445E-5 3.88045E-5 3.98578E-7 6.66406E-4 6.42491E-3 2.28453E-5 4.97216E-6 4.39854E-4 4.00968E-5 1.84923E-3 1.5611E-3 5.46759E-5 1.28099E-6 1.82534E-5 5.2436E-4 1.0379E-4 1.15742E-9 1.63728E-9 1.35437E-7 4.6371E-5
-9999 -9999 -9999 -9999 -9999 -9999 -9999 -9999 -9999 -9999 -9999 -9999 -9999 -9999 -9999 -9999 -9999 -9999 -9999 -9999 -9999 -9999 -9999 -9999 -9999 -9999 -9999 -9999 -9999 -9999 -9999 -9999 -9999 -9999 -9999 -9999 3.49467E-4 6.90249E-5 1.36546E-4 8.02466E-4 7.92692E-4 1.1785E-4 2.60511E-5 2.47074E-6 2.49186E-6 2.2893E-3 7.5365E-6 2.76317E-5 1.35527E-5 1.1113E-6 5.17922E-7 3.22151E-5 1.26306E-4 2.81208E-3 7.26782E-7 2.76844E-5 9.28644E-4 9.87845E-4 9.13737E-6 1.12059E-4 5.7236E-4 1.46366E-3 2.87353E-3 6.30484E-5 5.89887E-5 1.30575E-6 1.70615E-4 8.98326E-4 4.11655E-4 3.75161E-6 2.63586E-10 1.46203E-6
-9999 -9999 -9999 -9999 -9999 -9999 -9999 -9999 -9999 -9999 -9999 -9999 -9999 -9999 -9999 -9999 -9999 -9999 -9999 -9999 -9999 -9999 -9999 -9999 -9999 -9999 -9999 -9999 -9999 -9999 -9999 -9999 -9999 -9999 -9999 -9999 -9999 1.56133E-4 1.17758E-4 1.77892E-3 2.50414E-4 2.66706E-4 5.79754E-4 1.50926E-4 1.25487E-3 2.87403E-4 4.92593E-4 6.77988E-4 4.84459E-4 1.8117E-3 1.10986E-3 1.83676E-3 1.53448E-4 2.2428E-4 2.77984E-4 2.29114E-4 5.06854E-4 6.45799E-4 2.15869E-4 5.30737E-4 3.24891E-3 7.44681E-3 6.4006E-3 1.1207E-3 3.43254E-4 7.14014E-6 1.0091E-6 5.90792E-4 5.52565E-4 1.13012E-5 8.25317E-8 5.0304E-5
-9999 -9999 -9999 -9999 -9999 -9999 -9999 -9999 -9999 -9999 -9999 -9999 -9999 -9999 -9999 -9999 -9999 -9999 -9999 -9999 -9999 -9999 -9999 -9999 -9999 -9999 -9999 -9999 -9999 -9999 -9999 -9999 -9999 -9999 -9999 -9999 -9999 -9999 -9999 5.6046E-3 4.70079E-3 3.84761E-3 1.86982E-3 8.33095E-5 6.89315E-5 2.32409E-3 3.17833E-3 4.84938E-4 1.24858E-3 2.06067E-3 1.67296E-3 3.65892E-3 4.68245E-3 1.14482E-3 6.73936E-4 9.56447E-5 9.84713E-4 2.75388E-3 1.90113E-3 2.33692E-4 4.33484E-3 6.3447E-3 7.66191E-3 2.20987E-3 4.21042E-4 1.04794E-6 8.64384E-9 6.37375E-4 4.29789E-5 1.77729E-8 6.94374E-5 1.55336E-2
-9999 -9999 -9999 -9999 -9999 -9999 -9999 -9999 -9999 -9999 -9999 -9999 -9999 -9999 -9999 -9999 -9999 -9999 -9999 -9999 -9999 -9999 -9999 -9999 -9999 -9999 -9999 -9999 -9999 -9999 -9999 -9999 -9999 -9999 -9999 -9999 -9999 -9999 -9999 -9999 4.93992E-3 2.81508E-3 1.22055E-3 4.41092E-5 2.53553E-4 4.48678E-4 6.99773E-4 2.41996E-3 1.71854E-2 1.2047E-2 4.09178E-3 5.02281E-5 4.08846E-4 4.38705E-4 1.05709E-4 1.73655E-5 2.34446E-8 4.47695E-5 1.76138E-3 5.40898E-3 5.61237E-3 9.47365E-3 1.15212E-2 1.0406E-2 8.70666E-4 9.20455E-7 4.47317E-5 2.13151E-5 2.64594E-8 3.71356E-9 3.009E-9 2.11895E-4
-9999 -9999 -9999 -9999 -9999 -9999 -9999 -9999 -9999 -9999 -9999 -9999 -9999 -9999 -9999 -9999 -9999 -9999 -9999 -9999 -9999 -9999 -9999 -9999 -9999 -9999 -9999 -9999 -9999 -9999 -9999 -9999 -9999 -9999 -9999 -9999 -9999 -9999 -9999 -9999 6.54249E-3 3.13119E-3 1.60498E-4 4.5051E-4 3.78691E-3 1.59255E-3 6.96977E-5 1.36561E-2 2.49291E-3 2.36824E-3 3.15995E-3 9.54189E-4 1.36203E-3 2.62832E-4 1.88809E-5 9.92907E-4 3.61638E-5 2.82493E-6 2.59973E-4 6.70136E-4 8.32781E-3 6.82977E-3 6.77395E-3 6.62894E-3 1.48963E-4 9.79916E-7 2.44895E-7 3.32042E-5 7.70991E-8 2.95131E-12 7.41984E-8 1.09151E-5
-9999 -9999 -9999 -9999 -9999 -9999 -9999 -9999 -9999 -9999 -9999 -9999 -9999 -9999 -9999 -9999 -9999 -9999 -9999 -9999 -9999 -9999 -9999 -9999 -9999 -9999 -9999 -9999 -9999 -9999 -9999 -9999 -9999 -9999 -9999 -9999 -9999 -9999 -9999 -9999 1.12693E-2 2.64164E-3 3.83508E-4 3.35E-4 7.52646E-3 2.18943E-3 2.20237E-4 1.98896E-2 1.74355E-2 8.75219E-4 3.06984E-3 2.41043E-3 3.50888E-3 2.75185E-3 4.0049E-4 1.44736E-4 2.37786E-3 1.38539E-5 4.3927E-4 1.73326E-3 1.99675E-3 1.09331E-2 4.67324E-3 3.7515E-3 1.30986E-4 4.19755E-7 6.1784E-4 1.75276E-4 2.47073E-8 3.1619E-9 6.88343E-6 3.60311E-4
-9999 -9999 -9999 -9999 -9999 -9999 -9999 -9999 -9999 -9999 -9999 -9999 -9999 -9999 -9999 -9999 -9999 -9999 -9999 -9999 -9999 -9999 -9999 -9999 -9999 -9999 -9999 -9999 -9999 -9999 -9999 -9999 -9999 -9999 -9999 -9999 -9999 -9999 -9999 -9999 5.64767E-3 1.75633E-3 2.01869E-4 5.2809E-4 4.25597E-5 1.86729E-4 1.58106E-3 2.83507E-2 3.13605E-3 3.76507E-3 4.31907E-3 6.99196E-3 1.29188E-2 5.80457E-3 7.90346E-4 5.68832E-5 3.08667E-4 5.29314E-5 4.63523E-3 2.93299E-3 1.63298E-4 5.18363E-3 1.18608E-2 2.15657E-3 5.72409E-5 6.72249E-5 2.77967E-6 7.48601E-12 5.41761E-11 9.15151E-10 5.08344E-6 1.51586E-4
-9999 -9999 -9999 -9999 -9999 -9999 -9999 -9999 -9999 -9999 -9999 -9999 -9999 -9999 -9999 -9999 -9999 -9999 -9999 -9999 -9999 -9999 -9999 -9999 -9999 -9999 -9999 -9999 -9999 -9999 -9999 -9999 -9999 -9999 -9999 -9999 -9999 -9999 8.22267E-3 1.40986E-2 3.70767E-3 7.34989E-4 1.68583E-3 1.10988E-3 3.26709E-4 1.76211E-4 1.24977E-3 1.67392E-3 4.72195E-3 6.01311E-3 4.19328E-3 8.11643E-3 1.12896E-2 1.46341E-2 1.08323E-2 5.46055E-4 2.65731E-4 6.22963E-3 4.86368E-3 5.94753E-3 6.84892E-4 1.0314E-3 1.04494E-2 2.65847E-3 2.70335E-4 3.13401E-5 3.04919E-4 7.79042E-8 1.58561E-11 5.19309E-10 1.66555E-7 1.96051E-4
-9999 -9999 -9999 -9999 -9999 -9999 -9999 -9999 -9999 -9999 -9999 -9999 -9999 -9999 -9999 -9999 -9999 -9999 -9999 -9999 -9999 -9999 -9999 -9999 -9999 -9999 -9999 -9999 -9999 -9999 -9999 -9999 -9999 -9999 -9999 -9999 -9999 -9999 5.56392E-3 4.54315E-3 8.17542E-3 1.55738E-3 1.13099E-3 3.25188E-3 1.52787E-3 9.41578E-5 6.8058E-4 3.36951E-3 1.12892E-2 3.26524E-3 7.33761E-3 6.46991E-3 1.07934E-2 1.58378E-2 1.56687E-2 9.43027E-3 1.88741E-3 5.19814E-4 1.13646E-3 5.37067E-3 4.08375E-3 2.47833E-3 4.94978E-3 9.52515E-3 7.90952E-4 5.05618E-6 1.28322E-5 8.05742E-5 4.27845E-9 1.08998E-8 1.6674E-5 8.41974E-4
