ENM/Final_Models/M_2_F_q_Set_1_EC/Gustavia_santanderiensis_1_Choco.asc
ncols         367
nrows         963
xllcorner     -78.6
yllcorner     0.65
cellsize      0.00833333333333323
NODATA_value  -9999
[rows 780 to 809 of 963, columns 134 to 200 of 367]
3.78192E-4 1.61912E-3 1.56517E-2 6.65956E-3 3.31996E-3 3.11877E-3 1.36909E-3 5.78529E-4 4.55207E-4 3.15402E-4 1.03385E-4 9.37951E-5 5.66081E-4 1.70794E-4 2.43578E-5 5.71784E-5 3.84882E-5 1.56731E-5 5.48013E-6 1.75412E-5 2.03369E-5 9.57218E-6 1.13111E-5 1.13485E-5 1.63929E-5 1.2204E-5 1.98692E-5 4.14902E-5 2.34313E-5 2.15635E-5 3.87644E-5 2.21704E-5 2.23572E-5 3.95602E-5 3.90532E-5 2.85231E-5 2.46142E-5 9.03245E-6 1.49242E-5 1.50695E-5 2.84067E-5 1.14528E-4 3.30335E-4 1.28328E-3 5.14221E-3 6.9739E-3 -9999 -9999 3.67777E-2 -9999 -9999 -9999 -9999 -9999 -9999 -9999 -9999 -9999 -9999 -9999 -9999 -9999 -9999 -9999 -9999 1.43901E-2 6.74938E-3
1.28858E-3 1.12444E-2 2.15001E-2 1.05893E-2 1.54083E-3 1.04125E-3 2.44393E-3 4.48372E-3 2.67129E-3 1.19686E-3 2.36213E-4 3.88764E-4 8.17553E-4 7.54422E-5 5.64404E-5 2.44862E-4 6.59295E-5 1.7992E-5 1.73762E-5 1.50881E-5 2.44416E-5 1.44676E-5 2.13961E-5 1.32057E-5 1.32443E-5 1.25349E-5 2.43113E-5 4.35175E-5 1.88746E-5 1.6987E-5 1.84836E-5 2.50679E-5 2.60357E-5 2.60446E-5 2.18736E-5 3.49802E-5 2.27902E-5 1.82801E-5 1.83568E-5 1.37592E-5 2.78629E-5 2.23278E-4 1.38481E-3 3.42587E-3 7.47228E-3 9.66047E-3 -9999 -9999 -9999 -9999 -9999 -9999 -9999 -9999 -9999 -9999 -9999 -9999 -9999 -9999 -9999 -9999 -9999 -9999 1.74966E-2 1.6972E-2 1.46431E-2
3.92391E-4 5.23283E-3 3.03509E-2 2.35736E-2 7.39927E-3 1.76008E-3 4.92392E-4 7.01659E-4 1.40405E-3 1.68458E-3 1.04522E-3 1.77591E-3 1.03402E-3 4.2114E-4 3.54991E-4 1.4866E-4 2.57465E-5 1.14082E-5 1.17962E-5 1.59701E-5 2.73743E-5 5.73764E-5 9.41041E-5 5.2666E-5 2.94004E-5 6.95278E-5 9.13701E-5 4.88508E-5 2.27978E-5 1.70044E-5 2.99552E-5 2.94646E-5 1.90609E-5 2.0089E-5 1.72325E-5 1.4471E-5 2.14906E-5 7.18714E-5 4.81985E-5 3.5815E-5 1.15493E-4 8.37144E-4 2.24877E-3 3.19198E-3 1.19194E-2 1.88384E-2 -9999 -9999 -9999 -9999 -9999 -9999 -9999 -9999 -9999 -9999 -9999 -9999 -9999 -9999 -9999 -9999 -9999 2.13725E-2 1.38322E-2 1.16743E-2 1.80303E-2
6.97918E-3 1.58541E-2 1.8812E-2 2.9847E-2 7.14133E-3 9.51592E-3 3.33904E-3 4.03752E-4 3.27787E-4 8.37059E-4 2.74297E-4 2.40679E-4 9.1598E-4 4.70492E-4 1.77831E-4 9.96952E-5 1.12315E-5 1.81815E-5 1.02924E-5 1.60304E-5 2.84717E-5 4.91109E-5 4.00403E-5 2.53023E-5 3.01165E-5 2.8894E-5 2.21396E-5 3.65942E-5 2.76776E-5 1.31276E-5 2.19663E-5 1.59082E-5 1.2697E-5 1.36665E-5 1.24754E-5 2.30177E-5 4.46244E-5 1.00816E-4 9.83046E-5 1.26168E-4 3.22263E-4 1.958E-3 5.75402E-3 1.17136E-2 -9999 -9999 6.32496E-3 -9999 -9999 -9999 -9999 -9999 -9999 -9999 -9999 -9999 -9999 -9999 -9999 -9999 -9999 -9999 2.76831E-2 2.20021E-2 1.92828E-2 1.06359E-2 2.03912E-2
8.91913E-3 8.36442E-3 3.9805E-2 1.34175E-2 2.60733E-3 4.84033E-3 1.02669E-2 2.40578E-3 7.15628E-5 1.20245E-4 2.26166E-4 6.38482E-5 3.81422E-5 3.96532E-5 3.84453E-5 9.13909E-5 3.97219E-5 2.78255E-5 2.17154E-5 2.01564E-5 3.73995E-5 2.97329E-5 1.57762E-5 1.14998E-5 1.05466E-5 1.52762E-5 1.58458E-5 2.60412E-5 1.57011E-5 1.37415E-5 2.79373E-5 2.1568E-5 1.02581E-5 1.33707E-5 2.73549E-5 5.51067E-5 7.91559E-5 4.46541E-4 1.70337E-4 7.54068E-4 1.8923E-3 4.99957E-3 1.01291E-2 -9999 -9999 -9999 1.37481E-2 -9999 -9999 -9999 -9999 -9999 -9999 -9999 -9999 -9999 -9999 -9999 -9999 -9999 -9999 1.99051E-2 1.68266E-2 1.21911E-2 1.41724E-2 1.1366E-2 2.78047E-2
4.21462E-2 5.52556E-2 4.66814E-2 2.75534E-2 7.52151E-3 3.40744E-3 7.82908E-3 4.01623E-3 4.95696E-4 8.01751E-4 6.67365E-4 1.32706E-4 1.34157E-4 3.49753E-5 2.09351E-5 2.4383E-5 2.32332E-5 2.25644E-5 4.56008E-6 1.84533E-5 3.16276E-5 1.99716E-5 1.04039E-5 1.70105E-5 1.5957E-5 1.54472E-5 1.14764E-5 1.76302E-5 1.33057E-5 2.27371E-5 2.70144E-5 1.95779E-5 1.60057E-5 2.71455E-5 6.28948E-5 1.23275E-4 3.09304E-4 1.07359E-3 8.35149E-5 4.00903E-4 2.06583E-3 8.51955E-3 8.54412E-3 -9999 -9999 -9999 2.45468E-2 -9999 -9999 -9999 -9999 -9999 -9999 -9999 -9999 -9999 -9999 -9999 -9999 -9999 1.06214E-2 1.12968E-2 1.42166E-2 1.04616E-2 1.03666E-2 1.93487E-2 3.38806E-2
7.24442E-2 2.78629E-2 1.04545E-2 2.22194E-2 4.2306E-2 1.64577E-2 1.84459E-2 1.89424E-2 2.26265E-2 9.22066E-3 7.71182E-3 3.30176E-3 7.60323E-4 1.77443E-4 3.26159E-5 2.481E-5 2.15186E-5 1.79889E-5 4.20272E-6 6.51966E-6 1.27574E-5 2.80879E-5 2.17335E-5 2.32876E-5 2.33507E-5 2.95053E-5 1.17338E-5 1.19432E-5 1.32746E-5 2.73649E-5 3.99225E-5 1.7489E-5 2.13239E-5 2.32646E-5 9.19569E-5 1.97101E-4 4.1566E-4 9.51955E-4 9.45091E-5 9.1284E-5 1.03375E-3 2.69038E-3 -9999 -9999 -9999 -9999 -9999 -9999 -9999 -9999 -9999 -9999 -9999 -9999 -9999 -9999 -9999 -9999 -9999 -9999 -9999 1.34861E-2 1.31611E-2 1.11418E-2 1.56846E-2 3.17236E-2 3.13668E-2
4.965E-2 2.0944E-2 2.16904E-2 8.23849E-3 1.78294E-2 2.61428E-2 1.13435E-2 4.20387E-3 1.83138E-2 9.59107E-3 3.47489E-3 2.78174E-3 2.96846E-3 1.12156E-3 4.12268E-4 8.13406E-5 3.71083E-5 2.76303E-6 2.27273E-5 2.77073E-5 1.83408E-5 3.23381E-5 2.15837E-5 8.68348E-6 2.07346E-5 7.75671E-5 4.40489E-5 1.49472E-5 1.79535E-5 4.20773E-5 8.5279E-5 1.64178E-5 1.59065E-5 2.84281E-5 8.78298E-5 1.8138E-4 5.40816E-4 8.11542E-4 7.5238E-4 8.89385E-5 2.41215E-4 1.65542E-3 -9999 -9999 -9999 -9999 -9999 -9999 -9999 -9999 -9999 -9999 -9999 -9999 -9999 -9999 -9999 -9999 -9999 -9999 -9999 1.97471E-2 1.60332E-2 3.18306E-2 3.00697E-2 4.83539E-2 3.84327E-2
6.2289E-2 2.09337E-2 7.65849E-3 8.02399E-3 4.29933E-3 6.66842E-3 1.89465E-2 3.1874E-3 2.25774E-3 5.00961E-3 1.98266E-3 2.25489E-4 1.83986E-4 1.19399E-4 2.38353E-4 1.00966E-4 2.44588E-5 8.92773E-6 2.44488E-5 2.59839E-5 1.67638E-5 1.17093E-5 1.09558E-5 8.12737E-6 1.89256E-5 4.66942E-5 2.78347E-5 2.24173E-5 3.02769E-5 5.48307E-5 1.70134E-4 3.71317E-5 7.01843E-6 1.16E-5 6.86752E-5 2.18086E-4 8.2031E-4 2.08354E-3 8.19233E-4 5.62328E-4 1.16097E-4 1.36458E-3 4.84347E-3 -9999 -9999 -9999 -9999 -9999 -9999 -9999 -9999 -9999 -9999 -9999 -9999 -9999 -9999 -9999 -9999 2.11517E-2 3.41666E-2 2.38659E-2 2.02588E-2 4.50981E-2 5.30888E-2 3.37403E-2 1.81365E-2
1.51934E-2 3.63362E-3 1.16465E-3 2.24431E-3 1.31885E-3 1.36452E-3 6.80515E-3 3.67401E-3 5.3327E-4 4.09596E-4 2.06852E-3 7.25835E-4 8.05146E-5 6.02399E-5 5.22051E-5 8.35686E-5 1.50327E-5 5.30492E-6 2.44909E-5 1.42023E-5 9.36108E-6 1.09274E-5 1.20068E-5 1.46364E-5 1.53984E-5 1.8744E-5 1.09073E-5 7.73602E-6 1.64001E-5 3.73389E-5 1.78999E-4 4.56734E-5 1.5441E-5 2.10989E-5 4.50792E-5 4.93915E-4 2.60853E-3 4.21552E-3 2.68393E-3 9.38759E-4 4.99677E-4 2.11409E-3 7.24646E-3 1.64589E-2 -9999 -9999 -9999 -9999 -9999 -9999 -9999 -9999 -9999 -9999 -9999 -9999 -9999 -9999 1.69428E-2 2.19697E-2 4.26312E-2 2.33084E-2 3.58407E-2 3.82817E-2 2.08779E-2 1.27165E-2 1.37688E-2
2.09207E-2 1.86378E-2 6.03799E-3 1.27545E-3 2.97744E-4 4.42838E-4 1.13005E-3 1.41211E-3 4.62663E-4 7.9903E-5 7.55254E-5 4.00736E-4 1.3078E-4 1.76212E-5 1.66132E-5 2.46464E-5 1.85603E-5 1.18703E-5 1.29293E-5 7.90579E-6 3.59275E-6 1.67454E-5 2.13042E-5 2.76271E-5 9.77632E-6 4.87134E-5 1.5972E-4 5.14556E-5 1.12315E-4 3.21757E-4 9.72942E-5 4.25085E-5 1.93904E-5 2.13629E-5 1.6716E-4 4.13727E-4 2.51769E-3 9.09518E-3 4.46483E-3 3.63272E-3 3.2971E-3 1.38666E-3 6.70308E-3 -9999 -9999 -9999 -9999 -9999 -9999 -9999 -9999 -9999 -9999 -9999 -9999 -9999 -9999 -9999 1.74797E-2 2.04214E-2 4.47558E-2 4.5892E-2 3.53201E-2 1.71398E-2 6.2193E-3 3.71826E-3 4.4771E-3
1.25922E-2 1.2075E-2 5.04823E-3 2.21972E-3 8.41759E-4 1.90371E-4 2.66001E-4 4.34748E-4 1.27954E-4 4.43325E-5 2.3756E-5 3.43035E-5 4.19528E-5 1.8939E-5 6.6226E-6 6.78808E-6 1.06696E-5 4.09515E-6 3.98327E-6 1.07799E-5 1.63988E-5 1.91471E-5 1.77972E-5 2.27605E-5 1.46634E-5 2.43334E-5 2.59416E-4 4.34207E-4 4.97598E-4 6.73125E-4 6.83683E-5 1.45848E-5 1.87556E-5 7.70267E-5 3.03147E-4 6.90287E-4 2.99883E-3 -9999 7.92021E-3 1.23444E-2 6.69236E-3 6.47516E-3 7.4281E-3 -9999 -9999 -9999 -9999 -9999 -9999 -9999 -9999 -9999 -9999 -9999 -9999 -9999 -9999 -9999 1.71955E-2 3.479E-2 5.83933E-2 5.57009E-2 2.0907E-2 6.7107E-3 4.10726E-3 3.88117E-3 2.30454E-3
9.97458E-3 5.064E-3 1.47114E-3 5.04756E-4 2.64107E-4 9.86694E-5 4.82575E-5 6.01865E-5 3.90938E-5 2.03627E-5 1.35682E-5 1.19567E-5 1.79115E-5 1.21353E-5 9.79367E-6 2.92416E-6 3.79282E-6 7.53263E-6 3.6976E-6 1.71452E-5 1.6324E-5 2.06839E-5 8.55362E-6 1.91657E-5 4.72424E-6 6.58345E-6 1.00813E-4 1.50955E-3 8.51887E-4 1.73761E-4 2.58396E-5 2.10936E-5 4.16388E-5 2.35721E-4 7.1533E-4 1.39033E-3 2.21153E-3 -9999 -9999 -9999 2.28017E-2 1.74454E-2 6.38181E-2 -9999 -9999 -9999 -9999 -9999 -9999 -9999 -9999 -9999 -9999 -9999 -9999 -9999 -9999 -9999 -9999 -9999 -9999 3.17193E-2 7.59063E-3 8.06944E-3 7.58555E-3 2.76457E-3 7.40509E-4
3.37605E-3 1.77853E-3 2.09519E-3 8.24377E-4 2.98389E-4 4.32696E-5 4.023E-5 8.0682E-5 4.46176E-5 1.39037E-4 1.11517E-4 2.80268E-5 2.44749E-5 6.43141E-5 4.96418E-6 1.24742E-5 1.23433E-5 1.11462E-5 2.53406E-6 8.76841E-6 9.49514E-6 5.86052E-6 9.51465E-6 1.65277E-5 1.59608E-5 3.78148E-5 1.52862E-4 1.96633E-3 5.33036E-4 3.23128E-5 1.69808E-5 2.7113E-5 9.62204E-5 3.5802E-4 1.40104E-3 4.06443E-3 7.89752E-3 1.16135E-2 -9999 -9999 -9999 -9999 -9999 -9999 -9999 -9999 -9999 -9999 -9999 -9999 -9999 -9999 -9999 -9999 -9999 -9999 -9999 -9999 -9999 5.83742E-2 2.05017E-2 8.94616E-3 1.56027E-2 1.02591E-2 3.53204E-3 1.20494E-3 7.08934E-4
2.66166E-3 3.70116E-3 7.9136E-3 1.45847E-3 4.88715E-4 5.81552E-5 1.02819E-4 5.17863E-4 1.90434E-4 9.53757E-4 1.61649E-4 1.23602E-4 1.94043E-4 1.45765E-4 3.80223E-6 1.29206E-5 7.65058E-6 1.89487E-5 7.43582E-6 7.90228E-6 5.80404E-6 6.55012E-6 7.06165E-6 1.38332E-5 1.67185E-4 1.1911E-4 1.75692E-3 1.40297E-3 3.04302E-4 4.25541E-5 9.37579E-6 7.5662E-5 2.85015E-4 9.97568E-4 2.99265E-3 6.22161E-3 5.33406E-3 1.13886E-2 -9999 -9999 -9999 -9999 -9999 -9999 -9999 -9999 -9999 -9999 -9999 -9999 -9999 -9999 -9999 -9999 -9999 -9999 -9999 -9999 5.10226E-2 3.64414E-2 -9999 1.78064E-2 1.53819E-2 4.41624E-3 3.44077E-3 2.46716E-3 8.76894E-4
2.41291E-2 3.7729E-2 2.64335E-2 9.89377E-3 2.20403E-2 4.61849E-4 3.65897E-4 2.39699E-3 1.32392E-3 1.76497E-3 1.46487E-3 8.49449E-4 5.00686E-4 7.33363E-5 1.01165E-5 1.44518E-5 8.48651E-6 1.05636E-5 2.68546E-5 3.72972E-5 5.94239E-6 1.24888E-5 1.96877E-5 2.15128E-5 3.20996E-4 1.71825E-3 3.24926E-3 7.32438E-4 2.02396E-4 6.77372E-6 1.48759E-5 7.43688E-5 5.0026E-4 1.79566E-3 7.90713E-3 8.21765E-3 1.64866E-2 -9999 -9999 -9999 -9999 -9999 -9999 -9999 -9999 -9999 -9999 -9999 -9999 -9999 -9999 -9999 -9999 -9999 -9999 -9999 -9999 4.18278E-2 4.53116E-2 -9999 -9999 3.20534E-2 2.545E-2 9.07781E-3 5.19982E-3 1.44014E-3 2.7806E-3
1.43566E-2 2.42515E-2 1.12311E-2 4.85239E-3 1.81138E-2 2.3302E-3 3.98865E-3 7.55666E-3 4.95285E-3 2.68569E-3 6.92049E-4 2.2789E-4 7.14268E-5 2.3113E-5 9.97992E-6 5.38259E-6 7.20476E-6 6.65587E-6 8.25285E-6 1.82237E-5 8.34627E-5 9.11237E-5 3.53455E-6 3.78575E-5 8.16893E-5 1.87529E-3 3.60365E-3 -9999 -9999 4.56847E-5 3.87181E-5 2.63048E-4 6.29689E-4 1.93833E-3 6.28864E-3 1.41229E-2 -9999 -9999 -9999 -9999 -9999 -9999 -9999 -9999 -9999 -9999 -9999 -9999 -9999 -9999 -9999 -9999 -9999 -9999 -9999 -9999 -9999 -9999 -9999 -9999 -9999 1.38659E-2 1.3748E-2 2.02282E-2 1.432E-2 9.4519E-3 4.38067E-3
2.26792E-2 2.83563E-2 1.7532E-2 1.46007E-2 8.60745E-3 1.04839E-2 1.65371E-2 1.75895E-2 6.30365E-3 3.33977E-3 1.41286E-3 8.90354E-5 1.27998E-5 5.20926E-6 6.60085E-6 4.95064E-6 3.37363E-6 3.22853E-6 7.24568E-6 8.03232E-6 1.04914E-5 1.80695E-4 3.63195E-4 1.20928E-4 1.93019E-4 3.20132E-3 4.14811E-3 -9999 -9999 1.32523E-4 2.01964E-4 7.2619E-4 2.20856E-3 4.55756E-3 8.75038E-3 7.81243E-3 2.63384E-2 -9999 -9999 -9999 -9999 -9999 -9999 -9999 -9999 -9999 -9999 -9999 -9999 -9999 -9999 -9999 -9999 -9999 -9999 -9999 -9999 -9999 -9999 -9999 -9999 1.02187E-2 7.90793E-3 1.41717E-2 6.43128E-3 3.46491E-3 2.65763E-3
1.05312E-1 5.98358E-2 3.35353E-2 3.18438E-2 2.43064E-2 1.17613E-2 3.49038E-3 1.02539E-3 3.30936E-4 1.15295E-4 9.09728E-5 3.54372E-5 1.5195E-5 6.22329E-6 5.21576E-6 1.25706E-5 5.31699E-6 3.42869E-6 1.1899E-5 5.64399E-6 8.64343E-6 1.64762E-5 2.55521E-4 8.86606E-4 2.61203E-3 4.2318E-3 4.80996E-3 -9999 -9999 9.52401E-4 1.04448E-3 1.90546E-3 2.96177E-3 1.20591E-2 1.30278E-2 8.78138E-3 3.95115E-2 -9999 -9999 -9999 -9999 -9999 -9999 -9999 -9999 -9999 -9999 -9999 -9999 -9999 -9999 -9999 -9999 -9999 -9999 -9999 -9999 -9999 -9999 -9999 -9999 7.56983E-3 5.4801E-3 1.17414E-2 3.2585E-3 7.29453E-4 2.26285E-4
1.26505E-1 7.79281E-2 2.97644E-2 3.48039E-2 2.27437E-2 6.4266E-3 9.05528E-4 2.27518E-4 5.96356E-5 2.82556E-5 7.72714E-6 8.15905E-6 1.05063E-5 7.55181E-6 8.11186E-6 2.60774E-5 1.33477E-5 3.28883E-5 1.77137E-5 6.96232E-6 8.61618E-6 9.22639E-6 2.71872E-5 1.58563E-4 4.65823E-3 -9999 -9999 -9999 -9999 3.29025E-3 2.40259E-3 5.77979E-3 8.87185E-3 1.47213E-2 -9999 -9999 -9999 -9999 -9999 -9999 -9999 -9999 -9999 -9999 -9999 -9999 -9999 -9999 -9999 -9999 -9999 -9999 -9999 -9999 -9999 -9999 -9999 -9999 -9999 -9999 3.99362E-3 6.08986E-3 3.81711E-3 4.26926E-3 2.21083E-3 3.83141E-4 2.65134E-4
4.10338E-2 5.43713E-2 9.3622E-2 6.40715E-2 2.19518E-2 1.4523E-2 1.32481E-3 7.66197E-4 1.37565E-4 2.70501E-5 1.08733E-5 7.38451E-6 9.94473E-6 9.09277E-6 1.15521E-5 3.37156E-5 7.69386E-5 2.84371E-5 1.01967E-5 7.52259E-6 6.84133E-6 6.42622E-6 2.06631E-5 4.48249E-4 6.34977E-3 -9999 -9999 -9999 -9999 2.8596E-3 9.56643E-3 5.06438E-3 2.96683E-2 5.54808E-2 -9999 -9999 -9999 -9999 -9999 -9999 -9999 -9999 -9999 -9999 -9999 -9999 -9999 -9999 -9999 -9999 -9999 -9999 -9999 -9999 -9999 -9999 -9999 -9999 -9999 -9999 1.21061E-3 9.22975E-4 5.55209E-3 2.34742E-3 9.63788E-4 7.4366E-4 2.31988E-4
5.92922E-2 3.12235E-2 3.65744E-2 6.36008E-2 6.21066E-3 1.87722E-3 2.27753E-4 1.84357E-4 6.39283E-5 2.45147E-5 9.7664E-6 5.16675E-6 5.90062E-6 7.00599E-6 1.05103E-4 1.70107E-4 9.48206E-5 1.71672E-5 8.22805E-6 7.05988E-6 8.03053E-6 9.29506E-6 5.20195E-5 5.69629E-4 5.86087E-3 4.79554E-3 -9999 -9999 -9999 -9999 -9999 2.43375E-2 3.42648E-2 5.25113E-2 -9999 -9999 -9999 -9999 -9999 -9999 -9999 -9999 -9999 -9999 -9999 -9999 -9999 -9999 -9999 -9999 -9999 -9999 -9999 -9999 -9999 -9999 -9999 -9999 -9999 -9999 8.55427E-4 1.96827E-3 3.19939E-3 1.3266E-3 1.6274E-4 2.60492E-4 4.14322E-4
3.05047E-2 1.04406E-2 7.53448E-3 1.03888E-2 3.41255E-3 4.10496E-4 1.18813E-4 4.37285E-5 2.54539E-5 1.01096E-5 3.49711E-6 8.15966E-6 1.42027E-5 1.85968E-5 2.9999E-5 3.18807E-4 7.89711E-5 2.12494E-5 9.37533E-6 7.20257E-6 8.17497E-6 1.35085E-5 1.76183E-4 1.06463E-3 3.88438E-3 2.25078E-3 -9999 -9999 -9999 -9999 -9999 -9999 4.32601E-2 -9999 -9999 -9999 -9999 -9999 -9999 -9999 -9999 -9999 -9999 -9999 -9999 -9999 -9999 -9999 -9999 -9999 -9999 -9999 -9999 -9999 -9999 -9999 -9999 -9999 -9999 -9999 6.49815E-3 8.45173E-4 1.59728E-3 9.39843E-4 3.80763E-4 5.67127E-4 5.57835E-4
6.6814E-3 2.06706E-3 2.58294E-3 1.99371E-3 4.58193E-4 4.36094E-4 3.58663E-4 2.29505E-4 2.74504E-5 3.93497E-6 2.73761E-6 1.49658E-5 1.2524E-4 6.18404E-5 5.58289E-5 2.65867E-4 4.03463E-4 1.25463E-4 2.2651E-5 1.15925E-5 5.6629E-6 9.20152E-6 3.36285E-5 5.63995E-4 4.33015E-4 4.0198E-4 9.42459E-4 1.71942E-3 4.44866E-3 -9999 -9999 -9999 -9999 -9999 -9999 -9999 -9999 -9999 -9999 -9999 -9999 -9999 -9999 -9999 -9999 -9999 -9999 -9999 -9999 -9999 -9999 -9999 -9999 -9999 -9999 -9999 -9999 -9999 -9999 -9999 8.10031E-3 1.89504E-3 2.7204E-3 2.98947E-3 1.98666E-3 4.04904E-4 2.76457E-4
3.93599E-3 1.23504E-3 1.32249E-3 8.94129E-4 1.23464E-3 1.95739E-3 5.77886E-4 7.77629E-5 4.55707E-5 6.77202E-6 3.40118E-6 4.33103E-5 4.61621E-4 1.10432E-4 3.61896E-5 3.83238E-4 3.99092E-4 1.03512E-4 1.36319E-5 8.94641E-6 6.28373E-6 5.99793E-6 5.24762E-5 5.707E-4 4.47824E-4 1.05985E-3 1.28841E-3 7.48528E-4 1.64741E-3 6.62576E-3 2.3122E-2 -9999 -9999 -9999 -9999 -9999 -9999 -9999 -9999 -9999 -9999 -9999 -9999 -9999 -9999 -9999 -9999 -9999 -9999 -9999 -9999 -9999 -9999 -9999 -9999 -9999 -9999 -9999 -9999 -9999 -9999 3.43522E-3 2.97793E-3 4.10209E-3 1.80511E-3 2.62806E-4 9.60126E-5
1.73105E-3 1.97308E-3 1.67901E-3 4.02799E-3 5.00111E-3 2.10108E-3 7.85049E-4 8.79398E-5 1.02663E-4 1.68192E-5 8.381E-6 1.66952E-4 5.32358E-4 1.09314E-4 1.8687E-4 1.07659E-3 5.68826E-4 8.1296E-5 1.55218E-5 8.42107E-6 4.16604E-6 6.37222E-6 3.35561E-5 3.41042E-4 1.83586E-3 2.82403E-3 3.34364E-3 1.85566E-3 1.78177E-3 1.71408E-2 5.91113E-2 3.75039E-2 -9999 -9999 -9999 -9999 -9999 -9999 -9999 -9999 -9999 -9999 -9999 -9999 -9999 -9999 -9999 -9999 -9999 -9999 -9999 -9999 -9999 -9999 -9999 -9999 -9999 -9999 -9999 -9999 -9999 6.47999E-3 3.77041E-3 2.36685E-3 1.65437E-3 9.90971E-4 1.35942E-4
6.1701E-3 6.17035E-3 1.01178E-2 1.19406E-2 7.30169E-3 1.85218E-3 8.55983E-4 3.3179E-4 1.21372E-4 3.60256E-5 4.91388E-5 4.29688E-4 9.58312E-4 9.06218E-5 7.43654E-4 2.04939E-3 3.68954E-4 4.38855E-5 7.3141E-6 6.59599E-6 4.59798E-6 2.30549E-5 2.69034E-4 4.53695E-4 3.87708E-3 5.35149E-3 1.86874E-2 -9999 2.46175E-3 2.1899E-2 -9999 -9999 -9999 -9999 -9999 -9999 -9999 -9999 -9999 -9999 -9999 -9999 -9999 -9999 -9999 -9999 -9999 -9999 -9999 -9999 -9999 -9999 -9999 -9999 -9999 -9999 -9999 -9999 -9999 -9999 -9999 -9999 8.69774E-3 5.23268E-3 4.06974E-3 4.80056E-4 1.11202E-4
8.67228E-3 5.66682E-3 1.91746E-2 7.9607E-3 1.83576E-3 4.55509E-4 1.24272E-4 7.92329E-5 2.76244E-5 2.97706E-5 2.7343E-4 1.24221E-3 1.64706E-3 1.05332E-3 2.09185E-3 1.07082E-3 1.828E-4 2.82803E-5 6.74737E-6 6.50998E-6 1.23971E-5 3.8686E-4 7.79678E-4 8.25487E-4 5.29404E-3 5.70041E-3 2.42388E-2 -9999 6.41768E-3 -9999 -9999 -9999 -9999 -9999 -9999 -9999 -9999 -9999 -9999 -9999 -9999 -9999 -9999 -9999 -9999 -9999 -9999 -9999 -9999 -9999 -9999 -9999 -9999 -9999 -9999 -9999 -9999 -9999 -9999 -9999 -9999 -9999 -9999 6.37598E-3 5.58918E-3 1.38181E-3 2.0722E-4
9.23654E-3 6.49012E-3 1.48571E-2 5.52162E-3 2.20912E-3 3.32224E-4 3.32045E-4 9.35199E-5 3.38156E-5 2.32017E-5 1.76215E-4 2.88176E-3 3.1348E-3 3.11982E-3 2.37595E-3 6.94676E-4 1.72826E-4 2.52106E-5 6.18185E-6 1.03974E-5 2.80109E-5 4.61892E-4 2.06348E-3 2.19269E-3 5.55294E-3 2.24772E-2 -9999 -9999 -9999 -9999 -9999 -9999 -9999 -9999 -9999 -9999 -9999 -9999 -9999 -9999 -9999 -9999 -9999 -9999 -9999 -9999 -9999 -9999 -9999 -9999 -9999 -9999 -9999 -9999 -9999 -9999 -9999 -9999 -9999 -9999 -9999 -9999 -9999 -9999 3.74112E-3 3.6189E-4 5.53024E-4
1.73186E-2 9.91275E-3 1.00055E-2 5.69271E-3 6.68882E-3 2.00945E-3 9.65361E-4 6.23194E-5 1.68242E-5 4.00575E-5 1.71049E-4 2.10548E-3 5.92833E-3 3.03477E-3 1.1588E-3 4.37602E-4 2.00637E-4 4.36157E-5 1.25401E-5 5.28821E-6 1.03408E-4 1.17984E-3 2.24862E-3 6.77531E-3 4.00796E-3 1.00354E-2 -9999 -9999 -9999 -9999 -9999 -9999 -9999 -9999 -9999 -9999 -9999 -9999 -9999 -9999 -9999 -9999 -9999 -9999 -9999 -9999 -9999 -9999 -9999 -9999 -9999 -9999 -9999 -9999 -9999 -9999 -9999 -9999 5.91102E-3 5.02993E-3 5.81603E-3 -9999 -9999 -9999 -9999 3.85791E-3 4.46455E-3
