ENM/Final_Models/M_2_F_q_Set_1_EC/Gustavia_santanderiensis_Choco_stddev.asc
ncols         367
nrows         963
xllcorner     -78.6
yllcorner     0.65
cellsize      0.00833333333333323
NODATA_value  -9999
[rows 600 to 629 of 963, columns 201 to 267 of 367]
1.21059E-1 1.71155E-1 2.02986E-1 2.38513E-1 2.68786E-1 2.66561E-1 2.74348E-1 2.39088E-1 2.28203E-1 2.08587E-1 2.01625E-1 2.04174E-1 1.37078E-1 1.05554E-1 6.38418E-3 2.11574E-3 4.46709E-3 1.225E-2 1.32394E-2 3.35045E-2 5.32574E-3 6.22787E-3 5.29391E-3 4.01585E-3 3.59543E-3 2.21054E-2 2.15911E-2 3.4933E-2 7.51816E-3 3.20935E-2 2.99021E-2 4.11495E-3 4.04021E-3 4.91941E-3 2.14482E-2 2.53418E-2 2.01603E-2 8.77985E-3 1.34623E-2 7.48204E-3 5.58005E-3 3.08936E-2 1.63938E-2 -9999 -9999 -9999 -9999 -9999 -9999 -9999 -9999 -9999 -9999 -9999 -9999 -9999 -9999 -9999 -9999 -9999 -9999 -9999 -9999 -9999 -9999 -9999 -9999
7.03613E-2 2.07443E-1 2.3548E-1 2.52044E-1 2.67822E-1 2.78761E-1 2.83581E-1 2.61623E-1 2.14214E-1 1.84263E-1 1.34135E-1 1.11096E-1 1.39195E-1 1.06914E-1 8.91049E-3 2.5956E-3 2.3636E-3 1.28245E-2 2.4399E-2 3.17987E-2 9.02261E-3 5.43552E-3 5.10734E-3 5.87407E-3 2.42112E-3 4.35251E-3 1.32743E-2 3.6728E-2 9.45753E-3 2.62247E-2 4.3544E-2 2.52709E-3 2.42224E-3 3.85681E-3 9.8004E-3 1.48972E-2 6.41174E-3 5.49779E-3 6.93754E-3 7.00728E-3 8.13021E-3 4.91678E-3 -9999 -9999 -9999 -9999 -9999 -9999 -9999 -9999 -9999 -9999 -9999 -9999 -9999 -9999 -9999 -9999 -9999 -9999 -9999 -9999 -9999 -9999 -9999 -9999 -9999
1.69794E-1 1.88954E-1 2.43256E-1 2.77247E-1 2.77509E-1 2.64338E-1 2.42128E-1 2.61357E-1 2.5261E-1 1.93151E-1 1.85521E-1 1.50036E-1 5.27297E-2 4.88667E-2 3.37872E-3 3.40884E-3 5.92958E-3 1.11578E-2 2.25678E-2 1.52424E-2 3.53097E-3 1.30276E-3 6.07763E-3 3.48343E-3 4.3548E-3 3.33807E-3 1.2228E-2 3.5723E-2 1.5951E-2 2.95076E-2 5.15894E-2 2.88116E-3 5.03683E-3 2.4013E-3 1.79986E-2 2.41267E-2 1.78602E-2 2.91364E-2 3.20093E-3 6.44951E-3 -9999 -9999 -9999 -9999 -9999 -9999 -9999 -9999 -9999 -9999 -9999 -9999 -9999 -9999 -9999 -9999 -9999 -9999 -9999 -9999 -9999 -9999 -9999 -9999 -9999 -9999 -9999
2.18724E-1 2.08576E-1 2.14118E-1 1.48225E-1 2.42948E-1 2.4591E-1 2.16734E-1 2.26011E-1 2.09881E-1 1.84676E-1 2.08265E-1 1.64884E-1 8.59003E-2 8.98166E-3 8.0555E-4 2.44575E-3 5.48313E-4 4.6869E-4 8.94073E-3 1.27282E-2 2.00564E-3 5.70089E-4 3.90937E-3 1.38439E-3 2.58137E-3 2.67449E-3 5.51733E-3 3.77572E-2 1.61921E-2 6.579E-2 3.7471E-2 1.254E-2 2.35634E-3 2.6859E-3 9.2597E-3 1.09206E-2 1.43387E-2 7.22869E-3 8.22005E-3 -9999 -9999 -9999 -9999 -9999 -9999 -9999 -9999 -9999 -9999 -9999 -9999 -9999 -9999 -9999 -9999 -9999 -9999 -9999 -9999 -9999 -9999 -9999 -9999 -9999 -9999 -9999 -9999
2.76588E-1 2.76155E-1 2.07928E-1 2.68254E-1 2.38641E-1 1.91125E-1 2.36843E-1 2.36588E-1 2.40115E-1 2.29101E-1 1.51102E-1 1.36021E-1 1.37058E-1 3.31073E-3 3.13554E-3 5.38931E-3 2.65925E-3 1.44721E-3 2.31123E-3 6.76648E-3 4.04577E-3 1.72636E-3 2.54767E-3 3.8235E-3 1.2819E-3 2.21381E-3 3.11228E-3 1.16761E-2 3.20332E-2 5.39201E-2 3.89827E-2 5.66804E-3 5.98239E-3 1.71382E-2 7.87239E-3 5.11476E-3 4.73833E-3 3.82602E-3 2.07361E-3 -9999 -9999 -9999 -9999 -9999 -9999 -9999 -9999 -9999 -9999 -9999 -9999 -9999 -9999 -9999 -9999 -9999 -9999 -9999 -9999 -9999 -9999 -9999 -9999 -9999 -9999 -9999 -9999
2.46365E-1 2.72733E-1 2.67539E-1 2.33977E-1 1.85854E-1 1.73312E-1 2.19282E-1 1.35809E-1 1.34372E-1 1.84853E-1 1.60995E-1 1.30781E-1 5.61859E-2 3.49964E-2 7.18062E-3 1.90765E-2 5.36022E-3 3.82686E-3 6.07194E-3 1.25976E-2 3.5825E-3 9.93335E-3 2.88653E-3 4.56193E-3 1.44232E-2 1.53991E-2 5.13999E-3 3.4967E-3 1.48464E-2 1.38237E-2 9.47443E-3 5.03421E-3 7.05839E-3 1.94221E-2 1.20432E-2 8.2532E-3 7.998E-3 8.42297E-3 -9999 -9999 -9999 -9999 -9999 -9999 -9999 -9999 -9999 -9999 -9999 -9999 -9999 -9999 -9999 -9999 -9999 -9999 -9999 -9999 -9999 -9999 -9999 -9999 -9999 -9999 -9999 -9999 -9999
2.78188E-1 2.72062E-1 2.81217E-1 2.31799E-1 2.43904E-1 2.08797E-1 5.1516E-2 4.1655E-2 3.50829E-2 3.53143E-2 2.23723E-2 1.93464E-2 7.48967E-2 4.9415E-2 4.39724E-2 2.93549E-2 9.90745E-3 6.13152E-3 7.30701E-3 1.34009E-1 6.94429E-2 6.71578E-3 2.64894E-3 2.50508E-3 1.07283E-2 1.43792E-2 3.30071E-3 1.33242E-2 9.82978E-3 2.12369E-2 1.89569E-2 1.59278E-2 4.20566E-3 1.12587E-2 2.78637E-2 1.12675E-2 1.96972E-2 9.67424E-3 -9999 -9999 -9999 -9999 -9999 -9999 -9999 -9999 -9999 -9999 -9999 -9999 -9999 -9999 -9999 -9999 -9999 -9999 -9999 -9999 -9999 -9999 -9999 -9999 -9999 -9999 -9999 -9999 -9999
2.73354E-1 2.64825E-1 2.76026E-1 2.35568E-1 2.10548E-1 2.34673E-2 9.05166E-3 1.59607E-2 2.17966E-2 5.30875E-3 5.90792E-3 4.56947E-3 6.82332E-2 3.54817E-2 1.31021E-1 5.83903E-2 1.25972E-2 1.24146E-2 1.37126E-2 2.72855E-2 2.98763E-2 1.60746E-2 2.93531E-3 1.88132E-3 4.56919E-3 4.57573E-2 1.23702E-2 2.92341E-2 2.59648E-2 8.71575E-3 6.28671E-3 1.33288E-2 2.4196E-2 2.96547E-3 4.26048E-3 9.88159E-3 1.03515E-2 -9999 -9999 -9999 -9999 -9999 -9999 -9999 -9999 -9999 -9999 -9999 -9999 -9999 -9999 -9999 -9999 -9999 -9999 -9999 -9999 -9999 -9999 -9999 -9999 -9999 -9999 -9999 -9999 -9999 -9999
2.77884E-1 2.73849E-1 1.37038E-1 2.3573E-1 1.91487E-1 4.31407E-2 5.47393E-2 6.09421E-2 1.86695E-2 1.70321E-2 5.09811E-3 5.42771E-3 6.78353E-2 9.94528E-2 2.47016E-1 9.02163E-2 2.51218E-2 2.45514E-2 2.54238E-2 2.57206E-2 2.29155E-2 8.02412E-3 1.92836E-3 2.92161E-3 6.50828E-3 7.3242E-2 1.3559E-2 2.8228E-2 1.03472E-2 1.03894E-2 7.45564E-3 1.41901E-2 1.16861E-2 3.59715E-3 5.01995E-3 7.46493E-3 1.83308E-3 -9999 -9999 -9999 -9999 -9999 -9999 -9999 -9999 -9999 -9999 -9999 -9999 -9999 -9999 -9999 -9999 -9999 -9999 -9999 -9999 -9999 -9999 -9999 -9999 -9999 -9999 -9999 -9999 -9999 -9999
1.83365E-1 1.63372E-1 1.46071E-1 1.24872E-1 1.80399E-1 7.62372E-2 7.02702E-2 8.52766E-2 3.89155E-2 3.7191E-2 1.26463E-2 1.68558E-2 2.26499E-2 5.75742E-2 1.18115E-1 1.65958E-1 4.35665E-2 5.99442E-2 5.43261E-2 3.93597E-2 1.85817E-2 3.40412E-3 4.62787E-3 3.97319E-3 1.34938E-2 6.6163E-2 1.87172E-2 3.45814E-2 1.29851E-2 9.41103E-3 9.99916E-3 8.21812E-3 7.47331E-3 1.22519E-2 1.48814E-2 5.73303E-3 -9999 -9999 -9999 -9999 -9999 -9999 -9999 -9999 -9999 -9999 -9999 -9999 -9999 -9999 -9999 -9999 -9999 -9999 -9999 -9999 -9999 -9999 -9999 -9999 -9999 -9999 -9999 -9999 -9999 -9999 -9999
4.78186E-2 9.21663E-2 2.55757E-1 1.23919E-1 1.63926E-1 1.78254E-1 5.60847E-2 8.59725E-2 3.3128E-2 5.05143E-2 3.38764E-2 1.28304E-2 8.95894E-3 2.2008E-3 3.22743E-3 6.02636E-3 2.34833E-2 1.40389E-2 8.49874E-3 7.62368E-3 7.66136E-3 6.52303E-3 1.56505E-3 8.02725E-3 7.86304E-3 2.59294E-2 3.53326E-3 1.77993E-3 3.29886E-2 9.10342E-3 8.44197E-3 9.24706E-3 1.06558E-2 8.99657E-3 1.04443E-2 5.31464E-3 -9999 -9999 -9999 -9999 -9999 -9999 -9999 -9999 -9999 -9999 -9999 -9999 -9999 -9999 -9999 -9999 -9999 -9999 -9999 -9999 -9999 -9999 -9999 -9999 -9999 -9999 -9999 -9999 -9999 -9999 -9999
4.30311E-2 4.06185E-2 1.4502E-1 2.17637E-1 1.94539E-1 2.65695E-1 1.40801E-1 6.5793E-2 4.94829E-2 2.0282E-2 1.8907E-2 2.6621E-2 1.35114E-2 1.71548E-2 4.60105E-2 1.31666E-2 1.03324E-2 1.71293E-2 1.29404E-2 2.42464E-3 2.13238E-3 3.43193E-3 1.84782E-3 2.53067E-3 5.5436E-3 3.22637E-2 1.29361E-2 2.9664E-2 2.53461E-2 4.74974E-3 5.63343E-3 1.0458E-2 8.77765E-3 8.17591E-3 9.40002E-3 1.97736E-2 -9999 -9999 -9999 -9999 -9999 -9999 -9999 -9999 -9999 -9999 -9999 -9999 -9999 -9999 -9999 -9999 -9999 -9999 -9999 -9999 -9999 -9999 -9999 -9999 -9999 -9999 -9999 -9999 -9999 -9999 -9999
3.7469E-2 1.23198E-2 8.67775E-2 1.90502E-1 2.87064E-1 2.57295E-1 2.54531E-1 1.07628E-1 1.76915E-2 1.33454E-2 2.2401E-2 1.90347E-2 1.43416E-2 6.51861E-3 9.44667E-3 1.3543E-2 3.04799E-2 2.81265E-2 9.94057E-3 1.02492E-2 9.78401E-3 3.66759E-3 1.89466E-3 3.43674E-3 5.52673E-3 4.42931E-2 3.991E-2 3.82521E-2 1.23718E-2 7.46884E-3 6.77835E-3 1.08976E-2 1.09242E-2 6.72577E-3 8.93047E-3 -9999 -9999 -9999 -9999 -9999 -9999 -9999 -9999 -9999 -9999 -9999 -9999 -9999 -9999 -9999 -9999 -9999 -9999 -9999 -9999 -9999 -9999 -9999 -9999 -9999 -9999 -9999 -9999 -9999 -9999 -9999 -9999
3.208E-2 4.7323E-3 7.34889E-2 1.4518E-1 1.98193E-1 2.27712E-1 2.65464E-1 1.15376E-1 1.38501E-2 3.81485E-2 7.26011E-2 3.98243E-2 1.51576E-2 1.26775E-2 2.5854E-2 1.63166E-2 2.23044E-2 1.39763E-2 1.15402E-2 1.30991E-2 2.09893E-2 7.64315E-3 5.96309E-3 2.95727E-3 3.53401E-3 2.63823E-2 6.73592E-3 6.01778E-3 1.39087E-2 1.95063E-2 4.28891E-2 1.5264E-2 1.77275E-2 2.31175E-2 1.93284E-2 -9999 -9999 -9999 -9999 -9999 -9999 -9999 -9999 -9999 -9999 -9999 -9999 -9999 -9999 -9999 -9999 -9999 -9999 -9999 -9999 -9999 -9999 -9999 -9999 -9999 -9999 -9999 -9999 -9999 -9999 -9999 -9999
2.01687E-1 1.57651E-2 9.2201E-2 2.30111E-1 2.66001E-1 2.27448E-1 2.40175E-1 2.18343E-2 1.93745E-2 5.20581E-2 8.49443E-2 4.06631E-2 1.97474E-2 3.21143E-2 2.43621E-2 3.29813E-2 2.60339E-2 1.86247E-2 2.47429E-2 1.26938E-2 8.34053E-3 3.99073E-3 2.03265E-3 5.71205E-3 9.07637E-3 5.70778E-3 2.25288E-2 5.68868E-3 2.38727E-2 1.09564E-2 1.80591E-2 1.86413E-2 1.07511E-2 2.99023E-3 -9999 -9999 -9999 -9999 -9999 -9999 -9999 -9999 -9999 -9999 -9999 -9999 -9999 -9999 -9999 -9999 -9999 -9999 -9999 -9999 -9999 -9999 -9999 -9999 -9999 -9999 -9999 -9999 -9999 -9999 -9999 -9999 -9999
1.32104E-1 1.28346E-2 1.03211E-1 2.23135E-1 1.77397E-1 2.64334E-1 5.58573E-2 5.78849E-2 1.70126E-2 1.06018E-1 1.09658E-1 1.42952E-1 1.64323E-1 2.10765E-2 3.66637E-2 2.35081E-2 2.54415E-2 1.06109E-2 2.25807E-2 4.10588E-2 6.48308E-3 6.5131E-3 1.50701E-3 4.80758E-3 7.90003E-3 5.2854E-3 8.90969E-3 5.02343E-3 4.0094E-3 8.87345E-3 1.39332E-2 1.37326E-2 3.23882E-2 2.9361E-3 -9999 -9999 -9999 -9999 -9999 -9999 -9999 -9999 -9999 -9999 -9999 -9999 -9999 -9999 -9999 -9999 -9999 -9999 -9999 -9999 -9999 -9999 -9999 -9999 -9999 -9999 -9999 -9999 -9999 -9999 -9999 -9999 -9999
1.33543E-1 5.57983E-2 4.83327E-2 1.31432E-1 1.84632E-1 2.5052E-1 5.32565E-2 6.91611E-2 3.75971E-2 5.79132E-2 1.0931E-1 3.38069E-2 1.73701E-2 2.15374E-2 2.71385E-2 6.28184E-2 9.47837E-2 6.40042E-2 1.03542E-1 3.41686E-2 1.26618E-2 8.8372E-3 2.43463E-3 4.1973E-3 4.9041E-3 1.21861E-3 3.06467E-3 9.32703E-3 2.03945E-3 2.38066E-3 6.77565E-3 6.35222E-3 1.57498E-2 1.69259E-2 -9999 -9999 -9999 -9999 -9999 -9999 -9999 -9999 -9999 -9999 -9999 -9999 -9999 -9999 -9999 -9999 -9999 -9999 -9999 -9999 -9999 -9999 -9999 -9999 -9999 -9999 -9999 -9999 -9999 -9999 -9999 -9999 -9999
1.69156E-1 1.93307E-1 9.77244E-2 2.84594E-2 1.13469E-1 1.94113E-1 1.00025E-1 3.30662E-2 3.57814E-2 3.40958E-2 3.4537E-2 2.62908E-2 1.38524E-2 1.94457E-2 2.73751E-2 7.12638E-2 1.28358E-1 9.07267E-2 7.0738E-2 2.18526E-2 1.16938E-2 2.3553E-2 1.79711E-3 6.17028E-3 6.8046E-3 6.28349E-3 7.83543E-3 7.07653E-3 1.08481E-2 1.15605E-3 5.4555E-3 5.27071E-3 3.26947E-2 -9999 -9999 -9999 -9999 -9999 -9999 -9999 -9999 -9999 -9999 -9999 -9999 -9999 -9999 -9999 -9999 -9999 -9999 -9999 -9999 -9999 -9999 -9999 -9999 -9999 -9999 -9999 -9999 -9999 -9999 -9999 -9999 -9999 -9999
2.59214E-1 2.54003E-1 1.39091E-1 7.25351E-2 5.55915E-2 3.87389E-2 8.26731E-2 6.22807E-2 3.83831E-2 2.33094E-2 1.81655E-2 1.00411E-2 6.73816E-3 1.09541E-2 2.18587E-2 8.47618E-2 7.54284E-2 6.60902E-2 5.12282E-2 4.40498E-2 4.23022E-3 9.92013E-3 1.57898E-3 9.75295E-3 1.92293E-2 1.46411E-2 3.0794E-3 4.62897E-3 7.14486E-3 1.82083E-3 6.7651E-3 1.10765E-2 2.3201E-2 -9999 -9999 -9999 -9999 -9999 -9999 -9999 -9999 -9999 -9999 -9999 -9999 -9999 -9999 -9999 -9999 -9999 -9999 -9999 -9999 -9999 -9999 -9999 -9999 -9999 -9999 -9999 -9999 -9999 -9999 -9999 -9999 -9999 -9999
2.25211E-1 1.30091E-1 1.07564E-1 8.22592E-2 4.60573E-2 8.84866E-2 8.88108E-2 4.7291E-2 1.83159E-2 1.83252E-2 5.91881E-2 1.19985E-2 2.41907E-2 3.55487E-2 9.47296E-3 5.84126E-3 1.74197E-2 8.23173E-3 8.74551E-3 3.91567E-2 4.71249E-3 2.57212E-3 3.61753E-3 1.76427E-3 3.86073E-3 1.76157E-3 2.08578E-3 8.72771E-4 4.41822E-4 1.12077E-3 7.06991E-3 9.3748E-3 1.5008E-2 -9999 -9999 -9999 -9999 -9999 -9999 -9999 -9999 -9999 -9999 -9999 -9999 -9999 -9999 -9999 -9999 -9999 -9999 -9999 -9999 -9999 -9999 -9999 -9999 -9999 -9999 -9999 -9999 -9999 -9999 -9999 -9999 -9999 -9999
1.23938E-1 4.35742E-2 1.36674E-2 1.68891E-2 2.82578E-2 5.49786E-2 6.2346E-2 3.3209E-2 1.8846E-2 2.81835E-2 5.7102E-2 1.94083E-2 2.20208E-2 5.60326E-2 1.49291E-2 2.22991E-3 1.11891E-2 9.78745E-3 7.34697E-3 2.91782E-3 6.74646E-3 2.2883E-3 2.24453E-3 4.89593E-3 4.36851E-3 7.78361E-3 5.00534E-3 1.3848E-3 2.01525E-3 2.99496E-3 5.18144E-3 4.96941E-3 8.87322E-3 -9999 -9999 -9999 -9999 -9999 -9999 -9999 -9999 -9999 -9999 -9999 -9999 -9999 -9999 -9999 -9999 -9999 -9999 -9999 -9999 -9999 -9999 -9999 -9999 -9999 -9999 -9999 -9999 -9999 -9999 -9999 -9999 -9999 -9999
5.28289E-2 8.13524E-3 1.6312E-3 1.71501E-2 1.96007E-2 5.68203E-2 4.42865E-2 2.08655E-2 1.87662E-2 1.43908E-2 5.85888E-2 3.26519E-2 4.24677E-2 2.89496E-2 2.94467E-2 5.5795E-3 5.65598E-3 1.20583E-2 4.75141E-3 1.93893E-3 4.15068E-3 2.48103E-3 2.54971E-3 4.73929E-3 4.56793E-3 2.1604E-3 6.15706E-3 6.43259E-3 4.54846E-3 6.13158E-3 3.52386E-3 5.40926E-3 1.18946E-2 -9999 -9999 -9999 -9999 -9999 -9999 -9999 -9999 -9999 -9999 -9999 -9999 -9999 -9999 -9999 -9999 -9999 -9999 -9999 -9999 -9999 -9999 -9999 -9999 -9999 -9999 -9999 -9999 -9999 -9999 -9999 -9999 -9999 -9999
1.30894E-1 7.75391E-3 3.13498E-3 1.53439E-2 2.56306E-2 2.80596E-2 4.77235E-2 2.2601E-2 2.81798E-2 2.83678E-2 4.65962E-2 7.42112E-2 8.28571E-2 2.68223E-2 2.38363E-2 6.0807E-3 3.9858E-3 3.42538E-3 4.69588E-3 1.78648E-3 2.84181E-3 4.57654E-3 7.90683E-3 7.51153E-3 3.45945E-3 8.64262E-3 7.62554E-3 6.4688E-3 3.6674E-3 4.62111E-3 4.22938E-3 6.90308E-3 8.96282E-3 -9999 -9999 -9999 -9999 -9999 -9999 -9999 -9999 -9999 -9999 -9999 -9999 -9999 -9999 -9999 -9999 -9999 -9999 -9999 -9999 -9999 -9999 -9999 -9999 -9999 -9999 -9999 -9999 -9999 -9999 -9999 -9999 -9999 -9999
2.56723E-1 4.63186E-3 1.00335E-2 1.61607E-2 3.65397E-2 2.99904E-2 5.93076E-2 2.53163E-2 3.23288E-2 6.76434E-2 2.75489E-2 5.54913E-2 2.09529E-1 9.64882E-2 9.60032E-2 1.97471E-2 1.13806E-3 2.25207E-3 1.49972E-3 1.46019E-3 8.87667E-3 7.39033E-3 3.86507E-3 2.13045E-3 1.42225E-3 4.14735E-3 4.49275E-3 2.55395E-3 5.68614E-3 4.17729E-3 1.15355E-3 3.2231E-3 5.66012E-3 -9999 -9999 -9999 -9999 -9999 -9999 -9999 -9999 -9999 -9999 -9999 -9999 -9999 -9999 -9999 -9999 -9999 -9999 -9999 -9999 -9999 -9999 -9999 -9999 -9999 -9999 -9999 -9999 -9999 -9999 -9999 -9999 -9999 -9999
2.06358E-1 2.33663E-1 1.60049E-2 1.48383E-2 1.43368E-2 1.33667E-2 3.75412E-2 3.03051E-2 4.57104E-2 2.2003E-2 2.32761E-2 2.90557E-2 5.64E-2 9.32296E-2 6.52275E-2 2.13444E-2 2.58009E-4 5.27559E-4 4.52852E-3 2.59383E-3 1.18763E-2 3.11014E-3 2.62679E-3 1.61179E-3 1.70281E-3 3.40745E-3 3.86125E-3 3.27208E-3 1.96761E-3 1.44007E-3 1.20591E-3 2.96406E-3 4.92193E-3 -9999 -9999 -9999 -9999 -9999 -9999 -9999 -9999 -9999 -9999 -9999 -9999 -9999 -9999 -9999 -9999 -9999 -9999 -9999 -9999 -9999 -9999 -9999 -9999 -9999 -9999 -9999 -9999 -9999 -9999 -9999 -9999 -9999 -9999
1.08488E-1 1.18048E-1 6.39328E-2 1.37844E-2 5.65731E-3 8.47412E-3 1.84554E-2 2.096E-2 3.51462E-2 3.25378E-2 2.47855E-2 2.45538E-2 4.48875E-2 3.46813E-2 2.86821E-2 1.40164E-2 6.12287E-3 2.50947E-3 1.64914E-2 7.1862E-3 2.9458E-3 4.02994E-3 1.84734E-3 1.69418E-3 3.39588E-3 3.12084E-3 3.96656E-3 1.63093E-3 1.19544E-3 1.13074E-3 7.83061E-4 2.3625E-3 2.62717E-3 -9999 -9999 -9999 -9999 -9999 -9999 -9999 -9999 -9999 -9999 -9999 -9999 -9999 -9999 -9999 -9999 -9999 -9999 -9999 -9999 -9999 -9999 -9999 -9999 -9999 -9999 -9999 -9999 -9999 -9999 -9999 -9999 -9999 -9999
1.31743E-1 1.08065E-2 1.09891E-2 7.2988E-3 1.1293E-2 1.3785E-2 1.75881E-2 2.11384E-2 2.18364E-2 5.22153E-2 3.19428E-2 1.58371E-2 2.617E-2 2.54798E-2 2.01425E-2 1.86551E-2 4.22634E-3 7.30705E-3 1.13095E-2 6.28617E-3 3.68404E-3 2.66184E-3 1.08645E-3 1.10855E-3 1.15659E-3 8.76197E-4 1.64829E-3 1.08137E-3 1.0365E-3 9.87877E-4 1.19844E-3 2.62742E-3 2.74612E-3 -9999 -9999 -9999 -9999 -9999 -9999 -9999 -9999 -9999 -9999 -9999 -9999 -9999 -9999 -9999 -9999 -9999 -9999 -9999 -9999 -9999 -9999 -9999 -9999 -9999 -9999 -9999 -9999 -9999 -9999 -9999 -9999 -9999 -9999
1.829E-1 1.34099E-2 6.49071E-3 4.96163E-3 7.14747E-3 1.28585E-2 1.7439E-2 2.3781E-2 2.86455E-2 5.47139E-2 1.01162E-2 7.79317E-3 2.58824E-2 1.52576E-2 1.67818E-2 1.21083E-2 1.28744E-2 1.58126E-2 2.42462E-2 1.07569E-2 3.53719E-3 1.29949E-3 1.24756E-3 1.14923E-3 1.18632E-3 5.74475E-4 7.04092E-4 4.32859E-4 5.90321E-4 4.81957E-4 1.36688E-3 1.17441E-3 1.33144E-3 -9999 -9999 -9999 -9999 -9999 -9999 -9999 -9999 -9999 -9999 -9999 -9999 -9999 -9999 -9999 -9999 -9999 -9999 -9999 -9999 -9999 -9999 -9999 -9999 -9999 -9999 -9999 -9999 -9999 -9999 -9999 -9999 -9999 -9999
8.0244E-2 5.60257E-2 3.59298E-3 2.78943E-3 4.94158E-3 8.92994E-3 1.4094E-2 1.8708E-2 2.24683E-2 3.36899E-2 2.29961E-2 1.45276E-2 7.86771E-3 6.15627E-3 1.24004E-2 1.05411E-2 1.65589E-2 7.43935E-3 2.31938E-2 7.84137E-3 3.39501E-3 1.26489E-3 7.90979E-4 5.71526E-4 1.04408E-3 5.4766E-4 1.29145E-4 9.02987E-5 1.76766E-4 1.36263E-3 6.82065E-4 7.58539E-4 1.2433E-3 -9999 -9999 -9999 -9999 -9999 -9999 -9999 -9999 -9999 -9999 -9999 -9999 -9999 -9999 -9999 -9999 -9999 -9999 -9999 -9999 -9999 -9999 -9999 -9999 -9999 -9999 -9999 -9999 -9999 -9999 -9999 -9999 -9999 -9999
9.4164E-3 8.69182E-3 4.85592E-2 7.24395E-3 2.52329E-3 2.48778E-3 3.23299E-3 1.57226E-2 1.40708E-2 3.73651E-2 1.84354E-2 1.09865E-2 1.22151E-2 5.97745E-3 5.83049E-3 8.71695E-3 1.10696E-2 1.63818E-2 6.00939E-3 3.379E-3 1.28657E-3 2.41753E-3 1.05765E-3 6.01563E-4 6.83896E-4 4.39511E-4 2.78718E-5 1.02615E-4 2.69125E-4 8.75415E-4 5.80514E-4 6.60928E-4 1.20007E-3 -9999 -9999 -9999 -9999 -9999 -9999 -9999 -9999 -9999 -9999 -9999 -9999 -9999 -9999 -9999 -9999 -9999 -9999 -9999 -9999 -9999 -9999 -9999 -9999 -9999 -9999 -9999 -9999 -9999 -9999 -9999 -9999 -9999 -9999
