ENM/Final_Models/M_2_F_q_Set_1_EC/Gustavia_santanderiensis_3_Choco_clamping.asc
ncols         367
nrows         963
xllcorner     -78.6
yllcorner     0.65
cellsize      0.00833333333333323
NODATA_value  -9999
[rows 256 to 287 of 963, columns 142 to 212 of 367]
-9999 -9999 -9999 -9999 -9999 -9999 -9999 -9999 -9999 -9999 0E0 0E0 0E0 0E0 0E0 0E0 0E0 0E0 0E0 0E0 0E0 0E0 0E0 0E0 0E0 0E0 0E0 0E0 1.82016E-1 5.80996E-1 5.35612E-1 7.58868E-1 7.07779E-1 4.15805E-1 0E0 3.57021E-1 5.97286E-1 4.61171E-1 7.98082E-1 9.61362E-1 9.67494E-1 9.47097E-1 9.26748E-1 9.46056E-1 9.4532E-1 9.78943E-1 9.87656E-1 9.89147E-1 9.89724E-1 9.87964E-1 9.87524E-1 9.84704E-1 9.54345E-1 9.45008E-1 9.58416E-1 9.89483E-1 9.93057E-1 9.77615E-1 8.87632E-1 8.97335E-1 9.92462E-1 9.42577E-1 9.30094E-1 9.10237E-1 8.14358E-1 5.3926E-1 5.42251E-1 9.1745E-1 8.07426E-1 9.30371E-1 0E0
-9999 -9999 -9999 -9999 -9999 -9999 -9999 -9999 -9999 -9999 0E0 0E0 0E0 0E0 0E0 0E0 0E0 0E0 0E0 0E0 0E0 0E0 0E0 0E0 9.07251E-3 0E0 0E0 0E0 0E0 0E0 3.3441E-1 4.41873E-1 0E0 0E0 0E0 0E0 8.1785E-1 7.1947E-1 5.44876E-1 9.26116E-1 9.02441E-1 9.13076E-1 9.02729E-1 8.71012E-1 9.50953E-1 9.71956E-1 9.88425E-1 9.90405E-1 9.58936E-1 9.63769E-1 9.92119E-1 9.91541E-1 9.09092E-1 7.62488E-1 9.04358E-1 9.5413E-1 9.6401E-1 9.94326E-1 9.79097E-1 7.16872E-1 9.62954E-1 9.45436E-1 5.38917E-1 9.3206E-1 8.47082E-1 5.59813E-1 9.41002E-1 8.27256E-1 9.33715E-1 5.38888E-1 5.0598E-1
-9999 -9999 -9999 -9999 -9999 -9999 -9999 -9999 -9999 -9999 0E0 0E0 0E0 0E0 0E0 0E0 0E0 0E0 0E0 0E0 0E0 0E0 0E0 0E0 0E0 0E0 0E0 0E0 0E0 0E0 0E0 0E0 1.9112E-1 0E0 0E0 0E0 3.95777E-1 4.39727E-1 8.85779E-1 9.36828E-1 0E0 6.12373E-1 8.59795E-1 4.85299E-1 9.01829E-1 9.1143E-1 9.62429E-1 8.15332E-1 9.41781E-1 9.53774E-1 9.87891E-1 9.6545E-1 9.60778E-1 9.62741E-1 9.6495E-1 9.6007E-1 9.53086E-1 9.88582E-1 9.65534E-1 8.73107E-1 8.7901E-1 8.26064E-1 8.11398E-1 9.37941E-1 6.1771E-1 0E0 5.25136E-1 4.96421E-1 4.82971E-1 9.55976E-1 9.57605E-1
-9999 -9999 -9999 -9999 -9999 -9999 -9999 -9999 -9999 -9999 0E0 0E0 0E0 0E0 0E0 0E0 0E0 0E0 0E0 0E0 0E0 0E0 0E0 0E0 0E0 0E0 0E0 0E0 1.58654E-1 2.34789E-1 0E0 0E0 2.55291E-1 4.17001E-1 7.39109E-1 7.02593E-1 8.29548E-1 8.27444E-1 8.60574E-1 9.38173E-1 6.3897E-1 6.42381E-1 9.06489E-1 9.36385E-1 9.51946E-1 8.8356E-1 9.55716E-1 9.45585E-1 9.56832E-1 9.55121E-1 9.83372E-1 9.83013E-1 9.47326E-1 9.36045E-1 9.36875E-1 9.35584E-1 9.9197E-1 6.85598E-1 9.3932E-1 8.40039E-1 8.62621E-1 9.69736E-1 9.46285E-1 9.61591E-1 8.48055E-1 6.17843E-1 6.28635E-1 5.47352E-1 0E0 5.29134E-1 4.95833E-1
-9999 -9999 -9999 -9999 -9999 -9999 -9999 -9999 -9999 0E0 0E0 0E0 0E0 0E0 0E0 0E0 0E0 0E0 0E0 0E0 0E0 0E0 0E0 0E0 0E0 0E0 0E0 9.73038E-2 2.38371E-1 2.85432E-1 1.78544E-1 2.12168E-1 5.08496E-1 3.62954E-1 7.74731E-1 8.01231E-1 8.54453E-1 4.8026E-1 8.54926E-1 9.14967E-1 8.51386E-1 8.6844E-1 9.16342E-1 9.55158E-1 8.91972E-1 8.99351E-1 9.58431E-1 9.61871E-1 9.66143E-1 9.79776E-1 9.83608E-1 9.52495E-1 9.65323E-1 9.7772E-1 9.82221E-1 9.58943E-1 9.92091E-1 9.2825E-1 5.73287E-1 0E0 0E0 9.6294E-1 9.65894E-1 9.69501E-1 9.6389E-1 9.6573E-1 9.26329E-1 5.41801E-1 5.51439E-1 5.58649E-1 0E0
-9999 -9999 -9999 -9999 -9999 -9999 -9999 -9999 -9999 0E0 0E0 0E0 0E0 0E0 0E0 0E0 0E0 0E0 0E0 0E0 0E0 0E0 0E0 0E0 0E0 0E0 2.08574E-1 1.71734E-1 2.55968E-1 3.15906E-1 2.83998E-1 4.94709E-1 4.71324E-1 5.98649E-1 7.06362E-1 7.49073E-1 7.38582E-1 6.16867E-1 7.85939E-1 8.31785E-1 8.19309E-1 8.81256E-1 9.12454E-1 9.02017E-1 8.37054E-1 8.83472E-1 9.47272E-1 9.39871E-1 9.42641E-1 9.40384E-1 9.26562E-1 9.48309E-1 9.32812E-1 9.90756E-1 9.94052E-1 9.61274E-1 9.86589E-1 9.60671E-1 9.01958E-1 6.85995E-1 6.766E-1 9.41957E-1 9.68892E-1 9.70665E-1 9.61244E-1 9.56676E-1 9.82008E-1 9.11465E-1 9.44974E-1 9.21192E-1 9.31401E-1
-9999 -9999 -9999 -9999 -9999 -9999 -9999 -9999 0E0 0E0 0E0 0E0 0E0 0E0 0E0 0E0 0E0 0E0 0E0 0E0 1.61418E-1 2.1929E-1 1.76198E-1 3.73656E-1 1.06399E-1 0E0 0E0 0E0 0E0 0E0 4.1211E-1 0E0 4.55033E-1 4.97711E-1 3.81758E-1 3.57465E-1 6.18083E-1 6.78704E-1 8.47591E-1 6.05848E-1 7.98349E-1 8.17767E-1 9.09494E-1 8.66336E-1 8.77439E-1 8.93921E-1 9.39595E-1 9.65511E-1 9.3556E-1 9.21639E-1 9.14432E-1 9.50926E-1 9.52394E-1 9.62996E-1 9.71833E-1 9.87861E-1 9.70672E-1 9.88326E-1 9.34482E-1 9.34996E-1 8.60138E-1 8.64326E-1 9.03289E-1 9.61603E-1 9.82441E-1 9.6344E-1 9.29709E-1 9.06061E-1 9.08809E-1 9.43455E-1 9.41785E-1
-9999 -9999 -9999 -9999 -9999 -9999 -9999 0E0 0E0 0E0 0E0 0E0 0E0 0E0 0E0 0E0 0E0 0E0 0E0 0E0 1.78283E-1 9.82873E-2 5.97458E-2 1.1964E-1 0E0 0E0 0E0 0E0 0E0 0E0 0E0 0E0 3.35305E-1 4.79951E-1 6.52796E-1 6.7404E-1 6.99777E-1 7.99023E-1 7.00261E-1 6.64293E-1 7.61069E-1 6.67755E-1 8.93529E-1 9.10369E-1 8.47017E-1 8.66855E-1 9.50166E-1 9.77619E-1 8.58149E-1 8.78906E-1 9.64928E-1 9.41822E-1 9.88277E-1 9.75848E-1 9.71639E-1 9.80802E-1 9.64772E-1 6.6588E-1 9.88143E-1 9.3609E-1 8.39569E-1 8.6353E-1 8.40256E-1 8.15476E-1 9.46889E-1 9.36471E-1 6.39537E-1 9.14461E-1 9.17593E-1 9.50602E-1 9.85376E-1
-9999 -9999 -9999 -9999 -9999 -9999 -9999 -9999 0E0 0E0 0E0 0E0 0E0 0E0 0E0 0E0 0E0 0E0 0E0 0E0 0E0 0E0 0E0 0E0 0E0 0E0 0E0 0E0 0E0 0E0 0E0 5.90526E-1 4.23799E-1 5.34336E-1 3.52014E-1 7.05426E-1 4.85268E-1 7.74822E-1 8.86842E-1 8.0985E-1 8.67246E-1 8.31083E-1 8.28934E-1 7.95412E-1 7.98914E-1 8.57678E-1 8.7876E-1 8.9223E-1 9.32898E-1 9.27733E-1 9.56E-1 9.69746E-1 9.66302E-1 9.7904E-1 9.84762E-1 9.76509E-1 9.6205E-1 9.61848E-1 6.5965E-1 9.26026E-1 8.84715E-1 8.95301E-1 9.37712E-1 8.64081E-1 9.49867E-1 9.30712E-1 8.8643E-1 8.96161E-1 9.23015E-1 9.61207E-1 9.79902E-1
-9999 -9999 -9999 -9999 -9999 -9999 -9999 -9999 0E0 0E0 0E0 0E0 0E0 0E0 0E0 0E0 0E0 0E0 0E0 0E0 0E0 0E0 0E0 0E0 0E0 0E0 0E0 0E0 8.22504E-2 2.95904E-1 6.89989E-1 6.00003E-1 5.03524E-1 5.64751E-1 5.29382E-1 7.39477E-1 7.93504E-1 8.21302E-1 8.3158E-1 8.86891E-1 9.02331E-1 8.70229E-1 9.1715E-1 8.51198E-1 8.56738E-1 8.49184E-1 8.70605E-1 8.93814E-1 8.18251E-1 7.98927E-1 8.53036E-1 9.37335E-1 9.62096E-1 9.49328E-1 9.88485E-1 9.86777E-1 9.78573E-1 9.42252E-1 9.51899E-1 9.57322E-1 7.104E-1 7.18048E-1 8.30683E-1 9.09391E-1 9.62548E-1 9.71606E-1 9.53437E-1 9.81948E-1 9.72165E-1 9.78376E-1 9.66477E-1
-9999 -9999 -9999 -9999 -9999 -9999 -9999 0E0 0E0 0E0 0E0 0E0 0E0 0E0 0E0 0E0 0E0 0E0 0E0 0E0 0E0 0E0 0E0 0E0 0E0 0E0 0E0 0E0 2.24428E-1 6.76367E-1 6.39386E-1 6.58154E-1 5.86932E-1 6.84872E-1 8.21502E-1 8.17891E-1 8.32925E-1 8.81485E-1 8.06621E-1 8.26115E-1 8.97762E-1 8.94072E-1 9.19022E-1 9.18328E-1 9.357E-1 8.63893E-1 8.99221E-1 8.65387E-1 8.41593E-1 8.54042E-1 9.18993E-1 9.37957E-1 9.72052E-1 6.0465E-1 9.64877E-1 9.66186E-1 9.70684E-1 9.48102E-1 9.17478E-1 9.1832E-1 7.59816E-1 7.69501E-1 8.6074E-1 9.34204E-1 9.73865E-1 9.70578E-1 9.67146E-1 9.63004E-1 5.71116E-1 8.48577E-1 9.06957E-1
-9999 -9999 -9999 -9999 -9999 -9999 -9999 0E0 0E0 0E0 0E0 0E0 0E0 0E0 0E0 0E0 0E0 0E0 0E0 0E0 0E0 0E0 0E0 0E0 0E0 0E0 0E0 0E0 9.48438E-2 4.70084E-1 5.41634E-1 5.03923E-1 7.58149E-1 7.22712E-1 8.15079E-1 8.66738E-1 8.55755E-1 7.44196E-1 5.27122E-1 7.47653E-1 8.30846E-1 9.06203E-1 9.28708E-1 9.4135E-1 9.42258E-1 9.21107E-1 9.01344E-1 8.78001E-1 9.38611E-1 8.66473E-1 9.10806E-1 9.60663E-1 5.97244E-1 6.0474E-1 9.50424E-1 9.59715E-1 6.08463E-1 9.45008E-1 6.48854E-1 9.51556E-1 8.43377E-1 8.01357E-1 6.56323E-1 8.27146E-1 9.49867E-1 9.79942E-1 9.633E-1 9.34891E-1 5.73179E-1 8.08581E-1 9.14811E-1
-9999 -9999 -9999 -9999 -9999 -9999 -9999 0E0 0E0 0E0 0E0 0E0 0E0 0E0 0E0 0E0 0E0 0E0 0E0 0E0 0E0 0E0 0E0 0E0 0E0 0E0 0E0 0E0 0E0 4.98631E-1 4.69208E-1 4.91063E-1 7.17838E-1 7.41686E-1 7.61582E-1 8.67445E-1 7.79057E-1 7.94905E-1 7.82852E-1 8.31352E-1 8.32902E-1 8.1594E-1 9.07998E-1 9.19027E-1 9.02165E-1 9.41215E-1 9.55228E-1 9.22382E-1 8.76987E-1 9.27944E-1 9.17002E-1 9.6581E-1 6.06058E-1 5.95567E-1 5.95841E-1 6.25812E-1 0E0 6.33047E-1 6.10519E-1 9.00618E-1 9.48172E-1 9.19563E-1 9.63257E-1 8.82175E-1 9.70421E-1 9.67653E-1 9.53536E-1 9.44974E-1 8.92494E-1 8.97104E-1 9.02037E-1
-9999 -9999 -9999 -9999 -9999 -9999 0E0 0E0 0E0 0E0 0E0 0E0 0E0 0E0 0E0 0E0 0E0 0E0 0E0 2.59158E-2 1.42026E-2 0E0 0E0 0E0 0E0 0E0 0E0 0E0 0E0 3.36226E-1 2.2027E-1 5.64404E-1 5.28682E-1 6.39822E-1 7.47128E-1 7.95627E-1 8.19441E-1 7.92673E-1 8.83655E-1 9.02038E-1 9.26842E-1 8.26953E-1 8.83602E-1 9.25734E-1 8.78838E-1 8.525E-1 9.21264E-1 9.34631E-1 9.10752E-1 9.73799E-1 9.36872E-1 9.11986E-1 9.3006E-1 5.98347E-1 5.9913E-1 6.27674E-1 9.45657E-1 6.43867E-1 8.79057E-1 9.22797E-1 9.53234E-1 9.76366E-1 9.58815E-1 8.91468E-1 9.83215E-1 9.43463E-1 9.32831E-1 9.71956E-1 9.65225E-1 9.67182E-1 9.61479E-1
-9999 -9999 -9999 -9999 -9999 0E0 0E0 0E0 0E0 0E0 0E0 0E0 0E0 0E0 0E0 0E0 0E0 0E0 0E0 0E0 0E0 0E0 0E0 0E0 0E0 0E0 0E0 0E0 0E0 2.86312E-1 2.53772E-1 4.27224E-1 5.6115E-1 6.47957E-1 7.9273E-1 8.59158E-1 9.04229E-1 8.55803E-1 7.98809E-1 8.7673E-1 9.11307E-1 9.28926E-1 9.04061E-1 8.64266E-1 8.83548E-1 9.22693E-1 9.15189E-1 5.78659E-1 5.83596E-1 8.76283E-1 8.58959E-1 8.89753E-1 8.00358E-1 8.41464E-1 9.11858E-1 8.93351E-1 9.38646E-1 9.11667E-1 9.68629E-1 9.40056E-1 9.22861E-1 9.69032E-1 9.60737E-1 9.63683E-1 9.77824E-1 9.15538E-1 9.7069E-1 9.50792E-1 9.8146E-1 9.37367E-1 8.94028E-1
-9999 -9999 -9999 -9999 -9999 -9999 0E0 0E0 0E0 0E0 0E0 0E0 0E0 0E0 0E0 0E0 0E0 0E0 0E0 0E0 0E0 0E0 0E0 0E0 0E0 0E0 0E0 2.03547E-1 4.01519E-1 6.50979E-1 6.67451E-1 6.79425E-1 6.28962E-1 6.76769E-1 7.19992E-1 8.62115E-1 9.27049E-1 8.32868E-1 7.15455E-1 7.78446E-1 8.27682E-1 8.56576E-1 9.30204E-1 9.29604E-1 5.72552E-1 8.57743E-1 8.21905E-1 5.93537E-1 5.8977E-1 5.68415E-1 8.4309E-1 8.52699E-1 8.20342E-1 8.96673E-1 9.46041E-1 9.50305E-1 9.10453E-1 9.24037E-1 9.52723E-1 9.51352E-1 9.35322E-1 9.74124E-1 9.30528E-1 9.38887E-1 9.67236E-1 9.84058E-1 9.80617E-1 9.61122E-1 9.77177E-1 9.77691E-1 9.80154E-1
-9999 -9999 -9999 -9999 -9999 -9999 -9999 0E0 0E0 0E0 0E0 0E0 0E0 0E0 0E0 0E0 0E0 4.32537E-2 2.87455E-2 7.7864E-2 1.38207E-1 0E0 0E0 0E0 0E0 0E0 0E0 9.84525E-2 7.45022E-2 4.24155E-1 7.16891E-1 7.32079E-1 7.84581E-1 3.82276E-1 7.20708E-1 8.05044E-1 8.10096E-1 8.52552E-1 6.81373E-1 4.29783E-1 5.31719E-1 8.79819E-1 8.25177E-1 8.86184E-1 8.64921E-1 8.31228E-1 5.86008E-1 5.6715E-1 7.877E-1 8.95413E-1 8.17919E-1 8.97386E-1 9.02763E-1 9.21852E-1 9.34794E-1 9.42691E-1 9.57662E-1 9.60719E-1 9.53122E-1 9.42518E-1 9.66644E-1 9.77669E-1 9.7273E-1 9.56137E-1 9.65414E-1 9.76686E-1 9.8665E-1 9.77685E-1 9.67139E-1 9.82753E-1 9.49455E-1
-9999 -9999 -9999 -9999 -9999 -9999 -9999 0E0 0E0 0E0 0E0 0E0 0E0 0E0 0E0 0E0 0E0 1.78594E-2 3.20096E-2 6.93028E-2 3.40056E-1 0E0 0E0 1.42607E-1 1.18591E-1 0E0 0E0 0E0 0E0 1.32501E-1 1.70904E-1 2.17607E-1 6.74433E-1 3.57274E-1 6.58309E-1 8.12886E-1 7.2929E-1 6.80367E-1 6.04737E-1 4.57965E-1 5.02889E-1 7.64303E-1 8.56728E-1 8.54267E-1 8.11644E-1 7.50775E-1 9.1856E-1 8.38505E-1 7.52208E-1 8.54579E-1 7.57665E-1 8.64069E-1 8.8072E-1 9.14873E-1 9.31085E-1 9.09205E-1 9.22376E-1 9.70367E-1 9.69327E-1 9.27228E-1 9.42169E-1 9.69554E-1 9.79523E-1 9.73375E-1 9.81669E-1 9.84464E-1 9.8371E-1 9.8035E-1 9.44435E-1 9.82665E-1 9.74087E-1
-9999 0E0 0E0 -9999 0E0 -9999 0E0 0E0 0E0 0E0 0E0 0E0 0E0 0E0 0E0 0E0 0E0 0E0 0E0 3.02287E-2 1.32766E-1 8.71514E-2 1.55198E-1 4.29659E-1 4.93788E-1 4.5902E-1 6.55855E-2 0E0 0E0 1.1491E-1 1.86595E-1 3.48547E-1 2.25047E-1 3.55522E-1 6.38566E-1 7.66601E-1 6.19465E-1 4.50241E-1 5.5173E-1 7.0479E-1 7.20924E-1 8.24833E-1 8.54659E-1 7.51579E-1 6.65767E-1 7.07806E-1 8.57185E-1 8.01559E-1 7.66371E-1 8.30077E-1 7.93916E-1 8.31606E-1 7.95701E-1 8.8229E-1 8.38731E-1 8.74016E-1 9.196E-1 9.54109E-1 9.3818E-1 9.13561E-1 9.61335E-1 9.72976E-1 9.79866E-1 9.8139E-1 9.81916E-1 9.68395E-1 9.67303E-1 9.589E-1 9.6515E-1 9.58807E-1 9.66098E-1
-9999 -9999 0E0 0E0 0E0 0E0 0E0 0E0 0E0 0E0 0E0 0E0 0E0 0E0 0E0 0E0 0E0 0E0 0E0 0E0 0E0 0E0 0E0 1.44659E-1 3.11621E-1 4.42914E-1 4.19606E-1 3.51232E-1 0E0 0E0 5.83004E-2 7.52053E-2 1.23415E-1 2.868E-1 5.53463E-1 6.90692E-1 5.37571E-1 4.29724E-1 5.07999E-1 5.84808E-1 7.33448E-1 7.53507E-1 8.33929E-1 7.69955E-1 8.52824E-1 8.10073E-1 8.02583E-1 7.22089E-1 6.90583E-1 7.46922E-1 8.56943E-1 8.76617E-1 8.9257E-1 8.86339E-1 8.92432E-1 8.85117E-1 8.43466E-1 9.13702E-1 9.11146E-1 9.46911E-1 9.2084E-1 9.52528E-1 9.69674E-1 9.72753E-1 9.81284E-1 9.62123E-1 9.61831E-1 9.66381E-1 9.46932E-1 9.59743E-1 9.59621E-1
-9999 -9999 -9999 0E0 0E0 0E0 0E0 0E0 0E0 0E0 0E0 0E0 0E0 0E0 0E0 0E0 0E0 0E0 0E0 0E0 0E0 0E0 0E0 0E0 5.75587E-2 0E0 1.76288E-1 4.9108E-1 5.83387E-1 3.02763E-1 0E0 0E0 0E0 2.42206E-1 1.68791E-1 3.54998E-1 3.3059E-1 4.7799E-1 3.6698E-1 3.27101E-1 6.94007E-1 8.20093E-1 8.21473E-1 7.77667E-1 7.32246E-1 8.05322E-1 8.7853E-1 6.34021E-1 7.61897E-1 8.68741E-1 8.67263E-1 9.12881E-1 9.13145E-1 9.37024E-1 9.04124E-1 8.96232E-1 8.07051E-1 9.19949E-1 9.39216E-1 9.25807E-1 9.73487E-1 9.6816E-1 9.51636E-1 9.51828E-1 9.23798E-1 7.24445E-1 9.41865E-1 9.81137E-1 9.70382E-1 9.44683E-1 9.52788E-1
-9999 -9999 -9999 -9999 -9999 0E0 0E0 0E0 0E0 0E0 0E0 0E0 0E0 0E0 0E0 0E0 0E0 0E0 0E0 0E0 0E0 0E0 0E0 0E0 0E0 0E0 0E0 1.42851E-1 4.35246E-1 5.38784E-1 1.68081E-1 0E0 1.17408E-1 9.59278E-2 4.27563E-1 0E0 9.61754E-2 9.70125E-2 4.74755E-1 4.9185E-1 5.74805E-1 7.15243E-1 7.65819E-1 7.47794E-1 8.5117E-1 8.97357E-1 8.74792E-1 6.92391E-1 4.68488E-1 7.89102E-1 5.08693E-1 8.19202E-1 8.93263E-1 9.43555E-1 9.52922E-1 9.46376E-1 9.32803E-1 9.05793E-1 9.20884E-1 9.30816E-1 9.63931E-1 9.2167E-1 9.02973E-1 9.17483E-1 9.55302E-1 9.72395E-1 9.76561E-1 9.75502E-1 9.70544E-1 9.5384E-1 9.4221E-1
-9999 -9999 -9999 -9999 -9999 -9999 0E0 0E0 0E0 0E0 0E0 0E0 0E0 0E0 0E0 0E0 0E0 0E0 0E0 0E0 0E0 0E0 0E0 0E0 0E0 0E0 0E0 1.79693E-1 2.81424E-1 4.94293E-1 0E0 2.66647E-1 2.08861E-1 2.18642E-1 3.45216E-1 3.13365E-1 2.20352E-1 4.14741E-1 6.02676E-1 5.29641E-1 6.14651E-1 7.13607E-1 7.90512E-1 7.85335E-1 8.49865E-1 8.51388E-1 9.03697E-1 7.15222E-1 6.29859E-1 6.88142E-1 7.73807E-1 8.84196E-1 8.59602E-1 8.26049E-1 9.20204E-1 9.18021E-1 9.06908E-1 9.00125E-1 9.39246E-1 9.06017E-1 8.9445E-1 9.73943E-1 9.56844E-1 9.69133E-1 9.66475E-1 9.4639E-1 9.65657E-1 9.73903E-1 9.64257E-1 9.62725E-1 9.51609E-1
-9999 -9999 -9999 -9999 -9999 -9999 0E0 0E0 0E0 0E0 0E0 0E0 0E0 0E0 0E0 2.57316E-2 0E0 0E0 0E0 0E0 9.45255E-2 0E0 0E0 0E0 0E0 0E0 0E0 1.18373E-1 2.57348E-1 3.25274E-1 0E0 2.62168E-1 0E0 1.92209E-1 3.62762E-1 4.29482E-1 3.2802E-1 4.30053E-1 6.18787E-1 7.65595E-1 7.81458E-1 6.72905E-1 7.21199E-1 8.22144E-1 7.92888E-1 8.47376E-1 8.71373E-1 7.01827E-1 5.59918E-1 5.93024E-1 8.41912E-1 8.49467E-1 7.8578E-1 7.85818E-1 8.47459E-1 8.6763E-1 9.38434E-1 9.54044E-1 9.28176E-1 9.50564E-1 9.53722E-1 9.44958E-1 9.51018E-1 9.5346E-1 9.61776E-1 9.5072E-1 8.77184E-1 9.11453E-1 7.14499E-1 7.12292E-1 9.61453E-1
-9999 -9999 -9999 -9999 -9999 0E0 0E0 0E0 0E0 0E0 0E0 0E0 0E0 0E0 0E0 0E0 0E0 0E0 0E0 0E0 1.0241E-1 0E0 0E0 0E0 3.78768E-2 7.89551E-2 2.04744E-1 2.14491E-1 2.27503E-1 2.0212E-1 0E0 3.59842E-1 3.16873E-1 3.6268E-1 4.20306E-1 4.33853E-1 5.27275E-1 6.50321E-1 7.83866E-1 8.75521E-1 8.91141E-1 7.63378E-1 6.87019E-1 7.19378E-1 8.51832E-1 8.78779E-1 8.82303E-1 8.22317E-1 5.7875E-1 6.97281E-1 7.44792E-1 7.86815E-1 7.88551E-1 8.65672E-1 8.9785E-1 8.96741E-1 9.05323E-1 9.4948E-1 9.47862E-1 9.42635E-1 9.29618E-1 9.58999E-1 9.42339E-1 9.41632E-1 9.60015E-1 9.47903E-1 9.58744E-1 9.3979E-1 9.24893E-1 9.16126E-1 9.56373E-1
-9999 -9999 -9999 -9999 -9999 0E0 0E0 0E0 0E0 0E0 0E0 0E0 0E0 0E0 0E0 0E0 0E0 0E0 0E0 0E0 1.8157E-1 4.41415E-2 0E0 0E0 2.45801E-2 2.72921E-2 4.66747E-2 9.54085E-2 1.69926E-1 1.89214E-1 2.00396E-1 3.17799E-1 3.85773E-1 6.61561E-1 6.48029E-1 5.69002E-1 5.81179E-1 7.42214E-1 7.44189E-1 8.15415E-1 8.42303E-1 8.76136E-1 7.47459E-1 7.96194E-1 8.69474E-1 8.46445E-1 7.13131E-1 8.30627E-1 5.98835E-1 6.98394E-1 6.40272E-1 6.90852E-1 7.5172E-1 5.90982E-1 8.73447E-1 5.79603E-1 8.56638E-1 8.55121E-1 9.29351E-1 9.45612E-1 9.10492E-1 9.09371E-1 9.14829E-1 9.27133E-1 9.55526E-1 9.36498E-1 9.64172E-1 9.48697E-1 9.54625E-1 9.66056E-1 9.60319E-1
-9999 -9999 -9999 -9999 -9999 0E0 0E0 0E0 0E0 0E0 0E0 0E0 0E0 0E0 0E0 0E0 0E0 0E0 0E0 9.72223E-3 4.78397E-3 3.05839E-2 2.04666E-2 0E0 2.88686E-2 3.53798E-2 0E0 0E0 7.94536E-2 4.03599E-1 4.86415E-1 5.26991E-1 5.86702E-1 5.67852E-1 7.68053E-1 7.66606E-1 1.49209E-1 4.08227E-1 4.59316E-1 7.02239E-1 8.12905E-1 8.18608E-1 7.98963E-1 7.63817E-1 8.55368E-1 7.29284E-1 6.79982E-1 7.02085E-1 4.99003E-1 5.75289E-1 6.9271E-1 4.03068E-1 6.67066E-1 7.79384E-1 8.97397E-1 8.74997E-1 6.3887E-1 6.31767E-1 6.69177E-1 6.64844E-1 9.14766E-1 8.90763E-1 9.33156E-1 9.03699E-1 9.04311E-1 8.86062E-1 8.55966E-1 9.34232E-1 6.89467E-1 6.66429E-1 6.99687E-1
-9999 -9999 -9999 -9999 -9999 0E0 0E0 0E0 0E0 0E0 0E0 0E0 0E0 0E0 0E0 0E0 0E0 0E0 0E0 0E0 1.31505E-2 0E0 7.54872E-3 3.38797E-2 0E0 0E0 0E0 6.96445E-3 0E0 0E0 4.38248E-1 5.62867E-1 6.72648E-1 5.70326E-1 3.52014E-1 0E0 1.10065E-1 3.50234E-1 0E0 6.41825E-1 7.69386E-1 5.69687E-1 6.66326E-1 7.06762E-1 7.42142E-1 7.12558E-1 3.85136E-1 6.83274E-1 4.181E-1 4.41241E-1 3.73852E-1 2.26512E-1 4.23342E-1 7.95962E-1 8.01816E-1 5.9831E-1 5.73622E-1 6.0803E-1 6.30666E-1 8.8577E-1 8.86703E-1 6.55715E-1 6.85628E-1 6.76041E-1 9.35843E-1 9.17755E-1 8.73752E-1 5.93951E-1 9.47558E-1 6.78649E-1 7.0646E-1
-9999 -9999 -9999 -9999 -9999 0E0 0E0 0E0 0E0 0E0 0E0 0E0 0E0 0E0 0E0 0E0 0E0 0E0 0E0 0E0 0E0 0E0 0E0 0E0 0E0 0E0 0E0 0E0 4.47134E-2 0E0 0E0 6.35655E-1 5.84394E-1 4.78511E-1 3.39661E-1 0E0 1.01372E-1 3.32069E-1 2.63974E-1 3.72248E-1 7.4426E-1 3.71755E-1 6.62982E-1 7.03636E-1 7.37535E-1 7.06366E-1 6.24831E-1 5.60663E-1 3.76681E-1 0E0 3.18975E-1 2.54835E-1 5.59177E-1 7.06848E-1 4.95639E-1 0E0 5.64446E-1 6.22982E-1 8.86088E-1 9.03506E-1 9.14381E-1 9.00164E-1 6.51428E-1 6.26707E-1 6.1603E-1 9.06424E-1 9.15072E-1 9.11926E-1 6.40538E-1 6.25154E-1 6.46447E-1
-9999 -9999 -9999 -9999 0E0 0E0 0E0 0E0 0E0 0E0 0E0 0E0 0E0 0E0 0E0 0E0 0E0 0E0 0E0 0E0 0E0 0E0 0E0 0E0 0E0 0E0 0E0 0E0 1.99879E-1 0E0 2.83375E-1 6.96496E-1 5.67117E-1 2.52166E-1 2.44036E-1 2.80342E-1 5.73104E-1 4.20764E-1 2.42949E-1 3.40188E-1 4.44976E-1 4.3243E-1 7.8449E-1 7.74849E-1 6.93282E-1 6.41014E-1 5.25971E-1 3.85276E-1 5.16145E-1 0E0 2.91855E-1 0E0 4.85763E-1 5.02826E-1 5.13963E-1 4.77312E-1 4.75578E-1 5.41361E-1 5.35284E-1 8.38432E-1 8.53758E-1 6.82471E-1 6.71722E-1 9.49199E-1 9.29387E-1 8.90406E-1 8.97602E-1 9.19545E-1 6.65667E-1 6.83268E-1 6.89817E-1
-9999 -9999 -9999 -9999 0E0 0E0 0E0 0E0 0E0 0E0 0E0 0E0 0E0 0E0 0E0 0E0 0E0 0E0 0E0 0E0 0E0 0E0 0E0 0E0 0E0 0E0 0E0 1.79787E-1 2.59434E-1 0E0 3.20641E-1 3.44037E-1 3.4775E-1 2.15388E-1 0E0 2.68024E-1 3.31574E-1 3.62907E-1 2.16846E-1 2.67931E-1 3.81283E-1 0E0 7.63199E-1 7.26239E-1 6.59651E-1 6.22908E-1 6.62205E-1 5.94639E-1 4.69729E-1 3.39037E-1 0E0 0E0 0E0 0E0 0E0 4.63226E-1 3.04036E-1 4.15165E-1 4.9644E-1 8.49311E-1 8.18082E-1 6.42464E-1 7.51199E-1 8.74517E-1 8.9466E-1 8.74335E-1 8.93226E-1 6.71188E-1 6.35874E-1 6.81932E-1 7.04506E-1
-9999 -9999 -9999 -9999 0E0 0E0 0E0 0E0 0E0 0E0 0E0 0E0 0E0 0E0 0E0 0E0 0E0 0E0 0E0 0E0 0E0 0E0 0E0 0E0 0E0 0E0 0E0 0E0 0E0 0E0 1.81651E-1 4.84441E-1 4.03717E-1 3.64459E-1 2.51096E-1 2.175E-1 5.03577E-1 2.02049E-1 1.66167E-1 2.05012E-1 3.90443E-1 4.3733E-1 7.7063E-1 7.55586E-1 5.81969E-1 6.5975E-1 7.00311E-1 7.04031E-1 6.28902E-1 4.41685E-1 3.75828E-1 0E0 0E0 0E0 5.71988E-1 0E0 0E0 4.21501E-1 4.13982E-1 7.94954E-1 6.33448E-1 5.38809E-1 6.30275E-1 6.4329E-1 6.66709E-1 8.76512E-1 8.78832E-1 8.72423E-1 8.55008E-1 9.20114E-1 9.26512E-1
