ENM/Final_Models/M_2_F_q_Set_1_EC/Gustavia_santanderiensis_5_Choco_clamping.asc
ncols         367
nrows         963
xllcorner     -78.6
yllcorner     0.65
cellsize      0.00833333333333323
NODATA_value  -9999
[rows 806 to 836 of 963, columns 0 to 69 of 367]
-9999 -9999 0E0 0E0 0E0 0E0 0E0 0E0 0E0 0E0 0E0 0E0 0E0 0E0 0E0 0E0 0E0 0E0 0E0 0E0 0E0 0E0 0E0 0E0 0E0 1.89453E-5 0E0 1.71406E-5 1.63324E-4 1.1687E-4 1.19628E-4 9.77012E-5 9.36688E-5 4.97321E-5 7.65246E-5 5.69687E-5 2.65237E-5 1.33065E-5 1.80352E-5 5.03555E-6 1.38138E-5 1.12107E-5 1.80659E-5 5.72069E-6 4.78002E-6 8.05028E-6 2.92948E-6 1.3241E-5 8.60218E-6 9.91344E-7 1.08011E-6 7.636E-7 1.3054E-6 2.84565E-6 2.6946E-6 2.72677E-7 1.1657E-7 5.21091E-7 4.22404E-7 1.463E-7 1.17339E-7 2.32944E-7 3.2253E-5 7.21465E-6 2.36761E-5 3.74112E-5 8.7595E-10 5.63378E-10 3.53711E-10 1.47715E-8
-9999 -9999 0E0 0E0 0E0 0E0 0E0 0E0 0E0 0E0 0E0 0E0 0E0 0E0 0E0 0E0 0E0 0E0 0E0 0E0 0E0 0E0 0E0 0E0 0E0 0E0 0E0 6.11666E-5 2.93528E-5 3.76262E-5 1.03614E-4 7.29988E-5 1.39997E-4 1.17819E-4 6.42931E-5 1.2923E-4 9.30491E-6 1.11511E-4 1.56897E-4 9.5684E-5 9.41408E-6 8.78414E-6 1.2676E-5 8.47908E-6 1.24177E-5 1.08182E-5 3.36466E-6 3.03334E-6 1.0553E-6 1.86654E-6 2.43709E-7 5.08669E-7 1.20147E-7 2.74167E-5 3.74078E-6 2.09729E-5 5.95025E-7 5.18191E-7 1.05096E-6 8.51041E-8 5.50562E-8 3.27517E-8 1.5122E-5 1.09231E-7 1.27844E-6 1.09317E-4 2.81745E-9 1.10072E-8 5.7017E-10 2.64907E-10
-9999 -9999 0E0 0E0 0E0 0E0 0E0 0E0 0E0 0E0 0E0 0E0 0E0 0E0 0E0 0E0 0E0 0E0 0E0 0E0 0E0 0E0 0E0 0E0 0E0 0E0 9.93229E-5 1.68514E-4 5.12627E-5 5.50984E-5 8.41541E-5 2.29901E-5 1.0824E-4 2.49342E-4 6.98983E-5 3.87202E-5 1.75545E-5 4.57651E-5 6.47263E-5 2.67586E-5 5.22863E-5 1.98918E-4 3.38597E-5 1.21539E-5 9.68373E-6 9.7614E-6 1.34582E-5 3.69224E-6 1.50161E-6 8.11312E-7 1.35531E-6 6.75755E-7 1.06696E-6 4.08483E-7 1.90424E-7 4.39237E-7 2.67535E-6 5.80301E-7 4.54334E-7 6.73372E-7 5.27236E-8 1.75457E-7 3.95855E-5 1.86915E-7 7.53855E-7 2.59957E-5 2.11337E-5 1.07013E-5 3.45773E-7 3.6167E-10
-9999 -9999 0E0 0E0 0E0 0E0 0E0 0E0 0E0 0E0 0E0 0E0 0E0 0E0 0E0 0E0 0E0 0E0 0E0 0E0 0E0 0E0 0E0 0E0 0E0 0E0 9.22105E-5 2.29338E-4 1.61966E-4 2.09701E-4 3.57944E-5 6.94379E-5 1.21784E-4 9.58564E-5 3.71461E-5 2.49997E-5 1.44889E-5 4.60201E-5 1.03534E-4 4.00716E-5 5.44786E-5 1.30549E-4 5.19154E-5 4.43804E-5 3.72279E-5 2.70989E-5 1.85296E-5 1.35944E-5 4.73991E-6 9.28376E-7 8.14622E-6 3.31052E-6 1.85989E-6 8.33677E-7 3.69672E-6 6.66614E-7 2.03262E-7 4.93888E-7 7.00888E-7 1.68222E-7 1.57032E-7 3.11513E-8 9.69461E-8 1.31466E-5 1.07052E-6 6.46796E-5 7.14259E-6 8.71495E-6 6.93817E-8 1.8477E-9
-9999 -9999 -9999 0E0 0E0 0E0 0E0 0E0 0E0 0E0 0E0 0E0 0E0 0E0 0E0 0E0 0E0 0E0 0E0 0E0 0E0 0E0 0E0 0E0 0E0 3.71526E-5 1.11161E-4 8.81157E-5 8.93621E-5 8.96909E-5 5.64759E-5 9.39817E-5 1.75286E-4 6.51178E-5 3.71449E-5 5.66337E-5 2.52212E-5 5.89248E-5 5.18014E-5 5.43621E-5 1.08026E-4 9.84981E-5 1.01698E-4 1.09429E-4 2.56648E-5 4.66982E-6 8.65832E-6 2.38443E-4 1.04183E-4 1.42847E-6 4.15381E-6 3.71549E-6 2.99793E-5 5.26553E-5 2.72835E-6 6.94375E-7 1.76431E-7 9.61282E-7 3.09015E-7 8.32361E-7 1.09766E-6 3.39546E-7 2.11816E-7 6.68565E-5 5.31137E-5 4.04093E-6 3.00937E-6 1.47536E-5 5.86713E-10 3.94675E-10
-9999 -9999 -9999 -9999 -9999 -9999 -9999 0E0 0E0 0E0 0E0 0E0 0E0 0E0 0E0 0E0 0E0 0E0 0E0 0E0 0E0 0E0 0E0 0E0 7.43724E-5 1.44909E-4 1.0872E-4 1.55506E-4 3.0506E-4 3.85449E-4 6.84798E-5 3.86998E-5 2.59149E-5 1.46086E-5 2.50281E-5 2.44338E-5 2.69319E-5 4.12455E-5 5.60735E-5 4.48101E-5 7.89021E-5 8.05917E-5 7.91194E-5 3.62987E-5 2.69101E-5 5.35917E-6 5.23105E-6 1.40672E-5 3.83194E-6 1.90862E-6 5.74916E-6 1.39137E-6 9.36642E-7 3.84239E-7 2.94518E-6 5.75147E-7 2.37193E-6 1.12953E-6 5.99821E-7 1.46899E-4 3.65306E-5 2.36037E-7 4.37739E-8 4.88885E-6 2.48053E-6 2.30083E-8 1.11377E-10 1.50937E-10 1.21391E-11 1.99484E-11
-9999 -9999 -9999 -9999 -9999 -9999 -9999 -9999 0E0 0E0 0E0 0E0 0E0 0E0 0E0 0E0 0E0 0E0 0E0 0E0 0E0 0E0 0E0 4.75643E-6 6.09911E-6 1.48936E-4 9.51148E-5 7.70403E-5 1.0153E-4 7.41655E-5 2.25128E-5 1.61151E-5 3.01535E-5 2.16853E-5 3.21102E-5 4.48778E-5 6.488E-5 2.62266E-5 3.39646E-5 2.70408E-5 4.27259E-5 3.79039E-5 5.1237E-5 1.41141E-5 2.98057E-5 1.12275E-5 1.1546E-5 9.19516E-6 2.80731E-6 2.95786E-6 2.85863E-7 1.53067E-6 4.37172E-7 6.64785E-7 1.29442E-6 6.11521E-6 5.98624E-6 5.45489E-7 3.32484E-7 3.98663E-7 2.01319E-5 1.29895E-5 7.49871E-7 1.93041E-5 1.05654E-8 6.66883E-10 2.54691E-9 1.70481E-9 3.33102E-9 6.85508E-10
-9999 -9999 -9999 -9999 -9999 -9999 -9999 -9999 0E0 0E0 0E0 0E0 0E0 0E0 0E0 0E0 0E0 0E0 0E0 0E0 0E0 0E0 9.14385E-6 0E0 5.37618E-5 3.15698E-4 1.26518E-4 1.44019E-4 1.28065E-4 8.90312E-5 2.4688E-5 2.61389E-5 7.41011E-5 6.15412E-5 1.20985E-4 1.40608E-4 7.03434E-5 2.33644E-5 5.46006E-5 6.44482E-5 3.86299E-5 5.25684E-5 1.64083E-5 5.5077E-5 2.34976E-5 7.73732E-6 2.40475E-4 2.82558E-4 1.78972E-4 1.40436E-4 1.6403E-5 2.94919E-7 6.19274E-7 3.1322E-7 8.13098E-7 5.24467E-7 1.45265E-7 9.49996E-5 3.86851E-5 1.62039E-6 2.62059E-5 5.76346E-5 4.67601E-7 6.16637E-8 9.49369E-6 4.53603E-6 1.94389E-7 1.95633E-7 1.07747E-4 1.81037E-4
-9999 -9999 -9999 -9999 -9999 -9999 -9999 -9999 0E0 0E0 0E0 0E0 0E0 0E0 0E0 0E0 0E0 0E0 0E0 0E0 0E0 0E0 0E0 9.68569E-6 0E0 1.47193E-4 6E-5 7.11162E-5 2.02919E-5 3.67452E-5 2.49643E-5 1.54054E-4 2.75387E-5 5.5625E-5 9.18131E-5 4.9051E-5 6.61094E-5 1.02419E-4 8.10203E-5 5.53887E-5 3.28165E-5 7.51062E-4 5.50432E-4 3.75178E-5 2.80391E-5 1.06271E-5 9.87252E-6 3.28075E-4 2.10577E-4 5.53758E-6 4.41325E-6 7.63674E-7 1.78128E-7 5.37732E-5 3.33483E-5 3.73312E-5 2.31802E-5 1.00372E-6 1.55881E-5 1.28989E-8 9.96451E-9 3.49018E-8 7.50497E-8 2.87841E-7 1.01372E-6 2.85956E-5 1.3063E-4 2.17254E-4 9.89795E-5 1.32137E-5
-9999 -9999 -9999 -9999 -9999 -9999 -9999 -9999 0E0 0E0 0E0 0E0 0E0 0E0 0E0 0E0 0E0 0E0 0E0 0E0 0E0 0E0 0E0 0E0 0E0 6.50646E-5 1.84586E-4 9.37504E-5 9.81804E-5 1.18478E-4 1.5138E-4 1.60175E-4 1.42148E-4 1.30994E-4 4.02977E-5 4.94905E-5 3.02314E-5 3.82754E-5 2.97843E-5 4.60983E-5 9.77069E-5 8.92489E-5 4.18827E-4 1.1461E-5 9.34394E-5 1.24224E-4 1.41634E-4 3.12668E-5 4.76492E-5 5.03875E-5 7.62835E-5 1.2638E-5 3.68108E-5 1.88603E-7 1.64635E-5 2.46175E-7 2.25631E-5 2.21747E-5 4.82229E-8 2.74103E-8 7.85302E-8 3.61065E-7 7.98958E-7 1.51864E-7 1.14936E-6 8.32614E-6 5.01315E-6 4.72942E-6 9.08267E-6 2.37092E-6
-9999 -9999 -9999 -9999 -9999 -9999 -9999 -9999 0E0 0E0 0E0 0E0 0E0 0E0 0E0 0E0 0E0 0E0 0E0 0E0 0E0 0E0 0E0 0E0 0E0 1.53056E-5 1.58826E-4 3.09014E-5 4.49354E-5 1.0399E-4 1.91075E-4 4.99675E-5 2.32106E-4 3.79854E-5 1.73613E-5 7.39061E-6 4.15602E-6 2.55834E-5 5.56614E-4 1.371E-4 1.68184E-4 1.56391E-4 5.47057E-4 5.66652E-6 1.02145E-5 9.77864E-5 1.64546E-4 4.38303E-6 2.57085E-6 1.46644E-5 1.64946E-5 1.44432E-5 3.75748E-7 7.11174E-6 2.50421E-6 4.7014E-7 6.82016E-8 3.81678E-7 1.12979E-8 9.09934E-8 1.05539E-8 3.89321E-8 9.25294E-7 1.49184E-6 2.27645E-7 3.24085E-4 6.66359E-6 6.11153E-6 2.17117E-5 8.16384E-6
-9999 -9999 -9999 -9999 -9999 -9999 -9999 0E0 0E0 0E0 0E0 0E0 0E0 0E0 0E0 0E0 0E0 0E0 0E0 0E0 0E0 0E0 0E0 0E0 1.67656E-5 8.62762E-5 7.57877E-5 9.49404E-5 5.57454E-5 2.30666E-5 4.30584E-5 1.42865E-5 3.82758E-5 5.13267E-6 1.52068E-5 1.90748E-5 1.535E-5 2.84982E-5 5.00314E-4 2.99476E-5 4.17981E-5 2.7562E-5 2.19949E-5 3.62776E-4 2.29006E-4 6.03498E-5 6.87893E-5 3.04364E-6 2.74251E-6 5.96298E-5 8.40791E-5 1.15187E-4 3.00361E-7 1.06162E-6 1.73027E-6 1.26665E-6 4.3838E-7 3.21014E-7 7.83765E-7 2.42537E-7 3.37575E-8 4.02655E-7 1.51333E-7 1.76732E-7 3.93463E-7 3.60639E-6 8.16778E-6 9.52286E-6 2.03468E-5 4.48271E-5
-9999 -9999 -9999 -9999 -9999 -9999 -9999 0E0 0E0 0E0 0E0 0E0 0E0 0E0 0E0 0E0 0E0 0E0 0E0 0E0 0E0 0E0 0E0 0E0 2.65275E-5 7.53179E-5 4.09683E-5 2.66996E-4 3.00525E-4 2.30754E-4 3.95536E-5 2.57612E-5 1.13674E-5 9.14599E-6 2.92891E-5 1.5167E-5 1.51825E-5 1.52963E-5 4.04167E-4 6.59145E-5 2.0293E-5 9.79554E-6 1.05891E-5 1.61878E-4 4.26388E-5 1.19119E-4 5.31695E-6 1.25815E-5 8.34968E-5 9.91191E-6 1.3177E-5 7.78663E-5 7.92415E-5 9.57767E-5 6.66334E-7 1.51427E-7 1.36846E-6 9.59663E-7 4.9374E-6 8.71421E-7 8.15518E-7 4.43534E-7 1.09049E-7 1.00545E-6 3.08497E-7 5.40915E-6 7.7053E-6 1.45359E-4 7.20721E-4 1.32781E-3
-9999 -9999 -9999 -9999 -9999 -9999 -9999 0E0 0E0 0E0 0E0 0E0 0E0 0E0 0E0 0E0 0E0 0E0 0E0 0E0 0E0 0E0 0E0 0E0 0E0 8.74881E-5 7.5997E-5 9.05201E-5 1.04667E-4 2.02554E-4 3.29621E-4 1.33405E-4 4.12006E-5 4.91549E-5 7.19724E-5 1.38538E-4 2.47243E-5 2.18158E-5 3.425E-5 2.06834E-5 6.8144E-6 7.54842E-6 2.38309E-5 1.59811E-4 2.65211E-6 3.1637E-4 5.53641E-6 1.52946E-5 1.08166E-4 1.25674E-5 5.76583E-5 1.01536E-6 2.66452E-6 3.32141E-5 3.06781E-4 3.78499E-6 9.44099E-7 5.34391E-6 9.75945E-7 1.62393E-6 1.51897E-6 7.32222E-7 4.33953E-7 1.09881E-6 4.47966E-6 1.10899E-6 4.48267E-6 2.28579E-5 2.43067E-5 1.29234E-3
-9999 -9999 -9999 -9999 -9999 -9999 -9999 0E0 0E0 0E0 0E0 0E0 0E0 0E0 0E0 0E0 0E0 0E0 0E0 0E0 0E0 0E0 0E0 0E0 0E0 1.10999E-4 9.15894E-5 1.51451E-4 6.68956E-5 3.20914E-4 1.97715E-4 1.37974E-4 5.99068E-5 1.42898E-4 2.51783E-4 1.40664E-4 3.854E-5 1.8959E-5 2.89507E-5 2.28361E-5 1.299E-4 2.69997E-5 1.57455E-5 1.17261E-4 2.50264E-5 1.48742E-4 7.85919E-7 1.01118E-6 9.93025E-7 9.3281E-7 1.3408E-6 1.92685E-6 1.19086E-5 1.11247E-5 5.63395E-6 4.55201E-6 5.01897E-6 9.00438E-6 2.06857E-5 6.87295E-6 6.20433E-6 1.70713E-6 1.39434E-6 1.56577E-6 1.74946E-6 4.53834E-6 2.81019E-6 4.0988E-6 5.35709E-6 2.97057E-6
-9999 -9999 -9999 -9999 -9999 -9999 0E0 0E0 0E0 0E0 0E0 0E0 0E0 0E0 0E0 0E0 0E0 0E0 0E0 0E0 0E0 0E0 0E0 0E0 0E0 0E0 0E0 2.19164E-4 1.06583E-4 1.09558E-4 1.61272E-4 1.27136E-4 3.44717E-5 7.16445E-5 7.87988E-5 1.47774E-4 2.86466E-5 6.8059E-6 1.26194E-5 1.46501E-5 5.00681E-5 1.51918E-6 1.91584E-6 3.35561E-5 2.76975E-6 6.34725E-5 2.94128E-4 1.68836E-5 1.38806E-5 2.23384E-5 8.30716E-5 2.11796E-6 1.77391E-4 7.50955E-6 5.25437E-4 2.80719E-5 1.87503E-5 1.29065E-5 1.8734E-5 1.49484E-5 4.929E-6 1.02388E-5 5.82142E-6 1.61219E-6 2.21914E-6 1.35613E-6 7.90934E-6 8.13732E-6 6.00286E-6 3.40815E-4
-9999 -9999 -9999 -9999 -9999 -9999 0E0 0E0 0E0 0E0 0E0 0E0 0E0 0E0 0E0 0E0 0E0 0E0 0E0 0E0 0E0 0E0 0E0 0E0 0E0 1.18339E-4 1.85786E-4 2.05976E-4 1.75306E-4 2.70193E-4 8.27809E-5 1.13565E-4 5.07528E-5 5.34918E-5 6.9018E-5 1.36858E-5 2.34628E-5 2.39615E-5 2.34123E-5 3.89917E-6 2.18392E-5 4.47541E-6 1.05599E-5 4.38102E-5 5.31658E-6 1.09885E-7 7.531E-5 1.06465E-5 6.86335E-5 2.95754E-5 3.59753E-5 2.23985E-4 4.85862E-6 1.18515E-5 2.25986E-4 2.34689E-4 1.11422E-5 1.34923E-5 2.6483E-6 2.10334E-5 1.95028E-5 4.48202E-6 1.02402E-5 5.38522E-6 5.98097E-6 2.1053E-6 1.53913E-5 8.19226E-6 5.81098E-6 1.18345E-5
-9999 -9999 -9999 -9999 -9999 -9999 0E0 0E0 0E0 0E0 0E0 0E0 0E0 0E0 0E0 0E0 0E0 0E0 0E0 0E0 0E0 0E0 0E0 0E0 0E0 9.23458E-5 2.27162E-4 4.23413E-4 2.23824E-4 1.67614E-4 8.78827E-5 1.05435E-4 2.03009E-4 1.63727E-5 9.4783E-5 1.50006E-4 1.1245E-4 5.63402E-5 1.76686E-4 1.08366E-5 8.20352E-5 1.58805E-5 8.25908E-5 1.08561E-4 6.1942E-5 3.30003E-7 8.13988E-6 1.01942E-5 6.31146E-5 2.58221E-5 6.21184E-6 8.78348E-5 9.36861E-6 6.8276E-5 4.66276E-5 3.37695E-4 4.54306E-6 8.28291E-6 1.21756E-5 2.9567E-5 1.81157E-5 1.29479E-5 8.31412E-6 1.14529E-5 1.88678E-5 4.93743E-6 1.29423E-5 1.83532E-6 1.59229E-5 1.94276E-5
-9999 -9999 -9999 -9999 -9999 -9999 -9999 -9999 0E0 0E0 0E0 0E0 0E0 0E0 0E0 0E0 0E0 0E0 0E0 0E0 0E0 0E0 0E0 0E0 0E0 6.18052E-5 3.5605E-4 3.45943E-4 3.81293E-4 4.82015E-5 5.36836E-5 1.28605E-4 4.96864E-5 1.31987E-4 6.3454E-5 2.43447E-5 5.83038E-5 4.34886E-5 2.04106E-5 1.44426E-5 9.86774E-5 9.71291E-5 2.54615E-4 1.45693E-5 3.21164E-5 9.56459E-5 2.153E-4 1.27255E-4 4.31419E-4 3.94185E-4 2.46919E-5 2.42621E-5 1.80009E-4 1.47078E-5 1.14204E-5 1.07685E-5 4.74688E-6 3.9471E-6 1.36813E-5 5.00151E-5 7.03196E-6 8.88656E-6 3.43619E-6 2.28719E-6 3.66011E-6 4.29561E-6 1.02456E-5 1.12378E-6 5.32781E-6 2.68354E-5
-9999 -9999 -9999 -9999 -9999 0E0 0E0 0E0 0E0 0E0 0E0 0E0 0E0 0E0 0E0 0E0 0E0 0E0 0E0 0E0 0E0 0E0 0E0 0E0 0E0 0E0 9.62383E-5 3.68138E-4 4.27087E-4 2.91511E-4 3.06807E-4 1.16005E-4 8.4888E-5 1.23118E-4 1.86637E-4 7.06908E-5 1.71199E-4 2.60178E-5 8.04744E-6 2.28732E-4 2.3158E-4 1.05309E-5 2.74693E-5 1.72583E-5 2.25701E-5 4.63268E-4 8.66821E-5 1.53588E-5 2.01545E-5 5.04817E-5 4.4398E-5 2.54289E-6 6.3086E-7 7.4754E-4 6.57989E-4 5.0956E-4 2.4373E-6 4.41748E-6 1.65791E-5 2.70634E-5 3.43141E-5 1.03924E-4 4.58426E-6 6.44172E-6 1.64751E-5 7.7758E-6 4.90862E-6 2.43336E-6 8.40799E-6 1.03285E-3
-9999 -9999 -9999 -9999 -9999 0E0 0E0 0E0 0E0 0E0 0E0 0E0 0E0 0E0 0E0 0E0 0E0 0E0 0E0 0E0 0E0 0E0 0E0 0E0 0E0 1.92863E-4 2.94433E-4 4.41958E-4 5.81734E-4 3.86537E-4 5.85304E-4 3.35779E-4 1.52883E-4 4.74832E-5 1.60321E-4 7.87351E-6 9.88864E-6 5.96831E-5 9.79701E-6 2.61074E-5 1.81083E-5 1.00034E-5 1.33082E-5 1.42567E-5 1.77721E-4 1.10079E-4 7.59044E-5 7.84224E-5 1.07409E-5 1.60038E-5 1.08754E-5 2.26795E-5 1.52108E-5 4.83257E-5 3.62747E-4 3.68881E-4 5.64862E-6 6.82122E-6 3.14617E-6 2.02698E-6 3.38514E-6 2.57382E-6 1.60497E-6 7.50225E-6 9.62095E-6 6.19572E-4 9.72642E-7 8.84185E-6 1.08056E-5 4.33289E-5
-9999 -9999 -9999 -9999 -9999 0E0 0E0 0E0 0E0 0E0 0E0 0E0 0E0 0E0 0E0 0E0 0E0 0E0 0E0 0E0 0E0 0E0 0E0 0E0 4.17456E-5 1.92917E-4 2.2843E-4 2.51382E-4 3.48659E-4 7.39625E-4 8.24791E-4 7.36577E-4 2.14379E-4 1.14869E-4 1.44545E-4 3.43485E-5 1.21155E-5 2.25813E-4 3.70135E-5 6.5191E-5 1.63155E-4 3.89073E-4 6.61296E-4 1.25639E-4 7.4187E-5 2.68642E-5 7.44181E-5 2.00463E-5 1.07556E-5 1.72564E-5 3.04526E-5 4.76579E-5 1.58773E-5 1.55295E-5 3.64046E-4 2.98372E-4 2.83387E-4 1.41758E-5 1.25126E-6 6.28238E-7 1.63702E-6 2.31048E-6 1.51568E-6 3.4308E-4 5.35323E-4 7.38124E-4 1.34304E-4 8.52638E-6 8.13936E-6 4.28957E-6
-9999 -9999 -9999 -9999 -9999 0E0 0E0 0E0 0E0 0E0 0E0 0E0 0E0 0E0 0E0 0E0 0E0 0E0 0E0 0E0 0E0 0E0 0E0 0E0 0E0 3.70626E-5 1.87001E-4 3.21748E-4 3.06835E-4 6.0328E-4 5.40484E-4 6.75135E-4 1.03334E-4 1.75657E-4 1.34685E-4 2.4482E-5 9.36088E-5 7.02421E-5 2.72897E-5 3.82521E-4 9.11891E-5 1.77185E-4 5.96055E-4 2.73107E-5 5.11402E-4 7.55637E-4 9.39469E-4 1.88728E-5 1.06476E-5 1.21517E-5 6.53706E-6 9.09753E-7 9.63802E-7 1.35454E-6 2.85538E-4 2.50084E-4 4.57762E-4 9.4718E-5 4.38035E-7 9.13759E-7 1.29885E-6 3.19531E-6 2.08355E-6 6.09422E-4 6.4182E-4 7.71084E-4 2.17322E-4 1.00044E-3 1.45565E-3 3.83119E-5
-9999 -9999 -9999 -9999 -9999 0E0 0E0 0E0 0E0 0E0 0E0 0E0 0E0 0E0 0E0 0E0 0E0 0E0 0E0 0E0 0E0 0E0 0E0 0E0 1.30185E-4 3.62957E-5 1.6491E-4 3.32283E-4 4.10635E-4 4.67983E-4 4.46291E-4 8.13252E-4 2.55924E-4 1.07944E-4 7.13771E-5 7.51774E-5 5.7935E-5 7.80308E-5 2.56118E-4 3.50256E-4 1.71711E-4 1.63122E-6 2.16392E-6 1.09494E-5 5.95961E-6 1.07093E-6 5.6781E-4 2.36531E-5 1.40774E-5 7.14457E-6 2.19289E-6 1.03137E-6 6.29297E-7 1.96074E-4 3.63288E-4 2.50493E-4 5.03075E-4 4.19253E-4 1.77957E-5 1.87485E-6 6.69579E-4 4.44664E-4 8.9231E-6 4.41217E-4 6.69282E-4 2.44403E-5 2.22454E-4 1.70552E-3 6.71311E-5 4.36972E-5
-9999 -9999 -9999 -9999 -9999 0E0 0E0 0E0 0E0 0E0 0E0 0E0 0E0 0E0 0E0 0E0 0E0 0E0 0E0 0E0 0E0 0E0 0E0 0E0 2.51437E-4 0E0 2.56133E-4 4.93516E-4 6.57276E-4 5.44044E-4 4.12497E-4 8.4489E-4 1.61867E-4 9.32658E-5 8.85047E-5 1.3515E-4 1.45491E-4 1.31768E-4 6.52975E-5 4.0046E-5 3.1939E-4 2.44774E-6 3.66919E-7 6.25398E-5 3.42699E-6 2.76157E-6 8.43473E-4 2.90166E-5 7.79735E-6 8.95151E-6 4.4813E-6 6.28843E-7 4.24242E-6 1.3378E-5 9.18914E-4 1.35417E-4 4.78589E-4 1.03949E-3 2.2337E-5 1.77681E-5 6.40656E-6 7.09961E-6 2.85886E-5 2.51624E-5 2.9337E-5 3.38483E-5 2.78123E-4 1.17933E-3 1.30517E-3 1.67607E-5
-9999 -9999 -9999 -9999 -9999 0E0 0E0 0E0 0E0 0E0 0E0 0E0 0E0 0E0 0E0 0E0 0E0 0E0 0E0 0E0 0E0 0E0 0E0 0E0 0E0 0E0 5.66426E-4 7.22904E-4 7.05437E-4 6.46008E-4 7.66545E-4 4.08179E-4 5.53377E-4 2.21409E-4 1.52361E-4 1.17778E-4 1.2821E-4 7.85123E-5 1.27714E-4 2.17529E-4 5.67674E-4 1.52929E-5 4.43215E-7 3.07786E-6 3.42299E-7 7.59534E-6 7.75369E-4 3.65092E-5 4.42681E-4 1.02855E-4 4.19647E-6 7.94255E-6 1.71415E-5 2.62599E-5 3.37395E-5 4.11825E-5 1.04193E-5 4.66527E-6 2.66692E-5 7.65576E-6 8.11318E-4 8.5783E-4 4.12411E-5 2.69959E-5 2.48847E-5 1.23503E-3 3.45819E-4 3.78988E-4 2.60697E-4 4.15536E-5
-9999 -9999 -9999 -9999 -9999 0E0 0E0 0E0 0E0 0E0 0E0 0E0 0E0 0E0 0E0 0E0 0E0 0E0 0E0 0E0 0E0 0E0 0E0 0E0 0E0 5.2183E-4 7.27138E-4 9.62155E-4 8.23291E-4 7.95397E-4 5.92297E-4 8.56592E-4 2.16462E-4 5.21781E-4 3.94147E-4 2.00542E-4 7.3691E-5 8.28121E-5 9.84936E-5 3.96665E-5 2.10918E-5 8.02824E-5 2.23429E-5 3.43939E-5 1.20059E-6 1.32162E-5 2.14228E-4 3.54057E-5 2.8494E-5 2.41539E-5 4.62127E-5 5.97247E-5 6.17211E-5 4.15037E-5 8.24679E-5 8.12821E-5 1.80779E-3 1.6814E-5 1.80457E-5 1.48266E-5 3.94655E-5 2.6097E-5 1.42343E-5 1.12411E-5 1.16654E-5 5.28224E-4 2.87638E-4 1.03921E-3 1.59696E-3 1.01584E-5
-9999 -9999 -9999 -9999 -9999 0E0 0E0 0E0 0E0 0E0 0E0 0E0 0E0 0E0 0E0 0E0 0E0 0E0 0E0 0E0 0E0 0E0 0E0 0E0 0E0 1.95294E-4 7.32116E-4 6.27522E-4 7.50985E-4 3.68246E-4 5.55468E-4 8.09209E-4 5.19129E-4 2.99238E-4 3.101E-4 3.24789E-4 2.21565E-4 2.31945E-4 1.41594E-4 1.21031E-4 2.40081E-4 1.32736E-5 1.53068E-4 1.03276E-4 2.2621E-6 2.01339E-6 3.87437E-4 7.09842E-5 1.71468E-4 7.81361E-5 7.09277E-5 8.72732E-5 1.01777E-4 5.61723E-5 1.04841E-4 1.09245E-4 4.53716E-5 1.14871E-3 1.05668E-5 4.39966E-5 1.5415E-3 2.38328E-4 1.14101E-3 1.87436E-5 2.18603E-5 1.0761E-3 5.95433E-4 4.63707E-4 5.4312E-4 1.5488E-6
-9999 -9999 -9999 -9999 -9999 0E0 0E0 0E0 0E0 0E0 0E0 0E0 0E0 0E0 0E0 0E0 0E0 0E0 0E0 0E0 0E0 0E0 0E0 0E0 0E0 0E0 3.05657E-4 6.19197E-4 7.05262E-4 4.42709E-4 7.11989E-4 3.71732E-4 2.12201E-4 3.86152E-4 2.99046E-4 3.05142E-4 2.03936E-4 2.36445E-4 4.55491E-4 2.33142E-4 1.44269E-4 5.72171E-4 1.11867E-4 3.45348E-4 3.70397E-5 2.95104E-4 3.30626E-4 2.76529E-5 8.39807E-5 7.99522E-5 7.0702E-5 3.77783E-5 1.49319E-4 2.59071E-4 8.74711E-5 4.20185E-5 3.43107E-5 4.65432E-5 1.3903E-3 2.2691E-3 1.37847E-4 9.42476E-6 1.62648E-4 6.14605E-6 1.15097E-3 6.42585E-4 9.92584E-4 1.63024E-4 3.08595E-5 3.03229E-6
-9999 -9999 -9999 -9999 -9999 0E0 0E0 0E0 0E0 0E0 0E0 0E0 0E0 0E0 0E0 0E0 0E0 0E0 0E0 0E0 0E0 0E0 0E0 0E0 0E0 7.02047E-5 4.12225E-4 3.73195E-4 3.64696E-4 5.76612E-4 6.45248E-4 4.92547E-4 4.82882E-4 5.6674E-4 3.60416E-4 3.70037E-4 2.90342E-4 5.76155E-4 2.99763E-4 4.18065E-4 3.06759E-4 4.10176E-4 1.55497E-4 1.5374E-3 6.7199E-4 1.43227E-4 2.83025E-5 7.00289E-4 1.70018E-4 7.95481E-5 9.64466E-5 3.80437E-5 7.00071E-5 5.27568E-5 3.7243E-5 7.83871E-5 9.12312E-5 1.01256E-3 8.04976E-4 2.09797E-6 7.12197E-6 1.56679E-5 8.91685E-5 4.68488E-6 1.04834E-4 3.12184E-5 2.71616E-4 1.40994E-4 1.75446E-4 1.16809E-4
-9999 -9999 -9999 -9999 -9999 0E0 0E0 0E0 0E0 0E0 0E0 0E0 0E0 0E0 0E0 0E0 0E0 0E0 0E0 0E0 0E0 0E0 0E0 0E0 0E0 0E0 2.41231E-4 4.10725E-4 3.10469E-4 6.34428E-4 9.43775E-4 6.55241E-4 3.79267E-4 2.5138E-4 4.03669E-4 4.27005E-4 9.16865E-5 2.47573E-4 2.57717E-4 3.83541E-4 2.37337E-4 8.93699E-4 2.49483E-3 8.45487E-4 8.1972E-4 4.06085E-5 3.68132E-5 1.65988E-3 9.57207E-5 1.36115E-4 1.56787E-3 2.50143E-5 3.67215E-5 2.38454E-5 3.53031E-5 4.92409E-5 2.28558E-3 1.35823E-3 1.09333E-3 5.19929E-5 5.78377E-6 5.67184E-6 3.7923E-6 8.57925E-6 1.57022E-4 4.08867E-4 1.0713E-3 5.56467E-5 1.18144E-4 1.12077E-5
