ENM/Final_Models/M_2_F_q_Set_1_EC/Gustavia_santanderiensis_7_Choco.asc
ncols         367
nrows         963
xllcorner     -78.6
yllcorner     0.65
cellsize      0.00833333333333323
NODATA_value  -9999
[rows 558 to 588 of 963, columns 207 to 275 of 367]
9.87793E-1 9.91992E-1 9.92773E-1 9.99061E-1 9.76823E-1 9.99796E-1 9.99994E-1 9.99959E-1 9.95084E-1 9.91823E-1 9.99675E-1 9.75744E-1 9.99679E-1 9.99197E-1 9.90908E-1 9.59957E-1 9.39666E-1 9.99566E-1 9.98417E-1 9.83343E-1 8.93448E-1 7.16561E-1 1.86735E-1 4.12325E-1 2.60238E-1 3.18191E-1 5.78871E-2 2.76069E-2 3.71586E-3 1.25704E-3 6.6703E-3 9.56829E-3 1.11547E-2 6.21546E-3 9.04787E-3 1.28663E-3 2.61276E-4 3.55974E-4 2.15854E-4 1.22911E-4 5.0615E-5 3.29796E-4 2.1386E-5 1.61243E-3 1.02774E-3 2.43507E-3 2.51876E-3 1.19182E-3 1.85192E-3 3.5069E-3 -9999 -9999 -9999 -9999 -9999 -9999 -9999 -9999 -9999 -9999 -9999 -9999 -9999 -9999 -9999 -9999 -9999 -9999 -9999
9.8489E-1 9.81693E-1 9.93015E-1 9.9803E-1 9.88893E-1 9.9833E-1 9.97398E-1 9.99834E-1 9.99914E-1 9.99776E-1 9.9311E-1 9.99951E-1 9.999E-1 9.99428E-1 9.94717E-1 9.98288E-1 9.99941E-1 9.99975E-1 9.97107E-1 9.07562E-1 9.58504E-1 5.11188E-1 4.28456E-2 5.54228E-2 1.02158E-1 1.03765E-1 4.89559E-2 5.0014E-2 6.96646E-3 1.16283E-3 1.50032E-4 1.73567E-3 2.79612E-3 1.4079E-3 1.41993E-3 1.03463E-3 1.48206E-4 4.6982E-5 4.05158E-5 6.89742E-5 4.83662E-5 2.51058E-4 1.69597E-5 1.43452E-3 1.94633E-3 3.45255E-3 1.0901E-3 2.22248E-3 2.70904E-3 8.0144E-3 -9999 -9999 -9999 -9999 -9999 -9999 -9999 -9999 -9999 -9999 -9999 -9999 -9999 -9999 -9999 -9999 -9999 -9999 -9999
9.8246E-1 9.84257E-1 9.93761E-1 9.84745E-1 9.54583E-1 9.13608E-1 9.77498E-1 9.77114E-1 9.89552E-1 9.97773E-1 9.92807E-1 9.93037E-1 9.95716E-1 9.81941E-1 9.76587E-1 9.99312E-1 9.88501E-1 9.90539E-1 9.72946E-1 9.81128E-1 8.87471E-1 6.1494E-1 9.23448E-2 6.4289E-2 2.74045E-2 2.11043E-2 1.71428E-2 1.86241E-2 1.4549E-2 1.28983E-2 7.1002E-3 1.63613E-4 4.13449E-4 1.93752E-4 6.57562E-4 5.91201E-4 8.98856E-4 1.94154E-4 1.0247E-4 7.99871E-5 1.54195E-4 1.10627E-4 6.88835E-4 1.15783E-3 1.6632E-3 2.80869E-3 3.12898E-3 5.83566E-3 3.43921E-3 2.28416E-3 -9999 -9999 -9999 -9999 -9999 -9999 -9999 -9999 -9999 -9999 -9999 -9999 -9999 -9999 -9999 -9999 -9999 -9999 -9999
9.98287E-1 9.97776E-1 9.9002E-1 7.37215E-1 4.57674E-1 7.99609E-1 9.99994E-1 9.99684E-1 9.93177E-1 9.93965E-1 9.97359E-1 9.99866E-1 9.8547E-1 8.48518E-1 8.94458E-1 9.46083E-1 9.73257E-1 9.83427E-1 9.83262E-1 9.75632E-1 9.59094E-1 9.33174E-1 5.44015E-1 2.36013E-1 1.26957E-1 3.48338E-2 1.37061E-2 3.48717E-3 3.4787E-3 2.02902E-2 7.92975E-3 7.40755E-3 5.75324E-4 3.1288E-4 1.98166E-4 4.82442E-4 6.3859E-4 5.37408E-4 4.61915E-4 4.38664E-4 6.17438E-4 1.55906E-3 2.8162E-4 9.85246E-4 3.76618E-3 3.27907E-3 3.0783E-3 4.08214E-3 1.52296E-2 1.8813E-3 -9999 -9999 -9999 -9999 -9999 -9999 -9999 -9999 -9999 -9999 -9999 -9999 -9999 -9999 -9999 -9999 -9999 -9999 -9999
9.80021E-1 9.64818E-1 9.98718E-1 9.98772E-1 8.41486E-1 7.17264E-1 9.94848E-1 9.69511E-1 9.62604E-1 9.52858E-1 9.99995E-1 9.99988E-1 9.69395E-1 9.76238E-1 9.47446E-1 9.17833E-1 9.94847E-1 9.82328E-1 9.57873E-1 7.84885E-1 7.44014E-1 6.51803E-1 7.04134E-1 5.00295E-1 3.53187E-1 4.95931E-2 1.86965E-2 7.32947E-2 1.11587E-2 4.82878E-3 2.30754E-2 3.28237E-2 1.77057E-2 5.3953E-4 5.22642E-5 1.74911E-4 9.78337E-4 3.66336E-4 2.24716E-4 9.85649E-4 2.39133E-4 8.26488E-4 1.44804E-4 5.9291E-4 1.99819E-3 5.6052E-4 9.79168E-4 1.82631E-3 8.8281E-3 1.04149E-3 2.08305E-3 -9999 -9999 -9999 -9999 -9999 -9999 -9999 -9999 -9999 -9999 -9999 -9999 -9999 -9999 -9999 -9999 -9999 -9999
9.91901E-1 9.91588E-1 9.96527E-1 9.82547E-1 9.83681E-1 9.92724E-1 9.99003E-1 9.99347E-1 9.99733E-1 9.87027E-1 9.9806E-1 9.99954E-1 9.99376E-1 9.92842E-1 9.99139E-1 9.92122E-1 9.05695E-1 9.56057E-1 9.5842E-1 4.82405E-1 3.05462E-1 1.78165E-1 2.55393E-1 2.73102E-1 1.82887E-1 3.30589E-2 1.03341E-1 5.37116E-2 2.30339E-1 3.18615E-3 9.62034E-3 4.03012E-3 1.005E-3 5.7531E-4 1.33718E-4 1.03121E-4 1.11708E-3 1.53766E-3 9.00897E-4 1.36853E-3 1.6501E-3 3.69027E-4 1.8811E-4 9.72177E-4 7.26137E-4 9.83189E-4 5.21214E-3 3.12185E-3 7.1852E-3 3.16759E-4 2.96884E-3 -9999 -9999 -9999 -9999 -9999 -9999 -9999 -9999 -9999 -9999 -9999 -9999 -9999 -9999 -9999 -9999 -9999 -9999
9.97179E-1 9.94362E-1 9.90954E-1 9.85925E-1 9.94875E-1 9.63715E-1 9.92681E-1 9.86837E-1 9.98767E-1 9.71411E-1 9.90538E-1 9.97193E-1 9.96951E-1 9.78459E-1 9.99259E-1 9.98492E-1 9.28315E-1 8.67706E-1 8.62599E-1 9.08503E-1 7.36501E-1 9.57077E-2 5.76501E-2 9.98962E-2 8.28521E-2 4.90329E-2 2.67332E-1 5.4871E-2 6.41324E-2 8.03912E-4 2.14931E-3 1.25161E-3 1.71932E-4 1.16813E-4 9.74636E-5 2.87466E-4 1.19533E-3 9.94783E-4 3.18467E-3 8.93572E-3 1.37571E-3 1.53086E-3 9.89928E-4 1.38097E-3 1.79606E-3 2.17452E-3 2.91571E-3 4.05389E-3 1.06416E-2 8.52135E-4 7.53613E-3 -9999 -9999 -9999 -9999 -9999 -9999 -9999 -9999 -9999 -9999 -9999 -9999 -9999 -9999 -9999 -9999 -9999 -9999
9.946E-1 9.94558E-1 9.95326E-1 9.80859E-1 9.83578E-1 9.82473E-1 9.90138E-1 9.99137E-1 9.98244E-1 8.42209E-1 8.30126E-1 8.59015E-1 8.86183E-1 8.9834E-1 9.66041E-1 9.85315E-1 9.51029E-1 9.55877E-1 9.22457E-1 9.37703E-1 7.9477E-1 1.51276E-1 1.20574E-1 1.25201E-1 2.05188E-1 1.56876E-1 2.54313E-1 6.36036E-2 1.54312E-2 1.1189E-3 1.31694E-3 2.36981E-4 7.8201E-5 1.00549E-4 5.64263E-4 8.28331E-4 1.32588E-3 1.2668E-3 1.35127E-3 2.28383E-3 1.90867E-3 3.37553E-4 6.38608E-5 1.76889E-3 2.17979E-3 2.11561E-3 2.80583E-3 2.15641E-2 1.0737E-3 4.3843E-3 5.26478E-3 -9999 -9999 -9999 -9999 -9999 -9999 -9999 -9999 -9999 -9999 -9999 -9999 -9999 -9999 -9999 -9999 -9999 -9999
9.91606E-1 9.99347E-1 9.99273E-1 9.88824E-1 9.81543E-1 9.87931E-1 9.33312E-1 9.12511E-1 9.15556E-1 7.72134E-1 8.15017E-1 8.39005E-1 8.16165E-1 8.44409E-1 8.58359E-1 9.83779E-1 9.87801E-1 9.871E-1 7.94914E-1 8.88509E-1 8.52418E-1 7.41207E-1 2.50294E-1 2.45451E-1 7.32416E-1 1.69506E-2 3.46477E-2 2.51524E-2 8.34325E-3 4.70415E-3 1.15678E-3 1.9661E-3 5.99875E-4 5.55072E-4 6.82484E-4 2.26747E-3 9.7007E-4 3.80048E-3 4.20436E-3 5.59368E-3 2.81454E-3 3.28622E-4 1.68553E-3 2.48365E-3 2.58984E-3 1.98801E-3 2.22487E-2 3.87041E-3 3.64379E-3 1.31261E-2 1.3183E-2 -9999 -9999 -9999 -9999 -9999 -9999 -9999 -9999 -9999 -9999 -9999 -9999 -9999 -9999 -9999 -9999 -9999 -9999
9.86154E-1 9.93236E-1 9.95617E-1 9.97015E-1 9.91109E-1 8.9085E-1 9.88719E-1 9.17763E-1 9.9745E-1 9.99371E-1 9.17681E-1 9.51366E-1 9.41175E-1 9.57227E-1 9.71347E-1 9.74043E-1 9.82059E-1 8.44677E-1 8.70526E-1 8.57918E-1 8.37034E-1 7.71187E-1 6.9196E-1 4.54082E-1 6.64319E-1 2.16001E-1 3.88184E-2 4.00196E-2 3.19335E-3 3.54552E-3 2.7826E-3 1.23302E-3 6.95683E-4 2.90365E-3 9.43103E-3 6.0766E-3 5.42432E-3 1.04013E-2 8.19234E-3 7.07418E-3 1.69872E-3 1.23311E-3 2.17439E-3 2.10997E-3 9.3507E-3 3.73274E-2 6.26768E-3 6.9475E-4 1.07286E-2 1.69071E-2 3.7842E-2 -9999 -9999 -9999 -9999 -9999 -9999 -9999 -9999 -9999 -9999 -9999 -9999 -9999 -9999 -9999 -9999 -9999 -9999
9.9725E-1 9.98177E-1 9.96808E-1 9.9946E-1 9.95992E-1 9.77353E-1 9.85007E-1 9.39328E-1 9.98947E-1 9.99889E-1 8.82829E-1 7.83996E-1 8.75925E-1 9.46015E-1 9.87103E-1 9.69688E-1 9.34783E-1 9.03404E-1 7.12223E-1 8.17748E-1 7.21845E-1 7.70853E-1 8.94469E-1 2.52454E-2 2.99501E-1 2.04191E-1 5.27137E-2 1.31477E-2 5.89635E-3 1.17679E-2 7.11847E-3 2.44462E-3 6.39979E-3 1.02513E-2 1.41987E-2 5.74875E-3 1.02103E-2 3.6312E-2 6.70063E-3 4.03177E-3 6.2477E-4 1.28969E-3 1.99561E-3 2.51396E-3 3.28373E-3 1.77173E-3 8.22158E-4 9.1722E-3 1.62589E-2 4.99749E-2 5.28195E-2 -9999 -9999 -9999 -9999 -9999 -9999 -9999 -9999 -9999 -9999 -9999 -9999 -9999 -9999 -9999 -9999 -9999 -9999
9.97681E-1 9.99967E-1 9.98416E-1 9.99423E-1 9.99707E-1 9.91395E-1 9.79635E-1 8.01118E-1 7.33755E-1 9.98962E-1 9.80009E-1 9.92331E-1 9.8305E-1 9.68761E-1 9.40768E-1 9.32733E-1 9.08053E-1 8.03036E-1 8.4739E-1 8.75866E-1 6.21145E-1 3.06723E-1 6.40916E-1 1.38699E-1 8.8886E-2 6.17585E-1 4.93342E-2 1.35205E-2 7.82517E-3 1.75747E-2 2.72279E-2 1.20496E-2 1.82032E-2 3.88055E-2 1.67855E-2 1.70508E-2 2.40779E-2 1.13794E-2 2.56108E-3 1.50916E-3 1.24502E-4 2.22933E-3 3.19739E-3 9.15471E-3 1.19379E-3 4.59059E-3 1.63469E-2 4.03348E-2 5.01542E-2 8.23336E-2 -9999 -9999 -9999 -9999 -9999 -9999 -9999 -9999 -9999 -9999 -9999 -9999 -9999 -9999 -9999 -9999 -9999 -9999 -9999
9.95355E-1 9.99013E-1 9.99594E-1 9.98425E-1 9.98584E-1 9.48374E-1 9.84378E-1 8.37962E-1 8.91985E-1 9.79054E-1 9.57674E-1 9.86669E-1 9.79613E-1 9.78169E-1 8.34065E-1 9.11314E-1 8.93447E-1 7.20751E-1 6.0199E-1 7.03494E-1 5.46446E-1 1.83001E-1 1.22982E-1 8.50315E-2 1.77525E-2 2.17931E-1 4.42615E-2 4.38189E-2 5.67059E-3 1.49586E-2 3.96008E-2 2.43801E-2 1.73052E-2 2.25522E-2 2.2296E-2 5.31093E-2 1.95036E-2 1.10199E-2 1.68881E-3 1.126E-3 5.97492E-4 6.0279E-3 8.66654E-3 1.84258E-3 1.37964E-3 2.44257E-2 4.80953E-2 6.81223E-2 2.34308E-2 8.93762E-3 -9999 -9999 -9999 -9999 -9999 -9999 -9999 -9999 -9999 -9999 -9999 -9999 -9999 -9999 -9999 -9999 -9999 -9999 -9999
9.94914E-1 9.98486E-1 9.9832E-1 9.95512E-1 9.78079E-1 9.66624E-1 9.51734E-1 8.71533E-1 8.83864E-1 9.8118E-1 9.98273E-1 9.91553E-1 9.81209E-1 9.77617E-1 8.8885E-1 8.16472E-1 6.66876E-1 3.56418E-1 3.8423E-1 2.19058E-1 1.75835E-1 1.05463E-1 7.32448E-2 1.41821E-1 6.99462E-2 6.72893E-2 6.38114E-2 5.10639E-2 4.9645E-2 2.43047E-2 3.62625E-2 1.33123E-2 9.84376E-3 1.56795E-2 1.53817E-2 6.72595E-3 1.0078E-2 2.12716E-3 1.94029E-3 2.83789E-3 2.43501E-3 8.03334E-3 3.24783E-3 7.82617E-4 1.5192E-2 2.72588E-2 9.45492E-3 8.40938E-3 8.79342E-3 -9999 -9999 -9999 -9999 -9999 -9999 -9999 -9999 -9999 -9999 -9999 -9999 -9999 -9999 -9999 -9999 -9999 -9999 -9999 -9999
9.9864E-1 9.9759E-1 9.92689E-1 9.92764E-1 9.59703E-1 9.72499E-1 9.84071E-1 9.19222E-1 8.91435E-1 7.30364E-1 9.01259E-1 9.93057E-1 9.5682E-1 8.48189E-1 6.41082E-1 4.90155E-1 8.0077E-2 9.89614E-2 1.2064E-1 7.22404E-2 6.41195E-2 7.76986E-2 1.00818E-1 2.03534E-2 1.91601E-2 2.47067E-2 1.99395E-1 4.31594E-1 4.03704E-1 4.69804E-2 7.14106E-2 3.91241E-2 3.95593E-2 3.66769E-2 1.08731E-2 9.22555E-3 3.2883E-3 3.05154E-3 6.16232E-4 1.21324E-3 5.00432E-3 2.55437E-3 4.09068E-3 2.14407E-2 4.6206E-3 1.7387E-2 1.71729E-2 1.23296E-2 -9999 -9999 -9999 -9999 -9999 -9999 -9999 -9999 -9999 -9999 -9999 -9999 -9999 -9999 -9999 -9999 -9999 -9999 -9999 -9999 -9999
9.77912E-1 9.98076E-1 9.98877E-1 9.87938E-1 9.65173E-1 9.60227E-1 9.68803E-1 9.7134E-1 8.18542E-1 6.89667E-1 9.07206E-1 9.54741E-1 8.93311E-1 5.02275E-1 2.85881E-1 1.46359E-1 4.95581E-2 3.876E-2 7.34003E-2 1.31428E-1 1.26243E-1 9.72548E-2 5.24993E-2 1.54588E-2 1.73298E-2 1.8563E-2 2.04734E-1 4.74473E-1 3.64464E-2 9.2221E-2 1.87255E-2 1.99404E-2 5.70727E-2 1.42342E-2 8.8733E-3 4.21161E-3 5.56469E-3 2.02973E-3 1.14041E-3 3.30043E-3 1.93519E-3 2.86048E-2 5.66694E-3 1.58928E-2 9.76865E-3 1.29429E-2 1.15333E-2 1.48734E-2 2.52529E-2 -9999 -9999 -9999 -9999 -9999 -9999 -9999 -9999 -9999 -9999 -9999 -9999 -9999 -9999 -9999 -9999 -9999 -9999 -9999 -9999
9.87411E-1 9.98338E-1 9.92953E-1 9.86808E-1 9.84555E-1 9.682E-1 9.92048E-1 9.36788E-1 7.94533E-1 3.55884E-1 2.96056E-1 3.62506E-1 3.78988E-1 2.17965E-1 6.85367E-2 4.94078E-2 2.97433E-2 2.44514E-2 2.60216E-2 7.01117E-2 3.17205E-1 1.64736E-1 3.50309E-2 9.58977E-3 1.18684E-2 2.38969E-2 5.29035E-1 5.78212E-1 1.17096E-1 9.23042E-2 5.83671E-2 1.11316E-1 4.98828E-2 4.13583E-2 7.02434E-2 1.5831E-2 3.45733E-2 5.28948E-3 2.26676E-3 4.06547E-3 2.04117E-3 1.70904E-2 1.55106E-2 1.36738E-2 1.09931E-2 3.03524E-2 3.19001E-2 2.26394E-2 2.40942E-2 -9999 -9999 -9999 -9999 -9999 -9999 -9999 -9999 -9999 -9999 -9999 -9999 -9999 -9999 -9999 -9999 -9999 -9999 -9999 -9999
9.88515E-1 9.99212E-1 9.94623E-1 9.94129E-1 9.80146E-1 9.95279E-1 9.45949E-1 8.00498E-1 6.45695E-1 2.08987E-1 1.94002E-1 1.27739E-1 1.55897E-1 5.10287E-2 2.69873E-2 1.86892E-2 1.69414E-2 5.58946E-2 4.29846E-2 7.94045E-2 2.26486E-1 1.68732E-1 2.87112E-2 2.04341E-2 3.37662E-3 5.5376E-3 5.25983E-3 6.3872E-2 2.61133E-1 9.57468E-2 3.56983E-2 1.27548E-1 2.71629E-2 1.25397E-2 2.41154E-2 4.31665E-2 7.15937E-3 2.85871E-2 9.29981E-3 1.31442E-2 9.89523E-3 1.06565E-2 9.7582E-3 1.10179E-2 8.01431E-3 2.79711E-2 2.60202E-2 5.06731E-3 -9999 -9999 -9999 -9999 -9999 -9999 -9999 -9999 -9999 -9999 -9999 -9999 -9999 -9999 -9999 -9999 -9999 -9999 -9999 -9999 -9999
9.8883E-1 9.98638E-1 9.83939E-1 9.66216E-1 9.92221E-1 9.86159E-1 9.94665E-1 9.076E-1 5.83347E-1 5.19412E-1 2.40716E-1 2.16077E-1 1.44783E-1 6.07999E-2 5.16138E-2 2.17657E-2 2.79774E-2 5.82861E-2 3.74433E-2 5.72581E-2 9.3753E-2 7.364E-2 1.47226E-2 8.52207E-3 5.79944E-3 1.8407E-2 1.43747E-2 3.26178E-2 1.10819E-1 1.93149E-2 7.17495E-3 1.66616E-2 8.24133E-3 3.11011E-3 4.69655E-3 2.04782E-3 2.43363E-3 2.77398E-2 6.9159E-3 7.58366E-3 1.02107E-2 1.13512E-2 9.96785E-3 9.49658E-3 1.24344E-2 5.59568E-3 5.40552E-3 1.17168E-2 -9999 -9999 -9999 -9999 -9999 -9999 -9999 -9999 -9999 -9999 -9999 -9999 -9999 -9999 -9999 -9999 -9999 -9999 -9999 -9999 -9999
9.48041E-1 9.70555E-1 9.79937E-1 9.60812E-1 9.84552E-1 9.67195E-1 9.87023E-1 9.97569E-1 9.99148E-1 8.87053E-1 2.28515E-1 1.24367E-1 1.53831E-1 2.33168E-2 3.47167E-2 1.74923E-2 1.08281E-1 3.20108E-2 5.8775E-2 3.9524E-2 4.75245E-2 1.04176E-2 5.72786E-3 4.55544E-3 1.25893E-2 1.80911E-2 3.98719E-2 3.66873E-2 1.98031E-2 8.1159E-3 4.71195E-3 2.25191E-3 3.29842E-3 2.75778E-3 5.6087E-3 2.54185E-3 3.87394E-3 7.17388E-3 1.33506E-2 8.87735E-3 8.2442E-3 1.30732E-2 2.02596E-2 1.14928E-2 6.83348E-3 3.62744E-2 1.04594E-2 9.85068E-3 -9999 -9999 -9999 -9999 -9999 -9999 -9999 -9999 -9999 -9999 -9999 -9999 -9999 -9999 -9999 -9999 -9999 -9999 -9999 -9999 -9999
9.32624E-1 9.71492E-1 8.9627E-1 9.3047E-1 7.98429E-1 9.46583E-1 9.22588E-1 9.02616E-1 9.55671E-1 9.49063E-1 9.29484E-1 4.51776E-1 8.10745E-2 1.51616E-1 2.14175E-1 4.32656E-2 1.42914E-2 9.74174E-3 3.31401E-2 4.08152E-2 9.93379E-3 6.38257E-3 6.87411E-3 4.28408E-3 1.19261E-2 4.61486E-3 3.13418E-3 2.46024E-3 3.53575E-3 1.71642E-3 1.14427E-3 1.25939E-3 1.01095E-2 9.69387E-3 7.89047E-3 3.68552E-2 1.84172E-2 1.87241E-3 1.52096E-3 1.95948E-3 1.95958E-3 1.76257E-3 1.02447E-2 1.04522E-2 1.51675E-2 7.26139E-2 3.22677E-2 3.04398E-2 9.64318E-3 -9999 -9999 -9999 -9999 -9999 -9999 -9999 -9999 -9999 -9999 -9999 -9999 -9999 -9999 -9999 -9999 -9999 -9999 -9999 -9999
9.74678E-1 8.80021E-1 9.73127E-1 8.24197E-1 7.89867E-1 7.83215E-1 6.8805E-1 6.79544E-1 9.82637E-1 9.99363E-1 9.47582E-1 6.43211E-1 3.57199E-1 2.08986E-1 1.42183E-1 9.86274E-2 1.58102E-2 6.48086E-3 8.78705E-3 3.51498E-3 9.17052E-3 1.54452E-2 2.0939E-2 2.72619E-2 1.07722E-2 5.09271E-3 1.99599E-3 3.13289E-3 3.43408E-3 2.8015E-3 4.96837E-3 1.54339E-2 8.30226E-3 3.12202E-3 6.27537E-3 4.67766E-3 4.40992E-3 2.4098E-3 4.05284E-3 8.05564E-3 8.83634E-3 5.59209E-3 2.52033E-2 4.03075E-2 2.63516E-2 3.42519E-2 2.89639E-2 3.26385E-2 1.00888E-2 7.2024E-3 -9999 -9999 -9999 -9999 -9999 -9999 -9999 -9999 -9999 -9999 -9999 -9999 -9999 -9999 -9999 -9999 -9999 -9999 -9999
9.99008E-1 8.46673E-1 8.73434E-1 8.72741E-1 4.90581E-1 3.51646E-1 2.37966E-1 4.54225E-1 8.12875E-1 9.47709E-1 6.12968E-1 3.41471E-1 4.51725E-1 4.9244E-1 2.6014E-1 7.49029E-2 7.21771E-2 2.23562E-2 1.3954E-2 6.26357E-3 2.92283E-2 4.12303E-2 4.11343E-2 2.33778E-2 8.99417E-3 4.91046E-3 1.46358E-2 6.58434E-3 5.38E-3 1.89854E-2 7.0416E-3 1.0961E-3 1.3188E-2 1.03136E-2 1.32726E-2 1.05539E-2 1.71263E-3 1.27053E-3 1.11577E-3 3.92018E-3 9.58255E-3 1.40827E-2 5.47182E-3 1.34253E-3 2.93519E-2 7.00247E-3 2.13322E-3 2.1979E-3 3.3468E-3 1.51854E-3 -9999 -9999 -9999 -9999 -9999 -9999 -9999 -9999 -9999 -9999 -9999 -9999 -9999 -9999 -9999 -9999 -9999 -9999 -9999
8.70103E-1 8.72839E-1 9.03371E-1 8.81476E-1 7.85694E-1 2.75088E-1 1.42385E-1 2.57857E-1 7.58062E-1 8.67927E-1 8.8976E-1 3.70595E-2 6.49582E-1 4.02668E-1 2.65611E-1 6.64178E-2 1.26314E-1 5.64102E-2 1.13313E-2 9.09001E-3 4.66408E-2 2.01972E-2 1.70553E-2 1.53661E-2 3.1729E-3 6.69268E-3 1.65827E-2 6.07771E-3 6.72642E-3 5.60591E-3 1.34997E-2 4.52903E-3 9.08034E-3 2.82398E-2 2.83378E-2 1.63104E-2 6.00333E-3 6.32704E-3 3.16097E-3 4.0457E-2 5.29638E-2 1.64788E-2 5.45057E-3 1.71516E-3 2.49149E-3 2.76597E-3 4.86418E-3 4.32153E-3 5.58684E-3 3.47235E-3 3.29669E-3 -9999 -9999 -9999 -9999 -9999 -9999 -9999 -9999 -9999 -9999 -9999 -9999 -9999 -9999 -9999 -9999 -9999 -9999
8.09126E-1 8.34607E-1 7.06418E-1 6.49263E-1 8.50922E-1 4.40453E-1 1.86481E-1 1.59479E-1 6.41626E-1 7.13064E-1 9.54774E-1 7.57091E-2 9.79186E-2 3.60585E-1 4.59342E-1 2.61704E-1 1.66604E-1 6.98505E-2 2.92881E-2 5.73035E-2 5.08009E-2 1.54142E-2 9.98145E-3 5.38673E-3 1.33818E-3 4.24028E-3 1.2926E-2 4.12063E-3 7.80965E-3 4.74647E-2 3.15074E-2 8.94345E-3 3.38995E-2 1.24278E-2 1.4334E-2 3.56692E-3 3.33508E-3 5.85939E-3 1.03157E-2 6.8211E-3 7.64453E-3 5.518E-3 1.57822E-2 2.79788E-3 5.35333E-3 8.86009E-3 6.46299E-3 8.48411E-3 8.56772E-3 3.1563E-3 2.46304E-3 -9999 -9999 -9999 -9999 -9999 -9999 -9999 -9999 -9999 -9999 -9999 -9999 -9999 -9999 -9999 -9999 -9999 -9999
7.2601E-1 6.49023E-1 5.60712E-1 5.59674E-1 6.37096E-1 4.70703E-1 2.70244E-1 1.17517E-1 3.808E-1 3.67252E-1 8.72014E-1 1.20632E-1 2.85977E-2 3.18039E-1 2.62841E-1 2.19305E-1 1.17365E-1 3.79864E-2 5.1695E-2 8.70585E-2 4.56674E-2 6.96986E-3 5.30963E-3 4.04245E-3 3.07302E-3 2.90299E-3 4.21157E-3 1.09123E-2 5.65837E-3 2.11669E-2 1.44866E-2 8.30669E-3 5.48286E-3 9.76618E-3 1.12893E-2 5.29545E-3 3.92469E-3 3.36889E-3 8.67328E-3 2.08209E-2 1.487E-2 9.49791E-3 1.51954E-2 1.5381E-2 1.68208E-2 9.61146E-3 1.20065E-2 1.05809E-2 1.26586E-2 4.56834E-3 8.71099E-3 7.86593E-3 -9999 -9999 -9999 -9999 -9999 -9999 -9999 -9999 -9999 -9999 -9999 -9999 -9999 -9999 -9999 -9999 -9999
3.42477E-1 1.70416E-1 6.83349E-2 7.77417E-2 1.79452E-1 2.49798E-1 4.77087E-1 2.27123E-1 1.79956E-1 2.87873E-1 7.47244E-1 1.88005E-1 3.03972E-2 1.93722E-2 1.53479E-1 1.62025E-1 2.05485E-1 1.33628E-2 7.08305E-3 2.65621E-2 1.21231E-2 6.33322E-3 4.72157E-3 3.57255E-3 8.93438E-3 1.45528E-2 2.11923E-2 1.36162E-2 1.23597E-2 3.54771E-2 1.02798E-2 2.43765E-3 2.22362E-2 9.76432E-3 4.465E-3 4.4963E-3 4.52099E-3 4.12555E-3 8.62017E-3 1.37746E-2 8.16609E-3 1.97806E-2 1.82536E-3 4.19158E-3 4.68718E-3 1.22592E-2 3.28718E-2 2.93697E-2 1.19328E-2 6.3156E-3 4.65024E-3 1.75009E-2 -9999 -9999 -9999 -9999 -9999 -9999 -9999 -9999 -9999 -9999 -9999 -9999 -9999 -9999 -9999 -9999 -9999
2.49224E-1 2.92235E-1 1.54004E-1 1.32533E-1 4.59596E-1 2.07934E-1 1.64233E-1 2.37564E-1 1.74405E-1 3.56845E-1 6.90131E-1 6.06858E-1 4.99511E-2 6.90317E-2 7.10516E-3 2.55206E-2 1.36651E-2 7.34535E-3 2.26367E-3 7.9373E-3 2.69843E-3 1.28939E-3 2.45508E-3 2.01513E-2 1.22175E-2 2.28927E-3 1.10778E-2 2.48711E-2 4.05192E-2 3.16002E-2 3.70437E-2 7.72131E-3 2.50775E-2 1.10231E-2 1.39044E-2 1.00615E-2 2.4188E-3 1.80026E-2 2.56183E-2 2.58053E-2 2.87561E-2 8.13987E-3 1.75483E-3 3.98382E-3 2.10123E-3 1.7889E-2 1.48414E-2 1.63753E-2 8.51749E-3 1.38096E-2 7.77077E-3 -9999 -9999 -9999 -9999 -9999 -9999 -9999 -9999 -9999 -9999 -9999 -9999 -9999 -9999 -9999 -9999 -9999 -9999
4.47827E-1 3.53746E-1 2.49197E-1 2.17229E-1 2.21724E-1 2.35791E-1 1.62601E-1 1.71109E-1 1.6823E-1 4.6818E-1 6.9704E-1 2.44152E-1 3.45683E-2 9.01367E-2 1.78344E-1 1.15745E-2 4.28691E-2 8.08129E-3 6.22299E-3 9.43534E-3 2.46731E-3 1.79324E-2 6.66272E-3 2.1412E-2 2.03457E-2 5.43635E-3 1.55789E-2 2.28185E-2 2.38861E-2 1.58301E-2 8.03273E-3 1.37829E-2 2.59014E-2 6.77146E-3 2.60593E-3 1.33249E-2 8.84762E-3 1.74054E-2 2.8462E-2 1.40472E-2 4.29624E-2 1.49917E-2 1.7385E-2 9.52029E-3 3.2552E-3 6.98958E-3 3.05211E-2 7.53432E-3 2.44114E-2 2.12661E-2 3.85191E-3 -9999 -9999 -9999 -9999 -9999 -9999 -9999 -9999 -9999 -9999 -9999 -9999 -9999 -9999 -9999 -9999 -9999 -9999
3.46315E-1 2.37774E-1 9.70959E-2 1.2081E-1 1.52309E-1 1.29718E-1 1.07362E-1 1.18521E-1 1.83789E-1 3.95791E-1 8.482E-1 8.02715E-1 6.64555E-2 4.80272E-2 2.26275E-1 2.34071E-2 1.96302E-2 1.63139E-2 5.89815E-2 1.1866E-1 4.39165E-2 2.10507E-2 3.98354E-2 4.25483E-2 3.45316E-2 2.43312E-2 3.13183E-2 4.86929E-2 5.332E-2 2.44174E-2 1.55592E-2 2.55108E-2 1.12529E-2 2.92335E-2 3.38109E-2 2.99541E-2 1.90003E-2 4.21395E-2 5.43331E-2 3.2399E-2 2.53759E-2 3.33192E-2 3.1538E-2 1.865E-2 1.60125E-2 3.62127E-2 2.39942E-2 1.13417E-2 1.83212E-2 1.72945E-2 -9999 -9999 -9999 -9999 -9999 -9999 -9999 -9999 -9999 -9999 -9999 -9999 -9999 -9999 -9999 -9999 -9999 -9999 -9999
2.89496E-1 2.87214E-1 3.01138E-1 9.18435E-2 1.81559E-1 2.16653E-1 1.59284E-1 6.72932E-2 1.82639E-1 4.09186E-1 7.6059E-1 8.24177E-1 7.08106E-2 6.48848E-2 1.49529E-2 9.10379E-2 8.79785E-2 5.01181E-2 4.32416E-2 2.79948E-2 5.95776E-2 5.40316E-2 7.88065E-2 3.6931E-2 3.27073E-2 1.89969E-2 3.58756E-2 1.58261E-1 9.75395E-2 1.26728E-1 1.60729E-2 4.31666E-2 1.2279E-2 1.08089E-2 4.99689E-3 2.719E-3 2.88325E-3 3.85616E-2 2.26271E-2 2.87124E-2 7.42742E-3 2.66328E-2 2.25597E-2 2.20135E-2 7.34912E-2 5.19006E-2 2.21413E-2 5.88201E-3 2.74224E-3 -9999 -9999 -9999 -9999 -9999 -9999 -9999 -9999 -9999 -9999 -9999 -9999 -9999 -9999 -9999 -9999 -9999 -9999 -9999 -9999
