ENM/Final_Models/M_2_F_q_Set_1_EC/Gustavia_santanderiensis_9_Choco.asc
ncols         367
nrows         963
xllcorner     -78.6
yllcorner     0.65
cellsize      0.00833333333333323
NODATA_value  -9999
[rows 750 to 779 of 963, columns 0 to 66 of 367]
-9999 -9999 -9999 -9999 -9999 -9999 -9999 -9999 -9999 -9999 -9999 -9999 -9999 -9999 -9999 -9999 -9999 9.35368E-1 9.84325E-1 9.82573E-1 9.96149E-1 9.48253E-1 8.58921E-1 9.00993E-1 -9999 -9999 -9999 -9999 8.70368E-1 9.30654E-1 9.68239E-1 9.90805E-1 -9999 -9999 -9999 -9999 -9999 -9999 -9999 -9999 -9999 -9999 -9999 -9999 -9999 -9999 -9999 -9999 -9999 -9999 -9999 -9999 9.96143E-1 9.99232E-1 9.99917E-1 9.99882E-1 9.99924E-1 9.99945E-1 9.99808E-1 9.9999E-1 9.99971E-1 9.99982E-1 9.99984E-1 9.99995E-1 9.99994E-1 9.99995E-1 9.99997E-1
-9999 -9999 -9999 -9999 -9999 -9999 -9999 -9999 -9999 -9999 -9999 -9999 -9999 -9999 -9999 9.89985E-1 -9999 9.67402E-1 9.84352E-1 9.85958E-1 9.94644E-1 9.9499E-1 9.84717E-1 8.75706E-1 9.1445E-1 9.39842E-1 9.27083E-1 9.62689E-1 9.4106E-1 9.69169E-1 9.54218E-1 9.85702E-1 9.87654E-1 -9999 -9999 -9999 -9999 -9999 -9999 -9999 -9999 -9999 -9999 -9999 -9999 -9999 -9999 -9999 -9999 -9999 9.99467E-1 9.9965E-1 9.99651E-1 9.99873E-1 9.99948E-1 9.99914E-1 9.99566E-1 9.99914E-1 -9999 9.99868E-1 9.99995E-1 9.99994E-1 9.99979E-1 9.99998E-1 9.99996E-1 1E0 9.9999E-1
-9999 -9999 -9999 -9999 -9999 -9999 -9999 -9999 -9999 -9999 -9999 -9999 -9999 -9999 9.90029E-1 9.87735E-1 9.87604E-1 9.83933E-1 9.84766E-1 9.67819E-1 9.79443E-1 9.86303E-1 9.567E-1 9.56631E-1 9.48001E-1 9.27016E-1 9.84311E-1 9.44736E-1 9.4467E-1 9.48518E-1 9.33674E-1 9.79917E-1 9.88319E-1 -9999 -9999 -9999 -9999 -9999 9.9988E-1 -9999 -9999 -9999 -9999 -9999 -9999 -9999 -9999 -9999 -9999 9.99274E-1 9.99771E-1 9.99855E-1 9.99981E-1 9.9991E-1 9.99918E-1 9.99913E-1 9.99939E-1 9.9988E-1 9.99957E-1 9.99971E-1 9.99983E-1 9.99974E-1 9.9999E-1 9.99997E-1 1E0 1E0 9.99994E-1
-9999 -9999 -9999 -9999 -9999 -9999 -9999 -9999 -9999 -9999 -9999 -9999 -9999 9.93788E-1 9.93559E-1 9.85014E-1 9.88658E-1 9.87665E-1 9.68881E-1 9.60015E-1 9.22866E-1 9.44498E-1 9.59448E-1 9.83989E-1 9.6948E-1 9.64337E-1 9.62442E-1 9.77343E-1 9.7686E-1 9.55942E-1 9.39893E-1 -9999 -9999 -9999 -9999 9.99431E-1 9.995E-1 9.99889E-1 9.99819E-1 9.9981E-1 9.99621E-1 9.96094E-1 9.99658E-1 -9999 -9999 -9999 -9999 -9999 9.99878E-1 9.9991E-1 9.99931E-1 9.99896E-1 9.99852E-1 9.99962E-1 9.99783E-1 9.99536E-1 9.99909E-1 -9999 9.99671E-1 9.99892E-1 9.99972E-1 9.99994E-1 9.99996E-1 9.99996E-1 1E0 9.99998E-1 9.9997E-1
-9999 -9999 -9999 -9999 -9999 -9999 -9999 -9999 -9999 -9999 -9999 -9999 -9999 9.97301E-1 9.895E-1 9.97088E-1 9.9317E-1 9.9568E-1 9.96198E-1 9.86058E-1 9.6358E-1 9.45553E-1 9.37606E-1 9.60961E-1 9.49233E-1 9.67186E-1 9.71773E-1 9.82786E-1 9.49127E-1 9.56288E-1 9.67518E-1 9.89441E-1 -9999 -9999 9.99115E-1 9.99695E-1 9.99491E-1 9.99016E-1 9.97806E-1 9.98952E-1 9.97914E-1 9.99149E-1 9.98068E-1 9.98961E-1 9.99775E-1 9.99846E-1 9.99174E-1 9.99088E-1 9.99647E-1 9.9974E-1 9.99907E-1 9.99926E-1 9.99921E-1 9.9968E-1 9.99824E-1 9.99867E-1 9.99939E-1 9.99953E-1 9.99881E-1 9.99839E-1 9.99915E-1 9.99802E-1 9.99988E-1 1E0 9.99998E-1 1E0 9.99987E-1
-9999 -9999 -9999 -9999 -9999 -9999 -9999 -9999 -9999 -9999 -9999 -9999 9.69964E-1 9.86335E-1 9.94369E-1 9.91955E-1 9.74329E-1 9.90348E-1 9.80231E-1 9.79067E-1 9.88062E-1 9.82932E-1 9.8576E-1 9.67817E-1 9.56277E-1 9.57146E-1 9.53516E-1 9.75613E-1 9.6799E-1 9.85317E-1 9.74646E-1 9.90404E-1 9.90813E-1 -9999 9.99372E-1 9.98909E-1 9.99474E-1 9.97463E-1 9.88829E-1 9.88249E-1 9.95758E-1 9.98559E-1 9.98585E-1 9.99489E-1 9.99352E-1 9.99769E-1 9.99554E-1 9.97603E-1 9.9979E-1 9.99701E-1 9.99883E-1 9.99753E-1 9.99917E-1 9.99921E-1 9.99723E-1 9.99992E-1 9.99986E-1 9.99989E-1 9.99939E-1 9.99817E-1 9.99941E-1 9.99881E-1 9.99995E-1 1E0 9.99999E-1 9.99998E-1 9.99913E-1
-9999 -9999 -9999 -9999 -9999 -9999 -9999 -9999 -9999 -9999 -9999 9.61182E-1 9.88818E-1 9.97204E-1 9.92995E-1 9.94862E-1 9.87211E-1 9.89377E-1 9.7483E-1 9.86839E-1 9.94468E-1 9.93856E-1 9.74751E-1 9.68489E-1 9.89814E-1 9.69771E-1 8.93228E-1 9.14213E-1 8.97058E-1 9.45809E-1 9.90284E-1 9.94754E-1 9.98508E-1 9.98567E-1 9.99012E-1 9.97704E-1 9.9645E-1 9.80946E-1 9.69863E-1 9.91171E-1 9.77827E-1 9.9488E-1 9.99269E-1 9.99644E-1 9.9964E-1 9.99857E-1 9.9995E-1 9.99774E-1 9.99566E-1 9.99662E-1 9.99728E-1 9.99731E-1 9.99983E-1 9.99979E-1 9.99993E-1 9.99994E-1 9.99999E-1 9.99965E-1 9.9996E-1 9.99747E-1 9.99874E-1 9.99919E-1 9.99947E-1 9.99975E-1 9.99792E-1 9.99991E-1 9.99875E-1
-9999 -9999 -9999 -9999 -9999 -9999 -9999 -9999 -9999 -9999 -9999 9.86691E-1 9.89606E-1 9.89875E-1 9.96078E-1 9.90932E-1 9.89698E-1 9.86793E-1 9.76006E-1 9.60567E-1 9.95311E-1 9.97473E-1 9.77023E-1 9.79105E-1 9.61366E-1 9.62646E-1 9.48259E-1 9.57515E-1 8.84546E-1 9.2717E-1 9.88188E-1 9.97811E-1 9.98063E-1 9.97719E-1 9.96467E-1 9.99371E-1 9.97695E-1 9.97169E-1 9.96522E-1 9.99236E-1 9.99129E-1 9.9926E-1 9.99867E-1 9.98879E-1 9.9734E-1 9.98976E-1 9.99968E-1 9.99861E-1 9.99834E-1 9.99968E-1 9.99994E-1 9.99947E-1 9.99966E-1 9.9998E-1 9.99978E-1 9.9996E-1 9.99999E-1 9.99997E-1 9.99935E-1 9.99929E-1 9.9971E-1 9.99889E-1 9.99647E-1 9.99811E-1 9.99948E-1 9.99949E-1 9.99683E-1
-9999 -9999 -9999 -9999 -9999 -9999 -9999 -9999 -9999 -9999 9.93087E-1 9.99719E-1 9.95887E-1 9.96619E-1 9.95242E-1 9.97536E-1 9.90842E-1 9.97535E-1 9.8665E-1 9.4669E-1 9.78047E-1 9.87355E-1 9.53049E-1 9.62679E-1 9.48738E-1 9.70197E-1 9.50152E-1 9.67394E-1 9.48862E-1 9.90862E-1 9.95347E-1 9.98408E-1 9.99304E-1 9.99246E-1 9.98809E-1 9.98555E-1 9.93114E-1 9.99399E-1 9.99644E-1 9.99668E-1 9.99884E-1 9.99822E-1 9.99532E-1 9.99759E-1 9.99588E-1 9.99591E-1 9.99908E-1 9.9996E-1 9.99374E-1 9.99855E-1 9.99942E-1 9.99988E-1 9.99909E-1 9.99977E-1 9.99987E-1 9.99992E-1 9.99992E-1 9.99991E-1 9.99933E-1 9.99915E-1 9.99783E-1 9.99982E-1 9.99977E-1 9.9996E-1 9.99932E-1 9.99957E-1 9.99348E-1
-9999 -9999 -9999 -9999 -9999 -9999 -9999 -9999 -9999 -9999 9.92788E-1 9.99319E-1 9.98271E-1 9.88589E-1 9.9518E-1 9.94131E-1 9.96769E-1 9.9549E-1 9.89844E-1 9.65722E-1 9.27574E-1 9.63091E-1 9.41625E-1 9.24769E-1 9.39253E-1 9.363E-1 9.43738E-1 9.66281E-1 9.5175E-1 9.85645E-1 9.97577E-1 9.97802E-1 9.90447E-1 9.8749E-1 9.97943E-1 9.99055E-1 9.99457E-1 9.99451E-1 9.99455E-1 9.99565E-1 9.99875E-1 9.99198E-1 9.99219E-1 9.99425E-1 9.99965E-1 9.9995E-1 9.99554E-1 9.99971E-1 9.99934E-1 9.9982E-1 9.99969E-1 9.99968E-1 9.99983E-1 9.99977E-1 9.99889E-1 9.9993E-1 9.99994E-1 9.99963E-1 9.99976E-1 9.99975E-1 9.99992E-1 9.9999E-1 9.99979E-1 9.99991E-1 9.9996E-1 9.99996E-1 9.99875E-1
-9999 -9999 -9999 -9999 -9999 -9999 -9999 -9999 -9999 9.86558E-1 9.91135E-1 9.97057E-1 9.94404E-1 9.83355E-1 9.83198E-1 9.93167E-1 9.86886E-1 9.81644E-1 9.69391E-1 9.73999E-1 9.7369E-1 9.72806E-1 9.0734E-1 9.47187E-1 9.34171E-1 9.64483E-1 9.61882E-1 9.68253E-1 9.6992E-1 9.87912E-1 9.98612E-1 9.99239E-1 9.98909E-1 9.99383E-1 9.99119E-1 9.98033E-1 9.99218E-1 9.99574E-1 9.99964E-1 9.99555E-1 9.99723E-1 9.99672E-1 9.99647E-1 9.99816E-1 9.9968E-1 9.99941E-1 9.99878E-1 9.99776E-1 9.99701E-1 9.99872E-1 9.99908E-1 9.99979E-1 9.99961E-1 9.99951E-1 9.99894E-1 9.99987E-1 9.99985E-1 9.99969E-1 9.99983E-1 9.99999E-1 9.99991E-1 9.99986E-1 9.99995E-1 9.99992E-1 9.99986E-1 9.99997E-1 9.99991E-1
-9999 -9999 -9999 -9999 -9999 -9999 -9999 -9999 9.94647E-1 9.78366E-1 9.17069E-1 9.7161E-1 9.84041E-1 9.55732E-1 9.67028E-1 9.64867E-1 9.73081E-1 9.86741E-1 9.87313E-1 9.76625E-1 9.74842E-1 9.6172E-1 8.87675E-1 9.12242E-1 9.00205E-1 9.13621E-1 9.3875E-1 9.48588E-1 9.71417E-1 9.90234E-1 9.9832E-1 9.96311E-1 9.9847E-1 9.98786E-1 9.99253E-1 9.99074E-1 9.98629E-1 9.99819E-1 9.99968E-1 9.9993E-1 9.99574E-1 9.99745E-1 9.99766E-1 9.99573E-1 9.9986E-1 9.99452E-1 9.9964E-1 9.99508E-1 9.99694E-1 9.99969E-1 9.99858E-1 9.99832E-1 9.99923E-1 9.99938E-1 9.99996E-1 9.99991E-1 9.99955E-1 9.99914E-1 9.99998E-1 9.99997E-1 9.99986E-1 9.99979E-1 9.99982E-1 9.99977E-1 9.99995E-1 9.99991E-1 9.99992E-1
-9999 -9999 -9999 -9999 -9999 -9999 -9999 -9999 9.70694E-1 9.87054E-1 9.3086E-1 9.79636E-1 9.65288E-1 9.82951E-1 9.4733E-1 9.43332E-1 9.9692E-1 9.90664E-1 9.81224E-1 9.35822E-1 9.57448E-1 9.91742E-1 9.64085E-1 9.40438E-1 9.54582E-1 9.34421E-1 9.37322E-1 9.43911E-1 9.46338E-1 9.93515E-1 9.97451E-1 9.93594E-1 9.99263E-1 9.98825E-1 9.98932E-1 9.9924E-1 9.99632E-1 9.9991E-1 9.99216E-1 9.98572E-1 9.98472E-1 9.99717E-1 9.9942E-1 9.99801E-1 9.9992E-1 9.99951E-1 9.99943E-1 9.99567E-1 9.99714E-1 9.99698E-1 9.99954E-1 9.99947E-1 9.99955E-1 9.99955E-1 9.99949E-1 9.99979E-1 9.99993E-1 9.99983E-1 9.99996E-1 1E0 9.99995E-1 9.99995E-1 9.99585E-1 9.99708E-1 9.99975E-1 9.99952E-1 9.99978E-1
-9999 -9999 -9999 -9999 -9999 -9999 -9999 -9999 9.78718E-1 9.70611E-1 9.58757E-1 9.92126E-1 9.61117E-1 9.84189E-1 9.41051E-1 9.65122E-1 9.17134E-1 9.21722E-1 9.65399E-1 9.70998E-1 9.5526E-1 9.64517E-1 9.70298E-1 8.90957E-1 9.47872E-1 8.98993E-1 9.69679E-1 9.77233E-1 9.80188E-1 9.86294E-1 9.98453E-1 9.98492E-1 9.97761E-1 9.99281E-1 9.98903E-1 9.98776E-1 9.99472E-1 9.99846E-1 9.99158E-1 9.98643E-1 9.99291E-1 9.98629E-1 9.98336E-1 9.99435E-1 9.99628E-1 9.99375E-1 9.99563E-1 9.99659E-1 9.99327E-1 9.99855E-1 9.99851E-1 9.99988E-1 9.9996E-1 9.99969E-1 9.99961E-1 9.99954E-1 9.99994E-1 9.99954E-1 9.99949E-1 9.99935E-1 9.99961E-1 9.99989E-1 9.9997E-1 9.99971E-1 9.9993E-1 9.99943E-1 9.99883E-1
-9999 -9999 -9999 -9999 -9999 -9999 -9999 8.46411E-1 8.64545E-1 9.29687E-1 9.52856E-1 9.39342E-1 8.34254E-1 9.07151E-1 9.24483E-1 9.38715E-1 9.47506E-1 9.44559E-1 9.02694E-1 9.72534E-1 9.74965E-1 9.84343E-1 9.10229E-1 9.47436E-1 9.14203E-1 9.622E-1 9.63174E-1 9.71915E-1 9.7128E-1 9.96787E-1 9.9974E-1 9.99695E-1 9.99431E-1 9.98765E-1 9.98961E-1 9.96596E-1 9.96623E-1 9.99804E-1 9.99252E-1 9.9918E-1 9.9855E-1 9.98391E-1 9.9788E-1 9.99207E-1 9.99789E-1 9.99919E-1 9.99926E-1 9.99866E-1 9.99854E-1 9.99807E-1 9.99952E-1 9.9998E-1 9.99974E-1 9.99979E-1 9.99971E-1 9.99958E-1 9.99986E-1 9.99959E-1 9.99956E-1 9.99956E-1 9.99963E-1 9.99971E-1 9.99917E-1 9.99987E-1 9.99952E-1 9.99954E-1 9.9999E-1
-9999 -9999 -9999 -9999 -9999 -9999 -9999 8.37502E-1 8.39296E-1 8.28824E-1 8.87819E-1 8.97996E-1 8.9205E-1 9.13671E-1 9.51336E-1 9.51737E-1 9.54213E-1 9.55994E-1 9.55004E-1 9.19945E-1 9.63619E-1 9.75683E-1 9.18635E-1 9.46952E-1 9.75455E-1 9.49556E-1 9.74312E-1 9.81982E-1 9.83126E-1 9.95372E-1 9.99112E-1 9.9868E-1 9.97978E-1 9.96257E-1 9.97813E-1 9.98429E-1 9.99375E-1 9.94985E-1 9.99799E-1 9.99593E-1 9.95884E-1 9.98978E-1 9.99702E-1 9.99192E-1 9.99865E-1 9.99906E-1 9.99896E-1 9.99846E-1 9.99607E-1 9.99729E-1 9.99764E-1 9.99989E-1 9.99955E-1 9.99971E-1 9.99974E-1 9.99896E-1 9.99979E-1 9.99982E-1 9.9999E-1 9.99974E-1 9.99956E-1 9.99918E-1 9.99954E-1 9.99994E-1 9.99994E-1 9.99988E-1 9.99995E-1
-9999 -9999 -9999 -9999 -9999 -9999 9.07395E-1 9.03943E-1 8.91324E-1 8.96414E-1 9.02796E-1 8.13399E-1 9.21211E-1 9.46528E-1 9.46262E-1 9.60357E-1 9.91142E-1 9.66299E-1 9.16811E-1 9.08376E-1 9.36319E-1 9.83708E-1 9.53297E-1 9.52355E-1 9.58669E-1 9.31617E-1 9.71341E-1 9.70177E-1 9.8734E-1 9.97954E-1 9.99265E-1 9.97781E-1 9.95466E-1 9.96526E-1 9.97482E-1 9.99057E-1 9.99294E-1 9.9818E-1 9.99249E-1 9.99913E-1 9.96144E-1 9.99544E-1 9.99238E-1 9.98985E-1 9.99936E-1 9.99847E-1 9.99854E-1 9.99808E-1 9.99634E-1 9.99619E-1 9.99644E-1 9.99947E-1 9.99943E-1 9.99969E-1 9.99949E-1 9.99955E-1 9.99987E-1 9.99995E-1 9.99992E-1 9.99991E-1 9.99988E-1 9.9995E-1 9.99971E-1 9.99997E-1 9.99921E-1 9.99869E-1 9.99975E-1
-9999 -9999 -9999 -9999 -9999 -9999 8.45616E-1 8.44223E-1 8.56452E-1 8.32377E-1 8.39079E-1 9.19323E-1 8.60997E-1 8.84005E-1 9.11044E-1 8.71898E-1 9.67243E-1 9.01584E-1 9.25662E-1 9.43788E-1 9.65016E-1 9.84933E-1 9.7257E-1 9.71561E-1 9.47367E-1 9.38211E-1 9.62913E-1 9.72088E-1 9.84394E-1 9.98422E-1 9.98994E-1 9.98531E-1 9.9978E-1 9.99518E-1 9.9917E-1 9.97944E-1 9.98719E-1 9.97863E-1 9.98381E-1 9.97117E-1 9.98283E-1 9.98514E-1 9.99467E-1 9.98578E-1 9.99615E-1 9.99867E-1 9.99875E-1 9.99372E-1 9.99608E-1 9.98554E-1 9.99673E-1 9.99907E-1 9.99917E-1 9.99933E-1 9.99989E-1 9.99992E-1 9.99988E-1 9.99993E-1 9.99996E-1 9.99974E-1 9.9999E-1 9.99987E-1 9.99977E-1 9.99999E-1 9.99965E-1 9.9997E-1 9.99967E-1
-9999 -9999 -9999 -9999 -9999 8.49441E-1 7.44031E-1 7.74797E-1 7.52875E-1 7.18752E-1 8.14991E-1 8.70776E-1 8.8857E-1 8.24955E-1 8.70263E-1 8.21634E-1 9.25751E-1 9.10556E-1 9.16116E-1 9.62776E-1 9.40135E-1 9.5538E-1 9.76494E-1 9.9482E-1 9.85894E-1 9.54355E-1 9.29968E-1 9.60136E-1 9.94186E-1 9.98183E-1 9.99337E-1 9.9823E-1 9.99079E-1 9.98923E-1 9.99191E-1 9.9907E-1 9.95943E-1 9.99384E-1 9.97657E-1 9.9768E-1 9.99272E-1 9.98182E-1 9.99223E-1 9.99255E-1 9.95473E-1 9.98115E-1 9.98467E-1 9.99581E-1 9.98393E-1 9.97535E-1 9.99768E-1 9.99901E-1 9.99681E-1 9.99985E-1 9.9998E-1 9.99963E-1 9.99984E-1 9.99984E-1 9.99968E-1 9.99962E-1 9.99997E-1 9.9999E-1 9.99977E-1 9.99939E-1 9.99998E-1 9.99999E-1 9.99921E-1
-9999 -9999 -9999 -9999 -9999 8.13257E-1 7.43347E-1 7.32049E-1 7.97423E-1 7.82176E-1 7.27098E-1 8.8486E-1 8.8124E-1 8.27603E-1 8.35575E-1 9.06491E-1 8.74574E-1 9.05195E-1 9.44146E-1 9.81845E-1 9.74018E-1 9.78365E-1 9.76644E-1 9.90138E-1 9.93922E-1 9.80975E-1 9.85413E-1 9.91117E-1 9.98965E-1 9.99063E-1 9.9845E-1 9.98604E-1 9.93841E-1 9.93535E-1 9.98373E-1 9.98815E-1 9.98823E-1 9.9383E-1 9.98795E-1 9.99232E-1 9.99756E-1 9.99249E-1 9.98164E-1 9.98902E-1 9.98387E-1 9.97759E-1 9.98257E-1 9.99362E-1 9.97194E-1 9.96978E-1 9.99555E-1 9.99661E-1 9.99801E-1 9.99965E-1 9.99982E-1 9.99969E-1 9.99993E-1 9.99986E-1 9.99945E-1 9.99997E-1 9.99993E-1 9.99999E-1 9.99995E-1 9.99995E-1 9.99955E-1 9.99993E-1 9.99932E-1
-9999 -9999 -9999 -9999 -9999 8.62923E-1 7.52295E-1 5.9672E-1 6.16146E-1 8.82072E-1 8.26088E-1 9.17956E-1 9.86421E-1 9.47578E-1 9.0746E-1 9.25159E-1 9.39498E-1 9.37516E-1 9.36886E-1 8.62847E-1 7.77069E-1 9.37904E-1 9.28348E-1 9.85748E-1 9.88792E-1 9.93101E-1 9.96715E-1 9.98027E-1 9.99214E-1 9.99477E-1 9.98699E-1 9.9876E-1 9.97759E-1 9.97992E-1 9.92255E-1 9.94379E-1 9.91319E-1 9.97053E-1 9.95782E-1 9.97727E-1 9.99818E-1 9.99785E-1 9.98809E-1 9.98242E-1 9.9927E-1 9.99273E-1 9.99151E-1 9.99902E-1 9.99884E-1 9.99662E-1 9.99725E-1 9.99982E-1 9.99989E-1 9.99949E-1 9.99979E-1 9.99964E-1 9.99978E-1 9.99942E-1 9.99978E-1 9.99971E-1 9.99996E-1 9.99995E-1 9.99973E-1 9.99977E-1 9.99958E-1 9.99973E-1 9.99931E-1
-9999 -9999 -9999 -9999 -9999 7.21502E-1 7.64248E-1 7.11443E-1 7.26792E-1 8.49375E-1 8.76567E-1 8.09937E-1 9.69414E-1 9.63616E-1 9.47745E-1 9.3282E-1 9.64748E-1 9.6755E-1 9.40137E-1 9.01189E-1 9.01515E-1 9.0736E-1 9.54044E-1 9.6075E-1 9.76021E-1 9.90576E-1 9.98054E-1 9.99266E-1 9.99905E-1 9.99664E-1 9.99324E-1 9.97219E-1 9.9878E-1 9.99279E-1 9.99104E-1 9.96581E-1 9.89335E-1 9.95471E-1 9.97275E-1 9.98021E-1 9.99469E-1 9.99731E-1 9.98067E-1 9.97712E-1 9.99481E-1 9.99884E-1 9.99846E-1 9.99725E-1 9.99853E-1 9.99801E-1 9.99867E-1 9.99958E-1 9.99938E-1 9.99912E-1 9.99542E-1 9.99979E-1 9.99991E-1 9.99991E-1 9.99993E-1 9.99997E-1 9.99999E-1 9.99998E-1 9.99989E-1 9.9995E-1 9.99972E-1 9.99976E-1 9.9999E-1
-9999 -9999 -9999 -9999 7.8006E-1 7.73698E-1 8.65062E-1 7.482E-1 6.98901E-1 8.79744E-1 9.05165E-1 7.99207E-1 9.16649E-1 8.51577E-1 9.04092E-1 8.96435E-1 9.02425E-1 9.67475E-1 9.46581E-1 9.07018E-1 9.32423E-1 9.46309E-1 9.24993E-1 8.65644E-1 9.49669E-1 9.53745E-1 9.93333E-1 9.99133E-1 9.99641E-1 9.99877E-1 9.99387E-1 9.99771E-1 9.99277E-1 9.9865E-1 9.96972E-1 9.9621E-1 9.95445E-1 9.93404E-1 9.95068E-1 9.96941E-1 9.9797E-1 9.99051E-1 9.98235E-1 9.96888E-1 9.99741E-1 9.99837E-1 9.99841E-1 9.99977E-1 9.99776E-1 9.99636E-1 9.99762E-1 9.99938E-1 9.99848E-1 9.99822E-1 9.99541E-1 9.99917E-1 9.99982E-1 9.9999E-1 9.99974E-1 9.99998E-1 9.99999E-1 9.99976E-1 9.99735E-1 9.99917E-1 9.99852E-1 9.99961E-1 9.99964E-1
-9999 -9999 -9999 -9999 8.80838E-1 8.73287E-1 8.06663E-1 6.70191E-1 6.06759E-1 6.73113E-1 8.91974E-1 8.59837E-1 7.53701E-1 8.23306E-1 8.99773E-1 8.86745E-1 9.4267E-1 9.3288E-1 9.45681E-1 9.22016E-1 9.0936E-1 8.89402E-1 8.76711E-1 9.39239E-1 9.39401E-1 9.70997E-1 9.91299E-1 9.98379E-1 9.99051E-1 9.99237E-1 9.99571E-1 9.99805E-1 9.99657E-1 9.98641E-1 9.9669E-1 9.94838E-1 9.98076E-1 9.92886E-1 9.97176E-1 9.9615E-1 9.98115E-1 9.99276E-1 9.98979E-1 9.99091E-1 9.99366E-1 9.99767E-1 9.99777E-1 9.99823E-1 9.99869E-1 9.99896E-1 9.99855E-1 9.99886E-1 9.99894E-1 9.99823E-1 9.99952E-1 9.9998E-1 9.99996E-1 9.99992E-1 9.99987E-1 9.99999E-1 9.99999E-1 9.99989E-1 9.9999E-1 9.99965E-1 9.99974E-1 9.99953E-1 9.99958E-1
-9999 -9999 -9999 -9999 7.88848E-1 7.35169E-1 8.66969E-1 8.5331E-1 7.87739E-1 7.2849E-1 8.15831E-1 7.74337E-1 8.92931E-1 9.31661E-1 8.90278E-1 8.79259E-1 8.92256E-1 9.31241E-1 9.60345E-1 9.1763E-1 9.22121E-1 9.29079E-1 8.81252E-1 8.92886E-1 9.37805E-1 9.74317E-1 9.97869E-1 9.98922E-1 9.99692E-1 9.99052E-1 9.98362E-1 9.98508E-1 9.99519E-1 9.98743E-1 9.94931E-1 9.97076E-1 9.98808E-1 9.98001E-1 9.97841E-1 9.92495E-1 9.98838E-1 9.9973E-1 9.98689E-1 9.98596E-1 9.99646E-1 9.99725E-1 9.99888E-1 9.996E-1 9.99814E-1 9.99794E-1 9.99909E-1 9.99896E-1 9.99756E-1 9.99784E-1 9.99918E-1 9.99924E-1 9.99969E-1 9.99996E-1 9.99989E-1 9.99998E-1 9.99998E-1 9.99959E-1 9.99989E-1 9.99961E-1 9.99976E-1 9.99989E-1 9.99886E-1
-9999 -9999 -9999 5.21879E-1 6.00111E-1 6.43458E-1 7.09786E-1 6.1152E-1 5.62988E-1 6.57352E-1 7.02135E-1 8.00568E-1 8.31395E-1 9.12206E-1 9.38453E-1 9.58919E-1 9.74174E-1 9.04734E-1 9.54913E-1 9.58136E-1 9.15024E-1 9.6113E-1 9.683E-1 9.88886E-1 9.86951E-1 9.95178E-1 9.94974E-1 9.98985E-1 9.96134E-1 9.98916E-1 9.99361E-1 9.99542E-1 9.97285E-1 9.934E-1 9.9169E-1 9.94433E-1 9.98066E-1 9.98508E-1 9.981E-1 9.97205E-1 9.98049E-1 9.94086E-1 9.96159E-1 9.99032E-1 9.99882E-1 9.99957E-1 9.99691E-1 9.9995E-1 9.99713E-1 9.99939E-1 9.99955E-1 9.99888E-1 9.9968E-1 9.99954E-1 9.99813E-1 9.99922E-1 9.99993E-1 9.99989E-1 9.99994E-1 9.99998E-1 9.99978E-1 9.99977E-1 9.99924E-1 9.99998E-1 9.99999E-1 9.99966E-1 9.99942E-1
-9999 -9999 -9999 5.75317E-1 6.63586E-1 6.05328E-1 6.58233E-1 6.13942E-1 6.2757E-1 6.75057E-1 7.97139E-1 7.8222E-1 7.64744E-1 8.08604E-1 9.27874E-1 9.10612E-1 9.55961E-1 9.04209E-1 9.51489E-1 9.58969E-1 9.41963E-1 9.32609E-1 9.6403E-1 9.97051E-1 9.93489E-1 9.98284E-1 9.99358E-1 9.99713E-1 9.99291E-1 9.97995E-1 9.98495E-1 9.98719E-1 9.94887E-1 9.88375E-1 9.92548E-1 9.86216E-1 9.91644E-1 9.91776E-1 9.97785E-1 9.99584E-1 9.99691E-1 9.98746E-1 9.98718E-1 9.99801E-1 9.99971E-1 9.99899E-1 9.99927E-1 9.99962E-1 9.99964E-1 9.99843E-1 9.99848E-1 9.99859E-1 9.99977E-1 9.99933E-1 9.9997E-1 9.99956E-1 9.99988E-1 9.99981E-1 9.99978E-1 9.99974E-1 9.99987E-1 9.99967E-1 9.99853E-1 9.9991E-1 9.9997E-1 9.99957E-1 9.99991E-1
-9999 -9999 6.76493E-1 7.218E-1 7.12842E-1 6.52764E-1 6.60211E-1 6.79361E-1 6.76979E-1 6.05445E-1 6.85334E-1 8.10145E-1 8.08098E-1 9.0913E-1 9.19493E-1 9.18808E-1 8.96928E-1 9.45439E-1 8.8467E-1 9.03022E-1 9.33081E-1 9.50106E-1 9.77176E-1 9.96931E-1 9.96737E-1 9.99297E-1 9.99718E-1 9.99908E-1 9.9969E-1 9.99281E-1 9.96776E-1 9.97006E-1 9.9668E-1 9.93354E-1 9.94281E-1 9.94876E-1 9.91021E-1 9.93585E-1 9.94628E-1 9.98246E-1 9.9783E-1 9.98785E-1 9.99244E-1 9.99781E-1 9.99941E-1 9.99943E-1 9.99835E-1 9.99868E-1 9.99942E-1 9.99978E-1 9.99981E-1 9.99977E-1 9.99995E-1 9.99992E-1 9.99984E-1 9.99968E-1 9.99852E-1 9.99994E-1 9.99982E-1 9.99981E-1 9.99986E-1 9.99828E-1 9.99912E-1 9.99924E-1 9.99951E-1 9.99947E-1 9.99982E-1
-9999 -9999 6.8392E-1 6.7765E-1 7.12991E-1 6.80178E-1 6.04328E-1 5.0568E-1 5.89917E-1 6.03927E-1 7.97759E-1 7.98389E-1 8.11505E-1 9.33839E-1 9.5065E-1 9.42288E-1 8.16127E-1 8.75751E-1 8.92244E-1 8.41338E-1 9.04012E-1 9.3256E-1 9.83168E-1 9.89839E-1 9.90599E-1 9.93379E-1 9.97232E-1 9.99221E-1 9.99637E-1 9.98829E-1 9.987E-1 9.97115E-1 9.98338E-1 9.96944E-1 9.98697E-1 9.99093E-1 9.98259E-1 9.98295E-1 9.9375E-1 9.95138E-1 9.98529E-1 9.99237E-1 9.99597E-1 9.99636E-1 9.99949E-1 9.99827E-1 9.99864E-1 9.99906E-1 9.99939E-1 9.99972E-1 9.99979E-1 9.99897E-1 9.99983E-1 9.99987E-1 9.99952E-1 9.99975E-1 9.99839E-1 9.99896E-1 9.99832E-1 9.99856E-1 9.99881E-1 9.99942E-1 9.99069E-1 9.99986E-1 9.9999E-1 9.99852E-1 9.9986E-1
-9999 6.87125E-1 6.999E-1 6.40167E-1 6.35092E-1 6.74621E-1 5.95148E-1 5.66528E-1 6.4934E-1 7.31198E-1 8.67169E-1 8.63648E-1 8.78021E-1 8.87617E-1 9.05032E-1 8.47489E-1 8.31422E-1 8.99211E-1 9.5196E-1 9.13201E-1 9.24351E-1 9.77323E-1 9.80392E-1 9.69451E-1 9.77966E-1 9.94388E-1 9.94102E-1 9.99574E-1 9.99343E-1 9.99603E-1 9.98387E-1 9.95974E-1 9.98112E-1 9.96988E-1 9.98952E-1 9.98486E-1 9.97181E-1 9.96501E-1 9.95773E-1 9.99102E-1 9.99365E-1 9.99089E-1 9.99546E-1 9.99594E-1 9.9985E-1 9.99935E-1 9.99617E-1 9.99899E-1 9.99969E-1 9.99941E-1 9.99958E-1 9.99888E-1 9.99957E-1 9.99965E-1 9.9995E-1 9.9995E-1 9.99821E-1 9.99923E-1 9.99865E-1 9.99954E-1 9.99938E-1 9.9971E-1 9.99895E-1 9.99974E-1 9.9994E-1 9.99802E-1 9.99861E-1
