ENM/Final_Models/M_2_F_q_Set_1_EC/Gustavia_santanderiensis_5_Choco.asc
ncols         367
nrows         963
xllcorner     -78.6
yllcorner     0.65
cellsize      0.00833333333333323
NODATA_value  -9999
[rows 160 to 191 of 963, columns 284 to 354 of 367]
1.09237E-1 2.95174E-2 8.79744E-2 1.18384E-1 2.59103E-1 4.79635E-1 3.17054E-1 5.26621E-1 4.65085E-1 1.33486E-1 1.66066E-1 1.00807E-1 3.46111E-2 2.69428E-1 7.9666E-2 6.44701E-2 2.75618E-1 2.04042E-1 2.19125E-1 1.43793E-1 1.51191E-1 2.39479E-1 1.4232E-1 1.42368E-1 2.63674E-1 2.24773E-1 3.70442E-2 2.32449E-2 3.35945E-1 3.06862E-1 4.73141E-1 1.88953E-1 3.10873E-2 3.74682E-2 5.13297E-2 5.47525E-2 8.78649E-2 3.02474E-3 2.91679E-3 8.83231E-3 2.56978E-2 2.47135E-3 1.33563E-3 1.02304E-3 5.15693E-4 1.3782E-4 1.27607E-4 1.21391E-4 1.59189E-4 5.5188E-4 1.1852E-3 4.84962E-4 9.62212E-5 1.19445E-3 3.91632E-4 2.22445E-4 4.65636E-4 6.86624E-5 2.87202E-4 1.40663E-3 2.18812E-3 2.189E-3 2.69577E-4 -9999 -9999 -9999 -9999 -9999 -9999 -9999 -9999
1.33716E-2 2.45624E-3 5.40874E-3 2.5124E-1 2.84734E-1 2.99089E-1 2.45056E-1 9.8821E-2 5.56951E-2 2.54934E-2 3.58437E-2 3.46642E-2 2.25254E-2 1.60411E-1 1.61637E-1 4.94104E-2 3.33705E-1 4.46279E-1 6.80244E-2 6.82957E-2 1.04504E-1 4.61126E-1 4.05375E-1 2.87865E-1 1.74961E-1 2.01018E-1 1.1773E-1 4.86292E-2 1.24966E-1 2.41779E-1 3.08192E-1 3.02688E-2 3.20773E-2 2.58014E-2 5.86466E-2 2.58243E-2 4.05598E-2 7.74877E-3 2.02992E-3 2.85355E-3 2.12118E-2 1.22594E-3 1.60918E-3 4.07092E-4 3.65387E-4 1.04194E-4 1.34374E-4 2.69812E-4 3.47174E-4 5.41275E-4 4.28741E-4 3.73137E-4 1.23578E-3 2.55822E-4 1.40324E-4 3.20862E-4 1.29988E-3 1.75174E-3 1.08733E-3 4.80641E-3 2.19488E-3 2.56006E-3 -9999 -9999 -9999 -9999 -9999 -9999 -9999 -9999 -9999
4.98027E-3 1.94736E-3 4.72822E-3 7.88484E-2 1.52681E-1 9.00684E-2 4.9656E-2 4.0381E-2 3.48604E-2 2.76386E-2 5.37552E-2 3.14114E-2 6.25955E-2 1.81098E-2 1.16101E-1 2.09769E-1 2.22937E-1 2.3036E-1 5.36844E-2 9.57141E-2 4.07198E-2 1.64812E-1 3.22648E-1 2.52817E-1 1.09351E-1 9.71454E-2 3.78759E-2 3.48586E-2 1.2389E-1 2.22243E-1 2.48277E-1 1.82674E-2 1.92088E-2 2.61185E-2 3.38525E-2 6.50359E-2 4.55712E-2 2.16127E-2 1.60512E-3 5.14824E-4 3.07272E-3 1.39761E-3 1.63773E-3 5.72788E-4 4.5577E-4 1.24877E-4 1.2147E-4 2.86927E-4 4.73099E-4 6.8574E-4 8.80724E-4 1.90559E-4 2.22331E-4 2.21357E-4 1.6945E-4 8.07273E-4 6.95111E-4 6.49793E-4 7.77878E-4 4.99704E-4 3.17508E-4 -9999 -9999 -9999 -9999 -9999 -9999 -9999 -9999 -9999 -9999
2.72132E-3 3.86654E-4 2.3218E-3 1.22522E-2 1.20026E-2 3.38661E-2 1.49522E-1 4.47171E-2 6.98735E-2 5.5012E-2 6.89148E-2 4.9065E-2 2.68427E-2 3.17933E-2 6.55506E-2 2.13299E-1 2.61854E-1 2.31744E-1 3.93611E-2 8.90286E-2 1.00631E-2 1.01356E-2 6.6754E-2 6.81646E-2 7.84549E-2 1.70963E-1 5.16361E-2 2.51183E-2 5.71984E-2 2.54089E-1 3.61267E-1 1.77081E-2 1.50365E-2 1.23327E-2 1.98413E-2 8.55228E-2 7.59853E-2 1.43365E-2 1.01393E-2 5.32965E-3 5.94701E-4 4.66954E-3 3.26974E-3 9.15361E-4 2.78327E-4 1.52669E-4 2.27455E-4 3.19704E-4 -9999 -9999 -9999 -9999 -9999 -9999 -9999 -9999 -9999 -9999 -9999 -9999 -9999 -9999 -9999 -9999 -9999 -9999 -9999 -9999 -9999 -9999 -9999
1.26961E-3 2.46179E-3 1.17209E-3 4.74768E-3 1.9889E-2 1.06326E-1 2.06331E-1 2.1596E-1 4.18478E-2 6.66811E-2 1.89459E-2 1.9622E-2 3.82402E-2 1.63296E-2 4.39114E-2 7.21087E-2 1.48715E-1 1.20728E-1 2.16809E-1 4.45811E-2 5.43159E-2 1.38888E-2 2.56866E-2 5.17655E-2 8.96635E-2 9.03264E-2 6.74755E-2 2.85308E-2 1.23921E-1 2.16889E-1 8.18088E-2 1.69945E-2 6.59379E-3 1.21496E-2 1.07358E-2 1.65348E-2 1.03105E-2 8.52412E-2 9.26903E-3 8.74579E-3 1.25127E-3 9.66972E-4 6.09238E-4 4.56809E-4 1.63828E-4 2.47037E-4 -9999 -9999 -9999 -9999 -9999 -9999 -9999 -9999 -9999 -9999 -9999 -9999 -9999 -9999 -9999 -9999 -9999 -9999 -9999 -9999 -9999 -9999 -9999 -9999 -9999
2.67737E-3 1.03374E-2 6.78653E-2 3.77622E-2 1.79684E-2 9.56912E-2 2.14987E-1 3.45165E-1 5.51831E-2 1.87975E-2 1.11705E-2 1.73376E-2 4.25037E-2 4.73417E-2 7.38518E-3 1.46257E-2 1.08443E-1 2.44474E-1 3.09696E-1 7.14516E-2 1.77991E-2 1.2803E-2 2.49213E-2 2.84931E-2 6.41898E-2 5.97235E-2 3.19888E-2 5.94087E-2 9.64305E-2 1.10561E-1 6.92201E-2 4.63811E-2 3.53406E-3 8.28092E-3 1.71317E-2 1.19529E-2 1.49012E-2 8.79224E-3 2.48996E-2 3.24399E-2 4.77911E-3 5.69198E-4 1.97392E-4 2.25339E-4 -9999 -9999 -9999 -9999 -9999 -9999 -9999 -9999 -9999 -9999 -9999 -9999 -9999 -9999 -9999 -9999 -9999 -9999 -9999 -9999 -9999 -9999 -9999 -9999 -9999 -9999 -9999
1.19204E-3 1.47784E-2 8.14176E-2 8.43628E-2 6.83066E-2 1.99066E-1 3.36739E-1 6.6641E-2 6.96609E-2 8.89279E-3 3.88285E-3 5.64388E-3 2.94132E-2 7.84586E-2 5.54959E-3 1.37803E-2 9.12286E-2 2.69381E-1 3.26561E-1 6.30538E-2 4.78065E-2 3.73512E-3 2.4953E-2 1.45841E-2 1.16451E-2 5.43744E-2 3.88726E-2 8.53259E-2 1.08422E-1 2.02658E-1 5.20719E-2 9.94911E-3 2.53232E-3 3.81618E-3 2.91753E-3 3.08371E-3 5.30145E-3 2.987E-3 4.13841E-3 6.39571E-3 1.0612E-2 5.61943E-4 -9999 -9999 -9999 -9999 -9999 -9999 -9999 -9999 -9999 -9999 -9999 -9999 -9999 -9999 -9999 -9999 -9999 -9999 -9999 -9999 -9999 -9999 -9999 -9999 -9999 -9999 -9999 -9999 -9999
3.07306E-3 4.53102E-3 3.1334E-2 9.16309E-2 5.59955E-2 3.75116E-2 6.48963E-2 2.10725E-2 9.67573E-3 8.59513E-3 1.07804E-3 9.41908E-3 1.39703E-2 6.30891E-2 1.77599E-2 6.64807E-3 1.00516E-1 2.20674E-1 3.15216E-1 1.71767E-1 1.17048E-2 1.88436E-2 1.81827E-2 7.78855E-3 1.20003E-2 4.51823E-2 3.33696E-2 3.09484E-2 1.46569E-1 1.2305E-1 2.02518E-2 7.9138E-3 1.42077E-2 1.76302E-3 5.27654E-3 1.98115E-3 1.69836E-3 1.44095E-3 1.09831E-2 1.65577E-3 1.66025E-3 -9999 -9999 -9999 -9999 -9999 -9999 -9999 -9999 -9999 -9999 -9999 -9999 -9999 -9999 -9999 -9999 -9999 -9999 -9999 -9999 -9999 -9999 -9999 -9999 -9999 -9999 -9999 -9999 -9999 -9999
9.56135E-2 4.34941E-2 3.54757E-2 5.22128E-2 8.70855E-3 7.26693E-3 9.19076E-3 3.26553E-3 6.21398E-3 2.47338E-3 1.73594E-3 5.45299E-2 2.95348E-2 8.08282E-3 9.75456E-3 5.70583E-3 2.60588E-2 2.24627E-1 3.96091E-1 3.64298E-1 1.68812E-1 4.95912E-2 9.34865E-3 9.21248E-3 1.16557E-2 3.16356E-2 4.45469E-2 8.44824E-3 9.1633E-3 3.25858E-2 1.53734E-2 6.68667E-3 6.65629E-3 2.68048E-3 3.09188E-3 4.59447E-3 2.84367E-3 5.93253E-3 9.56079E-3 2.54856E-3 2.83378E-3 -9999 -9999 -9999 -9999 -9999 -9999 -9999 -9999 -9999 -9999 -9999 -9999 -9999 -9999 -9999 -9999 -9999 -9999 -9999 -9999 -9999 -9999 -9999 -9999 -9999 -9999 -9999 -9999 -9999 -9999
1.42075E-2 1.40916E-2 7.89386E-3 5.72995E-3 6.05569E-3 6.7325E-3 2.32473E-3 2.07242E-3 9.52391E-3 1.83449E-3 3.41855E-3 3.14222E-2 3.89109E-2 2.91979E-3 8.42001E-4 1.75945E-3 2.89772E-3 1.16827E-1 2.48047E-1 2.71132E-1 1.29334E-1 1.39832E-1 7.51051E-2 1.26014E-2 1.42938E-2 2.55553E-2 2.30763E-2 3.81178E-3 2.27673E-3 8.98304E-3 8.39827E-3 1.50316E-2 8.12675E-3 5.41117E-3 1.65646E-3 3.31208E-3 7.32952E-4 5.37264E-4 2.31459E-3 1.29612E-3 5.49725E-4 -9999 -9999 -9999 -9999 -9999 -9999 -9999 -9999 -9999 -9999 -9999 -9999 -9999 -9999 -9999 -9999 -9999 -9999 -9999 -9999 -9999 -9999 -9999 -9999 -9999 -9999 -9999 -9999 -9999 -9999
8.45754E-3 3.6491E-3 2.68123E-3 5.42024E-3 5.15619E-3 8.22384E-3 1.61498E-2 3.83835E-3 5.13561E-3 2.16608E-3 3.11107E-3 1.51055E-2 1.05324E-2 1.29912E-2 4.78693E-3 8.19569E-4 1.15434E-3 3.76471E-2 6.47767E-2 2.51224E-1 2.66342E-1 7.48566E-2 7.00319E-3 4.12673E-3 9.58333E-3 6.46672E-2 3.7549E-2 6.67917E-3 4.98883E-3 8.42511E-3 1.7296E-2 1.38629E-2 1.62586E-2 3.29786E-3 9.60486E-4 2.41075E-3 3.94555E-4 3.74331E-4 9.15083E-4 1.6541E-3 3.88209E-4 -9999 -9999 -9999 -9999 -9999 -9999 -9999 -9999 -9999 -9999 -9999 -9999 -9999 -9999 -9999 -9999 -9999 -9999 -9999 -9999 -9999 -9999 -9999 -9999 -9999 -9999 -9999 -9999 -9999 -9999
1.5294E-2 1.41904E-2 1.29862E-2 4.90568E-3 3.48192E-3 5.27859E-3 1.03392E-2 3.09729E-3 1.09751E-2 3.01694E-2 5.76312E-3 3.18271E-3 5.05348E-3 6.60325E-3 3.79151E-3 9.31978E-4 3.23895E-3 5.74183E-2 4.7668E-2 2.636E-1 1.39497E-1 6.53455E-2 1.0098E-2 3.0654E-3 4.24943E-3 6.56146E-2 6.01389E-2 1.33269E-2 3.65819E-3 1.62153E-3 2.90728E-3 3.12079E-2 1.47408E-2 2.60369E-3 1.7938E-3 3.60437E-4 2.90559E-4 3.97597E-4 6.16437E-4 2.1505E-3 4.53748E-4 -9999 -9999 -9999 -9999 -9999 -9999 -9999 -9999 -9999 -9999 -9999 -9999 -9999 -9999 -9999 -9999 -9999 -9999 -9999 -9999 -9999 -9999 -9999 -9999 -9999 -9999 -9999 -9999 -9999 -9999
1.58415E-2 5.36221E-3 8.02991E-3 4.2452E-3 9.2128E-4 3.04973E-3 1.44267E-2 2.8298E-2 2.82828E-2 4.22204E-2 9.32967E-3 1.97482E-3 3.2815E-3 7.38952E-3 1.77317E-3 1.47204E-3 3.50427E-3 3.27112E-2 2.04353E-1 2.17308E-1 1.34041E-1 8.81049E-2 1.03157E-2 2.8959E-3 1.23109E-2 5.31827E-2 6.34961E-2 1.39862E-2 1.63129E-3 3.29766E-4 7.74324E-3 1.32848E-2 1.27429E-2 4.43832E-3 5.50371E-3 4.6565E-4 1.67138E-4 3.08021E-4 5.68796E-4 2.17871E-3 1.88656E-3 -9999 -9999 -9999 -9999 -9999 -9999 -9999 -9999 -9999 -9999 -9999 -9999 -9999 -9999 -9999 -9999 -9999 -9999 -9999 -9999 -9999 -9999 -9999 -9999 -9999 -9999 -9999 -9999 -9999 -9999
1.15683E-2 7.29085E-3 3.26605E-3 4.63164E-3 7.54625E-4 6.95635E-4 4.26136E-3 3.33836E-2 7.13202E-2 2.78326E-2 1.2288E-2 1.85052E-3 8.90951E-3 1.96478E-2 6.68913E-3 9.89304E-4 1.23763E-3 9.7685E-3 5.25912E-2 1.36666E-1 7.33445E-2 2.54403E-2 5.24467E-3 1.95458E-2 2.87635E-2 4.95888E-2 4.19736E-2 8.84616E-3 3.25209E-4 3.47463E-4 3.11205E-3 1.35619E-2 7.53527E-3 1.06331E-3 3.48175E-3 7.04632E-4 6.95466E-4 1.36104E-4 1.71019E-4 4.51753E-4 -9999 -9999 -9999 -9999 -9999 -9999 -9999 -9999 -9999 -9999 -9999 -9999 -9999 -9999 -9999 -9999 -9999 -9999 -9999 -9999 -9999 -9999 -9999 -9999 -9999 -9999 -9999 -9999 -9999 -9999 -9999
1.04564E-2 2.36341E-3 9.83518E-4 2.36452E-3 2.16111E-3 3.19253E-4 1.19289E-3 2.63303E-2 5.65918E-2 1.63725E-2 1.83877E-2 9.18578E-3 1.10381E-2 1.10494E-2 1.24978E-2 3.21142E-3 6.50795E-4 9.45441E-4 1.02981E-2 4.40136E-2 3.37787E-2 3.35169E-2 5.10004E-3 2.43695E-3 4.54E-3 2.45894E-2 3.54919E-2 1.16702E-3 1.56027E-4 2.7817E-4 2.72473E-3 3.95224E-3 1.19872E-3 2.1545E-3 2.76505E-3 6.26595E-4 3.63719E-4 1.71799E-4 1.72931E-4 2.48599E-4 -9999 -9999 -9999 -9999 -9999 -9999 -9999 -9999 -9999 -9999 -9999 -9999 -9999 -9999 -9999 -9999 -9999 -9999 -9999 -9999 -9999 -9999 -9999 -9999 -9999 -9999 -9999 -9999 -9999 -9999 -9999
2.43747E-3 2.14162E-3 1.82792E-4 5.10621E-4 8.12618E-4 4.86288E-4 7.9699E-4 1.4182E-3 1.21671E-2 6.87617E-3 1.18085E-2 3.12486E-3 3.05732E-3 4.84194E-3 7.298E-3 8.95883E-3 7.51814E-3 7.93927E-4 1.48439E-3 3.30707E-3 2.57201E-3 1.4807E-3 2.84317E-3 7.62752E-4 3.95213E-3 1.5058E-2 1.58321E-2 2.59298E-3 2.36011E-4 6.87044E-4 6.48521E-3 3.14277E-3 6.8657E-4 3.7153E-4 1.09497E-3 9.49762E-4 3.37837E-4 2.9771E-4 1.43431E-4 2.21039E-4 -9999 -9999 -9999 -9999 -9999 -9999 -9999 -9999 -9999 -9999 -9999 -9999 -9999 -9999 -9999 -9999 -9999 -9999 -9999 -9999 -9999 -9999 -9999 -9999 -9999 -9999 -9999 -9999 -9999 -9999 -9999
1.05029E-3 6.20102E-4 1.07214E-4 2.08957E-4 6.37887E-4 4.71297E-4 1.70346E-3 3.166E-4 5.20303E-3 3.70742E-3 5.30632E-4 6.69585E-4 3.57148E-4 5.12999E-3 2.5657E-3 3.2225E-3 2.61325E-3 1.73642E-3 4.43264E-4 6.83943E-4 1.09951E-3 4.56223E-4 1.02114E-3 3.20422E-4 1.28008E-3 9.21928E-3 2.90942E-3 2.87226E-3 7.77212E-4 1.88897E-3 2.44149E-3 5.82388E-3 1.81192E-3 3.21918E-4 1.42468E-4 6.2206E-4 3.46702E-4 1.55161E-4 9.63522E-5 -9999 -9999 -9999 -9999 -9999 -9999 -9999 -9999 -9999 -9999 -9999 -9999 -9999 -9999 -9999 -9999 -9999 -9999 -9999 -9999 -9999 -9999 -9999 -9999 -9999 -9999 -9999 -9999 -9999 -9999 -9999 -9999
2.28379E-4 2.32472E-4 9.9186E-5 1.92285E-4 4.01103E-4 8.58255E-4 2.99232E-3 4.61408E-3 4.51315E-3 1.1016E-3 4.94631E-4 7.18101E-4 1.89117E-4 1.34755E-3 2.75082E-3 2.01673E-3 8.66287E-4 5.76573E-4 4.24906E-4 3.79206E-4 2.74448E-4 3.46909E-4 8.10931E-4 8.88081E-4 2.51061E-3 9.46422E-3 6.26431E-3 3.26119E-3 3.47795E-3 1.06502E-3 1.25865E-3 9.84538E-4 1.49859E-3 1.93715E-4 7.49525E-5 1.66652E-4 2.38425E-4 8.44134E-5 1.50232E-4 -9999 -9999 -9999 -9999 -9999 -9999 -9999 -9999 -9999 -9999 -9999 -9999 -9999 -9999 -9999 -9999 -9999 -9999 -9999 -9999 -9999 -9999 -9999 -9999 -9999 -9999 -9999 -9999 -9999 -9999 -9999 -9999
1.91253E-4 1.51082E-4 1.01438E-4 1.56953E-4 1.99273E-4 8.0302E-4 6.52136E-4 1.504E-3 1.89226E-3 7.0961E-4 1.12976E-4 6.5625E-4 8.7352E-4 3.07883E-3 4.07565E-3 1.13516E-3 1.74628E-3 4.25366E-4 1.86841E-4 1.62286E-4 9.21136E-5 1.28963E-4 4.44156E-4 5.76961E-4 2.09051E-3 2.18295E-3 1.71386E-3 2.62693E-3 3.85221E-3 1.56721E-3 1.01013E-3 5.96086E-4 1.39712E-4 9.84509E-5 6.47844E-5 7.75132E-5 1.81654E-4 9.2497E-5 -9999 -9999 -9999 -9999 -9999 -9999 -9999 -9999 -9999 -9999 -9999 -9999 -9999 -9999 -9999 -9999 -9999 -9999 -9999 -9999 -9999 -9999 -9999 -9999 -9999 -9999 -9999 -9999 -9999 -9999 -9999 -9999 -9999
7.85538E-5 4.61793E-5 4.41946E-5 1.868E-4 2.66682E-4 6.40507E-4 3.17631E-3 2.29262E-3 9.0062E-4 2.92922E-4 1.22926E-4 1.29579E-4 1.24076E-3 1.70042E-3 3.66167E-3 1.22359E-3 6.04693E-4 1.29636E-4 6.28702E-5 9.60818E-5 9.26094E-5 8.43021E-5 1.12997E-4 9.336E-4 1.5861E-3 1.69021E-3 1.25605E-3 5.53515E-4 3.10149E-4 2.36299E-4 4.19023E-4 1.81671E-4 2.51567E-5 1.93917E-5 4.52181E-5 6.1759E-5 1.23235E-4 -9999 -9999 -9999 -9999 -9999 -9999 -9999 -9999 -9999 -9999 -9999 -9999 -9999 -9999 -9999 -9999 -9999 -9999 -9999 -9999 -9999 -9999 -9999 -9999 -9999 -9999 -9999 -9999 -9999 -9999 -9999 -9999 -9999 -9999
8.03879E-5 5.8572E-5 1.05756E-4 1.52171E-4 2.50994E-4 2.59369E-4 1.96293E-4 3.30096E-4 6.78707E-4 2.16163E-4 1.17679E-4 1.12266E-4 1.02563E-4 4.11507E-4 9.66055E-4 1.02643E-3 3.6166E-4 6.45183E-5 3.74076E-5 8.17665E-5 9.55877E-5 1.33396E-4 6.54003E-5 2.27464E-4 4.19926E-4 8.27416E-4 5.40441E-4 3.24136E-4 2.71459E-4 1.46787E-4 1.41087E-4 3.02251E-4 8.97194E-5 3.50513E-5 3.32607E-5 7.33962E-5 -9999 -9999 -9999 -9999 -9999 -9999 -9999 -9999 -9999 -9999 -9999 -9999 -9999 -9999 -9999 -9999 -9999 -9999 -9999 -9999 -9999 -9999 -9999 -9999 -9999 -9999 -9999 -9999 -9999 -9999 -9999 -9999 -9999 -9999 -9999
1.03316E-4 8.26798E-5 1.3331E-4 1.5632E-4 2.18329E-4 1.59345E-4 1.82049E-4 5.89877E-4 4.67249E-4 2.61025E-4 1.06865E-4 1.7346E-4 9.51966E-5 3.39035E-4 4.27278E-4 4.03436E-4 2.25112E-4 1.17239E-4 4.13363E-5 5.28642E-5 8.19549E-5 1.44905E-4 2.55237E-4 1.70826E-4 7.70638E-5 3.72708E-5 2.25998E-5 2.55419E-5 -9999 -9999 1.4065E-4 5.00837E-5 7.87609E-5 8.79298E-5 2.61097E-5 3.10141E-5 -9999 -9999 -9999 -9999 -9999 -9999 -9999 -9999 -9999 -9999 -9999 -9999 -9999 -9999 -9999 -9999 -9999 -9999 -9999 -9999 -9999 -9999 -9999 -9999 -9999 -9999 -9999 -9999 -9999 -9999 -9999 -9999 -9999 -9999 -9999
2.06567E-4 9.56917E-5 9.56949E-5 1.96403E-4 2.55796E-4 1.61412E-4 2.37221E-4 5.66664E-4 4.21223E-4 1.78631E-4 1.41947E-4 1.41625E-4 1.25497E-4 1.78088E-4 6.32379E-4 4.50732E-4 1.45387E-4 1.89736E-4 3.78949E-5 1.32461E-4 1.47932E-4 1.19468E-4 1.86111E-4 2.461E-4 2.05243E-4 1.87471E-4 2.84577E-5 6.06345E-5 -9999 -9999 5.30264E-5 2.07918E-5 6.8005E-5 6.26614E-5 3.03848E-5 -9999 -9999 -9999 -9999 -9999 -9999 -9999 -9999 -9999 -9999 -9999 -9999 -9999 -9999 -9999 -9999 -9999 -9999 -9999 -9999 -9999 -9999 -9999 -9999 -9999 -9999 -9999 -9999 -9999 -9999 -9999 -9999 -9999 -9999 -9999 -9999
2.62986E-4 1.0248E-4 8.46626E-5 8.39884E-5 1.27864E-4 1.62428E-4 1.4624E-4 2.25734E-4 2.59656E-4 1.6992E-4 9.07999E-5 4.1666E-5 1.68946E-4 1.76382E-4 1.59995E-4 2.2165E-4 1.83348E-4 1.99927E-4 1.58158E-4 2.00469E-4 5.10638E-4 8.38515E-4 5.62813E-4 3.11321E-4 5.54575E-4 3.89312E-4 7.23067E-5 -9999 -9999 -9999 6.0921E-5 1.37183E-5 1.49581E-5 4.57585E-5 -9999 -9999 -9999 -9999 -9999 -9999 -9999 -9999 -9999 -9999 -9999 -9999 -9999 -9999 -9999 -9999 -9999 -9999 -9999 -9999 -9999 -9999 -9999 -9999 -9999 -9999 -9999 -9999 -9999 -9999 -9999 -9999 -9999 -9999 -9999 -9999 -9999
2.83984E-4 1.2913E-4 1.69021E-4 6.28401E-5 6.79272E-5 1.33622E-4 1.0592E-4 1.47036E-4 1.581E-4 1.2974E-4 6.72278E-5 4.39338E-5 1.36295E-4 1.76946E-4 6.00695E-5 1.20568E-4 2.14607E-4 2.84437E-4 2.25393E-4 1.87399E-4 4.58676E-4 1.13975E-3 6.54446E-4 2.5389E-4 4.23525E-4 3.392E-4 3.23925E-4 -9999 -9999 2.09406E-5 4.06342E-5 2.1564E-5 2.20281E-5 -9999 -9999 -9999 -9999 -9999 -9999 -9999 -9999 -9999 -9999 -9999 -9999 -9999 -9999 -9999 -9999 -9999 -9999 -9999 -9999 -9999 -9999 -9999 -9999 -9999 -9999 -9999 -9999 -9999 -9999 -9999 -9999 -9999 -9999 -9999 -9999 -9999 -9999
7.04414E-4 2.67845E-4 2.75172E-4 1.4186E-4 1.35896E-4 1.95767E-4 7.7096E-5 8.0721E-5 7.67128E-5 5.82894E-5 5.52636E-5 5.08525E-5 1.11E-4 4.0975E-4 1.40734E-4 1.72404E-4 5.41978E-4 4.66831E-4 3.18847E-4 4.81087E-4 1.22155E-3 2.28095E-3 6.34179E-4 6.02259E-4 6.05324E-4 3.07408E-4 -9999 -9999 -9999 2.91578E-5 2.03316E-5 -9999 -9999 -9999 -9999 -9999 -9999 -9999 -9999 -9999 -9999 -9999 -9999 -9999 -9999 -9999 -9999 -9999 -9999 -9999 -9999 -9999 -9999 -9999 -9999 -9999 -9999 -9999 -9999 -9999 -9999 -9999 -9999 -9999 -9999 -9999 -9999 -9999 -9999 -9999 -9999
1.06879E-3 1.45521E-3 9.80441E-4 5.73956E-4 2.92405E-4 1.80729E-4 1.12739E-4 1.54299E-4 1.58818E-4 1.20025E-4 2.17508E-4 9.42351E-5 2.65083E-4 9.38387E-4 4.86884E-4 2.90882E-4 1.07619E-3 2.70109E-4 1.48491E-4 1.06562E-3 5.73138E-4 4.05426E-4 4.94357E-4 5.5436E-4 3.58295E-4 -9999 -9999 -9999 -9999 5.44179E-5 -9999 -9999 -9999 -9999 -9999 -9999 -9999 -9999 -9999 -9999 -9999 -9999 -9999 -9999 -9999 -9999 -9999 -9999 -9999 -9999 -9999 -9999 -9999 -9999 -9999 -9999 -9999 -9999 -9999 -9999 -9999 -9999 -9999 -9999 -9999 -9999 -9999 -9999 -9999 -9999 -9999
1.28067E-3 2.60782E-3 1.94727E-3 1.9803E-3 2.05044E-3 3.40698E-4 2.39158E-4 3.81087E-4 4.25622E-4 2.52648E-4 3.14782E-4 1.74545E-4 2.38825E-4 3.87868E-4 1.25001E-3 8.32634E-4 9.62199E-4 2.24165E-4 2.2036E-4 2.18072E-4 5.18962E-4 6.02498E-4 3.05801E-4 4.16348E-4 9.71558E-4 -9999 -9999 -9999 -9999 -9999 -9999 -9999 -9999 -9999 -9999 -9999 -9999 -9999 -9999 -9999 -9999 -9999 -9999 -9999 -9999 -9999 -9999 -9999 -9999 -9999 -9999 -9999 -9999 -9999 -9999 -9999 -9999 -9999 -9999 -9999 -9999 -9999 -9999 -9999 -9999 -9999 -9999 -9999 -9999 -9999 -9999
8.97981E-4 3.2372E-3 4.60229E-3 4.23499E-3 2.57657E-3 1.24241E-3 4.64946E-4 2.65924E-4 8.03771E-4 5.46281E-4 2.69428E-4 7.86791E-4 1.08761E-3 4.89872E-4 1.69291E-3 1.28773E-3 1.35509E-3 7.99533E-4 8.46806E-4 5.63472E-4 1.4836E-3 5.88689E-4 3.68244E-4 4.40562E-4 1.70855E-3 -9999 -9999 -9999 -9999 -9999 -9999 -9999 -9999 -9999 -9999 -9999 -9999 -9999 -9999 -9999 -9999 -9999 -9999 -9999 -9999 -9999 -9999 -9999 -9999 -9999 -9999 -9999 -9999 -9999 -9999 -9999 -9999 -9999 -9999 -9999 -9999 -9999 -9999 -9999 -9999 -9999 -9999 -9999 -9999 -9999 -9999
1.65021E-3 3.98043E-3 5.50453E-3 3.57893E-3 3.75132E-3 3.89184E-3 8.71126E-4 1.12867E-3 7.05338E-4 2.83914E-4 3.40255E-4 5.99233E-4 1.1664E-3 1.20466E-3 1.28234E-3 7.09137E-4 3.52954E-4 1.64795E-4 1.2433E-3 8.47009E-4 7.91495E-4 1.02767E-3 8.28377E-4 4.39015E-4 3.57534E-4 7.8193E-5 -9999 -9999 -9999 -9999 -9999 -9999 -9999 -9999 -9999 -9999 -9999 -9999 -9999 -9999 -9999 -9999 -9999 -9999 -9999 -9999 -9999 -9999 -9999 -9999 -9999 -9999 -9999 -9999 -9999 -9999 -9999 -9999 -9999 -9999 -9999 -9999 -9999 -9999 -9999 -9999 -9999 -9999 -9999 -9999 -9999
6.01035E-3 3.53066E-3 5.40164E-3 1.44965E-3 1.79806E-3 3.32323E-3 3.88641E-3 4.86556E-3 1.69365E-3 1.45444E-3 9.16184E-4 1.99393E-3 1.4748E-3 2.9859E-4 5.37355E-4 6.71868E-4 8.38436E-4 1.94103E-3 1.52212E-3 6.81156E-4 1.13526E-3 1.24347E-3 6.41542E-4 4.17836E-4 8.27449E-4 7.28941E-5 3.41093E-5 -9999 -9999 -9999 -9999 -9999 -9999 -9999 -9999 -9999 -9999 -9999 -9999 -9999 -9999 -9999 -9999 -9999 -9999 -9999 -9999 -9999 -9999 -9999 -9999 -9999 -9999 -9999 -9999 -9999 -9999 -9999 -9999 -9999 -9999 -9999 -9999 -9999 -9999 -9999 -9999 -9999 -9999 -9999 -9999
6.46894E-3 7.36975E-3 5.13614E-3 1.40433E-3 2.91722E-3 3.4373E-3 5.16015E-3 3.11841E-3 1.06398E-3 1.80187E-3 3.47481E-3 5.15403E-3 1.94934E-3 2.46564E-4 3.29487E-4 1.2638E-3 2.43433E-3 2.166E-3 1.2727E-3 1.21048E-3 8.17043E-4 1.32046E-3 2.13591E-3 1.58628E-3 7.02212E-4 4.32724E-4 8.52528E-5 8.61472E-5 -9999 -9999 -9999 -9999 -9999 -9999 -9999 -9999 -9999 -9999 -9999 -9999 -9999 -9999 -9999 -9999 -9999 -9999 -9999 -9999 -9999 -9999 -9999 -9999 -9999 -9999 -9999 -9999 -9999 -9999 -9999 -9999 -9999 -9999 -9999 -9999 -9999 -9999 -9999 -9999 -9999 -9999 -9999
