ENM/Final_Models/M_2_F_q_Set_1_EC/Gustavia_santanderiensis_Choco_min.asc
ncols         367
nrows         963
xllcorner     -78.6
yllcorner     0.65
cellsize      0.00833333333333323
NODATA_value  -9999
[rows 120 to 149 of 963, columns 268 to 334 of 367]
1.04579E-1 8.86941E-2 8.40136E-2 3.54508E-2 9.73084E-2 5.95432E-2 -9999 -9999 -9999 -9999 -9999 -9999 -9999 -9999 -9999 -9999 -9999 -9999 -9999 -9999 -9999 -9999 -9999 -9999 -9999 -9999 -9999 -9999 -9999 -9999 -9999 -9999 -9999 -9999 1.72734E-2 1.50449E-2 1.03419E-2 1.64863E-2 9.24992E-3 2.03415E-2 4.03747E-2 2.22333E-2 5.77593E-2 2.54328E-1 3.64881E-1 2.76142E-1 1.28527E-1 4.08331E-2 5.31336E-2 3.39269E-2 2.83223E-2 5.82751E-2 7.35963E-2 5.23762E-2 6.16971E-2 -9999 -9999 -9999 -9999 -9999 -9999 -9999 2.85885E-2 -9999 -9999 -9999 1.22829E-1
8.3394E-2 9.7232E-2 3.17167E-2 2.25484E-2 4.06172E-2 3.11482E-2 -9999 -9999 -9999 -9999 -9999 -9999 -9999 -9999 -9999 -9999 -9999 -9999 -9999 -9999 -9999 -9999 -9999 -9999 -9999 -9999 -9999 -9999 -9999 -9999 -9999 -9999 -9999 1.56745E-2 1.85718E-2 1.8318E-2 9.57795E-3 1.06972E-2 2.05282E-2 2.07204E-2 5.26993E-2 4.572E-2 4.63222E-2 8.05244E-2 3.06065E-1 3.92195E-1 1.10955E-1 5.96691E-2 3.83411E-2 3.55503E-2 3.04257E-2 5.69862E-2 2.72073E-2 2.86779E-2 3.5669E-2 -9999 -9999 -9999 -9999 -9999 -9999 -9999 4.1114E-2 -9999 -9999 -9999 3.55241E-1
8.38784E-2 1.08927E-1 7.82782E-2 3.19992E-2 6.81535E-2 -9999 -9999 -9999 -9999 2.08084E-1 4.64426E-1 -9999 -9999 -9999 -9999 -9999 -9999 -9999 -9999 -9999 -9999 -9999 -9999 -9999 -9999 -9999 -9999 -9999 -9999 -9999 -9999 -9999 7.56723E-3 1.30449E-2 2.02019E-2 1.04466E-2 8.6212E-3 1.21201E-2 1.8719E-2 1.60314E-2 3.87899E-2 3.82336E-2 2.9454E-2 5.17481E-2 9.42259E-2 2.08439E-1 2.42759E-1 1.78315E-1 2.53776E-2 2.11449E-2 1.13382E-1 1.0202E-1 3.33438E-2 3.00804E-2 -9999 -9999 -9999 -9999 -9999 -9999 -9999 -9999 -9999 9.96935E-2 -9999 -9999 -9999
7.70014E-2 8.25776E-2 6.57404E-2 4.96752E-2 9.33853E-2 -9999 -9999 -9999 6.45218E-2 8.41327E-2 5.00397E-1 -9999 -9999 -9999 -9999 -9999 -9999 -9999 -9999 -9999 -9999 -9999 -9999 -9999 -9999 -9999 -9999 -9999 -9999 -9999 -9999 -9999 -9999 1.76955E-2 9.71564E-3 1.47993E-2 1.71696E-2 1.52188E-2 3.76469E-2 2.18803E-2 2.06128E-2 1.76701E-2 2.7647E-2 1.47707E-2 5.67318E-2 1.03667E-1 7.12336E-2 2.1667E-1 4.62953E-2 1.88022E-2 7.99569E-2 7.02454E-2 6.93886E-2 4.41113E-2 -9999 -9999 -9999 -9999 -9999 -9999 -9999 -9999 -9999 2.85473E-2 1.08531E-1 -9999 -9999
1.23781E-1 1.0118E-1 7.49463E-2 7.62388E-2 3.70081E-2 -9999 -9999 -9999 6.52584E-2 2.57891E-2 5.96643E-2 -9999 -9999 -9999 -9999 -9999 -9999 -9999 -9999 -9999 -9999 -9999 -9999 -9999 -9999 -9999 -9999 -9999 -9999 -9999 -9999 -9999 -9999 1.0929E-2 1.13917E-2 1.59099E-2 2.28135E-2 2.20959E-2 1.68957E-2 9.28984E-3 2.02119E-2 2.72757E-2 4.61404E-2 3.80939E-2 5.26737E-2 8.02097E-2 6.45935E-2 9.24535E-2 3.4359E-2 1.88057E-2 1.38251E-2 2.38559E-2 1.38401E-2 4.25622E-2 -9999 -9999 -9999 -9999 -9999 4.48755E-2 6.37844E-2 -9999 -9999 6.36899E-2 1.83208E-1 2.1224E-1 4.87399E-1
8.37707E-2 8.98766E-2 1.11116E-1 5.70702E-2 4.70967E-2 -9999 -9999 -9999 5.30245E-2 3.85988E-2 1.42604E-2 -9999 -9999 -9999 -9999 -9999 -9999 8.41261E-3 1.25202E-2 -9999 -9999 -9999 -9999 -9999 -9999 -9999 -9999 -9999 -9999 -9999 -9999 -9999 -9999 6.91604E-3 2.01865E-2 1.74453E-2 2.07992E-2 1.54386E-2 1.16011E-2 2.48809E-2 2.47116E-2 2.16179E-2 2.197E-2 3.7069E-2 5.35655E-2 7.8478E-2 5.38856E-2 1.72548E-1 2.06601E-1 2.22045E-1 2.18122E-1 1.78893E-1 1.96773E-1 2.28435E-1 -9999 -9999 -9999 -9999 -9999 3.84046E-2 4.67344E-2 2.51608E-2 -9999 -9999 1.04429E-1 2.17935E-1 3.26776E-1
1.25038E-1 6.04583E-2 7.67646E-2 2.23057E-1 1.28959E-1 -9999 -9999 1.35419E-2 3.70977E-2 3.93713E-2 6.22757E-2 -9999 -9999 -9999 -9999 -9999 -9999 4.22233E-2 1.68396E-2 -9999 -9999 -9999 -9999 -9999 -9999 -9999 -9999 -9999 -9999 -9999 -9999 -9999 -9999 9.43111E-3 3.89379E-2 2.62591E-2 1.83393E-2 8.21418E-3 1.06178E-2 7.95955E-3 2.31757E-2 3.26647E-2 6.79777E-2 6.45991E-2 5.94839E-2 7.19823E-2 8.81297E-2 1.87609E-1 3.88873E-1 1.23819E-1 4.26823E-2 9.46137E-2 2.73667E-1 1.58154E-1 -9999 -9999 -9999 -9999 -9999 6.33814E-2 6.89335E-2 2.17059E-2 -9999 -9999 8.55286E-3 1.35854E-2 8.88344E-2
1.12048E-1 5.15039E-2 5.81066E-2 1.13127E-1 1.32019E-1 -9999 -9999 3.20439E-2 2.49045E-2 1.47703E-2 4.72202E-2 -9999 -9999 -9999 -9999 -9999 -9999 9.69861E-2 9.55285E-2 -9999 -9999 -9999 -9999 -9999 -9999 -9999 -9999 -9999 -9999 -9999 -9999 -9999 -9999 -9999 1.41584E-2 2.86929E-2 5.22996E-2 2.8738E-2 1.40635E-2 6.86556E-3 7.13198E-3 2.1838E-2 5.0538E-2 4.82878E-2 6.28288E-2 1.96659E-1 2.54021E-1 3.78903E-1 4.58605E-1 1.93708E-1 1.2076E-1 1.35787E-1 1.05802E-1 -9999 -9999 -9999 8.1782E-2 5.5036E-2 -9999 6.29122E-2 3.95713E-3 9.702E-3 1.24408E-2 1.37939E-2 1.8187E-2 2.24261E-2 2.16478E-2
1.64701E-1 1.17596E-1 8.3198E-2 5.20928E-2 8.79392E-2 6.62166E-2 1.67648E-2 1.30187E-2 1.68861E-2 1.54911E-2 1.40769E-2 -9999 -9999 -9999 -9999 -9999 -9999 1.63416E-1 7.77841E-2 4.62183E-2 -9999 -9999 -9999 -9999 -9999 -9999 -9999 -9999 -9999 -9999 -9999 -9999 -9999 -9999 1.11493E-2 1.64436E-2 3.57029E-2 6.40044E-2 1.54466E-2 1.55155E-2 1.82587E-2 2.69379E-2 5.43246E-2 6.39905E-2 9.38662E-2 1.611E-1 2.2258E-1 1.84071E-1 5.48505E-1 1.74536E-1 1.30513E-1 7.70986E-2 -9999 -9999 -9999 -9999 7.80681E-2 4.50329E-2 7.4288E-2 6.69296E-2 9.27379E-3 3.83423E-3 1.77473E-2 7.71243E-3 3.0141E-2 2.71582E-2 1.13041E-2
1.2717E-1 1.20962E-1 1.28043E-1 6.19166E-2 1.04683E-1 6.08358E-2 1.3203E-2 1.67834E-2 2.47872E-2 4.27356E-3 3.48229E-3 -9999 -9999 -9999 -9999 -9999 1.1655E-1 1.36795E-1 1.30137E-1 8.28103E-2 -9999 -9999 -9999 -9999 -9999 -9999 -9999 -9999 -9999 -9999 -9999 -9999 -9999 -9999 1.04065E-2 1.53909E-2 2.68362E-2 9.24101E-2 4.57531E-2 1.49568E-2 1.51131E-2 3.0896E-2 5.37061E-2 6.04432E-2 1.29648E-1 2.74466E-1 3.66137E-1 2.32007E-1 2.71386E-1 1.73059E-1 5.97107E-2 2.32269E-2 -9999 -9999 -9999 4.99742E-2 6.98747E-2 8.85558E-2 1.0957E-1 4.28746E-2 7.19293E-2 6.16123E-3 5.72747E-3 8.22017E-3 3.63828E-2 5.4221E-2 1.48431E-2
4.9765E-2 5.04429E-2 9.10596E-2 7.644E-2 7.47809E-2 3.0485E-2 4.12397E-2 2.45038E-2 1.53643E-2 1.42625E-2 1.34922E-2 -9999 -9999 -9999 -9999 -9999 6.22039E-2 3.24532E-1 2.88308E-1 1.65711E-1 7.41657E-2 4.38899E-2 -9999 -9999 -9999 -9999 -9999 -9999 -9999 -9999 -9999 -9999 -9999 -9999 -9999 1.85052E-2 7.55455E-2 8.57251E-2 3.73303E-2 3.57096E-2 4.70614E-2 6.06509E-2 8.01353E-2 4.38204E-2 1.14082E-1 3.75483E-1 4.02123E-1 4.72208E-1 4.33328E-1 8.01642E-2 1.50659E-1 1.03603E-1 -9999 -9999 1.02818E-1 5.6892E-2 8.30451E-2 1.99987E-1 3.2238E-1 2.06664E-1 4.20192E-2 1.92444E-2 9.16844E-3 3.54698E-3 2.99186E-3 8.86378E-3 3.44142E-3
5.23279E-2 6.43381E-2 8.68318E-2 1.63602E-1 1.11286E-1 3.84756E-2 1.22182E-1 8.61425E-2 5.44382E-2 4.08582E-2 4.82358E-2 -9999 -9999 -9999 -9999 -9999 7.55641E-2 5.74796E-2 5.50701E-1 6.37203E-1 3.39274E-1 8.60479E-2 1.28493E-1 -9999 -9999 -9999 -9999 -9999 -9999 -9999 -9999 -9999 -9999 -9999 -9999 3.72901E-2 6.01813E-2 8.04647E-2 7.39246E-2 4.71198E-2 4.42591E-2 4.86166E-2 4.03442E-2 1.18197E-1 2.70974E-1 3.73264E-1 6.14234E-1 5.45411E-1 2.76161E-1 1.17824E-1 3.29485E-1 -9999 -9999 -9999 9.87476E-2 7.08811E-2 1.1967E-1 6.65579E-1 2.77588E-1 1.22938E-1 8.85798E-2 1.84608E-2 2.3932E-2 1.07937E-3 9.23339E-3 1.33538E-2 7.37748E-3
6.42125E-2 7.20856E-2 1.03709E-1 9.4557E-2 1.31586E-1 8.26015E-2 1.32585E-1 6.34947E-2 8.07755E-2 9.92364E-2 8.85649E-2 -9999 -9999 -9999 -9999 -9999 8.09434E-2 1.28215E-1 6.2261E-2 3.31043E-1 5.90125E-1 2.52306E-1 2.17305E-1 -9999 -9999 -9999 -9999 -9999 -9999 -9999 -9999 -9999 -9999 -9999 -9999 1.42781E-2 3.52415E-2 4.17286E-2 7.28921E-2 2.91543E-2 7.63887E-2 7.74461E-2 1.39161E-1 1.20778E-1 3.19926E-1 6.03945E-1 4.53731E-1 3.98535E-1 3.104E-1 9.44546E-2 1.51038E-1 -9999 -9999 -9999 8.56114E-2 1.01583E-1 3.25961E-1 5.11509E-1 3.39819E-1 1.87606E-1 9.99758E-2 1.92666E-2 7.49286E-4 8.36424E-3 2.12447E-3 1.61406E-2 8.97375E-3
1.01163E-1 8.00287E-2 9.34986E-2 1.24287E-1 7.93981E-2 7.65474E-2 1.07313E-1 1.38729E-1 2.04676E-1 1.0835E-1 1.3194E-1 -9999 -9999 -9999 -9999 -9999 2.60386E-2 2.42373E-2 7.20525E-2 1.035E-1 2.48588E-1 2.29612E-1 2.24619E-1 -9999 -9999 -9999 -9999 -9999 -9999 -9999 -9999 -9999 -9999 -9999 -9999 3.2059E-2 3.9597E-2 2.70527E-2 4.42349E-2 3.6585E-2 1.18691E-1 1.34521E-1 2.70213E-1 2.05001E-1 2.19542E-1 5.82968E-1 4.43648E-1 2.74146E-1 2.79755E-1 7.5469E-2 -9999 -9999 -9999 3.2429E-1 1.3382E-1 1.92485E-1 1.55931E-1 2.45692E-1 2.85976E-1 2.37626E-1 1.30939E-1 4.3251E-3 5.82794E-4 1.1406E-2 7.98046E-3 1.04577E-2 6.12241E-3
-9999 7.0818E-2 1.02556E-1 1.27138E-1 1.34075E-1 8.16327E-2 1.17829E-1 6.71076E-2 2.4907E-1 1.98781E-1 1.37586E-1 -9999 -9999 -9999 -9999 -9999 2.23508E-2 2.39882E-2 4.5772E-2 9.55942E-2 8.87194E-2 1.49349E-1 9.20976E-2 -9999 -9999 -9999 -9999 -9999 -9999 3.96672E-2 -9999 -9999 -9999 -9999 -9999 -9999 2.95573E-2 5.38709E-3 2.51946E-2 4.36426E-2 1.10917E-1 1.85815E-1 2.88351E-1 2.14319E-1 1.78896E-1 5.86767E-1 3.59617E-1 2.08848E-1 1.21161E-1 2.25575E-1 -9999 -9999 -9999 1.97223E-1 1.33729E-1 1.7351E-1 2.10603E-1 1.81049E-1 1.32232E-1 1.83015E-1 6.11158E-2 8.78714E-4 5.1596E-4 1.06566E-2 2.37688E-3 1.68167E-2 1.67646E-2
-9999 -9999 1.38662E-1 1.65448E-1 1.34334E-1 7.32944E-2 8.20754E-2 7.17795E-2 1.22965E-1 1.993E-1 1.60031E-1 -9999 -9999 -9999 -9999 -9999 1.93297E-2 1.67549E-2 3.36019E-2 9.62185E-2 1.37409E-1 1.82199E-1 2.15447E-1 -9999 -9999 -9999 -9999 -9999 -9999 3.07046E-2 3.83099E-2 -9999 -9999 -9999 3.98403E-2 -9999 4.04748E-2 1.08446E-2 3.89308E-2 5.77067E-2 1.62252E-1 1.62135E-1 1.82922E-1 3.41459E-1 1.7121E-1 2.91908E-1 2.44627E-1 1.21615E-1 2.51234E-1 5.54428E-1 -9999 -9999 6.45021E-1 5.2192E-1 2.62341E-1 1.60008E-1 1.76959E-1 2.52451E-1 2.09657E-1 1.43252E-1 2.2276E-2 5.21289E-5 2.82973E-3 9.60646E-3 5.527E-4 1.23454E-2 1.05168E-2
-9999 -9999 1.62111E-1 1.74505E-1 1.41378E-1 8.16587E-2 9.82558E-2 1.61397E-1 1.58403E-1 4.11542E-1 3.18258E-1 -9999 -9999 -9999 -9999 -9999 1.32558E-2 2.80297E-2 2.43794E-2 7.78635E-2 2.12026E-1 3.77922E-1 3.22671E-1 -9999 -9999 -9999 -9999 -9999 -9999 8.8859E-2 6.83011E-2 -9999 -9999 -9999 7.27244E-2 8.61023E-2 8.10552E-2 1.00342E-1 1.29423E-1 2.88343E-1 2.29824E-1 1.94814E-1 2.79429E-1 3.4574E-1 5.12753E-1 2.49125E-1 1.6416E-1 3.43086E-1 6.17383E-1 5.01679E-1 6.75565E-1 5.18617E-1 4.41167E-1 4.8518E-1 1.83513E-1 2.3736E-2 8.06544E-2 5.47651E-2 1.09778E-1 1.1301E-1 5.40665E-2 6.07676E-3 4.96328E-5 1.55754E-3 2.06483E-3 9.54735E-3 1.36676E-2
-9999 -9999 -9999 9.56657E-2 1.12049E-1 1.50146E-1 6.48535E-2 7.22853E-2 9.96952E-2 2.42573E-1 1.06324E-1 9.29844E-2 -9999 -9999 -9999 7.29776E-2 5.57477E-2 5.23266E-2 4.61923E-2 1.01184E-1 1.66629E-1 5.33958E-1 2.70556E-1 2.48955E-1 -9999 -9999 -9999 -9999 -9999 6.27627E-2 9.39041E-2 8.90123E-2 -9999 -9999 7.64677E-2 1.07005E-1 1.65446E-1 1.00208E-1 1.42806E-1 2.2202E-1 2.41043E-1 2.97263E-1 2.18306E-1 1.87661E-1 3.23971E-1 1.97009E-1 1.20057E-1 1.55631E-1 5.04925E-1 7.70099E-1 6.13046E-1 5.46386E-1 5.59064E-1 4.90128E-1 2.93297E-1 6.48515E-2 1.5466E-2 4.53498E-2 5.84552E-2 3.39956E-2 1.62074E-2 2.22443E-2 1.04842E-3 1.44954E-3 6.42325E-4 3.72736E-3 1.15136E-2
-9999 -9999 -9999 8.62608E-2 1.13377E-1 8.73571E-2 1.24135E-1 6.70659E-2 1.63736E-1 1.65672E-1 1.49707E-1 9.54218E-2 -9999 -9999 -9999 6.24694E-2 2.37547E-2 1.52132E-2 2.92893E-2 7.93906E-2 2.53998E-1 3.65999E-1 2.48082E-1 1.52153E-1 -9999 -9999 -9999 -9999 -9999 1.52423E-1 1.30164E-1 6.66984E-2 -9999 -9999 1.02587E-1 1.42075E-1 1.26672E-1 1.70903E-1 1.85386E-1 1.22017E-1 1.26166E-1 2.28606E-1 2.27819E-1 3.0407E-1 3.84672E-1 3.54234E-1 4.13999E-1 1.49026E-1 6.44492E-1 7.28754E-1 4.05709E-1 4.60676E-1 4.76547E-1 2.15382E-1 2.53636E-1 1.93953E-1 8.90637E-2 3.33441E-2 3.64345E-2 5.74589E-2 3.88438E-2 2.11765E-2 5.0466E-5 7.25888E-4 5.31301E-4 9.14998E-3 7.85339E-3
-9999 -9999 -9999 -9999 1.45245E-1 1.56388E-1 9.09811E-2 6.9365E-2 1.16411E-1 1.95732E-1 2.07763E-1 1.65765E-1 1.48569E-1 -9999 -9999 4.08491E-2 2.73322E-2 6.84862E-2 2.45448E-2 7.67745E-2 1.73839E-1 2.59329E-1 4.44369E-1 2.65918E-1 -9999 -9999 -9999 -9999 -9999 -9999 1.12275E-1 1.13536E-1 8.78751E-2 3.38117E-2 6.41358E-2 1.0666E-1 9.74719E-2 9.37909E-2 1.79647E-1 2.88326E-1 9.47156E-2 8.22682E-2 1.04647E-1 1.29694E-1 2.20829E-1 2.69372E-1 3.0221E-1 4.42048E-1 7.45399E-1 5.06393E-1 3.53336E-1 4.79335E-1 2.91651E-1 4.32918E-1 3.08279E-1 2.9613E-1 1.01051E-1 4.25226E-2 1.39778E-2 2.91294E-2 2.40706E-2 7.75542E-3 2.42071E-5 3.29345E-3 1.46522E-3 7.89406E-3 5.07317E-2
2.23936E-1 -9999 -9999 -9999 -9999 1.34796E-1 1.02189E-1 1.07833E-1 1.79665E-1 1.34077E-1 1.91657E-1 1.44477E-1 2.2184E-1 -9999 -9999 7.08046E-2 6.94277E-2 1.75709E-1 7.53694E-2 4.92851E-2 1.36043E-1 1.34466E-1 3.62358E-1 3.46017E-1 1.86826E-1 -9999 -9999 -9999 -9999 -9999 1.51921E-1 6.67554E-2 1.60208E-1 1.15744E-1 8.08933E-2 9.52015E-2 4.89845E-2 9.56011E-2 7.88516E-2 2.44217E-1 1.10157E-1 1.13054E-1 8.36874E-2 1.12339E-1 2.31221E-1 2.62501E-1 2.91748E-1 4.74793E-1 5.8262E-1 6.00922E-1 2.71781E-1 2.41736E-1 4.11999E-1 2.24827E-1 2.62847E-1 2.69686E-1 8.68504E-2 4.26691E-2 2.23674E-2 4.44221E-3 2.33404E-4 3.69284E-4 1.98533E-4 4.88217E-4 5.19052E-3 3.25911E-3 2.23714E-2
1.88443E-1 3.54185E-1 -9999 -9999 -9999 1.76934E-1 1.22774E-1 1.49324E-1 1.37946E-1 1.1894E-1 2.57288E-1 8.13647E-2 2.01295E-1 1.96491E-1 1.49107E-1 1.30573E-1 2.47844E-1 2.61505E-1 8.58996E-2 4.71289E-2 1.1365E-1 1.60965E-1 2.02281E-1 2.05581E-1 2.54183E-1 -9999 -9999 -9999 -9999 -9999 1.37533E-1 8.24648E-2 6.8869E-2 7.8321E-2 7.42053E-2 5.90146E-2 6.20476E-2 6.06504E-2 6.68483E-2 2.54306E-1 2.08825E-1 8.03021E-2 9.86195E-2 1.14943E-1 1.34486E-1 2.39242E-1 2.72797E-1 3.67102E-1 3.66787E-1 4.1349E-1 2.80295E-1 2.68023E-1 4.3171E-1 1.28661E-1 2.26832E-1 7.0983E-2 8.84449E-2 2.78078E-2 2.17189E-2 1.81956E-3 5.73812E-5 8.88118E-5 5.23849E-4 2.88927E-3 5.76822E-3 2.53497E-3 2.30591E-2
1.57389E-1 2.09056E-1 1.76903E-1 -9999 -9999 1.86927E-1 1.53841E-1 8.98792E-2 1.48979E-1 9.54311E-2 1.3398E-1 1.01852E-1 1.63467E-1 2.29877E-1 3.16696E-1 1.88862E-1 9.65529E-2 2.70891E-1 7.36208E-2 4.92632E-2 6.14406E-2 9.69717E-2 8.37134E-2 1.08171E-1 -9999 -9999 -9999 -9999 -9999 -9999 5.95488E-2 5.22335E-2 6.72309E-2 1.36986E-1 1.12975E-1 1.34405E-1 1.77356E-1 1.75076E-1 1.59813E-1 2.58267E-1 2.45093E-1 2.62043E-1 1.38431E-1 1.09918E-1 1.20532E-1 1.56397E-1 2.44178E-1 2.7646E-1 2.62289E-1 2.04836E-1 2.35395E-1 1.96978E-1 3.00462E-1 1.53639E-1 2.04695E-1 1.39655E-1 1.22669E-1 4.54122E-2 1.89184E-2 1.35709E-2 2.97951E-5 4.55261E-4 1.32191E-3 5.43113E-3 4.46473E-3 3.27088E-3 6.06457E-3
1.45358E-1 1.03015E-1 9.53587E-2 -9999 -9999 1.38369E-1 1.26546E-1 1.63761E-1 1.14749E-1 1.0762E-1 1.73053E-1 1.50679E-1 6.72573E-2 9.77039E-2 1.53051E-1 1.00288E-1 8.08466E-2 1.40474E-1 8.30442E-2 1.04808E-1 2.96036E-2 4.96281E-2 5.25874E-2 1.82685E-1 -9999 -9999 -9999 1.56859E-1 -9999 -9999 4.11652E-2 3.36583E-2 3.13715E-2 1.43304E-1 2.47679E-1 3.44339E-1 3.37302E-1 1.74449E-1 1.74782E-1 3.17013E-1 2.07368E-1 3.48155E-1 3.71187E-1 3.50126E-1 1.44693E-1 1.48949E-1 1.50303E-1 2.26785E-1 3.62192E-1 3.21754E-1 1.99941E-1 1.3615E-1 7.23969E-2 1.30111E-1 2.08108E-1 1.81485E-1 5.14677E-2 2.61767E-2 1.64424E-2 7.42664E-3 1.35156E-3 6.31753E-3 1.60137E-2 4.69534E-2 1.26993E-2 1.45528E-2 5.76963E-2
1.60185E-1 1.37279E-1 1.33071E-1 6.76439E-2 1.04663E-1 9.65196E-2 1.46587E-1 1.32673E-1 1.00955E-1 1.16293E-1 1.0878E-1 1.04898E-1 5.45827E-2 1.33846E-1 1.36696E-1 1.61769E-1 1.82606E-1 1.42823E-1 1.09156E-1 7.19758E-2 3.97633E-2 2.95695E-2 7.0453E-2 8.65583E-2 7.23303E-2 -9999 1.54351E-1 1.21362E-1 -9999 -9999 1.21531E-1 5.78401E-2 3.05675E-2 3.35489E-2 8.79937E-2 2.22034E-1 2.02962E-1 2.10726E-1 1.52364E-1 3.01003E-1 1.97736E-1 3.16074E-1 4.51345E-1 6.69792E-1 2.70802E-1 2.40975E-1 2.78241E-1 4.12925E-1 4.11728E-1 3.54897E-1 5.38385E-1 2.02267E-1 6.23176E-2 8.40536E-2 4.83595E-2 6.64668E-2 4.78341E-2 3.00728E-2 4.54111E-2 2.86149E-2 1.2407E-3 1.41232E-2 2.56356E-2 2.82197E-2 4.37131E-2 4.89849E-2 5.00738E-2
1.8148E-1 2.45642E-1 1.10648E-1 7.2387E-2 1.33139E-1 1.34783E-1 1.00897E-1 9.26873E-2 8.51151E-2 1.12376E-1 9.683E-2 9.076E-2 1.4353E-1 2.22445E-1 2.16992E-1 2.98306E-1 2.51241E-1 1.02888E-1 8.4957E-2 1.53607E-1 1.24308E-1 1.53125E-2 1.12086E-2 3.09043E-2 4.55531E-2 -9999 7.77215E-2 1.23519E-1 2.00084E-1 1.01248E-1 2.93236E-1 1.10399E-1 9.90267E-2 9.25646E-2 1.0958E-1 1.54641E-1 2.19583E-1 3.04357E-1 2.46924E-1 2.17299E-1 1.00963E-1 1.65139E-1 4.82072E-1 7.20184E-1 1.99395E-1 9.89441E-2 1.74849E-1 2.02605E-1 3.30077E-1 3.84404E-1 4.35923E-1 1.54439E-1 4.10261E-2 1.4149E-1 1.18541E-1 5.6854E-2 3.80414E-2 4.38679E-2 1.14464E-2 2.12841E-2 2.30934E-2 4.06725E-2 5.22025E-2 2.07222E-2 1.45156E-2 2.37825E-2 4.06437E-3
1.15482E-1 1.08226E-1 1.52171E-1 6.61126E-2 8.43472E-2 1.3269E-1 7.32896E-2 1.21441E-1 1.47656E-1 1.01854E-1 5.77617E-2 7.85962E-2 2.17843E-1 2.03882E-1 1.9839E-1 2.62214E-1 1.43925E-1 8.66397E-2 2.08942E-1 1.57464E-1 1.25347E-1 4.3877E-2 1.18736E-2 1.39246E-2 1.45882E-2 1.60547E-2 4.40206E-2 1.08378E-1 2.05449E-1 1.64016E-1 1.77074E-1 2.63728E-1 5.66193E-2 7.39294E-2 9.74251E-2 2.11315E-1 2.07938E-1 2.71596E-1 2.22975E-1 1.99684E-1 1.60536E-1 3.08554E-1 5.30943E-1 3.45159E-1 1.3014E-1 9.95007E-2 1.89684E-1 2.68304E-1 2.83719E-1 3.26646E-1 3.83751E-1 1.48493E-1 9.6985E-2 4.47121E-2 3.2009E-2 2.62488E-2 2.42536E-2 3.07244E-2 1.9788E-2 8.71824E-3 2.15284E-2 3.15318E-2 4.88835E-2 3.52865E-3 2.99837E-3 1.41731E-2 4.87675E-3
8.52596E-2 7.42985E-2 1.0908E-1 1.07613E-1 6.12698E-2 5.58146E-2 1.19226E-1 1.28849E-1 8.71239E-2 8.7752E-2 6.69168E-2 4.45488E-2 1.39766E-1 1.64647E-1 1.79434E-1 2.54293E-1 1.96022E-1 1.35098E-1 1.23783E-1 1.05848E-1 6.03298E-2 7.14167E-2 3.44785E-2 1.26249E-2 5.62761E-3 1.65294E-2 1.99549E-2 4.01161E-2 1.83886E-1 2.81044E-1 8.28263E-2 1.58252E-1 5.68293E-2 1.30062E-1 5.71155E-2 1.45529E-1 3.24974E-1 1.88325E-1 2.58167E-1 1.97223E-1 3.49796E-1 3.57034E-1 6.4921E-1 1.50549E-1 1.08355E-1 1.32893E-1 1.84505E-1 1.95795E-1 1.40269E-1 2.24737E-1 3.01777E-1 5.1881E-2 2.81012E-2 2.41272E-2 2.53204E-2 9.50854E-3 7.97128E-3 2.05998E-2 2.1745E-2 1.61331E-2 8.34096E-3 1.31514E-2 3.53592E-2 3.03789E-2 3.32698E-3 6.34021E-3 6.44597E-3
1.17775E-1 7.06615E-2 1.00122E-1 1.15919E-1 8.10548E-2 6.9885E-2 7.84965E-2 9.75461E-2 1.02536E-1 1.2594E-1 9.78828E-2 3.69069E-2 4.3901E-2 8.68563E-2 1.17074E-1 3.38355E-1 3.04373E-1 1.9381E-1 1.03405E-1 6.35706E-2 4.24238E-2 8.6021E-2 9.17283E-2 3.4982E-2 1.22177E-2 1.15776E-2 6.61622E-3 9.58875E-3 8.07994E-2 2.10293E-1 8.79922E-2 1.62649E-1 1.86967E-1 1.44032E-1 5.45711E-2 1.3457E-1 2.6175E-1 2.57042E-1 1.78516E-1 1.24179E-1 2.38043E-1 3.00768E-1 5.6556E-1 1.58908E-1 1.17443E-1 8.79416E-2 8.36509E-2 8.12652E-2 6.17306E-2 1.50553E-1 2.59157E-1 7.2684E-2 4.90048E-2 3.79539E-2 2.19562E-2 8.42018E-3 1.92066E-3 5.75286E-3 4.54445E-3 1.6532E-2 2.39292E-2 1.86539E-2 4.40314E-2 1.30884E-2 9.83282E-4 2.72928E-3 4.40253E-3
7.28499E-2 9.2999E-2 8.02264E-2 1.05581E-1 1.27756E-1 7.50778E-2 9.51747E-2 1.50366E-1 9.77116E-2 8.57702E-2 7.9297E-2 6.31835E-2 2.59569E-2 5.90448E-2 1.17528E-1 2.48605E-1 2.3407E-1 1.66432E-1 1.32506E-1 4.73802E-2 4.19869E-2 1.29969E-1 1.7011E-1 1.77478E-1 4.94841E-2 1.4294E-2 3.03539E-3 9.92374E-3 2.46113E-2 1.99634E-1 1.67349E-1 5.74164E-2 7.78165E-2 1.64643E-1 5.1564E-2 1.54156E-1 2.02353E-1 1.68673E-1 1.05788E-1 1.39406E-1 3.64907E-1 5.62874E-1 3.25745E-1 2.72309E-1 1.78639E-1 1.24239E-1 1.02246E-1 8.2835E-2 1.22348E-1 4.38122E-2 9.10104E-2 8.87523E-2 5.5235E-2 9.18925E-2 1.21799E-2 6.25108E-3 3.58194E-4 7.39452E-5 6.46779E-3 3.60937E-3 3.62746E-3 4.3723E-3 1.47599E-2 1.76462E-3 2.05389E-3 2.97123E-3 1.30388E-3
