ENM/Final_Models/M_2_F_q_Set_1_EC/Gustavia_santanderiensis_8_Choco_clamping.asc
ncols         367
nrows         963
xllcorner     -78.6
yllcorner     0.65
cellsize      0.00833333333333323
NODATA_value  -9999
[rows 837 to 867 of 963, columns 0 to 69 of 367]
-9999 -9999 -9999 -9999 -9999 0E0 0E0 0E0 0E0 0E0 0E0 0E0 0E0 0E0 0E0 0E0 0E0 0E0 0E0 0E0 0E0 0E0 0E0 0E0 0E0 0E0 4.00854E-4 1.37496E-2 7.27977E-2 8.64127E-2 6.13085E-2 7.85234E-2 4.92865E-2 6.26994E-2 1.27341E-1 1.88934E-1 2.05208E-1 1.76717E-1 2.41739E-1 2.76934E-1 2.8832E-1 2.86136E-1 3.05801E-1 3.27874E-1 4.0375E-1 3.95789E-1 3.92439E-1 4.07969E-1 4.13032E-1 4.16533E-1 4.26034E-1 4.82759E-1 5.00685E-1 4.80653E-1 5.3701E-1 5.33658E-1 5.29623E-1 5.09151E-1 6.01147E-1 5.93318E-1 5.69621E-1 5.44098E-1 5.40418E-1 5.6912E-1 5.23946E-1 5.2941E-1 5.37235E-1 5.17022E-1 4.88515E-1 4.70193E-1
-9999 -9999 -9999 -9999 -9999 -9999 -9999 0E0 0E0 0E0 0E0 0E0 0E0 0E0 0E0 0E0 0E0 0E0 0E0 0E0 0E0 0E0 0E0 0E0 0E0 3.25894E-4 1.17781E-3 5.28759E-2 6.7382E-2 4.58722E-2 6.07804E-2 7.38263E-2 1.48731E-2 6.76526E-2 8.31753E-2 1.39851E-1 1.5542E-1 1.71437E-1 2.81079E-1 3.24314E-1 3.51368E-1 3.23059E-1 3.31643E-1 3.42737E-1 3.76313E-1 4.18299E-1 4.04087E-1 4.17757E-1 4.23457E-1 4.09037E-1 4.42455E-1 4.4451E-1 5.27725E-1 5.47427E-1 5.53338E-1 5.00277E-1 5.61245E-1 5.73992E-1 5.92781E-1 6.26408E-1 5.67038E-1 4.49175E-1 5.31846E-1 5.90491E-1 5.59656E-1 4.69423E-1 5.12605E-1 5.10069E-1 4.73868E-1 4.49662E-1
-9999 -9999 -9999 -9999 -9999 -9999 -9999 -9999 -9999 0E0 0E0 0E0 0E0 0E0 0E0 0E0 0E0 0E0 0E0 0E0 0E0 0E0 0E0 0E0 0E0 5.20178E-4 1.60597E-3 1.44898E-2 3.62831E-3 3.65023E-3 1.6462E-2 3.52703E-2 5.0318E-2 3.17561E-2 8.14432E-2 1.85949E-1 2.05518E-1 2.13435E-1 2.51107E-1 2.79712E-1 3.2176E-1 3.10936E-1 3.61608E-1 4.06623E-1 3.42178E-1 3.62976E-1 4.17487E-1 4.79984E-1 4.75835E-1 5.74202E-1 4.94301E-1 4.74239E-1 6.51033E-1 6.86894E-1 6.75684E-1 6.09983E-1 6.14136E-1 6.33919E-1 6.94503E-1 5.76177E-1 5.81541E-1 4.97866E-1 4.90347E-1 5.66983E-1 4.78972E-1 4.93004E-1 4.73416E-1 5.1445E-1 4.57348E-1 5.32654E-1
-9999 -9999 -9999 -9999 -9999 -9999 -9999 -9999 -9999 -9999 -9999 0E0 0E0 0E0 0E0 0E0 0E0 0E0 0E0 0E0 0E0 0E0 0E0 0E0 0E0 0E0 9.53504E-4 1.27357E-3 2.9039E-3 4.01951E-3 4.93594E-3 5.50838E-3 1.96146E-2 6.76038E-2 1.65804E-1 1.85381E-1 1.61169E-1 2.19876E-1 2.48296E-1 2.71587E-1 2.90199E-1 3.70473E-1 3.88567E-1 4.04629E-1 4.54672E-1 4.20063E-1 3.74699E-1 4.25373E-1 5.00514E-1 4.91955E-1 4.62802E-1 5.27069E-1 5.69674E-1 5.90049E-1 6.33195E-1 7.10735E-1 6.71261E-1 6.12989E-1 6.14063E-1 5.8696E-1 5.14833E-1 6.17615E-1 5.48533E-1 4.76355E-1 5.45022E-1 5.90489E-1 4.42081E-1 4.29849E-1 4.22995E-1 4.23588E-1
-9999 -9999 -9999 -9999 -9999 -9999 -9999 -9999 -9999 -9999 -9999 -9999 0E0 0E0 0E0 0E0 0E0 0E0 0E0 0E0 0E0 0E0 0E0 0E0 0E0 0E0 1.02541E-3 2.05555E-3 2.28782E-3 3.02457E-3 3.62332E-3 4.74922E-3 1.92054E-2 6.7606E-2 1.22873E-1 1.42858E-1 1.14107E-1 2.19084E-1 1.90966E-1 2.99008E-1 2.72605E-1 3.37293E-1 3.89277E-1 3.8991E-1 4.21283E-1 4.45712E-1 4.22436E-1 4.46204E-1 4.45723E-1 5.10748E-1 5.4938E-1 5.295E-1 5.19975E-1 6.37948E-1 6.19167E-1 6.24276E-1 6.80099E-1 6.50147E-1 5.87255E-1 6.21757E-1 6.06043E-1 5.4717E-1 5.2112E-1 4.53198E-1 4.66233E-1 5.14683E-1 5.03827E-1 4.49903E-1 4.2426E-1 3.76537E-1
-9999 -9999 -9999 -9999 -9999 -9999 -9999 -9999 -9999 -9999 -9999 -9999 -9999 -9999 0E0 0E0 0E0 0E0 0E0 0E0 0E0 0E0 0E0 0E0 0E0 0E0 1.60228E-4 1.38595E-3 3.04539E-3 3.34059E-3 4.40158E-3 4.69498E-3 1.89562E-2 6.3339E-2 1.21997E-1 1.38923E-1 1.55482E-1 1.71439E-1 1.90609E-1 2.48844E-1 2.91799E-1 3.29613E-1 3.56693E-1 3.72405E-1 3.86632E-1 3.92684E-1 3.82538E-1 4.20472E-1 4.70926E-1 5.17925E-1 4.85803E-1 5.60013E-1 5.14152E-1 6.34852E-1 6.0153E-1 6.02913E-1 5.9351E-1 6.52788E-1 5.51932E-1 4.84998E-1 5.19786E-1 5.39264E-1 5.06555E-1 5.14548E-1 4.62237E-1 4.79877E-1 4.80322E-1 4.59785E-1 4.45152E-1 4.38689E-1
-9999 -9999 -9999 -9999 -9999 -9999 -9999 -9999 -9999 -9999 -9999 -9999 -9999 -9999 -9999 -9999 0E0 0E0 0E0 0E0 0E0 0E0 0E0 0E0 0E0 0E0 0E0 1.73214E-3 2.84992E-3 2.48399E-3 1.88556E-2 3.92398E-3 1.73689E-2 3.11126E-2 1.20422E-1 1.35E-1 1.09575E-1 1.22331E-1 1.85488E-1 2.48642E-1 2.65342E-1 3.04143E-1 3.04692E-1 3.16685E-1 3.39815E-1 3.20991E-1 3.50059E-1 3.54587E-1 4.1829E-1 4.40971E-1 4.59309E-1 5.11033E-1 5.1726E-1 4.93431E-1 5.699E-1 5.46774E-1 5.65103E-1 6.23579E-1 5.53531E-1 5.13121E-1 6.03482E-1 6.60303E-1 5.84252E-1 4.87269E-1 4.69042E-1 4.387E-1 4.70834E-1 4.64859E-1 5.55469E-1 4.70474E-1
-9999 -9999 -9999 -9999 -9999 -9999 -9999 -9999 -9999 -9999 -9999 -9999 -9999 -9999 -9999 -9999 -9999 -9999 -9999 -9999 0E0 0E0 0E0 0E0 0E0 0E0 1.48258E-3 2.1732E-3 3.17467E-3 2.8187E-3 2.71677E-3 3.9161E-3 4.57725E-2 6.14216E-2 7.57223E-2 8.97516E-2 1.06098E-1 1.20732E-1 1.84036E-1 2.45279E-1 2.16693E-1 2.36092E-1 3.03917E-1 3.16903E-1 3.53473E-1 3.65803E-1 3.90933E-1 4.0428E-1 4.24639E-1 3.70876E-1 4.15474E-1 4.41478E-1 5.09103E-1 4.5735E-1 5.1851E-1 4.95097E-1 5.392E-1 5.18384E-1 5.05126E-1 5.58654E-1 5.10505E-1 5.77499E-1 5.21919E-1 4.79938E-1 5.07078E-1 5.26753E-1 4.88068E-1 4.75732E-1 5.21455E-1 5.50734E-1
-9999 -9999 -9999 -9999 -9999 -9999 -9999 -9999 -9999 -9999 -9999 -9999 -9999 -9999 -9999 -9999 -9999 -9999 -9999 -9999 -9999 0E0 0E0 0E0 0E0 2.05183E-5 5.54713E-4 2.02735E-3 2.30521E-2 2.87098E-3 1.49833E-2 3.23505E-2 4.50493E-2 3.05647E-2 4.33384E-2 5.82812E-2 1.37324E-1 1.64238E-1 1.3905E-1 1.5337E-1 2.57489E-1 2.70477E-1 2.91008E-1 3.01665E-1 3.20223E-1 3.69018E-1 3.16486E-1 3.53239E-1 4.337E-1 3.94428E-1 4.40431E-1 4.17907E-1 4.68159E-1 4.96127E-1 4.57855E-1 4.50285E-1 4.73194E-1 4.24854E-1 4.74932E-1 4.91691E-1 4.87204E-1 5.78727E-1 5.95951E-1 4.75888E-1 4.41592E-1 4.56414E-1 5.46527E-1 4.65659E-1 4.17689E-1 4.29938E-1
-9999 -9999 -9999 -9999 -9999 -9999 -9999 -9999 -9999 -9999 -9999 -9999 -9999 -9999 -9999 -9999 -9999 -9999 -9999 -9999 -9999 -9999 0E0 0E0 0E0 0E0 1.06944E-3 1.71999E-3 2.68042E-3 2.95461E-3 3.51644E-3 2.82108E-2 4.24874E-2 5.5524E-2 7.28284E-2 8.85351E-2 1.33176E-1 1.54682E-1 1.80361E-1 1.95444E-1 2.10653E-1 2.30746E-1 2.86886E-1 3.23943E-1 3.35258E-1 3.63628E-1 3.52235E-1 3.95857E-1 4.42325E-1 4.39404E-1 4.3834E-1 4.29384E-1 4.4052E-1 4.67196E-1 4.00755E-1 3.5278E-1 3.50426E-1 4.60355E-1 4.13137E-1 4.00562E-1 4.37413E-1 4.86267E-1 5.38022E-1 4.90359E-1 4.95113E-1 4.54961E-1 4.385E-1 4.11849E-1 3.74291E-1 3.68942E-1
-9999 -9999 -9999 -9999 -9999 -9999 -9999 -9999 -9999 -9999 -9999 -9999 -9999 -9999 -9999 -9999 -9999 -9999 -9999 -9999 -9999 -9999 -9999 -9999 0E0 0E0 0E0 5.85404E-3 1.32215E-3 2.46678E-3 1.55246E-2 2.78092E-2 4.05553E-2 5.47278E-2 6.8049E-2 1.56203E-1 1.81601E-1 1.95938E-1 2.11091E-1 2.59105E-1 2.66567E-1 2.64365E-1 2.99986E-1 2.83102E-1 3.02709E-1 3.25522E-1 3.6603E-1 3.77874E-1 4.27974E-1 4.31417E-1 4.22621E-1 4.12771E-1 4.03187E-1 3.8892E-1 3.84269E-1 3.27647E-1 3.97433E-1 4.53071E-1 3.91897E-1 3.94867E-1 3.87348E-1 4.73806E-1 4.76509E-1 4.70321E-1 4.82325E-1 4.21387E-1 4.43073E-1 4.25611E-1 4.25689E-1 3.95988E-1
-9999 -9999 -9999 -9999 -9999 -9999 -9999 -9999 -9999 -9999 -9999 -9999 -9999 -9999 -9999 -9999 -9999 -9999 -9999 -9999 -9999 -9999 -9999 -9999 -9999 -9999 6.75707E-4 5.94589E-3 1.66515E-3 1.78838E-3 1.35678E-2 2.5976E-2 3.94952E-2 5.50572E-2 3.68535E-2 1.36991E-1 1.94235E-1 2.11263E-1 2.34908E-1 2.7262E-1 2.81113E-1 2.84819E-1 2.67514E-1 2.77979E-1 2.7733E-1 3.29035E-1 3.63264E-1 4.03788E-1 4.19854E-1 4.16144E-1 4.19334E-1 3.80504E-1 3.75835E-1 3.74117E-1 4.35529E-1 3.3111E-1 3.23362E-1 4.66515E-1 3.53629E-1 3.08948E-1 3.84082E-1 4.01395E-1 4.11424E-1 4.64651E-1 4.51955E-1 4.00851E-1 4.39289E-1 3.96334E-1 3.6765E-1 4.06116E-1
-9999 -9999 -9999 -9999 -9999 -9999 -9999 -9999 -9999 -9999 -9999 -9999 -9999 -9999 -9999 -9999 -9999 -9999 -9999 -9999 -9999 -9999 -9999 -9999 -9999 -9999 -9999 5.61468E-3 6.93001E-4 1.55637E-3 1.02499E-2 2.58987E-2 3.82058E-2 4.8323E-2 6.20741E-2 1.1653E-1 1.32824E-1 1.50339E-1 2.02721E-1 2.46639E-1 2.30291E-1 2.54084E-1 2.54411E-1 2.71833E-1 2.65339E-1 3.40717E-1 3.8459E-1 3.77061E-1 4.01859E-1 3.97491E-1 3.85544E-1 3.87031E-1 3.95931E-1 3.72528E-1 3.28467E-1 2.98457E-1 3.17856E-1 4.12495E-1 3.17734E-1 2.63868E-1 3.27603E-1 4.16076E-1 4.51347E-1 4.8234E-1 4.4013E-1 4.19777E-1 3.96101E-1 3.53352E-1 4.09664E-1 4.13294E-1
-9999 -9999 -9999 -9999 -9999 -9999 -9999 -9999 -9999 -9999 -9999 -9999 -9999 -9999 -9999 -9999 -9999 -9999 -9999 -9999 -9999 -9999 -9999 -9999 -9999 -9999 -9999 -9999 -9999 9.45766E-4 9.93185E-3 2.22858E-2 3.64962E-2 4.64254E-2 1.00855E-1 4.76417E-2 8.43212E-2 8.61146E-2 1.99664E-1 1.48722E-1 1.80957E-1 2.04357E-1 2.27195E-1 2.46817E-1 3.1819E-1 3.40666E-1 3.35642E-1 3.53692E-1 3.86103E-1 4.04554E-1 4.28112E-1 4.16223E-1 3.4301E-1 3.18451E-1 3.84184E-1 3.29759E-1 2.85351E-1 3.49108E-1 3.3538E-1 2.60886E-1 3.89004E-1 3.70791E-1 3.86251E-1 4.37196E-1 4.04236E-1 4.50544E-1 4.23608E-1 4.01022E-1 3.87E-1 3.74647E-1
-9999 -9999 -9999 -9999 -9999 -9999 -9999 -9999 -9999 -9999 -9999 -9999 -9999 -9999 -9999 -9999 -9999 -9999 -9999 -9999 -9999 -9999 -9999 -9999 -9999 -9999 -9999 -9999 -9999 -9999 1.32619E-3 1.9379E-3 2.78274E-2 1.62818E-2 2.78405E-2 3.95785E-2 1.24328E-1 1.39771E-1 1.39746E-1 1.05899E-1 1.18615E-1 1.72599E-1 1.75356E-1 2.16084E-1 3.13173E-1 3.10993E-1 2.94456E-1 3.68558E-1 3.63563E-1 4.11644E-1 4.27507E-1 3.97511E-1 3.94691E-1 2.9363E-1 2.37391E-1 3.53224E-1 2.64351E-1 3.76427E-1 2.9681E-1 2.51029E-1 3.93126E-1 2.71161E-1 3.50556E-1 4.13027E-1 3.63765E-1 3.68964E-1 3.11122E-1 2.95081E-1 3.62151E-1 4.28844E-1
-9999 -9999 -9999 -9999 -9999 -9999 -9999 -9999 -9999 -9999 -9999 -9999 -9999 -9999 -9999 -9999 -9999 -9999 -9999 -9999 -9999 -9999 -9999 -9999 -9999 -9999 -9999 -9999 -9999 -9999 -9999 -9999 1.76848E-3 1.88338E-2 5.50297E-2 6.51381E-2 8.2727E-2 9.84909E-2 1.4818E-1 1.66709E-1 1.43549E-1 1.71048E-1 1.81808E-1 2.23775E-1 3.32468E-1 3.48984E-1 3.50702E-1 3.39991E-1 3.62189E-1 3.44212E-1 3.38388E-1 3.37638E-1 4.41815E-1 4.33393E-1 3.20639E-1 3.11988E-1 2.23213E-1 3.2002E-1 2.89043E-1 1.88251E-1 2.85826E-1 1.9367E-1 2.7317E-1 3.9354E-1 3.4321E-1 3.01208E-1 3.39166E-1 2.50029E-1 3.37117E-1 3.69211E-1
-9999 -9999 -9999 -9999 -9999 -9999 -9999 -9999 -9999 -9999 -9999 -9999 -9999 -9999 -9999 -9999 -9999 -9999 -9999 -9999 -9999 -9999 -9999 -9999 -9999 -9999 -9999 -9999 -9999 -9999 -9999 -9999 -9999 4.20853E-2 5.34655E-2 1.06873E-1 8.27608E-2 9.27496E-2 1.47371E-1 1.50272E-1 1.68872E-1 2.00854E-1 2.56142E-1 2.36748E-1 2.79168E-1 3.13325E-1 3.17836E-1 3.25187E-1 3.29965E-1 3.4768E-1 3.33376E-1 2.4045E-1 3.379E-1 3.77557E-1 3.66275E-1 2.14102E-1 1.79152E-1 3.11681E-1 2.56089E-1 1.66957E-1 2.50284E-1 2.12945E-1 2.33594E-1 3.57639E-1 2.84182E-1 2.23343E-1 3.37138E-1 2.39594E-1 3.78572E-1 3.86397E-1
-9999 -9999 -9999 -9999 -9999 -9999 -9999 -9999 -9999 -9999 -9999 -9999 -9999 -9999 -9999 -9999 -9999 -9999 -9999 -9999 -9999 -9999 -9999 -9999 -9999 -9999 -9999 -9999 -9999 -9999 -9999 -9999 -9999 -9999 -9999 1.35889E-1 1.12375E-1 1.28355E-1 1.3943E-1 1.67635E-1 1.41335E-1 2.02321E-1 2.14433E-1 2.52242E-1 2.69212E-1 2.72591E-1 2.82275E-1 2.6788E-1 3.05944E-1 3.66673E-1 3.71219E-1 2.36451E-1 2.99189E-1 3.12868E-1 3.66268E-1 2.66602E-1 1.08443E-1 2.40699E-1 2.51982E-1 1.46039E-1 1.9256E-1 1.60366E-1 1.57965E-1 2.38602E-1 2.7253E-1 2.38602E-1 2.95549E-1 2.86688E-1 3.07106E-1 3.36008E-1
-9999 -9999 -9999 -9999 -9999 -9999 -9999 -9999 -9999 -9999 -9999 -9999 -9999 -9999 -9999 -9999 -9999 -9999 -9999 -9999 -9999 -9999 -9999 -9999 -9999 -9999 -9999 -9999 -9999 -9999 -9999 -9999 -9999 -9999 -9999 -9999 1.0199E-1 8.41019E-2 1.31333E-1 1.52635E-1 1.63143E-1 1.78666E-1 2.05415E-1 2.37223E-1 2.49929E-1 1.91547E-1 2.90744E-1 2.82239E-1 2.82441E-1 3.20094E-1 3.28733E-1 2.97234E-1 2.69001E-1 1.86526E-1 3.51337E-1 3.14399E-1 2.29253E-1 1.49507E-1 2.23356E-1 1.69358E-1 1.41919E-1 1.48396E-1 1.05995E-1 2.15473E-1 1.94131E-1 2.6645E-1 2.79314E-1 1.84904E-1 1.73937E-1 3.0641E-1
-9999 -9999 -9999 -9999 -9999 -9999 -9999 -9999 -9999 -9999 -9999 -9999 -9999 -9999 -9999 -9999 -9999 -9999 -9999 -9999 -9999 -9999 -9999 -9999 -9999 -9999 -9999 -9999 -9999 -9999 -9999 -9999 -9999 -9999 -9999 -9999 -9999 1.42907E-1 1.57065E-1 1.14513E-1 1.33872E-1 1.38303E-1 1.47956E-1 1.76164E-1 1.70633E-1 2.16006E-1 2.21507E-1 2.49125E-1 2.37341E-1 2.28232E-1 2.61303E-1 2.35218E-1 2.83278E-1 2.0651E-1 2.8468E-1 2.68564E-1 2.599E-1 1.59136E-1 1.94716E-1 1.40887E-1 7.98412E-2 7.86262E-2 7.99108E-2 1.4338E-1 1.62601E-1 2.2951E-1 3.12327E-1 1.92983E-1 1.65471E-1 3.15184E-1
-9999 -9999 -9999 -9999 -9999 -9999 -9999 -9999 -9999 -9999 -9999 -9999 -9999 -9999 -9999 -9999 -9999 -9999 -9999 -9999 -9999 -9999 -9999 -9999 -9999 -9999 -9999 -9999 -9999 -9999 -9999 -9999 -9999 -9999 -9999 -9999 -9999 -9999 -9999 1.20025E-1 1.0356E-1 9.40023E-2 1.32169E-1 2.05361E-1 1.83201E-1 1.56964E-1 1.69173E-1 2.49222E-1 2.2401E-1 2.00345E-1 2.18627E-1 1.76027E-1 1.49468E-1 2.05472E-1 1.89902E-1 3.01387E-1 1.99592E-1 1.70683E-1 1.25481E-1 1.51423E-1 1.00766E-1 5.04474E-2 5.55141E-2 1.0244E-1 1.49355E-1 3.0073E-1 3.84848E-1 1.55459E-1 1.65973E-1 3.40383E-1
-9999 -9999 -9999 -9999 -9999 -9999 -9999 -9999 -9999 -9999 -9999 -9999 -9999 -9999 -9999 -9999 -9999 -9999 -9999 -9999 -9999 -9999 -9999 -9999 -9999 -9999 -9999 -9999 -9999 -9999 -9999 -9999 -9999 -9999 -9999 -9999 -9999 -9999 -9999 -9999 8.01727E-2 8.77613E-2 1.0676E-1 1.72505E-1 1.995E-1 1.63193E-1 1.62278E-1 1.97705E-1 1.04035E-1 1.55521E-1 1.35724E-1 2.32671E-1 2.00717E-1 2.07903E-1 2.26417E-1 2.00362E-1 3.64428E-1 2.53785E-1 1.56884E-1 8.51358E-2 9.68795E-2 6.94291E-2 4.25955E-2 5.05007E-2 1.33741E-1 2.78806E-1 2.57385E-1 2.21232E-1 2.56016E-1 3.20195E-1
-9999 -9999 -9999 -9999 -9999 -9999 -9999 -9999 -9999 -9999 -9999 -9999 -9999 -9999 -9999 -9999 -9999 -9999 -9999 -9999 -9999 -9999 -9999 -9999 -9999 -9999 -9999 -9999 -9999 -9999 -9999 -9999 -9999 -9999 -9999 -9999 -9999 -9999 -9999 -9999 8.32107E-2 8.68391E-2 1.50577E-1 1.51882E-1 1.52554E-1 1.36609E-1 2.10425E-1 1.43633E-1 1.95032E-1 1.60964E-1 1.58304E-1 1.28023E-1 1.67781E-1 2.07268E-1 2.89384E-1 1.59668E-1 2.49047E-1 2.83625E-1 2.00284E-1 1.45529E-1 7.32393E-2 7.13689E-2 4.00138E-2 5.01334E-2 1.48541E-1 2.4357E-1 3.25264E-1 2.46625E-1 2.56769E-1 2.80971E-1
-9999 -9999 -9999 -9999 -9999 -9999 -9999 -9999 -9999 -9999 -9999 -9999 -9999 -9999 -9999 -9999 -9999 -9999 -9999 -9999 -9999 -9999 -9999 -9999 -9999 -9999 -9999 -9999 -9999 -9999 -9999 -9999 -9999 -9999 -9999 -9999 -9999 -9999 -9999 -9999 6.31441E-2 8.73641E-2 1.37255E-1 1.46377E-1 1.43123E-1 1.83882E-1 2.10732E-1 1.30533E-1 1.31121E-1 1.37348E-1 9.8902E-2 9.65485E-2 1.08293E-1 1.33616E-1 2.24317E-1 2.08066E-1 1.34561E-1 2.52411E-1 1.92661E-1 1.92553E-1 1.00825E-1 4.50384E-2 2.11258E-2 7.34826E-2 1.58106E-1 2.24228E-1 1.32504E-1 1.65517E-1 2.57366E-1 2.90856E-1
-9999 -9999 -9999 -9999 -9999 -9999 -9999 -9999 -9999 -9999 -9999 -9999 -9999 -9999 -9999 -9999 -9999 -9999 -9999 -9999 -9999 -9999 -9999 -9999 -9999 -9999 -9999 -9999 -9999 -9999 -9999 -9999 -9999 -9999 -9999 -9999 -9999 -9999 -9999 -9999 5.63682E-2 8.61273E-2 1.36116E-1 1.36479E-1 1.85284E-1 1.38301E-1 1.81635E-1 1.27447E-1 1.68158E-1 8.96354E-2 1.34209E-1 1.16934E-1 7.68272E-2 1.34442E-1 1.42331E-1 2.52469E-1 2.33032E-1 2.65468E-1 1.54098E-1 1.74201E-1 1.76777E-1 6.70475E-2 3.57675E-2 9.80409E-2 1.5817E-1 1.90996E-1 1.90795E-1 2.46629E-1 2.99744E-1 2.60282E-1
-9999 -9999 -9999 -9999 -9999 -9999 -9999 -9999 -9999 -9999 -9999 -9999 -9999 -9999 -9999 -9999 -9999 -9999 -9999 -9999 -9999 -9999 -9999 -9999 -9999 -9999 -9999 -9999 -9999 -9999 -9999 -9999 -9999 -9999 -9999 -9999 -9999 -9999 6.15983E-2 4.02491E-2 7.74025E-2 1.14336E-1 1.19104E-1 1.12646E-1 1.44053E-1 1.58139E-1 1.78152E-1 1.78687E-1 8.68327E-2 8.87125E-2 1.2288E-1 1.11489E-1 5.76981E-2 7.34389E-2 7.04212E-2 1.55388E-1 2.11664E-1 1.65762E-1 1.57499E-1 1.26109E-1 1.38849E-1 1.14587E-1 6.05281E-2 1.02038E-1 1.4375E-1 2.22972E-1 1.56468E-1 2.18857E-1 2.69095E-1 2.65776E-1
-9999 -9999 -9999 -9999 -9999 -9999 -9999 -9999 -9999 -9999 -9999 -9999 -9999 -9999 -9999 -9999 -9999 -9999 -9999 -9999 -9999 -9999 -9999 -9999 -9999 -9999 -9999 -9999 -9999 -9999 -9999 -9999 -9999 -9999 -9999 -9999 -9999 -9999 5.94403E-2 2.67914E-2 7.30099E-2 9.7638E-2 1.15652E-1 1.02318E-1 1.42182E-1 1.28739E-1 1.3874E-1 1.32923E-1 7.37752E-2 9.27363E-2 7.69589E-2 9.41369E-2 5.52812E-2 5.19902E-2 6.26454E-2 7.56059E-2 1.02605E-1 1.72105E-1 1.55119E-1 6.41573E-2 6.70293E-2 9.61618E-2 6.37129E-2 7.57866E-2 1.19423E-1 1.76609E-1 2.06446E-1 2.10654E-1 2.31594E-1 2.56497E-1
-9999 -9999 -9999 -9999 -9999 -9999 -9999 -9999 -9999 -9999 -9999 -9999 -9999 -9999 -9999 -9999 -9999 -9999 -9999 -9999 -9999 -9999 -9999 -9999 -9999 -9999 -9999 -9999 -9999 -9999 -9999 -9999 -9999 -9999 -9999 -9999 -9999 -9999 5.30575E-2 3.85187E-2 6.0659E-2 5.6883E-2 5.92105E-2 6.82984E-2 1.20003E-1 9.91677E-2 6.1444E-2 5.28587E-2 8.38564E-2 6.69628E-2 6.44187E-2 8.24805E-2 6.59481E-2 4.42559E-2 4.3383E-2 4.01124E-2 8.51946E-2 1.04589E-1 1.47725E-1 7.38754E-2 4.30694E-2 6.31314E-2 7.57886E-2 6.30744E-2 9.30345E-2 1.5608E-1 9.69299E-2 1.39166E-1 2.16021E-1 2.27691E-1
-9999 -9999 -9999 -9999 -9999 -9999 -9999 -9999 -9999 -9999 -9999 -9999 -9999 -9999 -9999 -9999 -9999 -9999 -9999 -9999 -9999 -9999 -9999 -9999 -9999 -9999 -9999 -9999 -9999 -9999 -9999 -9999 -9999 -9999 -9999 -9999 -9999 4.60018E-2 5.72728E-2 3.09772E-2 3.92932E-2 4.14887E-2 4.36118E-2 7.56987E-2 1.07673E-1 1.84681E-1 1.70203E-1 6.00715E-2 7.07144E-2 7.73701E-2 3.83231E-2 5.08197E-2 3.76423E-2 6.18698E-2 3.24139E-2 3.12572E-2 4.36398E-2 8.56945E-2 7.85095E-2 7.48355E-2 2.90468E-2 4.74572E-2 6.52189E-2 5.80029E-2 7.27229E-2 8.70765E-2 5.26695E-2 7.60805E-2 2.29519E-1 0E0
-9999 -9999 -9999 -9999 -9999 -9999 -9999 -9999 -9999 -9999 -9999 -9999 -9999 -9999 -9999 -9999 -9999 -9999 -9999 -9999 -9999 -9999 -9999 -9999 -9999 -9999 -9999 -9999 -9999 -9999 -9999 -9999 -9999 -9999 -9999 -9999 2.06682E-2 4.23396E-2 3.98556E-2 3.67808E-2 3.82539E-2 3.79862E-2 3.50013E-2 5.33529E-2 1.24783E-1 6.62232E-2 1.20033E-1 1.2718E-1 8.16746E-2 8.61219E-2 6.68705E-2 6.31016E-2 0E0 5.01563E-2 3.02998E-2 3.48658E-2 5.70512E-2 4.49079E-2 6.70509E-2 5.40378E-2 3.99335E-2 4.22068E-2 5.13125E-2 6.59073E-2 6.01347E-2 5.4575E-2 1.03947E-1 2.25628E-1 0E0 0E0
-9999 -9999 -9999 -9999 -9999 -9999 -9999 -9999 -9999 -9999 -9999 -9999 -9999 -9999 -9999 -9999 -9999 -9999 -9999 -9999 -9999 -9999 -9999 -9999 -9999 -9999 -9999 -9999 -9999 -9999 -9999 -9999 -9999 -9999 -9999 -9999 1.46459E-2 7.09794E-3 3.3052E-2 1.99469E-2 2.22224E-2 2.8881E-2 2.939E-2 4.7546E-2 7.65298E-2 9.14521E-2 5.94367E-2 4.22126E-2 5.94981E-2 6.34181E-2 5.64227E-2 4.50275E-2 0E0 4.87744E-2 2.70432E-2 1.64618E-2 2.93834E-2 2.16625E-2 4.11946E-2 3.41274E-2 3.24572E-2 3.10159E-2 5.66475E-2 2.46962E-2 2.03503E-2 0E0 3.94694E-2 9.09795E-2 0E0 0E0
