ENM/Final_Models/M_2_F_q_Set_1_EC/Gustavia_santanderiensis_2_Choco.asc
ncols         367
nrows         963
xllcorner     -78.6
yllcorner     0.65
cellsize      0.00833333333333323
NODATA_value  -9999
[rows 594 to 626 of 963, columns 150 to 224 of 367]
-9999 -9999 -9999 -9999 -9999 -9999 -9999 -9999 -9999 -9999 -9999 -9999 -9999 -9999 -9999 -9999 -9999 -9999 -9999 -9999 -9999 -9999 -9999 -9999 -9999 -9999 -9999 8.66434E-1 9.17271E-1 6.50319E-1 8.38981E-1 9.70076E-1 9.90195E-1 9.99965E-1 9.99507E-1 9.99443E-1 9.95341E-1 9.98889E-1 9.95409E-1 9.91551E-1 9.82156E-1 9.95927E-1 9.93184E-1 9.11783E-1 9.81613E-1 9.97133E-1 9.07927E-1 1E0 9.99915E-1 9.99987E-1 9.75802E-1 9.79184E-1 7.77955E-1 1.66115E-1 1.15002E-1 1.09791E-1 1.27923E-1 1.65091E-1 2.49847E-1 3.64686E-1 1.65796E-1 2.78532E-1 1.47451E-1 1.85125E-2 1.59393E-1 3.49331E-1 1.19265E-1 9.16411E-2 4.6368E-1 5.42385E-1 3.56388E-2 2.36898E-3 2.95823E-3 4.83574E-3 7.05054E-2
-9999 -9999 -9999 -9999 -9999 -9999 -9999 -9999 -9999 -9999 -9999 -9999 -9999 -9999 -9999 -9999 -9999 -9999 -9999 -9999 -9999 -9999 -9999 -9999 -9999 -9999 -9999 -9999 -9999 8.87083E-1 9.55674E-1 9.97892E-1 9.94054E-1 9.99872E-1 9.99991E-1 1E0 9.99998E-1 9.94515E-1 9.89567E-1 9.94415E-1 9.61167E-1 9.9403E-1 9.97169E-1 6.15113E-1 9.80478E-1 9.97804E-1 9.87634E-1 9.99996E-1 9.99998E-1 9.78902E-1 9.44511E-1 9.83771E-1 9.63358E-1 4.51659E-1 1.75578E-1 1.26178E-1 2.51789E-1 1.47355E-1 2.23715E-1 1.96195E-1 1.85099E-2 1.81708E-2 2.68034E-2 3.91552E-2 1.71189E-1 4.05642E-1 8.90204E-2 8.58288E-2 2.47864E-1 4.23004E-1 9.14061E-2 7.80863E-3 1.06414E-2 5.99776E-3 9.97472E-3
-9999 -9999 -9999 -9999 -9999 -9999 -9999 -9999 -9999 -9999 -9999 -9999 -9999 -9999 -9999 -9999 -9999 -9999 -9999 -9999 -9999 -9999 -9999 -9999 -9999 -9999 -9999 -9999 8.83546E-1 7.86386E-1 8.59883E-1 9.95906E-1 9.96462E-1 9.99279E-1 9.99625E-1 9.9991E-1 9.99617E-1 9.96063E-1 9.99698E-1 9.91977E-1 9.38832E-1 9.2149E-1 8.8895E-1 9.5816E-1 9.94281E-1 9.9986E-1 9.27408E-1 9.88892E-1 9.65545E-1 9.32808E-1 8.72824E-1 9.79873E-1 9.72987E-1 7.23571E-1 5.08583E-1 3.50236E-1 1.85024E-1 1.63556E-1 2.3949E-1 3.63827E-1 5.92523E-2 1.44753E-2 1.1686E-2 2.50572E-2 1.38409E-1 7.44092E-2 7.57026E-2 9.13764E-2 3.41861E-1 4.45723E-1 1.13576E-1 2.00356E-2 6.31705E-3 6.55572E-3 5.28474E-3
-9999 -9999 -9999 -9999 -9999 -9999 -9999 -9999 -9999 -9999 -9999 -9999 -9999 -9999 -9999 -9999 -9999 -9999 -9999 -9999 -9999 -9999 -9999 -9999 -9999 -9999 -9999 9.99529E-1 9.10965E-1 9.63272E-1 9.27063E-1 9.7304E-1 9.99614E-1 9.75485E-1 9.68102E-1 8.95973E-1 9.85696E-1 9.94297E-1 9.71117E-1 8.00844E-1 7.87551E-1 9.76728E-1 9.83018E-1 9.99858E-1 9.99977E-1 9.94709E-1 9.94213E-1 9.79764E-1 8.39408E-1 9.77172E-1 9.82834E-1 9.89465E-1 8.97245E-1 8.016E-1 7.21155E-1 9.42055E-1 8.97567E-1 8.60449E-1 7.39E-1 5.34005E-1 8.92221E-3 4.31876E-3 1.18064E-2 5.99281E-2 4.09135E-2 9.2591E-3 8.35738E-3 3.27073E-2 7.73638E-2 1.90066E-1 1.30593E-1 8.43622E-2 3.16412E-2 1.21974E-2 2.4353E-3
-9999 -9999 -9999 -9999 -9999 -9999 -9999 -9999 -9999 -9999 -9999 -9999 -9999 -9999 -9999 -9999 -9999 -9999 -9999 -9999 -9999 -9999 9.191E-1 7.12898E-1 8.65074E-1 9.3077E-1 9.96004E-1 9.99359E-1 9.98098E-1 9.99368E-1 9.95067E-1 9.97652E-1 9.94184E-1 9.98978E-1 9.66806E-1 7.25788E-1 8.99518E-1 9.51182E-1 9.98861E-1 9.35929E-1 9.50707E-1 9.77313E-1 9.91264E-1 9.99608E-1 9.92088E-1 1E0 9.76911E-1 8.83312E-1 9.06306E-1 7.75088E-1 7.74904E-1 9.88727E-1 9.95945E-1 9.89978E-1 9.06839E-1 9.94321E-1 9.56846E-1 9.67173E-1 9.48983E-1 8.45763E-1 6.28874E-1 1.4231E-1 5.225E-1 2.31674E-1 3.02531E-1 7.80836E-2 1.4036E-2 1.60436E-2 4.98878E-2 5.01921E-2 3.63544E-2 4.67275E-2 1.01344E-2 1.75191E-3 2.10337E-3
-9999 -9999 -9999 -9999 -9999 -9999 -9999 -9999 -9999 -9999 -9999 -9999 -9999 -9999 -9999 -9999 -9999 -9999 -9999 -9999 -9999 -9999 9.14416E-1 9.68556E-1 8.87279E-1 7.77191E-1 9.82222E-1 9.99313E-1 1E0 9.99791E-1 9.99377E-1 9.99841E-1 9.97888E-1 9.75919E-1 8.78088E-1 9.90827E-1 9.7093E-1 9.99244E-1 9.96197E-1 7.75688E-1 6.80117E-1 9.99369E-1 9.99848E-1 9.97806E-1 9.99698E-1 9.98114E-1 9.87575E-1 9.15075E-1 9.1234E-1 6.57232E-1 7.81256E-1 2.96181E-1 8.60581E-1 8.51196E-1 8.15232E-1 9.60293E-1 9.45333E-1 9.79919E-1 9.06867E-1 9.36786E-1 8.20868E-1 4.84592E-1 3.55634E-1 2.30785E-1 5.42227E-1 6.17959E-2 5.42162E-3 4.61448E-3 1.50594E-2 6.3289E-2 4.42331E-2 5.94516E-2 3.45884E-2 3.88626E-2 8.76262E-3
-9999 -9999 -9999 -9999 -9999 -9999 -9999 -9999 -9999 -9999 -9999 -9999 -9999 -9999 -9999 -9999 -9999 -9999 -9999 -9999 -9999 -9999 7.48653E-1 8.71534E-1 9.05362E-1 9.79648E-1 9.99379E-1 9.99997E-1 9.99998E-1 9.99958E-1 9.97093E-1 9.99851E-1 9.99316E-1 9.99988E-1 9.92087E-1 9.99995E-1 9.9932E-1 9.92324E-1 9.98464E-1 9.06576E-1 7.7368E-1 9.51809E-1 9.9753E-1 9.95502E-1 9.53606E-1 9.20071E-1 9.41312E-1 9.99879E-1 9.99576E-1 6.55783E-1 3.67364E-1 2.93277E-1 5.40319E-1 9.69293E-1 8.97855E-1 9.56765E-1 9.22473E-1 9.47165E-1 8.06969E-1 7.76273E-1 7.0084E-1 6.70147E-1 6.79692E-1 4.44328E-1 3.3078E-1 1.52004E-2 4.45026E-3 1.05385E-2 3.25135E-2 3.4328E-2 9.49815E-2 1.24103E-2 1.45497E-2 1.22215E-2 8.54094E-3
-9999 -9999 -9999 -9999 -9999 -9999 -9999 -9999 -9999 -9999 -9999 -9999 -9999 -9999 -9999 -9999 -9999 -9999 -9999 -9999 -9999 -9999 7.95048E-1 8.07894E-1 8.98666E-1 -9999 -9999 -9999 1E0 9.95251E-1 9.97993E-1 9.99945E-1 9.99509E-1 9.99581E-1 9.92708E-1 9.1713E-1 8.64274E-1 9.95823E-1 9.70451E-1 5.38353E-1 7.07601E-1 7.20086E-1 7.08764E-1 9.2678E-1 8.37395E-1 6.59114E-1 6.07358E-1 9.0118E-1 7.67636E-1 9.28959E-1 4.63424E-1 1.43132E-1 7.01984E-1 7.91712E-1 8.58137E-1 9.1716E-1 9.6182E-1 9.84216E-1 9.10827E-1 7.26341E-1 6.12816E-1 4.29756E-1 3.49048E-1 4.48149E-1 3.44452E-1 2.29845E-2 5.77052E-3 4.94793E-3 3.46043E-2 6.77016E-2 9.10226E-2 2.33886E-2 1.2863E-2 1.16324E-2 1.33226E-2
-9999 -9999 -9999 -9999 -9999 -9999 -9999 -9999 -9999 -9999 -9999 -9999 -9999 -9999 -9999 -9999 -9999 -9999 -9999 -9999 -9999 -9999 9.39667E-1 9.33296E-1 -9999 9.9271E-1 9.99954E-1 1E0 1E0 1E0 9.87769E-1 9.95037E-1 9.99893E-1 9.95792E-1 9.86131E-1 9.99996E-1 9.99922E-1 9.33688E-1 6.7703E-1 7.53952E-1 9.22979E-1 8.09652E-1 6.53261E-1 8.28865E-1 7.65948E-1 7.8276E-1 4.87886E-1 7.55426E-1 9.47391E-1 7.11293E-1 5.80004E-1 5.46051E-1 6.22678E-1 9.52883E-1 9.85993E-1 9.83417E-1 9.02515E-1 8.22593E-1 9.01977E-1 8.72304E-1 6.48231E-1 6.11545E-1 4.84803E-1 1.65398E-1 1.52468E-1 7.27623E-3 7.59788E-3 1.42866E-2 2.89965E-2 6.30618E-2 4.16628E-2 7.7901E-3 2.34184E-3 1.43144E-2 7.28639E-3
-9999 -9999 -9999 -9999 -9999 -9999 -9999 -9999 -9999 -9999 -9999 -9999 -9999 -9999 -9999 -9999 -9999 -9999 -9999 9.98319E-1 9.97441E-1 9.95704E-1 -9999 -9999 -9999 9.99812E-1 9.95655E-1 9.99934E-1 9.99981E-1 9.99853E-1 9.99783E-1 9.98441E-1 9.97253E-1 9.99398E-1 9.99738E-1 9.86533E-1 9.99584E-1 9.97189E-1 8.96388E-1 8.22252E-1 9.85042E-1 9.74818E-1 7.55857E-1 7.77191E-1 7.19734E-1 6.14746E-1 3.41681E-1 9.62248E-1 9.59166E-1 9.51411E-1 9.83318E-1 8.49948E-1 7.74931E-1 8.0763E-1 4.54647E-1 8.28407E-1 8.38693E-1 7.24618E-1 7.64508E-1 7.07407E-1 6.13377E-1 6.91551E-1 5.3514E-1 2.76353E-1 2.25203E-2 1.39905E-3 5.30672E-3 9.01831E-4 6.84117E-4 2.22172E-2 3.41834E-2 3.82122E-3 8.58312E-4 8.53421E-3 2.32751E-3
-9999 -9999 -9999 -9999 -9999 -9999 -9999 -9999 -9999 -9999 -9999 -9999 -9999 -9999 -9999 -9999 -9999 -9999 -9999 -9999 9.9379E-1 9.58031E-1 9.90026E-1 1E0 1E0 1E0 9.99999E-1 9.9999E-1 9.99995E-1 9.99999E-1 9.99955E-1 9.99968E-1 1E0 9.58739E-1 9.98582E-1 9.99284E-1 9.99864E-1 6.48976E-1 6.61168E-1 9.54804E-1 9.76482E-1 9.40044E-1 6.5118E-1 6.62252E-1 9.01546E-1 9.49347E-1 7.21717E-1 9.6783E-1 9.97452E-1 9.49212E-1 9.502E-1 9.60076E-1 9.80894E-1 8.46142E-1 9.53186E-1 8.06566E-1 6.31706E-1 8.03888E-1 8.07502E-1 8.1229E-1 7.83596E-1 4.84216E-1 4.35994E-1 4.52923E-1 6.57918E-3 6.74434E-3 1.26777E-2 5.60133E-3 2.59606E-3 4.42002E-3 1.6301E-2 8.76694E-3 3.10705E-3 5.11012E-3 8.08465E-3
-9999 -9999 -9999 -9999 -9999 -9999 -9999 -9999 -9999 -9999 -9999 -9999 -9999 -9999 -9999 -9999 -9999 -9999 -9999 9.99606E-1 -9999 9.36462E-1 1E0 9.9999E-1 9.99988E-1 1E0 1E0 1E0 9.99969E-1 9.99979E-1 9.9999E-1 9.99603E-1 9.99337E-1 1E0 9.77476E-1 9.99916E-1 9.99949E-1 9.97769E-1 9.9898E-1 9.80928E-1 6.61312E-1 9.45991E-1 7.16296E-1 6.71914E-1 9.91094E-1 9.99653E-1 8.97656E-1 9.32736E-1 9.96597E-1 9.72803E-1 8.41048E-1 8.31401E-1 9.47295E-1 9.63656E-1 7.8812E-1 6.09434E-1 5.55085E-1 7.71747E-1 3.98682E-1 4.01314E-1 6.46935E-1 5.45306E-1 4.14192E-1 1.57174E-1 1.01031E-1 1.4753E-2 5.0647E-2 1.19414E-2 8.49362E-3 1.43304E-2 3.13781E-2 7.37798E-3 2.45616E-2 5.76876E-3 1.01913E-2
-9999 -9999 -9999 -9999 -9999 -9999 -9999 -9999 -9999 -9999 -9999 -9999 -9999 -9999 -9999 -9999 -9999 -9999 -9999 7.16888E-1 8.86968E-1 9.97141E-1 9.99438E-1 9.99281E-1 9.99125E-1 9.99975E-1 9.99969E-1 9.99972E-1 9.99982E-1 9.99849E-1 9.99759E-1 1E0 9.99954E-1 9.92159E-1 9.9642E-1 9.99763E-1 9.99462E-1 9.92133E-1 9.99691E-1 9.46523E-1 9.88341E-1 9.89744E-1 6.89863E-1 5.67077E-1 9.71144E-1 9.93578E-1 9.54639E-1 8.59493E-1 9.50605E-1 9.99125E-1 9.8002E-1 9.60125E-1 9.41239E-1 9.92238E-1 7.88845E-1 8.49819E-1 7.27172E-1 1.01169E-1 8.61104E-2 7.4049E-2 7.75805E-2 4.63818E-2 4.31891E-2 2.20045E-1 1.43999E-1 1.2199E-1 7.56525E-2 2.48988E-2 1.41073E-2 1.6956E-2 4.29918E-1 2.08033E-1 1.57439E-2 5.399E-3 4.90666E-3
-9999 -9999 -9999 -9999 -9999 -9999 -9999 -9999 -9999 -9999 -9999 -9999 -9999 -9999 -9999 -9999 -9999 -9999 -9999 9.5499E-1 9.6627E-1 1E0 1E0 9.99996E-1 9.99999E-1 9.99915E-1 9.99959E-1 9.99938E-1 9.99991E-1 9.9999E-1 9.99985E-1 1E0 9.99999E-1 9.99951E-1 9.9996E-1 9.99454E-1 9.99873E-1 9.99965E-1 9.99995E-1 9.97277E-1 9.72649E-1 9.43945E-1 9.33332E-1 9.04683E-1 9.43706E-1 9.92788E-1 9.86777E-1 9.37836E-1 2.93417E-1 2.25641E-1 9.96201E-1 9.98319E-1 9.99894E-1 9.92653E-1 8.27588E-1 7.39294E-1 2.79602E-2 1.08223E-2 1.62415E-2 2.48321E-2 5.43196E-3 5.85692E-3 6.69415E-3 2.13095E-1 1.05023E-1 4.14614E-1 1.56834E-1 3.08462E-2 3.06666E-2 3.30244E-2 6.91463E-2 8.00053E-2 4.18746E-2 5.81852E-3 3.50849E-3
-9999 -9999 -9999 -9999 -9999 -9999 -9999 -9999 -9999 -9999 -9999 -9999 -9999 -9999 -9999 -9999 -9999 9.73754E-1 -9999 9.58249E-1 9.77683E-1 1E0 1E0 9.99934E-1 9.99974E-1 9.99318E-1 9.97759E-1 9.99939E-1 9.99987E-1 9.99958E-1 9.99998E-1 1E0 9.99997E-1 9.99991E-1 9.99833E-1 9.9986E-1 9.96819E-1 9.99972E-1 9.98643E-1 8.46221E-1 9.66419E-1 8.53743E-1 8.29512E-1 6.98717E-1 9.87849E-1 9.5908E-1 9.52796E-1 8.29978E-1 7.20182E-1 8.11471E-1 9.91832E-1 9.96791E-1 9.82703E-1 4.27992E-1 8.37265E-1 7.41132E-1 5.36482E-2 8.09204E-2 9.54474E-2 1.62842E-2 1.98809E-2 3.50798E-3 5.23763E-3 1.89525E-1 3.12947E-1 8.49144E-1 2.67418E-1 6.82072E-2 6.11563E-2 6.061E-2 6.18483E-2 5.92477E-2 1.7993E-2 3.69948E-3 5.94264E-3
-9999 -9999 -9999 -9999 -9999 -9999 -9999 -9999 -9999 -9999 -9999 -9999 -9999 -9999 -9999 -9999 2.42578E-1 3.80005E-1 8.87745E-1 9.99999E-1 9.99988E-1 9.99998E-1 9.9999E-1 9.99914E-1 9.99864E-1 9.97013E-1 9.99902E-1 9.99925E-1 9.99895E-1 9.9999E-1 9.99991E-1 9.99259E-1 9.99984E-1 9.86288E-1 9.98504E-1 9.99976E-1 9.98819E-1 9.99977E-1 9.9336E-1 9.67496E-1 9.10923E-1 9.22104E-1 9.96317E-1 9.93896E-1 9.63189E-1 8.55879E-1 9.50763E-1 9.83595E-1 7.71462E-1 7.01506E-1 6.66062E-1 6.07376E-1 5.34289E-1 4.68355E-1 3.97833E-1 6.12055E-1 1.91433E-1 1.03365E-1 1.92772E-1 5.85362E-2 4.66749E-2 9.47951E-3 2.06918E-2 2.61332E-2 1.43885E-1 3.58425E-1 5.46715E-1 1.19113E-1 1.57536E-1 1.44113E-1 9.91875E-2 4.82939E-2 7.33741E-3 1.00247E-2 8.69135E-3
-9999 -9999 -9999 -9999 -9999 -9999 -9999 -9999 -9999 -9999 -9999 -9999 -9999 -9999 -9999 9.73734E-1 5.64959E-1 5.81548E-1 9.79779E-1 9.9938E-1 9.99997E-1 9.99931E-1 9.99867E-1 9.99991E-1 9.99995E-1 9.99921E-1 9.99909E-1 9.99953E-1 9.99722E-1 9.90399E-1 9.65076E-1 9.99064E-1 9.7771E-1 9.92404E-1 9.91759E-1 9.99463E-1 9.99066E-1 9.304E-1 8.42126E-1 7.7821E-1 8.37755E-1 9.17502E-1 9.99796E-1 9.99976E-1 9.71472E-1 9.74175E-1 9.6677E-1 8.48376E-1 6.3974E-1 2.88171E-1 1.80915E-1 1.42936E-1 2.95208E-1 8.46101E-1 4.01708E-1 5.40399E-1 7.02565E-1 1.1308E-1 1.39059E-1 4.91496E-2 8.91916E-2 3.72147E-2 8.84803E-3 5.81376E-3 1.10081E-3 1.95118E-3 5.97071E-3 4.98591E-2 2.06525E-2 1.44771E-2 1.43767E-2 1.67202E-2 1.49099E-2 2.89773E-3 1.9646E-2
-9999 -9999 -9999 -9999 -9999 -9999 -9999 -9999 -9999 -9999 -9999 -9999 -9999 -9999 -9999 9.95782E-1 9.99121E-1 9.99992E-1 1E0 9.99996E-1 9.99997E-1 9.99966E-1 9.99921E-1 9.99981E-1 9.9999E-1 9.99984E-1 9.99814E-1 9.97783E-1 9.92968E-1 9.97926E-1 9.99953E-1 9.97187E-1 9.94456E-1 8.7648E-1 8.49942E-1 8.73239E-1 9.6819E-1 9.76358E-1 9.84597E-1 8.88995E-1 9.96533E-1 9.41863E-1 9.96292E-1 9.75173E-1 9.98929E-1 9.98565E-1 9.77698E-1 6.90756E-1 4.38083E-1 5.1642E-1 2.63684E-1 1.32506E-1 1.24623E-1 4.62367E-1 7.24091E-1 6.47471E-1 9.37995E-1 4.71834E-1 1.05319E-1 7.89264E-2 3.39484E-2 2.02079E-2 4.15988E-2 1.73508E-2 3.1165E-2 1.11651E-1 1.38919E-2 1.08897E-2 2.46581E-2 2.30717E-2 2.96043E-3 3.77326E-3 6.9689E-3 3.53665E-3 5.24651E-3
-9999 -9999 -9999 -9999 -9999 -9999 -9999 -9999 -9999 -9999 -9999 -9999 -9999 -9999 -9999 1E0 1E0 1E0 9.99994E-1 9.99977E-1 9.99938E-1 9.99994E-1 9.99926E-1 9.99998E-1 9.99998E-1 9.9999E-1 9.99919E-1 9.99965E-1 9.9919E-1 9.96579E-1 9.99429E-1 9.98622E-1 9.95842E-1 6.40542E-1 4.56712E-1 8.88497E-1 8.30099E-1 9.76844E-1 9.71112E-1 9.40353E-1 9.60423E-1 9.61683E-1 9.76824E-1 9.96515E-1 9.97599E-1 9.92766E-1 9.88287E-1 5.18233E-1 6.88783E-1 3.46774E-1 4.98836E-1 1.16761E-1 3.2366E-2 2.74502E-1 6.30288E-1 9.5925E-1 9.26575E-1 9.99859E-1 3.12523E-1 2.97997E-2 1.89725E-2 2.97444E-2 2.94203E-2 2.91333E-2 1.16104E-2 1.42274E-2 2.38391E-2 5.57305E-2 5.56278E-2 1.40882E-2 1.77244E-2 2.34335E-2 7.36827E-3 3.59404E-3 7.45239E-3
-9999 -9999 -9999 -9999 -9999 -9999 -9999 -9999 -9999 -9999 -9999 -9999 -9999 -9999 -9999 9.99978E-1 9.99954E-1 9.99992E-1 1E0 9.99992E-1 9.9992E-1 9.99635E-1 9.99998E-1 9.99974E-1 9.99012E-1 9.99982E-1 9.99726E-1 9.98622E-1 9.98896E-1 9.95034E-1 9.99895E-1 9.96938E-1 9.96485E-1 6.80193E-1 7.40432E-1 4.22967E-1 9.97543E-1 9.73304E-1 9.67185E-1 9.9251E-1 9.89397E-1 9.45847E-1 9.72324E-1 9.83661E-1 9.86546E-1 9.64112E-1 9.87736E-1 7.46253E-1 6.25424E-1 4.34025E-1 2.60155E-1 9.8436E-2 1.07964E-2 2.30774E-1 4.73669E-1 6.55869E-1 7.77612E-1 9.98263E-1 4.45187E-1 2.46209E-2 8.40627E-2 2.14236E-1 8.70405E-2 3.11546E-2 2.90952E-2 5.80771E-2 3.86E-2 4.38354E-2 2.62551E-2 1.55505E-2 2.0972E-2 5.35594E-2 1.82132E-2 1.40719E-2 5.85084E-3
-9999 -9999 -9999 -9999 -9999 -9999 -9999 -9999 -9999 -9999 -9999 -9999 -9999 -9999 -9999 -9999 9.99858E-1 9.99828E-1 9.99794E-1 9.99991E-1 9.99976E-1 9.997E-1 9.99999E-1 9.99997E-1 9.99995E-1 9.99972E-1 9.9996E-1 9.9967E-1 9.66866E-1 9.91993E-1 9.84773E-1 9.98319E-1 9.80541E-1 8.28326E-1 7.19872E-1 7.95322E-1 5.46124E-1 8.01192E-1 9.93242E-1 9.97522E-1 9.19621E-1 9.35609E-1 8.09963E-1 9.65618E-1 9.40924E-1 9.51826E-1 9.98951E-1 9.97488E-1 8.16301E-1 6.52319E-1 7.69395E-1 6.61229E-1 4.28111E-2 2.93752E-1 7.66452E-1 9.00502E-1 7.7329E-1 9.74408E-1 4.45755E-2 4.23101E-2 1.45766E-1 2.59226E-1 9.96273E-2 4.42483E-2 8.95574E-2 6.30918E-2 8.87367E-2 6.16856E-2 4.41802E-2 5.43273E-2 2.08426E-2 1.82531E-2 8.31539E-3 3.96973E-3 1.26641E-2
-9999 -9999 -9999 -9999 -9999 -9999 -9999 -9999 -9999 -9999 -9999 -9999 -9999 -9999 -9999 -9999 -9999 -9999 9.99935E-1 9.99801E-1 9.99548E-1 9.99477E-1 9.99992E-1 9.99968E-1 9.9997E-1 9.99975E-1 9.99994E-1 9.98228E-1 9.95983E-1 9.61115E-1 9.74244E-1 9.5892E-1 7.82242E-1 9.16012E-1 8.8398E-1 7.42974E-1 9.6458E-1 9.42424E-1 9.87463E-1 9.92107E-1 9.67053E-1 9.9812E-1 9.95763E-1 9.91494E-1 9.93393E-1 9.43941E-1 9.89096E-1 9.90802E-1 9.53213E-1 9.77487E-1 8.60443E-1 4.22739E-1 3.22373E-2 3.32884E-1 7.35581E-1 5.8709E-1 9.27604E-1 1.41603E-1 1.67795E-1 4.08697E-2 3.34587E-1 3.41244E-1 4.6363E-1 5.31844E-1 5.67705E-2 1.04976E-1 6.22668E-2 6.65875E-2 2.05821E-2 4.66268E-2 1.0757E-1 1.36992E-2 1.5197E-2 2.69324E-3 1.03551E-2
-9999 -9999 -9999 -9999 -9999 -9999 -9999 -9999 -9999 -9999 -9999 -9999 -9999 -9999 -9999 -9999 -9999 -9999 9.99978E-1 9.9992E-1 9.99807E-1 9.99948E-1 9.99534E-1 9.99455E-1 9.99724E-1 9.99872E-1 1E0 1E0 9.87893E-1 9.98126E-1 9.4852E-1 9.30645E-1 7.76645E-1 6.76966E-1 7.8612E-1 9.79245E-1 9.2178E-1 8.64776E-1 9.47759E-1 9.43478E-1 9.90589E-1 9.96655E-1 9.97576E-1 9.99496E-1 9.82637E-1 7.59851E-1 9.94171E-1 9.95806E-1 9.77333E-1 8.58347E-1 7.58686E-1 4.40851E-1 1.75462E-1 1.50162E-1 4.26151E-1 6.03056E-1 8.61793E-1 1.19056E-1 2.03514E-1 9.84693E-2 1.62778E-1 3.4286E-1 8.94657E-2 4.62794E-2 6.26645E-2 7.57254E-2 1.93287E-1 3.00917E-1 1.83512E-1 3.36031E-1 9.08058E-2 3.09801E-2 2.19769E-2 4.77272E-3 8.81613E-3
-9999 -9999 -9999 -9999 -9999 -9999 -9999 -9999 -9999 -9999 -9999 -9999 -9999 -9999 -9999 -9999 -9999 -9999 9.99581E-1 9.99972E-1 9.99995E-1 9.99999E-1 9.99509E-1 9.96633E-1 9.98332E-1 9.9834E-1 9.99852E-1 9.96336E-1 9.95292E-1 9.99948E-1 9.98622E-1 9.53931E-1 5.71858E-1 9.06502E-1 9.91801E-1 9.67643E-1 9.93481E-1 9.61189E-1 9.4386E-1 9.86313E-1 7.72161E-1 9.2491E-1 9.99014E-1 5.5095E-1 2.54927E-1 7.4263E-2 9.59581E-1 9.85851E-1 9.966E-1 9.75571E-1 9.24206E-1 5.57635E-1 6.36968E-1 3.14224E-1 8.48673E-2 3.67988E-1 6.39472E-1 3.2942E-1 6.35763E-2 7.2834E-2 7.88615E-2 8.79541E-2 6.87101E-2 3.45141E-2 5.34272E-2 7.82298E-2 2.25464E-1 4.1517E-1 2.72132E-1 2.08448E-1 5.19083E-2 2.7774E-2 6.46301E-2 2.99417E-3 1.39917E-2
-9999 -9999 -9999 -9999 -9999 -9999 -9999 -9999 -9999 -9999 -9999 -9999 -9999 -9999 -9999 -9999 -9999 -9999 9.99491E-1 9.99676E-1 9.98109E-1 9.99989E-1 9.9976E-1 9.94365E-1 9.97856E-1 9.7471E-1 9.97879E-1 9.36159E-1 9.71963E-1 9.97336E-1 9.97802E-1 9.97823E-1 8.56216E-1 9.19381E-1 9.89967E-1 9.82023E-1 9.98131E-1 9.93485E-1 9.92041E-1 7.72494E-1 5.09516E-1 7.62047E-1 9.99129E-1 4.65936E-2 2.03433E-2 2.13097E-1 9.92299E-1 9.50556E-1 9.76107E-1 9.95221E-1 9.49696E-1 8.61172E-1 8.46446E-1 4.53859E-1 2.31207E-1 1.6642E-1 1.04043E-1 2.40814E-1 1.60895E-1 9.57965E-2 4.38929E-2 3.86248E-2 2.08061E-2 1.37082E-2 2.76402E-2 5.94783E-2 2.59877E-1 2.32681E-1 1.92484E-1 1.45624E-1 1.2317E-1 8.80342E-3 2.50484E-2 2.74205E-3 2.42341E-2
-9999 -9999 -9999 -9999 -9999 -9999 -9999 -9999 -9999 -9999 -9999 -9999 -9999 -9999 -9999 -9999 -9999 -9999 9.99925E-1 9.99973E-1 9.97876E-1 9.99517E-1 9.99298E-1 9.95292E-1 9.29346E-1 9.3594E-1 9.82401E-1 8.91325E-1 9.92697E-1 9.55916E-1 7.03856E-1 3.67441E-1 5.30346E-1 9.41524E-1 9.80534E-1 9.9898E-1 9.99599E-1 9.99318E-1 9.30819E-1 2.85456E-1 3.60788E-1 8.82517E-1 9.9847E-1 5.26002E-1 1.92019E-1 8.20732E-1 9.93984E-1 5.78688E-1 3.41799E-1 7.41871E-1 4.50772E-1 7.36108E-1 4.22502E-1 3.36216E-1 2.53425E-1 1.28806E-1 2.73998E-1 2.68697E-1 1.1608E-1 3.95256E-2 3.76821E-2 1.73273E-1 2.50987E-2 6.15657E-2 1.02837E-1 2.21315E-2 1.34807E-2 4.51913E-2 1.83285E-2 2.10242E-2 1.12682E-1 1.00942E-2 5.13607E-3 7.62786E-3 3.37938E-3
-9999 -9999 -9999 -9999 -9999 -9999 -9999 -9999 -9999 -9999 -9999 -9999 -9999 -9999 -9999 -9999 -9999 9.99844E-1 9.99737E-1 9.98665E-1 9.99819E-1 9.99587E-1 9.99622E-1 9.8965E-1 9.84392E-1 9.88389E-1 9.98909E-1 9.67045E-1 9.95683E-1 8.96313E-1 9.30451E-1 8.80496E-1 4.23724E-1 9.92704E-1 8.40178E-1 8.10121E-1 9.98954E-1 9.96607E-1 9.88768E-1 5.81291E-1 1.9251E-1 5.19737E-1 6.17803E-1 9.83083E-1 9.99025E-1 2.69527E-1 8.14184E-1 4.04796E-1 3.47414E-1 6.36874E-1 4.68521E-1 4.0751E-1 1.28137E-1 3.56863E-2 4.08754E-2 6.97717E-2 1.50076E-1 1.73887E-1 8.15863E-2 4.58304E-2 7.02951E-2 1.65074E-1 4.68035E-2 5.81264E-2 1.66782E-1 3.94556E-2 4.55465E-3 2.86909E-2 2.44147E-2 1.7942E-2 6.02754E-3 1.65319E-2 4.68059E-3 4.61618E-3 1.11746E-2
-9999 -9999 -9999 -9999 -9999 -9999 -9999 -9999 -9999 -9999 -9999 -9999 -9999 -9999 -9999 -9999 1E0 9.99998E-1 9.99649E-1 9.99982E-1 9.99941E-1 9.99942E-1 9.90125E-1 9.93612E-1 9.87329E-1 9.93682E-1 9.8127E-1 9.3972E-1 9.63973E-1 9.83286E-1 8.38697E-1 6.4399E-1 9.41063E-1 9.90497E-1 9.26872E-1 9.06875E-1 9.99313E-1 9.95347E-1 9.46043E-1 5.15355E-1 2.69643E-1 2.79213E-1 1.93083E-1 9.24441E-1 9.99059E-1 7.16846E-1 9.22519E-1 8.4364E-1 4.30171E-1 6.63262E-1 7.63808E-1 1.5531E-1 1.97469E-2 2.89407E-3 4.55528E-2 4.65841E-2 1.58541E-1 1.08482E-1 5.09435E-2 4.54837E-2 3.13556E-2 1.74738E-1 9.01214E-2 1.23716E-1 7.89775E-2 8.39221E-2 1.30298E-2 1.37229E-2 3.24119E-2 1.11046E-2 4.10165E-3 9.38726E-3 5.21933E-3 5.38576E-3 1.0919E-2
-9999 -9999 -9999 -9999 -9999 -9999 -9999 -9999 -9999 -9999 -9999 -9999 -9999 -9999 -9999 -9999 9.99929E-1 9.99963E-1 9.99092E-1 9.99206E-1 9.94411E-1 9.66501E-1 9.96533E-1 9.95744E-1 9.92514E-1 9.92949E-1 9.1876E-1 8.9856E-1 8.76218E-1 6.51692E-1 4.09126E-1 2.21985E-1 4.64178E-1 9.42464E-1 8.36182E-1 9.81691E-1 9.96106E-1 9.10104E-1 6.08126E-1 6.75082E-1 7.43922E-1 6.27342E-1 6.7675E-1 8.12205E-1 9.44899E-1 9.96131E-1 9.96558E-1 9.93635E-1 8.71155E-1 7.91179E-1 6.87075E-1 4.27054E-1 1.60698E-2 6.3992E-3 4.04885E-2 6.79402E-2 6.72559E-2 1.25769E-1 5.10681E-2 7.68242E-2 7.46421E-2 1.32826E-1 2.27582E-1 2.58198E-1 7.5469E-2 6.71243E-2 1.43738E-2 9.51804E-3 7.88182E-3 1.1174E-2 3.6254E-3 5.75124E-3 1.09189E-2 2.14892E-2 1.95351E-2
-9999 -9999 -9999 -9999 -9999 -9999 -9999 -9999 -9999 -9999 -9999 -9999 -9999 -9999 -9999 9.99985E-1 9.99894E-1 9.99945E-1 1E0 1E0 9.97337E-1 9.91931E-1 9.63987E-1 9.98124E-1 9.66556E-1 9.19135E-1 9.57376E-1 9.52793E-1 9.98871E-1 9.99619E-1 2.73835E-1 1.03942E-1 1.46724E-1 2.42649E-1 9.97978E-1 9.92621E-1 9.82201E-1 9.96664E-1 9.98227E-1 9.96778E-1 9.26722E-1 8.59826E-1 8.54881E-1 8.52554E-1 9.68121E-1 9.63896E-1 9.60425E-1 9.80197E-1 9.70949E-1 9.76149E-1 9.57685E-1 8.72288E-1 7.44599E-3 2.49313E-2 4.15463E-2 1.01505E-1 8.15979E-2 1.74997E-1 5.67E-2 8.34753E-2 2.05173E-1 6.8306E-2 1.61248E-1 6.8422E-1 2.96547E-1 3.02678E-1 5.47631E-2 2.09646E-3 4.98262E-3 3.06438E-3 2.93355E-3 2.3401E-2 1.93132E-2 9.26175E-3 4.54408E-3
-9999 -9999 -9999 -9999 -9999 -9999 -9999 -9999 -9999 -9999 -9999 -9999 -9999 -9999 1E0 1E0 9.99979E-1 9.99991E-1 9.99999E-1 9.99845E-1 9.99999E-1 9.66728E-1 9.99994E-1 9.99999E-1 9.73349E-1 9.63469E-1 9.08332E-1 9.1094E-1 9.97289E-1 9.90678E-1 3.28267E-1 2.1398E-1 1.36164E-1 1.30891E-1 2.82027E-1 5.23274E-1 8.04229E-1 8.59526E-1 9.95667E-1 9.98465E-1 9.99093E-1 9.81166E-1 8.46423E-1 7.85554E-1 9.97403E-1 9.99622E-1 9.42763E-1 9.12903E-1 9.06554E-1 8.875E-1 8.07237E-1 6.84706E-1 7.58558E-1 4.25844E-2 3.89793E-2 3.76585E-2 3.28556E-2 1.03753E-1 8.16312E-2 1.32622E-1 5.50919E-2 5.77202E-2 7.78767E-2 1.65963E-1 2.85623E-1 1.98427E-1 5.96542E-2 3.42959E-4 8.89125E-4 1.07793E-2 5.77667E-3 3.34882E-2 7.0592E-3 5.99969E-3 3.29235E-3
-9999 -9999 -9999 -9999 -9999 -9999 -9999 -9999 -9999 -9999 -9999 -9999 -9999 -9999 1E0 9.99974E-1 9.99997E-1 9.99975E-1 9.99995E-1 9.99777E-1 9.99996E-1 9.96916E-1 9.97347E-1 1E0 9.984E-1 7.22613E-1 5.75119E-1 7.02895E-1 8.64079E-1 7.09953E-1 2.0513E-1 2.31316E-1 1.24E-1 1.31E-1 1.46078E-1 4.53348E-1 6.13701E-1 8.42602E-1 9.63388E-1 9.99816E-1 9.91238E-1 9.90114E-1 9.31426E-1 9.79983E-1 9.93511E-1 9.92275E-1 8.31406E-1 7.43794E-1 7.15862E-1 7.97688E-1 7.4318E-1 3.50643E-1 3.82872E-1 1.92851E-1 3.58284E-2 1.35408E-2 1.99573E-2 4.68465E-2 5.36889E-2 9.8975E-2 8.75717E-2 6.65541E-2 6.58512E-2 1.31184E-1 9.86021E-2 8.10484E-2 3.79384E-2 1.51865E-2 5.5438E-3 4.74024E-2 1.86822E-2 6.50495E-3 9.38173E-3 3.84915E-3 3.39626E-3
-9999 -9999 -9999 -9999 -9999 -9999 -9999 -9999 -9999 -9999 -9999 -9999 -9999 1E0 9.99999E-1 1E0 9.99992E-1 9.99998E-1 9.99997E-1 1E0 9.99995E-1 9.98744E-1 9.95217E-1 9.99998E-1 9.99067E-1 8.2921E-1 7.71662E-1 6.55441E-1 5.87846E-1 3.29518E-1 1.52349E-1 1.88886E-1 1.11508E-1 2.29512E-1 1.20844E-1 2.279E-1 9.34122E-1 9.7383E-1 9.97051E-1 9.97377E-1 9.35038E-1 9.77083E-1 8.50804E-1 9.7473E-1 9.57023E-1 9.6019E-1 7.5007E-1 6.06068E-1 5.3294E-1 8.21265E-1 6.57399E-1 4.16217E-1 2.48262E-2 2.56536E-2 1.78825E-2 2.88866E-2 3.57258E-2 4.59096E-2 5.48787E-2 5.58242E-2 1.55609E-1 8.92542E-2 3.90674E-2 7.20431E-2 7.07694E-2 5.59217E-2 5.18627E-2 9.99286E-3 1.85754E-2 3.11531E-2 1.61131E-2 8.65456E-3 5.88451E-3 1.97411E-3 2.07715E-3
