ENM/Final_Models/M_2_F_q_Set_1_EC/Gustavia_santanderiensis_6_Choco_clamping.asc
ncols         367
nrows         963
xllcorner     -78.6
yllcorner     0.65
cellsize      0.00833333333333323
NODATA_value  -9999
[rows 434 to 464 of 963, columns 142 to 212 of 367]
-9999 -9999 -9999 -9999 -9999 -9999 -9999 -9999 -9999 -9999 -9999 -9999 -9999 9.63254E-10 1.65905E-7 6.24849E-7 5.49611E-2 3.32885E-2 4.89687E-2 8.05625E-6 2.80432E-5 7.36239E-7 0E0 0E0 5.50116E-13 2.02871E-12 2.11531E-11 1.27676E-14 2.63123E-13 5.47388E-10 2.3045E-8 1.1946E-13 4.59185E-9 5.55929E-7 1.24776E-8 4.49498E-8 1.15447E-6 3.66206E-9 1.41998E-13 1.51975E-9 2.54563E-12 1.63287E-8 1.15753E-9 1.97731E-13 3.65629E-11 0E0 1.92069E-14 6.4726E-14 0E0 4.77396E-15 4.70344E-9 0E0 0E0 1.11022E-16 0E0 0E0 2.22045E-16 0E0 0E0 0E0 0E0 0E0 0E0 0E0 0E0 0E0 0E0 0E0 0E0 0E0 0E0
-9999 -9999 -9999 -9999 -9999 -9999 -9999 -9999 -9999 -9999 -9999 -9999 -9999 1.2148E-5 1.09308E-4 3.22139E-3 1.32766E-4 6.07981E-3 8.12356E-4 1.37276E-8 8.27163E-11 6.09939E-10 1.86404E-11 0E0 3.93241E-13 0E0 2.66454E-15 9.32587E-15 4.82059E-13 1.50645E-11 1.44822E-9 8.41589E-9 3.36562E-6 3.4605E-7 1.38825E-6 3.24445E-11 9.74101E-10 1.42331E-13 6.66134E-16 6.66134E-16 2.38698E-14 1.28786E-14 4.77063E-13 9.76996E-15 9.95959E-10 3.33067E-16 0E0 1.14553E-12 0E0 0E0 2.95281E-8 2.58127E-13 1.28786E-14 4.66294E-15 0E0 0E0 0E0 0E0 0E0 0E0 0E0 0E0 0E0 0E0 0E0 0E0 0E0 0E0 0E0 0E0 2.64233E-14
-9999 -9999 -9999 -9999 -9999 -9999 -9999 -9999 -9999 -9999 -9999 -9999 -9999 4.06149E-10 7.51998E-7 3.71797E-9 9.82688E-8 1.72985E-3 4.64561E-8 2.38688E-11 4.84175E-10 6.12288E-12 0E0 0E0 1.17206E-12 6.66134E-16 6.77236E-15 2.22045E-16 2.19413E-12 6.66134E-16 1.47359E-11 4.27996E-8 2.50301E-6 9.32767E-7 4.65159E-5 6.53437E-9 1.95354E-11 7.45426E-12 0E0 6.11488E-11 2.38971E-8 3.77498E-7 2.23006E-5 2.03946E-7 3.15747E-13 4.77259E-9 2.14048E-6 8.72774E-11 3.58189E-7 1.23531E-10 3.59712E-14 3.69162E-6 2.14828E-13 9.20486E-13 9.99201E-16 0E0 0E0 0E0 0E0 0E0 0E0 0E0 1.52101E-14 0E0 0E0 1.11022E-16 0E0 0E0 2.10221E-12 0E0 0E0
-9999 -9999 -9999 -9999 -9999 -9999 -9999 -9999 -9999 -9999 -9999 -9999 -9999 2.69826E-10 0E0 6.66134E-15 7.27533E-7 6.23574E-4 3.91196E-6 2.13365E-8 6.58817E-12 3.33067E-16 0E0 0E0 1.46633E-8 3.30915E-9 9.12603E-14 5.8441E-12 1.10855E-8 8.16003E-11 8.69116E-12 8.99281E-15 4.31907E-9 1.16196E-12 5.50884E-9 2.58023E-8 1.75002E-11 4.68714E-11 3.21965E-14 1.38894E-10 6.66134E-16 1.85087E-8 1.06751E-8 1.86711E-8 3.3685E-7 2.91697E-7 1.82364E-8 4.27658E-13 7.71009E-7 2.95944E-8 5.39124E-13 2.87928E-8 1.74315E-7 2.39635E-9 3.33067E-16 0E0 0E0 0E0 0E0 0E0 0E0 0E0 0E0 0E0 0E0 0E0 0E0 0E0 5.77316E-15 0E0 1.22125E-15
-9999 -9999 -9999 -9999 -9999 -9999 -9999 -9999 -9999 -9999 -9999 -9999 -9999 4.97585E-11 5.21805E-15 1.58762E-14 1.04646E-6 5.37058E-4 1.84266E-8 0E0 5.68262E-9 0E0 1.07248E-13 0E0 3.98459E-13 1.10401E-11 7.97806E-13 7.9643E-12 5.90737E-11 3.78483E-8 1.11022E-16 2.18919E-8 2.31333E-5 2.75714E-6 2.05075E-7 4.03554E-7 2.21279E-12 7.77156E-16 8.18079E-12 9.42579E-14 1.03362E-13 4.75073E-8 7.79182E-7 5.71974E-9 4.88707E-11 2.69932E-7 1.96995E-8 4.92717E-11 7.19116E-6 1.5974E-7 6.17406E-12 1.07612E-10 1.90172E-7 2.36417E-10 2.37881E-11 1.83187E-14 7.77156E-16 4.07452E-14 0E0 0E0 0E0 0E0 0E0 0E0 0E0 0E0 0E0 0E0 1.11022E-16 0E0 2.22045E-16
-9999 -9999 -9999 -9999 -9999 -9999 -9999 -9999 -9999 -9999 -9999 -9999 -9999 1.22125E-15 8.20253E-9 2.61584E-11 4.59656E-11 3.40284E-7 1.11022E-16 0E0 8.80873E-12 2.50355E-13 3.45763E-8 4.39204E-13 0E0 3.33067E-16 1.61349E-9 2.10051E-8 1.05116E-12 1.82077E-13 3.28293E-13 8.72635E-13 2.71266E-7 6.08279E-6 4.30547E-6 4.9664E-7 4.1341E-8 1.57585E-12 3.29745E-10 3.40394E-13 6.31259E-11 1.065E-7 5.08623E-8 1.38672E-9 1.01586E-8 2.94185E-10 7.03775E-11 4.25822E-5 1.59197E-6 8.03497E-10 2.43835E-11 3.01015E-12 3.68179E-11 9.88256E-11 8.88178E-16 0E0 0E0 0E0 0E0 0E0 0E0 0E0 0E0 0E0 0E0 0E0 0E0 0E0 2.22045E-16 0E0 0E0
-9999 -9999 -9999 -9999 -9999 -9999 -9999 -9999 -9999 -9999 -9999 -9999 -9999 1.26232E-13 2.45305E-10 1.33979E-9 5.39009E-8 1.53443E-6 1.66533E-15 4.46421E-13 4.2353E-11 7.9544E-11 1.21347E-13 0E0 1.0103E-14 0E0 0E0 0E0 0E0 3.15303E-14 0E0 2.22045E-16 1.53892E-7 3.60506E-7 1.45529E-5 8.91989E-6 1.07865E-9 1.22637E-11 3.204E-8 7.18983E-11 1.3749E-12 2.13388E-9 2.09862E-8 2.99677E-7 2.28461E-10 5.6577E-13 1.84483E-10 1.00585E-9 2.52974E-7 1.11412E-10 2.4647E-14 1.07692E-14 2.3061E-10 3.06572E-8 2.77556E-14 0E0 0E0 0E0 0E0 7.33857E-14 0E0 0E0 0E0 0E0 0E0 0E0 0E0 0E0 0E0 1.37668E-14 0E0
-9999 -9999 -9999 -9999 -9999 -9999 -9999 -9999 -9999 -9999 -9999 -9999 -9999 -9999 6.31932E-11 1.0435E-12 0E0 0E0 6.26932E-12 1.37668E-14 2.41049E-10 7.09399E-10 0E0 0E0 1.5099E-14 1.41176E-12 4.99933E-13 1.11022E-16 3.10334E-10 1.11022E-16 5.66214E-15 3.17524E-14 1.91254E-10 1.18646E-5 8.52488E-8 8.33146E-11 7.32412E-10 1.02672E-7 3.52607E-10 8.08383E-10 6.16803E-7 6.74645E-10 7.42213E-10 4.15534E-12 4.33875E-13 2.58219E-10 2.14273E-14 1.45317E-12 0E0 1.22125E-15 2.9976E-15 0E0 0E0 0E0 4.32987E-14 2.22045E-16 4.44089E-16 0E0 0E0 0E0 0E0 9.99201E-15 0E0 0E0 0E0 0E0 0E0 0E0 0E0 1.11022E-16 0E0
-9999 -9999 -9999 -9999 -9999 -9999 -9999 -9999 -9999 -9999 -9999 -9999 -9999 -9999 3.07998E-12 1.11022E-16 1.58762E-14 0E0 0E0 0E0 0E0 0E0 1.11022E-16 3.0052E-11 1.15463E-14 2.22045E-16 0E0 0E0 0E0 7.41629E-14 2.55351E-15 3.56967E-11 9.89987E-11 5.54035E-10 3.41725E-9 1.86444E-10 3.27335E-8 5.55852E-7 1.21458E-11 8.95595E-12 3.33067E-16 3.1658E-12 4.44089E-16 0E0 1.11022E-16 1.54321E-14 0E0 0E0 2.22045E-16 0E0 1.40443E-13 0E0 0E0 0E0 9.41469E-14 3.19444E-12 0E0 0E0 0E0 0E0 0E0 0E0 0E0 0E0 1.11022E-16 8.01581E-14 3.70148E-13 0E0 4.44089E-16 0E0 0E0
-9999 -9999 -9999 -9999 -9999 -9999 -9999 -9999 -9999 -9999 -9999 -9999 -9999 -9999 0E0 2.11477E-9 1.31417E-9 1.57096E-7 0E0 0E0 0E0 0E0 0E0 1.40679E-11 2.22045E-16 2.56828E-12 4.88498E-15 1.11022E-15 0E0 0E0 5.55112E-16 1.8083E-11 1.77048E-8 4.73462E-10 5.30425E-7 7.47822E-8 3.20658E-5 2.67825E-8 1.14247E-9 2.22045E-15 0E0 2.22549E-10 1.42109E-14 5.23523E-10 1.22513E-12 4.53004E-12 8.21565E-15 0E0 0E0 0E0 0E0 5.55112E-16 0E0 0E0 0E0 0E0 1.22125E-15 2.27596E-14 0E0 0E0 0E0 0E0 0E0 1.4766E-14 0E0 0E0 1.11022E-15 7.77156E-16 0E0 0E0 0E0
-9999 -9999 -9999 -9999 -9999 -9999 -9999 -9999 -9999 -9999 -9999 -9999 -9999 -9999 1.44329E-15 1.34931E-11 1.52545E-13 1.80966E-14 1.45228E-12 0E0 0E0 1.20154E-10 9.93505E-7 6.97833E-10 1.08495E-8 1.70139E-10 1.33227E-15 0E0 4.40759E-14 6.60583E-14 2.76112E-13 2.07213E-8 5.36016E-13 3.4972E-14 1.31835E-8 4.92222E-10 2.87429E-8 3.10097E-9 1.85712E-8 2.40741E-12 0E0 1.11022E-16 5.9952E-15 2.45659E-8 3.94461E-9 9.53682E-14 1.66411E-12 5.30964E-12 3.33067E-16 0E0 0E0 1.4877E-14 2.22045E-16 0E0 0E0 0E0 0E0 2.29039E-13 0E0 0E0 0E0 0E0 0E0 5.81686E-11 0E0 3.31402E-13 2.36244E-12 0E0 0E0 0E0 0E0
-9999 -9999 -9999 -9999 -9999 -9999 -9999 -9999 -9999 -9999 -9999 -9999 -9999 -9999 3.7359E-13 7.28518E-8 1.11022E-16 5.2651E-9 3.50186E-6 1.11022E-16 4.51399E-9 3.61039E-6 6.58366E-8 9.03279E-9 4.58489E-12 2.73115E-14 4.00369E-12 2.15739E-12 8.08686E-13 7.27141E-12 5.46119E-13 3.31125E-10 2.10831E-13 1.54321E-14 1.21714E-8 5.07983E-12 3.25453E-10 1.5473E-7 1.76044E-7 2.71262E-5 6.66134E-14 2.79496E-9 2.59137E-12 6.5411E-10 7.23865E-14 8.12639E-12 0E0 2.22045E-16 8.49432E-13 1.11022E-16 0E0 0E0 0E0 0E0 0E0 0E0 0E0 0E0 0E0 0E0 0E0 0E0 0E0 2.77556E-14 0E0 2.66454E-15 0E0 0E0 0E0 0E0 0E0
-9999 -9999 -9999 -9999 -9999 -9999 -9999 -9999 -9999 -9999 -9999 -9999 -9999 -9999 -9999 4.6361E-8 1.90721E-8 4.9877E-8 3.62094E-5 7.27729E-4 1.91618E-6 2.31475E-6 3.2356E-8 3.11551E-12 6.66134E-16 1.22125E-15 1.09437E-11 1.46215E-8 6.71995E-8 7.11198E-12 6.34456E-10 1.61982E-13 3.33067E-16 6.66134E-16 1.11022E-16 0E0 3.84137E-14 4.66598E-8 7.40737E-7 1.44112E-10 3.20288E-12 4.19009E-12 5.88402E-8 0E0 8.43769E-15 0E0 6.07681E-12 3.99181E-12 0E0 0E0 1.11022E-16 0E0 0E0 0E0 0E0 0E0 0E0 0E0 0E0 0E0 0E0 0E0 0E0 0E0 0E0 0E0 0E0 0E0 0E0 0E0 0E0
-9999 -9999 -9999 -9999 -9999 -9999 -9999 -9999 -9999 -9999 -9999 -9999 -9999 -9999 -9999 7.60251E-8 3.65407E-11 4.50958E-10 2.26047E-2 4.28265E-3 1.5048E-6 8.93262E-10 6.17365E-10 8.36164E-12 5.55112E-16 1.11022E-15 0E0 4.99816E-8 2.14947E-7 1.82964E-9 4.22074E-9 2.56462E-14 0E0 0E0 7.06317E-8 4.98944E-6 1.1191E-13 6.97179E-8 4.6244E-8 1.60321E-6 2.70322E-4 1.68762E-4 9.8768E-8 2.547E-8 1.57523E-8 5.64004E-12 7.54619E-12 5.55112E-16 0E0 3.33067E-16 2.85327E-14 4.44089E-16 0E0 5.55112E-16 0E0 1.11022E-16 0E0 0E0 0E0 1.11022E-16 0E0 0E0 0E0 0E0 0E0 0E0 0E0 0E0 0E0 0E0 7.77156E-16
-9999 -9999 -9999 -9999 -9999 -9999 -9999 -9999 -9999 -9999 -9999 -9999 -9999 -9999 -9999 1.14047E-6 2.41959E-6 2.90918E-6 4.64995E-6 6.56044E-5 4.22941E-6 4.77643E-11 5.11495E-10 2.16919E-10 1.8463E-13 6.52802E-9 8.85215E-11 4.56302E-14 1.10911E-13 8.44822E-11 1.6445E-10 1.61071E-12 0E0 1.53433E-13 1.39999E-13 4.21183E-9 1.25455E-14 7.77746E-8 6.61785E-5 3.89314E-3 7.64646E-4 1.93762E-6 1.10468E-6 1.50943E-9 2.49658E-9 5.0336E-11 5.4845E-14 2.22045E-16 0E0 1.70763E-12 1.05982E-12 1.33227E-15 1.02252E-13 0E0 0E0 0E0 1.08802E-14 2.22045E-15 0E0 0E0 0E0 0E0 0E0 0E0 2.05058E-13 0E0 0E0 0E0 0E0 0E0 3.98348E-13
-9999 -9999 -9999 -9999 -9999 -9999 -9999 -9999 -9999 -9999 -9999 -9999 -9999 -9999 -9999 1.04628E-5 3.01935E-4 3.81014E-6 3.96911E-9 3.18389E-7 2.27233E-5 1.89606E-7 7.02515E-9 0E0 3.51719E-13 7.44871E-12 2.66898E-13 4.73388E-12 1.10779E-11 2.09862E-9 2.07614E-7 1.39222E-13 0E0 0E0 5.1249E-12 9.7392E-11 7.66054E-15 3.95406E-9 1.43342E-5 2.41859E-5 8.79524E-4 1.50857E-6 1.85476E-6 7.50557E-9 7.97418E-12 7.32747E-15 1.77636E-15 0E0 1.29877E-11 0E0 6.76792E-12 0E0 3.64153E-14 0E0 0E0 0E0 0E0 0E0 0E0 0E0 0E0 0E0 0E0 0E0 0E0 0E0 0E0 0E0 0E0 0E0 3.96883E-12
-9999 -9999 -9999 -9999 -9999 -9999 -9999 -9999 -9999 -9999 -9999 -9999 -9999 -9999 -9999 -9999 3.57688E-3 9.61689E-5 1.74478E-8 3.26302E-7 1.04687E-6 6.92879E-6 8.87435E-11 0E0 0E0 3.1341E-11 7.48377E-11 1.71374E-12 1.26278E-5 2.04247E-6 1.39769E-7 7.0273E-9 1.11022E-16 1.31006E-14 4.4019E-11 2.81152E-7 7.86441E-11 1.31037E-6 7.87172E-9 2.89994E-3 3.4116E-3 3.91358E-6 2.9789E-6 8.17417E-6 1.95732E-13 6.82413E-10 1.9762E-13 2.81219E-13 1.18281E-10 0E0 1.11022E-16 6.69464E-14 1.11022E-16 4.03011E-14 6.55032E-15 0E0 0E0 0E0 5.07372E-14 1.11022E-16 0E0 0E0 0E0 0E0 0E0 0E0 0E0 0E0 0E0 0E0 6.3881E-8
-9999 -9999 -9999 -9999 -9999 -9999 -9999 -9999 -9999 -9999 -9999 -9999 -9999 -9999 -9999 -9999 1.04134E-6 9.52435E-8 4.18709E-10 1.11022E-16 2.18897E-10 4.44089E-16 8.60376E-8 2.47358E-13 0E0 2.58E-9 9.74045E-6 4.84696E-7 4.98844E-7 4.07257E-8 7.07767E-13 1.60554E-9 3.75588E-13 1.43283E-10 5.87914E-7 6.05592E-6 1.4058E-6 3.59771E-6 2.69233E-8 2.03017E-5 9.40345E-5 1.00771E-7 7.47542E-8 6.39341E-8 3.41779E-10 2.79887E-13 0E0 7.77156E-16 3.35509E-13 4.79776E-11 2.25264E-13 1.04361E-14 7.59504E-12 1.77636E-15 1.4555E-13 0E0 0E0 0E0 1.11022E-16 0E0 0E0 0E0 0E0 0E0 0E0 0E0 0E0 0E0 0E0 0E0 0E0
-9999 -9999 -9999 -9999 -9999 -9999 -9999 -9999 -9999 -9999 -9999 -9999 -9999 -9999 -9999 -9999 2.5593E-11 2.99117E-7 1.93685E-6 4.21552E-13 4.43063E-11 5.55112E-16 1.31562E-6 4.3375E-10 2.78887E-11 1.67321E-10 1.01665E-6 1.70337E-9 1.57747E-11 8.09415E-11 2.99982E-13 2.7758E-7 3.83366E-8 8.15933E-8 7.85509E-8 7.22715E-7 1.32067E-3 1.93725E-5 2.3656E-3 2.22924E-4 6.84453E-6 1.95321E-7 6.64276E-11 1.37668E-14 1.11022E-16 5.49893E-13 1.56875E-13 5.50361E-10 4.1428E-12 1.10281E-10 1.75661E-11 1.11022E-15 6.76126E-14 2.80065E-12 4.77396E-15 1.11022E-16 7.74714E-13 0E0 3.66374E-15 0E0 0E0 0E0 0E0 0E0 0E0 0E0 0E0 0E0 0E0 0E0 0E0
-9999 -9999 -9999 -9999 -9999 -9999 -9999 -9999 -9999 -9999 -9999 -9999 -9999 -9999 -9999 -9999 -9999 5.66214E-15 8.87623E-12 2.91007E-4 7.82754E-5 7.88232E-5 3.81331E-8 1.44021E-5 2.5544E-12 0E0 3.33067E-16 0E0 0E0 5.32907E-15 2.78244E-12 1.60106E-3 2.11911E-3 5.66915E-3 2.49067E-8 3.33834E-4 2.94858E-8 4.71005E-10 5.05211E-7 2.08536E-8 3.34177E-14 1.11167E-9 6.54515E-11 9.21485E-15 0E0 2.01109E-10 6.19949E-13 5.37648E-12 8.06019E-11 6.54497E-10 2.92947E-11 3.46168E-13 1.97176E-13 7.24976E-13 5.57776E-13 3.44169E-15 0E0 0E0 0E0 0E0 0E0 0E0 0E0 0E0 0E0 0E0 0E0 0E0 0E0 0E0 0E0
-9999 -9999 -9999 -9999 -9999 -9999 -9999 -9999 -9999 -9999 -9999 -9999 -9999 -9999 -9999 -9999 -9999 5.6612E-6 3.62448E-6 6.71624E-5 2.75978E-5 1.84546E-5 2.08966E-6 4.82186E-8 1.00464E-12 7.16384E-10 6.30385E-13 6.6421E-9 7.3039E-8 9.97626E-7 7.6377E-10 4.65126E-10 3.62652E-6 1.01151E-10 8.78486E-12 1.74773E-9 1.3187E-6 1.64783E-9 1.8468E-7 5.61169E-7 5.04521E-7 1.22111E-9 1.98905E-9 8.31737E-11 1.92069E-14 0E0 5.24181E-12 1.97371E-10 3.74343E-10 3.21965E-15 1.9984E-15 9.65894E-15 4.39999E-8 3.7233E-10 1.9984E-15 0E0 1.11022E-16 5.55112E-16 0E0 0E0 0E0 0E0 0E0 0E0 0E0 0E0 0E0 0E0 0E0 0E0 0E0
-9999 -9999 -9999 -9999 -9999 -9999 -9999 -9999 -9999 -9999 -9999 -9999 -9999 -9999 -9999 -9999 -9999 4.50896E-6 1.23271E-7 1.60465E-11 1.2304E-8 9.24892E-8 9.54996E-10 3.29332E-9 5.41834E-10 6.83002E-6 1.94499E-6 3.15259E-7 2.77322E-4 1.16773E-4 2.19497E-5 1.99993E-11 3.33067E-15 2.56006E-12 3.50108E-9 1.32006E-13 2.0568E-12 3.33134E-12 1.35249E-10 6.14648E-9 1.62682E-10 3.66374E-15 4.66294E-15 5.45615E-11 3.08916E-9 4.301E-13 4.35207E-14 1.03558E-9 2.92635E-10 1.57652E-14 2.5846E-13 1.77636E-15 7.34195E-11 1.11022E-16 0E0 0E0 5.08482E-14 0E0 0E0 1.11022E-16 2.22045E-16 0E0 2.44249E-15 5.35905E-13 5.55112E-16 0E0 0E0 4.60337E-11 6.39338E-7 1.61395E-11 0E0
-9999 -9999 -9999 -9999 -9999 -9999 -9999 -9999 -9999 -9999 -9999 -9999 -9999 -9999 -9999 -9999 -9999 -9999 5.86468E-8 4.44089E-15 0E0 2.3511E-11 2.99587E-9 6.63806E-9 2.78701E-8 4.56647E-8 9.2451E-5 1.4102E-9 1.25627E-3 3.94199E-3 2.92172E-10 1.44625E-8 4.12792E-10 5.72431E-13 1.32433E-7 9.39793E-12 6.68024E-10 1.60169E-8 4.42813E-10 5.68788E-9 3.2664E-9 2.22045E-16 1.33227E-15 4.02385E-10 3.10279E-8 4.58522E-14 6.32827E-15 1.21149E-11 3.3501E-10 7.58962E-11 6.16174E-14 7.86116E-12 1.57097E-13 1.4062E-11 2.23155E-14 2.33147E-15 5.25726E-9 1.85407E-14 0E0 0E0 0E0 0E0 5.9952E-15 6.03235E-11 0E0 0E0 0E0 6.03509E-11 1.66422E-13 7.59504E-12 0E0
-9999 -9999 -9999 -9999 -9999 -9999 -9999 -9999 -9999 -9999 -9999 -9999 -9999 -9999 -9999 -9999 -9999 -9999 3.90342E-4 2.23858E-6 1.54729E-7 1.51205E-6 2.37264E-4 2.17894E-4 6.48282E-5 2.47957E-6 2.94465E-6 5.60885E-9 1.77636E-15 4.60632E-13 2.13607E-12 1.15463E-13 2.33147E-15 2.68674E-14 1.17603E-8 1.33304E-12 2.22045E-15 6.95888E-13 2.23754E-12 1.99424E-10 2.20035E-10 1.24845E-12 6.66134E-16 1.19349E-13 1.16918E-12 4.89131E-12 2.32869E-12 1.22764E-11 1.50324E-13 1.09723E-10 2.13736E-11 1.00867E-11 9.72555E-14 2.66768E-11 1.9984E-15 1.86407E-10 4.3468E-9 1.11022E-16 2.77556E-15 1.22125E-15 3.66374E-15 4.70846E-13 6.21725E-14 0E0 1.49658E-13 1.11022E-16 8.69471E-11 0E0 1.11022E-16 2.22045E-15 0E0
-9999 -9999 -9999 -9999 -9999 -9999 -9999 -9999 -9999 -9999 -9999 -9999 -9999 -9999 -9999 -9999 -9999 -9999 6.46047E-6 4.079E-4 5.10683E-3 2.23474E-4 5.69584E-6 8.40649E-5 2.27316E-5 1.40074E-7 8.94585E-7 5.01161E-11 1.73206E-11 1.92072E-11 1.94844E-13 5.68425E-10 4.61803E-10 2.77556E-15 0E0 1.10378E-12 1.17792E-11 1.77636E-15 0E0 3.29292E-13 1.60188E-9 3.92149E-11 3.0087E-14 7.47279E-9 5.49892E-9 8.66396E-12 4.78174E-9 7.32747E-15 2.33147E-15 4.66318E-10 1.23163E-8 5.36852E-10 1.30193E-10 0E0 1.68487E-12 6.70242E-13 4.77396E-15 6.21725E-15 0E0 0E0 1.96843E-13 6.72795E-14 0E0 0E0 0E0 5.4845E-14 0E0 1.46549E-14 0E0 0E0 0E0
-9999 -9999 -9999 -9999 -9999 -9999 -9999 -9999 -9999 -9999 -9999 -9999 -9999 -9999 -9999 -9999 -9999 -9999 1.08713E-12 3.06644E-13 2.01313E-7 3.75151E-3 7.16195E-7 5.11927E-3 3.17168E-4 9.84706E-11 4.05231E-14 8.47498E-11 5.78781E-12 7.52154E-12 8.41627E-12 3.42945E-7 2.5289E-8 0E0 1.1402E-13 2.18843E-11 7.69163E-13 2.22045E-16 6.10623E-15 3.88578E-15 3.53384E-13 5.42233E-13 1.30729E-12 2.32034E-7 9.6448E-7 4.97791E-10 2.70217E-12 1.77636E-15 1.08802E-14 5.42011E-13 8.74856E-14 4.17377E-12 0E0 0E0 3.94129E-14 6.32827E-15 0E0 0E0 0E0 0E0 3.27516E-14 3.66374E-15 0E0 0E0 0E0 0E0 0E0 0E0 0E0 0E0 0E0
-9999 -9999 -9999 -9999 -9999 -9999 -9999 -9999 -9999 -9999 -9999 -9999 -9999 -9999 -9999 -9999 -9999 -9999 -9999 3.07363E-8 1.98061E-7 7.72556E-5 8.76343E-6 9.36277E-6 1.2731E-6 1.89414E-10 4.20775E-14 6.42199E-5 1.00265E-5 7.93733E-7 2.96371E-6 2.59658E-7 2.20997E-10 2.22045E-16 8.61533E-14 1.11022E-16 5.26135E-13 3.36398E-13 6.66134E-16 2.24265E-14 1.82077E-14 1.07414E-11 1.61562E-10 4.98559E-8 3.6695E-7 1.47105E-12 1.12876E-12 2.81564E-12 1.04361E-14 3.38618E-14 9.99201E-14 0E0 3.33067E-16 0E0 3.66374E-15 2.44249E-15 5.55112E-16 2.88658E-14 1.59872E-14 0E0 1.03695E-13 7.77156E-16 3.33067E-16 2.39808E-14 6.01741E-14 1.77636E-15 0E0 0E0 0E0 0E0 0E0
-9999 -9999 -9999 -9999 -9999 -9999 -9999 -9999 -9999 -9999 -9999 -9999 -9999 -9999 -9999 -9999 -9999 -9999 9.63007E-13 3.60715E-5 1.05308E-3 1.32189E-3 4.01899E-11 1.09651E-5 1.3451E-7 6.07878E-9 6.52637E-8 4.42755E-8 5.61979E-9 1.88713E-9 1.02399E-7 1.48692E-9 3.09082E-8 1.64359E-8 3.19411E-13 4.73121E-10 3.95942E-11 4.35296E-10 1.2179E-10 2.99039E-12 9.721E-12 9.72666E-13 7.99984E-8 2.14417E-12 2.56459E-11 4.67794E-10 3.07303E-10 4.22529E-11 2.60424E-11 1.46438E-12 0E0 0E0 1.31561E-13 0E0 3.41505E-13 0E0 0E0 3.40394E-13 2.08722E-14 2.67786E-13 0E0 0E0 0E0 0E0 3.33067E-16 6.21725E-15 0E0 0E0 0E0 0E0 0E0
-9999 -9999 -9999 -9999 -9999 -9999 -9999 -9999 -9999 -9999 -9999 -9999 -9999 -9999 -9999 -9999 -9999 -9999 1.64604E-9 3.17236E-4 5.25938E-3 1.86794E-2 5.94836E-11 3.6944E-4 2.17639E-6 1.33465E-9 3.34309E-10 6.71847E-6 4.77743E-6 2.19602E-13 4.23609E-8 2.66851E-4 1.56637E-10 1.38746E-10 6.35048E-14 0E0 1.33549E-7 8.5845E-8 2.16708E-11 3.09752E-14 2.59348E-13 2.93765E-13 2.13288E-9 8.13005E-12 7.29339E-12 1.7973E-8 1.73442E-9 7.71605E-14 1.71131E-10 4.92452E-11 1.11022E-16 1.11022E-16 0E0 2.73115E-14 0E0 0E0 0E0 0E0 4.74953E-13 2.21918E-11 0E0 2.88658E-15 0E0 0E0 5.55112E-15 0E0 0E0 0E0 0E0 0E0 0E0
-9999 -9999 -9999 -9999 -9999 -9999 -9999 -9999 -9999 -9999 -9999 -9999 -9999 -9999 -9999 -9999 -9999 -9999 -9999 2.10838E-4 1.66942E-3 3.21081E-4 2.22732E-10 8.23657E-4 1.23537E-6 4.23102E-10 2.0736E-10 4.48988E-6 5.42899E-14 3.84259E-12 2.40141E-11 6.12334E-8 1.55468E-10 2.72005E-14 9.67464E-11 3.76095E-11 4.39982E-10 1.06179E-9 2.22045E-15 0E0 5.4512E-14 3.33067E-15 1.85407E-14 5.40346E-13 3.43416E-9 4.00675E-7 2.80499E-7 0E0 2.66454E-15 3.4539E-13 9.99201E-16 1.04361E-14 0E0 0E0 0E0 0E0 0E0 4.44089E-16 2.22045E-15 4.11893E-14 1.23235E-14 0E0 0E0 0E0 0E0 1.92402E-13 0E0 0E0 0E0 0E0 0E0
-9999 -9999 -9999 -9999 -9999 -9999 -9999 -9999 -9999 -9999 -9999 -9999 -9999 -9999 -9999 -9999 -9999 -9999 -9999 2.22622E-5 1.25625E-5 2.11424E-6 4.77098E-11 7.09922E-7 3.22526E-6 4.55689E-6 1.66345E-12 5.98432E-12 4.77549E-10 4.74326E-10 9.34658E-11 2.13352E-12 1.65423E-14 1.59983E-13 3.20869E-11 7.76679E-12 7.31748E-13 9.9698E-14 1.11022E-16 7.13873E-14 1.40112E-11 2.22045E-16 2.05158E-12 1.16385E-12 2.95851E-8 4.93267E-11 6.41542E-12 1.9036E-11 0E0 0E0 0E0 0E0 0E0 0E0 0E0 0E0 0E0 6.99441E-15 1.74305E-14 0E0 0E0 0E0 0E0 0E0 0E0 0E0 0E0 2.22045E-16 1.11022E-15 0E0 0E0
