ENM/Final_Models/M_2_F_q_Set_1_EC/Gustavia_santanderiensis_8_Choco.asc
ncols         367
nrows         963
xllcorner     -78.6
yllcorner     0.65
cellsize      0.00833333333333323
NODATA_value  -9999
[rows 840 to 869 of 963, columns 134 to 200 of 367]
-9999 -9999 -9999 3.64395E-2 6.64482E-3 6.99241E-4 1.35104E-4 2.55978E-5 9.08898E-6 1.04765E-4 2.49745E-4 5.45518E-4 7.10214E-3 3.27183E-2 8.70882E-2 6.07314E-2 -9999 -9999 -9999 -9999 -9999 -9999 -9999 -9999 -9999 -9999 -9999 -9999 -9999 -9999 -9999 -9999 -9999 -9999 -9999 -9999 -9999 -9999 -9999 -9999 -9999 -9999 1.24867E-2 1.00605E-2 8.82589E-3 2.99339E-3 5.08649E-3 2.05524E-3 1.17889E-3 1.08234E-3 1.63076E-3 1.4399E-3 6.95976E-4 5.51035E-4 3.11331E-4 1.36774E-4 6.09895E-5 3.62458E-5 3.09588E-5 5.99321E-5 1.10592E-4 4.56684E-5 3.63906E-5 8.40358E-5 4.05045E-5 7.4736E-5 1.43129E-4
-9999 -9999 -9999 -9999 6.73671E-3 3.83388E-4 1.29874E-4 3.90881E-5 1.81387E-5 1.44558E-4 7.35526E-4 2.15468E-3 4.57303E-3 1.61122E-2 9.09933E-2 -9999 -9999 -9999 -9999 -9999 -9999 -9999 -9999 -9999 -9999 -9999 -9999 -9999 -9999 -9999 -9999 -9999 -9999 -9999 -9999 -9999 -9999 -9999 -9999 8.49575E-3 1.18732E-2 2.34601E-2 7.6846E-3 4.37034E-3 6.60991E-3 3.79183E-3 2.42178E-3 1.44622E-3 1.04861E-3 2.28437E-3 1.97103E-3 4.58817E-4 6.82155E-5 1.48182E-4 3.01382E-4 1.99076E-4 1.20391E-4 8.20292E-5 6.51947E-5 2.89376E-5 2.2773E-5 3.58507E-5 6.39195E-5 1.66226E-4 5.69503E-5 1.3218E-4 1.38694E-4
-9999 -9999 -9999 -9999 1.96633E-3 4.34715E-4 8.53028E-5 6.33254E-5 1.13919E-4 9.35736E-4 2.73882E-3 9.27213E-3 3.79287E-3 6.29758E-2 9.51352E-2 -9999 -9999 -9999 -9999 -9999 -9999 -9999 -9999 -9999 -9999 -9999 -9999 -9999 -9999 -9999 -9999 -9999 -9999 -9999 -9999 -9999 -9999 1.40314E-2 9.68148E-3 6.21609E-3 1.18963E-2 3.37727E-2 2.43292E-2 1.57967E-2 5.02029E-3 3.54788E-3 2.23646E-3 2.96393E-3 2.46795E-3 7.61089E-4 6.87746E-4 2.27543E-4 3.28107E-5 7.37949E-6 4.98866E-5 1.1972E-4 5.81629E-5 3.89578E-5 1.19401E-5 1.69039E-5 1.95022E-5 4.77206E-5 6.13265E-5 1.61857E-4 1.57835E-4 2.03262E-4 2.58392E-4
-9999 -9999 -9999 -9999 -9999 3.42076E-4 5.89896E-5 1.19723E-4 9.16926E-4 2.11276E-3 6.71141E-3 1.86451E-2 2.40923E-2 1.1328E-1 -9999 -9999 -9999 -9999 -9999 -9999 -9999 -9999 -9999 -9999 -9999 -9999 -9999 -9999 -9999 -9999 -9999 -9999 -9999 -9999 -9999 -9999 1.31311E-2 4.90163E-3 3.73035E-3 4.17135E-3 5.02449E-3 1.1318E-2 1.13772E-2 1.21145E-2 4.72729E-3 3.8325E-3 8.90802E-3 1.40491E-3 3.83896E-4 2.9991E-4 1.68135E-4 1.80159E-4 2.37318E-5 3.08E-5 5.30477E-5 5.03396E-5 3.81283E-5 3.07555E-5 1.06903E-4 8.15785E-5 2.86146E-5 3.38728E-5 1.17332E-4 1.01534E-4 2.45081E-4 2.73517E-4 4.71413E-4
-9999 -9999 -9999 -9999 -9999 5.44705E-4 1.44967E-4 3.7614E-4 5.58445E-4 5.04233E-4 7.0444E-3 3.22072E-2 -9999 -9999 -9999 -9999 -9999 -9999 -9999 -9999 -9999 -9999 -9999 -9999 -9999 -9999 -9999 -9999 -9999 -9999 -9999 -9999 -9999 -9999 -9999 9.05448E-3 2.47344E-3 2.31034E-3 2.64389E-3 3.7315E-3 1.94912E-3 5.69252E-3 6.02705E-3 5.09971E-3 1.51468E-2 1.30102E-2 5.17517E-3 3.7547E-4 1.80583E-4 2.81706E-4 1.1503E-4 3.62332E-5 4.28305E-5 4.20719E-5 5.33316E-5 3.62861E-5 2.8532E-5 1.06946E-4 1.50819E-4 5.09288E-5 2.61685E-5 5.02605E-5 1.10613E-4 1.55876E-4 1.20868E-4 2.28906E-4 5.75694E-4
-9999 -9999 -9999 -9999 -9999 6.70493E-4 1.75024E-4 5.68234E-4 2.28324E-4 6.31577E-4 5.93844E-3 3.51569E-2 -9999 -9999 -9999 -9999 -9999 -9999 -9999 -9999 -9999 -9999 -9999 -9999 -9999 -9999 -9999 -9999 -9999 -9999 -9999 4.68527E-2 5.17009E-2 -9999 -9999 8.70157E-3 9.91778E-4 9.60265E-4 1.43546E-3 2.31396E-3 2.20923E-3 3.01597E-3 7.56947E-4 1.40901E-3 4.23307E-3 3.24455E-3 2.435E-3 4.84511E-4 9.41937E-5 1.05862E-4 7.96431E-5 4.57922E-5 5.26487E-5 4.96313E-5 2.83165E-5 2.94335E-5 3.59713E-5 9.57183E-5 9.37452E-5 3.85158E-5 3.94436E-5 5.0866E-5 3.8462E-5 6.43709E-5 1.73577E-4 1.78963E-4 2.73404E-4
-9999 -9999 -9999 -9999 -9999 2.19907E-3 1.54123E-3 1.6464E-3 3.24133E-3 4.01397E-3 2.71658E-2 -9999 -9999 -9999 -9999 -9999 -9999 1.16223E-1 -9999 -9999 -9999 -9999 -9999 -9999 -9999 -9999 -9999 -9999 -9999 -9999 3.10033E-2 4.12063E-2 4.53512E-2 -9999 -9999 4.49411E-3 1.27935E-3 1.32476E-3 1.58892E-3 2.91399E-3 2.53535E-3 2.03146E-3 7.64736E-4 1.34799E-3 3.3444E-3 1.41111E-3 1.86048E-3 9.29701E-4 1.46994E-4 7.36171E-5 6.24819E-5 5.59273E-5 5.04592E-5 8.82531E-5 1.09823E-4 6.27637E-5 7.76551E-5 5.94408E-5 6.07073E-5 6.57863E-5 7.28072E-5 5.88499E-5 1.02337E-4 9.48433E-5 1.56387E-4 1.66286E-4 3.25872E-4
3.1615E-1 -9999 -9999 -9999 -9999 1.48287E-2 1.84389E-2 2.95589E-2 1.74427E-2 -9999 -9999 -9999 -9999 -9999 -9999 -9999 6.25619E-2 8.92331E-2 -9999 -9999 -9999 -9999 -9999 -9999 -9999 -9999 7.75303E-2 5.82663E-2 -9999 -9999 1.96402E-2 4.1474E-2 2.8E-2 6.33371E-3 1.31541E-3 1.41516E-3 1.14216E-3 4.07375E-4 1.46809E-3 2.93552E-3 3.06235E-3 1.51798E-3 7.90999E-4 1.49277E-3 2.19913E-3 5.78162E-4 2.86638E-4 5.1825E-4 2.32225E-4 5.06132E-5 4.55354E-5 3.97916E-5 9.05938E-5 2.0984E-4 2.2156E-4 2.19589E-4 1.09566E-4 7.34822E-5 9.44303E-5 1.65169E-4 1.33703E-4 1.13661E-4 1.10143E-4 1.08273E-4 2.56158E-4 2.49912E-4 3.43985E-4
2.18604E-1 -9999 -9999 -9999 -9999 3.77619E-2 -9999 -9999 -9999 -9999 -9999 -9999 -9999 -9999 7.37179E-2 7.81875E-2 4.7244E-2 6.95677E-2 -9999 -9999 -9999 1.45214E-2 2.73701E-2 -9999 -9999 5.46369E-2 7.88682E-2 6.43206E-2 -9999 -9999 1.85818E-2 2.90238E-2 1.10579E-2 3.5528E-3 9.83431E-4 5.89465E-4 7.75557E-4 4.06407E-4 6.10153E-4 1.08169E-3 7.02386E-4 6.64042E-4 4.62529E-4 1.49119E-3 1.25769E-3 2.61254E-4 7.81897E-5 2.63352E-4 5.49383E-4 7.48506E-5 5.30491E-5 6.33719E-5 2.49005E-4 5.18822E-4 3.63178E-4 1.72468E-4 8.40468E-5 9.17003E-5 7.12512E-5 8.08255E-5 1.29272E-4 7.97634E-5 1.36954E-4 1.05732E-4 1.83314E-4 2.05112E-4 3.76448E-4
-9999 -9999 -9999 -9999 -9999 -9999 -9999 -9999 -9999 -9999 -9999 -9999 -9999 -9999 7.91075E-2 4.62445E-2 5.96101E-2 6.25307E-2 -9999 -9999 -9999 7.13003E-3 1.30769E-2 5.45682E-3 1.99073E-2 3.82395E-2 6.54386E-2 4.27503E-2 -9999 1.65817E-2 1.40111E-2 5.1883E-3 2.65881E-3 6.53721E-4 3.73874E-4 3.94309E-4 6.47276E-4 5.38239E-4 3.55469E-4 6.15806E-4 5.14373E-4 5.04245E-4 4.14328E-4 9.65661E-4 1.26109E-3 2.04816E-4 5.85171E-5 2.00907E-4 3.68453E-4 5.81846E-5 6.18875E-5 7.20094E-5 2.0622E-4 2.28518E-4 1.86137E-4 9.66134E-5 7.58264E-5 8.2444E-5 1.04763E-4 6.72472E-5 1.5871E-4 2.24304E-4 1.79687E-4 1.01091E-4 1.56161E-4 1.69753E-4 3.22509E-4
-9999 -9999 -9999 -9999 -9999 -9999 -9999 -9999 -9999 -9999 -9999 -9999 -9999 -9999 -9999 -9999 2.31148E-2 1.67127E-2 1.86433E-2 7.01701E-3 1.32504E-3 2.28207E-3 4.08474E-3 2.33946E-3 7.33605E-3 2.35673E-2 5.68681E-2 2.01913E-2 1.4571E-2 6.59557E-3 2.7277E-3 1.38436E-3 1.15894E-3 3.07816E-4 2.14495E-4 2.47451E-4 2.52162E-4 2.22977E-4 1.14084E-4 1.83864E-4 7.04645E-5 2.52188E-4 3.4582E-4 7.28205E-4 4.72589E-4 1.65056E-4 1.29141E-4 9.54664E-5 1.13501E-4 9.05383E-5 6.03736E-5 1.23235E-4 1.72952E-4 2.30594E-4 1.48492E-4 1.12055E-4 1.39561E-4 8.46526E-5 9.35827E-5 9.9177E-5 3.11438E-4 2.78337E-4 2.70632E-4 1.35109E-4 2.23891E-4 2.35866E-4 1.85988E-4
-9999 -9999 -9999 -9999 -9999 -9999 -9999 -9999 -9999 1.20214E-1 1.03527E-1 -9999 -9999 -9999 -9999 -9999 3.68865E-3 3.59784E-3 7.17918E-3 2.68154E-3 1.01451E-3 8.70626E-4 1.58358E-3 1.27538E-3 1.83288E-3 1.1297E-2 2.0166E-2 9.21947E-3 3.26576E-3 7.18982E-4 7.71401E-4 4.52014E-4 4.89568E-4 8.40334E-5 6.52298E-5 1.15871E-4 9.03672E-5 2.31368E-4 2.17214E-4 1.15853E-4 5.39884E-5 9.90071E-5 1.74989E-4 5.27717E-4 2.79719E-4 8.54245E-5 1.6281E-4 1.65747E-4 1.15453E-4 6.45233E-5 8.42562E-5 6.871E-5 1.00219E-4 1.1766E-4 1.98005E-4 2.63084E-4 2.32239E-4 1.05278E-4 1.29999E-4 1.25825E-4 1.93412E-4 1.86857E-4 3.11683E-4 2.80949E-4 2.47211E-4 2.58181E-4 3.02938E-4
7.46523E-2 3.65606E-2 3.20446E-2 3.70755E-2 -9999 -9999 -9999 -9999 5.21824E-2 1.34377E-1 1.4533E-1 -9999 -9999 -9999 4.82207E-2 1.86836E-2 5.93027E-3 1.0764E-3 7.07538E-4 7.06308E-4 2.44916E-4 3.66141E-4 1.76198E-3 2.29431E-3 2.12118E-3 3.91818E-3 1.25934E-2 5.58384E-3 2.64695E-3 3.97642E-4 1.64992E-4 3.58648E-4 2.20038E-4 2.98641E-5 5.09891E-5 4.38405E-5 6.52206E-5 1.37786E-4 1.28266E-4 8.05306E-5 5.96748E-5 5.36083E-5 7.66675E-5 1.71722E-4 7.85137E-5 6.1323E-5 1.0407E-4 9.94948E-5 1.2714E-4 1.50724E-4 1.25322E-4 1.08653E-4 1.49023E-4 1.73808E-4 1.91526E-4 2.5209E-4 2.70913E-4 2.89083E-4 2.68796E-4 2.6079E-4 2.01533E-4 3.03939E-4 3.47794E-4 4.79224E-4 4.09044E-4 3.59423E-4 3.74278E-4
2.94136E-2 6.35496E-2 1.65667E-2 -9999 -9999 -9999 -9999 -9999 3.74996E-2 9.50041E-2 1.4577E-1 -9999 -9999 -9999 -9999 -9999 8.44168E-4 2.7489E-4 3.63353E-4 4.02411E-4 1.10779E-4 4.30745E-4 6.24363E-4 5.99456E-4 4.56971E-4 1.86863E-3 4.2201E-3 6.90416E-4 8.18829E-4 2.01925E-4 6.81516E-5 6.47917E-5 6.82245E-5 5.01756E-5 2.84672E-5 2.71518E-5 3.64435E-5 4.9517E-5 5.08703E-5 4.6319E-5 2.98231E-5 4.13936E-5 5.92015E-5 7.44779E-5 4.57403E-5 3.05551E-5 9.6322E-5 8.60841E-5 1.4757E-4 2.55539E-4 2.69721E-4 2.78073E-4 4.33418E-4 2.38538E-4 2.75431E-4 1.75964E-4 2.1396E-4 3.92186E-4 4.64736E-4 4.01738E-4 2.96348E-4 3.55822E-4 3.15742E-4 4.98894E-4 6.24118E-4 5.93882E-4 5.71436E-4
8.4318E-3 2.10378E-2 5.56636E-3 -9999 -9999 -9999 -9999 -9999 1.14342E-1 8.3654E-2 6.29483E-2 1.94515E-1 -9999 -9999 -9999 5.81458E-4 1.67509E-4 6.63725E-5 1.40731E-4 1.7089E-4 3.09485E-4 2.72818E-4 6.59333E-4 8.70659E-4 6.16737E-4 5.29134E-4 7.41539E-4 2.84832E-4 1.39025E-4 7.33629E-5 3.58012E-5 2.56029E-5 2.94463E-5 3.83151E-5 3.03559E-5 2.69259E-5 3.40147E-5 2.80945E-5 2.85508E-5 2.78012E-5 2.49242E-5 3.63345E-5 3.38012E-5 3.41463E-5 5.19758E-5 2.88638E-5 6.86883E-5 1.55389E-4 1.70311E-4 3.06893E-4 5.08431E-4 4.52683E-4 3.49713E-4 1.79383E-4 1.56473E-4 1.85328E-4 2.18781E-4 3.75575E-4 4.25636E-4 4.78514E-4 5.14618E-4 5.30874E-4 5.25141E-4 5.9897E-4 6.83064E-4 6.54049E-4 7.15622E-4
4.11075E-3 6.13413E-3 -9999 -9999 -9999 -9999 -9999 -9999 1.15833E-1 1.82481E-1 1.67745E-1 -9999 -9999 -9999 3.48388E-3 3.56513E-4 2.83183E-4 2.31963E-4 1.81417E-4 1.9249E-4 6.61158E-4 6.96565E-4 1.19384E-3 4.01403E-3 1.08306E-3 6.69732E-4 3.15171E-4 1.3086E-4 2.90613E-5 2.35034E-5 3.09892E-5 1.72195E-5 1.56788E-5 2.63569E-5 2.03366E-5 1.89541E-5 2.31614E-5 2.56517E-5 3.21493E-5 3.39474E-5 3.80299E-5 5.14694E-5 4.18821E-5 2.78552E-5 3.57807E-5 4.05769E-5 5.577E-5 8.30323E-5 7.88944E-5 7.34097E-5 1.9538E-4 2.00873E-4 2.68777E-4 1.06575E-4 1.11078E-4 2.09329E-4 3.57858E-4 4.79692E-4 6.29783E-4 6.43951E-4 6.7714E-4 6.48267E-4 6.17435E-4 6.87774E-4 5.93409E-4 6.45033E-4 7.29057E-4
1.68726E-3 4.76298E-3 -9999 -9999 -9999 -9999 -9999 -9999 7.05726E-2 8.11644E-2 8.15596E-2 -9999 -9999 -9999 -9999 5.41516E-4 1.03317E-3 4.19375E-4 8.22905E-4 9.36872E-4 1.5168E-3 6.35452E-4 9.17471E-3 8.55799E-3 5.31216E-3 3.29948E-3 6.46508E-4 2.0553E-4 5.61099E-4 6.13194E-5 2.29141E-5 2.20619E-5 1.77978E-5 1.75661E-5 2.39938E-5 2.03167E-5 2.32817E-5 2.22188E-5 2.44975E-5 3.49561E-5 4.09717E-5 4.43092E-5 4.26501E-5 3.74796E-5 3.54957E-5 5.00382E-5 5.88715E-5 4.29421E-5 3.44442E-5 4.02649E-5 3.79672E-5 5.3962E-5 9.3719E-5 4.47179E-5 7.05701E-5 1.2654E-4 2.26258E-4 4.43831E-4 6.68929E-4 7.21908E-4 7.02964E-4 6.66286E-4 9.0385E-4 7.45283E-4 7.0136E-4 6.09642E-4 5.98068E-4
-9999 -9999 -9999 -9999 -9999 -9999 -9999 4.1284E-2 5.77315E-2 8.75791E-2 9.2616E-2 -9999 -9999 -9999 -9999 5.66992E-3 7.85367E-3 4.26635E-3 2.93691E-3 4.33703E-3 3.57928E-3 7.82864E-3 2.54268E-2 3.01248E-2 8.1472E-3 5.81856E-3 1.5738E-3 2.31246E-4 2.13101E-4 3.70413E-5 1.87457E-5 2.34157E-5 2.25104E-5 1.87515E-5 2.00722E-5 1.87758E-5 4.38319E-5 2.68821E-5 2.5137E-5 4.0248E-5 5.52931E-5 6.31919E-5 5.9806E-5 4.95052E-5 3.41827E-5 4.18365E-5 5.26824E-5 6.50608E-5 6.8164E-5 4.80313E-5 6.52464E-5 6.19378E-5 5.4107E-5 3.35192E-5 5.91674E-5 1.10001E-4 2.97968E-4 4.16625E-4 6.67312E-4 4.42211E-4 6.1496E-4 6.29168E-4 6.74824E-4 8.0283E-4 6.03748E-4 4.91999E-4 4.47646E-4
-9999 -9999 -9999 -9999 -9999 -9999 -9999 6.25112E-2 8.16829E-2 1.19201E-1 -9999 -9999 -9999 -9999 -9999 -9999 -9999 3.50117E-2 -9999 -9999 4.92222E-2 3.83637E-2 -9999 -9999 3.34828E-3 8.64241E-4 5.52222E-4 9.09456E-5 4.15965E-5 4.72063E-5 2.15257E-5 2.23508E-5 2.42238E-5 1.96004E-5 2.0458E-5 2.72355E-5 2.42814E-5 2.21595E-5 2.27025E-5 2.65436E-5 2.76253E-5 3.42572E-5 4.17684E-5 3.50139E-5 3.95207E-5 5.67781E-5 6.48927E-5 5.4611E-5 3.21942E-5 3.47915E-5 4.25084E-5 4.15467E-5 6.26737E-5 7.32009E-5 1.13397E-4 1.49012E-4 3.28116E-4 2.48133E-4 3.80913E-4 4.01002E-4 6.04E-4 6.8445E-4 7.23172E-4 5.53371E-4 4.13034E-4 3.39906E-4 3.17895E-4
-9999 -9999 -9999 -9999 -9999 -9999 6.03192E-2 1.00971E-1 1.46296E-1 -9999 -9999 -9999 -9999 -9999 4.48475E-2 -9999 -9999 -9999 -9999 -9999 -9999 -9999 -9999 -9999 -9999 7.92595E-4 6.0552E-4 1.73697E-4 3.52543E-5 4.21868E-5 2.11216E-5 4.29354E-5 2.62246E-5 2.35231E-5 1.19746E-5 1.18287E-5 2.29138E-5 1.73789E-5 1.36929E-5 1.66764E-5 4.33322E-5 3.91762E-5 3.74343E-5 4.83747E-5 4.40416E-5 3.00572E-5 2.17684E-5 2.97065E-5 3.67243E-5 5.37364E-5 5.36577E-5 5.42564E-5 4.74469E-5 7.55909E-5 1.0169E-4 1.58173E-4 1.3186E-4 1.82277E-4 3.03415E-4 3.44711E-4 5.08639E-4 8.6446E-4 8.07824E-4 6.39902E-4 3.7389E-4 2.05717E-4 2.13135E-4
-9999 -9999 -9999 -9999 -9999 -9999 6.98253E-2 1.4418E-1 1.38447E-1 -9999 -9999 -9999 -9999 -9999 2.49267E-2 7.87661E-2 -9999 -9999 -9999 -9999 -9999 -9999 -9999 -9999 -9999 9.73475E-3 5.59622E-3 1.8488E-3 4.51517E-4 1.49102E-4 9.54605E-5 4.01174E-5 2.98919E-5 1.35422E-5 3.2904E-5 1.12384E-5 1.56064E-5 8.05167E-5 8.47233E-5 2.12776E-5 3.54147E-5 5.42432E-5 4.21296E-5 7.58244E-5 5.39466E-5 1.82517E-5 3.2379E-5 4.01289E-5 6.60705E-5 8.49345E-5 7.47967E-5 8.60307E-5 8.04403E-5 1.19469E-4 1.86021E-4 1.31025E-4 1.14038E-4 2.67096E-4 2.92425E-4 3.97104E-4 8.09977E-4 8.62686E-4 8.51071E-4 4.83109E-4 1.99792E-4 1.1167E-4 1.37823E-4
-9999 -9999 -9999 -9999 -9999 5.28444E-2 8.89306E-2 8.40484E-2 1.10964E-1 4.54593E-2 2.44663E-2 3.93134E-2 2.34332E-3 2.88111E-3 3.26329E-2 4.58279E-2 4.71032E-2 -9999 6.51426E-3 -9999 -9999 -9999 -9999 -9999 -9999 -9999 -9999 2.72768E-3 6.27289E-4 4.11277E-4 1.2124E-4 2.46304E-5 1.66734E-5 1.98561E-5 1.84674E-5 1.28174E-5 1.54159E-5 4.49342E-5 1.3009E-4 1.27918E-4 4.83589E-5 4.98195E-5 7.71478E-5 6.52433E-5 6.16552E-5 3.93603E-5 5.27188E-5 7.82253E-5 1.74092E-4 1.18379E-4 1.0517E-4 8.26478E-5 1.12915E-4 7.63923E-5 1.71001E-4 1.22741E-4 2.94943E-4 3.13681E-4 4.40866E-4 4.41566E-4 8.13988E-4 9.87621E-4 6.60598E-4 3.5117E-4 2.209E-4 1.3696E-4 1.50873E-4
-9999 -9999 -9999 -9999 2.91681E-3 3.09556E-2 6.20297E-2 2.44186E-2 1.88466E-2 1.17567E-2 4.82556E-3 2.26919E-2 1.30681E-3 1.42498E-3 8.44397E-3 1.40376E-2 4.83777E-2 -9999 -9999 2.78102E-3 -9999 -9999 -9999 -9999 -9999 -9999 -9999 1.20403E-3 7.42668E-4 9.67315E-4 2.25392E-4 1.6779E-5 1.92017E-5 1.13046E-5 1.55545E-5 1.6356E-5 1.46035E-5 3.96199E-5 1.02196E-4 2.0798E-4 5.36932E-5 2.20116E-5 3.33172E-5 5.73041E-5 4.13266E-5 3.67351E-5 5.68555E-5 1.09338E-4 2.51997E-4 1.29086E-4 7.74005E-5 6.08542E-5 1.84505E-4 1.25862E-4 8.49378E-5 9.0236E-5 2.03719E-4 3.327E-4 5.15288E-4 4.26127E-4 7.32778E-4 8.43371E-4 6.2625E-4 5.12756E-4 4.59372E-4 3.26584E-4 2.60607E-4
-9999 -9999 -9999 -9999 6.4632E-3 3.05562E-2 3.42224E-2 9.34462E-3 1.32685E-3 6.02454E-4 6.04161E-3 1.80474E-2 1.13805E-3 8.15424E-4 9.58033E-4 3.87683E-3 2.41364E-2 1.31263E-2 -9999 4.49687E-3 4.0088E-3 2.71819E-2 6.5194E-2 -9999 -9999 -9999 -9999 -9999 2.3894E-3 1.72702E-3 3.59057E-4 3.10422E-5 3.35747E-5 2.5405E-5 1.01675E-5 1.9572E-5 2.874E-5 1.3175E-4 4.41281E-4 6.13232E-4 1.07726E-4 6.07158E-5 6.45951E-5 7.9781E-5 6.33836E-5 4.63427E-5 6.46132E-5 3.45564E-4 9.37899E-5 7.20198E-5 8.03254E-5 1.58493E-4 1.34429E-4 2.28958E-4 1.37349E-4 1.32107E-4 1.69342E-4 4.14346E-4 4.99728E-4 4.16443E-4 5.23877E-4 8.11044E-4 7.86847E-4 6.72079E-4 5.56852E-4 3.8499E-4 -9999
2.03136E-1 -9999 -9999 1.11156E-3 1.84618E-3 4.79723E-3 1.23443E-2 3.14149E-3 2.78917E-4 2.30227E-4 2.414E-3 1.23851E-3 4.85228E-4 1.01665E-4 1.76584E-4 7.89224E-4 2.76962E-2 5.53068E-3 2.17067E-3 6.26905E-3 2.83784E-3 1.3385E-2 1.33593E-1 1.51293E-2 -9999 5.38115E-2 -9999 -9999 -9999 1.32061E-3 3.83489E-4 6.19336E-4 8.2307E-5 3.57556E-5 1.44594E-5 7.31376E-5 1.17781E-4 1.93921E-4 1.7273E-3 7.31853E-4 1.18034E-4 2.25467E-4 1.38566E-4 3.31515E-4 1.48131E-4 1.67632E-4 8.4568E-4 6.12784E-4 9.83088E-5 9.24867E-5 1.30858E-4 1.37645E-4 1.51246E-4 2.31278E-4 2.8095E-4 3.31302E-4 2.23169E-4 3.81739E-4 5.39759E-4 6.35569E-4 4.71095E-4 8.52872E-4 9.04186E-4 8.25309E-4 -9999 -9999 -9999
1.1611E-1 -9999 -9999 1.76331E-3 1.23446E-3 3.61655E-3 1.78645E-3 4.79269E-4 9.07142E-5 3.60688E-4 2.92488E-4 6.37277E-4 1.10717E-4 1.54511E-5 9.31098E-5 6.2168E-4 8.45184E-3 2.83708E-3 9.22667E-4 3.00387E-3 3.92455E-3 2.53063E-2 7.31025E-2 5.9521E-3 6.67774E-3 7.35297E-3 4.58746E-2 -9999 -9999 -9999 3.66631E-3 1.02448E-3 2.66714E-4 4.29327E-4 3.2468E-4 6.13879E-4 5.34184E-4 6.27261E-4 5.29675E-3 1.02973E-3 8.04493E-4 2.31974E-3 1.65271E-3 1.64948E-3 4.98962E-4 1.18266E-3 2.21324E-3 1.907E-4 1.15134E-4 1.24044E-4 1.49118E-4 2.19708E-4 3.02602E-4 2.214E-4 3.34352E-4 3.84274E-4 4.74626E-4 3.72594E-4 4.8921E-4 6.64187E-4 4.90818E-4 6.97252E-4 7.56501E-4 7.63378E-4 -9999 -9999 -9999
2.25982E-1 -9999 -9999 -9999 1.00038E-3 1.84404E-3 6.44324E-4 1.03365E-4 7.92734E-5 4.63278E-5 3.5346E-5 6.99552E-5 7.38467E-5 1.78201E-5 1.94824E-4 5.1823E-4 5.05768E-3 1.03246E-3 5.26782E-4 2.89262E-3 3.89471E-3 5.14588E-3 6.08017E-2 6.46467E-3 3.89955E-3 7.21326E-3 4.62895E-3 6.26675E-3 2.83169E-2 -9999 -9999 1.50028E-2 1.2835E-2 3.47418E-3 8.28382E-3 1.04147E-2 9.25518E-3 8.84234E-3 9.39068E-3 7.04577E-3 1.43131E-2 5.76933E-3 2.38004E-3 1.63336E-3 1.30495E-3 4.88909E-3 1.32083E-3 1.43532E-4 1.29805E-4 1.26844E-4 4.52273E-4 7.9918E-4 3.80325E-4 3.15789E-4 5.43532E-4 6.72599E-4 5.58038E-4 5.90071E-4 6.74009E-4 6.45698E-4 7.7819E-4 9.18595E-4 7.4655E-4 -9999 -9999 -9999 -9999
-9999 -9999 -9999 -9999 8.85489E-3 4.99518E-3 5.2251E-4 2.92578E-4 9.66347E-5 1.66973E-5 9.94554E-6 4.35328E-5 3.01574E-5 2.50926E-5 1.07706E-4 3.19118E-4 2.04938E-3 4.46086E-4 7.28541E-4 1.78682E-3 2.82365E-3 5.83984E-3 5.07995E-2 6.50581E-3 2.87128E-3 5.37036E-3 3.09295E-3 4.45969E-3 6.4917E-3 3.37232E-2 -9999 3.36307E-2 2.49706E-2 1.69958E-2 1.52854E-2 1.04666E-2 2.28462E-2 3.47785E-2 4.22739E-2 2.51629E-2 1.84732E-2 1.42781E-2 5.30052E-3 1.00001E-2 1.25269E-2 8.78353E-3 5.68238E-4 1.93118E-4 1.95407E-4 2.50814E-4 2.11993E-3 4.92026E-4 3.24316E-4 3.83065E-4 6.32561E-4 4.56895E-4 4.32158E-4 7.97093E-4 8.64745E-4 1.03107E-3 1.03688E-3 6.72336E-4 4.90905E-4 -9999 -9999 -9999 -9999
-9999 -9999 -9999 2.83807E-2 3.55109E-3 1.2176E-3 3.11476E-4 2.17502E-4 9.43045E-5 1.31866E-5 1.02272E-5 3.99997E-5 2.23902E-5 1.21636E-5 9.21448E-5 4.44775E-4 1.29996E-3 2.24806E-4 6.30822E-4 7.68981E-4 3.91579E-3 4.0432E-2 3.87543E-2 2.44426E-3 2.71978E-3 5.97137E-3 3.67471E-3 4.7198E-3 1.00961E-2 1.33655E-2 2.18608E-2 1.05551E-2 1.21126E-2 3.85619E-3 4.73217E-3 4.83337E-3 7.47764E-3 2.34477E-2 2.0945E-2 3.99438E-3 1.52541E-3 1.56012E-2 2.11567E-2 8.01617E-3 4.44411E-3 8.89711E-3 2.98277E-3 2.99949E-3 3.85244E-3 2.12978E-3 4.28243E-4 4.63953E-4 3.05236E-4 5.16678E-4 4.51112E-4 5.26467E-4 6.83461E-4 8.20935E-4 1.02763E-3 8.65639E-4 6.97666E-4 4.2815E-4 4.86679E-4 -9999 -9999 -9999 -9999
-9999 -9999 7.96082E-4 6.26231E-3 5.23765E-3 6.28559E-4 1.58167E-4 6.35769E-5 4.34874E-5 3.29758E-5 9.37794E-6 1.3922E-5 1.76561E-5 1.45876E-5 7.79233E-5 4.12785E-4 6.20417E-4 1.99769E-4 6.30403E-4 9.28378E-4 3.08923E-3 3.78386E-2 1.48319E-2 2.12214E-3 3.14278E-3 4.33942E-3 3.874E-3 5.09032E-3 1.18974E-3 2.3173E-3 7.7477E-3 2.51021E-3 9.27017E-3 5.70184E-3 2.71569E-3 7.45163E-3 7.46795E-3 6.98431E-3 2.14963E-3 4.89065E-4 1.89902E-3 1.64218E-2 1.39794E-3 1.39925E-3 9.30222E-4 1.23276E-2 4.27098E-3 3.12505E-3 4.26056E-4 4.87147E-4 2.27924E-4 2.4065E-4 4.84431E-4 4.58109E-4 5.63426E-4 6.98994E-4 7.61115E-4 6.21226E-4 7.57646E-4 8.72098E-4 1.06795E-3 9.80087E-4 8.93114E-4 -9999 -9999 -9999 -9999
