ENM/Final_Models/M_2_F_q_Set_1_EC/Gustavia_santanderiensis_0_Choco.asc
ncols         367
nrows         963
xllcorner     -78.6
yllcorner     0.65
cellsize      0.00833333333333323
NODATA_value  -9999
[rows 527 to 557 of 963, columns 138 to 206 of 367]
-9999 -9999 -9999 -9999 -9999 -9999 -9999 -9999 -9999 -9999 -9999 -9999 -9999 -9999 -9999 -9999 -9999 9.78177E-1 8.32106E-1 9.01474E-1 9.7315E-1 9.74521E-1 9.85333E-1 9.15291E-1 8.46704E-1 9.5747E-1 9.48238E-1 9.91089E-1 9.90605E-1 9.99816E-1 9.83783E-1 9.99535E-1 9.91486E-1 9.95151E-1 9.99223E-1 9.90018E-1 9.76231E-1 9.97098E-1 9.95275E-1 9.98151E-1 9.97285E-1 9.9627E-1 9.82478E-1 9.81495E-1 9.93533E-1 9.99389E-1 9.98692E-1 9.89904E-1 9.99125E-1 9.98431E-1 9.99485E-1 9.99975E-1 9.99688E-1 -9999 7.06459E-1 9.56006E-1 9.90104E-1 9.40896E-1 9.99981E-1 9.99715E-1 9.98842E-1 9.77423E-1 9.84237E-1 9.94686E-1 9.98299E-1 9.96793E-1 9.96531E-1 9.98686E-1 9.91564E-1
-9999 -9999 -9999 -9999 -9999 -9999 -9999 -9999 -9999 -9999 -9999 -9999 -9999 -9999 -9999 -9999 -9999 9.88991E-1 9.34656E-1 8.36872E-1 8.03498E-1 9.05412E-1 9.46387E-1 9.183E-1 9.53969E-1 9.71428E-1 9.5449E-1 8.82213E-1 9.02822E-1 9.82893E-1 9.98325E-1 9.96408E-1 9.99908E-1 9.93628E-1 9.91818E-1 9.95035E-1 9.97584E-1 9.96234E-1 9.96709E-1 9.96191E-1 9.96308E-1 9.92773E-1 9.9634E-1 9.9653E-1 9.97511E-1 9.80729E-1 9.9551E-1 9.93659E-1 9.8293E-1 9.80717E-1 9.94674E-1 9.99298E-1 9.99962E-1 9.94209E-1 9.94868E-1 9.83337E-1 9.39551E-1 9.90834E-1 9.9973E-1 9.94594E-1 9.95884E-1 9.72219E-1 9.86694E-1 9.98566E-1 9.91461E-1 9.95292E-1 9.9333E-1 9.89254E-1 9.96402E-1
-9999 -9999 -9999 -9999 -9999 -9999 -9999 -9999 -9999 -9999 -9999 -9999 -9999 -9999 -9999 -9999 -9999 9.21334E-1 8.84887E-1 9.42195E-1 7.82937E-1 9.33168E-1 9.92155E-1 9.03788E-1 8.98193E-1 9.59433E-1 9.24834E-1 9.88087E-1 9.72657E-1 9.26E-1 9.64201E-1 9.94386E-1 9.94513E-1 9.97907E-1 9.92764E-1 9.95064E-1 9.90229E-1 9.94718E-1 9.99357E-1 9.97715E-1 9.9563E-1 9.92174E-1 9.98632E-1 9.95846E-1 9.93215E-1 9.96832E-1 9.97423E-1 9.94389E-1 9.96071E-1 9.73527E-1 9.95807E-1 9.94899E-1 -9999 9.89012E-1 9.85005E-1 9.91429E-1 8.76269E-1 9.2259E-1 9.62052E-1 9.99454E-1 9.99856E-1 9.92791E-1 9.98321E-1 9.76506E-1 9.62719E-1 9.66525E-1 9.96017E-1 9.87903E-1 9.7048E-1
-9999 -9999 -9999 -9999 -9999 -9999 -9999 -9999 -9999 -9999 -9999 -9999 -9999 -9999 -9999 -9999 -9999 8.87226E-1 9.8975E-1 9.6316E-1 9.71143E-1 9.97999E-1 9.93609E-1 9.98512E-1 9.99078E-1 9.9984E-1 9.93713E-1 9.90788E-1 9.79646E-1 9.78613E-1 9.72015E-1 9.96866E-1 9.9339E-1 9.98635E-1 9.9962E-1 9.99596E-1 9.93368E-1 9.98886E-1 9.98538E-1 9.99652E-1 9.9534E-1 9.88865E-1 9.79289E-1 9.92937E-1 9.83926E-1 9.97953E-1 9.94052E-1 9.95851E-1 9.85852E-1 9.93952E-1 9.74838E-1 -9999 9.02114E-1 9.39763E-1 8.87623E-1 9.74114E-1 9.77899E-1 9.86779E-1 9.9898E-1 9.97447E-1 9.98662E-1 9.92028E-1 9.8457E-1 9.69288E-1 9.54977E-1 9.22704E-1 8.82606E-1 8.74514E-1 9.38906E-1
-9999 -9999 -9999 -9999 -9999 -9999 -9999 -9999 -9999 -9999 -9999 -9999 -9999 -9999 -9999 -9999 -9999 9.03227E-1 9.90041E-1 9.46188E-1 9.97866E-1 9.98204E-1 9.98772E-1 9.98711E-1 9.99426E-1 9.81046E-1 9.97606E-1 9.86418E-1 9.88633E-1 9.92042E-1 9.916E-1 9.90305E-1 9.90731E-1 9.75205E-1 9.94062E-1 9.90006E-1 9.97583E-1 9.8911E-1 9.99397E-1 9.99413E-1 9.8928E-1 9.84365E-1 9.96366E-1 9.7806E-1 9.70816E-1 9.98448E-1 9.98564E-1 9.93661E-1 9.93618E-1 9.99036E-1 9.93873E-1 -9999 9.99907E-1 9.3513E-1 9.33398E-1 9.95242E-1 9.99836E-1 9.32862E-1 9.50476E-1 9.99787E-1 9.9766E-1 9.66568E-1 9.66397E-1 9.51143E-1 9.28057E-1 9.86557E-1 9.9134E-1 9.83829E-1 9.97268E-1
-9999 -9999 -9999 -9999 -9999 -9999 -9999 -9999 -9999 -9999 -9999 -9999 -9999 -9999 -9999 -9999 -9999 9.31672E-1 9.33159E-1 9.48153E-1 9.98622E-1 9.99393E-1 9.99684E-1 9.92459E-1 9.99017E-1 9.94069E-1 9.7266E-1 9.8258E-1 9.80827E-1 9.90135E-1 9.98721E-1 9.93858E-1 9.98809E-1 9.71683E-1 9.93069E-1 9.88887E-1 9.93627E-1 9.86181E-1 9.99774E-1 9.89565E-1 9.8739E-1 9.90971E-1 9.91556E-1 9.95045E-1 8.48359E-1 9.98945E-1 9.99972E-1 9.81638E-1 9.91516E-1 9.82719E-1 9.89408E-1 9.99403E-1 9.99996E-1 9.42322E-1 9.20482E-1 8.85496E-1 9.96445E-1 9.9728E-1 9.97824E-1 9.90128E-1 9.95589E-1 9.95529E-1 9.91749E-1 9.60972E-1 9.91634E-1 9.94397E-1 9.86632E-1 9.85787E-1 9.95319E-1
-9999 -9999 -9999 -9999 -9999 -9999 -9999 -9999 -9999 -9999 -9999 -9999 -9999 -9999 -9999 -9999 9.75617E-1 9.65373E-1 -9999 -9999 9.98225E-1 -9999 9.97047E-1 9.98948E-1 9.96571E-1 9.98678E-1 9.80601E-1 9.89561E-1 9.93029E-1 9.96023E-1 9.53586E-1 9.48649E-1 9.95211E-1 9.97388E-1 9.96999E-1 9.89843E-1 9.9328E-1 9.97801E-1 9.92055E-1 9.82508E-1 9.79673E-1 9.72363E-1 9.97662E-1 -9999 9.83814E-1 9.97732E-1 9.96802E-1 9.94541E-1 9.9062E-1 9.59723E-1 9.95698E-1 9.99977E-1 9.99868E-1 -9999 9.6304E-1 8.63557E-1 9.9664E-1 9.95255E-1 9.47715E-1 9.74187E-1 9.8984E-1 9.91181E-1 9.94916E-1 9.84224E-1 9.90865E-1 9.70236E-1 9.61601E-1 9.85057E-1 9.84039E-1
-9999 -9999 -9999 -9999 -9999 -9999 -9999 -9999 -9999 -9999 -9999 -9999 9.32003E-1 -9999 -9999 -9999 -9999 -9999 -9999 -9999 -9999 9.95534E-1 9.67391E-1 9.98819E-1 9.95306E-1 9.99414E-1 9.95403E-1 9.91292E-1 9.33409E-1 6.39455E-1 8.14186E-1 9.82624E-1 9.8951E-1 9.70814E-1 9.98423E-1 9.92218E-1 9.90567E-1 9.96738E-1 9.96167E-1 9.72964E-1 9.84626E-1 9.94858E-1 9.67212E-1 9.25725E-1 9.85615E-1 9.98966E-1 9.90254E-1 9.94554E-1 9.63841E-1 9.93303E-1 9.39023E-1 -9999 9.93256E-1 9.99904E-1 9.89874E-1 9.9783E-1 9.9967E-1 9.68639E-1 9.65393E-1 9.36496E-1 9.8805E-1 9.83312E-1 9.80404E-1 9.94543E-1 9.96324E-1 9.8745E-1 9.43788E-1 9.71264E-1 9.8088E-1
-9999 -9999 -9999 -9999 -9999 -9999 -9999 -9999 -9999 -9999 -9999 -9999 -9999 -9999 -9999 -9999 -9999 -9999 -9999 -9999 9.93556E-1 9.42611E-1 9.66112E-1 9.9664E-1 9.95937E-1 9.99795E-1 9.98842E-1 9.95286E-1 9.86714E-1 9.09745E-1 9.1357E-1 9.31135E-1 9.23654E-1 9.908E-1 9.98228E-1 9.95069E-1 9.9542E-1 9.98124E-1 9.98808E-1 9.92623E-1 9.94448E-1 -9999 9.98516E-1 9.95482E-1 -9999 9.78207E-1 -9999 -9999 9.99575E-1 9.86161E-1 9.60979E-1 9.96827E-1 9.99988E-1 9.85132E-1 9.84306E-1 9.93802E-1 9.92266E-1 9.30523E-1 9.84293E-1 9.8412E-1 9.8392E-1 9.95421E-1 9.95917E-1 9.93287E-1 9.61615E-1 9.80969E-1 9.78008E-1 9.93528E-1 9.83255E-1
-9999 -9999 -9999 -9999 -9999 -9999 -9999 -9999 -9999 -9999 -9999 -9999 -9999 -9999 -9999 -9999 -9999 -9999 -9999 -9999 9.9761E-1 9.63688E-1 9.25621E-1 9.31528E-1 9.88832E-1 9.9065E-1 9.98216E-1 9.87395E-1 9.65517E-1 9.79116E-1 9.90886E-1 9.90137E-1 9.96603E-1 9.87884E-1 9.97107E-1 9.98898E-1 9.98965E-1 9.99716E-1 9.99625E-1 9.95961E-1 9.9937E-1 9.9361E-1 9.9951E-1 9.99597E-1 9.91949E-1 9.69207E-1 9.86759E-1 9.99421E-1 -9999 -9999 9.40232E-1 9.97645E-1 9.99965E-1 9.99527E-1 9.97086E-1 9.87848E-1 9.92569E-1 9.58903E-1 9.84882E-1 9.96702E-1 9.50086E-1 9.73244E-1 9.67085E-1 9.94491E-1 9.95784E-1 9.77782E-1 9.65402E-1 9.83618E-1 9.87535E-1
-9999 -9999 -9999 -9999 -9999 -9999 -9999 -9999 -9999 -9999 -9999 -9999 -9999 -9999 -9999 -9999 -9999 -9999 -9999 -9999 9.96167E-1 9.96171E-1 9.37988E-1 9.87209E-1 9.97361E-1 9.94498E-1 9.92942E-1 9.91843E-1 9.52858E-1 9.46732E-1 9.93152E-1 9.64181E-1 9.85453E-1 9.99011E-1 9.96132E-1 9.88725E-1 9.80489E-1 9.98973E-1 9.95808E-1 9.97544E-1 9.99398E-1 9.87797E-1 9.86655E-1 9.98842E-1 9.86439E-1 9.95896E-1 9.58805E-1 9.29868E-1 9.4408E-1 9.56973E-1 9.99529E-1 9.99419E-1 9.65442E-1 9.99516E-1 9.9433E-1 9.8206E-1 9.96271E-1 9.85009E-1 9.37256E-1 9.28895E-1 9.73472E-1 9.57338E-1 9.99364E-1 9.43463E-1 9.95027E-1 9.81529E-1 9.68983E-1 9.54024E-1 9.78097E-1
-9999 -9999 -9999 -9999 -9999 -9999 -9999 -9999 -9999 -9999 8.91083E-1 8.99036E-1 9.15125E-1 9.55152E-1 -9999 -9999 -9999 -9999 -9999 -9999 9.99426E-1 9.82325E-1 9.548E-1 9.9177E-1 9.97755E-1 9.95303E-1 9.97972E-1 9.97644E-1 9.54594E-1 9.29394E-1 8.543E-1 9.20369E-1 9.78848E-1 9.93877E-1 9.75718E-1 9.78787E-1 9.54598E-1 9.99505E-1 9.90708E-1 9.99831E-1 9.58144E-1 9.96556E-1 -9999 9.80975E-1 9.60915E-1 9.9089E-1 9.89638E-1 9.91525E-1 9.76703E-1 9.39862E-1 -9999 -9999 9.95269E-1 9.69797E-1 9.89974E-1 9.87194E-1 9.94616E-1 9.6237E-1 9.37269E-1 9.98292E-1 8.82167E-1 8.84703E-1 9.03054E-1 9.96783E-1 9.9274E-1 9.82849E-1 9.81052E-1 9.96016E-1 9.98205E-1
-9999 -9999 -9999 -9999 -9999 -9999 -9999 -9999 -9999 8.62581E-1 8.28283E-1 8.14836E-1 8.99944E-1 8.0851E-1 9.87632E-1 -9999 -9999 -9999 -9999 -9999 9.94644E-1 9.74647E-1 9.68406E-1 9.80655E-1 -9999 9.9804E-1 9.9658E-1 9.94021E-1 9.92028E-1 9.90446E-1 9.93139E-1 9.89698E-1 -9999 9.98673E-1 9.95645E-1 -9999 9.94843E-1 -9999 -9999 9.94765E-1 9.16477E-1 9.24203E-1 -9999 9.72668E-1 9.68976E-1 9.87275E-1 9.91298E-1 9.83063E-1 9.86926E-1 9.91785E-1 9.91742E-1 -9999 9.99977E-1 9.91435E-1 9.91625E-1 9.96826E-1 9.72539E-1 9.47771E-1 9.96142E-1 9.67338E-1 9.395E-1 9.64948E-1 9.74041E-1 9.95331E-1 9.34017E-1 9.74221E-1 9.87109E-1 9.99672E-1 9.9983E-1
-9999 -9999 -9999 -9999 -9999 -9999 -9999 -9999 -9999 7.89458E-1 7.3196E-1 6.55633E-1 7.0946E-1 9.23232E-1 9.56695E-1 9.99335E-1 -9999 -9999 9.99391E-1 9.99847E-1 9.90097E-1 9.95717E-1 9.93373E-1 9.8173E-1 9.8948E-1 -9999 9.95816E-1 9.9792E-1 9.972E-1 -9999 9.82129E-1 -9999 9.91546E-1 9.80262E-1 9.94347E-1 9.87621E-1 9.62597E-1 9.89802E-1 9.89983E-1 9.89039E-1 9.47702E-1 9.23707E-1 9.63956E-1 9.746E-1 9.8407E-1 9.96035E-1 9.96091E-1 9.86276E-1 9.75409E-1 9.89385E-1 9.97131E-1 9.86128E-1 9.615E-1 9.84839E-1 9.9394E-1 9.94062E-1 9.75014E-1 9.64185E-1 9.957E-1 9.99573E-1 9.25971E-1 6.88198E-1 9.0756E-1 8.96923E-1 9.95182E-1 9.76414E-1 9.63531E-1 9.90476E-1 9.96489E-1
-9999 -9999 -9999 -9999 -9999 -9999 -9999 -9999 8.71788E-1 9.42608E-1 9.31489E-1 9.28069E-1 6.95499E-1 8.86666E-1 7.49178E-1 9.66034E-1 9.16399E-1 9.661E-1 9.71634E-1 9.77838E-1 9.21364E-1 6.97036E-1 9.95734E-1 9.9664E-1 9.94543E-1 9.98421E-1 -9999 9.97276E-1 9.964E-1 9.86545E-1 9.85874E-1 9.87879E-1 9.98196E-1 9.98308E-1 9.97647E-1 9.83506E-1 9.99341E-1 9.95785E-1 9.92069E-1 9.94989E-1 9.82536E-1 9.93429E-1 9.85272E-1 9.93178E-1 9.78533E-1 9.92681E-1 9.87522E-1 9.94329E-1 9.88159E-1 9.65213E-1 9.8119E-1 9.85003E-1 9.23656E-1 9.94378E-1 9.89126E-1 9.94588E-1 9.96081E-1 9.65796E-1 9.81341E-1 9.93096E-1 9.91537E-1 9.2906E-1 9.35001E-1 9.25628E-1 9.88313E-1 9.57292E-1 9.70894E-1 9.95222E-1 9.83936E-1
-9999 -9999 -9999 -9999 -9999 -9999 -9999 -9999 9.76536E-1 9.54739E-1 9.97569E-1 9.90338E-1 9.82502E-1 8.75186E-1 9.53644E-1 9.37876E-1 7.22862E-1 5.01177E-1 6.29808E-1 7.14607E-1 9.40764E-1 8.45013E-1 9.87349E-1 9.96344E-1 9.08282E-1 8.64312E-1 8.72109E-1 9.90763E-1 9.7441E-1 9.80083E-1 9.86174E-1 9.94339E-1 9.89695E-1 9.94295E-1 9.9798E-1 9.97844E-1 9.99305E-1 9.47258E-1 9.5459E-1 9.89287E-1 9.62781E-1 9.70881E-1 9.61612E-1 9.81802E-1 9.98146E-1 9.70578E-1 9.74118E-1 9.59336E-1 9.79326E-1 9.87701E-1 9.92292E-1 9.2524E-1 9.74683E-1 9.87892E-1 9.43428E-1 9.54619E-1 9.99622E-1 9.93136E-1 9.76754E-1 9.17435E-1 9.84094E-1 8.9789E-1 9.22101E-1 7.79181E-1 7.57161E-1 8.93864E-1 9.92337E-1 9.99732E-1 9.99771E-1
-9999 -9999 -9999 -9999 -9999 -9999 -9999 -9999 -9999 9.3696E-1 9.50963E-1 9.54044E-1 9.78439E-1 9.0714E-1 9.73919E-1 9.5312E-1 7.29611E-1 7.6306E-1 9.3511E-1 9.94794E-1 9.84609E-1 8.80953E-1 9.68348E-1 9.03466E-1 9.92333E-1 7.02483E-1 8.87539E-1 9.11041E-1 9.86203E-1 9.66606E-1 9.84211E-1 9.72387E-1 9.87651E-1 9.88218E-1 9.92867E-1 9.91934E-1 9.97678E-1 9.85151E-1 9.76338E-1 9.7923E-1 9.81124E-1 9.8113E-1 9.90708E-1 9.86027E-1 9.98748E-1 9.97218E-1 9.71273E-1 9.97366E-1 9.94126E-1 9.91897E-1 9.61943E-1 9.97373E-1 9.56524E-1 9.53728E-1 9.08697E-1 9.26366E-1 9.43281E-1 9.87379E-1 9.93493E-1 9.2077E-1 8.49581E-1 3.04928E-1 8.16614E-1 9.67643E-1 6.93829E-1 8.71157E-1 9.33855E-1 8.99387E-1 9.98647E-1
-9999 -9999 -9999 -9999 -9999 -9999 -9999 -9999 -9999 -9999 9.94841E-1 9.79499E-1 9.98618E-1 4.46971E-1 7.07622E-1 8.81077E-1 9.9459E-1 9.91246E-1 9.74525E-1 9.9043E-1 9.69888E-1 8.13854E-1 9.04153E-1 8.81776E-1 9.91155E-1 9.79574E-1 8.8649E-1 9.32956E-1 9.51242E-1 9.63219E-1 9.9408E-1 9.8561E-1 9.8994E-1 9.88791E-1 9.87067E-1 9.69832E-1 9.96574E-1 9.5243E-1 9.77321E-1 9.93522E-1 9.79735E-1 9.80526E-1 9.80467E-1 9.73736E-1 9.8864E-1 9.98769E-1 9.93841E-1 9.84846E-1 9.95382E-1 9.92274E-1 9.95592E-1 9.78701E-1 9.85196E-1 8.59767E-1 8.35824E-1 8.87759E-1 9.61379E-1 8.63598E-1 9.8633E-1 9.36519E-1 9.77697E-1 9.82152E-1 6.56196E-1 8.57921E-1 9.01283E-1 7.90073E-1 9.62954E-1 7.44384E-1 9.04042E-1
-9999 -9999 -9999 -9999 -9999 -9999 -9999 -9999 -9999 -9999 9.71903E-1 9.80366E-1 9.98707E-1 5.35046E-1 8.75154E-1 9.14313E-1 9.92079E-1 9.96897E-1 9.88675E-1 8.50864E-1 9.77043E-1 9.16836E-1 8.80487E-1 9.52443E-1 9.95854E-1 9.66745E-1 8.92189E-1 8.98646E-1 9.45459E-1 9.7413E-1 9.93367E-1 9.48181E-1 9.95423E-1 9.9778E-1 9.96432E-1 9.70941E-1 9.93686E-1 9.83333E-1 9.3516E-1 9.83732E-1 9.49959E-1 9.18588E-1 8.70751E-1 8.90145E-1 9.86315E-1 9.88802E-1 9.88833E-1 9.81898E-1 9.84555E-1 9.78381E-1 9.84202E-1 9.87623E-1 9.86604E-1 8.96012E-1 9.37576E-1 8.91142E-1 8.51831E-1 9.33593E-1 9.28131E-1 9.93846E-1 9.94472E-1 9.54693E-1 9.36899E-1 9.92618E-1 8.6671E-1 7.3276E-1 9.37705E-1 6.48755E-1 8.68175E-1
-9999 -9999 -9999 -9999 -9999 -9999 -9999 -9999 -9999 -9999 8.78056E-1 9.97254E-1 9.98745E-1 9.90027E-1 8.94268E-1 8.91417E-1 9.48591E-1 7.49921E-1 8.75099E-1 7.17611E-1 9.29418E-1 8.84995E-1 9.35208E-1 -9999 9.85916E-1 9.81811E-1 9.79321E-1 9.14469E-1 9.41402E-1 9.8677E-1 9.82035E-1 9.95136E-1 9.87359E-1 9.80059E-1 9.97183E-1 9.8243E-1 9.63277E-1 9.93342E-1 9.91096E-1 9.85845E-1 9.83828E-1 9.14188E-1 9.34923E-1 8.68375E-1 9.06257E-1 9.69123E-1 9.95993E-1 9.43535E-1 9.45161E-1 9.59842E-1 9.30815E-1 9.51568E-1 9.91391E-1 9.00973E-1 8.80603E-1 9.51069E-1 8.83042E-1 9.78561E-1 9.86641E-1 9.41678E-1 9.90115E-1 9.92918E-1 9.59005E-1 9.15839E-1 9.04058E-1 9.83348E-1 6.54463E-1 9.35602E-1 9.79889E-1
-9999 -9999 -9999 -9999 -9999 -9999 -9999 -9999 -9999 -9999 9.89623E-1 9.96806E-1 9.48858E-1 9.78473E-1 9.98752E-1 8.66407E-1 8.98287E-1 9.32592E-1 5.7379E-1 5.48884E-1 9.69179E-1 9.3249E-1 9.77057E-1 9.97078E-1 9.99778E-1 9.87702E-1 9.24203E-1 9.12912E-1 9.76677E-1 9.73307E-1 9.9762E-1 9.97476E-1 9.88965E-1 9.11415E-1 9.8596E-1 9.83385E-1 9.74359E-1 9.70556E-1 9.68849E-1 9.95047E-1 8.79573E-1 9.38777E-1 8.95393E-1 9.58387E-1 9.482E-1 9.94846E-1 9.96185E-1 9.86838E-1 9.68766E-1 9.33916E-1 9.60074E-1 9.26835E-1 9.78154E-1 9.61989E-1 9.57956E-1 9.44957E-1 9.68353E-1 9.37141E-1 8.95447E-1 8.72048E-1 9.47199E-1 9.83255E-1 9.92883E-1 9.55349E-1 9.73626E-1 9.80281E-1 7.53135E-1 9.94148E-1 9.91915E-1
-9999 -9999 -9999 -9999 -9999 -9999 -9999 -9999 -9999 -9999 9.42522E-1 5.41948E-1 6.25684E-1 8.9725E-1 9.62463E-1 5.30243E-1 6.28493E-1 9.34905E-1 8.09447E-1 7.77697E-1 9.87298E-1 -9999 -9999 -9999 9.72948E-1 9.26378E-1 9.53086E-1 9.78926E-1 9.51959E-1 9.95763E-1 9.97706E-1 9.9556E-1 9.47597E-1 9.39747E-1 9.65198E-1 9.92115E-1 9.91102E-1 9.87713E-1 9.78775E-1 9.38622E-1 9.30132E-1 9.43836E-1 9.3989E-1 9.83463E-1 9.14995E-1 9.67707E-1 9.77274E-1 9.49777E-1 9.94533E-1 9.17089E-1 9.58535E-1 9.59989E-1 9.52683E-1 9.37275E-1 9.50708E-1 9.88612E-1 9.59976E-1 9.67774E-1 9.2389E-1 9.86471E-1 9.75823E-1 9.73556E-1 9.85493E-1 9.87151E-1 9.90672E-1 8.51098E-1 9.75674E-1 8.98471E-1 9.98298E-1
-9999 -9999 -9999 -9999 -9999 -9999 -9999 -9999 -9999 -9999 7.62231E-1 9.36029E-1 9.02703E-1 6.73533E-1 9.71917E-1 9.00931E-1 6.84232E-1 9.99931E-1 9.91487E-1 -9999 -9999 -9999 -9999 -9999 -9999 9.35291E-1 9.71049E-1 9.61129E-1 9.88333E-1 9.9083E-1 9.92065E-1 9.90885E-1 9.50723E-1 9.78211E-1 9.28876E-1 9.44078E-1 9.80157E-1 9.79932E-1 9.42745E-1 9.50304E-1 9.45178E-1 9.39693E-1 9.92214E-1 9.93868E-1 9.51215E-1 9.69949E-1 9.71369E-1 9.62143E-1 9.70735E-1 9.73239E-1 9.69968E-1 9.35322E-1 8.37761E-1 9.48396E-1 9.88827E-1 9.96388E-1 9.958E-1 9.71101E-1 9.30035E-1 9.65876E-1 9.67818E-1 9.88035E-1 9.66805E-1 8.97079E-1 9.87705E-1 9.37229E-1 7.98748E-1 9.95432E-1 9.70913E-1
-9999 -9999 -9999 -9999 -9999 -9999 -9999 -9999 -9999 -9999 9.45641E-1 9.99312E-1 9.99783E-1 8.47215E-1 9.7619E-1 9.80203E-1 9.67782E-1 -9999 -9999 -9999 -9999 -9999 -9999 -9999 -9999 -9999 9.9369E-1 9.97045E-1 9.98419E-1 9.96258E-1 9.59444E-1 9.61486E-1 9.7432E-1 9.72359E-1 9.88317E-1 9.11666E-1 9.80218E-1 9.51853E-1 9.66655E-1 9.62674E-1 9.90856E-1 9.7769E-1 9.52389E-1 9.43734E-1 9.51979E-1 9.71782E-1 9.56282E-1 9.70005E-1 9.10466E-1 9.26178E-1 9.76181E-1 9.80006E-1 8.8896E-1 9.47085E-1 9.66555E-1 9.75434E-1 9.84656E-1 9.95302E-1 9.81231E-1 9.88204E-1 8.98085E-1 9.64982E-1 9.67832E-1 9.58365E-1 9.41516E-1 9.71893E-1 9.36356E-1 9.69346E-1 9.97063E-1
-9999 -9999 -9999 -9999 -9999 -9999 -9999 -9999 -9999 -9999 8.95583E-1 9.99705E-1 9.99647E-1 9.99921E-1 9.88322E-1 7.94496E-1 -9999 -9999 -9999 -9999 -9999 -9999 -9999 -9999 -9999 -9999 -9999 9.96966E-1 -9999 9.71546E-1 9.72917E-1 9.62973E-1 9.72115E-1 9.82176E-1 9.46065E-1 9.1588E-1 9.51677E-1 9.56526E-1 9.86897E-1 9.5785E-1 9.71691E-1 9.70751E-1 9.07131E-1 9.06321E-1 8.92616E-1 9.33667E-1 9.57718E-1 9.25393E-1 9.68114E-1 9.6781E-1 9.62441E-1 9.71539E-1 9.91975E-1 9.72495E-1 9.73717E-1 9.7996E-1 9.90532E-1 9.9332E-1 9.77602E-1 9.78733E-1 9.64803E-1 9.52809E-1 9.76983E-1 9.55433E-1 9.74983E-1 9.92741E-1 9.82046E-1 9.97387E-1 9.88828E-1
-9999 -9999 -9999 -9999 -9999 -9999 -9999 -9999 -9999 -9999 9.99866E-1 1E0 9.99999E-1 9.99988E-1 9.99441E-1 -9999 -9999 -9999 -9999 -9999 -9999 -9999 -9999 -9999 -9999 -9999 -9999 9.91757E-1 -9999 8.45313E-1 6.64008E-1 5.1559E-1 8.67553E-1 9.83579E-1 9.00723E-1 9.44791E-1 9.51628E-1 9.38402E-1 9.57353E-1 9.09582E-1 9.66657E-1 9.47956E-1 8.98206E-1 9.39784E-1 8.78949E-1 9.66928E-1 9.2648E-1 9.62512E-1 9.70917E-1 9.28659E-1 9.61258E-1 9.4561E-1 9.84147E-1 9.66671E-1 9.37292E-1 9.60927E-1 9.76309E-1 9.57937E-1 9.94682E-1 9.8835E-1 9.72013E-1 9.84761E-1 9.96416E-1 9.97621E-1 9.79447E-1 9.86919E-1 9.92822E-1 9.92656E-1 9.85962E-1
-9999 -9999 -9999 -9999 -9999 -9999 -9999 -9999 -9999 -9999 -9999 9.99805E-1 9.97499E-1 -9999 -9999 -9999 -9999 -9999 -9999 -9999 -9999 -9999 -9999 -9999 -9999 -9999 -9999 -9999 -9999 -9999 -9999 -9999 9.39012E-1 9.41042E-1 9.74018E-1 9.36608E-1 9.45671E-1 9.32146E-1 9.59135E-1 9.48505E-1 9.78223E-1 9.83139E-1 9.52179E-1 9.03992E-1 9.36082E-1 9.66326E-1 9.21594E-1 9.56894E-1 9.73756E-1 9.84304E-1 8.60096E-1 9.65287E-1 9.86716E-1 9.42371E-1 9.34916E-1 9.64742E-1 9.74491E-1 9.69751E-1 9.89977E-1 9.98195E-1 9.97814E-1 9.91047E-1 9.88525E-1 9.92168E-1 9.88842E-1 9.51736E-1 9.78359E-1 9.97297E-1 9.79719E-1
-9999 -9999 -9999 -9999 -9999 -9999 -9999 -9999 -9999 -9999 -9999 -9999 -9999 -9999 -9999 -9999 -9999 -9999 -9999 -9999 -9999 -9999 -9999 -9999 -9999 -9999 -9999 -9999 -9999 -9999 -9999 -9999 -9999 9.52718E-1 9.86442E-1 9.38242E-1 9.84155E-1 9.71543E-1 9.8241E-1 9.20748E-1 9.69074E-1 9.63355E-1 9.91057E-1 9.75169E-1 9.915E-1 9.96355E-1 9.86636E-1 9.33921E-1 8.39508E-1 9.14158E-1 9.74646E-1 8.92498E-1 9.81324E-1 9.90823E-1 8.83708E-1 9.75974E-1 9.86454E-1 9.8329E-1 9.41302E-1 9.76823E-1 9.92023E-1 9.87454E-1 9.52063E-1 9.94114E-1 9.91418E-1 9.71301E-1 9.96759E-1 9.95941E-1 9.90448E-1
-9999 -9999 -9999 -9999 -9999 -9999 -9999 -9999 -9999 -9999 -9999 -9999 -9999 -9999 -9999 -9999 -9999 -9999 -9999 -9999 -9999 -9999 -9999 -9999 -9999 -9999 -9999 -9999 -9999 -9999 -9999 4.80547E-1 7.95257E-1 9.80772E-1 9.56534E-1 8.91041E-1 9.5658E-1 9.43686E-1 9.6983E-1 9.90673E-1 9.21417E-1 9.72139E-1 9.5821E-1 9.88548E-1 9.63598E-1 9.52858E-1 9.44073E-1 9.85693E-1 9.10902E-1 9.03969E-1 8.23311E-1 8.98454E-1 9.6889E-1 9.54599E-1 9.4748E-1 9.63652E-1 9.62845E-1 9.68115E-1 9.78828E-1 9.9479E-1 9.94323E-1 9.85295E-1 9.88284E-1 9.97751E-1 9.8121E-1 9.72849E-1 9.30007E-1 9.85917E-1 9.64815E-1
-9999 -9999 -9999 -9999 -9999 -9999 -9999 -9999 -9999 -9999 -9999 -9999 -9999 -9999 -9999 -9999 -9999 -9999 -9999 -9999 -9999 -9999 -9999 -9999 -9999 -9999 -9999 -9999 -9999 -9999 -9999 9.54026E-1 9.88821E-1 8.03594E-1 9.63752E-1 9.81398E-1 9.50588E-1 9.86492E-1 9.79219E-1 9.656E-1 9.8441E-1 9.72977E-1 9.44871E-1 9.04899E-1 9.75051E-1 9.61708E-1 9.76857E-1 9.7005E-1 9.41697E-1 9.17924E-1 9.08974E-1 8.86879E-1 9.6179E-1 8.69169E-1 9.51879E-1 9.89835E-1 9.66157E-1 9.50039E-1 9.66172E-1 9.95735E-1 9.95321E-1 9.78927E-1 9.86831E-1 9.91111E-1 9.86898E-1 9.90487E-1 9.67028E-1 6.82534E-1 9.75054E-1
-9999 -9999 -9999 -9999 -9999 -9999 -9999 -9999 -9999 -9999 -9999 -9999 -9999 -9999 -9999 -9999 -9999 -9999 -9999 -9999 -9999 -9999 -9999 -9999 -9999 -9999 -9999 -9999 -9999 -9999 -9999 9.11835E-1 9.71145E-1 8.80514E-1 9.32923E-1 9.30298E-1 9.86706E-1 9.79363E-1 9.46898E-1 9.7213E-1 9.9027E-1 9.54327E-1 9.64454E-1 9.5397E-1 9.67516E-1 9.66943E-1 9.63675E-1 9.37187E-1 9.35867E-1 9.57426E-1 9.13012E-1 9.27445E-1 9.70902E-1 9.93192E-1 9.99168E-1 9.83697E-1 9.85965E-1 9.85401E-1 9.86283E-1 9.40834E-1 9.98735E-1 9.9261E-1 9.88292E-1 9.90767E-1 9.99104E-1 9.8906E-1 9.73526E-1 6.77565E-1 9.73972E-1
