ENM/Final_Models/M_2_F_q_Set_1_EC/Gustavia_santanderiensis_0_Choco.asc
ncols         367
nrows         963
xllcorner     -78.6
yllcorner     0.65
cellsize      0.00833333333333323
NODATA_value  -9999
[rows 279 to 309 of 963, columns 138 to 206 of 367]
-9999 -9999 -9999 -9999 -9999 -9999 -9999 -9999 -9999 -9999 2.40009E-1 3.85923E-1 5.67011E-1 8.67366E-1 3.83948E-1 1.89179E-1 2.5162E-1 6.26851E-1 9.80283E-1 9.96057E-1 8.01097E-1 9.15253E-1 9.99475E-1 9.99473E-1 9.99999E-1 9.13013E-1 8.45207E-1 4.35938E-1 6.6413E-1 5.70569E-1 9.54583E-1 9.99831E-1 1E0 1E0 1E0 1E0 9.99993E-1 1E0 1E0 1E0 1E0 1E0 1E0 1E0 1E0 1E0 1E0 1E0 1E0 1E0 1E0 1E0 1E0 1E0 1E0 1E0 1E0 1E0 1E0 1E0 1E0 1E0 1E0 1E0 1E0 1E0 1E0 1E0 1E0
-9999 -9999 -9999 -9999 -9999 -9999 -9999 -9999 -9999 2.91554E-1 2.33519E-1 3.10477E-1 5.89315E-1 7.54695E-1 2.83925E-1 1.34403E-1 2.61409E-1 2.43744E-1 6.6719E-1 8.98344E-1 8.91632E-1 9.34825E-1 9.66531E-1 9.99377E-1 1E0 9.75163E-1 8.40626E-1 7.3797E-1 9.86322E-1 9.9837E-1 1E0 1E0 1E0 1E0 1E0 1E0 1E0 1E0 1E0 1E0 1E0 1E0 1E0 1E0 1E0 1E0 1E0 1E0 1E0 1E0 1E0 1E0 1E0 1E0 1E0 1E0 1E0 1E0 1E0 1E0 1E0 1E0 1E0 1E0 1E0 1E0 1E0 1E0 1E0
-9999 -9999 -9999 -9999 -9999 -9999 -9999 -9999 -9999 4.12663E-1 4.67604E-1 1.86882E-1 3.71972E-1 7.73517E-1 3.23488E-1 1.20907E-1 2.05975E-1 1.73187E-1 1.01708E-1 2.41224E-1 4.1293E-1 5.04971E-1 7.76629E-1 8.47255E-1 1E0 9.98713E-1 8.8295E-1 8.71796E-1 9.55164E-1 9.68671E-1 9.93585E-1 9.99084E-1 9.99993E-1 1E0 9.99999E-1 1E0 1E0 1E0 1E0 1E0 1E0 1E0 1E0 1E0 1E0 1E0 1E0 1E0 1E0 1E0 1E0 1E0 1E0 1E0 1E0 1E0 1E0 1E0 1E0 1E0 1E0 1E0 1E0 1E0 1E0 1E0 1E0 1E0 1E0
-9999 -9999 -9999 -9999 -9999 -9999 -9999 -9999 -9999 5.49702E-1 3.56643E-1 9.98231E-2 2.70709E-1 2.74155E-1 6.0083E-2 8.11817E-2 7.00815E-2 8.12178E-2 1.07215E-1 1.02638E-1 1.91107E-1 1.97626E-1 3.80672E-1 7.67909E-1 7.80426E-1 9.9103E-1 9.20505E-1 9.40769E-1 9.73071E-1 9.92038E-1 8.479E-1 9.28029E-1 9.9881E-1 1E0 1E0 1E0 1E0 1E0 1E0 1E0 1E0 1E0 1E0 1E0 1E0 1E0 1E0 1E0 1E0 1E0 1E0 1E0 1E0 1E0 1E0 1E0 1E0 1E0 1E0 1E0 1E0 1E0 1E0 1E0 1E0 1E0 1E0 1E0 1E0
-9999 -9999 -9999 -9999 -9999 -9999 -9999 -9999 -9999 4.24733E-1 2.37849E-1 1.00303E-1 2.44967E-2 6.32769E-2 8.71663E-2 3.62804E-2 2.90016E-2 1.68343E-2 2.52843E-2 2.21393E-2 5.95005E-2 8.32222E-2 3.85377E-1 4.79634E-1 8.90882E-1 3.45192E-1 7.08302E-1 9.93867E-1 9.19887E-1 4.95635E-1 6.6221E-1 8.42052E-1 9.66439E-1 9.9983E-1 1E0 1E0 1E0 1E0 1E0 9.99626E-1 9.99997E-1 1E0 9.99995E-1 1E0 1E0 1E0 1E0 1E0 1E0 1E0 1E0 1E0 1E0 1E0 1E0 1E0 1E0 1E0 1E0 1E0 1E0 1E0 1E0 1E0 1E0 1E0 1E0 1E0 1E0
-9999 -9999 -9999 -9999 -9999 -9999 -9999 -9999 -9999 2.06113E-1 1.31052E-1 1.08778E-2 1.28039E-2 1.6137E-2 8.74529E-3 3.17103E-2 1.67276E-2 1.09376E-2 1.31286E-2 1.58423E-2 3.17226E-2 5.7469E-2 2.59455E-1 5.2438E-1 6.4264E-1 2.93766E-1 2.07373E-1 4.45801E-1 3.46297E-1 4.17327E-1 8.59259E-1 8.78577E-1 9.75193E-1 9.89631E-1 9.99978E-1 1E0 1E0 1E0 1E0 1E0 9.99993E-1 1E0 1E0 1E0 1E0 1E0 1E0 1E0 1E0 1E0 1E0 1E0 1E0 9.99997E-1 1E0 1E0 1E0 1E0 1E0 1E0 1E0 1E0 1E0 1E0 1E0 1E0 1E0 1E0 1E0
-9999 -9999 -9999 -9999 -9999 -9999 -9999 -9999 1.6837E-1 2.13363E-1 3.72561E-2 6.23165E-3 5.53802E-4 2.15329E-3 4.70091E-3 1.84647E-2 1.22384E-2 1.3423E-2 3.90514E-2 3.72309E-2 4.11365E-2 2.31502E-1 4.91022E-1 3.31372E-1 1.8045E-1 8.56829E-2 6.908E-2 8.44211E-2 3.73409E-1 9.53393E-1 9.88783E-1 9.99878E-1 1E0 9.99973E-1 1E0 1E0 1E0 1E0 1E0 1E0 1E0 1E0 1E0 1E0 1E0 1E0 1E0 1E0 1E0 1E0 1E0 1E0 1E0 1E0 1E0 1E0 1E0 1E0 1E0 1E0 1E0 1E0 1E0 1E0 1E0 1E0 1E0 1E0 1E0
-9999 -9999 -9999 -9999 -9999 -9999 -9999 -9999 3.91243E-1 4.40263E-1 2.47545E-2 1.06752E-2 7.47085E-4 2.05041E-3 5.56296E-3 1.78133E-2 1.29086E-2 2.67053E-2 8.13338E-2 5.75862E-2 7.32419E-2 8.96619E-2 4.73933E-1 3.14108E-1 7.97171E-2 3.02032E-2 2.5542E-2 6.52085E-2 1.9761E-1 9.13491E-1 9.5888E-1 9.99999E-1 1E0 1E0 1E0 1E0 1E0 1E0 9.99988E-1 1E0 1E0 1E0 1E0 1E0 1E0 1E0 1E0 1E0 1E0 1E0 1E0 1E0 1E0 1E0 9.99999E-1 9.99951E-1 9.99991E-1 1E0 1E0 1E0 1E0 1E0 1E0 1E0 1E0 1E0 1E0 1E0 1E0
-9999 -9999 -9999 -9999 -9999 -9999 -9999 -9999 1.46464E-1 3.26596E-1 7.54232E-2 4.74E-2 2.45647E-3 1.47134E-3 5.52306E-3 5.41142E-3 1.57393E-2 2.21355E-2 4.20392E-2 2.58088E-2 3.29762E-2 3.29545E-2 1.657E-1 9.54094E-2 6.18358E-2 2.23343E-2 3.79823E-2 3.49249E-2 4.88894E-2 4.43845E-1 4.94827E-1 9.97644E-1 9.89634E-1 9.91296E-1 9.99998E-1 1E0 1E0 1E0 1E0 1E0 1E0 1E0 9.99992E-1 9.99997E-1 1E0 1E0 1E0 1E0 1E0 1E0 1E0 1E0 1E0 1E0 1E0 1E0 1E0 1E0 1E0 1E0 1E0 1E0 1E0 1E0 1E0 1E0 1E0 1E0 1E0
-9999 -9999 -9999 -9999 -9999 -9999 -9999 -9999 1.09194E-1 7.5002E-1 1.15669E-1 1.34511E-1 6.713E-3 4.21641E-4 1.01373E-3 9.3094E-3 2.04107E-2 7.5751E-3 6.23972E-3 1.48793E-2 1.27322E-2 3.81713E-2 1.60541E-1 8.98376E-2 4.12893E-2 2.3452E-2 7.87404E-2 1.36085E-1 4.89608E-2 4.15568E-1 5.96521E-1 6.35521E-1 6.05977E-1 8.84034E-1 1E0 1E0 1E0 1E0 1E0 1E0 1E0 1E0 1E0 9.99965E-1 9.99996E-1 1E0 1E0 1E0 1E0 1E0 1E0 1E0 1E0 1E0 9.99988E-1 1E0 1E0 1E0 1E0 1E0 1E0 1E0 1E0 1E0 1E0 1E0 1E0 1E0 1E0
1.78499E-3 9.87491E-4 -9999 -9999 -9999 -9999 -9999 2.52134E-1 3.09756E-1 2.19469E-1 1.6764E-1 1.86742E-1 4.31449E-2 6.39922E-2 2.97958E-3 2.12799E-3 6.25495E-3 4.78659E-3 4.43336E-3 1.28787E-2 2.20197E-2 5.95736E-2 1.503E-1 8.80511E-2 5.54947E-2 3.24707E-2 6.62601E-2 5.36599E-2 2.75406E-1 5.62597E-1 6.06599E-1 6.62228E-1 3.87454E-1 5.59457E-1 9.4087E-1 1E0 1E0 1E0 1E0 9.99999E-1 1E0 1E0 9.99999E-1 1E0 1E0 1E0 1E0 1E0 1E0 1E0 1E0 1E0 1E0 1E0 1E0 1E0 1E0 1E0 1E0 1E0 1E0 1E0 1E0 1E0 1E0 1E0 1E0 1E0 1E0
6.77147E-4 1.69145E-3 7.75937E-3 -9999 -9999 -9999 8.43895E-2 2.79025E-1 1.52213E-1 1.65353E-1 6.43483E-1 5.15054E-1 2.23351E-1 5.62424E-2 5.22059E-3 9.95694E-3 1.45442E-2 1.28467E-2 2.27067E-2 2.20406E-2 1.45914E-1 3.35814E-1 4.02425E-1 1.6855E-1 8.19217E-2 1.24379E-1 1.58986E-1 2.52831E-1 2.51979E-1 5.2929E-1 6.62215E-1 2.66122E-1 4.0533E-1 7.09165E-1 9.99849E-1 1E0 1E0 1E0 1E0 9.99965E-1 1E0 1E0 1E0 1E0 1E0 1E0 1E0 1E0 1E0 1E0 1E0 1E0 1E0 1E0 1E0 1E0 1E0 1E0 1E0 1E0 1E0 1E0 1E0 1E0 1E0 1E0 1E0 1E0 1E0
2.29307E-3 8.66664E-3 6.76141E-3 -9999 -9999 -9999 -9999 1.29481E-1 1.71871E-1 9.29749E-2 6.34136E-1 5.18155E-1 4.62579E-1 1.5127E-1 3.75809E-2 2.37956E-2 6.75811E-2 3.44252E-2 7.58361E-2 9.41323E-2 1.87453E-1 2.1676E-1 2.75742E-1 1.81871E-1 7.3915E-2 1.12859E-1 2.71317E-1 9.19009E-2 5.12601E-2 1.35156E-1 2.27596E-1 4.53198E-1 7.26007E-1 9.89298E-1 1E0 1E0 1E0 1E0 1E0 1E0 1E0 1E0 1E0 1E0 1E0 1E0 1E0 1E0 1E0 1E0 1E0 1E0 1E0 1E0 1E0 1E0 1E0 1E0 1E0 9.99998E-1 1E0 1E0 1E0 1E0 1E0 1E0 1E0 1E0 1E0
5.6252E-3 1.3954E-2 2.10208E-2 2.94249E-2 -9999 -9999 -9999 3.5876E-1 2.84733E-2 3.28701E-2 4.47035E-1 5.71742E-1 5.78664E-1 3.24961E-1 2.17369E-1 1.52907E-1 6.13892E-2 4.65849E-2 5.49239E-2 1.24118E-1 7.86253E-2 2.2391E-1 2.46089E-1 1.0129E-1 8.68787E-2 1.06305E-1 1.54002E-1 4.40293E-2 1.98398E-2 7.70151E-2 1.48061E-1 4.8076E-1 8.47479E-1 9.99966E-1 1E0 1E0 1E0 1E0 1E0 1E0 1E0 1E0 1E0 1E0 1E0 9.99999E-1 1E0 1E0 1E0 1E0 1E0 1E0 1E0 1E0 1E0 1E0 1E0 1E0 1E0 1E0 9.99998E-1 1E0 1E0 1E0 1E0 1E0 1E0 1E0 1E0
1.43587E-2 1.92383E-2 1.65879E-2 1.86012E-2 1.19999E-1 -9999 1.65301E-1 7.78719E-1 1.26608E-1 3.21173E-2 2.03885E-1 4.54807E-1 5.69072E-1 6.34495E-1 3.6419E-1 2.09433E-1 1.02767E-1 2.02396E-2 2.68691E-2 6.08358E-2 5.29089E-2 2.2561E-1 4.04361E-1 2.04618E-1 1.73355E-1 1.61518E-1 1.20871E-1 3.65469E-2 6.37044E-2 1.89855E-1 3.82399E-1 6.26949E-1 9.72363E-1 9.99922E-1 1E0 1E0 1E0 1E0 1E0 1E0 1E0 1E0 1E0 1E0 1E0 1E0 1E0 1E0 1E0 1E0 1E0 1E0 1E0 1E0 1E0 1E0 1E0 1E0 1E0 1E0 1E0 1E0 1E0 1E0 1E0 1E0 1E0 1E0 1E0
3.158E-2 4.17547E-2 2.61865E-2 2.14115E-2 1.55475E-1 3.44601E-1 2.98205E-1 2.98795E-1 1.1048E-1 8.5036E-2 1.8358E-1 4.66604E-1 6.02514E-1 8.28338E-1 4.66392E-1 1.50104E-1 3.51258E-2 2.08148E-2 1.98377E-2 2.86772E-2 1.67282E-2 2.52618E-1 4.63536E-1 3.63491E-1 1.53227E-1 3.01588E-1 1.24943E-1 9.5829E-2 1.32489E-1 3.46974E-1 6.19021E-1 6.8253E-1 9.87357E-1 9.99857E-1 9.58519E-1 9.99955E-1 1E0 1E0 1E0 1E0 1E0 1E0 9.99999E-1 1E0 1E0 1E0 1E0 1E0 1E0 1E0 1E0 1E0 1E0 1E0 1E0 1E0 1E0 1E0 1E0 1E0 1E0 1E0 1E0 1E0 1E0 1E0 1E0 1E0 1E0
3.83766E-2 3.74778E-2 1.43943E-2 9.19658E-3 1.02862E-1 2.42592E-1 3.5363E-1 2.28209E-1 1.82615E-1 1.4735E-1 2.51128E-1 4.83191E-1 4.43153E-1 2.57821E-1 1.1734E-1 5.83352E-2 2.41256E-2 2.51656E-2 8.50418E-2 1.39282E-1 2.14336E-1 2.44105E-1 3.59316E-1 3.51408E-1 3.98003E-1 5.46562E-1 3.50486E-1 1.74192E-1 2.29845E-1 3.87832E-1 9.58016E-1 9.76934E-1 9.19157E-1 8.98804E-1 5.7843E-1 8.09746E-1 1E0 1E0 1E0 1E0 1E0 1E0 1E0 1E0 1E0 1E0 1E0 1E0 1E0 1E0 1E0 1E0 1E0 1E0 1E0 1E0 1E0 1E0 1E0 1E0 1E0 1E0 1E0 1E0 1E0 1E0 1E0 1E0 1E0
1.95086E-2 1.71297E-2 1.78404E-2 1.39925E-2 1.11456E-2 2.08585E-1 6.06885E-1 3.10594E-1 1.94995E-1 5.35318E-2 1.31433E-1 2.84842E-1 1.54336E-1 4.84849E-2 2.88245E-2 3.18523E-3 3.96186E-3 1.46762E-2 9.87439E-2 3.20527E-1 3.90168E-1 2.57033E-1 6.1257E-1 5.41499E-1 7.49903E-1 7.75E-1 8.27305E-1 7.79117E-1 4.68823E-1 8.8582E-1 8.06591E-1 5.28024E-1 7.87734E-1 4.30566E-1 5.29023E-1 9.15322E-1 1E0 1E0 1E0 1E0 1E0 1E0 1E0 1E0 1E0 1E0 1E0 1E0 1E0 1E0 1E0 1E0 1E0 1E0 1E0 1E0 1E0 1E0 9.99997E-1 1E0 1E0 1E0 1E0 1E0 1E0 1E0 1E0 1E0 1E0
1.59694E-1 7.32857E-2 2.2946E-2 5.80175E-3 7.47368E-3 2.20798E-2 9.69299E-2 7.23623E-2 1.05231E-1 5.17343E-2 6.20133E-2 2.50816E-1 2.95001E-1 2.33148E-1 4.90814E-2 8.22208E-3 2.72687E-3 4.99162E-3 4.26457E-2 1.45533E-1 4.22899E-1 4.0656E-1 4.7818E-1 9.81232E-1 9.72423E-1 9.77521E-1 6.70105E-1 7.15127E-1 8.77591E-1 5.02921E-1 4.98241E-1 2.96297E-1 2.6511E-1 3.34168E-1 6.76019E-1 9.73689E-1 9.99999E-1 1E0 1E0 1E0 1E0 1E0 1E0 9.99999E-1 1E0 1E0 1E0 1E0 1E0 1E0 1E0 1E0 1E0 1E0 1E0 1E0 1E0 1E0 1E0 1E0 1E0 1E0 1E0 1E0 1E0 1E0 1E0 1E0 1E0
2.42164E-1 1.24185E-1 2.92487E-2 2.95492E-3 1.8627E-2 4.09783E-2 2.65192E-1 1.94137E-1 8.14389E-2 2.24628E-2 2.05737E-2 1.1953E-1 4.56201E-1 5.76442E-1 2.55388E-1 3.4594E-2 1.97577E-2 2.17258E-2 3.57195E-2 3.72478E-1 8.41072E-1 7.52546E-1 8.24203E-1 9.91599E-1 9.99157E-1 8.70898E-1 5.5263E-1 8.37657E-1 6.27418E-1 7.11137E-1 7.81796E-2 1.68082E-1 2.73868E-1 3.16074E-1 4.09943E-1 8.70178E-1 9.70771E-1 9.99998E-1 1E0 1E0 1E0 1E0 1E0 1E0 1E0 1E0 1E0 9.99997E-1 9.99651E-1 9.99999E-1 1E0 1E0 1E0 1E0 1E0 1E0 1E0 1E0 1E0 1E0 1E0 1E0 1E0 1E0 1E0 1E0 1E0 1E0 1E0
1.01746E-1 1.08323E-1 4.59621E-2 1.34787E-2 1.17395E-2 1.48366E-2 6.26892E-2 7.00965E-2 7.29871E-2 1.45107E-2 1.78512E-2 7.9307E-2 8.07571E-2 2.15236E-1 2.12317E-1 7.66405E-2 1.86114E-2 2.534E-2 1.20516E-1 3.92895E-1 7.23032E-1 8.75621E-1 8.72448E-1 8.37531E-1 8.74631E-1 7.41586E-1 6.31524E-1 5.63028E-1 8.40274E-1 4.48678E-1 5.84438E-2 5.59519E-2 1.41577E-1 1.06392E-1 3.27635E-1 5.43341E-1 7.55725E-1 9.99954E-1 1E0 1E0 1E0 1E0 1E0 1E0 1E0 1E0 1E0 1E0 1E0 1E0 1E0 1E0 1E0 1E0 1E0 1E0 1E0 1E0 1E0 1E0 1E0 1E0 1E0 1E0 1E0 1E0 1E0 1E0 1E0
1.63094E-1 1.61347E-1 6.06749E-2 2.23033E-2 1.71668E-2 1.5649E-2 6.52085E-2 8.51437E-2 1.38988E-1 1.37608E-1 8.05707E-2 8.39202E-2 1.63487E-1 1.07248E-1 2.12736E-1 1.8322E-1 9.94665E-2 2.03772E-1 2.29698E-1 8.27613E-1 9.3763E-1 9.02057E-1 8.25327E-1 5.40983E-1 8.49963E-1 4.95471E-1 3.30851E-1 3.94011E-1 1.5203E-1 6.92473E-2 2.60085E-2 1.75949E-2 6.18773E-2 5.36962E-2 5.21294E-2 1.90753E-1 6.09084E-1 9.9629E-1 1E0 1E0 1E0 1E0 1E0 1E0 1E0 1E0 1E0 9.99999E-1 1E0 1E0 1E0 1E0 1E0 1E0 1E0 1E0 1E0 1E0 1E0 1E0 1E0 1E0 1E0 1E0 1E0 1E0 1E0 1E0 1E0
3.84585E-1 2.52855E-1 3.0334E-1 2.76751E-1 9.65729E-2 1.31884E-1 1.36428E-1 1.71473E-1 6.42342E-2 1.62087E-1 1.92873E-1 1.15891E-1 1.56455E-1 2.38971E-1 3.10087E-1 6.80612E-1 3.2449E-1 4.36588E-1 9.74804E-1 5.71602E-1 4.40586E-1 6.99179E-1 8.73004E-1 7.93514E-1 4.21998E-1 3.31074E-1 3.71961E-1 1.56213E-1 6.54358E-2 4.48291E-2 2.29081E-2 2.72752E-2 5.4789E-2 1.98603E-1 1.91745E-1 4.86752E-1 6.40442E-1 9.95817E-1 9.99985E-1 1E0 1E0 1E0 1E0 1E0 1E0 1E0 1E0 9.99999E-1 9.99998E-1 1E0 1E0 1E0 1E0 1E0 1E0 1E0 1E0 1E0 1E0 1E0 1E0 1E0 1E0 1E0 1E0 9.99999E-1 9.99999E-1 1E0 1E0
1.73913E-1 2.59432E-1 5.76678E-1 6.12777E-1 4.55119E-1 3.66195E-1 1.4332E-1 1.21063E-1 2.26024E-1 7.32227E-2 2.05494E-1 2.59025E-1 6.79509E-1 6.84384E-1 4.5257E-1 1.78072E-1 5.08718E-1 8.60369E-1 5.40656E-1 7.40477E-2 3.80532E-2 3.31751E-1 2.81534E-1 1.45602E-1 1.76601E-1 2.68036E-1 1.61992E-1 3.82386E-2 3.77153E-2 1.10405E-1 1.62019E-1 1.36985E-1 2.63573E-1 4.44037E-1 4.62364E-1 3.86011E-1 5.93088E-1 9.56815E-1 9.96259E-1 9.99934E-1 1E0 1E0 1E0 1E0 1E0 1E0 1E0 1E0 9.99994E-1 1E0 1E0 1E0 9.99993E-1 1E0 1E0 1E0 1E0 1E0 1E0 1E0 1E0 1E0 1E0 1E0 1E0 1E0 1E0 1E0 1E0
1.46325E-1 1.73249E-1 5.75297E-1 8.64444E-1 7.94018E-1 6.61217E-1 6.16419E-1 5.68143E-1 4.75287E-1 3.94414E-1 4.50195E-1 5.88393E-1 5.7451E-1 5.72431E-1 6.21826E-1 5.99677E-1 7.65455E-1 3.22399E-1 1.67367E-1 4.85664E-2 3.15035E-2 1.8817E-1 2.93535E-1 1.87414E-1 1.23715E-1 6.81558E-2 4.3868E-2 1.4873E-2 6.13845E-2 1.72991E-1 2.68847E-1 3.70863E-1 2.71554E-1 8.345E-1 9.61701E-1 9.86169E-1 9.33629E-1 9.8256E-1 9.99985E-1 1E0 1E0 1E0 1E0 1E0 1E0 9.99999E-1 1E0 1E0 1E0 1E0 1E0 1E0 1E0 1E0 1E0 1E0 1E0 1E0 1E0 1E0 1E0 1E0 1E0 1E0 1E0 1E0 1E0 1E0 1E0
8.31944E-2 7.32944E-2 6.2911E-1 8.44285E-1 8.78486E-1 9.4546E-1 7.99041E-1 8.03894E-1 7.77378E-1 6.90642E-1 5.1253E-1 6.95612E-1 6.79669E-1 9.16333E-1 6.28056E-1 6.42299E-1 5.25699E-1 3.14913E-1 8.74659E-2 3.71129E-2 1.86839E-2 8.53466E-2 1.7288E-1 1.18709E-1 4.15231E-2 1.90429E-2 2.53887E-2 4.24005E-2 3.85278E-2 1.02432E-1 3.72895E-1 8.34915E-1 8.65679E-1 9.88926E-1 9.98446E-1 9.99999E-1 9.99934E-1 1E0 1E0 1E0 1E0 1E0 1E0 9.99999E-1 9.99999E-1 9.99972E-1 9.99987E-1 1E0 9.99997E-1 1E0 1E0 1E0 1E0 1E0 1E0 1E0 1E0 1E0 1E0 1E0 1E0 1E0 1E0 1E0 1E0 1E0 1E0 1E0 9.99999E-1
1.29753E-1 6.90669E-2 3.03293E-1 6.85869E-1 9.13037E-1 9.84942E-1 9.19046E-1 9.16551E-1 8.17745E-1 7.96188E-1 9.72549E-1 8.69093E-1 8.74909E-1 8.8148E-1 7.74302E-1 5.87429E-1 3.65814E-1 3.96012E-1 1.60584E-1 5.29962E-2 1.55394E-2 3.96773E-2 8.35639E-2 5.52853E-2 1.69096E-2 1.04429E-2 7.40616E-3 6.66688E-3 2.90953E-2 9.30705E-2 1.22119E-1 4.20395E-1 6.15546E-1 8.45584E-1 9.79355E-1 1E0 1E0 1E0 1E0 1E0 1E0 1E0 9.99998E-1 9.99999E-1 9.99781E-1 9.99907E-1 9.99997E-1 1E0 1E0 1E0 1E0 1E0 1E0 1E0 1E0 1E0 1E0 1E0 1E0 1E0 1E0 1E0 1E0 1E0 1E0 1E0 1E0 1E0 1E0
-9999 7.31498E-2 6.77644E-2 2.24914E-1 7.24586E-1 8.14806E-1 9.80782E-1 9.71138E-1 9.50161E-1 9.29275E-1 9.58787E-1 9.35153E-1 8.28534E-1 7.39806E-1 6.97387E-1 7.49638E-1 2.49141E-1 1.97507E-1 1.57945E-1 4.72896E-2 2.75822E-2 2.62337E-2 1.58375E-2 1.03834E-2 8.04045E-3 1.32334E-2 1.19396E-2 1.40633E-2 4.63324E-2 5.99812E-2 6.13815E-2 1.66189E-1 6.29796E-1 8.54827E-1 9.99984E-1 1E0 1E0 1E0 1E0 1E0 1E0 1E0 9.99988E-1 9.99587E-1 9.99999E-1 9.99984E-1 9.99996E-1 1E0 1E0 1E0 9.99995E-1 1E0 1E0 1E0 1E0 1E0 1E0 1E0 1E0 1E0 1E0 1E0 1E0 1E0 1E0 1E0 1E0 1E0 1E0
-9999 -9999 1.40747E-1 2.05926E-1 1.35115E-1 3.2296E-1 4.68645E-1 5.3254E-1 6.64345E-1 9.11358E-1 9.5495E-1 6.53099E-1 8.14989E-1 7.00676E-1 7.09699E-1 5.73201E-1 4.44364E-1 3.06283E-1 8.57365E-2 1.39407E-2 1.64906E-2 1.34491E-2 1.29768E-2 5.1826E-3 9.02252E-3 5.03072E-2 1.12552E-1 1.11192E-1 3.15455E-1 2.76831E-1 2.46984E-1 3.43211E-1 9.65983E-1 9.99751E-1 9.99997E-1 1E0 1E0 1E0 1E0 9.99961E-1 9.99987E-1 9.98939E-1 9.99829E-1 9.9998E-1 9.99859E-1 9.99689E-1 9.99915E-1 9.99998E-1 1E0 1E0 1E0 1E0 1E0 1E0 1E0 1E0 1E0 1E0 1E0 1E0 1E0 1E0 1E0 1E0 1E0 1E0 1E0 1E0 1E0
-9999 -9999 1.05958E-1 -9999 2.51124E-1 2.82338E-1 1.59136E-1 3.93124E-1 4.40546E-1 4.01215E-1 6.31709E-1 6.47885E-1 3.6494E-1 1.42306E-1 1.12873E-1 2.04488E-1 7.63161E-2 7.18652E-2 3.49428E-2 8.3954E-3 1.00194E-2 4.87362E-3 2.91774E-3 5.59227E-3 4.05139E-2 6.81883E-2 2.76842E-1 2.52332E-1 7.31304E-1 7.57442E-1 6.02788E-1 6.53791E-1 9.99867E-1 9.99942E-1 1E0 1E0 1E0 1E0 9.9997E-1 9.95201E-1 9.96306E-1 9.96922E-1 9.93919E-1 9.99518E-1 9.57707E-1 9.98932E-1 9.97907E-1 9.9998E-1 9.99996E-1 9.99914E-1 1E0 1E0 1E0 1E0 1E0 1E0 1E0 1E0 1E0 1E0 1E0 1E0 1E0 1E0 1E0 1E0 1E0 1E0 1E0
-9999 -9999 -9999 1.00869E-1 1.45649E-1 2.46183E-1 2.82249E-1 2.84577E-1 2.73138E-1 3.69122E-1 4.11392E-1 5.30195E-1 7.60639E-1 3.94141E-1 3.48001E-1 3.23831E-1 2.78882E-2 1.13501E-2 7.07218E-3 9.15155E-3 4.59733E-3 5.53441E-3 1.83578E-3 4.4481E-3 1.15594E-2 3.06694E-2 4.23545E-2 1.10697E-1 9.43468E-1 9.56574E-1 9.97663E-1 9.64572E-1 9.99854E-1 1E0 1E0 9.99973E-1 9.97422E-1 9.97136E-1 9.11367E-1 9.26113E-1 9.14692E-1 7.24385E-1 8.7166E-1 7.98049E-1 6.55671E-1 9.67668E-1 9.74557E-1 9.89984E-1 9.9995E-1 1E0 1E0 1E0 1E0 1E0 1E0 1E0 1E0 1E0 1E0 1E0 1E0 1E0 1E0 1E0 1E0 1E0 1E0 1E0 1E0
