ENM/Final_Models/M_2_F_q_Set_1_EC/Gustavia_santanderiensis_Choco_stddev.asc
ncols         367
nrows         963
xllcorner     -78.6
yllcorner     0.65
cellsize      0.00833333333333323
NODATA_value  -9999
[rows 510 to 539 of 963, columns 134 to 200 of 367]
-9999 -9999 -9999 -9999 -9999 -9999 -9999 -9999 -9999 -9999 -9999 -9999 -9999 -9999 -9999 -9999 -9999 -9999 -9999 -9999 -9999 -9999 2.59736E-1 2.82092E-1 2.84155E-1 2.8124E-1 2.75448E-1 2.6979E-1 2.68454E-1 2.62927E-1 2.54701E-1 2.52488E-1 2.51038E-1 2.60225E-1 2.55099E-1 2.68494E-1 2.71814E-1 2.71631E-1 2.61517E-1 2.58201E-1 2.57484E-1 2.67425E-1 2.64714E-1 2.6127E-1 2.46314E-1 2.45629E-1 2.42778E-1 2.4991E-1 2.45646E-1 2.4459E-1 2.55393E-1 2.46256E-1 2.45949E-1 2.40155E-1 2.16448E-1 2.14869E-1 2.17626E-1 2.09231E-1 -9999 2.429E-1 2.21679E-1 2.15241E-1 2.13992E-1 2.28117E-1 2.05546E-1 2.08345E-1 2.30492E-1
-9999 -9999 -9999 -9999 -9999 -9999 -9999 -9999 -9999 -9999 -9999 -9999 -9999 -9999 -9999 -9999 -9999 -9999 -9999 -9999 -9999 -9999 2.60934E-1 2.80469E-1 2.77959E-1 2.71944E-1 2.80923E-1 2.82565E-1 2.62926E-1 2.6089E-1 2.66504E-1 2.67483E-1 2.59765E-1 2.62911E-1 2.62684E-1 2.63095E-1 2.657E-1 2.65005E-1 2.77342E-1 2.75422E-1 2.70991E-1 2.67488E-1 2.56006E-1 2.63037E-1 2.5273E-1 2.38941E-1 2.48938E-1 2.44218E-1 2.33929E-1 2.45733E-1 2.37908E-1 2.50021E-1 2.39817E-1 2.33856E-1 2.38439E-1 2.41696E-1 2.31512E-1 -9999 2.69128E-1 2.56495E-1 2.54005E-1 2.40154E-1 2.58387E-1 2.41968E-1 2.18974E-1 1.94978E-1 1.90404E-1
-9999 -9999 -9999 -9999 -9999 -9999 -9999 -9999 -9999 -9999 -9999 -9999 -9999 -9999 -9999 -9999 -9999 -9999 -9999 -9999 -9999 -9999 2.76319E-1 2.87469E-1 2.85583E-1 2.75663E-1 2.84032E-1 2.76472E-1 2.81018E-1 2.79697E-1 2.62221E-1 2.60329E-1 2.58134E-1 2.5552E-1 2.67592E-1 2.65788E-1 2.7734E-1 2.76825E-1 2.76608E-1 2.64817E-1 2.6991E-1 2.66982E-1 2.76136E-1 2.73092E-1 2.47044E-1 2.45759E-1 2.44349E-1 2.45612E-1 2.39354E-1 2.38457E-1 2.48024E-1 2.49195E-1 2.41812E-1 2.15973E-1 2.18366E-1 2.2777E-1 2.22344E-1 2.00675E-1 2.42389E-1 2.36038E-1 2.49001E-1 2.32845E-1 2.2819E-1 2.20485E-1 2.10264E-1 2.03959E-1 1.99202E-1
-9999 -9999 -9999 -9999 -9999 -9999 -9999 -9999 -9999 -9999 -9999 -9999 -9999 -9999 -9999 -9999 -9999 -9999 -9999 -9999 -9999 -9999 2.77586E-1 2.81992E-1 2.84942E-1 2.80196E-1 2.8044E-1 2.78924E-1 2.79578E-1 2.79435E-1 2.63225E-1 2.61714E-1 2.57422E-1 2.61059E-1 2.73978E-1 2.67204E-1 2.72509E-1 2.81613E-1 2.8176E-1 2.73338E-1 2.65962E-1 2.66371E-1 2.67091E-1 2.73412E-1 2.39527E-1 2.48947E-1 2.39794E-1 2.55592E-1 2.44989E-1 2.38601E-1 2.36548E-1 2.48515E-1 2.47109E-1 2.52392E-1 2.30256E-1 2.35153E-1 2.17828E-1 2.12388E-1 2.218E-1 2.60555E-1 2.46705E-1 2.50425E-1 2.45585E-1 2.2832E-1 2.20386E-1 2.10458E-1 2.03011E-1
-9999 -9999 -9999 -9999 -9999 -9999 -9999 -9999 -9999 -9999 -9999 -9999 -9999 -9999 -9999 -9999 -9999 -9999 -9999 -9999 -9999 -9999 2.74388E-1 2.71365E-1 2.85249E-1 2.79931E-1 2.75956E-1 2.73504E-1 2.68316E-1 2.80444E-1 2.6609E-1 2.66254E-1 2.5953E-1 2.6091E-1 2.70389E-1 2.72794E-1 2.7095E-1 2.71288E-1 2.81386E-1 2.65125E-1 2.56539E-1 2.57726E-1 2.62016E-1 2.65444E-1 2.5171E-1 2.62441E-1 2.50743E-1 2.51993E-1 2.39209E-1 2.43156E-1 2.41714E-1 2.38067E-1 2.43556E-1 2.55722E-1 2.22234E-1 2.33151E-1 2.31925E-1 2.42635E-1 2.13592E-1 2.50812E-1 2.24521E-1 2.39963E-1 2.23009E-1 2.21115E-1 2.22791E-1 2.19793E-1 2.06742E-1
-9999 -9999 -9999 -9999 -9999 -9999 -9999 -9999 -9999 -9999 -9999 -9999 -9999 -9999 -9999 -9999 -9999 -9999 -9999 -9999 -9999 -9999 2.75211E-1 2.79624E-1 2.78744E-1 2.78089E-1 2.83863E-1 2.80163E-1 2.74348E-1 2.65526E-1 2.71505E-1 2.71823E-1 2.65231E-1 2.64553E-1 2.58183E-1 2.79428E-1 2.76868E-1 2.81777E-1 2.76653E-1 2.75334E-1 2.56079E-1 2.65943E-1 2.52116E-1 2.47442E-1 2.57522E-1 2.53839E-1 2.6177E-1 2.64707E-1 2.55506E-1 2.51683E-1 2.58969E-1 2.59908E-1 2.54605E-1 2.43587E-1 2.28652E-1 2.23382E-1 2.3267E-1 2.34774E-1 2.35254E-1 2.69248E-1 2.42593E-1 2.12362E-1 2.20797E-1 2.28886E-1 2.24681E-1 2.30021E-1 2.31114E-1
-9999 -9999 -9999 -9999 -9999 -9999 -9999 -9999 -9999 -9999 -9999 -9999 -9999 -9999 -9999 -9999 -9999 -9999 -9999 -9999 -9999 -9999 2.77203E-1 2.8478E-1 2.4929E-1 2.21755E-1 2.7632E-1 2.71298E-1 2.76447E-1 2.81825E-1 2.6668E-1 2.56967E-1 2.63798E-1 2.64848E-1 2.59701E-1 2.72239E-1 2.84444E-1 2.82285E-1 2.8166E-1 2.74861E-1 2.64766E-1 2.78696E-1 2.65887E-1 2.56539E-1 2.51106E-1 2.55408E-1 2.65784E-1 2.65015E-1 2.59954E-1 2.60697E-1 2.64047E-1 2.64956E-1 2.58729E-1 2.47852E-1 2.53712E-1 2.21621E-1 2.42356E-1 2.30318E-1 2.66071E-1 2.69493E-1 2.64551E-1 2.28521E-1 2.56523E-1 2.47268E-1 2.30384E-1 2.31968E-1 2.45642E-1
-9999 -9999 -9999 -9999 -9999 -9999 -9999 -9999 -9999 -9999 -9999 -9999 -9999 -9999 -9999 -9999 -9999 -9999 -9999 -9999 -9999 -9999 2.67384E-1 2.86226E-1 2.83412E-1 2.76208E-1 2.71533E-1 2.73396E-1 2.70493E-1 2.74695E-1 2.70959E-1 2.60135E-1 2.70552E-1 2.75571E-1 2.67202E-1 2.81222E-1 2.79394E-1 2.73243E-1 2.82084E-1 2.80881E-1 2.7286E-1 2.64361E-1 2.57829E-1 2.58969E-1 2.5533E-1 2.54542E-1 2.56866E-1 2.62347E-1 2.63692E-1 2.62724E-1 2.582E-1 2.61621E-1 2.54179E-1 2.53493E-1 2.40049E-1 2.42481E-1 2.71289E-1 2.35838E-1 2.63031E-1 2.70974E-1 2.71971E-1 2.32138E-1 2.12891E-1 2.2651E-1 2.62329E-1 2.69266E-1 2.63996E-1
-9999 -9999 -9999 -9999 -9999 -9999 -9999 -9999 -9999 -9999 -9999 -9999 -9999 -9999 -9999 -9999 -9999 -9999 -9999 -9999 -9999 -9999 2.76211E-1 2.71719E-1 2.69921E-1 2.72477E-1 2.672E-1 2.69009E-1 2.71267E-1 2.81821E-1 2.71754E-1 2.67894E-1 2.6781E-1 2.65748E-1 2.74815E-1 2.80636E-1 2.78294E-1 2.79734E-1 2.78561E-1 2.82129E-1 2.79126E-1 2.63071E-1 2.60575E-1 2.60949E-1 2.57344E-1 2.64294E-1 2.64276E-1 2.63604E-1 2.64436E-1 2.5308E-1 2.37916E-1 2.48173E-1 2.57082E-1 2.28743E-1 2.53888E-1 2.24028E-1 2.73222E-1 -9999 2.64738E-1 2.58309E-1 2.36684E-1 2.04515E-1 2.31302E-1 2.31059E-1 2.06843E-1 2.50856E-1 2.59356E-1
-9999 -9999 -9999 -9999 -9999 -9999 -9999 -9999 -9999 -9999 -9999 -9999 -9999 -9999 -9999 -9999 -9999 -9999 -9999 -9999 -9999 -9999 2.69777E-1 2.60172E-1 2.63922E-1 2.68153E-1 2.68632E-1 2.61927E-1 2.73488E-1 2.75605E-1 2.82998E-1 2.64496E-1 2.66484E-1 2.71184E-1 2.78277E-1 2.80023E-1 2.7766E-1 2.58543E-1 2.67361E-1 2.68479E-1 2.68025E-1 2.72427E-1 2.61777E-1 2.53513E-1 2.56461E-1 2.61993E-1 2.59175E-1 2.56394E-1 2.55192E-1 2.6117E-1 2.49209E-1 2.4315E-1 2.50093E-1 2.23037E-1 2.42535E-1 2.33817E-1 2.74541E-1 2.73027E-1 2.75089E-1 2.61009E-1 2.2882E-1 2.25001E-1 2.19296E-1 2.20684E-1 2.16795E-1 2.59255E-1 2.62076E-1
-9999 -9999 -9999 -9999 -9999 -9999 -9999 -9999 -9999 -9999 -9999 -9999 -9999 -9999 -9999 -9999 -9999 -9999 -9999 -9999 -9999 -9999 2.74349E-1 2.65074E-1 2.61488E-1 2.64614E-1 2.71812E-1 2.73565E-1 2.67429E-1 2.76856E-1 2.827E-1 2.72422E-1 2.714E-1 2.75361E-1 2.80293E-1 2.76428E-1 2.79799E-1 2.66319E-1 2.64872E-1 2.6537E-1 2.6938E-1 2.62102E-1 2.6278E-1 2.51798E-1 2.50908E-1 2.51652E-1 2.72296E-1 2.49998E-1 2.56117E-1 2.52652E-1 2.49834E-1 2.46482E-1 2.51311E-1 2.30576E-1 2.38752E-1 2.65326E-1 -9999 2.69286E-1 2.74357E-1 2.45535E-1 2.27363E-1 2.33702E-1 2.36774E-1 2.37063E-1 1.9615E-1 2.49983E-1 2.41098E-1
-9999 -9999 -9999 -9999 -9999 -9999 -9999 -9999 -9999 -9999 -9999 -9999 -9999 -9999 -9999 -9999 -9999 -9999 -9999 -9999 -9999 -9999 2.65266E-1 2.69645E-1 2.65295E-1 2.61749E-1 2.69899E-1 2.74332E-1 2.80875E-1 2.73022E-1 2.69702E-1 2.84099E-1 2.84057E-1 2.69803E-1 2.75125E-1 2.66713E-1 2.68604E-1 2.7376E-1 2.70836E-1 2.75457E-1 2.65492E-1 2.60309E-1 2.63038E-1 2.62104E-1 2.63822E-1 2.6616E-1 2.58422E-1 2.60711E-1 2.45329E-1 2.46068E-1 2.45872E-1 2.4147E-1 2.44395E-1 2.4394E-1 -9999 2.74793E-1 2.63383E-1 2.63958E-1 2.55107E-1 2.63478E-1 2.52647E-1 2.46635E-1 2.35298E-1 2.38176E-1 2.4049E-1 2.25421E-1 2.31973E-1
-9999 -9999 -9999 -9999 -9999 -9999 -9999 -9999 -9999 -9999 -9999 -9999 -9999 -9999 -9999 -9999 -9999 -9999 -9999 -9999 -9999 -9999 2.70969E-1 2.70294E-1 2.68494E-1 2.69568E-1 2.77365E-1 2.67619E-1 2.65167E-1 2.77375E-1 2.72468E-1 2.84959E-1 2.81938E-1 2.8412E-1 2.74062E-1 2.78616E-1 2.58228E-1 2.66569E-1 2.69123E-1 2.63712E-1 2.66591E-1 2.64499E-1 2.67244E-1 2.73456E-1 2.71306E-1 2.76024E-1 2.71728E-1 2.5514E-1 2.56824E-1 2.60252E-1 2.58617E-1 2.41209E-1 2.46212E-1 2.48152E-1 2.63894E-1 2.77633E-1 2.62446E-1 2.50178E-1 2.1135E-1 2.49249E-1 2.58147E-1 2.4172E-1 2.43133E-1 2.39637E-1 2.36354E-1 2.65356E-1 2.45467E-1
-9999 -9999 -9999 -9999 -9999 -9999 -9999 -9999 -9999 -9999 -9999 -9999 -9999 -9999 -9999 -9999 -9999 -9999 -9999 -9999 -9999 -9999 2.76955E-1 2.71224E-1 2.68492E-1 2.67135E-1 2.69614E-1 2.73511E-1 2.7025E-1 2.79777E-1 2.80964E-1 2.79762E-1 2.81299E-1 2.81765E-1 2.73987E-1 2.80315E-1 2.66321E-1 2.63923E-1 2.66962E-1 2.55911E-1 2.55102E-1 2.56147E-1 2.61769E-1 2.66884E-1 2.6794E-1 2.6655E-1 2.64258E-1 2.60035E-1 2.59872E-1 2.59769E-1 2.54707E-1 2.55272E-1 2.51396E-1 2.53286E-1 -9999 -9999 2.36335E-1 2.63189E-1 2.61189E-1 2.52033E-1 2.56966E-1 2.4705E-1 2.44356E-1 2.6849E-1 2.72179E-1 2.57026E-1 2.3772E-1
-9999 -9999 -9999 -9999 -9999 -9999 -9999 -9999 -9999 -9999 -9999 -9999 -9999 -9999 -9999 -9999 -9999 -9999 -9999 -9999 -9999 -9999 2.68699E-1 2.77359E-1 2.78323E-1 2.75197E-1 2.6714E-1 2.64475E-1 2.67561E-1 2.78182E-1 2.62625E-1 2.71021E-1 2.68971E-1 2.78202E-1 2.72617E-1 2.77831E-1 2.77039E-1 2.65576E-1 2.61613E-1 2.57891E-1 2.58315E-1 2.6306E-1 2.57621E-1 2.60544E-1 2.62552E-1 2.63954E-1 2.67376E-1 2.61614E-1 2.62904E-1 2.58175E-1 2.51616E-1 2.45147E-1 2.53555E-1 2.49638E-1 2.39482E-1 2.26651E-1 2.40318E-1 2.37131E-1 2.76026E-1 2.6814E-1 2.5376E-1 2.58784E-1 2.47923E-1 2.49953E-1 2.6334E-1 2.4271E-1 2.30546E-1
-9999 -9999 -9999 -9999 -9999 -9999 -9999 -9999 -9999 -9999 -9999 -9999 -9999 -9999 -9999 -9999 -9999 -9999 -9999 -9999 -9999 2.66854E-1 2.82314E-1 2.82849E-1 2.73281E-1 2.64805E-1 2.59865E-1 2.70473E-1 2.75104E-1 2.64808E-1 2.69432E-1 2.69271E-1 2.69853E-1 2.61302E-1 2.61024E-1 2.71223E-1 2.60331E-1 2.67661E-1 2.6632E-1 2.69057E-1 2.61856E-1 2.66387E-1 2.60825E-1 2.61905E-1 2.65446E-1 2.61828E-1 2.6297E-1 2.58356E-1 2.69675E-1 2.60822E-1 2.51093E-1 2.58174E-1 2.58292E-1 2.62024E-1 -9999 2.11188E-1 2.37364E-1 2.71361E-1 2.77038E-1 2.77206E-1 2.73804E-1 2.54556E-1 2.60891E-1 2.57281E-1 2.56986E-1 2.69546E-1 2.61351E-1
-9999 -9999 -9999 -9999 -9999 -9999 -9999 -9999 -9999 -9999 -9999 -9999 -9999 -9999 -9999 -9999 -9999 -9999 -9999 -9999 -9999 2.69629E-1 2.76534E-1 2.80554E-1 2.64663E-1 2.67965E-1 2.66099E-1 2.72239E-1 2.74462E-1 2.71241E-1 2.76969E-1 2.68318E-1 2.65671E-1 2.66021E-1 2.618E-1 2.61731E-1 2.66249E-1 2.66418E-1 2.71661E-1 2.67333E-1 2.69722E-1 2.6801E-1 2.60704E-1 2.60879E-1 2.66849E-1 2.65758E-1 2.69224E-1 2.67436E-1 2.69896E-1 2.62027E-1 2.56614E-1 2.59557E-1 2.56171E-1 2.63031E-1 2.36559E-1 2.3528E-1 -9999 2.72822E-1 2.74573E-1 2.77942E-1 2.76062E-1 2.71763E-1 2.64977E-1 2.43758E-1 2.39475E-1 2.73649E-1 2.71183E-1
-9999 -9999 -9999 -9999 -9999 -9999 -9999 -9999 -9999 -9999 -9999 -9999 -9999 -9999 -9999 -9999 -9999 -9999 -9999 -9999 -9999 2.722E-1 2.82258E-1 2.84086E-1 2.72098E-1 2.71685E-1 2.69067E-1 2.77893E-1 2.79602E-1 2.73002E-1 2.74103E-1 2.64122E-1 2.67968E-1 2.5053E-1 2.69071E-1 2.59297E-1 2.65975E-1 2.64297E-1 2.59502E-1 2.67555E-1 2.71451E-1 2.61996E-1 2.62602E-1 2.57137E-1 2.59221E-1 2.59025E-1 2.67254E-1 2.70132E-1 2.60161E-1 2.51778E-1 2.54785E-1 2.58866E-1 2.48399E-1 2.51461E-1 2.46733E-1 2.24705E-1 2.37013E-1 -9999 2.73958E-1 2.70286E-1 2.58079E-1 2.72436E-1 2.21753E-1 2.35763E-1 2.42178E-1 2.56007E-1 2.57527E-1
-9999 -9999 -9999 -9999 -9999 -9999 -9999 -9999 -9999 -9999 -9999 -9999 -9999 -9999 -9999 -9999 -9999 -9999 -9999 -9999 -9999 2.67742E-1 2.81356E-1 2.85424E-1 2.82646E-1 2.82523E-1 2.79127E-1 2.7742E-1 2.73445E-1 2.70794E-1 2.73381E-1 2.78518E-1 2.80335E-1 2.71277E-1 2.59308E-1 2.61925E-1 2.53743E-1 2.65694E-1 2.66329E-1 2.63017E-1 2.61059E-1 2.61719E-1 2.60249E-1 2.60671E-1 2.60357E-1 2.62567E-1 2.58075E-1 2.61998E-1 2.58785E-1 2.64756E-1 2.56023E-1 2.55187E-1 2.60656E-1 2.64411E-1 2.53117E-1 2.42587E-1 2.23253E-1 2.52214E-1 2.56923E-1 2.62635E-1 2.70214E-1 2.56324E-1 2.3635E-1 2.46222E-1 2.44039E-1 2.5791E-1 2.57116E-1
-9999 -9999 -9999 -9999 -9999 -9999 -9999 -9999 -9999 -9999 -9999 -9999 -9999 -9999 -9999 -9999 -9999 -9999 -9999 -9999 -9999 2.82125E-1 2.83987E-1 2.76461E-1 2.81503E-1 2.80236E-1 2.69075E-1 2.78085E-1 2.77943E-1 2.77127E-1 2.7619E-1 2.69388E-1 2.73761E-1 2.79197E-1 2.74009E-1 2.68155E-1 2.64018E-1 2.59787E-1 2.64936E-1 2.63787E-1 2.66365E-1 2.62847E-1 2.51468E-1 2.5697E-1 2.60089E-1 2.61803E-1 2.57295E-1 2.62155E-1 2.64363E-1 2.59748E-1 2.58215E-1 2.6143E-1 2.5595E-1 2.64999E-1 2.56644E-1 2.54766E-1 -9999 2.62169E-1 2.62468E-1 2.58425E-1 2.74494E-1 2.70504E-1 2.64623E-1 2.30139E-1 2.27429E-1 2.53241E-1 2.39613E-1
-9999 -9999 -9999 -9999 -9999 -9999 -9999 -9999 -9999 -9999 -9999 -9999 -9999 -9999 -9999 -9999 -9999 -9999 -9999 -9999 -9999 2.84466E-1 2.69847E-1 2.73582E-1 2.75438E-1 2.62746E-1 2.67443E-1 2.61384E-1 2.60291E-1 2.54477E-1 2.68293E-1 2.67998E-1 2.71497E-1 2.71731E-1 2.72739E-1 2.63478E-1 2.65774E-1 2.57356E-1 2.52509E-1 2.52086E-1 2.63607E-1 2.53251E-1 2.54597E-1 2.45817E-1 2.59548E-1 2.63913E-1 2.67073E-1 2.60095E-1 2.64103E-1 2.575E-1 2.61222E-1 2.58669E-1 2.59147E-1 2.55572E-1 2.62649E-1 -9999 2.72975E-1 2.7274E-1 2.71956E-1 2.61128E-1 2.62472E-1 2.5848E-1 2.34484E-1 2.40285E-1 2.42729E-1 2.48486E-1 2.55712E-1
-9999 -9999 -9999 -9999 -9999 -9999 -9999 -9999 -9999 -9999 -9999 -9999 -9999 -9999 -9999 -9999 -9999 -9999 -9999 -9999 -9999 2.83025E-1 2.71408E-1 2.75259E-1 2.62842E-1 2.62159E-1 2.60453E-1 2.61077E-1 2.55426E-1 2.68356E-1 2.62289E-1 2.69838E-1 2.69303E-1 2.67295E-1 2.67073E-1 2.70646E-1 2.65919E-1 2.70593E-1 2.64308E-1 2.66364E-1 2.5851E-1 2.64996E-1 2.50775E-1 2.48382E-1 2.64154E-1 2.65126E-1 2.56179E-1 2.66268E-1 2.6677E-1 2.54538E-1 2.53796E-1 2.60481E-1 2.58353E-1 2.50761E-1 2.53147E-1 -9999 2.22668E-1 2.69038E-1 2.68337E-1 2.5176E-1 2.3073E-1 2.69859E-1 2.71541E-1 2.33796E-1 2.38497E-1 2.63266E-1 2.62926E-1
-9999 -9999 -9999 -9999 -9999 -9999 -9999 -9999 -9999 -9999 -9999 -9999 -9999 -9999 -9999 -9999 -9999 -9999 -9999 -9999 -9999 2.80557E-1 2.79725E-1 2.77337E-1 2.61587E-1 2.585E-1 2.54791E-1 2.68137E-1 2.59007E-1 2.66112E-1 2.73384E-1 2.7074E-1 2.71762E-1 2.66744E-1 2.60341E-1 2.65163E-1 2.57346E-1 2.72439E-1 2.63558E-1 2.66427E-1 2.63327E-1 2.6764E-1 2.51744E-1 2.63529E-1 2.65072E-1 2.60938E-1 2.59756E-1 2.61936E-1 2.76238E-1 2.51846E-1 2.32174E-1 2.61041E-1 2.58456E-1 2.60341E-1 2.61902E-1 2.39967E-1 2.04745E-1 2.67522E-1 2.6953E-1 2.6655E-1 2.49023E-1 2.44136E-1 2.51409E-1 2.51806E-1 2.49876E-1 2.48549E-1 2.50189E-1
-9999 -9999 -9999 -9999 -9999 -9999 -9999 -9999 -9999 -9999 -9999 -9999 -9999 -9999 -9999 -9999 -9999 -9999 -9999 -9999 2.75568E-1 2.75924E-1 -9999 -9999 2.62359E-1 -9999 2.64138E-1 2.63938E-1 2.619E-1 2.62966E-1 2.71632E-1 2.68152E-1 2.66905E-1 2.6335E-1 2.74179E-1 2.76159E-1 2.62504E-1 2.61005E-1 2.59937E-1 2.65325E-1 2.62644E-1 2.55676E-1 2.62351E-1 2.66348E-1 2.66237E-1 2.67742E-1 2.51286E-1 -9999 2.66092E-1 2.54993E-1 2.54473E-1 2.57922E-1 2.5966E-1 2.66583E-1 2.47955E-1 2.21585E-1 2.25095E-1 -9999 2.62847E-1 2.72971E-1 2.49592E-1 2.49243E-1 2.66502E-1 2.60421E-1 2.55747E-1 2.51578E-1 2.44611E-1
-9999 -9999 -9999 -9999 -9999 -9999 -9999 -9999 -9999 -9999 -9999 -9999 -9999 -9999 -9999 -9999 2.8061E-1 -9999 -9999 -9999 -9999 -9999 -9999 -9999 -9999 2.65489E-1 2.73992E-1 2.60051E-1 2.64057E-1 2.60372E-1 2.64563E-1 2.67007E-1 2.79973E-1 2.74756E-1 2.81203E-1 2.69638E-1 2.66156E-1 2.71389E-1 2.61997E-1 2.67708E-1 2.64396E-1 2.57148E-1 2.5774E-1 2.68399E-1 2.64031E-1 2.56795E-1 2.67184E-1 2.71609E-1 2.59226E-1 2.48348E-1 2.59928E-1 2.566E-1 2.66266E-1 2.58481E-1 2.67692E-1 -9999 2.52154E-1 2.18766E-1 2.51717E-1 2.37711E-1 2.32683E-1 2.63428E-1 2.61385E-1 2.66021E-1 2.5595E-1 2.5678E-1 2.57744E-1
-9999 -9999 -9999 -9999 -9999 -9999 -9999 -9999 -9999 -9999 -9999 -9999 -9999 -9999 -9999 -9999 -9999 -9999 -9999 -9999 -9999 -9999 -9999 -9999 2.67242E-1 2.77049E-1 2.74292E-1 2.67726E-1 2.63405E-1 2.56761E-1 2.61378E-1 2.64041E-1 2.68983E-1 2.78654E-1 2.77372E-1 2.77084E-1 2.76113E-1 2.65276E-1 2.56871E-1 2.61207E-1 2.62297E-1 2.55463E-1 2.51274E-1 2.6064E-1 2.62271E-1 -9999 2.52528E-1 2.58721E-1 -9999 2.65642E-1 -9999 -9999 2.34404E-1 2.56713E-1 2.67865E-1 2.39751E-1 2.07336E-1 2.62357E-1 2.54819E-1 2.52352E-1 2.52001E-1 2.67846E-1 2.54016E-1 2.57359E-1 2.55604E-1 2.44159E-1 2.41821E-1
-9999 -9999 -9999 -9999 -9999 -9999 -9999 -9999 -9999 -9999 -9999 -9999 -9999 -9999 -9999 -9999 -9999 -9999 -9999 -9999 -9999 -9999 -9999 -9999 2.63099E-1 2.7533E-1 2.78658E-1 2.80722E-1 2.709E-1 2.68144E-1 2.64102E-1 2.67704E-1 2.72837E-1 2.70535E-1 2.69026E-1 2.69385E-1 2.60478E-1 2.66139E-1 2.58883E-1 2.54812E-1 2.53347E-1 2.46498E-1 2.47596E-1 2.56512E-1 2.51767E-1 2.5613E-1 2.46591E-1 2.4253E-1 2.58674E-1 2.66407E-1 2.60074E-1 2.43713E-1 -9999 -9999 2.66472E-1 2.45059E-1 2.16093E-1 2.29706E-1 2.39973E-1 2.51526E-1 2.49519E-1 2.6332E-1 2.52476E-1 2.443E-1 2.66004E-1 2.59313E-1 2.58991E-1
-9999 -9999 -9999 -9999 -9999 -9999 -9999 -9999 -9999 -9999 -9999 -9999 -9999 -9999 -9999 -9999 -9999 -9999 -9999 -9999 -9999 -9999 -9999 -9999 2.6528E-1 2.65275E-1 2.80905E-1 2.73227E-1 2.64377E-1 2.67227E-1 2.67883E-1 2.6925E-1 2.74545E-1 2.75385E-1 2.66779E-1 2.72317E-1 2.65538E-1 2.58254E-1 2.59695E-1 2.65391E-1 2.68501E-1 2.58487E-1 2.57076E-1 2.59019E-1 2.50442E-1 2.60975E-1 2.59536E-1 2.47781E-1 2.61373E-1 2.52219E-1 2.66564E-1 2.69843E-1 2.68327E-1 2.64886E-1 2.27229E-1 2.25561E-1 2.63755E-1 2.2986E-1 2.53089E-1 2.60037E-1 2.45244E-1 2.5343E-1 2.65402E-1 2.69508E-1 2.60909E-1 2.63458E-1 2.34998E-1
-9999 -9999 -9999 -9999 -9999 -9999 -9999 -9999 -9999 -9999 -9999 -9999 -9999 -9999 2.8306E-1 2.82279E-1 2.81395E-1 2.77211E-1 -9999 -9999 -9999 -9999 -9999 -9999 2.62021E-1 2.71486E-1 2.7541E-1 2.67671E-1 2.64124E-1 2.63335E-1 2.63209E-1 2.6263E-1 2.76551E-1 2.78428E-1 2.78094E-1 2.74766E-1 2.66701E-1 2.61529E-1 2.67605E-1 2.66832E-1 2.71233E-1 2.52887E-1 2.66444E-1 2.4415E-1 2.72123E-1 2.57187E-1 -9999 2.64753E-1 2.67717E-1 2.57201E-1 2.57942E-1 2.60654E-1 2.60559E-1 2.67275E-1 -9999 -9999 2.48704E-1 2.66442E-1 2.55218E-1 2.55108E-1 2.4642E-1 2.61682E-1 2.69369E-1 2.41356E-1 2.71627E-1 2.71762E-1 2.69117E-1
-9999 -9999 -9999 -9999 -9999 -9999 -9999 -9999 -9999 -9999 -9999 -9999 -9999 2.83459E-1 2.84494E-1 2.8365E-1 2.81689E-1 2.83368E-1 2.70739E-1 -9999 -9999 -9999 -9999 -9999 2.68739E-1 2.75504E-1 2.74231E-1 2.73165E-1 -9999 2.62598E-1 2.64282E-1 2.6226E-1 2.67471E-1 2.67342E-1 2.65853E-1 2.61631E-1 -9999 2.58431E-1 2.62982E-1 -9999 2.63976E-1 -9999 -9999 2.55235E-1 2.72581E-1 2.71724E-1 -9999 2.66675E-1 2.65963E-1 2.5959E-1 2.56122E-1 2.59032E-1 2.56324E-1 2.57064E-1 2.55406E-1 -9999 2.09382E-1 2.50108E-1 2.48521E-1 2.47246E-1 2.62643E-1 2.6602E-1 2.4832E-1 2.63491E-1 2.62992E-1 2.62363E-1 2.62601E-1
