ENM/Final_Models/M_2_F_q_Set_1_EC/Gustavia_santanderiensis_6_Choco_clamping.asc
ncols         367
nrows         963
xllcorner     -78.6
yllcorner     0.65
cellsize      0.00833333333333323
NODATA_value  -9999
[rows 527 to 557 of 963, columns 142 to 212 of 367]
-9999 -9999 -9999 -9999 -9999 -9999 -9999 -9999 -9999 -9999 -9999 -9999 -9999 1.18134E-4 1.3438E-2 4.23211E-3 1.78373E-4 1.53811E-4 4.03801E-5 2.54256E-3 1.01728E-2 4.78625E-4 7.63022E-4 1.1525E-5 1.70047E-5 2.01746E-9 5.70274E-5 2.30009E-8 1.24039E-5 3.35415E-6 5.70121E-8 1.71177E-5 1.28264E-4 9.58711E-7 2.75926E-6 2.81213E-7 6.75166E-7 1.34671E-6 5.48064E-5 7.44124E-5 5.29868E-6 2.82591E-8 1.56762E-7 1.37954E-5 5.99102E-8 2.24532E-7 2.11205E-8 1.83158E-11 5.63309E-9 -9999 4.73909E-2 5.07141E-4 1.45982E-5 1.19316E-3 9.92995E-12 4.89169E-9 1.09218E-7 9.55151E-5 4.59455E-5 3.39275E-6 2.03426E-7 1.18018E-6 1.29387E-6 1.71694E-7 9.76106E-6 3.75743E-6 2.99237E-5 1.29078E-3 1.94537E-5 1.2883E-3 1.19574E-4
-9999 -9999 -9999 -9999 -9999 -9999 -9999 -9999 -9999 -9999 -9999 -9999 -9999 2.19413E-5 1.62323E-3 1.35448E-2 1.92852E-2 3.75612E-3 9.94821E-4 2.30871E-3 5.77472E-4 1.86472E-4 5.62069E-4 5.36944E-3 3.74005E-3 6.48741E-5 3.12136E-7 1.7436E-6 6.03973E-10 6.22536E-6 1.07635E-5 3.28984E-6 6.29889E-7 1.69377E-6 1.18877E-6 1.55656E-6 1.51388E-6 7.07399E-6 1.4383E-6 1.5151E-6 6.74406E-7 6.72465E-5 2.18269E-6 4.50254E-6 4.78428E-5 7.47045E-5 3.49234E-6 3.68816E-8 4.29803E-11 4.47302E-6 3.98746E-6 5.23027E-5 1.11657E-3 1.24927E-5 4.4773E-9 3.39806E-6 1.78483E-6 1.56936E-4 3.21226E-5 1.56707E-7 9.38457E-6 2.18042E-6 5.953E-6 1.74206E-5 1.621E-6 7.13505E-6 2.50354E-4 2.73729E-3 1.10689E-13 7.82412E-9 6.28166E-6
-9999 -9999 -9999 -9999 -9999 -9999 -9999 -9999 -9999 -9999 -9999 -9999 -9999 2.50206E-3 6.00695E-3 1.05417E-3 2.37621E-2 1.62087E-3 1.16794E-5 3.40061E-3 3.85939E-3 5.10561E-4 1.83513E-3 2.85735E-5 1.98625E-4 2.03103E-3 3.68525E-4 6.59338E-6 4.58873E-6 4.7813E-7 8.09474E-6 3.47175E-6 1.57279E-5 3.66438E-6 2.79864E-8 4.77628E-7 2.38526E-6 8.61361E-6 1.79112E-7 2.29308E-6 6.67643E-6 1.25576E-6 7.0108E-7 4.39256E-6 1.75847E-6 1.52402E-4 2.35539E-6 3.69086E-6 -9999 2.45768E-5 4.62168E-5 1.14511E-5 6.05173E-3 1.98445E-3 3.57907E-4 1.57784E-8 9.48946E-10 7.52064E-6 2.41942E-7 1.14355E-4 3.14032E-4 2.35888E-4 1.79351E-6 2.30058E-5 1.83994E-4 1.59174E-4 2.29749E-6 9.36202E-5 4.67404E-14 2.85327E-14 4.45773E-8
-9999 -9999 -9999 -9999 -9999 -9999 -9999 -9999 -9999 -9999 -9999 -9999 -9999 5.76851E-3 2.21053E-5 3.55814E-4 2.37285E-4 4.99353E-7 7.17994E-6 2.53745E-7 8.64326E-8 1.66222E-9 7.11879E-6 1.6296E-5 1.02851E-4 1.12516E-4 2.0521E-4 1.45992E-6 7.76138E-6 1.82235E-7 9.83705E-9 1.08765E-8 6.17856E-6 9.69176E-8 1.9126E-7 6.80873E-9 2.79884E-6 1.85138E-5 7.99312E-5 5.98924E-6 3.94408E-5 4.15564E-7 4.60059E-6 2.07217E-6 2.8461E-5 4.3096E-6 1.26187E-4 -9999 3.5966E-3 1.26109E-3 4.69321E-3 1.3586E-4 1.05106E-4 3.08218E-5 6.82015E-8 5.78396E-7 1.6646E-7 8.22916E-6 4.27645E-5 2.44598E-4 5.14236E-4 1.93438E-3 5.28333E-3 6.11159E-3 1.18768E-3 5.17239E-3 2.04922E-3 5.8848E-5 1.8763E-7 1.04859E-6 1.47415E-5
-9999 -9999 -9999 -9999 -9999 -9999 -9999 -9999 -9999 -9999 -9999 -9999 -9999 3.98536E-3 2.16768E-5 8.68185E-4 5.75509E-7 3.88247E-7 1.8065E-7 1.88403E-7 2.8382E-8 7.33548E-5 7.57395E-7 3.99095E-5 2.56113E-5 1.09744E-5 1.20705E-5 2.29916E-5 1.60578E-5 1.52453E-4 5.71576E-6 1.76103E-5 6.19353E-7 1.99522E-5 2.50001E-8 2.27208E-8 1.84883E-5 4.34788E-5 1.40176E-6 9.30852E-5 1.78413E-4 2.08097E-7 1.6638E-7 5.16077E-6 5.27821E-6 7.83807E-8 4.49729E-6 -9999 2.74444E-10 1.29055E-3 1.34311E-3 3.0389E-6 1.18432E-9 1.39342E-3 7.57061E-4 2.42205E-9 4.51062E-7 2.76385E-4 2.76492E-4 7.36802E-4 1.58719E-3 3.33177E-5 1.13154E-5 4.51491E-5 8.90263E-7 9.67486E-4 1.67663E-3 1.80769E-6 6.68307E-9 8.89421E-5 1.61279E-4
-9999 -9999 -9999 -9999 -9999 -9999 -9999 -9999 -9999 -9999 -9999 -9999 -9999 1.84972E-3 1.72075E-3 9.1506E-4 2.37096E-7 3.69175E-8 7.88094E-9 1.10902E-5 1.08007E-7 6.3312E-6 2.00756E-4 6.8184E-5 8.67735E-5 1.71837E-5 1.65004E-7 6.10077E-6 1.36141E-7 2.15987E-4 7.96132E-6 2.25498E-5 5.92307E-6 3.6781E-5 3.83422E-9 1.83146E-5 2.71034E-5 1.2093E-5 1.00458E-5 3.45975E-6 9.65805E-3 9.1292E-8 1.91073E-11 5.33513E-5 1.00695E-5 5.23637E-5 1.99768E-5 2.39975E-8 2.14051E-13 9.64286E-4 2.0463E-3 5.22939E-3 1.40706E-6 7.34057E-7 5.61309E-7 1.33749E-5 2.35387E-6 2.32438E-6 9.66868E-6 3.79465E-4 1.16704E-5 4.44223E-6 3.05343E-5 3.26194E-5 2.79247E-6 5.68496E-7 4.04946E-6 1.13978E-6 5.09462E-8 3.81225E-5 4.95869E-4
-9999 -9999 -9999 -9999 -9999 -9999 -9999 -9999 -9999 -9999 -9999 -9999 1.77161E-4 3.80883E-4 -9999 -9999 4.34568E-7 -9999 1.30368E-6 1.66701E-7 1.77646E-6 2.51933E-7 8.9172E-5 2.05239E-5 8.18241E-6 2.0918E-6 6.33035E-4 8.35869E-4 3.29406E-6 8.18546E-7 1.13005E-6 1.79555E-5 7.15916E-6 5.40003E-7 9.80747E-6 6.13712E-5 8.38051E-5 1.68715E-4 5.24716E-7 -9999 5.19321E-5 5.27886E-7 1.1085E-6 3.62183E-6 1.26248E-5 3.94253E-4 1.92948E-6 1.24142E-11 6.47788E-10 -9999 3.23398E-4 7.25314E-3 1.1814E-6 2.66245E-6 7.45136E-4 1.36879E-4 1.71586E-5 1.1773E-5 3.16797E-6 4.29371E-5 1.43185E-5 2.10901E-4 3.4945E-4 4.34881E-5 4.15601E-5 3.68374E-5 5.31566E-6 4.25429E-5 3.60055E-8 1.17295E-7 4.99404E-4
-9999 -9999 -9999 -9999 -9999 -9999 -9999 -9999 1.86388E-3 -9999 -9999 -9999 -9999 -9999 -9999 -9999 -9999 3.26458E-6 3.08998E-4 1.57396E-7 3.63459E-6 4.22161E-8 3.35618E-6 1.42444E-5 1.76447E-3 8.37908E-2 1.68253E-2 6.26234E-5 1.99805E-5 2.05554E-4 3.49261E-7 1.16699E-5 1.5172E-5 1.3185E-6 1.75596E-6 1.67889E-4 4.49931E-5 3.37869E-6 2.60071E-4 1.75721E-3 3.49026E-5 8.50285E-8 1.51847E-5 3.57895E-6 3.08227E-4 6.87635E-6 1.04451E-3 -9999 6.24507E-6 2.80453E-10 1.49524E-5 3.42283E-7 5.52514E-9 2.24588E-4 2.73322E-4 1.16089E-3 2.50584E-5 5.23395E-5 7.52335E-5 4.39133E-6 1.28072E-6 2.65427E-5 8.68318E-4 1.9869E-4 7.45687E-5 5.87948E-6 8.22723E-5 7.43618E-8 2.4855E-7 4.90494E-7 3.25928E-8
-9999 -9999 -9999 -9999 -9999 -9999 -9999 -9999 -9999 -9999 -9999 -9999 -9999 -9999 -9999 -9999 7.69219E-6 1.16654E-3 3.40175E-4 2.18411E-6 2.61108E-6 4.01623E-9 1.69675E-7 3.17582E-6 3.46216E-5 3.03999E-3 2.69068E-3 1.59134E-3 2.01091E-3 1.44801E-5 3.26356E-7 3.13749E-6 2.68461E-6 3.49109E-7 1.25393E-7 8.31686E-6 5.18573E-6 -9999 2.27338E-7 2.96205E-6 -9999 1.06449E-4 -9999 -9999 9.04668E-9 3.0251E-5 4.17764E-4 8.41188E-7 2.1716E-12 4.76719E-5 4.15557E-5 5.53686E-6 8.53302E-6 1.4792E-3 4.14221E-5 5.0238E-5 5.02344E-5 2.49575E-6 1.76379E-6 6.82799E-6 3.8294E-4 6.98546E-5 8.78122E-5 5.85302E-6 5.03383E-5 8.53417E-6 1.42329E-6 7.05156E-5 1.39121E-10 9.11072E-8 5.15334E-7
-9999 -9999 -9999 -9999 -9999 -9999 -9999 -9999 -9999 -9999 -9999 -9999 -9999 -9999 -9999 -9999 8.29984E-7 4.08058E-4 2.09984E-3 1.93895E-3 3.1194E-5 1.74279E-5 4.85469E-7 3.03387E-5 3.14844E-4 9.8771E-5 1.68538E-5 2.02002E-5 1.35652E-6 2.65196E-5 9.6572E-7 1.01455E-7 8.24648E-8 4.30819E-9 8.39875E-9 1.97918E-6 3.55115E-8 5.50867E-6 1.78204E-8 1.02676E-8 1.01816E-5 2.3475E-4 3.08757E-5 2.66744E-8 -9999 -9999 9.77439E-4 5.36152E-7 3.00547E-11 1.16602E-8 7.48498E-7 2.19148E-5 7.57465E-6 4.28828E-4 3.88293E-5 1.26386E-6 7.00042E-4 1.62185E-4 2.46958E-4 4.0913E-6 2.07603E-6 9.25611E-5 3.0163E-4 4.86282E-5 2.37268E-5 1.14969E-4 2.11393E-4 8.33927E-8 5.90618E-9 7.57549E-9 1.67931E-10
-9999 -9999 -9999 -9999 -9999 -9999 -9999 -9999 -9999 -9999 -9999 -9999 -9999 -9999 -9999 -9999 2.39118E-6 2.38556E-6 1.51305E-3 4.39988E-5 1.15927E-6 5.63336E-6 9.91446E-6 1.39882E-5 6.56283E-4 8.76285E-4 8.74791E-6 3.32343E-4 3.79048E-5 1.04715E-7 1.8539E-6 2.21892E-5 7.91183E-5 1.18957E-7 2.21876E-6 8.28474E-7 3.12872E-8 2.5039E-5 2.97391E-5 1.17972E-7 3.48459E-5 1.99893E-6 4.35393E-4 1.49298E-3 8.76592E-4 4.55046E-4 1.00187E-8 1.49775E-8 2.88888E-4 1.22714E-8 4.77832E-6 6.6498E-5 1.54609E-6 3.80148E-5 1.14958E-3 1.65659E-3 1.56023E-4 4.7441E-4 2.92963E-8 8.4136E-4 3.01903E-6 6.1714E-5 2.26329E-4 5.62828E-4 1.09063E-4 2.48124E-4 3.24786E-4 1.21302E-5 5.58907E-7 8.08398E-8 3.87868E-7
-9999 -9999 -9999 -9999 -9999 -9999 5.49618E-3 4.48741E-3 3.00565E-3 6.99066E-4 -9999 -9999 -9999 -9999 -9999 -9999 4.38166E-8 7.75874E-5 6.38553E-4 1.32176E-5 8.07412E-7 3.31658E-6 5.83191E-7 7.75417E-7 6.75159E-4 1.91456E-3 9.29341E-3 2.16515E-3 9.18163E-5 5.6521E-6 1.33527E-4 9.88609E-5 5.7787E-4 2.27514E-8 1.77322E-5 1.74365E-9 5.35191E-4 1.58224E-6 -9999 7.74771E-5 4.00141E-4 1.27795E-5 1.69553E-5 1.27565E-5 1.03991E-4 9.8109E-4 -9999 -9999 2.78554E-6 2.41293E-4 1.71578E-5 2.90885E-5 3.68455E-6 3.48009E-4 1.33353E-3 2.82467E-7 5.40042E-3 5.07617E-3 3.26152E-3 1.22519E-6 5.78066E-6 5.33019E-5 7.65032E-5 1.65195E-6 3.05217E-7 2.4524E-4 8.44546E-5 6.00588E-6 7.62356E-8 1.3292E-9 6.21799E-9
-9999 -9999 -9999 -9999 -9999 9.3262E-3 1.54417E-2 1.80184E-2 4.30612E-3 1.95209E-2 3.68271E-5 -9999 -9999 -9999 -9999 -9999 5.76717E-6 1.94237E-4 2.76628E-4 1.00682E-4 -9999 5.69138E-7 1.9467E-6 5.40794E-6 1.18954E-5 1.88722E-5 9.08769E-6 1.7482E-5 -9999 2.18469E-7 3.15346E-6 -9999 4.42081E-6 -9999 -9999 3.51629E-6 2.34334E-3 1.86265E-3 -9999 1.78388E-4 2.32483E-4 2.79585E-5 1.10909E-5 4.99542E-5 2.6495E-5 1.01189E-5 9.85482E-6 -9999 9.86333E-12 1.0302E-5 9.6551E-6 1.14491E-6 1.76601E-4 7.79964E-4 2.03924E-6 2.73926E-4 1.00885E-3 3.09708E-4 1.71525E-4 3.09531E-6 1.21049E-3 1.41441E-4 3.00638E-5 4.98804E-9 1.34399E-9 4.70279E-6 1.12282E-5 2.42641E-9 4.5749E-8 4.63321E-10 1.86812E-9
-9999 -9999 -9999 -9999 -9999 2.49573E-2 4.30796E-2 7.63939E-2 5.13761E-2 2.31108E-3 6.24448E-4 4.63169E-8 -9999 -9999 5.00345E-8 1.98014E-9 1.97344E-5 3.24261E-6 8.23836E-6 7.41895E-5 2.50617E-5 -9999 2.77253E-6 5.5669E-7 1.11699E-6 -9999 7.79237E-5 -9999 1.34643E-5 9.30397E-5 4.2952E-6 3.29254E-5 4.19859E-4 2.03389E-5 1.98602E-5 2.36791E-5 7.56847E-4 1.87543E-3 3.05246E-4 1.49418E-4 4.83314E-5 1.7714E-6 1.63199E-6 3.58399E-5 1.18318E-4 1.95533E-5 8.43873E-7 3.29051E-5 3.75767E-4 3.9909E-5 4.68771E-6 4.98917E-6 1.38478E-4 3.22246E-4 2.11397E-6 1.29633E-8 1.90704E-3 5.5594E-2 3.33459E-3 3.83581E-3 2.93473E-6 1.14521E-4 3.39581E-4 1.26737E-5 1.49156E-6 2.93567E-5 3.86958E-6 4.95752E-9 5.05741E-6 1.06675E-5 2.04891E-7
-9999 -9999 -9999 -9999 7.99881E-3 1.22927E-3 1.84707E-3 2.06619E-3 5.70888E-2 5.86293E-3 3.61424E-2 3.40537E-4 3.02542E-3 3.34256E-4 2.47141E-4 1.47212E-4 2.46425E-3 5.5048E-2 2.88707E-6 1.64945E-6 5.07828E-6 2.94495E-7 -9999 1.05232E-6 1.97592E-6 4.07802E-5 4.38262E-5 2.96872E-5 3.71869E-7 3.12634E-7 6.68639E-7 5.07711E-5 3.98281E-8 2.61663E-6 1.10296E-5 3.57076E-6 6.55233E-5 6.68858E-6 4.28149E-5 6.5979E-6 9.59088E-5 7.47987E-6 2.91836E-5 4.49143E-6 2.50256E-5 2.67546E-4 6.76429E-5 3.84487E-5 1.93034E-3 3.80802E-6 1.81789E-5 4.08435E-6 1.8473E-6 2.76478E-4 6.67923E-5 7.21652E-6 1.24419E-5 1.72467E-3 1.30746E-3 1.96481E-3 2.5794E-5 4.77306E-4 2.03837E-4 3.21851E-6 4.76544E-5 3.49874E-6 3.11272E-3 1.04585E-3 3.49755E-3 8.5508E-3 1.57999E-4
-9999 -9999 -9999 -9999 1.65788E-4 7.12636E-4 9.13372E-7 2.03159E-5 7.7711E-5 7.162E-3 8.08642E-4 1.55162E-3 4.74453E-2 1.67272E-1 8.54376E-2 4.71636E-2 1.26633E-3 1.1689E-2 3.50145E-5 1.94579E-6 3.48335E-3 8.44118E-3 7.25628E-3 1.62818E-5 1.64201E-4 8.85454E-5 4.03956E-5 5.22046E-6 1.96568E-5 4.80264E-6 4.63072E-7 5.05819E-7 4.32531E-8 8.88453E-4 6.13096E-4 2.11238E-5 3.81404E-4 2.09543E-4 3.9171E-4 6.71663E-5 2.90707E-7 2.02493E-4 1.41784E-4 4.44755E-4 9.02921E-5 2.21441E-5 9.06772E-6 1.63748E-3 1.33352E-4 2.8732E-5 9.14301E-4 5.32075E-4 8.75894E-9 6.54828E-6 1.14196E-4 2.17745E-3 5.08362E-5 4.04293E-3 2.09519E-3 2.43977E-2 2.9414E-2 4.19316E-3 9.11118E-6 4.14385E-9 2.33158E-9 2.33436E-5 2.3865E-7 5.16031E-6 3.49475E-7 1.78729E-5 2.30658E-6
-9999 -9999 -9999 -9999 -9999 1.52522E-3 8.35493E-4 7.19649E-4 1.27288E-4 3.97289E-3 1.86455E-4 8.04251E-4 4.13117E-2 3.12751E-2 1.43351E-3 4.79842E-6 5.72847E-5 6.29854E-3 2.87835E-4 3.74971E-3 1.04872E-5 5.27799E-2 5.22369E-3 2.94569E-3 4.72379E-5 2.91128E-4 5.19449E-5 1.93517E-4 2.96894E-5 2.53838E-5 8.18799E-6 1.09362E-5 6.19787E-7 4.21571E-5 1.24558E-4 9.23136E-5 7.58357E-5 7.4598E-5 1.39845E-5 3.4958E-5 1.66947E-7 9.81904E-7 1.74936E-4 5.8988E-7 4.69475E-6 9.36014E-6 3.5498E-4 6.2329E-7 4.77008E-4 5.7969E-4 3.04889E-3 1.89835E-3 9.87834E-4 2.75706E-5 5.67396E-6 1.99498E-3 9.35411E-3 3.3494E-1 1.56826E-2 2.93409E-4 5.45812E-2 6.63771E-3 1.42873E-3 3.55248E-3 1.57386E-7 2.66265E-6 2.83699E-5 2.54024E-3 7.63225E-5 4.13992E-6 6.20518E-5
-9999 -9999 -9999 -9999 -9999 -9999 5.72506E-6 1.12303E-4 2.21573E-7 1.64658E-1 4.93942E-2 6.2622E-3 5.57072E-6 1.41725E-5 1.82109E-4 1.90629E-5 2.58558E-4 1.77287E-2 3.70793E-3 6.03551E-3 1.44281E-5 1.1871E-4 6.0218E-3 1.50447E-3 7.10844E-4 3.61359E-4 6.49534E-6 4.06439E-5 1.71455E-5 2.29994E-5 3.15503E-5 2.16532E-4 1.44433E-6 6.45121E-4 1.13506E-4 5.96476E-6 8.48201E-5 7.93909E-5 7.61819E-5 1.49138E-4 2.14749E-5 1.4056E-7 4.48498E-6 3.59346E-5 2.86715E-6 8.64589E-6 2.18959E-6 9.0434E-5 3.82067E-5 7.71733E-3 1.16957E-2 4.47825E-3 3.84984E-4 7.00328E-3 3.83062E-5 1.1569E-3 9.64143E-5 6.80691E-5 7.11457E-2 8.38563E-3 3.7246E-3 2.34522E-2 3.64818E-4 3.38933E-2 3.4324E-3 8.79376E-6 8.10458E-8 1.93779E-5 5.10441E-3 3.68841E-4 2.09439E-5
-9999 -9999 -9999 -9999 -9999 -9999 2.23578E-4 1.11769E-4 1.79857E-7 1.05106E-1 6.82901E-3 3.11468E-3 1.31149E-5 1.21022E-6 2.38866E-5 9.99128E-3 1.48158E-4 2.69897E-3 6.12206E-3 7.30758E-4 2.51051E-6 3.08585E-4 4.82629E-3 4.10989E-3 9.33429E-4 1.59874E-4 8.28253E-6 7.88294E-4 3.29604E-6 6.36065E-7 1.78992E-6 1.99872E-4 5.59736E-6 5.54467E-5 1.29148E-3 5.08056E-5 7.02865E-4 2.23799E-3 6.63413E-3 4.44829E-3 3.05319E-5 2.37338E-5 1.81148E-5 6.69094E-5 3.77734E-5 9.36832E-5 3.77821E-5 2.39342E-5 2.92862E-5 3.85205E-3 1.067E-3 4.14576E-3 9.52265E-3 1.36393E-3 1.61624E-3 6.02474E-6 4.59247E-6 5.17963E-4 1.26739E-3 1.01824E-5 7.00202E-3 3.87261E-2 1.2962E-3 7.27182E-2 7.23986E-3 2.34911E-4 2.40956E-6 5.20195E-6 1.514E-2 3.02467E-7 2.48147E-3
-9999 -9999 -9999 -9999 -9999 -9999 6.36891E-3 1.01983E-6 1.69943E-7 2.29547E-5 4.61539E-3 5.35304E-3 8.1525E-4 3.18363E-2 6.46563E-3 4.25941E-2 1.84833E-3 5.41729E-3 1.476E-3 -9999 4.26833E-5 9.02573E-5 1.02284E-4 2.71227E-3 1.09351E-3 4.13651E-5 6.57148E-5 3.18575E-6 3.49724E-5 7.78836E-5 1.00022E-6 6.96542E-5 3.24432E-4 6.50673E-6 1.18609E-5 3.37607E-5 4.84604E-5 2.53733E-3 1.28597E-3 6.70114E-3 2.94207E-3 2.01336E-4 1.828E-6 8.18676E-4 7.93294E-4 3.58494E-4 1.32609E-3 6.11016E-4 9.77969E-6 3.23673E-3 5.09104E-3 6.86675E-4 5.2492E-3 1.09495E-4 3.49266E-5 9.37828E-4 1.69099E-5 7.37597E-6 4.69528E-4 2.72113E-3 3.14065E-3 6.45458E-5 7.22889E-2 1.49794E-3 1.09622E-4 3.23734E-6 5.0596E-7 1.73508E-6 1.92535E-3 4.34148E-3 1.60663E-3
-9999 -9999 -9999 -9999 -9999 -9999 2.19896E-5 1.4422E-6 8.58081E-4 1.10604E-4 1.44034E-7 7.79629E-3 4.44128E-3 1.52545E-3 1.14541E-1 1.29057E-1 2.67575E-4 1.71755E-3 1.3728E-4 1.16828E-6 4.31804E-9 2.9014E-5 2.05665E-3 2.78415E-3 1.503E-4 1.70066E-4 8.02094E-7 8.86573E-7 2.39742E-5 2.72109E-3 4.21108E-5 6.13667E-5 1.4257E-4 2.06676E-4 2.24131E-4 3.68131E-6 5.54017E-3 1.0955E-3 3.94519E-3 4.17727E-4 7.07488E-4 2.80328E-6 1.71957E-6 3.03626E-5 1.95957E-4 1.20111E-3 3.96537E-4 1.66601E-3 9.29601E-5 3.32836E-4 4.92877E-4 7.68164E-4 2.32344E-4 1.17819E-3 3.90329E-3 6.28191E-3 8.27519E-4 5.46681E-5 8.96509E-6 5.19332E-4 1.72305E-4 7.98911E-5 3.21933E-2 4.35826E-6 1.09347E-5 1.52E-4 1.23561E-4 7.31541E-4 2.72522E-4 3.09711E-3 5.92907E-2
-9999 -9999 -9999 -9999 -9999 -9999 1.14678E-3 9.59293E-2 7.456E-2 4.10982E-3 4.64693E-4 1.25535E-1 8.23985E-2 1.59328E-3 1.87798E-2 2.61327E-2 3.00889E-5 -9999 -9999 -9999 1.8686E-4 1.9408E-3 7.54811E-4 1.20573E-4 7.84103E-4 2.35415E-6 7.18645E-7 3.0989E-6 7.62546E-4 1.0398E-3 2.92333E-4 1.06516E-5 1.47985E-5 3.03341E-5 1.07234E-4 1.09216E-3 1.44982E-3 8.63153E-4 1.00509E-3 5.56374E-5 2.21758E-3 2.14099E-4 8.55911E-5 6.00933E-4 3.5238E-6 2.04002E-3 4.22117E-4 3.81405E-4 5.7023E-4 1.0959E-3 6.16034E-4 2.24266E-5 4.13237E-4 2.8776E-4 2.11803E-3 3.46264E-5 1.31099E-4 1.54063E-4 4.46421E-5 2.61605E-5 1.49566E-5 9.50121E-3 1.65067E-4 4.06882E-3 3.61343E-7 8.4922E-5 1.03452E-3 5.57706E-7 1.66482E-6 1.79952E-2 5.07338E-5
-9999 -9999 -9999 -9999 -9999 -9999 2.9917E-2 1.40412E-3 3.62782E-3 6.23716E-2 2.12306E-4 3.75198E-3 5.79454E-2 1.91329E-10 1.4037E-5 -9999 -9999 -9999 -9999 -9999 -9999 1.61119E-3 2.48226E-4 4.79239E-4 2.45381E-5 1.39802E-5 9.97447E-6 1.59484E-5 6.32237E-4 1.07866E-4 1.5847E-3 9.15691E-4 8.98089E-5 9.04058E-5 9.48309E-4 7.61368E-4 8.15637E-4 1.0118E-3 9.53049E-6 5.52111E-6 6.98437E-4 2.03941E-4 1.53249E-4 3.32732E-4 1.82191E-4 1.50166E-4 1.93799E-4 1.16307E-3 1.06861E-2 7.94496E-4 2.16422E-5 1.50455E-6 2.05317E-6 1.77881E-4 1.46344E-3 2.95344E-4 2.71029E-4 2.49339E-5 2.60084E-4 3.71544E-3 2.82393E-5 1.3551E-3 2.02057E-2 3.09265E-6 2.01231E-4 3.23157E-4 1.69131E-5 2.03101E-5 4.39612E-8 4.1044E-7 7.23153E-3
-9999 -9999 -9999 -9999 -9999 -9999 1.00577E-3 4.4915E-8 2.78289E-9 1.09456E-2 1.41507E-4 1.07038E-4 2.78445E-4 -9999 -9999 -9999 -9999 -9999 -9999 -9999 -9999 -9999 7.97184E-6 1.02303E-6 2.33886E-7 2.29219E-6 4.35562E-4 4.36724E-4 1.56753E-4 1.89035E-4 2.17178E-5 2.72378E-3 8.79256E-5 6.07182E-4 2.56904E-4 3.4003E-4 1.47466E-5 1.12914E-4 6.65175E-4 9.53317E-4 6.47244E-4 1.8794E-4 5.03935E-4 1.9095E-4 2.60237E-3 1.46066E-3 1.11658E-4 8.76431E-5 4.3419E-3 7.10192E-4 2.74879E-4 1.31694E-4 4.27707E-5 3.12764E-6 7.47745E-5 2.52845E-5 4.02934E-3 3.03121E-4 2.85927E-4 4.95823E-4 1.05693E-3 2.00787E-4 1.49791E-3 2.47729E-4 1.20932E-6 4.35895E-7 1.02164E-9 9.17116E-8 1.10507E-8 2.72695E-7 7.94624E-4
-9999 -9999 -9999 -9999 -9999 -9999 4.58293E-3 6.03139E-9 8.8734E-9 4.27394E-10 3.31281E-5 2.15838E-2 -9999 -9999 -9999 -9999 -9999 -9999 -9999 -9999 -9999 -9999 -9999 1.01773E-6 -9999 2.34996E-4 1.63414E-4 3.29059E-4 1.65234E-4 6.55365E-5 8.18586E-4 2.30894E-3 6.10313E-4 4.86177E-4 3.1463E-5 5.04341E-4 1.66813E-4 2.08919E-4 3.08897E-3 2.87559E-3 3.93408E-3 1.16292E-3 4.57175E-4 1.7385E-3 2.26332E-4 2.34316E-4 3.22094E-4 1.91468E-4 1.00176E-5 1.74151E-4 1.52465E-4 7.86645E-5 1.34765E-5 6.8386E-6 1.00771E-4 1.01299E-4 3.29963E-4 6.14854E-4 1.27548E-4 5.8166E-4 1.32871E-4 9.9839E-6 7.33496E-5 1.00364E-6 2.61248E-5 1.52547E-4 3.85982E-10 2.26276E-7 2.62354E-6 3.85357E-3 8.13188E-6
-9999 -9999 -9999 -9999 -9999 -9999 1.11792E-9 0E0 9.65894E-15 4.06497E-12 3.28424E-8 -9999 -9999 -9999 -9999 -9999 -9999 -9999 -9999 -9999 -9999 -9999 -9999 1.38983E-5 -9999 1.15346E-2 6.87623E-2 1.44309E-1 6.73382E-3 5.30348E-5 3.48613E-3 8.38667E-4 5.90458E-4 1.03419E-3 5.03219E-4 2.59736E-3 2.75837E-4 7.8262E-4 3.8121E-3 1.14809E-3 5.83964E-3 2.60834E-4 1.69036E-3 3.36996E-4 1.8017E-4 1.68764E-3 4.01639E-4 7.64095E-4 4.75183E-5 2.67393E-4 1.19091E-3 4.50866E-4 1.37313E-4 5.14851E-4 4.15814E-6 2.48122E-5 1.87062E-4 4.20275E-5 1.667E-6 7.84585E-7 1.01808E-4 3.26013E-5 8.67482E-6 1.00901E-5 4.14944E-5 1.53229E-5 2.17846E-8 1.62423E-5 1.24005E-3 1.01202E-4 8.05257E-4
-9999 -9999 -9999 -9999 -9999 -9999 -9999 2.53478E-9 1.07989E-6 -9999 -9999 -9999 -9999 -9999 -9999 -9999 -9999 -9999 -9999 -9999 -9999 -9999 -9999 -9999 -9999 -9999 -9999 -9999 1.17404E-3 1.10492E-3 1.67626E-4 1.13387E-3 7.97541E-4 1.33119E-3 4.48617E-4 7.98378E-4 1.02265E-4 5.5287E-5 6.08458E-4 3.31375E-3 1.27497E-3 2.60978E-4 1.94461E-3 4.70319E-4 1.35052E-4 4.85009E-5 7.54267E-3 2.97674E-4 2.95527E-5 1.09038E-3 1.26288E-3 2.92966E-4 1.6019E-4 2.34944E-4 2.13195E-5 3.84988E-7 6.05364E-7 1.43889E-5 2.93818E-5 9.87358E-6 2.90333E-5 7.88833E-4 1.09247E-4 9.60144E-7 9.52074E-5 7.00465E-5 2.84218E-4 1.50615E-5 2.14835E-5 6.03259E-5 1.18227E-10
-9999 -9999 -9999 -9999 -9999 -9999 -9999 -9999 -9999 -9999 -9999 -9999 -9999 -9999 -9999 -9999 -9999 -9999 -9999 -9999 -9999 -9999 -9999 -9999 -9999 -9999 -9999 -9999 -9999 5.93624E-4 3.09371E-5 1.10908E-3 5.29072E-5 1.97124E-4 6.1768E-5 1.92362E-3 2.30934E-4 3.29204E-4 1.48074E-5 1.55792E-4 1.29756E-5 1.81012E-6 3.60482E-5 1.24741E-3 1.04997E-2 2.608E-3 1.37338E-4 4.3068E-3 7.99696E-5 1.51282E-5 5.08416E-3 1.35078E-4 3.58877E-5 5.79741E-5 1.09527E-3 1.40075E-4 1.12895E-5 3.12076E-5 7.02132E-4 6.24412E-6 1.60465E-5 2.40348E-4 1.64656E-6 2.39142E-6 1.91654E-5 5.36314E-5 1.95686E-4 2.80676E-3 8.19964E-6 6.04882E-5 6.34476E-9
-9999 -9999 -9999 -9999 -9999 -9999 -9999 -9999 -9999 -9999 -9999 -9999 -9999 -9999 -9999 -9999 -9999 -9999 -9999 -9999 -9999 -9999 -9999 -9999 -9999 -9999 -9999 1.58591E-1 1.98643E-2 7.99683E-5 5.33315E-4 4.26865E-3 4.79824E-4 8.55695E-4 1.82424E-4 1.35269E-5 2.087E-3 1.68516E-4 4.38637E-4 2.53262E-5 3.54958E-4 5.58012E-4 8.24219E-4 3.79672E-5 2.50728E-3 3.269E-3 1.40966E-2 4.11919E-3 2.59276E-4 6.0227E-4 8.5141E-4 4.09884E-4 4.16676E-4 2.93475E-4 1.07558E-4 4.60547E-6 5.13461E-6 4.49544E-5 2.80771E-5 8.16612E-7 9.50065E-5 1.92844E-4 1.66411E-3 5.09346E-5 3.71726E-4 1.25159E-4 3.46077E-5 2.58615E-4 1.02856E-3 1.85941E-4 1.06086E-7
-9999 -9999 -9999 -9999 -9999 -9999 -9999 -9999 -9999 -9999 -9999 -9999 -9999 -9999 -9999 -9999 -9999 -9999 -9999 -9999 -9999 -9999 -9999 -9999 -9999 -9999 -9999 6.31777E-4 2.19743E-5 1.73311E-2 3.33871E-4 6.26705E-5 6.30479E-4 2.8405E-5 9.39954E-5 2.9694E-4 4.56321E-5 1.54903E-4 8.34808E-4 3.44116E-3 1.40145E-4 3.75437E-4 1.20324E-4 2.05177E-4 1.0145E-3 2.20128E-3 2.79048E-3 4.68641E-3 3.97609E-4 7.24505E-3 6.7764E-4 1.73783E-5 2.91501E-4 7.84992E-4 3.1577E-4 3.31683E-6 3.81144E-6 1.15958E-4 3.67815E-5 1.45648E-5 4.1736E-5 2.17208E-5 3.32074E-4 6.00712E-2 1.61396E-4 7.20653E-7 1.48093E-5 8.73099E-4 8.8475E-6 1.28991E-5 1.02364E-8
-9999 -9999 -9999 -9999 -9999 -9999 -9999 -9999 -9999 -9999 -9999 -9999 -9999 -9999 -9999 -9999 -9999 -9999 -9999 -9999 -9999 -9999 -9999 -9999 -9999 -9999 -9999 2.46865E-3 1.73823E-4 5.28523E-3 1.29479E-3 1.38442E-3 2.66993E-5 7.97502E-5 7.23896E-4 1.78034E-4 1.79309E-5 5.35353E-4 3.37681E-4 5.99621E-4 2.55057E-4 2.70507E-4 3.26395E-4 1.18249E-3 1.23066E-3 5.2271E-4 2.70637E-3 1.57133E-3 2.05264E-4 6.55829E-6 6.82585E-8 6.11748E-5 4.10006E-5 4.47901E-5 3.80889E-5 1.12877E-3 1.9346E-7 1.04364E-5 2.75401E-5 1.871E-5 1.13896E-7 2.78032E-5 1.97786E-4 6.48268E-2 2.11488E-4 5.30507E-5 3.9083E-5 3.1901E-6 1.29717E-5 1.66925E-3 4.82497E-9
