ENM/Final_Models/M_2_F_lq_Set_1_NE/Gustavia_santanderiensis_1_Choco.asc
ncols         367
nrows         963
xllcorner     -78.6
yllcorner     0.65
cellsize      0.00833333333333323
NODATA_value  -9999
[rows 442 to 475 of 963, columns 234 to 311 of 367]
0E0 0E0 0E0 0E0 0E0 0E0 0E0 0E0 0E0 0E0 0E0 0E0 0E0 0E0 0E0 0E0 0E0 0E0 0E0 0E0 0E0 0E0 0E0 0E0 6.38488E-1 9.9963E-1 8.46775E-1 1E0 1E0 1E0 9.99859E-1 3.7392E-1 7.514E-1 6.10978E-1 8.33088E-1 9.73017E-1 9.98498E-1 9.99896E-1 9.99891E-1 9.576E-1 2.03916E-1 5.49366E-2 9.16495E-2 5.42058E-1 2.98398E-1 8.40928E-3 1.15987E-1 2.33845E-2 1.07233E-1 8.2322E-2 5.01648E-2 2.60463E-2 1.91276E-2 8.50871E-4 9.14876E-4 1.13321E-2 4.02168E-3 7.65525E-7 1.0506E-7 1.45422E-7 -9999 -9999 -9999 -9999 -9999 -9999 -9999 -9999 -9999 -9999 -9999 -9999 -9999 -9999 -9999 -9999 -9999 -9999
0E0 0E0 0E0 0E0 0E0 0E0 0E0 0E0 0E0 0E0 0E0 0E0 0E0 0E0 0E0 0E0 0E0 0E0 0E0 0E0 0E0 0E0 0E0 0E0 4.40103E-1 2.46255E-1 7.11113E-1 9.99912E-1 1E0 9.9999E-1 9.64579E-1 8.50264E-1 9.97605E-1 9.99833E-1 9.89381E-1 7.41749E-1 8.52257E-1 9.45581E-1 9.32971E-1 1.6861E-1 3.57266E-2 0E0 0E0 3.56643E-2 1.90287E-2 8.0026E-2 6.58532E-2 1.09377E-1 3.7765E-2 7.81675E-2 2.52266E-2 1.84708E-2 3.3992E-3 6.10401E-4 2.0219E-3 2.0812E-3 4.20438E-3 2.77918E-3 -9999 -9999 -9999 -9999 -9999 -9999 -9999 -9999 -9999 -9999 -9999 -9999 -9999 -9999 -9999 -9999 -9999 -9999 -9999 -9999
0E0 0E0 0E0 0E0 0E0 0E0 0E0 0E0 0E0 0E0 0E0 0E0 0E0 0E0 0E0 0E0 0E0 0E0 0E0 0E0 0E0 0E0 0E0 0E0 0E0 0E0 8.35227E-1 4.19639E-2 9.94276E-1 9.99984E-1 9.97923E-1 9.59625E-1 5.69092E-1 5.11179E-1 2.32848E-2 6.04997E-1 4.64471E-1 4.38518E-1 2.32422E-1 1.73379E-1 1.09356E-1 9.61674E-2 1.04326E-1 0E0 2.00409E-1 1.38286E-1 6.85982E-2 4.18536E-2 4.10643E-2 4.74958E-2 4.27055E-2 1.25294E-2 1.28338E-3 1.13076E-3 1.69578E-3 3.08446E-4 1.10845E-3 2.17108E-3 -9999 -9999 -9999 -9999 -9999 -9999 -9999 -9999 -9999 -9999 -9999 -9999 -9999 -9999 -9999 -9999 -9999 -9999 -9999 -9999
0E0 0E0 0E0 0E0 0E0 0E0 0E0 0E0 0E0 0E0 0E0 0E0 0E0 0E0 0E0 0E0 0E0 0E0 0E0 0E0 0E0 0E0 0E0 0E0 0E0 0E0 0E0 0E0 0E0 2.77143E-1 9.97723E-1 9.97398E-1 4.91675E-1 6.15853E-1 0E0 0E0 0E0 0E0 0E0 8.97052E-1 3.17974E-1 0E0 1.23466E-1 1.28263E-1 1.52048E-1 1.11606E-1 1.70337E-1 4.56346E-2 2.06183E-2 7.04228E-2 4.64026E-2 4.55476E-3 2.16686E-3 2.97129E-3 8.10083E-3 1.42487E-3 8.79832E-3 -9999 -9999 -9999 -9999 -9999 -9999 -9999 -9999 -9999 -9999 -9999 -9999 -9999 -9999 -9999 -9999 -9999 -9999 -9999 -9999 -9999
0E0 0E0 0E0 0E0 0E0 0E0 0E0 0E0 0E0 0E0 0E0 0E0 0E0 0E0 0E0 0E0 0E0 0E0 0E0 0E0 0E0 0E0 0E0 0E0 1.48239E-1 0E0 0E0 1.93066E-1 0E0 0E0 9.23731E-1 6.70927E-1 3.10597E-1 2.67712E-1 1.91929E-1 2.74766E-1 0E0 0E0 0E0 0E0 0E0 9.73785E-2 7.72339E-2 0E0 0E0 1.97592E-1 5.99426E-2 1.63574E-2 7.6586E-2 4.05428E-2 5.99957E-2 1.33266E-2 3.40823E-3 5.29483E-3 9.66194E-3 7.56063E-3 1.35033E-2 -9999 -9999 -9999 -9999 -9999 -9999 -9999 -9999 -9999 -9999 -9999 -9999 -9999 -9999 -9999 -9999 -9999 -9999 -9999 -9999 -9999
0E0 0E0 0E0 0E0 0E0 0E0 0E0 0E0 0E0 0E0 0E0 0E0 0E0 0E0 0E0 0E0 0E0 0E0 0E0 0E0 6.0742E-2 1.85255E-2 7.62289E-2 0E0 6.80659E-2 8.20669E-2 0E0 0E0 0E0 0E0 7.05328E-1 1.41943E-1 1.35606E-1 7.77951E-2 3.52412E-2 1.81886E-1 1.41944E-1 0E0 0E0 0E0 2.56578E-2 8.11487E-3 0E0 0E0 0E0 0E0 4.26663E-2 7.52643E-2 2.40053E-2 5.95254E-2 2.7581E-2 1.701E-2 1.47068E-2 9.2987E-3 7.69136E-3 2.19172E-2 5.92966E-2 -9999 -9999 -9999 -9999 -9999 -9999 -9999 -9999 -9999 -9999 -9999 -9999 -9999 -9999 -9999 -9999 -9999 -9999 -9999 -9999 -9999
0E0 0E0 0E0 0E0 0E0 0E0 0E0 0E0 0E0 0E0 0E0 0E0 0E0 0E0 0E0 0E0 0E0 0E0 0E0 0E0 2.67621E-2 1.60409E-2 9.80517E-2 0E0 1.32763E-1 0E0 0E0 0E0 0E0 6.1554E-1 7.26396E-1 9.06063E-1 4.79747E-1 2.53865E-2 1.17013E-2 4.10558E-1 3.19085E-2 1.6373E-2 5.09645E-2 3.07445E-2 4.69443E-2 5.90478E-3 3.2803E-2 9.75945E-2 2.11232E-1 4.53102E-2 1.01505E-2 1.07564E-2 4.98814E-2 2.33265E-2 3.73205E-3 2.21805E-3 2.81935E-2 8.08356E-4 5.30135E-4 5.64437E-2 1.60757E-2 -9999 -9999 -9999 -9999 -9999 -9999 -9999 -9999 -9999 -9999 -9999 -9999 -9999 -9999 -9999 -9999 -9999 -9999 -9999 -9999 -9999
0E0 0E0 0E0 0E0 0E0 0E0 0E0 0E0 0E0 0E0 0E0 0E0 0E0 0E0 0E0 0E0 0E0 0E0 0E0 0E0 1.25883E-1 9.70897E-2 0E0 0E0 0E0 0E0 0E0 0E0 0E0 2.68335E-1 3.96503E-1 8.00115E-1 5.20551E-1 7.57885E-1 1.42153E-1 2.63703E-1 1.67797E-1 2.51638E-2 1.29565E-2 2.69418E-2 6.24067E-3 1.89499E-1 3.55042E-2 8.51665E-3 1.6894E-2 5.30904E-3 5.89115E-3 4.35258E-3 4.98259E-3 1.54294E-3 6.72805E-2 2.15135E-1 1.2838E-1 1.47838E-1 1.33692E-1 1.64229E-3 2.43207E-2 -9999 -9999 -9999 -9999 -9999 -9999 -9999 -9999 -9999 -9999 -9999 -9999 -9999 -9999 -9999 -9999 -9999 -9999 -9999 -9999 -9999
0E0 0E0 0E0 0E0 0E0 0E0 0E0 0E0 0E0 0E0 0E0 0E0 0E0 0E0 0E0 0E0 0E0 0E0 0E0 0E0 0E0 0E0 0E0 0E0 0E0 0E0 0E0 3.5661E-1 1.61018E-2 1.34653E-1 5.23803E-2 3.65861E-2 8.06684E-2 2.50029E-2 5.51199E-2 2.58696E-1 7.85012E-1 6.69475E-1 6.1313E-1 4.10915E-1 2.1956E-1 6.41972E-1 7.57207E-1 3.33448E-1 1.08292E-2 5.70526E-2 6.78813E-3 4.41589E-3 7.2519E-3 1.04108E-1 1.45874E-1 3.30869E-1 1.65862E-1 2.92171E-1 4.878E-2 4.51333E-2 -9999 -9999 -9999 -9999 -9999 -9999 -9999 -9999 -9999 -9999 -9999 -9999 -9999 -9999 -9999 -9999 -9999 -9999 -9999 -9999 -9999 -9999
0E0 0E0 0E0 0E0 0E0 0E0 0E0 0E0 0E0 0E0 0E0 0E0 0E0 0E0 0E0 0E0 0E0 0E0 0E0 0E0 0E0 0E0 0E0 0E0 0E0 3.80298E-1 0E0 5.84272E-2 4.32614E-3 4.29635E-2 6.92846E-2 4.51489E-1 2.07659E-1 2.18556E-1 1.80651E-1 1.73331E-1 4.24513E-1 3.0078E-1 4.13829E-1 3.35141E-1 1.6786E-1 3.56077E-1 5.06572E-1 6.95011E-1 5.92141E-1 5.50827E-1 1.60042E-1 1.51185E-1 8.97136E-2 1.08763E-1 1.60165E-1 2.91289E-1 2.46946E-1 7.21368E-2 1.55591E-1 7.21916E-2 -9999 -9999 -9999 -9999 -9999 -9999 -9999 -9999 -9999 -9999 -9999 -9999 -9999 -9999 -9999 -9999 -9999 -9999 -9999 -9999 -9999 -9999
0E0 0E0 0E0 0E0 0E0 0E0 0E0 0E0 0E0 0E0 0E0 0E0 0E0 0E0 0E0 1.61621E-2 1.36581E-2 0E0 0E0 0E0 0E0 0E0 0E0 0E0 3.56109E-2 8.5729E-2 8.0271E-2 4.12277E-2 7.91216E-3 8.6294E-2 0E0 0E0 2.06701E-1 8.62167E-2 1.37072E-1 1.50192E-1 0E0 0E0 2.98528E-1 0E0 2.09979E-1 2.68372E-1 4.91188E-1 6.22923E-1 2.16948E-1 9.86758E-2 8.47895E-2 2.66153E-1 3.11226E-1 1.75714E-1 6.05805E-2 1.27699E-1 1.06399E-1 8.74017E-2 1.53419E-2 3.09483E-2 -9999 -9999 -9999 -9999 -9999 -9999 -9999 -9999 -9999 -9999 -9999 -9999 -9999 -9999 -9999 -9999 -9999 -9999 -9999 -9999 -9999 -9999
0E0 0E0 0E0 0E0 0E0 0E0 0E0 0E0 0E0 0E0 0E0 0E0 0E0 0E0 3.99132E-2 1.33505E-2 2.03093E-2 4.20534E-2 6.32127E-2 3.81793E-2 0E0 0E0 0E0 6.08833E-1 4.92712E-1 1.44309E-1 1.14577E-1 1.55638E-1 5.62287E-2 1.48318E-2 4.34901E-2 5.88831E-2 6.60031E-2 5.27183E-2 4.96508E-2 8.88362E-2 1.27352E-1 1.38846E-1 1.74382E-1 0E0 0E0 1.25217E-1 2.18416E-1 3.14022E-1 2.8573E-1 1.21718E-1 7.12911E-2 1.40789E-1 7.39168E-2 5.21574E-2 6.50887E-2 7.30509E-2 2.13039E-2 4.35883E-2 3.90125E-2 2.06596E-2 -9999 -9999 -9999 -9999 -9999 -9999 -9999 -9999 -9999 -9999 -9999 -9999 -9999 -9999 -9999 -9999 -9999 -9999 -9999 -9999 -9999 -9999
0E0 0E0 0E0 0E0 0E0 0E0 0E0 0E0 0E0 0E0 0E0 0E0 0E0 1.14558E-2 1.10208E-2 4.28832E-3 6.96824E-3 2.52623E-2 0E0 5.35395E-2 0E0 0E0 0E0 4.35926E-2 9.65336E-1 5.77879E-1 2.88823E-1 1.44497E-1 3.03096E-2 2.73101E-3 2.66008E-3 3.14244E-3 5.32972E-3 2.07555E-2 1.01518E-1 1.78765E-1 0E0 0E0 2.75385E-1 0E0 0E0 3.17584E-1 1.01789E-1 3.00157E-1 1.62789E-1 4.95482E-1 6.92169E-2 1.03008E-1 1.7971E-2 3.33403E-2 3.89807E-2 7.09804E-2 5.83454E-2 2.3424E-1 2.03608E-1 1.62457E-2 -9999 -9999 -9999 -9999 -9999 -9999 -9999 -9999 -9999 -9999 -9999 -9999 -9999 -9999 -9999 -9999 -9999 -9999 -9999 -9999 -9999 -9999
0E0 0E0 0E0 0E0 0E0 0E0 0E0 0E0 0E0 0E0 0E0 0E0 0E0 3.44103E-2 4.84872E-3 7.96933E-3 6.71811E-3 2.99075E-2 5.27213E-2 8.56735E-2 0E0 0E0 0E0 5.59386E-2 9.53986E-1 2.1016E-1 1.25588E-1 4.81094E-1 4.32374E-1 2.68329E-1 2.22586E-1 9.51059E-2 4.48076E-2 8.70001E-4 2.27577E-3 2.66467E-2 6.11968E-2 2.52544E-2 7.4514E-2 0E0 4.58158E-1 2.1913E-1 0E0 2.65848E-1 7.7117E-2 3.17368E-2 4.27998E-2 5.5155E-2 1.47213E-1 3.03865E-2 2.98672E-2 8.56179E-2 1.00284E-1 1.04311E-1 4.13139E-2 1.19085E-2 -9999 -9999 -9999 -9999 -9999 -9999 -9999 -9999 -9999 -9999 -9999 -9999 -9999 -9999 -9999 -9999 -9999 -9999 -9999 -9999 -9999 -9999
0E0 0E0 0E0 0E0 0E0 0E0 0E0 0E0 0E0 0E0 0E0 0E0 7.76783E-2 3.14986E-2 5.84883E-2 5.90942E-3 1.52108E-2 9.55949E-3 1.78356E-2 9.86077E-2 0E0 0E0 0E0 2.78547E-1 6.24056E-1 5.03066E-1 7.31749E-1 9.01866E-1 5.28306E-1 4.51511E-1 6.19177E-1 6.38326E-1 1.13313E-1 2.48045E-1 6.36526E-2 3.7163E-2 2.46553E-3 2.25483E-2 1.57687E-2 7.05842E-2 0E0 3.07783E-1 2.89467E-1 5.40774E-1 1.18292E-1 0E0 2.01244E-1 8.44053E-2 3.0038E-1 4.55494E-2 1.49796E-2 4.14873E-2 1.08064E-1 1.3546E-1 1.31149E-1 8.40448E-3 -9999 -9999 -9999 -9999 -9999 -9999 -9999 -9999 -9999 -9999 -9999 -9999 -9999 -9999 -9999 -9999 -9999 -9999 -9999 -9999 -9999 -9999
0E0 0E0 0E0 0E0 0E0 0E0 0E0 0E0 0E0 0E0 0E0 0E0 1.37349E-2 1.33345E-2 1.66763E-2 1.60613E-2 4.42685E-2 1.54777E-2 3.29497E-2 4.60858E-2 0E0 0E0 0E0 1.51719E-1 6.20643E-1 7.80019E-1 8.22256E-1 6.54432E-1 5.19472E-1 5.61991E-1 8.55242E-1 6.87574E-1 3.00912E-1 3.06879E-1 5.05589E-1 5.1797E-2 3.08577E-2 1.83996E-2 1.56671E-2 0E0 1.40504E-1 2.21454E-1 0E0 4.45284E-1 1.84921E-1 9.52552E-2 3.35538E-2 4.9943E-2 1.56072E-1 2.77733E-1 7.50191E-2 2.67199E-2 5.82404E-2 7.21921E-2 7.96452E-2 1.37905E-2 -9999 -9999 -9999 -9999 -9999 -9999 -9999 -9999 -9999 -9999 -9999 -9999 -9999 -9999 -9999 -9999 -9999 -9999 -9999 -9999 -9999 -9999
0E0 0E0 0E0 0E0 0E0 0E0 0E0 0E0 0E0 0E0 0E0 2.0101E-2 4.08213E-3 7.42478E-3 5.78482E-3 2.81907E-2 9.06478E-2 4.74359E-2 5.32799E-2 0E0 0E0 0E0 0E0 1.92752E-2 5.06278E-1 3.53355E-1 8.64783E-1 9.28781E-1 5.00173E-1 2.05523E-1 8.39479E-2 2.37177E-1 7.54833E-1 6.89604E-1 3.99787E-1 1.79711E-1 5.19617E-2 4.53256E-3 8.97959E-3 0E0 1.02653E-1 0E0 0E0 3.9963E-1 1.5919E-1 3.95992E-2 4.32216E-3 3.82051E-2 1.99638E-1 0E0 3.87596E-2 8.27117E-3 6.1279E-3 1.29213E-2 6.15034E-2 1.42811E-2 -9999 -9999 -9999 -9999 -9999 -9999 -9999 -9999 -9999 -9999 -9999 -9999 -9999 -9999 -9999 -9999 -9999 -9999 -9999 -9999 -9999 -9999
0E0 0E0 0E0 0E0 0E0 0E0 0E0 0E0 0E0 0E0 4.76539E-3 2.43723E-3 7.26454E-3 1.77556E-2 2.43003E-2 5.47935E-3 2.26567E-2 4.41349E-2 1.08283E-1 6.9794E-3 8.52545E-2 0E0 0E0 1.83396E-1 1.21767E-1 3.85582E-1 1.93202E-1 2.77714E-1 3.69706E-1 1.70308E-1 3.27984E-1 1.48989E-1 2.83304E-1 5.08129E-1 7.42919E-1 2.7841E-1 3.28017E-2 4.22845E-2 5.86497E-2 0E0 1.48802E-1 1.34237E-1 2.63861E-1 1.77704E-1 4.17051E-2 9.40237E-3 3.73671E-4 1.99383E-2 1.44328E-1 0E0 5.7393E-2 4.36775E-3 4.44277E-3 1.34121E-2 1.38218E-2 6.89363E-3 1.63807E-3 -9999 -9999 -9999 -9999 -9999 -9999 -9999 -9999 -9999 -9999 -9999 -9999 -9999 -9999 -9999 -9999 -9999 -9999 -9999 -9999 -9999
0E0 0E0 0E0 0E0 0E0 0E0 0E0 0E0 0E0 0E0 6.95059E-3 5.1637E-3 3.43E-3 1.58351E-2 2.48642E-2 1.57127E-2 3.20619E-2 3.23594E-2 8.22701E-2 1.15364E-1 0E0 0E0 7.33797E-2 5.2554E-2 4.24059E-2 1.68036E-2 1.30827E-2 1.98031E-3 2.51801E-3 7.59172E-1 3.53363E-1 1.96855E-2 9.12591E-3 2.48442E-2 1.10676E-1 1.28142E-2 1.62011E-1 0E0 2.20204E-1 1.10389E-1 7.27124E-2 3.30817E-2 8.02257E-2 5.21726E-2 7.81363E-2 5.26602E-2 2.03815E-3 1.41613E-2 2.42193E-2 2.25666E-2 3.33331E-2 4.54132E-3 2.89974E-3 1.08784E-2 1.95881E-3 1.13359E-3 5.65456E-3 -9999 -9999 -9999 -9999 -9999 -9999 -9999 -9999 -9999 -9999 -9999 -9999 -9999 -9999 -9999 -9999 -9999 -9999 -9999 -9999 -9999
0E0 0E0 0E0 0E0 0E0 0E0 0E0 0E0 0E0 4.47298E-2 5.6121E-3 8.74232E-3 4.0566E-2 2.9589E-2 4.79759E-2 2.93981E-2 1.90454E-2 1.99211E-2 1.88334E-2 4.92457E-2 1.28096E-1 0E0 3.87044E-1 3.06817E-1 3.90589E-1 3.93404E-1 8.98243E-3 6.57805E-3 1.85351E-2 1.91124E-1 2.4268E-1 1.39862E-1 2.77047E-2 5.64449E-2 1.21245E-1 0E0 1.12802E-1 1.06241E-1 7.82139E-2 4.77242E-2 1.12281E-2 5.76518E-3 1.36046E-2 2.24626E-2 4.64796E-2 1.61463E-2 3.84767E-3 4.53335E-3 8.83968E-3 3.58311E-3 5.44303E-3 3.91741E-3 3.89526E-3 3.91755E-3 1.24212E-3 1.0474E-3 1.64221E-3 -9999 -9999 -9999 -9999 -9999 -9999 -9999 -9999 -9999 -9999 -9999 -9999 -9999 -9999 -9999 -9999 -9999 -9999 -9999 -9999 -9999
0E0 0E0 0E0 0E0 0E0 0E0 0E0 0E0 0E0 0E0 1.81123E-2 2.51185E-2 4.50167E-2 3.76702E-2 7.69928E-2 3.28034E-2 1.08542E-2 2.68726E-3 3.53811E-2 1.04049E-1 0E0 0E0 3.54429E-1 2.79592E-1 2.03854E-1 6.71618E-1 6.56508E-2 4.73907E-2 4.54636E-3 1.02951E-2 3.88802E-2 2.89295E-2 2.97733E-2 1.56004E-2 1.01635E-1 1.49609E-1 7.28642E-2 7.3325E-2 2.98106E-2 1.52593E-2 1.20596E-2 1.86244E-2 1.02442E-2 8.5776E-3 6.62649E-3 3.68183E-3 8.31948E-4 2.75843E-3 1.73688E-2 1.20049E-3 2.47082E-3 1.37985E-3 1.90536E-3 5.59305E-3 3.4066E-3 6.03386E-3 4.77576E-3 -9999 -9999 -9999 -9999 -9999 -9999 -9999 -9999 -9999 -9999 -9999 -9999 -9999 -9999 -9999 -9999 -9999 -9999 -9999 -9999 -9999
0E0 0E0 0E0 0E0 0E0 0E0 0E0 0E0 0E0 4.87441E-2 1.20531E-2 2.81019E-2 4.17319E-2 2.46854E-2 4.96232E-2 4.84357E-2 1.59537E-2 8.3702E-3 4.96489E-2 1.5798E-1 1.60268E-1 0E0 0E0 8.37805E-3 1.75851E-1 2.49381E-1 5.92952E-1 6.29154E-1 2.8043E-2 5.93753E-2 1.17903E-1 7.32529E-3 1.96807E-2 1.66881E-2 1.58865E-2 0E0 1.02566E-1 1.8392E-1 4.65426E-2 3.5247E-2 1.14004E-1 4.62012E-2 4.4911E-2 8.82444E-3 1.01419E-2 3.979E-3 1.24866E-3 1.34304E-3 3.45267E-3 1.11464E-3 3.08092E-4 7.31734E-4 3.54681E-4 2.6628E-3 3.23524E-3 1.96074E-3 1.23643E-3 -9999 -9999 -9999 -9999 -9999 -9999 -9999 -9999 -9999 -9999 -9999 -9999 -9999 -9999 -9999 -9999 -9999 -9999 -9999 -9999 -9999
0E0 0E0 0E0 0E0 0E0 0E0 0E0 0E0 0E0 9.27765E-3 5.87067E-3 2.8451E-2 4.82687E-2 3.40397E-2 3.88017E-2 2.96636E-2 8.0273E-3 2.02659E-2 4.24453E-2 6.8397E-2 1.97567E-1 0E0 0E0 0E0 9.90715E-3 1.28831E-1 6.89277E-1 4.54573E-1 1.6854E-1 7.87052E-2 3.49257E-2 6.30047E-2 3.49332E-2 1.53804E-2 2.73412E-2 6.77416E-2 1.05814E-1 7.94187E-2 8.5089E-2 1.23475E-1 8.86091E-2 3.85736E-2 1.92871E-2 5.30834E-3 2.88259E-3 1.30121E-3 7.03622E-4 2.16561E-4 5.41108E-4 4.52866E-5 1.2816E-4 1.32872E-4 2.66997E-4 5.76709E-4 7.31369E-3 3.50613E-4 8.62729E-3 -9999 -9999 -9999 -9999 -9999 -9999 -9999 -9999 -9999 -9999 -9999 -9999 -9999 -9999 -9999 -9999 -9999 -9999 -9999 -9999 -9999
0E0 0E0 0E0 0E0 0E0 0E0 0E0 0E0 0E0 8.46323E-3 1.11831E-2 8.91343E-3 4.52475E-2 3.34101E-2 1.8851E-2 8.47135E-3 5.8186E-4 9.86117E-4 7.56034E-4 9.73138E-3 7.53535E-2 1.16539E-1 7.67282E-2 0E0 0E0 2.21709E-1 3.10618E-2 9.10015E-2 6.99036E-2 5.26404E-2 4.41072E-2 5.05492E-2 3.81146E-2 4.57214E-2 4.92737E-3 2.37599E-2 7.39409E-2 1.00159E-1 6.68325E-2 4.18433E-2 5.02563E-2 9.36363E-2 1.46154E-1 2.73166E-3 1.4986E-3 4.0349E-4 5.45894E-6 2.42565E-5 8.53213E-5 6.4882E-5 2.36173E-4 1.48547E-3 1.18469E-3 3.82097E-3 3.02646E-3 3.20974E-3 7.89192E-3 -9999 -9999 -9999 -9999 -9999 -9999 -9999 -9999 -9999 -9999 -9999 -9999 -9999 -9999 -9999 -9999 -9999 -9999 -9999 -9999 -9999
0E0 0E0 0E0 0E0 0E0 0E0 0E0 0E0 0E0 2.01981E-2 1.66565E-2 8.08421E-3 3.94091E-2 4.5949E-2 2.96784E-2 4.90751E-3 4.84624E-3 7.21534E-5 1.52577E-4 7.96934E-4 4.11315E-3 2.19952E-2 4.88199E-2 1.01185E-1 2.27423E-1 2.25176E-1 2.73177E-2 9.46853E-3 1.95492E-2 4.00004E-2 6.53361E-2 8.31345E-2 1.86624E-1 5.50657E-2 1.72812E-1 3.92183E-2 6.82547E-2 6.8051E-2 5.04411E-2 9.45472E-2 9.75689E-2 3.67411E-2 2.18708E-2 1.73904E-2 8.06852E-4 3.73058E-4 2.546E-4 5.24171E-5 1.7702E-4 1.15085E-4 6.22999E-4 4.46294E-4 3.96187E-3 7.87202E-3 2.84655E-3 2.47499E-3 -9999 -9999 -9999 -9999 -9999 -9999 -9999 -9999 -9999 -9999 -9999 -9999 -9999 -9999 -9999 -9999 -9999 -9999 -9999 -9999 -9999 -9999
0E0 0E0 0E0 0E0 0E0 0E0 0E0 0E0 0E0 3.78399E-2 2.3466E-2 1.69541E-2 2.49711E-2 1.18894E-1 4.62277E-2 7.4653E-2 1.77176E-3 1.84814E-4 2.31514E-5 3.69119E-4 8.57176E-3 2.2295E-2 4.4696E-2 4.79127E-2 1.30535E-1 1.10962E-1 1.85022E-2 1.84743E-2 1.26286E-2 4.25668E-2 3.48483E-2 2.96845E-1 1.32194E-1 0E0 1.10504E-1 2.30852E-1 1.36818E-1 2.27737E-1 9.50009E-2 5.64366E-2 5.09382E-2 6.29167E-2 1.13714E-2 6.47017E-3 8.84278E-4 3.79907E-5 2.04861E-4 1.07042E-3 2.96278E-4 4.05413E-4 1.22199E-3 8.61101E-4 1.44204E-3 8.17093E-4 1.10979E-2 2.02325E-3 -9999 -9999 -9999 -9999 -9999 -9999 -9999 -9999 -9999 -9999 -9999 -9999 -9999 -9999 -9999 -9999 -9999 -9999 -9999 -9999 -9999 -9999
0E0 0E0 0E0 0E0 0E0 0E0 0E0 0E0 0E0 0E0 2.0419E-2 1.19427E-2 3.16548E-2 1.18452E-1 0E0 5.85286E-2 4.58333E-3 5.43878E-4 8.17306E-5 3.73842E-4 1.56178E-2 9.62411E-3 1.36045E-2 5.572E-2 1.09997E-1 1.78316E-1 3.77839E-2 3.67681E-2 3.36888E-2 4.17805E-2 9.9996E-2 0E0 2.17023E-1 1.46408E-1 5.37116E-2 4.5468E-2 3.91275E-2 7.76615E-2 4.84807E-2 4.23502E-2 4.972E-2 1.45241E-2 3.0944E-3 1.88727E-4 6.81596E-5 4.59137E-4 6.23273E-4 1.64847E-3 1.60335E-3 1.83431E-3 2.20837E-4 9.86341E-4 1.0463E-2 2.85747E-2 5.22741E-2 3.96068E-3 -9999 -9999 -9999 -9999 -9999 -9999 -9999 -9999 -9999 -9999 -9999 -9999 -9999 -9999 -9999 -9999 -9999 -9999 -9999 -9999 -9999 -9999
0E0 0E0 0E0 0E0 0E0 0E0 0E0 0E0 0E0 5.37488E-2 1.21647E-2 5.32602E-3 4.34965E-2 1.64465E-1 3.91077E-2 4.06612E-2 4.05752E-2 1.13974E-3 1.64782E-4 6.67271E-4 5.43692E-3 5.27645E-3 9.03379E-3 4.94617E-2 1.0055E-1 2.08735E-1 8.18817E-2 7.35867E-2 6.50595E-2 5.40068E-2 4.60151E-2 0E0 1.81433E-1 1.05274E-1 5.76552E-2 1.36874E-2 9.10991E-3 1.06459E-2 2.99419E-2 1.81925E-2 1.50648E-2 1.49973E-3 7.13349E-4 5.70511E-4 1.21873E-4 4.07405E-4 2.32263E-3 6.18543E-3 2.50924E-3 5.04379E-3 4.75444E-3 3.35911E-3 3.00785E-2 4.40619E-2 3.98098E-2 8.33921E-4 -9999 -9999 -9999 -9999 -9999 -9999 -9999 -9999 -9999 -9999 -9999 -9999 -9999 -9999 -9999 -9999 -9999 -9999 -9999 -9999 -9999 -9999
0E0 0E0 0E0 0E0 0E0 0E0 0E0 0E0 6.65828E-2 1.29004E-2 6.77534E-3 2.5085E-2 0E0 3.53944E-1 3.52852E-3 1.82344E-3 0E0 9.5115E-3 1.26528E-3 1.25165E-2 2.09913E-2 4.01847E-3 6.70943E-3 5.90957E-3 4.89699E-2 2.75194E-2 2.36387E-1 9.78637E-2 1.53313E-1 8.1112E-2 5.12043E-2 1.12885E-1 3.35099E-2 8.44192E-3 8.73067E-3 6.18948E-3 4.48008E-3 8.24279E-3 2.26443E-2 6.87088E-3 1.47771E-3 3.4982E-4 7.96721E-4 6.90254E-4 1.22426E-3 3.66627E-3 4.08665E-4 1.10127E-3 3.24779E-3 2.98975E-3 6.85901E-3 1.58365E-2 4.55204E-2 8.5946E-2 2.67669E-2 3.34933E-3 -9999 -9999 -9999 -9999 -9999 -9999 -9999 -9999 -9999 -9999 -9999 -9999 -9999 -9999 -9999 -9999 -9999 -9999 -9999 -9999 -9999 -9999
0E0 0E0 0E0 0E0 0E0 0E0 0E0 0E0 0E0 2.87777E-2 3.20936E-2 5.06685E-2 0E0 0E0 3.10707E-1 2.96413E-1 1.44506E-1 2.29353E-2 3.56813E-2 1.42681E-1 0E0 2.42459E-2 2.96456E-4 9.06982E-3 2.69631E-2 1.98563E-1 1.81508E-1 0E0 0E0 0E0 0E0 4.49659E-2 1.06404E-2 2.23896E-2 2.22487E-2 1.75542E-2 2.36135E-2 2.50974E-2 2.86374E-2 3.69797E-3 1.59485E-4 6.45716E-5 6.96888E-5 2.51111E-4 9.32895E-4 3.75927E-3 1.26652E-5 2.31642E-3 6.23498E-3 6.69999E-3 7.60127E-3 1.24497E-2 9.92634E-3 6.29804E-3 1.65714E-2 1.81236E-2 -9999 -9999 -9999 -9999 -9999 -9999 -9999 -9999 -9999 -9999 -9999 -9999 -9999 -9999 -9999 -9999 -9999 -9999 -9999 -9999 -9999 -9999
0E0 0E0 0E0 0E0 0E0 0E0 0E0 0E0 0E0 0E0 2.77706E-2 2.50997E-2 4.95747E-2 0E0 0E0 6.94146E-2 1.81764E-2 1.28988E-2 3.48468E-2 1.57749E-1 9.1191E-2 4.73131E-2 5.52986E-3 1.08662E-2 8.46014E-2 0E0 0E0 0E0 0E0 0E0 0E0 9.77314E-2 5.85247E-2 1.47511E-1 1.53125E-1 6.07008E-2 4.49864E-2 2.81221E-2 1.43481E-3 6.32877E-3 1.29051E-3 1.25472E-3 6.18627E-4 4.06368E-4 3.42276E-4 7.78814E-4 1.7195E-3 6.7583E-3 1.68936E-3 1.28724E-2 3.8954E-2 1.6039E-2 2.21678E-2 2.50846E-2 1.47387E-2 3.97288E-2 -9999 -9999 -9999 -9999 -9999 -9999 -9999 -9999 -9999 -9999 -9999 -9999 -9999 -9999 -9999 -9999 -9999 -9999 -9999 -9999 -9999 -9999
0E0 0E0 0E0 0E0 0E0 0E0 0E0 0E0 0E0 0E0 3.42207E-2 9.65513E-2 0E0 0E0 2.09208E-1 9.73587E-2 2.62826E-2 4.85627E-2 1.75111E-1 4.19794E-1 0E0 7.63491E-2 4.23765E-2 7.13002E-2 0E0 0E0 0E0 0E0 0E0 0E0 3.14797E-1 1.60837E-1 6.72052E-2 1.9642E-1 1.20189E-1 2.03888E-1 1.18688E-1 4.78192E-2 8.09633E-2 4.90117E-2 4.43223E-2 5.34073E-3 5.10932E-4 3.70725E-4 1.58673E-3 3.17204E-3 4.822E-3 2.017E-3 1.53312E-3 3.86359E-5 1.76273E-2 3.65252E-2 1.82347E-2 2.9704E-2 3.38811E-2 4.55031E-2 -9999 -9999 -9999 -9999 -9999 -9999 -9999 -9999 -9999 -9999 -9999 -9999 -9999 -9999 -9999 -9999 -9999 -9999 -9999 -9999 -9999 -9999
0E0 0E0 0E0 0E0 0E0 0E0 0E0 0E0 0E0 0E0 0E0 0E0 0E0 0E0 0E0 0E0 0E0 0E0 0E0 0E0 0E0 1.61416E-1 0E0 0E0 0E0 0E0 0E0 5.5124E-2 2.32462E-2 9.0136E-2 1.38099E-1 1.06834E-1 2.80846E-2 7.81452E-2 5.19014E-2 3.54271E-2 1.79618E-2 1.60813E-1 7.41895E-2 6.66061E-2 2.44782E-2 4.4855E-3 2.52177E-3 8.1421E-4 1.69276E-3 9.46549E-4 1.51527E-3 2.31158E-3 2.64715E-3 1.11854E-2 2.25257E-2 1.45772E-2 1.01385E-2 1.90225E-3 1.00517E-2 1.99498E-2 -9999 -9999 -9999 -9999 -9999 -9999 -9999 -9999 -9999 -9999 -9999 -9999 -9999 -9999 -9999 -9999 -9999 -9999 -9999 -9999 -9999 -9999
0E0 0E0 0E0 0E0 0E0 0E0 0E0 0E0 0E0 0E0 0E0 0E0 0E0 0E0 0E0 0E0 0E0 0E0 0E0 0E0 0E0 0E0 0E0 0E0 0E0 0E0 2.13005E-2 1.43304E-1 2.42456E-1 1.91325E-1 1.72932E-1 2.11075E-1 1.89079E-1 6.83618E-2 8.45354E-2 9.96555E-2 6.37825E-2 0E0 1.80211E-1 8.07693E-2 3.51991E-2 4.06849E-3 5.93011E-3 7.96398E-4 2.04027E-4 1.74645E-4 1.05171E-4 1.6341E-4 9.7257E-4 1.84863E-3 2.70914E-3 6.20823E-3 6.68918E-3 6.73396E-3 1.32047E-2 1.55995E-2 -9999 -9999 -9999 -9999 -9999 -9999 -9999 -9999 -9999 -9999 -9999 -9999 -9999 -9999 -9999 -9999 -9999 -9999 -9999 -9999 -9999 -9999
