ENM/Final_Models/M_2_F_lq_Set_1_NE/Gustavia_santanderiensis_3_Choco_novel.asc
ncols         367
nrows         963
xllcorner     -78.6
yllcorner     0.65
cellsize      0.00833333333333323
NODATA_value  -9999
[rows 600 to 629 of 963, columns 136 to 203 of 367]
-9999 -9999 -9999 -9999 -9999 -9999 -9999 -9999 -9999 -9999 -9999 -9999 -9999 -9999 -9999 -9999 -9999 -9999 -9999 -9999 -9999 -9999 -9999 -9999 -9999 -9999 -9999 -9999 -9999 -9999 -9999 -9999 -9999 -9999 -9999 -9999 1.39735E-1 9.98104E-2 5.98862E-2 -7.88177E0 -2.0019E1 -3.14991E1 -3.15939E1 -3.40607E1 -3.82037E1 -3.6654E1 -2.98229E1 -3.6401E1 -3.13093E1 -2.06897E1 -1.59077E1 -1.59709E1 -8.7919E0 -5.18659E0 -8.57053E0 3.99241E-2 -1.133E1 -5.59772E0 -3.03605E0 -1.35041E1 -5.12334E0 -1.47783E1 -6.64137E0 9.98104E-2 1.19772E-1 5.98862E-2 5.98862E-2 1.79659E-1
-9999 -9999 -9999 -9999 -9999 -9999 -9999 -9999 -9999 -9999 -9999 -9999 -9999 -9999 -9999 -9999 -9999 -9999 -9999 -9999 -9999 -9999 -9999 -9999 -9999 -9999 -9999 -9999 -9999 -9999 -9999 -9999 -9999 -9999 -9999 -9999 1.39735E-1 9.98104E-2 5.98862E-2 -9999 -9999 -9999 -3.18786E1 -3.95952E1 -3.39975E1 -3.716E1 -3.41872E1 -3.10247E1 -2.77356E1 -1.62872E1 -1.86275E1 -1.57635E1 -1.09108E1 -9.48767E-2 5.98862E-2 -2.15054E0 -6.35674E0 -3.0993E0 -1.86591E0 -1.04681E1 -1.16066E1 -1.6129E0 -7.90639E-1 1.39735E-1 1.39735E-1 9.58179E-1 5.98862E-2 5.98862E-2
-9999 -9999 -9999 -9999 -9999 -9999 -9999 -9999 -9999 -9999 -9999 -9999 -9999 -9999 -9999 -9999 -9999 -9999 -9999 -9999 -9999 -9999 -9999 -9999 -9999 -9999 -9999 -9999 -9999 -9999 -9999 -9999 -9999 -9999 -9999 -9999 1.39735E-1 9.98104E-2 -9999 -8.86699E0 -2.41379E1 -3.1246E1 -4.07337E1 -3.716E1 -3.95319E1 -3.95636E1 -3.76344E1 -3.07084E1 -3.15307E1 -2.11823E1 -2.16003E1 -1.39152E1 -5.75585E0 -1.39152E0 3.99241E-2 -2.53004E0 -6.38836E0 -4.93359E0 -5.15497E0 -8.31752E0 -1.84693E1 -1.29665E0 -5.59772E0 1.19772E-1 1.79659E-1 1.19772E-1 1.79659E-1 -1.66983E1
-9999 -9999 -9999 -9999 -9999 -9999 -9999 -9999 -9999 -9999 -9999 -9999 -9999 -9999 -9999 -9999 -9999 -9999 -9999 -9999 -9999 -9999 -9999 -9999 -9999 -9999 -9999 -9999 -9999 -9999 -9999 -9999 -9999 1.79659E-1 1.79659E-1 1.19772E-1 -9999 -9999 -9999 -9.35961E0 -2.46305E1 -3.00493E1 -3.8172E1 -4.51613E1 -4.4339E1 -4.11132E1 -3.47881E1 -3.05187E1 -2.88741E1 -2.1537E1 -1.96395E1 -1.32827E1 -4.42758E0 -2.75142E0 -3.94089E0 1.99621E-2 -6.10373E0 -4.23782E0 -6.23023E0 -1.62239E1 -1.45794E1 -1.9513E1 -3.02024E1 -5.4396E0 5.98862E-2 1.19772E-1 1.39735E-1 1.39735E-1
-9999 -9999 -9999 -9999 -9999 -9999 -9999 -9999 -9999 -9999 -9999 -9999 -9999 -9999 -9999 -9999 -9999 -9999 -9999 -9999 -9999 -9999 -9999 -9999 -9999 -9999 -9999 -9999 -9999 -9999 -9999 -9999 -9999 -9999 1.79659E-1 1.79659E-1 -1.16066E1 -1.42857E1 -2.56158E1 -9.85222E0 -2.74826E1 -3.23529E1 -3.05419E1 -3.07717E1 -2.89058E1 -3.64326E1 -2.6945E1 -3.42505E1 -3.42505E1 -2.09677E1 -2.11575E1 -1.56863E1 -4.71221E0 -3.03605E0 -6.04048E0 -8.91841E0 -1.18596E1 -8.31752E0 -1.4864E0 -9.07653E0 -1.31246E1 -1.97976E1 -3.21316E1 -9.85222E-1 -5.91133E0 -8.98166E0 -8.85515E0 1.99621E-1
-9999 -9999 -9999 -9999 -9999 -9999 -9999 -9999 -9999 -9999 -9999 -9999 -9999 -9999 -9999 -9999 -9999 -9999 -9999 -9999 -9999 -9999 -9999 -9999 -9999 -9999 -9999 -9999 -9999 -9999 -9999 -9999 -9999 1.19772E-1 -9999 -9.83555E0 -2.70936E1 -3.45035E1 -3.20197E1 -3.24162E1 -3.38077E1 -3.73814E1 -4.18406E1 -3.79507E1 -3.90892E1 -2.96015E1 -3.71917E1 -2.62176E1 -2.36243E1 -2.179E1 -2.14421E1 -1.86275E1 -4.68058E0 5.98862E-2 -1.04681E1 -1.57812E1 -9.07653E0 -6.83112E0 -1.00253E1 -2.16319E1 -4.30108E0 -1.00886E1 -1.84061E1 1.99621E-2 5.98862E-2 5.98862E-2 -1.47783E0 5.98862E-2
-9999 -9999 -9999 -9999 -9999 -9999 -9999 -9999 -9999 -9999 -9999 -9999 -9999 -9999 -9999 -9999 -9999 -9999 -9999 -9999 -9999 -9999 -9999 -9999 -9999 -9999 -9999 -9999 -9999 -9999 -9999 -9999 -9999 1.79659E-1 -6.38836E0 -2.31183E1 -3.99431E1 -3.96584E1 -3.86781E1 -4.11448E1 -4.18722E1 -4.32954E1 -4.44655E1 -3.98482E1 -3.88994E1 -3.57052E1 -3.19102E1 -3.37445E1 -2.45731E1 -2.09677E1 -1.89437E1 -2.29602E1 -9.8988E0 -7.90639E0 -8.91841E0 -1.92916E1 -1.63504E1 -1.21126E1 -2.02404E1 -2.5933E1 -4.74383E0 5.98862E-2 -2.46305E0 -1.82266E1 -3.94089E0 5.98862E-2 -7.88177E0 -4.4335E0
-9999 -9999 -9999 -9999 -9999 -9999 -9999 -9999 -9999 -9999 -9999 -9999 -9999 -9999 -9999 -9999 -9999 -9999 -9999 -9999 -9999 -9999 -9999 -9999 -9999 -9999 -9999 -9999 -9999 -9999 -9999 -9999 -9999 -1.70778E0 -1.79633E1 -3.02973E1 -3.56104E1 -4.22517E1 -4.30108E1 -4.55724E1 -4.87982E1 -5.18027E1 -4.81973E1 -5.16129E1 -5.1265E1 -4.08602E1 -3.84567E1 -3.32701E1 -2.44466E1 -2.13156E1 -1.98292E1 -1.62555E1 -1.56863E1 -1.07527E1 -1.28716E1 -2.41619E1 -2.13789E1 -1.52751E1 -2.09361E1 -1.94813E1 -1.18227E1 -9.85222E-1 1.99621E-1 6.38786E-1 -1.18227E1 -2.32448E1 -2.80519E1 -2.11575E1
-9999 -9999 -9999 -9999 -9999 -9999 -9999 -9999 -9999 -9999 -9999 -9999 -9999 -9999 -9999 -9999 -9999 -9999 -9999 -9999 -9999 -9999 -9999 -9999 -9999 -9999 -9999 -9999 -9999 -9999 -9999 1.49716E0 -9999 -4.87034E0 -1.91018E1 -3.68121E1 -3.74763E1 -4.35484E1 -4.3074E1 -5.14231E1 -4.80392E1 -4.68058E1 -4.64263E1 -4.88299E1 -5.04744E1 -4.52878E1 -3.07717E1 -2.821E1 -2.71031E1 -2.08412E1 -1.51803E1 -2.1284E1 -2.13156E1 -1.50854E1 -1.88488E1 -2.27388E1 -2.48893E1 -1.72043E1 -2.14105E1 -1.08374E1 -7.33713E0 5.98862E-2 5.98862E-2 -2.95567E0 -8.86699E0 -1.03448E1 -2.8463E0 3.39355E-1
-9999 -9999 -9999 -9999 -9999 -9999 -9999 -9999 -9999 -9999 -9999 -9999 -9999 -9999 -9999 -9999 -9999 -9999 -9999 -9999 -9999 -9999 -9999 -9999 -9999 -9999 -9999 -9999 -9999 -9999 4.39166E-1 4.59128E-1 1.79659E-1 -1.92283E1 -3.34598E1 -3.86464E1 -4.60152E1 -4.63947E1 -4.21252E1 -4.747E1 -5.42695E1 -5.08223E1 -4.40228E1 -4.37698E1 -4.44655E1 -3.74763E1 -2.97913E1 -2.82732E1 -1.9007E1 -2.56483E1 -2.47312E1 -1.97027E1 -2.53004E1 -1.86591E1 -1.3599E1 -1.5117E1 -1.83744E1 -7.3055E0 -1.08374E1 5.98862E-2 -4.92611E-1 -1.97044E0 5.98862E-2 5.98862E-2 9.98104E-2 9.98104E-2 1.59697E-1 1.99621E-1
-9999 -9999 -9999 -9999 -9999 -9999 -9999 -9999 -9999 -9999 -9999 -9999 -9999 -9999 -9999 -9999 -9999 -9999 -9999 -9999 -9999 -9999 -9999 -9999 -9999 -9999 -9999 -9999 -9999 1.99621E-2 2.39545E-1 2.79469E-1 -9.74067E0 -2.78937E1 -4.15876E1 -4.27894E1 -4.71537E1 -4.93991E1 -4.87666E1 -5.31626E1 -5.28463E1 -5.07906E1 -4.47502E1 -3.56104E1 -3.37445E1 -2.89058E1 -2.13789E1 -2.27704E1 -1.70778E1 -2.24541E1 -2.45098E1 -2.19798E1 -1.89437E1 -1.48008E1 -1.86907E1 -1.91018E1 -1.72359E1 -1.42857E1 -7.88177E0 -1.133E1 -9.85222E-1 5.98862E-2 9.98104E-2 7.58559E-1 8.78331E-1 4.39166E-1 5.789E-1 9.98104E-2
-9999 -9999 -9999 -9999 -9999 -9999 -9999 -9999 -9999 -9999 -9999 -9999 -9999 -9999 -9999 -9999 -9999 -9999 -9999 -9999 -9999 -9999 -9999 -9999 -9999 -9999 -9999 -9999 -9999 -1.44845E1 -1.63504E1 -2.70398E1 -2.71031E1 -3.89943E1 -4.44972E1 -5.22454E1 -5.17078E1 -4.96205E1 -4.51613E1 -4.91461E1 -4.72802E1 -3.96268E1 -3.49462E1 -3.36496E1 -3.01392E1 -2.2043E1 -2.12524E1 -1.45794E1 -8.82353E0 -1.32195E1 -1.55914E1 -1.52751E1 -1.2081E1 -9.23466E0 -9.32954E0 -1.37571E1 -1.47783E1 -1.47783E1 -1.82266E1 -1.7734E1 -3.94089E0 9.98104E-2 5.789E-1 8.18445E-1 5.789E-1 1.11788E0 1.03803E0 4.59128E-1
-9999 -9999 -9999 -9999 -9999 -9999 -9999 -9999 -9999 -9999 -9999 -9999 -9999 -9999 -9999 -9999 -9999 -9999 -9999 -9999 -9999 -9999 -9999 -9999 -9999 -9999 -9999 -9999 -9999 -3.45984E1 -3.99431E1 -3.75712E1 -4.38646E1 -4.42758E1 -4.93675E1 -4.51613E1 -5E1 -5.30044E1 -4.2062E1 -5.04111E1 -4.65844E1 -3.47249E1 -3.57052E1 -3.64959E1 -2.74826E1 -2.0019E1 -1.19228E1 -1.16066E1 -7.49526E0 -4.36433E0 1.79659E-1 -2.43517E0 -3.51044E0 -5.78748E0 -9.48767E-1 -6.04048E0 -1.6635E1 -1.67488E1 -1.87192E1 -1.96711E1 -3.94089E0 1.79659E-1 6.98673E-1 1.11788E0 1.79659E-1 8.18445E-1 1.79659E1 8.18445E-1
-9999 -9999 -9999 -9999 -9999 -9999 -9999 -9999 -9999 -9999 -9999 -9999 -9999 -9999 -9999 -9999 -9999 -9999 -9999 -9999 -9999 -9999 -9999 -9999 -9999 -9999 -9999 -9999 -9999 -4.91777E1 -4.97786E1 -4.16192E1 -3.82037E1 -4.20304E1 -4.83555E1 -4.66477E1 -4.87982E1 -4.68058E1 -4.30108E1 -4.65844E1 -4.63631E1 -3.08349E1 -3.4883E1 -3.41556E1 -1.91651E1 -2.06831E1 -1.21758E1 -4.39595E0 -2.75142E0 2.59507E-1 1.79659E-1 1.79659E-1 -8.85516E-1 -4.30108E0 5.98862E-2 -2.68817E0 -1.11638E1 -1.52709E1 -1.10057E1 -1.24288E1 -5.91133E0 1.39735E-1 3.59317E-1 7.98483E-1 5.789E-1 1.49716E0 2.28965E1 1.25761E0
-9999 -9999 -9999 -9999 -9999 -9999 -9999 -9999 -9999 -9999 -9999 -9999 -9999 -9999 -9999 -9999 -9999 -9999 -9999 -9999 -9999 -9999 -9999 -9999 -9999 -9999 -9999 -9999 -9999 -9999 -5E1 -4.9494E1 -4.8482E1 -4.22517E1 -4.72802E1 -4.50664E1 -4.80708E1 -4.27577E1 -4.55092E1 -4.57305E1 -4.81973E1 -3.50727E1 -3.14991E1 -2.71347E1 -1.65085E1 -1.39469E1 -8.25427E0 -6.13536E0 7.98483E-2 5.789E-1 1.8964E0 6.98673E-1 9.98104E-2 -3.00443E0 1.19772E-1 -1.83428E0 -1.4864E0 -1.97044E1 -1.47783E1 -1.133E1 -1.50854E1 -6.89655E0 2.19583E-1 1.39735E-1 9.98104E-2 5.58938E-1 1.38138E1 6.38786E-1
-9999 -9999 -9999 -9999 -9999 -9999 -9999 -9999 -9999 -9999 -9999 -9999 -9999 -9999 -9999 -9999 -9999 -9999 -9999 -9999 -9999 -9999 -9999 -9999 -9999 -9999 -9999 -9999 -9999 -9999 -9999 -9999 -5.11385E1 -4.93675E1 -5.09171E1 -5.0506E1 -4.92726E1 -5.30677E1 -4.39595E1 -4.01645E1 -3.73814E1 -3.10563E1 -2.50474E1 -2.72612E1 -1.74257E1 -1.08159E1 -1.12903E1 -4.64896E0 -2.37192E0 6.58748E-1 6.58748E-1 1.79659E-1 -3.79507E-1 -8.4124E0 -8.88678E0 -1.67488E1 -1.08374E1 -1.83744E1 -1.28079E1 -2.95567E0 -1.11006E1 -4.92611E0 -1.97044E0 5.98862E-2 9.98104E-2 4.07226E0 1.93832E1 4.39166E-1
-9999 -9999 -9999 -9999 -9999 -9999 -9999 -9999 -9999 -9999 -9999 -9999 -9999 -9999 -9999 -9999 -9999 -9999 -9999 -9999 -9999 -9999 -9999 -9999 -9999 -9999 -9999 -9999 -9999 -9999 -9999 -9999 -5.01581E1 -5.64832E1 -5.28463E1 -5.27198E1 -4.98735E1 -4.83238E1 -4.21569E1 -4.32638E1 -3.19734E1 -2.73561E1 -2.57748E1 -2.2802E1 -2.06897E1 -1.97044E1 -1.01834E1 -2.21379E-1 -3.79507E0 -4.52245E0 -1.22391E1 -1.05313E1 -1.37887E1 -9.45604E0 -1.37887E1 -9.96205E0 -1.74573E1 -1.65085E1 -1.47783E1 5.98862E-2 -7.62176E0 -6.89655E0 -4.92611E-1 5.98862E-2 9.98104E-2 1.79659E-1 6.58748E-1 7.18635E-1
-9999 -9999 -9999 -9999 -9999 -9999 -9999 -9999 -9999 -9999 -9999 -9999 -9999 -9999 -9999 -9999 -9999 -9999 -9999 -9999 -9999 -9999 -9999 -9999 -9999 -9999 -9999 -9999 -9999 -9999 -9999 -9999 -5.39216E1 -4.51929E1 -4.61733E1 -5.66414E1 -5.53131E1 -3.90576E1 -3.57685E1 -3.51044E1 -2.93485E1 -3.06452E1 -2.78305E1 -2.26601E1 -1.32511E1 -1.54333E1 -7.11575E0 -1.45478E0 -7.96964E0 -1.35041E1 -2.54269E1 -1.75838E1 -1.71727E1 -1.03448E1 1.19772E-1 5.98862E-2 -2.06199E1 -3.92157E0 7.98483E-1 1.57501E1 -1.97044E0 3.99241E-2 -5.91133E0 3.99241E-2 5.98862E-2 1.79659E-1 1.79659E-1 7.78521E-1
-9999 -9999 -9999 -9999 -9999 -9999 -9999 -9999 -9999 -9999 -9999 -9999 -9999 -9999 -9999 -9999 -9999 -9999 -9999 -9999 -9999 -9999 -9999 -9999 -9999 -9999 -9999 -9999 -9999 -9999 -9999 -9999 -4.91777E1 -4.69956E1 -4.93675E1 -5.2024E1 -3.68754E1 -3.06135E1 -2.75459E1 -2.95699E1 -3.24478E1 -2.60278E1 -2.58065E1 -3.25123E1 -2.21675E1 -2.0197E1 -1.32511E1 -1.36622E1 -8.12777E0 -1.1575E1 -2.46047E1 -1.91335E1 -1.11638E1 9.98104E-2 4.39166E-1 1.79659E-1 -1.42857E1 1.81655E0 2.48129E1 2.37549E0 -4.92611E-1 5.98862E-2 5.98862E-2 5.98862E-2 9.98104E-2 9.98104E-2 9.98104E-2 2.79469E-1
-9999 -9999 -9999 -9999 -9999 -9999 -9999 -9999 -9999 -9999 -9999 -9999 -9999 -9999 -9999 -9999 -9999 -9999 -9999 -9999 -9999 -9999 -9999 -9999 -9999 -9999 -9999 -9999 -9999 -9999 -9999 -9999 -5.04111E1 -5.16129E1 -4.65844E1 -4.13979E1 -3.11195E1 -2.86528E1 -2.69133E1 -2.60911E1 -3.18469E1 -3.09298E1 -2.42884E1 -2.03669E1 -1.94181E1 -1.97976E1 -1.14801E1 -8.12777E0 -1.32827E1 -1.81531E1 -2.21063E1 -1.67488E1 3.99241E-2 1.13784E0 3.0542E0 1.41731E0 -9.85222E0 1.79659E-1 1.02605E1 5.98862E-2 -1.97044E0 9.98104E-2 5.98862E-1 9.98104E-2 6.58748E-1 1.39735E-1 2.99431E-1 5.3698E0
-9999 -9999 -9999 -9999 -9999 -9999 -9999 -9999 -9999 -9999 -9999 -9999 -9999 -9999 -9999 -9999 -9999 -9999 -9999 -9999 -9999 -9999 -9999 -9999 -9999 -9999 -9999 -9999 -9999 -9999 -9999 -5.35737E1 -5.30677E1 -4.76281E1 -4.65844E1 -4.48134E1 -3.13409E1 -2.95383E1 -2.83681E1 -2.95066E1 -3.16256E1 -2.94434E1 -2.46305E1 -1.70145E1 -1.90386E1 -1.76154E1 -8.85515E0 -7.84314E0 -1.44213E1 -1.42631E1 -1.9513E1 -1.62555E1 -7.88177E0 1.03803E0 3.0542E0 3.0542E0 5.98862E-1 3.99241E-2 -5.41872E0 4.83082E0 9.98104E-2 4.59128E-1 4.39166E-1 1.59697E-1 2.19583E-1 2.19583E-1 7.56563E0 2.14592E1
-9999 -9999 -9999 -9999 -9999 -9999 -9999 -9999 -9999 -9999 -9999 -9999 -9999 -9999 -9999 -9999 -9999 -9999 -9999 -9999 -9999 -9999 -9999 -9999 -9999 -9999 -9999 -9999 -9999 -9999 -4.92726E1 -5.21505E1 -5.16445E1 -5.13283E1 -4.30424E1 -4.43707E1 -3.78874E1 -3.21316E1 -2.6186E1 -2.81467E1 -2.76091E1 -2.9728E1 -2.46305E1 -1.59393E1 -9.36116E0 -2.5933E0 -1.89753E0 -6.23023E0 -1.81531E1 -1.61607E1 -2.28653E1 -1.07211E1 5.98862E-2 1.81655E0 2.23575E0 3.25382E0 2.8945E0 5.98862E-2 -6.40394E0 5.98862E-2 5.98862E-2 5.98862E-2 4.59128E-1 1.19772E-1 9.98104E-2 1.4712E1 2.97036E1 3.02625E1
-9999 -9999 -9999 -9999 -9999 -9999 -9999 -9999 -9999 -9999 -9999 -9999 -9999 -9999 -9999 -9999 -9999 -9999 -9999 -9999 -9999 -9999 -9999 -9999 -9999 -9999 -9999 -9999 -9999 -9999 -4.2062E1 -4.69007E1 -4.60784E1 -4.60468E1 -4.03858E1 -3.46932E1 -3.97533E1 -3.57052E1 -3.13409E1 -2.71347E1 -3.52941E1 -2.7957E1 -1.72414E1 -1.26502E0 4.39166E-1 4.99052E-1 -1.58128E-1 -3.44719E0 -1.44529E1 -2.04301E1 -1.08159E1 3.99241E-2 2.19583E-1 8.78331E-1 1.13784E0 1.71674E0 2.39545E-1 1.99621E-1 9.98104E-2 -4.92611E0 -8.37438E0 -1.47783E0 5.98862E-2 9.98104E-2 1.39735E-1 2.19583E-1 2.59707E1 2.16988E1
-9999 -9999 -9999 -9999 -9999 -9999 -9999 -9999 -9999 -9999 -9999 -9999 -9999 -9999 -9999 -9999 -9999 -9999 -9999 -9999 -9999 -9999 -9999 -9999 -9999 -9999 -9999 -9999 -9999 -4.98102E1 -5.23719E1 -4.68058E1 -3.96584E1 -3.5468E1 -3.59899E1 -3.40607E1 -2.22328E1 -3.08349E1 -3.03289E1 -2.77672E1 -2.77672E1 -1.50221E1 -2.11823E1 -2.0197E1 4.59128E-1 1.63689E0 1.81655E0 8.58369E-1 -1.37931E1 -2.31527E1 -1.42857E1 -1.28079E1 -1.21126E1 -9.35961E0 2.79469E-1 4.99052E-1 1.19772E-1 9.98104E-2 5.98862E-2 1.99621E-2 3.99241E-2 -4.4335E0 1.99621E-2 -2.46305E0 5.98862E-2 5.98862E-2 3.0023E1 2.31959E1
-9999 -9999 -9999 -9999 -9999 -9999 -9999 -9999 -9999 -9999 -9999 -9999 -9999 -9999 -9999 -9999 -9999 -9999 -9999 -9999 -9999 -9999 -9999 -9999 -9999 -9999 -9999 -9999 -5.43327E1 -5.87287E1 -5.46173E1 -5.68311E1 -5.24352E1 -4.59203E1 -4.28571E1 -3.70335E1 -3.09298E1 -2.46305E1 -1.80898E1 -2.16003E1 -2.77672E1 -1.94813E1 -8.86699E0 -5.91133E0 4.39166E-1 1.49716E0 1.71674E0 1.71674E0 1.49716E0 2.39545E-1 -2.04617E1 -1.69197E1 -1.76471E1 -1.64453E1 -2.44466E1 -1.02151E1 5.98862E-2 1.79659E-1 -7.38916E0 -6.89655E0 5.98862E-2 5.98862E-2 5.98862E-2 5.98862E-2 5.98862E-2 9.98104E-2 1.79659E-1 1.27757E1
-9999 -9999 -9999 -9999 -9999 -9999 -9999 -9999 -9999 -9999 -9999 -9999 -9999 -9999 -9999 -9999 -9999 -9999 -9999 -9999 -9999 -9999 -9999 -9999 -9999 -9999 -9999 -9999 -5.28147E1 -5.42695E1 -5.34788E1 -5.40164E1 -5.16129E1 -5.12018E1 -4.28571E1 -3.53257E1 -2.3814E1 -2.51232E1 -3.05419E1 -8.69703E0 -7.77989E0 -4.61733E0 5.98862E-2 5.98862E-2 9.18255E-1 1.35742E0 1.41731E0 1.49716E0 1.81655E0 4.39166E-1 -1.12271E1 -7.87476E0 -5.91398E0 -2.34029E1 -1.42948E1 -6.35674E0 3.99241E-2 -1.133E1 -1.08374E1 -7.88177E0 5.98862E-2 1.19772E-1 9.98104E-2 5.98862E-2 1.19772E-1 2.99431E-1 2.19583E-1 8.48388E0
-9999 -9999 -9999 -9999 -9999 -9999 -9999 -9999 -9999 -9999 -9999 -9999 -9999 -9999 -9999 -9999 -9999 -9999 -9999 -9999 -9999 -9999 -9999 -9999 -9999 -9999 -9999 -5.5661E1 -4.86401E1 -5.46806E1 -4.91145E1 -5.24035E1 -5.55661E1 -5.61986E1 -4.71537E1 -3.21316E1 -2.64073E1 -4.28571E1 -1.42857E1 -6.29349E0 -3.44719E0 -2.34029E0 5.98862E-2 3.99241E-1 8.78331E-1 1.35742E0 1.41731E0 1.41731E0 1.49716E0 7.18635E-1 -7.38916E0 -1.42631E1 -2.30234E1 -2.15054E1 -9.85222E0 -2.87793E0 1.19772E-1 5.98862E-2 5.98862E-2 -2.95567E0 9.98104E-2 1.79659E-1 1.39735E-1 5.98862E-2 1.79659E-1 3.65306E0 2.56113E1 2.49326E1
-9999 -9999 -9999 -9999 -9999 -9999 -9999 -9999 -9999 -9999 -9999 -9999 -9999 -9999 -9999 -9999 -9999 -9999 -9999 -9999 -9999 -9999 -9999 -9999 -9999 -9999 -9999 -5.72423E1 -5.20557E1 -5.11701E1 -5.15813E1 -5.12018E1 -4.93359E1 -5.14864E1 -4.69956E1 -3.30049E1 -2.29602E1 -2.46679E1 -6.79949E0 -5.21822E0 -5.28147E0 -2.02404E0 5.98862E-2 7.98483E-1 3.39355E-1 1.17776E0 1.19772E0 1.01807E0 1.41731E0 6.38786E-1 -1.7734E1 -2.85714E1 -3.20197E1 -2.75862E1 3.99241E0 4.59128E-1 7.18635E-1 5.98862E-2 3.99241E0 1.79659E-1 5.98862E-2 5.789E-1 1.79659E-1 9.98104E-2 1.19772E-1 2.19583E-1 2.80267E1 2.33756E1
-9999 -9999 -9999 -9999 -9999 -9999 -9999 -9999 -9999 -9999 -9999 -9999 -9999 -9999 -9999 -9999 -9999 -9999 -9999 -9999 -9999 -9999 -9999 -9999 -9999 -9999 -5.86338E1 -5.68311E1 -5.62935E1 -5.11069E1 -4.90829E1 -5.32258E1 -5.03795E1 -5.03479E1 -5.08539E1 -4.14611E1 -3.83934E1 -1.79317E1 -1.20493E1 -4.42758E0 -2.56167E0 9.98104E-2 5.98862E-2 2.99431E-1 7.78521E-1 1.17776E0 1.25761E0 4.59128E-1 6.98673E-1 9.98104E-2 -3.47881E0 -2.11575E1 -2.13156E1 -2.21675E1 3.99241E-1 5.98862E-2 5.98862E-2 5.98862E-2 9.98104E-2 1.19772E-1 5.98862E-2 1.79659E-1 2.39545E-1 4.99052E-1 5.789E-1 1.35742E0 1.18974E1 2.01817E1
-9999 -9999 -9999 -9999 -9999 -9999 -9999 -9999 -9999 -9999 -9999 -9999 -9999 -9999 -9999 -9999 -9999 -9999 -9999 -9999 -9999 -9999 -9999 -9999 -9999 -5.61354E1 -5.45857E1 -5.46806E1 -5.42062E1 -5.12334E1 -4.95889E1 -4.75648E1 -5.15813E1 -5.35421E1 -5.43011E1 -4.03542E1 -2.54269E1 -9.04491E0 -5.88235E0 -1.64453E0 2.19583E-1 9.98104E-2 2.79469E-1 3.59317E-1 6.38786E-1 1.13784E0 1.25761E0 3.99241E-2 -1.02151E1 -1.04364E0 -7.38916E0 -2.47944E1 -2.41379E1 -1.52709E1 -2.95567E0 5.98862E-2 -1.97044E0 5.98862E-2 5.98862E-2 5.98862E-2 2.99431E-1 1.59697E-1 7.18635E-1 4.59128E-1 2.01018E1 2.50324E1 2.94041E1 2.07606E0
