ENM/Final_Models/M_2_F_lq_Set_1_NE/Gustavia_santanderiensis_4_Choco_novel.asc
ncols         367
nrows         963
xllcorner     -78.6
yllcorner     0.65
cellsize      0.00833333333333323
NODATA_value  -9999
[rows 930 to 959 of 963, columns 68 to 135 of 367]
3.55396E0 5.39084E0 5.51063E0 4.67206E0 6.50893E0 6.26934E0 6.98812E0 6.22941E0 3.1746E0 2.27613E0 2.99491E-1 3.99321E-1 6.18948E-1 5.98982E-2 7.98642E-2 4.19287E-1 6.18948E-1 1.07817E0 8.38574E-1 1.13807E0 1.73705E0 2.07647E0 2.95498E0 3.4142E0 3.51403E0 3.87342E0 4.31267E0 4.65209E0 4.55226E0 4.45243E0 3.75362E0 3.19457E0 2.71538E0 2.63552E0 2.41589E0 2.71538E0 3.31437E0 3.3543E0 3.09474E0 2.67545E0 2.67545E0 3.2345E0 3.31437E0 3.07477E0 2.85515E0 3.07477E0 3.13467E0 3.07477E0 3.19457E0 3.47409E0 3.55396E0 4.11301E0 4.61216E0 4.67206E0 4.05311E0 4.45243E0 4.39253E0 4.39253E0 4.19287E0 4.39253E0 5.15124E0 7.02805E0 7.66697E0 8.50554E0 7.5871E0 8.84496E0 8.84496E0 8.18608E0
4.55226E0 4.2328E0 4.55226E0 4.55226E0 5.31097E0 5.4707E0 6.30927E0 5.23111E0 2.59559E0 2.01657E0 2.39593E-1 5.98982E-2 5.98982E-2 3.99321E-2 3.99321E-2 7.98642E-2 2.79525E-1 1.73705E0 1.49745E0 1.57732E0 2.15633E0 2.75532E0 3.39423E0 3.67375E0 3.85345E0 4.11301E0 3.83348E0 3.79355E0 3.79355E0 4.11301E0 3.09474E0 2.75532E0 2.71538E0 2.63552E0 2.55566E0 2.87511E0 3.19457E0 3.3543E0 3.25447E0 2.89508E0 2.99491E0 3.55396E0 3.25447E0 2.93501E0 3.1746E0 2.89508E0 3.09474E0 3.07477E0 3.1746E0 3.31437E0 3.65379E0 4.01318E0 4.59219E0 4.21284E0 3.79355E0 5.15124E0 5.73026E0 6.98812E0 6.26934E0 5.23111E0 5.5306E0 7.94649E0 7.02805E0 3.01487E0 2.53569E0 3.25447E0 7.46731E0 7.94649E0
2.65549E0 2.85515E0 3.67375E0 3.19457E0 3.79355E0 5.5306E0 7.44734E0 5.49067E0 2.63552E0 1.93671E0 1.0582E0 1.39762E-1 1.99661E-2 1.99661E-2 3.99321E-2 5.98982E-2 1.39762E-1 1.09813E0 1.91674E0 1.99661E0 2.15633E0 2.87511E0 3.39423E0 3.79355E0 4.01318E0 3.53399E0 3.55396E0 3.51403E0 3.55396E0 3.55396E0 2.89508E0 2.75532E0 2.51572E0 2.67545E0 2.55566E0 2.43586E0 2.93501E0 3.2345E0 3.2345E0 3.07477E0 2.93501E0 3.2345E0 3.39423E0 3.79355E0 2.87511E0 2.67545E0 2.87511E0 2.99491E0 3.09474E0 3.31437E0 3.3543E0 3.3543E0 4.19287E0 4.05311E0 3.55396E0 5.39084E0 7.04802E0 7.44734E0 7.5871E0 7.66697E0 8.52551E0 7.16781E0 4.17291E0 2.37596E0 2.99491E0 2.45583E0 2.35599E0 2.1164E0
2.41589E0 3.55396E0 2.87511E0 2.59559E0 4.21284E0 6.98812E0 7.28761E0 4.81182E0 2.39593E0 1.41759E0 8.98473E-1 4.59219E-1 3.99321E-2 1.99661E-2 5.98982E-2 7.98642E-2 5.39084E-1 1.15803E0 9.58371E-1 1.91674E0 2.09644E0 2.59559E0 3.4142E0 3.79355E0 4.19287E0 3.53399E0 3.47409E0 3.53399E0 3.09474E0 3.2345E0 2.55566E0 2.53569E0 2.51572E0 2.67545E0 2.63552E0 2.59559E0 2.91504E0 3.13467E0 3.2345E0 2.89508E0 2.59559E0 2.75532E0 3.07477E0 4.01318E0 2.91504E0 2.59559E0 2.71538E0 2.75532E0 3.09474E0 3.1746E0 3.19457E0 3.19457E0 3.19457E0 4.2328E0 5.27104E0 5.98982E0 7.54717E0 7.86663E0 8.38574E0 8.84496E0 7.54717E0 6.34921E0 5.27104E0 2.69542E0 2.53569E0 -9999 -9999 8.5854E-1
3.51403E0 2.55566E0 2.89508E0 2.75532E0 4.11301E0 7.32754E0 5.15124E0 3.47409E0 1.33773E0 9.38405E-1 5.39084E-1 7.98642E-2 3.99321E-2 1.99661E-2 1.39762E-1 4.99151E-1 4.99151E-1 7.38744E-1 9.58371E-1 1.21793E0 2.09644E0 3.01487E0 3.55396E0 3.71369E0 3.3543E0 3.75362E0 3.13467E0 3.07477E0 3.09474E0 2.53569E0 2.43586E0 2.43586E0 2.71538E0 2.71538E0 2.77528E0 2.75532E0 2.71538E0 2.91504E0 2.91504E0 2.87511E0 2.87511E0 2.99491E0 3.09474E0 3.13467E0 3.1746E0 2.89508E0 2.89508E0 2.71538E0 2.91504E0 2.99491E0 3.09474E0 3.3543E0 4.55226E0 5.33094E0 5.4707E0 5.71029E0 6.469E0 8.38574E0 7.66697E0 8.14615E0 8.46561E0 7.38744E0 6.62873E0 4.59219E0 3.01487E0 -9999 -9999 -9999
1.81691E0 1.71708E0 1.61725E0 2.19627E0 2.63552E0 5.27104E0 7.32754E0 3.65379E0 1.49745E0 5.98982E-2 1.99661E-1 7.98642E-2 3.99321E-2 3.99321E-2 3.99321E-2 5.98982E-2 7.98642E-2 2.79525E-1 9.38405E-1 1.01827E0 2.01657E0 2.65549E0 3.49406E0 3.57392E0 4.01318E0 3.47409E0 3.25447E0 2.89508E0 2.89508E0 2.65549E0 2.85515E0 2.39593E0 2.49576E0 2.89508E0 2.67545E0 2.99491E0 2.89508E0 2.67545E0 2.89508E0 3.09474E0 2.99491E0 3.07477E0 2.91504E0 2.65549E0 2.87511E0 2.77528E0 2.75532E0 2.89508E0 3.07477E0 3.13467E0 2.87511E0 3.39423E0 5.15124E0 5.73026E0 4.67206E0 5.49067E0 6.92822E0 7.80673E0 5.21114E0 3.11471E0 5.71029E0 6.02975E0 6.26934E0 5.45073E0 2.47579E0 1.93671E0 -9999 -9999
-9999 -9999 1.49745E0 2.65549E0 3.79355E0 3.75362E0 6.18948E0 5.05141E0 1.31776E0 3.99321E-2 3.99321E-2 7.98642E-2 2.99491E-1 3.99321E-2 3.99321E-2 1.39762E-1 5.19117E-1 4.99151E-1 9.58371E-1 1.31776E0 2.13637E0 2.95498E0 3.1746E0 2.63552E0 3.63382E0 3.51403E0 3.3543E0 2.99491E0 2.99491E0 2.85515E0 3.13467E0 2.87511E0 2.51572E0 2.99491E0 2.63552E0 3.03484E0 3.13467E0 3.03484E0 3.25447E0 3.39423E0 3.1746E0 3.2345E0 2.77528E0 2.59559E0 2.71538E0 2.85515E0 2.85515E0 2.75532E0 2.93501E0 3.13467E0 3.13467E0 3.25447E0 4.4724E0 5.83009E0 5.29101E0 6.98812E0 7.16781E0 7.46731E0 3.57392E0 1.87681E0 2.35599E0 3.05481E0 5.71029E0 5.87002E0 4.03314E0 1.63722E0 -9999 -9999
-9999 -9999 -9999 3.51403E0 4.45243E0 5.27104E0 6.04972E0 4.91165E0 1.71708E0 9.38405E-1 6.98812E-1 3.59389E-1 5.39084E-1 5.98982E-2 2.59559E-1 5.98982E-2 3.79355E-1 1.03823E0 1.09813E0 1.89678E0 1.89678E0 2.1164E0 2.65549E0 2.67545E0 3.63382E0 3.47409E0 3.51403E0 3.19457E0 3.07477E0 3.03484E0 2.99491E0 3.07477E0 2.65549E0 2.89508E0 2.77528E0 2.85515E0 3.13467E0 3.07477E0 3.31437E0 3.03484E0 3.07477E0 3.07477E0 3.13467E0 2.75532E0 2.71538E0 2.71538E0 2.89508E0 3.51403E0 2.87511E0 2.89508E0 3.13467E0 3.19457E0 4.03314E0 4.91165E0 4.85175E0 5.79016E0 7.16781E0 7.22771E0 2.35599E0 1.65718E0 1.0582E0 8.98473E-1 2.2961E0 4.93162E0 4.01318E0 2.1164E0 -9999 -9999
-9999 -9999 -9999 -9999 5.49067E0 4.61216E0 -9999 -9999 -9999 -9999 -9999 -9999 5.39084E-1 7.98642E-2 3.99321E-1 4.99151E-1 6.18948E-1 9.58371E-1 9.58371E-1 1.09813E0 1.91674E0 2.53569E0 2.63552E0 3.25447E0 3.77358E0 4.05311E0 3.85345E0 3.39423E0 3.19457E0 3.1746E0 2.91504E0 3.09474E0 3.53399E0 2.99491E0 2.87511E0 3.19457E0 3.39423E0 3.1746E0 3.25447E0 3.19457E0 3.39423E0 3.55396E0 2.99491E0 2.85515E0 3.03484E0 2.63552E0 2.87511E0 3.51403E0 3.67375E0 3.75362E0 3.51403E0 3.51403E0 4.65209E0 4.05311E0 4.67206E0 5.83009E0 6.80843E0 6.5289E0 3.67375E0 2.39593E0 2.13637E0 1.47749E0 8.98473E-1 2.45583E0 4.39253E0 2.39593E0 8.98473E-1 8.98473E-1
-9999 -9999 -9999 -9999 -9999 -9999 -9999 -9999 -9999 -9999 -9999 -9999 -9999 -9999 -9999 8.98473E-1 1.33773E0 1.69711E0 1.75701E0 1.97664E0 2.15633E0 2.63552E0 3.63382E0 3.39423E0 3.55396E0 4.05311E0 3.79355E0 3.47409E0 3.51403E0 3.67375E0 3.19457E0 3.31437E0 3.77358E0 4.19287E0 3.89338E0 3.67375E0 3.55396E0 -9999 -9999 4.03314E0 3.77358E0 3.51403E0 3.09474E0 3.13467E0 2.75532E0 2.65549E0 3.51403E0 3.19457E0 3.59389E0 3.65379E0 4.91165E0 4.85175E0 4.95158E0 4.11301E0 4.59219E0 5.71029E0 5.4707E0 5.83009E0 3.61386E0 2.85515E0 2.07647E0 1.93671E0 1.71708E0 7.5871E-1 2.0565E0 1.75701E0 2.01657E0 1.2379E0
-9999 -9999 -9999 -9999 -9999 -9999 -9999 -9999 -9999 -9999 -9999 -9999 -9999 -9999 -9999 -9999 -9999 1.69711E0 2.43586E0 2.75532E0 2.65549E0 2.87511E0 3.13467E0 3.19457E0 3.75362E0 3.65379E0 3.83348E0 4.05311E0 5.11131E0 4.65209E0 4.65209E0 -9999 -9999 -9999 4.39253E0 4.19287E0 -9999 -9999 -9999 -9999 -9999 3.79355E0 3.3543E0 3.51403E0 3.03484E0 3.53399E0 3.85345E0 4.05311E0 3.67375E0 3.79355E0 3.83348E0 4.55226E0 4.19287E0 4.05311E0 4.81182E0 5.5306E0 5.57053E0 5.55056E0 3.69372E0 2.93501E0 2.33603E0 1.93671E0 1.95667E0 6.5888E-1 1.75701E0 1.43756E0 8.98473E-1 1.27783E0
-9999 -9999 -9999 -9999 -9999 -9999 -9999 -9999 -9999 -9999 -9999 -9999 -9999 -9999 -9999 -9999 -9999 -9999 -9999 2.99491E0 2.75532E0 3.09474E0 3.55396E0 3.79355E0 4.05311E0 3.79355E0 4.4724E0 -9999 -9999 -9999 -9999 -9999 -9999 -9999 -9999 -9999 -9999 -9999 -9999 -9999 -9999 -9999 4.55226E0 3.55396E0 3.1746E0 3.51403E0 3.55396E0 3.51403E0 3.79355E0 3.59389E0 3.77358E0 3.85345E0 4.11301E0 4.95158E0 5.01148E0 5.49067E0 5.94989E0 5.83009E0 5.51063E0 4.07308E0 2.13637E0 1.93671E0 1.03823E0 1.0582E0 2.37596E0 2.13637E0 1.51742E0 5.79016E-1
-9999 -9999 -9999 -9999 -9999 -9999 -9999 -9999 -9999 -9999 -9999 -9999 -9999 -9999 -9999 -9999 -9999 -9999 -9999 2.2362E0 3.55396E0 4.01318E0 3.79355E0 3.89338E0 4.01318E0 3.85345E0 4.95158E0 -9999 -9999 -9999 -9999 -9999 -9999 -9999 -9999 -9999 -9999 -9999 -9999 -9999 -9999 -9999 -9999 -9999 4.03314E0 4.11301E0 4.61216E0 3.83348E0 3.85345E0 4.05311E0 3.79355E0 4.39253E0 4.11301E0 4.39253E0 4.85175E0 5.4707E0 4.75192E0 3.81352E0 4.09304E0 2.37596E0 1.93671E0 8.98473E-1 8.98473E-1 7.38744E-1 1.53739E0 8.5854E-1 6.18948E-1 7.38744E-1
-9999 -9999 -9999 -9999 -9999 -9999 -9999 -9999 -9999 -9999 -9999 -9999 -9999 -9999 -9999 -9999 -9999 -9999 -9999 -9999 3.19457E0 4.61216E0 4.45243E0 4.39253E0 4.11301E0 5.19117E0 -9999 -9999 -9999 -9999 -9999 -9999 -9999 -9999 -9999 -9999 -9999 -9999 -9999 -9999 -9999 -9999 -9999 -9999 -9999 5.11131E0 4.81182E0 4.45243E0 4.65209E0 4.67206E0 5.17121E0 4.01318E0 4.2328E0 4.45243E0 4.61216E0 5.55056E0 4.73196E0 3.19457E0 2.57562E0 1.61725E0 1.89678E0 7.5871E-1 8.98473E-1 1.63722E0 7.78676E-1 4.99151E-1 2.99491E-1 2.99491E-1
-9999 -9999 -9999 -9999 -9999 -9999 -9999 -9999 -9999 -9999 -9999 -9999 -9999 -9999 -9999 -9999 -9999 -9999 -9999 -9999 3.07477E0 4.67206E0 5.09134E0 4.67206E0 -9999 -9999 -9999 -9999 -9999 -9999 -9999 -9999 -9999 -9999 -9999 -9999 -9999 -9999 -9999 -9999 -9999 -9999 -9999 -9999 -9999 4.19287E0 4.3526E0 4.67206E0 4.65209E0 4.11301E0 5.39084E0 5.33094E0 5.01148E0 4.67206E0 5.19117E0 3.57392E0 3.93331E0 2.53569E0 1.45752E0 1.47749E0 1.01827E0 5.39084E-1 5.79016E-1 3.79355E-1 3.19457E-1 3.19457E-1 2.79525E-1 3.59389E-1
-9999 -9999 -9999 -9999 -9999 -9999 -9999 -9999 -9999 -9999 -9999 -9999 -9999 -9999 -9999 -9999 -9999 -9999 -9999 -9999 -9999 -9999 -9999 -9999 -9999 -9999 -9999 -9999 -9999 -9999 -9999 -9999 -9999 -9999 -9999 -9999 -9999 -9999 -9999 -9999 -9999 -9999 -9999 -9999 -9999 -9999 3.55396E0 3.79355E0 3.67375E0 3.85345E0 4.91165E0 5.27104E0 4.07308E0 4.63213E0 4.27274E0 2.59559E0 3.89338E0 2.99491E0 2.31606E0 5.19117E-1 7.5871E-1 8.18608E-1 3.79355E-1 3.19457E-1 -9999 -9999 -9999 -9999
-9999 -9999 -9999 -9999 -9999 -9999 -9999 -9999 -9999 -9999 -9999 -9999 -9999 -9999 -9999 -9999 -9999 -9999 -9999 -9999 -9999 -9999 -9999 -9999 -9999 -9999 -9999 -9999 -9999 -9999 -9999 -9999 -9999 -9999 -9999 -9999 -9999 -9999 -9999 -9999 -9999 -9999 -9999 -9999 -9999 -9999 4.11301E0 4.91165E0 4.39253E0 3.59389E0 4.65209E0 4.03314E0 3.67375E0 3.25447E0 4.01318E0 2.37596E0 2.59559E0 2.1164E0 8.5854E-1 3.79355E-1 3.19457E-1 2.59559E-1 3.19457E-1 1.19796E-1 -9999 -9999 -9999 -9999
-9999 -9999 -9999 -9999 -9999 -9999 -9999 -9999 -9999 -9999 -9999 -9999 -9999 -9999 -9999 -9999 -9999 -9999 -9999 -9999 -9999 -9999 -9999 -9999 -9999 -9999 -9999 -9999 -9999 -9999 -9999 -9999 -9999 -9999 -9999 -9999 -9999 -9999 -9999 -9999 -9999 -9999 -9999 -9999 -9999 4.03314E0 4.85175E0 4.19287E0 4.01318E0 4.11301E0 4.01318E0 4.19287E0 4.65209E0 3.99321E0 2.77528E0 2.2961E0 1.47749E0 1.35769E0 6.78846E-1 3.59389E-1 5.19117E-1 3.19457E-1 2.59559E-1 9.98303E-2 1.59728E-1 2.89508E0 -9999 -9999
-9999 -9999 -9999 -9999 -9999 -9999 -9999 -9999 -9999 -9999 -9999 -9999 -9999 -9999 -9999 -9999 -9999 -9999 -9999 -9999 -9999 -9999 -9999 -9999 -9999 -9999 -9999 -9999 -9999 -9999 -9999 -9999 -9999 -9999 -9999 -9999 -9999 -9999 -9999 -9999 -9999 -9999 -9999 -9999 4.67206E0 4.11301E0 4.21284E0 4.4724E0 4.19287E0 4.67206E0 4.19287E0 4.13297E0 3.2944E0 2.83518E0 2.55566E0 2.45583E0 1.0582E0 7.5871E-1 6.18948E-1 3.19457E-1 2.59559E-1 1.19796E-1 1.99661E-1 1.19796E-1 2.59559E-1 1.47749E0 3.51403E0 3.57392E0
-9999 -9999 -9999 -9999 -9999 -9999 -9999 -9999 -9999 -9999 -9999 -9999 -9999 -9999 -9999 -9999 -9999 -9999 -9999 -9999 -9999 -9999 -9999 -9999 -9999 -9999 -9999 -9999 -9999 -9999 -9999 -9999 -9999 -9999 -9999 -9999 -9999 -9999 -9999 -9999 -9999 -9999 -9999 4.19287E0 5.23111E0 4.95158E0 4.4724E0 4.45243E0 4.21284E0 5.15124E0 4.27274E0 3.73365E0 2.27613E0 2.55566E0 2.27613E0 9.18439E-1 5.39084E-1 3.19457E-1 3.19457E-1 2.19627E-1 2.19627E-1 1.19796E-1 2.99491E-1 5.79016E-1 2.39593E0 3.3543E0 2.33603E0 3.57392E0
-9999 -9999 -9999 -9999 -9999 -9999 -9999 -9999 -9999 -9999 -9999 -9999 -9999 -9999 -9999 -9999 -9999 -9999 -9999 -9999 -9999 -9999 -9999 -9999 -9999 -9999 -9999 -9999 -9999 -9999 -9999 -9999 -9999 -9999 -9999 -9999 -9999 -9999 -9999 -9999 -9999 -9999 2.87511E0 4.07308E0 5.49067E0 4.73196E0 5.31097E0 4.63213E0 4.61216E0 4.09304E0 3.19457E0 2.13637E0 2.2961E0 1.43756E0 8.98473E-1 5.98982E-1 2.99491E-1 2.59559E-1 2.39593E-1 1.19796E-1 1.19796E-1 1.59728E-1 3.19457E-1 8.5854E-1 1.95667E0 2.09644E0 1.47749E0 3.2345E0
-9999 -9999 -9999 -9999 -9999 -9999 -9999 -9999 -9999 -9999 -9999 -9999 -9999 -9999 -9999 -9999 -9999 -9999 -9999 -9999 -9999 -9999 -9999 -9999 -9999 -9999 -9999 -9999 -9999 -9999 -9999 -9999 -9999 -9999 -9999 -9999 -9999 -9999 -9999 -9999 -9999 4.43246E0 5.39084E0 4.03314E0 2.89508E0 2.69542E0 2.37596E0 2.35599E0 2.2362E0 2.21623E0 2.27613E0 1.85684E0 1.0582E0 6.18948E-1 4.79185E-1 4.99151E-1 2.59559E-1 1.59728E-1 2.39593E-1 1.19796E-1 9.98303E-2 2.19627E-1 2.99491E-1 8.98473E-1 2.57562E0 2.97494E0 2.13637E0 -9999
-9999 -9999 -9999 -9999 -9999 -9999 -9999 -9999 -9999 -9999 -9999 -9999 -9999 -9999 -9999 -9999 -9999 -9999 -9999 -9999 -9999 -9999 -9999 -9999 -9999 -9999 -9999 -9999 -9999 -9999 -9999 -9999 -9999 -9999 -9999 -9999 -9999 -9999 -9999 -9999 -9999 -9999 2.37596E0 1.59728E0 2.35599E0 1.47749E0 8.98473E-1 8.38574E-1 7.78676E-1 7.5871E-1 6.5888E-1 5.79016E-1 5.19117E-1 2.59559E-1 2.39593E-1 2.59559E-1 2.59559E-1 1.59728E-1 1.19796E-1 9.98303E-2 1.19796E-1 5.19117E-1 1.51742E0 2.93501E0 1.63722E0 -9999 -9999 -9999
-9999 -9999 -9999 -9999 -9999 -9999 -9999 -9999 -9999 -9999 -9999 -9999 -9999 -9999 -9999 -9999 -9999 -9999 -9999 -9999 -9999 -9999 -9999 -9999 -9999 -9999 -9999 -9999 -9999 -9999 -9999 -9999 -9999 -9999 -9999 -9999 -9999 -9999 -9999 -9999 -9999 -9999 -9999 -9999 8.38574E-1 6.18948E-1 5.98982E-1 4.99151E-1 3.19457E-1 3.19457E-1 3.19457E-1 2.59559E-1 3.39423E-1 3.19457E-1 2.59559E-1 2.79525E-1 1.19796E-1 2.99491E-1 9.98303E-2 3.19457E-1 3.19457E-1 5.5905E-1 1.27783E0 2.37596E0 -9999 -9999 -9999 -9999
-9999 -9999 -9999 -9999 -9999 -9999 -9999 -9999 -9999 -9999 -9999 -9999 -9999 -9999 -9999 -9999 -9999 -9999 -9999 -9999 -9999 -9999 -9999 -9999 -9999 -9999 -9999 -9999 -9999 -9999 -9999 -9999 -9999 -9999 -9999 -9999 -9999 -9999 -9999 -9999 -9999 -9999 -9999 -9999 -9999 3.59389E-1 5.79016E-1 4.99151E-1 2.59559E-1 1.59728E-1 3.19457E-1 4.79185E-1 5.79016E-1 4.79185E-1 3.19457E-1 2.19627E-1 3.59389E-1 5.98982E-1 2.39593E-1 2.59559E-1 2.59559E-1 3.19457E-1 -9999 -9999 -9999 -9999 -9999 -9999
-9999 -9999 -9999 -9999 -9999 -9999 -9999 -9999 -9999 -9999 -9999 -9999 -9999 -9999 -9999 -9999 -9999 -9999 -9999 -9999 -9999 -9999 -9999 -9999 -9999 -9999 -9999 -9999 -9999 -9999 -9999 -9999 -9999 -9999 -9999 -9999 -9999 -9999 -9999 -9999 -9999 -9999 -9999 -9999 -9999 1.09813E0 5.79016E-1 9.18439E-1 3.59389E-1 2.59559E-1 2.59559E-1 4.19287E-1 8.18608E-1 3.19457E-1 4.99151E-1 2.19627E-1 3.39423E-1 9.98303E-1 2.99491E-1 3.19457E-1 2.19627E-1 1.99661E-1 -9999 -9999 -9999 -9999 -9999 -9999
-9999 -9999 -9999 -9999 -9999 -9999 -9999 -9999 -9999 -9999 -9999 -9999 -9999 -9999 -9999 -9999 -9999 -9999 -9999 -9999 -9999 -9999 -9999 -9999 -9999 -9999 -9999 -9999 -9999 -9999 -9999 -9999 -9999 -9999 -9999 -9999 -9999 -9999 -9999 -9999 -9999 -9999 -9999 -9999 -9999 -9999 3.01487E0 2.59559E0 1.79695E0 7.5871E-1 3.19457E-1 3.59389E-1 4.79185E-1 3.19457E-1 3.19457E-1 2.59559E-1 2.59559E-1 5.19117E-1 3.19457E-1 3.59389E-1 4.99151E-1 -9999 -9999 -9999 -9999 -9999 -9999 -9999
-9999 -9999 -9999 -9999 -9999 -9999 -9999 -9999 -9999 -9999 -9999 -9999 -9999 -9999 -9999 -9999 -9999 -9999 -9999 -9999 -9999 -9999 -9999 -9999 -9999 -9999 -9999 -9999 -9999 -9999 -9999 -9999 -9999 -9999 -9999 -9999 -9999 -9999 -9999 -9999 -9999 -9999 -9999 -9999 -9999 -9999 -9999 -9999 -9999 1.53739E0 6.5888E-1 2.99491E-1 3.19457E-1 2.39593E-1 2.19627E-1 2.59559E-1 2.39593E-1 2.59559E-1 3.19457E-1 3.19457E-1 -9999 -9999 -9999 -9999 -9999 -9999 -9999 -9999
-9999 -9999 -9999 -9999 -9999 -9999 -9999 -9999 -9999 -9999 -9999 -9999 -9999 -9999 -9999 -9999 -9999 -9999 -9999 -9999 -9999 -9999 -9999 -9999 -9999 -9999 -9999 -9999 -9999 -9999 -9999 -9999 -9999 -9999 -9999 -9999 -9999 -9999 -9999 -9999 -9999 -9999 -9999 -9999 -9999 -9999 -9999 -9999 -9999 -9999 1.43756E0 6.38914E-1 4.99151E-1 3.59389E-1 2.99491E-1 2.39593E-1 2.39593E-1 2.39593E-1 2.99491E-1 -9999 -9999 -9999 -9999 -9999 -9999 -9999 -9999 -9999
-9999 -9999 -9999 -9999 -9999 -9999 -9999 -9999 -9999 -9999 -9999 -9999 -9999 -9999 -9999 -9999 -9999 -9999 -9999 -9999 -9999 -9999 -9999 -9999 -9999 -9999 -9999 -9999 -9999 -9999 -9999 -9999 -9999 -9999 -9999 -9999 -9999 -9999 -9999 -9999 -9999 -9999 -9999 -9999 -9999 -9999 -9999 -9999 -9999 -9999 -9999 -9999 3.19457E-1 1.99661E-1 2.19627E-1 1.59728E-1 1.59728E-1 3.19457E-1 3.19457E-1 -9999 -9999 -9999 -9999 -9999 -9999 -9999 -9999 -9999
