ENM/Final_Models/M_2_F_lq_Set_1_NE/Gustavia_santanderiensis_3_Choco.asc
ncols         367
nrows         963
xllcorner     -78.6
yllcorner     0.65
cellsize      0.00833333333333323
NODATA_value  -9999
[rows 782 to 815 of 963, columns 156 to 233 of 367]
5.01933E-5 4.02101E-5 2.89144E-5 5.55725E-5 5.83772E-5 2.11032E-5 1.68637E-5 2.06701E-5 4.91899E-5 4.75941E-5 2.27349E-5 2.29924E-5 2.37994E-5 2.1692E-5 3.65251E-5 1.51221E-4 9.53722E-5 6.53673E-5 2.61695E-4 2.20936E-3 6.09267E-3 7.76789E-3 2.91381E-2 4.7266E-2 -9999 -9999 -9999 -9999 -9999 -9999 -9999 -9999 -9999 -9999 -9999 -9999 -9999 -9999 -9999 -9999 -9999 4.96437E-2 3.32302E-2 2.66661E-2 4.41446E-2 2.94897E-2 3.44995E-2 5.86123E-2 4.3084E-2 3.06272E-2 2.40498E-2 1.69148E-2 1.59882E-2 2.0719E-2 1.44708E-2 1.21928E-2 1.23524E-2 9.76281E-3 1.03697E-2 8.87405E-3 3.8651E-3 4.07902E-3 2.95898E-3 2.43793E-3 1.114E-3 6.95642E-4 2.62273E-4 8.20501E-5 5.10962E-5 2.14301E-4 1.26422E-4 2.51721E-4 3.32735E-4 3.10616E-4 1.78277E-4 1.20008E-4 1.00401E-4 7.07751E-5
2.34577E-5 1.87855E-5 2.30895E-5 1.827E-5 1.72187E-5 1.91428E-5 2.46817E-5 1.80665E-5 3.78468E-5 2.38055E-5 1.53784E-5 1.81924E-5 1.71526E-5 3.97673E-5 8.83379E-5 2.22264E-4 2.17825E-4 2.87675E-4 7.87163E-4 5.1961E-3 1.54813E-2 3.04877E-2 -9999 -9999 1.40088E-2 -9999 -9999 -9999 -9999 -9999 -9999 -9999 -9999 -9999 -9999 -9999 -9999 -9999 -9999 -9999 6.61729E-2 5.32372E-2 4.67771E-2 2.38476E-2 4.99252E-2 5.60264E-2 5.93991E-2 5.51244E-2 3.50797E-2 1.39278E-2 9.55659E-3 9.70813E-3 1.29136E-2 2.13651E-2 7.07448E-3 3.94635E-3 8.87022E-3 1.06517E-2 7.39461E-3 4.1648E-3 4.4425E-3 4.55636E-3 1.44219E-3 6.40277E-4 5.46645E-4 5.18489E-4 4.07242E-4 1.04404E-4 3.83469E-5 1.38518E-4 1.62451E-4 1.80013E-4 1.76651E-4 1.9384E-4 1.75809E-4 5.99719E-5 1.07155E-4 8.8903E-5
8.78368E-6 1.11126E-5 1.20874E-5 1.54025E-5 1.83297E-5 1.91416E-5 1.40243E-5 1.80483E-5 5.0579E-5 3.57922E-5 1.30827E-5 2.02147E-5 4.89411E-5 1.12399E-4 1.67547E-4 1.12572E-3 3.99151E-4 1.96304E-3 5.07564E-3 1.38232E-2 2.73091E-2 -9999 -9999 -9999 3.41168E-2 -9999 -9999 -9999 -9999 -9999 -9999 -9999 -9999 -9999 -9999 -9999 -9999 -9999 -9999 4.12399E-2 3.70303E-2 2.66282E-2 3.21189E-2 2.58123E-2 6.12717E-2 6.80157E-2 5.50993E-2 2.82683E-2 1.13441E-2 2.72762E-3 1.35585E-2 8.23396E-3 8.96061E-3 7.39915E-3 1.47638E-2 3.72015E-3 2.88067E-3 1.3585E-3 2.28501E-3 2.09471E-3 1.35627E-3 1.20896E-3 1.58034E-3 7.73955E-4 4.0036E-4 1.10907E-4 7.28035E-5 1.51456E-4 1.37083E-4 1.37242E-4 1.566E-4 1.13285E-4 2.34948E-4 1.28335E-4 7.70376E-5 1.03982E-4 6.30856E-5 6.94213E-5
7.2497E-6 1.84672E-5 2.38534E-5 2.30549E-5 1.48395E-5 1.63017E-5 1.43948E-5 3.66471E-5 4.92631E-5 3.35123E-5 2.37676E-5 4.83966E-5 1.28723E-4 2.70466E-4 7.31033E-4 2.97828E-3 1.80258E-4 1.00745E-3 5.6229E-3 2.2841E-2 2.07102E-2 -9999 -9999 -9999 5.88165E-2 -9999 -9999 -9999 -9999 -9999 -9999 -9999 -9999 -9999 -9999 -9999 -9999 -9999 2.29558E-2 2.45612E-2 3.13679E-2 2.21946E-2 2.19661E-2 4.21281E-2 7.18096E-2 6.68357E-2 3.17344E-2 2.94267E-2 5.09602E-3 1.45519E-3 9.55925E-3 7.83756E-3 2.93526E-3 3.30371E-3 1.40654E-2 6.07913E-3 1.72227E-3 1.0632E-3 1.64972E-3 8.02782E-4 2.58483E-4 2.61418E-4 2.23716E-3 1.02534E-3 2.72809E-4 1.72439E-4 2.26412E-4 9.33661E-5 9.77295E-5 1.37761E-4 1.48129E-4 1.04178E-4 1.41131E-4 2.70349E-4 1.43995E-4 9.89808E-5 5.09133E-5 7.15917E-5
1.33767E-5 2.06296E-5 3.3337E-5 5.3824E-5 1.59881E-5 1.18676E-5 1.71449E-5 4.88971E-5 7.73143E-5 2.92211E-5 3.3409E-5 4.12422E-5 1.95781E-4 4.49656E-4 9.70811E-4 2.43615E-3 2.03551E-4 1.98975E-4 2.68104E-3 6.77638E-3 -9999 -9999 -9999 -9999 -9999 -9999 -9999 -9999 -9999 -9999 -9999 -9999 -9999 -9999 -9999 -9999 -9999 -9999 -9999 2.95917E-2 2.79693E-2 2.33574E-2 3.18862E-2 6.56217E-2 7.07854E-2 3.34556E-2 1.99297E-2 1.00662E-2 4.07474E-3 1.19467E-3 4.91105E-3 4.52137E-3 2.03983E-3 2.78582E-3 1.26474E-2 1.10081E-2 2.44243E-3 1.54465E-3 3.97226E-4 3.1678E-4 1.86904E-4 3.73765E-4 7.12272E-4 1.10498E-3 1.09569E-4 8.54826E-5 1.90769E-4 1.61302E-4 1.8986E-4 1.16827E-4 1.49353E-4 1.50333E-4 1.35279E-4 1.54552E-4 1.96643E-4 1.73955E-4 9.48373E-5 8.23449E-5
1.41058E-5 8.55262E-6 2.82149E-5 1.63865E-4 8.30487E-5 1.79334E-5 2.52542E-5 8.21189E-5 1.84344E-4 2.75648E-5 2.42829E-5 5.2311E-5 1.90107E-4 4.02415E-4 1.25059E-3 1.85967E-3 1.93929E-3 1.90273E-4 5.74295E-4 4.4961E-3 -9999 -9999 -9999 -9999 -9999 -9999 -9999 -9999 -9999 -9999 -9999 -9999 -9999 -9999 -9999 -9999 -9999 -9999 -9999 4.31844E-2 3.40973E-2 7.22885E-2 6.14562E-2 1.02401E-1 8.32464E-2 4.52018E-2 2.63515E-2 6.49637E-3 1.44778E-3 7.72597E-4 3.19714E-3 4.12535E-3 3.9435E-3 4.26305E-3 1.46185E-2 1.27654E-2 2.88471E-3 9.78002E-4 1.06191E-4 2.36736E-4 8.2581E-5 2.7498E-4 5.9311E-4 1.60293E-4 8.1175E-5 1.11249E-4 7.16135E-5 2.36471E-4 2.09692E-4 1.29545E-4 1.31756E-4 2.18646E-4 1.353E-4 9.13731E-5 7.19991E-5 9.97092E-5 1.41011E-4 1.11566E-4
8.7874E-6 1.01381E-5 3.29507E-5 9.55995E-5 5.06438E-5 3.1823E-5 5.02562E-5 1.12006E-4 3.93016E-4 7.11244E-5 9.49337E-6 1.84922E-5 1.45514E-4 5.10214E-4 1.97786E-3 4.9927E-3 1.96861E-3 1.42711E-3 2.53595E-4 3.58751E-3 1.19698E-2 -9999 -9999 -9999 -9999 -9999 -9999 -9999 -9999 -9999 -9999 -9999 -9999 -9999 -9999 -9999 -9999 4.80075E-2 7.45977E-2 5.00598E-2 4.19027E-2 9.51116E-2 1.10515E-1 7.08383E-2 4.05137E-2 4.1066E-2 1.75807E-2 7.06736E-3 3.83818E-4 2.17507E-4 4.02779E-4 1.34082E-3 3.88674E-3 6.50077E-3 7.64042E-3 1.1304E-2 4.99116E-3 5.4242E-4 5.19588E-4 2.31849E-4 1.64197E-4 2.24607E-4 2.63716E-4 3.67889E-4 1.0913E-4 1.69569E-4 2.30963E-4 2.12193E-4 1.26107E-4 1.11719E-4 1.69016E-4 7.22094E-5 9.55093E-5 1.04149E-4 1.10296E-4 1.56783E-4 1.50859E-4 7.07986E-5
8.38931E-6 1.30536E-5 2.2855E-5 3.30115E-5 1.7949E-5 1.09477E-5 2.80565E-5 7.19866E-5 4.09966E-4 9.17495E-5 2.35442E-5 3.49081E-5 9.13527E-5 1.28243E-3 7.21578E-3 1.01999E-2 6.77712E-3 2.45193E-3 1.24573E-3 5.76689E-3 1.88416E-2 3.40133E-2 -9999 -9999 -9999 -9999 -9999 -9999 -9999 -9999 -9999 -9999 -9999 -9999 -9999 -9999 3.31781E-2 4.75858E-2 9.03442E-2 4.59592E-2 6.98584E-2 7.47619E-2 4.17847E-2 3.12799E-2 3.46342E-2 3.24427E-2 4.1804E-3 4.06743E-3 1.24054E-3 5.35901E-4 1.87197E-4 1.45061E-3 1.91293E-3 3.65969E-3 1.7475E-3 3.60359E-3 4.52227E-3 1.38533E-3 6.96568E-4 2.72099E-4 1.67422E-4 1.40603E-4 1.50804E-4 1.85354E-4 1.71361E-4 2.23651E-4 1.88034E-4 2.49895E-4 2.00859E-4 1.43866E-4 6.4211E-5 1.27845E-4 5.8793E-5 3.85649E-5 3.67774E-5 4.83772E-5 9.90104E-5 1.64782E-4
9.48424E-6 2.09033E-5 1.1884E-5 9.91999E-5 3.59595E-4 1.04063E-4 2.45139E-4 7.67001E-4 2.05344E-4 8.3716E-5 3.2354E-5 3.82607E-5 3.98406E-4 1.05734E-3 6.40199E-3 2.20425E-2 9.99542E-3 8.9244E-3 9.01843E-3 3.52755E-3 1.62129E-2 -9999 -9999 -9999 -9999 -9999 -9999 -9999 -9999 -9999 -9999 -9999 -9999 -9999 -9999 -9999 3.34839E-2 3.95922E-2 8.90464E-2 9.17048E-2 6.76347E-2 3.58808E-2 1.53744E-2 9.95465E-3 1.14775E-2 1.50525E-2 4.75538E-3 5.16998E-4 5.50849E-4 4.33833E-4 3.99379E-4 7.68009E-4 5.30541E-4 1.96203E-3 1.01436E-3 8.43706E-4 4.54066E-3 1.49414E-3 9.21538E-5 2.23612E-4 1.48247E-4 1.35428E-4 1.41028E-4 1.87333E-4 2.2462E-4 2.70515E-4 1.96972E-4 1.73944E-4 1.30001E-4 7.38833E-5 4.3575E-5 6.14241E-5 7.63177E-5 2.38352E-5 3.44798E-5 6.01752E-5 1.19618E-4 6.82665E-5
1.03747E-5 1.67691E-5 1.72967E-5 4.35943E-5 6.20613E-4 1.06043E-3 1.22295E-3 1.72101E-3 1.42042E-4 2.44841E-5 3.23451E-5 1.66914E-4 7.63406E-4 1.74842E-3 8.22875E-3 -9999 1.59803E-2 2.71416E-2 1.46558E-2 1.53908E-2 1.53082E-2 -9999 -9999 -9999 -9999 -9999 -9999 -9999 -9999 -9999 -9999 -9999 -9999 -9999 -9999 -9999 3.18304E-2 6.63794E-2 1.16755E-1 1.10346E-1 4.80921E-2 1.69999E-2 1.06813E-2 1.09514E-2 6.3067E-3 3.60821E-3 1.00737E-2 9.29045E-4 6.11067E-4 3.91977E-4 4.62993E-4 2.95223E-4 5.51497E-4 6.92368E-4 3.32627E-4 6.47016E-4 2.08755E-3 1.29515E-3 8.5771E-5 2.0351E-4 8.76535E-5 1.02856E-4 1.45491E-4 1.63335E-4 1.43602E-4 1.16048E-4 1.8548E-4 1.41329E-4 7.60907E-5 1.09223E-4 5.48186E-5 5.5379E-5 7.23371E-5 6.96674E-5 1.14755E-4 7.25564E-5 8.52033E-5 5.80831E-5
6.97901E-6 1.81424E-5 4.26309E-6 9.23454E-6 2.14224E-4 3.90613E-3 2.09313E-3 3.97132E-4 4.82864E-5 3.64602E-5 8.35029E-5 5.66192E-4 1.84532E-3 3.52747E-3 5.78444E-3 -9999 -9999 -9999 4.69748E-2 3.61148E-2 1.23859E-1 -9999 -9999 -9999 -9999 -9999 -9999 -9999 -9999 -9999 -9999 -9999 -9999 -9999 -9999 -9999 -9999 -9999 -9999 7.11883E-2 1.89382E-2 1.97593E-2 2.02557E-2 7.64155E-3 1.91257E-3 5.15923E-4 1.97061E-3 1.14225E-3 4.94432E-4 1.17812E-4 8.97524E-5 7.03028E-5 2.62938E-4 4.24041E-4 1.16233E-4 1.0566E-4 5.4566E-4 2.21331E-3 3.1727E-4 1.63439E-4 7.83638E-5 9.45485E-5 1.11494E-4 1.53129E-4 1.48146E-4 7.97179E-5 8.50468E-5 8.52797E-5 9.39978E-5 9.20974E-5 5.02608E-5 2.43139E-5 6.84008E-5 4.4397E-5 1.43732E-4 7.59738E-5 5.92803E-5 6.07801E-5
9.68851E-6 2.35149E-5 2.51215E-5 7.33872E-5 3.22897E-4 4.82301E-3 1.30446E-3 6.21849E-5 2.72551E-5 4.96527E-5 2.12976E-4 8.81149E-4 3.56249E-3 1.03195E-2 1.94585E-2 2.50531E-2 -9999 -9999 -9999 -9999 -9999 -9999 -9999 -9999 -9999 -9999 -9999 -9999 -9999 -9999 -9999 -9999 -9999 -9999 -9999 -9999 -9999 1.13573E-1 4.38267E-2 2.07264E-2 3.58048E-2 2.41822E-2 8.66199E-3 2.99444E-3 1.86046E-3 4.29641E-4 9.40221E-4 1.34143E-3 2.67965E-4 4.63432E-5 7.52828E-5 4.76596E-5 1.28626E-4 8.4593E-5 1.0679E-4 1.70814E-4 7.09304E-4 4.21455E-4 7.35931E-4 1.42118E-4 7.27382E-5 5.56211E-5 7.36446E-5 8.10201E-5 8.47786E-5 9.07966E-5 1.15503E-4 1.84246E-4 8.00369E-5 6.22156E-5 6.16644E-5 4.48018E-5 5.48556E-5 4.30598E-5 1.04315E-4 4.82042E-5 3.93433E-5 4.30671E-5
7.94539E-6 2.24891E-5 3.8286E-4 2.52107E-4 4.38522E-3 3.39605E-3 7.23039E-4 8.53022E-5 1.35548E-5 1.64E-4 7.03365E-4 2.57898E-3 7.81572E-3 1.51038E-2 1.07717E-2 2.08706E-2 -9999 -9999 -9999 -9999 -9999 -9999 -9999 -9999 -9999 -9999 -9999 -9999 -9999 -9999 -9999 -9999 -9999 -9999 -9999 -9999 9.94899E-2 7.46282E-2 -9999 3.91587E-2 3.43242E-2 9.35062E-3 7.99466E-3 6.46172E-3 2.31144E-3 1.15527E-3 4.33935E-4 1.63307E-4 2.24363E-4 1.43878E-4 1.53285E-4 1.43633E-4 1.9892E-4 1.24994E-4 5.58019E-5 1.12551E-4 2.87065E-4 2.36914E-4 8.42762E-4 1.13952E-4 7.48449E-5 7.27878E-5 7.10265E-5 5.36321E-5 6.95518E-5 6.04019E-5 8.10668E-5 1.28323E-4 1.48658E-4 6.70813E-5 6.85278E-5 6.73884E-5 6.19232E-5 4.58619E-5 4.78086E-5 7.99357E-5 3.48991E-5 3.15903E-5
3.14543E-5 3.83202E-5 7.51035E-4 4.33038E-3 7.8465E-3 1.7839E-3 4.75335E-4 1.05427E-5 2.49777E-5 1.6083E-4 1.28564E-3 4.76942E-3 2.056E-2 1.79997E-2 3.12725E-2 -9999 -9999 -9999 -9999 -9999 -9999 -9999 -9999 -9999 -9999 -9999 -9999 -9999 -9999 -9999 -9999 -9999 -9999 -9999 -9999 7.84153E-2 8.43094E-2 -9999 -9999 6.64165E-2 5.57403E-2 1.92418E-2 1.17884E-2 3.15579E-3 7.20075E-3 5.31964E-3 9.67789E-4 1.39429E-4 3.36847E-4 1.20397E-4 1.30587E-4 1.99209E-4 1.80578E-4 1.96884E-4 1.43029E-4 1.35818E-4 1.1616E-4 9.47754E-5 1.29949E-4 1.98381E-4 8.22411E-5 4.97724E-5 5.42939E-5 8.8362E-5 8.23235E-5 6.19953E-5 6.44132E-5 5.73689E-5 4.94115E-5 7.46301E-5 5.56739E-5 7.27702E-5 4.20881E-5 4.19309E-5 4.56136E-5 7.62005E-5 4.00129E-5 3.67538E-5
4.86301E-6 7.37292E-5 1.69406E-4 4.64193E-3 8.76448E-3 -9999 -9999 9.34993E-5 7.67135E-5 6.59392E-4 1.60179E-3 5.02013E-3 1.58131E-2 3.2512E-2 -9999 -9999 -9999 -9999 -9999 -9999 -9999 -9999 -9999 -9999 -9999 -9999 -9999 -9999 -9999 -9999 -9999 -9999 -9999 -9999 -9999 -9999 -9999 -9999 -9999 2.93267E-2 2.85671E-2 4.52159E-2 3.36132E-2 2.3209E-2 1.03123E-2 1.26211E-2 2.97529E-3 1.53389E-3 8.1057E-4 1.73866E-4 1.56871E-4 1.10351E-4 9.51257E-5 1.51678E-4 1.32833E-4 1.90551E-4 1.66981E-4 1.45268E-4 8.56899E-5 1.04941E-4 1.16724E-4 5.10263E-5 5.0394E-5 4.82393E-5 1.15186E-4 5.41974E-5 4.54902E-5 5.10087E-5 5.90352E-5 8.49057E-5 6.87599E-5 4.7821E-5 4.1021E-5 5.7987E-5 5.1947E-5 9.16099E-5 3.69462E-5 4.64544E-5
8.67817E-4 2.53755E-4 4.23672E-4 8.05237E-3 1.02984E-2 -9999 -9999 2.89788E-4 4.77279E-4 1.91193E-3 5.63723E-3 1.05524E-2 2.0351E-2 1.79032E-2 5.25695E-2 -9999 -9999 -9999 -9999 -9999 -9999 -9999 -9999 -9999 -9999 -9999 -9999 -9999 -9999 -9999 -9999 -9999 -9999 -9999 -9999 -9999 -9999 -9999 -9999 2.1816E-2 1.71249E-2 3.39512E-2 1.6082E-2 9.09186E-3 7.39458E-3 5.20356E-3 3.70331E-3 1.99089E-3 2.16246E-3 6.25834E-4 1.68335E-4 1.47397E-4 1.63684E-4 1.0724E-4 1.09331E-4 2.56652E-4 1.96443E-4 9.95235E-5 9.05441E-5 7.33913E-5 9.64247E-5 6.1514E-5 5.40159E-5 4.77482E-5 6.84972E-5 5.93179E-5 3.93228E-5 5.04915E-5 6.04339E-5 5.91306E-5 4.45364E-5 5.28431E-5 3.5302E-5 6.8016E-5 6.28783E-5 7.61071E-5 6.04336E-5 4.00838E-5
5.95982E-4 2.15976E-3 5.9189E-3 1.08749E-2 1.1307E-2 -9999 -9999 2.4005E-3 2.71792E-3 4.92729E-3 6.77967E-3 2.79953E-2 2.62144E-2 1.7638E-2 6.969E-2 -9999 -9999 -9999 -9999 -9999 -9999 -9999 -9999 -9999 -9999 -9999 -9999 -9999 -9999 -9999 -9999 -9999 -9999 -9999 -9999 -9999 -9999 -9999 -9999 1.60614E-2 1.25685E-2 2.95858E-2 8.52223E-3 1.85104E-3 5.39489E-4 1.17287E-3 7.57705E-4 9.93258E-4 2.25425E-4 4.37583E-4 2.67044E-4 2.59066E-4 2.41767E-4 1.28118E-4 7.16802E-5 9.33523E-5 1.13033E-4 8.82922E-5 4.75295E-5 1.19899E-4 1.1242E-4 8.17955E-5 5.93615E-5 3.72099E-5 4.35797E-5 5.88837E-5 5.50276E-5 3.96774E-5 4.04966E-5 5.3605E-5 5.86794E-5 4.57204E-5 4.19096E-5 5.44626E-5 4.30972E-5 4.92444E-5 6.49072E-5 6.3108E-5
5.13951E-5 3.51286E-4 1.05623E-2 -9999 -9999 -9999 -9999 8.28356E-3 5.87492E-3 1.37848E-2 1.96612E-2 2.93377E-2 -9999 -9999 -9999 -9999 -9999 -9999 -9999 -9999 -9999 -9999 -9999 -9999 -9999 -9999 -9999 -9999 -9999 -9999 -9999 -9999 -9999 -9999 -9999 -9999 -9999 -9999 9.28508E-3 1.40083E-2 8.64135E-3 1.03384E-2 5.83407E-3 9.60778E-4 6.50778E-4 8.55862E-4 2.71363E-3 4.70347E-4 2.11002E-4 2.52696E-4 2.28107E-4 1.28976E-4 1.73412E-4 1.28228E-4 8.19015E-5 5.97092E-5 5.18931E-5 4.96422E-5 6.40537E-5 1.08509E-4 6.35627E-5 1.10815E-4 6.34552E-5 4.08135E-5 3.97831E-5 4.50677E-5 4.42524E-5 6.16597E-5 5.41915E-5 3.342E-5 2.39692E-5 2.33838E-5 4.68479E-5 6.71155E-5 4.89846E-5 4.59111E-5 4.79048E-5 5.0187E-5
3.82124E-5 1.0868E-3 1.5098E-2 -9999 -9999 -9999 -9999 6.33489E-3 2.12683E-2 1.04292E-2 6.06546E-2 1.09706E-1 -9999 -9999 -9999 -9999 -9999 -9999 -9999 -9999 -9999 -9999 -9999 -9999 -9999 -9999 -9999 -9999 -9999 -9999 -9999 -9999 -9999 -9999 -9999 -9999 -9999 -9999 2.85241E-3 1.98456E-3 1.36155E-2 5.94896E-3 2.62838E-3 2.02368E-3 5.65439E-4 2.22667E-4 6.48727E-4 4.59278E-4 2.56969E-4 2.56192E-4 1.86454E-4 1.60081E-4 3.91516E-4 1.21114E-4 6.89985E-5 8.71971E-5 9.58863E-5 8.18335E-5 8.48023E-5 5.72853E-5 3.48153E-5 1.00988E-4 1.54689E-4 5.61937E-5 4.81062E-5 3.70928E-5 4.47043E-5 4.64885E-5 5.30367E-5 3.87481E-5 2.06962E-5 2.92813E-5 5.2574E-5 5.89024E-5 4.58082E-5 4.49298E-5 4.18165E-5 4.67159E-5
1.08131E-4 1.39351E-3 1.42486E-2 1.14811E-2 -9999 -9999 -9999 -9999 -9999 5.04666E-2 6.85921E-2 9.13145E-2 -9999 -9999 -9999 -9999 -9999 -9999 -9999 -9999 -9999 -9999 -9999 -9999 -9999 -9999 -9999 -9999 -9999 -9999 -9999 -9999 -9999 -9999 -9999 -9999 -9999 -9999 1.98201E-3 4.94277E-3 8.34117E-3 3.43286E-3 3.8034E-4 6.41354E-4 1.05056E-3 8.69584E-4 6.84011E-4 1.94504E-4 2.16102E-4 1.83668E-4 2.16137E-4 2.10068E-4 1.38535E-4 1.56192E-4 1.3336E-4 8.41599E-5 9.0053E-5 5.12243E-5 3.4563E-5 3.90829E-5 5.37552E-5 3.01593E-5 5.2685E-5 7.33496E-5 3.82301E-5 3.5764E-5 3.19326E-5 2.90528E-5 5.37625E-5 5.05001E-5 2.75965E-5 5.43237E-5 5.71121E-5 4.83416E-5 5.05005E-5 4.19581E-5 4.05703E-5 4.7083E-5
4.08693E-4 2.56026E-3 9.91166E-3 5.85569E-3 -9999 -9999 -9999 -9999 -9999 -9999 7.95007E-2 -9999 -9999 -9999 -9999 -9999 -9999 -9999 -9999 -9999 -9999 -9999 -9999 -9999 -9999 -9999 -9999 -9999 -9999 -9999 -9999 -9999 -9999 -9999 -9999 -9999 -9999 -9999 1.44088E-2 2.03742E-3 4.19759E-3 2.30277E-3 9.40545E-4 1.38225E-3 1.41291E-3 9.11329E-4 2.71968E-4 1.67648E-4 7.92099E-5 9.54243E-5 1.01835E-4 1.42828E-4 1.17965E-4 1.10765E-4 1.27922E-4 7.5712E-5 7.02287E-5 6.80613E-5 6.2073E-5 7.22027E-5 4.25757E-5 3.87191E-5 7.26319E-5 7.28674E-5 4.3483E-5 3.66857E-5 3.30503E-5 4.85721E-5 5.23663E-5 4.21672E-5 3.4652E-5 6.19932E-5 5.19208E-5 6.1775E-5 4.63115E-5 4.32334E-5 5.54356E-5 5.84452E-5
6.64131E-5 1.33757E-3 1.01153E-3 9.30436E-4 2.34361E-3 4.21199E-3 1.11701E-2 -9999 -9999 -9999 -9999 -9999 -9999 -9999 -9999 -9999 -9999 -9999 -9999 -9999 -9999 -9999 -9999 -9999 -9999 -9999 -9999 -9999 -9999 -9999 -9999 -9999 -9999 -9999 -9999 -9999 -9999 -9999 1.71012E-2 4.30432E-3 6.41679E-3 7.07269E-3 4.9835E-3 1.02039E-3 6.79986E-4 1.74517E-4 1.12923E-4 1.94186E-4 3.39106E-4 7.48161E-5 7.10284E-5 3.93175E-5 8.44321E-5 1.02757E-4 8.70565E-5 7.60522E-5 7.25403E-5 6.72205E-5 9.71658E-5 8.70304E-5 2.14323E-5 2.55399E-5 2.57909E-5 2.82775E-5 3.15784E-5 3.41117E-5 2.96882E-5 5.87783E-5 5.63574E-5 4.79919E-5 4.1901E-5 3.86739E-5 5.34359E-5 4.16456E-5 3.73002E-5 3.48927E-5 4.76385E-5 4.82801E-5
1.09941E-4 1.46006E-3 1.12553E-3 2.61059E-3 3.26213E-3 1.91974E-3 4.05972E-3 1.67878E-2 4.74798E-2 -9999 -9999 -9999 -9999 -9999 -9999 -9999 -9999 -9999 -9999 -9999 -9999 -9999 -9999 -9999 -9999 -9999 -9999 -9999 -9999 -9999 -9999 -9999 -9999 -9999 -9999 -9999 -9999 -9999 -9999 7.91092E-3 6.327E-3 9.35678E-3 4.7051E-3 6.5272E-4 2.11557E-4 9.35904E-5 7.21891E-5 8.29541E-5 2.09326E-4 1.29132E-4 6.35877E-5 4.13581E-5 4.71062E-5 8.01138E-5 7.28894E-5 5.74521E-5 6.17635E-5 6.46289E-5 8.28752E-5 6.71273E-5 3.28591E-5 3.25434E-5 2.77788E-5 3.84511E-5 2.85821E-5 3.1952E-5 4.21701E-5 5.67487E-5 6.07813E-5 5.28921E-5 4.50302E-5 5.2698E-5 5.4281E-5 3.23014E-5 -9999 -9999 3.76314E-5 2.90771E-5
6.70141E-5 8.52725E-4 4.74921E-3 5.94473E-3 7.55483E-3 4.46312E-3 4.21148E-3 3.89822E-2 1.1291E-1 5.89639E-2 -9999 -9999 -9999 -9999 -9999 -9999 -9999 -9999 -9999 -9999 -9999 -9999 -9999 -9999 -9999 -9999 -9999 -9999 -9999 -9999 -9999 -9999 -9999 -9999 -9999 -9999 -9999 -9999 -9999 1.54457E-2 7.76506E-3 5.55065E-3 4.32782E-3 2.5621E-3 3.13659E-4 1.4701E-4 2.4303E-4 3.59986E-4 1.78499E-4 5.35213E-5 8.40993E-5 6.66013E-5 6.21511E-5 4.31715E-5 3.64432E-5 5.09889E-5 4.85343E-5 6.91452E-5 7.71429E-5 4.91435E-5 3.80139E-5 2.66449E-5 3.26709E-5 3.41155E-5 2.85759E-5 2.32074E-5 3.65043E-5 3.85699E-5 5.63033E-5 5.04855E-5 3.97411E-5 -9999 -9999 -9999 -9999 -9999 -9999 -9999
6.6867E-4 1.16192E-3 1.02273E-2 1.11751E-2 3.89714E-2 -9999 6.00125E-3 4.57667E-2 -9999 -9999 -9999 -9999 -9999 -9999 -9999 -9999 -9999 -9999 -9999 -9999 -9999 -9999 -9999 -9999 -9999 -9999 -9999 -9999 -9999 -9999 -9999 -9999 -9999 -9999 -9999 -9999 -9999 -9999 -9999 -9999 1.93786E-2 1.2066E-2 9.26152E-3 1.1933E-3 2.52167E-4 2.2129E-4 9.79381E-4 5.33964E-4 1.03274E-4 3.71384E-5 3.44192E-5 5.22088E-5 5.81664E-5 9.3786E-5 5.7595E-5 6.00472E-5 5.04922E-5 5.53027E-5 6.71619E-5 4.62473E-5 6.33502E-5 7.00065E-5 7.21434E-5 6.98677E-5 4.52164E-5 4.49456E-5 3.53208E-5 6.92899E-5 5.8205E-5 -9999 -9999 -9999 -9999 -9999 -9999 -9999 -9999 -9999
2.02795E-3 2.14879E-3 1.33275E-2 1.19544E-2 4.91719E-2 -9999 1.47025E-2 -9999 -9999 -9999 -9999 -9999 -9999 -9999 -9999 -9999 -9999 -9999 -9999 -9999 -9999 -9999 -9999 -9999 -9999 -9999 -9999 -9999 -9999 -9999 -9999 -9999 -9999 -9999 -9999 -9999 -9999 -9999 -9999 -9999 -9999 1.32515E-2 1.31762E-2 3.25739E-3 5.03943E-4 8.84751E-4 7.85018E-4 4.38668E-4 1.42147E-4 7.63677E-5 7.52763E-5 4.72758E-5 4.07162E-5 1.03087E-4 8.09377E-5 8.22562E-5 5.20377E-5 5.71827E-5 4.12942E-5 4.98514E-5 7.53079E-5 9.07509E-5 8.41092E-5 6.92314E-5 6.26544E-5 6.39618E-5 5.61405E-5 5.69855E-5 -9999 -9999 -9999 -9999 -9999 -9999 -9999 -9999 -9999 -9999
5.30218E-3 5.73097E-3 1.32335E-2 4.56104E-2 -9999 -9999 -9999 -9999 -9999 -9999 -9999 -9999 -9999 -9999 -9999 -9999 -9999 -9999 -9999 -9999 -9999 -9999 -9999 -9999 -9999 -9999 -9999 -9999 -9999 -9999 -9999 -9999 -9999 -9999 -9999 -9999 -9999 -9999 -9999 -9999 -9999 -9999 9.12798E-3 8.69214E-4 1.37789E-3 2.25048E-3 1.52742E-3 4.79391E-4 1.80549E-4 1.16097E-4 1.34773E-4 1.25135E-4 9.12352E-5 5.29611E-5 1.65347E-4 7.89608E-5 5.45993E-5 6.23549E-5 4.97599E-5 5.45151E-5 2.87398E-5 6.69839E-5 7.32572E-5 5.4981E-5 6.71354E-5 6.05989E-5 3.78559E-5 -9999 -9999 -9999 -9999 -9999 -9999 -9999 -9999 -9999 -9999 -9999
5.87565E-3 1.67439E-2 9.40064E-3 2.14341E-2 -9999 -9999 -9999 -9999 -9999 -9999 -9999 -9999 -9999 -9999 -9999 -9999 -9999 -9999 -9999 -9999 -9999 -9999 -9999 -9999 -9999 -9999 -9999 -9999 -9999 -9999 -9999 -9999 -9999 -9999 -9999 -9999 1.42892E-2 1.20472E-2 1.42396E-2 -9999 -9999 -9999 -9999 9.76944E-3 1.17436E-2 6.28815E-3 1.80588E-3 5.58002E-4 1.27586E-4 1.64253E-4 1.60055E-4 3.31539E-4 1.24736E-4 1.41666E-5 9.03669E-5 1.20757E-4 9.88938E-5 8.15177E-5 5.94613E-5 6.64281E-5 5.43219E-5 4.83462E-5 8.13879E-5 5.16172E-5 6.4781E-5 5.79132E-5 -9999 -9999 -9999 -9999 -9999 -9999 -9999 -9999 -9999 -9999 -9999 -9999
1.24239E-2 3.00965E-2 -9999 -9999 1.66005E-2 -9999 -9999 -9999 -9999 -9999 -9999 -9999 -9999 -9999 -9999 -9999 -9999 -9999 -9999 -9999 -9999 -9999 -9999 -9999 -9999 -9999 -9999 -9999 -9999 -9999 -9999 -9999 -9999 -9999 -9999 -9999 2.47741E-3 2.74801E-3 9.85221E-3 1.31876E-2 1.45926E-2 -9999 -9999 2.84277E-2 2.19031E-2 1.67716E-2 1.55778E-3 3.18707E-4 5.29281E-4 8.46612E-4 8.29365E-4 4.79237E-4 9.39366E-5 2.0137E-5 1.31131E-4 1.32837E-4 7.06595E-5 1.54929E-4 6.17497E-5 6.68436E-5 7.90791E-5 7.93212E-5 7.91011E-5 4.47084E-5 5.00541E-5 -9999 -9999 -9999 -9999 -9999 -9999 -9999 -9999 -9999 -9999 -9999 -9999 -9999
1.97972E-2 2.66498E-2 -9999 -9999 2.35446E-2 -9999 -9999 -9999 -9999 -9999 -9999 -9999 -9999 -9999 -9999 -9999 -9999 -9999 -9999 -9999 -9999 -9999 -9999 -9999 -9999 -9999 -9999 -9999 -9999 -9999 -9999 -9999 -9999 -9999 -9999 -9999 1.80716E-3 1.68247E-3 1.01498E-2 5.92818E-3 2.516E-3 2.97344E-3 5.88397E-3 7.01542E-3 2.10854E-2 1.56815E-2 9.60928E-3 1.15861E-3 1.87861E-3 9.24981E-4 5.87024E-4 1.99349E-4 2.31588E-5 1.83683E-5 3.83375E-5 7.94188E-5 6.67276E-5 7.35709E-5 9.33187E-5 7.53565E-5 8.60418E-5 1.23798E-4 8.17286E-5 5.66213E-5 6.34813E-5 -9999 -9999 -9999 -9999 -9999 -9999 -9999 -9999 -9999 -9999 -9999 -9999 -9999
2.04882E-2 -9999 -9999 -9999 -9999 -9999 -9999 -9999 -9999 -9999 -9999 -9999 -9999 -9999 -9999 -9999 -9999 -9999 -9999 -9999 -9999 -9999 -9999 -9999 -9999 -9999 -9999 -9999 -9999 -9999 -9999 -9999 -9999 2.01876E-2 2.28975E-2 -9999 -9999 1.77213E-3 2.48765E-3 3.25462E-3 2.46625E-3 8.78934E-4 2.79396E-4 5.17322E-4 6.40319E-3 1.79251E-2 7.7821E-3 9.25384E-3 1.72972E-3 5.36653E-4 1.90553E-4 3.1291E-5 5.96592E-5 7.40683E-5 6.87615E-5 1.11294E-4 5.7201E-5 7.42586E-5 7.02952E-5 1.12125E-4 9.76002E-5 9.08664E-5 9.16045E-5 7.98293E-5 -9999 -9999 -9999 -9999 -9999 -9999 -9999 -9999 -9999 -9999 -9999 -9999 -9999 -9999
1.10021E-2 2.70248E-2 -9999 -9999 -9999 -9999 -9999 -9999 -9999 -9999 -9999 -9999 -9999 -9999 -9999 -9999 -9999 -9999 -9999 -9999 -9999 -9999 -9999 -9999 -9999 -9999 -9999 -9999 -9999 -9999 -9999 -9999 -9999 1.7325E-2 2.67028E-2 -9999 -9999 1.42353E-3 2.47075E-3 5.64886E-4 3.33747E-4 1.93447E-4 5.07942E-4 7.99268E-4 4.15687E-3 9.00383E-3 1.11332E-2 1.08645E-2 6.11698E-4 3.01984E-4 7.10959E-5 7.37711E-5 1.3175E-4 2.17116E-4 2.26464E-4 1.16992E-4 5.16832E-5 7.81815E-5 1.01306E-4 1.15117E-4 1.07944E-4 8.84766E-5 8.26839E-5 1.22073E-4 -9999 -9999 -9999 -9999 -9999 -9999 -9999 -9999 -9999 -9999 -9999 -9999 -9999 -9999
-9999 -9999 7.43736E-2 -9999 -9999 -9999 -9999 -9999 -9999 -9999 -9999 -9999 -9999 -9999 -9999 -9999 -9999 -9999 -9999 -9999 -9999 -9999 -9999 -9999 -9999 -9999 -9999 -9999 -9999 -9999 -9999 -9999 -9999 1.32059E-2 2.56499E-2 8.47022E-3 4.6664E-3 2.08292E-3 4.04265E-3 2.44411E-4 4.28515E-5 3.60604E-4 1.16498E-3 4.54375E-3 4.03061E-3 7.6533E-4 1.23758E-3 7.72264E-3 2.21334E-3 1.27489E-3 2.0161E-3 9.52101E-4 4.52956E-4 2.8778E-4 2.76237E-4 5.49763E-5 5.83061E-5 6.46172E-5 6.62169E-5 5.49231E-5 3.15049E-5 7.55791E-5 1.09178E-4 1.14632E-4 -9999 -9999 -9999 -9999 -9999 -9999 -9999 -9999 -9999 -9999 -9999 -9999 -9999 -9999
2.39657E-2 -9999 -9999 -9999 -9999 -9999 -9999 -9999 -9999 -9999 -9999 -9999 -9999 -9999 -9999 -9999 -9999 -9999 -9999 -9999 -9999 -9999 -9999 -9999 -9999 -9999 -9999 -9999 -9999 -9999 -9999 -9999 -9999 1.05787E-2 3.81685E-3 7.1971E-3 7.82057E-3 5.40811E-3 1.72014E-3 3.6355E-4 1.12419E-4 5.20784E-4 9.60756E-4 1.52749E-3 1.3701E-3 1.8722E-4 4.01037E-4 4.11278E-3 1.19966E-3 7.188E-4 7.30043E-4 4.952E-4 2.0156E-4 9.0654E-5 6.71917E-5 1.75653E-5 3.00738E-5 2.71797E-5 4.99828E-5 6.65243E-5 4.01502E-5 8.8954E-5 1.00565E-4 -9999 -9999 -9999 -9999 -9999 -9999 -9999 -9999 -9999 -9999 -9999 -9999 -9999 -9999 -9999
