ENM/Final_Models/M_2_F_lq_Set_1_NE/Gustavia_santanderiensis_8_Choco.asc
ncols         367
nrows         963
xllcorner     -78.6
yllcorner     0.65
cellsize      0.00833333333333323
NODATA_value  -9999
[rows 816 to 849 of 963, columns 78 to 155 of 367]
0E0 0E0 0E0 0E0 0E0 0E0 0E0 0E0 0E0 0E0 0E0 0E0 0E0 0E0 0E0 0E0 0E0 0E0 0E0 8.52977E-1 0E0 0E0 0E0 0E0 9.18485E-1 7.63467E-1 5.80425E-1 4.43857E-1 3.45032E-1 9.08332E-1 7.11352E-1 6.35364E-1 8.51553E-1 8.62877E-1 5.6757E-1 2.59029E-1 -9999 -9999 -9999 -9999 8.57656E-1 9.01207E-1 6.71304E-1 -9999 -9999 -9999 -9999 3.24921E-1 3.94663E-1 1.42466E-1 1.33132E-1 1.92387E-1 8.18605E-2 6.84052E-2 4.86363E-2 1.1668E-1 1.08145E-1 1.8406E-1 8.4829E-2 3.04851E-2 1.96143E-2 7.77474E-2 3.52631E-2 2.37888E-2 1.77708E-2 5.59746E-3 7.72476E-3 6.19491E-3 6.89272E-3 5.28595E-3 9.40335E-4 4.9615E-4 2.12694E-4 7.37481E-5 1.29077E-3 1.14158E-2 2.41972E-2 1.88094E-2
0E0 0E0 0E0 0E0 0E0 0E0 0E0 0E0 0E0 0E0 0E0 0E0 0E0 0E0 0E0 0E0 0E0 0E0 0E0 9.17424E-1 0E0 0E0 9.68757E-1 0E0 8.51954E-1 6.70983E-1 9.41998E-1 8.7166E-1 3.8664E-1 8.78306E-1 8.03538E-1 8.58655E-1 9.5933E-1 8.94878E-1 5.30721E-1 3.12917E-1 -9999 -9999 -9999 -9999 -9999 8.19951E-1 -9999 -9999 -9999 -9999 -9999 -9999 3.1327E-1 1.03501E-1 1.40511E-1 2.96399E-1 1.50617E-1 1.8805E-1 2.56703E-1 3.5277E-1 3.25644E-1 3.35727E-2 4.02382E-2 4.94283E-2 2.37764E-2 2.05807E-2 1.15873E-2 7.47664E-3 5.87013E-3 1.83951E-3 4.9499E-3 2.2788E-3 1.79945E-3 3.1028E-3 1.99994E-4 1.14913E-4 2.1933E-5 2.8546E-5 1.05004E-3 3.56201E-2 -9999 -9999
0E0 0E0 0E0 0E0 0E0 0E0 0E0 0E0 0E0 0E0 0E0 0E0 0E0 0E0 0E0 0E0 0E0 0E0 0E0 0E0 0E0 0E0 0E0 0E0 0E0 8.88212E-1 7.91809E-1 9.16635E-1 0E0 8.01485E-1 7.15106E-1 7.52132E-1 7.00072E-1 6.32847E-1 5.20049E-1 4.55752E-1 -9999 -9999 -9999 -9999 -9999 -9999 -9999 -9999 -9999 -9999 -9999 -9999 4.54911E-1 5.83809E-1 3.824E-1 4.78486E-1 1.94782E-1 7.21583E-2 2.45123E-1 1.65399E-1 1.58194E-1 1.52207E-1 7.28817E-2 3.12197E-2 9.47253E-3 2.3964E-2 1.89579E-2 1.05087E-2 2.06011E-2 1.04652E-2 1.77335E-3 5.9702E-4 5.00955E-4 4.67252E-4 9.54289E-5 1.84511E-5 6.56072E-6 4.45399E-5 9.87748E-4 2.33889E-2 -9999 -9999
0E0 0E0 0E0 0E0 0E0 0E0 0E0 0E0 0E0 0E0 0E0 0E0 0E0 0E0 0E0 0E0 0E0 0E0 9.59895E-1 0E0 0E0 0E0 0E0 0E0 9.5474E-1 8.549E-1 6.98182E-1 9.21699E-1 0E0 0E0 6.88853E-1 3.17493E-1 5.19975E-1 5.09518E-1 -9999 -9999 -9999 -9999 -9999 -9999 -9999 -9999 -9999 -9999 -9999 -9999 -9999 -9999 3.18631E-1 4.15438E-1 6.03572E-1 2.17237E-1 4.65859E-2 2.89264E-2 2.62199E-1 1.21663E-1 4.57961E-2 7.28286E-2 1.24137E-1 5.42576E-2 4.14355E-3 1.28104E-2 1.60579E-2 4.25002E-2 1.73612E-2 1.04805E-2 1.15843E-3 5.05959E-4 9.93601E-5 1.32753E-5 2.62717E-6 4.12921E-6 8.37154E-6 1.38435E-4 5.00059E-3 6.89032E-2 4.44477E-2 -9999
0E0 0E0 0E0 0E0 0E0 0E0 0E0 0E0 0E0 0E0 0E0 0E0 0E0 0E0 0E0 0E0 0E0 0E0 0E0 0E0 0E0 0E0 0E0 0E0 9.79998E-1 9.48525E-1 9.29547E-1 9.391E-1 0E0 9.54777E-1 8.31657E-1 4.70935E-1 4.06436E-1 6.05119E-1 4.6599E-1 -9999 -9999 -9999 -9999 -9999 -9999 -9999 -9999 -9999 -9999 -9999 -9999 -9999 2.47343E-1 2.71839E-1 4.88911E-1 2.2154E-1 8.31829E-2 3.53337E-2 7.90377E-2 1.09813E-1 4.02613E-2 1.71932E-2 1.43179E-2 3.95042E-2 5.69297E-3 7.84442E-4 1.80769E-2 1.28292E-2 2.25515E-2 3.72944E-2 2.36639E-3 8.12681E-4 3.05252E-4 1.08817E-5 1.28885E-6 1.63897E-6 1.56829E-5 3.88106E-4 1.27396E-2 3.35103E-2 3.43749E-2 -9999
0E0 0E0 0E0 0E0 0E0 0E0 0E0 0E0 0E0 0E0 0E0 0E0 0E0 0E0 0E0 0E0 0E0 0E0 0E0 0E0 0E0 0E0 0E0 0E0 0E0 0E0 0E0 8.02652E-1 8.43284E-1 0E0 8.16323E-1 5.18798E-1 9.11421E-1 9.20318E-1 8.90583E-1 2.6375E-1 -9999 -9999 -9999 -9999 -9999 -9999 -9999 -9999 -9999 -9999 -9999 -9999 8.87933E-2 4.17179E-1 6.29814E-1 3.48066E-1 5.06617E-2 2.3438E-2 4.97311E-2 2.94373E-2 2.41616E-2 1.02338E-2 6.29697E-3 9.62288E-3 4.77685E-3 3.2192E-4 1.49191E-3 5.87405E-4 4.15146E-3 1.53581E-2 2.91561E-3 5.15371E-4 8.36387E-5 8.725E-5 1.27958E-5 4.68389E-6 8.05129E-5 1.24534E-3 1.55695E-2 6.82739E-2 8.65263E-2 -9999
0E0 0E0 0E0 0E0 0E0 0E0 0E0 0E0 0E0 0E0 0E0 0E0 0E0 0E0 0E0 0E0 0E0 0E0 0E0 0E0 0E0 0E0 0E0 0E0 0E0 8.91047E-1 8.4155E-1 8.06901E-1 9.55387E-1 9.17182E-1 9.13492E-1 7.90977E-1 9.30195E-1 9.5977E-1 9.40329E-1 5.34967E-1 4.25783E-1 -9999 -9999 -9999 -9999 -9999 -9999 -9999 -9999 -9999 -9999 -9999 1.14134E-1 2.61513E-1 4.95745E-1 5.3515E-1 1.97029E-1 1.07764E-1 4.44214E-2 2.02035E-2 1.84011E-2 1.03675E-2 4.74955E-3 1.20977E-3 1.25168E-3 1.14294E-3 8.54972E-4 1.49827E-4 1.23766E-3 9.69421E-3 3.57226E-3 8.54698E-4 8.37653E-4 1.45194E-4 2.78081E-5 7.72529E-6 6.34705E-5 4.65442E-4 2.45556E-2 7.0325E-2 -9999 -9999
0E0 0E0 0E0 0E0 0E0 0E0 0E0 0E0 0E0 0E0 0E0 0E0 0E0 0E0 0E0 0E0 0E0 0E0 0E0 0E0 0E0 0E0 0E0 0E0 9.52732E-1 7.52837E-1 6.92821E-1 7.71481E-1 8.93494E-1 8.77795E-1 8.89622E-1 9.19772E-1 8.88046E-1 9.30145E-1 9.25922E-1 7.67974E-1 4.16275E-1 -9999 -9999 -9999 -9999 -9999 -9999 -9999 -9999 -9999 -9999 -9999 5.43883E-2 2.82336E-1 3.18835E-1 2.5695E-1 2.54493E-1 2.47022E-1 1.35642E-1 4.64027E-2 2.38914E-2 1.96183E-2 2.25175E-2 1.68409E-2 5.61603E-3 1.79613E-2 1.0287E-3 1.01984E-4 7.23701E-4 5.57238E-3 7.63667E-4 1.42516E-4 2.31435E-4 7.54176E-5 3.10861E-5 8.98871E-6 1.35721E-5 1.16802E-3 2.4749E-2 9.03913E-2 -9999 -9999
0E0 0E0 0E0 0E0 0E0 0E0 0E0 0E0 0E0 0E0 0E0 0E0 0E0 0E0 0E0 0E0 0E0 0E0 0E0 0E0 0E0 0E0 0E0 0E0 9.52074E-1 8.37798E-1 9.11217E-1 8.80076E-1 0E0 0E0 9.29068E-1 8.67028E-1 8.56184E-1 9.4573E-1 8.82635E-1 5.50689E-1 2.11373E-1 -9999 -9999 -9999 -9999 -9999 -9999 -9999 -9999 -9999 -9999 -9999 1.71317E-2 3.98704E-2 1.20319E-1 8.14815E-2 9.09984E-2 3.47963E-2 3.33102E-2 3.66291E-2 2.82467E-2 1.43866E-2 1.48333E-2 8.89319E-3 9.3701E-3 1.08606E-2 1.6195E-3 1.67127E-4 1.49636E-4 2.2834E-3 5.7316E-4 8.43405E-5 1.17545E-5 4.1201E-6 4.41577E-6 2.39102E-6 7.821E-5 2.30719E-3 3.21522E-2 6.86858E-2 -9999 -9999
0E0 0E0 0E0 0E0 0E0 0E0 0E0 0E0 0E0 0E0 0E0 0E0 0E0 0E0 0E0 0E0 0E0 0E0 0E0 0E0 0E0 0E0 0E0 0E0 0E0 9.50005E-1 9.07863E-1 9.51045E-1 9.54024E-1 9.43313E-1 9.28784E-1 9.25253E-1 0E0 8.22274E-1 7.38554E-1 2.82047E-1 2.49719E-1 -9999 -9999 -9999 -9999 -9999 -9999 -9999 -9999 -9999 -9999 -9999 -9999 6.81949E-2 5.80024E-2 4.29177E-2 6.10233E-2 3.51162E-2 8.68795E-3 7.68577E-3 2.05665E-2 9.30008E-3 1.15118E-2 5.67672E-3 2.59012E-3 1.08932E-2 5.15853E-4 9.72244E-5 1.17647E-4 1.13075E-3 7.27361E-4 1.04024E-4 7.74692E-5 2.92254E-6 9.56876E-7 4.6284E-6 7.35849E-5 3.70446E-3 4.56082E-2 5.88934E-2 -9999 -9999
0E0 0E0 0E0 0E0 0E0 0E0 0E0 0E0 0E0 0E0 0E0 0E0 0E0 0E0 0E0 0E0 0E0 0E0 0E0 0E0 0E0 0E0 0E0 0E0 0E0 7.93824E-1 8.61143E-1 8.43212E-1 8.68054E-1 9.4419E-1 9.57716E-1 9.30234E-1 7.64684E-1 6.96797E-1 5.9992E-1 4.37013E-1 5.68997E-1 7.42955E-1 -9999 -9999 -9999 -9999 -9999 -9999 -9999 -9999 -9999 -9999 2.02665E-2 3.72266E-2 4.1669E-2 4.62353E-2 3.6296E-2 3.29632E-2 1.55644E-2 8.71266E-3 5.555E-3 5.00563E-3 2.85399E-3 1.24786E-3 2.41431E-3 3.99454E-4 4.1908E-5 2.58425E-5 7.75648E-6 1.17044E-4 2.0359E-4 6.81949E-6 5.28455E-6 8.24487E-6 5.65466E-6 1.34616E-5 6.56501E-5 9.58364E-4 8.99248E-3 7.87306E-2 -9999 -9999
0E0 0E0 0E0 0E0 0E0 0E0 0E0 0E0 0E0 0E0 6.44944E-1 6.7086E-1 0E0 0E0 0E0 0E0 0E0 0E0 0E0 0E0 0E0 0E0 0E0 0E0 0E0 7.2262E-1 8.84688E-1 0E0 8.16978E-1 8.97678E-1 9.24696E-1 9.70796E-1 9.31691E-1 8.67459E-1 8.03534E-1 7.03269E-1 7.30888E-1 6.07838E-1 1.47015E-1 -9999 -9999 -9999 -9999 -9999 -9999 -9999 -9999 -9999 2.15584E-2 6.13365E-2 2.72636E-2 2.47709E-2 4.91505E-2 3.7589E-2 4.15507E-2 3.90142E-2 1.4715E-2 1.07221E-2 2.12097E-3 1.16901E-3 1.45473E-3 4.38204E-4 1.47285E-4 4.17439E-4 3.59216E-5 1.87969E-5 4.07793E-5 2.67299E-6 4.82709E-5 1.32107E-4 9.88515E-5 2.06867E-5 9.2426E-5 9.13275E-4 2.18388E-2 7.39126E-2 -9999 -9999
0E0 0E0 0E0 0E0 0E0 0E0 0E0 0E0 0E0 0E0 4.80513E-1 4.13472E-1 5.9312E-1 0E0 0E0 0E0 0E0 0E0 0E0 0E0 0E0 0E0 0E0 0E0 8.95003E-1 8.69829E-1 9.00342E-1 7.77461E-1 7.94464E-1 9.24444E-1 9.5458E-1 9.13755E-1 7.85032E-1 7.39702E-1 7.61486E-1 6.13955E-1 9.29638E-2 2.91614E-2 3.57435E-2 4.34046E-2 -9999 -9999 -9999 -9999 -9999 -9999 -9999 -9999 -9999 1.75773E-1 3.34374E-2 4.50996E-2 4.86322E-2 6.05352E-2 4.17994E-2 7.72641E-2 6.02478E-2 1.31038E-2 1.59651E-2 1.02568E-2 5.93177E-3 2.852E-3 2.51502E-3 2.94919E-4 2.30675E-5 2.66181E-6 6.07704E-6 1.00377E-5 5.4583E-5 2.5085E-4 7.69634E-5 2.1651E-5 1.95985E-4 4.22198E-4 7.69445E-3 4.36096E-2 -9999 -9999
0E0 0E0 0E0 0E0 0E0 0E0 0E0 0E0 0E0 0E0 5.50398E-1 3.74381E-1 5.3446E-1 6.40646E-1 0E0 0E0 0E0 0E0 0E0 0E0 0E0 0E0 0E0 0E0 0E0 0E0 0E0 8.8582E-1 8.86671E-1 0E0 9.077E-1 8.70834E-1 9.19938E-1 7.64771E-1 4.88238E-1 1.5364E-1 2.18048E-2 3.53267E-2 4.75284E-2 6.46464E-2 -9999 -9999 -9999 -9999 -9999 -9999 -9999 -9999 -9999 -9999 3.45586E-2 3.26281E-2 4.52384E-2 3.1606E-2 8.95866E-2 4.44842E-2 4.52048E-2 3.72133E-2 3.3977E-2 2.8767E-2 1.01445E-2 1.17909E-2 1.78846E-3 1.02274E-4 7.36602E-6 5.54022E-6 3.45645E-5 1.27015E-4 1.21473E-4 5.91489E-4 4.44799E-4 5.20211E-5 3.2775E-4 2.98645E-4 1.48141E-3 2.62645E-2 5.57511E-2 -9999
0E0 0E0 0E0 0E0 0E0 0E0 0E0 0E0 0E0 0E0 6.58E-1 4.34012E-1 4.93925E-1 5.80734E-1 0E0 0E0 0E0 0E0 0E0 0E0 8.02606E-1 8.14459E-1 0E0 0E0 0E0 0E0 0E0 8.46107E-1 9.0261E-1 9.02487E-1 9.01863E-1 7.87495E-1 5.25838E-1 3.30508E-1 2.1466E-1 5.85214E-2 1.5319E-2 2.08682E-2 4.39379E-2 7.11001E-2 7.50214E-2 -9999 -9999 -9999 -9999 -9999 -9999 -9999 -9999 -9999 -9999 -9999 5.89685E-2 7.43956E-2 6.78209E-2 5.82049E-2 4.65636E-2 2.54123E-2 9.68034E-3 1.17759E-2 3.83824E-3 1.00112E-3 8.65891E-4 1.87496E-4 9.08238E-6 5.72408E-6 1.34494E-4 5.61241E-4 1.43331E-3 1.03182E-3 5.70784E-4 3.3073E-4 9.94122E-4 8.49191E-4 1.39983E-3 3.12041E-2 6.23363E-2 -9999
0E0 0E0 0E0 0E0 0E0 0E0 0E0 0E0 0E0 0E0 7.40419E-1 5.8723E-1 4.76197E-1 5.01692E-1 5.80038E-1 6.80325E-1 0E0 0E0 0E0 7.8883E-1 8.66597E-1 9.13752E-1 0E0 0E0 9.26722E-1 0E0 8.8848E-1 9.15492E-1 9.17236E-1 7.72109E-1 7.65835E-1 5.47931E-1 4.57386E-1 4.12592E-1 3.10704E-1 2.29365E-1 1.45541E-2 3.46593E-2 1.44266E-1 1.70587E-1 4.49808E-1 1.14738E-1 1.69182E-1 -9999 -9999 -9999 -9999 -9999 -9999 -9999 -9999 -9999 -9999 4.46629E-2 2.92925E-2 1.64904E-2 6.13167E-2 5.62516E-2 3.57008E-2 3.01672E-2 1.2997E-2 1.94323E-3 1.0455E-3 2.15585E-4 9.37662E-5 1.97412E-5 1.49364E-5 1.50159E-4 1.42468E-3 3.24922E-3 1.72413E-3 1.1943E-3 5.44448E-3 1.74296E-3 3.29791E-3 4.9854E-2 6.94188E-2 -9999
0E0 0E0 0E0 0E0 0E0 0E0 0E0 0E0 0E0 0E0 0E0 7.18024E-1 6.04625E-1 5.77364E-1 6.35242E-1 5.48169E-1 7.16387E-1 0E0 0E0 8.53324E-1 0E0 0E0 0E0 0E0 0E0 0E0 9.20577E-1 8.01919E-1 6.50983E-1 5.5229E-1 4.68187E-1 4.44123E-1 4.95292E-1 4.15061E-1 2.61762E-1 1.35445E-1 3.23533E-2 1.08595E-1 7.52551E-1 7.52699E-1 8.39648E-1 1.64963E-1 6.75332E-2 8.72397E-2 -9999 -9999 -9999 -9999 -9999 -9999 -9999 -9999 -9999 -9999 1.89133E-2 4.12164E-3 1.36905E-2 2.63941E-2 1.85242E-2 2.23159E-2 2.74864E-2 1.31413E-2 3.93478E-3 2.04631E-3 7.82037E-4 3.40664E-5 6.94516E-6 1.82453E-4 9.27889E-4 5.33249E-3 1.411E-2 1.83596E-2 1.10646E-2 1.51856E-3 3.89186E-3 5.52439E-2 6.29937E-2 -9999
0E0 0E0 0E0 0E0 0E0 0E0 0E0 0E0 0E0 0E0 0E0 0E0 0E0 7.38983E-1 5.88343E-1 5.88749E-1 7.02528E-1 8.52826E-1 0E0 0E0 0E0 0E0 0E0 0E0 0E0 0E0 9.14027E-1 7.41195E-1 5.86774E-1 4.20157E-1 2.20072E-1 2.83015E-1 3.31402E-1 3.34735E-1 2.15541E-1 1.43012E-1 2.54258E-1 5.33333E-1 8.33879E-1 7.3597E-1 3.46133E-1 8.12395E-2 1.03642E-2 2.65461E-2 1.66492E-1 -9999 -9999 -9999 -9999 -9999 -9999 -9999 -9999 -9999 3.32938E-2 3.98515E-3 1.16492E-3 1.7326E-2 7.3435E-3 8.49198E-3 1.38375E-2 9.33011E-3 1.63699E-3 9.96784E-4 2.21025E-4 4.77165E-5 2.35241E-6 1.49234E-5 2.56412E-4 6.71935E-4 1.19745E-2 4.30496E-2 1.68985E-2 1.60298E-3 5.80786E-3 5.3047E-2 7.32133E-2 -9999
0E0 0E0 0E0 0E0 0E0 0E0 0E0 6.86895E-1 5.29103E-1 5.91164E-1 0E0 0E0 7.99232E-1 5.73491E-1 4.4244E-1 4.68387E-1 7.69617E-1 0E0 0E0 0E0 0E0 0E0 0E0 0E0 0E0 8.61485E-1 6.65591E-1 5.40323E-1 4.98596E-1 4.49858E-1 3.11393E-1 1.75755E-1 2.61659E-1 1.68022E-1 8.91935E-2 1.21664E-1 3.52276E-1 4.31193E-1 5.21128E-1 9.87035E-2 2.47632E-3 4.34291E-3 9.14273E-3 8.70235E-3 2.73197E-2 3.8289E-2 -9999 -9999 -9999 -9999 -9999 -9999 -9999 -9999 -9999 7.0362E-3 1.17114E-3 1.28019E-2 6.09114E-3 7.31809E-3 4.95888E-3 1.43061E-2 1.08108E-3 7.46869E-5 2.11084E-5 3.53678E-6 7.36194E-6 1.4932E-4 6.48914E-4 7.15912E-4 1.23723E-3 2.47428E-2 1.22139E-2 1.22662E-2 3.2432E-2 5.62428E-2 1.40894E-1 -9999
0E0 0E0 0E0 0E0 0E0 0E0 7.19558E-1 5.84062E-1 5.22105E-1 5.04115E-1 5.52233E-1 7.00935E-1 0E0 5.68445E-1 5.42823E-1 5.71433E-1 7.41446E-1 0E0 0E0 0E0 0E0 0E0 0E0 0E0 9.11397E-1 6.78222E-1 6.24332E-1 4.60985E-1 3.73151E-1 4.11878E-1 3.89038E-1 1.39066E-1 9.93885E-2 1.37572E-1 5.18802E-2 6.2696E-2 1.08829E-1 8.24098E-2 2.74898E-1 1.1792E-2 4.37599E-4 2.47292E-3 3.43109E-4 9.10447E-4 2.75649E-3 1.53128E-2 3.51756E-2 -9999 -9999 -9999 -9999 -9999 -9999 -9999 -9999 2.81487E-2 6.40187E-3 7.12532E-3 1.65351E-3 3.4141E-3 1.48034E-3 2.37977E-3 1.72586E-3 6.58227E-5 6.1667E-6 1.51414E-6 1.34197E-5 4.5004E-4 1.90494E-3 3.94435E-3 4.702E-3 3.00036E-2 3.1854E-2 2.02552E-2 7.1062E-2 1.22854E-1 -9999 -9999
0E0 0E0 0E0 0E0 0E0 0E0 0E0 6.93883E-1 5.86247E-1 5.49105E-1 5.10811E-1 6.00408E-1 0E0 8.17014E-1 7.80146E-1 6.63828E-1 7.6151E-1 0E0 0E0 0E0 0E0 0E0 0E0 0E0 9.36338E-1 8.04566E-1 6.30271E-1 4.62272E-1 3.37885E-1 2.95163E-1 1.97489E-1 1.56318E-2 1.84452E-2 7.11332E-2 6.02532E-3 5.5368E-3 1.23522E-2 3.62962E-2 8.12029E-2 9.58572E-4 1.29696E-4 1.83958E-4 1.70057E-5 5.96143E-5 4.63965E-4 1.08881E-3 6.50889E-3 2.69414E-2 4.0216E-2 -9999 -9999 -9999 -9999 -9999 -9999 7.94247E-2 2.65947E-2 2.21443E-2 4.21533E-3 1.7495E-2 3.55971E-3 6.14532E-4 1.15435E-4 9.49149E-6 1.34959E-5 4.072E-6 2.65605E-5 1.02251E-3 7.72729E-3 1.52962E-2 2.66467E-2 2.97335E-2 3.58594E-2 6.455E-2 6.67405E-2 -9999 -9999 -9999
0E0 0E0 0E0 0E0 0E0 0E0 0E0 5.46594E-1 5.87758E-1 5.34207E-1 5.28564E-1 5.3019E-1 7.31643E-1 0E0 0E0 8.02671E-1 9.02394E-1 0E0 0E0 0E0 0E0 0E0 9.57972E-1 9.56412E-1 9.04728E-1 6.72869E-1 4.76169E-1 3.04062E-1 3.27284E-1 2.49366E-1 4.9195E-3 4.33622E-2 1.15725E-2 5.24077E-4 1.5083E-4 1.42783E-4 2.05779E-4 9.81877E-4 3.48483E-3 6.47265E-4 4.85587E-5 8.71538E-6 1.60185E-6 1.33778E-5 4.43314E-5 2.2258E-4 3.47183E-3 2.22079E-2 4.9739E-2 2.30497E-2 -9999 9.25815E-2 -9999 -9999 -9999 -9999 -9999 -9999 9.91549E-3 2.57163E-2 4.47841E-3 2.56775E-4 1.39191E-5 4.8929E-6 6.24905E-5 1.39506E-5 7.86315E-4 7.63581E-3 1.38017E-2 5.53112E-2 8.20441E-2 2.95023E-2 4.53297E-2 5.8705E-2 -9999 -9999 -9999 -9999
0E0 0E0 0E0 0E0 0E0 0E0 5.76032E-1 6.20889E-1 6.22814E-1 5.98444E-1 6.66634E-1 5.02378E-1 6.69662E-1 0E0 0E0 0E0 0E0 0E0 0E0 0E0 0E0 0E0 9.39668E-1 9.44429E-1 8.5544E-1 7.52379E-1 3.94886E-1 2.42914E-1 2.70298E-1 2.29293E-1 1.5094E-1 1.94184E-1 4.27991E-3 4.94527E-4 9.61042E-4 3.38043E-4 1.5378E-4 1.05533E-3 1.83207E-3 2.57572E-4 7.1212E-6 8.55186E-7 9.61446E-7 7.00044E-6 2.02224E-5 1.69896E-4 1.88192E-3 1.73845E-2 3.46396E-2 7.91731E-2 4.8032E-2 3.10068E-1 -9999 -9999 -9999 -9999 -9999 -9999 6.25023E-3 9.4458E-3 9.1251E-4 1.64053E-4 3.6021E-5 5.12716E-6 8.8057E-5 4.82532E-4 1.50587E-3 5.07112E-3 5.91182E-3 1.35865E-2 4.72669E-2 5.5512E-2 -9999 -9999 -9999 -9999 -9999 -9999
0E0 0E0 0E0 0E0 0E0 0E0 5.06842E-1 6.45131E-1 0E0 6.64988E-1 5.62805E-1 4.00834E-1 4.82682E-1 6.89476E-1 0E0 0E0 0E0 0E0 0E0 0E0 0E0 0E0 0E0 9.14764E-1 7.08504E-1 7.21794E-1 6.16648E-1 4.38133E-1 3.01345E-1 2.65678E-1 1.89175E-1 1.4711E-1 1.11308E-2 5.59251E-3 2.33135E-3 3.33466E-4 1.31257E-3 2.80743E-4 2.45468E-4 1.99587E-5 1.68886E-6 7.33074E-7 1.09877E-6 1.05353E-5 2.88675E-4 8.65951E-5 2.26268E-3 1.43508E-2 1.73399E-2 4.56802E-2 1.12992E-1 9.58481E-2 -9999 -9999 -9999 -9999 -9999 -9999 -9999 1.12046E-2 2.46159E-3 8.04172E-5 1.34398E-5 2.70869E-6 3.12812E-5 2.52704E-4 7.52987E-4 2.84888E-4 1.49023E-3 1.2915E-2 6.86549E-2 1.63811E-1 -9999 -9999 -9999 -9999 -9999 -9999
0E0 0E0 0E0 0E0 0E0 0E0 0E0 0E0 6.14013E-1 5.37469E-1 5.23085E-1 3.59256E-1 6.09732E-1 7.12044E-1 0E0 0E0 0E0 0E0 0E0 0E0 0E0 0E0 9.50347E-1 9.28969E-1 7.64274E-1 5.00583E-1 5.23812E-1 5.28016E-1 4.52869E-1 3.14814E-1 2.24052E-1 1.88341E-1 2.33376E-1 1.82212E-1 6.53016E-2 8.13854E-3 3.02546E-3 8.23877E-5 3.73913E-6 2.59364E-6 4.63878E-7 7.73819E-7 3.3391E-6 7.00844E-6 2.22762E-4 1.13163E-3 6.88789E-3 3.56295E-3 3.27806E-3 2.7115E-2 4.21235E-2 5.48486E-2 -9999 -9999 -9999 -9999 -9999 -9999 -9999 3.24974E-2 4.98375E-3 3.58153E-4 4.39677E-5 4.97527E-6 1.16824E-6 2.93309E-5 9.83513E-5 2.80278E-4 5.93899E-3 3.06853E-2 8.61771E-2 4.62779E-2 -9999 -9999 -9999 -9999 -9999 -9999
0E0 0E0 0E0 0E0 0E0 0E0 0E0 0E0 6.37063E-1 5.44103E-1 4.64196E-1 4.74071E-1 6.35118E-1 0E0 0E0 0E0 0E0 0E0 0E0 0E0 0E0 8.60281E-1 9.62561E-1 9.12482E-1 8.1206E-1 6.72425E-1 5.92649E-1 5.23908E-1 4.35378E-1 5.23321E-1 4.72278E-1 5.34649E-1 3.48555E-1 2.422E-1 1.25457E-1 5.39449E-2 2.44647E-3 4.70628E-4 2.68024E-5 8.66419E-6 8.17419E-7 2.0914E-6 1.16875E-5 6.84588E-5 2.23303E-4 1.01303E-3 7.85822E-4 1.53457E-4 6.00231E-4 4.75973E-3 4.30879E-2 5.99122E-2 1.15589E-1 -9999 -9999 -9999 -9999 -9999 -9999 -9999 5.18353E-3 1.70884E-4 4.37762E-5 8.46988E-6 3.3212E-6 4.91861E-5 4.02824E-4 1.4765E-3 3.74649E-3 1.38346E-2 8.24767E-2 -9999 -9999 -9999 -9999 -9999 -9999 -9999
0E0 0E0 0E0 0E0 0E0 0E0 0E0 0E0 6.78769E-1 4.88691E-1 5.69398E-1 6.45681E-1 0E0 0E0 0E0 0E0 0E0 0E0 0E0 0E0 0E0 9.43798E-1 9.47909E-1 8.29381E-1 8.42142E-1 7.7263E-1 6.27719E-1 4.10398E-1 3.23348E-1 4.44532E-1 3.12406E-1 3.29532E-1 3.26686E-1 2.20526E-2 1.48057E-2 1.50652E-3 3.14422E-4 4.98891E-4 3.18015E-5 7.95943E-6 2.17248E-6 1.51856E-6 4.12514E-6 1.41658E-5 7.47019E-5 1.12196E-3 2.9852E-4 3.84224E-5 1.8791E-4 1.85494E-2 1.1132E-1 5.63772E-2 3.8764E-2 -9999 -9999 -9999 -9999 -9999 -9999 -9999 1.19251E-3 2.00931E-4 2.42652E-5 1.70647E-5 4.08828E-5 5.41119E-4 1.92729E-3 7.65262E-3 2.78624E-3 6.28418E-2 8.36569E-2 -9999 -9999 -9999 -9999 -9999 -9999 -9999
0E0 0E0 0E0 0E0 0E0 0E0 0E0 0E0 0E0 7.43567E-1 0E0 0E0 0E0 0E0 0E0 0E0 0E0 0E0 0E0 0E0 0E0 0E0 0E0 8.29063E-1 8.37592E-1 6.95659E-1 5.80925E-1 3.11417E-1 2.25132E-1 8.71744E-2 6.24353E-2 6.26161E-2 1.49459E-1 1.00717E-2 9.49167E-5 3.75199E-5 6.53173E-5 1.23221E-4 1.43265E-4 2.98018E-5 7.54251E-6 2.24711E-6 2.26194E-6 1.50408E-5 9.06036E-5 6.39449E-4 4.04716E-5 4.11714E-5 1.45686E-4 3.02765E-3 8.86015E-3 7.9602E-3 2.56475E-2 1.22575E-2 -9999 -9999 -9999 -9999 -9999 -9999 -9999 1.53226E-4 1.53171E-5 4.12897E-5 5.16323E-4 1.40759E-3 4.83369E-3 1.65532E-2 2.30377E-2 1.14603E-1 -9999 -9999 -9999 -9999 -9999 -9999 -9999 -9999
0E0 0E0 0E0 0E0 0E0 0E0 0E0 0E0 0E0 0E0 0E0 0E0 0E0 0E0 0E0 0E0 7.20819E-1 0E0 0E0 0E0 0E0 0E0 0E0 7.02892E-1 7.02715E-1 7.72533E-1 5.27825E-1 4.30608E-1 8.38914E-2 1.10782E-2 4.66315E-3 1.85158E-3 1.08156E-3 2.13084E-4 1.50182E-5 3.2452E-6 5.58997E-6 1.64667E-5 3.97734E-5 6.60496E-5 1.19502E-5 1.76204E-6 2.17943E-6 9.05869E-6 6.80169E-5 4.35902E-4 6.88507E-6 1.08186E-5 3.99415E-6 4.76168E-5 6.06837E-4 6.12299E-4 1.31903E-2 1.66572E-2 3.74166E-2 -9999 -9999 -9999 -9999 -9999 -9999 2.70441E-4 5.00826E-5 1.69351E-4 2.86841E-4 2.54035E-4 5.86489E-3 3.01102E-2 -9999 -9999 -9999 -9999 -9999 -9999 -9999 -9999 -9999 -9999
0E0 0E0 0E0 0E0 0E0 0E0 0E0 0E0 0E0 0E0 0E0 0E0 0E0 0E0 0E0 0E0 7.27731E-1 8.16032E-1 7.9106E-1 8.45659E-1 0E0 9.46069E-1 8.45133E-1 5.4632E-1 6.72446E-1 5.97522E-1 6.36299E-1 4.59564E-1 1.75706E-1 1.20623E-1 9.70765E-2 3.03788E-2 5.66584E-4 9.48421E-5 7.85332E-5 2.24184E-5 9.63091E-6 3.07458E-6 2.47615E-5 4.77975E-6 8.95849E-6 4.04957E-6 1.25805E-6 5.29093E-6 1.40234E-4 1.28452E-4 2.28854E-6 8.22519E-6 2.23703E-6 1.01508E-6 6.34435E-6 3.06422E-5 3.44416E-3 3.17993E-2 3.81507E-2 1.90098E-1 -9999 -9999 -9999 -9999 -9999 3.54135E-4 6.77152E-5 2.9598E-4 1.00584E-4 3.47297E-4 4.77068E-3 3.18141E-2 -9999 -9999 -9999 -9999 -9999 -9999 -9999 -9999 -9999 -9999
0E0 0E0 0E0 0E0 0E0 0E0 0E0 0E0 0E0 0E0 0E0 0E0 0E0 0E0 0E0 6.19783E-1 5.65513E-1 5.47121E-1 6.03069E-1 7.97153E-1 8.77256E-1 8.91261E-1 6.40066E-1 3.61026E-1 5.15688E-1 3.62867E-1 5.62013E-1 4.67991E-1 3.81478E-1 4.09837E-1 2.50969E-1 1.64682E-1 1.25709E-2 1.14491E-3 1.46868E-4 2.49474E-5 1.40453E-5 3.99913E-6 1.00841E-6 2.0031E-6 2.34149E-6 2.90727E-6 2.25473E-6 1.42785E-5 1.64804E-4 6.93323E-5 7.78917E-7 1.32522E-6 6.73048E-7 8.84584E-7 2.69908E-5 3.04502E-4 1.16828E-2 5.08553E-2 6.73863E-2 8.97609E-2 -9999 -9999 -9999 -9999 -9999 1.38694E-3 9.46719E-4 1.00561E-3 2.33423E-3 2.9711E-3 2.46942E-2 -9999 -9999 -9999 -9999 -9999 -9999 1.48281E-1 -9999 -9999 -9999 -9999
0E0 0E0 0E0 0E0 0E0 0E0 0E0 0E0 0E0 0E0 0E0 0E0 0E0 0E0 5.9747E-1 5.54021E-1 6.29058E-1 6.57897E-1 7.22962E-1 8.1334E-1 8.35573E-1 7.91393E-1 6.98584E-1 4.22862E-1 3.37965E-1 2.06258E-1 3.13277E-1 3.37909E-1 3.14996E-1 1.09021E-1 1.44238E-2 5.17794E-3 6.29373E-3 1.09848E-3 2.40129E-4 2.65906E-4 1.03747E-4 8.5038E-6 2.53751E-6 1.62236E-6 1.29043E-6 1.35245E-6 1.41742E-6 3.1877E-6 1.17884E-5 2.78991E-5 1.77052E-6 9.80382E-7 1.01762E-6 6.82842E-7 3.55464E-6 2.16757E-4 3.99486E-3 8.11846E-2 8.26737E-2 1.85625E-1 3.37885E-1 -9999 -9999 -9999 -9999 1.24374E-2 1.68887E-2 2.7093E-2 1.55381E-2 -9999 -9999 -9999 -9999 -9999 -9999 -9999 7.45107E-2 1.01838E-1 -9999 -9999 -9999 -9999
0E0 0E0 0E0 0E0 0E0 0E0 0E0 0E0 0E0 0E0 0E0 0E0 0E0 0E0 7.34337E-1 0E0 0E0 0E0 0E0 7.62877E-1 7.58293E-1 7.04233E-1 4.8536E-1 6.01006E-1 5.49617E-1 2.68326E-1 1.57607E-1 1.01231E-1 5.57604E-2 4.8971E-2 4.69896E-3 1.16819E-4 8.47746E-4 2.12943E-3 8.00858E-4 3.34801E-4 2.31527E-4 4.0887E-5 1.16361E-5 2.52177E-6 1.49438E-6 1.47052E-6 9.65555E-7 2.86343E-6 9.52945E-7 2.77438E-6 1.32639E-6 1.09901E-6 1.76717E-6 8.71385E-7 3.82221E-6 1.3124E-4 3.79888E-3 5.13831E-2 9.0829E-2 1.59674E-1 2.14911E-1 -9999 -9999 -9999 -9999 3.16443E-2 -9999 -9999 -9999 -9999 -9999 -9999 -9999 -9999 8.89098E-2 1.04164E-1 5.17401E-2 7.5855E-2 -9999 -9999 -9999 1.47837E-2
0E0 0E0 0E0 0E0 0E0 0E0 0E0 0E0 0E0 0E0 0E0 0E0 0E0 0E0 0E0 0E0 0E0 0E0 0E0 8.33369E-1 5.75979E-1 5.02987E-1 1.90438E-1 3.04726E-1 5.42443E-1 3.6572E-1 1.8869E-1 1.60384E-1 7.64397E-2 1.39404E-2 4.78739E-3 2.2642E-4 5.15767E-5 3.28803E-4 6.45796E-5 6.87268E-5 2.59042E-5 1.41821E-5 1.24444E-5 3.3686E-6 1.20487E-6 1.57365E-6 1.33798E-6 2.14347E-6 1.31653E-6 1.18956E-6 1.32326E-6 3.02749E-6 1.11703E-6 6.84336E-7 7.44615E-7 2.01992E-5 8.76403E-4 6.97957E-3 6.94282E-2 2.12143E-1 -9999 -9999 -9999 -9999 -9999 -9999 -9999 -9999 -9999 -9999 -9999 -9999 -9999 -9999 1.06473E-1 5.58807E-2 6.84606E-2 7.20628E-2 -9999 -9999 -9999 6.49845E-3
