ENM/Final_Models/M_2_F_lq_Set_1_NE/Gustavia_santanderiensis_3_Choco_novel.asc
ncols         367
nrows         963
xllcorner     -78.6
yllcorner     0.65
cellsize      0.00833333333333323
NODATA_value  -9999
[rows 900 to 929 of 963, columns 68 to 135 of 367]
9.90119E0 9.90119E0 9.90119E0 1.14982E1 1.14982E1 9.90119E0 1.14982E1 1.14982E1 9.90119E0 1.14982E1 1.14982E1 1.40134E1 1.63489E1 1.63489E1 2.16189E1 1.63489E1 1.63489E1 1.40134E1 1.14982E1 1.14982E1 9.90119E0 9.90119E0 1.14982E1 9.90119E0 9.90119E0 1.13385E1 1.14982E1 1.22567E1 6.86695E0 4.51143E0 5.56942E0 -9999 -9999 -9999 -9999 -9999 -9999 -9999 -9999 -9999 1.01008E1 1.30552E1 1.4752E1 1.48318E1 1.4752E1 1.48318E1 1.42529E1 1.1059E1 8.6835E0 5.96866E0 6.54756E0 8.14453E0 7.76525E0 5.48957E0 5.0504E0 7.76525E0 1.17177E1 1.37539E1 1.40932E1 1.2636E1 6.22817E0 4.71105E0 2.97435E0 4.91067E0 3.93253E0 2.87454E0 1.94231E1 2.39146E1
9.90119E0 8.56373E0 8.56373E0 9.90119E0 9.90119E0 9.90119E0 9.90119E0 9.90119E0 9.90119E0 1.14982E1 1.14982E1 1.14982E1 1.14982E1 1.63489E1 1.88642E1 2.44336E1 2.16189E1 2.16189E1 2.16189E1 1.85847E1 1.63489E1 1.38537E1 1.40134E1 1.30951E1 1.14982E1 9.72153E0 -9999 -9999 -9999 -9999 -9999 -9999 -9999 -9999 -9999 3.07416E0 -9999 -9999 -9999 -9999 8.46392E0 9.88123E0 1.48917E1 1.37539E1 1.44525E1 1.25162E1 1.29354E1 1.03404E1 6.82703E0 4.01238E0 4.11219E0 6.28805E0 6.96676E0 5.58938E0 4.29185E0 7.46582E0 1.13983E1 1.25162E1 1.18974E1 1.2117E1 7.16638E0 9.8413E0 8.8432E0 4.13215E0 3.65306E0 3.46741E1 1.32947E1 2.29963E1
8.56373E0 8.56373E0 9.90119E0 9.90119E0 9.90119E0 9.90119E0 8.56373E0 9.90119E0 8.56373E0 9.90119E0 1.14982E1 1.40134E1 1.40134E1 1.63489E1 1.88642E1 2.16189E1 2.44336E1 2.72882E1 2.72882E1 2.56113E1 1.3694E1 1.06597E1 1.2616E1 1.30951E1 1.22168E1 7.74528E0 -9999 -9999 -9999 -9999 -9999 -9999 -9999 -9999 4.19204E0 4.49147E0 3.57321E0 -9999 -9999 -9999 -9999 1.2616E1 1.38138E1 1.11388E1 1.33347E1 1.3175E1 1.17177E1 8.6835E0 6.48767E0 3.3137E0 3.15401E0 4.11219E0 5.30991E0 5.0504E0 4.19204E0 7.88502E0 1.29953E1 1.30352E1 1.18974E1 1.25162E1 1.12187E1 1.12386E1 6.64737E0 4.61124E0 4.13215E0 2.98433E1 1.4233E1 1.8924E1
8.56373E0 8.56373E0 9.90119E0 8.56373E0 8.56373E0 8.56373E0 8.56373E0 9.90119E0 8.56373E0 9.90119E0 9.90119E0 9.90119E0 1.40134E1 1.63489E1 2.16189E1 1.82054E1 1.581E1 1.58499E1 2.11398E1 3.37958E1 1.79858E1 1.13185E1 8.34415E0 1.34345E1 1.12586E1 1.0021E1 5.50953E0 3.15401E0 -9999 -9999 -9999 -9999 -9999 5.64927E0 5.76904E0 4.53139E0 3.85268E0 -9999 -9999 -9999 -9999 1.15181E1 1.01008E1 1.01008E1 1.09392E1 9.80138E0 1.09392E1 7.46582E0 5.30991E0 4.39166E0 3.6331E0 3.59317E0 3.71295E0 5.01048E0 5.9487E0 9.30233E0 1.26959E1 1.28356E1 1.17776E1 1.09193E1 1.08194E1 1.10191E1 1.16778E1 1.30352E1 3.49336E0 2.5811E1 2.79269E1 2.53119E1
8.56373E0 7.64547E0 8.56373E0 8.56373E0 9.90119E0 8.56373E0 8.56373E0 8.56373E0 8.56373E0 9.90119E0 9.90119E0 9.90119E0 9.90119E0 1.40134E1 1.84849E1 1.76864E1 1.43128E1 9.8413E0 1.11388E1 1.19972E1 2.53718E1 1.581E1 6.92684E0 1.11788E1 1.13385E1 1.01607E1 6.70726E0 4.37169E0 3.91257E0 4.53139E0 3.6331E0 4.77094E0 6.66733E0 6.68729E0 5.46961E0 4.4715E0 3.6331E0 -9999 -9999 -9999 -9999 -9999 6.86695E0 9.00289E0 8.86316E0 9.22248E0 9.20252E0 7.04661E0 6.28805E0 5.07037E0 4.31181E0 4.07226E0 3.79279E0 5.0504E0 7.76525E0 1.01208E1 1.23964E1 1.29354E1 1.29953E1 1.13385E1 1.09392E1 1.03603E1 1.09392E1 1.13385E1 5.82893E0 1.24164E1 3.18994E1 2.75077E1
7.64547E0 8.56373E0 9.90119E0 8.56373E0 8.56373E0 8.56373E0 8.56373E0 8.56373E0 8.56373E0 9.90119E0 9.90119E0 1.14982E1 9.90119E0 1.40134E1 1.3674E1 1.53908E1 1.44525E1 1.11788E1 1.08194E1 7.08654E0 2.0022E1 2.25571E1 1.09791E1 1.18175E1 1.16579E1 1.1578E1 1.03004E1 8.22437E0 7.06657E0 6.16828E0 7.44585E0 7.04661E0 8.20441E0 6.50764E0 4.81086E0 3.49336E0 -9999 -9999 -9999 -9999 -9999 -9999 5.90877E0 6.18824E0 6.22817E0 9.22248E0 8.50384E0 6.00858E0 5.09033E0 3.99241E0 3.25382E0 3.61314E0 3.57321E0 4.45154E0 7.88502E0 9.80138E0 1.09791E1 1.19772E1 1.2117E1 1.13385E1 1.00609E1 1.05E1 1.03603E1 1.09791E1 6.18824E0 2.53518E0 3.28376E1 2.73281E1
8.56373E0 7.64547E0 7.64547E0 8.56373E0 8.56373E0 8.56373E0 8.56373E0 8.56373E0 8.56373E0 8.56373E0 9.90119E0 1.14982E1 9.90119E0 1.14982E1 1.3674E1 1.15381E1 1.12187E1 1.21968E1 1.28156E1 1.09791E1 8.92305E0 1.9463E1 1.28955E1 9.30233E0 1.15381E1 1.13385E1 1.25162E1 1.3175E1 1.01407E1 9.28236E0 9.44206E0 1.04002E1 1.07396E1 8.02475E0 4.53139E0 -9999 -9999 -9999 -9999 -9999 -9999 -9999 3.3137E0 4.23196E0 6.12836E0 7.74528E0 7.16638E0 5.70915E0 4.29185E0 3.41351E0 3.99241E0 3.53329E0 4.45154E0 4.81086E0 6.5276E0 8.92305E0 1.06997E1 1.09791E1 1.06997E1 1.04402E1 1.00409E1 1.00609E1 1.01208E1 1.13983E1 1.03404E1 2.53518E0 3.156E1 4.33177E0
8.56373E0 8.56373E0 8.56373E0 8.56373E0 8.56373E0 8.56373E0 7.64547E0 8.56373E0 8.56373E0 7.64547E0 9.90119E0 9.90119E0 9.90119E0 1.14982E1 1.13385E1 1.13385E1 1.25961E1 1.21968E1 1.17776E1 1.18974E1 1.052E1 6.18824E0 1.01807E1 1.19972E1 5.92874E0 7.78521E0 1.17776E1 1.26959E1 1.27558E1 1.30352E1 1.13983E1 1.21968E1 1.05799E1 7.00669E0 4.01238E0 -9999 -9999 -9999 -9999 -9999 -9999 -9999 2.51522E0 4.67112E0 5.70915E0 5.789E0 5.52949E0 4.75097E0 4.45154E0 4.51143E0 5.3698E0 4.29185E0 5.58938E0 6.02855E0 7.44585E0 7.90498E0 9.60176E0 1.09193E1 9.80138E0 1.04402E1 1.01607E1 1.01208E1 1.054E1 9.92115E0 7.5257E0 2.37549E0 2.23775E1 4.81086E0
8.56373E0 9.90119E0 8.56373E0 8.56373E0 8.56373E0 7.64547E0 8.56373E0 8.56373E0 7.64547E0 7.64547E0 8.56373E0 8.56373E0 9.90119E0 9.90119E0 1.13983E1 1.12586E1 1.21968E1 1.1598E1 1.18175E1 1.20571E1 1.14982E1 1.17377E1 8.06468E0 5.30991E0 8.34415E0 5.60934E0 4.55135E0 4.61124E0 1.09193E1 1.06997E1 1.03004E1 1.08993E1 1.03404E1 6.98673E0 4.33177E0 1.77662E0 -9999 -9999 -9999 -9999 -9999 9.38217E-1 1.81655E0 2.65496E0 4.11219E0 4.37169E0 4.49147E0 5.2101E0 5.70915E0 5.66923E0 6.10839E0 5.90877E0 6.2082E0 6.46771E0 8.00479E0 8.50384E0 8.66354E0 9.4221E0 8.62362E0 8.2643E0 9.60176E0 1.01008E1 1.00609E1 1.03603E1 9.68161E0 8.60365E0 5.58938E-1 1.86845E1
8.56373E0 9.90119E0 8.56373E0 8.56373E0 8.56373E0 7.64547E0 8.56373E0 7.64547E0 7.64547E0 7.64547E0 8.56373E0 9.90119E0 1.14982E1 1.14982E1 1.12586E1 1.13983E1 1.27358E1 1.22168E1 1.18974E1 1.1598E1 9.92115E0 1.01607E1 1.09193E1 1.01008E1 6.82703E0 5.6293E0 6.64737E0 5.40972E0 7.74528E0 7.46582E0 8.72343E0 1.01008E1 9.60176E0 7.84509E0 5.01048E0 2.09602E0 -9999 -9999 -9999 -9999 -9999 9.38217E-1 1.03803E0 2.41541E0 3.71295E0 4.29185E0 5.01048E0 5.84889E0 5.72911E0 6.22817E0 5.9487E0 5.54946E0 6.22817E0 6.9468E0 7.9449E0 8.24434E0 8.04471E0 8.36411E0 8.64358E0 8.1046E0 9.50195E0 9.60176E0 1.05E1 9.30233E0 8.04471E0 8.16449E0 2.93442E0 2.17986E1
8.56373E0 8.56373E0 8.56373E0 8.56373E0 7.64547E0 8.56373E0 8.56373E0 7.64547E0 7.64547E0 7.64547E0 8.56373E0 8.56373E0 9.90119E0 1.29354E1 1.13983E1 1.054E1 1.13385E1 1.054E1 9.52191E0 1.01008E1 8.00479E0 7.1065E0 8.38407E0 8.94301E0 1.01008E1 1.01008E1 9.78141E0 9.76145E0 9.50195E0 7.90498E0 7.90498E0 8.1046E0 5.90877E0 4.55135E0 3.65306E0 -9999 -9999 -9999 -9999 -9999 -9999 1.01807E0 1.75666E0 3.01427E0 4.11219E0 5.07037E0 5.80896E0 6.04851E0 6.22817E0 6.92684E0 6.98673E0 6.72722E0 6.04851E0 6.72722E0 8.62362E0 9.20252E0 9.54187E0 9.60176E0 8.74339E0 8.18445E0 9.38217E0 9.86126E0 1.00409E1 9.76145E0 8.56373E0 4.01238E0 1.41731E0 2.27767E1
8.56373E0 8.56373E0 8.56373E0 8.56373E0 7.64547E0 8.56373E0 8.56373E0 8.56373E0 8.56373E0 7.64547E0 8.56373E0 8.56373E0 9.90119E0 1.06997E1 9.04282E0 1.01008E1 1.10191E1 9.38217E0 6.80707E0 8.8432E0 8.14453E0 6.24813E0 5.32987E0 7.54566E0 9.68161E0 9.86126E0 1.07995E1 9.96107E0 9.4221E0 7.80517E0 7.54566E0 7.32608E0 6.30801E0 5.26999E0 4.31181E0 -9999 -9999 -9999 -9999 -9999 -9999 1.81655E0 2.95439E0 4.15211E0 4.75097E0 5.46961E0 6.30801E0 7.02665E0 7.02665E0 7.90498E0 7.32608E0 7.72532E0 7.38597E0 7.66544E0 8.46392E0 9.68161E0 9.64168E0 1.00409E1 8.38407E0 8.50384E0 8.98293E0 9.54187E0 1.03603E1 9.96107E0 8.76335E0 9.32229E0 1.41731E0 4.7909E-1
8.56373E0 9.90119E0 8.56373E0 7.64547E0 7.64547E0 8.56373E0 7.64547E0 7.64547E0 8.56373E0 8.56373E0 8.56373E0 8.56373E0 8.56373E0 9.90119E0 1.03404E1 9.96107E0 1.01008E1 8.6835E0 5.9487E0 5.30991E0 6.76714E0 5.52949E0 5.13025E0 5.17018E0 7.46582E0 8.78331E0 1.03004E1 9.24244E0 8.04471E0 6.62741E0 7.22627E0 5.9487E0 5.52949E0 4.67112E0 4.59128E0 3.61314E0 -9999 -9999 -9999 -9999 -9999 3.11408E0 3.97245E0 4.17207E0 6.00858E0 6.72722E0 7.04661E0 7.62551E0 7.44585E0 7.66544E0 7.32608E0 6.98673E0 6.18824E0 7.02665E0 8.8432E0 9.20252E0 1.01008E1 1.01607E1 8.92305E0 8.50384E0 8.78331E0 1.01407E1 1.054E1 9.32229E0 8.64358E0 9.36221E0 3.6331E0 2.81465E0
9.90119E0 9.90119E0 9.90119E0 8.56373E0 7.64547E0 7.64547E0 7.64547E0 7.64547E0 7.64547E0 7.64547E0 8.56373E0 8.56373E0 1.01008E1 9.80138E0 9.54187E0 9.54187E0 9.64168E0 9.12267E0 5.46961E0 4.81086E0 5.82893E0 4.85078E0 3.93253E0 3.6331E0 5.3698E0 8.72343E0 8.94301E0 7.54566E0 6.98673E0 5.82893E0 4.4715E0 4.0523E0 4.95059E0 4.55135E0 5.15021E0 4.03234E0 3.41351E0 -9999 -9999 -9999 -9999 4.25192E0 4.91067E0 4.35173E0 4.7909E0 5.52949E0 7.42589E0 7.38597E0 7.54566E0 6.98673E0 6.76714E0 7.22627E0 6.34794E0 7.80517E0 8.6835E0 8.72343E0 8.74339E0 9.52191E0 1.04402E1 9.92115E0 9.44206E0 9.50195E0 9.44206E0 9.78141E0 9.24244E0 8.72343E0 4.13215E0 1.71674E0
1.14982E1 9.90119E0 9.90119E0 8.56373E0 7.64547E0 8.56373E0 8.56373E0 7.64547E0 8.56373E0 7.64547E0 8.56373E0 8.56373E0 9.60176E0 9.68161E0 8.94301E0 8.98293E0 9.44206E0 9.04282E0 8.60365E0 8.04471E0 8.18445E0 5.72911E0 4.23196E0 2.65496E0 5.50953E0 7.54566E0 5.38976E0 4.81086E0 7.5257E0 4.65116E0 3.51332E0 3.13405E0 4.95059E0 5.789E0 5.48957E0 4.23196E0 4.15211E0 3.71295E0 -9999 -9999 -9999 4.89071E0 4.61124E0 4.19204E0 5.11029E0 5.76904E0 6.72722E0 7.42589E0 7.02665E0 6.62741E0 6.58748E0 7.02665E0 7.1065E0 7.5257E0 8.6835E0 8.28426E0 7.80517E0 7.42589E0 7.54566E0 8.24434E0 8.72343E0 9.44206E0 4.17207E0 9.80138E0 1.08194E1 8.8432E0 9.20252E0 8.18445E0
1.14982E1 9.90119E0 9.90119E0 8.04471E0 9.90119E0 1.14982E1 9.90119E0 8.56373E0 7.64547E0 8.62362E0 9.90119E0 8.92305E0 8.5238E0 8.24434E0 8.94301E0 9.24244E0 9.50195E0 8.66354E0 8.60365E0 8.6835E0 8.16449E0 6.58748E0 4.23196E0 2.49526E0 4.29185E0 4.95059E0 3.75287E0 3.75287E0 4.85078E0 3.09412E0 3.93253E0 4.75097E0 5.48957E0 4.67112E0 4.67112E0 3.77283E0 4.35173E0 4.61124E0 4.57131E0 -9999 -9999 4.11219E0 4.67112E0 5.11029E0 5.26999E0 5.82893E0 6.92684E0 7.16638E0 6.5276E0 6.80707E0 6.50764E0 6.46771E0 7.46582E0 7.66544E0 7.5257E0 6.58748E0 6.12836E0 7.16638E0 7.1065E0 7.66544E0 8.92305E0 9.50195E0 3.67302E0 9.54187E0 8.00479E0 8.92305E0 8.76335E0 8.60365E0
9.90119E0 1.14982E1 1.14982E1 1.14982E1 1.14982E1 1.40134E1 1.40134E1 1.14982E1 9.20252E0 7.28616E0 9.06278E0 8.18445E0 9.78141E0 9.24244E0 1.10191E1 9.20252E0 8.78331E0 8.62362E0 7.38597E0 6.22817E0 4.19204E0 5.11029E0 4.19204E0 1.7367E0 1.7367E0 3.41351E0 3.49336E0 3.71295E0 4.85078E0 2.95439E0 2.75477E0 4.29185E0 3.53329E0 3.65306E0 3.77283E0 3.8926E0 3.85268E0 4.0523E0 4.11219E0 3.83272E0 4.03234E0 4.23196E0 4.67112E0 5.19014E0 5.26999E0 5.72911E0 6.24813E0 6.22817E0 5.9487E0 5.3698E0 5.56942E0 5.76904E0 5.26999E0 5.56942E0 5.9487E0 6.46771E0 6.92684E0 6.22817E0 6.98673E0 7.32608E0 8.6835E0 8.8432E0 1.55704E0 9.30233E0 8.50384E0 8.50384E0 8.50384E0 8.98293E0
1.14982E1 1.40134E1 1.14982E1 1.40134E1 1.40134E1 9.12267E0 1.40134E1 1.40134E1 1.40134E1 1.22767E1 1.40134E1 1.40134E1 1.35343E1 7.72532E0 8.76335E0 8.24434E0 8.18445E0 8.04471E0 5.9487E0 3.79279E0 4.0523E0 4.01238E0 3.71295E0 1.1578E0 6.18824E-1 1.3175E0 1.8964E0 4.55135E0 4.67112E0 1.99621E0 1.8964E0 3.39355E0 4.19204E0 4.23196E0 4.11219E0 4.0523E0 4.45154E0 4.0523E0 4.01238E0 4.212E0 4.55135E0 4.61124E0 5.09033E0 5.01048E0 5.70915E0 6.10839E0 5.26999E0 5.17018E0 5.15021E0 4.4715E0 4.03234E0 4.85078E0 4.39166E0 4.95059E0 5.23006E0 5.30991E0 6.62741E0 6.22817E0 6.9468E0 7.32608E0 7.80517E0 8.78331E0 9.44206E0 5.38976E-1 1.13784E0 2.59507E-1 5.19014E-1 5.789E-1
1.09193E1 9.52191E0 9.50195E0 1.63489E1 1.06997E1 5.76904E0 7.90498E0 1.63489E1 1.63489E1 1.2117E1 7.54566E0 6.5276E0 6.80707E0 5.30991E0 7.76525E0 8.18445E0 8.18445E0 6.80707E0 6.24813E0 3.8926E0 5.30991E0 3.71295E0 2.61503E0 1.65685E0 1.27757E0 6.18824E-1 1.91636E0 4.212E0 4.11219E0 1.21769E0 1.1578E0 3.57321E0 4.19204E0 4.19204E0 4.0523E0 3.79279E0 4.03234E0 4.0523E0 3.83272E0 4.4715E0 4.59128E0 4.67112E0 4.7909E0 4.91067E0 5.30991E0 5.32987E0 3.79279E0 3.75287E0 3.85268E0 4.4715E0 4.212E0 4.212E0 5.09033E0 4.61124E0 5.01048E0 4.85078E0 6.22817E0 6.24813E0 6.34794E0 6.98673E0 6.5276E0 8.18445E0 8.72343E0 3.73291E0 5.789E-1 2.59507E-1 2.37549E0 3.6331E0
6.98673E0 6.92684E0 8.18445E0 1.63489E1 1.19772E1 5.52949E0 5.70915E0 9.04282E0 1.44925E1 9.50195E0 4.45154E0 4.81086E0 5.09033E0 3.83272E0 2.93442E0 3.17397E0 6.98673E0 6.10839E0 5.82893E0 6.22817E0 5.9487E0 3.85268E0 3.75287E0 2.69488E0 9.38217E-1 5.38976E-1 8.18445E-1 2.11598E0 2.09602E0 7.58559E-1 1.91636E0 3.65306E0 4.49147E0 4.45154E0 4.61124E0 4.212E0 4.19204E0 3.85268E0 3.59317E0 4.19204E0 4.65116E0 4.81086E0 4.35173E0 4.65116E0 4.67112E0 3.8926E0 4.19204E0 5.01048E0 5.09033E0 4.39166E0 4.87075E0 4.67112E0 4.19204E0 5.15021E0 5.19014E0 4.4715E0 5.48957E0 6.46771E0 6.72722E0 6.72722E0 6.72722E0 8.56373E0 9.02286E0 8.00479E0 8.04471E0 2.59507E-1 5.98862E-1 3.53329E0
6.30801E0 6.12836E0 1.01008E1 1.38537E1 1.18974E1 1.28755E1 6.9468E0 7.76525E0 7.80517E0 1.14982E1 4.45154E0 3.3137E0 4.0523E0 3.19393E0 2.63499E0 3.09412E0 4.19204E0 3.03424E0 3.3137E0 3.67302E0 4.67112E0 3.35363E0 3.39355E0 2.4753E0 2.63499E0 2.37549E0 1.07795E0 9.78142E-1 9.58179E-1 1.33746E0 1.91636E0 2.95439E0 3.67302E0 4.45154E0 4.19204E0 4.35173E0 3.8926E0 4.0523E0 3.75287E0 3.8926E0 4.0523E0 3.8926E0 3.85268E0 3.67302E0 3.51332E0 3.51332E0 4.11219E0 4.95059E0 3.71295E0 2.93442E0 3.91257E0 4.37169E0 3.67302E0 4.35173E0 5.38976E0 5.11029E0 4.59128E0 5.26999E0 6.26809E0 6.2082E0 6.58748E0 7.9449E0 7.84509E0 8.36411E0 7.58559E0 1.53708E0 3.79279E-1 8.18445E-1
5.56942E0 5.23006E0 1.03004E1 9.02286E0 1.03603E1 1.34345E1 7.80517E0 9.30233E0 9.92115E0 8.2643E0 3.85268E0 4.39166E0 5.09033E0 5.72911E0 3.85268E0 4.7909E0 4.55135E0 2.39545E0 2.77473E0 2.8945E0 3.65306E0 3.59317E0 3.35363E0 3.59317E0 3.41351E0 3.17397E0 2.51522E0 1.03803E0 9.58179E-1 1.29753E0 1.11788E0 2.57511E0 2.95439E0 4.93063E0 5.50953E0 4.91067E0 3.85268E0 3.77283E0 3.83272E0 4.03234E0 3.55325E0 3.55325E0 3.19393E0 3.51332E0 3.4734E0 3.55325E0 3.83272E0 4.31181E0 3.53329E0 2.49526E0 2.65496E0 3.01427E0 3.01427E0 3.87264E0 4.11219E0 5.09033E0 4.11219E0 4.67112E0 4.95059E0 5.26999E0 6.92684E0 6.34794E0 6.18824E0 8.04471E0 7.80517E0 7.80517E0 5.19014E0 7.98483E-2
5.54946E0 5.50953E0 8.2643E0 8.74339E0 9.04282E0 1.05799E1 9.78141E0 9.04282E0 8.46392E0 8.36411E0 5.23006E0 5.9487E0 5.9487E0 6.50764E0 3.75287E0 3.19393E0 2.21579E0 1.71674E0 2.01617E0 2.1559E0 2.63499E0 3.07416E0 3.39355E0 3.39355E0 3.25382E0 2.77473E0 1.75666E0 9.38217E-1 9.38217E-1 9.38217E-1 1.81655E0 3.41351E0 3.8926E0 3.85268E0 4.81086E0 4.19204E0 4.01238E0 3.55325E0 3.51332E0 3.65306E0 3.55325E0 3.19393E0 3.09412E0 3.79279E0 3.19393E0 3.39355E0 3.85268E0 4.81086E0 3.67302E0 2.45533E0 2.1559E0 3.57321E0 2.97435E0 3.41351E0 3.67302E0 4.31181E0 4.91067E0 5.48957E0 4.67112E0 5.30991E0 5.23006E0 6.34794E0 6.26809E0 6.9468E0 7.5257E0 7.80517E0 1.05E1 3.79279E-1
7.72532E0 8.1046E0 8.56373E0 8.46392E0 8.18445E0 9.4221E0 7.62551E0 7.16638E0 8.16449E0 7.84509E0 7.80517E0 7.32608E0 6.04851E0 4.11219E0 3.19393E0 3.19393E0 1.7367E0 1.3175E0 9.38217E-1 8.38407E-1 1.33746E0 2.01617E0 2.7348E0 2.65496E0 1.577E0 9.38217E-1 9.38217E-1 1.13784E0 9.38217E-1 1.49716E0 2.65496E0 3.73291E0 5.01048E0 3.79279E0 3.85268E0 3.85268E0 3.8926E0 3.39355E0 2.8945E0 3.13405E0 3.07416E0 3.07416E0 2.87454E0 3.51332E0 3.51332E0 3.19393E0 4.0523E0 4.11219E0 3.83272E0 2.33556E0 2.33556E0 4.19204E0 3.53329E0 3.07416E0 4.29185E0 5.30991E0 4.7909E0 5.11029E0 4.95059E0 5.48957E0 5.26999E0 5.32987E0 5.50953E0 5.3698E0 6.10839E0 7.42589E0 8.04471E0 4.55135E0
7.54566E0 8.38407E0 8.46392E0 8.04471E0 7.72532E0 7.28616E0 6.58748E0 6.72722E0 8.18445E0 7.9449E0 6.10839E0 5.789E0 3.93253E0 2.8945E0 1.3175E0 7.58559E-1 7.98483E-2 1.99621E-2 3.99241E-2 1.39735E-1 9.58179E-1 1.3175E0 2.25571E0 2.37549E0 1.49716E0 1.01807E0 2.01617E0 1.29753E0 1.13784E0 2.05609E0 3.25382E0 4.31181E0 5.26999E0 4.03234E0 3.85268E0 4.45154E0 3.51332E0 3.03424E0 2.41541E0 2.77473E0 3.07416E0 3.07416E0 3.07416E0 3.19393E0 3.25382E0 3.55325E0 3.85268E0 4.41162E0 4.33177E0 3.79279E0 3.3137E0 4.6312E0 3.27378E0 2.59507E0 3.6331E0 4.37169E0 4.43158E0 5.32987E0 4.19204E0 4.39166E0 4.7909E0 5.3698E0 5.52949E0 5.19014E0 5.9487E0 6.50764E0 7.38597E0 8.00479E0
7.64547E0 7.64547E0 7.66544E0 8.18445E0 7.16638E0 6.98673E0 8.00479E0 6.9468E0 6.62741E0 5.09033E0 3.03424E0 3.41351E0 2.41541E0 1.09791E0 2.59507E-1 1.99621E-2 1.99621E-2 -3.26607E0 -1.59029E0 3.99241E-2 3.59317E-1 9.38217E-1 1.81655E0 2.49526E0 2.59507E0 2.63499E0 2.61503E0 1.77662E0 1.7367E0 3.11408E0 3.67302E0 4.45154E0 5.17018E0 4.03234E0 3.85268E0 3.79279E0 2.8945E0 2.77473E0 3.03424E0 2.67492E0 2.85458E0 2.85458E0 2.87454E0 3.13405E0 3.39355E0 3.25382E0 3.77283E0 4.19204E0 4.4715E0 4.75097E0 5.11029E0 4.51143E0 3.65306E0 3.65306E0 2.09602E0 3.25382E0 2.85458E0 5.0504E0 4.85078E0 4.23196E0 4.59128E0 5.15021E0 5.23006E0 5.32987E0 6.24813E0 6.34794E0 6.62741E0 8.24434E0
7.04661E0 5.70915E0 6.24813E0 6.98673E0 7.66544E0 8.24434E0 6.12836E0 4.67112E0 5.789E0 2.93442E0 1.07795E0 1.99621E0 1.69678E0 3.99241E-1 3.99241E-2 -3.59098E-1 -5.18126E0 -6.89124E0 -2.18878E0 1.99621E-2 2.79469E-1 9.38217E-1 1.49716E0 2.09602E0 2.67492E0 2.83461E0 2.79469E0 1.7367E0 2.35552E0 3.71295E0 4.29185E0 4.65116E0 5.30991E0 3.83272E0 3.83272E0 2.85458E0 2.71484E0 3.19393E0 2.93442E0 2.49526E0 2.43537E0 2.55515E0 3.03424E0 2.93442E0 3.13405E0 3.55325E0 3.83272E0 3.65306E0 3.85268E0 4.4715E0 4.39166E0 4.4715E0 4.49147E0 2.45533E0 2.71484E0 3.67302E0 2.83461E0 4.65116E0 5.38976E0 5.23006E0 5.52949E0 5.3698E0 5.11029E0 5.09033E0 4.85078E0 5.72911E0 5.9487E0 9.04282E0
5.54946E0 6.04851E0 6.58748E0 7.28616E0 7.22627E0 4.0523E0 2.49526E0 2.53518E0 4.33177E0 3.55325E0 1.01807E0 1.3175E0 1.25761E0 2.79469E-1 1.99621E-2 -1.33379E0 -4.73666E0 -2.05198E0 1.99621E-2 5.98862E-2 5.19014E-1 1.03803E0 1.75666E0 2.13594E0 2.61503E0 2.85458E0 2.05609E0 2.75477E0 3.11408E0 4.33177E0 4.87075E0 5.48957E0 5.3698E0 4.0523E0 3.51332E0 3.35363E0 2.93442E0 3.07416E0 2.85458E0 2.39545E0 2.67492E0 2.77473E0 3.17397E0 3.17397E0 3.13405E0 3.51332E0 3.39355E0 3.51332E0 3.77283E0 3.51332E0 3.55325E0 4.91067E0 4.51143E0 4.0523E0 3.57321E0 4.01238E0 5.50953E0 5.48957E0 5.50953E0 5.34984E0 3.75287E0 5.6293E0 5.54946E0 6.10839E0 5.19014E0 5.26999E0 6.80707E0 7.54566E0
5.23006E0 4.39166E0 5.26999E0 6.62741E0 7.38597E0 3.6331E0 3.19393E0 3.27378E0 2.59507E0 1.75666E0 9.38217E-1 1.09791E0 9.58179E-1 4.59128E-1 3.99241E-2 1.99621E-2 1.99621E-2 1.99621E-2 7.98483E-2 3.99241E-1 9.38217E-1 1.13784E0 2.01617E0 2.61503E0 2.69488E0 2.57511E0 1.75666E0 2.95439E0 4.29185E0 5.0504E0 5.15021E0 4.91067E0 4.61124E0 3.09412E0 2.87454E0 2.8945E0 3.23386E0 2.99431E0 2.77473E0 3.03424E0 2.55515E0 2.87454E0 3.55325E0 3.53329E0 3.55325E0 3.55325E0 3.13405E0 3.19393E0 3.79279E0 3.55325E0 3.77283E0 4.45154E0 5.09033E0 5.48957E0 5.3698E0 5.56942E0 5.01048E0 5.11029E0 5.46961E0 5.56942E0 4.55135E0 4.07226E0 5.54946E0 5.40972E0 5.17018E0 5.46961E0 8.60365E0 5.28995E0
4.39166E0 4.39166E0 4.81086E0 5.30991E0 7.32608E0 6.30801E0 5.90877E0 5.19014E0 2.51522E0 1.13784E0 4.99052E-1 9.58179E-1 7.58559E-1 2.79469E-1 5.98862E-2 7.98483E-2 1.59697E-1 7.98483E-2 4.19204E-1 1.03803E0 1.05799E0 1.81655E0 2.63499E0 2.95439E0 3.23386E0 3.41351E0 3.69298E0 4.23196E0 5.0504E0 4.0523E0 4.212E0 4.0523E0 3.55325E0 2.99431E0 2.39545E0 2.71484E0 3.09412E0 3.17397E0 2.93442E0 2.8945E0 2.71484E0 3.07416E0 3.59317E0 2.99431E0 3.03424E0 3.51332E0 3.13405E0 3.19393E0 3.51332E0 3.75287E0 3.55325E0 3.8926E0 4.0523E0 4.19204E0 4.0523E0 4.45154E0 4.11219E0 4.61124E0 4.65116E0 4.95059E0 5.30991E0 5.32987E0 5.789E0 7.80517E0 8.34415E0 8.38407E0 4.65116E0 8.72343E0
