ENM/Final_Models/M_2_F_lq_Set_1_NE/Gustavia_santanderiensis_5_Choco.asc
ncols         367
nrows         963
xllcorner     -78.6
yllcorner     0.65
cellsize      0.00833333333333323
NODATA_value  -9999
[rows 476 to 509 of 963, columns 234 to 311 of 367]
0E0 0E0 0E0 0E0 0E0 0E0 0E0 0E0 0E0 0E0 0E0 0E0 0E0 0E0 0E0 0E0 0E0 0E0 0E0 0E0 0E0 0E0 0E0 0E0 0E0 1.01914E-1 8.23841E-3 6.40069E-2 1.3901E-1 2.5856E-1 1.06358E-1 5.02825E-1 4.2094E-1 1.59352E-1 2.01145E-1 2.63092E-1 2.86394E-1 1.17676E-1 1.21768E-1 8.6354E-2 3.01633E-2 9.22053E-3 1.96337E-3 5.34678E-3 3.94508E-3 1.75292E-3 6.41452E-4 9.83619E-4 1.82458E-3 6.71E-3 2.37661E-2 6.33471E-3 7.79566E-3 1.02914E-2 1.04656E-2 -9999 -9999 -9999 -9999 -9999 -9999 -9999 -9999 -9999 -9999 -9999 -9999 -9999 -9999 -9999 -9999 -9999 -9999 -9999 -9999 -9999 -9999 -9999
0E0 0E0 0E0 0E0 0E0 0E0 0E0 0E0 0E0 0E0 0E0 0E0 0E0 0E0 0E0 0E0 0E0 0E0 0E0 0E0 0E0 1.61374E-1 1.38517E-1 1.90283E-2 1.21208E-1 1.31361E-2 2.1862E-1 1.94272E-1 4.24964E-1 2.17551E-1 3.26707E-1 2.03631E-1 1.4238E-1 1.42334E-1 4.00075E-1 3.79304E-1 1.4157E-1 2.16555E-1 6.92778E-2 7.81226E-2 2.60084E-2 6.44832E-3 1.62463E-3 4.08071E-3 1.18809E-2 7.66979E-3 3.0555E-3 2.01462E-3 6.23727E-3 2.68152E-2 1.83642E-2 1.29119E-2 2.2012E-2 5.37664E-3 8.7712E-3 -9999 -9999 -9999 -9999 -9999 -9999 -9999 -9999 -9999 -9999 -9999 -9999 -9999 -9999 -9999 -9999 -9999 -9999 -9999 -9999 -9999 -9999 -9999
0E0 0E0 0E0 0E0 0E0 0E0 0E0 0E0 0E0 0E0 0E0 0E0 0E0 0E0 0E0 0E0 0E0 0E0 4.35106E-2 3.46835E-2 2.00421E-1 3.80505E-1 3.48567E-1 3.35599E-1 5.69599E-1 7.88702E-1 7.84487E-2 2.31113E-1 5.87094E-1 5.31536E-1 0E0 4.26107E-1 1.79295E-1 2.42022E-1 2.7883E-1 2.7449E-1 1.60034E-1 1.1976E-1 6.98963E-2 6.61141E-2 1.24352E-2 7.20047E-3 4.95485E-4 1.85254E-3 3.19981E-3 8.40138E-4 1.05388E-2 3.62268E-3 3.32E-3 1.18992E-2 2.65667E-2 1.71506E-2 2.10618E-2 7.06016E-2 8.56836E-2 -9999 -9999 -9999 -9999 -9999 -9999 -9999 -9999 -9999 -9999 -9999 -9999 -9999 -9999 -9999 -9999 -9999 -9999 -9999 -9999 -9999 -9999 -9999
0E0 0E0 0E0 0E0 0E0 0E0 0E0 0E0 0E0 0E0 0E0 0E0 0E0 0E0 0E0 0E0 0E0 5.23095E-1 2.52984E-2 3.03209E-2 3.66755E-2 2.92431E-2 1.87742E-1 6.03964E-1 7.90445E-1 7.60051E-1 5.99476E-1 2.83395E-1 0E0 0E0 0E0 0E0 0E0 5.49492E-1 8.45712E-1 6.92838E-1 5.42002E-1 2.74658E-1 1.33837E-1 3.93516E-2 1.62647E-2 1.35554E-3 6.96966E-4 1.54585E-3 2.40678E-3 6.18345E-3 4.96816E-3 2.21586E-2 1.73466E-2 2.25663E-2 2.08736E-2 6.01169E-2 3.48502E-2 2.10138E-2 -9999 -9999 -9999 -9999 -9999 -9999 -9999 -9999 -9999 -9999 -9999 -9999 -9999 -9999 -9999 -9999 -9999 -9999 -9999 -9999 -9999 -9999 -9999 -9999
0E0 0E0 0E0 0E0 0E0 0E0 0E0 0E0 0E0 0E0 0E0 0E0 5.99845E-1 6.72129E-1 6.44108E-1 5.76982E-1 4.35585E-1 6.00134E-1 3.49862E-1 3.41044E-1 7.5955E-2 1.90847E-1 1.31896E-1 3.21694E-1 6.81307E-1 1.76189E-1 8.46515E-1 8.43906E-1 0E0 0E0 1.90074E-1 1.29295E-1 1.74326E-1 4.59343E-1 0E0 1.87051E-1 2.49423E-1 3.01077E-1 6.49952E-2 1.20192E-2 1.98834E-2 3.55519E-3 4.9993E-4 3.2466E-3 3.55066E-3 6.27669E-3 1.64638E-3 3.90853E-3 8.53555E-3 2.2468E-2 1.09978E-2 1.97943E-2 1.75334E-2 1.65962E-2 -9999 -9999 -9999 -9999 -9999 -9999 -9999 -9999 -9999 -9999 -9999 -9999 -9999 -9999 -9999 -9999 -9999 -9999 -9999 -9999 -9999 -9999 -9999 -9999
0E0 0E0 0E0 0E0 0E0 0E0 0E0 0E0 0E0 0E0 0E0 0E0 8.81082E-1 2.33702E-1 1.56975E-1 5.00543E-1 6.02223E-1 8.66827E-1 9.47376E-1 1.36882E-1 2.77281E-1 4.59303E-1 3.33393E-1 1.69237E-1 5.47091E-1 2.96092E-1 4.11213E-1 5.46601E-1 0E0 0E0 2.80771E-1 1.33711E-1 2.85254E-1 0E0 0E0 3.1641E-1 1.68954E-1 1.14811E-1 2.2274E-2 2.50142E-2 1.28519E-2 3.84804E-3 5.80995E-3 3.95019E-3 4.57685E-3 3.64343E-3 6.97093E-3 2.46425E-2 2.40705E-2 1.07701E-2 2.50633E-2 1.55317E-2 6.10972E-2 1.00055E-1 -9999 -9999 -9999 -9999 -9999 -9999 -9999 -9999 -9999 -9999 -9999 -9999 -9999 -9999 -9999 -9999 -9999 -9999 -9999 -9999 -9999 -9999 -9999 -9999
0E0 0E0 0E0 0E0 0E0 0E0 0E0 0E0 0E0 0E0 9.56393E-1 9.13342E-1 9.12171E-1 9.15134E-1 4.52791E-1 3.83913E-1 4.39059E-1 9.96322E-1 8.13611E-1 9.16018E-1 8.8833E-1 0E0 3.95559E-1 5.25649E-1 7.3966E-1 5.47147E-1 6.27912E-1 4.46065E-1 0E0 0E0 6.92352E-1 3.50784E-1 0E0 0E0 0E0 5.32706E-1 3.41205E-1 3.27947E-1 4.34474E-2 1.50591E-2 1.54286E-2 3.15699E-3 2.25439E-3 1.34232E-3 3.36215E-3 5.27438E-3 1.51829E-2 2.99974E-3 7.19878E-3 2.73742E-2 3.91354E-2 2.9678E-2 1.03172E-1 7.75398E-2 -9999 -9999 -9999 -9999 -9999 -9999 -9999 -9999 -9999 -9999 -9999 -9999 -9999 -9999 -9999 -9999 -9999 -9999 -9999 -9999 -9999 -9999 -9999 -9999
0E0 0E0 0E0 0E0 0E0 0E0 0E0 0E0 0E0 0E0 0E0 0E0 0E0 0E0 0E0 0E0 0E0 0E0 0E0 0E0 0E0 6.35481E-1 0E0 0E0 0E0 5.86098E-1 3.58104E-1 2.51146E-1 0E0 0E0 8.25491E-1 1.99664E-1 1.36005E-1 1.50146E-1 1.46222E-1 1.41425E-1 2.93471E-1 1.97684E-1 1.42982E-1 4.55086E-2 3.40819E-2 2.59229E-3 1.07343E-2 6.07401E-3 3.82744E-3 3.29436E-3 8.43796E-3 1.52586E-2 2.91567E-2 2.72746E-3 4.02649E-2 1.61033E-2 7.28437E-2 1.19393E-1 -9999 -9999 -9999 -9999 -9999 -9999 -9999 -9999 -9999 -9999 -9999 -9999 -9999 -9999 -9999 -9999 -9999 -9999 -9999 -9999 -9999 -9999 -9999 -9999
0E0 0E0 0E0 0E0 0E0 0E0 0E0 0E0 0E0 0E0 0E0 0E0 0E0 0E0 0E0 0E0 0E0 0E0 0E0 0E0 0E0 4.63201E-1 0E0 0E0 0E0 0E0 8.65519E-1 0E0 0E0 2.1219E-1 2.00058E-1 0E0 2.38527E-1 3.21819E-1 5.38055E-1 5.11672E-1 5.80862E-1 1.43335E-1 4.99332E-2 8.72599E-2 1.11354E-3 1.57369E-2 1.21301E-2 1.21475E-2 1.38841E-2 1.47916E-2 1.67446E-2 2.15281E-2 4.74478E-2 1.64613E-2 3.0966E-2 3.57001E-2 1.45206E-1 7.56406E-2 -9999 -9999 -9999 -9999 -9999 -9999 -9999 -9999 -9999 -9999 -9999 -9999 -9999 -9999 -9999 -9999 -9999 -9999 -9999 -9999 -9999 -9999 -9999 -9999
0E0 0E0 0E0 0E0 0E0 0E0 0E0 0E0 0E0 0E0 0E0 0E0 0E0 0E0 0E0 0E0 0E0 0E0 0E0 0E0 0E0 4.99604E-1 3.95518E-1 0E0 0E0 0E0 4.03008E-1 6.93006E-1 4.93306E-1 3.27015E-1 0E0 0E0 0E0 0E0 0E0 5.71123E-1 4.3988E-1 1.12966E-1 4.93675E-2 3.42803E-3 2.55599E-3 1.03164E-2 4.25129E-2 8.87212E-3 1.51658E-2 3.62873E-3 7.3786E-3 5.14861E-2 2.26916E-2 5.44536E-2 6.15715E-2 3.51152E-2 7.92521E-2 1.18214E-1 -9999 -9999 -9999 -9999 -9999 -9999 -9999 -9999 -9999 -9999 -9999 -9999 -9999 -9999 -9999 -9999 -9999 -9999 -9999 -9999 -9999 -9999 -9999 -9999
0E0 0E0 0E0 0E0 0E0 0E0 0E0 0E0 0E0 0E0 0E0 0E0 0E0 0E0 0E0 0E0 0E0 0E0 0E0 0E0 0E0 0E0 0E0 4.81959E-1 4.64775E-1 0E0 0E0 4.23549E-1 3.19425E-1 3.76294E-1 3.93383E-1 4.08501E-1 0E0 4.24133E-1 3.65683E-1 1.90202E-1 1.41952E-1 1.28259E-1 3.98087E-2 1.0745E-2 9.12865E-3 8.41795E-3 6.24961E-3 7.72829E-3 4.805E-3 1.02271E-2 3.05025E-2 2.60225E-2 8.65816E-2 8.36653E-2 1.78815E-2 4.12128E-2 6.49788E-2 7.49495E-2 -9999 -9999 -9999 -9999 -9999 -9999 -9999 -9999 -9999 -9999 -9999 -9999 -9999 -9999 -9999 -9999 -9999 -9999 -9999 -9999 -9999 -9999 -9999 -9999
0E0 0E0 0E0 0E0 0E0 0E0 0E0 0E0 0E0 0E0 0E0 0E0 0E0 0E0 0E0 0E0 0E0 0E0 0E0 1.57486E-1 1.67517E-1 0E0 0E0 2.61441E-1 1.27627E-1 8.16847E-2 1.99123E-1 3.21516E-1 6.03541E-1 2.26603E-1 2.88661E-1 2.59916E-1 5.96536E-1 3.64802E-1 1.49276E-1 1.18329E-1 3.21755E-2 3.16208E-2 6.33129E-2 4.99128E-3 3.87843E-3 3.96711E-2 8.01252E-2 4.61762E-2 1.56606E-2 1.58782E-2 1.97902E-2 4.46125E-2 9.84727E-2 1.05974E-1 1.58134E-1 1.44559E-1 3.20925E-2 2.55486E-2 -9999 -9999 -9999 -9999 -9999 -9999 -9999 -9999 -9999 -9999 -9999 -9999 -9999 -9999 -9999 -9999 -9999 -9999 -9999 -9999 -9999 -9999 -9999 -9999
0E0 0E0 0E0 0E0 0E0 0E0 0E0 0E0 0E0 0E0 0E0 0E0 0E0 0E0 0E0 0E0 0E0 0E0 0E0 1.24381E-1 8.40387E-2 8.01633E-2 1.30404E-1 7.27912E-2 5.56726E-2 4.21899E-2 2.36532E-1 3.54381E-1 0E0 5.85046E-1 2.84736E-1 1.89041E-1 0E0 4.18167E-1 2.93043E-1 1.6803E-1 7.39551E-2 1.53141E-2 1.66895E-3 1.67702E-3 5.60574E-3 4.12521E-2 1.01736E-1 1.05747E-1 1.23151E-2 3.66663E-2 1.22063E-1 1.55987E-1 1.21895E-1 8.6644E-2 1.25281E-1 6.22843E-2 6.18207E-2 -9999 -9999 -9999 -9999 -9999 -9999 -9999 -9999 -9999 -9999 -9999 -9999 -9999 -9999 -9999 -9999 -9999 -9999 -9999 -9999 -9999 -9999 -9999 -9999 -9999
0E0 0E0 0E0 0E0 0E0 0E0 0E0 0E0 0E0 0E0 0E0 0E0 0E0 0E0 0E0 0E0 0E0 0E0 0E0 0E0 0E0 1.01627E-1 5.29748E-2 2.40224E-2 1.46682E-2 4.17979E-2 2.99312E-1 0E0 0E0 8.28704E-1 7.44142E-1 4.82356E-1 7.31404E-1 3.19337E-1 1.47542E-1 3.60924E-2 2.11453E-2 5.83432E-3 1.71705E-3 4.08557E-3 9.31848E-3 3.25332E-2 2.60445E-2 3.92385E-2 3.6442E-2 5.34737E-2 2.13715E-1 9.16745E-2 4.95063E-2 3.20594E-2 7.6116E-2 1.29416E-2 3.62406E-2 -9999 -9999 -9999 -9999 -9999 -9999 -9999 -9999 -9999 -9999 -9999 -9999 -9999 -9999 -9999 -9999 -9999 -9999 -9999 -9999 -9999 -9999 -9999 -9999 -9999
0E0 0E0 0E0 0E0 0E0 0E0 0E0 0E0 0E0 0E0 0E0 0E0 0E0 0E0 0E0 0E0 0E0 0E0 0E0 0E0 0E0 0E0 1.49394E-1 2.59063E-2 2.61062E-2 6.52232E-2 3.54727E-1 0E0 0E0 8.65934E-1 7.44279E-1 4.68667E-1 3.02815E-1 2.36612E-1 5.26761E-2 8.04763E-2 3.73381E-3 1.35793E-3 2.81006E-3 9.02718E-3 1.44594E-2 3.08373E-2 3.95573E-2 7.4182E-2 3.45324E-2 1.53069E-1 7.77767E-2 2.8741E-2 2.57051E-2 4.8481E-2 5.67033E-2 2.17718E-2 8.52439E-3 -9999 -9999 -9999 -9999 -9999 -9999 -9999 -9999 -9999 -9999 -9999 -9999 -9999 -9999 -9999 -9999 -9999 -9999 -9999 -9999 -9999 -9999 -9999 -9999 -9999
0E0 0E0 0E0 0E0 0E0 0E0 0E0 0E0 0E0 0E0 0E0 0E0 0E0 0E0 0E0 0E0 0E0 0E0 0E0 0E0 0E0 0E0 0E0 1.41271E-1 1.81378E-1 1.78002E-1 5.41679E-1 0E0 6.47817E-1 3.79035E-1 3.3174E-1 1.47615E-1 6.10145E-2 8.88268E-2 6.95197E-2 2.77888E-3 2.69712E-3 3.66539E-3 6.2117E-3 2.48421E-2 1.24693E-2 7.96164E-2 1.10136E-1 8.92607E-2 2.0304E-1 2.52746E-1 4.25569E-2 3.59105E-2 4.32408E-3 2.64099E-2 4.70709E-3 6.40517E-3 7.81271E-3 -9999 -9999 -9999 -9999 -9999 -9999 -9999 -9999 -9999 -9999 -9999 -9999 -9999 -9999 -9999 -9999 -9999 -9999 -9999 -9999 -9999 -9999 -9999 -9999 -9999
0E0 0E0 0E0 0E0 0E0 0E0 0E0 0E0 0E0 0E0 0E0 0E0 0E0 0E0 0E0 0E0 0E0 3.10083E-1 1.23745E-1 2.72911E-2 2.13464E-2 4.71469E-2 8.05514E-2 1.96468E-2 7.2469E-2 1.62708E-1 1.73683E-1 3.93498E-1 3.29711E-1 2.03493E-1 1.09967E-1 4.20145E-2 1.27836E-2 2.68763E-2 3.85158E-2 1.73795E-3 5.87436E-3 3.68719E-3 2.39062E-2 1.98419E-2 6.71895E-2 8.49003E-2 7.43526E-2 7.36905E-2 3.6461E-2 2.27821E-2 7.67424E-3 1.96778E-2 1.76933E-2 2.68207E-2 1.09736E-2 4.86121E-3 -9999 -9999 -9999 -9999 -9999 -9999 -9999 -9999 -9999 -9999 -9999 -9999 -9999 -9999 -9999 -9999 -9999 -9999 -9999 -9999 -9999 -9999 -9999 -9999 -9999 -9999
0E0 0E0 0E0 0E0 0E0 0E0 0E0 0E0 0E0 0E0 0E0 0E0 0E0 0E0 0E0 0E0 0E0 0E0 2.25537E-1 2.99338E-2 2.75774E-2 6.41637E-3 1.41463E-2 1.46836E-2 1.45214E-2 3.12456E-2 5.10093E-2 2.47755E-1 2.44683E-1 1.6055E-1 3.0566E-2 2.49179E-2 2.26266E-2 3.735E-2 1.90058E-3 1.23839E-3 7.02891E-3 1.11889E-2 3.15952E-2 7.60622E-3 6.05468E-2 1.54355E-1 6.12859E-2 9.09696E-3 3.22034E-2 8.83835E-3 1.48089E-2 1.02534E-2 6.16529E-3 5.53337E-3 2.6951E-3 2.10235E-3 -9999 -9999 -9999 -9999 -9999 -9999 -9999 -9999 -9999 -9999 -9999 -9999 -9999 -9999 -9999 -9999 -9999 -9999 -9999 -9999 -9999 -9999 -9999 -9999 -9999 -9999
0E0 0E0 0E0 0E0 0E0 0E0 0E0 0E0 0E0 0E0 0E0 0E0 0E0 0E0 3.07882E-1 0E0 0E0 0E0 2.82066E-1 1.2385E-1 4.9811E-2 6.15088E-3 8.06483E-3 1.25475E-2 1.50529E-2 1.78876E-2 1.70454E-2 1.54733E-1 1.01426E-1 4.06964E-2 4.42287E-2 2.27063E-2 3.39785E-3 8.38008E-3 2.98044E-3 3.57744E-3 3.97598E-3 3.62517E-2 1.93583E-2 5.08512E-3 3.74746E-2 3.6018E-1 4.29706E-2 7.9304E-3 1.12774E-2 2.03382E-2 1.39896E-2 6.93352E-3 1.00363E-2 7.26586E-3 6.84029E-3 1.1081E-3 -9999 -9999 -9999 -9999 -9999 -9999 -9999 -9999 -9999 -9999 -9999 -9999 -9999 -9999 -9999 -9999 -9999 -9999 -9999 -9999 -9999 -9999 -9999 -9999 -9999 -9999
0E0 0E0 0E0 0E0 0E0 0E0 0E0 0E0 0E0 0E0 0E0 0E0 0E0 1.31059E-1 1.54169E-1 0E0 0E0 2.68098E-1 2.15669E-1 7.86481E-2 5.46823E-2 1.53497E-2 1.73596E-2 1.73107E-2 2.192E-2 4.13518E-2 2.83268E-2 6.34571E-2 1.13833E-2 8.6961E-3 5.35984E-3 7.69876E-4 3.37283E-3 2.48237E-2 1.54969E-2 3.13821E-2 2.16384E-2 8.5078E-3 2.11785E-2 3.4338E-3 1.59746E-1 2.32446E-1 1.5975E-2 1.59796E-2 1.37897E-2 4.28461E-3 8.56458E-3 9.7397E-3 5.56184E-3 1.4853E-2 4.32439E-3 -9999 -9999 -9999 -9999 -9999 -9999 -9999 -9999 -9999 -9999 -9999 -9999 -9999 -9999 -9999 -9999 -9999 -9999 -9999 -9999 -9999 -9999 -9999 -9999 -9999 -9999 -9999
0E0 0E0 0E0 0E0 0E0 0E0 0E0 0E0 0E0 0E0 0E0 0E0 0E0 1.93512E-1 2.45528E-1 0E0 0E0 0E0 4.30131E-1 1.86555E-1 6.44195E-2 4.8874E-2 8.80391E-2 8.62345E-2 9.91207E-2 1.04209E-1 6.82635E-2 1.17805E-2 4.43658E-3 5.23567E-4 3.33184E-3 5.41481E-3 5.44816E-3 2.98537E-2 1.16109E-2 3.40367E-2 2.57988E-2 3.2113E-2 4.26561E-2 1.9019E-2 2.27135E-1 7.58356E-2 4.1222E-2 3.90749E-2 7.67326E-3 1.22774E-2 3.79776E-3 2.1518E-2 2.62003E-2 2.67533E-3 4.63338E-3 -9999 -9999 -9999 -9999 -9999 -9999 -9999 -9999 -9999 -9999 -9999 -9999 -9999 -9999 -9999 -9999 -9999 -9999 -9999 -9999 -9999 -9999 -9999 -9999 -9999 -9999 -9999
0E0 0E0 0E0 0E0 0E0 0E0 0E0 0E0 0E0 0E0 0E0 0E0 0E0 0E0 0E0 0E0 0E0 0E0 0E0 0E0 0E0 2.74136E-1 4.84679E-1 2.17542E-1 6.43216E-2 7.57354E-2 2.12656E-2 6.89203E-3 1.67682E-3 1.56868E-3 2.27636E-3 1.17134E-2 2.06233E-2 7.29385E-2 2.66989E-2 3.33607E-2 2.40451E-2 1.95335E-2 1.12118E-2 1.08325E-1 1.14646E-1 1.5451E-1 7.70691E-2 5.58552E-2 8.47521E-3 1.41898E-2 1.68454E-2 3.54492E-2 1.62684E-2 1.21394E-2 1.37504E-2 -9999 -9999 -9999 -9999 -9999 -9999 -9999 -9999 -9999 -9999 -9999 -9999 -9999 -9999 -9999 -9999 -9999 -9999 -9999 -9999 -9999 -9999 -9999 -9999 -9999 -9999 -9999
0E0 0E0 0E0 0E0 0E0 0E0 0E0 0E0 0E0 0E0 0E0 0E0 0E0 0E0 0E0 0E0 0E0 0E0 0E0 0E0 1.29982E-1 4.37323E-2 4.76765E-2 1.33789E-1 4.00308E-2 1.34193E-2 3.51598E-2 3.17946E-3 1.18598E-3 4.7981E-3 1.40147E-2 1.92187E-2 5.38044E-2 4.84582E-2 8.46929E-2 1.74132E-2 2.91141E-2 5.87198E-3 1.0031E-1 1.5493E-1 1.28365E-1 4.69943E-2 2.31304E-2 1.54597E-2 1.13624E-2 1.91937E-2 2.71928E-2 2.37133E-2 1.57275E-2 7.93897E-2 1.03716E-1 -9999 -9999 -9999 -9999 -9999 -9999 -9999 -9999 -9999 -9999 -9999 -9999 -9999 -9999 -9999 -9999 -9999 -9999 -9999 -9999 -9999 -9999 -9999 -9999 -9999 -9999 -9999
0E0 0E0 0E0 0E0 0E0 0E0 0E0 0E0 0E0 0E0 0E0 0E0 0E0 0E0 0E0 0E0 0E0 0E0 0E0 0E0 9.51623E-2 1.56833E-2 4.38141E-2 6.87405E-2 2.93132E-2 9.88524E-3 3.46441E-2 4.33336E-2 2.37197E-2 1.61787E-2 2.21284E-2 4.68565E-2 1.60679E-2 1.22023E-2 8.54436E-2 4.38493E-2 4.77546E-2 5.67653E-2 2.75991E-1 6.61133E-2 3.53704E-2 3.63078E-2 2.19874E-2 4.41259E-2 4.39953E-2 6.1261E-3 3.33785E-2 1.93549E-2 5.4791E-2 8.15873E-2 -9999 -9999 -9999 -9999 -9999 -9999 -9999 -9999 -9999 -9999 -9999 -9999 -9999 -9999 -9999 -9999 -9999 -9999 -9999 -9999 -9999 -9999 -9999 -9999 -9999 -9999 -9999 -9999
0E0 0E0 0E0 0E0 0E0 0E0 0E0 0E0 0E0 0E0 0E0 0E0 0E0 0E0 0E0 0E0 1.36285E-1 1.18833E-1 1.20807E-1 8.38381E-2 7.40738E-2 7.19042E-2 8.18214E-2 1.80308E-2 8.61204E-3 1.06761E-2 4.01168E-2 7.1674E-2 1.69083E-1 3.23407E-2 9.29182E-2 8.49656E-2 3.34292E-2 8.23714E-2 1.89138E-1 2.45119E-1 1.55179E-1 1.00359E-1 1.20478E-1 2.61876E-2 1.02676E-2 3.60495E-2 9.12511E-2 8.13262E-2 3.06467E-2 1.9442E-2 1.02491E-2 9.69335E-3 1.51026E-2 3.15889E-2 -9999 -9999 -9999 -9999 -9999 -9999 -9999 -9999 -9999 -9999 -9999 -9999 -9999 -9999 -9999 -9999 -9999 -9999 -9999 -9999 -9999 -9999 -9999 -9999 -9999 -9999 -9999 -9999
0E0 0E0 0E0 0E0 0E0 0E0 0E0 0E0 0E0 0E0 0E0 0E0 0E0 0E0 3.07471E-1 1.60617E-1 5.38258E-2 4.46476E-2 1.27094E-1 4.8224E-2 2.45619E-2 1.78828E-2 4.19983E-2 8.22504E-3 2.34027E-2 5.42359E-2 6.7605E-2 1.20038E-1 1.74188E-1 1.29663E-1 3.16104E-2 7.05087E-2 3.83625E-2 2.93122E-1 2.56131E-1 1.35049E-1 5.01291E-2 2.28456E-2 1.61954E-2 1.71182E-2 2.41063E-3 4.06419E-2 5.01893E-2 5.45863E-2 3.56368E-2 3.25615E-2 1.31036E-2 2.42733E-2 2.04242E-2 3.25376E-2 -9999 -9999 -9999 -9999 -9999 -9999 -9999 -9999 -9999 -9999 -9999 -9999 -9999 -9999 -9999 -9999 -9999 -9999 -9999 -9999 -9999 -9999 -9999 -9999 -9999 -9999 -9999 -9999
0E0 0E0 0E0 0E0 0E0 0E0 0E0 0E0 0E0 0E0 0E0 0E0 0E0 1.88789E-1 1.77317E-1 1.02637E-1 3.94178E-2 3.5479E-2 7.81524E-2 3.5196E-2 4.23085E-2 2.44582E-2 1.62041E-2 1.90495E-2 2.26543E-2 5.3065E-2 1.04203E-1 4.19996E-2 2.35304E-1 1.10994E-1 3.94404E-2 1.26617E-1 1.28895E-1 1.39742E-1 1.68315E-1 1.34161E-1 2.47481E-1 3.20192E-2 4.59823E-2 4.40928E-2 5.3944E-2 4.09321E-2 3.41298E-2 2.02608E-2 1.63155E-2 7.80633E-3 1.56696E-2 3.44237E-2 2.17257E-2 -9999 -9999 -9999 -9999 -9999 -9999 -9999 -9999 -9999 -9999 -9999 -9999 -9999 -9999 -9999 -9999 -9999 -9999 -9999 -9999 -9999 -9999 -9999 -9999 -9999 -9999 -9999 -9999 -9999
0E0 0E0 0E0 0E0 0E0 0E0 0E0 0E0 0E0 0E0 0E0 0E0 0E0 0E0 3.9219E-1 1.24307E-1 3.18518E-2 4.14786E-2 5.28037E-2 6.66516E-2 6.18933E-2 9.82307E-2 8.27853E-2 4.10661E-2 4.51276E-2 8.24493E-2 1.56196E-1 5.96114E-2 2.69321E-1 2.4839E-2 1.4686E-1 3.09271E-1 1.4646E-1 5.96728E-3 8.17449E-2 7.89229E-2 2.07418E-2 2.08512E-2 1.57986E-2 8.64489E-2 1.38061E-1 9.9519E-3 2.55407E-2 1.42177E-2 5.60843E-3 8.31019E-3 1.53062E-2 3.75101E-2 -9999 -9999 -9999 -9999 -9999 -9999 -9999 -9999 -9999 -9999 -9999 -9999 -9999 -9999 -9999 -9999 -9999 -9999 -9999 -9999 -9999 -9999 -9999 -9999 -9999 -9999 -9999 -9999 -9999 -9999
0E0 0E0 0E0 0E0 0E0 0E0 0E0 0E0 0E0 0E0 0E0 0E0 0E0 0E0 1.66755E-1 6.04548E-2 6.8649E-2 5.60321E-2 9.33954E-2 1.18032E-1 1.33522E-1 7.17352E-2 2.09465E-1 2.03799E-1 6.98638E-2 1.19415E-1 1.1595E-1 2.08193E-1 1.3531E-1 6.69388E-1 4.18726E-1 3.22776E-1 1.15079E-1 2.91219E-2 8.56997E-3 1.14688E-2 7.70751E-3 7.05368E-3 9.13622E-3 1.13417E-2 5.61167E-3 2.61133E-2 2.9484E-2 4.44175E-3 2.30587E-3 5.03028E-3 8.10432E-3 -9999 -9999 -9999 -9999 -9999 -9999 -9999 -9999 -9999 -9999 -9999 -9999 -9999 -9999 -9999 -9999 -9999 -9999 -9999 -9999 -9999 -9999 -9999 -9999 -9999 -9999 -9999 -9999 -9999 -9999 -9999
0E0 0E0 0E0 0E0 0E0 0E0 0E0 0E0 0E0 0E0 0E0 0E0 0E0 5.51515E-1 1.60047E-1 5.99813E-2 6.87472E-2 5.86743E-2 2.80105E-1 0E0 2.02651E-1 1.52489E-1 2.59613E-1 2.45244E-1 2.71067E-1 1.11082E-1 1.42985E-1 1.10384E-1 6.21824E-1 5.51893E-1 1.85339E-1 1.85788E-1 1.23229E-1 1.47525E-2 3.78892E-2 3.75998E-3 2.78051E-3 2.59082E-2 2.84137E-3 5.22658E-3 2.61089E-2 1.16568E-2 8.03375E-3 6.57146E-3 3.09007E-3 3.29738E-3 -9999 -9999 -9999 -9999 -9999 -9999 -9999 -9999 -9999 -9999 -9999 -9999 -9999 -9999 -9999 -9999 -9999 -9999 -9999 -9999 -9999 -9999 -9999 -9999 -9999 -9999 -9999 -9999 -9999 -9999 -9999 -9999
0E0 0E0 0E0 0E0 0E0 0E0 0E0 0E0 0E0 0E0 0E0 0E0 0E0 0E0 3.85323E-1 1.32586E-1 5.76418E-2 6.05079E-2 4.46715E-1 0E0 1.58356E-1 1.42389E-1 1.50297E-1 2.80608E-1 1.2374E-1 5.26754E-2 1.62343E-1 4.8489E-1 5.26921E-1 4.15114E-1 3.31484E-2 2.73713E-2 2.30379E-2 2.19622E-1 9.18335E-2 1.81667E-2 2.1992E-3 1.14404E-3 3.68772E-3 6.05316E-3 4.48335E-3 4.45346E-3 8.00651E-3 2.94344E-3 -9999 -9999 -9999 -9999 -9999 -9999 -9999 -9999 -9999 -9999 -9999 -9999 -9999 -9999 -9999 -9999 -9999 -9999 -9999 -9999 -9999 -9999 -9999 -9999 -9999 -9999 -9999 -9999 -9999 -9999 -9999 -9999 -9999 -9999
0E0 0E0 0E0 0E0 0E0 0E0 0E0 0E0 0E0 0E0 0E0 0E0 0E0 0E0 2.8112E-1 1.08169E-1 1.55819E-1 1.15954E-1 0E0 0E0 2.0873E-1 1.28885E-1 8.72503E-2 9.095E-2 1.01071E-1 3.74071E-1 3.99669E-2 6.27252E-1 3.97444E-1 4.64672E-2 4.53408E-2 2.27771E-2 5.20104E-2 5.71774E-2 9.51729E-3 1.04664E-2 1.58499E-3 8.24832E-4 1.81026E-3 9.20107E-3 4.26281E-3 3.50324E-3 3.65029E-3 -9999 -9999 -9999 -9999 -9999 -9999 -9999 -9999 -9999 -9999 -9999 -9999 -9999 -9999 -9999 -9999 -9999 -9999 -9999 -9999 -9999 -9999 -9999 -9999 -9999 -9999 -9999 -9999 -9999 -9999 -9999 -9999 -9999 -9999 -9999
0E0 0E0 0E0 0E0 0E0 0E0 0E0 0E0 0E0 0E0 0E0 0E0 4.93512E-1 4.46962E-1 2.30812E-1 2.50481E-1 6.07148E-1 0E0 0E0 6.83651E-1 2.85694E-1 1.52106E-1 1.66491E-1 6.79217E-2 1.72944E-1 1.32439E-1 4.70379E-1 5.99653E-1 5.1488E-1 4.32743E-2 4.18251E-2 1.09197E-1 6.18154E-2 1.47255E-2 8.13539E-4 3.71188E-4 2.98274E-4 1.47495E-3 5.17041E-3 7.40276E-3 9.38183E-3 3.77936E-3 -9999 -9999 -9999 -9999 -9999 -9999 -9999 -9999 -9999 -9999 -9999 -9999 -9999 -9999 -9999 -9999 -9999 -9999 -9999 -9999 -9999 -9999 -9999 -9999 -9999 -9999 -9999 -9999 -9999 -9999 -9999 -9999 -9999 -9999 -9999 -9999
0E0 0E0 0E0 0E0 0E0 0E0 0E0 0E0 0E0 0E0 0E0 0E0 0E0 0E0 4.38547E-1 2.57277E-1 0E0 0E0 7.70312E-1 1.30662E-1 1.29913E-1 3.10858E-2 4.84149E-2 3.11154E-1 3.42934E-1 3.00346E-1 1.75749E-1 8.30755E-2 9.20091E-2 1.33995E-1 2.47295E-1 2.56888E-1 1.10764E-1 4.9018E-3 3.57466E-3 7.95654E-4 2.00597E-3 4.52881E-3 1.28804E-2 7.3376E-3 9.92902E-3 -9999 -9999 -9999 -9999 -9999 -9999 -9999 -9999 -9999 -9999 -9999 -9999 -9999 -9999 -9999 -9999 -9999 -9999 -9999 -9999 -9999 -9999 -9999 -9999 -9999 -9999 -9999 -9999 -9999 -9999 -9999 -9999 -9999 -9999 -9999 -9999 -9999
