ENM/Final_Models/M_2_F_lq_Set_1_NE/Gustavia_santanderiensis_Choco_avg.asc
ncols         367
nrows         963
xllcorner     -78.6
yllcorner     0.65
cellsize      0.00833333333333323
NODATA_value  -9999
[rows 884 to 917 of 963, columns 0 to 77 of 367]
-9999 -9999 -9999 -9999 -9999 -9999 -9999 -9999 -9999 -9999 -9999 -9999 -9999 -9999 -9999 -9999 -9999 -9999 -9999 -9999 -9999 9.09723E-1 9.89258E-1 9.46825E-1 9.8607E-1 9.82197E-1 8.93094E-1 8.42341E-1 0E0 0E0 0E0 0E0 0E0 0E0 0E0 0E0 0E0 0E0 0E0 0E0 0E0 0E0 0E0 0E0 0E0 0E0 0E0 0E0 0E0 0E0 0E0 0E0 0E0 0E0 0E0 0E0 0E0 0E0 2.95081E-1 2.61616E-1 8.45666E-2 3.09339E-2 7.58652E-3 3.15864E-3 1.24942E-3 7.99979E-4 6.19819E-4 2.56851E-3 7.72421E-3 2.32724E-2 3.5243E-2 1.01816E-1 1.60509E-1 5.93089E-2 9.9717E-3 1.5097E-3 9.29247E-4 3.23379E-3
-9999 -9999 -9999 -9999 -9999 -9999 -9999 -9999 -9999 -9999 -9999 -9999 -9999 -9999 -9999 -9999 -9999 -9999 -9999 -9999 -9999 9.37725E-1 9.30244E-1 9.21191E-1 9.38583E-1 9.69615E-1 9.85703E-1 0E0 0E0 6.84412E-1 0E0 0E0 0E0 0E0 0E0 0E0 0E0 0E0 0E0 0E0 0E0 0E0 0E0 0E0 0E0 0E0 0E0 0E0 0E0 0E0 0E0 0E0 0E0 0E0 0E0 3.78283E-1 0E0 0E0 2.72795E-1 2.10112E-1 1.52092E-1 7.65497E-2 2.15077E-2 8.78343E-3 3.52974E-3 2.07654E-3 1.97291E-3 1.56571E-3 3.0071E-3 4.56775E-3 1.18835E-2 1.06955E-1 1.1098E-1 4.53273E-2 2.02373E-2 4.31796E-3 2.04118E-4 3.23534E-4
-9999 -9999 -9999 -9999 -9999 -9999 -9999 -9999 -9999 -9999 -9999 -9999 -9999 -9999 -9999 -9999 -9999 -9999 -9999 -9999 -9999 9.66427E-1 8.96752E-1 9.11759E-1 9.4206E-1 9.4857E-1 0E0 0E0 0E0 6.77503E-1 0E0 0E0 0E0 0E0 0E0 0E0 0E0 0E0 0E0 0E0 0E0 0E0 0E0 0E0 0E0 0E0 0E0 0E0 0E0 0E0 0E0 0E0 3.49589E-1 3.57909E-1 2.86131E-1 2.8457E-1 0E0 0E0 3.10041E-1 1.77438E-1 2.06378E-1 9.46339E-2 3.17437E-2 1.25709E-2 7.3968E-3 4.11344E-3 2.70484E-3 1.27804E-3 1.8261E-3 4.10996E-3 9.15572E-3 7.38171E-2 7.05947E-2 1.86842E-2 6.84243E-3 5.67766E-3 2.14239E-4 9.38657E-5
-9999 -9999 -9999 -9999 -9999 -9999 -9999 -9999 -9999 -9999 -9999 -9999 -9999 -9999 -9999 -9999 -9999 -9999 -9999 -9999 -9999 -9999 9.48503E-1 8.26828E-1 9.15199E-1 0E0 0E0 9.56077E-1 9.70375E-1 9.48474E-1 0E0 0E0 0E0 0E0 0E0 0E0 0E0 0E0 0E0 0E0 0E0 0E0 0E0 0E0 0E0 0E0 0E0 0E0 0E0 0E0 0E0 3.5131E-1 3.44914E-1 3.36626E-1 2.67487E-1 2.85325E-1 0E0 0E0 5.04596E-1 3.84415E-1 2.16216E-1 9.45325E-2 2.49748E-2 6.91638E-3 4.68927E-3 4.10825E-3 2.04717E-3 1.61308E-3 1.67536E-3 3.02179E-3 6.45809E-3 2.52054E-2 1.9555E-2 2.71425E-2 1.2378E-3 1.0413E-3 5.95279E-4 1.05281E-4
-9999 -9999 -9999 -9999 -9999 -9999 -9999 -9999 -9999 -9999 -9999 -9999 -9999 -9999 -9999 -9999 -9999 -9999 -9999 -9999 -9999 -9999 9.39893E-1 9.43341E-1 8.55208E-1 8.25265E-1 0E0 0E0 0E0 0E0 0E0 0E0 0E0 0E0 0E0 0E0 0E0 0E0 0E0 0E0 0E0 0E0 0E0 0E0 0E0 0E0 0E0 0E0 0E0 0E0 3.80342E-1 3.8031E-1 3.44299E-1 2.33077E-1 1.13954E-1 1.09872E-1 1.69461E-1 2.59608E-1 5.10022E-1 3.81401E-1 2.61997E-1 1.20892E-1 3.04659E-2 1.47806E-2 7.92492E-3 6.50511E-3 5.16343E-3 3.41248E-3 1.35853E-3 1.45367E-3 3.49827E-3 7.84226E-3 5.40936E-3 3.72694E-3 1.58923E-3 9.99047E-5 4.85438E-5 3.4888E-5
-9999 -9999 -9999 -9999 -9999 -9999 -9999 -9999 -9999 -9999 -9999 -9999 -9999 -9999 -9999 -9999 -9999 -9999 -9999 -9999 -9999 -9999 8.18342E-1 9.21677E-1 9.18536E-1 9.18678E-1 9.11095E-1 0E0 7.6181E-1 8.81266E-1 9.39802E-1 9.58242E-1 0E0 0E0 0E0 0E0 0E0 0E0 0E0 0E0 0E0 0E0 0E0 0E0 0E0 0E0 0E0 0E0 0E0 0E0 0E0 0E0 3.07528E-1 1.74456E-1 5.4149E-2 2.11108E-2 2.4057E-2 1.39272E-1 4.14555E-1 4.30384E-1 3.14213E-1 1.87262E-1 9.80651E-2 3.99593E-2 1.64161E-2 9.4141E-3 6.09267E-3 3.8372E-3 2.13162E-3 1.0546E-3 1.63801E-3 1.47206E-3 3.43594E-3 1.45152E-3 4.83665E-4 6.17681E-5 3.49785E-5 2.4449E-5
-9999 -9999 -9999 -9999 -9999 -9999 -9999 -9999 -9999 -9999 -9999 -9999 -9999 -9999 -9999 -9999 -9999 -9999 -9999 -9999 -9999 -9999 8.49415E-1 9.23452E-1 9.24678E-1 9.4515E-1 9.17221E-1 8.56792E-1 8.02947E-1 8.97768E-1 0E0 8.95403E-1 9.26659E-1 9.77034E-1 9.81423E-1 0E0 0E0 0E0 0E0 0E0 0E0 0E0 0E0 0E0 0E0 0E0 0E0 0E0 0E0 0E0 3.30659E-1 3.45243E-1 2.40815E-1 1.38289E-1 2.67634E-2 2.92389E-3 7.7746E-3 5.38097E-2 2.60572E-1 5.0263E-1 4.04791E-1 1.34989E-1 6.8108E-2 3.22975E-2 1.33788E-2 8.68698E-3 4.052E-3 3.67394E-3 3.69938E-3 4.18848E-3 6.72604E-3 1.00696E-2 6.61003E-3 6.05228E-3 7.85352E-4 8.03715E-5 3.46259E-5 3.12474E-5
-9999 -9999 -9999 -9999 -9999 -9999 -9999 -9999 -9999 -9999 -9999 -9999 -9999 -9999 -9999 -9999 -9999 -9999 -9999 -9999 -9999 -9999 -9999 7.91372E-1 8.46188E-1 9.22574E-1 9.14562E-1 8.94719E-1 9.08885E-1 8.6231E-1 8.9889E-1 0E0 0E0 8.24406E-1 0E0 0E0 9.7126E-1 0E0 0E0 0E0 0E0 0E0 0E0 0E0 0E0 0E0 0E0 0E0 0E0 3.3406E-1 2.37063E-1 2.2695E-1 2.01634E-1 9.57143E-2 1.7666E-2 1.22384E-3 8.62467E-3 8.51215E-2 3.21314E-1 5.09864E-1 3.86131E-1 1.2442E-1 1.98615E-2 1.046E-2 8.16285E-3 7.10184E-3 1.78032E-2 1.21936E-2 9.59402E-3 3.10511E-2 1.3468E-2 4.06332E-3 4.06079E-3 3.68398E-3 5.60918E-4 2.27137E-4 3.63699E-5 1.06774E-5
-9999 -9999 -9999 -9999 -9999 -9999 -9999 -9999 -9999 -9999 -9999 -9999 -9999 -9999 -9999 -9999 -9999 -9999 -9999 -9999 -9999 -9999 -9999 8.52376E-1 8.09182E-1 7.97458E-1 8.6887E-1 7.60308E-1 8.43185E-1 8.96089E-1 8.73867E-1 8.59306E-1 9.45145E-1 0E0 9.35772E-1 9.17813E-1 9.41676E-1 9.48779E-1 9.57067E-1 9.69822E-1 9.52786E-1 9.53532E-1 9.19692E-1 7.02919E-1 0E0 6.02429E-1 0E0 0E0 0E0 0E0 2.64751E-1 2.12206E-1 1.18686E-1 4.87985E-2 1.11259E-2 2.03605E-3 7.71904E-3 5.18846E-2 3.08191E-1 3.85532E-1 4.4967E-1 1.83736E-1 2.34591E-2 1.13221E-2 2.13928E-2 1.23961E-1 9.25138E-2 5.77539E-2 1.30561E-1 8.96893E-2 2.58339E-2 3.89071E-3 8.41443E-4 1.7085E-3 8.43511E-4 1.84031E-4 2.45632E-5 7.54645E-6
-9999 -9999 -9999 -9999 -9999 -9999 -9999 -9999 -9999 -9999 -9999 -9999 -9999 -9999 -9999 -9999 -9999 -9999 -9999 -9999 -9999 -9999 -9999 -9999 -9999 7.68806E-1 7.89787E-1 7.96239E-1 7.43381E-1 8.86085E-1 8.46649E-1 7.67588E-1 8.75437E-1 9.19464E-1 8.96861E-1 8.71911E-1 8.17333E-1 7.39862E-1 7.63304E-1 9.4621E-1 8.36992E-1 0E0 9.64794E-1 8.9963E-1 8.87009E-1 7.83759E-1 0E0 0E0 0E0 0E0 0E0 2.58123E-1 1.69723E-1 6.38691E-2 1.88904E-2 4.70109E-3 2.05148E-2 7.4466E-2 2.6216E-1 3.02676E-1 4.48573E-1 2.87793E-1 5.34249E-2 3.10792E-2 9.44559E-2 2.31887E-1 1.66114E-1 1.16171E-1 1.7778E-1 1.52468E-1 1.27941E-1 2.50614E-2 1.26631E-2 6.21803E-3 2.1785E-3 9.41538E-4 5.98504E-5 3.23408E-5
-9999 -9999 -9999 -9999 -9999 -9999 -9999 -9999 -9999 -9999 -9999 -9999 -9999 -9999 -9999 -9999 -9999 -9999 -9999 -9999 -9999 8.20576E-1 8.36469E-1 -9999 -9999 7.17247E-1 6.73632E-1 7.08096E-1 7.21935E-1 7.33907E-1 7.92623E-1 7.21225E-1 8.00553E-1 8.64148E-1 8.57455E-1 7.08549E-1 6.34125E-1 6.20272E-1 6.36887E-1 7.8897E-1 6.55967E-1 7.35018E-1 8.91278E-1 9.55558E-1 8.73643E-1 7.74746E-1 0E0 0E0 0E0 0E0 0E0 2.73073E-1 1.57504E-1 4.6793E-2 1.72377E-2 5.67194E-3 2.81634E-2 1.35866E-1 2.50174E-1 3.73926E-1 3.55515E-1 3.67101E-1 1.40236E-1 2.55933E-1 2.72436E-1 2.9373E-1 2.34383E-1 1.94506E-1 1.01763E-1 3.76692E-2 1.22052E-1 9.67034E-2 6.19254E-2 1.59723E-2 1.12134E-2 5.38061E-3 8.7954E-4 2.1791E-4
-9999 -9999 -9999 -9999 -9999 -9999 -9999 -9999 -9999 -9999 -9999 -9999 -9999 -9999 -9999 -9999 -9999 -9999 -9999 -9999 -9999 7.01968E-1 6.82241E-1 7.20102E-1 7.22869E-1 6.78322E-1 6.28567E-1 5.69866E-1 6.68695E-1 6.34329E-1 6.32882E-1 6.3364E-1 6.81636E-1 7.99655E-1 0E0 7.41007E-1 6.23006E-1 0E0 0E0 5.67097E-1 0E0 5.17331E-1 7.04844E-1 9.0763E-1 7.72928E-1 0E0 0E0 0E0 0E0 0E0 0E0 2.71649E-1 1.25747E-1 5.14576E-2 6.06934E-3 2.3483E-3 1.38368E-2 1.13546E-1 3.39342E-1 4.51917E-1 2.31535E-1 2.65023E-1 2.97474E-1 1.41919E-1 1.24301E-1 1.2204E-1 1.46768E-1 1.07643E-1 8.52216E-3 2.21288E-3 2.31934E-2 5.67493E-2 9.18077E-2 4.51283E-2 9.38209E-3 2.31657E-3 1.61731E-3 4.10134E-4
-9999 -9999 -9999 -9999 -9999 -9999 -9999 -9999 -9999 -9999 -9999 -9999 -9999 -9999 -9999 -9999 -9999 -9999 -9999 -9999 7.66427E-1 7.34482E-1 6.71108E-1 5.64192E-1 5.81617E-1 5.86589E-1 5.50216E-1 5.12183E-1 5.25611E-1 5.10967E-1 5.11516E-1 5.31688E-1 5.29791E-1 6.0706E-1 7.32089E-1 7.46834E-1 0E0 0E0 0E0 0E0 0E0 0E0 8.00876E-1 6.61771E-1 4.91112E-1 0E0 3.4382E-1 2.61194E-1 2.88272E-1 2.9473E-1 2.53793E-1 1.62718E-1 1.00747E-1 4.09973E-2 1.31278E-2 2.05761E-3 1.02548E-2 1.33626E-1 2.44095E-1 3.77657E-1 1.44001E-1 7.37764E-2 2.63645E-2 8.15247E-3 2.27753E-3 7.85329E-3 1.15695E-2 6.14096E-2 9.0016E-3 7.9071E-4 6.31694E-3 3.28704E-2 3.11515E-2 4.3187E-2 4.40324E-2 1.51894E-2 4.13612E-3 2.87267E-4
-9999 -9999 -9999 -9999 -9999 -9999 -9999 -9999 -9999 -9999 -9999 -9999 -9999 -9999 -9999 -9999 -9999 -9999 -9999 -9999 8.29377E-1 7.8728E-1 6.59497E-1 6.16626E-1 4.75613E-1 4.74766E-1 4.32084E-1 4.27496E-1 4.19085E-1 3.90175E-1 5.21688E-1 4.83761E-1 6.47766E-1 6.92881E-1 7.1442E-1 6.90752E-1 0E0 5.35333E-1 0E0 0E0 0E0 7.37755E-1 0E0 8.23559E-1 5.72068E-1 0E0 2.51015E-1 1.16719E-1 1.07429E-1 1.60968E-1 1.88368E-1 1.2395E-1 7.53265E-2 2.52445E-2 4.29833E-3 1.28583E-3 9.54342E-3 1.25117E-1 1.35043E-1 3.2689E-1 3.00282E-1 1.04053E-1 1.9919E-2 2.64327E-3 9.69344E-4 5.7521E-4 3.22715E-3 1.19532E-2 7.88395E-3 3.4904E-4 1.04981E-3 1.8622E-2 1.0438E-2 1.4988E-2 2.33313E-2 1.62129E-2 1.23479E-3 1.82561E-3
-9999 -9999 -9999 -9999 -9999 -9999 -9999 -9999 -9999 -9999 -9999 -9999 -9999 -9999 -9999 -9999 -9999 -9999 -9999 -9999 9.21308E-1 8.55907E-1 7.43335E-1 5.58549E-1 4.65857E-1 4.63417E-1 3.73386E-1 4.37306E-1 3.89009E-1 4.52965E-1 6.60316E-1 5.77812E-1 7.28199E-1 5.90259E-1 6.97964E-1 6.98959E-1 6.01761E-1 3.90564E-1 0E0 0E0 0E0 6.74608E-1 8.93217E-1 0E0 7.25782E-1 0E0 2.45411E-1 1.02721E-1 5.35598E-2 6.62453E-2 6.52663E-2 6.85454E-2 4.91487E-2 1.20517E-2 3.3154E-3 8.03245E-4 3.15398E-3 2.42245E-2 8.39465E-2 1.86533E-1 3.57384E-1 1.20532E-1 2.70396E-2 2.77571E-3 1.35966E-3 1.925E-4 3.54145E-4 2.20278E-3 4.76152E-3 2.73955E-4 7.91355E-4 4.3334E-3 2.23427E-3 3.98713E-3 7.43414E-3 3.91195E-2 1.36456E-2 1.92374E-2
-9999 -9999 -9999 -9999 -9999 -9999 -9999 -9999 -9999 -9999 -9999 -9999 -9999 -9999 -9999 -9999 -9999 -9999 -9999 -9999 -9999 8.48749E-1 8.39794E-1 7.35706E-1 5.33593E-1 3.81881E-1 4.99654E-1 6.87373E-1 6.84165E-1 7.28764E-1 7.09978E-1 7.06606E-1 6.95516E-1 5.82579E-1 5.25131E-1 6.63783E-1 0E0 0E0 0E0 0E0 5.42049E-1 7.05156E-1 8.75581E-1 0E0 6.51105E-1 0E0 2.82136E-1 1.85086E-1 7.75288E-2 3.99636E-2 3.55623E-2 3.0754E-2 1.46201E-2 6.64466E-3 1.91611E-3 6.9468E-4 1.63919E-3 6.10544E-3 1.89598E-2 6.20549E-2 2.69918E-1 2.30941E-1 7.78274E-2 7.20835E-3 2.25293E-3 5.36288E-4 2.9517E-4 1.37003E-3 2.22585E-3 4.27165E-4 1.44248E-4 6.59066E-4 3.71325E-4 4.7304E-4 2.59605E-3 1.86674E-2 2.46987E-2 9.26008E-3
-9999 -9999 -9999 -9999 -9999 -9999 -9999 -9999 -9999 -9999 -9999 -9999 -9999 -9999 -9999 -9999 -9999 -9999 -9999 -9999 -9999 8.06397E-1 7.93609E-1 7.533E-1 5.35854E-1 4.90644E-1 7.90367E-1 7.22247E-1 7.07045E-1 5.57897E-1 3.93418E-1 4.19767E-1 5.87304E-1 5.19837E-1 0E0 6.54795E-1 7.81922E-1 5.51309E-1 0E0 0E0 0E0 7.38245E-1 8.36679E-1 7.59077E-1 0E0 0E0 0E0 2.87687E-1 1.83078E-1 7.7856E-2 1.6037E-2 6.34877E-3 5.63395E-3 2.60472E-3 7.23503E-4 4.50266E-4 4.91282E-4 1.56197E-3 6.91249E-3 4.84881E-2 1.71198E-1 2.21067E-1 9.34686E-2 4.87801E-3 3.32224E-3 7.08158E-4 8.84882E-5 1.01356E-3 7.8284E-4 6.69693E-4 1.05771E-3 1.03902E-3 2.86689E-4 2.70963E-4 8.24899E-4 8.63952E-3 1.0452E-2 9.27732E-4
-9999 -9999 -9999 -9999 -9999 -9999 -9999 -9999 -9999 -9999 -9999 -9999 -9999 -9999 -9999 -9999 -9999 -9999 -9999 -9999 8.43761E-1 7.35904E-1 6.94664E-1 7.19691E-1 7.01835E-1 7.99798E-1 8.43713E-1 7.02889E-1 6.00439E-1 4.46461E-1 4.03356E-1 3.20123E-1 3.37474E-1 3.75373E-1 4.45135E-1 5.56719E-1 7.1389E-1 5.45661E-1 0E0 0E0 5.56583E-1 7.78797E-1 7.48277E-1 6.4611E-1 0E0 0E0 2.53331E-1 2.81471E-1 1.94461E-1 2.17729E-2 6.84765E-3 1.5823E-3 6.36176E-4 3.47064E-4 1.44411E-4 7.22665E-5 1.87905E-4 7.43858E-4 1.74141E-3 1.99739E-2 3.57681E-2 1.38906E-1 1.04619E-1 4.28793E-3 1.13529E-2 1.62496E-3 3.99054E-4 5.98912E-4 2.15746E-3 4.20298E-3 2.52856E-3 1.30063E-3 2.26507E-4 1.87904E-4 4.20931E-4 1.29036E-3 9.12073E-3 3.72427E-3
-9999 -9999 -9999 -9999 -9999 -9999 -9999 -9999 -9999 -9999 -9999 -9999 -9999 -9999 -9999 -9999 -9999 -9999 -9999 -9999 7.96298E-1 7.80349E-1 6.67922E-1 7.20416E-1 8.38943E-1 8.22497E-1 7.80273E-1 7.60371E-1 7.21372E-1 6.74364E-1 6.82125E-1 5.50014E-1 4.6268E-1 3.69557E-1 3.59011E-1 5.89198E-1 7.31405E-1 0E0 0E0 4.82227E-1 6.53872E-1 8.04542E-1 7.20572E-1 0E0 2.698E-1 2.57549E-1 1.65076E-1 1.01668E-1 5.87825E-2 1.82559E-2 3.505E-3 1.00778E-3 2.1034E-4 1.31794E-4 6.95992E-5 3.75306E-5 4.74106E-5 1.43695E-4 1.61925E-3 2.47371E-3 1.04761E-2 1.13779E-1 1.09125E-1 8.30476E-2 1.72646E-2 1.20328E-2 5.53051E-3 3.67752E-3 7.8972E-3 1.01104E-2 2.50027E-3 1.34922E-3 7.23719E-4 8.17096E-4 7.44046E-4 6.17437E-4 1.34846E-3 7.2249E-3
-9999 -9999 -9999 -9999 -9999 -9999 -9999 -9999 -9999 -9999 -9999 -9999 -9999 -9999 -9999 -9999 -9999 -9999 -9999 -9999 7.28666E-1 7.26841E-1 7.61753E-1 6.73997E-1 6.5226E-1 5.34236E-1 5.14079E-1 5.85252E-1 5.17608E-1 4.65697E-1 5.30387E-1 5.22075E-1 0E0 3.14615E-1 3.37608E-1 4.64426E-1 6.9984E-1 6.09191E-1 0E0 0E0 7.17787E-1 7.21083E-1 8.1159E-1 5.34484E-1 2.52962E-1 1.63605E-1 1.10794E-1 4.49058E-2 4.61969E-2 2.92829E-2 6.44963E-3 4.255E-3 5.96164E-4 1.30391E-4 3.11268E-5 2.70563E-5 2.753E-5 1.0006E-4 1.4805E-3 4.00978E-3 1.77207E-2 6.19526E-2 1.24629E-1 6.25631E-2 5.52912E-2 4.84649E-2 1.02176E-2 1.12403E-2 1.89255E-2 5.35227E-3 3.21891E-3 1.60709E-3 1.23443E-3 6.65413E-4 5.72185E-4 6.73203E-4 7.18758E-4 4.60566E-3
-9999 -9999 -9999 -9999 -9999 -9999 -9999 -9999 -9999 -9999 -9999 -9999 -9999 -9999 -9999 -9999 -9999 -9999 -9999 -9999 -9999 -9999 -9999 -9999 7.198E-1 6.12664E-1 4.06105E-1 4.1668E-1 3.83352E-1 3.76626E-1 3.40477E-1 3.75661E-1 4.11109E-1 2.90057E-1 2.60693E-1 3.91191E-1 6.49984E-1 6.26015E-1 3.48031E-1 0E0 0E0 6.17039E-1 6.23423E-1 6.48942E-1 3.5625E-1 2.77369E-1 1.60739E-1 6.45933E-2 8.51325E-2 8.52724E-2 2.55722E-2 9.31384E-3 3.19357E-3 1.05741E-3 5.80051E-5 1.69572E-5 1.89618E-5 1.00878E-4 1.01852E-3 7.63839E-3 7.50229E-3 3.98333E-3 3.13205E-2 1.22717E-1 2.6503E-2 1.83253E-2 3.06025E-2 1.57418E-2 1.9789E-2 6.03619E-3 3.01594E-3 1.75692E-3 1.70897E-3 1.28E-3 3.23784E-4 5.18085E-4 1.61722E-3 2.1533E-3
-9999 -9999 -9999 -9999 -9999 -9999 -9999 -9999 -9999 -9999 -9999 -9999 -9999 -9999 -9999 -9999 -9999 -9999 -9999 -9999 -9999 -9999 -9999 -9999 -9999 8.31728E-1 6.0184E-1 6.32625E-1 6.06141E-1 5.05122E-1 4.49044E-1 2.93586E-1 3.16668E-1 0E0 2.51737E-1 2.59188E-1 5.95541E-1 6.2708E-1 4.68774E-1 3.09083E-1 0E0 0E0 3.76811E-1 5.21355E-1 4.62438E-1 3.8995E-1 2.03386E-1 1.13929E-1 2.12755E-1 1.86271E-1 7.15924E-2 1.46829E-2 3.38061E-3 8.68549E-4 1.22653E-4 9.62965E-5 6.41601E-5 8.91313E-5 5.36859E-4 2.88275E-3 6.48711E-4 8.1375E-4 5.9676E-3 6.62607E-2 8.25062E-2 1.96628E-2 7.95791E-3 4.12155E-3 8.09704E-3 1.36467E-2 2.37962E-3 2.12082E-3 4.64504E-3 1.52213E-3 5.8052E-4 3.64572E-4 5.97615E-4 1.04471E-3
-9999 -9999 -9999 -9999 -9999 -9999 -9999 -9999 -9999 -9999 -9999 -9999 -9999 -9999 -9999 -9999 -9999 -9999 -9999 -9999 -9999 -9999 -9999 -9999 -9999 -9999 -9999 -9999 -9999 8.29609E-1 5.86981E-1 5.23314E-1 3.80288E-1 2.72182E-1 2.32176E-1 2.68089E-1 5.1133E-1 6.87489E-1 6.14573E-1 0E0 3.69579E-1 0E0 3.01091E-1 3.9957E-1 5.065E-1 4.85378E-1 0E0 2.6151E-1 3.57192E-1 2.70418E-1 6.93093E-2 1.59533E-2 1.33857E-2 3.99404E-3 3.37755E-4 2.16198E-4 3.49272E-4 2.51029E-4 3.28458E-4 5.64495E-4 3.14287E-4 4.42531E-4 2.15374E-3 8.51211E-3 6.09656E-3 7.27098E-2 1.15414E-2 3.39413E-3 1.56733E-3 1.28173E-2 1.08231E-2 7.824E-3 2.16265E-3 2.08339E-3 1.58472E-3 4.57497E-4 4.12678E-4 3.77472E-4
-9999 -9999 -9999 -9999 -9999 -9999 -9999 -9999 -9999 -9999 -9999 -9999 -9999 -9999 -9999 -9999 -9999 -9999 -9999 -9999 -9999 -9999 -9999 -9999 -9999 -9999 -9999 -9999 -9999 -9999 7.59122E-1 5.46131E-1 4.37416E-1 2.81669E-1 2.16249E-1 2.45566E-1 4.72143E-1 7.02759E-1 6.83939E-1 5.89993E-1 4.27063E-1 3.22036E-1 3.00724E-1 3.85656E-1 4.18507E-1 5.38632E-1 4.56177E-1 3.94112E-1 3.17599E-1 1.6441E-1 7.63319E-2 1.0119E-1 9.89846E-2 1.73978E-2 2.7192E-3 1.30371E-3 1.29258E-3 6.01102E-4 2.29722E-4 1.71042E-4 5.54602E-4 1.51731E-3 3.38375E-3 1.65329E-3 1.90576E-3 6.45477E-2 8.07202E-3 3.17455E-3 2.04747E-3 6.06503E-3 1.36937E-3 3.1207E-3 9.10985E-4 3.68728E-4 3.55509E-4 1.54454E-3 1.62852E-4 7.09414E-5
-9999 -9999 -9999 -9999 -9999 -9999 -9999 -9999 -9999 -9999 -9999 -9999 -9999 -9999 -9999 -9999 -9999 -9999 -9999 -9999 -9999 -9999 -9999 -9999 -9999 -9999 -9999 -9999 -9999 -9999 -9999 6.60026E-1 5.87221E-1 4.24006E-1 0E0 4.47101E-1 4.74644E-1 5.90819E-1 6.30855E-1 5.71347E-1 6.62223E-1 5.23199E-1 4.44597E-1 2.82426E-1 2.8391E-1 0E0 2.70116E-1 4.05515E-1 2.72138E-1 2.63552E-1 3.48516E-1 2.7949E-1 1.02453E-1 1.19014E-2 9.39298E-3 5.07155E-3 2.39168E-3 7.9904E-4 1.03384E-4 9.54846E-5 3.31273E-4 2.40613E-3 3.43859E-3 1.21426E-3 1.38429E-3 3.17606E-2 1.15634E-2 1.01237E-3 7.76291E-4 1.06897E-3 3.91237E-4 5.72861E-4 1.89003E-3 2.52937E-4 4.3414E-4 6.70736E-4 7.77473E-5 1.58046E-4
-9999 -9999 -9999 -9999 -9999 -9999 -9999 -9999 -9999 -9999 -9999 -9999 -9999 -9999 -9999 -9999 -9999 -9999 -9999 -9999 -9999 -9999 -9999 -9999 -9999 -9999 -9999 -9999 -9999 -9999 -9999 -9999 5.74285E-1 3.80244E-1 3.21504E-1 3.71575E-1 3.84543E-1 5.48945E-1 5.71242E-1 5.34006E-1 5.32865E-1 5.3611E-1 4.63483E-1 3.05213E-1 1.15348E-1 2.28961E-1 2.57979E-1 2.99321E-1 3.87196E-1 2.24698E-1 1.09239E-1 1.3868E-1 5.70944E-2 3.92783E-2 2.11684E-2 6.43815E-3 1.82949E-3 4.32125E-4 4.07115E-5 6.88956E-5 3.85956E-4 9.65614E-4 2.32595E-3 5.84076E-4 4.79176E-4 2.03571E-2 1.71807E-2 4.1523E-3 1.09517E-3 3.45333E-4 1.92609E-4 1.36036E-4 2.69108E-4 6.21168E-5 1.17371E-4 1.82811E-4 8.53991E-5 4.13545E-5
-9999 -9999 -9999 -9999 -9999 -9999 -9999 -9999 -9999 -9999 -9999 -9999 -9999 -9999 -9999 -9999 -9999 -9999 -9999 -9999 -9999 -9999 -9999 -9999 -9999 -9999 -9999 -9999 -9999 -9999 -9999 -9999 -9999 2.51083E-1 2.55536E-1 2.18977E-1 3.12553E-1 3.69631E-1 4.49421E-1 2.90303E-1 2.23228E-1 3.91964E-1 2.53208E-1 2.56028E-1 1.13769E-1 3.35848E-2 3.1352E-2 1.83247E-1 3.12079E-1 2.79973E-1 1.06124E-1 3.03551E-2 3.3866E-2 2.74998E-2 7.36196E-3 2.60278E-3 5.45778E-4 1.90041E-4 3.94833E-5 6.07101E-5 3.93472E-4 1.42847E-3 1.79567E-3 1.60703E-3 9.99354E-4 1.92558E-2 6.40213E-2 1.70504E-2 2.36569E-3 2.45565E-4 1.05353E-4 6.07046E-5 9.91901E-5 1.04784E-4 5.66731E-5 7.20072E-5 4.84772E-5 5.87507E-5
-9999 -9999 -9999 -9999 -9999 -9999 -9999 -9999 -9999 -9999 -9999 -9999 -9999 -9999 -9999 -9999 -9999 -9999 -9999 -9999 -9999 -9999 -9999 -9999 -9999 -9999 -9999 -9999 -9999 -9999 -9999 -9999 -9999 -9999 -9999 6.81124E-2 7.40916E-2 1.33487E-1 2.5046E-1 3.03818E-1 3.79607E-1 3.51062E-1 2.99827E-1 3.07241E-1 1.87562E-1 5.24112E-2 1.72769E-2 1.03207E-1 2.00685E-1 2.71464E-1 2.3888E-1 6.55892E-2 1.57905E-2 1.27912E-2 7.44906E-3 2.46896E-3 2.13441E-3 9.9764E-4 3.48549E-4 8.20331E-4 4.92352E-4 3.17869E-4 1.05529E-3 1.66782E-3 1.09994E-3 3.60349E-3 1.57703E-2 4.63851E-2 4.52658E-3 8.50617E-4 1.43444E-4 5.74745E-5 3.95702E-5 7.80842E-5 3.46338E-5 5.43947E-5 4.10815E-5 2.18823E-5
-9999 -9999 -9999 -9999 -9999 -9999 -9999 -9999 -9999 -9999 -9999 -9999 -9999 -9999 -9999 -9999 -9999 -9999 -9999 -9999 -9999 -9999 -9999 -9999 -9999 -9999 -9999 -9999 -9999 -9999 -9999 -9999 -9999 -9999 -9999 -9999 4.48605E-2 2.09611E-1 2.38355E-1 2.29227E-1 2.7657E-1 2.70925E-1 2.37596E-1 2.73317E-1 2.87358E-1 1.40918E-1 3.05445E-2 4.10721E-2 9.15816E-2 1.27116E-1 2.15104E-1 1.02376E-1 4.35612E-2 8.31706E-2 6.26784E-2 3.06922E-2 4.71186E-3 2.66237E-3 2.43441E-3 2.69432E-3 1.42069E-3 9.38302E-4 3.92434E-4 3.73368E-4 2.4137E-4 2.82998E-3 1.35456E-2 1.71341E-2 2.81613E-3 2.03908E-4 5.78525E-5 3.41252E-5 2.1261E-5 2.69586E-5 3.16395E-5 1.9655E-5 2.84535E-5 4.07183E-5
-9999 -9999 -9999 -9999 -9999 -9999 -9999 -9999 -9999 -9999 -9999 -9999 -9999 -9999 -9999 -9999 -9999 -9999 -9999 -9999 -9999 -9999 -9999 -9999 -9999 -9999 -9999 -9999 -9999 -9999 -9999 -9999 -9999 -9999 -9999 -9999 -9999 1.66461E-1 2.57075E-1 1.62708E-1 1.67895E-1 2.07008E-1 1.52675E-1 2.0319E-1 1.37681E-1 6.97187E-2 2.88762E-2 1.59255E-2 1.99608E-2 4.30815E-2 6.28885E-2 2.06489E-1 1.72969E-1 8.26824E-2 9.43106E-2 3.48085E-2 2.31894E-2 1.44271E-2 6.49382E-3 4.75685E-3 3.05174E-3 1.44474E-3 3.96055E-4 5.48748E-5 2.50554E-5 1.93157E-4 1.31697E-2 3.88075E-3 1.1097E-3 1.92002E-4 2.15395E-4 6.42204E-5 3.60466E-5 2.09216E-5 1.83365E-5 3.20432E-5 2.81859E-5 3.88006E-5
-9999 -9999 -9999 -9999 -9999 -9999 -9999 -9999 -9999 -9999 -9999 -9999 -9999 -9999 -9999 -9999 -9999 -9999 -9999 -9999 -9999 -9999 -9999 -9999 -9999 -9999 -9999 -9999 -9999 -9999 -9999 -9999 -9999 -9999 -9999 -9999 -9999 -9999 2.15502E-1 1.90208E-1 1.28119E-1 9.40265E-2 7.55354E-2 1.02775E-1 4.16518E-2 1.51924E-2 1.22891E-2 3.89125E-3 4.97042E-3 1.48224E-2 3.74929E-2 7.36371E-2 1.04579E-1 1.11772E-2 4.66265E-2 8.31207E-2 2.06279E-2 9.54369E-3 5.17026E-3 3.9645E-3 2.72725E-3 6.6832E-4 1.19085E-4 5.32972E-5 2.11536E-5 3.35694E-4 2.08426E-2 1.83438E-3 3.32299E-4 3.74864E-4 5.31162E-4 5.91048E-5 3.05066E-5 1.17149E-4 1.36875E-4 9.79838E-5 1.03139E-4 2.14816E-5
-9999 -9999 -9999 -9999 -9999 -9999 -9999 -9999 -9999 -9999 -9999 -9999 -9999 -9999 -9999 -9999 -9999 -9999 -9999 -9999 -9999 -9999 -9999 -9999 -9999 -9999 -9999 -9999 -9999 -9999 -9999 -9999 -9999 -9999 -9999 -9999 -9999 -9999 -9999 -9999 1.7393E-1 9.51171E-2 2.67176E-2 2.16125E-2 1.60967E-2 9.11024E-3 6.83049E-3 1.95688E-3 1.42975E-3 8.39683E-3 1.76076E-2 7.54742E-2 7.45449E-2 6.80146E-3 8.9253E-3 7.73287E-2 6.27786E-2 1.0798E-2 2.12708E-3 1.96474E-3 2.48098E-3 1.25276E-3 3.3233E-4 9.02035E-5 4.83569E-5 4.06831E-3 1.89333E-2 3.5021E-3 1.50784E-3 1.48315E-3 1.83997E-4 1.84799E-5 1.12014E-4 3.47534E-4 4.83892E-5 9.95333E-5 3.48962E-5 1.00724E-5
-9999 -9999 -9999 -9999 -9999 -9999 -9999 -9999 -9999 -9999 -9999 -9999 -9999 -9999 -9999 -9999 -9999 -9999 -9999 -9999 -9999 -9999 -9999 -9999 -9999 -9999 -9999 -9999 -9999 -9999 -9999 -9999 -9999 -9999 -9999 -9999 -9999 -9999 -9999 -9999 -9999 1.82344E-1 5.71616E-2 6.91554E-2 4.68722E-2 9.83926E-3 2.9639E-3 1.76011E-3 5.20913E-4 3.86708E-3 3.84207E-3 5.25038E-2 6.92299E-2 1.96638E-2 6.32476E-3 9.51682E-3 2.44614E-2 3.6852E-2 3.99869E-3 7.57709E-4 3.82972E-4 4.57812E-4 2.212E-4 6.94526E-5 3.22418E-4 4.33335E-3 3.29208E-3 3.62585E-3 6.43459E-3 3.49501E-3 2.177E-4 1.83853E-4 1.0121E-3 6.46435E-4 4.28719E-4 2.4674E-4 1.9558E-5 4.49928E-6
-9999 -9999 -9999 -9999 -9999 -9999 -9999 -9999 -9999 -9999 -9999 -9999 -9999 -9999 -9999 -9999 -9999 -9999 -9999 -9999 -9999 -9999 -9999 -9999 -9999 -9999 -9999 -9999 -9999 -9999 -9999 -9999 -9999 -9999 -9999 -9999 -9999 -9999 -9999 -9999 -9999 -9999 1.44018E-1 1.38202E-1 2.2899E-2 6.25731E-3 2.12801E-3 8.8618E-4 2.48249E-4 4.39694E-4 4.26975E-3 4.71805E-2 8.3277E-2 4.1631E-2 1.85231E-2 4.71132E-3 1.34632E-2 2.38101E-2 1.69756E-2 5.28421E-3 2.23576E-3 1.47152E-3 3.05708E-4 1.30808E-4 2.73463E-4 1.25045E-3 7.09955E-4 9.54474E-4 1.01406E-3 8.93364E-4 6.63721E-4 1.51884E-3 2.76171E-4 4.63662E-5 2.60549E-4 4.59036E-4 1.99332E-4 1.07994E-4
