ENM/Final_Models/M_2_F_lq_Set_1_NE/Gustavia_santanderiensis_6_Choco.asc
ncols         367
nrows         963
xllcorner     -78.6
yllcorner     0.65
cellsize      0.00833333333333323
NODATA_value  -9999
[rows 476 to 509 of 963, columns 234 to 311 of 367]
0E0 0E0 0E0 0E0 0E0 0E0 0E0 0E0 0E0 0E0 0E0 0E0 0E0 0E0 0E0 0E0 0E0 0E0 0E0 0E0 0E0 0E0 0E0 0E0 0E0 4.27944E-2 2.35588E-3 2.75817E-2 8.51288E-2 1.78969E-1 5.4474E-2 3.34855E-1 2.90046E-1 9.84752E-2 1.21568E-1 1.61094E-1 1.82003E-1 6.85337E-2 8.16003E-2 4.8178E-2 1.71635E-2 4.82637E-3 8.55007E-4 2.68205E-3 1.96344E-3 8.07804E-4 2.38325E-4 3.84003E-4 7.65123E-4 3.30886E-3 1.47558E-2 2.77873E-3 3.73465E-3 5.9076E-3 5.02558E-3 -9999 -9999 -9999 -9999 -9999 -9999 -9999 -9999 -9999 -9999 -9999 -9999 -9999 -9999 -9999 -9999 -9999 -9999 -9999 -9999 -9999 -9999 -9999
0E0 0E0 0E0 0E0 0E0 0E0 0E0 0E0 0E0 0E0 0E0 0E0 0E0 0E0 0E0 0E0 0E0 0E0 0E0 0E0 0E0 6.89375E-2 6.27462E-2 5.36146E-3 5.30678E-2 4.39948E-3 1.2831E-1 9.2638E-2 2.93588E-1 1.49329E-1 2.06709E-1 1.17415E-1 8.76284E-2 8.08346E-2 2.15866E-1 1.97441E-1 7.93783E-2 1.32435E-1 4.68699E-2 5.16376E-2 1.46073E-2 3.47529E-3 7.36926E-4 1.8714E-3 6.74799E-3 3.78828E-3 1.30248E-3 8.35531E-4 2.94377E-3 1.48394E-2 1.07403E-2 7.06751E-3 1.3283E-2 2.42283E-3 4.25283E-3 -9999 -9999 -9999 -9999 -9999 -9999 -9999 -9999 -9999 -9999 -9999 -9999 -9999 -9999 -9999 -9999 -9999 -9999 -9999 -9999 -9999 -9999 -9999
0E0 0E0 0E0 0E0 0E0 0E0 0E0 0E0 0E0 0E0 0E0 0E0 0E0 0E0 0E0 0E0 0E0 0E0 1.27937E-2 1.01863E-2 9.50573E-2 2.32894E-1 2.24005E-1 2.14472E-1 4.49296E-1 7.04456E-1 4.00156E-2 1.30542E-1 3.35122E-1 3.57373E-1 0E0 2.78779E-1 9.56857E-2 1.39192E-1 1.72676E-1 1.72718E-1 9.86383E-2 7.74144E-2 4.80548E-2 3.78992E-2 7.47697E-3 3.47436E-3 1.76905E-4 7.71554E-4 1.69416E-3 3.11769E-4 5.84744E-3 1.62203E-3 1.45837E-3 6.80741E-3 1.65052E-2 1.04416E-2 1.12904E-2 4.79507E-2 5.83683E-2 -9999 -9999 -9999 -9999 -9999 -9999 -9999 -9999 -9999 -9999 -9999 -9999 -9999 -9999 -9999 -9999 -9999 -9999 -9999 -9999 -9999 -9999 -9999
0E0 0E0 0E0 0E0 0E0 0E0 0E0 0E0 0E0 0E0 0E0 0E0 0E0 0E0 0E0 0E0 0E0 2.72377E-1 7.21397E-3 1.03876E-2 1.18884E-2 1.04008E-2 1.01142E-1 4.29697E-1 6.81979E-1 6.56352E-1 4.30642E-1 1.44048E-1 0E0 0E0 0E0 0E0 0E0 3.42318E-1 6.01794E-1 4.76564E-1 3.85292E-1 1.54892E-1 8.03488E-2 2.27685E-2 8.92032E-3 5.64428E-4 2.82055E-4 6.39595E-4 9.5423E-4 3.08338E-3 2.68467E-3 1.35413E-2 9.36045E-3 1.23634E-2 1.06859E-2 3.92606E-2 2.06299E-2 1.09744E-2 -9999 -9999 -9999 -9999 -9999 -9999 -9999 -9999 -9999 -9999 -9999 -9999 -9999 -9999 -9999 -9999 -9999 -9999 -9999 -9999 -9999 -9999 -9999 -9999
0E0 0E0 0E0 0E0 0E0 0E0 0E0 0E0 0E0 0E0 0E0 0E0 3.34208E-1 4.34531E-1 4.02896E-1 3.64134E-1 2.20941E-1 3.65765E-1 1.76735E-1 2.06645E-1 3.32737E-2 1.02225E-1 7.1514E-2 2.16947E-1 5.22151E-1 9.09622E-2 7.56339E-1 5.54847E-1 0E0 0E0 9.52405E-2 7.32464E-2 1.07928E-1 2.3934E-1 0E0 1.04966E-1 1.58157E-1 1.83861E-1 3.56787E-2 5.73309E-3 1.17661E-2 1.77468E-3 1.73558E-4 1.45514E-3 1.6305E-3 3.07835E-3 6.53591E-4 2.00487E-3 4.30964E-3 1.30194E-2 5.14148E-3 1.06451E-2 9.4612E-3 8.98198E-3 -9999 -9999 -9999 -9999 -9999 -9999 -9999 -9999 -9999 -9999 -9999 -9999 -9999 -9999 -9999 -9999 -9999 -9999 -9999 -9999 -9999 -9999 -9999 -9999
0E0 0E0 0E0 0E0 0E0 0E0 0E0 0E0 0E0 0E0 0E0 0E0 6.87103E-1 9.65809E-2 6.42648E-2 2.02809E-1 3.01732E-1 6.67641E-1 8.2691E-1 5.57143E-2 1.5644E-1 3.08088E-1 2.23283E-1 9.55687E-2 3.79834E-1 1.96106E-1 2.55348E-1 3.46073E-1 0E0 0E0 1.47935E-1 7.91608E-2 1.6137E-1 0E0 0E0 1.89284E-1 1.00369E-1 6.71861E-2 1.15013E-2 1.55263E-2 7.43721E-3 2.00765E-3 2.94329E-3 1.97217E-3 2.38507E-3 1.78248E-3 3.65495E-3 1.45609E-2 1.39655E-2 5.35739E-3 1.48656E-2 8.15867E-3 3.81991E-2 7.11413E-2 -9999 -9999 -9999 -9999 -9999 -9999 -9999 -9999 -9999 -9999 -9999 -9999 -9999 -9999 -9999 -9999 -9999 -9999 -9999 -9999 -9999 -9999 -9999 -9999
0E0 0E0 0E0 0E0 0E0 0E0 0E0 0E0 0E0 0E0 7.79901E-1 6.9725E-1 7.11283E-1 7.54074E-1 2.14631E-1 1.9053E-1 2.39989E-1 9.61741E-1 5.65426E-1 6.7122E-1 6.69892E-1 0E0 2.63972E-1 3.89606E-1 5.64652E-1 4.36403E-1 3.77317E-1 2.56029E-1 0E0 0E0 4.79306E-1 1.61101E-1 0E0 0E0 0E0 3.25485E-1 1.93399E-1 1.72486E-1 2.30213E-2 8.143E-3 9.41145E-3 1.55224E-3 1.0035E-3 5.6997E-4 1.6962E-3 2.87061E-3 9.40534E-3 1.22087E-3 3.09945E-3 1.58346E-2 2.3219E-2 1.64441E-2 7.41386E-2 5.40223E-2 -9999 -9999 -9999 -9999 -9999 -9999 -9999 -9999 -9999 -9999 -9999 -9999 -9999 -9999 -9999 -9999 -9999 -9999 -9999 -9999 -9999 -9999 -9999 -9999
0E0 0E0 0E0 0E0 0E0 0E0 0E0 0E0 0E0 0E0 0E0 0E0 0E0 0E0 0E0 0E0 0E0 0E0 0E0 0E0 0E0 3.7296E-1 0E0 0E0 0E0 3.26036E-1 2.1212E-1 1.25354E-1 0E0 0E0 6.6496E-1 1.11909E-1 6.69881E-2 7.81289E-2 7.87272E-2 7.67896E-2 2.11379E-1 1.17062E-1 8.37933E-2 1.99775E-2 2.22856E-2 1.1763E-3 5.90895E-3 3.35461E-3 1.72555E-3 1.42475E-3 4.45249E-3 8.72667E-3 1.73585E-2 1.07757E-3 2.52436E-2 8.54655E-3 5.06316E-2 8.43152E-2 -9999 -9999 -9999 -9999 -9999 -9999 -9999 -9999 -9999 -9999 -9999 -9999 -9999 -9999 -9999 -9999 -9999 -9999 -9999 -9999 -9999 -9999 -9999 -9999
0E0 0E0 0E0 0E0 0E0 0E0 0E0 0E0 0E0 0E0 0E0 0E0 0E0 0E0 0E0 0E0 0E0 0E0 0E0 0E0 0E0 2.47454E-1 0E0 0E0 0E0 0E0 6.93679E-1 0E0 0E0 1.22655E-1 1.06585E-1 0E0 1.59856E-1 2.31093E-1 3.29047E-1 3.83143E-1 4.67687E-1 8.23314E-2 2.73556E-2 4.74452E-2 4.23557E-4 8.63925E-3 6.60131E-3 6.8971E-3 7.74419E-3 8.93636E-3 1.09868E-2 1.18402E-2 2.89244E-2 8.91967E-3 1.93913E-2 2.2423E-2 1.14545E-1 4.90887E-2 -9999 -9999 -9999 -9999 -9999 -9999 -9999 -9999 -9999 -9999 -9999 -9999 -9999 -9999 -9999 -9999 -9999 -9999 -9999 -9999 -9999 -9999 -9999 -9999
0E0 0E0 0E0 0E0 0E0 0E0 0E0 0E0 0E0 0E0 0E0 0E0 0E0 0E0 0E0 0E0 0E0 0E0 0E0 0E0 0E0 2.89793E-1 2.05424E-1 0E0 0E0 0E0 2.30363E-1 5.13838E-1 3.56712E-1 1.72357E-1 0E0 0E0 0E0 0E0 0E0 3.71645E-1 2.43231E-1 6.10176E-2 2.83229E-2 1.62188E-3 1.13763E-3 6.33582E-3 3.03108E-2 4.76677E-3 8.32667E-3 1.53476E-3 3.74843E-3 3.41859E-2 1.1943E-2 3.47821E-2 4.12771E-2 2.05416E-2 5.1489E-2 8.41532E-2 -9999 -9999 -9999 -9999 -9999 -9999 -9999 -9999 -9999 -9999 -9999 -9999 -9999 -9999 -9999 -9999 -9999 -9999 -9999 -9999 -9999 -9999 -9999 -9999
0E0 0E0 0E0 0E0 0E0 0E0 0E0 0E0 0E0 0E0 0E0 0E0 0E0 0E0 0E0 0E0 0E0 0E0 0E0 0E0 0E0 0E0 0E0 2.77502E-1 2.69373E-1 0E0 0E0 2.88936E-1 1.63684E-1 2.3754E-1 2.75994E-1 2.92156E-1 0E0 2.94009E-1 2.17043E-1 1.10633E-1 9.3573E-2 7.00872E-2 2.41318E-2 6.68277E-3 5.07098E-3 4.77685E-3 2.92456E-3 4.09667E-3 2.40322E-3 5.77581E-3 1.94832E-2 1.42594E-2 6.1035E-2 5.75272E-2 9.30518E-3 2.3368E-2 4.33693E-2 5.15262E-2 -9999 -9999 -9999 -9999 -9999 -9999 -9999 -9999 -9999 -9999 -9999 -9999 -9999 -9999 -9999 -9999 -9999 -9999 -9999 -9999 -9999 -9999 -9999 -9999
0E0 0E0 0E0 0E0 0E0 0E0 0E0 0E0 0E0 0E0 0E0 0E0 0E0 0E0 0E0 0E0 0E0 0E0 0E0 8.61527E-2 9.19357E-2 0E0 0E0 1.58517E-1 6.85055E-2 5.44908E-2 1.19266E-1 1.74358E-1 4.70643E-1 1.27166E-1 1.80348E-1 1.64816E-1 4.02292E-1 2.64992E-1 8.06104E-2 6.92084E-2 1.95716E-2 1.91512E-2 4.59466E-2 2.68223E-3 2.12828E-3 2.63269E-2 5.69883E-2 2.85964E-2 8.37527E-3 8.35583E-3 1.05419E-2 2.73388E-2 6.68409E-2 7.66014E-2 1.19864E-1 1.12876E-1 1.77657E-2 1.41543E-2 -9999 -9999 -9999 -9999 -9999 -9999 -9999 -9999 -9999 -9999 -9999 -9999 -9999 -9999 -9999 -9999 -9999 -9999 -9999 -9999 -9999 -9999 -9999 -9999
0E0 0E0 0E0 0E0 0E0 0E0 0E0 0E0 0E0 0E0 0E0 0E0 0E0 0E0 0E0 0E0 0E0 0E0 0E0 6.86686E-2 4.3469E-2 4.23324E-2 6.83338E-2 3.72883E-2 2.78744E-2 2.25621E-2 1.27676E-1 1.87861E-1 0E0 3.8555E-1 1.90341E-1 1.11402E-1 0E0 2.67763E-1 1.61002E-1 1.08471E-1 4.62801E-2 9.32618E-3 7.36736E-4 8.47243E-4 2.95263E-3 2.83483E-2 7.97519E-2 7.94954E-2 6.1146E-3 2.18617E-2 9.00934E-2 1.19899E-1 9.0599E-2 6.17232E-2 9.31348E-2 4.11646E-2 4.24849E-2 -9999 -9999 -9999 -9999 -9999 -9999 -9999 -9999 -9999 -9999 -9999 -9999 -9999 -9999 -9999 -9999 -9999 -9999 -9999 -9999 -9999 -9999 -9999 -9999 -9999
0E0 0E0 0E0 0E0 0E0 0E0 0E0 0E0 0E0 0E0 0E0 0E0 0E0 0E0 0E0 0E0 0E0 0E0 0E0 0E0 0E0 5.47316E-2 2.58483E-2 1.04613E-2 6.50905E-3 2.46154E-2 1.77191E-1 0E0 0E0 6.70987E-1 5.97416E-1 3.48085E-1 6.07392E-1 2.00739E-1 8.50953E-2 2.13197E-2 1.16561E-2 2.73588E-3 8.31967E-4 2.25228E-3 5.64023E-3 2.10162E-2 1.63145E-2 2.43481E-2 2.14162E-2 3.22704E-2 1.75976E-1 6.59068E-2 3.39501E-2 2.08183E-2 5.4219E-2 6.50664E-3 2.27557E-2 -9999 -9999 -9999 -9999 -9999 -9999 -9999 -9999 -9999 -9999 -9999 -9999 -9999 -9999 -9999 -9999 -9999 -9999 -9999 -9999 -9999 -9999 -9999 -9999 -9999
0E0 0E0 0E0 0E0 0E0 0E0 0E0 0E0 0E0 0E0 0E0 0E0 0E0 0E0 0E0 0E0 0E0 0E0 0E0 0E0 0E0 0E0 8.13127E-2 1.17266E-2 1.25838E-2 3.57618E-2 1.90303E-1 0E0 0E0 6.31118E-1 5.37111E-1 2.79332E-1 1.61564E-1 1.51023E-1 2.9813E-2 5.16808E-2 1.93418E-3 6.05286E-4 1.32047E-3 5.08715E-3 8.38425E-3 1.99015E-2 2.41725E-2 5.1782E-2 2.06626E-2 1.1017E-1 5.10179E-2 1.72718E-2 1.63726E-2 3.52613E-2 3.72178E-2 1.27042E-2 4.37049E-3 -9999 -9999 -9999 -9999 -9999 -9999 -9999 -9999 -9999 -9999 -9999 -9999 -9999 -9999 -9999 -9999 -9999 -9999 -9999 -9999 -9999 -9999 -9999 -9999 -9999
0E0 0E0 0E0 0E0 0E0 0E0 0E0 0E0 0E0 0E0 0E0 0E0 0E0 0E0 0E0 0E0 0E0 0E0 0E0 0E0 0E0 0E0 0E0 8.78153E-2 1.26552E-1 1.11325E-1 3.21714E-1 0E0 3.92885E-1 1.9478E-1 1.67273E-1 7.82392E-2 3.36635E-2 4.58857E-2 3.43421E-2 1.32147E-3 1.31025E-3 1.97413E-3 3.64622E-3 1.58642E-2 6.79766E-3 5.8403E-2 7.85758E-2 6.21693E-2 1.68427E-1 2.14167E-1 2.594E-2 2.28405E-2 1.97783E-3 1.63598E-2 2.06673E-3 3.13354E-3 3.94182E-3 -9999 -9999 -9999 -9999 -9999 -9999 -9999 -9999 -9999 -9999 -9999 -9999 -9999 -9999 -9999 -9999 -9999 -9999 -9999 -9999 -9999 -9999 -9999 -9999 -9999
0E0 0E0 0E0 0E0 0E0 0E0 0E0 0E0 0E0 0E0 0E0 0E0 0E0 0E0 0E0 0E0 0E0 2.01364E-1 7.10785E-2 1.31362E-2 9.38599E-3 2.09643E-2 4.19883E-2 9.9291E-3 4.01732E-2 9.55886E-2 8.66502E-2 1.84571E-1 1.80055E-1 1.17121E-1 6.91454E-2 2.39143E-2 6.86019E-3 1.22861E-2 2.45608E-2 7.40129E-4 3.46593E-3 2.07389E-3 1.58456E-2 1.21581E-2 4.47756E-2 6.06194E-2 5.09018E-2 4.86406E-2 2.17238E-2 1.24734E-2 3.47043E-3 1.13496E-2 1.07814E-2 1.63001E-2 5.8574E-3 2.64119E-3 -9999 -9999 -9999 -9999 -9999 -9999 -9999 -9999 -9999 -9999 -9999 -9999 -9999 -9999 -9999 -9999 -9999 -9999 -9999 -9999 -9999 -9999 -9999 -9999 -9999 -9999
0E0 0E0 0E0 0E0 0E0 0E0 0E0 0E0 0E0 0E0 0E0 0E0 0E0 0E0 0E0 0E0 0E0 0E0 1.09754E-1 1.4113E-2 1.35328E-2 2.35808E-3 5.9658E-3 6.19521E-3 6.95819E-3 1.7176E-2 2.96037E-2 1.45162E-1 1.25701E-1 8.53939E-2 1.62455E-2 1.55059E-2 1.48122E-2 2.02983E-2 8.72619E-4 5.19644E-4 4.22567E-3 7.27732E-3 2.13427E-2 3.99577E-3 4.17776E-2 1.23933E-1 3.74874E-2 4.29022E-3 1.89598E-2 4.14905E-3 8.22376E-3 6.29823E-3 3.04128E-3 2.77165E-3 1.17502E-3 9.5103E-4 -9999 -9999 -9999 -9999 -9999 -9999 -9999 -9999 -9999 -9999 -9999 -9999 -9999 -9999 -9999 -9999 -9999 -9999 -9999 -9999 -9999 -9999 -9999 -9999 -9999 -9999
0E0 0E0 0E0 0E0 0E0 0E0 0E0 0E0 0E0 0E0 0E0 0E0 0E0 0E0 1.78834E-1 0E0 0E0 0E0 1.42042E-1 6.4796E-2 2.51492E-2 2.40451E-3 3.70598E-3 6.26279E-3 7.83867E-3 1.02432E-2 8.52648E-3 9.6454E-2 5.90388E-2 2.22602E-2 2.91632E-2 1.26018E-2 1.80987E-3 5.30236E-3 1.44359E-3 1.82065E-3 1.95946E-3 2.60361E-2 1.23408E-2 2.31425E-3 2.30051E-2 3.1936E-1 2.53292E-2 3.83776E-3 5.37571E-3 1.17423E-2 8.76643E-3 3.5363E-3 5.45642E-3 3.69647E-3 3.44302E-3 4.54335E-4 -9999 -9999 -9999 -9999 -9999 -9999 -9999 -9999 -9999 -9999 -9999 -9999 -9999 -9999 -9999 -9999 -9999 -9999 -9999 -9999 -9999 -9999 -9999 -9999 -9999 -9999
0E0 0E0 0E0 0E0 0E0 0E0 0E0 0E0 0E0 0E0 0E0 0E0 0E0 6.49903E-2 8.3206E-2 0E0 0E0 1.42864E-1 1.2125E-1 3.80381E-2 2.89477E-2 7.12338E-3 8.18499E-3 7.9175E-3 1.02313E-2 2.14079E-2 1.48878E-2 4.3666E-2 6.23624E-3 4.50639E-3 2.86998E-3 3.24261E-4 1.67138E-3 1.59417E-2 8.96316E-3 2.01298E-2 1.26121E-2 4.37151E-3 1.4374E-2 1.42953E-3 1.2182E-1 1.88872E-1 8.46232E-3 8.68385E-3 7.09715E-3 1.97913E-3 4.99575E-3 5.62671E-3 2.54363E-3 8.47478E-3 1.99778E-3 -9999 -9999 -9999 -9999 -9999 -9999 -9999 -9999 -9999 -9999 -9999 -9999 -9999 -9999 -9999 -9999 -9999 -9999 -9999 -9999 -9999 -9999 -9999 -9999 -9999 -9999 -9999
0E0 0E0 0E0 0E0 0E0 0E0 0E0 0E0 0E0 0E0 0E0 0E0 0E0 1.05608E-1 1.30966E-1 0E0 0E0 0E0 2.46598E-1 9.23956E-2 3.13457E-2 2.6118E-2 4.27785E-2 4.48099E-2 4.58461E-2 5.40525E-2 4.35146E-2 6.31868E-3 2.30819E-3 2.10926E-4 1.76548E-3 2.92024E-3 2.78739E-3 1.81446E-2 5.68383E-3 2.04651E-2 1.48487E-2 1.93605E-2 2.82561E-2 1.11854E-2 1.81783E-1 5.04015E-2 2.49904E-2 2.36393E-2 3.55018E-3 6.89679E-3 1.57199E-3 1.29536E-2 1.70209E-2 1.19379E-3 2.18371E-3 -9999 -9999 -9999 -9999 -9999 -9999 -9999 -9999 -9999 -9999 -9999 -9999 -9999 -9999 -9999 -9999 -9999 -9999 -9999 -9999 -9999 -9999 -9999 -9999 -9999 -9999 -9999
0E0 0E0 0E0 0E0 0E0 0E0 0E0 0E0 0E0 0E0 0E0 0E0 0E0 0E0 0E0 0E0 0E0 0E0 0E0 0E0 0E0 1.32187E-1 2.53167E-1 1.20426E-1 3.65823E-2 4.7992E-2 1.24406E-2 3.73792E-3 8.23338E-4 7.44034E-4 1.17262E-3 7.52945E-3 1.1541E-2 4.6067E-2 1.48958E-2 1.95131E-2 1.34506E-2 1.12782E-2 5.55831E-3 7.65662E-2 8.15075E-2 1.15903E-1 5.45148E-2 3.95011E-2 4.13376E-3 7.48018E-3 9.68013E-3 2.28212E-2 9.11853E-3 7.2663E-3 8.22894E-3 -9999 -9999 -9999 -9999 -9999 -9999 -9999 -9999 -9999 -9999 -9999 -9999 -9999 -9999 -9999 -9999 -9999 -9999 -9999 -9999 -9999 -9999 -9999 -9999 -9999 -9999 -9999
0E0 0E0 0E0 0E0 0E0 0E0 0E0 0E0 0E0 0E0 0E0 0E0 0E0 0E0 0E0 0E0 0E0 0E0 0E0 0E0 6.53224E-2 2.11893E-2 2.372E-2 7.45485E-2 2.37144E-2 7.24859E-3 1.96948E-2 1.56353E-3 4.97479E-4 2.83963E-3 8.7683E-3 1.25136E-2 3.53885E-2 3.04841E-2 5.89808E-2 9.0817E-3 1.58805E-2 2.53154E-3 6.69446E-2 1.10192E-1 9.3128E-2 2.84834E-2 1.3132E-2 8.19489E-3 5.86776E-3 1.11938E-2 1.69444E-2 1.39339E-2 8.70572E-3 5.78124E-2 8.25983E-2 -9999 -9999 -9999 -9999 -9999 -9999 -9999 -9999 -9999 -9999 -9999 -9999 -9999 -9999 -9999 -9999 -9999 -9999 -9999 -9999 -9999 -9999 -9999 -9999 -9999 -9999 -9999
0E0 0E0 0E0 0E0 0E0 0E0 0E0 0E0 0E0 0E0 0E0 0E0 0E0 0E0 0E0 0E0 0E0 0E0 0E0 0E0 4.52156E-2 6.22392E-3 2.22077E-2 4.29556E-2 1.84084E-2 5.54694E-3 2.25941E-2 2.09011E-2 1.34217E-2 9.75514E-3 1.29318E-2 2.90864E-2 7.89829E-3 5.73512E-3 5.71299E-2 2.60812E-2 2.86237E-2 3.42696E-2 2.19204E-1 4.0292E-2 2.03686E-2 2.14929E-2 1.20495E-2 3.04984E-2 2.79135E-2 2.7985E-3 2.13897E-2 1.08737E-2 3.74482E-2 5.57041E-2 -9999 -9999 -9999 -9999 -9999 -9999 -9999 -9999 -9999 -9999 -9999 -9999 -9999 -9999 -9999 -9999 -9999 -9999 -9999 -9999 -9999 -9999 -9999 -9999 -9999 -9999 -9999 -9999
0E0 0E0 0E0 0E0 0E0 0E0 0E0 0E0 0E0 0E0 0E0 0E0 0E0 0E0 0E0 0E0 6.56315E-2 5.66551E-2 5.73954E-2 4.54206E-2 3.84583E-2 3.5359E-2 4.50318E-2 9.86984E-3 4.29582E-3 6.16485E-3 2.34881E-2 3.26538E-2 7.48618E-2 1.88009E-2 6.21581E-2 5.58339E-2 1.83099E-2 5.34447E-2 1.50999E-1 2.04373E-1 1.1605E-1 7.02142E-2 8.71709E-2 1.55773E-2 5.26141E-3 2.46115E-2 6.97814E-2 6.19474E-2 1.84227E-2 1.07604E-2 5.63739E-3 5.15121E-3 8.67674E-3 1.85427E-2 -9999 -9999 -9999 -9999 -9999 -9999 -9999 -9999 -9999 -9999 -9999 -9999 -9999 -9999 -9999 -9999 -9999 -9999 -9999 -9999 -9999 -9999 -9999 -9999 -9999 -9999 -9999 -9999
0E0 0E0 0E0 0E0 0E0 0E0 0E0 0E0 0E0 0E0 0E0 0E0 0E0 0E0 2.05038E-1 9.26961E-2 2.68921E-2 2.37846E-2 7.63528E-2 2.49294E-2 1.24545E-2 8.41468E-3 2.68786E-2 3.89549E-3 1.27274E-2 2.57487E-2 4.05916E-2 6.02767E-2 7.90983E-2 8.90028E-2 1.62673E-2 4.22515E-2 1.9805E-2 2.42243E-1 2.06605E-1 1.01485E-1 3.2477E-2 1.3583E-2 9.28056E-3 1.00151E-2 1.01499E-3 2.71721E-2 3.25221E-2 3.66677E-2 2.2819E-2 2.16351E-2 7.27908E-3 1.4923E-2 1.23798E-2 2.08474E-2 -9999 -9999 -9999 -9999 -9999 -9999 -9999 -9999 -9999 -9999 -9999 -9999 -9999 -9999 -9999 -9999 -9999 -9999 -9999 -9999 -9999 -9999 -9999 -9999 -9999 -9999 -9999 -9999
0E0 0E0 0E0 0E0 0E0 0E0 0E0 0E0 0E0 0E0 0E0 0E0 0E0 1.10449E-1 1.04861E-1 5.17152E-2 2.03747E-2 1.85255E-2 4.66042E-2 1.9301E-2 2.6884E-2 1.47521E-2 8.43639E-3 9.48042E-3 1.21152E-2 2.99918E-2 4.39735E-2 1.95698E-2 1.00187E-1 5.61475E-2 2.17334E-2 8.42439E-2 8.90268E-2 1.02785E-1 1.35144E-1 9.67225E-2 2.08358E-1 1.79447E-2 3.0416E-2 2.89123E-2 3.63477E-2 2.48517E-2 2.06839E-2 1.16399E-2 9.26302E-3 4.02669E-3 9.32617E-3 2.1784E-2 1.34352E-2 -9999 -9999 -9999 -9999 -9999 -9999 -9999 -9999 -9999 -9999 -9999 -9999 -9999 -9999 -9999 -9999 -9999 -9999 -9999 -9999 -9999 -9999 -9999 -9999 -9999 -9999 -9999 -9999 -9999
0E0 0E0 0E0 0E0 0E0 0E0 0E0 0E0 0E0 0E0 0E0 0E0 0E0 0E0 2.40744E-1 6.56013E-2 1.54337E-2 2.3276E-2 2.88124E-2 3.85776E-2 3.54021E-2 6.18549E-2 4.8408E-2 2.03126E-2 2.48846E-2 4.87635E-2 8.78019E-2 3.13992E-2 2.01947E-1 1.06354E-2 1.03913E-1 2.37886E-1 1.05211E-1 2.68318E-3 5.91849E-2 5.89639E-2 1.1125E-2 1.09282E-2 8.02388E-3 6.437E-2 1.13182E-1 5.13737E-3 1.54138E-2 8.32764E-3 2.89788E-3 4.44732E-3 8.871E-3 2.50659E-2 -9999 -9999 -9999 -9999 -9999 -9999 -9999 -9999 -9999 -9999 -9999 -9999 -9999 -9999 -9999 -9999 -9999 -9999 -9999 -9999 -9999 -9999 -9999 -9999 -9999 -9999 -9999 -9999 -9999 -9999
0E0 0E0 0E0 0E0 0E0 0E0 0E0 0E0 0E0 0E0 0E0 0E0 0E0 0E0 8.50572E-2 2.92788E-2 3.86584E-2 3.1468E-2 4.54439E-2 5.84981E-2 6.91349E-2 3.5792E-2 1.18178E-1 1.24093E-1 4.08149E-2 5.71805E-2 6.35662E-2 1.35117E-1 8.33897E-2 5.8189E-1 3.51052E-1 2.59384E-1 8.18283E-2 1.68482E-2 4.32013E-3 6.25556E-3 3.53981E-3 3.12096E-3 4.53329E-3 6.33981E-3 2.51375E-3 1.53155E-2 1.87828E-2 2.39356E-3 1.0638E-3 2.65094E-3 4.23423E-3 -9999 -9999 -9999 -9999 -9999 -9999 -9999 -9999 -9999 -9999 -9999 -9999 -9999 -9999 -9999 -9999 -9999 -9999 -9999 -9999 -9999 -9999 -9999 -9999 -9999 -9999 -9999 -9999 -9999 -9999 -9999
0E0 0E0 0E0 0E0 0E0 0E0 0E0 0E0 0E0 0E0 0E0 0E0 0E0 3.86957E-1 8.42004E-2 2.83967E-2 3.51814E-2 3.02899E-2 1.40842E-1 0E0 1.07718E-1 8.60792E-2 1.53014E-1 1.59631E-1 1.21184E-1 6.17195E-2 7.97419E-2 6.58522E-2 5.29173E-1 5.04772E-1 1.41166E-1 1.36312E-1 8.22391E-2 7.59009E-3 2.79798E-2 1.93472E-3 1.17685E-3 1.55763E-2 1.36996E-3 2.64298E-3 1.58334E-2 5.81585E-3 4.17097E-3 3.65189E-3 1.56931E-3 1.61971E-3 -9999 -9999 -9999 -9999 -9999 -9999 -9999 -9999 -9999 -9999 -9999 -9999 -9999 -9999 -9999 -9999 -9999 -9999 -9999 -9999 -9999 -9999 -9999 -9999 -9999 -9999 -9999 -9999 -9999 -9999 -9999 -9999
0E0 0E0 0E0 0E0 0E0 0E0 0E0 0E0 0E0 0E0 0E0 0E0 0E0 0E0 2.29656E-1 6.01299E-2 2.86095E-2 2.80864E-2 2.16859E-1 0E0 8.35046E-2 5.77998E-2 9.17031E-2 1.73885E-1 6.82733E-2 2.42313E-2 1.00356E-1 4.00247E-1 4.62338E-1 3.47003E-1 1.694E-2 1.37873E-2 1.14279E-2 1.44194E-1 6.45002E-2 1.14856E-2 1.00502E-3 4.52859E-4 1.70907E-3 3.30261E-3 2.16727E-3 2.19817E-3 4.62127E-3 1.58164E-3 -9999 -9999 -9999 -9999 -9999 -9999 -9999 -9999 -9999 -9999 -9999 -9999 -9999 -9999 -9999 -9999 -9999 -9999 -9999 -9999 -9999 -9999 -9999 -9999 -9999 -9999 -9999 -9999 -9999 -9999 -9999 -9999 -9999 -9999
0E0 0E0 0E0 0E0 0E0 0E0 0E0 0E0 0E0 0E0 0E0 0E0 0E0 0E0 1.79279E-1 5.28472E-2 7.99355E-2 5.16915E-2 0E0 0E0 1.29299E-1 7.90859E-2 4.87882E-2 4.70114E-2 5.35083E-2 2.70636E-1 1.72537E-2 5.3818E-1 3.37387E-1 2.35525E-2 2.48509E-2 1.19841E-2 3.23317E-2 3.64946E-2 4.87178E-3 5.71095E-3 7.38599E-4 3.08588E-4 8.18534E-4 5.15323E-3 2.07599E-3 1.73421E-3 1.90901E-3 -9999 -9999 -9999 -9999 -9999 -9999 -9999 -9999 -9999 -9999 -9999 -9999 -9999 -9999 -9999 -9999 -9999 -9999 -9999 -9999 -9999 -9999 -9999 -9999 -9999 -9999 -9999 -9999 -9999 -9999 -9999 -9999 -9999 -9999 -9999
0E0 0E0 0E0 0E0 0E0 0E0 0E0 0E0 0E0 0E0 0E0 0E0 3.42132E-1 3.03784E-1 1.23874E-1 1.23439E-1 3.62144E-1 0E0 0E0 4.32059E-1 1.34337E-1 8.79257E-2 9.2935E-2 3.16765E-2 9.93684E-2 7.72618E-2 4.08154E-1 5.13824E-1 4.32967E-1 2.11947E-2 2.07383E-2 7.29758E-2 4.59167E-2 7.46817E-3 3.48433E-4 1.35707E-4 1.01747E-4 6.79238E-4 2.94215E-3 4.41339E-3 5.19677E-3 1.92996E-3 -9999 -9999 -9999 -9999 -9999 -9999 -9999 -9999 -9999 -9999 -9999 -9999 -9999 -9999 -9999 -9999 -9999 -9999 -9999 -9999 -9999 -9999 -9999 -9999 -9999 -9999 -9999 -9999 -9999 -9999 -9999 -9999 -9999 -9999 -9999 -9999
0E0 0E0 0E0 0E0 0E0 0E0 0E0 0E0 0E0 0E0 0E0 0E0 0E0 0E0 2.42148E-1 1.4281E-1 0E0 0E0 5.10974E-1 6.88155E-2 6.39593E-2 1.2785E-2 2.05669E-2 2.22645E-1 2.65405E-1 2.43588E-1 1.25396E-1 4.35974E-2 5.10813E-2 9.27658E-2 2.02446E-1 2.11437E-1 8.6684E-2 2.70122E-3 1.94795E-3 3.3174E-4 1.01579E-3 2.20584E-3 7.23545E-3 4.14224E-3 5.40177E-3 -9999 -9999 -9999 -9999 -9999 -9999 -9999 -9999 -9999 -9999 -9999 -9999 -9999 -9999 -9999 -9999 -9999 -9999 -9999 -9999 -9999 -9999 -9999 -9999 -9999 -9999 -9999 -9999 -9999 -9999 -9999 -9999 -9999 -9999 -9999 -9999 -9999
