ENM/Final_Models/M_2_F_lq_Set_1_NE/Gustavia_santanderiensis_8_Choco_novel.asc
ncols         367
nrows         963
xllcorner     -78.6
yllcorner     0.65
cellsize      0.00833333333333323
NODATA_value  -9999
[rows 360 to 389 of 963, columns 136 to 203 of 367]
-9999 -9999 -9999 -9999 -9999 -9999 -9999 -9999 -9999 -9999 -9999 -9999 -9999 -9999 -9999 -9999 -9999 -9999 -9999 -9999 -9999 -9999 -9999 -9999 -9999 -9999 -9999 -9999 -9999 -7.55534E1 -6.76154E1 -6.01518E1 -9.65517E1 -5.86207E1 -5.24984E1 -5.27831E1 -5.25933E1 -5.61037E1 -5.29412E1 -5.7179E1 -5.87287E1 -5.68944E1 -5.34788E1 -4.74067E1 -2.61543E1 -2.3055E1 -2.93169E1 -5.10753E1 -6.52119E1 -6.65402E1 -7.44782E1 -7.30234E1 -7.93485E1 -8.29222E1 -8.56736E1 -7.66603E1 -7.24225E1 -6.61923E1 -1.19212E2 -1.27094E2 -1.22167E2 -1.16256E2 -1.11823E2 -1.03448E2 -1.2069E2 -1.06897E2 -7.77672E1 -1.21675E2
-9999 -9999 -9999 -9999 -9999 -9999 -9999 -9999 -9999 -9999 -9999 -9999 -9999 -9999 -9999 -9999 -9999 -9999 -9999 -9999 -9999 -9999 -9999 -9999 -9999 -9999 -9999 -9999 -7.31815E1 -7.58381E1 -6.47059E1 -6.25237E1 -9.60591E1 -5.96059E1 -4.79127E1 -4.50664E1 -3.93422E1 -5.33523E1 -5.92347E1 -5.1771E1 -5.71157E1 -5.44276E1 -5.52182E1 -5.48071E1 -3.49754E1 -2.29918E1 -4.04807E1 -5.15497E1 -7.29285E1 -7.0778E1 -7.77672E1 -7.16951E1 -7.29918E1 -7.53321E1 -8.5389E1 -8.52625E1 -7.34662E1 -7.07464E1 -9.06404E1 -1.14778E2 -1.14778E2 -1.133E2 -1.27094E2 -1.16256E2 -1.04433E2 -1.2069E2 -7.88109E1 -1.23153E2
-9999 -9999 -9999 -9999 -9999 -9999 -9999 -9999 -9999 -9999 -9999 -9999 -9999 -9999 -9999 -9999 -9999 -9999 -9999 -9999 -9999 -9999 -9999 -9999 -9999 -9999 -9999 -6.28716E1 -7.05566E1 -7.07464E1 -6.69197E1 -5.81281E1 -7.14286E1 -5.71429E1 -4.18722E1 -4.38963E1 -5.01581E1 -5.70209E1 -6.79317E1 -5.98355E1 -6.11954E1 -6.83744E1 -7.33713E1 -7.2802E1 -4.83555E1 -3.39658E1 -4.85136E1 -5.98672E1 -7.92536E1 -7.60278E1 -7.96648E1 -7.80519E1 -7.44782E1 -7.88425E1 -7.58697E1 -7.60595E1 -6.89121E1 -6.62872E1 -9.31034E1 -7.06515E1 -7.5933E1 -1.10837E2 -1.23645E2 -1.25616E2 -8.38077E1 -1.2069E2 -8.3365E1 -1.08374E2
-9999 -9999 -9999 -9999 -9999 -9999 -9999 -9999 -9999 -9999 -9999 -9999 -9999 -9999 -9999 -9999 -9999 -9999 -9999 -9999 -9999 -9999 -9999 -9999 -9999 -4.9241E1 -4.7723E1 -5.68311E1 -6.44212E1 -5.05376E1 -4.29475E1 -3.74384E1 -2.05566E1 -8.44402E0 -1.46426E1 -3.05819E1 -4.51613E1 -5.73371E1 -6.80582E1 -6.60974E1 -6.82163E1 -7.67552E1 -8.00126E1 -7.40354E1 -6.41999E1 -6.10837E1 -6.30542E1 -5.95825E1 -7.22011E1 -8.18786E1 -8.13409E1 -8.18469E1 -7.46047E1 -7.06831E1 -6.72043E1 -6.66034E1 -6.96711E1 -7.2802E1 -9.45813E1 -7.73561E1 -1.24138E2 -1.12808E2 -1.03448E2 -1.26108E2 -8.69703E1 -1.2069E2 -8.49462E1 -8.84567E1
-9999 -9999 -9999 -9999 -9999 -9999 -9999 -9999 -9999 -9999 -9999 -9999 -9999 -9999 -9999 -9999 -9999 -3.12777E1 -3.60531E1 -4.50348E1 -5.51866E1 -5.80645E1 -5.82543E1 -5.16129E1 -5.03479E1 -3.7413E1 -3.21948E1 -3.44086E1 -4.86401E1 -4.68374E1 -6.15764E1 -2.78937E1 -1.23153E1 -1.99241E0 -1.04048E1 -2.65338E1 -3.29222E1 -3.98166E1 -6.17331E1 -6.81531E1 -8.06135E1 -7.72929E1 -7.87793E1 -1.07882E2 -1.18719E2 -1.19704E2 -6.40101E1 -5.48387E1 -6.84377E1 -1.17734E2 -8.30487E1 -8.51992E1 -8.79823E1 -7.64073E1 -7.19165E1 -6.83744E1 -6.85958E1 -7.29602E1 -1.21182E2 -9.45813E1 -1.27586E2 -1.21182E2 -1.25123E2 -1.05419E2 -8.32701E1 -1.10837E2 -1.24138E2 -8.48197E1
-9999 -9999 -9999 -9999 -9999 -9999 -9999 -9999 -9999 -9999 -9999 -9999 -9999 -9999 -9999 -9999 -4.64263E1 -3.87413E1 -4.64896E1 -4.69007E1 -5.64516E1 -6.29665E1 -6.29981E1 -5.35421E1 -4.9494E1 -3.57685E1 -3.463E1 -2.31499E1 -3.37761E1 -4.95889E1 -4.48276E1 -3.64532E1 -1.45478E1 -9.58254E0 -1.62872E1 -1.98292E1 -2.0525E1 -2.68817E1 -4.69007E1 -6.84061E1 -7.31815E1 -7.44466E1 -1.16749E2 -1.15764E2 -1.23153E2 -1.23645E2 -1.19212E2 -6.74573E1 -7.12524E1 -7.21063E1 -7.62492E1 -7.60911E1 -8.31752E1 -7.60278E1 -6.9007E1 -6.65025E1 -6.65025E1 -7.30234E1 -7.38457E1 -7.59962E1 -1.07389E2 -1.02463E2 -1.04926E2 -1.03941E2 -8.37761E1 -8.80772E1 -1.18227E2 -1.30049E2
-9999 -9999 -9999 -9999 -9999 -9999 -9999 -9999 -9999 -9999 -9999 -9999 -9999 -9999 -9999 -9999 -5.20873E1 -5.20873E1 -5.50285E1 -5.89184E1 -6.34725E1 -7.40038E1 -7.34029E1 -6.9513E1 -6.39469E1 -4.49083E1 -3.98166E1 -2.9222E1 -1.71411E1 -1.4105E1 -3.95319E0 -1.77103E0 -1.10689E0 -9.99368E0 -2.57432E1 -3.70968E1 -2.56167E1 -3.35863E1 -3.75079E1 -6.56863E1 -6.9007E1 -7.42884E1 -7.48893E1 -7.40987E1 -1.09852E2 -1.11823E2 -1.25616E2 -7.79254E1 -7.21063E1 -7.08096E1 -7.23909E1 -7.16951E1 -8.3365E1 -7.33397E1 -5.47755E1 -6.60098E1 -6.65025E1 -6.47059E1 -6.40734E1 -6.54016E1 -1.07389E2 -1.25616E2 -1.06897E2 -1.06897E2 -1.13793E2 -8.55155E1 -1.17734E2 -1.32512E2
-9999 -9999 -9999 -9999 -9999 -4.44655E1 -4.2568E1 -4.17141E1 -9999 -9999 -9999 -9999 -9999 -9999 -9999 -5.70209E1 -6.25553E1 -5.12018E1 -5.24984E1 -6.21758E1 -6.20493E1 -7.14105E1 -6.34409E1 -5.5914E1 -4.66477E1 -3.91841E1 -2.49526E1 -2.32132E1 -1.59393E1 3.59353E-1 1.19784E0 1.25774E0 5.3903E-1 -2.21379E-1 -2.00822E1 -4.5351E1 -4.69323E1 -4.23466E1 -4.7976E1 -6.66983E1 -7.18216E1 -7.21379E1 -7.16003E1 -6.6635E1 -6.34725E1 -1.04926E2 -1.24631E2 -1.21675E2 -7.93169E1 -8.03289E1 -8.11828E1 -7.59962E1 -7.52056E1 -7.17268E1 -6.4611E1 -6.50854E1 -6.65025E1 -6.59077E1 -6.21758E1 -6.6635E1 -7.24541E1 -1.26108E2 -1.26108E2 -1.133E2 -1.17241E2 -1.18227E2 -1.17734E2 -1.31527E2
-9999 -9999 -9999 -5.17078E1 -4.25996E1 -3.62113E1 -3.29222E1 -4.11765E1 -4.83871E1 -9999 -9999 -9999 -9999 -9999 -9999 -5.96774E1 -5.895E1 -4.58254E1 -4.89247E1 -6.17963E1 -6.10689E1 -5.98672E1 -5.76534E1 -5.01898E1 -4.20936E1 -2.65022E1 -2.179E1 -2.60595E1 -1.31879E1 1.07806E0 3.23418E0 1.35756E0 6.58814E-1 -1.04364E0 -1.95446E1 -4.2568E1 -5.44592E1 -4.86401E1 -5.23719E1 -7.9981E1 -7.06199E1 -7.06199E1 -6.91335E1 -1.05419E2 -6.4864E1 -1.05911E2 -1.24631E2 -1.03448E2 -8.32701E1 -8.51676E1 -8.25427E1 -8.26692E1 -7.16319E1 -6.35674E1 -6.68248E1 -6.09741E1 -6.11322E1 -6.43264E1 -6.06894E1 -6.50538E1 -7.44466E1 -1.28079E2 -1.15764E2 -1.16256E2 -1.13793E2 -9.20304E1 -1.17241E2 -1.3202E2
-9999 -9999 -4.71537E1 -4.83871E1 -3.55155E1 -3.50411E1 -2.3814E1 -2.821E1 -2.83365E1 -4.10816E1 -9999 -9999 -9999 -5.56293E1 -5.43327E1 -6.02151E1 -4.72802E1 -3.79507E1 -4.56989E1 -6.21442E1 -6.54649E1 -6.07211E1 -5.16445E1 -4.57305E1 -2.81467E1 -2.27704E1 -1.89121E1 -2.64706E1 -1.90702E1 1.99641E-1 1.19784E0 1.25774E0 1.17788E0 4.99102E-1 -1.3599E1 -3.57685E1 -5.39848E1 -4.37698E1 -6.40394E1 -7.40987E1 -7.3561E1 -7.29285E1 -7.56167E1 -1.09852E2 -1.03941E2 -1.11823E2 -1.17241E2 -1.21182E2 -9.1303E1 -8.19418E1 -8.4377E1 -8.32385E1 -6.64769E1 -6.11322E1 -6.21442E1 -6.14801E1 -6.23656E1 -6.45161E1 -7.48261E1 -6.59393E1 -1.21182E2 -1.28571E2 -1.29557E2 -1.12808E2 -1.3202E2 -1.16749E2 -1.18719E2 -1.21675E2
-5.5914E1 -5.42378E1 -4.04175E1 -3.89627E1 -2.22328E1 -2.22011E1 -1.60342E1 -1.29349E1 -1.27135E1 -2.25174E1 -2.93169E1 -4.72802E1 -5.03479E1 -5.06325E1 -4.26629E1 -4.26629E1 -3.10879E1 -3.39975E1 -4.34851E1 -5.37318E1 -5.85705E1 -6.60974E1 -5.11069E1 -4.55092E1 -2.86844E1 -2.18533E1 -2.06199E1 -2.52688E1 -2.52056E1 2.19605E-1 -1.83428E0 -8.00126E0 -1.16382E1 -1.62555E1 -1.6635E1 -4.55092E1 -7.22328E1 -7.55218E1 -9.45813E1 -7.82732E1 -7.77356E1 -7.49526E1 -1.00493E2 -1.24138E2 -1.11823E2 -1.133E2 -1.19212E2 -8.97217E1 -8.06768E1 -7.1031E1 -7.7704E1 -7.80835E1 -7.64706E1 -7.55851E1 -6.53068E1 -6.78368E1 -6.77419E1 -7.14421E1 -7.14105E1 -7.33397E1 -9.16256E1 -1.30542E2 -1.07389E2 -1.14778E2 -1.17734E2 -1.32512E2 -1.12808E2 -1.14286E2
-5.23087E1 -3.70019E1 -4.08286E1 -2.16635E1 -1.69197E1 -1.71727E1 -1.57179E1 -1.61923E1 -2.57116E1 -2.16635E1 -2.30234E1 -3.60215E1 -4.3074E1 -5.75901E1 -4.89564E1 -3.15307E1 -2.49526E1 -1.83744E1 -2.82732E1 -4.09551E1 -4.73435E1 -6.52751E1 -5.96458E1 -3.74763E1 -2.70715E1 -2.49209E1 -1.90386E1 -1.37571E1 -1.99874E1 -9.48767E0 -7.179E0 -2.01455E1 -1.55281E1 -1.32827E1 -2.60911E1 -5.56293E1 -1.20197E2 -8.23529E1 -8.3618E1 -7.14421E1 -7.57116E1 -7.43201E1 -7.63757E1 -1.23645E2 -1.23645E2 -1.21182E2 -8.18469E1 -1.03941E2 -1.02463E2 -7.73877E1 -7.84314E1 -7.56167E1 -7.8969E1 -7.2549E1 -6.83744E1 -6.77419E1 -6.71411E1 -6.75522E1 -7.09677E1 -7.99494E1 -1.133E2 -1.17241E2 -1.06404E2 -1.07389E2 -1.08374E2 -1.33005E2 -1.33498E2 -1.33498E2
-4.25047E1 -3.49462E1 -2.55851E1 -1.42948E1 -1.75206E1 -1.9513E1 -2.07464E1 -2.24225E1 -3.12777E1 -3.17521E1 -4.08602E1 -4.74067E1 -5.27514E1 -4.65528E1 -4.70905E1 -2.97913E1 -1.51486E1 -7.08412E0 -1.33144E1 -2.31183E1 -3.88678E1 -6.3346E1 -6.71727E1 -3.77609E1 -2.65971E1 -3.42821E1 -2.36243E1 -1.69197E1 -2.02404E1 -1.12271E1 2.19605E-1 1.19784E-1 2.39569E-1 -4.4592E0 -9.42441E0 -3.88362E1 -8.81773E1 -1.10837E2 -8.23529E1 -7.90955E1 -7.69766E1 -7.15054E1 -1.00985E2 -9.95074E1 -1.15271E2 -7.64073E1 -7.09677E1 -7.59646E1 -7.80519E1 -7.91904E1 -8.41556E1 -8.46616E1 -7.67868E1 -7.1031E1 -7.32764E1 -7.41303E1 -7.11259E1 -7.1031E1 -7.45098E1 -7.46679E1 -1.06404E2 -1.28571E2 -9.4592E1 -8.92789E1 -1.08374E2 -1.18719E2 -1.28571E2 -1.0936E2
-3.24162E1 -3.14991E1 -2.72296E1 -1.54333E1 -1.83112E1 -2.78305E1 -2.50158E1 -2.58065E1 -2.47944E1 -3.27008E1 -3.58001E1 -4.03542E1 -4.92726E1 -4.87666E1 -3.47249E1 -2.3055E1 -2.94118E0 -1.58128E0 -7.71664E0 -1.57495E1 -3.19734E1 -6.08159E1 -5.77483E1 -3.48197E1 -2.9981E1 -3.14358E1 -3.14042E1 -3.50411E1 -2.81151E1 -2.29602E1 -4.74383E0 1.99641E-1 2.39569E-1 9.98203E-2 -8.34915E0 -4.60784E1 -9.31034E1 -9.75369E1 -9.95074E1 -7.60911E1 -7.65655E1 -6.98292E1 -7.42884E1 -1.10345E2 -1.16256E2 -8.5136E1 -7.85263E1 -7.36875E1 -7.67868E1 -7.78937E1 -7.66603E1 -8.02024E1 -8.05503E1 -7.68501E1 -7.0272E1 -6.926E1 -6.76154E1 -6.91651E1 -6.82479E1 -7.49842E1 -1.0936E2 -1.29557E2 -1.30542E2 -1.07882E2 -1.08867E2 -1.0936E2 -1.33498E2 -1.3399E2
-2.76407E1 -3.50727E1 -2.96015E1 -1.73941E1 -2.03985E1 -2.66603E1 -2.76091E1 -3.45351E1 -3.0487E1 -3.46616E1 -3.24478E1 -4.22201E1 -5.23403E1 -5.38267E1 -3.54522E1 -2.10626E1 -5.02846E0 8.18527E-1 9.98203E-2 -7.93801E0 -2.88741E1 -6.284E1 -5.73371E1 -3.82037E1 -4.32005E1 -4.8735E1 -6.30542E1 -4.28843E1 -3.60848E1 -2.92853E1 -1.94181E1 -1.54965E0 1.99641E-1 3.99281E-2 -9.58254E0 -6.4532E1 -1.12808E2 -7.62808E1 -7.73245E1 -7.15686E1 -7.19798E1 -7.46679E1 -6.68248E1 -9.70443E1 -1.0936E2 -7.67868E1 -7.24225E1 -6.78684E1 -8.32068E1 -8.12144E1 -7.87476E1 -7.94118E1 -8.31436E1 -7.58697E1 -7.54586E1 -6.90386E1 -6.93232E1 -6.9766E1 -6.30297E1 -6.99241E1 -1.24138E2 -1.3202E2 -1.32512E2 -1.17241E2 -1.08867E2 -1.34483E2 -1.33005E2 -1.15271E2
-3.22897E1 -3.17204E1 -3.00443E1 -2.46363E1 -2.19798E1 -3.08665E1 -3.0993E1 -3.8425E1 -3.7413E1 -3.26692E1 -3.49779E1 -3.80772E1 -5.00316E1 -4.97786E1 -3.46932E1 -1.71727E1 -7.93801E0 5.58994E-1 -9.64579E0 -1.48956E1 -3.05187E1 -5.70841E1 -5.26565E1 -4.12713E1 -4.5351E1 -5.49652E1 -8.02956E1 -3.87729E1 -3.82353E1 -2.89058E1 -1.91335E1 -9.74067E0 -6.23023E0 -7.02087E0 -2.03352E1 -6.40394E1 -1.02463E2 -7.72929E1 -7.60911E1 -7.65655E1 -7.15054E1 -6.85642E1 -6.89121E1 -6.69197E1 -6.70145E1 -9.95074E1 -7.64073E1 -7.10942E1 -7.86527E1 -8.48514E1 -8.55788E1 -9.00063E1 -9.90148E1 -8.22264E1 -8.03605E1 -7.41303E1 -7.6186E1 -7.76724E1 -6.86274E1 -6.8754E1 -1.10345E2 -1.09852E2 -1.10345E2 -1.12315E2 -1.18227E2 -1.2266E2 -1.34975E2 -1.19212E2
-4.37381E1 -2.68501E1 -2.89374E1 -2.39722E1 -2.49526E1 -3.89627E1 -4.32321E1 -5.34788E1 -5.14864E1 -4.67426E1 -4.96837E1 -5.32574E1 -6.05629E1 -5.7938E1 -4.0544E1 -2.03985E1 -9.48767E-1 -4.80708E0 -1.98925E1 -2.62176E1 -3.62429E1 -5.42062E1 -4.26945E1 -3.80772E1 -4.29475E1 -4.92726E1 -4.19039E1 -2.80519E1 -2.90639E1 -3.13093E1 -2.21379E1 -1.5876E1 -1.13219E1 -1.26186E1 -3.49754E1 -9.16256E1 -1.20197E2 -9.45813E1 -6.83428E1 -7.01139E1 -6.62239E1 -7.21695E1 -7.72296E1 -6.4864E1 -6.23656E1 -7.20114E1 -8.53574E1 -8.62429E1 -7.6945E1 -8.26059E1 -7.90323E1 -8.08982E1 -9.30424E1 -8.08349E1 -7.61543E1 -6.77103E1 -7.3055E1 -7.53321E1 -7.18533E1 -7.37192E1 -1.07882E2 -1.02956E2 -1.11823E2 -8.70335E1 -1.19212E2 -1.16749E2 -1.35468E2 -1.19704E2
-4.72169E1 -3.79507E1 -3.08665E1 -2.73245E1 -4.50348E1 -5.54712E1 -5.8191E1 -5.62935E1 -4.89564E1 -5.57875E1 -5.41429E1 -6.40417E1 -5.6673E1 -5.27514E1 -3.6148E1 -2.03352E1 -1.29665E0 -8.98166E0 -2.70398E1 -2.71664E1 -3.75079E1 -5.93295E1 -4.68691E1 -5.61576E1 -2.21379E1 -2.75142E1 -2.70082E1 -2.34029E1 -1.41682E1 -9.96205E0 -4.58571E0 -2.05566E0 2.19605E-1 -1.26818E1 -3.43454E1 -9.21182E1 -8.52217E1 -8.37438E1 -6.07527E1 -6.78368E1 -7.6945E1 -7.48893E1 -7.03036E1 -8.03922E1 -7.67236E1 -7.78305E1 -8.81404E1 -8.51676E1 -8.26692E1 -8.3365E1 -8.85832E1 -8.82037E1 -8.35547E1 -7.9728E1 -7.36243E1 -7.06515E1 -7.53637E1 -8.06452E1 -7.27704E1 -7.57432E1 -1.10837E2 -1.05419E2 -8.01075E1 -9.30424E1 -1.16256E2 -1.15764E2 -8.78558E1 -1.2069E2
-5.66502E1 -5.3202E1 -3.56104E1 -4.25047E1 -5.16129E1 -5.9962E1 -5.895E1 -6.27767E1 -5.28463E1 -4.43074E1 -5.63567E1 -5.50601E1 -5.8191E1 -5.39532E1 -4.36749E1 -2.81151E1 -5.15497E0 -1.24921E1 -1.80266E1 -2.21063E1 -3.54522E1 -4.26945E1 -3.04554E1 -1.94497E1 -1.32511E1 -2.06515E1 -1.73308E1 -9.20304E0 -1.17963E1 -4.64896E0 -3.35231E0 1.59713E-1 -4.58571E0 -1.75522E1 -3.64532E1 -5.58191E1 -6.36939E1 -9.31034E1 -9.40887E1 -7.77356E1 -6.9007E1 -7.93801E1 -7.9475E1 -7.84314E1 -7.99178E1 -8.08982E1 -8.21316E1 -1.26108E2 -8.31436E1 -8.74763E1 -8.52941E1 -8.09614E1 -7.7957E1 -8.04554E1 -8.12777E1 -7.50158E1 -6.72043E1 -6.17647E1 -6.11006E1 -6.5623E1 -1.133E2 -1.32512E2 -1.15271E2 -1.33498E2 -1.3399E2 -1.05419E2 -1.18227E2 -9.7976E1
-4.87034E1 -4.07653E1 -4.01645E1 -5.05693E1 -6.46743E1 -6.58444E1 -7.04934E1 -6.72043E1 -6.22075E1 -5.55028E1 -6.11322E1 -6.05629E1 -5.6926E1 -5.60405E1 -5.29095E1 -6.2069E1 -2.10626E1 -1.69513E1 -3.14358E1 -4.50348E1 -4.87982E1 -4.64263E1 -3.70019E1 -2.61543E1 -1.63504E1 -1.73941E1 -1.926E1 -1.62555E1 -1.30297E1 -5.97723E0 -7.74826E0 1.59713E-1 -1.13852E0 -1.04681E1 -1.10373E1 -1.82479E1 -3.39026E1 -6.06894E1 -7.6945E1 -1.0936E2 -8.21632E1 -8.21316E1 -7.71347E1 -1.2266E2 -1.26601E2 -1.29064E2 -1.30049E2 -1.25616E2 -8.7919E1 -8.17837E1 -7.82416E1 -7.99494E1 -7.7704E1 -7.7451E1 -7.47944E1 -7.36559E1 -5.55028E1 -4.93359E1 -5.26882E1 -6.60658E1 -7.26755E1 -1.28571E2 -1.10837E2 -1.16256E2 -1.13793E2 -8.31436E1 -1.20197E2 -8.64326E1
-5.38899E1 -5.642E1 -5.50285E1 -5.51866E1 -6.45478E1 -6.65402E1 -6.537E1 -6.58128E1 -6.91018E1 -6.90386E1 -6.42315E1 -6.65718E1 -6.74573E1 -5.71157E1 -5.20873E1 -4.13979E1 -1.72992E1 -1.82163E1 -3.20999E1 -5E1 -4.62049E1 -3.42505E1 -3.6148E1 -3.39026E1 -3.30049E1 -2.67868E1 -2.57432E1 -2.13472E1 -1.73624E1 -1.18912E1 -5.97723E0 6.58814E-1 9.98203E-2 6.58814E-1 5.58994E-1 -4.36433E0 -2.05882E1 -3.40607E1 -5.39216E1 -7.3055E1 -1.17241E2 -1.03941E2 -1.06897E2 -1.03448E2 -1.26108E2 -1.27586E2 -1.2266E2 -8.92789E1 -8.64643E1 -8.91841E1 -8.05819E1 -8.68438E1 -7.91271E1 -7.13156E1 -7.31499E1 -6.78684E1 -5.19924E1 -5.1265E1 -4.73751E1 -5.42062E1 -7.04434E1 -1.30542E2 -1.09852E2 -1.08374E2 -1.08374E2 -1.10837E2 -1.21675E2 -9.19671E1
-6.24288E1 -6.57812E1 -6.31246E1 -6.10373E1 -6.69197E1 -6.24921E1 -7.35927E1 -7.53321E1 -7.17584E1 -6.69197E1 -7.01139E1 -6.74257E1 -6.22075E1 -5.93928E1 -5.31942E1 -3.10247E1 -1.92118E1 -2.0525E1 -3.73814E1 -3.83618E1 -3.45667E1 -2.59962E1 -2.67552E1 -3.08982E1 -3.51044E1 -3.08033E1 -3.34915E1 -2.06199E1 -1.65085E1 -1.17963E1 -1.10373E1 1.39748E-1 9.98203E-2 5.58994E-1 2.39569E-1 -8.91841E0 -2.71347E1 -4.14611E1 -4.95889E1 -5.85389E1 -1.19212E2 -1.05419E2 -7.92536E1 -1.17734E2 -1.22167E2 -1.23153E2 -1.26601E2 -9.12397E1 -8.85199E1 -8.5895E1 -7.89058E1 -7.72612E1 -8.09614E1 -7.39722E1 -7.63441E1 -7.77989E1 -6.19545E1 -5.12018E1 -4.83871E1 -5.2277E1 -7.33713E1 -1.33498E2 -1.33498E2 -1.36946E2 -1.35961E2 -1.18719E2 -1.24138E2 -8.89943E1
-9999 -9999 -9999 -6.02151E1 -6.45794E1 -7.06199E1 -6.79317E1 -6.79317E1 -6.83112E1 -6.89753E1 -7.59646E1 -6.91651E1 -4.81657E1 -5.92979E1 -6.09741E1 -4.11132E1 -2.50474E1 -2.93485E1 -2.77672E1 -2.05882E1 -1.47375E1 -3.64532E1 -3.77293E1 -4.60152E1 -7.14286E1 -4.00696E1 -4.03542E1 -2.73877E1 -1.93232E1 -1.43896E1 -1.1575E1 1.39748E-1 1.0581E0 6.3885E-1 2.59533E-1 -1.57635E1 -5.47755E1 -9.45813E1 -8.867E1 -6.8754E1 -1.17734E2 -1.03941E2 -8.06135E1 -8.51044E1 -8.76028E1 -8.91841E1 -9.03858E1 -8.50727E1 -1.26108E2 -8.95003E1 -8.96901E1 -8.29222E1 -8.17204E1 -7.45731E1 -8.05819E1 -7.91271E1 -6.10057E1 -5.82543E1 -5.95193E1 -5.99304E1 -6.33144E1 -1.18719E2 -1.19704E2 -1.11823E2 -9.36749E1 -9.30424E1 -9.358E1 -9.39595E1
-9999 -9999 -9999 -9999 -5.24352E1 -5.81594E1 -6.81531E1 -6.95762E1 -6.80582E1 -6.86907E1 -7.41303E1 -7.26123E1 -5.70525E1 -5.33839E1 -5.39532E1 -4.10816E1 -3.47881E1 -1.33776E1 -1.74889E1 -2.36453E1 -3.10345E1 -3.24478E1 -5.29412E1 -6.35468E1 -8.2266E1 -7.78325E1 -7.68473E1 -4.24099E1 -2.71031E1 -1.60342E1 -1.92118E1 -5.91133E0 2.59533E0 1.89659E0 4.59174E-1 -1.24921E1 -8.62069E1 -9.55665E1 -9.55665E1 -1.00985E2 -8.27641E1 -8.3618E1 -8.11828E1 -7.81784E1 -8.40607E1 -8.64959E1 -8.21948E1 -7.95383E1 -1.27094E2 -8.58001E1 -8.80139E1 -8.76028E1 -8.23529E1 -7.9728E1 -7.90955E1 -7.53953E1 -6.52435E1 -5.26249E1 -5.8697E1 -6.36622E1 -7.33713E1 -1.19704E2 -1.20197E2 -1.0936E2 -1.14286E2 -1.24138E2 -1.10837E2 -9.15244E1
-9999 -9999 -9999 -9999 -9999 -4.79127E1 -6.03099E1 -6.5623E1 -6.84377E1 -7.19798E1 -7.16319E1 -7.07464E1 -6.41999E1 -5.91082E1 -6.32827E1 -6.89655E1 -2.45098E1 -1.8754E1 -2.06831E1 -3.97849E1 -3.69458E1 -5.5665E1 -6.30542E1 -7.78325E1 -5.19292E1 -4.62366E1 -4.46237E1 -3.59266E1 -1.59709E1 -4.26945E0 1.39748E-1 4.59174E-1 2.21601E0 1.15792E0 -1.64453E0 -1.11006E1 -4.93675E1 -1.25616E2 -1.19212E2 -1.19212E2 -8.49462E1 -8.23213E1 -7.73877E1 -8.21632E1 -9.00379E1 -8.0993E1 -8.26059E1 -8.28906E1 -7.83049E1 -8.43454E1 -8.24794E1 -7.44466E1 -7.23909E1 -8.0993E1 -6.90702E1 -7.46679E1 -8.15307E1 -7.33713E1 -7.03985E1 -6.85009E1 -7.34345E1 -1.20197E2 -1.19704E2 -1.08374E2 -1.22167E2 -1.2266E2 -1.41872E2 -8.46932E1
-9999 -9999 -9999 -9999 -9999 -4.54459E1 -5.72739E1 -5.36369E1 -6.2081E1 -6.98292E1 -7.2549E1 -7.14737E1 -6.39152E1 -6.17963E1 -6.11006E1 -5.36369E1 -2.87793E1 -1.23023E1 -2.26439E1 -3.45667E1 -4.57938E1 -4.48276E1 -3.10345E1 -2.9064E1 -2.24541E1 -2.47944E1 -2.9981E1 -1.83428E1 -3.32068E0 7.78599E-1 4.81134E0 6.18886E0 2.59533E-1 -8.22264E0 -1.94813E1 -3.73498E1 -6.85326E1 -1.07882E2 -1.16256E2 -9.65517E1 -8.00759E1 -7.5933E1 -8.05187E1 -7.80202E1 -9.15244E1 -8.74447E1 -8.33966E1 -8.25111E1 -7.95383E1 -8.05503E1 -8.20051E1 -8.50095E1 -9.19987E1 -8.70968E1 -8.35547E1 -8.35547E1 -7.53004E1 -7.32132E1 -7.11259E1 -7.53953E1 -7.43517E1 -1.34483E2 -1.19212E2 -1.34483E2 -1.36453E2 -1.36453E2 -1.10837E2 -8.54522E1
-9999 -9999 -9999 -9999 -9999 -4.358E1 -9999 -9999 -5.2024E1 -6.23972E1 -6.11006E1 -6.01202E1 -5.87919E1 -5.20557E1 -4.68058E1 -3.61164E1 -2.44782E1 -1.5117E1 -2.1537E1 -3.52309E1 -4.6798E1 -3.63061E1 -1.94813E1 3.99281E-2 4.39209E-1 -8.2859E0 -5.97723E0 -2.02404E0 8.18527E-1 1.71691E0 4.6117E0 5.33041E0 4.39209E-1 -2.10626E1 -2.6186E1 -5.64832E1 -9.70443E1 -9.90148E1 -1.15271E2 -8.17204E1 -7.91588E1 -7.52372E1 -7.10626E1 -7.2296E1 -8.52625E1 -9.42125E1 -8.96901E1 -1.14286E2 -1.133E2 -7.24138E1 -7.40987E1 -8.11512E1 -8.99747E1 -8.94687E1 -9.09551E1 -8.12777E1 -8.46932E1 -7.44782E1 -7.90955E1 -7.66287E1 -7.4067E1 -1.33005E2 -1.3399E2 -1.33498E2 -1.36453E2 -1.36946E2 -1.42857E2 -1.26108E2
-9999 -9999 -9999 -9999 -9999 -3.89943E1 -9999 -9999 -9999 -9999 -6.11954E1 -5.5661E1 -6.52751E1 -4.97537E1 -4.50032E1 -3.21948E1 -1.52751E1 -9.70904E0 -2.93485E1 -3.84567E1 -4.0544E1 -3.80455E1 -1.26502E1 5.98922E-2 1.89659E0 -1.04364E0 2.79497E-1 7.3867E-1 4.81134E0 4.6117E0 5.33041E0 6.18886E0 -7.90639E-1 -2.56167E1 -4.00063E1 -5.42062E1 -9.60591E1 -6.70145E1 -1.16749E2 -7.75459E1 -7.51107E1 -6.85958E1 -6.36622E1 -7.96015E1 -8.45035E1 -8.97533E1 -8.5642E1 -1.12315E2 -1.35468E2 -7.28969E1 -7.33713E1 -8.22897E1 -8.074E1 -8.59899E1 -8.81088E1 -7.71031E1 -7.7957E1 -7.85895E1 -8.28589E1 -8.45667E1 -8.17204E1 -1.33498E2 -1.35961E2 -1.34975E2 -1.35468E2 -1.35961E2 -1.35961E2 -1.27586E2
-9999 -9999 -9999 -9999 -9999 -9999 -9999 -9999 -9999 -6.36939E1 -5.84124E1 -5.8191E1 -6.18596E1 -4.19039E1 -3.63378E1 -2.41935E1 -8.38077E0 -3.16256E0 -2.60595E1 -4.79127E1 -4.92611E1 -4.63054E1 -6.89655E0 4.39209E-1 1.03813E0 8.78419E-1 2.79497E0 4.6117E0 4.6117E0 4.81134E0 3.63346E0 2.21601E0 2.39569E-1 -3.14358E1 -4.94624E1 -6.54965E1 -1.05911E2 -9.95074E1 -8.17521E1 -7.87793E1 -7.85895E1 -7.43201E1 -7.16003E1 -7.07147E1 -7.20746E1 -8.5642E1 -8.74447E1 -9.02277E1 -9.25047E1 -8.11828E1 -7.56483E1 -7.51107E1 -7.9981E1 -8.93106E1 -8.95952E1 -7.84946E1 -8.44402E1 -8.73498E1 -8.52625E1 -8.6401E1 -8.14358E1 -1.3399E2 -1.42857E2 -1.36946E2 -1.36946E2 -1.36453E2 -1.36946E2 -1.28079E2
-9999 -9999 -9999 -9999 -9999 -9999 -9999 -9999 -9999 -9999 -6.40417E1 -5.45225E1 -6.02783E1 -3.84567E1 -2.21695E1 -1.88488E1 -8.4124E0 -2.21379E0 -2.23276E1 -4.07653E1 -4.50348E1 -3.97533E1 -7.08412E0 3.39389E-1 4.39209E-1 1.89659E0 4.47195E0 4.6117E0 4.6117E0 5.27051E0 4.81134E0 3.23418E0 2.21601E0 -1.41999E1 -3.05187E1 -1.09852E2 -1.27094E2 -1.16749E2 -7.71031E1 -8.52309E1 -8.33966E1 -7.1284E1 -7.40987E1 -8.074E1 -8.11512E1 -8.5895E1 -8.91208E1 -8.30803E1 -8.38077E1 -8.42505E1 -7.90323E1 -7.97596E1 -7.35294E1 -7.98861E1 -7.95699E1 -7.92536E1 -9.02593E1 -8.78242E1 -9.03226E1 -8.63061E1 -1.24138E2 -1.34483E2 -1.36946E2 -1.44335E2 -1.36946E2 -1.36946E2 -1.4532E2 -1.45813E2
