ENM/Final_Models/M_2_F_lq_Set_1_NE/Gustavia_santanderiensis_6_Choco_novel.asc
ncols         367
nrows         963
xllcorner     -78.6
yllcorner     0.65
cellsize      0.00833333333333323
NODATA_value  -9999
[rows 450 to 479 of 963, columns 204 to 271 of 367]
-1.19704E2 -1.35468E2 -1.34975E2 -1.46305E2 -1.31034E2 -1.47291E2 -1.36453E2 -1.22167E2 -8.15307E1 -7.5933E1 -8.8172E1 -1.41379E2 -1.17734E2 -1.16749E2 -8.91841E1 -1.14778E2 -1.17734E2 -8.82353E1 -1.49754E2 -1.35468E2 -1.52709E2 -8.47291E1 -1.15271E2 -1.36453E2 -1.34483E2 -9.06705E1 -8.87097E1 -8.867E1 -9.01478E1 -8.91626E1 -8.66995E1 -8.57143E1 -8.62069E1 -8.37438E1 -7.47628E1 -7.1537E1 -7.56799E1 -6.4105E1 -9.55665E1 -1.2069E2 -1E2 -9.95074E1 -1.00985E2 -1E2 -6.1828E1 -5.07906E1 -4.99367E1 -4.4592E1 -2.96648E1 -2.21063E1 -4.55408E0 -5.91133E0 -2.26601E1 -2.70936E1 -2.58065E1 -1.02783E1 -2.55218E1 9.98004E-2 8.18363E-1 3.01397E0 7.18563E-1 5.98802E-1 1.11776E0 7.78443E-1 7.18563E-1 1.1976E0 4.33134E0 1.02196E1
-1.19704E2 -1.17241E2 -1.16749E2 -1.35468E2 -1.21675E2 -1.33498E2 -1.43842E2 -1.2069E2 -8.91524E1 -1.19212E2 -1.18227E2 -1.33498E2 -1.16749E2 -1.15764E2 -8.65908E1 -1.13793E2 -1.45813E2 -1.15764E2 -1.15271E2 -1.43842E2 -1.34483E2 -1.34975E2 -1.34975E2 -1.35468E2 -8.37438E1 -9.04175E1 -7.79886E1 -8.32512E1 -9.06404E1 -8.44719E1 -8.62069E1 -8.12808E1 -6.74573E1 -6.79949E1 -6.95762E1 -6.41366E1 -5.80013E1 -6.55172E1 -9.1133E1 -9.65517E1 -1.03448E2 -9.85222E1 -5.97407E1 -4.38646E1 -2.94118E1 -1.53384E1 -1.04997E1 -2.21695E1 -3.7919E1 -2.47944E1 -3.28906E0 -1.18227E1 -3.44828E1 -3.45351E1 -4.33498E1 1.79641E-1 -1.17015E0 5.66866E0 2.57485E0 2.99401E-1 7.18563E-1 9.98004E-2 1.79641E-1 1.79641E-1 1.79641E-1 2.99401E-1 2.19561E-1 6.98603E-1
-1.19212E2 -1.17241E2 -1.28571E2 -1.17241E2 -1.19212E2 -1.33498E2 -1.19212E2 -1.26601E2 -1.34975E2 -1.35468E2 -1.33498E2 -1.34975E2 -1.48276E2 -9.67426E1 -1.14286E2 -1.4532E2 -9.20304E1 -1.15764E2 -1.15764E2 -8.47291E1 -1.3399E2 -1.14286E2 -1.14778E2 -1.14778E2 -1.14286E2 -1.14286E2 -8.39975E1 -8.37438E1 -8.5136E1 -7.39405E1 -7.91271E1 -9.36749E1 -8.57143E1 -5.35104E1 -6.01518E1 -6.73624E1 -6.61607E1 -6.65025E1 -9.1133E1 -9.70443E1 -9.95074E1 -4.77833E1 -3.18786E1 -2.55534E1 -5.75585E0 1.49701E0 1.71657E0 -9.17141E-1 -2.10942E1 -1.91018E1 -4.23645E1 -9.35961E0 -3.00493E1 -4.48276E1 2.39521E-1 3.21357E0 1.35729E0 1.11776E0 4.61078E0 2.39521E-1 -1.57635E1 -1.03448E1 5.98802E-2 1.39721E-1 9.98004E-2 1.1976E-1 -1.57635E1 -5.40797E0
-1.19212E2 -1.23153E2 -1.17734E2 -1.16749E2 -1.15271E2 -1.17241E2 -1.18227E2 -1.39901E2 -1.17734E2 -8.91626E1 -1.18227E2 -1.48276E2 -1.47291E2 -1.14286E2 -1.14286E2 -1.49754E2 -1.3399E2 -8.3365E1 -9.04807E1 -7.84314E1 -1.33498E2 -9.1133E1 -9.06404E1 -8.47881E1 -8.89311E1 -8.57685E1 -9.27261E1 -1.15271E2 -1.10345E2 -8.02973E1 -7.42252E1 -7.93103E1 -7.88177E1 -5.81281E1 -6.81214E1 -5.83808E1 -7.19212E1 -6.25616E1 -9.50739E1 -6.91018E1 -6.67299E1 -5.57875E1 -1.92283E1 -1.09424E1 1.01796E0 1.25749E0 1.17764E0 1.01796E0 2.99401E-1 4.59082E-1 -3.30049E1 -9.8988E0 -2.80788E1 1.79641E-1 7.58483E-1 1.63074E1 1.23952E1 1.1497E1 4.33134E0 5.32934E0 2.79441E-1 3.39321E-1 3.39321E-1 4.59082E-1 6.58683E-1 4.59082E-1 2.99401E-1 3.39321E-1
-1.33005E2 -1.17241E2 -1.17241E2 -1.43842E2 -1.14286E2 -1.16749E2 -1.17241E2 -1.17734E2 -1.17734E2 -1.17241E2 -1.17241E2 -1.16749E2 -1.15271E2 -1.13793E2 -1.46305E2 -1.16749E2 -9.43074E1 -8.89311E1 -1.1133E2 -1.14286E2 -1.41379E2 -1.3202E2 -1.13793E2 -1.33005E2 -1.33005E2 -1.45813E2 -8.47291E1 -1.15271E2 -1.14778E2 -8.66995E1 -8.57143E1 -8.75395E1 -5.81281E1 -4.67109E1 -7.6186E1 -1.19704E2 -9.45813E1 -8.96552E1 -7.9803E1 -5.41746E1 -4.29159E1 -4.25364E1 -2.8463E0 7.78443E-1 2.33533E0 1.49701E0 1.81637E0 8.18363E-1 -6.40394E0 5.98802E-2 -1.87192E1 -8.86699E0 -1.7734E1 7.64471E0 2.37525E0 1.36128E1 1.4012E1 8.56287E0 7.64471E0 7.64471E0 6.18762E0 4.79042E0 7.78443E-1 6.58683E-1 1.1976E0 1.39721E-1 -3.94089E0 -6.40394E0
-1.17241E2 -8.86464E1 -9.29159E1 -9.37065E1 -9.27261E1 -8.52625E1 -8.91841E1 -9.19671E1 -1.16749E2 -1.16749E2 -1.17241E2 -1.15764E2 -1.14286E2 -1.16256E2 -1.33005E2 -1.16749E2 -1.12808E2 -1.11823E2 -1.10837E2 -1.41872E2 -1.0936E2 -1.08867E2 -1.51724E2 -1.07882E2 -8.21948E1 -1.15764E2 -8.25743E1 -1.12315E2 -8.81773E1 -1.12808E2 -1.12808E2 -8.02956E1 -6.59709E1 -7.25806E1 -9.95074E1 -9.16256E1 -9.55665E1 -9.06404E1 -9.31034E1 -5.2024E1 -4.18406E1 -3.02024E1 -5.9456E0 1.99601E-1 2.33533E0 6.38723E-1 1.03792E0 4.39122E-1 1.39721E-1 5.98802E-2 -5.41872E0 -1.02783E1 -8.00126E0 8.56287E0 4.41118E0 1.4012E1 7.64471E0 1.13772E1 1.24351E1 1.4012E1 9.9002E0 1.4012E1 1.4012E1 9.9002E0 5.2495E0 1.11776E0 4.99002E-1 1.1976E0
-9.42441E1 -9.22201E1 -9.51297E1 -9.25364E1 -8.98798E1 -9.16825E1 -8.83934E1 -8.71284E1 -8.66995E1 -1.38424E2 -1.17734E2 -1.14286E2 -1.13793E2 -1.33005E2 -8.99431E1 -1.48768E2 -1.15764E2 -1.14778E2 -1.09852E2 -9.16256E1 -8.73814E1 -1.07882E2 -1.133E2 -8.09298E1 -7.47628E1 -8.5895E1 -7.7957E1 -1.04926E2 -8.07882E1 -8.47291E1 -8.47291E1 -8.02956E1 -6.51803E1 -7.35294E1 -9.95074E1 -8.76847E1 -9.31034E1 -8.96552E1 -9.1133E1 -4.97537E1 -3.21316E1 -5.8191E0 7.58483E-1 3.01397E0 1.41717E0 1.1976E0 1.11776E0 8.78244E-1 3.99202E-1 9.98004E-2 -1.97044E1 -3.64532E1 -1.52435E1 7.58483E-1 1.63473E1 1.1976E1 5.46906E0 4.67066E0 1.63872E1 2.12774E1 9.46108E0 9.8004E0 1.88623E1 1.88623E1 1.27345E1 8.20359E0 6.98603E0 1.17764E0
-9.46553E1 -1.16749E2 -9.105E1 -9.19355E1 -8.0487E1 -1.11823E2 -8.65275E1 -1.12315E2 -1.16749E2 -1.16256E2 -1.16749E2 -1.3202E2 -1.46798E2 -1.47291E2 -1.16256E2 -1.17241E2 -1.1133E2 -1.14778E2 -8.91524E1 -1.08867E2 -8.14991E1 -8.08033E1 -1.07389E2 -1.07389E2 -8.40607E1 -7.76724E1 -9.53194E1 -6.23656E1 -8.867E1 -8.07882E1 -8.02956E1 -8.07882E1 -7.9803E1 -7.17268E1 -9.45813E1 -9.70443E1 -1.00493E2 -9.65517E1 -9.40887E1 -5.04744E1 -2.57432E1 -8.85516E-1 1.25749E0 1.11776E0 1.25749E0 1.11776E0 1.1976E-1 2.79441E-1 3.99202E-1 9.98004E-2 -7.88177E0 -3.5468E1 -3.05419E1 5.2495E0 1.24351E1 9.58084E0 9.08184E0 8.72256E0 9.8004E0 1.27545E1 6.42715E0 1.21557E1 2.44311E1 2.16168E1 1.30938E1 1.36527E1 5.66866E0 6.94611E0
-1.05911E2 -1.41872E2 -1.16256E2 -8.46616E1 -8.66995E1 -8.62113E1 -1.16749E2 -1.30542E2 -1.30542E2 -1.15764E2 -1.15764E2 -1.16749E2 -1.16749E2 -1.17241E2 -1.17241E2 -1.17241E2 -1.4335E2 -1.0936E2 -1.0936E2 -1.133E2 -7.90955E1 -7.66603E1 -8.14991E1 -1.06897E2 -1.06404E2 -7.82732E1 -9.27894E1 -1.03941E2 -7.41619E1 -8.867E1 -6.35468E1 -8.07882E1 -6.52435E1 -7.60595E1 -8.07882E1 -1.26108E2 -1.04926E2 -1.02956E2 -9.26108E1 -4.3327E1 -1.12271E1 1.11776E0 1.25749E0 1.41717E0 7.78443E-1 1.1976E-1 9.98004E-2 1.39721E-1 2.19561E-1 -6.40394E0 -8.86699E0 -3.20197E1 -2.11823E1 1.35729E0 7.50499E0 9.9002E0 4.97006E0 6.96607E0 1.35729E1 1.1497E1 1.4012E1 1.27345E1 6.96607E0 8.80239E0 1.85629E1 2.16168E1 1.0998E1 6.98603E0
-1.40394E2 -1.04926E2 -1.06897E2 -1.16749E2 -1.30049E2 -1.29557E2 -1.29557E2 -1.16256E2 -1.30049E2 -1.16749E2 -1.15764E2 -1.10837E2 -1.1133E2 -1.1133E2 -9.50348E1 -8.30803E1 -9.39911E1 -1.0936E2 -1.08374E2 -1.36453E2 -1.07389E2 -8.10563E1 -1.06404E2 -7.93169E1 -1.05911E2 -1.05419E2 -8.43137E1 -8.96552E1 -6.35468E1 -7.81784E1 -6.87856E1 -5.99937E1 -5.61986E1 -6.36306E1 -7.1537E1 -1.00985E2 -9.85222E1 -8.96552E1 -4.31689E1 -1.54965E1 2.59481E0 1.35729E0 1.13772E0 4.99002E-1 2.99401E-1 7.18563E-1 2.99401E-1 1.79641E-1 9.98004E-2 8.18363E-1 1.03792E0 -3.16256E0 -2.31527E1 1.35729E0 1.1497E1 9.68064E0 1.1497E1 1.48503E1 1.57285E1 1.4012E1 6.32735E0 9.6008E0 4.79042E0 1.25749E0 2.07585E0 1.02196E1 1.02196E1 3.01397E0
-1.03448E2 -1.03448E2 -1.05419E2 -9.29159E1 -1.16256E2 -1.22167E2 -1.16749E2 -1.16256E2 -1.30049E2 -1.30049E2 -1.15764E2 -8.74763E1 -8.23213E1 -9.38014E1 -9.51613E1 -8.80772E1 -9.24731E1 -1.08374E2 -1.07882E2 -1.48276E2 -1.12808E2 -8.83934E1 -8.32512E1 -7.85263E1 -8.6654E1 -7.91904E1 -6.05911E1 -6.00985E1 -5.32891E1 -7.76091E1 -6.98608E1 -7.00822E1 -5.59456E1 -7.23276E1 -7.93103E1 -1.2069E2 -9.65517E1 -3.6654E1 -2.81467E1 -5.24984E0 1.11776E0 1.71657E0 1.13772E0 6.58683E-1 5.98802E-1 4.59082E-1 3.39321E-1 3.59281E-1 5.98802E-2 5.98802E-2 -3.57369E0 -1.57635E1 2.33533E0 1.81637E0 1.89621E0 9.6008E0 6.94611E0 9.9002E0 8.96208E0 4.17166E0 8.20359E0 3.9521E0 9.9002E0 9.6008E0 2.33533E0 3.21357E0 4.39122E-1 -8.86699E0
-1.39409E2 -1.28079E2 -1.04433E2 -8.69386E1 -1.05911E2 -1.29064E2 -1.16256E2 -1.29064E2 -1.16256E2 -1.30049E2 -1.16256E2 -1.16256E2 -1.15764E2 -1.0936E2 -9.55665E1 -8.51676E1 -8.89943E1 -1.07882E2 -9.31034E1 -9.26108E1 -1.06897E2 -8.42365E1 -8.37438E1 -7.7198E1 -8.28906E1 -8.07717E1 -6.93548E1 -6.28083E1 -6.25616E1 -6.30542E1 -7.22644E1 -6.80582E1 -6.8754E1 -7.88177E1 -1.12808E2 -1.2266E2 -7.10942E1 -4.747E1 -3.01708E1 9.98004E-2 5.2495E0 1.17764E0 2.19561E-1 1.99601E-1 9.98004E-2 5.78842E-1 1.01796E0 1.1976E0 6.98603E-1 4.39122E-1 9.98004E-2 -6.07211E0 1.79641E-1 6.30739E0 1.4012E1 1.4012E1 8.56287E0 6.98603E0 5.66866E0 4.33134E0 1.49701E0 7.98403E-1 1.17764E0 1.1976E0 1.17764E0 -5.91133E0 5.98802E-2 5.78842E-1
-1.15764E2 -1.27586E2 -1.03448E2 -1.03941E2 -1.04433E2 -1.16749E2 -1.16749E2 -1.29064E2 -1.22167E2 -1.15764E2 -1.16256E2 -1.30049E2 -1.15764E2 -1.15764E2 -9.55665E1 -9.50739E1 -8.20367E1 -9.45813E1 -8.40923E1 -8.33966E1 -1.37438E2 -1.05911E2 -8.42365E1 -6.4358E1 -6.44529E1 -6.74889E1 -6.10837E1 -5.05693E1 -6.30542E1 -6.4532E1 -8.32512E1 -8.27586E1 -6.82479E1 -7.83251E1 -1.25123E2 -1.23153E2 -7.23276E1 -4.93042E1 -3.27324E1 -6.00886E-1 4.33134E0 1.03792E0 6.58683E-1 4.39122E-1 1.99601E-1 4.39122E-1 1.17764E0 2.33533E0 6.58683E-1 9.98004E-2 -2.94118E0 -1.06894E1 5.98802E-2 7.98403E-1 1.1497E1 1.12176E1 1.4012E1 9.9002E0 8.96208E0 3.61277E0 3.9521E0 8.18363E-1 7.98403E-1 8.18363E-1 5.2495E0 1.99601E-2 9.98004E-2 9.98004E-2
-1.16256E2 -1.28079E2 -1.16749E2 -8.66995E1 -1.03941E2 -1.16749E2 -1.16749E2 -1.28571E2 -1.21675E2 -1.22167E2 -1.29064E2 -1.29557E2 -1.29557E2 -1.29557E2 -1.29557E2 -1.21675E2 -9.45813E1 -9.45813E1 -9.45813E1 -9.45813E1 -9.40887E1 -1.36453E2 -9.28842E1 -7.67868E1 -6.86274E1 -6.8754E1 -6.10837E1 -4.82606E1 -6.05911E1 -6.30542E1 -6.10837E1 -6.05911E1 -8.02956E1 -1.11823E2 -1.20197E2 -1.11823E2 -5.25933E1 -3.17521E1 -2.70082E1 7.98403E-2 4.79042E0 1.11776E0 2.99401E-1 6.58683E-1 1.99601E-1 2.79441E-1 1.11776E0 1.35729E0 1.99601E-1 5.98802E-2 5.98802E-2 -9.58254E0 -2.11823E1 1.03792E0 6.30739E0 9.9002E0 1.24351E1 1.05788E1 1.4012E1 1.18962E1 6.98603E0 7.54491E0 2.85429E0 8.18363E-1 5.2495E0 -6.40394E0 4.99002E-1 5.98802E-2
-1.15764E2 -1.26601E2 -1.16256E2 -8.71921E1 -8.66995E1 -8.66995E1 -8.66995E1 -1.16749E2 -1.21182E2 -1.21675E2 -1.08374E2 -9.50739E1 -9.55665E1 -9.55665E1 -9.50739E1 -1.39409E2 -1.05911E2 -1.05419E2 -9.35961E1 -9.35961E1 -8.98798E1 -1.16749E2 -1.04433E2 -8.42365E1 -7.54902E1 -7.39722E1 -6.47059E1 -5.35421E1 -5.92347E1 -4.99051E1 -6.40394E1 -6.50221E1 -8.47291E1 -1.1133E2 -1.04433E2 -9.26108E1 -4.03941E1 -1.59077E1 -1.1575E1 3.05389E0 5.66866E0 1.49701E0 2.19561E-1 4.99002E-1 4.39122E-1 7.18563E-1 1.71657E0 7.18563E-1 2.39521E-1 2.19561E-1 5.98802E-2 -1.7734E1 -7.88177E0 -7.88177E0 3.01397E0 7.64471E0 1.89621E0 6.76647E0 7.64471E0 8.20359E0 8.20359E0 5.2495E0 7.54491E0 6.30739E0 8.78244E-1 4.33134E0 2.33533E0 2.07585E0
-1.07882E2 -1.15764E2 -1.26601E2 -1.16749E2 -7.78325E1 -1.16749E2 -1.27586E2 -1.15764E2 -1.07882E2 -1.16749E2 -1.17241E2 -8.62069E1 -9.50739E1 -9.45813E1 -9.45813E1 -9.35961E1 -9.35961E1 -9.31034E1 -9.31034E1 -9.26108E1 -8.42365E1 -1.13793E2 -1.16256E2 -7.99494E1 -6.90702E1 -6.65085E1 -6.15764E1 -6.07527E1 -4.88931E1 -6.39785E1 -8.12808E1 -8.07882E1 -1.133E2 -7.93103E1 -7.59646E1 -1.10837E2 -9.45813E1 -2.09045E1 -1.26502E0 2.33533E0 4.33134E0 1.49701E0 2.79441E-1 4.99002E-1 7.18563E-1 1.11776E0 3.21357E0 3.61277E0 3.99202E0 1.81637E0 1.79641E-1 5.98802E-2 5.98802E-2 -1.72414E1 -1.08374E1 3.39321E-1 1.25749E0 8.20359E0 9.6008E0 5.66866E0 1.35729E0 1.11776E0 6.30739E0 6.30739E0 5.66866E0 1.25749E0 1.17764E0 1.41717E0
-1.15764E2 -1.16256E2 -1.06897E2 -1.16749E2 -1.16749E2 -9.60591E1 -9.60591E1 -9.60591E1 -9.06072E1 -9.50739E1 -7.44149E1 -8.09298E1 -7.60911E1 -9.40887E1 -1.27094E2 -9.31034E1 -9.31034E1 -1.16256E2 -8.47291E1 -8.47291E1 -7.53695E1 -8.42365E1 -6.35468E1 -8.37438E1 -7.51423E1 -7.43201E1 -7.06199E1 -6.18596E1 -6.10837E1 -6.00985E1 -8.07882E1 -7.93103E1 -8.57143E1 -1.11823E2 -6.96078E1 -1.14286E2 -1.03448E2 -2.64073E1 -1.26502E1 6.58683E-1 6.94611E0 1.11776E0 6.38723E-1 2.19561E-1 2.19561E-1 4.61078E0 3.99202E0 3.05389E0 3.35329E0 3.01397E0 1.13772E0 8.18363E-1 6.58683E-1 1.1976E-1 5.98802E-2 1.79641E-1 4.79042E0 7.64471E0 1.35729E0 1.35729E0 1.1976E0 2.07585E0 8.78244E-1 1.89621E0 1.41717E0 1.41717E0 1.41717E0 1.41717E0
-1.24138E2 -1.15271E2 -1.15764E2 -1.16749E2 -9.65517E1 -8.34915E1 -7.97596E1 -8.39658E1 -8.90892E1 -9.55665E1 -7.82416E1 -7.82732E1 -8.58001E1 -8.57143E1 -8.57143E1 -7.37824E1 -7.42252E1 -9.26108E1 -9.21182E1 -9.16256E1 -8.44402E1 -7.32132E1 -8.44402E1 -8.23213E1 -8.463E1 -7.83251E1 -7.87476E1 -6.10837E1 -5.1012E1 -6.00985E1 -6.60658E1 -9.50739E1 -6.37571E1 -7.93103E1 -7.83251E1 -9.95074E1 -1.12808E2 -3.17521E1 -1.23972E1 1.17764E0 6.94611E0 6.18762E0 1.11776E0 9.98004E-2 2.19561E-1 2.79441E-1 1.1976E0 3.99202E0 3.35329E0 3.99202E0 1.11776E0 6.58683E-1 5.98802E-1 2.79441E-1 1.39721E-1 9.98004E-2 1.17764E0 1.17764E0 1.81637E0 1.35729E0 1.49701E0 1.35729E0 1.41717E0 -4.92611E0 7.18563E-1 1.79641E-1 6.98603E-1 5.98802E-2
-1.23645E2 -1.14286E2 -1.15764E2 -9.70443E1 -8.82037E1 -8.3112E1 -6.94181E1 -7.09045E1 -8.78874E1 -9.00696E1 -8.47249E1 -9.50739E1 -8.61796E1 -8.87097E1 -8.57143E1 -8.52217E1 -7.71031E1 -7.55218E1 -7.71031E1 -9.1133E1 -8.42365E1 -7.96331E1 -7.81151E1 -7.70715E1 -8.37438E1 -7.04934E1 -8.27586E1 -6.05911E1 -6.10837E1 -5.86207E1 -6.10837E1 -6.14485E1 -7.9803E1 -1.10345E2 -7.93103E1 -1E2 -6.5623E1 -3.59583E1 -1.05629E1 -3.16256E-1 5.66866E0 1.49701E0 1.1976E0 5.98802E-2 -7.38916E0 2.39521E-1 6.58683E-1 4.61078E0 3.99202E0 3.01397E0 2.39521E-1 1.11776E0 6.98603E-1 2.99401E-1 1.79641E-1 1.39721E-1 1.41717E0 1.63673E0 2.85429E0 1.71657E0 1.89621E0 -2.95567E0 4.59082E-1 4.59082E-1 1.11776E0 1.79641E-1 1.79641E-1 6.98603E-1
-1.13793E2 -1.13793E2 -1.14778E2 -9.65517E1 -6.65025E1 -7.35294E1 -6.60098E1 -7.78621E1 -8.66995E1 -9.45813E1 -8.02024E1 -9.09867E1 -8.97533E1 -7.90639E1 -8.52217E1 -8.52217E1 -7.29602E1 -7.63441E1 -7.78305E1 -8.42365E1 -8.42365E1 -7.81784E1 -7.19212E1 -7.62492E1 -8.09298E1 -6.80898E1 -6.50246E1 -6.00985E1 -5.85073E1 -4.37381E1 -6.84729E1 -7.93103E1 -7.9803E1 -1.10837E2 -1.01478E2 -9.90148E1 -6.87223E1 -3.55471E1 -1.04364E0 5.18962E-1 2.33533E0 1.63673E0 1.03792E0 1.1976E-1 6.58683E-1 4.59082E-1 4.39122E-1 1.41717E0 4.61078E0 5.32934E0 1.71657E0 6.38723E-1 7.18563E-1 4.39122E-1 1.79641E-1 1.1976E-1 7.98403E-1 1.81637E0 2.07585E0 1.71657E0 2.85429E0 -3.44828E0 4.39122E-1 1.03792E0 8.78244E-1 1.11776E0 2.57485E0 1.63673E0
-1.23153E2 -1.23153E2 -9.60591E1 -8.74447E1 -7.02087E1 -6.73941E1 -5.58824E1 -5.65149E1 -7.28336E1 -8.21316E1 -8.46932E1 -8.19734E1 -8.53257E1 -8.90892E1 -8.14674E1 -9.21182E1 -9.16256E1 -7.46047E1 -7.85263E1 -8.1246E1 -8.0993E1 -8.14991E1 -7.88177E1 -8.27586E1 -7.9728E1 -7.32132E1 -7.04434E1 -6.08792E1 -5.96142E1 -5.91133E1 -7.48768E1 -6.79803E1 -8.02956E1 -1.11823E2 -1.16256E2 -9.06404E1 -9.80296E1 -3.95952E1 1.99601E-2 1.49701E0 1.89621E0 1.25749E0 -2.27704E0 5.98802E-2 5.32934E0 6.18762E0 -2.95567E0 1.79641E-1 6.18762E0 6.18762E0 1.01796E0 1.89621E0 6.58683E-1 6.18762E0 2.79441E-1 3.59281E-1 5.98802E-2 4.99002E-1 4.39122E-1 2.57485E0 6.94611E0 1.1976E-1 1.25749E0 1.41717E0 1.41717E0 4.79042E0 7.64471E0 5.2495E0
-1.21675E2 -1.2266E2 -9.65517E1 -8.77609E1 -7.91904E1 -5.96458E1 -6.09741E1 -5.49652E1 -7.58064E1 -8.71921E1 -1.11823E2 -1.23645E2 -9.31034E1 -9.358E1 -9.07337E1 -8.50411E1 -7.39405E1 -7.33713E1 -7.46047E1 -7.6439E1 -7.68817E1 -6.90702E1 -7.40987E1 -9.70443E1 -9.70443E1 -9.75369E1 -9.70443E1 -8.2266E1 -6.21126E1 -5.81281E1 -5.71429E1 -6.31562E1 -6.09741E1 -1.1133E2 -1.14778E2 -9.60591E1 -9.55665E1 -3.35547E1 -6.926E0 9.38124E-1 1.11776E0 7.98403E-1 -1.21442E1 -1.57635E1 5.98802E-2 5.98802E-2 1.1976E-1 1.17764E0 6.58683E-1 3.39321E-1 -2.46305E0 5.98802E-2 6.18762E0 7.98403E-1 2.39521E-1 5.98802E-2 1.39721E-1 -7.38916E0 -2.95567E0 -1.03448E1 -4.92611E-1 9.98004E-2 2.19561E-1 1.35729E0 1.41717E0 1.63673E0 1.39721E-1 2.19561E-1
-1.20197E2 -1.21675E2 -1.2266E2 -7.48893E1 -7.8463E1 -6.36306E1 -7.18849E1 -7.04301E1 -8.66995E1 -8.17734E1 -8.2266E1 -9.40887E1 -9.40887E1 -9.31034E1 -9.21182E1 -9.16256E1 -9.1133E1 -9.06404E1 -8.42365E1 -7.59646E1 -7.7198E1 -7.28336E1 -7.38457E1 -7.19798E1 -7.83251E1 -8.0234E1 -8.14674E1 -7.73399E1 -6.94581E1 -8.12808E1 -6.10689E1 -6.36622E1 -6.57179E1 -5.61037E1 -9.75369E1 -9.50739E1 -9.06404E1 -4.75016E1 -1.41999E1 -4.01645E0 6.98603E-1 7.18563E-1 5.58882E-1 -5.50285E0 -2.24541E0 3.59281E-1 1.17764E0 4.39122E-1 1.79641E-1 9.98004E-2 1.79641E-1 6.98603E-1 6.94611E0 1.17764E0 1.1976E-1 -8.37438E0 -2.0197E1 -1.3852E1 -3.79507E0 -2.75142E0 -6.40394E0 5.98802E-2 1.1976E-1 5.98802E-2 5.98802E-2 1.39721E-1 7.58483E-1 8.56287E0
-7.18849E1 -6.92283E1 -6.09741E1 -7.50158E1 -7.35294E1 -8.71917E1 -7.85895E1 -7.62492E1 -8.66995E1 -1.02956E2 -1.02956E2 -9.45813E1 -9.45813E1 -9.31034E1 -9.26108E1 -9.17141E1 -8.49462E1 -8.47291E1 -7.96964E1 -7.19481E1 -7.28653E1 -7.22328E1 -7.19212E1 -7.51739E1 -7.83251E1 -7.85263E1 -7.67552E1 -8.39342E1 -7.68473E1 -6.79803E1 -6.26818E1 -6.93232E1 -7.62808E1 -6.80898E1 -7.01139E1 -9.80296E1 -9.50739E1 -4.49399E1 -1.42948E1 -5.4396E0 7.58483E-1 1.1976E-1 -9.29791E0 -1.12587E1 2.39521E-1 1.25749E0 7.78443E-1 4.39122E-1 1.79641E-1 5.98802E-2 -4.92611E-1 1.39721E-1 7.18563E-1 4.39122E-1 -7.38916E0 -4.03941E1 -1.65718E1 -4.82759E1 -1.28079E1 -3.5468E1 1.15768E0 3.21357E0 7.54491E0 2.33533E0 3.61277E0 6.98603E-1 5.98802E-1 7.78443E-1
-9.60591E1 -9.55665E1 -9.50739E1 -1.14778E2 -8.71921E1 -7.84314E1 -8.66995E1 -8.75395E1 -8.62069E1 -1.0197E2 -9.70443E1 -1.02463E2 -1.10345E2 -9.35961E1 -1.14778E2 -7.82416E1 -7.88425E1 -7.09045E1 -6.284E1 -7.78937E1 -7.28969E1 -8.37438E1 -7.40038E1 -7.34978E1 -7.39722E1 -8.17734E1 -8.17734E1 -8.17734E1 -6.84693E1 -6.30542E1 -6.69951E1 -8.23529E1 -8.19418E1 -6.89437E1 -6.40394E1 -6.91651E1 -9.35961E1 -8.57143E1 -2.31499E1 -9.80392E0 -1.74573E1 -5.17241E1 -3.59606E1 -5.46798E1 -1.56546E1 -1.26186E1 -1.38836E1 -1.07527E1 -1.57635E1 -9.85222E0 -7.88177E0 5.98802E-2 -1.96078E0 -2.90955E0 -2.41379E1 -1.33144E1 -8.5389E0 8.18363E-1 1.49701E0 1.25749E0 1.41717E0 1.1976E0 1.89621E0 1.81637E0 1.89621E0 2.07585E0 2.57485E0 3.61277E0
-1.14286E2 -8.52217E1 -9.26108E1 -8.62069E1 -8.81773E1 -8.62069E1 -1.14778E2 -8.62069E1 -8.62069E1 -9.01645E1 -9.65517E1 -8.62069E1 -9.40887E1 -9.31034E1 -8.57143E1 -6.49273E1 -7.09045E1 -6.84377E1 -6.61923E1 -6.79949E1 -7.36559E1 -6.73941E1 -7.30867E1 -9.40887E1 -8.2266E1 -7.85895E1 -1.1133E2 -8.12808E1 -6.30542E1 -6.35468E1 -6.25616E1 -7.40354E1 -7.54586E1 -7.38916E1 -6.40394E1 -6.15764E1 -8.96552E1 -7.83251E1 -2.69766E1 -4.92611E1 -5.3202E1 -7.9803E1 -7.73399E1 -6.94581E1 -3.89163E1 -2.85262E1 -5.5665E1 -7.43842E1 -7.73399E1 -3.82353E1 -3.70335E1 -2.19798E1 -2.39722E1 -1.35041E1 -4.28571E1 -6.70462E0 2.67465E0 6.98603E0 7.54491E0 8.20359E0 2.19561E0 1.1976E0 4.99002E-1 1.11776E0 1.63673E0 1.11776E0 1.11776E0 -4.92611E0
-8.71921E1 -8.66995E1 -7.73399E1 -8.62069E1 -7.48768E1 -8.57143E1 -1.14286E2 -1.0936E2 -8.62069E1 -8.87097E1 -9.60591E1 -8.76977E1 -1.14778E2 -1.14778E2 -1.14778E2 -1.08374E2 -7.21695E1 -6.41683E1 -6.3852E1 -7.05882E1 -7.54586E1 -7.03352E1 -8.32512E1 -9.35961E1 -9.31034E1 -6.48324E1 -8.12808E1 -8.07882E1 -6.79803E1 -6.30542E1 -6.25616E1 -6.74573E1 -7.19212E1 -7.29064E1 -6.46426E1 -7.43842E1 -8.52217E1 -7.0936E1 -7.93103E1 -8.52217E1 -7.68473E1 -5.71429E1 -8.42365E1 -8.62069E1 -6.89655E1 -6.4532E1 -8.47291E1 -8.867E1 -7.14286E1 -4.13793E1 -4.39595E1 -4.28571E1 -4.13793E1 -1.33144E1 -6.32511E-1 2.19561E0 1.42914E1 1.67665E1 2.16168E1 1.02196E1 1.81637E0 1.99601E-1 3.59281E-1 7.18563E-1 4.99002E-1 4.39122E-1 4.39122E-1 8.18363E-1
-1.133E2 -9.35961E1 -1.09852E2 -8.47291E1 -1.13793E2 -8.62069E1 -8.63061E1 -8.47291E1 -1.08867E2 -9.95074E1 -8.66224E1 -8.60848E1 -8.8425E1 -8.57685E1 -7.60911E1 -7.79886E1 -7.72296E1 -6.71727E1 -8.27586E1 -7.54902E1 -6.91651E1 -7.16635E1 -8.32512E1 -8.27586E1 -8.07882E1 -8.02956E1 -8.12808E1 -8.02956E1 -7.68473E1 -6.79803E1 -6.25616E1 -6.65025E1 -7.19212E1 -7.14286E1 -6.99507E1 -5.75269E1 -5.40797E1 -8.47291E1 -5.3202E1 -7.58621E1 -4.58128E1 -3.59606E1 -4.38424E1 -4.58128E1 -5.91133E1 -3.69458E1 -6.50246E1 -5.22167E1 -4.28571E1 -1.49589E1 -2.11891E0 6.38723E-1 1.11776E0 1.49701E0 4.79042E0 2.44311E1 1.67665E1 2.33533E0 2.33533E0 1.81637E0 4.39122E-1 4.39122E-1 8.18363E-1 3.99202E-1 5.98802E-2 5.98802E-2 2.99401E-1 2.99401E-1
-1.0936E2 -8.70651E1 -8.88362E1 -1.08374E2 -1.05911E2 -1.17241E2 -1.17241E2 -1.06897E2 -1.12315E2 -1.07882E2 -8.58001E1 -8.70968E1 -8.57685E1 -1.07882E2 -1.19212E2 -1.19212E2 -9.21182E1 -8.47291E1 -8.69386E1 -7.27704E1 -7.3308E1 -8.32512E1 -1.12808E2 -8.12808E1 -8.27586E1 -7.04434E1 -8.12808E1 -8.12808E1 -8.91626E1 -6.74877E1 -6.74877E1 -7.19212E1 -7.29064E1 -6.89655E1 -6.69951E1 -5.64832E1 -4.91461E1 -5.07389E1 -4.24099E1 -5.66502E1 -3.26692E1 -3.31436E1 -7.88177E1 -1.97027E1 -5.17241E1 -2.19798E1 -2.29918E1 -1.60342E1 7.58483E-1 8.78244E-1 1.89621E0 2.07585E0 1.18962E1 1.18962E1 1.57285E1 3.61277E0 4.33134E0 1.49701E0 1.39721E-1 4.59082E-1 -1.37931E1 5.98802E-2 3.99202E-1 3.59281E-1 3.99202E-2 2.39521E-1 1.17764E0 1.13772E0
-8.70019E1 -8.70968E1 -8.57143E1 -8.52217E1 -1.04433E2 -1.05419E2 -1.16256E2 -1.16749E2 -1.06404E2 -1.05911E2 -1.07389E2 -1.06404E2 -1.17241E2 -1.06897E2 -1.06404E2 -1.13793E2 -8.47291E1 -8.47291E1 -7.62176E1 -7.89374E1 -7.17268E1 -8.17734E1 -8.12808E1 -8.07882E1 -5.96059E1 -7.04434E1 -8.17734E1 -8.12808E1 -8.02956E1 -6.69951E1 -7.19212E1 -4.77833E1 -5.19924E1 -5.06641E1 -6.99507E1 -4.50664E1 -4.19039E1 -3.20367E1 -2.80788E1 -1.24605E1 -1.07211E1 -1.47691E1 -2.61084E1 -1.22075E1 -8.85515E0 -1.14168E1 -1.13536E1 2.19561E-1 1.03792E0 1.63673E0 1.17764E0 4.33134E0 3.9521E0 2.07585E0 2.57485E0 4.33134E0 1.01796E0 3.39321E-1 -1.72414E1 -2.11823E1 -2.11823E1 -2.21675E1 -8.37438E0 9.98004E-2 5.98802E-2 9.98004E-2 1.79641E-1 1.99601E-1
