ENM/Final_Models/M_2_F_lq_Set_1_NE/Gustavia_santanderiensis_4_Choco_novel.asc
ncols         367
nrows         963
xllcorner     -78.6
yllcorner     0.65
cellsize      0.00833333333333323
NODATA_value  -9999
[rows 330 to 359 of 963, columns 136 to 203 of 367]
-9999 -9999 -9999 -9999 -9999 -9999 -9999 -9999 -9999 -9999 -9999 -9999 -9999 -9999 -9999 -9999 -9999 -9999 -9999 -2.13156E1 -2.87476E1 -4.97786E1 -5.39216E1 -5.94877E1 -6.25553E1 -4.62049E1 -4.67742E1 -4.72169E1 -4.27261E1 -4.04175E1 -4.55408E1 -5.253E1 -5.28779E1 -5.2277E1 -5.61354E1 -5.41746E1 -5.47122E1 -5.91398E1 -5.96142E1 -4.96205E1 -5.63884E1 -5.93295E1 -6.09741E1 -6.26186E1 -6.45794E1 -6.04048E1 -6.73941E1 -6.27767E1 -6.29665E1 -6.66667E1 -5.69576E1 -5.16129E1 -6.43896E1 -7.38916E1 -5.67046E1 -5.11701E1 -4.49083E1 -4.98419E1 -8.42365E1 -8.37438E1 -8.57143E1 -1.0936E2 -1.10345E2 -1.10837E2 -1.09852E2 -1.133E2 -1.14286E2 -1.04433E2
-9999 -9999 -9999 -9999 -9999 -9999 -9999 -9999 -9999 -9999 -9999 -9999 -9999 -9999 -9999 -9999 -9999 -9999 -9999 -2.13789E1 -2.60911E1 -4.4592E1 -5.58507E1 -5.70525E1 -6.15433E1 -5.10753E1 -4.95889E1 -4.24099E1 -3.05187E1 -3.55471E1 -3.70968E1 -3.83618E1 -4.00696E1 -4.66477E1 -5.41429E1 -5.14231E1 -5.63251E1 -5.40481E1 -5.30044E1 -5.42062E1 -6.20177E1 -6.34409E1 -6.27451E1 -6.73308E1 -6.82479E1 -6.73624E1 -6.82479E1 -6.28083E1 -6.50221E1 -6.4864E1 -6.53068E1 -5.55028E1 -5.41746E1 -5.86207E1 -6.79803E1 -4.06072E1 -4.92611E1 -4.32638E1 -4.84187E1 -1.03448E2 -8.12808E1 -1.19704E2 -1.2069E2 -1.21182E2 -1.2069E2 -1.21182E2 -1.14778E2 -1.21675E2
-9999 -9999 -9999 -9999 -9999 -9999 -9999 -9999 -9999 -9999 -9999 -9999 -9999 -9999 -9999 -9999 -9999 -9999 -9999 -2.26123E1 -3.16256E1 -4.34535E1 -5.89817E1 -5.60721E1 -5.39532E1 -4.95889E1 -5.19924E1 -4.14295E1 -3.90259E1 -3.12144E1 -4.14927E1 -4.5604E1 -3.68754E1 -4.25047E1 -4.04807E1 -4.83238E1 -6.32827E1 -5.42695E1 -5.27831E1 -5.5661E1 -5.38583E1 -6.4611E1 -6.19861E1 -6.89437E1 -6.27767E1 -6.4105E1 -7.29918E1 -6.31562E1 -6.34725E1 -6.99241E1 -5.67995E1 -5.98039E1 -5.44908E1 -4.46553E1 -3.21632E1 -4.08918E1 -4.68058E1 -4.25364E1 -5.66502E1 -1.05419E2 -8.76847E1 -1.10837E2 -1.1133E2 -1.10837E2 -1.10837E2 -1.11823E2 -1.12315E2 -1.15271E2
-9999 -9999 -9999 -9999 -9999 -9999 -9999 -9999 -9999 -9999 -9999 -9999 -9999 -9999 -9999 -9999 -9999 -9999 -9999 -2.23276E1 -2.4067E1 -4.74067E1 -5.95825E1 -6.19228E1 -5.29728E1 -5.12966E1 -5.36053E1 -5.19924E1 -5.58824E1 -3.56736E1 -4.75016E1 -5.33523E1 -4.63631E1 -4.83871E1 -4.30424E1 -4.76281E1 -4.70272E1 -5.56926E1 -5.82543E1 -5.13915E1 -5.62935E1 -5.90765E1 -5.9456E1 -6.40417E1 -6.67615E1 -6.37571E1 -6.69197E1 -6.2334E1 -6.10373E1 -6.11638E1 -6.07211E1 -5.79696E1 -5.19608E1 -4.78495E1 -4.19987E1 -4.71537E1 -5.12334E1 -5.10436E1 -5.63884E1 -6.67932E1 -6.63188E1 -1.1133E2 -9.06404E1 -9.01478E1 -1.11823E2 -9.01478E1 -1.12808E2 -1.12315E2
-9999 -9999 -9999 -9999 -9999 -9999 -9999 -9999 -9999 -9999 -9999 -9999 -9999 -9999 -9999 -9999 -9999 -9999 -9999 -9999 -1.48324E1 -3.27324E1 -5.0759E1 -5.35104E1 -5.80645E1 -6.1828E1 -5.65781E1 -4.99684E1 -4.69323E1 -4.48767E1 -4.9747E1 -5.18343E1 -4.38646E1 -4.39911E1 -4.92726E1 -4.23466E1 -5.54712E1 -5.53447E1 -5.27831E1 -5.31309E1 -5.35737E1 -5.70841E1 -5.92979E1 -7.12207E1 -6.36306E1 -6.70778E1 -5.91714E1 -6.85642E1 -6.15117E1 -6.59393E1 -6.38836E1 -5.78431E1 -5.67046E1 -6.47059E1 -6.3852E1 -9.16256E1 -1.01478E2 -6.13536E1 -9.90148E1 -1E2 -8.62069E1 -1.21675E2 -1.22167E2 -1.15764E2 -1.22167E2 -1.22167E2 -1.133E2 -1.13793E2
-9999 -9999 -9999 -9999 -9999 -9999 -9999 -9999 -9999 -9999 -9999 -9999 -9999 -9999 -9999 -9999 -9999 -9999 -9999 -9999 -1.42315E1 -2.10942E1 -3.92157E1 -5.19924E1 -6.83428E1 -6.90386E1 -5.77166E1 -5.62302E1 -6.19228E1 -4.77862E1 -5.00316E1 -4.8229E1 -4.63631E1 -4.90512E1 -5.04111E1 -4.86717E1 -5.70209E1 -5.58191E1 -5.6167E1 -5.52815E1 -5.74636E1 -5.69576E1 -6.5876E1 -6.6888E1 -6.48324E1 -6.29665E1 -6.19861E1 -6.38204E1 -6.26186E1 -6.48008E1 -5.99304E1 -6.45161E1 -5.95193E1 -6.51486E1 -9.50739E1 -9.70443E1 -9.80296E1 -6.64769E1 -6.75838E1 -1.00493E2 -1.11823E2 -1.21675E2 -1.21675E2 -1.05911E2 -1.05911E2 -1.2266E2 -1.133E2 -1.14286E2
-9999 -9999 -9999 -9999 -9999 -9999 -9999 -9999 -9999 -9999 -9999 -9999 -9999 -9999 -9999 -9999 -9999 -9999 -9999 -9999 -1.76154E1 -2.00506E1 -3.46932E1 -4.80076E1 -6.24921E1 -7.0019E1 -5.77483E1 -5.81278E1 -5.79696E1 -5.8191E1 -5.71474E1 -5.50601E1 -5.2024E1 -5.25933E1 -5.38899E1 -5.24668E1 -5.12018E1 -6.16066E1 -6.00886E1 -6.10373E1 -6.33776E1 -5.95509E1 -6.47059E1 -6.75838E1 -6.11954E1 -6.26186E1 -5.87287E1 -5.99937E1 -6.79949E1 -6.47375E1 -5.97723E1 -6.66983E1 -5.74004E1 -5.66502E1 -3.44086E1 -3.68438E1 -9.75369E1 -9.90148E1 -7.3814E1 -1.00493E2 -1.11823E2 -1.21675E2 -1.21675E2 -1.06404E2 -1.06404E2 -1.06404E2 -1.14286E2 -1.23153E2
-9999 -9999 -9999 -9999 -9999 -9999 -9999 -9999 -9999 -9999 -9999 -9999 -9999 -9999 -9999 -9999 -9999 -9999 -9999 -9999 -9999 -1.06262E1 -2.38773E1 -9999 -9999 -9999 -9999 -6.1828E1 -5.89817E1 -6.35041E1 -5.79064E1 -5.58824E1 -5.11385E1 -5.35421E1 -5E1 -5.09804E1 -5.73371E1 -6.15117E1 -5.91082E1 -6.31562E1 -5.96774E1 -6.18596E1 -6.17963E1 -6.43896E1 -6.05946E1 -6.13852E1 -5.92347E1 -5.79696E1 -6.26502E1 -6.4864E1 -6.12587E1 -6.62872E1 -5.60405E1 -9.06404E1 -3.05503E1 -2.821E1 -5.51724E1 -9.95074E1 -6.23972E1 -9.95074E1 -1.1133E2 -1.21182E2 -1.21675E2 -1.2266E2 -1.23153E2 -1.15271E2 -1.14778E2 -1.15271E2
-9999 -9999 -9999 -9999 -9999 -9999 -9999 -9999 -9999 -9999 -9999 -9999 -9999 -9999 -9999 -9999 -9999 -9999 -9999 -9999 -9999 3.99321E-2 -9999 -9999 -9999 -9999 -9999 -9999 -5.58824E1 -5.9962E1 -5.642E1 -5.72106E1 -5.25933E1 -5.11069E1 -5.38267E1 -5.87603E1 -5.67362E1 -5.52182E1 -5.68944E1 -6.14485E1 -6.55914E1 -6.1575E1 -6.17331E1 -5.98355E1 -5.50601E1 -6.04997E1 -6.12271E1 -6.38204E1 -6.76787E1 -6.6888E1 -6.01202E1 -6.3599E1 -6.20493E1 -6.03099E1 -5.51724E1 -3.3365E1 -3.82669E1 -6.30542E1 -5.42695E1 -8.02956E1 -6.60025E1 -8.2266E1 -1.2266E2 -1.23153E2 -1.2266E2 -1.15271E2 -1.24138E2 -1.16256E2
-9999 -9999 -9999 -9999 -9999 -9999 -9999 -9999 -9999 -9999 -9999 -9999 -9999 -9999 -9999 -9999 -9999 -9999 -9999 -9999 -9999 -9999 -9999 -9999 -9999 -9999 -9999 -9999 -9999 -5.11069E1 -5.27514E1 -5.48387E1 -5.75901E1 -6.04364E1 -5.86338E1 -5.895E1 -6.33144E1 -5.98355E1 -6.12271E1 -6.17963E1 -6.45794E1 -6.72676E1 -5.71157E1 -6.3093E1 -6.27135E1 -5.9456E1 -5.91082E1 -6.58444E1 -6.34725E1 -6.2081E1 -5.47122E1 -6.65085E1 -6.32195E1 -5.93928E1 -9.45813E1 -8.76847E1 -4.59203E1 -4.25364E1 -4.07021E1 -4.51613E1 -6.24288E1 -1.22167E2 -1.15271E2 -1.23153E2 -1.15271E2 -1.24138E2 -1.24138E2 -1.16749E2
-9999 -9999 -9999 -9999 -9999 -9999 -9999 -9999 -9999 -9999 -9999 -9999 -9999 -9999 -9999 -9999 -9999 -9999 -9999 -9999 -9999 -9999 -9999 -9999 -9999 -9999 -9999 -9999 -9999 -5.52815E1 -5.82859E1 -5.51866E1 -5.51866E1 -6.07211E1 -5.9709E1 -6.04048E1 -5.89184E1 -6.30297E1 -6.52435E1 -6.08159E1 -6.41366E1 -6.53384E1 -6.43264E1 -6.36622E1 -5.50601E1 -5.70525E1 -5.95193E1 -5.59456E1 -6.49905E1 -6.79633E1 -6.19861E1 -5.9203E1 -6.87223E1 -6.43264E1 -1.00985E2 -1.04926E2 -4.44655E1 -2.94434E1 -4.55092E1 -5.46798E1 -7.38916E1 -1.08867E2 -1.14286E2 -1.14778E2 -1.14778E2 -1.16256E2 -1.16749E2 -1.17241E2
-9999 -9999 -9999 -9999 -9999 -9999 -9999 -9999 -9999 -9999 -9999 -9999 -9999 -9999 -9999 -9999 -9999 -9999 -9999 -9999 -9999 -9999 -9999 -9999 -9999 -9999 -9999 -9999 -9999 -9999 -9999 -6.22075E1 -5.6673E1 -6.18912E1 -6.11954E1 -5.87919E1 -5.4902E1 -6.23656E1 -6.05946E1 -6.24605E1 -6.79949E1 -6.53384E1 -6.57495E1 -5.93928E1 -5.44592E1 -6.10057E1 -6.4611E1 -6.12903E1 -6.30297E1 -5.85705E1 -5.70209E1 -6.1575E1 -6.9513E1 -6.37887E1 -1.02956E2 -7.58621E1 -4.3074E1 -3.05819E1 -3.40607E1 -5.86207E1 -6.30542E1 -7.36243E1 -1.15271E2 -9.45813E1 -1.16256E2 -1.16256E2 -1.18227E2 -9.90148E1
-9999 -9999 -9999 -9999 -9999 -9999 -9999 -9999 -9999 -9999 -9999 -9999 -9999 -9999 -9999 -9999 -9999 -9999 -9999 -9999 -9999 -9999 -9999 -9999 -9999 -9999 -9999 -9999 -9999 -9999 -9999 -6.22391E1 -6.10057E1 -5.86338E1 -6.00569E1 -6.06578E1 -6.11954E1 -6.97343E1 -6.30614E1 -6.38836E1 -6.66034E1 -6.87856E1 -6.74573E1 -6.24921E1 -6.00253E1 -6.17647E1 -6.26186E1 -6.25237E1 -6.17647E1 -6.03416E1 -5.68311E1 -5.87287E1 -6.88805E1 -6.16066E1 -1E2 -5.71429E1 -3.59606E1 -3.59606E1 -4.33586E1 -4.82606E1 -5.71429E1 -7.2043E1 -7.93801E1 -7.98545E1 -1.16749E2 -8.02973E1 -8.18153E1 -9.75369E1
-9999 -9999 -9999 -9999 -9999 -9999 -9999 -9999 -9999 -9999 -9999 -9999 -9999 -9999 -9999 -9999 -9999 -9999 -9999 -9999 -9999 -9999 -9999 -9999 -9999 -9999 -9999 -9999 -9999 -9999 -9999 -9999 -5.78431E1 -5.55661E1 -5.50601E1 -5.64516E1 -6.23656E1 -7.14105E1 -6.87223E1 -6.50221E1 -6.36622E1 -6.94497E1 -6.31562E1 -6.33776E1 -6.54016E1 -6.65718E1 -6.537E1 -6.43264E1 -6.37571E1 -6.09741E1 -5.62619E1 -5.77799E1 -6.81847E1 -6.56863E1 -6.67932E1 -5.76355E1 -4.48767E1 -5.51724E1 -6.19545E1 -6.24605E1 -7.7957E1 -8.18469E1 -1.16749E2 -7.43201E1 -1.17241E2 -1.17734E2 -1.25616E2 -1.18719E2
-9999 -9999 -9999 -9999 -9999 -9999 -9999 -9999 -9999 -9999 -9999 -9999 -9999 -9999 -9999 -9999 -9999 -9999 -9999 -9999 -9999 -9999 -9999 -9999 -9999 -9999 -9999 -9999 -9999 -9999 -9999 -9999 -5.60089E1 -5.37002E1 -5.18975E1 -5.43643E1 -6.99557E1 -6.72043E1 -6.75838E1 -6.87856E1 -6.54333E1 -6.81847E1 -6.84377E1 -7.09677E1 -5.99304E1 -5.84756E1 -6.05313E1 -6.18596E1 -5.92347E1 -6.22391E1 -5.895E1 -6.14485E1 -6.90386E1 -6.74257E1 -5.65149E1 -5.2277E1 -6.15764E1 -9.21182E1 -7.75459E1 -7.85895E1 -9.50739E1 -8.70651E1 -8.1246E1 -1.16749E2 -1.15764E2 -9.65517E1 -9.75369E1 -1.19212E2
-9999 -9999 -9999 -9999 -9999 -9999 -9999 -9999 -9999 -9999 -9999 -9999 -9999 -9999 -9999 -9999 -9999 -9999 -9999 -9999 -9999 -9999 -9999 -9999 -9999 -9999 -9999 -9999 -9999 -9999 -9999 -9999 -5.88868E1 -5.28147E1 -5.41429E1 -5.7179E1 -6.26818E1 -6.14168E1 -6.4611E1 -6.72359E1 -6.71727E1 -6.74573E1 -7.25806E1 -7.47944E1 -7.08729E1 -7.07464E1 -6.61607E1 -6.54965E1 -6.54016E1 -6.29032E1 -6.03099E1 -6.66983E1 -7.04301E1 -6.58128E1 -5.60721E1 -6.23656E1 -7.19212E1 -5.88552E1 -5.81278E1 -6.27135E1 -7.58697E1 -1.07882E2 -9.65517E1 -1.18227E2 -1.18227E2 -9.75369E1 -9.80296E1 -9.90148E1
-9999 -9999 -9999 -9999 -9999 -9999 -9999 -9999 -9999 -9999 -9999 -9999 -9999 -9999 -9999 -9999 -9999 -9999 -9999 -9999 -9999 -9999 -9999 -9999 -9999 -9999 -9999 -9999 -9999 -9999 -9999 -9999 -6.35041E1 -6.42947E1 -6.38204E1 -6.49589E1 -6.76787E1 -7.1031E1 -7.06515E1 -7.34029E1 -7.79254E1 -7.20746E1 -6.9513E1 -7.43517E1 -7.26439E1 -7.18849E1 -6.85642E1 -6.52435E1 -5.7432E1 -6.10057E1 -5.88235E1 -6.11954E1 -7.36875E1 -6.93548E1 -1.01478E2 -9.75369E1 -9.26108E1 -5.49968E1 -5.85073E1 -8.96552E1 -1.06897E2 -7.22011E1 -9.65517E1 -1.19212E2 -1.19212E2 -1.19704E2 -1.20197E2 -1.21182E2
-9999 -9999 -9999 -9999 -9999 -9999 -9999 -9999 -9999 -9999 -9999 -9999 -9999 -9999 -9999 -9999 -9999 -9999 -9999 -9999 -9999 -9999 -9999 -9999 -9999 -9999 -9999 -9999 -9999 -9999 -9999 -9999 -7.10626E1 -6.12271E1 -6.27451E1 -6.93548E1 -1.03448E2 -6.74889E1 -7.32132E1 -6.48956E1 -6.94497E1 -7.24541E1 -6.96395E1 -6.87223E1 -6.87223E1 -7.0272E1 -6.93232E1 -6.65085E1 -6.04048E1 -6.46743E1 -5.29412E1 -5.93612E1 -6.29665E1 -6.44212E1 -1.03941E2 -1.11823E2 -8.37438E1 -5.41429E1 -8.07882E1 -9.80296E1 -1.07882E2 -7.26123E1 -7.96648E1 -1.17734E2 -1.18719E2 -1.26108E2 -1.18719E2 -1.26601E2
-9999 -9999 -9999 -9999 -9999 -9999 -9999 -9999 -9999 -9999 -9999 -9999 -9999 -9999 -9999 -9999 -9999 -9999 -9999 -9999 -9999 -9999 -9999 -9999 -9999 -9999 -9999 -9999 -9999 -9999 -9999 -9999 -6.86274E1 -6.44529E1 -5.52182E1 -6.11006E1 -7.05566E1 -6.86274E1 -7.0272E1 -6.66667E1 -7.16635E1 -7.37508E1 -6.6129E1 -7.36559E1 -7.4067E1 -7.37508E1 -7.0272E1 -7.16319E1 -6.39152E1 -6.24921E1 -6.35357E1 -6.50538E1 -6.67932E1 -7.45098E1 -7.33397E1 -1.02463E2 -9.60591E1 -8.52217E1 -1.14778E2 -7.3561E1 -1.02956E2 -7.61227E1 -7.75142E1 -8.7413E1 -8.65908E1 -1.17734E2 -1.26601E2 -1.1133E2
-9999 -9999 -9999 -9999 -9999 -9999 -9999 -9999 -9999 -9999 -9999 -9999 -9999 -9999 -9999 -9999 -9999 -9999 -9999 -9999 -9999 -9999 -9999 -9999 -9999 -9999 -9999 -9999 -9999 -9999 -9999 -9999 -6.54333E1 -6.49905E1 -6.38204E1 -6.31246E1 -6.69829E1 -7.21379E1 -7.32764E1 -6.72992E1 -6.72043E1 -7.01771E1 -7.53953E1 -7.7704E1 -8.6401E1 -7.91271E1 -7.46047E1 -7.43517E1 -7.08412E1 -6.76471E1 -6.80582E1 -6.68248E1 -7.4067E1 -7.68185E1 -8.12808E1 -1.14286E2 -9.80296E1 -8.66995E1 -1.16749E2 -7.37824E1 -1.13793E2 -9.80296E1 -7.86527E1 -8.92157E1 -8.71921E1 -8.66995E1 -1.20197E2 -1.2069E2
-9999 -9999 -9999 -9999 -9999 -9999 -9999 -9999 -9999 -9999 -9999 -9999 -9999 -9999 -9999 -9999 -9999 -9999 -9999 -9999 -9999 -9999 -9999 -9999 -9999 -9999 -9999 -9999 -9999 -9999 -9999 -9999 -7.44466E1 -7.0778E1 -6.78052E1 -6.70462E1 -6.88488E1 -6.60025E1 -7.34029E1 -6.5623E1 -6.49589E1 -7.42568E1 -7.90323E1 -8.074E1 -7.3814E1 -6.88488E1 -7.49209E1 -7.94434E1 -7.25806E1 -7.46047E1 -7.30867E1 -7.03352E1 -7.25806E1 -8.57143E1 -8.2266E1 -1.05911E2 -1.06897E2 -9.40887E1 -9.31034E1 -1.08867E2 -1.0936E2 -7.09994E1 -7.70398E1 -7.79254E1 -1.04926E2 -8.91841E1 -1.18719E2 -1.20197E2
-9999 -9999 -9999 -9999 -9999 -9999 -9999 -9999 -9999 -9999 -9999 -9999 -9999 -9999 -9999 -9999 -9999 -9999 -9999 -9999 -9999 -9999 -9999 -9999 -9999 -9999 -9999 -9999 -9999 -9999 -9999 -9999 -6.66034E1 -6.82163E1 -7.38457E1 -7.29285E1 -6.54965E1 -7.04301E1 -7.01455E1 -7.19798E1 -6.40101E1 -6.79633E1 -7.78937E1 -7.48893E1 -5.53763E1 -5.86654E1 -6.53384E1 -7.68185E1 -8.21948E1 -7.27388E1 -7.08096E1 -6.1575E1 -6.45794E1 -6.66983E1 -6.40417E1 -1.16256E2 -1.06404E2 -1.14286E2 -6.04997E1 -5.49336E1 -5.66414E1 -6.926E1 -8.42365E1 -9.75369E1 -9.95074E1 -1.05419E2 -1.17734E2 -1.19212E2
-9999 -9999 -9999 -9999 -9999 -9999 -9999 -9999 -9999 -9999 -9999 -9999 -9999 -9999 -9999 -9999 -9999 -9999 -9999 -9999 -9999 -9999 -9999 -9999 -9999 -9999 -9999 -9999 -9999 -9999 -9999 -9999 -3.98166E1 -5.91082E1 -6.73624E1 -6.84693E1 -7.85579E1 -7.29602E1 -7.74826E1 -7.18849E1 -6.78684E1 -7.05566E1 -7.39405E1 -6.21126E1 -5.91133E1 -5.45225E1 -6.09741E1 -6.56546E1 -7.40987E1 -7.58064E1 -6.87223E1 -6.13219E1 -5.87287E1 -6.4532E1 -6.4532E1 -8.2266E1 -1.0197E2 -1.15271E2 -1.00985E2 -1.03448E2 -6.58128E1 -7.64073E1 -8.19102E1 -8.25111E1 -1E2 -8.57053E1 -8.10247E1 -1.01478E2
-9999 -9999 -9999 -9999 -9999 -9999 -9999 -9999 -9999 -9999 -9999 -9999 -9999 -9999 -9999 -9999 -9999 -9999 -9999 -9999 -9999 -9999 -9999 -9999 -9999 -9999 -9999 -9999 -9999 -9999 -9999 -6.78052E1 -6.56546E1 -6.22391E1 -6.83428E1 -6.89121E1 -7.15054E1 -7.31815E1 -7.20114E1 -6.47375E1 -6.04364E1 -5.74953E1 -7.43201E1 -6.75522E1 -6.19545E1 -5.77166E1 -5.55028E1 -6.40417E1 -6.90386E1 -6.66667E1 -6.5117E1 -6.85009E1 -5.7432E1 -6.3346E1 -6.19545E1 -6.11638E1 -5.96059E1 -7.0525E1 -7.48893E1 -1.14286E2 -8.01392E1 -7.41936E1 -8.62069E1 -1.01478E2 -8.81773E1 -8.86464E1 -9.35484E1 -9.02593E1
-9999 -9999 -9999 -9999 -9999 -9999 -9999 -9999 -9999 -9999 -9999 -9999 -9999 -9999 -9999 -9999 -9999 -9999 -9999 -9999 -9999 -9999 -9999 -9999 -9999 -9999 -9999 -9999 -9999 -9999 -9999 -7.21695E1 -7.42568E1 -6.45478E1 -6.72043E1 -6.60025E1 -6.63188E1 -6.83112E1 -7.25174E1 -6.45161E1 -6.57812E1 -6.5876E1 -6.80266E1 -5.81278E1 -5.04744E1 -5.69576E1 -5.65465E1 -6.23972E1 -6.63188E1 -7.75142E1 -6.88805E1 -6.86907E1 -6.01518E1 -6.02467E1 -5.89817E1 -6.09108E1 -6.45478E1 -1.11823E2 -1.22167E2 -8.27957E1 -7.52688E1 -8.24794E1 -1.21675E2 -1.21675E2 -1.05911E2 -8.51992E1 -1.21675E2 -1.21182E2
-9999 -9999 -9999 -9999 -9999 -9999 -9999 -9999 -9999 -9999 -9999 -9999 -9999 -9999 -9999 -9999 -9999 -9999 -9999 -9999 -9999 -9999 -9999 -9999 -9999 -9999 -9999 -9999 -9999 -9999 -9999 -6.76471E1 -6.45794E1 -6.52119E1 -6.2069E1 -6.37571E1 -5.79064E1 -6.64769E1 -7.32448E1 -5.87603E1 -6.03099E1 -7.21695E1 -7.39405E1 -5.75585E1 -4.96205E1 -5.47755E1 -5.36946E1 -7.17268E1 -7.28653E1 -8.14042E1 -8.02024E1 -6.50854E1 -6.20493E1 -6.59077E1 -6.13536E1 -6.11638E1 -5.62302E1 -1.12315E2 -1.19704E2 -1.21182E2 -8.08665E1 -8.51676E1 -7.83049E1 -9.90148E1 -1.04926E2 -7.80519E1 -8.62745E1 -8.25427E1
-9999 -9999 -9999 -9999 -9999 -9999 -9999 -9999 -9999 -9999 -9999 -9999 -9999 -9999 -9999 -9999 -9999 -9999 -9999 -9999 -9999 -9999 -9999 -9999 -9999 -9999 -9999 -9999 -9999 -9999 -6.17963E1 -6.57179E1 -5.7938E1 -5.70841E1 -5.90765E1 -5.98355E1 -5.7179E1 -6.40417E1 -6.98925E1 -6.1828E1 -6.85642E1 -6.72676E1 -6.13852E1 -5.46173E1 -5.24035E1 -5.0759E1 -5.52815E1 -1.08867E2 -8.08349E1 -8.70335E1 -7.92536E1 -7.56483E1 -6.74257E1 -7.24541E1 -6.44845E1 -6.6382E1 -6.48324E1 -1.10837E2 -1.24631E2 -1.23153E2 -9.06404E1 -7.8463E1 -7.98545E1 -8.81773E1 -1.05911E2 -1.06897E2 -8.24162E1 -1.07882E2
-9999 -9999 -9999 -9999 -9999 -9999 -9999 -9999 -9999 -9999 -9999 -9999 -9999 -9999 -9999 -9999 -9999 -9999 -9999 -9999 -9999 -9999 -9999 -9999 -9999 -9999 -9999 -9999 -9999 -9999 -5.85073E1 -5.55345E1 -5.86207E1 -5.37634E1 -5.9456E1 -6.27767E1 -5.895E1 -6.02783E1 -5.87287E1 -5.09804E1 -5.97723E1 -5.87919E1 -5.04111E1 -4.41176E1 -3.63378E1 -4.28571E1 -5.35104E1 -9.50739E1 -6.83744E1 -7.82416E1 -7.94118E1 -7.25174E1 -6.93865E1 -6.37255E1 -7.0019E1 -6.76154E1 -6.76787E1 -1.23153E2 -1.27094E2 -1.133E2 -1.28079E2 -8.62069E1 -8.62069E1 -1.00985E2 -1.05419E2 -1.06897E2 -1.07389E2 -1.26108E2
-9999 -9999 -9999 -9999 -9999 -9999 -9999 -9999 -9999 -9999 -9999 -9999 -9999 -9999 -9999 -9999 -9999 -9999 -9999 -9999 -9999 -9999 -9999 -9999 -9999 -9999 -9999 -9999 -9999 -6.19861E1 -5.20873E1 -4.78495E1 -4.64579E1 -5.98672E1 -6.15764E1 -6.32511E1 -6.01518E1 -6.34092E1 -6.537E1 -6.06262E1 -6.19861E1 -5.62302E1 -5.33523E1 -4.45288E1 -2.63125E1 -3.15307E1 -5.17241E1 -9.1133E1 -6.94813E1 -7.06831E1 -7.94434E1 -7.82732E1 -8.07084E1 -6.49905E1 -6.52119E1 -6.49905E1 -9.1133E1 -1.23645E2 -7.28336E1 -7.57432E1 -9.21182E1 -8.76847E1 -1.15271E2 -1E2 -1.02956E2 -1.06897E2 -8.26692E1 -1.07882E2
-9999 -9999 -9999 -9999 -9999 -9999 -9999 -9999 -9999 -9999 -9999 -9999 -9999 -9999 -9999 -9999 -9999 -9999 -9999 -9999 -9999 -9999 -9999 -9999 -9999 -9999 -9999 -9999 -9999 -6.54333E1 -6.29032E1 -5.91133E1 -6.05911E1 -4.47502E1 -4.85452E1 -5.8697E1 -5.37951E1 -5.86021E1 -6.40417E1 -6.11638E1 -5.40797E1 -6.39785E1 -5.5914E1 -2.85895E1 -2.7198E1 -2.88109E1 -4.04175E1 -5.06325E1 -6.29032E1 -6.45161E1 -7.36559E1 -7.0272E1 -7.48577E1 -7.52688E1 -6.85326E1 -6.56863E1 -9.85222E1 -1.24138E2 -9.26108E1 -9.26108E1 -1.14286E2 -1.13793E2 -8.41556E1 -7.6692E1 -1.06404E2 -1.06897E2 -7.88109E1 -1.21182E2
