ENM/Final_Models/M_2_F_lq_Set_1_NE/Gustavia_santanderiensis_5_Choco.asc
ncols         367
nrows         963
xllcorner     -78.6
yllcorner     0.65
cellsize      0.00833333333333323
NODATA_value  -9999
[rows 238 to 271 of 963, columns 234 to 311 of 367]
0E0 0E0 4.85211E-1 4.26763E-1 1.87069E-1 5.15122E-2 3.42384E-2 1.77925E-1 1.5215E-1 1.80342E-1 4.47897E-1 7.0031E-1 0E0 5.57884E-1 6.22338E-1 6.84966E-1 8.00267E-1 8.85337E-1 9.54813E-1 9.27006E-1 0E0 0E0 0E0 8.66061E-1 8.97708E-1 9.61915E-1 9.70073E-1 7.72763E-1 7.19353E-1 5.60845E-1 5.14427E-1 4.76483E-1 4.97768E-1 3.48233E-1 2.76323E-1 1.55786E-1 9.62819E-2 1.04182E-1 9.64907E-2 1.52729E-1 6.88961E-2 4.52536E-2 3.37099E-3 6.02748E-4 3.04711E-3 5.63919E-3 3.0447E-3 1.32612E-3 2.83998E-3 3.86167E-3 1.74763E-3 4.17362E-4 3.38861E-5 1.861E-6 3.86313E-6 2.22626E-4 1.81053E-5 2.21867E-5 8.37315E-6 6.66951E-5 -9999 -9999 -9999 -9999 -9999 -9999 -9999 -9999 -9999 -9999 -9999 -9999 -9999 -9999 -9999 -9999 -9999 -9999
0E0 0E0 7.96063E-1 6.01717E-1 3.64368E-1 8.92398E-2 3.60924E-2 1.42365E-1 1.1931E-1 1.40731E-1 4.96796E-1 7.84293E-1 0E0 5.18659E-1 5.65356E-1 4.50877E-1 5.55024E-1 8.89662E-1 8.69601E-1 9.34193E-1 6.94671E-1 6.94085E-1 0E0 7.70048E-1 9.44547E-1 9.69803E-1 9.83119E-1 8.39347E-1 7.51129E-1 8.03462E-1 3.58732E-1 3.8672E-1 4.32524E-1 4.92622E-1 2.57041E-1 1.3075E-1 1.44407E-1 1.26145E-1 3.07952E-2 9.93388E-2 3.86024E-2 1.67141E-2 2.02786E-3 1.88367E-3 7.79292E-3 5.84584E-3 2.6705E-3 3.50045E-3 2.44566E-3 9.6161E-4 1.18321E-3 4.61335E-4 1.41842E-5 -9999 -9999 1.13528E-5 1.13119E-6 2.73923E-7 1.23023E-5 -9999 -9999 -9999 -9999 -9999 -9999 -9999 -9999 -9999 -9999 -9999 -9999 -9999 -9999 -9999 -9999 -9999 -9999 -9999
0E0 0E0 0E0 0E0 5.27084E-1 3.52567E-1 6.76172E-2 4.74024E-2 2.1065E-1 2.3854E-1 3.83483E-1 4.91905E-1 0E0 0E0 7.3324E-1 6.04401E-1 7.06345E-1 7.57724E-1 7.52956E-1 8.7796E-1 7.62705E-1 6.41327E-1 7.05631E-1 8.80586E-1 8.64177E-1 9.78357E-1 9.76609E-1 9.51235E-1 6.79802E-1 6.11988E-1 4.8711E-1 3.06163E-1 4.13859E-1 4.24583E-1 1.87769E-1 1.83428E-1 1.53809E-1 1.08732E-1 4.41199E-2 5.87147E-2 2.67557E-2 1.53363E-2 9.91507E-3 5.53281E-3 8.3637E-3 9.42824E-3 2.35147E-3 1.40594E-3 1.60266E-3 1.78176E-4 2.65734E-5 1.04673E-5 5.57874E-6 4.4829E-6 2.79782E-7 -9999 1.58471E-6 -9999 -9999 -9999 -9999 -9999 -9999 -9999 -9999 -9999 -9999 -9999 -9999 -9999 -9999 -9999 -9999 -9999 -9999 -9999 -9999 -9999
0E0 0E0 0E0 0E0 0E0 4.25647E-1 7.63795E-2 5.80343E-2 1.60426E-1 1.88164E-1 3.06397E-1 5.18174E-1 0E0 0E0 8.88814E-1 7.14726E-1 8.80325E-1 7.66938E-1 7.34874E-1 7.46236E-1 7.24332E-1 5.67617E-1 7.70059E-1 8.95253E-1 9.06186E-1 9.4815E-1 9.89623E-1 9.19859E-1 7.41126E-1 7.52949E-1 5.01141E-1 3.53974E-1 2.98635E-1 2.84435E-1 1.79609E-1 1.20009E-1 9.28708E-2 8.04986E-2 2.65545E-2 1.92732E-2 6.79997E-3 7.92365E-3 1.12598E-2 1.3457E-2 1.50178E-2 3.86898E-3 1.23152E-3 8.44016E-4 3.02711E-3 4.03707E-4 2.7809E-4 5.71446E-5 2.00984E-6 2.46343E-7 1.77138E-7 5.07038E-6 -9999 -9999 -9999 -9999 -9999 -9999 -9999 -9999 -9999 -9999 -9999 -9999 -9999 -9999 -9999 -9999 -9999 -9999 -9999 -9999 -9999 -9999
0E0 0E0 0E0 0E0 0E0 3.51121E-1 4.26754E-2 3.5898E-2 8.94448E-2 1.79673E-1 2.84082E-1 5.63705E-1 0E0 0E0 8.72183E-1 5.99781E-1 7.27547E-1 6.88402E-1 8.38721E-1 7.17106E-1 5.71869E-1 6.10945E-1 9.04617E-1 9.70847E-1 9.89247E-1 9.81608E-1 9.92604E-1 9.41902E-1 9.32533E-1 9.16563E-1 4.17577E-1 2.58862E-1 1.98572E-1 2.05842E-1 2.60863E-1 1.15684E-1 6.70736E-2 3.96641E-2 2.47259E-2 2.18716E-2 2.74218E-3 2.6912E-3 3.55735E-3 8.0112E-3 6.10328E-3 7.7778E-3 6.85801E-3 2.78469E-3 4.16031E-3 2.55875E-3 9.44646E-4 1.0599E-4 3.96898E-6 2.58714E-6 2.94814E-7 1.66447E-6 -9999 -9999 -9999 -9999 -9999 -9999 -9999 -9999 -9999 -9999 -9999 -9999 -9999 -9999 -9999 -9999 -9999 -9999 -9999 -9999 -9999 -9999
0E0 0E0 0E0 0E0 0E0 4.06948E-1 7.11345E-2 3.94734E-2 5.95492E-2 1.37357E-1 2.1925E-1 4.55999E-1 0E0 0E0 8.8202E-1 8.68778E-1 9.39959E-1 8.88266E-1 5.82527E-1 8.42615E-1 7.33001E-1 8.99682E-1 9.48613E-1 9.90296E-1 9.99436E-1 9.97247E-1 9.75535E-1 9.23909E-1 9.11572E-1 9.67761E-1 5.36095E-1 3.92808E-1 2.23801E-1 2.31675E-1 2.5793E-1 1.02178E-1 2.97001E-2 3.22246E-2 9.35588E-3 2.84808E-2 1.53005E-2 4.32479E-3 2.5732E-3 2.0006E-3 1.6439E-2 4.34032E-3 2.69856E-3 3.19604E-3 3.03015E-3 3.56076E-3 1.70675E-3 2.97544E-4 3.38079E-5 3.9856E-5 9.41315E-6 -9999 -9999 -9999 -9999 -9999 -9999 -9999 -9999 -9999 -9999 -9999 -9999 -9999 -9999 -9999 -9999 -9999 -9999 -9999 -9999 -9999 -9999 -9999
0E0 0E0 0E0 0E0 0E0 6.98358E-1 1.08871E-1 9.20231E-2 1.58431E-1 2.19358E-1 3.17926E-1 0E0 0E0 0E0 9.56277E-1 9.05454E-1 9.71994E-1 9.10479E-1 7.55721E-1 8.68958E-1 8.64487E-1 9.40297E-1 9.75398E-1 9.9498E-1 9.96842E-1 9.83123E-1 9.56316E-1 9.61673E-1 9.70998E-1 9.77467E-1 4.92474E-1 3.59394E-1 4.37623E-1 3.76519E-1 1.99499E-1 8.23514E-2 4.4563E-2 5.91234E-2 3.83926E-2 3.10752E-2 2.72942E-2 1.59718E-2 1.26582E-2 6.18155E-4 1.78042E-3 6.80526E-3 4.66701E-3 1.43038E-3 1.1269E-3 1.54321E-3 1.96686E-3 4.21344E-3 2.08025E-3 3.39404E-4 7.14457E-5 6.64733E-6 -9999 -9999 -9999 -9999 -9999 -9999 -9999 -9999 -9999 -9999 -9999 -9999 -9999 -9999 -9999 -9999 -9999 -9999 -9999 -9999 -9999 -9999
0E0 0E0 0E0 0E0 0E0 3.6013E-1 1.35724E-1 7.94401E-2 1.42852E-1 2.94022E-1 3.23988E-1 0E0 0E0 0E0 8.88975E-1 9.47455E-1 7.54988E-1 6.7523E-1 8.60952E-1 7.01586E-1 9.00075E-1 9.95235E-1 9.98767E-1 9.95953E-1 9.97725E-1 9.53836E-1 9.74738E-1 9.57367E-1 7.39656E-1 8.47659E-1 6.01181E-1 1.84976E-1 2.25919E-1 6.30028E-1 2.5758E-1 2.10755E-1 1.61074E-1 1.19302E-1 5.36552E-2 4.99747E-2 1.21748E-2 9.29458E-3 6.97387E-3 3.64029E-3 4.85496E-4 3.72472E-3 1.71235E-3 2.07092E-4 4.47399E-4 5.88576E-4 8.71428E-4 2.5563E-3 1.04547E-3 1.16711E-4 2.81905E-5 2.39333E-6 3.47954E-7 -9999 -9999 -9999 -9999 -9999 -9999 -9999 -9999 -9999 -9999 -9999 -9999 -9999 -9999 -9999 -9999 -9999 -9999 -9999 -9999 -9999
0E0 0E0 0E0 0E0 0E0 2.251E-1 3.84578E-2 8.56757E-2 2.13671E-1 3.71828E-1 0E0 0E0 0E0 0E0 9.66845E-1 9.87092E-1 8.49368E-1 8.07919E-1 7.56525E-1 8.58703E-1 9.00554E-1 8.93982E-1 8.76895E-1 9.52449E-1 9.28612E-1 9.40118E-1 8.92217E-1 8.64878E-1 6.95353E-1 8.38891E-1 4.90446E-1 1.70337E-1 5.16936E-1 5.8672E-1 2.19408E-1 1.38522E-1 6.30734E-2 1.9476E-2 3.91993E-2 6.31503E-2 2.88254E-2 1.88713E-2 1.93949E-2 3.00842E-3 2.61116E-4 2.36291E-4 5.54687E-5 1.64896E-4 5.39829E-5 2.68825E-5 1.49023E-4 2.21528E-4 6.86522E-4 4.7088E-4 9.23097E-5 5.40702E-5 1.10048E-6 -9999 -9999 -9999 -9999 -9999 -9999 -9999 -9999 -9999 -9999 -9999 -9999 -9999 -9999 -9999 -9999 -9999 -9999 -9999 -9999 -9999
0E0 0E0 0E0 0E0 0E0 3.38782E-1 9.88274E-2 9.15464E-2 2.10226E-1 3.04439E-1 0E0 0E0 0E0 0E0 9.9985E-1 8.35915E-1 6.3855E-1 5.31556E-1 5.45112E-1 8.4591E-1 8.67769E-1 6.58266E-1 5.89992E-1 5.20853E-1 6.01238E-1 6.70934E-1 6.04773E-1 8.73366E-1 8.72392E-1 6.14045E-1 4.15955E-1 3.6614E-1 4.66079E-1 5.23029E-1 4.11594E-1 2.02419E-1 7.40717E-2 3.68203E-2 4.30167E-2 3.09361E-2 1.63455E-2 2.82411E-3 9.86556E-4 1.23195E-3 1.28345E-4 4.38553E-4 1.79008E-5 5.03801E-5 1.35347E-5 6.61286E-6 6.45574E-6 1.23572E-5 3.21211E-6 8.81153E-5 6.69683E-5 2.3028E-5 1.43564E-6 -9999 -9999 -9999 -9999 -9999 -9999 -9999 -9999 -9999 -9999 -9999 -9999 -9999 -9999 -9999 -9999 -9999 -9999 -9999 -9999 -9999
0E0 0E0 0E0 0E0 0E0 0E0 9.67617E-2 1.81103E-1 4.34865E-1 0E0 0E0 0E0 0E0 0E0 9.98633E-1 7.80247E-1 7.9878E-1 4.43468E-1 5.11738E-1 6.1243E-1 8.80593E-1 6.15475E-1 4.6062E-1 4.6938E-1 5.45107E-1 6.20539E-1 4.16744E-1 6.75053E-1 9.30476E-1 5.49813E-1 3.9894E-1 3.99344E-1 4.04211E-1 5.73405E-1 3.88467E-1 5.0014E-1 9.86266E-2 4.24249E-2 4.74657E-2 4.71731E-2 1.24623E-2 1.48831E-3 5.45126E-4 7.38487E-4 1.56537E-4 3.4647E-4 2.78315E-5 2.0395E-4 8.71664E-5 1.22487E-5 3.24407E-6 3.1165E-6 1.1808E-6 8.16282E-6 -9999 -9999 -9999 -9999 -9999 -9999 -9999 -9999 -9999 -9999 -9999 -9999 -9999 -9999 -9999 -9999 -9999 -9999 -9999 -9999 -9999 -9999 -9999 -9999
0E0 0E0 0E0 0E0 0E0 0E0 0E0 0E0 0E0 0E0 0E0 0E0 0E0 9.30289E-1 9.99464E-1 7.6E-1 6.7709E-1 5.58816E-1 5.2526E-1 6.63327E-1 6.5445E-1 5.72961E-1 5.75213E-1 7.84854E-1 7.68117E-1 8.17542E-1 6.59366E-1 4.54483E-1 9.36533E-1 6.76733E-1 4.0763E-1 2.90565E-1 4.57456E-1 4.70787E-1 6.58501E-1 6.35817E-1 2.13949E-1 9.45003E-2 4.75942E-2 2.76127E-2 1.11342E-2 5.05229E-3 4.48572E-4 3.00604E-4 5.14391E-4 8.62602E-4 6.58203E-4 1.36963E-3 6.49464E-4 1.7776E-4 1.69735E-5 4.30845E-6 8.58934E-7 -9999 -9999 -9999 -9999 -9999 -9999 -9999 -9999 -9999 -9999 -9999 -9999 -9999 -9999 -9999 -9999 -9999 -9999 -9999 -9999 -9999 -9999 -9999 -9999 -9999
0E0 0E0 0E0 0E0 0E0 0E0 0E0 0E0 0E0 0E0 0E0 0E0 0E0 9.9867E-1 9.99029E-1 8.12713E-1 7.53828E-1 8.59632E-1 8.74012E-1 8.14392E-1 8.40576E-1 7.72704E-1 9.26767E-1 6.35174E-1 7.56034E-1 8.36142E-1 7.75633E-1 4.36008E-1 8.77614E-1 5.47373E-1 4.47433E-1 3.7569E-1 1.55867E-1 3.54004E-1 5.8375E-1 5.3747E-1 2.57598E-1 1.61567E-1 3.61571E-2 2.03301E-2 2.13907E-2 5.34976E-3 7.71468E-4 5.60109E-4 1.14055E-3 3.20838E-3 5.16572E-3 3.91446E-3 6.60399E-4 5.08038E-4 1.56045E-4 3.15966E-5 2.42834E-5 -9999 -9999 -9999 -9999 2.46322E-6 1.30942E-6 -9999 -9999 -9999 -9999 -9999 -9999 -9999 -9999 -9999 -9999 -9999 -9999 -9999 -9999 -9999 -9999 -9999 -9999 -9999
0E0 0E0 0E0 0E0 0E0 0E0 0E0 0E0 0E0 0E0 9.89417E-1 0E0 9.41272E-1 6.75451E-1 9.9249E-1 9.53328E-1 6.97507E-1 5.37032E-1 6.0246E-1 7.49919E-1 9.59344E-1 8.26841E-1 8.51144E-1 9.59309E-1 9.21725E-1 9.9497E-1 9.28281E-1 8.23843E-1 8.98755E-1 7.02286E-1 5.05525E-1 1.39923E-1 1.96384E-1 4.11008E-1 5.66593E-1 5.03098E-1 3.20549E-1 1.63328E-1 3.54514E-2 1.99901E-2 1.77571E-2 9.84753E-3 6.30228E-3 7.85304E-3 3.57795E-3 3.86369E-3 5.59848E-3 4.76605E-4 5.83225E-4 2.39492E-4 9.37205E-5 1.91794E-5 -9999 -9999 3.81523E-7 1.45789E-6 1.58365E-6 8.30885E-6 1.24778E-6 -9999 -9999 -9999 -9999 -9999 -9999 -9999 -9999 -9999 -9999 -9999 -9999 -9999 -9999 -9999 -9999 -9999 -9999 -9999
0E0 0E0 0E0 0E0 0E0 0E0 0E0 0E0 0E0 0E0 0E0 0E0 9.10176E-1 7.7749E-1 8.23959E-1 9.88857E-1 8.98482E-1 7.12856E-1 8.02896E-1 7.10373E-1 7.85051E-1 8.4645E-1 9.60767E-1 9.96234E-1 9.98762E-1 9.81785E-1 9.71559E-1 9.8078E-1 7.96774E-1 5.04198E-1 5.37321E-1 1.87634E-1 3.21679E-1 3.4113E-1 7.03154E-1 4.91009E-1 5.32621E-1 3.36227E-1 1.45681E-1 8.76762E-2 1.04089E-2 1.56755E-2 2.2416E-2 2.43501E-2 1.55161E-2 6.09935E-3 8.8953E-3 5.48204E-4 4.6373E-4 1.39506E-4 4.86342E-5 1.74508E-5 6.68104E-6 4.03505E-6 1.06297E-5 8.23748E-6 1.29496E-5 3.72902E-6 8.13485E-5 2.276E-5 -9999 -9999 -9999 -9999 -9999 -9999 -9999 -9999 -9999 -9999 -9999 -9999 -9999 -9999 -9999 -9999 -9999 -9999
0E0 0E0 0E0 0E0 0E0 0E0 0E0 0E0 0E0 0E0 0E0 0E0 0E0 8.62567E-1 9.06451E-1 8.01234E-1 9.8161E-1 7.7416E-1 6.63611E-1 8.50678E-1 8.57483E-1 8.83428E-1 9.9372E-1 9.9915E-1 9.96372E-1 9.98287E-1 9.97388E-1 9.56104E-1 7.04206E-1 5.47088E-1 6.11983E-1 5.92527E-1 4.45506E-1 6.35298E-1 6.39511E-1 6.0902E-1 3.89323E-1 4.69212E-1 3.37901E-1 1.86351E-1 6.12679E-2 9.88833E-3 4.88495E-3 2.24331E-2 6.06877E-3 9.46238E-3 2.53664E-3 2.98388E-3 2.13011E-3 7.30825E-4 5.6047E-5 8.24888E-5 1.38648E-4 9.51302E-6 2.66492E-5 4.23038E-5 1.50589E-5 8.04779E-5 1.50501E-5 4.33295E-5 -9999 -9999 -9999 -9999 -9999 -9999 -9999 -9999 -9999 -9999 -9999 -9999 -9999 -9999 -9999 -9999 -9999 -9999
0E0 0E0 0E0 0E0 0E0 0E0 0E0 0E0 0E0 0E0 0E0 0E0 0E0 0E0 9.96956E-1 8.46896E-1 9.98354E-1 9.14635E-1 8.64999E-1 7.25265E-1 6.82765E-1 7.93599E-1 9.839E-1 9.99637E-1 9.87037E-1 9.99982E-1 8.7368E-1 9.39058E-1 7.80398E-1 6.48958E-1 4.60506E-1 5.69113E-1 5.2158E-1 6.31605E-1 3.89577E-1 5.53407E-1 4.62506E-1 3.57074E-1 2.0318E-1 3.08981E-1 1.87223E-1 6.85243E-2 1.15949E-2 3.03085E-2 2.69109E-2 4.06931E-3 4.28701E-3 4.95764E-3 1.09741E-3 1.83808E-4 2.47269E-4 2.306E-4 2.46473E-4 3.22279E-4 9.92065E-5 3.63805E-5 3.11793E-5 4.08933E-5 7.25374E-5 6.68705E-6 1.79684E-5 -9999 -9999 -9999 -9999 -9999 -9999 -9999 -9999 -9999 -9999 -9999 -9999 -9999 -9999 -9999 -9999 -9999
0E0 0E0 0E0 0E0 0E0 0E0 0E0 0E0 3.45475E-1 0E0 0E0 0E0 0E0 0E0 0E0 9.14878E-1 9.94029E-1 9.92013E-1 9.75251E-1 9.80565E-1 9.70219E-1 8.28094E-1 9.47577E-1 9.89101E-1 9.99851E-1 9.99963E-1 8.48408E-1 8.61629E-1 8.27301E-1 5.59571E-1 4.9716E-1 4.82451E-1 5.62271E-1 6.12752E-1 4.22304E-1 3.62489E-1 4.61327E-1 4.85667E-1 2.4601E-1 2.55367E-1 2.10466E-1 1.22526E-1 1.92046E-2 1.15814E-2 5.01844E-3 1.58148E-3 3.91652E-3 1.67266E-3 3.64236E-4 3.84573E-4 2.94166E-4 1.9607E-3 6.62137E-4 5.17386E-4 7.98842E-5 2.01826E-5 7.86094E-5 2.69787E-4 1.98186E-4 4.64083E-5 8.17596E-6 -9999 -9999 -9999 -9999 -9999 -9999 -9999 -9999 -9999 -9999 -9999 -9999 -9999 -9999 -9999 -9999 -9999
0E0 0E0 0E0 0E0 0E0 0E0 0E0 1.89539E-1 2.88163E-1 4.33526E-1 5.15716E-1 0E0 0E0 0E0 0E0 0E0 9.99993E-1 9.99671E-1 9.87994E-1 9.99011E-1 9.00204E-1 9.19197E-1 9.3573E-1 9.47355E-1 9.87411E-1 9.34898E-1 7.46444E-1 8.56164E-1 8.23541E-1 6.2237E-1 6.38937E-1 5.1671E-1 3.61884E-1 4.54035E-1 2.85502E-1 3.06398E-1 3.54046E-1 3.32876E-1 2.35377E-1 1.41932E-1 1.16174E-1 5.13842E-2 6.9535E-3 1.56311E-3 5.66664E-4 1.0891E-3 9.12863E-4 4.18754E-4 6.72736E-4 9.41702E-4 4.14553E-4 1.72586E-4 5.19047E-5 2.42822E-5 6.41208E-5 6.36585E-5 5.25085E-5 1.74874E-4 1.98166E-4 1.95089E-4 9.24567E-5 9.3464E-5 -9999 -9999 -9999 -9999 -9999 -9999 -9999 -9999 -9999 -9999 -9999 -9999 -9999 -9999 -9999 -9999
0E0 0E0 0E0 0E0 0E0 0E0 3.10267E-1 3.07322E-1 3.72378E-1 6.14682E-1 7.62994E-1 0E0 0E0 0E0 0E0 0E0 9.98836E-1 7.47737E-1 9.09673E-1 8.9825E-1 6.97274E-1 9.53363E-1 9.23851E-1 9.93031E-1 9.16448E-1 6.83257E-1 6.41156E-1 7.97385E-1 7.27867E-1 4.78735E-1 3.36835E-1 2.73457E-1 2.68941E-1 2.52939E-1 4.34872E-1 4.07479E-1 2.66081E-1 1.83699E-1 1.65975E-1 1.396E-1 1.21851E-1 5.38321E-2 1.01427E-2 8.93805E-3 1.1744E-2 7.23248E-3 3.54174E-2 2.71509E-3 7.34471E-3 1.02985E-2 3.52885E-3 9.0638E-4 5.0518E-4 9.21757E-5 2.21671E-4 3.37305E-5 1.00923E-4 2.4185E-4 4.53267E-4 5.38074E-4 2.52131E-4 1.61688E-4 1.35586E-4 -9999 -9999 -9999 -9999 -9999 -9999 -9999 -9999 -9999 -9999 -9999 -9999 -9999 -9999 -9999
0E0 0E0 0E0 0E0 0E0 0E0 0E0 1.66444E-1 1.03021E-1 4.38237E-1 7.82957E-1 0E0 0E0 0E0 0E0 0E0 9.90347E-1 7.93217E-1 6.78108E-1 7.85651E-1 6.30264E-1 5.47931E-1 8.44872E-1 8.49843E-1 4.87948E-1 3.339E-1 3.48363E-1 5.53288E-1 6.10182E-1 4.8267E-1 5.03473E-1 5.05942E-1 4.38432E-1 3.7189E-1 3.95902E-1 3.95375E-1 2.19348E-1 2.63672E-1 2.47923E-1 2.35934E-1 2.12436E-1 1.08325E-1 1.66527E-2 2.00916E-2 2.05911E-2 1.72648E-2 1.63638E-2 1.96118E-2 1.89379E-2 1.47149E-2 3.91485E-3 9.77145E-4 1.15211E-4 2.05107E-4 2.66668E-4 8.95086E-5 3.9665E-4 2.63158E-4 4.31554E-4 1.56764E-4 1.28602E-4 1.43705E-4 8.50009E-5 9.76436E-5 -9999 -9999 -9999 -9999 -9999 -9999 -9999 -9999 -9999 -9999 -9999 -9999 -9999 -9999
0E0 0E0 0E0 0E0 0E0 0E0 0E0 0E0 3.05613E-1 4.32344E-1 4.00453E-1 4.6325E-1 0E0 0E0 0E0 0E0 9.74203E-1 9.99128E-1 9.21126E-1 8.50309E-1 7.24566E-1 3.2366E-1 5.89604E-1 4.89265E-1 2.98576E-1 3.63766E-1 3.15743E-1 4.52621E-1 6.32806E-1 4.70057E-1 4.56784E-1 5.62031E-1 6.41214E-1 4.7677E-1 2.83223E-1 2.98567E-1 1.9853E-1 5.93629E-1 6.30264E-1 3.19922E-1 1.18698E-1 1.19496E-1 1.62712E-2 1.1197E-2 4.09947E-3 4.4856E-3 1.30554E-2 1.26407E-2 4.49007E-3 1.04856E-3 4.16289E-4 1.13253E-4 5.19574E-4 4.23127E-4 1.53166E-4 3.89354E-4 4.93361E-4 4.98952E-4 6.75639E-4 9.41241E-4 3.39642E-4 2.65235E-4 3.11057E-4 1.03819E-4 1.73154E-4 -9999 -9999 -9999 -9999 -9999 -9999 -9999 -9999 -9999 -9999 -9999 -9999 -9999
0E0 0E0 0E0 0E0 0E0 0E0 0E0 0E0 6.41421E-1 4.96216E-1 3.70594E-1 4.0584E-1 4.65358E-1 0E0 0E0 0E0 0E0 9.94497E-1 9.81521E-1 9.7975E-1 8.51054E-1 4.8962E-1 4.598E-1 6.21653E-1 3.61916E-1 3.01573E-1 4.15242E-1 4.87669E-1 7.42104E-1 7.20345E-1 6.54784E-1 5.56314E-1 5.84019E-1 5.46291E-1 4.26681E-1 2.17804E-1 2.45568E-1 4.80358E-1 8.10559E-1 3.15911E-1 9.4712E-2 1.01882E-1 1.80764E-2 1.10217E-2 2.45705E-3 1.81766E-3 3.65698E-3 3.97316E-3 4.19664E-3 4.15331E-3 1.38187E-4 5.97533E-5 4.61243E-6 2.22546E-4 3.03766E-4 1.89233E-3 1.31905E-3 5.84128E-4 4.73506E-4 -9999 -9999 -9999 8.14538E-5 7.1642E-5 1.04631E-4 -9999 -9999 -9999 -9999 -9999 -9999 -9999 -9999 -9999 -9999 -9999 -9999 -9999
0E0 0E0 0E0 0E0 0E0 0E0 0E0 0E0 0E0 4.65027E-1 3.99631E-1 4.14264E-1 4.29061E-1 7.74675E-1 0E0 0E0 0E0 9.55271E-1 9.84112E-1 9.65413E-1 9.61222E-1 5.9546E-1 4.60297E-1 4.5537E-1 3.22738E-1 3.64675E-1 3.5712E-1 5.04279E-1 5.739E-1 6.57255E-1 5.83586E-1 6.50538E-1 8.41454E-1 7.20423E-1 9.34926E-1 2.81713E-1 3.00423E-1 4.44914E-1 0E0 3.79449E-1 1.02964E-1 6.674E-2 3.14671E-2 3.08949E-2 1.99775E-2 8.23694E-3 8.1718E-3 2.7363E-3 1.09243E-3 8.87743E-3 2.35914E-4 2.50893E-5 1.87176E-5 2.39593E-4 7.88602E-4 1.00383E-3 1.39039E-3 1.49078E-3 8.39006E-4 4.23227E-4 -9999 -9999 -9999 4.22141E-7 1.91778E-6 -9999 -9999 -9999 -9999 -9999 -9999 -9999 -9999 -9999 -9999 -9999 -9999 -9999
0E0 0E0 0E0 0E0 0E0 0E0 0E0 0E0 0E0 7.31287E-1 2.30131E-1 2.91124E-1 3.41532E-1 5.19711E-1 0E0 0E0 0E0 0E0 9.68809E-1 6.73105E-1 8.17829E-1 8.24535E-1 6.10436E-1 5.46656E-1 3.59893E-1 6.34479E-1 4.26276E-1 4.82167E-1 8.0928E-1 8.30033E-1 7.13146E-1 7.48352E-1 8.77134E-1 9.73127E-1 8.65502E-1 3.71511E-1 3.03181E-1 5.30163E-1 5.47534E-1 5.36117E-1 1.63316E-1 8.89875E-2 2.87556E-2 8.9664E-3 1.15598E-2 1.0678E-2 7.92714E-3 2.26687E-3 2.24147E-3 7.49514E-4 5.20062E-4 6.33907E-5 1.6519E-4 7.20476E-4 1.72652E-3 1.35151E-3 1.58386E-3 9.63271E-4 6.72025E-4 1.56437E-4 -9999 -9999 -9999 -9999 -9999 2.34469E-7 -9999 -9999 -9999 -9999 -9999 -9999 -9999 -9999 -9999 -9999 -9999 -9999
0E0 0E0 0E0 0E0 0E0 0E0 0E0 0E0 0E0 0E0 1.73185E-1 4.06099E-1 2.16753E-1 3.79833E-1 0E0 0E0 0E0 0E0 8.69534E-1 8.01545E-1 7.8202E-1 5.43162E-1 6.2714E-1 4.07077E-1 3.45703E-1 3.62567E-1 4.23562E-1 8.22934E-1 7.68593E-1 8.21633E-1 9.27661E-1 9.49654E-1 8.44897E-1 0E0 7.74344E-1 6.61332E-1 3.67599E-1 1.7547E-1 5.69375E-1 5.36871E-1 3.12278E-1 2.03978E-1 6.78992E-2 5.65421E-3 5.04966E-3 4.48827E-3 3.03715E-3 1.13307E-4 2.88512E-4 2.16439E-4 7.14793E-4 9.75317E-4 1.90213E-4 1.59494E-4 1.47938E-3 2.60914E-3 1.36542E-3 8.74259E-4 2.72211E-4 1.24237E-4 6.91557E-6 -9999 -9999 -9999 -9999 -9999 -9999 -9999 -9999 -9999 -9999 -9999 -9999 -9999 -9999 -9999 -9999 -9999
0E0 0E0 0E0 0E0 0E0 0E0 0E0 0E0 0E0 0E0 4.56116E-1 4.02206E-1 2.62372E-1 4.88228E-1 0E0 0E0 0E0 0E0 8.16324E-1 9.53557E-1 9.83384E-1 8.09316E-1 4.36405E-1 3.66568E-1 4.08818E-1 4.78389E-1 6.42769E-1 8.77866E-1 7.37067E-1 7.67207E-1 8.41487E-1 8.84576E-1 9.09493E-1 8.75254E-1 7.22807E-1 6.40448E-1 4.77434E-1 3.04191E-1 3.03129E-1 3.99655E-1 4.39404E-1 1.41922E-1 6.73343E-2 4.72764E-3 6.80819E-3 5.94657E-3 1.34317E-3 2.44371E-2 3.30733E-2 1.12245E-4 2.06601E-3 4.96907E-4 1.45384E-3 6.99501E-4 2.51035E-3 1.8923E-3 2.01514E-3 2.47834E-3 1.96741E-3 -9999 -9999 -9999 -9999 -9999 -9999 -9999 -9999 -9999 -9999 -9999 -9999 -9999 -9999 -9999 -9999 -9999 -9999 -9999
0E0 0E0 0E0 0E0 0E0 0E0 0E0 0E0 0E0 6.12119E-1 2.39539E-1 4.112E-1 4.9201E-1 7.48781E-1 0E0 0E0 0E0 0E0 0E0 9.51661E-1 9.55385E-1 8.19242E-1 4.89746E-1 5.8235E-1 5.91759E-1 6.88146E-1 7.16368E-1 8.14428E-1 8.98132E-1 9.57726E-1 9.79427E-1 9.72268E-1 8.09488E-1 7.25651E-1 7.62269E-1 7.09165E-1 5.55892E-1 2.92952E-1 2.66701E-1 3.5619E-1 0E0 3.18341E-1 2.3708E-1 3.90392E-3 2.73809E-3 3.64423E-3 2.6001E-3 2.89204E-3 2.598E-2 3.1198E-4 4.62587E-3 1.83666E-3 4.50675E-3 1.80347E-3 2.11003E-3 2.30522E-3 2.02497E-3 1.64632E-3 1.85536E-3 -9999 -9999 -9999 -9999 -9999 -9999 -9999 -9999 -9999 -9999 -9999 -9999 -9999 -9999 -9999 -9999 -9999 -9999 -9999
0E0 0E0 0E0 0E0 0E0 0E0 0E0 0E0 0E0 2.86451E-1 1.48224E-1 2.97271E-1 3.7043E-1 7.32919E-1 8.31335E-1 0E0 0E0 0E0 0E0 9.38291E-1 9.8496E-1 9.59002E-1 6.22344E-1 7.30546E-1 8.0727E-1 9.08787E-1 8.29308E-1 8.47771E-1 7.65377E-1 9.58439E-1 9.5478E-1 9.63815E-1 7.98652E-1 0E0 0E0 0E0 0E0 3.75954E-1 4.42197E-1 3.81867E-1 5.80125E-1 2.53575E-1 2.1042E-1 3.08221E-2 1.29099E-3 3.65795E-3 3.19097E-3 3.94696E-3 7.07801E-4 5.16921E-4 4.82063E-3 2.83982E-3 2.44856E-3 3.23347E-3 5.00873E-3 1.80546E-3 5.39224E-3 1.56769E-3 -9999 -9999 -9999 -9999 -9999 -9999 -9999 -9999 -9999 -9999 -9999 -9999 -9999 -9999 -9999 -9999 -9999 -9999 -9999 -9999
0E0 0E0 0E0 0E0 0E0 0E0 0E0 0E0 0E0 3.00641E-1 6.7701E-2 1.97645E-1 4.79611E-1 6.69076E-1 7.1246E-1 6.60258E-1 0E0 0E0 0E0 8.20821E-1 9.87723E-1 9.10015E-1 5.05507E-1 7.22569E-1 8.3041E-1 8.00316E-1 7.50686E-1 8.01809E-1 8.12175E-1 8.89994E-1 9.64903E-1 9.4946E-1 7.7962E-1 0E0 0E0 0E0 0E0 5.82036E-1 5.62502E-1 6.45299E-1 3.60719E-1 0E0 2.44532E-1 9.78019E-2 9.62214E-2 4.40778E-2 1.89747E-3 5.06397E-3 2.22977E-3 3.70857E-4 5.25537E-3 4.85609E-3 2.9535E-3 5.36397E-3 6.34648E-3 4.10086E-3 1.22321E-3 5.98413E-4 3.94634E-4 -9999 -9999 -9999 -9999 -9999 -9999 -9999 -9999 -9999 -9999 -9999 -9999 -9999 -9999 -9999 -9999 -9999 -9999 -9999
0E0 0E0 0E0 0E0 0E0 0E0 0E0 0E0 0E0 3.91788E-1 1.79808E-1 1.97236E-1 2.26205E-1 2.21437E-1 3.30512E-1 4.03924E-1 6.71339E-1 0E0 0E0 9.11301E-1 9.97307E-1 9.46419E-1 9.66557E-1 8.68669E-1 7.79287E-1 9.21748E-1 9.20975E-1 9.1088E-1 7.50593E-1 8.95682E-1 9.60074E-1 8.7089E-1 8.80484E-1 0E0 0E0 0E0 0E0 0E0 7.56313E-1 6.21553E-1 7.79447E-1 4.79212E-1 1.7062E-1 4.48267E-2 1.29513E-1 8.49336E-2 5.46638E-2 1.70164E-2 8.92634E-3 1.93408E-3 1.23865E-2 8.81664E-3 1.01254E-2 4.29308E-3 8.88414E-3 2.34744E-3 3.08573E-3 3.28312E-4 1.65897E-4 -9999 -9999 -9999 1.90519E-6 -9999 -9999 -9999 -9999 -9999 -9999 -9999 -9999 -9999 -9999 -9999 -9999 -9999 -9999 -9999
0E0 0E0 0E0 0E0 0E0 0E0 0E0 0E0 0E0 5.34773E-1 3.62902E-1 3.18914E-1 1.64409E-1 1.0713E-1 1.70794E-1 3.68449E-1 7.96861E-1 0E0 0E0 0E0 9.83094E-1 9.96323E-1 9.94402E-1 9.42413E-1 9.03055E-1 9.76719E-1 9.84827E-1 9.73651E-1 7.83439E-1 7.85072E-1 8.68628E-1 8.25935E-1 0E0 0E0 0E0 0E0 0E0 0E0 0E0 0E0 0E0 0E0 3.7683E-1 1.74659E-1 1.8794E-1 7.58473E-2 9.03336E-2 1.40876E-1 2.08314E-2 9.95361E-3 1.63162E-2 8.42956E-3 6.98941E-3 6.08997E-3 2.98924E-3 3.29184E-3 6.93397E-4 8.81928E-4 2.92652E-4 -9999 -9999 -9999 2.95032E-6 -9999 -9999 -9999 -9999 -9999 -9999 -9999 -9999 -9999 -9999 -9999 -9999 -9999 -9999 -9999
0E0 0E0 0E0 0E0 0E0 0E0 0E0 0E0 0E0 4.07421E-1 1.64294E-1 7.76787E-2 1.45801E-1 1.34917E-1 1.89093E-1 2.78997E-1 0E0 0E0 0E0 0E0 9.64105E-1 9.84405E-1 9.72721E-1 9.57345E-1 9.45007E-1 9.60745E-1 9.45646E-1 8.60062E-1 8.28945E-1 9.30665E-1 8.23034E-1 0E0 0E0 0E0 0E0 0E0 0E0 0E0 0E0 0E0 0E0 0E0 3.96063E-1 0E0 3.33666E-1 2.43444E-1 1.84565E-1 1.81113E-1 2.9421E-2 1.30193E-2 4.22974E-2 3.69218E-2 2.09775E-2 1.1094E-2 7.43603E-3 2.3836E-3 8.68395E-4 7.17336E-4 3.20106E-4 6.93012E-5 2.82999E-4 4.61707E-5 -9999 -9999 -9999 -9999 -9999 -9999 -9999 -9999 -9999 -9999 -9999 -9999 -9999 -9999 -9999 -9999
0E0 0E0 0E0 0E0 0E0 0E0 0E0 0E0 0E0 1.90376E-1 3.32722E-2 7.54758E-2 1.01776E-1 8.26062E-2 1.83072E-1 2.05338E-1 0E0 0E0 0E0 9.77195E-1 8.00123E-1 9.32199E-1 9.46439E-1 9.64378E-1 9.86457E-1 9.93478E-1 9.32088E-1 9.15149E-1 7.45381E-1 8.74697E-1 7.90331E-1 9.01654E-1 0E0 0E0 0E0 0E0 0E0 0E0 1.79574E-1 2.75832E-1 3.11807E-1 2.36557E-1 0E0 0E0 4.29189E-2 3.4854E-2 4.9076E-2 5.14618E-2 1.06594E-2 3.69939E-2 5.42002E-2 4.48253E-2 1.8837E-2 7.45396E-3 5.2812E-3 5.88771E-3 3.70866E-3 7.60007E-4 5.51371E-4 7.27884E-5 1.48745E-4 1.50121E-5 2.56959E-6 -9999 -9999 -9999 -9999 -9999 -9999 -9999 -9999 -9999 -9999 -9999 -9999 -9999 -9999 -9999
