ENM/Final_Models/M_2_F_lq_Set_1_NE/Gustavia_santanderiensis_Choco_min.asc
ncols         367
nrows         963
xllcorner     -78.6
yllcorner     0.65
cellsize      0.00833333333333323
NODATA_value  -9999
[rows 816 to 849 of 963, columns 156 to 233 of 367]
8.38328E-3 -9999 -9999 -9999 -9999 -9999 -9999 -9999 -9999 -9999 -9999 -9999 -9999 -9999 -9999 -9999 -9999 -9999 -9999 -9999 -9999 -9999 -9999 -9999 -9999 -9999 -9999 -9999 -9999 -9999 -9999 -9999 -9999 -9999 3.27572E-4 5.19347E-4 4.28023E-4 2.11898E-4 1.36353E-4 3.507E-5 5.33918E-6 1.90047E-5 9.16875E-5 4.19305E-5 3.2808E-5 1.45973E-5 1.12187E-4 7.74051E-4 9.4603E-4 1.29053E-4 4.46442E-5 1.25699E-5 3.40123E-6 1.65532E-6 3.2003E-6 1.88412E-6 2.46775E-6 1.01929E-6 3.3379E-6 9.3842E-6 5.73343E-6 2.02608E-5 1.26588E-5 1.16725E-5 -9999 -9999 -9999 -9999 -9999 -9999 -9999 -9999 -9999 -9999 -9999 -9999 -9999 -9999
-9999 -9999 -9999 -9999 -9999 -9999 -9999 -9999 -9999 -9999 -9999 -9999 -9999 -9999 -9999 -9999 -9999 -9999 -9999 -9999 -9999 -9999 -9999 -9999 -9999 -9999 -9999 -9999 -9999 -9999 -9999 -9999 4.02636E-3 5.05223E-4 1.77275E-3 8.86539E-4 2.27226E-4 1.89629E-4 1.13533E-4 1.19829E-5 1.84784E-6 2.82237E-6 1.99165E-5 8.76136E-6 3.45866E-6 4.34168E-5 2.67704E-5 1.48161E-4 4.01448E-4 1.55254E-4 5.0476E-5 8.20189E-6 5.15761E-7 4.32884E-7 1.93219E-6 1.04426E-5 1.90565E-5 1.24376E-5 3.7245E-6 3.35134E-6 1.29508E-5 7.82281E-6 1.59779E-5 -9999 -9999 -9999 -9999 -9999 -9999 -9999 -9999 -9999 -9999 -9999 -9999 -9999 -9999 -9999
-9999 -9999 -9999 -9999 -9999 -9999 -9999 -9999 -9999 -9999 -9999 -9999 -9999 3.14112E-3 3.79551E-3 2.5147E-3 -9999 -9999 -9999 -9999 -9999 -9999 -9999 -9999 -9999 -9999 -9999 -9999 -9999 -9999 -9999 -9999 -9999 -9999 1.83495E-3 3.50137E-4 8.84721E-5 3.8786E-5 2.5192E-5 5.05275E-6 4.42064E-6 3.50583E-6 2.401E-6 2.24962E-6 6.12563E-6 2.58886E-5 5.64024E-5 2.09598E-5 3.15043E-4 3.52339E-4 1.70128E-4 6.77249E-5 4.52166E-6 9.766E-6 5.46712E-6 5.68731E-6 1.19588E-5 6.25339E-6 4.74921E-6 7.17799E-6 1.30724E-5 4.07118E-5 1.32177E-5 -9999 -9999 -9999 -9999 -9999 -9999 -9999 -9999 -9999 -9999 -9999 -9999 -9999 -9999 -9999
-9999 -9999 -9999 -9999 -9999 -9999 -9999 -9999 -9999 -9999 -9999 -9999 3.49376E-3 2.60282E-3 5.23462E-3 2.212E-3 1.83875E-3 -9999 -9999 -9999 -9999 -9999 -9999 -9999 -9999 -9999 -9999 -9999 -9999 -9999 -9999 -9999 -9999 -9999 3.49287E-4 3.08392E-4 3.89079E-5 1.08854E-5 1.0186E-5 1.92147E-5 1.41413E-5 3.45896E-6 1.05259E-6 1.61888E-6 2.89055E-6 1.06254E-5 3.27122E-5 1.59271E-5 4.23905E-5 4.24792E-4 1.39476E-4 1.86978E-4 1.52367E-4 2.63582E-4 1.06832E-4 1.49962E-4 8.27598E-5 4.79479E-5 1.55494E-6 9.05773E-6 9.87623E-6 2.25893E-5 4.47103E-6 -9999 -9999 -9999 -9999 -9999 -9999 -9999 -9999 -9999 -9999 -9999 -9999 -9999 -9999 -9999
-9999 -9999 -9999 -9999 -9999 -9999 -9999 -9999 -9999 -9999 -9999 2.11999E-3 4.32031E-3 2.40363E-3 5.45202E-3 4.59665E-3 3.9009E-3 6.25582E-3 -9999 8.61071E-3 1.5799E-2 -9999 -9999 -9999 -9999 -9999 -9999 -9999 -9999 -9999 -9999 -9999 -9999 1.97692E-3 3.2961E-4 5.84093E-4 6.74183E-5 1.42544E-5 9.19541E-6 2.89185E-5 4.09748E-5 4.16356E-6 1.71225E-6 1.28271E-6 8.05411E-7 1.06572E-6 1.1874E-6 2.07241E-6 7.37166E-5 6.3378E-5 4.44692E-5 1.76454E-4 9.34488E-5 1.12722E-5 5.1341E-5 2.38658E-5 6.55626E-6 2.73414E-5 4.40577E-5 3.54925E-5 6.22334E-6 6.44319E-6 2.13361E-5 -9999 -9999 -9999 -9999 -9999 -9999 -9999 -9999 -9999 -9999 -9999 -9999 -9999 -9999 -9999
-9999 -9999 -9999 -9999 -9999 -9999 -9999 -9999 -9999 -9999 -9999 -9999 2.73433E-3 2.79081E-3 6.09329E-3 3.73753E-3 3.29875E-3 3.84781E-3 3.01366E-3 4.98979E-3 1.65261E-2 -9999 -9999 -9999 -9999 -9999 -9999 -9999 -9999 -9999 8.758E-3 1.24913E-2 9.63787E-3 3.1437E-3 5.49203E-4 4.06016E-4 3.09123E-4 5.26856E-5 5.22475E-5 5.39144E-5 1.72093E-5 6.16681E-6 1.90563E-6 2.49616E-6 2.66309E-6 5.101E-6 2.82578E-6 1.49213E-6 1.04632E-5 1.31156E-5 7.77953E-6 6.04098E-5 1.20298E-4 1.5319E-5 1.03088E-5 2.32474E-5 5.09333E-6 1.4935E-5 1.54137E-5 6.50941E-6 6.79918E-6 4.06465E-6 2.67322E-6 -9999 -9999 -9999 -9999 -9999 -9999 -9999 -9999 -9999 -9999 -9999 -9999 -9999 -9999 -9999
-9999 -9999 -9999 -9999 -9999 -9999 -9999 -9999 -9999 -9999 -9999 5.17426E-3 7.76698E-3 -9999 -9999 2.92617E-3 4.95399E-3 2.50349E-3 4.35118E-3 1.05917E-2 -9999 -9999 -9999 -9999 -9999 -9999 -9999 -9999 -9999 -9999 -9999 -9999 -9999 -9999 -9999 -9999 1.34432E-4 8.19075E-5 5.40152E-5 1.15332E-4 5.46093E-5 2.24948E-5 6.1173E-6 2.54949E-6 1.37919E-6 5.69758E-6 6.54293E-6 8.00931E-7 3.175E-6 4.72117E-6 1.95606E-6 3.87451E-6 2.93197E-5 2.45036E-5 4.95275E-6 1.58656E-5 9.51514E-6 5.25802E-6 8.76098E-6 3.3477E-6 6.98377E-7 1.23542E-6 3.53168E-6 -9999 -9999 -9999 -9999 -9999 -9999 -9999 -9999 -9999 -9999 -9999 -9999 -9999 -9999 -9999
-9999 -9999 -9999 -9999 -9999 -9999 -9999 -9999 -9999 -9999 -9999 -9999 -9999 -9999 -9999 2.56841E-3 2.82601E-3 2.13699E-3 5.78925E-3 1.02718E-2 -9999 -9999 -9999 -9999 -9999 -9999 -9999 -9999 -9999 -9999 -9999 -9999 -9999 -9999 -9999 -9999 -9999 2.68771E-4 1.94491E-4 2.76446E-4 3.73217E-5 5.62154E-6 3.81657E-6 3.8709E-6 7.30176E-6 4.19248E-6 3.36946E-6 2.55675E-6 5.39262E-6 8.63228E-6 4.29525E-6 8.35648E-6 3.75414E-6 1.63177E-5 5.24217E-6 6.51847E-6 1.72618E-5 7.23102E-6 1.07355E-5 3.06312E-6 7.92036E-6 7.17353E-6 1.84874E-5 1.68476E-5 -9999 -9999 -9999 -9999 -9999 -9999 -9999 -9999 -9999 -9999 -9999 -9999 -9999 -9999
-9999 -9999 -9999 -9999 -9999 -9999 -9999 -9999 -9999 -9999 -9999 -9999 -9999 -9999 -9999 2.49257E-3 2.17689E-3 2.36646E-3 7.96076E-3 2.32156E-2 -9999 -9999 -9999 -9999 -9999 -9999 -9999 -9999 7.91807E-3 1.3807E-2 1.39607E-2 -9999 -9999 -9999 3.43831E-4 3.5811E-4 1.29385E-3 1.44202E-3 1.12701E-3 1.87432E-4 8.88592E-5 3.07713E-5 9.64801E-6 1.78723E-6 3.26549E-6 2.54981E-6 5.23349E-7 3.89133E-6 5.36893E-6 9.68414E-6 8.54738E-6 5.38273E-6 6.01605E-6 7.0534E-6 1.08603E-5 1.43812E-6 4.39282E-6 3.70002E-6 4.43764E-6 2.91752E-6 5.8456E-6 2.64988E-5 1.86678E-5 1.95717E-5 -9999 -9999 -9999 -9999 -9999 -9999 -9999 -9999 -9999 -9999 -9999 -9999 -9999 -9999
-9999 -9999 -9999 -9999 -9999 -9999 -9999 -9999 -9999 -9999 -9999 -9999 -9999 -9999 8.43656E-3 3.94054E-3 4.07276E-3 3.55881E-3 6.2387E-3 1.92462E-2 -9999 -9999 -9999 -9999 -9999 -9999 -9999 -9999 8.05235E-3 5.60432E-3 2.54086E-3 8.59424E-4 3.10456E-4 1.54933E-5 1.41413E-5 2.60449E-4 1.65147E-4 5.17892E-4 4.90422E-4 2.01087E-4 1.34453E-4 2.48121E-4 1.31536E-4 2.49399E-5 4.09049E-6 1.43151E-6 1.58547E-6 3.2992E-6 1.08847E-5 1.22102E-5 5.96292E-6 2.78891E-6 7.25806E-6 3.6629E-6 8.43619E-6 4.43174E-6 1.71597E-6 2.51867E-6 3.61274E-6 1.28123E-5 6.61256E-6 5.36831E-6 7.22136E-6 1.33911E-5 -9999 -9999 -9999 -9999 -9999 -9999 -9999 -9999 -9999 -9999 -9999 -9999 -9999 -9999
-9999 -9999 -9999 -9999 -9999 -9999 -9999 -9999 -9999 -9999 -9999 -9999 -9999 4.70266E-3 4.28226E-3 3.19692E-3 3.9327E-3 5.34728E-3 5.00479E-3 8.54956E-3 -9999 -9999 -9999 -9999 -9999 -9999 -9999 -9999 2.00182E-3 1.09591E-3 5.9817E-4 5.38578E-4 1.45167E-4 5.16744E-5 2.16811E-5 1.32345E-4 2.1938E-5 5.4941E-5 1.91974E-4 8.74227E-5 7.2064E-5 3.60102E-5 1.14761E-5 1.79656E-5 1.56898E-5 1.94676E-5 4.80114E-6 2.6737E-6 6.01128E-6 8.00207E-6 6.64958E-6 4.6749E-6 5.77358E-6 8.33884E-6 6.85785E-6 2.70432E-6 3.80551E-6 3.22098E-6 4.22144E-6 1.13699E-5 8.58579E-6 9.01128E-6 1.41538E-5 1.28297E-5 -9999 -9999 -9999 -9999 -9999 -9999 -9999 -9999 -9999 -9999 -9999 -9999 -9999 -9999
-9999 -9999 -9999 -9999 -9999 -9999 -9999 -9999 -9999 -9999 -9999 -9999 -9999 -9999 -9999 2.76603E-3 4.56435E-3 3.10607E-3 4.34581E-3 9.49618E-3 -9999 -9999 -9999 -9999 -9999 -9999 -9999 -9999 1.43142E-3 4.17675E-4 1.64946E-4 8.27373E-5 2.35552E-5 1.23194E-5 1.46313E-5 1.45437E-4 3.06572E-5 2.35189E-5 8.50141E-5 7.68134E-5 4.79572E-5 1.33399E-4 5.85149E-6 3.65325E-6 3.40117E-6 7.89436E-6 1.42654E-5 1.63369E-5 1.35358E-6 1.16844E-5 6.36826E-6 5.78744E-6 4.25536E-6 1.06655E-5 7.62447E-6 9.63325E-6 1.23054E-5 1.12441E-5 4.9889E-6 1.74478E-5 5.93978E-6 1.08465E-5 7.76272E-6 5.96996E-6 -9999 -9999 -9999 -9999 -9999 -9999 -9999 -9999 -9999 -9999 -9999 -9999 -9999 -9999
-9999 -9999 -9999 -9999 -9999 -9999 -9999 -9999 -9999 -9999 -9999 -9999 -9999 -9999 -9999 -9999 1.51132E-3 1.92179E-3 4.07786E-3 7.26416E-3 -9999 -9999 6.80663E-3 -9999 -9999 -9999 -9999 -9999 2.24337E-3 2.58031E-4 3.30108E-5 1.64008E-5 7.55202E-6 6.67021E-6 2.12288E-5 4.69505E-5 2.09331E-5 4.69961E-6 1.26951E-5 6.68062E-5 2.38336E-5 6.20257E-6 1.44983E-5 3.03416E-6 3.31713E-6 7.96613E-7 1.22361E-5 9.40866E-6 7.83814E-6 2.38317E-5 1.06026E-5 8.46333E-6 1.65579E-6 3.67461E-6 1.42756E-5 2.15696E-6 3.64046E-6 5.26897E-6 1.20728E-5 9.50131E-6 1.42375E-5 8.67993E-6 5.30145E-6 -9999 -9999 -9999 -9999 -9999 -9999 -9999 -9999 -9999 -9999 -9999 -9999 -9999 -9999 -9999
-9999 -9999 -9999 -9999 -9999 -9999 -9999 -9999 -9999 -9999 -9999 -9999 -9999 -9999 -9999 -9999 -9999 1.40605E-3 3.18662E-3 5.8327E-3 -9999 -9999 1.02292E-2 -9999 -9999 -9999 -9999 2.33837E-3 2.47244E-3 5.47625E-4 8.35719E-5 8.32409E-6 4.37451E-6 8.13714E-6 2.1574E-5 1.40881E-5 1.52979E-5 4.21135E-6 6.58709E-6 4.88111E-5 1.71427E-5 1.78702E-6 1.41276E-6 1.44179E-6 8.5056E-6 5.79733E-6 6.91539E-6 4.36384E-6 7.80559E-6 9.10076E-6 1.15949E-5 1.27544E-5 3.98665E-6 1.57928E-6 5.09823E-6 4.72662E-6 6.79946E-6 1.0412E-5 9.76466E-6 1.05469E-5 1.32953E-5 7.9508E-6 -9999 -9999 -9999 -9999 -9999 -9999 -9999 -9999 -9999 -9999 -9999 -9999 -9999 -9999 -9999 -9999
-9999 -9999 -9999 -9999 -9999 -9999 -9999 -9999 -9999 -9999 -9999 -9999 -9999 -9999 8.14661E-3 -9999 -9999 1.94521E-3 1.49948E-3 3.65371E-3 -9999 -9999 -9999 -9999 -9999 8.35115E-4 7.97285E-4 1.89936E-3 6.91543E-4 2.08683E-4 2.67981E-5 7.83145E-6 1.07778E-5 8.40797E-6 1.47196E-5 1.33746E-5 1.17307E-5 6.85662E-6 6.03242E-6 2.26213E-5 3.5704E-6 2.33482E-6 7.22428E-6 3.80078E-6 8.42171E-6 8.28856E-6 8.71623E-6 5.27993E-6 7.76057E-6 4.33994E-6 8.94446E-6 1.0372E-5 4.05521E-6 1.50736E-6 8.66953E-6 5.7071E-6 1.87621E-5 2.80894E-5 1.0479E-5 1.0902E-5 7.45703E-6 8.22346E-6 -9999 -9999 -9999 -9999 -9999 -9999 -9999 -9999 -9999 -9999 -9999 -9999 -9999 -9999 -9999 -9999
-9999 -9999 -9999 -9999 -9999 -9999 -9999 -9999 -9999 1.1645E-2 1.77543E-2 -9999 -9999 6.91949E-3 9.17279E-3 -9999 -9999 3.42113E-3 2.02533E-3 9.70577E-3 3.25228E-3 -9999 -9999 1.95039E-3 3.07877E-4 2.48E-4 3.39327E-4 2.29504E-4 1.20573E-4 2.49982E-5 4.77927E-5 1.65665E-5 1.11085E-5 6.05886E-6 1.57924E-5 1.53118E-5 6.13731E-6 5.97447E-6 6.28673E-6 2.68126E-5 1.38236E-5 3.49463E-6 6.68487E-6 9.53876E-6 1.23822E-5 5.31752E-6 4.63653E-6 4.23655E-6 7.63235E-6 1.24517E-5 5.77413E-6 7.17938E-6 6.19871E-6 2.96913E-6 1.28077E-5 1.51156E-5 6.20412E-6 1.06914E-5 1.1082E-5 1.04846E-5 6.76827E-6 5.63842E-6 -9999 -9999 -9999 -9999 -9999 -9999 -9999 -9999 -9999 -9999 -9999 -9999 -9999 -9999 -9999 -9999
-9999 -9999 -9999 -9999 -9999 -9999 -9999 -9999 -9999 9.5418E-3 8.15743E-3 -9999 -9999 6.33728E-3 1.05477E-2 -9999 -9999 3.20838E-3 2.37391E-3 4.5957E-3 4.1715E-3 -9999 -9999 9.66294E-4 1.68334E-4 1.05715E-4 3.42258E-5 3.732E-5 8.994E-5 7.01578E-5 4.19042E-5 2.00029E-5 4.17841E-6 3.26844E-6 1.01059E-5 5.70483E-6 4.85427E-6 1.38462E-5 1.81914E-5 2.02791E-5 1.19477E-5 3.74387E-6 3.57436E-6 1.03568E-5 8.87918E-6 5.62567E-6 2.027E-6 2.81584E-6 5.94879E-6 8.4164E-6 5.11006E-6 4.94447E-6 6.41678E-6 9.84104E-6 2.20062E-5 2.20324E-5 1.38937E-5 1.98068E-5 9.63167E-6 1.49424E-5 6.0033E-6 8.64614E-6 -9999 -9999 -9999 -9999 -9999 -9999 -9999 -9999 -9999 -9999 -9999 -9999 -9999 -9999 -9999 -9999
-9999 -9999 -9999 -9999 -9999 -9999 -9999 -9999 -9999 1.02779E-2 7.03436E-3 -9999 -9999 8.08257E-3 9.27157E-3 -9999 -9999 2.78209E-3 1.00318E-2 1.61548E-2 5.99574E-3 -9999 -9999 1.84167E-4 6.45908E-5 5.43409E-5 5.36781E-5 1.35522E-4 6.06279E-5 1.81965E-5 7.789E-6 5.73056E-6 4.05444E-6 1.73183E-6 4.77396E-6 4.99104E-6 1.2827E-6 7.05972E-6 6.37512E-6 1.81617E-5 1.38068E-5 7.04299E-6 5.62537E-6 9.70396E-6 7.1401E-6 4.96259E-6 5.3699E-6 4.11815E-6 7.07086E-6 3.94664E-6 6.19894E-6 8.25768E-6 1.47714E-5 8.78794E-6 1.21283E-5 6.94579E-6 1.20775E-5 1.24714E-5 1.12147E-5 7.53636E-6 6.58517E-6 -9999 -9999 -9999 -9999 -9999 -9999 -9999 -9999 -9999 -9999 -9999 -9999 -9999 -9999 -9999 -9999 -9999
-9999 -9999 -9999 -9999 -9999 -9999 -9999 -9999 1.65237E-3 2.99306E-3 5.60078E-3 -9999 -9999 5.21665E-3 7.06848E-3 2.92564E-3 1.70156E-3 3.25169E-3 6.23006E-3 1.36197E-2 6.99264E-3 -9999 2.57354E-3 1.73584E-4 1.29194E-4 2.72074E-4 1.92799E-4 5.11945E-5 1.51268E-5 3.59272E-6 2.54427E-6 4.57654E-6 3.18762E-6 2.16966E-6 2.65107E-6 4.99179E-6 1.67499E-6 3.83359E-6 5.82917E-6 1.07975E-5 1.00449E-5 1.15567E-5 9.37768E-6 9.79469E-6 1.30333E-5 1.13969E-5 9.05488E-6 7.60023E-6 3.68988E-6 3.44469E-6 5.65905E-6 1.41584E-5 1.69715E-5 1.02304E-5 9.57556E-6 9.00522E-6 9.32381E-6 9.04233E-6 8.55848E-6 7.66053E-6 4.03258E-6 -9999 -9999 -9999 -9999 -9999 -9999 -9999 -9999 -9999 -9999 -9999 -9999 -9999 -9999 -9999 -9999 -9999
-9999 -9999 -9999 -9999 -9999 -9999 -9999 -9999 2.96191E-3 9.74145E-4 1.96905E-3 3.78206E-3 -9999 4.0567E-3 2.7332E-3 3.87623E-3 2.28938E-3 7.07147E-3 8.47824E-3 1.57248E-2 5.51658E-3 5.07401E-3 3.07541E-3 8.5099E-4 3.92221E-4 1.15256E-4 3.65352E-5 1.58626E-5 6.95737E-6 1.79044E-6 3.67976E-6 6.7679E-6 4.84482E-6 3.774E-6 4.47681E-6 7.18914E-6 4.34069E-6 9.15737E-6 7.85155E-6 1.32735E-5 9.32044E-6 1.33537E-5 9.71205E-6 1.24356E-5 1.70492E-5 1.80685E-5 1.28234E-5 8.19704E-6 5.59704E-6 7.34032E-6 1.3007E-5 1.64E-5 1.55587E-5 1.17758E-5 8.09346E-6 8.18503E-6 7.02196E-6 8.17687E-6 6.6112E-6 3.33796E-6 3.10533E-6 -9999 -9999 -9999 -9999 -9999 -9999 -9999 -9999 -9999 -9999 -9999 -9999 -9999 -9999 -9999 -9999 -9999
-9999 -9999 -9999 -9999 -9999 8.05625E-3 9.35654E-3 7.32428E-3 3.71223E-3 8.49756E-4 8.75864E-4 1.38335E-3 1.59166E-3 1.97218E-3 1.95078E-3 1.73697E-3 7.46774E-3 6.57794E-3 8.04807E-3 1.64853E-2 6.60534E-3 5.53404E-3 2.96128E-3 8.83632E-4 1.57205E-4 1.16722E-4 4.59595E-5 3.31357E-6 3.95516E-6 2.54217E-6 1.99951E-6 3.41659E-6 3.3425E-6 3.27543E-6 4.99702E-6 4.90101E-6 7.63487E-6 3.56759E-6 3.0806E-6 6.50691E-6 7.83886E-6 6.07418E-6 6.57451E-6 1.78543E-5 1.97055E-5 1.06309E-5 1.08613E-5 8.64487E-6 1.05778E-5 1.17293E-5 1.41075E-5 1.22232E-5 1.46663E-5 1.01893E-5 7.73761E-6 8.85862E-6 4.08876E-6 4.91203E-6 4.39292E-6 2.46147E-6 2.55482E-6 -9999 -9999 -9999 -9999 -9999 -9999 -9999 -9999 -9999 -9999 -9999 -9999 -9999 -9999 -9999 -9999 -9999
-9999 -9999 -9999 -9999 -9999 2.22348E-2 1.75915E-2 1.71734E-2 1.80233E-2 5.76604E-3 -9999 1.26353E-3 1.80195E-3 3.07855E-3 2.82532E-3 6.0481E-3 3.33788E-3 6.0487E-3 6.98892E-3 1.33463E-2 9.27818E-3 3.84668E-3 6.45879E-4 4.00092E-4 1.1441E-4 1.0482E-4 1.5652E-4 1.80689E-5 7.17941E-6 2.74687E-6 4.30468E-6 4.45288E-6 1.03237E-5 1.84401E-6 2.5326E-6 4.68776E-6 3.585E-6 2.90796E-6 5.20219E-6 6.40607E-6 2.87555E-6 5.83882E-6 7.15808E-6 1.1819E-5 9.37409E-6 9.01201E-6 1.28121E-5 1.2252E-5 1.41961E-5 1.51994E-5 9.52019E-6 1.30397E-5 1.12669E-5 6.71933E-6 5.37616E-6 5.13736E-6 1.9445E-6 1.42867E-6 2.06223E-6 1.74904E-6 2.12372E-6 -9999 -9999 -9999 -9999 -9999 -9999 -9999 -9999 -9999 -9999 -9999 -9999 -9999 -9999 -9999 -9999 -9999
-9999 -9999 -9999 -9999 -9999 -9999 1.96212E-2 2.4411E-2 -9999 -9999 -9999 2.27104E-3 -9999 -9999 5.50933E-3 6.98139E-3 5.03885E-3 -9999 -9999 -9999 9.60429E-3 1.19279E-3 2.84461E-4 2.82601E-4 1.4997E-4 2.4916E-4 9.10789E-5 8.06944E-5 9.22469E-6 9.60613E-6 7.63483E-6 1.23809E-5 1.10267E-5 2.66015E-6 2.34274E-6 1.39623E-6 2.22561E-6 3.56396E-6 7.50231E-6 2.22546E-6 3.18285E-6 5.00806E-6 6.82289E-6 8.27379E-6 8.40843E-6 1.21766E-5 1.78715E-5 1.49511E-5 1.57318E-5 1.575E-5 6.77158E-6 5.3371E-6 6.87393E-6 4.40904E-6 3.62596E-6 -9999 -9999 -9999 1.70273E-6 2.63003E-6 1.7976E-6 -9999 -9999 -9999 -9999 -9999 -9999 -9999 -9999 -9999 -9999 -9999 -9999 -9999 -9999 -9999 -9999 -9999
-9999 -9999 -9999 -9999 -9999 -9999 -9999 -9999 -9999 -9999 -9999 -9999 -9999 -9999 -9999 -9999 -9999 -9999 -9999 -9999 4.49229E-3 2.91571E-3 6.32369E-4 1.14152E-3 8.71638E-4 3.94063E-4 1.58726E-4 2.1042E-4 5.39071E-5 1.96207E-4 9.65547E-5 8.70022E-5 1.41268E-5 4.13177E-6 3.05612E-6 1.80494E-6 5.67424E-6 1.86201E-6 1.98092E-6 3.11583E-6 7.38221E-6 3.23435E-6 3.25851E-6 7.98029E-6 8.37619E-6 1.47684E-5 1.74123E-5 1.3589E-5 1.67939E-5 1.12922E-5 5.29014E-6 2.15956E-6 2.46806E-6 2.50687E-6 -9999 -9999 -9999 -9999 1.7651E-6 1.02953E-6 3.73565E-7 -9999 -9999 -9999 -9999 -9999 -9999 -9999 -9999 -9999 -9999 -9999 -9999 -9999 -9999 -9999 -9999 -9999
-9999 -9999 -9999 -9999 -9999 -9999 -9999 -9999 -9999 -9999 -9999 -9999 -9999 -9999 -9999 -9999 -9999 -9999 -9999 -9999 4.75161E-3 3.73181E-3 3.29246E-3 9.12648E-4 1.72054E-3 5.45292E-4 2.73918E-4 2.47877E-4 4.02289E-4 3.2811E-4 1.45024E-4 1.03293E-4 4.92654E-5 1.82832E-5 6.93787E-6 3.83721E-6 3.03824E-6 6.94278E-6 1.36589E-5 4.42972E-6 2.60317E-6 6.25949E-6 2.63705E-6 5.26957E-6 8.75963E-6 1.48417E-5 1.73883E-5 1.4616E-5 1.25575E-5 1.14101E-5 6.49604E-6 -9999 -9999 -9999 -9999 -9999 -9999 5.52978E-7 4.4144E-7 5.98707E-7 6.80135E-7 -9999 -9999 -9999 -9999 -9999 -9999 -9999 -9999 -9999 -9999 -9999 -9999 -9999 -9999 -9999 -9999 -9999
-9999 -9999 -9999 -9999 -9999 -9999 -9999 -9999 -9999 -9999 -9999 -9999 -9999 -9999 -9999 -9999 -9999 3.022E-3 4.54431E-3 1.02893E-2 2.6953E-3 1.4158E-3 2.24914E-3 1.19005E-3 6.81329E-4 3.5817E-4 2.38162E-4 6.24098E-4 4.86109E-4 8.54879E-5 7.505E-6 1.88874E-5 4.6016E-5 2.62941E-5 1.447E-5 9.67022E-6 7.36932E-6 2.63138E-6 1.82784E-6 3.21585E-6 5.17363E-6 1.04798E-5 3.5091E-6 8.09408E-6 8.71562E-6 1.26766E-5 1.76666E-5 9.58329E-6 5.55725E-6 6.16643E-6 5.31884E-6 -9999 -9999 -9999 8.77811E-7 1.76216E-6 1.97861E-6 1.75311E-6 1.0432E-6 7.29418E-7 1.72737E-6 -9999 -9999 -9999 -9999 -9999 -9999 -9999 -9999 -9999 -9999 -9999 -9999 -9999 -9999 -9999 -9999 -9999
-9999 -9999 -9999 -9999 -9999 -9999 -9999 -9999 -9999 -9999 -9999 -9999 -9999 -9999 -9999 5.68298E-3 3.63588E-3 2.12359E-3 4.59271E-3 1.7106E-2 1.15349E-2 6.89948E-3 1.7023E-3 1.09123E-3 6.41923E-4 8.77152E-4 6.9115E-4 1.53877E-4 1.26627E-4 3.18366E-5 3.15377E-6 3.93515E-7 5.19533E-6 1.41703E-5 6.38416E-6 3.8591E-6 7.60877E-7 1.18189E-6 1.4919E-6 4.80035E-6 5.20433E-6 1.21941E-5 8.74036E-6 1.18017E-5 1.32421E-5 1.90653E-5 1.70771E-5 1.26492E-5 6.36363E-6 1.49567E-6 2.22393E-6 -9999 -9999 1.29782E-6 9.37814E-7 2.47232E-6 3.23136E-6 3.69213E-6 4.81107E-6 1.80728E-6 3.47398E-6 -9999 -9999 -9999 -9999 -9999 -9999 -9999 -9999 -9999 -9999 -9999 -9999 -9999 -9999 -9999 -9999 -9999
-9999 -9999 -9999 -9999 -9999 -9999 -9999 -9999 -9999 -9999 -9999 -9999 -9999 -9999 5.21882E-3 1.58836E-3 1.1389E-3 1.28249E-3 1.61218E-3 4.51104E-3 4.36727E-3 4.78448E-3 1.54877E-3 1.18894E-3 3.33756E-3 3.31963E-4 6.47058E-5 4.6127E-5 2.13038E-5 2.35073E-5 1.81276E-6 2.75381E-6 5.50064E-6 5.18989E-6 3.69075E-6 2.46351E-6 8.3899E-6 5.87304E-6 2.33425E-6 2.92554E-6 1.37421E-5 9.22816E-6 1.47877E-5 1.42771E-5 1.68325E-5 1.99992E-5 1.87427E-5 1.37725E-5 8.55012E-6 -9999 -9999 -9999 -9999 8.59632E-7 9.59623E-7 3.70353E-6 1.12867E-6 2.27887E-6 5.84128E-6 3.88382E-6 2.50732E-6 -9999 -9999 -9999 -9999 -9999 -9999 -9999 -9999 -9999 -9999 -9999 -9999 -9999 -9999 -9999 -9999 -9999
-9999 -9999 -9999 -9999 -9999 -9999 -9999 -9999 -9999 -9999 -9999 -9999 -9999 3.28077E-3 6.64087E-4 5.90487E-4 7.01301E-4 1.13129E-3 5.02921E-4 1.92837E-3 2.006E-3 1.58382E-3 6.3114E-3 5.18931E-3 1.55127E-3 5.96518E-5 2.2979E-5 3.77998E-5 1.39873E-5 3.32187E-6 3.5408E-6 4.1519E-6 5.5278E-6 3.46046E-6 2.25848E-6 8.76322E-6 1.06068E-5 4.16923E-6 1.92264E-6 4.52675E-6 1.31802E-5 1.7165E-5 1.04431E-5 1.54702E-5 2.28369E-5 2.0509E-5 1.51376E-5 1.7115E-5 1.25826E-5 -9999 -9999 -9999 -9999 4.18239E-7 7.8078E-7 1.05882E-6 1.07015E-7 3.44251E-7 1.86851E-6 7.61095E-6 1.05785E-5 1.92803E-5 -9999 -9999 -9999 -9999 -9999 -9999 -9999 -9999 -9999 -9999 -9999 -9999 -9999 -9999 -9999 -9999
-9999 -9999 -9999 -9999 -9999 -9999 -9999 -9999 -9999 2.58358E-2 2.95287E-2 -9999 -9999 3.17168E-3 2.22066E-4 1.96521E-4 3.48025E-4 6.39506E-4 6.0964E-4 8.97605E-4 1.59678E-4 3.23299E-4 1.28796E-3 8.8832E-4 6.45195E-4 7.00598E-5 1.13701E-5 1.26524E-5 8.99047E-6 4.55564E-6 4.49923E-6 4.4686E-6 2.11078E-6 2.28097E-6 2.5105E-6 6.99462E-6 9.03299E-6 3.22012E-6 3.01439E-6 4.18239E-6 3.21875E-6 6.02649E-6 1.67036E-5 1.37428E-5 1.84607E-5 1.89149E-5 1.6441E-5 1.68862E-5 8.00371E-6 -9999 -9999 -9999 -9999 -9999 -9999 5.21238E-7 6.92298E-7 8.04389E-7 9.14278E-7 2.46322E-6 8.94097E-6 1.3451E-5 -9999 -9999 -9999 -9999 -9999 -9999 -9999 -9999 -9999 -9999 -9999 -9999 -9999 -9999 -9999 -9999
-9999 -9999 -9999 -9999 -9999 -9999 -9999 -9999 1.58861E-2 2.21413E-2 2.47352E-2 -9999 -9999 1.42575E-3 2.99775E-4 2.71608E-4 3.7879E-4 8.23794E-4 7.15982E-4 5.26458E-4 1.26704E-4 2.88649E-4 9.62786E-4 3.24878E-4 4.47449E-4 1.65381E-4 1.85412E-5 8.5535E-6 6.59182E-6 5.48616E-6 4.36719E-6 6.51048E-6 6.72533E-6 4.79833E-6 5.2324E-6 4.83649E-6 5.32052E-6 5.4739E-6 6.27005E-6 4.843E-6 1.07497E-5 9.33354E-6 1.57237E-5 1.37413E-5 1.77355E-5 1.83168E-5 1.97976E-5 1.25988E-5 1.09388E-5 -9999 -9999 -9999 -9999 -9999 -9999 2.00216E-7 1.64108E-7 2.0279E-7 1.28975E-6 3.66355E-6 6.21172E-6 1.42413E-5 -9999 -9999 -9999 -9999 -9999 -9999 -9999 -9999 -9999 -9999 -9999 -9999 -9999 -9999 -9999 -9999
-9999 -9999 -9999 -9999 4.69647E-2 3.44945E-2 -9999 -9999 9.05056E-3 2.19327E-2 1.35372E-2 2.08378E-3 3.05887E-4 3.01885E-4 2.5057E-4 5.80426E-5 3.28169E-4 8.37257E-4 8.63739E-4 3.36321E-4 1.47935E-4 3.37663E-4 5.75169E-4 9.70667E-5 3.72315E-5 8.41585E-5 3.00737E-5 5.36206E-6 4.08282E-6 3.48413E-6 6.85566E-6 1.20711E-5 1.12355E-5 1.19704E-5 6.88546E-6 6.13638E-6 8.44119E-6 1.40707E-5 1.12221E-5 1.03134E-5 1.0965E-5 1.09645E-5 2.47193E-5 1.74445E-5 1.54608E-5 1.68606E-5 1.72393E-5 1.38982E-5 1.2928E-5 8.74545E-6 3.44697E-6 1.84794E-6 -9999 -9999 -9999 2.50734E-7 1.79039E-7 5.4078E-7 1.39217E-6 2.98285E-6 4.78008E-6 1.24665E-5 2.11853E-5 -9999 -9999 -9999 -9999 -9999 -9999 -9999 -9999 -9999 -9999 -9999 -9999 -9999 -9999 -9999
1.34212E-2 -9999 -9999 3.18367E-2 4.98631E-2 3.84932E-2 -9999 -9999 8.45109E-3 1.42293E-2 4.3652E-3 1.01527E-3 1.92751E-4 8.92738E-5 1.38925E-4 5.77628E-5 1.08526E-4 2.30607E-4 1.31844E-4 1.24742E-4 7.16577E-5 3.51056E-4 2.6384E-4 3.35006E-5 9.2082E-6 3.39371E-5 8.29907E-5 8.28343E-6 4.16997E-6 4.76824E-6 1.36963E-5 2.43801E-5 1.69085E-5 9.41286E-6 5.46381E-6 6.97316E-6 5.61413E-6 6.18903E-6 9.02448E-6 6.15899E-6 1.22046E-5 1.08079E-5 1.7818E-5 1.40447E-5 1.78456E-5 2.09162E-5 1.77018E-5 1.22861E-5 1.73138E-5 1.13243E-5 6.57588E-6 4.00093E-6 3.8378E-6 -9999 -9999 3.96508E-7 1.17766E-7 1.28432E-7 2.8976E-7 1.52362E-6 2.98574E-6 8.11766E-6 2.55651E-5 -9999 -9999 -9999 -9999 -9999 -9999 -9999 -9999 -9999 -9999 -9999 -9999 -9999 -9999 -9999
5.26857E-3 1.87886E-3 9.3271E-3 2.06906E-2 4.07976E-2 2.41439E-2 -9999 7.50161E-3 5.84513E-3 1.78427E-3 7.50634E-4 1.15027E-4 5.37684E-5 5.60557E-5 1.07179E-4 7.53046E-5 4.47074E-5 9.07094E-5 7.17656E-5 7.28781E-5 5.37465E-5 1.87743E-4 2.55346E-4 2.77654E-5 6.45675E-6 2.60408E-5 4.95971E-5 6.2639E-6 6.09255E-6 5.35867E-6 1.17584E-5 1.20715E-5 9.23569E-6 5.7172E-6 5.13145E-6 6.27621E-6 7.87771E-6 4.72041E-6 1.15456E-5 1.67842E-5 1.54773E-5 8.90563E-6 1.46919E-5 1.61258E-5 1.82292E-5 2.08568E-5 2.05763E-5 1.79423E-5 2.05282E-5 1.37391E-5 1.08484E-5 5.30659E-6 3.93877E-6 -9999 -9999 3.34029E-7 2.306E-7 1.36595E-7 1.95254E-7 1.44875E-7 1.05363E-6 4.33011E-6 2.69496E-5 -9999 -9999 -9999 -9999 -9999 -9999 -9999 -9999 -9999 -9999 -9999 -9999 -9999 -9999 -9999
