ENM/Final_Models/M_2_F_lq_Set_1_NE/Gustavia_santanderiensis_4_Choco.asc
ncols         367
nrows         963
xllcorner     -78.6
yllcorner     0.65
cellsize      0.00833333333333323
NODATA_value  -9999
[rows 782 to 815 of 963, columns 156 to 233 of 367]
3.95545E-5 3.64103E-5 3.4631E-5 5.02391E-5 4.80476E-5 1.81123E-5 1.90302E-5 3.2938E-5 7.108E-5 6.84558E-5 3.2595E-5 3.24256E-5 3.76195E-5 3.43391E-5 5.40775E-5 2.01245E-4 1.32642E-4 8.9524E-5 3.11255E-4 2.38812E-3 6.36723E-3 8.68418E-3 3.01029E-2 4.56949E-2 -9999 -9999 -9999 -9999 -9999 -9999 -9999 -9999 -9999 -9999 -9999 -9999 -9999 -9999 -9999 -9999 -9999 4.74173E-2 3.20683E-2 2.65164E-2 4.11095E-2 2.82639E-2 3.29338E-2 5.50334E-2 4.11118E-2 2.91762E-2 2.35025E-2 1.67828E-2 1.59855E-2 2.01949E-2 1.35341E-2 1.17207E-2 1.1301E-2 8.40778E-3 9.74905E-3 8.25156E-3 3.88037E-3 3.99887E-3 2.96576E-3 2.51125E-3 1.20685E-3 7.65453E-4 3.10871E-4 1.11973E-4 7.10254E-5 2.44253E-4 1.56663E-4 2.82568E-4 3.48004E-4 3.20439E-4 1.83188E-4 1.28007E-4 8.16627E-5 5.25666E-5
2.08044E-5 2.01778E-5 2.37862E-5 1.82029E-5 1.86529E-5 1.81815E-5 2.91091E-5 2.92744E-5 5.71162E-5 3.93984E-5 2.59983E-5 2.90372E-5 2.77389E-5 5.70824E-5 1.21642E-4 2.76125E-4 2.62948E-4 3.31314E-4 8.94689E-4 5.64457E-3 1.57686E-2 3.08331E-2 -9999 -9999 1.58473E-2 -9999 -9999 -9999 -9999 -9999 -9999 -9999 -9999 -9999 -9999 -9999 -9999 -9999 -9999 -9999 6.12797E-2 5.01088E-2 4.47E-2 2.42001E-2 4.46871E-2 5.09366E-2 5.46796E-2 5.14696E-2 3.15553E-2 1.24893E-2 9.09565E-3 9.61876E-3 1.23711E-2 1.98239E-2 7.30387E-3 4.07624E-3 8.24539E-3 9.85885E-3 6.78843E-3 3.96929E-3 4.32029E-3 4.16159E-3 1.46355E-3 7.21339E-4 6.27113E-4 5.85106E-4 4.86041E-4 1.39036E-4 5.76603E-5 1.75438E-4 2.02738E-4 2.21666E-4 2.02383E-4 2.15967E-4 1.57119E-4 5.59751E-5 8.6896E-5 6.73013E-5
9.50717E-6 1.53228E-5 1.94344E-5 2.21083E-5 2.71068E-5 2.06602E-5 1.81255E-5 2.96557E-5 7.55956E-5 5.44431E-5 2.31386E-5 3.33657E-5 7.10813E-5 1.50366E-4 2.17816E-4 1.2976E-3 4.56732E-4 2.16769E-3 5.40036E-3 1.41821E-2 2.73223E-2 -9999 -9999 -9999 3.36047E-2 -9999 -9999 -9999 -9999 -9999 -9999 -9999 -9999 -9999 -9999 -9999 -9999 -9999 -9999 4.36555E-2 3.69866E-2 2.75252E-2 3.16575E-2 2.55498E-2 5.90219E-2 6.4706E-2 5.35625E-2 2.71482E-2 1.14338E-2 2.86311E-3 1.19703E-2 8.09582E-3 8.78043E-3 7.45317E-3 1.43242E-2 3.8658E-3 3.00472E-3 1.4895E-3 2.33905E-3 2.12735E-3 1.37967E-3 1.24285E-3 1.69656E-3 8.4153E-4 4.59099E-4 1.41581E-4 9.55671E-5 1.85569E-4 1.66456E-4 1.7021E-4 1.88537E-4 1.43774E-4 2.59042E-4 1.54533E-4 9.81363E-5 1.09937E-4 5.18034E-5 5.85769E-5
9.10239E-6 2.51111E-5 3.50846E-5 3.58246E-5 2.39276E-5 2.16361E-5 2.27732E-5 5.72262E-5 7.24612E-5 5.2338E-5 3.71942E-5 7.19158E-5 1.7176E-4 3.41814E-4 9.03967E-4 3.02823E-3 2.19945E-4 1.16529E-3 6.02103E-3 2.27542E-2 2.16033E-2 -9999 -9999 -9999 5.76258E-2 -9999 -9999 -9999 -9999 -9999 -9999 -9999 -9999 -9999 -9999 -9999 -9999 -9999 2.35611E-2 2.55718E-2 3.36304E-2 2.32056E-2 2.2997E-2 4.26907E-2 6.92779E-2 5.89112E-2 3.11586E-2 2.77648E-2 5.36065E-3 1.53971E-3 8.90664E-3 7.79123E-3 3.08907E-3 3.41623E-3 1.32251E-2 6.08216E-3 1.83056E-3 1.11851E-3 1.70877E-3 8.69674E-4 2.93582E-4 3.06134E-4 2.25359E-3 1.10901E-3 3.12032E-4 2.17689E-4 2.65187E-4 1.19407E-4 1.273E-4 1.768E-4 1.78181E-4 1.25917E-4 1.74749E-4 2.90194E-4 1.50998E-4 8.9453E-5 4.37882E-5 5.17288E-5
1.41748E-5 2.42623E-5 5.00989E-5 7.59711E-5 2.56197E-5 1.80539E-5 2.87267E-5 7.46733E-5 1.11415E-4 4.57017E-5 5.04424E-5 6.09471E-5 2.55622E-4 5.6943E-4 1.21587E-3 2.74625E-3 2.58499E-4 2.36466E-4 2.90528E-3 7.4733E-3 -9999 -9999 -9999 -9999 -9999 -9999 -9999 -9999 -9999 -9999 -9999 -9999 -9999 -9999 -9999 -9999 -9999 -9999 -9999 3.117E-2 3.00601E-2 2.51717E-2 3.34014E-2 6.54712E-2 6.73271E-2 3.15056E-2 1.95597E-2 9.94017E-3 4.27467E-3 1.29764E-3 4.97787E-3 4.54596E-3 2.15153E-3 2.88024E-3 1.17882E-2 1.04167E-2 2.49065E-3 1.55823E-3 4.56112E-4 3.6529E-4 2.25425E-4 4.28145E-4 8.00761E-4 1.15352E-3 1.37188E-4 1.13084E-4 2.21857E-4 1.90005E-4 2.29951E-4 1.50957E-4 1.76809E-4 1.77713E-4 1.60619E-4 1.79931E-4 2.01031E-4 1.5176E-4 6.84704E-5 5.99201E-5
1.582E-5 1.32674E-5 4.27913E-5 2.06801E-4 1.12702E-4 2.74679E-5 3.96474E-5 1.13412E-4 2.4249E-4 4.32641E-5 3.85138E-5 7.43669E-5 2.4111E-4 5.34917E-4 1.58813E-3 2.38296E-3 2.16135E-3 2.37488E-4 6.47864E-4 4.51628E-3 -9999 -9999 -9999 -9999 -9999 -9999 -9999 -9999 -9999 -9999 -9999 -9999 -9999 -9999 -9999 -9999 -9999 -9999 -9999 4.31348E-2 3.50248E-2 6.71831E-2 6.07714E-2 9.54347E-2 7.81316E-2 4.329E-2 2.42637E-2 6.29507E-3 1.52431E-3 7.72588E-4 3.31097E-3 4.01111E-3 3.97587E-3 4.40208E-3 1.37473E-2 1.18646E-2 2.95526E-3 1.0226E-3 1.33184E-4 2.74094E-4 1.02848E-4 3.08428E-4 6.61079E-4 2.067E-4 1.09973E-4 1.38888E-4 9.81185E-5 2.73224E-4 2.44186E-4 1.58341E-4 1.54885E-4 2.48146E-4 1.63181E-4 1.14566E-4 9.47708E-5 1.06394E-4 1.09378E-4 7.86906E-5
1.22154E-5 1.7394E-5 4.96031E-5 1.29442E-4 7.23702E-5 4.7135E-5 7.24188E-5 1.47493E-4 4.81994E-4 1.00455E-4 1.63501E-5 3.04011E-5 1.85263E-4 6.25371E-4 2.39283E-3 5.73925E-3 2.27918E-3 1.58915E-3 3.0448E-4 3.80631E-3 1.31158E-2 -9999 -9999 -9999 -9999 -9999 -9999 -9999 -9999 -9999 -9999 -9999 -9999 -9999 -9999 -9999 -9999 4.77132E-2 7.2782E-2 5.12153E-2 4.44317E-2 9.3413E-2 1.07023E-1 7.17788E-2 4.05947E-2 3.99662E-2 1.68221E-2 7.08349E-3 4.57529E-4 2.69757E-4 4.82432E-4 1.49058E-3 4.02546E-3 6.56451E-3 7.81963E-3 1.05131E-2 5.00226E-3 6.44381E-4 5.60617E-4 2.70681E-4 1.97156E-4 2.60203E-4 2.99491E-4 4.02228E-4 1.38461E-4 2.04257E-4 2.77583E-4 2.40632E-4 1.46204E-4 1.33103E-4 1.89721E-4 8.03107E-5 1.01727E-4 1.32888E-4 1.4042E-4 1.85989E-4 1.36696E-4 5.68386E-5
1.0083E-5 1.67648E-5 3.67949E-5 5.45814E-5 3.09586E-5 1.9355E-5 4.53151E-5 1.00979E-4 4.98696E-4 1.27203E-4 3.67266E-5 5.18699E-5 1.21348E-4 1.41256E-3 7.58693E-3 1.1511E-2 7.58388E-3 2.63766E-3 1.3386E-3 5.78674E-3 1.86813E-2 3.81528E-2 -9999 -9999 -9999 -9999 -9999 -9999 -9999 -9999 -9999 -9999 -9999 -9999 -9999 -9999 3.5963E-2 4.71292E-2 8.79026E-2 4.89198E-2 7.11251E-2 7.50937E-2 4.40812E-2 2.97847E-2 3.3181E-2 3.08837E-2 4.43874E-3 4.18392E-3 1.37776E-3 6.0406E-4 2.33409E-4 1.52548E-3 2.15052E-3 3.84487E-3 1.94375E-3 3.7803E-3 4.70222E-3 1.45925E-3 7.41779E-4 3.08218E-4 1.93343E-4 1.67797E-4 1.83454E-4 2.17977E-4 2.13856E-4 2.65534E-4 2.20236E-4 2.86334E-4 2.25392E-4 1.60215E-4 6.91287E-5 1.22106E-4 5.36378E-5 5.41634E-5 5.05453E-5 6.78108E-5 1.18951E-4 1.49848E-4
9.76038E-6 2.28495E-5 2.10473E-5 1.3981E-4 4.65741E-4 1.46136E-4 3.29286E-4 9.11236E-4 2.73761E-4 1.14465E-4 4.91238E-5 5.43598E-5 4.68286E-4 1.16533E-3 7.39236E-3 2.34119E-2 1.17383E-2 9.86962E-3 8.73873E-3 3.77468E-3 1.77006E-2 -9999 -9999 -9999 -9999 -9999 -9999 -9999 -9999 -9999 -9999 -9999 -9999 -9999 -9999 -9999 3.56544E-2 4.11886E-2 8.89214E-2 9.29478E-2 7.11027E-2 3.73846E-2 1.54262E-2 9.75333E-3 1.16186E-2 1.48832E-2 4.83645E-3 5.88623E-4 6.0547E-4 4.91576E-4 4.57825E-4 8.18577E-4 5.87635E-4 1.97111E-3 1.08147E-3 8.90909E-4 4.74451E-3 1.63307E-3 1.22975E-4 2.53318E-4 1.74042E-4 1.55354E-4 1.63761E-4 2.17952E-4 2.66229E-4 3.20429E-4 2.25886E-4 1.91511E-4 1.29928E-4 6.98823E-5 4.25989E-5 5.14432E-5 6.08749E-5 2.88783E-5 4.97705E-5 6.66324E-5 1.09009E-4 6.1225E-5
1.14457E-5 1.86232E-5 2.72377E-5 6.36448E-5 7.54735E-4 1.31454E-3 1.4413E-3 1.97166E-3 1.90481E-4 3.93657E-5 4.88754E-5 2.08344E-4 8.37404E-4 1.97771E-3 8.65226E-3 -9999 1.90439E-2 2.95836E-2 1.6639E-2 1.65737E-2 1.80212E-2 -9999 -9999 -9999 -9999 -9999 -9999 -9999 -9999 -9999 -9999 -9999 -9999 -9999 -9999 -9999 3.46334E-2 6.93735E-2 1.14337E-1 1.0651E-1 4.65658E-2 1.68699E-2 1.04946E-2 1.07771E-2 6.32559E-3 3.73043E-3 9.8546E-3 1.05422E-3 6.21098E-4 4.2264E-4 4.93021E-4 3.19659E-4 5.89993E-4 7.9926E-4 3.94477E-4 7.14715E-4 2.24621E-3 1.40821E-3 1.12332E-4 2.30125E-4 1.11978E-4 1.2161E-4 1.72173E-4 1.9514E-4 1.67282E-4 1.45969E-4 2.2179E-4 1.63324E-4 8.44486E-5 8.21286E-5 4.52448E-5 4.21655E-5 5.30422E-5 6.59754E-5 1.47342E-4 8.4709E-5 8.16208E-5 4.95684E-5
9.56856E-6 2.34736E-5 7.37565E-6 1.60229E-5 2.93065E-4 4.37807E-3 2.66159E-3 4.76488E-4 6.94506E-5 5.48949E-5 1.11484E-4 6.27291E-4 2.02762E-3 3.9638E-3 6.19236E-3 -9999 -9999 -9999 5.0163E-2 3.89801E-2 1.26779E-1 -9999 -9999 -9999 -9999 -9999 -9999 -9999 -9999 -9999 -9999 -9999 -9999 -9999 -9999 -9999 -9999 -9999 -9999 6.70134E-2 1.89574E-2 1.99586E-2 1.96075E-2 7.59878E-3 2.01274E-3 5.63594E-4 2.33062E-3 1.30646E-3 5.12146E-4 1.40671E-4 1.08865E-4 9.5719E-5 3.0678E-4 4.88937E-4 1.50959E-4 1.40337E-4 6.34258E-4 2.27505E-3 3.74844E-4 1.91695E-4 1.00474E-4 1.16192E-4 1.45876E-4 1.82414E-4 1.73358E-4 1.04873E-4 1.09551E-4 1.05133E-4 1.02624E-4 7.45938E-5 3.57739E-5 1.85673E-5 5.08931E-5 4.4316E-5 1.6502E-4 8.34138E-5 5.84564E-5 5.39651E-5
1.56588E-5 3.71764E-5 3.97962E-5 1.04301E-4 4.74964E-4 5.65432E-3 1.57361E-3 8.71936E-5 4.13629E-5 6.8093E-5 2.66712E-4 1.00465E-3 4.00603E-3 1.13025E-2 2.09773E-2 2.75603E-2 -9999 -9999 -9999 -9999 -9999 -9999 -9999 -9999 -9999 -9999 -9999 -9999 -9999 -9999 -9999 -9999 -9999 -9999 -9999 -9999 -9999 1.12974E-1 4.50252E-2 2.11319E-2 3.60211E-2 2.51528E-2 8.87903E-3 3.38128E-3 1.91151E-3 4.76892E-4 1.01691E-3 1.42228E-3 2.98322E-4 6.11939E-5 9.32759E-5 6.35892E-5 1.53513E-4 1.10693E-4 1.33096E-4 2.07186E-4 7.66136E-4 4.87385E-4 7.74938E-4 1.73003E-4 9.06994E-5 6.5955E-5 9.57856E-5 1.03005E-4 1.0565E-4 1.10645E-4 1.4174E-4 2.20968E-4 1.00757E-4 5.9158E-5 5.17471E-5 3.26E-5 4.06123E-5 4.09092E-5 1.20569E-4 5.66633E-5 3.82067E-5 3.93709E-5
1.39459E-5 3.59497E-5 4.87766E-4 3.54079E-4 5.26207E-3 4.21454E-3 8.69314E-4 1.14866E-4 2.26073E-5 1.97771E-4 7.67705E-4 2.91646E-3 8.64841E-3 1.71047E-2 1.36027E-2 2.56436E-2 -9999 -9999 -9999 -9999 -9999 -9999 -9999 -9999 -9999 -9999 -9999 -9999 -9999 -9999 -9999 -9999 -9999 -9999 -9999 -9999 9.92383E-2 7.40064E-2 -9999 3.89009E-2 3.45942E-2 1.09063E-2 8.88984E-3 6.58133E-3 2.40799E-3 1.23094E-3 4.94193E-4 1.87292E-4 2.50675E-4 1.65537E-4 1.74968E-4 1.69108E-4 2.29075E-4 1.55013E-4 7.63522E-5 1.39905E-4 3.3425E-4 2.78063E-4 9.504E-4 1.46032E-4 9.53646E-5 7.43104E-5 7.97369E-5 7.01375E-5 9.14471E-5 6.74812E-5 1.00586E-4 1.4561E-4 1.66196E-4 8.02533E-5 6.37428E-5 5.53551E-5 4.44174E-5 3.67736E-5 4.64768E-5 9.06381E-5 3.39693E-5 2.94219E-5
4.65728E-5 5.80746E-5 9.47585E-4 5.10374E-3 9.47744E-3 2.1409E-3 5.69047E-4 1.76866E-5 3.72337E-5 2.05185E-4 1.36712E-3 5.15357E-3 2.1014E-2 2.08725E-2 3.73386E-2 -9999 -9999 -9999 -9999 -9999 -9999 -9999 -9999 -9999 -9999 -9999 -9999 -9999 -9999 -9999 -9999 -9999 -9999 -9999 -9999 8.11769E-2 8.75704E-2 -9999 -9999 6.45198E-2 5.464E-2 2.11011E-2 1.29056E-2 3.79722E-3 7.4359E-3 5.5463E-3 1.05885E-3 1.68628E-4 3.84267E-4 1.45626E-4 1.55258E-4 2.19253E-4 2.11741E-4 2.14621E-4 1.67421E-4 1.67887E-4 1.46157E-4 1.23058E-4 1.70999E-4 2.45809E-4 1.06182E-4 6.63371E-5 6.92189E-5 9.61637E-5 1.00922E-4 7.59971E-5 7.43239E-5 6.54571E-5 5.36775E-5 6.55055E-5 5.26279E-5 5.73905E-5 3.04857E-5 3.36252E-5 4.13032E-5 8.44301E-5 4.74787E-5 3.6791E-5
9.78997E-6 9.81115E-5 2.33075E-4 5.64734E-3 1.02785E-2 -9999 -9999 1.25024E-4 1.0204E-4 6.95268E-4 1.8257E-3 5.60701E-3 1.67218E-2 3.41945E-2 -9999 -9999 -9999 -9999 -9999 -9999 -9999 -9999 -9999 -9999 -9999 -9999 -9999 -9999 -9999 -9999 -9999 -9999 -9999 -9999 -9999 -9999 -9999 -9999 -9999 3.09326E-2 3.05781E-2 4.54631E-2 3.4455E-2 2.33148E-2 1.11375E-2 1.29576E-2 3.25486E-3 1.57555E-3 8.6815E-4 2.11133E-4 1.83156E-4 1.37294E-4 1.19897E-4 1.75545E-4 1.68494E-4 2.29221E-4 1.97856E-4 1.81741E-4 1.14294E-4 1.38287E-4 1.51085E-4 6.99738E-5 7.00004E-5 5.4471E-5 1.17776E-4 5.02166E-5 4.3272E-5 4.38966E-5 4.94115E-5 6.50572E-5 5.88433E-5 3.93823E-5 3.1078E-5 4.54778E-5 4.73662E-5 8.78031E-5 3.549E-5 4.79761E-5
1.03154E-3 3.57288E-4 5.69814E-4 9.02419E-3 1.15028E-2 -9999 -9999 3.74196E-4 5.39657E-4 1.99901E-3 6.09531E-3 1.21378E-2 2.17119E-2 2.00819E-2 5.66697E-2 -9999 -9999 -9999 -9999 -9999 -9999 -9999 -9999 -9999 -9999 -9999 -9999 -9999 -9999 -9999 -9999 -9999 -9999 -9999 -9999 -9999 -9999 -9999 -9999 2.3178E-2 1.86387E-2 3.4381E-2 1.72039E-2 9.77258E-3 7.39569E-3 5.58099E-3 4.04532E-3 2.28259E-3 2.27733E-3 7.16446E-4 2.05252E-4 1.80669E-4 1.98703E-4 1.23706E-4 1.38449E-4 2.76307E-4 2.32253E-4 1.18279E-4 1.09984E-4 1.01755E-4 1.20847E-4 8.1462E-5 7.2113E-5 5.88761E-5 6.3023E-5 4.6777E-5 3.19975E-5 3.68562E-5 4.43929E-5 4.71931E-5 3.85732E-5 4.02591E-5 2.76127E-5 5.04969E-5 5.19853E-5 7.05869E-5 5.36901E-5 3.54149E-5
7.55906E-4 2.6742E-3 7.33463E-3 1.16075E-2 1.2898E-2 -9999 -9999 2.68897E-3 2.94217E-3 5.33444E-3 7.85401E-3 2.99252E-2 3.01375E-2 2.01825E-2 7.68028E-2 -9999 -9999 -9999 -9999 -9999 -9999 -9999 -9999 -9999 -9999 -9999 -9999 -9999 -9999 -9999 -9999 -9999 -9999 -9999 -9999 -9999 -9999 -9999 -9999 1.83533E-2 1.43535E-2 3.01046E-2 8.96957E-3 2.02175E-3 6.24909E-4 1.28698E-3 8.6806E-4 1.04851E-3 2.71614E-4 4.74466E-4 3.19339E-4 3.256E-4 2.83826E-4 1.60679E-4 8.16395E-5 1.14697E-4 1.25975E-4 1.03664E-4 6.56223E-5 1.45796E-4 1.38969E-4 9.66876E-5 6.91399E-5 3.94859E-5 3.9345E-5 4.65966E-5 4.30348E-5 2.95673E-5 2.88781E-5 3.85033E-5 4.36934E-5 3.44611E-5 2.93091E-5 4.07566E-5 3.70906E-5 4.61116E-5 5.46772E-5 5.21788E-5
7.03096E-5 4.38291E-4 1.2502E-2 -9999 -9999 -9999 -9999 8.97871E-3 6.58507E-3 1.5036E-2 2.15118E-2 3.37607E-2 -9999 -9999 -9999 -9999 -9999 -9999 -9999 -9999 -9999 -9999 -9999 -9999 -9999 -9999 -9999 -9999 -9999 -9999 -9999 -9999 -9999 -9999 -9999 -9999 -9999 -9999 1.07368E-2 1.61299E-2 1.00975E-2 1.15332E-2 6.55955E-3 1.10936E-3 7.04494E-4 8.73633E-4 2.45633E-3 5.20736E-4 2.45629E-4 2.97569E-4 2.75058E-4 1.60509E-4 2.04747E-4 1.59033E-4 9.22304E-5 5.90203E-5 4.95792E-5 5.36967E-5 8.0366E-5 1.32734E-4 8.29509E-5 1.31575E-4 7.95813E-5 4.62986E-5 3.82063E-5 4.66866E-5 3.98345E-5 4.82362E-5 4.09566E-5 2.4284E-5 1.79995E-5 1.75584E-5 3.25519E-5 4.90707E-5 4.15363E-5 3.96656E-5 3.87857E-5 3.79184E-5
5.38267E-5 1.30288E-3 1.69923E-2 -9999 -9999 -9999 -9999 7.85114E-3 2.38031E-2 1.23968E-2 6.56168E-2 1.09838E-1 -9999 -9999 -9999 -9999 -9999 -9999 -9999 -9999 -9999 -9999 -9999 -9999 -9999 -9999 -9999 -9999 -9999 -9999 -9999 -9999 -9999 -9999 -9999 -9999 -9999 -9999 3.4773E-3 2.6786E-3 1.52651E-2 6.65577E-3 2.75408E-3 2.13205E-3 6.17732E-4 2.68738E-4 6.47099E-4 4.84287E-4 2.97882E-4 2.8291E-4 2.11356E-4 1.89741E-4 4.21604E-4 1.20246E-4 6.03642E-5 7.8105E-5 7.54211E-5 7.0839E-5 1.03147E-4 7.57173E-5 4.37789E-5 1.24505E-4 1.71348E-4 7.35475E-5 6.11312E-5 4.39469E-5 4.30978E-5 3.95708E-5 3.98375E-5 2.71078E-5 1.48918E-5 2.09973E-5 3.93692E-5 4.59934E-5 3.89436E-5 3.4948E-5 3.23939E-5 3.42767E-5
1.42469E-4 1.65755E-3 1.55278E-2 1.25192E-2 -9999 -9999 -9999 -9999 -9999 5.27689E-2 7.23736E-2 9.61798E-2 -9999 -9999 -9999 -9999 -9999 -9999 -9999 -9999 -9999 -9999 -9999 -9999 -9999 -9999 -9999 -9999 -9999 -9999 -9999 -9999 -9999 -9999 -9999 -9999 -9999 -9999 2.51245E-3 5.8534E-3 9.39338E-3 4.06307E-3 4.42874E-4 7.40536E-4 1.22068E-3 9.599E-4 6.7834E-4 2.29597E-4 2.4938E-4 2.10365E-4 2.49549E-4 1.97661E-4 1.56706E-4 1.62441E-4 1.15625E-4 6.6958E-5 6.71103E-5 4.16239E-5 3.57951E-5 3.79004E-5 4.39389E-5 3.14101E-5 6.7455E-5 9.35749E-5 5.03046E-5 4.14739E-5 3.42964E-5 2.91419E-5 4.13822E-5 3.6731E-5 2.01774E-5 3.81101E-5 4.24684E-5 3.87466E-5 4.02916E-5 3.05956E-5 2.9875E-5 3.52435E-5
4.90312E-4 2.9687E-3 1.08104E-2 6.32553E-3 -9999 -9999 -9999 -9999 -9999 -9999 8.23138E-2 -9999 -9999 -9999 -9999 -9999 -9999 -9999 -9999 -9999 -9999 -9999 -9999 -9999 -9999 -9999 -9999 -9999 -9999 -9999 -9999 -9999 -9999 -9999 -9999 -9999 -9999 -9999 1.66097E-2 2.52831E-3 4.95713E-3 2.80889E-3 1.17227E-3 1.69031E-3 1.68579E-3 1.00635E-3 3.28311E-4 2.09714E-4 9.70833E-5 1.20384E-4 1.22577E-4 1.19136E-4 1.06838E-4 9.23772E-5 1.01142E-4 5.51911E-5 5.03858E-5 4.99004E-5 4.56834E-5 5.61825E-5 3.74069E-5 4.18286E-5 8.6888E-5 8.89188E-5 5.9463E-5 4.55066E-5 3.22888E-5 3.98324E-5 4.09257E-5 3.02512E-5 2.59869E-5 4.45386E-5 3.94522E-5 4.40947E-5 3.5016E-5 3.17063E-5 3.95765E-5 4.18857E-5
9.35851E-5 1.65379E-3 1.23053E-3 1.10098E-3 2.58461E-3 4.73941E-3 1.2016E-2 -9999 -9999 -9999 -9999 -9999 -9999 -9999 -9999 -9999 -9999 -9999 -9999 -9999 -9999 -9999 -9999 -9999 -9999 -9999 -9999 -9999 -9999 -9999 -9999 -9999 -9999 -9999 -9999 -9999 -9999 -9999 2.01691E-2 5.37247E-3 7.87958E-3 8.47153E-3 5.82892E-3 1.20348E-3 8.33114E-4 2.0372E-4 1.38977E-4 2.22952E-4 3.63376E-4 9.57299E-5 9.317E-5 4.06946E-5 6.77601E-5 7.41462E-5 6.21007E-5 5.93573E-5 5.86252E-5 5.74867E-5 7.47062E-5 6.55832E-5 2.27845E-5 3.29098E-5 3.34246E-5 3.42573E-5 3.57275E-5 4.07359E-5 2.86993E-5 4.61849E-5 3.96821E-5 3.31444E-5 2.99323E-5 2.78287E-5 3.98881E-5 3.0093E-5 2.58707E-5 2.60893E-5 3.47627E-5 3.58824E-5
1.41711E-4 1.60534E-3 1.21575E-3 2.96524E-3 3.51988E-3 2.01269E-3 4.48387E-3 1.72675E-2 5.07336E-2 -9999 -9999 -9999 -9999 -9999 -9999 -9999 -9999 -9999 -9999 -9999 -9999 -9999 -9999 -9999 -9999 -9999 -9999 -9999 -9999 -9999 -9999 -9999 -9999 -9999 -9999 -9999 -9999 -9999 -9999 9.51746E-3 7.88448E-3 1.12376E-2 5.35412E-3 7.7386E-4 2.71057E-4 1.14926E-4 9.67735E-5 1.0603E-4 2.52904E-4 1.57579E-4 8.00908E-5 4.26353E-5 4.85816E-5 6.17005E-5 5.92643E-5 5.55307E-5 5.64048E-5 6.43995E-5 7.61316E-5 5.45168E-5 3.31518E-5 3.60836E-5 2.90803E-5 3.83311E-5 3.14945E-5 3.34888E-5 3.87802E-5 4.29366E-5 4.50838E-5 3.96627E-5 3.33252E-5 3.82786E-5 3.78649E-5 2.37962E-5 -9999 -9999 2.7549E-5 2.2009E-5
9.17253E-5 9.25678E-4 5.14292E-3 7.3498E-3 8.78663E-3 5.12022E-3 4.85457E-3 3.97443E-2 1.11753E-1 6.52247E-2 -9999 -9999 -9999 -9999 -9999 -9999 -9999 -9999 -9999 -9999 -9999 -9999 -9999 -9999 -9999 -9999 -9999 -9999 -9999 -9999 -9999 -9999 -9999 -9999 -9999 -9999 -9999 -9999 -9999 1.75313E-2 9.79664E-3 6.80286E-3 5.02659E-3 3.12656E-3 4.08171E-4 1.8394E-4 2.97645E-4 4.04299E-4 2.21876E-4 7.54022E-5 1.02858E-4 7.40157E-5 8.04515E-5 4.55027E-5 4.15446E-5 6.3749E-5 5.64621E-5 8.12184E-5 8.3778E-5 4.34262E-5 3.40204E-5 2.51106E-5 2.87575E-5 3.08593E-5 2.77632E-5 2.2997E-5 3.40982E-5 3.29611E-5 4.06443E-5 3.56224E-5 2.88072E-5 -9999 -9999 -9999 -9999 -9999 -9999 -9999
7.22004E-4 1.2338E-3 1.06195E-2 1.28869E-2 4.11677E-2 -9999 6.72544E-3 4.72246E-2 -9999 -9999 -9999 -9999 -9999 -9999 -9999 -9999 -9999 -9999 -9999 -9999 -9999 -9999 -9999 -9999 -9999 -9999 -9999 -9999 -9999 -9999 -9999 -9999 -9999 -9999 -9999 -9999 -9999 -9999 -9999 -9999 2.21507E-2 1.39594E-2 1.11171E-2 1.5152E-3 3.12614E-4 2.81828E-4 1.16174E-3 6.64993E-4 1.33374E-4 5.38994E-5 4.72791E-5 6.89439E-5 7.86113E-5 1.13329E-4 7.26743E-5 7.67709E-5 6.71379E-5 7.06731E-5 8.30811E-5 4.65317E-5 4.98222E-5 5.24586E-5 5.11705E-5 5.30698E-5 3.614E-5 3.80655E-5 3.12753E-5 5.1922E-5 4.57266E-5 -9999 -9999 -9999 -9999 -9999 -9999 -9999 -9999 -9999
2.2677E-3 2.32221E-3 1.41887E-2 1.38785E-2 5.39428E-2 -9999 1.62115E-2 -9999 -9999 -9999 -9999 -9999 -9999 -9999 -9999 -9999 -9999 -9999 -9999 -9999 -9999 -9999 -9999 -9999 -9999 -9999 -9999 -9999 -9999 -9999 -9999 -9999 -9999 -9999 -9999 -9999 -9999 -9999 -9999 -9999 -9999 1.62776E-2 1.52985E-2 4.16109E-3 6.86904E-4 1.14302E-3 1.04333E-3 5.64259E-4 1.82238E-4 1.01682E-4 1.07751E-4 6.89207E-5 6.09928E-5 1.33387E-4 1.04098E-4 1.07195E-4 6.83898E-5 7.21127E-5 4.48271E-5 4.38232E-5 5.99282E-5 6.96735E-5 6.68266E-5 5.33798E-5 4.77858E-5 4.89393E-5 4.60887E-5 4.36291E-5 -9999 -9999 -9999 -9999 -9999 -9999 -9999 -9999 -9999 -9999
5.74471E-3 6.13571E-3 1.45844E-2 4.81363E-2 -9999 -9999 -9999 -9999 -9999 -9999 -9999 -9999 -9999 -9999 -9999 -9999 -9999 -9999 -9999 -9999 -9999 -9999 -9999 -9999 -9999 -9999 -9999 -9999 -9999 -9999 -9999 -9999 -9999 -9999 -9999 -9999 -9999 -9999 -9999 -9999 -9999 -9999 1.07562E-2 1.17622E-3 1.77495E-3 2.93517E-3 1.94163E-3 6.5718E-4 2.33694E-4 1.52274E-4 1.80547E-4 1.74139E-4 1.28447E-4 8.08191E-5 2.04251E-4 1.02622E-4 7.0684E-5 6.94902E-5 4.76887E-5 4.60695E-5 2.95476E-5 5.68517E-5 6.82881E-5 5.13261E-5 5.48718E-5 4.81467E-5 3.39393E-5 -9999 -9999 -9999 -9999 -9999 -9999 -9999 -9999 -9999 -9999 -9999
6.41959E-3 1.77464E-2 1.05779E-2 2.38235E-2 -9999 -9999 -9999 -9999 -9999 -9999 -9999 -9999 -9999 -9999 -9999 -9999 -9999 -9999 -9999 -9999 -9999 -9999 -9999 -9999 -9999 -9999 -9999 -9999 -9999 -9999 -9999 -9999 -9999 -9999 -9999 -9999 1.61025E-2 1.40085E-2 1.61272E-2 -9999 -9999 -9999 -9999 1.11318E-2 1.2818E-2 7.43649E-3 2.23714E-3 7.16091E-4 1.69263E-4 2.25595E-4 2.26573E-4 4.30744E-4 1.75781E-4 2.40449E-5 1.26597E-4 1.43474E-4 1.11846E-4 8.46564E-5 5.14014E-5 5.89428E-5 5.47333E-5 5.10531E-5 8.95142E-5 4.72018E-5 5.15327E-5 4.81049E-5 -9999 -9999 -9999 -9999 -9999 -9999 -9999 -9999 -9999 -9999 -9999 -9999
1.3216E-2 3.1481E-2 -9999 -9999 1.92001E-2 -9999 -9999 -9999 -9999 -9999 -9999 -9999 -9999 -9999 -9999 -9999 -9999 -9999 -9999 -9999 -9999 -9999 -9999 -9999 -9999 -9999 -9999 -9999 -9999 -9999 -9999 -9999 -9999 -9999 -9999 -9999 3.06254E-3 3.3982E-3 1.1435E-2 1.53764E-2 1.63752E-2 -9999 -9999 2.98217E-2 2.30121E-2 1.86907E-2 2.07706E-3 4.4922E-4 6.46905E-4 1.09317E-3 1.08063E-3 6.23085E-4 1.34451E-4 3.28613E-5 1.6125E-4 1.59883E-4 8.85627E-5 1.73067E-4 6.04869E-5 6.1601E-5 7.93552E-5 9.64667E-5 8.44522E-5 4.27842E-5 3.95336E-5 -9999 -9999 -9999 -9999 -9999 -9999 -9999 -9999 -9999 -9999 -9999 -9999 -9999
2.10679E-2 2.8129E-2 -9999 -9999 2.63363E-2 -9999 -9999 -9999 -9999 -9999 -9999 -9999 -9999 -9999 -9999 -9999 -9999 -9999 -9999 -9999 -9999 -9999 -9999 -9999 -9999 -9999 -9999 -9999 -9999 -9999 -9999 -9999 -9999 -9999 -9999 -9999 2.28739E-3 2.1724E-3 1.15124E-2 7.23509E-3 3.26025E-3 3.67459E-3 7.12081E-3 8.13387E-3 2.2835E-2 1.75692E-2 1.07308E-2 1.55326E-3 2.31358E-3 1.2515E-3 7.65583E-4 2.57054E-4 3.68765E-5 2.92768E-5 5.53769E-5 1.00238E-4 9.27095E-5 9.59546E-5 1.05628E-4 8.12155E-5 1.02619E-4 1.43155E-4 8.51573E-5 4.74278E-5 5.33499E-5 -9999 -9999 -9999 -9999 -9999 -9999 -9999 -9999 -9999 -9999 -9999 -9999 -9999
2.24597E-2 -9999 -9999 -9999 -9999 -9999 -9999 -9999 -9999 -9999 -9999 -9999 -9999 -9999 -9999 -9999 -9999 -9999 -9999 -9999 -9999 -9999 -9999 -9999 -9999 -9999 -9999 -9999 -9999 -9999 -9999 -9999 -9999 2.27593E-2 2.66655E-2 -9999 -9999 2.40238E-3 3.01728E-3 3.86046E-3 3.00408E-3 1.09541E-3 3.84063E-4 7.1156E-4 7.49263E-3 1.99049E-2 9.12597E-3 1.06516E-2 2.17448E-3 7.16793E-4 2.52155E-4 4.95324E-5 8.75488E-5 1.03833E-4 1.00085E-4 1.56066E-4 8.2386E-5 9.44501E-5 8.30632E-5 1.36371E-4 1.21543E-4 1.12283E-4 8.2728E-5 7.24146E-5 -9999 -9999 -9999 -9999 -9999 -9999 -9999 -9999 -9999 -9999 -9999 -9999 -9999 -9999
1.20782E-2 3.20067E-2 -9999 -9999 -9999 -9999 -9999 -9999 -9999 -9999 -9999 -9999 -9999 -9999 -9999 -9999 -9999 -9999 -9999 -9999 -9999 -9999 -9999 -9999 -9999 -9999 -9999 -9999 -9999 -9999 -9999 -9999 -9999 1.89993E-2 3.00894E-2 -9999 -9999 1.99899E-3 3.05556E-3 7.3613E-4 4.05656E-4 2.49125E-4 6.887E-4 1.13104E-3 5.35026E-3 1.04345E-2 1.27191E-2 1.19337E-2 8.7845E-4 4.12782E-4 1.06033E-4 1.09209E-4 1.88551E-4 2.93669E-4 3.14693E-4 1.58705E-4 7.13417E-5 9.80152E-5 1.04247E-4 1.35508E-4 1.29383E-4 1.17008E-4 8.05915E-5 1.18467E-4 -9999 -9999 -9999 -9999 -9999 -9999 -9999 -9999 -9999 -9999 -9999 -9999 -9999 -9999
-9999 -9999 7.61908E-2 -9999 -9999 -9999 -9999 -9999 -9999 -9999 -9999 -9999 -9999 -9999 -9999 -9999 -9999 -9999 -9999 -9999 -9999 -9999 -9999 -9999 -9999 -9999 -9999 -9999 -9999 -9999 -9999 -9999 -9999 1.53453E-2 2.7263E-2 9.95756E-3 5.86494E-3 2.78354E-3 4.72254E-3 3.40898E-4 6.24519E-5 4.58252E-4 1.5473E-3 5.42175E-3 5.12148E-3 1.02147E-3 1.5543E-3 9.04562E-3 2.94846E-3 1.6907E-3 2.42579E-3 1.21064E-3 6.23618E-4 3.94751E-4 3.60262E-4 7.9677E-5 8.00259E-5 7.96099E-5 7.9817E-5 7.44457E-5 4.71783E-5 9.51497E-5 1.38104E-4 1.2539E-4 -9999 -9999 -9999 -9999 -9999 -9999 -9999 -9999 -9999 -9999 -9999 -9999 -9999 -9999
2.86885E-2 -9999 -9999 -9999 -9999 -9999 -9999 -9999 -9999 -9999 -9999 -9999 -9999 -9999 -9999 -9999 -9999 -9999 -9999 -9999 -9999 -9999 -9999 -9999 -9999 -9999 -9999 -9999 -9999 -9999 -9999 -9999 -9999 1.20467E-2 4.77157E-3 7.5847E-3 8.42363E-3 6.0294E-3 2.05508E-3 4.79827E-4 1.51983E-4 6.60088E-4 1.28399E-3 1.96621E-3 1.69443E-3 2.55024E-4 5.38959E-4 5.05038E-3 1.5671E-3 9.99979E-4 9.33759E-4 6.21985E-4 2.9092E-4 1.37657E-4 9.81748E-5 2.86219E-5 4.33802E-5 3.92388E-5 6.7939E-5 8.43534E-5 5.76905E-5 1.18617E-4 1.2926E-4 -9999 -9999 -9999 -9999 -9999 -9999 -9999 -9999 -9999 -9999 -9999 -9999 -9999 -9999 -9999
