ENM/Final_Models/M_2_F_lq_Set_1_NE/Gustavia_santanderiensis_0_Choco.asc
ncols         367
nrows         963
xllcorner     -78.6
yllcorner     0.65
cellsize      0.00833333333333323
NODATA_value  -9999
[rows 782 to 815 of 963, columns 156 to 233 of 367]
1.05638E-5 6.71689E-6 3.70232E-6 9.8214E-6 1.15051E-5 3.42743E-6 1.95307E-6 1.88292E-6 5.21734E-6 5.13055E-6 2.18344E-6 2.19625E-6 2.07091E-6 1.78143E-6 3.27114E-6 1.84975E-5 9.96135E-6 7.10719E-6 3.56201E-5 4.40661E-4 1.455E-3 1.7303E-3 8.40661E-3 1.55575E-2 -9999 -9999 -9999 -9999 -9999 -9999 -9999 -9999 -9999 -9999 -9999 -9999 -9999 -9999 -9999 -9999 -9999 1.4702E-2 9.21909E-3 6.67097E-3 1.3228E-2 7.84065E-3 9.22994E-3 1.74107E-2 1.20013E-2 8.28571E-3 6.01989E-3 3.84502E-3 3.73472E-3 5.25555E-3 3.67513E-3 2.95734E-3 3.2762E-3 2.47941E-3 2.55952E-3 2.14495E-3 7.71759E-4 8.21616E-4 5.51266E-4 4.34224E-4 1.67361E-4 9.16431E-5 2.84954E-5 6.45172E-6 3.67294E-6 2.56806E-5 1.34601E-5 3.48881E-5 5.4831E-5 5.37909E-5 2.95546E-5 1.83468E-5 2.04087E-5 1.524E-5
3.73849E-6 2.41511E-6 3.15138E-6 2.45478E-6 2.05044E-6 2.73296E-6 2.94518E-6 1.51326E-6 3.52728E-6 2.04706E-6 1.22543E-6 1.48038E-6 1.34171E-6 3.60017E-6 8.80429E-6 2.77217E-5 2.82222E-5 3.99642E-5 1.26019E-4 1.18742E-3 4.35112E-3 9.52811E-3 -9999 -9999 3.22932E-3 -9999 -9999 -9999 -9999 -9999 -9999 -9999 -9999 -9999 -9999 -9999 -9999 -9999 -9999 -9999 2.17012E-2 1.67961E-2 1.4326E-2 5.83831E-3 1.51476E-2 1.68557E-2 1.7121E-2 1.60642E-2 9.96994E-3 3.57792E-3 2.15625E-3 2.17854E-3 3.15054E-3 5.62152E-3 1.47534E-3 7.60243E-4 2.02509E-3 2.61938E-3 1.74544E-3 8.51093E-4 9.3723E-4 9.62505E-4 2.30759E-4 8.50798E-5 6.93231E-5 6.64843E-5 4.79153E-5 8.77887E-6 2.52227E-6 1.35344E-5 1.71704E-5 2.18503E-5 2.35847E-5 2.98733E-5 3.29517E-5 9.2262E-6 2.08991E-5 1.84079E-5
1.0079E-6 1.04958E-6 1.04645E-6 1.51063E-6 1.75642E-6 2.36253E-6 1.38285E-6 1.52285E-6 5.00839E-6 3.27709E-6 9.59993E-7 1.57089E-6 4.57271E-6 1.21593E-5 1.89268E-5 1.94202E-4 5.67977E-5 3.84952E-4 1.18822E-3 3.99021E-3 8.6555E-3 -9999 -9999 -9999 1.03234E-2 -9999 -9999 -9999 -9999 -9999 -9999 -9999 -9999 -9999 -9999 -9999 -9999 -9999 -9999 1.09786E-2 1.00431E-2 6.63723E-3 8.53376E-3 6.52688E-3 1.82316E-2 2.01257E-2 1.59558E-2 7.48584E-3 2.60721E-3 4.85607E-4 3.57223E-3 1.77002E-3 2.13202E-3 1.61275E-3 3.52324E-3 6.99819E-4 5.21217E-4 2.06456E-4 4.1373E-4 3.75951E-4 2.19737E-4 1.90919E-4 2.53195E-4 1.07235E-4 4.73276E-5 9.45775E-6 6.20592E-6 1.49263E-5 1.38387E-5 1.52163E-5 1.86235E-5 1.19606E-5 3.32775E-5 1.70505E-5 9.56529E-6 1.60274E-5 1.14375E-5 1.27005E-5
6.90429E-7 1.94411E-6 2.32066E-6 2.16756E-6 1.24673E-6 1.65136E-6 1.23807E-6 3.50835E-6 4.65022E-6 2.9513E-6 2.02865E-6 4.56495E-6 1.3871E-5 3.27574E-5 1.07847E-4 6.58028E-4 2.12851E-5 1.74824E-4 1.37881E-3 7.04005E-3 5.61284E-3 -9999 -9999 -9999 1.95767E-2 -9999 -9999 -9999 -9999 -9999 -9999 -9999 -9999 -9999 -9999 -9999 -9999 -9999 5.53017E-3 6.0084E-3 8.38585E-3 5.18036E-3 5.11154E-3 1.1574E-2 2.16273E-2 2.15225E-2 8.13466E-3 8.08198E-3 1.01342E-3 2.25774E-4 2.3464E-3 1.66685E-3 5.32127E-4 6.1586E-4 3.53518E-3 1.33858E-3 2.86561E-4 1.62179E-4 2.81906E-4 1.11901E-4 2.88469E-5 2.88174E-5 4.00203E-4 1.56803E-4 3.08819E-5 1.69493E-5 2.77446E-5 9.17235E-6 9.33502E-6 1.55121E-5 1.84355E-5 1.2169E-5 1.69292E-5 4.40288E-5 2.35197E-5 1.68961E-5 8.60409E-6 1.61293E-5
1.68038E-6 2.46515E-6 3.63036E-6 5.83516E-6 1.36179E-6 1.00609E-6 1.42607E-6 4.80634E-6 7.81347E-6 2.49006E-6 3.12368E-6 3.57908E-6 2.23398E-5 6.02278E-5 1.46698E-4 4.73641E-4 2.37951E-5 2.46095E-5 5.53095E-4 1.57361E-3 -9999 -9999 -9999 -9999 -9999 -9999 -9999 -9999 -9999 -9999 -9999 -9999 -9999 -9999 -9999 -9999 -9999 -9999 -9999 7.68964E-3 7.05096E-3 5.5073E-3 7.82172E-3 1.91675E-2 2.25504E-2 9.24653E-3 5.12971E-3 2.36506E-3 7.95174E-4 1.84035E-4 1.08278E-3 9.42705E-4 3.48866E-4 5.26696E-4 3.2381E-3 2.74853E-3 4.54218E-4 2.70887E-4 4.77468E-5 3.6972E-5 1.9668E-5 4.47545E-5 9.66188E-5 1.75885E-4 1.00535E-5 7.37654E-6 2.22637E-5 2.04372E-5 2.44837E-5 1.29871E-5 2.01443E-5 2.02958E-5 1.73705E-5 2.07321E-5 3.29272E-5 3.43791E-5 2.22097E-5 1.94374E-5
1.69397E-6 6.94923E-7 2.90591E-6 2.34768E-5 1.02975E-5 1.63075E-6 2.29971E-6 9.09107E-6 2.35464E-5 2.31278E-6 2.02869E-6 4.98406E-6 2.26117E-5 5.09747E-5 1.94628E-4 3.08875E-4 3.74515E-4 2.23466E-5 8.73828E-5 1.06547E-3 -9999 -9999 -9999 -9999 -9999 -9999 -9999 -9999 -9999 -9999 -9999 -9999 -9999 -9999 -9999 -9999 -9999 -9999 -9999 1.2126E-2 8.80391E-3 2.33068E-2 1.74615E-2 3.38527E-2 2.65946E-2 1.33936E-2 7.88349E-3 1.52739E-3 2.49272E-4 1.16986E-4 6.59644E-4 8.93252E-4 8.41286E-4 9.02304E-4 3.84187E-3 3.39343E-3 5.62357E-4 1.51454E-4 9.53829E-6 2.8842E-5 7.61196E-6 3.29645E-5 8.37552E-5 1.52443E-5 6.97859E-6 1.16905E-5 6.35605E-6 3.297E-5 3.06213E-5 1.59539E-5 1.82473E-5 3.53408E-5 1.83923E-5 9.93249E-6 8.41399E-6 1.47601E-5 2.96645E-5 2.57271E-5
8.07123E-7 7.71717E-7 3.20132E-6 1.08608E-5 5.21148E-6 3.23987E-6 5.35376E-6 1.26028E-5 5.74695E-5 7.58513E-6 6.19002E-7 1.38408E-6 1.74103E-5 7.33509E-5 3.52199E-4 1.02304E-3 3.51743E-4 2.66166E-4 3.16307E-5 7.89643E-4 3.02996E-3 -9999 -9999 -9999 -9999 -9999 -9999 -9999 -9999 -9999 -9999 -9999 -9999 -9999 -9999 -9999 -9999 1.43257E-2 2.37264E-2 1.39996E-2 1.12168E-2 3.14547E-2 3.74499E-2 2.15939E-2 1.14215E-2 1.20993E-2 4.65824E-3 1.70575E-3 4.54318E-5 2.25132E-5 4.81784E-5 2.17412E-4 7.93085E-4 1.47391E-3 1.80142E-3 2.91221E-3 1.13066E-3 7.08506E-5 7.06602E-5 2.78124E-5 1.95528E-5 2.69115E-5 3.23683E-5 5.00786E-5 1.07005E-5 2.14161E-5 3.15529E-5 2.96836E-5 1.744E-5 1.42861E-5 2.55955E-5 9.67242E-6 1.34637E-5 1.21519E-5 1.30874E-5 2.2209E-5 2.72336E-5 1.27598E-5
8.30081E-7 1.31024E-6 2.08452E-6 2.61222E-6 1.23248E-6 7.49689E-7 2.28091E-6 6.8355E-6 5.70901E-5 9.81624E-6 1.9796E-6 3.24034E-6 1.02112E-5 2.41175E-4 1.87001E-3 2.45473E-3 1.59815E-3 5.0828E-4 2.23237E-4 1.43513E-3 5.47377E-3 9.24679E-3 -9999 -9999 -9999 -9999 -9999 -9999 -9999 -9999 -9999 -9999 -9999 -9999 -9999 -9999 8.14005E-3 1.34855E-2 2.96942E-2 1.20888E-2 2.00074E-2 2.17159E-2 1.08087E-2 8.98745E-3 1.05291E-2 9.58862E-3 8.99637E-4 8.98398E-4 2.06133E-4 7.12063E-5 1.92729E-5 2.44796E-4 3.31745E-4 7.64828E-4 3.07179E-4 7.5707E-4 9.75836E-4 2.36265E-4 1.03526E-4 3.41039E-5 2.08642E-5 1.69112E-5 1.80965E-5 2.28384E-5 1.91279E-5 3.12854E-5 2.70554E-5 3.91699E-5 3.2126E-5 2.20112E-5 8.72797E-6 2.20217E-5 9.25669E-6 3.67542E-6 3.3239E-6 4.82316E-6 1.27398E-5 2.9124E-5
1.15809E-6 2.63309E-6 9.16798E-7 1.16227E-5 4.8936E-5 1.20297E-5 3.1729E-5 1.19872E-4 2.33464E-5 8.96951E-6 2.92673E-6 3.37615E-6 6.22045E-5 1.90048E-4 1.50392E-3 6.17601E-3 2.28834E-3 2.18503E-3 2.44632E-3 7.53856E-4 4.34623E-3 -9999 -9999 -9999 -9999 -9999 -9999 -9999 -9999 -9999 -9999 -9999 -9999 -9999 -9999 -9999 8.0113E-3 9.90707E-3 2.75958E-2 2.90208E-2 1.90159E-2 9.33401E-3 3.90314E-3 2.5589E-3 2.88183E-3 4.02304E-3 1.02555E-3 7.00207E-5 7.63362E-5 5.66021E-5 5.17697E-5 1.18989E-4 7.17656E-5 3.66153E-4 1.68254E-4 1.29887E-4 1.00331E-3 2.60349E-4 8.14891E-6 2.83187E-5 1.79814E-5 1.8201E-5 1.89902E-5 2.40464E-5 2.95676E-5 3.8008E-5 2.78859E-5 2.58194E-5 2.12934E-5 1.22022E-5 6.10719E-6 1.12487E-5 1.50522E-5 2.3362E-6 2.95802E-6 7.67137E-6 1.99587E-5 1.12318E-5
1.17926E-6 1.97052E-6 1.5592E-6 4.35327E-6 9.78125E-5 1.8132E-4 2.12354E-4 3.29715E-4 1.59854E-5 1.94088E-6 2.81653E-6 2.08619E-5 1.32777E-4 3.29739E-4 2.17635E-3 -9999 3.61252E-3 7.49255E-3 3.5229E-3 4.01152E-3 3.54061E-3 -9999 -9999 -9999 -9999 -9999 -9999 -9999 -9999 -9999 -9999 -9999 -9999 -9999 -9999 -9999 7.36828E-3 1.87904E-2 3.96882E-2 3.62663E-2 1.45286E-2 4.55726E-3 2.68145E-3 3.07749E-3 1.54921E-3 7.94342E-4 2.56421E-3 1.43453E-4 9.49962E-5 5.48962E-5 6.82503E-5 4.01843E-5 8.10754E-5 1.02035E-4 4.24137E-5 9.71335E-5 4.07823E-4 2.27799E-4 8.00685E-6 2.70952E-5 1.02895E-5 1.34639E-5 1.97016E-5 2.04541E-5 1.90602E-5 1.32082E-5 2.58559E-5 1.96124E-5 1.05633E-5 2.44064E-5 1.02351E-5 1.15626E-5 1.57517E-5 1.05667E-5 1.42716E-5 9.08822E-6 1.32963E-5 9.57047E-6
5.76937E-7 1.90516E-6 2.67568E-7 6.2023E-7 2.52174E-5 8.52909E-4 3.9527E-4 5.62252E-5 4.53228E-6 3.39768E-6 9.29368E-6 8.87306E-5 3.61407E-4 7.51534E-4 1.38028E-3 -9999 -9999 -9999 1.38116E-2 1.00652E-2 4.44539E-2 -9999 -9999 -9999 -9999 -9999 -9999 -9999 -9999 -9999 -9999 -9999 -9999 -9999 -9999 -9999 -9999 -9999 -9999 2.30374E-2 5.12884E-3 5.32394E-3 6.04355E-3 1.98363E-3 3.64666E-4 7.22333E-5 3.50049E-4 1.89941E-4 7.54682E-5 1.27539E-5 9.07657E-6 6.41588E-6 3.36027E-5 5.85678E-5 1.15821E-5 1.00046E-5 7.65445E-5 4.51136E-4 4.08472E-5 1.94439E-5 9.39098E-6 1.18645E-5 1.36562E-5 1.98851E-5 2.09617E-5 8.63732E-6 9.32359E-6 1.02719E-5 1.34314E-5 1.89199E-5 1.07654E-5 4.62396E-6 1.47069E-5 6.27161E-6 1.99635E-5 1.00981E-5 8.36319E-6 9.43635E-6
7.83069E-7 2.25038E-6 2.26508E-6 8.24662E-6 3.91656E-5 1.0388E-3 2.30993E-4 5.96082E-6 2.41357E-6 5.13265E-6 2.83697E-5 1.48389E-4 7.64199E-4 2.6668E-3 5.55176E-3 6.58866E-3 -9999 -9999 -9999 -9999 -9999 -9999 -9999 -9999 -9999 -9999 -9999 -9999 -9999 -9999 -9999 -9999 -9999 -9999 -9999 -9999 -9999 3.82733E-2 1.24628E-2 5.37632E-3 1.03304E-2 6.63341E-3 2.01087E-3 5.96472E-4 3.64653E-4 5.80426E-5 1.55575E-4 2.47323E-4 3.44635E-5 4.20053E-6 7.92896E-6 4.52146E-6 1.47731E-5 8.10356E-6 1.14707E-5 1.96685E-5 1.16711E-4 5.67646E-5 1.22399E-4 1.77219E-5 8.84426E-6 6.72794E-6 8.51329E-6 9.27938E-6 1.00979E-5 1.12802E-5 1.46583E-5 2.63092E-5 9.94902E-6 9.53175E-6 1.15076E-5 9.50048E-6 1.19546E-5 6.15838E-6 1.39798E-5 5.64321E-6 5.40136E-6 6.50041E-6
5.67495E-7 1.91717E-6 5.51509E-5 3.01829E-5 9.63019E-4 6.899E-4 1.14797E-4 9.76768E-6 9.94055E-7 2.22936E-5 1.18092E-4 5.40663E-4 2.00385E-3 4.10898E-3 2.32445E-3 4.77856E-3 -9999 -9999 -9999 -9999 -9999 -9999 -9999 -9999 -9999 -9999 -9999 -9999 -9999 -9999 -9999 -9999 -9999 -9999 -9999 -9999 3.28176E-2 2.33795E-2 -9999 1.10627E-2 9.5986E-3 1.92973E-3 1.76863E-3 1.56219E-3 4.76254E-4 2.05937E-4 6.06549E-5 1.91203E-5 3.09855E-5 1.92323E-5 2.15546E-5 1.99996E-5 2.72034E-5 1.50428E-5 5.51808E-6 1.29232E-5 3.89181E-5 3.1584E-5 1.44333E-4 1.2944E-5 9.2346E-6 1.06948E-5 9.50544E-6 6.0638E-6 7.82122E-6 7.68861E-6 1.02607E-5 1.77713E-5 2.15666E-5 8.43006E-6 1.08637E-5 1.29165E-5 1.40035E-5 8.28647E-6 6.61369E-6 9.79064E-6 4.54169E-6 4.35349E-6
3.12848E-6 3.84523E-6 1.1724E-4 9.59618E-4 1.84006E-3 3.32258E-4 7.32774E-5 6.94379E-7 2.20432E-6 2.07485E-5 2.4547E-4 1.14066E-3 6.24609E-3 4.65711E-3 8.16123E-3 -9999 -9999 -9999 -9999 -9999 -9999 -9999 -9999 -9999 -9999 -9999 -9999 -9999 -9999 -9999 -9999 -9999 -9999 -9999 -9999 2.40814E-2 2.59849E-2 -9999 -9999 2.02705E-2 1.72717E-2 4.60155E-3 2.76347E-3 5.66414E-4 1.76283E-3 1.2678E-3 1.71434E-4 1.55763E-5 4.82557E-5 1.50745E-5 1.76686E-5 3.13979E-5 2.62089E-5 3.003E-5 2.02154E-5 1.62671E-5 1.3181E-5 1.07005E-5 1.46345E-5 2.45299E-5 9.50556E-6 5.50833E-6 6.34277E-6 1.25172E-5 1.03749E-5 7.51217E-6 8.18807E-6 7.4414E-6 6.51563E-6 1.29901E-5 8.23945E-6 1.46715E-5 8.93745E-6 8.16596E-6 7.04764E-6 9.62876E-6 4.34796E-6 4.6257E-6
2.57135E-7 8.70568E-6 1.92175E-5 1.03968E-3 2.1375E-3 -9999 -9999 1.09674E-5 8.40226E-6 1.15758E-4 3.11725E-4 1.18808E-3 4.47849E-3 9.82705E-3 -9999 -9999 -9999 -9999 -9999 -9999 -9999 -9999 -9999 -9999 -9999 -9999 -9999 -9999 -9999 -9999 -9999 -9999 -9999 -9999 -9999 -9999 -9999 -9999 -9999 7.71549E-3 7.32368E-3 1.38104E-2 1.01016E-2 6.65153E-3 2.4587E-3 3.49031E-3 6.6275E-4 3.13821E-4 1.42878E-4 2.22765E-5 2.04562E-5 1.47536E-5 1.24891E-5 2.25737E-5 1.74697E-5 2.61654E-5 2.27501E-5 1.98219E-5 9.70968E-6 1.18279E-5 1.33943E-5 5.12103E-6 5.3613E-6 6.11531E-6 1.83158E-5 8.3617E-6 6.75199E-6 8.70034E-6 1.04347E-5 1.80522E-5 1.21182E-5 8.8397E-6 8.33687E-6 1.18046E-5 8.2271E-6 1.36431E-5 4.77403E-6 5.82305E-6
1.45688E-4 3.05104E-5 5.7816E-5 2.01876E-3 2.67134E-3 -9999 -9999 3.76289E-5 7.3835E-5 3.98688E-4 1.34058E-3 2.574E-3 5.63713E-3 4.85779E-3 1.58758E-2 -9999 -9999 -9999 -9999 -9999 -9999 -9999 -9999 -9999 -9999 -9999 -9999 -9999 -9999 -9999 -9999 -9999 -9999 -9999 -9999 -9999 -9999 -9999 -9999 5.51518E-3 4.15999E-3 1.04724E-2 4.5066E-3 2.43908E-3 2.0316E-3 1.31876E-3 8.63737E-4 4.05147E-4 4.97197E-4 1.06115E-4 2.17397E-5 2.08342E-5 2.46906E-5 1.55489E-5 1.46314E-5 4.23573E-5 2.94756E-5 1.36424E-5 1.13165E-5 7.48114E-6 1.10921E-5 6.68947E-6 5.72009E-6 5.40119E-6 1.10058E-5 1.18512E-5 6.81223E-6 1.06535E-5 1.34854E-5 1.15278E-5 7.42027E-6 1.10192E-5 7.18243E-6 1.53135E-5 1.18216E-5 1.18382E-5 1.0002E-5 6.26905E-6
9.49119E-5 4.32936E-4 1.29628E-3 2.97809E-3 2.8693E-3 -9999 -9999 5.02268E-4 5.98876E-4 1.17131E-3 1.51182E-3 8.42609E-3 6.93815E-3 4.22819E-3 2.075E-2 -9999 -9999 -9999 -9999 -9999 -9999 -9999 -9999 -9999 -9999 -9999 -9999 -9999 -9999 -9999 -9999 -9999 -9999 -9999 -9999 -9999 -9999 -9999 -9999 3.893E-3 3.11672E-3 9.42923E-3 2.24329E-3 3.67006E-4 8.29028E-5 2.19647E-4 1.27055E-4 1.89068E-4 3.04844E-5 7.2261E-5 3.78021E-5 3.93075E-5 3.79971E-5 1.81986E-5 9.64844E-6 1.26938E-5 1.64388E-5 1.17357E-5 4.68663E-6 1.4014E-5 1.36191E-5 1.0284E-5 7.25458E-6 4.46611E-6 6.47269E-6 1.07355E-5 1.02957E-5 8.11069E-6 8.70521E-6 1.17343E-5 1.24934E-5 9.50261E-6 9.47337E-6 1.18308E-5 7.28538E-6 7.50504E-6 1.19077E-5 1.20358E-5
5.663E-6 4.8803E-5 2.58786E-3 -9999 -9999 -9999 -9999 2.15425E-3 1.40247E-3 3.74746E-3 5.28971E-3 7.99601E-3 -9999 -9999 -9999 -9999 -9999 -9999 -9999 -9999 -9999 -9999 -9999 -9999 -9999 -9999 -9999 -9999 -9999 -9999 -9999 -9999 -9999 -9999 -9999 -9999 -9999 -9999 2.24068E-3 3.60898E-3 1.99182E-3 2.61427E-3 1.49002E-3 1.7296E-4 1.08225E-4 1.6027E-4 7.03837E-4 7.80414E-5 3.22915E-5 3.97511E-5 3.52613E-5 1.79922E-5 2.63883E-5 1.88601E-5 1.16113E-5 8.68017E-6 7.91224E-6 6.51138E-6 7.17597E-6 1.31211E-5 6.33404E-6 1.32019E-5 7.04874E-6 4.7117E-6 5.36324E-6 5.67805E-6 6.68843E-6 1.20347E-5 1.1141E-5 6.96817E-6 4.6568E-6 4.67797E-6 1.07341E-5 1.49697E-5 8.56386E-6 7.70226E-6 9.31257E-6 1.03849E-5
3.90721E-6 1.98619E-4 4.25279E-3 -9999 -9999 -9999 -9999 1.43111E-3 6.11398E-3 2.38988E-3 2.03048E-2 4.10053E-2 -9999 -9999 -9999 -9999 -9999 -9999 -9999 -9999 -9999 -9999 -9999 -9999 -9999 -9999 -9999 -9999 -9999 -9999 -9999 -9999 -9999 -9999 -9999 -9999 -9999 -9999 5.75692E-4 3.42526E-4 3.73378E-3 1.45463E-3 6.13828E-4 4.53431E-4 9.21327E-5 2.879E-5 1.1953E-4 7.90677E-5 4.25962E-5 4.50086E-5 3.06357E-5 2.67646E-5 7.82952E-5 2.06516E-5 1.25363E-5 1.59165E-5 2.01939E-5 1.47942E-5 1.0832E-5 6.21513E-6 3.55562E-6 1.19739E-5 2.00949E-5 5.699E-6 4.98522E-6 3.91676E-6 6.14327E-6 7.63072E-6 1.10142E-5 8.40785E-6 4.04915E-6 5.99413E-6 1.14571E-5 1.18933E-5 8.38892E-6 8.97108E-6 8.41707E-6 1.04103E-5
1.29883E-5 2.68466E-4 4.07262E-3 3.11472E-3 -9999 -9999 -9999 -9999 -9999 1.64627E-2 2.33463E-2 3.01106E-2 -9999 -9999 -9999 -9999 -9999 -9999 -9999 -9999 -9999 -9999 -9999 -9999 -9999 -9999 -9999 -9999 -9999 -9999 -9999 -9999 -9999 -9999 -9999 -9999 -9999 -9999 3.73821E-4 1.18796E-3 2.27839E-3 8.03778E-4 5.56458E-5 1.08062E-4 1.99574E-4 1.60892E-4 1.26034E-4 2.88175E-5 3.58102E-5 3.12251E-5 3.81223E-5 4.33777E-5 2.23925E-5 2.69434E-5 2.72358E-5 1.75823E-5 2.01146E-5 9.30913E-6 4.37182E-6 5.55909E-6 9.49782E-6 3.61567E-6 5.28193E-6 7.82565E-6 3.52388E-6 3.73876E-6 3.58335E-6 3.59027E-6 1.04759E-5 1.10458E-5 5.55368E-6 1.25917E-5 1.24247E-5 9.46906E-6 1.06636E-5 9.54999E-6 9.31738E-6 1.08492E-5
6.45438E-5 5.32178E-4 2.79091E-3 1.52485E-3 -9999 -9999 -9999 -9999 -9999 -9999 2.6254E-2 -9999 -9999 -9999 -9999 -9999 -9999 -9999 -9999 -9999 -9999 -9999 -9999 -9999 -9999 -9999 -9999 -9999 -9999 -9999 -9999 -9999 -9999 -9999 -9999 -9999 -9999 -9999 3.67079E-3 4.07868E-4 1.03965E-3 4.74941E-4 1.71724E-4 2.61818E-4 2.81642E-4 1.71558E-4 3.75527E-5 2.26224E-5 1.04067E-5 1.29494E-5 1.46583E-5 2.97128E-5 2.23411E-5 2.3085E-5 2.84229E-5 1.75824E-5 1.62919E-5 1.50288E-5 1.34319E-5 1.49098E-5 6.58965E-6 4.6375E-6 8.20319E-6 8.40274E-6 4.15881E-6 3.73628E-6 4.38837E-6 8.55274E-6 1.06023E-5 9.14847E-6 7.13771E-6 1.4815E-5 1.08757E-5 1.37398E-5 1.0346E-5 9.96424E-6 1.3406E-5 1.42096E-5
7.17684E-6 2.487E-4 1.75778E-4 1.57084E-4 4.97159E-4 9.73237E-4 3.17608E-3 -9999 -9999 -9999 -9999 -9999 -9999 -9999 -9999 -9999 -9999 -9999 -9999 -9999 -9999 -9999 -9999 -9999 -9999 -9999 -9999 -9999 -9999 -9999 -9999 -9999 -9999 -9999 -9999 -9999 -9999 -9999 4.30535E-3 9.07959E-4 1.52187E-3 1.69085E-3 1.19298E-3 1.92064E-4 1.16916E-4 2.13998E-5 1.27444E-5 2.98082E-5 6.37313E-5 8.89995E-6 8.60923E-6 5.6301E-6 1.78416E-5 2.40384E-5 2.06626E-5 1.59681E-5 1.45373E-5 1.24819E-5 2.07405E-5 1.80574E-5 2.4114E-6 2.36134E-6 2.37423E-6 2.81932E-6 3.23139E-6 3.6038E-6 3.77293E-6 1.16677E-5 1.25738E-5 1.10042E-5 9.26898E-6 8.41385E-6 1.1797E-5 9.35261E-6 8.40477E-6 7.61027E-6 1.09754E-5 1.13339E-5
1.38055E-5 3.05058E-4 2.20091E-4 5.63523E-4 7.4495E-4 4.08488E-4 9.27739E-4 5.1696E-3 1.5208E-2 -9999 -9999 -9999 -9999 -9999 -9999 -9999 -9999 -9999 -9999 -9999 -9999 -9999 -9999 -9999 -9999 -9999 -9999 -9999 -9999 -9999 -9999 -9999 -9999 -9999 -9999 -9999 -9999 -9999 -9999 1.87189E-3 1.33182E-3 2.27071E-3 1.16749E-3 1.1203E-4 2.66964E-5 1.01064E-5 7.40258E-6 9.61777E-6 3.0212E-5 1.66685E-5 7.4769E-6 5.8021E-6 6.56602E-6 1.65546E-5 1.39795E-5 8.58064E-6 1.04408E-5 9.68493E-6 1.35496E-5 1.28305E-5 4.19057E-6 3.56453E-6 3.15928E-6 4.86416E-6 3.1989E-6 3.78606E-6 6.15941E-6 1.12986E-5 1.34499E-5 1.16849E-5 1.00869E-5 1.19707E-5 1.30096E-5 6.83077E-6 -9999 -9999 8.276E-6 5.92587E-6
7.45675E-6 1.63424E-4 1.19658E-3 1.28231E-3 1.8156E-3 1.02788E-3 9.36869E-4 1.30188E-2 4.30563E-2 1.62512E-2 -9999 -9999 -9999 -9999 -9999 -9999 -9999 -9999 -9999 -9999 -9999 -9999 -9999 -9999 -9999 -9999 -9999 -9999 -9999 -9999 -9999 -9999 -9999 -9999 -9999 -9999 -9999 -9999 -9999 4.3204E-3 1.64446E-3 1.26914E-3 1.07165E-3 5.78279E-4 4.44649E-5 1.70823E-5 3.25731E-5 5.39514E-5 2.21821E-5 5.43885E-6 1.11933E-5 9.13911E-6 7.45116E-6 5.62715E-6 4.35032E-6 5.80102E-6 5.72685E-6 8.67255E-6 1.01904E-5 7.71776E-6 5.67046E-6 3.59433E-6 4.85378E-6 5.02777E-6 3.74138E-6 2.92083E-6 5.02771E-6 6.35035E-6 1.19228E-5 1.09334E-5 8.54859E-6 -9999 -9999 -9999 -9999 -9999 -9999 -9999
1.25606E-4 2.38201E-4 3.02758E-3 2.69725E-3 1.23153E-2 -9999 1.48146E-3 1.46728E-2 -9999 -9999 -9999 -9999 -9999 -9999 -9999 -9999 -9999 -9999 -9999 -9999 -9999 -9999 -9999 -9999 -9999 -9999 -9999 -9999 -9999 -9999 -9999 -9999 -9999 -9999 -9999 -9999 -9999 -9999 -9999 -9999 5.26271E-3 3.11515E-3 2.22162E-3 2.28886E-4 3.32453E-5 2.81643E-5 1.91885E-4 8.81001E-5 1.09917E-5 3.38232E-6 3.20709E-6 5.58781E-6 6.42934E-6 1.17475E-5 6.39706E-6 6.39219E-6 5.03076E-6 5.82257E-6 7.94316E-6 6.199E-6 1.18263E-5 1.44365E-5 1.56222E-5 1.50401E-5 8.16272E-6 7.46887E-6 5.30134E-6 1.43188E-5 1.15324E-5 -9999 -9999 -9999 -9999 -9999 -9999 -9999 -9999 -9999
4.60103E-4 4.85952E-4 3.94644E-3 2.92666E-3 1.61561E-2 -9999 4.0599E-3 -9999 -9999 -9999 -9999 -9999 -9999 -9999 -9999 -9999 -9999 -9999 -9999 -9999 -9999 -9999 -9999 -9999 -9999 -9999 -9999 -9999 -9999 -9999 -9999 -9999 -9999 -9999 -9999 -9999 -9999 -9999 -9999 -9999 -9999 3.18609E-3 3.54274E-3 6.84151E-4 8.41083E-5 1.62357E-4 1.37006E-4 6.91007E-5 1.62553E-5 8.60062E-6 7.9783E-6 4.33446E-6 3.66344E-6 1.21414E-5 8.94132E-6 8.96429E-6 5.23103E-6 6.18121E-6 4.90181E-6 7.87688E-6 1.43242E-5 1.88804E-5 1.64225E-5 1.38848E-5 1.19756E-5 1.28248E-5 1.08788E-5 1.1328E-5 -9999 -9999 -9999 -9999 -9999 -9999 -9999 -9999 -9999 -9999
1.37199E-3 1.52269E-3 3.72883E-3 1.46175E-2 -9999 -9999 -9999 -9999 -9999 -9999 -9999 -9999 -9999 -9999 -9999 -9999 -9999 -9999 -9999 -9999 -9999 -9999 -9999 -9999 -9999 -9999 -9999 -9999 -9999 -9999 -9999 -9999 -9999 -9999 -9999 -9999 -9999 -9999 -9999 -9999 -9999 -9999 2.38998E-3 1.55001E-4 2.72938E-4 4.59648E-4 3.05977E-4 7.52106E-5 2.19895E-5 1.33394E-5 1.55755E-5 1.36021E-5 9.19341E-6 4.5264E-6 2.09342E-5 8.88634E-6 5.94906E-6 7.847E-6 6.88457E-6 9.01622E-6 3.5423E-6 1.13992E-5 1.11133E-5 8.21887E-6 1.19643E-5 1.20055E-5 5.83539E-6 -9999 -9999 -9999 -9999 -9999 -9999 -9999 -9999 -9999 -9999 -9999
1.56706E-3 5.1036E-3 2.45632E-3 6.05599E-3 -9999 -9999 -9999 -9999 -9999 -9999 -9999 -9999 -9999 -9999 -9999 -9999 -9999 -9999 -9999 -9999 -9999 -9999 -9999 -9999 -9999 -9999 -9999 -9999 -9999 -9999 -9999 -9999 -9999 -9999 -9999 -9999 4.08132E-3 3.30016E-3 4.08215E-3 -9999 -9999 -9999 -9999 2.66686E-3 3.40367E-3 1.57131E-3 3.80645E-4 9.42703E-5 1.41945E-5 1.92104E-5 1.83551E-5 4.58175E-5 1.33287E-5 8.86339E-7 9.84043E-6 1.60058E-5 1.37169E-5 1.2008E-5 9.87808E-6 1.11074E-5 7.21349E-6 5.89516E-6 1.06056E-5 7.43278E-6 1.21391E-5 1.06008E-5 -9999 -9999 -9999 -9999 -9999 -9999 -9999 -9999 -9999 -9999 -9999 -9999
3.82275E-3 1.01184E-2 -9999 -9999 4.45905E-3 -9999 -9999 -9999 -9999 -9999 -9999 -9999 -9999 -9999 -9999 -9999 -9999 -9999 -9999 -9999 -9999 -9999 -9999 -9999 -9999 -9999 -9999 -9999 -9999 -9999 -9999 -9999 -9999 -9999 -9999 -9999 5.42838E-4 6.17761E-4 2.61492E-3 3.45725E-3 4.14298E-3 -9999 -9999 9.13765E-3 7.14896E-3 5.01395E-3 2.96405E-4 4.64026E-5 8.73274E-5 1.56835E-4 1.48855E-4 7.45196E-5 9.48546E-6 1.4033E-6 1.68292E-5 1.82216E-5 7.97036E-6 2.22632E-5 8.51142E-6 1.01251E-5 1.09141E-5 9.22085E-6 1.04606E-5 6.4296E-6 9.01303E-6 -9999 -9999 -9999 -9999 -9999 -9999 -9999 -9999 -9999 -9999 -9999 -9999 -9999
6.32515E-3 8.33413E-3 -9999 -9999 6.72625E-3 -9999 -9999 -9999 -9999 -9999 -9999 -9999 -9999 -9999 -9999 -9999 -9999 -9999 -9999 -9999 -9999 -9999 -9999 -9999 -9999 -9999 -9999 -9999 -9999 -9999 -9999 -9999 -9999 -9999 -9999 -9999 3.64317E-4 3.26007E-4 2.77934E-3 1.49488E-3 5.36934E-4 6.88036E-4 1.57681E-3 1.93737E-3 6.779E-3 4.90491E-3 2.75662E-3 2.09459E-4 3.89728E-4 1.60763E-4 9.47829E-5 2.47983E-5 1.71926E-6 1.29708E-6 3.4279E-6 9.02212E-6 6.76877E-6 7.79201E-6 1.24007E-5 1.00728E-5 1.00332E-5 1.57232E-5 1.13963E-5 9.43864E-6 1.09509E-5 -9999 -9999 -9999 -9999 -9999 -9999 -9999 -9999 -9999 -9999 -9999 -9999 -9999
5.85567E-3 -9999 -9999 -9999 -9999 -9999 -9999 -9999 -9999 -9999 -9999 -9999 -9999 -9999 -9999 -9999 -9999 -9999 -9999 -9999 -9999 -9999 -9999 -9999 -9999 -9999 -9999 -9999 -9999 -9999 -9999 -9999 -9999 6.06382E-3 6.42051E-3 -9999 -9999 3.38684E-4 5.62533E-4 8.54319E-4 6.13054E-4 1.95177E-4 4.34151E-5 9.07947E-5 1.64141E-3 5.44332E-3 2.15877E-3 2.74589E-3 3.50763E-4 8.79827E-5 2.2895E-5 2.43791E-6 5.52706E-6 7.12641E-6 6.56115E-6 1.2108E-5 5.26424E-6 7.97462E-6 8.66823E-6 1.47284E-5 1.08954E-5 1.08483E-5 1.46185E-5 1.26169E-5 -9999 -9999 -9999 -9999 -9999 -9999 -9999 -9999 -9999 -9999 -9999 -9999 -9999 -9999
3.04107E-3 7.51985E-3 -9999 -9999 -9999 -9999 -9999 -9999 -9999 -9999 -9999 -9999 -9999 -9999 -9999 -9999 -9999 -9999 -9999 -9999 -9999 -9999 -9999 -9999 -9999 -9999 -9999 -9999 -9999 -9999 -9999 -9999 -9999 5.21699E-3 8.0058E-3 -9999 -9999 2.49456E-4 5.51297E-4 1.1005E-4 5.34586E-5 2.62949E-5 9.80048E-5 1.39254E-4 9.48295E-4 2.61213E-3 3.12749E-3 3.11969E-3 9.55723E-5 4.2927E-5 6.52376E-6 6.69525E-6 1.37834E-5 2.60124E-5 2.73546E-5 1.23124E-5 4.78684E-6 9.00114E-6 1.48778E-5 1.51289E-5 1.23873E-5 1.01839E-5 1.1988E-5 1.87789E-5 -9999 -9999 -9999 -9999 -9999 -9999 -9999 -9999 -9999 -9999 -9999 -9999 -9999 -9999
-9999 -9999 2.63542E-2 -9999 -9999 -9999 -9999 -9999 -9999 -9999 -9999 -9999 -9999 -9999 -9999 -9999 -9999 -9999 -9999 -9999 -9999 -9999 -9999 -9999 -9999 -9999 -9999 -9999 -9999 -9999 -9999 -9999 -9999 3.77488E-3 8.08587E-3 2.23232E-3 1.06617E-3 4.03257E-4 1.06446E-3 3.74598E-5 3.95202E-6 6.07534E-5 2.32974E-4 1.18305E-3 9.96094E-4 1.48613E-4 2.70536E-4 2.13431E-3 4.47551E-4 2.32859E-4 4.50568E-4 1.7345E-4 6.53247E-5 3.63191E-5 3.53017E-5 4.88803E-6 5.80754E-6 7.23943E-6 7.7494E-6 5.56614E-6 2.46499E-6 8.04702E-6 1.34952E-5 1.60043E-5 -9999 -9999 -9999 -9999 -9999 -9999 -9999 -9999 -9999 -9999 -9999 -9999 -9999 -9999
6.34609E-3 -9999 -9999 -9999 -9999 -9999 -9999 -9999 -9999 -9999 -9999 -9999 -9999 -9999 -9999 -9999 -9999 -9999 -9999 -9999 -9999 -9999 -9999 -9999 -9999 -9999 -9999 -9999 -9999 -9999 -9999 -9999 -9999 3.06299E-3 8.76023E-4 2.32342E-3 2.38773E-3 1.54022E-3 4.10792E-4 6.21724E-5 1.37485E-5 1.01707E-4 2.04132E-4 3.38136E-4 3.37775E-4 2.61919E-5 6.97886E-5 1.01024E-3 2.40937E-4 1.26445E-4 1.2965E-4 7.51376E-5 2.39077E-5 8.50464E-6 6.07454E-6 1.19881E-6 2.49809E-6 2.17908E-6 4.81607E-6 7.08587E-6 3.23958E-6 9.19639E-6 1.15398E-5 -9999 -9999 -9999 -9999 -9999 -9999 -9999 -9999 -9999 -9999 -9999 -9999 -9999 -9999 -9999
