ENM/Final_Models/M_2_F_lq_Set_1_NE/Gustavia_santanderiensis_Choco_median.asc
ncols         367
nrows         963
xllcorner     -78.6
yllcorner     0.65
cellsize      0.00833333333333323
NODATA_value  -9999
[rows 884 to 917 of 963, columns 0 to 77 of 367]
-9999 -9999 -9999 -9999 -9999 -9999 -9999 -9999 -9999 -9999 -9999 -9999 -9999 -9999 -9999 -9999 -9999 -9999 -9999 -9999 -9999 9.26462E-1 9.97147E-1 9.63973E-1 9.95325E-1 9.93659E-1 9.13961E-1 8.64074E-1 0E0 0E0 0E0 0E0 0E0 0E0 0E0 0E0 0E0 0E0 0E0 0E0 0E0 0E0 0E0 0E0 0E0 0E0 0E0 0E0 0E0 0E0 0E0 0E0 0E0 0E0 0E0 0E0 0E0 0E0 2.78339E-1 2.47543E-1 8.55855E-2 3.73864E-2 7.74246E-3 2.59824E-3 9.843E-4 5.83235E-4 4.59017E-4 2.41412E-3 9.0758E-3 2.80359E-2 4.00735E-2 9.41657E-2 1.56629E-1 6.12467E-2 1.23278E-2 1.30465E-3 7.43402E-4 3.11697E-3
-9999 -9999 -9999 -9999 -9999 -9999 -9999 -9999 -9999 -9999 -9999 -9999 -9999 -9999 -9999 -9999 -9999 -9999 -9999 -9999 -9999 9.526E-1 9.46749E-1 9.39872E-1 9.55144E-1 9.84753E-1 9.96117E-1 0E0 0E0 7.02205E-1 0E0 0E0 0E0 0E0 0E0 0E0 0E0 0E0 0E0 0E0 0E0 0E0 0E0 0E0 0E0 0E0 0E0 0E0 0E0 0E0 0E0 0E0 0E0 0E0 0E0 3.67947E-1 0E0 0E0 2.65847E-1 1.95297E-1 1.44418E-1 7.18784E-2 2.6807E-2 9.78189E-3 3.09467E-3 1.74391E-3 1.64193E-3 1.3883E-3 3.00084E-3 4.61942E-3 1.48947E-2 1.02773E-1 1.06239E-1 4.45475E-2 2.47183E-2 4.13343E-3 1.52137E-4 2.46491E-4
-9999 -9999 -9999 -9999 -9999 -9999 -9999 -9999 -9999 -9999 -9999 -9999 -9999 -9999 -9999 -9999 -9999 -9999 -9999 -9999 -9999 9.81757E-1 9.12684E-1 9.31403E-1 9.59005E-1 9.65826E-1 0E0 0E0 0E0 6.97462E-1 0E0 0E0 0E0 0E0 0E0 0E0 0E0 0E0 0E0 0E0 0E0 0E0 0E0 0E0 0E0 0E0 0E0 0E0 0E0 0E0 0E0 0E0 3.24954E-1 3.39952E-1 2.75616E-1 2.73858E-1 0E0 0E0 2.99217E-1 1.66779E-1 1.94344E-1 8.65893E-2 3.61341E-2 1.50595E-2 7.75285E-3 3.85445E-3 2.59426E-3 1.02097E-3 1.67715E-3 4.37975E-3 1.08292E-2 6.9331E-2 6.4461E-2 2.25397E-2 7.02638E-3 5.47689E-3 1.63389E-4 7.18651E-5
-9999 -9999 -9999 -9999 -9999 -9999 -9999 -9999 -9999 -9999 -9999 -9999 -9999 -9999 -9999 -9999 -9999 -9999 -9999 -9999 -9999 -9999 9.64397E-1 8.45059E-1 9.31245E-1 0E0 0E0 9.71646E-1 9.84692E-1 9.66143E-1 0E0 0E0 0E0 0E0 0E0 0E0 0E0 0E0 0E0 0E0 0E0 0E0 0E0 0E0 0E0 0E0 0E0 0E0 0E0 0E0 0E0 3.35684E-1 3.20297E-1 3.166E-1 2.47663E-1 2.71116E-1 0E0 0E0 4.9999E-1 3.59886E-1 2.00471E-1 9.20232E-2 2.95407E-2 6.74134E-3 4.60467E-3 4.16509E-3 1.83406E-3 1.50092E-3 1.60253E-3 3.0379E-3 7.25553E-3 3.00261E-2 2.34342E-2 3.03269E-2 1.00623E-3 8.15043E-4 4.36789E-4 7.54104E-5
-9999 -9999 -9999 -9999 -9999 -9999 -9999 -9999 -9999 -9999 -9999 -9999 -9999 -9999 -9999 -9999 -9999 -9999 -9999 -9999 -9999 -9999 9.54714E-1 9.61525E-1 8.78055E-1 8.49052E-1 0E0 0E0 0E0 0E0 0E0 0E0 0E0 0E0 0E0 0E0 0E0 0E0 0E0 0E0 0E0 0E0 0E0 0E0 0E0 0E0 0E0 0E0 0E0 0E0 3.64195E-1 3.67353E-1 3.25376E-1 2.23915E-1 1.14035E-1 1.11774E-1 1.64598E-1 2.54767E-1 5.0879E-1 3.66533E-1 2.47587E-1 1.15803E-1 3.65375E-2 1.8643E-2 8.75944E-3 6.85822E-3 5.64991E-3 3.38966E-3 1.13003E-3 1.30302E-3 3.55104E-3 9.3864E-3 6.27143E-3 3.42692E-3 1.28862E-3 7.97472E-5 3.70137E-5 2.57876E-5
-9999 -9999 -9999 -9999 -9999 -9999 -9999 -9999 -9999 -9999 -9999 -9999 -9999 -9999 -9999 -9999 -9999 -9999 -9999 -9999 -9999 -9999 8.35701E-1 9.38069E-1 9.35622E-1 9.32995E-1 9.25753E-1 0E0 7.78793E-1 8.99086E-1 9.57683E-1 9.75354E-1 0E0 0E0 0E0 0E0 0E0 0E0 0E0 0E0 0E0 0E0 0E0 0E0 0E0 0E0 0E0 0E0 0E0 0E0 0E0 0E0 2.95236E-1 1.70495E-1 5.69614E-2 2.57206E-2 2.99554E-2 1.32588E-1 4.01108E-1 4.31537E-1 3.0409E-1 1.76479E-1 9.03699E-2 4.69362E-2 2.04648E-2 1.0091E-2 6.39047E-3 3.88329E-3 1.84409E-3 8.44627E-4 1.33667E-3 1.3141E-3 3.36702E-3 1.19008E-3 3.4277E-4 4.69442E-5 2.30794E-5 1.7751E-5
-9999 -9999 -9999 -9999 -9999 -9999 -9999 -9999 -9999 -9999 -9999 -9999 -9999 -9999 -9999 -9999 -9999 -9999 -9999 -9999 -9999 -9999 8.63548E-1 9.36165E-1 9.39031E-1 9.62172E-1 9.30659E-1 8.74366E-1 8.21369E-1 9.11261E-1 0E0 9.13561E-1 9.46126E-1 9.88929E-1 9.93528E-1 0E0 0E0 0E0 0E0 0E0 0E0 0E0 0E0 0E0 0E0 0E0 0E0 0E0 0E0 0E0 3.24224E-1 3.25979E-1 2.32538E-1 1.38506E-1 3.27639E-2 2.87368E-3 8.4587E-3 5.65432E-2 2.56012E-1 5.01345E-1 3.88571E-1 1.26499E-1 7.12703E-2 3.93506E-2 1.66027E-2 9.37463E-3 4.04115E-3 3.50541E-3 3.91235E-3 4.08481E-3 7.38164E-3 1.22536E-2 7.5897E-3 6.92609E-3 6.57867E-4 6.11593E-5 2.70635E-5 1.99048E-5
-9999 -9999 -9999 -9999 -9999 -9999 -9999 -9999 -9999 -9999 -9999 -9999 -9999 -9999 -9999 -9999 -9999 -9999 -9999 -9999 -9999 -9999 -9999 8.0587E-1 8.59232E-1 9.37865E-1 9.29172E-1 9.07716E-1 9.23667E-1 8.78611E-1 9.14849E-1 0E0 0E0 8.4453E-1 0E0 0E0 9.87279E-1 0E0 0E0 0E0 0E0 0E0 0E0 0E0 0E0 0E0 0E0 0E0 0E0 3.28432E-1 2.33116E-1 2.26033E-1 1.9634E-1 9.52506E-2 2.2332E-2 9.74432E-4 9.30344E-3 8.58631E-2 3.08319E-1 5.09745E-1 3.756E-1 1.16602E-1 2.55327E-2 1.16012E-2 9.46786E-3 7.51355E-3 2.23313E-2 1.45916E-2 1.07597E-2 3.78111E-2 1.7254E-2 4.20875E-3 4.38417E-3 3.8063E-3 4.48698E-4 1.58745E-4 3.01131E-5 8.16416E-6
-9999 -9999 -9999 -9999 -9999 -9999 -9999 -9999 -9999 -9999 -9999 -9999 -9999 -9999 -9999 -9999 -9999 -9999 -9999 -9999 -9999 -9999 -9999 8.66996E-1 8.21028E-1 8.15263E-1 8.83343E-1 7.70334E-1 8.58291E-1 9.09942E-1 8.86485E-1 8.77635E-1 9.65022E-1 0E0 9.55073E-1 9.36255E-1 9.60251E-1 9.69328E-1 9.77822E-1 9.858E-1 9.72096E-1 9.72152E-1 9.3961E-1 7.29357E-1 0E0 6.30078E-1 0E0 0E0 0E0 0E0 2.66633E-1 2.11532E-1 1.21891E-1 5.75307E-2 1.28681E-2 1.99796E-3 9.18343E-3 5.39213E-2 2.9216E-1 3.7639E-1 4.56497E-1 1.80882E-1 2.93422E-2 1.26418E-2 2.63553E-2 1.14044E-1 9.57178E-2 6.64816E-2 1.21138E-1 8.52964E-2 3.16632E-2 3.5376E-3 6.35954E-4 1.60268E-3 6.85289E-4 1.44576E-4 2.1163E-5 5.93206E-6
-9999 -9999 -9999 -9999 -9999 -9999 -9999 -9999 -9999 -9999 -9999 -9999 -9999 -9999 -9999 -9999 -9999 -9999 -9999 -9999 -9999 -9999 -9999 -9999 -9999 7.85674E-1 8.02489E-1 8.0903E-1 7.57624E-1 9.00599E-1 8.67323E-1 7.86911E-1 8.93595E-1 9.34934E-1 9.17369E-1 8.96875E-1 8.38929E-1 7.66088E-1 7.82807E-1 9.65363E-1 8.6095E-1 0E0 9.81697E-1 9.15942E-1 9.09026E-1 8.17485E-1 0E0 0E0 0E0 0E0 0E0 2.52986E-1 1.66982E-1 6.86097E-2 2.26581E-2 4.82449E-3 2.58521E-2 7.1536E-2 2.5357E-1 2.94647E-1 4.53367E-1 2.86511E-1 6.01568E-2 3.77579E-2 9.55365E-2 2.29039E-1 1.57883E-1 1.07652E-1 1.69347E-1 1.44636E-1 1.19613E-1 3.03894E-2 1.51911E-2 6.75004E-3 2.05832E-3 7.68774E-4 4.79785E-5 2.53402E-5
-9999 -9999 -9999 -9999 -9999 -9999 -9999 -9999 -9999 -9999 -9999 -9999 -9999 -9999 -9999 -9999 -9999 -9999 -9999 -9999 -9999 8.35859E-1 8.5084E-1 -9999 -9999 7.28276E-1 6.90721E-1 7.22189E-1 7.34653E-1 7.46837E-1 8.06303E-1 7.36556E-1 8.18189E-1 8.90027E-1 8.75616E-1 7.31298E-1 6.55645E-1 6.38445E-1 6.57117E-1 8.12404E-1 6.81545E-1 7.59232E-1 9.09833E-1 9.7446E-1 8.98575E-1 8.02372E-1 0E0 0E0 0E0 0E0 0E0 2.69495E-1 1.59312E-1 5.48146E-2 2.0619E-2 5.91787E-3 3.36823E-2 1.29822E-1 2.38878E-1 3.7014E-1 3.50659E-1 3.64976E-1 1.33527E-1 2.46161E-1 2.67765E-1 2.85013E-1 2.33797E-1 1.91671E-1 9.5096E-2 4.49273E-2 1.15277E-1 8.81365E-2 6.11957E-2 1.99909E-2 1.24562E-2 5.76767E-3 6.67724E-4 1.75159E-4
-9999 -9999 -9999 -9999 -9999 -9999 -9999 -9999 -9999 -9999 -9999 -9999 -9999 -9999 -9999 -9999 -9999 -9999 -9999 -9999 -9999 7.14653E-1 6.98152E-1 7.36277E-1 7.37094E-1 6.98245E-1 6.46083E-1 5.80466E-1 6.92229E-1 6.51831E-1 6.52498E-1 6.50911E-1 7.00727E-1 8.22477E-1 0E0 7.6809E-1 6.48477E-1 0E0 0E0 5.90534E-1 0E0 5.43405E-1 7.29312E-1 9.24348E-1 8.0001E-1 0E0 0E0 0E0 0E0 0E0 0E0 2.57403E-1 1.27224E-1 5.95243E-2 6.16542E-3 2.33696E-3 1.78822E-2 1.07282E-1 3.31174E-1 4.42699E-1 2.27149E-1 2.60305E-1 3.00468E-1 1.36107E-1 1.18621E-1 1.13565E-1 1.41611E-1 9.91542E-2 8.52232E-3 1.79097E-3 2.92412E-2 5.85813E-2 8.27338E-2 5.15191E-2 1.10555E-2 2.15104E-3 1.40531E-3 3.00008E-4
-9999 -9999 -9999 -9999 -9999 -9999 -9999 -9999 -9999 -9999 -9999 -9999 -9999 -9999 -9999 -9999 -9999 -9999 -9999 -9999 7.76799E-1 7.51572E-1 6.82306E-1 5.80071E-1 6.00585E-1 6.03381E-1 5.73114E-1 5.32753E-1 5.44626E-1 5.24412E-1 5.27219E-1 5.47891E-1 5.45108E-1 6.26502E-1 7.53972E-1 7.69379E-1 0E0 0E0 0E0 0E0 0E0 0E0 8.29571E-1 6.90244E-1 5.04505E-1 0E0 3.4039E-1 2.52166E-1 2.85889E-1 2.88931E-1 2.56367E-1 1.65422E-1 1.00758E-1 4.67238E-2 1.60647E-2 1.83723E-3 1.24649E-2 1.29403E-1 2.3736E-1 3.77552E-1 1.39663E-1 7.54016E-2 3.31179E-2 8.68408E-3 1.93881E-3 8.70557E-3 1.38506E-2 6.05923E-2 9.67402E-3 6.03087E-4 6.45325E-3 3.90652E-2 3.77562E-2 4.75847E-2 5.03239E-2 1.92869E-2 3.99215E-3 2.12116E-4
-9999 -9999 -9999 -9999 -9999 -9999 -9999 -9999 -9999 -9999 -9999 -9999 -9999 -9999 -9999 -9999 -9999 -9999 -9999 -9999 8.4124E-1 7.99805E-1 6.76929E-1 6.30102E-1 4.97107E-1 4.88146E-1 4.48628E-1 4.42697E-1 4.34145E-1 4.07119E-1 5.49196E-1 5.02811E-1 6.67708E-1 7.15204E-1 7.40286E-1 7.12119E-1 0E0 5.58793E-1 0E0 0E0 0E0 7.64263E-1 0E0 8.44431E-1 5.99877E-1 0E0 2.51674E-1 1.13783E-1 1.06471E-1 1.60786E-1 1.85427E-1 1.24452E-1 7.59845E-2 3.04594E-2 4.47798E-3 1.03773E-3 1.11876E-2 1.20233E-1 1.3009E-1 3.22456E-1 2.89976E-1 1.0178E-1 2.51607E-2 2.39878E-3 7.43282E-4 4.21667E-4 3.11699E-3 1.38337E-2 8.55485E-3 2.68982E-4 8.51145E-4 2.3688E-2 1.25046E-2 1.78748E-2 2.89693E-2 1.95291E-2 9.73313E-4 1.55053E-3
-9999 -9999 -9999 -9999 -9999 -9999 -9999 -9999 -9999 -9999 -9999 -9999 -9999 -9999 -9999 -9999 -9999 -9999 -9999 -9999 9.2888E-1 8.73003E-1 7.59371E-1 5.7196E-1 4.81034E-1 4.73706E-1 3.80575E-1 4.57331E-1 3.99467E-1 4.68025E-1 6.90675E-1 6.07669E-1 7.48619E-1 6.21462E-1 7.28942E-1 7.26603E-1 6.26406E-1 4.10484E-1 0E0 0E0 0E0 6.973E-1 9.1346E-1 0E0 7.5354E-1 0E0 2.47781E-1 1.04101E-1 5.89372E-2 6.90038E-2 7.03307E-2 7.3061E-2 5.45745E-2 1.49636E-2 3.09273E-3 6.21921E-4 3.29413E-3 2.96118E-2 7.87137E-2 1.83809E-1 3.45505E-1 1.12442E-1 3.27506E-2 2.57937E-3 1.16431E-3 1.54E-4 2.7747E-4 1.98808E-3 4.91322E-3 2.06709E-4 6.11437E-4 4.26385E-3 1.8362E-3 3.81226E-3 7.62974E-3 4.57026E-2 1.63207E-2 2.31796E-2
-9999 -9999 -9999 -9999 -9999 -9999 -9999 -9999 -9999 -9999 -9999 -9999 -9999 -9999 -9999 -9999 -9999 -9999 -9999 -9999 -9999 8.61988E-1 8.581E-1 7.50268E-1 5.55331E-1 3.93424E-1 5.22894E-1 7.14397E-1 7.19152E-1 7.47123E-1 7.41358E-1 7.32709E-1 7.21473E-1 6.05258E-1 5.56575E-1 6.8534E-1 0E0 0E0 0E0 0E0 5.72077E-1 7.29469E-1 8.9722E-1 0E0 6.7589E-1 0E0 2.81027E-1 1.85556E-1 8.02579E-2 4.8631E-2 4.07713E-2 3.69291E-2 1.84678E-2 7.47821E-3 1.64166E-3 5.35692E-4 1.4159E-3 6.81978E-3 2.40668E-2 6.34689E-2 2.6122E-1 2.2194E-1 7.76143E-2 6.93243E-3 1.99603E-3 3.81073E-4 2.30438E-4 1.12673E-3 1.89668E-3 3.20982E-4 1.12479E-4 4.86696E-4 2.70547E-4 3.50903E-4 2.28892E-3 2.3757E-2 3.04976E-2 1.0219E-2
-9999 -9999 -9999 -9999 -9999 -9999 -9999 -9999 -9999 -9999 -9999 -9999 -9999 -9999 -9999 -9999 -9999 -9999 -9999 -9999 -9999 8.16326E-1 8.03115E-1 7.70166E-1 5.57595E-1 5.10057E-1 8.04762E-1 7.44344E-1 7.31249E-1 5.87536E-1 4.05052E-1 4.39607E-1 6.05962E-1 5.46256E-1 0E0 6.83705E-1 8.01476E-1 5.68551E-1 0E0 0E0 0E0 7.6276E-1 8.60424E-1 7.8419E-1 0E0 0E0 0E0 2.79657E-1 1.75545E-1 8.1652E-2 2.03338E-2 6.55049E-3 5.5858E-3 2.35116E-3 5.64584E-4 3.37676E-4 3.57189E-4 1.39261E-3 7.67611E-3 5.19478E-2 1.67377E-1 2.21361E-1 9.12366E-2 4.53034E-3 3.2971E-3 5.22585E-4 6.97921E-5 8.47882E-4 6.19261E-4 4.96573E-4 8.52706E-4 8.34305E-4 2.04833E-4 2.04204E-4 6.37319E-4 9.78987E-3 1.12948E-2 7.2188E-4
-9999 -9999 -9999 -9999 -9999 -9999 -9999 -9999 -9999 -9999 -9999 -9999 -9999 -9999 -9999 -9999 -9999 -9999 -9999 -9999 8.5248E-1 7.47258E-1 7.09292E-1 7.4362E-1 7.25736E-1 8.17508E-1 8.60037E-1 7.29823E-1 6.24483E-1 4.62537E-1 4.18486E-1 3.35249E-1 3.54435E-1 3.86001E-1 4.59115E-1 5.74478E-1 7.39339E-1 5.67368E-1 0E0 0E0 5.73458E-1 7.93389E-1 7.70727E-1 6.68353E-1 0E0 0E0 2.58765E-1 2.73793E-1 1.90665E-1 2.76882E-2 6.88504E-3 1.23593E-3 5.16142E-4 2.90023E-4 1.25147E-4 5.73851E-5 1.46076E-4 6.06356E-4 1.57627E-3 2.39971E-2 4.10093E-2 1.3427E-1 1.00653E-1 4.15059E-3 1.30269E-2 1.43095E-3 3.11256E-4 4.57135E-4 1.9577E-3 4.0637E-3 2.18434E-3 1.04782E-3 1.68584E-4 1.41713E-4 3.15138E-4 1.01717E-3 1.0124E-2 3.74053E-3
-9999 -9999 -9999 -9999 -9999 -9999 -9999 -9999 -9999 -9999 -9999 -9999 -9999 -9999 -9999 -9999 -9999 -9999 -9999 -9999 8.04623E-1 8.00109E-1 6.90948E-1 7.4622E-1 8.52868E-1 8.36549E-1 7.96927E-1 7.85275E-1 7.43723E-1 7.00532E-1 7.0697E-1 5.73183E-1 4.84133E-1 3.82734E-1 3.72332E-1 6.09349E-1 7.49364E-1 0E0 0E0 5.09945E-1 6.74321E-1 8.20255E-1 7.43705E-1 0E0 2.73714E-1 2.65732E-1 1.66465E-1 1.06401E-1 6.23748E-2 2.31874E-2 2.91243E-3 7.68259E-4 1.65338E-4 1.06494E-4 5.14637E-5 2.86056E-5 3.69893E-5 1.08198E-4 1.49443E-3 2.38361E-3 1.18944E-2 1.11134E-1 1.02949E-1 7.76789E-2 2.18513E-2 1.33011E-2 5.60981E-3 3.64796E-3 8.39415E-3 1.19282E-2 2.31094E-3 1.19459E-3 5.7261E-4 6.64727E-4 5.6152E-4 4.59912E-4 1.07665E-3 7.91883E-3
-9999 -9999 -9999 -9999 -9999 -9999 -9999 -9999 -9999 -9999 -9999 -9999 -9999 -9999 -9999 -9999 -9999 -9999 -9999 -9999 7.43336E-1 7.38169E-1 7.75767E-1 6.99661E-1 6.69291E-1 5.61115E-1 5.34427E-1 5.99293E-1 5.41172E-1 4.92097E-1 5.54805E-1 5.39306E-1 0E0 3.22006E-1 3.4766E-1 4.95446E-1 7.2626E-1 6.29358E-1 0E0 0E0 7.40495E-1 7.45578E-1 8.22739E-1 5.50904E-1 2.69833E-1 1.67301E-1 1.09695E-1 5.31787E-2 5.30701E-2 3.59777E-2 6.48258E-3 4.2256E-3 4.42072E-4 1.02389E-4 2.50081E-5 1.86157E-5 2.09567E-5 7.8498E-5 1.27011E-3 3.92387E-3 2.24149E-2 6.14713E-2 1.19575E-1 6.43701E-2 5.83825E-2 5.43831E-2 1.13273E-2 1.13347E-2 2.3936E-2 5.30741E-3 3.22187E-3 1.30975E-3 1.03183E-3 4.91096E-4 4.13808E-4 5.52235E-4 5.38843E-4 5.06228E-3
-9999 -9999 -9999 -9999 -9999 -9999 -9999 -9999 -9999 -9999 -9999 -9999 -9999 -9999 -9999 -9999 -9999 -9999 -9999 -9999 -9999 -9999 -9999 -9999 7.42987E-1 6.33977E-1 4.16928E-1 4.29967E-1 3.96617E-1 3.94786E-1 3.50427E-1 3.88243E-1 4.25237E-1 3.00824E-1 2.68109E-1 4.04685E-1 6.73468E-1 6.48011E-1 3.61325E-1 0E0 0E0 6.41526E-1 6.39422E-1 6.63888E-1 3.59807E-1 2.84221E-1 1.6476E-1 6.79762E-2 8.95934E-2 8.64632E-2 3.10177E-2 1.12367E-2 2.99421E-3 8.00697E-4 4.50322E-5 1.37557E-5 1.51831E-5 7.60771E-5 7.7357E-4 8.61082E-3 7.83515E-3 3.84982E-3 3.51757E-2 1.17412E-1 3.21502E-2 2.30191E-2 3.59343E-2 1.87279E-2 2.50097E-2 5.76352E-3 2.66946E-3 1.50171E-3 1.57943E-3 1.07494E-3 2.51105E-4 3.76529E-4 1.41396E-3 2.06922E-3
-9999 -9999 -9999 -9999 -9999 -9999 -9999 -9999 -9999 -9999 -9999 -9999 -9999 -9999 -9999 -9999 -9999 -9999 -9999 -9999 -9999 -9999 -9999 -9999 -9999 8.49409E-1 6.26863E-1 6.51369E-1 6.29847E-1 5.26224E-1 4.69369E-1 3.07218E-1 3.23195E-1 0E0 2.57465E-1 2.75833E-1 6.18361E-1 6.47707E-1 4.79566E-1 3.15278E-1 0E0 0E0 3.98546E-1 5.40882E-1 4.73076E-1 3.93447E-1 2.07045E-1 1.14833E-1 2.14526E-1 1.86499E-1 7.39806E-2 1.8791E-2 3.23372E-3 6.8285E-4 1.03611E-4 7.02997E-5 4.87101E-5 7.33449E-5 4.43569E-4 2.67394E-3 5.03999E-4 6.55918E-4 5.71494E-3 6.65529E-2 7.99415E-2 2.38629E-2 8.02353E-3 3.67118E-3 7.65928E-3 1.64617E-2 2.17723E-3 1.84431E-3 4.65578E-3 1.29876E-3 4.22862E-4 2.68008E-4 4.33319E-4 8.88503E-4
-9999 -9999 -9999 -9999 -9999 -9999 -9999 -9999 -9999 -9999 -9999 -9999 -9999 -9999 -9999 -9999 -9999 -9999 -9999 -9999 -9999 -9999 -9999 -9999 -9999 -9999 -9999 -9999 -9999 8.47986E-1 6.1672E-1 5.55404E-1 4.08217E-1 2.79275E-1 2.38206E-1 2.75598E-1 5.22718E-1 7.03495E-1 6.36648E-1 0E0 3.74521E-1 0E0 3.12565E-1 4.12474E-1 5.20167E-1 5.04488E-1 0E0 2.68497E-1 3.60463E-1 2.71007E-1 7.67888E-2 1.93898E-2 1.56894E-2 3.70421E-3 2.47278E-4 1.59526E-4 2.50834E-4 2.07584E-4 2.51431E-4 4.29445E-4 2.42144E-4 3.72099E-4 1.79114E-3 8.27462E-3 5.49339E-3 7.18717E-2 1.21232E-2 2.91546E-3 1.21907E-3 1.41442E-2 1.1867E-2 8.77598E-3 1.98353E-3 1.85868E-3 1.34219E-3 3.38964E-4 2.90189E-4 2.67181E-4
-9999 -9999 -9999 -9999 -9999 -9999 -9999 -9999 -9999 -9999 -9999 -9999 -9999 -9999 -9999 -9999 -9999 -9999 -9999 -9999 -9999 -9999 -9999 -9999 -9999 -9999 -9999 -9999 -9999 -9999 7.81848E-1 5.75678E-1 4.5324E-1 2.96253E-1 2.22137E-1 2.60546E-1 4.86675E-1 7.16581E-1 6.98024E-1 6.0959E-1 4.33834E-1 3.30612E-1 3.14682E-1 3.83513E-1 4.35137E-1 5.59941E-1 4.72318E-1 4.05125E-1 3.21861E-1 1.64723E-1 7.9099E-2 1.02843E-1 1.03744E-1 2.20586E-2 2.41636E-3 9.94225E-4 9.80577E-4 4.57916E-4 1.92213E-4 1.44169E-4 4.01578E-4 1.28802E-3 3.31624E-3 1.293E-3 1.56082E-3 6.21478E-2 7.80441E-3 2.76391E-3 1.65341E-3 6.58347E-3 1.07323E-3 2.95651E-3 6.80854E-4 2.67708E-4 2.72942E-4 1.38599E-3 1.15556E-4 5.56066E-5
-9999 -9999 -9999 -9999 -9999 -9999 -9999 -9999 -9999 -9999 -9999 -9999 -9999 -9999 -9999 -9999 -9999 -9999 -9999 -9999 -9999 -9999 -9999 -9999 -9999 -9999 -9999 -9999 -9999 -9999 -9999 6.8761E-1 6.1428E-1 4.47643E-1 0E0 4.625E-1 4.98458E-1 5.98899E-1 6.4605E-1 5.82154E-1 6.69165E-1 5.35753E-1 4.56195E-1 2.88267E-1 2.88269E-1 0E0 2.87527E-1 4.11268E-1 2.82996E-1 2.67226E-1 3.42123E-1 2.74042E-1 1.02299E-1 1.3351E-2 1.06477E-2 4.60152E-3 1.92225E-3 6.21207E-4 8.13865E-5 7.41877E-5 2.59397E-4 2.27422E-3 3.38274E-3 9.32418E-4 1.12798E-3 3.69816E-2 1.25572E-2 7.84731E-4 5.83019E-4 8.77442E-4 2.9901E-4 4.13836E-4 1.66191E-3 1.98402E-4 3.04169E-4 5.34566E-4 5.77453E-5 1.16772E-4
-9999 -9999 -9999 -9999 -9999 -9999 -9999 -9999 -9999 -9999 -9999 -9999 -9999 -9999 -9999 -9999 -9999 -9999 -9999 -9999 -9999 -9999 -9999 -9999 -9999 -9999 -9999 -9999 -9999 -9999 -9999 -9999 5.92505E-1 4.00049E-1 3.31726E-1 3.76659E-1 3.99822E-1 5.60767E-1 5.82042E-1 5.39238E-1 5.44687E-1 5.47836E-1 4.7462E-1 3.13872E-1 1.22668E-1 2.37093E-1 2.6376E-1 3.02913E-1 3.9754E-1 2.25615E-1 1.22354E-1 1.4186E-1 6.54532E-2 4.75235E-2 2.50451E-2 5.7307E-3 1.47913E-3 3.69342E-4 3.50817E-5 5.05982E-5 2.75622E-4 7.56925E-4 2.10426E-3 4.49417E-4 3.63888E-4 2.50517E-2 2.01151E-2 3.70306E-3 8.48256E-4 2.452E-4 1.49434E-4 1.0302E-4 1.99182E-4 5.10011E-5 8.68452E-5 1.46895E-4 6.53374E-5 3.21232E-5
-9999 -9999 -9999 -9999 -9999 -9999 -9999 -9999 -9999 -9999 -9999 -9999 -9999 -9999 -9999 -9999 -9999 -9999 -9999 -9999 -9999 -9999 -9999 -9999 -9999 -9999 -9999 -9999 -9999 -9999 -9999 -9999 -9999 2.56562E-1 2.64835E-1 2.25838E-1 3.15705E-1 3.72213E-1 4.5244E-1 2.91305E-1 2.29753E-1 3.89943E-1 2.71864E-1 2.5997E-1 1.2289E-1 4.13042E-2 3.99759E-2 1.86625E-1 3.13779E-1 2.85138E-1 1.11153E-1 3.81025E-2 4.05977E-2 3.44924E-2 7.22253E-3 2.11991E-3 4.41416E-4 1.50513E-4 3.06216E-5 4.91717E-5 2.88291E-4 1.27815E-3 1.68443E-3 1.38509E-3 8.13746E-4 2.42458E-2 6.58911E-2 2.06554E-2 1.9398E-3 1.9442E-4 8.18737E-5 4.67494E-5 8.1006E-5 7.66415E-5 4.10552E-5 5.88931E-5 3.95435E-5 4.61081E-5
-9999 -9999 -9999 -9999 -9999 -9999 -9999 -9999 -9999 -9999 -9999 -9999 -9999 -9999 -9999 -9999 -9999 -9999 -9999 -9999 -9999 -9999 -9999 -9999 -9999 -9999 -9999 -9999 -9999 -9999 -9999 -9999 -9999 -9999 -9999 7.76953E-2 8.06272E-2 1.38166E-1 2.52871E-1 2.97462E-1 3.82686E-1 3.5768E-1 3.00116E-1 3.13083E-1 1.89363E-1 6.31744E-2 1.98017E-2 1.14078E-1 1.99532E-1 2.69993E-1 2.41444E-1 7.09585E-2 1.78826E-2 1.39678E-2 7.09353E-3 2.01162E-3 1.90044E-3 8.16071E-4 2.86505E-4 6.16597E-4 3.67589E-4 2.21558E-4 8.39191E-4 1.46918E-3 8.63021E-4 3.39286E-3 1.90637E-2 5.24987E-2 4.04607E-3 6.6399E-4 1.13614E-4 4.43059E-5 3.26353E-5 5.83425E-5 2.57177E-5 4.04193E-5 3.05921E-5 1.75559E-5
-9999 -9999 -9999 -9999 -9999 -9999 -9999 -9999 -9999 -9999 -9999 -9999 -9999 -9999 -9999 -9999 -9999 -9999 -9999 -9999 -9999 -9999 -9999 -9999 -9999 -9999 -9999 -9999 -9999 -9999 -9999 -9999 -9999 -9999 -9999 -9999 5.49062E-2 2.09207E-1 2.47618E-1 2.31299E-1 2.84185E-1 2.79272E-1 2.4425E-1 2.76232E-1 2.93521E-1 1.37296E-1 3.85939E-2 4.65845E-2 1.01552E-1 1.29215E-1 2.15866E-1 1.08564E-1 4.93317E-2 8.44972E-2 6.94198E-2 3.81441E-2 4.50603E-3 2.15765E-3 2.08153E-3 2.16691E-3 1.12777E-3 7.02924E-4 2.92167E-4 2.82026E-4 1.89221E-4 2.63328E-3 1.51509E-2 1.91993E-2 2.29421E-3 1.6277E-4 4.60466E-5 2.85841E-5 1.75555E-5 2.04295E-5 2.50338E-5 1.58831E-5 2.11005E-5 3.00931E-5
-9999 -9999 -9999 -9999 -9999 -9999 -9999 -9999 -9999 -9999 -9999 -9999 -9999 -9999 -9999 -9999 -9999 -9999 -9999 -9999 -9999 -9999 -9999 -9999 -9999 -9999 -9999 -9999 -9999 -9999 -9999 -9999 -9999 -9999 -9999 -9999 -9999 1.76731E-1 2.71815E-1 1.84205E-1 1.71836E-1 2.19801E-1 1.54852E-1 2.07755E-1 1.39809E-1 7.63603E-2 3.38819E-2 1.89653E-2 2.39647E-2 5.14987E-2 7.08113E-2 2.11826E-1 1.76012E-1 8.9316E-2 9.82721E-2 4.28587E-2 2.90976E-2 1.64564E-2 5.86629E-3 4.00051E-3 2.49846E-3 1.10802E-3 2.99545E-4 4.74294E-5 2.08694E-5 1.56754E-4 1.37362E-2 3.31464E-3 8.58543E-4 1.53406E-4 1.59246E-4 4.82057E-5 2.89735E-5 1.71782E-5 1.48283E-5 2.37171E-5 2.08555E-5 2.85688E-5
-9999 -9999 -9999 -9999 -9999 -9999 -9999 -9999 -9999 -9999 -9999 -9999 -9999 -9999 -9999 -9999 -9999 -9999 -9999 -9999 -9999 -9999 -9999 -9999 -9999 -9999 -9999 -9999 -9999 -9999 -9999 -9999 -9999 -9999 -9999 -9999 -9999 -9999 2.39345E-1 2.08541E-1 1.45028E-1 1.04441E-1 8.5939E-2 1.10033E-1 4.98377E-2 1.79103E-2 1.33824E-2 3.121E-3 4.69212E-3 1.68081E-2 4.43954E-2 8.16214E-2 1.01803E-1 1.06068E-2 5.51097E-2 8.76672E-2 2.32893E-2 9.37948E-3 4.60654E-3 3.3617E-3 2.42593E-3 5.36894E-4 9.57829E-5 4.41773E-5 1.8664E-5 2.64989E-4 2.29094E-2 1.4512E-3 2.53031E-4 2.94748E-4 3.98271E-4 4.58835E-5 2.51179E-5 8.63867E-5 9.50327E-5 7.07786E-5 7.15864E-5 1.61663E-5
-9999 -9999 -9999 -9999 -9999 -9999 -9999 -9999 -9999 -9999 -9999 -9999 -9999 -9999 -9999 -9999 -9999 -9999 -9999 -9999 -9999 -9999 -9999 -9999 -9999 -9999 -9999 -9999 -9999 -9999 -9999 -9999 -9999 -9999 -9999 -9999 -9999 -9999 -9999 -9999 1.9738E-1 1.10313E-1 3.23149E-2 2.49012E-2 1.81908E-2 9.36741E-3 6.26093E-3 1.52172E-3 1.11665E-3 8.80857E-3 2.13584E-2 8.4868E-2 8.40187E-2 6.11109E-3 8.07546E-3 8.3789E-2 6.96641E-2 1.07056E-2 1.89043E-3 1.5717E-3 2.09277E-3 1.02239E-3 2.78122E-4 8.08086E-5 4.4564E-5 3.41559E-3 2.29185E-2 2.93315E-3 1.14818E-3 1.19351E-3 1.51875E-4 1.59656E-5 8.74031E-5 2.39142E-4 3.60078E-5 7.83375E-5 2.77184E-5 6.41388E-6
-9999 -9999 -9999 -9999 -9999 -9999 -9999 -9999 -9999 -9999 -9999 -9999 -9999 -9999 -9999 -9999 -9999 -9999 -9999 -9999 -9999 -9999 -9999 -9999 -9999 -9999 -9999 -9999 -9999 -9999 -9999 -9999 -9999 -9999 -9999 -9999 -9999 -9999 -9999 -9999 -9999 1.98351E-1 6.9523E-2 8.07563E-2 5.77326E-2 9.37675E-3 2.43505E-3 1.34409E-3 4.00954E-4 3.32716E-3 3.22538E-3 6.18325E-2 7.6407E-2 2.11698E-2 5.80105E-3 9.01374E-3 2.97357E-2 4.42526E-2 3.41948E-3 6.26407E-4 3.04044E-4 3.69168E-4 1.79736E-4 5.75439E-5 2.69174E-4 3.59633E-3 2.82357E-3 3.11971E-3 5.70027E-3 3.03026E-3 1.69383E-4 1.4317E-4 7.56971E-4 4.56997E-4 3.00563E-4 1.84814E-4 1.57619E-5 3.07488E-6
-9999 -9999 -9999 -9999 -9999 -9999 -9999 -9999 -9999 -9999 -9999 -9999 -9999 -9999 -9999 -9999 -9999 -9999 -9999 -9999 -9999 -9999 -9999 -9999 -9999 -9999 -9999 -9999 -9999 -9999 -9999 -9999 -9999 -9999 -9999 -9999 -9999 -9999 -9999 -9999 -9999 -9999 1.63955E-1 1.51428E-1 2.49566E-2 5.37306E-3 1.76757E-3 6.86966E-4 2.03119E-4 3.55846E-4 3.66552E-3 5.39099E-2 8.74652E-2 4.94796E-2 1.97262E-2 3.95526E-3 1.43735E-2 2.97674E-2 1.91723E-2 4.76559E-3 1.81415E-3 1.31133E-3 2.34425E-4 1.01704E-4 2.33549E-4 9.39148E-4 5.24108E-4 6.99727E-4 8.23619E-4 6.83496E-4 5.61049E-4 1.15802E-3 2.16882E-4 3.62386E-5 1.92825E-4 3.40047E-4 1.48453E-4 8.05712E-5
