ENM/Final_Models/M_1_F_qp_Set_1_E/Gustavia_santanderiensis_7_Choco.asc
ncols         367
nrows         963
xllcorner     -78.6
yllcorner     0.65
cellsize      0.00833333333333323
NODATA_value  -9999
[rows 420 to 449 of 963, columns 201 to 267 of 367]
7.0814E-1 6.70341E-1 7.82681E-1 3.51222E-1 3.94301E-1 4.67251E-1 4.40122E-1 3.18274E-1 3.39084E-1 4.66543E-1 3.10836E-1 4.06057E-1 4.90954E-1 4.21649E-1 4.63752E-1 4.40303E-1 4.39704E-1 4.43473E-1 4.84444E-1 4.0549E-1 5.12999E-1 4.48965E-1 4.68611E-1 5.20424E-1 5.61065E-1 4.57363E-1 4.3053E-1 5.2738E-1 3.39839E-1 3.74742E-1 5.12239E-1 7.38425E-1 4.81157E-1 4.60179E-1 6.89873E-1 4.41249E-1 3.32638E-1 3.38055E-1 3.46349E-1 4.21957E-1 4.39464E-1 8.27781E-1 8.51149E-1 6.4867E-1 6.98193E-1 6.2754E-1 8.29561E-1 5.09055E-1 5.10384E-1 7.97073E-1 7.04124E-1 8.37718E-1 8.54776E-1 9.50875E-1 6.31035E-1 4.57581E-1 5.83894E-1 4.34902E-1 3.63338E-1 4.01428E-1 5.13853E-1 5.45198E-1 5.48908E-1 7.01518E-1 5.55044E-1 3.40429E-1 3.97265E-1
7.85546E-1 2.95213E-1 8.50096E-1 2.96021E-1 3.47825E-1 4.2075E-1 3.40588E-1 2.85823E-1 3.23743E-1 5.19871E-1 4.54653E-1 5.2613E-1 4.9036E-1 4.57739E-1 3.56539E-1 3.33493E-1 5.2581E-1 5.75047E-1 4.415E-1 4.55797E-1 5.37301E-1 3.83908E-1 4.82828E-1 4.83693E-1 3.82769E-1 3.89763E-1 4.90867E-1 6.40376E-1 7.50631E-1 8.8023E-1 9.15264E-1 3.90803E-1 4.49249E-1 5.00792E-1 6.51786E-1 4.81177E-1 3.69506E-1 5.73298E-1 5.67049E-1 5.8199E-1 5.48701E-1 4.6443E-1 5.98025E-1 5.79512E-1 5.85729E-1 7.70398E-1 8.85963E-1 9.58438E-1 9.66774E-1 7.63501E-1 9.42213E-1 9.38866E-1 8.62292E-1 7.42065E-1 4.30933E-1 4.47999E-1 3.37722E-1 4.58391E-1 3.66247E-1 3.62159E-1 5.85752E-1 7.71045E-1 6.52211E-1 6.39206E-1 4.51906E-1 4.99906E-1 4.47569E-1
6.56775E-1 3.35541E-1 6.67506E-1 3.47797E-1 4.29314E-1 3.40833E-1 4.10903E-1 2.57088E-1 3.03327E-1 4.48622E-1 4.24304E-1 3.75872E-1 3.57972E-1 5.68346E-1 3.8684E-1 6.0597E-1 5.39414E-1 6.73561E-1 3.92951E-1 4.66208E-1 4.66202E-1 4.27068E-1 6.02447E-1 4.82486E-1 3.6118E-1 6.25771E-1 3.77443E-1 5.06483E-1 6.5516E-1 7.19941E-1 8.096E-1 7.32852E-1 6.59451E-1 5.53812E-1 6.93872E-1 6.70909E-1 5.96031E-1 5.28562E-1 5.7729E-1 4.97314E-1 4.56127E-1 5.17236E-1 7.39829E-1 5.86553E-1 6.40554E-1 7.76904E-1 6.73472E-1 8.72604E-1 8.10958E-1 7.52617E-1 7.31674E-1 8.53303E-1 4.4583E-1 4.96002E-1 3.92831E-1 3.18125E-1 3.10892E-1 2.6583E-1 5.00057E-1 5.86071E-1 6.30733E-1 6.28732E-1 5.92505E-1 6.55716E-1 6.14784E-1 5.96386E-1 3.40558E-1
2.97698E-1 3.54542E-1 3.29605E-1 4.07712E-1 3.33098E-1 4.1545E-1 3.13793E-1 5.39535E-1 3.66753E-1 4.06663E-1 4.75965E-1 4.69788E-1 3.71504E-1 4.45741E-1 4.31321E-1 4.03447E-1 5.74159E-1 5.50282E-1 6.15218E-1 5.60662E-1 4.5072E-1 4.5306E-1 5.38144E-1 6.07351E-1 4.77776E-1 4.50104E-1 2.89705E-1 4.75018E-1 9.16573E-1 7.88112E-1 7.72127E-1 6.10537E-1 6.49507E-1 4.73854E-1 5.32134E-1 3.52329E-1 3.77579E-1 5.47614E-1 5.74241E-1 7.88277E-1 6.58565E-1 8.85365E-1 6.07824E-1 5.68178E-1 6.85505E-1 5.33397E-1 7.00599E-1 8.4769E-1 7.5332E-1 8.56394E-1 6.95331E-1 5.3831E-1 4.23261E-1 4.82759E-1 4.82439E-1 3.85324E-1 5.16195E-1 4.01957E-1 5.91828E-1 6.01132E-1 6.05829E-1 4.16137E-1 4.04566E-1 3.46648E-1 4.27316E-1 7.98128E-1 5.3572E-1
7.95801E-1 3.40914E-1 3.534E-1 4.0117E-1 2.95744E-1 2.56446E-1 3.01748E-1 3.74931E-1 4.93646E-1 4.09694E-1 5.10408E-1 4.43887E-1 5.3539E-1 6.57951E-1 4.55544E-1 3.1255E-1 3.87689E-1 3.65729E-1 3.67044E-1 5.45166E-1 4.77819E-1 4.48569E-1 5.14004E-1 7.52063E-1 7.73344E-1 4.15003E-1 5.66152E-1 6.64072E-1 5.45445E-1 3.4659E-1 3.50055E-1 3.97561E-1 4.67315E-1 8.78842E-1 8.36103E-1 4.46824E-1 3.56901E-1 4.09768E-1 8.55004E-1 8.07962E-1 7.70535E-1 7.57608E-1 8.29553E-1 5.65229E-1 5.31483E-1 6.08723E-1 9.10097E-1 8.76167E-1 7.53671E-1 8.91155E-1 6.7166E-1 8.08229E-1 5.78154E-1 5.97923E-1 5.4474E-1 5.24067E-1 5.15839E-1 7.9044E-1 7.90074E-1 7.0552E-1 4.86211E-1 2.56237E-1 3.36157E-1 5.17453E-1 3.48927E-1 5.23076E-1 3.12975E-1
7.14171E-1 7.98084E-1 4.29586E-1 4.79203E-1 3.9492E-1 2.62778E-1 2.7628E-1 4.4701E-1 4.27916E-1 4.49696E-1 5.37683E-1 4.9622E-1 4.65698E-1 6.16394E-1 6.64516E-1 5.412E-1 4.39618E-1 6.31737E-1 6.07376E-1 5.97818E-1 3.9038E-1 6.91706E-1 5.61914E-1 9.30062E-1 6.03425E-1 4.8036E-1 6.95286E-1 6.51993E-1 6.10085E-1 5.1511E-1 4.04338E-1 5.8314E-1 5.88301E-1 7.66226E-1 7.48563E-1 8.20319E-1 8.04797E-1 4.98573E-1 9.44028E-1 9.84997E-1 7.93658E-1 8.00945E-1 9.02718E-1 8.43414E-1 7.83617E-1 6.06239E-1 8.43773E-1 8.8396E-1 9.17111E-1 7.22692E-1 6.11923E-1 7.11558E-1 6.08617E-1 6.7037E-1 7.10618E-1 5.76939E-1 3.94799E-1 6.10608E-1 8.58481E-1 6.48486E-1 4.3753E-1 2.20041E-1 3.7033E-1 4.83489E-1 4.85417E-1 3.13882E-1 1.18151E-1
6.64376E-1 8.9737E-1 3.85824E-1 6.82728E-1 5.18303E-1 3.56125E-1 4.16831E-1 4.94705E-1 4.95062E-1 4.25047E-1 3.66922E-1 3.7417E-1 3.2416E-1 8.35163E-1 3.87497E-1 5.44181E-1 4.27373E-1 3.35787E-1 4.53741E-1 4.69676E-1 5.71019E-1 7.32184E-1 5.91949E-1 6.15711E-1 5.67242E-1 6.11255E-1 6.19946E-1 4.83016E-1 4.97762E-1 5.08083E-1 4.71597E-1 8.05508E-1 5.74126E-1 5.24662E-1 5.96288E-1 8.9562E-1 8.37423E-1 8.82093E-1 8.99631E-1 9.61594E-1 7.18956E-1 7.99771E-1 7.60094E-1 7.15938E-1 8.33006E-1 5.63075E-1 6.32253E-1 8.3649E-1 7.82343E-1 7.78949E-1 7.93337E-1 7.63485E-1 5.48834E-1 7.25592E-1 5.84417E-1 4.42129E-1 3.51627E-1 4.18183E-1 4.48568E-1 7.74083E-1 2.87257E-1 3.13997E-1 3.41556E-1 4.76526E-1 6.03086E-1 3.57144E-1 1.40328E-1
6.79108E-1 8.96085E-1 4.85733E-1 3.46778E-1 4.26003E-1 4.53384E-1 4.33121E-1 3.85163E-1 4.38993E-1 5.34352E-1 4.79984E-1 5.87282E-1 4.17598E-1 4.21516E-1 4.03365E-1 5.18604E-1 3.88183E-1 3.70311E-1 4.24474E-1 5.84301E-1 5.53796E-1 5.38213E-1 4.77689E-1 6.39736E-1 6.60076E-1 4.17137E-1 5.87471E-1 4.9513E-1 4.02848E-1 7.13204E-1 6.99624E-1 6.52832E-1 5.34592E-1 7.94959E-1 5.21223E-1 9.74043E-1 8.23933E-1 7.51782E-1 8.3815E-1 8.69375E-1 8.24019E-1 8.48397E-1 7.67898E-1 7.0799E-1 9.71236E-1 6.55762E-1 8.13871E-1 8.17683E-1 8.48029E-1 8.50344E-1 7.65819E-1 8.04793E-1 8.8363E-1 7.38362E-1 5.12152E-1 4.0351E-1 4.44035E-1 5.99515E-1 5.87283E-1 8.86146E-1 2.80197E-1 2.5888E-1 2.51102E-1 5.62447E-1 2.42354E-1 2.07084E-1 8.9331E-2
4.45213E-1 5.88608E-1 6.64639E-1 4.72333E-1 4.32529E-1 3.5808E-1 4.11782E-1 4.31777E-1 5.04583E-1 3.53491E-1 4.36834E-1 3.8503E-1 4.13347E-1 4.06438E-1 3.5339E-1 4.3689E-1 4.13476E-1 5.09876E-1 4.70142E-1 4.99755E-1 4.65207E-1 4.49243E-1 4.1027E-1 6.20244E-1 6.47645E-1 5.75677E-1 5.32306E-1 5.59131E-1 7.94877E-1 7.58265E-1 6.2877E-1 7.66455E-1 5.79719E-1 5.13862E-1 7.48301E-1 8.32705E-1 7.90566E-1 8.76115E-1 4.96431E-1 9.25994E-1 8.67891E-1 5.64074E-1 5.45884E-1 8.49261E-1 9.21348E-1 9.42263E-1 8.63666E-1 8.30647E-1 7.03155E-1 6.84542E-1 7.97963E-1 8.66561E-1 6.76146E-1 8.4382E-1 4.83771E-1 5.36359E-1 6.37941E-1 8.41548E-1 7.11725E-1 6.42808E-1 6.52545E-1 6.44098E-1 5.10494E-1 3.73866E-1 2.39495E-1 3.49654E-1 1.61406E-1
6.44474E-1 6.32921E-1 7.74089E-1 4.15432E-1 4.78684E-1 4.84079E-1 5.12432E-1 4.92167E-1 5.32609E-1 4.3801E-1 3.45066E-1 4.24086E-1 4.09915E-1 3.42459E-1 3.29207E-1 4.77983E-1 6.30737E-1 5.60292E-1 5.98061E-1 4.38704E-1 5.11495E-1 4.57137E-1 4.57526E-1 4.77486E-1 6.04591E-1 6.16631E-1 7.1415E-1 5.68437E-1 6.00993E-1 5.71666E-1 5.1891E-1 6.56742E-1 6.99287E-1 7.13238E-1 6.71819E-1 5.2257E-1 7.83442E-1 8.08838E-1 8.97068E-1 9.31082E-1 7.75524E-1 7.79391E-1 7.78037E-1 8.03116E-1 8.41906E-1 8.19018E-1 8.80244E-1 8.05172E-1 8.60845E-1 7.25449E-1 5.99396E-1 6.90979E-1 9.02291E-1 7.42331E-1 9.20598E-1 7.49053E-1 8.0048E-1 5.79859E-1 2.87075E-1 3.25189E-1 4.70017E-1 6.04594E-1 5.90637E-1 3.41327E-1 4.12337E-1 4.79077E-1 2.90423E-1
7.2888E-1 7.27055E-1 5.30478E-1 5.36152E-1 5.30486E-1 5.8979E-1 4.26833E-1 3.56625E-1 4.11705E-1 3.50278E-1 4.84577E-1 8.30132E-1 8.5225E-1 8.51449E-1 5.58509E-1 3.88086E-1 4.67076E-1 4.55125E-1 5.51921E-1 4.25147E-1 3.92362E-1 4.52767E-1 7.1601E-1 4.36282E-1 4.50394E-1 5.69174E-1 6.07035E-1 6.94575E-1 6.93444E-1 7.54117E-1 7.154E-1 6.77912E-1 9.1128E-1 8.80743E-1 6.8785E-1 4.75736E-1 4.44012E-1 3.85964E-1 5.1793E-1 8.56046E-1 8.57965E-1 7.57751E-1 4.57343E-1 5.61543E-1 9.09399E-1 5.26888E-1 5.04705E-1 6.64811E-1 9.4671E-1 8.74415E-1 8.67951E-1 6.41234E-1 8.32916E-1 8.034E-1 6.25351E-1 5.93879E-1 4.13165E-1 6.18548E-1 3.71505E-1 2.69983E-1 3.63389E-1 6.39214E-1 5.9675E-1 6.71056E-1 8.11764E-1 3.39469E-1 2.90887E-1
5.90108E-1 8.23136E-1 4.67327E-1 5.50467E-1 6.38016E-1 4.95114E-1 5.6627E-1 4.51912E-1 4.50695E-1 3.13504E-1 4.3485E-1 7.76695E-1 8.87708E-1 8.8708E-1 5.86083E-1 3.74357E-1 4.46798E-1 5.24405E-1 4.10755E-1 5.27847E-1 6.04101E-1 4.15673E-1 7.43139E-1 5.1577E-1 5.23144E-1 4.19635E-1 4.762E-1 7.70809E-1 9.01276E-1 9.47783E-1 8.95755E-1 7.95406E-1 9.26421E-1 9.29523E-1 6.95874E-1 7.15584E-1 6.64141E-1 7.54824E-1 7.03646E-1 6.87473E-1 5.90353E-1 5.04039E-1 4.49255E-1 4.22201E-1 9.1428E-1 6.29037E-1 8.08852E-1 4.59499E-1 9.30831E-1 9.27424E-1 8.83154E-1 8.4528E-1 8.26434E-1 8.38354E-1 6.84716E-1 7.19287E-1 6.17388E-1 3.07563E-1 4.21995E-1 3.22742E-1 3.86212E-1 5.74124E-1 7.18608E-1 7.88978E-1 8.28823E-1 2.30469E-1 1.84998E-1
6.70514E-1 8.58416E-1 4.97413E-1 5.45523E-1 5.86383E-1 5.51723E-1 4.81502E-1 3.68522E-1 3.60249E-1 3.61651E-1 8.37905E-1 7.98108E-1 7.37631E-1 8.95401E-1 3.52323E-1 5.42198E-1 4.72106E-1 6.78136E-1 7.50622E-1 5.34094E-1 4.20882E-1 4.86494E-1 5.25115E-1 5.24509E-1 5.28008E-1 4.81835E-1 5.21598E-1 5.54981E-1 7.46363E-1 7.98695E-1 8.56676E-1 4.78846E-1 7.85665E-1 9.35793E-1 4.59486E-1 5.96483E-1 6.07771E-1 4.71397E-1 4.00608E-1 4.22289E-1 5.1697E-1 4.68892E-1 7.15483E-1 5.32482E-1 4.70613E-1 7.24395E-1 7.2493E-1 4.3036E-1 6.42996E-1 7.94755E-1 7.69179E-1 5.61728E-1 6.50834E-1 7.33808E-1 6.75731E-1 6.87766E-1 8.38872E-1 4.85072E-1 6.2402E-1 2.64132E-1 3.67729E-1 6.46447E-1 9.29917E-1 8.72044E-1 7.54522E-1 5.23665E-1 3.15419E-1
6.63842E-1 4.75533E-1 5.09967E-1 5.15931E-1 5.00973E-1 4.80472E-1 3.68498E-1 4.39437E-1 4.74399E-1 3.95403E-1 5.54357E-1 5.55274E-1 4.96269E-1 4.77385E-1 5.53471E-1 4.25905E-1 3.65075E-1 7.29806E-1 5.03232E-1 6.36512E-1 8.74483E-1 5.84781E-1 5.18997E-1 5.79641E-1 5.37752E-1 3.78077E-1 8.92258E-1 8.97442E-1 9.50943E-1 8.12304E-1 4.27314E-1 5.75931E-1 8.40373E-1 8.39434E-1 4.74901E-1 6.25713E-1 5.67071E-1 4.95231E-1 4.30687E-1 5.30328E-1 6.64206E-1 7.13074E-1 7.11804E-1 5.20476E-1 4.0664E-1 5.95425E-1 4.60034E-1 3.75117E-1 8.21245E-1 8.59692E-1 8.39773E-1 6.87128E-1 6.13987E-1 5.20381E-1 4.30782E-1 5.07825E-1 5.01289E-1 5.60939E-1 6.10073E-1 4.04956E-1 3.33848E-1 5.07796E-1 7.56795E-1 8.49983E-1 3.45619E-1 6.33906E-2 1.67154E-1
5.23348E-1 4.57438E-1 5.33609E-1 5.29262E-1 4.83498E-1 6.15882E-1 5.89797E-1 5.19027E-1 4.30044E-1 3.98843E-1 3.78328E-1 4.86533E-1 3.71703E-1 3.90995E-1 9.12612E-1 8.27557E-1 8.28039E-1 4.43883E-1 3.58819E-1 4.09578E-1 5.16545E-1 4.04973E-1 6.15009E-1 5.21966E-1 8.12098E-1 4.51567E-1 4.35433E-1 8.47392E-1 9.89747E-1 9.74504E-1 5.65616E-1 6.34291E-1 7.72982E-1 6.89115E-1 5.41337E-1 5.08886E-1 8.87403E-1 5.56609E-1 4.44674E-1 3.28434E-1 5.10526E-1 4.56231E-1 4.7935E-1 6.74152E-1 6.38535E-1 5.19133E-1 5.56897E-1 3.98447E-1 4.10348E-1 4.09527E-1 4.58417E-1 7.17739E-1 8.54684E-1 5.85915E-1 5.34146E-1 5.20255E-1 4.3931E-1 4.73899E-1 4.44868E-1 3.50304E-1 3.47126E-1 4.65757E-1 8.21027E-1 8.24475E-1 7.4689E-1 9.94636E-2 8.20829E-2
4.49803E-1 5.46088E-1 8.93885E-1 8.76717E-1 4.90138E-1 4.82588E-1 4.79955E-1 5.12282E-1 5.26512E-1 5.21803E-1 3.41661E-1 4.27612E-1 7.43688E-1 3.58999E-1 4.53201E-1 3.67134E-1 8.29008E-1 3.84437E-1 4.8207E-1 5.85101E-1 4.05995E-1 3.73E-1 5.02999E-1 8.14095E-1 4.72224E-1 4.92356E-1 9.81757E-1 9.95249E-1 9.88624E-1 8.39259E-1 5.57286E-1 5.03785E-1 5.36334E-1 6.54406E-1 7.12263E-1 5.86347E-1 4.96339E-1 7.63532E-1 8.18878E-1 5.80804E-1 6.51417E-1 4.27543E-1 6.96386E-1 5.83152E-1 5.26071E-1 6.03198E-1 6.7008E-1 5.04181E-1 7.02913E-1 6.21741E-1 6.41461E-1 4.59119E-1 4.71251E-1 5.77514E-1 5.37111E-1 5.76499E-1 5.28385E-1 5.43512E-1 3.33189E-1 2.71417E-1 3.99164E-1 6.50958E-1 9.23034E-1 9.54029E-1 7.5E-1 5.81369E-1 2.94305E-1
4.2962E-1 4.96823E-1 9.32144E-1 7.63313E-1 5.24435E-1 5.37741E-1 5.05199E-1 4.72006E-1 4.982E-1 4.01532E-1 4.30082E-1 4.37954E-1 4.07835E-1 4.67E-1 4.57887E-1 6.80235E-1 8.53383E-1 6.43245E-1 3.50605E-1 3.56497E-1 5.44836E-1 8.72881E-1 9.18169E-1 9.60472E-1 9.61689E-1 9.69093E-1 9.9683E-1 5.71022E-1 4.45547E-1 4.5536E-1 5.91635E-1 5.37929E-1 4.52672E-1 6.09958E-1 6.12706E-1 4.42092E-1 4.91577E-1 6.28669E-1 6.26259E-1 6.84227E-1 5.82732E-1 5.45397E-1 6.37764E-1 7.03369E-1 5.7308E-1 6.91201E-1 9.15434E-1 6.75289E-1 7.31809E-1 4.75001E-1 5.65774E-1 6.79679E-1 6.12519E-1 5.83473E-1 5.97665E-1 7.66092E-1 5.91773E-1 5.15934E-1 4.30156E-1 4.3618E-1 6.87858E-1 6.972E-1 6.6884E-1 5.65961E-1 6.11102E-1 2.35272E-1 4.65446E-1
7.65286E-1 8.7548E-1 9.43804E-1 8.7465E-1 4.67425E-1 6.86473E-1 6.25889E-1 6.88075E-1 6.59707E-1 5.18604E-1 5.33768E-1 4.87616E-1 4.35429E-1 4.86509E-1 6.96046E-1 7.57701E-1 5.96534E-1 8.12168E-1 3.5606E-1 4.54473E-1 3.35461E-1 5.2016E-1 6.78662E-1 9.23555E-1 8.55791E-1 8.44863E-1 9.79342E-1 7.04439E-1 6.47174E-1 4.77699E-1 4.79285E-1 4.6992E-1 7.03324E-1 5.05836E-1 5.24141E-1 5.16212E-1 3.85974E-1 4.54308E-1 4.02432E-1 6.6534E-1 6.60121E-1 4.76497E-1 4.35912E-1 5.46035E-1 7.00912E-1 8.72344E-1 8.46279E-1 8.00182E-1 7.72418E-1 7.40594E-1 5.68304E-1 5.05624E-1 5.04834E-1 5.11906E-1 7.16826E-1 7.49133E-1 6.9627E-1 5.0471E-1 5.70983E-1 7.38305E-1 8.66774E-1 4.80702E-1 5.99311E-1 3.1842E-1 6.49702E-1 1.9259E-1 3.23163E-1
4.20367E-1 4.37055E-1 8.64569E-1 8.21637E-1 4.33374E-1 4.27606E-1 4.21399E-1 6.688E-1 6.42869E-1 5.50939E-1 3.97355E-1 3.79542E-1 5.12505E-1 4.62541E-1 5.76885E-1 5.37694E-1 4.85565E-1 7.97465E-1 8.43983E-1 3.82116E-1 4.12024E-1 4.3015E-1 6.39886E-1 9.04284E-1 8.1673E-1 7.75299E-1 9.82008E-1 9.47975E-1 9.59769E-1 4.1862E-1 9.44447E-1 9.65093E-1 8.00085E-1 8.49966E-1 5.39446E-1 5.42192E-1 4.6862E-1 5.1466E-1 4.20219E-1 5.68262E-1 6.33041E-1 3.27866E-1 4.77174E-1 6.05382E-1 6.45635E-1 5.91945E-1 7.01819E-1 6.74317E-1 6.07916E-1 5.44643E-1 6.84419E-1 5.8636E-1 5.77365E-1 5.03832E-1 7.77415E-1 7.47021E-1 5.78415E-1 3.50262E-1 5.71521E-1 5.75167E-1 8.28827E-1 5.96613E-1 6.78696E-1 7.72452E-1 5.99532E-1 7.34015E-2 1.22523E-1
5.59236E-1 9.50442E-1 4.87512E-1 4.78354E-1 4.95891E-1 4.59407E-1 5.1837E-1 6.64742E-1 4.06335E-1 3.42739E-1 6.29911E-1 4.08187E-1 3.8747E-1 3.96371E-1 4.19593E-1 3.782E-1 4.27651E-1 7.98553E-1 8.32747E-1 4.00623E-1 7.30916E-1 7.94113E-1 9.32354E-1 9.91366E-1 9.67838E-1 8.96701E-1 8.37243E-1 9.68121E-1 9.50884E-1 6.36562E-1 8.67186E-1 8.74164E-1 6.27264E-1 8.77625E-1 7.88091E-1 8.95727E-1 9.50574E-1 9.53894E-1 9.57553E-1 7.92546E-1 3.19772E-1 6.16316E-1 4.50754E-1 6.28541E-1 6.3555E-1 6.82018E-1 5.60936E-1 6.33078E-1 5.89753E-1 6.7888E-1 6.2912E-1 6.85445E-1 5.6844E-1 6.45543E-1 6.55619E-1 8.32705E-1 6.92547E-1 4.78353E-1 3.45067E-1 3.97436E-1 4.99864E-1 8.00809E-1 2.60321E-1 6.2143E-2 2.38167E-1 2.3039E-1 6.7032E-2
7.50329E-1 8.59767E-1 4.05326E-1 6.60163E-1 4.19358E-1 4.26055E-1 5.35988E-1 7.02573E-1 5.17046E-1 5.05875E-1 9.78454E-1 6.35871E-1 4.03546E-1 4.53355E-1 4.92764E-1 6.94819E-1 6.38997E-1 4.1289E-1 5.22182E-1 5.81744E-1 6.64271E-1 5.43805E-1 8.66925E-1 8.4945E-1 9.36966E-1 9.26371E-1 9.01411E-1 6.99679E-1 9.28872E-1 9.46053E-1 8.64247E-1 8.99877E-1 8.67406E-1 6.20795E-1 8.83608E-1 7.85851E-1 9.18807E-1 9.63859E-1 9.57779E-1 9.37332E-1 7.45907E-1 7.6498E-1 5.60429E-1 5.02427E-1 4.03566E-1 4.70002E-1 5.25077E-1 4.90825E-1 5.12218E-1 5.62526E-1 4.59277E-1 6.01961E-1 7.11127E-1 5.94987E-1 6.60594E-1 5.82008E-1 3.62088E-1 5.88971E-1 6.44881E-1 4.44151E-2 9.67534E-2 9.61083E-4 7.16258E-3 8.59537E-2 4.02487E-1 2.53964E-1 2.22066E-1
9.17486E-1 8.42736E-1 7.55247E-1 4.4949E-1 5.45077E-1 4.0379E-1 5.72598E-1 3.90205E-1 6.97532E-1 3.91641E-1 9.46774E-1 6.31183E-1 6.88958E-1 4.62229E-1 6.62709E-1 5.61987E-1 6.20321E-1 7.61629E-1 8.25806E-1 9.62423E-1 6.61848E-1 8.01767E-1 7.94825E-1 9.20321E-1 9.68506E-1 8.55312E-1 8.45986E-1 8.42682E-1 8.40549E-1 9.44491E-1 6.63448E-1 8.01257E-1 9.55395E-1 8.32662E-1 6.57341E-1 8.66667E-1 8.93428E-1 9.45411E-1 8.35712E-1 8.58462E-1 9.3742E-1 6.57943E-1 5.39755E-1 5.23416E-1 6.71427E-1 6.05981E-1 5.67528E-1 3.98058E-1 4.51752E-1 7.58886E-1 5.97278E-1 6.69424E-1 4.84476E-1 6.88773E-1 7.29551E-1 6.47237E-1 6.22271E-1 9.72202E-1 5.6111E-1 4.47781E-2 4.53307E-1 4.84283E-1 1.65049E-2 2.64858E-1 3.95068E-1 1.24628E-1 7.21531E-2
6.35193E-1 5.25519E-1 4.03893E-1 5.35277E-1 4.46511E-1 5.82326E-1 7.49788E-1 7.23858E-1 8.73086E-1 7.94925E-1 5.33556E-1 5.24424E-1 5.21501E-1 6.51124E-1 5.79354E-1 6.57154E-1 6.77278E-1 7.66889E-1 8.82452E-1 9.54909E-1 8.03128E-1 8.19201E-1 7.38524E-1 7.21138E-1 7.20586E-1 7.24657E-1 7.82194E-1 7.40012E-1 8.43342E-1 9.46574E-1 8.67766E-1 7.11746E-1 7.31241E-1 8.50491E-1 9.75926E-1 9.29599E-1 6.12315E-1 6.94733E-1 6.8477E-1 5.91792E-1 4.74256E-1 4.85594E-1 5.36373E-1 5.22664E-1 5.03691E-1 5.96714E-1 6.11504E-1 5.39811E-1 5.22103E-1 5.89409E-1 5.38855E-1 5.39647E-1 6.21265E-1 6.53932E-1 8.05997E-1 5.73453E-1 9.93518E-1 3.8864E-1 9.76883E-1 6.76264E-1 9.9983E-1 9.99996E-1 9.9998E-1 9.93084E-1 2.521E-1 5.629E-1 4.42382E-1
4.89354E-1 5.03183E-1 5.14671E-1 5.42798E-1 7.5132E-1 6.05599E-1 8.12342E-1 9.10325E-1 9.15697E-1 8.62108E-1 4.65258E-1 4.16669E-1 5.90142E-1 3.27453E-1 3.45967E-1 8.61961E-1 6.43461E-1 6.31567E-1 7.87514E-1 7.60276E-1 7.78518E-1 7.77903E-1 7.74757E-1 7.09959E-1 8.35752E-1 7.29298E-1 7.68301E-1 5.54733E-1 5.32532E-1 9.1348E-1 7.71406E-1 8.21715E-1 8.13011E-1 8.13805E-1 9.31841E-1 9.92531E-1 6.22826E-1 7.33452E-1 5.67981E-1 6.38086E-1 5.59467E-1 6.1654E-1 8.51498E-1 6.12305E-1 6.88395E-1 7.12189E-1 5.54437E-1 5.82676E-1 7.03752E-1 6.62915E-1 5.74142E-1 4.28114E-1 6.35351E-1 6.23986E-1 7.29541E-1 4.82438E-1 6.36647E-1 2.21911E-1 1.37536E-1 5.15277E-1 9.91898E-1 9.99797E-1 9.98062E-1 8.4805E-1 6.71841E-1 9.63732E-1 9.87561E-1
5.49758E-1 5.09298E-1 4.55367E-1 6.45685E-1 4.36532E-1 5.21083E-1 7.16305E-1 6.98984E-1 8.6896E-1 4.44714E-1 5.79943E-1 5.38199E-1 5.7336E-1 3.73441E-1 3.24583E-1 5.71099E-1 6.11803E-1 6.08875E-1 5.41634E-1 7.95236E-1 8.43827E-1 8.59041E-1 8.07749E-1 7.72089E-1 8.89615E-1 7.64481E-1 4.48056E-1 9.19924E-1 7.21895E-1 8.8426E-1 8.21918E-1 9.56726E-1 9.53462E-1 8.68293E-1 6.17678E-1 9.52609E-1 8.05743E-1 7.05657E-1 6.17936E-1 5.63297E-1 3.51364E-1 6.24315E-1 8.31697E-1 5.97512E-1 6.9088E-1 7.78373E-1 4.80334E-1 4.04137E-1 6.90012E-1 6.74814E-1 6.1744E-1 6.11854E-1 6.13994E-1 6.70998E-1 6.81832E-1 5.22593E-1 4.05067E-1 2.70114E-1 3.66205E-1 4.91025E-1 3.00309E-2 9.43571E-1 9.9641E-1 9.71043E-1 8.42704E-1 3.93144E-1 3.66428E-1
6.02113E-1 5.23775E-1 5.76632E-1 5.30687E-1 5.15389E-1 9.3139E-1 9.14141E-1 6.25261E-1 4.51277E-1 6.50982E-1 7.24716E-1 6.51451E-1 8.82485E-1 6.20162E-1 6.20894E-1 6.54502E-1 5.25522E-1 7.31185E-1 7.40556E-1 6.67451E-1 6.59229E-1 4.18269E-1 4.70074E-1 4.89388E-1 8.8458E-1 9.55473E-1 9.51694E-1 7.20474E-1 8.34265E-1 9.59214E-1 9.14139E-1 4.09307E-1 7.65439E-1 8.69131E-1 8.97663E-1 7.04961E-1 4.42576E-1 7.75547E-1 5.15346E-1 3.71402E-1 5.69659E-1 4.32885E-1 5.78545E-1 8.42188E-1 8.24609E-1 7.81278E-1 5.43018E-1 5.93097E-1 6.62229E-1 6.69183E-1 7.13423E-1 6.71049E-1 7.04849E-1 6.69095E-1 7.46997E-1 6.36771E-1 4.00988E-1 2.69342E-1 3.50558E-1 4.05163E-1 3.11666E-1 5.41457E-1 1.71668E-1 9.55547E-1 9.64563E-1 3.27772E-1 4.43363E-1
5.78179E-1 5.86372E-1 4.22913E-1 5.63565E-1 5.0872E-1 5.57041E-1 5.56961E-1 5.54268E-1 5.47763E-1 4.97763E-1 7.867E-1 6.92295E-1 6.43371E-1 4.37153E-1 5.24891E-1 6.21664E-1 7.52512E-1 6.77729E-1 7.31323E-1 7.24838E-1 6.73553E-1 4.34879E-1 7.36062E-1 7.64799E-1 9.12508E-1 8.90906E-1 9.0495E-1 9.40833E-1 9.21826E-1 9.2485E-1 9.81294E-1 9.70897E-1 9.41387E-1 7.60611E-1 7.99666E-1 7.69375E-1 5.02857E-1 4.26407E-1 8.53511E-1 8.44967E-1 8.7411E-1 9.93384E-1 6.53337E-1 9.2319E-1 7.66032E-1 6.19719E-1 8.05884E-1 7.46764E-1 7.2992E-1 8.05718E-1 6.2886E-1 6.08529E-1 4.45715E-1 3.67573E-1 4.89568E-1 3.383E-1 9.78292E-2 8.95253E-2 1.50569E-1 1.92134E-1 1.3096E-1 2.0811E-1 2.22013E-1 7.12328E-1 5.01284E-1 2.18278E-1 1.69688E-1
4.17134E-1 8.18384E-1 4.80653E-1 6.54818E-1 4.00283E-1 6.51237E-1 7.14142E-1 5.63629E-1 5.64427E-1 7.15087E-1 7.38367E-1 5.78508E-1 5.89738E-1 8.20599E-1 9.30119E-1 4.9349E-1 5.29751E-1 6.01273E-1 9.42838E-1 7.68616E-1 5.11282E-1 8.31056E-1 4.33571E-1 5.26261E-1 5.64736E-1 8.93223E-1 9.01582E-1 4.3343E-1 5.11763E-1 5.10559E-1 8.96649E-1 8.315E-1 6.06605E-1 6.53897E-1 7.19939E-1 6.05495E-1 8.01032E-1 5.09511E-1 3.71609E-1 6.24095E-1 8.15767E-1 7.23041E-1 7.8809E-1 5.86511E-1 5.42694E-1 6.06607E-1 7.85979E-1 7.70303E-1 6.53013E-1 6.45706E-1 4.7209E-1 4.1365E-1 2.94002E-1 4.15281E-2 1.25598E-2 4.74637E-2 5.93024E-2 4.80508E-2 5.41152E-2 9.76033E-2 1.53052E-1 3.4572E-1 7.37015E-1 4.51088E-1 8.15218E-2 9.35166E-2 5.45447E-2
4.1985E-1 4.82716E-1 4.89219E-1 6.54277E-1 5.13168E-1 8.84611E-1 6.97376E-1 6.66676E-1 4.52591E-1 4.43766E-1 6.99617E-1 7.9878E-1 9.25664E-1 7.57807E-1 8.05325E-1 5.17838E-1 7.66732E-1 6.76753E-1 6.26575E-1 6.28209E-1 8.96429E-1 5.12974E-1 6.11688E-1 6.46821E-1 5.74239E-1 6.58498E-1 4.24864E-1 5.02236E-1 7.01965E-1 5.76954E-1 8.89138E-1 7.15062E-1 5.03637E-1 4.32913E-1 6.53151E-1 6.91093E-1 7.88417E-1 3.8127E-1 8.49548E-1 9.28469E-1 7.74867E-1 6.98615E-1 7.23747E-1 9.01737E-1 6.24568E-1 6.9355E-1 7.3509E-1 6.86326E-1 6.39463E-1 4.84323E-1 5.68334E-1 1.98498E-1 1.00679E-1 1.89566E-2 1.27828E-2 5.22137E-2 1.07642E-1 7.47286E-2 8.00781E-2 1.29247E-1 3.00952E-1 5.58127E-1 3.63358E-1 5.13871E-1 7.57378E-1 3.40662E-1 1.80428E-2
5.96029E-1 5.39285E-1 6.31179E-1 6.77136E-1 5.34781E-1 7.41296E-1 6.00005E-1 5.60038E-1 6.29708E-1 5.03277E-1 6.46692E-1 7.81998E-1 7.81247E-1 5.9369E-1 5.47935E-1 5.90606E-1 7.42519E-1 6.66624E-1 5.95775E-1 3.96025E-1 8.46585E-1 6.98273E-1 6.41668E-1 6.49779E-1 6.98671E-1 7.66343E-1 8.71084E-1 9.36381E-1 9.42902E-1 8.76607E-1 7.21945E-1 5.78338E-1 6.12987E-1 7.27133E-1 7.51011E-1 5.53314E-1 6.76623E-1 5.2233E-1 9.76986E-1 7.09986E-1 8.75771E-1 5.26382E-1 7.89232E-1 7.71227E-1 6.31298E-1 6.80644E-1 7.29816E-1 5.90947E-1 6.46395E-1 8.39721E-1 4.24251E-1 1.97901E-1 7.49865E-2 7.2828E-2 5.76911E-2 1.22803E-1 2.08334E-1 1.45304E-1 1.1462E-1 2.37216E-1 2.02342E-1 7.37322E-3 1.64934E-1 2.55207E-1 6.0971E-1 3.63593E-1 5.77701E-1
