ENM/Final_Models/M_1_F_qp_Set_1_E/Gustavia_santanderiensis_9_Choco.asc
ncols         367
nrows         963
xllcorner     -78.6
yllcorner     0.65
cellsize      0.00833333333333323
NODATA_value  -9999
[rows 780 to 809 of 963, columns 134 to 200 of 367]
6.83138E-4 2.99482E-3 2.45323E-2 1.12779E-2 5.57107E-3 5.32514E-3 2.23208E-3 9.53646E-4 9.62418E-4 6.13796E-4 2.04807E-4 1.77528E-4 1.06505E-3 3.21572E-4 4.34402E-5 1.09975E-4 6.60917E-5 2.70054E-5 9.04775E-6 3.56186E-5 4.15157E-5 1.49855E-5 1.78143E-5 1.83578E-5 2.74851E-5 2.00179E-5 3.71691E-5 9.04501E-5 4.23384E-5 4.19691E-5 7.70411E-5 3.67082E-5 3.74883E-5 8.16546E-5 7.02382E-5 4.79862E-5 3.91176E-5 1.24219E-5 2.11779E-5 2.19389E-5 4.74452E-5 2.01763E-4 5.64059E-4 2.37984E-3 1.02857E-2 1.38296E-2 -9999 -9999 6.9314E-2 -9999 -9999 -9999 -9999 -9999 -9999 -9999 -9999 -9999 -9999 -9999 -9999 -9999 -9999 -9999 -9999 2.87277E-2 1.21843E-2
2.3222E-3 1.96928E-2 3.84265E-2 1.71627E-2 2.27518E-3 1.72664E-3 4.40684E-3 8.35301E-3 4.78559E-3 2.04498E-3 4.57581E-4 7.58584E-4 1.55253E-3 1.44635E-4 1.05904E-4 4.78273E-4 1.27117E-4 3.14058E-5 3.21669E-5 2.88144E-5 5.47845E-5 2.72093E-5 4.3206E-5 2.22714E-5 2.03357E-5 2.10025E-5 4.90158E-5 9.99855E-5 3.44171E-5 2.69212E-5 2.94424E-5 4.09213E-5 4.53466E-5 4.46185E-5 3.40823E-5 5.73072E-5 3.62592E-5 2.56426E-5 2.66917E-5 1.94707E-5 4.49501E-5 3.96098E-4 2.76804E-3 6.91722E-3 1.44452E-2 1.86842E-2 -9999 -9999 -9999 -9999 -9999 -9999 -9999 -9999 -9999 -9999 -9999 -9999 -9999 -9999 -9999 -9999 -9999 -9999 3.5651E-2 3.39978E-2 2.9256E-2
7.0708E-4 8.79119E-3 5.17339E-2 3.57549E-2 1.20935E-2 2.83799E-3 8.70649E-4 1.22582E-3 2.5231E-3 3.02041E-3 1.76896E-3 3.35744E-3 2.02607E-3 8.00994E-4 6.53918E-4 2.9431E-4 4.53641E-5 1.84605E-5 2.04196E-5 3.08129E-5 5.99468E-5 1.40632E-4 2.20296E-4 1.14534E-4 5.57409E-5 1.43517E-4 1.95588E-4 1.1172E-4 4.32291E-5 2.59079E-5 4.98377E-5 5.11149E-5 3.10886E-5 3.11795E-5 2.56003E-5 2.14578E-5 3.25601E-5 1.20067E-4 7.25035E-5 5.95975E-5 1.95883E-4 1.54387E-3 4.5588E-3 5.91779E-3 2.35523E-2 3.84974E-2 -9999 -9999 -9999 -9999 -9999 -9999 -9999 -9999 -9999 -9999 -9999 -9999 -9999 -9999 -9999 -9999 -9999 4.19757E-2 2.61737E-2 2.11116E-2 3.5216E-2
1.26956E-2 2.79531E-2 2.94646E-2 4.78498E-2 1.1353E-2 1.59072E-2 5.89897E-3 6.82806E-4 5.7935E-4 1.53491E-3 4.75414E-4 4.44632E-4 1.87295E-3 8.85796E-4 3.5252E-4 1.88501E-4 1.84826E-5 3.33622E-5 1.82227E-5 3.21787E-5 6.08591E-5 1.21003E-4 9.12805E-5 5.26158E-5 6.52223E-5 6.16886E-5 4.39327E-5 7.81683E-5 5.06558E-5 1.96071E-5 3.45976E-5 2.40299E-5 1.78573E-5 1.97491E-5 1.79044E-5 3.55312E-5 6.69267E-5 1.6336E-4 1.65685E-4 2.14996E-4 5.34068E-4 3.73239E-3 1.16468E-2 2.35301E-2 -9999 -9999 1.0612E-2 -9999 -9999 -9999 -9999 -9999 -9999 -9999 -9999 -9999 -9999 -9999 -9999 -9999 -9999 -9999 5.51534E-2 4.4169E-2 3.73263E-2 1.89391E-2 4.00145E-2
1.3316E-2 1.19445E-2 6.07629E-2 2.18612E-2 4.49661E-3 8.47346E-3 1.96974E-2 4.50811E-3 1.20584E-4 2.24332E-4 4.09171E-4 1.14472E-4 6.59866E-5 6.94207E-5 6.65809E-5 1.72708E-4 7.69195E-5 5.24117E-5 4.12753E-5 4.31886E-5 9.75079E-5 7.02593E-5 3.21851E-5 1.95708E-5 1.68099E-5 2.59207E-5 2.58056E-5 5.25534E-5 2.69495E-5 2.00877E-5 4.42843E-5 3.26575E-5 1.39335E-5 1.8809E-5 4.17854E-5 8.82252E-5 1.20204E-4 7.5455E-4 2.81658E-4 1.31355E-3 3.59681E-3 1.02826E-2 2.02656E-2 -9999 -9999 -9999 2.65984E-2 -9999 -9999 -9999 -9999 -9999 -9999 -9999 -9999 -9999 -9999 -9999 -9999 -9999 -9999 3.48442E-2 3.04238E-2 2.14287E-2 2.59427E-2 2.05632E-2 5.04754E-2
6.01873E-2 8.26972E-2 7.48826E-2 4.69675E-2 1.33076E-2 5.3664E-3 1.40239E-2 7.51101E-3 8.3545E-4 1.39393E-3 1.18081E-3 2.42014E-4 2.46636E-4 5.95981E-5 3.63288E-5 4.51707E-5 4.38158E-5 4.17177E-5 7.02203E-6 4.07768E-5 7.8797E-5 4.46929E-5 1.8412E-5 3.0527E-5 2.69248E-5 2.47939E-5 1.72809E-5 2.97881E-5 1.92826E-5 3.47907E-5 4.03832E-5 2.96825E-5 2.3832E-5 4.12951E-5 9.41318E-5 1.83944E-4 4.87304E-4 2.04288E-3 1.28204E-4 6.78676E-4 3.97004E-3 1.75953E-2 1.63838E-2 -9999 -9999 -9999 4.77218E-2 -9999 -9999 -9999 -9999 -9999 -9999 -9999 -9999 -9999 -9999 -9999 -9999 -9999 1.88368E-2 1.96338E-2 2.52116E-2 1.73503E-2 1.7151E-2 3.43613E-2 6.05619E-2
1.14604E-1 4.35919E-2 1.79806E-2 3.64916E-2 7.15168E-2 2.80398E-2 2.99168E-2 3.28866E-2 4.3494E-2 1.77341E-2 1.51869E-2 6.43271E-3 1.32315E-3 3.10643E-4 5.88888E-5 4.56793E-5 3.83227E-5 3.39721E-5 6.51895E-6 1.19442E-5 2.74129E-5 6.64313E-5 4.53181E-5 4.48438E-5 4.08662E-5 4.96059E-5 1.81258E-5 1.73725E-5 1.91003E-5 4.15143E-5 5.8822E-5 2.59634E-5 3.2766E-5 3.26809E-5 1.33838E-4 3.00556E-4 6.57684E-4 1.65801E-3 1.39467E-4 1.4082E-4 1.88683E-3 5.00935E-3 -9999 -9999 -9999 -9999 -9999 -9999 -9999 -9999 -9999 -9999 -9999 -9999 -9999 -9999 -9999 -9999 -9999 -9999 -9999 2.38637E-2 2.24215E-2 1.8457E-2 2.6285E-2 5.5347E-2 5.61908E-2
8.09901E-2 3.52517E-2 3.83158E-2 1.52726E-2 3.21406E-2 4.72987E-2 2.1045E-2 7.4012E-3 3.35162E-2 1.83835E-2 6.56989E-3 5.5226E-3 5.9977E-3 2.10123E-3 7.76502E-4 1.7612E-4 7.45947E-5 3.8956E-6 5.58306E-5 6.55852E-5 3.82132E-5 7.23208E-5 4.25358E-5 1.31698E-5 3.44238E-5 1.43317E-4 7.98151E-5 2.36705E-5 2.68878E-5 6.94792E-5 1.41926E-4 2.44034E-5 2.26195E-5 4.2677E-5 1.36264E-4 2.67479E-4 8.43518E-4 1.25133E-3 1.32772E-3 1.30227E-4 3.88125E-4 3.22513E-3 -9999 -9999 -9999 -9999 -9999 -9999 -9999 -9999 -9999 -9999 -9999 -9999 -9999 -9999 -9999 -9999 -9999 -9999 -9999 3.50391E-2 2.68865E-2 5.83891E-2 5.20733E-2 8.64756E-2 6.9099E-2
1.15978E-1 3.88749E-2 1.47133E-2 1.56228E-2 8.41497E-3 1.29839E-2 3.9377E-2 6.2613E-3 4.46829E-3 1.00696E-2 3.90438E-3 4.24453E-4 3.54428E-4 2.27619E-4 4.74276E-4 2.00767E-4 4.71018E-5 1.43629E-5 5.45281E-5 5.8027E-5 3.45408E-5 2.13159E-5 1.81121E-5 1.16569E-5 3.16366E-5 7.66219E-5 4.49584E-5 3.71303E-5 4.87343E-5 8.72944E-5 2.75601E-4 6.01878E-5 9.08482E-6 1.62845E-5 1.12152E-4 3.48317E-4 1.35074E-3 3.4547E-3 1.35364E-3 9.64128E-4 1.68234E-4 2.53971E-3 9.03811E-3 -9999 -9999 -9999 -9999 -9999 -9999 -9999 -9999 -9999 -9999 -9999 -9999 -9999 -9999 -9999 -9999 3.94802E-2 6.20281E-2 4.05287E-2 3.37946E-2 8.02288E-2 9.49847E-2 5.79565E-2 3.23531E-2
2.87071E-2 6.45115E-3 2.01126E-3 4.32719E-3 2.3959E-3 2.60761E-3 1.3505E-2 6.80875E-3 1.03586E-3 7.77518E-4 4.11279E-3 1.41218E-3 1.66728E-4 1.23218E-4 1.03505E-4 1.72369E-4 2.67686E-5 8.77272E-6 5.41988E-5 2.73128E-5 1.56783E-5 2.03995E-5 2.16615E-5 2.63626E-5 2.43811E-5 2.43596E-5 1.37286E-5 1.03851E-5 2.28677E-5 5.20581E-5 2.73908E-4 7.16815E-5 2.25013E-5 3.21804E-5 7.56839E-5 8.75595E-4 5.22106E-3 7.40514E-3 4.85899E-3 1.69698E-3 8.25087E-4 4.22218E-3 1.44141E-2 2.8079E-2 -9999 -9999 -9999 -9999 -9999 -9999 -9999 -9999 -9999 -9999 -9999 -9999 -9999 -9999 2.8635E-2 3.91097E-2 7.74148E-2 3.79157E-2 5.97427E-2 6.50223E-2 3.43327E-2 2.39119E-2 2.62523E-2
4.12014E-2 3.62568E-2 1.20537E-2 2.40067E-3 6.06459E-4 8.38664E-4 1.95901E-3 2.4038E-3 8.39533E-4 1.64168E-4 1.48257E-4 7.80431E-4 2.53942E-4 3.08484E-5 2.84691E-5 4.57294E-5 3.49749E-5 2.24953E-5 2.49968E-5 1.30509E-5 5.12627E-6 3.20242E-5 4.28954E-5 5.538E-5 1.38993E-5 8.13349E-5 2.42383E-4 8.28441E-5 1.7014E-4 4.96707E-4 1.35949E-4 6.67078E-5 2.93354E-5 3.11874E-5 3.0199E-4 7.54633E-4 4.70576E-3 1.65384E-2 7.60293E-3 6.46915E-3 6.43667E-3 2.48168E-3 1.21118E-2 -9999 -9999 -9999 -9999 -9999 -9999 -9999 -9999 -9999 -9999 -9999 -9999 -9999 -9999 -9999 2.92058E-2 3.39691E-2 7.8168E-2 8.04878E-2 5.81896E-2 2.8935E-2 1.13824E-2 7.26033E-3 8.26215E-3
2.53316E-2 2.36315E-2 9.95568E-3 3.84473E-3 1.54391E-3 3.69532E-4 4.92438E-4 7.51974E-4 2.32554E-4 8.76095E-5 4.07281E-5 6.45053E-5 7.99224E-5 3.38107E-5 1.09894E-5 1.06146E-5 1.80267E-5 6.38079E-6 6.05868E-6 1.75079E-5 2.84435E-5 3.7973E-5 3.43784E-5 4.32068E-5 2.2638E-5 3.93871E-5 4.24063E-4 6.99252E-4 7.95775E-4 1.13401E-3 1.00338E-4 2.01897E-5 2.75728E-5 1.27878E-4 5.46908E-4 1.20009E-3 5.93978E-3 -9999 1.20547E-2 2.08368E-2 1.10821E-2 1.13097E-2 1.17881E-2 -9999 -9999 -9999 -9999 -9999 -9999 -9999 -9999 -9999 -9999 -9999 -9999 -9999 -9999 -9999 2.83381E-2 6.01704E-2 1.04201E-1 9.72938E-2 3.83685E-2 1.26657E-2 7.83406E-3 8.0872E-3 4.52919E-3
1.9784E-2 1.02905E-2 2.68594E-3 9.49006E-4 4.9087E-4 1.93127E-4 8.95197E-5 1.10123E-4 6.94442E-5 3.55655E-5 2.28594E-5 2.08197E-5 3.23563E-5 2.15958E-5 1.60993E-5 4.3519E-6 5.52232E-6 1.28215E-5 5.19735E-6 3.10655E-5 2.79446E-5 3.77825E-5 1.34597E-5 3.30666E-5 6.10095E-6 8.83419E-6 1.43722E-4 2.66533E-3 1.3638E-3 2.67683E-4 3.92114E-5 3.24157E-5 6.84807E-5 3.86706E-4 1.30198E-3 2.60036E-3 4.20083E-3 -9999 -9999 -9999 3.79655E-2 2.92963E-2 1.07938E-1 -9999 -9999 -9999 -9999 -9999 -9999 -9999 -9999 -9999 -9999 -9999 -9999 -9999 -9999 -9999 -9999 -9999 -9999 5.80518E-2 1.42199E-2 1.47405E-2 1.49328E-2 5.48571E-3 1.36811E-3
6.30412E-3 3.07767E-3 3.61205E-3 1.41508E-3 5.17563E-4 7.67595E-5 7.33601E-5 1.49267E-4 8.04935E-5 2.6064E-4 2.05793E-4 5.36527E-5 4.54613E-5 1.24549E-4 7.23636E-6 2.28934E-5 2.33891E-5 1.81357E-5 3.29939E-6 1.32418E-5 1.48354E-5 8.06082E-6 1.42044E-5 2.70726E-5 2.43358E-5 6.21729E-5 2.05613E-4 3.21814E-3 8.69358E-4 4.6497E-5 2.54505E-5 4.45869E-5 1.58416E-4 6.1496E-4 2.56734E-3 7.82671E-3 1.49844E-2 2.00744E-2 -9999 -9999 -9999 -9999 -9999 -9999 -9999 -9999 -9999 -9999 -9999 -9999 -9999 -9999 -9999 -9999 -9999 -9999 -9999 -9999 -9999 1.0104E-1 3.6745E-2 1.5798E-2 2.78211E-2 1.81617E-2 6.28747E-3 2.18543E-3 1.38947E-3
4.73534E-3 7.612E-3 1.59295E-2 2.72025E-3 8.5389E-4 1.03239E-4 1.79831E-4 9.67628E-4 3.54639E-4 1.78695E-3 3.32434E-4 2.39066E-4 3.67413E-4 3.10611E-4 5.39643E-6 2.54187E-5 1.17106E-5 3.12269E-5 1.08886E-5 1.17154E-5 8.1604E-6 9.18726E-6 9.89132E-6 2.03361E-5 2.61025E-4 1.64106E-4 2.90558E-3 2.24903E-3 4.83941E-4 7.04132E-5 1.27112E-5 1.35668E-4 4.92386E-4 1.82237E-3 5.91045E-3 1.12859E-2 8.10871E-3 1.65116E-2 -9999 -9999 -9999 -9999 -9999 -9999 -9999 -9999 -9999 -9999 -9999 -9999 -9999 -9999 -9999 -9999 -9999 -9999 -9999 -9999 8.84707E-2 6.37647E-2 -9999 3.09659E-2 2.69564E-2 6.88955E-3 5.85283E-3 4.74505E-3 1.7393E-3
4.26113E-2 7.83579E-2 5.29043E-2 2.13038E-2 4.9358E-2 9.03201E-4 6.64706E-4 4.37345E-3 2.39776E-3 3.37784E-3 2.96558E-3 1.6462E-3 9.52181E-4 1.36327E-4 1.66918E-5 2.83314E-5 1.43544E-5 1.66993E-5 4.27107E-5 5.57239E-5 7.60416E-6 1.80742E-5 3.27684E-5 3.50807E-5 4.92243E-4 2.90026E-3 5.33816E-3 1.20161E-3 3.28183E-4 9.00599E-6 2.3583E-5 1.24184E-4 8.71204E-4 3.46657E-3 1.57192E-2 1.40042E-2 2.49004E-2 -9999 -9999 -9999 -9999 -9999 -9999 -9999 -9999 -9999 -9999 -9999 -9999 -9999 -9999 -9999 -9999 -9999 -9999 -9999 -9999 6.97696E-2 7.50723E-2 -9999 -9999 5.5638E-2 4.51231E-2 1.46119E-2 8.45198E-3 2.21485E-3 5.18971E-3
2.29224E-2 3.52102E-2 1.78003E-2 7.91842E-3 3.4938E-2 4.45701E-3 7.39995E-3 1.50845E-2 9.62303E-3 5.66693E-3 1.48702E-3 4.97905E-4 1.4E-4 3.8788E-5 1.72097E-5 8.03802E-6 1.16653E-5 1.04727E-5 1.2431E-5 2.88621E-5 1.37711E-4 1.44919E-4 4.12159E-6 6.67963E-5 1.14662E-4 3.11266E-3 5.96973E-3 -9999 -9999 7.75623E-5 6.14059E-5 4.83351E-4 1.11891E-3 3.70539E-3 1.22444E-2 2.52427E-2 -9999 -9999 -9999 -9999 -9999 -9999 -9999 -9999 -9999 -9999 -9999 -9999 -9999 -9999 -9999 -9999 -9999 -9999 -9999 -9999 -9999 -9999 -9999 -9999 -9999 2.33475E-2 2.22825E-2 3.51694E-2 2.47969E-2 1.64983E-2 7.23182E-3
3.14392E-2 3.82006E-2 2.58239E-2 2.23007E-2 1.35958E-2 1.86388E-2 3.33213E-2 3.63207E-2 1.32739E-2 7.18343E-3 3.08723E-3 1.64781E-4 2.26598E-5 7.91463E-6 1.03088E-5 7.17659E-6 4.40718E-6 4.3618E-6 1.10951E-5 1.24867E-5 1.60746E-5 2.81337E-4 5.79779E-4 1.69326E-4 2.83973E-4 5.61725E-3 7.27437E-3 -9999 -9999 1.97294E-4 3.31188E-4 1.36036E-3 4.25288E-3 8.25675E-3 1.59411E-2 1.36218E-2 4.28118E-2 -9999 -9999 -9999 -9999 -9999 -9999 -9999 -9999 -9999 -9999 -9999 -9999 -9999 -9999 -9999 -9999 -9999 -9999 -9999 -9999 -9999 -9999 -9999 -9999 1.70814E-2 1.29157E-2 2.53743E-2 1.13924E-2 6.35548E-3 5.32864E-3
1.49555E-1 8.37205E-2 4.99955E-2 5.47699E-2 4.52923E-2 2.38821E-2 7.27391E-3 2.16021E-3 6.97143E-4 2.45274E-4 2.01165E-4 6.62458E-5 2.55346E-5 1.01309E-5 7.28603E-6 2.00533E-5 7.79876E-6 4.68215E-6 1.95889E-5 8.0974E-6 1.28466E-5 2.64347E-5 4.00754E-4 1.43178E-3 4.0374E-3 7.7312E-3 7.99183E-3 -9999 -9999 1.68385E-3 1.95466E-3 3.65834E-3 5.22878E-3 2.19709E-2 2.16561E-2 1.39941E-2 5.93383E-2 -9999 -9999 -9999 -9999 -9999 -9999 -9999 -9999 -9999 -9999 -9999 -9999 -9999 -9999 -9999 -9999 -9999 -9999 -9999 -9999 -9999 -9999 -9999 -9999 1.22019E-2 9.21023E-3 2.19124E-2 6.25189E-3 1.35447E-3 3.9399E-4
1.93343E-1 1.29553E-1 5.15134E-2 6.47608E-2 4.48332E-2 1.37701E-2 1.89355E-3 4.77141E-4 1.23313E-4 5.71247E-5 1.24485E-5 1.29077E-5 1.8025E-5 1.26701E-5 1.23471E-5 4.37194E-5 2.19865E-5 5.44625E-5 2.95016E-5 1.09569E-5 1.27151E-5 1.35687E-5 4.57406E-5 2.38461E-4 7.35201E-3 -9999 -9999 -9999 -9999 6.0112E-3 4.26141E-3 1.0663E-2 1.51534E-2 2.31664E-2 -9999 -9999 -9999 -9999 -9999 -9999 -9999 -9999 -9999 -9999 -9999 -9999 -9999 -9999 -9999 -9999 -9999 -9999 -9999 -9999 -9999 -9999 -9999 -9999 -9999 -9999 6.93319E-3 1.02746E-2 6.28562E-3 7.64218E-3 4.24793E-3 7.18176E-4 4.69933E-4
6.75827E-2 9.51452E-2 1.56053E-1 1.15569E-1 4.18439E-2 3.44957E-2 2.65848E-3 1.59634E-3 2.97271E-4 5.18752E-5 1.77602E-5 1.13913E-5 1.64877E-5 1.37453E-5 1.78194E-5 5.4928E-5 1.32565E-4 5.08344E-5 1.66284E-5 1.22399E-5 1.08185E-5 9.16559E-6 3.47706E-5 7.50176E-4 1.0823E-2 -9999 -9999 -9999 -9999 4.62942E-3 1.65262E-2 7.95911E-3 4.87994E-2 9.30335E-2 -9999 -9999 -9999 -9999 -9999 -9999 -9999 -9999 -9999 -9999 -9999 -9999 -9999 -9999 -9999 -9999 -9999 -9999 -9999 -9999 -9999 -9999 -9999 -9999 -9999 -9999 2.07776E-3 1.40014E-3 1.02005E-2 4.42472E-3 2.05438E-3 1.52731E-3 4.10529E-4
9.84686E-2 5.89359E-2 6.94959E-2 1.27724E-1 1.23545E-2 4.05923E-3 4.78533E-4 3.68097E-4 1.33034E-4 4.59826E-5 1.66859E-5 7.48892E-6 8.7785E-6 1.0238E-5 1.85032E-4 2.68088E-4 1.60576E-4 3.02701E-5 1.30185E-5 1.1193E-5 1.27353E-5 1.42388E-5 8.38753E-5 9.84607E-4 1.0123E-2 8.35558E-3 -9999 -9999 -9999 -9999 -9999 4.04775E-2 5.65725E-2 7.86723E-2 -9999 -9999 -9999 -9999 -9999 -9999 -9999 -9999 -9999 -9999 -9999 -9999 -9999 -9999 -9999 -9999 -9999 -9999 -9999 -9999 -9999 -9999 -9999 -9999 -9999 -9999 1.43099E-3 3.59361E-3 6.13987E-3 2.5683E-3 2.82068E-4 4.93426E-4 8.13231E-4
5.06953E-2 1.77105E-2 1.4082E-2 2.06269E-2 6.78547E-3 7.72936E-4 2.37566E-4 8.54365E-5 5.09545E-5 1.67199E-5 4.90219E-6 1.3002E-5 2.39325E-5 3.09482E-5 4.79094E-5 4.99338E-4 1.33406E-4 3.63899E-5 1.49213E-5 1.11405E-5 1.32463E-5 2.10949E-5 2.90525E-4 1.76485E-3 7.04398E-3 4.04499E-3 -9999 -9999 -9999 -9999 -9999 -9999 6.84673E-2 -9999 -9999 -9999 -9999 -9999 -9999 -9999 -9999 -9999 -9999 -9999 -9999 -9999 -9999 -9999 -9999 -9999 -9999 -9999 -9999 -9999 -9999 -9999 -9999 -9999 -9999 -9999 1.06985E-2 1.43344E-3 3.04488E-3 1.66643E-3 6.94514E-4 1.00768E-3 1.05031E-3
1.12302E-2 3.45129E-3 4.37088E-3 3.44895E-3 8.4756E-4 7.42052E-4 6.35929E-4 4.77498E-4 5.42936E-5 5.79414E-6 3.69407E-6 2.49918E-5 2.25599E-4 1.13303E-4 9.64624E-5 3.91139E-4 6.50914E-4 2.05529E-4 3.81289E-5 2.02089E-5 8.09396E-6 1.4062E-5 5.18032E-5 9.27572E-4 7.02977E-4 6.38072E-4 1.6595E-3 2.99855E-3 7.87629E-3 -9999 -9999 -9999 -9999 -9999 -9999 -9999 -9999 -9999 -9999 -9999 -9999 -9999 -9999 -9999 -9999 -9999 -9999 -9999 -9999 -9999 -9999 -9999 -9999 -9999 -9999 -9999 -9999 -9999 -9999 -9999 1.29259E-2 3.13433E-3 4.53362E-3 5.01374E-3 3.57872E-3 7.68785E-4 5.05708E-4
7.05131E-3 2.06679E-3 2.29366E-3 1.59358E-3 2.08444E-3 3.2919E-3 1.05258E-3 1.44774E-4 8.80719E-5 1.06602E-5 4.52982E-6 8.06451E-5 7.7999E-4 1.9492E-4 5.73187E-5 5.77504E-4 6.49635E-4 1.72807E-4 2.29795E-5 1.41377E-5 9.01683E-6 8.34723E-6 8.6518E-5 1.03256E-3 7.95442E-4 1.86089E-3 2.3326E-3 1.37182E-3 2.9126E-3 1.22214E-2 3.71364E-2 -9999 -9999 -9999 -9999 -9999 -9999 -9999 -9999 -9999 -9999 -9999 -9999 -9999 -9999 -9999 -9999 -9999 -9999 -9999 -9999 -9999 -9999 -9999 -9999 -9999 -9999 -9999 -9999 -9999 -9999 5.73359E-3 4.65539E-3 6.64794E-3 3.42249E-3 4.90402E-4 1.55345E-4
3.14151E-3 3.3716E-3 2.77044E-3 7.26723E-3 8.50575E-3 3.47432E-3 1.53503E-3 1.62903E-4 2.12068E-4 2.82172E-5 1.24852E-5 3.12204E-4 8.36753E-4 1.86877E-4 2.85887E-4 1.7206E-3 9.40968E-4 1.40449E-4 2.64651E-5 1.34428E-5 5.62579E-6 9.33671E-6 5.32977E-5 6.10319E-4 3.35165E-3 4.36205E-3 5.45313E-3 3.2109E-3 2.94464E-3 2.97121E-2 9.38856E-2 4.94791E-2 -9999 -9999 -9999 -9999 -9999 -9999 -9999 -9999 -9999 -9999 -9999 -9999 -9999 -9999 -9999 -9999 -9999 -9999 -9999 -9999 -9999 -9999 -9999 -9999 -9999 -9999 -9999 -9999 -9999 1.15512E-2 5.83645E-3 4.00346E-3 3.20266E-3 1.91192E-3 2.32168E-4
1.05271E-2 1.12587E-2 1.77318E-2 2.16736E-2 1.35098E-2 3.07163E-3 1.47098E-3 6.29077E-4 2.28569E-4 6.80608E-5 8.45178E-5 6.95229E-4 1.43169E-3 1.28079E-4 1.13499E-3 3.26342E-3 6.11263E-4 7.54615E-5 1.13652E-5 9.5414E-6 6.62179E-6 3.61485E-5 4.89508E-4 8.2683E-4 7.45523E-3 8.27662E-3 2.96256E-2 -9999 4.29222E-3 3.56627E-2 -9999 -9999 -9999 -9999 -9999 -9999 -9999 -9999 -9999 -9999 -9999 -9999 -9999 -9999 -9999 -9999 -9999 -9999 -9999 -9999 -9999 -9999 -9999 -9999 -9999 -9999 -9999 -9999 -9999 -9999 -9999 -9999 1.44959E-2 8.69089E-3 6.85817E-3 8.86196E-4 1.88413E-4
1.3242E-2 9.93607E-3 3.45648E-2 1.46307E-2 3.24891E-3 8.01057E-4 2.16933E-4 1.40322E-4 4.82302E-5 5.29644E-5 4.60658E-4 1.85387E-3 2.44843E-3 1.62011E-3 2.93624E-3 1.61387E-3 2.79209E-4 4.7889E-5 9.76352E-6 9.41712E-6 1.97186E-5 7.11591E-4 1.42033E-3 1.5294E-3 9.9844E-3 8.87404E-3 3.77804E-2 -9999 1.07739E-2 -9999 -9999 -9999 -9999 -9999 -9999 -9999 -9999 -9999 -9999 -9999 -9999 -9999 -9999 -9999 -9999 -9999 -9999 -9999 -9999 -9999 -9999 -9999 -9999 -9999 -9999 -9999 -9999 -9999 -9999 -9999 -9999 -9999 -9999 1.0185E-2 9.4562E-3 2.27888E-3 3.72447E-4
1.35088E-2 1.04455E-2 2.24686E-2 8.27283E-3 3.80418E-3 5.67353E-4 6.2271E-4 1.69335E-4 6.2613E-5 3.67162E-5 2.63534E-4 4.45362E-3 4.88423E-3 4.2995E-3 3.47818E-3 1.02896E-3 2.60648E-4 4.09903E-5 8.51769E-6 1.59624E-5 4.81935E-5 8.21262E-4 3.85641E-3 4.1256E-3 9.78457E-3 3.43331E-2 -9999 -9999 -9999 -9999 -9999 -9999 -9999 -9999 -9999 -9999 -9999 -9999 -9999 -9999 -9999 -9999 -9999 -9999 -9999 -9999 -9999 -9999 -9999 -9999 -9999 -9999 -9999 -9999 -9999 -9999 -9999 -9999 -9999 -9999 -9999 -9999 -9999 -9999 6.78319E-3 6.38145E-4 9.88561E-4
2.21126E-2 1.36685E-2 1.46833E-2 8.94298E-3 1.17869E-2 3.41912E-3 1.80271E-3 1.1153E-4 2.76984E-5 6.97894E-5 2.53203E-4 3.102E-3 8.22361E-3 4.46072E-3 1.84189E-3 7.23261E-4 3.56389E-4 7.87281E-5 1.90669E-5 7.40248E-6 1.90782E-4 2.24953E-3 4.25459E-3 1.26176E-2 6.78639E-3 1.57845E-2 -9999 -9999 -9999 -9999 -9999 -9999 -9999 -9999 -9999 -9999 -9999 -9999 -9999 -9999 -9999 -9999 -9999 -9999 -9999 -9999 -9999 -9999 -9999 -9999 -9999 -9999 -9999 -9999 -9999 -9999 -9999 -9999 1.03605E-2 8.57046E-3 1.04107E-2 -9999 -9999 -9999 -9999 6.99017E-3 8.50594E-3
