ENM/Final_Models/M_1_F_qp_Set_1_E/Gustavia_santanderiensis_1_Choco_novel.asc
ncols         367
nrows         963
xllcorner     -78.6
yllcorner     0.65
cellsize      0.00833333333333323
NODATA_value  -9999
[rows 420 to 449 of 963, columns 204 to 271 of 367]
-1.62842E2 -1.62842E2 -1.62842E2 -1.72131E2 -1.71585E2 -1.72131E2 -1.61749E2 -1.45902E2 -1.45902E2 -1.38798E2 -1.54098E2 -1.54645E2 -1.55191E2 -1.39344E2 -1.38251E2 -1.38251E2 -1.45355E2 -1.55191E2 -1.37705E2 -1.18033E2 -1.17486E2 -1.44809E2 -1.44809E2 -1.55738E2 -1.56831E2 -1.80328E2 -1.80328E2 -1.71585E2 -1.4918E2 -1.71038E2 -1.71038E2 -1.37705E2 -1.59016E2 -1.79235E2 -1.60656E2 -1.64481E2 -1.73224E2 -1.66667E2 -1.19672E2 -1.19126E2 -1.40984E2 -1.37705E2 -1.39344E2 -1.17486E2 -1.48087E2 -1.46995E2 -1.00546E2 -1.06011E2 -1.15847E2 -1.1694E2 -9.23497E1 -1.36612E2 -1.3224E2 -1.25683E2 -1.10929E2 -1E2 -9.5082E1 -1.12022E2 -1.13115E2 -6.39344E1 -7.3224E1 -5.68306E1 -5.84699E1 -4.97268E1 -4.20765E1 -3.98907E1 -3.6612E1 -6.28415E1
-1.72678E2 -1.72131E2 -1.71585E2 -1.71585E2 -1.71038E2 -1.71038E2 -1.46448E2 -1.45902E2 -1.46448E2 -1.38798E2 -1.46448E2 -1.46448E2 -1.46448E2 -1.38798E2 -1.44809E2 -1.38251E2 -1.37705E2 -1.37158E2 -1.54645E2 -1.39344E2 -1.38798E2 -1.44262E2 -1.55191E2 -1.36612E2 -1.36066E2 -9.34293E1 -8.52315E1 -1.1694E2 -1.81421E2 -1.7541E2 -1.76503E2 -1.55191E2 -1.63388E2 -1.4918E2 -1.40437E2 -1.65027E2 -1.56284E2 -1.6612E2 -1.59563E2 -1.47541E2 -1.44262E2 -1.40984E2 -1.21858E2 -1.18579E2 -8.57924E1 -5.14393E1 -5.98248E1 -8.52459E1 -8.46995E1 -1.15847E2 -1.13115E2 -1.38251E2 -1.22951E2 -9.56284E1 -4.86339E1 -1.08197E2 -1.21311E2 -1.09836E2 -7.9235E1 -7.97814E1 -6.61202E1 -6.06557E1 -3.11475E1 -2.91927E1 -2.79725E1 -5.35519E1 -5.40984E1 -2.24044E1
-1.71038E2 -1.62842E2 -1.54098E2 -1.54645E2 -1.71585E2 -1.71038E2 -1.53552E2 -1.53552E2 -1.53552E2 -1.54645E2 -1.46995E2 -1.55191E2 -1.20765E2 -1.32787E2 -1.33333E2 -1.38251E2 -1.45355E2 -1.37158E2 -1.36612E2 -1.44809E2 -1.44809E2 -1.61749E2 -1.44809E2 -1.55738E2 -1.33333E2 -5.62891E1 -4.47434E1 -1.15847E2 -1.48634E2 -1.55738E2 -1.55191E2 -1.54098E2 -1.05464E2 -1.04372E2 -1.43169E2 -1.53552E2 -1.56284E2 -1.61749E2 -1.60109E2 -1.18033E2 -1.4153E2 -1.43169E2 -1.22951E2 -1.16393E2 -8.4153E1 -8.03279E1 -5.89487E1 -8.14208E1 -6.58636E1 -1.43169E2 -1.36066E2 -1.14208E2 -9.56284E1 -7.86885E1 -1.14754E2 -1.12568E2 -1.16393E2 -1.22404E2 -1.08197E2 -9.23497E1 -6.39344E1 -5.19126E1 -5.13661E1 -2.93179E1 -1.2015E1 -1.42678E1 -3.27869E1 -4.42623E1
-1.65027E2 -1.70492E2 -1.64481E2 -1.70492E2 -1.53552E2 -1.53552E2 -1.46995E2 -1.53552E2 -1.54098E2 -1.54645E2 -1.55191E2 -1.55191E2 -1.53552E2 -1.37705E2 -1.38251E2 -1.38251E2 -1.37158E2 -1.43169E2 -1.37158E2 -1.17486E2 -1.15847E2 -1.54098E2 -1.62295E2 -1.79781E2 -1.50273E2 -8.64518E1 -8.46683E1 -1.32787E2 -1.47541E2 -1.47541E2 -1.6612E2 -1.52459E2 -1.70492E2 -1.77596E2 -1.43716E2 -1.45355E2 -1.23497E2 -1.21858E2 -8.90488E1 -1.61749E2 -1.65027E2 -1.52459E2 -1.48634E2 -8.52459E1 -8.36066E1 -8.25137E1 -6.50814E1 -7.9235E1 -7.70492E1 -1.39891E2 -1.30055E2 -7.54098E1 -6.61202E1 -8.14208E1 -9.45355E1 -7.86885E1 -8.9071E1 -1.03825E2 -7.21311E1 -6.55738E1 -1.23497E2 -9.61749E1 -5.08197E1 -6.77596E1 -5.95628E1 -5.57377E1 -2.45902E1 -2.13115E1
-1.65027E2 -1.69945E2 -1.69399E2 -1.69945E2 -1.55191E2 -1.53005E2 -1.46995E2 -1.46995E2 -1.46995E2 -1.46995E2 -1.19672E2 -1.54098E2 -1.53005E2 -1.53552E2 -1.54645E2 -1.54645E2 -1.45355E2 -1.37158E2 -1.36612E2 -1.54645E2 -1.14754E2 -1.15847E2 -1.48634E2 -1.62295E2 -1.50273E2 -1.49727E2 -1.80328E2 -1.80328E2 -1.80328E2 -1.6612E2 -1.02186E2 -9.94536E1 -1.67213E2 -1.76503E2 -1.67213E2 -1.11475E2 -1.12022E2 -1.22404E2 -1.10929E2 -1.10383E2 -1.53005E2 -1.61749E2 -1.39891E2 -8.46995E1 -8.4153E1 -8.30601E1 -8.14208E1 -1.13115E2 -8.03279E1 -1.30601E2 -1.11475E2 -8.4153E1 -8.57924E1 -8.85246E1 -1E2 -9.28962E1 -5.68306E1 -3.06946E1 -3.10075E1 -4.86339E1 -7.86885E1 -8.52459E1 -3.90801E1 -2.89617E1 -1.04193E1 -1.01064E1 1.99641E-2 1.4973E0
-1.53552E2 -1.40437E2 -1.69945E2 -1.69399E2 -1.55191E2 -1.53005E2 -1.53005E2 -1.54098E2 -1.54098E2 -1.54645E2 -1.18579E2 -1.18033E2 -1.53005E2 -1.53552E2 -1.19672E2 -1.21311E2 -1.53552E2 -1.53552E2 -1.42623E2 -1.18033E2 -8.73592E1 -1.18033E2 -1.54098E2 -1.54645E2 -1.49727E2 -1.4918E2 -1.54098E2 -1.80328E2 -1.54098E2 -1.53005E2 -1E2 -1.00546E2 -1.13115E2 -1.13115E2 -1.63934E2 -8.08743E1 -8.08743E1 -1.18579E2 -7.9235E1 -5.78223E1 -1.1694E2 -1.15301E2 -1.51366E2 -8.4153E1 -6.65832E1 -7.59563E1 -1.18579E2 -1.18033E2 -1.11475E2 -1.34426E2 -8.9071E1 -8.4153E1 -1.09836E2 -9.72678E1 -7.59563E1 -5.84699E1 -3.71585E1 -2.16208E1 -2.54693E1 -2.42178E1 -5.2459E1 -8.25137E1 -4.53552E1 -1.13892E1 1.79677E-1 3.99281E-2 9.78239E-1 5.19066E-1
-1.0765E2 -1.40437E2 -1.70492E2 -1.62295E2 -1.55191E2 -1.46995E2 -1.46995E2 -1.53552E2 -1.62842E2 -1.62842E2 -1.1694E2 -1.6776E2 -1.53005E2 -1.51913E2 -1.62295E2 -1.62295E2 -1.53552E2 -1.36612E2 -1.37158E2 -1.53552E2 -1.48634E2 -1.48087E2 -1.53005E2 -1.53552E2 -1.79781E2 -1.80328E2 -1.79781E2 -1.80328E2 -1.47541E2 -1.53005E2 -1.60656E2 -1.6612E2 -1.14754E2 -9.12391E1 -8.87046E1 -8.75156E1 -8.03279E1 -1.0765E2 -1.19672E2 -1.15847E2 -1.13661E2 -1.10929E2 -1.5847E2 -1.35519E2 -9.28962E1 -1.19672E2 -1.18033E2 -1.18033E2 -1.10383E2 -1.14208E2 -1.11475E2 -1.35519E2 -1.0929E2 -8.4153E1 -1.08743E2 -1.21858E2 -6.88525E1 -2.39675E1 -2.28411E1 -2.02128E1 -3.49727E1 -6.17486E1 -5.7377E1 -1.39862E1 1.31763E0 1.4973E0 2.39569E0 9.98203E-2
-1.64481E2 -1.63934E2 -1.69399E2 -1.62295E2 -1.62295E2 -1.62295E2 -1.55191E2 -1.55191E2 -1.39891E2 -1.68852E2 -1.72131E2 -1.72131E2 -1.37158E2 -1.52459E2 -1.7377E2 -1.7541E2 -1.53005E2 -1.53552E2 -1.53552E2 -1.53005E2 -1.47541E2 -1.46995E2 -1.77596E2 -1.48087E2 -1.71038E2 -1.71038E2 -1.46995E2 -1.47541E2 -1.46995E2 -1.52459E2 -1.12568E2 -1.67213E2 -8.14208E1 -1.11475E2 -1.12022E2 -1.11475E2 -1.10383E2 -1.06557E2 -1.13661E2 -1.03825E2 -1.13115E2 -6.00438E1 -1.0929E2 -1.02186E2 -9.5082E1 -9.39891E1 -8.4153E1 -8.36066E1 -8.19672E1 -7.97814E1 -7.9235E1 -9.56284E1 -9.07104E1 -9.28962E1 -1.19126E2 -9.12568E1 -6.55738E1 -3.38798E1 -2.02186E1 -1.96721E1 -3.49727E1 -5.62842E1 -6.72131E1 -2.13115E1 1.39748E-1 2.0563E0 1.59713E-1 -9.28962E0
-1.63934E2 -1.65027E2 -1.65574E2 -1.70492E2 -1.62295E2 -1.55738E2 -1.71038E2 -1.71585E2 -1.71585E2 -1.71585E2 -1.69945E2 -1.6612E2 -1.51913E2 -1.50273E2 -1.62295E2 -1.74863E2 -1.53552E2 -1.53005E2 -1.53005E2 -1.71038E2 -1.48087E2 -1.46995E2 -1.52459E2 -1.71038E2 -1.61749E2 -1.25683E2 -1.46995E2 -1.61202E2 -1.30601E2 -1.67213E2 -1.5082E2 -1.01639E2 -1.02186E2 -1.09836E2 -1.10929E2 -1.62842E2 -7.81421E1 -9.78142E1 -1.45902E2 -1.51366E2 -1.04918E2 -8.85246E1 -8.46995E1 -1.13661E2 -1.13661E2 -8.85246E1 -8.68852E1 -8.25137E1 -8.25137E1 -5.36295E1 -4.11452E1 -5.46448E1 -7.15847E1 -7.43169E1 -7.70492E1 -6.50273E1 -5.46448E1 -4.97268E1 -3.55191E1 -3.55191E1 -3.6612E1 -4.97268E1 -5.13661E1 -5.62842E1 -4.0363E0 6.3885E-1 7.98563E-2 -1.36612E1
-1.72131E2 -1.69945E2 -1.69945E2 -1.71038E2 -1.69945E2 -1.55191E2 -1.53552E2 -1.76503E2 -1.71038E2 -1.70492E2 -1.71585E2 -1.6612E2 -1.6612E2 -1.51366E2 -1.51366E2 -1.52459E2 -1.74317E2 -1.52459E2 -1.72131E2 -1.71585E2 -1.76503E2 -1.51913E2 -1.51366E2 -1.51913E2 -1.61749E2 -1.70492E2 -1.70492E2 -1.79781E2 -1.61202E2 -1.31694E2 -1.31694E2 -1.44262E2 -1.42623E2 -1.10383E2 -1.10383E2 -7.79725E1 -7.65027E1 -9.72678E1 -9.72678E1 -1.13661E2 -1.14754E2 -1.14208E2 -1.14208E2 -1.05464E2 -1.19672E2 -8.25137E1 -9.07104E1 -7.97814E1 -7.97814E1 -6.22966E1 -5.83229E1 -4.08949E1 -4.29599E1 -5.7377E1 -5.40984E1 -6.01093E1 -7.54098E1 -9.39891E1 -6.44809E1 -5.57377E1 -3.60656E1 -6.12022E1 -5.90164E1 -7.81421E1 -2.6776E1 -9.26158E0 -3.06011E1 -3.77049E1
-1.61749E2 -1.62295E2 -1.62295E2 -1.62295E2 -1.62295E2 -1.70492E2 -1.7541E2 -1.69945E2 -1.06557E2 -1.06557E2 -1.06557E2 -1.50273E2 -1.69945E2 -1.61749E2 -1.61749E2 -1.61749E2 -1.71038E2 -1.74863E2 -1.74863E2 -1.51913E2 -1.76503E2 -1.71585E2 -1.71038E2 -1.61749E2 -1.45902E2 -1.44262E2 -1.44262E2 -1.44809E2 -1.45355E2 -8.73279E1 -9.27096E1 -1.50273E2 -1.67213E2 -1.66667E2 -1.78142E2 -1.60109E2 -8.64205E1 -8.01001E1 -1.0765E2 -1.46995E2 -1.46448E2 -9.61749E1 -1.42623E2 -1.47541E2 -1.19126E2 -6.73342E1 -6.30163E1 -5.86671E1 -6.41427E1 -7.9235E1 -7.70492E1 -8.08743E1 -5.79235E1 -5.35519E1 -5.84699E1 -7.81421E1 -1.14208E2 -1.30055E2 -9.83607E1 -7.75956E1 -7.21311E1 -6.39344E1 -2.31852E1 -2.10576E1 -9.07384E0 -1.72403E1 -1.91489E1 -2.90989E0
-1.69399E2 -1.62295E2 -1.61749E2 -1.62295E2 -1.62295E2 -1.62295E2 -1.75956E2 -1.69945E2 -1.06557E2 -1.07104E2 -1.07104E2 -1.50273E2 -1.77596E2 -1.70492E2 -1.66667E2 -1.61749E2 -1.70492E2 -1.50273E2 -1.74317E2 -1.51366E2 -1.76503E2 -1.71038E2 -1.81967E2 -1.71038E2 -1.05464E2 -1.04918E2 -1.04918E2 -1.04918E2 -1.25137E2 -8.47309E1 -8.66395E1 -1.30601E2 -1.42623E2 -1.42077E2 -1.19672E2 -1.19126E2 -1.10383E2 -1.09836E2 -1.55191E2 -1.57377E2 -1.5082E2 -9.56284E1 -1.37158E2 -9.18033E1 -1.5847E2 -8.25137E1 -6.27972E1 -5.95745E1 -5.84699E1 -7.97814E1 -5.90113E1 -1.04918E2 -7.81421E1 -6.55738E1 -5.51913E1 -8.4153E1 -8.96175E1 -1.1694E2 -1.03279E2 -7.97814E1 -8.03279E1 -5.7377E1 -1.16708E1 -2.1965E1 -4.97268E1 -2.02128E1 -2.73224E0 1.79677E-1
-1.68852E2 -1.61749E2 -1.61749E2 -1.61749E2 -1.7541E2 -1.68852E2 -1.69399E2 -1.0765E2 -1.0765E2 -1.06557E2 -1.06557E2 -1.7377E2 -1.67213E2 -1.67213E2 -1.37158E2 -1.36612E2 -1.64481E2 -1.72131E2 -1.74317E2 -1.74863E2 -1.61749E2 -1.61749E2 -1.61202E2 -1.68852E2 -1.71585E2 -1.45355E2 -1.45355E2 -1.2623E2 -1.8306E2 -1.31148E2 -8.26971E1 -1.59563E2 -1.40437E2 -1.40984E2 -1.80874E2 -1.80874E2 -1.79235E2 -1.54645E2 -1.53552E2 -1.2459E2 -1.51913E2 -1.51366E2 -9.5082E1 -9.94536E1 -1.5082E2 -1.16393E2 -7.9235E1 -7.9235E1 -7.81421E1 -7.70492E1 -1.03279E2 -8.30601E1 -8.25137E1 -6.77596E1 -6.44809E1 -6.93989E1 -1.15301E2 -9.5082E1 -1.04372E2 -6.72131E1 -6.61202E1 -4.64481E1 -3.75469E0 -1.71777E1 -2.22466E1 -8.19672E0 1.99641E-2 7.98563E-2
-1.65027E2 -1.69399E2 -1.69399E2 -1.7541E2 -1.69945E2 -1.68306E2 -1.76503E2 -1.53005E2 -1.5082E2 -1.69399E2 -1.69945E2 -1.6776E2 -1.6776E2 -1.78689E2 -1.37705E2 -1.48087E2 -1.46448E2 -1.05464E2 -1.49727E2 -1.74317E2 -1.71038E2 -1.71038E2 -1.73224E2 -1.28415E2 -1.27869E2 -8.42616E1 -1.05464E2 -1.8306E2 -1.68306E2 -1.30601E2 -1.30601E2 -1.76503E2 -1.65574E2 -1.59016E2 -1.5847E2 -1.57923E2 -1.57377E2 -1.46995E2 -1.36612E2 -1.2459E2 -1.22404E2 -1.47541E2 -1.35519E2 -1.40437E2 -1.4918E2 -1.0765E2 -8.08743E1 -6.60513E1 -7.86885E1 -1.10383E2 -1.20765E2 -1.2459E2 -1.13661E2 -1.12568E2 -7.81421E1 -7.10383E1 -5.46448E1 -8.30601E1 -9.89071E1 -8.03279E1 -6.72131E1 -2.89617E1 1.99641E-1 9.98203E-2 -1.25683E1 -5.38173E0 3.99281E-2 -2.78689E1
-1.64481E2 -1.68852E2 -1.61749E2 -1.61749E2 -1.67213E2 -1.6776E2 -1.69945E2 -1.69399E2 -1.51366E2 -1.68852E2 -1.69399E2 -1.0765E2 -1.07104E2 -1.06011E2 -1.61202E2 -1.65574E2 -1.65027E2 -1.45902E2 -1.72678E2 -1.4918E2 -1.74317E2 -1.07104E2 -1.69945E2 -1.8306E2 -1.28415E2 -8.68899E1 -9.21777E1 -1.68852E2 -1.60109E2 -1.48634E2 -1.48087E2 -1.77049E2 -1.77049E2 -1.01639E2 -1.46448E2 -1.74863E2 -1.78689E2 -1.60656E2 -1.56831E2 -1.48087E2 -1.42077E2 -1.34973E2 -1.31148E2 -1.39891E2 -1.28962E2 -1.45355E2 -1.32787E2 -1.10383E2 -7.70492E1 -7.65027E1 -1.08197E2 -1.14208E2 -1.10929E2 -1.18033E2 -1.14754E2 -1.03825E2 -9.39891E1 -8.4153E1 -1.08743E2 -7.81421E1 -8.14208E1 -2.51366E1 3.27411E0 4.51188E0 3.73328E0 3.99281E-2 -1.25156E-1 -2.03379E0
-1.08197E2 -1.6776E2 -1.61749E2 -1.61749E2 -1.66667E2 -1.66667E2 -1.67213E2 -1.6776E2 -1.4918E2 -1.0765E2 -1.68852E2 -1.6776E2 -1.65574E2 -1.06011E2 -1.61202E2 -1.46448E2 -1.47541E2 -1.72131E2 -1.71038E2 -1.68852E2 -1.07104E2 -1.79235E2 -1.78142E2 -9.27409E1 -8.04756E1 -8.1821E1 -1.37158E2 -1.68852E2 -1.68306E2 -1.60109E2 -1.59563E2 -1.40984E2 -1.64481E2 -1.74863E2 -1.13661E2 -1.12568E2 -1.44262E2 -1.35519E2 -1.6612E2 -1.35519E2 -1.32787E2 -1.31148E2 -1.37705E2 -1.31148E2 -1.37705E2 -1.01639E2 -1.34426E2 -1.27322E2 -1.29508E2 -7.75956E1 -1.08743E2 -1.19672E2 -1.13115E2 -1.12022E2 -1.11475E2 -1.14754E2 -8.46995E1 -9.83607E1 -9.89071E1 -6.66667E1 -6.77596E1 -2.78689E1 7.98563E-2 6.78778E-1 4.21242E0 6.3885E-1 6.58814E-1 5.78958E-1
-1.0765E2 -1.46995E2 -1.47541E2 -1.47541E2 -1.65027E2 -1.6612E2 -1.48087E2 -1.66667E2 -1.6776E2 -1.68306E2 -1.68852E2 -1.67213E2 -1.33333E2 -1.06557E2 -1.3224E2 -1.68852E2 -1.71038E2 -1.43716E2 -1.03825E2 -1.06557E2 -8.14208E1 -8.50125E1 -8.49499E1 -8.12891E1 -1.8306E2 -1.84153E2 -1.84153E2 -1.6776E2 -1.67213E2 -1.8306E2 -1.6612E2 -1.59016E2 -1.73224E2 -1.63934E2 -1.37705E2 -1.36066E2 -1.10383E2 -1.42623E2 -1.4153E2 -1.42623E2 -1.12022E2 -1.08743E2 -1.38251E2 -7.3224E1 -9.23497E1 -1.02732E2 -1.31694E2 -1.26776E2 -1.00546E2 -1.2459E2 -1.19672E2 -1.10383E2 -7.15847E1 -9.07104E1 -7.3224E1 -6.39344E1 -6.01093E1 -7.43169E1 -1.18579E2 -5.40984E1 -2.6776E1 -1.63934E0 7.78599E-1 -2.78689E1 1.99641E-2 1.03813E0 1.03813E0 4.51188E0
-1.0765E2 -1.52459E2 -1.46995E2 -1.46995E2 -1.43169E2 -1.42077E2 -1.42077E2 -1.61749E2 -1.45355E2 -1.6776E2 -1.68306E2 -1.35519E2 -1.34973E2 -1.3388E2 -7.87547E1 -1.64481E2 -1.68306E2 -1.78689E2 -1.69399E2 -1.65027E2 -1.07104E2 -1.06557E2 -1.06557E2 -8.04756E1 -1.68852E2 -1.68306E2 -1.84699E2 -1.84153E2 -1.84153E2 -1.25137E2 -1.8306E2 -1.7377E2 -1.55738E2 -1.62295E2 -1.62842E2 -1.61749E2 -1.35519E2 -1.42077E2 -1.63388E2 -1.67213E2 -1.4153E2 -1.11475E2 -1.10383E2 -7.26776E1 -7.44368E1 -9.18033E1 -1.00546E2 -9.45355E1 -1.22404E2 -1.25137E2 -1.29508E2 -8.57924E1 -7.75956E1 -6.12022E1 -3.38548E1 -4.02691E1 -7.54098E1 -6.66667E1 -5.46448E1 -3.34793E0 7.98563E-2 6.3885E-1 5.23059E0 7.98563E-2 -1.00438E1 -8.19672E0 -2.65957E0 3.99281E-2
-1.07104E2 -1.65027E2 -1.6612E2 -1.6612E2 -1.42077E2 -1.42623E2 -1.42077E2 -1.6776E2 -1.61202E2 -1.61749E2 -1.61202E2 -1.36066E2 -1.46995E2 -1.7541E2 -1.04918E2 -1.07104E2 -1.79235E2 -1.80328E2 -1.80874E2 -1.65027E2 -1.17486E2 -1.06557E2 -1.06557E2 -8.21026E1 -1.06011E2 -1.05464E2 -1.84699E2 -1.04372E2 -7.4562E1 -7.64706E1 -1.11475E2 -1.64481E2 -1.55738E2 -1.54645E2 -1.61749E2 -1.74317E2 -1.34426E2 -1.54098E2 -1.67213E2 -1.53552E2 -1.44809E2 -1.34973E2 -1.43716E2 -1.28962E2 -1.36612E2 -1.36066E2 -1.36612E2 -9.78142E1 -1.21858E2 -1.19126E2 -1.15301E2 -7.15847E1 -6.8306E1 -8.96175E1 -8.14208E1 -7.81421E1 -8.9071E1 -7.81421E1 -5.73217E1 -5.85106E0 7.98563E-2 4.21242E0 1.57716E0 4.19245E-1 9.98203E-2 -1.63934E0 -2.34973E1 -5.68306E1
-1.62842E2 -1.64481E2 -1.65574E2 -1.66667E2 -1.43716E2 -1.63934E2 -1.6612E2 -1.37158E2 -1.68852E2 -1.6776E2 -1.6776E2 -1.6776E2 -1.66667E2 -1.79781E2 -1.34973E2 -1.07104E2 -1.79781E2 -1.46448E2 -1.45902E2 -1.17486E2 -8.4153E1 -8.45432E1 -1.16393E2 -1.06011E2 -8.45119E1 -1.05464E2 -1.63388E2 -1.03825E2 -7.27785E1 -1.03279E2 -1.02732E2 -1.11475E2 -1.0929E2 -7.94743E1 -7.48634E1 -7.48634E1 -1.02186E2 -1.65574E2 -1.43169E2 -1.5082E2 -1.18033E2 -1.20219E2 -1.25683E2 -1.34426E2 -1.31148E2 -1.33333E2 -1.34426E2 -1.27869E2 -1.26776E2 -1.19126E2 -7.70492E1 -8.08743E1 -8.30601E1 -4.7541E1 -4.59016E1 -4.11139E1 -4.51189E1 -4.5776E1 -3.92053E1 -2.6189E1 -6.25782E-1 6.98742E-1 4.47195E0 9.78239E-1 3.39389E-1 -2.29508E1 -1.87109E1 -5.90164E1
-1.33333E2 -1.64481E2 -1.65027E2 -1.66667E2 -1.43716E2 -1.6612E2 -1.6776E2 -8.46058E1 -1.38251E2 -1.6776E2 -1.6776E2 -1.67213E2 -1.39344E2 -1.36612E2 -1.73224E2 -1.74317E2 -1.68852E2 -1.46448E2 -1.65574E2 -9.45355E1 -8.41677E1 -8.04756E1 -8.29161E1 -8.08743E1 -8.88611E1 -8.59825E1 -1.04372E2 -8.20088E1 -8.23529E1 -7.86885E1 -1.02732E2 -7.97814E1 -1.0929E2 -8.01314E1 -7.49374E1 -6.94931E1 -7.3224E1 -1.01639E2 -9.83607E1 -8.85246E1 -1.1694E2 -1.31694E2 -1.20765E2 -1.12022E2 -1.03279E2 -1.1694E2 -1.30055E2 -1.46995E2 -1.32787E2 -1.19126E2 -1.09836E2 -1.03825E2 -8.4153E1 -4.63392E1 -9.4806E0 -2.19024E0 5.78958E-1 3.71332E0 6.3885E-1 -1.68961E0 -1.0388E1 -1.36612E1 -4.80874E1 -1.20219E1 1.59713E-1 6.98742E-1 8.98383E-1 6.58814E-1
-1.63388E2 -1.61202E2 -1.65027E2 -1.4918E2 -1.6612E2 -1.42623E2 -1.6776E2 -8.54818E1 -1.42077E2 -1.42077E2 -1.67213E2 -1.46448E2 -1.37705E2 -1.37705E2 -1.17486E2 -1.15301E2 -1.15301E2 -1.66667E2 -1.15301E2 -9.61514E1 -8.37609E1 -8.01001E1 -7.54098E1 -8.08743E1 -8.53567E1 -9.07071E1 -8.47935E1 -1.04372E2 -1.03279E2 -7.86885E1 -7.86885E1 -7.6627E1 -7.75956E1 -7.59563E1 -7.59563E1 -1.05464E2 -8.68273E1 -7.15847E1 -9.34426E1 -1.23497E2 -1.3388E2 -1.19126E2 -1.3388E2 -1.18033E2 -9.34426E1 -1.11475E2 -6.93989E1 -1.17486E2 -1.18579E2 -1.14208E2 -1.03825E2 -1.27869E2 -1.12568E2 -1.69587E1 2.19605E-1 5.19066E-1 3.19425E0 7.78599E-1 8.18527E-1 4.21242E0 6.58814E-1 8.18527E-1 5.19066E-1 1.59713E-1 6.3885E-1 9.78239E-1 2.51547E0 2.51547E0
-1.63388E2 -1.64481E2 -1.37158E2 -1.07104E2 -1.0765E2 -1.07104E2 -1.0765E2 -1.48087E2 -1.63934E2 -1.66667E2 -1.46995E2 -1.46448E2 -1.38798E2 -1.38251E2 -1.40984E2 -1.15301E2 -1.15301E2 -1.45902E2 -1.35519E2 -1.34973E2 -1.3388E2 -1.39891E2 -1.39344E2 -1.06557E2 -1.06011E2 -1.34973E2 -9.89071E1 -1.04918E2 -1.04372E2 -1.03825E2 -1.02732E2 -7.34043E1 -7.597E1 -8.26658E1 -1.07104E2 -1.05464E2 -1.01639E2 -1.38251E2 -1.37705E2 -1.51913E2 -1.39344E2 -1.39344E2 -1.27322E2 -1.22951E2 -1.10929E2 -1.14208E2 -1.1694E2 -1.1694E2 -1.15847E2 -1.16393E2 -1.1694E2 -1.20219E2 -6.99454E1 -1.03825E1 2.79497E-1 5.19066E-1 4.21242E0 6.98742E-1 9.98203E-2 4.19245E-1 2.19605E0 2.39569E0 1.37752E0 3.99281E0 1.37752E0 1.11799E0 2.67518E0 6.58814E-1
-1.5082E2 -1.08197E2 -1.4918E2 -1.0765E2 -9.11139E1 -8.92053E1 -1.08197E2 -1.65574E2 -1.65574E2 -1.63388E2 -1.59563E2 -1.68306E2 -9.65895E1 -1.39344E2 -1.40984E2 -1.37705E2 -1.37158E2 -1.36612E2 -1.44809E2 -1.44262E2 -1.34426E2 -1.3388E2 -1.37158E2 -1.36612E2 -1.6612E2 -1.70492E2 -1.13115E2 -9.89071E1 -1.12568E2 -1.12568E2 -1.12022E2 -7.97814E1 -6.4831E1 -7.65027E1 -1.06011E2 -1.0765E2 -1.06557E2 -1.37158E2 -1.02186E2 -1.03279E2 -1.45902E2 -1.26776E2 -1.23497E2 -1.21311E2 -1.15847E2 -1.19126E2 -1.19672E2 -1.15847E2 -1.13115E2 -1.16393E2 -1.29508E2 -1.12568E2 -6.06557E1 -6.06557E1 1.99641E-2 3.59353E-1 4.85127E0 6.78778E-1 9.38311E-1 2.19605E0 2.39569E0 2.67518E0 6.58814E-1 3.59353E-1 7.18706E-1 4.85127E0 3.99281E0 3.334E0
-1.5082E2 -1.36612E2 -1.48634E2 -1.0765E2 -1.08197E2 -1.08197E2 -1.68306E2 -1.65027E2 -1.64481E2 -1.63388E2 -1.76503E2 -1.78689E2 -1.46995E2 -1.39344E2 -1.66667E2 -1.78142E2 -1.44809E2 -1.44262E2 -1.43716E2 -1.43169E2 -1.06557E2 -1.06557E2 -1.42623E2 -1.84699E2 -1.06011E2 -1.61749E2 -1.05464E2 -1.04918E2 -1.04372E2 -1.04372E2 -1.11475E2 -1.02186E2 -7.81421E1 -7.81421E1 -1.05464E2 -1.15847E2 -1.13661E2 -1.4918E2 -1.02186E2 -1.04372E2 -1.40437E2 -1.15301E2 -9.67213E1 -1.03825E2 -1.19672E2 -1.18579E2 -1.20765E2 -1.16393E2 -1.16393E2 -1.1694E2 -1.31148E2 -1.01639E2 -5.90164E1 -2.57197E1 -4.80874E1 -5.08197E1 -7.65027E0 6.36854E0 1.4973E0 5.78958E-1 2.19605E0 2.19605E0 6.98742E-1 5.23059E0 8.34498E0 1.4973E0 7.78599E-1 6.78778E-1
-1.72678E2 -1.37158E2 -9.54631E1 -9.0582E1 -1.40437E2 -1.67213E2 -1.47541E2 -1.46995E2 -1.44262E2 -1.07104E2 -1.43716E2 -1.46448E2 -1.46448E2 -1.60656E2 -1.45355E2 -1.44809E2 -1.43716E2 -1.43169E2 -1.75956E2 -1.82514E2 -1.7541E2 -1.06011E2 -1.06011E2 -1.05464E2 -1.40984E2 -1.05464E2 -8.08743E1 -1.04372E2 -1.86339E2 -1.27869E2 -1.02186E2 -1.08197E2 -9.94536E1 -1.53552E2 -8.5607E1 -1.27869E2 -1.53005E2 -1.18579E2 -1.03279E2 -1.04918E2 -9.94536E1 -8.74317E1 -8.14208E1 -1.19672E2 -1.23497E2 -1.18579E2 -1.28962E2 -1.28415E2 -1.27322E2 -1.22951E2 -1.08743E2 -7.15847E1 -8.19672E1 -5.2459E1 -6.72131E1 -7.43169E1 -7.15847E1 -4.42623E1 -4.59016E1 9.78239E-1 6.58814E-1 1.37752E0 1.37752E0 5.23059E0 -9.38673E-2 -4.28661E0 -1.53317E0 -4.0363E0
-1.61202E2 -1.62295E2 -1.48087E2 -1.48634E2 -1.48634E2 -1.64481E2 -1.68306E2 -1.42623E2 -1.34426E2 -1.43716E2 -1.62842E2 -1.65574E2 -1.45902E2 -1.45355E2 -1.44262E2 -1.44262E2 -1.43169E2 -1.42623E2 -1.64481E2 -1.42077E2 -1.4153E2 -1.06011E2 -1.05464E2 -1.05464E2 -1.04918E2 -1.04918E2 -1.04372E2 -8.08743E1 -8.03279E1 -1.02732E2 -1.34426E2 -8.16333E1 -9.94536E1 -1.63388E2 -1.7377E2 -1.09836E2 -1.08197E2 -1.08197E2 -4.92491E1 -8.83605E1 -6.77596E1 -8.4153E1 -1.38798E2 -1.20765E2 -1.34426E2 -1.3388E2 -1.28962E2 -1.16393E2 -1.14754E2 -1.01093E2 -1.03825E2 -4.23342E1 -2.94118E1 -6.38298E0 3.99281E-2 -4.0363E0 -3.25407E0 3.59353E-1 -6.44809E1 -3.87978E1 4.19245E-1 3.71332E0 7.60631E0 5.19066E-1 5.19066E-1 9.98203E-2 -3.87978E1 -4.31694E1
-1.48634E2 -1.72678E2 -1.38798E2 -1.39891E2 -1.4153E2 -1.59016E2 -1.46995E2 -1.43716E2 -1.32787E2 -1.40437E2 -1.44262E2 -9.61749E1 -1.60109E2 -1.60109E2 -1.39344E2 -8.56696E1 -1.43169E2 -1.7541E2 -1.06557E2 -1.74317E2 -1.7377E2 -1.65027E2 -1.05464E2 -1.05464E2 -1.84153E2 -1.5847E2 -1.62295E2 -1.03825E2 -1.02186E2 -1.39344E2 -1.00546E2 -8.28849E1 -1.00546E2 -1.04372E2 -1.55191E2 -1.71585E2 -1.34973E2 -1.02732E2 -8.4153E1 -8.4153E1 -8.08743E1 -1.11475E2 -1.23497E2 -1.33333E2 -1.34426E2 -1.52459E2 -1.30601E2 -1.21311E2 -9.94536E1 -2.78689E1 1.99641E-1 9.78239E-1 5.98922E-2 -4.06758E0 4.79138E-1 3.59353E-1 -1.25683E1 -1.5847E1 -7.59563E1 -3.49727E1 3.39389E-1 4.79138E-1 2.51547E0 7.18706E-1 5.19066E-1 1.19784E-1 -4.37158E0 -2.13115E1
-1.43716E2 -1.59563E2 -8.92053E1 -1.40437E2 -1.40984E2 -1.61749E2 -1.57923E2 -1.45902E2 -9.72678E1 -9.67213E1 -1.19126E2 -1.18579E2 -1.60109E2 -1.42623E2 -1.42623E2 -1.38798E2 -1.42623E2 -1.07104E2 -1.74863E2 -1.63388E2 -1.62842E2 -1.63934E2 -1.62842E2 -1.81967E2 -1.81421E2 -1.38798E2 -1.60656E2 -1.02186E2 -1.36612E2 -1.36612E2 -1.55738E2 -1.01093E2 -1.05464E2 -1.04372E2 -1.55738E2 -7.3811E1 -6.60826E1 -6.9368E1 -8.30601E1 -1.22951E2 -8.19672E1 -1.28962E2 -1.3224E2 -1.3388E2 -1.3224E2 -1.28415E2 -1.20765E2 -3.57009E1 -1.80538E1 -4.75594E0 5.78958E-1 1.37752E0 -4.91803E0 -2.0765E1 -5.46448E0 -1.20219E1 -2.56831E1 -6.8306E1 -6.12022E1 1.79677E-1 8.18527E-1 3.73328E0 4.85127E0 5.78958E0 1.4973E0 4.79138E-1 7.78599E-1 7.18706E-1
-1.43716E2 -1.61749E2 -1.38251E2 -1.48087E2 -1.40984E2 -1.45355E2 -1.59563E2 -1.45902E2 -9.78142E1 -9.56284E1 -1.43169E2 -1.45355E2 -1.59563E2 -1.40437E2 -1.39891E2 -1.38798E2 -1.7541E2 -1.07104E2 -1.4153E2 -1.62295E2 -1.62842E2 -1.62842E2 -1.39344E2 -1.04918E2 -1.03825E2 -1.03279E2 -8.90175E1 -1.02186E2 -1.37158E2 -1.31694E2 -1.0929E2 -1.06557E2 -1.53005E2 -1.04372E2 -1.02186E2 -6.78661E1 -1.01639E2 -7.04918E1 -1.38251E2 -1.28962E2 -1.34426E2 -1.3388E2 -1.48087E2 -1.22951E2 -1.2623E2 -1.26776E2 -6.55738E1 -4.37158E1 -1.21089E1 -3.09762E0 1.99641E-2 -4.37158E0 -2.89617E1 -1.91257E1 -1.5847E1 -1.53005E1 -3.00546E1 -2.0765E1 -1.21715E1 7.18706E-1 1.11799E0 4.21242E0 4.51188E0 3.99281E0 4.21242E0 1.4973E0 3.99281E0 1.64504E1
