ENM/Final_Models/M_1_F_qp_Set_1_E/Gustavia_santanderiensis_0_Choco_novel.asc
ncols         367
nrows         963
xllcorner     -78.6
yllcorner     0.65
cellsize      0.00833333333333323
NODATA_value  -9999
[rows 330 to 359 of 963, columns 136 to 203 of 367]
-9999 -9999 -9999 -9999 -9999 -9999 -9999 -9999 -9999 -9999 -9999 -9999 -9999 -9999 -9999 -9999 -9999 -9999 -9999 -1.98686E1 -2.72215E1 -4.80288E1 -5.21277E1 -5.76345E1 -6.06696E1 -4.44931E1 -4.50563E1 -5.13661E1 -4.10513E1 -3.87672E1 -4.3836E1 -5.07509E1 -5.10951E1 -5.05006E1 -5.43179E1 -5.2378E1 -5.29099E1 -5.72904E1 -5.77597E1 -4.78723E1 -5.45682E1 -5.74781E1 -5.91051E1 -6.07322E1 -6.26721E1 -5.85419E1 -6.54568E1 -6.08886E1 -6.10763E1 -6.47372E1 -5.51314E1 -4.98436E1 -6.24844E1 -9.28962E1 -5.48811E1 -5.62842E1 -5.57377E1 -5.57377E1 -1.04372E2 -1.03825E2 -1.06011E2 -1.3224E2 -1.33333E2 -1.3388E2 -1.32787E2 -1.36612E2 -1.37705E2 -1.26776E2
-9999 -9999 -9999 -9999 -9999 -9999 -9999 -9999 -9999 -9999 -9999 -9999 -9999 -9999 -9999 -9999 -9999 -9999 -9999 -1.99312E1 -2.45932E1 -4.28974E1 -5.40363E1 -5.52253E1 -5.96683E1 -5.19126E1 -5.13661E1 -5.02732E1 -2.89737E1 -3.39487E1 -3.54819E1 -3.67334E1 -3.8423E1 -4.49312E1 -5.23467E1 -4.96558E1 -5.45056E1 -5.22528E1 -5.12203E1 -5.24093E1 -6.01377E1 -6.15457E1 -6.08573E1 -6.53942E1 -6.63016E1 -6.54255E1 -6.63016E1 -6.09199E1 -6.31101E1 -6.29537E1 -6.33917E1 -5.36921E1 -5.2378E1 -7.59563E1 -8.63388E1 -4.15301E1 -6.55738E1 -5.62842E1 -4.66834E1 -1.25683E2 -1.01093E2 -1.43716E2 -1.44809E2 -1.45355E2 -1.44809E2 -1.45355E2 -1.38251E2 -1.45902E2
-9999 -9999 -9999 -9999 -9999 -9999 -9999 -9999 -9999 -9999 -9999 -9999 -9999 -9999 -9999 -9999 -9999 -9999 -9999 -2.11514E1 -3.00688E1 -4.1771E1 -5.71339E1 -5.42553E1 -5.21589E1 -4.78411E1 -5.0219E1 -3.97685E1 -3.73905E1 -2.96621E1 -3.9831E1 -4.38986E1 -3.52628E1 -4.08323E1 -3.88298E1 -4.65895E1 -6.13892E1 -5.24718E1 -5.10013E1 -5.38486E1 -5.20651E1 -6.27034E1 -6.01064E1 -6.699E1 -6.08886E1 -6.22028E1 -7.0995E1 -6.12641E1 -6.1577E1 -6.796E1 -5.4975E1 -5.79474E1 -5.26909E1 -4.29599E1 -3.06008E1 -3.92365E1 -4.50876E1 -4.08636E1 -7.37705E1 -1.27869E2 -1.08197E2 -1.3388E2 -1.34426E2 -1.3388E2 -1.3388E2 -1.34973E2 -1.35519E2 -1.38798E2
-9999 -9999 -9999 -9999 -9999 -9999 -9999 -9999 -9999 -9999 -9999 -9999 -9999 -9999 -9999 -9999 -9999 -9999 -9999 -2.08698E1 -2.25907E1 -4.56821E1 -5.77284E1 -6.00438E1 -5.1189E1 -4.95307E1 -5.18148E1 -5.08197E1 -5.40676E1 -3.40738E1 -4.5776E1 -5.15645E1 -4.46496E1 -4.66521E1 -4.13642E1 -4.59011E1 -4.53066E1 -5.38798E1 -5.64143E1 -4.96245E1 -5.44743E1 -5.72278E1 -5.76033E1 -6.21402E1 -6.4831E1 -6.18586E1 -6.49875E1 -6.04506E1 -5.91677E1 -5.92929E1 -5.88548E1 -5.61327E1 -5.01877E1 -4.61202E1 -4.03317E1 -4.54318E1 -5.2459E1 -4.92803E1 -7.26776E1 -8.30601E1 -8.08743E1 -1.34426E2 -1.11475E2 -1.10929E2 -1.34973E2 -1.10929E2 -1.36066E2 -1.35519E2
-9999 -9999 -9999 -9999 -9999 -9999 -9999 -9999 -9999 -9999 -9999 -9999 -9999 -9999 -9999 -9999 -9999 -9999 -9999 -9999 -1.34543E1 -3.1164E1 -4.89987E1 -5.17209E1 -5.62265E1 -5.99499E1 -5.47559E1 -4.82165E1 -4.52128E1 -4.3179E1 -4.79975E1 -5.00626E1 -4.21777E1 -4.23029E1 -4.75282E1 -4.06758E1 -5.36608E1 -5.35357E1 -5.10013E1 -5.13454E1 -5.17835E1 -5.52566E1 -5.74468E1 -6.92428E1 -6.17334E1 -6.51439E1 -5.73217E1 -6.66145E1 -5.9637E1 -6.40175E1 -6.19837E1 -5.60075E1 -5.48811E1 -6.27972E1 -7.75956E1 -1.12568E2 -1.23497E2 -7.37705E1 -1.20765E2 -1.21858E2 -1.06557E2 -1.45902E2 -1.46448E2 -1.39344E2 -1.46448E2 -1.46448E2 -1.36612E2 -1.37158E2
-9999 -9999 -9999 -9999 -9999 -9999 -9999 -9999 -9999 -9999 -9999 -9999 -9999 -9999 -9999 -9999 -9999 -9999 -9999 -9999 -1.28598E1 -1.96496E1 -3.75782E1 -5.0219E1 -6.63955E1 -6.70839E1 -5.58824E1 -5.44118E1 -6.00438E1 -4.60576E1 -4.82791E1 -4.64956E1 -4.46496E1 -4.73091E1 -4.86546E1 -4.69337E1 -5.5194E1 -5.4005E1 -5.43492E1 -5.34731E1 -5.5632E1 -5.51314E1 -6.39549E1 -6.49562E1 -6.29224E1 -6.10763E1 -6.01064E1 -6.19212E1 -6.07322E1 -6.28911E1 -5.80726E1 -6.26095E1 -5.76658E1 -7.65027E1 -1.16393E2 -1.18579E2 -1.19672E2 -6.45494E1 -6.56446E1 -1.22404E2 -1.34973E2 -1.45902E2 -1.45902E2 -1.28415E2 -1.28415E2 -1.46995E2 -1.36612E2 -1.37705E2
-9999 -9999 -9999 -9999 -9999 -9999 -9999 -9999 -9999 -9999 -9999 -9999 -9999 -9999 -9999 -9999 -9999 -9999 -9999 -9999 -1.62078E1 -1.8617E1 -3.31039E1 -4.62766E1 -6.0607E1 -6.80538E1 -5.59136E1 -5.62891E1 -5.61327E1 -5.63517E1 -5.53191E1 -5.32541E1 -5.02503E1 -5.08135E1 -5.20964E1 -5.06884E1 -4.94368E1 -5.97309E1 -5.8229E1 -5.91677E1 -6.14831E1 -5.76971E1 -6.27972E1 -6.56446E1 -5.93242E1 -6.07322E1 -5.68836E1 -5.81352E1 -6.60513E1 -6.28285E1 -5.79161E1 -6.47685E1 -5.55695E1 -7.37705E1 -3.77049E1 -4.91803E1 -1.19126E2 -1.20765E2 -7.18085E1 -1.22404E2 -1.34973E2 -1.45902E2 -1.45902E2 -1.28962E2 -1.28962E2 -1.28962E2 -1.37705E2 -1.47541E2
-9999 -9999 -9999 -9999 -9999 -9999 -9999 -9999 -9999 -9999 -9999 -9999 -9999 -9999 -9999 -9999 -9999 -9999 -9999 -9999 -9999 -9.29287E0 -2.2403E1 -9999 -9999 -9999 -9999 -5.99499E1 -5.71339E1 -6.16083E1 -5.60701E1 -5.40676E1 -4.93742E1 -5.17522E1 -4.82478E1 -4.92178E1 -5.55069E1 -5.9637E1 -5.72591E1 -6.12641E1 -5.78223E1 -5.99812E1 -5.99186E1 -6.24844E1 -5.87297E1 -5.95119E1 -5.73842E1 -5.61327E1 -6.07635E1 -6.29537E1 -5.93867E1 -6.43617E1 -5.4224E1 -1.11475E2 -3.38798E1 -2.66896E1 -7.21311E1 -1.21311E2 -6.05131E1 -1.21311E2 -1.34426E2 -1.45355E2 -1.45902E2 -1.46995E2 -1.47541E2 -1.38798E2 -1.38251E2 -1.38798E2
-9999 -9999 -9999 -9999 -9999 -9999 -9999 -9999 -9999 -9999 -9999 -9999 -9999 -9999 -9999 -9999 -9999 -9999 -9999 -9999 -9999 5.98862E-2 -9999 -9999 -9999 -9999 -9999 -9999 -5.40676E1 -5.81039E1 -5.45995E1 -5.53817E1 -5.08135E1 -4.93429E1 -5.20338E1 -5.69149E1 -5.49124E1 -5.34105E1 -5.50688E1 -5.95745E1 -6.36733E1 -5.96996E1 -5.98561E1 -5.79787E1 -5.32541E1 -5.86358E1 -5.93554E1 -6.19212E1 -6.57384E1 -6.49562E1 -5.82603E1 -6.17021E1 -6.0169E1 -5.84481E1 -7.21311E1 -3.17897E1 -3.93443E1 -8.08743E1 -5.24718E1 -1E2 -6.40801E1 -1.02186E2 -1.46995E2 -1.47541E2 -1.46995E2 -1.38798E2 -1.48634E2 -1.39891E2
-9999 -9999 -9999 -9999 -9999 -9999 -9999 -9999 -9999 -9999 -9999 -9999 -9999 -9999 -9999 -9999 -9999 -9999 -9999 -9999 -9999 -9999 -9999 -9999 -9999 -9999 -9999 -9999 -9999 -4.93429E1 -5.097E1 -5.3035E1 -5.57572E1 -5.85732E1 -5.67897E1 -5.71026E1 -6.14205E1 -5.79787E1 -5.93554E1 -5.99186E1 -6.26721E1 -6.53317E1 -5.52879E1 -6.12015E1 -6.0826E1 -5.76033E1 -5.72591E1 -6.39237E1 -6.1577E1 -6.02002E1 -5.29099E1 -6.45807E1 -6.13267E1 -5.75407E1 -1.15847E2 -1.08197E2 -4.86339E1 -4.09836E1 -3.90488E1 -4.34606E1 -7.97814E1 -1.46448E2 -1.38798E2 -1.47541E2 -1.38798E2 -1.48634E2 -1.48634E2 -1.40437E2
-9999 -9999 -9999 -9999 -9999 -9999 -9999 -9999 -9999 -9999 -9999 -9999 -9999 -9999 -9999 -9999 -9999 -9999 -9999 -9999 -9999 -9999 -9999 -9999 -9999 -9999 -9999 -9999 -9999 -5.34731E1 -5.64456E1 -5.33792E1 -5.33792E1 -5.88548E1 -5.78536E1 -5.85419E1 -5.70713E1 -6.11389E1 -6.33292E1 -5.89487E1 -6.2234E1 -6.3423E1 -6.24218E1 -6.17647E1 -5.32541E1 -5.52253E1 -5.76658E1 -5.41302E1 -6.30788E1 -6.602E1 -6.01064E1 -5.73529E1 -6.6771E1 -6.24218E1 -1.22951E2 -1.27322E2 -5.2459E1 -3.6612E1 -4.38048E1 -7.15847E1 -9.28962E1 -1.31694E2 -1.37705E2 -1.38251E2 -1.38251E2 -1.39891E2 -1.40437E2 -1.40984E2
-9999 -9999 -9999 -9999 -9999 -9999 -9999 -9999 -9999 -9999 -9999 -9999 -9999 -9999 -9999 -9999 -9999 -9999 -9999 -9999 -9999 -9999 -9999 -9999 -9999 -9999 -9999 -9999 -9999 -9999 -9999 -6.03254E1 -5.48498E1 -6.00125E1 -5.93242E1 -5.69462E1 -5.30976E1 -6.04819E1 -5.87297E1 -6.05757E1 -6.60513E1 -6.3423E1 -6.38298E1 -5.75407E1 -5.26596E1 -5.91364E1 -6.27034E1 -5.9418E1 -6.11389E1 -5.67272E1 -5.5194E1 -5.96996E1 -6.75532E1 -6.18899E1 -1.25137E2 -9.5082E1 -5.13661E1 -2.90363E1 -3.44262E1 -7.59563E1 -8.08743E1 -8.14208E1 -1.38798E2 -1.15847E2 -1.39891E2 -1.39891E2 -1.42077E2 -1.20765E2
-9999 -9999 -9999 -9999 -9999 -9999 -9999 -9999 -9999 -9999 -9999 -9999 -9999 -9999 -9999 -9999 -9999 -9999 -9999 -9999 -9999 -9999 -9999 -9999 -9999 -9999 -9999 -9999 -9999 -9999 -9999 -6.03567E1 -5.91364E1 -5.67897E1 -5.81977E1 -5.87922E1 -5.93242E1 -6.77722E1 -6.11702E1 -6.19837E1 -6.46746E1 -6.68335E1 -6.55194E1 -6.0607E1 -5.81665E1 -5.98874E1 -6.07322E1 -6.06383E1 -5.98874E1 -5.84794E1 -5.50063E1 -5.68836E1 -6.69274E1 -5.97309E1 -1.21858E2 -7.43169E1 -5.08197E1 -5.08197E1 -4.16771E1 -4.65269E1 -7.43169E1 -8.03279E1 -8.08743E1 -8.08743E1 -1.40437E2 -8.25137E1 -8.25137E1 -1.19126E2
-9999 -9999 -9999 -9999 -9999 -9999 -9999 -9999 -9999 -9999 -9999 -9999 -9999 -9999 -9999 -9999 -9999 -9999 -9999 -9999 -9999 -9999 -9999 -9999 -9999 -9999 -9999 -9999 -9999 -9999 -9999 -9999 -5.60075E1 -5.37547E1 -5.32541E1 -5.46308E1 -6.04819E1 -6.94305E1 -6.6771E1 -6.31101E1 -6.17647E1 -6.74906E1 -6.12641E1 -6.14831E1 -6.34856E1 -6.46433E1 -6.34543E1 -6.24218E1 -6.18586E1 -5.91051E1 -5.44431E1 -5.59449E1 -6.62391E1 -6.37672E1 -7.70492E1 -7.48634E1 -5.19126E1 -7.21311E1 -7.48634E1 -7.59563E1 -7.9235E1 -8.14208E1 -1.40437E2 -8.14208E1 -1.40984E2 -1.4153E2 -1.50273E2 -1.42623E2
-9999 -9999 -9999 -9999 -9999 -9999 -9999 -9999 -9999 -9999 -9999 -9999 -9999 -9999 -9999 -9999 -9999 -9999 -9999 -9999 -9999 -9999 -9999 -9999 -9999 -9999 -9999 -9999 -9999 -9999 -9999 -9999 -5.41927E1 -5.19086E1 -5.01252E1 -5.25657E1 -6.79912E1 -6.52691E1 -6.56446E1 -6.68335E1 -6.35169E1 -6.62391E1 -6.64894E1 -6.89925E1 -5.80726E1 -5.66333E1 -5.86671E1 -5.99812E1 -5.73842E1 -6.03567E1 -5.71026E1 -5.95745E1 -6.70839E1 -6.54881E1 -5.46934E1 -5.05006E1 -7.9235E1 -1.13115E2 -7.97814E1 -8.14208E1 -1.16393E2 -8.49186E1 -8.25137E1 -1.40437E2 -1.39344E2 -1.18033E2 -1.19126E2 -1.43169E2
-9999 -9999 -9999 -9999 -9999 -9999 -9999 -9999 -9999 -9999 -9999 -9999 -9999 -9999 -9999 -9999 -9999 -9999 -9999 -9999 -9999 -9999 -9999 -9999 -9999 -9999 -9999 -9999 -9999 -9999 -9999 -9999 -5.70401E1 -5.10325E1 -5.23467E1 -5.53504E1 -6.07947E1 -5.95432E1 -6.27034E1 -6.53004E1 -6.52378E1 -6.55194E1 -7.05882E1 -7.27785E1 -6.88986E1 -6.87735E1 -6.42365E1 -6.35795E1 -6.34856E1 -6.10138E1 -5.84481E1 -6.47685E1 -6.84606E1 -6.38924E1 -5.42553E1 -6.04819E1 -9.07104E1 -7.37705E1 -5.62891E1 -6.0826E1 -7.38423E1 -1.30601E2 -1.18033E2 -1.42077E2 -1.42077E2 -1.19126E2 -1.19672E2 -1.20765E2
-9999 -9999 -9999 -9999 -9999 -9999 -9999 -9999 -9999 -9999 -9999 -9999 -9999 -9999 -9999 -9999 -9999 -9999 -9999 -9999 -9999 -9999 -9999 -9999 -9999 -9999 -9999 -9999 -9999 -9999 -9999 -9999 -6.16083E1 -6.23905E1 -6.19212E1 -6.30476E1 -6.8306E1 -7.86885E1 -6.86796E1 -7.14017E1 -8.08743E1 -7.00876E1 -6.75532E1 -7.48634E1 -7.97814E1 -6.98999E1 -6.66145E1 -6.33292E1 -5.56007E1 -5.91364E1 -5.69775E1 -5.93242E1 -7.16834E1 -6.73967E1 -1.23497E2 -1.19126E2 -1.13661E2 -5.31915E1 -6.93989E1 -1.10383E2 -1.29508E2 -8.03279E1 -1.18033E2 -1.43169E2 -1.43169E2 -1.43716E2 -1.44262E2 -1.45355E2
-9999 -9999 -9999 -9999 -9999 -9999 -9999 -9999 -9999 -9999 -9999 -9999 -9999 -9999 -9999 -9999 -9999 -9999 -9999 -9999 -9999 -9999 -9999 -9999 -9999 -9999 -9999 -9999 -9999 -9999 -9999 -9999 -6.90864E1 -5.93554E1 -6.08573E1 -7.70492E1 -1.25683E2 -7.81421E1 -7.1214E1 -6.2985E1 -6.74906E1 -7.04631E1 -6.76783E1 -6.6771E1 -7.75956E1 -6.83041E1 -6.73655E1 -6.45807E1 -5.85419E1 -6.2766E1 -5.11577E1 -5.75094E1 -6.10763E1 -6.25156E1 -1.2623E2 -1.34973E2 -1.03825E2 -5.23467E1 -1.00546E2 -1.19672E2 -1.30601E2 -8.25137E1 -8.14208E1 -1.4153E2 -1.42623E2 -1.5082E2 -1.42623E2 -1.51366E2
-9999 -9999 -9999 -9999 -9999 -9999 -9999 -9999 -9999 -9999 -9999 -9999 -9999 -9999 -9999 -9999 -9999 -9999 -9999 -9999 -9999 -9999 -9999 -9999 -9999 -9999 -9999 -9999 -9999 -9999 -9999 -9999 -6.66771E1 -6.25469E1 -5.34105E1 -5.92303E1 -7.75956E1 -6.66771E1 -6.83041E1 -6.47372E1 -6.96809E1 -7.17459E1 -6.42053E1 -7.16521E1 -7.20588E1 -7.17459E1 -6.83041E1 -6.96496E1 -6.2015E1 -6.0607E1 -6.16395E1 -6.31414E1 -6.48623E1 -8.14208E1 -7.86885E1 -1.2459E2 -1.17486E2 -1.05464E2 -1.38251E2 -8.74317E1 -1.25137E2 -7.97814E1 -8.14208E1 -8.52628E1 -1.05464E2 -1.4153E2 -1.51366E2 -1.34426E2
-9999 -9999 -9999 -9999 -9999 -9999 -9999 -9999 -9999 -9999 -9999 -9999 -9999 -9999 -9999 -9999 -9999 -9999 -9999 -9999 -9999 -9999 -9999 -9999 -9999 -9999 -9999 -9999 -9999 -9999 -9999 -9999 -6.35169E1 -6.30788E1 -6.19212E1 -6.12328E1 -6.50501E1 -7.01502E1 -7.12766E1 -6.5363E1 -6.52691E1 -6.82103E1 -7.3373E1 -8.19672E1 -8.42616E1 -7.70651E1 -7.25907E1 -7.23404E1 -6.88673E1 -6.57071E1 -6.61139E1 -6.48936E1 -7.20588E1 -8.19672E1 -1.01093E2 -1.37705E2 -1.19672E2 -1.07104E2 -1.40437E2 -8.96175E1 -1.37158E2 -1.19672E2 -7.65957E1 -8.70463E1 -1.0765E2 -1.07104E2 -1.44262E2 -1.44809E2
-9999 -9999 -9999 -9999 -9999 -9999 -9999 -9999 -9999 -9999 -9999 -9999 -9999 -9999 -9999 -9999 -9999 -9999 -9999 -9999 -9999 -9999 -9999 -9999 -9999 -9999 -9999 -9999 -9999 -9999 -9999 -9999 -7.24343E1 -6.88048E1 -6.58636E1 -6.51126E1 -6.68961E1 -6.40801E1 -7.14017E1 -6.37046E1 -6.30476E1 -7.22466E1 -7.69712E1 -8.03279E1 -7.18085E1 -6.68961E1 -7.29036E1 -7.7378E1 -7.05882E1 -7.25907E1 -7.10889E1 -6.83667E1 -8.03279E1 -1.06011E2 -1.02186E2 -1.28415E2 -1.29508E2 -1.15301E2 -1.14208E2 -1.31694E2 -1.3224E2 -8.14208E1 -8.19672E1 -7.58761E1 -1.27322E2 -1.08197E2 -1.42623E2 -1.44262E2
-9999 -9999 -9999 -9999 -9999 -9999 -9999 -9999 -9999 -9999 -9999 -9999 -9999 -9999 -9999 -9999 -9999 -9999 -9999 -9999 -9999 -9999 -9999 -9999 -9999 -9999 -9999 -9999 -9999 -9999 -9999 -9999 -6.46746E1 -6.62703E1 -7.18398E1 -7.09324E1 -6.35795E1 -6.84606E1 -6.8179E1 -6.99937E1 -6.21089E1 -6.602E1 -7.58448E1 -7.28723E1 -5.3567E1 -5.6821E1 -6.3423E1 -7.4781E1 -8.01001E1 -7.07447E1 -6.8836E1 -5.96996E1 -6.26721E1 -8.14208E1 -8.08743E1 -1.39891E2 -1.28962E2 -1.37705E2 -7.10383E1 -5.31289E1 -5.48185E1 -8.08743E1 -1.04372E2 -1.19126E2 -1.21311E2 -1.27869E2 -1.4153E2 -1.43169E2
-9999 -9999 -9999 -9999 -9999 -9999 -9999 -9999 -9999 -9999 -9999 -9999 -9999 -9999 -9999 -9999 -9999 -9999 -9999 -9999 -9999 -9999 -9999 -9999 -9999 -9999 -9999 -9999 -9999 -9999 -9999 -9999 -3.81727E1 -5.72591E1 -6.54255E1 -6.65207E1 -7.65019E1 -7.09637E1 -7.5438E1 -6.98999E1 -6.59262E1 -6.85857E1 -7.19337E1 -6.02315E1 -7.65027E1 -5.30055E1 -5.91051E1 -6.37359E1 -7.20901E1 -7.37797E1 -6.6771E1 -5.94493E1 -5.68836E1 -8.25137E1 -8.25137E1 -1.02186E2 -1.24044E2 -1.38798E2 -1.22951E2 -1.25683E2 -8.14208E1 -8.14208E1 -8.19672E1 -8.19672E1 -1.21858E2 -8.35732E1 -8.25137E1 -1.23497E2
-9999 -9999 -9999 -9999 -9999 -9999 -9999 -9999 -9999 -9999 -9999 -9999 -9999 -9999 -9999 -9999 -9999 -9999 -9999 -9999 -9999 -9999 -9999 -9999 -9999 -9999 -9999 -9999 -9999 -9999 -9999 -6.58636E1 -6.37359E1 -6.03567E1 -6.63955E1 -6.69587E1 -6.95244E1 -7.11827E1 -7.9235E1 -6.28285E1 -5.85732E1 -5.56633E1 -7.23091E1 -6.56133E1 -6.00751E1 -5.58824E1 -5.51913E1 -6.21402E1 -6.70839E1 -6.47372E1 -6.3204E1 -6.65519E1 -5.56007E1 -6.14518E1 -6.00751E1 -5.92929E1 -7.70492E1 -7.75956E1 -7.97814E1 -1.37705E2 -8.14208E1 -8.03279E1 -1.06557E2 -1.23497E2 -1.08743E2 -8.64831E1 -1.0929E2 -1.08197E2
-9999 -9999 -9999 -9999 -9999 -9999 -9999 -9999 -9999 -9999 -9999 -9999 -9999 -9999 -9999 -9999 -9999 -9999 -9999 -9999 -9999 -9999 -9999 -9999 -9999 -9999 -9999 -9999 -9999 -9999 -9999 -7.01815E1 -7.86885E1 -6.26408E1 -7.86885E1 -7.97814E1 -6.4393E1 -6.63642E1 -7.05257E1 -6.26095E1 -6.38611E1 -6.39549E1 -6.60826E1 -5.62891E1 -5.13661E1 -5.51314E1 -6.55738E1 -6.05131E1 -6.4393E1 -7.54693E1 -6.69274E1 -6.67397E1 -5.82916E1 -5.83855E1 -5.71339E1 -5.90426E1 -6.26408E1 -1.34973E2 -1.46448E2 -1.01639E2 -7.75956E1 -8.03817E1 -1.45902E2 -1.45902E2 -1.28415E2 -8.30726E1 -1.45902E2 -1.45355E2
-9999 -9999 -9999 -9999 -9999 -9999 -9999 -9999 -9999 -9999 -9999 -9999 -9999 -9999 -9999 -9999 -9999 -9999 -9999 -9999 -9999 -9999 -9999 -9999 -9999 -9999 -9999 -9999 -9999 -9999 -9999 -6.57071E1 -6.26721E1 -6.32979E1 -7.97814E1 -7.9235E1 -5.60701E1 -6.45494E1 -7.12453E1 -5.69149E1 -5.84481E1 -7.01815E1 -7.19337E1 -5.57259E1 -4.78723E1 -5.51913E1 -7.04918E1 -8.08743E1 -7.08698E1 -7.93179E1 -7.81289E1 -6.31727E1 -6.0169E1 -6.39862E1 -5.94806E1 -5.92929E1 -5.44118E1 -1.35519E2 -1.43716E2 -1.45355E2 -8.03279E1 -8.30413E1 -7.97814E1 -1.20765E2 -1.27322E2 -7.60013E1 -8.41364E1 -8.04443E1
-9999 -9999 -9999 -9999 -9999 -9999 -9999 -9999 -9999 -9999 -9999 -9999 -9999 -9999 -9999 -9999 -9999 -9999 -9999 -9999 -9999 -9999 -9999 -9999 -9999 -9999 -9999 -9999 -9999 -9999 -5.99186E1 -6.37985E1 -5.61014E1 -5.52566E1 -5.72278E1 -5.79787E1 -5.53504E1 -6.21402E1 -6.79287E1 -5.99499E1 -6.66145E1 -6.53317E1 -5.95119E1 -5.2816E1 -6.06557E1 -6.39344E1 -6.99454E1 -1.31694E2 -8.08743E1 -8.48874E1 -7.71902E1 -7.36233E1 -6.54881E1 -7.04631E1 -6.25782E1 -6.44556E1 -6.29224E1 -1.3388E2 -1.4918E2 -1.47541E2 -1.11475E2 -7.86885E1 -7.86885E1 -1.08743E2 -1.28415E2 -1.29508E2 -8.03191E1 -1.30601E2
-9999 -9999 -9999 -9999 -9999 -9999 -9999 -9999 -9999 -9999 -9999 -9999 -9999 -9999 -9999 -9999 -9999 -9999 -9999 -9999 -9999 -9999 -9999 -9999 -9999 -9999 -9999 -9999 -9999 -9999 -5.66646E1 -5.37234E1 -7.59563E1 -5.62842E1 -5.76033E1 -6.08886E1 -5.71026E1 -5.84168E1 -5.68836E1 -4.92178E1 -5.79161E1 -5.69462E1 -5.30055E1 -5.68306E1 -3.47309E1 -5.84699E1 -6.61202E1 -1.16393E2 -6.64268E1 -7.6189E1 -7.73467E1 -7.05257E1 -6.7428E1 -6.18273E1 -8.36066E1 -8.36066E1 -8.30601E1 -1.47541E2 -1.51913E2 -1.36612E2 -1.53005E2 -1.06557E2 -1.06557E2 -1.22951E2 -1.27869E2 -1.29508E2 -1.30055E2 -1.5082E2
-9999 -9999 -9999 -9999 -9999 -9999 -9999 -9999 -9999 -9999 -9999 -9999 -9999 -9999 -9999 -9999 -9999 -9999 -9999 -9999 -9999 -9999 -9999 -9999 -9999 -9999 -9999 -9999 -9999 -6.01064E1 -5.03129E1 -5.08197E1 -5.2459E1 -5.801E1 -7.9235E1 -6.13579E1 -5.82916E1 -6.15144E1 -6.34543E1 -5.8761E1 -6.01064E1 -5.44118E1 -5.15645E1 -4.28348E1 -2.48123E1 -2.9975E1 -6.8306E1 -1.12022E2 -6.75219E1 -6.87109E1 -7.7378E1 -7.62203E1 -7.86295E1 -6.30788E1 -6.32979E1 -6.30788E1 -1.12022E2 -1.48087E2 -8.57924E1 -8.57924E1 -1.13115E2 -1.08197E2 -1.38798E2 -1.21858E2 -1.25137E2 -1.29508E2 -8.36066E1 -1.30601E2
-9999 -9999 -9999 -9999 -9999 -9999 -9999 -9999 -9999 -9999 -9999 -9999 -9999 -9999 -9999 -9999 -9999 -9999 -9999 -9999 -9999 -9999 -9999 -9999 -9999 -9999 -9999 -9999 -9999 -6.35169E1 -6.10138E1 -7.65027E1 -7.81421E1 -5.30055E1 -5.35519E1 -5.95628E1 -6.01093E1 -5.67584E1 -6.21402E1 -5.92929E1 -5.22841E1 -6.20776E1 -5.40989E1 -2.70651E1 -2.56884E1 -2.72841E1 -3.87672E1 -5.40984E1 -6.10138E1 -6.26095E1 -7.16521E1 -6.83041E1 -7.2841E1 -7.32478E1 -6.65832E1 -8.30601E1 -1.20219E2 -1.48634E2 -1.13661E2 -1.13661E2 -1.37705E2 -1.37158E2 -8.25137E1 -7.46558E1 -1.28962E2 -1.29508E2 -8.36066E1 -1.45355E2
