ENM/Final_Models/M_1_F_qp_Set_1_E/Gustavia_santanderiensis_6_Choco.asc
ncols         367
nrows         963
xllcorner     -78.6
yllcorner     0.65
cellsize      0.00833333333333323
NODATA_value  -9999
[rows 720 to 749 of 963, columns 67 to 133 of 367]
-9999 -9999 -9999 -9999 -9999 -9999 -9999 -9999 -9999 -9999 -9999 -9999 -9999 -9999 -9999 -9999 -9999 -9999 -9999 -9999 -9999 -9999 -9999 -9999 -9999 -9999 -9999 -9999 -9999 -9999 -9999 -9999 -9999 -9999 -9999 -9999 -9999 -9999 9.99371E-1 9.99463E-1 9.99978E-1 9.9992E-1 9.99448E-1 9.98726E-1 9.99961E-1 9.99976E-1 9.99795E-1 9.99998E-1 9.99992E-1 9.9999E-1 9.99986E-1 9.99977E-1 9.99996E-1 9.99577E-1 9.99985E-1 9.99881E-1 9.99992E-1 9.99993E-1 9.99933E-1 9.97916E-1 9.99903E-1 9.99968E-1 9.9967E-1 9.99952E-1 9.99947E-1 9.98691E-1 9.9917E-1
-9999 -9999 -9999 -9999 -9999 -9999 -9999 -9999 -9999 -9999 -9999 -9999 -9999 -9999 -9999 -9999 -9999 -9999 -9999 -9999 -9999 -9999 -9999 -9999 -9999 -9999 -9999 -9999 -9999 -9999 -9999 -9999 -9999 -9999 -9999 -9999 -9999 9.99181E-1 9.98268E-1 9.99279E-1 9.99995E-1 9.99944E-1 9.99734E-1 9.99728E-1 9.99983E-1 9.99839E-1 9.99974E-1 9.99986E-1 9.99999E-1 9.99975E-1 9.99994E-1 9.99998E-1 9.99969E-1 9.99994E-1 9.99988E-1 9.99912E-1 9.9999E-1 9.99741E-1 9.99604E-1 9.98063E-1 9.98717E-1 9.99323E-1 9.99486E-1 9.99978E-1 9.99982E-1 9.96184E-1 9.99578E-1
-9999 -9999 -9999 -9999 -9999 -9999 -9999 -9999 -9999 -9999 -9999 -9999 -9999 -9999 -9999 -9999 -9999 -9999 -9999 -9999 -9999 -9999 -9999 -9999 -9999 -9999 -9999 -9999 -9999 -9999 -9999 -9999 -9999 -9999 -9999 -9999 9.99999E-1 9.9889E-1 9.99132E-1 9.99193E-1 9.99724E-1 9.99869E-1 9.99992E-1 9.99955E-1 9.99975E-1 9.99969E-1 9.9991E-1 9.99938E-1 9.99938E-1 9.99843E-1 9.99966E-1 9.99998E-1 9.99977E-1 9.99891E-1 9.99981E-1 9.99921E-1 9.99996E-1 9.992E-1 9.98509E-1 9.99474E-1 9.96186E-1 9.94259E-1 9.99878E-1 9.9894E-1 9.99863E-1 9.99172E-1 9.99941E-1
-9999 -9999 -9999 -9999 -9999 -9999 -9999 -9999 -9999 -9999 -9999 -9999 -9999 -9999 -9999 -9999 -9999 -9999 -9999 -9999 -9999 -9999 -9999 -9999 -9999 -9999 -9999 -9999 -9999 -9999 -9999 -9999 -9999 9.99996E-1 9.99999E-1 9.99996E-1 9.9996E-1 9.99897E-1 9.99801E-1 9.99914E-1 9.99842E-1 9.99978E-1 9.99987E-1 9.99989E-1 9.99996E-1 9.99994E-1 9.99967E-1 9.99902E-1 9.99839E-1 9.9996E-1 9.99998E-1 9.99857E-1 9.99925E-1 9.9999E-1 9.99976E-1 9.99852E-1 9.99993E-1 9.99978E-1 9.98701E-1 9.99468E-1 9.96614E-1 9.9845E-1 9.96198E-1 9.763E-1 9.86725E-1 9.97984E-1 9.9998E-1
-9999 -9999 -9999 -9999 -9999 -9999 -9999 -9999 -9999 -9999 -9999 -9999 -9999 -9999 -9999 -9999 -9999 -9999 -9999 -9999 -9999 -9999 -9999 -9999 -9999 -9999 -9999 -9999 -9999 -9999 -9999 9.98948E-1 9.99154E-1 9.99968E-1 9.99999E-1 9.99996E-1 1E0 9.99984E-1 9.99902E-1 9.9994E-1 9.99731E-1 9.9998E-1 9.9997E-1 9.99981E-1 9.99954E-1 9.99973E-1 9.99966E-1 9.99543E-1 9.99962E-1 9.99991E-1 9.99993E-1 9.99994E-1 9.99975E-1 9.99735E-1 9.99656E-1 9.99878E-1 9.99409E-1 9.9971E-1 9.99898E-1 9.9982E-1 9.98949E-1 9.99968E-1 9.95324E-1 9.92835E-1 9.83779E-1 9.8725E-1 9.97442E-1
-9999 -9999 -9999 -9999 -9999 -9999 -9999 -9999 -9999 -9999 -9999 -9999 -9999 -9999 -9999 -9999 -9999 -9999 -9999 -9999 -9999 -9999 -9999 -9999 -9999 -9999 -9999 -9999 -9999 9.9985E-1 9.99972E-1 9.99987E-1 9.99947E-1 9.99998E-1 9.99998E-1 9.9999E-1 1E0 9.99908E-1 9.99985E-1 9.99969E-1 9.99722E-1 9.99987E-1 9.99976E-1 9.999E-1 9.99609E-1 9.99945E-1 9.99991E-1 9.99889E-1 9.99897E-1 9.99973E-1 9.99946E-1 9.99976E-1 9.99982E-1 9.99959E-1 9.99316E-1 9.99334E-1 9.98989E-1 9.99828E-1 9.9998E-1 9.99779E-1 9.8622E-1 9.9932E-1 9.9728E-1 9.91285E-1 9.7929E-1 9.91052E-1 9.99565E-1
-9999 -9999 -9999 -9999 -9999 -9999 -9999 -9999 -9999 -9999 -9999 -9999 -9999 -9999 -9999 -9999 -9999 -9999 -9999 -9999 -9999 -9999 -9999 -9999 -9999 -9999 -9999 -9999 -9999 9.99969E-1 9.99531E-1 9.9998E-1 9.99983E-1 9.99992E-1 9.99992E-1 9.99991E-1 9.99986E-1 9.99903E-1 9.99992E-1 9.99997E-1 9.99936E-1 9.99946E-1 9.9999E-1 9.99977E-1 9.99886E-1 9.99964E-1 9.99952E-1 9.99977E-1 9.99883E-1 9.99911E-1 9.99896E-1 9.99455E-1 9.99895E-1 9.99726E-1 9.9965E-1 9.99722E-1 9.99463E-1 9.9992E-1 9.99925E-1 9.99611E-1 9.67518E-1 9.86643E-1 9.68907E-1 9.93058E-1 9.99014E-1 9.99789E-1 9.94984E-1
-9999 -9999 -9999 -9999 -9999 -9999 -9999 -9999 -9999 -9999 -9999 -9999 -9999 -9999 -9999 -9999 -9999 -9999 -9999 -9999 -9999 -9999 -9999 -9999 -9999 -9999 -9999 -9999 -9999 9.99916E-1 9.99925E-1 9.99997E-1 9.99902E-1 9.99948E-1 9.99999E-1 -9999 1E0 9.99993E-1 9.99915E-1 9.99992E-1 9.99952E-1 9.99955E-1 9.99984E-1 9.99986E-1 9.99988E-1 9.99937E-1 9.99971E-1 9.99975E-1 9.9984E-1 9.99935E-1 9.99938E-1 9.99959E-1 9.99896E-1 9.9823E-1 9.98606E-1 9.97287E-1 9.98465E-1 9.99878E-1 9.99897E-1 9.96032E-1 9.96517E-1 9.97154E-1 9.88047E-1 9.7219E-1 9.97093E-1 9.9958E-1 9.99324E-1
-9999 -9999 -9999 -9999 -9999 -9999 -9999 -9999 -9999 -9999 -9999 -9999 -9999 -9999 -9999 -9999 -9999 -9999 -9999 -9999 -9999 -9999 -9999 -9999 -9999 -9999 -9999 -9999 -9999 -9999 9.99784E-1 9.99992E-1 9.99999E-1 9.99977E-1 9.99976E-1 1E0 1E0 9.99998E-1 9.99996E-1 9.9998E-1 9.99989E-1 9.99641E-1 9.99908E-1 9.9994E-1 9.99766E-1 9.99963E-1 9.99768E-1 9.99836E-1 9.99794E-1 9.99854E-1 9.99874E-1 9.99986E-1 9.99928E-1 9.98848E-1 9.9611E-1 9.99607E-1 9.9456E-1 9.96996E-1 9.99594E-1 9.991E-1 9.86657E-1 9.94395E-1 9.89097E-1 9.99725E-1 9.99005E-1 9.99399E-1 9.93387E-1
-9999 -9999 -9999 -9999 -9999 -9999 -9999 -9999 -9999 -9999 -9999 -9999 -9999 -9999 -9999 -9999 -9999 9.99987E-1 1E0 -9999 -9999 -9999 -9999 -9999 -9999 -9999 -9999 -9999 -9999 -9999 -9999 9.99846E-1 1E0 9.99994E-1 1E0 1E0 1E0 9.99999E-1 9.99999E-1 9.99981E-1 9.99998E-1 9.99993E-1 9.99997E-1 9.99977E-1 9.99981E-1 9.99994E-1 9.99997E-1 9.9995E-1 9.99903E-1 9.99699E-1 9.99609E-1 9.99329E-1 9.99778E-1 9.99447E-1 9.99884E-1 9.99972E-1 9.93675E-1 9.95639E-1 9.90076E-1 9.91558E-1 9.61784E-1 9.48519E-1 9.89941E-1 9.98254E-1 9.99906E-1 9.99012E-1 9.91344E-1
-9999 -9999 -9999 -9999 -9999 -9999 -9999 -9999 -9999 -9999 -9999 -9999 -9999 -9999 9.99982E-1 9.99993E-1 9.99999E-1 9.99995E-1 -9999 -9999 -9999 -9999 -9999 -9999 -9999 -9999 -9999 -9999 -9999 -9999 -9999 9.99996E-1 9.99997E-1 9.99999E-1 9.99999E-1 1E0 9.99999E-1 1E0 1E0 9.99985E-1 9.99999E-1 9.9998E-1 9.99972E-1 9.99974E-1 9.99988E-1 1E0 9.99991E-1 9.99992E-1 9.99959E-1 9.99932E-1 9.99902E-1 9.98706E-1 9.92264E-1 9.99632E-1 9.97779E-1 9.99927E-1 9.94515E-1 9.9315E-1 9.99122E-1 9.96675E-1 9.98163E-1 9.79158E-1 9.94304E-1 9.99127E-1 9.98286E-1 9.95769E-1 9.91189E-1
-9999 -9999 -9999 -9999 -9999 -9999 -9999 -9999 -9999 -9999 -9999 -9999 9.99981E-1 9.99923E-1 9.99985E-1 9.99966E-1 9.9999E-1 9.99997E-1 -9999 -9999 -9999 -9999 -9999 -9999 -9999 -9999 -9999 -9999 -9999 -9999 -9999 1E0 1E0 1E0 1E0 9.99995E-1 1E0 1E0 9.99997E-1 1E0 9.99996E-1 9.99991E-1 9.99989E-1 9.99945E-1 9.99979E-1 9.99813E-1 9.99981E-1 9.99709E-1 9.99349E-1 9.99959E-1 9.99979E-1 9.99797E-1 9.99274E-1 9.99173E-1 9.94957E-1 9.95998E-1 9.99227E-1 9.98205E-1 9.99093E-1 9.99792E-1 9.99588E-1 9.94059E-1 9.97615E-1 9.97456E-1 9.9448E-1 9.97551E-1 9.81678E-1
-9999 -9999 -9999 -9999 -9999 -9999 -9999 -9999 -9999 -9999 9.99977E-1 9.99996E-1 9.99565E-1 9.99978E-1 9.99941E-1 9.9981E-1 9.9999E-1 9.99996E-1 9.99957E-1 -9999 -9999 -9999 -9999 -9999 -9999 -9999 -9999 -9999 -9999 -9999 -9999 -9999 9.99999E-1 1E0 1E0 1E0 9.99998E-1 9.99999E-1 9.99997E-1 9.99746E-1 9.99984E-1 9.99989E-1 9.99998E-1 1E0 9.99989E-1 9.99952E-1 9.9997E-1 9.98756E-1 9.99863E-1 9.99577E-1 9.9935E-1 9.99224E-1 9.99165E-1 9.96193E-1 9.96623E-1 9.9994E-1 9.99888E-1 9.99339E-1 9.95363E-1 9.90566E-1 9.95902E-1 9.97906E-1 9.91358E-1 9.96454E-1 9.90605E-1 9.92169E-1 9.82798E-1
-9999 -9999 -9999 -9999 -9999 -9999 -9999 -9999 -9999 9.99894E-1 9.99051E-1 9.99967E-1 9.99249E-1 9.99864E-1 9.99991E-1 9.9999E-1 1E0 1E0 9.99989E-1 9.99996E-1 -9999 -9999 -9999 -9999 -9999 -9999 -9999 -9999 -9999 -9999 -9999 -9999 9.99999E-1 1E0 1E0 1E0 1E0 1E0 9.99998E-1 9.99963E-1 9.99989E-1 9.99975E-1 9.99987E-1 9.99988E-1 9.998E-1 9.99872E-1 9.99874E-1 9.99557E-1 9.9381E-1 9.96866E-1 9.97589E-1 9.99889E-1 9.99951E-1 9.99122E-1 9.99479E-1 9.99268E-1 9.99617E-1 9.97351E-1 9.95033E-1 9.9036E-1 9.81589E-1 9.9787E-1 9.99089E-1 9.97294E-1 9.9292E-1 9.96423E-1 9.83605E-1
-9999 -9999 -9999 -9999 -9999 -9999 -9999 -9999 9.99996E-1 9.99891E-1 9.99837E-1 9.99851E-1 9.9999E-1 9.9972E-1 9.99914E-1 9.99217E-1 9.99999E-1 9.99998E-1 9.99944E-1 9.99995E-1 9.99998E-1 -9999 -9999 -9999 -9999 9.99997E-1 9.99966E-1 9.99982E-1 9.99984E-1 -9999 9.99986E-1 9.99972E-1 1E0 1E0 1E0 9.99999E-1 9.99999E-1 1E0 9.99998E-1 9.98614E-1 9.99494E-1 9.99994E-1 9.99857E-1 9.99988E-1 9.9996E-1 9.99983E-1 9.99999E-1 9.97654E-1 9.8037E-1 9.93857E-1 9.98267E-1 9.99854E-1 9.99002E-1 9.99995E-1 9.99159E-1 9.93421E-1 9.95892E-1 9.90123E-1 9.92956E-1 9.8978E-1 9.6442E-1 9.96763E-1 9.93972E-1 9.94388E-1 9.8755E-1 9.8911E-1 9.89834E-1
-9999 -9999 -9999 -9999 -9999 -9999 9.99998E-1 9.99993E-1 9.99878E-1 9.99941E-1 9.99992E-1 9.99998E-1 9.99968E-1 9.99607E-1 9.99694E-1 9.99915E-1 9.99998E-1 9.9999E-1 1E0 9.99997E-1 9.99998E-1 1E0 1E0 9.99999E-1 1E0 9.99999E-1 9.99997E-1 9.99998E-1 9.99973E-1 9.99982E-1 9.99962E-1 9.99882E-1 9.99999E-1 1E0 9.99984E-1 9.99976E-1 9.99999E-1 1E0 9.99994E-1 9.99995E-1 9.99976E-1 9.99998E-1 9.99986E-1 9.99989E-1 1E0 9.99982E-1 9.99993E-1 9.96026E-1 9.86335E-1 9.98733E-1 9.99555E-1 9.98502E-1 9.99863E-1 9.99993E-1 9.99632E-1 9.96958E-1 9.98074E-1 9.95741E-1 9.71592E-1 9.87217E-1 9.74773E-1 9.98816E-1 9.9748E-1 9.92641E-1 9.8845E-1 9.89088E-1 9.77483E-1
-9999 -9999 -9999 9.99997E-1 9.99981E-1 9.99826E-1 9.99982E-1 9.99919E-1 9.99951E-1 9.99999E-1 9.99978E-1 9.99994E-1 9.99997E-1 9.99121E-1 9.99947E-1 9.99982E-1 9.99997E-1 9.99975E-1 9.99985E-1 9.99996E-1 1E0 9.99998E-1 9.99958E-1 9.99997E-1 9.99987E-1 9.99996E-1 9.99999E-1 1E0 9.99998E-1 9.99998E-1 1E0 9.99997E-1 1E0 1E0 9.99889E-1 9.99993E-1 1E0 9.99993E-1 1E0 9.99999E-1 9.99987E-1 9.99995E-1 9.99999E-1 9.9964E-1 9.9994E-1 9.9903E-1 9.97681E-1 9.99454E-1 9.95914E-1 9.99867E-1 9.98409E-1 9.8691E-1 9.80012E-1 9.99598E-1 9.99177E-1 9.656E-1 9.48993E-1 9.8351E-1 9.39192E-1 9.50806E-1 9.77441E-1 9.94272E-1 9.84113E-1 9.75357E-1 9.70855E-1 9.47689E-1 9.48795E-1
-9999 9.99593E-1 9.997E-1 9.99867E-1 9.99975E-1 9.99995E-1 9.99896E-1 9.99953E-1 9.99896E-1 9.9999E-1 9.99898E-1 9.99959E-1 9.99837E-1 9.99424E-1 9.99905E-1 9.99988E-1 9.99573E-1 9.99989E-1 9.99984E-1 9.99998E-1 9.99998E-1 9.99999E-1 9.99999E-1 9.99999E-1 9.9997E-1 9.99991E-1 9.99919E-1 9.99995E-1 9.99999E-1 9.99999E-1 9.99999E-1 1E0 1E0 9.99991E-1 9.99993E-1 9.99999E-1 9.99999E-1 9.99999E-1 1E0 9.99998E-1 9.99997E-1 1E0 9.99997E-1 9.99923E-1 9.99901E-1 9.95743E-1 9.94788E-1 9.99888E-1 9.97788E-1 9.99979E-1 9.88573E-1 9.87467E-1 9.99162E-1 9.90097E-1 9.96919E-1 9.86414E-1 9.47693E-1 9.72026E-1 9.53718E-1 9.63041E-1 9.26118E-1 9.85617E-1 9.77094E-1 9.80559E-1 9.89867E-1 9.42678E-1 9.3798E-1
9.99799E-1 9.99968E-1 9.99832E-1 9.99919E-1 9.99939E-1 9.99955E-1 9.99985E-1 9.99894E-1 9.99899E-1 9.99997E-1 9.9996E-1 9.99971E-1 9.9997E-1 9.99749E-1 9.99663E-1 9.99748E-1 9.997E-1 9.99683E-1 9.99969E-1 9.99994E-1 1E0 9.99969E-1 9.99998E-1 9.99996E-1 9.99986E-1 9.99916E-1 9.99955E-1 9.99997E-1 9.99999E-1 9.99999E-1 1E0 1E0 9.99995E-1 9.99997E-1 9.99995E-1 1E0 1E0 9.99868E-1 9.99989E-1 9.9998E-1 1E0 9.99993E-1 9.9998E-1 1E0 9.99587E-1 9.99441E-1 9.98166E-1 9.99984E-1 9.99429E-1 9.98717E-1 9.96856E-1 9.9579E-1 9.98785E-1 9.97879E-1 9.94606E-1 9.95349E-1 9.7432E-1 9.72438E-1 9.40682E-1 9.45044E-1 9.58042E-1 9.87786E-1 9.8822E-1 9.90562E-1 9.28992E-1 8.7577E-1 8.30363E-1
9.9988E-1 9.99969E-1 9.99636E-1 9.99902E-1 9.99827E-1 9.99883E-1 9.99619E-1 9.99991E-1 9.99993E-1 9.99984E-1 9.9998E-1 9.99993E-1 9.99634E-1 9.99967E-1 9.99709E-1 9.99481E-1 9.99183E-1 9.99532E-1 9.99979E-1 1E0 9.99878E-1 9.99923E-1 9.99992E-1 9.99997E-1 9.99994E-1 9.99804E-1 9.99894E-1 9.99989E-1 9.99998E-1 9.99999E-1 1E0 1E0 9.9999E-1 9.99999E-1 1E0 1E0 9.99999E-1 9.99997E-1 9.9998E-1 9.99978E-1 9.99995E-1 9.99983E-1 9.99999E-1 9.99923E-1 1E0 9.99997E-1 9.99972E-1 9.99956E-1 9.99833E-1 9.99956E-1 9.9834E-1 9.98705E-1 9.9608E-1 9.9973E-1 9.98526E-1 9.9067E-1 9.99438E-1 9.93552E-1 9.94315E-1 9.9295E-1 9.37335E-1 9.83406E-1 9.96707E-1 9.75902E-1 8.58203E-1 9.10827E-1 8.56725E-1
9.99926E-1 9.99763E-1 9.97185E-1 9.99529E-1 9.99662E-1 9.99896E-1 9.9995E-1 9.9998E-1 9.99974E-1 9.99973E-1 9.99939E-1 9.99562E-1 9.99927E-1 9.99994E-1 9.99999E-1 9.99859E-1 9.99553E-1 9.99816E-1 9.9995E-1 9.99961E-1 9.99837E-1 9.9995E-1 9.99916E-1 9.99985E-1 9.99996E-1 9.99932E-1 9.99879E-1 9.99961E-1 9.99993E-1 9.99999E-1 1E0 1E0 1E0 9.99991E-1 9.99999E-1 9.99975E-1 9.99997E-1 9.99989E-1 9.99985E-1 1E0 9.99999E-1 9.99999E-1 1E0 9.99983E-1 1E0 9.99937E-1 9.99982E-1 1E0 9.99951E-1 9.98504E-1 9.78771E-1 9.86973E-1 9.99942E-1 9.99966E-1 9.93132E-1 9.96731E-1 9.98155E-1 9.94728E-1 9.9256E-1 9.96614E-1 9.83711E-1 9.91662E-1 9.97276E-1 9.83045E-1 9.37651E-1 9.27232E-1 8.2996E-1
9.99952E-1 9.99989E-1 9.99983E-1 9.99956E-1 9.999E-1 9.99456E-1 9.99949E-1 9.99968E-1 9.9999E-1 9.99962E-1 9.99903E-1 9.99921E-1 9.99993E-1 9.99986E-1 9.99998E-1 9.99973E-1 9.99712E-1 9.99955E-1 9.99993E-1 9.99934E-1 9.99959E-1 9.99778E-1 9.99945E-1 9.99989E-1 9.9999E-1 9.99948E-1 9.99972E-1 9.99996E-1 9.99996E-1 1E0 1E0 1E0 1E0 9.99996E-1 -9999 9.99991E-1 9.99987E-1 9.99991E-1 9.99987E-1 1E0 9.99999E-1 9.99908E-1 9.99985E-1 9.99994E-1 9.99992E-1 9.99988E-1 9.99644E-1 9.99986E-1 9.99999E-1 9.99835E-1 9.97601E-1 9.50476E-1 9.9311E-1 9.98076E-1 9.99008E-1 9.78977E-1 9.99721E-1 9.97815E-1 9.99857E-1 9.96821E-1 9.75483E-1 9.91257E-1 9.91703E-1 9.92575E-1 9.75971E-1 9.28486E-1 6.94538E-1
9.99988E-1 9.99863E-1 9.99954E-1 9.99969E-1 9.99972E-1 9.99997E-1 9.99987E-1 9.99965E-1 9.99983E-1 9.9998E-1 9.99897E-1 9.99634E-1 9.99962E-1 9.99975E-1 9.99945E-1 9.99995E-1 9.9997E-1 9.99929E-1 9.99865E-1 9.99985E-1 9.99975E-1 9.99995E-1 9.99986E-1 9.99997E-1 9.9994E-1 9.99857E-1 9.99982E-1 9.99999E-1 9.99999E-1 9.99995E-1 1E0 1E0 1E0 9.99999E-1 9.99998E-1 9.99989E-1 9.99995E-1 9.99995E-1 9.99985E-1 9.99993E-1 9.99858E-1 9.99749E-1 9.99873E-1 9.99983E-1 9.99977E-1 9.99451E-1 9.99941E-1 9.99608E-1 9.99352E-1 9.99638E-1 9.98038E-1 9.92888E-1 9.94421E-1 9.91091E-1 9.99222E-1 9.67542E-1 9.9785E-1 9.94481E-1 9.93242E-1 9.7109E-1 9.09038E-1 9.8691E-1 9.96668E-1 9.85508E-1 9.71933E-1 8.18811E-1 8.48414E-1
9.99979E-1 9.99377E-1 9.99954E-1 9.9995E-1 9.99955E-1 9.99963E-1 9.99994E-1 9.99913E-1 9.99997E-1 9.99996E-1 9.99967E-1 9.9999E-1 9.99987E-1 9.98638E-1 9.99632E-1 9.99947E-1 9.99986E-1 9.99997E-1 9.99993E-1 9.99994E-1 9.99971E-1 9.99973E-1 9.99993E-1 9.99984E-1 9.99922E-1 9.99933E-1 9.99986E-1 1E0 1E0 1E0 1E0 1E0 9.99984E-1 9.99995E-1 9.99995E-1 9.99988E-1 9.99926E-1 9.99951E-1 9.99999E-1 9.99906E-1 9.99984E-1 9.99979E-1 9.9968E-1 9.99979E-1 9.99998E-1 9.99829E-1 9.99717E-1 9.99737E-1 9.99816E-1 9.9992E-1 9.99961E-1 9.96021E-1 9.85671E-1 9.71435E-1 9.63513E-1 9.78854E-1 9.85322E-1 9.9851E-1 9.84668E-1 9.13973E-1 9.81249E-1 9.94373E-1 9.76711E-1 9.81269E-1 9.12468E-1 4.6622E-1 3.81625E-1
9.99947E-1 9.99994E-1 9.99994E-1 9.99991E-1 9.99999E-1 9.99964E-1 9.99998E-1 9.99986E-1 9.99972E-1 9.99953E-1 9.99982E-1 9.99999E-1 9.99997E-1 9.99972E-1 9.99998E-1 9.99992E-1 9.99989E-1 9.99993E-1 9.9991E-1 9.99949E-1 9.99997E-1 9.99999E-1 1E0 9.99999E-1 9.99991E-1 9.99914E-1 9.99988E-1 1E0 1E0 1E0 1E0 1E0 1E0 1E0 9.99975E-1 9.99999E-1 9.99964E-1 9.99997E-1 9.99994E-1 9.99995E-1 9.99809E-1 9.9997E-1 9.99771E-1 9.99846E-1 9.9999E-1 9.99992E-1 9.99998E-1 9.99957E-1 9.98021E-1 9.98668E-1 9.99852E-1 9.99363E-1 9.19829E-1 9.51131E-1 9.12503E-1 9.41686E-1 9.28913E-1 9.42506E-1 9.4256E-1 9.02534E-1 9.74455E-1 9.58158E-1 8.99446E-1 9.18042E-1 8.61408E-1 5.30694E-1 2.11547E-1
9.99999E-1 9.99999E-1 9.9998E-1 9.99996E-1 9.99999E-1 9.99845E-1 9.99997E-1 9.99994E-1 9.99943E-1 9.99884E-1 9.99976E-1 9.99998E-1 9.99992E-1 9.99967E-1 9.99998E-1 9.99999E-1 9.99997E-1 9.99998E-1 9.99998E-1 9.99989E-1 9.99997E-1 9.99983E-1 9.9993E-1 9.99956E-1 9.99996E-1 9.99953E-1 9.99998E-1 9.99998E-1 1E0 1E0 1E0 1E0 1E0 9.99995E-1 9.99894E-1 9.99965E-1 9.99999E-1 9.99999E-1 9.99996E-1 1E0 9.99844E-1 9.99937E-1 9.99984E-1 9.99728E-1 9.9983E-1 1E0 9.99588E-1 9.99975E-1 9.99997E-1 9.99996E-1 9.99983E-1 9.99438E-1 9.89012E-1 9.7806E-1 8.91432E-1 9.15878E-1 8.81806E-1 8.90924E-1 9.55274E-1 9.56632E-1 9.83528E-1 9.704E-1 9.76954E-1 8.70241E-1 9.10915E-1 4.66235E-1 1.68843E-1
9.99998E-1 9.99964E-1 9.99954E-1 9.99995E-1 9.99916E-1 9.99989E-1 9.99939E-1 9.99998E-1 9.99996E-1 9.99968E-1 9.99977E-1 9.99999E-1 1E0 9.99994E-1 9.99999E-1 1E0 1E0 9.99999E-1 9.99988E-1 9.99996E-1 9.99917E-1 9.99973E-1 9.99953E-1 9.9998E-1 9.99929E-1 9.9997E-1 9.99986E-1 1E0 1E0 1E0 9.99995E-1 9.99999E-1 1E0 9.99937E-1 9.99982E-1 9.99999E-1 1E0 9.99987E-1 9.99996E-1 9.99979E-1 9.99991E-1 9.99963E-1 9.99994E-1 9.99794E-1 9.9999E-1 9.99456E-1 9.99916E-1 9.99938E-1 9.99631E-1 9.99995E-1 9.99937E-1 9.99834E-1 9.92358E-1 9.94361E-1 9.53989E-1 8.42601E-1 9.18371E-1 8.82199E-1 9.09023E-1 9.2411E-1 9.83429E-1 8.77916E-1 4.59398E-1 5.34895E-1 7.40539E-1 2.60364E-1 1.21015E-1
9.99994E-1 9.99875E-1 9.99614E-1 9.99078E-1 9.99622E-1 9.9999E-1 9.99957E-1 9.99992E-1 9.99999E-1 9.9997E-1 9.99987E-1 9.99976E-1 9.99996E-1 9.99998E-1 1E0 1E0 9.99999E-1 9.99998E-1 9.99996E-1 9.99962E-1 9.99932E-1 9.99896E-1 9.99963E-1 9.99919E-1 9.99868E-1 9.99942E-1 9.99992E-1 9.99992E-1 9.99999E-1 9.99998E-1 9.99993E-1 9.99988E-1 9.99999E-1 9.99992E-1 9.99999E-1 9.99988E-1 9.99994E-1 9.99902E-1 9.99994E-1 9.99964E-1 9.9981E-1 9.99431E-1 9.99967E-1 9.99985E-1 9.99988E-1 9.99842E-1 9.99577E-1 9.96054E-1 9.97667E-1 9.99998E-1 9.99947E-1 9.96117E-1 9.51764E-1 9.62662E-1 9.23296E-1 8.24179E-1 8.43902E-1 8.58512E-1 8.23636E-1 8.6914E-1 9.6422E-1 5.10207E-1 1.34784E-1 5.33881E-1 7.35621E-1 4.59501E-1 2.0807E-1
9.99995E-1 9.99845E-1 9.9973E-1 9.99397E-1 9.99834E-1 9.99811E-1 9.99996E-1 9.9998E-1 9.99993E-1 9.99996E-1 9.99989E-1 9.99999E-1 1E0 9.99995E-1 9.99999E-1 9.99999E-1 9.99999E-1 9.99996E-1 9.99999E-1 9.99985E-1 9.99988E-1 9.99965E-1 9.99964E-1 9.99933E-1 9.99984E-1 9.99995E-1 9.99992E-1 9.99999E-1 9.99999E-1 9.99998E-1 9.99999E-1 9.99939E-1 9.99971E-1 9.99998E-1 9.99998E-1 9.99986E-1 9.99972E-1 9.99986E-1 9.99197E-1 9.99982E-1 9.99996E-1 9.99998E-1 9.9927E-1 9.99985E-1 9.99985E-1 9.99999E-1 9.99983E-1 9.99954E-1 9.99949E-1 9.99156E-1 9.99373E-1 9.9912E-1 9.96971E-1 9.88864E-1 9.54498E-1 9.68286E-1 9.49703E-1 9.04576E-1 8.64946E-1 8.57351E-1 7.36429E-1 1.88156E-1 1.93345E-2 3.46498E-2 2.8333E-2 1.30777E-1 2.32398E-1
9.99823E-1 9.99962E-1 9.99976E-1 9.99997E-1 9.99945E-1 9.99965E-1 9.99992E-1 9.99995E-1 9.99988E-1 9.99992E-1 9.99999E-1 9.9999E-1 9.99999E-1 9.99997E-1 9.99997E-1 9.99947E-1 9.99782E-1 9.99987E-1 9.99995E-1 9.99996E-1 9.99989E-1 9.99995E-1 9.99997E-1 9.99965E-1 9.99948E-1 1E0 1E0 1E0 1E0 9.99984E-1 9.99991E-1 9.99952E-1 9.99976E-1 9.99999E-1 9.99974E-1 9.99999E-1 1E0 9.99998E-1 9.99934E-1 9.99966E-1 9.99988E-1 9.99991E-1 9.99988E-1 9.98807E-1 9.99993E-1 9.99999E-1 1E0 9.99984E-1 9.9999E-1 9.99431E-1 9.9856E-1 9.99678E-1 9.99473E-1 9.99346E-1 9.97373E-1 9.89773E-1 9.89551E-1 9.78304E-1 7.76686E-1 8.76775E-1 7.59538E-1 4.60111E-1 8.01769E-2 2.09894E-2 5.84413E-3 4.85734E-3 7.1808E-3
