ENM/Final_Models/M_1_F_qp_Set_1_E/Gustavia_santanderiensis_6_Choco.asc
ncols         367
nrows         963
xllcorner     -78.6
yllcorner     0.65
cellsize      0.00833333333333323
NODATA_value  -9999
[rows 780 to 809 of 963, columns 0 to 66 of 367]
-9999 7.56876E-1 6.28546E-1 6.52451E-1 6.17635E-1 6.51596E-1 6.34226E-1 6.08148E-1 6.8888E-1 7.85256E-1 8.28223E-1 6.97312E-1 7.95026E-1 8.81128E-1 9.27873E-1 9.04137E-1 8.52104E-1 8.28642E-1 8.80075E-1 9.26901E-1 9.33102E-1 9.59712E-1 9.70061E-1 9.55281E-1 9.76242E-1 9.87927E-1 9.93416E-1 9.95482E-1 9.9376E-1 9.93385E-1 9.97694E-1 9.88916E-1 9.94029E-1 9.71093E-1 9.81382E-1 9.89902E-1 9.84308E-1 9.80429E-1 9.78686E-1 9.98804E-1 9.97352E-1 9.97059E-1 9.9338E-1 9.97836E-1 9.98922E-1 9.99879E-1 9.99602E-1 9.99596E-1 9.99749E-1 9.9957E-1 9.99674E-1 9.99747E-1 9.99774E-1 9.99854E-1 9.99958E-1 9.99878E-1 9.99815E-1 9.9981E-1 9.99728E-1 9.99938E-1 9.99792E-1 9.99488E-1 9.99784E-1 9.9986E-1 9.99366E-1 9.9959E-1 9.99744E-1
-9999 8.01951E-1 8.3706E-1 6.78258E-1 5.81273E-1 6.35448E-1 4.00129E-1 6.38846E-1 7.87863E-1 7.54427E-1 6.39932E-1 5.98344E-1 8.28313E-1 7.81919E-1 8.14823E-1 7.75192E-1 6.98156E-1 8.60144E-1 8.32587E-1 8.72654E-1 9.18809E-1 9.44796E-1 9.81639E-1 9.78833E-1 9.86658E-1 9.88959E-1 9.91058E-1 9.83075E-1 9.93369E-1 9.93011E-1 9.93918E-1 9.82428E-1 9.77265E-1 9.94669E-1 9.93056E-1 9.94865E-1 9.93036E-1 9.66641E-1 9.6336E-1 9.84275E-1 9.88595E-1 9.9674E-1 9.96453E-1 9.9666E-1 9.98765E-1 9.99855E-1 9.99746E-1 9.98987E-1 9.99289E-1 9.98696E-1 9.99418E-1 9.99668E-1 9.99389E-1 9.99693E-1 9.99976E-1 9.99952E-1 9.99926E-1 9.99943E-1 9.99881E-1 9.99932E-1 9.99973E-1 9.99962E-1 9.99572E-1 9.99457E-1 9.98242E-1 9.99336E-1 9.99179E-1
-9999 7.00832E-1 6.42176E-1 5.48635E-1 3.80537E-1 4.92732E-1 5.26502E-1 5.48996E-1 5.90045E-1 6.74234E-1 7.31248E-1 5.80937E-1 7.97528E-1 7.8597E-1 7.43495E-1 7.5752E-1 6.85351E-1 8.30174E-1 9.07935E-1 9.64968E-1 9.59502E-1 9.70875E-1 9.72693E-1 9.85514E-1 9.92143E-1 9.80668E-1 9.904E-1 9.96839E-1 9.9592E-1 9.95173E-1 9.94072E-1 9.93204E-1 9.87233E-1 9.95752E-1 9.90783E-1 9.8858E-1 9.67177E-1 9.75324E-1 9.90464E-1 9.77855E-1 9.82204E-1 9.92401E-1 9.95594E-1 9.97921E-1 9.9712E-1 9.99252E-1 9.98384E-1 9.97744E-1 9.99625E-1 9.99474E-1 9.99457E-1 9.99666E-1 9.98432E-1 9.97313E-1 9.99512E-1 9.99895E-1 9.99615E-1 9.99636E-1 9.99134E-1 9.99792E-1 9.99926E-1 9.9995E-1 9.99958E-1 9.98902E-1 9.99216E-1 9.99418E-1 9.99649E-1
-9999 5.0084E-1 5.14044E-1 6.47591E-1 6.78088E-1 5.06007E-1 6.58429E-1 4.54601E-1 7.88419E-1 7.44958E-1 7.20156E-1 6.80556E-1 8.38487E-1 8.31257E-1 8.45533E-1 8.73216E-1 8.37216E-1 8.89238E-1 8.81306E-1 9.82792E-1 9.81449E-1 9.72367E-1 9.45395E-1 9.54768E-1 9.68337E-1 9.72451E-1 9.73633E-1 9.91068E-1 9.94892E-1 9.87243E-1 9.94145E-1 9.91298E-1 9.91717E-1 9.94375E-1 9.9195E-1 9.90506E-1 9.80161E-1 9.90578E-1 9.79653E-1 9.92642E-1 9.93089E-1 9.95752E-1 9.95222E-1 9.9801E-1 9.96582E-1 9.99349E-1 9.99525E-1 9.99311E-1 9.9906E-1 9.98955E-1 9.99109E-1 9.98738E-1 9.98919E-1 9.98389E-1 9.98476E-1 9.99846E-1 9.99697E-1 9.99467E-1 9.99921E-1 9.99834E-1 9.99775E-1 9.99E-1 9.98839E-1 9.99542E-1 9.99383E-1 9.99538E-1 9.99781E-1
-9999 8.99423E-1 8.79141E-1 7.69137E-1 8.6378E-1 5.18087E-1 5.11013E-1 5.9584E-1 6.76669E-1 5.82797E-1 6.41032E-1 6.79408E-1 8.90276E-1 8.81712E-1 8.88651E-1 8.22394E-1 9.27779E-1 8.46118E-1 9.64877E-1 9.46411E-1 9.71792E-1 9.58095E-1 9.54658E-1 9.36499E-1 9.64482E-1 9.75679E-1 9.80459E-1 9.60927E-1 9.76551E-1 9.72536E-1 9.82095E-1 9.93799E-1 9.9487E-1 9.94751E-1 9.93068E-1 9.98689E-1 9.96061E-1 9.88453E-1 9.80762E-1 9.92185E-1 9.89354E-1 9.95671E-1 9.9557E-1 9.95217E-1 9.96137E-1 9.99602E-1 9.99777E-1 9.99091E-1 9.99275E-1 9.99256E-1 9.99367E-1 9.99654E-1 9.99595E-1 9.99586E-1 9.98956E-1 9.98424E-1 9.998E-1 9.99164E-1 9.99074E-1 9.9971E-1 9.9956E-1 9.99501E-1 9.9982E-1 9.99584E-1 9.99088E-1 9.97259E-1 9.99535E-1
-9999 8.76404E-1 8.35135E-1 7.97632E-1 7.96775E-1 7.25807E-1 6.36561E-1 6.63905E-1 6.20389E-1 7.48859E-1 6.86003E-1 7.99818E-1 8.06149E-1 7.91707E-1 7.77318E-1 8.66877E-1 9.23086E-1 8.31464E-1 9.76518E-1 9.75859E-1 9.59158E-1 9.64678E-1 9.57036E-1 9.33404E-1 9.02817E-1 9.42003E-1 9.2487E-1 9.39466E-1 9.50567E-1 9.5667E-1 9.05431E-1 9.75841E-1 9.39528E-1 9.91656E-1 9.8174E-1 9.91764E-1 9.96572E-1 9.9484E-1 9.94551E-1 9.88979E-1 9.87497E-1 9.89469E-1 9.94771E-1 9.9463E-1 9.98453E-1 9.992E-1 9.99692E-1 9.99425E-1 9.99529E-1 9.99635E-1 9.99295E-1 9.99825E-1 9.99469E-1 9.9964E-1 9.99435E-1 9.97145E-1 9.99531E-1 9.98555E-1 9.97829E-1 9.99406E-1 9.99606E-1 9.99261E-1 9.99427E-1 9.97304E-1 9.98557E-1 9.99561E-1 9.94249E-1
-9999 7.98363E-1 7.62366E-1 7.18489E-1 7.14028E-1 7.47544E-1 6.32761E-1 6.15176E-1 6.56538E-1 8.05486E-1 7.81613E-1 7.08157E-1 6.94372E-1 8.11416E-1 7.27212E-1 7.93129E-1 8.94598E-1 8.9059E-1 9.04628E-1 9.69863E-1 9.68536E-1 9.61075E-1 9.21574E-1 8.74754E-1 8.66808E-1 9.38122E-1 9.64455E-1 9.40825E-1 9.32411E-1 9.46249E-1 9.74523E-1 9.79428E-1 9.77207E-1 9.84399E-1 9.97587E-1 9.95101E-1 9.96728E-1 9.96287E-1 9.96145E-1 9.94893E-1 9.93218E-1 9.92557E-1 9.95642E-1 9.90415E-1 9.92357E-1 9.98947E-1 9.9939E-1 9.98849E-1 9.99973E-1 9.99926E-1 9.9996E-1 9.9977E-1 9.99713E-1 9.99374E-1 9.97115E-1 9.99946E-1 9.98599E-1 9.99302E-1 9.99558E-1 9.98953E-1 9.996E-1 9.98768E-1 9.97094E-1 9.99044E-1 9.98711E-1 9.99707E-1 9.99509E-1
7.22912E-1 6.16984E-1 6.23678E-1 5.70982E-1 6.78772E-1 6.97854E-1 6.20553E-1 7.38639E-1 8.11672E-1 7.53933E-1 8.19011E-1 8.70374E-1 8.96739E-1 9.41172E-1 9.73168E-1 9.53451E-1 9.07613E-1 8.24616E-1 8.27367E-1 9.13043E-1 9.49677E-1 9.65515E-1 9.40305E-1 9.22957E-1 9.10474E-1 8.9951E-1 8.90821E-1 9.17065E-1 9.28475E-1 9.45219E-1 9.74357E-1 9.95839E-1 9.54133E-1 9.7225E-1 9.89665E-1 9.8958E-1 9.96923E-1 9.9376E-1 9.96466E-1 9.96147E-1 9.95773E-1 9.93626E-1 9.9413E-1 9.94524E-1 9.9687E-1 9.9851E-1 9.99073E-1 9.99067E-1 9.9981E-1 9.99871E-1 9.99488E-1 9.9965E-1 9.99892E-1 9.9989E-1 9.9998E-1 9.99973E-1 9.99378E-1 9.98808E-1 9.99815E-1 9.99571E-1 9.99845E-1 9.99788E-1 9.99255E-1 9.99886E-1 9.97403E-1 9.98981E-1 9.97861E-1
6.79929E-1 6.5526E-1 6.89787E-1 6.23497E-1 7.84724E-1 8.36497E-1 7.82278E-1 6.54093E-1 6.75876E-1 6.83218E-1 7.19287E-1 7.63298E-1 8.69392E-1 9.62483E-1 9.68423E-1 9.69511E-1 9.23815E-1 8.4526E-1 8.31541E-1 8.97404E-1 8.98115E-1 8.82427E-1 8.69431E-1 9.63758E-1 9.41162E-1 9.13406E-1 9.34186E-1 9.38134E-1 9.57081E-1 9.48632E-1 9.59947E-1 9.91924E-1 9.90592E-1 9.92891E-1 9.75852E-1 9.82832E-1 9.96945E-1 9.96814E-1 9.95163E-1 9.98591E-1 9.9788E-1 9.98722E-1 9.96967E-1 9.97055E-1 9.98934E-1 9.99336E-1 9.99297E-1 9.99172E-1 9.99763E-1 9.98713E-1 9.97838E-1 9.89028E-1 9.94929E-1 9.99585E-1 9.99536E-1 9.99419E-1 9.99817E-1 9.99622E-1 9.98698E-1 9.9857E-1 9.99858E-1 9.99879E-1 9.99696E-1 9.99882E-1 9.99855E-1 9.99634E-1 9.99721E-1
6.79263E-1 6.63274E-1 7.07502E-1 7.05676E-1 6.80837E-1 7.07315E-1 6.8459E-1 7.05734E-1 6.67111E-1 6.59846E-1 7.87703E-1 8.11275E-1 9.19596E-1 9.3905E-1 9.03982E-1 9.14703E-1 8.68153E-1 8.24379E-1 8.99197E-1 8.82565E-1 8.43314E-1 8.85557E-1 9.12388E-1 9.10548E-1 9.53759E-1 9.44436E-1 9.66638E-1 9.74373E-1 9.72711E-1 9.68289E-1 9.88154E-1 9.79722E-1 9.56646E-1 9.86987E-1 9.91515E-1 9.88503E-1 9.94243E-1 9.88688E-1 9.95832E-1 9.96856E-1 9.94126E-1 9.98703E-1 9.97616E-1 9.99035E-1 9.98891E-1 9.98631E-1 9.98721E-1 9.98719E-1 9.99749E-1 9.99703E-1 9.97963E-1 9.99053E-1 9.99435E-1 9.99789E-1 9.99071E-1 9.9987E-1 9.99855E-1 9.99887E-1 9.99808E-1 9.99702E-1 9.99905E-1 9.9988E-1 9.99871E-1 9.9976E-1 9.99698E-1 9.99962E-1 9.99872E-1
7.7228E-1 7.71177E-1 6.85556E-1 6.30344E-1 7.02092E-1 7.04205E-1 6.91926E-1 6.21992E-1 6.94887E-1 6.40693E-1 7.66256E-1 8.68888E-1 9.33874E-1 9.17738E-1 8.66155E-1 9.11793E-1 8.68023E-1 8.98793E-1 9.55814E-1 9.08372E-1 9.11758E-1 8.98417E-1 9.11098E-1 9.17342E-1 9.39644E-1 9.7668E-1 9.78093E-1 9.7734E-1 9.72943E-1 9.61669E-1 9.81886E-1 9.86539E-1 9.7732E-1 9.728E-1 9.70948E-1 9.89491E-1 9.57669E-1 9.85652E-1 9.96681E-1 9.97386E-1 9.97844E-1 9.9885E-1 9.97837E-1 9.96396E-1 9.99342E-1 9.98535E-1 9.99195E-1 9.98148E-1 9.99677E-1 9.99777E-1 9.99714E-1 9.99089E-1 9.99873E-1 9.9981E-1 9.99617E-1 9.99703E-1 9.99503E-1 9.99583E-1 9.99435E-1 9.99463E-1 9.99963E-1 9.9907E-1 9.99959E-1 9.99953E-1 9.99914E-1 9.99924E-1 9.9985E-1
-9999 6.98504E-1 6.47979E-1 5.79811E-1 5.58917E-1 7.51119E-1 7.98483E-1 7.03374E-1 7.58925E-1 6.7516E-1 7.61122E-1 8.34672E-1 9.37525E-1 9.2796E-1 8.87685E-1 8.50964E-1 8.69927E-1 9.28861E-1 8.80421E-1 8.79544E-1 9.33332E-1 9.38854E-1 9.19273E-1 9.34575E-1 9.58957E-1 9.7005E-1 9.75402E-1 9.7322E-1 9.80356E-1 9.44462E-1 9.64652E-1 9.82503E-1 9.83231E-1 9.52835E-1 9.82081E-1 9.86864E-1 9.81545E-1 9.83306E-1 9.93442E-1 9.97716E-1 9.99054E-1 9.98899E-1 9.9615E-1 9.98145E-1 9.99411E-1 9.99624E-1 9.99708E-1 9.9987E-1 9.99585E-1 9.99903E-1 9.99659E-1 9.99623E-1 9.99544E-1 9.99195E-1 9.97075E-1 9.99411E-1 9.99606E-1 9.99674E-1 9.99631E-1 9.99326E-1 9.99263E-1 9.98772E-1 9.99958E-1 9.99311E-1 9.9985E-1 9.99987E-1 9.99822E-1
-9999 7.49763E-1 7.1853E-1 5.3293E-1 5.54413E-1 7.09707E-1 7.46167E-1 6.4806E-1 7.84865E-1 8.53023E-1 8.60894E-1 9.35473E-1 9.28878E-1 9.20906E-1 8.64815E-1 8.66567E-1 8.47866E-1 8.36619E-1 8.95972E-1 8.62813E-1 9.27801E-1 8.98396E-1 9.35637E-1 9.22278E-1 9.26215E-1 9.7447E-1 9.64765E-1 9.57719E-1 9.67519E-1 9.59906E-1 9.58131E-1 9.49645E-1 9.61786E-1 9.89213E-1 9.94226E-1 9.79757E-1 9.92251E-1 9.9106E-1 9.92179E-1 9.93305E-1 9.98194E-1 9.9892E-1 9.95918E-1 9.96059E-1 9.96874E-1 9.9864E-1 9.98501E-1 9.99687E-1 9.99746E-1 9.99694E-1 9.99763E-1 9.99617E-1 9.99434E-1 9.98431E-1 9.97122E-1 9.99328E-1 9.99723E-1 9.99214E-1 9.98546E-1 9.98987E-1 9.99823E-1 9.99798E-1 9.99964E-1 9.99855E-1 9.99886E-1 9.99957E-1 9.99811E-1
-9999 7.27624E-1 7.60053E-1 6.53712E-1 5.23144E-1 7.76401E-1 7.24046E-1 7.25842E-1 7.84248E-1 7.77396E-1 9.35408E-1 8.45798E-1 8.05243E-1 8.75219E-1 8.65796E-1 8.89E-1 8.47647E-1 8.44561E-1 9.12017E-1 8.74137E-1 9.63405E-1 9.13497E-1 9.57032E-1 9.3727E-1 8.75057E-1 9.44912E-1 9.52443E-1 9.49826E-1 9.50601E-1 9.88987E-1 9.87941E-1 9.28102E-1 9.74027E-1 9.95008E-1 9.94747E-1 9.96664E-1 9.96282E-1 9.92221E-1 9.93412E-1 9.98293E-1 9.9819E-1 9.89197E-1 9.85963E-1 9.93117E-1 9.95257E-1 9.97588E-1 9.98275E-1 9.97437E-1 9.89447E-1 9.99496E-1 9.99686E-1 9.99626E-1 9.98805E-1 9.97116E-1 9.97074E-1 9.96804E-1 9.98774E-1 9.99329E-1 9.99729E-1 9.9982E-1 9.99898E-1 9.99599E-1 9.9934E-1 9.99809E-1 9.9976E-1 9.99834E-1 9.99616E-1
-9999 5.07899E-1 6.58861E-1 6.38651E-1 7.15032E-1 5.38538E-1 7.63747E-1 7.69358E-1 8.65242E-1 8.71934E-1 9.36014E-1 8.8636E-1 8.90619E-1 9.19075E-1 8.98436E-1 9.29083E-1 8.42887E-1 8.65358E-1 8.85854E-1 9.36018E-1 9.44863E-1 9.10433E-1 9.32237E-1 9.43023E-1 9.44594E-1 9.52199E-1 9.13851E-1 9.29171E-1 8.77713E-1 9.292E-1 9.69232E-1 9.90879E-1 9.87273E-1 9.83309E-1 9.8371E-1 9.98287E-1 9.97637E-1 9.97541E-1 9.94986E-1 9.91582E-1 9.94701E-1 9.94302E-1 9.86743E-1 9.89896E-1 9.85764E-1 9.9203E-1 9.96818E-1 9.97003E-1 9.97956E-1 9.99538E-1 9.99624E-1 9.98876E-1 9.98842E-1 9.98761E-1 9.99619E-1 9.99107E-1 9.99247E-1 9.99369E-1 9.98918E-1 9.99848E-1 9.99581E-1 9.99866E-1 9.99789E-1 9.97129E-1 9.95087E-1 9.99239E-1 9.97911E-1
-9999 -9999 7.33633E-1 7.91692E-1 7.71375E-1 7.26608E-1 7.62212E-1 7.82895E-1 8.68221E-1 8.73754E-1 9.20269E-1 9.4402E-1 8.99799E-1 8.0532E-1 8.63918E-1 8.50677E-1 9.14399E-1 8.21197E-1 9.37686E-1 9.30083E-1 9.45928E-1 9.03899E-1 9.25614E-1 9.09247E-1 9.54966E-1 9.38584E-1 9.11217E-1 9.24641E-1 9.29817E-1 9.77557E-1 9.89791E-1 9.88308E-1 9.82049E-1 9.78587E-1 9.91593E-1 9.96362E-1 9.94232E-1 9.86343E-1 9.91616E-1 9.93332E-1 9.96961E-1 9.95261E-1 9.92061E-1 9.89444E-1 9.96875E-1 9.98307E-1 9.98803E-1 9.9863E-1 9.96736E-1 9.97487E-1 9.99322E-1 9.99166E-1 9.98255E-1 9.99547E-1 9.99567E-1 9.99459E-1 9.99893E-1 9.99398E-1 9.99226E-1 9.95162E-1 9.99652E-1 9.9974E-1 9.99686E-1 9.99159E-1 9.95794E-1 9.99003E-1 9.98261E-1
-9999 -9999 7.50513E-1 8.75096E-1 8.07213E-1 7.81849E-1 8.99069E-1 7.78345E-1 6.51085E-1 7.90408E-1 8.57954E-1 9.55821E-1 9.11713E-1 8.541E-1 9.3381E-1 9.07612E-1 8.87752E-1 8.88488E-1 9.03625E-1 9.30158E-1 9.34279E-1 8.64508E-1 8.80516E-1 8.79103E-1 9.06779E-1 9.43391E-1 9.66533E-1 9.41941E-1 9.07422E-1 9.63629E-1 9.82974E-1 9.51038E-1 9.66404E-1 9.77401E-1 9.86436E-1 9.96335E-1 9.95505E-1 9.89598E-1 9.86388E-1 9.90566E-1 9.93986E-1 9.93878E-1 9.98682E-1 9.96386E-1 9.98024E-1 9.97578E-1 9.97188E-1 9.97054E-1 9.96122E-1 9.92436E-1 9.95252E-1 9.99129E-1 9.98286E-1 9.99674E-1 9.99342E-1 9.9951E-1 9.99359E-1 9.98811E-1 9.99209E-1 9.90336E-1 9.99629E-1 9.99433E-1 9.99751E-1 9.97609E-1 9.92367E-1 9.99102E-1 9.98241E-1
-9999 -9999 -9999 8.04249E-1 8.49783E-1 7.39154E-1 7.45149E-1 8.52189E-1 6.89611E-1 7.6273E-1 8.14005E-1 8.37023E-1 8.4489E-1 9.13862E-1 8.35846E-1 8.10991E-1 8.48499E-1 8.98456E-1 9.11741E-1 9.52977E-1 9.59655E-1 8.58371E-1 8.3766E-1 8.69036E-1 8.74789E-1 9.52255E-1 9.78512E-1 9.61376E-1 9.32615E-1 9.69657E-1 9.63438E-1 9.67404E-1 9.65711E-1 9.78355E-1 9.89527E-1 9.95173E-1 9.89158E-1 9.81315E-1 9.85833E-1 9.93318E-1 9.90828E-1 9.91151E-1 9.97153E-1 9.97234E-1 9.952E-1 9.98231E-1 9.91367E-1 9.91159E-1 9.91617E-1 9.95755E-1 9.93312E-1 9.98469E-1 9.98324E-1 9.99631E-1 9.99141E-1 9.98534E-1 9.98972E-1 9.9918E-1 9.99637E-1 9.9933E-1 9.98759E-1 9.98168E-1 9.98541E-1 9.9878E-1 9.82919E-1 9.98979E-1 9.98124E-1
-9999 -9999 -9999 8.18451E-1 8.61921E-1 7.27544E-1 7.00376E-1 7.05399E-1 8.30454E-1 7.78217E-1 7.91354E-1 8.74394E-1 8.57673E-1 9.08685E-1 8.87226E-1 8.61874E-1 8.43E-1 8.56411E-1 8.65072E-1 9.54223E-1 9.72141E-1 9.7805E-1 9.20634E-1 9.14859E-1 8.79629E-1 9.70696E-1 9.74324E-1 9.69577E-1 9.57631E-1 9.68287E-1 9.71707E-1 9.63308E-1 9.84743E-1 9.92602E-1 9.89736E-1 9.86284E-1 9.76877E-1 9.81781E-1 9.8495E-1 9.92563E-1 9.94147E-1 9.95999E-1 9.97872E-1 9.95031E-1 9.97236E-1 9.95416E-1 9.89919E-1 9.90081E-1 9.91714E-1 9.95634E-1 9.95177E-1 9.97445E-1 9.99195E-1 9.98573E-1 9.97057E-1 9.98105E-1 9.98552E-1 9.98831E-1 9.99467E-1 9.91762E-1 9.99407E-1 9.93271E-1 9.97918E-1 9.95662E-1 9.97457E-1 9.97742E-1 9.94393E-1
-9999 -9999 -9999 8.14663E-1 8.28158E-1 7.82865E-1 8.51105E-1 8.73658E-1 8.42557E-1 8.6121E-1 9.25983E-1 8.79386E-1 8.35434E-1 9.30836E-1 9.21259E-1 8.80374E-1 8.61511E-1 8.0043E-1 8.85838E-1 9.53024E-1 9.84649E-1 9.87866E-1 9.7109E-1 9.57258E-1 8.80864E-1 9.58353E-1 9.36528E-1 9.57781E-1 9.35664E-1 9.14693E-1 9.60927E-1 9.73117E-1 9.78342E-1 9.86059E-1 9.56877E-1 9.65966E-1 9.81401E-1 9.67174E-1 9.84566E-1 9.83208E-1 9.89722E-1 9.92534E-1 9.89832E-1 9.95799E-1 9.96135E-1 9.93065E-1 9.94311E-1 9.92541E-1 9.98343E-1 9.97076E-1 9.98132E-1 9.99311E-1 9.98876E-1 9.90645E-1 9.92109E-1 9.92944E-1 9.97722E-1 9.97787E-1 9.962E-1 9.86139E-1 9.97492E-1 9.99574E-1 9.84728E-1 9.95696E-1 9.82582E-1 9.80171E-1 9.89208E-1
-9999 -9999 7.49924E-1 9.14108E-1 8.58239E-1 6.88636E-1 8.32117E-1 8.52727E-1 8.7076E-1 8.94936E-1 8.76977E-1 8.60479E-1 8.61972E-1 9.31567E-1 9.14196E-1 9.62986E-1 9.56977E-1 8.79345E-1 8.4179E-1 8.86664E-1 9.36801E-1 9.26313E-1 9.75357E-1 9.56226E-1 9.35276E-1 9.44252E-1 9.31206E-1 9.64062E-1 9.3554E-1 9.83437E-1 9.76697E-1 9.75844E-1 9.77219E-1 9.84155E-1 9.83312E-1 9.79418E-1 9.80237E-1 9.76519E-1 9.79754E-1 9.80027E-1 9.89497E-1 9.85465E-1 9.92169E-1 9.92906E-1 9.87265E-1 9.88542E-1 9.93426E-1 9.97926E-1 9.98467E-1 9.98692E-1 9.99645E-1 9.94783E-1 9.97453E-1 9.7387E-1 9.97364E-1 9.95092E-1 9.96753E-1 9.9527E-1 9.94079E-1 9.96525E-1 9.98828E-1 9.99323E-1 9.88785E-1 9.78711E-1 9.89902E-1 9.74174E-1 9.80168E-1
-9999 -9999 -9999 9.59897E-1 9.1196E-1 7.94675E-1 8.27036E-1 8.80236E-1 9.22062E-1 9.5687E-1 9.2422E-1 8.7223E-1 9.44577E-1 9.47774E-1 9.00101E-1 8.65172E-1 8.88405E-1 7.77733E-1 7.79609E-1 6.6259E-1 8.29569E-1 8.60582E-1 8.90797E-1 9.42238E-1 8.69862E-1 9.25889E-1 9.64285E-1 9.54829E-1 9.90907E-1 9.90106E-1 9.71241E-1 9.756E-1 9.81942E-1 9.73057E-1 9.80651E-1 9.81411E-1 9.90653E-1 9.88235E-1 9.89323E-1 9.90113E-1 9.86768E-1 9.91884E-1 9.87936E-1 9.92456E-1 9.91503E-1 9.84275E-1 9.93503E-1 9.97706E-1 9.99393E-1 9.96678E-1 9.98885E-1 9.98778E-1 9.97699E-1 9.98236E-1 9.98864E-1 9.96656E-1 9.94179E-1 9.96425E-1 9.9623E-1 9.97797E-1 9.98863E-1 9.99273E-1 9.97867E-1 9.98619E-1 9.98224E-1 9.88329E-1 9.92414E-1
-9999 -9999 -9999 9.33472E-1 9.33926E-1 8.77938E-1 9.26374E-1 9.06586E-1 8.94941E-1 8.88151E-1 9.18699E-1 8.85266E-1 8.48009E-1 7.99071E-1 8.15616E-1 7.79244E-1 7.40485E-1 6.46324E-1 7.4909E-1 6.58265E-1 6.80433E-1 8.3897E-1 8.68114E-1 8.56696E-1 8.89961E-1 8.17642E-1 9.17918E-1 9.04928E-1 9.38755E-1 9.66053E-1 9.64537E-1 9.57365E-1 9.7925E-1 9.81061E-1 9.50051E-1 9.74725E-1 9.85777E-1 9.93771E-1 9.90322E-1 9.87624E-1 9.92329E-1 9.91996E-1 9.7933E-1 9.87252E-1 9.85272E-1 9.9459E-1 9.90827E-1 9.97935E-1 9.9782E-1 9.98433E-1 9.9924E-1 9.98825E-1 9.99195E-1 9.97475E-1 9.96733E-1 9.97838E-1 9.97077E-1 9.96179E-1 9.98173E-1 9.98108E-1 9.98283E-1 9.98623E-1 9.9875E-1 9.98381E-1 9.98485E-1 9.73242E-1 9.97379E-1
-9999 -9999 -9999 9.03463E-1 9.74907E-1 7.43598E-1 8.79889E-1 8.7783E-1 8.59004E-1 8.04165E-1 8.69518E-1 8.47698E-1 7.46976E-1 6.09695E-1 6.09117E-1 6.5648E-1 6.66965E-1 6.50245E-1 6.62049E-1 7.73211E-1 7.91104E-1 8.22476E-1 8.24074E-1 8.54321E-1 8.58706E-1 8.13748E-1 8.90811E-1 8.9736E-1 8.19171E-1 8.71593E-1 9.3227E-1 9.24376E-1 9.35995E-1 9.66608E-1 9.76207E-1 9.74107E-1 9.81938E-1 9.92992E-1 9.90018E-1 9.88353E-1 9.90842E-1 9.90273E-1 9.80797E-1 9.72441E-1 9.76619E-1 9.74291E-1 9.90467E-1 9.95432E-1 9.96184E-1 9.98233E-1 9.97977E-1 9.97295E-1 9.98158E-1 9.9864E-1 9.99112E-1 9.9759E-1 9.96694E-1 9.97266E-1 9.97298E-1 9.97679E-1 9.98046E-1 9.98846E-1 9.98125E-1 9.83497E-1 9.9624E-1 9.84391E-1 9.72824E-1
-9999 -9999 -9999 8.95875E-1 9.26342E-1 8.43263E-1 9.1528E-1 8.21028E-1 7.99537E-1 7.08761E-1 7.79618E-1 7.12893E-1 7.3388E-1 6.56072E-1 5.52422E-1 6.64318E-1 6.29309E-1 4.99573E-1 6.95379E-1 7.50589E-1 7.74445E-1 7.28206E-1 7.92889E-1 7.58161E-1 7.91589E-1 8.07351E-1 8.80652E-1 8.91455E-1 8.82639E-1 8.98927E-1 9.67018E-1 9.74592E-1 9.5657E-1 9.43311E-1 9.72592E-1 9.74429E-1 9.83718E-1 9.91642E-1 9.77418E-1 9.8882E-1 9.90968E-1 9.87102E-1 9.78364E-1 9.76059E-1 9.78645E-1 9.86941E-1 9.9298E-1 9.90464E-1 9.9118E-1 9.9813E-1 9.97564E-1 9.96688E-1 9.9588E-1 9.9948E-1 9.99376E-1 9.9754E-1 9.96983E-1 9.94359E-1 9.96364E-1 9.9859E-1 9.96432E-1 9.96938E-1 9.98456E-1 9.96608E-1 9.63661E-1 9.69349E-1 9.68136E-1
-9999 -9999 9.07177E-1 9.22989E-1 8.9796E-1 7.34866E-1 8.92493E-1 8.90699E-1 7.55868E-1 7.42743E-1 7.87068E-1 7.75444E-1 7.8495E-1 7.16976E-1 6.94158E-1 6.4381E-1 5.90634E-1 5.0982E-1 6.14882E-1 7.80943E-1 7.64294E-1 8.72462E-1 8.75654E-1 8.39251E-1 8.24337E-1 8.83481E-1 8.64075E-1 7.89127E-1 9.2655E-1 9.11568E-1 9.4979E-1 9.71296E-1 9.65656E-1 9.51615E-1 9.55862E-1 9.4415E-1 9.81082E-1 9.87865E-1 9.82578E-1 9.88758E-1 9.86732E-1 9.86283E-1 9.77831E-1 9.70875E-1 9.83329E-1 9.79379E-1 9.90991E-1 9.8737E-1 9.85849E-1 9.95838E-1 9.95325E-1 9.9707E-1 9.91895E-1 9.94696E-1 9.9824E-1 9.96089E-1 9.95646E-1 9.93163E-1 9.95273E-1 9.99219E-1 9.96836E-1 9.98228E-1 9.96118E-1 9.95885E-1 9.85624E-1 9.85896E-1 9.88071E-1
-9999 -9999 8.5295E-1 7.86157E-1 8.58967E-1 7.78268E-1 8.27008E-1 7.36609E-1 7.22855E-1 7.10278E-1 7.38932E-1 7.38379E-1 7.70935E-1 7.53356E-1 6.8042E-1 7.36092E-1 7.67813E-1 6.89338E-1 6.63117E-1 7.35368E-1 8.6128E-1 9.25453E-1 8.44288E-1 8.40332E-1 8.37542E-1 8.3593E-1 8.70759E-1 8.9202E-1 8.87441E-1 9.33568E-1 9.34545E-1 9.50097E-1 9.58873E-1 9.7E-1 9.51017E-1 9.61207E-1 9.74589E-1 9.82738E-1 9.82575E-1 9.89851E-1 9.82309E-1 9.89071E-1 9.75749E-1 9.89291E-1 9.89363E-1 9.86219E-1 9.91202E-1 9.77952E-1 9.81119E-1 9.94852E-1 9.94777E-1 9.94142E-1 9.91947E-1 9.88305E-1 9.88897E-1 9.97631E-1 9.98378E-1 9.95571E-1 9.9531E-1 9.97246E-1 9.9789E-1 9.97145E-1 9.78611E-1 9.89735E-1 9.83681E-1 9.66138E-1 9.99662E-1
-9999 -9999 8.26248E-1 8.08748E-1 7.77331E-1 8.4499E-1 8.2905E-1 7.58044E-1 6.14813E-1 5.98921E-1 5.69753E-1 7.36278E-1 6.29034E-1 7.253E-1 7.04343E-1 7.19933E-1 7.36671E-1 7.0449E-1 7.69517E-1 8.50883E-1 7.87278E-1 8.35258E-1 8.94142E-1 8.53585E-1 8.07724E-1 9.10514E-1 8.9358E-1 8.89984E-1 9.43848E-1 9.44626E-1 9.34037E-1 9.51408E-1 9.47204E-1 9.49773E-1 9.64686E-1 9.48227E-1 9.85538E-1 9.53743E-1 9.40718E-1 9.67944E-1 9.89514E-1 9.88509E-1 9.85011E-1 9.86395E-1 9.82201E-1 9.83142E-1 9.89033E-1 9.8773E-1 9.95421E-1 9.92811E-1 9.98184E-1 9.9718E-1 9.98443E-1 9.72642E-1 9.89907E-1 9.77703E-1 9.94739E-1 9.97141E-1 9.92317E-1 9.98264E-1 9.98298E-1 9.99258E-1 9.86017E-1 9.98769E-1 9.93386E-1 9.49614E-1 9.99687E-1
-9999 -9999 8.54501E-1 8.26297E-1 7.18301E-1 8.15233E-1 8.0752E-1 7.11995E-1 7.67705E-1 7.77895E-1 8.39213E-1 7.23875E-1 6.62152E-1 6.72874E-1 7.35444E-1 7.17549E-1 7.37959E-1 8.05562E-1 8.22911E-1 8.00418E-1 7.61906E-1 7.37248E-1 7.8262E-1 8.45945E-1 8.92484E-1 9.026E-1 7.88586E-1 8.8291E-1 9.45675E-1 9.47349E-1 9.37319E-1 9.78308E-1 9.56146E-1 9.085E-1 9.66167E-1 9.7394E-1 9.8067E-1 9.62172E-1 9.55687E-1 9.71572E-1 9.59784E-1 9.18335E-1 9.72833E-1 9.82751E-1 9.84017E-1 9.83358E-1 9.77489E-1 9.8715E-1 9.94135E-1 9.96805E-1 9.94616E-1 9.96088E-1 9.94912E-1 9.96502E-1 9.98418E-1 9.975E-1 9.89372E-1 9.95791E-1 9.95829E-1 9.94054E-1 9.99004E-1 9.97636E-1 9.74797E-1 9.97881E-1 9.93957E-1 9.80777E-1 9.77087E-1
-9999 -9999 9.35544E-1 8.77289E-1 7.58901E-1 8.72305E-1 8.16424E-1 7.43869E-1 7.24126E-1 8.74355E-1 8.42368E-1 8.53687E-1 8.10998E-1 8.30935E-1 6.54849E-1 7.15058E-1 7.2687E-1 7.77152E-1 7.91901E-1 7.8715E-1 7.4662E-1 7.84616E-1 8.3E-1 8.67669E-1 8.88101E-1 9.21141E-1 8.72192E-1 7.96495E-1 9.1489E-1 8.95384E-1 9.4528E-1 9.33209E-1 9.52708E-1 9.54624E-1 9.73067E-1 9.75676E-1 9.80979E-1 9.60563E-1 9.3937E-1 9.71838E-1 9.65387E-1 9.46089E-1 9.61176E-1 9.62751E-1 9.64878E-1 9.67824E-1 9.72759E-1 9.72958E-1 9.87745E-1 9.95641E-1 9.86701E-1 9.89942E-1 9.92562E-1 9.96608E-1 9.87466E-1 9.93498E-1 9.97895E-1 9.96419E-1 9.93993E-1 9.98189E-1 9.97801E-1 9.99502E-1 9.98532E-1 9.90652E-1 9.95133E-1 9.64529E-1 9.89298E-1
