ENM/Final_Models/M_1_F_qp_Set_1_E/Gustavia_santanderiensis_Choco_median.asc
ncols         367
nrows         963
xllcorner     -78.6
yllcorner     0.65
cellsize      0.00833333333333323
NODATA_value  -9999
[rows 99 to 131 of 963, columns 222 to 295 of 367]
1.11124E-1 2.30427E-1 2.17501E-1 3.88984E-1 5.94464E-1 5.13909E-1 8.65112E-1 9.00823E-1 7.64579E-1 9.88427E-1 8.93975E-1 9.21733E-1 -9999 -9999 -9999 -9999 -9999 -9999 -9999 -9999 -9999 5.5885E-1 5.55945E-1 2.63885E-1 1.25802E-1 1.36022E-1 5.47687E-2 7.71236E-2 8.85117E-2 1.24328E-1 1.96327E-1 2.62358E-1 1.52846E-1 1.15925E-1 1.13171E-1 -9999 -9999 -9999 -9999 -9999 -9999 -9999 -9999 -9999 -9999 -9999 -9999 -9999 -9999 -9999 -9999 -9999 -9999 -9999 -9999 -9999 -9999 -9999 -9999 -9999 -9999 -9999 -9999 -9999 -9999 7.45074E-2 8.44815E-2 3.26263E-2 3.95313E-2 4.70231E-2 5.03914E-2 4.20084E-2 7.77002E-2 8.41217E-2
1.17451E-1 1.40284E-1 4.4425E-1 5.25432E-1 5.15665E-1 3.85523E-1 7.29995E-1 9.62533E-1 9.25816E-1 9.79469E-1 6.90945E-1 9.78532E-1 9.76448E-1 -9999 -9999 -9999 -9999 -9999 -9999 -9999 -9999 5.52325E-1 4.88752E-1 3.92108E-1 1.50749E-1 1.67301E-1 1.27074E-1 1.11023E-1 1.06669E-1 2.64408E-1 2.2433E-1 2.53412E-1 1.52124E-1 2.26484E-1 2.88538E-1 -9999 -9999 -9999 -9999 -9999 -9999 -9999 -9999 -9999 -9999 -9999 -9999 -9999 -9999 -9999 -9999 -9999 -9999 -9999 -9999 -9999 -9999 -9999 -9999 -9999 -9999 -9999 -9999 -9999 -9999 9.94929E-2 7.21124E-2 7.38057E-2 6.75568E-2 6.38096E-2 8.79747E-2 8.84667E-2 5.75754E-2 7.35695E-2
1.02146E-1 2.44543E-1 4.13745E-1 6.14859E-1 7.37649E-1 7.53121E-1 8.46638E-1 9.61537E-1 9.90383E-1 7.6057E-1 8.18112E-1 8.97637E-1 8.44932E-1 7.66905E-1 -9999 -9999 -9999 -9999 -9999 -9999 -9999 -9999 4.40682E-1 2.8909E-1 1.89678E-1 2.1776E-1 1.95889E-1 1.47488E-1 9.67485E-2 2.64881E-1 3.64343E-1 3.5318E-1 2.96617E-1 2.64395E-1 3.73997E-1 2.30554E-1 -9999 -9999 -9999 -9999 -9999 -9999 -9999 -9999 -9999 -9999 -9999 -9999 -9999 -9999 -9999 -9999 -9999 -9999 -9999 -9999 -9999 -9999 -9999 -9999 -9999 -9999 -9999 -9999 -9999 -9999 1.67976E-1 8.4103E-2 1.03699E-1 9.10433E-2 8.65191E-2 1.20794E-1 3.53248E-1 3.23897E-1
1.51934E-1 2.44267E-1 2.47849E-1 5.85492E-1 8.4007E-1 9.54447E-1 8.774E-1 9.95115E-1 8.63464E-1 7.90735E-1 9.70391E-1 9.65099E-1 8.22763E-1 5.86865E-1 6.05425E-1 -9999 -9999 -9999 -9999 -9999 -9999 -9999 4.88192E-1 5.28956E-1 6.02681E-1 1.66188E-1 2.39626E-1 1.56947E-1 1.09121E-1 1.49601E-1 1.39972E-1 2.39902E-1 2.13977E-1 2.54936E-1 1.56334E-1 -9999 -9999 -9999 -9999 -9999 -9999 -9999 -9999 -9999 -9999 -9999 -9999 -9999 -9999 -9999 -9999 -9999 -9999 -9999 -9999 -9999 -9999 -9999 -9999 -9999 -9999 -9999 -9999 -9999 -9999 -9999 1.10596E-1 1.6725E-1 1.28172E-1 1.27115E-1 1.1885E-1 2.06537E-1 4.02087E-1 4.66145E-1
1.91642E-1 1.11573E-1 1.91995E-1 6.30131E-1 8.85038E-1 8.83156E-1 8.3251E-1 9.91572E-1 8.65537E-1 7.16435E-1 8.90995E-1 8.98291E-1 8.49654E-1 7.94914E-1 6.63452E-1 4.15932E-1 4.26442E-1 -9999 -9999 -9999 -9999 -9999 3.75827E-1 4.53411E-1 5.38481E-1 2.51672E-1 1.73106E-1 1.90866E-1 1.47021E-1 2.03232E-1 2.25064E-1 1.36653E-1 1.44128E-1 2.08047E-1 1.36275E-1 -9999 -9999 -9999 -9999 -9999 -9999 -9999 -9999 -9999 -9999 -9999 -9999 -9999 -9999 -9999 -9999 -9999 -9999 -9999 -9999 -9999 -9999 -9999 -9999 -9999 -9999 -9999 -9999 -9999 -9999 -9999 1.10297E-1 8.87978E-2 1.90512E-1 1.72273E-1 1.0863E-1 2.36762E-1 3.59322E-1 3.84737E-1
1.21078E-1 1.24542E-1 9.48767E-2 3.93054E-1 7.37421E-1 4.99324E-1 8.48553E-1 9.95051E-1 7.42968E-1 6.12294E-1 8.55279E-1 9.60843E-1 7.77866E-1 6.04159E-1 7.53031E-1 6.885E-1 3.9801E-1 4.19504E-1 -9999 -9999 -9999 -9999 4.84881E-1 3.09846E-1 2.38627E-1 1.63349E-1 2.05604E-1 1.33583E-1 3.54027E-1 3.62192E-1 2.71776E-1 1.76538E-1 1.20774E-1 2.99065E-1 -9999 -9999 -9999 -9999 -9999 -9999 -9999 -9999 -9999 -9999 -9999 -9999 -9999 -9999 -9999 -9999 -9999 -9999 -9999 -9999 -9999 -9999 -9999 -9999 -9999 -9999 -9999 -9999 -9999 -9999 -9999 -9999 1.54028E-1 1.45226E-1 2.43058E-1 2.71E-1 2.31119E-1 3.52375E-1 5.79746E-1 6.32777E-1
2.1499E-1 9.0425E-2 7.66324E-2 2.0594E-1 5.55129E-1 5.22925E-1 7.25457E-1 7.73379E-1 4.80183E-1 8.99791E-1 7.08153E-1 6.75326E-1 7.21874E-1 6.48226E-1 3.99986E-1 1.91888E-1 5.27661E-1 4.97865E-1 4.85697E-1 5.83355E-1 -9999 -9999 -9999 -9999 -9999 9.11406E-2 1.28513E-1 2.93534E-1 4.36982E-1 2.70072E-1 2.53594E-1 2.24036E-1 3.99611E-1 4.4375E-1 -9999 -9999 -9999 -9999 -9999 -9999 -9999 -9999 -9999 -9999 -9999 -9999 -9999 -9999 -9999 -9999 -9999 -9999 -9999 -9999 -9999 -9999 -9999 -9999 -9999 -9999 -9999 -9999 -9999 -9999 -9999 -9999 -9999 -9999 -9999 2.17537E-1 4.38061E-1 3.53735E-1 4.83639E-1 5.01186E-1
1.01232E-1 1.46894E-1 3.3296E-1 3.17159E-1 6.47284E-1 5.72903E-1 4.2595E-1 2.65481E-1 4.97472E-1 7.48912E-1 7.645E-1 7.44455E-1 5.19448E-1 4.17182E-1 2.86679E-1 2.58514E-1 2.96016E-1 4.93819E-1 5.65143E-1 7.02043E-1 5.14223E-1 -9999 -9999 -9999 -9999 2.26083E-1 2.41181E-1 4.12086E-1 4.77222E-1 3.00278E-1 2.98505E-1 2.53604E-1 2.68892E-1 2.75077E-1 -9999 -9999 -9999 -9999 -9999 -9999 -9999 -9999 -9999 -9999 -9999 -9999 -9999 -9999 -9999 -9999 -9999 -9999 -9999 -9999 -9999 -9999 -9999 -9999 -9999 -9999 -9999 -9999 -9999 -9999 -9999 -9999 -9999 -9999 -9999 -9999 6.57131E-1 6.41883E-1 3.60926E-1 4.69857E-1
1.25716E-1 2.87191E-1 4.63044E-1 4.42265E-1 6.20871E-1 6.55788E-1 6.43136E-1 4.15285E-1 3.17895E-1 6.59191E-1 7.4258E-1 7.60471E-1 5.18353E-1 4.19397E-1 4.46624E-1 3.77369E-1 3.14798E-1 4.06163E-1 4.80022E-1 5.75364E-1 5.46819E-1 7.0771E-1 -9999 -9999 -9999 -9999 -9999 -9999 5.71107E-1 5.23943E-1 2.60231E-1 2.36718E-1 1.22971E-1 -9999 -9999 -9999 -9999 -9999 -9999 -9999 -9999 -9999 -9999 -9999 -9999 -9999 -9999 -9999 -9999 -9999 -9999 -9999 -9999 -9999 -9999 -9999 -9999 -9999 -9999 -9999 -9999 -9999 -9999 -9999 -9999 -9999 -9999 -9999 -9999 -9999 3.72957E-1 6.52085E-1 4.96679E-1 3.64919E-1
1.95325E-1 5.32002E-1 5.42569E-1 3.89338E-1 4.3367E-1 5.60102E-1 5.60229E-1 4.98084E-1 4.43359E-1 4.97082E-1 9.13078E-1 8.04195E-1 7.87924E-1 4.31736E-1 6.86372E-1 7.16584E-1 6.31738E-1 4.78809E-1 4.65278E-1 5.48677E-1 6.06524E-1 5.54172E-1 6.25967E-1 -9999 -9999 -9999 -9999 2.08537E-1 4.19993E-1 1.80489E-1 1.53937E-1 1.33307E-1 7.22951E-2 -9999 -9999 -9999 -9999 -9999 -9999 -9999 -9999 -9999 -9999 -9999 -9999 -9999 -9999 -9999 -9999 -9999 -9999 -9999 -9999 -9999 -9999 -9999 -9999 -9999 -9999 -9999 -9999 -9999 -9999 -9999 -9999 -9999 -9999 -9999 -9999 1.6252E-1 1.92768E-1 3.17601E-1 7.86485E-1 4.74948E-1
2.47645E-1 5.76545E-1 4.83942E-1 5.70327E-1 4.87885E-1 4.6893E-1 7.54365E-1 6.09487E-1 5.70576E-1 4.47016E-1 9.64288E-1 8.3813E-1 7.7305E-1 1.88703E-1 3.01536E-1 4.3832E-1 4.11972E-1 4.33792E-1 4.80416E-1 8.21751E-1 5.69515E-1 7.06437E-1 6.75065E-1 6.51668E-1 5.12945E-1 -9999 -9999 3.09688E-1 5.01959E-1 6.93457E-2 2.47766E-2 4.00552E-2 7.84381E-2 -9999 -9999 -9999 -9999 -9999 -9999 -9999 -9999 -9999 -9999 -9999 -9999 -9999 -9999 -9999 -9999 -9999 -9999 4.61973E-2 -9999 -9999 -9999 -9999 -9999 -9999 -9999 -9999 -9999 -9999 -9999 -9999 -9999 -9999 -9999 -9999 -9999 9.25437E-2 1.15313E-1 2.24495E-1 3.37043E-1 3.60673E-1
1.87611E-1 5.11988E-1 4.938E-1 6.57213E-1 4.3238E-1 5.88211E-1 5.68966E-1 6.85583E-1 4.74459E-1 6.33928E-1 9.95506E-1 5.01038E-1 8.35347E-1 6.94715E-1 6.8033E-1 7.46031E-1 5.52499E-1 5.55543E-1 6.20677E-1 4.47235E-1 7.68362E-1 7.36438E-1 8.60706E-1 8.54783E-1 5.71893E-1 3.32373E-1 4.35389E-1 4.636E-1 2.85988E-1 8.4964E-2 1.64499E-2 3.86112E-2 3.03272E-2 -9999 -9999 -9999 -9999 -9999 -9999 -9999 -9999 -9999 -9999 -9999 -9999 -9999 -9999 -9999 2.57836E-2 -9999 -9999 5.05002E-2 -9999 -9999 -9999 -9999 -9999 -9999 -9999 -9999 -9999 -9999 -9999 -9999 -9999 -9999 -9999 -9999 -9999 -9999 6.54292E-2 1.77782E-1 2.6675E-1 5.61124E-1
1.79908E-1 1.89641E-1 3.12176E-1 6.02573E-1 6.87316E-1 4.5317E-1 3.89199E-1 6.32537E-1 5.07812E-1 6.86366E-1 9.38403E-1 6.77467E-1 6.05645E-1 7.61432E-1 5.15016E-1 6.08537E-1 7.41649E-1 7.8233E-1 9.6587E-1 7.74233E-1 5.0267E-1 6.17141E-1 5.85113E-1 6.62257E-1 5.24137E-1 3.52278E-1 4.89852E-1 4.13682E-1 3.53583E-1 1.76654E-1 3.24819E-2 6.99112E-2 8.97711E-2 3.15586E-2 -9999 -9999 -9999 -9999 -9999 -9999 -9999 -9999 -9999 -9999 -9999 -9999 -9999 2.49825E-2 1.75457E-2 -9999 -9999 9.30299E-2 -9999 -9999 -9999 -9999 -9999 -9999 -9999 -9999 -9999 -9999 -9999 -9999 -9999 -9999 -9999 -9999 -9999 -9999 -9999 2.75121E-2 3.99784E-2 6.52669E-2
1.54874E-1 2.95173E-1 3.07413E-1 7.94882E-1 5.90326E-1 3.59798E-1 2.31046E-1 2.98833E-1 5.24267E-1 5.08544E-1 5.59625E-1 5.5199E-1 6.86279E-1 4.84323E-1 6.65434E-1 3.8443E-1 3.59999E-1 5.72164E-1 8.03193E-1 8.06475E-1 6.17505E-1 8.03787E-1 6.07302E-1 3.77169E-1 5.65364E-1 4.56302E-1 4.56987E-1 1.93123E-1 1.88322E-1 1.37548E-1 1.07477E-1 6.79847E-2 9.56424E-2 2.25859E-1 -9999 -9999 -9999 -9999 -9999 -9999 -9999 -9999 -9999 -9999 -9999 -9999 -9999 5.48098E-2 2.28302E-2 -9999 5.3576E-2 6.48289E-2 -9999 -9999 -9999 -9999 -9999 -9999 -9999 -9999 -9999 -9999 -9999 -9999 -9999 -9999 -9999 -9999 -9999 -9999 -9999 2.15942E-2 2.49708E-2 2.70949E-2
2.26203E-1 3.47455E-1 4.45296E-1 6.78594E-1 5.71954E-1 4.53339E-1 5.34005E-1 5.36849E-1 4.81762E-1 4.34206E-1 3.99999E-1 3.38761E-1 5.15836E-1 5.3768E-1 4.30102E-1 6.66517E-1 4.93431E-1 2.95728E-1 3.86128E-1 5.42761E-1 7.00223E-1 6.45347E-1 6.5843E-1 7.75606E-1 5.96458E-1 3.29457E-1 3.0618E-1 1.41585E-1 8.80568E-2 5.23101E-2 4.32122E-2 4.86898E-2 7.01348E-2 1.79508E-1 1.94044E-1 -9999 -9999 -9999 -9999 -9999 -9999 -9999 -9999 -9999 -9999 -9999 7.54063E-2 1.61861E-1 5.72605E-2 8.09882E-2 6.40294E-2 1.31095E-1 -9999 -9999 -9999 -9999 -9999 -9999 -9999 -9999 -9999 -9999 -9999 -9999 -9999 -9999 -9999 -9999 -9999 -9999 -9999 -9999 -9999 -9999
2.95234E-1 4.77086E-1 3.61255E-1 4.63334E-1 4.51457E-1 4.94227E-1 5.41154E-1 4.05345E-1 4.14099E-1 4.7859E-1 5.56529E-1 4.28355E-1 4.48659E-1 4.83346E-1 4.38955E-1 5.19878E-1 4.32177E-1 3.21076E-1 4.65234E-1 4.79546E-1 4.80508E-1 4.4145E-1 7.3232E-1 8.10117E-1 3.77865E-1 1.79432E-1 1.25692E-1 1.67257E-1 5.8525E-2 5.19772E-2 2.91041E-2 4.44558E-2 6.08987E-2 1.18697E-1 1.93982E-1 -9999 -9999 -9999 -9999 -9999 -9999 -9999 4.75489E-1 3.46865E-1 -9999 -9999 1.27445E-1 9.15886E-2 4.25687E-2 1.61891E-1 1.31819E-1 8.70396E-2 1.1082E-1 -9999 -9999 -9999 -9999 -9999 -9999 -9999 -9999 -9999 -9999 -9999 -9999 -9999 -9999 -9999 -9999 -9999 -9999 -9999 -9999 -9999
2.53237E-1 3.05768E-1 3.52236E-1 3.56042E-1 1.29618E-1 1.9271E-1 2.39113E-1 2.3666E-1 3.10139E-1 3.77824E-1 5.06522E-1 4.51777E-1 3.75958E-1 4.56462E-1 4.30828E-1 5.90159E-1 3.74535E-1 4.57964E-1 4.47579E-1 5.81789E-1 4.02093E-1 2.86057E-1 5.80598E-1 7.46819E-1 5.70636E-1 1.50475E-1 1.04896E-1 7.63776E-2 1.06361E-1 6.94782E-2 5.02819E-2 3.74064E-2 6.06075E-2 1.30157E-1 1.99884E-1 -9999 -9999 -9999 -9999 -9999 -9999 -9999 3.6573E-1 4.4816E-1 2.11564E-1 -9999 1.99251E-1 1.67812E-1 6.00956E-2 9.62757E-2 3.48171E-2 1.19651E-1 -9999 -9999 -9999 -9999 -9999 -9999 -9999 -9999 -9999 -9999 -9999 -9999 -9999 -9999 -9999 -9999 -9999 -9999 -9999 -9999 -9999 1.38952E-2
1.90815E-1 2.25756E-1 3.35475E-1 2.66711E-1 1.44648E-1 1.3795E-1 1.81518E-1 2.13955E-1 2.54016E-1 2.48956E-1 3.02539E-1 4.28052E-1 3.89893E-1 2.94427E-1 4.2387E-1 5.49626E-1 5.50073E-1 7.18433E-1 4.54868E-1 5.52495E-1 3.78695E-1 2.64408E-1 5.14787E-1 8.02214E-1 4.43027E-1 1.46386E-1 1.94238E-1 1.17914E-1 1.65441E-1 6.65999E-2 5.45546E-2 5.26519E-2 7.63783E-2 1.10787E-1 2.66498E-1 3.98156E-1 -9999 -9999 -9999 -9999 -9999 -9999 -9999 4.25851E-1 1.81509E-1 1.21737E-1 2.65321E-1 2.63286E-1 6.30606E-2 9.34902E-2 1.10827E-1 1.42593E-1 -9999 -9999 -9999 -9999 -9999 -9999 -9999 -9999 -9999 -9999 -9999 -9999 -9999 -9999 -9999 -9999 -9999 -9999 -9999 -9999 -9999 1.48861E-2
2.48704E-1 2.4899E-1 2.25398E-1 3.52724E-1 2.34924E-1 2.56046E-1 2.4591E-1 2.55867E-1 2.88111E-1 2.94877E-1 3.82988E-1 4.64534E-1 2.77007E-1 3.66977E-1 3.1499E-1 2.47159E-1 3.40416E-1 6.72918E-1 3.67578E-1 3.91738E-1 3.55558E-1 2.10861E-1 4.16002E-1 8.06959E-1 7.18745E-1 1.56711E-1 2.19477E-1 2.43811E-1 9.85475E-2 6.40664E-2 9.03883E-2 7.4572E-2 1.45376E-1 2.02914E-1 1.47153E-1 3.05486E-1 -9999 -9999 -9999 -9999 -9999 -9999 -9999 3.30464E-1 1.3672E-1 1.74274E-1 1.61023E-1 1.96767E-1 8.38776E-2 6.10286E-2 1.2523E-1 4.02082E-2 -9999 -9999 -9999 -9999 -9999 -9999 -9999 -9999 -9999 -9999 -9999 -9999 -9999 -9999 -9999 -9999 -9999 -9999 -9999 -9999 1.66837E-2 1.50416E-2
2.00927E-1 2.13057E-1 1.92803E-1 2.55175E-1 3.35241E-1 2.84961E-1 2.89564E-1 2.40141E-1 3.104E-1 2.14641E-1 4.71054E-1 4.62653E-1 2.609E-1 1.94221E-1 2.53751E-1 4.30379E-1 3.91515E-1 3.69019E-1 4.74655E-1 4.63041E-1 4.26022E-1 3.05219E-1 5.7308E-1 7.40084E-1 4.49559E-1 3.2873E-1 3.0251E-1 2.89434E-1 1.19697E-1 4.30975E-2 1.02472E-1 5.45584E-2 1.67137E-1 2.57661E-1 3.19701E-1 1.63637E-1 -9999 -9999 -9999 -9999 -9999 -9999 -9999 -9999 1.26184E-1 2.78364E-1 2.98447E-1 4.09233E-1 2.28565E-1 1.05299E-1 1.41005E-1 2.79078E-2 -9999 -9999 -9999 -9999 -9999 -9999 -9999 -9999 -9999 -9999 -9999 -9999 -9999 -9999 -9999 -9999 -9999 -9999 -9999 -9999 -9999 -9999
1.30937E-1 1.24673E-1 3.04911E-1 1.88868E-1 2.21915E-1 2.47302E-1 3.97206E-1 6.2215E-1 6.16129E-1 6.19796E-1 3.91708E-1 4.37453E-1 3.32771E-1 5.50413E-1 5.58602E-1 5.79518E-1 5.45057E-1 5.55701E-1 4.43844E-1 4.28018E-1 3.86514E-1 3.92707E-1 2.47576E-1 5.34521E-1 3.55496E-1 3.37072E-1 3.8321E-1 3.47696E-1 3.46531E-1 1.42875E-1 8.8959E-2 1.08652E-1 1.28489E-1 1.04171E-1 7.80107E-2 1.70279E-1 1.11462E-1 1.66741E-1 -9999 -9999 -9999 -9999 -9999 -9999 -9999 2.26336E-1 2.79222E-1 3.13629E-1 1.24746E-1 1.69138E-1 1.44301E-1 1.1667E-1 -9999 -9999 -9999 -9999 -9999 -9999 -9999 -9999 -9999 -9999 -9999 -9999 -9999 -9999 -9999 -9999 -9999 -9999 -9999 -9999 -9999 -9999
1.2343E-1 1.90034E-1 2.44382E-1 1.73597E-1 1.53003E-1 2.46073E-1 4.55753E-1 1.66618E-1 5.85243E-2 4.35708E-1 7.95164E-1 6.34786E-1 5.61706E-1 5.49416E-1 5.63682E-1 6.85332E-1 5.64464E-1 6.43833E-1 5.29111E-1 5.09213E-1 4.1944E-1 4.03085E-1 2.55269E-1 3.29697E-1 3.6653E-1 2.85547E-1 2.08971E-1 1.18707E-1 1.3984E-1 1.44671E-1 8.0618E-2 5.74891E-2 1.04481E-1 1.2724E-1 1.33916E-1 1.95195E-1 1.57577E-1 2.4929E-1 -9999 -9999 -9999 -9999 -9999 -9999 -9999 2.86231E-1 2.90712E-1 1.83297E-1 2.31991E-1 8.89245E-2 1.81476E-1 8.69729E-2 -9999 -9999 -9999 -9999 -9999 -9999 -9999 -9999 -9999 -9999 -9999 -9999 -9999 -9999 -9999 -9999 -9999 -9999 -9999 -9999 -9999 -9999
1.4E-1 9.27158E-2 1.74651E-1 1.76212E-1 2.85679E-1 1.66383E-1 5.92269E-1 8.95344E-2 6.50511E-2 1.47327E-1 5.08838E-1 6.67208E-1 4.62526E-1 3.63362E-1 4.59803E-1 4.29789E-1 6.16808E-1 5.67694E-1 6.78799E-1 4.47918E-1 3.12125E-1 5.11886E-1 4.13367E-1 3.70633E-1 3.77013E-1 1.61055E-1 1.73372E-1 9.26806E-2 7.19761E-2 9.28197E-2 2.76628E-2 4.94634E-2 5.11897E-2 1.60298E-1 1.6142E-1 2.45365E-1 2.86064E-1 1.90893E-1 1.25836E-1 -9999 -9999 -9999 -9999 -9999 -9999 3.74362E-1 2.72604E-1 2.38068E-1 7.80087E-2 6.70581E-2 9.07439E-2 4.77026E-2 -9999 -9999 -9999 -9999 -9999 -9999 -9999 -9999 -9999 -9999 -9999 -9999 -9999 -9999 -9999 -9999 -9999 -9999 -9999 -9999 -9999 -9999
1.85517E-1 1.33097E-1 2.81362E-1 1.9246E-1 1.88979E-1 1.42977E-1 3.62743E-1 4.38915E-1 2.52164E-1 2.96714E-1 8.32068E-1 6.76696E-1 4.93093E-1 3.2236E-1 3.09286E-1 4.44484E-1 5.47376E-1 4.34378E-1 4.98134E-1 3.48532E-1 6.39164E-1 5.50693E-1 4.50341E-1 3.9073E-1 2.54498E-1 1.1052E-1 1.21751E-1 1.41494E-1 1.00929E-1 1.35927E-1 5.50274E-2 5.32974E-3 7.35528E-2 7.3352E-2 3.1577E-1 2.21006E-1 2.75315E-1 1.51223E-1 6.38755E-2 -9999 -9999 -9999 -9999 -9999 -9999 5.12339E-1 2.81033E-1 2.81218E-1 2.05433E-1 9.32372E-2 1.33796E-1 -9999 -9999 -9999 -9999 2.81531E-1 5.8927E-1 -9999 -9999 -9999 -9999 -9999 -9999 -9999 -9999 -9999 -9999 -9999 -9999 -9999 -9999 -9999 -9999 -9999
3.03903E-1 1.42198E-1 2.01506E-1 1.67389E-1 1.82949E-1 1.32986E-1 3.33386E-1 5.13071E-1 4.47952E-1 5.59872E-1 5.90004E-1 4.95367E-1 5.5537E-1 6.02279E-1 2.58881E-1 3.14944E-1 4.62021E-1 4.79821E-1 5.35323E-1 4.05561E-1 6.65672E-1 4.83756E-1 4.03414E-1 3.5502E-1 1.01572E-1 6.33624E-2 1.15548E-1 1.60138E-1 1.36353E-1 1.36877E-1 5.05072E-2 1.59634E-2 1.28632E-1 1.62223E-1 2.44107E-1 3.30658E-1 1.71302E-1 1.77604E-1 5.66171E-2 6.34736E-2 -9999 -9999 -9999 -9999 -9999 3.98346E-1 2.64911E-1 2.80108E-1 2.13715E-1 1.44483E-1 1.98213E-1 -9999 -9999 -9999 8.21759E-2 1.15035E-1 6.44253E-1 -9999 -9999 -9999 -9999 -9999 -9999 -9999 -9999 -9999 -9999 -9999 -9999 -9999 -9999 -9999 -9999 -9999
1.78163E-1 8.06583E-2 1.2006E-1 2.37427E-1 2.41657E-1 2.37165E-1 2.24523E-1 3.37871E-1 2.51151E-1 2.77893E-1 4.31348E-1 7.2371E-1 5.48163E-1 5.78068E-1 2.36611E-1 1.80005E-1 1.80927E-1 2.99168E-1 5.78619E-1 4.81804E-1 4.373E-1 4.08424E-1 3.07208E-1 3.70872E-1 1.21903E-1 7.18701E-2 1.08645E-1 1.02782E-1 7.30939E-2 3.32265E-2 1.22541E-2 1.81411E-2 6.85282E-2 1.53607E-1 2.66168E-1 5.51448E-1 2.06523E-1 1.63677E-1 1.58764E-1 2.37623E-1 -9999 -9999 -9999 -9999 -9999 3.97127E-1 3.86575E-1 3.41549E-1 2.3907E-1 1.94997E-1 9.23753E-2 -9999 -9999 -9999 8.24399E-2 3.56919E-2 8.03372E-2 -9999 -9999 -9999 -9999 -9999 -9999 -9999 -9999 -9999 -9999 -9999 -9999 -9999 -9999 -9999 -9999 -9999
1.34356E-1 1.03205E-1 1.10226E-1 2.23487E-1 3.52044E-1 2.41151E-1 2.94882E-1 2.64905E-1 2.16163E-1 2.57471E-1 5.25782E-1 5.96671E-1 6.30191E-1 8.03248E-1 4.44064E-1 2.90176E-1 2.03096E-1 3.56078E-1 4.9166E-1 4.89983E-1 4.49397E-1 2.73513E-1 2.8761E-1 3.65574E-1 3.74411E-1 6.9586E-2 5.30456E-2 7.48595E-2 3.5868E-2 8.54369E-2 2.95819E-2 1.32562E-1 3.34062E-2 2.55008E-1 6.48642E-1 3.08134E-1 2.8053E-1 2.37828E-1 1.23936E-1 1.636E-1 1.87013E-1 -9999 -9999 -9999 -9999 4.78132E-1 3.30441E-1 3.49682E-1 2.88837E-1 1.37323E-1 8.13025E-2 -9999 -9999 -9999 7.01737E-2 4.96127E-2 1.94729E-2 -9999 -9999 -9999 -9999 -9999 -9999 1.16613E-2 1.75533E-2 -9999 -9999 -9999 -9999 -9999 -9999 -9999 -9999 -9999
1.69483E-1 1.23369E-1 1.35715E-1 1.66786E-1 1.52464E-1 1.65003E-1 1.80188E-1 1.99369E-1 5.40561E-1 5.41793E-1 6.6805E-1 6.06125E-1 7.42156E-1 8.02978E-1 4.63638E-1 4.01042E-1 2.14963E-1 2.67056E-1 4.23532E-1 4.36613E-1 2.46236E-1 2.2281E-1 2.584E-1 4.64236E-1 1.91241E-1 1.00325E-1 1.78964E-1 8.49296E-2 7.66966E-2 5.38949E-2 1.5795E-1 1.0841E-1 1.6248E-1 3.65899E-1 4.91407E-1 1.71289E-1 1.52666E-1 3.01281E-1 1.96952E-1 2.50046E-1 2.69879E-1 -9999 -9999 -9999 5.34248E-1 4.50192E-1 3.28008E-1 1.80703E-1 1.98191E-1 4.2549E-1 2.49555E-1 -9999 -9999 2.66444E-2 4.97664E-2 5.68228E-2 8.11253E-2 -9999 -9999 -9999 -9999 -9999 -9999 6.53153E-2 2.06872E-2 -9999 -9999 -9999 -9999 -9999 -9999 -9999 -9999 -9999
1.62546E-1 2.05957E-1 1.60169E-1 1.67415E-1 1.9762E-1 1.15141E-1 1.22791E-1 1.58509E-1 3.34933E-1 3.96201E-1 6.59952E-1 4.55979E-1 8.09742E-1 8.62605E-1 5.07848E-1 4.27141E-1 3.36513E-1 2.00929E-1 2.06937E-1 2.75612E-1 4.29152E-1 4.22582E-1 2.71178E-1 2.76589E-1 3.19035E-1 2.16745E-1 1.40693E-1 1.028E-1 9.51362E-2 5.83028E-2 1.37646E-1 1.09589E-1 1.60797E-1 3.34534E-1 5.14092E-1 4.83887E-1 3.82625E-1 2.27131E-1 1.60831E-1 1.71839E-1 2.26476E-1 1.77037E-1 -9999 -9999 4.91679E-1 3.96987E-1 2.83783E-1 1.65121E-1 1.65832E-1 2.4887E-1 2.82259E-1 -9999 -9999 4.51777E-2 4.2551E-2 2.30406E-2 6.27192E-2 -9999 -9999 -9999 -9999 -9999 -9999 1.57225E-1 1.44874E-1 -9999 -9999 -9999 -9999 -9999 -9999 -9999 -9999 -9999
1.76922E-1 1.12753E-1 1.76619E-1 1.11055E-1 1.60828E-1 1.14573E-1 1.3429E-1 1.5088E-1 2.76949E-1 2.4401E-1 3.19207E-1 7.47712E-1 8.00765E-1 8.60032E-1 6.28846E-1 4.18251E-1 3.27445E-1 2.34876E-1 2.08753E-1 2.85669E-1 2.63063E-1 3.28498E-1 2.49693E-1 3.68626E-1 3.74679E-1 9.24547E-2 1.4765E-1 1.10472E-1 4.34235E-2 4.90468E-2 1.05131E-1 8.7637E-2 1.98416E-1 2.61739E-1 3.90322E-1 4.67333E-1 4.63407E-1 4.56094E-1 3.09138E-1 1.8053E-1 2.28892E-1 1.60408E-1 -9999 -9999 2.3091E-1 3.33712E-1 3.59098E-1 3.18217E-1 2.5364E-1 1.63103E-1 2.26664E-1 1.44999E-1 3.00646E-2 2.22321E-2 2.32881E-2 2.48369E-2 2.4395E-2 -9999 -9999 -9999 -9999 -9999 -9999 2.73524E-1 1.313E-1 6.71414E-2 -9999 -9999 -9999 -9999 -9999 -9999 -9999 -9999
1.06504E-1 1.8306E-1 1.14425E-1 1.12217E-1 1.19829E-1 1.68341E-1 2.44137E-1 2.58293E-1 3.08761E-1 4.28423E-1 4.60043E-1 4.81724E-1 4.45643E-1 8.26659E-1 4.83865E-1 5.4368E-1 5.51047E-1 2.69388E-1 2.90388E-1 2.01924E-1 2.3255E-1 3.58926E-1 2.96485E-1 4.99709E-1 4.56908E-1 1.59947E-1 1.30144E-1 1.02966E-1 9.7378E-2 1.11628E-1 8.5552E-2 2.20717E-1 1.71673E-1 1.49149E-1 2.42669E-1 3.6009E-1 3.12121E-1 2.87876E-1 3.93269E-1 4.17092E-1 2.60259E-1 1.9176E-1 -9999 -9999 2.12777E-1 2.51622E-1 3.21414E-1 3.28085E-1 3.05006E-1 1.87974E-1 2.73825E-1 1.46656E-1 2.46529E-2 2.72218E-2 3.98114E-2 8.19791E-3 5.87217E-3 -9999 -9999 -9999 -9999 -9999 1.99393E-1 2.32811E-1 1.92685E-1 1.64587E-1 -9999 -9999 -9999 -9999 -9999 -9999 -9999 -9999
1.17266E-1 1.05003E-1 6.42905E-2 6.5293E-2 6.76334E-2 1.27935E-1 2.24833E-1 4.08025E-1 4.26528E-1 2.24497E-1 4.24331E-1 4.72893E-1 6.8345E-1 8.47235E-1 6.08111E-1 5.17386E-1 4.96537E-1 3.37584E-1 2.57577E-1 3.768E-1 3.75337E-1 3.61824E-1 2.80097E-1 4.42971E-1 3.38677E-1 1.50797E-1 7.95751E-2 6.3483E-2 3.03546E-2 4.15238E-2 4.4522E-2 2.54253E-1 2.82007E-1 1.25871E-1 1.06607E-1 1.76059E-1 3.04157E-1 3.60963E-1 4.27985E-1 3.91036E-1 3.18466E-1 2.45428E-1 1.65967E-1 -9999 1.30346E-1 2.00273E-1 1.57841E-1 1.57687E-1 2.41913E-1 2.12471E-1 2.05667E-1 8.5321E-2 9.08991E-2 4.83246E-2 3.19744E-2 2.47084E-2 2.307E-2 -9999 -9999 -9999 -9999 -9999 9.74652E-2 4.97852E-1 4.60227E-1 3.14906E-1 1.66773E-1 7.45184E-2 -9999 -9999 -9999 -9999 -9999 -9999
9.08785E-2 1.97892E-1 1.59957E-1 1.48918E-1 5.957E-2 6.41947E-2 1.55062E-1 3.02196E-1 4.94487E-1 3.83969E-1 3.58972E-1 6.96733E-1 7.26622E-1 6.26097E-1 7.38628E-1 8.24457E-1 5.9863E-1 3.9801E-1 2.51194E-1 2.13223E-1 2.90567E-1 4.31763E-1 4.12161E-1 5.07481E-1 3.96532E-1 2.77685E-1 7.44434E-2 1.00625E-1 6.57163E-2 4.6944E-2 6.87304E-2 1.19275E-1 1.06345E-1 1.86384E-1 1.54765E-1 1.5442E-1 1.00523E-1 2.67864E-1 3.89909E-1 3.58382E-1 2.73011E-1 2.19356E-1 2.64471E-1 -9999 -9999 2.73403E-1 1.80263E-1 1.86509E-1 2.29174E-1 3.93805E-1 2.93567E-1 1.06261E-1 2.50841E-1 1.6716E-1 1.26125E-1 8.19227E-2 9.65503E-2 -9999 -9999 -9999 -9999 -9999 1.03809E-1 7.42052E-2 7.31709E-1 8.03596E-1 5.77003E-1 1.81134E-1 2.17608E-1 -9999 -9999 -9999 -9999 -9999
