ENM/Final_Models/M_1_F_qp_Set_1_E/Gustavia_santanderiensis_0_Choco_novel.asc
ncols         367
nrows         963
xllcorner     -78.6
yllcorner     0.65
cellsize      0.00833333333333323
NODATA_value  -9999
[rows 750 to 779 of 963, columns 136 to 203 of 367]
3.59317E-1 6.9468E0 1.37738E0 4.212E0 2.39545E0 2.76674E1 2.76674E1 8.38407E0 1.13983E1 4.208E1 3.92654E1 3.30971E1 1.19972E1 9.80138E0 8.22437E0 1.052E1 3.49336E1 4.00439E1 4.55934E1 5.03643E1 5.19014E1 5.25402E1 5.25402E1 5.41571E1 5.41571E1 4.8947E1 4.92065E1 4.76694E1 3.71095E1 3.47939E1 4.69708E1 4.37569E1 5.25402E1 4.76095E1 4.09821E1 3.87264E1 3.43946E1 3.24384E1 3.41152E1 3.56722E1 4.14013E1 5.08634E1 5.58339E1 5.3139E1 5.96467E1 5.5255E1 5.00848E1 5.62731E1 5.41571E1 5.30991E1 4.94461E1 3.85867E1 1.97625E0 2.3156E0 6.02855E0 2.95439E0 1.77662E0 4.87075E0 3.24983E1 3.74488E1 4.13215E1 4.15411E1 4.07226E1 4.07226E1 2.74478E1 3.05619E1 3.23585E1 2.62302E1
2.19583E-1 1.75666E0 1.91636E0 1.61294E1 1.35143E1 1.52311E1 2.1559E1 3.25981E1 3.10211E1 1.79858E1 1.12187E1 1.23964E1 1.11388E1 1.27558E1 6.7871E0 3.05619E1 3.49735E1 4.12017E1 4.55934E1 5.04042E1 5.47959E1 5.41172E1 5.09232E1 5.08634E1 5.22607E1 4.71504E1 4.6312E1 5.05839E1 4.4216E1 3.83272E1 4.80287E1 6.0006E1 5.82493E1 4.5813E1 3.7908E1 4.15211E1 4.00439E1 3.28376E1 1.37339E1 1.26959E1 3.62112E1 4.34375E1 5.54746E1 4.38766E1 5.49755E1 4.92664E1 5.62731E1 5.23206E1 5.43368E1 4.87474E1 3.9465E1 3.84669E1 2.61503E0 4.81086E0 2.20581E1 2.69488E0 5.58938E-1 1.69678E0 2.78671E1 3.80876E1 4.39166E1 4.72702E1 3.34165E1 3.34165E1 3.72692E1 3.46142E1 3.26979E1 3.35962E1
6.38786E-1 9.02286E0 2.18185E1 1.64487E1 5.48957E0 8.06468E0 2.49127E1 3.02026E1 1.04601E1 1.15181E1 8.04471E0 6.66733E0 1.14982E1 6.7871E0 1.60096E1 3.33566E1 3.7908E1 4.09821E1 4.53339E1 4.55534E1 4.88073E1 4.208E1 4.2639E1 4.90268E1 5.41371E1 4.62322E1 4.35772E1 5.09033E1 4.92864E1 4.48747E1 4.04032E1 5.00848E1 6.39585E1 5.67921E1 4.15011E1 3.92055E1 3.39555E1 3.24583E1 6.84699E0 3.91257E0 3.46941E1 4.71903E1 5.07236E1 4.95459E1 4.90268E1 4.97854E1 5.07236E1 5.00449E1 4.65715E1 3.93652E1 3.27378E1 3.81276E0 1.63689E0 2.32758E1 2.93043E1 2.17587E0 1.43727E0 4.97056E0 3.30971E1 4.09422E1 4.67113E1 3.67701E1 3.34165E1 2.69887E1 2.9983E1 3.34165E1 2.69887E1 2.9983E1
2.87454E0 2.18185E1 1.11189E1 2.76674E1 2.76674E1 1.35143E1 4.6312E0 1.04601E1 8.20441E0 5.9487E0 8.96297E0 1.02405E1 1.60295E1 6.7871E0 2.92444E1 3.49137E1 3.5253E1 4.15011E1 4.06228E1 4.23994E1 3.92255E1 4.13614E1 4.1062E1 4.38966E1 4.55135E1 4.20401E1 4.85078E1 5.43368E1 4.57531E1 4.66713E1 4.28985E1 5.50754E1 4.76095E1 4.60126E1 4.92664E1 4.56932E1 4.01837E1 3.33167E1 8.38407E-1 2.97435E0 5.76904E0 3.60515E1 3.9485E1 4.75097E1 5.48957E1 5.22607E1 5.40174E1 4.35173E1 3.64507E1 3.65506E1 3.04222E1 3.41351E0 1.02805E1 3.71494E1 3.49137E1 8.18445E0 1.69678E0 2.55714E1 3.61912E1 4.19603E1 4.86476E1 3.67701E1 2.9983E1 2.69887E1 2.37149E1 2.01617E1 2.37149E1 2.69887E1
3.33367E0 1.90837E1 1.10989E1 1.90837E1 2.65496E0 2.23575E0 3.45344E0 3.09412E0 5.03044E0 9.60176E0 7.38597E0 9.04282E0 8.30422E0 1.3674E1 2.78271E1 3.27977E1 3.56722E1 4.02635E1 3.69897E1 3.53129E1 3.66903E1 2.50724E1 3.46142E1 4.05629E1 4.07027E1 4.75696E1 4.99451E1 5.96067E1 4.32778E1 3.98443E1 4.77493E1 5.64328E1 4.63519E1 4.32977E1 3.81874E1 2.10999E1 2.87653E1 2.11199E1 1.17776E0 9.20252E0 2.41541E0 3.11608E1 4.09821E1 4.80487E1 5.13025E1 4.7889E1 4.61922E1 3.62511E1 1.76664E1 3.86865E1 3.51532E1 5.66923E0 3.26779E1 4.19603E1 3.64507E1 6.74718E0 1.22767E1 3.11608E1 3.49336E1 4.08624E1 4.67113E1 3.67701E1 4.07226E1 2.37149E1 2.01617E1 1.72872E1 2.01617E1 2.69887E1
2.76674E1 1.5251E1 9.12267E0 1.47719E0 8.18445E-1 1.69678E0 1.35742E0 1.79659E0 4.73101E0 8.38407E0 6.06847E0 5.66923E0 1.3674E1 1.88642E1 2.99231E1 3.01427E1 2.39545E1 3.58718E1 3.13804E1 1.37339E1 1.06797E1 2.69488E0 3.00828E1 4.1042E1 4.90268E1 5.49356E1 5.26799E1 6.15431E1 5.43567E1 4.65715E1 5.61134E1 5.94071E1 4.15211E1 1.77263E1 8.62362E0 5.07037E0 6.38786E0 6.26809E0 3.81276E0 4.85078E0 2.17587E0 3.01228E1 3.88063E1 4.58728E1 4.44955E1 4.22397E1 3.87065E1 3.46142E1 2.81665E1 3.99241E1 3.51532E1 1.14782E1 3.48937E1 4.40763E1 3.67502E1 2.80866E1 2.6829E1 3.38557E1 3.74488E1 4.27987E1 4.73101E1 4.67113E1 4.07226E1 2.69887E1 1.72872E1 1.72872E1 1.72872E1 2.37149E1
3.40353E1 1.18974E1 7.44585E0 1.85647E0 3.0542E0 2.57511E0 2.61503E0 2.29564E0 2.87454E0 6.60745E0 9.8413E0 3.29374E0 6.16828E0 9.94111E0 1.88642E1 1.5251E1 1.5251E1 1.06797E1 5.76904E0 9.24244E0 4.99052E0 8.38407E0 1.7886E1 3.92654E1 4.51542E1 5.79898E1 5.97664E1 5.71714E1 4.59327E1 4.735E1 5.96467E1 5.20611E1 4.11818E1 2.106E1 1.07396E1 5.07037E0 7.76525E0 7.72532E0 6.58748E0 9.38217E0 7.18635E-1 1.37539E1 3.88662E1 4.30782E1 3.74488E1 1.97026E1 2.35353E1 3.81874E1 3.95049E1 4.208E1 3.6311E1 3.43747E1 3.80477E1 4.92864E1 3.7888E1 4.13614E1 3.6311E1 4.24993E1 5.04442E1 5.26799E1 5.04841E1 4.07226E1 2.37149E1 1.72872E1 1.72872E1 2.37149E1 2.69887E1 2.37149E1
2.76674E1 1.11987E1 6.04851E0 4.23196E0 5.2101E0 2.85458E0 3.73291E0 1.67681E0 2.35552E0 6.58748E0 9.8413E0 6.7871E0 6.16828E0 1.20172E1 9.96107E0 5.48957E0 6.84699E0 5.76904E0 7.76525E0 5.50953E0 6.38786E0 3.51332E0 3.50534E1 4.06627E1 5.1582E1 5.8409E1 6.29803E1 5.88083E1 5.04841E1 5.32987E1 5.40174E1 5.49955E1 4.19603E1 1.13983E1 6.92684E0 4.73101E0 1.43727E0 5.70915E0 6.02855E0 9.20252E0 1.23765E0 2.99231E1 3.64507E1 3.84669E1 2.21779E1 4.35173E0 2.46132E1 3.43348E1 3.92854E1 4.58728E1 4.27787E1 4.1601E1 4.28785E1 5.06238E1 3.01028E1 4.64318E1 4.50744E1 4.43158E1 4.67113E1 4.07226E1 3.71295E1 4.07226E1 2.69887E1 1.72872E1 1.3175E1 2.37149E1 2.01617E1 1.72872E1
2.49127E1 1.11588E1 5.34984E0 6.86695E0 4.73101E0 3.23386E0 4.71105E0 3.13405E0 2.61503E0 5.30991E0 9.86126E0 1.052E1 1.05799E1 1.88642E1 3.45344E0 8.38407E0 7.76525E0 1.27558E1 5.80896E0 4.71105E0 4.71105E0 6.38786E0 3.46941E1 4.24394E1 5.08234E1 5.8948E1 6.46771E1 4.85078E1 5.08234E1 5.47759E1 5.11828E1 5.06238E1 4.30183E1 1.97026E1 8.62362E0 5.80896E0 1.83651E0 2.99431E0 2.61503E0 8.38407E0 9.98104E-1 2.60505E1 2.21779E1 3.3177E1 4.73101E0 9.34225E0 2.35353E1 3.2618E1 3.33367E1 3.95648E1 5.01647E1 5.22807E1 5.26001E1 4.7909E1 4.07027E1 4.86875E1 5.27997E1 5.08434E1 3.67701E1 3.67701E1 4.66713E1 4.07226E1 3.34165E1 2.69887E1 1.49117E1 1.72872E1 1.16179E1 1.04601E1
2.02216E1 1.01807E1 9.98104E0 6.04851E0 4.03234E0 6.28805E0 7.9449E0 5.9487E0 3.33367E0 6.18824E0 1.06797E1 1.12586E1 1.05799E1 6.80707E0 5.48957E0 6.84699E0 5.80896E0 3.41152E1 3.84669E1 3.41751E1 3.46941E1 8.54377E0 8.54377E0 3.79279E1 3.93652E1 5.13025E1 5.62731E1 5.27997E1 5.20611E1 6.06248E1 5.52949E1 4.5813E1 3.86865E1 3.33167E1 9.34225E0 2.51522E0 4.71105E0 7.92494E0 5.42968E0 1.05999E1 1.37738E0 1.69678E0 2.51522E0 1.38337E1 1.39735E0 2.51522E0 8.02475E0 1.07995E1 2.45134E1 3.85068E1 4.05629E1 5.23805E1 4.67113E1 5.1043E1 4.69907E1 4.67113E1 5.28995E1 4.07226E1 2.69887E1 4.07226E1 3.5772E1 3.87863E1 3.34165E1 1.72872E1 -9999 1.16179E1 1.04601E1 -9999
1.11388E1 7.16638E0 6.56752E0 8.20441E0 7.14642E0 8.18445E0 1.11388E1 6.06847E0 5.74908E0 7.72532E0 8.28426E0 1.19972E1 1.3674E1 2.97435E0 9.24244E0 1.69079E1 5.54946E0 2.48129E1 3.92055E1 4.44356E1 4.29384E1 3.83272E1 3.48937E1 3.71295E1 4.64318E1 4.62322E1 5.62731E1 5.27997E1 5.5774E1 5.4197E1 4.93862E1 5.34784E1 3.99241E1 1.97026E1 1.6848E1 5.58938E0 2.01617E0 4.97056E0 6.42779E0 2.69488E0 1.37738E0 3.0542E0 1.93632E0 1.93632E0 2.51522E0 1.59697E0 7.18635E-1 1.41731E0 6.72722E0 3.72293E1 4.17207E1 5.16618E1 4.67113E1 3.67701E1 4.07226E1 4.07226E1 4.07226E1 2.69887E1 2.69887E1 4.07226E1 3.88063E1 4.53938E1 3.34165E1 1.49117E1 -9999 1.04601E1 8.06468E0 -9999
2.29763E1 2.40942E1 9.64168E0 7.26619E0 1.69478E1 1.63889E1 1.01807E1 1.11388E1 9.80138E0 7.66544E0 9.34225E0 1.19972E1 1.35143E1 1.12586E1 9.24244E0 2.22577E1 3.6311E1 3.52331E1 3.41551E1 4.44156E1 4.82683E1 5.12027E1 4.59727E1 4.98453E1 5.89081E1 5.25002E1 5.71913E1 5.27997E1 5.88083E1 5.17816E1 4.21799E1 5.1043E1 4.23994E1 3.66504E1 2.106E1 9.34225E0 2.01617E0 4.99052E0 6.80707E0 6.26809E0 3.51332E0 6.84699E0 6.92684E0 5.07037E0 5.58938E0 1.77662E0 4.59128E-1 8.58369E-1 3.39954E1 3.97844E1 4.6312E1 5.13624E1 5.44765E1 5.31191E1 3.67701E1 2.9983E1 2.69887E1 1.72872E1 2.01617E1 4.07226E1 4.67113E1 4.07226E1 2.01617E1 -9999 -9999 -9999 -9999 -9999
3.06617E1 2.62501E1 2.35952E1 2.4214E1 1.5251E1 1.36141E1 1.2636E1 1.19573E1 1.00808E1 7.1065E0 1.15181E1 9.04282E0 1.08793E1 9.4221E0 1.23366E1 6.92684E0 3.09013E1 4.29384E1 4.80487E1 5.20212E1 5.63929E1 5.79898E1 6.0505E1 6.11838E1 6.28606E1 6.19822E1 6.29404E1 4.67113E1 6.14632E1 5.69718E1 4.45953E1 4.01837E1 4.08624E1 3.50534E1 2.106E1 1.6848E1 2.51522E0 2.01617E0 2.69488E0 6.10839E0 7.42589E0 6.92684E0 2.85458E0 8.38407E-1 2.3156E0 1.97625E0 2.3156E0 4.99052E-1 1.02006E1 3.86066E1 4.16209E1 4.4196E1 4.69308E1 4.54337E1 5.60535E1 4.67113E1 4.67113E1 -9999 -9999 2.69887E1 2.9983E1 2.69887E1 1.3175E1 -9999 -9999 -9999 -9999 -9999
3.2618E1 2.67691E1 2.70686E1 2.40144E1 2.15391E1 2.14792E1 1.5251E1 1.2636E1 6.86695E0 5.98862E0 7.6854E0 7.16638E0 8.20441E0 1.09791E1 9.96107E0 6.38786E0 3.51532E1 4.83282E1 4.90268E1 4.38167E1 4.92864E1 4.66713E1 5.23605E1 4.94461E1 5.12626E1 5.51752E1 6.26609E1 4.67113E1 6.0505E1 5.06637E1 4.41361E1 3.7908E1 3.54127E1 2.3675E1 1.7367E0 1.01807E0 1.69678E0 1.0001E1 2.69488E0 5.74908E0 7.76525E0 3.07416E0 2.51522E0 1.41731E0 9.38217E-1 1.83651E0 4.4715E0 2.37549E0 8.1046E0 3.52131E1 3.7369E1 4.1062E1 4.99451E1 5.01048E1 4.95259E1 5.60535E1 3.67701E1 -9999 -9999 -9999 2.01617E1 1.72872E1 1.16179E1 -9999 -9999 -9999 -9999 -9999
3.09612E1 2.88053E1 2.15391E1 2.76674E1 1.5251E1 1.48518E1 9.50195E0 7.22627E0 5.42968E0 3.97245E0 4.73101E0 6.70726E0 1.01008E1 6.16828E0 9.96107E0 2.75077E1 3.77283E1 4.54936E1 4.43956E1 3.53928E1 3.7369E1 3.65506E1 3.66504E1 3.7369E1 4.43956E1 5.27797E1 6.14832E1 5.27997E1 5.95469E1 4.64917E1 3.77283E1 1.07995E1 3.35363E0 5.28995E0 8.78331E-1 4.73101E0 3.0542E0 3.51332E0 4.99052E0 6.80707E0 4.27188E0 8.38407E-1 2.61503E0 1.07995E1 4.4715E0 3.27378E1 3.64507E1 4.01038E1 3.92654E1 4.09422E1 4.50344E1 4.43956E1 5.13624E1 5.50754E1 5.35383E1 4.67113E1 2.37149E1 1.40134E1 -9999 -9999 3.34165E1 2.69887E1 -9999 -9999 -9999 -9999 -9999 -9999
3.39954E1 3.03823E1 3.03424E1 2.76674E1 1.60695E1 1.04601E1 7.1065E0 4.03234E0 3.97245E0 4.43158E0 5.01048E0 1.2656E1 5.66923E0 1.88642E1 3.01427E1 3.67901E1 4.17407E1 4.09821E1 3.87464E1 3.61513E1 8.62362E0 7.90498E0 5.90877E0 2.35353E1 4.21799E1 4.90069E1 5.96267E1 5.88083E1 5.33187E1 4.30183E1 3.5253E1 2.09801E1 1.59697E0 2.93442E0 5.11029E0 5.54946E0 5.54946E0 1.93632E0 1.577E0 3.61314E0 3.21389E0 3.81276E0 2.09801E1 2.45134E1 3.88063E1 3.04222E1 4.05629E1 4.81685E1 4.69708E1 5.24603E1 4.58728E1 4.99451E1 5.39375E1 5.84889E1 5.60535E1 4.07226E1 2.01617E1 1.16179E1 -9999 -9999 2.9983E1 1.72872E1 -9999 -9999 -9999 -9999 -9999 -9999
2.15391E1 2.76674E1 3.01427E1 2.61104E1 2.2617E1 1.04601E1 7.42589E0 5.03044E0 3.35363E0 4.11219E0 6.46771E0 1.00409E1 8.28426E0 2.2617E1 3.54726E1 3.98243E1 3.59916E1 3.13604E1 8.54377E0 1.88043E1 4.77094E0 6.44775E0 2.51522E0 1.21769E1 4.05629E1 4.90668E1 5.41571E1 5.83292E1 5.50354E1 4.91067E1 4.44555E1 4.10221E1 3.55924E1 4.45154E0 3.21389E0 3.6331E0 5.58938E0 1.59697E0 1.77263E1 2.93442E0 8.66354E0 5.66923E0 3.57321E1 3.83272E1 4.67113E1 4.50344E1 4.04032E1 4.45354E1 5.61333E1 5.84489E1 5.4756E1 5.27797E1 5.87883E1 4.67113E1 5.27997E1 3.67701E1 1.72872E1 -9999 -9999 -9999 2.69887E1 -9999 -9999 -9999 -9999 -9999 -9999 -9999
2.15391E1 3.46941E1 3.12207E1 2.58908E1 1.80657E1 8.30422E0 7.44585E0 6.70726E0 3.71295E0 3.43348E0 6.58748E0 1.38736E1 1.5251E1 2.97435E1 3.38557E1 3.33566E1 2.11798E1 1.06797E1 9.28236E0 6.38786E0 5.54946E0 6.92684E0 1.21569E1 3.58718E1 3.89859E1 4.44356E1 5.49157E1 5.90478E1 5.78301E1 5.45963E1 5.3159E1 4.66514E1 3.91855E1 3.06418E1 2.37549E0 2.3156E0 1.97625E0 8.66354E0 3.51532E1 2.95439E0 2.09801E1 3.67901E1 3.98842E1 4.28186E1 5.28995E1 5.54746E1 5.57141E1 4.67911E1 5.67921E1 5.88083E1 5.27997E1 5.88083E1 4.07226E1 3.67701E1 4.07226E1 3.67701E1 1.72872E1 -9999 -9999 2.69887E1 1.3175E1 -9999 -9999 -9999 -9999 -9999 -9999 -9999
3.30971E1 3.87264E1 3.02026E1 3.09811E1 2.40543E1 6.70726E0 5.34984E0 4.43158E0 4.31181E0 2.91446E0 3.45344E0 8.20441E0 1.052E1 1.3674E1 1.26759E1 1.59697E1 6.80707E0 9.96107E0 8.38407E0 6.92684E0 7.76525E0 2.85458E0 1.13983E1 3.87464E1 4.81685E1 4.71903E1 5.69718E1 5.40573E1 5.18215E1 4.21799E1 4.40763E1 4.16608E1 3.86865E1 3.49137E1 1.99621E0 2.11598E0 4.7909E0 2.57111E1 3.84669E1 1.76664E1 3.61114E1 4.23595E1 4.19603E1 4.27787E1 4.95459E1 5.88083E1 4.67113E1 5.88083E1 5.70117E1 6.01657E1 3.67701E1 4.07226E1 2.9983E1 2.9983E1 2.9983E1 2.9983E1 1.72872E1 -9999 -9999 1.72872E1 -9999 -9999 -9999 -9999 -9999 -9999 -9999 -9999
3.7349E1 4.08624E1 3.2618E1 3.53129E1 2.76674E1 1.19373E1 1.19174E1 3.15401E0 3.03424E0 3.23386E0 1.97625E0 2.93442E0 4.97056E0 5.64927E0 1.04202E1 5.42968E0 1.05799E1 7.6854E0 5.50953E0 1.27558E1 6.92684E0 6.92684E0 4.45154E0 3.88662E1 5.1043E1 5.50354E1 5.72313E1 5.4217E1 4.71504E1 4.06228E1 2.95439E1 9.44206E0 6.02855E0 2.61503E0 9.38217E-1 5.60934E0 4.45154E0 8.70346E0 3.95049E1 4.24194E1 4.3158E1 4.71504E1 4.22198E1 5.20611E1 4.92664E1 5.45763E1 4.07226E1 3.67701E1 5.87883E1 6.00659E1 3.67701E1 3.34165E1 2.37149E1 2.01617E1 3.34165E1 2.37149E1 -9999 -9999 -9999 -9999 -9999 -9999 -9999 -9999 -9999 -9999 -9999 -9999
3.9465E1 4.27188E1 3.95049E1 3.92654E1 3.27777E1 2.49127E1 1.32349E1 1.02405E1 6.86695E0 2.85458E0 1.8964E0 4.35173E0 5.50953E0 3.55325E0 5.66923E0 1.12586E1 9.06278E0 1.5251E1 2.88851E1 1.06997E1 6.44775E0 1.59098E1 3.64507E1 4.17207E1 4.95459E1 5.86685E1 5.79499E1 5.26599E1 4.55534E1 3.69897E1 2.57111E1 3.81276E0 1.17776E0 6.50764E0 5.60934E0 6.50764E0 1.63689E0 8.1046E0 1.96028E1 4.06029E1 5.04042E1 4.75696E1 4.19603E1 5.37978E1 5.88083E1 5.5814E1 4.07226E1 2.69887E1 4.07226E1 3.34165E1 2.69887E1 2.9983E1 1.72872E1 -9999 -9999 2.01617E1 -9999 -9999 -9999 -9999 -9999 -9999 -9999 -9999 -9999 -9999 -9999 -9999
4.18405E1 4.69907E1 4.26789E1 3.95648E1 3.54127E1 3.17796E1 2.49127E1 1.60695E1 1.04002E1 6.14832E0 6.68729E0 7.18635E0 4.95059E0 3.35363E0 2.53518E0 4.37169E0 4.73101E0 1.15381E1 1.12786E1 3.4235E1 3.76684E1 3.97644E1 4.72702E1 5.29793E1 5.50354E1 5.11828E1 5.04042E1 5.6852E1 5.17417E1 4.40763E1 4.16808E1 3.60515E1 4.81086E0 4.45154E0 4.7909E0 2.95439E0 2.69488E0 3.65306E1 3.61513E1 4.41561E1 5.29793E1 5.40972E1 4.79489E1 5.01048E1 6.20022E1 4.67113E1 4.07226E1 2.69887E1 2.69887E1 2.37149E1 -9999 2.9983E1 1.72872E1 -9999 -9999 1.16179E1 -9999 -9999 -9999 -9999 -9999 -9999 -9999 -9999 -9999 -9999 -9999 -9999
4.4196E1 4.90268E1 4.65516E1 4.32778E1 4.00838E1 3.7888E1 3.23386E1 1.69478E1 9.20252E0 8.04471E0 1.19573E1 1.92834E1 7.50574E0 2.71484E0 1.49716E0 1.75666E0 5.34984E0 1.03404E1 1.32748E1 4.73101E0 3.42948E1 4.30183E1 4.87873E1 4.38167E1 5.24603E1 4.41561E1 4.12816E1 5.26799E1 4.95658E1 4.12816E1 3.62511E1 2.57111E1 4.4715E0 2.95439E0 3.35363E0 2.61503E0 1.38936E1 3.90658E1 4.17407E1 4.72303E1 5.08434E1 5.13225E1 6.12636E1 5.27997E1 3.67701E1 2.9983E1 2.37149E1 2.37149E1 2.01617E1 -9999 -9999 -9999 1.49117E1 -9999 -9999 -9999 -9999 -9999 -9999 -9999 -9999 -9999 -9999 -9999 -9999 -9999 -9999 -9999
4.60126E1 5.08035E1 5.16618E1 4.99651E1 4.60126E1 4.1062E1 3.27378E1 1.2636E1 1.24364E1 1.48518E1 1.79858E1 2.55714E1 1.12187E1 5.2101E0 5.0504E0 6.22817E0 4.73101E0 1.03404E1 1.06797E1 8.54377E0 3.66304E1 4.28186E1 3.83272E1 3.86066E1 5.07436E1 4.16608E1 3.64507E1 4.72702E1 4.86675E1 4.24993E1 3.96048E1 3.27378E1 3.81276E0 3.35363E0 3.35363E0 6.02855E0 2.69488E0 1.86645E1 3.88063E1 4.65316E1 4.1601E1 4.08224E1 5.11428E1 5.80098E1 6.13634E1 4.07226E1 -9999 -9999 -9999 -9999 -9999 2.01617E1 1.72872E1 -9999 -9999 -9999 -9999 -9999 -9999 -9999 -9999 -9999 -9999 -9999 -9999 -9999 -9999 -9999
4.99651E1 4.91666E1 5.68719E1 5.4756E1 5.12027E1 4.48149E1 4.07426E1 3.10211E1 2.31161E1 2.76674E1 3.158E1 2.80267E1 1.12187E1 1.48518E1 1.03004E1 1.54506E1 8.20441E0 6.28805E0 1.35143E1 5.07037E0 3.69698E1 4.09821E1 2.57111E1 3.66504E1 4.74099E1 4.00439E1 3.04222E1 4.08624E1 4.87274E1 4.19802E1 3.61713E1 2.71285E1 1.67482E1 2.37549E0 3.81276E0 4.81086E0 1.14782E1 3.6311E1 4.02635E1 4.25591E1 3.16998E1 3.18595E1 4.13814E1 5.00449E1 5.88083E1 -9999 -9999 -9999 -9999 -9999 -9999 1.40134E1 1.49117E1 1.72872E1 -9999 -9999 -9999 -9999 -9999 -9999 -9999 -9999 -9999 -9999 -9999 -9999 -9999 -9999
4.55135E1 5.13025E1 5.90278E1 5.32388E1 4.91267E1 4.77892E1 4.45354E1 4.1062E1 3.64507E1 3.80078E1 2.92644E1 1.79858E1 1.36541E1 1.79659E1 1.60295E1 1.69079E1 1.10989E1 7.14642E0 8.38407E0 3.15201E1 3.75686E1 3.97245E1 2.2118E1 3.45144E1 4.19802E1 3.62511E1 7.24623E0 3.86865E1 4.5254E1 3.93652E1 3.16998E1 1.02006E1 2.37549E0 3.35363E0 5.28995E0 2.61503E0 8.70346E0 1.76265E1 3.96646E1 3.8926E1 1.56902E1 3.24783E1 4.69109E1 6.01457E1 4.67113E1 2.37149E1 1.72872E1 -9999 -9999 -9999 -9999 9.2624E0 1.49117E1 1.04601E1 -9999 -9999 -9999 -9999 -9999 -9999 -9999 -9999 -9999 -9999 -9999 1.04601E1 -9999 -9999
4.64717E1 5.52351E1 6.07845E1 5.61932E1 4.39166E1 3.9485E1 3.76285E1 3.79279E1 3.95648E1 4.0024E1 3.48338E1 2.92644E1 2.8406E1 2.97036E1 1.2656E1 9.10271E0 1.35942E1 7.26619E0 1.15381E1 7.76525E0 3.36161E1 3.78281E1 1.97026E1 1.07396E1 3.42948E1 3.41351E1 6.64737E0 2.57111E1 4.17207E1 3.87264E1 1.5251E1 5.66923E0 2.61503E0 5.28995E0 8.62362E0 2.95439E0 9.44206E0 3.41351E1 3.04222E1 3.41351E1 3.62312E1 3.71494E1 5.01048E1 5.88083E1 3.67701E1 2.69887E1 2.01617E1 -9999 -9999 -9999 -9999 -9999 -9999 -9999 -9999 -9999 -9999 -9999 -9999 -9999 -9999 -9999 -9999 1.04601E1 1.04601E1 1.04601E1 -9999 -9999
4.36171E1 4.88472E1 6.34594E1 5.72512E1 5.38577E1 5.00649E1 4.12017E1 3.77882E1 3.10211E1 3.14802E1 3.75886E1 3.51532E1 3.48538E1 3.33766E1 2.98433E1 1.69079E1 1.3674E1 7.84509E0 8.8432E0 1.26959E1 3.24583E1 3.68899E1 3.11608E1 6.50764E0 6.50764E0 5.28995E0 3.35363E0 5.66923E0 3.4714E1 3.67502E1 1.97026E1 5.34984E0 2.61503E0 5.60934E0 6.50764E0 2.95439E0 5.34984E0 1.76664E1 2.71285E1 4.14013E1 4.87873E1 5.06637E1 5.32788E1 5.27997E1 2.9983E1 -9999 -9999 -9999 -9999 -9999 -9999 -9999 -9999 -9999 -9999 -9999 -9999 -9999 -9999 -9999 -9999 -9999 -9999 8.06468E0 9.2624E0 1.04601E1 -9999 -9999
4.80487E1 5.03843E1 6.46372E1 5.66923E1 4.73101E1 4.62521E1 4.79489E1 4.06627E1 3.10211E1 1.2656E1 3.10211E1 3.03224E1 1.60295E1 1.12586E1 1.12586E1 1.51313E1 1.1578E1 8.94301E0 1.04801E1 6.84699E0 3.24583E1 3.44146E1 2.7388E1 1.07396E1 1.13185E1 9.66164E0 9.34225E0 7.14642E0 2.09801E1 3.27977E1 1.63689E0 2.61503E0 2.61503E0 5.90877E0 3.81276E0 2.13594E0 1.28955E1 1.38537E1 3.69698E1 4.56932E1 5.29195E1 6.07845E1 6.01058E1 4.07226E1 2.69887E1 3.67701E1 -9999 -9999 -9999 -9999 -9999 -9999 -9999 -9999 -9999 -9999 -9999 -9999 -9999 -9999 -9999 -9999 -9999 -9999 9.2624E0 1.04601E1 -9999 -9999
5.41771E1 4.83681E1 6.56353E1 5.42968E1 5.09232E1 4.45553E1 3.82873E1 3.46941E1 3.10211E1 3.35163E1 4.08224E1 4.02635E1 3.01228E1 2.27767E1 3.30772E1 6.7871E0 8.20441E0 6.34794E0 1.14982E1 7.76525E0 1.26959E1 2.88851E1 2.49127E1 1.00409E1 9.32229E0 6.28805E0 5.17018E0 8.20441E0 2.61503E0 1.21769E1 2.61503E0 5.28995E0 4.7909E0 5.28995E0 2.37549E0 1.28955E1 3.27777E1 8.66354E0 2.46132E1 4.01238E1 5.0544E1 6.03853E1 4.67113E1 3.67701E1 -9999 2.9983E1 -9999 -9999 -9999 -9999 -9999 -9999 -9999 -9999 -9999 -9999 -9999 -9999 -9999 -9999 -9999 -9999 -9999 -9999 1.16179E1 1.3175E1 1.3175E1 1.3175E1
