ENM/Final_Models/M_1_F_qp_Set_1_E/Gustavia_santanderiensis_2_Choco.asc
ncols         367
nrows         963
xllcorner     -78.6
yllcorner     0.65
cellsize      0.00833333333333323
NODATA_value  -9999
[rows 884 to 917 of 963, columns 0 to 75 of 367]
-9999 -9999 -9999 -9999 -9999 -9999 -9999 -9999 -9999 -9999 -9999 -9999 -9999 -9999 -9999 -9999 -9999 -9999 -9999 -9999 -9999 9.99032E-1 1E0 9.99741E-1 9.99998E-1 9.99996E-1 9.97149E-1 9.94351E-1 9.99095E-1 9.79185E-1 9.77386E-1 9.87761E-1 9.21815E-1 9.49834E-1 9.07186E-1 9.13019E-1 8.12187E-1 8.5269E-1 9.08691E-1 9.0499E-1 8.30277E-1 8.27816E-1 8.90041E-1 9.36151E-1 9.02243E-1 9.3224E-1 9.63388E-1 9.21818E-1 8.53648E-1 8.45445E-1 8.89062E-1 8.72232E-1 9.26494E-1 9.46056E-1 8.99647E-1 9.87868E-1 9.56919E-1 8.75571E-1 6.50158E-1 5.97206E-1 1.40524E-1 3.35185E-2 6.97092E-3 2.26231E-3 1.10024E-3 8.94892E-4 6.79626E-4 2.33393E-3 7.30259E-3 2.62335E-2 4.69383E-2 1.99384E-1 2.95392E-1 8.22296E-2 9.18117E-3 1.41597E-3
-9999 -9999 -9999 -9999 -9999 -9999 -9999 -9999 -9999 -9999 -9999 -9999 -9999 -9999 -9999 -9999 -9999 -9999 -9999 -9999 -9999 9.98917E-1 9.9944E-1 9.97961E-1 9.99502E-1 9.99974E-1 1E0 9.99999E-1 9.89518E-1 9.71349E-1 9.48607E-1 9.03382E-1 8.98796E-1 9.72602E-1 9.7047E-1 9.08782E-1 9.00784E-1 9.21122E-1 9.29384E-1 8.62916E-1 7.79035E-1 8.86223E-1 8.78706E-1 8.79036E-1 9.08474E-1 9.43995E-1 9.50146E-1 8.49364E-1 8.9493E-1 8.32842E-1 7.50452E-1 8.72169E-1 9.20287E-1 9.11977E-1 8.63957E-1 7.42787E-1 9.26488E-1 8.64386E-1 5.91587E-1 4.84679E-1 3.53367E-1 1.52605E-1 2.74848E-2 7.67799E-3 2.77619E-3 1.69501E-3 1.64445E-3 1.70398E-3 2.9671E-3 3.90976E-3 1.05818E-2 1.90049E-1 2.22322E-1 8.70347E-2 2.45554E-2 3.37498E-3
-9999 -9999 -9999 -9999 -9999 -9999 -9999 -9999 -9999 -9999 -9999 -9999 -9999 -9999 -9999 -9999 -9999 -9999 -9999 -9999 -9999 9.99983E-1 9.99296E-1 9.98404E-1 9.99747E-1 9.99921E-1 1E0 9.99997E-1 9.99956E-1 9.6141E-1 9.71477E-1 9.41329E-1 9.21532E-1 9.53432E-1 9.6464E-1 9.26397E-1 9.19618E-1 7.37279E-1 8.2201E-1 8.98335E-1 8.79583E-1 8.79202E-1 8.6767E-1 8.72047E-1 9.02864E-1 9.59518E-1 9.51296E-1 8.88768E-1 8.05821E-1 8.6324E-1 7.31612E-1 8.34397E-1 8.02732E-1 7.77335E-1 6.22504E-1 5.6605E-1 9.52215E-1 8.9266E-1 6.62745E-1 3.90127E-1 4.4061E-1 1.94906E-1 4.50806E-2 1.19407E-2 6.02799E-3 3.33154E-3 2.9018E-3 1.16919E-3 1.98086E-3 4.18375E-3 8.63666E-3 1.33201E-1 1.39918E-1 1.76049E-2 4.88566E-3 4.02047E-3
-9999 -9999 -9999 -9999 -9999 -9999 -9999 -9999 -9999 -9999 -9999 -9999 -9999 -9999 -9999 -9999 -9999 -9999 -9999 -9999 -9999 -9999 9.99909E-1 9.93838E-1 9.99433E-1 9.99432E-1 9.9933E-1 9.9968E-1 9.99949E-1 9.99718E-1 9.97888E-1 9.98453E-1 9.97067E-1 9.7583E-1 9.54259E-1 9.75388E-1 9.20266E-1 8.75613E-1 8.65526E-1 9.01009E-1 8.13359E-1 8.52661E-1 8.58808E-1 8.806E-1 9.18523E-1 9.16527E-1 8.94208E-1 8.86787E-1 8.41597E-1 9.24989E-1 8.89673E-1 7.66707E-1 7.91671E-1 7.53219E-1 6.07641E-1 6.31762E-1 8.0686E-1 9.17736E-1 9.20227E-1 8.10499E-1 4.98304E-1 1.56896E-1 3.30668E-2 5.20357E-3 4.84533E-3 4.7E-3 2.1819E-3 1.99396E-3 2.21677E-3 2.76354E-3 6.04163E-3 2.75098E-2 2.12099E-2 2.91605E-2 1.02404E-3 8.69137E-4
-9999 -9999 -9999 -9999 -9999 -9999 -9999 -9999 -9999 -9999 -9999 -9999 -9999 -9999 -9999 -9999 -9999 -9999 -9999 -9999 -9999 -9999 9.99903E-1 9.9996E-1 9.90039E-1 9.79693E-1 9.69888E-1 9.89752E-1 9.99893E-1 1E0 1E0 9.9967E-1 9.97024E-1 9.27546E-1 9.92679E-1 9.6681E-1 9.55432E-1 8.97317E-1 8.73096E-1 8.91363E-1 8.16174E-1 8.57975E-1 8.98887E-1 8.36756E-1 8.25978E-1 8.96675E-1 9.07258E-1 9.35319E-1 8.98742E-1 8.81833E-1 8.25755E-1 7.99687E-1 7.63175E-1 5.04087E-1 2.12489E-1 1.84426E-1 3.66656E-1 5.55041E-1 8.80042E-1 7.72669E-1 5.76055E-1 2.37999E-1 4.03005E-2 1.44727E-2 7.91232E-3 6.83333E-3 6.01944E-3 3.63525E-3 1.43133E-3 1.61909E-3 3.46419E-3 7.86831E-3 5.73538E-3 2.64402E-3 1.33378E-3 1.09884E-4
-9999 -9999 -9999 -9999 -9999 -9999 -9999 -9999 -9999 -9999 -9999 -9999 -9999 -9999 -9999 -9999 -9999 -9999 -9999 -9999 -9999 -9999 9.84487E-1 9.99318E-1 9.99257E-1 9.99535E-1 9.99125E-1 9.8799E-1 9.81435E-1 9.97559E-1 9.99825E-1 9.99834E-1 9.9959E-1 9.64909E-1 9.73934E-1 9.51746E-1 9.62142E-1 9.02501E-1 8.83281E-1 8.5069E-1 9.25383E-1 9.51378E-1 8.73293E-1 9.79228E-1 9.87903E-1 9.88822E-1 9.84337E-1 9.47553E-1 9.34603E-1 8.62513E-1 8.93885E-1 8.08904E-1 6.71355E-1 3.58796E-1 7.18938E-2 2.36005E-2 2.53965E-2 2.8919E-1 7.97193E-1 7.73994E-1 6.13557E-1 4.52924E-1 2.01508E-1 5.38558E-2 1.69286E-2 7.95322E-3 5.87593E-3 4.5993E-3 2.15892E-3 1.27873E-3 1.6286E-3 1.68681E-3 3.55411E-3 1.28626E-3 5.09036E-4 9.1366E-5
-9999 -9999 -9999 -9999 -9999 -9999 -9999 -9999 -9999 -9999 -9999 -9999 -9999 -9999 -9999 -9999 -9999 -9999 -9999 -9999 -9999 -9999 9.95137E-1 9.99772E-1 9.99154E-1 9.99864E-1 9.99054E-1 9.96382E-1 9.89074E-1 9.99199E-1 9.99728E-1 9.98616E-1 9.99113E-1 9.99948E-1 9.99997E-1 9.99998E-1 9.99434E-1 9.75918E-1 9.6108E-1 9.29252E-1 9.75376E-1 9.96789E-1 9.91499E-1 9.96995E-1 9.98946E-1 9.9886E-1 9.72193E-1 8.72372E-1 8.8535E-1 7.61029E-1 7.11492E-1 7.86699E-1 5.32038E-1 2.67799E-1 2.70014E-2 3.01984E-3 6.60169E-3 8.98331E-2 4.87676E-1 8.43808E-1 7.74594E-1 2.92986E-1 1.09292E-1 3.56314E-2 1.51963E-2 7.81151E-3 4.54906E-3 4.17313E-3 5.0345E-3 3.83443E-3 6.96665E-3 1.0805E-2 7.00279E-3 6.56529E-3 1.01699E-3 1.0909E-4
-9999 -9999 -9999 -9999 -9999 -9999 -9999 -9999 -9999 -9999 -9999 -9999 -9999 -9999 -9999 -9999 -9999 -9999 -9999 -9999 -9999 -9999 -9999 9.80393E-1 9.94544E-1 9.98447E-1 9.99582E-1 9.9899E-1 9.98143E-1 9.97777E-1 9.99159E-1 9.99725E-1 9.9908E-1 9.91172E-1 9.99965E-1 9.9994E-1 9.99987E-1 9.98881E-1 9.93855E-1 9.87497E-1 9.99995E-1 9.9987E-1 9.95601E-1 9.95937E-1 9.56142E-1 9.39767E-1 9.52486E-1 8.65878E-1 8.49191E-1 7.17247E-1 5.17259E-1 4.64463E-1 4.29433E-1 1.61153E-1 1.72386E-2 1.09292E-3 7.07109E-3 1.62306E-1 6.18495E-1 8.35683E-1 6.98968E-1 2.36754E-1 2.19137E-2 9.85876E-3 9.49234E-3 7.92573E-3 1.98125E-2 1.34814E-2 1.03535E-2 3.98633E-2 1.56468E-2 4.81719E-3 4.74638E-3 3.6155E-3 8.13105E-4 2.94604E-4
-9999 -9999 -9999 -9999 -9999 -9999 -9999 -9999 -9999 -9999 -9999 -9999 -9999 -9999 -9999 -9999 -9999 -9999 -9999 -9999 -9999 -9999 -9999 9.93522E-1 9.89435E-1 9.78662E-1 9.9555E-1 9.86127E-1 9.96236E-1 9.98471E-1 9.99017E-1 9.94065E-1 9.9997E-1 9.99897E-1 9.99906E-1 9.9996E-1 9.99818E-1 9.99963E-1 9.99988E-1 9.99937E-1 9.9993E-1 9.99912E-1 9.98286E-1 9.66494E-1 9.85487E-1 9.38325E-1 9.92125E-1 9.43999E-1 7.9414E-1 6.52623E-1 5.40388E-1 4.37513E-1 1.96958E-1 5.21742E-2 8.89711E-3 2.54686E-3 8.14421E-3 9.18412E-2 6.28178E-1 7.01972E-1 6.95112E-1 3.48093E-1 2.70322E-2 1.18709E-2 2.14382E-2 2.92716E-1 1.82025E-1 9.05463E-2 3.09374E-1 1.89855E-1 3.40646E-2 3.52625E-3 9.3167E-4 2.27877E-3 1.12248E-3 1.91138E-4
-9999 -9999 -9999 -9999 -9999 -9999 -9999 -9999 -9999 -9999 -9999 -9999 -9999 -9999 -9999 -9999 -9999 -9999 -9999 -9999 -9999 -9999 -9999 -9999 -9999 9.71189E-1 9.85415E-1 9.92721E-1 9.83895E-1 9.99119E-1 9.95567E-1 9.83801E-1 9.96901E-1 9.99155E-1 9.99037E-1 9.94964E-1 9.9383E-1 9.79053E-1 9.91267E-1 9.99956E-1 9.91416E-1 9.98171E-1 9.99731E-1 9.98672E-1 9.99079E-1 9.85305E-1 9.77406E-1 9.76461E-1 8.81656E-1 7.66424E-1 6.42377E-1 5.52345E-1 3.52677E-1 8.45945E-2 2.04988E-2 4.26578E-3 2.1128E-2 1.32873E-1 4.96379E-1 5.72349E-1 7.21084E-1 5.02244E-1 8.28247E-2 3.80859E-2 1.72442E-1 4.58492E-1 3.61202E-1 2.84559E-1 3.92209E-1 3.13602E-1 2.87478E-1 3.75593E-2 1.27594E-2 6.06356E-3 2.43677E-3 1.00888E-3
-9999 -9999 -9999 -9999 -9999 -9999 -9999 -9999 -9999 -9999 -9999 -9999 -9999 -9999 -9999 -9999 -9999 -9999 -9999 -9999 -9999 9.77207E-1 9.79926E-1 -9999 -9999 9.69509E-1 9.36404E-1 9.62486E-1 9.72784E-1 9.75311E-1 9.92523E-1 9.82745E-1 9.92134E-1 9.91892E-1 9.96387E-1 9.61363E-1 9.48108E-1 9.63965E-1 9.6493E-1 9.90528E-1 9.56247E-1 9.76645E-1 9.9506E-1 9.99856E-1 9.97183E-1 9.96764E-1 9.88805E-1 8.10782E-1 9.05247E-1 8.06225E-1 6.67982E-1 5.63461E-1 2.97971E-1 5.11878E-2 1.91058E-2 4.87691E-3 3.46637E-2 2.57494E-1 5.20015E-1 6.52177E-1 5.94907E-1 6.0268E-1 2.64209E-1 5.07784E-1 5.31781E-1 5.71799E-1 4.4717E-1 3.7955E-1 2.27413E-1 5.01912E-2 2.93385E-1 2.40453E-1 1.36596E-1 1.69084E-2 9.71074E-3 5.12491E-3
-9999 -9999 -9999 -9999 -9999 -9999 -9999 -9999 -9999 -9999 -9999 -9999 -9999 -9999 -9999 -9999 -9999 -9999 -9999 -9999 -9999 9.30486E-1 9.21842E-1 9.42463E-1 9.46804E-1 9.14813E-1 8.9523E-1 8.87302E-1 8.93599E-1 9.25385E-1 9.2499E-1 9.27898E-1 9.55715E-1 9.85452E-1 9.95241E-1 9.59249E-1 9.26333E-1 9.01392E-1 9.15928E-1 9.22081E-1 8.16654E-1 8.71608E-1 9.49654E-1 9.96616E-1 9.85619E-1 9.5889E-1 8.86937E-1 7.30892E-1 8.11822E-1 7.38718E-1 6.15687E-1 6.07737E-1 2.31357E-1 5.91225E-2 4.69692E-3 2.81733E-3 1.4215E-2 2.20015E-1 6.28491E-1 7.74234E-1 4.26029E-1 4.87775E-1 4.87478E-1 2.52923E-1 2.71502E-1 2.58843E-1 3.13105E-1 2.47466E-1 7.85712E-3 2.05807E-3 2.82417E-2 1.23417E-1 2.21576E-1 6.41406E-2 1.09153E-2 2.64332E-3
-9999 -9999 -9999 -9999 -9999 -9999 -9999 -9999 -9999 -9999 -9999 -9999 -9999 -9999 -9999 -9999 -9999 -9999 -9999 -9999 9.71736E-1 9.31707E-1 9.2733E-1 8.32222E-1 8.38427E-1 8.77374E-1 8.12624E-1 7.83252E-1 8.1311E-1 8.4534E-1 8.57231E-1 8.71675E-1 8.88354E-1 9.05176E-1 9.76793E-1 9.70878E-1 9.33497E-1 7.80358E-1 7.69302E-1 8.02975E-1 7.84676E-1 9.81733E-1 9.77813E-1 9.45929E-1 8.76137E-1 9.01048E-1 7.24724E-1 5.88801E-1 5.7566E-1 6.17082E-1 4.80567E-1 2.96838E-1 1.59974E-1 4.84606E-2 1.17386E-2 1.94377E-3 9.5943E-3 2.77789E-1 5.02936E-1 6.33694E-1 2.92484E-1 1.28675E-1 2.77094E-2 9.22312E-3 2.57889E-3 8.74936E-3 1.33531E-2 1.44992E-1 8.57758E-3 1.06858E-3 6.33656E-3 4.96504E-2 4.38938E-2 8.54811E-2 7.09209E-2 1.79832E-2
-9999 -9999 -9999 -9999 -9999 -9999 -9999 -9999 -9999 -9999 -9999 -9999 -9999 -9999 -9999 -9999 -9999 -9999 -9999 -9999 9.72171E-1 9.6572E-1 8.82612E-1 8.84098E-1 7.10037E-1 7.73962E-1 6.90514E-1 7.31446E-1 7.22133E-1 6.23486E-1 7.79167E-1 7.48567E-1 9.21889E-1 9.3716E-1 9.491E-1 9.5524E-1 9.15176E-1 8.7567E-1 7.62796E-1 6.1965E-1 7.28046E-1 9.8169E-1 9.97019E-1 9.93332E-1 9.22684E-1 8.31496E-1 5.3898E-1 2.26661E-1 1.84116E-1 3.17896E-1 3.7234E-1 2.12764E-1 1.13885E-1 2.65252E-2 4.1258E-3 1.18763E-3 8.4105E-3 2.80678E-1 2.45109E-1 5.90623E-1 5.56385E-1 1.99438E-1 2.23218E-2 3.49989E-3 1.28495E-3 8.70142E-4 3.65062E-3 1.1711E-2 7.74391E-3 6.01585E-4 1.68998E-3 2.11456E-2 1.22232E-2 1.85734E-2 3.42696E-2 1.81592E-2
-9999 -9999 -9999 -9999 -9999 -9999 -9999 -9999 -9999 -9999 -9999 -9999 -9999 -9999 -9999 -9999 -9999 -9999 -9999 -9999 9.9508E-1 9.59984E-1 9.37299E-1 8.42093E-1 7.6206E-1 7.9343E-1 5.93413E-1 6.88454E-1 6.38411E-1 7.11508E-1 8.54804E-1 7.97692E-1 9.43269E-1 8.2725E-1 9.21779E-1 9.3687E-1 9.03672E-1 6.79989E-1 8.10086E-1 6.1237E-1 7.27884E-1 9.69933E-1 9.98066E-1 9.94973E-1 9.85306E-1 8.16585E-1 5.1575E-1 1.72487E-1 7.16633E-2 9.32778E-2 9.34052E-2 9.67211E-2 6.29352E-2 1.13873E-2 2.74276E-3 9.28052E-4 3.73301E-3 2.80824E-2 1.5721E-1 3.6263E-1 6.54383E-1 2.45868E-1 3.52066E-2 3.08258E-3 2.04706E-3 3.40264E-4 4.92798E-4 2.5732E-3 5.69237E-3 5.42126E-4 1.32183E-3 5.20617E-3 2.39924E-3 4.70679E-3 8.14578E-3 6.40769E-2
-9999 -9999 -9999 -9999 -9999 -9999 -9999 -9999 -9999 -9999 -9999 -9999 -9999 -9999 -9999 -9999 -9999 -9999 -9999 -9999 -9999 9.70126E-1 9.63041E-1 9.39625E-1 7.71112E-1 5.89601E-1 7.16732E-1 8.47926E-1 8.1888E-1 9.21565E-1 8.63255E-1 8.98159E-1 8.91436E-1 8.60428E-1 7.81024E-1 9.30917E-1 9.14725E-1 8.10731E-1 7.75786E-1 7.01856E-1 8.46882E-1 9.69649E-1 9.95198E-1 9.97168E-1 9.67418E-1 7.37373E-1 6.01282E-1 3.74328E-1 1.19537E-1 4.23667E-2 4.26211E-2 3.4947E-2 1.62031E-2 6.24867E-3 1.62093E-3 6.90564E-4 1.5847E-3 6.55353E-3 1.93195E-2 1.10406E-1 5.54511E-1 4.62408E-1 1.40361E-1 5.64766E-3 2.469E-3 8.07969E-4 4.28209E-4 1.71211E-3 2.28078E-3 6.5414E-4 2.94229E-4 1.07818E-3 6.17104E-4 8.68369E-4 3.52926E-3 2.38671E-2
-9999 -9999 -9999 -9999 -9999 -9999 -9999 -9999 -9999 -9999 -9999 -9999 -9999 -9999 -9999 -9999 -9999 -9999 -9999 -9999 -9999 9.63186E-1 9.68827E-1 9.44422E-1 7.90003E-1 7.5084E-1 9.54568E-1 8.98463E-1 8.79407E-1 7.6477E-1 6.46925E-1 6.98629E-1 8.81519E-1 7.97005E-1 7.4247E-1 8.96198E-1 9.88594E-1 8.97517E-1 5.83831E-1 8.70108E-1 9.48601E-1 9.60094E-1 9.91988E-1 9.83701E-1 9.36237E-1 7.92403E-1 6.69463E-1 5.96497E-1 3.99527E-1 1.13133E-1 1.61786E-2 5.78846E-3 4.50818E-3 2.38774E-3 7.29181E-4 6.81894E-4 5.22041E-4 1.66832E-3 6.62498E-3 8.02881E-2 3.28857E-1 3.89429E-1 1.71048E-1 4.69079E-3 4.68616E-3 1.01753E-3 1.70808E-4 1.94655E-3 1.35327E-3 9.88223E-4 1.83056E-3 1.49526E-3 5.39809E-4 5.28742E-4 1.27778E-3 9.40979E-3
-9999 -9999 -9999 -9999 -9999 -9999 -9999 -9999 -9999 -9999 -9999 -9999 -9999 -9999 -9999 -9999 -9999 -9999 -9999 -9999 9.71072E-1 9.21462E-1 8.84618E-1 8.78377E-1 9.01526E-1 9.40605E-1 9.61812E-1 8.72626E-1 8.29733E-1 6.66143E-1 6.80878E-1 5.377E-1 5.75396E-1 6.49446E-1 7.93699E-1 8.99793E-1 9.48928E-1 8.80977E-1 6.15994E-1 6.86569E-1 9.24912E-1 9.92968E-1 9.68591E-1 9.64603E-1 6.24374E-1 6.80533E-1 4.95744E-1 5.78371E-1 3.87364E-1 2.25628E-2 6.42069E-3 1.31102E-3 6.17074E-4 3.65041E-4 1.72212E-4 1.00594E-4 2.09128E-4 9.07617E-4 1.88742E-3 2.46035E-2 5.59771E-2 2.44335E-1 1.87793E-1 5.15981E-3 1.1611E-2 2.34808E-3 6.19885E-4 1.07324E-3 3.15489E-3 5.34557E-3 3.37983E-3 1.87807E-3 5.39577E-4 3.93117E-4 7.5451E-4 1.61898E-3
-9999 -9999 -9999 -9999 -9999 -9999 -9999 -9999 -9999 -9999 -9999 -9999 -9999 -9999 -9999 -9999 -9999 -9999 -9999 -9999 9.61035E-1 9.26189E-1 8.51625E-1 8.59624E-1 9.63056E-1 9.56298E-1 9.4054E-1 8.94383E-1 9.03573E-1 8.72871E-1 8.71306E-1 7.94697E-1 7.29877E-1 6.6225E-1 6.06019E-1 9.0649E-1 9.70028E-1 8.58045E-1 6.3282E-1 7.67204E-1 9.48728E-1 9.90838E-1 9.73897E-1 7.98085E-1 5.42645E-1 4.85218E-1 3.19928E-1 1.57444E-1 9.58651E-2 1.89505E-2 2.86208E-3 1.13334E-3 2.73369E-4 1.74712E-4 1.29384E-4 5.44199E-5 6.94417E-5 1.84314E-4 1.79982E-3 2.85258E-3 1.03973E-2 1.84262E-1 1.96581E-1 1.65518E-1 2.2497E-2 1.15391E-2 5.82025E-3 5.09621E-3 8.70648E-3 1.37955E-2 3.58199E-3 2.91355E-3 1.68134E-3 1.64068E-3 1.01659E-3 1.00521E-3
-9999 -9999 -9999 -9999 -9999 -9999 -9999 -9999 -9999 -9999 -9999 -9999 -9999 -9999 -9999 -9999 -9999 -9999 -9999 -9999 8.82665E-1 9.13868E-1 9.20079E-1 8.27498E-1 8.73009E-1 7.43946E-1 7.80146E-1 8.51201E-1 7.48051E-1 6.94742E-1 7.62682E-1 8.22928E-1 6.15399E-1 5.49569E-1 5.71358E-1 6.85749E-1 9.28716E-1 9.21808E-1 6.59756E-1 8.645E-1 9.6056E-1 9.47744E-1 9.97216E-1 9.08726E-1 4.64407E-1 2.75643E-1 1.83711E-1 4.90642E-2 5.87047E-2 3.19407E-2 5.71447E-3 4.40122E-3 7.3956E-4 1.6903E-4 5.4224E-5 6.62643E-5 4.49366E-5 1.34736E-4 1.43486E-3 3.58087E-3 1.65659E-2 9.87479E-2 2.13066E-1 1.09297E-1 9.29056E-2 7.32717E-2 1.37727E-2 9.758E-3 2.45118E-2 6.92938E-3 5.42446E-3 1.98558E-3 2.00509E-3 1.25323E-3 9.86834E-4 1.53251E-3
-9999 -9999 -9999 -9999 -9999 -9999 -9999 -9999 -9999 -9999 -9999 -9999 -9999 -9999 -9999 -9999 -9999 -9999 -9999 -9999 -9999 -9999 -9999 -9999 8.70459E-1 8.02692E-1 5.94557E-1 7.0857E-1 6.72987E-1 6.0122E-1 5.86586E-1 6.83916E-1 6.72633E-1 5.12534E-1 4.36004E-1 6.70378E-1 8.92029E-1 8.9081E-1 6.26756E-1 8.03885E-1 8.02317E-1 9.2297E-1 9.37367E-1 9.26145E-1 6.93369E-1 5.15599E-1 2.69892E-1 9.43975E-2 1.2248E-1 1.28652E-1 3.20064E-2 1.10259E-2 3.30357E-3 9.99965E-4 8.92197E-5 2.57084E-5 3.78482E-5 1.29496E-4 9.31619E-4 6.95045E-3 6.52082E-3 3.87724E-3 4.07121E-2 2.39918E-1 3.17208E-2 2.52782E-2 4.67389E-2 2.01908E-2 2.58074E-2 6.85033E-3 3.5168E-3 2.71362E-3 3.09726E-3 2.02115E-3 5.55608E-4 7.4364E-4
-9999 -9999 -9999 -9999 -9999 -9999 -9999 -9999 -9999 -9999 -9999 -9999 -9999 -9999 -9999 -9999 -9999 -9999 -9999 -9999 -9999 -9999 -9999 -9999 -9999 9.43183E-1 7.68198E-1 8.64767E-1 8.00033E-1 7.41334E-1 6.62991E-1 4.8643E-1 5.59095E-1 4.75083E-1 4.18649E-1 4.08865E-1 8.96164E-1 8.83097E-1 8.37941E-1 5.76681E-1 6.93788E-1 8.51971E-1 6.40364E-1 7.70313E-1 7.75869E-1 7.43833E-1 3.40716E-1 1.87389E-1 3.978E-1 3.58692E-1 1.07417E-1 1.67693E-2 3.22904E-3 8.16267E-4 1.50184E-4 1.24124E-4 9.40108E-5 1.00891E-4 4.53119E-4 2.57949E-3 6.97875E-4 6.89849E-4 5.07189E-3 1.10882E-1 1.46745E-1 2.1003E-2 8.62048E-3 4.80061E-3 7.26397E-3 1.84319E-2 4.03792E-3 2.93859E-3 6.08141E-3 2.18928E-3 1.04583E-3 6.17775E-4
-9999 -9999 -9999 -9999 -9999 -9999 -9999 -9999 -9999 -9999 -9999 -9999 -9999 -9999 -9999 -9999 -9999 -9999 -9999 -9999 -9999 -9999 -9999 -9999 -9999 -9999 -9999 -9999 -9999 9.5481E-1 7.56873E-1 6.95128E-1 5.57067E-1 4.51131E-1 3.78047E-1 4.84914E-1 8.68365E-1 9.56749E-1 8.90644E-1 6.98231E-1 6.95606E-1 7.03959E-1 5.03797E-1 7.01018E-1 8.38392E-1 8.02367E-1 7.52568E-1 4.78866E-1 6.7457E-1 5.01139E-1 9.37113E-2 1.42814E-2 1.19421E-2 3.35701E-3 4.11039E-4 2.78885E-4 3.87297E-4 2.23938E-4 3.32844E-4 5.97718E-4 3.54041E-4 4.05517E-4 1.73036E-3 6.50982E-3 5.09493E-3 1.29364E-1 1.11773E-2 3.95114E-3 2.09697E-3 1.33547E-2 1.08627E-2 1.01616E-2 3.05943E-3 2.55582E-3 1.93316E-3 6.22011E-4
-9999 -9999 -9999 -9999 -9999 -9999 -9999 -9999 -9999 -9999 -9999 -9999 -9999 -9999 -9999 -9999 -9999 -9999 -9999 -9999 -9999 -9999 -9999 -9999 -9999 -9999 -9999 -9999 -9999 -9999 8.87308E-1 7.28084E-1 7.04632E-1 4.54649E-1 3.36637E-1 3.86664E-1 7.85286E-1 9.71966E-1 9.51768E-1 9.01401E-1 8.17258E-1 5.9646E-1 5.15083E-1 7.50387E-1 7.4591E-1 8.46447E-1 7.58911E-1 6.58313E-1 6.18949E-1 2.88986E-1 1.12926E-1 1.58385E-1 1.4763E-1 1.84461E-2 2.37536E-3 1.20328E-3 1.03612E-3 6.07825E-4 2.05092E-4 1.54137E-4 5.73277E-4 1.54136E-3 3.43056E-3 1.6639E-3 2.09442E-3 1.20863E-1 7.86361E-3 4.09222E-3 2.40243E-3 8.15393E-3 1.73325E-3 4.15657E-3 1.39586E-3 6.6244E-4 5.41675E-4 2.18049E-3
-9999 -9999 -9999 -9999 -9999 -9999 -9999 -9999 -9999 -9999 -9999 -9999 -9999 -9999 -9999 -9999 -9999 -9999 -9999 -9999 -9999 -9999 -9999 -9999 -9999 -9999 -9999 -9999 -9999 -9999 -9999 7.94054E-1 7.89873E-1 6.24707E-1 6.19343E-1 7.34511E-1 7.12377E-1 9.14815E-1 9.37131E-1 9.31958E-1 9.78309E-1 8.85574E-1 8.0737E-1 5.17672E-1 5.40946E-1 6.76425E-1 4.67497E-1 6.71958E-1 4.14721E-1 4.26639E-1 6.35814E-1 5.14404E-1 1.47875E-1 1.0851E-2 8.4214E-3 3.70499E-3 1.81097E-3 6.7521E-4 1.42912E-4 1.35343E-4 3.28445E-4 2.33805E-3 3.30513E-3 1.28995E-3 1.77508E-3 4.69742E-2 1.21026E-2 1.40886E-3 1.19911E-3 2.09164E-3 6.45475E-4 1.08308E-3 2.43894E-3 3.68641E-4 7.95909E-4 1.19507E-3
-9999 -9999 -9999 -9999 -9999 -9999 -9999 -9999 -9999 -9999 -9999 -9999 -9999 -9999 -9999 -9999 -9999 -9999 -9999 -9999 -9999 -9999 -9999 -9999 -9999 -9999 -9999 -9999 -9999 -9999 -9999 -9999 8.18179E-1 5.95765E-1 5.16265E-1 6.48202E-1 6.54897E-1 8.75931E-1 8.88342E-1 9.00124E-1 8.83566E-1 8.883E-1 8.21649E-1 5.36779E-1 1.63933E-1 4.00464E-1 4.49687E-1 5.10084E-1 5.91916E-1 3.7488E-1 1.46448E-1 2.12605E-1 7.34277E-2 4.27443E-2 1.81367E-2 4.26135E-3 1.31302E-3 3.19512E-4 5.60498E-5 1.17888E-4 5.8415E-4 9.568E-4 2.17266E-3 6.27575E-4 6.84925E-4 2.76881E-2 1.8718E-2 4.5848E-3 1.37192E-3 7.17899E-4 3.43274E-4 2.91993E-4 4.52719E-4 1.30406E-4 2.65132E-4 2.34353E-4
-9999 -9999 -9999 -9999 -9999 -9999 -9999 -9999 -9999 -9999 -9999 -9999 -9999 -9999 -9999 -9999 -9999 -9999 -9999 -9999 -9999 -9999 -9999 -9999 -9999 -9999 -9999 -9999 -9999 -9999 -9999 -9999 -9999 4.1507E-1 4.0848E-1 3.52081E-1 5.48131E-1 6.7044E-1 8.04447E-1 5.45708E-1 4.15E-1 6.76221E-1 4.51776E-1 4.09773E-1 1.47034E-1 3.45401E-2 2.89936E-2 3.01163E-1 5.05389E-1 4.11003E-1 1.42353E-1 3.34886E-2 4.12824E-2 2.71143E-2 5.99991E-3 2.15552E-3 5.20487E-4 2.18339E-4 7.82389E-5 8.64685E-5 4.57364E-4 1.72197E-3 2.09007E-3 2.02186E-3 1.5511E-3 2.04626E-2 1.12124E-1 2.11591E-2 2.64448E-3 4.17312E-4 2.55054E-4 1.8332E-4 1.71054E-4 2.43042E-4 1.5739E-4 1.20948E-4
-9999 -9999 -9999 -9999 -9999 -9999 -9999 -9999 -9999 -9999 -9999 -9999 -9999 -9999 -9999 -9999 -9999 -9999 -9999 -9999 -9999 -9999 -9999 -9999 -9999 -9999 -9999 -9999 -9999 -9999 -9999 -9999 -9999 -9999 -9999 7.9206E-2 1.00482E-1 1.85935E-1 4.4655E-1 5.79651E-1 6.49896E-1 5.82803E-1 5.41756E-1 5.83221E-1 3.30197E-1 5.57489E-2 1.47191E-2 1.32416E-1 3.31547E-1 4.39104E-1 3.77623E-1 8.61955E-2 1.3539E-2 1.04343E-2 5.21859E-3 1.86539E-3 1.34818E-3 9.07488E-4 3.36049E-4 7.95537E-4 5.92195E-4 4.83428E-4 1.22405E-3 2.10051E-3 1.41422E-3 3.90494E-3 1.79656E-2 7.1908E-2 4.7543E-3 1.17074E-3 2.6729E-4 1.55465E-4 8.83372E-5 1.88615E-4 1.21906E-4 1.25166E-4
-9999 -9999 -9999 -9999 -9999 -9999 -9999 -9999 -9999 -9999 -9999 -9999 -9999 -9999 -9999 -9999 -9999 -9999 -9999 -9999 -9999 -9999 -9999 -9999 -9999 -9999 -9999 -9999 -9999 -9999 -9999 -9999 -9999 -9999 -9999 -9999 4.65718E-2 3.26849E-1 4.13139E-1 4.24077E-1 4.29536E-1 4.19702E-1 3.68367E-1 4.69907E-1 4.85818E-1 2.35339E-1 2.8022E-2 5.31089E-2 1.30196E-1 1.91376E-1 3.34964E-1 1.34135E-1 5.46239E-2 1.25897E-1 8.09101E-2 2.86265E-2 3.32279E-3 2.03025E-3 1.73341E-3 2.35169E-3 1.39491E-3 1.00953E-3 5.01989E-4 5.42532E-4 3.10657E-4 3.20898E-3 1.30219E-2 1.65679E-2 2.77124E-3 2.92289E-4 1.3597E-4 9.28639E-5 6.31464E-5 8.89737E-5 1.00815E-4 6.05022E-5
-9999 -9999 -9999 -9999 -9999 -9999 -9999 -9999 -9999 -9999 -9999 -9999 -9999 -9999 -9999 -9999 -9999 -9999 -9999 -9999 -9999 -9999 -9999 -9999 -9999 -9999 -9999 -9999 -9999 -9999 -9999 -9999 -9999 -9999 -9999 -9999 -9999 2.7042E-1 3.82058E-1 2.02856E-1 2.54566E-1 2.91526E-1 2.28961E-1 2.94648E-1 2.01386E-1 9.08755E-2 3.56245E-2 1.48587E-2 1.68129E-2 4.72083E-2 7.66467E-2 2.90015E-1 2.48205E-1 1.02053E-1 1.2189E-1 3.32537E-2 2.4636E-2 1.51015E-2 5.19307E-3 3.81981E-3 2.58949E-3 1.57385E-3 5.3206E-4 1.07241E-4 6.32668E-5 3.11924E-4 1.23702E-2 3.55644E-3 1.23425E-3 2.9134E-4 3.39097E-4 1.61354E-4 9.17093E-5 7.39533E-5 4.84146E-5 9.86665E-5
-9999 -9999 -9999 -9999 -9999 -9999 -9999 -9999 -9999 -9999 -9999 -9999 -9999 -9999 -9999 -9999 -9999 -9999 -9999 -9999 -9999 -9999 -9999 -9999 -9999 -9999 -9999 -9999 -9999 -9999 -9999 -9999 -9999 -9999 -9999 -9999 -9999 -9999 2.85232E-1 2.48654E-1 1.60229E-1 1.21792E-1 8.95654E-2 1.35866E-1 4.6108E-2 1.39769E-2 1.13382E-2 2.92132E-3 4.20285E-3 1.18963E-2 4.05371E-2 8.07474E-2 1.51142E-1 7.603E-3 4.82315E-2 1.10156E-1 1.77694E-2 7.8633E-3 4.23501E-3 3.37985E-3 2.14954E-3 7.65512E-4 1.97052E-4 1.06591E-4 4.85837E-5 4.1244E-4 1.61904E-2 2.15896E-3 4.22836E-4 4.72444E-4 6.45719E-4 1.64239E-4 7.02421E-5 2.42398E-4 2.73262E-4 2.06508E-4
-9999 -9999 -9999 -9999 -9999 -9999 -9999 -9999 -9999 -9999 -9999 -9999 -9999 -9999 -9999 -9999 -9999 -9999 -9999 -9999 -9999 -9999 -9999 -9999 -9999 -9999 -9999 -9999 -9999 -9999 -9999 -9999 -9999 -9999 -9999 -9999 -9999 -9999 -9999 -9999 2.20348E-1 1.13502E-1 2.53476E-2 1.88285E-2 1.43565E-2 7.81563E-3 5.17374E-3 1.50059E-3 1.00365E-3 7.50919E-3 1.57916E-2 8.69908E-2 8.20355E-2 4.46952E-3 6.2122E-3 9.10128E-2 7.86926E-2 9.45089E-3 1.60834E-3 1.90484E-3 2.83816E-3 1.10111E-3 4.20086E-4 1.16235E-4 7.03781E-5 3.37854E-3 1.85876E-2 3.02717E-3 1.74262E-3 1.39261E-3 2.75902E-4 5.66961E-5 1.76919E-4 5.90698E-4 1.68499E-4 1.90299E-4
-9999 -9999 -9999 -9999 -9999 -9999 -9999 -9999 -9999 -9999 -9999 -9999 -9999 -9999 -9999 -9999 -9999 -9999 -9999 -9999 -9999 -9999 -9999 -9999 -9999 -9999 -9999 -9999 -9999 -9999 -9999 -9999 -9999 -9999 -9999 -9999 -9999 -9999 -9999 -9999 -9999 2.28955E-1 5.68102E-2 8.08134E-2 4.53591E-2 7.19928E-3 1.93402E-3 1.22158E-3 4.3928E-4 2.89545E-3 2.67806E-3 5.58012E-2 8.52911E-2 1.42659E-2 4.06539E-3 7.2089E-3 2.28221E-2 4.35042E-2 2.78942E-3 6.48479E-4 4.55935E-4 4.67058E-4 3.03025E-4 1.50196E-4 3.84811E-4 3.46472E-3 3.52932E-3 3.43738E-3 5.06165E-3 3.76577E-3 3.40447E-4 2.83809E-4 1.40176E-3 9.56991E-4 6.86462E-4 4.03719E-4
-9999 -9999 -9999 -9999 -9999 -9999 -9999 -9999 -9999 -9999 -9999 -9999 -9999 -9999 -9999 -9999 -9999 -9999 -9999 -9999 -9999 -9999 -9999 -9999 -9999 -9999 -9999 -9999 -9999 -9999 -9999 -9999 -9999 -9999 -9999 -9999 -9999 -9999 -9999 -9999 -9999 -9999 1.65532E-1 1.66702E-1 1.74044E-2 3.534E-3 1.41808E-3 7.36455E-4 2.37536E-4 3.92635E-4 3.25844E-3 5.07277E-2 1.03261E-1 4.36564E-2 1.38191E-2 3.47094E-3 1.15245E-2 2.6733E-2 1.65938E-2 4.53409E-3 1.85756E-3 1.04523E-3 4.38967E-4 2.28962E-4 2.84363E-4 1.46687E-3 9.24205E-4 1.15303E-3 9.62059E-4 1.07004E-3 6.3455E-4 1.62667E-3 4.24975E-4 1.30609E-4 4.45074E-4 6.55704E-4
