ENM/Final_Models/M_1_F_qp_Set_1_E/Gustavia_santanderiensis_Choco_avg.asc
ncols         367
nrows         963
xllcorner     -78.6
yllcorner     0.65
cellsize      0.00833333333333323
NODATA_value  -9999
[rows 870 to 899 of 963, columns 0 to 66 of 367]
-9999 -9999 -9999 -9999 -9999 -9999 -9999 -9999 -9999 -9999 -9999 -9999 -9999 -9999 -9999 -9999 -9999 -9999 -9999 -9999 -9999 -9999 -9999 -9999 -9999 -9999 -9999 -9999 -9999 -9999 -9999 -9999 -9999 -9999 -9999 6.85364E-1 6.39788E-1 5.64929E-1 4.99409E-1 5.05647E-1 5.23344E-1 4.47953E-1 4.7784E-1 5.33955E-1 5.62827E-1 7.11605E-1 6.9663E-1 6.67036E-1 6.02187E-1 5.42722E-1 4.7653E-1 5.20145E-1 3.25782E-1 5.20699E-1 3.59834E-1 3.3298E-1 4.06631E-1 5.05901E-1 4.75152E-1 4.18471E-1 3.25748E-1 3.13695E-1 3.76666E-1 3.16129E-1 4.28427E-1 4.36512E-1 5.8515E-1
-9999 -9999 -9999 -9999 -9999 -9999 -9999 -9999 -9999 -9999 -9999 -9999 -9999 -9999 -9999 -9999 -9999 -9999 -9999 -9999 -9999 -9999 -9999 -9999 -9999 -9999 -9999 -9999 -9999 -9999 -9999 -9999 -9999 6.42067E-1 5.95923E-1 5.77677E-1 6.1072E-1 5.75598E-1 5.93364E-1 5.59787E-1 5.22344E-1 5.16423E-1 4.7144E-1 5.41692E-1 5.80832E-1 6.94506E-1 6.49528E-1 5.79676E-1 5.05292E-1 4.93256E-1 4.68479E-1 4.30848E-1 4.97977E-1 2.84149E-1 3.0988E-1 3.45397E-1 3.82756E-1 4.11577E-1 4.14853E-1 3.72864E-1 3.11416E-1 2.65867E-1 2.61302E-1 2.86695E-1 3.19264E-1 3.79475E-1 5.24875E-1
-9999 -9999 -9999 -9999 -9999 -9999 -9999 -9999 -9999 -9999 -9999 -9999 -9999 -9999 -9999 -9999 -9999 -9999 -9999 -9999 -9999 -9999 -9999 -9999 -9999 -9999 -9999 -9999 -9999 -9999 -9999 -9999 6.80149E-1 6.40971E-1 5.67174E-1 6.0472E-1 5.69021E-1 5.68058E-1 5.70181E-1 5.28623E-1 4.74017E-1 5.03604E-1 5.21874E-1 4.70481E-1 4.89013E-1 6.26867E-1 6.43551E-1 5.49725E-1 5.36044E-1 5.30885E-1 4.84143E-1 4.5906E-1 4.10907E-1 3.78452E-1 3.24017E-1 2.95609E-1 3.09331E-1 2.46636E-1 2.86405E-1 3.12348E-1 3.56323E-1 2.43211E-1 2.9107E-1 2.54368E-1 2.97344E-1 3.85773E-1 5.22922E-1
-9999 -9999 -9999 -9999 -9999 -9999 -9999 -9999 -9999 -9999 -9999 -9999 -9999 -9999 -9999 -9999 -9999 -9999 -9999 -9999 -9999 -9999 -9999 -9999 -9999 -9999 -9999 -9999 -9999 -9999 -9999 7.00888E-1 6.95793E-1 6.97668E-1 5.57196E-1 5.31025E-1 6.09859E-1 5.84817E-1 5.68036E-1 5.48194E-1 5.10757E-1 5.03161E-1 5.02358E-1 4.84071E-1 5.10352E-1 5.47888E-1 6.1949E-1 5.99789E-1 5.99354E-1 4.64541E-1 4.52003E-1 4.61753E-1 3.95935E-1 3.35796E-1 3.7471E-1 4.13381E-1 2.7302E-1 2.48738E-1 2.30369E-1 2.98154E-1 2.9658E-1 2.39857E-1 3.23174E-1 3.20439E-1 3.00058E-1 4.25465E-1 6.29009E-1
-9999 -9999 -9999 -9999 -9999 -9999 -9999 -9999 -9999 -9999 -9999 -9999 -9999 -9999 -9999 -9999 -9999 -9999 -9999 -9999 -9999 -9999 -9999 -9999 -9999 -9999 -9999 -9999 -9999 -9999 6.10736E-1 5.98991E-1 6.5464E-1 6.0246E-1 7.17072E-1 6.0154E-1 5.62402E-1 6.04031E-1 5.56728E-1 5.64649E-1 6.19608E-1 5.6058E-1 5.59738E-1 4.75144E-1 4.84078E-1 5.07543E-1 6.22923E-1 6.14761E-1 5.55122E-1 4.78226E-1 4.50088E-1 4.2316E-1 3.85548E-1 3.41806E-1 3.33409E-1 3.90783E-1 2.28684E-1 2.4459E-1 1.76548E-1 3.46612E-1 2.8335E-1 2.74376E-1 2.98568E-1 2.71859E-1 3.31909E-1 4.88646E-1 6.41537E-1
-9999 -9999 -9999 -9999 -9999 -9999 -9999 -9999 -9999 -9999 -9999 -9999 -9999 -9999 -9999 -9999 -9999 -9999 -9999 -9999 -9999 -9999 -9999 -9999 -9999 -9999 -9999 -9999 -9999 6.82856E-1 6.28296E-1 6.11512E-1 6.80197E-1 6.44683E-1 6.70409E-1 6.81693E-1 6.75066E-1 6.22919E-1 5.02524E-1 5.65286E-1 6.34499E-1 5.56378E-1 5.95226E-1 6.43916E-1 5.49116E-1 4.90342E-1 5.19907E-1 5.87695E-1 4.89812E-1 4.4037E-1 4.12703E-1 4.15563E-1 3.91849E-1 3.38693E-1 3.00272E-1 3.34456E-1 3.94582E-1 3.98873E-1 2.83074E-1 2.81305E-1 2.75707E-1 2.68554E-1 2.99014E-1 3.81226E-1 4.90509E-1 6.2843E-1 5.69903E-1
-9999 -9999 -9999 -9999 -9999 -9999 -9999 -9999 -9999 -9999 -9999 -9999 -9999 -9999 -9999 -9999 -9999 -9999 -9999 -9999 -9999 -9999 -9999 -9999 -9999 -9999 -9999 -9999 6.87006E-1 6.0458E-1 6.51877E-1 6.19781E-1 6.02499E-1 6.509E-1 6.05269E-1 5.90894E-1 6.83898E-1 5.58836E-1 4.92198E-1 4.78863E-1 4.66157E-1 4.42516E-1 4.89756E-1 6.15967E-1 6.6511E-1 4.97157E-1 4.66284E-1 4.96827E-1 4.68842E-1 4.82655E-1 3.92908E-1 3.74772E-1 3.87094E-1 3.54346E-1 3.32176E-1 3.27893E-1 3.52249E-1 3.384E-1 2.9224E-1 2.5688E-1 2.7034E-1 3.04823E-1 4.12228E-1 4.4484E-1 5.51241E-1 5.77199E-1 4.64566E-1
-9999 -9999 -9999 -9999 -9999 -9999 -9999 -9999 -9999 -9999 -9999 -9999 -9999 -9999 -9999 -9999 -9999 -9999 -9999 -9999 -9999 -9999 -9999 -9999 -9999 -9999 -9999 -9999 7.62622E-1 6.50597E-1 6.18065E-1 6.02031E-1 5.68896E-1 6.44318E-1 5.86898E-1 6.00996E-1 5.58499E-1 5.07711E-1 5.17424E-1 5.84315E-1 5.18871E-1 4.67296E-1 4.29168E-1 5.30406E-1 6.78725E-1 6.3148E-1 5.36043E-1 2.89242E-1 3.24079E-1 4.1192E-1 3.60958E-1 3.57041E-1 3.31159E-1 2.94544E-1 3.35261E-1 3.23685E-1 3.28319E-1 3.02095E-1 2.86697E-1 2.38423E-1 2.72552E-1 3.31975E-1 4.69823E-1 4.44684E-1 4.32366E-1 3.45168E-1 3.94709E-1
-9999 -9999 -9999 -9999 -9999 -9999 -9999 -9999 -9999 -9999 -9999 -9999 -9999 -9999 -9999 -9999 -9999 -9999 -9999 -9999 -9999 -9999 -9999 -9999 -9999 -9999 -9999 -9999 -9999 -9999 -9999 6.5378E-1 5.81269E-1 5.48727E-1 6.2571E-1 5.53408E-1 5.08006E-1 5.38739E-1 5.71317E-1 5.57761E-1 4.54671E-1 4.42707E-1 4.40062E-1 4.87356E-1 4.97493E-1 6.00686E-1 6.34996E-1 5.21486E-1 5.2955E-1 5.52845E-1 4.28418E-1 3.98942E-1 3.58805E-1 3.25032E-1 3.56035E-1 2.96185E-1 2.86399E-1 3.18162E-1 2.55979E-1 2.63054E-1 3.80659E-1 4.02918E-1 4.54376E-1 4.50538E-1 3.37107E-1 2.46156E-1 1.76121E-1
-9999 -9999 -9999 -9999 -9999 -9999 -9999 -9999 -9999 -9999 -9999 -9999 -9999 -9999 -9999 -9999 -9999 -9999 -9999 -9999 -9999 -9999 -9999 -9999 -9999 -9999 -9999 -9999 -9999 -9999 -9999 6.04463E-1 5.88242E-1 5.31557E-1 5.02982E-1 5.36448E-1 4.54133E-1 4.75476E-1 4.27978E-1 5.47981E-1 5.0234E-1 4.05269E-1 4.21548E-1 4.20121E-1 4.25034E-1 4.72781E-1 4.74407E-1 3.49344E-1 3.12674E-1 4.34939E-1 5.08118E-1 4.68538E-1 4.07746E-1 3.55215E-1 3.59909E-1 3.49693E-1 2.25885E-1 2.90128E-1 2.76666E-1 3.48783E-1 4.1034E-1 3.91803E-1 3.41389E-1 2.41785E-1 1.27093E-1 5.93774E-2 8.59305E-2
-9999 -9999 -9999 -9999 -9999 -9999 -9999 -9999 -9999 -9999 -9999 -9999 -9999 -9999 -9999 -9999 -9999 -9999 -9999 -9999 -9999 -9999 -9999 -9999 -9999 -9999 -9999 -9999 -9999 -9999 6.32424E-1 5.42424E-1 5.72069E-1 5.21598E-1 4.89469E-1 5.31721E-1 4.84735E-1 4.69562E-1 4.55706E-1 4.98804E-1 5.18122E-1 4.11347E-1 4.0395E-1 3.93286E-1 4.18709E-1 4.73571E-1 4.31384E-1 4.12378E-1 3.47121E-1 3.68598E-1 4.27121E-1 5.3922E-1 4.80761E-1 3.53065E-1 2.35346E-1 2.97242E-1 3.13842E-1 2.56374E-1 2.74886E-1 3.60761E-1 3.80357E-1 2.20953E-1 1.1041E-1 7.80745E-2 2.69731E-2 3.91132E-2 5.41089E-2
-9999 -9999 -9999 -9999 -9999 -9999 -9999 -9999 -9999 -9999 -9999 -9999 -9999 -9999 -9999 -9999 -9999 -9999 -9999 -9999 -9999 -9999 -9999 -9999 -9999 -9999 -9999 -9999 -9999 -9999 5.73191E-1 4.95222E-1 4.88632E-1 4.82407E-1 4.71458E-1 4.84504E-1 5.3321E-1 4.68317E-1 4.33361E-1 4.10213E-1 4.36834E-1 4.43817E-1 3.84538E-1 4.07359E-1 3.83192E-1 3.95748E-1 4.23058E-1 4.14921E-1 4.2638E-1 4.49284E-1 4.32543E-1 4.79998E-1 6.09305E-1 5.30294E-1 3.19674E-1 2.77756E-1 2.94474E-1 2.35918E-1 2.42013E-1 3.40328E-1 2.31799E-1 7.97096E-2 1.9823E-2 1.01446E-2 6.84372E-3 7.78616E-3 6.97203E-3
-9999 -9999 -9999 -9999 -9999 -9999 -9999 -9999 -9999 -9999 -9999 -9999 -9999 -9999 -9999 -9999 -9999 -9999 -9999 -9999 -9999 -9999 -9999 -9999 -9999 7.51204E-1 6.73549E-1 6.39022E-1 6.23899E-1 6.74012E-1 6.00021E-1 5.30484E-1 4.86674E-1 4.94124E-1 4.48216E-1 4.6443E-1 4.54542E-1 4.8738E-1 4.74477E-1 3.78807E-1 3.25079E-1 4.19952E-1 4.37658E-1 4.13912E-1 3.92804E-1 4.41785E-1 4.62272E-1 4.11599E-1 4.27854E-1 3.45925E-1 4.02993E-1 3.90922E-1 5.18974E-1 4.89076E-1 4.36069E-1 2.57669E-1 2.77582E-1 2.1996E-1 2.47068E-1 3.47247E-1 1.84036E-1 4.05049E-2 4.54155E-3 1.07877E-3 8.73008E-4 5.4568E-4 5.25088E-4
-9999 -9999 -9999 -9999 -9999 -9999 -9999 -9999 -9999 -9999 -9999 -9999 -9999 -9999 -9999 -9999 -9999 -9999 -9999 -9999 -9999 -9999 7.61849E-1 7.14658E-1 7.15489E-1 7.28662E-1 7.61501E-1 6.69225E-1 6.47812E-1 6.82531E-1 6.34774E-1 6.61248E-1 5.79007E-1 4.97587E-1 4.83558E-1 4.52743E-1 3.97405E-1 3.67541E-1 4.14621E-1 4.35616E-1 3.5709E-1 3.99492E-1 4.23945E-1 3.78564E-1 4.0019E-1 4.43066E-1 4.0019E-1 3.58465E-1 3.86486E-1 3.55513E-1 3.48041E-1 3.46294E-1 5.06123E-1 5.89048E-1 4.14935E-1 4.38395E-1 4.08824E-1 3.59783E-1 1.58112E-1 2.81591E-1 1.02033E-1 9.66376E-3 1.80003E-3 7.92272E-4 7.1062E-4 3.43172E-4 1.75646E-4
-9999 -9999 -9999 -9999 -9999 -9999 -9999 -9999 -9999 -9999 -9999 -9999 -9999 -9999 -9999 -9999 -9999 -9999 -9999 -9999 -9999 7.84463E-1 9.1002E-1 8.26951E-1 8.96145E-1 8.81587E-1 7.49006E-1 7.0675E-1 7.6083E-1 6.05022E-1 5.61786E-1 6.02845E-1 4.68568E-1 4.83806E-1 4.34079E-1 4.29068E-1 3.61686E-1 3.81242E-1 4.2212E-1 4.08018E-1 3.52821E-1 3.41576E-1 3.8573E-1 4.12798E-1 3.82162E-1 4.03746E-1 4.30208E-1 3.90889E-1 3.40089E-1 3.30544E-1 3.58433E-1 3.49857E-1 4.22205E-1 4.32247E-1 3.74504E-1 5.07655E-1 4.4786E-1 3.60075E-1 2.34632E-1 2.09462E-1 5.56852E-2 1.74989E-2 4.22357E-3 1.6339E-3 7.30138E-4 5.32466E-4 4.12398E-4
-9999 -9999 -9999 -9999 -9999 -9999 -9999 -9999 -9999 -9999 -9999 -9999 -9999 -9999 -9999 -9999 -9999 -9999 -9999 -9999 -9999 8.08583E-1 8.044E-1 7.88398E-1 8.04422E-1 8.53912E-1 8.8976E-1 8.69494E-1 6.74531E-1 5.66921E-1 5.23672E-1 4.70925E-1 4.66325E-1 5.43658E-1 5.26263E-1 4.32174E-1 4.05508E-1 4.13458E-1 4.30093E-1 3.59075E-1 3.15729E-1 3.71801E-1 3.66964E-1 3.64986E-1 3.81815E-1 4.09394E-1 4.15568E-1 3.37215E-1 3.58645E-1 3.23998E-1 2.8218E-1 3.4397E-1 3.8671E-1 3.8721E-1 3.38703E-1 2.83849E-1 4.01893E-1 3.40646E-1 2.08648E-1 1.66702E-1 1.18572E-1 5.59224E-2 1.28927E-2 4.76729E-3 1.91419E-3 1.1614E-3 1.11657E-3
-9999 -9999 -9999 -9999 -9999 -9999 -9999 -9999 -9999 -9999 -9999 -9999 -9999 -9999 -9999 -9999 -9999 -9999 -9999 -9999 -9999 8.52034E-1 7.65485E-1 7.76078E-1 8.10327E-1 8.16568E-1 8.76105E-1 8.73011E-1 8.22854E-1 5.68023E-1 5.74515E-1 5.33795E-1 4.75826E-1 5.08014E-1 5.18641E-1 4.62815E-1 4.27781E-1 3.11982E-1 3.49277E-1 3.79883E-1 3.62255E-1 3.64756E-1 3.51918E-1 3.59569E-1 3.76245E-1 4.28607E-1 4.18371E-1 3.64866E-1 3.08414E-1 3.37525E-1 2.73658E-1 3.16959E-1 2.97342E-1 2.92653E-1 2.22836E-1 2.07163E-1 4.26046E-1 3.60081E-1 2.37187E-1 1.35387E-1 1.55618E-1 6.99122E-2 2.01587E-2 6.88917E-3 3.96132E-3 2.23084E-3 1.69161E-3
-9999 -9999 -9999 -9999 -9999 -9999 -9999 -9999 -9999 -9999 -9999 -9999 -9999 -9999 -9999 -9999 -9999 -9999 -9999 -9999 -9999 -9999 8.28584E-1 6.96759E-1 7.8703E-1 7.68E-1 7.70971E-1 8.24543E-1 8.49265E-1 8.10859E-1 7.43853E-1 7.34444E-1 6.96555E-1 5.60264E-1 4.9215E-1 5.26163E-1 4.36717E-1 3.81038E-1 3.584E-1 3.79187E-1 3.29633E-1 3.37919E-1 3.45327E-1 3.61297E-1 3.84264E-1 3.85535E-1 3.66998E-1 3.59555E-1 3.28494E-1 3.8497E-1 3.57477E-1 2.90447E-1 2.94326E-1 2.77652E-1 2.13414E-1 2.2218E-1 3.10276E-1 3.93966E-1 3.90141E-1 3.04038E-1 1.68564E-1 6.24275E-2 1.55966E-2 3.52205E-3 2.77209E-3 2.58067E-3 1.2894E-3
-9999 -9999 -9999 -9999 -9999 -9999 -9999 -9999 -9999 -9999 -9999 -9999 -9999 -9999 -9999 -9999 -9999 -9999 -9999 -9999 -9999 -9999 8.1511E-1 8.13806E-1 7.13903E-1 6.87308E-1 6.33774E-1 6.43087E-1 7.98415E-1 8.87079E-1 8.95299E-1 7.98586E-1 6.90264E-1 4.75747E-1 6.21475E-1 5.38365E-1 4.79866E-1 3.99067E-1 3.70674E-1 3.74339E-1 3.30469E-1 3.44489E-1 4.14069E-1 3.30645E-1 3.24906E-1 3.72255E-1 3.75091E-1 4.01268E-1 3.68984E-1 3.57529E-1 3.21333E-1 3.1065E-1 2.85951E-1 1.77348E-1 7.98217E-2 7.22636E-2 1.24856E-1 1.91505E-1 3.8129E-1 2.92502E-1 2.00627E-1 8.69453E-2 1.861E-2 8.32999E-3 4.53881E-3 3.76742E-3 3.21216E-3
-9999 -9999 -9999 -9999 -9999 -9999 -9999 -9999 -9999 -9999 -9999 -9999 -9999 -9999 -9999 -9999 -9999 -9999 -9999 -9999 -9999 -9999 6.71445E-1 7.7723E-1 7.79403E-1 7.93167E-1 7.73622E-1 6.25038E-1 6.27293E-1 7.37832E-1 8.00418E-1 8.23796E-1 7.80974E-1 5.89199E-1 6.24571E-1 5.11224E-1 4.94954E-1 4.07745E-1 3.81496E-1 3.55405E-1 4.05889E-1 5.20054E-1 3.89216E-1 5.33444E-1 5.64353E-1 5.50237E-1 5.47765E-1 4.46773E-1 4.00093E-1 3.48417E-1 3.67007E-1 3.13258E-1 2.43856E-1 1.29008E-1 3.32807E-2 1.24722E-2 1.32411E-2 1.00058E-1 3.10667E-1 3.08268E-1 2.28291E-1 1.50306E-1 7.22142E-2 2.39908E-2 9.08434E-3 4.92939E-3 3.45625E-3
-9999 -9999 -9999 -9999 -9999 -9999 -9999 -9999 -9999 -9999 -9999 -9999 -9999 -9999 -9999 -9999 -9999 -9999 -9999 -9999 -9999 -9999 7.04254E-1 7.88531E-1 7.87605E-1 8.15782E-1 7.84069E-1 7.14131E-1 6.56829E-1 7.56861E-1 7.76235E-1 7.49906E-1 7.8889E-1 8.63231E-1 8.68895E-1 8.34477E-1 7.73711E-1 5.48071E-1 4.91207E-1 4.32481E-1 5.72589E-1 7.00312E-1 6.18424E-1 6.8044E-1 6.90891E-1 6.67061E-1 4.97102E-1 3.59216E-1 3.69038E-1 2.95338E-1 2.68037E-1 2.96454E-1 1.8654E-1 9.85912E-2 1.50739E-2 1.83893E-3 4.18146E-3 3.53845E-2 1.77671E-1 3.58489E-1 3.00868E-1 1.02362E-1 4.43126E-2 1.81564E-2 7.96028E-3 4.7451E-3 2.5271E-3
-9999 -9999 -9999 -9999 -9999 -9999 -9999 -9999 -9999 -9999 -9999 -9999 -9999 -9999 -9999 -9999 -9999 -9999 -9999 -9999 -9999 -9999 -9999 6.45827E-1 7.02598E-1 7.77396E-1 7.74861E-1 7.52186E-1 7.56831E-1 7.10098E-1 7.47585E-1 7.59958E-1 7.78611E-1 6.79803E-1 8.07624E-1 8.02198E-1 8.39551E-1 7.53873E-1 6.93659E-1 6.45754E-1 8.30087E-1 7.88661E-1 6.5765E-1 6.64144E-1 5.04762E-1 4.62227E-1 4.46545E-1 3.57252E-1 3.51229E-1 2.73937E-1 1.87318E-1 1.72099E-1 1.54791E-1 6.37748E-2 1.01045E-2 7.43248E-4 4.42743E-3 5.8001E-2 2.26769E-1 3.63043E-1 2.74509E-1 8.82806E-2 1.13411E-2 5.75998E-3 5.10626E-3 4.27379E-3 9.99472E-3
-9999 -9999 -9999 -9999 -9999 -9999 -9999 -9999 -9999 -9999 -9999 -9999 -9999 -9999 -9999 -9999 -9999 -9999 -9999 -9999 -9999 -9999 -9999 7.07551E-1 6.69074E-1 6.4594E-1 7.21246E-1 6.28282E-1 6.9054E-1 7.47119E-1 7.25457E-1 6.94513E-1 8.0704E-1 7.8919E-1 7.84687E-1 7.65953E-1 7.89998E-1 8.12203E-1 8.19955E-1 8.32624E-1 8.01467E-1 8.00979E-1 7.55422E-1 5.66145E-1 5.96624E-1 4.87648E-1 5.87635E-1 4.37725E-1 3.2725E-1 2.49065E-1 2.0211E-1 1.5936E-1 7.90622E-2 2.7243E-2 6.08519E-3 1.43429E-3 4.60183E-3 3.50953E-2 2.23309E-1 2.7144E-1 2.94407E-1 1.27134E-1 1.37397E-2 6.50069E-3 1.14479E-2 9.65156E-2 6.36562E-2
-9999 -9999 -9999 -9999 -9999 -9999 -9999 -9999 -9999 -9999 -9999 -9999 -9999 -9999 -9999 -9999 -9999 -9999 -9999 -9999 -9999 -9999 -9999 -9999 -9999 6.19909E-1 6.46521E-1 6.58737E-1 6.05799E-1 7.3486E-1 6.79025E-1 6.09779E-1 7.09498E-1 7.63586E-1 7.40181E-1 6.94292E-1 6.5547E-1 5.90289E-1 6.24192E-1 7.9625E-1 6.56785E-1 7.35008E-1 8.18721E-1 7.38069E-1 7.21778E-1 6.17096E-1 5.91867E-1 5.007E-1 3.74493E-1 3.07702E-1 2.4584E-1 2.01901E-1 1.27541E-1 3.85018E-2 1.1352E-2 2.74658E-3 1.11704E-2 5.05034E-2 1.81543E-1 2.12636E-1 2.99082E-1 1.94369E-1 3.40621E-2 1.82542E-2 6.37955E-2 1.61695E-1 1.21718E-1
-9999 -9999 -9999 -9999 -9999 -9999 -9999 -9999 -9999 -9999 -9999 -9999 -9999 -9999 -9999 -9999 -9999 -9999 -9999 -9999 -9999 6.6765E-1 6.82942E-1 -9999 -9999 5.84144E-1 5.31382E-1 5.66096E-1 5.86109E-1 5.96379E-1 6.47864E-1 5.77643E-1 6.42112E-1 6.81802E-1 6.92524E-1 5.60774E-1 5.03477E-1 4.9951E-1 5.08252E-1 6.29433E-1 5.14968E-1 5.74408E-1 7.15549E-1 8.02524E-1 6.96002E-1 6.28372E-1 5.71392E-1 3.17733E-1 3.78464E-1 3.26115E-1 2.57056E-1 2.07325E-1 1.09451E-1 2.61076E-2 1.05372E-2 3.19773E-3 1.6268E-2 9.09153E-2 1.81409E-1 2.54259E-1 2.35502E-1 2.43951E-1 9.69025E-2 1.83317E-1 1.89373E-1 2.08539E-1 1.58754E-1
-9999 -9999 -9999 -9999 -9999 -9999 -9999 -9999 -9999 -9999 -9999 -9999 -9999 -9999 -9999 -9999 -9999 -9999 -9999 -9999 -9999 5.57775E-1 5.37268E-1 5.71242E-1 5.76167E-1 5.27907E-1 4.90056E-1 4.57291E-1 5.10553E-1 4.98574E-1 4.94758E-1 4.96978E-1 5.3805E-1 6.3169E-1 6.86239E-1 5.66864E-1 4.74324E-1 3.93873E-1 4.02333E-1 4.40475E-1 3.27058E-1 3.99131E-1 5.46395E-1 7.3911E-1 6.01055E-1 4.26725E-1 3.66448E-1 2.87272E-1 3.31209E-1 2.9213E-1 2.35882E-1 2.17114E-1 8.66766E-2 2.8675E-2 3.25245E-3 1.6059E-3 7.60781E-3 7.73482E-2 2.33288E-1 3.13678E-1 1.5695E-1 1.83168E-1 1.91081E-1 9.49079E-2 9.2916E-2 8.77866E-2 1.07743E-1
-9999 -9999 -9999 -9999 -9999 -9999 -9999 -9999 -9999 -9999 -9999 -9999 -9999 -9999 -9999 -9999 -9999 -9999 -9999 -9999 6.26356E-1 5.82317E-1 5.39916E-1 4.38746E-1 4.44147E-1 4.58387E-1 4.13249E-1 3.85837E-1 4.0286E-1 4.03249E-1 4.04956E-1 4.1962E-1 4.24278E-1 4.73266E-1 5.77485E-1 5.81848E-1 4.79663E-1 3.24191E-1 3.10275E-1 3.28813E-1 3.15935E-1 6.02026E-1 6.21435E-1 5.22184E-1 3.9353E-1 3.76712E-1 2.81042E-1 2.14799E-1 2.1689E-1 2.27959E-1 1.78656E-1 1.10849E-1 6.45491E-2 2.37111E-2 7.39285E-3 1.29713E-3 5.58723E-3 9.46379E-2 1.73356E-1 2.46154E-1 1.03304E-1 4.95004E-2 1.44775E-2 4.94697E-3 1.4583E-3 4.66988E-3 6.72933E-3
-9999 -9999 -9999 -9999 -9999 -9999 -9999 -9999 -9999 -9999 -9999 -9999 -9999 -9999 -9999 -9999 -9999 -9999 -9999 -9999 6.77517E-1 6.34333E-1 5.06488E-1 4.82155E-1 3.52946E-1 3.70049E-1 3.20431E-1 3.29835E-1 3.24194E-1 2.80457E-1 3.81801E-1 3.51349E-1 5.00476E-1 5.32583E-1 5.49464E-1 5.36205E-1 4.93061E-1 4.12398E-1 3.15145E-1 2.47429E-1 2.86405E-1 5.71071E-1 6.95555E-1 6.52934E-1 4.40846E-1 3.20982E-1 1.96306E-1 8.65032E-2 7.33836E-2 1.16319E-1 1.36061E-1 8.10611E-2 4.73686E-2 1.43701E-2 2.51919E-3 8.02182E-4 5.03887E-3 9.24629E-2 8.84324E-2 2.19968E-1 2.08974E-1 7.20341E-2 1.12658E-2 1.77666E-3 7.01316E-4 4.531E-4 2.05017E-3
-9999 -9999 -9999 -9999 -9999 -9999 -9999 -9999 -9999 -9999 -9999 -9999 -9999 -9999 -9999 -9999 -9999 -9999 -9999 -9999 7.85457E-1 6.79373E-1 5.828E-1 4.36029E-1 3.60604E-1 3.69659E-1 2.70855E-1 3.23696E-1 2.83249E-1 3.29724E-1 4.79789E-1 4.13494E-1 5.58885E-1 4.24528E-1 5.18412E-1 5.21479E-1 4.55456E-1 2.85893E-1 3.3814E-1 2.44155E-1 2.841E-1 5.26467E-1 7.13541E-1 6.6761E-1 5.61642E-1 3.1072E-1 1.90516E-1 7.0029E-2 3.34591E-2 4.18282E-2 4.01445E-2 4.15606E-2 2.89316E-2 6.62576E-3 1.84749E-3 5.49854E-4 2.02739E-3 1.36255E-2 5.74455E-2 1.27128E-1 2.48194E-1 8.61601E-2 1.6279E-2 1.75232E-3 1.01555E-3 1.6681E-4 2.63585E-4
-9999 -9999 -9999 -9999 -9999 -9999 -9999 -9999 -9999 -9999 -9999 -9999 -9999 -9999 -9999 -9999 -9999 -9999 -9999 -9999 -9999 6.87531E-1 6.63851E-1 5.80759E-1 3.97453E-1 2.71895E-1 3.58631E-1 5.02501E-1 4.83829E-1 5.60402E-1 5.12507E-1 5.2049E-1 5.11263E-1 4.3413E-1 3.71956E-1 5.03971E-1 4.62153E-1 3.49639E-1 3.18928E-1 2.8718E-1 3.99042E-1 5.44108E-1 6.91351E-1 6.49093E-1 5.06649E-1 2.78035E-1 2.24133E-1 1.37088E-1 5.04847E-2 2.2059E-2 2.11542E-2 1.75199E-2 8.59176E-3 3.78618E-3 1.11439E-3 4.53683E-4 1.00211E-3 3.60619E-3 1.01844E-2 4.13767E-2 1.9605E-1 1.64911E-1 5.26813E-2 3.68425E-3 1.4319E-3 4.27291E-4 2.28918E-4
