ENM/Final_Models/M_1_F_qp_Set_1_E/Gustavia_santanderiensis_0_Choco.asc
ncols         367
nrows         963
xllcorner     -78.6
yllcorner     0.65
cellsize      0.00833333333333323
NODATA_value  -9999
[rows 816 to 849 of 963, columns 150 to 224 of 367]
5.78139E-4 2.6072E-4 1.66424E-3 1.11693E-2 1.82513E-2 1.66856E-2 1.71133E-2 -9999 -9999 -9999 -9999 -9999 -9999 -9999 -9999 -9999 -9999 -9999 -9999 -9999 -9999 -9999 -9999 -9999 -9999 -9999 -9999 -9999 -9999 -9999 -9999 -9999 -9999 -9999 -9999 -9999 -9999 -9999 -9999 -9999 7.99686E-4 1.29116E-3 1.01452E-3 5.56874E-4 3.66039E-4 2.36183E-4 7.39079E-5 1.17192E-4 2.56192E-4 1.41884E-4 1.50179E-4 8.48853E-5 2.63469E-4 1.61039E-3 1.87812E-3 3.56171E-4 3.1125E-4 1.61362E-4 9.33901E-5 5.86525E-5 9.0795E-5 8.17398E-5 9.49033E-5 5.4011E-5 1.14348E-4 3.62278E-4 1.99106E-4 3.61196E-4 3.06604E-4 2.92642E-4 -9999 -9999 -9999 -9999 -9999
1.10166E-4 1.4014E-4 1.93879E-3 2.59348E-2 -9999 -9999 -9999 -9999 -9999 -9999 -9999 -9999 -9999 -9999 -9999 -9999 -9999 -9999 -9999 -9999 -9999 -9999 -9999 -9999 -9999 -9999 -9999 -9999 -9999 -9999 -9999 -9999 -9999 -9999 -9999 -9999 -9999 -9999 6.39639E-3 1.12003E-3 3.77941E-3 2.03231E-3 8.09395E-4 6.89822E-4 4.74656E-4 1.38347E-4 5.01578E-5 4.5243E-5 1.43813E-4 8.70146E-5 4.17281E-5 1.60715E-4 7.95656E-5 3.37706E-4 8.69889E-4 4.30668E-4 2.88754E-4 1.48147E-4 2.48975E-5 2.13358E-5 6.84973E-5 1.94449E-4 3.01708E-4 2.45212E-4 1.29193E-4 2.0298E-4 3.26941E-4 1.80121E-4 3.05399E-4 -9999 -9999 -9999 -9999 -9999 -9999
5.39986E-5 1.83804E-4 1.76976E-3 1.67147E-2 -9999 -9999 -9999 -9999 -9999 -9999 -9999 -9999 -9999 -9999 -9999 -9999 -9999 -9999 -9999 5.35539E-3 6.9737E-3 4.99424E-3 -9999 -9999 -9999 -9999 -9999 -9999 -9999 -9999 -9999 -9999 -9999 -9999 -9999 -9999 -9999 -9999 -9999 -9999 3.76389E-3 9.18251E-4 5.03467E-4 2.9029E-4 2.0895E-4 7.84979E-5 7.77695E-5 5.9793E-5 3.86923E-5 3.62004E-5 7.60236E-5 1.4313E-4 1.93944E-4 7.72101E-5 7.38478E-4 9.10494E-4 4.92714E-4 3.71662E-4 9.31661E-5 1.49814E-4 1.10619E-4 1.14144E-4 1.90534E-4 1.39826E-4 1.23139E-4 2.04461E-4 2.48144E-4 5.67296E-4 2.44829E-4 -9999 -9999 -9999 -9999 -9999 -9999
5.42217E-5 3.93256E-4 4.93852E-3 4.4979E-2 3.67104E-2 -9999 -9999 -9999 -9999 -9999 -9999 -9999 -9999 -9999 -9999 -9999 -9999 -9999 5.82124E-3 4.6442E-3 8.32278E-3 4.1832E-3 3.33869E-3 -9999 -9999 -9999 -9999 -9999 -9999 -9999 -9999 -9999 -9999 -9999 -9999 -9999 -9999 -9999 -9999 -9999 8.44606E-4 8.24895E-4 2.92831E-4 1.32793E-4 1.4903E-4 1.87943E-4 1.49155E-4 5.52033E-5 2.78643E-5 3.78639E-5 4.41038E-5 8.14348E-5 1.58889E-4 1.32628E-4 1.89374E-4 9.41383E-4 3.99145E-4 5.35478E-4 4.99591E-4 8.38132E-4 5.09112E-4 6.78916E-4 5.17376E-4 3.98285E-4 6.10649E-5 1.95966E-4 2.04552E-4 3.21281E-4 1.3297E-4 -9999 -9999 -9999 -9999 -9999 -9999
6.77919E-5 7.90001E-4 1.21621E-2 2.56809E-2 2.91548E-2 -9999 -9999 -9999 -9999 -9999 -9999 -9999 -9999 -9999 -9999 -9999 -9999 4.10576E-3 7.02297E-3 4.27112E-3 8.18063E-3 7.68549E-3 6.10524E-3 8.78491E-3 -9999 1.26737E-2 2.26728E-2 -9999 -9999 -9999 -9999 -9999 -9999 -9999 -9999 -9999 -9999 -9999 -9999 3.49869E-3 7.91932E-4 1.2955E-3 3.2365E-4 1.39702E-4 1.14898E-4 2.1479E-4 3.14344E-4 7.19772E-5 4.26091E-5 3.48143E-5 1.89889E-5 2.35241E-5 2.56191E-5 4.03972E-5 3.26947E-4 2.67829E-4 2.68762E-4 5.67778E-4 4.17669E-4 1.45259E-4 3.78177E-4 2.7117E-4 1.30069E-4 3.34183E-4 4.37349E-4 4.21242E-4 1.49242E-4 1.57036E-4 3.46101E-4 -9999 -9999 -9999 -9999 -9999 -9999
2.30187E-4 1.4703E-3 1.27314E-2 5.62986E-2 6.4379E-2 -9999 -9999 -9999 -9999 -9999 -9999 -9999 -9999 -9999 -9999 -9999 -9999 -9999 5.24991E-3 4.79713E-3 9.68065E-3 6.21721E-3 5.73978E-3 6.24762E-3 5.41779E-3 8.66326E-3 2.63822E-2 -9999 -9999 -9999 -9999 -9999 -9999 -9999 -9999 -9999 1.40405E-2 1.81108E-2 1.39861E-2 5.43354E-3 1.18119E-3 9.35418E-4 7.72348E-4 2.93442E-4 3.08972E-4 2.67369E-4 1.57221E-4 8.7911E-5 4.18575E-5 5.11109E-5 4.75056E-5 2.3241E-4 1.30702E-4 2.92002E-5 9.90553E-5 1.46821E-4 1.0864E-4 3.23347E-4 4.29663E-4 1.74157E-4 1.5024E-4 2.29123E-4 1.17684E-4 2.24162E-4 2.69792E-4 1.72397E-4 1.43521E-4 1.23246E-4 8.29507E-5 -9999 -9999 -9999 -9999 -9999 -9999
1.98212E-4 8.10004E-4 1.90499E-2 5.29305E-2 -9999 -9999 -9999 -9999 -9999 -9999 -9999 -9999 -9999 -9999 -9999 -9999 -9999 1.00508E-2 1.49128E-2 -9999 -9999 5.49684E-3 8.5657E-3 4.43625E-3 7.32983E-3 1.8018E-2 -9999 -9999 -9999 -9999 -9999 -9999 -9999 -9999 -9999 -9999 -9999 -9999 -9999 -9999 -9999 -9999 3.51015E-4 2.74653E-4 2.19137E-4 4.26399E-4 2.73228E-4 1.74375E-4 8.01769E-5 4.91002E-5 3.51431E-5 3.7347E-4 4.21885E-4 2.46854E-5 5.89319E-5 6.70187E-5 4.33913E-5 6.45065E-5 2.2498E-4 1.7971E-4 9.22987E-5 2.0396E-4 1.67689E-4 1.10296E-4 1.74852E-4 9.48923E-5 3.518E-5 5.44475E-5 9.72269E-5 -9999 -9999 -9999 -9999 -9999 -9999
6.08237E-5 1.54929E-3 1.74966E-2 6.19338E-2 -9999 -9999 -9999 -9999 -9999 -9999 -9999 -9999 -9999 -9999 -9999 -9999 -9999 -9999 -9999 -9999 -9999 4.94286E-3 5.15285E-3 3.87485E-3 1.04258E-2 2.02895E-2 -9999 -9999 -9999 -9999 -9999 -9999 -9999 -9999 -9999 -9999 -9999 -9999 -9999 -9999 -9999 -9999 -9999 6.4493E-4 4.97625E-4 7.49423E-4 2.08351E-4 8.17087E-5 6.69619E-5 6.47951E-5 2.35255E-4 2.81553E-4 1.54952E-4 5.86087E-5 7.56184E-5 1.15872E-4 7.13036E-5 1.047E-4 6.79601E-5 1.4442E-4 8.16562E-5 1.21939E-4 2.19996E-4 1.52157E-4 1.88057E-4 7.66821E-5 2.08872E-4 2.62284E-4 3.2978E-4 2.80891E-4 -9999 -9999 -9999 -9999 -9999
2.79813E-4 2.70631E-3 2.35837E-2 4.69469E-2 -9999 -9999 -9999 -9999 -9999 -9999 -9999 -9999 -9999 -9999 -9999 -9999 -9999 -9999 -9999 -9999 -9999 4.40089E-3 4.20899E-3 4.29068E-3 1.24326E-2 3.31258E-2 -9999 -9999 -9999 -9999 -9999 -9999 -9999 -9999 1.19902E-2 1.99833E-2 2.10281E-2 -9999 -9999 -9999 7.87303E-4 8.6228E-4 2.54858E-3 2.7466E-3 2.34396E-3 5.17968E-4 3.52635E-4 1.86754E-4 9.44457E-5 3.71004E-5 8.64512E-5 7.17097E-5 1.80831E-5 6.41361E-5 1.16481E-4 2.33977E-4 1.79269E-4 9.94484E-5 1.02381E-4 1.01741E-4 1.23835E-4 4.31571E-5 1.1022E-4 9.20259E-5 1.04948E-4 8.07127E-5 1.1361E-4 5.46665E-4 4.85673E-4 3.76255E-4 -9999 -9999 -9999 -9999 -9999
2.49514E-4 4.23725E-3 3.34445E-2 4.57954E-2 -9999 -9999 -9999 -9999 -9999 -9999 -9999 -9999 -9999 -9999 -9999 -9999 -9999 -9999 -9999 -9999 1.30384E-2 6.6633E-3 7.53044E-3 6.43958E-3 9.93938E-3 2.93428E-2 -9999 -9999 -9999 -9999 -9999 -9999 -9999 -9999 1.33192E-2 9.80556E-3 4.7713E-3 1.98416E-3 7.90566E-4 1.2407E-4 1.11623E-4 6.33003E-4 4.61805E-4 1.2194E-3 1.09648E-3 5.20391E-4 3.8746E-4 6.11416E-4 4.25477E-4 1.35355E-4 6.19832E-5 2.91563E-5 2.9864E-5 5.75429E-5 4.15985E-4 5.613E-4 1.64248E-4 5.53883E-5 1.20493E-4 8.01719E-5 1.10107E-4 9.36771E-5 5.59449E-5 6.67602E-5 1.053E-4 2.71313E-4 1.88715E-4 1.50822E-4 2.81356E-4 4.16203E-4 -9999 -9999 -9999 -9999 -9999
2.49139E-4 1.64744E-3 7.67497E-3 5.52509E-2 -9999 -9999 -9999 -9999 -9999 -9999 -9999 -9999 -9999 -9999 -9999 -9999 -9999 -9999 -9999 9.49615E-3 7.57514E-3 5.5739E-3 7.12028E-3 9.42894E-3 8.84034E-3 1.57321E-2 -9999 -9999 -9999 -9999 -9999 -9999 -9999 -9999 3.97259E-3 2.55747E-3 1.46333E-3 1.35728E-3 5.03062E-4 3.03304E-4 1.35096E-4 3.80638E-4 1.24874E-4 2.15438E-4 5.24237E-4 2.82552E-4 2.5455E-4 1.45779E-4 8.60629E-5 1.30054E-4 1.17939E-4 1.31183E-4 5.63532E-5 4.30413E-5 1.8226E-4 4.47859E-4 2.34134E-4 1.19855E-4 1.201E-4 1.22887E-4 1.14412E-4 8.22346E-5 9.60089E-5 7.95865E-5 9.13228E-5 3.41992E-4 3.42711E-4 3.62946E-4 5.2374E-4 6.2762E-4 -9999 -9999 -9999 -9999 -9999
3.84794E-4 1.54214E-3 1.81412E-2 5.6431E-2 -9999 -9999 -9999 -9999 -9999 -9999 -9999 -9999 -9999 -9999 -9999 -9999 -9999 -9999 -9999 -9999 -9999 5.26287E-3 7.98105E-3 5.58283E-3 8.10785E-3 1.69174E-2 -9999 -9999 -9999 -9999 -9999 -9999 -9999 -9999 3.25783E-3 1.23485E-3 6.2386E-4 3.9787E-4 1.63733E-4 1.11449E-4 1.04259E-4 4.86539E-4 1.69645E-4 1.34729E-4 3.30819E-4 2.35618E-4 2.23294E-4 4.56162E-4 6.13842E-5 5.94006E-5 5.53042E-5 9.2534E-5 1.09786E-4 1.58667E-4 4.39292E-5 4.22184E-4 3.54048E-4 2.70729E-4 1.27722E-4 1.37775E-4 1.31814E-4 1.35355E-4 2.96725E-4 3.86096E-4 1.57928E-4 3.97362E-4 2.50091E-4 7.29001E-4 6.02245E-4 6.63958E-4 -9999 -9999 -9999 -9999 -9999
5.13389E-4 9.93125E-4 6.87616E-3 3.23256E-2 -9999 -9999 -9999 -9999 -9999 -9999 -9999 -9999 -9999 -9999 -9999 -9999 -9999 -9999 -9999 -9999 -9999 -9999 2.96747E-3 3.60522E-3 7.49141E-3 1.28929E-2 -9999 -9999 1.09396E-2 -9999 -9999 -9999 -9999 -9999 4.54877E-3 8.33586E-4 1.87725E-4 1.38678E-4 9.27844E-5 8.82143E-5 1.47435E-4 2.15191E-4 1.31631E-4 5.23755E-5 1.01425E-4 2.77336E-4 1.33699E-4 6.0439E-5 1.22175E-4 4.71783E-5 1.06835E-4 2.12244E-5 1.37586E-4 9.91625E-5 1.2653E-4 7.82059E-4 5.36452E-4 3.01706E-4 4.7993E-5 7.73802E-5 2.07474E-4 6.37049E-5 1.3953E-4 2.69481E-4 5.05854E-4 3.44067E-4 4.53792E-4 3.56964E-4 4.10296E-4 -9999 -9999 -9999 -9999 -9999 -9999
6.84775E-4 7.00928E-4 2.07379E-3 1.8495E-2 4.6602E-2 -9999 -9999 -9999 -9999 -9999 -9999 -9999 -9999 -9999 -9999 -9999 -9999 -9999 -9999 -9999 -9999 -9999 -9999 2.70157E-3 5.77615E-3 1.10343E-2 -9999 -9999 1.73605E-2 -9999 -9999 -9999 -9999 4.83154E-3 5.12629E-3 1.39998E-3 3.38243E-4 9.52378E-5 5.44607E-5 8.80066E-5 1.44513E-4 9.1082E-5 1.06871E-4 6.53456E-5 8.53105E-5 2.90799E-4 1.2568E-4 3.60934E-5 2.47429E-5 3.62072E-5 4.46274E-4 2.45039E-4 1.327E-4 5.91608E-5 1.07365E-4 1.82883E-4 5.07818E-4 5.05279E-4 1.2083E-4 4.97017E-5 1.0644E-4 1.01433E-4 2.58928E-4 5.01288E-4 5.81364E-4 4.90312E-4 5.39233E-4 4.09915E-4 -9999 -9999 -9999 -9999 -9999 -9999 -9999
1.55154E-3 1.43269E-3 1.73659E-3 2.30729E-2 5.21944E-2 -9999 -9999 -9999 -9999 -9999 -9999 -9999 -9999 -9999 -9999 -9999 -9999 -9999 -9999 -9999 1.73991E-2 -9999 -9999 3.70373E-3 2.86582E-3 7.26148E-3 -9999 -9999 -9999 -9999 -9999 1.93532E-3 1.87029E-3 4.09974E-3 1.66435E-3 6.10806E-4 1.56101E-4 8.8566E-5 1.01053E-4 6.96951E-5 1.03067E-4 1.04541E-4 1.06941E-4 1.06207E-4 9.8141E-5 1.78919E-4 3.98668E-5 4.52845E-5 1.78423E-4 1.29938E-4 5.54373E-4 4.8575E-4 2.18077E-4 9.02165E-5 1.27045E-4 8.97475E-5 3.23063E-4 4.87497E-4 1.75185E-4 5.09531E-5 2.75175E-4 1.15437E-4 3.78541E-4 9.16055E-4 6.30779E-4 7.97121E-4 5.70938E-4 4.61805E-4 -9999 -9999 -9999 -9999 -9999 -9999 -9999
5.77841E-3 2.48972E-3 3.82063E-3 3.59509E-2 6.76971E-2 -9999 -9999 -9999 -9999 -9999 -9999 -9999 -9999 -9999 -9999 1.72982E-2 2.83149E-2 -9999 -9999 1.25155E-2 1.71159E-2 -9999 -9999 5.68524E-3 3.66876E-3 1.75817E-2 6.53643E-3 -9999 -9999 4.18589E-3 1.07071E-3 7.96394E-4 9.88564E-4 7.20676E-4 4.18877E-4 1.18791E-4 2.43896E-4 1.02775E-4 8.21359E-5 5.01346E-5 1.16653E-4 1.38372E-4 9.01068E-5 1.19861E-4 1.18222E-4 2.09507E-4 1.46569E-4 6.19267E-5 2.67421E-4 6.15476E-4 1.07695E-3 3.32105E-4 1.1932E-4 8.94384E-5 2.48644E-4 2.29986E-4 1.992E-4 3.31126E-4 2.88365E-4 7.95108E-5 4.12269E-4 5.62451E-4 2.14114E-4 3.54002E-4 4.54841E-4 7.04738E-4 8.53895E-4 4.55741E-4 -9999 -9999 -9999 -9999 -9999 -9999 -9999
9.44376E-3 2.23573E-3 4.73331E-3 4.55559E-2 7.47965E-2 -9999 -9999 -9999 -9999 -9999 -9999 -9999 -9999 -9999 -9999 1.43129E-2 1.59389E-2 -9999 -9999 1.01072E-2 1.88441E-2 -9999 -9999 5.65057E-3 4.50645E-3 9.09948E-3 7.06754E-3 -9999 -9999 2.38034E-3 6.2479E-4 4.75487E-4 1.92549E-4 2.09831E-4 3.69422E-4 2.72686E-4 1.86321E-4 1.06327E-4 5.10487E-5 4.94274E-5 9.66386E-5 7.05092E-5 8.25475E-5 2.21949E-4 2.88218E-4 2.39101E-4 1.78036E-4 7.08484E-5 1.41598E-4 7.04384E-4 6.08084E-4 2.81531E-4 1.07133E-4 6.83418E-5 2.47019E-4 2.88857E-4 2.47508E-4 2.8372E-4 2.81574E-4 2.40672E-4 5.59036E-4 9.95536E-4 5.26985E-4 7.12913E-4 5.13529E-4 8.72776E-4 7.72316E-4 1.55137E-3 -9999 -9999 -9999 -9999 -9999 -9999 -9999
1.36687E-2 2.46098E-3 5.47599E-3 4.37116E-2 7.84489E-2 -9999 -9999 -9999 -9999 -9999 -9999 -9999 -9999 -9999 -9999 1.539E-2 1.15434E-2 -9999 -9999 1.18437E-2 1.34315E-2 -9999 -9999 5.31265E-3 1.66704E-2 2.66068E-2 1.03867E-2 -9999 -9999 5.40333E-4 2.50965E-4 2.49895E-4 2.07508E-4 4.49507E-4 2.36864E-4 1.04302E-4 6.94783E-5 6.13264E-5 5.05344E-5 4.14374E-5 9.01689E-5 7.09262E-5 3.20356E-5 1.23367E-4 1.81562E-4 6.66719E-4 6.69152E-4 3.09775E-4 3.5907E-4 7.4674E-4 4.83E-4 3.58051E-4 2.75162E-4 1.89746E-4 2.96029E-4 2.11938E-4 2.81019E-4 4.78686E-4 6.61789E-4 2.80632E-4 4.46062E-4 4.07156E-4 6.14594E-4 5.40141E-4 8.74884E-4 6.02664E-4 1.10351E-3 -9999 -9999 -9999 -9999 -9999 -9999 -9999 -9999
9.94643E-3 1.08113E-2 2.55898E-2 5.43628E-2 1.3459E-1 -9999 -9999 -9999 -9999 -9999 -9999 -9999 -9999 -9999 3.52006E-3 5.34702E-3 9.12497E-3 -9999 -9999 8.26422E-3 1.09234E-2 5.29372E-3 3.58705E-3 6.48111E-3 1.06302E-2 2.23205E-2 1.20559E-2 -9999 5.07839E-3 5.68502E-4 4.20915E-4 7.76242E-4 6.10434E-4 2.35131E-4 1.04455E-4 5.69689E-5 5.18094E-5 8.64396E-5 7.52298E-5 5.48444E-5 6.80358E-5 1.004E-4 4.92469E-5 1.01423E-4 1.65614E-4 4.84159E-4 8.61033E-4 9.77823E-4 5.26672E-4 5.62624E-4 9.82773E-4 8.89145E-4 5.36484E-4 3.78881E-4 2.21806E-4 1.98119E-4 2.91314E-4 7.32165E-4 1.18516E-3 4.65028E-4 4.27183E-4 7.77313E-4 8.28623E-4 7.01445E-4 7.05661E-4 1.43532E-3 1.40011E-3 -9999 -9999 -9999 -9999 -9999 -9999 -9999 -9999
2.45306E-2 1.51854E-2 6.1141E-2 1.2686E-1 -9999 -9999 -9999 -9999 -9999 -9999 -9999 -9999 -9999 -9999 5.46275E-3 2.12849E-3 3.83513E-3 6.32372E-3 -9999 7.06387E-3 5.10087E-3 7.42827E-3 4.5977E-3 1.18833E-2 1.44222E-2 2.54948E-2 9.5699E-3 8.94756E-3 5.49759E-3 1.93476E-3 1.01803E-3 3.97749E-4 1.87285E-4 1.35896E-4 7.46468E-5 5.15618E-5 7.48961E-5 1.52501E-4 1.38727E-4 1.04671E-4 1.49602E-4 2.2321E-4 1.79797E-4 3.61286E-4 2.97925E-4 7.13228E-4 5.07065E-4 6.33402E-4 3.65577E-4 5.60669E-4 1.43068E-3 1.57369E-3 8.9047E-4 4.1029E-4 3.12709E-4 4.9737E-4 7.22576E-4 7.47122E-4 1.08993E-3 9.61333E-4 5.13557E-4 9.08548E-4 1.24013E-3 1.29147E-3 1.30988E-3 1.18924E-3 1.1434E-3 -9999 -9999 -9999 -9999 -9999 -9999 -9999 -9999
3.16718E-2 4.84004E-2 6.45374E-2 -9999 -9999 -9999 -9999 -9999 -9999 -9999 -9999 1.20128E-2 1.39143E-2 1.18585E-2 6.27984E-3 1.9181E-3 2.03175E-3 2.99644E-3 3.42373E-3 4.18971E-3 3.8179E-3 3.81134E-3 1.32252E-2 1.23505E-2 1.37554E-2 2.61033E-2 1.27127E-2 1.05674E-2 6.06949E-3 1.99434E-3 4.93135E-4 4.07691E-4 1.83916E-4 6.16969E-5 7.51542E-5 6.37454E-5 6.39725E-5 8.32353E-5 7.00486E-5 7.99472E-5 1.87198E-4 1.71243E-4 2.61245E-4 8.79911E-5 1.23459E-4 3.28394E-4 3.07753E-4 2.04488E-4 2.56773E-4 8.55639E-4 1.18304E-3 5.92153E-4 6.22756E-4 4.17867E-4 6.48725E-4 1.23903E-3 1.39581E-3 6.99227E-4 1.25031E-3 1.46536E-3 1.08282E-3 1.67449E-3 1.44404E-3 1.3934E-3 1.24982E-3 1.1551E-3 1.00854E-3 -9999 -9999 -9999 -9999 -9999 -9999 -9999 -9999
3.97223E-2 5.18523E-2 -9999 -9999 -9999 -9999 -9999 -9999 -9999 -9999 -9999 3.15902E-2 2.66159E-2 2.7583E-2 2.7642E-2 1.03946E-2 -9999 2.96862E-3 3.71697E-3 5.87702E-3 5.58698E-3 1.06889E-2 7.24151E-3 1.11837E-2 1.2857E-2 2.27516E-2 1.56615E-2 7.69762E-3 1.51053E-3 1.1088E-3 3.87594E-4 3.96835E-4 5.0004E-4 1.00363E-4 6.53336E-5 5.90283E-5 9.27374E-5 7.18766E-5 1.01289E-4 5.8212E-5 9.71652E-5 1.73501E-4 1.00682E-4 7.20864E-5 1.86886E-4 2.05458E-4 8.43499E-5 1.402E-4 3.21778E-4 6.91542E-4 4.74516E-4 4.97028E-4 6.82599E-4 7.57339E-4 8.00937E-4 1.7127E-3 1.93752E-3 1.35055E-3 1.57359E-3 1.29193E-3 1.45722E-3 1.65448E-3 1.06612E-3 7.95518E-4 1.12982E-3 8.22175E-4 8.10409E-4 -9999 -9999 -9999 -9999 -9999 -9999 -9999 -9999
-9999 -9999 -9999 -9999 -9999 -9999 -9999 -9999 -9999 -9999 -9999 -9999 3.21671E-2 4.24202E-2 -9999 -9999 -9999 4.78785E-3 -9999 -9999 9.69927E-3 1.25218E-2 9.75426E-3 -9999 -9999 -9999 1.6867E-2 2.66938E-3 8.51924E-4 7.95608E-4 4.70636E-4 7.20221E-4 3.17677E-4 2.88144E-4 6.08524E-5 7.08351E-5 6.84819E-5 9.84088E-5 7.86224E-5 7.80885E-5 6.55232E-5 5.19746E-5 5.12144E-5 7.88596E-5 2.25287E-4 8.36436E-5 7.15469E-5 1.53787E-4 3.32147E-4 3.93189E-4 3.9696E-4 5.58949E-4 1.19677E-3 9.7066E-4 1.20371E-3 1.68491E-3 1.49867E-3 1.21112E-3 1.4214E-3 1.67407E-3 1.74597E-3 -9999 -9999 -9999 8.89725E-4 1.19561E-3 7.27741E-4 -9999 -9999 -9999 -9999 -9999 -9999 -9999 -9999
-9999 -9999 -9999 -9999 -9999 -9999 -9999 -9999 -9999 -9999 -9999 -9999 -9999 -9999 -9999 -9999 -9999 -9999 -9999 -9999 -9999 -9999 -9999 -9999 -9999 -9999 8.34072E-3 5.66846E-3 1.6234E-3 2.87883E-3 2.1139E-3 1.09753E-3 4.89873E-4 6.40396E-4 1.9474E-4 5.72439E-4 3.14807E-4 2.82064E-4 7.55512E-5 6.09957E-5 5.85188E-5 4.55547E-5 5.51012E-5 4.10529E-5 6.7751E-5 6.52352E-5 1.31989E-4 9.58401E-5 1.19366E-4 2.61074E-4 3.44465E-4 7.18946E-4 1.51189E-3 9.86651E-4 1.46688E-3 1.87523E-3 1.48052E-3 8.84783E-4 1.08268E-3 1.43334E-3 -9999 -9999 -9999 -9999 8.82791E-4 4.72031E-4 1.93129E-4 -9999 -9999 -9999 -9999 -9999 -9999 -9999 -9999
-9999 -9999 -9999 -9999 -9999 -9999 -9999 -9999 -9999 -9999 -9999 -9999 -9999 -9999 -9999 -9999 -9999 -9999 -9999 -9999 -9999 -9999 -9999 -9999 -9999 -9999 9.18935E-3 7.27452E-3 6.42235E-3 2.17241E-3 3.79313E-3 1.30085E-3 7.68939E-4 7.22391E-4 1.0437E-3 8.02198E-4 4.33049E-4 3.42569E-4 1.75977E-4 8.10892E-5 3.74266E-5 2.64815E-5 3.05539E-5 5.21777E-5 1.08817E-4 6.27193E-5 8.80903E-5 2.27878E-4 1.09633E-4 2.5616E-4 3.82323E-4 8.29014E-4 1.04911E-3 1.41575E-3 1.49713E-3 1.52218E-3 1.60972E-3 -9999 -9999 -9999 -9999 -9999 -9999 2.67785E-4 1.71867E-4 2.44376E-4 2.4892E-4 -9999 -9999 -9999 -9999 -9999 -9999 -9999 -9999
-9999 -9999 -9999 -9999 -9999 -9999 -9999 -9999 -9999 -9999 -9999 -9999 -9999 -9999 -9999 -9999 -9999 -9999 -9999 -9999 -9999 -9999 -9999 6.25773E-3 8.85929E-3 1.76835E-2 5.5202E-3 3.26212E-3 4.83996E-3 2.71328E-3 1.76773E-3 9.92073E-4 6.83748E-4 1.58834E-3 1.21023E-3 2.91005E-4 4.05775E-5 9.785E-5 1.68431E-4 1.07073E-4 6.69765E-5 5.15956E-5 5.33938E-5 3.35275E-5 3.29479E-5 4.67085E-5 1.49285E-4 4.38063E-4 1.91873E-4 3.51037E-4 4.46369E-4 6.35545E-4 1.50751E-3 1.52795E-3 1.64786E-3 1.93121E-3 1.5676E-3 -9999 -9999 -9999 6.63498E-4 8.68341E-4 7.46457E-4 5.39578E-4 2.79798E-4 2.84391E-4 4.27528E-4 -9999 -9999 -9999 -9999 -9999 -9999 -9999 -9999
-9999 -9999 -9999 -9999 -9999 -9999 -9999 -9999 -9999 -9999 -9999 -9999 -9999 -9999 -9999 -9999 -9999 -9999 -9999 -9999 -9999 1.05559E-2 6.75025E-3 4.4041E-3 8.50721E-3 2.80646E-2 2.04266E-2 1.30777E-2 4.16807E-3 2.69656E-3 1.68102E-3 2.18939E-3 1.68235E-3 4.52403E-4 3.81795E-4 1.21648E-4 4.76987E-5 2.31932E-5 4.16308E-5 6.78794E-5 4.91016E-5 3.87233E-5 1.77629E-5 3.10586E-5 2.29433E-5 5.49603E-5 1.27091E-4 4.46409E-4 4.00039E-4 5.0884E-4 6.13054E-4 1.00729E-3 1.63167E-3 1.51521E-3 1.96175E-3 8.55907E-4 1.19675E-3 -9999 -9999 9.09947E-4 6.62604E-4 1.16286E-3 1.1242E-3 1.06167E-3 1.08405E-3 5.48166E-4 8.0534E-4 -9999 -9999 -9999 -9999 -9999 -9999 -9999 -9999
-9999 -9999 -9999 -9999 -9999 -9999 -9999 -9999 -9999 -9999 -9999 -9999 -9999 -9999 -9999 -9999 -9999 -9999 -9999 -9999 9.7941E-3 3.5448E-3 2.57958E-3 3.06328E-3 3.37776E-3 8.95264E-3 8.65289E-3 9.37042E-3 3.61443E-3 2.81824E-3 6.78137E-3 8.9795E-4 2.08191E-4 1.6524E-4 9.65841E-5 1.33655E-4 4.7921E-5 4.36089E-5 3.61311E-5 3.70033E-5 4.26183E-5 5.22932E-5 2.72285E-4 2.1065E-4 3.79096E-5 4.381E-5 1.76203E-4 2.53923E-4 5.36205E-4 6.47392E-4 9.50088E-4 1.30499E-3 1.09581E-3 1.592E-3 2.18488E-3 -9999 -9999 -9999 -9999 7.48198E-4 7.21342E-4 1.59144E-3 6.00338E-4 8.56703E-4 1.17718E-3 7.17531E-4 5.07835E-4 -9999 -9999 -9999 -9999 -9999 -9999 -9999 -9999
-9999 -9999 -9999 -9999 -9999 -9999 -9999 -9999 -9999 -9999 -9999 -9999 -9999 -9999 -9999 -9999 -9999 -9999 -9999 6.57565E-3 1.58649E-3 1.48096E-3 1.78818E-3 2.77966E-3 1.37236E-3 4.47336E-3 4.56157E-3 3.38684E-3 1.21595E-2 1.02595E-2 3.38938E-3 1.94468E-4 9.78851E-5 1.4401E-4 9.53439E-5 6.59651E-5 9.1772E-5 5.59315E-5 5.03204E-5 4.10355E-5 4.56746E-5 1.99696E-4 3.23773E-4 1.03395E-4 5.0836E-5 7.90021E-5 1.31923E-4 3.0736E-4 3.25253E-4 5.41328E-4 1.13853E-3 7.7822E-4 6.3383E-4 1.2091E-3 1.73303E-3 -9999 -9999 -9999 -9999 4.60459E-4 6.91925E-4 6.16398E-4 8.10179E-5 1.50192E-4 4.24281E-4 1.18637E-3 1.32836E-3 1.987E-3 -9999 -9999 -9999 -9999 -9999 -9999 -9999
-9999 -9999 -9999 -9999 -9999 -9999 -9999 -9999 -9999 -9999 -9999 -9999 -9999 -9999 -9999 4.25839E-2 4.36893E-2 -9999 -9999 6.15098E-3 6.73704E-4 5.8981E-4 1.00956E-3 1.6544E-3 1.67498E-3 2.21074E-3 4.84719E-4 9.22031E-4 2.74167E-3 1.94351E-3 1.66023E-3 2.63798E-4 1.17015E-4 7.87691E-5 6.45446E-5 7.11581E-5 1.08735E-4 9.90015E-5 6.19588E-5 5.96668E-5 7.91108E-5 2.44047E-4 2.01857E-4 7.90897E-5 1.01403E-4 9.83475E-5 6.97864E-5 1.17212E-4 4.33195E-4 4.68923E-4 6.23379E-4 6.8902E-4 9.07567E-4 2.01328E-3 1.5744E-3 -9999 -9999 -9999 -9999 -9999 -9999 4.99785E-4 3.6531E-4 2.90449E-4 3.13524E-4 6.02404E-4 1.29206E-3 1.59694E-3 -9999 -9999 -9999 -9999 -9999 -9999 -9999
-9999 1.03489E-1 -9999 -9999 -9999 -9999 -9999 -9999 -9999 -9999 -9999 -9999 -9999 -9999 2.49655E-2 3.5381E-2 3.81583E-2 -9999 -9999 2.97581E-3 9.15493E-4 7.66423E-4 1.06116E-3 2.08992E-3 1.76963E-3 1.41644E-3 3.59594E-4 7.25491E-4 2.35573E-3 9.42077E-4 1.15023E-3 4.68591E-4 1.10927E-4 9.1649E-5 6.32144E-5 8.06137E-5 9.8867E-5 2.38543E-4 2.77163E-4 1.65022E-4 2.00816E-4 1.25755E-4 1.05176E-4 1.58403E-4 1.64444E-4 1.32948E-4 1.58795E-4 1.86111E-4 3.24233E-4 4.00856E-4 7.27874E-4 9.60447E-4 1.66838E-3 2.19396E-3 2.28207E-3 -9999 -9999 -9999 -9999 -9999 -9999 2.89838E-4 1.25732E-4 1.08505E-4 3.42847E-4 7.5274E-4 9.55574E-4 2.05543E-3 -9999 -9999 -9999 -9999 -9999 -9999 -9999
5.39364E-2 7.95813E-2 -9999 -9999 -9999 -9999 -9999 -9999 -9999 -9999 6.55871E-2 5.08076E-2 -9999 -9999 1.50285E-2 3.24723E-2 2.26844E-2 4.65169E-3 8.65917E-4 8.47258E-4 7.00276E-4 1.9329E-4 8.62239E-4 1.99941E-3 2.12564E-3 8.68895E-4 4.71324E-4 9.13947E-4 1.51816E-3 3.11467E-4 1.33497E-4 2.82698E-4 1.26845E-4 7.65106E-5 9.55683E-5 8.51838E-5 2.32174E-4 5.37962E-4 5.23732E-4 5.24267E-4 2.82171E-4 1.72058E-4 2.19962E-4 4.48653E-4 3.06904E-4 2.75171E-4 2.50917E-4 2.44286E-4 6.06739E-4 6.57175E-4 7.35506E-4 9.84961E-4 1.48655E-3 2.08221E-3 1.57055E-3 2.01255E-3 1.22508E-3 1.30575E-3 -9999 -9999 -9999 2.40808E-4 1.2479E-4 2.16096E-4 3.92568E-4 6.41664E-4 9.19171E-4 1.39688E-3 2.18387E-3 -9999 -9999 -9999 -9999 -9999 -9999
4.46497E-2 6.70648E-2 -9999 -9999 -9999 1.08998E-2 2.27436E-2 -9999 -9999 4.53939E-2 7.20054E-2 5.36981E-2 -9999 -9999 1.58067E-2 2.2804E-2 8.53075E-3 2.56873E-3 5.78899E-4 3.04594E-4 4.31775E-4 1.81751E-4 2.99361E-4 6.29536E-4 3.64906E-4 3.61739E-4 2.07156E-4 1.01927E-3 6.77041E-4 1.4187E-4 9.6054E-5 1.47096E-4 3.03963E-4 1.23999E-4 1.48081E-4 1.66448E-4 6.08388E-4 1.24924E-3 8.16957E-4 4.30509E-4 2.04342E-4 2.25911E-4 2.08662E-4 2.23184E-4 3.52112E-4 2.70605E-4 3.2994E-4 2.27972E-4 3.95224E-4 4.82365E-4 7.89648E-4 1.15069E-3 1.92612E-3 1.75564E-3 1.66186E-3 1.99928E-3 1.73197E-3 1.64318E-3 1.50014E-3 -9999 -9999 3.07202E-4 7.66809E-5 6.93702E-5 1.03533E-4 3.80919E-4 6.05011E-4 1.02126E-3 2.40423E-3 -9999 -9999 -9999 -9999 -9999 -9999
5.52775E-2 5.12329E-2 -9999 -9999 -9999 5.54134E-3 1.00643E-2 4.21357E-3 1.79762E-2 3.28294E-2 6.04865E-2 3.78255E-2 -9999 1.38188E-2 1.1577E-2 4.24495E-3 1.93647E-3 3.42513E-4 2.21688E-4 2.12782E-4 3.18353E-4 2.26828E-4 1.50054E-4 2.7586E-4 2.16582E-4 2.23433E-4 1.71415E-4 5.04715E-4 6.72064E-4 1.81127E-4 9.01123E-5 1.44941E-4 1.79838E-4 7.10614E-5 1.32673E-4 1.9496E-4 4.57335E-4 5.65078E-4 4.62458E-4 2.64564E-4 1.99709E-4 2.17674E-4 2.85572E-4 2.40265E-4 4.4304E-4 6.0346E-4 4.89101E-4 2.79703E-4 4.07578E-4 4.65825E-4 6.61704E-4 9.82594E-4 1.15641E-3 7.95285E-4 1.12067E-3 1.21897E-3 2.20032E-3 1.60659E-3 1.56318E-3 -9999 -9999 2.41053E-4 1.28916E-4 7.01139E-5 7.87591E-5 6.258E-5 3.10204E-4 7.33853E-4 2.62272E-3 -9999 -9999 -9999 -9999 -9999 -9999
