ENM/Final_Models/M_1_F_qp_Set_1_E/Gustavia_santanderiensis_3_Choco.asc
ncols         367
nrows         963
xllcorner     -78.6
yllcorner     0.65
cellsize      0.00833333333333323
NODATA_value  -9999
[rows 165 to 197 of 963, columns 74 to 147 of 367]
-9999 -9999 -9999 -9999 -9999 -9999 -9999 -9999 -9999 -9999 -9999 -9999 -9999 -9999 -9999 -9999 7.47692E-4 4.55726E-4 5.77975E-4 8.6637E-4 3.2442E-4 3.61092E-4 3.09802E-4 3.55601E-4 3.08862E-4 5.0608E-4 3.44487E-4 5.14504E-4 1.82759E-4 3.91959E-4 3.59094E-4 5.62907E-4 3.42628E-3 1.06364E-3 6.98568E-4 3.69565E-4 3.61315E-4 1.97244E-4 2.49184E-4 7.95898E-4 5.86927E-4 7.18169E-4 9.96201E-4 1.11798E-3 1.12027E-3 8.12497E-4 9.22172E-4 8.49259E-4 1.38936E-3 1.64374E-3 9.18919E-4 1.31775E-3 1.59624E-3 1.72274E-3 6.54123E-4 1.18162E-3 1.13513E-3 2.28762E-3 1.01945E-3 5.53977E-4 9.78742E-4 3.64115E-4 2.13104E-4 3.65076E-4 1.5097E-3 4.29195E-4 8.45637E-4 5.67923E-4 8.70064E-4 1.05032E-3 1.26426E-3 3.43954E-3 7.4505E-3 7.6636E-3
-9999 -9999 -9999 -9999 -9999 -9999 -9999 -9999 -9999 -9999 -9999 -9999 -9999 -9999 -9999 4.08291E-4 2.84369E-4 4.27848E-4 3.13085E-4 6.84397E-4 4.08614E-4 4.03436E-4 3.98837E-4 3.06487E-4 4.06917E-4 3.43009E-4 4.36464E-4 9.57964E-4 2.98371E-4 1.41978E-4 3.58013E-4 4.43538E-4 1.12336E-3 1.01879E-3 9.6368E-4 2.99222E-4 2.70886E-4 5.91384E-4 6.11415E-4 6.31796E-4 3.95002E-4 7.05554E-4 7.40059E-4 9.34939E-4 3.79077E-4 8.29776E-4 1.11238E-3 7.81939E-4 1.56823E-3 1.98884E-3 1.2697E-3 8.41311E-4 2.02603E-3 2.01385E-3 1.00803E-3 1.20833E-3 1.09676E-3 1.38727E-3 2.6769E-3 5.98542E-4 1.15541E-3 2.91396E-4 6.03606E-4 3.56394E-4 2.73866E-4 1.31233E-3 8.09594E-4 7.08855E-4 8.47878E-4 1.29818E-3 2.60222E-3 3.68286E-3 2.00544E-2 1.01347E-2
-9999 -9999 -9999 -9999 -9999 -9999 -9999 -9999 -9999 -9999 -9999 -9999 -9999 -9999 -9999 5.50231E-4 5.72947E-4 6.35862E-4 5.55917E-4 1.21115E-3 6.94803E-4 6.80287E-4 4.25301E-4 2.1896E-4 2.73144E-4 4.16145E-4 2.94256E-4 9.37214E-4 3.15507E-4 2.95127E-4 2.22772E-4 5.88974E-4 7.50483E-4 8.35429E-4 2.47102E-3 1.03503E-3 6.8655E-4 1.11576E-3 1.63259E-3 3.5735E-3 1.7472E-3 4.98038E-4 4.57652E-4 2.95128E-4 4.11686E-4 4.83575E-4 4.17675E-4 9.37341E-4 1.2384E-3 2.67984E-3 1.78018E-3 9.86156E-4 2.60592E-3 1.36038E-3 1.50837E-3 3.2895E-3 1.99656E-3 1.66127E-3 1.11E-3 7.53302E-4 5.89796E-4 1.16233E-3 1.01455E-3 1.6565E-3 9.87935E-4 9.5089E-4 1.63705E-3 1.17192E-3 2.38465E-3 2.25964E-3 2.90726E-3 5.76961E-3 9.35863E-3 4.78439E-3
-9999 -9999 -9999 -9999 -9999 -9999 -9999 -9999 -9999 -9999 -9999 -9999 -9999 -9999 1.95856E-4 4.11098E-4 3.67196E-4 1.019E-3 2.11509E-3 1.97841E-3 1.40351E-3 8.32217E-4 4.66522E-4 2.06359E-4 3.86855E-4 5.51638E-4 2.68112E-4 2.96826E-4 3.73952E-4 1.97585E-4 2.97223E-4 4.25063E-4 4.95866E-4 1.19666E-3 1.39902E-3 1.25955E-3 1.39415E-3 2.06154E-3 1.90989E-3 1.08655E-3 8.52016E-4 4.61509E-4 6.84593E-4 4.46669E-4 5.70431E-4 9.1138E-4 3.58156E-4 3.36208E-4 1.93676E-3 1.91517E-3 2.35132E-3 1.39519E-3 3.25863E-3 2.42185E-3 6.62785E-4 1.91388E-3 1.16843E-3 9.95274E-4 8.17501E-4 1.49376E-3 1.06901E-3 5.9108E-4 5.87367E-4 4.91965E-4 6.53647E-4 1.40515E-3 7.77141E-4 7.10433E-4 3.54898E-3 3.91955E-3 3.05452E-3 3.12264E-3 6.14407E-3 5.19917E-3
-9999 -9999 -9999 -9999 -9999 -9999 -9999 -9999 -9999 -9999 -9999 -9999 -9999 -9999 2.67991E-5 1.32574E-4 4.56167E-4 4.01601E-4 8.7865E-4 3.2438E-3 1.36246E-3 1.241E-4 5.27217E-4 6.54504E-4 6.99444E-4 5.61142E-4 1.57608E-4 2.26052E-4 2.45708E-4 2.51341E-4 1.40272E-4 1.78279E-4 9.95156E-4 1.56887E-3 2.94801E-3 1.52492E-3 1.72009E-3 2.37282E-3 2.19859E-3 2.23466E-3 1.83178E-3 1.03039E-3 1.19553E-3 1.23061E-3 1.18243E-3 1.11409E-3 8.33269E-4 8.25543E-4 1.87335E-3 3.13585E-3 3.16569E-3 9.11713E-4 2.47957E-3 1.51882E-3 1.15355E-3 2.62573E-3 1.91366E-3 7.33331E-4 3.65374E-4 5.05605E-4 5.80286E-4 8.88928E-4 3.90998E-4 4.92766E-4 5.18105E-4 6.71005E-4 8.61988E-4 4.11896E-3 4.21338E-3 3.62484E-3 2.87538E-3 7.93539E-3 5.31903E-3 1.23297E-2
-9999 -9999 -9999 -9999 -9999 -9999 -9999 -9999 -9999 -9999 -9999 -9999 -9999 1.29633E-6 6.21663E-6 9.9716E-5 1.7645E-4 5.39453E-4 7.71635E-4 1.57044E-3 2.58272E-3 1.73706E-3 2.38232E-4 1.765E-4 1.33745E-4 9.93561E-5 1.43602E-4 3.25371E-4 1.85764E-4 1.78924E-4 3.9934E-4 3.84779E-4 1.40881E-3 1.54582E-3 5.89866E-4 5.30573E-4 1.09946E-3 1.26661E-3 1.29592E-3 8.16042E-4 1.73326E-3 1.58749E-3 1.34498E-3 1.16181E-3 1.50853E-3 2.1557E-3 2.42423E-3 2.02373E-3 2.57834E-3 3.56676E-3 1.94522E-3 1.94325E-3 3.71481E-3 1.41508E-3 9.53471E-4 1.10523E-3 1.35204E-3 1.11531E-3 7.05386E-4 7.14464E-4 4.36174E-4 6.4146E-4 5.98744E-4 6.25696E-4 6.28761E-4 5.73897E-4 1.02532E-3 2.7196E-3 1.01781E-3 1.71734E-3 2.63517E-3 4.52365E-3 9.79647E-3 9.39243E-3
-9999 -9999 -9999 -9999 -9999 -9999 -9999 -9999 -9999 -9999 -9999 -9999 -9999 1.50445E-6 3.5024E-6 2.22947E-5 3.69128E-4 3.54409E-4 6.29604E-4 6.78438E-4 1.39765E-3 7.78483E-4 2.6258E-4 1.55527E-4 1.85665E-4 1.58703E-4 1.68088E-4 2.03436E-4 4.07055E-4 7.31078E-4 9.42433E-4 9.79859E-4 1.19599E-3 1.63865E-4 8.47539E-5 3.94477E-5 2.99539E-4 5.22438E-4 1.0192E-3 7.23379E-4 2.19369E-3 2.65012E-3 1.56431E-3 1.5858E-3 1.33318E-3 3.13442E-3 2.80344E-3 3.32824E-3 3.2025E-3 3.05655E-3 2.03325E-3 2.70197E-3 1.29723E-3 2.0178E-3 3.71918E-4 7.05935E-4 9.04519E-4 8.73714E-4 4.43918E-4 8.27566E-4 5.35298E-4 9.98194E-4 7.3652E-4 5.37472E-4 9.06116E-4 1.71905E-3 3.35946E-3 5.08055E-3 4.42478E-3 2.34987E-3 5.57838E-3 4.73808E-3 6.4448E-3 1.26844E-2
-9999 -9999 -9999 -9999 -9999 -9999 -9999 -9999 -9999 -9999 -9999 -9999 5.05997E-5 6.13922E-6 5.83616E-6 1.96442E-5 2.20697E-4 4.99319E-4 6.73605E-4 5.94885E-4 6.01852E-4 3.53412E-4 2.48248E-4 1.60236E-4 2.36243E-4 1.56318E-4 2.02727E-4 9.84126E-5 6.78205E-4 1.25714E-3 1.35823E-3 4.39426E-4 2.97585E-4 7.52824E-5 1.53725E-4 4.75575E-5 3.82985E-5 8.46712E-5 4.87005E-4 2.25436E-4 1.06305E-3 1.97176E-3 1.76795E-3 1.83331E-3 1.93159E-3 2.34084E-3 2.4675E-3 2.23107E-3 1.73738E-3 1.52673E-3 1.52109E-3 1.90835E-3 1.44245E-3 1.73506E-3 8.55991E-4 1.15447E-3 1.24156E-3 5.35507E-4 4.62726E-4 1.13668E-3 9.90219E-4 1.03232E-3 1.08615E-3 4.00427E-4 1.03504E-3 1.39679E-3 6.33235E-3 4.88374E-3 4.22981E-3 2.8434E-3 3.39346E-3 5.49946E-3 2.91997E-3 1.00726E-2
-9999 -9999 -9999 -9999 -9999 -9999 -9999 -9999 -9999 -9999 -9999 -9999 3.52617E-4 7.49696E-5 3.4529E-5 1.96373E-5 1.00977E-4 5.78966E-4 3.91246E-4 2.02276E-4 6.75643E-4 1.60916E-4 1.10286E-4 1.89833E-4 2.28027E-4 2.31749E-4 1.76609E-4 2.22629E-4 5.35781E-4 1.41323E-3 1.43572E-3 4.46684E-4 1.59205E-4 6.01259E-5 9.4734E-5 6.31102E-5 3.47905E-5 7.62352E-5 1.01684E-4 2.63189E-4 6.22972E-4 2.31871E-3 2.79374E-3 2.53319E-3 1.33054E-3 2.28729E-3 3.03399E-3 1.87491E-3 2.1719E-3 1.24665E-3 1.38332E-3 3.0916E-3 2.27784E-3 1.92704E-3 1.14832E-3 7.4136E-4 2.98247E-4 3.50453E-4 8.3366E-4 6.55868E-4 7.31306E-4 8.51344E-4 1.31264E-3 1.361E-3 1.40745E-3 4.47423E-3 4.06274E-3 4.74968E-3 4.67496E-3 3.1201E-3 2.42585E-3 3.06322E-3 3.67567E-3 7.3364E-3
-9999 -9999 -9999 -9999 -9999 -9999 -9999 -9999 -9999 -9999 -9999 -9999 2.45795E-3 1.56414E-3 2.76201E-4 1.98254E-4 2.07199E-4 3.82826E-4 9.63173E-4 6.19724E-4 2.54746E-4 2.76922E-4 2.88625E-4 2.23119E-4 1.82784E-4 2.15152E-4 1.05099E-3 3.23341E-4 5.36848E-4 1.83063E-3 1.62547E-3 8.17695E-4 1.30831E-4 1.32369E-5 1.17123E-5 1.62645E-5 2.40778E-5 3.51124E-5 1.58623E-5 2.33649E-5 1.49567E-4 7.27655E-4 8.86889E-4 2.18957E-3 2.26597E-3 2.98258E-3 1.82347E-3 1.54533E-3 3.26588E-4 3.31909E-3 3.01809E-3 3.24995E-3 9.99997E-4 9.04399E-4 1.41508E-3 1.23593E-3 5.38187E-4 5.01949E-4 7.01975E-4 5.10479E-4 8.39693E-4 1.26279E-3 1.61464E-3 5.31666E-3 4.1546E-3 6.73144E-3 2.80597E-3 2.8752E-3 1.18099E-3 1.26064E-3 2.39286E-3 3.5382E-3 2.53732E-3 7.6736E-3
-9999 -9999 -9999 -9999 -9999 -9999 -9999 -9999 -9999 -9999 -9999 -9999 -9999 2.17707E-3 2.85982E-3 8.31239E-4 3.02151E-4 4.61897E-4 6.88663E-4 6.08378E-4 6.99364E-5 3.74956E-4 1.77861E-4 2.72547E-4 2.58555E-4 3.86426E-4 9.23676E-4 6.78916E-4 1.38456E-3 1.1917E-3 4.71114E-3 1.77346E-4 2.656E-4 4.29257E-5 1.75657E-5 4.05471E-5 1.36562E-5 1.64166E-5 1.33307E-5 3.14487E-5 9.33183E-5 1.41727E-4 2.73653E-4 6.99441E-4 7.42851E-4 9.44481E-4 1.19322E-3 1.10262E-3 2.05324E-3 6.06345E-3 5.38779E-3 3.7691E-3 1.49808E-3 1.16451E-3 2.14938E-3 1.63406E-3 4.29353E-4 5.03995E-4 1.61149E-3 1.05676E-3 1.53297E-3 2.77289E-3 4.92069E-3 5.21591E-3 5.476E-3 1.01323E-2 6.71246E-3 2.83744E-3 1.61022E-3 2.58495E-3 2.99347E-3 3.16858E-3 2.36301E-3 5.85786E-3
-9999 -9999 -9999 -9999 -9999 -9999 -9999 -9999 -9999 -9999 -9999 -9999 -9999 -9999 1.6836E-3 2.41093E-3 1.31877E-3 1.09659E-3 7.57872E-4 7.95102E-4 3.81695E-4 2.18266E-4 3.0104E-4 1.9297E-4 6.12769E-4 4.8362E-4 6.86252E-4 6.91032E-4 1.56494E-3 2.71156E-3 4.31554E-3 5.42191E-4 3.07589E-4 1.23587E-4 1.94669E-4 1.32181E-4 7.29535E-5 6.91346E-5 1.18007E-4 2.80493E-5 2.72537E-5 6.08031E-5 4.27886E-5 8.48991E-5 3.09769E-4 4.07414E-4 6.74837E-4 6.11342E-4 5.37188E-3 4.42386E-3 3.26573E-3 3.17496E-3 4.7664E-4 9.39113E-4 1.26917E-3 1.2577E-3 1.10925E-3 9.0236E-4 5.84362E-4 1.28543E-3 1.68828E-3 4.13994E-3 8.71312E-3 5.86794E-3 4.59558E-3 2.27814E-3 2.76271E-3 2.62951E-3 2.82624E-3 3.48595E-3 3.79014E-3 6.6488E-3 1.29767E-2 1.60987E-2
-9999 -9999 -9999 -9999 -9999 -9999 -9999 -9999 -9999 -9999 -9999 -9999 -9999 -9999 2.66609E-4 9.35483E-4 1.4165E-3 2.07612E-3 5.95844E-4 5.61201E-4 9.47235E-4 2.54012E-4 2.14507E-4 2.4802E-4 4.84156E-4 7.8713E-4 5.34797E-4 7.46761E-4 1.44873E-3 4.26957E-3 3.11029E-3 6.05009E-4 4.7424E-4 6.11298E-4 3.18238E-4 4.6136E-4 2.21978E-4 2.12572E-4 2.06228E-4 6.80589E-5 4.56748E-5 4.54689E-5 4.12703E-5 5.77459E-5 1.36062E-4 1.41188E-4 3.92883E-4 3.01743E-4 2.23313E-3 1.83938E-3 2.17996E-3 1.13516E-3 8.48936E-4 9.21438E-4 1.67235E-3 1.48352E-3 9.87471E-4 1.24898E-3 8.11874E-4 1.51206E-3 3.62533E-3 5.50762E-3 6.89981E-3 2.89276E-3 2.09194E-3 1.56573E-3 1.3063E-3 2.21438E-3 4.55692E-3 1.10651E-2 1.21944E-2 1.34117E-2 4.2182E-2 1.06236E-2
-9999 -9999 -9999 -9999 -9999 -9999 -9999 -9999 -9999 -9999 -9999 -9999 -9999 -9999 -9999 -9999 7.7592E-4 5.51779E-4 6.96751E-4 7.15986E-4 8.23705E-4 3.02164E-4 1.1518E-4 2.53663E-4 5.48441E-4 3.43209E-4 4.53307E-4 7.73762E-4 1.53505E-3 1.13794E-3 1.89435E-3 1.13617E-3 7.02184E-4 6.46028E-4 6.15645E-4 8.37067E-4 2.66031E-4 1.65911E-4 1.31237E-4 1.27074E-4 5.0918E-5 4.8822E-5 2.66783E-5 6.8497E-5 9.93797E-5 1.71882E-4 2.22423E-4 1.95754E-4 3.18432E-4 9.60255E-4 1.22557E-3 2.54239E-3 1.24791E-3 1.25671E-3 1.54793E-3 8.9213E-4 1.39784E-3 1.71894E-3 1.45212E-3 1.62685E-3 3.32421E-3 6.19776E-3 6.8213E-3 2.49685E-3 3.14897E-3 2.7307E-3 2.015E-3 1.55207E-2 2.99997E-2 3.45796E-2 1.89329E-2 1.88243E-2 3.12447E-2 1.59156E-2
-9999 -9999 -9999 -9999 -9999 -9999 -9999 -9999 -9999 -9999 -9999 -9999 -9999 -9999 -9999 -9999 -9999 3.55038E-4 4.54788E-4 5.86416E-4 7.55033E-4 4.60731E-4 1.84987E-4 2.34692E-4 2.7661E-4 1.79936E-4 3.39968E-4 8.35494E-4 9.37224E-4 1.05266E-3 1.20287E-3 1.55803E-3 8.42324E-4 7.33389E-4 4.84619E-4 1.82824E-3 6.3391E-4 4.46956E-4 1.13506E-4 1.08948E-4 8.94227E-5 6.16576E-5 1.27159E-5 2.60706E-5 1.06428E-4 1.4661E-4 1.53352E-4 1.82239E-4 5.48792E-4 1.55571E-3 2.51367E-3 1.30374E-3 1.19418E-3 1.10763E-3 2.11305E-3 9.3868E-4 9.668E-4 1.29628E-3 1.22041E-3 1.88743E-3 3.84924E-3 3.4133E-3 3.8912E-3 5.32407E-3 6.75338E-3 4.87999E-3 1.02256E-2 4.35601E-2 2.38404E-2 3.95957E-2 2.52797E-2 3.23133E-2 4.75365E-2 3.01923E-2
-9999 -9999 -9999 -9999 -9999 -9999 -9999 -9999 -9999 -9999 -9999 -9999 -9999 -9999 -9999 -9999 -9999 -9999 5.07555E-4 6.3642E-4 5.06752E-4 4.56234E-4 2.41846E-4 4.70151E-4 5.13436E-4 5.25742E-4 4.12644E-4 5.05358E-4 5.50594E-4 1.28797E-3 5.05929E-3 2.7421E-3 9.42658E-4 6.87705E-4 1.27385E-3 2.68217E-3 9.21813E-4 1.00476E-3 4.40976E-4 5.17422E-4 1.71689E-4 2.00136E-4 5.72173E-5 9.41835E-5 5.8144E-5 9.38875E-5 1.22104E-4 1.29789E-4 9.32414E-4 1.12251E-3 2.45587E-3 2.06053E-3 1.26308E-3 9.93565E-4 1.2758E-3 1.00527E-3 5.41629E-4 1.06794E-3 1.19296E-3 1.59946E-3 2.34604E-3 2.56916E-3 9.05952E-3 8.36444E-3 1.24039E-2 9.64959E-3 2.08779E-2 5.34236E-2 5.42903E-2 5.9918E-2 3.45574E-2 4.93379E-2 4.38159E-2 2.13265E-2
-9999 -9999 -9999 -9999 -9999 -9999 -9999 -9999 -9999 -9999 -9999 -9999 -9999 -9999 -9999 -9999 -9999 -9999 3.74476E-4 4.07138E-4 6.99398E-4 4.6486E-4 5.06991E-4 3.25411E-4 4.86218E-4 7.76462E-4 4.91304E-4 7.01944E-4 7.26449E-4 3.19573E-3 1.16902E-2 1.04807E-2 6.4062E-3 2.71799E-3 1.39856E-3 2.55502E-3 2.46433E-3 8.89938E-4 1.88074E-3 2.21321E-3 1.70007E-3 5.9547E-4 1.49742E-4 8.59492E-5 1.1964E-4 1.68361E-4 1.26652E-4 3.40344E-4 1.96819E-3 5.50484E-3 2.37058E-3 3.19223E-3 2.61925E-3 1.11382E-3 6.56194E-4 4.07757E-4 6.3336E-4 1.94359E-3 2.68165E-3 1.89247E-3 1.45192E-3 4.61046E-3 8.41546E-3 1.38401E-2 1.54899E-2 2.11681E-2 3.69394E-2 3.38112E-2 4.96492E-2 5.69255E-2 3.71209E-2 3.77814E-2 2.8068E-2 7.68121E-3
-9999 -9999 -9999 -9999 -9999 -9999 -9999 -9999 -9999 -9999 -9999 -9999 -9999 -9999 -9999 -9999 -9999 -9999 -9999 7.23304E-4 6.52926E-4 3.52932E-4 2.4934E-4 1.27214E-4 1.60942E-4 3.15221E-4 3.9178E-4 4.81901E-4 1.10817E-3 2.4608E-3 6.03852E-3 5.68148E-3 3.24325E-3 3.47966E-3 2.66388E-3 1.7348E-3 7.3098E-4 6.56459E-4 5.10556E-4 1.15421E-3 8.52554E-4 7.03884E-4 5.79416E-4 6.0589E-4 2.78893E-4 4.37474E-4 5.49649E-4 1.82544E-3 2.895E-3 4.6128E-3 1.44857E-3 2.94095E-3 1.81863E-3 1.5844E-3 4.31275E-4 3.03688E-4 4.7092E-4 2.00834E-3 3.41239E-3 1.84265E-3 1.71104E-3 7.11271E-3 1.20834E-2 2.3368E-2 1.45071E-2 1.42032E-2 3.36058E-2 4.39888E-2 1.62864E-2 3.16181E-2 3.23384E-2 1.34331E-2 6.92996E-3 1.14165E-2
-9999 -9999 -9999 -9999 -9999 -9999 -9999 -9999 -9999 -9999 -9999 -9999 -9999 -9999 -9999 -9999 -9999 -9999 -9999 -9999 -9999 -9999 -9999 1.91766E-4 2.89731E-4 2.34054E-4 4.25682E-4 5.51221E-4 6.17866E-4 1.37488E-3 2.14773E-3 7.98944E-3 6.83436E-3 5.28459E-3 5.34663E-3 3.89419E-3 3.38916E-3 1.34263E-3 7.81262E-4 9.12746E-4 3.22149E-4 7.50295E-4 1.66471E-3 3.84619E-3 1.47765E-3 1.51078E-3 2.51709E-3 2.32393E-3 1.69565E-3 2.08465E-3 2.39509E-3 3.17929E-3 4.62947E-3 1.42778E-3 1.30197E-3 7.07401E-4 7.77854E-4 1.1107E-3 1.30289E-3 3.48839E-3 5.36399E-3 7.8087E-3 7.87653E-3 2.61297E-2 2.16415E-2 2.16488E-2 2.79397E-2 4.2596E-2 2.9215E-2 2.2712E-2 8.18823E-3 1.13649E-2 9.72985E-3 1.46699E-2
-9999 -9999 -9999 -9999 -9999 -9999 -9999 -9999 -9999 -9999 -9999 -9999 -9999 -9999 -9999 -9999 -9999 -9999 -9999 -9999 -9999 -9999 -9999 -9999 -9999 -9999 -9999 -9999 -9999 1.48508E-3 3.04744E-3 6.89561E-3 7.14811E-3 6.20856E-3 1.2752E-2 8.08039E-3 6.19513E-3 2.45028E-3 1.02461E-3 1.49671E-3 7.81747E-4 1.96206E-3 2.46981E-3 3.0402E-3 2.99426E-3 4.46329E-3 8.46784E-3 5.26411E-3 1.71342E-3 1.66206E-3 2.64148E-3 3.07691E-3 2.93475E-3 2.1649E-3 3.01999E-3 1.28908E-3 1.24305E-3 1.12075E-3 6.57348E-4 2.58443E-3 4.64009E-3 2.47321E-3 8.05856E-3 1.5601E-2 3.33318E-2 3.08974E-2 3.98363E-2 3.95301E-2 2.92187E-2 1.30797E-2 1.16226E-2 1.18399E-2 1.02157E-2 1.05295E-2
-9999 -9999 -9999 -9999 -9999 -9999 -9999 -9999 -9999 -9999 -9999 -9999 -9999 -9999 -9999 -9999 -9999 -9999 -9999 -9999 -9999 -9999 -9999 -9999 -9999 -9999 -9999 -9999 -9999 -9999 -9999 -9999 1.06299E-2 1.65434E-2 1.25467E-2 9.10485E-3 7.89943E-3 8.21605E-3 1.82423E-3 1.99384E-3 1.98997E-3 2.69318E-3 4.00576E-3 8.22332E-3 6.77449E-3 5.12866E-3 9.32347E-3 7.65964E-3 1.64407E-3 1.86399E-3 3.30321E-3 2.33823E-3 2.42284E-3 2.34566E-3 3.55659E-3 4.56995E-3 2.03332E-3 3.12926E-3 1.84025E-3 3.52624E-3 9.52634E-3 7.70355E-3 1.66782E-2 2.92751E-2 2.2357E-2 3.11555E-2 4.2441E-2 3.18604E-2 1.22156E-2 8.62511E-3 1.29691E-2 1.45751E-2 7.89374E-3 5.12294E-3
-9999 -9999 -9999 -9999 -9999 -9999 -9999 -9999 -9999 -9999 -9999 -9999 -9999 -9999 -9999 -9999 -9999 -9999 -9999 -9999 -9999 -9999 -9999 -9999 -9999 -9999 -9999 -9999 -9999 -9999 -9999 -9999 -9999 -9999 -9999 1.70787E-2 4.76026E-3 6.05181E-3 1.24757E-3 8.78309E-4 1.84715E-3 4.21719E-3 3.97178E-3 6.16851E-3 7.05592E-3 7.00392E-3 3.80381E-3 4.97678E-3 2.28457E-3 2.31864E-3 4.39969E-3 3.42756E-3 4.6659E-3 4.61589E-3 9.41655E-3 1.35388E-2 9.53258E-3 8.76545E-3 1.36255E-2 1.12458E-2 8.18955E-3 2.29323E-2 5.13869E-2 5.22927E-2 4.01942E-2 3.07674E-2 1.65751E-2 1.64787E-2 1.4566E-2 9.32241E-3 6.84542E-3 6.53238E-3 4.93502E-3 5.16388E-3
-9999 -9999 -9999 -9999 -9999 -9999 -9999 -9999 -9999 -9999 -9999 -9999 -9999 -9999 -9999 -9999 -9999 -9999 -9999 -9999 -9999 -9999 -9999 -9999 -9999 -9999 -9999 -9999 -9999 -9999 -9999 -9999 -9999 -9999 -9999 -9999 6.35133E-3 5.16454E-3 4.91731E-3 1.19446E-3 1.91314E-3 3.4118E-3 9.49565E-3 1.42765E-2 1.66312E-2 1.34963E-2 3.37714E-3 2.50394E-3 1.01537E-3 1.5116E-3 2.28933E-3 7.52606E-3 1.25284E-2 1.66658E-2 1.27398E-2 2.35069E-2 2.34269E-2 2.4651E-2 2.42794E-2 1.6927E-2 2.34551E-2 2.65863E-2 2.85646E-2 1.09147E-1 9.26666E-2 6.26632E-3 9.1105E-3 8.71285E-3 1.15412E-2 8.09109E-3 4.57743E-3 6.13846E-3 5.09225E-3 6.53184E-3
-9999 -9999 -9999 -9999 -9999 -9999 -9999 -9999 -9999 -9999 -9999 -9999 -9999 -9999 -9999 -9999 -9999 -9999 -9999 -9999 -9999 -9999 -9999 -9999 -9999 -9999 -9999 -9999 -9999 -9999 -9999 -9999 -9999 -9999 -9999 -9999 -9999 1.07368E-2 1.6988E-3 5.58306E-3 4.97166E-3 5.01597E-3 9.76922E-3 1.00098E-2 6.83856E-3 6.63999E-3 1.3762E-3 1.4708E-3 1.69537E-3 1.57164E-3 4.6757E-3 7.6591E-3 8.49311E-3 1.01256E-2 1.85901E-2 3.00861E-2 2.87936E-2 3.52047E-2 3.57628E-2 2.22556E-2 4.65568E-2 1.21316E-1 9.35351E-2 1.17075E-1 4.73992E-2 1.25122E-2 1.17916E-2 7.4137E-3 6.41429E-3 4.8524E-3 5.19821E-3 9.04446E-3 9.49666E-3 7.49119E-3
-9999 -9999 -9999 -9999 -9999 -9999 -9999 -9999 -9999 -9999 -9999 -9999 -9999 -9999 -9999 -9999 -9999 -9999 -9999 -9999 -9999 -9999 -9999 -9999 -9999 -9999 -9999 -9999 -9999 -9999 -9999 -9999 -9999 -9999 -9999 -9999 -9999 -9999 4.19901E-3 3.79295E-3 4.26305E-3 6.26593E-4 3.2507E-3 6.01433E-3 4.3898E-3 1.68875E-3 2.37759E-3 1.96173E-3 3.99348E-3 2.50133E-3 7.79009E-3 1.11464E-2 1.33728E-2 1.59437E-2 2.02443E-2 3.6324E-2 3.99066E-2 5.53178E-2 9.93062E-2 1.09307E-1 3.34605E-1 1.63812E-1 6.48981E-2 5.56689E-2 1.11522E-2 3.269E-3 3.37351E-3 5.53599E-3 4.3543E-3 2.62294E-3 4.37086E-3 5.51051E-3 5.12825E-3 5.8967E-3
-9999 -9999 -9999 -9999 -9999 -9999 -9999 -9999 -9999 -9999 -9999 -9999 -9999 -9999 -9999 -9999 -9999 -9999 -9999 -9999 -9999 -9999 -9999 -9999 -9999 -9999 -9999 -9999 -9999 -9999 -9999 -9999 -9999 -9999 -9999 -9999 -9999 -9999 -9999 2.70248E-3 3.28417E-3 3.38494E-3 1.54401E-3 3.48622E-3 1.65519E-3 8.88714E-4 9.72873E-4 1.10645E-3 1.29798E-3 8.0532E-4 4.14151E-3 9.15693E-3 1.65852E-2 1.61531E-2 1.30583E-2 3.72388E-2 5.23269E-2 9.56672E-2 2.16973E-1 4.82806E-1 3.71086E-1 1.40953E-1 3.32265E-2 2.61808E-2 3.7838E-3 1.78295E-3 1.79823E-3 2.87808E-3 5.08623E-3 5.83875E-3 5.89567E-3 4.72788E-3 5.04312E-3 5.02832E-3
-9999 -9999 -9999 -9999 -9999 -9999 -9999 -9999 -9999 -9999 -9999 -9999 -9999 -9999 -9999 -9999 -9999 -9999 -9999 -9999 -9999 -9999 -9999 -9999 -9999 -9999 -9999 -9999 -9999 -9999 -9999 -9999 -9999 -9999 -9999 -9999 -9999 -9999 -9999 -9999 8.41671E-3 3.89785E-3 1.24217E-3 6.1633E-3 5.62436E-4 5.08861E-4 8.68705E-4 1.01276E-3 2.23077E-3 6.26523E-4 3.48811E-3 1.942E-3 1.01275E-2 1.12041E-2 1.1596E-2 2.47055E-2 4.68813E-2 5.59187E-2 1.32602E-1 3.77284E-1 3.14442E-1 1.24525E-1 6.29604E-2 2.54546E-2 8.76335E-3 4.07451E-3 2.52851E-3 3.44911E-3 4.93835E-3 8.05543E-3 3.78806E-3 4.32172E-3 4.38066E-3 5.31264E-3
-9999 -9999 -9999 -9999 -9999 -9999 -9999 -9999 -9999 -9999 -9999 -9999 -9999 -9999 -9999 -9999 -9999 -9999 -9999 -9999 -9999 -9999 -9999 -9999 -9999 -9999 -9999 -9999 -9999 -9999 -9999 -9999 -9999 -9999 -9999 -9999 -9999 -9999 -9999 -9999 -9999 1.72834E-3 1.34233E-3 1.512E-3 7.05282E-4 3.8184E-4 1.79999E-3 3.78731E-3 2.57279E-3 1.34203E-3 1.6133E-3 4.47559E-3 8.99764E-3 1.25865E-2 1.11607E-2 1.83641E-2 7.35122E-2 1.01187E-1 1.36516E-1 2.65719E-1 1.8174E-1 8.54924E-2 5.89356E-2 1.68199E-2 3.46854E-3 2.72961E-3 2.04169E-3 2.80638E-3 5.79356E-3 3.67976E-3 1.73281E-3 3.44236E-3 5.88494E-3 5.81036E-3
-9999 -9999 -9999 -9999 -9999 -9999 -9999 -9999 -9999 -9999 -9999 -9999 -9999 -9999 -9999 -9999 -9999 -9999 -9999 -9999 -9999 -9999 -9999 -9999 -9999 -9999 -9999 -9999 -9999 -9999 -9999 -9999 -9999 -9999 -9999 -9999 -9999 -9999 -9999 -9999 -9999 2.26685E-3 1.10622E-3 1.07018E-3 9.03861E-4 3.55714E-4 7.36141E-4 1.09912E-3 1.62442E-3 2.51586E-3 5.21758E-3 9.64607E-3 9.70455E-3 9.38369E-3 1.46681E-2 1.74578E-2 1.4483E-1 2.56691E-1 1.96376E-1 9.48474E-2 6.95779E-2 3.04682E-2 1.31465E-2 6.86299E-3 6.53967E-3 3.61769E-3 3.59131E-3 4.40355E-3 6.74916E-3 4.35041E-3 2.39666E-3 2.66534E-3 3.44609E-3 2.88725E-3
-9999 -9999 -9999 -9999 -9999 -9999 -9999 -9999 -9999 -9999 -9999 -9999 -9999 -9999 -9999 -9999 -9999 -9999 -9999 -9999 -9999 -9999 -9999 -9999 -9999 -9999 -9999 -9999 -9999 -9999 -9999 -9999 -9999 -9999 -9999 -9999 -9999 -9999 -9999 -9999 -9999 -9999 2.476E-3 2.94364E-3 1.29181E-3 1.38098E-3 1.84734E-3 3.81771E-3 3.89489E-3 5.14512E-3 8.5497E-3 7.65281E-3 8.3721E-3 1.09469E-2 1.16722E-2 4.19224E-2 1.29819E-1 2.09277E-1 3.95595E-1 6.69354E-2 4.66137E-2 1.30496E-2 4.02819E-3 7.42885E-3 2.27499E-3 1.54258E-3 2.10925E-3 3.22754E-3 4.225E-3 3.62756E-3 3.41217E-3 2.67305E-3 2.21358E-3 2.33197E-3
-9999 -9999 -9999 -9999 -9999 -9999 -9999 -9999 -9999 -9999 -9999 -9999 -9999 -9999 -9999 -9999 -9999 -9999 -9999 -9999 -9999 -9999 -9999 -9999 -9999 -9999 -9999 -9999 -9999 -9999 -9999 -9999 -9999 -9999 -9999 -9999 -9999 -9999 -9999 -9999 -9999 -9999 2.63002E-3 1.86906E-3 1.48077E-3 1.34077E-3 1.41145E-3 2.97629E-3 2.04456E-3 3.4721E-3 5.66877E-3 7.49316E-3 1.0201E-2 1.21444E-2 2.12769E-2 8.75042E-2 2.01563E-1 2.12899E-1 2.11268E-1 8.87398E-2 5.21275E-2 6.86875E-3 5.34695E-3 4.60984E-3 1.66607E-3 1.83165E-3 4.11773E-3 4.08483E-3 1.2728E-3 3.78443E-3 3.8494E-3 2.63787E-3 2.37646E-3 4.33167E-3
-9999 -9999 -9999 -9999 -9999 -9999 -9999 -9999 -9999 -9999 -9999 -9999 -9999 -9999 -9999 -9999 -9999 -9999 -9999 -9999 -9999 -9999 -9999 -9999 -9999 -9999 -9999 -9999 -9999 -9999 -9999 -9999 -9999 -9999 -9999 -9999 -9999 -9999 -9999 -9999 -9999 -9999 -9999 4.55583E-3 1.96353E-3 2.0052E-3 2.03385E-3 3.13335E-3 5.48928E-3 5.13845E-3 8.23869E-3 5.52745E-3 6.38852E-3 1.97121E-2 7.4334E-2 2.18934E-1 1.7103E-1 1.81296E-1 1.09079E-1 1.30853E-2 6.9049E-3 4.70959E-3 3.44159E-3 2.48348E-3 2.52871E-3 1.48746E-3 1.52649E-3 3.17251E-3 2.0829E-3 2.50339E-3 4.821E-3 6.07381E-3 9.47518E-3 1.30286E-2
-9999 -9999 -9999 -9999 -9999 -9999 -9999 -9999 -9999 -9999 -9999 -9999 -9999 -9999 -9999 -9999 -9999 -9999 -9999 -9999 -9999 -9999 -9999 -9999 -9999 -9999 -9999 -9999 -9999 -9999 -9999 -9999 -9999 -9999 -9999 -9999 -9999 -9999 -9999 -9999 -9999 -9999 -9999 8.48382E-3 4.70882E-3 1.6677E-3 1.60522E-3 2.17514E-3 4.03655E-3 4.38233E-3 3.54625E-3 8.14512E-3 4.45621E-3 3.69716E-2 8.33266E-2 1.08502E-1 1.42882E-1 2.3091E-1 1.00346E-1 9.79629E-3 7.03541E-3 3.94613E-3 4.22748E-3 3.02969E-3 2.75304E-3 1.7426E-3 1.1569E-3 1.07517E-3 1.21668E-3 2.08201E-3 4.61573E-3 5.06119E-3 1.52779E-2 9.65083E-3
