ENM/Final_Models/M_1_F_qp_Set_1_E/Gustavia_santanderiensis_2_Choco_novel.asc
ncols         367
nrows         963
xllcorner     -78.6
yllcorner     0.65
cellsize      0.00833333333333323
NODATA_value  -9999
[rows 90 to 119 of 963, columns 204 to 271 of 367]
-9999 -9999 -9999 -9999 -9999 -9999 -9999 -9999 -9999 -9999 -9999 -9999 -9999 -9999 -9999 -9999 -9999 -9999 -9999 -9999 -9999 -9999 -9999 -9999 -9999 -9999 -9999 -9999 -9999 -9999 -9999 -9999 -9999 -9999 -9999 -9999 -9999 -9999 -9999 3.8523E0 2.97405E0 3.29341E0 3.8523E0 3.8523E0 4.53094E0 3.8523E0 6.00798E0 6.00798E0 5.22954E0 4.53094E0 3.8523E0 5.22954E0 5.22954E0 5.22954E0 4.53094E0 4.53094E0 5.22954E0 -9999 -9999 -9999 -9999 -9999 -9999 -9999 -9999 -9999 -9999 -9999
-9999 -9999 -9999 -9999 -9999 -9999 -9999 -9999 -9999 -9999 -9999 -9999 -9999 -9999 -9999 -9999 -9999 -9999 -9999 -9999 -9999 -9999 5.22954E0 -9999 -9999 -9999 -9999 -9999 -9999 -9999 -9999 -9999 -9999 -9999 -9999 -9999 -9999 -9999 -9999 4.53094E0 3.8523E0 3.29341E0 3.8523E0 3.8523E0 3.8523E0 4.53094E0 6.00798E0 6.64671E0 5.22954E0 4.53094E0 4.53094E0 5.22954E0 5.22954E0 4.53094E0 4.53094E0 5.22954E0 -9999 -9999 -9999 -9999 -9999 -9999 -9999 -9999 -9999 -9999 -9999 -9999
-9999 -9999 -9999 -9999 -9999 -9999 -9999 -9999 -9999 -9999 -9999 -9999 -9999 -9999 -9999 -9999 -9999 -9999 -9999 -9999 -9999 -9999 5.22954E0 -9999 -9999 -9999 -9999 -9999 -9999 -9999 -9999 -9999 -9999 -9999 -9999 -9999 -9999 -9999 -9999 3.8523E0 1.85629E0 3.29341E0 3.8523E0 3.8523E0 3.8523E0 4.53094E0 5.22954E0 6.00798E0 5.22954E0 4.53094E0 5.22954E0 4.53094E0 5.22954E0 5.22954E0 4.53094E0 4.53094E0 -9999 -9999 -9999 -9999 -9999 -9999 -9999 -9999 -9999 -9999 -9999 -9999
-9999 -9999 -9999 -9999 -9999 -9999 -9999 -9999 -9999 -9999 -9999 -9999 -9999 -9999 -9999 -9999 -9999 -9999 -9999 -9999 -9999 5.22954E0 5.22954E0 5.22954E0 -9999 -9999 -9999 -9999 -9999 -9999 -9999 -9999 -9999 -9999 -9999 -9999 -9999 -9999 -9999 4.53094E0 3.8523E0 3.8523E0 3.8523E0 3.8523E0 4.53094E0 5.22954E0 5.22954E0 6.00798E0 5.22954E0 5.22954E0 4.53094E0 5.22954E0 5.22954E0 5.22954E0 5.22954E0 -9999 -9999 -9999 -9999 -9999 -9999 -9999 -9999 -9999 -9999 -9999 -9999 -9999
-9999 -9999 -9999 -9999 -9999 -9999 -9999 -9999 -9999 -9999 -9999 -9999 -9999 -9999 -9999 -9999 -9999 -9999 -9999 -9999 5.22954E0 5.22954E0 5.22954E0 6.00798E0 6.00798E0 -9999 -9999 -9999 -9999 -9999 -9999 -9999 -9999 -9999 -9999 -9999 -9999 -9999 2.09581E0 -9999 2.25549E0 2.61477E0 3.8523E0 4.53094E0 4.53094E0 4.53094E0 5.22954E0 6.64671E0 6.00798E0 5.22954E0 4.53094E0 5.22954E0 5.22954E0 5.22954E0 6.00798E0 -9999 -9999 -9999 -9999 -9999 -9999 -9999 -9999 -9999 -9999 -9999 -9999 -9999
-9999 -9999 -9999 -9999 -9999 -9999 -9999 -9999 -9999 -9999 -9999 -9999 -9999 -9999 -9999 -9999 -9999 -9999 -9999 4.53094E0 5.22954E0 5.22954E0 6.00798E0 6.00798E0 6.00798E0 6.00798E0 -9999 -9999 -9999 -9999 -9999 -9999 -9999 -9999 -9999 -9999 -9999 -9999 -9999 -9999 3.8523E0 2.97405E0 3.8523E0 3.57285E0 5.22954E0 5.22954E0 6.00798E0 6.00798E0 5.22954E0 5.22954E0 5.22954E0 6.00798E0 6.64671E0 6.64671E0 6.00798E0 -9999 -9999 -9999 -9999 -9999 -9999 -9999 -9999 -9999 -9999 -9999 -9999 -9999
-9999 -9999 -9999 -9999 -9999 -9999 -9999 -9999 -9999 -9999 -9999 -9999 -9999 -9999 -9999 -9999 -9999 4.53094E0 5.22954E0 5.22954E0 5.22954E0 6.00798E0 6.00798E0 6.00798E0 6.00798E0 6.64671E0 6.64671E0 -9999 -9999 -9999 -9999 -9999 -9999 -9999 -9999 -9999 -9999 -9999 -9999 -9999 3.8523E0 3.8523E0 3.8523E0 3.8523E0 4.53094E0 5.22954E0 6.00798E0 5.22954E0 5.22954E0 6.00798E0 5.22954E0 6.64671E0 7.20559E0 6.64671E0 5.22954E0 -9999 -9999 -9999 -9999 -9999 -9999 -9999 -9999 -9999 -9999 -9999 -9999 -9999
-9999 -9999 -9999 -9999 -9999 -9999 -9999 -9999 -9999 -9999 -9999 -9999 -9999 -9999 4.53094E0 5.22954E0 5.22954E0 5.22954E0 5.22954E0 5.22954E0 6.00798E0 6.00798E0 6.00798E0 6.00798E0 6.64671E0 6.64671E0 6.64671E0 7.20559E0 -9999 -9999 -9999 -9999 -9999 -9999 -9999 -9999 -9999 -9999 -9999 4.53094E0 3.8523E0 3.8523E0 4.53094E0 4.53094E0 4.53094E0 5.22954E0 6.64671E0 5.22954E0 5.22954E0 5.22954E0 5.22954E0 6.64671E0 7.20559E0 6.64671E0 -9999 -9999 -9999 -9999 -9999 -9999 -9999 -9999 -9999 -9999 -9999 -9999 -9999 -9999
-9999 -9999 -9999 -9999 -9999 -9999 -9999 -9999 -9999 -9999 -9999 4.53094E0 4.53094E0 4.53094E0 4.53094E0 5.22954E0 5.22954E0 6.00798E0 6.00798E0 6.00798E0 6.00798E0 6.00798E0 6.64671E0 6.64671E0 6.64671E0 6.64671E0 6.64671E0 7.20559E0 7.20559E0 -9999 -9999 -9999 -9999 -9999 -9999 -9999 -9999 -9999 -9999 4.53094E0 3.8523E0 3.8523E0 3.8523E0 3.8523E0 4.53094E0 5.22954E0 6.00798E0 6.00798E0 5.22954E0 5.22954E0 5.22954E0 6.64671E0 7.20559E0 -9999 -9999 -9999 -9999 -9999 -9999 -9999 -9999 -9999 -9999 -9999 -9999 -9999 -9999 -9999
-9999 -9999 -9999 -9999 -9999 -9999 -9999 -9999 4.53094E0 4.53094E0 4.53094E0 4.53094E0 4.53094E0 5.22954E0 5.22954E0 4.53094E0 6.00798E0 6.00798E0 6.00798E0 6.00798E0 6.00798E0 6.64671E0 6.64671E0 6.64671E0 6.64671E0 6.64671E0 6.64671E0 7.20559E0 7.20559E0 7.20559E0 -9999 -9999 -9999 -9999 -9999 -9999 -9999 -9999 -9999 3.8523E0 3.8523E0 3.8523E0 3.8523E0 3.8523E0 4.53094E0 6.00798E0 5.22954E0 5.22954E0 5.22954E0 5.22954E0 6.00798E0 6.64671E0 6.64671E0 -9999 -9999 -9999 -9999 -9999 -9999 -9999 -9999 -9999 -9999 -9999 -9999 -9999 -9999 -9999
-9999 6.00798E0 5.22954E0 5.22954E0 4.53094E0 4.53094E0 4.53094E0 4.53094E0 4.53094E0 3.8523E0 4.53094E0 5.22954E0 5.22954E0 5.22954E0 5.22954E0 5.22954E0 6.00798E0 6.00798E0 6.00798E0 6.64671E0 6.64671E0 6.64671E0 6.64671E0 6.64671E0 6.64671E0 7.20559E0 7.20559E0 7.20559E0 7.20559E0 7.20559E0 7.20559E0 -9999 -9999 -9999 -9999 -9999 -9999 -9999 -9999 3.8523E0 1.39721E0 3.8523E0 3.8523E0 4.53094E0 4.53094E0 6.00798E0 6.00798E0 5.22954E0 4.53094E0 5.22954E0 6.64671E0 6.64671E0 6.00798E0 -9999 -9999 -9999 -9999 -9999 -9999 -9999 -9999 -9999 -9999 -9999 -9999 -9999 -9999 -9999
6.64671E0 6.00798E0 5.22954E0 5.22954E0 5.22954E0 4.53094E0 4.53094E0 4.53094E0 4.53094E0 3.8523E0 5.22954E0 5.22954E0 5.22954E0 5.22954E0 5.22954E0 5.22954E0 6.00798E0 6.00798E0 6.64671E0 6.64671E0 6.64671E0 6.64671E0 6.64671E0 6.64671E0 6.64671E0 7.20559E0 7.20559E0 7.20559E0 7.20559E0 7.20559E0 7.20559E0 6.64671E0 -9999 -9999 -9999 -9999 -9999 -9999 -9999 -9999 3.8523E0 3.8523E0 3.57285E0 4.53094E0 4.53094E0 6.00798E0 6.00798E0 5.22954E0 5.22954E0 6.00798E0 7.20559E0 6.64671E0 6.64671E0 5.22954E0 -9999 -9999 -9999 -9999 -9999 -9999 -9999 -9999 -9999 -9999 -9999 -9999 -9999 -9999
6.64671E0 6.00798E0 5.22954E0 5.22954E0 5.22954E0 5.22954E0 3.8523E0 4.53094E0 3.8523E0 3.8523E0 5.22954E0 5.22954E0 5.22954E0 6.00798E0 5.22954E0 6.00798E0 6.00798E0 6.00798E0 6.64671E0 6.64671E0 6.64671E0 6.64671E0 6.64671E0 7.20559E0 7.20559E0 7.20559E0 7.20559E0 7.20559E0 7.20559E0 7.20559E0 6.64671E0 6.64671E0 6.64671E0 -9999 -9999 -9999 -9999 -9999 -9999 -9999 4.53094E0 4.53094E0 4.53094E0 3.01397E0 4.53094E0 5.22954E0 6.00798E0 5.22954E0 5.22954E0 6.64671E0 7.20559E0 6.64671E0 6.00798E0 -9999 -9999 -9999 -9999 -9999 -9999 -9999 -9999 -9999 -9999 -9999 -9999 -9999 -9999 -9999
6.00798E0 6.00798E0 5.22954E0 5.22954E0 5.22954E0 5.22954E0 4.53094E0 4.53094E0 4.53094E0 4.53094E0 4.53094E0 4.53094E0 4.53094E0 5.22954E0 5.22954E0 6.00798E0 6.64671E0 6.64671E0 6.64671E0 6.64671E0 6.64671E0 6.64671E0 7.20559E0 7.20559E0 7.20559E0 7.20559E0 7.20559E0 7.20559E0 7.20559E0 7.20559E0 6.64671E0 6.64671E0 6.64671E0 6.00798E0 6.00798E0 -9999 -9999 -9999 -9999 -9999 3.8523E0 2.67465E0 4.53094E0 4.53094E0 5.22954E0 5.22954E0 5.22954E0 4.53094E0 6.00798E0 6.64671E0 7.82435E0 6.64671E0 6.64671E0 -9999 -9999 -9999 -9999 -9999 -9999 -9999 -9999 -9999 -9999 -9999 -9999 -9999 -9999 -9999
6.00798E0 6.00798E0 5.22954E0 5.22954E0 4.53094E0 4.53094E0 4.53094E0 4.53094E0 4.53094E0 4.53094E0 4.53094E0 5.22954E0 5.22954E0 5.22954E0 5.22954E0 6.64671E0 6.64671E0 6.64671E0 6.64671E0 6.64671E0 6.64671E0 6.64671E0 6.64671E0 7.20559E0 7.82435E0 7.82435E0 7.82435E0 7.20559E0 7.20559E0 7.20559E0 7.20559E0 6.64671E0 6.00798E0 6.64671E0 5.22954E0 5.22954E0 -9999 -9999 -9999 -9999 4.53094E0 4.53094E0 5.22954E0 5.22954E0 5.22954E0 5.22954E0 5.22954E0 5.22954E0 6.00798E0 7.20559E0 6.42715E0 6.64671E0 -9999 -9999 -9999 -9999 -9999 -9999 -9999 -9999 -9999 -9999 -9999 -9999 -9999 -9999 -9999 -9999
6.00798E0 5.22954E0 6.00798E0 5.22954E0 4.53094E0 4.53094E0 4.53094E0 4.53094E0 4.53094E0 4.53094E0 4.53094E0 5.22954E0 6.00798E0 5.22954E0 6.64671E0 6.64671E0 6.64671E0 6.64671E0 6.64671E0 6.64671E0 6.64671E0 7.20559E0 7.20559E0 7.20559E0 7.82435E0 7.82435E0 7.82435E0 7.82435E0 7.82435E0 7.20559E0 6.64671E0 6.64671E0 6.64671E0 6.00798E0 6.00798E0 5.22954E0 5.22954E0 5.22954E0 -9999 -9999 -9999 -9999 -9999 5.22954E0 5.22954E0 5.22954E0 5.22954E0 5.22954E0 6.64671E0 3.37325E0 6.42715E0 7.20559E0 -9999 -9999 -9999 -9999 -9999 -9999 -9999 -9999 -9999 -9999 -9999 -9999 -9999 -9999 -9999 -9999
6.00798E0 6.00798E0 5.22954E0 5.22954E0 5.22954E0 5.22954E0 4.53094E0 5.22954E0 4.53094E0 4.53094E0 5.22954E0 4.53094E0 6.00798E0 6.00798E0 6.64671E0 6.64671E0 6.64671E0 6.64671E0 6.64671E0 6.64671E0 6.64671E0 7.20559E0 7.20559E0 7.82435E0 7.82435E0 7.82435E0 7.82435E0 7.82435E0 7.82435E0 7.20559E0 6.64671E0 6.64671E0 6.64671E0 6.64671E0 6.00798E0 6.00798E0 6.00798E0 5.22954E0 5.22954E0 -9999 -9999 -9999 -9999 6.00798E0 6.00798E0 6.00798E0 5.22954E0 5.22954E0 6.64671E0 7.20559E0 7.20559E0 6.64671E0 -9999 -9999 -9999 -9999 -9999 -9999 -9999 -9999 -9999 -9999 -9999 -9999 -9999 -9999 -9999 -9999
6.00798E0 6.00798E0 6.00798E0 5.22954E0 5.22954E0 5.22954E0 5.22954E0 5.22954E0 5.22954E0 5.22954E0 5.22954E0 5.22954E0 6.00798E0 5.22954E0 6.00798E0 6.00798E0 6.64671E0 6.64671E0 6.64671E0 7.20559E0 7.20559E0 7.20559E0 7.82435E0 7.82435E0 7.82435E0 7.82435E0 7.82435E0 7.20559E0 7.20559E0 7.20559E0 7.20559E0 7.20559E0 6.64671E0 6.64671E0 6.00798E0 6.64671E0 6.00798E0 6.00798E0 5.22954E0 6.00798E0 -9999 -9999 -9999 -9999 -9999 -9999 6.00798E0 6.00798E0 6.00798E0 7.20559E0 7.20559E0 -9999 -9999 -9999 -9999 -9999 -9999 -9999 -9999 -9999 -9999 -9999 -9999 -9999 -9999 -9999 -9999 -9999
7.20559E0 6.00798E0 6.00798E0 6.00798E0 5.22954E0 5.22954E0 5.22954E0 5.22954E0 5.22954E0 5.22954E0 5.22954E0 5.22954E0 5.22954E0 6.00798E0 6.00798E0 6.00798E0 6.64671E0 6.64671E0 7.20559E0 7.20559E0 7.20559E0 7.20559E0 7.20559E0 7.82435E0 7.82435E0 7.82435E0 7.20559E0 7.20559E0 7.82435E0 7.20559E0 7.20559E0 7.20559E0 6.64671E0 6.64671E0 6.64671E0 6.00798E0 6.00798E0 6.00798E0 6.00798E0 6.00798E0 4.49102E0 -9999 -9999 -9999 -9999 6.00798E0 6.64671E0 7.20559E0 6.64671E0 7.20559E0 7.20559E0 -9999 -9999 -9999 -9999 -9999 -9999 -9999 -9999 -9999 -9999 -9999 -9999 -9999 -9999 -9999 -9999 -9999
7.20559E0 6.64671E0 6.00798E0 6.00798E0 6.00798E0 6.00798E0 6.00798E0 6.00798E0 6.00798E0 6.00798E0 6.00798E0 6.00798E0 5.22954E0 6.00798E0 6.00798E0 6.00798E0 6.00798E0 7.20559E0 7.20559E0 7.20559E0 7.20559E0 7.20559E0 7.20559E0 7.20559E0 7.82435E0 7.82435E0 7.82435E0 7.82435E0 7.82435E0 7.20559E0 7.20559E0 7.20559E0 6.64671E0 7.20559E0 6.64671E0 6.64671E0 6.64671E0 6.64671E0 3.87226E0 6.64671E0 5.5489E0 5.02994E0 6.64671E0 -9999 -9999 6.00798E0 7.20559E0 7.82435E0 7.82435E0 7.20559E0 7.20559E0 -9999 -9999 -9999 -9999 -9999 -9999 -9999 -9999 -9999 -9999 -9999 -9999 -9999 -9999 -9999 -9999 -9999
7.20559E0 6.64671E0 6.64671E0 6.64671E0 6.64671E0 6.64671E0 6.00798E0 6.00798E0 6.00798E0 6.00798E0 6.00798E0 6.00798E0 6.00798E0 6.00798E0 6.00798E0 6.00798E0 6.64671E0 6.64671E0 7.20559E0 7.20559E0 7.20559E0 7.20559E0 7.20559E0 7.82435E0 7.20559E0 7.82435E0 7.82435E0 7.82435E0 7.82435E0 7.82435E0 7.20559E0 7.82435E0 7.20559E0 6.64671E0 7.20559E0 7.20559E0 7.20559E0 6.64671E0 6.02794E0 6.64671E0 7.20559E0 5.60878E0 6.64671E0 6.64671E0 6.64671E0 7.20559E0 7.20559E0 8.9022E0 8.9022E0 7.82435E0 7.20559E0 -9999 -9999 -9999 -9999 -9999 -9999 -9999 -9999 -9999 -9999 -9999 -9999 -9999 -9999 -9999 6.64671E0 -9999
7.20559E0 7.20559E0 6.64671E0 6.64671E0 6.64671E0 6.64671E0 6.64671E0 6.64671E0 6.64671E0 6.64671E0 6.00798E0 6.00798E0 6.00798E0 6.00798E0 6.00798E0 6.00798E0 6.64671E0 6.64671E0 6.64671E0 7.20559E0 7.82435E0 7.82435E0 7.82435E0 7.82435E0 7.82435E0 7.82435E0 7.82435E0 7.82435E0 7.82435E0 7.82435E0 7.20559E0 7.82435E0 7.20559E0 7.20559E0 7.20559E0 7.20559E0 7.20559E0 7.20559E0 5.08982E0 7.20559E0 7.20559E0 7.20559E0 7.20559E0 6.64671E0 7.20559E0 7.20559E0 7.82435E0 7.82435E0 8.9022E0 7.82435E0 7.20559E0 7.20559E0 -9999 -9999 -9999 -9999 -9999 -9999 -9999 -9999 -9999 -9999 -9999 -9999 -9999 6.64671E0 6.64671E0 -9999
7.20559E0 7.20559E0 7.20559E0 6.64671E0 6.64671E0 6.64671E0 6.64671E0 6.64671E0 6.64671E0 6.64671E0 6.64671E0 6.64671E0 6.64671E0 6.64671E0 6.64671E0 6.64671E0 6.64671E0 6.64671E0 6.64671E0 7.82435E0 7.82435E0 7.82435E0 7.82435E0 7.82435E0 7.82435E0 8.9022E0 7.20559E0 7.20559E0 7.82435E0 7.20559E0 7.20559E0 7.20559E0 7.20559E0 7.20559E0 7.20559E0 7.20559E0 7.20559E0 7.20559E0 7.20559E0 5.08982E0 6.64671E0 6.64671E0 6.64671E0 6.64671E0 7.20559E0 7.20559E0 7.82435E0 8.9022E0 1.01397E1 8.9022E0 7.82435E0 7.82435E0 -9999 -9999 -9999 -9999 -9999 -9999 -9999 -9999 -9999 -9999 -9999 -9999 -9999 7.20559E0 6.64671E0 -9999
7.20559E0 7.20559E0 7.20559E0 6.64671E0 6.64671E0 6.64671E0 6.64671E0 6.64671E0 6.64671E0 6.64671E0 6.64671E0 6.64671E0 6.64671E0 6.64671E0 6.64671E0 6.64671E0 6.64671E0 6.64671E0 7.20559E0 7.20559E0 7.82435E0 7.82435E0 7.82435E0 7.82435E0 7.82435E0 7.82435E0 7.82435E0 7.20559E0 7.82435E0 7.20559E0 7.20559E0 7.20559E0 7.20559E0 7.20559E0 7.20559E0 7.20559E0 4.01198E0 5.60878E0 7.20559E0 6.64671E0 6.64671E0 5.5489E0 6.64671E0 6.64671E0 7.20559E0 7.82435E0 7.82435E0 7.82435E0 1.01397E1 1.01397E1 8.9022E0 7.82435E0 1.01397E1 -9999 -9999 -9999 -9999 -9999 -9999 -9999 -9999 -9999 -9999 -9999 7.82435E0 7.20559E0 7.20559E0 6.64671E0
7.20559E0 7.20559E0 7.20559E0 7.20559E0 7.20559E0 7.20559E0 6.64671E0 6.64671E0 6.64671E0 6.64671E0 6.64671E0 6.64671E0 6.64671E0 6.64671E0 6.64671E0 6.64671E0 6.64671E0 6.64671E0 7.20559E0 7.82435E0 7.82435E0 7.82435E0 7.82435E0 7.82435E0 7.82435E0 7.82435E0 7.82435E0 7.20559E0 7.82435E0 7.20559E0 7.20559E0 7.82435E0 7.20559E0 7.20559E0 7.20559E0 7.20559E0 7.20559E0 7.20559E0 6.64671E0 6.64671E0 6.64671E0 5.90818E0 6.64671E0 6.64671E0 6.64671E0 7.20559E0 7.20559E0 8.9022E0 1.18563E1 1.18563E1 1.18563E1 8.9022E0 6.42715E0 -9999 -9999 -9999 -9999 -9999 -9999 -9999 7.82435E0 7.82435E0 -9999 -9999 7.20559E0 6.64671E0 7.20559E0 7.20559E0
7.20559E0 7.20559E0 7.20559E0 7.20559E0 7.20559E0 7.20559E0 6.64671E0 7.20559E0 6.64671E0 6.64671E0 6.64671E0 7.20559E0 6.64671E0 7.20559E0 7.20559E0 6.64671E0 7.20559E0 7.20559E0 7.20559E0 7.20559E0 7.82435E0 7.82435E0 7.82435E0 7.82435E0 7.82435E0 7.82435E0 7.82435E0 7.82435E0 7.82435E0 7.20559E0 7.20559E0 7.20559E0 7.20559E0 7.82435E0 7.20559E0 7.82435E0 7.20559E0 5.60878E0 6.64671E0 6.64671E0 5.90818E0 6.00798E0 6.00798E0 6.64671E0 7.20559E0 7.20559E0 7.82435E0 6.96607E0 1.01397E1 1.18563E1 1.18563E1 1.01397E1 7.82435E0 -9999 -9999 -9999 -9999 -9999 -9999 -9999 7.82435E0 7.82435E0 8.9022E0 -9999 7.20559E0 7.20559E0 7.20559E0 6.64671E0
7.20559E0 7.20559E0 7.82435E0 7.82435E0 7.20559E0 7.20559E0 6.64671E0 7.20559E0 7.20559E0 7.20559E0 7.20559E0 7.20559E0 7.20559E0 7.20559E0 7.20559E0 7.20559E0 7.20559E0 7.20559E0 7.20559E0 7.20559E0 7.82435E0 7.82435E0 7.82435E0 7.82435E0 7.82435E0 7.82435E0 7.82435E0 7.82435E0 7.82435E0 7.20559E0 7.20559E0 7.20559E0 7.20559E0 7.82435E0 7.82435E0 7.82435E0 7.20559E0 6.64671E0 6.64671E0 6.64671E0 6.00798E0 6.64671E0 6.00798E0 6.00798E0 7.20559E0 7.20559E0 7.82435E0 6.42715E0 4.03194E0 9.4012E0 1.18563E1 1.01397E1 8.9022E0 7.82435E0 -9999 -9999 -9999 -9999 -9999 -9999 -9999 7.82435E0 7.82435E0 7.82435E0 7.20559E0 7.20559E0 7.20559E0 7.20559E0
7.20559E0 7.82435E0 7.20559E0 7.20559E0 7.20559E0 7.20559E0 7.20559E0 7.20559E0 7.20559E0 7.20559E0 7.20559E0 7.20559E0 7.20559E0 7.20559E0 7.20559E0 7.20559E0 7.20559E0 7.20559E0 7.20559E0 7.20559E0 7.20559E0 7.82435E0 7.82435E0 7.82435E0 7.82435E0 7.82435E0 7.82435E0 7.82435E0 7.82435E0 7.82435E0 7.20559E0 7.20559E0 7.20559E0 7.20559E0 6.78643E0 7.20559E0 5.60878E0 6.64671E0 6.64671E0 6.64671E0 6.00798E0 6.64671E0 6.00798E0 6.64671E0 6.64671E0 7.82435E0 7.20559E0 5.28942E0 1.49701E0 2.55489E0 5.66866E0 6.96607E0 8.9022E0 7.82435E0 -9999 -9999 -9999 -9999 -9999 -9999 -9999 8.9022E0 7.82435E0 7.82435E0 7.20559E0 7.20559E0 7.82435E0 6.64671E0
7.20559E0 7.82435E0 7.20559E0 7.82435E0 7.20559E0 7.20559E0 7.20559E0 7.20559E0 7.20559E0 7.20559E0 7.20559E0 7.20559E0 7.20559E0 7.20559E0 7.20559E0 7.20559E0 7.20559E0 7.20559E0 7.20559E0 7.20559E0 7.20559E0 7.20559E0 7.82435E0 7.82435E0 7.82435E0 7.82435E0 7.82435E0 7.82435E0 6.78643E0 7.82435E0 7.82435E0 7.20559E0 7.20559E0 6.78643E0 5.62874E0 7.20559E0 5.08982E0 6.64671E0 6.64671E0 6.64671E0 6.64671E0 6.00798E0 6.64671E0 6.64671E0 6.64671E0 7.20559E0 7.82435E0 1.11776E0 6.78643E-1 2.19561E0 4.2515E0 7.18563E0 8.9022E0 8.9022E0 -9999 -9999 -9999 -9999 -9999 -9999 -9999 -9999 8.9022E0 7.82435E0 7.20559E0 7.20559E0 7.20559E0 6.64671E0
7.20559E0 7.82435E0 7.82435E0 7.82435E0 7.20559E0 7.20559E0 7.20559E0 7.20559E0 6.64671E0 7.20559E0 7.20559E0 7.20559E0 7.20559E0 7.20559E0 7.20559E0 7.20559E0 7.20559E0 7.20559E0 7.20559E0 7.20559E0 7.20559E0 5.62874E0 7.82435E0 7.82435E0 7.82435E0 7.82435E0 7.82435E0 5.62874E0 5.10978E0 7.82435E0 7.82435E0 6.12774E0 7.20559E0 7.20559E0 6.78643E0 7.82435E0 5.08982E0 6.02794E0 5.5489E0 7.20559E0 7.20559E0 6.64671E0 6.64671E0 6.64671E0 7.20559E0 7.20559E0 1.49701E0 1.11776E0 3.7525E0 2.39521E0 8.50299E0 1.17166E1 1.18563E1 1.01397E1 7.82435E0 7.20559E0 -9999 -9999 -9999 -9999 -9999 -9999 -9999 8.9022E0 7.82435E0 7.20559E0 7.20559E0 7.20559E0
