ENM/Final_Models/M_1_F_qp_Set_1_E/Gustavia_santanderiensis_7_Choco.asc
ncols         367
nrows         963
xllcorner     -78.6
yllcorner     0.65
cellsize      0.00833333333333323
NODATA_value  -9999
[rows 570 to 599 of 963, columns 201 to 267 of 367]
6.52865E-1 6.07728E-1 7.59443E-1 7.53937E-1 7.78785E-1 8.28179E-1 7.03268E-1 7.53069E-1 7.837E-1 7.2225E-1 8.1699E-1 6.09676E-1 8.00439E-1 6.19272E-1 7.06955E-1 8.83488E-1 6.80213E-1 7.17397E-1 6.92565E-1 6.7837E-1 4.03549E-1 5.31128E-1 5.50771E-1 3.97067E-1 3.08327E-1 3.8449E-1 2.70044E-1 7.17597E-2 4.40892E-2 4.08979E-2 6.85553E-3 1.04849E-1 1.95604E-2 1.94718E-2 1.8457E-3 5.09288E-3 1.59132E-2 8.66441E-3 6.33658E-3 8.66849E-3 8.53405E-3 2.14893E-2 6.61466E-3 3.31273E-3 3.97797E-4 2.3986E-4 1.25364E-4 1.5166E-3 2.26763E-3 4.73184E-4 3.71772E-4 8.83048E-3 1.94228E-2 2.90954E-2 8.93912E-3 2.98746E-3 -9999 -9999 -9999 -9999 -9999 -9999 -9999 -9999 -9999 -9999 -9999
7.38329E-1 7.98137E-1 7.82517E-1 7.17557E-1 8.05987E-1 6.65073E-1 6.37847E-1 7.16953E-1 7.07631E-1 7.62245E-1 6.26371E-1 6.64957E-1 6.23547E-1 5.2776E-1 5.49435E-1 7.92373E-1 9.00543E-1 8.03756E-1 7.09644E-1 6.52088E-1 4.72688E-1 4.54879E-1 3.50675E-1 1.49401E-1 2.01016E-1 1.04456E-1 6.52577E-2 3.85899E-2 2.60173E-2 5.54207E-2 2.75927E-2 2.62522E-2 2.80968E-2 2.28914E-2 2.1158E-2 1.00685E-2 1.5944E-2 5.23074E-3 3.68165E-3 5.95473E-3 5.37255E-3 1.92472E-3 2.94931E-3 5.10333E-4 4.51098E-4 6.84055E-4 5.70672E-4 2.08448E-3 8.88494E-4 1.9533E-4 5.07468E-3 1.01045E-2 3.23547E-3 2.86357E-3 3.02619E-3 -9999 -9999 -9999 -9999 -9999 -9999 -9999 -9999 -9999 -9999 -9999 -9999
6.7875E-1 6.70343E-1 6.35585E-1 6.55816E-1 7.90103E-1 6.89457E-1 8.18588E-1 7.82907E-1 7.12375E-1 7.81149E-1 6.22049E-1 6.85801E-1 7.47614E-1 5.67135E-1 5.36334E-1 3.56909E-1 5.02E-1 8.1699E-1 6.61123E-1 4.33762E-1 2.8649E-1 2.25023E-1 3.05316E-2 4.45745E-2 5.44132E-2 2.82265E-2 2.3377E-2 2.86504E-2 3.70121E-2 6.14653E-3 5.61176E-3 7.47027E-3 8.39695E-2 2.2616E-1 2.53481E-1 2.13756E-2 3.25767E-2 1.59901E-2 1.51966E-2 1.32059E-2 3.25488E-3 2.64124E-3 8.31652E-4 7.59612E-4 1.31501E-4 2.80352E-4 1.27363E-3 6.767E-4 1.2094E-3 7.46079E-3 1.40887E-3 6.49521E-3 6.24386E-3 4.3219E-3 -9999 -9999 -9999 -9999 -9999 -9999 -9999 -9999 -9999 -9999 -9999 -9999 -9999
6.05379E-1 5.96043E-1 5.6177E-1 4.82958E-1 6.82259E-1 7.72605E-1 6.30133E-1 8.14355E-1 8.40833E-1 7.5048E-1 5.94654E-1 5.80741E-1 5.41781E-1 5.71899E-1 3.79294E-1 2.92513E-1 5.18919E-1 5.86807E-1 4.91838E-1 2.01088E-1 1.32864E-1 6.01476E-2 2.00713E-2 1.50479E-2 3.07197E-2 5.15138E-2 4.89241E-2 3.86558E-2 1.79277E-2 4.34146E-3 5.09967E-3 5.66218E-3 8.46072E-2 2.34653E-1 1.53807E-2 4.39232E-2 7.79107E-3 7.99198E-3 2.44822E-2 4.4661E-3 2.64181E-3 1.1661E-3 1.53716E-3 4.99383E-4 2.66379E-4 8.80969E-4 5.16606E-4 1.01594E-2 1.79706E-3 5.64872E-3 3.32384E-3 4.58181E-3 4.01739E-3 5.19299E-3 9.54868E-3 -9999 -9999 -9999 -9999 -9999 -9999 -9999 -9999 -9999 -9999 -9999 -9999
6.70398E-1 7.11747E-1 5.55794E-1 6.77788E-1 7.57787E-1 6.27622E-1 6.80854E-1 8.66992E-1 8.02836E-1 7.40796E-1 6.99045E-1 6.1877E-1 6.96458E-1 5.23814E-1 3.95924E-1 1.52825E-1 1.40452E-1 1.99716E-1 2.03724E-1 1.0766E-1 3.01191E-2 2.00604E-2 1.14776E-2 9.29692E-3 9.65862E-3 2.81189E-2 1.41596E-1 6.85405E-2 1.15987E-2 3.02262E-3 4.1785E-3 9.59384E-3 2.66697E-1 2.96004E-1 5.33962E-2 4.24279E-2 2.62078E-2 5.51734E-2 2.26909E-2 1.78107E-2 3.13409E-2 5.59799E-3 1.22262E-2 1.58986E-3 5.75467E-4 1.12517E-3 5.72026E-4 6.1126E-3 5.58742E-3 4.88932E-3 3.86594E-3 1.21328E-2 1.21246E-2 8.40671E-3 8.7594E-3 -9999 -9999 -9999 -9999 -9999 -9999 -9999 -9999 -9999 -9999 -9999 -9999
4.60944E-1 5.2741E-1 6.20319E-1 4.84589E-1 6.15315E-1 6.24482E-1 6.86536E-1 8.58099E-1 7.54943E-1 6.92447E-1 6.7143E-1 7.37512E-1 5.69898E-1 4.3381E-1 2.77992E-1 9.30431E-2 9.34879E-2 6.073E-2 7.35691E-2 2.15975E-2 1.06228E-2 7.06747E-3 6.1469E-3 2.19217E-2 1.55133E-2 3.04502E-2 9.98582E-2 6.80555E-2 9.43076E-3 6.98317E-3 1.05229E-3 1.74551E-3 1.71111E-3 2.76164E-2 1.20684E-1 3.52962E-2 1.15247E-2 5.08153E-2 1.02312E-2 4.3747E-3 9.50382E-3 1.7959E-2 2.45859E-3 1.08834E-2 2.97957E-3 4.64017E-3 3.40532E-3 3.82552E-3 3.42692E-3 3.67541E-3 2.71367E-3 1.08036E-2 1.02039E-2 1.6964E-3 -9999 -9999 -9999 -9999 -9999 -9999 -9999 -9999 -9999 -9999 -9999 -9999 -9999
4.97959E-1 4.66359E-1 5.7099E-1 5.01707E-1 4.34967E-1 5.01484E-1 7.51255E-1 8.47044E-1 7.43395E-1 6.7353E-1 7.5992E-1 6.90645E-1 7.84098E-1 4.95475E-1 3.22073E-1 2.16663E-1 1.21155E-1 1.11236E-1 6.54962E-2 2.57476E-2 2.176E-2 8.16393E-3 1.01967E-2 2.14007E-2 1.33612E-2 2.11666E-2 3.74846E-2 2.59184E-2 4.38319E-3 2.40536E-3 1.78825E-3 6.00921E-3 5.16951E-3 1.36614E-2 4.52814E-2 5.792E-3 1.95135E-3 4.84831E-3 2.33882E-3 8.16913E-4 1.28054E-3 5.23535E-4 6.22517E-4 9.70642E-3 2.34255E-3 2.5205E-3 3.50731E-3 3.75269E-3 3.34798E-3 3.08963E-3 4.3608E-3 1.84786E-3 1.77686E-3 4.00441E-3 -9999 -9999 -9999 -9999 -9999 -9999 -9999 -9999 -9999 -9999 -9999 -9999 -9999
3.26584E-1 5.47659E-1 3.95092E-1 4.12066E-1 6.39811E-1 7.53697E-1 5.88676E-1 6.55757E-1 7.09848E-1 7.24101E-1 6.90296E-1 6.16872E-1 6.32037E-1 8.3717E-1 8.46032E-1 4.49569E-1 1.03353E-1 5.54992E-2 7.26244E-2 8.18373E-3 1.35695E-2 5.99853E-3 4.28057E-2 1.09066E-2 2.16034E-2 1.4094E-2 1.56266E-2 2.86921E-3 1.4525E-3 1.10807E-3 3.45033E-3 5.25805E-3 1.28974E-2 1.20661E-2 6.30748E-3 2.05593E-3 1.1288E-3 5.08966E-4 7.63418E-4 6.45957E-4 1.40849E-3 6.55644E-4 1.08081E-3 2.39858E-3 4.77959E-3 2.95214E-3 2.591E-3 4.22892E-3 7.29484E-3 3.98527E-3 2.3349E-3 1.41694E-2 3.57251E-3 3.16279E-3 -9999 -9999 -9999 -9999 -9999 -9999 -9999 -9999 -9999 -9999 -9999 -9999 -9999
5.73609E-1 4.28746E-1 4.57106E-1 6.18906E-1 5.40984E-1 5.50497E-1 6.41573E-1 7.49547E-1 5.7781E-1 5.74763E-1 3.96472E-1 6.20942E-1 5.64412E-1 5.66895E-1 6.44801E-1 6.39853E-1 5.90119E-1 2.05889E-1 3.2562E-2 5.7255E-2 8.16986E-2 1.42699E-2 3.93117E-3 2.54168E-3 1.08119E-2 1.31897E-2 2.68857E-3 1.648E-3 1.79234E-3 1.10091E-3 3.34455E-3 1.19568E-3 7.8598E-4 6.12267E-4 8.70146E-4 4.13503E-4 2.54844E-4 2.96475E-4 2.74134E-3 2.49964E-3 2.03773E-3 1.13541E-2 6.32337E-3 5.404E-4 4.27604E-4 5.43452E-4 5.54415E-4 5.06747E-4 3.55507E-3 3.79505E-3 5.78397E-3 3.12543E-2 1.30718E-2 1.15416E-2 3.28271E-3 -9999 -9999 -9999 -9999 -9999 -9999 -9999 -9999 -9999 -9999 -9999 -9999
3.913E-1 7.34146E-1 7.94039E-1 8.5246E-1 7.21449E-1 6.23659E-1 6.91937E-1 5.17503E-1 6.87556E-1 4.23025E-1 4.14413E-1 3.82967E-1 3.18365E-1 3.49169E-1 8.09281E-1 9.53665E-1 7.00915E-1 3.07496E-1 1.33843E-1 9.19962E-2 5.90137E-2 3.62839E-2 4.75435E-3 1.86406E-3 2.33913E-3 8.53371E-4 2.46577E-3 4.45297E-3 5.9995E-3 8.2324E-3 3.00358E-3 1.18393E-3 4.22044E-4 7.0326E-4 7.90942E-4 6.65045E-4 1.2511E-3 4.15018E-3 2.14563E-3 8.2537E-4 1.87654E-3 1.40408E-3 1.33528E-3 6.70046E-4 1.18234E-3 2.63126E-3 3.03644E-3 1.91538E-3 9.89462E-3 1.64904E-2 9.66918E-3 1.29441E-2 1.06989E-2 1.2203E-2 3.43352E-3 2.39916E-3 -9999 -9999 -9999 -9999 -9999 -9999 -9999 -9999 -9999 -9999 -9999
6.36002E-1 7.99466E-1 8.50217E-1 4.43798E-1 6.78558E-1 7.27022E-1 9.05749E-1 3.91305E-1 4.40544E-1 4.70986E-1 2.15734E-1 1.62098E-1 9.81047E-2 1.82143E-1 4.78301E-1 6.77317E-1 3.83057E-1 1.63418E-1 1.91727E-1 2.11562E-1 1.01072E-1 2.61627E-2 2.59581E-2 6.76962E-3 3.63845E-3 1.54862E-3 8.59777E-3 1.38711E-2 1.39699E-2 7.17738E-3 2.40589E-3 1.21558E-3 4.01026E-3 1.71276E-3 1.37758E-3 5.36426E-3 1.88381E-3 2.65682E-4 4.19665E-3 3.45862E-3 4.7287E-3 3.3499E-3 4.47514E-4 3.37658E-4 2.93596E-4 1.1791E-3 3.2457E-3 5.29454E-3 1.88727E-3 3.89727E-4 1.13385E-2 2.2492E-3 6.09353E-4 6.1893E-4 9.86582E-4 4.23168E-4 -9999 -9999 -9999 -9999 -9999 -9999 -9999 -9999 -9999 -9999 -9999
6.17791E-1 5.27539E-1 6.28512E-1 7.40492E-1 6.51759E-1 7.26845E-1 4.56868E-1 4.57411E-1 5.21074E-1 4.97028E-1 4.20721E-1 1.14763E-1 5.45316E-2 1.00926E-1 3.73001E-1 5.06557E-1 6.54372E-1 1.6322E-2 3.97519E-1 1.68221E-1 1.04287E-1 2.2844E-2 4.61057E-2 1.94773E-2 3.10176E-3 2.39651E-3 1.58796E-2 7.65873E-3 6.18819E-3 4.99214E-3 7.53161E-4 1.70476E-3 4.86771E-3 1.70492E-3 1.91999E-3 1.67606E-3 4.79905E-3 1.46404E-3 3.0963E-3 1.07335E-2 1.05997E-2 5.49008E-3 1.76788E-3 1.98516E-3 9.73618E-4 1.61881E-2 2.21364E-2 6.26498E-3 1.86769E-3 5.44643E-4 8.2204E-4 8.53342E-4 1.52477E-3 1.313E-3 1.73246E-3 1.04387E-3 1.00684E-3 -9999 -9999 -9999 -9999 -9999 -9999 -9999 -9999 -9999 -9999
6.5132E-1 7.50959E-1 7.30871E-1 6.43548E-1 5.72705E-1 4.04852E-1 3.95458E-1 4.22613E-1 3.28749E-1 2.92905E-1 4.73027E-1 1.89168E-1 7.14388E-2 6.27655E-2 3.01853E-1 3.54442E-1 7.45342E-1 3.56688E-2 4.74689E-2 1.64673E-1 1.91236E-1 1.05052E-1 6.27453E-2 2.51364E-2 8.77641E-3 1.93675E-2 1.80909E-2 5.81546E-3 3.52423E-3 1.56375E-3 3.14198E-4 1.09641E-3 3.68801E-3 1.2576E-3 2.61429E-3 1.98922E-2 1.3009E-2 3.19338E-3 1.38767E-2 4.43635E-3 4.78065E-3 1.01572E-3 9.06972E-4 1.68094E-3 3.35434E-3 2.17986E-3 2.68617E-3 1.95591E-3 6.16761E-3 8.85125E-4 1.90919E-3 3.18016E-3 2.21965E-3 2.90414E-3 2.96287E-3 9.95128E-4 7.62767E-4 -9999 -9999 -9999 -9999 -9999 -9999 -9999 -9999 -9999 -9999
6.16955E-1 7.34183E-1 6.54197E-1 5.68528E-1 7.32124E-1 4.71211E-1 3.5202E-1 3.29265E-1 2.71014E-1 2.61379E-1 3.1428E-1 1.9749E-1 1.06645E-1 4.446E-2 1.58742E-1 1.54005E-1 5.11482E-1 5.84615E-2 1.26325E-2 1.50148E-1 1.00479E-1 8.54673E-2 4.43823E-2 1.26203E-2 1.71089E-2 3.41261E-2 1.79371E-2 2.51142E-3 1.76264E-3 1.13592E-3 8.5433E-4 7.72233E-4 1.19436E-3 3.97696E-3 2.00852E-3 8.66304E-3 5.61363E-3 3.08136E-3 1.85129E-3 3.35155E-3 3.74169E-3 1.5758E-3 1.09775E-3 9.11441E-4 2.62184E-3 7.3601E-3 5.76499E-3 3.46516E-3 5.87293E-3 5.68861E-3 6.63417E-3 3.62059E-3 4.57863E-3 3.88166E-3 4.59547E-3 1.51845E-3 2.98684E-3 2.51621E-3 -9999 -9999 -9999 -9999 -9999 -9999 -9999 -9999 -9999
6.31097E-1 6.24942E-1 6.11299E-1 6.73867E-1 6.94396E-1 4.81439E-1 1.40042E-1 6.99163E-2 2.66769E-2 3.31676E-2 8.6556E-2 1.17939E-1 2.27128E-1 9.50219E-2 6.77463E-2 1.14352E-1 3.44877E-1 9.67548E-2 1.32709E-2 8.22736E-3 6.90076E-2 5.91298E-2 8.10004E-2 4.59536E-3 2.42701E-3 1.02932E-2 4.57235E-3 2.2356E-3 1.51861E-3 1.14114E-3 3.18588E-3 4.80493E-3 7.90702E-3 5.33034E-3 4.88702E-3 1.52165E-2 3.91504E-3 7.64797E-4 8.2129E-3 3.32756E-3 1.39286E-3 1.34331E-3 1.31411E-3 1.20062E-3 2.73289E-3 5.18425E-3 3.01717E-3 7.70077E-3 5.61335E-4 1.33502E-3 1.55292E-3 4.58832E-3 1.34647E-2 1.15898E-2 4.3734E-3 2.12475E-3 1.48965E-3 6.45698E-3 -9999 -9999 -9999 -9999 -9999 -9999 -9999 -9999 -9999
5.29827E-1 7.50162E-1 7.43289E-1 7.19815E-1 6.85611E-1 4.82684E-1 1.10257E-1 1.4852E-1 6.83798E-2 6.10756E-2 2.77362E-1 1.05337E-1 7.15272E-2 9.39887E-2 6.65004E-2 1.47158E-1 3.24968E-1 3.30142E-1 2.44161E-2 3.39638E-2 2.72707E-3 1.07386E-2 5.32607E-3 2.56744E-3 7.3374E-4 2.93596E-3 9.19329E-4 4.10053E-4 7.75048E-4 7.88505E-3 4.48824E-3 6.93869E-4 4.11284E-3 1.03311E-2 1.80964E-2 1.35706E-2 1.53509E-2 2.61265E-3 9.51156E-3 3.94101E-3 4.80645E-3 3.16571E-3 6.72476E-4 6.15278E-3 1.02893E-2 1.06814E-2 1.20803E-2 2.839E-3 5.13204E-4 1.22899E-3 6.17153E-4 7.02586E-3 5.74511E-3 6.19659E-3 2.98231E-3 4.8136E-3 2.5618E-3 -9999 -9999 -9999 -9999 -9999 -9999 -9999 -9999 -9999 -9999
5.056E-1 4.19973E-1 3.8738E-1 2.56159E-1 2.98513E-1 4.68975E-1 2.11911E-1 1.65056E-1 1.14933E-1 1.01919E-1 1.03845E-1 1.00085E-1 6.43727E-2 6.77462E-2 6.45481E-2 1.99938E-1 3.31734E-1 1.31233E-1 1.63603E-2 4.70974E-2 1.01881E-1 4.8207E-3 1.87077E-2 3.02861E-3 2.37487E-3 3.71917E-3 8.75897E-4 7.21741E-3 2.27306E-3 8.82817E-3 8.55237E-3 1.9272E-3 6.28508E-3 9.71742E-3 9.95373E-3 6.13024E-3 2.95097E-3 5.17842E-3 9.90603E-3 2.37554E-3 8.08526E-4 4.4724E-3 2.92963E-3 6.11164E-3 1.13163E-2 5.47731E-3 1.83682E-2 5.75705E-3 6.70199E-3 3.22869E-3 9.87696E-4 2.42969E-3 1.25813E-2 2.73451E-3 9.73347E-3 7.92167E-3 1.17891E-3 -9999 -9999 -9999 -9999 -9999 -9999 -9999 -9999 -9999 -9999
6.79365E-1 6.61446E-1 5.10084E-1 3.40598E-1 5.03034E-1 3.46269E-1 1.56999E-1 1.07862E-1 4.00213E-2 5.12048E-2 5.96382E-2 5.03746E-2 3.8975E-2 4.30033E-2 7.29804E-2 1.56441E-1 4.52843E-1 3.9711E-1 3.18458E-2 2.34938E-2 1.37918E-1 1.0929E-2 8.39413E-3 6.82393E-3 3.01079E-2 6.39191E-2 2.17189E-2 9.06438E-3 1.70848E-2 1.81587E-2 1.53906E-2 1.0475E-2 1.33971E-2 2.27222E-2 2.3436E-2 9.59837E-3 6.34446E-3 1.03225E-2 4.13456E-3 1.1984E-2 1.34225E-2 1.13382E-2 6.37379E-3 1.65986E-2 2.3907E-2 1.38833E-2 1.07607E-2 1.39723E-2 1.29187E-2 7.30765E-3 6.07384E-3 1.45435E-2 9.24093E-3 4.15838E-3 7.16773E-3 6.62619E-3 -9999 -9999 -9999 -9999 -9999 -9999 -9999 -9999 -9999 -9999 -9999
2.76647E-1 5.64241E-1 7.37588E-1 7.86351E-1 4.50689E-1 2.04814E-1 1.28319E-1 1.3191E-1 1.42079E-1 3.70909E-2 8.14076E-2 8.03918E-2 6.08221E-2 2.38536E-2 7.16882E-2 1.74684E-1 3.5538E-1 4.23098E-1 3.35325E-2 3.24835E-2 6.41264E-3 4.72902E-2 4.63594E-2 2.42318E-2 2.06183E-2 1.29306E-2 2.9233E-2 2.60829E-2 3.97783E-2 1.64692E-2 1.53655E-2 8.03551E-3 1.60845E-2 8.38355E-2 4.60694E-2 6.12525E-2 6.58198E-3 1.94794E-2 4.81628E-3 4.13143E-3 1.54202E-3 7.78991E-4 8.23571E-4 1.6154E-2 9.36276E-3 1.15044E-2 2.6295E-3 1.09405E-2 9.05617E-3 9.23719E-3 3.41441E-2 2.29521E-2 8.6767E-3 2.01364E-3 8.89276E-4 -9999 -9999 -9999 -9999 -9999 -9999 -9999 -9999 -9999 -9999 -9999 -9999
4.15189E-1 6.76366E-1 6.9039E-1 7.0307E-1 3.20396E-1 1.418E-1 2.51029E-1 1.40891E-1 3.98065E-2 3.20308E-2 4.43521E-2 7.88047E-2 7.63572E-2 8.50057E-3 5.16428E-2 1.74085E-1 2.69395E-1 2.65738E-1 2.29281E-1 1.24876E-1 1.02777E-3 8.49745E-4 3.99058E-3 3.34349E-2 1.33088E-2 3.3391E-2 2.01539E-2 6.40225E-3 2.4919E-2 4.47524E-2 2.53632E-2 5.15266E-2 5.29288E-2 5.18841E-2 2.53942E-2 5.36784E-2 2.87896E-2 5.19829E-3 1.56641E-2 1.97069E-3 5.09837E-3 2.64139E-3 4.33358E-3 1.12258E-2 1.08553E-3 1.32719E-2 6.28291E-3 2.01672E-2 3.32677E-2 2.50376E-2 9.6525E-3 1.11914E-2 2.91914E-3 2.29001E-3 -9999 -9999 -9999 -9999 -9999 -9999 -9999 -9999 -9999 -9999 -9999 -9999 -9999
3.63789E-1 8.88641E-1 6.1228E-1 5.1691E-1 2.37494E-1 1.33226E-1 5.40386E-2 5.69622E-2 5.14612E-2 6.53908E-2 1.75659E-2 2.03874E-2 5.01389E-2 7.20173E-3 4.31594E-2 1.38213E-1 2.19554E-1 3.1515E-1 4.9891E-1 2.71751E-1 5.05477E-2 1.56218E-2 2.19232E-3 6.0356E-3 2.72796E-2 1.67608E-2 1.05584E-2 3.89651E-3 1.01407E-2 1.7524E-2 5.5376E-2 1.46058E-2 2.70439E-2 1.85055E-2 3.47452E-2 3.75265E-2 2.86393E-2 7.58909E-3 9.58426E-3 8.50719E-3 6.79226E-3 1.04891E-2 5.26831E-3 3.47302E-2 8.34594E-3 5.05048E-3 1.44592E-2 1.02985E-2 2.99492E-2 1.46097E-2 7.65334E-3 7.97585E-3 1.16774E-2 -9999 -9999 -9999 -9999 -9999 -9999 -9999 -9999 -9999 -9999 -9999 -9999 -9999 -9999
4.38295E-1 4.88248E-1 2.2336E-1 1.02055E-1 2.40819E-2 6.9892E-2 2.44135E-1 3.79875E-2 2.42465E-2 6.06042E-2 8.15822E-2 3.7462E-2 1.09979E-2 7.29519E-3 2.32071E-2 1.51545E-1 2.24821E-1 3.09227E-1 8.72607E-1 3.52782E-1 1.09781E-1 7.50867E-2 3.21083E-2 1.38405E-2 1.30479E-2 2.73147E-2 1.67951E-3 4.78203E-3 1.84023E-2 7.63862E-2 2.85886E-2 3.80228E-2 2.01212E-2 6.00431E-3 1.07321E-2 9.24481E-3 8.93484E-3 4.21814E-2 1.88966E-2 3.56787E-2 2.11656E-2 2.23825E-2 2.20032E-2 2.76488E-3 7.8277E-3 8.63319E-3 1.27627E-2 3.39564E-2 1.07811E-2 1.18523E-2 1.39136E-2 8.84077E-3 -9999 -9999 -9999 -9999 -9999 -9999 -9999 -9999 -9999 -9999 -9999 -9999 -9999 -9999 -9999
4.92331E-1 3.59541E-1 1.884E-1 1.31099E-1 1.64166E-1 2.03052E-1 1.87693E-1 1.81384E-2 3.48969E-2 1.3817E-1 6.917E-2 3.45825E-3 3.84837E-2 3.02569E-3 1.82319E-2 1.02672E-1 1.94418E-1 2.70926E-1 4.46958E-1 3.89217E-2 2.42674E-2 6.46285E-3 2.79789E-3 3.18155E-3 1.54434E-2 7.97121E-3 3.43878E-3 9.63263E-3 3.19737E-3 4.14089E-2 7.28202E-2 1.77325E-2 3.94551E-3 5.72242E-3 1.13137E-2 3.23124E-3 4.87607E-3 1.1326E-2 3.51212E-3 5.14833E-3 2.84476E-3 6.30761E-3 5.76639E-3 4.56633E-3 4.45939E-3 9.03382E-3 8.82539E-3 5.39007E-2 8.25749E-3 1.91207E-2 1.20196E-2 1.74329E-3 -9999 -9999 -9999 -9999 -9999 -9999 -9999 -9999 -9999 -9999 -9999 -9999 -9999 -9999 -9999
5.69206E-1 2.20906E-1 1.74655E-1 7.53681E-2 3.51597E-2 4.33953E-2 1.79775E-1 5.95626E-2 2.61968E-2 4.80741E-2 8.12267E-2 2.28105E-2 2.02699E-3 6.5709E-3 5.79853E-2 1.05689E-1 2.1131E-1 1.69748E-1 4.45161E-1 6.43402E-3 6.97465E-3 4.49383E-3 1.73836E-3 1.09163E-2 1.03202E-2 1.64278E-3 6.217E-4 1.5323E-3 5.82005E-3 2.53705E-2 3.19732E-2 3.48605E-2 1.04637E-2 9.33601E-3 6.18133E-3 5.59633E-3 8.16653E-3 1.41075E-2 3.13205E-3 3.5044E-3 4.02389E-4 2.47036E-3 9.2045E-3 2.83846E-3 5.82064E-3 9.3318E-3 3.70339E-3 9.43934E-3 2.00292E-2 6.72567E-3 3.09695E-3 -9999 -9999 -9999 -9999 -9999 -9999 -9999 -9999 -9999 -9999 -9999 -9999 -9999 -9999 -9999 -9999
4.40566E-1 2.22025E-1 5.74135E-2 3.90959E-2 3.42801E-2 4.58811E-2 6.27418E-2 8.69888E-2 8.47599E-2 3.0998E-2 5.46331E-2 2.80338E-2 3.24521E-3 3.54774E-2 8.11688E-2 3.8206E-2 3.012E-2 1.09708E-1 1.36734E-1 1.77667E-2 1.28782E-3 1.52076E-3 2.00541E-3 2.70803E-2 1.04783E-2 4.01933E-3 4.41146E-4 1.68632E-3 3.38236E-2 5.30887E-2 7.44154E-2 1.11174E-2 3.07711E-3 8.57254E-3 9.11245E-3 1.36668E-2 2.87706E-2 4.46404E-2 1.20014E-2 1.16629E-2 2.96341E-4 4.17053E-3 1.43067E-2 1.24113E-2 3.05519E-3 1.9389E-2 2.62272E-3 3.26231E-3 1.56768E-2 2.79549E-3 7.45591E-4 -9999 -9999 -9999 -9999 -9999 -9999 -9999 -9999 -9999 -9999 -9999 -9999 -9999 -9999 -9999 -9999
4.60394E-1 4.04451E-1 1.24589E-1 5.33803E-2 3.58276E-2 9.05633E-2 5.40824E-2 6.47593E-2 3.72407E-2 3.94381E-3 3.71409E-3 4.18092E-3 6.34109E-3 3.25069E-2 9.3126E-2 2.3054E-2 2.28651E-2 5.76322E-2 9.15143E-2 3.61879E-2 3.65225E-3 5.03567E-3 2.4061E-3 3.77151E-3 9.22945E-3 1.7067E-3 1.00056E-3 5.17308E-3 3.72998E-2 7.47836E-2 6.85903E-2 7.09329E-3 1.08645E-2 1.51568E-3 6.12917E-3 3.66641E-3 8.52115E-3 5.97939E-2 5.91981E-3 5.84533E-3 4.40782E-4 4.23666E-4 5.69234E-3 4.09295E-3 3.85897E-2 6.07551E-2 2.16573E-3 3.60904E-3 6.6198E-3 7.04507E-3 -9999 -9999 -9999 -9999 -9999 -9999 -9999 -9999 -9999 -9999 -9999 -9999 -9999 -9999 -9999 -9999 -9999
4.54546E-1 4.4382E-1 2.27756E-1 1.51136E-1 9.51573E-2 6.60906E-2 6.62E-2 8.37323E-2 8.79245E-2 1.50457E-2 3.36746E-3 2.587E-3 5.38641E-3 2.97016E-2 1.46716E-2 1.29631E-2 2.02603E-2 7.72505E-2 1.10812E-1 4.76242E-2 8.86149E-3 2.19839E-3 1.97178E-3 1.77118E-3 3.77472E-3 2.77095E-4 1.44376E-3 8.64084E-3 2.57842E-2 3.91411E-2 2.0595E-2 4.84553E-3 5.56253E-3 1.1497E-3 4.5642E-3 5.98832E-3 1.76087E-2 3.78464E-2 2.30012E-2 2.25125E-3 1.75286E-3 2.49604E-3 4.583E-3 1.33426E-2 2.41746E-2 5.94693E-2 6.02282E-3 6.65017E-3 4.86267E-3 -9999 -9999 -9999 -9999 -9999 -9999 -9999 -9999 -9999 -9999 -9999 -9999 -9999 -9999 -9999 -9999 -9999 -9999
5.26912E-1 3.29582E-1 2.55088E-1 2.22059E-1 3.46517E-1 3.73305E-1 3.54261E-1 2.66602E-1 1.32897E-1 3.43872E-3 1.11784E-3 2.89534E-3 1.49E-2 6.6065E-3 1.84719E-3 1.72623E-3 7.63997E-3 2.05719E-2 6.02581E-2 5.34611E-2 3.82747E-2 1.02594E-2 3.21979E-3 5.92721E-4 8.23492E-4 3.88162E-4 2.3311E-3 2.31394E-2 2.26658E-2 2.5434E-2 1.09681E-2 5.26722E-3 1.19379E-2 7.7745E-3 4.33485E-3 1.49918E-3 4.83679E-3 8.31756E-3 8.91153E-4 1.02295E-3 3.72521E-3 9.32632E-3 4.27836E-3 1.00485E-2 2.30015E-2 2.42029E-2 2.35626E-2 2.23267E-2 -9999 -9999 -9999 -9999 -9999 -9999 -9999 -9999 -9999 -9999 -9999 -9999 -9999 -9999 -9999 -9999 -9999 -9999 -9999
4.8425E-1 5.5557E-1 4.82253E-1 3.09794E-1 5.20454E-1 4.36381E-1 4.18123E-1 3.91516E-1 2.64875E-1 1.61405E-1 4.73593E-2 1.25481E-1 4.91642E-2 6.75695E-2 1.41635E-2 3.0601E-3 3.71747E-3 1.34916E-2 1.56875E-2 1.46145E-2 1.58767E-2 3.09719E-3 4.42775E-4 4.62995E-4 1.2698E-3 1.70191E-3 6.93319E-3 4.75052E-2 1.64976E-2 1.2552E-2 8.53014E-3 3.53949E-3 7.39159E-3 4.40745E-3 4.57261E-3 6.64006E-3 1.84375E-2 5.00018E-2 9.17743E-3 2.01936E-3 3.98194E-3 1.07763E-2 1.03558E-2 1.49323E-3 2.93323E-2 2.94637E-2 -9999 -9999 -9999 -9999 -9999 -9999 -9999 -9999 -9999 -9999 -9999 -9999 -9999 -9999 -9999 -9999 -9999 -9999 -9999 -9999 -9999
1.5642E-1 5.02743E-1 3.96172E-1 3.5893E-1 3.86611E-1 3.60657E-1 5.0978E-1 3.28345E-1 3.67699E-1 2.49317E-1 1.28964E-1 8.45946E-2 4.84313E-2 1.21784E-1 1.68618E-2 1.09645E-3 8.97422E-4 3.5117E-3 1.93077E-2 1.66055E-2 1.89804E-2 1.08595E-2 1.18586E-2 2.24699E-3 6.27453E-4 4.7665E-3 5.37985E-3 1.90125E-2 4.84333E-2 5.72881E-2 6.33972E-3 1.55877E-2 4.01623E-3 2.35944E-3 5.42981E-3 1.57531E-2 6.3321E-2 1.72242E-3 1.713E-3 1.69998E-3 1.25142E-2 1.59414E-2 1.04849E-2 7.53763E-3 -9999 -9999 -9999 -9999 -9999 -9999 -9999 -9999 -9999 -9999 -9999 -9999 -9999 -9999 -9999 -9999 -9999 -9999 -9999 -9999 -9999 -9999 -9999
