ENM/Final_Models/M_1_F_qp_Set_1_E/Gustavia_santanderiensis_2_Choco.asc
ncols         367
nrows         963
xllcorner     -78.6
yllcorner     0.65
cellsize      0.00833333333333323
NODATA_value  -9999
[rows 816 to 849 of 963, columns 152 to 227 of 367]
4.86698E-4 3.75423E-3 6.66337E-3 5.56317E-3 5.35158E-3 -9999 -9999 -9999 -9999 -9999 -9999 -9999 -9999 -9999 -9999 -9999 -9999 -9999 -9999 -9999 -9999 -9999 -9999 -9999 -9999 -9999 -9999 -9999 -9999 -9999 -9999 -9999 -9999 -9999 -9999 -9999 -9999 -9999 1.33787E-4 2.45721E-4 1.76483E-4 8.60363E-5 4.89403E-5 5.86943E-5 1.89132E-5 2.10825E-5 2.97134E-5 1.58243E-5 2.33469E-5 1.20324E-5 2.67869E-5 2.95329E-4 3.5334E-4 4.82096E-5 7.9164E-5 4.54235E-5 2.88663E-5 1.84502E-5 3.15992E-5 3.3473E-5 3.90714E-5 2.08534E-5 4.73486E-5 1.79584E-4 9.7474E-5 1.52683E-4 1.40163E-4 1.43141E-4 -9999 -9999 -9999 -9999 -9999 -9999 -9999 -9999
7.8185E-4 9.64702E-3 -9999 -9999 -9999 -9999 -9999 -9999 -9999 -9999 -9999 -9999 -9999 -9999 -9999 -9999 -9999 -9999 -9999 -9999 -9999 -9999 -9999 -9999 -9999 -9999 -9999 -9999 -9999 -9999 -9999 -9999 -9999 -9999 -9999 -9999 1.54419E-3 1.94513E-4 9.8281E-4 4.4447E-4 1.84703E-4 1.54156E-4 1.05307E-4 4.0679E-5 1.61177E-5 1.07445E-5 3.06237E-5 1.93031E-5 7.71701E-6 2.07983E-5 6.38934E-6 4.00752E-5 1.2983E-4 6.04653E-5 6.54934E-5 4.88914E-5 7.02646E-6 5.85995E-6 2.45162E-5 7.5469E-5 1.22535E-4 9.82465E-5 5.57081E-5 1.03908E-4 1.48867E-4 6.91218E-5 1.27619E-4 -9999 -9999 -9999 -9999 -9999 -9999 -9999 -9999 -9999
6.31758E-4 5.5851E-3 -9999 -9999 -9999 -9999 -9999 -9999 -9999 -9999 -9999 -9999 -9999 -9999 -9999 -9999 -9999 1.21333E-3 1.67814E-3 1.05471E-3 -9999 -9999 -9999 -9999 -9999 -9999 -9999 -9999 -9999 -9999 -9999 -9999 -9999 -9999 -9999 -9999 -9999 -9999 9.18277E-4 1.65204E-4 1.44144E-4 8.44998E-5 5.69608E-5 2.26375E-5 2.43769E-5 1.63074E-5 8.73799E-6 8.1055E-6 1.79114E-5 2.52512E-5 2.52243E-5 7.42765E-6 1.16122E-4 1.57931E-4 7.7008E-5 8.7203E-5 2.70828E-5 4.35374E-5 3.23325E-5 3.32374E-5 6.01236E-5 4.70872E-5 4.77704E-5 9.80581E-5 1.03789E-4 2.55163E-4 1.02984E-4 -9999 -9999 -9999 -9999 -9999 -9999 -9999 -9999 -9999
1.4804E-3 1.84559E-2 1.47887E-2 -9999 -9999 -9999 -9999 -9999 -9999 -9999 -9999 -9999 -9999 -9999 -9999 -9999 1.34251E-3 1.04151E-3 2.07762E-3 8.64554E-4 6.09666E-4 -9999 -9999 -9999 -9999 -9999 -9999 -9999 -9999 -9999 -9999 -9999 -9999 -9999 -9999 -9999 -9999 -9999 1.4451E-4 1.46009E-4 8.285E-5 3.9339E-5 5.0397E-5 5.59317E-5 4.27336E-5 1.39346E-5 7.07277E-6 9.75735E-6 9.91252E-6 1.47773E-5 2.60196E-5 2.85772E-5 3.04955E-5 1.49811E-4 5.59252E-5 8.40851E-5 8.59251E-5 1.68554E-4 1.1284E-4 1.73524E-4 1.41525E-4 1.1647E-4 2.00681E-5 7.48787E-5 7.37228E-5 1.18086E-4 5.42215E-5 -9999 -9999 -9999 -9999 -9999 -9999 -9999 -9999 -9999
4.46138E-3 9.03635E-3 1.01561E-2 -9999 -9999 -9999 -9999 -9999 -9999 -9999 -9999 -9999 -9999 -9999 -9999 9.05955E-4 1.77259E-3 9.43397E-4 1.97562E-3 1.91638E-3 1.27371E-3 1.95202E-3 -9999 3.1706E-3 6.07249E-3 -9999 -9999 -9999 -9999 -9999 -9999 -9999 -9999 -9999 -9999 -9999 -9999 7.58851E-4 1.3051E-4 2.41634E-4 7.01376E-5 3.66498E-5 3.20919E-5 5.64339E-5 9.4785E-5 2.0298E-5 1.25322E-5 9.41797E-6 3.93821E-6 5.19931E-6 5.72834E-6 9.76466E-6 6.45096E-5 4.83988E-5 6.13926E-5 1.02239E-4 8.51159E-5 3.76389E-5 1.06355E-4 8.37487E-5 3.98113E-5 1.12026E-4 1.48979E-4 1.5393E-4 5.35654E-5 5.74221E-5 1.60308E-4 -9999 -9999 -9999 -9999 -9999 -9999 -9999 -9999 -9999
4.04454E-3 2.41518E-2 2.66365E-2 -9999 -9999 -9999 -9999 -9999 -9999 -9999 -9999 -9999 -9999 -9999 -9999 -9999 1.30352E-3 1.07474E-3 2.50822E-3 1.42605E-3 1.2956E-3 1.30638E-3 1.16288E-3 1.99426E-3 7.79772E-3 -9999 -9999 -9999 -9999 -9999 -9999 -9999 -9999 -9999 4.19974E-3 5.61677E-3 4.10082E-3 1.31862E-3 2.08016E-4 1.70194E-4 1.31842E-4 6.99197E-5 7.84203E-5 5.63101E-5 3.98351E-5 2.39558E-5 1.13916E-5 1.4454E-5 1.1928E-5 1.14549E-4 5.41017E-5 6.5326E-6 2.06789E-5 4.00519E-5 2.84689E-5 7.38628E-5 7.67503E-5 4.56574E-5 4.45442E-5 6.21536E-5 4.28456E-5 7.5964E-5 1.08234E-4 7.53558E-5 4.9806E-5 5.00092E-5 2.93721E-5 -9999 -9999 -9999 -9999 -9999 -9999 -9999 -9999 -9999
7.2755E-3 2.06522E-2 -9999 -9999 -9999 -9999 -9999 -9999 -9999 -9999 -9999 -9999 -9999 -9999 -9999 2.98639E-3 4.60392E-3 -9999 -9999 1.31316E-3 2.144E-3 8.90449E-4 1.53294E-3 4.7595E-3 -9999 -9999 -9999 -9999 -9999 -9999 -9999 -9999 -9999 -9999 -9999 -9999 -9999 -9999 -9999 -9999 4.81116E-5 4.42829E-5 3.84917E-5 8.15263E-5 5.98135E-5 4.33378E-5 2.00685E-5 1.35297E-5 9.46634E-6 2.04919E-4 2.1725E-4 6.30565E-6 1.54643E-5 1.59555E-5 1.15084E-5 1.60526E-5 5.36785E-5 3.71029E-5 2.70126E-5 6.26127E-5 5.78906E-5 3.6871E-5 6.71831E-5 3.53629E-5 1.15221E-5 2.01706E-5 3.86081E-5 -9999 -9999 -9999 -9999 -9999 -9999 -9999 -9999 -9999
6.41804E-3 2.62877E-2 -9999 -9999 -9999 -9999 -9999 -9999 -9999 -9999 -9999 -9999 -9999 -9999 -9999 -9999 -9999 -9999 -9999 1.17227E-3 1.17028E-3 7.56647E-4 2.60861E-3 6.01339E-3 -9999 -9999 -9999 -9999 -9999 -9999 -9999 -9999 -9999 -9999 -9999 -9999 -9999 -9999 -9999 -9999 -9999 1.07077E-4 8.01968E-5 1.40511E-4 4.44026E-5 2.2424E-5 1.91443E-5 1.79513E-5 1.05114E-4 1.58044E-4 6.56309E-5 1.63217E-5 1.9795E-5 3.36012E-5 1.86691E-5 2.64579E-5 1.70578E-5 3.16365E-5 2.11062E-5 4.16159E-5 7.17338E-5 5.91004E-5 7.11054E-5 2.61207E-5 8.97538E-5 1.3206E-4 1.42745E-4 1.16453E-4 -9999 -9999 -9999 -9999 -9999 -9999 -9999 -9999
8.99104E-3 1.87399E-2 -9999 -9999 -9999 -9999 -9999 -9999 -9999 -9999 -9999 -9999 -9999 -9999 -9999 -9999 -9999 -9999 -9999 9.76669E-4 9.56014E-4 9.00425E-4 3.13617E-3 1.08203E-2 -9999 -9999 -9999 -9999 -9999 -9999 -9999 -9999 3.58252E-3 6.44083E-3 7.38535E-3 -9999 -9999 -9999 1.39757E-4 1.58856E-4 5.70059E-4 6.42252E-4 5.57265E-4 8.33753E-5 7.17441E-5 4.21287E-5 2.27504E-5 9.34394E-6 3.0201E-5 2.38298E-5 4.54826E-6 1.69818E-5 3.71324E-5 9.01711E-5 6.30791E-5 3.08202E-5 3.01242E-5 2.60483E-5 2.98385E-5 1.30055E-5 4.00226E-5 3.23847E-5 3.97523E-5 2.89191E-5 3.9236E-5 2.50103E-4 2.1146E-4 1.75776E-4 -9999 -9999 -9999 -9999 -9999 -9999 -9999 -9999
1.39396E-2 1.86996E-2 -9999 -9999 -9999 -9999 -9999 -9999 -9999 -9999 -9999 -9999 -9999 -9999 -9999 -9999 -9999 -9999 3.90207E-3 1.6571E-3 1.88687E-3 1.55277E-3 2.52204E-3 9.83153E-3 -9999 -9999 -9999 -9999 -9999 -9999 -9999 -9999 4.26161E-3 3.03897E-3 1.23459E-3 4.3863E-4 1.43438E-4 2.83492E-5 2.56225E-5 1.05491E-4 7.52218E-5 2.43142E-4 2.01552E-4 8.6003E-5 6.08884E-5 1.02904E-4 7.64645E-5 2.45028E-5 1.64322E-5 6.84322E-6 6.66757E-6 1.4508E-5 2.08924E-4 2.87588E-4 6.10683E-5 1.45783E-5 3.76509E-5 2.53675E-5 2.7549E-5 3.02942E-5 1.78939E-5 2.06945E-5 3.90945E-5 1.14163E-4 7.97331E-5 5.98249E-5 1.18541E-4 1.9698E-4 -9999 -9999 -9999 -9999 -9999 -9999 -9999 -9999
2.46167E-3 2.38765E-2 -9999 -9999 -9999 -9999 -9999 -9999 -9999 -9999 -9999 -9999 -9999 -9999 -9999 -9999 -9999 2.624E-3 2.05419E-3 1.4004E-3 1.79217E-3 2.66177E-3 2.21867E-3 4.53873E-3 -9999 -9999 -9999 -9999 -9999 -9999 -9999 -9999 1.01798E-3 6.36514E-4 3.09621E-4 2.83863E-4 1.02193E-4 7.75878E-5 2.64421E-5 6.26319E-5 2.27409E-5 3.62892E-5 8.77606E-5 4.53247E-5 4.29732E-5 2.10868E-5 1.67124E-5 2.95855E-5 2.62916E-5 2.80443E-5 1.27378E-5 9.85521E-6 7.45712E-5 2.25003E-4 9.87429E-5 4.20195E-5 3.92996E-5 3.78406E-5 3.23488E-5 3.03315E-5 3.21204E-5 2.59631E-5 3.09135E-5 1.53452E-4 1.40114E-4 1.31949E-4 2.04018E-4 2.53956E-4 -9999 -9999 -9999 -9999 -9999 -9999 -9999 -9999
6.93663E-3 2.57301E-2 -9999 -9999 -9999 -9999 -9999 -9999 -9999 -9999 -9999 -9999 -9999 -9999 -9999 -9999 -9999 -9999 -9999 1.40986E-3 2.11049E-3 1.30417E-3 2.15702E-3 5.34272E-3 -9999 -9999 -9999 -9999 -9999 -9999 -9999 -9999 8.45878E-4 2.93994E-4 1.47093E-4 9.36761E-5 3.7651E-5 2.73846E-5 2.18388E-5 9.82691E-5 3.47988E-5 2.52014E-5 6.07267E-5 3.25022E-5 4.38809E-5 8.9451E-5 1.31243E-5 1.5534E-5 1.35833E-5 2.54461E-5 2.38625E-5 4.41228E-5 1.3091E-5 1.9911E-4 1.56656E-4 1.26827E-4 4.78831E-5 4.14626E-5 4.17022E-5 4.35814E-5 1.30951E-4 1.82965E-4 6.44881E-5 1.80793E-4 1.02343E-4 3.07971E-4 2.24444E-4 2.65345E-4 -9999 -9999 -9999 -9999 -9999 -9999 -9999 -9999
2.4002E-3 1.28787E-2 -9999 -9999 -9999 -9999 -9999 -9999 -9999 -9999 -9999 -9999 -9999 -9999 -9999 -9999 -9999 -9999 -9999 -9999 6.67811E-4 7.93659E-4 1.98743E-3 3.75798E-3 -9999 -9999 2.98194E-3 -9999 -9999 -9999 -9999 -9999 1.27007E-3 1.90923E-4 4.07259E-5 3.43578E-5 2.56639E-5 2.51183E-5 3.3553E-5 4.16113E-5 2.63993E-5 1.13033E-5 2.22706E-5 5.33654E-5 2.44515E-5 1.24894E-5 2.87493E-5 1.16699E-5 3.89208E-5 5.10635E-6 4.01194E-5 2.45057E-5 3.79128E-5 4.33562E-4 2.73368E-4 1.39231E-4 1.43375E-5 2.4164E-5 7.94958E-5 2.18796E-5 5.6496E-5 1.04882E-4 2.28193E-4 1.42027E-4 1.94842E-4 1.25671E-4 1.43746E-4 -9999 -9999 -9999 -9999 -9999 -9999 -9999 -9999 -9999
6.90808E-4 6.40555E-3 1.97682E-2 -9999 -9999 -9999 -9999 -9999 -9999 -9999 -9999 -9999 -9999 -9999 -9999 -9999 -9999 -9999 -9999 -9999 -9999 5.57497E-4 1.40301E-3 3.15764E-3 -9999 -9999 5.78581E-3 -9999 -9999 -9999 -9999 1.39201E-3 1.59568E-3 3.28417E-4 6.99548E-5 2.60194E-5 1.28831E-5 2.18733E-5 3.22451E-5 1.65955E-5 2.20682E-5 1.77814E-5 2.32349E-5 6.89911E-5 2.7213E-5 9.22441E-6 5.16554E-6 9.73029E-6 2.47218E-4 1.17813E-4 4.27749E-5 1.40611E-5 3.19145E-5 6.63441E-5 2.40451E-4 2.3776E-4 4.3929E-5 1.61499E-5 3.69302E-5 3.72354E-5 1.08975E-4 1.98923E-4 2.21364E-4 1.94941E-4 2.27433E-4 1.51484E-4 -9999 -9999 -9999 -9999 -9999 -9999 -9999 -9999 -9999 -9999
4.82051E-4 8.36454E-3 2.26615E-2 -9999 -9999 -9999 -9999 -9999 -9999 -9999 -9999 -9999 -9999 -9999 -9999 -9999 -9999 -9999 6.22638E-3 -9999 -9999 8.50581E-4 5.65821E-4 1.8834E-3 -9999 -9999 -9999 -9999 -9999 4.34634E-4 4.32204E-4 1.19493E-3 3.94692E-4 1.20553E-4 3.26524E-5 2.35975E-5 2.43744E-5 1.37704E-5 2.07245E-5 2.30635E-5 2.58448E-5 3.11632E-5 2.98736E-5 4.45848E-5 7.6083E-6 1.13922E-5 6.76129E-5 5.22433E-5 2.76789E-4 2.45172E-4 9.05688E-5 2.73213E-5 4.11731E-5 2.98358E-5 1.62358E-4 2.27307E-4 8.22568E-5 1.69517E-5 1.37005E-4 3.99393E-5 1.66911E-4 4.67421E-4 2.39952E-4 3.24994E-4 2.30276E-4 1.75329E-4 -9999 -9999 -9999 -9999 -9999 -9999 -9999 -9999 -9999 -9999
1.31047E-3 1.44619E-2 3.27653E-2 -9999 -9999 -9999 -9999 -9999 -9999 -9999 -9999 -9999 -9999 5.46217E-3 1.01505E-2 -9999 -9999 4.13485E-3 5.71561E-3 -9999 -9999 1.41818E-3 7.676E-4 5.72961E-3 1.75029E-3 -9999 -9999 1.09851E-3 2.60631E-4 1.79707E-4 2.27521E-4 1.59951E-4 8.36826E-5 1.98103E-5 5.40515E-5 1.92653E-5 1.61628E-5 9.15939E-6 2.53347E-5 3.59114E-5 2.61329E-5 4.0358E-5 3.98391E-5 5.37202E-5 4.11132E-5 1.74586E-5 1.29758E-4 3.26038E-4 6.23324E-4 1.80506E-4 4.41905E-5 3.1002E-5 1.12799E-4 9.0732E-5 9.29274E-5 1.50982E-4 1.47562E-4 2.76105E-5 2.10925E-4 2.64324E-4 9.41103E-5 1.62609E-4 2.02547E-4 2.97229E-4 3.79027E-4 1.67246E-4 -9999 -9999 -9999 -9999 -9999 -9999 -9999 -9999 -9999 -9999
1.6595E-3 1.99802E-2 4.11816E-2 -9999 -9999 -9999 -9999 -9999 -9999 -9999 -9999 -9999 -9999 4.50195E-3 5.36404E-3 -9999 -9999 2.74552E-3 6.67848E-3 -9999 -9999 1.43773E-3 1.07768E-3 2.62779E-3 1.83981E-3 -9999 -9999 5.86559E-4 1.45258E-4 1.12235E-4 4.07596E-5 4.5524E-5 8.18073E-5 5.35742E-5 3.46268E-5 1.79482E-5 1.17959E-5 1.25492E-5 2.26462E-5 1.78157E-5 2.46841E-5 7.71015E-5 1.03597E-4 7.54535E-5 5.81063E-5 1.91019E-5 6.2674E-5 3.70488E-4 3.18476E-4 1.42275E-4 4.7485E-5 2.17592E-5 1.20837E-4 1.44696E-4 1.39557E-4 1.13358E-4 1.28484E-4 1.03304E-4 2.60908E-4 4.70653E-4 2.31617E-4 3.56487E-4 2.16405E-4 3.9517E-4 3.30906E-4 8.93669E-4 -9999 -9999 -9999 -9999 -9999 -9999 -9999 -9999 -9999 -9999
1.74575E-3 1.89609E-2 4.08176E-2 -9999 -9999 -9999 -9999 -9999 -9999 -9999 -9999 -9999 -9999 4.95424E-3 3.59727E-3 -9999 -9999 3.4468E-3 4.04902E-3 -9999 -9999 1.36249E-3 5.52538E-3 9.72098E-3 3.11944E-3 -9999 -9999 1.02732E-4 4.37863E-5 5.02857E-5 3.60749E-5 8.9501E-5 4.40155E-5 1.89524E-5 1.48668E-5 1.39621E-5 1.15854E-5 1.19509E-5 2.97463E-5 1.87686E-5 8.72225E-6 3.94739E-5 7.31681E-5 3.70813E-4 3.74031E-4 1.48547E-4 1.8139E-4 3.68956E-4 2.40618E-4 1.71884E-4 1.38625E-4 9.06637E-5 1.39342E-4 1.10288E-4 1.43012E-4 1.96424E-4 3.0052E-4 1.21591E-4 1.91742E-4 1.46384E-4 2.63265E-4 2.36383E-4 3.9108E-4 2.44213E-4 5.3889E-4 -9999 -9999 -9999 -9999 -9999 -9999 -9999 -9999 -9999 -9999 -9999
1.02793E-2 2.64571E-2 8.21163E-2 -9999 -9999 -9999 -9999 -9999 -9999 -9999 -9999 -9999 9.40307E-4 1.41508E-3 2.68453E-3 -9999 -9999 2.32536E-3 3.24674E-3 1.3934E-3 9.2121E-4 1.81956E-3 3.19636E-3 8.0874E-3 3.81753E-3 -9999 1.38851E-3 1.16872E-4 7.80173E-5 1.61326E-4 1.2989E-4 4.68508E-5 2.14624E-5 1.61401E-5 1.60369E-5 2.94528E-5 2.54979E-5 1.74334E-5 2.35627E-5 3.30323E-5 1.57456E-5 3.7255E-5 6.86923E-5 2.57211E-4 4.64864E-4 5.23787E-4 2.8025E-4 2.94601E-4 5.24607E-4 4.3544E-4 2.72053E-4 1.8882E-4 1.012E-4 8.52177E-5 1.43173E-4 3.47974E-4 5.82886E-4 1.96574E-4 1.80166E-4 3.44167E-4 3.50899E-4 2.94904E-4 2.99382E-4 7.9775E-4 8.3213E-4 -9999 -9999 -9999 -9999 -9999 -9999 -9999 -9999 -9999 -9999 -9999
2.98438E-2 7.97957E-2 -9999 -9999 -9999 -9999 -9999 -9999 -9999 -9999 -9999 -9999 1.61261E-3 4.78726E-4 9.49421E-4 1.72845E-3 -9999 2.12332E-3 1.44611E-3 2.43136E-3 1.19822E-3 3.69956E-3 4.71507E-3 9.62734E-3 2.79846E-3 2.61685E-3 1.48256E-3 4.52827E-4 2.15781E-4 7.93401E-5 3.62323E-5 3.52784E-5 1.8332E-5 1.77047E-5 2.53651E-5 6.2964E-5 5.98372E-5 4.07653E-5 6.6536E-5 1.03004E-4 8.63881E-5 2.02784E-4 1.49729E-4 4.06396E-4 2.55348E-4 3.37815E-4 1.88249E-4 2.88527E-4 8.50614E-4 8.91439E-4 4.60137E-4 1.99453E-4 1.31147E-4 2.05094E-4 3.34482E-4 3.69809E-4 5.15632E-4 4.59384E-4 1.98043E-4 4.10315E-4 6.314E-4 6.70883E-4 7.1596E-4 6.73741E-4 6.22406E-4 -9999 -9999 -9999 -9999 -9999 -9999 -9999 -9999 -9999 -9999 -9999
3.24571E-2 -9999 -9999 -9999 -9999 -9999 -9999 -9999 -9999 3.885E-3 4.6217E-3 4.07465E-3 1.71903E-3 4.40389E-4 4.88674E-4 7.9041E-4 9.6546E-4 1.20725E-3 9.88908E-4 1.04636E-3 4.70477E-3 4.26619E-3 4.5948E-3 9.70702E-3 4.39419E-3 3.52234E-3 1.87163E-3 4.84366E-4 9.68538E-5 8.18991E-5 2.96479E-5 1.86553E-5 2.49767E-5 2.25189E-5 2.43867E-5 3.05418E-5 2.29424E-5 2.82114E-5 9.45407E-5 7.60348E-5 1.35373E-4 3.10466E-5 5.70188E-5 1.79661E-4 1.55141E-4 9.47412E-5 1.31232E-4 4.6827E-4 6.41835E-4 2.78306E-4 2.94999E-4 2.05702E-4 2.88524E-4 6.3694E-4 7.43821E-4 3.09282E-4 6.4221E-4 8.14022E-4 5.37042E-4 1.01122E-3 8.81572E-4 8.10003E-4 6.927E-4 6.60961E-4 5.16945E-4 -9999 -9999 -9999 -9999 -9999 -9999 -9999 -9999 -9999 -9999 -9999
-9999 -9999 -9999 -9999 -9999 -9999 -9999 -9999 -9999 1.30668E-2 1.05977E-2 1.0789E-2 1.10572E-2 3.34602E-3 -9999 8.22264E-4 1.00763E-3 1.72304E-3 1.57101E-3 3.42914E-3 2.22757E-3 3.40774E-3 4.26282E-3 8.60516E-3 5.32563E-3 2.44106E-3 3.30299E-4 2.56382E-4 7.5128E-5 8.1913E-5 9.99682E-5 1.66681E-5 1.35341E-5 1.91776E-5 3.40567E-5 2.12493E-5 2.53612E-5 2.11721E-5 4.29817E-5 9.12397E-5 3.97054E-5 2.47746E-5 9.10956E-5 9.51261E-5 2.99549E-5 5.35499E-5 1.7412E-4 3.55687E-4 2.42441E-4 2.61577E-4 3.28978E-4 3.51335E-4 3.81722E-4 9.83596E-4 1.19842E-3 7.08201E-4 8.83734E-4 7.03153E-4 8.49528E-4 1.05761E-3 6.14197E-4 4.09455E-4 6.62001E-4 4.15697E-4 3.88426E-4 -9999 -9999 -9999 -9999 -9999 -9999 -9999 -9999 -9999 -9999 -9999
-9999 -9999 -9999 -9999 -9999 -9999 -9999 -9999 -9999 -9999 1.35742E-2 1.96863E-2 -9999 -9999 -9999 1.39197E-3 -9999 -9999 3.05275E-3 4.31648E-3 3.04855E-3 -9999 -9999 -9999 6.17414E-3 6.42975E-4 1.92777E-4 1.68145E-4 9.08928E-5 1.46588E-4 5.56239E-5 5.20847E-5 1.0043E-5 1.29213E-5 1.43326E-5 2.10026E-5 1.46741E-5 3.02322E-5 2.26938E-5 1.87631E-5 1.50103E-5 2.58283E-5 1.08453E-4 3.4824E-5 2.27951E-5 6.60278E-5 1.76634E-4 2.05377E-4 2.36913E-4 2.80507E-4 6.48559E-4 4.82706E-4 6.24864E-4 9.72134E-4 8.42609E-4 6.29343E-4 8.01111E-4 1.08169E-3 1.20485E-3 -9999 -9999 -9999 4.76369E-4 6.83504E-4 3.16621E-4 -9999 -9999 -9999 -9999 -9999 -9999 -9999 -9999 -9999 -9999 -9999
-9999 -9999 -9999 -9999 -9999 -9999 -9999 -9999 -9999 -9999 -9999 -9999 -9999 -9999 -9999 -9999 -9999 -9999 -9999 -9999 -9999 -9999 -9999 -9999 2.57442E-3 1.62622E-3 4.083E-4 8.24904E-4 5.39739E-4 2.58277E-4 9.65438E-5 1.33933E-4 3.06866E-5 1.09562E-4 5.44235E-5 4.71406E-5 1.13464E-5 1.58454E-5 1.72168E-5 1.3447E-5 1.09052E-5 1.09195E-5 2.44254E-5 1.93801E-5 4.5054E-5 3.57299E-5 5.22614E-5 1.34947E-4 1.91695E-4 3.39917E-4 8.21161E-4 4.79238E-4 8.05249E-4 1.11485E-3 8.23138E-4 4.29865E-4 5.8572E-4 9.41694E-4 -9999 -9999 -9999 -9999 4.34131E-4 1.71839E-4 5.37932E-5 -9999 -9999 -9999 -9999 -9999 -9999 -9999 -9999 -9999 -9999 -9999
-9999 -9999 -9999 -9999 -9999 -9999 -9999 -9999 -9999 -9999 -9999 -9999 -9999 -9999 -9999 -9999 -9999 -9999 -9999 -9999 -9999 -9999 -9999 -9999 3.04566E-3 2.27635E-3 2.02544E-3 5.5375E-4 1.07179E-3 2.89113E-4 1.61378E-4 1.50733E-4 2.2449E-4 1.52216E-4 7.90068E-5 6.36191E-5 2.69574E-5 1.08762E-5 4.32064E-6 3.26041E-6 4.75085E-6 8.35236E-6 2.36559E-5 1.51697E-5 3.48145E-5 1.08704E-4 4.74856E-5 1.47376E-4 2.02932E-4 4.24098E-4 5.12863E-4 7.51277E-4 8.18819E-4 8.23721E-4 9.38582E-4 -9999 -9999 -9999 -9999 -9999 -9999 8.14345E-5 4.42449E-5 7.05622E-5 7.08695E-5 -9999 -9999 -9999 -9999 -9999 -9999 -9999 -9999 -9999 -9999 -9999
-9999 -9999 -9999 -9999 -9999 -9999 -9999 -9999 -9999 -9999 -9999 -9999 -9999 -9999 -9999 -9999 -9999 -9999 -9999 -9999 -9999 2.08442E-3 3.02874E-3 6.83823E-3 1.6706E-3 9.15918E-4 1.43195E-3 7.60005E-4 4.51729E-4 2.21193E-4 1.35924E-4 3.77762E-4 2.65061E-4 4.92405E-5 4.7503E-6 1.55823E-5 2.61518E-5 1.48409E-5 8.5421E-6 6.87805E-6 8.75294E-6 6.25384E-6 6.85202E-6 9.94552E-6 6.19908E-5 2.24222E-4 1.0101E-4 1.78508E-4 2.71683E-4 2.99706E-4 8.03592E-4 8.46346E-4 1.01716E-3 1.2727E-3 9.5159E-4 -9999 -9999 -9999 3.20656E-4 4.44685E-4 3.32827E-4 2.02028E-4 7.89348E-5 8.42882E-5 1.33062E-4 -9999 -9999 -9999 -9999 -9999 -9999 -9999 -9999 -9999 -9999 -9999
-9999 -9999 -9999 -9999 -9999 -9999 -9999 -9999 -9999 -9999 -9999 -9999 -9999 -9999 -9999 -9999 -9999 -9999 -9999 3.7278E-3 2.09515E-3 1.29554E-3 2.8267E-3 1.23872E-2 8.50867E-3 4.90879E-3 1.31436E-3 7.68083E-4 4.31409E-4 5.74234E-4 3.9844E-4 7.95733E-5 6.46343E-5 1.63947E-5 1.19445E-5 7.54031E-6 6.66779E-6 8.91727E-6 8.24293E-6 6.92391E-6 3.56593E-6 7.81784E-6 3.95731E-6 1.08197E-5 4.76834E-5 2.42777E-4 1.99277E-4 2.68845E-4 3.13989E-4 5.41822E-4 8.8065E-4 8.22927E-4 1.34467E-3 4.47705E-4 7.09807E-4 -9999 -9999 4.91654E-4 3.23283E-4 6.54707E-4 5.61951E-4 4.84833E-4 4.8215E-4 1.88344E-4 3.13865E-4 -9999 -9999 -9999 -9999 -9999 -9999 -9999 -9999 -9999 -9999 -9999
-9999 -9999 -9999 -9999 -9999 -9999 -9999 -9999 -9999 -9999 -9999 -9999 -9999 -9999 -9999 -9999 -9999 -9999 3.35699E-3 1.05265E-3 7.09203E-4 9.16713E-4 9.22716E-4 3.18153E-3 3.00374E-3 3.3304E-3 1.07392E-3 8.0871E-4 2.26411E-3 1.89328E-4 3.12408E-5 2.39304E-5 1.35709E-5 2.58706E-5 1.45736E-5 1.04445E-5 4.81363E-6 5.18638E-6 8.66385E-6 1.46048E-5 1.37328E-4 9.43276E-5 8.00032E-6 9.25552E-6 5.93772E-5 1.20513E-4 2.56678E-4 3.35206E-4 4.33066E-4 6.69207E-4 5.44394E-4 8.73746E-4 1.51978E-3 -9999 -9999 -9999 -9999 3.91296E-4 3.62089E-4 9.93868E-4 2.47029E-4 3.74324E-4 5.38828E-4 2.65718E-4 1.61375E-4 -9999 -9999 -9999 -9999 -9999 -9999 -9999 -9999 -9999 -9999 -9999
-9999 -9999 -9999 -9999 -9999 -9999 -9999 -9999 -9999 -9999 -9999 -9999 -9999 -9999 -9999 -9999 -9999 2.15928E-3 3.84782E-4 3.64575E-4 4.72023E-4 8.44153E-4 3.52736E-4 1.50772E-3 1.57392E-3 9.7635E-4 4.90209E-3 3.82738E-3 9.68176E-4 2.77207E-5 1.27212E-5 1.9723E-5 1.83212E-5 2.02916E-5 3.38867E-5 1.3971E-5 9.36974E-6 8.23493E-6 1.20406E-5 7.66257E-5 1.43466E-4 3.61899E-5 1.45151E-5 2.17401E-5 3.36098E-5 1.3095E-4 1.63526E-4 2.87463E-4 5.48886E-4 3.68513E-4 2.84151E-4 6.20023E-4 1.02152E-3 -9999 -9999 -9999 -9999 2.05206E-4 3.46548E-4 2.62077E-4 1.66883E-5 3.56712E-5 1.31045E-4 5.10076E-4 5.78993E-4 1.02824E-3 -9999 -9999 -9999 -9999 -9999 -9999 -9999 -9999 -9999 -9999
-9999 -9999 -9999 -9999 -9999 -9999 -9999 -9999 -9999 -9999 -9999 -9999 -9999 2.00518E-2 2.00539E-2 -9999 -9999 2.02827E-3 1.48772E-4 1.19774E-4 2.41297E-4 4.22612E-4 4.46986E-4 6.17491E-4 9.46114E-5 2.11756E-4 7.47306E-4 4.71755E-4 4.272E-4 4.48891E-5 3.19261E-5 1.35257E-5 1.14975E-5 2.03989E-5 4.08467E-5 3.51775E-5 2.06269E-5 1.87906E-5 2.82966E-5 1.11828E-4 8.51082E-5 2.45454E-5 3.907E-5 3.26963E-5 1.98967E-5 3.78163E-5 2.2887E-4 2.62241E-4 3.34883E-4 3.63741E-4 4.09481E-4 1.22048E-3 8.98403E-4 -9999 -9999 -9999 -9999 -9999 -9999 2.18704E-4 1.21613E-4 8.34346E-5 8.59425E-5 2.1313E-4 5.73605E-4 7.49765E-4 -9999 -9999 -9999 -9999 -9999 -9999 -9999 -9999 -9999 -9999
-9999 -9999 -9999 -9999 -9999 -9999 -9999 -9999 -9999 -9999 -9999 -9999 1.0396E-2 1.65077E-2 1.80976E-2 -9999 -9999 8.13265E-4 2.25359E-4 1.62533E-4 2.55216E-4 5.70624E-4 4.66244E-4 3.66689E-4 5.68296E-5 1.44207E-4 6.63781E-4 2.22111E-4 2.69234E-4 8.24799E-5 2.05639E-5 2.32126E-5 1.31052E-5 2.24998E-5 3.49745E-5 1.24078E-4 1.37783E-4 7.68497E-5 9.37685E-5 4.8015E-5 3.36917E-5 6.53492E-5 6.65183E-5 4.98188E-5 5.08667E-5 7.23408E-5 1.47668E-4 2.01137E-4 3.60699E-4 4.36062E-4 9.07109E-4 1.38898E-3 1.5052E-3 -9999 -9999 -9999 -9999 -9999 -9999 1.07259E-4 3.03082E-5 2.40998E-5 9.99741E-5 2.73614E-4 3.66347E-4 1.08039E-3 -9999 -9999 -9999 -9999 -9999 -9999 -9999 -9999 -9999 -9999
-9999 -9999 -9999 -9999 -9999 -9999 -9999 -9999 3.45692E-2 2.46848E-2 -9999 -9999 5.6768E-3 1.43753E-2 1.01064E-2 1.54774E-3 1.96076E-4 1.86739E-4 1.52666E-4 2.80361E-5 1.88635E-4 5.48294E-4 5.91638E-4 1.84016E-4 9.29936E-5 2.04044E-4 3.95115E-4 5.10007E-5 1.65761E-5 4.60329E-5 1.83887E-5 2.19459E-5 3.44845E-5 3.06256E-5 1.17686E-4 3.11902E-4 2.80351E-4 2.84226E-4 1.39267E-4 7.35757E-5 9.53017E-5 2.48725E-4 1.43288E-4 1.2966E-4 1.09435E-4 1.09232E-4 3.50475E-4 3.78142E-4 3.44785E-4 4.51076E-4 7.46886E-4 1.27664E-3 8.42728E-4 1.29523E-3 6.77911E-4 8.47902E-4 -9999 -9999 -9999 7.63289E-5 2.99493E-5 5.40612E-5 1.19949E-4 2.1798E-4 3.59508E-4 5.92042E-4 1.12652E-3 -9999 -9999 -9999 -9999 -9999 -9999 -9999 -9999 -9999
-9999 -9999 -9999 4.15025E-3 9.9682E-3 -9999 -9999 2.20724E-2 4.05489E-2 2.70182E-2 -9999 -9999 6.44932E-3 9.87565E-3 3.15951E-3 7.89719E-4 1.20388E-4 5.14905E-5 8.09837E-5 2.48364E-5 4.7764E-5 1.3211E-4 6.34879E-5 6.28355E-5 2.82091E-5 2.53558E-4 1.34091E-4 2.04705E-5 2.49958E-5 2.25738E-5 5.04908E-5 4.1716E-5 7.34771E-5 7.94192E-5 3.54057E-4 7.70859E-4 4.46553E-4 2.24803E-4 9.29218E-5 1.07741E-4 1.06826E-4 1.11951E-4 1.79827E-4 1.5063E-4 1.5546E-4 9.43098E-5 1.93947E-4 2.41523E-4 3.7052E-4 5.48042E-4 1.08498E-3 9.77298E-4 9.2154E-4 1.24252E-3 1.0764E-3 1.05513E-3 9.21379E-4 -9999 -9999 1.06629E-4 1.51211E-5 1.2735E-5 2.0899E-5 1.08527E-4 2.01788E-4 3.85619E-4 1.26098E-3 -9999 -9999 -9999 -9999 -9999 -9999 -9999 -9999 -9999
-9999 -9999 -9999 2.00201E-3 3.86186E-3 1.4798E-3 8.33395E-3 1.59221E-2 3.35968E-2 1.85572E-2 -9999 5.58424E-3 4.82191E-3 1.45603E-3 5.50156E-4 6.07895E-5 4.08412E-5 3.55291E-5 5.31878E-5 3.09889E-5 1.90729E-5 4.05163E-5 2.89491E-5 3.06982E-5 2.07459E-5 9.21561E-5 1.3479E-4 4.3712E-5 2.72634E-5 2.78262E-5 2.55226E-5 1.74385E-5 5.26903E-5 1.01166E-4 2.40779E-4 3.18651E-4 2.45115E-4 1.3703E-4 9.48586E-5 1.04222E-4 1.5E-4 1.38149E-4 2.38916E-4 3.38889E-4 2.71406E-4 1.41357E-4 2.17917E-4 2.57432E-4 3.10867E-4 4.45526E-4 5.39144E-4 3.5276E-4 5.46438E-4 5.92229E-4 1.46621E-3 9.78093E-4 9.74087E-4 -9999 -9999 7.72992E-5 3.04044E-5 1.33896E-5 1.45615E-5 1.01698E-5 8.1258E-5 2.47959E-4 1.40138E-3 -9999 -9999 -9999 -9999 -9999 -9999 -9999 -9999 -9999
