ENM/Final_Models/M_1_F_qp_Set_1_E/Gustavia_santanderiensis_Choco_max.asc
ncols         367
nrows         963
xllcorner     -78.6
yllcorner     0.65
cellsize      0.00833333333333323
NODATA_value  -9999
[rows 136 to 169 of 963, columns 76 to 151 of 367]
-9999 -9999 -9999 -9999 -9999 -9999 -9999 -9999 -9999 -9999 -9999 -9999 -9999 -9999 -9999 -9999 -9999 -9999 -9999 -9999 -9999 -9999 -9999 -9999 -9999 -9999 -9999 -9999 -9999 -9999 -9999 -9999 -9999 2.76661E-3 2.91851E-3 1.03611E-3 1.00468E-3 3.72392E-3 4.65384E-3 5.26229E-3 2.17508E-3 2.51048E-3 -9999 -9999 -9999 -9999 -9999 -9999 -9999 -9999 -9999 -9999 -9999 -9999 -9999 -9999 7.29773E-3 3.74084E-3 3.06803E-3 2.04327E-3 3.18541E-3 4.42131E-3 3.00654E-3 9.18105E-4 2.84385E-3 3.41454E-3 2.05821E-3 2.77713E-3 3.15412E-3 6.02144E-4 1.00803E-3 3.06257E-3 1.71749E-3 2.5963E-3 5.06378E-3 5.42225E-3
-9999 -9999 -9999 -9999 -9999 -9999 -9999 -9999 -9999 -9999 -9999 -9999 -9999 -9999 -9999 -9999 -9999 -9999 -9999 -9999 -9999 -9999 -9999 -9999 -9999 -9999 -9999 -9999 -9999 -9999 -9999 -9999 -9999 1.65635E-3 2.38043E-3 1.8079E-3 2.59197E-3 3.24811E-3 4.81076E-3 3.09287E-3 6.38461E-3 2.65031E-3 -9999 -9999 -9999 -9999 -9999 -9999 -9999 -9999 -9999 -9999 -9999 -9999 -9999 1.1257E-2 4.83916E-3 4.05638E-3 3.40425E-3 2.70483E-3 4.25378E-3 4.00329E-3 6.56697E-3 2.82597E-3 2.69733E-3 2.27708E-3 2.87202E-3 4.51576E-3 3.19009E-3 1.37508E-3 1.33945E-3 2.30615E-3 3.56668E-3 6.80265E-3 5.24876E-3 7.48885E-3
-9999 -9999 -9999 -9999 -9999 -9999 -9999 -9999 -9999 -9999 -9999 -9999 -9999 -9999 -9999 -9999 -9999 -9999 -9999 -9999 -9999 -9999 -9999 -9999 -9999 -9999 -9999 -9999 -9999 -9999 -9999 -9999 1.12862E-3 3.4458E-4 2.13568E-3 6.27256E-4 2.17578E-3 2.99394E-3 4.34856E-3 3.19868E-3 3.98346E-3 8.55353E-4 8.66876E-4 -9999 -9999 -9999 -9999 -9999 -9999 -9999 -9999 2.22128E-2 3.9826E-2 2.48113E-2 5.61141E-3 8.41219E-3 9.01258E-3 4.55129E-3 6.34575E-3 6.08776E-3 1.12732E-2 6.93913E-3 4.39126E-3 3.80843E-3 2.5986E-3 2.99262E-3 3.45322E-3 3.11968E-3 2.74031E-3 5.06921E-3 2.57114E-3 3.33862E-3 4.22751E-3 3.64559E-3 5.97347E-3 6.4627E-3
-9999 -9999 -9999 -9999 -9999 -9999 -9999 -9999 -9999 -9999 -9999 -9999 -9999 -9999 -9999 -9999 -9999 -9999 -9999 -9999 -9999 -9999 -9999 -9999 -9999 -9999 -9999 -9999 -9999 -9999 -9999 -9999 8.89595E-4 1.12235E-3 4.77976E-4 4.8525E-3 9.50448E-4 4.3718E-3 3.64155E-3 5.17641E-3 7.71859E-3 1.71863E-3 2.03982E-3 -9999 -9999 -9999 -9999 -9999 -9999 -9999 1.76501E-2 2.59164E-2 2.56558E-2 1.60971E-2 1.64267E-2 1.005E-2 5.73022E-3 7.02618E-3 3.57194E-3 6.00585E-3 3.47955E-3 4.14601E-3 4.84877E-3 3.22636E-3 3.43841E-3 2.91768E-3 2.20994E-3 3.12779E-3 3.01652E-3 3.3653E-3 2.52622E-3 4.0532E-3 3.47569E-3 3.52273E-3 3.9062E-3 9.14231E-3
-9999 -9999 -9999 -9999 -9999 -9999 -9999 -9999 -9999 -9999 -9999 -9999 -9999 -9999 -9999 -9999 -9999 -9999 -9999 -9999 -9999 -9999 -9999 -9999 -9999 -9999 -9999 -9999 -9999 -9999 -9999 1.18417E-3 1.00533E-3 1.5453E-3 5.64814E-4 3.15239E-3 3.6914E-3 4.23985E-3 5.26595E-3 5.14447E-3 5.30385E-3 3.53559E-3 5.195E-3 -9999 -9999 -9999 -9999 -9999 -9999 -9999 3.47961E-2 2.38312E-2 1.79823E-2 1.39922E-2 1.47895E-2 4.18047E-3 6.09894E-3 7.28159E-3 5.84646E-3 2.99565E-3 1.69139E-3 5.20024E-3 5.44283E-3 4.59501E-3 3.4775E-3 2.7977E-3 2.57893E-3 5.17897E-3 4.70853E-3 1.80216E-3 3.07772E-3 5.11018E-3 3.18661E-3 2.86063E-3 5.82199E-3 6.10853E-3
-9999 -9999 -9999 -9999 -9999 -9999 -9999 -9999 -9999 -9999 -9999 -9999 -9999 -9999 -9999 -9999 -9999 -9999 -9999 -9999 -9999 -9999 -9999 -9999 -9999 -9999 -9999 -9999 -9999 -9999 -9999 1.41536E-3 1.09116E-3 1.20078E-3 1.4115E-3 8.98836E-4 8.5664E-4 1.02031E-3 5.00154E-3 5.85065E-3 1.06742E-2 3.87573E-3 4.17947E-3 -9999 -9999 -9999 -9999 -9999 -9999 -9999 3.59223E-2 2.5879E-2 1.46293E-2 1.30086E-2 1.80795E-2 3.53311E-3 2.75801E-3 6.88711E-3 1.26634E-2 4.79643E-3 3.46743E-3 5.36051E-3 8.75197E-3 4.35799E-3 2.67393E-3 2.82697E-3 1.96584E-3 2.59642E-3 3.12877E-3 1.59065E-3 2.86915E-3 5.04144E-3 3.69663E-3 2.59055E-3 6.79022E-3 6.73424E-3
-9999 -9999 -9999 -9999 -9999 -9999 -9999 -9999 -9999 -9999 -9999 -9999 -9999 -9999 -9999 -9999 -9999 -9999 -9999 -9999 -9999 -9999 -9999 -9999 -9999 -9999 -9999 -9999 -9999 -9999 5.90784E-4 9.64751E-4 1.09085E-3 1.35684E-3 1.55498E-3 3.17572E-3 7.89328E-3 6.20378E-3 6.82879E-3 8.2402E-3 9.03777E-3 4.95854E-3 2.32014E-3 -9999 -9999 -9999 -9999 -9999 -9999 -9999 5.99986E-2 2.42527E-2 1.03838E-2 7.87902E-3 6.45293E-3 2.90177E-3 7.67515E-3 3.97951E-3 1.98278E-3 4.56518E-3 1.93342E-3 5.9724E-3 4.35948E-3 3.39098E-3 3.27503E-3 2.95408E-3 2.13424E-3 2.34176E-3 2.74352E-3 2.73903E-3 2.50923E-3 9.89729E-4 1.81562E-3 4.40948E-3 3.76906E-3 6.45414E-3
-9999 -9999 -9999 -9999 -9999 -9999 -9999 -9999 -9999 -9999 -9999 -9999 -9999 -9999 -9999 -9999 -9999 -9999 -9999 -9999 -9999 -9999 -9999 -9999 -9999 -9999 -9999 -9999 -9999 9.26185E-4 6.43537E-4 1.18E-3 4.35047E-4 1.1943E-3 1.8077E-3 1.88873E-3 6.39806E-3 1.20743E-2 6.0092E-3 1.17875E-2 6.61277E-3 4.90645E-3 4.27504E-3 -9999 -9999 -9999 -9999 -9999 -9999 -9999 -9999 5.51132E-2 2.33513E-2 1.0571E-2 1.58103E-2 5.79368E-3 1.87482E-3 5.35023E-3 3.33404E-3 1.75658E-3 3.59871E-3 6.24182E-3 2.17756E-3 2.16469E-3 1.03217E-3 1.18289E-3 1.50848E-3 1.92842E-3 1.75811E-3 2.54967E-3 2.23785E-3 3.01359E-3 7.98981E-3 2.46318E-3 9.85822E-4 2.29997E-3
-9999 -9999 -9999 -9999 -9999 -9999 -9999 -9999 -9999 -9999 -9999 -9999 -9999 -9999 -9999 -9999 -9999 -9999 -9999 -9999 -9999 -9999 -9999 -9999 4.01938E-5 5.13721E-4 1.40008E-3 4.265E-4 4.27231E-4 9.38497E-4 7.90125E-4 6.33364E-4 6.69144E-4 8.38799E-4 3.30623E-3 3.86212E-3 8.28921E-3 7.27254E-3 9.04418E-3 1.53513E-2 3.99368E-3 9.91402E-3 5.47697E-3 -9999 -9999 -9999 -9999 -9999 -9999 -9999 -9999 9.60998E-2 3.97857E-2 1.58208E-2 9.554E-3 8.7442E-3 5.92835E-3 6.20397E-3 5.77277E-3 2.42779E-3 5.4142E-3 2.78969E-3 3.43278E-3 2.57957E-3 1.296E-3 1.58361E-3 1.6511E-3 4.70562E-3 4.08665E-3 4.58015E-3 2.25631E-3 6.08307E-3 4.44988E-3 3.70555E-3 6.89912E-3 3.1368E-3
-9999 -9999 -9999 -9999 -9999 -9999 -9999 -9999 -9999 -9999 -9999 -9999 -9999 -9999 -9999 -9999 -9999 -9999 -9999 -9999 -9999 -9999 -9999 7.40997E-5 5.62368E-5 5.97323E-5 6.00964E-4 7.1997E-4 3.45658E-4 1.65237E-3 1.13751E-3 1.01315E-3 1.04279E-3 6.95121E-4 1.22557E-3 1.31558E-3 2.06076E-3 4.01247E-3 4.68487E-3 1.00262E-2 8.22512E-3 1.04799E-2 7.691E-3 -9999 -9999 -9999 -9999 -9999 -9999 -9999 -9999 5.10589E-2 2.25533E-2 6.46018E-3 5.59092E-3 2.91364E-3 3.43644E-3 3.66947E-3 4.0364E-3 4.51274E-3 4.83754E-3 1.76711E-3 1.69346E-3 1.19762E-3 1.75237E-3 2.00379E-3 3.39591E-3 2.22711E-3 4.11376E-3 4.23293E-3 1.85661E-3 5.65384E-3 3.92694E-3 1.85561E-3 1.60513E-3 4.75786E-3
-9999 -9999 -9999 -9999 -9999 -9999 -9999 -9999 -9999 -9999 -9999 -9999 -9999 -9999 -9999 -9999 -9999 -9999 -9999 -9999 -9999 -9999 -9999 2.38135E-4 3.56315E-4 5.99603E-5 4.85188E-5 8.84858E-4 1.27936E-3 2.72784E-3 1.4189E-3 1.12774E-3 1.19411E-3 1.51487E-3 2.81447E-3 3.35795E-3 2.00289E-3 3.25583E-3 3.85147E-3 1.54616E-2 1.13367E-2 1.1928E-2 7.85878E-3 -9999 -9999 -9999 -9999 -9999 -9999 -9999 -9999 1.91281E-2 7.07789E-3 5.86989E-3 1.23517E-2 8.86806E-3 3.25728E-3 3.81232E-3 4.16405E-3 2.72298E-3 2.17072E-3 2.14883E-3 1.07004E-3 9.06368E-4 1.60895E-3 1.60645E-3 3.21989E-3 4.59507E-3 4.15072E-3 3.04256E-3 2.76501E-3 6.13074E-3 4.39362E-3 1.04148E-2 6.34951E-3 1.00254E-2
-9999 -9999 -9999 -9999 -9999 -9999 -9999 -9999 -9999 -9999 -9999 -9999 -9999 -9999 -9999 -9999 -9999 -9999 -9999 -9999 -9999 -9999 -9999 1.79835E-4 1.89826E-3 1.05008E-3 8.87421E-5 9.9601E-4 1.53274E-3 2.93608E-3 2.84347E-3 1.50558E-3 1.25868E-3 2.67622E-3 4.58564E-3 6.6244E-3 4.66312E-3 4.25229E-3 5.3854E-3 1.08617E-2 1.08246E-2 1.09406E-2 6.93922E-3 2.32808E-2 -9999 -9999 -9999 -9999 -9999 -9999 6.15592E-2 1.99355E-2 4.13631E-3 1.94681E-3 4.16587E-3 4.78642E-3 1.85767E-3 2.1472E-3 2.12806E-3 2.52348E-3 1.89169E-3 2.01498E-3 1.42409E-3 1.24269E-3 1.46256E-3 2.06997E-3 3.97882E-3 2.75421E-3 3.15193E-3 1.97945E-3 3.34668E-3 5.53031E-3 3.71689E-3 6.9908E-3 1.06122E-2 1.58287E-3
-9999 -9999 -9999 -9999 -9999 -9999 -9999 -9999 -9999 -9999 -9999 -9999 -9999 -9999 -9999 -9999 -9999 -9999 -9999 -9999 -9999 -9999 -9999 8.04107E-4 9.95727E-4 8.43902E-4 5.72005E-4 2.02002E-3 3.22967E-3 2.39797E-3 1.22045E-3 1.68415E-3 1.85203E-3 2.26269E-3 5.29056E-3 6.97997E-3 4.07415E-3 3.44188E-3 3.22935E-3 6.30684E-3 1.13342E-2 1.04712E-2 2.83792E-2 5.05505E-2 3.24555E-2 3.00529E-2 -9999 6.91803E-2 1.09084E-1 8.31361E-2 4.74273E-2 1.94248E-2 5.43212E-3 2.40123E-3 4.58444E-3 5.8693E-3 1.78522E-3 1.70938E-3 3.89725E-3 2.52914E-3 1.67284E-3 2.11556E-3 1.72018E-3 1.7572E-3 2.49848E-3 3.67821E-3 2.04393E-3 3.45328E-3 4.93248E-3 3.69906E-3 3.24533E-3 4.03589E-3 3.31176E-3 5.22766E-3 6.72318E-3 1.52478E-3
-9999 -9999 -9999 -9999 -9999 -9999 -9999 -9999 -9999 -9999 -9999 -9999 -9999 -9999 -9999 -9999 -9999 -9999 -9999 -9999 -9999 -9999 -9999 4.6752E-4 7.64625E-4 1.26523E-3 1.04574E-3 1.1504E-3 2.23067E-3 3.95347E-3 2.31691E-3 1.73646E-3 1.57666E-3 2.2833E-3 2.86927E-3 3.17126E-3 3.17794E-3 7.72627E-3 7.95165E-3 9.28343E-3 9.61858E-3 1.45219E-2 4.34647E-2 2.74421E-2 4.07312E-2 4.5811E-2 5.68427E-2 7.71882E-2 1.23913E-1 6.09565E-2 9.02742E-2 1.28006E-2 6.4295E-3 5.71214E-3 3.87581E-3 5.3023E-3 2.86973E-3 2.07622E-3 3.10004E-3 4.55505E-3 4.61994E-3 2.14125E-3 2.1521E-3 4.17155E-3 2.43242E-3 3.90056E-3 1.0588E-3 1.7417E-3 3.01516E-3 3.87636E-3 2.00073E-3 3.85418E-3 4.21584E-3 2.68177E-3 2.08576E-3 2.04007E-3
-9999 -9999 -9999 -9999 -9999 -9999 -9999 -9999 -9999 -9999 -9999 -9999 -9999 -9999 -9999 -9999 -9999 -9999 -9999 -9999 -9999 -9999 -9999 -9999 7.05657E-4 4.52288E-4 5.87617E-4 8.6871E-4 2.14188E-3 1.69074E-3 1.79465E-3 -9999 1.93888E-3 1.86099E-3 3.42192E-3 7.94313E-3 3.77876E-3 4.93991E-3 1.22287E-2 1.07311E-2 1.2163E-2 1.98683E-2 5.11198E-2 3.65791E-2 7.28231E-2 8.92429E-2 1.76003E-1 1.23933E-1 1.80249E-2 1.4752E-2 3.14744E-2 2.11454E-2 1.16206E-2 7.40426E-3 5.52005E-3 5.71335E-3 6.37162E-3 2.96542E-3 3.08773E-3 5.29659E-3 3.49311E-3 4.0489E-3 1.66007E-3 3.87857E-3 2.88459E-3 3.14392E-3 2.75793E-3 1.97359E-3 3.61745E-3 3.03741E-3 3.56406E-3 2.8245E-3 3.2009E-3 3.84983E-3 2.00334E-3 1.31241E-3
-9999 -9999 -9999 -9999 -9999 -9999 -9999 -9999 -9999 -9999 -9999 -9999 -9999 -9999 -9999 -9999 -9999 -9999 -9999 -9999 -9999 -9999 -9999 7.78201E-4 1.02394E-3 1.58976E-3 6.6247E-4 1.2404E-3 2.49577E-3 2.17957E-3 1.22299E-3 -9999 -9999 1.50549E-3 5.11664E-3 4.72429E-3 6.44976E-3 7.43037E-3 8.94741E-3 1.06928E-2 1.95199E-2 1.64096E-1 4.0591E-2 6.60751E-2 1.17353E-1 1.66048E-1 1.11274E-1 3.14777E-2 1.27802E-2 3.50199E-3 1.00689E-2 1.02957E-2 6.14357E-3 3.38807E-3 2.82531E-3 3.47405E-3 5.55541E-3 6.80294E-3 7.13294E-3 8.98331E-3 5.13664E-3 2.57263E-3 2.92944E-3 2.8883E-3 3.55997E-3 4.11975E-3 5.25503E-3 3.41907E-3 3.78449E-3 2.17034E-3 1.9682E-3 1.47981E-3 1.98548E-3 2.77553E-3 2.64002E-3 1.59809E-3
-9999 -9999 -9999 -9999 -9999 -9999 -9999 -9999 -9999 -9999 -9999 -9999 -9999 -9999 -9999 -9999 -9999 -9999 -9999 -9999 -9999 -9999 -9999 5.04863E-4 1.10847E-3 1.8083E-3 1.81972E-3 1.25306E-3 2.24138E-3 1.88677E-3 1.2952E-3 -9999 -9999 2.08674E-3 7.40301E-3 7.41929E-3 7.23063E-3 9.50206E-3 1.03201E-2 1.54669E-2 9.93574E-2 1.13411E-1 5.94425E-2 4.57874E-2 5.62926E-2 7.79603E-2 4.80142E-2 1.11628E-2 9.84721E-3 1.09666E-2 4.15532E-3 4.17829E-3 4.21657E-3 7.05465E-3 3.219E-3 3.97049E-3 7.8734E-3 3.80197E-3 4.8335E-3 4.01401E-3 1.0511E-2 2.0423E-3 2.52248E-3 2.67233E-3 2.854E-3 1.7853E-3 4.74922E-3 3.91741E-3 1.90726E-3 2.23754E-3 2.27646E-3 2.74031E-3 3.62201E-3 1.95433E-3 1.81522E-3 7.09167E-3
-9999 -9999 -9999 -9999 -9999 -9999 -9999 -9999 -9999 -9999 -9999 -9999 -9999 -9999 -9999 -9999 -9999 -9999 -9999 1.14635E-3 -9999 8.83739E-4 8.71231E-4 2.6122E-4 5.88317E-4 1.44468E-3 1.06459E-3 1.38746E-3 2.11918E-3 2.25719E-3 2.13862E-3 -9999 -9999 -9999 4.11962E-3 6.04351E-3 1.22357E-2 1.24482E-2 1.0923E-2 1.40796E-2 1.09917E-1 1.43597E-1 7.80972E-2 3.0949E-2 3.5674E-2 6.88191E-2 1.07969E-2 1.09901E-2 2.80559E-3 4.03814E-3 1.86385E-3 1.46682E-3 1.3146E-3 3.10084E-3 2.16461E-3 3.05565E-3 6.30091E-3 5.56705E-3 5.70856E-3 1.42965E-3 2.24763E-3 3.28439E-3 1.52043E-3 1.94448E-3 1.88954E-3 2.32878E-3 2.60607E-3 3.30748E-3 2.60594E-3 2.73283E-3 3.75588E-3 5.59618E-3 2.13957E-3 1.10326E-3 2.93147E-3 8.93367E-3
-9999 -9999 -9999 -9999 -9999 -9999 -9999 -9999 -9999 -9999 -9999 -9999 -9999 -9999 -9999 -9999 -9999 -9999 1.77654E-3 9.62483E-4 9.93019E-4 1.47824E-3 7.75612E-4 4.0609E-4 6.14839E-4 8.53824E-4 7.91746E-4 2.12027E-3 2.62338E-3 3.74157E-3 3.4137E-3 -9999 -9999 -9999 5.00535E-3 1.18743E-2 9.37106E-3 1.29369E-2 1.0335E-2 1.71687E-2 1.51178E-1 2.51216E-1 1.73495E-1 5.77936E-2 7.45829E-2 6.66872E-2 1.35385E-2 6.2597E-3 7.76228E-3 6.89229E-3 3.77984E-3 3.18545E-3 4.42978E-3 4.15454E-3 3.83777E-3 3.82304E-3 5.71275E-3 6.81671E-3 4.53486E-3 5.57198E-3 3.97187E-3 1.77789E-3 2.56224E-3 2.39743E-3 3.53689E-3 3.63716E-3 6.3637E-3 3.46517E-3 2.5956E-3 4.22157E-3 4.21692E-3 4.22529E-3 1.24663E-3 2.4064E-3 2.01106E-3 9.24055E-3
-9999 -9999 -9999 -9999 -9999 -9999 -9999 -9999 -9999 -9999 -9999 -9999 -9999 -9999 -9999 -9999 -9999 -9999 1.48636E-3 7.74872E-4 8.06646E-4 9.72986E-4 1.1118E-3 9.63184E-4 1.28126E-3 8.51778E-4 8.54518E-4 9.90286E-4 2.15949E-3 7.713E-4 1.00402E-3 -9999 -9999 -9999 5.7234E-3 1.49178E-2 1.67086E-2 9.06408E-3 9.68785E-3 1.4466E-2 8.27993E-2 1.26894E-1 1.7809E-1 7.88988E-2 3.58073E-2 3.61108E-2 4.74543E-3 9.37829E-3 8.43549E-3 5.50826E-3 7.00159E-4 1.24953E-3 1.63978E-3 1.94037E-3 3.07921E-3 1.70837E-3 7.72834E-4 9.66379E-4 7.38695E-4 8.03092E-4 2.71175E-3 5.0053E-3 4.6348E-3 4.20923E-3 5.68303E-3 6.341E-3 4.35875E-3 4.22651E-3 3.81595E-3 3.83942E-3 1.29216E-3 2.12563E-3 1.78143E-3 2.6742E-3 7.98711E-3 1.33238E-2
-9999 -9999 -9999 -9999 -9999 -9999 -9999 -9999 -9999 -9999 -9999 -9999 -9999 -9999 -9999 -9999 -9999 -9999 1.35851E-3 8.51464E-4 3.9468E-4 4.63328E-4 6.45435E-4 7.23893E-4 8.85536E-4 7.84207E-4 8.72782E-4 9.09209E-4 1.60004E-3 9.94986E-4 1.86146E-3 -9999 -9999 -9999 7.15305E-3 8.23723E-3 5.59852E-3 7.18335E-3 1.63098E-2 4.41543E-2 5.56553E-2 7.45145E-2 6.1935E-2 3.73246E-2 1.88503E-2 6.13909E-3 2.9113E-3 3.81212E-3 3.84737E-3 7.40628E-4 1.59913E-3 6.2791E-4 5.81388E-4 3.63149E-3 2.51034E-3 2.76364E-3 2.45122E-3 2.75576E-3 3.24153E-3 2.8358E-3 2.35428E-3 8.39639E-4 4.1101E-3 1.70286E-3 4.05804E-3 3.98167E-3 3.69842E-3 2.83129E-3 4.08552E-3 2.38766E-3 1.88237E-3 7.03982E-3 1.41356E-2 8.79495E-3 1.08842E-2 9.16794E-3
-9999 -9999 -9999 -9999 -9999 -9999 -9999 -9999 -9999 -9999 -9999 -9999 -9999 -9999 -9999 -9999 -9999 3.33354E-3 2.97774E-3 1.07609E-3 4.80682E-4 9.01528E-4 2.16807E-3 1.65551E-3 1.50991E-3 1.02925E-3 1.81502E-3 1.25809E-3 1.19546E-3 7.95516E-4 1.18052E-3 1.56063E-3 -9999 -9999 -9999 6.42963E-3 7.3496E-3 1.0483E-2 8.92501E-3 1.18343E-2 3.53772E-2 7.40294E-2 8.9089E-2 6.53761E-2 2.38416E-2 4.73853E-3 3.37334E-3 2.13018E-3 7.27368E-4 4.54578E-4 2.31156E-3 2.56385E-3 2.96218E-3 2.01055E-3 3.12721E-3 2.30082E-3 5.32977E-3 4.65884E-3 3.00579E-3 2.55423E-3 1.95382E-3 6.77779E-4 3.12383E-3 2.38331E-3 2.15733E-3 1.59664E-3 6.36783E-3 2.40975E-3 3.30069E-3 3.24122E-3 7.25046E-3 9.16481E-3 1.24099E-2 1.30293E-2 1.7044E-2 1.86058E-2
-9999 -9999 -9999 -9999 -9999 -9999 -9999 -9999 -9999 -9999 -9999 -9999 -9999 -9999 -9999 -9999 -9999 9.31848E-4 8.66762E-4 1.56627E-3 8.85615E-4 1.1486E-3 1.1276E-3 1.14531E-3 8.18607E-4 2.01161E-3 1.81256E-3 1.78314E-3 2.42848E-3 1.29194E-3 1.78703E-3 4.49551E-3 -9999 -9999 -9999 3.93807E-3 4.473E-3 9.03601E-3 7.99346E-3 1.72012E-2 2.21929E-2 4.62781E-2 1.21366E-1 4.94057E-2 1.96413E-2 6.11016E-3 4.14192E-3 2.73644E-3 3.41796E-3 1.54718E-3 1.82314E-3 4.13206E-3 4.25459E-3 2.22123E-3 4.03792E-3 4.03458E-3 4.09916E-3 6.59781E-3 2.69243E-3 2.87902E-3 3.95796E-3 7.10764E-4 2.6497E-3 1.31102E-3 2.16933E-3 1.88492E-3 4.27261E-3 4.47447E-3 5.78882E-3 1.52686E-2 1.95249E-2 1.18934E-2 1.52908E-2 1.32777E-2 1.84572E-2 1.92484E-2
-9999 -9999 -9999 -9999 -9999 -9999 -9999 -9999 -9999 -9999 -9999 -9999 -9999 -9999 -9999 -9999 4.63988E-3 1.72076E-3 6.84052E-4 6.80713E-3 1.40461E-3 1.48563E-3 1.98035E-3 2.69728E-3 1.4309E-3 2.015E-3 2.18712E-3 2.95624E-3 2.18039E-3 1.87519E-3 2.7689E-3 2.66521E-3 -9999 -9999 -9999 5.01445E-3 7.38366E-3 5.55667E-3 8.07114E-3 1.81759E-2 2.19511E-2 3.70202E-2 7.50753E-2 4.73535E-2 2.19134E-2 3.1935E-3 2.58212E-3 3.0242E-3 3.69905E-3 2.40384E-3 4.59814E-3 3.93895E-3 5.30389E-3 7.32812E-3 3.63438E-3 7.2771E-3 3.42032E-3 4.45202E-3 3.60433E-3 2.60901E-3 2.50366E-3 7.33012E-3 2.5174E-3 9.35117E-4 1.73619E-3 4.16844E-3 2.42256E-3 1.05613E-2 1.05466E-2 9.42695E-3 1.84506E-2 1.65893E-2 8.66922E-3 8.55581E-3 1.72797E-2 1.89857E-2
-9999 -9999 -9999 -9999 -9999 -9999 -9999 -9999 -9999 -9999 -9999 -9999 -9999 -9999 -9999 -9999 5.42895E-3 3.49409E-3 1.20643E-3 1.85793E-3 8.0408E-4 4.67256E-4 1.76037E-3 1.28825E-3 1.01491E-3 2.81546E-3 2.15704E-3 4.22929E-3 1.82666E-3 3.18378E-3 2.85886E-3 5.36199E-3 3.81065E-3 -9999 -9999 2.98195E-3 7.8275E-3 7.02138E-3 6.96146E-3 1.17768E-2 1.69922E-2 2.20265E-2 5.02119E-2 3.19892E-2 2.63378E-2 6.78299E-3 3.3671E-3 5.38606E-3 4.28935E-3 3.80747E-3 4.0498E-3 4.69669E-3 4.91509E-3 5.86098E-3 4.59577E-3 5.90888E-3 2.33068E-3 2.65215E-3 4.771E-3 3.0375E-3 3.34252E-3 5.36131E-3 4.89881E-3 2.65655E-3 1.38251E-3 2.42792E-3 3.0304E-3 7.27131E-3 1.69096E-2 7.67055E-3 1.26143E-2 1.41404E-2 1.83846E-2 1.27831E-2 2.21196E-2 2.46341E-2
-9999 -9999 -9999 -9999 -9999 -9999 -9999 -9999 -9999 -9999 -9999 -9999 -9999 -9999 -9999 6.70442E-3 3.78477E-3 4.74269E-3 1.93279E-3 7.86133E-4 1.44966E-3 8.53764E-4 9.97832E-4 7.10709E-4 5.08739E-4 9.77727E-4 1.75774E-3 1.02771E-3 1.08516E-3 2.54513E-3 3.83922E-3 3.74002E-3 2.17046E-3 2.69497E-3 1.36391E-3 3.78532E-3 3.28989E-3 5.37237E-3 8.13419E-3 1.08612E-2 1.54777E-2 2.47842E-2 1.05918E-2 1.41946E-2 1.06039E-2 3.55226E-3 3.92832E-3 5.2212E-3 3.02896E-3 4.21786E-3 4.18106E-3 3.97342E-3 4.94419E-3 4.21285E-3 4.31498E-3 3.87387E-3 7.78548E-3 2.09506E-3 3.77053E-3 3.55176E-3 3.9199E-3 2.10715E-3 3.95575E-3 3.18722E-3 1.39971E-3 4.28827E-3 1.09128E-2 1.01197E-2 1.45025E-2 9.50987E-3 1.47322E-2 1.88393E-2 1.78641E-2 4.3514E-2 3.04941E-2 2.11357E-2
-9999 -9999 -9999 -9999 -9999 -9999 -9999 -9999 -9999 -9999 -9999 -9999 -9999 -9999 -9999 3.76639E-3 3.12524E-3 2.86626E-3 2.11936E-3 1.58614E-3 1.24164E-3 1.20955E-3 1.15463E-3 5.85706E-4 1.17683E-3 2.0043E-3 2.67768E-3 1.60258E-3 1.48475E-3 3.05841E-3 3.45682E-3 4.06382E-3 3.19006E-3 2.85899E-3 1.58534E-3 2.343E-3 6.30104E-3 4.73915E-3 7.25249E-3 3.08839E-3 3.56782E-3 6.18692E-3 9.20121E-3 5.76188E-3 4.58876E-3 3.01734E-3 1.85906E-3 2.58305E-3 1.00222E-2 5.18904E-3 8.07594E-3 5.97547E-3 6.10077E-3 4.20213E-3 4.08841E-3 6.01348E-3 4.79137E-3 6.5856E-3 7.24583E-3 2.51642E-3 6.00139E-3 1.65716E-3 9.29834E-4 1.55847E-3 4.42805E-3 2.45085E-3 4.86866E-3 7.3828E-3 9.60009E-3 1.16573E-2 1.18963E-2 1.28643E-2 2.13702E-2 2.09984E-2 1.76873E-2 1.55314E-2
-9999 -9999 -9999 -9999 -9999 -9999 -9999 -9999 -9999 -9999 -9999 -9999 -9999 -9999 -9999 1.82942E-3 2.68503E-3 5.49848E-3 2.38778E-3 2.29201E-3 1.14291E-3 1.02675E-3 1.88628E-3 6.398E-4 1.46168E-3 1.62198E-3 1.53464E-3 2.68429E-3 2.75426E-3 2.61385E-3 4.12397E-3 5.30685E-3 4.00767E-3 4.61247E-3 2.44857E-3 1.14788E-3 1.09981E-3 5.17642E-3 2.46566E-3 2.47595E-3 4.00861E-3 3.87942E-3 5.94644E-3 6.90374E-3 8.94404E-3 5.29028E-3 2.66972E-3 4.40908E-3 5.04217E-3 5.13286E-3 8.84246E-3 4.16424E-3 2.97616E-3 4.08014E-3 1.19945E-2 4.86268E-3 4.34782E-3 5.30224E-3 3.65898E-3 5.67492E-3 5.29482E-3 1.71236E-3 3.04031E-3 2.42392E-3 4.61664E-3 6.98569E-3 7.77874E-3 6.27054E-3 8.87433E-3 7.32181E-3 1.23029E-2 1.02472E-2 1.07493E-2 2.24986E-2 1.40239E-2 2.73713E-2
-9999 -9999 -9999 -9999 -9999 -9999 -9999 -9999 -9999 -9999 -9999 -9999 -9999 -9999 1.33351E-3 1.43431E-3 4.41254E-3 3.9168E-3 2.64822E-3 2.17296E-3 1.17649E-3 3.4357E-3 3.31964E-3 2.27672E-3 3.51094E-3 3.60763E-3 2.6035E-3 1.72467E-3 1.58019E-3 6.82188E-3 1.07256E-2 7.0571E-3 7.89508E-3 5.53542E-3 5.46691E-3 3.28243E-3 3.04832E-3 5.04193E-3 5.31806E-3 4.226E-3 4.47416E-3 4.48503E-3 5.01077E-3 4.66824E-3 5.7119E-3 6.41615E-3 4.22147E-3 3.97435E-3 3.20582E-3 3.59759E-3 7.23123E-3 5.77893E-3 4.61933E-3 6.48652E-3 1.44649E-2 7.83315E-3 3.50118E-3 2.65618E-3 3.96413E-3 3.51475E-3 3.90049E-3 2.8506E-3 3.13435E-3 5.30726E-3 6.59276E-3 3.88976E-3 5.78017E-3 5.73907E-3 9.55011E-3 9.04243E-3 1.91899E-2 1.87638E-2 1.3008E-2 1.39303E-2 1.75985E-2 1.25888E-2
-9999 -9999 -9999 -9999 -9999 -9999 -9999 -9999 -9999 -9999 -9999 -9999 -9999 -9999 3.88721E-3 2.51466E-3 2.65852E-3 4.14718E-3 1.98578E-3 2.28038E-3 1.99637E-3 2.27367E-3 1.9627E-3 3.10076E-3 2.20164E-3 2.75453E-3 1.41242E-3 2.53729E-3 2.22668E-3 3.54618E-3 1.36647E-2 5.50057E-3 4.00806E-3 2.19752E-3 2.23112E-3 1.51069E-3 1.7596E-3 3.87692E-3 3.24687E-3 4.04693E-3 5.76662E-3 5.89848E-3 6.35486E-3 4.75774E-3 5.02754E-3 4.67497E-3 7.0685E-3 8.71544E-3 4.83794E-3 7.07533E-3 7.81294E-3 8.42548E-3 3.64992E-3 6.1869E-3 6.59753E-3 1.10741E-2 5.68128E-3 4.02764E-3 5.49345E-3 2.99349E-3 1.95578E-3 2.79705E-3 8.37374E-3 3.2938E-3 5.53971E-3 3.94116E-3 4.79272E-3 6.1128E-3 6.80973E-3 1.40671E-2 2.53432E-2 2.63646E-2 1.12641E-2 2.30977E-2 1.41197E-2 1.26887E-2
-9999 -9999 -9999 -9999 -9999 -9999 -9999 -9999 -9999 -9999 -9999 -9999 -9999 2.36689E-3 1.95886E-3 2.4072E-3 1.83827E-3 3.71929E-3 2.33675E-3 2.34737E-3 2.50382E-3 1.79317E-3 2.49163E-3 2.18364E-3 2.31212E-3 4.49412E-3 1.86346E-3 1.00043E-3 2.20739E-3 3.15789E-3 5.75055E-3 5.70123E-3 4.36687E-3 1.84291E-3 2.02332E-3 3.22786E-3 3.23087E-3 3.81928E-3 2.60636E-3 4.28441E-3 4.37924E-3 5.03438E-3 2.60714E-3 4.53801E-3 5.6802E-3 4.35749E-3 7.68685E-3 9.91391E-3 6.4262E-3 4.54804E-3 9.58758E-3 9.27405E-3 4.93159E-3 6.2557E-3 6.55943E-3 7.16485E-3 1.14323E-2 4.39381E-3 6.63755E-3 2.58922E-3 4.13336E-3 2.72125E-3 2.36518E-3 7.68013E-3 5.02743E-3 4.16655E-3 5.61208E-3 7.40777E-3 1.30139E-2 1.66565E-2 6.97061E-2 3.18259E-2 1.59981E-2 3.15292E-2 2.55938E-2 1.83501E-2
-9999 -9999 -9999 -9999 -9999 -9999 -9999 -9999 -9999 -9999 -9999 -9999 -9999 2.97901E-3 3.18488E-3 3.29481E-3 2.84771E-3 5.13274E-3 3.4352E-3 3.48948E-3 2.13397E-3 1.621E-3 1.98066E-3 2.60298E-3 2.00046E-3 4.45719E-3 2.02475E-3 1.84612E-3 1.63696E-3 3.46592E-3 4.21644E-3 4.14687E-3 9.02011E-3 4.48734E-3 3.4622E-3 4.69852E-3 6.92842E-3 1.22565E-2 7.41212E-3 3.23028E-3 3.01969E-3 2.25109E-3 2.89604E-3 2.78415E-3 2.87237E-3 4.68403E-3 5.93272E-3 1.13264E-2 8.23997E-3 5.11547E-3 1.23415E-2 6.48227E-3 7.32337E-3 1.32043E-2 1.00001E-2 8.44286E-3 5.83756E-3 4.36499E-3 4.14371E-3 6.84476E-3 6.23053E-3 9.69354E-3 5.75261E-3 5.42842E-3 9.23535E-3 6.43503E-3 1.09054E-2 1.14483E-2 1.46536E-2 2.27093E-2 3.17163E-2 1.87277E-2 1.50797E-2 2.0361E-2 3.54959E-2 4.46883E-2
-9999 -9999 -9999 -9999 -9999 -9999 -9999 -9999 -9999 -9999 -9999 -9999 1.41103E-3 2.5787E-3 2.17532E-3 4.67241E-3 7.5147E-3 7.28997E-3 5.64376E-3 3.56333E-3 2.48783E-3 1.66669E-3 2.35164E-3 3.06981E-3 1.81989E-3 1.70778E-3 2.32581E-3 1.4034E-3 2.17068E-3 2.89603E-3 3.09514E-3 5.17247E-3 6.0224E-3 5.38313E-3 5.54841E-3 7.45282E-3 7.37003E-3 5.2594E-3 4.68783E-3 2.89768E-3 3.98224E-3 2.76287E-3 3.32071E-3 4.59234E-3 2.2951E-3 2.14696E-3 8.6636E-3 8.91015E-3 1.02667E-2 7.11273E-3 1.20851E-2 1.00263E-2 3.85375E-3 8.38507E-3 6.3819E-3 5.98596E-3 4.86637E-3 8.39137E-3 7.15371E-3 4.40694E-3 4.28411E-3 3.39766E-3 4.23831E-3 7.91069E-3 4.9406E-3 4.63652E-3 1.50913E-2 1.64505E-2 1.45318E-2 1.4662E-2 2.70074E-2 2.33675E-2 1.47989E-2 1.32118E-2 7.68835E-2 8.48707E-2
-9999 -9999 -9999 -9999 -9999 -9999 -9999 -9999 -9999 -9999 -9999 -9999 2.73897E-4 9.90407E-4 2.68929E-3 2.46935E-3 3.89325E-3 1.08255E-2 5.40692E-3 9.20663E-4 2.94583E-3 3.10192E-3 2.73663E-3 2.42351E-3 9.91668E-4 1.69121E-3 1.54525E-3 1.84316E-3 1.05241E-3 1.30463E-3 4.42136E-3 6.65068E-3 1.09657E-2 6.41414E-3 6.51794E-3 9.19754E-3 8.04469E-3 9.41559E-3 8.38769E-3 5.46587E-3 5.52323E-3 5.90945E-3 6.03858E-3 5.77218E-3 4.54294E-3 4.52475E-3 8.0629E-3 1.22538E-2 1.31112E-2 4.4646E-3 9.27951E-3 7.88775E-3 5.79055E-3 1.19461E-2 1.00437E-2 4.87695E-3 3.12288E-3 3.85275E-3 4.28572E-3 5.64722E-3 3.2823E-3 3.49675E-3 3.63093E-3 4.4899E-3 5.4486E-3 2.05589E-2 1.66277E-2 1.38704E-2 1.29808E-2 3.06071E-2 2.44716E-2 4.17688E-2 6.62193E-2 8.95327E-2 5.36142E-2 6.60423E-2
