ENM/Final_Models/M_1_F_qp_Set_1_E/Gustavia_santanderiensis_Choco_min.asc
ncols         367
nrows         963
xllcorner     -78.6
yllcorner     0.65
cellsize      0.00833333333333323
NODATA_value  -9999
[rows 810 to 839 of 963, columns 0 to 66 of 367]
-9999 -9999 -9999 7.3223E-1 5.98587E-1 6.21803E-1 5.94573E-1 5.94144E-1 6.65325E-1 6.09918E-1 6.5622E-1 6.57076E-1 6.28351E-1 5.8841E-1 4.65157E-1 5.39105E-1 5.63708E-1 4.96214E-1 4.73588E-1 4.84791E-1 4.77026E-1 4.40844E-1 4.3277E-1 5.66571E-1 5.41128E-1 4.17681E-1 4.19126E-1 4.06784E-1 4.7599E-1 5.03274E-1 4.78028E-1 4.18728E-1 4.6523E-1 4.43844E-1 4.93396E-1 4.65114E-1 5.49776E-1 4.6855E-1 4.43458E-1 4.78619E-1 4.74914E-1 4.24369E-1 4.04604E-1 3.83877E-1 3.25464E-1 3.42332E-1 2.48121E-1 1.51427E-1 1.76078E-1 2.60303E-1 2.59949E-1 1.89984E-1 1.49532E-1 1.44856E-1 2.38147E-1 1.93951E-1 2.16724E-1 2.08538E-1 2.11348E-1 1.56942E-1 1.53824E-1 1.92462E-1 2.0131E-1 1.02202E-1 1.18313E-1 1.70009E-1 1.50567E-1
-9999 -9999 -9999 -9999 -9999 -9999 -9999 6.08803E-1 6.23009E-1 6.46308E-1 6.63105E-1 6.15765E-1 5.49631E-1 6.43172E-1 5.40377E-1 5.59531E-1 5.16126E-1 5.18093E-1 4.47772E-1 4.12996E-1 4.27606E-1 4.26081E-1 4.35396E-1 4.70572E-1 4.41203E-1 4.04167E-1 4.76215E-1 3.55723E-1 3.88647E-1 3.85096E-1 4.7195E-1 4.23458E-1 4.91762E-1 5.34189E-1 5.28303E-1 5.24622E-1 4.87516E-1 4.69232E-1 4.31705E-1 4.30104E-1 4.4056E-1 4.20138E-1 4.10177E-1 3.96176E-1 2.75535E-1 3.25468E-1 3.01254E-1 2.16128E-1 2.17484E-1 2.29933E-1 2.47521E-1 2.36247E-1 2.21429E-1 2.66295E-1 1.95E-1 1.89971E-1 1.80192E-1 1.6749E-1 1.86913E-1 9.11989E-2 1.15571E-1 2.01186E-1 1.94377E-1 1.2278E-1 1.21111E-1 1.90881E-1 2.33926E-1
-9999 -9999 -9999 -9999 -9999 -9999 -9999 -9999 6.28528E-1 5.80672E-1 6.39167E-1 6.11567E-1 5.43977E-1 6.64131E-1 5.70941E-1 5.07229E-1 4.27135E-1 4.51379E-1 5.01247E-1 4.60133E-1 3.83992E-1 4.78709E-1 5.24055E-1 4.9126E-1 4.84934E-1 4.53345E-1 4.62953E-1 4.51529E-1 4.26748E-1 4.47208E-1 4.69128E-1 4.62548E-1 4.22541E-1 4.21019E-1 5.58559E-1 5.32959E-1 4.78378E-1 4.2727E-1 3.94556E-1 3.91555E-1 3.63323E-1 3.49682E-1 3.92163E-1 3.37866E-1 3.21836E-1 2.9307E-1 2.63011E-1 2.17227E-1 2.45022E-1 2.78284E-1 2.33392E-1 2.75718E-1 2.87696E-1 2.29506E-1 2.28533E-1 1.89205E-1 1.84316E-1 1.67411E-1 2.24847E-1 1.80487E-1 1.16522E-1 1.33342E-1 1.84083E-1 9.57107E-2 1.69971E-1 2.21118E-1 2.13093E-1
-9999 -9999 -9999 -9999 -9999 -9999 -9999 -9999 7.31918E-1 6.28075E-1 5.57269E-1 6.06891E-1 6.1473E-1 6.46226E-1 5.43766E-1 4.86118E-1 4.2568E-1 4.69691E-1 4.80021E-1 4.42647E-1 4.4276E-1 4.47977E-1 4.62653E-1 5.48283E-1 4.76353E-1 3.35916E-1 4.37073E-1 3.85739E-1 3.95778E-1 4.49094E-1 4.46792E-1 4.33697E-1 4.44877E-1 4.5677E-1 4.60092E-1 4.32231E-1 4.80231E-1 4.58241E-1 3.78452E-1 3.56537E-1 3.40075E-1 3.34018E-1 3.84233E-1 2.91207E-1 2.71121E-1 2.91825E-1 2.02362E-1 1.86641E-1 1.66212E-1 1.70427E-1 1.54946E-1 2.24165E-1 2.263E-1 2.56911E-1 2.15726E-1 2.16144E-1 1.9777E-1 1.27538E-1 9.98965E-2 1.47646E-1 1.21821E-1 9.39906E-2 1.53434E-1 2.07401E-1 9.18896E-2 1.00931E-1 1.53034E-1
-9999 -9999 -9999 -9999 -9999 -9999 -9999 -9999 5.27738E-1 5.82992E-1 6.6932E-1 5.63398E-1 6.23426E-1 6.54097E-1 6.37556E-1 4.48074E-1 4.40081E-1 4.55351E-1 4.80604E-1 4.79835E-1 4.78084E-1 4.47508E-1 4.34773E-1 4.86601E-1 4.30268E-1 4.54201E-1 4.85534E-1 4.45567E-1 4.78252E-1 4.70757E-1 4.57057E-1 3.81142E-1 4.28808E-1 4.79002E-1 4.48395E-1 3.68651E-1 4.23985E-1 3.73957E-1 3.5985E-1 3.56359E-1 3.49393E-1 2.56246E-1 2.636E-1 3.25127E-1 4.13636E-1 3.0557E-1 2.75328E-1 1.72104E-1 1.72208E-1 2.39496E-1 1.81953E-1 1.80346E-1 1.70599E-1 1.16713E-1 1.31586E-1 1.29359E-1 1.23113E-1 1.51794E-1 1.00113E-1 2.02166E-1 2.47017E-1 1.67447E-1 2.02957E-1 1.43016E-1 1.12166E-1 1.02105E-1 1.09497E-1
-9999 -9999 -9999 -9999 -9999 -9999 -9999 -9999 6.40173E-1 6.37044E-1 6.33822E-1 6.61505E-1 6.83243E-1 6.39613E-1 5.35666E-1 4.69158E-1 4.16299E-1 4.83116E-1 4.8403E-1 4.20663E-1 4.16573E-1 4.85505E-1 4.97714E-1 5.4842E-1 4.95542E-1 4.49787E-1 4.73839E-1 4.3207E-1 3.92899E-1 3.91402E-1 3.82656E-1 3.49335E-1 3.66472E-1 3.66099E-1 3.83844E-1 3.49088E-1 3.56794E-1 3.12241E-1 3.39224E-1 3.6352E-1 3.15204E-1 3.36279E-1 2.59854E-1 3.70403E-1 2.12988E-1 2.35111E-1 1.86548E-1 2.22827E-1 1.7967E-1 1.85925E-1 1.54648E-1 1.68224E-1 1.20493E-1 2.12322E-1 1.14432E-1 1.92051E-1 1.20797E-1 1.08316E-1 1.83196E-1 1.85549E-1 1.71197E-1 1.52174E-1 1.81765E-1 2.19309E-1 2.27006E-1 1.48514E-1 1.58993E-1
-9999 -9999 -9999 -9999 -9999 -9999 -9999 -9999 7.27598E-1 7.49341E-1 6.96801E-1 6.21569E-1 7.1024E-1 5.4373E-1 5.94118E-1 5.90753E-1 4.93269E-1 4.48799E-1 4.48309E-1 4.62772E-1 4.85794E-1 5.25491E-1 5.15473E-1 4.3709E-1 4.46733E-1 5.46661E-1 4.57927E-1 5.67842E-1 4.74226E-1 3.9525E-1 3.74273E-1 4.05485E-1 3.31272E-1 3.95779E-1 3.99917E-1 4.23066E-1 4.22691E-1 3.22082E-1 2.10529E-1 3.06741E-1 2.44354E-1 2.37465E-1 2.38093E-1 3.19378E-1 2.46479E-1 2.44388E-1 1.88353E-1 2.64271E-1 2.59275E-1 2.19247E-1 2.00779E-1 1.92356E-1 1.99088E-1 1.68693E-1 2.06923E-1 1.65369E-1 1.37041E-1 1.56413E-1 2.17011E-1 1.55798E-1 1.71826E-1 1.70398E-1 1.83483E-1 1.75713E-1 1.94481E-1 8.53682E-2 1.96719E-1
-9999 -9999 -9999 -9999 -9999 -9999 -9999 7.23166E-1 7.29085E-1 7.65842E-1 6.50295E-1 4.89723E-1 7.07595E-1 6.0883E-1 5.72078E-1 5.2588E-1 4.50424E-1 4.66493E-1 4.11472E-1 4.67074E-1 4.51202E-1 4.19869E-1 5.79476E-1 5.60115E-1 5.35573E-1 4.96386E-1 4.89598E-1 4.95262E-1 4.59747E-1 4.76048E-1 4.48361E-1 4.90686E-1 4.0732E-1 5.02631E-1 4.40417E-1 3.67466E-1 3.73787E-1 2.93929E-1 1.99856E-1 3.40782E-1 3.1687E-1 3.05657E-1 3.04633E-1 1.93481E-1 1.6327E-1 2.17031E-1 2.02725E-1 2.5572E-1 2.86822E-1 2.38554E-1 1.66818E-1 1.57959E-1 1.91918E-1 2.03735E-1 1.90692E-1 1.92043E-1 1.75608E-1 1.83758E-1 1.68673E-1 1.92722E-1 2.14408E-1 1.88301E-1 1.95234E-1 1.61527E-1 1.93579E-1 1.48776E-1 1.70315E-1
-9999 -9999 -9999 -9999 -9999 -9999 -9999 8.14164E-1 7.80962E-1 7.1777E-1 6.48905E-1 6.29722E-1 6.81461E-1 6.10714E-1 4.78144E-1 5.15301E-1 4.95321E-1 4.50547E-1 4.45152E-1 3.91296E-1 3.63915E-1 4.62265E-1 5.18448E-1 5.40785E-1 5.17703E-1 4.43828E-1 5.08852E-1 4.59326E-1 4.32416E-1 4.97957E-1 4.72088E-1 4.58889E-1 4.31331E-1 4.30001E-1 4.1295E-1 3.83163E-1 3.68376E-1 3.44873E-1 2.38383E-1 3.00177E-1 3.15147E-1 3.25449E-1 2.86031E-1 1.67051E-1 1.86216E-1 2.03064E-1 2.71012E-1 2.30974E-1 1.91369E-1 2.29721E-1 2.06328E-1 1.51441E-1 1.25999E-1 1.15755E-1 1.98849E-1 2.33429E-1 2.47035E-1 1.80629E-1 1.78029E-1 2.1682E-1 1.92485E-1 1.95355E-1 2.14774E-1 1.83808E-1 1.77211E-1 1.64645E-1 1.47529E-1
-9999 -9999 -9999 -9999 -9999 -9999 -9999 6.85158E-1 6.64615E-1 7.24694E-1 7.63341E-1 6.81758E-1 6.18979E-1 5.81174E-1 4.15701E-1 4.09535E-1 4.74394E-1 4.92409E-1 4.35783E-1 3.51669E-1 4.44684E-1 4.05156E-1 5.04346E-1 5.21401E-1 4.75607E-1 4.51616E-1 4.50807E-1 4.92469E-1 4.73484E-1 4.40742E-1 4.01914E-1 3.75739E-1 4.17402E-1 4.04654E-1 4.37338E-1 3.27769E-1 3.89442E-1 3.65857E-1 3.38515E-1 3.28968E-1 3.22074E-1 3.22989E-1 2.50353E-1 1.63441E-1 2.31993E-1 1.47935E-1 2.46521E-1 1.77285E-1 1.34438E-1 1.64256E-1 1.20244E-1 1.93259E-1 2.71929E-1 2.45089E-1 1.43791E-1 2.24145E-1 2.65174E-1 2.15814E-1 2.59172E-1 1.97136E-1 2.07226E-1 1.98085E-1 1.81356E-1 2.18404E-1 1.31002E-1 1.78184E-1 1.553E-1
-9999 -9999 -9999 -9999 -9999 -9999 -9999 7.58474E-1 6.41335E-1 6.66251E-1 5.89261E-1 5.61905E-1 4.61547E-1 4.39806E-1 4.34092E-1 4.08804E-1 5.0348E-1 4.91289E-1 4.28395E-1 4.37419E-1 4.28816E-1 3.90465E-1 4.90286E-1 5.04581E-1 4.35207E-1 4.74766E-1 4.51405E-1 4.46108E-1 4.67284E-1 3.99083E-1 3.83552E-1 4.03158E-1 4.30751E-1 4.1295E-1 4.21566E-1 3.28045E-1 3.68711E-1 3.60373E-1 2.98461E-1 3.07783E-1 2.08725E-1 2.69187E-1 2.71779E-1 1.94569E-1 2.07483E-1 1.55958E-1 2.08568E-1 1.92876E-1 2.24203E-1 2.09677E-1 1.93805E-1 2.26337E-1 2.88848E-1 2.23146E-1 1.90628E-1 2.17871E-1 2.30359E-1 2.13717E-1 2.53169E-1 2.33269E-1 1.8798E-1 1.94964E-1 1.93736E-1 1.9149E-1 1.2787E-1 2.27536E-1 1.74386E-1
-9999 -9999 -9999 -9999 -9999 -9999 8.36344E-1 6.83775E-1 6.55299E-1 6.87723E-1 6.33216E-1 6.64791E-1 5.89069E-1 5.37144E-1 4.98867E-1 4.6069E-1 4.95384E-1 4.31243E-1 4.29698E-1 3.73703E-1 3.80807E-1 4.22248E-1 4.05764E-1 3.53202E-1 4.40059E-1 4.09242E-1 3.76307E-1 4.38355E-1 4.89728E-1 4.17812E-1 3.81444E-1 3.8717E-1 4.53719E-1 4.25283E-1 3.76021E-1 3.25247E-1 3.68833E-1 3.74846E-1 2.94352E-1 2.95426E-1 2.05696E-1 2.80444E-1 2.55867E-1 1.84917E-1 2.18805E-1 1.78523E-1 1.44354E-1 1.677E-1 1.35473E-1 1.45816E-1 1.17966E-1 1.89807E-1 1.49294E-1 2.26688E-1 1.2532E-1 2.47368E-1 2.6038E-1 3.23607E-1 3.19464E-1 2.52796E-1 2.14602E-1 2.24785E-1 1.83144E-1 1.77411E-1 2.12535E-1 2.29097E-1 1.58545E-1
-9999 -9999 -9999 -9999 -9999 -9999 8.62163E-1 7.33022E-1 5.6301E-1 6.26717E-1 6.97088E-1 6.22713E-1 5.06372E-1 5.44871E-1 5.01813E-1 4.59601E-1 4.25121E-1 5.20916E-1 4.6276E-1 4.43671E-1 4.57846E-1 4.28956E-1 3.68188E-1 3.6491E-1 3.97043E-1 4.73676E-1 4.43773E-1 4.50054E-1 4.75983E-1 4.15607E-1 4.21751E-1 3.96681E-1 4.05772E-1 4.03575E-1 3.56745E-1 4.10106E-1 3.80289E-1 3.20338E-1 2.88731E-1 3.33508E-1 2.41742E-1 2.44408E-1 2.12617E-1 1.92394E-1 1.89467E-1 2.62886E-1 1.40081E-1 1.41465E-1 1.48533E-1 1.55645E-1 1.33286E-1 1.12722E-1 1.79978E-1 1.85817E-1 1.13226E-1 1.45752E-1 2.74811E-1 2.79374E-1 3.00812E-1 2.4956E-1 1.88244E-1 3.00782E-1 2.11833E-1 1.77788E-1 2.01723E-1 2.23959E-1 1.5499E-1
-9999 -9999 -9999 -9999 -9999 -9999 8.22704E-1 8.15985E-1 6.52177E-1 5.90928E-1 6.01478E-1 6.03088E-1 4.57718E-1 4.84495E-1 4.63441E-1 4.8916E-1 4.86603E-1 4.25059E-1 4.32656E-1 4.7676E-1 4.23581E-1 4.22542E-1 3.72753E-1 3.78552E-1 4.40075E-1 4.86845E-1 4.22081E-1 4.06175E-1 4.30619E-1 4.58889E-1 4.20576E-1 3.99712E-1 3.54491E-1 4.46602E-1 3.30874E-1 2.9175E-1 2.74794E-1 2.86761E-1 2.41706E-1 3.16402E-1 2.33605E-1 2.51925E-1 1.74164E-1 1.66535E-1 1.61484E-1 2.66272E-1 2.10329E-1 1.65109E-1 1.61696E-1 1.45683E-1 1.67435E-1 1.24853E-1 1.70004E-1 1.34115E-1 1.41908E-1 1.10289E-1 2.26388E-1 2.02117E-1 1.89001E-1 2.40771E-1 2.80952E-1 2.77915E-1 2.06539E-1 1.54795E-1 1.76516E-1 1.92107E-1 1.55349E-1
-9999 -9999 -9999 -9999 -9999 -9999 -9999 -9999 7.99838E-1 5.60545E-1 6.06335E-1 5.18629E-1 4.25017E-1 4.30413E-1 4.14658E-1 3.78427E-1 4.95446E-1 4.94034E-1 4.89254E-1 5.06854E-1 4.04809E-1 4.03063E-1 3.24339E-1 3.39852E-1 4.76444E-1 4.39717E-1 4.35357E-1 4.16122E-1 3.83437E-1 4.64909E-1 4.45481E-1 3.82767E-1 4.1425E-1 3.37423E-1 3.58367E-1 3.40613E-1 2.99951E-1 2.81335E-1 2.80035E-1 3.43013E-1 2.25722E-1 2.07148E-1 1.66923E-1 2.14482E-1 2.04976E-1 1.62659E-1 1.45243E-1 1.31365E-1 1.18876E-1 1.34231E-1 1.645E-1 1.33478E-1 9.32476E-2 1.22172E-1 1.53644E-1 1.64544E-1 1.62903E-1 2.15701E-1 1.99963E-1 2.10369E-1 2.24775E-1 2.19125E-1 2.11853E-1 2.15714E-1 2.11839E-1 1.67164E-1 1.55975E-1
-9999 -9999 -9999 -9999 -9999 8.38431E-1 7.8636E-1 7.16865E-1 6.78143E-1 6.13924E-1 5.80822E-1 5.2079E-1 4.35123E-1 4.24711E-1 4.19398E-1 3.70913E-1 4.71621E-1 4.62293E-1 4.76411E-1 4.07653E-1 4.54612E-1 4.17412E-1 3.73374E-1 3.77917E-1 4.01644E-1 4.02135E-1 4.05084E-1 3.6439E-1 3.39686E-1 4.26167E-1 3.91628E-1 3.91498E-1 4.09925E-1 3.72397E-1 3.0362E-1 3.14036E-1 2.65268E-1 2.91887E-1 3.31877E-1 2.07819E-1 1.98214E-1 2.25002E-1 2.17751E-1 2.0971E-1 2.4648E-1 1.21282E-1 2.00378E-1 2.35331E-1 2.12648E-1 1.83086E-1 1.46919E-1 1.96237E-1 1.73645E-1 8.57207E-2 9.05469E-2 1.03616E-1 2.06431E-1 1.8864E-1 1.94715E-1 1.76548E-1 2.29688E-1 1.87735E-1 1.94562E-1 1.90472E-1 1.54865E-1 1.41779E-1 1.51513E-1
-9999 -9999 -9999 -9999 -9999 7.16671E-1 7.28309E-1 6.99734E-1 5.44807E-1 4.77567E-1 4.93637E-1 5.32073E-1 4.49592E-1 4.39813E-1 4.19121E-1 4.25682E-1 3.81837E-1 4.26656E-1 4.6409E-1 4.91143E-1 4.25336E-1 4.6415E-1 4.17188E-1 3.96318E-1 4.26763E-1 4.27166E-1 4.11584E-1 4.05267E-1 3.86651E-1 4.10338E-1 3.86615E-1 3.81494E-1 4.0357E-1 3.77336E-1 3.23306E-1 4.15197E-1 3.53507E-1 2.60884E-1 3.00573E-1 2.92167E-1 2.92146E-1 2.86806E-1 2.85508E-1 2.2642E-1 1.60965E-1 1.76894E-1 1.53341E-1 1.82629E-1 2.91013E-1 2.18316E-1 2.0323E-1 1.7388E-1 1.55635E-1 1.6386E-1 1.23178E-1 1.18386E-1 1.89153E-1 1.5522E-1 1.82409E-1 1.72555E-1 1.41597E-1 1.47078E-1 1.72535E-1 1.78443E-1 1.43669E-1 8.51278E-2 1.5177E-1
-9999 -9999 -9999 -9999 -9999 6.90336E-1 6.87067E-1 5.20924E-1 5.65174E-1 4.25066E-1 4.0431E-1 4.34865E-1 4.06387E-1 3.26979E-1 3.71723E-1 4.99495E-1 4.37655E-1 4.34051E-1 4.62934E-1 4.52919E-1 3.98003E-1 4.11943E-1 4.62685E-1 4.54255E-1 4.5882E-1 4.11425E-1 4.74288E-1 4.56834E-1 3.71621E-1 3.60939E-1 3.31717E-1 3.55088E-1 3.99235E-1 3.67507E-1 3.436E-1 3.63701E-1 3.37714E-1 2.12709E-1 2.67506E-1 2.39543E-1 2.25856E-1 1.52787E-1 1.30721E-1 2.01602E-1 1.91984E-1 1.92145E-1 1.90698E-1 2.31486E-1 2.63356E-1 2.0428E-1 1.62162E-1 1.68667E-1 1.79331E-1 1.64952E-1 1.21041E-1 1.40552E-1 1.53386E-1 1.4448E-1 2.09681E-1 1.77787E-1 1.54321E-1 1.35232E-1 1.60884E-1 9.35698E-2 9.04323E-2 9.07856E-2 1.00587E-1
-9999 -9999 -9999 -9999 -9999 5.67368E-1 5.24437E-1 5.4189E-1 4.53661E-1 3.46627E-1 4.02961E-1 4.28647E-1 3.2391E-1 3.10612E-1 3.57386E-1 4.63168E-1 4.76575E-1 4.68538E-1 3.88036E-1 4.48324E-1 3.71578E-1 4.16023E-1 4.72672E-1 4.214E-1 4.4336E-1 4.8537E-1 4.59673E-1 3.96122E-1 4.05702E-1 3.26886E-1 3.46561E-1 3.19166E-1 4.12517E-1 3.51845E-1 3.37093E-1 3.46776E-1 2.60507E-1 3.032E-1 3.0189E-1 2.00377E-1 2.09127E-1 1.87614E-1 1.21533E-1 2.19282E-1 1.59125E-1 1.23102E-1 1.35776E-1 2.2055E-1 2.24451E-1 1.91219E-1 1.6941E-1 1.67244E-1 1.94509E-1 1.40183E-1 1.0008E-1 9.29097E-2 9.69524E-2 1.1763E-1 1.76254E-1 1.65405E-1 1.7373E-1 1.47178E-1 1.78553E-1 1.04113E-1 9.52922E-2 9.80244E-2 1.26358E-1
-9999 -9999 -9999 -9999 -9999 7.30567E-1 6.00552E-1 4.76527E-1 3.72797E-1 2.77348E-1 3.06265E-1 3.07494E-1 3.44392E-1 3.29601E-1 3.46831E-1 3.73015E-1 5.23211E-1 5.10447E-1 4.92827E-1 4.44606E-1 3.79697E-1 4.0004E-1 3.99884E-1 3.61236E-1 4.51206E-1 4.27544E-1 4.66536E-1 3.80213E-1 4.37694E-1 3.79298E-1 3.54711E-1 3.12611E-1 3.4682E-1 3.52653E-1 3.37376E-1 2.97698E-1 3.04609E-1 2.87873E-1 2.11687E-1 1.8644E-1 2.078E-1 2.6143E-1 2.30951E-1 1.79525E-1 2.15245E-1 2.24482E-1 1.28982E-1 2.0351E-1 1.99602E-1 2.05088E-1 1.87665E-1 1.62294E-1 1.76253E-1 9.05248E-2 9.20433E-2 8.94237E-2 9.1873E-2 9.93376E-2 1.27796E-1 1.75861E-1 9.78268E-2 1.02702E-1 2.12847E-1 9.25578E-2 1.06179E-1 1.58169E-1 1.37956E-1
-9999 -9999 -9999 -9999 -9999 4.00385E-1 5.83127E-1 3.42104E-1 3.05247E-1 2.71045E-1 3.04121E-1 3.12671E-1 2.51501E-1 2.70059E-1 3.37409E-1 4.16819E-1 4.40585E-1 5.08419E-1 4.75318E-1 4.55951E-1 3.66191E-1 3.83734E-1 3.9061E-1 3.40896E-1 3.08176E-1 4.14885E-1 4.37383E-1 3.93005E-1 3.74405E-1 3.7363E-1 4.37839E-1 3.12449E-1 3.72478E-1 3.87274E-1 3.429E-1 3.00888E-1 2.76186E-1 2.5061E-1 2.86633E-1 2.71282E-1 1.61543E-1 2.74438E-1 3.13073E-1 1.78569E-1 1.77434E-1 2.07822E-1 1.23247E-1 2.05391E-1 1.70297E-1 1.71159E-1 1.63451E-1 1.56786E-1 1.41376E-1 1.29985E-1 8.74669E-2 1.12352E-1 7.80932E-2 8.24384E-2 1.53038E-1 1.35711E-1 1.74951E-1 1.58211E-1 1.81844E-1 1.59627E-1 1.50721E-1 1.66972E-1 1.12301E-1
-9999 -9999 -9999 -9999 -9999 4.66886E-1 3.63484E-1 3.59359E-1 2.97898E-1 3.13928E-1 3.22541E-1 3.35947E-1 2.63655E-1 3.05683E-1 3.77566E-1 3.86905E-1 4.09298E-1 4.01457E-1 4.4775E-1 4.28053E-1 3.50425E-1 4.20056E-1 3.89957E-1 3.80299E-1 3.61729E-1 3.72279E-1 3.71254E-1 4.17929E-1 4.14565E-1 3.79595E-1 3.59311E-1 4.10818E-1 3.80735E-1 3.80065E-1 3.45534E-1 3.01313E-1 2.66305E-1 2.57181E-1 2.54617E-1 2.38406E-1 1.80422E-1 2.54433E-1 3.55594E-1 2.45727E-1 2.92321E-1 2.08424E-1 1.14144E-1 1.80817E-1 1.02798E-1 1.24744E-1 1.43241E-1 1.2399E-1 1.34848E-1 1.3432E-1 1.31752E-1 1.54954E-1 1.31229E-1 1.5306E-1 1.3783E-1 1.44193E-1 8.65357E-2 9.66094E-2 1.28765E-1 1.30178E-1 1.33377E-1 9.07645E-2 1.34757E-1
-9999 -9999 -9999 -9999 -9999 4.08172E-1 3.15469E-1 2.89861E-1 3.52271E-1 2.70632E-1 2.94861E-1 2.92655E-1 3.30299E-1 3.20213E-1 3.26557E-1 3.64899E-1 4.5604E-1 4.91947E-1 4.36293E-1 3.25497E-1 3.65683E-1 3.82341E-1 3.25919E-1 3.83209E-1 3.37036E-1 3.50656E-1 3.77269E-1 4.03381E-1 4.57457E-1 3.93151E-1 4.29059E-1 3.99114E-1 3.6007E-1 2.64347E-1 3.03728E-1 2.97658E-1 3.3953E-1 2.93509E-1 2.51274E-1 2.69266E-1 2.92827E-1 2.29576E-1 2.12012E-1 1.98174E-1 2.7618E-1 2.13409E-1 1.2942E-1 1.82321E-1 1.96491E-1 1.84269E-1 1.63488E-1 1.44318E-1 1.72275E-1 1.81716E-1 1.78052E-1 1.76504E-1 8.28623E-2 1.41981E-1 1.66843E-1 1.55649E-1 1.67959E-1 1.48574E-1 2.07533E-1 1.81152E-1 1.69328E-1 9.70769E-2 1.03786E-1
-9999 -9999 -9999 -9999 -9999 2.62472E-1 3.23258E-1 2.88574E-1 3.17934E-1 3.5338E-1 4.29017E-1 3.64566E-1 3.69291E-1 3.48149E-1 3.50334E-1 3.61878E-1 3.22289E-1 3.57859E-1 3.84044E-1 3.52831E-1 3.97492E-1 3.4521E-1 3.59602E-1 3.47396E-1 3.73124E-1 3.5392E-1 3.96972E-1 4.08428E-1 3.93927E-1 4.17748E-1 3.42501E-1 2.91744E-1 2.88924E-1 3.2428E-1 2.76889E-1 2.76381E-1 3.0678E-1 2.50862E-1 2.63097E-1 2.57292E-1 2.16278E-1 2.34786E-1 1.87435E-1 1.9116E-1 2.20339E-1 2.69774E-1 1.42471E-1 1.60476E-1 1.78463E-1 1.56536E-1 1.57085E-1 1.39822E-1 1.57137E-1 1.66872E-1 1.30386E-1 1.36066E-1 1.45952E-1 7.21506E-2 1.33903E-1 1.56563E-1 8.1009E-2 1.25764E-1 8.5341E-2 1.26964E-1 1.60967E-1 9.48594E-2 7.02077E-2
-9999 -9999 -9999 -9999 -9999 2.30345E-1 2.12939E-1 2.67739E-1 3.03591E-1 3.48654E-1 4.05566E-1 3.94506E-1 4.11852E-1 3.37653E-1 4.04259E-1 3.48099E-1 3.58353E-1 3.77772E-1 3.82791E-1 3.95433E-1 3.88275E-1 4.0579E-1 3.95301E-1 4.23295E-1 3.71686E-1 3.83714E-1 3.77986E-1 4.17163E-1 3.92294E-1 3.86819E-1 3.00237E-1 3.35437E-1 3.54589E-1 3.29092E-1 3.20092E-1 2.91167E-1 3.07083E-1 3.39042E-1 2.51999E-1 2.73065E-1 2.89367E-1 1.87225E-1 2.11186E-1 1.87797E-1 1.71485E-1 1.33846E-1 1.36697E-1 1.80474E-1 1.72882E-1 1.65258E-1 1.48293E-1 1.88782E-1 1.82557E-1 1.61283E-1 1.49632E-1 1.28961E-1 1.50996E-1 1.04514E-1 5.97253E-2 6.77517E-2 9.63015E-2 1.38941E-1 9.18321E-2 1.40212E-1 5.75773E-2 7.60406E-2 8.16394E-2
-9999 -9999 -9999 -9999 -9999 2.04186E-1 1.8168E-1 2.61214E-1 3.1209E-1 3.27462E-1 3.74585E-1 3.98193E-1 4.08195E-1 3.75997E-1 3.85876E-1 3.50003E-1 3.62711E-1 3.79849E-1 4.21184E-1 3.75626E-1 3.67456E-1 4.41645E-1 4.37282E-1 4.55197E-1 3.97439E-1 3.30432E-1 3.73597E-1 4.45106E-1 3.65114E-1 3.3146E-1 3.68946E-1 3.66594E-1 3.30303E-1 3.25393E-1 3.50721E-1 2.89921E-1 2.77191E-1 2.71571E-1 3.43115E-1 2.63391E-1 2.73469E-1 2.1114E-1 2.19473E-1 1.55073E-1 1.49596E-1 1.79892E-1 1.93781E-1 1.11035E-1 1.74399E-1 1.53867E-1 1.55358E-1 1.77165E-1 1.63895E-1 1.90501E-1 1.10677E-1 1.07876E-1 1.17219E-1 7.05059E-2 5.95218E-2 1.24907E-1 1.14737E-1 1.42547E-1 7.86657E-2 1.2501E-1 1.0017E-1 1.24446E-1 9.97308E-2
-9999 -9999 -9999 -9999 -9999 1.89238E-1 1.93795E-1 2.41448E-1 2.70949E-1 3.1381E-1 3.38609E-1 3.5452E-1 3.42263E-1 3.15919E-1 3.19375E-1 3.95008E-1 4.05183E-1 3.5414E-1 3.76595E-1 4.1643E-1 3.59459E-1 3.65017E-1 4.3831E-1 4.1043E-1 3.76024E-1 3.47546E-1 4.01504E-1 4.02686E-1 4.27126E-1 3.43024E-1 3.35618E-1 3.51666E-1 3.27875E-1 3.91316E-1 3.59706E-1 2.92458E-1 3.48898E-1 2.86488E-1 3.41818E-1 2.50409E-1 2.33367E-1 1.66227E-1 1.37159E-1 1.61154E-1 1.38417E-1 1.93001E-1 1.85368E-1 1.02158E-1 1.76028E-1 1.75137E-1 7.5854E-2 1.57331E-1 1.29744E-1 1.40566E-1 1.2278E-1 1.18041E-1 6.11916E-2 6.04165E-2 5.77984E-2 8.83743E-2 1.0744E-1 1.10354E-1 1.33224E-1 1.37566E-1 9.75442E-2 7.14599E-2 7.24876E-2
-9999 -9999 -9999 -9999 -9999 1.9261E-1 1.83985E-1 2.68226E-1 2.82124E-1 2.9196E-1 3.47279E-1 4.10105E-1 3.15727E-1 2.92451E-1 3.34704E-1 4.13433E-1 4.22639E-1 4.69241E-1 4.21693E-1 4.05135E-1 4.37114E-1 3.66468E-1 4.16647E-1 3.79691E-1 3.98373E-1 3.62036E-1 3.72663E-1 3.74028E-1 3.55501E-1 3.48572E-1 3.32125E-1 3.20386E-1 3.39678E-1 3.84247E-1 3.64855E-1 3.22936E-1 2.81334E-1 3.24844E-1 2.54935E-1 2.75711E-1 2.80701E-1 2.57512E-1 1.68767E-1 1.74424E-1 1.4902E-1 1.7325E-1 2.14155E-1 1.22904E-1 1.47411E-1 1.35669E-1 9.05634E-2 1.46602E-1 1.32281E-1 6.70226E-2 9.69757E-2 1.09269E-1 1.04705E-1 5.38609E-2 7.90081E-2 9.74091E-2 1.28339E-1 1.47242E-1 1.33989E-1 8.89055E-2 1.29934E-1 1.13529E-1 1.2471E-1
-9999 -9999 -9999 -9999 -9999 -9999 -9999 2.02625E-1 3.44853E-1 2.72521E-1 2.71352E-1 2.36252E-1 3.07709E-1 3.0992E-1 3.02575E-1 3.87384E-1 3.48376E-1 3.50705E-1 3.85896E-1 3.88194E-1 4.49377E-1 3.82329E-1 3.62232E-1 3.55165E-1 3.48239E-1 3.92781E-1 4.50549E-1 3.87104E-1 3.31857E-1 3.12977E-1 3.54719E-1 3.24169E-1 4.31414E-1 3.92873E-1 3.52774E-1 3.78814E-1 3.82608E-1 3.48707E-1 2.79267E-1 2.45429E-1 1.89631E-1 2.69948E-1 1.76111E-1 2.73017E-1 2.31042E-1 1.39213E-1 2.18978E-1 1.81677E-1 1.5251E-1 2.02771E-1 1.78688E-1 1.7275E-1 6.9749E-2 1.04204E-1 9.7443E-2 1.29327E-1 9.7278E-2 5.9633E-2 5.43866E-2 9.21119E-2 1.24589E-1 1.99399E-1 1.60615E-1 1.16335E-1 1.23122E-1 1.90481E-1 1.56364E-1
-9999 -9999 -9999 -9999 -9999 -9999 -9999 -9999 -9999 3.74545E-1 2.68411E-1 2.72065E-1 3.19839E-1 2.87166E-1 3.42104E-1 4.1148E-1 4.29032E-1 4.75623E-1 3.92355E-1 4.23605E-1 4.44259E-1 4.10133E-1 3.7767E-1 3.56508E-1 3.61808E-1 3.74747E-1 3.66537E-1 4.29132E-1 3.68336E-1 4.05692E-1 3.67143E-1 3.77622E-1 4.01897E-1 3.77324E-1 3.91495E-1 2.99988E-1 2.89882E-1 3.45407E-1 3.00931E-1 2.34385E-1 2.21066E-1 2.96622E-1 1.64062E-1 1.57641E-1 2.98312E-1 2.51595E-1 2.09864E-1 1.99152E-1 1.88609E-1 1.25506E-1 1.75493E-1 1.86515E-1 8.85037E-2 6.31802E-2 4.97017E-2 5.03181E-2 5.77458E-2 8.30341E-2 5.11474E-2 1.21265E-1 1.10027E-1 1.60456E-1 1.76195E-1 1.14991E-1 1.83877E-1 1.68525E-1 1.88357E-1
