ENM/Final_Models/M_1_F_qp_Set_1_E/Gustavia_santanderiensis_5_Choco.asc
ncols         367
nrows         963
xllcorner     -78.6
yllcorner     0.65
cellsize      0.00833333333333323
NODATA_value  -9999
[rows 132 to 164 of 963, columns 74 to 147 of 367]
-9999 -9999 -9999 -9999 -9999 -9999 -9999 -9999 -9999 -9999 -9999 -9999 -9999 -9999 -9999 -9999 -9999 -9999 -9999 -9999 -9999 -9999 -9999 -9999 -9999 -9999 -9999 -9999 -9999 -9999 -9999 -9999 -9999 -9999 2.73708E-4 2.62153E-4 -9999 -9999 -9999 -9999 -9999 -9999 -9999 -9999 -9999 -9999 -9999 -9999 -9999 -9999 -9999 -9999 -9999 -9999 -9999 -9999 -9999 -9999 -9999 -9999 -9999 -9999 6.76708E-4 3.86608E-4 4.06899E-4 5.8713E-5 4.18161E-4 7.46718E-4 3.68642E-4 2.83604E-4 6.7275E-4 1.69118E-4 1.01873E-3 3.5127E-4
-9999 -9999 -9999 -9999 -9999 -9999 -9999 -9999 -9999 -9999 -9999 -9999 -9999 -9999 -9999 -9999 -9999 -9999 -9999 -9999 -9999 -9999 -9999 -9999 -9999 -9999 -9999 -9999 -9999 -9999 -9999 -9999 -9999 -9999 2.10108E-4 2.6297E-4 8.52375E-5 -9999 -9999 -9999 -9999 -9999 -9999 -9999 -9999 -9999 -9999 -9999 -9999 -9999 -9999 -9999 -9999 -9999 -9999 -9999 -9999 -9999 -9999 -9999 2.9843E-4 2.18876E-4 4.44522E-4 5.72567E-4 2.7008E-4 3.67714E-4 3.16145E-4 9.8372E-4 4.75436E-4 6.3116E-4 6.36438E-4 1.3606E-3 8.16348E-4 7.65849E-4
-9999 -9999 -9999 -9999 -9999 -9999 -9999 -9999 -9999 -9999 -9999 -9999 -9999 -9999 -9999 -9999 -9999 -9999 -9999 -9999 -9999 -9999 -9999 -9999 -9999 -9999 -9999 -9999 -9999 -9999 -9999 -9999 -9999 -9999 8.11482E-5 2.63162E-4 2.94379E-4 2.85205E-4 -9999 -9999 -9999 -9999 -9999 -9999 -9999 -9999 -9999 -9999 -9999 -9999 -9999 -9999 -9999 -9999 -9999 -9999 -9999 -9999 -9999 3.13615E-4 3.44516E-4 2.99091E-4 2.91023E-4 3.33835E-4 1.92681E-4 3.26561E-4 3.687E-4 6.08896E-4 4.80086E-4 5.15399E-4 1.07732E-3 7.20669E-4 2.9272E-4 4.76658E-4
-9999 -9999 -9999 -9999 -9999 -9999 -9999 -9999 -9999 -9999 -9999 -9999 -9999 -9999 -9999 -9999 -9999 -9999 -9999 -9999 -9999 -9999 -9999 -9999 -9999 -9999 -9999 -9999 -9999 -9999 -9999 -9999 -9999 -9999 4.24703E-4 1.79432E-4 6.87014E-4 9.25855E-5 1.27186E-4 1.6745E-4 1.72615E-4 5.54305E-4 2.0869E-4 -9999 -9999 -9999 -9999 -9999 -9999 -9999 -9999 -9999 -9999 -9999 -9999 -9999 -9999 -9999 -9999 8.89639E-4 3.60041E-4 3.30197E-4 1.71438E-4 4.43794E-4 1.63269E-4 9.3607E-5 2.2357E-4 7.70777E-4 8.67016E-4 7.39468E-4 1.56636E-3 1.45857E-4 6.75372E-5 1.52778E-4
-9999 -9999 -9999 -9999 -9999 -9999 -9999 -9999 -9999 -9999 -9999 -9999 -9999 -9999 -9999 -9999 -9999 -9999 -9999 -9999 -9999 -9999 -9999 -9999 -9999 -9999 -9999 -9999 -9999 -9999 -9999 -9999 -9999 -9999 -9999 2.23585E-4 2.34604E-4 4.41488E-5 4.43138E-5 3.00809E-4 3.95693E-4 4.46495E-4 1.71732E-4 1.65284E-4 -9999 -9999 -9999 -9999 -9999 -9999 -9999 -9999 -9999 -9999 -9999 -9999 -9999 -9999 8.28834E-4 3.6123E-4 2.71633E-4 1.76873E-4 2.93553E-4 5.01006E-4 2.85567E-4 5.71641E-5 3.16546E-4 4.37678E-4 2.53753E-4 3.62674E-4 3.83621E-4 4.67649E-5 8.55599E-5 3.87917E-4
-9999 -9999 -9999 -9999 -9999 -9999 -9999 -9999 -9999 -9999 -9999 -9999 -9999 -9999 -9999 -9999 -9999 -9999 -9999 -9999 -9999 -9999 -9999 -9999 -9999 -9999 -9999 -9999 -9999 -9999 -9999 -9999 -9999 -9999 -9999 1.36246E-4 1.9335E-4 1.08754E-4 2.07997E-4 2.67408E-4 4.10113E-4 2.52592E-4 6.7885E-4 2.07024E-4 -9999 -9999 -9999 -9999 -9999 -9999 -9999 -9999 -9999 -9999 -9999 -9999 -9999 1.24616E-3 5.74247E-4 3.79291E-4 2.80993E-4 2.33553E-4 3.94396E-4 3.32445E-4 8.89537E-4 3.22627E-4 2.77772E-4 2.50718E-4 3.48456E-4 6.50189E-4 3.54737E-4 1.35919E-4 1.1862E-4 2.5113E-4
-9999 -9999 -9999 -9999 -9999 -9999 -9999 -9999 -9999 -9999 -9999 -9999 -9999 -9999 -9999 -9999 -9999 -9999 -9999 -9999 -9999 -9999 -9999 -9999 -9999 -9999 -9999 -9999 -9999 -9999 -9999 -9999 -9999 -9999 7.39727E-5 1.34304E-5 1.62962E-4 2.93433E-5 1.70214E-4 2.32941E-4 3.73474E-4 2.7662E-4 3.17438E-4 4.21E-5 4.35389E-5 -9999 -9999 -9999 -9999 -9999 -9999 -9999 -9999 3.0062E-3 5.84765E-3 3.76697E-3 5.54233E-4 8.05468E-4 1.06992E-3 4.3013E-4 6.1425E-4 6.08845E-4 1.44783E-3 7.56402E-4 4.29601E-4 3.60508E-4 2.57889E-4 3.6051E-4 4.51467E-4 4.20939E-4 3.46566E-4 6.33621E-4 3.0415E-4 4.24244E-4
-9999 -9999 -9999 -9999 -9999 -9999 -9999 -9999 -9999 -9999 -9999 -9999 -9999 -9999 -9999 -9999 -9999 -9999 -9999 -9999 -9999 -9999 -9999 -9999 -9999 -9999 -9999 -9999 -9999 -9999 -9999 -9999 -9999 -9999 4.7859E-5 7.44008E-5 1.75385E-5 3.7218E-4 4.87678E-5 4.07667E-4 2.71163E-4 4.20784E-4 8.46848E-4 1.00387E-4 1.53803E-4 -9999 -9999 -9999 -9999 -9999 -9999 -9999 2.85229E-3 3.77444E-3 3.60325E-3 2.12351E-3 1.65233E-3 1.07294E-3 5.42636E-4 6.97436E-4 2.83838E-4 5.89249E-4 3.81308E-4 4.20462E-4 5.24267E-4 3.03258E-4 4.47871E-4 3.67159E-4 2.38657E-4 3.63615E-4 4.1143E-4 4.29918E-4 2.58488E-4 4.89792E-4
-9999 -9999 -9999 -9999 -9999 -9999 -9999 -9999 -9999 -9999 -9999 -9999 -9999 -9999 -9999 -9999 -9999 -9999 -9999 -9999 -9999 -9999 -9999 -9999 -9999 -9999 -9999 -9999 -9999 -9999 -9999 -9999 -9999 6.79732E-5 5.72863E-5 1.11074E-4 2.42971E-5 2.70436E-4 2.60846E-4 3.83609E-4 4.62628E-4 4.77388E-4 5.24496E-4 3.54357E-4 4.82445E-4 -9999 -9999 -9999 -9999 -9999 -9999 -9999 5.99781E-3 3.55967E-3 2.50068E-3 1.66948E-3 1.90944E-3 3.29746E-4 5.9242E-4 8.00183E-4 5.35943E-4 2.43861E-4 1.08158E-4 5.75432E-4 6.4702E-4 4.56954E-4 3.92897E-4 3.46811E-4 2.80328E-4 7.14415E-4 6.34109E-4 1.6408E-4 3.41545E-4 6.80429E-4
-9999 -9999 -9999 -9999 -9999 -9999 -9999 -9999 -9999 -9999 -9999 -9999 -9999 -9999 -9999 -9999 -9999 -9999 -9999 -9999 -9999 -9999 -9999 -9999 -9999 -9999 -9999 -9999 -9999 -9999 -9999 -9999 -9999 9.08157E-5 6.45182E-5 7.66011E-5 9.21196E-5 4.88321E-5 4.42194E-5 5.4217E-5 4.0481E-4 5.19339E-4 1.28052E-3 2.87592E-4 3.76208E-4 -9999 -9999 -9999 -9999 -9999 -9999 -9999 5.96052E-3 3.44508E-3 2.04052E-3 1.67775E-3 2.82585E-3 2.55151E-4 1.84865E-4 6.67443E-4 1.60375E-3 4.66568E-4 2.97592E-4 5.75049E-4 1.22284E-3 4.62236E-4 3.0236E-4 3.23757E-4 2.15001E-4 3.18629E-4 3.67143E-4 1.4704E-4 3.6472E-4 7.16586E-4
-9999 -9999 -9999 -9999 -9999 -9999 -9999 -9999 -9999 -9999 -9999 -9999 -9999 -9999 -9999 -9999 -9999 -9999 -9999 -9999 -9999 -9999 -9999 -9999 -9999 -9999 -9999 -9999 -9999 -9999 -9999 -9999 3.03385E-5 5.90749E-5 6.2559E-5 8.9072E-5 1.07991E-4 2.73455E-4 8.87036E-4 6.4105E-4 6.18786E-4 8.52139E-4 9.8478E-4 4.95857E-4 1.60892E-4 -9999 -9999 -9999 -9999 -9999 -9999 -9999 8.34657E-3 2.85035E-3 1.29049E-3 9.21325E-4 6.93725E-4 1.95569E-4 8.05142E-4 2.94724E-4 1.19871E-4 4.02729E-4 1.2455E-4 5.69777E-4 4.99982E-4 3.84962E-4 3.65534E-4 3.42456E-4 2.21907E-4 2.50973E-4 3.12017E-4 3.32247E-4 2.72075E-4 9.02277E-5
-9999 -9999 -9999 -9999 -9999 -9999 -9999 -9999 -9999 -9999 -9999 -9999 -9999 -9999 -9999 -9999 -9999 -9999 -9999 -9999 -9999 -9999 -9999 -9999 -9999 -9999 -9999 -9999 -9999 -9999 -9999 5.24046E-5 2.96429E-5 6.20347E-5 2.038E-5 7.91498E-5 1.37439E-4 1.38785E-4 6.65681E-4 1.42239E-3 5.94498E-4 1.3959E-3 7.06121E-4 4.99411E-4 4.44845E-4 -9999 -9999 -9999 -9999 -9999 -9999 -9999 -9999 8.62964E-3 2.69959E-3 1.39557E-3 1.7677E-3 5.36345E-4 1.09644E-4 4.61819E-4 3.1597E-4 1.08926E-4 3.19804E-4 7.16267E-4 2.25055E-4 2.07784E-4 8.65658E-5 1.00448E-4 1.41292E-4 2.07443E-4 1.81487E-4 2.66318E-4 2.28527E-4 3.41739E-4
-9999 -9999 -9999 -9999 -9999 -9999 -9999 -9999 -9999 -9999 -9999 -9999 -9999 -9999 -9999 -9999 -9999 -9999 -9999 -9999 -9999 -9999 -9999 -9999 -9999 -9999 8.7886E-7 3.43003E-5 9.3115E-5 2.10648E-5 2.10411E-5 6.14374E-5 4.06625E-5 3.19073E-5 3.84786E-5 3.79668E-5 2.98581E-4 3.76931E-4 8.79481E-4 7.61284E-4 1.30597E-3 2.62317E-3 3.23999E-4 1.29273E-3 5.50924E-4 -9999 -9999 -9999 -9999 -9999 -9999 -9999 -9999 1.57937E-2 5.75089E-3 2.24189E-3 1.09956E-3 1.01602E-3 5.40478E-4 6.20863E-4 7.12127E-4 1.82104E-4 6.02566E-4 2.90518E-4 3.15267E-4 2.39417E-4 9.68543E-5 1.50438E-4 1.58267E-4 5.61509E-4 5.07808E-4 5.85444E-4 2.40787E-4 8.79835E-4
-9999 -9999 -9999 -9999 -9999 -9999 -9999 -9999 -9999 -9999 -9999 -9999 -9999 -9999 -9999 -9999 -9999 -9999 -9999 -9999 -9999 -9999 -9999 -9999 -9999 1.59287E-6 1.2831E-6 1.36298E-6 2.77133E-5 3.87009E-5 1.15567E-5 1.18735E-4 7.9135E-5 6.03254E-5 5.62704E-5 3.50272E-5 7.73905E-5 9.51528E-5 1.64878E-4 3.8231E-4 3.85875E-4 1.34925E-3 9.96834E-4 1.16326E-3 1.00211E-3 -9999 -9999 -9999 -9999 -9999 -9999 -9999 -9999 1.05365E-2 3.31836E-3 5.31319E-4 5.37869E-4 2.04772E-4 2.55677E-4 2.67996E-4 3.30399E-4 4.27353E-4 5.37356E-4 1.65149E-4 1.23668E-4 8.88426E-5 1.62761E-4 1.66179E-4 4.19315E-4 2.3192E-4 5.51775E-4 5.14901E-4 1.64406E-4 7.07032E-4
-9999 -9999 -9999 -9999 -9999 -9999 -9999 -9999 -9999 -9999 -9999 -9999 -9999 -9999 -9999 -9999 -9999 -9999 -9999 -9999 -9999 -9999 -9999 -9999 -9999 8.17579E-6 1.70351E-5 1.30362E-6 9.94885E-7 4.2587E-5 6.6731E-5 2.1229E-4 9.51496E-5 6.85273E-5 7.88334E-5 1.13892E-4 2.64671E-4 3.04038E-4 1.51855E-4 2.81748E-4 3.51482E-4 2.08947E-3 1.5444E-3 1.69404E-3 8.7797E-4 -9999 -9999 -9999 -9999 -9999 -9999 -9999 -9999 2.98587E-3 6.2244E-4 5.16498E-4 1.63988E-3 1.18065E-3 3.11326E-4 3.54404E-4 4.54159E-4 2.6093E-4 1.86643E-4 1.88589E-4 7.55286E-5 7.35747E-5 1.27894E-4 1.38432E-4 3.78342E-4 5.65283E-4 5.31369E-4 3.71993E-4 2.75583E-4 7.64694E-4
-9999 -9999 -9999 -9999 -9999 -9999 -9999 -9999 -9999 -9999 -9999 -9999 -9999 -9999 -9999 -9999 -9999 -9999 -9999 -9999 -9999 -9999 -9999 -9999 -9999 6.56277E-6 1.50165E-4 7.80766E-5 2.16679E-6 5.5518E-5 9.20504E-5 2.6263E-4 2.15731E-4 9.91845E-5 8.72397E-5 1.91415E-4 4.86942E-4 7.45067E-4 5.0597E-4 4.73463E-4 5.7528E-4 1.35857E-3 1.41796E-3 1.38931E-3 7.66589E-4 4.2599E-3 -9999 -9999 -9999 -9999 -9999 -9999 8.23114E-3 2.8492E-3 2.6655E-4 1.19063E-4 3.78432E-4 5.16303E-4 1.68034E-4 1.84766E-4 1.83266E-4 2.40509E-4 1.45277E-4 1.64584E-4 9.88786E-5 9.55002E-5 1.17375E-4 1.90029E-4 3.9336E-4 2.77496E-4 3.30699E-4 1.93159E-4 3.72607E-4 7.0766E-4
-9999 -9999 -9999 -9999 -9999 -9999 -9999 -9999 -9999 -9999 -9999 -9999 -9999 -9999 -9999 -9999 -9999 -9999 -9999 -9999 -9999 -9999 -9999 -9999 -9999 5.17569E-5 6.19256E-5 5.17857E-5 3.04438E-5 1.54086E-4 2.39481E-4 1.62491E-4 8.06112E-5 8.88149E-5 1.39908E-4 1.38083E-4 5.73545E-4 7.08865E-4 3.97414E-4 3.12682E-4 2.97777E-4 7.01491E-4 1.32126E-3 1.2466E-3 4.74064E-3 7.30961E-3 4.66184E-3 3.59994E-3 -9999 9.98988E-3 1.8851E-2 1.18368E-2 8.26551E-3 2.41831E-3 5.72577E-4 1.53142E-4 4.61721E-4 6.67549E-4 1.32007E-4 1.42965E-4 4.00403E-4 2.65334E-4 1.38188E-4 1.86176E-4 1.48651E-4 1.42139E-4 2.15355E-4 4.01571E-4 1.84488E-4 3.90246E-4 6.0236E-4 4.28873E-4 3.59705E-4 4.78151E-4
-9999 -9999 -9999 -9999 -9999 -9999 -9999 -9999 -9999 -9999 -9999 -9999 -9999 -9999 -9999 -9999 -9999 -9999 -9999 -9999 -9999 -9999 -9999 -9999 -9999 1.9226E-5 4.54913E-5 9.04054E-5 7.77043E-5 7.51706E-5 1.74122E-4 3.42687E-4 1.55874E-4 1.27377E-4 1.21598E-4 1.89212E-4 2.36879E-4 2.67482E-4 3.18633E-4 8.34098E-4 9.20118E-4 1.1256E-3 9.81491E-4 1.84122E-3 7.62614E-3 5.04192E-3 5.37122E-3 5.64853E-3 8.59726E-3 1.16113E-2 1.8743E-2 1.10692E-2 1.83129E-2 1.4519E-3 6.06056E-4 5.27239E-4 3.79676E-4 6.59447E-4 2.67183E-4 1.86713E-4 3.05418E-4 4.76582E-4 5.23191E-4 2.00126E-4 2.09007E-4 4.84727E-4 2.3259E-4 3.88069E-4 7.82984E-5 1.47351E-4 3.37724E-4 4.51901E-4 1.83144E-4 4.15865E-4
-9999 -9999 -9999 -9999 -9999 -9999 -9999 -9999 -9999 -9999 -9999 -9999 -9999 -9999 -9999 -9999 -9999 -9999 -9999 -9999 -9999 -9999 -9999 -9999 -9999 -9999 3.76094E-5 1.71304E-5 3.2033E-5 4.41303E-5 1.24847E-4 1.1543E-4 1.33742E-4 -9999 1.39582E-4 1.24193E-4 3.44431E-4 9.54085E-4 3.64533E-4 4.89637E-4 1.64442E-3 1.30447E-3 1.43776E-3 3.11127E-3 9.85277E-3 5.66802E-3 9.80334E-3 1.53113E-2 3.05186E-2 1.81006E-2 1.98322E-3 2.00261E-3 4.26143E-3 3.31868E-3 1.45914E-3 6.86693E-4 5.07713E-4 6.55451E-4 7.33643E-4 2.83894E-4 3.20072E-4 6.5638E-4 4.12684E-4 4.47921E-4 1.45133E-4 4.08108E-4 3.30455E-4 3.49637E-4 2.68754E-4 1.78478E-4 3.82618E-4 3.14888E-4 3.82135E-4 2.83847E-4
-9999 -9999 -9999 -9999 -9999 -9999 -9999 -9999 -9999 -9999 -9999 -9999 -9999 -9999 -9999 -9999 -9999 -9999 -9999 -9999 -9999 -9999 -9999 -9999 -9999 3.49398E-5 5.82504E-5 1.10087E-4 3.80085E-5 6.63889E-5 1.78375E-4 1.44471E-4 7.08564E-5 -9999 -9999 9.29922E-5 4.41374E-4 4.61601E-4 6.49779E-4 9.15293E-4 9.79622E-4 1.39953E-3 3.44162E-3 3.70659E-2 7.12082E-3 1.1955E-2 1.67296E-2 2.66908E-2 1.41923E-2 3.44059E-3 1.41662E-3 2.62163E-4 1.23898E-3 1.1721E-3 6.76989E-4 2.5899E-4 1.9217E-4 2.84489E-4 6.64496E-4 8.98312E-4 9.51012E-4 1.17425E-3 6.68935E-4 2.52705E-4 2.83121E-4 2.46094E-4 3.58345E-4 4.95208E-4 6.43065E-4 3.78579E-4 4.33556E-4 2.31253E-4 1.97173E-4 1.14879E-4
-9999 -9999 -9999 -9999 -9999 -9999 -9999 -9999 -9999 -9999 -9999 -9999 -9999 -9999 -9999 -9999 -9999 -9999 -9999 -9999 -9999 -9999 -9999 -9999 -9999 2.11656E-5 5.63099E-5 1.29983E-4 9.44761E-5 8.28455E-5 1.45673E-4 1.0905E-4 7.64938E-5 -9999 -9999 1.70565E-4 8.49173E-4 8.98767E-4 8.24851E-4 1.26566E-3 1.51313E-3 2.35156E-3 2.83129E-2 2.46688E-2 1.06582E-2 5.88614E-3 7.94682E-3 1.03648E-2 4.86899E-3 1.17641E-3 1.0369E-3 1.27261E-3 4.24193E-4 3.63544E-4 2.99717E-4 7.60137E-4 2.85715E-4 3.70328E-4 1.0367E-3 4.54754E-4 5.54152E-4 3.86842E-4 1.70939E-3 1.81749E-4 2.43071E-4 2.85619E-4 3.0826E-4 1.53961E-4 5.16273E-4 4.14586E-4 1.77368E-4 2.09737E-4 2.29554E-4 2.95202E-4
-9999 -9999 -9999 -9999 -9999 -9999 -9999 -9999 -9999 -9999 -9999 -9999 -9999 -9999 -9999 -9999 -9999 -9999 -9999 -9999 -9999 6.36671E-5 -9999 4.03829E-5 4.05828E-5 8.06035E-6 2.27492E-5 1.01056E-4 6.0225E-5 9.12852E-5 1.41328E-4 1.45133E-4 1.59381E-4 -9999 -9999 -9999 3.97434E-4 5.88331E-4 1.83986E-3 2.04878E-3 1.53826E-3 1.88076E-3 3.26151E-2 3.30342E-2 1.56409E-2 3.91396E-3 5.4249E-3 8.69509E-3 1.14951E-3 1.25616E-3 1.85581E-4 3.08152E-4 1.2371E-4 8.5733E-5 6.76468E-5 2.33508E-4 1.69658E-4 3.01744E-4 8.52427E-4 6.25548E-4 6.49272E-4 1.10992E-4 2.10324E-4 4.40235E-4 1.24939E-4 1.94063E-4 1.86092E-4 2.43441E-4 2.70779E-4 3.15805E-4 2.25322E-4 2.94891E-4 4.33379E-4 7.19078E-4
-9999 -9999 -9999 -9999 -9999 -9999 -9999 -9999 -9999 -9999 -9999 -9999 -9999 -9999 -9999 -9999 -9999 -9999 -9999 -9999 1.32989E-4 5.05354E-5 5.59609E-5 6.2352E-5 3.76907E-5 1.52259E-5 2.5991E-5 4.15811E-5 3.96064E-5 1.63928E-4 1.90652E-4 3.54572E-4 2.90605E-4 -9999 -9999 -9999 5.19465E-4 1.7371E-3 1.2196E-3 1.91299E-3 1.33228E-3 2.51632E-3 3.57652E-2 5.9129E-2 3.63998E-2 7.98713E-3 1.26668E-2 8.95857E-3 1.26668E-3 5.80636E-4 7.61498E-4 6.19695E-4 3.16039E-4 2.59651E-4 4.32764E-4 4.55361E-4 3.8204E-4 4.1349E-4 7.50369E-4 9.11441E-4 5.15654E-4 6.13276E-4 5.00053E-4 1.49519E-4 2.74239E-4 2.596E-4 4.01113E-4 4.41265E-4 8.37748E-4 3.76213E-4 2.86666E-4 5.22135E-4 4.84789E-4 4.84805E-4
-9999 -9999 -9999 -9999 -9999 -9999 -9999 -9999 -9999 -9999 -9999 -9999 -9999 -9999 -9999 -9999 -9999 -9999 -9999 -9999 9.35352E-5 4.35186E-5 3.92408E-5 4.53978E-5 6.96304E-5 5.37082E-5 7.05058E-5 3.88494E-5 4.31998E-5 5.27413E-5 1.41688E-4 4.08153E-5 5.40663E-5 -9999 -9999 -9999 6.51678E-4 2.18061E-3 2.37965E-3 1.19708E-3 1.2199E-3 2.08164E-3 2.10573E-2 2.8107E-2 3.92474E-2 1.30524E-2 2.95005E-3 3.70979E-3 3.90136E-4 9.89709E-4 9.00056E-4 4.72256E-4 2.95376E-5 9.26465E-5 1.12253E-4 1.60202E-4 3.02645E-4 1.27196E-4 3.70687E-5 4.44068E-5 3.55759E-5 4.20989E-5 2.34031E-4 5.81843E-4 5.40803E-4 4.73384E-4 7.1499E-4 8.07441E-4 4.93029E-4 4.8387E-4 4.1271E-4 3.65407E-4 7.80584E-5 1.56662E-4
-9999 -9999 -9999 -9999 -9999 -9999 -9999 -9999 -9999 -9999 -9999 -9999 -9999 -9999 -9999 -9999 -9999 -9999 -9999 -9999 7.98635E-5 4.57148E-5 1.69426E-5 1.87679E-5 3.21391E-5 3.4876E-5 4.62193E-5 4.25274E-5 4.46284E-5 4.33924E-5 9.54141E-5 5.3817E-5 1.26725E-4 -9999 -9999 -9999 7.04182E-4 9.25482E-4 6.21231E-4 6.28212E-4 2.27934E-3 8.98984E-3 1.24166E-2 1.457E-2 1.07112E-2 5.55471E-3 2.39853E-3 5.00847E-4 2.08684E-4 3.13375E-4 3.07719E-4 3.7274E-5 1.01984E-4 2.94673E-5 2.39914E-5 2.85057E-4 1.98151E-4 2.1897E-4 1.51051E-4 2.20721E-4 2.82944E-4 2.17454E-4 1.75359E-4 4.26521E-5 4.44743E-4 1.35972E-4 4.70393E-4 4.2017E-4 3.38518E-4 2.63887E-4 3.86812E-4 1.86239E-4 1.30328E-4 7.0735E-4
-9999 -9999 -9999 -9999 -9999 -9999 -9999 -9999 -9999 -9999 -9999 -9999 -9999 -9999 -9999 -9999 -9999 -9999 -9999 2.30658E-4 2.03749E-4 5.67938E-5 2.16881E-5 4.51704E-5 1.47377E-4 1.16664E-4 9.09309E-5 5.19397E-5 1.01263E-4 8.35859E-5 6.7141E-5 3.81249E-5 7.32578E-5 1.0639E-4 -9999 -9999 -9999 6.87558E-4 7.63265E-4 1.24591E-3 1.06778E-3 1.40486E-3 5.59283E-3 1.51837E-2 1.63502E-2 9.97029E-3 3.27592E-3 4.02183E-4 2.64302E-4 1.37672E-4 3.70144E-5 1.87676E-5 1.65342E-4 1.92597E-4 1.86593E-4 1.41775E-4 2.52328E-4 1.5496E-4 5.42365E-4 4.54058E-4 2.40951E-4 2.00444E-4 1.35748E-4 3.75535E-5 2.98487E-4 2.01327E-4 1.88329E-4 1.00855E-4 8.06984E-4 1.71761E-4 2.99562E-4 2.93251E-4 8.48108E-4 1.17872E-3
-9999 -9999 -9999 -9999 -9999 -9999 -9999 -9999 -9999 -9999 -9999 -9999 -9999 -9999 -9999 -9999 -9999 -9999 -9999 5.62188E-5 4.32694E-5 9.91156E-5 3.50046E-5 5.17362E-5 5.46028E-5 6.57038E-5 3.94154E-5 1.36269E-4 1.20856E-4 1.16565E-4 1.6967E-4 7.31534E-5 1.12582E-4 4.05303E-4 -9999 -9999 -9999 3.55316E-4 4.28727E-4 1.19696E-3 9.14811E-4 2.41174E-3 3.19476E-3 9.25287E-3 2.21211E-2 7.22242E-3 2.71741E-3 5.668E-4 3.31468E-4 1.82494E-4 3.04686E-4 9.59722E-5 1.22383E-4 3.45194E-4 3.21094E-4 1.44629E-4 3.49684E-4 3.58724E-4 3.36396E-4 6.68775E-4 2.16926E-4 2.38323E-4 3.89619E-4 4.06319E-5 2.20723E-4 8.86214E-5 1.52889E-4 1.44299E-4 4.46027E-4 4.87274E-4 6.3064E-4 2.45507E-3 3.25449E-3 1.65675E-3
-9999 -9999 -9999 -9999 -9999 -9999 -9999 -9999 -9999 -9999 -9999 -9999 -9999 -9999 -9999 -9999 -9999 -9999 4.06302E-4 9.408E-5 2.54068E-5 6.00175E-4 8.58739E-5 9.39992E-5 1.14047E-4 1.96048E-4 8.46412E-5 1.47857E-4 1.49277E-4 2.61898E-4 1.31286E-4 1.55962E-4 2.28361E-4 2.11605E-4 -9999 -9999 -9999 4.97337E-4 7.90674E-4 5.69007E-4 9.80688E-4 2.21074E-3 3.18293E-3 6.05739E-3 1.54166E-2 6.84587E-3 3.01305E-3 2.50665E-4 2.01868E-4 2.41406E-4 3.16827E-4 1.58078E-4 4.0065E-4 3.45667E-4 4.43062E-4 7.84609E-4 3.38598E-4 7.66304E-4 2.83677E-4 3.52255E-4 2.97203E-4 1.93381E-4 2.04216E-4 9.78886E-4 2.11789E-4 6.02121E-5 1.31185E-4 3.70301E-4 2.12209E-4 1.34669E-3 1.33266E-3 1.15678E-3 2.60338E-3 2.19694E-3
-9999 -9999 -9999 -9999 -9999 -9999 -9999 -9999 -9999 -9999 -9999 -9999 -9999 -9999 -9999 -9999 -9999 -9999 4.02227E-4 2.12726E-4 6.84338E-5 1.096E-4 3.62696E-5 1.97684E-5 8.41465E-5 7.09047E-5 5.00377E-5 1.95796E-4 1.53108E-4 4.07925E-4 1.29476E-4 2.98088E-4 2.59464E-4 4.97659E-4 3.25917E-4 -9999 -9999 2.49695E-4 8.37894E-4 8.76047E-4 7.889E-4 1.36715E-3 2.12233E-3 3.46143E-3 7.75993E-3 5.1907E-3 3.7058E-3 6.03549E-4 3.00598E-4 5.20965E-4 4.07716E-4 3.09558E-4 3.70995E-4 3.95216E-4 4.68767E-4 6.02418E-4 4.51471E-4 5.65642E-4 1.67564E-4 1.8752E-4 3.90264E-4 2.24652E-4 2.70568E-4 5.9568E-4 5.00086E-4 2.53312E-4 9.76644E-5 1.70073E-4 2.59988E-4 7.7588E-4 2.2339E-3 8.2544E-4 1.69052E-3 1.57906E-3
-9999 -9999 -9999 -9999 -9999 -9999 -9999 -9999 -9999 -9999 -9999 -9999 -9999 -9999 -9999 -9999 -9999 5.6745E-4 2.87263E-4 3.33913E-4 1.42998E-4 4.30592E-5 6.61125E-5 4.54387E-5 5.5627E-5 3.0561E-5 2.1602E-5 5.30731E-5 1.07236E-4 7.18778E-5 6.42829E-5 2.14646E-4 2.7751E-4 2.73813E-4 1.62314E-4 2.21983E-4 8.48332E-5 3.62997E-4 2.70365E-4 5.82661E-4 1.04664E-3 1.43214E-3 2.13632E-3 3.64994E-3 1.34449E-3 1.68876E-3 1.12467E-3 2.82026E-4 3.1491E-4 5.11503E-4 2.47451E-4 3.44013E-4 4.06095E-4 3.47041E-4 4.14003E-4 3.74123E-4 3.79999E-4 3.26121E-4 6.90234E-4 1.40085E-4 3.43517E-4 3.17899E-4 3.64164E-4 1.45522E-4 3.53097E-4 2.73268E-4 8.69091E-5 3.46632E-4 1.32336E-3 1.07829E-3 1.87947E-3 1.03928E-3 1.9499E-3 2.31342E-3
-9999 -9999 -9999 -9999 -9999 -9999 -9999 -9999 -9999 -9999 -9999 -9999 -9999 -9999 -9999 -9999 -9999 2.84804E-4 2.355E-4 2.16584E-4 1.25666E-4 8.12711E-5 6.98887E-5 6.90644E-5 5.49773E-5 2.44966E-5 7.13741E-5 1.48231E-4 2.15931E-4 1.02122E-4 8.77948E-5 2.60173E-4 2.65513E-4 3.49969E-4 2.74985E-4 2.62974E-4 1.0992E-4 1.67383E-4 6.90038E-4 4.71152E-4 7.67957E-4 2.69565E-4 3.62527E-4 6.84842E-4 1.2054E-3 5.9381E-4 4.26301E-4 2.51141E-4 1.2839E-4 2.04341E-4 1.28035E-3 5.60518E-4 7.85115E-4 6.14029E-4 5.90819E-4 3.76586E-4 3.61587E-4 5.74612E-4 4.16514E-4 5.62963E-4 6.66428E-4 2.02788E-4 5.71034E-4 1.0041E-4 4.55189E-5 9.9614E-5 4.10533E-4 1.85601E-4 4.38235E-4 7.03022E-4 1.08515E-3 1.42636E-3 1.32688E-3 1.6991E-3
-9999 -9999 -9999 -9999 -9999 -9999 -9999 -9999 -9999 -9999 -9999 -9999 -9999 -9999 -9999 -9999 -9999 1.06358E-4 1.65088E-4 4.76428E-4 1.76645E-4 1.53902E-4 7.38461E-5 5.56394E-5 1.06512E-4 2.9154E-5 1.00827E-4 9.64544E-5 1.02683E-4 2.1635E-4 2.13868E-4 1.93091E-4 3.34241E-4 4.48696E-4 3.57403E-4 4.00033E-4 1.85054E-4 6.58042E-5 6.85575E-5 4.95139E-4 2.0065E-4 1.96348E-4 3.6807E-4 3.39117E-4 6.0293E-4 7.322E-4 9.98837E-4 4.71579E-4 2.07854E-4 3.59692E-4 4.62702E-4 4.76562E-4 1.04924E-3 3.96707E-4 2.49174E-4 3.88552E-4 1.21904E-3 3.61129E-4 3.61191E-4 4.31853E-4 3.06189E-4 5.55283E-4 5.07621E-4 1.19028E-4 2.39433E-4 1.58825E-4 4.1288E-4 6.41413E-4 7.62922E-4 5.34299E-4 9.96162E-4 8.60962E-4 1.37579E-3 1.13092E-3
-9999 -9999 -9999 -9999 -9999 -9999 -9999 -9999 -9999 -9999 -9999 -9999 -9999 -9999 -9999 -9999 7.90973E-5 8.29322E-5 3.45701E-4 2.46659E-4 1.67935E-4 1.3229E-4 7.47645E-5 2.37991E-4 2.55886E-4 1.7692E-4 2.7372E-4 3.11936E-4 2.19196E-4 1.33892E-4 1.06925E-4 7.07082E-4 1.17655E-3 6.95218E-4 8.08258E-4 5.48851E-4 5.68057E-4 2.79358E-4 2.58982E-4 5.05029E-4 5.30625E-4 3.89884E-4 3.49185E-4 3.5491E-4 4.49029E-4 4.57073E-4 5.40054E-4 5.93547E-4 3.59987E-4 3.28574E-4 2.51289E-4 3.02816E-4 7.32689E-4 5.47382E-4 4.09085E-4 6.20304E-4 1.66297E-3 7.7961E-4 2.74382E-4 1.96716E-4 3.23601E-4 2.71494E-4 3.0668E-4 1.94411E-4 2.22343E-4 4.89095E-4 6.98582E-4 2.94888E-4 5.35642E-4 5.30527E-4 9.00442E-4 8.69338E-4 2.35679E-3 2.52194E-3
