ENM/Final_Models/M_1_F_qp_Set_1_E/Gustavia_santanderiensis_0_Choco.asc
ncols         367
nrows         963
xllcorner     -78.6
yllcorner     0.65
cellsize      0.00833333333333323
NODATA_value  -9999
[rows 782 to 815 of 963, columns 150 to 224 of 367]
9.02244E-5 5.04492E-5 5.47042E-5 8.94352E-5 1.914E-4 4.24533E-4 6.89767E-4 3.63844E-4 1.40901E-4 4.69943E-4 6.64126E-4 3.37639E-4 1.39894E-4 6.29236E-5 1.09736E-4 1.03828E-4 8.69025E-5 1.03278E-4 6.93634E-5 5.81042E-5 9.24327E-5 2.65104E-4 2.04015E-4 1.47021E-4 5.27682E-4 2.66759E-3 5.63854E-3 6.22997E-3 2.04083E-2 3.27253E-2 -9999 -9999 -9999 -9999 -9999 -9999 -9999 -9999 -9999 -9999 -9999 -9999 -9999 -9999 -9999 -9999 -9999 3.69579E-2 2.64556E-2 2.20144E-2 3.32038E-2 2.31581E-2 2.73091E-2 4.56093E-2 3.53011E-2 2.58075E-2 2.11436E-2 1.72038E-2 1.52249E-2 1.86757E-2 1.42231E-2 1.21734E-2 1.20877E-2 1.21772E-2 1.0439E-2 9.78022E-3 4.62369E-3 5.32471E-3 4.40366E-3 3.79948E-3 2.07435E-3 1.71707E-3 7.90404E-4 3.33925E-4 2.63323E-4
4.37962E-5 8.14496E-5 5.79044E-5 1.05702E-4 2.13816E-4 3.884E-4 2.81317E-4 1.49251E-4 1.81877E-4 1.88014E-4 1.44219E-4 2.40512E-4 1.51521E-4 4.99548E-5 8.28693E-5 5.15657E-5 4.78446E-5 5.81106E-5 5.2614E-5 1.08393E-4 2.00665E-4 4.4864E-4 4.66875E-4 6.49353E-4 1.29926E-3 4.76996E-3 1.18351E-2 2.00401E-2 -9999 -9999 9.73271E-3 -9999 -9999 -9999 -9999 -9999 -9999 -9999 -9999 -9999 -9999 -9999 -9999 -9999 -9999 -9999 4.78972E-2 3.74353E-2 3.39244E-2 1.86157E-2 4.05692E-2 4.46247E-2 4.99976E-2 4.51591E-2 3.22966E-2 1.41614E-2 1.01798E-2 9.2727E-3 1.23945E-2 2.04432E-2 7.10291E-3 4.45409E-3 1.03252E-2 1.12756E-2 8.83397E-3 5.87305E-3 5.29473E-3 6.96472E-3 2.90066E-3 1.38742E-3 1.23435E-3 1.33179E-3 1.0587E-3 4.01119E-4 1.90532E-4
1.38164E-4 8.62347E-5 9.91269E-5 1.22047E-4 2.77576E-4 2.10952E-4 9.931E-5 5.56776E-5 3.67649E-5 6.29424E-5 6.42E-5 1.59542E-4 8.76977E-5 5.11709E-5 1.0005E-4 8.70079E-5 3.64879E-5 5.17366E-5 1.18566E-4 2.40078E-4 3.64747E-4 1.55375E-3 8.26202E-4 2.34519E-3 4.6081E-3 1.00239E-2 1.90784E-2 -9999 -9999 -9999 2.31909E-2 -9999 -9999 -9999 -9999 -9999 -9999 -9999 -9999 -9999 -9999 -9999 -9999 -9999 -9999 2.63461E-2 2.66444E-2 1.95806E-2 2.48328E-2 2.0516E-2 4.43722E-2 5.11022E-2 4.09576E-2 2.39099E-2 1.00604E-2 3.28011E-3 1.36801E-2 8.27746E-3 8.10597E-3 7.39083E-3 1.44296E-2 4.54765E-3 3.5669E-3 2.00704E-3 3.30948E-3 3.1044E-3 2.47053E-3 2.43394E-3 2.49878E-3 1.66357E-3 1.08851E-3 4.57128E-4 2.93511E-4 5.75802E-4 5.19683E-4
8.07835E-5 7.5417E-5 2.45594E-5 1.16107E-4 2.26209E-4 1.42932E-4 6.35948E-5 7.47343E-5 6.11251E-5 5.20508E-5 4.27105E-5 9.00064E-5 5.57263E-5 7.82175E-5 1.12531E-4 7.27068E-5 6.37037E-5 1.07354E-4 2.92471E-4 5.76617E-4 1.01908E-3 3.70019E-3 4.61149E-4 1.38259E-3 4.81226E-3 1.6037E-2 1.50913E-2 -9999 -9999 -9999 3.69566E-2 -9999 -9999 -9999 -9999 -9999 -9999 -9999 -9999 -9999 -9999 -9999 -9999 -9999 1.72672E-2 1.79553E-2 1.92622E-2 1.78279E-2 1.76212E-2 2.87849E-2 5.15608E-2 5.58699E-2 2.58218E-2 2.50914E-2 4.85481E-3 2.11175E-3 8.99733E-3 7.68847E-3 3.33828E-3 3.79303E-3 1.39183E-2 6.14606E-3 2.44357E-3 1.89633E-3 2.3905E-3 1.56166E-3 8.35797E-4 7.68115E-4 3.60515E-3 1.88829E-3 8.12682E-4 5.30014E-4 6.63037E-4 3.40422E-4 3.39356E-4
7.29214E-5 7.15527E-5 2.5898E-5 4.19697E-5 9.9355E-5 1.93439E-4 1.31548E-4 1.29033E-4 7.35941E-5 1.11119E-4 4.22428E-5 5.71927E-5 4.91096E-5 9.14307E-5 1.59632E-4 6.75063E-5 8.37005E-5 1.10657E-4 4.2845E-4 7.09924E-4 1.05347E-3 2.47635E-3 4.65665E-4 5.24116E-4 2.87312E-3 5.30765E-3 -9999 -9999 -9999 -9999 -9999 -9999 -9999 -9999 -9999 -9999 -9999 -9999 -9999 -9999 -9999 -9999 -9999 -9999 -9999 1.91848E-2 1.78547E-2 1.62018E-2 2.27518E-2 4.41368E-2 4.95416E-2 2.79139E-2 1.58467E-2 8.88902E-3 4.01764E-3 1.65765E-3 4.3762E-3 4.52162E-3 2.54279E-3 3.17778E-3 1.15613E-2 1.07634E-2 3.14973E-3 2.24576E-3 8.67011E-4 8.38693E-4 6.11227E-4 9.99447E-4 1.52407E-3 2.12641E-3 4.27228E-4 3.25695E-4 5.83864E-4 5.23068E-4 5.2665E-4
1.3316E-4 1.21176E-5 1.45431E-4 1.74628E-4 1.21192E-4 2.10629E-4 1.24029E-4 3.94432E-5 6.98576E-5 2.74771E-4 1.50976E-4 6.02303E-5 7.09032E-5 1.63769E-4 3.0184E-4 6.4061E-5 6.45967E-5 1.23095E-4 3.88205E-4 5.63075E-4 1.20015E-3 1.54936E-3 2.20004E-3 4.75394E-4 1.10268E-3 4.70121E-3 -9999 -9999 -9999 -9999 -9999 -9999 -9999 -9999 -9999 -9999 -9999 -9999 -9999 -9999 -9999 -9999 -9999 -9999 -9999 2.90164E-2 2.42752E-2 5.11243E-2 4.19169E-2 7.25568E-2 5.95627E-2 3.27422E-2 1.96768E-2 5.88031E-3 1.85736E-3 1.68795E-3 3.10275E-3 4.44934E-3 4.10918E-3 3.96371E-3 1.31877E-2 1.1552E-2 3.25358E-3 1.77014E-3 3.76991E-4 6.65053E-4 3.40727E-4 8.47353E-4 1.19884E-3 4.76691E-4 2.66155E-4 3.55816E-4 2.23839E-4 6.51921E-4 6.33817E-4
8.26127E-5 3.91375E-5 1.40862E-4 1.56831E-4 9.37478E-5 7.10644E-5 5.4086E-5 2.9063E-5 6.29417E-5 1.75642E-4 1.08515E-4 8.28553E-5 1.13897E-4 2.44672E-4 6.46624E-4 1.37355E-4 3.22595E-5 4.58493E-5 3.00049E-4 8.25189E-4 1.77899E-3 3.90559E-3 1.91904E-3 1.78962E-3 6.69979E-4 3.57194E-3 8.47021E-3 -9999 -9999 -9999 -9999 -9999 -9999 -9999 -9999 -9999 -9999 -9999 -9999 -9999 -9999 -9999 -9999 3.01165E-2 4.73153E-2 3.29002E-2 2.67691E-2 5.91177E-2 7.03898E-2 4.46861E-2 2.73151E-2 2.78527E-2 1.41058E-2 5.74351E-3 6.77762E-4 5.05905E-4 7.2917E-4 1.53559E-3 3.83686E-3 5.96038E-3 6.20318E-3 1.06587E-2 4.66129E-3 8.80029E-4 1.18708E-3 6.37891E-4 4.72062E-4 6.53715E-4 7.42308E-4 1.02935E-3 3.51686E-4 4.86526E-4 5.49258E-4 6.09282E-4 4.93576E-4
4.33237E-5 3.05109E-5 1.38563E-4 7.28726E-5 4.62876E-5 7.51464E-5 7.75339E-5 7.98531E-5 4.81353E-5 6.80571E-5 4.12846E-5 2.89003E-5 6.04683E-5 1.69446E-4 7.23843E-4 1.76151E-4 6.63531E-5 8.50413E-5 1.81302E-4 1.77093E-3 5.40968E-3 6.4742E-3 4.6789E-3 2.71854E-3 1.98874E-3 5.44237E-3 1.43103E-2 1.86059E-2 -9999 -9999 -9999 -9999 -9999 -9999 -9999 -9999 -9999 -9999 -9999 -9999 -9999 -9999 2.03248E-2 3.33984E-2 5.661E-2 2.91687E-2 4.69034E-2 5.21293E-2 2.81076E-2 2.41061E-2 2.40475E-2 2.34513E-2 3.26818E-3 3.43725E-3 1.39309E-3 9.50746E-4 3.94365E-4 1.91881E-3 1.96287E-3 3.36433E-3 1.7661E-3 3.24838E-3 4.05046E-3 1.96576E-3 1.32816E-3 6.95422E-4 5.29827E-4 4.00032E-4 4.06304E-4 5.45619E-4 4.52869E-4 5.48014E-4 5.35593E-4 6.22445E-4 6.79591E-4
5.47968E-5 6.68348E-5 7.5695E-5 3.36665E-5 1.65846E-5 1.15597E-4 1.40181E-4 1.6585E-4 3.19103E-5 1.43251E-4 5.19093E-4 1.61581E-4 3.65457E-4 1.14082E-3 3.93679E-4 1.77171E-4 7.44252E-5 1.0613E-4 6.36135E-4 1.47135E-3 4.11123E-3 1.36475E-2 5.96217E-3 6.02651E-3 8.14892E-3 3.5494E-3 1.03021E-2 -9999 -9999 -9999 -9999 -9999 -9999 -9999 -9999 -9999 -9999 -9999 -9999 -9999 -9999 -9999 2.20265E-2 2.71958E-2 5.53061E-2 5.33489E-2 4.20482E-2 2.39281E-2 1.1472E-2 7.53635E-3 8.23962E-3 1.05446E-2 4.39295E-3 8.17534E-4 9.46611E-4 8.06047E-4 8.133E-4 1.3578E-3 1.03542E-3 2.53458E-3 1.49655E-3 1.43942E-3 4.22561E-3 1.8161E-3 2.81102E-4 6.0808E-4 4.51436E-4 4.66823E-4 4.53656E-4 5.25415E-4 5.17061E-4 5.85794E-4 5.24445E-4 6.11452E-4 6.26662E-4
2.8639E-5 2.36547E-5 2.04562E-5 3.74688E-5 6.97093E-5 1.04587E-4 1.1102E-4 1.4709E-4 5.48936E-5 8.59778E-5 7.83838E-4 1.05915E-3 1.39754E-3 1.81553E-3 2.72323E-4 5.68641E-5 7.90617E-5 3.23455E-4 1.22085E-3 1.96485E-3 6.18875E-3 -9999 9.85071E-3 1.59352E-2 9.62983E-3 1.0455E-2 9.21556E-3 -9999 -9999 -9999 -9999 -9999 -9999 -9999 -9999 -9999 -9999 -9999 -9999 -9999 -9999 -9999 2.14431E-2 3.93992E-2 7.07655E-2 7.11354E-2 3.1844E-2 1.16892E-2 8.51431E-3 7.60945E-3 4.97742E-3 3.05937E-3 8.2423E-3 1.03862E-3 1.2666E-3 9.10527E-4 1.02604E-3 7.48752E-4 1.09946E-3 9.74834E-4 6.21087E-4 1.0005E-3 2.11533E-3 1.56665E-3 2.70253E-4 5.80652E-4 2.87861E-4 4.2021E-4 4.83953E-4 4.60294E-4 4.40938E-4 3.32823E-4 4.61852E-4 4.72097E-4 3.97775E-4
1.51814E-5 3.22057E-5 1.24514E-5 5.29725E-5 6.37062E-5 1.13429E-4 5.43579E-5 1.01049E-4 2.40036E-5 2.58417E-5 3.41941E-4 3.02345E-3 1.48822E-3 7.20701E-4 1.03529E-4 7.77737E-5 1.61844E-4 1.10324E-3 2.06723E-3 2.92782E-3 4.77173E-3 -9999 -9999 -9999 2.70853E-2 2.1069E-2 6.86854E-2 -9999 -9999 -9999 -9999 -9999 -9999 -9999 -9999 -9999 -9999 -9999 -9999 -9999 -9999 -9999 -9999 -9999 -9999 4.77983E-2 1.29406E-2 1.33708E-2 1.33098E-2 5.66331E-3 2.13382E-3 9.27556E-4 1.57994E-3 1.19568E-3 1.09954E-3 3.47905E-4 2.84435E-4 1.9867E-4 5.56392E-4 7.2067E-4 2.90671E-4 2.53028E-4 8.68911E-4 2.57707E-3 6.27505E-4 4.58998E-4 3.10731E-4 3.46431E-4 2.82555E-4 4.07333E-4 4.53663E-4 2.39128E-4 2.59284E-4 3.07132E-4 4.55146E-4
6.20585E-5 3.52785E-5 8.79004E-6 2.7803E-5 4.69747E-5 2.33121E-5 3.83241E-5 5.15229E-5 5.40488E-5 1.2427E-4 3.66531E-4 3.36924E-3 1.23353E-3 1.37524E-4 6.82232E-5 1.10121E-4 3.67335E-4 1.20812E-3 3.0458E-3 6.90546E-3 1.1378E-2 1.56529E-2 -9999 -9999 -9999 -9999 -9999 -9999 -9999 -9999 -9999 -9999 -9999 -9999 -9999 -9999 -9999 -9999 -9999 -9999 -9999 -9999 -9999 6.73532E-2 2.61492E-2 1.41401E-2 2.2517E-2 1.46565E-2 6.74892E-3 2.25155E-3 2.04254E-3 8.77355E-4 1.24435E-3 1.57049E-3 6.27227E-4 1.48994E-4 2.15272E-4 1.31819E-4 3.28635E-4 2.28076E-4 2.69459E-4 4.15635E-4 1.12593E-3 7.22845E-4 1.28011E-3 3.84871E-4 3.0616E-4 3.13327E-4 2.55897E-4 2.56686E-4 2.69742E-4 3.55213E-4 3.6973E-4 4.85802E-4 3.11745E-4
2.69696E-5 5.34119E-5 2.34862E-5 2.57743E-5 1.76574E-5 2.03087E-5 2.59854E-5 4.67174E-5 5.23945E-4 3.89497E-4 2.84762E-3 2.23914E-3 9.05146E-4 1.48833E-4 3.75715E-5 3.05365E-4 1.23167E-3 2.40797E-3 5.22229E-3 8.46826E-3 5.73382E-3 1.09149E-2 -9999 -9999 -9999 -9999 -9999 -9999 -9999 -9999 -9999 -9999 -9999 -9999 -9999 -9999 -9999 -9999 -9999 -9999 -9999 -9999 5.71487E-2 4.52061E-2 -9999 2.54462E-2 2.19282E-2 6.06074E-3 5.50635E-3 4.96865E-3 2.25479E-3 1.42739E-3 8.03836E-4 4.64081E-4 5.08075E-4 3.54526E-4 4.15713E-4 3.44463E-4 4.4413E-4 2.87634E-4 1.54434E-4 2.7582E-4 5.63151E-4 5.24189E-4 1.09293E-3 2.81011E-4 3.1072E-4 4.09809E-4 3.8449E-4 2.26955E-4 2.24758E-4 3.36867E-4 3.10678E-4 4.99692E-4 5.62608E-4
3.61039E-5 3.34483E-5 8.2563E-5 1.22929E-4 1.82207E-5 3.87408E-5 6.75882E-5 6.09257E-5 9.08417E-4 2.89117E-3 4.40781E-3 1.52244E-3 7.07395E-4 2.67171E-5 5.72869E-5 2.7394E-4 2.01009E-3 3.97803E-3 1.35539E-2 1.00185E-2 1.55052E-2 -9999 -9999 -9999 -9999 -9999 -9999 -9999 -9999 -9999 -9999 -9999 -9999 -9999 -9999 -9999 -9999 -9999 -9999 -9999 -9999 4.31344E-2 4.695E-2 -9999 -9999 4.19992E-2 3.49097E-2 1.25554E-2 7.75832E-3 2.31704E-3 5.44304E-3 4.21397E-3 1.16897E-3 3.71482E-4 5.97617E-4 2.74037E-4 2.99814E-4 4.58157E-4 3.59299E-4 4.87678E-4 3.41708E-4 3.07878E-4 2.86062E-4 2.55162E-4 2.76173E-4 4.21891E-4 2.54051E-4 2.19758E-4 2.65726E-4 4.26663E-4 3.2382E-4 2.84604E-4 3.25593E-4 2.86732E-4 2.81042E-4
3.18101E-5 3.28184E-5 2.44075E-5 5.19726E-5 2.37608E-4 2.66173E-4 1.18353E-5 1.34794E-4 2.8562E-4 2.75734E-3 4.95928E-3 -9999 -9999 1.58567E-4 1.60582E-4 1.17313E-3 1.69499E-3 3.77587E-3 1.04307E-2 1.87593E-2 -9999 -9999 -9999 -9999 -9999 -9999 -9999 -9999 -9999 -9999 -9999 -9999 -9999 -9999 -9999 -9999 -9999 -9999 -9999 -9999 -9999 -9999 -9999 -9999 -9999 1.80475E-2 1.75989E-2 2.73923E-2 1.98305E-2 1.53859E-2 7.40183E-3 8.59835E-3 2.25774E-3 1.62158E-3 1.07306E-3 3.39885E-4 3.66889E-4 2.56307E-4 2.424E-4 4.08835E-4 3.0013E-4 4.06188E-4 3.75367E-4 3.32269E-4 2.18894E-4 2.48912E-4 2.70229E-4 1.56569E-4 1.87232E-4 2.83118E-4 5.67829E-4 3.77886E-4 3.26693E-4 4.60578E-4 5.30113E-4
1.21021E-5 1.34357E-5 2.85621E-5 2.94194E-5 3.30694E-5 4.82651E-4 1.02778E-3 3.32756E-4 4.89203E-4 5.08838E-3 6.20078E-3 -9999 -9999 4.46949E-4 8.49894E-4 2.38101E-3 4.39143E-3 6.55907E-3 1.27351E-2 9.44068E-3 2.72829E-2 -9999 -9999 -9999 -9999 -9999 -9999 -9999 -9999 -9999 -9999 -9999 -9999 -9999 -9999 -9999 -9999 -9999 -9999 -9999 -9999 -9999 -9999 -9999 -9999 1.35964E-2 1.08028E-2 1.98937E-2 9.03473E-3 5.27521E-3 5.24178E-3 3.40973E-3 2.73656E-3 1.57347E-3 1.8243E-3 7.54148E-4 3.43444E-4 2.87871E-4 3.61653E-4 4.07009E-4 2.95924E-4 6.50665E-4 4.74411E-4 4.10726E-4 3.35312E-4 1.82162E-4 2.82444E-4 2.31908E-4 2.08512E-4 2.40041E-4 4.67066E-4 7.34009E-4 4.96153E-4 9.50375E-4 1.12472E-3
1.50812E-5 1.19013E-5 3.49917E-5 1.87174E-5 2.95441E-5 5.11648E-5 6.3199E-4 1.50178E-3 3.41462E-3 6.98513E-3 6.64797E-3 -9999 -9999 2.10718E-3 2.4633E-3 3.9339E-3 4.65481E-3 1.57362E-2 1.38586E-2 1.00434E-2 3.5025E-2 -9999 -9999 -9999 -9999 -9999 -9999 -9999 -9999 -9999 -9999 -9999 -9999 -9999 -9999 -9999 -9999 -9999 -9999 -9999 -9999 -9999 -9999 -9999 -9999 8.8177E-3 6.68415E-3 1.64442E-2 5.45395E-3 1.63964E-3 7.09413E-4 1.18735E-3 8.18657E-4 1.31898E-3 4.17617E-4 7.76145E-4 4.59657E-4 3.65842E-4 4.4142E-4 2.89167E-4 3.32395E-4 3.52165E-4 4.72488E-4 3.722E-4 1.61775E-4 3.3529E-4 3.136E-4 3.57091E-4 2.90983E-4 2.48744E-4 3.47562E-4 6.05647E-4 6.34289E-4 8.61743E-4 1.05383E-3
3.79382E-5 1.03268E-4 5.13572E-5 2.09771E-5 2.79377E-5 3.55075E-5 9.16489E-5 5.37185E-4 6.08206E-3 -9999 -9999 -9999 -9999 5.45232E-3 3.97886E-3 8.43375E-3 1.17954E-2 1.46704E-2 -9999 -9999 -9999 -9999 -9999 -9999 -9999 -9999 -9999 -9999 -9999 -9999 -9999 -9999 -9999 -9999 -9999 -9999 -9999 -9999 -9999 -9999 -9999 -9999 -9999 -9999 4.75432E-3 6.96667E-3 4.60409E-3 5.94325E-3 3.35298E-3 8.46462E-4 9.46695E-4 1.38676E-3 3.60554E-3 8.47543E-4 4.30228E-4 4.80396E-4 4.05001E-4 2.61674E-4 3.34157E-4 3.11126E-4 3.46424E-4 3.79156E-4 3.60472E-4 2.89513E-4 2.68438E-4 3.32483E-4 2.03581E-4 3.55826E-4 2.84628E-4 2.34333E-4 2.76292E-4 2.85142E-4 3.49271E-4 7.41333E-4 8.54197E-4
2.26224E-4 7.22306E-5 3.41137E-5 2.42784E-5 3.21058E-5 2.52507E-5 7.15239E-5 1.09576E-3 8.12782E-3 -9999 -9999 -9999 -9999 3.50573E-3 1.09564E-2 5.88257E-3 2.89225E-2 5.81808E-2 -9999 -9999 -9999 -9999 -9999 -9999 -9999 -9999 -9999 -9999 -9999 -9999 -9999 -9999 -9999 -9999 -9999 -9999 -9999 -9999 -9999 -9999 -9999 -9999 -9999 -9999 1.52045E-3 1.0519E-3 7.02622E-3 3.51459E-3 1.99637E-3 1.67764E-3 8.78687E-4 4.56108E-4 1.31037E-3 9.72953E-4 4.70416E-4 5.43887E-4 4.1135E-4 3.99435E-4 7.52011E-4 5.70469E-4 5.20381E-4 5.43345E-4 8.68017E-4 5.69116E-4 3.30663E-4 2.17292E-4 1.90123E-4 3.31915E-4 5.50397E-4 2.1992E-4 2.45596E-4 2.14129E-4 2.94804E-4 4.28895E-4 8.9376E-4
2.70865E-4 5.56106E-5 2.8113E-5 2.44434E-5 3.6546E-5 3.72054E-5 1.85224E-4 1.27959E-3 8.32997E-3 6.98396E-3 -9999 -9999 -9999 -9999 -9999 2.62401E-2 3.44368E-2 4.93805E-2 -9999 -9999 -9999 -9999 -9999 -9999 -9999 -9999 -9999 -9999 -9999 -9999 -9999 -9999 -9999 -9999 -9999 -9999 -9999 -9999 -9999 -9999 -9999 -9999 -9999 -9999 1.03945E-3 2.4272E-3 4.11779E-3 1.78851E-3 5.63931E-4 6.62053E-4 8.3683E-4 9.92266E-4 1.25576E-3 3.86539E-4 4.65494E-4 5.11109E-4 5.2113E-4 8.9642E-4 4.73773E-4 5.67099E-4 8.17501E-4 7.99181E-4 1.09453E-3 5.62804E-4 2.2491E-4 2.78694E-4 5.91447E-4 2.0792E-4 2.63385E-4 2.63667E-4 2.12449E-4 2.07989E-4 2.01117E-4 2.09735E-4 6.70938E-4
2.71055E-4 6.1188E-5 2.98093E-5 2.10763E-5 3.22341E-5 4.3617E-5 5.44977E-4 2.09005E-3 5.85917E-3 4.02159E-3 -9999 -9999 -9999 -9999 -9999 -9999 4.46969E-2 -9999 -9999 -9999 -9999 -9999 -9999 -9999 -9999 -9999 -9999 -9999 -9999 -9999 -9999 -9999 -9999 -9999 -9999 -9999 -9999 -9999 -9999 -9999 -9999 -9999 -9999 -9999 7.04381E-3 1.03142E-3 1.96071E-3 1.23892E-3 5.69475E-4 8.16975E-4 8.81597E-4 8.81049E-4 4.5878E-4 3.06617E-4 2.83124E-4 2.67919E-4 3.18342E-4 9.20699E-4 6.76603E-4 8.02255E-4 1.00808E-3 1.25224E-3 1.28574E-3 1.06251E-3 1.00031E-3 9.03678E-4 3.68563E-4 2.37064E-4 3.4376E-4 3.30115E-4 1.93712E-4 1.86863E-4 2.26879E-4 4.64849E-4 7.10018E-4
9.4588E-4 3.20909E-4 5.98304E-5 3.48067E-5 2.23919E-5 3.47026E-5 1.09215E-4 1.16658E-3 1.0751E-3 1.09256E-3 2.16626E-3 3.14065E-3 6.69178E-3 -9999 -9999 -9999 -9999 -9999 -9999 -9999 -9999 -9999 -9999 -9999 -9999 -9999 -9999 -9999 -9999 -9999 -9999 -9999 -9999 -9999 -9999 -9999 -9999 -9999 -9999 -9999 -9999 -9999 -9999 -9999 7.90412E-3 2.09057E-3 2.71987E-3 3.47195E-3 2.50724E-3 6.55698E-4 5.07127E-4 3.79328E-4 2.61019E-4 3.85642E-4 7.36801E-4 1.69468E-4 1.71762E-4 2.43638E-4 7.79937E-4 1.28002E-3 1.37801E-3 8.67455E-4 7.21053E-4 5.33221E-4 9.39824E-4 9.20232E-4 1.5516E-4 1.53961E-4 1.57906E-4 1.60338E-4 2.22849E-4 1.81313E-4 2.08927E-4 6.87536E-4 1.22154E-3
9.35537E-4 2.95181E-4 3.86614E-5 2.69481E-5 2.85578E-5 2.39639E-5 1.86619E-4 1.56131E-3 1.47037E-3 2.13264E-3 2.96758E-3 2.24598E-3 3.33517E-3 9.61931E-3 2.48485E-2 -9999 -9999 -9999 -9999 -9999 -9999 -9999 -9999 -9999 -9999 -9999 -9999 -9999 -9999 -9999 -9999 -9999 -9999 -9999 -9999 -9999 -9999 -9999 -9999 -9999 -9999 -9999 -9999 -9999 -9999 3.6659E-3 3.04729E-3 4.38501E-3 2.35131E-3 5.23342E-4 2.76851E-4 2.21846E-4 1.63941E-4 1.69535E-4 3.55752E-4 2.73524E-4 1.98841E-4 2.60024E-4 2.84279E-4 8.3846E-4 6.45168E-4 3.65528E-4 3.99516E-4 3.5139E-4 5.12344E-4 6.3617E-4 2.25136E-4 2.1165E-4 1.94647E-4 2.41507E-4 1.7119E-4 1.8797E-4 2.88678E-4 7.65398E-4 1.12409E-3
1.03249E-3 2.33835E-4 4.47422E-5 2.89032E-5 1.76942E-5 2.1357E-5 1.10901E-4 1.18868E-3 3.74472E-3 3.70715E-3 4.728E-3 3.02796E-3 3.00383E-3 2.05193E-2 6.17148E-2 3.6044E-2 -9999 -9999 -9999 -9999 -9999 -9999 -9999 -9999 -9999 -9999 -9999 -9999 -9999 -9999 -9999 -9999 -9999 -9999 -9999 -9999 -9999 -9999 -9999 -9999 -9999 -9999 -9999 -9999 -9999 6.71571E-3 3.54625E-3 2.4253E-3 1.99957E-3 1.16022E-3 2.45617E-4 2.67873E-4 3.49868E-4 5.90702E-4 3.08839E-4 1.11275E-4 3.06437E-4 3.26248E-4 2.49211E-4 2.74345E-4 2.06309E-4 2.20203E-4 2.51942E-4 2.95385E-4 3.91069E-4 3.74713E-4 3.03926E-4 2.1182E-4 2.98605E-4 2.83105E-4 1.99328E-4 1.6558E-4 2.58681E-4 3.45719E-4 8.88238E-4
8.68121E-4 1.05913E-4 1.95674E-5 2.37129E-5 1.57456E-5 7.27046E-5 8.91722E-4 1.47268E-3 6.8041E-3 7.19344E-3 2.1397E-2 -9999 3.7327E-3 2.60382E-2 -9999 -9999 -9999 -9999 -9999 -9999 -9999 -9999 -9999 -9999 -9999 -9999 -9999 -9999 -9999 -9999 -9999 -9999 -9999 -9999 -9999 -9999 -9999 -9999 -9999 -9999 -9999 -9999 -9999 -9999 -9999 -9999 8.89418E-3 5.51425E-3 4.33448E-3 5.55523E-4 2.856E-4 2.73219E-4 6.23645E-4 3.94997E-4 2.18359E-4 9.43819E-5 1.09904E-4 1.60018E-4 1.74939E-4 2.962E-4 2.05095E-4 1.85507E-4 1.6531E-4 1.94113E-4 2.73916E-4 2.90649E-4 6.55727E-4 8.52086E-4 1.02013E-3 9.30663E-4 4.86742E-4 3.96524E-4 2.85769E-4 8.18191E-4 6.6067E-4
3.82248E-4 7.91924E-5 2.25443E-5 2.21661E-5 4.10574E-5 9.46349E-4 1.70375E-3 2.08464E-3 8.41651E-3 7.4475E-3 2.40228E-2 -9999 7.83914E-3 -9999 -9999 -9999 -9999 -9999 -9999 -9999 -9999 -9999 -9999 -9999 -9999 -9999 -9999 -9999 -9999 -9999 -9999 -9999 -9999 -9999 -9999 -9999 -9999 -9999 -9999 -9999 -9999 -9999 -9999 -9999 -9999 -9999 -9999 5.58025E-3 5.58986E-3 1.45211E-3 2.39832E-4 4.21508E-4 3.85676E-4 2.99714E-4 2.46393E-4 1.47547E-4 1.29831E-4 1.02223E-4 9.04571E-5 2.13604E-4 1.86401E-4 2.00959E-4 1.76941E-4 2.36775E-4 2.47216E-4 3.6572E-4 6.51265E-4 9.02519E-4 7.19911E-4 7.6725E-4 6.92306E-4 7.38368E-4 5.95901E-4 7.24437E-4 -9999
3.79188E-4 6.3373E-5 2.34698E-5 3.65098E-5 8.07274E-5 1.11268E-3 3.81579E-3 4.11057E-3 7.97163E-3 2.52903E-2 -9999 -9999 -9999 -9999 -9999 -9999 -9999 -9999 -9999 -9999 -9999 -9999 -9999 -9999 -9999 -9999 -9999 -9999 -9999 -9999 -9999 -9999 -9999 -9999 -9999 -9999 -9999 -9999 -9999 -9999 -9999 -9999 -9999 -9999 -9999 -9999 -9999 -9999 3.85387E-3 3.64178E-4 5.80647E-4 9.77171E-4 7.0829E-4 2.48551E-4 2.40698E-4 2.1518E-4 2.18874E-4 1.94158E-4 1.61312E-4 1.12322E-4 3.29033E-4 1.97254E-4 2.22745E-4 3.32154E-4 3.39184E-4 4.52722E-4 1.90089E-4 5.00123E-4 4.21916E-4 3.54925E-4 5.15072E-4 6.90295E-4 2.92493E-4 -9999 -9999
5.82272E-4 1.36348E-4 4.9904E-5 2.34713E-5 3.82763E-4 2.69621E-3 3.99617E-3 1.02334E-2 5.6365E-3 1.18645E-2 -9999 -9999 -9999 -9999 -9999 -9999 -9999 -9999 -9999 -9999 -9999 -9999 -9999 -9999 -9999 -9999 -9999 -9999 -9999 -9999 -9999 -9999 -9999 -9999 -9999 -9999 -9999 -9999 -9999 -9999 -9999 -9999 6.18945E-3 5.10078E-3 6.14912E-3 -9999 -9999 -9999 -9999 4.24274E-3 5.39336E-3 2.78689E-3 7.93957E-4 3.19472E-4 1.85439E-4 1.79841E-4 1.76824E-4 3.17918E-4 1.95964E-4 3.97265E-5 1.70521E-4 3.52132E-4 4.10722E-4 3.98763E-4 4.69475E-4 4.55462E-4 3.27356E-4 2.91111E-4 3.93049E-4 3.50822E-4 6.04001E-4 5.00362E-4 -9999 -9999 -9999
6.75566E-5 5.07901E-5 2.43481E-5 1.73884E-4 1.0345E-3 3.13638E-3 7.67511E-3 1.64508E-2 -9999 -9999 8.28593E-3 -9999 -9999 -9999 -9999 -9999 -9999 -9999 -9999 -9999 -9999 -9999 -9999 -9999 -9999 -9999 -9999 -9999 -9999 -9999 -9999 -9999 -9999 -9999 -9999 -9999 -9999 -9999 -9999 -9999 -9999 -9999 1.06303E-3 1.17515E-3 4.49774E-3 5.88702E-3 6.28296E-3 -9999 -9999 1.36019E-2 1.00708E-2 7.35257E-3 6.59579E-4 1.69237E-4 3.94858E-4 4.29142E-4 4.45015E-4 3.66421E-4 1.54947E-4 5.13527E-5 2.99615E-4 3.87899E-4 2.77512E-4 5.77388E-4 3.81601E-4 4.14114E-4 4.45692E-4 3.2885E-4 3.8472E-4 2.83752E-4 5.20993E-4 -9999 -9999 -9999 -9999
4.36247E-5 6.87961E-5 8.72203E-5 6.20366E-4 3.33301E-3 3.87176E-3 1.11891E-2 1.57933E-2 -9999 -9999 1.15918E-2 -9999 -9999 -9999 -9999 -9999 -9999 -9999 -9999 -9999 -9999 -9999 -9999 -9999 -9999 -9999 -9999 -9999 -9999 -9999 -9999 -9999 -9999 -9999 -9999 -9999 -9999 -9999 -9999 -9999 -9999 -9999 8.23497E-4 7.87846E-4 4.77205E-3 2.4436E-3 1.04668E-3 1.20176E-3 2.24423E-3 2.8453E-3 9.11598E-3 6.31949E-3 4.15295E-3 5.04606E-4 8.87712E-4 4.32087E-4 3.68529E-4 2.70491E-4 5.27528E-5 4.9508E-5 1.02576E-4 2.32271E-4 1.45458E-4 2.04363E-4 4.0932E-4 3.69743E-4 4.03868E-4 4.53459E-4 3.90507E-4 4.32278E-4 4.75948E-4 -9999 -9999 -9999 -9999
1.08812E-4 6.14327E-5 6.74458E-5 5.09659E-4 5.08727E-3 5.09006E-3 1.23448E-2 -9999 -9999 -9999 -9999 -9999 -9999 -9999 -9999 -9999 -9999 -9999 -9999 -9999 -9999 -9999 -9999 -9999 -9999 -9999 -9999 -9999 -9999 -9999 -9999 -9999 -9999 -9999 -9999 -9999 -9999 -9999 -9999 8.77477E-3 1.00681E-2 -9999 -9999 7.65696E-4 1.10169E-3 1.33338E-3 1.01094E-3 3.45442E-4 1.36949E-4 1.99551E-4 2.76416E-3 7.65656E-3 3.10124E-3 3.71646E-3 7.81477E-4 2.79048E-4 2.49394E-4 6.11549E-5 1.10249E-4 1.48452E-4 1.30578E-4 1.85503E-4 1.26135E-4 2.38971E-4 3.05963E-4 4.13169E-4 3.71917E-4 3.83007E-4 5.31579E-4 4.48281E-4 -9999 -9999 -9999 -9999 -9999
1.83861E-3 2.80691E-4 1.21575E-4 1.06007E-3 7.84802E-3 1.72564E-2 6.37255E-3 1.29089E-2 -9999 -9999 -9999 -9999 -9999 -9999 -9999 -9999 -9999 -9999 -9999 -9999 -9999 -9999 -9999 -9999 -9999 -9999 -9999 -9999 -9999 -9999 -9999 -9999 -9999 -9999 -9999 -9999 -9999 -9999 -9999 7.64892E-3 1.19739E-2 -9999 -9999 6.11522E-4 1.11131E-3 2.33523E-4 2.87043E-4 1.83103E-4 1.86839E-4 2.97226E-4 1.64654E-3 3.50244E-3 4.83253E-3 4.99658E-3 2.62592E-4 1.95052E-4 1.00553E-4 1.07352E-4 1.55189E-4 2.85314E-4 2.66441E-4 2.22074E-4 1.3573E-4 3.06653E-4 4.86515E-4 4.40623E-4 3.81103E-4 2.9198E-4 4.51946E-4 5.72042E-4 -9999 -9999 -9999 -9999 -9999
4.45588E-4 1.22284E-4 5.18956E-4 3.50168E-3 8.49939E-3 1.75786E-2 -9999 -9999 3.96998E-2 -9999 -9999 -9999 -9999 -9999 -9999 -9999 -9999 -9999 -9999 -9999 -9999 -9999 -9999 -9999 -9999 -9999 -9999 -9999 -9999 -9999 -9999 -9999 -9999 -9999 -9999 -9999 -9999 -9999 -9999 5.56725E-3 1.2858E-2 3.8939E-3 2.13977E-3 9.57812E-4 1.77178E-3 1.22601E-4 6.48021E-5 2.21977E-4 4.66609E-4 1.87087E-3 1.50783E-3 2.93775E-4 4.89158E-4 3.1757E-3 9.1998E-4 5.97909E-4 9.33032E-4 5.0942E-4 2.72527E-4 2.54008E-4 3.77877E-4 1.17831E-4 1.70759E-4 3.111E-4 3.17068E-4 2.17828E-4 1.00007E-4 3.26799E-4 3.79576E-4 4.81612E-4 -9999 -9999 -9999 -9999 -9999
7.59912E-4 2.21614E-4 1.36556E-3 5.9535E-3 9.63175E-3 1.05619E-2 1.21821E-2 -9999 -9999 -9999 -9999 -9999 -9999 -9999 -9999 -9999 -9999 -9999 -9999 -9999 -9999 -9999 -9999 -9999 -9999 -9999 -9999 -9999 -9999 -9999 -9999 -9999 -9999 -9999 -9999 -9999 -9999 -9999 -9999 4.49825E-3 1.72457E-3 3.29717E-3 3.6747E-3 2.4938E-3 7.5611E-4 2.07338E-4 1.26137E-4 2.49456E-4 3.50336E-4 6.07253E-4 5.25754E-4 1.32445E-4 1.83546E-4 1.63095E-3 4.76397E-4 2.93111E-4 3.919E-4 4.3491E-4 1.77822E-4 1.15144E-4 1.41964E-4 5.06253E-5 1.22358E-4 1.3198E-4 1.91022E-4 2.95356E-4 1.42713E-4 2.52678E-4 3.59542E-4 -9999 -9999 -9999 -9999 -9999 -9999
