ENM/Final_Models/M_1_F_qp_Set_1_E/Gustavia_santanderiensis_1_Choco_novel.asc
ncols         367
nrows         963
xllcorner     -78.6
yllcorner     0.65
cellsize      0.00833333333333323
NODATA_value  -9999
[rows 120 to 149 of 963, columns 204 to 271 of 367]
7.82591E0 7.82591E0 7.82591E0 7.82591E0 7.82591E0 7.82591E0 7.82591E0 7.82591E0 7.20703E0 7.20703E0 7.20703E0 7.20703E0 7.20703E0 7.20703E0 7.20703E0 7.20703E0 7.20703E0 7.20703E0 7.20703E0 7.20703E0 6.12897E0 5.62987E0 5.62987E0 7.82591E0 7.82591E0 7.82591E0 7.82591E0 7.82591E0 7.82591E0 7.82591E0 7.82591E0 7.82591E0 7.82591E0 7.82591E0 7.20703E0 7.20703E0 7.20703E0 6.64803E0 6.64803E0 6.64803E0 7.20703E0 6.64803E0 6.64803E0 7.20703E0 7.20703E0 7.82591E0 7.82591E0 6.90757E0 1.01417E1 1.24176E1 6.90757E0 4.97105E0 1.04212E1 1.01417E1 7.82591E0 7.82591E0 -9999 -9999 -9999 -9999 -9999 -9999 -9999 1.01417E1 8.90397E0 7.20703E0 7.82591E0 7.20703E0
7.82591E0 7.82591E0 7.82591E0 7.82591E0 7.82591E0 7.82591E0 7.20703E0 7.82591E0 7.82591E0 7.82591E0 7.20703E0 7.20703E0 7.20703E0 7.20703E0 7.20703E0 7.20703E0 7.20703E0 7.20703E0 7.20703E0 7.20703E0 7.20703E0 6.12897E0 5.1108E0 4.75145E0 7.82591E0 7.82591E0 7.82591E0 7.82591E0 7.82591E0 7.82591E0 7.82591E0 7.82591E0 7.82591E0 7.20703E0 7.20703E0 7.20703E0 6.64803E0 6.64803E0 6.64803E0 6.64803E0 6.64803E0 6.64803E0 7.20703E0 7.20703E0 7.20703E0 7.82591E0 7.82591E0 1.01417E1 1.41346E1 1.0002E1 8.58455E0 1.01417E1 8.90397E0 8.90397E0 7.20703E0 7.82591E0 7.82591E0 -9999 -9999 -9999 -9999 -9999 -9999 9.38311E0 8.90397E0 7.82591E0 7.20703E0 7.82591E0
7.82591E0 7.82591E0 7.82591E0 7.82591E0 7.82591E0 7.82591E0 7.82591E0 7.82591E0 7.20703E0 7.82591E0 7.20703E0 7.20703E0 7.20703E0 7.20703E0 7.20703E0 7.20703E0 7.20703E0 7.20703E0 7.20703E0 7.20703E0 7.20703E0 6.78778E0 4.75145E0 4.75145E0 7.82591E0 7.82591E0 7.82591E0 7.82591E0 7.82591E0 5.66979E0 7.76602E0 7.82591E0 5.1108E0 6.12897E0 7.20703E0 7.20703E0 6.64803E0 6.64803E0 6.64803E0 6.64803E0 7.20703E0 7.20703E0 7.20703E0 7.82591E0 5.23059E0 7.60631E0 6.90757E0 4.85127E0 1.21581E1 1.41346E1 9.78239E0 1.18587E1 8.90397E0 7.20703E0 7.20703E0 8.90397E0 8.90397E0 -9999 -9999 -9999 -9999 -9999 -9999 6.68796E0 1.01417E1 7.82591E0 7.82591E0 7.82591E0
8.90397E0 8.90397E0 8.90397E0 8.90397E0 7.82591E0 7.82591E0 7.82591E0 7.82591E0 7.82591E0 7.82591E0 7.82591E0 7.20703E0 7.82591E0 7.20703E0 7.20703E0 7.20703E0 7.20703E0 7.20703E0 7.82591E0 7.82591E0 7.20703E0 7.20703E0 7.82591E0 7.82591E0 7.82591E0 7.82591E0 8.90397E0 8.90397E0 8.90397E0 5.33041E0 8.90397E0 7.76602E0 7.82591E0 7.82591E0 7.20703E0 7.20703E0 7.20703E0 7.20703E0 7.20703E0 6.64803E0 7.20703E0 7.20703E0 7.20703E0 8.90397E0 4.85127E0 5.78958E0 3.99281E0 3.99281E0 1.03813E1 1.18587E1 8.98383E0 1.01417E1 8.90397E0 7.82591E0 7.82591E0 8.90397E0 1.01417E1 8.90397E0 -9999 -9999 -9999 -9999 -9999 8.90397E0 1.01417E1 1.01417E1 8.90397E0 7.82591E0
8.90397E0 8.90397E0 8.90397E0 8.90397E0 8.90397E0 7.82591E0 8.90397E0 7.82591E0 7.82591E0 7.82591E0 7.82591E0 7.82591E0 7.20703E0 7.20703E0 7.82591E0 7.20703E0 7.20703E0 7.20703E0 7.20703E0 7.82591E0 7.82591E0 7.82591E0 7.82591E0 7.82591E0 7.82591E0 7.82591E0 7.82591E0 8.90397E0 8.90397E0 8.90397E0 8.90397E0 6.1689E0 7.82591E0 6.78778E0 7.82591E0 7.20703E0 7.20703E0 7.20703E0 7.20703E0 6.64803E0 6.64803E0 6.64803E0 7.82591E0 8.90397E0 8.90397E0 8.90397E0 1.13596E1 1.31763E1 1.41346E1 1.18587E1 1.01417E1 7.82591E0 8.90397E0 7.20703E0 7.82591E0 1.01417E1 8.98383E0 8.90397E0 -9999 -9999 -9999 -9999 -9999 5.78958E0 5.78958E0 7.6662E0 8.90397E0 7.82591E0
8.90397E0 8.90397E0 8.90397E0 8.90397E0 8.90397E0 8.90397E0 8.90397E0 8.90397E0 8.90397E0 8.90397E0 8.90397E0 7.82591E0 7.82591E0 7.20703E0 7.20703E0 7.20703E0 7.20703E0 7.20703E0 7.20703E0 7.20703E0 7.20703E0 7.82591E0 7.82591E0 7.82591E0 7.82591E0 7.82591E0 7.82591E0 6.1689E0 8.90397E0 8.90397E0 8.90397E0 8.90397E0 7.82591E0 7.82591E0 7.82591E0 7.20703E0 7.20703E0 7.20703E0 7.20703E0 6.64803E0 7.20703E0 6.64803E0 7.20703E0 7.82591E0 7.82591E0 8.90397E0 1.18587E1 4.85127E0 1.22779E1 6.90757E0 1.01417E1 8.90397E0 7.82591E0 7.82591E0 8.34498E0 8.90397E0 1.01417E1 8.90397E0 8.90397E0 -9999 -9999 -9999 -9999 2.67518E0 1.75684E0 1.91655E0 4.85127E0 7.82591E0
1.01417E1 8.90397E0 8.90397E0 8.90397E0 8.90397E0 8.90397E0 8.90397E0 8.90397E0 8.90397E0 8.90397E0 7.82591E0 7.82591E0 7.82591E0 7.20703E0 7.82591E0 7.20703E0 7.20703E0 7.82591E0 7.20703E0 7.20703E0 7.20703E0 7.82591E0 7.82591E0 7.82591E0 7.82591E0 7.82591E0 6.80775E0 8.90397E0 1.01417E1 1.01417E1 8.60451E0 8.90397E0 8.90397E0 7.82591E0 8.90397E0 7.82591E0 7.20703E0 7.20703E0 6.64803E0 7.20703E0 6.64803E0 7.20703E0 7.82591E0 7.20703E0 7.82591E0 1.01417E1 1.41346E1 1.36754E1 9.48293E0 8.98383E0 8.90397E0 8.90397E0 7.82591E0 8.90397E0 8.90397E0 7.82591E0 8.90397E0 8.90397E0 3.99281E0 -9999 -9999 -9999 7.82591E0 2.39569E0 5.78958E0 8.90397E0 7.82591E0 7.82591E0
1.01417E1 1.01417E1 1.01417E1 1.01417E1 1.01417E1 1.01417E1 1.01417E1 1.01417E1 8.90397E0 8.90397E0 8.90397E0 7.82591E0 7.82591E0 7.82591E0 7.82591E0 7.82591E0 7.20703E0 7.20703E0 7.20703E0 7.20703E0 7.20703E0 7.20703E0 7.82591E0 7.82591E0 7.82591E0 7.82591E0 8.90397E0 8.90397E0 1.01417E1 1.01417E1 1.01417E1 1.01417E1 8.90397E0 8.90397E0 7.82591E0 7.82591E0 7.20703E0 7.82591E0 7.20703E0 7.20703E0 7.20703E0 7.20703E0 7.82591E0 7.82591E0 7.82591E0 1.18587E1 5.78958E0 1.41346E1 1.18587E1 1.01417E1 1.01417E1 8.90397E0 7.82591E0 7.82591E0 7.82591E0 7.82591E0 7.82591E0 7.82591E0 7.82591E0 8.90397E0 -9999 -9999 7.20703E0 5.78958E0 6.90757E0 8.90397E0 7.82591E0 7.82591E0
1.01417E1 1.01417E1 1.01417E1 1.01417E1 1.01417E1 1.01417E1 1.01417E1 1.01417E1 1.01417E1 8.90397E0 8.90397E0 8.90397E0 8.90397E0 7.82591E0 7.82591E0 7.82591E0 7.82591E0 7.72609E0 7.82591E0 7.82591E0 7.82591E0 8.90397E0 8.90397E0 8.90397E0 8.90397E0 8.90397E0 8.90397E0 8.90397E0 8.90397E0 1.01417E1 1.01417E1 1.01417E1 1.01417E1 8.90397E0 8.90397E0 7.82591E0 7.82591E0 7.82591E0 7.82591E0 7.20703E0 7.82591E0 6.90757E0 7.82591E0 7.82591E0 8.90397E0 8.34498E0 1.18587E1 5.78958E0 1.18587E1 1.18587E1 1.01417E1 8.90397E0 8.90397E0 7.82591E0 8.90397E0 7.82591E0 7.20703E0 7.20703E0 7.82591E0 8.90397E0 -9999 -9999 8.90397E0 7.82591E0 7.82591E0 8.90397E0 8.90397E0 8.90397E0
8.90397E0 1.01417E1 1.18587E1 1.01417E1 1.01417E1 1.01417E1 1.01417E1 1.01417E1 1.01417E1 1.01417E1 1.01417E1 1.01417E1 8.90397E0 8.90397E0 8.90397E0 8.90397E0 8.90397E0 8.90397E0 8.90397E0 8.90397E0 8.90397E0 8.90397E0 8.90397E0 8.90397E0 8.90397E0 8.90397E0 8.90397E0 1.01417E1 1.01417E1 1.18587E1 1.18587E1 1.01417E1 1.01417E1 1.01417E1 1.01417E1 8.90397E0 8.90397E0 7.82591E0 7.82591E0 7.82591E0 7.82591E0 7.82591E0 7.82591E0 7.82591E0 8.90397E0 8.98383E0 5.78958E0 5.78958E0 1.11998E1 1.18587E1 8.90397E0 1.18587E1 1.01417E1 8.90397E0 8.90397E0 7.82591E0 7.82591E0 7.82591E0 7.82591E0 8.90397E0 -9999 -9999 8.90397E0 8.90397E0 8.90397E0 8.90397E0 7.82591E0 8.90397E0
1.01417E1 1.01417E1 1.01417E1 1.01417E1 1.01417E1 1.01417E1 1.01417E1 1.01417E1 1.01417E1 1.01417E1 1.01417E1 1.01417E1 1.01417E1 1.01417E1 1.01417E1 8.90397E0 8.90397E0 8.90397E0 8.90397E0 8.90397E0 8.90397E0 8.90397E0 5.8894E0 8.90397E0 1.01417E1 1.01417E1 1.01417E1 1.01417E1 1.01417E1 1.18587E1 1.18587E1 1.18587E1 1.18587E1 1.01417E1 1.01417E1 1.01417E1 8.90397E0 8.90397E0 8.90397E0 7.82591E0 7.82591E0 7.82591E0 7.82591E0 7.82591E0 8.90397E0 1.01417E1 1.41346E1 1.18587E1 1.01417E1 7.60631E0 1.07007E1 1.18587E1 1.18587E1 8.90397E0 1.01417E1 7.82591E0 8.90397E0 7.82591E0 8.90397E0 8.90397E0 8.90397E0 -9999 1.01417E1 8.90397E0 8.90397E0 8.90397E0 8.90397E0 8.90397E0
1.01417E1 1.18587E1 1.18587E1 1.01417E1 1.01417E1 1.01417E1 1.01417E1 1.01417E1 1.01417E1 1.01417E1 1.01417E1 1.01417E1 1.01417E1 1.01417E1 1.01417E1 1.01417E1 1.01417E1 1.01417E1 1.01417E1 1.01417E1 6.80775E0 6.92753E0 9.64264E0 9.20343E0 8.90397E0 1.01417E1 1.01417E1 1.01417E1 1.18587E1 1.41346E1 1.41346E1 1.18587E1 1.18587E1 1.18587E1 1.18587E1 1.18587E1 1.01417E1 1.01417E1 8.90397E0 7.82591E0 8.90397E0 7.82591E0 7.82591E0 8.90397E0 8.90397E0 8.90397E0 1.18587E1 1.18587E1 1.18587E1 7.60631E0 1.41346E1 1.18587E1 1.01417E1 1.01417E1 1.18587E1 1.01417E1 7.82591E0 7.82591E0 7.82591E0 8.90397E0 4.21242E0 -9999 -9999 3.71332E0 4.21242E0 8.90397E0 8.90397E0 8.90397E0
1.01417E1 1.18587E1 1.01417E1 1.01417E1 1.18587E1 1.01417E1 1.01417E1 1.01417E1 1.01417E1 1.01417E1 1.01417E1 1.01417E1 1.01417E1 1.01417E1 1.01417E1 9.92214E0 1.01417E1 1.01417E1 1.01417E1 1.01417E1 1.01417E1 1.01417E1 1.00619E1 1.01417E1 1.01417E1 1.01417E1 1.18587E1 1.18587E1 1.18587E1 1.41346E1 1.41346E1 1.41346E1 1.18587E1 1.41346E1 1.18587E1 1.18587E1 1.01417E1 1.01417E1 8.90397E0 8.90397E0 8.90397E0 8.90397E0 8.90397E0 8.90397E0 8.90397E0 8.34498E0 7.60631E0 7.60631E0 1.18587E1 1.18587E1 1.13196E1 1.01417E1 8.26512E0 1.41346E1 1.18587E1 1.01417E1 8.90397E0 8.90397E0 7.82591E0 5.23059E0 4.85127E0 4.85127E0 -9999 3.71332E0 2.87483E0 1.01417E1 8.90397E0 8.90397E0
1.01417E1 1.01417E1 1.01417E1 1.18587E1 1.18587E1 1.18587E1 1.18587E1 1.18587E1 1.18587E1 1.18587E1 1.18587E1 1.18587E1 1.18587E1 1.01417E1 1.01417E1 1.01417E1 1.01417E1 1.01417E1 1.00619E1 1.01417E1 1.01417E1 1.01417E1 1.01417E1 1.01417E1 1.01417E1 1.18587E1 1.18587E1 1.18587E1 1.18587E1 1.41346E1 1.41346E1 1.41346E1 1.41346E1 1.18587E1 1.41346E1 1.18587E1 1.18587E1 1.18587E1 1.01417E1 8.90397E0 8.90397E0 8.90397E0 8.90397E0 8.90397E0 8.90397E0 6.36854E0 8.98383E0 9.76243E0 6.90757E0 8.98383E0 1.18587E1 1.18587E1 2.87483E0 1.91655E0 2.67518E0 9.76243E0 1.01417E1 8.90397E0 8.90397E0 5.78958E0 4.51188E0 4.21242E0 -9999 -9999 4.21242E0 8.90397E0 8.90397E0 8.90397E0
1.18587E1 1.18587E1 1.18587E1 1.18587E1 1.18587E1 1.18587E1 1.18587E1 1.00619E1 1.18587E1 1.09802E1 1.18587E1 1.18587E1 1.18587E1 1.18587E1 1.18587E1 1.18587E1 1.18587E1 1.18587E1 1.18587E1 1.01417E1 1.18587E1 1.18587E1 1.18587E1 1.18587E1 1.18587E1 1.18587E1 1.18587E1 1.18587E1 1.18587E1 1.64504E1 1.64504E1 1.41346E1 1.41346E1 1.41346E1 1.32162E1 1.41346E1 1.18587E1 9.76243E0 1.18587E1 1.01417E1 6.98742E0 8.28509E0 1.01417E1 8.90397E0 8.90397E0 1.01417E1 1.18587E1 1.41346E1 1.18587E1 1.41346E1 1.41346E1 2.39569E0 1.59713E0 1.91655E0 2.39569E0 4.51188E0 1.01417E1 1.01417E1 5.23059E0 8.90397E0 6.90757E0 4.85127E0 -9999 -9999 -9999 1.01417E1 1.01417E1 1.01417E1
1.01417E1 1.01417E1 1.01417E1 1.18587E1 1.18587E1 1.18587E1 1.18587E1 1.18587E1 1.18587E1 1.18587E1 1.18587E1 1.18587E1 1.18587E1 1.18587E1 1.18587E1 1.18587E1 1.18587E1 1.18587E1 1.18587E1 1.18587E1 1.18587E1 1.18587E1 1.18587E1 1.18587E1 1.18587E1 1.18587E1 1.18587E1 1.41346E1 1.41346E1 1.5572E1 1.64504E1 1.64504E1 1.17189E1 1.41346E1 1.41346E1 1.5572E1 1.41346E1 1.18587E1 1.03813E1 1.13596E1 8.40487E0 9.00379E0 1.01417E1 1.01417E1 8.90397E0 1.01417E1 1.01417E1 1.01417E1 1.18587E1 1.41346E1 1.64504E1 1.64504E1 4.51188E0 6.36854E0 8.28509E0 2.0563E0 2.19605E0 3.71332E0 1.13596E1 6.90757E0 5.78958E0 4.85127E0 4.85127E0 -9999 -9999 -9999 3.334E0 3.71332E0
9.90218E0 1.18587E1 1.18587E1 1.18587E1 1.18587E1 1.18587E1 1.18587E1 1.05011E1 1.11998E1 1.02815E1 1.07806E1 1.18587E1 8.52466E0 1.05011E1 1.04612E1 1.18587E1 1.18587E1 1.18587E1 1.18587E1 1.18587E1 1.18587E1 1.18587E1 1.18587E1 1.18587E1 1.18587E1 1.41346E1 1.41346E1 1.41346E1 1.41346E1 1.53524E1 1.64504E1 1.64504E1 1.62707E1 1.64504E1 1.63106E1 1.64504E1 9.84228E0 1.10202E1 1.01417E1 1.18587E1 1.18587E1 1.01417E1 1.04612E1 1.01417E1 1.01417E1 8.90397E0 1.01417E1 1.01417E1 1.18587E1 1.41346E1 1.64504E1 1.64504E1 1.41346E1 6.36854E0 4.51188E0 1.4973E0 2.39569E0 2.39569E0 1.13596E1 1.01417E1 5.23059E0 4.85127E0 1.01417E1 1.01417E1 -9999 -9999 3.334E0 4.51188E0
1.112E1 1.18587E1 1.18587E1 1.18587E1 1.18587E1 1.18587E1 1.07606E1 9.86225E0 9.90218E0 7.08724E0 6.96746E0 1.12997E1 9.70254E0 1.18587E1 1.03015E1 1.18587E1 1.18587E1 9.62268E0 1.14793E1 1.00419E1 1.41346E1 1.41346E1 1.41346E1 1.41346E1 1.41346E1 1.41346E1 1.41346E1 1.41346E1 1.41346E1 1.63705E1 1.50529E1 1.64504E1 1.64504E1 1.64504E1 1.00619E1 9.20343E0 1.17988E1 8.90397E0 9.46297E0 8.14534E0 1.17988E1 1.18587E1 1.01417E1 1.10202E1 1.18587E1 8.90397E0 1.01417E1 1.01417E1 1.01417E1 1.18587E1 1.64504E1 1.64504E1 1.90856E1 3.71332E0 1.59713E0 1.75684E0 2.19605E0 2.0563E0 2.51547E0 3.15432E0 3.71332E0 9.50289E0 4.21242E0 6.90757E0 -9999 -9999 -9999 1.01417E1
1.18587E1 1.18587E1 1.18587E1 7.88581E0 1.07806E1 1.41346E1 9.76243E0 1.15193E1 8.28509E0 1.11399E1 1.10601E1 1.04013E1 1.04013E1 1.19585E1 1.40148E1 1.20982E1 1.30166E1 1.21581E1 1.2757E1 1.41346E1 1.41346E1 1.41346E1 1.41346E1 1.41346E1 1.41346E1 1.41346E1 1.41346E1 1.64504E1 1.56319E1 1.45937E1 1.4454E1 9.66261E0 1.90856E1 1.84867E1 1.36155E1 1.30565E1 7.10721E0 6.94749E0 8.40487E0 6.74785E0 8.42484E0 1.31364E1 1.18587E1 1.18587E1 1.01417E1 1.18587E1 1.01417E1 1.18587E1 1.18587E1 8.34498E0 1.41346E1 1.90856E1 7.60631E0 1.11799E0 1.59713E0 1.59713E0 1.79677E-1 3.79317E-1 4.79138E-1 1.4973E0 6.98742E-1 3.334E0 5.78958E0 6.90757E0 -9999 -9999 -9999 1.01417E1
9.66261E0 8.18527E0 7.48652E0 6.42843E0 8.9439E0 1.18587E1 7.72609E0 8.38491E0 9.82232E0 1.00619E1 1.2797E1 1.06608E1 1.0002E1 9.68257E0 1.41346E1 1.31364E1 1.31563E1 1.41346E1 1.41346E1 1.41346E1 1.41346E1 1.41346E1 1.34558E1 1.35157E1 1.6091E1 1.64504E1 1.64504E1 1.64504E1 1.29367E1 1.64504E1 1.41346E1 1.5572E1 1.03414E1 9.70254E0 1.04212E1 1.68297E1 1.10202E1 6.98742E0 6.92753E0 1.01417E1 1.26572E1 1.41346E1 1.41346E1 1.41346E1 1.18587E1 1.03813E1 1.18587E1 1.18587E1 1.18587E1 1.18587E1 1.41346E1 1.90856E1 1.90856E1 2.51547E0 1.59713E0 2.0563E0 8.18527E-1 1.03813E0 5.78958E-1 1.4973E0 3.334E0 3.99281E0 3.99281E0 4.51188E0 -9999 -9999 -9999 -9999
1.01417E1 1.01417E1 8.96387E0 8.78419E0 6.72789E0 9.76243E0 7.24696E0 6.34857E0 9.00379E0 9.58275E0 1.17389E1 1.12398E1 1.14793E1 6.34857E0 1.30365E1 1.41346E1 1.0561E1 1.41346E1 1.41346E1 1.33759E1 1.41346E1 1.45338E1 1.2198E1 1.41945E1 1.34957E1 1.64504E1 1.64504E1 1.64504E1 1.48133E1 1.63106E1 1.41745E1 1.01817E1 1.18587E1 9.74246E0 8.30505E0 1.77281E1 1.54322E1 1.46936E1 1.05011E1 9.48293E0 1.01417E1 1.54721E1 1.64504E1 1.41346E1 1.41346E1 1.18587E1 1.18587E1 1.18587E1 1.18587E1 1.18587E1 1.41346E1 1.90856E1 1.90856E1 8.34498E0 1.17788E0 1.11799E0 1.4973E0 2.19605E0 2.19605E0 2.0563E0 2.87483E0 3.334E0 4.21242E0 2.87483E0 5.78958E0 -9999 -9999 -9999
9.58275E0 9.82232E0 7.24696E0 7.12717E0 6.84767E0 1.18587E1 6.76782E0 6.109E0 1.20383E1 1.13596E1 8.90397E0 8.80415E0 9.18347E0 9.46297E0 1.07606E1 1.1639E1 1.01417E1 1.14394E1 1.31364E1 1.41346E1 1.30964E1 1.36754E1 1.13196E1 1.13196E1 1.31563E1 1.64504E1 1.64504E1 1.90856E1 1.64903E1 1.50529E1 1.36155E1 9.60272E0 9.18347E0 1.10601E1 1.01617E1 1.87263E1 1.75883E1 1.53524E1 1.40946E1 1.32362E1 9.66261E0 1.07606E1 1.17189E1 1.41346E1 1.41346E1 1.18587E1 1.18587E1 1.18587E1 1.41346E1 1.41346E1 5.23059E0 1.64504E1 1.64504E1 3.15432E0 9.78239E-1 8.98383E-1 1.4973E0 1.59713E0 2.0563E0 1.91655E0 3.71332E0 4.51188E0 4.21242E0 2.67518E0 3.15432E0 5.78958E0 -9999 -9999
8.22519E0 6.12897E0 5.96926E0 7.78598E0 8.90397E0 1.01417E1 1.00619E1 5.47015E0 9.38311E0 1.24975E1 9.40307E0 9.18347E0 4.79138E0 8.18527E0 1.09603E1 1.34558E1 1.64504E1 1.64504E1 1.39349E1 1.46936E1 1.43741E1 1.31364E1 1.3316E1 1.30964E1 1.30964E1 1.76482E1 1.54123E1 1.90856E1 1.90856E1 9.98203E0 1.00619E1 1.13596E1 1.04212E1 1.10202E1 1.65901E1 1.81873E1 1.42743E1 1.53124E1 1.62707E1 1.68297E1 1.11998E1 1.30365E1 1.37153E1 1.62707E1 1.36754E1 1.41346E1 1.41346E1 8.98383E0 1.41346E1 1.64504E1 1.22779E1 1.90856E1 1.90856E1 7.60631E0 3.15432E0 1.75684E0 1.31763E0 6.98742E-1 2.19605E0 2.0563E0 2.67518E0 4.21242E0 4.21242E0 3.71332E0 1.18587E1 1.18587E1 1.41346E1 -9999
7.54642E0 8.64444E0 1.01417E1 8.90397E0 1.00619E1 6.36854E0 9.66261E0 4.17249E0 5.6099E0 9.98203E0 5.56997E0 5.6099E0 1.29966E1 1.04013E1 9.48293E0 9.70254E0 1.20982E1 1.45338E1 1.64504E1 9.62268E0 7.02735E0 9.36315E0 8.64444E0 1.42743E1 1.53524E1 1.76482E1 1.70892E1 1.67299E1 1.90856E1 1.32162E1 1.43142E1 1.112E1 1.00619E1 7.36674E0 1.5572E1 1.71891E1 1.87662E1 1.84867E1 2.09822E1 2.08824E1 1.20982E1 9.18347E0 8.08545E0 1.07606E1 1.32362E1 1.41346E1 1.41346E1 5.78958E0 7.60631E0 1.71092E1 9.76243E0 1.03813E1 2.18207E1 2.0583E1 2.87483E0 7.18706E-1 1.17788E0 1.4973E0 6.98742E-1 2.0563E0 2.39569E0 9.76243E0 3.71332E0 4.21242E0 1.18587E1 4.21242E0 1.41346E1 -9999
8.70433E0 8.80415E0 1.01417E1 8.90397E0 1.01417E1 1.01417E1 1.18587E1 1.01617E1 8.90397E0 4.95109E0 1.06608E1 1.17389E1 9.88221E0 9.58275E0 1.26772E1 1.36754E1 1.01617E1 6.82771E0 9.38311E0 9.48293E0 7.84588E0 8.30505E0 1.68097E1 1.58914E1 1.37752E1 1.74486E1 1.69295E1 1.68097E1 1.34558E1 1.01617E1 1.17988E1 1.43142E1 1.112E1 1.60311E1 1.09603E1 1.56319E1 1.70493E1 1.50729E1 1.34558E1 1.19984E1 1.53124E1 1.07806E1 1.07606E1 1.41945E1 1.29367E1 1.51527E1 1.41346E1 1.41346E1 1.64504E1 4.51188E0 1.03813E1 9.76243E0 1.90856E1 2.18207E1 2.49152E1 3.15432E0 7.78599E-1 6.58814E-1 1.59713E0 4.79138E-1 2.51547E0 2.0563E0 2.39569E0 2.87483E0 1.07207E1 1.18587E1 1.40946E1 1.41346E1
1.01417E1 1.01417E1 9.38311E0 9.08365E0 1.01417E1 4.51188E0 8.98383E0 1.18587E1 7.88581E0 6.3885E0 5.66979E0 6.72789E0 7.60631E0 9.46297E0 6.92753E0 1.05011E1 9.70254E0 1.01617E1 9.40307E0 8.90397E0 1.08006E1 1.24975E1 1.69894E1 1.65901E1 1.90856E1 1.81873E1 1.51527E1 1.14793E1 1.80874E1 1.10601E1 1.40148E1 1.26572E1 1.4434E1 1.58914E1 9.82232E0 1.01417E1 9.12358E0 7.54642E0 1.44939E1 1.30565E1 1.08006E1 9.82232E0 1.20982E1 1.12398E1 8.90397E0 1.09802E1 1.21581E1 1.52725E1 1.41346E1 1.64504E1 1.03813E1 1.90856E1 1.90856E1 2.18207E1 2.18207E1 2.49152E1 1.6091E1 1.03813E0 2.0563E0 2.39569E0 2.19605E0 2.39569E0 2.67518E0 4.21242E0 9.443E0 1.04013E1 1.18587E1 1.41346E1
9.38311E0 6.82771E0 8.70433E0 8.42484E0 1.01417E1 1.11998E1 6.36854E0 1.41346E1 8.40487E0 5.96926E0 5.64983E0 7.30685E0 8.22519E0 9.46297E0 6.84767E0 6.40846E0 1.08405E1 1.04013E1 1.17189E1 1.26772E1 1.40148E1 1.40946E1 1.84668E1 1.46536E1 1.46936E1 1.53124E1 1.49331E1 1.31364E1 1.64903E1 1.65901E1 1.50529E1 1.75883E1 9.74246E0 1.112E1 7.62627E0 8.78419E0 9.48293E0 7.78598E0 1.36754E1 1.41745E1 1.23178E1 1.02815E1 7.88581E0 1.01417E1 7.20703E0 8.62448E0 6.36854E0 1.12398E1 1.41346E1 1.64504E1 1.64504E1 1.64504E1 1.90856E1 2.18207E1 2.18207E1 2.09623E1 1.77281E1 1.31763E1 1.31763E0 1.4973E0 2.0563E0 3.15432E0 3.334E0 1.22779E1 1.64504E1 1.41346E1 1.41346E1 1.41346E1
1.01417E1 8.64444E0 9.78239E0 8.80415E0 1.18587E1 1.18587E1 9.9421E0 1.41346E1 9.00379E0 6.72789E0 5.64983E0 8.00559E0 7.18706E0 6.3885E0 8.28509E0 6.50829E0 1.28968E1 1.12997E1 1.18387E1 1.20982E1 1.08405E1 1.24176E1 1.65901E1 1.64903E1 1.56319E1 1.1679E1 1.19984E1 1.44939E1 1.43142E1 1.669E1 1.29367E1 1.3316E1 1.06608E1 9.64264E0 7.60631E0 9.10361E0 9.00379E0 9.00379E0 1.28968E1 1.45139E1 1.50729E1 1.19585E1 7.88581E0 7.54642E0 9.54282E0 6.50829E0 7.36674E0 1.07207E1 1.41346E1 1.64504E1 1.41346E1 1.64504E1 1.64504E1 1.64504E1 1.90856E1 1.95049E1 2.19205E1 1.98443E1 1.59713E0 2.0563E0 2.19605E0 8.34498E0 1.03813E1 1.31763E1 1.64504E1 1.64504E1 1.41346E1 1.41346E1
8.30505E0 7.02735E0 1.18587E1 1.01417E1 1.18587E1 1.18587E1 9.46297E0 1.18587E1 9.82232E0 1.03414E1 4.07267E0 5.51008E0 5.64983E0 5.13076E0 1.00619E1 1.08405E1 1.07207E1 9.90218E0 1.00619E1 1.06009E1 1.04013E1 1.43542E1 1.84668E1 1.70892E1 1.669E1 1.73488E1 1.01817E1 1.42743E1 1.43741E1 1.65901E1 1.36754E1 1.23178E1 8.42484E0 7.9457E0 5.82951E0 7.42663E0 1.35157E1 1.5572E1 1.36155E1 1.12997E1 1.29367E1 8.78419E0 7.48652E0 7.62627E0 6.3885E0 7.54642E0 7.18706E0 9.40307E0 1.11399E1 1.23578E1 7.60631E0 1.41346E1 1.41346E1 1.90856E1 1.90856E1 2.04432E1 1.83669E1 1.65901E1 1.36754E1 4.21242E0 4.85127E0 1.10601E1 1.30365E1 1.3336E1 1.64504E1 1.64504E1 1.64504E1 1.52925E1
6.96746E0 8.42484E0 1.10202E1 1.18587E1 1.00619E1 8.9439E0 1.30565E1 1.23178E1 1.1639E1 1.31364E1 1.03813E1 5.43023E0 5.86943E0 9.82232E0 1.01018E1 1.08006E1 1.08405E1 8.78419E0 1.07606E1 1.20383E1 6.98742E0 1.29367E1 1.43142E1 1.40946E1 1.49331E1 1.49331E1 8.96387E0 8.78419E0 9.54282E0 1.36155E1 1.07606E1 1.25774E1 6.80775E0 5.43023E0 6.20882E0 7.74606E0 6.76782E0 7.02735E0 5.8894E0 1.28968E1 1.21182E1 9.90218E0 7.86584E0 5.90936E0 6.96746E0 6.668E0 7.72609E0 6.36854E0 9.62268E0 1.04612E1 1.41346E1 1.41346E1 1.64504E1 1.64504E1 2.18207E1 2.18207E1 2.17808E1 2.42164E1 1.22779E1 3.99281E0 1.17788E0 4.21242E0 2.19605E0 5.78958E0 8.34498E0 7.60631E0 5.78958E0 1.19984E1
