ENM/Final_Models/M_1_F_qp_Set_1_E/Gustavia_santanderiensis_9_Choco.asc
ncols         367
nrows         963
xllcorner     -78.6
yllcorner     0.65
cellsize      0.00833333333333323
NODATA_value  -9999
[rows 150 to 179 of 963, columns 67 to 133 of 367]
-9999 -9999 -9999 -9999 -9999 -9999 -9999 -9999 -9999 -9999 -9999 -9999 -9999 -9999 -9999 -9999 -9999 -9999 -9999 -9999 -9999 -9999 -9999 -9999 -9999 -9999 -9999 -9999 -9999 -9999 -9999 -9999 -9999 1.86719E-4 7.90767E-5 1.45328E-4 1.62499E-4 4.20586E-4 4.04046E-4 4.80578E-4 -9999 4.90132E-4 4.23709E-4 1.26438E-3 3.37053E-3 1.54546E-3 1.9159E-3 5.76756E-3 4.31732E-3 4.58112E-3 8.90025E-3 1.97997E-2 1.04711E-2 1.8285E-2 2.82179E-2 5.5855E-2 3.35867E-2 5.31892E-3 5.93894E-3 1.14268E-2 8.90866E-3 4.00492E-3 1.97667E-3 1.55847E-3 2.05003E-3 2.39357E-3 1.11105E-3
-9999 -9999 -9999 -9999 -9999 -9999 -9999 -9999 -9999 -9999 -9999 -9999 -9999 -9999 -9999 -9999 -9999 -9999 -9999 -9999 -9999 -9999 -9999 -9999 -9999 -9999 -9999 -9999 -9999 -9999 -9999 -9999 1.53723E-4 2.74786E-4 4.63912E-4 1.74079E-4 2.44107E-4 5.79417E-4 5.11492E-4 2.45708E-4 -9999 -9999 3.22703E-4 1.47479E-3 1.70985E-3 2.44517E-3 3.26729E-3 3.33626E-3 4.86017E-3 1.10001E-2 7.45391E-2 1.43967E-2 2.04449E-2 2.85323E-2 4.88689E-2 2.60375E-2 8.5872E-3 4.1435E-3 8.30116E-4 3.98501E-3 3.56874E-3 2.10898E-3 8.4454E-4 5.99512E-4 9.3584E-4 2.28776E-3 3.07705E-3
-9999 -9999 -9999 -9999 -9999 -9999 -9999 -9999 -9999 -9999 -9999 -9999 -9999 -9999 -9999 -9999 -9999 -9999 -9999 -9999 -9999 -9999 -9999 -9999 -9999 -9999 -9999 -9999 -9999 -9999 -9999 -9999 1.01039E-4 2.4609E-4 5.80849E-4 3.51481E-4 3.44609E-4 5.00662E-4 3.71042E-4 2.68529E-4 -9999 -9999 6.30578E-4 3.00558E-3 3.317E-3 2.8832E-3 4.44428E-3 5.35412E-3 8.04804E-3 6.99485E-2 4.85734E-2 1.98635E-2 1.10116E-2 1.6127E-2 2.16871E-2 1.00251E-2 3.50839E-3 3.21406E-3 3.98561E-3 1.56151E-3 1.23877E-3 9.88111E-4 2.47196E-3 1.00634E-3 1.34501E-3 3.66279E-3 1.82272E-3
-9999 -9999 -9999 -9999 -9999 -9999 -9999 -9999 -9999 -9999 -9999 -9999 -9999 -9999 -9999 -9999 -9999 -9999 -9999 -9999 -9999 -9999 -9999 -9999 -9999 -9999 -9999 -9999 2.58111E-4 -9999 1.56834E-4 1.73631E-4 3.80912E-5 1.00763E-4 4.40957E-4 2.53615E-4 3.67377E-4 5.00629E-4 5.06824E-4 5.67603E-4 -9999 -9999 -9999 1.51201E-3 2.0006E-3 6.45047E-3 7.29248E-3 5.24518E-3 6.12829E-3 7.69509E-2 6.05592E-2 3.12582E-2 7.77434E-3 1.08931E-2 1.65235E-2 3.05052E-3 3.53917E-3 6.09245E-4 1.00719E-3 4.52135E-4 3.0908E-4 2.53071E-4 8.19182E-4 6.17497E-4 1.09287E-3 3.19643E-3 2.26681E-3
-9999 -9999 -9999 -9999 -9999 -9999 -9999 -9999 -9999 -9999 -9999 -9999 -9999 -9999 -9999 -9999 -9999 -9999 -9999 -9999 -9999 -9999 -9999 -9999 -9999 -9999 -9999 5.54537E-4 2.09919E-4 2.33242E-4 2.22173E-4 1.57573E-4 6.78656E-5 1.13329E-4 1.87258E-4 1.86522E-4 5.77609E-4 6.75909E-4 1.2333E-3 1.05625E-3 -9999 -9999 -9999 1.98809E-3 6.16825E-3 4.21907E-3 6.47035E-3 4.75604E-3 8.08084E-3 7.56046E-2 1.06125E-1 6.68812E-2 1.47001E-2 2.4094E-2 1.8626E-2 3.23929E-3 1.84257E-3 2.35663E-3 1.88148E-3 1.04764E-3 9.76008E-4 1.63263E-3 1.67051E-3 1.43901E-3 1.62126E-3 2.8733E-3 3.34969E-3
-9999 -9999 -9999 -9999 -9999 -9999 -9999 -9999 -9999 -9999 -9999 -9999 -9999 -9999 -9999 -9999 -9999 -9999 -9999 -9999 -9999 -9999 -9999 -9999 -9999 -9999 -9999 3.72332E-4 1.95381E-4 1.57572E-4 1.86178E-4 2.96067E-4 2.25287E-4 2.90271E-4 1.67808E-4 1.99658E-4 2.07379E-4 4.97008E-4 1.5305E-4 2.12898E-4 -9999 -9999 -9999 2.45854E-3 7.28384E-3 7.99231E-3 4.44154E-3 4.34229E-3 6.38822E-3 5.0217E-2 5.95135E-2 7.35014E-2 2.26376E-2 5.9251E-3 7.97762E-3 1.17934E-3 2.99169E-3 2.81047E-3 1.496E-3 1.18172E-4 3.79643E-4 4.45426E-4 6.08572E-4 1.21412E-3 5.13273E-4 1.42655E-4 1.54709E-4
-9999 -9999 -9999 -9999 -9999 -9999 -9999 -9999 -9999 -9999 -9999 -9999 -9999 -9999 -9999 -9999 -9999 -9999 -9999 -9999 -9999 -9999 -9999 -9999 -9999 -9999 -9999 3.17315E-4 1.90103E-4 7.73099E-5 8.04729E-5 1.40159E-4 1.55732E-4 2.10165E-4 2.04597E-4 2.06267E-4 1.84265E-4 3.47682E-4 2.07435E-4 4.83982E-4 -9999 -9999 -9999 2.50578E-3 3.17749E-3 2.28254E-3 2.01561E-3 7.36183E-3 2.39378E-2 3.21213E-2 3.18433E-2 2.30443E-2 1.09369E-2 5.21548E-3 1.29473E-3 6.19937E-4 9.92116E-4 1.00601E-3 1.46849E-4 3.94313E-4 1.21288E-4 9.34335E-5 9.49243E-4 6.83639E-4 7.24839E-4 4.9068E-4 7.11404E-4
-9999 -9999 -9999 -9999 -9999 -9999 -9999 -9999 -9999 -9999 -9999 -9999 -9999 -9999 -9999 -9999 -9999 -9999 -9999 -9999 -9999 -9999 -9999 -9999 -9999 -9999 8.46614E-4 7.77191E-4 2.15317E-4 9.58175E-5 1.96455E-4 5.9225E-4 5.19682E-4 3.85013E-4 2.23829E-4 4.07154E-4 3.96502E-4 2.5698E-4 1.50941E-4 2.97073E-4 4.27011E-4 -9999 -9999 -9999 2.40862E-3 2.72449E-3 4.18986E-3 3.62266E-3 4.51727E-3 1.48812E-2 3.31864E-2 3.40504E-2 1.90499E-2 7.58535E-3 1.13873E-3 7.95472E-4 4.5742E-4 1.41461E-4 7.55397E-5 6.22056E-4 7.08547E-4 5.86426E-4 4.84697E-4 8.20138E-4 4.74837E-4 1.70043E-3 1.43113E-3
-9999 -9999 -9999 -9999 -9999 -9999 -9999 -9999 -9999 -9999 -9999 -9999 -9999 -9999 -9999 -9999 -9999 -9999 -9999 -9999 -9999 -9999 -9999 -9999 -9999 -9999 2.42371E-4 1.94064E-4 3.90262E-4 1.36829E-4 2.06146E-4 2.47523E-4 2.99208E-4 1.76098E-4 5.73853E-4 5.80783E-4 4.99E-4 6.67536E-4 2.76845E-4 4.48393E-4 1.40139E-3 -9999 -9999 -9999 1.38743E-3 1.62117E-3 4.07238E-3 3.18947E-3 7.3551E-3 9.21234E-3 2.34796E-2 4.32829E-2 1.56066E-2 6.37786E-3 1.54746E-3 1.01386E-3 5.85919E-4 1.06635E-3 3.41848E-4 4.17995E-4 1.07067E-3 9.88372E-4 4.55703E-4 1.09356E-3 1.12548E-3 1.11755E-3 2.14047E-3
-9999 -9999 -9999 -9999 -9999 -9999 -9999 -9999 -9999 -9999 -9999 -9999 -9999 -9999 -9999 -9999 -9999 -9999 -9999 -9999 -9999 -9999 -9999 -9999 -9999 1.66479E-3 3.60141E-4 9.33696E-5 2.07553E-3 3.73649E-4 4.16258E-4 4.44184E-4 7.87161E-4 3.67798E-4 7.12854E-4 6.32651E-4 1.14604E-3 5.01724E-4 6.30742E-4 8.97329E-4 7.85615E-4 -9999 -9999 -9999 1.91458E-3 2.73501E-3 2.05683E-3 3.54011E-3 6.71525E-3 9.165E-3 1.61233E-2 3.40915E-2 1.4576E-2 6.87787E-3 7.41167E-4 6.88583E-4 7.99472E-4 1.0144E-3 4.80876E-4 1.18411E-3 1.04154E-3 1.34942E-3 2.31839E-3 1.10584E-3 2.24245E-3 9.78983E-4 1.11545E-3
-9999 -9999 -9999 -9999 -9999 -9999 -9999 -9999 -9999 -9999 -9999 -9999 -9999 -9999 -9999 -9999 -9999 -9999 -9999 -9999 -9999 -9999 -9999 -9999 -9999 1.64516E-3 8.28618E-4 2.96056E-4 4.3654E-4 1.56197E-4 9.19136E-5 3.00225E-4 2.97049E-4 2.10654E-4 7.60105E-4 7.0878E-4 1.80578E-3 5.47881E-4 1.1088E-3 9.78738E-4 1.78584E-3 1.12944E-3 -9999 -9999 1.01031E-3 2.88207E-3 3.06735E-3 2.83619E-3 4.25165E-3 6.35847E-3 1.0618E-2 1.81079E-2 1.26328E-2 8.77442E-3 1.69853E-3 1.01477E-3 1.65057E-3 1.32884E-3 9.28717E-4 1.11293E-3 1.14048E-3 1.43617E-3 1.83459E-3 1.38078E-3 1.66898E-3 5.4009E-4 6.50543E-4
-9999 -9999 -9999 -9999 -9999 -9999 -9999 -9999 -9999 -9999 -9999 -9999 -9999 -9999 -9999 -9999 -9999 -9999 -9999 -9999 -9999 -9999 -9999 -9999 2.20501E-3 1.28679E-3 1.31984E-3 6.22774E-4 2.04501E-4 2.74339E-4 2.01441E-4 2.19611E-4 1.2629E-4 1.00062E-4 2.36673E-4 4.49481E-4 3.22637E-4 2.78791E-4 8.10789E-4 9.56095E-4 9.53797E-4 6.09783E-4 9.2117E-4 3.3262E-4 1.48376E-3 1.02034E-3 2.0393E-3 3.58693E-3 4.87142E-3 6.68422E-3 1.07092E-2 4.48466E-3 4.54344E-3 2.95188E-3 9.65724E-4 1.06505E-3 1.6258E-3 7.88439E-4 1.0104E-3 1.24515E-3 1.06832E-3 1.27059E-3 1.13965E-3 1.15458E-3 1.01267E-3 2.02191E-3 4.96562E-4
-9999 -9999 -9999 -9999 -9999 -9999 -9999 -9999 -9999 -9999 -9999 -9999 -9999 -9999 -9999 -9999 -9999 -9999 -9999 -9999 -9999 -9999 -9999 -9999 1.23903E-3 1.07765E-3 1.02878E-3 4.94427E-4 3.44469E-4 3.07727E-4 3.00204E-4 2.19274E-4 1.05955E-4 3.1877E-4 6.55919E-4 9.2844E-4 4.22495E-4 3.5282E-4 1.0594E-3 9.6043E-4 1.16112E-3 9.7652E-4 1.00692E-3 4.31292E-4 6.60566E-4 2.35065E-3 1.76431E-3 2.68799E-3 1.03418E-3 1.32395E-3 2.4087E-3 4.2068E-3 1.86153E-3 1.31334E-3 9.31362E-4 4.44888E-4 6.92493E-4 3.78376E-3 1.72364E-3 2.09057E-3 1.84004E-3 1.72461E-3 1.16137E-3 1.11327E-3 1.6987E-3 1.36629E-3 1.69968E-3
-9999 -9999 -9999 -9999 -9999 -9999 -9999 -9999 -9999 -9999 -9999 -9999 -9999 -9999 -9999 -9999 -9999 -9999 -9999 -9999 -9999 -9999 -9999 -9999 5.03738E-4 7.15376E-4 2.05489E-3 7.74165E-4 6.75509E-4 3.58417E-4 2.48251E-4 4.46275E-4 1.29064E-4 4.10221E-4 3.86664E-4 4.66876E-4 9.21788E-4 8.7964E-4 7.69994E-4 1.19773E-3 1.41773E-3 1.23037E-3 1.27758E-3 6.56429E-4 2.65772E-4 2.66646E-4 1.78088E-3 7.90439E-4 7.54365E-4 1.33607E-3 1.20044E-3 2.01986E-3 2.44677E-3 3.09184E-3 1.51488E-3 7.66806E-4 1.16519E-3 1.36293E-3 1.38086E-3 2.94272E-3 1.21231E-3 7.95831E-4 1.27203E-3 3.33097E-3 1.09455E-3 1.18247E-3 1.33106E-3
-9999 -9999 -9999 -9999 -9999 -9999 -9999 -9999 -9999 -9999 -9999 -9999 -9999 -9999 -9999 -9999 -9999 -9999 -9999 -9999 -9999 -9999 -9999 4.19685E-4 4.20792E-4 1.5027E-3 1.05759E-3 6.97701E-4 5.63998E-4 3.55228E-4 9.89486E-4 1.14249E-3 7.99365E-4 1.15658E-3 1.29998E-3 9.68973E-4 5.68873E-4 4.71619E-4 2.68297E-3 3.63705E-3 2.32131E-3 2.6922E-3 1.77015E-3 1.86168E-3 9.37289E-4 8.46017E-4 1.75584E-3 1.85978E-3 1.38988E-3 1.10401E-3 1.10966E-3 1.49761E-3 1.58905E-3 1.70685E-3 1.83797E-3 1.18104E-3 1.07336E-3 8.18472E-4 8.98395E-4 2.17665E-3 1.54355E-3 1.23536E-3 1.96887E-3 4.63777E-3 2.24628E-3 9.28955E-4 6.41004E-4
-9999 -9999 -9999 -9999 -9999 -9999 -9999 -9999 -9999 -9999 -9999 -9999 -9999 -9999 -9999 -9999 -9999 -9999 -9999 -9999 -9999 -9999 -9999 1.23701E-3 8.28933E-4 1.08136E-3 1.41333E-3 5.33474E-4 5.85063E-4 5.26638E-4 5.7472E-4 5.45482E-4 8.39642E-4 5.81792E-4 9.14847E-4 3.40356E-4 6.40386E-4 6.35591E-4 9.14817E-4 4.87099E-3 1.56217E-3 1.05821E-3 6.18824E-4 5.92197E-4 3.22822E-4 4.00501E-4 1.30387E-3 9.82761E-4 1.15207E-3 1.55802E-3 1.81839E-3 1.73694E-3 1.32205E-3 1.54121E-3 1.43709E-3 2.18408E-3 2.47557E-3 1.51988E-3 1.84259E-3 2.22283E-3 2.45635E-3 1.08051E-3 1.80964E-3 1.61766E-3 3.26055E-3 1.59783E-3 8.91429E-4
-9999 -9999 -9999 -9999 -9999 -9999 -9999 -9999 -9999 -9999 -9999 -9999 -9999 -9999 -9999 -9999 -9999 -9999 -9999 -9999 -9999 -9999 6.82191E-4 4.78422E-4 7.83078E-4 5.80452E-4 1.10043E-3 6.83972E-4 6.94997E-4 6.76251E-4 5.5293E-4 6.90943E-4 6.15293E-4 8.24783E-4 1.68421E-3 5.47545E-4 2.73713E-4 6.19916E-4 6.73946E-4 1.65504E-3 1.43994E-3 1.49837E-3 4.97275E-4 4.15503E-4 9.32525E-4 9.86207E-4 9.73718E-4 6.28968E-4 1.06343E-3 1.15134E-3 1.48473E-3 6.37012E-4 1.39086E-3 1.87647E-3 1.36162E-3 2.51025E-3 2.96505E-3 1.99786E-3 1.31685E-3 2.7372E-3 2.82108E-3 1.64066E-3 1.82691E-3 1.57084E-3 2.10788E-3 4.04386E-3 9.5299E-4
-9999 -9999 -9999 -9999 -9999 -9999 -9999 -9999 -9999 -9999 -9999 -9999 -9999 -9999 -9999 -9999 -9999 -9999 -9999 -9999 -9999 -9999 8.4461E-4 8.90122E-4 1.08948E-3 1.02242E-3 2.02589E-3 1.16743E-3 1.18144E-3 8.16849E-4 3.74349E-4 4.56169E-4 7.22573E-4 5.25455E-4 1.64609E-3 5.75997E-4 5.27271E-4 3.80514E-4 9.17654E-4 1.13991E-3 1.30039E-3 3.60644E-3 1.59321E-3 1.09436E-3 1.74713E-3 2.37451E-3 5.16361E-3 2.69482E-3 7.81627E-4 7.4449E-4 4.98555E-4 6.77755E-4 8.78383E-4 7.38784E-4 1.67536E-3 2.09914E-3 3.92251E-3 2.53777E-3 1.48371E-3 3.25216E-3 2.0322E-3 2.27983E-3 4.58004E-3 2.723E-3 2.4359E-3 1.81817E-3 1.3018E-3
-9999 -9999 -9999 -9999 -9999 -9999 -9999 -9999 -9999 -9999 -9999 -9999 -9999 -9999 -9999 -9999 -9999 -9999 -9999 -9999 -9999 2.96599E-4 5.9553E-4 6.06211E-4 1.63525E-3 3.52684E-3 3.44536E-3 2.34049E-3 1.52912E-3 8.25918E-4 3.36256E-4 6.67251E-4 9.82787E-4 4.97424E-4 5.97844E-4 6.8031E-4 3.71658E-4 4.86731E-4 6.62961E-4 7.82337E-4 1.86561E-3 2.13972E-3 1.90471E-3 2.08077E-3 3.14661E-3 2.88241E-3 1.63887E-3 1.27969E-3 7.47693E-4 1.09119E-3 7.57673E-4 9.65481E-4 1.54974E-3 6.6017E-4 6.11902E-4 3.05253E-3 2.7785E-3 3.19653E-3 1.96298E-3 4.41171E-3 3.34843E-3 1.05069E-3 2.80635E-3 1.71893E-3 1.44132E-3 1.24811E-3 2.24654E-3
-9999 -9999 -9999 -9999 -9999 -9999 -9999 -9999 -9999 -9999 -9999 -9999 -9999 -9999 -9999 -9999 -9999 -9999 -9999 -9999 -9999 5.01656E-5 2.19655E-4 7.03769E-4 6.42154E-4 1.57454E-3 5.32741E-3 2.38628E-3 2.50655E-4 9.41216E-4 1.17277E-3 1.41875E-3 1.14336E-3 3.42103E-4 4.19452E-4 4.62555E-4 4.38133E-4 2.60365E-4 3.14665E-4 1.60435E-3 2.34315E-3 4.17167E-3 2.26167E-3 2.59807E-3 3.33155E-3 3.24668E-3 3.13381E-3 2.55324E-3 1.55038E-3 1.94421E-3 1.94376E-3 1.85889E-3 1.81981E-3 1.39238E-3 1.37136E-3 2.96192E-3 4.15703E-3 3.94533E-3 1.33335E-3 3.44416E-3 2.05656E-3 1.66423E-3 3.41727E-3 2.55315E-3 1.07439E-3 5.54968E-4 7.93135E-4
-9999 -9999 -9999 -9999 -9999 -9999 -9999 -9999 -9999 -9999 -9999 -9999 -9999 -9999 -9999 -9999 -9999 -9999 -9999 -9999 2.82818E-6 1.15529E-5 1.77594E-4 3.0021E-4 8.54184E-4 1.2581E-3 2.82518E-3 4.5109E-3 3.18523E-3 4.34919E-4 3.38521E-4 2.90255E-4 2.22268E-4 2.78893E-4 6.01466E-4 3.56615E-4 3.52393E-4 7.56335E-4 6.92594E-4 2.19945E-3 2.36649E-3 1.00257E-3 8.34187E-4 1.52907E-3 1.86734E-3 1.88711E-3 1.28383E-3 2.38181E-3 2.47237E-3 2.00269E-3 1.94864E-3 2.54816E-3 3.63388E-3 4.01344E-3 3.29372E-3 4.03163E-3 4.89079E-3 2.53045E-3 2.67632E-3 5.00083E-3 2.04729E-3 1.39554E-3 1.60962E-3 1.99455E-3 1.60856E-3 1.05733E-3 1.0631E-3
-9999 -9999 -9999 -9999 -9999 -9999 -9999 -9999 -9999 -9999 -9999 -9999 -9999 -9999 -9999 -9999 -9999 -9999 -9999 -9999 3.2138E-6 7.16589E-6 4.12343E-5 5.77866E-4 5.55439E-4 1.01752E-3 1.25463E-3 2.45873E-3 1.50184E-3 5.23506E-4 3.36848E-4 3.73965E-4 3.22354E-4 3.09986E-4 3.95273E-4 8.18124E-4 1.24612E-3 1.56495E-3 1.55013E-3 1.89854E-3 3.1376E-4 1.58943E-4 6.94282E-5 4.5084E-4 7.75765E-4 1.46211E-3 1.0664E-3 3.02168E-3 3.73219E-3 2.33026E-3 2.34819E-3 2.26634E-3 4.60208E-3 4.3643E-3 4.99361E-3 4.6517E-3 4.1978E-3 2.61185E-3 3.3661E-3 1.81502E-3 2.56987E-3 5.85371E-4 1.10303E-3 1.36903E-3 1.31822E-3 6.86607E-4 1.3355E-3
-9999 -9999 -9999 -9999 -9999 -9999 -9999 -9999 -9999 -9999 -9999 -9999 -9999 -9999 -9999 -9999 -9999 -9999 -9999 9.03612E-5 1.29184E-5 1.17363E-5 3.49991E-5 3.47494E-4 7.28597E-4 1.00079E-3 9.7505E-4 1.17249E-3 6.99823E-4 4.97964E-4 3.24347E-4 4.75703E-4 3.2432E-4 3.96176E-4 2.03216E-4 1.22216E-3 2.2186E-3 2.38655E-3 8.00393E-4 5.1304E-4 1.53147E-4 2.68892E-4 8.58156E-5 6.67646E-5 1.42872E-4 7.50741E-4 3.77544E-4 1.59491E-3 2.88669E-3 2.53853E-3 2.61371E-3 2.98614E-3 3.51939E-3 3.83886E-3 3.4874E-3 2.58072E-3 2.2653E-3 2.05962E-3 2.49854E-3 2.03119E-3 2.38574E-3 1.26832E-3 1.69249E-3 1.78827E-3 7.73425E-4 7.70411E-4 1.77781E-3
-9999 -9999 -9999 -9999 -9999 -9999 -9999 -9999 -9999 -9999 -9999 -9999 -9999 -9999 -9999 -9999 -9999 -9999 -9999 5.42573E-4 1.25199E-4 6.15265E-5 3.88655E-5 1.79055E-4 8.5797E-4 6.51105E-4 3.55594E-4 1.28653E-3 3.34592E-4 2.16785E-4 4.09327E-4 4.43824E-4 4.53124E-4 3.30044E-4 4.35881E-4 1.09416E-3 2.45128E-3 2.32888E-3 7.84631E-4 2.86243E-4 1.15195E-4 1.75593E-4 1.14758E-4 6.29632E-5 1.25989E-4 1.64148E-4 4.26537E-4 9.31807E-4 3.14932E-3 3.96311E-3 3.59046E-3 2.14846E-3 3.4051E-3 4.59996E-3 2.81587E-3 3.24841E-3 1.88464E-3 1.91688E-3 4.14303E-3 3.07569E-3 2.48472E-3 1.56908E-3 1.04044E-3 4.39367E-4 5.54706E-4 1.28555E-3 1.05911E-3
-9999 -9999 -9999 -9999 -9999 -9999 -9999 -9999 -9999 -9999 -9999 -9999 -9999 -9999 -9999 -9999 -9999 -9999 -9999 3.47313E-3 2.28266E-3 4.52735E-4 3.43525E-4 3.28332E-4 5.99418E-4 1.3735E-3 9.88979E-4 4.34544E-4 5.00485E-4 5.39175E-4 4.26732E-4 3.6241E-4 4.31367E-4 1.80779E-3 6.75943E-4 1.09422E-3 3.18977E-3 2.83861E-3 1.35907E-3 2.31706E-4 2.80136E-5 2.61626E-5 3.32018E-5 4.39674E-5 6.48944E-5 2.90134E-5 4.39724E-5 2.70091E-4 1.12258E-3 1.40738E-3 3.02653E-3 3.23777E-3 4.65639E-3 2.92781E-3 2.45688E-3 5.57931E-4 4.85797E-3 4.13296E-3 4.6637E-3 1.52597E-3 1.34888E-3 1.85785E-3 1.65557E-3 7.71816E-4 7.86372E-4 9.85311E-4 7.83553E-4
-9999 -9999 -9999 -9999 -9999 -9999 -9999 -9999 -9999 -9999 -9999 -9999 -9999 -9999 -9999 -9999 -9999 -9999 -9999 -9999 2.96976E-3 4.08312E-3 1.11942E-3 4.52878E-4 7.34928E-4 1.00753E-3 9.66967E-4 1.30401E-4 6.83288E-4 3.3018E-4 5.35435E-4 4.57127E-4 7.76493E-4 1.67634E-3 1.34187E-3 2.50516E-3 2.30619E-3 7.55423E-3 3.44432E-4 4.5005E-4 8.30192E-5 3.78805E-5 7.95075E-5 2.66609E-5 3.06004E-5 2.64365E-5 5.81824E-5 1.61261E-4 2.36611E-4 4.59512E-4 1.05109E-3 1.1652E-3 1.64777E-3 1.89948E-3 1.83915E-3 3.17309E-3 8.05215E-3 6.53464E-3 5.27542E-3 2.09996E-3 1.6428E-3 2.89059E-3 2.23947E-3 6.45004E-4 7.42833E-4 2.08369E-3 1.54096E-3
-9999 -9999 -9999 -9999 -9999 -9999 -9999 -9999 -9999 -9999 -9999 -9999 -9999 -9999 -9999 -9999 -9999 -9999 -9999 -9999 -9999 2.45655E-3 3.35059E-3 2.00132E-3 1.7566E-3 1.15079E-3 1.25544E-3 6.57732E-4 3.90025E-4 5.6276E-4 3.71861E-4 1.07604E-3 9.80148E-4 1.30403E-3 1.22037E-3 2.99073E-3 5.13283E-3 7.39928E-3 1.01305E-3 5.33509E-4 2.26166E-4 3.51361E-4 2.34089E-4 1.2631E-4 1.21577E-4 2.03746E-4 5.37086E-5 5.20361E-5 1.05281E-4 7.27252E-5 1.40197E-4 5.41453E-4 6.88898E-4 1.16523E-3 1.07038E-3 7.31962E-3 5.91131E-3 4.47766E-3 4.36886E-3 6.90418E-4 1.38815E-3 1.82119E-3 1.73804E-3 1.55793E-3 1.29179E-3 8.1197E-4 1.71961E-3
-9999 -9999 -9999 -9999 -9999 -9999 -9999 -9999 -9999 -9999 -9999 -9999 -9999 -9999 -9999 -9999 -9999 -9999 -9999 -9999 -9999 4.57348E-4 1.44359E-3 1.99353E-3 3.09732E-3 8.79403E-4 8.20912E-4 1.39897E-3 4.32553E-4 3.74534E-4 4.63556E-4 9.88342E-4 1.4505E-3 1.068E-3 1.42868E-3 2.818E-3 7.05801E-3 5.73605E-3 1.06823E-3 8.0298E-4 1.06543E-3 6.13907E-4 7.67458E-4 3.70478E-4 3.39969E-4 3.43667E-4 1.25183E-4 8.73E-5 8.84963E-5 7.95265E-5 1.06223E-4 2.43207E-4 2.51686E-4 7.07103E-4 5.39743E-4 3.33102E-3 2.57888E-3 3.17868E-3 1.68475E-3 1.27491E-3 1.33605E-3 2.35689E-3 2.15496E-3 1.40031E-3 1.60616E-3 1.09856E-3 1.91663E-3
-9999 -9999 -9999 -9999 -9999 -9999 -9999 -9999 -9999 -9999 -9999 -9999 -9999 -9999 -9999 -9999 -9999 -9999 -9999 -9999 -9999 -9999 -9999 1.22162E-3 8.49961E-4 1.03359E-3 1.11899E-3 1.29692E-3 4.89494E-4 2.12984E-4 4.62923E-4 9.99636E-4 6.83163E-4 7.88564E-4 1.38621E-3 2.94118E-3 2.21023E-3 3.25606E-3 2.02214E-3 1.19394E-3 1.19512E-3 1.06022E-3 1.3401E-3 4.57613E-4 2.72235E-4 2.28162E-4 2.34255E-4 1.02635E-4 9.74576E-5 5.61562E-5 1.28974E-4 1.86467E-4 3.23283E-4 3.78451E-4 3.44854E-4 5.50201E-4 1.28566E-3 1.80422E-3 3.53263E-3 1.95214E-3 2.00686E-3 2.0876E-3 1.25611E-3 1.90434E-3 2.26166E-3 1.96411E-3 2.24754E-3
-9999 -9999 -9999 -9999 -9999 -9999 -9999 -9999 -9999 -9999 -9999 -9999 -9999 -9999 -9999 -9999 -9999 -9999 -9999 -9999 -9999 -9999 -9999 -9999 6.47217E-4 7.2534E-4 8.75474E-4 1.2431E-3 7.79119E-4 3.19546E-4 3.99767E-4 4.84008E-4 3.5549E-4 6.28834E-4 1.45958E-3 1.65736E-3 1.83477E-3 2.26017E-3 2.74048E-3 1.51309E-3 1.28871E-3 8.66805E-4 2.70254E-3 1.05764E-3 6.89695E-4 1.9655E-4 2.02596E-4 1.72846E-4 1.25453E-4 2.87424E-5 5.55182E-5 1.90729E-4 2.74988E-4 2.73334E-4 3.38074E-4 9.09479E-4 2.18777E-3 3.66355E-3 2.13015E-3 1.97801E-3 1.71912E-3 3.00365E-3 1.30358E-3 1.314E-3 1.76799E-3 1.72463E-3 2.49827E-3
