ENM/Final_Models/M_1_F_qp_Set_1_E/Gustavia_santanderiensis_4_Choco.asc
ncols         367
nrows         963
xllcorner     -78.6
yllcorner     0.65
cellsize      0.00833333333333323
NODATA_value  -9999
[rows 825 to 857 of 963, columns 0 to 73 of 367]
-9999 -9999 -9999 -9999 -9999 9.969E-1 9.95366E-1 9.88557E-1 9.91553E-1 9.8212E-1 9.80404E-1 9.62859E-1 9.28717E-1 9.24E-1 9.36348E-1 8.62145E-1 9.72629E-1 9.64863E-1 9.84941E-1 9.40468E-1 9.75546E-1 9.74281E-1 9.35784E-1 9.44329E-1 9.73894E-1 9.93775E-1 9.89141E-1 9.88403E-1 9.89986E-1 9.98385E-1 9.98939E-1 9.99725E-1 9.9982E-1 9.99979E-1 9.99598E-1 9.99987E-1 9.99635E-1 9.99998E-1 1E0 9.9993E-1 9.99934E-1 9.99999E-1 9.99989E-1 9.99995E-1 9.99998E-1 9.99831E-1 9.99946E-1 9.99999E-1 9.99999E-1 9.9999E-1 9.99991E-1 1E0 1E0 9.99846E-1 9.99884E-1 9.99974E-1 1E0 1E0 9.99999E-1 1E0 1E0 9.99982E-1 1E0 1E0 9.99999E-1 1E0 1E0 1E0 9.99998E-1 9.99396E-1 9.9958E-1 9.99996E-1 9.99997E-1 9.99992E-1
-9999 -9999 -9999 -9999 -9999 9.86479E-1 9.93805E-1 9.86172E-1 9.61563E-1 9.16745E-1 8.90728E-1 9.59724E-1 9.19565E-1 9.61107E-1 9.34749E-1 9.50766E-1 9.07346E-1 9.39978E-1 9.69918E-1 9.86743E-1 9.67882E-1 9.75031E-1 9.83676E-1 9.83159E-1 9.78632E-1 9.90781E-1 9.94804E-1 9.89506E-1 9.90745E-1 9.96877E-1 9.95047E-1 9.98706E-1 9.99581E-1 9.99935E-1 9.99425E-1 9.99998E-1 9.99993E-1 9.99913E-1 9.99999E-1 9.99995E-1 9.99997E-1 9.99997E-1 9.99999E-1 9.99999E-1 9.99921E-1 9.99925E-1 9.99995E-1 9.9999E-1 9.99999E-1 9.99998E-1 1E0 9.99999E-1 1E0 9.99996E-1 9.9999E-1 9.99989E-1 1E0 1E0 1E0 1E0 1E0 1E0 1E0 1E0 1E0 9.99936E-1 1E0 9.99999E-1 9.99999E-1 9.99972E-1 1E0 9.9999E-1 9.99966E-1 9.99967E-1
-9999 -9999 -9999 -9999 -9999 9.82033E-1 9.87547E-1 9.50433E-1 9.60317E-1 8.46309E-1 8.41789E-1 9.3539E-1 8.85006E-1 8.62132E-1 8.98374E-1 9.68448E-1 9.25429E-1 9.05379E-1 9.69435E-1 9.60792E-1 9.66663E-1 9.72389E-1 9.93104E-1 9.97575E-1 9.99113E-1 9.90802E-1 9.93559E-1 9.95032E-1 9.94791E-1 9.91403E-1 9.90582E-1 9.92499E-1 9.98978E-1 9.99581E-1 9.993E-1 9.9999E-1 9.99999E-1 9.99957E-1 9.99995E-1 9.99983E-1 9.99953E-1 9.99791E-1 9.99462E-1 9.9995E-1 9.99997E-1 9.99999E-1 9.99993E-1 9.99999E-1 9.99999E-1 9.99998E-1 9.99992E-1 9.99996E-1 1E0 1E0 9.99991E-1 9.99992E-1 9.99998E-1 1E0 1E0 1E0 1E0 1E0 1E0 9.99996E-1 9.99962E-1 9.99914E-1 9.99984E-1 1E0 1E0 1E0 1E0 9.99978E-1 9.99967E-1 9.99997E-1
-9999 -9999 -9999 -9999 -9999 9.57279E-1 9.1102E-1 9.18412E-1 8.80626E-1 7.1343E-1 7.92301E-1 9.18042E-1 7.73302E-1 8.27467E-1 8.80246E-1 9.56517E-1 9.53631E-1 9.66403E-1 9.21582E-1 9.63807E-1 9.10384E-1 9.58767E-1 9.96159E-1 9.92168E-1 9.92578E-1 9.94058E-1 9.97537E-1 9.94037E-1 9.98524E-1 9.90223E-1 9.9633E-1 9.94217E-1 9.99947E-1 9.99156E-1 9.99556E-1 9.99995E-1 9.99769E-1 9.99962E-1 9.9999E-1 9.99834E-1 9.9998E-1 9.99982E-1 9.99336E-1 9.99993E-1 9.99929E-1 9.99718E-1 9.99699E-1 9.99998E-1 9.99999E-1 9.99999E-1 1E0 1E0 1E0 1E0 9.99994E-1 9.99996E-1 9.99965E-1 1E0 1E0 1E0 1E0 1E0 1E0 9.99973E-1 9.99951E-1 9.99954E-1 9.99986E-1 9.9983E-1 9.98764E-1 9.99976E-1 9.99999E-1 1E0 9.99996E-1 9.99987E-1
-9999 -9999 -9999 -9999 -9999 9.94112E-1 9.26283E-1 8.88219E-1 7.57769E-1 5.8221E-1 6.57686E-1 7.94155E-1 7.81239E-1 8.38025E-1 8.63138E-1 8.09162E-1 9.76938E-1 9.76704E-1 9.67308E-1 9.64613E-1 9.33836E-1 9.49509E-1 9.68048E-1 9.52681E-1 9.87025E-1 9.84822E-1 9.93635E-1 9.91199E-1 9.94141E-1 9.96213E-1 9.98182E-1 9.88711E-1 9.98991E-1 9.99758E-1 9.99901E-1 9.99858E-1 9.99989E-1 9.99966E-1 9.99831E-1 9.99802E-1 9.99987E-1 1E0 1E0 1E0 9.99999E-1 1E0 9.99861E-1 9.99997E-1 9.99999E-1 1E0 1E0 1E0 1E0 9.99994E-1 9.99987E-1 9.99995E-1 9.99947E-1 9.99991E-1 1E0 1E0 9.99924E-1 9.99985E-1 9.99999E-1 9.9998E-1 9.99962E-1 1E0 9.99992E-1 9.99046E-1 9.99973E-1 9.99991E-1 9.99999E-1 9.99968E-1 9.99983E-1 1E0
-9999 -9999 -9999 -9999 -9999 7.92341E-1 9.45616E-1 7.12255E-1 6.60608E-1 5.94433E-1 7.2546E-1 8.01243E-1 6.15416E-1 7.55739E-1 7.68687E-1 8.84603E-1 9.06053E-1 9.77315E-1 9.72071E-1 9.58452E-1 9.073E-1 9.65773E-1 9.69745E-1 9.3883E-1 9.73818E-1 9.9217E-1 9.87149E-1 9.77465E-1 9.77844E-1 9.89889E-1 9.9795E-1 9.88545E-1 9.99647E-1 9.99854E-1 9.99886E-1 9.99643E-1 9.99568E-1 9.99603E-1 9.99987E-1 9.99985E-1 9.9977E-1 1E0 1E0 9.99994E-1 1E0 1E0 9.99674E-1 9.99999E-1 9.99999E-1 1E0 1E0 1E0 1E0 1E0 9.99947E-1 9.99998E-1 9.99984E-1 9.99826E-1 9.99999E-1 9.99999E-1 1E0 1E0 9.99996E-1 9.99998E-1 9.99999E-1 9.99999E-1 9.99935E-1 9.99682E-1 9.99262E-1 9.99999E-1 9.99999E-1 9.99999E-1 9.99991E-1 9.99912E-1
-9999 -9999 -9999 -9999 -9999 8.63274E-1 8.19308E-1 7.88939E-1 7.10409E-1 7.16338E-1 7.29541E-1 7.31168E-1 7.01288E-1 7.93552E-1 8.68845E-1 9.10665E-1 9.45179E-1 9.04808E-1 9.69954E-1 9.71625E-1 9.18251E-1 9.52297E-1 9.79046E-1 9.7627E-1 9.82169E-1 9.64961E-1 9.54628E-1 9.80482E-1 9.79896E-1 9.91801E-1 9.92338E-1 9.98546E-1 9.93999E-1 9.99297E-1 9.99757E-1 9.99874E-1 9.9975E-1 9.99848E-1 9.99951E-1 9.99804E-1 9.9989E-1 9.9999E-1 1E0 1E0 1E0 1E0 9.99869E-1 9.99997E-1 9.99945E-1 9.99993E-1 1E0 9.99999E-1 9.99999E-1 9.99999E-1 9.99997E-1 9.99999E-1 1E0 1E0 1E0 1E0 9.99936E-1 9.99976E-1 9.99999E-1 9.99999E-1 9.99999E-1 9.99821E-1 9.99935E-1 9.99885E-1 9.99939E-1 9.99991E-1 9.99956E-1 9.99933E-1 9.99841E-1 9.99612E-1
-9999 -9999 -9999 -9999 -9999 7.63065E-1 6.526E-1 5.80873E-1 7.68467E-1 6.67976E-1 6.94825E-1 6.9401E-1 7.74825E-1 7.77497E-1 8.44412E-1 8.5366E-1 9.35545E-1 9.75619E-1 9.75613E-1 8.97672E-1 9.4044E-1 9.48741E-1 9.2333E-1 9.71722E-1 9.69691E-1 9.76793E-1 9.76821E-1 9.73315E-1 9.95499E-1 9.92454E-1 9.98218E-1 9.95171E-1 9.99776E-1 9.96207E-1 9.98743E-1 9.99581E-1 9.99987E-1 9.99988E-1 9.99971E-1 9.99987E-1 9.99998E-1 9.99983E-1 9.99998E-1 9.99999E-1 1E0 1E0 9.99986E-1 1E0 1E0 1E0 9.99999E-1 9.99994E-1 9.99986E-1 9.99998E-1 9.99978E-1 9.99975E-1 9.99029E-1 1E0 1E0 1E0 1E0 1E0 1E0 1E0 1E0 9.99959E-1 9.99985E-1 9.99718E-1 9.98342E-1 9.99998E-1 9.99994E-1 9.99991E-1 9.99923E-1 9.99787E-1
-9999 -9999 -9999 -9999 -9999 6.09266E-1 6.72347E-1 5.90889E-1 7.31735E-1 8.48216E-1 9.00222E-1 7.80187E-1 8.02057E-1 8.23607E-1 8.54219E-1 9.04578E-1 8.43438E-1 9.26229E-1 8.90881E-1 8.82009E-1 9.49108E-1 9.32822E-1 9.68909E-1 9.34199E-1 9.60621E-1 9.53928E-1 9.73156E-1 9.88666E-1 9.87691E-1 9.97941E-1 9.95415E-1 9.92788E-1 9.96091E-1 9.99483E-1 9.98368E-1 9.98155E-1 9.99437E-1 9.99211E-1 9.9991E-1 9.99981E-1 9.9993E-1 9.99999E-1 9.9999E-1 9.99987E-1 1E0 1E0 9.99904E-1 9.9998E-1 9.99875E-1 9.99992E-1 9.99992E-1 9.99982E-1 9.99927E-1 9.99991E-1 9.99966E-1 9.99947E-1 9.99994E-1 9.99848E-1 1E0 9.99999E-1 9.99116E-1 9.99987E-1 9.99714E-1 1E0 1E0 9.99874E-1 9.9997E-1 9.99852E-1 9.99694E-1 1E0 9.99999E-1 9.99984E-1 9.99762E-1 9.98466E-1
-9999 -9999 -9999 -9999 -9999 5.34793E-1 4.88099E-1 5.98785E-1 6.61803E-1 8.46128E-1 9.04381E-1 8.97711E-1 8.40199E-1 7.29074E-1 8.32978E-1 8.60092E-1 8.41013E-1 8.67448E-1 9.2E-1 9.18939E-1 9.30448E-1 9.7606E-1 9.59853E-1 9.87474E-1 9.74809E-1 9.66118E-1 9.74505E-1 9.90267E-1 9.79931E-1 9.98141E-1 9.90452E-1 9.96435E-1 9.99646E-1 9.99041E-1 9.99345E-1 9.99318E-1 9.99856E-1 9.99711E-1 9.98866E-1 9.99844E-1 9.99981E-1 9.99607E-1 9.99979E-1 9.9998E-1 1E0 9.99929E-1 9.99992E-1 1E0 9.99995E-1 9.99999E-1 9.99989E-1 1E0 9.99963E-1 9.99905E-1 9.99973E-1 9.99994E-1 9.99997E-1 9.99998E-1 9.99482E-1 9.99407E-1 9.99996E-1 1E0 9.9999E-1 1E0 9.99774E-1 9.99987E-1 9.99832E-1 9.99956E-1 1E0 1E0 9.99882E-1 9.97603E-1 9.97677E-1 9.9963E-1
-9999 -9999 -9999 -9999 -9999 5.2141E-1 4.95623E-1 5.89273E-1 6.71526E-1 7.89184E-1 8.57574E-1 8.74817E-1 8.93729E-1 8.20112E-1 8.57248E-1 8.62234E-1 8.86526E-1 8.93694E-1 9.25994E-1 9.20987E-1 9.40233E-1 9.77674E-1 9.74329E-1 9.90099E-1 9.76025E-1 9.45265E-1 9.79391E-1 9.97326E-1 9.94938E-1 9.9265E-1 9.96868E-1 9.97269E-1 9.98414E-1 9.98063E-1 9.99588E-1 9.99483E-1 9.99696E-1 9.9839E-1 9.99612E-1 9.99502E-1 9.99866E-1 9.99865E-1 9.99917E-1 9.98225E-1 9.99885E-1 9.99949E-1 9.99999E-1 9.99935E-1 9.99992E-1 9.99987E-1 9.99996E-1 9.99997E-1 9.99986E-1 9.99996E-1 9.99992E-1 9.99989E-1 9.99971E-1 9.99934E-1 9.99904E-1 1E0 1E0 9.99999E-1 9.99998E-1 1E0 9.99999E-1 1E0 9.99969E-1 9.99991E-1 9.9999E-1 9.99987E-1 9.9999E-1 9.9963E-1 9.9966E-1 9.99979E-1
-9999 -9999 -9999 -9999 -9999 4.88553E-1 5.05952E-1 6.47337E-1 6.0755E-1 7.55796E-1 8.06728E-1 8.15742E-1 8.1E-1 7.36027E-1 7.91928E-1 8.626E-1 9.00727E-1 8.66635E-1 9.04656E-1 9.57032E-1 9.23123E-1 9.04303E-1 9.65125E-1 9.60686E-1 9.44079E-1 9.54096E-1 9.78234E-1 9.80972E-1 9.96115E-1 9.92859E-1 9.88159E-1 9.94789E-1 9.98443E-1 9.99691E-1 9.99068E-1 9.9938E-1 9.99979E-1 9.99842E-1 9.99602E-1 9.99265E-1 9.99892E-1 9.99395E-1 9.99292E-1 9.99836E-1 9.99697E-1 9.99999E-1 9.99999E-1 9.9933E-1 9.99996E-1 9.99989E-1 9.99276E-1 1E0 9.99997E-1 1E0 9.99998E-1 9.99999E-1 9.99528E-1 9.9978E-1 9.99898E-1 9.99999E-1 1E0 1E0 1E0 1E0 9.99998E-1 9.99996E-1 9.99802E-1 9.99999E-1 9.9999E-1 9.99998E-1 1E0 9.99998E-1 9.99986E-1 9.99416E-1
-9999 -9999 -9999 -9999 -9999 4.41603E-1 4.43604E-1 6.60508E-1 6.7341E-1 7.24576E-1 8.68231E-1 9.26119E-1 7.71245E-1 7.53493E-1 8.41778E-1 9.26884E-1 9.41803E-1 9.60383E-1 9.39463E-1 9.39144E-1 9.81076E-1 9.20466E-1 9.77824E-1 9.72272E-1 9.76754E-1 9.67044E-1 9.79577E-1 9.81915E-1 9.94783E-1 9.94765E-1 9.91093E-1 9.90413E-1 9.88244E-1 9.98159E-1 9.99553E-1 9.99825E-1 9.99707E-1 9.9984E-1 9.99665E-1 9.99985E-1 9.99993E-1 9.99977E-1 9.99752E-1 9.99949E-1 9.99964E-1 9.99995E-1 1E0 9.9984E-1 9.99986E-1 9.99904E-1 9.99909E-1 1E0 1E0 9.99943E-1 9.99997E-1 9.99999E-1 9.99999E-1 9.99967E-1 1E0 1E0 1E0 1E0 1E0 1E0 1E0 9.99999E-1 1E0 1E0 1E0 1E0 1E0 1E0 1E0 9.99935E-1
-9999 -9999 -9999 -9999 -9999 -9999 -9999 5.3547E-1 8.11732E-1 6.73708E-1 7.66057E-1 6.56749E-1 7.73908E-1 8.31309E-1 7.47027E-1 9.0294E-1 8.15169E-1 8.87382E-1 9.1558E-1 9.1931E-1 9.57627E-1 9.26634E-1 9.26168E-1 9.59857E-1 9.49246E-1 9.74565E-1 9.96323E-1 9.95274E-1 9.91608E-1 9.84739E-1 9.9488E-1 9.86865E-1 9.95906E-1 9.98079E-1 9.97303E-1 9.99908E-1 9.99983E-1 9.99964E-1 9.99981E-1 9.99986E-1 9.9996E-1 1E0 9.99886E-1 1E0 1E0 9.99986E-1 1E0 1E0 9.99998E-1 1E0 1E0 1E0 9.9998E-1 1E0 1E0 9.99999E-1 1E0 1E0 9.99995E-1 1E0 1E0 1E0 1E0 1E0 1E0 1E0 1E0 1E0 1E0 1E0 1E0 1E0 1E0 9.99744E-1
-9999 -9999 -9999 -9999 -9999 -9999 -9999 -9999 -9999 8.59222E-1 7.46383E-1 7.06017E-1 7.84871E-1 7.40775E-1 8.62348E-1 9.16123E-1 9.19725E-1 9.7837E-1 9.21524E-1 9.60526E-1 9.71942E-1 9.65806E-1 9.6551E-1 9.59796E-1 9.67586E-1 9.70782E-1 9.81813E-1 9.94697E-1 9.68815E-1 9.90166E-1 9.89855E-1 9.94672E-1 9.99115E-1 9.96185E-1 9.9936E-1 9.99713E-1 9.99602E-1 9.99975E-1 9.99982E-1 9.99806E-1 9.99987E-1 1E0 9.99872E-1 9.99994E-1 1E0 1E0 1E0 1E0 1E0 1E0 1E0 1E0 1E0 1E0 1E0 9.99999E-1 9.99999E-1 1E0 1E0 1E0 1E0 1E0 1E0 1E0 1E0 1E0 1E0 1E0 1E0 1E0 1E0 1E0 1E0 9.99999E-1
-9999 -9999 -9999 -9999 -9999 -9999 -9999 -9999 -9999 -9999 -9999 7.59186E-1 8.2029E-1 8.45673E-1 8.6018E-1 8.71312E-1 9.63735E-1 9.74309E-1 9.67841E-1 9.50381E-1 9.44226E-1 9.49962E-1 9.58704E-1 9.78886E-1 9.84261E-1 9.6831E-1 9.46001E-1 9.51615E-1 9.80093E-1 9.68725E-1 9.89968E-1 9.8481E-1 9.9721E-1 9.98516E-1 9.99214E-1 9.99395E-1 9.99922E-1 9.99712E-1 9.99997E-1 9.99998E-1 9.9999E-1 9.99996E-1 9.99998E-1 9.99999E-1 9.99999E-1 1E0 1E0 1E0 1E0 9.99997E-1 1E0 1E0 1E0 1E0 1E0 1E0 1E0 1E0 1E0 1E0 1E0 1E0 1E0 9.99999E-1 9.99997E-1 1E0 1E0 1E0 1E0 1E0 1E0 1E0 1E0 1E0
-9999 -9999 -9999 -9999 -9999 -9999 -9999 -9999 -9999 -9999 -9999 -9999 7.73633E-1 7.8686E-1 8.64882E-1 9.08771E-1 9.1202E-1 9.65835E-1 9.77348E-1 9.72288E-1 9.19754E-1 9.46959E-1 9.69778E-1 9.7176E-1 9.69996E-1 9.75592E-1 9.83563E-1 9.89192E-1 9.81099E-1 9.77791E-1 9.8708E-1 9.83459E-1 9.97019E-1 9.96142E-1 9.99233E-1 9.99447E-1 9.97379E-1 9.9952E-1 9.99565E-1 9.99874E-1 9.99889E-1 9.99983E-1 9.99973E-1 1E0 1E0 9.99985E-1 9.99976E-1 9.99988E-1 9.99991E-1 1E0 1E0 1E0 9.99997E-1 1E0 1E0 9.99999E-1 1E0 9.99999E-1 1E0 1E0 1E0 1E0 1E0 9.9999E-1 9.99931E-1 9.99999E-1 1E0 1E0 1E0 1E0 1E0 1E0 1E0 1E0
-9999 -9999 -9999 -9999 -9999 -9999 -9999 -9999 -9999 -9999 -9999 -9999 -9999 -9999 9.12956E-1 8.8913E-1 9.50987E-1 9.8248E-1 9.43205E-1 9.4464E-1 9.6256E-1 9.72357E-1 9.76475E-1 9.69357E-1 9.54087E-1 9.76906E-1 9.64567E-1 9.89527E-1 9.80115E-1 9.59234E-1 9.80865E-1 9.80111E-1 9.90185E-1 9.96743E-1 9.99214E-1 9.97036E-1 9.99144E-1 9.99309E-1 9.9987E-1 9.99913E-1 9.99995E-1 9.99551E-1 9.99867E-1 9.99998E-1 9.99999E-1 9.99967E-1 9.99956E-1 9.99917E-1 9.9999E-1 1E0 9.99976E-1 1E0 9.99999E-1 1E0 1E0 1E0 9.99986E-1 1E0 1E0 9.99996E-1 1E0 1E0 1E0 1E0 9.99873E-1 9.99999E-1 9.99986E-1 1E0 1E0 1E0 1E0 1E0 1E0 9.99998E-1
-9999 -9999 -9999 -9999 -9999 -9999 -9999 -9999 -9999 -9999 -9999 -9999 -9999 -9999 -9999 -9999 9.23942E-1 9.85468E-1 9.16658E-1 9.24963E-1 9.73939E-1 9.51513E-1 9.86484E-1 9.77979E-1 9.84879E-1 9.61095E-1 9.66739E-1 9.86565E-1 9.85686E-1 9.77914E-1 9.71473E-1 9.76691E-1 9.88632E-1 9.83902E-1 9.96451E-1 9.98471E-1 9.98839E-1 9.98645E-1 9.98216E-1 9.99928E-1 9.99637E-1 9.99984E-1 9.99994E-1 9.99997E-1 9.99998E-1 9.99489E-1 9.99673E-1 9.99569E-1 9.9979E-1 9.99847E-1 9.99917E-1 9.99998E-1 9.99999E-1 9.99988E-1 1E0 1E0 1E0 9.99996E-1 1E0 9.99999E-1 1E0 1E0 9.99997E-1 9.99995E-1 9.99944E-1 9.9984E-1 9.99997E-1 1E0 9.99999E-1 1E0 1E0 1E0 1E0 9.9993E-1
-9999 -9999 -9999 -9999 -9999 -9999 -9999 -9999 -9999 -9999 -9999 -9999 -9999 -9999 -9999 -9999 -9999 -9999 -9999 -9999 9.79733E-1 9.89729E-1 9.80392E-1 9.90517E-1 9.79923E-1 9.83557E-1 9.8682E-1 9.8637E-1 9.86122E-1 9.68556E-1 9.65608E-1 9.84883E-1 9.8462E-1 9.93322E-1 9.96728E-1 9.98298E-1 9.94849E-1 9.9437E-1 9.98985E-1 9.99909E-1 9.98732E-1 9.99905E-1 9.99946E-1 9.99938E-1 9.99998E-1 9.99977E-1 9.99838E-1 9.99929E-1 1E0 1E0 9.99734E-1 9.99846E-1 9.99992E-1 9.99805E-1 1E0 9.99995E-1 9.99991E-1 9.99995E-1 9.9999E-1 9.99997E-1 1E0 1E0 9.99999E-1 1E0 9.9999E-1 1E0 1E0 9.99999E-1 9.99999E-1 9.99998E-1 1E0 9.99994E-1 1E0 9.96329E-1
-9999 -9999 -9999 -9999 -9999 -9999 -9999 -9999 -9999 -9999 -9999 -9999 -9999 -9999 -9999 -9999 -9999 -9999 -9999 -9999 -9999 9.79259E-1 9.86144E-1 9.75023E-1 9.86578E-1 9.87428E-1 9.84554E-1 9.74754E-1 9.84237E-1 9.88381E-1 9.77533E-1 9.83695E-1 9.86539E-1 9.87378E-1 9.86105E-1 9.92475E-1 9.89975E-1 9.98594E-1 9.98903E-1 9.97505E-1 9.99959E-1 9.99992E-1 9.99509E-1 9.99755E-1 9.99998E-1 9.99997E-1 9.99992E-1 9.99646E-1 9.9999E-1 9.99175E-1 9.99979E-1 9.99384E-1 9.99999E-1 1E0 9.99747E-1 1E0 9.99999E-1 9.9943E-1 9.99992E-1 9.99999E-1 9.99996E-1 1E0 1E0 1E0 1E0 9.99999E-1 1E0 1E0 1E0 1E0 1E0 9.99973E-1 9.99985E-1 9.99961E-1
-9999 -9999 -9999 -9999 -9999 -9999 -9999 -9999 -9999 -9999 -9999 -9999 -9999 -9999 -9999 -9999 -9999 -9999 -9999 -9999 -9999 -9999 9.7457E-1 9.91897E-1 9.9365E-1 9.93577E-1 9.84099E-1 9.91732E-1 9.68707E-1 9.79445E-1 9.91499E-1 9.88337E-1 9.9276E-1 9.68119E-1 9.86102E-1 9.94809E-1 9.8512E-1 9.96736E-1 9.99734E-1 9.9964E-1 9.99557E-1 9.9975E-1 9.99993E-1 9.99991E-1 9.99988E-1 9.99999E-1 9.9998E-1 9.99981E-1 9.99996E-1 9.99946E-1 9.99999E-1 1E0 9.99959E-1 9.99906E-1 9.99821E-1 9.98921E-1 9.97041E-1 9.99982E-1 9.99775E-1 9.99555E-1 9.99984E-1 9.99971E-1 1E0 9.99991E-1 1E0 9.99999E-1 1E0 1E0 1E0 1E0 1E0 9.99978E-1 9.97501E-1 9.99188E-1
-9999 -9999 -9999 -9999 -9999 -9999 -9999 -9999 -9999 -9999 -9999 -9999 -9999 -9999 -9999 -9999 -9999 -9999 -9999 -9999 -9999 -9999 -9999 -9999 9.85083E-1 9.96395E-1 9.92106E-1 9.9692E-1 9.76757E-1 9.67314E-1 9.9354E-1 9.87852E-1 9.80412E-1 9.90682E-1 9.93336E-1 9.93556E-1 9.98876E-1 9.98402E-1 9.98245E-1 9.99823E-1 9.99976E-1 9.99921E-1 9.99884E-1 9.96719E-1 9.99819E-1 9.99765E-1 1E0 1E0 1E0 1E0 9.99979E-1 9.99854E-1 9.99937E-1 9.99876E-1 9.99444E-1 9.96365E-1 9.99873E-1 9.99996E-1 9.99021E-1 9.9987E-1 9.9964E-1 1E0 9.99993E-1 9.99998E-1 9.9999E-1 9.99904E-1 9.99988E-1 9.999E-1 9.99999E-1 1E0 1E0 1E0 9.99989E-1 9.9942E-1
-9999 -9999 -9999 -9999 -9999 -9999 -9999 -9999 -9999 -9999 -9999 -9999 -9999 -9999 -9999 -9999 -9999 -9999 -9999 -9999 -9999 -9999 -9999 -9999 -9999 -9999 9.91175E-1 9.97276E-1 9.85674E-1 9.67297E-1 9.64492E-1 9.7937E-1 9.69787E-1 9.93175E-1 9.84914E-1 9.98018E-1 9.97218E-1 9.98951E-1 9.99209E-1 9.99917E-1 9.99782E-1 9.99954E-1 9.96797E-1 9.99457E-1 9.98586E-1 9.99965E-1 9.99998E-1 1E0 9.99997E-1 1E0 9.99981E-1 9.99614E-1 9.99721E-1 9.99262E-1 9.99921E-1 9.9449E-1 9.94372E-1 9.99996E-1 9.99271E-1 9.9584E-1 9.99981E-1 9.99994E-1 9.99991E-1 9.99998E-1 9.99992E-1 9.99817E-1 9.99999E-1 9.99909E-1 9.99993E-1 9.99994E-1 1E0 1E0 9.99999E-1 9.99813E-1
-9999 -9999 -9999 -9999 -9999 -9999 -9999 -9999 -9999 -9999 -9999 -9999 -9999 -9999 -9999 -9999 -9999 -9999 -9999 -9999 -9999 -9999 -9999 -9999 -9999 -9999 -9999 9.93539E-1 9.91903E-1 9.89277E-1 9.90053E-1 9.70904E-1 9.69467E-1 9.82403E-1 9.91968E-1 9.94218E-1 9.95707E-1 9.99246E-1 9.98163E-1 9.999E-1 9.99405E-1 9.9987E-1 9.99487E-1 9.99932E-1 9.96762E-1 9.99913E-1 9.99991E-1 1E0 1E0 9.99999E-1 9.99991E-1 9.99828E-1 9.99658E-1 9.98549E-1 9.9473E-1 9.87878E-1 9.94704E-1 9.99869E-1 9.99087E-1 9.96091E-1 9.99872E-1 9.99972E-1 9.99998E-1 9.9999E-1 9.99942E-1 9.99965E-1 9.99846E-1 9.99931E-1 1E0 9.99976E-1 9.99994E-1 9.99987E-1 1E0 9.99999E-1
-9999 -9999 -9999 -9999 -9999 -9999 -9999 -9999 -9999 -9999 -9999 -9999 -9999 -9999 -9999 -9999 -9999 -9999 -9999 -9999 -9999 -9999 -9999 -9999 -9999 -9999 -9999 -9999 -9999 9.70952E-1 9.80283E-1 9.82672E-1 9.93361E-1 9.9944E-1 9.96974E-1 9.9759E-1 9.89841E-1 9.65244E-1 9.98228E-1 9.85589E-1 9.98551E-1 9.9932E-1 9.98496E-1 9.98676E-1 9.99976E-1 9.99989E-1 9.99941E-1 9.99999E-1 1E0 9.99998E-1 9.9997E-1 9.99999E-1 9.99138E-1 9.91253E-1 9.99375E-1 9.99033E-1 9.93987E-1 9.9985E-1 9.98222E-1 9.94162E-1 9.99903E-1 9.9964E-1 9.99613E-1 9.99977E-1 9.99761E-1 9.99999E-1 9.99999E-1 1E0 1E0 9.99999E-1 9.9997E-1 9.99952E-1 9.99997E-1 9.99999E-1
-9999 -9999 -9999 -9999 -9999 -9999 -9999 -9999 -9999 -9999 -9999 -9999 -9999 -9999 -9999 -9999 -9999 -9999 -9999 -9999 -9999 -9999 -9999 -9999 -9999 -9999 -9999 -9999 -9999 -9999 9.837E-1 9.89416E-1 9.98536E-1 9.93828E-1 9.75942E-1 9.67821E-1 9.95504E-1 9.97114E-1 9.86699E-1 9.61347E-1 9.69467E-1 9.89855E-1 9.90751E-1 9.99169E-1 9.99941E-1 9.99943E-1 9.98221E-1 9.9993E-1 9.99986E-1 9.99999E-1 9.99997E-1 9.99998E-1 9.99971E-1 9.97467E-1 9.68958E-1 9.99283E-1 9.9172E-1 9.99732E-1 9.99351E-1 9.91567E-1 9.99866E-1 9.96572E-1 9.99551E-1 9.99612E-1 9.99388E-1 9.99298E-1 9.95414E-1 9.92701E-1 9.99763E-1 9.99992E-1 9.9904E-1 9.85197E-1 9.61152E-1 9.99025E-1
-9999 -9999 -9999 -9999 -9999 -9999 -9999 -9999 -9999 -9999 -9999 -9999 -9999 -9999 -9999 -9999 -9999 -9999 -9999 -9999 -9999 -9999 -9999 -9999 -9999 -9999 -9999 -9999 -9999 -9999 -9999 -9999 9.78218E-1 9.90958E-1 9.94936E-1 9.85116E-1 9.95332E-1 9.98791E-1 9.95313E-1 9.81317E-1 9.75709E-1 9.95365E-1 9.94541E-1 9.99553E-1 9.99924E-1 9.99994E-1 9.99667E-1 9.99032E-1 9.99972E-1 9.99983E-1 9.99784E-1 9.98806E-1 9.9989E-1 9.99985E-1 9.93367E-1 9.97451E-1 9.90166E-1 9.99282E-1 9.98319E-1 9.62421E-1 9.99888E-1 9.67824E-1 9.98795E-1 9.99966E-1 9.98502E-1 9.98767E-1 9.99438E-1 9.77353E-1 9.99884E-1 9.99991E-1 1E0 9.95233E-1 9.86564E-1 9.97663E-1
-9999 -9999 -9999 -9999 -9999 -9999 -9999 -9999 -9999 -9999 -9999 -9999 -9999 -9999 -9999 -9999 -9999 -9999 -9999 -9999 -9999 -9999 -9999 -9999 -9999 -9999 -9999 -9999 -9999 -9999 -9999 -9999 -9999 9.63102E-1 9.89341E-1 9.9737E-1 9.97945E-1 9.92942E-1 9.98226E-1 9.926E-1 9.80454E-1 9.9213E-1 9.98663E-1 9.90742E-1 9.99908E-1 9.99092E-1 9.99803E-1 9.99165E-1 9.9977E-1 9.99994E-1 9.99907E-1 9.92858E-1 9.98097E-1 9.99916E-1 9.99856E-1 9.71656E-1 9.51549E-1 9.98714E-1 9.98067E-1 9.83028E-1 9.97075E-1 9.86056E-1 9.91662E-1 9.99951E-1 9.99553E-1 9.93844E-1 9.99338E-1 9.74927E-1 9.99841E-1 9.99992E-1 9.99613E-1 9.80381E-1 9.68529E-1 9.95676E-1
-9999 -9999 -9999 -9999 -9999 -9999 -9999 -9999 -9999 -9999 -9999 -9999 -9999 -9999 -9999 -9999 -9999 -9999 -9999 -9999 -9999 -9999 -9999 -9999 -9999 -9999 -9999 -9999 -9999 -9999 -9999 -9999 -9999 -9999 -9999 9.97662E-1 9.93773E-1 9.95913E-1 9.9184E-1 9.876E-1 9.3189E-1 9.94838E-1 9.97359E-1 9.99862E-1 9.99927E-1 9.97526E-1 9.98582E-1 9.98588E-1 9.96248E-1 9.99997E-1 9.99906E-1 9.8922E-1 9.97483E-1 9.97211E-1 9.9983E-1 9.84804E-1 8.85969E-1 9.94645E-1 9.98112E-1 9.5771E-1 9.91853E-1 9.30378E-1 9.38914E-1 9.92123E-1 9.98322E-1 9.91627E-1 9.88201E-1 9.90321E-1 9.99965E-1 9.99954E-1 9.98803E-1 9.83074E-1 9.20525E-1 9.66256E-1
-9999 -9999 -9999 -9999 -9999 -9999 -9999 -9999 -9999 -9999 -9999 -9999 -9999 -9999 -9999 -9999 -9999 -9999 -9999 -9999 -9999 -9999 -9999 -9999 -9999 -9999 -9999 -9999 -9999 -9999 -9999 -9999 -9999 -9999 -9999 -9999 9.79787E-1 9.93587E-1 9.87672E-1 9.55513E-1 9.62751E-1 9.89422E-1 9.97226E-1 9.99603E-1 9.9951E-1 9.71385E-1 9.99292E-1 9.97549E-1 9.96621E-1 9.99574E-1 9.99872E-1 9.9818E-1 9.93171E-1 9.41717E-1 9.99768E-1 9.98252E-1 9.68364E-1 9.29047E-1 9.96829E-1 9.80783E-1 9.61858E-1 9.50206E-1 8.94726E-1 9.89771E-1 9.80532E-1 9.98453E-1 9.94747E-1 9.56793E-1 9.68508E-1 9.99138E-1 9.99989E-1 9.97868E-1 9.83689E-1 9.39409E-1
-9999 -9999 -9999 -9999 -9999 -9999 -9999 -9999 -9999 -9999 -9999 -9999 -9999 -9999 -9999 -9999 -9999 -9999 -9999 -9999 -9999 -9999 -9999 -9999 -9999 -9999 -9999 -9999 -9999 -9999 -9999 -9999 -9999 -9999 -9999 -9999 -9999 9.87675E-1 9.88614E-1 9.22947E-1 9.77047E-1 9.78017E-1 9.7367E-1 9.90619E-1 9.77523E-1 9.91368E-1 9.84642E-1 9.86941E-1 9.82253E-1 9.7096E-1 9.79468E-1 9.58284E-1 9.94057E-1 9.78368E-1 9.89319E-1 9.89636E-1 9.81504E-1 9.45313E-1 9.70508E-1 9.53083E-1 8.6009E-1 7.99828E-1 8.21502E-1 9.49801E-1 9.57646E-1 9.947E-1 9.99328E-1 9.72011E-1 9.68293E-1 9.98437E-1 9.9958E-1 9.7679E-1 8.42395E-1 9.44998E-1
-9999 -9999 -9999 -9999 -9999 -9999 -9999 -9999 -9999 -9999 -9999 -9999 -9999 -9999 -9999 -9999 -9999 -9999 -9999 -9999 -9999 -9999 -9999 -9999 -9999 -9999 -9999 -9999 -9999 -9999 -9999 -9999 -9999 -9999 -9999 -9999 -9999 -9999 -9999 8.74621E-1 8.8639E-1 8.91456E-1 9.41845E-1 9.92918E-1 9.92577E-1 9.68514E-1 9.38433E-1 9.86298E-1 9.70189E-1 9.52722E-1 9.62697E-1 9.40916E-1 9.19086E-1 9.78202E-1 9.7582E-1 9.95553E-1 9.71861E-1 9.38201E-1 9.02576E-1 9.75307E-1 8.6209E-1 7.7554E-1 7.83498E-1 9.0551E-1 9.56943E-1 9.98547E-1 9.99943E-1 9.7068E-1 9.81783E-1 9.99932E-1 9.79467E-1 6.90016E-1 6.27631E-1 6.21023E-1
