ENM/Final_Models/M_1_F_qp_Set_1_E/Gustavia_santanderiensis_Choco_stddev.asc
ncols         367
nrows         963
xllcorner     -78.6
yllcorner     0.65
cellsize      0.00833333333333323
NODATA_value  -9999
[rows 780 to 809 of 963, columns 0 to 66 of 367]
-9999 1.67518E-1 1.84676E-1 1.98788E-1 2.02612E-1 1.92299E-1 1.9151E-1 2.16082E-1 1.85655E-1 1.59553E-1 1.52369E-1 1.98965E-1 1.78273E-1 1.43093E-1 9.94247E-2 1.19518E-1 1.574E-1 1.7739E-1 1.45688E-1 1.57474E-1 1.26212E-1 1.16149E-1 1.08223E-1 1.22946E-1 1.10825E-1 1.18561E-1 1.57989E-1 1.35179E-1 1.37427E-1 1.49683E-1 1.57137E-1 1.65068E-1 1.62805E-1 1.27063E-1 1.2988E-1 1.31228E-1 1.43205E-1 1.27508E-1 1.61184E-1 1.46886E-1 1.20227E-1 1.64191E-1 1.8429E-1 1.64919E-1 1.87481E-1 1.80851E-1 1.91047E-1 1.99914E-1 1.93867E-1 2.08079E-1 2.00244E-1 2.03885E-1 2.21063E-1 2.33231E-1 2.08341E-1 2.19699E-1 2.11126E-1 2.21064E-1 2.18939E-1 2.21064E-1 2.20036E-1 1.8823E-1 2.22194E-1 2.19489E-1 2.42456E-1 1.93415E-1 2.20257E-1
-9999 1.43992E-1 1.33651E-1 1.77718E-1 1.86543E-1 1.93921E-1 2.23627E-1 2.01706E-1 1.52464E-1 1.66692E-1 2.06857E-1 2.24645E-1 1.68572E-1 1.803E-1 1.66809E-1 1.89481E-1 2.14528E-1 1.62275E-1 1.59966E-1 1.4596E-1 1.35871E-1 1.33117E-1 9.71841E-2 1.04997E-1 1.124E-1 1.43259E-1 1.67038E-1 1.26003E-1 1.08676E-1 1.47048E-1 1.47557E-1 1.82073E-1 1.54794E-1 1.57066E-1 1.64956E-1 1.54041E-1 1.5891E-1 1.39041E-1 1.34801E-1 1.29827E-1 1.50297E-1 1.6271E-1 1.70064E-1 1.73481E-1 1.96612E-1 1.72387E-1 1.85795E-1 2.14526E-1 2.09386E-1 2.14801E-1 2.07793E-1 2.07464E-1 2.33229E-1 2.28333E-1 2.06324E-1 1.99771E-1 2.16677E-1 2.11563E-1 2.14385E-1 2.34369E-1 2.21688E-1 2.17838E-1 2.33468E-1 2.17698E-1 1.88272E-1 2.27646E-1 2.28729E-1
-9999 1.44962E-1 1.66608E-1 1.92626E-1 2.14326E-1 2.06012E-1 2.19946E-1 2.09083E-1 2.08391E-1 1.84044E-1 1.86655E-1 2.33124E-1 1.74741E-1 1.98727E-1 1.99991E-1 1.98632E-1 2.10245E-1 1.66351E-1 1.39129E-1 1.06768E-1 1.22593E-1 1.24643E-1 1.25376E-1 1.13336E-1 1.27546E-1 1.24896E-1 1.40243E-1 1.2512E-1 1.36111E-1 1.38073E-1 1.42747E-1 1.54398E-1 1.75274E-1 1.50572E-1 1.66062E-1 1.07398E-1 1.34818E-1 1.31661E-1 1.39122E-1 1.66523E-1 1.70667E-1 1.40472E-1 1.68914E-1 1.68625E-1 1.7885E-1 1.70222E-1 2.01909E-1 2.16574E-1 1.97763E-1 2.02762E-1 2.06738E-1 2.0407E-1 2.1708E-1 2.01563E-1 2.10164E-1 1.95E-1 1.90845E-1 1.88178E-1 1.94843E-1 2.2275E-1 2.40148E-1 2.20718E-1 2.17563E-1 2.04314E-1 2.29231E-1 2.31742E-1 2.09297E-1
-9999 1.91731E-1 1.92845E-1 1.74496E-1 1.74454E-1 2.0327E-1 1.82553E-1 2.20541E-1 1.59911E-1 1.57648E-1 1.92182E-1 2.11531E-1 1.55864E-1 1.69251E-1 1.67723E-1 1.57355E-1 1.56712E-1 1.49589E-1 1.55764E-1 1.01021E-1 1.3392E-1 1.46116E-1 1.47336E-1 1.444E-1 1.36434E-1 1.3398E-1 1.40041E-1 1.17207E-1 1.01816E-1 1.31507E-1 1.44714E-1 1.6046E-1 1.63176E-1 1.1812E-1 1.27427E-1 1.0246E-1 1.4543E-1 1.05815E-1 1.34198E-1 1.3135E-1 1.34815E-1 1.31063E-1 1.32874E-1 1.65884E-1 1.77862E-1 1.65711E-1 2.12335E-1 2.14768E-1 1.98008E-1 2.03937E-1 2.06163E-1 2.16885E-1 2.07505E-1 2.13209E-1 2.08451E-1 1.92911E-1 2.1085E-1 1.97847E-1 1.79744E-1 1.77974E-1 2.27337E-1 1.97608E-1 1.96221E-1 1.88232E-1 2.25353E-1 2.13396E-1 2.00669E-1
-9999 8.22626E-2 9.60972E-2 1.41058E-1 1.13264E-1 2.06524E-1 2.15482E-1 1.9622E-1 1.95095E-1 2.16079E-1 2.21955E-1 2.1874E-1 1.50082E-1 1.64854E-1 1.60744E-1 1.85564E-1 1.57998E-1 1.73046E-1 1.23853E-1 1.30916E-1 1.14894E-1 1.3521E-1 1.42577E-1 1.39715E-1 1.37752E-1 1.54707E-1 1.65885E-1 1.62877E-1 1.42624E-1 1.50016E-1 1.69372E-1 1.18575E-1 1.13325E-1 1.11978E-1 1.13793E-1 1.28593E-1 1.60288E-1 1.41561E-1 1.55376E-1 1.3737E-1 1.56467E-1 1.33332E-1 1.37134E-1 1.4373E-1 1.77087E-1 1.8602E-1 1.9874E-1 2.13199E-1 2.11529E-1 2.11761E-1 2.16423E-1 2.1684E-1 2.0646E-1 2.10699E-1 2.12273E-1 2.24246E-1 2.14348E-1 2.03254E-1 2.07417E-1 2.01175E-1 1.95302E-1 2.25654E-1 1.89402E-1 1.90554E-1 1.96982E-1 2.38391E-1 2.35104E-1
-9999 1.012E-1 1.1798E-1 1.36114E-1 1.36224E-1 1.64092E-1 1.96083E-1 2.00915E-1 2.00866E-1 1.77358E-1 2.08034E-1 1.82973E-1 1.79016E-1 1.74889E-1 1.87269E-1 1.6134E-1 1.39098E-1 1.88362E-1 1.34641E-1 1.31584E-1 1.09891E-1 1.03661E-1 1.39061E-1 1.6023E-1 1.61274E-1 1.5954E-1 1.71708E-1 1.71329E-1 1.66832E-1 1.58147E-1 1.77757E-1 1.27263E-1 1.55703E-1 1.27466E-1 1.41287E-1 1.5224E-1 1.75652E-1 1.50996E-1 1.21332E-1 1.49005E-1 1.57908E-1 1.09217E-1 1.40814E-1 1.45987E-1 1.2541E-1 1.83476E-1 1.78727E-1 1.81025E-1 2.23937E-1 2.17466E-1 2.26132E-1 2.08099E-1 2.07601E-1 2.09677E-1 2.13309E-1 2.19806E-1 2.07481E-1 2.11427E-1 2.1573E-1 2.16054E-1 2.24257E-1 2.12369E-1 2.08244E-1 2.03963E-1 2.04754E-1 1.88363E-1 2.15016E-1
-9999 1.27448E-1 1.40176E-1 1.58928E-1 1.68823E-1 1.42043E-1 1.85469E-1 1.83993E-1 1.89393E-1 1.62301E-1 1.73221E-1 1.8754E-1 2.22613E-1 1.81691E-1 1.95283E-1 1.77626E-1 1.46056E-1 1.53961E-1 1.62677E-1 1.39128E-1 1.15619E-1 1.29361E-1 1.62689E-1 1.68651E-1 1.72232E-1 1.47046E-1 1.42568E-1 1.67193E-1 1.79564E-1 1.49141E-1 1.27731E-1 1.40408E-1 1.48372E-1 1.35586E-1 1.02548E-1 1.52641E-1 1.70034E-1 1.45587E-1 1.45645E-1 1.60475E-1 1.70172E-1 1.20719E-1 1.38197E-1 1.47501E-1 1.82651E-1 1.88634E-1 1.84958E-1 1.90245E-1 2.00832E-1 2.0871E-1 2.12892E-1 1.90216E-1 1.98084E-1 2.09834E-1 2.25153E-1 1.89706E-1 2.09628E-1 1.75947E-1 2.10862E-1 2.1128E-1 2.25325E-1 2.11825E-1 2.36356E-1 2.0339E-1 2.32513E-1 2.24658E-1 2.25356E-1
1.59433E-1 1.7644E-1 1.77654E-1 1.84275E-1 1.63293E-1 1.69803E-1 1.92961E-1 1.71053E-1 1.53863E-1 1.72378E-1 1.56688E-1 1.55166E-1 1.40957E-1 1.14108E-1 9.33578E-2 1.15066E-1 1.15172E-1 1.73393E-1 1.79553E-1 1.43027E-1 1.23736E-1 1.20276E-1 1.4871E-1 1.43294E-1 1.43797E-1 1.61898E-1 1.55499E-1 1.47763E-1 1.43326E-1 1.675E-1 1.48901E-1 1.33851E-1 1.63595E-1 1.52062E-1 1.34102E-1 1.62426E-1 1.62223E-1 1.86861E-1 1.75317E-1 1.52368E-1 1.57963E-1 1.4248E-1 1.42393E-1 1.7933E-1 2.01654E-1 1.90474E-1 1.87417E-1 1.93609E-1 1.81112E-1 2.00013E-1 2.25963E-1 2.11444E-1 1.86309E-1 1.95432E-1 2.01549E-1 2.00969E-1 2.01986E-1 1.80319E-1 2.02098E-1 2.13392E-1 1.98197E-1 1.98373E-1 2.07799E-1 2.1199E-1 2.2065E-1 2.06513E-1 2.15504E-1
1.63971E-1 1.62738E-1 1.60168E-1 1.78331E-1 1.23686E-1 1.08796E-1 1.41943E-1 1.93378E-1 1.81536E-1 1.93757E-1 1.84505E-1 1.81479E-1 1.58853E-1 1.0602E-1 9.60387E-2 7.55439E-2 1.17739E-1 1.57705E-1 1.74186E-1 1.58299E-1 1.65774E-1 1.81201E-1 1.60868E-1 1.30417E-1 1.3195E-1 1.40345E-1 1.40925E-1 1.40374E-1 1.32941E-1 1.65805E-1 1.58493E-1 1.16536E-1 1.54446E-1 1.20672E-1 1.59033E-1 1.74181E-1 1.60388E-1 1.70716E-1 1.86867E-1 1.64295E-1 1.51217E-1 1.74006E-1 1.65755E-1 1.73448E-1 1.58766E-1 1.98431E-1 1.85322E-1 1.84082E-1 1.93404E-1 1.9337E-1 2.05226E-1 2.39097E-1 2.30101E-1 2.12496E-1 2.03624E-1 2.06688E-1 1.75329E-1 1.86676E-1 1.84641E-1 2.09356E-1 2.08449E-1 2.06547E-1 2.2794E-1 2.18861E-1 2.2545E-1 2.12077E-1 2.24791E-1
1.51651E-1 1.58471E-1 1.46207E-1 1.50994E-1 1.60646E-1 1.47863E-1 1.72661E-1 1.82283E-1 1.79865E-1 1.85789E-1 1.80015E-1 1.66894E-1 1.30435E-1 1.10445E-1 1.37337E-1 1.38752E-1 1.4417E-1 1.748E-1 1.38155E-1 1.62589E-1 1.7214E-1 1.75009E-1 1.50492E-1 1.41638E-1 1.64723E-1 1.49026E-1 1.27464E-1 1.26121E-1 1.32001E-1 1.37705E-1 1.52219E-1 1.64048E-1 1.62731E-1 1.67963E-1 1.52241E-1 1.64345E-1 1.58409E-1 1.92373E-1 1.81609E-1 1.79136E-1 1.70399E-1 1.80363E-1 1.88813E-1 1.5716E-1 1.62146E-1 1.8661E-1 1.88384E-1 1.90796E-1 1.67407E-1 1.8218E-1 2.02714E-1 2.02343E-1 1.99562E-1 2.00003E-1 2.22361E-1 1.97306E-1 2.05861E-1 2.02243E-1 2.0032E-1 1.93935E-1 2.12133E-1 2.2472E-1 2.23361E-1 1.97121E-1 2.01488E-1 2.16996E-1 2.19253E-1
1.24094E-1 1.21025E-1 1.47292E-1 1.75294E-1 1.62675E-1 1.56073E-1 1.70456E-1 1.90039E-1 1.95546E-1 2.03112E-1 1.95287E-1 1.5701E-1 1.1221E-1 1.31636E-1 1.55951E-1 1.39692E-1 1.44981E-1 1.53338E-1 1.41633E-1 1.48532E-1 1.53937E-1 1.43332E-1 1.5878E-1 1.59508E-1 1.47765E-1 1.4171E-1 1.44641E-1 1.53104E-1 1.64266E-1 1.24837E-1 1.56824E-1 1.67191E-1 1.63712E-1 1.75187E-1 1.79206E-1 1.64629E-1 1.76075E-1 1.75749E-1 1.75405E-1 1.77512E-1 1.78866E-1 1.64238E-1 1.84644E-1 1.65507E-1 1.79921E-1 1.8632E-1 1.8103E-1 1.92817E-1 1.85576E-1 1.854E-1 1.81958E-1 1.96843E-1 1.91107E-1 2.03602E-1 1.99619E-1 2.03476E-1 2.10261E-1 2.13539E-1 2.1554E-1 2.14379E-1 1.94337E-1 2.6396E-1 2.21323E-1 2.18103E-1 2.20761E-1 2.17738E-1 2.26785E-1
-9999 1.37055E-1 1.56675E-1 1.87511E-1 1.92371E-1 1.39069E-1 1.40606E-1 1.74608E-1 1.67023E-1 2.01238E-1 1.79893E-1 1.75712E-1 1.34136E-1 1.48183E-1 1.48311E-1 1.59165E-1 1.42662E-1 1.28121E-1 1.67698E-1 1.61257E-1 1.34243E-1 1.30287E-1 1.39941E-1 1.34283E-1 1.43677E-1 1.53329E-1 1.43603E-1 1.56483E-1 1.53703E-1 1.36285E-1 1.46255E-1 1.81912E-1 1.67946E-1 1.8724E-1 1.40896E-1 1.74069E-1 1.53793E-1 1.5306E-1 2.08805E-1 2.03125E-1 1.96116E-1 1.92122E-1 2.10778E-1 1.88537E-1 1.88497E-1 1.71359E-1 1.73773E-1 1.64951E-1 1.88806E-1 1.74399E-1 1.93867E-1 1.92424E-1 1.98297E-1 2.14378E-1 2.18246E-1 2.07052E-1 2.26589E-1 2.12669E-1 2.18841E-1 2.20618E-1 2.25885E-1 2.5624E-1 2.29469E-1 2.42192E-1 2.33215E-1 2.14805E-1 2.13409E-1
-9999 1.24419E-1 1.37775E-1 1.90038E-1 1.89018E-1 1.51204E-1 1.61686E-1 1.72069E-1 1.57512E-1 1.43957E-1 1.38987E-1 1.14025E-1 1.34267E-1 1.51378E-1 1.63904E-1 1.66051E-1 1.48449E-1 1.58689E-1 1.52257E-1 1.70458E-1 1.46671E-1 1.60764E-1 1.38001E-1 1.39174E-1 1.55835E-1 1.30881E-1 1.53011E-1 1.40975E-1 1.35096E-1 1.51097E-1 1.81716E-1 1.59297E-1 1.73847E-1 1.52699E-1 1.47072E-1 1.81744E-1 1.85486E-1 1.70898E-1 2.07587E-1 2.07053E-1 1.93204E-1 2.04632E-1 2.14135E-1 1.91751E-1 1.92872E-1 1.87458E-1 1.88617E-1 1.80244E-1 1.76847E-1 2.02202E-1 2.0403E-1 2.12325E-1 2.01815E-1 2.12177E-1 2.16448E-1 2.05739E-1 2.03074E-1 2.1383E-1 2.12913E-1 2.22337E-1 2.21342E-1 2.38687E-1 2.33844E-1 2.3527E-1 2.3446E-1 2.14586E-1 2.26727E-1
-9999 1.37874E-1 1.29318E-1 1.60289E-1 1.9761E-1 1.40965E-1 1.78091E-1 1.6723E-1 1.50445E-1 1.61798E-1 1.25191E-1 1.59919E-1 1.67384E-1 1.47878E-1 1.5592E-1 1.43506E-1 1.48747E-1 1.69019E-1 1.36174E-1 1.48628E-1 1.2268E-1 1.49074E-1 1.46828E-1 1.38321E-1 1.78846E-1 1.42197E-1 1.47436E-1 1.41944E-1 1.49028E-1 1.36433E-1 1.66422E-1 1.99978E-1 1.3542E-1 1.57293E-1 1.62142E-1 1.63361E-1 1.66195E-1 1.63873E-1 1.84607E-1 1.66794E-1 1.86863E-1 2.20064E-1 2.32028E-1 2.04423E-1 2.02877E-1 1.92879E-1 1.90974E-1 2.08927E-1 2.41025E-1 2.01297E-1 1.91615E-1 2.11289E-1 2.16866E-1 2.1051E-1 2.17419E-1 2.15127E-1 2.15473E-1 2.1396E-1 2.14276E-1 2.39908E-1 2.41476E-1 2.19917E-1 2.42456E-1 2.24579E-1 2.28043E-1 2.4457E-1 2.48901E-1
-9999 1.91494E-1 1.67076E-1 1.81328E-1 1.84185E-1 1.95431E-1 1.48347E-1 1.61147E-1 1.57888E-1 1.55681E-1 1.50995E-1 1.34293E-1 1.40252E-1 1.12457E-1 1.20609E-1 1.17044E-1 1.40234E-1 1.42497E-1 1.54002E-1 1.19083E-1 1.10305E-1 1.48492E-1 1.29032E-1 1.37147E-1 1.58296E-1 1.32912E-1 1.52463E-1 1.5717E-1 1.67031E-1 1.61423E-1 1.53716E-1 1.32804E-1 1.75693E-1 1.69025E-1 1.89883E-1 1.5096E-1 1.75913E-1 1.85448E-1 1.84958E-1 1.98381E-1 1.93606E-1 2.07521E-1 2.16073E-1 2.07978E-1 1.92183E-1 1.91275E-1 2.01068E-1 2.03155E-1 2.20131E-1 2.10789E-1 2.08025E-1 1.98721E-1 2.07049E-1 2.06493E-1 1.95509E-1 2.1507E-1 2.07178E-1 2.26046E-1 2.25936E-1 2.33376E-1 2.15153E-1 2.29059E-1 2.21401E-1 2.57059E-1 2.73938E-1 2.32714E-1 2.25136E-1
-9999 -9999 1.52745E-1 1.49556E-1 1.60157E-1 1.81044E-1 1.6797E-1 1.67236E-1 1.66853E-1 1.49634E-1 1.20104E-1 1.0581E-1 1.15849E-1 1.64469E-1 1.50129E-1 1.59645E-1 1.29764E-1 1.606E-1 1.24401E-1 1.39261E-1 1.21724E-1 1.40441E-1 1.36528E-1 1.50477E-1 1.48563E-1 1.46141E-1 1.45599E-1 1.65017E-1 1.83928E-1 1.51945E-1 1.29526E-1 1.61895E-1 1.85647E-1 1.9511E-1 1.80119E-1 1.82022E-1 1.95977E-1 2.00665E-1 2.00503E-1 1.99115E-1 2.00856E-1 2.07569E-1 2.02484E-1 1.85358E-1 1.91568E-1 2.01996E-1 1.99218E-1 2.09489E-1 2.2412E-1 2.24608E-1 2.1257E-1 2.07289E-1 2.07807E-1 2.21085E-1 2.16455E-1 2.39309E-1 2.25321E-1 2.18389E-1 2.26615E-1 2.37822E-1 2.23307E-1 2.36651E-1 2.23223E-1 2.31555E-1 2.62851E-1 2.37074E-1 2.21647E-1
-9999 -9999 1.47539E-1 1.10434E-1 1.29318E-1 1.4221E-1 1.08151E-1 1.6473E-1 2.07E-1 1.61806E-1 1.48777E-1 9.77743E-2 1.25032E-1 1.37263E-1 1.20977E-1 1.37697E-1 1.48884E-1 1.53849E-1 1.55852E-1 1.40016E-1 1.61638E-1 1.70538E-1 1.72135E-1 1.6606E-1 1.57141E-1 1.64369E-1 1.48442E-1 1.75413E-1 1.94703E-1 1.6955E-1 1.45825E-1 1.64646E-1 2.00197E-1 1.91812E-1 1.85735E-1 1.72463E-1 1.71278E-1 1.9344E-1 2.0083E-1 1.95007E-1 1.89049E-1 2.09525E-1 1.88718E-1 1.99731E-1 2.04131E-1 2.06175E-1 2.11206E-1 2.04898E-1 2.23019E-1 2.23623E-1 2.13589E-1 2.03474E-1 2.21009E-1 2.14652E-1 2.13728E-1 2.16124E-1 2.24773E-1 2.31155E-1 2.26971E-1 2.67344E-1 2.25933E-1 2.06748E-1 2.04037E-1 2.25068E-1 2.36326E-1 2.19245E-1 2.2253E-1
-9999 -9999 -9999 1.27462E-1 1.10099E-1 1.44733E-1 1.54721E-1 1.43099E-1 1.92779E-1 1.86449E-1 1.62813E-1 1.55382E-1 1.6719E-1 1.14968E-1 1.52947E-1 1.64015E-1 1.67093E-1 1.65388E-1 1.62019E-1 1.38455E-1 1.51232E-1 1.56259E-1 1.67763E-1 1.55838E-1 1.6438E-1 1.64362E-1 1.40241E-1 1.7327E-1 1.89232E-1 1.67918E-1 1.47786E-1 1.47737E-1 1.80527E-1 1.66724E-1 1.75892E-1 1.67775E-1 1.87651E-1 1.99335E-1 2.01466E-1 1.92772E-1 1.95193E-1 2.00661E-1 2.06203E-1 1.90024E-1 2.20148E-1 2.1517E-1 2.13506E-1 2.11362E-1 2.15739E-1 2.08144E-1 2.20005E-1 2.00804E-1 2.03826E-1 2.05263E-1 2.16105E-1 2.18895E-1 2.2369E-1 2.25943E-1 2.42705E-1 2.55621E-1 2.54675E-1 2.3445E-1 2.34429E-1 2.38084E-1 2.47699E-1 2.54556E-1 2.40759E-1
-9999 -9999 -9999 1.21053E-1 1.17577E-1 1.5948E-1 1.68174E-1 1.96374E-1 1.73837E-1 1.73265E-1 1.6785E-1 1.33901E-1 1.52533E-1 1.04782E-1 1.32764E-1 1.55363E-1 1.66653E-1 1.61228E-1 1.70417E-1 1.28529E-1 1.26415E-1 1.11634E-1 1.42516E-1 1.46928E-1 1.63332E-1 1.47623E-1 1.50073E-1 1.56831E-1 1.54601E-1 1.65226E-1 1.6619E-1 1.74246E-1 1.71517E-1 1.57607E-1 1.53793E-1 1.65775E-1 1.78955E-1 1.8106E-1 1.99881E-1 1.88482E-1 1.88198E-1 1.84091E-1 1.79302E-1 1.92443E-1 2.07861E-1 2.10863E-1 2.16394E-1 2.15111E-1 2.13767E-1 2.11637E-1 2.10188E-1 2.07697E-1 2.00169E-1 2.03933E-1 2.15961E-1 2.26154E-1 2.12672E-1 2.24156E-1 2.51555E-1 2.68593E-1 2.28138E-1 2.52309E-1 2.5462E-1 2.45037E-1 2.30029E-1 2.38329E-1 2.51226E-1
-9999 -9999 -9999 1.29888E-1 1.28502E-1 1.50817E-1 1.35864E-1 1.44007E-1 1.56311E-1 1.54371E-1 1.30465E-1 1.44293E-1 1.59931E-1 9.23742E-2 9.28299E-2 1.2142E-1 1.28732E-1 1.63023E-1 1.60765E-1 1.23212E-1 1.26779E-1 1.075E-1 1.18149E-1 1.24052E-1 1.71334E-1 1.41441E-1 1.62372E-1 1.6644E-1 1.74267E-1 1.90441E-1 1.66679E-1 1.81676E-1 1.89222E-1 1.76365E-1 1.94565E-1 1.84926E-1 1.70407E-1 1.9418E-1 1.72978E-1 2.03762E-1 1.91196E-1 1.90862E-1 2.01991E-1 1.94927E-1 1.95091E-1 2.09568E-1 2.0934E-1 2.16999E-1 1.97977E-1 2.02843E-1 2.03247E-1 1.98189E-1 2.06344E-1 2.12262E-1 2.11428E-1 2.28157E-1 2.1889E-1 2.24004E-1 2.45228E-1 2.6937E-1 2.55278E-1 2.47185E-1 2.91447E-1 2.35493E-1 2.50292E-1 2.7155E-1 2.74299E-1
-9999 -9999 1.70229E-1 1.06773E-1 1.26075E-1 1.66482E-1 1.39669E-1 1.32478E-1 1.37295E-1 1.31115E-1 1.24099E-1 1.36133E-1 1.47393E-1 1.18029E-1 9.60567E-2 6.73975E-2 7.93887E-2 1.29671E-1 1.64776E-1 1.56821E-1 1.25589E-1 1.38608E-1 1.26159E-1 1.56039E-1 1.53759E-1 1.49109E-1 1.6181E-1 1.5674E-1 1.69732E-1 1.51189E-1 1.79339E-1 1.89383E-1 1.69034E-1 1.64654E-1 1.59811E-1 1.6777E-1 1.70956E-1 1.7834E-1 1.81384E-1 1.34583E-1 1.88127E-1 1.95402E-1 1.82542E-1 1.88032E-1 1.71399E-1 2.01908E-1 2.13299E-1 1.96386E-1 1.93758E-1 1.96922E-1 1.87357E-1 2.30731E-1 2.18043E-1 2.64533E-1 2.1806E-1 2.08353E-1 2.2746E-1 2.29361E-1 2.32052E-1 2.59828E-1 2.51101E-1 2.54963E-1 2.88189E-1 2.81882E-1 2.73178E-1 2.87539E-1 2.8483E-1
-9999 -9999 -9999 8.66348E-2 1.09045E-1 1.52496E-1 1.38502E-1 1.11542E-1 1.25074E-1 9.54808E-2 1.17152E-1 1.26912E-1 9.37465E-2 9.05275E-2 9.34024E-2 1.25008E-1 1.25826E-1 1.74292E-1 1.88989E-1 2.16467E-1 1.77553E-1 1.50175E-1 1.61006E-1 1.50808E-1 1.86705E-1 1.61848E-1 1.3956E-1 1.38892E-1 1.44143E-1 1.54333E-1 1.53942E-1 1.80105E-1 1.75328E-1 1.43948E-1 1.62082E-1 1.68009E-1 1.60233E-1 1.44179E-1 1.50605E-1 1.426E-1 1.79135E-1 1.74671E-1 1.98403E-1 1.87681E-1 1.8878E-1 1.71625E-1 2.11767E-1 2.00329E-1 1.89156E-1 2.10113E-1 1.98765E-1 2.02135E-1 2.248E-1 2.2562E-1 2.1206E-1 2.23026E-1 2.36024E-1 2.29485E-1 2.42356E-1 2.6237E-1 2.58755E-1 2.5544E-1 2.56438E-1 2.55092E-1 2.54512E-1 2.83191E-1 2.82226E-1
-9999 -9999 -9999 8.3289E-2 8.75615E-2 1.34871E-1 1.13782E-1 1.15782E-1 1.26883E-1 1.34364E-1 1.17405E-1 1.16894E-1 1.25029E-1 1.46892E-1 1.36159E-1 1.55909E-1 1.6905E-1 1.9966E-1 1.8552E-1 2.12544E-1 2.13348E-1 1.76969E-1 1.74409E-1 1.79668E-1 1.7218E-1 1.93553E-1 1.6575E-1 1.70167E-1 1.87493E-1 1.73695E-1 1.86458E-1 1.85085E-1 1.67614E-1 1.61714E-1 1.80221E-1 1.84862E-1 1.74042E-1 1.5542E-1 1.68964E-1 1.75087E-1 1.9101E-1 1.96659E-1 2.06993E-1 1.95222E-1 1.98981E-1 1.85139E-1 2.00158E-1 2.01629E-1 2.03859E-1 1.96584E-1 2.15179E-1 2.04433E-1 2.0006E-1 2.18165E-1 2.19953E-1 2.26187E-1 2.29339E-1 2.26593E-1 2.3194E-1 2.43777E-1 2.40811E-1 2.55632E-1 2.34717E-1 2.5683E-1 2.51978E-1 2.74361E-1 2.44077E-1
-9999 -9999 -9999 9.09329E-2 6.2675E-2 1.81493E-1 1.23513E-1 1.25949E-1 1.42398E-1 1.41589E-1 1.29593E-1 1.23055E-1 1.73584E-1 2.10446E-1 2.13788E-1 1.97426E-1 1.97637E-1 2.10425E-1 2.01883E-1 1.83635E-1 1.91444E-1 1.84743E-1 1.86648E-1 1.68667E-1 1.60858E-1 1.72969E-1 1.45943E-1 1.48283E-1 1.93416E-1 1.8508E-1 1.99984E-1 2.05693E-1 2.00391E-1 1.60707E-1 1.85151E-1 1.89231E-1 1.87403E-1 1.78947E-1 1.81747E-1 1.93369E-1 1.77229E-1 1.81296E-1 2.07009E-1 1.89263E-1 1.80874E-1 1.83939E-1 1.6951E-1 2.10278E-1 2.10867E-1 2.00868E-1 2.08787E-1 2.14321E-1 2.10706E-1 2.28073E-1 2.27973E-1 2.21129E-1 2.24731E-1 2.22222E-1 2.24532E-1 2.45903E-1 2.42481E-1 2.52922E-1 2.38948E-1 2.82051E-1 2.47613E-1 2.69869E-1 2.76603E-1
-9999 -9999 -9999 9.23123E-2 9.42416E-2 1.50815E-1 1.14058E-1 1.33833E-1 1.53773E-1 1.72185E-1 1.5545E-1 1.65954E-1 1.69682E-1 1.95023E-1 2.1344E-1 1.9186E-1 2.07522E-1 2.29034E-1 1.99342E-1 1.90392E-1 1.96947E-1 2.10676E-1 1.97988E-1 1.90682E-1 1.93393E-1 1.9766E-1 1.6767E-1 1.44859E-1 1.62891E-1 1.70945E-1 1.80608E-1 1.66453E-1 1.7159E-1 1.63677E-1 1.54106E-1 1.58493E-1 1.96254E-1 1.79638E-1 2.10376E-1 1.94241E-1 1.93787E-1 2.03067E-1 1.78282E-1 1.77661E-1 1.81993E-1 1.75757E-1 1.93576E-1 2.23093E-1 2.24756E-1 2.07269E-1 2.10594E-1 2.20118E-1 2.22507E-1 2.36927E-1 2.40254E-1 2.21024E-1 2.22864E-1 2.33544E-1 2.28511E-1 2.27264E-1 2.40947E-1 2.46204E-1 2.34968E-1 2.4795E-1 2.851E-1 2.78775E-1 2.78743E-1
-9999 -9999 8.60637E-2 8.20503E-2 1.19176E-1 1.68486E-1 1.18704E-1 1.22445E-1 1.66888E-1 1.64557E-1 1.51242E-1 1.50025E-1 1.60402E-1 1.89135E-1 1.972E-1 2.06717E-1 2.0911E-1 2.27728E-1 2.15013E-1 1.93746E-1 1.90527E-1 1.57972E-1 1.56459E-1 1.85572E-1 1.94426E-1 1.67639E-1 1.6874E-1 2.02011E-1 1.91896E-1 1.96503E-1 1.90538E-1 1.68675E-1 1.53581E-1 1.67366E-1 1.71242E-1 1.80977E-1 1.78614E-1 1.93816E-1 2.06249E-1 1.90935E-1 1.94199E-1 1.99825E-1 2.04236E-1 1.86436E-1 1.81091E-1 1.87461E-1 2.0029E-1 2.09289E-1 2.14937E-1 1.93982E-1 2.24886E-1 2.20716E-1 2.36455E-1 2.30584E-1 2.20553E-1 2.31238E-1 2.28694E-1 2.14845E-1 2.33613E-1 2.16259E-1 2.28928E-1 2.22308E-1 2.35049E-1 2.34504E-1 2.73502E-1 2.58797E-1 2.73634E-1
-9999 -9999 1.09884E-1 1.41724E-1 1.27786E-1 1.38415E-1 1.32964E-1 1.46738E-1 1.69232E-1 1.85891E-1 1.80037E-1 1.67035E-1 1.605E-1 1.64158E-1 1.93792E-1 1.88219E-1 1.81164E-1 2.03335E-1 1.99894E-1 2.03062E-1 1.5426E-1 1.21382E-1 1.49652E-1 1.76891E-1 1.85876E-1 1.84739E-1 1.62627E-1 1.83261E-1 1.66235E-1 1.52427E-1 1.7406E-1 1.88169E-1 1.88371E-1 1.7768E-1 1.75426E-1 1.74379E-1 1.96054E-1 1.94229E-1 2.05891E-1 1.99291E-1 2.01321E-1 1.93873E-1 2.1006E-1 1.91417E-1 1.96687E-1 2.05316E-1 2.11253E-1 2.16971E-1 2.14476E-1 1.88245E-1 2.19579E-1 2.29137E-1 2.30737E-1 2.41073E-1 2.44085E-1 2.45698E-1 2.35784E-1 2.44985E-1 2.43439E-1 2.2863E-1 2.25969E-1 2.07585E-1 2.75343E-1 2.9032E-1 2.83937E-1 2.91189E-1 2.36516E-1
-9999 -9999 1.17101E-1 1.27521E-1 1.6944E-1 1.37017E-1 1.21238E-1 1.46879E-1 1.90727E-1 2.13155E-1 2.06339E-1 1.76898E-1 2.05064E-1 1.84231E-1 1.94866E-1 1.8768E-1 1.89077E-1 1.84018E-1 1.6094E-1 1.43746E-1 1.77186E-1 1.63724E-1 1.46905E-1 1.59037E-1 1.91615E-1 1.77307E-1 1.69238E-1 1.67598E-1 1.66462E-1 1.6805E-1 1.72273E-1 1.87735E-1 1.98171E-1 1.95876E-1 1.87126E-1 2.06819E-1 1.88316E-1 1.93054E-1 1.92836E-1 1.82128E-1 1.84032E-1 1.8199E-1 1.97385E-1 2.1914E-1 2.09434E-1 2.25735E-1 2.2171E-1 2.25719E-1 2.15207E-1 2.24891E-1 2.11603E-1 2.18018E-1 2.19408E-1 2.81866E-1 2.65956E-1 2.7838E-1 2.5182E-1 2.41386E-1 2.48215E-1 2.28569E-1 2.24725E-1 2.35515E-1 2.79848E-1 2.57978E-1 2.73349E-1 3.1154E-1 2.42163E-1
-9999 -9999 9.15302E-2 1.36158E-1 1.75164E-1 1.40931E-1 1.37356E-1 1.53964E-1 1.59422E-1 1.56462E-1 1.4865E-1 1.69369E-1 1.91281E-1 1.90803E-1 1.78706E-1 1.95223E-1 1.89731E-1 1.58259E-1 1.61576E-1 1.68216E-1 1.82975E-1 1.93472E-1 1.88438E-1 1.61737E-1 1.65284E-1 1.51725E-1 2.07405E-1 1.95031E-1 1.74719E-1 1.89153E-1 1.98906E-1 1.75247E-1 1.85893E-1 2.15944E-1 2.00544E-1 1.99025E-1 1.7768E-1 1.70716E-1 1.84645E-1 1.9617E-1 2.10149E-1 2.1647E-1 1.88725E-1 1.99266E-1 2.09533E-1 2.2115E-1 2.32206E-1 2.38959E-1 2.28565E-1 2.15455E-1 2.2401E-1 2.21019E-1 2.29374E-1 2.29717E-1 2.27982E-1 2.45032E-1 2.54023E-1 2.44522E-1 2.45554E-1 2.52066E-1 2.54305E-1 2.47835E-1 2.88148E-1 2.60955E-1 2.68577E-1 2.88623E-1 2.84382E-1
-9999 -9999 6.42757E-2 8.6056E-2 1.54902E-1 1.2194E-1 1.43111E-1 1.59341E-1 1.67664E-1 1.33646E-1 1.496E-1 1.39808E-1 1.67349E-1 1.67514E-1 2.01433E-1 1.87978E-1 2.02244E-1 1.94649E-1 2.11849E-1 1.98578E-1 1.94176E-1 1.85801E-1 1.74016E-1 1.50142E-1 1.5795E-1 1.49284E-1 2.01967E-1 2.23407E-1 2.09432E-1 2.16319E-1 1.83523E-1 1.84315E-1 1.9027E-1 1.84777E-1 1.6396E-1 1.65307E-1 1.74708E-1 1.73181E-1 1.94064E-1 1.87623E-1 1.74306E-1 1.9274E-1 1.93393E-1 1.99368E-1 2.18733E-1 2.33881E-1 2.40899E-1 2.53296E-1 2.4861E-1 2.20508E-1 2.38246E-1 2.5373E-1 2.3429E-1 2.33773E-1 2.44869E-1 2.38367E-1 2.4101E-1 2.43053E-1 2.5316E-1 2.49961E-1 2.56173E-1 2.47453E-1 2.58786E-1 2.93353E-1 2.58114E-1 2.86379E-1 2.75209E-1
