ENM/Final_Models/M_1_F_qp_Set_1_E/Gustavia_santanderiensis_8_Choco.asc
ncols         367
nrows         963
xllcorner     -78.6
yllcorner     0.65
cellsize      0.00833333333333323
NODATA_value  -9999
[rows 429 to 461 of 963, columns 228 to 303 of 367]
1E0 1E0 1E0 1E0 1E0 1E0 1E0 1E0 1E0 1E0 1E0 1E0 1E0 1E0 1E0 1E0 1E0 1E0 1E0 1E0 1E0 1E0 1E0 1E0 1E0 1E0 1E0 1E0 9.99999E-1 1E0 9.99999E-1 9.87286E-1 9.99991E-1 1E0 1E0 1E0 9.64744E-1 9.99971E-1 9.99997E-1 9.99998E-1 5.50224E-1 2.24829E-1 7.03798E-1 7.41483E-1 5.5776E-2 2.90647E-3 2.05051E-3 1.45347E-2 1.93105E-2 3.08681E-2 2.9844E-2 1.47247E-2 2.73258E-3 4.06957E-3 4.70354E-3 6.3885E-3 4.03336E-3 4.26756E-3 4.63748E-3 5.245E-5 5.83426E-6 2.71507E-6 5.44172E-6 1.21949E-5 1.38024E-5 1.15096E-5 5.81798E-5 5.64465E-5 7.36445E-5 6.20814E-5 -9999 -9999 -9999 -9999 -9999 -9999
1E0 1E0 1E0 1E0 1E0 1E0 1E0 1E0 1E0 1E0 1E0 1E0 1E0 1E0 1E0 1E0 1E0 1E0 1E0 1E0 1E0 1E0 1E0 1E0 1E0 1E0 1E0 1E0 1E0 9.98749E-1 1E0 1E0 1E0 1E0 1E0 1E0 1E0 1E0 8.84174E-1 7.21915E-1 3.32887E-1 3.53393E-1 6.30985E-1 1.94125E-1 3.4737E-1 3.10379E-1 1.07438E-1 7.21079E-2 3.61943E-2 4.00249E-2 1.65836E-2 2.57432E-3 3.39422E-3 1.73561E-2 3.47518E-2 3.12653E-3 4.61838E-3 8.12808E-3 1.26527E-3 1.33504E-5 5.60766E-7 4.57779E-7 4.60798E-7 1.97545E-6 5.09967E-6 1.88078E-5 4.84952E-5 1.06611E-4 9.07335E-5 -9999 -9999 -9999 -9999 -9999 -9999 -9999
1E0 1E0 1E0 1E0 1E0 1E0 1E0 1E0 1E0 1E0 1E0 1E0 1E0 1E0 1E0 1E0 1E0 1E0 1E0 1E0 1E0 1E0 1E0 1E0 1E0 1E0 1E0 1E0 1E0 1E0 9.9498E-1 1E0 1E0 1E0 1E0 1E0 1E0 1E0 2.96637E-1 2.47672E-1 9.65601E-1 6.89717E-1 2.15997E-1 6.16197E-2 1.08884E-1 1.72272E-1 1.25053E-1 4.13826E-2 2.04756E-2 4.19623E-2 3.88484E-3 1.88919E-3 4.70521E-3 1.22741E-2 4.86221E-2 6.67754E-3 5.62657E-3 7.42562E-3 5.63262E-3 5.84804E-6 7.23829E-8 1.37189E-7 2.13176E-7 7.37468E-7 2.00816E-6 1.53749E-5 7.82011E-5 1.20007E-4 1.76459E-4 -9999 -9999 -9999 -9999 -9999 -9999 -9999
1E0 1E0 1E0 1E0 1E0 1E0 1E0 1E0 1E0 1E0 1E0 1E0 1E0 1E0 1E0 1E0 1E0 1E0 1E0 1E0 1E0 1E0 1E0 1E0 1E0 1E0 1E0 1E0 1E0 1E0 1E0 1E0 1E0 1E0 1E0 1E0 1E0 1E0 6.90085E-1 3.28951E-1 3.53824E-1 2.11008E-1 9.77129E-2 1.16502E-1 9.27429E-2 9.92132E-2 1.05152E-1 4.6832E-2 1.30469E-1 3.55886E-2 1.90772E-3 1.99333E-3 9.27487E-3 1.91403E-2 2.54931E-2 2.18103E-2 6.35813E-3 3.97469E-3 3.6587E-3 9.05258E-6 3.43196E-8 5.13925E-8 1.73885E-7 3.99604E-7 1.82838E-6 7.87535E-6 1.7652E-5 1.85167E-4 -9999 -9999 -9999 -9999 -9999 -9999 -9999 -9999
1E0 1E0 1E0 1E0 1E0 1E0 1E0 1E0 1E0 1E0 1E0 1E0 1E0 1E0 1E0 1E0 1E0 1E0 1E0 1E0 1E0 1E0 1E0 1E0 1E0 1E0 1E0 1E0 1E0 1E0 1E0 1E0 9.99603E-1 1E0 1E0 1E0 1E0 9.41479E-1 7.34859E-2 1.80177E-1 5.49669E-1 7.2916E-2 6.9763E-2 3.69587E-1 4.65474E-1 4.4738E-1 2.56603E-1 3.4478E-1 4.51533E-1 1.02721E-2 3.89437E-3 5.0788E-3 3.89361E-3 4.7669E-2 1.16859E-2 4.36768E-2 1.74033E-2 9.50978E-3 1.80112E-3 8.18526E-5 1.91365E-7 7.43558E-8 1.21107E-7 8.46513E-7 2.30975E-6 5.84239E-6 1.05163E-5 -9999 -9999 -9999 -9999 -9999 -9999 -9999 -9999 -9999
1E0 1E0 1E0 1E0 1E0 1E0 1E0 1E0 1E0 1E0 1E0 1E0 1E0 1E0 1E0 1E0 1E0 1E0 1E0 1E0 1E0 1E0 1E0 1E0 1E0 1E0 1E0 1E0 1E0 1E0 1E0 1E0 1E0 1E0 1E0 1E0 1E0 9.99808E-1 1.20157E-1 9.50106E-2 3.30537E-2 4.11207E-1 2.93713E-1 3.12737E-2 6.45383E-2 1.49517E-1 1.67045E-1 3.01797E-1 3.63007E-2 8.10326E-3 7.15082E-3 3.16576E-3 9.99339E-3 1.94867E-2 1.30473E-3 8.86095E-3 6.61935E-3 7.49162E-3 6.48428E-3 2.43467E-3 8.76362E-7 9.42977E-8 1.85968E-7 8.06332E-7 2.96906E-6 1.04035E-5 -9999 -9999 -9999 -9999 -9999 -9999 -9999 -9999 -9999 -9999
1E0 1E0 1E0 1E0 1E0 1E0 1E0 1E0 1E0 1E0 1E0 1E0 1E0 1E0 1E0 1E0 1E0 1E0 1E0 1E0 1E0 1E0 1E0 1E0 1E0 1E0 1E0 1E0 1E0 1E0 1E0 1E0 9.99998E-1 1E0 1E0 1E0 1E0 9.9955E-1 7.43142E-1 3.20123E-1 1.83905E-1 7.17054E-1 5.75769E-1 4.20772E-1 8.02982E-3 5.53733E-2 1.63582E-2 1.12686E-2 1.18183E-2 5.52561E-3 9.12198E-3 1.79239E-2 1.03636E-2 4.89478E-3 4.6962E-3 3.13269E-3 4.83477E-2 3.29323E-2 2.31421E-2 2.23373E-2 1.25391E-5 1.95601E-7 2.5586E-7 9.07816E-7 -9999 -9999 -9999 -9999 -9999 -9999 -9999 -9999 -9999 -9999 -9999 -9999
1E0 1E0 1E0 1E0 1E0 1E0 1E0 1E0 1E0 1E0 1E0 1E0 1E0 1E0 1E0 1E0 1E0 1E0 1E0 1E0 1E0 1E0 1E0 1E0 1E0 1E0 1E0 1E0 1E0 1E0 1E0 9.99993E-1 9.99956E-1 1E0 1E0 9.99999E-1 9.95952E-1 8.81025E-1 2.35321E-1 9.59471E-1 4.98232E-1 1.43536E-1 1.32207E-1 5.02363E-2 3.4801E-1 5.10209E-1 9.61733E-2 6.17894E-2 5.08084E-2 7.53997E-2 2.69745E-3 1.43542E-2 9.49841E-2 8.37471E-2 1.40227E-1 1.07438E-1 3.94607E-2 1.79486E-2 -9999 -9999 -9999 -9999 -9999 -9999 -9999 -9999 -9999 -9999 -9999 -9999 -9999 -9999 -9999 -9999 -9999 -9999
1E0 1E0 1E0 1E0 1E0 1E0 1E0 1E0 1E0 1E0 1E0 1E0 1E0 1E0 1E0 1E0 1E0 1E0 1E0 1E0 1E0 1E0 1E0 1E0 1E0 1E0 1E0 1E0 1E0 1E0 9.89778E-1 9.99562E-1 1E0 1E0 9.99996E-1 8.77493E-1 6.33591E-1 7.66103E-1 1.59177E-1 5.02391E-1 3.55941E-1 4.18248E-1 3.45698E-1 5.48951E-1 6.06589E-1 5.63874E-1 5.48858E-1 6.1884E-1 1.13677E-1 1.14645E-1 2.02693E-1 9.17528E-2 9.42803E-2 6.87294E-2 2.93443E-1 1.53743E-1 3.76241E-2 1.40162E-2 -9999 -9999 -9999 -9999 -9999 -9999 -9999 -9999 -9999 -9999 -9999 -9999 -9999 -9999 -9999 -9999 -9999 -9999
1E0 1E0 1E0 1E0 1E0 1E0 1E0 1E0 1E0 1E0 1E0 1E0 1E0 1E0 1E0 1E0 1E0 1E0 1E0 1E0 1E0 1E0 1E0 1E0 1E0 1E0 1E0 1E0 1E0 1E0 1E0 1E0 1E0 1E0 1E0 9.04065E-1 9.1799E-1 5.2062E-1 9.90191E-2 1.67586E-1 1.4223E-1 1.85826E-1 6.67691E-1 9.99996E-1 9.75141E-1 7.3604E-1 3.4222E-1 3.76208E-1 1.19147E-1 4.1949E-1 8.41304E-2 9.40081E-2 8.36633E-2 9.57248E-2 1.27939E-2 1.02086E-2 4.58327E-3 2.14115E-3 1.7923E-2 -9999 -9999 -9999 -9999 -9999 -9999 -9999 -9999 -9999 -9999 -9999 -9999 -9999 -9999 -9999 -9999 -9999
1E0 1E0 1E0 1E0 1E0 1E0 1E0 1E0 1E0 1E0 1E0 1E0 1E0 1E0 1E0 1E0 1E0 1E0 1E0 1E0 1E0 1E0 1E0 1E0 1E0 1E0 1E0 1E0 1E0 9.99999E-1 9.98423E-1 8.59667E-1 8.38562E-1 8.73378E-1 9.89973E-1 5.12747E-1 1.05806E-1 2.5845E-1 1.67666E-1 8.82415E-2 7.04817E-2 6.56896E-1 8.44076E-1 1E0 6.22904E-1 7.22264E-1 1.27674E-1 6.23038E-1 2.82143E-1 2.16319E-1 2.71173E-1 6.19061E-3 3.69471E-3 6.57616E-3 9.28369E-3 1.54005E-2 1.12618E-2 1.07175E-1 2.51589E-2 8.73017E-3 -9999 -9999 -9999 -9999 2.75703E-6 2.38124E-5 3.1826E-5 8.3275E-5 -9999 -9999 -9999 -9999 -9999 -9999 -9999 -9999
1E0 1E0 1E0 1E0 1E0 1E0 1E0 1E0 1E0 1E0 1E0 1E0 1E0 1E0 1E0 1E0 1E0 1E0 1E0 1E0 1E0 1E0 1E0 1E0 1E0 1E0 1E0 1E0 1E0 7.99682E-1 8.26695E-1 8.78686E-1 9.44547E-2 1.172E-1 5.19649E-3 2.69793E-2 2.08381E-1 8.12945E-1 9.11407E-1 4.98938E-1 1.25114E-1 1.84413E-1 2.22447E-1 5.01469E-1 3.69567E-1 4.35242E-1 5.93217E-1 6.33407E-1 5.44776E-1 1.47245E-2 4.44499E-2 5.1148E-3 6.15046E-2 6.95037E-2 1.77577E-1 1.05301E-1 1.39282E-1 5.25463E-2 1.16302E-2 8.8471E-3 1.59972E-3 3.76475E-3 4.43002E-4 8.16469E-6 1.44931E-6 1.38531E-5 2.74399E-5 4.08414E-5 9.65216E-5 -9999 -9999 -9999 -9999 -9999 -9999 -9999
1E0 1E0 1E0 1E0 1E0 1E0 1E0 1E0 1E0 1E0 1E0 1E0 1E0 1E0 1E0 1E0 1E0 1E0 1E0 1E0 1E0 1E0 1E0 1E0 1E0 1E0 1E0 1E0 1E0 9.03766E-1 9.97533E-1 6.39651E-1 6.21031E-2 4.91929E-1 4.75704E-1 2.46028E-2 2.96098E-1 3.06146E-1 1.22411E-1 1.12164E-1 3.97462E-1 3.06214E-1 2.87358E-1 3.25774E-1 9.81578E-1 9.66501E-1 9.98648E-1 2.2179E-1 3.40541E-1 1.70408E-1 5.58538E-3 2.10797E-2 6.63584E-3 5.83899E-2 4.1787E-2 1.15775E-1 3.61997E-1 1.6065E-1 2.56778E-2 6.87694E-3 1.87128E-3 2.38896E-3 3.68016E-3 2.29943E-5 9.51317E-7 2.45823E-6 7.03593E-6 -9999 -9999 -9999 -9999 -9999 -9999 -9999 -9999 -9999
1E0 1E0 1E0 1E0 1E0 1E0 1E0 1E0 1E0 1E0 1E0 1E0 1E0 1E0 1E0 1E0 1E0 1E0 1E0 1E0 1E0 1E0 1E0 1E0 1E0 1E0 1E0 1E0 1E0 1E0 5.21296E-1 9.79402E-1 5.55774E-1 9.9948E-1 9.99965E-1 9.99331E-1 9.50449E-1 1.85599E-1 4.49113E-1 3.23041E-1 5.46498E-1 6.96757E-1 8.82026E-1 9.75741E-1 9.55196E-1 6.16448E-1 7.05854E-2 2.00163E-2 5.16266E-2 2.51384E-1 1.32856E-1 6.69189E-3 4.70991E-2 1.94468E-2 9.27107E-2 6.12609E-2 3.66084E-2 2.06398E-2 2.92329E-2 1.47678E-3 1.44444E-3 1.82653E-2 4.22443E-3 9.81967E-6 6.04791E-6 7.0112E-6 -9999 -9999 -9999 -9999 -9999 -9999 -9999 -9999 -9999 -9999
1E0 1E0 1E0 1E0 1E0 1E0 1E0 1E0 1E0 1E0 1E0 1E0 1E0 1E0 1E0 1E0 1E0 1E0 1E0 1E0 1E0 1E0 1E0 1E0 1E0 1E0 1E0 1E0 9.99981E-1 1E0 3.79319E-1 2.28294E-1 3.99722E-1 9.88026E-1 9.96068E-1 9.73315E-1 6.4559E-1 4.66648E-1 9.22166E-1 9.74849E-1 8.60453E-1 3.27876E-1 5.05275E-1 6.16559E-1 5.97743E-1 7.55297E-2 1.56883E-2 1.46656E-1 6.77887E-1 3.05779E-2 1.16116E-2 3.3514E-2 3.6103E-2 7.57241E-2 2.44739E-2 6.73546E-2 1.58777E-2 1.47279E-2 4.79701E-3 1.18672E-3 3.3112E-3 2.70611E-3 5.04284E-3 3.22749E-3 -9999 -9999 -9999 -9999 -9999 -9999 -9999 -9999 -9999 -9999 -9999 -9999
1E0 1E0 1E0 1E0 1E0 1E0 1E0 1E0 1E0 1E0 1E0 1E0 1E0 1E0 1E0 1E0 1E0 1E0 1E0 1E0 1E0 1E0 1E0 1E0 1E0 1E0 1E0 1E0 9.99997E-1 9.21499E-1 9.13672E-1 9.86837E-1 8.30101E-1 3.25453E-2 8.74541E-1 9.90485E-1 8.9504E-1 6.822E-1 3.42782E-1 2.29349E-1 1.18963E-2 3.09203E-1 2.56971E-1 2.74204E-1 1.48871E-1 1.16994E-1 5.79157E-2 8.6432E-2 7.77793E-2 3.9854E-1 1.57523E-1 8.51506E-2 4.28724E-2 3.27028E-2 3.64564E-2 6.07257E-2 4.88118E-2 1.9749E-2 2.57532E-3 1.8734E-3 2.63613E-3 6.69754E-4 1.45491E-3 1.66227E-3 -9999 -9999 -9999 -9999 -9999 -9999 -9999 -9999 -9999 -9999 -9999 -9999
1E0 1E0 1E0 1E0 1E0 1E0 1E0 1E0 1E0 1E0 1E0 1E0 1E0 1E0 1E0 1E0 1E0 1E0 1E0 1E0 1E0 1E0 1E0 1E0 1E0 1E0 1E0 1E0 1E0 9.99514E-1 9.97771E-1 9.99982E-1 9.99998E-1 9.57592E-1 9.99121E-1 1.70304E-1 9.22366E-1 8.94999E-1 2.61718E-1 2.67821E-1 3.51965E-1 5.0292E-1 2.80566E-1 4.8655E-1 5.49947E-1 8.45812E-1 2.24086E-1 1.02468E-1 8.9382E-2 1.0051E-1 1.30586E-1 8.16152E-2 1.55225E-1 3.37583E-2 2.85114E-2 8.36719E-2 4.19171E-2 5.84205E-3 2.80516E-3 4.03424E-3 8.21397E-3 2.55269E-3 8.54631E-3 -9999 -9999 -9999 -9999 -9999 -9999 -9999 -9999 -9999 -9999 -9999 -9999 -9999
1E0 1E0 1E0 1E0 1E0 1E0 1E0 1E0 1E0 1E0 1E0 1E0 1E0 1E0 1E0 1E0 1E0 1E0 1E0 1E0 1E0 1E0 1E0 1E0 1E0 1E0 1E0 9.92524E-1 8.63956E-1 1.24971E-1 9.82102E-2 2.00271E-1 2.74235E-1 1.54021E-1 9.75351E-1 8.15491E-1 7.17391E-1 3.92247E-1 1.15532E-1 1.27801E-1 9.74665E-2 2.08226E-1 7.68766E-1 9.47027E-1 9.75573E-1 2.36488E-1 3.28738E-1 9.53257E-2 5.41422E-2 4.44648E-1 3.52281E-1 1.58444E-1 3.79968E-2 1.43167E-2 9.85614E-2 3.07748E-2 4.41046E-2 1.14121E-2 4.09791E-3 5.95263E-3 7.58848E-3 8.82758E-3 1.09869E-2 -9999 -9999 -9999 -9999 -9999 -9999 -9999 -9999 -9999 -9999 -9999 -9999 -9999
1E0 1E0 1E0 1E0 1E0 1E0 1E0 1E0 1E0 1E0 1E0 1E0 1E0 1E0 1E0 1E0 1E0 1E0 1E0 1E0 1E0 1E0 1E0 1E0 1E0 8.05874E-1 3.56292E-2 1.18723E-2 5.617E-2 7.45377E-2 4.32227E-2 5.55742E-2 2.0797E-1 4.12552E-1 9.99995E-1 9.99983E-1 6.23203E-1 1.20545E-1 5.32641E-2 4.02467E-2 2.472E-2 1.37099E-1 1.44538E-1 2.44127E-1 3.55905E-1 2.42729E-1 1.25154E-2 5.63714E-3 1.92979E-1 9.35714E-1 6.50939E-1 3.32024E-1 5.28022E-2 8.44591E-2 1.83522E-2 4.39804E-2 2.39487E-2 1.38061E-2 1.47747E-2 1.17595E-2 7.9027E-3 1.86706E-2 2.9607E-2 -9999 -9999 -9999 -9999 -9999 -9999 -9999 -9999 -9999 -9999 -9999 -9999 -9999
1E0 1E0 1E0 1E0 1E0 1E0 1E0 1E0 1E0 1E0 1E0 1E0 1E0 1E0 1E0 1E0 1E0 1E0 1E0 1E0 1E0 1E0 1E0 9.41404E-1 2.52798E-1 9.17798E-2 1.39964E-2 1.03969E-2 9.52758E-2 2.61116E-1 1.3046E-1 1.65088E-1 4.04652E-1 9.99518E-1 1E0 5.54076E-1 4.51761E-1 5.37657E-1 1.85063E-1 1.40399E-2 1.23275E-2 2.65422E-1 2.55652E-2 8.38964E-3 2.37877E-2 1.55488E-2 1.72286E-2 3.84096E-3 2.67437E-2 1.15089E-1 2.07866E-1 3.85486E-2 9.67202E-3 7.61447E-3 3.83932E-2 2.62778E-2 3.90017E-3 2.5629E-3 1.40459E-2 9.00326E-4 7.46917E-4 2.24898E-2 8.42959E-3 -9999 -9999 -9999 -9999 -9999 -9999 -9999 -9999 -9999 -9999 -9999 -9999 -9999
1E0 1E0 1E0 1E0 1E0 1E0 1E0 1E0 1E0 1E0 1E0 1E0 1E0 1E0 1E0 1E0 1E0 1E0 1E0 1E0 1E0 1E0 1E0 9.95418E-1 2.7927E-1 6.41235E-2 1.10769E-1 9.85827E-2 4.20103E-1 5.35159E-1 3.81007E-1 2.47327E-1 7.40652E-1 6.03255E-1 4.10827E-2 2.04635E-1 2.15446E-1 4.57786E-1 2.33689E-1 4.27554E-1 7.46784E-2 1.49469E-1 8.84774E-2 1.05995E-2 6.4044E-3 1.17948E-2 3.99847E-3 5.8641E-2 1.78543E-2 6.47963E-3 8.50156E-3 3.85798E-3 4.59614E-3 3.83227E-3 3.95238E-3 2.71623E-3 2.70215E-2 6.73084E-2 4.55631E-2 5.69198E-2 5.17264E-2 1.42231E-3 1.09277E-2 -9999 -9999 -9999 -9999 -9999 -9999 -9999 -9999 -9999 -9999 -9999 -9999 -9999
1E0 1E0 1E0 1E0 1E0 1E0 1E0 1E0 1E0 1E0 1E0 1E0 1E0 1E0 1E0 1E0 1E0 1E0 1E0 1E0 1E0 1E0 9.8441E-1 9.99998E-1 9.25952E-1 6.0156E-1 1.47196E-1 1.92259E-1 5.43423E-1 8.91835E-1 6.50443E-1 2.12084E-1 7.70233E-1 3.79808E-1 3.40018E-2 9.71009E-2 7.4904E-2 4.52104E-2 4.75504E-2 2.23555E-2 3.64013E-2 1.36173E-1 4.07785E-1 2.87885E-1 2.47055E-1 1.56477E-1 7.90617E-2 2.34824E-1 3.01629E-1 1.01942E-1 7.04398E-3 2.21257E-2 3.16058E-3 2.72401E-3 6.06997E-3 4.31829E-2 6.35492E-2 1.19591E-1 6.49631E-2 1.12378E-1 2.03846E-2 1.66898E-2 -9999 -9999 -9999 -9999 -9999 -9999 -9999 -9999 -9999 -9999 -9999 -9999 -9999 -9999
1E0 1E0 1E0 1E0 1E0 1E0 1E0 1E0 1E0 1E0 1E0 1E0 1E0 1E0 1E0 1E0 1E0 1E0 1E0 9.99999E-1 7.51921E-1 1.63272E-1 9.37221E-2 3.78449E-1 9.99702E-1 7.49368E-1 2.14304E-1 3.26878E-1 9.3294E-1 9.48247E-1 9.95643E-1 3.1343E-1 1.91016E-1 4.25345E-2 3.87554E-3 4.56789E-2 6.08692E-2 4.1387E-1 1.5166E-1 1.59213E-1 1.20687E-1 1.19194E-1 3.04089E-1 1.82191E-1 2.21843E-1 1.30401E-1 6.41676E-2 9.24028E-2 1.60003E-1 2.86916E-1 2.13149E-1 1.91686E-1 6.36076E-2 6.29182E-2 4.2174E-2 4.82628E-2 5.37107E-2 8.64975E-2 7.23341E-2 2.23271E-2 5.3905E-2 2.69177E-2 -9999 -9999 -9999 -9999 -9999 -9999 -9999 -9999 -9999 -9999 -9999 -9999 -9999 -9999
1E0 1E0 1E0 1E0 1E0 1E0 1E0 1E0 1E0 1E0 9.99985E-1 1E0 1E0 1E0 1E0 1E0 1E0 1E0 9.04072E-1 4.36551E-1 6.15302E-2 1.1421E-2 7.56253E-3 4.06532E-2 3.30471E-1 2.92106E-1 9.22097E-1 6.88177E-1 9.55386E-1 9.99994E-1 3.516E-2 6.47989E-2 6.24398E-2 2.51568E-2 4.47156E-3 7.18008E-2 3.20294E-1 4.55119E-1 1.90331E-1 7.68325E-2 1.5334E-1 1.54023E-1 6.96274E-1 6.38108E-1 2.82232E-1 1.88252E-1 1.34552E-1 1.16172E-1 1.5953E-1 2.24479E-1 6.71704E-2 2.93499E-2 3.18492E-2 8.15549E-2 1.02377E-1 5.17489E-2 2.37302E-2 3.66401E-2 4.1483E-2 3.95395E-2 8.45649E-3 1.69872E-2 -9999 -9999 -9999 -9999 -9999 -9999 -9999 -9999 -9999 -9999 -9999 -9999 -9999 -9999
1E0 1E0 1E0 1E0 1E0 1E0 1E0 1E0 1E0 1E0 1E0 1E0 1E0 1E0 1E0 1E0 1E0 1E0 4.88217E-1 1.87939E-1 2.37695E-2 9.87342E-3 1.17913E-2 3.46375E-2 5.20994E-2 2.7527E-2 7.72412E-1 3.24485E-1 9.38879E-1 4.80549E-1 2.7625E-1 7.92439E-2 4.95587E-2 5.73467E-2 2.33682E-2 8.13857E-3 3.68376E-2 5.67924E-2 5.73573E-2 4.34454E-2 4.42232E-2 7.38267E-2 1.29813E-1 1.20347E-1 1.50493E-1 2.76087E-1 9.0312E-1 9.9025E-2 8.62544E-2 1.26478E-1 1.07531E-1 4.41481E-2 2.50078E-2 5.16072E-2 2.7246E-2 2.49235E-2 2.7218E-2 3.35188E-2 1.42345E-2 2.12579E-2 2.27788E-2 1.4953E-2 -9999 -9999 -9999 -9999 -9999 -9999 -9999 -9999 -9999 -9999 -9999 -9999 -9999 -9999
1E0 1E0 1E0 1E0 1E0 1E0 1E0 1E0 1E0 1E0 1E0 1E0 1E0 1E0 1E0 9.99999E-1 9.77958E-1 9.92968E-1 6.45961E-2 1.21564E-2 7.77447E-3 3.02427E-3 4.37835E-3 1.85341E-2 9.93824E-2 6.06824E-2 4.21133E-1 3.7623E-1 3.68359E-1 2.29989E-2 7.30329E-1 2.11783E-1 9.05297E-2 4.25314E-2 1.00548E-2 2.16839E-3 2.1768E-3 3.0122E-3 4.44896E-3 1.54728E-2 6.48683E-2 1.62664E-1 2.34973E-1 3.15327E-1 2.3264E-1 8.44594E-1 5.44496E-1 2.08456E-1 4.76956E-2 1.49976E-1 8.60111E-2 2.50377E-1 4.45972E-2 4.62094E-2 8.89467E-3 2.60367E-2 2.64335E-2 6.00706E-2 3.67446E-2 1.67394E-1 1.41477E-1 1.04354E-2 -9999 -9999 -9999 -9999 -9999 -9999 -9999 -9999 -9999 -9999 -9999 -9999 -9999 -9999
1E0 1E0 1E0 1E0 1E0 1E0 1E0 1E0 1E0 1E0 1E0 1E0 1E0 1E0 1E0 1E0 9.91824E-1 6.81171E-1 1.65975E-1 3.84415E-2 3.58431E-3 7.27131E-3 5.24589E-3 2.5246E-2 4.87179E-2 8.3301E-2 2.06627E-1 4.25093E-1 3.53549E-1 3.27246E-2 5.84037E-1 5.95359E-2 3.35378E-2 1.55565E-1 1.34099E-1 8.68479E-2 7.21766E-2 3.57252E-2 1.82381E-2 8.11544E-4 1.93085E-3 1.85064E-2 4.46478E-2 1.51807E-2 5.76152E-2 3.12627E-1 4.31703E-1 1.73115E-1 5.05513E-1 1.92433E-1 5.0693E-2 2.33341E-2 3.26827E-2 4.48891E-2 1.00018E-1 2.99465E-2 3.94889E-2 1.11839E-1 7.0374E-2 8.48107E-2 3.09791E-2 8.26482E-3 -9999 -9999 -9999 -9999 -9999 -9999 -9999 -9999 -9999 -9999 -9999 -9999 -9999 -9999
1E0 1E0 1E0 1E0 1E0 1E0 1E0 1E0 1E0 1E0 1E0 1E0 1E0 1E0 1E0 1E0 8.33163E-1 1.05642E-1 6.54488E-2 2.23672E-2 3.22443E-2 4.18775E-3 1.10538E-2 7.83584E-3 2.06481E-2 1.14709E-1 4.43066E-1 9.11028E-1 8.60116E-1 1.70833E-1 2.38304E-1 1.8413E-1 2.92575E-1 3.92802E-1 1.93254E-1 1.45703E-1 2.11666E-1 2.3982E-1 4.2004E-2 6.89339E-2 2.56944E-2 1.61839E-2 2.48036E-3 1.2035E-2 1.0959E-2 6.45242E-2 2.77549E-1 3.57167E-1 2.26587E-1 5.63146E-1 9.24565E-2 3.01639E-1 2.80114E-1 7.11929E-2 2.44856E-1 3.04694E-2 1.42504E-2 5.53066E-2 8.30441E-2 8.76781E-2 1.04335E-1 7.03036E-3 -9999 -9999 -9999 -9999 -9999 -9999 -9999 -9999 -9999 -9999 -9999 -9999 -9999 -9999
1E0 1E0 1E0 1E0 1E0 1E0 1E0 1E0 1E0 1E0 1E0 1E0 1E0 1E0 1E0 1E0 7.48426E-1 6.01205E-2 9.43427E-3 1.06638E-2 1.30862E-2 9.62225E-3 3.75947E-2 1.78905E-2 3.69021E-2 5.60083E-2 2.18512E-1 9.58092E-1 9.1708E-1 8.6616E-2 2.24035E-1 3.20733E-1 3.16192E-1 2.72068E-1 1.93193E-1 2.00939E-1 3.79667E-1 2.54277E-1 9.83714E-2 8.87464E-2 1.78369E-1 1.94781E-2 1.46173E-2 8.29778E-3 1.01382E-2 4.78877E-1 1.0043E-1 2.04461E-1 4.64215E-1 4.82709E-1 2.01353E-1 8.14081E-2 3.15011E-2 4.63188E-2 1.22233E-1 2.13161E-1 8.19423E-2 4.50015E-2 4.75207E-2 5.27521E-2 1.04417E-1 9.25488E-3 -9999 -9999 -9999 -9999 -9999 -9999 -9999 -9999 -9999 -9999 -9999 -9999 -9999 -9999
1E0 1E0 1E0 1E0 1E0 1E0 1E0 1E0 1E0 1E0 1E0 1E0 1E0 1E0 1E0 9.98692E-1 1.53322E-1 1.70324E-2 4.38909E-3 6.35519E-3 6.09542E-3 2.49243E-2 8.30884E-2 4.69376E-2 4.98063E-2 1.69148E-1 2.80049E-1 9.29532E-1 8.08889E-1 2.30563E-2 1.83213E-1 1.07821E-1 4.49312E-1 5.33756E-1 2.02074E-1 7.41259E-2 2.43916E-2 7.87421E-2 3.36411E-1 3.06187E-1 1.40899E-1 5.91359E-2 1.97551E-2 2.88859E-3 6.58053E-3 2.70918E-1 8.93459E-2 3.99056E-1 6.14675E-1 5.01838E-1 1.75446E-1 3.94879E-2 5.84157E-3 3.71407E-2 1.90132E-1 6.5321E-1 2.64275E-2 9.18923E-3 5.88394E-3 1.3557E-2 5.68603E-2 1.13675E-2 -9999 -9999 -9999 -9999 -9999 -9999 -9999 -9999 -9999 -9999 -9999 -9999 -9999 -9999
1E0 1E0 1E0 1E0 1E0 1E0 1E0 1E0 1E0 1E0 1E0 1E0 1E0 1E0 9.98833E-1 1.36481E-1 5.72195E-3 3.00629E-3 6.84095E-3 1.91605E-2 2.57457E-2 5.06828E-3 1.90095E-2 4.3068E-2 1.20849E-1 5.9473E-3 6.18232E-2 4.44985E-1 7.93011E-1 1.12773E-1 4.18042E-2 1.46341E-1 6.2475E-2 1.00913E-1 1.51466E-1 5.63425E-2 1.44734E-1 7.11966E-2 1.13775E-1 2.68828E-1 4.14216E-1 1.193E-1 1.55796E-2 2.38948E-2 3.39039E-2 4.19143E-1 1.48624E-1 1.71497E-1 4.0184E-1 2.06586E-1 2.72051E-2 9.53074E-3 7.67956E-4 1.97364E-2 1.3131E-1 4.39426E-1 6.14583E-2 4.80189E-3 4.81771E-3 1.27745E-2 1.16608E-2 5.75033E-3 1.68373E-3 -9999 -9999 -9999 -9999 -9999 -9999 -9999 -9999 -9999 -9999 -9999 -9999 -9999
1E0 1E0 1E0 1E0 1E0 1E0 1E0 1E0 1E0 1E0 1E0 1E0 1E0 9.67535E-1 5.95921E-1 9.822E-2 7.86277E-3 4.99209E-3 4.00223E-3 1.58712E-2 2.25891E-2 1.74453E-2 3.02274E-2 3.4363E-2 8.925E-2 1.05636E-1 2.60649E-1 5.67466E-1 4.71162E-2 3.70875E-2 3.3015E-2 1.02464E-2 6.69674E-3 2.10287E-3 2.36645E-3 4.0653E-1 1.81435E-1 1.2675E-2 5.48123E-3 1.37365E-2 5.39585E-2 9.05794E-3 1.1599E-1 4.15815E-1 1.74623E-1 9.89067E-2 8.80771E-2 3.97149E-2 1.15995E-1 4.9408E-2 4.38329E-2 4.56876E-2 3.26743E-3 1.55607E-2 2.07473E-2 2.13621E-2 4.01069E-2 4.40792E-3 4.86E-3 1.20678E-2 2.43484E-3 1.56897E-3 6.8914E-3 -9999 -9999 -9999 -9999 -9999 -9999 -9999 -9999 -9999 -9999 -9999 -9999 -9999
1E0 1E0 1E0 1E0 1E0 1E0 1E0 1E0 1E0 1E0 1E0 1E0 1E0 9.99654E-1 7.75654E-1 4.0665E-2 5.38408E-3 6.62635E-3 4.19619E-2 3.02909E-2 5.65188E-2 3.11321E-2 2.11144E-2 2.10201E-2 1.8814E-2 5.26209E-2 1.62171E-1 3.7653E-1 3.45158E-1 1.45808E-1 1.31986E-1 1.30807E-1 5.9181E-3 5.36822E-3 1.20907E-2 8.58256E-2 1.35218E-1 7.33932E-2 1.53947E-2 3.43995E-2 7.08993E-2 5.60436E-1 1.20968E-1 9.03311E-2 5.87662E-2 4.40347E-2 1.37777E-2 8.26677E-3 1.77847E-2 3.05792E-2 4.55316E-2 1.96423E-2 5.87991E-3 5.49442E-3 8.28279E-3 3.81032E-3 8.10245E-3 6.58168E-3 6.58207E-3 5.68896E-3 2.29354E-3 1.78645E-3 2.31402E-3 -9999 -9999 -9999 -9999 -9999 -9999 -9999 -9999 -9999 -9999 -9999 -9999 -9999
