ENM/Final_Models/M_1_F_qp_Set_1_E/Gustavia_santanderiensis_Choco_min.asc
ncols         367
nrows         963
xllcorner     -78.6
yllcorner     0.65
cellsize      0.00833333333333323
NODATA_value  -9999
[rows 750 to 779 of 963, columns 0 to 66 of 367]
-9999 -9999 -9999 -9999 -9999 -9999 -9999 -9999 -9999 -9999 -9999 -9999 -9999 -9999 -9999 -9999 -9999 6.64478E-1 8.01514E-1 7.69139E-1 9.23163E-1 7.38274E-1 5.72428E-1 6.16018E-1 -9999 -9999 -9999 -9999 5.30212E-1 5.90027E-1 5.65738E-1 6.43199E-1 -9999 -9999 -9999 -9999 -9999 -9999 -9999 -9999 -9999 -9999 -9999 -9999 -9999 -9999 -9999 -9999 -9999 -9999 -9999 -9999 4.16142E-1 4.53449E-1 3.53976E-1 2.84553E-1 3.36899E-1 3.38309E-1 5.31379E-1 5.95582E-1 5.60953E-1 5.74248E-1 5.97435E-1 5.00091E-1 4.97045E-1 3.31231E-1 2.90626E-1
-9999 -9999 -9999 -9999 -9999 -9999 -9999 -9999 -9999 -9999 -9999 -9999 -9999 -9999 -9999 8.84913E-1 -9999 8.01166E-1 8.58097E-1 8.61041E-1 9.05697E-1 8.94215E-1 8.3071E-1 5.53855E-1 6.21075E-1 6.59678E-1 6.23378E-1 6.58927E-1 6.32659E-1 6.60914E-1 5.37587E-1 6.01992E-1 6.05242E-1 -9999 -9999 -9999 -9999 -9999 -9999 -9999 -9999 -9999 -9999 -9999 -9999 -9999 -9999 -9999 -9999 -9999 4.22522E-1 4.25805E-1 3.36752E-1 3.86541E-1 2.92827E-1 3.04424E-1 3.54436E-1 4.11966E-1 -9999 4.99774E-1 6.12129E-1 6.33395E-1 5.88168E-1 2.60759E-1 2.78745E-1 4.07476E-1 3.05813E-1
-9999 -9999 -9999 -9999 -9999 -9999 -9999 -9999 -9999 -9999 -9999 -9999 -9999 -9999 8.98197E-1 8.90588E-1 8.89031E-1 8.68252E-1 8.66666E-1 8.01249E-1 8.35692E-1 8.54437E-1 7.0497E-1 6.70556E-1 5.95792E-1 6.2858E-1 8.06997E-1 6.47989E-1 6.35994E-1 6.33196E-1 5.41683E-1 5.54677E-1 5.97797E-1 -9999 -9999 -9999 -9999 -9999 4.59641E-1 -9999 -9999 -9999 -9999 -9999 -9999 -9999 -9999 -9999 -9999 2.829E-1 2.86622E-1 3.13248E-1 3.10911E-1 3.04774E-1 3.11749E-1 2.95114E-1 3.93736E-1 3.72233E-1 5.1576E-1 5.75095E-1 5.99044E-1 5.76985E-1 4.35488E-1 4.98674E-1 3.42454E-1 4.05478E-1 3.30226E-1
-9999 -9999 -9999 -9999 -9999 -9999 -9999 -9999 -9999 -9999 -9999 -9999 -9999 9.19631E-1 9.24158E-1 8.80187E-1 8.87075E-1 8.88976E-1 8.07362E-1 7.8489E-1 7.25471E-1 7.3024E-1 6.5194E-1 7.3454E-1 6.55575E-1 6.3612E-1 6.74899E-1 7.7855E-1 7.1817E-1 6.29922E-1 6.09346E-1 -9999 -9999 -9999 -9999 4.95538E-1 5.03035E-1 3.89863E-1 3.35137E-1 3.57911E-1 4.81927E-1 3.90069E-1 4.29223E-1 -9999 -9999 -9999 -9999 -9999 4.80128E-1 3.68009E-1 3.17346E-1 3.02054E-1 2.95903E-1 3.25196E-1 2.92285E-1 5.07932E-1 5.34278E-1 -9999 4.77856E-1 5.30441E-1 5.79484E-1 4.36707E-1 4.62847E-1 4.76376E-1 5.80158E-1 3.44159E-1 2.43879E-1
-9999 -9999 -9999 -9999 -9999 -9999 -9999 -9999 -9999 -9999 -9999 -9999 -9999 9.47898E-1 9.0562E-1 9.48969E-1 9.1742E-1 9.3414E-1 9.3415E-1 8.67156E-1 8.12908E-1 7.29971E-1 6.80407E-1 6.4458E-1 6.46504E-1 6.33416E-1 6.44133E-1 6.51116E-1 5.3638E-1 6.60384E-1 6.05701E-1 5.49072E-1 -9999 -9999 4.77693E-1 3.84129E-1 3.6878E-1 3.08311E-1 4.34524E-1 4.38924E-1 5.86578E-1 4.43561E-1 2.74588E-1 3.73822E-1 4.09878E-1 4.12861E-1 2.43683E-1 3.01417E-1 3.17198E-1 2.82097E-1 3.17891E-1 3.32239E-1 3.11523E-1 2.75814E-1 2.99866E-1 3.76141E-1 3.84892E-1 3.91142E-1 4.87402E-1 4.98369E-1 5.09944E-1 5.12757E-1 4.51997E-1 3.80518E-1 3.78646E-1 3.92566E-1 3.36666E-1
-9999 -9999 -9999 -9999 -9999 -9999 -9999 -9999 -9999 -9999 -9999 -9999 8.35204E-1 8.93139E-1 9.30372E-1 9.17537E-1 8.79669E-1 9.19923E-1 8.73394E-1 8.42905E-1 8.70815E-1 8.34257E-1 8.30099E-1 7.46312E-1 6.90564E-1 6.04255E-1 6.37189E-1 6.35925E-1 5.73947E-1 6.23635E-1 5.76586E-1 5.36246E-1 5.62878E-1 -9999 3.67957E-1 4.64293E-1 3.22892E-1 2.92385E-1 5.08446E-1 5.63789E-1 6.27167E-1 4.18646E-1 4.22137E-1 4.16953E-1 3.71968E-1 3.91744E-1 5.12398E-1 2.99658E-1 2.90549E-1 3.60935E-1 2.96985E-1 2.7499E-1 3.02803E-1 3.0738E-1 2.36906E-1 2.82385E-1 4.14474E-1 4.52392E-1 5.52609E-1 4.84888E-1 5.32783E-1 3.82842E-1 3.00848E-1 3.85094E-1 3.96913E-1 3.72359E-1 4.10608E-1
-9999 -9999 -9999 -9999 -9999 -9999 -9999 -9999 -9999 -9999 -9999 7.94691E-1 8.88914E-1 9.35955E-1 9.09436E-1 9.34049E-1 8.88452E-1 8.86725E-1 8.2967E-1 8.76886E-1 9.06762E-1 8.97335E-1 7.47756E-1 7.45069E-1 7.82788E-1 6.77282E-1 4.80511E-1 5.44024E-1 5.99138E-1 6.05001E-1 5.15195E-1 5.86442E-1 7.02729E-1 6.98627E-1 4.66548E-1 4.23901E-1 4.08869E-1 4.52325E-1 4.77475E-1 4.4175E-1 4.7893E-1 6.18984E-1 3.0022E-1 4.09922E-1 3.72547E-1 3.88017E-1 4.52788E-1 4.00386E-1 2.25772E-1 2.82051E-1 3.76654E-1 3.69888E-1 3.47977E-1 3.38421E-1 2.93055E-1 3.70112E-1 2.89099E-1 5.40654E-1 4.90386E-1 4.38299E-1 3.54278E-1 5.37348E-1 2.5855E-1 3.0152E-1 4.44443E-1 3.23896E-1 3.77088E-1
-9999 -9999 -9999 -9999 -9999 -9999 -9999 -9999 -9999 -9999 -9999 8.81886E-1 8.90923E-1 8.99385E-1 9.33155E-1 9.05203E-1 8.89842E-1 8.57298E-1 7.91444E-1 7.16152E-1 9.00156E-1 9.16333E-1 7.34802E-1 7.76412E-1 6.53353E-1 5.96595E-1 5.51663E-1 5.78011E-1 6.00926E-1 5.57059E-1 5.95668E-1 4.97725E-1 5.40772E-1 5.08733E-1 4.18136E-1 3.60278E-1 4.34053E-1 4.40859E-1 3.5982E-1 3.84723E-1 2.75062E-1 3.89949E-1 4.40105E-1 3.54597E-1 4.46039E-1 4.83602E-1 4.65713E-1 2.80464E-1 2.88938E-1 3.39246E-1 3.82735E-1 3.005E-1 4.2988E-1 3.35843E-1 2.55956E-1 3.0873E-1 4.05692E-1 2.93506E-1 3.61677E-1 3.77929E-1 3.25622E-1 2.74376E-1 4.02722E-1 3.56824E-1 4.28867E-1 4.25208E-1 3.15789E-1
-9999 -9999 -9999 -9999 -9999 -9999 -9999 -9999 -9999 -9999 9.13781E-1 9.76531E-1 9.29415E-1 9.13251E-1 9.23642E-1 9.07436E-1 8.76685E-1 9.31025E-1 8.22181E-1 6.74531E-1 7.37627E-1 7.6412E-1 6.00466E-1 6.81747E-1 6.23644E-1 6.37574E-1 5.55556E-1 6.57024E-1 6.34969E-1 5.53313E-1 6.59283E-1 6.8559E-1 5.80188E-1 5.45837E-1 3.44185E-1 4.38823E-1 3.67812E-1 3.34162E-1 2.90862E-1 3.3042E-1 3.68754E-1 3.46784E-1 3.91268E-1 4.23343E-1 3.97316E-1 3.82979E-1 4.42503E-1 3.25811E-1 3.33245E-1 3.06066E-1 3.29674E-1 3.82513E-1 2.91085E-1 3.37325E-1 3.29432E-1 3.43605E-1 3.24324E-1 3.42772E-1 3.64243E-1 3.01968E-1 2.65706E-1 3.0706E-1 3.99645E-1 2.8709E-1 2.84291E-1 3.24305E-1 4.89376E-1
-9999 -9999 -9999 -9999 -9999 -9999 -9999 -9999 -9999 -9999 9.06043E-1 9.69112E-1 9.46256E-1 8.82128E-1 9.05699E-1 8.84143E-1 9.20075E-1 8.73238E-1 8.55186E-1 6.61437E-1 6.01532E-1 6.94237E-1 6.00923E-1 6.18721E-1 6.17575E-1 5.73077E-1 5.64663E-1 6.13455E-1 5.45499E-1 6.72592E-1 6.61887E-1 6.74434E-1 5.9111E-1 5.66043E-1 5.04681E-1 4.42232E-1 3.77573E-1 3.37153E-1 3.39219E-1 3.15276E-1 3.49838E-1 3.81028E-1 3.75176E-1 5.48216E-1 3.82217E-1 4.71369E-1 3.98885E-1 3.61744E-1 4.29514E-1 2.89619E-1 3.26925E-1 4.24193E-1 3.26383E-1 3.41026E-1 3.14737E-1 3.03614E-1 4.20695E-1 3.65905E-1 3.60754E-1 3.10912E-1 3.27508E-1 3.50606E-1 3.96403E-1 3.36894E-1 2.93646E-1 3.54234E-1 3.84147E-1
-9999 -9999 -9999 -9999 -9999 -9999 -9999 -9999 -9999 8.59235E-1 8.97493E-1 9.35476E-1 9.10537E-1 8.48739E-1 8.26956E-1 8.06319E-1 8.45417E-1 7.62921E-1 7.40911E-1 7.17263E-1 7.37516E-1 7.13664E-1 5.94181E-1 6.84819E-1 6.00701E-1 5.94811E-1 6.02662E-1 6.58577E-1 6.68798E-1 6.78607E-1 5.21727E-1 5.61024E-1 5.26511E-1 5.02103E-1 4.82378E-1 4.58071E-1 4.39948E-1 3.62148E-1 4.3694E-1 3.40556E-1 3.32036E-1 3.22085E-1 3.1308E-1 3.30812E-1 4.13285E-1 4.8453E-1 3.3509E-1 3.28827E-1 2.99922E-1 3.23776E-1 3.20213E-1 3.55272E-1 3.41502E-1 3.12119E-1 2.93728E-1 3.06595E-1 4.16531E-1 4.05735E-1 3.84941E-1 3.11528E-1 3.15762E-1 5.01102E-1 4.39426E-1 2.48684E-1 2.2574E-1 3.42753E-1 3.15551E-1
-9999 -9999 -9999 -9999 -9999 -9999 -9999 -9999 8.74464E-1 8.26094E-1 6.94849E-1 8.27591E-1 8.51698E-1 7.2792E-1 7.56692E-1 6.89438E-1 7.56477E-1 8.08103E-1 6.91861E-1 7.05746E-1 7.13388E-1 6.55798E-1 5.42248E-1 5.56264E-1 5.93315E-1 6.20498E-1 5.4755E-1 5.55026E-1 6.67741E-1 6.30794E-1 4.91321E-1 4.31999E-1 4.63923E-1 4.85548E-1 4.73446E-1 4.94255E-1 4.19938E-1 5.03421E-1 4.43774E-1 4.03833E-1 3.32605E-1 3.68714E-1 3.54721E-1 4.81424E-1 3.58122E-1 4.50793E-1 4.41618E-1 4.37009E-1 3.1369E-1 3.6534E-1 4.29032E-1 3.05472E-1 3.24832E-1 3.02998E-1 3.32983E-1 3.26999E-1 3.90744E-1 3.49097E-1 2.85347E-1 2.67398E-1 3.07339E-1 3.1417E-1 3.11338E-1 3.09302E-1 2.73951E-1 2.54628E-1 2.94127E-1
-9999 -9999 -9999 -9999 -9999 -9999 -9999 -9999 7.65641E-1 8.419E-1 7.12219E-1 8.47624E-1 7.47006E-1 8.01546E-1 6.99165E-1 6.87756E-1 8.43545E-1 7.52332E-1 7.08515E-1 6.13297E-1 6.53401E-1 7.94992E-1 7.1865E-1 6.86598E-1 6.66224E-1 5.88039E-1 5.36186E-1 5.35791E-1 5.2627E-1 7.19757E-1 4.96635E-1 5.34943E-1 5.77909E-1 5.3199E-1 5.01775E-1 5.13014E-1 3.77691E-1 5.45986E-1 6.35638E-1 5.87457E-1 4.18794E-1 5.10037E-1 4.68729E-1 5.15551E-1 3.90532E-1 3.90072E-1 3.67514E-1 4.14574E-1 4.55914E-1 3.05458E-1 4.46138E-1 3.24383E-1 3.1694E-1 2.51203E-1 3.01422E-1 3.08382E-1 2.82497E-1 3.93222E-1 4.36168E-1 2.72197E-1 2.75178E-1 3.56682E-1 6.03766E-1 4.44624E-1 3.42725E-1 3.21424E-1 3.0437E-1
-9999 -9999 -9999 -9999 -9999 -9999 -9999 -9999 8.35568E-1 8.22064E-1 7.90041E-1 8.98229E-1 6.77664E-1 8.39291E-1 7.11799E-1 7.67214E-1 6.65446E-1 6.35761E-1 7.13075E-1 6.3007E-1 5.42233E-1 6.77128E-1 6.82552E-1 5.55082E-1 6.9175E-1 5.59432E-1 6.79603E-1 6.25371E-1 5.38942E-1 5.88732E-1 5.66828E-1 5.22558E-1 4.98382E-1 5.32614E-1 5.04842E-1 4.77749E-1 5.01956E-1 6.10106E-1 4.9556E-1 4.78639E-1 4.71946E-1 6.02551E-1 5.7024E-1 4.78475E-1 4.6582E-1 4.30882E-1 4.38076E-1 4.34033E-1 3.92949E-1 3.32473E-1 2.85849E-1 2.93084E-1 2.51449E-1 3.27464E-1 3.16984E-1 2.35971E-1 2.54332E-1 3.46314E-1 3.41052E-1 3.75902E-1 3.63587E-1 2.57064E-1 2.77687E-1 3.43256E-1 4.79903E-1 3.30287E-1 2.83128E-1
-9999 -9999 -9999 -9999 -9999 -9999 -9999 6.08304E-1 6.23526E-1 7.21416E-1 7.63225E-1 7.31883E-1 5.58174E-1 6.05748E-1 6.55682E-1 7.04205E-1 6.98627E-1 7.01411E-1 6.23276E-1 6.29115E-1 6.32642E-1 7.47444E-1 6.02055E-1 6.33621E-1 5.82426E-1 6.61387E-1 5.2198E-1 5.10892E-1 4.79064E-1 5.4629E-1 4.87487E-1 4.67607E-1 5.22847E-1 4.97719E-1 4.90224E-1 5.58196E-1 5.62248E-1 7.22135E-1 4.99699E-1 4.87318E-1 5.62262E-1 6.76632E-1 5.62651E-1 4.50071E-1 3.36164E-1 3.50747E-1 3.46955E-1 4.55693E-1 4.09911E-1 2.93694E-1 3.63038E-1 3.66059E-1 3.37871E-1 2.66583E-1 2.55496E-1 2.46485E-1 2.70032E-1 3.34645E-1 3.63453E-1 3.50366E-1 3.56794E-1 3.32406E-1 3.10743E-1 2.91151E-1 3.2267E-1 3.22841E-1 3.19934E-1
-9999 -9999 -9999 -9999 -9999 -9999 -9999 5.78117E-1 5.76945E-1 5.746E-1 6.46382E-1 6.5415E-1 6.30788E-1 6.68293E-1 7.44569E-1 7.42442E-1 7.2074E-1 7.42758E-1 7.18112E-1 6.36826E-1 7.08213E-1 6.11791E-1 5.58006E-1 6.25446E-1 7.06552E-1 5.79168E-1 5.46945E-1 5.63934E-1 6.23298E-1 6.52728E-1 5.43507E-1 5.25762E-1 5.99465E-1 5.57282E-1 6.43769E-1 6.4085E-1 5.08731E-1 6.25585E-1 6.96816E-1 6.67264E-1 6.2112E-1 6.02852E-1 5.00067E-1 5.94753E-1 3.61045E-1 3.60192E-1 3.62811E-1 3.25613E-1 3.00139E-1 3.22464E-1 3.22735E-1 2.42449E-1 2.33642E-1 2.65694E-1 2.61744E-1 2.96978E-1 2.69536E-1 2.87613E-1 3.09047E-1 3.53564E-1 3.54815E-1 2.47819E-1 2.58798E-1 2.81206E-1 2.89277E-1 2.5742E-1 3.52578E-1
-9999 -9999 -9999 -9999 -9999 -9999 7.05825E-1 6.94683E-1 6.7016E-1 6.65524E-1 6.87603E-1 5.53312E-1 6.97961E-1 7.36365E-1 7.33135E-1 7.42941E-1 8.46839E-1 7.27798E-1 6.56714E-1 6.4519E-1 6.95086E-1 7.59994E-1 5.61377E-1 5.25254E-1 6.15335E-1 5.78393E-1 6.74452E-1 6.19267E-1 6.42912E-1 7.04888E-1 5.60956E-1 5.08217E-1 5.74423E-1 6.25828E-1 6.33472E-1 6.62202E-1 5.11114E-1 5.98184E-1 6.16224E-1 7.17665E-1 6.01868E-1 6.29899E-1 4.32545E-1 4.50266E-1 3.88325E-1 3.55018E-1 3.55136E-1 3.38369E-1 3.05966E-1 2.99381E-1 2.94189E-1 2.63203E-1 2.84261E-1 2.67577E-1 3.07594E-1 3.192E-1 2.74186E-1 3.20174E-1 3.04605E-1 2.94827E-1 2.71135E-1 2.45698E-1 2.65215E-1 2.63868E-1 2.54166E-1 2.4625E-1 2.92572E-1
-9999 -9999 -9999 -9999 -9999 -9999 6.12275E-1 6.01306E-1 6.16241E-1 5.93451E-1 5.95374E-1 7.03909E-1 6.04913E-1 6.12769E-1 6.53116E-1 5.96028E-1 7.74683E-1 6.32042E-1 6.67823E-1 6.84791E-1 7.44008E-1 8.12296E-1 6.90394E-1 5.90705E-1 5.8725E-1 5.53552E-1 6.35839E-1 6.37919E-1 5.9471E-1 7.15561E-1 5.33544E-1 5.2101E-1 5.02517E-1 4.14873E-1 5.45607E-1 6.35852E-1 5.25696E-1 6.04466E-1 7.27581E-1 6.70906E-1 6.42602E-1 5.29354E-1 4.59931E-1 5.6076E-1 4.54199E-1 3.53572E-1 3.47329E-1 4.15216E-1 4.33177E-1 5.11433E-1 4.25746E-1 2.96228E-1 2.54833E-1 2.49509E-1 2.66458E-1 2.63263E-1 2.75935E-1 2.41609E-1 3.03424E-1 2.64164E-1 2.09232E-1 2.3013E-1 2.18836E-1 2.8588E-1 2.64779E-1 2.64988E-1 3.48431E-1
-9999 -9999 -9999 -9999 -9999 6.24749E-1 4.9708E-1 5.22136E-1 5.06163E-1 4.7926E-1 5.67873E-1 5.98965E-1 6.28867E-1 5.35655E-1 5.89653E-1 5.38987E-1 6.82757E-1 6.33528E-1 6.48446E-1 6.8703E-1 6.2132E-1 6.54229E-1 6.47346E-1 5.80079E-1 6.1734E-1 5.84648E-1 5.80459E-1 5.99315E-1 5.99114E-1 6.99388E-1 7.2179E-1 6.90503E-1 5.10943E-1 4.85658E-1 5.53383E-1 5.32438E-1 6.02503E-1 6.5279E-1 6.9107E-1 6.35319E-1 5.79828E-1 6.03887E-1 5.78161E-1 5.80059E-1 4.85254E-1 5.24478E-1 5.30316E-1 4.31771E-1 5.85683E-1 6.50338E-1 4.17665E-1 2.9279E-1 3.98658E-1 2.29955E-1 3.34477E-1 3.04091E-1 3.39146E-1 3.23601E-1 3.01051E-1 2.87403E-1 2.60954E-1 2.90139E-1 3.59984E-1 4.79174E-1 4.0957E-1 4.32271E-1 4.73322E-1
-9999 -9999 -9999 -9999 -9999 5.9029E-1 5.14204E-1 4.94797E-1 5.59857E-1 5.26555E-1 4.5387E-1 5.00805E-1 5.7973E-1 5.19014E-1 5.02814E-1 5.97184E-1 4.51142E-1 5.66549E-1 6.10952E-1 6.86769E-1 6.31009E-1 6.2195E-1 6.29021E-1 4.44345E-1 4.30204E-1 5.61726E-1 6.47186E-1 6.0144E-1 4.56864E-1 5.66118E-1 6.74625E-1 7.00518E-1 5.68905E-1 5.49827E-1 4.87195E-1 4.07169E-1 5.29003E-1 6.43194E-1 6.52549E-1 6.4497E-1 5.26573E-1 6.00917E-1 6.36366E-1 4.20262E-1 3.82835E-1 5.03672E-1 5.10013E-1 3.8511E-1 5.59048E-1 6.04322E-1 5.35698E-1 2.85734E-1 2.63192E-1 2.8961E-1 2.41123E-1 2.39323E-1 2.77839E-1 2.52785E-1 2.91242E-1 3.14855E-1 3.32064E-1 3.63583E-1 3.29331E-1 3.66946E-1 4.57406E-1 3.82617E-1 4.30973E-1
-9999 -9999 -9999 -9999 -9999 6.41144E-1 5.06144E-1 3.75218E-1 3.89065E-1 6.4478E-1 4.65382E-1 5.82065E-1 6.63905E-1 5.25434E-1 4.43535E-1 5.67228E-1 5.97927E-1 5.82733E-1 4.52287E-1 4.93795E-1 4.07486E-1 6.23295E-1 5.58017E-1 6.6947E-1 5.2065E-1 5.49278E-1 5.49313E-1 5.47304E-1 5.54025E-1 6.18708E-1 5.30402E-1 6.58249E-1 5.11871E-1 4.97153E-1 5.54174E-1 5.62928E-1 5.14822E-1 6.15432E-1 5.66321E-1 5.84626E-1 5.31857E-1 3.85091E-1 5.66015E-1 5.24645E-1 3.93719E-1 3.75358E-1 3.78955E-1 3.0546E-1 2.97777E-1 3.75782E-1 4.04458E-1 2.77357E-1 2.85949E-1 2.48881E-1 2.66777E-1 2.36142E-1 3.17873E-1 2.96961E-1 2.729E-1 3.17071E-1 2.86666E-1 3.40311E-1 4.82211E-1 4.47799E-1 4.06559E-1 4.61614E-1 4.77546E-1
-9999 -9999 -9999 -9999 -9999 5.04609E-1 5.20403E-1 4.67194E-1 4.76861E-1 5.47544E-1 6.02497E-1 4.38902E-1 6.05849E-1 5.85924E-1 6.08047E-1 5.81781E-1 6.25537E-1 6.20641E-1 5.62403E-1 4.73105E-1 4.53184E-1 5.40083E-1 5.34958E-1 4.2324E-1 4.34581E-1 6.42523E-1 5.99342E-1 6.09577E-1 5.72266E-1 5.13811E-1 4.76798E-1 5.04798E-1 5.30506E-1 5.77575E-1 5.42149E-1 4.81338E-1 5.98759E-1 5.66636E-1 4.33229E-1 4.20025E-1 3.7543E-1 3.7149E-1 5.05178E-1 5.07486E-1 4.42088E-1 3.31991E-1 3.09305E-1 5.39285E-1 2.94779E-1 2.92067E-1 4.20051E-1 2.6704E-1 2.51112E-1 2.9465E-1 2.52279E-1 2.58899E-1 2.64645E-1 2.57867E-1 1.88957E-1 2.28333E-1 2.35437E-1 2.70686E-1 3.48774E-1 4.61767E-1 4.6837E-1 4.60227E-1 5.00493E-1
-9999 -9999 -9999 -9999 5.6487E-1 5.39148E-1 6.34811E-1 4.89276E-1 4.44739E-1 6.171E-1 6.51104E-1 4.60216E-1 5.06093E-1 4.08653E-1 5.79413E-1 5.09429E-1 5.51713E-1 7.09442E-1 5.68768E-1 4.85513E-1 5.13417E-1 5.26895E-1 5.28422E-1 4.30496E-1 4.98604E-1 5.02807E-1 6.33993E-1 6.20033E-1 5.47251E-1 5.68085E-1 4.80219E-1 5.41077E-1 4.45231E-1 4.85976E-1 4.68483E-1 4.55099E-1 6.77817E-1 6.31389E-1 5.35749E-1 3.99078E-1 3.17464E-1 3.26664E-1 5.23796E-1 4.64093E-1 4.33392E-1 3.2203E-1 3.1754E-1 4.98971E-1 3.95695E-1 2.6085E-1 4.24485E-1 2.62898E-1 2.36679E-1 2.90403E-1 2.61557E-1 1.84038E-1 1.9911E-1 2.09459E-1 1.75597E-1 2.7946E-1 2.67563E-1 4.75406E-1 3.85032E-1 4.44703E-1 4.27619E-1 3.19375E-1 5.27977E-1
-9999 -9999 -9999 -9999 6.82816E-1 6.55011E-1 5.48998E-1 3.96203E-1 3.49357E-1 3.98261E-1 6.27825E-1 5.40962E-1 4.18879E-1 4.60261E-1 5.52261E-1 4.68279E-1 5.01685E-1 6.30533E-1 5.78219E-1 5.82006E-1 4.80469E-1 4.29764E-1 4.2056E-1 4.34048E-1 4.7509E-1 4.49708E-1 5.20347E-1 5.81496E-1 5.14345E-1 5.04543E-1 4.84759E-1 5.63794E-1 5.28035E-1 3.81313E-1 4.81094E-1 4.40069E-1 6.40085E-1 5.34297E-1 5.67246E-1 5.43023E-1 4.33539E-1 3.13469E-1 4.24125E-1 5.27106E-1 4.00866E-1 3.13213E-1 4.21226E-1 4.59782E-1 3.32315E-1 2.62939E-1 3.1956E-1 2.67824E-1 2.66931E-1 3.01308E-1 2.81169E-1 2.68535E-1 2.84682E-1 2.69362E-1 2.44609E-1 3.04523E-1 2.67369E-1 4.89447E-1 3.37065E-1 4.5802E-1 4.77485E-1 3.03309E-1 3.07857E-1
-9999 -9999 -9999 -9999 5.67114E-1 4.99381E-1 6.30216E-1 5.93701E-1 4.86433E-1 4.48151E-1 4.95808E-1 4.33485E-1 5.40468E-1 6.19406E-1 5.12557E-1 5.69946E-1 4.80202E-1 5.43537E-1 5.95357E-1 5.26845E-1 5.07788E-1 4.3278E-1 3.43252E-1 4.75443E-1 4.88005E-1 4.79402E-1 4.97832E-1 4.87825E-1 5.54249E-1 4.93396E-1 5.39587E-1 5.37347E-1 5.09929E-1 4.34481E-1 5.89098E-1 6.0385E-1 5.24719E-1 4.61542E-1 4.43036E-1 4.85436E-1 4.13946E-1 3.66036E-1 6.01576E-1 5.88421E-1 4.57542E-1 3.15672E-1 3.62125E-1 3.23775E-1 3.36252E-1 2.5417E-1 3.04866E-1 2.79651E-1 3.30021E-1 2.83044E-1 2.42412E-1 2.86883E-1 3.16019E-1 2.84962E-1 3.10217E-1 2.90169E-1 2.21313E-1 3.03791E-1 5.0323E-1 4.54187E-1 4.67013E-1 3.42816E-1 4.55866E-1
-9999 -9999 -9999 3.30891E-1 3.8719E-1 4.10482E-1 4.61439E-1 3.58719E-1 3.2504E-1 3.91484E-1 4.52598E-1 5.08991E-1 4.85051E-1 6.10681E-1 6.74533E-1 6.35964E-1 7.58877E-1 6.16319E-1 6.52922E-1 5.7855E-1 5.35521E-1 4.69343E-1 4.59637E-1 6.4975E-1 4.86176E-1 5.78664E-1 6.56108E-1 6.35105E-1 5.42488E-1 4.88866E-1 4.87413E-1 4.70064E-1 3.56069E-1 4.73603E-1 5.58311E-1 5.61268E-1 4.82736E-1 6.12524E-1 5.9824E-1 4.13001E-1 4.15444E-1 4.80309E-1 4.92568E-1 4.07681E-1 3.73116E-1 3.74309E-1 2.92047E-1 3.118E-1 3.146E-1 2.94532E-1 3.10852E-1 2.92677E-1 3.09261E-1 2.66264E-1 2.18316E-1 2.95714E-1 2.77876E-1 2.6153E-1 2.56314E-1 2.78471E-1 4.17119E-1 4.5945E-1 2.79391E-1 2.72743E-1 3.42266E-1 3.19403E-1 2.89076E-1
-9999 -9999 -9999 3.62829E-1 4.21645E-1 3.93206E-1 4.36388E-1 3.58693E-1 3.6631E-1 4.03761E-1 5.12598E-1 4.9544E-1 4.7927E-1 5.05912E-1 6.84479E-1 6.16887E-1 6.66325E-1 5.7934E-1 5.90261E-1 5.66751E-1 5.30753E-1 5.54365E-1 6.00261E-1 7.52799E-1 5.30004E-1 5.31545E-1 5.75321E-1 6.06028E-1 5.22723E-1 5.4463E-1 5.42458E-1 4.25971E-1 4.5255E-1 6.25909E-1 5.72286E-1 4.98957E-1 6.21824E-1 6.06649E-1 4.64061E-1 3.77001E-1 3.74798E-1 4.3443E-1 4.07042E-1 3.36872E-1 4.00092E-1 4.63302E-1 4.66024E-1 3.87623E-1 3.7639E-1 4.28372E-1 3.79879E-1 3.5153E-1 2.85687E-1 2.75326E-1 3.1125E-1 3.4985E-1 3.38954E-1 3.0722E-1 2.9633E-1 3.11423E-1 3.2581E-1 4.0411E-1 3.81202E-1 4.33988E-1 3.01832E-1 2.85714E-1 3.10948E-1
-9999 -9999 4.33788E-1 4.72182E-1 4.6327E-1 4.10765E-1 4.04899E-1 4.14413E-1 4.09566E-1 3.4105E-1 4.01472E-1 5.37959E-1 5.23522E-1 6.33581E-1 5.78692E-1 5.0858E-1 5.92125E-1 6.22896E-1 5.79494E-1 5.66655E-1 5.87173E-1 5.87359E-1 6.80677E-1 7.40409E-1 6.03278E-1 6.8112E-1 5.69109E-1 6.54903E-1 5.70205E-1 6.04741E-1 6.50226E-1 5.07525E-1 4.4926E-1 5.07453E-1 5.62793E-1 4.4468E-1 5.26681E-1 5.44841E-1 6.07364E-1 4.42003E-1 4.25934E-1 4.28864E-1 3.24262E-1 3.50198E-1 3.06795E-1 3.86503E-1 3.33272E-1 3.48534E-1 3.89223E-1 4.15401E-1 3.90985E-1 3.65761E-1 2.33279E-1 2.17577E-1 2.78019E-1 3.61415E-1 3.04414E-1 3.32905E-1 2.99363E-1 3.11352E-1 3.04111E-1 3.87894E-1 3.64637E-1 4.1452E-1 3.00044E-1 2.75917E-1 2.98946E-1
-9999 -9999 4.59438E-1 4.47187E-1 4.74949E-1 4.41572E-1 3.63183E-1 2.84393E-1 3.39058E-1 3.48034E-1 5.28619E-1 5.37873E-1 4.89778E-1 5.80071E-1 5.61342E-1 6.06066E-1 5.15442E-1 5.7189E-1 5.91128E-1 5.01484E-1 5.7483E-1 5.55455E-1 6.98074E-1 6.95623E-1 5.98557E-1 5.57782E-1 5.76177E-1 5.61979E-1 5.69789E-1 5.85259E-1 5.77503E-1 6.08239E-1 3.94165E-1 4.5002E-1 4.76044E-1 4.21659E-1 4.99256E-1 4.97602E-1 5.87618E-1 6.0084E-1 5.97755E-1 4.98093E-1 4.99554E-1 3.33919E-1 3.3375E-1 3.8152E-1 3.79818E-1 3.7315E-1 3.97745E-1 4.15561E-1 3.63537E-1 3.08715E-1 2.85117E-1 2.60941E-1 2.69064E-1 2.93857E-1 3.47737E-1 3.7296E-1 3.4848E-1 3.72832E-1 2.71008E-1 2.91841E-1 3.14197E-1 2.36503E-1 3.02899E-1 3.5757E-1 3.44335E-1
-9999 4.69176E-1 4.74436E-1 4.1371E-1 3.94181E-1 4.37046E-1 3.54707E-1 2.87255E-1 3.84095E-1 4.52582E-1 6.20745E-1 6.06786E-1 6.0451E-1 5.48418E-1 6.25487E-1 5.27499E-1 5.38318E-1 6.17934E-1 6.91011E-1 6.05349E-1 5.69122E-1 6.92731E-1 6.01069E-1 5.95779E-1 5.35597E-1 5.65504E-1 5.28358E-1 5.85626E-1 5.34257E-1 5.39916E-1 5.49455E-1 4.70321E-1 4.75989E-1 4.51304E-1 5.30796E-1 5.18206E-1 5.9207E-1 5.52958E-1 5.17742E-1 4.97712E-1 5.02705E-1 4.768E-1 4.99617E-1 4.69736E-1 3.73143E-1 4.36619E-1 4.22425E-1 5.04221E-1 3.68385E-1 3.40096E-1 3.43378E-1 3.07628E-1 2.65266E-1 2.70509E-1 2.50023E-1 2.78467E-1 3.68328E-1 3.75923E-1 3.57119E-1 4.1396E-1 2.80932E-1 3.5697E-1 2.64395E-1 2.44742E-1 3.00678E-1 3.43007E-1 3.29789E-1
