ENM/Final_Models/M_1_F_qp_Set_1_E/Gustavia_santanderiensis_Choco_avg.asc
ncols         367
nrows         963
xllcorner     -78.6
yllcorner     0.65
cellsize      0.00833333333333323
NODATA_value  -9999
[rows 150 to 179 of 963, columns 67 to 133 of 367]
-9999 -9999 -9999 -9999 -9999 -9999 -9999 -9999 -9999 -9999 -9999 -9999 -9999 -9999 -9999 -9999 -9999 -9999 -9999 -9999 -9999 -9999 -9999 -9999 -9999 -9999 -9999 -9999 -9999 -9999 -9999 -9999 -9999 1.93605E-4 1.16411E-4 1.56605E-4 2.31031E-4 6.27419E-4 4.86873E-4 5.28646E-4 -9999 5.74457E-4 5.37482E-4 1.11383E-3 2.91139E-3 1.28943E-3 1.68131E-3 4.75785E-3 3.91231E-3 4.48515E-3 8.03451E-3 2.11373E-2 1.30601E-2 2.43561E-2 3.41255E-2 6.6484E-2 4.32948E-2 6.38901E-3 5.53041E-3 1.20308E-2 8.39111E-3 4.2157E-3 2.48343E-3 1.80099E-3 1.94079E-3 2.24719E-3 9.79E-4
-9999 -9999 -9999 -9999 -9999 -9999 -9999 -9999 -9999 -9999 -9999 -9999 -9999 -9999 -9999 -9999 -9999 -9999 -9999 -9999 -9999 -9999 -9999 -9999 -9999 -9999 -9999 -9999 -9999 -9999 -9999 -9999 2.1006E-4 2.91214E-4 4.69003E-4 1.79087E-4 3.42788E-4 7.4159E-4 6.42023E-4 3.37992E-4 -9999 -9999 4.21414E-4 1.66813E-3 1.58599E-3 2.25685E-3 2.67133E-3 3.15057E-3 4.02374E-3 8.23562E-3 7.37322E-2 1.6061E-2 2.44949E-2 3.88802E-2 5.9855E-2 3.6848E-2 1.06641E-2 4.64239E-3 1.05948E-3 3.66798E-3 3.69254E-3 2.07297E-3 1.02068E-3 8.23537E-4 1.08171E-3 1.95311E-3 2.52572E-3
-9999 -9999 -9999 -9999 -9999 -9999 -9999 -9999 -9999 -9999 -9999 -9999 -9999 -9999 -9999 -9999 -9999 -9999 -9999 -9999 -9999 -9999 -9999 -9999 -9999 -9999 -9999 -9999 -9999 -9999 -9999 -9999 1.3127E-4 3.09289E-4 5.53465E-4 5.29294E-4 3.58621E-4 6.59565E-4 5.39022E-4 3.60395E-4 -9999 -9999 6.27694E-4 2.66683E-3 2.68737E-3 2.54318E-3 3.58201E-3 3.99847E-3 6.21496E-3 5.33664E-2 4.98476E-2 2.33049E-2 1.52891E-2 1.95943E-2 2.65863E-2 1.49413E-2 4.00002E-3 3.45158E-3 3.95665E-3 1.38144E-3 1.34513E-3 1.30364E-3 2.40248E-3 1.00105E-3 1.30124E-3 2.99019E-3 1.36426E-3
-9999 -9999 -9999 -9999 -9999 -9999 -9999 -9999 -9999 -9999 -9999 -9999 -9999 -9999 -9999 -9999 -9999 -9999 -9999 -9999 -9999 -9999 -9999 -9999 -9999 -9999 -9999 -9999 3.27682E-4 -9999 2.40238E-4 2.39512E-4 6.36096E-5 1.55887E-4 4.279E-4 2.96722E-4 4.00428E-4 6.24726E-4 6.66037E-4 6.40251E-4 -9999 -9999 -9999 1.36623E-3 1.99254E-3 4.88359E-3 5.11735E-3 4.12457E-3 5.33746E-3 5.98454E-2 6.73327E-2 3.1809E-2 1.0538E-2 1.27883E-2 2.25271E-2 3.73E-3 3.92616E-3 8.27573E-4 1.23997E-3 5.29273E-4 4.02999E-4 3.60153E-4 9.47113E-4 6.48107E-4 9.98574E-4 2.40615E-3 1.99895E-3
-9999 -9999 -9999 -9999 -9999 -9999 -9999 -9999 -9999 -9999 -9999 -9999 -9999 -9999 -9999 -9999 -9999 -9999 -9999 -9999 -9999 -9999 -9999 -9999 -9999 -9999 -9999 5.60659E-4 2.68768E-4 2.78276E-4 4.22439E-4 2.07909E-4 1.0221E-4 1.60985E-4 2.33054E-4 2.16571E-4 6.37012E-4 8.04176E-4 1.22351E-3 1.08933E-3 -9999 -9999 -9999 1.70483E-3 4.68174E-3 3.47545E-3 5.09104E-3 3.87469E-3 6.76598E-3 7.45796E-2 1.14012E-1 7.02734E-2 1.96389E-2 2.77973E-2 2.32864E-2 4.42337E-3 2.09229E-3 2.62737E-3 2.26735E-3 1.18056E-3 9.9921E-4 1.50201E-3 1.42836E-3 1.29536E-3 1.33068E-3 2.14537E-3 2.57674E-3
-9999 -9999 -9999 -9999 -9999 -9999 -9999 -9999 -9999 -9999 -9999 -9999 -9999 -9999 -9999 -9999 -9999 -9999 -9999 -9999 -9999 -9999 -9999 -9999 -9999 -9999 -9999 4.44529E-4 2.15847E-4 2.18729E-4 2.70574E-4 3.18042E-4 2.67795E-4 3.62894E-4 2.30668E-4 2.34015E-4 2.69803E-4 6.35333E-4 2.01545E-4 2.73665E-4 -9999 -9999 -9999 2.0132E-3 5.99633E-3 6.68665E-3 3.43118E-3 3.56604E-3 5.4639E-3 4.12205E-2 5.64091E-2 7.48685E-2 2.88036E-2 1.02454E-2 1.15272E-2 1.5085E-3 3.29304E-3 2.92593E-3 1.77609E-3 1.81884E-4 3.64242E-4 4.83264E-4 5.85589E-4 1.02773E-3 5.07545E-4 2.00029E-4 2.54122E-4
-9999 -9999 -9999 -9999 -9999 -9999 -9999 -9999 -9999 -9999 -9999 -9999 -9999 -9999 -9999 -9999 -9999 -9999 -9999 -9999 -9999 -9999 -9999 -9999 -9999 -9999 -9999 3.93588E-4 2.3851E-4 1.00521E-4 1.16774E-4 1.71179E-4 1.94331E-4 2.45253E-4 2.1566E-4 2.37892E-4 2.44033E-4 4.52271E-4 2.7092E-4 5.45952E-4 -9999 -9999 -9999 2.45696E-3 2.93156E-3 1.9222E-3 2.34881E-3 6.29736E-3 1.95818E-2 2.58539E-2 3.24372E-2 2.55381E-2 1.36369E-2 6.54039E-3 1.94147E-3 8.62126E-4 1.1885E-3 1.19425E-3 1.91473E-4 4.63561E-4 1.61207E-4 1.47586E-4 1.12837E-3 7.41937E-4 8.23104E-4 7.09868E-4 8.18381E-4
-9999 -9999 -9999 -9999 -9999 -9999 -9999 -9999 -9999 -9999 -9999 -9999 -9999 -9999 -9999 -9999 -9999 -9999 -9999 -9999 -9999 -9999 -9999 -9999 -9999 -9999 1.06527E-3 9.54767E-4 3.05928E-4 1.2371E-4 2.48726E-4 6.64696E-4 5.10394E-4 4.41467E-4 2.86098E-4 5.28815E-4 3.64843E-4 3.26839E-4 2.09654E-4 3.29651E-4 4.51984E-4 -9999 -9999 -9999 2.19041E-3 2.55203E-3 3.81999E-3 3.15858E-3 4.23506E-3 1.43921E-2 3.30341E-2 3.68388E-2 2.37511E-2 8.77628E-3 1.48753E-3 1.02384E-3 6.18525E-4 1.8767E-4 1.11655E-4 6.97082E-4 7.69534E-4 8.73764E-4 5.75693E-4 9.50424E-4 6.59867E-4 1.74391E-3 1.48516E-3
-9999 -9999 -9999 -9999 -9999 -9999 -9999 -9999 -9999 -9999 -9999 -9999 -9999 -9999 -9999 -9999 -9999 -9999 -9999 -9999 -9999 -9999 -9999 -9999 -9999 -9999 2.61216E-4 2.3806E-4 4.63989E-4 2.43678E-4 3.21961E-4 3.19496E-4 3.26526E-4 2.20063E-4 6.03464E-4 5.50987E-4 5.26488E-4 7.35634E-4 3.58956E-4 5.1952E-4 1.45213E-3 -9999 -9999 -9999 1.27357E-3 1.46572E-3 3.30866E-3 2.82159E-3 6.53972E-3 8.60764E-3 2.02176E-2 4.87343E-2 1.89012E-2 7.36505E-3 1.96938E-3 1.28367E-3 8.08858E-4 1.06263E-3 4.25933E-4 5.07409E-4 1.28163E-3 1.31414E-3 6.33548E-4 1.25496E-3 1.2493E-3 1.26411E-3 2.20655E-3
-9999 -9999 -9999 -9999 -9999 -9999 -9999 -9999 -9999 -9999 -9999 -9999 -9999 -9999 -9999 -9999 -9999 -9999 -9999 -9999 -9999 -9999 -9999 -9999 -9999 1.60803E-3 5.08113E-4 1.80942E-4 2.41623E-3 4.06525E-4 4.35148E-4 5.85157E-4 8.48132E-4 4.16077E-4 6.31771E-4 6.61784E-4 9.67192E-4 6.35096E-4 5.66654E-4 8.76768E-4 8.0615E-4 -9999 -9999 -9999 1.692E-3 2.54505E-3 1.85756E-3 2.90781E-3 6.69843E-3 8.4466E-3 1.52862E-2 3.39504E-2 1.82118E-2 8.17416E-3 9.51926E-4 7.6348E-4 9.24561E-4 1.13596E-3 6.89618E-4 1.44345E-3 1.21263E-3 1.69041E-3 2.47474E-3 1.13983E-3 2.4224E-3 1.04992E-3 1.36925E-3
-9999 -9999 -9999 -9999 -9999 -9999 -9999 -9999 -9999 -9999 -9999 -9999 -9999 -9999 -9999 -9999 -9999 -9999 -9999 -9999 -9999 -9999 -9999 -9999 -9999 1.85787E-3 1.11366E-3 3.4327E-4 5.5421E-4 2.1459E-4 1.18725E-4 5.08546E-4 3.64285E-4 2.79307E-4 8.7725E-4 6.6077E-4 1.47098E-3 5.47711E-4 1.01427E-3 8.98933E-4 1.79495E-3 1.18471E-3 -9999 -9999 9.37337E-4 2.71674E-3 2.50501E-3 2.44891E-3 4.15899E-3 6.31731E-3 8.84864E-3 2.06846E-2 1.27818E-2 1.0039E-2 2.1918E-3 1.0439E-3 1.75712E-3 1.36551E-3 1.15867E-3 1.25468E-3 1.45967E-3 1.5697E-3 1.93118E-3 1.46887E-3 1.91201E-3 6.67844E-4 7.74116E-4
-9999 -9999 -9999 -9999 -9999 -9999 -9999 -9999 -9999 -9999 -9999 -9999 -9999 -9999 -9999 -9999 -9999 -9999 -9999 -9999 -9999 -9999 -9999 -9999 2.37509E-3 1.25207E-3 1.56741E-3 5.93756E-4 2.17062E-4 4.18102E-4 2.35092E-4 2.7098E-4 1.85798E-4 1.30121E-4 2.6664E-4 5.1211E-4 2.91637E-4 3.03104E-4 7.83583E-4 1.18607E-3 1.14688E-3 6.41714E-4 8.49993E-4 3.80522E-4 1.2714E-3 1.0259E-3 1.80152E-3 2.96416E-3 4.04846E-3 5.89173E-3 9.96524E-3 3.83909E-3 5.04011E-3 3.59246E-3 1.0987E-3 1.2235E-3 1.68202E-3 8.99487E-4 1.29001E-3 1.31759E-3 1.2376E-3 1.56861E-3 1.30989E-3 1.35619E-3 1.19731E-3 2.55939E-3 5.96951E-4
-9999 -9999 -9999 -9999 -9999 -9999 -9999 -9999 -9999 -9999 -9999 -9999 -9999 -9999 -9999 -9999 -9999 -9999 -9999 -9999 -9999 -9999 -9999 -9999 1.23692E-3 1.01098E-3 9.22204E-4 6.23147E-4 4.58129E-4 3.51866E-4 3.40455E-4 3.18007E-4 1.51657E-4 3.40582E-4 6.14976E-4 8.50953E-4 4.67474E-4 4.21173E-4 9.87393E-4 1.07056E-3 1.25881E-3 9.88923E-4 9.06977E-4 4.59158E-4 7.0492E-4 2.16417E-3 1.59857E-3 2.54272E-3 9.71974E-4 1.15905E-3 2.12314E-3 3.35887E-3 1.88004E-3 1.43519E-3 9.29664E-4 5.23156E-4 7.59082E-4 3.56285E-3 1.7067E-3 2.69367E-3 1.96595E-3 1.99043E-3 1.31435E-3 1.28391E-3 1.94992E-3 1.52072E-3 2.1156E-3
-9999 -9999 -9999 -9999 -9999 -9999 -9999 -9999 -9999 -9999 -9999 -9999 -9999 -9999 -9999 -9999 -9999 -9999 -9999 -9999 -9999 -9999 -9999 -9999 5.44235E-4 8.22438E-4 1.90703E-3 7.40398E-4 7.08256E-4 3.35451E-4 2.84963E-4 5.59534E-4 1.67957E-4 4.28272E-4 4.71296E-4 4.54635E-4 8.5219E-4 8.58979E-4 7.98572E-4 1.3097E-3 1.69534E-3 1.26984E-3 1.44943E-3 7.32198E-4 3.18675E-4 2.97354E-4 1.73218E-3 7.4594E-4 7.44005E-4 1.28492E-3 1.21943E-3 1.96711E-3 2.30949E-3 3.04034E-3 1.6601E-3 7.94331E-4 1.35427E-3 1.56476E-3 1.63514E-3 3.07825E-3 1.30803E-3 9.00509E-4 1.30463E-3 4.16752E-3 1.5123E-3 1.36644E-3 1.68566E-3
-9999 -9999 -9999 -9999 -9999 -9999 -9999 -9999 -9999 -9999 -9999 -9999 -9999 -9999 -9999 -9999 -9999 -9999 -9999 -9999 -9999 -9999 -9999 4.00655E-4 4.28395E-4 1.48225E-3 1.24797E-3 8.01525E-4 6.56718E-4 3.38025E-4 1.09249E-3 1.08306E-3 7.19629E-4 1.15052E-3 1.20269E-3 8.40247E-4 5.20378E-4 4.63602E-4 2.43684E-3 3.86045E-3 2.4278E-3 2.7826E-3 1.85543E-3 1.83914E-3 1.01869E-3 9.32017E-4 1.69265E-3 1.77485E-3 1.33522E-3 1.36572E-3 1.3514E-3 1.57196E-3 1.48114E-3 1.80382E-3 2.04817E-3 1.28885E-3 1.20479E-3 9.43733E-4 1.08757E-3 2.43681E-3 1.86667E-3 1.46753E-3 2.17238E-3 5.20648E-3 2.63207E-3 1.06462E-3 7.75014E-4
-9999 -9999 -9999 -9999 -9999 -9999 -9999 -9999 -9999 -9999 -9999 -9999 -9999 -9999 -9999 -9999 -9999 -9999 -9999 -9999 -9999 -9999 -9999 1.29629E-3 8.0499E-4 8.89141E-4 1.3774E-3 5.8641E-4 6.83194E-4 5.8833E-4 6.79272E-4 5.80457E-4 9.71392E-4 6.56159E-4 8.71268E-4 4.04462E-4 7.66505E-4 6.70605E-4 1.09148E-3 5.00037E-3 1.7889E-3 1.26973E-3 6.58828E-4 6.65472E-4 4.249E-4 5.0327E-4 1.25756E-3 9.95791E-4 1.24318E-3 1.82341E-3 1.89585E-3 2.0152E-3 1.45812E-3 1.56854E-3 1.46305E-3 2.33573E-3 2.9087E-3 1.5448E-3 2.31804E-3 2.60743E-3 2.89343E-3 1.1411E-3 2.05152E-3 2.15674E-3 3.88559E-3 1.83666E-3 1.21253E-3
-9999 -9999 -9999 -9999 -9999 -9999 -9999 -9999 -9999 -9999 -9999 -9999 -9999 -9999 -9999 -9999 -9999 -9999 -9999 -9999 -9999 -9999 7.28624E-4 5.8433E-4 7.565E-4 5.65755E-4 1.19592E-3 7.09116E-4 7.15644E-4 7.63871E-4 5.34552E-4 7.5473E-4 6.57151E-4 7.28048E-4 1.54191E-3 5.60644E-4 2.76706E-4 6.61183E-4 9.41137E-4 1.89093E-3 1.86361E-3 1.45097E-3 5.49986E-4 5.98818E-4 1.02162E-3 1.01201E-3 1.18411E-3 7.58244E-4 1.30389E-3 1.3306E-3 1.5744E-3 7.40203E-4 1.41481E-3 1.83417E-3 1.36484E-3 2.5678E-3 3.40601E-3 2.10504E-3 1.4446E-3 3.29887E-3 3.23198E-3 1.62386E-3 2.07269E-3 2.1262E-3 2.37656E-3 4.07916E-3 1.32878E-3
-9999 -9999 -9999 -9999 -9999 -9999 -9999 -9999 -9999 -9999 -9999 -9999 -9999 -9999 -9999 -9999 -9999 -9999 -9999 -9999 -9999 -9999 9.41015E-4 1.00035E-3 1.06191E-3 9.22531E-4 1.78509E-3 1.11706E-3 1.13403E-3 6.81197E-4 4.59743E-4 5.70091E-4 7.96506E-4 5.94475E-4 1.52311E-3 6.08246E-4 5.49451E-4 4.65045E-4 1.0632E-3 1.34569E-3 1.37259E-3 3.41508E-3 1.55002E-3 1.14196E-3 1.64134E-3 2.44822E-3 4.70457E-3 2.58404E-3 9.65883E-4 8.90739E-4 6.34827E-4 8.54173E-4 8.53348E-4 8.46589E-4 1.52793E-3 1.97472E-3 3.98134E-3 2.79741E-3 1.64367E-3 4.22033E-3 2.17371E-3 2.49116E-3 4.8279E-3 3.41587E-3 2.88435E-3 1.8962E-3 1.37676E-3
-9999 -9999 -9999 -9999 -9999 -9999 -9999 -9999 -9999 -9999 -9999 -9999 -9999 -9999 -9999 -9999 -9999 -9999 -9999 -9999 -9999 4.18376E-4 7.97913E-4 6.52702E-4 1.57579E-3 2.82868E-3 2.72154E-3 1.98862E-3 1.21284E-3 7.84877E-4 4.78899E-4 7.19338E-4 9.80678E-4 5.36188E-4 5.2058E-4 7.14496E-4 4.03347E-4 6.46174E-4 8.8941E-4 9.6469E-4 1.80626E-3 2.15218E-3 1.89691E-3 1.99508E-3 2.77754E-3 2.67308E-3 1.7602E-3 1.5087E-3 8.69226E-4 1.24107E-3 8.22107E-4 1.01609E-3 1.4829E-3 6.72241E-4 6.22188E-4 3.01304E-3 3.00089E-3 3.55489E-3 2.37423E-3 4.41666E-3 3.52633E-3 1.20681E-3 2.89292E-3 2.07691E-3 1.91851E-3 1.52569E-3 2.78287E-3
-9999 -9999 -9999 -9999 -9999 -9999 -9999 -9999 -9999 -9999 -9999 -9999 -9999 -9999 -9999 -9999 -9999 -9999 -9999 -9999 -9999 6.89071E-5 2.81695E-4 8.21182E-4 7.50848E-4 1.3297E-3 4.28167E-3 1.94386E-3 2.54203E-4 9.36128E-4 1.01944E-3 9.66799E-4 8.21468E-4 2.8906E-4 4.94766E-4 4.5656E-4 5.38936E-4 2.96661E-4 3.76693E-4 1.51497E-3 2.35539E-3 4.15808E-3 2.28805E-3 2.36732E-3 3.40899E-3 2.96931E-3 3.40469E-3 2.89957E-3 1.78888E-3 1.85018E-3 1.96467E-3 1.97949E-3 1.87913E-3 1.46152E-3 1.43867E-3 2.81764E-3 4.40384E-3 4.73047E-3 1.4383E-3 3.31617E-3 2.65352E-3 1.88677E-3 4.15689E-3 3.36771E-3 1.5129E-3 9.02221E-4 1.14249E-3
-9999 -9999 -9999 -9999 -9999 -9999 -9999 -9999 -9999 -9999 -9999 -9999 -9999 -9999 -9999 -9999 -9999 -9999 -9999 -9999 7.04673E-6 2.57935E-5 2.09713E-4 3.27039E-4 9.22986E-4 1.27069E-3 2.09736E-3 3.4044E-3 2.32473E-3 4.98949E-4 3.73849E-4 2.55799E-4 1.97122E-4 3.29193E-4 6.32189E-4 3.98301E-4 3.59877E-4 6.54176E-4 6.23996E-4 2.16824E-3 2.34484E-3 9.48615E-4 9.69419E-4 1.88991E-3 2.00858E-3 2.05793E-3 1.31018E-3 2.83347E-3 2.33111E-3 2.22041E-3 1.84301E-3 2.24703E-3 3.06588E-3 3.36553E-3 2.8918E-3 3.58042E-3 4.64522E-3 2.97701E-3 2.86381E-3 4.80906E-3 2.13851E-3 1.69579E-3 1.95755E-3 2.30276E-3 2.13185E-3 1.57014E-3 1.65389E-3
-9999 -9999 -9999 -9999 -9999 -9999 -9999 -9999 -9999 -9999 -9999 -9999 -9999 -9999 -9999 -9999 -9999 -9999 -9999 -9999 8.57904E-6 1.43036E-5 6.43566E-5 6.50616E-4 6.86477E-4 1.06935E-3 1.02276E-3 2.06467E-3 1.18056E-3 4.72682E-4 2.83764E-4 3.44705E-4 3.05065E-4 3.71049E-4 3.95172E-4 6.37692E-4 1.25239E-3 1.53553E-3 1.60183E-3 1.89969E-3 3.28181E-4 2.05285E-4 1.24758E-4 6.21696E-4 9.72895E-4 1.68781E-3 1.25743E-3 3.29752E-3 3.83876E-3 2.37897E-3 2.69575E-3 2.03712E-3 4.7113E-3 4.05869E-3 4.49573E-3 4.36709E-3 4.2576E-3 3.20528E-3 4.04673E-3 2.08152E-3 3.58048E-3 7.65544E-4 1.28945E-3 1.71629E-3 1.6327E-3 1.07073E-3 1.65014E-3
-9999 -9999 -9999 -9999 -9999 -9999 -9999 -9999 -9999 -9999 -9999 -9999 -9999 -9999 -9999 -9999 -9999 -9999 -9999 1.26009E-4 2.0499E-5 2.1682E-5 6.22759E-5 4.29656E-4 9.648E-4 1.20799E-3 1.05852E-3 9.18994E-4 6.05503E-4 4.57556E-4 3.14342E-4 4.34879E-4 3.08589E-4 4.06994E-4 2.21158E-4 1.18437E-3 1.90864E-3 1.9279E-3 7.13391E-4 5.88955E-4 1.64447E-4 3.50935E-4 1.40063E-4 1.19655E-4 2.19334E-4 8.66705E-4 4.40641E-4 1.73251E-3 2.95528E-3 2.91663E-3 3.05704E-3 2.77982E-3 3.59697E-3 3.48087E-3 3.18087E-3 2.47311E-3 2.25821E-3 2.38285E-3 2.83557E-3 2.20476E-3 2.63597E-3 1.53798E-3 2.07526E-3 2.3261E-3 1.25671E-3 9.69112E-4 2.07746E-3
-9999 -9999 -9999 -9999 -9999 -9999 -9999 -9999 -9999 -9999 -9999 -9999 -9999 -9999 -9999 -9999 -9999 -9999 -9999 6.68142E-4 1.94499E-4 9.82796E-5 5.24394E-5 2.10238E-4 9.49834E-4 6.42935E-4 4.05941E-4 1.01534E-3 3.08422E-4 2.51298E-4 3.35187E-4 4.29643E-4 4.36316E-4 3.97343E-4 4.42937E-4 8.26929E-4 2.09041E-3 2.25509E-3 7.41689E-4 3.55677E-4 1.58422E-4 2.50026E-4 1.76351E-4 1.08759E-4 2.20167E-4 2.73564E-4 5.47316E-4 1.20239E-3 3.74287E-3 4.17239E-3 3.80878E-3 2.00794E-3 3.62733E-3 4.36272E-3 2.91272E-3 3.16689E-3 1.91598E-3 2.03185E-3 4.22679E-3 3.24858E-3 3.29903E-3 2.0301E-3 1.42342E-3 7.88293E-4 7.7994E-4 1.66476E-3 1.31411E-3
-9999 -9999 -9999 -9999 -9999 -9999 -9999 -9999 -9999 -9999 -9999 -9999 -9999 -9999 -9999 -9999 -9999 -9999 -9999 3.44075E-3 2.25855E-3 5.19219E-4 3.62243E-4 4.34052E-4 6.36237E-4 1.64527E-3 1.07273E-3 5.60094E-4 5.33844E-4 5.41428E-4 4.66511E-4 3.66019E-4 3.94653E-4 1.7278E-3 5.28015E-4 8.29458E-4 2.60323E-3 2.25779E-3 1.37374E-3 3.076E-4 4.69856E-5 4.19848E-5 5.77637E-5 8.3591E-5 1.04994E-4 6.01926E-5 7.70602E-5 2.99771E-4 1.23215E-3 1.36442E-3 3.36964E-3 3.44115E-3 4.13967E-3 2.75615E-3 2.40687E-3 6.6199E-4 4.32155E-3 4.21407E-3 4.17901E-3 1.58862E-3 1.4983E-3 2.45362E-3 2.40028E-3 1.27665E-3 1.07441E-3 1.68663E-3 1.15221E-3
-9999 -9999 -9999 -9999 -9999 -9999 -9999 -9999 -9999 -9999 -9999 -9999 -9999 -9999 -9999 -9999 -9999 -9999 -9999 -9999 3.38875E-3 3.98283E-3 1.52848E-3 6.91522E-4 8.01552E-4 1.2343E-3 1.00726E-3 1.72872E-4 6.74841E-4 3.80829E-4 5.12146E-4 5.70443E-4 6.43532E-4 1.44468E-3 1.0471E-3 2.04067E-3 1.6438E-3 5.96476E-3 3.4096E-4 5.74667E-4 1.21554E-4 6.08788E-5 1.18504E-4 5.16784E-5 6.41001E-5 5.22216E-5 1.069E-4 2.3621E-4 3.52547E-4 5.28761E-4 1.32608E-3 1.30475E-3 1.44573E-3 2.01801E-3 1.70859E-3 2.98569E-3 7.67722E-3 7.87251E-3 4.98314E-3 2.59179E-3 2.07982E-3 3.42817E-3 2.77173E-3 1.01291E-3 1.122E-3 3.16547E-3 1.94057E-3
-9999 -9999 -9999 -9999 -9999 -9999 -9999 -9999 -9999 -9999 -9999 -9999 -9999 -9999 -9999 -9999 -9999 -9999 -9999 -9999 -9999 2.65187E-3 3.50539E-3 1.92136E-3 1.67609E-3 1.21511E-3 1.25636E-3 6.51245E-4 4.39894E-4 5.32645E-4 3.92621E-4 1.11711E-3 7.66852E-4 1.04353E-3 1.17372E-3 2.05803E-3 3.35104E-3 5.3165E-3 8.65742E-4 6.29282E-4 3.00697E-4 4.27296E-4 3.36618E-4 2.02475E-4 1.93062E-4 2.91696E-4 9.27635E-5 8.76386E-5 1.7976E-4 1.55055E-4 2.63377E-4 5.7241E-4 7.76027E-4 1.11138E-3 1.07656E-3 7.13251E-3 5.99472E-3 4.7628E-3 4.32E-3 9.8564E-4 1.63535E-3 2.20514E-3 2.21001E-3 2.05849E-3 1.77292E-3 1.29055E-3 2.39615E-3
-9999 -9999 -9999 -9999 -9999 -9999 -9999 -9999 -9999 -9999 -9999 -9999 -9999 -9999 -9999 -9999 -9999 -9999 -9999 -9999 -9999 5.38397E-4 1.52212E-3 2.26527E-3 3.06502E-3 1.11847E-3 1.11039E-3 1.63695E-3 5.0904E-4 4.43512E-4 4.86013E-4 7.41034E-4 1.19607E-3 8.09382E-4 1.11459E-3 1.94455E-3 5.55654E-3 3.81468E-3 1.02048E-3 9.16818E-4 1.062E-3 5.75685E-4 9.0084E-4 5.019E-4 4.97056E-4 4.51957E-4 1.88115E-4 1.3014E-4 1.23186E-4 1.14049E-4 1.7129E-4 3.35151E-4 3.45333E-4 6.83087E-4 6.07047E-4 3.30525E-3 2.8582E-3 3.44275E-3 1.97031E-3 1.4485E-3 1.68983E-3 2.71852E-3 2.34547E-3 1.7271E-3 2.53009E-3 1.63935E-3 2.99921E-3
-9999 -9999 -9999 -9999 -9999 -9999 -9999 -9999 -9999 -9999 -9999 -9999 -9999 -9999 -9999 -9999 -9999 -9999 -9999 -9999 -9999 -9999 -9999 1.44293E-3 1.08399E-3 1.32602E-3 1.17225E-3 1.40725E-3 6.33099E-4 2.69401E-4 4.7662E-4 9.89501E-4 5.77812E-4 9.1338E-4 1.31314E-3 2.06213E-3 1.61312E-3 2.80425E-3 1.72419E-3 1.22448E-3 1.03208E-3 1.11089E-3 1.52346E-3 5.73993E-4 4.02363E-4 3.11012E-4 3.2484E-4 1.3791E-4 1.24376E-4 8.06682E-5 1.92373E-4 2.52729E-4 3.62518E-4 5.06472E-4 4.37106E-4 6.31162E-4 1.86252E-3 2.10273E-3 4.11782E-3 2.04735E-3 1.9371E-3 2.84472E-3 1.7027E-3 2.41833E-3 2.91455E-3 2.56929E-3 2.732E-3
-9999 -9999 -9999 -9999 -9999 -9999 -9999 -9999 -9999 -9999 -9999 -9999 -9999 -9999 -9999 -9999 -9999 -9999 -9999 -9999 -9999 -9999 -9999 -9999 6.34487E-4 8.63874E-4 1.20471E-3 1.26923E-3 8.54782E-4 4.09097E-4 5.11149E-4 5.66718E-4 3.5546E-4 6.7346E-4 1.41584E-3 1.51033E-3 1.75025E-3 1.76444E-3 2.29558E-3 1.38194E-3 1.22883E-3 8.46008E-4 3.08472E-3 1.16236E-3 9.89534E-4 2.8204E-4 2.77968E-4 2.40407E-4 1.59974E-4 4.59731E-5 8.38853E-5 3.12999E-4 3.19334E-4 3.41095E-4 3.52835E-4 9.45118E-4 2.68856E-3 3.56446E-3 2.10902E-3 1.98842E-3 1.91703E-3 3.24859E-3 1.74345E-3 1.76355E-3 2.29936E-3 2.07004E-3 3.28654E-3
