ENM/Final_Models/M_1_F_qp_Set_1_E/Gustavia_santanderiensis_1_Choco.asc
ncols         367
nrows         963
xllcorner     -78.6
yllcorner     0.65
cellsize      0.00833333333333323
NODATA_value  -9999
[rows 210 to 239 of 963, columns 201 to 267 of 367]
1E0 1E0 1E0 9.99999E-1 1E0 9.99995E-1 9.99947E-1 9.99999E-1 1E0 1E0 1E0 1E0 1E0 1E0 1E0 1E0 1E0 1E0 1E0 1E0 1E0 9.99944E-1 1E0 1E0 1E0 1E0 9.99903E-1 9.99905E-1 9.99761E-1 1E0 9.99996E-1 9.99968E-1 9.68649E-1 9.22176E-1 8.24296E-1 4.85215E-1 2.07221E-1 2.62777E-1 8.64134E-1 9.98167E-1 9.36452E-1 7.25269E-1 5.73205E-1 3.83938E-1 1.87313E-1 2.69333E-1 1.52981E-1 7.06656E-2 3.60108E-2 2.06514E-2 2.79985E-2 1.33978E-2 8.10763E-3 3.39515E-2 7.11705E-2 2.37561E-1 6.73219E-1 6.78858E-1 2.26882E-1 1.59323E-1 2.28848E-1 4.29526E-1 4.12052E-1 2.43203E-1 1.54979E-1 4.63036E-2 1.44558E-2
1E0 1E0 1E0 1E0 9.99981E-1 9.99961E-1 9.99931E-1 9.99944E-1 1E0 9.99999E-1 9.99999E-1 1E0 1E0 1E0 1E0 1E0 1E0 1E0 1E0 1E0 1E0 9.99999E-1 9.99989E-1 9.99996E-1 1E0 1E0 1E0 1E0 9.99997E-1 1E0 9.99999E-1 9.99985E-1 9.78107E-1 7.7263E-1 5.39986E-1 4.23704E-1 1.47997E-1 1.99837E-1 6.69525E-1 9.983E-1 9.83264E-1 9.35926E-1 5.05449E-1 2.49869E-1 1.24928E-1 1.36536E-1 7.10392E-2 4.75609E-2 2.97757E-2 5.16919E-2 2.52203E-2 9.49881E-3 1.29399E-2 1.02481E-1 9.13368E-2 2.61568E-1 7.39987E-1 4.65364E-1 1.98544E-1 1.81252E-1 2.03694E-1 3.57386E-1 3.72522E-1 2.29706E-1 9.99014E-2 7.63803E-2 2.36863E-2
1E0 1E0 1E0 1E0 9.99999E-1 9.99993E-1 9.99983E-1 9.99993E-1 1E0 1E0 9.99993E-1 9.99992E-1 1E0 1E0 1E0 1E0 1E0 1E0 1E0 1E0 1E0 1E0 1E0 1E0 1E0 1E0 1E0 1E0 1E0 1E0 9.99977E-1 9.75217E-1 9.12406E-1 8.84651E-1 8.4076E-1 4.04381E-1 1.84053E-1 4.12035E-1 6.51061E-1 9.72562E-1 9.98205E-1 9.08649E-1 5.36339E-1 1.19598E-1 9.09461E-2 1.31855E-1 8.28672E-2 3.18121E-2 6.07621E-2 1.48771E-1 9.07034E-2 5.92866E-2 9.41912E-2 3.21844E-1 4.35779E-1 3.17065E-1 7.41785E-1 5.83833E-1 3.53406E-1 1.47136E-1 1.31983E-1 2.49082E-1 1.5368E-1 1.11603E-1 5.55892E-2 8.30014E-2 1.82504E-2
1E0 1E0 1E0 9.99998E-1 1E0 9.99999E-1 9.99998E-1 9.99998E-1 9.99999E-1 1E0 1E0 9.9997E-1 1E0 1E0 1E0 1E0 1E0 1E0 1E0 1E0 1E0 1E0 9.99999E-1 9.99998E-1 1E0 1E0 1E0 1E0 1E0 1E0 9.99946E-1 9.9531E-1 9.67017E-1 9.338E-1 6.34447E-1 2.4152E-1 1.36105E-1 1.86026E-1 4.64878E-1 9.36802E-1 9.98643E-1 7.93015E-1 5.72615E-1 9.33487E-2 1.055E-1 1.20469E-1 5.76279E-2 6.17398E-2 1.3448E-1 2.75361E-1 2.29652E-1 1.68982E-1 2.2429E-1 5.04268E-1 3.23309E-1 5.11544E-1 4.79423E-1 2.88382E-1 1.59932E-1 8.18847E-2 6.30987E-2 1.62692E-1 2.36078E-1 1.01173E-1 5.8206E-2 4.82481E-2 4.2482E-2
1E0 1E0 1E0 1E0 9.99995E-1 9.99904E-1 9.99999E-1 1E0 9.99991E-1 1E0 9.99996E-1 9.99997E-1 1E0 1E0 1E0 1E0 1E0 1E0 1E0 1E0 1E0 1E0 9.99998E-1 1E0 1E0 1E0 1E0 1E0 1E0 9.99999E-1 1E0 9.99698E-1 9.97621E-1 6.84519E-1 3.20527E-1 9.85242E-2 1.14224E-1 1.91216E-1 5.36596E-1 8.91263E-1 9.69667E-1 8.71165E-1 3.52476E-1 7.09477E-2 1.07605E-1 1.03538E-1 1.27968E-1 2.52517E-1 1.30689E-1 2.09782E-1 3.04335E-1 3.35824E-1 4.5073E-1 2.8592E-1 1.45197E-1 1.62648E-1 4.46654E-1 3.15141E-1 1.85203E-1 1.36949E-1 9.22356E-2 1.34926E-1 1.43975E-1 5.21495E-2 4.27335E-2 3.40948E-2 6.17668E-2
1E0 1E0 1E0 1E0 9.99992E-1 1E0 9.99988E-1 9.99989E-1 1E0 9.99997E-1 9.99995E-1 1E0 1E0 1E0 1E0 1E0 1E0 1E0 1E0 1E0 1E0 1E0 9.99998E-1 1E0 9.99996E-1 9.99999E-1 1E0 9.99996E-1 9.99999E-1 9.99996E-1 1E0 9.72611E-1 7.80936E-1 3.46879E-1 3.57847E-2 1.00636E-2 2.08633E-2 1.0732E-1 4.06883E-1 9.22987E-1 9.75384E-1 9.29483E-1 5.13821E-1 7.11439E-2 8.01318E-2 1.02912E-1 1.39579E-1 2.39637E-1 2.49194E-1 2.25427E-1 2.31007E-1 3.96814E-1 3.00211E-1 3.51596E-1 2.2127E-1 8.95049E-2 2.18859E-1 1.41285E-1 6.99844E-2 1.01272E-1 1.03158E-1 6.53004E-2 9.45123E-2 7.54072E-2 4.50862E-2 3.61619E-2 3.54091E-2
1E0 1E0 1E0 1E0 9.99999E-1 1E0 1E0 1E0 1E0 1E0 9.99966E-1 1E0 1E0 1E0 1E0 1E0 1E0 1E0 9.99989E-1 9.99999E-1 9.99999E-1 9.99999E-1 9.99999E-1 9.99998E-1 9.99981E-1 9.99706E-1 9.98164E-1 9.92673E-1 9.99907E-1 9.99933E-1 9.96903E-1 8.01059E-1 3.67686E-1 8.14216E-2 1.27459E-2 3.62567E-3 8.8657E-3 5.22897E-2 2.33819E-1 7.30121E-1 9.74041E-1 8.39039E-1 5.43398E-1 1.63994E-1 1.90945E-1 1.38037E-1 7.71901E-2 7.90181E-2 6.2057E-2 9.49537E-2 1.46679E-1 2.65815E-1 1.39077E-1 2.38783E-1 1.71914E-1 8.0162E-2 1.05213E-1 1.02926E-1 7.97628E-2 1.16997E-1 1.81606E-1 1.45293E-1 1.88528E-1 8.26438E-2 8.75757E-2 5.4857E-2 8.81397E-2
1E0 1E0 1E0 1E0 9.99998E-1 9.99992E-1 1E0 1E0 1E0 1E0 9.99999E-1 1E0 1E0 1E0 1E0 1E0 1E0 9.99999E-1 9.99999E-1 1E0 1E0 1E0 9.99996E-1 9.98607E-1 9.99749E-1 9.98504E-1 9.7621E-1 9.76541E-1 9.98956E-1 9.90963E-1 9.70166E-1 4.05083E-1 2.22551E-1 2.90706E-2 9.30229E-3 2.86879E-3 7.99278E-3 1.55957E-2 1.36779E-1 3.39824E-1 9.48697E-1 6.87509E-1 3.77802E-1 2.57355E-1 1.83089E-1 1.06816E-1 5.77282E-2 6.70426E-2 3.98809E-2 5.41789E-2 1.74882E-1 2.8458E-1 1.85344E-1 3.42142E-1 1.72658E-1 1.28934E-1 6.28542E-2 8.55177E-2 1.48444E-1 1.24512E-1 1.73128E-1 2.62519E-1 3.00877E-1 1.29287E-1 7.19713E-2 4.89742E-2 5.25702E-2
9.99999E-1 9.99999E-1 1E0 1E0 1E0 1E0 9.99997E-1 9.99995E-1 9.99982E-1 9.99999E-1 1E0 1E0 1E0 1E0 1E0 1E0 1E0 9.99999E-1 1E0 1E0 1E0 1E0 9.99999E-1 9.98073E-1 9.98871E-1 9.9845E-1 9.92432E-1 9.54401E-1 9.8321E-1 9.95458E-1 8.93136E-1 3.71366E-1 1.88573E-1 6.79696E-2 1.54355E-2 1.22803E-2 1.17105E-2 4.10594E-3 3.31564E-2 2.07084E-1 7.70356E-1 6.64354E-1 2.59825E-1 1.65729E-1 1.59321E-1 1.01644E-1 6.08048E-2 1.23064E-1 1.25308E-1 1.54602E-1 2.85536E-1 2.66597E-1 1.60873E-1 1.82757E-1 3.26418E-1 1.95539E-1 8.66585E-2 6.2955E-2 1.35627E-1 1.14317E-1 1.285E-1 1.72753E-1 2.38589E-1 1.19068E-1 4.32635E-2 3.72373E-2 5.41201E-2
9.99994E-1 1E0 1E0 1E0 1E0 1E0 9.99999E-1 9.99995E-1 9.9999E-1 1E0 1E0 1E0 1E0 1E0 1E0 1E0 1E0 9.99999E-1 1E0 9.99839E-1 9.99852E-1 9.99657E-1 9.99682E-1 9.99815E-1 9.98589E-1 9.99878E-1 9.95959E-1 9.87823E-1 9.48883E-1 8.50872E-1 7.95525E-1 5.47292E-1 3.03961E-1 1.6166E-1 7.62769E-2 1.87892E-2 5.08395E-2 4.32749E-2 1.23878E-1 1.50823E-1 4.11836E-1 6.28139E-1 1.56234E-1 9.41697E-2 1.41009E-1 1.89444E-1 1.66104E-1 1.8432E-1 2.7315E-1 1.95082E-1 3.55267E-1 2.25982E-1 8.84814E-2 1.29662E-1 2.03986E-1 1.92347E-1 1.60368E-1 6.68945E-2 6.14371E-2 1.12452E-1 1.42233E-1 1.63928E-1 1.48217E-1 8.01456E-2 6.47981E-2 2.381E-2 6.38327E-2
1E0 1E0 1E0 1E0 1E0 1E0 1E0 1E0 1E0 1E0 1E0 1E0 1E0 1E0 1E0 1E0 9.99999E-1 9.99909E-1 9.99871E-1 9.99612E-1 9.994E-1 9.98053E-1 9.92526E-1 9.98203E-1 9.97693E-1 9.99944E-1 9.99998E-1 9.99927E-1 9.49277E-1 6.07687E-1 8.05555E-1 7.4442E-1 5.30984E-1 3.31548E-1 2.59992E-1 1.09283E-1 6.85553E-2 8.71157E-2 1.9453E-1 1.16617E-1 2.51572E-1 4.37988E-1 1.53342E-1 1.23406E-1 1.47688E-1 7.11612E-2 6.02546E-2 1.16333E-1 1.86046E-1 2.31557E-1 2.49865E-1 2.14915E-1 1.01708E-1 8.02348E-2 8.54753E-2 1.41435E-1 1.50956E-1 1.20471E-1 5.5262E-2 1.10871E-1 1.28301E-1 1.99818E-1 7.29798E-2 3.30143E-2 6.12514E-2 2.96427E-2 9.31443E-2
1E0 1E0 1E0 1E0 1E0 1E0 1E0 1E0 1E0 1E0 1E0 1E0 1E0 1E0 1E0 9.99997E-1 9.99961E-1 9.99944E-1 9.99952E-1 9.99986E-1 9.99993E-1 9.90189E-1 9.95372E-1 9.76801E-1 9.81326E-1 9.97306E-1 9.98727E-1 9.99741E-1 9.47168E-1 4.61149E-1 3.42153E-1 6.99475E-1 8.08291E-1 5.94478E-1 6.54456E-1 5.33064E-1 2.18261E-1 1.30774E-1 4.01708E-1 3.73507E-1 1.45703E-1 2.33602E-1 1.35491E-1 1.40472E-1 2.12493E-1 1.12987E-1 7.32337E-2 1.47139E-1 2.42E-1 1.49997E-1 2.31385E-1 1.40215E-1 7.82257E-2 6.52301E-2 8.48079E-2 7.34104E-2 1.11639E-1 1.01211E-1 4.63542E-2 6.52597E-2 1.40137E-1 1.66882E-1 7.5364E-2 1.83308E-2 2.26572E-2 1.4391E-2 3.90832E-2
1E0 1E0 1E0 1E0 9.99998E-1 1E0 9.99997E-1 9.99998E-1 9.99997E-1 1E0 1E0 1E0 1E0 1E0 1E0 1E0 9.9999E-1 9.99954E-1 9.99784E-1 9.98361E-1 9.99942E-1 9.97076E-1 9.94497E-1 9.34731E-1 9.67362E-1 9.99461E-1 9.97026E-1 9.95382E-1 7.46065E-1 5.42501E-1 2.0442E-1 6.30627E-1 8.96274E-1 8.75667E-1 8.43364E-1 8.74209E-1 4.91014E-1 2.77858E-1 5.08853E-1 5.56641E-1 2.54199E-1 1.63503E-1 1.58133E-1 1.35209E-1 2.15915E-1 1.54343E-1 7.91819E-2 6.43484E-2 1.49663E-1 1.89534E-1 1.70911E-1 1.56415E-1 1.02785E-1 1.20916E-1 9.95977E-2 3.15166E-2 7.89117E-2 9.83747E-2 4.07786E-2 5.95115E-2 9.02694E-2 1.39917E-1 1.08999E-1 1.5594E-2 1.57116E-2 1.25666E-2 3.45892E-2
1E0 1E0 1E0 1E0 9.99995E-1 1E0 1E0 9.99997E-1 9.99998E-1 1E0 1E0 1E0 1E0 1E0 1E0 1E0 9.99999E-1 9.99995E-1 9.99818E-1 9.97985E-1 9.98745E-1 9.93694E-1 9.75433E-1 8.62653E-1 9.97647E-1 9.98014E-1 9.63349E-1 9.56813E-1 9.18635E-1 7.08879E-1 6.91907E-1 7.6245E-1 9.91075E-1 9.6956E-1 9.37419E-1 9.56154E-1 9.15806E-1 8.79395E-1 4.97685E-1 6.6785E-1 7.35831E-1 1.38539E-1 1.30255E-1 1.36149E-1 1.72123E-1 1.26915E-1 8.79743E-2 8.07134E-2 1.43933E-1 1.34477E-1 1.37162E-1 1.16309E-1 1.30711E-1 8.67904E-2 6.56077E-2 3.49083E-2 1.2377E-1 4.20348E-2 3.77737E-2 8.16799E-2 1.17175E-1 1.3158E-1 1.41984E-1 2.84617E-2 2.38639E-2 2.79773E-2 2.57992E-2
1E0 1E0 1E0 1E0 9.99999E-1 1E0 1E0 1E0 9.99996E-1 1E0 1E0 1E0 1E0 1E0 1E0 1E0 1E0 9.99989E-1 9.99997E-1 9.99966E-1 9.9999E-1 9.99333E-1 9.95413E-1 9.72676E-1 9.89574E-1 9.8963E-1 9.06744E-1 9.66967E-1 9.67375E-1 9.57563E-1 9.88827E-1 9.82711E-1 9.88453E-1 9.93606E-1 9.96705E-1 9.89147E-1 9.88097E-1 8.96344E-1 6.6169E-1 8.48677E-1 5.80722E-1 1.69746E-1 1.38895E-1 1.36151E-1 1.78944E-1 1.37879E-1 6.85527E-2 6.90712E-2 1.07853E-1 1.58085E-1 1.57295E-1 1.39219E-1 1.06802E-1 5.86035E-2 3.6946E-2 4.84714E-2 1.09495E-1 3.3623E-2 4.31419E-2 1.14467E-1 1.40262E-1 1.47099E-1 1.64471E-1 6.9467E-2 6.60003E-2 6.25934E-2 6.82974E-2
1E0 1E0 1E0 9.99989E-1 9.99995E-1 9.99999E-1 1E0 1E0 1E0 1E0 1E0 1E0 1E0 1E0 9.99952E-1 9.99953E-1 9.99991E-1 1E0 9.99724E-1 9.99477E-1 9.9997E-1 9.99574E-1 9.97234E-1 9.95034E-1 9.59095E-1 9.53166E-1 9.88361E-1 9.99918E-1 9.99626E-1 9.99449E-1 8.2577E-1 6.96738E-1 6.15353E-1 9.01147E-1 9.51991E-1 9.59458E-1 9.47621E-1 9.63484E-1 8.4388E-1 6.9199E-1 3.16155E-1 1.62897E-1 1.79859E-1 1.65141E-1 1.85736E-1 1.62568E-1 6.31008E-2 7.16065E-2 7.67658E-2 1.20605E-1 8.61919E-2 8.65042E-2 8.25549E-2 4.38277E-2 2.41407E-2 6.18587E-2 1.00685E-1 8.3848E-2 4.97982E-2 8.62725E-2 1.08511E-1 1.42502E-1 2.24907E-1 1.23655E-1 7.52434E-2 8.64768E-2 6.82194E-2
9.9998E-1 1E0 1E0 9.99992E-1 9.99999E-1 9.99995E-1 1E0 9.99999E-1 1E0 1E0 1E0 1E0 1E0 9.99998E-1 9.99949E-1 9.99995E-1 9.99979E-1 9.9993E-1 9.99983E-1 9.99692E-1 9.99458E-1 9.99655E-1 9.5516E-1 9.76976E-1 9.76437E-1 9.66709E-1 9.13345E-1 9.74334E-1 9.81925E-1 9.98806E-1 8.4535E-1 4.96371E-1 1.53428E-1 2.51445E-1 4.19539E-1 7.08637E-1 9.37248E-1 9.54324E-1 9.66833E-1 7.63179E-1 4.33516E-1 2.06238E-1 2.15577E-1 1.89411E-1 1.73801E-1 1.45857E-1 1.07089E-1 9.87712E-2 1.31616E-1 8.73813E-2 8.17974E-2 7.12347E-2 4.6643E-2 1.62893E-2 3.43016E-2 8.3163E-2 4.54078E-2 4.61873E-2 4.02292E-2 6.30948E-2 1.33233E-1 2.02297E-1 1.14454E-1 6.2302E-2 2.38943E-2 4.83974E-2 8.20729E-2
9.99938E-1 9.99995E-1 9.99596E-1 9.99999E-1 9.9999E-1 9.99993E-1 9.99999E-1 1E0 1E0 1E0 1E0 1E0 9.99827E-1 9.99991E-1 9.99571E-1 9.99662E-1 9.99979E-1 9.98614E-1 9.97955E-1 9.98997E-1 9.83524E-1 9.64451E-1 9.75306E-1 9.19526E-1 9.46083E-1 9.68285E-1 9.33506E-1 9.50564E-1 8.72689E-1 9.66039E-1 8.41684E-1 3.6995E-1 2.42941E-1 1.11987E-1 1.98959E-1 4.05074E-1 3.94493E-1 6.51164E-1 8.78155E-1 6.35863E-1 3.68539E-1 2.36702E-1 1.6875E-1 1.69806E-1 2.26721E-1 1.46018E-1 1.20792E-1 8.96509E-2 7.31158E-2 7.77163E-2 8.91378E-2 9.84771E-2 3.9169E-2 4.15754E-2 1.09106E-1 8.6115E-2 4.07146E-2 3.45261E-2 5.79791E-2 6.28143E-2 6.0111E-2 1.54136E-1 1.40494E-1 1.55719E-1 3.73931E-2 6.70355E-2 8.25597E-2
9.99986E-1 9.99893E-1 9.99814E-1 9.99999E-1 1E0 1E0 9.99989E-1 1E0 1E0 1E0 9.99981E-1 9.94437E-1 9.78993E-1 9.94212E-1 9.97491E-1 9.99383E-1 9.9972E-1 9.99716E-1 9.97405E-1 9.75778E-1 9.79966E-1 9.6029E-1 9.86844E-1 9.74757E-1 9.5675E-1 9.8311E-1 9.81292E-1 9.87105E-1 9.96444E-1 9.9897E-1 9.3058E-1 4.30309E-1 1.30641E-1 4.20919E-2 4.48022E-2 2.6785E-1 1.94218E-1 2.19959E-1 2.45096E-1 2.03147E-1 2.02011E-1 2.1222E-1 1.61705E-1 2.16017E-1 1.90822E-1 1.48658E-1 1.2822E-1 1.11018E-1 8.78114E-2 7.45533E-2 7.26031E-2 1.11301E-1 8.25884E-2 9.20219E-2 1.01194E-1 6.06054E-2 1.67699E-2 1.82823E-2 5.81323E-2 9.1396E-2 1.24902E-1 1.55457E-1 1.4525E-1 1.54095E-1 6.2529E-2 7.14446E-2 7.70219E-2
9.99985E-1 9.99964E-1 9.99946E-1 9.99999E-1 9.99989E-1 1E0 1E0 1E0 1E0 1E0 9.9935E-1 9.72344E-1 9.71972E-1 9.7231E-1 9.97659E-1 9.99355E-1 9.99032E-1 9.99872E-1 9.93438E-1 9.59554E-1 9.70342E-1 9.82505E-1 9.89677E-1 9.56893E-1 9.48558E-1 9.80356E-1 9.98191E-1 9.97108E-1 9.96385E-1 9.9981E-1 9.8162E-1 4.23011E-1 2.4769E-1 7.43535E-2 3.98249E-2 8.95204E-2 5.47053E-2 1.37193E-1 2.37764E-1 1.04291E-1 1.26088E-1 1.87406E-1 1.58964E-1 2.12479E-1 1.71508E-1 1.45263E-1 1.14482E-1 9.99461E-2 7.79061E-2 6.91287E-2 8.4291E-2 1.32052E-1 1.1996E-1 8.22923E-2 7.51988E-2 7.95036E-2 2.35079E-2 1.77103E-2 2.16148E-2 1.21117E-1 2.88614E-1 1.36974E-1 8.36817E-2 1.86456E-1 8.07417E-2 1.09362E-1 9.57721E-2
9.99995E-1 9.99996E-1 9.99913E-1 9.99995E-1 9.99956E-1 1E0 1E0 1E0 1E0 1E0 1E0 9.99173E-1 9.76546E-1 9.01548E-1 9.80281E-1 9.97621E-1 9.992E-1 9.98569E-1 9.94319E-1 9.96082E-1 9.13841E-1 9.70041E-1 9.33417E-1 8.46681E-1 8.31144E-1 9.30004E-1 9.97347E-1 9.98113E-1 9.98178E-1 9.99945E-1 9.98855E-1 9.21205E-1 6.23848E-1 2.05828E-1 9.0264E-2 3.86034E-2 1.97855E-2 3.95529E-2 8.79893E-2 9.31388E-2 1.0797E-1 1.34731E-1 1.30634E-1 1.91771E-1 1.50589E-1 1.13242E-1 8.1809E-2 7.96838E-2 1.30286E-1 8.52517E-2 1.0492E-1 1.25232E-1 9.41883E-2 1.16802E-1 8.09826E-2 6.4611E-2 4.44793E-2 2.27202E-2 5.01048E-2 1.16907E-1 1.88648E-1 1.31753E-1 1.82932E-1 1.64314E-1 1.12266E-1 1.26827E-1 7.42154E-2
1E0 1E0 1E0 9.99962E-1 9.99996E-1 1E0 1E0 1E0 1E0 1E0 1E0 9.9968E-1 9.97622E-1 9.54698E-1 9.87388E-1 9.98781E-1 9.9969E-1 9.98987E-1 9.99637E-1 9.99516E-1 9.91981E-1 9.92262E-1 9.62292E-1 9.63312E-1 8.51065E-1 8.73027E-1 9.9935E-1 9.99983E-1 9.99772E-1 9.9919E-1 9.82092E-1 9.59788E-1 5.70453E-1 4.10597E-1 7.95644E-2 3.65062E-2 2.54241E-2 1.77369E-2 3.39382E-2 3.81071E-2 4.29156E-2 5.47162E-2 7.69263E-2 1.62841E-1 1.52297E-1 1.44789E-1 1.22958E-1 1.15768E-1 1.12511E-1 1.29726E-1 1.10246E-1 1.70179E-1 1.09543E-1 8.95272E-2 1.1029E-1 8.56098E-2 7.08276E-2 2.85722E-2 6.78314E-2 1.11569E-1 2.54176E-1 1.88797E-1 1.30999E-1 1.17572E-1 4.93632E-2 3.74802E-2 3.16597E-2
9.99984E-1 1E0 1E0 1E0 1E0 1E0 1E0 1E0 1E0 1E0 1E0 9.99968E-1 9.98029E-1 9.94537E-1 9.59468E-1 9.93262E-1 9.98441E-1 9.99942E-1 9.99986E-1 9.99967E-1 9.9981E-1 9.94155E-1 9.89202E-1 8.58286E-1 9.81824E-1 9.80489E-1 9.84399E-1 9.99966E-1 9.99978E-1 9.99791E-1 9.46027E-1 7.85541E-1 6.33354E-1 4.47558E-1 1.33641E-1 5.23485E-2 3.53464E-2 1.99703E-2 2.50851E-2 2.72675E-2 1.95931E-2 1.82646E-2 5.44837E-2 1.47571E-1 1.26818E-1 1.36469E-1 1.29638E-1 1.02064E-1 1.01029E-1 1.04497E-1 9.41161E-2 1.3436E-1 1.23321E-1 9.97251E-2 1.17798E-1 1.32963E-1 1.14171E-1 5.19556E-2 8.13879E-2 1.9735E-1 2.98941E-1 1.78305E-1 1.86924E-1 7.74235E-2 6.18597E-2 6.32267E-2 6.27545E-2
9.99401E-1 9.99463E-1 1E0 1E0 1E0 1E0 1E0 1E0 9.99987E-1 9.99827E-1 9.94833E-1 9.9331E-1 9.99441E-1 9.87313E-1 9.93778E-1 9.98531E-1 9.98221E-1 9.99999E-1 1E0 9.9998E-1 9.99488E-1 9.99968E-1 9.99966E-1 9.73428E-1 9.9963E-1 9.99918E-1 1E0 9.99998E-1 9.99992E-1 9.99965E-1 9.94124E-1 7.73516E-1 4.33236E-1 8.62498E-2 3.92262E-2 2.44018E-2 2.20204E-2 1.11934E-2 9.28467E-3 1.51812E-2 2.11085E-2 3.66947E-2 6.27255E-2 3.97153E-2 9.71961E-2 1.09773E-1 8.35133E-2 7.4973E-2 9.0643E-2 1.27205E-1 7.8865E-2 1.20998E-1 1.21796E-1 1.62541E-1 1.48433E-1 1.21949E-1 1.00253E-1 7.80691E-2 1.08072E-1 3.02764E-1 2.7109E-1 2.84995E-1 1.35633E-1 1.26907E-1 7.12112E-2 6.09367E-2 4.50767E-2
9.99999E-1 9.99998E-1 9.99998E-1 9.99998E-1 9.9998E-1 1E0 1E0 9.99999E-1 1E0 1E0 1E0 9.99988E-1 9.98791E-1 9.965E-1 9.93741E-1 9.97953E-1 9.9747E-1 9.99906E-1 9.99996E-1 9.98141E-1 9.99541E-1 9.95215E-1 9.95067E-1 9.90789E-1 9.9999E-1 9.99817E-1 1E0 1E0 9.99998E-1 9.9998E-1 9.98686E-1 9.34684E-1 7.6013E-1 8.82329E-2 1.70036E-2 9.08247E-3 1.41924E-2 5.85403E-3 4.50473E-3 5.73773E-3 7.37876E-3 1.66168E-2 4.63289E-2 5.35294E-2 6.948E-2 9.20793E-2 9.23025E-2 7.9452E-2 8.4824E-2 8.72873E-2 7.67378E-2 9.31957E-2 1.1638E-1 9.95141E-2 1.0988E-1 1.19593E-1 8.23584E-2 6.86373E-2 1.40888E-1 2.10982E-1 1.75968E-1 7.25619E-2 1.57313E-1 9.75517E-2 1.06476E-1 9.67459E-2 4.99632E-2
1E0 9.99997E-1 9.99999E-1 9.99999E-1 9.99982E-1 1E0 1E0 1E0 9.99999E-1 1E0 9.99998E-1 9.99415E-1 9.99998E-1 9.94243E-1 9.92871E-1 9.97813E-1 9.96459E-1 9.99961E-1 9.99996E-1 9.99351E-1 9.99764E-1 9.97889E-1 9.9439E-1 9.79438E-1 9.99968E-1 9.9853E-1 1E0 1E0 9.99999E-1 9.99994E-1 9.99955E-1 9.4835E-1 8.84493E-1 2.23006E-1 2.76505E-2 2.44696E-2 1.18008E-2 2.08007E-2 6.27004E-3 4.22494E-3 8.57433E-3 1.64148E-2 3.83658E-2 5.7434E-2 4.44285E-2 9.91888E-2 1.17192E-1 1.09457E-1 1.0776E-1 1.34499E-1 9.18509E-2 5.33045E-2 1.1493E-1 7.38006E-2 1.05229E-1 1.15434E-1 7.35378E-2 1.06947E-1 1.90319E-1 1.92023E-1 9.12216E-2 1.12411E-1 2.61619E-1 2.28164E-1 8.37479E-2 9.08404E-2 9.28364E-2
1E0 1E0 9.99998E-1 9.99999E-1 9.99995E-1 9.99998E-1 9.99999E-1 1E0 1E0 1E0 9.99437E-1 9.99323E-1 9.99987E-1 9.98001E-1 9.9881E-1 9.99571E-1 9.99295E-1 9.99901E-1 9.99501E-1 9.96471E-1 9.9587E-1 9.96433E-1 9.84549E-1 9.63394E-1 9.92857E-1 9.98698E-1 9.99794E-1 1E0 1E0 9.99983E-1 9.99901E-1 9.81276E-1 6.4406E-1 7.23952E-1 2.20241E-1 3.33276E-2 7.0479E-3 5.66685E-3 2.28331E-2 1.50867E-2 9.38263E-3 1.16148E-2 2.39575E-2 3.31076E-2 4.60554E-2 5.65789E-2 8.06613E-2 1.09146E-1 1.05391E-1 1.28883E-1 1.26818E-1 1.6676E-1 1.10231E-1 9.5121E-2 8.32874E-2 1.00234E-1 1.02868E-1 1.11768E-1 1.99651E-1 3.41569E-1 1.87317E-1 2.20727E-1 3.27822E-1 2.99163E-1 1.11998E-1 6.24212E-2 8.50486E-2
9.99987E-1 9.99975E-1 9.99928E-1 9.99997E-1 9.99996E-1 9.99997E-1 9.99998E-1 1E0 9.99987E-1 9.99999E-1 9.99999E-1 9.99999E-1 9.99965E-1 9.99265E-1 9.9463E-1 9.99374E-1 9.99953E-1 9.9989E-1 9.95388E-1 9.94584E-1 9.98213E-1 9.82992E-1 9.87024E-1 9.89057E-1 9.98659E-1 9.7419E-1 9.95835E-1 9.99996E-1 1E0 9.99942E-1 9.99856E-1 9.95661E-1 8.29464E-1 8.6494E-1 3.16288E-1 5.16978E-2 1.81972E-2 7.74976E-3 5.40568E-3 4.95713E-3 8.40439E-3 4.15765E-3 5.98677E-3 2.016E-2 4.48781E-2 5.20617E-2 5.56879E-2 7.86632E-2 1.68409E-1 1.87306E-1 1.95758E-1 1.55965E-1 1.13E-1 9.61104E-2 9.74398E-2 1.244E-1 1.53773E-1 2.13364E-1 2.45854E-1 3.0027E-1 1.92447E-1 2.30094E-1 2.49266E-1 1.4086E-1 1.47399E-1 1.0683E-1 7.10023E-2
9.99997E-1 9.99978E-1 1E0 9.99999E-1 9.99996E-1 9.99987E-1 1E0 1E0 9.99992E-1 9.99997E-1 1E0 9.99997E-1 9.99883E-1 9.99928E-1 9.96743E-1 9.99999E-1 1E0 1E0 9.9967E-1 9.99988E-1 9.99967E-1 9.99997E-1 9.99983E-1 9.99977E-1 9.99569E-1 9.99977E-1 9.99991E-1 9.99999E-1 9.99999E-1 9.99986E-1 9.99938E-1 9.99646E-1 9.90563E-1 9.61055E-1 6.85263E-1 1.10982E-1 7.66539E-2 2.69156E-2 5.14906E-3 2.36948E-3 1.24392E-2 6.37812E-3 8.88052E-3 3.72873E-2 8.00493E-2 8.0072E-2 7.23858E-2 8.43212E-2 9.97344E-2 1.36168E-1 1.86018E-1 2.20801E-1 1.79299E-1 1.26453E-1 1.25055E-1 1.24631E-1 1.55438E-1 2.03458E-1 3.73859E-1 3.98243E-1 2.55699E-1 2.2012E-1 1.34533E-1 1.22462E-1 1.09989E-1 1.10826E-1 5.71295E-2
1E0 1E0 1E0 9.99997E-1 9.99998E-1 1E0 9.99996E-1 9.99993E-1 1E0 9.99989E-1 9.99995E-1 9.99995E-1 9.99859E-1 9.9993E-1 9.99999E-1 9.99999E-1 9.99829E-1 9.99626E-1 9.99681E-1 9.98252E-1 9.98995E-1 9.99466E-1 9.97499E-1 9.97881E-1 9.97406E-1 9.94609E-1 9.99998E-1 9.99997E-1 9.99993E-1 9.99995E-1 9.99962E-1 9.98958E-1 9.90583E-1 9.80074E-1 6.7681E-1 2.81165E-1 1.41612E-1 6.76625E-2 9.4765E-3 3.02805E-3 1.10832E-2 5.69387E-3 6.67662E-3 3.81107E-2 9.40909E-2 6.44787E-2 5.51E-2 8.63259E-2 5.83334E-2 7.83567E-2 1.57599E-1 1.4383E-1 1.90497E-1 8.59131E-2 8.24429E-2 1.0418E-1 1.29971E-1 2.58944E-1 3.34036E-1 4.61145E-1 3.17967E-1 2.49351E-1 2.75772E-1 7.89486E-2 8.51412E-2 9.50408E-2 1.02253E-1
