ENM/Final_Models/M_1_F_qp_Set_1_E/Gustavia_santanderiensis_1_Choco.asc
ncols         367
nrows         963
xllcorner     -78.6
yllcorner     0.65
cellsize      0.00833333333333323
NODATA_value  -9999
[rows 330 to 359 of 963, columns 134 to 200 of 367]
-9999 -9999 -9999 -9999 -9999 -9999 -9999 -9999 -9999 -9999 -9999 -9999 -9999 -9999 -9999 -9999 -9999 -9999 -9999 -9999 -9999 3.91331E-2 4.77891E-2 1.50535E-1 3.22659E-1 4.2873E-1 5.59484E-1 3.75985E-1 3.99234E-1 5.12653E-1 2.09909E-1 2.02681E-1 2.42143E-1 1.32797E-1 1.30025E-1 2.72186E-1 2.92592E-1 3.11871E-1 3.60847E-1 3.56789E-1 3.52578E-1 3.80501E-1 5.00875E-1 5.20436E-1 3.97444E-1 4.58405E-1 3.51351E-1 3.48088E-1 4.60197E-1 6.53979E-1 6.75415E-1 5.2981E-1 4.46384E-1 1.69932E-1 1.86182E-1 2.12833E-1 3.37664E-1 4.24072E-1 3.96808E-1 5.60436E-1 4.69258E-1 5.5529E-1 3.9795E-1 2.82135E-1 4.27179E-1 3.85435E-1 3.10987E-1
-9999 -9999 -9999 -9999 -9999 -9999 -9999 -9999 -9999 -9999 -9999 -9999 -9999 -9999 -9999 -9999 -9999 -9999 -9999 -9999 -9999 3.07794E-2 4.69704E-2 1.11869E-1 2.40208E-1 3.55961E-1 4.73281E-1 4.54031E-1 4.47672E-1 2.73233E-1 1.4005E-1 1.4963E-1 2.56307E-1 2.46214E-1 2.39808E-1 3.07968E-1 2.38857E-1 3.57381E-1 4.06179E-1 5.52198E-1 5.04218E-1 3.38487E-1 4.16336E-1 4.27573E-1 5.33502E-1 4.58789E-1 4.0543E-1 4.55074E-1 5.44699E-1 6.18396E-1 5.35692E-1 5.62195E-1 4.7386E-1 3.13125E-1 1.91014E-1 1.57002E-1 1.49386E-1 1.72989E-1 2.35565E-1 2.34687E-1 4.46911E-1 4.29941E-1 4.61303E-1 2.29018E-1 3.26635E-1 3.2052E-1 2.60035E-1
-9999 -9999 -9999 -9999 -9999 -9999 -9999 -9999 -9999 -9999 -9999 -9999 -9999 -9999 -9999 -9999 -9999 -9999 -9999 -9999 -9999 5.461E-2 7.20692E-2 6.98556E-2 2.54513E-1 4.99273E-1 4.459E-1 4.18109E-1 4.21037E-1 3.66771E-1 2.21828E-1 8.97931E-2 1.82858E-1 2.5806E-1 2.55913E-1 2.37923E-1 3.48209E-1 5.16682E-1 3.63308E-1 5.28906E-1 4.66305E-1 3.77925E-1 6.9614E-1 4.10505E-1 5.31485E-1 5.99148E-1 6.28209E-1 5.55674E-1 6.49221E-1 5.79913E-1 6.99354E-1 5.09806E-1 6.13901E-1 4.01552E-1 1.12467E-1 1.20886E-1 9.95955E-2 2.93826E-1 4.80252E-1 3.37713E-1 4.79357E-1 4.60225E-1 4.17233E-1 3.04237E-1 3.77676E-1 3.43761E-1 3.38644E-1
-9999 -9999 -9999 -9999 -9999 -9999 -9999 -9999 -9999 -9999 -9999 -9999 -9999 -9999 -9999 -9999 -9999 -9999 -9999 -9999 -9999 4.91088E-2 4.07255E-2 1.3346E-1 2.73527E-1 4.36991E-1 2.73001E-1 3.45232E-1 3.82636E-1 3.81719E-1 4.68851E-1 2.13634E-1 2.16242E-1 2.74981E-1 2.2313E-1 2.91321E-1 3.0994E-1 4.04185E-1 5.76565E-1 3.65349E-1 4.2464E-1 5.3104E-1 6.43015E-1 3.93187E-1 3.88493E-1 6.94223E-1 6.25471E-1 6.53729E-1 7.29473E-1 4.26119E-1 3.67014E-1 4.05004E-1 4.21258E-1 2.28475E-1 8.97732E-2 1.76647E-1 1.64446E-1 4.30644E-1 6.79181E-1 4.54468E-1 3.03593E-1 4.96092E-1 5.26817E-1 2.47336E-1 4.20667E-1 4.25002E-1 3.43501E-1
-9999 -9999 -9999 -9999 -9999 -9999 -9999 -9999 -9999 -9999 -9999 -9999 -9999 -9999 -9999 -9999 -9999 -9999 -9999 -9999 -9999 -9999 4.11642E-2 1.47913E-1 2.83213E-1 4.50918E-1 2.62839E-1 3.77505E-1 2.83874E-1 3.74264E-1 4.40401E-1 2.64519E-1 2.90477E-1 2.28791E-1 2.14751E-1 3.01929E-1 3.82364E-1 3.67097E-1 3.84947E-1 3.73987E-1 5.6089E-1 3.12112E-1 5.05521E-1 4.69439E-1 6.70162E-1 4.46864E-1 6.78184E-1 5.07331E-1 6.05021E-1 3.23881E-1 3.39142E-1 3.04313E-1 3.35955E-1 4.19297E-1 1.5515E-1 2.66471E-1 2.09269E-1 2.49344E-1 2.90251E-1 4.39816E-1 2.48977E-1 2.99583E-1 4.32616E-1 3.57544E-1 3.62981E-1 4.67161E-1 3.77102E-1
-9999 -9999 -9999 -9999 -9999 -9999 -9999 -9999 -9999 -9999 -9999 -9999 -9999 -9999 -9999 -9999 -9999 -9999 -9999 -9999 -9999 -9999 8.60161E-2 1.49846E-1 1.76909E-1 5.01227E-1 5.87121E-1 5.85263E-1 3.30314E-1 3.90735E-1 4.21865E-1 3.66795E-1 2.81477E-1 2.83054E-1 2.06372E-1 2.0159E-1 2.55807E-1 4.17794E-1 3.3045E-1 3.50949E-1 4.84261E-1 4.46452E-1 3.61349E-1 4.82681E-1 5.04704E-1 4.62235E-1 4.86243E-1 5.24083E-1 4.51278E-1 3.06589E-1 3.10006E-1 3.24366E-1 5.14957E-1 5.54272E-1 2.66762E-1 1.41067E-1 1.68341E-1 3.32693E-1 4.21478E-1 3.79198E-1 3.9637E-1 3.4562E-1 3.83129E-1 3.36817E-1 3.05621E-1 5.03062E-1 5.14028E-1
-9999 -9999 -9999 -9999 -9999 -9999 -9999 -9999 -9999 -9999 -9999 -9999 -9999 -9999 -9999 -9999 -9999 -9999 -9999 -9999 -9999 -9999 9.31879E-2 1.13618E-1 1.83752E-1 3.67644E-1 7.23885E-1 7.44453E-1 5.03576E-1 4.33548E-1 4.16485E-1 4.06676E-1 2.64372E-1 2.68424E-1 3.16786E-1 2.89673E-1 2.40678E-1 2.65266E-1 3.94685E-1 3.31068E-1 4.21155E-1 3.62687E-1 4.10614E-1 5.94433E-1 5.34604E-1 3.85955E-1 3.94838E-1 5.25982E-1 3.77319E-1 3.21882E-1 3.32358E-1 4.22875E-1 5.65591E-1 5.90935E-1 2.94913E-1 7.22618E-2 1.34885E-1 2.49373E-1 3.37883E-1 3.14248E-1 4.39789E-1 3.43875E-1 2.21008E-1 2.2617E-1 2.52614E-1 4.22925E-1 5.53284E-1
-9999 -9999 -9999 -9999 -9999 -9999 -9999 -9999 -9999 -9999 -9999 -9999 -9999 -9999 -9999 -9999 -9999 -9999 -9999 -9999 -9999 -9999 -9999 9.75993E-2 1.45274E-1 -9999 -9999 -9999 -9999 4.09218E-1 3.58917E-1 3.31593E-1 2.53476E-1 2.36357E-1 2.57551E-1 3.29611E-1 3.70322E-1 3.19902E-1 2.50385E-1 3.73015E-1 4.86431E-1 4.12937E-1 3.9198E-1 4.07257E-1 5.43533E-1 4.94458E-1 3.55129E-1 4.05007E-1 3.18504E-1 4.37824E-1 4.76835E-1 4.62822E-1 4.21482E-1 5.78987E-1 3.63186E-1 4.64314E-2 8.51615E-2 1.59991E-1 4.0916E-1 5.01168E-1 6.85529E-1 4.66006E-1 2.45243E-1 1.88676E-1 2.04836E-1 2.33344E-1 3.70283E-1
-9999 -9999 -9999 -9999 -9999 -9999 -9999 -9999 -9999 -9999 -9999 -9999 -9999 -9999 -9999 -9999 -9999 -9999 -9999 -9999 -9999 -9999 -9999 2.97491E-2 -9999 -9999 -9999 -9999 -9999 -9999 6.14386E-1 2.85523E-1 3.40798E-1 3.60231E-1 3.22856E-1 2.4924E-1 4.09604E-1 4.01624E-1 2.82982E-1 3.40008E-1 3.69536E-1 3.0861E-1 3.47586E-1 4.36789E-1 4.33532E-1 4.1158E-1 4.6003E-1 4.88163E-1 4.62668E-1 5.35222E-1 4.31633E-1 4.3189E-1 5.28837E-1 4.8182E-1 2.48289E-1 1.15143E-1 9.37534E-2 1.41627E-1 3.0717E-1 6.13729E-1 5.56332E-1 4.43488E-1 3.62577E-1 4.47306E-1 3.50865E-1 4.16616E-1 3.21569E-1
-9999 -9999 -9999 -9999 -9999 -9999 -9999 -9999 -9999 -9999 -9999 -9999 -9999 -9999 -9999 -9999 -9999 -9999 -9999 -9999 -9999 -9999 -9999 -9999 -9999 -9999 -9999 -9999 -9999 -9999 -9999 2.98519E-1 4.8678E-1 4.59954E-1 4.10445E-1 2.86951E-1 4.75988E-1 3.4632E-1 2.75556E-1 2.36112E-1 2.9437E-1 2.08266E-1 3.47668E-1 3.65452E-1 4.60879E-1 5.79787E-1 4.19344E-1 5.74448E-1 6.2471E-1 4.63903E-1 4.47119E-1 5.13455E-1 6.29024E-1 4.19829E-1 3.26945E-1 1.96829E-1 4.46276E-2 1.32908E-1 5.00265E-1 6.51058E-1 4.77685E-1 4.95945E-1 3.97397E-1 3.45905E-1 2.52098E-1 2.41529E-1 2.5973E-1
-9999 -9999 -9999 -9999 -9999 -9999 -9999 -9999 -9999 -9999 -9999 -9999 -9999 -9999 -9999 -9999 -9999 -9999 -9999 -9999 -9999 -9999 -9999 -9999 -9999 -9999 -9999 -9999 -9999 -9999 -9999 5.36847E-1 6.49086E-1 5.69516E-1 6.74335E-1 5.36874E-1 4.32359E-1 3.08004E-1 3.04136E-1 2.48596E-1 2.8715E-1 3.36186E-1 3.77843E-1 3.39918E-1 5.15756E-1 3.86297E-1 2.34457E-1 3.42498E-1 4.3158E-1 5.304E-1 4.28309E-1 3.49525E-1 4.38403E-1 5.846E-1 4.75474E-1 2.69547E-1 7.51874E-2 1.98814E-1 3.30595E-1 3.55416E-1 3.70054E-1 3.74742E-1 3.86648E-1 2.40034E-1 3.24755E-1 2.42691E-1 2.68544E-1
-9999 -9999 -9999 -9999 -9999 -9999 -9999 -9999 -9999 -9999 -9999 -9999 -9999 -9999 -9999 -9999 -9999 -9999 -9999 -9999 -9999 -9999 -9999 -9999 -9999 -9999 -9999 -9999 -9999 -9999 -9999 -9999 -9999 6.55467E-1 7.03911E-1 4.06806E-1 3.21751E-1 2.10289E-1 2.50137E-1 2.65748E-1 4.97844E-1 5.59529E-1 4.79371E-1 4.5306E-1 4.35628E-1 3.54957E-1 2.32528E-1 3.42267E-1 3.05739E-1 3.05064E-1 3.57228E-1 4.43657E-1 3.77014E-1 4.84343E-1 6.54406E-1 5.15938E-1 6.9622E-2 1.62433E-1 2.46773E-1 2.35747E-1 1.53164E-1 3.99044E-1 6.11959E-1 3.84066E-1 2.31925E-1 4.18396E-1 2.70216E-1
-9999 -9999 -9999 -9999 -9999 -9999 -9999 -9999 -9999 -9999 -9999 -9999 -9999 -9999 -9999 -9999 -9999 -9999 -9999 -9999 -9999 -9999 -9999 -9999 -9999 -9999 -9999 -9999 -9999 -9999 -9999 -9999 -9999 5.56558E-1 6.47115E-1 4.33875E-1 3.36958E-1 1.65862E-1 3.18648E-1 4.49027E-1 3.61465E-1 6.0724E-1 5.63973E-1 2.99819E-1 2.53667E-1 3.10963E-1 3.40537E-1 4.23274E-1 4.63882E-1 4.89206E-1 5.02443E-1 3.68889E-1 5.6613E-1 5.36859E-1 7.18685E-1 4.97746E-1 7.0776E-2 1.35404E-1 2.46367E-1 2.01803E-1 3.93632E-1 5.58099E-1 3.45266E-1 2.79967E-1 4.08935E-1 2.93042E-1 3.34091E-1
-9999 -9999 -9999 -9999 -9999 -9999 -9999 -9999 -9999 -9999 -9999 -9999 -9999 -9999 -9999 -9999 -9999 -9999 -9999 -9999 -9999 -9999 -9999 -9999 -9999 -9999 -9999 -9999 -9999 -9999 -9999 -9999 -9999 -9999 3.67715E-1 4.78688E-1 3.06787E-1 2.73995E-1 4.01882E-1 5.19717E-1 5.03096E-1 5.55004E-1 5.7448E-1 3.39523E-1 4.10711E-1 3.43527E-1 4.33394E-1 2.95613E-1 4.31433E-1 5.47247E-1 3.64759E-1 4.23371E-1 4.62939E-1 4.60971E-1 6.72911E-1 5.67263E-1 1.47835E-1 1.3143E-1 3.73965E-1 3.09251E-1 4.5984E-1 4.77166E-1 4.36301E-1 3.27581E-1 2.39904E-1 5.26882E-1 3.63564E-1
-9999 -9999 -9999 -9999 -9999 -9999 -9999 -9999 -9999 -9999 -9999 -9999 -9999 -9999 -9999 -9999 -9999 -9999 -9999 -9999 -9999 -9999 -9999 -9999 -9999 -9999 -9999 -9999 -9999 -9999 -9999 -9999 -9999 -9999 3.19702E-1 3.12778E-1 2.73058E-1 4.18799E-1 3.53653E-1 5.59177E-1 6.2772E-1 5.05007E-1 5.31159E-1 4.84311E-1 4.08484E-1 4.36832E-1 3.70356E-1 2.85956E-1 4.0937E-1 4.3891E-1 5.47766E-1 4.42839E-1 3.53876E-1 4.55501E-1 5.75098E-1 4.55251E-1 8.62393E-2 1.72303E-1 3.55201E-1 3.446E-1 3.38994E-1 3.26345E-1 2.73128E-1 3.108E-1 6.03297E-1 3.68202E-1 1.7891E-1
-9999 -9999 -9999 -9999 -9999 -9999 -9999 -9999 -9999 -9999 -9999 -9999 -9999 -9999 -9999 -9999 -9999 -9999 -9999 -9999 -9999 -9999 -9999 -9999 -9999 -9999 -9999 -9999 -9999 -9999 -9999 -9999 -9999 -9999 3.78851E-1 4.14743E-1 4.6139E-1 2.77183E-1 2.67743E-1 5.24429E-1 5.52466E-1 5.68766E-1 4.74643E-1 5.15244E-1 3.77521E-1 3.97979E-1 3.34734E-1 4.11126E-1 6.96935E-1 7.02131E-1 4.34598E-1 4.46606E-1 4.12043E-1 4.35106E-1 5.67922E-1 4.14709E-1 9.72748E-2 1.50581E-1 2.00801E-1 3.55454E-1 3.41938E-1 3.93943E-1 4.43104E-1 2.34887E-1 5.00538E-1 3.62503E-1 2.16844E-1
-9999 -9999 -9999 -9999 -9999 -9999 -9999 -9999 -9999 -9999 -9999 -9999 -9999 -9999 -9999 -9999 -9999 -9999 -9999 -9999 -9999 -9999 -9999 -9999 -9999 -9999 -9999 -9999 -9999 -9999 -9999 -9999 -9999 -9999 7.22264E-1 3.4749E-1 3.34386E-1 3.73619E-1 2.83995E-1 3.49864E-1 4.05506E-1 5.45431E-1 4.94497E-1 4.25728E-1 4.03371E-1 3.43019E-1 3.86547E-1 5.69418E-1 5.01849E-1 3.72599E-1 4.14644E-1 4.27009E-1 4.38001E-1 4.12156E-1 5.18032E-1 4.14294E-1 7.74921E-2 7.54667E-2 1.22542E-1 2.12733E-1 3.00478E-1 3.86139E-1 2.33403E-1 3.67096E-1 2.78066E-1 3.18987E-1 2.57338E-1
-9999 -9999 -9999 -9999 -9999 -9999 -9999 -9999 -9999 -9999 -9999 -9999 -9999 -9999 -9999 -9999 -9999 -9999 -9999 -9999 -9999 -9999 -9999 -9999 -9999 -9999 -9999 -9999 -9999 -9999 -9999 -9999 -9999 -9999 5.78916E-1 3.04186E-1 2.42912E-1 1.99896E-1 2.07132E-1 3.8094E-1 3.97796E-1 4.64936E-1 4.92943E-1 6.90618E-1 5.6063E-1 3.86612E-1 2.74912E-1 3.57038E-1 5.21054E-1 3.25937E-1 2.21768E-1 2.73054E-1 3.01532E-1 3.78094E-1 4.08912E-1 3.55587E-1 7.45555E-2 6.21321E-2 1.29898E-1 2.63718E-1 2.08038E-1 2.48553E-1 3.806E-1 3.50869E-1 3.87595E-1 1.99936E-1 2.05008E-1
-9999 -9999 -9999 -9999 -9999 -9999 -9999 -9999 -9999 -9999 -9999 -9999 -9999 -9999 -9999 -9999 -9999 -9999 -9999 -9999 -9999 -9999 -9999 -9999 -9999 -9999 -9999 -9999 -9999 -9999 -9999 -9999 -9999 -9999 4.31033E-1 1.78312E-1 1.41579E-1 1.64797E-1 1.93968E-1 3.29282E-1 5.66899E-1 3.0252E-1 3.27832E-1 3.94858E-1 5.66721E-1 4.69699E-1 3.04885E-1 2.84793E-1 5.34179E-1 5.21985E-1 2.86381E-1 3.55966E-1 2.99664E-1 2.41929E-1 5.10174E-1 4.0242E-1 2.19532E-1 5.0308E-2 9.90656E-2 2.40678E-1 1.83097E-1 2.02432E-1 1.54615E-1 3.92344E-1 3.34832E-1 3.50375E-1 2.97127E-1
-9999 -9999 -9999 -9999 -9999 -9999 -9999 -9999 -9999 -9999 -9999 -9999 -9999 -9999 -9999 -9999 -9999 -9999 -9999 -9999 -9999 -9999 -9999 -9999 -9999 -9999 -9999 -9999 -9999 -9999 -9999 -9999 -9999 -9999 4.67106E-1 2.61958E-1 3.07565E-1 3.10188E-1 2.96313E-1 4.06343E-1 5.4207E-1 2.72173E-1 2.98891E-1 3.89776E-1 6.17665E-1 4.90981E-1 3.77857E-1 4.52293E-1 7.13742E-1 6.02605E-1 4.59283E-1 3.57683E-1 3.7229E-1 2.84337E-1 5.60445E-1 4.42163E-1 2.41281E-1 7.7636E-2 1.82798E-1 3.37471E-1 2.79237E-1 4.51747E-1 2.20101E-1 2.52585E-1 4.66687E-1 4.44264E-1 3.59241E-1
-9999 -9999 -9999 -9999 -9999 -9999 -9999 -9999 -9999 -9999 -9999 -9999 -9999 -9999 -9999 -9999 -9999 -9999 -9999 -9999 -9999 -9999 -9999 -9999 -9999 -9999 -9999 -9999 -9999 -9999 -9999 -9999 -9999 -9999 6.51259E-1 4.52054E-1 3.825E-1 3.72163E-1 4.07674E-1 4.4465E-1 5.39881E-1 3.67579E-1 3.39241E-1 4.33463E-1 4.57072E-1 2.91179E-1 3.52174E-1 5.36828E-1 6.83984E-1 5.61305E-1 4.51271E-1 4.90206E-1 3.16044E-1 2.80178E-1 4.13185E-1 4.61674E-1 2.81857E-1 1.37584E-1 1.19257E-1 1.86476E-1 2.04877E-1 1.71135E-1 1.41894E-1 3.68214E-1 3.86712E-1 3.88106E-1 2.42511E-1
-9999 -9999 -9999 -9999 -9999 -9999 -9999 -9999 -9999 -9999 -9999 -9999 -9999 -9999 -9999 -9999 -9999 -9999 -9999 -9999 -9999 -9999 -9999 -9999 -9999 -9999 -9999 -9999 -9999 -9999 -9999 -9999 -9999 -9999 2.79485E-1 3.94659E-1 4.06731E-1 3.89961E-1 3.59042E-1 4.96347E-1 6.60846E-1 3.96251E-1 2.9641E-1 4.38987E-1 3.83052E-1 2.97247E-1 2.33071E-1 3.58036E-1 3.25937E-1 3.0137E-1 3.25819E-1 4.2501E-1 3.03998E-1 2.99168E-1 3.42228E-1 6.74937E-1 5.59852E-1 1.06815E-1 5.37247E-2 7.94632E-2 3.03407E-1 3.00393E-1 3.20922E-1 3.39905E-1 2.08828E-1 2.35365E-1 2.6151E-1
-9999 -9999 -9999 -9999 -9999 -9999 -9999 -9999 -9999 -9999 -9999 -9999 -9999 -9999 -9999 -9999 -9999 -9999 -9999 -9999 -9999 -9999 -9999 -9999 -9999 -9999 -9999 -9999 -9999 -9999 -9999 -9999 -9999 -9999 2.36159E-1 2.1488E-1 2.78217E-1 3.11134E-1 4.26565E-1 5.60863E-1 2.56196E-1 3.32288E-1 3.00291E-1 4.32663E-1 4.44144E-1 3.2315E-1 2.12468E-1 3.31537E-1 4.55943E-1 5.44033E-1 4.03176E-1 3.41597E-1 3.71054E-1 5.1893E-1 4.61787E-1 5.52535E-1 5.38652E-1 3.42692E-1 5.56606E-2 9.7953E-2 1.95835E-1 1.40229E-1 3.1767E-1 3.55377E-1 2.4242E-1 3.62472E-1 2.42161E-1
-9999 -9999 -9999 -9999 -9999 -9999 -9999 -9999 -9999 -9999 -9999 -9999 -9999 -9999 -9999 -9999 -9999 -9999 -9999 -9999 -9999 -9999 -9999 -9999 -9999 -9999 -9999 -9999 -9999 -9999 -9999 -9999 -9999 1.75194E-1 2.37488E-1 2.12189E-1 3.36666E-1 3.39287E-1 3.68655E-1 5.08892E-1 2.35332E-1 4.5138E-1 6.19682E-1 5.93246E-1 4.44981E-1 2.67895E-1 1.73649E-1 1.97716E-1 5.42985E-1 7.08852E-1 5.98602E-1 5.058E-1 5.33383E-1 5.00386E-1 5.87097E-1 5.74137E-1 5.97763E-1 5.17947E-1 1.22642E-1 1.30783E-1 2.24916E-1 1.53673E-1 2.40939E-1 4.52081E-1 3.73864E-1 3.12523E-1 2.77606E-1
-9999 -9999 -9999 -9999 -9999 -9999 -9999 -9999 -9999 -9999 -9999 -9999 -9999 -9999 -9999 -9999 -9999 -9999 -9999 -9999 -9999 -9999 -9999 -9999 -9999 -9999 -9999 -9999 -9999 -9999 -9999 -9999 -9999 2.67852E-1 2.55108E-1 3.13743E-1 2.78665E-1 3.6121E-1 3.64245E-1 3.8366E-1 3.12915E-1 4.35885E-1 5.5147E-1 5.07892E-1 4.09368E-1 2.93391E-1 1.0787E-1 1.31875E-1 2.39781E-1 3.58057E-1 3.78469E-1 5.56643E-1 5.04604E-1 4.92799E-1 5.04452E-1 6.21139E-1 6.91481E-1 5.47378E-1 3.11939E-1 1.37195E-1 1.16904E-1 1.241E-1 2.58755E-1 2.13849E-1 1.6554E-1 1.67287E-1 3.2064E-1
-9999 -9999 -9999 -9999 -9999 -9999 -9999 -9999 -9999 -9999 -9999 -9999 -9999 -9999 -9999 -9999 -9999 -9999 -9999 -9999 -9999 -9999 -9999 -9999 -9999 -9999 -9999 -9999 -9999 -9999 -9999 -9999 -9999 1.81105E-1 2.95954E-1 3.08636E-1 4.66235E-1 2.82905E-1 3.95984E-1 4.09468E-1 3.58526E-1 3.35089E-1 5.58614E-1 3.39606E-1 2.88776E-1 1.84634E-1 2.03573E-1 3.39206E-1 3.86368E-1 3.81386E-1 4.13795E-1 6.77433E-1 5.17156E-1 4.42574E-1 6.03431E-1 6.29152E-1 6.41134E-1 5.13878E-1 4.91335E-1 1.49489E-1 1.6201E-1 2.68516E-1 2.96753E-1 2.44822E-1 3.62703E-1 2.53464E-1 1.88823E-1
-9999 -9999 -9999 -9999 -9999 -9999 -9999 -9999 -9999 -9999 -9999 -9999 -9999 -9999 -9999 -9999 -9999 -9999 -9999 -9999 -9999 -9999 -9999 -9999 -9999 -9999 -9999 -9999 -9999 -9999 -9999 -9999 1.93822E-1 2.27671E-1 1.89712E-1 2.7066E-1 4.71053E-1 2.83596E-1 2.3942E-1 3.32426E-1 3.14603E-1 3.47023E-1 4.38668E-1 4.55604E-1 3.83683E-1 2.10153E-1 1.47919E-1 2.0983E-1 4.75919E-1 2.48612E-1 2.55061E-1 3.37599E-1 3.10273E-1 6.35165E-1 6.9296E-1 5.77459E-1 7.49106E-1 7.32498E-1 6.80006E-1 1.6831E-1 1.78121E-1 3.07118E-1 5.29354E-1 2.31774E-1 2.4471E-1 3.55998E-1 2.13294E-1
-9999 -9999 -9999 -9999 -9999 -9999 -9999 -9999 -9999 -9999 -9999 -9999 -9999 -9999 -9999 -9999 -9999 -9999 -9999 -9999 -9999 -9999 -9999 -9999 -9999 -9999 -9999 -9999 -9999 -9999 -9999 -9999 1.75199E-1 1.57924E-1 1.91678E-1 2.35021E-1 2.48558E-1 2.79824E-1 1.86677E-1 2.32545E-1 1.78053E-1 2.9799E-1 3.66824E-1 4.18757E-1 2.37353E-1 1.39863E-1 1.46712E-1 1.78838E-1 3.48559E-1 2.56915E-1 2.49523E-1 3.16891E-1 3.68753E-1 7.66786E-1 7.28106E-1 5.71054E-1 5.90734E-1 6.97393E-1 6.54066E-1 2.05441E-1 2.56688E-1 5.00866E-1 4.19374E-1 2.96426E-1 1.81669E-1 2.28929E-1 1.28226E-1
-9999 -9999 -9999 -9999 -9999 -9999 -9999 -9999 -9999 -9999 -9999 -9999 -9999 -9999 -9999 -9999 -9999 -9999 -9999 -9999 -9999 -9999 -9999 -9999 -9999 -9999 -9999 -9999 -9999 -9999 -9999 2.32407E-1 1.87901E-1 1.96909E-1 2.84001E-1 2.37565E-1 1.82117E-1 3.07705E-1 2.9128E-1 2.531E-1 2.34173E-1 1.6138E-1 1.33582E-1 1.12943E-1 8.77181E-2 1.05126E-1 4.66953E-2 8.65986E-2 2.64926E-1 4.40999E-1 3.99231E-1 3.4435E-1 3.73919E-1 4.73928E-1 5.82046E-1 4.34102E-1 5.86292E-1 5.67547E-1 5.88234E-1 4.44023E-1 7.62011E-1 6.90823E-1 4.60661E-1 3.11694E-1 1.04314E-1 1.17015E-1 1.78579E-1
-9999 -9999 -9999 -9999 -9999 -9999 -9999 -9999 -9999 -9999 -9999 -9999 -9999 -9999 -9999 -9999 -9999 -9999 -9999 -9999 -9999 -9999 -9999 -9999 -9999 -9999 -9999 -9999 -9999 -9999 -9999 1.99175E-1 1.67072E-1 1.82248E-1 2.25491E-1 2.30189E-1 3.01584E-1 1.71916E-1 1.31847E-1 1.88646E-1 1.70193E-1 1.9122E-1 1.57756E-1 1.37199E-1 7.02255E-2 6.83925E-2 1.43629E-1 1.11799E-1 2.14457E-1 3.90767E-1 3.18683E-1 2.48229E-1 3.50866E-1 4.16543E-1 4.17936E-1 4.40672E-1 6.08357E-1 4.31488E-1 6.6447E-1 4.17437E-1 6.10536E-1 5.71869E-1 4.83483E-1 3.06158E-1 2.89152E-1 3.67362E-1 2.06977E-1
