ENM/Final_Models/M_0.9_F_q_Set_1_NE/Gustavia_santanderiensis_Choco_max.asc
ncols         367
nrows         963
xllcorner     -78.6
yllcorner     0.65
cellsize      0.00833333333333323
NODATA_value  -9999
[rows 70 to 104 of 963, columns 234 to 311 of 367]
-9999 -9999 -9999 -9999 -9999 -9999 -9999 -9999 2.93598E-1 3.14435E-1 2.18377E-1 4.55552E-1 3.16507E-1 2.31165E-1 1.35638E-1 3.55596E-2 5.60863E-2 1.01355E-1 1.47285E-1 9.21648E-2 8.81476E-2 7.06274E-2 6.05748E-2 9.63655E-2 5.9311E-2 4.94573E-2 1.87799E-2 3.16363E-2 -9999 -9999 -9999 -9999 -9999 -9999 -9999 -9999 -9999 -9999 -9999 -9999 -9999 -9999 -9999 -9999 -9999 -9999 -9999 -9999 -9999 -9999 -9999 -9999 -9999 -9999 -9999 -9999 -9999 -9999 -9999 -9999 -9999 -9999 -9999 -9999 -9999 -9999 -9999 7.00228E-2 3.29286E-2 2.78976E-2 3.37437E-2 8.1777E-2 -9999 -9999 -9999 3.77489E-3 6.44081E-3 -9999
-9999 -9999 -9999 -9999 -9999 -9999 -9999 -9999 -9999 -9999 4.23374E-1 3.49995E-1 3.27107E-1 2.53064E-1 3.05335E-1 3.64798E-1 9.10544E-2 6.03571E-2 9.39425E-2 4.11583E-2 4.5516E-2 6.86916E-2 1.04908E-1 9.18117E-2 1.3557E-1 9.70048E-2 1.5359E-2 2.34365E-2 7.99894E-2 -9999 -9999 -9999 -9999 -9999 -9999 -9999 -9999 -9999 -9999 -9999 -9999 -9999 -9999 -9999 -9999 -9999 -9999 -9999 -9999 -9999 -9999 -9999 -9999 -9999 -9999 -9999 -9999 -9999 -9999 -9999 -9999 -9999 -9999 -9999 -9999 -9999 -9999 1.1673E-1 3.7668E-2 2.12181E-2 2.96105E-2 4.72785E-2 -9999 -9999 5.33814E-2 4.15665E-2 3.86771E-2 -9999
-9999 -9999 -9999 -9999 -9999 -9999 -9999 -9999 -9999 -9999 2.995E-1 2.89819E-1 2.44158E-1 1.58887E-1 2.72713E-1 -9999 -9999 7.32063E-2 4.23298E-2 5.79718E-2 8.65261E-2 8.09063E-2 3.86506E-2 7.74209E-2 1.33108E-1 9.17104E-2 2.83061E-2 1.14035E-2 2.94191E-2 4.49351E-2 -9999 -9999 -9999 -9999 -9999 -9999 -9999 -9999 -9999 -9999 -9999 -9999 -9999 -9999 -9999 -9999 -9999 -9999 -9999 -9999 -9999 -9999 -9999 -9999 -9999 -9999 -9999 -9999 -9999 -9999 -9999 -9999 -9999 -9999 -9999 -9999 -9999 1.74725E-1 5.52135E-2 6.70795E-2 6.27515E-2 1.97671E-2 -9999 -9999 8.39619E-2 1.20586E-2 1.22748E-2 1.12108E-1
-9999 -9999 -9999 -9999 -9999 -9999 -9999 -9999 -9999 -9999 -9999 3.34808E-1 3.15002E-1 4.37787E-1 1.58924E-1 -9999 -9999 2.67223E-1 1.11852E-1 7.43155E-2 2.43893E-2 4.23674E-2 1.00817E-1 8.90917E-2 1.00872E-1 3.67671E-2 3.65005E-2 4.96809E-2 4.99837E-2 2.445E-1 2.57821E-1 -9999 -9999 -9999 -9999 -9999 -9999 -9999 -9999 -9999 -9999 -9999 -9999 -9999 -9999 -9999 -9999 -9999 -9999 -9999 -9999 -9999 -9999 -9999 -9999 -9999 -9999 -9999 -9999 -9999 -9999 -9999 -9999 -9999 -9999 -9999 -9999 1.61152E-1 2.63379E-2 3.17254E-1 2.62759E-1 9.80089E-2 -9999 -9999 8.96672E-2 5.87901E-2 7.00674E-2 1.27442E-1
-9999 -9999 -9999 -9999 -9999 -9999 -9999 -9999 -9999 -9999 -9999 -9999 -9999 -9999 -9999 -9999 -9999 1.18273E-1 4.33023E-1 3.87211E-1 2.22663E-1 8.47757E-2 9.59541E-2 1.14318E-1 1.29699E-1 1.41071E-1 1.57172E-1 5.66425E-2 1.24923E-1 1.82916E-1 -9999 -9999 -9999 -9999 -9999 -9999 -9999 -9999 -9999 -9999 -9999 -9999 -9999 -9999 -9999 -9999 -9999 -9999 -9999 -9999 -9999 -9999 -9999 -9999 -9999 -9999 -9999 -9999 -9999 -9999 -9999 -9999 -9999 -9999 -9999 3.28362E-2 2.67786E-2 2.39761E-2 8.48485E-2 9.13706E-2 7.43491E-2 2.66834E-2 -9999 2.57768E-2 8.73828E-2 7.62924E-2 1.94075E-1 1.29291E-1
-9999 -9999 -9999 -9999 -9999 -9999 -9999 -9999 -9999 -9999 -9999 -9999 -9999 -9999 -9999 -9999 -9999 -9999 3.8871E-1 3.64901E-1 6.59802E-2 9.48255E-2 1.74796E-1 2.02043E-1 1.32678E-1 1.99914E-1 1.63076E-1 6.46892E-2 2.56473E-1 5.159E-1 -9999 -9999 -9999 -9999 -9999 -9999 -9999 -9999 -9999 -9999 -9999 -9999 -9999 -9999 -9999 -9999 -9999 -9999 -9999 -9999 -9999 -9999 -9999 -9999 -9999 -9999 -9999 -9999 -9999 -9999 -9999 -9999 -9999 -9999 2.26637E-2 3.0974E-2 3.4977E-2 3.47121E-2 4.29635E-2 8.59943E-2 6.33978E-2 2.78775E-2 2.50225E-2 4.35229E-2 1.28939E-1 9.30693E-2 2.92501E-1 1.75586E-1
-9999 -9999 -9999 -9999 -9999 -9999 -9999 -9999 -9999 -9999 -9999 5.33854E-1 4.175E-1 4.70791E-1 3.04991E-1 -9999 -9999 -9999 6.8058E-1 5.61135E-1 3.38655E-1 2.53985E-2 1.39455E-1 4.86581E-2 5.5024E-2 1.61483E-1 1.05947E-1 1.0529E-1 7.56113E-2 -9999 -9999 -9999 -9999 -9999 -9999 -9999 -9999 -9999 -9999 -9999 -9999 -9999 -9999 -9999 -9999 -9999 -9999 -9999 -9999 -9999 -9999 -9999 -9999 -9999 -9999 -9999 -9999 -9999 -9999 -9999 -9999 -9999 -9999 -9999 2.54448E-2 3.38424E-2 3.49397E-2 5.20948E-2 8.05584E-2 1.92768E-1 7.59924E-2 3.24797E-2 3.54174E-2 9.06336E-2 1.2692E-1 2.65998E-1 1.67578E-1 1.90808E-1
-9999 -9999 -9999 -9999 -9999 -9999 -9999 -9999 -9999 -9999 -9999 4.09809E-1 4.12705E-1 2.49658E-1 3.58329E-1 2.20274E-1 -9999 -9999 3.64577E-1 2.62641E-1 1.32834E-1 4.85651E-2 1.04269E-1 1.31776E-1 9.24585E-2 1.60557E-1 1.02969E-1 9.14419E-2 6.29711E-2 -9999 -9999 -9999 -9999 -9999 -9999 -9999 -9999 -9999 -9999 -9999 -9999 -9999 -9999 -9999 -9999 -9999 -9999 -9999 -9999 -9999 -9999 -9999 -9999 -9999 -9999 -9999 -9999 -9999 3.55587E-2 4.56571E-2 1.0316E-2 2.03421E-2 4.3986E-2 1.32163E-1 1.01137E-1 7.68943E-2 8.92678E-2 4.67029E-2 1.32136E-1 8.69363E-2 5.58752E-2 2.11707E-2 1.5984E-2 7.05768E-2 5.70108E-2 4.37428E-2 1.19119E-1 1.00912E-1
-9999 -9999 -9999 -9999 -9999 -9999 -9999 -9999 -9999 -9999 -9999 -9999 8.28166E-2 1.69215E-1 1.44696E-1 2.60024E-1 -9999 -9999 4.27087E-1 2.54502E-1 4.08511E-1 6.39166E-2 2.69844E-2 1.52228E-1 2.31149E-1 1.11442E-1 1.74317E-1 1.48543E-1 -9999 -9999 -9999 -9999 -9999 -9999 -9999 -9999 -9999 -9999 -9999 -9999 -9999 -9999 -9999 -9999 -9999 -9999 -9999 -9999 -9999 -9999 -9999 -9999 -9999 -9999 -9999 -9999 -9999 -9999 3.1382E-2 2.57729E-2 1.93368E-2 1.98488E-2 3.73485E-2 3.532E-2 3.78052E-2 4.00267E-2 7.08824E-2 7.14054E-2 1.67383E-1 4.38863E-2 2.00134E-2 2.0115E-2 2.90542E-2 6.35264E-2 6.08495E-2 1.19803E-1 1.51255E-1 2.13332E-1
-9999 -9999 -9999 -9999 -9999 -9999 -9999 -9999 -9999 -9999 -9999 -9999 4.82882E-2 8.81441E-2 1.44405E-1 2.40773E-1 -9999 -9999 4.9802E-1 3.21793E-1 3.25405E-1 1.61497E-1 2.33053E-1 5.87873E-1 6.8872E-1 2.4404E-1 1.59768E-1 1.49104E-1 -9999 -9999 -9999 -9999 -9999 -9999 -9999 -9999 -9999 -9999 -9999 -9999 -9999 -9999 -9999 -9999 -9999 -9999 -9999 -9999 -9999 -9999 -9999 -9999 -9999 -9999 -9999 -9999 -9999 1.15785E-2 1.11675E-2 2.88809E-2 1.38832E-2 4.49826E-2 5.68314E-2 3.89575E-2 7.44331E-2 5.70995E-2 5.10436E-2 1.07532E-1 4.0552E-2 3.32394E-2 2.00171E-2 1.47745E-2 2.66584E-2 1.01547E-1 1.31686E-1 1.4455E-1 1.2217E-1 1.49299E-1
-9999 -9999 -9999 -9999 -9999 -9999 -9999 -9999 -9999 -9999 -9999 6.58581E-1 1.09171E-1 9.31948E-2 6.61319E-2 1.13851E-1 2.87092E-1 -9999 2.25845E-1 1.55074E-1 1.61542E-1 1.38987E-1 3.44835E-1 1.48061E-1 2.76383E-1 2.74319E-1 5.0664E-1 3.84454E-1 2.27858E-1 -9999 -9999 -9999 -9999 -9999 -9999 -9999 -9999 -9999 -9999 -9999 -9999 -9999 -9999 -9999 -9999 -9999 -9999 -9999 -9999 -9999 -9999 -9999 -9999 -9999 -9999 6.31614E-2 2.37154E-2 3.08515E-2 8.12555E-3 1.47482E-2 9.94647E-3 3.56775E-2 8.66933E-2 1.38245E-1 5.76178E-2 4.24291E-2 7.5619E-2 1.66506E-1 7.66162E-2 2.3611E-2 2.82857E-2 2.72992E-2 4.26205E-2 2.01518E-2 4.35354E-2 2.91505E-1 4.19306E-1 3.56542E-1
-9999 -9999 -9999 -9999 -9999 -9999 -9999 -9999 -9999 7.43413E-1 -9999 4.52365E-1 4.70876E-1 3.0763E-1 1.09649E-1 1.52978E-1 2.36183E-1 -9999 2.72388E-1 1.55911E-1 2.10777E-1 1.40717E-1 3.02998E-1 3.30011E-1 4.83842E-1 3.93171E-1 3.42278E-1 2.82121E-1 3.36616E-1 -9999 -9999 -9999 -9999 -9999 -9999 -9999 -9999 -9999 -9999 -9999 -9999 -9999 -9999 -9999 -9999 -9999 -9999 -9999 -9999 -9999 -9999 -9999 -9999 4.29647E-2 5.57966E-2 6.46783E-2 2.05715E-2 1.51146E-2 5.35569E-3 1.02547E-2 2.65881E-2 1.8507E-2 2.42608E-2 1.84206E-2 1.25506E-1 5.80638E-2 5.60661E-2 2.00737E-1 5.64268E-2 9.81718E-2 4.90117E-2 2.10376E-2 3.0353E-2 4.73122E-2 5.99676E-2 1.34173E-1 2.32465E-1 3.41831E-1
-9999 -9999 -9999 -9999 -9999 -9999 -9999 -9999 -9999 6.47485E-1 4.17255E-1 -9999 3.57215E-1 2.62969E-1 3.21136E-1 2.60212E-1 2.73852E-1 5.23611E-1 3.3223E-1 2.70706E-1 4.50306E-1 2.52232E-1 1.28216E-1 2.62143E-1 3.12221E-1 4.35195E-1 3.8672E-1 2.74834E-1 3.45567E-1 3.04102E-1 -9999 -9999 -9999 -9999 -9999 -9999 -9999 -9999 -9999 -9999 -9999 -9999 -9999 -9999 -9999 -9999 -9999 -9999 -9999 -9999 -9999 -9999 2.35381E-2 5.74661E-2 2.75238E-2 4.95668E-2 5.72327E-2 7.90644E-2 1.4742E-1 7.64048E-2 3.47045E-2 2.96291E-2 4.40191E-2 2.49062E-1 2.68541E-1 3.37824E-1 3.31864E-1 1.12313E-1 8.65457E-2 1.21376E-1 7.04884E-2 7.67269E-2 3.54296E-2 1.80269E-2 4.70384E-2 2.29727E-2 1.65004E-1 3.85072E-1
-9999 -9999 -9999 -9999 -9999 -9999 -9999 -9999 -9999 5.24851E-1 3.95473E-1 7.572E-1 4.78146E-1 1.54427E-1 1.00099E-1 1.28698E-1 1.65302E-1 4.6775E-1 4.41839E-1 6.60534E-1 4.59685E-1 2.77971E-1 1.36E-1 2.16316E-1 3.11224E-1 3.32815E-1 4.06787E-1 2.47595E-1 3.6106E-1 2.93258E-1 -9999 -9999 -9999 -9999 -9999 -9999 -9999 -9999 -9999 -9999 -9999 -9999 -9999 -9999 -9999 -9999 -9999 -9999 -9999 -9999 -9999 2.41635E-2 3.23356E-2 2.76749E-2 8.7579E-2 1.89937E-1 2.31994E-1 3.48428E-1 9.29924E-2 1.35561E-1 2.12515E-1 1.52654E-1 1.00049E-1 2.44054E-1 7.25848E-1 3.05193E-1 1.7947E-1 6.32071E-2 1.25561E-1 1.27801E-1 2.36236E-1 3.7147E-2 2.06283E-2 3.8977E-2 3.20316E-2 1.95202E-2 5.77147E-2 1.76161E-1
-9999 -9999 -9999 -9999 -9999 -9999 -9999 -9999 4.62811E-1 3.17413E-1 3.21808E-1 5.91398E-1 6.29326E-1 4.44504E-1 1.15076E-1 1.23204E-1 1.81621E-1 3.16323E-1 5.10699E-1 4.18697E-1 5.69749E-1 3.66431E-1 1.21523E-1 1.21109E-1 2.40287E-1 4.35163E-1 3.35175E-1 1.81448E-1 2.63803E-1 -9999 -9999 -9999 -9999 -9999 -9999 -9999 -9999 -9999 -9999 -9999 -9999 -9999 -9999 -9999 -9999 -9999 -9999 -9999 -9999 -9999 -9999 1.54557E-2 4.13433E-2 2.09037E-2 1.06207E-1 1.78013E-1 4.57443E-1 6.26913E-1 3.84981E-1 3.55313E-1 1.36625E-1 1.28762E-1 2.1179E-1 3.45215E-1 5.39737E-1 2.61085E-1 1.96784E-1 1.08594E-1 7.20167E-2 1.33684E-1 1.09501E-1 4.76203E-2 2.24545E-2 1.03977E-2 1.29327E-2 9.4754E-3 3.39755E-2 8.94145E-2
-9999 -9999 -9999 -9999 -9999 -9999 -9999 -9999 -9999 -9999 -9999 -9999 6.04154E-1 4.4747E-1 2.24397E-1 2.7406E-1 1.70801E-1 2.32113E-1 5.05752E-1 4.13282E-1 4.3074E-1 3.63579E-1 1.56495E-1 2.59954E-1 2.88311E-1 4.15919E-1 4.00783E-1 2.49033E-1 2.88272E-1 -9999 -9999 -9999 -9999 -9999 -9999 -9999 -9999 -9999 -9999 -9999 -9999 -9999 -9999 -9999 -9999 -9999 -9999 -9999 -9999 -9999 -9999 -9999 2.29213E-2 5.4734E-2 1.47132E-1 3.00745E-1 7.446E-1 6.97847E-1 4.83678E-1 6.38021E-1 4.11834E-1 2.2863E-1 4.30404E-1 6.30125E-1 6.22514E-1 2.93553E-1 3.04706E-1 2.03593E-1 1.31608E-1 1.50155E-1 1.65184E-1 1.11706E-1 8.50396E-2 9.59131E-2 3.27975E-2 4.33322E-3 2.39686E-3 4.04501E-2
-9999 -9999 -9999 -9999 -9999 -9999 -9999 -9999 -9999 -9999 -9999 6.07059E-1 6.71493E-1 6.02201E-1 2.58062E-1 9.65503E-2 1.02039E-1 2.07514E-1 2.08585E-1 4.48088E-1 6.29496E-1 5.52909E-1 3.98389E-1 3.63581E-1 3.58274E-1 5.2894E-1 3.64493E-1 2.08247E-1 2.65657E-1 -9999 -9999 -9999 -9999 -9999 -9999 -9999 -9999 -9999 -9999 -9999 -9999 -9999 -9999 -9999 -9999 -9999 -9999 -9999 -9999 -9999 -9999 -9999 -9999 1.16208E-1 2.07579E-1 4.48949E-1 8.94377E-1 8.34642E-1 6.74959E-1 4.14356E-1 3.78327E-1 4.33754E-1 5.49477E-1 7.30134E-1 8.16922E-1 5.51097E-1 2.21698E-1 1.21836E-1 2.8031E-1 3.60794E-1 4.19408E-1 3.58798E-1 1.31178E-1 1.20158E-1 4.41748E-2 2.8508E-2 1.9412E-2 1.07582E-1
-9999 -9999 -9999 -9999 -9999 -9999 -9999 -9999 -9999 -9999 5.22317E-1 6.27221E-1 5.31958E-1 3.72229E-1 1.89065E-1 1.2332E-1 1.55156E-1 1.00354E-1 2.4354E-1 4.84185E-1 3.97006E-1 3.82717E-1 2.73024E-1 1.95081E-1 3.33761E-1 3.34049E-1 4.04277E-1 3.57099E-1 -9999 -9999 -9999 -9999 -9999 -9999 -9999 -9999 -9999 -9999 -9999 -9999 -9999 -9999 -9999 -9999 -9999 -9999 -9999 -9999 -9999 -9999 -9999 -9999 -9999 -9999 1.13709E-1 2.4371E-1 2.85491E-1 4.92047E-1 5.91366E-1 3.76252E-1 4.18423E-1 2.94652E-1 4.56196E-1 6.36477E-1 4.04354E-1 3.57969E-1 3.00877E-1 2.21968E-1 5.16003E-2 2.30887E-1 4.25963E-1 5.65549E-1 3.99252E-1 5.22846E-1 4.34736E-1 2.71109E-1 1.29628E-1 1.19712E-1
-9999 -9999 -9999 -9999 -9999 -9999 -9999 -9999 -9999 -9999 -9999 4.68825E-1 5.67982E-1 1.9562E-1 1.45312E-1 2.20477E-1 2.80585E-1 2.00074E-1 1.45179E-1 3.80627E-1 4.36002E-1 3.45717E-1 3.97508E-1 1.49661E-1 2.59414E-1 5.2406E-1 4.79777E-1 5.49213E-1 -9999 -9999 -9999 -9999 -9999 -9999 -9999 -9999 -9999 -9999 -9999 -9999 -9999 -9999 -9999 -9999 -9999 -9999 -9999 -9999 -9999 -9999 -9999 -9999 -9999 -9999 2.39599E-1 9.38705E-2 2.15072E-1 1.39916E-1 1.33634E-1 2.10832E-1 2.18999E-1 3.75712E-1 5.13662E-1 4.1115E-1 4.07498E-1 3.22267E-1 1.9623E-1 1.87973E-1 1.45303E-1 1.35653E-1 5.75993E-2 8.2747E-2 1.52781E-1 1.47991E-1 5.30541E-1 4.28453E-1 2.49349E-1 4.26419E-2
-9999 -9999 -9999 -9999 -9999 -9999 -9999 -9999 -9999 -9999 3.85644E-1 3.16524E-1 3.76269E-1 1.47531E-1 5.59058E-2 9.82936E-2 9.45276E-2 2.64874E-1 1.38807E-1 4.02745E-1 4.08793E-1 5.57906E-1 4.54366E-1 2.96405E-1 4.53363E-1 7.27593E-1 4.25996E-1 -9999 -9999 -9999 -9999 -9999 -9999 -9999 -9999 -9999 -9999 -9999 -9999 -9999 -9999 -9999 -9999 -9999 -9999 -9999 -9999 6.27435E-3 7.14566E-3 9.49217E-3 3.65434E-2 6.71291E-2 -9999 -9999 6.17582E-2 2.2549E-1 1.2872E-1 6.92839E-2 6.03657E-2 1.11109E-1 1.36692E-1 2.21879E-1 3.93692E-1 4.2969E-1 5.21839E-1 4.87214E-1 6.31307E-2 4.29136E-2 1.38823E-1 1.53107E-1 1.83394E-1 4.85311E-2 1.76652E-1 2.7474E-1 3.83345E-1 2.88504E-1 1.58646E-1 1.79905E-2
-9999 -9999 -9999 -9999 -9999 -9999 -9999 -9999 -9999 2.51695E-1 2.34181E-1 3.68492E-1 2.26065E-1 1.00819E-1 8.07834E-2 7.70959E-2 9.43025E-2 1.69106E-1 1.24629E-1 3.76089E-1 3.03613E-1 4.20018E-1 4.39092E-1 6.2958E-1 5.54616E-1 5.52238E-1 4.63558E-1 -9999 -9999 -9999 -9999 -9999 -9999 -9999 -9999 -9999 -9999 -9999 -9999 -9999 -9999 -9999 -9999 -9999 -9999 -9999 -9999 -9999 2.81194E-2 1.85519E-2 1.1116E-2 8.456E-2 6.99183E-2 1.73127E-1 1.54861E-1 6.10918E-2 1.12425E-1 5.99389E-2 1.86601E-1 1.44267E-1 1.47014E-1 2.15112E-1 3.0596E-1 4.96886E-1 3.15542E-1 3.95445E-1 1.82235E-1 4.50234E-2 1.39985E-1 1.67955E-2 1.11028E-1 5.94295E-2 1.77022E-1 3.36121E-1 5.0262E-1 3.25724E-1 2.36118E-1 2.11106E-2
-9999 -9999 -9999 -9999 -9999 -9999 -9999 -9999 -9999 2.77732E-1 2.77657E-1 3.46375E-1 2.74748E-1 1.55954E-1 8.91278E-2 9.3246E-2 9.63063E-2 1.75727E-1 1.59739E-1 2.9907E-1 4.57876E-1 4.50104E-1 3.31528E-1 6.07028E-1 6.84906E-1 5.19318E-1 -9999 -9999 -9999 -9999 -9999 -9999 -9999 -9999 -9999 -9999 -9999 -9999 -9999 -9999 -9999 -9999 -9999 -9999 -9999 -9999 -9999 -9999 2.22708E-2 4.71138E-2 4.09924E-2 4.275E-2 4.03399E-2 5.15134E-2 1.11255E-1 6.01018E-2 9.14689E-2 1.01251E-1 1.59011E-1 1.80648E-1 2.55862E-1 3.72682E-1 5.68254E-1 6.89478E-1 3.12949E-1 3.42429E-1 3.62825E-1 1.93889E-1 2.48229E-2 6.46533E-2 1.49779E-2 4.44604E-2 9.43779E-2 1.59589E-1 5.0933E-1 4.30118E-1 1.91335E-1 4.25671E-2
-9999 -9999 -9999 -9999 -9999 -9999 -9999 -9999 -9999 2.30259E-1 1.86568E-1 4.21091E-1 3.65898E-1 1.11974E-1 6.47261E-2 6.19076E-2 7.00998E-2 1.32196E-1 1.92878E-1 2.37088E-1 4.58064E-1 4.29245E-1 5.33076E-1 5.12527E-1 1.70179E-1 2.59053E-1 -9999 -9999 -9999 -9999 -9999 -9999 -9999 -9999 -9999 -9999 -9999 -9999 -9999 -9999 -9999 -9999 -9999 -9999 -9999 -9999 -9999 -9999 1.36163E-1 2.17744E-1 8.96738E-2 2.72292E-1 6.39961E-2 2.1965E-1 1.51148E-1 1.03377E-1 2.55406E-1 3.13841E-1 5.0763E-1 5.39575E-1 5.78758E-1 5.28495E-1 6.32642E-1 5.21155E-1 3.7452E-1 3.99782E-1 3.91576E-1 4.11117E-1 1.61663E-1 2.37045E-2 9.73521E-2 9.54684E-2 2.70219E-1 1.91995E-1 1.90717E-1 2.5163E-1 2.00848E-1 8.2317E-2
-9999 -9999 -9999 -9999 -9999 -9999 -9999 -9999 -9999 1.99165E-1 1.98471E-1 4.11003E-1 3.78974E-1 2.50935E-1 1.58036E-1 1.64267E-1 9.52603E-2 1.05781E-1 2.76447E-1 2.03347E-1 2.56881E-1 5.88771E-1 3.181E-1 2.57892E-1 1.43601E-1 -9999 -9999 -9999 -9999 -9999 -9999 -9999 -9999 -9999 -9999 -9999 -9999 -9999 -9999 -9999 -9999 -9999 -9999 -9999 -9999 -9999 -9999 -9999 2.82837E-1 2.51926E-1 2.63561E-1 1.28393E-1 2.59457E-1 4.9976E-1 2.39196E-1 6.05133E-1 5.63574E-1 6.28195E-1 7.60675E-1 8.00481E-1 8.14717E-1 7.96454E-1 5.68559E-1 4.39256E-1 6.83359E-1 5.73187E-1 3.53761E-1 2.17929E-1 2.18281E-1 1.27794E-1 6.4109E-2 2.60856E-1 2.02372E-1 3.40562E-1 2.42592E-1 3.0686E-1 2.68293E-1 1.03671E-1
-9999 -9999 -9999 -9999 -9999 -9999 -9999 -9999 3.28796E-1 -9999 4.33904E-1 4.22881E-1 5.62656E-1 2.16601E-1 2.26348E-1 1.88053E-1 2.42753E-1 1.64245E-1 2.4777E-1 2.13927E-1 3.30013E-1 4.68895E-1 2.08693E-1 2.16381E-1 2.89658E-1 -9999 -9999 -9999 -9999 -9999 -9999 -9999 -9999 -9999 -9999 -9999 -9999 -9999 -9999 -9999 -9999 -9999 -9999 -9999 -9999 -9999 -9999 -9999 1.21257E-1 2.88244E-1 3.0485E-1 2.36196E-1 1.2962E-1 3.89072E-1 3.63581E-1 3.71284E-1 4.99395E-1 5.39153E-1 5.38379E-1 5.53722E-1 7.9823E-1 7.89716E-1 7.14065E-1 6.36719E-1 7.30967E-1 4.83256E-1 4.13817E-1 4.52594E-1 3.63988E-1 3.51952E-1 1.53923E-1 6.12228E-2 8.07794E-2 1.39881E-1 9.67917E-2 9.12222E-2 7.77541E-2 2.38904E-2
-9999 -9999 -9999 -9999 -9999 -9999 -9999 -9999 -9999 -9999 8.76982E-1 6.40756E-1 3.03042E-1 3.08932E-1 1.75759E-1 1.17007E-1 1.31259E-1 1.80185E-1 2.019E-1 1.16472E-1 2.57296E-1 2.08249E-1 2.82846E-1 2.6538E-1 2.98814E-1 -9999 -9999 -9999 -9999 -9999 -9999 -9999 -9999 -9999 -9999 -9999 -9999 -9999 -9999 -9999 -9999 -9999 -9999 -9999 -9999 -9999 -9999 -9999 -9999 -9999 1.14534E-1 1.87493E-1 -9999 2.43566E-1 2.68297E-1 2.69576E-1 2.76493E-1 5.96897E-1 4.05736E-1 5.34405E-1 7.03279E-1 5.21262E-1 7.75762E-1 6.77049E-1 5.58715E-1 7.41772E-1 7.87448E-1 7.33991E-1 6.98907E-1 4.18731E-1 1.2132E-1 2.22676E-2 1.3794E-2 4.25216E-2 4.01103E-2 4.90232E-2 5.78272E-2 3.13617E-2
-9999 -9999 -9999 -9999 -9999 -9999 -9999 -9999 -9999 -9999 7.49214E-1 5.93367E-1 3.12675E-1 1.98512E-1 1.02917E-1 6.14035E-2 8.66652E-2 1.38338E-1 1.22035E-1 1.20506E-1 1.44521E-1 1.77236E-1 3.33643E-1 3.43837E-1 3.40553E-1 -9999 -9999 -9999 -9999 -9999 -9999 -9999 -9999 -9999 -9999 -9999 -9999 -9999 -9999 -9999 -9999 -9999 -9999 -9999 -9999 -9999 -9999 -9999 -9999 -9999 -9999 -9999 -9999 1.78356E-1 2.42087E-1 2.12893E-1 2.85464E-1 3.41213E-1 4.11438E-1 8.32546E-1 7.81629E-1 7.53932E-1 3.83351E-1 4.24362E-1 5.42345E-1 7.22836E-1 7.33672E-1 8.3338E-1 7.65231E-1 4.35901E-1 3.71013E-2 1.17991E-2 7.84611E-3 3.38618E-3 4.81161E-3 5.75778E-3 3.68023E-2 1.18634E-2
-9999 -9999 -9999 -9999 -9999 -9999 -9999 -9999 -9999 9.51657E-1 5.70079E-1 4.16625E-1 6.06889E-1 2.62671E-1 1.27732E-1 4.70755E-2 9.13203E-2 1.18334E-1 1.98182E-1 1.87302E-1 2.06499E-1 2.15398E-1 2.05206E-1 3.52452E-1 -9999 -9999 -9999 -9999 -9999 -9999 -9999 -9999 -9999 -9999 -9999 -9999 -9999 -9999 -9999 -9999 -9999 -9999 -9999 -9999 -9999 -9999 -9999 -9999 -9999 -9999 -9999 -9999 1.07534E-1 1.06405E-1 1.88492E-1 4.70292E-1 5.12838E-1 3.89166E-1 3.71037E-1 4.91068E-1 6.69518E-1 5.15664E-1 2.68157E-1 2.85028E-1 5.14379E-1 6.82026E-1 8.50625E-1 8.54386E-1 8.65817E-1 3.60392E-1 5.34725E-2 5.60646E-2 2.93871E-3 4.84221E-3 3.22888E-3 6.89542E-3 9.48767E-3 3.84157E-3
-9999 -9999 -9999 -9999 -9999 -9999 -9999 -9999 -9999 8.31287E-1 7.18905E-1 5.70237E-1 2.4099E-1 2.83529E-1 1.97726E-1 1.03536E-1 1.05319E-1 1.38721E-1 1.96504E-1 4.11562E-1 3.40037E-1 2.3966E-1 1.0217E-1 -9999 -9999 -9999 -9999 -9999 -9999 -9999 -9999 -9999 -9999 -9999 -9999 -9999 -9999 -9999 -9999 -9999 -9999 -9999 -9999 -9999 -9999 -9999 -9999 -9999 -9999 -9999 -9999 -9999 -9999 -9999 -9999 1.62589E-1 1.38312E-1 8.32197E-2 1.07118E-1 2.99293E-1 3.51537E-1 3.496E-1 1.7372E-1 2.32155E-1 4.29827E-1 6.55508E-1 5.65553E-1 4.53679E-1 2.20921E-1 1.06913E-1 5.17716E-2 3.47407E-2 8.51215E-3 8.55875E-3 1.99202E-3 3.31139E-3 5.44404E-3 4.60375E-3
-9999 -9999 -9999 -9999 -9999 -9999 -9999 -9999 -9999 7.20263E-1 7.63659E-1 5.32576E-1 2.64484E-1 2.13048E-1 7.61191E-2 1.1123E-1 1.307E-1 1.81438E-1 2.83192E-1 3.87996E-1 3.03231E-1 2.08052E-1 2.25843E-1 -9999 -9999 -9999 -9999 -9999 -9999 -9999 -9999 -9999 -9999 -9999 -9999 -9999 -9999 -9999 -9999 -9999 -9999 -9999 -9999 -9999 -9999 -9999 -9999 -9999 -9999 -9999 -9999 -9999 -9999 1.99925E-1 1.82455E-1 7.2109E-2 8.36233E-2 1.06343E-1 1.21199E-1 1.01928E-1 1.89667E-1 2.03643E-1 2.00601E-1 2.40612E-1 1.15487E-1 2.34775E-1 3.07336E-1 6.93544E-2 1.55684E-1 1.24892E-1 4.92172E-2 1.5113E-2 5.79542E-3 4.04694E-3 1.05526E-2 1.21843E-2 8.47503E-3 2.12463E-2
9.9974E-1 -9999 -9999 -9999 -9999 -9999 -9999 -9999 -9999 7.40646E-1 6.74095E-1 5.81958E-1 3.24346E-1 3.62481E-1 2.02397E-1 1.82839E-1 1.78396E-1 4.87014E-1 3.50963E-1 3.58017E-1 2.62483E-1 3.96849E-1 4.72175E-1 -9999 -9999 -9999 -9999 -9999 -9999 -9999 -9999 -9999 -9999 -9999 -9999 -9999 -9999 -9999 -9999 -9999 -9999 -9999 -9999 -9999 -9999 -9999 -9999 -9999 -9999 -9999 -9999 -9999 -9999 2.16659E-1 1.65868E-1 1.77216E-1 1.60017E-1 1.52107E-1 2.14373E-1 2.20158E-1 1.37818E-1 1.88203E-1 1.49112E-1 7.56308E-2 1.2587E-1 1.5108E-1 1.70525E-1 1.50709E-1 2.64822E-2 1.99248E-2 2.53398E-2 4.63556E-3 3.67919E-3 5.92898E-3 2.08802E-2 2.57541E-2 2.46051E-2 5.38908E-2
9.79871E-1 9.10525E-1 -9999 -9999 -9999 -9999 -9999 -9999 -9999 -9999 6.35774E-1 4.44163E-1 3.94672E-1 3.33348E-1 2.71142E-1 2.26941E-1 1.41477E-1 3.72458E-1 4.96226E-1 5.39031E-1 5.60964E-1 5.03217E-1 5.77263E-1 4.2119E-1 -9999 -9999 -9999 -9999 -9999 -9999 -9999 -9999 -9999 -9999 -9999 -9999 -9999 -9999 -9999 -9999 -9999 -9999 -9999 -9999 -9999 -9999 -9999 -9999 -9999 -9999 -9999 -9999 -9999 -9999 3.32242E-1 1.76399E-1 2.21759E-1 1.99419E-1 2.14748E-1 2.89936E-1 6.81136E-1 6.49758E-1 4.28677E-1 1.73024E-1 9.99065E-2 1.5494E-1 1.44861E-1 1.01192E-1 1.14682E-1 8.50952E-2 1.44787E-2 4.8806E-3 6.70263E-3 1.32772E-2 3.21076E-2 4.58443E-2 5.24526E-2 1.0356E-1
9.62865E-1 8.02039E-1 8.54556E-1 -9999 -9999 -9999 -9999 -9999 -9999 -9999 6.98598E-1 7.40156E-1 7.62521E-1 3.33411E-1 3.2947E-1 1.98078E-1 1.47837E-1 2.02787E-1 1.91595E-1 4.05374E-1 4.193E-1 5.36792E-1 2.9561E-1 -9999 -9999 -9999 -9999 -9999 -9999 -9999 -9999 -9999 -9999 -9999 -9999 -9999 -9999 -9999 -9999 -9999 -9999 -9999 -9999 -9999 -9999 -9999 -9999 -9999 -9999 -9999 -9999 -9999 -9999 -9999 2.49132E-1 3.41995E-1 2.72143E-1 2.69533E-1 2.57198E-1 4.36112E-1 7.35437E-1 7.01025E-1 5.78598E-1 3.35702E-1 2.82522E-1 1.861E-1 7.53155E-2 5.85269E-2 3.53525E-2 7.18854E-2 4.49904E-2 9.13938E-3 8.74788E-3 1.1878E-2 1.59302E-2 2.26801E-2 3.91089E-2 1.72661E-1
9.7668E-1 9.49921E-1 8.53057E-1 6.64057E-1 5.70219E-1 -9999 -9999 -9999 -9999 -9999 5.46633E-1 6.50694E-1 7.54967E-1 4.35302E-1 3.24399E-1 2.60777E-1 2.01931E-1 2.96673E-1 3.3556E-1 2.17314E-1 3.1511E-1 3.95243E-1 3.0407E-1 -9999 -9999 -9999 -9999 -9999 -9999 -9999 -9999 -9999 -9999 -9999 -9999 -9999 -9999 -9999 -9999 -9999 -9999 -9999 -9999 -9999 -9999 -9999 -9999 -9999 -9999 -9999 -9999 -9999 -9999 -9999 2.41461E-1 1.92727E-1 3.91887E-1 3.69989E-1 2.45385E-1 4.9898E-1 5.57351E-1 7.33963E-1 7.55282E-1 7.72197E-1 3.44782E-1 3.21997E-1 9.94767E-2 6.15353E-2 1.81272E-2 6.10948E-2 5.65344E-2 7.25109E-3 8.38047E-3 1.40582E-2 1.93913E-2 2.90913E-2 2.28345E-2 2.03388E-1
9.45234E-1 8.17126E-1 9.24912E-1 8.88884E-1 5.98769E-1 6.88279E-1 -9999 -9999 -9999 -9999 6.83607E-1 4.67141E-1 3.78151E-1 3.54207E-1 3.13641E-1 2.47622E-1 4.76939E-1 5.02147E-1 4.08089E-1 3.19498E-1 2.69117E-1 4.56842E-1 -9999 -9999 -9999 -9999 -9999 -9999 -9999 -9999 -9999 -9999 -9999 -9999 -9999 -9999 -9999 -9999 -9999 -9999 -9999 -9999 -9999 -9999 -9999 -9999 -9999 -9999 -9999 -9999 -9999 -9999 -9999 -9999 3.37295E-1 3.37505E-1 4.81868E-1 5.25165E-1 4.68792E-1 6.67833E-1 8.37848E-1 8.54156E-1 9.14941E-1 8.9101E-1 7.92663E-1 3.17511E-1 7.51956E-2 7.08142E-2 3.71128E-2 4.09777E-2 3.58533E-2 4.97116E-3 1.28788E-2 5.90439E-3 1.53524E-2 8.34644E-3 9.10547E-3 2.59358E-1
