ENM/Final_Models/M_0.9_F_q_Set_1_NE/Gustavia_santanderiensis_Choco_avg.asc
ncols         367
nrows         963
xllcorner     -78.6
yllcorner     0.65
cellsize      0.00833333333333323
NODATA_value  -9999
[rows 70 to 104 of 963, columns 234 to 311 of 367]
-9999 -9999 -9999 -9999 -9999 -9999 -9999 -9999 1.5483E-1 1.60051E-1 1.08051E-1 2.53768E-1 1.83594E-1 1.25308E-1 6.53291E-2 1.66158E-2 2.7647E-2 5.34469E-2 8.10394E-2 5.08352E-2 3.7603E-2 2.89615E-2 2.90321E-2 4.88619E-2 2.89281E-2 2.33238E-2 8.61336E-3 1.49713E-2 -9999 -9999 -9999 -9999 -9999 -9999 -9999 -9999 -9999 -9999 -9999 -9999 -9999 -9999 -9999 -9999 -9999 -9999 -9999 -9999 -9999 -9999 -9999 -9999 -9999 -9999 -9999 -9999 -9999 -9999 -9999 -9999 -9999 -9999 -9999 -9999 -9999 -9999 -9999 3.26441E-2 1.32098E-2 1.22225E-2 1.54693E-2 3.32657E-2 -9999 -9999 -9999 1.3762E-3 2.50012E-3 -9999
-9999 -9999 -9999 -9999 -9999 -9999 -9999 -9999 -9999 -9999 2.35666E-1 2.14574E-1 1.90631E-1 1.3103E-1 1.55666E-1 1.97299E-1 4.44581E-2 2.91713E-2 4.82275E-2 2.10759E-2 1.85119E-2 2.92331E-2 4.94493E-2 4.66445E-2 6.79613E-2 4.69063E-2 7.26134E-3 1.079E-2 3.71047E-2 -9999 -9999 -9999 -9999 -9999 -9999 -9999 -9999 -9999 -9999 -9999 -9999 -9999 -9999 -9999 -9999 -9999 -9999 -9999 -9999 -9999 -9999 -9999 -9999 -9999 -9999 -9999 -9999 -9999 -9999 -9999 -9999 -9999 -9999 -9999 -9999 -9999 -9999 6.09547E-2 1.81818E-2 1.05568E-2 1.41268E-2 1.85595E-2 -9999 -9999 2.86038E-2 2.21087E-2 2.04608E-2 -9999
-9999 -9999 -9999 -9999 -9999 -9999 -9999 -9999 -9999 -9999 1.57835E-1 1.66795E-1 1.35501E-1 8.42843E-2 1.4673E-1 -9999 -9999 4.03239E-2 2.20633E-2 2.98868E-2 3.78566E-2 3.65486E-2 1.80486E-2 3.70573E-2 6.4287E-2 4.43228E-2 1.38086E-2 5.37321E-3 1.37708E-2 2.11278E-2 -9999 -9999 -9999 -9999 -9999 -9999 -9999 -9999 -9999 -9999 -9999 -9999 -9999 -9999 -9999 -9999 -9999 -9999 -9999 -9999 -9999 -9999 -9999 -9999 -9999 -9999 -9999 -9999 -9999 -9999 -9999 -9999 -9999 -9999 -9999 -9999 -9999 9.56094E-2 2.95312E-2 3.45803E-2 2.61708E-2 7.60421E-3 -9999 -9999 4.22775E-2 5.28837E-3 5.52641E-3 5.65948E-2
-9999 -9999 -9999 -9999 -9999 -9999 -9999 -9999 -9999 -9999 -9999 1.679E-1 1.7137E-1 2.58881E-1 8.54041E-2 -9999 -9999 1.51655E-1 6.65931E-2 4.11864E-2 1.13558E-2 1.96763E-2 4.76458E-2 4.37822E-2 4.8119E-2 1.71101E-2 1.75467E-2 2.4085E-2 2.31898E-2 1.21601E-1 1.33936E-1 -9999 -9999 -9999 -9999 -9999 -9999 -9999 -9999 -9999 -9999 -9999 -9999 -9999 -9999 -9999 -9999 -9999 -9999 -9999 -9999 -9999 -9999 -9999 -9999 -9999 -9999 -9999 -9999 -9999 -9999 -9999 -9999 -9999 -9999 -9999 -9999 8.86805E-2 1.38421E-2 1.78492E-1 1.33856E-1 3.64456E-2 -9999 -9999 4.20455E-2 3.04853E-2 3.53937E-2 5.8101E-2
-9999 -9999 -9999 -9999 -9999 -9999 -9999 -9999 -9999 -9999 -9999 -9999 -9999 -9999 -9999 -9999 -9999 7.26629E-2 2.59803E-1 2.20774E-1 1.16994E-1 4.31646E-2 5.01572E-2 6.01438E-2 6.47916E-2 6.7462E-2 7.4942E-2 2.65127E-2 5.95147E-2 9.77563E-2 -9999 -9999 -9999 -9999 -9999 -9999 -9999 -9999 -9999 -9999 -9999 -9999 -9999 -9999 -9999 -9999 -9999 -9999 -9999 -9999 -9999 -9999 -9999 -9999 -9999 -9999 -9999 -9999 -9999 -9999 -9999 -9999 -9999 -9999 -9999 1.7022E-2 1.36439E-2 1.21713E-2 4.84385E-2 4.45842E-2 3.55385E-2 9.42348E-3 -9999 1.0363E-2 3.8489E-2 3.84746E-2 9.2318E-2 5.37339E-2
-9999 -9999 -9999 -9999 -9999 -9999 -9999 -9999 -9999 -9999 -9999 -9999 -9999 -9999 -9999 -9999 -9999 -9999 2.31482E-1 1.99579E-1 3.25075E-2 5.27468E-2 1.03802E-1 1.23013E-1 6.84448E-2 9.95189E-2 7.71035E-2 3.22216E-2 1.44368E-1 2.99054E-1 -9999 -9999 -9999 -9999 -9999 -9999 -9999 -9999 -9999 -9999 -9999 -9999 -9999 -9999 -9999 -9999 -9999 -9999 -9999 -9999 -9999 -9999 -9999 -9999 -9999 -9999 -9999 -9999 -9999 -9999 -9999 -9999 -9999 -9999 1.11393E-2 1.54444E-2 1.86202E-2 1.89504E-2 2.18732E-2 3.8513E-2 2.73453E-2 9.57382E-3 8.82787E-3 1.66883E-2 5.42158E-2 4.34141E-2 1.44406E-1 7.98107E-2
-9999 -9999 -9999 -9999 -9999 -9999 -9999 -9999 -9999 -9999 -9999 3.70144E-1 2.3932E-1 2.74079E-1 2.00422E-1 -9999 -9999 -9999 5.26211E-1 4.10587E-1 2.23305E-1 1.36139E-2 8.29002E-2 2.86013E-2 2.9752E-2 9.45001E-2 5.70847E-2 5.87546E-2 4.18898E-2 -9999 -9999 -9999 -9999 -9999 -9999 -9999 -9999 -9999 -9999 -9999 -9999 -9999 -9999 -9999 -9999 -9999 -9999 -9999 -9999 -9999 -9999 -9999 -9999 -9999 -9999 -9999 -9999 -9999 -9999 -9999 -9999 -9999 -9999 -9999 1.28821E-2 1.55136E-2 1.69822E-2 2.63149E-2 3.87502E-2 8.89698E-2 3.12757E-2 1.15241E-2 1.3205E-2 3.65656E-2 6.02886E-2 1.27454E-1 7.99188E-2 9.29374E-2
-9999 -9999 -9999 -9999 -9999 -9999 -9999 -9999 -9999 -9999 -9999 2.60732E-1 2.76451E-1 1.56439E-1 2.37438E-1 1.4214E-1 -9999 -9999 1.8803E-1 1.30994E-1 7.64341E-2 2.55392E-2 5.89114E-2 7.71062E-2 5.0718E-2 9.19157E-2 5.7936E-2 4.98575E-2 3.46293E-2 -9999 -9999 -9999 -9999 -9999 -9999 -9999 -9999 -9999 -9999 -9999 -9999 -9999 -9999 -9999 -9999 -9999 -9999 -9999 -9999 -9999 -9999 -9999 -9999 -9999 -9999 -9999 -9999 -9999 1.89668E-2 2.3501E-2 4.46736E-3 9.91631E-3 2.32249E-2 6.99152E-2 4.99863E-2 3.57932E-2 4.00543E-2 2.1877E-2 5.91348E-2 3.50335E-2 1.97495E-2 6.65301E-3 5.17615E-3 2.61357E-2 2.22451E-2 1.76765E-2 5.55989E-2 4.43704E-2
-9999 -9999 -9999 -9999 -9999 -9999 -9999 -9999 -9999 -9999 -9999 -9999 5.0351E-2 9.90568E-2 7.89854E-2 1.57159E-1 -9999 -9999 2.24439E-1 1.15577E-1 2.07799E-1 3.24298E-2 1.42787E-2 8.66593E-2 1.32832E-1 6.35319E-2 9.61498E-2 8.09536E-2 -9999 -9999 -9999 -9999 -9999 -9999 -9999 -9999 -9999 -9999 -9999 -9999 -9999 -9999 -9999 -9999 -9999 -9999 -9999 -9999 -9999 -9999 -9999 -9999 -9999 -9999 -9999 -9999 -9999 -9999 1.52509E-2 1.27782E-2 9.74201E-3 1.00457E-2 1.93844E-2 1.82217E-2 2.06632E-2 2.11073E-2 3.40806E-2 2.98454E-2 6.93356E-2 1.54122E-2 6.47905E-3 6.62458E-3 1.00851E-2 2.17172E-2 2.06632E-2 4.44181E-2 6.51881E-2 9.48956E-2
-9999 -9999 -9999 -9999 -9999 -9999 -9999 -9999 -9999 -9999 -9999 -9999 3.01293E-2 5.74014E-2 7.78525E-2 1.34983E-1 -9999 -9999 3.16756E-1 1.85104E-1 1.93222E-1 1.01351E-1 1.18747E-1 3.6451E-1 5.57625E-1 1.37037E-1 8.82134E-2 8.09307E-2 -9999 -9999 -9999 -9999 -9999 -9999 -9999 -9999 -9999 -9999 -9999 -9999 -9999 -9999 -9999 -9999 -9999 -9999 -9999 -9999 -9999 -9999 -9999 -9999 -9999 -9999 -9999 -9999 -9999 5.81563E-3 5.00679E-3 1.40972E-2 6.75209E-3 2.31864E-2 2.95968E-2 2.08034E-2 4.36458E-2 3.03177E-2 2.35131E-2 4.39466E-2 1.42062E-2 1.1362E-2 6.64058E-3 4.7692E-3 8.91728E-3 3.22737E-2 4.93243E-2 5.42935E-2 5.30756E-2 6.78029E-2
-9999 -9999 -9999 -9999 -9999 -9999 -9999 -9999 -9999 -9999 -9999 4.68312E-1 5.35874E-2 6.51502E-2 4.4292E-2 5.99938E-2 1.74284E-1 -9999 1.60579E-1 8.43003E-2 8.56331E-2 6.71021E-2 1.85883E-1 7.99367E-2 1.65936E-1 1.53279E-1 2.98639E-1 2.12853E-1 1.09268E-1 -9999 -9999 -9999 -9999 -9999 -9999 -9999 -9999 -9999 -9999 -9999 -9999 -9999 -9999 -9999 -9999 -9999 -9999 -9999 -9999 -9999 -9999 -9999 -9999 -9999 -9999 3.26678E-2 1.15528E-2 1.39063E-2 3.90227E-3 7.23695E-3 5.14715E-3 1.85253E-2 4.71921E-2 8.36101E-2 3.42467E-2 2.45105E-2 3.73123E-2 7.69223E-2 2.9275E-2 7.86794E-3 9.12839E-3 9.29791E-3 1.31938E-2 6.42564E-3 1.30447E-2 1.21287E-1 1.98655E-1 1.63642E-1
-9999 -9999 -9999 -9999 -9999 -9999 -9999 -9999 -9999 5.07449E-1 -9999 2.95392E-1 2.88292E-1 1.44574E-1 4.63862E-2 9.95384E-2 1.33612E-1 -9999 2.031E-1 8.4855E-2 1.16114E-1 6.74346E-2 1.52848E-1 1.63684E-1 2.99201E-1 2.33259E-1 1.86209E-1 1.47411E-1 1.71487E-1 -9999 -9999 -9999 -9999 -9999 -9999 -9999 -9999 -9999 -9999 -9999 -9999 -9999 -9999 -9999 -9999 -9999 -9999 -9999 -9999 -9999 -9999 -9999 -9999 2.23609E-2 2.82181E-2 3.14074E-2 9.09124E-3 6.3613E-3 2.37217E-3 4.57128E-3 1.33285E-2 9.46169E-3 1.27305E-2 9.1098E-3 6.28215E-2 2.80864E-2 2.47753E-2 8.49251E-2 2.08251E-2 3.36459E-2 1.67157E-2 7.15185E-3 9.53135E-3 1.42301E-2 1.78381E-2 5.14754E-2 9.33227E-2 1.48364E-1
-9999 -9999 -9999 -9999 -9999 -9999 -9999 -9999 -9999 5.15791E-1 2.83108E-1 -9999 1.78606E-1 1.4356E-1 1.94227E-1 1.80151E-1 2.00709E-1 3.48553E-1 2.10051E-1 1.96847E-1 3.27968E-1 1.28174E-1 6.16107E-2 1.40417E-1 1.62999E-1 2.52035E-1 2.17956E-1 1.7818E-1 1.74719E-1 1.67151E-1 -9999 -9999 -9999 -9999 -9999 -9999 -9999 -9999 -9999 -9999 -9999 -9999 -9999 -9999 -9999 -9999 -9999 -9999 -9999 -9999 -9999 -9999 1.23993E-2 2.93769E-2 1.39917E-2 2.82751E-2 2.53023E-2 3.42429E-2 6.89648E-2 3.80345E-2 1.74331E-2 1.64576E-2 2.18069E-2 1.3252E-1 1.41073E-1 1.67012E-1 1.65245E-1 4.47832E-2 3.32778E-2 5.05663E-2 2.61913E-2 2.67383E-2 1.14686E-2 5.39623E-3 1.51045E-2 6.55506E-3 6.32802E-2 1.66027E-1
-9999 -9999 -9999 -9999 -9999 -9999 -9999 -9999 -9999 4.2556E-1 2.55855E-1 5.64631E-1 2.46229E-1 8.02115E-2 4.63387E-2 6.32433E-2 8.77562E-2 3.03029E-1 3.40371E-1 4.46443E-1 2.75863E-1 1.38498E-1 6.34348E-2 1.12646E-1 1.78997E-1 1.82874E-1 2.22754E-1 1.50471E-1 1.73143E-1 1.58209E-1 -9999 -9999 -9999 -9999 -9999 -9999 -9999 -9999 -9999 -9999 -9999 -9999 -9999 -9999 -9999 -9999 -9999 -9999 -9999 -9999 -9999 1.26886E-2 1.63646E-2 1.39819E-2 4.64002E-2 1.01574E-1 1.06306E-1 1.64778E-1 4.32732E-2 6.85992E-2 1.08456E-1 7.74824E-2 5.23871E-2 1.32838E-1 4.57873E-1 1.43575E-1 7.60897E-2 2.43639E-2 4.65842E-2 5.05157E-2 9.22543E-2 1.33254E-2 6.46725E-3 1.17276E-2 1.01156E-2 5.60063E-3 1.60948E-2 6.71736E-2
-9999 -9999 -9999 -9999 -9999 -9999 -9999 -9999 3.48012E-1 2.23433E-1 1.97154E-1 3.42692E-1 3.51903E-1 2.62064E-1 5.36162E-2 5.88397E-2 9.61842E-2 1.92199E-1 3.40214E-1 2.63284E-1 4.41397E-1 2.43973E-1 6.96409E-2 5.91755E-2 1.31382E-1 2.56981E-1 1.77031E-1 8.49028E-2 1.2478E-1 -9999 -9999 -9999 -9999 -9999 -9999 -9999 -9999 -9999 -9999 -9999 -9999 -9999 -9999 -9999 -9999 -9999 -9999 -9999 -9999 -9999 -9999 7.62678E-3 2.04524E-2 1.06174E-2 5.35922E-2 8.80109E-2 2.38244E-1 3.29376E-1 2.12264E-1 2.11517E-1 7.23026E-2 6.61374E-2 1.13982E-1 1.824E-1 2.8778E-1 1.25633E-1 8.22796E-2 3.88374E-2 2.87802E-2 5.36479E-2 4.48308E-2 1.75804E-2 7.76269E-3 3.39975E-3 3.79813E-3 2.7434E-3 1.0301E-2 2.60364E-2
-9999 -9999 -9999 -9999 -9999 -9999 -9999 -9999 -9999 -9999 -9999 -9999 3.33723E-1 2.13584E-1 1.16011E-1 1.44568E-1 9.32435E-2 1.33666E-1 3.21563E-1 2.75411E-1 3.31192E-1 2.54797E-1 9.07665E-2 1.30557E-1 1.55253E-1 3.07805E-1 2.27503E-1 1.50143E-1 1.78272E-1 -9999 -9999 -9999 -9999 -9999 -9999 -9999 -9999 -9999 -9999 -9999 -9999 -9999 -9999 -9999 -9999 -9999 -9999 -9999 -9999 -9999 -9999 -9999 1.13074E-2 2.89329E-2 7.81312E-2 1.35966E-1 4.44179E-1 4.44541E-1 2.86263E-1 4.11243E-1 2.26669E-1 1.18993E-1 2.3212E-1 3.74327E-1 3.51449E-1 1.39021E-1 1.65471E-1 7.83314E-2 5.08503E-2 5.86237E-2 6.86643E-2 4.64883E-2 4.74017E-2 5.37097E-2 1.36277E-2 1.357E-3 7.08391E-4 1.18637E-2
-9999 -9999 -9999 -9999 -9999 -9999 -9999 -9999 -9999 -9999 -9999 3.5321E-1 4.15756E-1 3.20522E-1 1.50276E-1 4.41701E-2 5.09131E-2 1.00259E-1 1.04776E-1 2.93431E-1 4.18256E-1 4.28431E-1 1.91149E-1 2.08334E-1 1.90543E-1 2.81454E-1 1.8022E-1 9.08236E-2 1.44097E-1 -9999 -9999 -9999 -9999 -9999 -9999 -9999 -9999 -9999 -9999 -9999 -9999 -9999 -9999 -9999 -9999 -9999 -9999 -9999 -9999 -9999 -9999 -9999 -9999 6.08014E-2 9.82027E-2 2.33545E-1 6.59254E-1 5.9816E-1 4.48653E-1 2.42036E-1 2.08941E-1 2.40666E-1 2.99631E-1 4.18618E-1 5.12817E-1 2.89467E-1 1.27213E-1 4.90279E-2 1.1547E-1 1.54503E-1 1.84576E-1 2.17532E-1 5.89351E-2 5.16799E-2 1.95372E-2 1.20821E-2 6.61298E-3 3.62776E-2
-9999 -9999 -9999 -9999 -9999 -9999 -9999 -9999 -9999 -9999 3.47172E-1 3.76688E-1 2.95724E-1 1.85558E-1 9.89349E-2 5.82274E-2 7.94976E-2 4.79149E-2 1.16376E-1 3.13082E-1 2.4697E-1 2.39551E-1 1.30527E-1 8.35505E-2 1.96657E-1 1.69805E-1 2.32861E-1 1.94026E-1 -9999 -9999 -9999 -9999 -9999 -9999 -9999 -9999 -9999 -9999 -9999 -9999 -9999 -9999 -9999 -9999 -9999 -9999 -9999 -9999 -9999 -9999 -9999 -9999 -9999 -9999 5.94361E-2 1.28992E-1 1.63686E-1 3.08753E-1 3.53265E-1 2.06006E-1 2.14494E-1 1.3915E-1 2.43087E-1 3.53507E-1 2.08444E-1 1.76469E-1 1.63456E-1 8.59771E-2 1.90908E-2 9.7561E-2 1.81704E-1 2.63157E-1 1.9054E-1 2.67446E-1 2.16695E-1 1.55547E-1 5.00038E-2 4.27025E-2
-9999 -9999 -9999 -9999 -9999 -9999 -9999 -9999 -9999 -9999 -9999 3.14057E-1 3.17368E-1 8.78602E-2 6.01905E-2 1.1154E-1 1.45829E-1 9.42251E-2 6.96747E-2 1.98296E-1 2.813E-1 2.50491E-1 2.38929E-1 6.51611E-2 1.43774E-1 2.79882E-1 2.47014E-1 2.81316E-1 -9999 -9999 -9999 -9999 -9999 -9999 -9999 -9999 -9999 -9999 -9999 -9999 -9999 -9999 -9999 -9999 -9999 -9999 -9999 -9999 -9999 -9999 -9999 -9999 -9999 -9999 1.3991E-1 4.69603E-2 1.16512E-1 7.22813E-2 7.65887E-2 1.07194E-1 1.04479E-1 1.8348E-1 2.70893E-1 2.13711E-1 2.14164E-1 1.49239E-1 7.48816E-2 7.17464E-2 5.40711E-2 5.37722E-2 2.31233E-2 3.1707E-2 6.26031E-2 5.97701E-2 2.56635E-1 2.39136E-1 1.02569E-1 1.58584E-2
-9999 -9999 -9999 -9999 -9999 -9999 -9999 -9999 -9999 -9999 2.64226E-1 1.95414E-1 2.97813E-1 6.61897E-2 2.21885E-2 4.19693E-2 3.65087E-2 1.39218E-1 6.984E-2 2.43365E-1 2.59817E-1 3.28036E-1 2.53797E-1 1.5289E-1 3.11829E-1 5.10915E-1 2.03305E-1 -9999 -9999 -9999 -9999 -9999 -9999 -9999 -9999 -9999 -9999 -9999 -9999 -9999 -9999 -9999 -9999 -9999 -9999 -9999 -9999 2.81523E-3 3.41457E-3 4.74916E-3 1.77093E-2 3.7461E-2 -9999 -9999 3.10772E-2 1.21616E-1 6.54514E-2 3.56565E-2 3.13153E-2 5.24728E-2 6.4247E-2 9.81528E-2 1.9815E-1 2.74739E-1 3.29042E-1 2.89571E-1 2.44073E-2 1.52157E-2 5.21257E-2 6.18056E-2 7.70691E-2 1.95011E-2 7.51709E-2 1.20201E-1 2.25077E-1 1.69411E-1 6.01294E-2 6.13194E-3
-9999 -9999 -9999 -9999 -9999 -9999 -9999 -9999 -9999 1.39183E-1 1.48603E-1 2.49302E-1 1.45421E-1 7.46905E-2 3.56242E-2 3.19217E-2 3.70607E-2 8.77045E-2 7.62863E-2 2.15361E-1 1.85476E-1 2.54454E-1 3.02178E-1 3.91661E-1 4.18074E-1 3.68368E-1 2.2158E-1 -9999 -9999 -9999 -9999 -9999 -9999 -9999 -9999 -9999 -9999 -9999 -9999 -9999 -9999 -9999 -9999 -9999 -9999 -9999 -9999 -9999 1.37129E-2 8.1949E-3 5.0539E-3 4.32406E-2 3.28474E-2 8.46307E-2 7.50321E-2 3.03908E-2 6.01971E-2 2.95201E-2 9.28608E-2 6.52847E-2 6.72659E-2 9.61291E-2 1.53057E-1 3.18964E-1 1.63351E-1 2.51468E-1 8.32825E-2 1.72143E-2 5.24262E-2 6.64364E-3 4.75071E-2 2.37471E-2 8.26841E-2 1.57559E-1 2.72564E-1 1.54141E-1 9.78542E-2 7.10063E-3
-9999 -9999 -9999 -9999 -9999 -9999 -9999 -9999 -9999 1.40653E-1 1.42496E-1 1.98059E-1 1.71914E-1 1.16174E-1 4.08669E-2 3.98338E-2 3.80374E-2 9.44132E-2 7.92153E-2 1.70245E-1 2.68157E-1 2.93192E-1 1.62113E-1 4.0263E-1 4.00147E-1 3.43236E-1 -9999 -9999 -9999 -9999 -9999 -9999 -9999 -9999 -9999 -9999 -9999 -9999 -9999 -9999 -9999 -9999 -9999 -9999 -9999 -9999 -9999 -9999 1.11241E-2 2.59585E-2 1.88413E-2 2.12682E-2 1.9595E-2 2.61858E-2 5.60982E-2 2.78819E-2 4.49988E-2 4.99811E-2 7.51697E-2 8.25837E-2 1.1968E-1 1.78009E-1 3.15652E-1 4.15057E-1 1.66808E-1 2.10996E-1 2.31878E-1 9.1627E-2 8.32996E-3 2.58711E-2 6.12553E-3 1.79432E-2 4.03465E-2 7.342E-2 3.16292E-1 2.27465E-1 7.68363E-2 1.47188E-2
-9999 -9999 -9999 -9999 -9999 -9999 -9999 -9999 -9999 1.32392E-1 1.30355E-1 3.03791E-1 2.45586E-1 7.06615E-2 2.95463E-2 2.67123E-2 2.84896E-2 5.59478E-2 1.22712E-1 1.31989E-1 2.59187E-1 3.20307E-1 3.98458E-1 3.29832E-1 7.58893E-2 1.25863E-1 -9999 -9999 -9999 -9999 -9999 -9999 -9999 -9999 -9999 -9999 -9999 -9999 -9999 -9999 -9999 -9999 -9999 -9999 -9999 -9999 -9999 -9999 7.25263E-2 1.24035E-1 4.73303E-2 1.43735E-1 3.14138E-2 1.23486E-1 7.76296E-2 5.59082E-2 1.26636E-1 1.59591E-1 2.86448E-1 2.86063E-1 3.07356E-1 2.61877E-1 3.68651E-1 3.57298E-1 2.30911E-1 2.6801E-1 2.71825E-1 2.57002E-1 7.48241E-2 8.32604E-3 3.86399E-2 4.19444E-2 1.26463E-1 9.10005E-2 8.27629E-2 1.41309E-1 1.07105E-1 3.19123E-2
-9999 -9999 -9999 -9999 -9999 -9999 -9999 -9999 -9999 1.27047E-1 1.41559E-1 3.01058E-1 2.55686E-1 1.64552E-1 7.41204E-2 7.47574E-2 4.25586E-2 4.3684E-2 1.54904E-1 1.20123E-1 1.51283E-1 3.18677E-1 1.4876E-1 1.19836E-1 6.34449E-2 -9999 -9999 -9999 -9999 -9999 -9999 -9999 -9999 -9999 -9999 -9999 -9999 -9999 -9999 -9999 -9999 -9999 -9999 -9999 -9999 -9999 -9999 -9999 1.63601E-1 1.45257E-1 1.46825E-1 6.90733E-2 1.35888E-1 2.94045E-1 1.30248E-1 3.66435E-1 3.16051E-1 3.71203E-1 4.77188E-1 5.00724E-1 5.19205E-1 5.06863E-1 3.3476E-1 2.98569E-1 4.75334E-1 4.06012E-1 2.05823E-1 1.3253E-1 1.17414E-1 6.27543E-2 2.46765E-2 1.21573E-1 9.93725E-2 1.73009E-1 1.10667E-1 1.43041E-1 1.66451E-1 6.36686E-2
-9999 -9999 -9999 -9999 -9999 -9999 -9999 -9999 1.86962E-1 -9999 3.30562E-1 3.07599E-1 4.37631E-1 1.66827E-1 1.12496E-1 9.27033E-2 1.35248E-1 9.61696E-2 1.24374E-1 1.24188E-1 1.62557E-1 2.35744E-1 9.46948E-2 9.76859E-2 1.83698E-1 -9999 -9999 -9999 -9999 -9999 -9999 -9999 -9999 -9999 -9999 -9999 -9999 -9999 -9999 -9999 -9999 -9999 -9999 -9999 -9999 -9999 -9999 -9999 6.6556E-2 1.64331E-1 1.83028E-1 1.27114E-1 6.28646E-2 2.15223E-1 2.05493E-1 2.05472E-1 2.83382E-1 3.06607E-1 3.16179E-1 3.07792E-1 6.05836E-1 5.99141E-1 4.53774E-1 4.67227E-1 4.58002E-1 3.08388E-1 2.76131E-1 2.77329E-1 1.95555E-1 1.8413E-1 6.0284E-2 2.75989E-2 4.16523E-2 6.82071E-2 4.19203E-2 3.7736E-2 3.30953E-2 9.33679E-3
-9999 -9999 -9999 -9999 -9999 -9999 -9999 -9999 -9999 -9999 7.74076E-1 4.91831E-1 2.14093E-1 1.6195E-1 7.91629E-2 4.87793E-2 7.89865E-2 8.80338E-2 1.00681E-1 7.337E-2 1.5285E-1 9.04499E-2 1.25175E-1 1.18337E-1 1.73192E-1 -9999 -9999 -9999 -9999 -9999 -9999 -9999 -9999 -9999 -9999 -9999 -9999 -9999 -9999 -9999 -9999 -9999 -9999 -9999 -9999 -9999 -9999 -9999 -9999 -9999 6.03433E-2 9.371E-2 -9999 1.3487E-1 1.44996E-1 1.4185E-1 1.48917E-1 3.7077E-1 2.24678E-1 3.27842E-1 5.35131E-1 2.9881E-1 5.03655E-1 4.15917E-1 3.25301E-1 5.53467E-1 5.61917E-1 5.06832E-1 4.52209E-1 2.19034E-1 4.82331E-2 1.06759E-2 6.86139E-3 2.41878E-2 2.01163E-2 2.36767E-2 3.03441E-2 1.34102E-2
-9999 -9999 -9999 -9999 -9999 -9999 -9999 -9999 -9999 -9999 6.56158E-1 4.72336E-1 2.24586E-1 1.04304E-1 4.9944E-2 2.56292E-2 3.64808E-2 7.51802E-2 6.04586E-2 5.95587E-2 9.93372E-2 7.68237E-2 1.54403E-1 1.55855E-1 1.66148E-1 -9999 -9999 -9999 -9999 -9999 -9999 -9999 -9999 -9999 -9999 -9999 -9999 -9999 -9999 -9999 -9999 -9999 -9999 -9999 -9999 -9999 -9999 -9999 -9999 -9999 -9999 -9999 -9999 9.51363E-2 1.29478E-1 1.09355E-1 1.51617E-1 2.0434E-1 2.34222E-1 6.07111E-1 6.44937E-1 5.90714E-1 2.50115E-1 2.16009E-1 3.10916E-1 5.40485E-1 4.72036E-1 6.13739E-1 5.68948E-1 2.12878E-1 1.57021E-2 5.6028E-3 4.09479E-3 1.84396E-3 2.38441E-3 3.01466E-3 1.88721E-2 6.074E-3
-9999 -9999 -9999 -9999 -9999 -9999 -9999 -9999 -9999 8.85377E-1 4.33202E-1 3.01946E-1 4.74924E-1 1.39833E-1 7.15753E-2 2.79897E-2 4.03569E-2 6.66651E-2 1.08248E-1 1.3424E-1 9.94179E-2 9.47495E-2 8.93308E-2 1.7022E-1 -9999 -9999 -9999 -9999 -9999 -9999 -9999 -9999 -9999 -9999 -9999 -9999 -9999 -9999 -9999 -9999 -9999 -9999 -9999 -9999 -9999 -9999 -9999 -9999 -9999 -9999 -9999 -9999 5.37895E-2 6.03943E-2 9.98245E-2 2.79397E-1 3.08264E-1 2.23496E-1 1.99052E-1 2.75177E-1 4.10311E-1 3.05524E-1 1.34286E-1 1.42482E-1 2.84339E-1 4.30736E-1 5.91388E-1 5.80856E-1 6.45499E-1 1.86739E-1 2.29243E-2 2.74502E-2 1.42117E-3 2.66015E-3 1.63499E-3 4.05845E-3 5.59146E-3 1.92435E-3
-9999 -9999 -9999 -9999 -9999 -9999 -9999 -9999 -9999 7.63755E-1 5.89269E-1 4.56588E-1 1.30663E-1 1.6074E-1 1.32023E-1 6.80446E-2 4.65907E-2 6.23797E-2 9.14227E-2 2.12167E-1 1.72581E-1 1.29896E-1 4.81804E-2 -9999 -9999 -9999 -9999 -9999 -9999 -9999 -9999 -9999 -9999 -9999 -9999 -9999 -9999 -9999 -9999 -9999 -9999 -9999 -9999 -9999 -9999 -9999 -9999 -9999 -9999 -9999 -9999 -9999 -9999 -9999 -9999 8.45737E-2 7.09912E-2 4.25746E-2 5.28968E-2 1.55778E-1 1.79399E-1 1.80737E-1 8.73271E-2 1.15899E-1 2.294E-1 3.9722E-1 3.23297E-1 2.95178E-1 1.36316E-1 4.86122E-2 2.22129E-2 1.58771E-2 4.35956E-3 4.95261E-3 9.85854E-4 1.66712E-3 2.92137E-3 2.49771E-3
-9999 -9999 -9999 -9999 -9999 -9999 -9999 -9999 -9999 6.00808E-1 6.1565E-1 3.26439E-1 1.50218E-1 1.50693E-1 5.48943E-2 7.39491E-2 8.97246E-2 1.29089E-1 2.02297E-1 2.92814E-1 1.81824E-1 1.29051E-1 1.28338E-1 -9999 -9999 -9999 -9999 -9999 -9999 -9999 -9999 -9999 -9999 -9999 -9999 -9999 -9999 -9999 -9999 -9999 -9999 -9999 -9999 -9999 -9999 -9999 -9999 -9999 -9999 -9999 -9999 -9999 -9999 9.56968E-2 9.80284E-2 3.75785E-2 4.31778E-2 5.51303E-2 6.04814E-2 4.86065E-2 9.10719E-2 9.80471E-2 9.79179E-2 1.20841E-1 5.56712E-2 1.16977E-1 1.54669E-1 3.32475E-2 7.49388E-2 5.66799E-2 2.09284E-2 7.11151E-3 2.70145E-3 2.06826E-3 5.37953E-3 6.23519E-3 4.55454E-3 1.11981E-2
9.91632E-1 -9999 -9999 -9999 -9999 -9999 -9999 -9999 -9999 6.04132E-1 5.33846E-1 4.53185E-1 1.83184E-1 2.07577E-1 1.38482E-1 1.16685E-1 1.11871E-1 3.07948E-1 2.46406E-1 2.79041E-1 1.68699E-1 2.48962E-1 3.28228E-1 -9999 -9999 -9999 -9999 -9999 -9999 -9999 -9999 -9999 -9999 -9999 -9999 -9999 -9999 -9999 -9999 -9999 -9999 -9999 -9999 -9999 -9999 -9999 -9999 -9999 -9999 -9999 -9999 -9999 -9999 1.16717E-1 8.47203E-2 8.93446E-2 8.073E-2 7.94521E-2 1.09276E-1 1.09519E-1 6.75226E-2 8.82675E-2 6.51674E-2 3.29508E-2 6.09948E-2 7.37185E-2 8.48542E-2 7.50353E-2 1.2706E-2 8.81732E-3 1.18192E-2 2.30696E-3 1.7134E-3 3.10298E-3 1.03798E-2 1.28085E-2 1.25157E-2 2.54003E-2
9.22399E-1 8.32615E-1 -9999 -9999 -9999 -9999 -9999 -9999 -9999 -9999 4.89283E-1 3.33957E-1 2.34863E-1 2.47911E-1 2.04524E-1 1.56779E-1 9.66023E-2 2.83471E-1 4.02803E-1 3.85019E-1 3.40099E-1 3.06499E-1 4.14263E-1 2.61192E-1 -9999 -9999 -9999 -9999 -9999 -9999 -9999 -9999 -9999 -9999 -9999 -9999 -9999 -9999 -9999 -9999 -9999 -9999 -9999 -9999 -9999 -9999 -9999 -9999 -9999 -9999 -9999 -9999 -9999 -9999 1.98961E-1 9.77369E-2 1.25875E-1 1.07926E-1 1.09016E-1 1.50056E-1 4.18682E-1 3.78673E-1 2.2031E-1 8.49383E-2 4.62876E-2 7.59244E-2 6.61901E-2 4.77655E-2 5.26632E-2 3.65222E-2 6.27363E-3 2.43224E-3 3.57059E-3 7.1185E-3 1.60231E-2 2.35164E-2 2.55807E-2 6.08719E-2
9.01084E-1 6.9813E-1 7.20299E-1 -9999 -9999 -9999 -9999 -9999 -9999 -9999 5.67207E-1 6.07623E-1 6.43234E-1 1.98864E-1 2.56838E-1 1.48571E-1 1.07347E-1 1.55895E-1 1.44688E-1 2.65644E-1 2.51337E-1 2.96429E-1 1.78166E-1 -9999 -9999 -9999 -9999 -9999 -9999 -9999 -9999 -9999 -9999 -9999 -9999 -9999 -9999 -9999 -9999 -9999 -9999 -9999 -9999 -9999 -9999 -9999 -9999 -9999 -9999 -9999 -9999 -9999 -9999 -9999 1.34449E-1 1.98435E-1 1.53535E-1 1.50669E-1 1.4149E-1 2.49565E-1 4.69069E-1 5.13155E-1 4.139E-1 2.1599E-1 1.44104E-1 8.63732E-2 3.55437E-2 2.59701E-2 1.66122E-2 3.32007E-2 1.99202E-2 4.76153E-3 4.91711E-3 6.36327E-3 8.51075E-3 1.17585E-2 2.17912E-2 9.2921E-2
9.2268E-1 8.76237E-1 7.6273E-1 5.1051E-1 4.95203E-1 -9999 -9999 -9999 -9999 -9999 4.24468E-1 5.02988E-1 5.92081E-1 2.92056E-1 2.00373E-1 2.02196E-1 1.52567E-1 2.25726E-1 2.47767E-1 1.47727E-1 1.68139E-1 2.33478E-1 1.58548E-1 -9999 -9999 -9999 -9999 -9999 -9999 -9999 -9999 -9999 -9999 -9999 -9999 -9999 -9999 -9999 -9999 -9999 -9999 -9999 -9999 -9999 -9999 -9999 -9999 -9999 -9999 -9999 -9999 -9999 -9999 -9999 1.32582E-1 1.07538E-1 2.3143E-1 2.09787E-1 1.3039E-1 2.94492E-1 3.9996E-1 4.52289E-1 4.86492E-1 5.76143E-1 1.8027E-1 1.6179E-1 4.30646E-2 2.73325E-2 8.85199E-3 2.93139E-2 2.67978E-2 3.68242E-3 4.57347E-3 7.68794E-3 1.09293E-2 1.5218E-2 1.316E-2 1.06773E-1
8.69987E-1 7.15289E-1 8.42236E-1 7.91155E-1 4.68616E-1 5.05496E-1 -9999 -9999 -9999 -9999 5.4149E-1 3.55112E-1 2.68786E-1 2.01073E-1 2.24441E-1 1.54805E-1 3.91646E-1 4.01392E-1 2.98773E-1 1.95681E-1 1.39438E-1 3.1678E-1 -9999 -9999 -9999 -9999 -9999 -9999 -9999 -9999 -9999 -9999 -9999 -9999 -9999 -9999 -9999 -9999 -9999 -9999 -9999 -9999 -9999 -9999 -9999 -9999 -9999 -9999 -9999 -9999 -9999 -9999 -9999 -9999 1.93604E-1 1.86585E-1 2.98549E-1 3.28081E-1 2.75669E-1 4.38735E-1 6.66142E-1 6.91765E-1 7.36705E-1 6.57677E-1 5.31701E-1 2.15606E-1 4.74177E-2 4.62652E-2 2.42376E-2 2.16608E-2 1.80917E-2 2.66293E-3 7.45916E-3 3.07287E-3 8.20758E-3 4.48169E-3 5.07163E-3 1.52852E-1
