ENM/Final_Models/M_0.9_F_q_Set_1_NE/Gustavia_santanderiensis_7_Choco_novel.asc
ncols         367
nrows         963
xllcorner     -78.6
yllcorner     0.65
cellsize      0.00833333333333323
NODATA_value  -9999
[rows 90 to 119 of 963, columns 204 to 271 of 367]
-9999 -9999 -9999 -9999 -9999 -9999 -9999 -9999 -9999 -9999 -9999 -9999 -9999 -9999 -9999 -9999 -9999 -9999 -9999 -9999 -9999 -9999 -9999 -9999 -9999 -9999 -9999 -9999 -9999 -9999 -9999 -9999 -9999 -9999 -9999 -9999 -9999 -9999 -9999 3.95249E0 3.3137E0 3.37359E0 3.95249E0 3.95249E0 4.71105E0 3.95249E0 6.16828E0 6.16828E0 5.38976E0 4.71105E0 3.95249E0 5.38976E0 5.38976E0 5.38976E0 4.71105E0 4.71105E0 5.38976E0 -9999 -9999 -9999 -9999 -9999 -9999 -9999 -9999 -9999 -9999 -9999
-9999 -9999 -9999 -9999 -9999 -9999 -9999 -9999 -9999 -9999 -9999 -9999 -9999 -9999 -9999 -9999 -9999 -9999 -9999 -9999 -9999 -9999 5.38976E0 -9999 -9999 -9999 -9999 -9999 -9999 -9999 -9999 -9999 -9999 -9999 -9999 -9999 -9999 -9999 -9999 4.71105E0 3.95249E0 3.37359E0 3.95249E0 3.95249E0 3.95249E0 4.71105E0 6.16828E0 6.86695E0 5.38976E0 4.71105E0 4.71105E0 5.38976E0 5.38976E0 4.71105E0 4.71105E0 5.38976E0 -9999 -9999 -9999 -9999 -9999 -9999 -9999 -9999 -9999 -9999 -9999 -9999
-9999 -9999 -9999 -9999 -9999 -9999 -9999 -9999 -9999 -9999 -9999 -9999 -9999 -9999 -9999 -9999 -9999 -9999 -9999 -9999 -9999 -9999 5.38976E0 -9999 -9999 -9999 -9999 -9999 -9999 -9999 -9999 -9999 -9999 -9999 -9999 -9999 -9999 -9999 -9999 3.95249E0 2.09602E0 3.37359E0 3.95249E0 3.95249E0 3.95249E0 4.71105E0 5.38976E0 6.16828E0 5.38976E0 4.71105E0 5.38976E0 4.71105E0 5.38976E0 5.38976E0 4.71105E0 4.71105E0 -9999 -9999 -9999 -9999 -9999 -9999 -9999 -9999 -9999 -9999 -9999 -9999
-9999 -9999 -9999 -9999 -9999 -9999 -9999 -9999 -9999 -9999 -9999 -9999 -9999 -9999 -9999 -9999 -9999 -9999 -9999 -9999 -9999 5.38976E0 5.38976E0 5.38976E0 -9999 -9999 -9999 -9999 -9999 -9999 -9999 -9999 -9999 -9999 -9999 -9999 -9999 -9999 -9999 4.71105E0 3.95249E0 3.95249E0 3.95249E0 3.95249E0 4.71105E0 5.38976E0 5.38976E0 6.16828E0 5.38976E0 5.38976E0 4.71105E0 5.38976E0 5.38976E0 5.38976E0 5.38976E0 -9999 -9999 -9999 -9999 -9999 -9999 -9999 -9999 -9999 -9999 -9999 -9999 -9999
-9999 -9999 -9999 -9999 -9999 -9999 -9999 -9999 -9999 -9999 -9999 -9999 -9999 -9999 -9999 -9999 -9999 -9999 -9999 -9999 5.38976E0 5.38976E0 5.38976E0 6.16828E0 6.16828E0 -9999 -9999 -9999 -9999 -9999 -9999 -9999 -9999 -9999 -9999 -9999 -9999 -9999 2.43537E0 -9999 2.67492E0 3.01427E0 3.95249E0 4.71105E0 4.71105E0 4.71105E0 5.38976E0 6.86695E0 6.16828E0 5.38976E0 4.71105E0 5.38976E0 5.38976E0 5.38976E0 6.16828E0 -9999 -9999 -9999 -9999 -9999 -9999 -9999 -9999 -9999 -9999 -9999 -9999 -9999
-9999 -9999 -9999 -9999 -9999 -9999 -9999 -9999 -9999 -9999 -9999 -9999 -9999 -9999 -9999 -9999 -9999 -9999 -9999 4.71105E0 5.38976E0 5.38976E0 6.16828E0 6.16828E0 6.16828E0 6.16828E0 -9999 -9999 -9999 -9999 -9999 -9999 -9999 -9999 -9999 -9999 -9999 -9999 -9999 -9999 3.95249E0 3.3137E0 3.95249E0 3.83272E0 5.38976E0 5.38976E0 6.16828E0 6.16828E0 5.38976E0 5.38976E0 5.38976E0 6.16828E0 6.86695E0 6.86695E0 6.16828E0 -9999 -9999 -9999 -9999 -9999 -9999 -9999 -9999 -9999 -9999 -9999 -9999 -9999
-9999 -9999 -9999 -9999 -9999 -9999 -9999 -9999 -9999 -9999 -9999 -9999 -9999 -9999 -9999 -9999 -9999 4.71105E0 5.38976E0 5.38976E0 5.38976E0 6.16828E0 6.16828E0 6.16828E0 6.16828E0 6.86695E0 6.86695E0 -9999 -9999 -9999 -9999 -9999 -9999 -9999 -9999 -9999 -9999 -9999 -9999 -9999 3.95249E0 3.95249E0 3.95249E0 3.95249E0 4.71105E0 5.38976E0 6.16828E0 5.38976E0 5.38976E0 6.16828E0 5.38976E0 6.86695E0 7.54566E0 6.86695E0 5.38976E0 -9999 -9999 -9999 -9999 -9999 -9999 -9999 -9999 -9999 -9999 -9999 -9999 -9999
-9999 -9999 -9999 -9999 -9999 -9999 -9999 -9999 -9999 -9999 -9999 -9999 -9999 -9999 4.71105E0 5.38976E0 5.38976E0 5.38976E0 5.38976E0 5.38976E0 6.16828E0 6.16828E0 6.16828E0 6.16828E0 6.86695E0 6.86695E0 6.86695E0 7.54566E0 -9999 -9999 -9999 -9999 -9999 -9999 -9999 -9999 -9999 -9999 -9999 4.71105E0 3.95249E0 3.95249E0 4.71105E0 4.71105E0 4.71105E0 5.38976E0 6.86695E0 5.38976E0 5.38976E0 5.38976E0 5.38976E0 6.86695E0 7.54566E0 6.86695E0 -9999 -9999 -9999 -9999 -9999 -9999 -9999 -9999 -9999 -9999 -9999 -9999 -9999 -9999
-9999 -9999 -9999 -9999 -9999 -9999 -9999 -9999 -9999 -9999 -9999 4.71105E0 4.71105E0 4.71105E0 4.71105E0 5.38976E0 5.38976E0 6.16828E0 6.16828E0 6.16828E0 6.16828E0 6.16828E0 6.86695E0 6.86695E0 6.86695E0 6.86695E0 6.86695E0 7.54566E0 7.54566E0 -9999 -9999 -9999 -9999 -9999 -9999 -9999 -9999 -9999 -9999 4.71105E0 3.95249E0 3.95249E0 3.95249E0 3.95249E0 4.71105E0 5.38976E0 6.16828E0 6.16828E0 5.38976E0 5.38976E0 5.38976E0 6.86695E0 7.54566E0 -9999 -9999 -9999 -9999 -9999 -9999 -9999 -9999 -9999 -9999 -9999 -9999 -9999 -9999 -9999
-9999 -9999 -9999 -9999 -9999 -9999 -9999 -9999 4.71105E0 4.71105E0 4.71105E0 4.71105E0 4.71105E0 5.38976E0 5.38976E0 4.71105E0 6.16828E0 6.16828E0 6.16828E0 6.16828E0 6.16828E0 6.86695E0 6.86695E0 6.86695E0 6.86695E0 6.86695E0 6.86695E0 7.54566E0 7.54566E0 7.54566E0 -9999 -9999 -9999 -9999 -9999 -9999 -9999 -9999 -9999 3.95249E0 3.95249E0 3.95249E0 3.95249E0 3.95249E0 4.71105E0 6.16828E0 5.38976E0 5.38976E0 5.38976E0 5.38976E0 6.16828E0 6.86695E0 6.86695E0 -9999 -9999 -9999 -9999 -9999 -9999 -9999 -9999 -9999 -9999 -9999 -9999 -9999 -9999 -9999
-9999 6.16828E0 5.38976E0 5.38976E0 4.71105E0 4.71105E0 4.71105E0 4.71105E0 4.71105E0 3.95249E0 4.71105E0 5.38976E0 5.38976E0 5.38976E0 5.38976E0 5.38976E0 6.16828E0 6.16828E0 6.16828E0 6.86695E0 6.86695E0 6.86695E0 6.86695E0 6.86695E0 6.86695E0 7.54566E0 7.54566E0 7.54566E0 7.54566E0 7.54566E0 7.54566E0 -9999 -9999 -9999 -9999 -9999 -9999 -9999 -9999 3.95249E0 1.43727E0 3.95249E0 3.95249E0 4.71105E0 4.71105E0 6.16828E0 6.16828E0 5.38976E0 4.71105E0 5.38976E0 6.86695E0 6.86695E0 6.16828E0 -9999 -9999 -9999 -9999 -9999 -9999 -9999 -9999 -9999 -9999 -9999 -9999 -9999 -9999 -9999
6.86695E0 6.16828E0 5.38976E0 5.38976E0 5.38976E0 4.71105E0 4.71105E0 4.71105E0 4.71105E0 3.95249E0 5.38976E0 5.38976E0 5.38976E0 5.38976E0 5.38976E0 5.38976E0 6.16828E0 6.16828E0 6.86695E0 6.86695E0 6.86695E0 6.86695E0 6.86695E0 6.86695E0 6.86695E0 7.54566E0 7.54566E0 7.54566E0 7.54566E0 7.54566E0 7.54566E0 6.86695E0 -9999 -9999 -9999 -9999 -9999 -9999 -9999 -9999 3.95249E0 3.95249E0 3.83272E0 4.71105E0 4.71105E0 6.16828E0 6.16828E0 5.38976E0 5.38976E0 6.16828E0 7.54566E0 6.86695E0 6.86695E0 5.38976E0 -9999 -9999 -9999 -9999 -9999 -9999 -9999 -9999 -9999 -9999 -9999 -9999 -9999 -9999
6.86695E0 6.16828E0 5.38976E0 5.38976E0 5.38976E0 5.38976E0 3.95249E0 4.71105E0 3.95249E0 3.95249E0 5.38976E0 5.38976E0 5.38976E0 6.16828E0 5.38976E0 6.16828E0 6.16828E0 6.16828E0 6.86695E0 6.86695E0 6.86695E0 6.86695E0 6.86695E0 7.54566E0 7.54566E0 7.54566E0 7.54566E0 7.54566E0 7.54566E0 7.54566E0 6.86695E0 6.86695E0 6.86695E0 -9999 -9999 -9999 -9999 -9999 -9999 -9999 4.71105E0 4.71105E0 4.71105E0 3.39355E0 4.71105E0 5.38976E0 6.16828E0 5.38976E0 5.38976E0 6.86695E0 7.54566E0 6.86695E0 6.16828E0 -9999 -9999 -9999 -9999 -9999 -9999 -9999 -9999 -9999 -9999 -9999 -9999 -9999 -9999 -9999
6.16828E0 6.16828E0 5.38976E0 5.38976E0 5.38976E0 5.38976E0 4.71105E0 4.71105E0 4.71105E0 4.71105E0 4.71105E0 4.71105E0 4.71105E0 5.38976E0 5.38976E0 6.16828E0 6.86695E0 6.86695E0 6.86695E0 6.86695E0 6.86695E0 6.86695E0 7.54566E0 7.54566E0 7.54566E0 7.54566E0 7.54566E0 7.54566E0 7.54566E0 7.54566E0 6.86695E0 6.86695E0 6.86695E0 6.16828E0 6.16828E0 -9999 -9999 -9999 -9999 -9999 3.95249E0 3.15401E0 4.71105E0 4.71105E0 5.38976E0 5.38976E0 5.38976E0 4.71105E0 6.16828E0 6.86695E0 8.36411E0 6.86695E0 6.86695E0 -9999 -9999 -9999 -9999 -9999 -9999 -9999 -9999 -9999 -9999 -9999 -9999 -9999 -9999 -9999
6.16828E0 6.16828E0 5.38976E0 5.38976E0 4.71105E0 4.71105E0 4.71105E0 4.71105E0 4.71105E0 4.71105E0 4.71105E0 5.38976E0 5.38976E0 5.38976E0 5.38976E0 6.86695E0 6.86695E0 6.86695E0 6.86695E0 6.86695E0 6.86695E0 6.86695E0 6.86695E0 7.54566E0 8.36411E0 8.36411E0 8.36411E0 7.54566E0 7.54566E0 7.54566E0 7.54566E0 6.86695E0 6.16828E0 6.86695E0 5.38976E0 5.38976E0 -9999 -9999 -9999 -9999 4.71105E0 4.71105E0 5.38976E0 5.38976E0 5.38976E0 5.38976E0 5.38976E0 5.38976E0 6.16828E0 7.54566E0 6.72722E0 6.86695E0 -9999 -9999 -9999 -9999 -9999 -9999 -9999 -9999 -9999 -9999 -9999 -9999 -9999 -9999 -9999 -9999
6.16828E0 5.38976E0 6.16828E0 5.38976E0 4.71105E0 4.71105E0 4.71105E0 4.71105E0 4.71105E0 4.71105E0 4.71105E0 5.38976E0 6.16828E0 5.38976E0 6.86695E0 6.86695E0 6.86695E0 6.86695E0 6.86695E0 6.86695E0 6.86695E0 7.54566E0 7.54566E0 7.54566E0 8.36411E0 8.36411E0 8.36411E0 8.36411E0 8.36411E0 7.54566E0 6.86695E0 6.86695E0 6.86695E0 6.16828E0 6.16828E0 5.38976E0 5.38976E0 5.38976E0 -9999 -9999 -9999 -9999 -9999 5.38976E0 5.38976E0 5.38976E0 5.38976E0 5.38976E0 6.86695E0 3.45344E0 5.96866E0 7.54566E0 -9999 -9999 -9999 -9999 -9999 -9999 -9999 -9999 -9999 -9999 -9999 -9999 -9999 -9999 -9999 -9999
6.16828E0 6.16828E0 5.38976E0 5.38976E0 5.38976E0 5.38976E0 4.71105E0 5.38976E0 4.71105E0 4.71105E0 5.38976E0 4.71105E0 6.16828E0 6.16828E0 6.86695E0 6.86695E0 6.86695E0 6.86695E0 6.86695E0 6.86695E0 6.86695E0 7.54566E0 7.54566E0 8.36411E0 8.36411E0 8.36411E0 8.36411E0 8.36411E0 8.36411E0 7.54566E0 6.86695E0 6.86695E0 6.86695E0 6.86695E0 6.16828E0 6.16828E0 6.16828E0 5.38976E0 5.38976E0 -9999 -9999 -9999 -9999 6.16828E0 6.16828E0 6.16828E0 5.38976E0 5.38976E0 6.86695E0 7.54566E0 7.54566E0 6.86695E0 -9999 -9999 -9999 -9999 -9999 -9999 -9999 -9999 -9999 -9999 -9999 -9999 -9999 -9999 -9999 -9999
6.16828E0 6.16828E0 6.16828E0 5.38976E0 5.38976E0 5.38976E0 5.38976E0 5.38976E0 5.38976E0 5.38976E0 5.38976E0 5.38976E0 6.16828E0 5.38976E0 6.16828E0 6.16828E0 6.86695E0 6.86695E0 6.86695E0 7.54566E0 7.54566E0 7.54566E0 8.36411E0 8.36411E0 8.36411E0 8.36411E0 8.36411E0 7.54566E0 7.54566E0 7.54566E0 7.54566E0 7.54566E0 6.86695E0 6.86695E0 6.16828E0 6.86695E0 6.16828E0 6.16828E0 5.38976E0 6.16828E0 -9999 -9999 -9999 -9999 -9999 -9999 6.16828E0 6.16828E0 6.16828E0 7.54566E0 7.54566E0 -9999 -9999 -9999 -9999 -9999 -9999 -9999 -9999 -9999 -9999 -9999 -9999 -9999 -9999 -9999 -9999 -9999
7.54566E0 6.16828E0 6.16828E0 6.16828E0 5.38976E0 5.38976E0 5.38976E0 5.38976E0 5.38976E0 5.38976E0 5.38976E0 5.38976E0 5.38976E0 6.16828E0 6.16828E0 6.16828E0 6.86695E0 6.86695E0 7.54566E0 7.54566E0 7.54566E0 7.54566E0 7.54566E0 8.36411E0 8.36411E0 8.36411E0 7.54566E0 7.54566E0 8.36411E0 7.54566E0 7.54566E0 7.54566E0 6.86695E0 6.86695E0 6.86695E0 6.16828E0 6.16828E0 6.16828E0 6.16828E0 6.16828E0 4.37169E0 -9999 -9999 -9999 -9999 6.16828E0 6.86695E0 7.54566E0 6.86695E0 7.54566E0 7.54566E0 -9999 -9999 -9999 -9999 -9999 -9999 -9999 -9999 -9999 -9999 -9999 -9999 -9999 -9999 -9999 -9999 -9999
7.54566E0 6.86695E0 6.16828E0 6.16828E0 6.16828E0 6.16828E0 6.16828E0 6.16828E0 6.16828E0 6.16828E0 6.16828E0 6.16828E0 5.38976E0 6.16828E0 6.16828E0 6.16828E0 6.16828E0 7.54566E0 7.54566E0 7.54566E0 7.54566E0 7.54566E0 7.54566E0 7.54566E0 8.36411E0 8.36411E0 8.36411E0 8.36411E0 8.36411E0 7.54566E0 7.54566E0 7.54566E0 6.86695E0 7.54566E0 6.86695E0 6.86695E0 6.86695E0 6.86695E0 4.03234E0 6.86695E0 5.52949E0 4.87075E0 6.86695E0 -9999 -9999 6.16828E0 7.54566E0 8.36411E0 8.36411E0 7.54566E0 7.54566E0 -9999 -9999 -9999 -9999 -9999 -9999 -9999 -9999 -9999 -9999 -9999 -9999 -9999 -9999 -9999 -9999 -9999
7.54566E0 6.86695E0 6.86695E0 6.86695E0 6.86695E0 6.86695E0 6.16828E0 6.16828E0 6.16828E0 6.16828E0 6.16828E0 6.16828E0 6.16828E0 6.16828E0 6.16828E0 6.16828E0 6.86695E0 6.86695E0 7.54566E0 7.54566E0 7.54566E0 7.54566E0 7.54566E0 8.36411E0 7.54566E0 8.36411E0 8.36411E0 8.36411E0 8.36411E0 8.36411E0 7.54566E0 8.36411E0 7.54566E0 6.86695E0 7.54566E0 7.54566E0 7.54566E0 6.86695E0 6.28805E0 6.86695E0 7.54566E0 5.60934E0 6.86695E0 6.86695E0 6.86695E0 7.54566E0 7.54566E0 9.48198E0 9.48198E0 8.36411E0 7.54566E0 -9999 -9999 -9999 -9999 -9999 -9999 -9999 -9999 -9999 -9999 -9999 -9999 -9999 -9999 -9999 6.86695E0 -9999
7.54566E0 7.54566E0 6.86695E0 6.86695E0 6.86695E0 6.86695E0 6.86695E0 6.86695E0 6.86695E0 6.86695E0 6.16828E0 6.16828E0 6.16828E0 6.16828E0 6.16828E0 6.16828E0 6.86695E0 6.86695E0 6.86695E0 7.54566E0 8.36411E0 8.36411E0 8.36411E0 8.36411E0 8.36411E0 8.36411E0 8.36411E0 8.36411E0 8.36411E0 8.36411E0 7.54566E0 8.36411E0 7.54566E0 7.54566E0 7.54566E0 7.54566E0 7.54566E0 7.54566E0 5.01048E0 7.54566E0 7.54566E0 7.54566E0 7.54566E0 6.86695E0 7.54566E0 7.54566E0 8.36411E0 8.36411E0 9.48198E0 8.36411E0 7.54566E0 7.54566E0 -9999 -9999 -9999 -9999 -9999 -9999 -9999 -9999 -9999 -9999 -9999 -9999 -9999 6.86695E0 6.86695E0 -9999
7.54566E0 7.54566E0 7.54566E0 6.86695E0 6.86695E0 6.86695E0 6.86695E0 6.86695E0 6.86695E0 6.86695E0 6.86695E0 6.86695E0 6.86695E0 6.86695E0 6.86695E0 6.86695E0 6.86695E0 6.86695E0 6.86695E0 8.36411E0 8.36411E0 8.36411E0 8.36411E0 8.36411E0 8.36411E0 9.52191E0 7.54566E0 7.54566E0 8.36411E0 7.54566E0 7.54566E0 7.54566E0 7.54566E0 7.54566E0 7.54566E0 7.54566E0 7.54566E0 7.54566E0 7.54566E0 5.01048E0 6.86695E0 6.86695E0 6.86695E0 6.86695E0 7.54566E0 7.54566E0 8.36411E0 9.52191E0 1.09193E1 9.48198E0 8.36411E0 8.36411E0 -9999 -9999 -9999 -9999 -9999 -9999 -9999 -9999 -9999 -9999 -9999 -9999 -9999 7.54566E0 6.86695E0 -9999
7.54566E0 7.54566E0 7.54566E0 6.86695E0 6.86695E0 6.86695E0 6.86695E0 6.86695E0 6.86695E0 6.86695E0 6.86695E0 6.86695E0 6.86695E0 6.86695E0 6.86695E0 6.86695E0 6.86695E0 6.86695E0 7.54566E0 7.54566E0 8.36411E0 8.36411E0 8.36411E0 8.36411E0 8.36411E0 8.36411E0 8.36411E0 7.54566E0 8.36411E0 7.54566E0 7.54566E0 7.54566E0 7.54566E0 7.54566E0 7.54566E0 7.54566E0 4.09222E0 5.60934E0 7.54566E0 6.86695E0 6.86695E0 5.52949E0 6.86695E0 6.86695E0 7.54566E0 8.36411E0 8.36411E0 8.36411E0 1.09193E1 1.09193E1 9.52191E0 8.36411E0 1.09193E1 -9999 -9999 -9999 -9999 -9999 -9999 -9999 -9999 -9999 -9999 -9999 8.36411E0 7.54566E0 7.54566E0 6.86695E0
7.54566E0 7.54566E0 7.54566E0 7.54566E0 7.54566E0 7.54566E0 6.86695E0 6.86695E0 6.86695E0 6.86695E0 6.86695E0 6.86695E0 6.86695E0 6.86695E0 6.86695E0 6.86695E0 6.86695E0 6.86695E0 7.54566E0 8.36411E0 8.36411E0 8.36411E0 8.36411E0 8.36411E0 8.36411E0 8.36411E0 8.36411E0 7.54566E0 8.36411E0 7.54566E0 7.54566E0 8.36411E0 7.54566E0 7.54566E0 7.54566E0 7.54566E0 7.54566E0 7.54566E0 6.86695E0 6.86695E0 6.86695E0 6.16828E0 6.86695E0 6.86695E0 6.86695E0 7.54566E0 7.54566E0 9.48198E0 1.27957E1 1.27957E1 1.27957E1 9.52191E0 6.72722E0 -9999 -9999 -9999 -9999 -9999 -9999 -9999 8.36411E0 8.36411E0 -9999 -9999 7.54566E0 6.86695E0 7.54566E0 7.54566E0
7.54566E0 7.54566E0 7.54566E0 7.54566E0 7.54566E0 7.54566E0 6.86695E0 7.54566E0 6.86695E0 6.86695E0 6.86695E0 7.54566E0 6.86695E0 7.54566E0 7.54566E0 6.86695E0 7.54566E0 7.54566E0 7.54566E0 7.54566E0 8.36411E0 8.36411E0 8.36411E0 8.36411E0 8.36411E0 8.36411E0 8.36411E0 8.36411E0 8.36411E0 7.54566E0 7.54566E0 7.54566E0 7.54566E0 8.36411E0 7.54566E0 8.36411E0 7.54566E0 5.60934E0 6.86695E0 6.86695E0 6.16828E0 6.16828E0 6.16828E0 6.86695E0 7.54566E0 7.54566E0 8.36411E0 7.22627E0 1.09193E1 1.27957E1 1.27957E1 1.09193E1 8.34415E0 -9999 -9999 -9999 -9999 -9999 -9999 -9999 8.36411E0 8.36411E0 9.48198E0 -9999 7.54566E0 7.54566E0 7.54566E0 6.86695E0
7.54566E0 7.54566E0 8.36411E0 8.36411E0 7.54566E0 7.54566E0 6.86695E0 7.54566E0 7.54566E0 7.54566E0 7.54566E0 7.54566E0 7.54566E0 7.54566E0 7.54566E0 7.54566E0 7.54566E0 7.54566E0 7.54566E0 7.54566E0 8.36411E0 8.36411E0 8.36411E0 8.36411E0 8.36411E0 8.36411E0 8.36411E0 8.36411E0 8.36411E0 7.54566E0 7.54566E0 7.54566E0 7.54566E0 8.36411E0 8.36411E0 8.36411E0 7.54566E0 6.86695E0 6.86695E0 6.86695E0 6.16828E0 6.86695E0 6.16828E0 6.16828E0 7.54566E0 7.54566E0 8.36411E0 6.72722E0 4.15211E0 9.00289E0 1.27957E1 1.09193E1 9.48198E0 8.36411E0 -9999 -9999 -9999 -9999 -9999 -9999 -9999 8.36411E0 8.36411E0 8.36411E0 7.54566E0 7.54566E0 7.54566E0 7.54566E0
7.54566E0 8.36411E0 7.54566E0 7.54566E0 7.54566E0 7.54566E0 7.54566E0 7.54566E0 7.54566E0 7.54566E0 7.54566E0 7.54566E0 7.54566E0 7.54566E0 7.54566E0 7.54566E0 7.54566E0 7.54566E0 7.54566E0 7.54566E0 7.54566E0 8.36411E0 8.36411E0 8.36411E0 8.36411E0 8.36411E0 8.36411E0 8.36411E0 8.36411E0 8.36411E0 7.54566E0 7.54566E0 7.54566E0 7.54566E0 7.00669E0 7.54566E0 5.60934E0 6.86695E0 6.86695E0 6.86695E0 6.16828E0 6.86695E0 6.16828E0 6.86695E0 6.86695E0 8.36411E0 7.54566E0 5.64927E0 1.43727E0 2.33556E0 5.50953E0 6.50764E0 9.48198E0 8.36411E0 -9999 -9999 -9999 -9999 -9999 -9999 -9999 9.52191E0 8.36411E0 8.36411E0 7.54566E0 7.54566E0 8.36411E0 6.86695E0
7.54566E0 8.36411E0 7.54566E0 8.36411E0 7.54566E0 7.54566E0 7.54566E0 7.54566E0 7.54566E0 7.54566E0 7.54566E0 7.54566E0 7.54566E0 7.54566E0 7.54566E0 7.54566E0 7.54566E0 7.54566E0 7.54566E0 7.54566E0 7.54566E0 7.54566E0 8.36411E0 8.36411E0 8.36411E0 8.36411E0 8.36411E0 8.36411E0 7.00669E0 8.36411E0 8.36411E0 7.54566E0 7.54566E0 7.00669E0 5.70915E0 7.54566E0 5.01048E0 6.86695E0 6.86695E0 6.86695E0 6.86695E0 6.16828E0 6.86695E0 6.86695E0 6.86695E0 7.54566E0 8.34415E0 1.03803E0 7.38597E-1 1.99621E0 4.0523E0 6.70726E0 9.48198E0 9.52191E0 -9999 -9999 -9999 -9999 -9999 -9999 -9999 -9999 9.48198E0 8.36411E0 7.54566E0 7.54566E0 7.54566E0 6.86695E0
7.54566E0 8.36411E0 8.36411E0 8.36411E0 7.54566E0 7.54566E0 7.54566E0 7.54566E0 6.86695E0 7.54566E0 7.54566E0 7.54566E0 7.54566E0 7.54566E0 7.54566E0 7.54566E0 7.54566E0 7.54566E0 7.54566E0 7.54566E0 7.54566E0 5.70915E0 8.36411E0 8.36411E0 8.36411E0 8.36411E0 8.36411E0 5.70915E0 5.09033E0 8.36411E0 8.36411E0 6.38786E0 7.54566E0 7.54566E0 7.00669E0 8.36411E0 5.01048E0 6.28805E0 5.52949E0 7.54566E0 7.54566E0 6.86695E0 6.86695E0 6.86695E0 7.54566E0 7.54566E0 1.43727E0 1.03803E0 3.85268E0 2.23575E0 8.1046E0 1.09592E1 1.27957E1 1.09193E1 8.36411E0 7.54566E0 -9999 -9999 -9999 -9999 -9999 -9999 -9999 9.48198E0 8.36411E0 7.54566E0 7.54566E0 7.54566E0
