ENM/Final_Models/M_0.9_F_q_Set_1_NE/Gustavia_santanderiensis_8_Choco.asc
ncols         367
nrows         963
xllcorner     -78.6
yllcorner     0.65
cellsize      0.00833333333333323
NODATA_value  -9999
[rows 238 to 271 of 963, columns 234 to 311 of 367]
0E0 0E0 2.6665E-1 2.18143E-1 8.39129E-2 1.82939E-2 1.26079E-2 8.63566E-2 7.41255E-2 9.60635E-2 2.82916E-1 4.82392E-1 0E0 0E0 4.06183E-1 4.65111E-1 5.80286E-1 7.20405E-1 8.24438E-1 7.36348E-1 0E0 0E0 0E0 0E0 7.16634E-1 8.64589E-1 8.7406E-1 5.93792E-1 5.34212E-1 3.59625E-1 3.38855E-1 3.16335E-1 3.29836E-1 2.02971E-1 1.52554E-1 7.497E-2 4.37906E-2 5.54959E-2 4.88976E-2 7.89889E-2 3.31464E-2 2.25418E-2 1.36013E-3 2.6493E-4 1.37397E-3 2.52041E-3 1.28457E-3 5.00733E-4 1.24146E-3 1.71191E-3 7.27069E-4 1.43813E-4 9.78562E-6 5.24785E-7 9.05636E-7 8.37452E-5 1.27566E-5 1.65014E-5 4.26082E-6 3.27758E-5 -9999 -9999 -9999 -9999 -9999 -9999 -9999 -9999 -9999 -9999 -9999 -9999 -9999 -9999 -9999 -9999 -9999 -9999
0E0 0E0 5.72455E-1 3.45583E-1 1.87817E-1 3.7409E-2 1.26453E-2 6.60248E-2 6.32173E-2 7.30858E-2 2.87549E-1 5.64068E-1 0E0 0E0 3.84236E-1 2.82211E-1 3.57868E-1 6.83687E-1 6.82333E-1 7.74082E-1 4.7864E-1 0E0 0E0 5.44297E-1 8.17774E-1 8.66442E-1 9.18953E-1 6.76358E-1 5.67175E-1 6.46457E-1 2.08236E-1 2.294E-1 2.71097E-1 3.20658E-1 1.30023E-1 6.00099E-2 6.51295E-2 6.76151E-2 1.43628E-2 5.10132E-2 1.87265E-2 7.59106E-3 7.50503E-4 8.45829E-4 3.65877E-3 2.42285E-3 1.05465E-3 1.53534E-3 9.91661E-4 3.73102E-4 4.67036E-4 1.65197E-4 3.39055E-6 -9999 -9999 4.45239E-6 9.62162E-7 1.78142E-7 5.75581E-6 -9999 -9999 -9999 -9999 -9999 -9999 -9999 -9999 -9999 -9999 -9999 -9999 -9999 -9999 -9999 -9999 -9999 -9999 -9999
0E0 0E0 0E0 0E0 3.12222E-1 1.87556E-1 2.58575E-2 1.75173E-2 1.13016E-1 1.25931E-1 2.15357E-1 2.78143E-1 0E0 0E0 5.06668E-1 4.05174E-1 4.74788E-1 5.36712E-1 5.50192E-1 6.71378E-1 5.42678E-1 3.80458E-1 4.75468E-1 6.97944E-1 6.68166E-1 8.91997E-1 8.82085E-1 8.6232E-1 4.87198E-1 4.11123E-1 3.14701E-1 1.7183E-1 2.68232E-1 2.74285E-1 9.29419E-2 9.32262E-2 7.3273E-2 5.58303E-2 2.08071E-2 2.9705E-2 1.18289E-2 6.64823E-3 4.3874E-3 2.33108E-3 3.77032E-3 4.51217E-3 9.47247E-4 5.20386E-4 7.10247E-4 6.6656E-5 7.68387E-6 2.46983E-6 1.33473E-6 1.37027E-6 1.27938E-7 -9999 1.36184E-6 -9999 -9999 -9999 -9999 -9999 -9999 -9999 -9999 -9999 -9999 -9999 -9999 -9999 -9999 -9999 -9999 -9999 -9999 -9999 -9999 -9999
0E0 0E0 0E0 0E0 0E0 2.3259E-1 2.91254E-2 2.07714E-2 7.24819E-2 9.36763E-2 1.66396E-1 2.86306E-1 0E0 0E0 7.35755E-1 5.2228E-1 6.74363E-1 5.76198E-1 5.16789E-1 5.24218E-1 4.80754E-1 3.46018E-1 0E0 7.14407E-1 7.26751E-1 8.26265E-1 9.32755E-1 8.11013E-1 5.66785E-1 5.93298E-1 3.47551E-1 2.20161E-1 1.85247E-1 1.57296E-1 9.00488E-2 5.51388E-2 4.06441E-2 3.77092E-2 1.16047E-2 8.42746E-3 2.77366E-3 3.28405E-3 4.86769E-3 6.03929E-3 7.0276E-3 1.61976E-3 4.57758E-4 3.0208E-4 1.24506E-3 1.3549E-4 9.63394E-5 1.92566E-5 7.50632E-7 7.13499E-8 8.143E-8 3.47975E-6 -9999 -9999 -9999 -9999 -9999 -9999 -9999 -9999 -9999 -9999 -9999 -9999 -9999 -9999 -9999 -9999 -9999 -9999 -9999 -9999 -9999 -9999
0E0 0E0 0E0 0E0 0E0 1.67484E-1 1.60287E-2 1.28812E-2 3.76078E-2 8.19476E-2 1.50398E-1 3.33293E-1 0E0 0E0 7.17331E-1 3.87717E-1 5.05924E-1 4.83929E-1 6.42605E-1 4.94689E-1 3.39759E-1 3.89135E-1 7.43424E-1 8.65342E-1 9.26329E-1 9.22385E-1 9.57033E-1 8.57298E-1 8.5147E-1 8.3196E-1 2.76762E-1 1.52679E-1 1.06414E-1 1.03896E-1 1.42228E-1 5.54577E-2 3.23224E-2 1.72131E-2 1.09014E-2 1.06016E-2 9.98416E-4 1.00933E-3 1.40218E-3 3.52741E-3 2.57626E-3 3.49703E-3 3.05889E-3 1.12913E-3 1.74297E-3 1.0419E-3 3.61272E-4 4.27034E-5 1.3775E-6 7.30933E-7 9.93255E-8 6.72724E-7 -9999 -9999 -9999 -9999 -9999 -9999 -9999 -9999 -9999 -9999 -9999 -9999 -9999 -9999 -9999 -9999 -9999 -9999 -9999 -9999 -9999 -9999
0E0 0E0 0E0 0E0 0E0 2.16433E-1 2.58778E-2 1.35276E-2 2.28035E-2 6.3726E-2 1.10052E-1 2.43942E-1 0E0 0E0 7.47634E-1 6.92325E-1 8.31043E-1 7.34254E-1 3.7016E-1 6.54682E-1 5.05204E-1 6.88722E-1 8.22205E-1 9.43672E-1 9.91028E-1 9.78257E-1 9.19838E-1 8.29364E-1 8.15755E-1 9.22235E-1 3.85974E-1 2.42146E-1 1.26885E-1 1.22229E-1 1.38943E-1 4.67792E-2 1.33284E-2 1.49645E-2 3.6101E-3 1.29701E-2 6.84655E-3 1.74717E-3 1.00178E-3 7.62119E-4 7.98697E-3 1.65185E-3 1.04976E-3 1.26471E-3 1.23995E-3 1.48966E-3 7.04866E-4 1.31972E-4 1.31349E-5 1.308E-5 2.74003E-6 -9999 -9999 -9999 -9999 -9999 -9999 -9999 -9999 -9999 -9999 -9999 -9999 -9999 -9999 -9999 -9999 -9999 -9999 -9999 -9999 -9999 -9999 -9999
0E0 0E0 0E0 0E0 0E0 4.57913E-1 4.40834E-2 3.42688E-2 7.25633E-2 1.0489E-1 1.49472E-1 0E0 0E0 0E0 8.71567E-1 7.90162E-1 8.91433E-1 7.79155E-1 5.67669E-1 6.77499E-1 6.81718E-1 8.15886E-1 9.06256E-1 9.70976E-1 9.75074E-1 9.34645E-1 8.95719E-1 9.10321E-1 9.29363E-1 9.57968E-1 3.45694E-1 2.2007E-1 2.8709E-1 2.35381E-1 1.0116E-1 3.93549E-2 2.16689E-2 2.78214E-2 1.79832E-2 1.4688E-2 1.26064E-2 6.72621E-3 6.02788E-3 2.03447E-4 6.48074E-4 2.92938E-3 1.94163E-3 5.49935E-4 4.06301E-4 6.12332E-4 8.17282E-4 2.0372E-3 9.36942E-4 1.52201E-4 3.36653E-5 3.0706E-6 -9999 -9999 -9999 -9999 -9999 -9999 -9999 -9999 -9999 -9999 -9999 -9999 -9999 -9999 -9999 -9999 -9999 -9999 -9999 -9999 -9999 -9999
0E0 0E0 0E0 0E0 0E0 1.756E-1 5.78847E-2 3.07151E-2 6.383E-2 1.37539E-1 1.52307E-1 0E0 0E0 0E0 7.74332E-1 8.29795E-1 5.86013E-1 4.73666E-1 6.8848E-1 5.07985E-1 7.56429E-1 9.55388E-1 9.83034E-1 9.72269E-1 9.80858E-1 8.71167E-1 9.39843E-1 8.95997E-1 6.08415E-1 7.57451E-1 4.509E-1 1.04596E-1 1.33069E-1 4.51187E-1 1.35273E-1 1.12483E-1 8.87914E-2 6.58758E-2 2.65759E-2 2.55668E-2 5.14487E-3 3.90751E-3 2.76342E-3 1.45216E-3 1.60269E-4 1.45352E-3 6.53634E-4 6.40708E-5 1.56882E-4 2.25443E-4 3.29794E-4 1.15096E-3 4.77543E-4 8.55439E-5 1.84031E-5 1.59728E-6 2.77738E-7 -9999 -9999 -9999 -9999 -9999 -9999 -9999 -9999 -9999 -9999 -9999 -9999 -9999 -9999 -9999 -9999 -9999 -9999 -9999 -9999 -9999
0E0 0E0 0E0 0E0 0E0 1.07417E-1 1.41265E-2 3.43324E-2 1.01536E-1 1.81154E-1 0E0 0E0 0E0 0E0 9.24852E-1 9.52263E-1 7.17361E-1 6.47102E-1 5.95018E-1 7.09908E-1 7.81055E-1 7.5717E-1 7.3589E-1 8.71735E-1 8.35661E-1 8.73898E-1 7.97371E-1 7.49207E-1 5.559E-1 7.49378E-1 3.37772E-1 9.10649E-2 3.6402E-1 4.1131E-1 1.1614E-1 7.0308E-2 3.16348E-2 8.33475E-3 1.81429E-2 3.03138E-2 1.42284E-2 8.67395E-3 9.06082E-3 1.17483E-3 7.75103E-5 6.36177E-5 1.46949E-5 5.59009E-5 1.63445E-5 7.96009E-6 4.57224E-5 8.46342E-5 2.97185E-4 2.69774E-4 5.06365E-5 2.87353E-5 4.45193E-7 -9999 -9999 -9999 -9999 -9999 -9999 -9999 -9999 -9999 -9999 -9999 -9999 -9999 -9999 -9999 -9999 -9999 -9999 -9999 -9999 -9999
0E0 0E0 0E0 0E0 0E0 1.61063E-1 4.25062E-2 3.49372E-2 8.8557E-2 1.40659E-1 0E0 0E0 0E0 0E0 9.99509E-1 6.86132E-1 4.54063E-1 3.54252E-1 3.71327E-1 7.08632E-1 7.41766E-1 4.71857E-1 3.83223E-1 3.31449E-1 4.1845E-1 4.88536E-1 4.44819E-1 7.89058E-1 7.77099E-1 4.58768E-1 2.67404E-1 2.20841E-1 2.95316E-1 3.53296E-1 2.38417E-1 1.03973E-1 3.6636E-2 1.80574E-2 2.1183E-2 1.32218E-2 7.15486E-3 9.92042E-4 3.10468E-4 3.7829E-4 3.36311E-5 1.27196E-4 4.63357E-6 1.87171E-5 3.75179E-6 2.23387E-6 1.63579E-6 5.45492E-6 1.18608E-6 3.5361E-5 2.98463E-5 1.36244E-5 9.43911E-7 -9999 -9999 -9999 -9999 -9999 -9999 -9999 -9999 -9999 -9999 -9999 -9999 -9999 -9999 -9999 -9999 -9999 -9999 -9999 -9999 -9999
0E0 0E0 0E0 0E0 0E0 0E0 4.1212E-2 6.96857E-2 2.00913E-1 0E0 0E0 0E0 0E0 0E0 9.95172E-1 6.22198E-1 6.58689E-1 2.66658E-1 3.38099E-1 4.24377E-1 7.5E-1 4.06223E-1 2.80941E-1 2.89553E-1 3.53847E-1 4.36561E-1 2.59377E-1 5.03881E-1 8.75896E-1 3.94176E-1 2.42595E-1 2.41113E-1 2.54175E-1 3.85418E-1 2.21344E-1 3.15684E-1 5.02322E-2 1.97786E-2 2.43487E-2 2.20577E-2 5.03202E-3 4.80374E-4 1.64247E-4 2.26976E-4 4.30814E-5 9.73537E-5 7.11087E-6 8.66862E-5 3.44715E-5 4.92391E-6 1.15806E-6 1.12059E-6 4.56643E-7 3.10029E-6 -9999 -9999 -9999 -9999 -9999 -9999 -9999 -9999 -9999 -9999 -9999 -9999 -9999 -9999 -9999 -9999 -9999 -9999 -9999 -9999 -9999 -9999 -9999 -9999
0E0 0E0 0E0 0E0 0E0 0E0 0E0 0E0 0E0 0E0 0E0 0E0 0E0 8.51275E-1 9.98572E-1 5.96292E-1 4.91006E-1 3.74755E-1 3.52373E-1 4.84277E-1 4.56014E-1 3.73153E-1 3.52803E-1 5.92594E-1 5.84741E-1 6.32499E-1 4.56016E-1 2.79297E-1 8.75672E-1 5.24048E-1 2.55738E-1 1.59765E-1 2.85784E-1 3.05852E-1 4.56716E-1 4.23852E-1 1.14331E-1 5.08104E-2 2.27855E-2 1.17904E-2 4.65978E-3 1.82822E-3 1.44114E-4 8.30261E-5 1.38035E-4 2.48835E-4 2.07693E-4 5.10081E-4 2.26337E-4 6.27019E-5 4.98682E-6 1.2137E-6 2.85056E-7 -9999 -9999 -9999 -9999 -9999 -9999 -9999 -9999 -9999 -9999 -9999 -9999 -9999 -9999 -9999 -9999 -9999 -9999 -9999 -9999 -9999 -9999 -9999 -9999 -9999
0E0 0E0 0E0 0E0 0E0 0E0 0E0 0E0 0E0 0E0 0E0 0E0 0E0 9.95024E-1 9.9725E-1 6.70014E-1 5.59791E-1 7.18669E-1 7.45165E-1 6.58286E-1 6.76667E-1 5.74339E-1 7.88838E-1 4.32024E-1 5.64047E-1 6.39955E-1 5.53648E-1 2.60496E-1 7.5888E-1 3.82669E-1 2.8008E-1 2.26206E-1 7.33711E-2 2.12139E-1 4.02687E-1 3.35038E-1 1.36195E-1 8.42662E-2 1.63266E-2 8.8644E-3 9.33934E-3 1.97823E-3 2.16968E-4 1.63935E-4 3.50131E-4 1.10353E-3 2.0314E-3 1.51712E-3 2.09769E-4 1.6967E-4 4.48278E-5 9.29556E-6 9.05032E-6 -9999 -9999 -9999 -9999 2.74796E-6 1.05276E-6 -9999 -9999 -9999 -9999 -9999 -9999 -9999 -9999 -9999 -9999 -9999 -9999 -9999 -9999 -9999 -9999 -9999 -9999 -9999
0E0 0E0 0E0 0E0 0E0 0E0 0E0 0E0 0E0 0E0 0E0 0E0 0E0 4.82206E-1 9.68759E-1 9.12769E-1 5.22962E-1 3.56048E-1 4.16329E-1 5.71049E-1 8.7803E-1 6.44719E-1 6.67563E-1 8.78599E-1 8.03832E-1 9.6786E-1 7.94574E-1 6.58814E-1 7.89715E-1 5.43398E-1 3.2725E-1 6.81286E-2 9.468E-2 2.3511E-1 3.70774E-1 3.04692E-1 1.65738E-1 8.16505E-2 1.43686E-2 8.19787E-3 7.12773E-3 3.98107E-3 2.56685E-3 3.31879E-3 1.22715E-3 1.31593E-3 2.30489E-3 1.48204E-4 2.01332E-4 9.39453E-5 3.56666E-5 8.04499E-6 -9999 -9999 6.54923E-7 1.57615E-6 1.59977E-6 6.19124E-6 7.79076E-7 -9999 -9999 -9999 -9999 -9999 -9999 -9999 -9999 -9999 -9999 -9999 -9999 -9999 -9999 -9999 -9999 -9999 -9999 -9999
0E0 0E0 0E0 0E0 0E0 0E0 0E0 0E0 0E0 0E0 0E0 0E0 7.62541E-1 5.94684E-1 6.67038E-1 9.70623E-1 7.9611E-1 5.22095E-1 6.39619E-1 5.19766E-1 5.82156E-1 6.66664E-1 8.48375E-1 9.61871E-1 9.86266E-1 9.23951E-1 9.1241E-1 9.49527E-1 6.55517E-1 3.06699E-1 3.61214E-1 9.26558E-2 1.84933E-1 1.93586E-1 5.16216E-1 2.98366E-1 3.06618E-1 1.85928E-1 7.46925E-2 4.46325E-2 3.97305E-3 6.48858E-3 1.07992E-2 1.1423E-2 6.75479E-3 2.17742E-3 3.61242E-3 1.69378E-4 1.51527E-4 4.74542E-5 2.4109E-5 9.50592E-6 5.49428E-6 5.98224E-6 1.52524E-5 6.80078E-6 1.23795E-5 2.05113E-6 7.6563E-5 1.76866E-5 -9999 -9999 -9999 -9999 -9999 -9999 -9999 -9999 -9999 -9999 -9999 -9999 -9999 -9999 -9999 -9999 -9999 -9999
0E0 0E0 0E0 0E0 0E0 0E0 0E0 0E0 0E0 0E0 0E0 0E0 0E0 6.65015E-1 7.83575E-1 6.47407E-1 9.39841E-1 6.13413E-1 4.81596E-1 6.86923E-1 6.94243E-1 7.24616E-1 9.47654E-1 9.89564E-1 9.70669E-1 9.91113E-1 9.93109E-1 8.9577E-1 5.26067E-1 3.47651E-1 4.18195E-1 4.07212E-1 2.81411E-1 4.2477E-1 4.2564E-1 3.97335E-1 2.30051E-1 2.71112E-1 1.98349E-1 9.99245E-2 3.01471E-2 3.63792E-3 1.69142E-3 9.54835E-3 2.11709E-3 3.48469E-3 8.9096E-4 1.12853E-3 7.60937E-4 2.55565E-4 2.12914E-5 3.42704E-5 7.57807E-5 7.16323E-6 1.92785E-5 2.66531E-5 1.33075E-5 6.10161E-5 7.8655E-6 3.01135E-5 -9999 -9999 -9999 -9999 -9999 -9999 -9999 -9999 -9999 -9999 -9999 -9999 -9999 -9999 -9999 -9999 -9999 -9999
0E0 0E0 0E0 0E0 0E0 0E0 0E0 0E0 0E0 0E0 0E0 0E0 0E0 0E0 9.79304E-1 7.08403E-1 9.93981E-1 8.14914E-1 7.27725E-1 5.38261E-1 4.92193E-1 5.98722E-1 8.94431E-1 9.90289E-1 9.47554E-1 9.9977E-1 7.66065E-1 8.61351E-1 6.11468E-1 4.44415E-1 2.85758E-1 3.63869E-1 3.51253E-1 4.48182E-1 2.22682E-1 3.51803E-1 2.72585E-1 2.02277E-1 1.02762E-1 1.74402E-1 1.03475E-1 3.16905E-2 4.27411E-3 1.29312E-2 1.16981E-2 1.38565E-3 1.48877E-3 1.93255E-3 3.67776E-4 5.85008E-5 8.4743E-5 8.16109E-5 1.32524E-4 1.82923E-4 4.77687E-5 2.40408E-5 2.85311E-5 3.24975E-5 3.87886E-5 3.06798E-6 1.1047E-5 -9999 -9999 -9999 -9999 -9999 -9999 -9999 -9999 -9999 -9999 -9999 -9999 -9999 -9999 -9999 -9999 -9999
0E0 0E0 0E0 0E0 0E0 0E0 0E0 0E0 1.66301E-1 0E0 0E0 0E0 0E0 0E0 0E0 8.43409E-1 9.80491E-1 9.73182E-1 9.281E-1 9.35193E-1 9.03888E-1 6.50413E-1 8.46356E-1 9.55521E-1 9.99105E-1 9.99659E-1 6.71529E-1 7.30002E-1 6.79001E-1 3.81307E-1 2.96195E-1 3.06513E-1 3.72415E-1 4.07964E-1 2.46739E-1 2.0453E-1 2.71957E-1 2.89249E-1 1.26171E-1 1.30377E-1 1.1582E-1 5.90471E-2 6.95498E-3 4.3514E-3 1.80347E-3 4.64035E-4 1.32876E-3 5.48586E-4 1.04716E-4 1.14279E-4 8.46168E-5 8.19037E-4 2.62449E-4 2.45622E-4 5.65431E-5 2.07732E-5 5.76792E-5 1.88194E-4 1.05813E-4 2.28836E-5 3.3288E-6 -9999 -9999 -9999 -9999 -9999 -9999 -9999 -9999 -9999 -9999 -9999 -9999 -9999 -9999 -9999 -9999 -9999
0E0 0E0 0E0 0E0 0E0 0E0 0E0 6.98312E-2 1.28554E-1 1.99404E-1 2.6158E-1 0E0 0E0 0E0 0E0 0E0 9.99977E-1 9.98121E-1 9.58964E-1 9.96758E-1 7.81097E-1 7.8451E-1 8.27624E-1 8.57809E-1 9.6387E-1 8.32337E-1 5.50318E-1 7.3169E-1 6.68113E-1 4.20972E-1 4.53213E-1 3.36199E-1 2.02454E-1 2.61897E-1 1.53311E-1 1.6262E-1 1.95908E-1 1.74424E-1 1.19082E-1 6.56275E-2 5.47925E-2 2.15629E-2 2.40608E-3 4.79904E-4 1.54494E-4 3.42965E-4 2.5853E-4 1.20816E-4 2.15716E-4 3.05198E-4 1.23871E-4 5.34911E-5 2.0572E-5 1.34013E-5 7.3196E-5 5.53035E-5 3.7349E-5 1.08962E-4 8.95959E-5 9.69466E-5 5.58772E-5 5.32353E-5 -9999 -9999 -9999 -9999 -9999 -9999 -9999 -9999 -9999 -9999 -9999 -9999 -9999 -9999 -9999 -9999
0E0 0E0 0E0 0E0 0E0 0E0 1.26779E-1 1.34159E-1 1.69968E-1 3.27758E-1 4.9031E-1 0E0 0E0 0E0 0E0 0E0 9.95142E-1 5.98084E-1 8.3946E-1 8.22315E-1 5.3499E-1 8.73496E-1 7.97082E-1 9.7574E-1 8.33085E-1 4.88578E-1 4.64116E-1 6.28533E-1 5.47391E-1 2.9013E-1 1.89384E-1 1.56966E-1 1.39179E-1 1.2924E-1 2.49856E-1 2.29506E-1 1.37762E-1 8.81428E-2 7.98938E-2 6.3682E-2 5.92923E-2 2.35665E-2 3.70234E-3 3.58768E-3 5.00016E-3 2.83932E-3 1.42838E-2 8.99213E-4 3.03951E-3 4.78277E-3 1.46297E-3 3.44914E-4 2.50936E-4 4.27559E-5 1.30914E-4 2.72603E-5 9.43931E-5 1.64924E-4 2.41991E-4 2.7443E-4 1.50574E-4 7.01502E-5 8.55548E-5 -9999 -9999 -9999 -9999 -9999 -9999 -9999 -9999 -9999 -9999 -9999 -9999 -9999 -9999 -9999
0E0 0E0 0E0 0E0 0E0 0E0 0E0 5.87398E-2 3.58144E-2 2.20294E-1 0E0 0E0 0E0 0E0 0E0 0E0 9.64922E-1 6.64275E-1 5.26086E-1 6.7275E-1 4.78473E-1 3.69381E-1 6.78149E-1 7.29108E-1 3.19931E-1 1.85936E-1 1.9476E-1 3.62631E-1 4.15196E-1 2.88399E-1 3.10666E-1 3.00333E-1 2.4354E-1 2.01471E-1 2.18428E-1 2.23378E-1 1.12021E-1 1.30442E-1 1.15821E-1 1.18847E-1 1.12363E-1 5.39184E-2 7.1517E-3 8.57206E-3 8.64059E-3 7.21601E-3 7.17508E-3 8.89527E-3 8.96276E-3 7.2734E-3 1.60468E-3 3.23899E-4 3.04939E-5 7.12348E-5 1.66845E-4 7.1584E-5 2.67642E-4 1.33464E-4 1.88812E-4 5.9524E-5 4.78655E-5 5.33767E-5 3.38865E-5 4.52819E-5 -9999 -9999 -9999 -9999 -9999 -9999 -9999 -9999 -9999 -9999 -9999 -9999 -9999 -9999
0E0 0E0 0E0 0E0 0E0 0E0 0E0 0E0 1.20217E-1 1.97801E-1 1.84824E-1 2.19933E-1 0E0 0E0 0E0 0E0 0E0 9.96191E-1 8.54424E-1 7.51899E-1 5.67875E-1 1.83607E-1 4.04516E-1 3.23594E-1 1.71089E-1 2.12566E-1 1.71952E-1 2.7517E-1 4.40425E-1 2.79051E-1 2.70463E-1 3.61776E-1 4.48271E-1 2.7237E-1 1.4794E-1 1.65444E-1 9.83037E-2 3.35091E-1 3.77135E-1 1.70697E-1 5.62043E-2 6.34443E-2 6.02031E-3 4.31079E-3 1.38543E-3 1.51917E-3 5.23532E-3 5.84981E-3 1.91121E-3 3.73274E-4 1.18189E-4 2.81812E-5 2.18622E-4 2.39857E-4 1.05489E-4 2.15379E-4 2.68668E-4 2.26722E-4 2.77419E-4 4.14399E-4 1.58627E-4 1.53638E-4 1.83063E-4 6.31219E-5 1.23479E-4 -9999 -9999 -9999 -9999 -9999 -9999 -9999 -9999 -9999 -9999 -9999 -9999 -9999
0E0 0E0 0E0 0E0 0E0 0E0 0E0 0E0 3.45275E-1 2.5609E-1 1.75018E-1 2.0284E-1 2.32747E-1 0E0 0E0 0E0 0E0 9.83451E-1 9.56102E-1 9.59099E-1 7.31847E-1 3.09052E-1 2.92216E-1 4.64578E-1 2.11907E-1 1.59875E-1 2.45184E-1 3.02545E-1 5.40718E-1 5.1429E-1 4.45226E-1 3.50799E-1 3.90903E-1 3.36311E-1 2.41528E-1 1.08513E-1 1.28106E-1 2.68859E-1 0E0 1.5993E-1 4.63327E-2 4.87563E-2 6.87736E-3 4.26094E-3 7.97376E-4 5.54333E-4 1.36628E-3 1.68682E-3 1.79785E-3 1.89748E-3 4.00504E-5 1.65062E-5 1.29906E-6 1.52776E-4 1.68596E-4 1.0066E-3 6.55905E-4 2.51027E-4 1.8093E-4 -9999 -9999 -9999 6.20838E-5 8.16341E-5 1.07041E-4 -9999 -9999 -9999 -9999 -9999 -9999 -9999 -9999 -9999 -9999 -9999 -9999 -9999
0E0 0E0 0E0 0E0 0E0 0E0 0E0 0E0 0E0 2.18396E-1 1.75921E-1 2.02302E-1 2.27985E-1 4.93884E-1 0E0 0E0 0E0 0E0 9.61782E-1 9.3268E-1 9.19253E-1 4.33657E-1 3.09099E-1 3.01414E-1 1.79672E-1 2.10686E-1 2.04191E-1 3.19489E-1 3.71467E-1 4.47877E-1 3.77312E-1 4.47127E-1 6.63709E-1 4.96924E-1 8.30142E-1 1.46647E-1 1.62969E-1 2.50197E-1 0E0 0E0 5.01247E-2 3.07088E-2 1.29009E-2 1.30383E-2 8.53462E-3 3.36946E-3 3.26468E-3 1.01167E-3 3.96192E-4 4.02485E-3 7.60118E-5 1.08162E-5 1.14856E-5 1.42093E-4 4.22877E-4 4.32615E-4 5.59673E-4 6.66654E-4 3.77468E-4 2.18271E-4 -9999 -9999 -9999 7.02443E-7 2.2174E-6 -9999 -9999 -9999 -9999 -9999 -9999 -9999 -9999 -9999 -9999 -9999 -9999 -9999
0E0 0E0 0E0 0E0 0E0 0E0 0E0 0E0 0E0 4.03209E-1 9.36078E-2 1.16391E-1 1.58575E-1 2.68083E-1 0E0 0E0 0E0 0E0 9.07233E-1 5.14071E-1 6.95918E-1 6.93882E-1 4.50439E-1 3.84712E-1 2.1349E-1 4.50271E-1 2.51917E-1 2.85583E-1 6.14552E-1 6.37526E-1 5.03499E-1 5.36019E-1 7.01213E-1 8.63859E-1 7.22442E-1 2.1112E-1 1.75471E-1 3.20715E-1 0E0 0E0 7.55E-2 4.00889E-2 1.15373E-2 3.1321E-3 4.83786E-3 4.44955E-3 3.08073E-3 7.7588E-4 8.13364E-4 2.46731E-4 1.85925E-4 2.40655E-5 1.04604E-4 3.75537E-4 7.25819E-4 5.77263E-4 6.56081E-4 4.09656E-4 3.06727E-4 8.98614E-5 -9999 -9999 -9999 -9999 -9999 7.40269E-7 -9999 -9999 -9999 -9999 -9999 -9999 -9999 -9999 -9999 -9999 -9999 -9999
0E0 0E0 0E0 0E0 0E0 0E0 0E0 0E0 0E0 0E0 6.17441E-2 1.80386E-1 8.97907E-2 1.75138E-1 0E0 0E0 0E0 0E0 7.39697E-1 6.45446E-1 6.23859E-1 3.57589E-1 4.48988E-1 2.41065E-1 1.90046E-1 2.03328E-1 2.40253E-1 6.53461E-1 5.73476E-1 6.33337E-1 8.12326E-1 7.81098E-1 6.13245E-1 0E0 5.88234E-1 4.35605E-1 2.05079E-1 8.89896E-2 2.96612E-1 3.13583E-1 1.73077E-1 1.05172E-1 2.98652E-2 2.03345E-3 1.86318E-3 1.60559E-3 1.07985E-3 2.71313E-5 8.45525E-5 6.55908E-5 2.74871E-4 4.83109E-4 9.08532E-5 6.4701E-5 6.79218E-4 1.11081E-3 5.36478E-4 3.22208E-4 1.28982E-4 1.00913E-4 7.20257E-6 -9999 -9999 -9999 -9999 -9999 -9999 -9999 -9999 -9999 -9999 -9999 -9999 -9999 -9999 -9999 -9999 -9999
0E0 0E0 0E0 0E0 0E0 0E0 0E0 0E0 0E0 0E0 2.22474E-1 1.93941E-1 1.23104E-1 2.39233E-1 0E0 0E0 0E0 0E0 6.61737E-1 8.88597E-1 9.52603E-1 6.5696E-1 2.6926E-1 2.17946E-1 2.35492E-1 2.80792E-1 4.37519E-1 6.97495E-1 5.20607E-1 5.69029E-1 6.77311E-1 7.20549E-1 7.63591E-1 7.16526E-1 5.25641E-1 4.35557E-1 2.97665E-1 1.69067E-1 1.48204E-1 2.41914E-1 2.40805E-1 6.77473E-2 3.0655E-2 1.63053E-3 2.53015E-3 2.24194E-3 3.93826E-4 9.4422E-3 1.3605E-2 2.72953E-5 8.90689E-4 2.04685E-4 6.05654E-4 2.46542E-4 1.00123E-3 7.13509E-4 7.97392E-4 1.10932E-3 1.01713E-3 -9999 -9999 -9999 -9999 -9999 -9999 -9999 -9999 -9999 -9999 -9999 -9999 -9999 -9999 -9999 -9999 -9999 -9999 -9999
0E0 0E0 0E0 0E0 0E0 0E0 0E0 0E0 0E0 0E0 1.03124E-1 2.06797E-1 2.5131E-1 0E0 0E0 0E0 0E0 0E0 0E0 8.819E-1 8.89822E-1 6.64484E-1 3.02194E-1 3.88864E-1 3.9111E-1 4.73528E-1 4.93509E-1 5.97855E-1 7.53629E-1 8.63975E-1 9.00224E-1 8.36229E-1 5.75434E-1 4.69192E-1 5.07328E-1 5.0335E-1 3.4001E-1 1.56202E-1 1.38591E-1 1.981E-1 0E0 1.75753E-1 1.02564E-1 1.26204E-3 8.75315E-4 1.18959E-3 8.02944E-4 9.47576E-4 1.16365E-2 7.74757E-5 2.17582E-3 7.86731E-4 1.96737E-3 6.71356E-4 7.2075E-4 9.13324E-4 8.43482E-4 7.17268E-4 9.22124E-4 -9999 -9999 -9999 -9999 -9999 -9999 -9999 -9999 -9999 -9999 -9999 -9999 -9999 -9999 -9999 -9999 -9999 -9999 -9999
0E0 0E0 0E0 0E0 0E0 0E0 0E0 0E0 0E0 1.19431E-1 5.75796E-2 1.4963E-1 1.87586E-1 4.76535E-1 5.46987E-1 0E0 0E0 0E0 0E0 8.48549E-1 9.58994E-1 8.98825E-1 4.297E-1 5.38332E-1 6.2183E-1 7.58022E-1 6.31718E-1 6.48021E-1 5.49363E-1 8.51476E-1 8.20892E-1 8.27846E-1 5.95175E-1 0E0 0E0 0E0 0E0 2.00955E-1 2.64228E-1 2.05737E-1 3.19508E-1 0E0 9.98764E-2 1.15434E-2 3.49901E-4 1.19695E-3 1.08766E-3 1.36511E-3 1.93654E-4 1.54567E-4 2.09187E-3 1.12633E-3 9.43494E-4 1.1082E-3 1.93192E-3 6.2301E-4 2.34029E-3 6.97137E-4 -9999 -9999 -9999 -9999 -9999 -9999 -9999 -9999 -9999 -9999 -9999 -9999 -9999 -9999 -9999 -9999 -9999 -9999 -9999 -9999
0E0 0E0 0E0 0E0 0E0 0E0 0E0 0E0 0E0 1.18388E-1 2.14251E-2 8.14116E-2 2.68916E-1 3.98757E-1 4.52998E-1 3.83508E-1 0E0 0E0 0E0 6.55732E-1 9.65954E-1 7.97288E-1 3.14269E-1 5.061E-1 6.24564E-1 6.02908E-1 5.09851E-1 5.95436E-1 6.14435E-1 6.98064E-1 7.93465E-1 8.2636E-1 0E0 0E0 0E0 0E0 0E0 3.76646E-1 3.46177E-1 4.17163E-1 1.93803E-1 0E0 1.13598E-1 3.50783E-2 4.08586E-2 1.91001E-2 5.47148E-4 1.76528E-3 7.23608E-4 1.0181E-4 2.00519E-3 1.9699E-3 1.0633E-3 2.03047E-3 2.59495E-3 1.64317E-3 4.51484E-4 2.61676E-4 1.6906E-4 -9999 -9999 -9999 -9999 -9999 -9999 -9999 -9999 -9999 -9999 -9999 -9999 -9999 -9999 -9999 -9999 -9999 -9999 -9999
0E0 0E0 0E0 0E0 0E0 0E0 0E0 0E0 0E0 1.82942E-1 6.43678E-2 8.58795E-2 1.01929E-1 1.04749E-1 1.62059E-1 2.17922E-1 4.13813E-1 0E0 0E0 7.93792E-1 9.91288E-1 8.41666E-1 8.9623E-1 7.32633E-1 5.67439E-1 7.8585E-1 7.69805E-1 7.60089E-1 5.30894E-1 7.05959E-1 7.9275E-1 6.50034E-1 6.79193E-1 0E0 0E0 0E0 0E0 0E0 5.60686E-1 4.01595E-1 5.64562E-1 2.95535E-1 8.83834E-2 1.94619E-2 5.24867E-2 3.63793E-2 2.17457E-2 7.32265E-3 3.45711E-3 6.31557E-4 5.15913E-3 3.66391E-3 3.98933E-3 1.57021E-3 3.32444E-3 9.02573E-4 1.43455E-3 1.46338E-4 6.74502E-5 -9999 -9999 -9999 2.23462E-6 -9999 -9999 -9999 -9999 -9999 -9999 -9999 -9999 -9999 -9999 -9999 -9999 -9999 -9999 -9999
0E0 0E0 0E0 0E0 0E0 0E0 0E0 0E0 0E0 0E0 1.70221E-1 1.46722E-1 6.82902E-2 4.69148E-2 7.69555E-2 1.93568E-1 5.49258E-1 0E0 0E0 0E0 9.53458E-1 9.86178E-1 9.7814E-1 8.44562E-1 7.55975E-1 9.10306E-1 9.31843E-1 8.77753E-1 5.7474E-1 5.71745E-1 6.21423E-1 5.82712E-1 0E0 0E0 0E0 0E0 0E0 0E0 0E0 0E0 0E0 0E0 2.16557E-1 6.76373E-2 7.57547E-2 2.59077E-2 3.48085E-2 6.24043E-2 8.80414E-3 3.83546E-3 6.78259E-3 3.37275E-3 2.65451E-3 2.32584E-3 1.12441E-3 1.23433E-3 2.40438E-4 3.42777E-4 1.17592E-4 -9999 -9999 -9999 2.30379E-6 -9999 -9999 -9999 -9999 -9999 -9999 -9999 -9999 -9999 -9999 -9999 -9999 -9999 -9999 -9999
0E0 0E0 0E0 0E0 0E0 0E0 0E0 0E0 0E0 1.82904E-1 6.34073E-2 2.64053E-2 5.99084E-2 6.71575E-2 8.79555E-2 1.32327E-1 0E0 0E0 0E0 0E0 8.98879E-1 9.50734E-1 9.13272E-1 8.8885E-1 8.40528E-1 8.52442E-1 8.23871E-1 6.54728E-1 6.33822E-1 7.50103E-1 5.66409E-1 0E0 0E0 0E0 0E0 0E0 0E0 0E0 0E0 0E0 0E0 0E0 0E0 0E0 0E0 1.19903E-1 9.07558E-2 8.28691E-2 1.2899E-2 5.28345E-3 1.96596E-2 1.74898E-2 1.00026E-2 4.5384E-3 3.04645E-3 8.78053E-4 2.84973E-4 2.67872E-4 1.34843E-4 4.52468E-5 1.4121E-4 2.02669E-5 -9999 -9999 -9999 -9999 -9999 -9999 -9999 -9999 -9999 -9999 -9999 -9999 -9999 -9999 -9999 -9999
0E0 0E0 0E0 0E0 0E0 0E0 0E0 0E0 0E0 7.14696E-2 1.02404E-2 2.89205E-2 4.68739E-2 3.40194E-2 8.09178E-2 8.94406E-2 0E0 0E0 0E0 9.28967E-1 5.95223E-1 8.42211E-1 8.55194E-1 8.95072E-1 9.43737E-1 9.67226E-1 7.91423E-1 7.65636E-1 5.05643E-1 6.773E-1 5.7492E-1 6.75564E-1 0E0 0E0 0E0 0E0 0E0 0E0 9.12637E-2 1.53567E-1 1.73534E-1 0E0 0E0 0E0 1.63777E-2 1.43791E-2 2.1314E-2 2.24445E-2 4.10655E-3 1.70055E-2 2.47058E-2 2.04112E-2 7.67804E-3 2.91136E-3 1.98278E-3 2.35775E-3 1.35712E-3 2.77963E-4 2.57823E-4 3.73289E-5 5.21708E-5 5.34299E-6 1.64376E-6 -9999 -9999 -9999 -9999 -9999 -9999 -9999 -9999 -9999 -9999 -9999 -9999 -9999 -9999 -9999
