ENM/Final_Models/M_0.9_F_q_Set_1_NE/Gustavia_santanderiensis_Choco_max.asc
ncols         367
nrows         963
xllcorner     -78.6
yllcorner     0.65
cellsize      0.00833333333333323
NODATA_value  -9999
[rows 455 to 489 of 963, columns 234 to 311 of 367]
0E0 0E0 0E0 0E0 0E0 0E0 0E0 0E0 0E0 0E0 0E0 0E0 0E0 7.07339E-2 7.37967E-3 2.03028E-2 1.50838E-2 8.83913E-2 1.87035E-1 3.05689E-1 0E0 0E0 0E0 6.41628E-2 8.77279E-1 2.96778E-1 2.03291E-1 5.33334E-1 4.96576E-1 3.31658E-1 3.0279E-1 1.54305E-1 7.76719E-2 1.42961E-3 2.77606E-3 3.96537E-2 8.6105E-2 5.06919E-2 1.37902E-1 0E0 7.94497E-1 4.23476E-1 0E0 5.73213E-1 1.01156E-1 4.06424E-2 5.54157E-2 5.98743E-2 1.9752E-1 7.87161E-2 1.13704E-1 2.71576E-1 2.85953E-1 3.23813E-1 7.33803E-2 2.15258E-2 -9999 -9999 -9999 -9999 -9999 -9999 -9999 -9999 -9999 -9999 -9999 -9999 -9999 -9999 -9999 -9999 -9999 -9999 -9999 -9999 -9999 -9999
0E0 0E0 0E0 0E0 0E0 0E0 0E0 0E0 0E0 0E0 0E0 0E0 1.58865E-1 4.97698E-2 8.38307E-2 9.46596E-3 4.28852E-2 2.8839E-2 8.21445E-2 4.01239E-1 0E0 0E0 0E0 2.92867E-1 6.96694E-1 6.2647E-1 7.86081E-1 9.06349E-1 5.83127E-1 5.60661E-1 6.76363E-1 7.10416E-1 1.64853E-1 3.7796E-1 7.80384E-2 3.4619E-2 3.45949E-3 2.74251E-2 2.0578E-2 1.42083E-1 0E0 8.18192E-1 6.10198E-1 9.16701E-1 2.72458E-1 0E0 0E0 1.94914E-1 6.20867E-1 8.68691E-2 4.80917E-2 1.4329E-1 3.14484E-1 3.58884E-1 3.24262E-1 1.38916E-2 -9999 -9999 -9999 -9999 -9999 -9999 -9999 -9999 -9999 -9999 -9999 -9999 -9999 -9999 -9999 -9999 -9999 -9999 -9999 -9999 -9999 -9999
0E0 0E0 0E0 0E0 0E0 0E0 0E0 0E0 0E0 0E0 0E0 0E0 2.81761E-2 3.58071E-2 3.96426E-2 2.52811E-2 1.36971E-1 6.29974E-2 1.6E-1 1.88911E-1 0E0 0E0 0E0 1.4186E-1 7.26314E-1 8.50643E-1 8.17162E-1 7.22089E-1 7.01122E-1 7.10783E-1 9.37139E-1 8.106E-1 4.23221E-1 4.32164E-1 6.49766E-1 5.12422E-2 2.68717E-2 2.80187E-2 3.24414E-2 0E0 3.57985E-1 6.00474E-1 0E0 9.0398E-1 6.18979E-1 2.89638E-1 1.13979E-1 1.69532E-1 4.4085E-1 5.89063E-1 2.35105E-1 1.23939E-1 1.8209E-1 2.1637E-1 2.40485E-1 2.3036E-2 -9999 -9999 -9999 -9999 -9999 -9999 -9999 -9999 -9999 -9999 -9999 -9999 -9999 -9999 -9999 -9999 -9999 -9999 -9999 -9999 -9999 -9999
0E0 0E0 0E0 0E0 0E0 0E0 0E0 0E0 0E0 0E0 0E0 4.3602E-2 1.02856E-2 2.1859E-2 1.5556E-2 8.03495E-2 2.95362E-1 1.94261E-1 2.18585E-1 0E0 0E0 0E0 0E0 2.19618E-2 5.86616E-1 4.03142E-1 8.90502E-1 9.65095E-1 5.74456E-1 2.90965E-1 1.48471E-1 2.40407E-1 7.21719E-1 6.72919E-1 4.53365E-1 2.90733E-1 5.26334E-2 5.11874E-3 1.59249E-2 0E0 3.08341E-1 0E0 0E0 9.25297E-1 5.55316E-1 1.65081E-1 2.56789E-2 1.67378E-1 5.74406E-1 0E0 8.14805E-2 3.60711E-2 2.00244E-2 4.37633E-2 1.69637E-1 2.24732E-2 -9999 -9999 -9999 -9999 -9999 -9999 -9999 -9999 -9999 -9999 -9999 -9999 -9999 -9999 -9999 -9999 -9999 -9999 -9999 -9999 -9999 -9999
0E0 0E0 0E0 0E0 0E0 0E0 0E0 0E0 0E0 0E0 9.34123E-3 4.93892E-3 2.01449E-2 6.60981E-2 8.26647E-2 1.45217E-2 7.5121E-2 1.82599E-1 4.75417E-1 1.25428E-2 2.17207E-1 0E0 0E0 1.57273E-1 1.80547E-1 4.83811E-1 2.41175E-1 2.70782E-1 3.71363E-1 2.71395E-1 4.06961E-1 1.76279E-1 2.15647E-1 4.69916E-1 6.7199E-1 2.82929E-1 3.51459E-2 4.57761E-2 9.99074E-2 0E0 4.57858E-1 5.16042E-1 0E0 6.42835E-1 9.87756E-2 3.98035E-2 2.02925E-3 6.89715E-2 5.08967E-1 0E0 1.77446E-1 1.44489E-2 1.79694E-2 4.06197E-2 4.19578E-2 1.62207E-2 9.12871E-3 -9999 -9999 -9999 -9999 -9999 -9999 -9999 -9999 -9999 -9999 -9999 -9999 -9999 -9999 -9999 -9999 -9999 -9999 -9999 -9999 -9999
0E0 0E0 0E0 0E0 0E0 0E0 0E0 0E0 0E0 0E0 1.30549E-2 1.09207E-2 8.75387E-3 5.40728E-2 8.34819E-2 6.76736E-2 1.41291E-1 1.54689E-1 0E0 4.61944E-1 0E0 0E0 1.23579E-1 4.89419E-2 3.78699E-2 1.77437E-2 1.95528E-2 2.57498E-3 3.36016E-3 7.26886E-1 3.66402E-1 2.79438E-2 1.17188E-2 2.80085E-2 1.15964E-1 1.46689E-2 3.56455E-1 0E0 5.18346E-1 3.31579E-1 3.05875E-1 1.51516E-1 4.13923E-1 1.96337E-1 1.86066E-1 1.75379E-1 1.07857E-2 5.45537E-2 8.17861E-2 8.68853E-2 1.09664E-1 1.9146E-2 1.42958E-2 3.61514E-2 1.36013E-2 5.93125E-3 2.66085E-2 -9999 -9999 -9999 -9999 -9999 -9999 -9999 -9999 -9999 -9999 -9999 -9999 -9999 -9999 -9999 -9999 -9999 -9999 -9999 -9999 -9999
0E0 0E0 0E0 0E0 0E0 0E0 0E0 0E0 0E0 0E0 9.10582E-3 2.13249E-2 1.53003E-1 1.14878E-1 1.98443E-1 1.42182E-1 1.05197E-1 1.11709E-1 9.15482E-2 2.37229E-1 5.53699E-1 0E0 7.65947E-1 2.58791E-1 4.73461E-1 4.90323E-1 1.09071E-2 9.61954E-3 2.83465E-2 2.20253E-1 3.44833E-1 1.75797E-1 3.95041E-2 9.54801E-2 1.95164E-1 0E0 2.83716E-1 3.17143E-1 2.42731E-1 1.80363E-1 5.64871E-2 3.20846E-2 7.18474E-2 1.42886E-1 1.65202E-1 6.55616E-2 2.43437E-2 2.73942E-2 3.29304E-2 1.80726E-2 2.90675E-2 2.97875E-2 3.07236E-2 2.10813E-2 8.20054E-3 7.80046E-3 1.13686E-2 -9999 -9999 -9999 -9999 -9999 -9999 -9999 -9999 -9999 -9999 -9999 -9999 -9999 -9999 -9999 -9999 -9999 -9999 -9999 -9999 -9999
0E0 0E0 0E0 0E0 0E0 0E0 0E0 0E0 0E0 0E0 3.62952E-2 8.82221E-2 1.92654E-1 1.80844E-1 3.787E-1 1.60652E-1 5.99633E-2 1.52379E-2 2.0608E-1 4.63494E-1 0E0 0E0 8.35864E-1 3.04733E-1 2.88021E-1 7.17961E-1 1.1665E-1 9.17526E-2 5.35149E-3 1.05782E-2 4.01185E-2 3.60289E-2 4.92236E-2 2.04367E-2 1.95901E-1 0E0 2.1759E-1 2.39356E-1 9.97294E-2 7.07215E-2 5.84097E-2 8.80586E-2 4.77026E-2 4.756E-2 4.41961E-2 2.33474E-2 1.2607E-2 2.43231E-2 7.8602E-2 8.58292E-3 1.51649E-2 1.18523E-2 1.26941E-2 2.88347E-2 1.73383E-2 3.18052E-2 2.52471E-2 -9999 -9999 -9999 -9999 -9999 -9999 -9999 -9999 -9999 -9999 -9999 -9999 -9999 -9999 -9999 -9999 -9999 -9999 -9999 -9999 -9999
0E0 0E0 0E0 0E0 0E0 0E0 0E0 0E0 0E0 0E0 2.06068E-2 9.24588E-2 1.84299E-1 1.22431E-1 2.66167E-1 2.37916E-1 9.4862E-2 5.18901E-2 2.14961E-1 0E0 0E0 0E0 0E0 9.60335E-3 1.54204E-1 3.58667E-1 7.61675E-1 8.0873E-1 4.46076E-2 5.85087E-2 9.73496E-2 8.2885E-3 2.14602E-2 2.28244E-2 2.32044E-2 0E0 2.64632E-1 4.50538E-1 1.57115E-1 1.27606E-1 4.21677E-1 1.54015E-1 1.90196E-1 3.93527E-2 5.77407E-2 2.33162E-2 1.47114E-2 1.02595E-2 2.00693E-2 1.07254E-2 4.05316E-3 7.47291E-3 2.27406E-3 1.54257E-2 1.26466E-2 7.03554E-3 3.89713E-3 -9999 -9999 -9999 -9999 -9999 -9999 -9999 -9999 -9999 -9999 -9999 -9999 -9999 -9999 -9999 -9999 -9999 -9999 -9999 -9999 -9999
0E0 0E0 0E0 0E0 0E0 0E0 0E0 0E0 0E0 1.69623E-2 8.69474E-3 8.91506E-2 2.2378E-1 1.88958E-1 2.13249E-1 1.79891E-1 5.8469E-2 1.11989E-1 2.07195E-1 3.63932E-1 0E0 0E0 0E0 0E0 1.41989E-2 1.28567E-1 6.81778E-1 4.88007E-1 3.15405E-1 8.6016E-2 4.02325E-2 5.49328E-2 3.55991E-2 1.80167E-2 4.93734E-2 1.92513E-1 2.68097E-1 1.99117E-1 2.11567E-1 3.60786E-1 3.05426E-1 1.17089E-1 8.14023E-2 2.63618E-2 1.70799E-2 9.02477E-3 7.08832E-3 2.01138E-3 5.06738E-3 6.68417E-4 3.06634E-3 1.45672E-3 2.59895E-3 3.42839E-3 3.50181E-2 2.17977E-3 4.46684E-2 -9999 -9999 -9999 -9999 -9999 -9999 -9999 -9999 -9999 -9999 -9999 -9999 -9999 -9999 -9999 -9999 -9999 -9999 -9999 -9999 -9999
0E0 0E0 0E0 0E0 0E0 0E0 0E0 0E0 0E0 1.35623E-2 1.78449E-2 2.24696E-2 2.14829E-1 1.65465E-1 1.11152E-1 5.1728E-2 4.64758E-3 8.0453E-3 5.93807E-3 5.47779E-2 3.38701E-1 4.3343E-1 3.0736E-1 0E0 0E0 4.50056E-1 3.31419E-2 8.1788E-2 7.60649E-2 6.55933E-2 6.19717E-2 5.06503E-2 3.56353E-2 4.27484E-2 5.51309E-3 4.54843E-2 1.80443E-1 2.45882E-1 1.70624E-1 1.01052E-1 1.34905E-1 2.89582E-1 5.08925E-1 9.72249E-3 1.10821E-2 5.46013E-3 2.21434E-4 4.71502E-4 1.72448E-3 9.79574E-4 4.07079E-3 1.27971E-2 8.25106E-3 2.57051E-2 1.57682E-2 2.30452E-2 4.30392E-2 -9999 -9999 -9999 -9999 -9999 -9999 -9999 -9999 -9999 -9999 -9999 -9999 -9999 -9999 -9999 -9999 -9999 -9999 -9999 -9999 -9999
0E0 0E0 0E0 0E0 0E0 0E0 0E0 0E0 0E0 3.41712E-2 1.95216E-2 1.62147E-2 1.9046E-1 2.59155E-1 1.38997E-1 1.95021E-2 2.69317E-2 1.2219E-3 3.32124E-3 5.76503E-3 1.90779E-2 1.35538E-1 2.39062E-1 4.35545E-1 0E0 6.57569E-1 3.598E-2 1.1613E-2 2.14876E-2 5.13002E-2 1.04343E-1 9.77805E-2 3.51246E-1 1.09077E-1 2.77403E-1 4.81398E-2 9.71795E-2 1.22545E-1 1.32742E-1 2.70186E-1 2.51379E-1 1.22321E-1 1.00079E-1 8.7961E-2 4.95356E-3 5.19599E-3 4.15882E-3 9.9429E-4 1.90371E-3 8.45851E-4 5.98402E-3 3.77144E-3 2.10562E-2 3.15992E-2 1.66872E-2 9.79582E-3 -9999 -9999 -9999 -9999 -9999 -9999 -9999 -9999 -9999 -9999 -9999 -9999 -9999 -9999 -9999 -9999 -9999 -9999 -9999 -9999 -9999 -9999
0E0 0E0 0E0 0E0 0E0 0E0 0E0 0E0 0E0 6.94104E-2 2.89136E-2 3.51653E-2 1.07616E-1 5.38553E-1 2.23533E-1 2.29186E-1 8.55025E-3 3.20907E-3 1.214E-3 3.66009E-3 3.85001E-2 7.88814E-2 1.84344E-1 1.87362E-1 4.57019E-1 3.53735E-1 2.87535E-2 2.76977E-2 2.08448E-2 5.86611E-2 5.48145E-2 5.43159E-1 3.08083E-1 0E0 2.84494E-1 5.53422E-1 3.7694E-1 0E0 2.29835E-1 1.97401E-1 2.23633E-1 2.31584E-1 6.07775E-2 4.26553E-2 7.96414E-3 1.8022E-3 6.33496E-3 1.16641E-2 2.6726E-3 2.83053E-3 8.24566E-3 8.31752E-3 8.44061E-3 4.70789E-3 3.19595E-2 6.41386E-3 -9999 -9999 -9999 -9999 -9999 -9999 -9999 -9999 -9999 -9999 -9999 -9999 -9999 -9999 -9999 -9999 -9999 -9999 -9999 -9999 -9999 -9999
0E0 0E0 0E0 0E0 0E0 0E0 0E0 0E0 0E0 0E0 3.47731E-2 2.98771E-2 1.16841E-1 5.32206E-1 0E0 2.94455E-1 2.53516E-2 3.97525E-3 1.31618E-3 2.22604E-3 7.8688E-2 4.49856E-2 4.99128E-2 1.74427E-1 3.08136E-1 4.33348E-1 5.33141E-2 5.65857E-2 6.12278E-2 6.00552E-2 1.96819E-1 0E0 4.91189E-1 3.84799E-1 1.632E-1 1.2826E-1 1.22252E-1 2.21148E-1 1.53348E-1 1.48064E-1 1.87909E-1 5.63431E-2 1.50851E-2 1.80506E-3 1.6423E-3 9.11383E-3 6.34056E-3 1.33126E-2 1.15069E-2 7.67297E-3 1.07226E-3 7.92722E-3 3.71964E-2 7.17774E-2 1.11793E-1 1.7426E-2 -9999 -9999 -9999 -9999 -9999 -9999 -9999 -9999 -9999 -9999 -9999 -9999 -9999 -9999 -9999 -9999 -9999 -9999 -9999 -9999 -9999 -9999
0E0 0E0 0E0 0E0 0E0 0E0 0E0 0E0 0E0 1.14437E-1 2.15427E-2 1.30131E-2 1.69595E-1 5.84288E-1 1.39959E-1 2.01343E-1 1.72867E-1 5.26666E-3 1.86045E-3 3.37015E-3 3.28643E-2 2.96861E-2 3.05864E-2 1.93949E-1 3.18212E-1 5.42774E-1 1.92447E-1 1.15278E-1 1.03016E-1 1.01063E-1 9.08801E-2 0E0 4.53538E-1 2.57596E-1 1.59958E-1 4.63793E-2 3.88877E-2 3.94257E-2 9.59032E-2 7.4768E-2 6.21549E-2 1.00115E-2 1.01805E-2 9.23672E-3 2.00843E-3 3.6157E-3 1.86538E-2 3.12225E-2 1.18739E-2 3.17305E-2 3.1737E-2 1.54382E-2 8.94927E-2 1.00365E-1 8.82846E-2 3.34414E-3 -9999 -9999 -9999 -9999 -9999 -9999 -9999 -9999 -9999 -9999 -9999 -9999 -9999 -9999 -9999 -9999 -9999 -9999 -9999 -9999 -9999 -9999
0E0 0E0 0E0 0E0 0E0 0E0 0E0 0E0 0E0 2.65672E-2 1.26438E-2 6.11129E-2 0E0 7.8518E-1 8.02708E-3 4.63787E-3 0E0 5.69154E-2 8.41635E-3 4.51123E-2 7.94756E-2 1.97879E-2 3.35167E-2 1.69946E-2 1.64169E-1 8.05978E-2 0E0 2.19721E-1 3.88532E-1 1.92675E-1 1.27327E-1 3.21991E-1 1.15681E-1 3.16328E-2 2.44913E-2 2.44936E-2 1.99975E-2 2.92715E-2 7.70134E-2 3.40476E-2 9.61939E-3 5.88728E-3 7.04308E-3 1.10487E-2 1.07239E-2 2.21211E-2 1.8773E-3 4.03637E-3 1.97818E-2 8.10922E-3 2.39704E-2 5.64894E-2 1.24606E-1 1.88215E-1 9.01847E-2 1.47238E-2 -9999 -9999 -9999 -9999 -9999 -9999 -9999 -9999 -9999 -9999 -9999 -9999 -9999 -9999 -9999 -9999 -9999 -9999 -9999 -9999 -9999 -9999
0E0 0E0 0E0 0E0 0E0 0E0 0E0 0E0 0E0 7.94149E-2 6.53403E-2 1.34845E-1 0E0 0E0 8.08716E-1 0E0 5.60641E-1 1.24068E-1 1.49134E-1 4.46997E-1 0E0 1.26278E-1 1.91891E-3 3.15885E-2 7.79923E-2 6.48439E-1 5.30601E-1 0E0 0E0 0E0 0E0 1.46415E-1 5.13252E-2 7.15273E-2 7.10033E-2 7.24425E-2 7.65583E-2 9.90473E-2 1.26514E-1 1.64416E-2 2.56917E-3 9.36633E-4 1.48267E-3 3.7932E-3 1.1044E-2 2.19881E-2 7.64207E-5 9.80447E-3 2.42909E-2 2.28096E-2 2.74039E-2 3.28693E-2 3.18143E-2 2.00559E-2 5.51495E-2 5.03422E-2 -9999 -9999 -9999 -9999 -9999 -9999 -9999 -9999 -9999 -9999 -9999 -9999 -9999 -9999 -9999 -9999 -9999 -9999 -9999 -9999 -9999 -9999
0E0 0E0 0E0 0E0 0E0 0E0 0E0 0E0 0E0 0E0 6.73711E-2 5.30923E-2 1.45371E-1 0E0 0E0 2.66009E-1 7.13943E-2 5.65443E-2 1.22986E-1 4.93659E-1 2.99771E-1 1.77281E-1 2.55162E-2 3.22605E-2 2.88391E-1 0E0 0E0 0E0 0E0 0E0 0E0 3.09437E-1 2.01314E-1 4.33723E-1 4.37838E-1 2.06623E-1 1.26184E-1 9.44206E-2 5.61641E-3 2.94963E-2 9.56187E-3 1.22124E-2 5.09602E-3 4.38625E-3 5.42905E-3 5.44856E-3 1.13267E-2 2.43826E-2 7.4181E-3 5.11216E-2 7.74588E-2 4.10935E-2 5.45484E-2 5.88531E-2 3.66665E-2 9.18593E-2 -9999 -9999 -9999 -9999 -9999 -9999 -9999 -9999 -9999 -9999 -9999 -9999 -9999 -9999 -9999 -9999 -9999 -9999 -9999 -9999 -9999 -9999
0E0 0E0 0E0 0E0 0E0 0E0 0E0 0E0 0E0 0E0 8.47339E-2 2.44122E-1 0E0 0E0 6.26188E-1 2.7847E-1 6.72368E-2 1.33823E-1 3.50514E-1 8.69609E-1 0E0 3.0468E-1 1.41837E-1 1.9692E-1 0E0 0E0 0E0 0E0 0E0 0E0 7.03735E-1 3.79963E-1 1.64929E-1 5.25398E-1 3.13645E-1 5.18645E-1 3.73021E-1 1.48954E-1 2.58194E-1 1.8732E-1 1.91987E-1 2.89966E-2 6.25261E-3 3.9752E-3 1.07671E-2 1.55992E-2 2.0264E-2 7.82826E-3 1.37734E-2 1.50589E-4 5.65058E-2 1.00146E-1 5.20833E-2 9.19931E-2 6.79034E-2 7.15708E-2 -9999 -9999 -9999 -9999 -9999 -9999 -9999 -9999 -9999 -9999 -9999 -9999 -9999 -9999 -9999 -9999 -9999 -9999 -9999 -9999 -9999 -9999
0E0 0E0 0E0 0E0 0E0 0E0 0E0 0E0 0E0 0E0 0E0 0E0 0E0 0E0 0E0 0E0 0E0 0E0 0E0 0E0 0E0 0E0 0E0 0E0 0E0 0E0 0E0 8.20791E-2 3.12551E-2 1.16858E-1 1.84996E-1 2.09278E-1 5.46475E-2 1.60014E-1 9.39711E-2 6.39055E-2 3.05382E-2 3.62089E-1 2.07179E-1 2.24469E-1 9.66883E-2 1.78048E-2 1.37315E-2 6.85811E-3 1.10432E-2 5.68526E-3 9.05064E-3 1.39101E-2 2.15005E-2 3.2171E-2 5.69989E-2 3.95804E-2 3.18489E-2 4.95497E-3 3.11951E-2 6.32407E-2 -9999 -9999 -9999 -9999 -9999 -9999 -9999 -9999 -9999 -9999 -9999 -9999 -9999 -9999 -9999 -9999 -9999 -9999 -9999 -9999 -9999 -9999
0E0 0E0 0E0 0E0 0E0 0E0 0E0 0E0 0E0 0E0 0E0 0E0 0E0 0E0 0E0 0E0 0E0 0E0 0E0 0E0 0E0 0E0 0E0 0E0 0E0 0E0 2.84385E-2 1.30006E-1 2.08537E-1 1.78762E-1 2.04437E-1 3.42797E-1 5.08626E-1 1.24077E-1 1.83412E-1 2.01631E-1 1.29255E-1 0E0 4.46936E-1 2.3436E-1 1.25973E-1 1.38631E-2 2.68078E-2 9.15763E-3 2.89523E-3 2.928E-3 1.58504E-3 1.66184E-3 4.22716E-3 1.57194E-2 1.49379E-2 1.98881E-2 3.86457E-2 2.23336E-2 3.89631E-2 4.1219E-2 -9999 -9999 -9999 -9999 -9999 -9999 -9999 -9999 -9999 -9999 -9999 -9999 -9999 -9999 -9999 -9999 -9999 -9999 -9999 -9999 -9999 -9999
0E0 0E0 0E0 0E0 0E0 0E0 0E0 0E0 0E0 0E0 0E0 0E0 0E0 0E0 0E0 0E0 0E0 0E0 0E0 0E0 0E0 0E0 0E0 0E0 0E0 6.08779E-2 4.15764E-3 3.06264E-2 1.08047E-1 1.75377E-1 7.4556E-2 8.16521E-1 6.95871E-1 3.12959E-1 3.99435E-1 4.6326E-1 5.31418E-1 1.93622E-1 2.64697E-1 1.5223E-1 4.70475E-2 1.79293E-2 3.62405E-3 1.191E-2 8.5411E-3 5.28376E-3 1.95703E-3 2.21765E-3 3.04007E-3 9.38514E-3 3.92973E-2 7.31845E-3 8.38677E-3 2.22455E-2 8.85508E-3 -9999 -9999 -9999 -9999 -9999 -9999 -9999 -9999 -9999 -9999 -9999 -9999 -9999 -9999 -9999 -9999 -9999 -9999 -9999 -9999 -9999 -9999 -9999
0E0 0E0 0E0 0E0 0E0 0E0 0E0 0E0 0E0 0E0 0E0 0E0 0E0 0E0 0E0 0E0 0E0 0E0 0E0 0E0 0E0 1.25257E-1 6.95767E-2 9.37626E-3 6.04485E-2 6.53447E-3 1.1809E-1 1.01317E-1 3.43467E-1 2.13435E-1 5.1895E-1 3.78933E-1 2.62622E-1 2.98564E-1 7.98117E-1 7.71717E-1 3.47416E-1 4.86952E-1 1.50941E-1 1.46775E-1 4.0089E-2 1.33061E-2 5.10721E-3 6.15895E-3 2.01516E-2 1.00024E-2 3.94976E-3 3.17134E-3 7.48952E-3 3.80425E-2 3.02385E-2 1.92328E-2 3.43791E-2 5.7202E-3 9.96357E-3 -9999 -9999 -9999 -9999 -9999 -9999 -9999 -9999 -9999 -9999 -9999 -9999 -9999 -9999 -9999 -9999 -9999 -9999 -9999 -9999 -9999 -9999 -9999
0E0 0E0 0E0 0E0 0E0 0E0 0E0 0E0 0E0 0E0 0E0 0E0 0E0 0E0 0E0 0E0 0E0 0E0 2.47083E-2 1.87304E-2 1.10968E-1 2.28554E-1 2.11023E-1 1.93966E-1 4.22033E-1 6.96644E-1 3.99357E-2 1.74109E-1 6.40784E-1 6.44052E-1 0E0 0E0 2.63678E-1 4.72258E-1 0E0 5.5549E-1 2.76659E-1 2.46109E-1 1.33734E-1 1.4162E-1 2.64779E-2 1.46486E-2 1.21532E-3 3.60639E-3 1.15292E-2 1.45482E-3 1.86678E-2 5.01609E-3 4.54687E-3 2.22584E-2 4.11521E-2 3.32052E-2 2.14722E-2 1.01779E-1 1.16911E-1 -9999 -9999 -9999 -9999 -9999 -9999 -9999 -9999 -9999 -9999 -9999 -9999 -9999 -9999 -9999 -9999 -9999 -9999 -9999 -9999 -9999 -9999 -9999
0E0 0E0 0E0 0E0 0E0 0E0 0E0 0E0 0E0 0E0 0E0 0E0 0E0 0E0 0E0 0E0 0E0 5.93055E-1 1.36582E-2 1.39945E-2 1.842E-2 1.32065E-2 9.51646E-2 3.92943E-1 6.67978E-1 6.003E-1 5.2455E-1 3.2521E-1 0E0 0E0 0E0 0E0 0E0 9.37423E-1 0E0 9.65188E-1 9.16371E-1 5.30994E-1 2.39159E-1 5.23962E-2 3.01042E-2 3.18619E-3 2.55334E-3 2.93933E-3 2.86959E-3 8.9875E-3 1.33098E-2 3.35385E-2 1.84272E-2 2.33494E-2 1.93019E-2 7.89661E-2 4.46039E-2 2.30469E-2 -9999 -9999 -9999 -9999 -9999 -9999 -9999 -9999 -9999 -9999 -9999 -9999 -9999 -9999 -9999 -9999 -9999 -9999 -9999 -9999 -9999 -9999 -9999 -9999
0E0 0E0 0E0 0E0 0E0 0E0 0E0 0E0 0E0 0E0 0E0 0E0 6.73007E-1 7.66911E-1 6.91335E-1 6.3149E-1 4.44003E-1 4.59935E-1 2.56024E-1 2.31459E-1 3.65043E-2 1.01117E-1 6.14129E-2 2.08675E-1 4.98966E-1 8.62088E-2 9.38961E-1 0E0 0E0 0E0 3.50662E-1 2.02196E-1 3.81088E-1 0E0 0E0 3.76402E-1 4.37521E-1 6.03384E-1 8.53209E-2 1.03013E-2 2.85629E-2 8.84503E-3 1.0464E-3 5.88817E-3 6.2851E-3 1.17395E-2 2.57346E-3 9.781E-3 1.09962E-2 2.80485E-2 1.0401E-2 2.14405E-2 2.09797E-2 1.97593E-2 -9999 -9999 -9999 -9999 -9999 -9999 -9999 -9999 -9999 -9999 -9999 -9999 -9999 -9999 -9999 -9999 -9999 -9999 -9999 -9999 -9999 -9999 -9999 -9999
0E0 0E0 0E0 0E0 0E0 0E0 0E0 0E0 0E0 0E0 0E0 0E0 9.12474E-1 1.69139E-1 1.08617E-1 4.96121E-1 5.8997E-1 8.66515E-1 9.92007E-1 7.44853E-2 2.99373E-1 4.0745E-1 2.57756E-1 9.78624E-2 3.862E-1 2.65582E-1 6.26148E-1 8.68142E-1 0E0 0E0 5.31804E-1 2.1396E-1 5.5403E-1 0E0 0E0 6.08146E-1 3.08546E-1 2.04344E-1 2.03291E-2 3.35194E-2 2.01908E-2 1.1045E-2 1.03661E-2 9.35852E-3 1.177E-2 7.77895E-3 1.37066E-2 3.11332E-2 2.90514E-2 1.13449E-2 3.09619E-2 1.50813E-2 6.53281E-2 1.34182E-1 -9999 -9999 -9999 -9999 -9999 -9999 -9999 -9999 -9999 -9999 -9999 -9999 -9999 -9999 -9999 -9999 -9999 -9999 -9999 -9999 -9999 -9999 -9999 -9999
0E0 0E0 0E0 0E0 0E0 0E0 0E0 0E0 0E0 0E0 0E0 9.82873E-1 9.34186E-1 9.48361E-1 4.1049E-1 3.45093E-1 4.0305E-1 9.99944E-1 9.38556E-1 0E0 0E0 0E0 5.0516E-1 7.55728E-1 8.98771E-1 6.84396E-1 8.79236E-1 7.77178E-1 0E0 0E0 9.23713E-1 0E0 0E0 0E0 0E0 8.56445E-1 6.16897E-1 5.89545E-1 2.79599E-2 1.82838E-2 3.0437E-2 7.77591E-3 4.98394E-3 3.43602E-3 9.18982E-3 1.50343E-2 3.58722E-2 3.095E-3 5.95814E-3 3.32973E-2 4.18572E-2 3.21866E-2 1.26462E-1 1.03471E-1 -9999 -9999 -9999 -9999 -9999 -9999 -9999 -9999 -9999 -9999 -9999 -9999 -9999 -9999 -9999 -9999 -9999 -9999 -9999 -9999 -9999 -9999 -9999 -9999
0E0 0E0 0E0 0E0 0E0 0E0 0E0 0E0 0E0 0E0 0E0 0E0 0E0 0E0 0E0 0E0 0E0 0E0 0E0 0E0 0E0 0E0 0E0 0E0 0E0 0E0 6.67129E-1 4.8827E-1 0E0 0E0 9.82856E-1 1.8541E-1 1.08671E-1 1.06176E-1 9.81303E-2 1.17806E-1 3.46434E-1 3.5067E-1 2.04255E-1 5.18087E-2 5.16776E-2 4.59318E-3 2.11625E-2 1.58362E-2 5.19456E-3 4.49231E-3 1.40446E-2 2.24838E-2 3.6225E-2 2.55419E-3 5.0631E-2 1.89211E-2 9.84984E-2 1.54139E-1 -9999 -9999 -9999 -9999 -9999 -9999 -9999 -9999 -9999 -9999 -9999 -9999 -9999 -9999 -9999 -9999 -9999 -9999 -9999 -9999 -9999 -9999 -9999 -9999
0E0 0E0 0E0 0E0 0E0 0E0 0E0 0E0 0E0 0E0 0E0 0E0 0E0 0E0 0E0 0E0 0E0 0E0 0E0 0E0 0E0 0E0 0E0 0E0 0E0 0E0 9.99343E-1 0E0 0E0 3.98137E-1 3.70147E-1 0E0 2.99999E-1 3.45729E-1 7.52304E-1 7.73053E-1 8.48299E-1 2.41434E-1 6.24082E-2 1.56302E-1 1.5994E-3 2.05424E-2 1.76765E-2 2.13732E-2 2.19535E-2 3.01276E-2 4.54604E-2 2.3107E-2 5.25632E-2 1.87926E-2 4.05892E-2 5.05736E-2 2.28306E-1 9.40526E-2 -9999 -9999 -9999 -9999 -9999 -9999 -9999 -9999 -9999 -9999 -9999 -9999 -9999 -9999 -9999 -9999 -9999 -9999 -9999 -9999 -9999 -9999 -9999 -9999
0E0 0E0 0E0 0E0 0E0 0E0 0E0 0E0 0E0 0E0 0E0 0E0 0E0 0E0 0E0 0E0 0E0 0E0 0E0 0E0 0E0 0E0 0E0 0E0 0E0 0E0 6.10718E-1 9.25427E-1 8.46693E-1 6.21099E-1 0E0 0E0 0E0 0E0 0E0 9.42624E-1 8.19187E-1 1.64724E-1 5.88422E-2 6.0032E-3 4.18289E-3 2.95096E-2 9.89015E-2 1.64738E-2 1.79393E-2 3.90554E-3 1.0836E-2 6.45291E-2 2.53267E-2 7.32548E-2 7.35585E-2 3.78748E-2 9.40204E-2 1.61178E-1 -9999 -9999 -9999 -9999 -9999 -9999 -9999 -9999 -9999 -9999 -9999 -9999 -9999 -9999 -9999 -9999 -9999 -9999 -9999 -9999 -9999 -9999 -9999 -9999
0E0 0E0 0E0 0E0 0E0 0E0 0E0 0E0 0E0 0E0 0E0 0E0 0E0 0E0 0E0 0E0 0E0 0E0 0E0 0E0 0E0 0E0 0E0 9.03046E-1 8.75545E-1 0E0 0E0 6.60945E-1 3.51541E-1 3.52163E-1 4.22368E-1 5.25748E-1 0E0 7.66332E-1 6.68898E-1 2.74559E-1 2.43032E-1 2.16369E-1 5.7433E-2 3.01462E-2 1.66987E-2 1.8252E-2 8.49572E-3 1.44511E-2 9.27628E-3 2.04935E-2 4.35064E-2 2.97771E-2 1.25404E-1 1.14969E-1 2.02055E-2 4.58479E-2 8.85523E-2 9.27031E-2 -9999 -9999 -9999 -9999 -9999 -9999 -9999 -9999 -9999 -9999 -9999 -9999 -9999 -9999 -9999 -9999 -9999 -9999 -9999 -9999 -9999 -9999 -9999 -9999
0E0 0E0 0E0 0E0 0E0 0E0 0E0 0E0 0E0 0E0 0E0 0E0 0E0 0E0 0E0 0E0 0E0 0E0 0E0 2.04214E-1 2.63665E-1 0E0 0E0 5.01107E-1 1.80238E-1 1.57117E-1 3.51814E-1 6.12172E-1 9.06866E-1 2.32022E-1 2.5755E-1 2.02965E-1 7.74201E-1 5.95877E-1 2.2569E-1 1.79322E-1 5.16964E-2 5.09219E-2 1.16376E-1 1.32704E-2 1.29662E-2 6.09778E-2 1.13579E-1 5.22588E-2 1.67644E-2 1.6549E-2 2.25777E-2 5.92641E-2 1.28993E-1 1.57355E-1 2.02229E-1 2.26671E-1 3.25834E-2 2.57632E-2 -9999 -9999 -9999 -9999 -9999 -9999 -9999 -9999 -9999 -9999 -9999 -9999 -9999 -9999 -9999 -9999 -9999 -9999 -9999 -9999 -9999 -9999 -9999 -9999
0E0 0E0 0E0 0E0 0E0 0E0 0E0 0E0 0E0 0E0 0E0 0E0 0E0 0E0 0E0 0E0 0E0 0E0 0E0 1.88796E-1 1.04154E-1 9.08544E-2 1.74357E-1 8.39174E-2 6.0142E-2 5.12556E-2 4.12929E-1 6.86151E-1 0E0 7.49614E-1 3.40333E-1 1.91712E-1 0E0 6.11752E-1 4.92138E-1 2.77874E-1 1.06634E-1 3.20376E-2 3.70577E-3 7.49394E-3 1.13277E-2 6.96443E-2 1.69047E-1 1.65217E-1 1.23488E-2 4.7147E-2 1.81705E-1 2.3201E-1 1.50462E-1 1.11152E-1 1.61823E-1 8.76299E-2 8.92621E-2 -9999 -9999 -9999 -9999 -9999 -9999 -9999 -9999 -9999 -9999 -9999 -9999 -9999 -9999 -9999 -9999 -9999 -9999 -9999 -9999 -9999 -9999 -9999 -9999 -9999
0E0 0E0 0E0 0E0 0E0 0E0 0E0 0E0 0E0 0E0 0E0 0E0 0E0 0E0 0E0 0E0 0E0 0E0 0E0 0E0 0E0 1.41757E-1 5.44801E-2 1.69965E-2 1.12197E-2 5.54473E-2 6.20575E-1 0E0 0E0 9.87219E-1 9.4859E-1 6.60835E-1 9.45389E-1 4.3485E-1 2.24009E-1 4.58241E-2 2.45157E-2 7.47464E-3 5.52267E-3 1.40386E-2 2.75034E-2 4.97408E-2 3.77123E-2 5.37511E-2 4.77892E-2 6.80639E-2 3.35315E-1 1.46058E-1 8.14313E-2 4.98606E-2 1.22166E-1 1.48282E-2 4.93358E-2 -9999 -9999 -9999 -9999 -9999 -9999 -9999 -9999 -9999 -9999 -9999 -9999 -9999 -9999 -9999 -9999 -9999 -9999 -9999 -9999 -9999 -9999 -9999 -9999 -9999
