ENM/Final_Models/M_0.9_F_q_Set_1_NE/Gustavia_santanderiensis_1_Choco.asc
ncols         367
nrows         963
xllcorner     -78.6
yllcorner     0.65
cellsize      0.00833333333333323
NODATA_value  -9999
[rows 665 to 699 of 963, columns 156 to 233 of 367]
0E0 0E0 0E0 0E0 0E0 0E0 0E0 0E0 0E0 0E0 0E0 0E0 0E0 0E0 0E0 0E0 0E0 0E0 0E0 0E0 0E0 0E0 0E0 0E0 0E0 0E0 0E0 0E0 0E0 4.5399E-2 3.46996E-2 4.29938E-2 2.10321E-2 2.06499E-2 3.46616E-1 3.06936E-1 5.06715E-1 7.49117E-1 7.90563E-1 4.6858E-1 5.14296E-1 4.26945E-1 4.96865E-1 4.51816E-1 7.03471E-1 7.51473E-1 7.32675E-1 4.54782E-1 4.40062E-1 6.45907E-1 3.04345E-1 2.11542E-1 3.76707E-1 2.38705E-1 2.13345E-1 4.4304E-2 1.90871E-2 8.42841E-4 8.75155E-4 2.48186E-3 3.62235E-3 2.75886E-3 -9999 -9999 -9999 -9999 -9999 -9999 -9999 -9999 -9999 -9999 -9999 -9999 -9999 -9999 -9999 -9999
0E0 0E0 0E0 0E0 0E0 0E0 0E0 0E0 0E0 0E0 0E0 0E0 0E0 0E0 0E0 0E0 0E0 0E0 0E0 0E0 0E0 0E0 0E0 0E0 0E0 0E0 0E0 3.91303E-2 2.70886E-2 2.62725E-2 2.29826E-2 6.17863E-3 1.57181E-2 2.41188E-2 2.8383E-1 2.7047E-1 4.24961E-1 2.88168E-1 7.58149E-1 7.5925E-1 7.31757E-1 7.22675E-1 6.56143E-1 8.08709E-1 7.97657E-1 7.3823E-1 8.12641E-1 5.7251E-1 6.63249E-1 4.259E-1 4.71232E-1 2.78411E-1 2.52069E-1 2.2685E-1 1.15673E-1 1.63104E-2 3.86866E-3 3.62735E-4 2.23762E-4 2.42187E-3 3.06078E-3 6.19972E-3 -9999 -9999 -9999 -9999 -9999 -9999 -9999 -9999 -9999 -9999 -9999 -9999 -9999 -9999 -9999 -9999
0E0 0E0 0E0 0E0 0E0 0E0 0E0 0E0 0E0 0E0 0E0 0E0 0E0 0E0 0E0 0E0 0E0 0E0 0E0 0E0 0E0 0E0 0E0 0E0 0E0 0E0 0E0 9.15537E-2 7.10693E-2 5.39733E-2 8.98787E-3 6.39623E-3 1.13734E-2 4.4448E-2 1.0976E-1 7.94962E-2 3.2838E-1 3.29014E-1 6.60989E-1 7.36121E-1 5.53078E-1 7.28482E-1 6.95458E-1 8.83387E-1 8.46064E-1 4.72417E-1 2.68075E-1 2.69556E-1 2.18253E-1 2.73985E-1 4.93024E-1 2.22193E-1 1.57116E-1 8.23679E-2 5.43253E-2 5.4546E-3 3.0537E-3 1.23258E-4 3.4999E-4 8.06936E-4 2.00133E-3 -9999 -9999 -9999 -9999 -9999 -9999 -9999 -9999 -9999 -9999 -9999 -9999 -9999 -9999 -9999 -9999 -9999
0E0 0E0 0E0 0E0 0E0 0E0 0E0 0E0 0E0 0E0 0E0 0E0 0E0 0E0 0E0 0E0 0E0 0E0 0E0 5.76587E-2 4.97828E-2 0E0 0E0 0E0 0E0 0E0 1.81598E-1 4.75046E-2 1.54858E-2 4.68627E-3 1.18752E-3 1.37655E-2 2.02988E-2 4.01378E-2 4.86287E-2 5.36546E-2 1.42898E-1 3.86264E-1 5.24136E-1 8.47916E-1 4.56109E-1 5.78117E-1 6.73499E-1 8.64397E-1 8.22782E-1 4.2554E-1 4.63808E-1 2.66704E-1 2.17611E-1 1.15945E-1 3.79586E-1 1.45254E-1 1.16879E-1 8.78224E-2 3.41123E-2 2.26761E-2 4.82337E-3 2.44382E-4 1.11005E-4 3.1221E-4 3.76685E-3 -9999 -9999 -9999 -9999 -9999 -9999 -9999 -9999 -9999 -9999 -9999 -9999 -9999 -9999 -9999 -9999 -9999
0E0 0E0 0E0 0E0 0E0 0E0 0E0 0E0 0E0 0E0 0E0 0E0 0E0 0E0 0E0 0E0 0E0 0E0 0E0 9.2925E-2 7.87294E-2 0E0 0E0 0E0 0E0 0E0 2.18656E-1 3.50299E-2 3.93171E-2 1.29521E-2 3.66774E-3 1.56401E-2 4.66343E-2 6.08152E-2 8.0725E-2 1.45258E-1 2.18487E-1 3.80783E-1 5.07616E-1 7.55519E-1 7.76975E-1 5.24348E-1 5.77814E-1 7.60485E-1 8.88378E-1 7.72553E-1 4.6502E-1 4.58185E-1 2.94969E-1 8.00497E-2 3.78217E-2 3.79122E-2 2.5543E-2 1.65987E-2 1.62851E-2 8.35977E-3 3.5917E-3 3.7657E-4 2.98727E-4 9.05054E-5 2.39784E-3 -9999 -9999 -9999 -9999 -9999 -9999 -9999 -9999 -9999 -9999 -9999 -9999 -9999 -9999 -9999 -9999 -9999
0E0 0E0 0E0 0E0 0E0 0E0 0E0 0E0 0E0 0E0 0E0 0E0 0E0 0E0 0E0 0E0 0E0 0E0 0E0 0E0 0E0 0E0 0E0 0E0 0E0 0E0 1.12377E-1 5.44226E-2 2.48941E-2 1.42922E-2 1.61519E-3 2.23218E-2 4.18141E-2 1.02149E-1 2.57448E-1 3.65159E-1 3.03695E-1 4.62204E-1 4.57278E-1 5.16506E-1 5.72314E-1 6.23308E-1 5.25789E-1 4.48745E-1 7.49442E-1 8.77625E-1 6.93473E-1 4.48061E-1 3.57141E-1 2.74314E-1 3.95768E-2 1.33396E-2 3.90414E-2 1.39955E-2 5.92658E-3 6.88349E-3 5.80874E-3 8.84198E-4 1.02687E-3 9.89918E-4 1.37504E-3 -9999 -9999 -9999 -9999 -9999 -9999 -9999 -9999 -9999 -9999 -9999 -9999 -9999 -9999 -9999 -9999 -9999
0E0 0E0 0E0 0E0 0E0 0E0 0E0 0E0 0E0 0E0 0E0 0E0 0E0 0E0 0E0 0E0 0E0 0E0 0E0 0E0 0E0 0E0 0E0 0E0 0E0 0E0 2.755E-2 1.46168E-2 1.30659E-2 6.05466E-3 1.5497E-3 3.92088E-3 3.87915E-2 5.96073E-2 3.81544E-1 3.71715E-1 2.66124E-1 3.83457E-1 3.88459E-1 5.75026E-1 1.53786E-1 4.88702E-1 4.86161E-1 2.55789E-1 5.1003E-1 5.45195E-1 7.45533E-1 6.44885E-1 5.17564E-1 3.51535E-1 4.40103E-2 2.13379E-2 4.49449E-2 3.30828E-2 1.85362E-2 1.72621E-2 1.70991E-2 6.4674E-3 8.20258E-4 2.36256E-3 1.13951E-3 -9999 -9999 -9999 -9999 -9999 -9999 -9999 -9999 -9999 -9999 -9999 -9999 -9999 -9999 -9999 -9999 -9999
0E0 0E0 0E0 0E0 0E0 0E0 0E0 0E0 0E0 0E0 0E0 0E0 0E0 0E0 0E0 0E0 0E0 0E0 0E0 0E0 0E0 0E0 0E0 0E0 0E0 2.66842E-1 6.86007E-2 9.35918E-2 6.44252E-2 1.54464E-2 1.96132E-3 2.81227E-3 2.87475E-2 6.63182E-2 2.44493E-1 3.28243E-1 1.83241E-1 1.60059E-1 2.9109E-1 4.4064E-1 2.32185E-1 4.47855E-1 3.42604E-1 3.21736E-1 4.52351E-1 2.28848E-1 3.08337E-1 2.72917E-1 3.23797E-1 2.92708E-1 1.55427E-1 1.17193E-1 5.8884E-2 4.86313E-2 3.66777E-2 1.78019E-2 1.42896E-2 9.93291E-3 1.41608E-4 1.57431E-4 1.38662E-3 -9999 -9999 -9999 -9999 -9999 -9999 -9999 -9999 -9999 -9999 -9999 -9999 -9999 -9999 -9999 -9999 -9999
0E0 0E0 0E0 0E0 0E0 0E0 0E0 0E0 0E0 0E0 0E0 0E0 0E0 0E0 0E0 0E0 0E0 0E0 0E0 0E0 0E0 0E0 0E0 0E0 0E0 1.84141E-1 7.1693E-2 2.35933E-2 3.27319E-2 7.8569E-3 1.02977E-3 3.25065E-3 4.20023E-2 4.99585E-2 1.02088E-1 1.08379E-1 4.44436E-2 6.88956E-2 2.07968E-1 2.08936E-1 2.02641E-1 4.23845E-1 3.99737E-1 3.11402E-1 2.9042E-1 2.41887E-1 3.0446E-1 3.84032E-1 4.26479E-1 4.56821E-1 1.96657E-1 3.23144E-1 1.72344E-1 2.9036E-1 1.65017E-1 4.6801E-2 2.39596E-2 1.47589E-2 2.60777E-4 2.54499E-4 2.21428E-3 -9999 -9999 -9999 -9999 -9999 -9999 -9999 -9999 -9999 -9999 -9999 -9999 -9999 -9999 -9999 -9999 -9999
0E0 0E0 0E0 0E0 0E0 0E0 0E0 0E0 0E0 0E0 0E0 0E0 0E0 0E0 0E0 0E0 0E0 0E0 0E0 0E0 0E0 0E0 0E0 0E0 0E0 0E0 1.05866E-1 1.43099E-1 1.00356E-1 4.87259E-2 3.25787E-3 5.90747E-4 1.6356E-2 3.80885E-2 3.88647E-2 3.4488E-2 3.59871E-2 3.03326E-2 1.14058E-1 1.65023E-1 5.47241E-2 1.59126E-1 1.681E-1 1.59223E-1 1.28674E-1 5.74615E-2 1.86837E-1 2.77745E-1 2.77373E-1 1.88177E-1 1.78503E-1 1.58154E-1 1.44566E-1 2.46023E-1 2.02282E-1 1.28824E-1 1.60163E-2 5.74333E-3 3.02355E-4 1.63192E-4 2.74566E-3 -9999 -9999 -9999 -9999 -9999 -9999 -9999 -9999 -9999 -9999 -9999 -9999 -9999 -9999 -9999 -9999 -9999
0E0 0E0 0E0 0E0 0E0 0E0 0E0 0E0 0E0 0E0 0E0 0E0 0E0 0E0 0E0 0E0 0E0 0E0 0E0 0E0 0E0 0E0 0E0 0E0 0E0 2.0855E-2 0E0 1.11992E-1 4.86041E-2 6.49808E-3 2.65545E-3 1.22374E-2 1.86794E-2 2.80363E-2 1.44354E-2 2.12643E-2 2.47474E-2 4.44753E-2 6.50232E-2 6.68661E-2 6.21161E-2 9.02565E-2 1.18029E-1 6.6703E-2 4.09566E-2 4.66774E-2 1.17309E-1 9.3969E-2 1.28378E-1 1.45242E-1 2.91994E-2 2.86908E-2 1.50693E-1 1.2224E-1 4.50671E-2 7.48085E-2 2.47722E-2 8.20861E-3 5.20412E-4 1.95108E-4 5.93043E-4 -9999 -9999 -9999 -9999 -9999 -9999 -9999 -9999 -9999 -9999 -9999 -9999 -9999 -9999 -9999 -9999 -9999
0E0 0E0 0E0 0E0 0E0 0E0 0E0 0E0 0E0 0E0 0E0 0E0 0E0 0E0 0E0 0E0 0E0 0E0 0E0 0E0 0E0 0E0 0E0 0E0 0E0 0E0 2.31784E-2 1.17992E-1 7.64878E-2 2.138E-2 2.01089E-2 3.18533E-2 3.11568E-2 1.4123E-2 9.7971E-3 9.06424E-3 1.12084E-2 2.37348E-2 6.76644E-2 3.62825E-2 4.45083E-2 4.17194E-2 6.07426E-2 6.68592E-2 1.68142E-2 1.45672E-2 2.59803E-2 2.5743E-2 8.60572E-2 5.4894E-2 1.6037E-2 7.76068E-3 4.84896E-2 1.99803E-2 9.37226E-3 1.05606E-2 6.87258E-3 9.87825E-3 2.7082E-4 6.77082E-4 3.65585E-3 -9999 -9999 -9999 -9999 -9999 -9999 -9999 -9999 -9999 -9999 -9999 -9999 -9999 -9999 -9999 -9999 -9999
0E0 0E0 0E0 0E0 0E0 0E0 0E0 0E0 0E0 0E0 0E0 0E0 0E0 0E0 0E0 0E0 0E0 0E0 0E0 0E0 0E0 0E0 0E0 0E0 0E0 0E0 0E0 7.81823E-2 1.8172E-1 5.27674E-2 1.69297E-2 4.47299E-2 2.48127E-2 1.63284E-2 1.34079E-2 1.53047E-2 1.62501E-2 2.21536E-2 2.83809E-2 2.11927E-2 2.68566E-2 2.37458E-2 6.8829E-2 8.77808E-2 1.64311E-2 1.02816E-2 4.56225E-3 7.69955E-3 2.21357E-2 6.50044E-2 5.74139E-2 8.46412E-3 1.74392E-2 1.25684E-2 8.88967E-3 1.15003E-2 7.8502E-4 3.18947E-4 6.92583E-4 1.76736E-3 2.99466E-3 -9999 -9999 -9999 -9999 -9999 -9999 -9999 -9999 -9999 -9999 -9999 -9999 -9999 -9999 -9999 -9999 -9999
0E0 0E0 0E0 0E0 0E0 0E0 0E0 0E0 0E0 0E0 0E0 0E0 0E0 0E0 0E0 0E0 0E0 0E0 0E0 0E0 0E0 0E0 0E0 0E0 0E0 0E0 0E0 0E0 0E0 4.37872E-2 2.49133E-2 2.87329E-2 3.35269E-2 5.97763E-2 2.32939E-2 3.01256E-2 5.90708E-2 2.20235E-2 1.40548E-2 1.8358E-2 9.96861E-3 1.07838E-2 2.13759E-2 3.41143E-2 1.53136E-2 5.32099E-3 4.83262E-3 4.77879E-3 2.4523E-2 4.49479E-2 4.31954E-2 5.61202E-2 1.28167E-2 1.37407E-2 6.41263E-3 3.46753E-3 4.36682E-4 1.32214E-4 4.34633E-4 3.43532E-3 3.56089E-3 -9999 -9999 -9999 -9999 -9999 -9999 -9999 -9999 -9999 -9999 -9999 -9999 -9999 -9999 -9999 -9999 -9999
0E0 0E0 0E0 0E0 0E0 0E0 0E0 0E0 0E0 0E0 0E0 0E0 0E0 0E0 0E0 0E0 0E0 0E0 0E0 0E0 0E0 0E0 0E0 0E0 0E0 0E0 0E0 0E0 0E0 0E0 3.74914E-2 4.05876E-2 0E0 3.71188E-2 3.78375E-2 0E0 7.37824E-2 9.70641E-2 3.40898E-2 1.49335E-2 1.92548E-2 1.43118E-2 5.94638E-3 1.71394E-2 2.43236E-3 9.79119E-4 3.33359E-3 6.35925E-3 1.11279E-2 1.51265E-2 8.89175E-3 1.4858E-2 1.5405E-2 1.14478E-2 8.84504E-3 2.03753E-3 1.35846E-4 2.69808E-4 1.25865E-3 1.4464E-2 -9999 -9999 -9999 -9999 -9999 -9999 -9999 -9999 -9999 -9999 -9999 -9999 -9999 -9999 -9999 -9999 -9999 -9999
0E0 0E0 0E0 0E0 0E0 0E0 0E0 0E0 0E0 0E0 0E0 0E0 0E0 0E0 0E0 0E0 0E0 0E0 0E0 0E0 0E0 3.12062E-1 2.96177E-1 4.12461E-1 3.07376E-1 1.39062E-1 0E0 0E0 0E0 0E0 3.12731E-2 0E0 0E0 0E0 0E0 0E0 0E0 8.65437E-2 4.6213E-2 2.90409E-2 2.42386E-2 2.7108E-2 4.42247E-3 2.596E-3 5.05669E-4 5.13481E-4 6.9592E-4 6.16199E-3 2.19164E-3 4.53954E-3 1.20819E-3 4.23844E-3 5.48885E-3 3.91323E-3 1.56084E-3 4.21526E-4 8.41918E-5 4.57445E-4 1.87456E-3 3.09609E-3 -9999 -9999 -9999 -9999 -9999 -9999 -9999 -9999 -9999 -9999 -9999 -9999 -9999 -9999 -9999 -9999 -9999 -9999
0E0 0E0 0E0 0E0 0E0 0E0 0E0 0E0 0E0 0E0 0E0 0E0 0E0 0E0 0E0 0E0 0E0 0E0 0E0 0E0 0E0 0E0 0E0 0E0 0E0 0E0 0E0 0E0 0E0 0E0 0E0 0E0 0E0 0E0 0E0 0E0 0E0 0E0 6.58598E-2 4.45728E-2 5.80841E-2 1.72036E-2 2.98043E-2 1.65176E-3 1.63166E-4 4.82763E-5 4.60387E-4 2.18229E-3 1.69819E-3 1.01457E-3 1.24351E-3 1.00087E-3 1.06404E-3 3.94277E-4 1.65896E-4 9.84746E-5 1.97742E-4 6.01627E-4 2.43213E-3 1.68995E-2 -9999 -9999 -9999 -9999 -9999 -9999 -9999 -9999 -9999 -9999 -9999 -9999 -9999 -9999 -9999 -9999 -9999 -9999
0E0 0E0 0E0 0E0 0E0 0E0 0E0 0E0 0E0 0E0 0E0 0E0 0E0 0E0 0E0 0E0 0E0 0E0 0E0 0E0 0E0 0E0 0E0 0E0 0E0 7.3371E-2 0E0 0E0 0E0 0E0 0E0 0E0 0E0 0E0 0E0 0E0 0E0 0E0 4.24365E-2 1.14284E-1 1.82944E-2 5.97479E-3 2.76567E-3 6.27388E-3 2.21498E-4 1.19687E-4 5.52375E-4 2.32047E-3 5.81565E-4 2.82359E-4 3.01948E-4 1.16842E-3 8.36318E-4 1.6547E-4 2.07349E-4 3.25558E-4 3.5261E-4 4.1228E-4 4.10839E-3 9.35075E-3 -9999 -9999 -9999 -9999 -9999 -9999 -9999 -9999 -9999 -9999 -9999 -9999 -9999 -9999 -9999 -9999 -9999 -9999
0E0 0E0 0E0 0E0 0E0 0E0 0E0 0E0 0E0 0E0 0E0 0E0 0E0 0E0 0E0 0E0 0E0 0E0 0E0 0E0 0E0 0E0 0E0 0E0 0E0 5.50372E-2 6.76662E-2 3.39366E-2 0E0 3.4018E-2 2.87634E-2 0E0 0E0 0E0 0E0 0E0 0E0 0E0 0E0 4.86863E-2 1.61644E-2 3.06058E-3 1.01641E-3 1.05209E-2 2.29904E-3 2.58526E-3 1.01776E-2 2.7323E-3 1.91241E-3 5.34709E-4 2.13238E-4 3.03224E-4 2.66156E-4 2.11778E-4 6.27812E-4 8.29376E-4 8.74137E-4 4.27697E-4 7.79366E-4 2.36928E-3 -9999 -9999 -9999 -9999 -9999 -9999 -9999 -9999 -9999 -9999 -9999 -9999 -9999 -9999 -9999 -9999 -9999 -9999
0E0 0E0 0E0 0E0 0E0 0E0 0E0 0E0 0E0 0E0 0E0 0E0 0E0 0E0 0E0 0E0 0E0 0E0 0E0 0E0 0E0 0E0 0E0 0E0 0E0 0E0 4.79243E-2 4.92299E-2 4.58025E-2 5.65357E-2 0E0 0E0 0E0 0E0 5.55429E-2 8.15586E-2 9.39904E-2 0E0 1.92688E-1 1.99278E-2 1.56375E-2 5.16881E-3 1.76054E-3 1.04173E-2 4.26656E-3 1.34322E-2 1.55022E-2 6.95945E-3 5.43478E-3 9.84273E-4 2.39946E-4 1.23152E-4 1.23406E-4 1.61799E-4 2.75644E-4 3.23347E-4 6.67976E-4 3.25678E-3 8.7687E-4 1.76663E-3 -9999 -9999 -9999 -9999 -9999 -9999 -9999 -9999 -9999 -9999 -9999 -9999 -9999 -9999 -9999 -9999 -9999 -9999
0E0 0E0 0E0 0E0 0E0 0E0 0E0 0E0 0E0 0E0 0E0 0E0 0E0 0E0 0E0 0E0 0E0 0E0 0E0 0E0 0E0 0E0 0E0 0E0 0E0 0E0 0E0 0E0 5.84579E-2 0E0 0E0 0E0 0E0 0E0 0E0 2.16646E-1 2.30653E-1 1.01179E-1 2.10757E-1 1.66252E-2 6.82563E-3 3.46973E-3 4.4221E-3 3.55489E-2 2.29296E-2 3.23593E-2 1.79645E-2 1.22286E-2 6.44848E-3 1.99603E-3 2.69589E-4 1.09717E-4 1.21181E-4 1.54859E-4 1.8435E-4 1.56206E-4 5.20787E-4 1.82791E-3 3.00954E-3 -9999 -9999 -9999 -9999 -9999 -9999 -9999 -9999 -9999 -9999 -9999 -9999 -9999 -9999 -9999 -9999 -9999 -9999 -9999
0E0 0E0 0E0 0E0 0E0 0E0 0E0 0E0 0E0 0E0 0E0 0E0 0E0 0E0 0E0 0E0 0E0 0E0 0E0 0E0 0E0 0E0 0E0 0E0 0E0 0E0 0E0 0E0 0E0 0E0 0E0 0E0 0E0 0E0 0E0 4.61519E-1 5.16537E-1 1.61979E-1 1.97389E-1 1.46752E-2 3.3785E-3 4.29398E-3 8.48571E-3 3.51789E-2 2.77099E-2 6.07605E-3 1.03209E-3 6.84765E-4 4.72765E-4 2.70743E-4 9.64405E-5 3.38031E-4 3.90119E-4 5.51611E-4 1.393E-3 2.95449E-4 1.94853E-4 4.48701E-4 1.2381E-3 -9999 -9999 -9999 -9999 -9999 -9999 -9999 -9999 -9999 -9999 -9999 -9999 -9999 -9999 -9999 -9999 -9999 -9999 -9999
0E0 0E0 0E0 0E0 0E0 0E0 0E0 0E0 0E0 0E0 0E0 0E0 0E0 0E0 0E0 0E0 0E0 0E0 0E0 0E0 0E0 0E0 0E0 0E0 0E0 0E0 0E0 0E0 0E0 0E0 0E0 0E0 0E0 2.62012E-1 3.24229E-1 5.17392E-1 4.94651E-1 3.37767E-1 1.9162E-1 5.7091E-2 4.70379E-3 2.49722E-2 4.02847E-2 2.41249E-2 1.16678E-2 1.07372E-3 4.56191E-4 3.48379E-4 3.10212E-4 9.5214E-5 2.03785E-4 2.88386E-4 3.17147E-4 1.95823E-3 3.06198E-3 6.60317E-4 6.39994E-4 5.24886E-4 -9999 -9999 -9999 -9999 -9999 -9999 -9999 -9999 -9999 -9999 -9999 -9999 -9999 -9999 -9999 -9999 -9999 -9999 -9999 -9999
0E0 0E0 0E0 0E0 0E0 0E0 0E0 0E0 0E0 0E0 0E0 0E0 0E0 0E0 0E0 0E0 0E0 0E0 0E0 0E0 0E0 0E0 0E0 0E0 0E0 0E0 0E0 0E0 0E0 0E0 0E0 0E0 0E0 1.37241E-1 1.9403E-1 1.41014E-1 1.87248E-1 3.46834E-1 1.37565E-1 4.57511E-2 5.6932E-3 5.70327E-3 1.02334E-2 7.90776E-3 7.57077E-3 4.55859E-3 6.66947E-3 2.01325E-3 2.39606E-4 1.89547E-4 3.45462E-4 6.97142E-4 1.57188E-3 1.88019E-3 2.56663E-3 4.35677E-3 3.02175E-3 2.43771E-3 -9999 -9999 -9999 -9999 -9999 -9999 -9999 -9999 -9999 -9999 -9999 -9999 -9999 -9999 -9999 -9999 -9999 -9999 -9999 -9999
0E0 0E0 0E0 0E0 0E0 0E0 0E0 0E0 0E0 0E0 0E0 0E0 0E0 0E0 0E0 0E0 0E0 0E0 0E0 0E0 0E0 0E0 0E0 0E0 0E0 0E0 0E0 0E0 0E0 0E0 0E0 2.22558E-1 8.28637E-2 3.00352E-1 2.25947E-1 2.12854E-1 1.64887E-1 1.5728E-1 1.27821E-1 1.32937E-1 5.37655E-3 1.37871E-3 4.26669E-3 1.6484E-2 3.90482E-2 2.65828E-2 1.45826E-2 4.42314E-3 3.70048E-4 6.41567E-4 1.73627E-4 0E0 6.59733E-4 7.89672E-4 2.33279E-3 3.15052E-3 2.09636E-3 -9999 -9999 -9999 -9999 -9999 -9999 -9999 -9999 -9999 -9999 -9999 -9999 -9999 -9999 -9999 -9999 -9999 -9999 -9999 -9999 -9999
0E0 0E0 0E0 0E0 0E0 0E0 0E0 0E0 0E0 0E0 0E0 0E0 0E0 0E0 0E0 0E0 0E0 0E0 0E0 0E0 0E0 0E0 0E0 0E0 0E0 0E0 0E0 0E0 2.08466E-1 1.58593E-1 1.7976E-1 1.60513E-1 2.21052E-1 4.27857E-1 4.22886E-1 3.35606E-1 1.47639E-1 3.98879E-1 2.17764E-1 1.35432E-1 1.8386E-2 9.86743E-4 1.66114E-3 8.56848E-4 1.46922E-2 3.84574E-2 2.01243E-2 1.15173E-2 6.81457E-4 5.3735E-4 3.1184E-4 2.6161E-4 1.71766E-3 2.20478E-3 2.72531E-4 5.13973E-4 3.39516E-3 -9999 -9999 -9999 -9999 -9999 -9999 -9999 -9999 -9999 -9999 -9999 -9999 -9999 -9999 -9999 -9999 -9999 -9999 -9999 -9999 -9999
0E0 0E0 -9999 0E0 0E0 0E0 0E0 0E0 0E0 0E0 0E0 0E0 0E0 0E0 0E0 0E0 0E0 0E0 0E0 0E0 0E0 0E0 0E0 0E0 0E0 0E0 0E0 0E0 3.0922E-1 2.66535E-1 3.8244E-1 1.5789E-1 4.15083E-1 4.45046E-1 5.13229E-1 3.46058E-1 3.65391E-1 4.73305E-1 5.25398E-1 2.64654E-1 2.33233E-1 6.52009E-2 1.64075E-3 1.12907E-3 9.3335E-3 5.00921E-2 1.82069E-2 8.00079E-3 6.22544E-4 5.77607E-4 0E0 2.02804E-4 4.08119E-3 2.24835E-3 4.17877E-4 3.13468E-3 -9999 -9999 -9999 -9999 -9999 -9999 -9999 -9999 -9999 -9999 -9999 -9999 -9999 -9999 -9999 -9999 -9999 -9999 -9999 -9999 -9999 -9999
0E0 0E0 0E0 0E0 0E0 0E0 0E0 0E0 0E0 0E0 0E0 0E0 0E0 0E0 0E0 0E0 0E0 0E0 0E0 0E0 0E0 0E0 0E0 0E0 0E0 0E0 9.81518E-2 2.63321E-1 4.07199E-1 5.08512E-1 5.3444E-1 5.17567E-1 5.69023E-1 5.70681E-1 6.10832E-1 6.91476E-1 6.45038E-1 6.50279E-1 4.0445E-1 2.15324E-1 2.62378E-1 2.92529E-1 2.16265E-2 2.66002E-3 2.73215E-2 3.04979E-2 3.6447E-2 1.6136E-2 6.37914E-4 6.55492E-4 0E0 3.93984E-4 3.83958E-3 1.38812E-3 1.56954E-3 5.77712E-4 -9999 -9999 -9999 -9999 -9999 -9999 -9999 -9999 -9999 -9999 -9999 -9999 -9999 -9999 -9999 -9999 -9999 -9999 -9999 -9999 -9999 -9999
0E0 0E0 0E0 0E0 0E0 0E0 0E0 0E0 0E0 0E0 0E0 0E0 0E0 0E0 0E0 0E0 0E0 0E0 0E0 0E0 0E0 0E0 0E0 0E0 0E0 0E0 3.83137E-1 4.04938E-1 5.01316E-1 6.66628E-1 3.79207E-1 3.87727E-1 4.86875E-1 6.02449E-1 5.9737E-1 6.41866E-1 5.20927E-1 5.47272E-1 2.92442E-1 1.75722E-1 4.41915E-2 8.6537E-2 6.25519E-2 6.38412E-2 3.73446E-2 1.12603E-2 6.64719E-3 2.38802E-3 9.56145E-4 3.30805E-4 1.68061E-4 5.73259E-4 2.38897E-3 2.34704E-3 1.47239E-3 -9999 -9999 -9999 -9999 -9999 -9999 -9999 -9999 -9999 -9999 -9999 -9999 -9999 -9999 -9999 -9999 -9999 -9999 -9999 -9999 -9999 -9999 -9999
0E0 0E0 0E0 -9999 0E0 0E0 0E0 0E0 0E0 0E0 0E0 0E0 0E0 0E0 0E0 0E0 0E0 0E0 0E0 0E0 0E0 0E0 2.53584E-1 0E0 0E0 0E0 2.76273E-1 2.26389E-1 2.48361E-1 0E0 0E0 0E0 0E0 0E0 0E0 2.20279E-1 1.61486E-1 1.37305E-1 1.76601E-1 1.66548E-1 5.1727E-2 4.29871E-2 4.2821E-3 2.2633E-2 1.13289E-2 7.42158E-3 4.22617E-3 3.91916E-4 3.32132E-4 4.83414E-5 6.93962E-5 7.85391E-4 3.57334E-3 1.76065E-3 9.89517E-4 -9999 -9999 -9999 -9999 -9999 -9999 -9999 -9999 -9999 -9999 -9999 -9999 -9999 -9999 -9999 -9999 -9999 -9999 -9999 -9999 -9999 -9999 -9999
0E0 0E0 0E0 0E0 0E0 0E0 0E0 0E0 0E0 0E0 0E0 0E0 0E0 0E0 0E0 0E0 0E0 0E0 0E0 0E0 0E0 3.43899E-1 4.08311E-1 3.69108E-1 2.43764E-1 0E0 3.32153E-1 3.08939E-1 4.34643E-1 1.94824E-1 0E0 0E0 0E0 0E0 0E0 0E0 0E0 9.30173E-2 9.0019E-2 4.85974E-2 5.77266E-2 2.31584E-2 1.39602E-3 5.1964E-3 4.78127E-3 9.9176E-4 2.66428E-4 2.97882E-4 2.89767E-4 0E0 3.07296E-4 2.05445E-3 2.75236E-3 1.89166E-3 -9999 -9999 -9999 -9999 -9999 -9999 -9999 -9999 -9999 -9999 -9999 -9999 -9999 -9999 -9999 -9999 -9999 -9999 -9999 -9999 -9999 -9999 -9999 -9999
0E0 0E0 0E0 0E0 0E0 0E0 0E0 0E0 0E0 0E0 0E0 0E0 0E0 0E0 0E0 0E0 0E0 0E0 0E0 0E0 0E0 0E0 0E0 2.45029E-1 2.8991E-1 0E0 3.29455E-1 2.93393E-1 3.21247E-1 2.94325E-1 0E0 0E0 0E0 0E0 0E0 0E0 0E0 9.2315E-2 2.94314E-2 6.06187E-2 5.10543E-2 3.52303E-3 9.51186E-4 8.7765E-4 2.34272E-3 5.7658E-4 3.09903E-4 2.54084E-4 1.03026E-4 3.16023E-4 4.41638E-4 4.91348E-4 1.71127E-3 2.26916E-3 -9999 -9999 -9999 -9999 -9999 -9999 -9999 -9999 -9999 -9999 -9999 -9999 -9999 -9999 -9999 -9999 -9999 -9999 -9999 -9999 -9999 -9999 -9999 -9999
0E0 0E0 0E0 0E0 0E0 0E0 0E0 0E0 0E0 0E0 0E0 0E0 0E0 0E0 0E0 0E0 0E0 0E0 0E0 0E0 0E0 0E0 0E0 0E0 0E0 2.9258E-1 3.82321E-1 4.60728E-1 2.96969E-1 2.0233E-1 4.53093E-1 2.71297E-1 1.15346E-1 0E0 1.68533E-1 0E0 0E0 5.18611E-2 2.85106E-2 1.35379E-1 1.83182E-1 1.09549E-2 1.03744E-3 3.61184E-3 3.45661E-2 5.79984E-3 3.2937E-4 1.78996E-4 4.38305E-5 8.26107E-4 1.15396E-3 2.57036E-3 2.21789E-3 -9999 -9999 -9999 -9999 -9999 -9999 -9999 -9999 -9999 -9999 -9999 -9999 -9999 -9999 -9999 -9999 -9999 -9999 -9999 -9999 -9999 -9999 -9999 -9999 -9999
0E0 0E0 0E0 0E0 0E0 0E0 0E0 0E0 -9999 0E0 0E0 0E0 0E0 0E0 0E0 0E0 0E0 0E0 0E0 0E0 0E0 0E0 0E0 0E0 0E0 0E0 0E0 3.55608E-1 4.87605E-1 5.22103E-1 4.39466E-1 4.19641E-1 3.65679E-1 4.60962E-1 5.3339E-1 3.79414E-1 2.22148E-1 1.61119E-1 1.74473E-1 9.7054E-2 1.85221E-1 1.89043E-2 8.68405E-4 1.76293E-2 6.13009E-2 8.06208E-3 4.94598E-4 2.89212E-4 1.31437E-4 5.85997E-4 1.73825E-3 5.01359E-3 6.28237E-3 -9999 -9999 -9999 -9999 -9999 -9999 -9999 -9999 -9999 -9999 -9999 -9999 -9999 -9999 -9999 -9999 -9999 -9999 -9999 -9999 -9999 -9999 -9999 -9999 -9999
0E0 0E0 0E0 0E0 0E0 0E0 0E0 0E0 0E0 -9999 0E0 0E0 0E0 0E0 0E0 0E0 0E0 0E0 0E0 0E0 0E0 0E0 0E0 8.98979E-2 0E0 0E0 0E0 0E0 3.44003E-1 5.81587E-1 6.13631E-1 5.70091E-1 5.36387E-1 5.23313E-1 5.02253E-1 4.75366E-1 4.00648E-1 2.99985E-1 2.32786E-1 2.14844E-1 2.70536E-1 7.59503E-3 5.72151E-4 2.32147E-3 1.02987E-2 2.90526E-3 2.0566E-4 1.41335E-4 3.54046E-4 2.52578E-4 3.4421E-4 2.08693E-3 -9999 -9999 -9999 -9999 -9999 -9999 -9999 -9999 -9999 -9999 -9999 -9999 -9999 -9999 -9999 -9999 -9999 -9999 -9999 -9999 -9999 -9999 -9999 -9999 -9999 -9999
