ENM/Final_Models/M_0.9_F_q_Set_1_NE/Gustavia_santanderiensis_Choco_avg.asc
ncols         367
nrows         963
xllcorner     -78.6
yllcorner     0.65
cellsize      0.00833333333333323
NODATA_value  -9999
[rows 455 to 489 of 963, columns 234 to 311 of 367]
0E0 0E0 0E0 0E0 0E0 0E0 0E0 0E0 0E0 0E0 0E0 0E0 0E0 2.52834E-2 3.99726E-3 7.38616E-3 6.11557E-3 2.65631E-2 4.92429E-2 7.57886E-2 0E0 0E0 0E0 4.23812E-2 7.91573E-1 1.46833E-1 9.15738E-2 3.2697E-1 2.92364E-1 1.85092E-1 1.6229E-1 7.62753E-2 3.7291E-2 8.10524E-4 1.95442E-3 1.98662E-2 3.86904E-2 2.12195E-2 4.75869E-2 0E0 2.77435E-1 1.50552E-1 0E0 2.10098E-1 5.0689E-2 2.19985E-2 2.94825E-2 3.29477E-2 9.17799E-2 3.15081E-2 3.81442E-2 8.17833E-2 1.04233E-1 1.02943E-1 3.14765E-2 1.23241E-2 -9999 -9999 -9999 -9999 -9999 -9999 -9999 -9999 -9999 -9999 -9999 -9999 -9999 -9999 -9999 -9999 -9999 -9999 -9999 -9999 -9999 -9999
0E0 0E0 0E0 0E0 0E0 0E0 0E0 0E0 0E0 0E0 0E0 0E0 5.7237E-2 2.4138E-2 4.04269E-2 4.70293E-3 1.49862E-2 1.01812E-2 2.21057E-2 9.74458E-2 0E0 0E0 0E0 1.61136E-1 4.67629E-1 3.74116E-1 5.42409E-1 7.07979E-1 3.70117E-1 3.21433E-1 4.35866E-1 4.70072E-1 8.59656E-2 1.83663E-1 4.63688E-2 2.43953E-2 1.90499E-3 1.59105E-2 1.05695E-2 4.64215E-2 0E0 2.33725E-1 2.04124E-1 3.72496E-1 9.6755E-2 0E0 0E0 6.9664E-2 2.34758E-1 3.90847E-2 2.17133E-2 4.39775E-2 1.13064E-1 1.28071E-1 1.05309E-1 8.53559E-3 -9999 -9999 -9999 -9999 -9999 -9999 -9999 -9999 -9999 -9999 -9999 -9999 -9999 -9999 -9999 -9999 -9999 -9999 -9999 -9999 -9999 -9999
0E0 0E0 0E0 0E0 0E0 0E0 0E0 0E0 0E0 0E0 0E0 0E0 1.16466E-2 1.3125E-2 1.55774E-2 1.15897E-2 3.68523E-2 1.77575E-2 4.1547E-2 4.63605E-2 0E0 0E0 0E0 1.01054E-1 4.66592E-1 6.06142E-1 6.08938E-1 4.87755E-1 4.04888E-1 4.22367E-1 6.99259E-1 5.27598E-1 2.23776E-1 2.23137E-1 3.80429E-1 3.32505E-2 1.98806E-2 1.61828E-2 1.41928E-2 0E0 1.19496E-1 1.81144E-1 0E0 2.99958E-1 1.71772E-1 9.51041E-2 4.24978E-2 6.09132E-2 1.4564E-1 1.9633E-1 7.27903E-2 3.84604E-2 6.89164E-2 8.2055E-2 6.61685E-2 1.33598E-2 -9999 -9999 -9999 -9999 -9999 -9999 -9999 -9999 -9999 -9999 -9999 -9999 -9999 -9999 -9999 -9999 -9999 -9999 -9999 -9999 -9999 -9999
0E0 0E0 0E0 0E0 0E0 0E0 0E0 0E0 0E0 0E0 0E0 1.66134E-2 4.12305E-3 8.2004E-3 5.65601E-3 2.29483E-2 7.70146E-2 4.8319E-2 5.65666E-2 0E0 0E0 0E0 0E0 1.24774E-2 3.65503E-1 2.35491E-1 6.94666E-1 8.06856E-1 3.65064E-1 1.55762E-1 6.4611E-2 1.52706E-1 5.44348E-1 4.95609E-1 2.76413E-1 1.38974E-1 3.43593E-2 3.61318E-3 8.20676E-3 0E0 9.71539E-2 0E0 0E0 2.92341E-1 1.54825E-1 5.53293E-2 1.11223E-2 5.69664E-2 1.76333E-1 0E0 3.38438E-2 1.70799E-2 9.63467E-3 1.74598E-2 5.86088E-2 1.1741E-2 -9999 -9999 -9999 -9999 -9999 -9999 -9999 -9999 -9999 -9999 -9999 -9999 -9999 -9999 -9999 -9999 -9999 -9999 -9999 -9999 -9999 -9999
0E0 0E0 0E0 0E0 0E0 0E0 0E0 0E0 0E0 0E0 4.40617E-3 2.2979E-3 7.55195E-3 1.96142E-2 2.38315E-2 5.33193E-3 2.17781E-2 4.70038E-2 1.08361E-1 5.54258E-3 7.25559E-2 0E0 0E0 1.05511E-1 9.03018E-2 2.88462E-1 1.3313E-1 1.7866E-1 2.51554E-1 1.32753E-1 2.57743E-1 1.16902E-1 1.75821E-1 3.09336E-1 4.96673E-1 1.93944E-1 2.32411E-2 2.93827E-2 4.52871E-2 0E0 1.30024E-1 1.25697E-1 0E0 1.72013E-1 4.48931E-2 1.84351E-2 9.05169E-4 2.71585E-2 1.50526E-1 0E0 5.84063E-2 6.96453E-3 8.11699E-3 1.80522E-2 2.03694E-2 8.4394E-3 2.98355E-3 -9999 -9999 -9999 -9999 -9999 -9999 -9999 -9999 -9999 -9999 -9999 -9999 -9999 -9999 -9999 -9999 -9999 -9999 -9999 -9999 -9999
0E0 0E0 0E0 0E0 0E0 0E0 0E0 0E0 0E0 0E0 5.73583E-3 4.90362E-3 3.54326E-3 1.75102E-2 2.58286E-2 1.91402E-2 3.67955E-2 3.98079E-2 0E0 1.04557E-1 0E0 0E0 5.62999E-2 3.21643E-2 2.58177E-2 1.22255E-2 1.08879E-2 1.6745E-3 1.97095E-3 5.4821E-1 2.59479E-1 1.62699E-2 7.91975E-3 1.9629E-2 7.27432E-2 9.83088E-3 1.18949E-1 0E0 1.61946E-1 1.07301E-1 8.31427E-2 4.2832E-2 9.92129E-2 6.64332E-2 9.2356E-2 7.89723E-2 4.82557E-3 2.18305E-2 2.99398E-2 3.19354E-2 3.47777E-2 8.36118E-3 6.02441E-3 1.54824E-2 5.04128E-3 2.5993E-3 1.26975E-2 -9999 -9999 -9999 -9999 -9999 -9999 -9999 -9999 -9999 -9999 -9999 -9999 -9999 -9999 -9999 -9999 -9999 -9999 -9999 -9999 -9999
0E0 0E0 0E0 0E0 0E0 0E0 0E0 0E0 0E0 0E0 5.01719E-3 8.18593E-3 4.17648E-2 3.15438E-2 4.92267E-2 3.88983E-2 3.06137E-2 3.36441E-2 2.55256E-2 6.13899E-2 1.30369E-1 0E0 2.65823E-1 2.01138E-1 2.8092E-1 2.84914E-1 7.11721E-3 6.38661E-3 1.67427E-2 1.40178E-1 1.77723E-1 9.20519E-2 2.03144E-2 4.34992E-2 8.65339E-2 0E0 8.36326E-2 9.74917E-2 7.35243E-2 5.66198E-2 2.11476E-2 1.23754E-2 2.29361E-2 4.29413E-2 5.62584E-2 2.53028E-2 1.02663E-2 1.22794E-2 1.55327E-2 7.63191E-3 1.13658E-2 1.16491E-2 1.17945E-2 8.89182E-3 3.66795E-3 3.42864E-3 4.88351E-3 -9999 -9999 -9999 -9999 -9999 -9999 -9999 -9999 -9999 -9999 -9999 -9999 -9999 -9999 -9999 -9999 -9999 -9999 -9999 -9999 -9999
0E0 0E0 0E0 0E0 0E0 0E0 0E0 0E0 0E0 0E0 1.6523E-2 2.68027E-2 5.31346E-2 4.77723E-2 9.22924E-2 4.23565E-2 1.86951E-2 5.5273E-3 5.40107E-2 1.05879E-1 0E0 0E0 2.46603E-1 1.69566E-1 1.52167E-1 5.06133E-1 5.40773E-2 3.92746E-2 3.5587E-3 7.74789E-3 2.83917E-2 1.96454E-2 2.20428E-2 1.07962E-2 8.89058E-2 0E0 6.43271E-2 6.757E-2 3.40173E-2 2.46649E-2 2.02362E-2 2.94638E-2 1.63336E-2 1.68986E-2 1.68374E-2 9.8438E-3 3.83111E-3 9.97157E-3 2.92641E-2 3.95261E-3 6.77248E-3 5.0634E-3 5.81062E-3 1.11427E-2 8.09195E-3 1.32365E-2 1.02762E-2 -9999 -9999 -9999 -9999 -9999 -9999 -9999 -9999 -9999 -9999 -9999 -9999 -9999 -9999 -9999 -9999 -9999 -9999 -9999 -9999 -9999
0E0 0E0 0E0 0E0 0E0 0E0 0E0 0E0 0E0 0E0 1.03904E-2 2.96369E-2 4.83522E-2 3.48117E-2 6.38859E-2 6.08628E-2 2.7591E-2 1.60599E-2 5.48025E-2 0E0 0E0 0E0 0E0 5.77813E-3 1.1343E-1 1.84701E-1 4.70436E-1 5.16422E-1 2.17718E-2 3.94413E-2 7.71582E-2 5.44997E-3 1.44582E-2 1.2119E-2 1.36387E-2 0E0 8.93122E-2 1.32196E-1 5.17268E-2 4.23485E-2 1.1067E-1 4.56433E-2 5.7129E-2 1.51198E-2 2.15475E-2 1.05769E-2 5.346E-3 3.82947E-3 8.55677E-3 3.81114E-3 1.62847E-3 3.26087E-3 1.10026E-3 6.46795E-3 6.07622E-3 3.48797E-3 2.0835E-3 -9999 -9999 -9999 -9999 -9999 -9999 -9999 -9999 -9999 -9999 -9999 -9999 -9999 -9999 -9999 -9999 -9999 -9999 -9999 -9999 -9999
0E0 0E0 0E0 0E0 0E0 0E0 0E0 0E0 0E0 8.62077E-3 5.18032E-3 3.04557E-2 5.62896E-2 4.89049E-2 5.41826E-2 4.80149E-2 1.78307E-2 3.06371E-2 5.14949E-2 8.94125E-2 0E0 0E0 0E0 0E0 8.14912E-3 8.69454E-2 4.71149E-1 3.29564E-1 1.42016E-1 5.63043E-2 2.6537E-2 3.96351E-2 2.61482E-2 1.24473E-2 2.30363E-2 7.60609E-2 1.07394E-1 7.62699E-2 7.11388E-2 1.16228E-1 1.05644E-1 3.87923E-2 3.54412E-2 1.17954E-2 7.38587E-3 3.99657E-3 3.06035E-3 8.49776E-4 2.01639E-3 2.40201E-4 9.73286E-4 6.62281E-4 1.18745E-3 1.7012E-3 1.42554E-2 6.86393E-4 1.44085E-2 -9999 -9999 -9999 -9999 -9999 -9999 -9999 -9999 -9999 -9999 -9999 -9999 -9999 -9999 -9999 -9999 -9999 -9999 -9999 -9999 -9999
0E0 0E0 0E0 0E0 0E0 0E0 0E0 0E0 0E0 6.97152E-3 9.84765E-3 9.01612E-3 5.36892E-2 4.47647E-2 3.03652E-2 1.55954E-2 1.88292E-3 3.27397E-3 2.53645E-3 1.82862E-2 8.37946E-2 1.05439E-1 7.29155E-2 0E0 0E0 1.54927E-1 2.05739E-2 6.1199E-2 5.33727E-2 4.1944E-2 3.24714E-2 3.10634E-2 2.71533E-2 3.21227E-2 3.84396E-3 1.98689E-2 6.43355E-2 8.72709E-2 6.20857E-2 4.27942E-2 5.1296E-2 9.34812E-2 1.42697E-1 4.71322E-3 4.17181E-3 2.04807E-3 5.73457E-5 1.5759E-4 5.71593E-4 3.87129E-4 1.34308E-3 4.37058E-3 3.64047E-3 8.05984E-3 5.94571E-3 7.88963E-3 1.42871E-2 -9999 -9999 -9999 -9999 -9999 -9999 -9999 -9999 -9999 -9999 -9999 -9999 -9999 -9999 -9999 -9999 -9999 -9999 -9999 -9999 -9999
0E0 0E0 0E0 0E0 0E0 0E0 0E0 0E0 0E0 1.44847E-2 1.33342E-2 7.2141E-3 4.93913E-2 6.21467E-2 3.9935E-2 8.38652E-3 1.10288E-2 3.94185E-4 1.07191E-3 2.47272E-3 6.76553E-3 3.70172E-2 6.60998E-2 1.05371E-1 0E0 1.86079E-1 2.07122E-2 7.73013E-3 1.31987E-2 2.81172E-2 4.91966E-2 5.64864E-2 1.43942E-1 4.8153E-2 1.28658E-1 2.6891E-2 4.82167E-2 5.26028E-2 5.39594E-2 9.19592E-2 8.93288E-2 4.35791E-2 2.74842E-2 3.12103E-2 2.06791E-3 2.40104E-3 1.70774E-3 3.31943E-4 8.77831E-4 4.362E-4 2.23644E-3 1.31622E-3 8.11647E-3 1.46435E-2 5.33952E-3 4.21241E-3 -9999 -9999 -9999 -9999 -9999 -9999 -9999 -9999 -9999 -9999 -9999 -9999 -9999 -9999 -9999 -9999 -9999 -9999 -9999 -9999 -9999 -9999
0E0 0E0 0E0 0E0 0E0 0E0 0E0 0E0 0E0 3.16523E-2 1.8523E-2 1.69667E-2 3.05406E-2 1.31964E-1 5.58618E-2 7.06375E-2 3.42743E-3 1.08862E-3 2.57091E-4 1.30324E-3 1.32451E-2 2.56558E-2 5.25387E-2 4.95088E-2 1.17955E-1 9.24231E-2 1.39965E-2 1.41861E-2 1.08132E-2 2.99072E-2 2.67314E-2 2.31369E-1 1.12491E-1 0E0 9.62629E-2 1.72986E-1 1.19136E-1 0E0 9.01291E-2 6.68132E-2 7.39328E-2 8.06956E-2 2.24909E-2 1.4281E-2 3.32541E-3 4.00823E-4 1.56462E-3 4.79382E-3 1.089E-3 1.18101E-3 3.49559E-3 2.78619E-3 3.73336E-3 1.67123E-3 1.60885E-2 2.65798E-3 -9999 -9999 -9999 -9999 -9999 -9999 -9999 -9999 -9999 -9999 -9999 -9999 -9999 -9999 -9999 -9999 -9999 -9999 -9999 -9999 -9999 -9999
0E0 0E0 0E0 0E0 0E0 0E0 0E0 0E0 0E0 0E0 1.82601E-2 1.18901E-2 3.49441E-2 1.24152E-1 0E0 7.62566E-2 8.00538E-3 1.68413E-3 4.54795E-4 1.07591E-3 2.25838E-2 1.52938E-2 1.64239E-2 5.08422E-2 8.79707E-2 1.33873E-1 2.71446E-2 2.89624E-2 3.07968E-2 3.10816E-2 8.60903E-2 0E0 1.68428E-1 1.27193E-1 5.71231E-2 3.71727E-2 3.4658E-2 7.20482E-2 5.29996E-2 4.94215E-2 7.02213E-2 2.31169E-2 6.62203E-3 8.3054E-4 5.53574E-4 3.22913E-3 2.60868E-3 5.7737E-3 4.92673E-3 3.87646E-3 4.66967E-4 2.57236E-3 1.75726E-2 3.44583E-2 5.49482E-2 5.70645E-3 -9999 -9999 -9999 -9999 -9999 -9999 -9999 -9999 -9999 -9999 -9999 -9999 -9999 -9999 -9999 -9999 -9999 -9999 -9999 -9999 -9999 -9999
0E0 0E0 0E0 0E0 0E0 0E0 0E0 0E0 0E0 4.25808E-2 1.04417E-2 5.37187E-3 4.79221E-2 1.46397E-1 4.08469E-2 5.51114E-2 4.80071E-2 2.23261E-3 6.69605E-4 1.4262E-3 1.20404E-2 1.00548E-2 1.08724E-2 5.48149E-2 8.70757E-2 1.62636E-1 6.81294E-2 5.70676E-2 5.22158E-2 4.59604E-2 4.36936E-2 0E0 1.49934E-1 9.20909E-2 5.55379E-2 1.62944E-2 1.41325E-2 1.38608E-2 3.20173E-2 2.90512E-2 2.61374E-2 4.56602E-3 3.66859E-3 3.35818E-3 7.19924E-4 1.38691E-3 8.05344E-3 1.43757E-2 5.78296E-3 9.96892E-3 9.73626E-3 6.50962E-3 4.0466E-2 4.64621E-2 4.37236E-2 1.23149E-3 -9999 -9999 -9999 -9999 -9999 -9999 -9999 -9999 -9999 -9999 -9999 -9999 -9999 -9999 -9999 -9999 -9999 -9999 -9999 -9999 -9999 -9999
0E0 0E0 0E0 0E0 0E0 0E0 0E0 0E0 0E0 1.1014E-2 6.12311E-3 2.25941E-2 0E0 2.44405E-1 3.76938E-3 2.24188E-3 0E0 1.57934E-2 3.29507E-3 1.81685E-2 2.70655E-2 7.94874E-3 1.15509E-2 8.56621E-3 4.6173E-2 2.46942E-2 0E0 7.6368E-2 1.26497E-1 7.70767E-2 5.6176E-2 9.74899E-2 4.20138E-2 1.17451E-2 1.00568E-2 1.04621E-2 8.65244E-3 1.25497E-2 3.18316E-2 1.40309E-2 4.46788E-3 1.64716E-3 3.22261E-3 3.48987E-3 4.45338E-3 1.00187E-2 9.85364E-4 2.10306E-3 6.20979E-3 3.90527E-3 1.13685E-2 2.45674E-2 5.38691E-2 8.92064E-2 3.78009E-2 6.14644E-3 -9999 -9999 -9999 -9999 -9999 -9999 -9999 -9999 -9999 -9999 -9999 -9999 -9999 -9999 -9999 -9999 -9999 -9999 -9999 -9999 -9999 -9999
0E0 0E0 0E0 0E0 0E0 0E0 0E0 0E0 0E0 2.61175E-2 2.49934E-2 4.4494E-2 0E0 0E0 2.34265E-1 0E0 1.43624E-1 3.85642E-2 4.35518E-2 1.25111E-1 0E0 3.21602E-2 7.78384E-4 1.22394E-2 2.38084E-2 1.66347E-1 1.42058E-1 0E0 0E0 0E0 0E0 4.06273E-2 1.50345E-2 2.54916E-2 2.54571E-2 2.53958E-2 2.25277E-2 2.82695E-2 3.48673E-2 7.34556E-3 7.39649E-4 3.2403E-4 3.90208E-4 1.0695E-3 3.11326E-3 9.1807E-3 3.30052E-5 4.11059E-3 9.28406E-3 8.72011E-3 1.07411E-2 1.66263E-2 1.14552E-2 7.7464E-3 2.47476E-2 2.51324E-2 -9999 -9999 -9999 -9999 -9999 -9999 -9999 -9999 -9999 -9999 -9999 -9999 -9999 -9999 -9999 -9999 -9999 -9999 -9999 -9999 -9999 -9999
0E0 0E0 0E0 0E0 0E0 0E0 0E0 0E0 0E0 0E0 2.24111E-2 1.91073E-2 4.53493E-2 0E0 0E0 6.90525E-2 2.20596E-2 1.57419E-2 3.32725E-2 1.27189E-1 7.87423E-2 5.18577E-2 1.06186E-2 1.3504E-2 7.54007E-2 0E0 0E0 0E0 0E0 0E0 0E0 8.31928E-2 5.7355E-2 1.17003E-1 1.20445E-1 5.77331E-2 4.15946E-2 3.96596E-2 2.41153E-3 1.3154E-2 3.88251E-3 4.50848E-3 2.33902E-3 2.0017E-3 1.62219E-3 2.55138E-3 4.7497E-3 1.12481E-2 3.04514E-3 2.01021E-2 4.2075E-2 1.70112E-2 2.35026E-2 2.42978E-2 1.75144E-2 4.19952E-2 -9999 -9999 -9999 -9999 -9999 -9999 -9999 -9999 -9999 -9999 -9999 -9999 -9999 -9999 -9999 -9999 -9999 -9999 -9999 -9999 -9999 -9999
0E0 0E0 0E0 0E0 0E0 0E0 0E0 0E0 0E0 0E0 2.8181E-2 6.87621E-2 0E0 0E0 1.88375E-1 9.30049E-2 2.30811E-2 4.19596E-2 1.16399E-1 2.76917E-1 0E0 7.63928E-2 4.40064E-2 6.10455E-2 0E0 0E0 0E0 0E0 0E0 0E0 2.71599E-1 1.54214E-1 7.22728E-2 1.95616E-1 1.27098E-1 1.78933E-1 1.09804E-1 4.71872E-2 7.2976E-2 5.78355E-2 5.49045E-2 9.98858E-3 2.4464E-3 1.58534E-3 4.95211E-3 7.50943E-3 9.80247E-3 3.73572E-3 4.26584E-3 7.40623E-5 2.43941E-2 4.15074E-2 2.2045E-2 3.46109E-2 3.1823E-2 3.93245E-2 -9999 -9999 -9999 -9999 -9999 -9999 -9999 -9999 -9999 -9999 -9999 -9999 -9999 -9999 -9999 -9999 -9999 -9999 -9999 -9999 -9999 -9999
0E0 0E0 0E0 0E0 0E0 0E0 0E0 0E0 0E0 0E0 0E0 0E0 0E0 0E0 0E0 0E0 0E0 0E0 0E0 0E0 0E0 0E0 0E0 0E0 0E0 0E0 0E0 3.70911E-2 1.65002E-2 5.98543E-2 9.10165E-2 8.29161E-2 2.39488E-2 6.62049E-2 4.252E-2 2.90152E-2 1.54734E-2 1.51188E-1 5.94498E-2 6.18863E-2 3.38887E-2 7.4175E-3 5.69763E-3 2.98255E-3 5.17839E-3 2.52711E-3 4.24749E-3 6.06515E-3 6.5623E-3 1.50492E-2 2.72478E-2 1.75272E-2 1.50721E-2 2.57047E-3 1.13228E-2 2.33618E-2 -9999 -9999 -9999 -9999 -9999 -9999 -9999 -9999 -9999 -9999 -9999 -9999 -9999 -9999 -9999 -9999 -9999 -9999 -9999 -9999 -9999 -9999
0E0 0E0 0E0 0E0 0E0 0E0 0E0 0E0 0E0 0E0 0E0 0E0 0E0 0E0 0E0 0E0 0E0 0E0 0E0 0E0 0E0 0E0 0E0 0E0 0E0 0E0 1.62404E-2 9.15174E-2 1.61703E-1 1.31993E-1 1.17016E-1 1.50771E-1 1.60649E-1 5.21655E-2 7.06566E-2 7.6195E-2 5.09813E-2 0E0 1.50288E-1 6.40213E-2 4.2862E-2 5.81959E-3 9.87989E-3 3.09584E-3 9.05085E-4 8.23801E-4 4.6367E-4 5.83585E-4 2.13997E-3 4.75524E-3 4.58706E-3 8.55238E-3 1.30571E-2 9.6919E-3 1.66491E-2 1.66473E-2 -9999 -9999 -9999 -9999 -9999 -9999 -9999 -9999 -9999 -9999 -9999 -9999 -9999 -9999 -9999 -9999 -9999 -9999 -9999 -9999 -9999 -9999
0E0 0E0 0E0 0E0 0E0 0E0 0E0 0E0 0E0 0E0 0E0 0E0 0E0 0E0 0E0 0E0 0E0 0E0 0E0 0E0 0E0 0E0 0E0 0E0 0E0 3.5497E-2 1.96459E-3 2.00388E-2 6.16133E-2 1.21757E-1 3.87061E-2 2.92246E-1 2.50404E-1 9.82772E-2 1.1942E-1 1.49093E-1 1.71267E-1 6.501E-2 8.80128E-2 4.84465E-2 1.91661E-2 7.38049E-3 1.4937E-3 5.51123E-3 3.47498E-3 1.81712E-3 6.2945E-4 8.15894E-4 1.32983E-3 4.42387E-3 1.69506E-2 3.48872E-3 4.35772E-3 7.07191E-3 4.2063E-3 -9999 -9999 -9999 -9999 -9999 -9999 -9999 -9999 -9999 -9999 -9999 -9999 -9999 -9999 -9999 -9999 -9999 -9999 -9999 -9999 -9999 -9999 -9999
0E0 0E0 0E0 0E0 0E0 0E0 0E0 0E0 0E0 0E0 0E0 0E0 0E0 0E0 0E0 0E0 0E0 0E0 0E0 0E0 0E0 5.96162E-2 4.53081E-2 4.20543E-3 3.68875E-2 3.41146E-3 9.01642E-2 6.54595E-2 2.09733E-1 1.11011E-1 1.79028E-1 1.13016E-1 8.56299E-2 8.68191E-2 2.29741E-1 2.17523E-1 9.21458E-2 1.41016E-1 5.57201E-2 5.57621E-2 1.63343E-2 5.37999E-3 1.67522E-3 3.08577E-3 9.76987E-3 4.1984E-3 1.92183E-3 1.40357E-3 3.73651E-3 1.65563E-2 1.02522E-2 8.36102E-3 1.20417E-2 2.14685E-3 3.64075E-3 -9999 -9999 -9999 -9999 -9999 -9999 -9999 -9999 -9999 -9999 -9999 -9999 -9999 -9999 -9999 -9999 -9999 -9999 -9999 -9999 -9999 -9999 -9999
0E0 0E0 0E0 0E0 0E0 0E0 0E0 0E0 0E0 0E0 0E0 0E0 0E0 0E0 0E0 0E0 0E0 0E0 1.26999E-2 8.65344E-3 7.25931E-2 1.73627E-1 1.68318E-1 1.55292E-1 3.31021E-1 5.31499E-1 2.83409E-2 9.30691E-2 2.76603E-1 2.79515E-1 0E0 0E0 8.46749E-2 1.35358E-1 0E0 1.67958E-1 9.09631E-2 8.04736E-2 5.45651E-2 4.75577E-2 1.0559E-2 5.67885E-3 4.39327E-4 1.4843E-3 3.18977E-3 4.46693E-4 6.20406E-3 1.6878E-3 1.51281E-3 6.96431E-3 1.51256E-2 1.05004E-2 8.7567E-3 3.65874E-2 4.13774E-2 -9999 -9999 -9999 -9999 -9999 -9999 -9999 -9999 -9999 -9999 -9999 -9999 -9999 -9999 -9999 -9999 -9999 -9999 -9999 -9999 -9999 -9999 -9999
0E0 0E0 0E0 0E0 0E0 0E0 0E0 0E0 0E0 0E0 0E0 0E0 0E0 0E0 0E0 0E0 0E0 2.61387E-1 6.49719E-3 7.687E-3 9.21581E-3 7.37588E-3 7.04596E-2 3.04563E-1 5.24704E-1 4.86293E-1 3.12698E-1 1.22298E-1 0E0 0E0 0E0 0E0 0E0 3.23444E-1 0E0 3.99913E-1 3.44283E-1 1.52853E-1 7.69327E-2 2.26762E-2 1.23309E-2 1.11904E-3 7.79164E-4 1.24355E-3 1.41492E-3 4.02627E-3 3.94176E-3 1.46969E-2 8.30561E-3 9.82407E-3 7.72326E-3 2.8737E-2 1.49148E-2 7.74127E-3 -9999 -9999 -9999 -9999 -9999 -9999 -9999 -9999 -9999 -9999 -9999 -9999 -9999 -9999 -9999 -9999 -9999 -9999 -9999 -9999 -9999 -9999 -9999 -9999
0E0 0E0 0E0 0E0 0E0 0E0 0E0 0E0 0E0 0E0 0E0 0E0 3.11043E-1 3.8196E-1 3.45871E-1 3.07912E-1 2.03414E-1 2.96299E-1 1.44719E-1 1.48622E-1 2.47073E-2 7.32212E-2 4.73753E-2 1.54436E-1 3.93851E-1 6.17265E-2 6.17687E-1 0E0 0E0 0E0 9.75842E-2 6.72981E-2 1.11945E-1 0E0 0E0 1.06345E-1 1.4329E-1 1.81205E-1 3.24882E-2 4.77449E-3 1.21698E-2 3.19344E-3 3.85477E-4 2.74428E-3 2.80847E-3 5.35294E-3 1.15484E-3 3.07724E-3 5.11042E-3 1.12384E-2 3.90828E-3 8.04189E-3 7.45725E-3 7.0327E-3 -9999 -9999 -9999 -9999 -9999 -9999 -9999 -9999 -9999 -9999 -9999 -9999 -9999 -9999 -9999 -9999 -9999 -9999 -9999 -9999 -9999 -9999 -9999 -9999
0E0 0E0 0E0 0E0 0E0 0E0 0E0 0E0 0E0 0E0 0E0 0E0 5.7821E-1 8.87301E-2 5.76035E-2 2.19619E-1 2.854E-1 5.40288E-1 6.98349E-1 4.49729E-2 1.37498E-1 2.32827E-1 1.59486E-1 6.69811E-2 2.73702E-1 1.4264E-1 2.22812E-1 3.10186E-1 0E0 0E0 1.4917E-1 7.22503E-2 1.56844E-1 0E0 0E0 1.8351E-1 9.61144E-2 6.60726E-2 9.4952E-3 1.68347E-2 9.297E-3 3.96492E-3 4.96911E-3 2.93094E-3 3.38671E-3 2.28639E-3 4.18002E-3 1.32001E-2 1.23454E-2 4.74953E-3 1.27568E-2 6.68965E-3 2.52703E-2 4.71653E-2 -9999 -9999 -9999 -9999 -9999 -9999 -9999 -9999 -9999 -9999 -9999 -9999 -9999 -9999 -9999 -9999 -9999 -9999 -9999 -9999 -9999 -9999 -9999 -9999
0E0 0E0 0E0 0E0 0E0 0E0 0E0 0E0 0E0 0E0 0E0 6.12181E-1 5.97383E-1 6.40573E-1 2.01381E-1 1.77595E-1 2.09556E-1 7.9883E-1 4.82266E-1 0E0 0E0 0E0 2.04711E-1 3.34487E-1 4.75899E-1 3.45902E-1 3.27382E-1 2.51592E-1 0E0 0E0 3.96233E-1 0E0 0E0 0E0 0E0 2.89809E-1 1.84207E-1 1.71301E-1 1.70683E-2 8.257E-3 1.30283E-2 3.20953E-3 2.21851E-3 1.0719E-3 2.98445E-3 4.26972E-3 1.09694E-2 1.25994E-3 2.38366E-3 1.22269E-2 1.6718E-2 1.12203E-2 5.0137E-2 3.90786E-2 -9999 -9999 -9999 -9999 -9999 -9999 -9999 -9999 -9999 -9999 -9999 -9999 -9999 -9999 -9999 -9999 -9999 -9999 -9999 -9999 -9999 -9999 -9999 -9999
0E0 0E0 0E0 0E0 0E0 0E0 0E0 0E0 0E0 0E0 0E0 0E0 0E0 0E0 0E0 0E0 0E0 0E0 0E0 0E0 0E0 0E0 0E0 0E0 0E0 0E0 2.06876E-1 1.32859E-1 0E0 0E0 5.20523E-1 8.65841E-2 5.27012E-2 5.64064E-2 5.46761E-2 5.54416E-2 1.60862E-1 1.08659E-1 7.22591E-2 1.87439E-2 2.39112E-2 1.75951E-3 9.44433E-3 5.15285E-3 2.39004E-3 2.17434E-3 6.48001E-3 9.18749E-3 1.42482E-2 9.52111E-4 1.99289E-2 6.75305E-3 3.60082E-2 5.19415E-2 -9999 -9999 -9999 -9999 -9999 -9999 -9999 -9999 -9999 -9999 -9999 -9999 -9999 -9999 -9999 -9999 -9999 -9999 -9999 -9999 -9999 -9999 -9999 -9999
0E0 0E0 0E0 0E0 0E0 0E0 0E0 0E0 0E0 0E0 0E0 0E0 0E0 0E0 0E0 0E0 0E0 0E0 0E0 0E0 0E0 0E0 0E0 0E0 0E0 0E0 5.65434E-1 0E0 0E0 1.19079E-1 1.04471E-1 0E0 1.29681E-1 1.71364E-1 2.80794E-1 3.17512E-1 3.80049E-1 7.74453E-2 2.51185E-2 5.13062E-2 5.24226E-4 1.02181E-2 7.6883E-3 7.98538E-3 8.01295E-3 1.26022E-2 1.35966E-2 9.79125E-3 2.04852E-2 7.32588E-3 1.65481E-2 1.75351E-2 7.98801E-2 3.09482E-2 -9999 -9999 -9999 -9999 -9999 -9999 -9999 -9999 -9999 -9999 -9999 -9999 -9999 -9999 -9999 -9999 -9999 -9999 -9999 -9999 -9999 -9999 -9999 -9999
0E0 0E0 0E0 0E0 0E0 0E0 0E0 0E0 0E0 0E0 0E0 0E0 0E0 0E0 0E0 0E0 0E0 0E0 0E0 0E0 0E0 0E0 0E0 0E0 0E0 0E0 2.18291E-1 4.40822E-1 3.22493E-1 1.77214E-1 0E0 0E0 0E0 0E0 0E0 3.44084E-1 2.50713E-1 5.50436E-2 2.57061E-2 1.9745E-3 1.6734E-3 8.65354E-3 3.05934E-2 5.07082E-3 9.40237E-3 1.97804E-3 4.09183E-3 2.78803E-2 8.12748E-3 2.3807E-2 3.06354E-2 1.433E-2 3.25808E-2 5.32532E-2 -9999 -9999 -9999 -9999 -9999 -9999 -9999 -9999 -9999 -9999 -9999 -9999 -9999 -9999 -9999 -9999 -9999 -9999 -9999 -9999 -9999 -9999 -9999 -9999
0E0 0E0 0E0 0E0 0E0 0E0 0E0 0E0 0E0 0E0 0E0 0E0 0E0 0E0 0E0 0E0 0E0 0E0 0E0 0E0 0E0 0E0 0E0 2.82941E-1 2.72862E-1 0E0 0E0 2.52161E-1 1.3958E-1 1.76867E-1 2.14624E-1 2.36928E-1 0E0 2.64317E-1 2.07886E-1 9.55354E-2 8.84423E-2 6.8365E-2 2.55045E-2 1.12732E-2 6.77003E-3 5.53217E-3 2.66113E-3 4.40287E-3 3.05848E-3 6.40544E-3 1.79442E-2 1.01201E-2 4.223E-2 3.75674E-2 6.60617E-3 1.48077E-2 2.97658E-2 3.64212E-2 -9999 -9999 -9999 -9999 -9999 -9999 -9999 -9999 -9999 -9999 -9999 -9999 -9999 -9999 -9999 -9999 -9999 -9999 -9999 -9999 -9999 -9999 -9999 -9999
0E0 0E0 0E0 0E0 0E0 0E0 0E0 0E0 0E0 0E0 0E0 0E0 0E0 0E0 0E0 0E0 0E0 0E0 0E0 7.29629E-2 8.61658E-2 0E0 0E0 1.55232E-1 6.02106E-2 5.85578E-2 1.1293E-1 1.77054E-1 3.90943E-1 1.02579E-1 1.32371E-1 1.13206E-1 3.174E-1 2.24139E-1 7.18419E-2 6.22414E-2 2.21861E-2 2.18697E-2 5.31472E-2 4.85403E-3 3.7284E-3 2.64236E-2 4.65898E-2 2.20663E-2 7.57247E-3 6.75274E-3 7.80244E-3 1.86166E-2 4.15786E-2 5.04484E-2 7.64413E-2 7.64742E-2 1.17262E-2 1.02069E-2 -9999 -9999 -9999 -9999 -9999 -9999 -9999 -9999 -9999 -9999 -9999 -9999 -9999 -9999 -9999 -9999 -9999 -9999 -9999 -9999 -9999 -9999 -9999 -9999
0E0 0E0 0E0 0E0 0E0 0E0 0E0 0E0 0E0 0E0 0E0 0E0 0E0 0E0 0E0 0E0 0E0 0E0 0E0 6.34489E-2 3.84837E-2 3.65498E-2 6.25804E-2 3.26491E-2 2.36876E-2 2.09552E-2 1.24638E-1 1.98931E-1 0E0 3.1557E-1 1.51285E-1 8.68926E-2 0E0 2.19124E-1 1.49232E-1 9.74241E-2 4.37716E-2 1.38906E-2 1.33538E-3 2.02703E-3 4.66585E-3 2.95456E-2 6.97943E-2 6.10778E-2 4.8549E-3 1.56688E-2 5.95436E-2 7.6868E-2 5.94081E-2 4.26496E-2 6.2606E-2 2.81063E-2 3.12176E-2 -9999 -9999 -9999 -9999 -9999 -9999 -9999 -9999 -9999 -9999 -9999 -9999 -9999 -9999 -9999 -9999 -9999 -9999 -9999 -9999 -9999 -9999 -9999 -9999 -9999
0E0 0E0 0E0 0E0 0E0 0E0 0E0 0E0 0E0 0E0 0E0 0E0 0E0 0E0 0E0 0E0 0E0 0E0 0E0 0E0 0E0 5.05958E-2 2.24621E-2 8.49279E-3 5.65161E-3 2.41612E-2 1.8301E-1 0E0 0E0 5.34344E-1 4.73313E-1 2.73354E-1 4.76266E-1 1.57896E-1 7.48796E-2 2.12381E-2 1.21842E-2 3.59575E-3 1.93982E-3 4.18861E-3 8.33922E-3 2.17053E-2 1.59311E-2 1.87362E-2 1.52139E-2 2.11583E-2 1.1683E-1 4.57045E-2 2.7106E-2 1.75469E-2 3.9177E-2 4.77745E-3 1.7615E-2 -9999 -9999 -9999 -9999 -9999 -9999 -9999 -9999 -9999 -9999 -9999 -9999 -9999 -9999 -9999 -9999 -9999 -9999 -9999 -9999 -9999 -9999 -9999 -9999 -9999
