ENM/Final_Models/M_0.9_F_q_Set_1_NE/Gustavia_santanderiensis_1_Choco.asc
ncols         367
nrows         963
xllcorner     -78.6
yllcorner     0.65
cellsize      0.00833333333333323
NODATA_value  -9999
[rows 875 to 909 of 963, columns 0 to 77 of 367]
-9999 -9999 -9999 -9999 -9999 -9999 -9999 -9999 -9999 -9999 -9999 -9999 -9999 -9999 -9999 -9999 -9999 -9999 -9999 -9999 -9999 -9999 -9999 -9999 -9999 -9999 -9999 -9999 -9999 0E0 0E0 0E0 0E0 0E0 0E0 0E0 0E0 0E0 0E0 0E0 0E0 0E0 0E0 0E0 0E0 0E0 0E0 0E0 0E0 0E0 0E0 0E0 0E0 0E0 0E0 0E0 0E0 0E0 0E0 0E0 0E0 0E0 0E0 0E0 0E0 0E0 0E0 0E0 0E0 0E0 0E0 0E0 6.16902E-2 0E0 1.63266E-2 0E0 0E0 0E0
-9999 -9999 -9999 -9999 -9999 -9999 -9999 -9999 -9999 -9999 -9999 -9999 -9999 -9999 -9999 -9999 -9999 -9999 -9999 -9999 -9999 -9999 -9999 -9999 -9999 -9999 -9999 -9999 0E0 0E0 0E0 0E0 0E0 0E0 0E0 0E0 0E0 0E0 0E0 0E0 0E0 0E0 0E0 0E0 0E0 0E0 0E0 0E0 0E0 0E0 0E0 0E0 0E0 0E0 0E0 0E0 0E0 0E0 0E0 0E0 0E0 0E0 0E0 0E0 0E0 0E0 0E0 0E0 0E0 0E0 0E0 0E0 0E0 3.22229E-2 3.62431E-2 0E0 0E0 0E0
-9999 -9999 -9999 -9999 -9999 -9999 -9999 -9999 -9999 -9999 -9999 -9999 -9999 -9999 -9999 -9999 -9999 -9999 -9999 -9999 -9999 -9999 -9999 -9999 -9999 -9999 -9999 -9999 0E0 0E0 0E0 0E0 0E0 0E0 0E0 0E0 0E0 0E0 0E0 0E0 0E0 0E0 0E0 0E0 0E0 0E0 0E0 0E0 0E0 0E0 0E0 0E0 0E0 0E0 0E0 0E0 0E0 0E0 0E0 0E0 0E0 0E0 0E0 0E0 0E0 3.0334E-2 0E0 0E0 1.97491E-2 0E0 0E0 0E0 4.41271E-2 3.3879E-2 3.52204E-2 3.00264E-2 0E0 2.14463E-2
-9999 -9999 -9999 -9999 -9999 -9999 -9999 -9999 -9999 -9999 -9999 -9999 -9999 -9999 -9999 -9999 -9999 -9999 -9999 -9999 -9999 -9999 -9999 -9999 -9999 -9999 -9999 -9999 -9999 -9999 -9999 0E0 0E0 0E0 0E0 0E0 0E0 0E0 0E0 0E0 0E0 0E0 0E0 0E0 0E0 0E0 0E0 4.53329E-2 5.23722E-2 0E0 0E0 0E0 0E0 0E0 0E0 0E0 0E0 0E0 0E0 0E0 0E0 0E0 0E0 0E0 0E0 2.13998E-2 2.54357E-2 1.6211E-2 2.32346E-2 0E0 0E0 0E0 2.64244E-2 2.12452E-2 8.72146E-3 8.97514E-2 1.12447E-1 7.83209E-2
-9999 -9999 -9999 -9999 -9999 -9999 -9999 -9999 -9999 -9999 -9999 -9999 -9999 -9999 -9999 -9999 -9999 -9999 -9999 -9999 -9999 -9999 -9999 -9999 -9999 -9999 -9999 -9999 -9999 -9999 -9999 0E0 0E0 0E0 0E0 0E0 0E0 0E0 0E0 0E0 0E0 0E0 0E0 0E0 0E0 0E0 0E0 0E0 0E0 0E0 0E0 0E0 0E0 0E0 0E0 0E0 0E0 0E0 0E0 0E0 0E0 0E0 0E0 2.00574E-2 3.62415E-2 4.56536E-2 4.25309E-2 4.56967E-2 4.01788E-2 2.06316E-2 0E0 0E0 2.6997E-2 2.30142E-2 1.9619E-2 1.1349E-1 5.02617E-2 1.71394E-2
-9999 -9999 -9999 -9999 -9999 -9999 -9999 -9999 -9999 -9999 -9999 -9999 -9999 -9999 -9999 -9999 -9999 -9999 -9999 -9999 -9999 -9999 -9999 -9999 -9999 -9999 -9999 -9999 -9999 -9999 0E0 0E0 0E0 0E0 0E0 0E0 0E0 0E0 0E0 0E0 0E0 0E0 0E0 0E0 0E0 0E0 0E0 0E0 0E0 0E0 0E0 0E0 0E0 0E0 0E0 0E0 0E0 0E0 0E0 0E0 0E0 2.94459E-2 4.75522E-2 5.20792E-2 4.29458E-2 3.91249E-2 4.5359E-2 3.67351E-2 3.29302E-2 2.29756E-2 0E0 1.97005E-2 2.5707E-2 1.17509E-2 2.13201E-2 4.307E-2 1.73814E-2 4.90133E-2
-9999 -9999 -9999 -9999 -9999 -9999 -9999 -9999 -9999 -9999 -9999 -9999 -9999 -9999 -9999 -9999 -9999 -9999 -9999 -9999 -9999 -9999 -9999 -9999 -9999 -9999 -9999 -9999 -9999 -9999 0E0 0E0 0E0 0E0 0E0 0E0 0E0 0E0 0E0 0E0 0E0 0E0 0E0 0E0 0E0 0E0 0E0 0E0 0E0 0E0 0E0 0E0 0E0 0E0 0E0 1.40553E-2 0E0 1.93378E-2 0E0 0E0 2.82043E-2 3.02813E-2 2.8785E-2 2.15591E-2 1.63647E-2 1.78999E-2 2.01873E-2 2.57101E-2 3.77543E-2 1.85054E-2 0E0 7.93071E-2 4.25038E-2 1.63292E-2 1.15728E-2 1.28545E-2 1.4876E-2 1.28014E-1
-9999 -9999 -9999 -9999 -9999 -9999 -9999 -9999 -9999 -9999 -9999 -9999 -9999 -9999 -9999 -9999 -9999 -9999 -9999 -9999 -9999 -9999 -9999 -9999 -9999 0E0 0E0 0E0 0E0 0E0 0E0 0E0 0E0 0E0 0E0 0E0 0E0 0E0 0E0 0E0 0E0 0E0 0E0 0E0 0E0 0E0 0E0 0E0 0E0 0E0 0E0 0E0 0E0 0E0 0E0 2.0055E-2 0E0 1.66669E-2 2.33566E-2 0E0 3.26492E-2 3.37586E-2 2.0312E-2 6.70914E-3 5.57069E-3 3.49585E-3 3.68472E-3 1.85692E-2 1.12272E-1 1.15717E-1 1.26671E-1 1.10595E-1 6.63999E-2 4.28449E-2 9.47724E-3 8.59305E-3 5.29154E-2 9.72269E-2
-9999 -9999 -9999 -9999 -9999 -9999 -9999 -9999 -9999 -9999 -9999 -9999 -9999 -9999 -9999 -9999 -9999 -9999 -9999 -9999 -9999 -9999 8.13912E-2 5.85246E-2 6.76333E-2 6.12012E-2 0E0 0E0 0E0 0E0 0E0 0E0 0E0 0E0 0E0 0E0 0E0 0E0 0E0 0E0 0E0 0E0 0E0 0E0 0E0 0E0 0E0 0E0 0E0 0E0 0E0 0E0 0E0 0E0 0E0 0E0 0E0 0E0 2.19282E-2 2.37888E-2 5.57488E-2 3.2908E-2 1.03587E-2 5.29232E-3 5.20788E-3 2.11418E-3 1.22557E-3 1.0996E-2 7.48343E-2 8.45439E-2 1.337E-1 9.17643E-2 4.60062E-2 2.57056E-2 8.38746E-3 8.20753E-3 1.92687E-2 2.76175E-2
-9999 -9999 -9999 -9999 -9999 -9999 -9999 -9999 -9999 -9999 -9999 -9999 -9999 -9999 -9999 -9999 -9999 -9999 -9999 -9999 -9999 7.34175E-2 1.5653E-1 0E0 1.35245E-1 0E0 0E0 0E0 0E0 0E0 0E0 0E0 0E0 0E0 0E0 0E0 0E0 0E0 0E0 0E0 0E0 0E0 0E0 0E0 0E0 0E0 0E0 0E0 0E0 0E0 0E0 0E0 0E0 0E0 0E0 0E0 0E0 0E0 2.80399E-2 2.12268E-2 6.99348E-2 5.96805E-2 2.19569E-2 9.99611E-3 4.75569E-3 3.47705E-3 2.78923E-3 8.21727E-3 1.95524E-2 3.98725E-2 5.17738E-2 5.59794E-2 3.96881E-2 2.95931E-2 2.02654E-2 6.02127E-3 4.1376E-3 1.13127E-2
-9999 -9999 -9999 -9999 -9999 -9999 -9999 -9999 -9999 -9999 -9999 -9999 -9999 -9999 -9999 -9999 -9999 -9999 -9999 -9999 -9999 8.41124E-2 0E0 0E0 0E0 0E0 0E0 0E0 0E0 0E0 0E0 0E0 0E0 0E0 0E0 0E0 0E0 0E0 0E0 0E0 0E0 0E0 0E0 0E0 0E0 0E0 0E0 0E0 0E0 0E0 0E0 0E0 0E0 0E0 0E0 6.08535E-2 0E0 0E0 1.29322E-2 5.84694E-2 1.00501E-1 8.32069E-2 3.31858E-2 1.99801E-2 1.14938E-2 5.48675E-3 6.86835E-3 6.08331E-3 1.0127E-2 1.32868E-2 2.54204E-2 6.65294E-2 7.01912E-2 4.87914E-2 2.80546E-2 1.42968E-2 1.06415E-3 1.47234E-3
-9999 -9999 -9999 -9999 -9999 -9999 -9999 -9999 -9999 -9999 -9999 -9999 -9999 -9999 -9999 -9999 -9999 -9999 -9999 -9999 -9999 1.16631E-1 0E0 0E0 0E0 0E0 0E0 0E0 0E0 0E0 0E0 0E0 0E0 0E0 0E0 0E0 0E0 0E0 0E0 0E0 0E0 0E0 0E0 0E0 0E0 0E0 0E0 0E0 0E0 0E0 0E0 0E0 2.17242E-2 0E0 1.2672E-2 6.89873E-2 0E0 0E0 2.71938E-2 1.25664E-1 1.28836E-1 8.69113E-2 4.97389E-2 2.49657E-2 1.91341E-2 1.21071E-2 9.28853E-3 4.63734E-3 7.12558E-3 1.38022E-2 2.22088E-2 7.23768E-2 6.29169E-2 4.19059E-2 1.85674E-2 1.64695E-2 1.06725E-3 5.33517E-4
-9999 -9999 -9999 -9999 -9999 -9999 -9999 -9999 -9999 -9999 -9999 -9999 -9999 -9999 -9999 -9999 -9999 -9999 -9999 -9999 -9999 -9999 0E0 0E0 0E0 0E0 0E0 0E0 0E0 0E0 0E0 0E0 0E0 0E0 0E0 0E0 0E0 0E0 0E0 0E0 0E0 0E0 0E0 0E0 0E0 0E0 0E0 0E0 0E0 0E0 0E0 0E0 1.95164E-2 0E0 3.45232E-2 1.56311E-2 0E0 0E0 0E0 9.74975E-2 1.32444E-1 9.73286E-2 4.67537E-2 1.59018E-2 1.39586E-2 1.38336E-2 7.50391E-3 6.67966E-3 6.92307E-3 1.09716E-2 1.79481E-2 4.04189E-2 3.50914E-2 5.89667E-2 5.18388E-3 4.52034E-3 2.89677E-3 6.37602E-4
-9999 -9999 -9999 -9999 -9999 -9999 -9999 -9999 -9999 -9999 -9999 -9999 -9999 -9999 -9999 -9999 -9999 -9999 -9999 -9999 -9999 -9999 9.48317E-2 0E0 0E0 0E0 0E0 0E0 0E0 0E0 0E0 0E0 0E0 0E0 0E0 0E0 0E0 0E0 0E0 0E0 0E0 0E0 0E0 0E0 0E0 0E0 0E0 0E0 0E0 0E0 0E0 0E0 1.80429E-2 2.37223E-2 4.58923E-2 3.60496E-2 4.93612E-2 3.886E-2 3.8815E-2 7.21721E-2 1.03056E-1 9.50135E-2 4.65293E-2 3.13396E-2 1.94112E-2 1.65487E-2 1.46508E-2 1.1306E-2 5.12155E-3 6.17597E-3 1.1346E-2 2.05178E-2 1.79429E-2 1.18272E-2 6.14078E-3 5.02473E-4 2.85095E-4 2.21681E-4
-9999 -9999 -9999 -9999 -9999 -9999 -9999 -9999 -9999 -9999 -9999 -9999 -9999 -9999 -9999 -9999 -9999 -9999 -9999 -9999 -9999 -9999 5.3683E-2 0E0 0E0 0E0 0E0 0E0 4.27965E-2 0E0 0E0 0E0 0E0 0E0 0E0 0E0 0E0 0E0 0E0 0E0 0E0 0E0 0E0 0E0 0E0 0E0 0E0 0E0 0E0 0E0 0E0 0E0 1.42409E-2 2.70985E-2 4.46418E-2 3.70667E-2 3.33507E-2 6.81537E-2 6.53882E-2 5.34404E-2 8.9842E-2 9.89449E-2 8.49682E-2 5.35585E-2 3.02854E-2 1.98936E-2 1.54579E-2 1.19801E-2 7.02794E-3 4.22329E-3 5.70709E-3 5.20441E-3 1.35215E-2 6.03591E-3 2.37956E-3 3.8594E-4 2.81186E-4 1.78321E-4
-9999 -9999 -9999 -9999 -9999 -9999 -9999 -9999 -9999 -9999 -9999 -9999 -9999 -9999 -9999 -9999 -9999 -9999 -9999 -9999 -9999 -9999 0E0 0E0 0E0 0E0 0E0 0E0 0E0 7.43348E-2 0E0 0E0 0E0 1.2909E-1 0E0 0E0 0E0 0E0 0E0 0E0 0E0 0E0 0E0 0E0 0E0 0E0 0E0 0E0 0E0 0E0 0E0 0E0 2.29072E-2 3.97661E-2 3.02767E-2 1.05826E-2 1.77559E-2 5.81185E-2 9.65011E-2 7.06185E-2 1.09564E-1 8.1062E-2 7.51362E-2 5.82775E-2 3.18128E-2 2.04034E-2 1.20625E-2 1.07847E-2 1.28641E-2 1.30698E-2 1.92342E-2 2.1519E-2 1.71753E-2 1.88112E-2 3.87656E-3 4.59248E-4 2.17254E-4 2.75777E-4
-9999 -9999 -9999 -9999 -9999 -9999 -9999 -9999 -9999 -9999 -9999 -9999 -9999 -9999 -9999 -9999 -9999 -9999 -9999 -9999 -9999 -9999 -9999 5.50529E-2 6.4797E-2 0E0 0E0 0E0 8.02671E-2 0E0 0E0 0E0 0E0 0E0 0E0 0E0 0E0 0E0 0E0 0E0 0E0 0E0 0E0 0E0 0E0 0E0 0E0 0E0 0E0 0E0 1.41558E-2 1.32874E-2 1.83174E-2 3.67468E-2 2.83114E-2 4.63771E-3 1.75504E-2 6.29967E-2 1.24752E-1 4.30941E-2 1.03219E-1 9.13179E-2 3.40798E-2 2.37674E-2 2.30686E-2 1.92214E-2 3.13582E-2 2.48643E-2 1.9857E-2 4.20227E-2 2.46617E-2 1.29083E-2 1.47939E-2 1.26364E-2 2.79267E-3 1.1976E-3 2.09035E-4 8.13167E-5
-9999 -9999 -9999 -9999 -9999 -9999 -9999 -9999 -9999 -9999 -9999 -9999 -9999 -9999 -9999 -9999 -9999 -9999 -9999 -9999 -9999 -9999 -9999 0E0 6.0375E-2 0E0 0E0 4.37734E-2 5.68769E-2 0E0 0E0 6.22673E-2 0E0 0E0 0E0 0E0 0E0 0E0 0E0 0E0 0E0 0E0 0E0 0E0 0E0 0E0 0E0 0E0 0E0 0E0 0E0 1.91872E-2 2.38277E-2 3.35484E-2 2.63165E-2 8.88172E-3 2.16103E-2 5.8783E-2 1.15744E-1 1.16433E-1 9.17488E-2 1.06279E-1 3.82763E-2 2.5964E-2 3.43294E-2 7.77169E-2 6.41037E-2 4.78542E-2 6.08456E-2 7.14636E-2 3.91882E-2 1.19833E-2 3.47777E-3 6.8589E-3 3.65865E-3 8.67848E-4 1.32519E-4 5.44348E-5
-9999 -9999 -9999 -9999 -9999 -9999 -9999 -9999 -9999 -9999 -9999 -9999 -9999 -9999 -9999 -9999 -9999 -9999 -9999 -9999 -9999 -9999 -9999 -9999 -9999 0E0 5.58338E-2 0E0 0E0 0E0 0E0 0E0 0E0 7.80246E-2 0E0 0E0 0E0 0E0 0E0 0E0 0E0 0E0 0E0 8.64624E-2 0E0 0E0 0E0 0E0 0E0 0E0 0E0 1.09794E-2 2.25491E-2 4.07374E-2 3.12913E-2 1.46198E-2 3.59635E-2 7.20832E-2 1.0945E-1 9.70934E-2 9.20793E-2 7.46142E-2 6.27167E-2 5.3869E-2 8.22891E-2 1.10983E-1 8.73359E-2 6.4497E-2 7.86377E-2 7.04992E-2 7.4664E-2 3.72108E-2 2.35764E-2 1.70118E-2 7.83577E-3 4.19516E-3 3.10309E-4 1.99702E-4
-9999 -9999 -9999 -9999 -9999 -9999 -9999 -9999 -9999 -9999 -9999 -9999 -9999 -9999 -9999 -9999 -9999 -9999 -9999 -9999 -9999 5.97806E-2 7.76838E-2 -9999 -9999 3.96584E-2 3.20061E-2 4.11165E-2 0E0 0E0 0E0 0E0 0E0 0E0 6.28529E-2 3.68717E-2 2.79521E-2 0E0 0E0 0E0 0E0 0E0 8.4048E-2 0E0 0E0 0E0 0E0 0E0 0E0 0E0 0E0 0E0 1.92908E-2 3.39391E-2 3.58146E-2 1.72225E-2 3.91238E-2 6.72012E-2 8.77752E-2 7.24987E-2 1.47084E-1 1.33517E-1 8.74191E-2 1.52609E-1 1.40983E-1 7.71288E-2 8.9548E-2 1.06821E-1 8.52952E-2 4.75445E-2 9.3293E-2 7.54344E-2 5.95475E-2 2.74738E-2 2.0084E-2 1.70057E-2 3.8899E-3 9.6995E-4
-9999 -9999 -9999 -9999 -9999 -9999 -9999 -9999 -9999 -9999 -9999 -9999 -9999 -9999 -9999 -9999 -9999 -9999 -9999 -9999 -9999 6.74305E-2 3.91122E-2 4.17334E-2 5.3051E-2 3.44769E-2 3.47682E-2 2.90254E-2 2.97852E-2 0E0 0E0 2.84678E-2 0E0 0E0 0E0 0E0 0E0 0E0 0E0 0E0 0E0 0E0 4.23E-2 1.02916E-1 0E0 0E0 0E0 0E0 0E0 0E0 0E0 1.74825E-2 3.75505E-2 3.60401E-2 1.81883E-2 1.02514E-2 2.61101E-2 6.97087E-2 7.94182E-2 9.17405E-2 1.44291E-1 8.15652E-2 9.30955E-2 8.5976E-2 6.0337E-2 1.05667E-1 6.56232E-2 7.36705E-2 1.76063E-2 6.62424E-3 2.95498E-2 4.41349E-2 6.54267E-2 4.68809E-2 2.2206E-2 7.63334E-3 5.6922E-3 1.85758E-3
-9999 -9999 -9999 -9999 -9999 -9999 -9999 -9999 -9999 -9999 -9999 -9999 -9999 -9999 -9999 -9999 -9999 -9999 -9999 -9999 5.99788E-2 4.9148E-2 4.12533E-2 3.35888E-2 3.31138E-2 2.71984E-2 2.16389E-2 2.43518E-2 0E0 2.11419E-2 0E0 0E0 0E0 2.60038E-2 0E0 0E0 0E0 0E0 0E0 0E0 0E0 0E0 0E0 0E0 0E0 0E0 1.57905E-2 2.52009E-2 2.35415E-2 1.46017E-2 1.38958E-2 2.34505E-2 3.12506E-2 3.95361E-2 3.04763E-2 9.54113E-3 2.22061E-2 7.63431E-2 7.0072E-2 8.59416E-2 1.0874E-1 7.51761E-2 4.49272E-2 2.54954E-2 8.14413E-3 2.05568E-2 2.42407E-2 5.714E-2 2.0599E-2 3.35084E-3 1.5931E-2 4.07008E-2 2.89673E-2 5.11785E-2 5.02458E-2 2.91872E-2 1.26261E-2 1.38934E-3
-9999 -9999 -9999 -9999 -9999 -9999 -9999 -9999 -9999 -9999 -9999 -9999 -9999 -9999 -9999 -9999 -9999 -9999 -9999 -9999 9.39445E-2 7.9188E-2 4.94742E-2 4.15139E-2 2.32951E-2 2.29961E-2 1.76556E-2 1.63429E-2 0E0 0E0 0E0 1.78868E-2 3.29785E-2 3.54394E-2 0E0 0E0 0E0 0E0 0E0 0E0 0E0 0E0 0E0 0E0 0E0 0E0 2.24815E-2 3.54814E-2 3.14539E-2 3.87018E-2 3.08132E-2 3.09591E-2 3.72617E-2 3.16279E-2 1.3281E-2 5.61593E-3 1.85986E-2 5.92301E-2 7.09877E-2 8.23266E-2 1.07626E-1 8.38919E-2 3.49373E-2 8.40856E-3 4.26614E-3 2.81918E-3 1.13211E-2 2.42713E-2 1.94216E-2 1.62816E-3 4.25095E-3 3.47942E-2 2.11075E-2 2.91187E-2 3.98445E-2 2.55917E-2 4.18476E-3 5.8815E-3
-9999 -9999 -9999 -9999 -9999 -9999 -9999 -9999 -9999 -9999 -9999 -9999 -9999 -9999 -9999 -9999 -9999 -9999 -9999 -9999 1.60421E-1 1.08093E-1 4.88571E-2 3.38921E-2 1.94694E-2 0E0 1.44473E-2 1.88667E-2 1.36392E-2 1.90456E-2 3.05926E-2 2.68632E-2 4.35737E-2 2.54445E-2 0E0 4.09024E-2 0E0 0E0 0E0 0E0 0E0 0E0 0E0 0E0 0E0 0E0 1.96762E-2 3.08007E-2 3.94132E-2 4.06643E-2 3.19586E-2 3.45401E-2 3.38484E-2 2.03422E-2 1.08362E-2 3.49668E-3 1.0768E-2 2.56895E-2 6.89647E-2 9.54893E-2 8.3395E-2 9.29353E-2 4.72705E-2 8.72501E-3 5.53387E-3 9.54775E-4 1.5852E-3 7.78232E-3 1.47663E-2 1.34411E-3 3.59947E-3 1.31666E-2 7.84851E-3 1.30325E-2 1.68884E-2 4.63928E-2 2.72757E-2 2.28389E-2
-9999 -9999 -9999 -9999 -9999 -9999 -9999 -9999 -9999 -9999 -9999 -9999 -9999 -9999 -9999 -9999 -9999 -9999 -9999 -9999 -9999 1.09526E-1 6.91101E-2 4.80967E-2 2.64081E-2 1.61475E-2 2.62785E-2 4.7412E-2 3.618E-2 5.35288E-2 3.65944E-2 4.42379E-2 3.96342E-2 2.61873E-2 0E0 3.16964E-2 0E0 0E0 0E0 0E0 0E0 0E0 0E0 0E0 0E0 0E0 1.69059E-2 3.66E-2 3.72634E-2 3.13227E-2 3.08558E-2 2.85931E-2 2.54823E-2 1.63716E-2 7.1197E-3 3.09503E-3 6.31391E-3 1.68103E-2 3.09601E-2 5.84442E-2 5.64502E-2 1.19234E-1 7.10323E-2 1.60682E-2 8.42647E-3 2.77203E-3 1.30952E-3 5.86313E-3 7.56062E-3 1.92979E-3 7.45401E-4 3.03187E-3 1.93979E-3 2.2756E-3 9.36432E-3 3.09152E-2 3.69241E-2 1.82312E-2
-9999 -9999 -9999 -9999 -9999 -9999 -9999 -9999 -9999 -9999 -9999 -9999 -9999 -9999 -9999 -9999 -9999 -9999 -9999 -9999 -9999 9.50717E-2 8.60267E-2 5.23594E-2 2.7698E-2 2.80401E-2 7.4728E-2 5.59198E-2 5.07876E-2 2.42359E-2 0E0 0E0 0E0 0E0 0E0 0E0 0E0 0E0 0E0 0E0 0E0 3.6867E-2 0E0 0E0 0E0 0E0 0E0 3.62744E-2 5.49123E-2 3.70681E-2 3.29148E-2 1.79566E-2 1.70934E-2 9.73233E-3 2.91079E-3 2.70248E-3 2.29271E-3 5.97515E-3 1.71998E-2 5.02256E-2 8.9601E-2 8.35053E-2 5.46937E-2 1.30609E-2 1.30983E-2 3.04565E-3 5.17664E-4 5.22949E-3 3.77099E-3 2.88341E-3 4.40266E-3 4.37892E-3 1.50177E-3 1.44948E-3 3.91249E-3 2.55861E-2 2.33781E-2 4.25056E-3
-9999 -9999 -9999 -9999 -9999 -9999 -9999 -9999 -9999 -9999 -9999 -9999 -9999 -9999 -9999 -9999 -9999 -9999 -9999 -9999 1.1571E-1 9.60697E-2 6.66515E-2 5.03693E-2 4.325E-2 8.25995E-2 9.47415E-2 4.58637E-2 3.1181E-2 1.61029E-2 0E0 0E0 0E0 0E0 0E0 0E0 0E0 0E0 0E0 0E0 0E0 0E0 4.85862E-2 0E0 0E0 0E0 2.06182E-2 3.32605E-2 4.78245E-2 3.55299E-2 2.15271E-2 6.15011E-3 2.69427E-3 1.51986E-3 6.81813E-4 4.06471E-4 1.01933E-3 3.64504E-3 6.09769E-3 4.15071E-2 4.16255E-2 1.27327E-1 1.15148E-1 1.19064E-2 3.06291E-2 6.09787E-3 1.86211E-3 3.01499E-3 7.57476E-3 1.19544E-2 7.8621E-3 4.98046E-3 1.19954E-3 1.00369E-3 2.01886E-3 5.34201E-3 2.28284E-2 1.22959E-2
-9999 -9999 -9999 -9999 -9999 -9999 -9999 -9999 -9999 -9999 -9999 -9999 -9999 -9999 -9999 -9999 -9999 -9999 -9999 -9999 1.00906E-1 6.36839E-2 5.46957E-2 4.77825E-2 1.23837E-1 9.33351E-2 7.71557E-2 6.69251E-2 5.8624E-2 4.59895E-2 3.38056E-2 2.36453E-2 1.89177E-2 0E0 0E0 0E0 5.40591E-2 0E0 0E0 0E0 0E0 5.27446E-2 0E0 0E0 0E0 2.33288E-2 3.76065E-2 4.1347E-2 2.97716E-2 3.88526E-2 1.09131E-2 4.23163E-3 1.05828E-3 6.76751E-4 4.04903E-4 2.45884E-4 2.8058E-4 7.70873E-4 7.86623E-3 9.1313E-3 2.79061E-2 1.28052E-1 1.29217E-1 1.13089E-1 3.51514E-2 2.63116E-2 1.66114E-2 1.16448E-2 1.8726E-2 2.44335E-2 8.37143E-3 5.46996E-3 3.31666E-3 3.98649E-3 3.43452E-3 3.18929E-3 5.99933E-3 2.14596E-2
-9999 -9999 -9999 -9999 -9999 -9999 -9999 -9999 -9999 -9999 -9999 -9999 -9999 -9999 -9999 -9999 -9999 -9999 -9999 -9999 8.52157E-2 8.3376E-2 1.08982E-1 7.81145E-2 4.4725E-2 3.35418E-2 2.519E-2 5.09683E-2 2.85327E-2 0E0 2.79324E-2 0E0 0E0 0E0 0E0 0E0 3.89097E-2 0E0 0E0 0E0 0E0 0E0 7.3509E-2 2.32E-2 1.25718E-2 3.47183E-2 6.28603E-2 4.37547E-2 3.50598E-2 2.74512E-2 1.61788E-2 1.44521E-2 2.78206E-3 6.89317E-4 1.79604E-4 2.06747E-4 1.76903E-4 5.50261E-4 6.67842E-3 1.21538E-2 3.81324E-2 9.55717E-2 1.33406E-1 8.69358E-2 8.2045E-2 6.85564E-2 2.11193E-2 2.22956E-2 3.99208E-2 1.55225E-2 1.0348E-2 5.83952E-3 5.17004E-3 3.11889E-3 2.68468E-3 3.74446E-3 3.15782E-3 1.56194E-2
-9999 -9999 -9999 -9999 -9999 -9999 -9999 -9999 -9999 -9999 -9999 -9999 -9999 -9999 -9999 -9999 -9999 -9999 -9999 -9999 -9999 -9999 -9999 -9999 5.56697E-2 6.39033E-2 2.64048E-2 1.6735E-2 0E0 0E0 0E0 0E0 1.63597E-2 0E0 9.50263E-3 0E0 4.4567E-2 3.22044E-2 0E0 0E0 0E0 0E0 3.77805E-2 7.77476E-2 2.04399E-2 4.09536E-2 5.82034E-2 4.82825E-2 4.21474E-2 4.66269E-2 3.97532E-2 2.44455E-2 1.0964E-2 4.84353E-3 3.24893E-4 1.00168E-4 1.17389E-4 5.6712E-4 4.12271E-3 2.10264E-2 1.8085E-2 1.28349E-2 6.27969E-2 1.54073E-1 5.20303E-2 4.00735E-2 5.84921E-2 3.18719E-2 3.67601E-2 1.3737E-2 9.04937E-3 6.76674E-3 7.00522E-3 5.32071E-3 1.43516E-3 2.51226E-3 6.82028E-3 8.94919E-3
-9999 -9999 -9999 -9999 -9999 -9999 -9999 -9999 -9999 -9999 -9999 -9999 -9999 -9999 -9999 -9999 -9999 -9999 -9999 -9999 -9999 -9999 -9999 -9999 -9999 7.94462E-2 6.18056E-2 3.71018E-2 4.50364E-2 2.93589E-2 2.28555E-2 0E0 0E0 0E0 1.00548E-2 9.63656E-3 0E0 4.22159E-2 0E0 2.13977E-2 0E0 0E0 2.40954E-2 5.77671E-2 3.32713E-2 1.77163E-2 2.03197E-2 4.67998E-2 3.74319E-2 4.01192E-2 3.86814E-2 2.90154E-2 1.04687E-2 3.60787E-3 5.90571E-4 5.7643E-4 3.81026E-4 4.37135E-4 2.14448E-3 9.05647E-3 2.70444E-3 3.18942E-3 1.7088E-2 9.7903E-2 1.12834E-1 3.97822E-2 2.15247E-2 1.25943E-2 1.99429E-2 2.97178E-2 7.95282E-3 6.51994E-3 1.45625E-2 5.96753E-3 2.58184E-3 1.78147E-3 2.99418E-3 4.95864E-3
-9999 -9999 -9999 -9999 -9999 -9999 -9999 -9999 -9999 -9999 -9999 -9999 -9999 -9999 -9999 -9999 -9999 -9999 -9999 -9999 -9999 -9999 -9999 -9999 -9999 -9999 -9999 -9999 -9999 7.52982E-2 4.09912E-2 2.62577E-2 1.33795E-2 0E0 1.36567E-2 1.92584E-2 0E0 4.22419E-2 3.15081E-2 0E0 1.57742E-2 0E0 3.00781E-2 2.74417E-2 4.51379E-2 2.66942E-2 0E0 1.93025E-2 1.5135E-2 3.04307E-2 4.31054E-2 2.78567E-2 2.65109E-2 1.28074E-2 1.64707E-3 1.08961E-3 1.79686E-3 1.12408E-3 1.48953E-3 2.45082E-3 1.44263E-3 1.79361E-3 7.23609E-3 2.09073E-2 1.64182E-2 1.04066E-1 2.68663E-2 1.10394E-2 5.80883E-3 2.19814E-2 1.83477E-2 1.66762E-2 7.06498E-3 7.87526E-3 6.58017E-3 2.03524E-3 2.18721E-3 2.05157E-3
-9999 -9999 -9999 -9999 -9999 -9999 -9999 -9999 -9999 -9999 -9999 -9999 -9999 -9999 -9999 -9999 -9999 -9999 -9999 -9999 -9999 -9999 -9999 -9999 -9999 -9999 -9999 -9999 -9999 -9999 7.60176E-2 2.84404E-2 1.87037E-2 1.10174E-2 1.42266E-2 8.40318E-3 1.94797E-2 0E0 5.68233E-2 2.75746E-2 0E0 1.86234E-2 1.81879E-2 2.16074E-2 0E0 2.30022E-2 3.64843E-2 3.40703E-2 1.75247E-2 3.84321E-2 5.132E-2 3.95801E-2 3.39813E-2 3.37601E-2 1.0187E-2 5.19876E-3 5.18619E-3 2.70192E-3 1.04497E-3 7.68007E-4 2.53914E-3 5.54193E-3 1.13908E-2 6.15908E-3 7.10609E-3 1.06761E-1 2.19417E-2 1.09482E-2 8.03153E-3 1.66676E-2 5.03628E-3 1.07594E-2 3.8373E-3 1.80106E-3 1.72322E-3 7.15017E-3 9.14733E-4 4.06871E-4
-9999 -9999 -9999 -9999 -9999 -9999 -9999 -9999 -9999 -9999 -9999 -9999 -9999 -9999 -9999 -9999 -9999 -9999 -9999 -9999 -9999 -9999 -9999 -9999 -9999 -9999 -9999 -9999 -9999 -9999 -9999 6.66708E-2 2.70653E-2 0E0 0E0 1.65756E-2 2.23958E-2 3.34351E-2 0E0 0E0 0E0 0E0 0E0 3.45997E-2 3.3417E-2 0E0 3.71643E-2 5.33372E-2 6.4153E-2 9.40862E-2 1.07931E-1 1.11559E-1 1.08821E-1 2.48241E-2 2.66323E-2 1.55009E-2 8.2697E-3 3.32338E-3 5.45373E-4 4.84005E-4 1.5548E-3 8.65281E-3 1.11818E-2 4.80074E-3 5.70159E-3 5.68358E-2 2.84984E-2 4.09331E-3 3.44602E-3 4.98909E-3 1.73753E-3 2.71474E-3 7.37944E-3 1.17092E-3 2.1925E-3 3.56708E-3 5.03506E-4 9.46646E-4
-9999 -9999 -9999 -9999 -9999 -9999 -9999 -9999 -9999 -9999 -9999 -9999 -9999 -9999 -9999 -9999 -9999 -9999 -9999 -9999 -9999 -9999 -9999 -9999 -9999 -9999 -9999 -9999 -9999 -9999 -9999 -9999 2.64379E-2 0E0 2.56654E-2 2.08511E-2 0E0 2.31209E-2 2.87025E-2 2.70672E-2 0E0 0E0 0E0 2.74474E-2 4.43213E-2 3.61218E-2 4.96322E-2 5.34018E-2 6.87278E-2 8.00391E-2 6.99902E-2 9.63653E-2 6.34384E-2 6.23468E-2 4.66737E-2 1.72581E-2 6.61218E-3 1.78202E-3 2.09397E-4 4.00882E-4 1.92538E-3 4.1891E-3 7.74661E-3 2.55471E-3 2.17428E-3 4.33317E-2 3.62272E-2 1.31692E-2 4.4575E-3 1.73843E-3 9.43678E-4 6.95407E-4 1.31098E-3 3.16539E-4 6.30917E-4 8.85494E-4 5.03776E-4 2.64928E-4
