ENM/Final_Models/M_0.9_F_q_Set_1_NE/Gustavia_santanderiensis_9_Choco.asc
ncols         367
nrows         963
xllcorner     -78.6
yllcorner     0.65
cellsize      0.00833333333333323
NODATA_value  -9999
[rows 816 to 849 of 963, columns 156 to 233 of 367]
1.44201E-2 -9999 -9999 -9999 -9999 -9999 -9999 -9999 -9999 -9999 -9999 -9999 -9999 -9999 -9999 -9999 -9999 -9999 -9999 -9999 -9999 -9999 -9999 -9999 -9999 -9999 -9999 -9999 -9999 -9999 -9999 -9999 -9999 -9999 5.35812E-4 7.80422E-4 6.70947E-4 3.69834E-4 2.38669E-4 8.2862E-5 1.99656E-5 4.91578E-5 1.68186E-4 9.01983E-5 7.4581E-5 3.93819E-5 2.01506E-4 1.11841E-3 1.29544E-3 2.3346E-4 1.06221E-4 4.21039E-5 1.79143E-5 1.03725E-5 1.66597E-5 1.18807E-5 1.4458E-5 7.67668E-6 1.8329E-5 4.56463E-5 2.81017E-5 6.71829E-5 4.98162E-5 4.64675E-5 -9999 -9999 -9999 -9999 -9999 -9999 -9999 -9999 -9999 -9999 -9999 -9999 -9999 -9999
-9999 -9999 -9999 -9999 -9999 -9999 -9999 -9999 -9999 -9999 -9999 -9999 -9999 -9999 -9999 -9999 -9999 -9999 -9999 -9999 -9999 -9999 -9999 -9999 -9999 -9999 -9999 -9999 -9999 -9999 -9999 -9999 4.87945E-3 8.16974E-4 2.29888E-3 1.24776E-3 3.79842E-4 3.24081E-4 2.10526E-4 3.61134E-5 9.7217E-6 1.21134E-5 5.21849E-5 2.78356E-5 1.38415E-5 9.2617E-5 6.16416E-5 2.63776E-4 6.26146E-4 2.73186E-4 1.1283E-4 3.23918E-5 4.32252E-6 3.79479E-6 1.17552E-5 3.97984E-5 6.26877E-5 4.66628E-5 1.99126E-5 2.06781E-5 5.07427E-5 3.31062E-5 5.60931E-5 -9999 -9999 -9999 -9999 -9999 -9999 -9999 -9999 -9999 -9999 -9999 -9999 -9999 -9999 -9999
-9999 -9999 -9999 -9999 -9999 -9999 -9999 -9999 -9999 -9999 -9999 -9999 -9999 4.42759E-3 5.79712E-3 4.45211E-3 -9999 -9999 -9999 -9999 -9999 -9999 -9999 -9999 -9999 -9999 -9999 -9999 -9999 -9999 -9999 -9999 -9999 -9999 2.47748E-3 5.56784E-4 1.7711E-4 9.08676E-5 6.40346E-5 1.92362E-5 1.77375E-5 1.46561E-5 1.07839E-5 1.02195E-5 2.19182E-5 6.26023E-5 1.15761E-4 5.18173E-5 5.00941E-4 5.73757E-4 2.95787E-4 1.43601E-4 2.0674E-5 3.71503E-5 2.48593E-5 2.59182E-5 4.47485E-5 2.81886E-5 2.29525E-5 3.2585E-5 4.846E-5 1.12007E-4 4.86895E-5 -9999 -9999 -9999 -9999 -9999 -9999 -9999 -9999 -9999 -9999 -9999 -9999 -9999 -9999 -9999
-9999 -9999 -9999 -9999 -9999 -9999 -9999 -9999 -9999 -9999 -9999 -9999 4.76512E-3 3.76552E-3 6.75269E-3 3.59745E-3 3.06153E-3 -9999 -9999 -9999 -9999 -9999 -9999 -9999 -9999 -9999 -9999 -9999 -9999 -9999 -9999 -9999 -9999 -9999 6.02928E-4 4.85397E-4 9.23589E-5 3.44964E-5 3.40526E-5 5.2284E-5 4.15388E-5 1.44881E-5 6.28427E-6 8.58359E-6 1.23851E-5 3.10737E-5 7.50452E-5 4.51911E-5 9.47218E-5 6.20896E-4 2.57223E-4 3.30589E-4 2.74052E-4 4.31239E-4 2.18552E-4 2.74395E-4 1.8478E-4 1.22749E-4 1.0255E-5 3.67379E-5 3.98538E-5 6.97191E-5 2.24043E-5 -9999 -9999 -9999 -9999 -9999 -9999 -9999 -9999 -9999 -9999 -9999 -9999 -9999 -9999 -9999
-9999 -9999 -9999 -9999 -9999 -9999 -9999 -9999 -9999 -9999 -9999 3.36662E-3 5.66689E-3 3.51271E-3 6.77095E-3 6.06068E-3 5.29789E-3 7.63026E-3 -9999 1.03362E-2 1.94297E-2 -9999 -9999 -9999 -9999 -9999 -9999 -9999 -9999 -9999 -9999 -9999 -9999 2.70385E-3 5.76571E-4 8.47242E-4 1.4115E-4 4.26397E-5 3.14923E-5 7.1802E-5 9.59754E-5 1.72702E-5 9.18161E-6 7.43472E-6 4.98526E-6 6.13097E-6 6.73725E-6 1.03526E-5 1.486E-4 1.30504E-4 1.03275E-4 3.05427E-4 1.87779E-4 4.05374E-5 1.25039E-4 7.24618E-5 2.84799E-5 8.30837E-5 1.1696E-4 9.98137E-5 2.81392E-5 2.85473E-5 6.90993E-5 -9999 -9999 -9999 -9999 -9999 -9999 -9999 -9999 -9999 -9999 -9999 -9999 -9999 -9999 -9999
-9999 -9999 -9999 -9999 -9999 -9999 -9999 -9999 -9999 -9999 -9999 -9999 3.99057E-3 3.91393E-3 7.43242E-3 4.98159E-3 4.58958E-3 5.13814E-3 4.33818E-3 7.56664E-3 2.41267E-2 -9999 -9999 -9999 -9999 -9999 -9999 -9999 -9999 -9999 1.02189E-2 1.42867E-2 1.1106E-2 4.3178E-3 9.12731E-4 6.64269E-4 4.95623E-4 1.15917E-4 1.14986E-4 1.17895E-4 5.08509E-5 2.35039E-5 9.86845E-6 1.20209E-5 1.21705E-5 2.88539E-5 1.75617E-5 8.06012E-6 3.38669E-5 4.13545E-5 2.89904E-5 1.29572E-4 2.21595E-4 5.087E-5 3.77087E-5 6.8383E-5 2.35786E-5 5.13203E-5 5.41025E-5 2.94108E-5 2.90113E-5 2.08393E-5 1.4879E-5 -9999 -9999 -9999 -9999 -9999 -9999 -9999 -9999 -9999 -9999 -9999 -9999 -9999 -9999 -9999
-9999 -9999 -9999 -9999 -9999 -9999 -9999 -9999 -9999 -9999 -9999 7.26728E-3 1.14456E-2 -9999 -9999 4.07908E-3 6.33108E-3 3.5591E-3 5.73431E-3 1.51025E-2 -9999 -9999 -9999 -9999 -9999 -9999 -9999 -9999 -9999 -9999 -9999 -9999 -9999 -9999 -9999 -9999 2.58355E-4 1.6436E-4 1.15506E-4 2.19137E-4 1.18397E-4 6.05292E-5 2.28787E-5 1.21144E-5 7.91978E-6 4.00282E-5 4.81411E-5 5.42462E-6 1.48945E-5 1.90574E-5 1.05641E-5 1.746E-5 7.77782E-5 6.86063E-5 2.17405E-5 5.16938E-5 3.69806E-5 2.37884E-5 3.52772E-5 1.77342E-5 5.69557E-6 8.73161E-6 1.86013E-5 -9999 -9999 -9999 -9999 -9999 -9999 -9999 -9999 -9999 -9999 -9999 -9999 -9999 -9999 -9999
-9999 -9999 -9999 -9999 -9999 -9999 -9999 -9999 -9999 -9999 -9999 -9999 -9999 -9999 -9999 3.64267E-3 3.93217E-3 3.0722E-3 7.69531E-3 1.5923E-2 -9999 -9999 -9999 -9999 -9999 -9999 -9999 -9999 -9999 -9999 -9999 -9999 -9999 -9999 -9999 -9999 -9999 4.54181E-4 3.45316E-4 4.38061E-4 8.60968E-5 2.16055E-5 1.62048E-5 1.62652E-5 3.53717E-5 2.88565E-5 2.05734E-5 1.2784E-5 2.07496E-5 3.08289E-5 1.85274E-5 2.99692E-5 1.73568E-5 5.07927E-5 2.21801E-5 2.73083E-5 5.45164E-5 3.05752E-5 4.00915E-5 1.60235E-5 3.46708E-5 3.4792E-5 6.87928E-5 6.2251E-5 -9999 -9999 -9999 -9999 -9999 -9999 -9999 -9999 -9999 -9999 -9999 -9999 -9999 -9999
-9999 -9999 -9999 -9999 -9999 -9999 -9999 -9999 -9999 -9999 -9999 -9999 -9999 -9999 -9999 3.40761E-3 3.07201E-3 3.25412E-3 9.409E-3 2.59592E-2 -9999 -9999 -9999 -9999 -9999 -9999 -9999 -9999 8.95542E-3 1.58617E-2 1.49896E-2 -9999 -9999 -9999 5.2353E-4 5.78063E-4 1.73626E-3 1.91328E-3 1.56382E-3 3.24217E-4 1.71833E-4 7.37465E-5 3.08373E-5 9.21687E-6 1.59857E-5 1.33546E-5 3.92392E-6 1.66891E-5 2.39735E-5 4.18142E-5 3.5741E-5 2.26762E-5 2.48284E-5 2.7554E-5 3.76091E-5 9.06301E-6 2.10898E-5 1.84026E-5 2.11832E-5 1.54765E-5 2.52384E-5 1.03837E-4 8.44778E-5 7.26484E-5 -9999 -9999 -9999 -9999 -9999 -9999 -9999 -9999 -9999 -9999 -9999 -9999 -9999 -9999
-9999 -9999 -9999 -9999 -9999 -9999 -9999 -9999 -9999 -9999 -9999 -9999 -9999 -9999 9.49083E-3 4.96026E-3 4.96529E-3 4.46376E-3 7.21425E-3 2.16612E-2 -9999 -9999 -9999 -9999 -9999 -9999 -9999 -9999 9.22364E-3 6.43437E-3 2.97544E-3 1.24107E-3 4.98883E-4 4.30835E-5 3.94338E-5 4.07661E-4 2.9304E-4 7.59638E-4 7.16937E-4 3.44255E-4 2.55489E-4 3.9914E-4 2.34458E-4 5.99684E-5 1.64463E-5 7.70854E-6 8.22256E-6 1.4835E-5 5.46779E-5 6.92315E-5 2.82503E-5 1.38315E-5 2.83252E-5 1.75641E-5 3.13275E-5 2.04491E-5 1.05301E-5 1.35493E-5 1.86074E-5 5.05847E-5 3.19879E-5 2.67719E-5 4.34006E-5 6.60079E-5 -9999 -9999 -9999 -9999 -9999 -9999 -9999 -9999 -9999 -9999 -9999 -9999 -9999 -9999
-9999 -9999 -9999 -9999 -9999 -9999 -9999 -9999 -9999 -9999 -9999 -9999 -9999 7.76646E-3 5.73279E-3 4.02086E-3 4.76523E-3 6.14995E-3 6.22273E-3 1.16398E-2 -9999 -9999 -9999 -9999 -9999 -9999 -9999 -9999 2.71011E-3 1.4977E-3 8.3975E-4 7.73948E-4 2.5825E-4 1.11394E-4 5.40645E-5 2.34736E-4 5.51443E-5 1.1403E-4 3.22768E-4 1.68564E-4 1.44237E-4 8.2844E-5 3.28045E-5 4.75314E-5 4.25964E-5 5.03955E-5 1.79676E-5 1.21595E-5 2.94287E-5 5.29615E-5 3.44557E-5 2.22757E-5 2.5289E-5 3.11841E-5 2.71981E-5 1.47788E-5 1.89902E-5 1.64909E-5 2.01287E-5 5.54531E-5 5.43044E-5 6.28859E-5 9.05483E-5 9.54093E-5 -9999 -9999 -9999 -9999 -9999 -9999 -9999 -9999 -9999 -9999 -9999 -9999 -9999 -9999
-9999 -9999 -9999 -9999 -9999 -9999 -9999 -9999 -9999 -9999 -9999 -9999 -9999 -9999 -9999 3.65331E-3 5.33829E-3 3.91724E-3 5.69585E-3 1.23051E-2 -9999 -9999 -9999 -9999 -9999 -9999 -9999 -9999 1.91322E-3 6.28975E-4 2.8347E-4 1.60763E-4 5.85325E-5 3.55387E-5 3.96572E-5 2.50411E-4 7.09942E-5 5.68094E-5 1.61293E-4 1.49246E-4 1.02481E-4 2.30277E-4 1.9859E-5 1.56865E-5 1.50974E-5 2.69119E-5 3.96028E-5 4.80269E-5 8.49119E-6 6.0537E-5 4.52731E-5 3.39508E-5 2.15855E-5 3.64965E-5 2.94467E-5 3.48342E-5 5.219E-5 5.73381E-5 2.50638E-5 6.97133E-5 3.77441E-5 9.27357E-5 7.77504E-5 7.49783E-5 -9999 -9999 -9999 -9999 -9999 -9999 -9999 -9999 -9999 -9999 -9999 -9999 -9999 -9999
-9999 -9999 -9999 -9999 -9999 -9999 -9999 -9999 -9999 -9999 -9999 -9999 -9999 -9999 -9999 -9999 2.17653E-3 2.67148E-3 5.24955E-3 9.37958E-3 -9999 -9999 7.90001E-3 -9999 -9999 -9999 -9999 -9999 2.59569E-3 4.19173E-4 7.63056E-5 4.47603E-5 2.50556E-5 2.29261E-5 5.38456E-5 1.00148E-4 5.24894E-5 1.6668E-5 3.59059E-5 1.31328E-4 5.78972E-5 2.05783E-5 4.07462E-5 1.30482E-5 1.78753E-5 5.08384E-6 3.99881E-5 3.03232E-5 3.17752E-5 1.08312E-4 6.64006E-5 4.31497E-5 9.97264E-6 1.73965E-5 4.80822E-5 1.22772E-5 2.07492E-5 3.9255E-5 7.1865E-5 5.34094E-5 7.33466E-5 6.23662E-5 5.63649E-5 -9999 -9999 -9999 -9999 -9999 -9999 -9999 -9999 -9999 -9999 -9999 -9999 -9999 -9999 -9999
-9999 -9999 -9999 -9999 -9999 -9999 -9999 -9999 -9999 -9999 -9999 -9999 -9999 -9999 -9999 -9999 -9999 2.07223E-3 4.16541E-3 7.88009E-3 -9999 -9999 1.16613E-2 -9999 -9999 -9999 -9999 2.90308E-3 2.86628E-3 7.68483E-4 1.60105E-4 2.67592E-5 1.59075E-5 2.60863E-5 5.42501E-5 3.78513E-5 4.11739E-5 1.67512E-5 2.29628E-5 1.05328E-4 4.57701E-5 8.96249E-6 7.20322E-6 8.06141E-6 5.29541E-5 3.32634E-5 2.97415E-5 1.7072E-5 2.83311E-5 3.78428E-5 6.77446E-5 6.84414E-5 2.066E-5 9.71386E-6 2.283E-5 2.17336E-5 3.86234E-5 7.377E-5 8.22176E-5 7.41978E-5 8.51805E-5 6.53743E-5 -9999 -9999 -9999 -9999 -9999 -9999 -9999 -9999 -9999 -9999 -9999 -9999 -9999 -9999 -9999 -9999
-9999 -9999 -9999 -9999 -9999 -9999 -9999 -9999 -9999 -9999 -9999 -9999 -9999 -9999 1.28456E-2 -9999 -9999 2.69327E-3 2.18892E-3 5.4148E-3 -9999 -9999 -9999 -9999 -9999 1.20463E-3 1.13794E-3 2.25251E-3 9.37242E-4 3.42401E-4 6.39904E-5 2.53997E-5 3.2113E-5 2.55015E-5 3.95712E-5 3.7516E-5 3.48171E-5 2.6378E-5 2.35487E-5 5.87354E-5 1.34003E-5 1.12859E-5 3.31168E-5 2.02936E-5 6.85385E-5 6.08083E-5 3.87545E-5 2.16031E-5 3.05941E-5 1.94012E-5 4.35991E-5 6.44019E-5 2.2778E-5 9.49958E-6 4.06185E-5 2.53466E-5 7.26253E-5 1.38304E-4 8.88787E-5 1.01202E-4 7.30912E-5 6.97268E-5 -9999 -9999 -9999 -9999 -9999 -9999 -9999 -9999 -9999 -9999 -9999 -9999 -9999 -9999 -9999 -9999
-9999 -9999 -9999 -9999 -9999 -9999 -9999 -9999 -9999 1.40347E-2 2.39626E-2 -9999 -9999 9.08356E-3 1.39366E-2 -9999 -9999 4.16705E-3 2.77152E-3 1.13661E-2 4.26522E-3 -9999 -9999 2.64419E-3 4.95468E-4 4.0261E-4 5.10944E-4 3.6734E-4 2.14459E-4 5.8512E-5 1.01631E-4 4.31744E-5 3.1746E-5 1.93826E-5 4.26093E-5 4.34897E-5 2.2759E-5 2.52499E-5 2.56041E-5 6.87635E-5 4.19084E-5 1.52133E-5 3.62919E-5 7.39745E-5 1.18021E-4 3.74871E-5 2.26877E-5 1.89724E-5 3.72833E-5 4.80733E-5 2.89865E-5 4.37677E-5 3.572E-5 1.56155E-5 6.0619E-5 8.22765E-5 3.16443E-5 5.46236E-5 6.88504E-5 9.24582E-5 9.08423E-5 6.1635E-5 -9999 -9999 -9999 -9999 -9999 -9999 -9999 -9999 -9999 -9999 -9999 -9999 -9999 -9999 -9999 -9999
-9999 -9999 -9999 -9999 -9999 -9999 -9999 -9999 -9999 1.106E-2 1.25883E-2 -9999 -9999 8.77064E-3 1.41427E-2 -9999 -9999 3.93292E-3 3.16072E-3 6.41449E-3 5.03144E-3 -9999 -9999 1.38323E-3 2.95699E-4 1.97692E-4 7.86894E-5 8.39158E-5 1.69927E-4 1.37224E-4 8.93271E-5 4.89345E-5 1.53163E-5 1.30599E-5 3.10309E-5 2.02984E-5 1.95398E-5 5.0309E-5 6.48774E-5 6.36855E-5 4.32336E-5 1.71318E-5 2.04382E-5 8.7657E-5 7.33343E-5 3.52409E-5 1.33984E-5 1.43678E-5 3.30123E-5 4.14674E-5 2.84215E-5 3.86792E-5 3.83536E-5 4.37261E-5 9.55892E-5 1.3895E-4 8.20716E-5 1.07828E-4 7.45342E-5 1.14701E-4 8.15623E-5 1.24251E-4 -9999 -9999 -9999 -9999 -9999 -9999 -9999 -9999 -9999 -9999 -9999 -9999 -9999 -9999 -9999 -9999
-9999 -9999 -9999 -9999 -9999 -9999 -9999 -9999 -9999 1.19229E-2 8.78203E-3 -9999 -9999 9.55496E-3 1.09437E-2 -9999 -9999 3.58791E-3 1.01416E-2 1.62818E-2 6.86654E-3 -9999 -9999 3.39171E-4 1.34424E-4 1.15168E-4 1.11681E-4 2.39968E-4 1.19457E-4 4.59339E-5 2.4255E-5 1.94445E-5 1.51106E-5 8.71684E-6 1.93003E-5 1.89465E-5 6.976E-6 2.83687E-5 3.11692E-5 9.32282E-5 8.39224E-5 4.30111E-5 4.2213E-5 9.29437E-5 5.95322E-5 4.30455E-5 3.41147E-5 2.45429E-5 4.13921E-5 2.45222E-5 3.53906E-5 6.64625E-5 9.30856E-5 4.46404E-5 6.9779E-5 6.10341E-5 8.89561E-5 8.28459E-5 1.06015E-4 7.62849E-5 9.62272E-5 -9999 -9999 -9999 -9999 -9999 -9999 -9999 -9999 -9999 -9999 -9999 -9999 -9999 -9999 -9999 -9999 -9999
-9999 -9999 -9999 -9999 -9999 -9999 -9999 -9999 2.2984E-3 3.94704E-3 6.84938E-3 -9999 -9999 6.23911E-3 8.36225E-3 3.7545E-3 2.38031E-3 4.10805E-3 6.85069E-3 1.40107E-2 7.73708E-3 -9999 3.33194E-3 3.1852E-4 2.46972E-4 4.50232E-4 3.23937E-4 1.06893E-4 4.06709E-5 1.40462E-5 1.12725E-5 1.82342E-5 1.47396E-5 1.07854E-5 1.29976E-5 2.12774E-5 9.30576E-6 1.88647E-5 2.80996E-5 6.40287E-5 9.88767E-5 1.13438E-4 6.5172E-5 7.14649E-5 1.18265E-4 1.08387E-4 6.59149E-5 4.7987E-5 2.71421E-5 2.53194E-5 3.63654E-5 9.85447E-5 1.40528E-4 7.01198E-5 6.53803E-5 9.27121E-5 9.77132E-5 8.70633E-5 8.725E-5 1.15141E-4 9.57822E-5 -9999 -9999 -9999 -9999 -9999 -9999 -9999 -9999 -9999 -9999 -9999 -9999 -9999 -9999 -9999 -9999 -9999
-9999 -9999 -9999 -9999 -9999 -9999 -9999 -9999 3.56499E-3 1.58375E-3 2.89104E-3 4.68057E-3 -9999 4.63415E-3 3.34389E-3 4.54407E-3 3.006E-3 7.49031E-3 8.80014E-3 1.57348E-2 6.35433E-3 5.8173E-3 3.78047E-3 1.2189E-3 6.3388E-4 2.18212E-4 8.14737E-5 4.4256E-5 2.29038E-5 9.36179E-6 1.53894E-5 2.73363E-5 2.23565E-5 1.79845E-5 2.23022E-5 3.39152E-5 2.43345E-5 4.64903E-5 4.11821E-5 8.89422E-5 6.48565E-5 7.96365E-5 4.9231E-5 7.50423E-5 1.54112E-4 1.70473E-4 1.07411E-4 5.37643E-5 4.31578E-5 6.68447E-5 9.8132E-5 1.03757E-4 1.32304E-4 1.12601E-4 7.38001E-5 9.86008E-5 1.07459E-4 1.14203E-4 1.07267E-4 8.70681E-5 8.01566E-5 -9999 -9999 -9999 -9999 -9999 -9999 -9999 -9999 -9999 -9999 -9999 -9999 -9999 -9999 -9999 -9999 -9999
-9999 -9999 -9999 -9999 -9999 9.17477E-3 1.01872E-2 8.33608E-3 4.7087E-3 1.29216E-3 1.33081E-3 1.90577E-3 2.08919E-3 2.53058E-3 2.54776E-3 2.39728E-3 7.85036E-3 7.17194E-3 8.42588E-3 1.63171E-2 7.52237E-3 6.23905E-3 3.6615E-3 1.21395E-3 2.89721E-4 2.17877E-4 9.54785E-5 1.39596E-5 1.61059E-5 1.20717E-5 1.05889E-5 1.5322E-5 1.44995E-5 1.49631E-5 2.47332E-5 2.5007E-5 3.54122E-5 1.64988E-5 1.68318E-5 3.84418E-5 4.04191E-5 2.95983E-5 3.35214E-5 1.09474E-4 1.45041E-4 7.96069E-5 8.30834E-5 5.53774E-5 8.67149E-5 1.30699E-4 1.45498E-4 9.60783E-5 1.38112E-4 1.29854E-4 1.03797E-4 1.30529E-4 9.97852E-5 1.01639E-4 9.33031E-5 7.52488E-5 7.07845E-5 -9999 -9999 -9999 -9999 -9999 -9999 -9999 -9999 -9999 -9999 -9999 -9999 -9999 -9999 -9999 -9999 -9999
-9999 -9999 -9999 -9999 -9999 2.30317E-2 1.89905E-2 2.13256E-2 2.08528E-2 7.51046E-3 -9999 1.76006E-3 2.357E-3 3.68402E-3 3.54773E-3 6.51342E-3 4.10875E-3 6.52784E-3 7.44349E-3 1.31462E-2 9.91125E-3 4.43233E-3 9.39234E-4 6.37411E-4 2.18079E-4 2.01458E-4 2.68827E-4 4.58527E-5 2.28279E-5 1.2324E-5 1.78319E-5 1.70632E-5 3.15568E-5 1.00079E-5 1.36677E-5 2.23899E-5 1.69711E-5 1.39833E-5 2.57328E-5 2.98659E-5 1.46997E-5 2.52382E-5 3.88535E-5 8.61293E-5 6.01596E-5 6.01604E-5 9.13151E-5 9.91323E-5 1.07136E-4 1.64148E-4 1.44708E-4 1.3616E-4 1.38939E-4 1.09707E-4 1.06159E-4 1.09405E-4 7.10483E-5 5.83311E-5 7.16308E-5 6.13267E-5 6.13875E-5 -9999 -9999 -9999 -9999 -9999 -9999 -9999 -9999 -9999 -9999 -9999 -9999 -9999 -9999 -9999 -9999 -9999
-9999 -9999 -9999 -9999 -9999 -9999 2.37603E-2 3.16825E-2 -9999 -9999 -9999 3.02878E-3 -9999 -9999 6.24888E-3 7.52975E-3 5.7965E-3 -9999 -9999 -9999 1.00502E-2 1.62362E-3 4.72967E-4 4.68561E-4 2.80643E-4 4.14393E-4 1.7053E-4 1.52922E-4 2.68058E-5 2.82709E-5 2.40099E-5 3.53791E-5 3.15152E-5 1.32545E-5 1.20079E-5 8.52695E-6 1.11742E-5 1.6186E-5 3.33048E-5 1.27104E-5 1.51874E-5 2.3541E-5 3.93078E-5 4.83677E-5 4.42788E-5 7.39089E-5 1.40239E-4 1.22185E-4 1.38102E-4 1.62559E-4 1.14495E-4 9.85138E-5 1.12834E-4 1.04887E-4 1.02193E-4 -9999 -9999 -9999 6.39023E-5 7.73706E-5 5.31181E-5 -9999 -9999 -9999 -9999 -9999 -9999 -9999 -9999 -9999 -9999 -9999 -9999 -9999 -9999 -9999 -9999 -9999
-9999 -9999 -9999 -9999 -9999 -9999 -9999 -9999 -9999 -9999 -9999 -9999 -9999 -9999 -9999 -9999 -9999 -9999 -9999 -9999 5.05423E-3 3.56645E-3 9.38971E-4 1.51762E-3 1.18185E-3 6.05884E-4 2.80811E-4 3.46652E-4 1.08969E-4 3.07483E-4 1.7379E-4 1.59148E-4 3.70382E-5 1.60965E-5 1.35802E-5 9.58558E-6 1.93802E-5 9.72903E-6 1.13647E-5 1.46599E-5 2.83484E-5 1.64688E-5 1.75064E-5 3.5887E-5 4.22812E-5 9.86147E-5 1.63169E-4 1.19151E-4 1.54242E-4 1.50141E-4 1.05553E-4 6.67962E-5 7.46462E-5 8.76953E-5 -9999 -9999 -9999 -9999 5.88965E-5 3.65291E-5 1.77982E-5 -9999 -9999 -9999 -9999 -9999 -9999 -9999 -9999 -9999 -9999 -9999 -9999 -9999 -9999 -9999 -9999 -9999
-9999 -9999 -9999 -9999 -9999 -9999 -9999 -9999 -9999 -9999 -9999 -9999 -9999 -9999 -9999 -9999 -9999 -9999 -9999 -9999 5.06801E-3 4.19334E-3 3.8142E-3 1.29553E-3 2.16014E-3 7.98329E-4 4.42886E-4 4.0142E-4 5.91601E-4 4.84319E-4 2.5256E-4 1.88498E-4 1.00459E-4 4.51277E-5 2.05939E-5 1.3062E-5 1.1849E-5 2.15855E-5 3.9142E-5 1.77777E-5 1.42875E-5 3.0283E-5 1.52446E-5 2.74951E-5 4.70375E-5 1.03047E-4 1.32876E-4 1.45274E-4 1.43086E-4 1.37809E-4 1.18053E-4 -9999 -9999 -9999 -9999 -9999 -9999 2.42746E-5 1.62453E-5 2.2596E-5 2.31865E-5 -9999 -9999 -9999 -9999 -9999 -9999 -9999 -9999 -9999 -9999 -9999 -9999 -9999 -9999 -9999 -9999 -9999
-9999 -9999 -9999 -9999 -9999 -9999 -9999 -9999 -9999 -9999 -9999 -9999 -9999 -9999 -9999 -9999 -9999 3.46486E-3 4.89863E-3 9.66556E-3 3.13444E-3 1.85602E-3 2.64246E-3 1.58511E-3 9.82887E-4 5.55725E-4 3.92475E-4 8.68836E-4 6.7392E-4 1.61851E-4 2.16802E-5 4.71374E-5 9.43439E-5 5.99059E-5 3.70906E-5 2.71514E-5 2.28077E-5 1.12619E-5 9.16529E-6 1.38227E-5 2.38947E-5 5.50175E-5 2.05975E-5 4.36536E-5 4.72703E-5 8.44614E-5 1.63713E-4 1.36461E-4 1.19136E-4 1.26132E-4 1.08667E-4 -9999 -9999 -9999 4.67179E-5 6.06848E-5 5.42292E-5 4.34957E-5 2.62878E-5 2.46985E-5 3.72593E-5 -9999 -9999 -9999 -9999 -9999 -9999 -9999 -9999 -9999 -9999 -9999 -9999 -9999 -9999 -9999 -9999 -9999
-9999 -9999 -9999 -9999 -9999 -9999 -9999 -9999 -9999 -9999 -9999 -9999 -9999 -9999 -9999 6.08815E-3 4.07641E-3 2.53832E-3 4.87912E-3 1.57696E-2 1.12941E-2 7.25585E-3 2.15203E-3 1.42731E-3 9.33772E-4 1.18643E-3 9.49594E-4 2.61859E-4 2.15023E-4 6.90237E-5 1.28079E-5 3.30122E-6 1.72047E-5 3.64834E-5 2.03765E-5 1.40968E-5 4.78128E-6 7.05255E-6 7.55721E-6 1.78047E-5 2.31774E-5 5.60463E-5 5.04906E-5 6.42118E-5 7.88654E-5 1.24981E-4 1.67156E-4 1.47635E-4 1.3302E-4 6.54562E-5 7.88162E-5 -9999 -9999 5.92371E-5 4.87451E-5 7.30405E-5 7.39314E-5 7.2029E-5 7.72902E-5 4.16413E-5 6.08171E-5 -9999 -9999 -9999 -9999 -9999 -9999 -9999 -9999 -9999 -9999 -9999 -9999 -9999 -9999 -9999 -9999 -9999
-9999 -9999 -9999 -9999 -9999 -9999 -9999 -9999 -9999 -9999 -9999 -9999 -9999 -9999 5.5961E-3 1.97203E-3 1.47327E-3 1.64429E-3 2.02384E-3 4.9089E-3 4.66697E-3 4.99064E-3 1.94622E-3 1.54215E-3 3.64485E-3 5.07401E-4 1.24317E-4 9.48302E-5 5.02114E-5 5.70049E-5 9.4135E-6 1.16683E-5 1.73445E-5 1.68189E-5 1.40842E-5 1.18704E-5 3.73483E-5 2.89037E-5 1.09451E-5 1.2887E-5 4.35451E-5 3.78611E-5 7.66974E-5 8.36339E-5 1.26239E-4 1.55686E-4 1.38511E-4 1.52954E-4 1.50518E-4 -9999 -9999 -9999 -9999 4.91735E-5 4.91325E-5 9.33109E-5 4.1983E-5 5.66857E-5 8.62708E-5 5.82713E-5 4.37254E-5 -9999 -9999 -9999 -9999 -9999 -9999 -9999 -9999 -9999 -9999 -9999 -9999 -9999 -9999 -9999 -9999 -9999
-9999 -9999 -9999 -9999 -9999 -9999 -9999 -9999 -9999 -9999 -9999 -9999 -9999 3.73467E-3 9.14418E-4 8.06527E-4 9.48244E-4 1.46821E-3 7.34215E-4 2.34814E-3 2.35688E-3 1.85911E-3 6.23217E-3 5.29956E-3 1.79404E-3 1.14813E-4 5.29098E-5 7.83955E-5 3.8106E-5 1.41599E-5 1.62298E-5 1.56878E-5 1.86279E-5 1.32315E-5 1.0888E-5 3.64254E-5 4.95407E-5 1.905E-5 1.043E-5 1.90177E-5 3.97104E-5 5.76078E-5 4.47412E-5 7.31772E-5 1.53247E-4 1.1517E-4 9.54609E-5 1.44113E-4 1.54658E-4 -9999 -9999 -9999 -9999 3.48186E-5 4.45771E-5 4.33964E-5 8.10441E-6 1.41943E-5 3.69517E-5 9.19591E-5 1.08936E-4 1.59137E-4 -9999 -9999 -9999 -9999 -9999 -9999 -9999 -9999 -9999 -9999 -9999 -9999 -9999 -9999 -9999 -9999
-9999 -9999 -9999 -9999 -9999 -9999 -9999 -9999 -9999 2.6797E-2 2.84905E-2 -9999 -9999 3.53611E-3 3.71043E-4 3.22457E-4 5.36486E-4 9.03667E-4 8.87823E-4 1.20555E-3 2.73957E-4 4.84058E-4 1.57033E-3 1.13406E-3 8.71713E-4 1.30043E-4 3.46024E-5 3.43483E-5 2.66044E-5 1.73913E-5 1.95007E-5 1.87775E-5 1.10804E-5 1.15069E-5 1.32774E-5 3.39308E-5 3.50298E-5 1.53375E-5 1.58042E-5 1.92639E-5 1.53272E-5 2.46683E-5 6.32684E-5 6.09102E-5 8.60834E-5 9.53977E-5 1.21716E-4 1.81397E-4 1.27882E-4 -9999 -9999 -9999 -9999 -9999 -9999 3.60931E-5 2.90245E-5 2.5052E-5 2.64112E-5 4.88072E-5 1.02764E-4 1.2911E-4 -9999 -9999 -9999 -9999 -9999 -9999 -9999 -9999 -9999 -9999 -9999 -9999 -9999 -9999 -9999 -9999
-9999 -9999 -9999 -9999 -9999 -9999 -9999 -9999 1.56863E-2 2.09711E-2 2.29302E-2 -9999 -9999 1.75329E-3 4.63123E-4 4.0018E-4 5.54981E-4 1.09069E-3 9.66467E-4 7.42924E-4 2.0715E-4 4.2133E-4 1.2196E-3 4.82298E-4 6.21626E-4 2.60357E-4 4.70206E-5 2.73262E-5 2.16577E-5 2.03898E-5 1.87191E-5 3.12719E-5 3.6398E-5 2.31082E-5 2.70693E-5 2.17021E-5 2.20293E-5 2.46369E-5 2.71808E-5 2.23973E-5 3.73436E-5 3.55846E-5 5.62997E-5 5.72275E-5 9.91829E-5 1.27399E-4 1.74E-4 1.67621E-4 1.57262E-4 -9999 -9999 -9999 -9999 -9999 -9999 2.32058E-5 1.23126E-5 1.09284E-5 3.10032E-5 5.94169E-5 7.819E-5 1.42113E-4 -9999 -9999 -9999 -9999 -9999 -9999 -9999 -9999 -9999 -9999 -9999 -9999 -9999 -9999 -9999 -9999
-9999 -9999 -9999 -9999 4.03909E-2 3.13916E-2 -9999 -9999 9.15551E-3 1.94854E-2 1.20395E-2 2.38562E-3 4.67697E-4 4.39644E-4 3.8542E-4 1.0892E-4 4.80492E-4 1.08131E-3 1.11704E-3 4.85851E-4 2.46218E-4 4.92865E-4 7.76461E-4 1.70767E-4 7.59749E-5 1.51978E-4 6.54729E-5 1.94788E-5 1.74952E-5 1.55061E-5 3.21027E-5 6.65943E-5 6.7824E-5 6.81532E-5 3.67317E-5 2.689E-5 3.47403E-5 5.88303E-5 4.66758E-5 4.15433E-5 4.18751E-5 4.15677E-5 8.86042E-5 8.15051E-5 9.87941E-5 1.27079E-4 1.60118E-4 1.699E-4 1.46486E-4 1.39646E-4 8.42473E-5 7.60282E-5 -9999 -9999 -9999 2.07719E-5 1.18543E-5 1.96496E-5 3.39333E-5 5.11748E-5 6.9618E-5 1.15723E-4 1.68549E-4 -9999 -9999 -9999 -9999 -9999 -9999 -9999 -9999 -9999 -9999 -9999 -9999 -9999 -9999 -9999
1.34176E-2 -9999 -9999 2.77208E-2 4.44372E-2 3.21445E-2 -9999 -9999 8.52161E-3 1.27971E-2 4.48105E-3 1.26238E-3 3.03156E-4 1.54586E-4 2.29269E-4 1.0757E-4 1.85018E-4 3.55367E-4 2.19065E-4 2.12068E-4 1.28401E-4 5.12821E-4 3.87677E-4 7.08901E-5 2.8782E-5 7.24947E-5 1.48774E-4 2.84867E-5 2.00683E-5 2.31135E-5 7.71986E-5 1.52612E-4 1.06464E-4 5.46682E-5 2.86534E-5 3.2151E-5 2.66804E-5 2.92464E-5 4.44289E-5 3.0416E-5 4.8995E-5 4.06552E-5 6.44798E-5 6.62243E-5 1.09156E-4 1.45339E-4 1.78298E-4 1.51042E-4 1.64504E-4 1.50015E-4 1.16103E-4 9.58646E-5 9.22197E-5 -9999 -9999 2.51132E-5 8.10746E-6 7.25987E-6 1.11039E-5 3.40805E-5 5.10917E-5 8.75624E-5 1.85965E-4 -9999 -9999 -9999 -9999 -9999 -9999 -9999 -9999 -9999 -9999 -9999 -9999 -9999 -9999 -9999
5.60149E-3 2.26282E-3 8.9777E-3 1.84299E-2 3.44571E-2 2.13935E-2 -9999 7.35561E-3 5.75752E-3 2.14977E-3 9.98376E-4 1.93714E-4 1.05169E-4 1.06496E-4 1.80014E-4 1.2969E-4 8.47448E-5 1.52108E-4 1.24572E-4 1.28382E-4 9.80824E-5 2.89276E-4 3.72077E-4 6.69814E-5 2.25239E-5 6.14849E-5 9.56815E-5 2.13099E-5 2.39096E-5 2.59519E-5 6.35896E-5 7.0802E-5 5.79615E-5 3.25197E-5 2.64237E-5 2.9632E-5 3.69046E-5 2.52163E-5 5.47729E-5 7.60999E-5 6.39731E-5 3.80667E-5 5.6705E-5 6.21583E-5 9.66407E-5 1.35658E-4 1.48118E-4 1.15525E-4 1.4713E-4 1.31664E-4 1.4803E-4 1.02073E-4 9.29431E-5 -9999 -9999 2.17615E-5 1.25394E-5 7.38438E-6 8.67841E-6 6.9068E-6 2.69619E-5 6.07063E-5 1.94077E-4 -9999 -9999 -9999 -9999 -9999 -9999 -9999 -9999 -9999 -9999 -9999 -9999 -9999 -9999 -9999
