ENM/Final_Models/M_0.9_F_q_Set_1_NE/Gustavia_santanderiensis_3_Choco.asc
ncols         367
nrows         963
xllcorner     -78.6
yllcorner     0.65
cellsize      0.00833333333333323
NODATA_value  -9999
[rows 245 to 279 of 963, columns 234 to 311 of 367]
0E0 0E0 0E0 0E0 0E0 1.51146E-1 4.03527E-2 2.04517E-2 4.13542E-2 1.0892E-1 1.2429E-1 0E0 0E0 0E0 7.05967E-1 8.06496E-1 4.95055E-1 3.94159E-1 6.22553E-1 4.10021E-1 6.74855E-1 9.59022E-1 9.86929E-1 9.69016E-1 9.78324E-1 8.16718E-1 8.82194E-1 8.2008E-1 4.57599E-1 6.31843E-1 3.34302E-1 5.93264E-2 7.41273E-2 3.09194E-1 8.0155E-2 6.11194E-2 4.34388E-2 3.00529E-2 1.12023E-2 1.02718E-2 1.84389E-3 1.34085E-3 9.72096E-4 4.91082E-4 4.92743E-5 4.93875E-4 2.02995E-4 1.90065E-5 5.07259E-5 7.28077E-5 1.04464E-4 4.11418E-4 1.82737E-4 2.88324E-5 5.88847E-6 4.34924E-7 6.57416E-8 -9999 -9999 -9999 -9999 -9999 -9999 -9999 -9999 -9999 -9999 -9999 -9999 -9999 -9999 -9999 -9999 -9999 -9999 -9999 -9999 -9999
0E0 0E0 0E0 0E0 0E0 7.9457E-2 8.06864E-3 2.22321E-2 7.10879E-2 1.50434E-1 0E0 0E0 0E0 0E0 8.92674E-1 9.44279E-1 6.35444E-1 5.54996E-1 4.98595E-1 6.34398E-1 7.05297E-1 6.89694E-1 6.49565E-1 8.17882E-1 7.50445E-1 7.93993E-1 6.91379E-1 6.36334E-1 4.26251E-1 6.2394E-1 2.37951E-1 5.12835E-2 2.35126E-1 2.76024E-1 6.61714E-2 3.53213E-2 1.39447E-2 3.28268E-3 7.6189E-3 1.35431E-2 5.43927E-3 3.29858E-3 3.46192E-3 3.90677E-4 2.44267E-5 1.88657E-5 4.43006E-6 1.75513E-5 5.02403E-6 2.32351E-6 1.42589E-5 3.09401E-5 1.0905E-4 9.37101E-5 1.64391E-5 9.53856E-6 1.13E-7 -9999 -9999 -9999 -9999 -9999 -9999 -9999 -9999 -9999 -9999 -9999 -9999 -9999 -9999 -9999 -9999 -9999 -9999 -9999 -9999 -9999
0E0 0E0 0E0 0E0 0E0 1.40543E-1 2.61718E-2 2.4071E-2 6.8232E-2 1.14122E-1 0E0 0E0 0E0 0E0 9.99402E-1 6.3882E-1 3.70406E-1 2.78938E-1 2.96419E-1 6.31117E-1 6.64192E-1 3.88847E-1 3.16743E-1 2.63344E-1 3.27E-1 3.93034E-1 3.39278E-1 6.83166E-1 6.8081E-1 3.48911E-1 1.79854E-1 1.44031E-1 1.96381E-1 2.29197E-1 1.58809E-1 5.83765E-2 1.66413E-2 7.70405E-3 8.83642E-3 5.6848E-3 2.78113E-3 3.51269E-4 1.03569E-4 1.29303E-4 1.04367E-5 4.37991E-5 1.36544E-6 5.89722E-6 1.0704E-6 6.00323E-7 4.29669E-7 1.64624E-6 3.19033E-7 1.12758E-5 9.54475E-6 4.26429E-6 2.36581E-7 -9999 -9999 -9999 -9999 -9999 -9999 -9999 -9999 -9999 -9999 -9999 -9999 -9999 -9999 -9999 -9999 -9999 -9999 -9999 -9999 -9999
0E0 0E0 0E0 0E0 0E0 0E0 2.58501E-2 5.79961E-2 1.90479E-1 0E0 0E0 0E0 0E0 0E0 9.95321E-1 5.5406E-1 5.87752E-1 2.20995E-1 2.69849E-1 3.49984E-1 6.76725E-1 3.42419E-1 2.12402E-1 2.17289E-1 2.72537E-1 3.40655E-1 1.90608E-1 4.0735E-1 8.03205E-1 2.90219E-1 1.64393E-1 1.60973E-1 1.60071E-1 2.63132E-1 1.477E-1 2.13033E-1 2.35937E-2 8.54457E-3 1.02899E-2 9.82399E-3 1.98001E-3 1.66964E-4 5.78444E-5 7.74102E-5 1.33644E-5 3.12624E-5 2.19177E-6 2.90242E-5 1.12653E-5 1.42356E-6 3.08207E-7 3.10488E-7 1.13351E-7 9.15407E-7 -9999 -9999 -9999 -9999 -9999 -9999 -9999 -9999 -9999 -9999 -9999 -9999 -9999 -9999 -9999 -9999 -9999 -9999 -9999 -9999 -9999 -9999 -9999 -9999
0E0 0E0 0E0 0E0 0E0 0E0 0E0 0E0 0E0 0E0 0E0 0E0 0E0 7.85276E-1 9.98401E-1 5.12607E-1 4.09708E-1 3.07016E-1 2.83411E-1 3.95032E-1 3.71074E-1 3.03074E-1 2.91186E-1 4.96662E-1 4.88227E-1 5.55546E-1 3.73683E-1 2.10406E-1 8.01592E-1 4.21099E-1 1.75235E-1 1.07031E-1 2.07769E-1 2.13381E-1 3.43856E-1 3.19899E-1 6.36378E-2 2.26009E-2 1.02424E-2 5.09932E-3 1.80194E-3 7.15528E-4 4.83689E-5 2.90152E-5 4.71705E-5 8.4779E-5 6.97423E-5 1.81424E-4 7.70959E-5 2.06545E-5 1.39033E-6 3.25975E-7 7.55822E-8 -9999 -9999 -9999 -9999 -9999 -9999 -9999 -9999 -9999 -9999 -9999 -9999 -9999 -9999 -9999 -9999 -9999 -9999 -9999 -9999 -9999 -9999 -9999 -9999 -9999
0E0 0E0 0E0 0E0 0E0 0E0 0E0 0E0 0E0 0E0 0E0 0E0 0E0 9.94523E-1 9.97187E-1 6.12326E-1 4.86496E-1 6.37174E-1 6.72051E-1 5.74945E-1 6.00984E-1 5.07346E-1 7.38902E-1 3.38233E-1 4.71345E-1 5.79543E-1 4.9404E-1 1.94866E-1 6.55339E-1 3.02944E-1 2.15055E-1 1.56603E-1 4.63114E-2 1.44686E-1 2.92866E-1 2.51646E-1 8.14368E-2 4.35766E-2 6.99416E-3 3.47303E-3 3.80751E-3 7.59313E-4 7.98739E-5 5.85239E-5 1.17709E-4 4.02229E-4 7.48693E-4 5.51073E-4 7.07516E-5 5.69546E-5 1.49713E-5 2.8331E-6 2.98826E-6 -9999 -9999 -9999 -9999 7.19776E-7 2.862E-7 -9999 -9999 -9999 -9999 -9999 -9999 -9999 -9999 -9999 -9999 -9999 -9999 -9999 -9999 -9999 -9999 -9999 -9999 -9999
0E0 0E0 0E0 0E0 0E0 0E0 0E0 0E0 0E0 0E0 0E0 0E0 0E0 3.9212E-1 9.66683E-1 8.90421E-1 4.42417E-1 2.81818E-1 3.40454E-1 4.95797E-1 8.3772E-1 5.70586E-1 5.8305E-1 8.14075E-1 7.29929E-1 9.55713E-1 7.35613E-1 5.73498E-1 7.29441E-1 4.55522E-1 2.5864E-1 4.00322E-2 6.00223E-2 1.64422E-1 2.80416E-1 2.18674E-1 1.10155E-1 4.42594E-2 6.61617E-3 3.29766E-3 2.97544E-3 1.54526E-3 9.97748E-4 1.31463E-3 4.55831E-4 4.90719E-4 8.32847E-4 4.9809E-5 6.73651E-5 3.44589E-5 1.17279E-5 2.45185E-6 -9999 -9999 1.59424E-7 4.08468E-7 4.15691E-7 1.89345E-6 2.05506E-7 -9999 -9999 -9999 -9999 -9999 -9999 -9999 -9999 -9999 -9999 -9999 -9999 -9999 -9999 -9999 -9999 -9999 -9999 -9999
0E0 0E0 0E0 0E0 0E0 0E0 0E0 0E0 0E0 0E0 0E0 0E0 7.24778E-1 4.94642E-1 5.98292E-1 9.68303E-1 7.58267E-1 4.50592E-1 5.62235E-1 4.47509E-1 5.2965E-1 5.93541E-1 8.05119E-1 9.6272E-1 9.86127E-1 8.91196E-1 8.55111E-1 9.21786E-1 5.62464E-1 2.389E-1 2.89013E-1 5.9983E-2 1.2341E-1 1.2514E-1 4.11756E-1 2.12343E-1 2.35792E-1 1.16416E-1 3.86579E-2 2.04944E-2 1.58249E-3 2.65672E-3 4.37995E-3 4.87483E-3 2.76324E-3 8.26278E-4 1.40033E-3 5.66276E-5 5.35966E-5 1.62502E-5 8.06972E-6 3.09811E-6 1.60877E-6 1.64727E-6 4.64136E-6 2.07417E-6 3.95207E-6 5.5908E-7 2.46189E-5 5.51942E-6 -9999 -9999 -9999 -9999 -9999 -9999 -9999 -9999 -9999 -9999 -9999 -9999 -9999 -9999 -9999 -9999 -9999 -9999
0E0 0E0 0E0 0E0 0E0 0E0 0E0 0E0 0E0 0E0 0E0 0E0 0E0 6.13052E-1 7.29945E-1 6.17022E-1 9.34964E-1 5.12926E-1 3.94509E-1 6.2156E-1 6.18861E-1 6.51926E-1 9.42057E-1 9.87952E-1 9.68028E-1 9.86361E-1 9.86294E-1 8.59951E-1 4.38273E-1 2.68162E-1 3.42685E-1 3.29439E-1 2.12229E-1 3.27341E-1 3.41352E-1 3.09944E-1 1.49499E-1 1.89816E-1 1.16263E-1 5.34631E-2 1.34092E-2 1.43339E-3 6.21923E-4 3.90517E-3 8.07081E-4 1.37747E-3 3.03562E-4 3.98863E-4 2.69063E-4 8.97083E-5 7.15127E-6 1.15774E-5 2.65119E-5 2.07875E-6 5.99852E-6 9.17735E-6 4.02568E-6 2.05913E-5 2.35265E-6 9.56666E-6 -9999 -9999 -9999 -9999 -9999 -9999 -9999 -9999 -9999 -9999 -9999 -9999 -9999 -9999 -9999 -9999 -9999 -9999
0E0 0E0 0E0 0E0 0E0 0E0 0E0 0E0 0E0 0E0 0E0 0E0 0E0 0E0 9.80923E-1 6.87348E-1 9.93899E-1 7.50057E-1 6.49156E-1 4.5529E-1 4.01606E-1 5.01058E-1 8.87133E-1 9.93189E-1 9.23282E-1 9.99855E-1 6.824E-1 7.94442E-1 5.3025E-1 3.57509E-1 2.04862E-1 2.87998E-1 2.67499E-1 3.32786E-1 1.50354E-1 2.65827E-1 1.96191E-1 1.30204E-1 5.91921E-2 1.05328E-1 5.34509E-2 1.49167E-2 1.71085E-3 5.52769E-3 4.88898E-3 5.09273E-4 5.46539E-4 6.84872E-4 1.25529E-4 2.00999E-5 3.10867E-5 2.78092E-5 4.6129E-5 6.3686E-5 1.60054E-5 7.54735E-6 9.185E-6 1.03694E-5 1.28024E-5 8.2986E-7 3.452E-6 -9999 -9999 -9999 -9999 -9999 -9999 -9999 -9999 -9999 -9999 -9999 -9999 -9999 -9999 -9999 -9999 -9999
0E0 0E0 0E0 0E0 0E0 0E0 0E0 0E0 1.34077E-1 0E0 0E0 0E0 0E0 0E0 0E0 8.09622E-1 9.74814E-1 9.57403E-1 8.99591E-1 9.17451E-1 8.73861E-1 5.64481E-1 7.76788E-1 9.27466E-1 9.98815E-1 9.99679E-1 5.8975E-1 6.21124E-1 5.90446E-1 2.89306E-1 2.25963E-1 2.20382E-1 2.9995E-1 3.29244E-1 1.67301E-1 1.36195E-1 1.96106E-1 2.07928E-1 7.63414E-2 7.94285E-2 6.2887E-2 3.09459E-2 3.11696E-3 1.73757E-3 6.58877E-4 1.70586E-4 5.00182E-4 1.84812E-4 3.66592E-5 3.90146E-5 2.96831E-5 3.06112E-4 9.65269E-5 9.22674E-5 1.89882E-5 6.47871E-6 2.01238E-5 6.89311E-5 4.02203E-5 7.16356E-6 9.38439E-7 -9999 -9999 -9999 -9999 -9999 -9999 -9999 -9999 -9999 -9999 -9999 -9999 -9999 -9999 -9999 -9999 -9999
0E0 0E0 0E0 0E0 0E0 0E0 0E0 5.85284E-2 1.05198E-1 1.83228E-1 2.45424E-1 0E0 0E0 0E0 0E0 0E0 9.99979E-1 9.97506E-1 9.42553E-1 9.95123E-1 7.13173E-1 7.15666E-1 7.46015E-1 8.12371E-1 9.50911E-1 7.71063E-1 4.51559E-1 6.05758E-1 5.63455E-1 3.37789E-1 3.43029E-1 2.37619E-1 1.47554E-1 2.14511E-1 9.7569E-2 1.05452E-1 1.31511E-1 1.18442E-1 7.29549E-2 3.70112E-2 2.8615E-2 1.0301E-2 9.32514E-4 1.6571E-4 5.20909E-5 1.17402E-4 9.31831E-5 3.996E-5 7.35909E-5 1.03352E-4 4.29425E-5 1.8033E-5 7.1377E-6 4.42386E-6 2.41557E-5 1.78883E-5 1.27902E-5 3.75444E-5 3.22776E-5 3.36724E-5 1.87389E-5 1.80156E-5 -9999 -9999 -9999 -9999 -9999 -9999 -9999 -9999 -9999 -9999 -9999 -9999 -9999 -9999 -9999 -9999
0E0 0E0 0E0 0E0 0E0 0E0 1.13397E-1 1.13982E-1 1.48123E-1 3.16133E-1 4.77399E-1 0E0 0E0 0E0 0E0 0E0 9.96342E-1 5.3307E-1 7.72294E-1 7.62273E-1 4.4045E-1 7.96194E-1 7.16323E-1 9.63223E-1 7.71611E-1 3.85723E-1 3.48905E-1 5.1314E-1 4.36533E-1 2.21328E-1 1.30108E-1 9.7228E-2 9.57127E-2 9.61192E-2 1.82319E-1 1.58378E-1 8.8575E-2 5.22428E-2 4.59144E-2 3.58598E-2 3.07066E-2 1.10434E-2 1.50269E-3 1.50712E-3 1.98786E-3 1.07701E-3 7.42247E-3 3.50439E-4 1.1738E-3 1.71724E-3 5.46397E-4 1.34286E-4 9.75864E-5 1.42179E-5 4.71701E-5 8.93777E-6 3.33092E-5 5.76097E-5 8.67675E-5 9.72117E-5 5.31377E-5 2.387E-5 2.90214E-5 -9999 -9999 -9999 -9999 -9999 -9999 -9999 -9999 -9999 -9999 -9999 -9999 -9999 -9999 -9999
0E0 0E0 0E0 0E0 0E0 0E0 0E0 5.12232E-2 2.70644E-2 1.88992E-1 0E0 0E0 0E0 0E0 0E0 0E0 9.64277E-1 5.9649E-1 4.69978E-1 6.0404E-1 3.82857E-1 2.6833E-1 5.96821E-1 6.7104E-1 2.57241E-1 1.33289E-1 1.36636E-1 2.71095E-1 3.1464E-1 2.17598E-1 2.36102E-1 2.3104E-1 1.85147E-1 1.59494E-1 1.53923E-1 1.50731E-1 6.66674E-2 8.52128E-2 7.62566E-2 7.09514E-2 6.13882E-2 2.64454E-2 2.75097E-3 3.48653E-3 3.53065E-3 2.85395E-3 2.71497E-3 3.4802E-3 3.52464E-3 2.60623E-3 5.64479E-4 1.10641E-4 9.4417E-6 2.30563E-5 6.14343E-5 2.59357E-5 9.92182E-5 4.8435E-5 6.49236E-5 1.93358E-5 1.53783E-5 1.80478E-5 1.13684E-5 1.46551E-5 -9999 -9999 -9999 -9999 -9999 -9999 -9999 -9999 -9999 -9999 -9999 -9999 -9999 -9999
0E0 0E0 0E0 0E0 0E0 0E0 0E0 0E0 1.18376E-1 1.86622E-1 1.64545E-1 2.02634E-1 0E0 0E0 0E0 0E0 0E0 9.95238E-1 7.93212E-1 6.90963E-1 4.83932E-1 1.25513E-1 3.06739E-1 2.66238E-1 1.21111E-1 1.54503E-1 1.23734E-1 2.03854E-1 3.36524E-1 2.07105E-1 2.03486E-1 2.73515E-1 3.34305E-1 2.15931E-1 1.02835E-1 1.03514E-1 5.72724E-2 2.74352E-1 3.02384E-1 1.10035E-1 2.9111E-2 3.02205E-2 2.55492E-3 1.62846E-3 4.95437E-4 5.6234E-4 2.13908E-3 2.20817E-3 6.57004E-4 1.17315E-4 3.72117E-5 9.00889E-6 7.69595E-5 9.14285E-5 3.91201E-5 8.19281E-5 9.99468E-5 8.21662E-5 1.00119E-4 1.49991E-4 5.56599E-5 5.60098E-5 6.58771E-5 2.14257E-5 4.3318E-5 -9999 -9999 -9999 -9999 -9999 -9999 -9999 -9999 -9999 -9999 -9999 -9999 -9999
0E0 0E0 0E0 0E0 0E0 0E0 0E0 0E0 3.60398E-1 2.27584E-1 1.48363E-1 1.68636E-1 2.06397E-1 0E0 0E0 0E0 0E0 9.77971E-1 9.33499E-1 9.40774E-1 6.49035E-1 2.28444E-1 2.2561E-1 3.83643E-1 1.52473E-1 1.13187E-1 1.79319E-1 2.25572E-1 4.44853E-1 4.15196E-1 3.51195E-1 2.63379E-1 2.81577E-1 2.57408E-1 1.85264E-1 6.80399E-2 7.60246E-2 1.97479E-1 0E0 1.06843E-1 2.23407E-2 2.46344E-2 2.89215E-3 1.61753E-3 2.74257E-4 2.02343E-4 4.97561E-4 6.49115E-4 6.86696E-4 7.59004E-4 1.2909E-5 5.47143E-6 3.61916E-7 5.48881E-5 6.31106E-5 4.35344E-4 2.37096E-4 8.55901E-5 6.10657E-5 -9999 -9999 -9999 2.15291E-5 2.70562E-5 3.67533E-5 -9999 -9999 -9999 -9999 -9999 -9999 -9999 -9999 -9999 -9999 -9999 -9999 -9999
0E0 0E0 0E0 0E0 0E0 0E0 0E0 0E0 0E0 2.05673E-1 1.61582E-1 1.72124E-1 1.82271E-1 4.77044E-1 0E0 0E0 0E0 0E0 9.3513E-1 9.0403E-1 8.89252E-1 3.54824E-1 2.45758E-1 2.30925E-1 1.31183E-1 1.5309E-1 1.45373E-1 2.35383E-1 2.87542E-1 3.5786E-1 2.8982E-1 3.42894E-1 5.59606E-1 4.06401E-1 7.67366E-1 9.54474E-2 9.93349E-2 1.72481E-1 0E0 0E0 2.49517E-2 1.43401E-2 5.71171E-3 5.58463E-3 3.39069E-3 1.22654E-3 1.26914E-3 3.59951E-4 1.3032E-4 1.69798E-3 2.64294E-5 3.51217E-6 3.50612E-6 5.40301E-5 1.55527E-4 1.64022E-4 2.01937E-4 2.36562E-4 1.35401E-4 7.65111E-5 -9999 -9999 -9999 1.75383E-7 5.9092E-7 -9999 -9999 -9999 -9999 -9999 -9999 -9999 -9999 -9999 -9999 -9999 -9999 -9999
0E0 0E0 0E0 0E0 0E0 0E0 0E0 0E0 0E0 4.50746E-1 7.70277E-2 1.04277E-1 1.30397E-1 2.39556E-1 0E0 0E0 0E0 0E0 8.90442E-1 4.33464E-1 6.34E-1 6.21567E-1 3.74024E-1 3.12396E-1 1.63834E-1 3.64713E-1 1.8721E-1 2.15561E-1 5.14202E-1 5.46948E-1 4.03247E-1 4.35661E-1 6.16981E-1 8.42438E-1 6.33153E-1 1.42084E-1 1.02073E-1 2.24983E-1 0E0 0E0 4.35168E-2 2.03627E-2 5.08858E-3 1.25472E-3 1.81118E-3 1.65634E-3 1.22426E-3 2.81795E-4 2.95926E-4 9.0019E-5 6.42117E-5 8.06609E-6 3.66658E-5 1.47553E-4 3.14806E-4 2.22777E-4 2.27249E-4 1.39361E-4 1.06916E-4 3.15317E-5 -9999 -9999 -9999 -9999 -9999 1.65774E-7 -9999 -9999 -9999 -9999 -9999 -9999 -9999 -9999 -9999 -9999 -9999 -9999
0E0 0E0 0E0 0E0 0E0 0E0 0E0 0E0 0E0 0E0 5.43612E-2 1.67194E-1 6.93838E-2 1.50052E-1 0E0 0E0 0E0 0E0 6.75075E-1 5.76696E-1 5.82453E-1 2.91115E-1 3.69038E-1 1.89784E-1 1.42986E-1 1.53663E-1 1.9316E-1 5.55231E-1 4.63287E-1 5.23556E-1 7.11979E-1 7.64905E-1 5.7422E-1 0E0 4.81679E-1 3.69652E-1 1.34634E-1 4.86603E-2 2.55158E-1 2.3256E-1 1.04471E-1 5.97275E-2 1.46576E-2 7.34706E-4 7.37878E-4 6.51697E-4 4.24097E-4 9.12086E-6 2.94921E-5 2.3813E-5 1.01454E-4 1.78837E-4 3.04623E-5 2.29762E-5 2.5977E-4 4.01362E-4 1.8274E-4 1.18392E-4 4.5735E-5 3.47306E-5 2.153E-6 -9999 -9999 -9999 -9999 -9999 -9999 -9999 -9999 -9999 -9999 -9999 -9999 -9999 -9999 -9999 -9999 -9999
0E0 0E0 0E0 0E0 0E0 0E0 0E0 0E0 0E0 0E0 2.06355E-1 1.64272E-1 9.0493E-2 2.18696E-1 0E0 0E0 0E0 0E0 5.92003E-1 8.55301E-1 9.45223E-1 5.70352E-1 1.99747E-1 1.62885E-1 1.77999E-1 2.22553E-1 3.56486E-1 6.38169E-1 4.30989E-1 4.60487E-1 5.62142E-1 6.35337E-1 6.96058E-1 6.32308E-1 4.05624E-1 3.38754E-1 2.08561E-1 1.03696E-1 9.87827E-2 1.49616E-1 1.70648E-1 3.65115E-2 1.45643E-2 6.0529E-4 1.03123E-3 9.13293E-4 1.45628E-4 5.15019E-3 7.79047E-3 9.01474E-6 3.56908E-4 7.40773E-5 2.4014E-4 8.97689E-5 3.85799E-4 2.52791E-4 2.98465E-4 4.58659E-4 4.42699E-4 -9999 -9999 -9999 -9999 -9999 -9999 -9999 -9999 -9999 -9999 -9999 -9999 -9999 -9999 -9999 -9999 -9999 -9999 -9999
0E0 0E0 0E0 0E0 0E0 0E0 0E0 0E0 0E0 0E0 8.21108E-2 1.68004E-1 2.22565E-1 0E0 0E0 0E0 0E0 0E0 0E0 8.43169E-1 8.6926E-1 6.03374E-1 2.36193E-1 3.2005E-1 3.10311E-1 3.94346E-1 4.1455E-1 5.29548E-1 6.47264E-1 7.88488E-1 8.64022E-1 8.47037E-1 5.09949E-1 4.04756E-1 4.40383E-1 4.05351E-1 2.52964E-1 9.74733E-2 8.3837E-2 1.28574E-1 0E0 1.09766E-1 7.40319E-2 4.83033E-4 3.33075E-4 4.47992E-4 3.00265E-4 3.58493E-4 5.27843E-3 2.76817E-5 9.02996E-4 2.99775E-4 8.27346E-4 2.37127E-4 2.59611E-4 3.3175E-4 3.29268E-4 2.938E-4 3.75967E-4 -9999 -9999 -9999 -9999 -9999 -9999 -9999 -9999 -9999 -9999 -9999 -9999 -9999 -9999 -9999 -9999 -9999 -9999 -9999
0E0 0E0 0E0 0E0 0E0 0E0 0E0 0E0 0E0 1.07602E-1 4.30985E-2 1.08889E-1 1.44291E-1 4.37335E-1 5.69559E-1 0E0 0E0 0E0 0E0 8.09669E-1 9.46166E-1 8.69847E-1 3.48477E-1 4.63437E-1 5.55527E-1 7.03204E-1 5.51491E-1 5.80403E-1 4.45169E-1 7.88138E-1 7.78274E-1 8.10108E-1 4.93124E-1 0E0 0E0 0E0 0E0 1.37874E-1 1.74764E-1 1.4039E-1 2.6711E-1 0E0 6.33014E-2 6.29676E-3 1.3562E-4 4.34813E-4 3.94267E-4 5.40005E-4 7.09097E-5 5.85345E-5 8.67879E-4 4.14403E-4 3.40174E-4 4.06742E-4 7.25666E-4 2.20951E-4 9.63661E-4 2.53904E-4 -9999 -9999 -9999 -9999 -9999 -9999 -9999 -9999 -9999 -9999 -9999 -9999 -9999 -9999 -9999 -9999 -9999 -9999 -9999 -9999
0E0 0E0 0E0 0E0 0E0 0E0 0E0 0E0 0E0 1.1255E-1 1.60549E-2 6.05028E-2 2.12281E-1 3.56791E-1 4.15242E-1 3.50839E-1 0E0 0E0 0E0 5.91828E-1 9.55855E-1 7.44527E-1 2.45218E-1 4.3982E-1 5.77463E-1 5.26098E-1 4.59286E-1 5.15278E-1 5.07433E-1 6.21575E-1 8.02422E-1 7.69445E-1 0E0 0E0 0E0 0E0 0E0 2.81378E-1 2.61655E-1 3.30931E-1 1.30533E-1 0E0 7.56422E-2 2.51E-2 2.4174E-2 8.8006E-3 1.98595E-4 6.79209E-4 2.70592E-4 3.67764E-5 8.07215E-4 7.35839E-4 3.81098E-4 7.26861E-4 9.6942E-4 6.26516E-4 1.66018E-4 1.00654E-4 6.66762E-5 -9999 -9999 -9999 -9999 -9999 -9999 -9999 -9999 -9999 -9999 -9999 -9999 -9999 -9999 -9999 -9999 -9999 -9999 -9999
0E0 0E0 0E0 0E0 0E0 0E0 0E0 0E0 0E0 1.71305E-1 5.56315E-2 6.13593E-2 7.35012E-2 7.13559E-2 1.2311E-1 1.61811E-1 3.67241E-1 0E0 0E0 7.4645E-1 9.88408E-1 8.21284E-1 8.69102E-1 6.72151E-1 5.11979E-1 7.3404E-1 7.09178E-1 6.84485E-1 4.28249E-1 6.33407E-1 7.89638E-1 5.99391E-1 6.167E-1 0E0 0E0 0E0 0E0 0E0 4.3399E-1 3.03309E-1 4.56731E-1 1.96695E-1 4.71285E-2 9.14714E-3 3.31622E-2 2.05834E-2 1.19855E-2 2.98583E-3 1.45374E-3 2.56099E-4 2.21177E-3 1.40976E-3 1.54296E-3 5.59462E-4 1.40214E-3 3.19228E-4 5.73822E-4 5.73659E-5 2.45322E-5 -9999 -9999 -9999 6.11083E-7 -9999 -9999 -9999 -9999 -9999 -9999 -9999 -9999 -9999 -9999 -9999 -9999 -9999 -9999 -9999
0E0 0E0 0E0 0E0 0E0 0E0 0E0 0E0 0E0 0E0 1.45761E-1 1.17012E-1 4.87327E-2 2.88082E-2 5.05725E-2 1.41274E-1 5.02477E-1 0E0 0E0 0E0 9.36007E-1 9.83611E-1 9.72217E-1 8.06362E-1 7.14384E-1 8.8574E-1 9.07263E-1 8.52873E-1 4.81673E-1 4.66451E-1 5.84843E-1 5.2493E-1 0E0 0E0 0E0 0E0 0E0 0E0 0E0 0E0 0E0 0E0 1.36289E-1 4.8362E-2 5.23823E-2 1.72879E-2 2.21947E-2 3.74925E-2 3.85114E-3 1.62069E-3 2.89978E-3 1.21958E-3 9.74532E-4 8.71969E-4 3.83295E-4 4.76737E-4 8.69317E-5 1.28002E-4 4.35568E-5 -9999 -9999 -9999 6.40472E-7 -9999 -9999 -9999 -9999 -9999 -9999 -9999 -9999 -9999 -9999 -9999 -9999 -9999 -9999 -9999
0E0 0E0 0E0 0E0 0E0 0E0 0E0 0E0 0E0 1.75445E-1 4.99001E-2 1.86092E-2 4.07811E-2 3.90568E-2 5.73503E-2 9.62377E-2 0E0 0E0 0E0 0E0 8.71097E-1 9.37597E-1 8.95785E-1 8.56389E-1 8.04462E-1 8.26416E-1 7.83597E-1 5.88591E-1 5.32725E-1 7.04336E-1 5.16926E-1 0E0 0E0 0E0 0E0 0E0 0E0 0E0 0E0 0E0 0E0 0E0 0E0 0E0 0E0 7.20831E-2 5.10874E-2 5.02096E-2 5.92331E-3 2.19878E-3 8.35366E-3 7.17846E-3 4.03254E-3 1.9699E-3 1.24499E-3 3.5753E-4 1.03161E-4 9.77408E-5 5.12473E-5 1.61241E-5 5.09416E-5 6.84188E-6 -9999 -9999 -9999 -9999 -9999 -9999 -9999 -9999 -9999 -9999 -9999 -9999 -9999 -9999 -9999 -9999
0E0 0E0 0E0 0E0 0E0 0E0 0E0 0E0 0E0 6.17163E-2 6.54503E-3 1.82134E-2 2.77832E-2 2.12032E-2 5.62327E-2 6.51154E-2 0E0 0E0 0E0 8.92171E-1 5.35243E-1 8.03826E-1 8.12096E-1 8.60527E-1 9.32154E-1 9.57136E-1 7.6155E-1 7.2132E-1 4.32014E-1 5.94775E-1 4.71753E-1 6.49232E-1 0E0 0E0 0E0 0E0 0E0 0E0 5.11062E-2 8.89899E-2 1.04838E-1 0E0 0E0 0E0 8.40622E-3 6.11456E-3 9.2883E-3 1.00832E-2 1.65802E-3 7.44884E-3 1.09032E-2 9.22292E-3 3.24788E-3 1.14244E-3 8.70642E-4 9.95245E-4 5.5003E-4 1.02995E-4 1.01911E-4 1.27847E-5 1.85509E-5 1.72305E-6 4.7298E-7 -9999 -9999 -9999 -9999 -9999 -9999 -9999 -9999 -9999 -9999 -9999 -9999 -9999 -9999 -9999
0E0 0E0 0E0 0E0 0E0 0E0 0E0 0E0 0E0 2.86823E-1 7.142E-3 9.20871E-3 3.45642E-2 1.95311E-2 3.8238E-2 1.19662E-2 1.10805E-1 0E0 0E0 0E0 7.21099E-1 7.70424E-1 7.59158E-1 8.03658E-1 6.83142E-1 4.94558E-1 6.68212E-1 7.0643E-1 8.69508E-1 5.21432E-1 6.72903E-1 5.03654E-1 6.78995E-1 6.99765E-1 6.74159E-1 0E0 0E0 0E0 0E0 0E0 0E0 2.01135E-1 0E0 2.01643E-1 1.71421E-3 1.89926E-3 1.03347E-2 4.26407E-3 7.47872E-3 1.3474E-2 9.58333E-3 8.53324E-3 5.42867E-3 2.86744E-3 1.41725E-3 1.92502E-3 3.63451E-4 2.41903E-4 1.16121E-4 5.73714E-5 2.13625E-4 1.94208E-5 7.41736E-7 -9999 -9999 -9999 -9999 -9999 -9999 -9999 -9999 -9999 -9999 -9999 -9999 -9999 -9999 -9999
0E0 0E0 0E0 0E0 0E0 0E0 0E0 0E0 0E0 0E0 6.30658E-3 8.08578E-3 5.28055E-2 1.75623E-2 1.52935E-2 1.55493E-2 3.86766E-2 0E0 0E0 0E0 9.31569E-1 6.43085E-1 7.09644E-1 9.50581E-1 7.17446E-1 4.91897E-1 5.17255E-1 7.21954E-1 9.68251E-1 8.27637E-1 7.02622E-1 8.24895E-1 6.2091E-1 7.35626E-1 7.0501E-1 0E0 0E0 0E0 0E0 2.16886E-1 2.09682E-1 1.31243E-1 6.08441E-2 8.03256E-2 1.21267E-3 1.0162E-3 4.58001E-3 9.90161E-3 1.42346E-2 5.77253E-3 3.05815E-3 1.52732E-3 2.75863E-3 4.10773E-3 2.67663E-3 2.18008E-3 4.5258E-4 1.71179E-4 9.12888E-5 1.10692E-4 1.28064E-4 1.2573E-4 6.20687E-6 -9999 -9999 -9999 -9999 -9999 -9999 -9999 -9999 -9999 -9999 -9999 -9999 -9999 -9999 -9999
0E0 0E0 0E0 0E0 0E0 0E0 0E0 0E0 0E0 0E0 3.34383E-2 8.12656E-3 5.7889E-2 7.37464E-2 2.4611E-2 6.4733E-2 4.4285E-2 2.38463E-1 0E0 0E0 9.32182E-1 6.66592E-1 8.11167E-1 8.56512E-1 5.89502E-1 5.43839E-1 7.40658E-1 8.53188E-1 8.75061E-1 9.20483E-1 8.91727E-1 9.1406E-1 7.115E-1 7.91362E-1 6.81713E-1 5.33439E-1 0E0 0E0 0E0 0E0 1.36944E-1 9.76107E-2 6.97381E-2 6.27247E-2 8.61882E-4 1.56429E-4 2.17256E-3 7.35238E-3 1.66594E-2 1.62792E-2 5.7559E-3 1.41485E-3 1.0724E-3 1.6545E-3 6.57993E-4 5.37408E-4 6.21149E-4 4.74256E-4 1.2515E-4 4.29039E-4 6.46201E-4 2.3688E-4 5.07897E-5 1.42594E-4 -9999 -9999 -9999 -9999 -9999 -9999 -9999 -9999 -9999 -9999 -9999 -9999 -9999 -9999
0E0 0E0 0E0 0E0 0E0 0E0 0E0 0E0 0E0 0E0 8.24647E-2 2.076E-2 1.38415E-2 5.63707E-2 3.98932E-2 3.94042E-2 1.04377E-1 1.70082E-1 0E0 0E0 7.49994E-1 8.002E-1 7.94888E-1 8.64306E-1 8.93935E-1 6.58621E-1 7.28174E-1 9.64195E-1 7.73755E-1 6.40881E-1 8.90152E-1 8.18376E-1 4.90818E-1 4.58847E-1 3.22453E-1 4.61551E-1 0E0 0E0 0E0 0E0 1.3898E-1 8.15847E-2 8.09372E-2 6.70191E-2 8.64613E-4 1.55697E-4 1.00565E-3 1.35778E-3 4.87287E-3 7.85691E-3 1.11415E-3 3.02072E-3 2.47296E-3 1.43703E-3 2.96535E-4 6.10669E-4 3.3935E-4 7.64525E-4 1.94138E-4 3.89422E-4 2.8013E-4 3.35343E-5 2.94473E-5 2.98252E-5 -9999 -9999 -9999 -9999 -9999 -9999 -9999 -9999 -9999 -9999 -9999 -9999 -9999 -9999
0E0 0E0 0E0 0E0 0E0 0E0 0E0 0E0 0E0 0E0 1.68612E-1 1.88824E-2 2.28126E-2 7.30276E-2 3.10069E-2 2.54875E-2 5.47568E-2 1.68172E-1 0E0 0E0 0E0 7.551E-1 7.01678E-1 8.91921E-1 9.92459E-1 7.92387E-1 8.92523E-1 9.51084E-1 7.20171E-1 3.27686E-1 6.38513E-1 0E0 6.6686E-1 5.11471E-1 4.02844E-1 3.1059E-1 0E0 0E0 0E0 0E0 1.2632E-1 7.20309E-2 5.12317E-2 2.06164E-2 6.71376E-5 5.47007E-5 1.62509E-3 1.70938E-3 1.80135E-3 2.59596E-3 1.08415E-2 2.22388E-3 4.35234E-4 1.35938E-3 7.38999E-4 1.83327E-3 8.0396E-4 3.72034E-4 5.5575E-4 4.57349E-4 6.84055E-4 2.63761E-5 4.33485E-5 8.57074E-5 1.03438E-4 -9999 -9999 -9999 -9999 -9999 -9999 -9999 -9999 -9999 -9999 -9999 -9999 -9999
0E0 0E0 0E0 0E0 0E0 0E0 0E0 0E0 0E0 0E0 1.48351E-1 3.67152E-2 6.67076E-2 8.74549E-2 5.00365E-2 2.32024E-2 6.61466E-2 1.30537E-1 0E0 0E0 0E0 6.55107E-1 6.42924E-1 9.20076E-1 9.41065E-1 8.94591E-1 7.12261E-1 8.5731E-1 7.02365E-1 4.11244E-1 7.38539E-1 0E0 0E0 0E0 0E0 2.05711E-1 0E0 0E0 0E0 6.74313E-2 1.52496E-1 6.8851E-2 4.00768E-2 3.61836E-4 1.68902E-3 4.84223E-4 2.47736E-4 4.00843E-4 9.80951E-4 4.95779E-4 9.63262E-3 1.39088E-3 1.01698E-3 5.21497E-4 1.30948E-3 2.21383E-4 1.06064E-3 1.70203E-3 8.02794E-4 1.56373E-4 1.91822E-4 2.70098E-4 1.0041E-4 6.48146E-5 6.92469E-5 7.36369E-5 -9999 -9999 -9999 -9999 -9999 -9999 -9999 -9999 -9999 -9999 -9999 -9999
0E0 0E0 0E0 0E0 0E0 0E0 0E0 0E0 0E0 0E0 1.87408E-1 3.09368E-2 4.47137E-2 3.3302E-2 3.15942E-2 1.76347E-2 2.00738E-2 9.9343E-2 0E0 0E0 0E0 7.89822E-1 6.76075E-1 8.40831E-1 9.05237E-1 9.86154E-1 8.74028E-1 8.03484E-1 6.80337E-1 4.86878E-1 0E0 0E0 0E0 0E0 0E0 0E0 0E0 0E0 0E0 0E0 4.80567E-2 3.09797E-2 3.06496E-2 5.93332E-4 7.75963E-4 9.87287E-4 1.32028E-3 2.90449E-4 6.43281E-4 2.26606E-4 3.44316E-3 3.85145E-3 1.42496E-3 8.79254E-4 1.24573E-3 3.48828E-4 1.11617E-3 5.88321E-4 6.85365E-4 6.10838E-4 4.0292E-4 4.50384E-4 9.01882E-5 1.93516E-4 6.194E-5 7.93385E-5 4.84371E-5 -9999 -9999 -9999 -9999 -9999 -9999 -9999 -9999 -9999 -9999 -9999
0E0 0E0 0E0 0E0 0E0 0E0 0E0 0E0 0E0 0E0 0E0 1.9156E-1 1.48001E-1 2.5659E-2 1.37044E-2 1.1443E-2 6.12698E-3 8.30222E-2 0E0 0E0 0E0 8.83067E-1 6.47016E-1 6.62655E-1 9.64137E-1 9.50694E-1 8.43256E-1 8.28234E-1 5.6333E-1 0E0 0E0 0E0 0E0 0E0 0E0 0E0 0E0 0E0 0E0 0E0 1.57962E-2 8.23826E-3 2.26933E-2 2.98365E-3 2.77135E-3 1.34383E-4 1.07928E-3 7.62522E-4 1.38349E-4 1.05015E-4 1.18094E-3 2.47802E-3 2.32812E-3 1.71554E-3 9.51381E-4 4.63354E-4 2.79041E-4 8.21143E-4 3.97225E-4 4.83424E-4 3.67977E-4 3.77376E-4 9.24911E-5 1.24768E-4 1.42537E-4 2.25961E-4 5.45854E-5 3.75269E-5 -9999 -9999 -9999 -9999 -9999 -9999 -9999 -9999 -9999 -9999
