ENM/Final_Models/M_0.9_F_q_Set_1_NE/Gustavia_santanderiensis_5_Choco.asc
ncols         367
nrows         963
xllcorner     -78.6
yllcorner     0.65
cellsize      0.00833333333333323
NODATA_value  -9999
[rows 245 to 279 of 963, columns 234 to 311 of 367]
0E0 0E0 0E0 0E0 0E0 2.33286E-1 8.05929E-2 4.4785E-2 8.67119E-2 1.99026E-1 2.30893E-1 0E0 0E0 0E0 7.94995E-1 8.47467E-1 6.0587E-1 4.88863E-1 7.19978E-1 5.28305E-1 7.65613E-1 9.75122E-1 9.91469E-1 9.82501E-1 9.87651E-1 8.83795E-1 9.38507E-1 9.06457E-1 6.25306E-1 7.88451E-1 4.88301E-1 1.22964E-1 1.50773E-1 4.64012E-1 1.47303E-1 1.23916E-1 9.8292E-2 7.51197E-2 3.25798E-2 2.99612E-2 6.70117E-3 5.00383E-3 3.45922E-3 1.84907E-3 2.10617E-4 1.81576E-3 8.11116E-4 8.86237E-5 1.95322E-4 2.72727E-4 3.85481E-4 1.27246E-3 4.95563E-4 8.99735E-5 2.11959E-5 2.17975E-6 4.05637E-7 -9999 -9999 -9999 -9999 -9999 -9999 -9999 -9999 -9999 -9999 -9999 -9999 -9999 -9999 -9999 -9999 -9999 -9999 -9999 -9999 -9999
0E0 0E0 0E0 0E0 0E0 1.43762E-1 1.99295E-2 5.10027E-2 1.40459E-1 2.60391E-1 0E0 0E0 0E0 0E0 9.32159E-1 9.55213E-1 7.28277E-1 6.57731E-1 6.14525E-1 7.32741E-1 7.91407E-1 7.75334E-1 7.42524E-1 8.8519E-1 8.38633E-1 8.84683E-1 8.15295E-1 7.71788E-1 5.9215E-1 7.702E-1 3.75211E-1 1.07709E-1 3.86632E-1 4.2423E-1 1.32057E-1 8.12656E-2 3.80751E-2 9.6832E-3 2.20242E-2 3.59542E-2 1.75745E-2 1.03634E-2 1.08311E-2 1.51827E-3 1.11148E-4 1.00045E-4 2.21328E-5 7.22809E-5 2.27146E-5 1.11782E-5 5.96688E-5 1.05486E-4 3.39709E-4 2.85217E-4 5.60697E-5 3.28301E-5 6.62131E-7 -9999 -9999 -9999 -9999 -9999 -9999 -9999 -9999 -9999 -9999 -9999 -9999 -9999 -9999 -9999 -9999 -9999 -9999 -9999 -9999 -9999
0E0 0E0 0E0 0E0 0E0 2.18749E-1 5.53314E-2 5.40144E-2 1.31522E-1 2.08295E-1 0E0 0E0 0E0 0E0 9.99502E-1 7.06848E-1 4.76519E-1 3.83146E-1 4.01663E-1 7.20683E-1 7.5067E-1 4.97601E-1 4.1819E-1 3.66266E-1 4.55816E-1 5.22681E-1 4.79904E-1 8.09842E-1 7.93725E-1 4.88139E-1 2.98869E-1 2.47548E-1 3.20279E-1 3.64967E-1 2.63818E-1 1.20647E-1 4.11038E-2 1.95699E-2 2.44404E-2 1.70305E-2 9.08444E-3 1.39446E-3 4.4466E-4 5.46241E-4 5.12124E-5 1.7262E-4 6.7546E-6 2.36258E-5 5.55981E-6 3.17706E-6 2.45939E-6 7.39835E-6 1.76643E-6 4.33108E-5 3.50895E-5 1.64774E-5 1.30166E-6 -9999 -9999 -9999 -9999 -9999 -9999 -9999 -9999 -9999 -9999 -9999 -9999 -9999 -9999 -9999 -9999 -9999 -9999 -9999 -9999 -9999
0E0 0E0 0E0 0E0 0E0 0E0 5.46569E-2 1.00634E-1 2.91998E-1 0E0 0E0 0E0 0E0 0E0 9.96565E-1 6.48331E-1 6.80819E-1 2.95953E-1 3.69282E-1 4.52233E-1 7.59068E-1 4.25602E-1 3.19977E-1 3.25463E-1 3.8657E-1 4.81205E-1 3.03846E-1 5.33593E-1 8.94764E-1 4.32064E-1 2.68429E-1 2.65719E-1 2.73217E-1 3.89717E-1 2.48547E-1 3.53265E-1 5.87203E-2 2.23136E-2 2.72617E-2 2.66178E-2 6.34357E-3 6.77957E-4 2.29809E-4 3.28207E-4 6.43384E-5 1.47272E-4 1.04941E-5 9.75192E-5 4.16071E-5 6.31206E-6 1.6995E-6 1.63267E-6 7.13675E-7 4.40139E-6 -9999 -9999 -9999 -9999 -9999 -9999 -9999 -9999 -9999 -9999 -9999 -9999 -9999 -9999 -9999 -9999 -9999 -9999 -9999 -9999 -9999 -9999 -9999 -9999
0E0 0E0 0E0 0E0 0E0 0E0 0E0 0E0 0E0 0E0 0E0 0E0 0E0 8.64716E-1 9.98797E-1 6.18117E-1 5.12247E-1 4.08549E-1 3.85287E-1 5.06808E-1 4.71831E-1 4.07678E-1 3.91528E-1 6.16303E-1 6.0819E-1 6.8691E-1 4.95575E-1 3.19548E-1 8.8102E-1 5.60268E-1 2.87834E-1 1.83463E-1 3.16321E-1 3.3105E-1 4.63497E-1 4.47372E-1 1.2864E-1 5.91299E-2 2.55867E-2 1.4357E-2 6.11334E-3 2.37552E-3 1.97607E-4 1.14668E-4 2.03286E-4 3.62966E-4 2.87486E-4 6.32141E-4 2.87108E-4 7.86421E-5 7.2076E-6 1.82593E-6 4.353E-7 -9999 -9999 -9999 -9999 -9999 -9999 -9999 -9999 -9999 -9999 -9999 -9999 -9999 -9999 -9999 -9999 -9999 -9999 -9999 -9999 -9999 -9999 -9999 -9999 -9999
0E0 0E0 0E0 0E0 0E0 0E0 0E0 0E0 0E0 0E0 0E0 0E0 0E0 9.96368E-1 9.9731E-1 6.97036E-1 5.90558E-1 7.19376E-1 7.48088E-1 6.68587E-1 6.86793E-1 6.0792E-1 8.08079E-1 4.62531E-1 5.8902E-1 6.91073E-1 6.07892E-1 2.98104E-1 7.64726E-1 4.17785E-1 3.09474E-1 2.46489E-1 8.61499E-2 2.40853E-1 4.2573E-1 3.67954E-1 1.59878E-1 9.82396E-2 2.07209E-2 1.12764E-2 1.19435E-2 2.64803E-3 3.04784E-4 2.34463E-4 5.15968E-4 1.56403E-3 2.47298E-3 1.82972E-3 2.79891E-4 2.19015E-4 6.09178E-5 1.31561E-5 1.17846E-5 -9999 -9999 -9999 -9999 3.43251E-6 1.43476E-6 -9999 -9999 -9999 -9999 -9999 -9999 -9999 -9999 -9999 -9999 -9999 -9999 -9999 -9999 -9999 -9999 -9999 -9999 -9999
0E0 0E0 0E0 0E0 0E0 0E0 0E0 0E0 0E0 0E0 0E0 0E0 0E0 5.13294E-1 9.72336E-1 9.21465E-1 5.47304E-1 3.84257E-1 4.42968E-1 5.98085E-1 8.83853E-1 6.59734E-1 6.73457E-1 8.77069E-1 8.10194E-1 9.71445E-1 8.09015E-1 6.79383E-1 8.03682E-1 5.78753E-1 3.60509E-1 7.84616E-2 1.07108E-1 2.55118E-1 3.91636E-1 3.25785E-1 1.94153E-1 9.94642E-2 1.94079E-2 1.05372E-2 9.02131E-3 5.07333E-3 3.07397E-3 3.92502E-3 1.77305E-3 1.92855E-3 2.9435E-3 2.04963E-4 2.59866E-4 1.10528E-4 4.58793E-5 1.00624E-5 -9999 -9999 8.546E-7 1.97366E-6 2.05539E-6 7.78561E-6 1.10021E-6 -9999 -9999 -9999 -9999 -9999 -9999 -9999 -9999 -9999 -9999 -9999 -9999 -9999 -9999 -9999 -9999 -9999 -9999 -9999
0E0 0E0 0E0 0E0 0E0 0E0 0E0 0E0 0E0 0E0 0E0 0E0 8.0149E-1 6.23899E-1 7.00765E-1 9.77123E-1 8.13319E-1 5.44701E-1 6.54732E-1 5.4534E-1 6.19081E-1 6.77387E-1 8.67061E-1 9.77024E-1 9.92753E-1 9.35637E-1 9.08598E-1 9.47692E-1 6.81533E-1 3.33419E-1 3.97634E-1 1.06241E-1 2.04368E-1 2.06351E-1 5.45815E-1 3.16844E-1 3.45511E-1 2.14443E-1 8.87587E-2 5.20767E-2 5.00116E-3 7.92737E-3 1.229E-2 1.29567E-2 8.22691E-3 3.16803E-3 4.68926E-3 2.34129E-4 1.98612E-4 6.06948E-5 2.90678E-5 1.21907E-5 6.58148E-6 6.7808E-6 1.60791E-5 8.26096E-6 1.40583E-5 2.72667E-6 7.97436E-5 2.07221E-5 -9999 -9999 -9999 -9999 -9999 -9999 -9999 -9999 -9999 -9999 -9999 -9999 -9999 -9999 -9999 -9999 -9999 -9999
0E0 0E0 0E0 0E0 0E0 0E0 0E0 0E0 0E0 0E0 0E0 0E0 0E0 7.2881E-1 8.08396E-1 6.97398E-1 9.45686E-1 6.27859E-1 5.08406E-1 7.18846E-1 7.08356E-1 7.38198E-1 9.66345E-1 9.93295E-1 9.81375E-1 9.91587E-1 9.92906E-1 9.01328E-1 5.48385E-1 3.66513E-1 4.45793E-1 4.41684E-1 3.06317E-1 4.34102E-1 4.47784E-1 4.15134E-1 2.48881E-1 3.0416E-1 2.30059E-1 1.1779E-1 3.50147E-2 4.96503E-3 2.42071E-3 1.19131E-2 3.0402E-3 5.13824E-3 1.28771E-3 1.47295E-3 1.00392E-3 3.18619E-4 2.66065E-5 4.33842E-5 8.36348E-5 8.39686E-6 2.12511E-5 3.05181E-5 1.56801E-5 6.46516E-5 1.03356E-5 3.50521E-5 -9999 -9999 -9999 -9999 -9999 -9999 -9999 -9999 -9999 -9999 -9999 -9999 -9999 -9999 -9999 -9999 -9999 -9999
0E0 0E0 0E0 0E0 0E0 0E0 0E0 0E0 0E0 0E0 0E0 0E0 0E0 0E0 9.89417E-1 7.54812E-1 9.94571E-1 8.24211E-1 7.33781E-1 5.77888E-1 5.2839E-1 6.20456E-1 9.27265E-1 9.95588E-1 9.52859E-1 9.9984E-1 7.83931E-1 8.71085E-1 6.36048E-1 4.60415E-1 3.0782E-1 3.85111E-1 3.73575E-1 4.67689E-1 2.42604E-1 3.69658E-1 2.99522E-1 2.22407E-1 1.21352E-1 2.09585E-1 1.17699E-1 3.95909E-2 6.03624E-3 1.69018E-2 1.543E-2 2.06191E-3 2.1969E-3 2.6276E-3 5.04212E-4 7.74421E-5 1.05137E-4 1.04273E-4 1.48628E-4 1.91922E-4 5.33922E-5 2.70555E-5 3.10061E-5 3.60741E-5 4.43277E-5 4.06946E-6 1.42575E-5 -9999 -9999 -9999 -9999 -9999 -9999 -9999 -9999 -9999 -9999 -9999 -9999 -9999 -9999 -9999 -9999 -9999
0E0 0E0 0E0 0E0 0E0 0E0 0E0 0E0 2.19653E-1 0E0 0E0 0E0 0E0 0E0 0E0 8.67288E-1 9.86245E-1 9.75302E-1 9.36362E-1 9.45747E-1 9.16904E-1 6.68209E-1 8.57246E-1 9.58383E-1 9.99007E-1 9.99637E-1 6.85416E-1 7.31628E-1 7.06531E-1 4.09276E-1 3.16817E-1 3.30253E-1 4.03583E-1 4.34483E-1 2.69083E-1 2.23783E-1 3.00114E-1 3.13319E-1 1.42109E-1 1.54475E-1 1.36647E-1 7.12209E-2 9.67248E-3 6.22452E-3 2.5942E-3 6.99993E-4 1.85677E-3 7.91973E-4 1.44253E-4 1.57698E-4 1.13916E-4 9.35296E-4 2.98609E-4 2.55159E-4 5.91628E-5 2.328E-5 6.09083E-5 1.94993E-4 1.1509E-4 2.80252E-5 4.54438E-6 -9999 -9999 -9999 -9999 -9999 -9999 -9999 -9999 -9999 -9999 -9999 -9999 -9999 -9999 -9999 -9999 -9999
0E0 0E0 0E0 0E0 0E0 0E0 0E0 1.09142E-1 1.84149E-1 2.84342E-1 3.70019E-1 0E0 0E0 0E0 0E0 0E0 9.9998E-1 9.98323E-1 9.62237E-1 9.97032E-1 8.06309E-1 8.07997E-1 8.36321E-1 8.7503E-1 9.69291E-1 8.4492E-1 5.73965E-1 7.34499E-1 6.78009E-1 4.42216E-1 4.70241E-1 3.54066E-1 2.31674E-1 2.9278E-1 1.73194E-1 1.83562E-1 2.17948E-1 1.93669E-1 1.36663E-1 7.67704E-2 6.47675E-2 2.82293E-2 3.56869E-3 7.13459E-4 2.3471E-4 4.84685E-4 3.7071E-4 1.79842E-4 3.00547E-4 4.23278E-4 1.69528E-4 7.14886E-5 2.61562E-5 1.57926E-5 7.56963E-5 5.94346E-5 4.08693E-5 1.15629E-4 9.71308E-5 1.06067E-4 6.22412E-5 5.92203E-5 -9999 -9999 -9999 -9999 -9999 -9999 -9999 -9999 -9999 -9999 -9999 -9999 -9999 -9999 -9999 -9999
0E0 0E0 0E0 0E0 0E0 0E0 1.8066E-1 1.91193E-1 2.39378E-1 4.38018E-1 6.20804E-1 0E0 0E0 0E0 0E0 0E0 9.96725E-1 6.4065E-1 8.55182E-1 8.39146E-1 5.65979E-1 8.75461E-1 8.16226E-1 9.80517E-1 8.46291E-1 5.01636E-1 4.86402E-1 6.30651E-1 5.605E-1 3.16527E-1 2.13884E-1 1.82058E-1 1.61879E-1 1.56616E-1 2.84245E-1 2.56948E-1 1.58454E-1 1.02127E-1 9.32867E-2 7.77238E-2 7.3261E-2 3.03471E-2 4.96273E-3 4.32753E-3 6.1334E-3 3.71334E-3 2.00802E-2 1.24773E-3 3.78792E-3 5.32014E-3 1.59113E-3 3.89308E-4 2.70746E-4 4.78511E-5 1.33733E-4 2.99001E-5 9.82966E-5 1.71309E-4 2.48595E-4 2.88688E-4 1.58916E-4 7.90575E-5 9.01982E-5 -9999 -9999 -9999 -9999 -9999 -9999 -9999 -9999 -9999 -9999 -9999 -9999 -9999 -9999 -9999
0E0 0E0 0E0 0E0 0E0 0E0 0E0 8.91744E-2 5.45623E-2 3.02305E-1 0E0 0E0 0E0 0E0 0E0 0E0 9.74933E-1 6.99441E-1 5.73859E-1 7.13673E-1 5.21011E-1 3.91793E-1 7.01019E-1 7.6244E-1 3.60486E-1 2.123E-1 2.16674E-1 3.82968E-1 4.31739E-1 3.09649E-1 3.49753E-1 3.32238E-1 2.75229E-1 2.40627E-1 2.40419E-1 2.44658E-1 1.27848E-1 1.57269E-1 1.40196E-1 1.39155E-1 1.28373E-1 6.42677E-2 9.24248E-3 1.08822E-2 1.13594E-2 9.42237E-3 9.10696E-3 1.09687E-2 1.05316E-2 8.3416E-3 1.84554E-3 4.11268E-4 4.31787E-5 8.45046E-5 1.72796E-4 8.01886E-5 2.62122E-4 1.4091E-4 2.08661E-4 7.01834E-5 5.70891E-5 6.17642E-5 3.93306E-5 5.30032E-5 -9999 -9999 -9999 -9999 -9999 -9999 -9999 -9999 -9999 -9999 -9999 -9999 -9999 -9999
0E0 0E0 0E0 0E0 0E0 0E0 0E0 0E0 1.89948E-1 2.82353E-1 2.72584E-1 3.19726E-1 0E0 0E0 0E0 0E0 0E0 9.97259E-1 8.68267E-1 7.84004E-1 6.01752E-1 2.09434E-1 4.30151E-1 3.64606E-1 2.03402E-1 2.4356E-1 1.97979E-1 3.01949E-1 4.58514E-1 3.12364E-1 3.10924E-1 3.96829E-1 4.8677E-1 3.08463E-1 1.71472E-1 1.89974E-1 1.11278E-1 4.05916E-1 4.52954E-1 2.07896E-1 6.88596E-2 7.62553E-2 8.40676E-3 5.87919E-3 2.03486E-3 2.18779E-3 6.543E-3 6.65783E-3 2.15201E-3 4.82701E-4 1.77816E-4 4.08635E-5 2.43738E-4 2.49304E-4 1.0785E-4 2.3101E-4 2.74771E-4 2.41764E-4 2.93992E-4 4.26693E-4 1.6767E-4 1.55302E-4 1.86227E-4 6.7499E-5 1.27295E-4 -9999 -9999 -9999 -9999 -9999 -9999 -9999 -9999 -9999 -9999 -9999 -9999 -9999
0E0 0E0 0E0 0E0 0E0 0E0 0E0 0E0 4.73136E-1 3.48079E-1 2.42866E-1 2.78886E-1 3.3506E-1 0E0 0E0 0E0 0E0 9.87523E-1 9.57006E-1 9.626E-1 7.47924E-1 3.37803E-1 3.3083E-1 5.15817E-1 2.42723E-1 1.82952E-1 2.74206E-1 3.28126E-1 5.64948E-1 5.42016E-1 4.82712E-1 3.8455E-1 4.28819E-1 3.69593E-1 2.79523E-1 1.27041E-1 1.41625E-1 3.28102E-1 0E0 2.09088E-1 5.80846E-2 6.08407E-2 9.76379E-3 5.88861E-3 1.17341E-3 8.09627E-4 1.85716E-3 1.93228E-3 1.90468E-3 1.99377E-3 5.65152E-5 2.25814E-5 1.91676E-6 1.59421E-4 1.72474E-4 1.05353E-3 6.63824E-4 2.79145E-4 2.06595E-4 -9999 -9999 -9999 6.72686E-5 8.46353E-5 1.11906E-4 -9999 -9999 -9999 -9999 -9999 -9999 -9999 -9999 -9999 -9999 -9999 -9999 -9999
0E0 0E0 0E0 0E0 0E0 0E0 0E0 0E0 0E0 3.04104E-1 2.62193E-1 2.79826E-1 3.05873E-1 6.21697E-1 0E0 0E0 0E0 0E0 9.64838E-1 9.39889E-1 9.26022E-1 4.81721E-1 3.54931E-1 3.42633E-1 2.09469E-1 2.40561E-1 2.31166E-1 3.57734E-1 4.07135E-1 4.81308E-1 4.12132E-1 4.91267E-1 6.89973E-1 5.30175E-1 8.56884E-1 1.63973E-1 1.75463E-1 2.86898E-1 0E0 0E0 6.40811E-2 3.95244E-2 1.7823E-2 1.72975E-2 1.09893E-2 4.45503E-3 4.28808E-3 1.34152E-3 4.74123E-4 4.31781E-3 9.81453E-5 1.37709E-5 1.33997E-5 1.4649E-4 4.26253E-4 4.66145E-4 5.87354E-4 7.03718E-4 3.98926E-4 2.27371E-4 -9999 -9999 -9999 9.524E-7 2.90794E-6 -9999 -9999 -9999 -9999 -9999 -9999 -9999 -9999 -9999 -9999 -9999 -9999 -9999
0E0 0E0 0E0 0E0 0E0 0E0 0E0 0E0 0E0 5.40371E-1 1.32714E-1 1.81664E-1 2.21441E-1 3.68861E-1 0E0 0E0 0E0 0E0 9.30757E-1 5.57507E-1 7.31206E-1 7.20117E-1 4.969E-1 4.35499E-1 2.50589E-1 4.82136E-1 2.79506E-1 3.18227E-1 6.39722E-1 6.69996E-1 5.3288E-1 5.70974E-1 7.52591E-1 9.14533E-1 7.54013E-1 2.31901E-1 1.9065E-1 3.54138E-1 0E0 0E0 9.62369E-2 5.08854E-2 1.60814E-2 4.5027E-3 6.14469E-3 5.69176E-3 3.90604E-3 1.01221E-3 9.92367E-4 3.0757E-4 2.25786E-4 2.81425E-5 1.09158E-4 3.98653E-4 7.77108E-4 6.20892E-4 7.05077E-4 4.48987E-4 3.28345E-4 9.53149E-5 -9999 -9999 -9999 -9999 -9999 9.54328E-7 -9999 -9999 -9999 -9999 -9999 -9999 -9999 -9999 -9999 -9999 -9999 -9999
0E0 0E0 0E0 0E0 0E0 0E0 0E0 0E0 0E0 0E0 9.17076E-2 2.66765E-1 1.28745E-1 2.52853E-1 0E0 0E0 0E0 0E0 7.71214E-1 6.9804E-1 6.85582E-1 3.94093E-1 4.85688E-1 2.77471E-1 2.18111E-1 2.33232E-1 2.69715E-1 6.64419E-1 6.01602E-1 6.66707E-1 8.26848E-1 8.46057E-1 7.01349E-1 0E0 6.23253E-1 4.87249E-1 2.18495E-1 1.01544E-1 3.98504E-1 3.85031E-1 2.02432E-1 1.29317E-1 3.81954E-2 2.85322E-3 2.3614E-3 2.04002E-3 1.35985E-3 4.20501E-5 1.20562E-4 8.52857E-5 3.09385E-4 4.91405E-4 9.83007E-5 7.52019E-5 6.94298E-4 1.19463E-3 6.00112E-4 3.54113E-4 1.42748E-4 1.04695E-4 8.50874E-6 -9999 -9999 -9999 -9999 -9999 -9999 -9999 -9999 -9999 -9999 -9999 -9999 -9999 -9999 -9999 -9999 -9999
0E0 0E0 0E0 0E0 0E0 0E0 0E0 0E0 0E0 0E0 3.00036E-1 2.65352E-1 1.63108E-1 3.4429E-1 0E0 0E0 0E0 0E0 7.0701E-1 9.13252E-1 9.64401E-1 6.85469E-1 2.99815E-1 2.54352E-1 2.63738E-1 3.06332E-1 4.66896E-1 7.12323E-1 5.52278E-1 6.05224E-1 7.0027E-1 7.42024E-1 7.83467E-1 7.42295E-1 5.5215E-1 4.71252E-1 3.20468E-1 1.85166E-1 1.72964E-1 2.71711E-1 3.03434E-1 8.66048E-2 4.00142E-2 2.21197E-3 3.2578E-3 2.83308E-3 5.53196E-4 1.22391E-2 1.72433E-2 4.19141E-5 9.62925E-4 2.15466E-4 6.14793E-4 2.79842E-4 1.0388E-3 7.98176E-4 8.44389E-4 1.10708E-3 9.76966E-4 -9999 -9999 -9999 -9999 -9999 -9999 -9999 -9999 -9999 -9999 -9999 -9999 -9999 -9999 -9999 -9999 -9999 -9999 -9999
0E0 0E0 0E0 0E0 0E0 0E0 0E0 0E0 0E0 0E0 1.38743E-1 2.57702E-1 3.44718E-1 0E0 0E0 0E0 0E0 0E0 0E0 9.06447E-1 9.14836E-1 6.96678E-1 3.32387E-1 4.20582E-1 4.15405E-1 5.06596E-1 5.22058E-1 6.32929E-1 7.66835E-1 8.62627E-1 9.16562E-1 9.09272E-1 6.58991E-1 5.51775E-1 5.84351E-1 5.43785E-1 3.74303E-1 1.77583E-1 1.60645E-1 2.35441E-1 0E0 2.25823E-1 1.55485E-1 1.82823E-3 1.23196E-3 1.67018E-3 1.18268E-3 1.35471E-3 1.28621E-2 1.13371E-4 2.19235E-3 8.25577E-4 2.07553E-3 7.64991E-4 8.30524E-4 9.87711E-4 8.72082E-4 7.25375E-4 9.13827E-4 -9999 -9999 -9999 -9999 -9999 -9999 -9999 -9999 -9999 -9999 -9999 -9999 -9999 -9999 -9999 -9999 -9999 -9999 -9999
0E0 0E0 0E0 0E0 0E0 0E0 0E0 0E0 0E0 1.73851E-1 7.9942E-2 1.93282E-1 2.38569E-1 5.92742E-1 6.79053E-1 0E0 0E0 0E0 0E0 8.69777E-1 9.6694E-1 9.08226E-1 4.60331E-1 5.60242E-1 6.54861E-1 7.79759E-1 6.51418E-1 6.81165E-1 5.7428E-1 8.77235E-1 8.70583E-1 8.82318E-1 6.63762E-1 0E0 0E0 0E0 0E0 2.26263E-1 2.99733E-1 2.40397E-1 4.21657E-1 0E0 1.35545E-1 1.72346E-2 5.08795E-4 1.66488E-3 1.5187E-3 1.78586E-3 2.7928E-4 2.03222E-4 2.20575E-3 1.1649E-3 1.05353E-3 1.23586E-3 2.13678E-3 7.05964E-4 2.46348E-3 7.2077E-4 -9999 -9999 -9999 -9999 -9999 -9999 -9999 -9999 -9999 -9999 -9999 -9999 -9999 -9999 -9999 -9999 -9999 -9999 -9999 -9999
0E0 0E0 0E0 0E0 0E0 0E0 0E0 0E0 0E0 1.68733E-1 3.42635E-2 1.0721E-1 3.29228E-1 4.81441E-1 5.43288E-1 4.83226E-1 0E0 0E0 0E0 6.97481E-1 9.7224E-1 8.16098E-1 3.42981E-1 5.20558E-1 6.53411E-1 6.27263E-1 5.3778E-1 6.18103E-1 6.36296E-1 7.38013E-1 8.68218E-1 8.67272E-1 0E0 0E0 0E0 0E0 0E0 4.10713E-1 3.82277E-1 4.61153E-1 2.25975E-1 0E0 1.559E-1 5.53743E-2 5.43668E-2 2.36867E-2 7.84745E-4 2.24283E-3 9.39731E-4 1.34405E-4 2.20768E-3 2.12879E-3 1.1677E-3 2.21556E-3 2.76224E-3 1.73225E-3 4.81308E-4 2.61595E-4 1.82731E-4 -9999 -9999 -9999 -9999 -9999 -9999 -9999 -9999 -9999 -9999 -9999 -9999 -9999 -9999 -9999 -9999 -9999 -9999 -9999
0E0 0E0 0E0 0E0 0E0 0E0 0E0 0E0 0E0 2.52372E-1 9.41745E-2 1.11439E-1 1.29349E-1 1.30851E-1 2.11306E-1 2.61215E-1 4.99585E-1 0E0 0E0 8.21785E-1 9.92645E-1 8.60245E-1 9.07402E-1 7.57203E-1 5.88112E-1 8.07681E-1 7.84598E-1 7.66292E-1 5.5596E-1 7.45411E-1 8.73298E-1 7.37618E-1 7.67102E-1 0E0 0E0 0E0 0E0 0E0 5.89132E-1 4.49962E-1 6.01291E-1 3.42176E-1 1.0816E-1 2.56776E-2 7.52592E-2 4.85845E-2 2.99232E-2 8.26527E-3 4.10713E-3 7.44081E-4 5.47813E-3 4.10354E-3 4.31614E-3 1.78162E-3 3.64452E-3 9.49881E-4 1.47059E-3 1.59964E-4 7.17521E-5 -9999 -9999 -9999 2.79187E-6 -9999 -9999 -9999 -9999 -9999 -9999 -9999 -9999 -9999 -9999 -9999 -9999 -9999 -9999 -9999
0E0 0E0 0E0 0E0 0E0 0E0 0E0 0E0 0E0 0E0 2.19833E-1 1.89301E-1 9.15202E-2 5.83939E-2 1.00752E-1 2.32438E-1 6.28303E-1 0E0 0E0 0E0 9.62336E-1 9.89258E-1 9.80585E-1 8.4416E-1 7.74009E-1 9.20281E-1 9.35442E-1 8.80418E-1 5.96505E-1 6.01428E-1 7.33497E-1 6.74041E-1 0E0 0E0 0E0 0E0 0E0 0E0 0E0 0E0 0E0 0E0 2.59671E-1 1.09479E-1 1.1905E-1 4.26016E-2 5.05298E-2 8.42888E-2 1.02128E-2 4.3136E-3 7.29409E-3 3.71159E-3 2.85389E-3 2.52812E-3 1.26104E-3 1.32976E-3 2.59868E-4 3.6885E-4 1.22412E-4 -9999 -9999 -9999 2.93974E-6 -9999 -9999 -9999 -9999 -9999 -9999 -9999 -9999 -9999 -9999 -9999 -9999 -9999 -9999 -9999
0E0 0E0 0E0 0E0 0E0 0E0 0E0 0E0 0E0 2.54002E-1 8.88256E-2 3.79821E-2 7.98724E-2 8.04488E-2 1.06283E-1 1.67619E-1 0E0 0E0 0E0 0E0 9.12229E-1 9.58819E-1 9.32229E-1 8.97747E-1 8.44899E-1 8.64702E-1 8.30794E-1 6.65257E-1 6.50238E-1 8.26871E-1 6.98431E-1 0E0 0E0 0E0 0E0 0E0 0E0 0E0 0E0 0E0 0E0 0E0 0E0 0E0 0E0 1.49967E-1 1.17263E-1 1.0339E-1 1.41001E-2 6.09293E-3 2.05727E-2 1.79062E-2 1.00793E-2 4.81202E-3 3.23408E-3 9.51723E-4 3.30872E-4 2.79745E-4 1.41776E-4 4.74541E-5 1.45697E-4 2.52045E-5 -9999 -9999 -9999 -9999 -9999 -9999 -9999 -9999 -9999 -9999 -9999 -9999 -9999 -9999 -9999 -9999
0E0 0E0 0E0 0E0 0E0 0E0 0E0 0E0 0E0 1.02143E-1 1.49138E-2 4.05094E-2 5.83119E-2 4.56888E-2 1.16764E-1 1.20565E-1 0E0 0E0 0E0 9.31782E-1 6.42739E-1 8.69019E-1 8.73552E-1 9.08742E-1 9.52488E-1 9.71229E-1 8.14472E-1 7.82879E-1 5.22591E-1 7.23719E-1 6.33235E-1 7.95771E-1 0E0 0E0 0E0 0E0 0E0 0E0 1.0712E-1 1.77109E-1 1.99764E-1 0E0 0E0 0E0 2.37434E-2 1.75869E-2 2.61452E-2 2.67509E-2 4.6692E-3 1.85802E-2 2.62496E-2 2.13679E-2 8.63608E-3 3.28914E-3 2.08646E-3 2.44652E-3 1.40466E-3 2.87203E-4 2.59536E-4 4.20607E-5 6.04275E-5 7.35365E-6 2.21314E-6 -9999 -9999 -9999 -9999 -9999 -9999 -9999 -9999 -9999 -9999 -9999 -9999 -9999 -9999 -9999
0E0 0E0 0E0 0E0 0E0 0E0 0E0 0E0 0E0 3.89058E-1 1.53364E-2 2.14723E-2 6.95177E-2 4.18388E-2 8.06346E-2 2.85472E-2 1.99645E-1 0E0 0E0 0E0 8.18361E-1 8.48796E-1 8.35784E-1 8.69968E-1 7.54571E-1 5.87568E-1 7.41109E-1 7.93659E-1 9.00198E-1 6.32129E-1 7.8363E-1 6.65068E-1 8.13212E-1 8.23605E-1 8.04841E-1 0E0 0E0 0E0 0E0 0E0 0E0 3.50671E-1 0E0 3.39517E-1 5.45828E-3 6.38111E-3 2.94982E-2 1.32801E-2 1.9645E-2 3.20818E-2 2.42549E-2 2.1472E-2 1.3675E-2 6.73283E-3 3.39066E-3 4.72976E-3 9.99727E-4 6.41667E-4 2.8364E-4 1.63114E-4 5.3493E-4 6.00924E-5 3.14146E-6 -9999 -9999 -9999 -9999 -9999 -9999 -9999 -9999 -9999 -9999 -9999 -9999 -9999 -9999 -9999
0E0 0E0 0E0 0E0 0E0 0E0 0E0 0E0 0E0 0E0 1.40779E-2 1.90664E-2 1.01602E-1 3.70362E-2 3.34631E-2 3.77902E-2 8.05523E-2 0E0 0E0 0E0 9.55399E-1 7.47141E-1 7.95583E-1 9.69602E-1 8.02257E-1 6.07732E-1 6.49382E-1 8.21393E-1 9.79605E-1 8.84234E-1 7.92492E-1 8.95289E-1 7.65378E-1 8.52882E-1 8.45088E-1 0E0 0E0 0E0 0E0 3.71338E-1 3.65637E-1 2.39347E-1 1.31195E-1 1.67759E-1 3.96095E-3 3.20629E-3 1.41945E-2 2.64615E-2 3.61373E-2 1.52095E-2 8.30104E-3 4.32867E-3 7.03953E-3 9.4411E-3 5.9112E-3 5.30342E-3 1.21467E-3 4.85539E-4 2.48294E-4 3.22038E-4 3.48897E-4 3.10547E-4 2.04858E-5 -9999 -9999 -9999 -9999 -9999 -9999 -9999 -9999 -9999 -9999 -9999 -9999 -9999 -9999 -9999
0E0 0E0 0E0 0E0 0E0 0E0 0E0 0E0 0E0 0E0 6.34577E-2 1.86149E-2 1.03634E-1 1.37784E-1 4.85262E-2 1.252E-1 9.25628E-2 3.65639E-1 0E0 0E0 9.63885E-1 7.64185E-1 8.75518E-1 9.07413E-1 6.93308E-1 6.49579E-1 7.98894E-1 9.13508E-1 9.27689E-1 9.4909E-1 9.29247E-1 9.42217E-1 8.168E-1 8.88616E-1 8.27665E-1 7.09663E-1 0E0 0E0 0E0 0E0 2.53005E-1 1.90553E-1 1.43237E-1 1.32091E-1 2.6172E-3 5.24415E-4 6.56742E-3 2.06385E-2 4.22011E-2 4.03884E-2 1.62148E-2 4.47079E-3 3.10024E-3 4.39619E-3 1.71196E-3 1.55549E-3 1.70063E-3 1.26232E-3 3.50751E-4 1.07188E-3 1.48254E-3 5.61946E-4 1.47369E-4 3.35356E-4 -9999 -9999 -9999 -9999 -9999 -9999 -9999 -9999 -9999 -9999 -9999 -9999 -9999 -9999
0E0 0E0 0E0 0E0 0E0 0E0 0E0 0E0 0E0 0E0 1.35862E-1 4.20566E-2 2.98226E-2 1.0689E-1 7.88681E-2 7.99768E-2 1.81411E-1 2.62251E-1 0E0 0E0 8.41679E-1 8.83751E-1 8.64325E-1 9.17631E-1 9.40875E-1 7.49082E-1 8.02018E-1 9.75494E-1 8.51661E-1 7.75777E-1 9.27587E-1 8.94264E-1 6.24056E-1 6.1389E-1 4.68993E-1 6.39515E-1 0E0 0E0 0E0 0E0 2.57159E-1 1.58363E-1 1.60717E-1 1.28972E-1 2.39918E-3 4.89696E-4 3.00682E-3 4.10994E-3 1.30165E-2 2.1334E-2 3.72961E-3 8.92781E-3 7.46444E-3 4.34092E-3 9.58379E-4 1.87803E-3 9.57234E-4 2.1022E-3 5.54994E-4 1.0116E-3 7.44031E-4 9.93534E-5 8.44871E-5 8.63928E-5 -9999 -9999 -9999 -9999 -9999 -9999 -9999 -9999 -9999 -9999 -9999 -9999 -9999 -9999
0E0 0E0 0E0 0E0 0E0 0E0 0E0 0E0 0E0 0E0 2.48648E-1 3.83784E-2 4.75387E-2 1.26314E-1 6.18799E-2 5.24354E-2 9.85924E-2 2.76108E-1 0E0 0E0 0E0 8.49123E-1 8.10142E-1 9.37142E-1 9.96108E-1 8.53435E-1 9.35293E-1 9.65405E-1 8.16659E-1 4.74731E-1 7.77881E-1 0E0 8.01581E-1 6.66467E-1 5.5758E-1 4.73348E-1 0E0 0E0 0E0 0E0 2.33083E-1 1.49288E-1 1.03219E-1 4.42529E-2 2.30964E-4 1.73943E-4 4.23611E-3 4.51631E-3 5.30195E-3 7.32395E-3 2.75908E-2 6.02797E-3 1.46538E-3 4.15249E-3 2.36644E-3 4.84026E-3 2.41904E-3 1.12977E-3 1.44455E-3 1.19978E-3 1.68381E-3 8.23743E-5 1.30976E-4 2.37114E-4 2.60956E-4 -9999 -9999 -9999 -9999 -9999 -9999 -9999 -9999 -9999 -9999 -9999 -9999 -9999
0E0 0E0 0E0 0E0 0E0 0E0 0E0 0E0 0E0 0E0 2.23308E-1 6.78103E-2 1.23197E-1 1.5272E-1 9.84882E-2 4.66059E-2 1.2354E-1 2.1104E-1 0E0 0E0 0E0 7.73538E-1 7.5852E-1 9.54622E-1 9.67679E-1 9.35316E-1 8.01293E-1 9.11013E-1 7.95353E-1 5.65949E-1 8.50441E-1 0E0 0E0 0E0 0E0 3.47523E-1 0E0 0E0 0E0 1.32055E-1 2.60667E-1 1.32663E-1 8.08105E-2 1.2083E-3 3.58539E-3 1.1101E-3 7.21528E-4 1.2533E-3 2.96964E-3 1.44019E-3 2.35468E-2 4.52789E-3 2.7455E-3 1.54775E-3 3.89221E-3 8.11777E-4 2.92083E-3 4.44949E-3 2.12626E-3 5.02281E-4 5.81695E-4 7.21493E-4 2.98382E-4 1.98181E-4 2.06202E-4 2.074E-4 -9999 -9999 -9999 -9999 -9999 -9999 -9999 -9999 -9999 -9999 -9999 -9999
0E0 0E0 0E0 0E0 0E0 0E0 0E0 0E0 0E0 0E0 2.69558E-1 5.79007E-2 8.04063E-2 6.33845E-2 6.14293E-2 3.86404E-2 4.13172E-2 1.60425E-1 0E0 0E0 0E0 8.76645E-1 7.83742E-1 9.04597E-1 9.50383E-1 9.93769E-1 9.29903E-1 8.72892E-1 7.75773E-1 6.35805E-1 0E0 0E0 0E0 0E0 0E0 0E0 0E0 0E0 0E0 0E0 9.58181E-2 6.66099E-2 6.2852E-2 1.95038E-3 1.66979E-3 2.07734E-3 3.06077E-3 8.35164E-4 1.82682E-3 6.72092E-4 8.1761E-3 1.10463E-2 3.89905E-3 2.29215E-3 3.50147E-3 1.00274E-3 2.6862E-3 1.7769E-3 1.95184E-3 1.73237E-3 1.18757E-3 1.22298E-3 3.07251E-4 5.09166E-4 1.89991E-4 2.32019E-4 1.38541E-4 -9999 -9999 -9999 -9999 -9999 -9999 -9999 -9999 -9999 -9999 -9999
0E0 0E0 0E0 0E0 0E0 0E0 0E0 0E0 0E0 0E0 0E0 2.83153E-1 2.32193E-1 5.0668E-2 2.99737E-2 2.623E-2 1.55508E-2 1.42645E-1 0E0 0E0 0E0 9.31861E-1 7.54451E-1 7.66926E-1 9.78013E-1 9.70516E-1 9.07516E-1 8.88145E-1 6.81856E-1 0E0 0E0 0E0 0E0 0E0 0E0 0E0 0E0 0E0 0E0 0E0 3.60919E-2 1.96665E-2 4.87385E-2 8.28846E-3 5.49692E-3 3.642E-4 2.29643E-3 1.66949E-3 3.74065E-4 2.91129E-4 2.9722E-3 7.12087E-3 6.24622E-3 3.81468E-3 2.43014E-3 1.18071E-3 7.65307E-4 1.88527E-3 1.08336E-3 1.44183E-3 1.11161E-3 1.05013E-3 2.79316E-4 3.72693E-4 4.08921E-4 6.0389E-4 1.58619E-4 1.13675E-4 -9999 -9999 -9999 -9999 -9999 -9999 -9999 -9999 -9999 -9999
