ENM/Final_Models/M_0.9_F_q_Set_1_NE/Gustavia_santanderiensis_2_Choco_novel.asc
ncols         367
nrows         963
xllcorner     -78.6
yllcorner     0.65
cellsize      0.00833333333333323
NODATA_value  -9999
[rows 780 to 809 of 963, columns 0 to 67 of 367]
-9999 1.99601E-2 -1.03093E0 1.99601E-2 1.99601E-2 1.99601E-2 -1.03093E0 -1.03093E0 1.99601E-2 1.99601E-2 1.1976E-1 1.1976E-1 3.99202E-2 3.99202E-2 5.98802E-2 3.99202E-2 -6.44122E-2 -2.57649E-1 3.99202E-2 -9.18367E0 -4.50886E-1 -3.06122E0 -6.34461E0 -9.75845E0 -9.17874E0 -1.42857E1 -3.41837E1 -2.70408E1 -2.7551E1 -2.85714E1 -3.82653E1 -3.0102E1 -3.11224E1 -1.47826E1 -1.63929E1 -2.14286E1 -2.2449E1 -1.77778E1 -2.34694E1 -3.62245E1 -2.5E1 -3.72449E1 -3.82653E1 -3.87755E1 -5E1 -5.2551E1 -5.15306E1 -5.20408E1 -5.2551E1 -5.56122E1 -5.66327E1 -5.71429E1 -6.42857E1 -7.04082E1 -6.32653E1 -6.37755E1 -5.71429E1 -6.42857E1 -6.47959E1 -6.47959E1 -6.37755E1 -5E1 -6.27551E1 -6.47959E1 -7.09184E1 -5.40816E1 -6.37755E1 -6.37755E1
-9999 1.99601E-2 1.99601E-2 1.99601E-2 -1.03093E0 1.99601E-2 -1.03091E0 1.99601E-2 1.99601E-2 1.99601E-2 1.99601E-2 1.1976E-1 3.99202E-2 9.98004E-2 3.99202E-2 3.99202E-2 3.99202E-2 1.99601E-2 3.99202E-2 1.99601E-2 -2.55102E0 -3.06122E0 -6.50564E0 -9.01771E0 -1.32653E1 -2.5E1 -3.36735E1 -1.53061E1 -1.63265E1 -2.80612E1 -2.95918E1 -3.0102E1 -1.93878E1 -3.16327E1 -3.21429E1 -3.31633E1 -3.36735E1 -1.71014E1 -1.79066E1 -1.84219E1 -2.5E1 -3.72449E1 -3.77551E1 -3.87755E1 -4.94898E1 -5.05102E1 -5.2551E1 -5.35714E1 -5.35714E1 -5.5102E1 -5.61224E1 -5.66327E1 -6.37755E1 -6.47959E1 -6.32653E1 -5.96939E1 -6.47959E1 -6.42857E1 -6.42857E1 -7.19388E1 -6.88775E1 -6.47959E1 -6.17347E1 -5.76531E1 -4.54082E1 -6.17347E1 -6.32653E1 -6.37755E1
-9999 -1.03093E0 -1.03093E0 -1.03093E0 -1.03093E0 -1.03093E0 1.99601E-2 1.99601E-2 1.99601E-2 1.99601E-2 1.1976E-1 3.99202E-2 1.1976E-1 -3.06122E0 3.99202E-2 3.99202E-2 3.99202E-2 3.99202E-2 -1.67472E0 -1.53061E0 -9.69388E0 -1.02041E1 -1.12245E1 -1.22449E1 -2.34694E1 -1.37755E1 -2.55102E1 -2.60204E1 -2.70408E1 -2.80612E1 -2.85714E1 -3.0102E1 -3.06122E1 -3.11224E1 -3.21429E1 -1.56844E1 -1.54267E1 -1.70048E1 -2.34694E1 -2.39796E1 -2.5E1 -2.55102E1 -3.77551E1 -3.82653E1 -3.92857E1 -3.97959E1 -5.10204E1 -5.15306E1 -5.40816E1 -5.40816E1 -5.56122E1 -5.56122E1 -5.61224E1 -4.79592E1 -5.76531E1 -5.61224E1 -5.15306E1 -5.15306E1 -5.15306E1 -6.42857E1 -7.60204E1 -6.37755E1 -6.37755E1 -5E1 -6.32653E1 -6.32653E1 -5.66327E1 -5.66327E1
-9999 -1.03093E0 -1.03093E0 1.99601E-2 1.99601E-2 -1.03093E0 1.99601E-2 1.99601E-2 1.79641E-1 1.99601E-2 1.99601E-2 3.99202E-2 3.99202E-2 3.99202E-2 3.99202E-2 1.99601E-2 3.99202E-2 -3.22061E-1 -2.06119E0 -8.16327E0 -1.88776E1 -1.9898E1 -1.07143E1 -1.17347E1 -1.27551E1 -1.32653E1 -1.42857E1 -1.53061E1 -1.63265E1 -1.73469E1 -2.85714E1 -2.95918E1 -3.0102E1 -1.9898E1 -2.04082E1 -1.59742E1 -2.19388E1 -1.55233E1 -1.66506E1 -2.39796E1 -2.44898E1 -2.55102E1 -2.60204E1 -3.82653E1 -3.87755E1 -3.97959E1 -5.71429E1 -5.76531E1 -5.35714E1 -5.45918E1 -5.5102E1 -5.61224E1 -5.61224E1 -5.66327E1 -5.5102E1 -5.56122E1 -6.02041E1 -5.20408E1 -5.15306E1 -5.15306E1 -6.47959E1 -5.10204E1 -5.10204E1 -5.10204E1 -6.37755E1 -5.71429E1 -5.66327E1 -5.66327E1
-9999 1.99601E-2 1.99601E-2 1.99601E-2 1.99601E-2 -1.03093E0 1.99601E-2 1.99601E-2 1.39721E-1 1.99601E-2 3.99202E-2 -5.10204E-1 -1.53061E0 -2.55102E0 -3.06122E0 -4.08163E0 -5.10204E0 -2.25443E-1 -7.14286E0 -8.16327E0 -8.67347E0 -9.69388E0 -1.07143E1 -6.66667E0 -1.22449E1 -2.34694E1 -2.39796E1 -1.47959E1 -1.58163E1 -1.68367E1 -2.80612E1 -1.83673E1 -1.88776E1 -1.9898E1 -2.04082E1 -3.21429E1 -3.26531E1 -2.2449E1 -2.29592E1 -2.39796E1 -2.44898E1 -2.5E1 -2.55102E1 -2.65306E1 -3.87755E1 -4.94898E1 -5.71429E1 -5.76531E1 -5.81633E1 -6.02041E1 -6.12245E1 -6.02041E1 -5.66327E1 -5.71429E1 -5.81633E1 -5.91837E1 -5.96939E1 -5.2551E1 -5.2551E1 -5.61224E1 -5.20408E1 -6.42857E1 -5.10204E1 -5.10204E1 -5.10204E1 -6.27551E1 -6.32653E1 -6.42857E1
-9999 1.99601E-2 1.99601E-2 1.99601E-2 1.99601E-2 1.99601E-2 1.99601E-2 1.79641E-1 1.99601E-2 1.39721E-1 5.98802E-2 1.99601E-2 -1.02041E0 3.99202E-2 3.99202E-2 3.99202E-2 1.99601E-2 -5.10204E0 -1.58163E1 -1.78571E1 -3.34944E0 -5.15298E0 -1.02041E1 -1.12245E1 -4.59184E0 -1.27551E1 -1.37755E1 -1.47959E1 -1.53061E1 -1.63265E1 -9.59742E0 -1.2496E1 -1.37198E1 -1.93878E1 -2.04082E1 -3.21429E1 -4.18367E1 -3.36735E1 -2.44898E1 -2.39796E1 -2.44898E1 -1.52657E1 -2.55102E1 -2.65306E1 -2.70408E1 -4.89796E1 -5.10204E1 -5.20408E1 -6.42857E1 -6.53061E1 -6.53061E1 -6.17347E1 -5.61224E1 -5.71429E1 -5.66327E1 -5.5102E1 -5.56122E1 -5.30612E1 -5.30612E1 -5.2551E1 -6.37755E1 -5.66327E1 -5.61224E1 -5.15306E1 -5.15306E1 -5.10204E1 -5.05102E1 -6.37755E1
-9999 1.99601E-2 1.99601E-2 1.99601E-2 1.99601E-2 1.99601E-2 1.99601E-2 1.99601E-2 1.99601E-2 1.1976E-1 9.98004E-2 1.99601E-2 -5.10204E-1 -1.53061E0 3.99202E-2 3.99202E-2 1.99601E-2 1.99601E-2 -6.63265E0 -1.63265E1 -8.16327E0 -9.18367E0 -9.69388E0 -3.57143E0 -4.59184E0 -6.3124E0 -1.37755E1 -1.42857E1 -1.53061E1 -9.66184E0 -1.05636E1 -1.73469E1 -1.83673E1 -1.93878E1 -1.9898E1 -3.16327E1 -4.08163E1 -3.36735E1 -3.41837E1 -3.52041E1 -3.57143E1 -1.74879E1 -2.55102E1 -2.60204E1 -3.82653E1 -4.89796E1 -5E1 -5.15306E1 -6.37755E1 -6.47959E1 -6.63265E1 -5.5102E1 -5.61224E1 -5.66327E1 -5.76531E1 -5.71429E1 -5.56122E1 -4.4898E1 -5.56122E1 -5.61224E1 -6.27551E1 -5.56122E1 -6.27551E1 -5.15306E1 -6.37755E1 -6.42857E1 -6.42857E1 -6.32653E1
1.99601E-2 1.99601E-2 1.99601E-2 1.99601E-2 1.99601E-2 1.99601E-2 1.99601E-2 1.79641E-1 1.1976E-1 1.1976E-1 1.1976E-1 1.99601E-2 -5.10204E-1 -1.53061E0 -2.04082E0 -2.55102E0 1.1976E-1 1.99601E-2 3.99202E-2 -1.19163E0 -7.65306E0 -8.67347E0 -9.69388E0 -3.57143E0 -1.86795E0 -5.10204E0 -4.41224E0 -7.05314E0 -7.76167E0 -1.58163E1 -1.68367E1 -2.80612E1 -1.78571E1 -1.88776E1 -1.9898E1 -3.16327E1 -4.03061E1 -4.18367E1 -4.23469E1 -3.46939E1 -3.57143E1 -2.5E1 -2.55102E1 -3.77551E1 -4.89796E1 -4.94898E1 -5.05102E1 -5.15306E1 -5.2551E1 -5.86735E1 -6.58163E1 -6.07143E1 -5.56122E1 -5.66327E1 -6.32653E1 -6.17347E1 -5.5102E1 -4.4898E1 -5.56122E1 -5.96939E1 -5.61224E1 -5.61224E1 -5.61224E1 -6.32653E1 -5.61224E1 -5.35714E1 -5.40816E1 -5.61224E1
1.99601E-2 1.99601E-2 1.99601E-2 1.99601E-2 1.99601E-2 1.99601E-2 1.99601E-2 1.99601E-2 1.99601E-2 1.1976E-1 1.1976E-1 5.98802E-2 1.99601E-2 -1.02041E0 -2.04082E0 3.99202E-2 3.99202E-2 3.99202E-2 3.99202E-2 -5.61225E0 -7.65306E0 -8.67347E0 -3.6715E0 -1.07143E1 -4.08163E0 -4.219E0 -5.61225E0 -8.18035E0 -9.14654E0 -1.58163E1 -1.68367E1 -1.73469E1 -2.90816E1 -1.88776E1 -1.9898E1 -3.16327E1 -3.97959E1 -4.18367E1 -4.28571E1 -4.28571E1 -3.57143E1 -4.43878E1 -3.77551E1 -3.87755E1 -3.82653E1 -5.45918E1 -5E1 -5E1 -5.76531E1 -5.10204E1 -5.35714E1 -5.35714E1 -5.40816E1 -5.5102E1 -5.71429E1 -5.76531E1 -4.89796E1 -4.94898E1 -4.4898E1 -5.05102E1 -5.96939E1 -6.02041E1 -6.27551E1 -6.32653E1 -6.37755E1 -5.71429E1 -6.32653E1 -6.32653E1
1.99601E-2 1.99601E-2 1.99601E-2 1.99601E-2 1.99601E-2 1.99601E-2 1.99601E-2 1.79641E-1 1.99601E-2 1.39721E-1 3.99202E-2 1.99601E-2 1.99601E-2 -5.10204E-1 -5.10204E-1 -1.53061E0 3.99202E-2 1.99601E-2 -4.1868E-1 -5.10204E0 -2.15781E0 -7.14286E0 -2.41546E0 -2.6409E0 -1.93878E1 -1.22449E1 -1.27551E1 -1.37755E1 -1.47959E1 -1.53061E1 -2.70408E1 -2.7551E1 -1.83673E1 -2.95918E1 -3.06122E1 -3.06122E1 -3.21429E1 -4.13265E1 -4.23469E1 -4.23469E1 -3.57143E1 -4.43878E1 -4.54082E1 -3.77551E1 -3.92857E1 -4.79592E1 -5E1 -4.94898E1 -5.05102E1 -5.15306E1 -5.20408E1 -5.30612E1 -5.40816E1 -5.45918E1 -5.56122E1 -5.76531E1 -5.81633E1 -5.91837E1 -5.5102E1 -5.05102E1 -6.12245E1 -6.63265E1 -6.37755E1 -5.66327E1 -5.66327E1 -6.47959E1 -6.42857E1 -6.37755E1
1.99601E-2 1.99601E-2 1.99601E-2 1.99601E-2 1.99601E-2 1.99601E-2 1.99601E-2 1.99601E-2 1.1976E-1 1.1976E-1 3.99202E-2 1.99601E-2 1.99601E-2 1.99601E-2 1.99601E-2 -1.02041E0 3.99202E-2 -4.08163E0 -1.42857E1 -6.12245E0 -6.12245E0 1.99601E-2 -7.65306E0 -8.67347E0 -9.69388E0 -2.04082E1 -2.29592E1 -2.34694E1 -2.44898E1 -9.27536E0 -2.65306E1 -3.36735E1 -2.85714E1 -2.95918E1 -3.0102E1 -3.06122E1 -2.14286E1 -3.31633E1 -4.18367E1 -4.28571E1 -4.38776E1 -4.38776E1 -4.54082E1 -3.72449E1 -4.7449E1 -4.84694E1 -4.84694E1 -4.94898E1 -5E1 -5.20408E1 -5.20408E1 -5.30612E1 -5.5102E1 -5.56122E1 -5.5102E1 -5.61224E1 -5.66327E1 -5.86735E1 -5.81633E1 -5.86735E1 -5.66327E1 -7.04082E1 -6.83673E1 -6.32653E1 -6.47959E1 -6.53061E1 -6.47959E1 -6.47959E1
-9999 1.99601E-2 1.99601E-2 1.99601E-2 1.99601E-2 1.99601E-2 1.79641E-1 1.79641E-1 1.1976E-1 3.99202E-2 3.99202E-2 -5.10204E0 -7.14286E0 -8.16327E0 -5.10204E-1 3.99202E-2 3.99202E-2 -3.57143E0 -4.59184E0 -4.59184E0 -5.61225E0 -6.63265E0 -2.04082E0 -3.28502E0 -9.69388E0 -1.9898E1 -2.2449E1 -2.34694E1 -2.44898E1 -8.438E0 -1.63265E1 -3.41837E1 -2.80612E1 -2.80612E1 -1.9898E1 -3.11224E1 -2.14286E1 -2.19388E1 -4.79592E1 -5.15306E1 -5.2551E1 -4.94898E1 -5.05102E1 -4.64286E1 -5.2551E1 -4.84694E1 -4.94898E1 -4.89796E1 -5E1 -5.20408E1 -5.30612E1 -5.35714E1 -5.45918E1 -5.56122E1 -5.5102E1 -5.56122E1 -6.37755E1 -5.86735E1 -5.91837E1 -6.02041E1 -6.27551E1 -6.78571E1 -6.88775E1 -6.93878E1 -6.9898E1 -6.42857E1 -5.76531E1 -7.14286E1
-9999 1.99601E-2 1.99601E-2 1.99601E-2 1.99601E-2 1.99601E-2 1.79641E-1 1.99601E-2 1.39721E-1 1.1976E-1 3.99202E-2 3.99202E-2 -5.10204E0 -6.12245E0 -5.10204E-1 -1.53061E0 3.99202E-2 3.99202E-2 -4.59184E0 -4.08163E0 -5.10204E0 -7.65306E0 -8.67347E0 -3.1562E0 -9.18367E0 -1.17347E1 -2.04082E1 -1.32653E1 -1.42857E1 -1.53061E1 -2.60204E1 -1.73469E1 -2.65306E1 -2.90816E1 -2.85714E1 -3.11224E1 -3.82653E1 -3.26531E1 -4.59184E1 -4.69388E1 -4.94898E1 -5.35714E1 -5E1 -4.59184E1 -4.69388E1 -4.79592E1 -4.79592E1 -4.89796E1 -4.94898E1 -5.71429E1 -5.81633E1 -5.91837E1 -5.45918E1 -5.5102E1 -5.45918E1 -5.56122E1 -5.61224E1 -5.81633E1 -5.5102E1 -5.96939E1 -6.22449E1 -6.78571E1 -6.93878E1 -6.93878E1 -6.9898E1 -6.32653E1 -6.37755E1 -7.14286E1
-9999 1.99601E-2 1.99601E-2 1.99601E-2 1.99601E-2 1.79641E-1 1.39721E-1 1.79641E-1 1.79641E-1 1.1976E-1 -3.57143E0 3.99202E-2 1.99601E-2 1.99601E-2 1.99601E-2 1.99601E-2 3.99202E-2 -1.53061E0 -4.08163E0 -1.73913E0 -6.12245E0 -7.14286E0 -1.53061E1 -9.18367E0 -8.67347E0 -1.12245E1 -1.22449E1 -1.32653E1 -1.42857E1 -2.29592E1 -3.11224E1 -2.55102E1 -1.68367E1 -3.46939E1 -3.57143E1 -3.67347E1 -3.77551E1 -3.26531E1 -4.08163E1 -4.18367E1 -4.7449E1 -4.84694E1 -4.94898E1 -4.59184E1 -4.59184E1 -4.69388E1 -4.7449E1 -4.94898E1 -4.94898E1 -5.15306E1 -5.2551E1 -5.86735E1 -5.81633E1 -5.2551E1 -5.45918E1 -5.35714E1 -5.45918E1 -5.81633E1 -6.12245E1 -6.93878E1 -7.34694E1 -6.22449E1 -6.9898E1 -6.27551E1 -6.27551E1 -6.9898E1 -6.9898E1 -7.14286E1
-9999 1.99601E-2 1.99601E-2 1.99601E-2 1.1976E-1 1.99601E-2 1.79641E-1 1.39721E-1 -1.02041E0 -2.04082E0 -8.16327E0 3.99202E-2 1.99601E-2 5.98802E-2 9.98004E-2 1.99601E-2 3.99202E-2 3.99202E-2 -4.08163E0 -1.5781E0 -2.99517E0 -1.77134E0 -3.99356E0 -9.18367E0 -1.73469E1 -9.69388E0 -6.92432E0 -1.17347E1 -5.66828E0 -1.37755E1 -2.39796E1 -2.5E1 -3.31633E1 -2.85714E1 -3.62245E1 -3.72449E1 -4.23469E1 -4.54082E1 -4.13265E1 -4.23469E1 -4.33673E1 -4.94898E1 -4.4898E1 -4.43878E1 -3.77551E1 -3.87755E1 -4.7449E1 -4.84694E1 -5.5102E1 -5.61224E1 -5.76531E1 -5.15306E1 -5.40816E1 -5.35714E1 -5.40816E1 -5.96939E1 -5.40816E1 -6.07143E1 -6.07143E1 -6.88775E1 -6.17347E1 -6.93878E1 -6.27551E1 -6.32653E1 -6.9898E1 -6.22449E1 -5.5102E1 -6.32653E1
-9999 -9999 1.99601E-2 1.39721E-1 1.99601E-2 1.1976E-1 1.79641E-1 9.98004E-2 1.99601E-2 3.99202E-2 3.99202E-2 3.99202E-2 1.39721E-1 7.98403E-2 1.99601E-2 -5.10204E-1 3.99202E-2 3.99202E-2 -3.57143E0 -4.59184E0 -5.61225E0 -1.0628E0 -2.19002E0 -7.14286E0 -1.68367E1 -9.18367E0 -7.43961E0 -1.12245E1 -2.14286E1 -2.2449E1 -2.34694E1 -3.16327E1 -3.36735E1 -3.46939E1 -3.57143E1 -4.08163E1 -4.23469E1 -4.33673E1 -4.43878E1 -4.13265E1 -4.69388E1 -4.79592E1 -4.33673E1 -3.67347E1 -4.54082E1 -5.20408E1 -5.30612E1 -5.45918E1 -5.5102E1 -5.61224E1 -5.66327E1 -5.30612E1 -5.35714E1 -6.02041E1 -5.86735E1 -6.68367E1 -6.83673E1 -6.02041E1 -6.07143E1 -5.45918E1 -6.17347E1 -6.88775E1 -6.22449E1 -6.27551E1 -6.27551E1 -6.17347E1 -5.5102E1 -5.5102E1
-9999 -9999 1.99601E-2 1.39721E-1 1.99601E-2 1.79641E-1 1.1976E-1 1.1976E-1 5.98802E-2 1.39721E-1 3.99202E-2 3.99202E-2 3.99202E-2 7.98403E-2 3.99202E-2 1.99601E-2 1.99601E-2 -5.10204E-1 -3.57143E0 -4.59184E0 -1.17347E1 -4.59184E0 -5.61225E0 -6.63265E0 -7.65306E0 -1.73469E1 -1.88776E1 -1.9898E1 -2.09184E1 -2.19388E1 -2.29592E1 -1.53061E1 -3.21429E1 -3.36735E1 -3.57143E1 -3.67347E1 -3.77551E1 -3.77551E1 -3.97959E1 -4.08163E1 -4.23469E1 -4.7449E1 -4.84694E1 -4.54082E1 -5.10204E1 -5.20408E1 -5.30612E1 -4.89796E1 -5.5102E1 -5.10204E1 -5.05102E1 -5.2551E1 -5.76531E1 -5.81633E1 -5.86735E1 -5.91837E1 -6.02041E1 -6.37755E1 -5.86735E1 -6.07143E1 -6.17347E1 -5.5102E1 -5.5102E1 -5.5102E1 -4.59184E1 -5.56122E1 -5.45918E1 -5.45918E1
-9999 -9999 -9999 1.99601E-2 1.79641E-1 1.79641E-1 1.79641E-1 1.1976E-1 1.39721E-1 3.99202E-2 3.99202E-2 3.99202E-2 -2.04082E0 9.98004E-2 1.1976E-1 9.98004E-2 1.99601E-2 -7.65306E0 -9.18367E0 -1.27551E1 -1.12245E1 1.99601E-2 -2.35105E0 -2.99517E0 -4.31562E0 -1.73469E1 -2.09184E1 -2.60204E1 -2.34694E1 -2.19388E1 -1.42857E1 -1.53061E1 -2.5E1 -2.60204E1 -3.41837E1 -3.52041E1 -3.62245E1 -3.72449E1 -3.97959E1 -4.08163E1 -4.08163E1 -4.28571E1 -4.84694E1 -4.4898E1 -5.05102E1 -5.66327E1 -4.79592E1 -4.7449E1 -4.84694E1 -4.94898E1 -5.05102E1 -5.10204E1 -5.35714E1 -5.81633E1 -5.86735E1 -5.91837E1 -5.96939E1 -6.32653E1 -7.09184E1 -7.19388E1 -6.88775E1 -6.07143E1 -6.12245E1 -6.17347E1 -4.54082E1 -6.88775E1 -6.17347E1 -6.07143E1
-9999 -9999 -9999 1.79641E-1 4.39122E-1 1.79641E-1 1.79641E-1 1.1976E-1 1.99601E-2 5.98802E-2 3.99202E-2 3.99202E-2 3.99202E-2 1.39721E-1 5.98802E-2 1.99601E-2 1.99601E-2 1.99601E-2 -3.06122E0 -9.69388E0 -1.12245E1 -6.12245E0 -5.10204E0 -6.12245E0 -3.57488E0 -1.68367E1 -2.09184E1 -2.19388E1 -1.37755E1 -2.14286E1 -2.2449E1 -2.34694E1 -2.7551E1 -3.26531E1 -2.70408E1 -2.80612E1 -2.90816E1 -3.0102E1 -3.92857E1 -4.03061E1 -4.18367E1 -4.28571E1 -4.38776E1 -4.33673E1 -5.05102E1 -5.15306E1 -4.79592E1 -4.7449E1 -4.84694E1 -4.94898E1 -5E1 -5.2551E1 -5.20408E1 -5.20408E1 -5.2551E1 -5.91837E1 -5.35714E1 -5.76531E1 -7.04082E1 -6.07143E1 -6.12245E1 -6.12245E1 -6.73469E1 -6.12245E1 -5.5102E1 -6.12245E1 -6.07143E1 -6.73469E1
-9999 -9999 -9999 1.79641E-1 1.39721E-1 1.39721E-1 1.39721E-1 3.99202E-2 3.99202E-2 1.99601E-2 1.99601E-2 3.99202E-2 3.99202E-2 9.98004E-2 1.39721E-1 1.1976E-1 1.1976E-1 9.98004E-2 -2.55102E0 -9.18367E0 -1.68367E1 -1.17347E1 -1.27551E1 -6.12245E0 -7.14286E0 -1.07143E1 -1.17347E1 -1.88776E1 -1.37755E1 -1.47959E1 -1.58163E1 -2.60204E1 -3.11224E1 -3.21429E1 -2.65306E1 -2.7551E1 -2.90816E1 -3.0102E1 -3.11224E1 -3.92857E1 -4.03061E1 -4.13265E1 -4.33673E1 -4.33673E1 -4.54082E1 -4.69388E1 -4.64286E1 -4.7449E1 -4.84694E1 -4.89796E1 -5E1 -5.2551E1 -5.35714E1 -4.38776E1 -4.43878E1 -5.30612E1 -5.35714E1 -5.40816E1 -6.02041E1 -6.07143E1 -6.83673E1 -6.93878E1 -6.88775E1 -5.5102E1 -4.59184E1 -5.5102E1 -6.12245E1 -6.68367E1
-9999 -9999 1.1976E-1 1.1976E-1 9.98004E-2 1.79641E-1 1.39721E-1 1.39721E-1 3.99202E-2 1.99601E-2 3.99202E-2 1.1976E-1 3.99202E-2 3.99202E-2 1.39721E-1 3.99202E-2 1.1976E-1 9.98004E-2 3.99202E-2 1.99601E-2 -5.10204E0 -6.12245E0 -1.27551E1 -1.37755E1 -6.63265E0 -7.65306E0 -9.18367E0 -1.83673E1 -1.37755E1 -2.09184E1 -2.5E1 -3.06122E1 -2.39796E1 -2.80612E1 -2.65306E1 -2.7551E1 -2.85714E1 -2.95918E1 -3.11224E1 -1.7037E1 -3.31633E1 -3.41837E1 -3.67347E1 -3.77551E1 -2.85714E1 -3.92857E1 -4.7449E1 -4.69388E1 -4.94898E1 -5.05102E1 -5.15306E1 -5.10204E1 -5.15306E1 -5.2551E1 -5.2551E1 -4.4898E1 -5.35714E1 -5.40816E1 -5.40816E1 -6.83673E1 -6.83673E1 -7.2449E1 -6.88775E1 -6.17347E1 -5.96939E1 -6.22449E1 -6.12245E1 -6.22449E1
-9999 -9999 -9999 3.99202E-2 3.99202E-2 5.98802E-2 1.39721E-1 1.39721E-1 3.99202E-2 3.99202E-2 1.99601E-2 1.1976E-1 1.1976E-1 1.1976E-1 1.39721E-1 1.1976E-1 1.1976E-1 9.98004E-2 5.98802E-2 3.99202E-2 3.99202E-2 -8.69565E-1 -1.19163E0 -1.32653E1 -9.18367E0 -7.65306E0 -1.17347E1 -9.69388E0 -2.55102E1 -2.70408E1 -1.58163E1 -2.90816E1 -3.06122E1 -1.68367E1 -2.60204E1 -2.7551E1 -2.85714E1 -2.09184E1 -2.19388E1 -2.29592E1 -3.26531E1 -3.41837E1 -3.67347E1 -3.77551E1 -3.87755E1 -2.90816E1 -4.7449E1 -4.84694E1 -4.94898E1 -5.05102E1 -5.15306E1 -5.10204E1 -5.76531E1 -5.91837E1 -5.5102E1 -5.30612E1 -5.66327E1 -5.76531E1 -6.12245E1 -7.09184E1 -7.19388E1 -7.29592E1 -6.88775E1 -6.88775E1 -6.88775E1 -6.88775E1 -6.73469E1 -6.17347E1
-9999 -9999 -9999 9.98004E-2 3.99202E-2 1.99601E-2 1.99601E-2 3.99202E-2 3.99202E-2 1.99601E-2 1.99601E-2 1.39721E-1 1.39721E-1 1.39721E-1 1.59681E-1 1.39721E-1 1.39721E-1 1.79641E-1 1.39721E-1 1.1976E-1 3.99202E-2 -2.55102E0 -5.10204E-1 -1.53061E0 -4.76651E0 -2.96296E0 -8.67347E0 -9.69388E0 -2.2449E1 -2.34694E1 -2.5E1 -2.60204E1 -2.70408E1 -2.5E1 -1.9898E1 -2.70408E1 -2.85714E1 -2.95918E1 -3.06122E1 -3.16327E1 -4.18367E1 -4.28571E1 -3.67347E1 -3.77551E1 -3.87755E1 -3.92857E1 -4.03061E1 -4.84694E1 -4.79592E1 -4.89796E1 -5.61224E1 -5.2551E1 -5.30612E1 -5.40816E1 -5.5102E1 -5.61224E1 -5.66327E1 -5.40816E1 -5.96939E1 -6.17347E1 -6.12245E1 -6.83673E1 -6.12245E1 -6.88775E1 -6.88775E1 -5.56122E1 -6.17347E1 -6.17347E1
-9999 -9999 -9999 1.39721E-1 3.99202E-2 1.99601E-2 1.99601E-2 3.99202E-2 3.99202E-2 1.39721E-1 1.39721E-1 1.79641E-1 1.39721E-1 1.39721E-1 1.39721E-1 1.39721E-1 1.39721E-1 1.1976E-1 1.39721E-1 3.99202E-2 1.99601E-2 3.99202E-2 -3.22061E-1 1.99601E-2 1.99601E-2 -7.72947E-1 -1.86795E0 -4.86312E0 -5.18518E0 -6.11916E0 -2.09184E1 -2.2449E1 -2.34694E1 -1.63265E1 -2.60204E1 -2.70408E1 -3.11224E1 -3.72449E1 -3.72449E1 -3.97959E1 -3.52041E1 -3.62245E1 -3.72449E1 -2.80612E1 -2.90816E1 -2.95918E1 -3.06122E1 -4.69388E1 -4.79592E1 -4.89796E1 -5.05102E1 -5.2551E1 -5.30612E1 -5.91837E1 -6.02041E1 -5.35714E1 -5.40816E1 -5.40816E1 -5.5102E1 -6.17347E1 -6.17347E1 -6.83673E1 -6.07143E1 -6.17347E1 -6.17347E1 -5.56122E1 -5.56122E1 -6.22449E1
-9999 -9999 -9999 1.39721E-1 3.99202E-2 1.99601E-2 1.99601E-2 3.99202E-2 1.1976E-1 1.39721E-1 2.59481E-1 1.99601E-1 1.59681E-1 1.39721E-1 3.39321E-1 1.39721E-1 1.39721E-1 1.1976E-1 1.1976E-1 3.99202E-2 1.99601E-2 1.99601E-2 3.99202E-2 1.99601E-2 -1.61031E-1 -2.41546E0 -1.53061E0 -3.1562E0 -4.76651E0 -5.34622E0 -2.09184E1 -2.19388E1 -1.53061E1 -9.18367E0 -1.73469E1 -1.88776E1 -3.46939E1 -3.72449E1 -3.67347E1 -3.92857E1 -4.08163E1 -4.18367E1 -2.7551E1 -2.85714E1 -2.95918E1 -3.0102E1 -4.03061E1 -4.84694E1 -4.94898E1 -5E1 -5.10204E1 -5.15306E1 -5.30612E1 -6.47959E1 -6.58163E1 -5.35714E1 -5.40816E1 -5.40816E1 -5.5102E1 -5.91837E1 -6.07143E1 -6.22449E1 -6.12245E1 -6.07143E1 -5.56122E1 -5.56122E1 -5.56122E1 -5.56122E1
-9999 -9999 1.99601E-2 9.98004E-2 3.99202E-2 7.98403E-2 3.99202E-2 3.99202E-2 1.1976E-1 1.39721E-1 1.39721E-1 1.99601E-1 1.59681E-1 1.39721E-1 1.39721E-1 1.39721E-1 1.39721E-1 1.1976E-1 7.98403E-2 3.99202E-2 3.99202E-2 3.99202E-2 3.99202E-2 -1.53061E0 -3.06122E0 -4.08163E0 -5.10204E0 -3.76812E0 -1.78571E1 -1.93878E1 -2.04082E1 -2.19388E1 -1.53061E1 -1.63265E1 -1.73469E1 -1.88776E1 -3.16327E1 -3.72449E1 -3.67347E1 -3.77551E1 -3.92857E1 -4.03061E1 -3.77551E1 -2.90816E1 -2.95918E1 -3.0102E1 -4.08163E1 -4.13265E1 -4.23469E1 -4.18367E1 -5.10204E1 -5.15306E1 -5.30612E1 -5.40816E1 -5.5102E1 -5.61224E1 -5.40816E1 -4.64286E1 -5.45918E1 -5.56122E1 -5.56122E1 -5.56122E1 -5.56122E1 -5.5102E1 -5.56122E1 -5.56122E1 -6.17347E1 -6.17347E1
-9999 -9999 1.39721E-1 1.1976E-1 3.99202E-2 1.39721E-1 1.39721E-1 1.79641E-1 1.99601E-1 1.39721E-1 1.39721E-1 1.39721E-1 3.19361E-1 2.39521E-1 1.59681E-1 1.1976E-1 1.1976E-1 1.1976E-1 7.98403E-2 3.99202E-2 1.99601E-2 3.99202E-2 3.99202E-2 -1.28824E-1 -3.06122E0 -4.08163E0 -5.10204E0 -9.18367E0 -6.15137E0 -7.08535E0 -1.27551E1 -2.14286E1 -2.29592E1 -2.39796E1 -2.04082E1 -2.14286E1 -3.16327E1 -3.67347E1 -3.82653E1 -3.92857E1 -3.57143E1 -3.67347E1 -3.77551E1 -3.82653E1 -3.92857E1 -4.03061E1 -4.59184E1 -3.97959E1 -4.08163E1 -4.18367E1 -5E1 -5.15306E1 -5.15306E1 -5.2551E1 -5.30612E1 -6.12245E1 -5.96939E1 -6.02041E1 -6.02041E1 -5.56122E1 -5.56122E1 -4.79592E1 -5.61224E1 -6.88775E1 -6.12245E1 -6.12245E1 -6.93878E1 -6.9898E1
-9999 -9999 1.79641E-1 1.39721E-1 3.99202E-2 9.98004E-2 3.39321E-1 4.99002E-1 3.99202E-1 3.39321E-1 2.59481E-1 1.39721E-1 1.59681E-1 1.39721E-1 1.39721E-1 1.1976E-1 1.1976E-1 9.98004E-2 1.1976E-1 3.99202E-2 3.99202E-2 1.99601E-2 -5.10204E-1 -1.53061E0 -3.06122E0 -1.02041E1 -5.10204E0 -3.54267E0 -1.73469E1 -1.88776E1 -1.27551E1 -2.14286E1 -2.29592E1 -2.39796E1 -2.5E1 -2.65306E1 -3.41837E1 -2.09184E1 -1.83673E1 -1.93878E1 -3.26531E1 -3.36735E1 -3.46939E1 -4.38776E1 -3.97959E1 -4.64286E1 -4.7449E1 -4.84694E1 -4.94898E1 -5.05102E1 -5.15306E1 -5.05102E1 -5.35714E1 -5.91837E1 -6.02041E1 -6.12245E1 -6.17347E1 -5.76531E1 -5.86735E1 -5.5102E1 -5.61224E1 -6.17347E1 -6.12245E1 -6.83673E1 -6.78571E1 -6.78571E1 -6.93878E1 -6.9898E1
-9999 -9999 1.99601E-2 3.99202E-2 3.99202E-2 3.99202E-2 1.39721E-1 5.18962E-1 2.39521E-1 1.1976E-1 9.98004E-2 1.39721E-1 1.59681E-1 1.39721E-1 1.39721E-1 1.39721E-1 1.1976E-1 9.98004E-2 7.98403E-2 3.99202E-2 3.99202E-2 1.99601E-2 -9.66184E-2 1.99601E-2 -3.06122E0 -4.50886E-1 -5.61225E0 -1.27551E1 -1.73469E1 -2.44898E1 -2.60204E1 -2.7551E1 -2.2449E1 -2.39796E1 -2.95918E1 -3.06122E1 -2.7551E1 -2.09184E1 -2.2449E1 -3.11224E1 -3.26531E1 -2.55102E1 -2.90816E1 -3.57143E1 -3.97959E1 -4.43878E1 -4.7449E1 -5.2551E1 -5.40816E1 -5.05102E1 -5.15306E1 -5.2551E1 -5.30612E1 -5.45918E1 -5.5102E1 -6.12245E1 -5.71429E1 -5.76531E1 -5.86735E1 -6.07143E1 -6.88775E1 -6.17347E1 -6.17347E1 -6.88775E1 -6.83673E1 -6.17347E1 -6.17347E1 -6.17347E1
-9999 -9999 1.39721E-1 1.79641E-1 1.39721E-1 3.99202E-2 7.98403E-2 1.39721E-1 1.39721E-1 5.98802E-2 3.99202E-2 7.98403E-2 3.99202E-2 9.98004E-2 1.39721E-1 1.39721E-1 3.99202E-2 1.99601E-2 -8.16327E0 -2.55102E0 1.99601E-2 1.99601E-2 -2.57649E-1 -1.15942E0 -1.35266E0 -4.08163E0 -1.17347E1 -1.27551E1 -2.2449E1 -2.34694E1 -2.5E1 -2.09184E1 -2.2449E1 -1.9898E1 -2.09184E1 -2.2449E1 -2.7551E1 -2.09184E1 -2.2449E1 -2.65306E1 -2.09184E1 -2.19388E1 -2.70408E1 -3.0102E1 -3.72449E1 -4.43878E1 -4.7449E1 -5.2551E1 -5.5102E1 -5.05102E1 -5.15306E1 -5.71429E1 -5.30612E1 -5.35714E1 -5.35714E1 -5.61224E1 -5.96939E1 -5.5102E1 -6.07143E1 -6.42857E1 -6.53061E1 -6.63265E1 -6.78571E1 -6.73469E1 -6.17347E1 -5.56122E1 -6.12245E1 -6.12245E1
