ENM/Final_Models/M_0.9_F_q_Set_1_NE/Gustavia_santanderiensis_7_Choco.asc
ncols         367
nrows         963
xllcorner     -78.6
yllcorner     0.65
cellsize      0.00833333333333323
NODATA_value  -9999
[rows 630 to 664 of 963, columns 156 to 233 of 367]
-9999 -9999 -9999 -9999 -9999 0E0 0E0 0E0 0E0 0E0 0E0 0E0 0E0 0E0 0E0 0E0 0E0 0E0 0E0 0E0 0E0 1.16912E-1 1.13594E-1 7.2157E-2 1.54816E-1 0E0 0E0 0E0 0E0 0E0 0E0 0E0 0E0 0E0 0E0 0E0 1.71045E-1 9.58697E-2 4.67356E-2 2.15485E-2 2.43079E-2 9.31745E-3 1.01198E-2 1.40095E-3 2.43449E-3 2.70378E-3 4.51806E-4 1.99362E-3 6.79817E-4 3.46415E-3 8.31711E-4 9.38504E-4 5.85071E-3 8.41379E-3 1.08081E-2 1.11224E-2 9.4541E-3 1.16198E-3 1.3045E-3 1.77989E-3 1.90823E-3 1.12668E-3 4.56166E-3 1.61321E-3 9.65383E-4 5.21765E-4 3.63901E-4 1.24167E-4 8.9855E-5 3.41431E-5 1.48914E-5 7.43494E-7 8.29772E-7 4.21706E-6 1.05724E-5 1.02817E-5 5.09374E-5 1.48429E-4
-9999 -9999 -9999 -9999 0E0 0E0 0E0 0E0 0E0 0E0 0E0 0E0 0E0 0E0 0E0 0E0 0E0 0E0 0E0 0E0 0E0 3.30978E-2 2.74497E-2 4.53435E-2 5.54531E-2 0E0 0E0 0E0 0E0 0E0 0E0 0E0 0E0 0E0 0E0 0E0 0E0 4.25539E-2 5.03842E-2 3.99413E-2 2.02082E-2 5.60463E-2 1.1793E-2 4.50325E-3 4.33931E-3 3.83314E-3 5.02862E-3 8.06106E-3 9.38678E-4 2.76838E-4 4.06285E-4 9.04259E-4 5.35029E-3 9.69931E-3 6.75587E-3 4.66475E-3 4.516E-3 3.44614E-3 6.62308E-3 5.42101E-3 8.72938E-4 7.48749E-4 3.60053E-4 7.62275E-4 9.06687E-4 4.5006E-4 6.29661E-4 5.15958E-4 2.9239E-4 3.89135E-5 3.83725E-6 1.47262E-6 3.56713E-6 7.98567E-7 7.74329E-6 2.42518E-5 8.48731E-5 2.20651E-4
-9999 -9999 -9999 -9999 0E0 0E0 0E0 0E0 0E0 0E0 0E0 0E0 0E0 0E0 0E0 0E0 0E0 0E0 0E0 0E0 0E0 6.88874E-2 1.82836E-2 2.20127E-2 3.37952E-2 0E0 0E0 0E0 0E0 0E0 0E0 0E0 0E0 4.07261E-2 3.42793E-2 0E0 0E0 0E0 0E0 2.85523E-2 4.74386E-2 3.90702E-2 3.3949E-2 9.65637E-3 2.4856E-2 2.21983E-2 1.10604E-2 7.67712E-3 2.10207E-3 4.13838E-4 9.48434E-4 1.8494E-3 8.2202E-3 9.33434E-3 7.96791E-3 1.00825E-2 6.09258E-3 6.55276E-3 9.58509E-3 5.83491E-3 2.29155E-3 4.27349E-3 1.22128E-3 1.57177E-3 8.48286E-4 2.40609E-4 3.47099E-4 1.15074E-4 3.48725E-4 6.29698E-5 1.76244E-5 1.09301E-5 6.05466E-6 4.60672E-6 9.55962E-6 2.87953E-5 1.18118E-4 1.26432E-4
-9999 -9999 -9999 0E0 0E0 0E0 0E0 0E0 0E0 0E0 0E0 0E0 0E0 0E0 0E0 0E0 0E0 0E0 0E0 0E0 0E0 6.23162E-2 2.54578E-2 3.75717E-2 4.09047E-2 2.25471E-1 0E0 0E0 0E0 0E0 0E0 0E0 3.67208E-1 4.79088E-2 8.05586E-2 0E0 0E0 0E0 1.62573E-2 1.61945E-2 1.39478E-2 2.42422E-2 3.50601E-2 1.60864E-2 2.9481E-2 1.57779E-2 1.87243E-3 6.89851E-3 4.79824E-3 5.86748E-4 5.05822E-4 2.03519E-3 2.09838E-3 4.6378E-3 8.61917E-3 4.30305E-3 2.94338E-3 1.49999E-3 3.21078E-3 1.98922E-3 3.55219E-3 6.96685E-4 -9999 -9999 8.87633E-4 2.21947E-4 6.6683E-5 1.58714E-5 5.22862E-5 5.1681E-5 7.83107E-6 5.62015E-6 6.74445E-6 3.89239E-6 5.43993E-6 3.46483E-5 8.68585E-5 5.23277E-5
-9999 -9999 -9999 0E0 0E0 0E0 0E0 0E0 0E0 0E0 0E0 0E0 0E0 0E0 0E0 0E0 0E0 0E0 0E0 0E0 0E0 0E0 1.72187E-2 2.52595E-2 4.48912E-2 0E0 0E0 0E0 0E0 0E0 0E0 0E0 0E0 1.48761E-2 4.48024E-2 0E0 0E0 0E0 3.41386E-2 2.45032E-2 2.3488E-2 2.83542E-2 2.78737E-2 2.02033E-2 2.22567E-2 4.10111E-3 8.97447E-4 1.13394E-3 1.54745E-3 3.54113E-4 1.5377E-4 3.53702E-4 5.20771E-4 2.23711E-3 1.5514E-3 4.93459E-3 3.64503E-3 1.52789E-3 5.97476E-4 3.85392E-4 2.33961E-3 -9999 -9999 -9999 1.71137E-4 1.46826E-4 1.35287E-5 1.11344E-5 1.12561E-5 1.78743E-5 1.01656E-5 3.8604E-6 4.43514E-6 3.8362E-6 1.28883E-5 3.5588E-5 3.47453E-5 -9999
-9999 -9999 -9999 0E0 0E0 0E0 0E0 0E0 0E0 0E0 0E0 0E0 0E0 0E0 0E0 0E0 0E0 0E0 0E0 0E0 0E0 2.88035E-2 3.09373E-2 1.98212E-2 1.20341E-2 0E0 0E0 0E0 0E0 0E0 0E0 0E0 0E0 0E0 0E0 0E0 0E0 3.59727E-2 2.39719E-2 2.95245E-2 3.01119E-2 1.37319E-2 1.48446E-2 7.96763E-3 2.54392E-3 1.40539E-3 3.46543E-3 1.60167E-3 4.80953E-4 2.61695E-4 1.19034E-4 1.55593E-4 1.03797E-4 4.82015E-4 1.33719E-3 1.16146E-3 3.26053E-3 1.02399E-3 9.03784E-5 6.02963E-5 -9999 -9999 -9999 -9999 4.40819E-5 3.76992E-5 3.37258E-5 1.10725E-5 1.65938E-6 1.40335E-6 3.02866E-6 1.27917E-6 5.07768E-6 3.86804E-6 5.65615E-6 1.31344E-5 1.95892E-5 -9999
-9999 -9999 0E0 0E0 0E0 0E0 0E0 0E0 0E0 0E0 0E0 0E0 0E0 0E0 0E0 0E0 0E0 0E0 0E0 4.04344E-2 1.77097E-2 3.98672E-2 2.31039E-2 4.69689E-2 2.76734E-2 1.80861E-2 2.00822E-2 0E0 0E0 0E0 0E0 0E0 0E0 0E0 0E0 0E0 0E0 2.45009E-2 1.64393E-2 2.58659E-2 3.48899E-2 3.70143E-2 6.79183E-2 2.12009E-2 1.96266E-3 2.72253E-3 7.90173E-3 4.5048E-3 1.16766E-3 4.31941E-4 9.90031E-5 1.23961E-4 1.22635E-4 2.86461E-4 1.76323E-3 2.89918E-4 1.047E-3 1.16397E-3 1.48664E-4 1.04765E-4 -9999 -9999 -9999 1.15764E-5 1.06112E-5 3.23673E-5 1.54128E-5 3.64438E-6 3.69796E-6 9.74875E-7 8.84169E-7 2.13626E-6 8.21126E-6 3.50428E-6 2.65367E-6 2.62982E-5 8.06288E-6 -9999
-9999 0E0 0E0 0E0 0E0 0E0 0E0 0E0 0E0 0E0 0E0 0E0 0E0 0E0 0E0 0E0 0E0 0E0 5.55726E-2 0E0 1.90839E-2 8.23048E-3 1.63197E-2 1.55349E-2 3.32937E-2 2.32315E-2 9.16575E-2 3.91582E-2 7.08894E-2 1.88519E-2 1.9985E-2 0E0 0E0 2.43857E-2 3.1923E-2 0E0 0E0 0E0 4.02642E-2 3.92579E-2 3.55461E-2 2.45235E-2 3.59768E-2 2.07632E-2 2.77441E-2 7.10576E-3 7.18777E-3 3.06025E-3 2.10881E-3 1.8096E-3 8.21718E-4 1.1507E-4 2.87145E-5 1.59913E-4 4.10537E-4 3.65517E-4 5.82657E-4 8.82174E-4 1.16042E-4 -9999 -9999 -9999 4.30774E-6 1.08406E-6 1.24093E-6 7.95677E-6 2.13616E-6 2.25693E-6 9.72478E-7 2.82033E-7 2.33306E-6 5.37892E-6 7.6208E-6 2.50477E-6 7.09697E-6 1.87492E-5 6.19028E-6 -9999
-9999 0E0 0E0 0E0 0E0 0E0 0E0 0E0 0E0 0E0 0E0 0E0 0E0 0E0 0E0 0E0 0E0 0E0 1.29574E-2 6.23339E-3 5.91585E-3 1.7908E-2 1.86329E-2 1.73386E-2 4.20132E-2 0E0 0E0 0E0 0E0 1.4119E-1 0E0 2.41004E-2 3.16706E-2 1.64761E-2 8.85023E-2 0E0 0E0 8.7275E-2 7.90102E-2 0E0 3.0694E-2 2.13365E-2 3.65785E-2 3.14037E-2 1.67568E-2 1.63798E-2 2.74076E-2 2.01353E-2 1.5419E-2 6.60086E-3 1.08531E-3 2.708E-4 6.67283E-5 3.31796E-5 1.69087E-4 1.32416E-4 2.86583E-4 1.44934E-4 -9999 -9999 -9999 -9999 6.02622E-6 2.6426E-6 1.51965E-6 2.38272E-6 1.06776E-6 1.68115E-6 4.9977E-7 9.66155E-6 1.14871E-5 1.00625E-5 5.9156E-6 7.24564E-6 3.03249E-5 2.02818E-5 -9999 -9999
0E0 0E0 0E0 0E0 0E0 0E0 0E0 0E0 0E0 0E0 0E0 0E0 0E0 0E0 0E0 0E0 0E0 0E0 2.18448E-2 3.77918E-2 4.89764E-2 3.62985E-2 0E0 0E0 5.56435E-2 0E0 0E0 0E0 0E0 0E0 0E0 1.84867E-2 1.51303E-2 1.08255E-2 2.80457E-2 7.46911E-2 2.56616E-2 3.0182E-2 6.60796E-2 6.51579E-2 2.54533E-2 2.64555E-2 3.21233E-2 1.62189E-2 7.05857E-3 9.0178E-3 5.17711E-3 4.41146E-3 6.37093E-3 2.53793E-3 2.08988E-3 1.30279E-4 3.04764E-5 2.87786E-5 5.64197E-5 2.97162E-5 8.43336E-5 2.29631E-5 -9999 -9999 -9999 -9999 3.16767E-6 2.2278E-6 6.16711E-6 1.34647E-5 5.22972E-6 3.87698E-7 6.97421E-6 8.83452E-6 4.925E-6 5.89809E-6 3.74037E-6 1.49622E-6 2.55892E-5 5.39454E-5 -9999 -9999
0E0 0E0 0E0 0E0 0E0 0E0 0E0 0E0 0E0 0E0 0E0 0E0 0E0 0E0 0E0 0E0 0E0 0E0 0E0 2.13937E-1 4.06774E-2 3.36611E-2 0E0 0E0 0E0 0E0 0E0 0E0 0E0 0E0 3.70602E-2 1.45929E-2 5.87513E-3 3.76207E-3 1.05025E-2 7.18906E-2 1.32653E-2 1.99602E-2 3.40961E-2 1.00245E-1 6.23125E-2 4.44511E-2 1.19822E-2 7.70244E-3 2.74375E-3 9.3662E-4 6.13838E-4 2.91834E-3 2.62571E-3 6.18229E-4 4.89594E-4 1.23372E-4 2.58568E-5 1.32986E-5 2.30226E-5 6.81991E-6 2.91243E-5 -9999 -9999 -9999 -9999 -9999 1.00685E-5 4.47088E-6 5.43698E-6 7.77852E-6 7.01172E-6 3.77019E-7 6.70694E-6 6.66384E-6 7.05198E-6 6.41169E-6 3.25687E-6 4.91908E-6 1.65114E-5 -9999 -9999 -9999
0E0 0E0 0E0 0E0 0E0 0E0 0E0 0E0 0E0 0E0 0E0 0E0 0E0 0E0 0E0 0E0 0E0 0E0 0E0 0E0 1.24136E-1 4.02295E-2 3.33084E-2 0E0 0E0 0E0 0E0 0E0 0E0 0E0 0E0 1.18633E-2 5.35579E-3 1.73638E-3 1.65038E-3 6.58888E-3 5.18898E-3 1.17028E-2 5.25789E-2 1.52376E-2 1.56961E-2 6.4272E-3 1.33326E-3 5.24843E-4 6.80671E-5 2.91049E-4 1.21826E-4 7.58601E-4 4.85434E-4 7.87041E-5 1.07076E-4 1.31856E-4 4.45194E-5 2.42932E-5 1.24459E-5 6.50966E-6 1.80851E-5 -9999 -9999 -9999 -9999 -9999 1.38249E-5 2.0103E-5 1.10837E-5 3.15411E-6 3.92097E-7 1.60573E-6 4.20426E-6 5.77453E-6 9.19441E-6 8.74745E-6 3.19781E-6 9.06703E-6 1.23035E-5 -9999 -9999 -9999
0E0 0E0 0E0 0E0 0E0 0E0 0E0 0E0 0E0 0E0 0E0 0E0 0E0 0E0 0E0 0E0 0E0 0E0 0E0 0E0 0E0 4.61307E-2 0E0 0E0 0E0 0E0 0E0 0E0 0E0 0E0 0E0 0E0 4.93724E-2 4.12468E-3 1.6833E-3 5.58359E-3 3.882E-3 4.18263E-3 1.50244E-2 1.95275E-2 3.01766E-3 1.47607E-3 2.24387E-4 1.70027E-4 4.91521E-5 2.17567E-5 9.88527E-5 3.42487E-4 1.13285E-4 6.2153E-5 4.62946E-5 4.98806E-5 1.98015E-5 1.36506E-5 1.00026E-5 9.21693E-6 -9999 -9999 -9999 -9999 -9999 -9999 7.92584E-6 3.17593E-6 3.88623E-6 4.11763E-6 8.08051E-7 3.94601E-6 4.21278E-6 9.75438E-6 8.12624E-6 5.8982E-6 1.58038E-6 1.05467E-5 -9999 -9999 -9999 -9999
0E0 0E0 0E0 0E0 0E0 0E0 0E0 0E0 0E0 0E0 0E0 0E0 0E0 0E0 0E0 0E0 0E0 4.48205E-2 0E0 0E0 0E0 0E0 0E0 0E0 0E0 0E0 0E0 0E0 0E0 0E0 0E0 0E0 3.72674E-2 3.46419E-2 8.97821E-3 3.23241E-2 7.62736E-2 1.35551E-2 2.50887E-2 1.00604E-2 1.40863E-2 4.40203E-3 2.4784E-4 2.62499E-4 2.22612E-4 1.20348E-4 1.71735E-4 4.65256E-5 6.37696E-5 2.95702E-4 5.62952E-5 3.93262E-5 3.31898E-5 1.97408E-5 1.64811E-5 -9999 -9999 -9999 -9999 -9999 -9999 -9999 8.5447E-6 9.96114E-6 9.34116E-7 7.25958E-7 5.64525E-7 3.01939E-6 4.47469E-6 4.15174E-6 1.37213E-5 1.01201E-5 1.5999E-6 -9999 -9999 -9999 -9999 -9999
0E0 0E0 0E0 0E0 0E0 0E0 0E0 0E0 0E0 0E0 0E0 0E0 0E0 0E0 0E0 0E0 0E0 0E0 0E0 0E0 0E0 0E0 0E0 0E0 0E0 0E0 0E0 0E0 0E0 0E0 0E0 0E0 0E0 2.00824E-2 3.18082E-2 3.93103E-2 0E0 8.34564E-2 6.87801E-2 3.01141E-2 2.67547E-2 1.02805E-2 6.53604E-4 1.41633E-3 1.9162E-4 7.9787E-4 4.78029E-4 4.1317E-4 2.07269E-4 1.04283E-3 1.66519E-4 5.90779E-5 4.35626E-5 8.5239E-6 1.79334E-5 -9999 -9999 -9999 -9999 -9999 -9999 1.79995E-5 1.89133E-5 1.43393E-6 1.41375E-6 1.43494E-6 3.22126E-6 6.33076E-7 1.15652E-5 1.423E-5 1.0038E-5 1.22274E-5 1.06148E-5 -9999 -9999 -9999 -9999 -9999
0E0 0E0 0E0 0E0 0E0 0E0 0E0 0E0 0E0 0E0 0E0 0E0 0E0 0E0 0E0 0E0 0E0 0E0 0E0 0E0 0E0 0E0 0E0 0E0 0E0 0E0 0E0 0E0 0E0 0E0 0E0 0E0 0E0 0E0 0E0 0E0 2.38173E-2 2.60626E-2 7.99491E-2 2.18306E-2 1.11421E-2 2.63332E-2 3.97487E-3 2.0511E-3 2.97154E-3 1.491E-2 1.01591E-2 4.48489E-3 3.55379E-3 8.91845E-4 3.52577E-4 9.64158E-5 3.12543E-5 3.469E-5 4.01011E-5 -9999 -9999 -9999 -9999 -9999 1.8718E-5 1.62387E-5 4.42733E-6 1.93637E-6 3.59882E-6 3.75308E-6 3.74184E-6 3.81374E-6 6.8462E-7 6.81917E-7 3.28236E-5 2.17821E-5 -9999 -9999 -9999 -9999 -9999 -9999
0E0 0E0 0E0 0E0 0E0 0E0 0E0 0E0 0E0 0E0 0E0 0E0 0E0 0E0 0E0 0E0 0E0 0E0 0E0 0E0 0E0 0E0 0E0 0E0 0E0 0E0 0E0 0E0 0E0 0E0 0E0 0E0 0E0 0E0 0E0 5.54326E-2 2.38592E-2 1.42347E-2 9.49164E-2 2.69658E-2 6.12265E-3 1.71908E-2 6.73258E-3 1.20714E-2 1.05287E-2 1.09694E-2 7.74941E-3 2.72466E-3 1.17296E-2 8.56074E-4 3.83718E-4 1.8806E-4 9.70878E-5 6.05074E-5 -9999 -9999 -9999 -9999 -9999 -9999 6.77202E-5 1.14902E-5 2.07957E-5 9.50945E-6 9.53664E-6 6.11927E-6 8.81213E-6 4.93726E-6 5.83885E-6 7.93623E-6 1.44566E-5 -9999 -9999 -9999 -9999 -9999 -9999 -9999
0E0 0E0 0E0 0E0 0E0 0E0 0E0 0E0 0E0 0E0 0E0 0E0 0E0 0E0 0E0 6.78449E-2 0E0 0E0 0E0 0E0 0E0 0E0 0E0 0E0 0E0 0E0 0E0 0E0 0E0 0E0 0E0 0E0 0E0 0E0 0E0 0E0 0E0 7.34391E-2 1.00419E-2 3.17925E-3 2.51375E-3 1.54441E-3 1.44958E-2 5.88065E-2 1.9878E-2 7.51466E-3 9.67424E-3 1.13112E-2 8.72186E-3 1.92141E-3 2.0973E-3 1.2785E-3 1.95175E-4 2.05874E-4 -9999 -9999 -9999 -9999 -9999 -9999 4.20656E-5 1.45013E-5 4.97276E-6 4.51424E-6 9.31807E-6 9.88744E-6 1.00836E-5 4.75437E-6 8.35427E-6 1.64547E-5 -9999 -9999 -9999 -9999 -9999 -9999 -9999 -9999
0E0 0E0 0E0 0E0 0E0 0E0 0E0 0E0 0E0 0E0 0E0 0E0 0E0 0E0 0E0 0E0 0E0 0E0 0E0 0E0 0E0 3.70161E-2 0E0 0E0 0E0 0E0 0E0 0E0 0E0 0E0 0E0 0E0 0E0 0E0 0E0 0E0 1.06947E-1 2.82829E-2 3.95695E-2 2.68768E-2 8.48623E-4 7.29826E-4 2.97448E-3 1.57216E-3 9.95814E-4 1.48016E-3 3.21628E-3 1.14717E-2 1.99244E-2 2.13446E-2 6.7209E-3 4.13211E-3 8.80905E-4 5.13413E-4 -9999 -9999 -9999 -9999 -9999 1.99877E-4 3.98194E-5 1.46189E-5 7.19611E-6 1.71385E-6 2.89798E-6 6.57032E-6 8.88862E-7 1.72952E-6 1.55221E-5 -9999 -9999 -9999 -9999 -9999 -9999 -9999 -9999 -9999
0E0 0E0 0E0 0E0 0E0 0E0 0E0 0E0 0E0 0E0 0E0 0E0 0E0 0E0 0E0 0E0 0E0 0E0 0E0 0E0 0E0 0E0 0E0 0E0 0E0 0E0 3.46161E-2 3.56628E-2 1.05248E-1 0E0 0E0 0E0 0E0 0E0 0E0 1.25004E-1 4.61682E-2 6.16565E-3 5.11385E-3 2.2645E-3 1.3932E-3 7.78204E-4 6.80266E-4 1.73966E-3 1.80433E-3 5.87153E-3 4.7389E-3 3.60445E-3 5.26399E-3 2.28331E-2 1.51181E-2 8.71738E-3 5.73898E-3 2.60872E-3 -9999 -9999 -9999 -9999 -9999 5.13865E-4 2.75398E-4 6.44562E-5 1.71621E-5 2.72045E-6 3.98539E-6 2.5296E-6 2.89698E-6 8.77692E-6 -9999 -9999 -9999 -9999 -9999 -9999 -9999 -9999 -9999 -9999
0E0 0E0 0E0 0E0 0E0 0E0 0E0 0E0 0E0 0E0 0E0 0E0 0E0 0E0 0E0 0E0 0E0 0E0 0E0 0E0 9.34504E-2 0E0 0E0 0E0 0E0 0E0 0E0 0E0 0E0 0E0 0E0 0E0 0E0 0E0 0E0 1.10123E-1 1.91194E-2 7.43696E-3 4.11972E-3 3.94234E-3 1.86248E-3 1.74145E-4 1.33508E-4 6.43342E-4 3.10198E-3 1.04333E-3 3.61095E-3 1.42744E-3 4.67026E-3 7.33319E-3 9.42503E-3 3.04929E-3 5.04374E-3 1.12996E-2 -9999 -9999 -9999 -9999 -9999 1.84776E-4 1.56494E-4 1.51832E-5 3.59407E-6 1.21401E-5 8.47441E-6 1.65616E-5 1.14049E-5 1.01697E-5 -9999 -9999 -9999 -9999 -9999 -9999 -9999 -9999 -9999 -9999
0E0 0E0 0E0 0E0 0E0 0E0 0E0 0E0 0E0 0E0 0E0 0E0 0E0 0E0 0E0 0E0 0E0 0E0 0E0 0E0 0E0 2.71124E-1 0E0 0E0 0E0 0E0 0E0 0E0 0E0 0E0 0E0 4.03934E-2 0E0 0E0 0E0 0E0 4.84778E-2 5.20555E-2 2.66752E-2 7.67352E-3 1.86128E-3 3.58766E-3 1.96373E-4 2.22336E-3 3.965E-2 3.53688E-2 4.37235E-2 5.97022E-2 8.42807E-3 3.45493E-3 6.30216E-3 4.23039E-3 2.55913E-3 3.76954E-3 2.84758E-3 -9999 -9999 -9999 3.65673E-4 2.00352E-4 1.14752E-4 1.01466E-5 3.67876E-6 4.41841E-6 3.72775E-6 1.12342E-5 2.52524E-6 -9999 -9999 -9999 -9999 -9999 -9999 -9999 -9999 -9999 -9999 -9999
0E0 0E0 0E0 0E0 0E0 0E0 0E0 0E0 0E0 0E0 0E0 0E0 0E0 0E0 0E0 0E0 0E0 0E0 0E0 0E0 0E0 0E0 0E0 0E0 0E0 0E0 0E0 0E0 1.51396E-2 1.74354E-2 2.77832E-2 3.78837E-2 4.15047E-2 4.22644E-2 0E0 0E0 9.00255E-2 6.94535E-2 6.37177E-2 2.06215E-2 3.48309E-3 4.57409E-3 4.7011E-3 7.11995E-3 1.32388E-2 2.83313E-2 4.85209E-2 4.0732E-2 3.70453E-3 3.22507E-3 1.43129E-2 8.53197E-3 5.70286E-3 2.98592E-3 1.85546E-3 -9999 -9999 -9999 4.28661E-5 3.60936E-5 2.40668E-5 1.82585E-5 1.19323E-5 1.4027E-5 3.6979E-5 4.06534E-5 2.71663E-6 -9999 -9999 -9999 -9999 -9999 -9999 -9999 -9999 -9999 -9999 -9999
0E0 0E0 0E0 0E0 0E0 0E0 0E0 0E0 0E0 0E0 0E0 0E0 0E0 0E0 0E0 0E0 0E0 0E0 0E0 0E0 0E0 0E0 0E0 0E0 0E0 0E0 0E0 0E0 3.03923E-2 1.22928E-2 6.80029E-3 1.43333E-2 9.72432E-3 1.65282E-2 1.69933E-2 2.56387E-2 2.47102E-2 3.42321E-2 8.72339E-2 4.51901E-2 1.94291E-2 1.4095E-2 7.50688E-3 7.42543E-3 1.23823E-2 1.55254E-2 7.5408E-2 5.0617E-2 2.42737E-2 2.39192E-2 5.81904E-2 1.76505E-2 8.60644E-3 5.48394E-3 8.68302E-3 3.61267E-3 5.97245E-4 1.08536E-4 7.22334E-5 1.57712E-5 9.28819E-6 9.86604E-6 1.38424E-5 2.74222E-5 8.30131E-5 1.0211E-5 -9999 -9999 -9999 -9999 -9999 -9999 -9999 -9999 -9999 -9999 -9999 -9999
0E0 0E0 0E0 0E0 0E0 0E0 0E0 0E0 0E0 0E0 0E0 0E0 0E0 0E0 0E0 0E0 0E0 0E0 0E0 0E0 0E0 0E0 0E0 0E0 0E0 0E0 0E0 0E0 0E0 2.76739E-2 4.17696E-3 1.07661E-2 1.77383E-2 5.46866E-3 2.54035E-2 1.81668E-2 1.7098E-3 1.63517E-2 4.535E-2 6.88517E-2 3.0016E-2 2.79901E-2 2.35308E-2 6.73815E-3 8.20388E-3 1.39711E-2 1.24948E-1 1.2518E-1 6.9708E-2 7.18148E-2 9.6848E-2 5.2212E-2 7.54671E-2 8.43286E-2 1.84865E-2 3.24692E-3 7.5544E-4 2.95151E-4 1.9645E-4 4.12446E-5 4.14728E-5 1.10967E-5 0E0 1.07289E-5 8.94658E-5 1.1463E-4 -9999 -9999 -9999 -9999 -9999 -9999 -9999 -9999 -9999 -9999 -9999 -9999
0E0 0E0 0E0 0E0 0E0 0E0 0E0 0E0 0E0 0E0 0E0 0E0 0E0 0E0 0E0 0E0 0E0 0E0 0E0 0E0 0E0 0E0 0E0 0E0 0E0 0E0 0E0 0E0 0E0 6.68985E-2 3.81335E-2 4.39532E-2 1.78767E-2 8.97962E-3 4.25734E-3 9.76506E-4 1.56526E-3 2.67999E-3 1.11803E-2 1.68014E-2 2.13436E-2 4.10376E-2 3.1335E-2 1.73016E-2 3.64572E-2 3.65933E-2 1.20391E-1 1.28926E-1 1.42534E-1 2.01338E-1 1.23004E-1 1.55957E-1 1.85393E-1 1.5703E-1 8.55447E-2 3.76317E-2 1.10999E-2 3.99805E-3 5.90545E-4 1.08823E-4 1.24937E-5 4.65356E-6 7.47993E-6 8.19353E-6 9.69385E-5 1.6375E-4 -9999 -9999 -9999 -9999 -9999 -9999 -9999 -9999 -9999 -9999 -9999 -9999
0E0 0E0 0E0 0E0 0E0 0E0 0E0 0E0 0E0 0E0 0E0 0E0 0E0 0E0 0E0 0E0 0E0 0E0 0E0 0E0 0E0 0E0 0E0 0E0 0E0 0E0 0E0 0E0 0E0 0E0 2.23871E-2 3.14446E-2 1.64448E-2 7.72478E-3 2.94346E-3 4.43414E-3 1.63921E-3 1.07467E-2 1.81238E-2 1.2099E-2 6.56157E-3 7.63677E-3 1.70645E-2 8.42662E-3 1.6848E-2 1.65714E-1 1.1614E-1 1.39615E-1 1.35936E-1 2.65481E-1 2.09173E-1 4.85601E-2 3.486E-2 2.21283E-2 5.41642E-2 1.26364E-2 2.26848E-3 1.5754E-3 2.35299E-4 1.81022E-5 1.10771E-5 1.92964E-5 3.69759E-5 6.6208E-5 2.14141E-4 -9999 -9999 -9999 -9999 -9999 -9999 -9999 -9999 -9999 -9999 -9999 -9999 -9999
0E0 0E0 0E0 0E0 0E0 0E0 0E0 0E0 0E0 0E0 0E0 0E0 0E0 0E0 0E0 0E0 0E0 0E0 0E0 0E0 0E0 0E0 0E0 0E0 0E0 0E0 0E0 0E0 0E0 0E0 0E0 3.99475E-2 3.45266E-2 2.11735E-2 6.5334E-3 2.1105E-2 3.68646E-2 2.28365E-2 8.12557E-2 4.96747E-2 3.15543E-2 1.11402E-2 1.10589E-2 2.27038E-2 3.25447E-2 1.25637E-1 1.62605E-1 1.4963E-1 1.72047E-1 9.40731E-2 6.67554E-2 1.01678E-1 2.62101E-2 3.29655E-3 8.50044E-3 5.0296E-3 1.74896E-3 3.89402E-4 3.82906E-5 4.51657E-6 5.01549E-6 7.74984E-6 5.95749E-6 1.77123E-5 1.49833E-4 -9999 -9999 -9999 -9999 -9999 -9999 -9999 -9999 -9999 -9999 -9999 -9999 -9999
0E0 0E0 0E0 0E0 0E0 0E0 0E0 0E0 0E0 0E0 0E0 0E0 0E0 0E0 0E0 0E0 0E0 0E0 0E0 0E0 0E0 0E0 0E0 0E0 0E0 0E0 0E0 0E0 0E0 0E0 0E0 0E0 0E0 0E0 2.5108E-2 4.7691E-2 0E0 1.0298E-1 1.23503E-1 7.24435E-2 3.64784E-2 3.29923E-2 2.10262E-2 4.07826E-2 8.27939E-2 1.74001E-1 1.45003E-1 1.65177E-1 9.51221E-2 3.41069E-2 2.76185E-2 3.40079E-2 1.21954E-2 2.33787E-3 1.6201E-3 2.81931E-3 1.30097E-3 5.38703E-5 4.44192E-5 3.92138E-5 1.67889E-5 5.29958E-6 2.7578E-6 3.33084E-6 -9999 -9999 -9999 -9999 -9999 -9999 -9999 -9999 -9999 -9999 -9999 -9999 -9999 -9999
0E0 0E0 0E0 0E0 0E0 0E0 0E0 0E0 0E0 0E0 0E0 0E0 0E0 0E0 0E0 0E0 0E0 0E0 0E0 0E0 0E0 1.70113E-1 0E0 0E0 0E0 0E0 0E0 0E0 0E0 0E0 0E0 0E0 0E0 0E0 2.17822E-2 0E0 0E0 2.40678E-1 6.8301E-2 5.5175E-2 5.20076E-2 6.10609E-2 3.07351E-2 1.75413E-1 1.71358E-1 1.41557E-1 1.56159E-1 1.09803E-1 8.10558E-2 2.81493E-2 5.57388E-3 2.15052E-3 2.58606E-3 1.698E-3 3.30003E-4 6.78123E-4 5.11855E-4 1.91886E-4 1.43353E-4 1.74511E-5 3.52725E-6 8.41069E-6 8.31169E-6 6.80407E-6 -9999 -9999 -9999 -9999 -9999 -9999 -9999 -9999 -9999 -9999 -9999 -9999 -9999 -9999
0E0 0E0 0E0 0E0 0E0 0E0 0E0 0E0 0E0 0E0 0E0 0E0 0E0 0E0 0E0 0E0 0E0 0E0 0E0 0E0 0E0 0E0 0E0 0E0 2.41908E-1 0E0 0E0 0E0 0E0 0E0 0E0 0E0 0E0 0E0 8.20145E-2 1.4945E-1 2.1754E-1 6.12132E-2 5.7644E-2 6.38266E-2 3.47943E-2 7.3309E-2 7.72281E-2 4.72054E-2 1.91486E-1 1.75226E-1 2.01935E-1 2.39548E-1 1.13832E-1 3.44346E-2 9.53939E-3 2.42447E-3 7.77954E-4 9.72806E-4 3.89952E-4 2.03206E-4 2.67907E-4 8.85904E-5 2.10635E-4 2.43293E-5 4.95627E-5 1.51257E-5 1.49295E-5 2.99246E-5 -9999 -9999 -9999 -9999 -9999 -9999 -9999 -9999 -9999 -9999 -9999 -9999 -9999 -9999
0E0 0E0 0E0 0E0 0E0 0E0 0E0 0E0 0E0 0E0 0E0 0E0 0E0 0E0 0E0 0E0 0E0 0E0 0E0 3.60053E-1 0E0 0E0 0E0 0E0 0E0 0E0 0E0 0E0 2.17428E-1 0E0 0E0 3.00263E-1 1.03107E-1 6.42819E-2 3.16417E-2 4.59895E-2 8.56276E-2 3.65237E-2 2.72037E-2 2.40474E-2 3.5668E-2 8.59366E-2 1.25562E-1 1.47202E-1 2.98766E-1 1.81223E-1 3.83554E-1 3.49749E-1 1.17815E-1 6.29073E-2 1.35677E-2 4.65026E-3 5.6386E-4 1.95043E-3 4.63668E-4 5.34037E-4 7.13243E-4 1.49614E-3 7.64422E-4 1.31596E-4 1.30528E-4 1.25576E-4 1.1882E-4 -9999 -9999 -9999 -9999 -9999 -9999 -9999 -9999 -9999 -9999 -9999 -9999 -9999 -9999 -9999
0E0 0E0 0E0 0E0 0E0 0E0 0E0 0E0 0E0 0E0 0E0 0E0 0E0 0E0 0E0 0E0 0E0 0E0 0E0 0E0 0E0 0E0 0E0 0E0 0E0 0E0 0E0 0E0 0E0 0E0 0E0 3.75182E-1 1.73823E-1 2.58764E-1 5.60297E-1 5.15543E-1 4.78134E-1 8.09974E-2 2.32476E-1 7.23669E-2 9.66275E-2 1.16526E-1 1.94894E-1 2.96782E-1 2.67695E-1 2.85081E-1 3.46659E-1 1.62379E-1 1.10433E-1 5.66272E-2 9.98137E-3 3.55609E-3 1.12341E-3 4.33367E-3 2.13794E-3 6.95181E-3 1.37273E-2 1.77505E-3 5.17784E-4 6.66532E-5 1.18515E-4 6.19262E-5 7.02208E-5 -9999 -9999 -9999 -9999 -9999 -9999 -9999 -9999 -9999 -9999 -9999 -9999 -9999 -9999 -9999
0E0 0E0 0E0 0E0 0E0 0E0 0E0 0E0 0E0 0E0 0E0 0E0 0E0 0E0 0E0 0E0 0E0 0E0 0E0 0E0 0E0 0E0 0E0 0E0 0E0 0E0 0E0 0E0 0E0 0E0 0E0 2.10966E-1 1.56315E-1 8.92038E-2 6.70619E-2 4.0676E-1 5.19112E-1 4.77071E-1 1.56026E-1 3.53264E-2 7.54244E-2 2.38024E-1 4.1166E-1 4.10341E-1 3.15474E-1 5.86469E-1 2.37694E-1 2.86523E-1 1.20789E-1 8.71392E-2 8.43633E-3 1.13798E-2 9.09336E-3 2.17857E-2 4.17E-3 1.84645E-2 1.04482E-2 4.3159E-3 7.73247E-4 1.44854E-4 1.35527E-4 1.2458E-4 1.50922E-4 -9999 -9999 -9999 -9999 -9999 -9999 -9999 -9999 -9999 -9999 -9999 -9999 -9999 -9999 -9999
0E0 0E0 0E0 0E0 0E0 0E0 0E0 0E0 0E0 0E0 0E0 0E0 0E0 0E0 0E0 0E0 0E0 0E0 0E0 0E0 0E0 0E0 0E0 0E0 0E0 0E0 0E0 0E0 2.5453E-2 2.85408E-2 0E0 0E0 2.4805E-2 2.05271E-2 1.21319E-1 2.87043E-1 4.16409E-1 6.28072E-1 4.16585E-1 1.40889E-1 1.24212E-1 2.04755E-1 3.57953E-1 3.45067E-1 6.20855E-1 4.89711E-1 1.62218E-1 2.33817E-1 3.30054E-1 1.54898E-1 9.2696E-2 1.10063E-1 1.17158E-2 1.85512E-2 4.11723E-2 2.11012E-2 3.84736E-3 2.65314E-4 1.89538E-4 2.61451E-4 1.60421E-4 1.85769E-4 4.42232E-4 -9999 -9999 -9999 -9999 -9999 -9999 -9999 -9999 -9999 -9999 -9999 -9999 -9999 -9999 -9999
