ENM/Final_Models/M_0.9_F_q_Set_1_NE/Gustavia_santanderiensis_Choco_median.asc
ncols         367
nrows         963
xllcorner     -78.6
yllcorner     0.65
cellsize      0.00833333333333323
NODATA_value  -9999
[rows 70 to 104 of 963, columns 234 to 311 of 367]
-9999 -9999 -9999 -9999 -9999 -9999 -9999 -9999 1.38158E-1 1.41846E-1 9.22207E-2 2.40184E-1 1.73308E-1 1.10356E-1 5.79372E-2 1.52087E-2 2.49963E-2 4.87815E-2 7.53518E-2 4.6675E-2 3.13746E-2 2.42371E-2 2.6585E-2 4.47436E-2 2.69617E-2 2.15823E-2 7.45688E-3 1.35131E-2 -9999 -9999 -9999 -9999 -9999 -9999 -9999 -9999 -9999 -9999 -9999 -9999 -9999 -9999 -9999 -9999 -9999 -9999 -9999 -9999 -9999 -9999 -9999 -9999 -9999 -9999 -9999 -9999 -9999 -9999 -9999 -9999 -9999 -9999 -9999 -9999 -9999 -9999 -9999 3.15829E-2 1.21842E-2 1.12056E-2 1.39334E-2 3.03269E-2 -9999 -9999 -9999 1.13427E-3 2.11886E-3 -9999
-9999 -9999 -9999 -9999 -9999 -9999 -9999 -9999 -9999 -9999 2.2457E-1 2.07146E-1 1.69615E-1 1.16246E-1 1.38731E-1 1.7652E-1 3.84028E-2 2.61071E-2 4.233E-2 1.95392E-2 1.59417E-2 2.51003E-2 4.26225E-2 4.25492E-2 5.99366E-2 4.15593E-2 6.07445E-3 9.25436E-3 3.29375E-2 -9999 -9999 -9999 -9999 -9999 -9999 -9999 -9999 -9999 -9999 -9999 -9999 -9999 -9999 -9999 -9999 -9999 -9999 -9999 -9999 -9999 -9999 -9999 -9999 -9999 -9999 -9999 -9999 -9999 -9999 -9999 -9999 -9999 -9999 -9999 -9999 -9999 -9999 6.08106E-2 1.61398E-2 8.8966E-3 1.24042E-2 1.73315E-2 -9999 -9999 2.53381E-2 1.88888E-2 1.77202E-2 -9999
-9999 -9999 -9999 -9999 -9999 -9999 -9999 -9999 -9999 -9999 1.39837E-1 1.47883E-1 1.24484E-1 7.29783E-2 1.29906E-1 -9999 -9999 3.68819E-2 2.06155E-2 2.73447E-2 3.1854E-2 3.20166E-2 1.70204E-2 3.38662E-2 5.56407E-2 3.96978E-2 1.2308E-2 4.35638E-3 1.24832E-2 1.9394E-2 -9999 -9999 -9999 -9999 -9999 -9999 -9999 -9999 -9999 -9999 -9999 -9999 -9999 -9999 -9999 -9999 -9999 -9999 -9999 -9999 -9999 -9999 -9999 -9999 -9999 -9999 -9999 -9999 -9999 -9999 -9999 -9999 -9999 -9999 -9999 -9999 -9999 9.34968E-2 2.6717E-2 3.26097E-2 2.50184E-2 7.36859E-3 -9999 -9999 4.06383E-2 4.45453E-3 4.64442E-3 5.61903E-2
-9999 -9999 -9999 -9999 -9999 -9999 -9999 -9999 -9999 -9999 -9999 1.43449E-1 1.58509E-1 2.44811E-1 7.55502E-2 -9999 -9999 1.37023E-1 6.17705E-2 3.82279E-2 1.06279E-2 1.82851E-2 4.19015E-2 3.88768E-2 4.27101E-2 1.55897E-2 1.6881E-2 2.25511E-2 2.10596E-2 1.10543E-1 1.13318E-1 -9999 -9999 -9999 -9999 -9999 -9999 -9999 -9999 -9999 -9999 -9999 -9999 -9999 -9999 -9999 -9999 -9999 -9999 -9999 -9999 -9999 -9999 -9999 -9999 -9999 -9999 -9999 -9999 -9999 -9999 -9999 -9999 -9999 -9999 -9999 -9999 8.84611E-2 1.15716E-2 1.61709E-1 1.17037E-1 3.14105E-2 -9999 -9999 4.21258E-2 2.79148E-2 3.35063E-2 5.65866E-2
-9999 -9999 -9999 -9999 -9999 -9999 -9999 -9999 -9999 -9999 -9999 -9999 -9999 -9999 -9999 -9999 -9999 7.11204E-2 2.44901E-1 2.03119E-1 1.05597E-1 3.91988E-2 4.5726E-2 5.4107E-2 5.7207E-2 5.7585E-2 6.31457E-2 2.43524E-2 5.06642E-2 8.35674E-2 -9999 -9999 -9999 -9999 -9999 -9999 -9999 -9999 -9999 -9999 -9999 -9999 -9999 -9999 -9999 -9999 -9999 -9999 -9999 -9999 -9999 -9999 -9999 -9999 -9999 -9999 -9999 -9999 -9999 -9999 -9999 -9999 -9999 -9999 -9999 1.41974E-2 1.13096E-2 1.032E-2 4.43169E-2 4.35422E-2 3.44729E-2 8.32365E-3 -9999 9.78861E-3 3.72403E-2 3.61825E-2 8.56141E-2 4.91135E-2
-9999 -9999 -9999 -9999 -9999 -9999 -9999 -9999 -9999 -9999 -9999 -9999 -9999 -9999 -9999 -9999 -9999 -9999 2.22433E-1 1.72851E-1 2.93807E-2 4.81452E-2 9.34769E-2 1.09585E-1 6.08898E-2 8.25101E-2 6.27628E-2 2.97362E-2 1.26868E-1 2.65963E-1 -9999 -9999 -9999 -9999 -9999 -9999 -9999 -9999 -9999 -9999 -9999 -9999 -9999 -9999 -9999 -9999 -9999 -9999 -9999 -9999 -9999 -9999 -9999 -9999 -9999 -9999 -9999 -9999 -9999 -9999 -9999 -9999 -9999 -9999 9.23286E-3 1.28283E-2 1.56932E-2 1.59729E-2 2.03778E-2 3.63238E-2 2.54146E-2 8.20086E-3 7.78287E-3 1.52727E-2 4.83352E-2 4.30576E-2 1.30281E-1 7.39032E-2
-9999 -9999 -9999 -9999 -9999 -9999 -9999 -9999 -9999 -9999 -9999 3.67359E-1 2.18371E-1 2.54067E-1 1.96169E-1 -9999 -9999 -9999 5.36374E-1 4.02782E-1 2.24291E-1 1.24554E-2 7.46005E-2 2.59145E-2 2.8284E-2 9.01695E-2 5.12382E-2 5.35384E-2 3.96882E-2 -9999 -9999 -9999 -9999 -9999 -9999 -9999 -9999 -9999 -9999 -9999 -9999 -9999 -9999 -9999 -9999 -9999 -9999 -9999 -9999 -9999 -9999 -9999 -9999 -9999 -9999 -9999 -9999 -9999 -9999 -9999 -9999 -9999 -9999 -9999 1.06541E-2 1.33957E-2 1.43081E-2 2.46322E-2 3.79133E-2 7.83768E-2 2.7948E-2 9.95522E-3 1.1756E-2 3.11974E-2 5.61105E-2 1.10143E-1 7.38699E-2 8.51251E-2
-9999 -9999 -9999 -9999 -9999 -9999 -9999 -9999 -9999 -9999 -9999 2.48381E-1 2.65761E-1 1.50896E-1 2.23479E-1 1.36953E-1 -9999 -9999 1.66979E-1 1.08862E-1 6.97615E-2 2.43002E-2 5.4216E-2 7.03047E-2 4.61831E-2 8.13207E-2 5.31188E-2 4.47456E-2 3.28147E-2 -9999 -9999 -9999 -9999 -9999 -9999 -9999 -9999 -9999 -9999 -9999 -9999 -9999 -9999 -9999 -9999 -9999 -9999 -9999 -9999 -9999 -9999 -9999 -9999 -9999 -9999 -9999 -9999 -9999 1.62173E-2 2.09646E-2 3.65276E-3 8.17399E-3 1.9352E-2 6.92218E-2 4.87045E-2 3.4302E-2 3.80801E-2 2.05577E-2 5.33248E-2 3.0206E-2 1.70028E-2 5.32909E-3 4.60058E-3 2.19112E-2 1.95862E-2 1.64194E-2 5.19052E-2 4.10864E-2
-9999 -9999 -9999 -9999 -9999 -9999 -9999 -9999 -9999 -9999 -9999 -9999 4.76753E-2 9.34469E-2 6.88525E-2 1.50579E-1 -9999 -9999 1.94315E-1 9.3875E-2 1.76584E-1 2.98655E-2 1.3577E-2 7.73621E-2 1.14292E-1 5.81179E-2 8.41003E-2 7.00084E-2 -9999 -9999 -9999 -9999 -9999 -9999 -9999 -9999 -9999 -9999 -9999 -9999 -9999 -9999 -9999 -9999 -9999 -9999 -9999 -9999 -9999 -9999 -9999 -9999 -9999 -9999 -9999 -9999 -9999 -9999 1.34141E-2 1.10294E-2 8.01862E-3 8.27602E-3 1.65493E-2 1.53333E-2 1.74391E-2 1.8985E-2 3.34826E-2 2.75256E-2 5.76505E-2 1.31215E-2 5.44557E-3 5.55371E-3 8.68472E-3 1.725E-2 1.67992E-2 3.76263E-2 5.67675E-2 8.29401E-2
-9999 -9999 -9999 -9999 -9999 -9999 -9999 -9999 -9999 -9999 -9999 -9999 2.7715E-2 5.45595E-2 6.8196E-2 1.2681E-1 -9999 -9999 2.95697E-1 1.72227E-1 1.78114E-1 1.01267E-1 1.05947E-1 3.32863E-1 5.66751E-1 1.21793E-1 7.60192E-2 6.91596E-2 -9999 -9999 -9999 -9999 -9999 -9999 -9999 -9999 -9999 -9999 -9999 -9999 -9999 -9999 -9999 -9999 -9999 -9999 -9999 -9999 -9999 -9999 -9999 -9999 -9999 -9999 -9999 -9999 -9999 4.63242E-3 4.17289E-3 1.24903E-2 5.60659E-3 2.04493E-2 2.70366E-2 1.84439E-2 3.81703E-2 2.88836E-2 2.2367E-2 3.7466E-2 1.17681E-2 9.72214E-3 5.64987E-3 4.02445E-3 7.72755E-3 2.27164E-2 3.69604E-2 4.36676E-2 4.59999E-2 6.01384E-2
-9999 -9999 -9999 -9999 -9999 -9999 -9999 -9999 -9999 -9999 -9999 4.57586E-1 4.66566E-2 6.33575E-2 4.13418E-2 5.3229E-2 1.67756E-1 -9999 1.54413E-1 7.1981E-2 7.66784E-2 6.16286E-2 1.67559E-1 7.05736E-2 1.46495E-1 1.41494E-1 2.81799E-1 1.89934E-1 1.01513E-1 -9999 -9999 -9999 -9999 -9999 -9999 -9999 -9999 -9999 -9999 -9999 -9999 -9999 -9999 -9999 -9999 -9999 -9999 -9999 -9999 -9999 -9999 -9999 -9999 -9999 -9999 3.22489E-2 1.002E-2 1.32702E-2 3.18245E-3 6.09023E-3 4.20372E-3 1.58992E-2 4.33663E-2 8.24986E-2 3.07082E-2 2.12752E-2 3.59428E-2 6.6752E-2 2.48546E-2 6.57548E-3 7.45978E-3 7.87013E-3 1.06907E-2 5.05436E-3 9.14862E-3 9.90683E-2 1.80241E-1 1.39046E-1
-9999 -9999 -9999 -9999 -9999 -9999 -9999 -9999 -9999 4.82145E-1 -9999 2.89792E-1 2.70686E-1 1.16693E-1 3.73578E-2 1.01544E-1 1.21559E-1 -9999 2.06898E-1 7.2612E-2 1.0893E-1 6.26898E-2 1.50101E-1 1.42949E-1 2.77126E-1 2.18455E-1 1.70067E-1 1.31123E-1 1.68189E-1 -9999 -9999 -9999 -9999 -9999 -9999 -9999 -9999 -9999 -9999 -9999 -9999 -9999 -9999 -9999 -9999 -9999 -9999 -9999 -9999 -9999 -9999 -9999 -9999 2.0877E-2 2.76948E-2 2.99455E-2 8.32205E-3 5.90255E-3 1.89831E-3 3.72871E-3 1.15571E-2 7.68309E-3 1.0692E-2 7.55165E-3 5.97398E-2 2.7059E-2 2.33021E-2 7.91847E-2 1.77633E-2 2.78338E-2 1.36263E-2 6.23474E-3 7.59747E-3 1.06172E-2 1.19161E-2 3.8614E-2 7.65464E-2 1.27917E-1
-9999 -9999 -9999 -9999 -9999 -9999 -9999 -9999 -9999 5.05874E-1 2.85287E-1 -9999 1.59187E-1 1.36125E-1 2.08784E-1 1.78511E-1 2.02036E-1 3.39593E-1 1.99284E-1 2.04175E-1 3.27753E-1 1.25347E-1 5.93226E-2 1.29648E-1 1.3693E-1 2.34567E-1 2.01564E-1 1.93541E-1 1.69816E-1 1.47868E-1 -9999 -9999 -9999 -9999 -9999 -9999 -9999 -9999 -9999 -9999 -9999 -9999 -9999 -9999 -9999 -9999 -9999 -9999 -9999 -9999 -9999 -9999 1.03448E-2 2.8661E-2 1.27947E-2 2.73355E-2 2.26372E-2 3.01561E-2 5.87371E-2 3.54159E-2 1.53214E-2 1.40949E-2 1.96318E-2 1.18106E-1 1.22292E-1 1.42025E-1 1.43094E-1 4.11044E-2 2.93139E-2 4.63734E-2 2.19109E-2 2.27416E-2 9.44655E-3 4.39845E-3 1.09056E-2 5.01928E-3 4.57311E-2 1.34505E-1
-9999 -9999 -9999 -9999 -9999 -9999 -9999 -9999 -9999 4.40984E-1 2.3541E-1 5.38301E-1 2.13694E-1 7.50395E-2 4.44601E-2 6.31013E-2 7.56129E-2 3.04916E-1 3.66308E-1 4.21635E-1 2.55537E-1 1.39282E-1 6.22333E-2 1.10305E-1 1.60703E-1 1.61591E-1 1.98591E-1 1.66253E-1 1.73642E-1 1.41812E-1 -9999 -9999 -9999 -9999 -9999 -9999 -9999 -9999 -9999 -9999 -9999 -9999 -9999 -9999 -9999 -9999 -9999 -9999 -9999 -9999 -9999 1.10165E-2 1.51244E-2 1.26616E-2 4.37801E-2 8.94313E-2 9.04174E-2 1.55598E-1 3.79058E-2 6.06766E-2 9.31757E-2 6.91437E-2 5.08488E-2 1.19736E-1 4.29866E-1 1.24112E-1 7.14777E-2 2.18243E-2 3.90088E-2 4.60471E-2 8.02015E-2 1.1469E-2 5.20417E-3 8.96383E-3 7.71149E-3 4.35511E-3 1.10259E-2 4.66637E-2
-9999 -9999 -9999 -9999 -9999 -9999 -9999 -9999 3.40034E-1 2.34019E-1 1.88538E-1 3.21223E-1 3.03163E-1 2.51962E-1 4.99104E-2 5.97422E-2 9.13714E-2 1.75528E-1 3.24391E-1 2.49272E-1 4.35072E-1 2.68649E-1 7.34993E-2 5.7394E-2 1.21061E-1 2.26046E-1 1.55016E-1 8.49228E-2 1.2299E-1 -9999 -9999 -9999 -9999 -9999 -9999 -9999 -9999 -9999 -9999 -9999 -9999 -9999 -9999 -9999 -9999 -9999 -9999 -9999 -9999 -9999 -9999 6.27263E-3 1.90362E-2 9.04984E-3 4.88526E-2 7.37396E-2 2.3143E-1 3.04616E-1 1.83234E-1 1.85885E-1 6.52915E-2 5.95827E-2 1.01234E-1 1.56358E-1 2.51751E-1 1.17879E-1 7.20006E-2 2.99547E-2 2.6839E-2 4.98457E-2 4.25983E-2 1.53428E-2 6.7017E-3 2.91786E-3 2.9657E-3 2.1382E-3 7.75652E-3 1.68215E-2
-9999 -9999 -9999 -9999 -9999 -9999 -9999 -9999 -9999 -9999 -9999 -9999 2.90174E-1 1.92229E-1 1.25807E-1 1.51284E-1 8.69348E-2 1.19123E-1 2.96789E-1 2.68194E-1 3.21105E-1 2.63227E-1 9.41143E-2 1.25647E-1 1.41285E-1 3.05699E-1 2.38077E-1 1.64281E-1 1.864E-1 -9999 -9999 -9999 -9999 -9999 -9999 -9999 -9999 -9999 -9999 -9999 -9999 -9999 -9999 -9999 -9999 -9999 -9999 -9999 -9999 -9999 -9999 -9999 9.91968E-3 2.83072E-2 7.38211E-2 1.19571E-1 4.43639E-1 4.32621E-1 2.56524E-1 3.97004E-1 2.0076E-1 1.02575E-1 2.12604E-1 3.60656E-1 3.37204E-1 1.34522E-1 1.49438E-1 5.83134E-2 4.40638E-2 5.38469E-2 6.41597E-2 4.25161E-2 4.68574E-2 5.20524E-2 1.25939E-2 1.23265E-3 6.35265E-4 9.13555E-3
-9999 -9999 -9999 -9999 -9999 -9999 -9999 -9999 -9999 -9999 -9999 3.31165E-1 3.7242E-1 2.88985E-1 1.6065E-1 4.47546E-2 4.83899E-2 8.96335E-2 9.08874E-2 2.80013E-1 4.07497E-1 4.44891E-1 1.82072E-1 1.983E-1 1.84917E-1 2.55481E-1 1.53222E-1 8.72825E-2 1.54301E-1 -9999 -9999 -9999 -9999 -9999 -9999 -9999 -9999 -9999 -9999 -9999 -9999 -9999 -9999 -9999 -9999 -9999 -9999 -9999 -9999 -9999 -9999 -9999 -9999 5.51128E-2 8.28294E-2 2.08361E-1 6.76462E-1 5.59606E-1 4.3181E-1 2.07448E-1 1.81175E-1 2.20008E-1 2.68141E-1 3.83449E-1 5.02508E-1 2.6247E-1 1.1753E-1 3.81528E-2 9.36222E-2 1.35616E-1 1.62725E-1 2.04883E-1 5.58134E-2 4.49286E-2 1.76305E-2 1.11329E-2 5.58505E-3 2.80055E-2
-9999 -9999 -9999 -9999 -9999 -9999 -9999 -9999 -9999 -9999 3.46826E-1 3.42889E-1 2.70202E-1 1.59581E-1 9.81716E-2 5.95437E-2 7.12047E-2 4.52582E-2 1.02644E-1 2.81573E-1 2.35253E-1 2.24624E-1 1.08555E-1 7.98063E-2 1.97596E-1 1.47521E-1 2.33816E-1 2.00844E-1 -9999 -9999 -9999 -9999 -9999 -9999 -9999 -9999 -9999 -9999 -9999 -9999 -9999 -9999 -9999 -9999 -9999 -9999 -9999 -9999 -9999 -9999 -9999 -9999 -9999 -9999 5.4558E-2 1.11286E-1 1.39773E-1 2.94451E-1 3.37935E-1 1.84228E-1 1.86515E-1 1.10577E-1 2.14295E-1 3.36515E-1 1.91995E-1 1.61108E-1 1.29242E-1 6.01853E-2 1.7372E-2 8.51968E-2 1.57321E-1 2.22267E-1 1.69541E-1 2.214E-1 1.76084E-1 1.33431E-1 3.8075E-2 3.33771E-2
-9999 -9999 -9999 -9999 -9999 -9999 -9999 -9999 -9999 -9999 -9999 2.98281E-1 2.85399E-1 7.09282E-2 5.21843E-2 1.12592E-1 1.3985E-1 9.43148E-2 6.31019E-2 1.72351E-1 2.61646E-1 2.52729E-1 2.34133E-1 5.9128E-2 1.52309E-1 2.54456E-1 2.47613E-1 2.62227E-1 -9999 -9999 -9999 -9999 -9999 -9999 -9999 -9999 -9999 -9999 -9999 -9999 -9999 -9999 -9999 -9999 -9999 -9999 -9999 -9999 -9999 -9999 -9999 -9999 -9999 -9999 1.28233E-1 4.4841E-2 1.02798E-1 6.52763E-2 7.08699E-2 9.34577E-2 8.77928E-2 1.54954E-1 2.54914E-1 1.92362E-1 1.87964E-1 1.20939E-1 5.14307E-2 5.10833E-2 4.23343E-2 4.699E-2 2.05364E-2 2.73765E-2 5.70192E-2 5.26846E-2 2.04209E-1 2.09279E-1 8.39226E-2 1.34298E-2
-9999 -9999 -9999 -9999 -9999 -9999 -9999 -9999 -9999 -9999 2.5667E-1 1.84608E-1 3.09704E-1 5.32742E-2 1.82768E-2 4.20718E-2 3.32192E-2 1.3543E-1 6.47687E-2 2.2934E-1 2.33931E-1 3.32461E-1 2.53798E-1 1.44712E-1 3.43671E-1 5.23973E-1 1.89245E-1 -9999 -9999 -9999 -9999 -9999 -9999 -9999 -9999 -9999 -9999 -9999 -9999 -9999 -9999 -9999 -9999 -9999 -9999 -9999 -9999 2.18396E-3 2.64016E-3 3.76967E-3 1.6852E-2 3.52144E-2 -9999 -9999 3.03557E-2 1.04006E-1 5.94696E-2 3.35705E-2 3.03368E-2 4.71556E-2 5.65008E-2 8.26655E-2 1.91357E-1 2.8321E-1 2.99569E-1 2.616E-1 1.86229E-2 1.20902E-2 3.99987E-2 5.22801E-2 6.89229E-2 1.67527E-2 7.09043E-2 1.11724E-1 1.97875E-1 1.44238E-1 4.54274E-2 5.18959E-3
-9999 -9999 -9999 -9999 -9999 -9999 -9999 -9999 -9999 1.22214E-1 1.44399E-1 2.39533E-1 1.4535E-1 7.24336E-2 2.96568E-2 2.56588E-2 3.45897E-2 8.45426E-2 8.0607E-2 2.06893E-1 1.77501E-1 2.49432E-1 3.24715E-1 3.94798E-1 4.59564E-1 3.58338E-1 2.07325E-1 -9999 -9999 -9999 -9999 -9999 -9999 -9999 -9999 -9999 -9999 -9999 -9999 -9999 -9999 -9999 -9999 -9999 -9999 -9999 -9999 -9999 1.26303E-2 7.47413E-3 4.45331E-3 4.07964E-2 2.97998E-2 7.18481E-2 6.87868E-2 2.83769E-2 5.57031E-2 2.83221E-2 7.97911E-2 5.6414E-2 5.79824E-2 8.25385E-2 1.31797E-1 3.35E-1 1.61742E-1 2.34544E-1 6.24357E-2 1.35688E-2 3.95379E-2 6.36221E-3 4.40325E-2 1.98613E-2 7.57336E-2 1.4955E-1 2.27299E-1 1.23843E-1 6.78726E-2 6.25302E-3
-9999 -9999 -9999 -9999 -9999 -9999 -9999 -9999 -9999 1.19578E-1 1.1628E-1 1.78331E-1 1.64739E-1 1.13442E-1 3.46663E-2 3.25013E-2 3.57213E-2 8.73918E-2 7.80011E-2 1.53902E-1 2.50376E-1 3.07288E-1 1.44725E-1 4.13434E-1 3.86467E-1 3.52687E-1 -9999 -9999 -9999 -9999 -9999 -9999 -9999 -9999 -9999 -9999 -9999 -9999 -9999 -9999 -9999 -9999 -9999 -9999 -9999 -9999 -9999 -9999 9.73269E-3 2.44476E-2 1.7978E-2 2.07691E-2 1.89149E-2 2.51598E-2 4.95336E-2 2.52471E-2 4.04369E-2 4.49814E-2 6.33425E-2 6.80442E-2 1.12893E-1 1.54949E-1 3.05669E-1 3.96586E-1 1.47342E-1 1.98982E-1 2.17189E-1 7.79818E-2 6.71095E-3 2.18938E-2 5.93479E-3 1.56205E-2 3.56062E-2 6.42078E-2 3.0022E-1 1.89899E-1 6.09889E-2 1.22824E-2
-9999 -9999 -9999 -9999 -9999 -9999 -9999 -9999 -9999 1.15494E-1 1.30523E-1 3.10611E-1 2.43814E-1 6.48331E-2 2.55211E-2 2.26363E-2 2.54731E-2 5.25396E-2 1.30129E-1 1.16098E-1 2.66981E-1 3.43818E-1 4.33818E-1 3.45103E-1 6.27343E-2 1.04644E-1 -9999 -9999 -9999 -9999 -9999 -9999 -9999 -9999 -9999 -9999 -9999 -9999 -9999 -9999 -9999 -9999 -9999 -9999 -9999 -9999 -9999 -9999 6.64951E-2 1.10657E-1 4.53367E-2 1.22432E-1 2.96235E-2 1.13103E-1 6.7506E-2 5.10862E-2 1.10844E-1 1.51166E-1 2.73382E-1 2.58373E-1 2.81833E-1 2.44424E-1 3.54936E-1 3.58027E-1 2.31398E-1 2.7963E-1 2.77121E-1 2.32644E-1 5.78088E-2 7.05284E-3 3.57154E-2 3.81026E-2 1.10726E-1 8.33163E-2 7.90281E-2 1.29314E-1 9.18925E-2 2.64731E-2
-9999 -9999 -9999 -9999 -9999 -9999 -9999 -9999 -9999 1.19604E-1 1.32628E-1 3.02788E-1 2.50155E-1 1.6018E-1 6.36062E-2 6.58773E-2 3.75263E-2 4.30698E-2 1.67408E-1 1.22036E-1 1.42058E-1 3.14143E-1 1.31994E-1 1.09468E-1 6.18422E-2 -9999 -9999 -9999 -9999 -9999 -9999 -9999 -9999 -9999 -9999 -9999 -9999 -9999 -9999 -9999 -9999 -9999 -9999 -9999 -9999 -9999 -9999 -9999 1.44955E-1 1.29914E-1 1.26763E-1 6.40016E-2 1.18696E-1 2.69409E-1 1.10617E-1 3.41372E-1 2.84978E-1 3.37188E-1 4.58385E-1 4.93712E-1 5.08112E-1 4.96071E-1 3.26419E-1 3.13639E-1 4.7444E-1 4.19166E-1 2.06503E-1 1.33518E-1 1.07403E-1 5.23196E-2 2.31539E-2 1.17809E-1 8.81644E-2 1.60698E-1 1.048E-1 1.28313E-1 1.58024E-1 6.13298E-2
-9999 -9999 -9999 -9999 -9999 -9999 -9999 -9999 1.73007E-1 -9999 3.51739E-1 3.15691E-1 4.3282E-1 1.64822E-1 9.24701E-2 8.46127E-2 1.48261E-1 9.49608E-2 1.23491E-1 1.25364E-1 1.34608E-1 2.29697E-1 8.54168E-2 9.42607E-2 1.86204E-1 -9999 -9999 -9999 -9999 -9999 -9999 -9999 -9999 -9999 -9999 -9999 -9999 -9999 -9999 -9999 -9999 -9999 -9999 -9999 -9999 -9999 -9999 -9999 6.31135E-2 1.45895E-1 1.62168E-1 1.10722E-1 5.58338E-2 1.87207E-1 1.85332E-1 1.8888E-1 2.57968E-1 2.78446E-1 2.92747E-1 2.96378E-1 5.84535E-1 5.84307E-1 4.52184E-1 4.81967E-1 4.44384E-1 3.09944E-1 2.84618E-1 2.74393E-1 1.81398E-1 1.47694E-1 5.51651E-2 2.51204E-2 3.88609E-2 6.19308E-2 3.64651E-2 3.29485E-2 2.9386E-2 8.39326E-3
-9999 -9999 -9999 -9999 -9999 -9999 -9999 -9999 -9999 -9999 7.79102E-1 5.08591E-1 2.06387E-1 1.39009E-1 6.75666E-2 4.13696E-2 8.17046E-2 8.96128E-2 9.98288E-2 7.54609E-2 1.62937E-1 8.66401E-2 1.0765E-1 9.92385E-2 1.72174E-1 -9999 -9999 -9999 -9999 -9999 -9999 -9999 -9999 -9999 -9999 -9999 -9999 -9999 -9999 -9999 -9999 -9999 -9999 -9999 -9999 -9999 -9999 -9999 -9999 -9999 5.56097E-2 8.22401E-2 -9999 1.16559E-1 1.22393E-1 1.18984E-1 1.28228E-1 3.61423E-1 2.0854E-1 3.10407E-1 5.34767E-1 2.73989E-1 4.98576E-1 4.10954E-1 3.09437E-1 5.5499E-1 5.29861E-1 4.98806E-1 4.36074E-1 1.84375E-1 4.43158E-2 1.0436E-2 6.96369E-3 2.33328E-2 2.06944E-2 2.13016E-2 3.16665E-2 1.31622E-2
-9999 -9999 -9999 -9999 -9999 -9999 -9999 -9999 -9999 -9999 6.70445E-1 4.73875E-1 2.13079E-1 8.55085E-2 4.35305E-2 2.15702E-2 3.63896E-2 7.55626E-2 5.80229E-2 5.96153E-2 1.02662E-1 7.0578E-2 1.19804E-1 1.35121E-1 1.56603E-1 -9999 -9999 -9999 -9999 -9999 -9999 -9999 -9999 -9999 -9999 -9999 -9999 -9999 -9999 -9999 -9999 -9999 -9999 -9999 -9999 -9999 -9999 -9999 -9999 -9999 -9999 -9999 -9999 8.42223E-2 1.10639E-1 9.25686E-2 1.29566E-1 1.7814E-1 2.14131E-1 6.22844E-1 6.43234E-1 5.98563E-1 2.47293E-1 2.0918E-1 2.96814E-1 5.43229E-1 4.58315E-1 6.07059E-1 5.51876E-1 1.85006E-1 1.42123E-2 5.29035E-3 3.71447E-3 1.57534E-3 2.26468E-3 2.79898E-3 1.79929E-2 6.24176E-3
-9999 -9999 -9999 -9999 -9999 -9999 -9999 -9999 -9999 8.87455E-1 4.30526E-1 2.97157E-1 4.44971E-1 1.17029E-1 6.35597E-2 2.63233E-2 3.92823E-2 6.4772E-2 1.00482E-1 1.39903E-1 8.4205E-2 8.79511E-2 7.39153E-2 1.54469E-1 -9999 -9999 -9999 -9999 -9999 -9999 -9999 -9999 -9999 -9999 -9999 -9999 -9999 -9999 -9999 -9999 -9999 -9999 -9999 -9999 -9999 -9999 -9999 -9999 -9999 -9999 -9999 -9999 4.91942E-2 5.76587E-2 8.67238E-2 2.63763E-1 2.90471E-1 2.02768E-1 1.74149E-1 2.497E-1 4.04099E-1 2.763E-1 1.2869E-1 1.36614E-1 2.73025E-1 4.23023E-1 6.03514E-1 5.60779E-1 6.3003E-1 1.6524E-1 2.10717E-2 2.62341E-2 1.24624E-3 2.33734E-3 1.42439E-3 3.62561E-3 5.06316E-3 1.64431E-3
-9999 -9999 -9999 -9999 -9999 -9999 -9999 -9999 -9999 7.79796E-1 5.8462E-1 4.70455E-1 1.10506E-1 1.3895E-1 1.33903E-1 6.55777E-2 4.58513E-2 5.75141E-2 7.67057E-2 1.8302E-1 1.47978E-1 1.29899E-1 4.44644E-2 -9999 -9999 -9999 -9999 -9999 -9999 -9999 -9999 -9999 -9999 -9999 -9999 -9999 -9999 -9999 -9999 -9999 -9999 -9999 -9999 -9999 -9999 -9999 -9999 -9999 -9999 -9999 -9999 -9999 -9999 -9999 -9999 7.54155E-2 6.31305E-2 3.97004E-2 4.84102E-2 1.33703E-1 1.49556E-1 1.60885E-1 7.51354E-2 1.00544E-1 2.04902E-1 3.71652E-1 3.02151E-1 3.03548E-1 1.44119E-1 4.50098E-2 2.00166E-2 1.47576E-2 4.19475E-3 4.57167E-3 7.83778E-4 1.38556E-3 2.5956E-3 2.14996E-3
-9999 -9999 -9999 -9999 -9999 -9999 -9999 -9999 -9999 6.19564E-1 6.08368E-1 3.08827E-1 1.29766E-1 1.51305E-1 5.39416E-2 7.25612E-2 8.8476E-2 1.31898E-1 2.18033E-1 2.77099E-1 1.74006E-1 1.37288E-1 1.31729E-1 -9999 -9999 -9999 -9999 -9999 -9999 -9999 -9999 -9999 -9999 -9999 -9999 -9999 -9999 -9999 -9999 -9999 -9999 -9999 -9999 -9999 -9999 -9999 -9999 -9999 -9999 -9999 -9999 -9999 -9999 8.03746E-2 8.52551E-2 3.57641E-2 3.98766E-2 5.1371E-2 5.39477E-2 4.28478E-2 8.31848E-2 9.65342E-2 9.25128E-2 1.00953E-1 4.88894E-2 1.06589E-1 1.49235E-1 3.04154E-2 6.91176E-2 5.04287E-2 1.87169E-2 6.84547E-3 2.45627E-3 1.79981E-3 5.22407E-3 5.91657E-3 4.10769E-3 1.08035E-2
9.97418E-1 -9999 -9999 -9999 -9999 -9999 -9999 -9999 -9999 6.02188E-1 5.37585E-1 4.50398E-1 1.59128E-1 1.8852E-1 1.41059E-1 1.26487E-1 1.21405E-1 2.8961E-1 2.26495E-1 2.63881E-1 1.83436E-1 2.53584E-1 3.5911E-1 -9999 -9999 -9999 -9999 -9999 -9999 -9999 -9999 -9999 -9999 -9999 -9999 -9999 -9999 -9999 -9999 -9999 -9999 -9999 -9999 -9999 -9999 -9999 -9999 -9999 -9999 -9999 -9999 -9999 -9999 1.01161E-1 7.33058E-2 8.14911E-2 6.91404E-2 7.02142E-2 9.11692E-2 9.75685E-2 5.98385E-2 7.95367E-2 6.25139E-2 2.86144E-2 5.39515E-2 6.31272E-2 7.50368E-2 6.59607E-2 1.24094E-2 8.61136E-3 1.14255E-2 2.00475E-3 1.47097E-3 2.76515E-3 1.01484E-2 1.28998E-2 1.2852E-2 2.54756E-2
9.34797E-1 8.34365E-1 -9999 -9999 -9999 -9999 -9999 -9999 -9999 -9999 4.88664E-1 3.29325E-1 2.19171E-1 2.50384E-1 2.08753E-1 1.61175E-1 9.697E-2 2.8739E-1 3.85253E-1 4.19421E-1 3.27216E-1 3.00593E-1 4.29221E-1 2.27131E-1 -9999 -9999 -9999 -9999 -9999 -9999 -9999 -9999 -9999 -9999 -9999 -9999 -9999 -9999 -9999 -9999 -9999 -9999 -9999 -9999 -9999 -9999 -9999 -9999 -9999 -9999 -9999 -9999 -9999 -9999 1.80487E-1 9.15835E-2 1.21991E-1 9.92336E-2 9.30504E-2 1.29434E-1 4.07295E-1 3.48564E-1 2.14216E-1 7.61599E-2 4.07205E-2 6.50458E-2 5.59986E-2 4.2787E-2 4.73317E-2 3.10952E-2 6.25315E-3 2.13654E-3 3.22191E-3 6.9637E-3 1.63161E-2 2.43347E-2 2.56196E-2 6.24603E-2
9.23478E-1 7.055E-1 7.39597E-1 -9999 -9999 -9999 -9999 -9999 -9999 -9999 5.37838E-1 5.79488E-1 6.57458E-1 1.77011E-1 2.59245E-1 1.51187E-1 1.08301E-1 1.61815E-1 1.48565E-1 2.86433E-1 2.37356E-1 2.89799E-1 1.65505E-1 -9999 -9999 -9999 -9999 -9999 -9999 -9999 -9999 -9999 -9999 -9999 -9999 -9999 -9999 -9999 -9999 -9999 -9999 -9999 -9999 -9999 -9999 -9999 -9999 -9999 -9999 -9999 -9999 -9999 -9999 -9999 1.14305E-1 1.84741E-1 1.42959E-1 1.42053E-1 1.27401E-1 2.43925E-1 4.45363E-1 4.93866E-1 4.05148E-1 2.14992E-1 1.41171E-1 7.67728E-2 3.22561E-2 2.38015E-2 1.58815E-2 3.09441E-2 1.82214E-2 4.33885E-3 4.42859E-3 5.78342E-3 8.06321E-3 1.14498E-2 2.18103E-2 8.59061E-2
9.40123E-1 8.94691E-1 7.505E-1 5.15449E-1 5.10845E-1 -9999 -9999 -9999 -9999 -9999 4.28724E-1 5.09621E-1 5.69068E-1 2.82649E-1 1.80971E-1 2.0016E-1 1.54938E-1 2.36587E-1 2.48643E-1 1.63732E-1 1.59913E-1 2.39724E-1 1.52914E-1 -9999 -9999 -9999 -9999 -9999 -9999 -9999 -9999 -9999 -9999 -9999 -9999 -9999 -9999 -9999 -9999 -9999 -9999 -9999 -9999 -9999 -9999 -9999 -9999 -9999 -9999 -9999 -9999 -9999 -9999 -9999 1.13485E-1 1.03175E-1 2.08226E-1 1.81583E-1 1.15234E-1 2.8424E-1 4.18925E-1 4.37432E-1 4.3636E-1 5.5579E-1 1.73493E-1 1.55532E-1 3.60763E-2 2.43735E-2 8.28387E-3 2.72835E-2 2.43639E-2 3.30144E-3 3.96473E-3 7.30678E-3 1.07632E-2 1.56822E-2 1.28146E-2 9.62119E-2
8.83757E-1 7.25798E-1 8.57526E-1 8.05003E-1 4.67703E-1 5.14456E-1 -9999 -9999 -9999 -9999 5.25805E-1 3.59681E-1 2.55571E-1 1.81245E-1 2.12409E-1 1.52872E-1 3.71284E-1 3.82175E-1 2.9523E-1 2.04187E-1 1.3538E-1 3.43418E-1 -9999 -9999 -9999 -9999 -9999 -9999 -9999 -9999 -9999 -9999 -9999 -9999 -9999 -9999 -9999 -9999 -9999 -9999 -9999 -9999 -9999 -9999 -9999 -9999 -9999 -9999 -9999 -9999 -9999 -9999 -9999 -9999 1.66332E-1 1.66817E-1 2.73677E-1 3.01752E-1 2.56165E-1 4.32949E-1 6.71741E-1 7.12267E-1 7.46266E-1 6.4907E-1 5.00492E-1 2.19199E-1 4.89137E-2 4.85998E-2 2.22679E-2 2.19092E-2 1.7285E-2 2.34045E-3 6.73732E-3 2.62956E-3 8.20008E-3 3.79593E-3 4.44214E-3 1.42461E-1
