ENM/Final_Models/M_0.9_F_q_Set_1_NE/Gustavia_santanderiensis_Choco_median.asc
ncols         367
nrows         963
xllcorner     -78.6
yllcorner     0.65
cellsize      0.00833333333333323
NODATA_value  -9999
[rows 455 to 489 of 963, columns 234 to 311 of 367]
0E0 0E0 0E0 0E0 0E0 0E0 0E0 0E0 0E0 0E0 0E0 0E0 0E0 2.0604E-2 4.02446E-3 6.37232E-3 5.52339E-3 1.93029E-2 3.11126E-2 4.8552E-2 0E0 0E0 0E0 4.02725E-2 8.29148E-1 1.37367E-1 8.09735E-2 3.14415E-1 2.81163E-1 1.76164E-1 1.62359E-1 7.71803E-2 3.62586E-2 7.48091E-4 2.35506E-3 1.94785E-2 4.21506E-2 1.72879E-2 4.82479E-2 0E0 2.70381E-1 1.19676E-1 0E0 1.66982E-1 5.139E-2 2.30922E-2 3.0729E-2 3.88328E-2 8.73736E-2 2.64172E-2 2.65122E-2 5.51511E-2 9.36988E-2 7.42699E-2 2.7245E-2 1.08117E-2 -9999 -9999 -9999 -9999 -9999 -9999 -9999 -9999 -9999 -9999 -9999 -9999 -9999 -9999 -9999 -9999 -9999 -9999 -9999 -9999 -9999 -9999
0E0 0E0 0E0 0E0 0E0 0E0 0E0 0E0 0E0 0E0 0E0 0E0 5.47056E-2 2.13482E-2 3.90011E-2 4.97462E-3 1.12473E-2 7.82321E-3 1.35846E-2 5.61316E-2 0E0 0E0 0E0 1.70202E-1 4.40297E-1 3.68315E-1 5.42788E-1 7.34887E-1 3.58597E-1 3.10868E-1 4.28617E-1 4.55946E-1 8.07673E-2 1.69157E-1 4.54095E-2 2.60536E-2 1.85235E-3 1.60302E-2 1.17988E-2 4.82207E-2 0E0 1.72249E-1 1.60626E-1 3.24339E-1 7.19786E-2 0E0 0E0 5.30409E-2 1.80817E-1 3.41893E-2 1.88487E-2 2.95775E-2 1.00486E-1 1.1444E-1 7.82347E-2 8.07188E-3 -9999 -9999 -9999 -9999 -9999 -9999 -9999 -9999 -9999 -9999 -9999 -9999 -9999 -9999 -9999 -9999 -9999 -9999 -9999 -9999 -9999 -9999
0E0 0E0 0E0 0E0 0E0 0E0 0E0 0E0 0E0 0E0 0E0 0E0 1.06049E-2 9.97644E-3 1.26409E-2 1.17352E-2 2.6124E-2 1.14624E-2 2.44805E-2 2.68721E-2 0E0 0E0 0E0 1.02014E-1 4.44082E-1 5.83279E-1 6.25396E-1 4.9407E-1 3.81787E-1 3.94668E-1 6.84797E-1 5.03735E-1 2.11695E-1 2.10867E-1 3.56279E-1 3.41323E-2 2.17262E-2 1.51422E-2 1.29699E-2 0E0 8.50958E-2 1.25956E-1 0E0 2.58664E-1 1.08332E-1 6.61171E-2 3.35322E-2 4.97324E-2 1.04864E-1 1.51664E-1 4.96601E-2 2.38364E-2 5.93937E-2 7.37759E-2 4.35876E-2 1.18013E-2 -9999 -9999 -9999 -9999 -9999 -9999 -9999 -9999 -9999 -9999 -9999 -9999 -9999 -9999 -9999 -9999 -9999 -9999 -9999 -9999 -9999 -9999
0E0 0E0 0E0 0E0 0E0 0E0 0E0 0E0 0E0 0E0 0E0 1.5674E-2 3.84231E-3 6.8801E-3 5.08372E-3 1.80658E-2 5.02502E-2 2.89083E-2 3.4504E-2 0E0 0E0 0E0 0E0 1.19351E-2 3.69474E-1 2.2862E-1 7.01099E-1 8.00791E-1 3.62201E-1 1.49836E-1 5.86808E-2 1.46451E-1 5.5457E-1 5.05559E-1 2.69294E-1 1.26533E-1 3.63452E-2 4.18181E-3 8.01904E-3 0E0 6.67156E-2 0E0 0E0 2.28112E-1 9.73291E-2 4.45471E-2 7.83446E-3 4.74697E-2 1.20731E-1 0E0 2.88655E-2 1.23075E-2 8.63466E-3 1.37899E-2 4.30485E-2 1.16575E-2 -9999 -9999 -9999 -9999 -9999 -9999 -9999 -9999 -9999 -9999 -9999 -9999 -9999 -9999 -9999 -9999 -9999 -9999 -9999 -9999 -9999 -9999
0E0 0E0 0E0 0E0 0E0 0E0 0E0 0E0 0E0 0E0 4.13906E-3 2.53566E-3 6.07515E-3 1.28645E-2 1.59891E-2 4.62269E-3 1.47199E-2 2.8623E-2 6.08452E-2 5.97627E-3 5.38941E-2 0E0 0E0 1.09917E-1 8.16277E-2 2.82738E-1 1.26122E-1 1.72521E-1 2.45329E-1 1.25775E-1 2.44113E-1 1.18895E-1 1.76444E-1 3.13853E-1 5.07931E-1 1.88679E-1 2.50869E-2 3.12027E-2 3.76522E-2 0E0 8.61821E-2 7.33884E-2 0E0 1.04275E-1 4.34242E-2 1.291E-2 7.45964E-4 2.12194E-2 9.95976E-2 0E0 4.07748E-2 6.0782E-3 6.72976E-3 1.41884E-2 1.74177E-2 7.07084E-3 2.432E-3 -9999 -9999 -9999 -9999 -9999 -9999 -9999 -9999 -9999 -9999 -9999 -9999 -9999 -9999 -9999 -9999 -9999 -9999 -9999 -9999 -9999
0E0 0E0 0E0 0E0 0E0 0E0 0E0 0E0 0E0 0E0 6.37805E-3 4.7981E-3 3.26671E-3 1.20236E-2 1.74345E-2 1.20995E-2 2.23279E-2 2.34681E-2 0E0 6.51711E-2 0E0 0E0 5.09671E-2 3.22773E-2 2.80169E-2 1.36667E-2 1.08628E-2 1.6565E-3 1.95481E-3 5.50875E-1 2.61495E-1 1.64637E-2 8.4251E-3 1.99497E-2 7.20032E-2 1.11347E-2 8.99716E-2 0E0 1.22984E-1 7.29005E-2 4.99898E-2 2.58824E-2 5.34848E-2 5.35602E-2 7.0586E-2 5.73402E-2 3.65056E-3 1.70411E-2 2.33207E-2 2.66316E-2 2.43181E-2 6.71132E-3 4.58204E-3 1.21549E-2 3.74077E-3 1.97267E-3 9.40355E-3 -9999 -9999 -9999 -9999 -9999 -9999 -9999 -9999 -9999 -9999 -9999 -9999 -9999 -9999 -9999 -9999 -9999 -9999 -9999 -9999 -9999
0E0 0E0 0E0 0E0 0E0 0E0 0E0 0E0 0E0 0E0 5.19883E-3 7.08788E-3 2.63693E-2 2.01058E-2 2.85755E-2 2.32926E-2 1.98827E-2 2.40618E-2 1.5555E-2 3.58478E-2 7.26191E-2 0E0 2.23084E-1 1.92553E-1 2.60651E-1 2.68438E-1 7.97422E-3 6.58762E-3 1.58104E-2 1.35025E-1 1.57823E-1 8.40108E-2 1.91225E-2 3.62421E-2 7.24877E-2 0E0 6.1334E-2 6.68359E-2 4.96505E-2 4.09266E-2 1.649E-2 9.28446E-3 1.78097E-2 3.12648E-2 3.94002E-2 1.9834E-2 7.08097E-3 8.33108E-3 1.24678E-2 5.93664E-3 7.81349E-3 8.22334E-3 8.53514E-3 6.30049E-3 2.61635E-3 2.38662E-3 3.54428E-3 -9999 -9999 -9999 -9999 -9999 -9999 -9999 -9999 -9999 -9999 -9999 -9999 -9999 -9999 -9999 -9999 -9999 -9999 -9999 -9999 -9999
0E0 0E0 0E0 0E0 0E0 0E0 0E0 0E0 0E0 0E0 1.53274E-2 1.8936E-2 3.20713E-2 2.8263E-2 5.10282E-2 2.50306E-2 1.26908E-2 3.95528E-3 3.15868E-2 5.83813E-2 0E0 0E0 2.02593E-1 1.58687E-1 1.44166E-1 5.11747E-1 4.91648E-2 3.41755E-2 3.75497E-3 9.04845E-3 2.94555E-2 2.06721E-2 2.30465E-2 1.29292E-2 9.2949E-2 0E0 4.28641E-2 4.40151E-2 2.50884E-2 1.86118E-2 1.47706E-2 2.22753E-2 1.18436E-2 1.31027E-2 1.15912E-2 6.9718E-3 2.42092E-3 6.12849E-3 2.35379E-2 2.93388E-3 4.89671E-3 3.29981E-3 4.19632E-3 8.3775E-3 6.18233E-3 9.10808E-3 7.30269E-3 -9999 -9999 -9999 -9999 -9999 -9999 -9999 -9999 -9999 -9999 -9999 -9999 -9999 -9999 -9999 -9999 -9999 -9999 -9999 -9999 -9999
0E0 0E0 0E0 0E0 0E0 0E0 0E0 0E0 0E0 0E0 1.03778E-2 2.13864E-2 2.90556E-2 2.09481E-2 3.47067E-2 3.48229E-2 1.84056E-2 1.11193E-2 3.264E-2 0E0 0E0 0E0 0E0 6.47281E-3 1.1163E-1 1.77524E-1 4.60582E-1 4.91118E-1 2.02811E-2 4.21579E-2 8.03478E-2 5.6869E-3 1.66257E-2 1.47087E-2 1.33065E-2 0E0 6.51003E-2 1.02049E-1 3.9247E-2 3.24209E-2 6.74198E-2 3.0687E-2 3.59882E-2 1.14831E-2 1.5251E-2 7.35686E-3 3.42252E-3 2.8087E-3 6.25256E-3 2.79484E-3 1.06715E-3 2.11233E-3 8.97172E-4 4.72874E-3 4.61954E-3 2.90793E-3 1.87904E-3 -9999 -9999 -9999 -9999 -9999 -9999 -9999 -9999 -9999 -9999 -9999 -9999 -9999 -9999 -9999 -9999 -9999 -9999 -9999 -9999 -9999
0E0 0E0 0E0 0E0 0E0 0E0 0E0 0E0 0E0 8.64021E-3 5.50629E-3 2.44244E-2 3.26679E-2 2.74301E-2 2.99965E-2 2.86898E-2 1.31347E-2 1.8612E-2 2.93989E-2 4.85764E-2 0E0 0E0 0E0 0E0 8.90668E-3 8.04641E-2 4.59192E-1 3.30247E-1 1.3075E-1 5.34393E-2 2.6695E-2 4.27453E-2 2.88902E-2 1.26042E-2 1.9233E-2 7.17586E-2 1.01242E-1 6.98397E-2 5.19411E-2 7.97851E-2 8.37641E-2 2.75145E-2 2.571E-2 8.76214E-3 5.38372E-3 2.99103E-3 2.09528E-3 6.19777E-4 1.50523E-3 1.90995E-4 6.27218E-4 5.24114E-4 8.67985E-4 1.33581E-3 1.00344E-2 5.99232E-4 1.0826E-2 -9999 -9999 -9999 -9999 -9999 -9999 -9999 -9999 -9999 -9999 -9999 -9999 -9999 -9999 -9999 -9999 -9999 -9999 -9999 -9999 -9999
0E0 0E0 0E0 0E0 0E0 0E0 0E0 0E0 0E0 5.61402E-3 1.05233E-2 8.02487E-3 3.08236E-2 2.64066E-2 1.86244E-2 1.00459E-2 1.29683E-3 2.33711E-3 2.02227E-3 1.37377E-2 4.81472E-2 6.70059E-2 4.30856E-2 0E0 0E0 1.21531E-1 2.36999E-2 6.08497E-2 5.00019E-2 3.79853E-2 2.92404E-2 3.5798E-2 2.88813E-2 3.40047E-2 4.3827E-3 1.66413E-2 4.98327E-2 6.74205E-2 5.31236E-2 3.73093E-2 4.0377E-2 6.40327E-2 8.96085E-2 3.7664E-3 3.05692E-3 1.48848E-3 4.23293E-5 1.24771E-4 3.88817E-4 2.95652E-4 8.73832E-4 3.24699E-3 2.587E-3 5.31147E-3 4.73846E-3 5.77982E-3 1.06253E-2 -9999 -9999 -9999 -9999 -9999 -9999 -9999 -9999 -9999 -9999 -9999 -9999 -9999 -9999 -9999 -9999 -9999 -9999 -9999 -9999 -9999
0E0 0E0 0E0 0E0 0E0 0E0 0E0 0E0 0E0 1.23383E-2 1.44105E-2 6.71015E-3 2.85171E-2 3.33085E-2 2.43969E-2 6.78717E-3 8.63539E-3 2.7305E-4 7.33679E-4 1.70078E-3 5.16652E-3 2.39236E-2 3.99698E-2 6.00241E-2 0E0 1.23889E-1 2.04449E-2 8.13164E-3 1.45354E-2 2.89781E-2 4.08831E-2 5.37716E-2 1.13382E-1 4.08462E-2 1.09371E-1 2.82681E-2 4.30893E-2 4.38069E-2 5.13043E-2 6.47048E-2 6.56381E-2 3.18946E-2 1.715E-2 2.36946E-2 1.55817E-3 1.5852E-3 1.16618E-3 2.42948E-4 6.62784E-4 3.88809E-4 1.70818E-3 1.06659E-3 6.22851E-3 1.06687E-2 4.29705E-3 3.47439E-3 -9999 -9999 -9999 -9999 -9999 -9999 -9999 -9999 -9999 -9999 -9999 -9999 -9999 -9999 -9999 -9999 -9999 -9999 -9999 -9999 -9999 -9999
0E0 0E0 0E0 0E0 0E0 0E0 0E0 0E0 0E0 2.70645E-2 1.90736E-2 1.60764E-2 2.13189E-2 7.36935E-2 3.17196E-2 4.82853E-2 2.7623E-3 7.77654E-4 1.718E-4 1.02898E-3 9.73601E-3 1.74359E-2 3.23153E-2 3.07349E-2 7.23262E-2 5.97979E-2 1.40783E-2 1.38779E-2 1.08348E-2 2.86002E-2 2.39075E-2 1.82034E-1 8.5388E-2 0E0 6.86162E-2 1.28127E-1 8.24339E-2 0E0 7.23914E-2 5.10665E-2 5.97671E-2 6.53514E-2 1.71359E-2 9.21416E-3 2.44406E-3 2.64822E-4 1.00075E-3 3.48118E-3 9.17123E-4 9.31056E-4 2.45422E-3 2.10828E-3 2.70463E-3 1.36074E-3 1.28439E-2 2.52019E-3 -9999 -9999 -9999 -9999 -9999 -9999 -9999 -9999 -9999 -9999 -9999 -9999 -9999 -9999 -9999 -9999 -9999 -9999 -9999 -9999 -9999 -9999
0E0 0E0 0E0 0E0 0E0 0E0 0E0 0E0 0E0 0E0 1.68349E-2 1.04831E-2 2.60656E-2 6.64557E-2 0E0 4.28454E-2 5.50103E-3 1.22376E-3 3.11951E-4 8.65011E-4 1.38928E-2 1.0785E-2 1.11701E-2 3.43859E-2 6.09548E-2 9.91165E-2 2.5169E-2 2.70261E-2 2.62656E-2 2.81337E-2 7.7189E-2 0E0 1.25808E-1 9.15032E-2 4.14668E-2 2.67638E-2 2.3855E-2 5.0797E-2 3.84737E-2 3.58468E-2 5.79759E-2 1.82812E-2 4.80528E-3 6.1366E-4 3.54355E-4 2.30716E-3 1.90326E-3 4.37154E-3 3.6154E-3 3.04878E-3 4.53795E-4 2.02663E-3 1.3896E-2 2.89686E-2 4.73514E-2 4.80039E-3 -9999 -9999 -9999 -9999 -9999 -9999 -9999 -9999 -9999 -9999 -9999 -9999 -9999 -9999 -9999 -9999 -9999 -9999 -9999 -9999 -9999 -9999
0E0 0E0 0E0 0E0 0E0 0E0 0E0 0E0 0E0 3.95577E-2 1.04503E-2 5.00542E-3 3.28614E-2 9.06253E-2 2.63167E-2 3.20757E-2 2.92848E-2 1.89435E-3 4.74431E-4 1.11248E-3 8.29899E-3 7.45861E-3 7.77852E-3 3.43691E-2 5.70313E-2 1.15432E-1 5.061E-2 4.85688E-2 4.44232E-2 3.76251E-2 3.72913E-2 0E0 1.09733E-1 6.97803E-2 4.1165E-2 1.32258E-2 1.09574E-2 1.04329E-2 2.22683E-2 2.38045E-2 2.08851E-2 3.46404E-3 2.40562E-3 2.34893E-3 4.84845E-4 1.18205E-3 6.15704E-3 1.12012E-2 4.20056E-3 7.10349E-3 7.00448E-3 5.00782E-3 3.27815E-2 4.02727E-2 3.69515E-2 1.17606E-3 -9999 -9999 -9999 -9999 -9999 -9999 -9999 -9999 -9999 -9999 -9999 -9999 -9999 -9999 -9999 -9999 -9999 -9999 -9999 -9999 -9999 -9999
0E0 0E0 0E0 0E0 0E0 0E0 0E0 0E0 0E0 1.10322E-2 6.05597E-3 1.78249E-2 0E0 2.01994E-1 3.46325E-3 2.12193E-3 0E0 9.45415E-3 2.59241E-3 1.64431E-2 1.95715E-2 5.52413E-3 8.61316E-3 7.41357E-3 3.07513E-2 1.76346E-2 0E0 5.85555E-2 9.20296E-2 7.31666E-2 5.56649E-2 6.77986E-2 3.03739E-2 9.22959E-3 8.48173E-3 8.62551E-3 7.20733E-3 1.06276E-2 2.76947E-2 1.07423E-2 3.37392E-3 1.21518E-3 2.11467E-3 2.30456E-3 3.27674E-3 7.30388E-3 8.75095E-4 1.83041E-3 4.81346E-3 3.63508E-3 8.83151E-3 2.00659E-2 4.43646E-2 7.62715E-2 2.91957E-2 4.78484E-3 -9999 -9999 -9999 -9999 -9999 -9999 -9999 -9999 -9999 -9999 -9999 -9999 -9999 -9999 -9999 -9999 -9999 -9999 -9999 -9999 -9999 -9999
0E0 0E0 0E0 0E0 0E0 0E0 0E0 0E0 0E0 2.14106E-2 2.32672E-2 3.34923E-2 0E0 0E0 1.73611E-1 0E0 8.55977E-2 2.67347E-2 2.75786E-2 8.21928E-2 0E0 1.82796E-2 6.32329E-4 9.99565E-3 1.72641E-2 1.09533E-1 1.00428E-1 0E0 0E0 0E0 0E0 2.68333E-2 9.64796E-3 1.92916E-2 1.91896E-2 1.8524E-2 1.55999E-2 1.83491E-2 2.14797E-2 5.27747E-3 5.46264E-4 2.46068E-4 2.81786E-4 7.69744E-4 2.18431E-3 6.95821E-3 3.91522E-5 3.2574E-3 7.82138E-3 7.23406E-3 9.23409E-3 1.32609E-2 9.77164E-3 6.40575E-3 2.03181E-2 2.0637E-2 -9999 -9999 -9999 -9999 -9999 -9999 -9999 -9999 -9999 -9999 -9999 -9999 -9999 -9999 -9999 -9999 -9999 -9999 -9999 -9999 -9999 -9999
0E0 0E0 0E0 0E0 0E0 0E0 0E0 0E0 0E0 0E0 2.15367E-2 1.86771E-2 3.50797E-2 0E0 0E0 4.23229E-2 1.66206E-2 9.89367E-3 2.19666E-2 8.47254E-2 5.07387E-2 3.35413E-2 8.64264E-3 1.11481E-2 4.81508E-2 0E0 0E0 0E0 0E0 0E0 0E0 5.40567E-2 3.81754E-2 8.05601E-2 8.3565E-2 3.79037E-2 2.98445E-2 3.45137E-2 2.07039E-3 1.04087E-2 3.01625E-3 3.37995E-3 1.58705E-3 1.31581E-3 1.17447E-3 1.8841E-3 3.38353E-3 8.62642E-3 2.48921E-3 1.5575E-2 3.40453E-2 1.42168E-2 1.99723E-2 2.0757E-2 1.46527E-2 3.64057E-2 -9999 -9999 -9999 -9999 -9999 -9999 -9999 -9999 -9999 -9999 -9999 -9999 -9999 -9999 -9999 -9999 -9999 -9999 -9999 -9999 -9999 -9999
0E0 0E0 0E0 0E0 0E0 0E0 0E0 0E0 0E0 0E0 2.455E-2 6.42244E-2 0E0 0E0 1.41629E-1 6.79206E-2 1.84102E-2 3.1796E-2 1.10023E-1 2.41966E-1 0E0 4.60969E-2 3.00842E-2 4.40791E-2 0E0 0E0 0E0 0E0 0E0 0E0 2.06056E-1 1.55954E-1 7.14566E-2 1.88683E-1 1.18761E-1 1.30647E-1 7.36505E-2 3.26555E-2 4.87048E-2 3.86058E-2 3.45561E-2 7.65001E-3 1.69351E-3 1.08844E-3 3.32897E-3 5.3892E-3 7.5025E-3 3.14766E-3 3.19174E-3 9.10669E-5 1.98815E-2 3.45884E-2 1.83063E-2 2.91424E-2 2.73579E-2 3.52798E-2 -9999 -9999 -9999 -9999 -9999 -9999 -9999 -9999 -9999 -9999 -9999 -9999 -9999 -9999 -9999 -9999 -9999 -9999 -9999 -9999 -9999 -9999
0E0 0E0 0E0 0E0 0E0 0E0 0E0 0E0 0E0 0E0 0E0 0E0 0E0 0E0 0E0 0E0 0E0 0E0 0E0 0E0 0E0 0E0 0E0 0E0 0E0 0E0 0E0 3.20149E-2 1.58533E-2 6.352E-2 8.94813E-2 7.22553E-2 2.15146E-2 5.5988E-2 3.82329E-2 2.69115E-2 1.48707E-2 1.53127E-1 4.12398E-2 4.10461E-2 2.78705E-2 5.63845E-3 4.17895E-3 2.08378E-3 3.65383E-3 1.8819E-3 2.93122E-3 4.35269E-3 4.64019E-3 1.19742E-2 2.21101E-2 1.4378E-2 1.17659E-2 2.58609E-3 9.43102E-3 2.01359E-2 -9999 -9999 -9999 -9999 -9999 -9999 -9999 -9999 -9999 -9999 -9999 -9999 -9999 -9999 -9999 -9999 -9999 -9999 -9999 -9999 -9999 -9999
0E0 0E0 0E0 0E0 0E0 0E0 0E0 0E0 0E0 0E0 0E0 0E0 0E0 0E0 0E0 0E0 0E0 0E0 0E0 0E0 0E0 0E0 0E0 0E0 0E0 0E0 1.39104E-2 9.70827E-2 1.68097E-1 1.29771E-1 1.11324E-1 1.27727E-1 1.17753E-1 4.28042E-2 5.89751E-2 5.91688E-2 4.02745E-2 0E0 1.10162E-1 4.40529E-2 3.53727E-2 4.91224E-3 7.87898E-3 2.34571E-3 6.30207E-4 5.9865E-4 3.34633E-4 4.51902E-4 1.77728E-3 3.35566E-3 3.75817E-3 7.14677E-3 9.84452E-3 7.74787E-3 1.33034E-2 1.38647E-2 -9999 -9999 -9999 -9999 -9999 -9999 -9999 -9999 -9999 -9999 -9999 -9999 -9999 -9999 -9999 -9999 -9999 -9999 -9999 -9999 -9999 -9999
0E0 0E0 0E0 0E0 0E0 0E0 0E0 0E0 0E0 0E0 0E0 0E0 0E0 0E0 0E0 0E0 0E0 0E0 0E0 0E0 0E0 0E0 0E0 0E0 0E0 3.1041E-2 1.78111E-3 1.90614E-2 6.03143E-2 1.17977E-1 3.70813E-2 2.38965E-1 1.97083E-1 6.76051E-2 8.22233E-2 1.09468E-1 1.25109E-1 4.64587E-2 6.90935E-2 3.33352E-2 1.48274E-2 5.31576E-3 1.12351E-3 3.75058E-3 2.53375E-3 1.30992E-3 4.56214E-4 6.36339E-4 1.07922E-3 3.49733E-3 1.34316E-2 3.25979E-3 3.71385E-3 5.55362E-3 4.24026E-3 -9999 -9999 -9999 -9999 -9999 -9999 -9999 -9999 -9999 -9999 -9999 -9999 -9999 -9999 -9999 -9999 -9999 -9999 -9999 -9999 -9999 -9999 -9999
0E0 0E0 0E0 0E0 0E0 0E0 0E0 0E0 0E0 0E0 0E0 0E0 0E0 0E0 0E0 0E0 0E0 0E0 0E0 0E0 0E0 6.23559E-2 5.02397E-2 3.87475E-3 3.62297E-2 3.21694E-3 8.9282E-2 6.59717E-2 1.96624E-1 9.58316E-2 1.38912E-1 7.94229E-2 5.99546E-2 5.8343E-2 1.75799E-1 1.63965E-1 5.78864E-2 9.49171E-2 4.54466E-2 4.63599E-2 1.27502E-2 4.23327E-3 1.21511E-3 2.38405E-3 7.2273E-3 3.41385E-3 1.71747E-3 1.15161E-3 3.29207E-3 1.33607E-2 8.69833E-3 6.27043E-3 1.00964E-2 2.06529E-3 3.38808E-3 -9999 -9999 -9999 -9999 -9999 -9999 -9999 -9999 -9999 -9999 -9999 -9999 -9999 -9999 -9999 -9999 -9999 -9999 -9999 -9999 -9999 -9999 -9999
0E0 0E0 0E0 0E0 0E0 0E0 0E0 0E0 0E0 0E0 0E0 0E0 0E0 0E0 0E0 0E0 0E0 0E0 1.09133E-2 8.33861E-3 7.33832E-2 2.0041E-1 1.73979E-1 1.58211E-1 3.3149E-1 5.29458E-1 3.19108E-2 9.47975E-2 3.05874E-1 2.54231E-1 0E0 0E0 6.35691E-2 9.3069E-2 0E0 1.2502E-1 6.80238E-2 6.06952E-2 4.5208E-2 3.28923E-2 7.95614E-3 4.33628E-3 3.41816E-4 1.14395E-3 2.20743E-3 3.77206E-4 5.06398E-3 1.49639E-3 1.35361E-3 5.52562E-3 1.25337E-2 8.24909E-3 8.01113E-3 3.28844E-2 3.76752E-2 -9999 -9999 -9999 -9999 -9999 -9999 -9999 -9999 -9999 -9999 -9999 -9999 -9999 -9999 -9999 -9999 -9999 -9999 -9999 -9999 -9999 -9999 -9999
0E0 0E0 0E0 0E0 0E0 0E0 0E0 0E0 0E0 0E0 0E0 0E0 0E0 0E0 0E0 0E0 0E0 2.84846E-1 5.94032E-3 7.65992E-3 9.22552E-3 6.91893E-3 7.59529E-2 3.37861E-1 5.37563E-1 4.81319E-1 3.14694E-1 1.23327E-1 0E0 0E0 0E0 0E0 0E0 2.76031E-1 0E0 3.98137E-1 2.77048E-1 1.06583E-1 5.39339E-2 1.81149E-2 9.30578E-3 8.07813E-4 5.44234E-4 9.47025E-4 1.26811E-3 3.18486E-3 2.88881E-3 1.13722E-2 7.4206E-3 9.03207E-3 7.38434E-3 2.39623E-2 1.2682E-2 6.94325E-3 -9999 -9999 -9999 -9999 -9999 -9999 -9999 -9999 -9999 -9999 -9999 -9999 -9999 -9999 -9999 -9999 -9999 -9999 -9999 -9999 -9999 -9999 -9999 -9999
0E0 0E0 0E0 0E0 0E0 0E0 0E0 0E0 0E0 0E0 0E0 0E0 3.47123E-1 4.21053E-1 3.84245E-1 3.37469E-1 2.20354E-1 3.46017E-1 1.54661E-1 1.63914E-1 2.30937E-2 7.5276E-2 5.2453E-2 1.57773E-1 4.16332E-1 6.87568E-2 6.0161E-1 0E0 0E0 0E0 6.69744E-2 4.98411E-2 7.45535E-2 0E0 0E0 7.24701E-2 1.06015E-1 1.29627E-1 2.55315E-2 4.53215E-3 1.01531E-2 2.40044E-3 3.1323E-4 2.045E-3 2.03715E-3 3.84562E-3 9.24076E-4 2.37487E-3 4.21155E-3 9.46743E-3 3.71802E-3 7.44176E-3 6.6059E-3 6.4348E-3 -9999 -9999 -9999 -9999 -9999 -9999 -9999 -9999 -9999 -9999 -9999 -9999 -9999 -9999 -9999 -9999 -9999 -9999 -9999 -9999 -9999 -9999 -9999 -9999
0E0 0E0 0E0 0E0 0E0 0E0 0E0 0E0 0E0 0E0 0E0 0E0 6.66712E-1 9.27927E-2 5.38089E-2 2.73508E-1 3.53234E-1 6.25075E-1 7.82801E-1 4.29828E-2 1.3897E-1 2.28848E-1 1.53172E-1 7.00404E-2 3.00361E-1 1.26135E-1 1.80888E-1 2.72553E-1 0E0 0E0 1.04369E-1 5.28217E-2 1.08175E-1 0E0 0E0 1.32948E-1 6.85946E-2 4.71114E-2 8.36666E-3 1.35624E-2 7.2877E-3 2.95585E-3 3.5601E-3 2.27636E-3 2.565E-3 1.80283E-3 3.33033E-3 1.08774E-2 1.03805E-2 4.36818E-3 1.09001E-2 6.45649E-3 2.27341E-2 4.13667E-2 -9999 -9999 -9999 -9999 -9999 -9999 -9999 -9999 -9999 -9999 -9999 -9999 -9999 -9999 -9999 -9999 -9999 -9999 -9999 -9999 -9999 -9999 -9999 -9999
0E0 0E0 0E0 0E0 0E0 0E0 0E0 0E0 0E0 0E0 0E0 7.29642E-1 6.88906E-1 7.33206E-1 2.33685E-1 1.87584E-1 2.17899E-1 9.50088E-1 5.54832E-1 0E0 0E0 0E0 1.71883E-1 2.81888E-1 4.6804E-1 2.95776E-1 3.30074E-1 2.0405E-1 0E0 0E0 3.948E-1 0E0 0E0 0E0 0E0 2.50059E-1 1.34274E-1 1.25922E-1 1.59085E-2 7.00625E-3 9.94973E-3 2.23948E-3 1.60554E-3 7.66443E-4 2.29268E-3 3.12416E-3 8.15763E-3 1.22853E-3 2.35457E-3 1.0723E-2 1.52045E-2 9.83171E-3 4.41367E-2 3.28603E-2 -9999 -9999 -9999 -9999 -9999 -9999 -9999 -9999 -9999 -9999 -9999 -9999 -9999 -9999 -9999 -9999 -9999 -9999 -9999 -9999 -9999 -9999 -9999 -9999
0E0 0E0 0E0 0E0 0E0 0E0 0E0 0E0 0E0 0E0 0E0 0E0 0E0 0E0 0E0 0E0 0E0 0E0 0E0 0E0 0E0 0E0 0E0 0E0 0E0 0E0 1.52448E-1 9.09317E-2 0E0 0E0 5.47875E-1 8.266E-2 5.69005E-2 6.04673E-2 5.51045E-2 5.03134E-2 1.46477E-1 7.83947E-2 5.52118E-2 1.53203E-2 1.91889E-2 1.36787E-3 6.64348E-3 3.80593E-3 1.92269E-3 1.81529E-3 4.76452E-3 7.28326E-3 1.20743E-2 9.64167E-4 1.66946E-2 6.09256E-3 3.07107E-2 4.56411E-2 -9999 -9999 -9999 -9999 -9999 -9999 -9999 -9999 -9999 -9999 -9999 -9999 -9999 -9999 -9999 -9999 -9999 -9999 -9999 -9999 -9999 -9999 -9999 -9999
0E0 0E0 0E0 0E0 0E0 0E0 0E0 0E0 0E0 0E0 0E0 0E0 0E0 0E0 0E0 0E0 0E0 0E0 0E0 0E0 0E0 0E0 0E0 0E0 0E0 0E0 6.28075E-1 0E0 0E0 8.44923E-2 7.27067E-2 0E0 1.1971E-1 1.62759E-1 2.60841E-1 2.61219E-1 3.16634E-1 5.62179E-2 2.09489E-2 3.70988E-2 4.69815E-4 7.96923E-3 5.96466E-3 6.4827E-3 6.50504E-3 9.94436E-3 9.41915E-3 8.79277E-3 1.79649E-2 6.63766E-3 1.3724E-2 1.447E-2 6.66228E-2 2.68955E-2 -9999 -9999 -9999 -9999 -9999 -9999 -9999 -9999 -9999 -9999 -9999 -9999 -9999 -9999 -9999 -9999 -9999 -9999 -9999 -9999 -9999 -9999 -9999 -9999
0E0 0E0 0E0 0E0 0E0 0E0 0E0 0E0 0E0 0E0 0E0 0E0 0E0 0E0 0E0 0E0 0E0 0E0 0E0 0E0 0E0 0E0 0E0 0E0 0E0 0E0 2.03876E-1 4.12659E-1 2.70018E-1 1.28862E-1 0E0 0E0 0E0 0E0 0E0 2.96025E-1 1.95877E-1 4.16103E-2 2.13954E-2 1.61636E-3 1.3461E-3 5.92824E-3 2.23005E-2 4.15241E-3 7.53172E-3 1.79469E-3 3.3558E-3 2.27825E-2 7.1979E-3 1.99638E-2 2.60731E-2 1.33927E-2 2.85206E-2 4.59526E-2 -9999 -9999 -9999 -9999 -9999 -9999 -9999 -9999 -9999 -9999 -9999 -9999 -9999 -9999 -9999 -9999 -9999 -9999 -9999 -9999 -9999 -9999 -9999 -9999
0E0 0E0 0E0 0E0 0E0 0E0 0E0 0E0 0E0 0E0 0E0 0E0 0E0 0E0 0E0 0E0 0E0 0E0 0E0 0E0 0E0 0E0 0E0 2.27128E-1 2.15666E-1 0E0 0E0 1.99606E-1 1.45944E-1 1.6998E-1 1.87861E-1 2.06325E-1 0E0 2.07908E-1 1.54887E-1 7.50484E-2 6.82551E-2 4.96995E-2 2.08983E-2 7.82946E-3 5.20608E-3 4.09169E-3 2.31634E-3 3.60015E-3 2.40409E-3 5.11176E-3 1.47376E-2 8.67541E-3 3.61842E-2 3.22468E-2 5.75795E-3 1.3069E-2 2.58168E-2 3.14152E-2 -9999 -9999 -9999 -9999 -9999 -9999 -9999 -9999 -9999 -9999 -9999 -9999 -9999 -9999 -9999 -9999 -9999 -9999 -9999 -9999 -9999 -9999 -9999 -9999
0E0 0E0 0E0 0E0 0E0 0E0 0E0 0E0 0E0 0E0 0E0 0E0 0E0 0E0 0E0 0E0 0E0 0E0 0E0 6.04346E-2 6.69841E-2 0E0 0E0 1.09227E-1 4.53832E-2 4.93453E-2 8.28227E-2 1.27706E-1 3.29138E-1 9.91634E-2 1.21485E-1 1.05527E-1 2.95311E-1 1.81334E-1 5.41025E-2 4.6698E-2 1.8649E-2 1.83117E-2 4.02063E-2 3.63522E-3 2.50586E-3 2.1422E-2 3.95675E-2 1.88204E-2 6.73748E-3 6.29889E-3 6.95857E-3 1.57946E-2 3.662E-2 4.25625E-2 6.90729E-2 6.39673E-2 1.05557E-2 9.63806E-3 -9999 -9999 -9999 -9999 -9999 -9999 -9999 -9999 -9999 -9999 -9999 -9999 -9999 -9999 -9999 -9999 -9999 -9999 -9999 -9999 -9999 -9999 -9999 -9999
0E0 0E0 0E0 0E0 0E0 0E0 0E0 0E0 0E0 0E0 0E0 0E0 0E0 0E0 0E0 0E0 0E0 0E0 0E0 5.1806E-2 3.15857E-2 3.03593E-2 5.36374E-2 2.73061E-2 1.89712E-2 1.78439E-2 9.01633E-2 1.45929E-1 0E0 2.96801E-1 1.3336E-1 7.7532E-2 0E0 1.80608E-1 1.11234E-1 7.18792E-2 3.65659E-2 1.02499E-2 9.82733E-4 1.31535E-3 3.38058E-3 2.29754E-2 5.4122E-2 5.02492E-2 4.67738E-3 1.32882E-2 5.02459E-2 6.5425E-2 5.23496E-2 3.68992E-2 5.46356E-2 2.37628E-2 2.65254E-2 -9999 -9999 -9999 -9999 -9999 -9999 -9999 -9999 -9999 -9999 -9999 -9999 -9999 -9999 -9999 -9999 -9999 -9999 -9999 -9999 -9999 -9999 -9999 -9999 -9999
0E0 0E0 0E0 0E0 0E0 0E0 0E0 0E0 0E0 0E0 0E0 0E0 0E0 0E0 0E0 0E0 0E0 0E0 0E0 0E0 0E0 4.22746E-2 2.01979E-2 8.42803E-3 5.34246E-3 2.19505E-2 1.27964E-1 0E0 0E0 5.62588E-1 4.49344E-1 2.32405E-1 4.33962E-1 1.29298E-1 5.68008E-2 1.77934E-2 1.00413E-2 2.96068E-3 1.37698E-3 2.84269E-3 5.77474E-3 1.76166E-2 1.29912E-2 1.57043E-2 1.26522E-2 1.79139E-2 9.76234E-2 3.73053E-2 2.19359E-2 1.42884E-2 3.24366E-2 4.14289E-3 1.45933E-2 -9999 -9999 -9999 -9999 -9999 -9999 -9999 -9999 -9999 -9999 -9999 -9999 -9999 -9999 -9999 -9999 -9999 -9999 -9999 -9999 -9999 -9999 -9999 -9999 -9999
