ENM/Final_Models/M_0.9_F_q_Set_1_NE/Gustavia_santanderiensis_7_Choco_novel.asc
ncols         367
nrows         963
xllcorner     -78.6
yllcorner     0.65
cellsize      0.00833333333333323
NODATA_value  -9999
[rows 390 to 419 of 963, columns 272 to 339 of 367]
-8.21429E1 -8.46939E1 -7.29592E1 -3.92857E1 -1.46538E1 -1.97101E1 -2.02899E0 1.95628E0 2.33556E0 3.19393E-1 7.78521E-1 -7.98712E0 -1.63607E1 1.19772E-1 3.19393E-1 3.19393E-1 3.19393E-1 3.39355E-1 -2.1256E0 -5.21739E0 -8.05153E-1 1.19772E-1 3.39355E-1 5.58938E-1 1.19772E-1 1.19772E-1 3.99241E-1 9.78142E-1 3.99241E-1 1.19772E0 4.89071E0 9.14263E0 6.72722E0 2.65895E1 9.98104E0 9.14263E0 2.84859E1 7.76525E0 2.46132E1 9.4221E0 4.89071E0 4.57131E0 5.23006E0 8.78331E-1 2.33556E0 1.27957E1 5.23006E0 1.59697E0 7.38597E-1 1.99621E0 1.59697E0 -9999 -9999 -9999 -9999 -9999 -9999 -9999 -9999 -9999 -9999 -9999 -9999 -9999 -9999 -9999 -9999 -9999
-2.2449E1 -9.18367E0 1.19772E-1 2.23575E0 3.19393E-1 1.39735E-1 1.39735E-1 1.99621E0 3.19393E-1 1.99621E0 2.39545E-1 -7.76167E0 -1.73591E1 -4.05797E0 -2.16103E1 -2.49919E1 -1.69082E1 -1.88776E1 -1.88776E1 -1.83673E1 -1.63265E1 1.39735E-1 5.19014E-1 1.19772E-1 9.78142E-1 1.03803E0 9.78142E-1 9.78142E-1 3.19393E-1 1.93632E1 7.76525E0 6.72722E0 1.47919E1 1.91636E1 6.22817E0 2.87454E0 1.8964E0 5.23006E0 4.89071E0 4.89071E0 1.59697E0 1.43727E0 7.58559E-1 1.19772E0 9.78142E-1 2.33556E0 1.19772E0 8.58369E-1 5.58938E-1 3.45344E0 3.21389E0 -9999 -9999 -9999 -9999 -9999 -9999 -9999 -9999 -9999 -9999 -9999 -9999 -9999 -9999 -9999 -9999 -9999
3.19393E-1 3.19393E-1 3.19393E-1 1.99621E0 1.99621E0 3.99241E-2 3.19393E-1 -6.11916E0 -9.37198E0 -3.31723E0 1.99621E0 -4.50886E0 1.99621E-2 1.99621E-2 -1.88776E1 -4.33673E1 -8.92857E1 -5.10204E1 -2.7551E1 -2.55102E1 -1.73469E1 3.99241E-2 1.39735E-1 1.19772E-1 -1.78571E1 -1.73469E1 1.19772E-1 3.59317E-1 3.19393E-1 6.72722E0 3.21389E0 2.87454E0 3.85268E0 1.19772E0 1.95628E0 4.99052E-1 1.19772E0 5.38976E-1 5.38976E-1 1.8964E0 1.59697E0 1.59697E0 8.78331E-1 5.789E-1 6.18824E-1 1.77662E0 5.789E-1 6.38786E-1 6.18824E-1 6.72722E0 6.22817E0 -9999 -9999 -9999 -9999 -9999 -9999 -9999 -9999 -9999 -9999 -9999 -9999 -9999 -9999 -9999 -9999 -9999
7.38597E-1 2.23575E0 3.79279E-1 8.38407E-1 2.57511E0 3.19393E-1 3.19393E-1 -7.02093E0 -1.93878E1 -1.4686E1 -1.35266E0 1.99621E-2 4.7909E-1 -1.15942E0 1.19772E-1 -2.90816E1 -6.9898E1 -5.05102E1 -2.65306E1 -2.70408E1 -2.55102E1 -7.65306E0 3.99241E-2 1.19772E-1 -3.80032E0 -9.40419E0 1.19772E-1 1.03803E0 3.19393E-1 1.8964E0 1.99621E-1 4.99052E-1 6.38786E-1 5.38976E-1 6.38786E-1 1.19772E0 1.19772E0 4.39166E-1 4.99052E-1 4.99052E-1 6.38786E-1 3.21389E0 1.59697E0 6.38786E-1 6.38786E-1 6.38786E-1 1.33746E0 2.59507E-1 2.57511E0 5.23006E0 2.33556E0 -9999 -9999 -9999 -9999 -9999 -9999 -9999 -9999 -9999 -9999 -9999 -9999 -9999 -9999 -9999 -9999 -9999
1.19772E-1 2.23575E0 8.98293E-1 1.3175E0 2.57511E0 7.58559E-1 7.58559E-1 1.19772E-1 -2.12238E1 -2.68921E1 -5.41063E0 -3.51047E0 -2.6409E0 -4.1868E0 -9.9839E-1 -1.01771E1 -3.26531E1 -2.95918E1 -3.92857E1 -4.28571E1 -3.31633E1 -2.04082E1 1.99621E-2 1.19772E-1 1.19772E-1 5.98862E-2 3.19393E-1 1.43727E0 8.34415E0 1.95628E0 1.99621E0 1.99621E0 8.78331E-1 5.23006E0 5.38976E-1 1.39735E-1 2.23575E0 1.95628E0 1.8964E0 4.57131E0 5.64927E0 4.15211E0 2.87454E0 8.58369E-1 7.38597E-1 1.43727E0 1.8964E0 3.21389E0 4.15211E0 2.34155E1 2.24174E1 -9999 -9999 -9999 -9999 -9999 -9999 -9999 -9999 -9999 -9999 -9999 -9999 -9999 -9999 -9999 -9999 -9999
-2.89211E1 3.99241E-2 3.19393E-1 2.23575E0 2.23575E0 7.58559E-1 7.78521E-1 7.78521E-1 -6.12245E0 -2.09184E1 -1.83673E1 -1.58163E1 -9.85507E0 -1.04026E1 -1.80998E1 -1.74235E1 -2.1868E1 -1.9898E1 -1.73469E1 -1.88776E1 -1.88776E1 -1.32653E1 1.59697E-1 1.03803E0 1.39735E-1 6.38786E-1 4.57131E0 5.15021E0 1.25162E1 7.22627E0 4.57131E0 4.89071E0 4.15211E0 5.64927E0 9.98104E0 2.55515E1 1.35143E1 1.07196E1 1.25162E1 1.43328E1 1.25162E1 4.57131E0 3.69298E0 6.22817E0 2.42938E1 2.45733E1 2.04212E1 2.45733E1 2.58708E1 4.57131E0 -9999 -9999 -9999 -9999 -9999 -9999 -9999 -9999 -9999 -9999 -9999 -9999 -9999 -9999 -9999 -9999 -9999 -9999
-6.73469E1 -4.33673E1 -2.43156E1 -1.84863E1 -1.86151E1 -1.3913E1 -1.05958E1 -3.31723E0 -1.83673E1 -2.09184E1 -1.9066E1 -2.70408E1 -4.13265E1 -3.49758E1 -4.13527E1 -3.33655E1 -1.6876E1 8.78331E-1 3.19393E-1 9.18255E-1 9.18255E-1 1.19772E-1 -1.9898E1 1.19772E-1 3.39355E-1 6.38786E-1 4.89071E0 1.22168E1 9.98104E0 1.10989E1 1.53508E1 1.03404E1 1.43328E1 1.83052E1 7.76525E0 1.29554E1 1.95828E1 8.82324E0 1.04601E1 1.73071E1 8.34415E0 1.25362E1 1.75467E1 2.34155E1 2.06607E1 1.53508E1 9.98104E0 6.72722E0 1.85647E0 3.99241E0 -9999 -9999 -9999 -9999 -9999 -9999 -9999 -9999 -9999 -9999 -9999 -9999 -9999 -9999 -9999 -9999 -9999 -9999
-5.93559E1 -8.11225E1 -9.43878E1 -4.58293E1 -2.19388E1 -1.86473E1 -3.62245E1 -3.0628E1 -2.14286E1 -2.09184E1 -2.49275E1 -3.57143E1 -5.91837E1 -3.21429E1 -5.15306E1 -3.74557E1 -6.40902E0 3.99241E-1 3.19393E-1 1.95628E0 1.8964E0 1.8964E0 1.77662E0 1.99621E0 7.78521E-1 1.35143E1 1.43328E1 1.53508E1 7.54566E0 1.54107E1 2.21978E1 1.17976E1 2.06208E1 1.39335E1 8.8432E0 9.20252E0 1.69877E1 3.4734E0 6.18824E0 7.5257E0 6.72722E0 1.35143E1 2.40942E1 1.95429E1 3.08414E1 3.13604E1 1.35143E1 7.22627E0 4.15211E0 -9999 -9999 -9999 -9999 -9999 -9999 -9999 -9999 -9999 -9999 -9999 -9999 -9999 -9999 -9999 -9999 -9999 -9999 -9999
-3.58132E1 -3.77551E1 -6.07729E1 -8.92857E1 -5.86735E1 -3.66506E1 -6.9898E1 -4.1868E1 -3.44283E1 -2.14286E1 -1.42857E1 -1.22449E1 -9.62963E0 -7.14286E0 -1.17347E1 -5.12077E0 3.19393E-1 2.57511E0 1.63489E1 1.53508E1 2.79469E0 9.98104E0 1.77662E0 1.77662E0 1.36541E1 1.55704E1 1.96227E1 1.43328E1 7.76525E0 1.63489E1 5.64927E0 3.19393E0 2.35552E0 1.08594E1 6.72722E0 6.76714E0 8.12456E0 4.15211E0 6.22817E0 1.06597E1 1.33746E0 1.95628E0 1.59697E0 2.24174E1 2.72482E1 2.72482E1 7.76525E0 6.22817E0 -9999 -9999 -9999 -9999 -9999 -9999 -9999 -9999 -9999 -9999 -9999 -9999 -9999 -9999 -9999 -9999 -9999 -9999 -9999 -9999
-8.08374E0 -2.69565E1 -5.86796E1 -7.44898E1 -6.83673E1 -5.61224E1 -8.26531E1 -5.17874E1 -2.28663E1 -1.73469E1 2.33556E0 1.99621E0 1.99621E0 1.99621E0 3.99241E-1 4.39166E-1 2.23575E0 1.07196E1 1.99621E0 1.07196E1 1.43328E1 1.36341E1 1.43328E1 9.16259E0 1.03404E1 1.25362E1 1.07196E1 6.72722E0 8.32418E0 1.44525E1 8.34415E0 7.6854E0 7.76525E0 1.15181E1 8.8432E0 1.08594E1 5.64927E0 5.23006E0 1.74069E1 1.99621E0 8.78331E-1 1.59697E0 4.89071E0 5.38976E-1 1.59697E0 8.78331E-1 2.57511E0 -9999 -9999 -9999 -9999 -9999 -9999 -9999 -9999 -9999 -9999 -9999 -9999 -9999 -9999 -9999 -9999 -9999 -9999 -9999 -9999 -9999
-1.35266E1 -2.52818E1 -8.62245E1 -6.00966E1 -6.27551E1 -7.14286E1 -4.72142E1 -4.20934E1 -1.4686E1 -3.25282E0 3.19393E-1 1.99621E0 1.99621E0 1.99621E0 2.23575E0 2.23575E0 1.95628E0 2.57511E0 1.99621E0 2.23575E0 1.95628E0 1.8964E0 2.33556E0 1.72472E1 2.58708E1 8.18445E0 6.74718E0 1.32748E1 8.04471E0 6.88691E0 1.33946E1 7.22627E0 7.76525E0 8.30422E0 7.44585E0 1.03803E0 1.59697E0 7.38597E-1 5.58938E-1 5.58938E-1 6.38786E-1 1.59697E0 -4.08163E0 1.59697E0 1.77662E0 2.57511E0 -9999 -9999 -9999 -9999 -9999 -9999 -9999 -9999 -9999 -9999 -9999 -9999 -9999 -9999 -9999 -9999 -9999 -9999 -9999 -9999 -9999 -9999
-3.8132E1 -4.56683E1 -6.40902E1 -6.07143E1 -6.9898E1 -4.7343E1 -1.28824E1 -8.27697E0 -7.47182E0 -5.7971E0 8.58369E-1 1.99621E0 2.23575E0 2.23575E0 2.23575E0 1.99621E0 1.39735E-1 1.39735E-1 -2.44766E0 -1.93878E1 -1.83673E1 -1.68438E1 -7.72947E0 4.39166E-1 -1.02041E0 2.23575E0 2.45733E1 8.34415E0 1.13584E1 2.12796E1 1.34345E1 1.78261E1 1.71873E1 1.49915E1 2.7907E1 2.87454E0 2.57511E0 5.23006E0 3.85268E0 4.15211E0 4.15211E0 2.57511E0 9.18255E-1 3.39355E-1 4.39166E-1 -9999 -9999 -9999 -9999 -9999 -9999 -9999 -9999 -9999 -9999 -9999 -9999 -9999 -9999 -9999 -9999 -9999 -9999 -9999 -9999 -9999 -9999 -9999
-7.14286E1 -8.46939E1 -6.88775E1 -7.60204E1 -2.47987E1 -5.61225E0 1.19772E-1 1.19772E-1 1.19772E-1 3.39355E-1 3.99241E-1 8.78331E-1 1.51712E0 8.78331E-1 1.19772E-1 1.39735E-1 -1.88776E1 -1.93878E1 -2.2963E1 -2.04082E1 -1.78571E1 1.79659E-1 -1.27551E1 -2.09184E1 -5.12077E0 9.78142E-1 6.38786E-1 3.45344E0 8.34415E0 8.66354E0 8.20441E0 1.13584E1 9.20252E0 5.92874E0 1.64687E1 8.12456E0 8.44396E0 8.34415E0 1.53109E1 1.25561E1 7.22627E0 7.76525E0 1.41132E1 7.38597E-1 -9999 -9999 -9999 -9999 -9999 -9999 -9999 -9999 -9999 -9999 -9999 -9999 -9999 -9999 -9999 -9999 -9999 -9999 -9999 -9999 -9999 -9999 -9999 -9999
-2.70531E1 -3.18196E1 -1.64251E1 -1.0628E0 -3.06122E0 7.98483E-2 -7.72947E-1 -1.35266E0 2.59507E-1 -8.9533E0 2.79469E-1 -9.53301E0 2.59507E-1 -1.54589E0 -1.22449E1 -1.9898E1 -5.5102E1 -3.87755E1 -1.47959E1 5.58938E-1 8.78331E-1 9.18255E-1 2.99431E-1 8.78331E-1 1.19772E-1 1.77662E0 1.33746E0 7.78521E-1 3.21389E0 2.49526E1 6.76714E0 1.33946E1 5.58938E0 9.14263E0 1.76265E1 1.16579E1 5.0504E0 7.22627E0 1.15181E1 2.2617E1 1.61094E1 2.34155E1 1.95628E0 -9999 -9999 -9999 -9999 -9999 -9999 -9999 -9999 -9999 -9999 -9999 -9999 -9999 -9999 -9999 -9999 -9999 -9999 -9999 -9999 -9999 -9999 -9999 -9999 -9999
-3.4847E1 -3.04992E1 -1.86473E1 -5.7649E0 -1.0306E0 -1.96457E0 -1.15942E1 -1.88776E1 -3.5942E1 -2.01288E1 -4.33673E1 -1.37755E1 -2.85714E1 -4.94898E1 -5.81633E1 -3.72449E1 -1.562E1 3.79279E-1 1.8964E0 1.95628E0 1.95628E0 4.57131E0 7.58559E-1 1.59697E0 7.38597E-1 1.95628E0 1.8964E0 8.58369E-1 4.15211E0 1.95628E0 8.34415E0 1.07995E1 1.02206E1 3.69298E0 7.76525E0 4.57131E0 6.72722E0 1.90438E1 9.18255E-1 9.18255E-1 2.57511E0 3.21389E0 -9999 -9999 -9999 -9999 -9999 -9999 -9999 -9999 -9999 -9999 -9999 -9999 -9999 -9999 -9999 -9999 -9999 -9999 -9999 -9999 -9999 -9999 -9999 -9999 -9999 -9999
-6.9898E1 -3.56844E1 -4.59184E1 -2.66667E1 -2.25121E1 -6.8599E0 -3.46939E1 -3.36735E1 -4.69388E1 -4.38776E1 -3.97959E1 -5.2551E1 -4.08163E1 -2.61514E1 -2.78905E1 -1.31401E1 3.79279E-1 1.8964E0 2.57511E0 1.19772E0 4.57131E0 3.85268E0 1.43727E0 1.39735E-1 5.789E-1 6.16828E0 4.89071E0 2.87454E0 1.03803E0 7.78521E-1 2.14193E1 1.04202E1 3.95249E0 4.49147E0 1.04801E1 2.87454E0 1.59697E0 1.04801E1 8.78331E-1 5.19014E-1 5.19014E-1 -9999 -9999 -9999 -9999 -9999 -9999 -9999 -9999 -9999 -9999 -9999 -9999 -9999 -9999 -9999 -9999 -9999 -9999 -9999 -9999 -9999 -9999 -9999 -9999 -9999 -9999 -9999
-4.79549E1 -4.85668E1 -3.62245E1 -3.60064E1 -3.13043E1 -5.86735E1 -2.91787E1 -3.31633E1 -2.90816E1 -3.97959E1 -7.60204E1 -4.94898E1 -2.7343E1 -2.05797E1 -1.94847E1 -9.33977E-1 1.65685E0 1.95628E0 1.11788E0 1.95628E0 1.19772E-1 8.78331E-1 3.85268E0 1.19772E-1 4.39166E-1 8.58369E-1 4.71105E0 2.87454E0 1.03803E0 9.18255E-1 1.8964E0 2.36551E1 5.68919E0 5.64927E0 1.59697E0 2.87454E0 9.18255E-1 1.03803E0 1.03803E0 -9999 -9999 -9999 -9999 -9999 -9999 -9999 -9999 -9999 -9999 -9999 -9999 -9999 -9999 -9999 -9999 -9999 -9999 -9999 -9999 -9999 -9999 -9999 -9999 -9999 -9999 -9999 -9999 -9999
-7.55102E1 -5.65217E1 -4.19324E1 -2.69243E1 -2.22866E1 -3.67347E1 -2.37037E1 -2.73752E1 -3.32045E1 -4.13265E1 -5.05102E1 -3.77551E1 -1.53061E1 -7.66506E0 -8.47021E0 2.99431E-1 1.8964E0 2.57511E0 5.58938E-1 2.87454E0 1.39735E-1 5.38976E-1 5.38976E-1 1.59697E0 1.8964E0 3.85268E0 1.8964E0 4.71105E0 6.16828E0 1.33746E0 1.03803E0 3.6311E1 3.59317E0 3.33367E0 7.5257E0 6.38786E-1 8.58369E-1 1.77662E0 -9999 -9999 -9999 -9999 -9999 -9999 -9999 -9999 -9999 -9999 -9999 -9999 -9999 -9999 -9999 -9999 -9999 -9999 -9999 -9999 -9999 -9999 -9999 -9999 -9999 -9999 -9999 -9999 -9999 -9999
-4.43156E1 -6.07143E1 -8.52041E1 -4.08163E1 -1.29147E1 -2.70408E1 -2.65306E1 -2.42512E1 -2.19388E1 -3.21429E1 -3.0102E1 -2.71176E1 -1.32653E1 1.39735E-1 6.98673E-1 3.21389E0 1.8964E0 -8.16327E0 3.37359E0 2.59507E0 3.37359E0 4.15211E0 1.33746E0 3.95249E0 1.8964E0 5.19014E-1 9.78142E-1 4.39166E-1 1.99621E0 1.19772E0 1.39735E-1 6.72722E0 4.57131E0 5.64927E0 4.57131E0 5.23006E0 5.23006E0 5.64927E0 -9999 -9999 -9999 -9999 -9999 -9999 -9999 -9999 -9999 -9999 -9999 -9999 -9999 -9999 -9999 -9999 -9999 -9999 -9999 -9999 -9999 -9999 -9999 -9999 -9999 -9999 -9999 -9999 -9999 -9999
-1.33655E1 -3.1401E1 -3.42995E1 -4.87601E1 -5.91837E1 -2.19388E1 -2.90499E1 -2.27375E1 -2.19388E1 -3.06122E1 -4.23469E1 -1.94203E1 -6.18357E0 1.95628E0 1.8964E0 2.57511E0 1.8964E0 1.77662E0 9.78142E-1 2.59507E0 3.37359E0 3.37359E0 5.38976E0 3.95249E0 3.37359E0 2.59507E0 2.59507E0 3.37359E0 1.8964E0 3.19393E-1 5.38976E-1 8.34415E0 1.20371E1 6.88691E0 8.34415E0 9.48198E0 3.71295E0 1.09193E1 -9999 -9999 -9999 -9999 -9999 -9999 -9999 -9999 -9999 -9999 -9999 -9999 -9999 -9999 -9999 -9999 -9999 -9999 -9999 -9999 -9999 -9999 -9999 -9999 -9999 -9999 -9999 -9999 -9999 -9999
2.43537E0 5.58938E-1 7.98483E-2 -1.49436E1 -4.74396E1 -4.47021E1 -4.3285E1 -3.53945E1 -2.58937E1 -2.06763E1 -3.77551E1 -2.23833E1 -9.85507E0 1.99621E0 5.38976E0 5.38976E-1 4.89071E0 -2.70531E0 1.11788E0 6.86695E0 3.21389E0 2.57511E0 3.95249E0 3.95249E0 2.59507E0 1.69678E0 2.59507E0 3.95249E0 1.59697E0 9.18255E-1 1.40333E1 7.76525E0 4.93063E0 6.40782E0 1.16579E1 8.34415E0 4.57131E0 2.87454E0 -9999 -9999 -9999 -9999 -9999 -9999 -9999 -9999 -9999 -9999 -9999 -9999 -9999 -9999 -9999 -9999 -9999 -9999 -9999 -9999 -9999 -9999 -9999 -9999 -9999 -9999 -9999 -9999 -9999 -9999
7.22627E0 4.89071E0 4.89071E0 1.8964E0 -1.07568E1 -4.46055E1 -4.36715E1 -3.29147E1 -1.20129E1 -1.02093E1 -1.23349E1 -1.78422E1 -1.23671E1 7.38597E-1 9.78142E-1 7.38597E-1 3.39355E-1 -5.2818E0 -7.08535E0 4.39166E-1 1.39735E-1 1.69678E0 2.57511E0 2.59507E0 2.59507E0 3.37359E0 2.57511E0 2.33556E0 3.19393E-1 5.58938E-1 9.22248E0 6.72722E0 5.32987E0 4.37169E0 1.0001E1 1.22368E1 4.85078E0 1.43727E0 -9999 -9999 -9999 -9999 -9999 -9999 -9999 -9999 -9999 -9999 -9999 -9999 -9999 -9999 -9999 -9999 -9999 -9999 -9999 -9999 -9999 -9999 -9999 -9999 -9999 -9999 -9999 -9999 -9999 -9999
5.64927E0 7.76525E0 7.22627E0 1.8964E0 1.19772E-1 -4.29952E1 -3.2496E1 -2.96618E1 -2.5E1 3.99241E-2 -6.60225E0 -1.37198E1 -1.0306E1 1.99621E-1 2.33556E0 1.43727E0 1.11788E0 -9.82287E0 1.99621E0 -6.53784E0 3.39355E-1 3.37359E0 1.69678E0 2.59507E0 3.37359E0 3.95249E0 1.59697E0 1.33746E0 3.19393E-1 1.8964E0 4.89071E0 8.36411E0 7.54566E0 8.36411E0 4.67112E0 5.88881E0 5.23006E0 2.87454E0 -9999 -9999 -9999 -9999 -9999 -9999 -9999 -9999 -9999 -9999 -9999 -9999 -9999 -9999 -9999 -9999 -9999 -9999 -9999 -9999 -9999 -9999 -9999 -9999 -9999 -9999 -9999 -9999 -9999 -9999
3.85268E0 1.77662E0 5.23006E0 1.95628E0 8.78331E-1 -3.57166E1 -3.86151E1 -2.5153E1 -6.89211E0 -1.25604E0 -1.02093E1 -1.38486E1 -1.32689E1 -8.16327E0 5.98862E-2 1.95628E0 1.95628E0 -4.08163E0 6.14832E0 1.47719E0 5.58938E-1 1.11788E0 2.33556E0 1.69678E0 3.37359E0 4.71105E0 4.71105E0 5.38976E0 5.38976E0 1.59697E0 1.09193E1 6.16828E0 2.87454E0 3.45344E0 7.54566E0 5.64927E0 2.33556E0 -9999 -9999 -9999 -9999 -9999 -9999 -9999 -9999 -9999 -9999 -9999 -9999 -9999 -9999 -9999 -9999 -9999 -9999 -9999 -9999 -9999 -9999 -9999 -9999 -9999 -9999 -9999 -9999 -9999 -9999 -9999
3.99241E-2 2.57511E0 1.77662E0 9.78142E-1 6.18824E-1 -2.49919E1 -4.28571E1 -2.33494E1 -5.10204E-1 -5.2496E0 -8.50242E0 -7.24638E0 -2.6409E0 1.19772E-1 1.19772E0 3.45344E0 2.33556E0 7.58559E-1 1.87643E0 4.7909E-1 3.59317E-1 4.39166E-1 3.37359E0 2.59507E0 3.37359E0 1.03803E0 3.37359E0 2.57511E0 5.38976E-1 3.99241E-1 5.38976E-1 3.19393E-1 7.38597E-1 2.23575E0 7.54566E0 6.22817E0 9.48198E0 -9999 -9999 -9999 -9999 -9999 -9999 -9999 -9999 -9999 -9999 -9999 -9999 -9999 -9999 -9999 -9999 -9999 -9999 -9999 -9999 -9999 -9999 -9999 -9999 -9999 -9999 -9999 -9999 -9999 -9999 -9999
1.03803E0 6.38786E-1 7.78521E-1 1.19772E0 3.99241E-2 -7.95918E1 -4.28571E1 -2.6248E1 1.99621E-2 -7.65306E0 1.19772E-1 -9.66184E-1 1.99621E-2 6.38786E-1 1.99621E0 4.15211E0 3.85268E0 1.19772E0 2.57511E0 2.33556E0 2.33556E0 7.78521E-1 2.57511E0 1.69678E0 1.69678E0 1.13784E0 1.69678E0 2.59507E0 4.71105E0 2.23575E0 2.23575E0 3.99241E-2 2.33556E0 4.71105E0 6.86695E0 6.22817E0 -9999 -9999 -9999 -9999 -9999 -9999 -9999 -9999 -9999 -9999 -9999 -9999 -9999 -9999 -9999 -9999 -9999 -9999 -9999 -9999 -9999 -9999 -9999 -9999 -9999 -9999 -9999 -9999 -9999 -9999 -9999 -9999
5.58938E-1 2.57511E0 8.58369E-1 3.99241E-1 -1.22383E0 -4.13265E1 -2.90816E1 -3.11224E1 -2.1256E0 3.99241E-2 8.18445E-1 -6.44122E-2 2.33556E0 2.33556E0 4.35173E0 3.69298E0 2.23575E0 1.77662E0 3.85268E0 2.87454E0 3.85268E0 1.69678E0 1.69678E0 1.13784E0 1.13784E0 1.13784E0 1.69678E0 2.59507E0 2.59507E0 3.37359E0 4.71105E0 3.21389E0 3.37359E0 4.71105E0 6.86695E0 -9999 -9999 -9999 -9999 -9999 -9999 -9999 -9999 -9999 -9999 -9999 -9999 -9999 -9999 -9999 -9999 -9999 -9999 -9999 -9999 -9999 -9999 -9999 -9999 -9999 -9999 -9999 -9999 -9999 -9999 -9999 -9999 -9999
5.98862E-2 3.19393E-1 1.39735E-1 5.19014E-1 -8.16327E0 -6.73469E1 -4.38776E1 -2.55102E1 -1.42857E1 1.19772E-1 5.38976E-1 1.87643E0 2.57511E0 3.21389E0 7.76525E0 4.6312E0 1.95628E0 8.78331E-1 3.99241E-2 2.33556E0 1.69678E0 3.95249E0 3.37359E0 2.95439E0 3.37359E0 1.69678E0 6.18824E-1 1.13784E0 1.13784E0 2.59507E0 1.69678E0 1.69678E0 1.03803E0 3.85268E0 4.57131E0 -9999 -9999 -9999 -9999 -9999 -9999 -9999 -9999 -9999 -9999 -9999 -9999 -9999 -9999 -9999 -9999 -9999 -9999 -9999 -9999 -9999 -9999 -9999 -9999 -9999 -9999 -9999 -9999 -9999 -9999 -9999 -9999 -9999
-5.61225E0 -2.04082E0 1.19772E-1 1.39735E-1 3.99241E-2 -5.61224E1 -6.73469E1 -2.85714E1 -1.53061E1 -2.55102E0 6.18824E-1 2.23575E0 2.23575E0 3.21389E0 5.38976E0 2.23575E0 3.85268E0 3.85268E0 3.99241E-2 1.59697E-1 1.69678E0 2.93442E0 3.61314E0 3.79279E0 1.13784E0 2.59507E0 2.59507E0 1.69678E0 6.18824E-1 1.13784E0 1.13784E0 1.69678E0 3.37359E0 3.37359E0 -9999 -9999 -9999 -9999 -9999 -9999 -9999 -9999 -9999 -9999 -9999 -9999 -9999 -9999 -9999 -9999 -9999 -9999 -9999 -9999 -9999 -9999 -9999 -9999 -9999 -9999 -9999 -9999 -9999 -9999 -9999 -9999 -9999 -9999
-3.87755E1 -1.07143E1 -2.09184E1 -1.88776E1 -1.22449E1 -4.4898E1 -3.87755E1 -2.44898E1 -1.47959E1 -1.12245E1 1.19772E-1 3.21389E0 2.33556E0 2.57511E0 2.33556E0 2.33556E0 4.15211E0 1.03803E0 1.33746E0 2.59507E-1 8.58369E-1 1.13784E0 3.37359E0 1.69678E0 2.59507E0 1.13784E0 2.4753E0 3.09412E0 1.13784E0 1.69678E0 3.37359E0 1.69678E0 1.69678E0 3.37359E0 -9999 -9999 -9999 -9999 -9999 -9999 -9999 -9999 -9999 -9999 -9999 -9999 -9999 -9999 -9999 -9999 -9999 -9999 -9999 -9999 -9999 -9999 -9999 -9999 -9999 -9999 -9999 -9999 -9999 -9999 -9999 -9999 -9999 -9999
