ENM/Final_Models/M_0.9_F_q_Set_1_NE/Gustavia_santanderiensis_3_Choco.asc
ncols         367
nrows         963
xllcorner     -78.6
yllcorner     0.65
cellsize      0.00833333333333323
NODATA_value  -9999
[rows 700 to 734 of 963, columns 156 to 233 of 367]
0E0 0E0 0E0 0E0 0E0 0E0 0E0 0E0 -9999 0E0 0E0 0E0 0E0 0E0 0E0 0E0 0E0 0E0 0E0 0E0 0E0 0E0 0E0 0E0 0E0 0E0 0E0 0E0 0E0 5.53724E-1 9.16957E-1 9.66952E-1 9.7424E-1 9.87803E-1 9.01192E-1 2.76864E-1 5.81791E-2 7.28719E-2 1.24005E-1 1.01685E-1 2.64423E-2 2.48647E-4 5.11829E-5 1.08877E-4 7.35685E-5 2.13296E-5 1.36617E-5 2.16656E-5 3.17062E-5 2.03878E-5 2.27477E-5 -9999 -9999 -9999 -9999 -9999 -9999 -9999 -9999 -9999 -9999 -9999 -9999 -9999 -9999 -9999 -9999 -9999 -9999 -9999 -9999 -9999 -9999 -9999 -9999 -9999 -9999 -9999
0E0 0E0 0E0 0E0 0E0 0E0 0E0 0E0 0E0 0E0 9.99418E-1 0E0 0E0 0E0 9.98456E-1 0E0 0E0 0E0 0E0 9.90941E-1 0E0 6.15016E-1 0E0 0E0 0E0 0E0 0E0 0E0 0E0 0E0 8.56175E-1 8.91555E-1 9.22443E-1 9.7009E-1 8.10582E-1 3.55118E-1 7.71508E-2 5.43466E-2 1.85271E-1 7.57752E-2 2.86977E-3 1.36786E-4 7.8967E-4 4.04567E-4 1.09305E-4 3.05881E-5 1.65312E-6 3.00699E-5 6.5964E-5 1.67949E-4 5.02615E-5 -9999 -9999 -9999 -9999 -9999 -9999 -9999 -9999 -9999 -9999 -9999 -9999 -9999 -9999 -9999 -9999 -9999 -9999 -9999 -9999 -9999 -9999 -9999 -9999 -9999 -9999 -9999
0E0 0E0 0E0 0E0 0E0 0E0 0E0 0E0 0E0 0E0 9.89404E-1 0E0 0E0 0E0 0E0 0E0 0E0 0E0 9.90219E-1 9.52101E-1 9.38002E-1 9.78296E-1 0E0 0E0 0E0 0E0 0E0 0E0 0E0 0E0 8.26457E-1 6.83542E-1 8.23323E-1 9.01386E-1 3.90924E-1 9.43566E-2 4.09966E-2 7.72017E-2 1.9661E-1 2.4992E-2 1.09667E-3 7.06862E-5 6.85103E-5 7.66916E-5 3.28205E-5 1.07099E-5 1.43073E-5 1.31879E-5 8.59312E-5 6.45746E-5 -9999 -9999 -9999 -9999 -9999 -9999 -9999 -9999 -9999 -9999 -9999 -9999 -9999 -9999 -9999 -9999 -9999 -9999 -9999 -9999 -9999 -9999 -9999 -9999 -9999 -9999 -9999 -9999
0E0 0E0 0E0 0E0 0E0 0E0 0E0 0E0 0E0 0E0 0E0 0E0 9.83769E-1 0E0 0E0 0E0 0E0 9.96238E-1 9.09032E-1 9.75604E-1 0E0 0E0 9.67536E-1 0E0 0E0 0E0 0E0 0E0 0E0 0E0 0E0 8.40746E-1 6.60344E-1 8.00709E-1 8.65929E-2 1.36059E-2 9.70471E-3 2.22679E-2 4.76952E-2 2.13368E-2 6.20128E-4 1.70984E-4 2.96615E-4 1.63935E-4 3.25085E-5 2.73472E-5 1.03157E-5 1.80144E-5 1.50084E-5 3.81867E-5 -9999 -9999 -9999 -9999 -9999 -9999 -9999 -9999 -9999 -9999 -9999 -9999 -9999 -9999 -9999 -9999 -9999 -9999 -9999 -9999 -9999 -9999 -9999 -9999 -9999 -9999 -9999 -9999
0E0 0E0 0E0 0E0 0E0 0E0 0E0 0E0 0E0 0E0 0E0 0E0 0E0 0E0 0E0 0E0 0E0 0E0 0E0 0E0 0E0 0E0 0E0 0E0 5.18649E-1 0E0 0E0 0E0 0E0 0E0 0E0 0E0 4.78626E-1 2.93199E-1 1.48963E-1 1.35354E-2 5.29372E-3 4.26433E-3 6.43252E-3 3.13878E-2 2.90724E-3 3.41603E-4 2.77329E-4 3.96254E-4 1.1262E-4 1.7888E-5 2.64383E-5 1.34838E-4 8.61289E-5 1.45982E-4 -9999 -9999 -9999 -9999 -9999 -9999 -9999 -9999 -9999 -9999 -9999 -9999 -9999 -9999 -9999 -9999 -9999 -9999 -9999 -9999 -9999 -9999 -9999 -9999 -9999 -9999 -9999 -9999
0E0 0E0 0E0 0E0 0E0 0E0 0E0 0E0 0E0 0E0 0E0 0E0 0E0 0E0 0E0 0E0 0E0 0E0 0E0 0E0 0E0 9.85452E-1 0E0 0E0 2.7335E-1 4.47529E-1 0E0 0E0 0E0 0E0 0E0 0E0 5.25003E-1 1.65692E-1 1.14294E-1 3.13541E-2 5.41571E-3 1.95972E-3 6.00482E-4 4.53494E-3 6.55254E-3 1.47765E-3 8.14356E-5 4.18442E-5 4.06627E-5 2.39311E-5 6.42755E-5 4.18574E-4 3.86971E-4 -9999 -9999 -9999 -9999 -9999 -9999 -9999 -9999 -9999 -9999 -9999 -9999 -9999 -9999 -9999 -9999 -9999 -9999 -9999 -9999 -9999 -9999 -9999 -9999 -9999 -9999 -9999 -9999 -9999
0E0 0E0 0E0 0E0 0E0 0E0 0E0 0E0 0E0 0E0 0E0 0E0 0E0 0E0 0E0 0E0 0E0 0E0 0E0 0E0 0E0 8.27806E-1 7.71706E-1 3.40558E-1 0E0 0E0 0E0 0E0 0E0 0E0 0E0 0E0 8.10666E-1 0E0 1.88267E-1 3.37006E-2 7.21407E-4 5.39123E-4 4.40614E-4 3.0723E-4 1.08766E-3 1.20004E-3 1.65956E-4 2.03524E-5 2.80845E-5 2.99495E-4 4.14055E-4 2.80439E-4 2.82226E-4 -9999 -9999 -9999 -9999 -9999 -9999 -9999 -9999 -9999 -9999 -9999 -9999 -9999 -9999 -9999 -9999 -9999 -9999 -9999 -9999 -9999 -9999 -9999 -9999 -9999 -9999 -9999 -9999 -9999
0E0 0E0 0E0 0E0 0E0 0E0 0E0 0E0 0E0 0E0 0E0 0E0 0E0 0E0 0E0 5.98431E-1 0E0 0E0 0E0 0E0 7.32486E-1 8.61305E-1 8.92512E-1 6.83489E-1 6.65282E-1 0E0 0E0 0E0 0E0 0E0 0E0 0E0 0E0 2.42282E-1 9.61458E-2 5.61478E-2 2.3213E-2 2.41444E-2 7.95105E-3 2.86705E-4 1.76939E-4 1.06675E-3 1.30108E-4 3.71476E-5 6.53777E-5 6.07162E-4 1.75989E-3 3.1187E-4 7.92789E-4 -9999 -9999 -9999 -9999 -9999 -9999 -9999 -9999 -9999 -9999 -9999 -9999 -9999 -9999 -9999 -9999 -9999 -9999 -9999 -9999 -9999 -9999 -9999 -9999 -9999 -9999 -9999 -9999 -9999
0E0 0E0 0E0 0E0 0E0 0E0 0E0 0E0 0E0 0E0 0E0 0E0 0E0 0E0 0E0 3.8197E-1 3.91466E-1 2.60879E-1 0E0 0E0 0E0 9.3689E-1 3.57476E-1 5.42619E-1 8.27177E-1 7.45572E-1 5.49582E-1 0E0 0E0 0E0 0E0 0E0 0E0 3.35574E-1 7.64822E-2 3.8375E-1 3.67623E-1 1.87454E-1 3.16722E-2 4.22371E-4 1.25234E-4 3.18855E-5 1.50966E-5 2.84429E-5 3.74592E-4 1.15929E-3 4.38497E-4 1.96308E-3 1.79392E-3 -9999 -9999 -9999 -9999 -9999 -9999 -9999 -9999 -9999 -9999 -9999 -9999 -9999 -9999 -9999 -9999 -9999 -9999 -9999 -9999 -9999 -9999 -9999 -9999 -9999 -9999 -9999 -9999 -9999
0E0 0E0 0E0 0E0 0E0 0E0 0E0 0E0 0E0 0E0 0E0 0E0 0E0 0E0 9.99759E-2 5.10241E-2 1.25416E-1 3.1172E-1 0E0 0E0 0E0 9.74902E-1 1.68415E-1 2.35467E-1 3.54764E-1 8.40827E-1 5.09904E-1 0E0 0E0 0E0 0E0 6.60315E-1 4.04503E-1 2.57349E-1 5.89099E-2 1.09679E-1 1.47094E-1 2.32844E-2 4.22196E-3 1.12226E-3 1.38207E-3 4.82336E-5 3.06433E-5 2.17075E-4 3.08577E-4 4.68748E-4 1.53382E-3 2.96593E-3 2.15957E-3 -9999 -9999 -9999 -9999 -9999 -9999 -9999 -9999 -9999 -9999 -9999 -9999 -9999 -9999 -9999 -9999 -9999 -9999 -9999 -9999 -9999 -9999 -9999 -9999 -9999 -9999 -9999 -9999 -9999
0E0 0E0 0E0 0E0 0E0 0E0 0E0 0E0 0E0 0E0 0E0 0E0 0E0 0E0 0E0 1.79468E-1 0E0 5.39726E-1 0E0 0E0 0E0 9.82725E-1 7.40867E-1 2.85582E-1 3.95907E-1 6.41986E-1 8.13932E-1 6.89863E-1 0E0 6.91058E-1 0E0 8.24394E-2 6.06502E-2 5.25672E-2 6.66432E-2 1.92277E-2 4.93548E-2 2.20913E-2 5.93259E-3 8.31169E-3 1.37214E-3 1.87534E-4 1.28647E-4 1.18679E-3 7.09609E-4 8.75862E-4 9.67728E-4 3.28537E-3 1.90863E-3 -9999 -9999 -9999 -9999 -9999 -9999 -9999 -9999 -9999 -9999 -9999 -9999 -9999 -9999 -9999 -9999 -9999 -9999 -9999 -9999 -9999 -9999 -9999 -9999 -9999 -9999 -9999 -9999 -9999
0E0 0E0 0E0 0E0 0E0 0E0 0E0 0E0 0E0 0E0 7.89638E-1 0E0 0E0 0E0 0E0 0E0 4.16536E-1 0E0 0E0 0E0 0E0 8.34514E-1 0E0 0E0 7.82454E-1 3.85004E-1 3.26256E-1 4.62242E-1 3.58796E-1 3.66099E-1 0E0 1.97473E-1 4.34411E-2 1.97827E-2 1.7908E-2 1.79027E-2 2.74825E-2 1.88716E-2 2.03896E-2 3.56289E-3 1.27427E-3 1.66858E-4 7.04171E-5 1.87439E-3 2.15115E-3 2.44016E-3 3.14431E-3 2.15215E-3 1.97147E-3 -9999 -9999 -9999 -9999 -9999 -9999 -9999 -9999 -9999 -9999 -9999 -9999 -9999 -9999 -9999 -9999 -9999 -9999 -9999 -9999 -9999 -9999 -9999 -9999 -9999 -9999 -9999 -9999 -9999
0E0 0E0 0E0 0E0 0E0 0E0 0E0 0E0 0E0 7.71324E-1 5.15759E-1 7.45529E-1 0E0 0E0 0E0 0E0 0E0 0E0 0E0 0E0 0E0 5.7303E-1 6.91693E-1 0E0 0E0 3.85415E-1 3.42174E-1 3.3035E-1 4.63995E-1 2.12586E-1 0E0 0E0 1.67531E-1 1.05735E-1 6.64898E-3 8.80816E-4 3.36211E-3 1.74228E-2 1.12837E-2 3.04609E-3 3.77033E-4 2.94374E-4 8.66931E-4 7.16008E-4 1.31751E-3 4.24875E-3 6.14941E-3 3.82315E-4 2.62743E-4 -9999 -9999 -9999 -9999 -9999 -9999 -9999 -9999 -9999 -9999 -9999 -9999 -9999 -9999 -9999 -9999 -9999 -9999 -9999 -9999 -9999 -9999 -9999 -9999 -9999 -9999 -9999 -9999 -9999
0E0 0E0 0E0 0E0 0E0 0E0 0E0 0E0 0E0 8.63596E-1 7.60255E-1 7.07054E-1 0E0 0E0 0E0 0E0 0E0 0E0 0E0 0E0 0E0 9.31726E-1 9.50571E-1 0E0 0E0 0E0 3.68207E-1 0E0 0E0 3.48948E-1 0E0 1.22595E-1 1.27416E-1 1.09727E-2 3.78441E-3 8.98011E-4 4.31883E-4 5.15488E-4 4.84765E-4 8.07615E-4 2.17692E-4 8.19821E-4 1.11025E-3 2.03465E-3 4.43955E-3 8.80444E-3 2.06384E-3 1.47094E-4 4.98694E-5 -9999 -9999 -9999 -9999 -9999 -9999 -9999 -9999 -9999 -9999 -9999 -9999 -9999 -9999 -9999 -9999 -9999 -9999 -9999 -9999 -9999 -9999 -9999 -9999 -9999 -9999 -9999 -9999 -9999
0E0 0E0 0E0 0E0 0E0 0E0 0E0 0E0 9.37942E-1 9.79388E-1 0E0 9.90035E-1 9.84748E-1 9.7475E-1 0E0 0E0 0E0 0E0 0E0 0E0 7.89996E-1 3.71836E-1 4.24399E-1 6.6589E-1 0E0 0E0 2.32475E-1 2.38692E-1 0E0 2.10723E-1 1.22112E-1 5.29483E-3 6.39963E-3 3.36291E-3 8.79301E-4 3.25277E-4 3.80324E-4 1.27407E-3 5.28781E-3 1.14849E-3 7.01368E-4 2.92528E-3 9.64991E-4 1.50416E-3 2.70106E-3 6.81326E-4 3.51344E-4 2.66014E-4 1.59617E-4 -9999 -9999 -9999 -9999 -9999 -9999 -9999 -9999 -9999 -9999 -9999 -9999 -9999 -9999 -9999 -9999 -9999 -9999 -9999 -9999 -9999 -9999 -9999 -9999 -9999 -9999 -9999 -9999 -9999
0E0 0E0 0E0 0E0 0E0 0E0 0E0 0E0 0E0 9.89328E-1 9.97203E-1 9.95977E-1 9.7113E-1 7.99735E-1 8.56576E-1 0E0 0E0 9.13002E-1 7.80737E-1 0E0 3.78388E-1 9.31619E-2 1.54487E-1 3.79491E-1 5.35609E-1 0E0 3.05527E-1 1.63648E-1 6.55185E-2 1.88057E-2 8.70555E-3 2.75394E-3 1.00524E-3 6.52255E-4 6.90662E-4 6.47985E-4 2.72148E-3 3.81366E-3 5.77923E-3 5.61876E-3 4.56937E-3 6.54074E-3 2.84816E-3 3.03648E-3 2.57881E-3 5.05129E-4 2.40581E-4 8.48167E-5 5.1298E-5 -9999 -9999 -9999 -9999 -9999 -9999 -9999 -9999 -9999 -9999 -9999 -9999 -9999 -9999 -9999 -9999 -9999 -9999 -9999 -9999 -9999 -9999 -9999 -9999 -9999 -9999 -9999 -9999 -9999
2.16904E-1 0E0 0E0 0E0 0E0 0E0 0E0 0E0 0E0 5.72756E-1 5.05606E-1 9.21519E-1 9.72821E-1 9.69298E-1 8.87571E-1 9.51984E-1 9.95654E-1 7.13824E-1 5.60048E-1 5.82896E-1 3.12618E-1 9.13657E-2 1.56392E-1 2.53374E-1 2.82517E-1 3.80783E-1 2.12156E-1 1.40105E-1 5.85411E-2 3.01929E-3 1.53904E-3 7.53151E-4 1.59082E-3 3.69191E-4 2.84922E-3 2.69928E-3 2.03639E-2 4.72903E-3 1.07193E-2 8.62601E-3 6.94158E-3 4.01529E-3 2.68811E-3 2.45201E-3 7.26537E-4 1.89715E-3 4.75214E-4 4.35282E-4 1.02444E-4 -9999 -9999 -9999 -9999 -9999 -9999 -9999 -9999 -9999 -9999 -9999 -9999 -9999 -9999 -9999 -9999 -9999 -9999 -9999 -9999 -9999 -9999 -9999 -9999 -9999 -9999 -9999 -9999 -9999
2.29701E-1 0E0 0E0 0E0 0E0 2.75566E-1 0E0 0E0 0E0 0E0 3.72188E-1 4.81046E-1 6.49936E-1 7.84663E-1 6.44341E-1 6.58502E-1 9.67445E-1 6.38295E-1 9.2716E-1 8.82031E-1 3.36342E-1 7.12136E-2 7.72178E-2 8.488E-2 8.18705E-2 9.10062E-2 3.80175E-2 1.30178E-1 1.09562E-1 4.03027E-3 1.29103E-3 2.74351E-3 6.87042E-3 1.74404E-3 7.59844E-3 1.07719E-2 2.26099E-2 5.55583E-3 5.6301E-3 7.67931E-3 3.92738E-3 2.75699E-3 7.62682E-3 1.2989E-3 2.63202E-3 1.10326E-3 2.42447E-4 6.14166E-5 7.46144E-5 -9999 -9999 -9999 -9999 -9999 -9999 -9999 -9999 -9999 -9999 -9999 -9999 -9999 -9999 -9999 -9999 -9999 -9999 -9999 -9999 -9999 -9999 -9999 -9999 -9999 -9999 -9999 -9999 -9999
8.85351E-2 3.04048E-1 1.67858E-1 3.05516E-1 3.21422E-1 0E0 0E0 0E0 0E0 0E0 0E0 0E0 4.68081E-1 5.77108E-1 4.03919E-1 5.43411E-1 9.62438E-1 9.94349E-1 9.41379E-1 5.26449E-1 2.42452E-1 5.60396E-2 6.33997E-2 6.16147E-2 2.00618E-2 3.79156E-2 6.38478E-2 1.77981E-1 5.76945E-2 8.86987E-3 6.93498E-3 4.55978E-3 8.92922E-3 4.21367E-3 1.43128E-2 2.87108E-2 8.16614E-3 1.16336E-2 1.03642E-2 7.58396E-3 9.13622E-3 9.34184E-3 1.10112E-2 8.42885E-3 3.04247E-3 4.0688E-4 1.04818E-4 2.24731E-5 2.37201E-5 -9999 -9999 -9999 -9999 -9999 -9999 -9999 -9999 -9999 -9999 -9999 -9999 -9999 -9999 -9999 -9999 -9999 -9999 -9999 -9999 -9999 -9999 -9999 -9999 -9999 -9999 -9999 -9999 -9999
4.71352E-2 1.30589E-1 6.52356E-2 8.10056E-2 2.15788E-1 0E0 0E0 0E0 0E0 0E0 0E0 0E0 0E0 0E0 0E0 7.41521E-1 8.40945E-1 9.97916E-1 9.9702E-1 6.96884E-1 8.62856E-2 3.19891E-2 5.95852E-2 5.85532E-2 3.60727E-2 1.53918E-1 6.16886E-1 3.67496E-1 2.55647E-1 2.9112E-2 2.70897E-2 6.32081E-3 1.66959E-2 2.02296E-2 9.6219E-2 2.00961E-2 2.69678E-2 1.52799E-2 7.70235E-3 1.25895E-2 6.18149E-3 1.20383E-3 2.13524E-3 2.85494E-3 2.63537E-3 1.78454E-3 1.83811E-4 3.73015E-5 1.01831E-5 -9999 -9999 -9999 -9999 -9999 -9999 -9999 -9999 -9999 -9999 -9999 -9999 -9999 -9999 -9999 -9999 -9999 -9999 -9999 -9999 -9999 -9999 -9999 -9999 -9999 -9999 -9999 -9999 -9999
4.1762E-2 1.39379E-2 8.1048E-3 6.35112E-2 0E0 0E0 0E0 0E0 0E0 0E0 0E0 0E0 0E0 1.39351E-1 0E0 6.12439E-1 5.59762E-1 9.05312E-1 9.97093E-1 3.00003E-1 7.4475E-2 8.09148E-2 1.62041E-1 2.39166E-1 1.58385E-1 6.0323E-1 5.61785E-1 1.2276E-1 2.47217E-1 3.38733E-1 2.02379E-1 8.39192E-2 8.70348E-2 1.02037E-1 8.89224E-2 8.86409E-2 8.08899E-2 2.18519E-2 1.30838E-2 1.39161E-2 7.10975E-4 2.12657E-4 4.09245E-4 1.48096E-3 6.20772E-4 4.77679E-4 1.0409E-4 4.82364E-5 -9999 -9999 -9999 -9999 -9999 -9999 -9999 -9999 -9999 -9999 -9999 -9999 -9999 -9999 -9999 -9999 -9999 -9999 -9999 -9999 -9999 -9999 -9999 -9999 -9999 -9999 -9999 -9999 -9999 -9999
0E0 6.82179E-2 2.5905E-2 1.32262E-1 0E0 0E0 0E0 0E0 0E0 0E0 1.65014E-1 4.4637E-2 1.47458E-2 3.27872E-2 4.32837E-2 1.70029E-1 5.87109E-1 9.46803E-1 9.97489E-1 5.86883E-1 4.31739E-1 6.47777E-1 4.90802E-1 6.89978E-1 6.79157E-1 8.92385E-1 2.86224E-1 9.86725E-2 1.87505E-1 1.60726E-1 2.23615E-1 1.04438E-1 9.16717E-2 2.70167E-2 5.98727E-2 6.83452E-2 3.5567E-2 3.68351E-2 2.51842E-2 9.20128E-3 2.24917E-3 1.74861E-4 1.92447E-4 6.1901E-4 2.16353E-4 2.52399E-4 2.6582E-5 -9999 -9999 -9999 -9999 -9999 -9999 -9999 -9999 -9999 -9999 -9999 -9999 -9999 -9999 -9999 -9999 -9999 -9999 -9999 -9999 -9999 -9999 -9999 -9999 -9999 -9999 -9999 -9999 -9999 -9999 -9999
0E0 9.10873E-2 0E0 0E0 0E0 0E0 0E0 0E0 0E0 6.6094E-2 6.94635E-2 8.43131E-3 1.18162E-2 7.922E-2 1.50942E-2 1.07238E-1 4.22796E-1 9.89068E-1 9.9535E-1 8.91013E-1 9.80481E-1 9.88877E-1 9.12198E-1 8.62372E-1 7.142E-1 7.13861E-1 4.30418E-1 5.66395E-1 5.59017E-1 3.54563E-1 1.42318E-1 3.56686E-2 2.59518E-2 1.55583E-2 1.30367E-2 4.62254E-2 3.37919E-2 3.89197E-2 1.46736E-2 1.61298E-3 1.86535E-4 6.98037E-5 1.10065E-4 2.97803E-4 1.68118E-4 8.79507E-5 1.58003E-5 -9999 -9999 -9999 -9999 -9999 -9999 -9999 -9999 -9999 -9999 -9999 -9999 -9999 -9999 -9999 -9999 -9999 -9999 -9999 -9999 -9999 -9999 -9999 -9999 -9999 -9999 -9999 -9999 -9999 -9999 -9999
0E0 0E0 0E0 1.33996E-1 0E0 1.46341E-1 6.75853E-2 7.20761E-2 5.38765E-2 5.37881E-3 7.50599E-3 6.28201E-3 1.07915E-2 1.74701E-1 5.75539E-2 1.32424E-1 6.78047E-1 9.97407E-1 8.628E-1 2.17627E-1 3.51365E-1 7.43284E-1 4.08701E-1 1.30552E-1 5.89748E-2 5.84255E-2 4.2846E-1 3.80198E-1 5.97478E-2 4.04793E-1 2.16478E-1 5.70336E-2 9.944E-3 8.89505E-3 2.83069E-2 3.8949E-2 2.88422E-2 7.55298E-3 7.33214E-4 1.45533E-4 1.12662E-4 1.57764E-4 2.42738E-4 9.23993E-5 3.7839E-5 1.81266E-5 1.53218E-5 -9999 -9999 -9999 -9999 -9999 -9999 -9999 -9999 -9999 -9999 -9999 -9999 -9999 -9999 -9999 -9999 -9999 -9999 -9999 -9999 -9999 -9999 -9999 -9999 -9999 -9999 -9999 -9999 -9999 -9999 -9999
0E0 0E0 1.40368E-1 4.2711E-2 1.77321E-2 1.4153E-2 2.82691E-2 1.17479E-2 5.44106E-3 1.54896E-3 1.87776E-2 1.10191E-1 6.19143E-2 9.19146E-2 1.25999E-1 3.19152E-1 4.76592E-1 9.97398E-1 8.78389E-1 2.10943E-1 1.68454E-1 2.45588E-1 5.84445E-2 1.94853E-2 1.55456E-2 3.22035E-2 1.36716E-1 1.13099E-1 1.501E-2 1.2705E-1 3.06229E-1 6.54859E-2 2.56313E-2 2.09952E-2 6.31192E-2 2.55789E-2 3.82875E-3 1.953E-3 1.02243E-3 3.97492E-4 2.57497E-4 8.37222E-4 1.16502E-3 8.49684E-4 8.78659E-5 3.18553E-5 3.21536E-5 9.20269E-6 -9999 -9999 -9999 -9999 -9999 -9999 -9999 -9999 -9999 -9999 -9999 -9999 -9999 -9999 -9999 -9999 -9999 -9999 -9999 -9999 -9999 -9999 -9999 -9999 -9999 -9999 -9999 -9999 -9999 -9999
3.37025E-1 1.893E-1 0E0 2.02484E-1 3.69201E-2 1.48664E-2 2.18798E-2 2.45992E-2 1.63097E-2 1.98609E-2 4.65165E-2 2.58245E-1 3.02799E-1 6.51653E-2 1.35867E-1 4.99332E-1 8.06641E-1 9.93778E-1 9.86053E-1 8.17699E-1 7.17007E-1 4.28021E-1 4.79239E-2 1.93829E-2 2.86277E-3 2.20043E-2 8.25895E-2 5.54E-2 3.65455E-2 2.16635E-1 2.83707E-1 2.87948E-1 1.64002E-1 1.005E-1 6.45717E-2 1.63503E-2 5.30671E-3 1.63557E-3 2.82641E-4 9.83795E-4 9.85655E-4 1.99123E-3 1.69464E-3 2.14694E-4 7.82814E-5 1.94591E-5 2.28719E-5 6.11938E-6 -9999 -9999 -9999 -9999 -9999 -9999 -9999 -9999 -9999 -9999 -9999 -9999 -9999 -9999 -9999 -9999 -9999 -9999 -9999 -9999 -9999 -9999 -9999 -9999 -9999 -9999 -9999 -9999 -9999 -9999
0E0 0E0 0E0 0E0 1.17988E-1 8.07765E-3 1.82406E-2 1.7972E-2 1.98122E-2 6.85446E-2 4.40999E-2 8.08368E-2 1.31629E-1 1.75003E-1 4.94713E-1 7.77964E-1 9.8432E-1 9.43754E-1 9.10495E-1 9.96137E-1 8.87998E-1 2.28852E-1 6.20239E-2 2.03402E-2 2.4298E-3 2.90191E-3 4.44581E-3 9.18173E-3 1.23507E-1 5.88247E-2 9.77429E-2 3.22872E-1 1.79956E-1 8.3864E-2 6.10304E-2 1.41488E-2 4.34548E-3 1.11304E-3 1.12101E-3 1.05121E-2 9.43745E-3 8.69195E-3 2.2704E-3 2.72253E-4 8.79555E-5 3.90893E-5 2.01801E-5 1.977E-5 -9999 -9999 -9999 -9999 -9999 -9999 -9999 -9999 -9999 -9999 -9999 -9999 -9999 -9999 -9999 -9999 -9999 -9999 -9999 -9999 -9999 -9999 -9999 -9999 -9999 -9999 -9999 -9999 -9999 -9999
0E0 0E0 0E0 1.2429E-1 1.48083E-2 4.0165E-3 7.57656E-3 1.8264E-2 2.27131E-2 6.22009E-2 1.207E-1 1.59228E-1 3.00304E-1 6.65765E-1 6.22537E-1 9.88872E-1 6.7459E-1 1.60292E-1 3.91252E-1 8.26577E-1 8.79962E-1 2.89506E-1 4.60688E-2 1.05448E-2 2.38914E-2 1.61569E-2 1.33347E-2 4.30562E-3 1.70635E-2 2.14864E-2 5.65329E-2 7.35914E-2 2.08953E-1 1.36615E-1 4.27348E-2 2.13155E-2 2.74676E-3 7.68182E-3 1.02402E-2 1.97864E-2 1.26791E-2 3.0484E-3 2.70282E-3 1.90151E-4 2.53217E-5 9.98231E-6 3.47034E-6 8.08995E-6 -9999 -9999 -9999 -9999 -9999 -9999 -9999 -9999 -9999 -9999 -9999 -9999 -9999 -9999 -9999 -9999 -9999 -9999 -9999 -9999 -9999 -9999 -9999 -9999 -9999 -9999 -9999 -9999 -9999 -9999
0E0 0E0 6.37958E-2 2.79325E-3 9.52374E-4 1.41237E-3 5.70674E-3 1.57233E-2 3.96537E-2 2.17119E-1 3.5268E-1 2.5191E-1 2.5571E-1 8.17961E-1 9.4533E-1 8.61856E-1 4.57851E-1 1.26621E-1 5.66231E-2 1.99168E-1 3.75303E-1 8.82001E-1 2.06649E-1 6.14223E-2 7.12829E-2 6.1794E-2 8.62884E-3 3.04295E-3 1.60453E-3 1.32045E-2 8.44356E-2 1.54386E-1 1.45366E-1 2.14158E-1 6.26254E-2 1.36453E-2 2.93533E-2 4.14291E-2 3.62109E-2 1.02597E-2 1.0186E-3 1.7044E-3 6.15346E-4 6.20953E-4 2.00848E-5 1.21162E-5 9.17507E-6 2.71942E-6 -9999 -9999 -9999 -9999 -9999 -9999 -9999 -9999 -9999 -9999 -9999 -9999 -9999 -9999 -9999 -9999 -9999 -9999 -9999 -9999 -9999 -9999 -9999 -9999 -9999 -9999 -9999 -9999 -9999 -9999
2.86296E-1 1.43802E-1 3.48069E-2 4.015E-3 2.27751E-3 5.52728E-3 8.55724E-3 3.21143E-2 5.58681E-2 1.22145E-1 1.8708E-1 4.99162E-1 8.51822E-1 9.81524E-1 8.1863E-1 1.79314E-1 6.26642E-2 7.1535E-2 3.03103E-2 7.49982E-2 5.7993E-1 8.71221E-1 4.48225E-1 2.89282E-1 2.03797E-1 1.45372E-2 5.43171E-3 1.12669E-3 2.71953E-4 4.4467E-3 1.82084E-2 2.99017E-2 2.87051E-2 1.57314E-1 8.62417E-2 4.96934E-2 4.76661E-2 2.53276E-2 7.10521E-3 2.06644E-3 2.19214E-4 7.01935E-4 5.56981E-4 1.03821E-4 3.72649E-5 1.67876E-5 1.45792E-5 1.05934E-5 -9999 -9999 -9999 -9999 -9999 -9999 -9999 -9999 -9999 -9999 -9999 -9999 -9999 -9999 -9999 -9999 -9999 -9999 -9999 -9999 -9999 -9999 -9999 -9999 -9999 -9999 -9999 -9999 -9999 -9999
0E0 6.91941E-2 1.66645E-2 1.35253E-2 8.82924E-3 8.37027E-3 8.39854E-3 1.66052E-2 1.16237E-2 3.19433E-2 5.52086E-2 1.67234E-1 8.73078E-1 9.35311E-1 3.05792E-1 3.49069E-2 4.72874E-3 1.45516E-2 1.57531E-2 2.41451E-2 2.32424E-1 5.51111E-1 7.97956E-1 5.36187E-1 7.08221E-2 6.95509E-3 7.49772E-3 1.39692E-3 9.1271E-4 8.26903E-4 1.03543E-3 2.31375E-3 2.37731E-2 7.89606E-2 4.10684E-2 5.32701E-2 5.2288E-2 1.3209E-2 5.27822E-3 1.27139E-3 8.2113E-4 3.66174E-4 2.18889E-4 1.2189E-5 2.30696E-5 7.81556E-6 2.91272E-6 3.76634E-5 6.5161E-5 -9999 -9999 -9999 -9999 -9999 -9999 -9999 -9999 -9999 -9999 -9999 -9999 -9999 -9999 -9999 -9999 -9999 -9999 -9999 -9999 -9999 -9999 -9999 -9999 -9999 -9999 -9999 -9999 -9999
1.63916E-1 3.01562E-2 1.0395E-2 7.84444E-3 9.16258E-3 1.00947E-2 1.68584E-2 1.56695E-2 9.47397E-3 4.67678E-2 1.33516E-1 5.23999E-1 9.57158E-1 7.66425E-1 1.77882E-1 2.00133E-2 3.17436E-3 8.11747E-3 2.50382E-2 1.34304E-1 2.19691E-1 2.05327E-1 5.54042E-1 2.61299E-1 2.87704E-2 1.91071E-2 5.09854E-3 2.42701E-3 2.93878E-3 5.02311E-3 1.67085E-3 1.96304E-3 1.7772E-2 3.66471E-2 1.38544E-2 2.51006E-2 3.65639E-2 1.6604E-2 1.11352E-2 9.63021E-3 3.06793E-3 1.63587E-3 2.06687E-5 3.2825E-5 1.62833E-5 2.99637E-6 5.80779E-6 5.72996E-5 3.44444E-5 -9999 -9999 -9999 -9999 -9999 -9999 -9999 -9999 -9999 -9999 -9999 -9999 -9999 -9999 -9999 -9999 -9999 -9999 -9999 -9999 -9999 -9999 -9999 -9999 -9999 -9999 -9999 -9999 -9999
3.54845E-2 2.75701E-2 1.14802E-2 9.22436E-3 1.88965E-2 2.33394E-2 5.47488E-2 2.91938E-2 1.37682E-2 6.4544E-2 2.00984E-1 8.94963E-1 7.73222E-1 2.05734E-1 2.25738E-1 5.09924E-2 1.25888E-2 2.13136E-2 8.61431E-2 9.73555E-2 1.19906E-1 2.89037E-2 2.33021E-2 1.41888E-1 3.50575E-1 1.77919E-1 4.50063E-2 1.34739E-2 1.70314E-2 2.06957E-2 6.08398E-3 6.94692E-3 4.4431E-3 7.28615E-3 5.29525E-3 1.87486E-2 1.12374E-2 2.81613E-2 3.5337E-3 2.25978E-3 8.51048E-5 1.21807E-4 2.1654E-5 7.45934E-6 6.06422E-6 5.88682E-6 5.83679E-6 6.91224E-5 3.27365E-5 1.92124E-4 -9999 -9999 -9999 -9999 -9999 -9999 -9999 -9999 -9999 -9999 -9999 -9999 -9999 -9999 -9999 -9999 -9999 -9999 -9999 -9999 -9999 -9999 -9999 -9999 -9999 -9999 -9999 -9999
3.6518E-2 4.75237E-2 1.11781E-2 6.72017E-3 1.06351E-2 2.61301E-2 4.9302E-2 2.20038E-1 2.04315E-1 3.59488E-1 6.52861E-1 8.84657E-1 5.08102E-1 5.17173E-2 3.60891E-2 2.07475E-2 9.37151E-3 4.38866E-3 2.05703E-2 6.54376E-2 1.82873E-1 1.5135E-2 5.02383E-2 9.7284E-2 2.15316E-1 5.44128E-1 9.41141E-2 5.85941E-2 4.48916E-2 3.2884E-2 1.6502E-2 5.88607E-3 3.72348E-3 2.87452E-3 2.61276E-3 9.60357E-3 2.41787E-3 1.51765E-2 1.47073E-2 4.22561E-3 4.21452E-4 3.25673E-5 1.78976E-6 2.25098E-5 2.24561E-5 4.28325E-6 3.35063E-6 2.58065E-5 6.55984E-5 1.28333E-4 -9999 -9999 -9999 -9999 -9999 -9999 -9999 -9999 -9999 -9999 -9999 -9999 -9999 -9999 -9999 -9999 -9999 -9999 -9999 -9999 -9999 -9999 -9999 -9999 -9999 -9999 -9999 -9999
3.6262E-2 1.36198E-2 1.04693E-2 4.84155E-3 6.74959E-3 1.5529E-2 1.61049E-2 1.32896E-1 2.71311E-1 6.265E-1 7.79185E-1 5.70665E-1 1.87055E-1 7.37795E-2 7.26811E-2 2.72118E-2 1.31938E-2 5.2618E-4 7.32271E-4 9.74091E-3 2.4944E-2 1.38502E-2 3.78673E-2 4.44159E-3 3.05322E-2 4.3129E-1 2.31793E-2 2.75087E-2 1.75009E-2 2.84748E-3 1.7854E-3 8.83512E-4 3.34894E-3 7.74191E-4 7.89878E-4 1.69116E-3 5.06834E-4 6.71576E-3 4.12081E-3 1.01893E-3 6.92249E-4 5.62309E-5 2.58594E-6 1.72292E-5 5.34272E-5 1.1394E-5 3.92065E-5 3.4328E-5 2.16747E-4 2.24408E-4 1.71471E-4 -9999 -9999 -9999 -9999 -9999 -9999 -9999 -9999 -9999 -9999 -9999 -9999 -9999 -9999 -9999 -9999 -9999 -9999 -9999 -9999 -9999 -9999 -9999 -9999 -9999 -9999 -9999
