ENM/Final_Models/M_0.9_F_q_Set_1_NE/Gustavia_santanderiensis_3_Choco_novel.asc
ncols         367
nrows         963
xllcorner     -78.6
yllcorner     0.65
cellsize      0.00833333333333323
NODATA_value  -9999
[rows 540 to 569 of 963, columns 204 to 271 of 367]
-5.93237E1 -6.37755E1 -6.32653E1 -6.27551E1 -6.27551E1 -7.19388E1 -6.17347E1 -6.26087E1 -5.96939E1 -5.49114E1 -4.03221E1 -5.1401E1 -5.86735E1 -5.96939E1 -5.96939E1 -5.81633E1 -2.59903E1 -2.37037E1 -2.12882E1 -5.45918E1 -4.64286E1 -3.97959E1 -4.08163E1 -3.97959E1 -2.80612E1 -3.16327E1 -2.29592E1 -2.29592E1 -2.7551E1 -3.97959E1 -3.72449E1 -3.16327E1 -5.61225E0 3.99162E-2 3.99162E-2 8.78156E-1 1.77627E0 3.99162E-2 1.09769E1 1.75232E1 3.27313E0 8.58198E-1 1.89602E0 5.68806E0 3.79204E0 7.12504E0 1.49486E1 1.27931E1 1.27931E1 1.09171E1 7.54416E0 7.54416E0 7.54416E0 6.86558E0 -9999 -9999 -9999 -9999 -9999 -9999 -9999 -9999 -9999 -9999 -9999 -9999 -9999 -9999
-7.00161E1 -6.37755E1 -6.27551E1 -6.57649E1 -5.90982E1 -5.71429E1 -5.56122E1 -4.61514E1 -4.30596E1 -5.61997E1 -5.04026E1 -5.81633E1 -5.91837E1 -4.12882E1 -4.15137E1 -3.7037E1 -1.62319E1 -2.17069E1 -3.31633E1 -3.41837E1 -3.11224E1 -2.85714E1 -3.82653E1 -3.57143E1 -4.13265E1 -4.28571E1 -2.65306E1 -2.34694E1 -2.71498E1 -4.03061E1 -5.45918E1 -1.63265E1 1.39707E-1 5.1891E-1 6.52629E0 1.33719E0 6.94541E0 1.54476E1 2.89392E0 1.27931E1 8.3824E0 2.89392E0 5.24898E0 4.90969E0 6.76579E0 8.36244E0 9.48009E0 9.48009E0 1.27931E1 1.09171E1 1.09171E1 9.48009E0 7.54416E0 -9999 -9999 -9999 -9999 -9999 -9999 -9999 -9999 -9999 -9999 -9999 -9999 -9999 -9999 -9999
-6.46055E1 -6.27551E1 -6.22449E1 -4.39614E1 -6.27551E1 -5.71429E1 -5.5102E1 -5.40816E1 -5.10204E1 -3.95813E1 -5.66327E1 -5.5102E1 -4.69388E1 -3.49114E1 -2.8599E1 -3.12077E1 -2.61514E1 -1.52979E1 -3.11224E1 -3.11224E1 -2.70408E1 -2.5E1 -1.86473E1 -3.67347E1 -4.18367E1 -4.03061E1 -4.4898E1 -3.97959E1 -4.13265E1 -4.54082E1 -4.38776E1 -8.69565E0 2.39497E-1 5.38868E-1 1.35515E1 1.85211E1 1.54476E1 1.43698E1 3.87187E0 4.90969E0 1.09171E1 4.17124E0 1.77627E0 4.92965E0 7.54416E0 6.86558E0 6.16705E0 8.36244E0 8.36244E0 9.48009E0 9.48009E0 8.36244E0 -9999 -9999 -9999 -9999 -9999 -9999 -9999 -9999 -9999 -9999 -9999 -9999 -9999 -9999 -9999 -9999
-6.34461E1 -6.09662E1 -6.07143E1 -7.29592E1 -6.26731E1 -5.76531E1 -5.61224E1 -5.01449E1 -5.86735E1 -5.76531E1 -5.66327E1 -3.41837E1 -2.89211E1 -2.91465E1 -2.4219E1 -2.55395E1 -6.21578E0 7.78365E-1 -7.85829E0 -3.11224E1 -2.90816E1 -2.90816E1 -2.39796E1 -2.80612E1 -4.38776E1 -2.80612E1 -4.08163E1 -3.52041E1 -2.95918E1 -2.34694E1 -9.08213E0 -5.37842E0 8.58198E-1 8.78156E-1 1.43698E0 1.16954E1 1.54476E1 1.0019E1 1.43698E0 5.68806E0 9.48009E0 1.0019E1 4.17124E0 2.59455E0 4.59036E0 6.86558E0 5.38868E0 6.16705E0 6.86558E0 7.54416E0 9.48009E0 -9999 -9999 -9999 -9999 -9999 -9999 -9999 -9999 -9999 -9999 -9999 -9999 -9999 -9999 -9999 -9999 -9999
-5.55233E1 -5.54589E1 -6.04831E1 -7.19388E1 -6.17347E1 -6.02041E1 -5.62319E1 -4.98551E1 -5.30612E1 -4.23833E1 -5.66327E1 -5.66327E1 -2.97262E1 -2.97262E1 -3.03704E1 -3.11433E1 -1.50403E1 -7.56844E0 1.39707E-1 -1.58454E1 -2.5E1 -2.5E1 -2.2449E1 -3.0102E1 -1.66506E1 -2.85714E1 -2.44898E1 -1.93878E1 -3.72449E1 -3.82653E1 -3.06122E1 4.39078E-1 3.99162E-1 6.78575E-1 7.26474E0 1.0019E1 4.90969E0 1.07574E1 1.27931E1 1.07574E1 7.54416E0 3.23321E0 1.95589E0 4.17124E0 5.52839E0 8.36244E0 6.86558E0 4.71011E0 5.38868E0 6.86558E0 8.36244E0 -9999 -9999 -9999 -9999 -9999 -9999 -9999 -9999 -9999 -9999 -9999 -9999 -9999 -9999 -9999 -9999 -9999
-4.89211E1 -5.39453E1 -5.4525E1 -6.18358E1 -5.33655E1 -4.82126E1 -5.44928E1 -4.13265E1 -4.63768E1 -5E1 -5.66327E1 -5.61224E1 -2.19968E1 -2.66023E1 -4.33673E1 -3.87118E1 -2.34461E1 -1.72947E1 -1.58776E1 -2.07729E1 -2.51852E1 -1.20451E1 -1.46538E1 -2.06119E0 -2.60204E1 -3.62245E1 -2.2351E1 -2.04082E1 -1.83673E1 -2.60204E1 -4.59184E0 1.39707E-1 1.99581E-1 5.24898E0 9.18072E0 1.25536E1 1.35515E1 2.35505E0 9.18072E0 9.18072E0 7.26474E0 2.59455E0 1.8561E0 3.23321E0 5.94751E0 7.54416E0 6.86558E0 4.71011E0 4.71011E0 6.16705E0 -9999 -9999 -9999 -9999 -9999 -9999 -9999 -9999 -9999 -9999 -9999 -9999 -9999 -9999 -9999 -9999 -9999 -9999
-5.92915E1 -6.30274E1 -6.43478E1 -5.96939E1 -5.58776E1 -5.56844E1 -4.7504E1 -3.85829E1 -3.72625E1 -4.04831E1 -3.60709E1 -2.51208E1 -3.72449E1 -2.17391E1 -2.59581E1 -2.2351E1 -2.27053E1 -1.34944E1 -2.70408E1 -2.16103E1 -1.72947E1 -1.58163E1 -2.65306E1 -3.0102E1 -3.52041E1 -3.26531E1 -3.26531E1 -2.39796E1 -2.2449E1 -5.05102E1 -3.46939E1 -4.28571E1 1.19749E-1 6.38659E-1 9.77946E-1 2.89392E0 6.26684E0 1.49486E1 5.24898E0 8.3824E0 7.54416E0 7.54416E0 9.48009E0 2.37501E0 6.86558E0 6.16705E0 5.38868E0 1.95589E0 5.38868E0 6.16705E0 -9999 -9999 -9999 -9999 -9999 -9999 -9999 -9999 -9999 -9999 -9999 -9999 -9999 -9999 -9999 -9999 -9999 -9999
-5.22061E1 -6.12245E1 -5.83253E1 -5.27858E1 -5.13688E1 -3.88084E1 -4.14171E1 -3.60064E1 -2.99195E1 -3.17552E1 -3.15298E1 -3.62641E1 -2.4219E1 -3.30757E1 -2.87601E1 -2.66667E1 -3.71337E1 -2.6087E1 -3.09179E1 -2.29592E1 -4.43878E1 -3.52041E1 -3.72449E1 -3.87755E1 -4.23469E1 -4.08163E1 -1.78571E1 -2.09184E1 -4.4898E1 -2.90816E1 -3.41837E1 -3.31633E1 8.78156E-1 1.43698E1 1.25536E1 7.80361E0 1.54476E1 9.48009E0 8.36244E0 7.54416E0 6.86558E0 6.16705E0 7.54416E0 7.54416E0 8.36244E0 6.86558E0 5.38868E0 3.99162E0 3.99162E0 -9999 -9999 -9999 -9999 -9999 -9999 -9999 -9999 -9999 -9999 -9999 -9999 -9999 -9999 -9999 -9999 -9999 -9999 -9999
-6.02041E1 -5.86735E1 -5.8132E1 -5.18519E1 -5.85829E1 -5.81633E1 -7.09184E1 -4.0161E1 -4.03061E1 -2.68921E1 -3.11755E1 -2.94042E1 -2.75684E1 -2.49597E1 -2.13205E1 -2.01932E1 -2.0161E1 -3.0102E1 -2.82448E1 -2.78905E1 -3.92857E1 -5.2551E1 -4.38776E1 -4.59184E1 -3.72449E1 -3.16327E1 -8.16327E0 3.47271E0 3.87187E0 7.42441E0 3.47271E0 1.39707E-1 7.58407E-1 3.99162E-2 6.78575E-1 8.3824E0 1.27931E1 9.48009E0 7.54416E0 6.16705E0 6.86558E0 6.16705E0 5.38868E0 7.54416E0 6.86558E0 5.38868E0 3.83195E0 2.63447E0 3.41283E0 -9999 -9999 -9999 -9999 -9999 -9999 -9999 -9999 -9999 -9999 -9999 -9999 -9999 -9999 -9999 -9999 -9999 -9999 -9999
-6.16103E1 -6.49597E1 -5.8744E1 -5.69082E1 -4.35749E1 -5.40816E1 -5.61224E1 -5.66327E1 -4.29952E1 -3.98712E1 -2.07407E1 -2.09984E1 -1.58132E1 -1.50725E1 -1.35266E1 -1.29791E1 -9.08213E0 -1.88406E1 -2.98229E1 -4.38776E1 -3.46939E1 -4.28571E1 -4.69388E1 -5E1 -3.67347E1 -2.39796E1 -1.42857E1 1.55673E0 2.43489E0 3.47271E0 4.59036E0 1.33719E0 3.19329E-1 1.99581E-1 5.38868E-1 2.59455E0 1.0019E1 8.36244E0 6.86558E0 6.16705E0 6.16705E0 5.38868E0 6.16705E0 7.54416E0 6.86558E0 5.38868E0 2.97376E0 1.8561E0 3.41283E0 1.99581E0 -9999 -9999 -9999 -9999 -9999 -9999 -9999 -9999 -9999 -9999 -9999 -9999 -9999 -9999 -9999 -9999 -9999 -9999
-5.91837E1 -6.02899E1 -6.50242E1 -6.33172E1 -5.72625E1 -5.61224E1 -5.61224E1 -7.44898E1 -4.25121E1 -4.12882E1 -2.68277E1 -2.35105E1 -1.71659E1 -1.41385E1 -1.08535E1 -8.72786E0 -5.21739E0 -2.80612E1 -2.7551E1 -1.95169E1 -3.52041E1 -4.59184E1 -5E1 -3.87755E1 -3.31633E1 -2.95918E1 -2.80612E1 -1.17347E1 -4.08163E0 7.78365E-1 1.03782E0 1.03782E0 1.89602E0 3.99162E-1 4.39078E-1 1.49486E1 1.09171E1 9.77946E0 8.36244E0 6.86558E0 5.38868E0 4.71011E0 6.16705E0 6.16705E0 3.83195E0 3.07355E0 1.49686E0 2.15547E0 4.31095E0 5.38868E0 -9999 -9999 -9999 -9999 -9999 -9999 -9999 -9999 -9999 -9999 -9999 -9999 -9999 -9999 -9999 -9999 -9999 -9999
-6.05797E1 -6.12882E1 -6.39936E1 -6.219E1 -5.61224E1 -5.56122E1 -5.35714E1 -4.8438E1 -4.94898E1 -4.28986E1 -3.63607E1 -2.55072E1 -3.97959E1 -1.47826E1 -1.27536E1 -6.63446E0 1.19749E-1 -2.85714E1 -2.55102E1 -7.05314E0 -3.72449E1 -3.72449E1 -3.52041E1 -4.79592E1 -3.57143E1 -3.06122E1 -1.78571E1 -1.53061E0 7.98324E-2 1.77627E0 3.23321E0 1.59665E0 1.39707E-1 3.99162E-2 4.39078E-1 4.90969E0 6.26684E0 1.27931E1 8.36244E0 7.54416E0 6.16705E0 5.38868E0 6.86558E0 5.38868E0 2.93384E0 1.29728E0 1.07774E0 2.63447E0 3.91179E0 5.38868E0 6.16705E0 -9999 -9999 -9999 -9999 -9999 -9999 -9999 -9999 -9999 -9999 -9999 -9999 -9999 -9999 -9999 -9999 -9999
-6.9898E1 -6.16747E1 -6.86312E1 -6.86957E1 -6.10628E1 -6.11916E1 -6.0161E1 -5.35266E1 -4.7449E1 -3.58776E1 -3.92593E1 -3.33333E1 -2.38325E1 -1.50725E1 -1.47504E1 -2.65306E1 -8.11594E0 -8.11594E0 -9.88728E0 -2.14286E1 -3.82653E1 -3.77551E1 -3.36735E1 -3.0102E1 -4.23469E1 -2.90816E1 -1.12245E1 6.38659E-1 9.18072E-1 1.64455E1 1.43698E1 5.24898E0 4.98952E-1 6.38659E-1 5.1891E-1 1.33719E0 4.59036E0 1.09171E1 9.48009E0 4.07145E0 5.44856E0 6.86558E0 3.83195E0 5.38868E0 1.63656E0 5.1891E-1 1.79623E0 2.25526E0 2.67438E0 2.79413E0 5.38868E0 5.38868E0 -9999 -9999 -9999 -9999 -9999 -9999 -9999 -9999 -9999 -9999 -9999 -9999 -9999 -9999 -9999 -9999
-6.70853E1 -7.65306E1 -7.06924E1 -6.52174E1 -7.04348E1 -6.21578E1 -6.71176E1 -6.11594E1 -5.2551E1 -5.20408E1 -3.0628E1 -2.45089E1 -2.81481E1 -3.72449E1 -2.39796E1 -2.57005E1 -1.60064E1 -1.07143E1 -4.83092E-1 -6.79549E0 -3.57143E1 -3.36735E1 -2.90816E1 -3.26531E1 -2.85714E1 -2.7551E1 -1.88776E1 1.99581E-2 8.78156E-1 1.0019E1 1.43698E1 4.90969E0 4.17124E0 1.39707E-1 3.39287E-1 1.19749E0 1.19749E0 1.99581E0 1.18152E1 1.59665E0 9.48009E0 8.36244E0 5.38868E0 2.73426E0 1.77627E0 1.53677E0 1.59665E0 1.91598E0 2.59455E0 5.38868E0 6.16705E0 6.16705E0 7.54416E0 -9999 -9999 -9999 -9999 -9999 -9999 -9999 -9999 -9999 -9999 -9999 -9999 -9999 -9999 -9999
-7.19388E1 -7.60204E1 -6.41868E1 -6.4219E1 -5.68438E1 -6.14493E1 -5.46216E1 -5.43961E1 -5.15306E1 -5.10204E1 -3.51691E1 -3.01127E1 -2.21256E1 -2.55102E1 -1.87118E1 -1.41707E1 -1.00805E1 2.79413E-1 3.79204E-1 -6.21578E0 -6.12245E0 -3.31633E1 -3.52041E1 -4.89796E1 -3.31633E1 -7.65306E0 6.78575E-1 6.38659E-1 5.68806E0 1.59665E0 4.17124E0 3.47271E0 1.49486E1 8.3824E0 3.19329E-1 6.78575E-1 1.25536E1 1.09171E1 1.09171E1 8.12294E0 6.86558E0 6.86558E0 4.82986E0 2.83405E0 2.63447E0 3.45275E0 3.45275E0 3.99162E0 4.65023E0 5.38868E0 6.16705E0 7.54416E0 8.36244E0 -9999 -9999 -9999 -9999 -9999 -9999 -9999 -9999 -9999 -9999 -9999 -9999 -9999 -9999 -9999
-6.65056E1 -7.10145E1 -6.49597E1 -5.97424E1 -5.95813E1 -6.03543E1 -6.03543E1 -6.04831E1 -5.60709E1 -6.53061E1 -4.93398E1 -2.52818E1 -2.50564E1 -1.55233E1 -1.80354E1 -2.33816E1 -1.91626E1 -1.68367E1 -6.53784E0 -2.96296E0 -6.60225E0 -3.57143E1 -4.69388E1 -2.65306E1 -4.1868E-1 7.26474E0 1.35515E1 1.0019E1 1.54476E1 1.73635E1 1.35515E1 9.18072E0 1.09171E1 1.27931E1 6.76579E0 1.33719E0 1.07574E1 9.48009E0 6.84562E0 7.54416E0 5.38868E0 3.41283E0 3.03363E0 2.37501E0 4.45065E0 6.16705E0 6.86558E0 6.16705E0 3.45275E0 6.16705E0 6.86558E0 6.26684E0 -9999 -9999 -9999 -9999 -9999 -9999 -9999 -9999 -9999 -9999 -9999 -9999 -9999 -9999 -9999 -9999
-6.91465E1 -6.16747E1 -6.47959E1 -6.73469E1 -5.20408E1 -5.71659E1 -6.12245E1 -6.9898E1 -6.9898E1 -4.89855E1 -4.03221E1 -3.92857E1 -2.32528E1 -2.11272E1 -1.1562E1 -9.59742E0 -4.1868E0 -7.76167E0 -1.29469E1 -6.69887E0 -1.30757E1 -4.64286E1 -3.57143E1 -2.7551E1 -2.29592E1 3.47271E0 1.54476E1 9.18072E0 9.18072E0 1.35515E1 6.76579E0 2.35505E0 4.17124E0 1.09171E1 1.99581E0 6.26684E0 6.72588E0 1.37711E0 8.36244E0 5.38868E0 3.17334E0 2.79413E0 2.79413E0 2.81409E0 4.82986E0 6.86558E0 6.86558E0 6.16705E0 6.16705E0 7.54416E0 7.54416E0 8.36244E0 -9999 -9999 -9999 -9999 -9999 -9999 -9999 -9999 -9999 -9999 -9999 -9999 -9999 -9999 -9999 -9999
-6.67311E1 -5.75845E1 -5.96939E1 -5.86735E1 -5.76531E1 -6.22449E1 -6.16425E1 -5.20451E1 -5.5102E1 -3.92857E1 -4.24155E1 -2.99839E1 -1.83897E1 -2.20934E1 -1.52013E1 -3.99356E0 1.19749E-1 -7.85829E0 -3.1562E0 -8.4058E0 -2.41868E1 -2.27053E1 -5.15306E1 -4.03061E1 -1.47959E1 3.59246E-1 6.18701E-1 7.58407E-1 1.99581E-1 2.35505E0 2.23531E0 1.09171E1 9.48009E0 9.48009E0 1.16954E1 1.09171E1 9.67967E0 9.48009E0 7.54416E0 7.54416E0 6.16705E0 6.16705E0 3.65233E0 2.83405E0 4.82986E0 6.16705E0 8.36244E0 7.54416E0 7.54416E0 8.36244E0 8.36244E0 9.48009E0 1.27931E1 -9999 -9999 -9999 -9999 -9999 -9999 -9999 -9999 -9999 -9999 -9999 -9999 -9999 -9999 -9999
-6.62802E1 -6.93878E1 -6.1256E1 -5.84219E1 -6.17347E1 -6.22449E1 -5.71337E1 -4.50242E1 -5.45918E1 -4.79592E1 -4.89796E1 -3.11111E1 -2.50242E1 -2.38003E1 -1.562E1 -2.14286E1 -1.93878E1 -1.17347E1 -1.85185E1 -1.83897E1 -2.39796E1 -3.82653E1 -3.92857E1 -3.26531E1 -5.61225E0 6.26684E0 3.21325E0 4.90969E0 3.19329E-1 1.19749E0 4.90969E0 9.48009E0 7.54416E0 7.54416E0 9.48009E0 9.48009E0 9.48009E0 7.80361E0 8.36244E0 6.86558E0 6.16705E0 4.82986E0 3.65233E0 2.59455E0 4.37082E0 6.16705E0 7.54416E0 8.36244E0 1.09171E1 9.48009E0 1.09171E1 1.09171E1 1.27931E1 -9999 -9999 -9999 -9999 -9999 -9999 -9999 -9999 -9999 -9999 -9999 -9999 -9999 -9999 -9999
-7.5E1 -6.04831E1 -6.37359E1 -5.34944E1 -5.13366E1 -5.84863E1 -5.59098E1 -3.97959E1 -4.99839E1 -4.69388E1 -4.64286E1 -3.21429E1 -3.0102E1 -2.38647E1 -2.29592E1 -1.93878E1 -1.83673E1 -1.78571E1 -3.26531E1 -3.46939E1 -4.03061E1 -2.90816E1 -3.26531E1 -3.16327E1 5.58826E-1 1.22343E1 1.22343E1 1.64455E1 2.59455E0 4.90969E0 9.18072E-1 5.68806E0 7.54416E0 6.86558E0 7.54416E0 7.54416E0 6.86558E0 8.36244E0 7.54416E0 6.16705E0 3.89183E0 2.57459E0 2.23531E0 2.85401E0 5.38868E0 6.16705E0 6.86558E0 8.36244E0 6.26684E0 1.09171E1 1.21545E1 1.75232E1 1.98783E1 -9999 -9999 -9999 -9999 -9999 -9999 -9999 -9999 -9999 -9999 -9999 -9999 -9999 -9999 -9999
-5.73913E1 -5.20408E1 -5.13366E1 -4.51208E1 -4.2029E1 -4.54082E1 -4.28571E1 -4.13265E1 -3.96457E1 -3.82287E1 -3.67794E1 -2.55717E1 -2.55072E1 -1.4847E1 -1.27551E1 -3.72449E1 -3.36735E1 -1.73469E1 -3.62245E1 -4.28571E1 -4.23469E1 -3.62245E1 -3.06122E1 -2.2449E1 1.99581E-2 6.76579E0 1.64255E1 7.80361E0 1.07574E1 1.54476E1 1.03782E1 5.68806E0 1.95589E0 8.36244E0 7.54416E0 6.86558E0 5.38868E0 6.86558E0 7.54416E0 6.16705E0 4.21116E0 3.77208E0 4.39078E0 5.38868E0 6.86558E0 6.86558E0 6.86558E0 8.36244E0 1.09171E1 1.27931E1 9.18072E0 1.49486E1 1.98783E1 -9999 -9999 -9999 -9999 -9999 -9999 -9999 -9999 -9999 -9999 -9999 -9999 -9999 -9999 -9999
-4.85346E1 -5.62319E1 -4.69565E1 -4.94898E1 -4.79592E1 -3.72625E1 -2.438E1 -3.0306E1 -2.69243E1 -2.85714E1 -3.2657E1 -2.04187E1 -1.71981E1 -2.5E1 -2.6087E1 -2.92754E1 -1.58163E1 -4.08163E1 -4.59184E1 -4.08163E1 -3.05636E1 -3.10789E1 -3.72449E1 -3.62245E1 -2.29592E1 -9.18367E0 2.59455E-1 8.78156E-1 1.43698E0 1.77627E0 9.48009E0 1.27931E1 1.69245E1 8.3824E0 8.36244E0 7.54416E0 6.16705E0 5.38868E0 6.86558E0 6.16705E0 5.38868E0 5.38868E0 6.16705E0 6.86558E0 7.54416E0 7.54416E0 7.54416E0 5.24898E0 6.26684E0 1.27931E1 1.27931E1 7.26474E0 1.22143E1 -9999 -9999 -9999 -9999 -9999 -9999 -9999 -9999 -9999 -9999 -9999 -9999 -9999 -9999 -9999
-6.49597E1 -5.34622E1 -4.52174E1 -5.61997E1 -5.50081E1 -6.0161E1 -4.09662E1 -3.77778E1 -2.44444E1 -3.21429E1 -3.16327E1 -3.41837E1 -2.40902E1 -2.39796E1 -2.85668E1 -2.09184E1 -1.83673E1 -2.90816E1 -2.34694E1 -3.21429E1 -3.0102E1 -2.85714E1 -1.37755E1 -9.18367E0 -2.04082E0 -7.14286E0 3.99162E-2 1.99581E-1 7.78365E-1 2.89392E0 1.11765E0 2.27323E1 2.27323E1 1.46093E1 4.07145E0 4.71011E0 7.54416E0 5.38868E0 6.16705E0 6.16705E0 2.49476E0 6.16705E0 6.86558E0 8.36244E0 8.36244E0 6.86558E0 7.54416E0 8.36244E0 9.48009E0 1.09171E1 1.49486E1 1.64455E1 2.1894E1 2.82806E1 -9999 -9999 -9999 -9999 -9999 -9999 -9999 -9999 -9999 -9999 -9999 -9999 -9999 -9999
-6.06763E1 -5.46538E1 -5.62963E1 -5.75845E1 -5.30435E1 -5.33011E1 -4.66989E1 -4.88567E1 -5.03704E1 -3.50081E1 -3.34622E1 -4.18367E1 -4.03061E1 -2.82448E1 -2.19646E1 -2.5E1 -2.63124E1 -3.46939E1 -3.52041E1 -3.46939E1 -2.19388E1 -2.39796E1 8.78156E-1 1.33719E0 6.76579E0 1.39707E-1 4.39078E-1 5.58826E-1 1.77627E0 8.78156E-1 6.38659E-1 8.78156E-1 1.75232E1 1.09171E1 9.48009E0 8.36244E0 5.38868E0 5.38868E0 4.29099E0 5.38868E0 7.54416E0 7.54416E0 8.36244E0 9.48009E0 8.36244E0 6.16705E0 7.54416E0 8.36244E0 1.09171E1 1.27133E1 1.30127E1 9.16076E0 1.54675E1 3.12344E1 -9999 -9999 -9999 -9999 -9999 -9999 -9999 -9999 -9999 -9999 -9999 -9999 -9999 -9999
-5.3752E1 -6.88775E1 -5.97101E1 -5.87118E1 -5.87762E1 -4.9694E1 -4.53784E1 -4.77295E1 -5.09501E1 -4.38776E1 -4.23469E1 -3.19807E1 -2.70408E1 -1.88776E1 -1.53061E1 -2.04082E1 -1.82609E1 -2.70209E1 -3.21429E1 -3.21429E1 -3.21429E1 -1.53061E1 -1.07143E1 7.38449E-1 1.0019E1 5.24898E0 1.43698E0 7.38449E-1 8.78156E-1 1.89602E0 8.58198E-1 1.59665E0 1.09171E1 8.36244E0 6.86558E0 5.38868E0 4.71011E0 4.71011E0 6.16705E0 6.86558E0 7.54416E0 8.36244E0 1.15358E1 9.48009E0 8.36244E0 7.54416E0 7.54416E0 9.48009E0 1.27931E1 1.75232E1 1.74035E1 1.16954E1 2.87596E1 3.00569E1 -9999 -9999 -9999 -9999 -9999 -9999 -9999 -9999 -9999 -9999 -9999 -9999 -9999 -9999
-5.77456E1 -5.05958E1 -4.99195E1 -5.0306E1 -5.32045E1 -4.66023E1 -4.67955E1 -4.82126E1 -5.01127E1 -4.42834E1 -3.19807E1 -2.85714E1 -2.07407E1 -1.07143E1 -2.14286E1 -2.2449E1 -2.44898E1 -3.06122E1 -3.31633E1 -3.16327E1 -4.08163E1 -2.7551E1 -1.88776E1 -1.47959E1 1.89602E0 5.1891E-1 7.38449E-1 3.99162E-1 5.38868E-1 5.38868E-1 9.77946E-1 1.40505E1 1.09171E1 9.48009E0 7.54416E0 6.16705E0 6.86558E0 7.54416E0 7.54416E0 8.36244E0 9.48009E0 1.09171E1 1.27931E1 9.48009E0 8.36244E0 7.54416E0 9.48009E0 1.09171E1 1.39108E1 1.39507E1 1.25536E1 2.7602E1 3.9058E1 2.73426E1 -9999 -9999 -9999 -9999 -9999 -9999 -9999 -9999 -9999 -9999 -9999 -9999 -9999 -9999
-5.69726E1 -4.80193E1 -4.9694E1 -4.92432E1 -4.12882E1 -4.34138E1 -4.50242E1 -4.58937E1 -4.20934E1 -3.46216E1 -2.97585E1 -3.04348E1 -1.70048E1 -2.29592E1 -2.34694E1 -1.32653E1 -2.09184E1 -1.58163E1 -2.90816E1 -3.21429E1 -3.82653E1 -1.9898E1 -1.42857E1 -1.68367E1 -1.07143E1 1.39707E-1 1.99581E-1 1.79623E-1 1.81219E1 2.80411E1 2.48877E1 1.27931E1 1.27931E1 1.27931E1 9.48009E0 7.54416E0 8.36244E0 1.09171E1 1.09171E1 1.09171E1 1.27931E1 1.27931E1 1.49486E1 1.27931E1 9.48009E0 9.48009E0 1.09171E1 1.49486E1 7.36453E0 1.01986E1 2.65043E1 2.88594E1 3.29708E1 2.9997E1 -9999 -9999 -9999 -9999 -9999 -9999 -9999 -9999 -9999 -9999 -9999 -9999 -9999 -9999
-6.27697E1 -6.02041E1 -4.58293E1 -4.94042E1 -4.82126E1 -5.02415E1 -5.01771E1 -4.58293E1 -3.14332E1 -2.68599E1 -1.9898E1 -2.29592E1 -2.19388E1 -2.80612E1 -2.55102E1 -2.65306E1 -2.29592E1 -2.55102E1 -2.7551E1 -2.7551E1 -1.53061E1 -3.0102E1 -2.55102E1 -2.29592E1 -1.47959E1 -4.59184E0 3.99162E-2 3.99162E-2 5.1891E-1 1.54476E1 2.16545E1 3.17134E1 2.57659E1 1.49486E1 1.09171E1 9.48009E0 1.09171E1 1.27931E1 1.27931E1 1.49486E1 1.92596E1 1.82417E1 1.49486E1 1.27931E1 9.48009E0 1.09171E1 1.27931E1 1.45095E1 3.77208E0 2.64245E1 3.34897E1 3.54256E1 3.10548E1 1.34917E1 -9999 -9999 -9999 -9999 -9999 -9999 -9999 -9999 -9999 -9999 -9999 -9999 -9999 -9999
-6.00322E1 -5.93237E1 -6.22449E1 -5.40419E1 -4.67955E1 -4.81159E1 -4.72142E1 -4.8599E1 -3.6715E1 -1.32653E1 -1.60386E1 -1.46538E1 -2.09184E1 -1.12245E1 -1.8132E1 -3.97959E1 -2.01932E1 -3.21429E1 -2.95918E1 -2.7551E1 -1.42857E1 -1.22449E1 -2.09184E1 -1.73469E1 -2.39796E1 1.99581E-2 2.35106E1 1.91398E1 6.26684E0 2.29718E1 4.00958E1 3.17134E1 1.96587E1 1.27931E1 1.09171E1 1.27931E1 1.75232E1 1.68646E1 1.75232E1 2.54066E1 7.78365E0 1.75232E1 1.27931E1 9.48009E0 1.09171E1 1.27931E1 1.49486E1 8.20277E0 2.64245E1 2.55863E1 3.96966E1 3.06756E1 1.35915E1 1.21146E1 -9999 -9999 -9999 -9999 -9999 -9999 -9999 -9999 -9999 -9999 -9999 -9999 -9999 -9999
-5.80354E1 -5.12077E1 -6.25765E1 -5.18519E1 -4.20612E1 -4.47343E1 -4.79549E1 -5.12399E1 -3.78422E1 -3.30435E1 -1.45894E1 -9.72625E0 -1.20451E1 -1.78571E1 -3.0102E1 -2.85714E1 -3.77551E1 -3.06122E1 -3.77551E1 -2.29592E1 -1.37755E1 -4.59184E0 -1.37755E1 -7.14286E0 9.97904E-2 5.38868E-1 3.1434E1 1.73635E1 1.95589E0 1.73236E1 4.00958E1 1.98783E1 9.87925E0 5.98743E0 1.22942E1 1.13162E1 1.14759E1 2.4768E1 1.73037E1 2.11556E1 1.78824E1 1.49486E1 1.09171E1 1.09171E1 1.27931E1 1.49486E1 1.46692E1 2.18541E1 2.99571E1 2.38499E1 1.46892E1 1.37112E1 7.68386E0 -9999 -9999 -9999 -9999 -9999 -9999 -9999 -9999 -9999 -9999 -9999 -9999 -9999 -9999 -9999
