ENM/Final_Models/M_1_F_qp_Set_1_NE/Gustavia_santanderiensis_4_Choco.asc
ncols         367
nrows         963
xllcorner     -78.6
yllcorner     0.65
cellsize      0.00833333333333323
NODATA_value  -9999
[rows 238 to 271 of 963, columns 234 to 311 of 367]
0E0 0E0 3.88774E-1 2.88448E-1 9.59848E-2 2.17924E-2 1.74142E-2 1.33954E-1 1.3161E-1 1.59609E-1 5.02226E-1 8.03665E-1 0E0 5.62619E-1 5.76415E-1 6.86382E-1 8.19506E-1 9.4255E-1 9.97045E-1 9.79162E-1 0E0 0E0 0E0 9.36688E-1 9.36123E-1 9.78034E-1 9.83096E-1 6.23343E-1 5.71946E-1 3.49893E-1 3.31975E-1 3.17383E-1 3.24778E-1 1.82867E-1 1.39609E-1 6.58893E-2 4.25598E-2 6.30553E-2 5.947E-2 9.38942E-2 3.34575E-2 2.14053E-2 7.33422E-4 7.28902E-5 4.46156E-4 1.45764E-3 6.22731E-4 2.05319E-4 4.70868E-4 6.07321E-4 2.53763E-4 3.11409E-5 1.954E-6 1.19508E-7 1.58413E-7 1.41748E-5 2.0493E-6 2.54978E-6 7.59137E-7 5.49306E-6 -9999 -9999 -9999 -9999 -9999 -9999 -9999 -9999 -9999 -9999 -9999 -9999 -9999 -9999 -9999 -9999 -9999 -9999
0E0 0E0 7.40397E-1 4.54081E-1 2.40428E-1 5.17155E-2 1.71464E-2 9.57909E-2 9.65555E-2 1.19563E-1 5.69213E-1 9.1272E-1 0E0 4.61724E-1 4.82116E-1 3.49476E-1 4.46997E-1 9.50041E-1 9.54402E-1 9.90389E-1 7.34685E-1 7.59448E-1 0E0 7.48345E-1 9.85204E-1 9.89597E-1 9.94517E-1 7.18212E-1 5.91422E-1 7.20263E-1 1.7992E-1 2.00534E-1 2.64774E-1 3.08285E-1 1.03383E-1 5.59633E-2 6.52241E-2 8.41316E-2 1.27715E-2 5.87343E-2 1.7231E-2 6.90316E-3 4.10891E-4 3.35206E-4 1.99593E-3 1.55384E-3 5.84851E-4 1.0183E-3 4.03378E-4 1.60712E-4 1.36022E-4 5.63405E-5 6.78852E-7 -9999 -9999 6.54258E-7 1.78925E-7 3.17284E-8 7.1792E-7 -9999 -9999 -9999 -9999 -9999 -9999 -9999 -9999 -9999 -9999 -9999 -9999 -9999 -9999 -9999 -9999 -9999 -9999 -9999
0E0 0E0 0E0 0E0 4.1918E-1 2.2496E-1 3.3581E-2 2.42993E-2 1.9582E-1 2.19329E-1 4.25652E-1 4.71033E-1 0E0 0E0 7.27926E-1 5.17538E-1 6.84781E-1 7.6832E-1 8.43721E-1 9.21895E-1 8.24934E-1 6.46318E-1 7.38676E-1 8.98003E-1 8.48893E-1 9.92015E-1 9.78999E-1 9.13166E-1 5.13617E-1 4.26974E-1 2.81252E-1 1.3892E-1 2.67295E-1 3.0449E-1 7.59805E-2 8.63417E-2 6.52905E-2 6.27365E-2 2.02231E-2 3.37231E-2 1.15304E-2 7.9853E-3 4.64963E-3 1.78E-3 3.10996E-3 3.29232E-3 5.18255E-4 2.36514E-4 2.71289E-4 1.68131E-5 1.8363E-6 6.17296E-7 2.29691E-7 2.60141E-7 2.69424E-8 -9999 2.11494E-7 -9999 -9999 -9999 -9999 -9999 -9999 -9999 -9999 -9999 -9999 -9999 -9999 -9999 -9999 -9999 -9999 -9999 -9999 -9999 -9999 -9999
0E0 0E0 0E0 0E0 0E0 3.60012E-1 4.25603E-2 2.70875E-2 1.14687E-1 1.59212E-1 3.06829E-1 5.39213E-1 0E0 0E0 9.32921E-1 6.53713E-1 8.32203E-1 7.07977E-1 7.63989E-1 8.23398E-1 7.14888E-1 5.77253E-1 7.89636E-1 9.10508E-1 9.15289E-1 9.68173E-1 9.9649E-1 9.05493E-1 6.06253E-1 5.97952E-1 3.29835E-1 2.12519E-1 1.58472E-1 1.33588E-1 7.65789E-2 4.98684E-2 3.73178E-2 3.65103E-2 1.01568E-2 5.74085E-3 2.25734E-3 2.78813E-3 5.69943E-3 6.34101E-3 5.69549E-3 7.96154E-4 2.29637E-4 1.32129E-4 4.861E-4 5.2905E-5 3.08161E-5 4.53109E-6 1.49565E-7 1.51034E-8 1.65297E-8 5.13918E-7 -9999 -9999 -9999 -9999 -9999 -9999 -9999 -9999 -9999 -9999 -9999 -9999 -9999 -9999 -9999 -9999 -9999 -9999 -9999 -9999 -9999 -9999
0E0 0E0 0E0 0E0 0E0 2.18232E-1 1.93768E-2 1.48786E-2 5.078E-2 1.40921E-1 3.06603E-1 6.72014E-1 0E0 0E0 8.66737E-1 4.2145E-1 5.3914E-1 5.64461E-1 8.83594E-1 7.95883E-1 5.82906E-1 6.06155E-1 9.3576E-1 9.8106E-1 9.9868E-1 9.98203E-1 9.9957E-1 9.36997E-1 9.38449E-1 9.09252E-1 2.63421E-1 1.39451E-1 8.46066E-2 9.45528E-2 1.25619E-1 5.40066E-2 3.63973E-2 1.67068E-2 9.29834E-3 8.1428E-3 5.52586E-4 5.54973E-4 8.68619E-4 3.33907E-3 2.73158E-3 2.77074E-3 2.33796E-3 7.23881E-4 9.92624E-4 5.31882E-4 1.30425E-4 1.0183E-5 2.38002E-7 1.21591E-7 1.86144E-8 1.18858E-7 -9999 -9999 -9999 -9999 -9999 -9999 -9999 -9999 -9999 -9999 -9999 -9999 -9999 -9999 -9999 -9999 -9999 -9999 -9999 -9999 -9999 -9999
0E0 0E0 0E0 0E0 0E0 3.09038E-1 3.53247E-2 1.75224E-2 3.15546E-2 1.05742E-1 2.20841E-1 4.77698E-1 0E0 0E0 8.62533E-1 7.60313E-1 9.11149E-1 8.36413E-1 4.42086E-1 9.33526E-1 8.29917E-1 9.58499E-1 9.85713E-1 9.98802E-1 9.99999E-1 9.99972E-1 9.94374E-1 9.12928E-1 9.22144E-1 9.76422E-1 3.70122E-1 2.00359E-1 1.04628E-1 1.03574E-1 1.37375E-1 4.28797E-2 1.14538E-2 1.34171E-2 3.20059E-3 1.14678E-2 6.27519E-3 1.10759E-3 5.3005E-4 3.93307E-4 7.13231E-3 1.27505E-3 7.5058E-4 8.36872E-4 7.76489E-4 5.93571E-4 2.51324E-4 2.86799E-5 2.41557E-6 2.50444E-6 5.21376E-7 -9999 -9999 -9999 -9999 -9999 -9999 -9999 -9999 -9999 -9999 -9999 -9999 -9999 -9999 -9999 -9999 -9999 -9999 -9999 -9999 -9999 -9999 -9999
0E0 0E0 0E0 0E0 0E0 6.48736E-1 6.59106E-2 4.7858E-2 1.18043E-1 2.21629E-1 2.88711E-1 0E0 0E0 0E0 9.54756E-1 8.6023E-1 9.42109E-1 8.54215E-1 6.62144E-1 8.64839E-1 9.15217E-1 9.75425E-1 9.95554E-1 9.99633E-1 9.99775E-1 9.93898E-1 9.80221E-1 9.84265E-1 9.86519E-1 9.93214E-1 3.17455E-1 1.72764E-1 2.58688E-1 2.2964E-1 9.05718E-2 3.65296E-2 1.91528E-2 2.56355E-2 1.90884E-2 1.54081E-2 1.10963E-2 5.8159E-3 4.99102E-3 8.90018E-5 3.56973E-4 2.0927E-3 1.15881E-3 2.40574E-4 2.26279E-4 2.77795E-4 3.589E-4 8.08103E-4 2.48026E-4 3.10312E-5 5.05799E-6 4.68626E-7 -9999 -9999 -9999 -9999 -9999 -9999 -9999 -9999 -9999 -9999 -9999 -9999 -9999 -9999 -9999 -9999 -9999 -9999 -9999 -9999 -9999 -9999
0E0 0E0 0E0 0E0 0E0 2.21573E-1 7.63726E-2 4.04621E-2 9.0392E-2 2.67643E-1 3.08343E-1 0E0 0E0 0E0 8.72719E-1 8.89236E-1 6.40382E-1 4.94124E-1 7.89273E-1 5.82595E-1 8.77958E-1 9.99676E-1 9.99951E-1 9.99425E-1 9.99869E-1 9.57474E-1 9.90428E-1 9.7988E-1 6.90349E-1 8.5352E-1 4.38507E-1 8.57536E-2 1.03753E-1 5.00589E-1 1.16328E-1 1.09074E-1 9.62456E-2 7.60905E-2 3.21649E-2 2.93765E-2 5.87986E-3 3.65892E-3 2.17667E-3 9.82739E-4 7.95673E-5 9.85042E-4 3.69501E-4 2.83215E-5 5.51927E-5 7.89819E-5 1.07279E-4 4.16186E-4 1.02886E-4 1.58943E-5 2.84314E-6 3.31629E-7 5.53499E-8 -9999 -9999 -9999 -9999 -9999 -9999 -9999 -9999 -9999 -9999 -9999 -9999 -9999 -9999 -9999 -9999 -9999 -9999 -9999 -9999 -9999
0E0 0E0 0E0 0E0 0E0 1.4664E-1 1.64355E-2 5.25401E-2 1.76787E-1 3.7229E-1 6.86496E-1 0E0 0E0 0E0 9.73643E-1 9.78541E-1 7.57511E-1 6.77867E-1 6.51822E-1 7.96364E-1 8.71246E-1 8.40931E-1 8.12227E-1 9.54033E-1 9.29681E-1 9.63021E-1 8.96663E-1 8.54521E-1 6.28895E-1 7.71976E-1 3.17369E-1 6.97956E-2 3.5323E-1 4.34819E-1 1.06182E-1 6.92779E-2 3.55617E-2 5.91197E-3 1.89915E-2 3.18305E-2 1.64827E-2 8.11354E-3 8.49841E-3 8.49879E-4 3.76136E-5 5.12886E-5 6.64669E-6 1.828E-5 5.41845E-6 2.07076E-6 1.18896E-5 1.94266E-5 7.62543E-5 5.8476E-5 8.45824E-6 4.69138E-6 7.55605E-8 -9999 -9999 -9999 -9999 -9999 -9999 -9999 -9999 -9999 -9999 -9999 -9999 -9999 -9999 -9999 -9999 -9999 -9999 -9999 -9999 -9999
0E0 0E0 0E0 0E0 0E0 2.17086E-1 5.13475E-2 5.33884E-2 1.47871E-1 2.90896E-1 0E0 0E0 0E0 0E0 9.99995E-1 6.8473E-1 4.49362E-1 3.69969E-1 3.63392E-1 7.4024E-1 7.8455E-1 4.86367E-1 3.885E-1 3.57746E-1 4.92648E-1 5.71353E-1 5.0123E-1 8.85834E-1 8.13897E-1 4.15569E-1 2.45577E-1 1.97315E-1 2.75933E-1 3.47106E-1 2.41511E-1 1.12764E-1 3.232E-2 1.32683E-2 2.03733E-2 1.42772E-2 7.43669E-3 8.53124E-4 2.16546E-4 2.91217E-4 1.67865E-5 5.35173E-5 1.69524E-6 4.91032E-6 1.159E-6 6.01913E-7 3.93867E-7 1.20077E-6 2.52673E-7 7.59164E-6 5.19757E-6 2.23691E-6 1.68838E-7 -9999 -9999 -9999 -9999 -9999 -9999 -9999 -9999 -9999 -9999 -9999 -9999 -9999 -9999 -9999 -9999 -9999 -9999 -9999 -9999 -9999
0E0 0E0 0E0 0E0 0E0 0E0 5.21829E-2 8.57244E-2 3.28042E-1 6.21905E-1 0E0 0E0 0E0 0E0 9.99748E-1 6.04083E-1 6.67303E-1 2.30207E-1 3.22424E-1 4.13585E-1 8.0486E-1 3.65068E-1 3.2485E-1 3.36499E-1 3.82875E-1 5.22712E-1 3.04895E-1 5.10367E-1 9.31332E-1 4.00763E-1 2.1873E-1 2.04568E-1 2.24896E-1 3.63239E-1 2.21968E-1 4.05538E-1 5.59692E-2 1.60212E-2 2.26998E-2 2.35756E-2 3.98787E-3 3.40009E-4 9.66548E-5 1.58474E-4 2.15904E-5 6.73715E-5 2.45512E-6 2.00769E-5 7.7162E-6 9.42801E-7 2.8063E-7 2.63226E-7 1.20436E-7 6.75286E-7 -9999 -9999 -9999 -9999 -9999 -9999 -9999 -9999 -9999 -9999 -9999 -9999 -9999 -9999 -9999 -9999 -9999 -9999 -9999 -9999 -9999 -9999 -9999 -9999
0E0 0E0 0E0 0E0 0E0 0E0 0E0 0E0 0E0 0E0 0E0 0E0 0E0 9.48305E-1 9.99962E-1 6.12321E-1 4.71272E-1 3.71049E-1 3.44491E-1 5.06675E-1 4.44268E-1 3.89152E-1 3.822E-1 6.96253E-1 6.7454E-1 7.8661E-1 5.30894E-1 3.00518E-1 9.18672E-1 4.94455E-1 2.24248E-1 1.28376E-1 2.19932E-1 2.64962E-1 4.22238E-1 4.60866E-1 1.12345E-1 6.08136E-2 1.87334E-2 1.00041E-2 4.79356E-3 1.273E-3 7.52099E-5 3.61196E-5 8.63731E-5 1.68441E-4 1.14771E-4 2.36595E-4 8.93788E-5 1.60791E-5 1.36013E-6 2.61893E-7 5.58332E-8 -9999 -9999 -9999 -9999 -9999 -9999 -9999 -9999 -9999 -9999 -9999 -9999 -9999 -9999 -9999 -9999 -9999 -9999 -9999 -9999 -9999 -9999 -9999 -9999 -9999
0E0 0E0 0E0 0E0 0E0 0E0 0E0 0E0 0E0 0E0 0E0 0E0 0E0 9.99883E-1 9.99354E-1 6.6556E-1 5.8817E-1 7.27123E-1 7.53661E-1 6.81598E-1 7.05073E-1 6.19542E-1 8.95986E-1 5.20338E-1 6.48641E-1 7.88464E-1 6.72178E-1 2.78004E-1 7.90747E-1 3.1633E-1 2.03959E-1 1.58829E-1 4.59166E-2 1.68021E-1 3.71711E-1 3.33225E-1 1.64701E-1 1.03462E-1 1.71514E-2 8.79852E-3 1.0112E-2 1.68648E-3 1.2393E-4 1.0984E-4 2.78382E-4 9.53835E-4 1.10109E-3 7.92689E-4 9.05675E-5 5.74464E-5 1.20371E-5 2.60879E-6 1.55742E-6 -9999 -9999 -9999 -9999 5.1682E-7 1.92005E-7 -9999 -9999 -9999 -9999 -9999 -9999 -9999 -9999 -9999 -9999 -9999 -9999 -9999 -9999 -9999 -9999 -9999 -9999 -9999
0E0 0E0 0E0 0E0 0E0 0E0 0E0 0E0 0E0 0E0 9.96995E-1 0E0 9.25969E-1 5.57001E-1 9.89255E-1 9.35674E-1 5.21574E-1 3.51316E-1 3.99446E-1 6.01016E-1 9.4353E-1 6.84903E-1 7.52655E-1 9.67871E-1 9.00462E-1 9.98974E-1 8.93144E-1 6.71754E-1 7.83954E-1 5.07863E-1 2.64721E-1 4.6891E-2 6.08118E-2 1.93089E-1 3.13424E-1 2.84918E-1 1.71906E-1 9.72876E-2 1.58207E-2 7.89864E-3 6.05662E-3 3.76278E-3 1.61537E-3 2.29364E-3 1.16208E-3 1.38765E-3 1.7713E-3 6.9338E-5 7.33955E-5 2.05678E-5 8.72084E-6 1.5485E-6 -9999 -9999 1.47671E-7 2.83601E-7 3.40483E-7 1.17489E-6 1.58635E-7 -9999 -9999 -9999 -9999 -9999 -9999 -9999 -9999 -9999 -9999 -9999 -9999 -9999 -9999 -9999 -9999 -9999 -9999 -9999
0E0 0E0 0E0 0E0 0E0 0E0 0E0 0E0 0E0 0E0 0E0 0E0 8.97845E-1 7.69437E-1 7.58817E-1 9.90652E-1 7.91027E-1 5.08547E-1 6.51638E-1 5.44815E-1 6.19726E-1 7.1512E-1 9.73658E-1 9.9977E-1 9.99981E-1 9.92136E-1 9.73092E-1 9.64275E-1 6.54761E-1 2.66287E-1 3.09048E-1 6.22437E-2 1.45493E-1 1.56748E-1 5.26524E-1 2.67882E-1 3.2218E-1 2.36166E-1 9.7223E-2 5.0843E-2 3.08088E-3 4.88619E-3 8.79889E-3 8.85598E-3 5.81636E-3 2.62078E-3 3.01223E-3 8.13586E-5 5.99086E-5 1.28973E-5 4.64359E-6 2.07802E-6 1.05085E-6 1.13032E-6 2.35943E-6 1.2626E-6 2.1206E-6 4.17903E-7 1.60202E-5 3.64548E-6 -9999 -9999 -9999 -9999 -9999 -9999 -9999 -9999 -9999 -9999 -9999 -9999 -9999 -9999 -9999 -9999 -9999 -9999
0E0 0E0 0E0 0E0 0E0 0E0 0E0 0E0 0E0 0E0 0E0 0E0 0E0 8.87631E-1 8.81374E-1 6.58898E-1 9.4852E-1 6.39123E-1 4.87529E-1 7.67449E-1 7.31169E-1 7.94761E-1 9.99427E-1 9.99994E-1 9.99369E-1 9.99524E-1 9.99295E-1 9.007E-1 5.00429E-1 2.97571E-1 3.80258E-1 3.66602E-1 2.24739E-1 3.65945E-1 3.80722E-1 3.62759E-1 2.20784E-1 3.31634E-1 2.94159E-1 1.42477E-1 3.40241E-2 3.98353E-3 1.97234E-3 9.40079E-3 2.37406E-3 4.73104E-3 8.79483E-4 7.76489E-4 4.77842E-4 9.0347E-5 4.3306E-6 8.71675E-6 1.54466E-5 1.33362E-6 2.97957E-6 4.96536E-6 2.61857E-6 1.06825E-5 1.76604E-6 6.0221E-6 -9999 -9999 -9999 -9999 -9999 -9999 -9999 -9999 -9999 -9999 -9999 -9999 -9999 -9999 -9999 -9999 -9999 -9999
0E0 0E0 0E0 0E0 0E0 0E0 0E0 0E0 0E0 0E0 0E0 0E0 0E0 0E0 9.99689E-1 7.36595E-1 9.97886E-1 8.57364E-1 7.26298E-1 5.76799E-1 5.52681E-1 6.86501E-1 9.92968E-1 9.99999E-1 9.91742E-1 1E0 7.99522E-1 9.11264E-1 6.16187E-1 3.97221E-1 2.6017E-1 3.24839E-1 2.86744E-1 4.54E-1 2.11173E-1 3.08202E-1 2.69753E-1 2.03524E-1 1.20036E-1 2.77826E-1 1.34645E-1 3.99899E-2 5.54607E-3 1.67123E-2 1.57499E-2 1.55869E-3 1.6349E-3 1.8419E-3 2.20774E-4 1.7567E-5 2.23622E-5 2.40683E-5 2.94356E-5 3.89384E-5 8.36146E-6 4.30569E-6 4.77223E-6 5.96861E-6 7.10693E-6 7.28538E-7 2.88866E-6 -9999 -9999 -9999 -9999 -9999 -9999 -9999 -9999 -9999 -9999 -9999 -9999 -9999 -9999 -9999 -9999 -9999
0E0 0E0 0E0 0E0 0E0 0E0 0E0 0E0 2.57378E-1 4.96185E-1 0E0 0E0 0E0 0E0 0E0 8.85091E-1 9.98021E-1 9.95394E-1 9.69797E-1 9.68268E-1 9.55428E-1 6.94613E-1 9.4273E-1 9.93916E-1 9.99986E-1 9.99997E-1 6.95149E-1 7.59166E-1 7.18856E-1 3.76824E-1 2.59564E-1 3.07247E-1 3.44196E-1 3.94375E-1 2.59673E-1 2.01996E-1 2.68916E-1 2.92349E-1 1.2582E-1 1.56102E-1 1.61358E-1 7.31316E-2 8.92373E-3 6.1099E-3 1.97568E-3 4.04886E-4 1.08784E-3 4.30291E-4 4.23939E-5 4.83599E-5 2.87968E-5 2.90251E-4 6.45824E-5 4.60185E-5 9.54648E-6 4.20179E-6 1.02188E-5 4.28081E-5 1.84802E-5 5.25736E-6 9.60189E-7 -9999 -9999 -9999 -9999 -9999 -9999 -9999 -9999 -9999 -9999 -9999 -9999 -9999 -9999 -9999 -9999 -9999
0E0 0E0 0E0 0E0 0E0 0E0 0E0 1.1444E-1 2.41614E-1 3.50985E-1 4.65197E-1 0E0 0E0 0E0 0E0 0E0 1E0 9.99969E-1 9.83736E-1 9.99671E-1 8.38636E-1 8.78598E-1 9.31247E-1 9.07235E-1 9.8364E-1 8.89136E-1 5.69222E-1 7.93811E-1 7.03252E-1 4.02302E-1 4.76681E-1 3.57162E-1 2.1079E-1 2.27414E-1 1.55416E-1 1.74134E-1 1.96147E-1 1.54086E-1 1.16365E-1 6.4834E-2 5.75932E-2 2.50998E-2 3.3677E-3 4.44983E-4 1.15289E-4 2.50735E-4 1.62398E-4 7.3081E-5 1.28258E-4 1.7587E-4 5.26404E-5 1.57643E-5 4.65681E-6 2.39504E-6 1.47065E-5 1.1085E-5 6.92499E-6 2.18E-5 1.59981E-5 1.85623E-5 1.22213E-5 1.00617E-5 -9999 -9999 -9999 -9999 -9999 -9999 -9999 -9999 -9999 -9999 -9999 -9999 -9999 -9999 -9999 -9999
0E0 0E0 0E0 0E0 0E0 0E0 1.99412E-1 2.28716E-1 3.00788E-1 5.75747E-1 8.01057E-1 0E0 0E0 0E0 0E0 0E0 9.99514E-1 5.79062E-1 8.73262E-1 8.16087E-1 5.2895E-1 9.39111E-1 8.92315E-1 9.94568E-1 8.60477E-1 4.67459E-1 4.87494E-1 6.50159E-1 5.64644E-1 2.90714E-1 1.89721E-1 1.99231E-1 1.57575E-1 1.24437E-1 2.90419E-1 2.50598E-1 1.41728E-1 7.86815E-2 7.70852E-2 6.62788E-2 7.60583E-2 3.0102E-2 3.57737E-3 2.4852E-3 3.76508E-3 2.55458E-3 1.70806E-2 6.44576E-4 2.37952E-3 2.92178E-3 5.50469E-4 8.9083E-5 6.02048E-5 8.00212E-6 2.42299E-5 4.63947E-6 1.93547E-5 3.59802E-5 4.86287E-5 6.43694E-5 3.26248E-5 1.31458E-5 1.50727E-5 -9999 -9999 -9999 -9999 -9999 -9999 -9999 -9999 -9999 -9999 -9999 -9999 -9999 -9999 -9999
0E0 0E0 0E0 0E0 0E0 0E0 0E0 8.5013E-2 4.83588E-2 3.75574E-1 7.77873E-1 0E0 0E0 0E0 0E0 0E0 9.92817E-1 6.91395E-1 5.06217E-1 6.73232E-1 4.78279E-1 3.45681E-1 7.08114E-1 7.45074E-1 2.84222E-1 1.60387E-1 1.60676E-1 3.46585E-1 4.1096E-1 2.74082E-1 3.47653E-1 3.1995E-1 2.55794E-1 2.05456E-1 2.10168E-1 2.37776E-1 1.15855E-1 1.5047E-1 1.22228E-1 1.3682E-1 1.40283E-1 7.11638E-2 8.28989E-3 8.74342E-3 9.63384E-3 7.62257E-3 6.98101E-3 8.27193E-3 8.02009E-3 5.64352E-3 7.36096E-4 1.26096E-4 1.02617E-5 1.61748E-5 3.19651E-5 1.75682E-5 5.05266E-5 2.39407E-5 4.08787E-5 1.24988E-5 9.57616E-6 9.73512E-6 5.98304E-6 9.17873E-6 -9999 -9999 -9999 -9999 -9999 -9999 -9999 -9999 -9999 -9999 -9999 -9999 -9999 -9999
0E0 0E0 0E0 0E0 0E0 0E0 0E0 0E0 1.94311E-1 3.22341E-1 3.6685E-1 4.36304E-1 8.27405E-1 0E0 0E0 0E0 9.90923E-1 9.99941E-1 8.88922E-1 7.6705E-1 5.5289E-1 1.61543E-1 3.84476E-1 2.64987E-1 1.56159E-1 2.07051E-1 1.50024E-1 2.58421E-1 4.58675E-1 3.03102E-1 3.16606E-1 4.17894E-1 6.04166E-1 2.69977E-1 1.44822E-1 1.81003E-1 9.42395E-2 4.69013E-1 5.61442E-1 2.53933E-1 7.12498E-2 9.05386E-2 7.42832E-3 4.74155E-3 1.59325E-3 1.51265E-3 4.11714E-3 3.87412E-3 9.72827E-4 2.17898E-4 7.16304E-5 9.55067E-6 5.76478E-5 5.17129E-5 1.9845E-5 5.33635E-5 5.92205E-5 4.90912E-5 5.8673E-5 8.69932E-5 2.96281E-5 2.57051E-5 3.23118E-5 1.05248E-5 2.27223E-5 -9999 -9999 -9999 -9999 -9999 -9999 -9999 -9999 -9999 -9999 -9999 -9999 -9999
0E0 0E0 0E0 0E0 0E0 0E0 0E0 0E0 5.5209E-1 4.32924E-1 3.25919E-1 3.96103E-1 4.54992E-1 8.39955E-1 0E0 0E0 0E0 9.98581E-1 9.78702E-1 9.68881E-1 7.38354E-1 2.79963E-1 2.61818E-1 4.63949E-1 1.87468E-1 1.38063E-1 2.30726E-1 2.88783E-1 5.65138E-1 5.91874E-1 5.33162E-1 4.17672E-1 5.40297E-1 3.71169E-1 2.53176E-1 1.08599E-1 1.28973E-1 3.98957E-1 8.47662E-1 2.647E-1 6.61296E-2 7.18401E-2 8.79068E-3 4.79857E-3 8.30947E-4 4.70031E-4 1.14445E-3 8.37556E-4 6.76528E-4 6.87584E-4 1.63453E-5 4.25462E-6 3.99302E-7 3.37746E-5 3.28099E-5 2.91551E-4 1.67776E-4 6.78586E-5 4.61132E-5 -9999 -9999 -9999 1.27499E-5 1.59409E-5 2.24468E-5 -9999 -9999 -9999 -9999 -9999 -9999 -9999 -9999 -9999 -9999 -9999 -9999 -9999
0E0 0E0 0E0 0E0 0E0 0E0 0E0 0E0 0E0 3.49677E-1 3.23651E-1 3.87376E-1 4.45262E-1 8.18265E-1 9.27993E-1 0E0 0E0 9.5427E-1 9.90267E-1 9.54439E-1 9.35246E-1 4.36964E-1 2.73734E-1 2.70905E-1 1.71556E-1 2.0841E-1 1.97408E-1 3.40749E-1 4.0637E-1 4.85198E-1 4.28608E-1 5.87025E-1 8.34359E-1 5.86408E-1 9.33923E-1 1.26896E-1 1.61542E-1 3.18639E-1 0E0 3.18629E-1 7.46292E-2 4.16354E-2 1.81394E-2 1.63875E-2 1.02966E-2 3.40587E-3 2.82765E-3 7.33062E-4 1.62926E-4 1.86886E-3 2.60458E-5 2.66487E-6 2.48673E-6 2.70648E-5 9.98546E-5 1.04491E-4 1.32832E-4 1.92535E-4 9.28879E-5 4.47321E-5 -9999 -9999 -9999 1.99005E-7 5.93522E-7 -9999 -9999 -9999 -9999 -9999 -9999 -9999 -9999 -9999 -9999 -9999 -9999 -9999
0E0 0E0 0E0 0E0 0E0 0E0 0E0 0E0 0E0 5.85831E-1 1.28572E-1 2.10075E-1 2.86626E-1 4.86134E-1 7.50735E-1 0E0 0E0 0E0 9.74764E-1 5.41356E-1 7.19082E-1 6.56016E-1 4.31695E-1 3.7513E-1 1.92351E-1 4.49324E-1 2.32087E-1 2.94306E-1 7.37501E-1 7.78311E-1 6.10853E-1 6.87395E-1 9.09103E-1 9.94616E-1 8.39124E-1 2.14333E-1 1.86383E-1 4.10939E-1 4.66556E-1 4.75288E-1 1.02719E-1 5.25226E-2 1.58458E-2 3.76207E-3 4.55843E-3 4.03208E-3 2.27716E-3 4.44144E-4 3.50937E-4 9.32635E-5 6.15877E-5 4.4088E-6 2.20163E-5 1.00152E-4 1.8515E-4 1.55205E-4 1.85449E-4 1.15251E-4 7.5279E-5 1.70441E-5 -9999 -9999 -9999 -9999 -9999 1.78729E-7 -9999 -9999 -9999 -9999 -9999 -9999 -9999 -9999 -9999 -9999 -9999 -9999
0E0 0E0 0E0 0E0 0E0 0E0 0E0 0E0 0E0 0E0 7.51361E-2 3.02388E-1 1.39167E-1 3.1441E-1 8.89402E-1 0E0 0E0 0E0 8.30015E-1 7.32118E-1 6.68899E-1 3.32109E-1 4.02061E-1 2.17718E-1 1.5002E-1 1.76157E-1 2.01975E-1 6.76335E-1 6.77526E-1 8.13668E-1 9.65216E-1 9.60667E-1 8.39089E-1 0E0 7.12177E-1 4.84796E-1 1.85429E-1 9.08895E-2 5.08895E-1 5.05118E-1 2.40944E-1 1.59453E-1 4.1658E-2 2.26579E-3 1.16158E-3 1.0265E-3 5.55036E-4 1.47493E-5 3.86336E-5 1.98088E-5 7.86955E-5 1.23059E-4 2.02513E-5 1.49384E-5 1.76332E-4 3.69313E-4 1.73094E-4 7.62628E-5 2.85165E-5 2.02052E-5 1.34819E-6 -9999 -9999 -9999 -9999 -9999 -9999 -9999 -9999 -9999 -9999 -9999 -9999 -9999 -9999 -9999 -9999 -9999
0E0 0E0 0E0 0E0 0E0 0E0 0E0 0E0 0E0 0E0 3.16475E-1 3.14457E-1 1.95821E-1 4.62898E-1 8.46781E-1 0E0 0E0 0E0 7.85789E-1 9.59361E-1 9.8145E-1 6.58761E-1 2.26365E-1 1.94075E-1 2.18695E-1 2.54479E-1 4.28387E-1 7.246E-1 5.93457E-1 7.08576E-1 8.39362E-1 8.47851E-1 8.82804E-1 8.37084E-1 6.73642E-1 5.06112E-1 3.27937E-1 1.76191E-1 1.60559E-1 3.27833E-1 4.03507E-1 9.61819E-2 4.32601E-2 1.36088E-3 1.83829E-3 1.55026E-3 2.41241E-4 7.31382E-3 1.14702E-2 1.28078E-5 2.76421E-4 4.67459E-5 1.41886E-4 6.46428E-5 2.78032E-4 2.31011E-4 2.1749E-4 2.66377E-4 2.16834E-4 -9999 -9999 -9999 -9999 -9999 -9999 -9999 -9999 -9999 -9999 -9999 -9999 -9999 -9999 -9999 -9999 -9999 -9999 -9999
0E0 0E0 0E0 0E0 0E0 0E0 0E0 0E0 0E0 4.78905E-1 1.29114E-1 2.90496E-1 4.87422E-1 7.13362E-1 0E0 0E0 0E0 0E0 0E0 9.57868E-1 9.39655E-1 6.50921E-1 2.7287E-1 3.37796E-1 3.60565E-1 4.87667E-1 5.03467E-1 6.51229E-1 9.00712E-1 9.71066E-1 9.93286E-1 9.89893E-1 8.22249E-1 6.8349E-1 7.36531E-1 6.15872E-1 4.03604E-1 1.77655E-1 1.62458E-1 2.88405E-1 0E0 3.385E-1 2.20878E-1 1.24166E-3 7.12938E-4 9.41984E-4 6.97026E-4 8.2719E-4 7.88297E-3 3.54483E-5 7.25028E-4 2.48751E-4 6.97746E-4 2.44153E-4 2.48867E-4 2.86496E-4 2.21541E-4 1.54258E-4 2.18831E-4 -9999 -9999 -9999 -9999 -9999 -9999 -9999 -9999 -9999 -9999 -9999 -9999 -9999 -9999 -9999 -9999 -9999 -9999 -9999
0E0 0E0 0E0 0E0 0E0 0E0 0E0 0E0 0E0 1.70305E-1 6.74938E-2 2.44247E-1 2.99937E-1 7.97634E-1 7.96147E-1 0E0 0E0 0E0 0E0 9.19161E-1 9.88349E-1 9.10359E-1 4.28332E-1 4.72129E-1 6.41087E-1 7.8948E-1 6.74868E-1 7.22692E-1 6.57964E-1 9.87675E-1 9.85839E-1 9.84347E-1 8.63886E-1 0E0 0E0 0E0 0E0 2.16432E-1 3.47981E-1 2.67891E-1 5.89761E-1 2.16595E-1 1.83639E-1 1.57793E-2 2.75566E-4 1.09444E-3 9.79415E-4 8.63687E-4 1.1623E-4 5.977E-5 7.52462E-4 3.39681E-4 3.33145E-4 3.67495E-4 7.21827E-4 1.87809E-4 8.05246E-4 1.74091E-4 -9999 -9999 -9999 -9999 -9999 -9999 -9999 -9999 -9999 -9999 -9999 -9999 -9999 -9999 -9999 -9999 -9999 -9999 -9999 -9999
0E0 0E0 0E0 0E0 0E0 0E0 0E0 0E0 0E0 1.50637E-1 2.80275E-2 9.83351E-2 4.4939E-1 6.28217E-1 6.8455E-1 6.08072E-1 0E0 0E0 0E0 7.52227E-1 9.88824E-1 8.35052E-1 2.86945E-1 4.30819E-1 6.32016E-1 6.05985E-1 4.86462E-1 6.2156E-1 7.32631E-1 8.81155E-1 9.78808E-1 9.82605E-1 7.944E-1 0E0 0E0 0E0 0E0 4.37033E-1 4.04229E-1 5.14282E-1 2.45124E-1 0E0 2.08685E-1 5.81805E-2 5.5331E-2 2.00382E-2 4.40129E-4 1.14577E-3 3.94815E-4 3.63613E-5 7.96839E-4 8.07593E-4 3.81436E-4 7.87911E-4 1.03668E-3 5.55146E-4 1.00594E-4 4.39835E-5 3.04956E-5 -9999 -9999 -9999 -9999 -9999 -9999 -9999 -9999 -9999 -9999 -9999 -9999 -9999 -9999 -9999 -9999 -9999 -9999 -9999
0E0 0E0 0E0 0E0 0E0 0E0 0E0 0E0 0E0 2.51461E-1 8.49424E-2 1.14953E-1 1.37259E-1 1.46284E-1 2.47905E-1 3.16504E-1 6.4028E-1 0E0 0E0 8.8099E-1 9.98836E-1 8.5707E-1 9.2274E-1 7.48589E-1 5.11177E-1 8.35684E-1 8.30597E-1 8.28686E-1 6.2284E-1 8.7861E-1 9.85373E-1 9.16218E-1 9.42051E-1 0E0 0E0 0E0 0E0 0E0 7.39716E-1 5.68833E-1 7.39079E-1 4.82626E-1 1.34474E-1 2.61787E-2 8.64588E-2 4.86325E-2 2.54277E-2 5.17537E-3 2.12799E-3 2.45494E-4 2.35514E-3 1.89261E-3 1.91307E-3 7.13744E-4 1.30185E-3 2.56711E-4 4.63048E-4 2.82187E-5 1.04971E-5 -9999 -9999 -9999 4.42918E-7 -9999 -9999 -9999 -9999 -9999 -9999 -9999 -9999 -9999 -9999 -9999 -9999 -9999 -9999 -9999
0E0 0E0 0E0 0E0 0E0 0E0 0E0 0E0 0E0 3.81271E-1 2.191E-1 2.04717E-1 9.46686E-2 5.51474E-2 1.07025E-1 2.64645E-1 7.8241E-1 0E0 0E0 0E0 9.89626E-1 9.97484E-1 9.9101E-1 8.20581E-1 7.56197E-1 9.53118E-1 9.72037E-1 9.20535E-1 6.55499E-1 7.31837E-1 9.28507E-1 8.7851E-1 0E0 0E0 0E0 0E0 0E0 0E0 0E0 0E0 0E0 0E0 3.77841E-1 1.4392E-1 1.49806E-1 4.21865E-2 4.99555E-2 9.88148E-2 6.37543E-3 1.83853E-3 3.48475E-3 1.73951E-3 1.08022E-3 9.28197E-4 4.21492E-4 3.96375E-4 5.05571E-5 7.8045E-5 1.68749E-5 -9999 -9999 -9999 4.95954E-7 -9999 -9999 -9999 -9999 -9999 -9999 -9999 -9999 -9999 -9999 -9999 -9999 -9999 -9999 -9999
0E0 0E0 0E0 0E0 0E0 0E0 0E0 0E0 0E0 2.5794E-1 8.37948E-2 3.1445E-2 7.51378E-2 8.89735E-2 1.10945E-1 1.72693E-1 0E0 0E0 0E0 0E0 9.52398E-1 9.8266E-1 9.59773E-1 9.06859E-1 8.44953E-1 8.96126E-1 8.661E-1 6.87671E-1 7.62583E-1 9.8864E-1 9.53141E-1 0E0 0E0 0E0 0E0 0E0 0E0 0E0 0E0 0E0 0E0 0E0 3.90823E-1 0E0 3.16343E-1 1.84508E-1 1.47344E-1 1.15032E-1 8.42104E-3 3.10574E-3 1.31927E-2 1.08592E-2 5.11067E-3 2.02006E-3 1.19149E-3 2.27412E-4 7.53039E-5 5.14335E-5 2.28457E-5 7.09458E-6 2.29044E-5 4.24167E-6 -9999 -9999 -9999 -9999 -9999 -9999 -9999 -9999 -9999 -9999 -9999 -9999 -9999 -9999 -9999 -9999
0E0 0E0 0E0 0E0 0E0 0E0 0E0 0E0 0E0 8.97971E-2 1.08964E-2 4.13674E-2 5.90052E-2 4.34008E-2 1.43071E-1 1.25939E-1 0E0 0E0 0E0 9.83234E-1 6.93324E-1 9.10183E-1 9.1287E-1 9.48978E-1 9.72461E-1 9.92568E-1 8.38558E-1 8.10819E-1 5.05897E-1 8.98632E-1 8.59173E-1 9.80579E-1 0E0 0E0 0E0 0E0 0E0 0E0 1.12034E-1 2.02606E-1 2.22106E-1 1.62158E-1 0E0 0E0 2.30942E-2 1.35577E-2 2.37665E-2 2.11825E-2 2.25622E-3 1.15159E-2 1.71139E-2 1.32795E-2 4.60756E-3 1.40321E-3 6.2547E-4 7.34065E-4 3.65333E-4 5.00512E-5 4.6973E-5 7.35608E-6 8.39675E-6 1.1355E-6 3.63244E-7 -9999 -9999 -9999 -9999 -9999 -9999 -9999 -9999 -9999 -9999 -9999 -9999 -9999 -9999 -9999
