ENM/Final_Models/M_1_F_qp_Set_1_NE/Gustavia_santanderiensis_Choco_min.asc
ncols         367
nrows         963
xllcorner     -78.6
yllcorner     0.65
cellsize      0.00833333333333323
NODATA_value  -9999
[rows 816 to 849 of 963, columns 156 to 233 of 367]
8.03582E-4 -9999 -9999 -9999 -9999 -9999 -9999 -9999 -9999 -9999 -9999 -9999 -9999 -9999 -9999 -9999 -9999 -9999 -9999 -9999 -9999 -9999 -9999 -9999 -9999 -9999 -9999 -9999 -9999 -9999 -9999 -9999 -9999 -9999 1.00234E-5 1.9999E-5 1.70363E-5 7.52373E-6 4.70036E-6 7.84242E-7 9.30367E-8 4.63255E-7 2.649E-6 1.06009E-6 8.31953E-7 3.44271E-7 2.7521E-6 2.44302E-5 3.60123E-5 3.74827E-6 8.88251E-7 2.0888E-7 4.80595E-8 2.23871E-8 4.00477E-8 1.75388E-8 2.3784E-8 1.16271E-8 3.55526E-8 5.37122E-8 4.66512E-8 1.85529E-7 1.00568E-7 9.06996E-8 -9999 -9999 -9999 -9999 -9999 -9999 -9999 -9999 -9999 -9999 -9999 -9999 -9999 -9999
-9999 -9999 -9999 -9999 -9999 -9999 -9999 -9999 -9999 -9999 -9999 -9999 -9999 -9999 -9999 -9999 -9999 -9999 -9999 -9999 -9999 -9999 -9999 -9999 -9999 -9999 -9999 -9999 -9999 -9999 -9999 -9999 1.94566E-4 1.98174E-5 6.81075E-5 3.48248E-5 6.1432E-6 5.35213E-6 3.30632E-6 1.94752E-7 2.26817E-8 4.77629E-8 3.78541E-7 1.47195E-7 7.09229E-8 1.08421E-6 6.58716E-7 4.25522E-6 1.4211E-5 4.23877E-6 1.14096E-6 1.07024E-7 7.46089E-9 6.07266E-9 2.16153E-8 1.16691E-7 2.06314E-7 1.40324E-7 3.71335E-8 1.78046E-8 9.33331E-8 8.641E-8 1.58461E-7 -9999 -9999 -9999 -9999 -9999 -9999 -9999 -9999 -9999 -9999 -9999 -9999 -9999 -9999 -9999
-9999 -9999 -9999 -9999 -9999 -9999 -9999 -9999 -9999 -9999 -9999 -9999 -9999 1.72764E-4 2.1673E-4 1.52153E-4 -9999 -9999 -9999 -9999 -9999 -9999 -9999 -9999 -9999 -9999 -9999 -9999 -9999 -9999 -9999 -9999 -9999 -9999 7.3374E-5 1.12692E-5 1.99852E-6 7.88403E-7 5.04919E-7 7.61509E-8 6.06244E-8 4.9344E-8 4.07766E-8 3.55267E-8 1.02657E-7 5.90855E-7 1.31919E-6 5.24995E-7 8.6476E-6 1.08215E-5 4.51804E-6 1.43811E-6 6.74434E-8 1.57863E-7 9.20469E-8 1.00954E-7 1.84769E-7 8.15993E-8 5.47279E-8 5.9653E-8 1.22074E-7 3.89214E-7 1.36378E-7 -9999 -9999 -9999 -9999 -9999 -9999 -9999 -9999 -9999 -9999 -9999 -9999 -9999 -9999 -9999
-9999 -9999 -9999 -9999 -9999 -9999 -9999 -9999 -9999 -9999 -9999 -9999 1.83554E-4 1.33255E-4 2.64163E-4 1.15761E-4 9.98174E-5 -9999 -9999 -9999 -9999 -9999 -9999 -9999 -9999 -9999 -9999 -9999 -9999 -9999 -9999 -9999 -9999 -9999 1.19323E-5 9.56509E-6 6.63516E-7 1.68807E-7 1.39187E-7 3.35118E-7 2.65655E-7 5.90821E-8 1.51158E-8 2.16924E-8 4.73042E-8 2.51097E-7 8.73263E-7 3.32488E-7 9.97015E-7 1.29955E-5 4.00662E-6 5.44813E-6 4.143E-6 6.18702E-6 2.37655E-6 3.19205E-6 1.77573E-6 9.17525E-7 2.27277E-8 9.6284E-8 1.22427E-7 2.51345E-7 4.08829E-8 -9999 -9999 -9999 -9999 -9999 -9999 -9999 -9999 -9999 -9999 -9999 -9999 -9999 -9999 -9999
-9999 -9999 -9999 -9999 -9999 -9999 -9999 -9999 -9999 -9999 -9999 1.13861E-4 2.04526E-4 1.15135E-4 3.02034E-4 2.28297E-4 2.04742E-4 3.8173E-4 -9999 4.56237E-4 1.02343E-3 -9999 -9999 -9999 -9999 -9999 -9999 -9999 -9999 -9999 -9999 -9999 -9999 9.74949E-5 1.17251E-5 2.26483E-5 1.43316E-6 2.61961E-7 1.58069E-7 5.73614E-7 7.5684E-7 6.55802E-8 2.37956E-8 1.72108E-8 1.35993E-8 1.82017E-8 1.94093E-8 3.24844E-8 1.72188E-6 1.6093E-6 9.69596E-7 4.58631E-6 1.9743E-6 2.04922E-7 1.00767E-6 4.24626E-7 1.0434E-7 4.46113E-7 7.13872E-7 4.74562E-7 8.0131E-8 7.11692E-8 1.60065E-7 -9999 -9999 -9999 -9999 -9999 -9999 -9999 -9999 -9999 -9999 -9999 -9999 -9999 -9999 -9999
-9999 -9999 -9999 -9999 -9999 -9999 -9999 -9999 -9999 -9999 -9999 -9999 1.30012E-4 1.40637E-4 2.98179E-4 1.77005E-4 1.84587E-4 2.02815E-4 1.4317E-4 3.18606E-4 1.32256E-3 -9999 -9999 -9999 -9999 -9999 -9999 -9999 -9999 -9999 5.41759E-4 8.53205E-4 6.36206E-4 1.75892E-4 2.64774E-5 1.4023E-5 9.30055E-6 1.18306E-6 1.12377E-6 1.25548E-6 3.43367E-7 1.19643E-7 3.21385E-8 4.02216E-8 4.02905E-8 3.48731E-8 2.44185E-8 2.39033E-8 2.14009E-7 2.15298E-7 1.35059E-7 1.23864E-6 3.06857E-6 2.88705E-7 1.50327E-7 4.55576E-7 5.55307E-8 1.87082E-7 1.69179E-7 6.60689E-8 7.27924E-8 3.93617E-8 3.39976E-8 -9999 -9999 -9999 -9999 -9999 -9999 -9999 -9999 -9999 -9999 -9999 -9999 -9999 -9999 -9999
-9999 -9999 -9999 -9999 -9999 -9999 -9999 -9999 -9999 -9999 -9999 2.69258E-4 4.3867E-4 -9999 -9999 1.36542E-4 2.36214E-4 1.24751E-4 2.20861E-4 6.67022E-4 -9999 -9999 -9999 -9999 -9999 -9999 -9999 -9999 -9999 -9999 -9999 -9999 -9999 -9999 -9999 -9999 4.54974E-6 2.14915E-6 1.45095E-6 3.00144E-6 1.35416E-6 4.75909E-7 1.2187E-7 4.10711E-8 2.18159E-8 2.77503E-8 3.49052E-8 1.20031E-8 5.64141E-8 7.72956E-8 2.70336E-8 6.62934E-8 5.59021E-7 5.61827E-7 6.49653E-8 2.24634E-7 1.24657E-7 6.72968E-8 1.02577E-7 3.04388E-8 8.43876E-9 1.29169E-8 3.98057E-8 -9999 -9999 -9999 -9999 -9999 -9999 -9999 -9999 -9999 -9999 -9999 -9999 -9999 -9999 -9999
-9999 -9999 -9999 -9999 -9999 -9999 -9999 -9999 -9999 -9999 -9999 -9999 -9999 -9999 -9999 1.10207E-4 1.27067E-4 9.21308E-5 2.73308E-4 6.84911E-4 -9999 -9999 -9999 -9999 -9999 -9999 -9999 -9999 -9999 -9999 -9999 -9999 -9999 -9999 -9999 -9999 -9999 7.86312E-6 6.02551E-6 7.79897E-6 8.9877E-7 8.94496E-8 5.22241E-8 5.81599E-8 6.64483E-8 2.11373E-8 2.68856E-8 3.34023E-8 6.80492E-8 1.08305E-7 5.50302E-8 1.27763E-7 6.4888E-8 3.3208E-7 9.22587E-8 6.96356E-8 2.21141E-7 7.14717E-8 1.21482E-7 3.78912E-8 6.52671E-8 4.97076E-8 2.07552E-7 2.06543E-7 -9999 -9999 -9999 -9999 -9999 -9999 -9999 -9999 -9999 -9999 -9999 -9999 -9999 -9999
-9999 -9999 -9999 -9999 -9999 -9999 -9999 -9999 -9999 -9999 -9999 -9999 -9999 -9999 -9999 1.27486E-4 9.70255E-5 1.18393E-4 4.15264E-4 1.41475E-3 -9999 -9999 -9999 -9999 -9999 -9999 -9999 -9999 4.85536E-4 1.02571E-3 8.89542E-4 -9999 -9999 -9999 1.02673E-5 1.13941E-5 5.10916E-5 6.48464E-5 4.54154E-5 4.95289E-6 2.46518E-6 6.75407E-7 1.89126E-7 2.86997E-8 3.85602E-8 3.08238E-8 8.01599E-9 5.12666E-8 6.19729E-8 9.21482E-8 1.02317E-7 5.64099E-8 9.18196E-8 1.26249E-7 2.15203E-7 1.89681E-8 4.59346E-8 4.01212E-8 4.71805E-8 3.15276E-8 6.87621E-8 2.67511E-7 1.66264E-7 1.9301E-7 -9999 -9999 -9999 -9999 -9999 -9999 -9999 -9999 -9999 -9999 -9999 -9999 -9999 -9999
-9999 -9999 -9999 -9999 -9999 -9999 -9999 -9999 -9999 -9999 -9999 -9999 -9999 -9999 4.82222E-4 2.07575E-4 2.10641E-4 1.76474E-4 3.17994E-4 1.12831E-3 -9999 -9999 -9999 -9999 -9999 -9999 -9999 -9999 4.33404E-4 2.98513E-4 1.08549E-4 3.28685E-5 1.05582E-5 2.91836E-7 2.91611E-7 7.01501E-6 4.69022E-6 1.43441E-5 1.45371E-5 5.83961E-6 3.95441E-6 6.77297E-6 3.84474E-6 6.61814E-7 5.78795E-8 2.19609E-8 2.91065E-8 4.69729E-8 6.06763E-8 5.50303E-8 5.59698E-8 3.70949E-8 8.77642E-8 4.83754E-8 1.54456E-7 5.39833E-8 1.86249E-8 2.77022E-8 3.86364E-8 1.21796E-7 6.60958E-8 5.99482E-8 6.49797E-8 1.12866E-7 -9999 -9999 -9999 -9999 -9999 -9999 -9999 -9999 -9999 -9999 -9999 -9999 -9999 -9999
-9999 -9999 -9999 -9999 -9999 -9999 -9999 -9999 -9999 -9999 -9999 -9999 -9999 3.14185E-4 2.44846E-4 1.40315E-4 1.98623E-4 2.84911E-4 2.84738E-4 5.71288E-4 -9999 -9999 -9999 -9999 -9999 -9999 -9999 -9999 9.58165E-5 4.40626E-5 2.23583E-5 2.08875E-5 5.23298E-6 1.15699E-6 5.24236E-7 4.21095E-6 5.38224E-7 1.56665E-6 5.65165E-6 2.22669E-6 1.91051E-6 9.3266E-7 2.43225E-7 3.86772E-7 3.42054E-7 3.95777E-7 9.02134E-8 4.20646E-8 6.02079E-8 4.09845E-8 5.55222E-8 5.04235E-8 7.10683E-8 1.10763E-7 1.04143E-7 2.76253E-8 4.58821E-8 3.94465E-8 5.35808E-8 1.03866E-7 7.84802E-8 1.02941E-7 1.71328E-7 1.63224E-7 -9999 -9999 -9999 -9999 -9999 -9999 -9999 -9999 -9999 -9999 -9999 -9999 -9999 -9999
-9999 -9999 -9999 -9999 -9999 -9999 -9999 -9999 -9999 -9999 -9999 -9999 -9999 -9999 -9999 1.10621E-4 2.02995E-4 1.56671E-4 2.27171E-4 6.36472E-4 -9999 -9999 -9999 -9999 -9999 -9999 -9999 -9999 5.88277E-5 1.34647E-5 5.04336E-6 2.21914E-6 5.30259E-7 2.37909E-7 3.27373E-7 4.12679E-6 7.09769E-7 6.49E-7 2.62175E-6 2.48387E-6 1.32382E-6 4.07287E-6 1.0871E-7 5.55234E-8 5.43601E-8 1.11757E-7 3.09702E-7 2.71712E-7 1.93509E-8 7.94455E-8 4.30272E-8 3.70564E-8 4.31008E-8 1.43678E-7 8.38128E-8 1.07668E-7 1.12899E-7 8.74574E-8 4.81864E-8 1.38561E-7 5.2243E-8 1.16043E-7 1.54527E-7 1.18247E-7 -9999 -9999 -9999 -9999 -9999 -9999 -9999 -9999 -9999 -9999 -9999 -9999 -9999 -9999
-9999 -9999 -9999 -9999 -9999 -9999 -9999 -9999 -9999 -9999 -9999 -9999 -9999 -9999 -9999 -9999 6.55423E-5 8.39677E-5 1.90217E-4 4.10081E-4 -9999 -9999 3.50203E-4 -9999 -9999 -9999 -9999 -9999 8.95543E-5 7.7905E-6 7.85044E-7 3.03032E-7 1.16618E-7 1.00651E-7 4.58488E-7 1.31842E-6 4.66448E-7 8.40266E-8 2.76945E-7 2.00528E-6 5.94007E-7 1.14523E-7 2.78974E-7 4.65571E-8 3.88592E-8 1.21498E-8 1.75115E-7 1.53496E-7 1.11224E-7 1.39559E-7 5.94389E-8 6.36765E-8 2.0887E-8 4.35316E-8 1.39147E-7 2.49544E-8 3.30034E-8 4.53939E-8 8.19118E-8 7.0062E-8 1.09533E-7 1.31383E-7 8.94063E-8 -9999 -9999 -9999 -9999 -9999 -9999 -9999 -9999 -9999 -9999 -9999 -9999 -9999 -9999 -9999
-9999 -9999 -9999 -9999 -9999 -9999 -9999 -9999 -9999 -9999 -9999 -9999 -9999 -9999 -9999 -9999 -9999 6.02979E-5 1.58499E-4 3.14601E-4 -9999 -9999 5.82915E-4 -9999 -9999 -9999 -9999 1.08619E-4 9.94605E-5 1.89049E-5 2.47781E-6 1.3405E-7 7.58908E-8 1.34433E-7 5.03021E-7 3.41301E-7 3.50032E-7 6.15941E-8 1.00458E-7 1.13386E-6 3.44266E-7 2.50716E-8 2.48653E-8 1.95762E-8 4.93484E-8 4.92621E-8 9.78157E-8 7.029E-8 9.54759E-8 9.97309E-8 6.60405E-8 6.58966E-8 3.8154E-8 1.88111E-8 5.75252E-8 5.2839E-8 5.43327E-8 8.6543E-8 1.20043E-7 1.05144E-7 1.36599E-7 1.22818E-7 -9999 -9999 -9999 -9999 -9999 -9999 -9999 -9999 -9999 -9999 -9999 -9999 -9999 -9999 -9999 -9999
-9999 -9999 -9999 -9999 -9999 -9999 -9999 -9999 -9999 -9999 -9999 -9999 -9999 -9999 5.02374E-4 -9999 -9999 8.50744E-5 6.57253E-5 2.32555E-4 -9999 -9999 -9999 -9999 -9999 2.84294E-5 2.86773E-5 7.18639E-5 2.27186E-5 6.93488E-6 6.35989E-7 1.24412E-7 2.01651E-7 1.8337E-7 3.70243E-7 2.86652E-7 2.32953E-7 1.12166E-7 8.58103E-8 4.35726E-7 7.17931E-8 3.48272E-8 8.74585E-8 3.64136E-8 4.89131E-8 5.66768E-8 8.94659E-8 6.20881E-8 9.73354E-8 4.35608E-8 5.72602E-8 5.82726E-8 2.87269E-8 1.73323E-8 6.90791E-8 7.23059E-8 1.7725E-7 1.903E-7 1.38738E-7 1.63526E-7 1.01105E-7 1.363E-7 -9999 -9999 -9999 -9999 -9999 -9999 -9999 -9999 -9999 -9999 -9999 -9999 -9999 -9999 -9999 -9999
-9999 -9999 -9999 -9999 -9999 -9999 -9999 -9999 -9999 7.96663E-4 1.40275E-3 -9999 -9999 3.67243E-4 6.23353E-4 -9999 -9999 1.53051E-4 1.04611E-4 5.12218E-4 1.33106E-4 -9999 -9999 8.59716E-5 8.27849E-6 7.4326E-6 1.15109E-5 7.31841E-6 3.64412E-6 7.44113E-7 1.18405E-6 3.57105E-7 2.30868E-7 1.36473E-7 3.47101E-7 3.01087E-7 8.82631E-8 8.65022E-8 8.79377E-8 5.30988E-7 2.17935E-7 5.24543E-8 5.12075E-8 5.65966E-8 6.28928E-8 3.20259E-8 5.4958E-8 4.67837E-8 6.21364E-8 1.24447E-7 4.88975E-8 4.66851E-8 3.93601E-8 3.40593E-8 8.97995E-8 9.98805E-8 4.76191E-8 8.87215E-8 1.00916E-7 1.25823E-7 1.25098E-7 1.06168E-7 -9999 -9999 -9999 -9999 -9999 -9999 -9999 -9999 -9999 -9999 -9999 -9999 -9999 -9999 -9999 -9999
-9999 -9999 -9999 -9999 -9999 -9999 -9999 -9999 -9999 6.09722E-4 5.85319E-4 -9999 -9999 4.96525E-4 6.74432E-4 -9999 -9999 1.49465E-4 1.04092E-4 2.55419E-4 2.04954E-4 -9999 -9999 3.4799E-5 4.01051E-6 2.34538E-6 7.44563E-7 8.9121E-7 2.7181E-6 2.09916E-6 1.12552E-6 5.06001E-7 6.88047E-8 4.77601E-8 1.9617E-7 9.5074E-8 7.11067E-8 2.09604E-7 2.90384E-7 3.55334E-7 1.73048E-7 5.46142E-8 3.45738E-8 7.07092E-8 5.58737E-8 3.99282E-8 1.62219E-8 3.24353E-8 4.48248E-8 6.51012E-8 2.98396E-8 3.87234E-8 4.56478E-8 1.02866E-7 1.84246E-7 1.71906E-7 1.2792E-7 1.72207E-7 1.07679E-7 1.79225E-7 1.10488E-7 1.38772E-7 -9999 -9999 -9999 -9999 -9999 -9999 -9999 -9999 -9999 -9999 -9999 -9999 -9999 -9999 -9999 -9999
-9999 -9999 -9999 -9999 -9999 -9999 -9999 -9999 -9999 6.50803E-4 4.2112E-4 -9999 -9999 5.20744E-4 5.45031E-4 -9999 -9999 1.17691E-4 4.44685E-4 8.20061E-4 3.04802E-4 -9999 -9999 5.67864E-6 1.81785E-6 1.26273E-6 1.31906E-6 3.5595E-6 1.85579E-6 4.25054E-7 1.59228E-7 1.06358E-7 7.43107E-8 2.22661E-8 5.71435E-8 7.52597E-8 1.68822E-8 1.08298E-7 7.3719E-8 1.41199E-7 9.44118E-8 6.03959E-8 3.5718E-8 7.76986E-8 4.64054E-8 3.41351E-8 3.76601E-8 3.19995E-8 5.71935E-8 2.5443E-8 3.99978E-8 7.28809E-8 9.79136E-8 8.08342E-8 1.10183E-7 8.76848E-8 1.22741E-7 1.27628E-7 1.39434E-7 1.12749E-7 1.31983E-7 -9999 -9999 -9999 -9999 -9999 -9999 -9999 -9999 -9999 -9999 -9999 -9999 -9999 -9999 -9999 -9999 -9999
-9999 -9999 -9999 -9999 -9999 -9999 -9999 -9999 6.35233E-5 1.6268E-4 3.16007E-4 -9999 -9999 2.63246E-4 3.97984E-4 1.05811E-4 7.30549E-5 1.37049E-4 2.8687E-4 7.50614E-4 3.4653E-4 -9999 9.34703E-5 4.13005E-6 3.67095E-6 8.23239E-6 5.63486E-6 1.08959E-6 3.10794E-7 5.07181E-8 3.30128E-8 5.57299E-8 3.89764E-8 2.66171E-8 3.41647E-8 6.27707E-8 2.31839E-8 4.82326E-8 6.42084E-8 7.62723E-8 6.63218E-8 7.30337E-8 6.07861E-8 7.03898E-8 1.03833E-7 1.03117E-7 5.15795E-8 5.15556E-8 2.54987E-8 2.58398E-8 3.78238E-8 1.05059E-7 1.45434E-7 1.05467E-7 1.00979E-7 1.17492E-7 1.43675E-7 1.15443E-7 1.24955E-7 1.24684E-7 1.22573E-7 -9999 -9999 -9999 -9999 -9999 -9999 -9999 -9999 -9999 -9999 -9999 -9999 -9999 -9999 -9999 -9999 -9999
-9999 -9999 -9999 -9999 -9999 -9999 -9999 -9999 1.08404E-4 4.48919E-5 1.03043E-4 1.78262E-4 -9999 1.62173E-4 1.01707E-4 1.3977E-4 8.90774E-5 3.45949E-4 4.09903E-4 9.34592E-4 3.32362E-4 2.64482E-4 1.24238E-4 2.80844E-5 1.23256E-5 2.95601E-6 8.36577E-7 2.53799E-7 1.23411E-7 2.26381E-8 4.61113E-8 7.61449E-8 4.88608E-8 4.19104E-8 4.23732E-8 6.44247E-8 3.92933E-8 6.59854E-8 6.40788E-8 8.25848E-8 6.23004E-8 6.55492E-8 6.37424E-8 8.67242E-8 1.14688E-7 1.53425E-7 7.63255E-8 5.81198E-8 4.78124E-8 7.0114E-8 1.08425E-7 1.33836E-7 1.85529E-7 1.46263E-7 1.222E-7 1.28276E-7 1.54396E-7 1.72212E-7 1.30024E-7 1.2214E-7 1.07305E-7 -9999 -9999 -9999 -9999 -9999 -9999 -9999 -9999 -9999 -9999 -9999 -9999 -9999 -9999 -9999 -9999 -9999
-9999 -9999 -9999 -9999 -9999 4.4052E-4 5.03718E-4 4.02519E-4 1.85807E-4 3.39643E-5 3.32951E-5 5.01321E-5 5.81306E-5 7.63667E-5 8.32302E-5 7.21094E-5 3.15774E-4 2.63043E-4 3.98941E-4 9.68266E-4 3.28358E-4 2.36478E-4 1.06179E-4 2.79017E-5 4.34402E-6 2.7369E-6 1.24257E-6 4.13187E-8 4.85257E-8 3.1685E-8 2.27144E-8 3.85537E-8 3.95487E-8 3.68248E-8 3.90745E-8 4.51964E-8 5.63746E-8 4.07539E-8 2.61539E-8 3.99451E-8 5.25801E-8 4.55082E-8 4.30037E-8 9.9151E-8 1.47923E-7 7.99646E-8 8.26326E-8 6.02388E-8 1.0122E-7 1.20851E-7 1.20029E-7 1.20227E-7 1.67692E-7 1.52874E-7 1.31124E-7 1.5829E-7 1.2191E-7 1.29269E-7 1.36292E-7 1.12093E-7 1.10583E-7 -9999 -9999 -9999 -9999 -9999 -9999 -9999 -9999 -9999 -9999 -9999 -9999 -9999 -9999 -9999 -9999 -9999
-9999 -9999 -9999 -9999 -9999 1.55495E-3 1.10657E-3 1.30685E-3 1.26774E-3 3.41766E-4 -9999 4.40804E-5 7.61116E-5 1.28068E-4 1.36477E-4 3.16201E-4 1.51207E-4 3.08023E-4 3.26196E-4 6.72488E-4 5.60821E-4 1.58889E-4 1.9567E-5 1.01099E-5 2.55172E-6 2.60423E-6 4.27036E-6 3.64911E-7 1.26772E-7 3.25182E-8 4.8609E-8 5.97468E-8 1.75474E-7 2.06185E-8 2.3592E-8 3.34375E-8 3.63108E-8 3.35376E-8 4.18908E-8 4.52253E-8 2.71209E-8 5.20383E-8 4.41997E-8 7.24289E-8 5.82346E-8 5.21003E-8 9.68597E-8 1.14957E-7 1.37945E-7 1.37693E-7 1.41765E-7 1.76929E-7 1.69246E-7 1.24255E-7 1.38951E-7 1.39231E-7 1.11388E-7 1.06097E-7 1.14866E-7 1.01529E-7 1.29108E-7 -9999 -9999 -9999 -9999 -9999 -9999 -9999 -9999 -9999 -9999 -9999 -9999 -9999 -9999 -9999 -9999 -9999
-9999 -9999 -9999 -9999 -9999 -9999 1.42547E-3 2.13046E-3 -9999 -9999 -9999 1.05586E-4 -9999 -9999 3.07356E-4 3.75347E-4 2.43084E-4 -9999 -9999 -9999 4.60124E-4 4.47449E-5 6.64673E-6 6.97626E-6 4.00381E-6 5.71476E-6 2.3017E-6 2.10305E-6 1.85458E-7 1.72751E-7 1.44556E-7 2.43323E-7 2.37898E-7 2.75184E-8 2.82103E-8 1.63347E-8 3.02257E-8 4.34067E-8 5.90212E-8 2.2122E-8 3.93367E-8 3.98742E-8 3.8949E-8 4.92881E-8 4.34741E-8 7.86494E-8 1.30494E-7 1.25298E-7 1.48516E-7 1.56284E-7 1.2538E-7 1.19186E-7 1.31404E-7 1.24418E-7 1.15794E-7 -9999 -9999 -9999 1.08754E-7 1.06989E-7 8.12191E-8 -9999 -9999 -9999 -9999 -9999 -9999 -9999 -9999 -9999 -9999 -9999 -9999 -9999 -9999 -9999 -9999 -9999
-9999 -9999 -9999 -9999 -9999 -9999 -9999 -9999 -9999 -9999 -9999 -9999 -9999 -9999 -9999 -9999 -9999 -9999 -9999 -9999 2.00098E-4 1.15787E-4 1.69604E-5 2.97037E-5 2.70389E-5 1.03228E-5 4.47985E-6 5.50816E-6 1.39542E-6 5.78914E-6 2.43599E-6 2.4638E-6 3.31734E-7 5.65423E-8 3.77591E-8 2.27722E-8 1.07153E-7 2.73642E-8 2.16417E-8 4.09436E-8 7.99659E-8 3.20756E-8 2.74838E-8 5.40043E-8 5.1109E-8 1.05664E-7 1.48025E-7 1.21336E-7 1.33669E-7 1.39762E-7 1.23342E-7 9.66706E-8 1.10455E-7 1.14661E-7 -9999 -9999 -9999 -9999 9.05579E-8 6.00918E-8 2.0897E-8 -9999 -9999 -9999 -9999 -9999 -9999 -9999 -9999 -9999 -9999 -9999 -9999 -9999 -9999 -9999 -9999 -9999
-9999 -9999 -9999 -9999 -9999 -9999 -9999 -9999 -9999 -9999 -9999 -9999 -9999 -9999 -9999 -9999 -9999 -9999 -9999 -9999 1.79797E-4 1.37164E-4 1.27829E-4 3.01517E-5 5.74216E-5 1.82845E-5 7.72654E-6 7.27533E-6 1.26172E-5 1.15366E-5 3.58353E-6 2.44648E-6 1.15014E-6 4.27892E-7 1.68876E-7 8.99449E-8 5.81639E-8 1.63231E-7 2.34305E-7 6.37292E-8 2.97457E-8 4.16342E-8 2.33838E-8 2.8936E-8 5.12908E-8 8.94198E-8 1.49507E-7 1.43919E-7 1.40284E-7 1.44167E-7 1.37043E-7 -9999 -9999 -9999 -9999 -9999 -9999 3.99527E-8 1.89765E-8 3.40311E-8 3.54128E-8 -9999 -9999 -9999 -9999 -9999 -9999 -9999 -9999 -9999 -9999 -9999 -9999 -9999 -9999 -9999 -9999 -9999
-9999 -9999 -9999 -9999 -9999 -9999 -9999 -9999 -9999 -9999 -9999 -9999 -9999 -9999 -9999 -9999 -9999 8.72551E-5 1.33731E-4 3.97088E-4 8.93991E-5 5.00476E-5 7.32869E-5 3.87157E-5 1.9053E-5 1.04031E-5 6.70917E-6 1.96589E-5 1.69419E-5 2.28504E-6 1.80319E-7 3.85798E-7 1.18486E-6 6.14404E-7 3.44567E-7 2.26796E-7 1.42417E-7 4.41857E-8 3.19357E-8 5.43175E-8 4.90451E-8 5.59883E-8 2.07071E-8 4.81412E-8 4.00392E-8 8.2484E-8 1.6706E-7 1.30613E-7 1.34829E-7 1.21731E-7 1.47151E-7 -9999 -9999 -9999 7.44449E-8 1.03069E-7 6.9572E-8 5.62678E-8 3.5184E-8 3.44165E-8 6.66328E-8 -9999 -9999 -9999 -9999 -9999 -9999 -9999 -9999 -9999 -9999 -9999 -9999 -9999 -9999 -9999 -9999 -9999
-9999 -9999 -9999 -9999 -9999 -9999 -9999 -9999 -9999 -9999 -9999 -9999 -9999 -9999 -9999 1.98081E-4 1.13588E-4 5.98764E-5 1.44677E-4 6.92167E-4 4.19483E-4 2.60074E-4 4.73281E-5 3.0548E-5 1.77989E-5 2.56813E-5 2.19908E-5 4.13102E-6 4.06098E-6 8.74857E-7 4.70276E-8 4.88102E-9 1.0049E-7 3.35237E-7 1.20642E-7 7.18805E-8 1.31965E-8 1.70755E-8 3.26292E-8 8.49758E-8 5.71228E-8 6.54191E-8 5.00865E-8 6.69855E-8 7.48351E-8 1.09789E-7 1.52322E-7 1.28273E-7 1.34912E-7 7.5266E-8 1.00188E-7 -9999 -9999 9.09699E-8 7.86341E-8 1.09578E-7 9.22875E-8 1.27002E-7 1.18659E-7 7.42513E-8 1.14152E-7 -9999 -9999 -9999 -9999 -9999 -9999 -9999 -9999 -9999 -9999 -9999 -9999 -9999 -9999 -9999 -9999 -9999
-9999 -9999 -9999 -9999 -9999 -9999 -9999 -9999 -9999 -9999 -9999 -9999 -9999 -9999 1.61913E-4 4.30995E-5 3.12222E-5 3.23634E-5 4.95608E-5 1.38761E-4 1.26226E-4 1.59641E-4 4.80792E-5 3.66249E-5 1.49939E-4 1.04908E-5 2.11276E-6 1.24038E-6 5.78173E-7 5.45623E-7 2.39732E-8 4.22449E-8 1.35411E-7 1.12731E-7 6.08917E-8 3.80406E-8 6.57719E-8 4.24064E-8 4.32411E-8 5.21727E-8 1.80658E-7 6.57805E-8 8.90422E-8 7.94374E-8 1.30924E-7 1.38414E-7 1.53803E-7 1.36088E-7 1.47999E-7 -9999 -9999 -9999 -9999 8.87793E-8 7.279E-8 1.19881E-7 4.87195E-8 6.70239E-8 9.45009E-8 5.41792E-8 6.09008E-8 -9999 -9999 -9999 -9999 -9999 -9999 -9999 -9999 -9999 -9999 -9999 -9999 -9999 -9999 -9999 -9999 -9999
-9999 -9999 -9999 -9999 -9999 -9999 -9999 -9999 -9999 -9999 -9999 -9999 -9999 1.01449E-4 1.66655E-5 1.3441E-5 1.56768E-5 2.72994E-5 1.29088E-5 5.8294E-5 5.48304E-5 4.20424E-5 2.12391E-4 2.12791E-4 5.6173E-5 1.86043E-6 5.92518E-7 9.89478E-7 2.87384E-7 4.26348E-8 4.12452E-8 6.51772E-8 9.90754E-8 5.5846E-8 3.41491E-8 9.16257E-8 8.25776E-8 4.73967E-8 2.48895E-8 6.5856E-8 2.16658E-7 1.46853E-7 6.02652E-8 9.41358E-8 1.77419E-7 1.57277E-7 1.30963E-7 1.65379E-7 1.40814E-7 -9999 -9999 -9999 -9999 6.25546E-8 6.68498E-8 6.28956E-8 7.56378E-9 1.34683E-8 4.41906E-8 1.43507E-7 1.44334E-7 2.5967E-7 -9999 -9999 -9999 -9999 -9999 -9999 -9999 -9999 -9999 -9999 -9999 -9999 -9999 -9999 -9999 -9999
-9999 -9999 -9999 -9999 -9999 -9999 -9999 -9999 -9999 1.49863E-3 1.80802E-3 -9999 -9999 1.03343E-4 4.63854E-6 4.57312E-6 9.00001E-6 1.92497E-5 1.54651E-5 2.61529E-5 4.38505E-6 8.61064E-6 4.35202E-5 2.87423E-5 2.19743E-5 1.74607E-6 1.7474E-7 3.05155E-7 1.85835E-7 6.75159E-8 5.12848E-8 4.94846E-8 2.54584E-8 2.75447E-8 2.93932E-8 4.73962E-8 7.84837E-8 3.68333E-8 2.82268E-8 5.17462E-8 4.70443E-8 7.81126E-8 1.03575E-7 8.15321E-8 1.11942E-7 1.16969E-7 1.46765E-7 1.57906E-7 1.42631E-7 -9999 -9999 -9999 -9999 -9999 -9999 5.21817E-8 4.17116E-8 3.33735E-8 3.31756E-8 5.27224E-8 1.58663E-7 1.64904E-7 -9999 -9999 -9999 -9999 -9999 -9999 -9999 -9999 -9999 -9999 -9999 -9999 -9999 -9999 -9999 -9999
-9999 -9999 -9999 -9999 -9999 -9999 -9999 -9999 9.11499E-4 1.17805E-3 1.2878E-3 -9999 -9999 4.44549E-5 7.02469E-6 7.46271E-6 1.08089E-5 2.60412E-5 2.37452E-5 1.48069E-5 3.65489E-6 9.39894E-6 3.32049E-5 1.02875E-5 1.58003E-5 4.61532E-6 3.93496E-7 1.38224E-7 1.28401E-7 7.92841E-8 5.02874E-8 4.93547E-8 4.90372E-8 3.80754E-8 3.96785E-8 4.59343E-8 6.59043E-8 4.63637E-8 5.646E-8 4.50309E-8 1.40347E-7 9.93288E-8 1.29226E-7 9.2451E-8 9.8374E-8 1.10366E-7 1.47792E-7 1.33866E-7 1.39907E-7 -9999 -9999 -9999 -9999 -9999 -9999 3.38843E-8 1.79486E-8 1.33074E-8 5.06597E-8 8.65466E-8 1.40738E-7 1.94209E-7 -9999 -9999 -9999 -9999 -9999 -9999 -9999 -9999 -9999 -9999 -9999 -9999 -9999 -9999 -9999 -9999
-9999 -9999 -9999 -9999 2.92258E-3 1.9166E-3 -9999 -9999 4.76874E-4 1.30267E-3 5.94316E-4 6.25336E-5 8.83463E-6 8.35075E-6 7.20503E-6 1.53516E-6 9.08684E-6 2.71333E-5 2.57142E-5 9.96784E-6 3.82762E-6 1.07331E-5 1.96365E-5 2.77214E-6 9.77671E-7 2.41394E-6 8.22934E-7 7.52303E-8 4.66177E-8 4.02171E-8 5.46602E-8 7.23043E-8 7.3282E-8 7.64371E-8 4.71866E-8 5.3189E-8 6.68285E-8 8.09222E-8 8.48547E-8 7.60155E-8 8.78855E-8 9.68859E-8 1.64183E-7 8.89478E-8 1.00501E-7 1.16752E-7 1.46098E-7 1.44262E-7 1.68366E-7 1.19088E-7 1.06279E-7 9.13241E-8 -9999 -9999 -9999 3.44663E-8 1.48134E-8 3.17665E-8 4.93062E-8 7.27184E-8 1.0075E-7 2.18819E-7 2.79782E-7 -9999 -9999 -9999 -9999 -9999 -9999 -9999 -9999 -9999 -9999 -9999 -9999 -9999 -9999 -9999
6.82774E-4 -9999 -9999 1.80597E-3 3.13083E-3 2.30866E-3 -9999 -9999 3.8915E-4 7.44686E-4 1.37775E-4 3.00348E-5 4.81451E-6 2.40228E-6 3.34519E-6 1.48289E-6 3.4326E-6 6.61584E-6 4.15533E-6 3.98894E-6 2.4308E-6 1.15001E-5 9.69888E-6 8.68649E-7 1.62534E-7 8.63211E-7 2.25169E-6 1.11914E-7 3.43467E-8 4.03976E-8 8.59624E-8 1.29794E-7 1.05552E-7 5.8646E-8 4.30767E-8 5.58929E-8 4.06849E-8 4.35122E-8 5.1756E-8 3.25901E-8 8.4753E-8 9.54785E-8 1.38589E-7 8.79579E-8 1.11201E-7 1.46482E-7 1.29539E-7 1.72511E-7 1.88526E-7 1.46245E-7 1.34425E-7 1.23336E-7 1.39719E-7 -9999 -9999 3.42331E-8 1.10873E-8 8.92861E-9 1.21007E-8 4.2605E-8 6.96178E-8 1.6739E-7 3.17633E-7 -9999 -9999 -9999 -9999 -9999 -9999 -9999 -9999 -9999 -9999 -9999 -9999 -9999 -9999 -9999
1.99599E-4 5.55108E-5 2.75481E-4 9.38391E-4 2.18134E-3 1.29046E-3 -9999 2.87834E-4 1.98442E-4 5.92916E-5 2.3727E-5 3.35693E-6 1.4634E-6 1.54503E-6 3.17565E-6 2.14072E-6 1.26864E-6 2.66557E-6 2.06063E-6 2.19414E-6 1.47506E-6 7.13766E-6 9.50874E-6 5.55584E-7 9.86749E-8 5.70458E-7 1.4216E-6 1.09907E-7 6.5978E-8 4.4017E-8 8.95023E-8 7.32576E-8 5.73978E-8 3.78252E-8 3.89725E-8 4.55873E-8 5.28251E-8 2.5402E-8 5.94439E-8 8.10051E-8 8.2485E-8 6.09575E-8 9.40325E-8 9.20032E-8 1.17388E-7 1.49987E-7 1.73059E-7 1.74202E-7 2.3313E-7 2.13034E-7 1.72405E-7 1.59033E-7 1.49454E-7 -9999 -9999 2.93792E-8 1.76071E-8 8.20703E-9 1.14266E-8 6.82337E-9 3.68515E-8 8.8632E-8 2.73638E-7 -9999 -9999 -9999 -9999 -9999 -9999 -9999 -9999 -9999 -9999 -9999 -9999 -9999 -9999 -9999
