ENM/Final_Models/M_1_F_qp_Set_1_NE/Gustavia_santanderiensis_Choco_avg.asc
ncols         367
nrows         963
xllcorner     -78.6
yllcorner     0.65
cellsize      0.00833333333333323
NODATA_value  -9999
[rows 102 to 135 of 963, columns 234 to 311 of 367]
8.66131E-1 6.83265E-1 6.81001E-1 -9999 -9999 -9999 -9999 -9999 -9999 -9999 5.30275E-1 5.62717E-1 6.30192E-1 1.83332E-1 2.62579E-1 1.76652E-1 1.21611E-1 1.67142E-1 1.56579E-1 2.66931E-1 2.36044E-1 2.59016E-1 1.69534E-1 -9999 -9999 -9999 -9999 -9999 -9999 -9999 -9999 -9999 -9999 -9999 -9999 -9999 -9999 -9999 -9999 -9999 -9999 -9999 -9999 -9999 -9999 -9999 -9999 -9999 -9999 -9999 -9999 -9999 -9999 -9999 1.26566E-1 1.84101E-1 1.42254E-1 1.39936E-1 1.30245E-1 2.16723E-1 4.00994E-1 4.74472E-1 3.86398E-1 2.10529E-1 1.2967E-1 7.84993E-2 3.63381E-2 2.65804E-2 1.82014E-2 3.36246E-2 2.05476E-2 5.84841E-3 6.14503E-3 7.41742E-3 9.59298E-3 1.28666E-2 2.36443E-2 8.74748E-2
8.83968E-1 8.47882E-1 7.41809E-1 4.85757E-1 5.11159E-1 -9999 -9999 -9999 -9999 -9999 4.05839E-1 4.70336E-1 5.43305E-1 2.71436E-1 1.88993E-1 2.10011E-1 1.6533E-1 2.33051E-1 2.49044E-1 1.53695E-1 1.80176E-1 2.21482E-1 1.44212E-1 -9999 -9999 -9999 -9999 -9999 -9999 -9999 -9999 -9999 -9999 -9999 -9999 -9999 -9999 -9999 -9999 -9999 -9999 -9999 -9999 -9999 -9999 -9999 -9999 -9999 -9999 -9999 -9999 -9999 -9999 -9999 1.25434E-1 1.03281E-1 2.10103E-1 1.88334E-1 1.19659E-1 2.44657E-1 3.71019E-1 3.79462E-1 4.18863E-1 5.38224E-1 1.58596E-1 1.40636E-1 4.11647E-2 2.77842E-2 1.05252E-2 3.0275E-2 2.76779E-2 4.63181E-3 5.81574E-3 8.91079E-3 1.24763E-2 1.60964E-2 1.53601E-2 9.91186E-2
8.43309E-1 6.96539E-1 8.14923E-1 7.56339E-1 4.51819E-1 4.80295E-1 -9999 -9999 -9999 -9999 5.08858E-1 3.44972E-1 2.60996E-1 1.83254E-1 2.24682E-1 1.50591E-1 3.80494E-1 3.87647E-1 2.92475E-1 2.05979E-1 1.56059E-1 3.20541E-1 -9999 -9999 -9999 -9999 -9999 -9999 -9999 -9999 -9999 -9999 -9999 -9999 -9999 -9999 -9999 -9999 -9999 -9999 -9999 -9999 -9999 -9999 -9999 -9999 -9999 -9999 -9999 -9999 -9999 -9999 -9999 -9999 1.81768E-1 1.67265E-1 2.71341E-1 2.89777E-1 2.37719E-1 3.6349E-1 5.87246E-1 6.32195E-1 6.87365E-1 6.23294E-1 4.58754E-1 2.1003E-1 5.4188E-2 5.42114E-2 3.02959E-2 2.38265E-2 1.97877E-2 3.45666E-3 9.20422E-3 3.77826E-3 9.08462E-3 5.65406E-3 6.30474E-3 1.43117E-1
7.92631E-1 7.34295E-1 4.85204E-1 2.52518E-1 6.03551E-1 5.58849E-1 5.53174E-1 6.36234E-1 -9999 -9999 -9999 -9999 -9999 1.03822E-1 1.45819E-1 3.18602E-1 4.67732E-1 2.9686E-1 2.74428E-1 2.54159E-1 4.2587E-1 4.52263E-1 -9999 -9999 -9999 -9999 -9999 -9999 -9999 -9999 -9999 -9999 -9999 -9999 -9999 -9999 -9999 -9999 -9999 -9999 -9999 -9999 -9999 -9999 -9999 -9999 -9999 -9999 -9999 -9999 -9999 -9999 -9999 -9999 -9999 -9999 -9999 2.35527E-1 4.5648E-1 3.60879E-1 4.91942E-1 4.95372E-1 5.65209E-1 5.06595E-1 5.99757E-1 2.72086E-1 1.87925E-1 2.64438E-2 7.29158E-2 3.20906E-2 2.96328E-2 7.27517E-3 6.07875E-3 7.74858E-3 7.88334E-3 1.79801E-2 3.20163E-2 8.26207E-2
5.85924E-1 4.96106E-1 3.43405E-1 3.18637E-1 3.52544E-1 5.65262E-1 6.35018E-1 7.51057E-1 5.67579E-1 -9999 -9999 -9999 -9999 2.46858E-1 2.62151E-1 4.30794E-1 5.03026E-1 3.22876E-1 3.16674E-1 2.84577E-1 2.90671E-1 2.79076E-1 -9999 -9999 -9999 -9999 -9999 -9999 -9999 -9999 -9999 -9999 -9999 -9999 -9999 -9999 -9999 -9999 -9999 -9999 -9999 -9999 -9999 -9999 -9999 -9999 -9999 -9999 -9999 -9999 -9999 -9999 -9999 -9999 -9999 -9999 -9999 -9999 6.71113E-1 6.49843E-1 3.73451E-1 4.68867E-1 5.98633E-1 5.98896E-1 3.49524E-1 6.56655E-1 2.28445E-1 7.67989E-2 7.37702E-2 3.20438E-2 3.45759E-2 7.5111E-3 2.05965E-2 1.09108E-2 1.27193E-2 6.09662E-3 7.17087E-3 4.14063E-2
5.94117E-1 4.95945E-1 5.28628E-1 4.46499E-1 3.66566E-1 4.64209E-1 5.42551E-1 6.31297E-1 5.92419E-1 7.55877E-1 -9999 -9999 -9999 -9999 -9999 -9999 5.95365E-1 5.48714E-1 2.70418E-1 2.49682E-1 1.29868E-1 -9999 -9999 -9999 -9999 -9999 -9999 -9999 -9999 -9999 -9999 -9999 -9999 -9999 -9999 -9999 -9999 -9999 -9999 -9999 -9999 -9999 -9999 -9999 -9999 -9999 -9999 -9999 -9999 -9999 -9999 -9999 -9999 -9999 -9999 -9999 -9999 -9999 3.93363E-1 6.44705E-1 5.17121E-1 3.72754E-1 4.48803E-1 6.5633E-1 6.55978E-1 4.45178E-1 2.60919E-1 7.80706E-2 5.17269E-2 5.76108E-2 5.21819E-2 1.61887E-2 4.27694E-2 7.16772E-3 1.8126E-2 1.4651E-2 2.2401E-2 1.8738E-2
8.45679E-1 5.09243E-1 7.52807E-1 7.77444E-1 6.95487E-1 5.47475E-1 5.11256E-1 6.02616E-1 6.60659E-1 6.08991E-1 6.66406E-1 -9999 -9999 -9999 -9999 2.28772E-1 4.60014E-1 1.89443E-1 1.69498E-1 1.45302E-1 8.12098E-2 -9999 -9999 -9999 -9999 -9999 -9999 -9999 -9999 -9999 -9999 -9999 -9999 -9999 -9999 -9999 -9999 -9999 -9999 -9999 -9999 -9999 -9999 -9999 -9999 -9999 -9999 -9999 -9999 -9999 -9999 -9999 -9999 -9999 -9999 -9999 -9999 1.78122E-1 2.1553E-1 3.33949E-1 7.75093E-1 4.79013E-1 3.86836E-1 3.79082E-1 3.33512E-1 2.04818E-1 1.40558E-1 1.63178E-1 9.04447E-2 1.52852E-1 1.51083E-1 4.2963E-2 6.62476E-2 3.41219E-2 1.24603E-2 1.34572E-2 4.74283E-3 5.78533E-3
8.32792E-1 2.12797E-1 3.45734E-1 5.00972E-1 4.69888E-1 4.79117E-1 5.40057E-1 8.43235E-1 6.08467E-1 7.56833E-1 7.13078E-1 7.04532E-1 5.69502E-1 -9999 -9999 3.39658E-1 5.26893E-1 7.52584E-2 2.82844E-2 4.58704E-2 8.79371E-2 -9999 -9999 -9999 -9999 -9999 -9999 -9999 -9999 -9999 -9999 -9999 -9999 -9999 -9999 -9999 -9999 -9999 -9999 5.56791E-2 -9999 -9999 -9999 -9999 -9999 -9999 -9999 -9999 -9999 -9999 -9999 -9999 -9999 -9999 -9999 -9999 -9999 1.05019E-1 1.28663E-1 2.37932E-1 3.49274E-1 3.73369E-1 3.93938E-1 2.95499E-1 2.56698E-1 5.1713E-1 3.52684E-1 1.42193E-1 3.01701E-1 2.88204E-1 1.755E-1 1.72609E-1 6.31078E-2 2.51097E-2 1.84092E-2 8.19495E-3 3.81664E-3 3.97968E-3
8.85382E-1 7.5899E-1 7.47406E-1 7.91478E-1 6.10507E-1 6.12075E-1 6.75246E-1 4.89671E-1 8.02848E-1 7.80626E-1 8.86594E-1 8.8876E-1 6.21329E-1 3.72197E-1 4.79346E-1 4.9904E-1 3.03996E-1 9.21685E-2 1.88268E-2 4.38741E-2 3.52699E-2 -9999 -9999 -9999 -9999 -9999 -9999 -9999 -9999 -9999 -9999 -9999 -9999 -9999 -9999 -9999 3.21088E-2 -9999 -9999 6.02157E-2 -9999 -9999 -9999 -9999 -9999 -9999 -9999 -9999 -9999 -9999 -9999 -9999 -9999 -9999 -9999 -9999 -9999 -9999 7.7693E-2 1.99972E-1 2.82275E-1 5.88331E-1 4.22989E-1 3.52525E-1 4.16469E-1 3.10899E-1 1.76377E-1 2.94703E-1 6.7793E-1 6.35911E-1 2.05937E-1 1.83299E-1 1.01965E-1 1.35374E-1 1.67868E-2 1.90391E-2 2.33173E-3 2.71117E-3
6.70961E-1 8.23493E-1 5.78547E-1 6.64788E-1 7.90343E-1 8.27541E-1 9.65475E-1 8.0627E-1 5.46139E-1 6.59565E-1 6.43371E-1 7.11865E-1 5.84545E-1 3.97041E-1 5.31116E-1 4.46565E-1 3.76571E-1 1.8316E-1 3.71845E-2 7.65631E-2 9.81962E-2 3.69844E-2 -9999 -9999 -9999 -9999 -9999 -9999 -9999 -9999 -9999 -9999 -9999 -9999 -9999 3.10998E-2 2.14261E-2 -9999 -9999 1.10036E-1 -9999 -9999 -9999 -9999 -9999 -9999 -9999 -9999 -9999 -9999 -9999 -9999 -9999 -9999 -9999 -9999 -9999 -9999 -9999 3.00433E-2 4.08933E-2 7.66588E-2 1.8037E-1 1.61334E-1 1.32591E-1 1.72948E-1 1.25628E-1 2.48852E-1 2.7627E-1 4.49114E-1 3.80583E-1 2.98091E-1 1.50853E-1 9.34126E-2 9.27617E-3 7.92197E-3 3.89615E-3 1.51176E-2
7.44038E-1 5.35787E-1 7.10445E-1 4.3835E-1 4.05274E-1 6.14309E-1 8.35299E-1 8.43552E-1 6.65302E-1 8.3721E-1 6.43218E-1 4.10317E-1 6.1804E-1 5.00216E-1 4.94673E-1 2.18283E-1 2.0824E-1 1.46176E-1 1.2706E-1 7.47412E-2 1.04309E-1 2.37746E-1 -9999 -9999 -9999 -9999 -9999 -9999 -9999 -9999 -9999 -9999 -9999 -9999 -9999 6.40233E-2 2.76778E-2 -9999 6.25851E-2 7.37091E-2 -9999 -9999 -9999 -9999 -9999 -9999 -9999 -9999 -9999 -9999 -9999 -9999 -9999 -9999 -9999 -9999 -9999 -9999 -9999 2.20987E-2 2.55139E-2 2.82894E-2 4.53285E-2 4.75748E-2 4.47794E-2 5.61609E-2 1.04547E-1 4.42155E-2 6.12845E-2 4.22993E-2 2.70298E-2 6.25004E-2 2.78849E-2 8.60199E-3 2.06915E-2 1.69325E-2 1.37783E-2 1.14809E-2
5.69138E-1 5.96744E-1 4.79266E-1 7.13889E-1 5.50315E-1 3.33541E-1 4.1501E-1 5.72605E-1 7.44241E-1 6.87988E-1 6.96446E-1 8.13991E-1 6.29678E-1 3.64507E-1 3.37662E-1 1.62396E-1 1.026E-1 6.07458E-2 5.35306E-2 5.40637E-2 7.82757E-2 1.89434E-1 2.33321E-1 -9999 -9999 -9999 -9999 -9999 -9999 -9999 -9999 -9999 -9999 -9999 8.80484E-2 1.76708E-1 6.48454E-2 9.26265E-2 7.50187E-2 1.46197E-1 -9999 -9999 -9999 -9999 -9999 -9999 -9999 -9999 -9999 -9999 -9999 -9999 -9999 -9999 -9999 -9999 -9999 -9999 -9999 -9999 -9999 -9999 2.96883E-2 1.65513E-2 7.67062E-3 1.08378E-2 2.29001E-2 2.33362E-2 2.88868E-2 1.57041E-2 2.94495E-2 4.55224E-2 2.70234E-2 1.82312E-2 2.38173E-2 2.04008E-2 2.34245E-2 2.12318E-2
5.07373E-1 5.44288E-1 4.82969E-1 5.67079E-1 4.79228E-1 3.57772E-1 5.09805E-1 5.29552E-1 5.26739E-1 4.78222E-1 7.68241E-1 8.46732E-1 4.24653E-1 2.09254E-1 1.44648E-1 1.84652E-1 6.73301E-2 5.72027E-2 3.32533E-2 5.43822E-2 7.69565E-2 1.35636E-1 2.41392E-1 -9999 -9999 -9999 -9999 -9999 -9999 -9999 4.92083E-1 3.6311E-1 -9999 -9999 1.4012E-1 1.07215E-1 4.92136E-2 1.73642E-1 1.46587E-1 9.95682E-2 1.27697E-1 -9999 -9999 -9999 -9999 -9999 -9999 -9999 -9999 -9999 -9999 -9999 -9999 -9999 -9999 -9999 -9999 -9999 -9999 -9999 -9999 -9999 1.14137E-2 8.58526E-3 3.04875E-2 2.00184E-2 1.77793E-2 1.82741E-2 2.35485E-2 2.69568E-2 2.13581E-2 4.59815E-2 3.7986E-2 3.55124E-2 2.3417E-2 1.31388E-2 7.70787E-2 8.93893E-2
4.24896E-1 5.02803E-1 4.82255E-1 6.49785E-1 4.22869E-1 5.18886E-1 4.79775E-1 6.12654E-1 4.42501E-1 3.18094E-1 6.23991E-1 7.78724E-1 6.19654E-1 1.73058E-1 1.17225E-1 8.60728E-2 1.16032E-1 8.17778E-2 6.47833E-2 5.32714E-2 7.70715E-2 1.61578E-1 2.25939E-1 -9999 -9999 -9999 -9999 -9999 -9999 -9999 3.80084E-1 4.53659E-1 2.12287E-1 -9999 2.12642E-1 1.76969E-1 6.83552E-2 1.06E-1 4.02465E-2 1.34938E-1 -9999 -9999 -9999 -9999 -9999 -9999 -9999 -9999 -9999 -9999 -9999 -9999 -9999 -9999 -9999 -9999 -9999 -9999 -9999 -9999 -9999 1.475E-2 1.34997E-2 9.13842E-3 2.01431E-2 1.91626E-2 1.27989E-2 2.39149E-2 4.65337E-2 2.34069E-2 2.55953E-2 2.93022E-2 3.16862E-2 2.01535E-2 3.6697E-2 4.66632E-2 9.94774E-2 1.13729E-1
4.296E-1 3.38701E-1 4.74687E-1 6.03245E-1 6.04155E-1 7.63094E-1 4.91187E-1 5.90681E-1 4.1078E-1 2.93596E-1 5.5632E-1 8.33205E-1 4.84206E-1 1.69733E-1 2.07017E-1 1.25937E-1 1.74602E-1 8.39351E-2 7.81557E-2 7.48097E-2 9.67819E-2 1.36559E-1 3.0594E-1 4.06194E-1 -9999 -9999 -9999 -9999 -9999 -9999 -9999 4.23985E-1 1.98059E-1 1.28881E-1 2.84793E-1 2.79579E-1 7.50692E-2 1.00558E-1 1.25532E-1 1.60133E-1 -9999 -9999 -9999 -9999 -9999 -9999 -9999 -9999 -9999 -9999 -9999 -9999 -9999 -9999 -9999 -9999 -9999 -9999 -9999 -9999 -9999 1.54548E-2 2.11064E-2 8.87672E-3 1.70922E-2 1.82489E-2 1.25343E-2 1.28956E-2 3.32926E-2 3.17377E-2 4.27949E-2 2.35275E-2 2.78211E-2 4.0448E-2 4.22534E-2 7.0088E-2 1.52359E-1 7.5616E-2
3.16972E-1 4.12791E-1 3.55652E-1 2.88896E-1 3.85635E-1 7.12401E-1 3.95857E-1 4.2294E-1 3.92119E-1 2.34905E-1 4.55407E-1 8.3384E-1 7.52046E-1 1.85817E-1 2.3776E-1 2.47284E-1 1.08872E-1 8.05264E-2 1.18022E-1 1.09263E-1 1.93864E-1 2.4838E-1 1.68286E-1 3.17745E-1 -9999 -9999 -9999 -9999 -9999 -9999 -9999 3.57633E-1 1.55069E-1 1.84723E-1 1.69051E-1 2.0743E-1 8.94544E-2 6.97264E-2 1.40093E-1 4.84801E-2 -9999 -9999 -9999 -9999 -9999 -9999 -9999 -9999 -9999 -9999 -9999 -9999 -9999 -9999 -9999 -9999 -9999 -9999 -9999 -9999 1.62617E-2 1.46899E-2 2.64525E-2 1.90024E-2 1.26752E-2 1.5272E-2 2.25697E-2 2.16512E-2 2.27824E-2 3.5218E-2 3.77796E-2 3.52042E-2 3.09956E-2 3.47594E-2 2.90427E-2 1.87079E-1 1.66829E-1 5.29822E-2
2.89496E-1 2.24582E-1 2.87279E-1 4.75606E-1 4.31089E-1 4.15315E-1 5.02733E-1 5.00887E-1 4.73993E-1 3.2846E-1 5.99556E-1 7.64988E-1 4.83308E-1 3.65831E-1 3.22103E-1 3.19437E-1 1.40363E-1 5.55465E-2 1.28735E-1 8.58278E-2 2.26915E-1 3.11271E-1 3.56857E-1 1.74633E-1 -9999 -9999 -9999 -9999 -9999 -9999 -9999 -9999 1.51431E-1 2.85035E-1 3.09536E-1 4.11425E-1 2.52477E-1 1.15959E-1 1.55499E-1 3.27666E-2 -9999 -9999 -9999 -9999 -9999 -9999 -9999 -9999 -9999 -9999 -9999 -9999 -9999 -9999 -9999 -9999 -9999 -9999 -9999 -9999 -9999 -9999 -9999 -9999 -9999 -9999 2.97908E-2 1.32636E-2 1.89754E-2 8.65834E-3 2.80452E-2 1.81372E-2 4.52215E-2 1.8243E-2 7.76566E-2 3.3901E-2 7.96356E-2 1.30524E-1
3.74785E-1 5.8206E-1 5.9841E-1 6.25558E-1 5.86018E-1 6.15508E-1 4.70736E-1 4.61016E-1 4.29999E-1 4.19232E-1 2.67314E-1 5.67704E-1 3.82178E-1 3.70638E-1 3.88732E-1 3.65532E-1 3.66559E-1 1.80288E-1 1.20354E-1 1.45039E-1 1.63654E-1 1.33048E-1 1.00467E-1 1.82791E-1 1.16398E-1 1.83921E-1 -9999 -9999 -9999 -9999 -9999 -9999 -9999 2.6582E-1 2.89835E-1 3.2577E-1 1.4345E-1 1.79914E-1 1.58617E-1 1.29812E-1 -9999 -9999 -9999 -9999 -9999 -9999 -9999 -9999 -9999 -9999 -9999 -9999 -9999 -9999 -9999 -9999 -9999 -9999 -9999 -9999 -9999 -9999 -9999 -9999 -9999 -9999 -9999 -9999 1.37782E-2 3.91616E-2 1.19286E-2 1.99191E-2 1.43852E-2 1.63619E-2 4.42354E-2 2.58885E-2 9.24157E-2 3.55971E-1
6.1893E-1 5.99402E-1 6.14217E-1 7.4031E-1 6.15784E-1 6.85621E-1 5.81352E-1 5.54715E-1 4.64434E-1 4.33924E-1 2.71233E-1 3.59969E-1 3.92389E-1 2.97939E-1 2.21015E-1 1.26371E-1 1.58861E-1 1.72654E-1 1.05395E-1 8.0497E-2 1.48318E-1 1.82124E-1 1.75139E-1 2.23932E-1 1.64271E-1 2.65037E-1 -9999 -9999 -9999 -9999 -9999 -9999 -9999 3.26852E-1 3.2727E-1 1.91816E-1 2.38325E-1 9.95071E-2 1.92116E-1 1.00283E-1 -9999 -9999 -9999 -9999 -9999 -9999 -9999 -9999 -9999 -9999 -9999 -9999 -9999 -9999 -9999 -9999 -9999 -9999 -9999 -9999 -9999 -9999 -9999 -9999 -9999 -9999 -9999 -9999 2.72138E-2 2.3893E-2 1.69641E-2 2.61167E-2 1.54708E-2 3.23364E-2 6.29806E-2 3.50684E-2 9.19342E-2 3.91319E-1
5.09544E-1 4.15283E-1 5.08986E-1 4.7319E-1 6.61729E-1 6.09288E-1 7.03125E-1 4.80439E-1 3.50402E-1 5.38289E-1 4.31037E-1 3.90008E-1 4.01409E-1 1.67154E-1 1.82668E-1 9.84616E-2 8.37467E-2 1.09025E-1 3.74361E-2 7.57796E-2 7.6134E-2 2.00196E-1 1.8085E-1 2.61955E-1 2.87009E-1 1.96904E-1 1.3265E-1 -9999 -9999 -9999 -9999 -9999 -9999 4.13602E-1 3.02735E-1 2.5005E-1 8.72647E-2 8.05664E-2 9.99776E-2 5.62371E-2 -9999 -9999 -9999 -9999 -9999 -9999 -9999 -9999 -9999 -9999 -9999 -9999 -9999 -9999 -9999 -9999 -9999 -9999 -9999 -9999 -9999 -9999 -9999 -9999 -9999 -9999 -9999 2.56291E-2 2.94439E-2 2.91197E-2 1.58092E-2 1.7709E-2 3.22937E-2 3.64283E-2 7.64281E-2 7.12611E-2 7.21654E-2 1.25791E-1
5.30388E-1 3.63586E-1 3.46044E-1 4.82653E-1 5.91524E-1 4.80274E-1 5.3463E-1 3.80274E-1 6.75089E-1 5.81635E-1 4.63515E-1 3.98655E-1 2.66748E-1 1.20054E-1 1.53873E-1 1.6349E-1 1.24419E-1 1.78108E-1 7.9735E-2 7.11013E-3 1.07153E-1 1.0089E-1 3.47729E-1 2.3309E-1 2.77961E-1 1.55892E-1 6.63738E-2 -9999 -9999 -9999 -9999 -9999 -9999 5.01918E-1 3.33077E-1 3.13657E-1 2.40923E-1 9.86914E-2 1.45384E-1 -9999 -9999 -9999 -9999 3.06223E-1 6.06556E-1 -9999 -9999 -9999 -9999 -9999 -9999 -9999 -9999 -9999 -9999 -9999 -9999 -9999 -9999 -9999 -9999 -9999 -9999 -9999 -9999 -9999 1.32943E-2 2.15008E-2 3.14293E-2 1.72215E-2 1.42909E-2 1.89814E-2 2.94158E-2 2.48074E-2 5.60935E-2 5.89821E-2 4.6353E-2 7.77505E-2
6.08149E-1 6.34061E-1 2.87753E-1 3.49573E-1 5.0051E-1 5.18371E-1 5.81389E-1 4.43768E-1 7.08895E-1 5.20321E-1 4.19524E-1 3.93587E-1 1.09944E-1 6.69659E-2 1.4733E-1 1.94453E-1 1.66687E-1 1.82982E-1 7.01143E-2 1.96314E-2 1.65451E-1 1.89479E-1 2.71276E-1 3.44791E-1 1.79139E-1 1.89761E-1 7.00507E-2 6.62965E-2 -9999 -9999 -9999 -9999 -9999 4.20822E-1 3.13983E-1 3.29936E-1 2.35822E-1 1.55007E-1 2.07907E-1 -9999 -9999 -9999 9.58108E-2 1.28695E-1 6.58398E-1 -9999 -9999 -9999 -9999 -9999 -9999 -9999 -9999 -9999 -9999 -9999 -9999 -9999 -9999 -9999 -9999 -9999 -9999 -9999 -9999 -9999 -9999 2.81079E-2 1.60049E-2 2.34815E-2 2.69891E-2 2.33168E-2 5.89009E-2 3.47184E-2 3.10362E-2 2.72481E-2 4.22936E-2 2.24792E-2
6.07057E-1 6.05539E-1 2.72389E-1 2.0198E-1 2.07497E-1 3.36614E-1 6.17232E-1 5.26065E-1 4.87055E-1 4.44848E-1 3.26689E-1 3.83811E-1 1.29811E-1 7.59208E-2 1.21176E-1 1.15249E-1 9.7509E-2 4.74106E-2 1.64572E-2 2.2073E-2 7.6061E-2 1.63878E-1 2.72392E-1 5.40427E-1 2.18603E-1 1.85883E-1 2.01085E-1 2.7097E-1 -9999 -9999 -9999 -9999 -9999 4.03962E-1 4.14353E-1 3.88744E-1 2.65403E-1 2.27185E-1 9.70262E-2 -9999 -9999 -9999 9.40931E-2 4.44777E-2 9.30632E-2 -9999 -9999 -9999 -9999 -9999 -9999 -9999 -9999 -9999 -9999 -9999 -9999 -9999 -9999 -9999 -9999 -9999 -9999 -9999 -9999 -9999 -9999 1.7661E-2 1.84822E-2 2.50015E-2 3.50466E-2 3.32492E-2 2.64378E-2 1.57257E-2 3.27547E-2 4.10218E-2 6.91254E-2 6.159E-2
6.70091E-1 8.23461E-1 4.76526E-1 3.28636E-1 2.29511E-1 3.93797E-1 5.24285E-1 5.32982E-1 4.83743E-1 2.99452E-1 3.04177E-1 3.88334E-1 3.86651E-1 7.37302E-2 5.89176E-2 7.87207E-2 4.47134E-2 1.25917E-1 4.55641E-2 1.78134E-1 3.63801E-2 2.7156E-1 6.27078E-1 3.14649E-1 3.07966E-1 2.67641E-1 1.43715E-1 1.84164E-1 1.94797E-1 -9999 -9999 -9999 -9999 4.74785E-1 3.62124E-1 3.90476E-1 3.11547E-1 1.40371E-1 8.95822E-2 -9999 -9999 -9999 8.36696E-2 6.03147E-2 2.44812E-2 -9999 -9999 -9999 -9999 -9999 -9999 1.42507E-2 2.01362E-2 -9999 -9999 -9999 -9999 -9999 -9999 -9999 -9999 -9999 -9999 -9999 -9999 -9999 -9999 1.1737E-2 3.09982E-2 2.69343E-2 3.16159E-2 2.42032E-2 1.84135E-2 3.84373E-2 3.81777E-2 3.35864E-2 3.37669E-2 5.85429E-2
7.71529E-1 8.32761E-1 5.07481E-1 4.36484E-1 2.50607E-1 2.94894E-1 4.60388E-1 4.72393E-1 2.76945E-1 2.53646E-1 2.80094E-1 4.87382E-1 2.00334E-1 1.09879E-1 1.84474E-1 1.03435E-1 1.06509E-1 7.93033E-2 2.11374E-1 1.41641E-1 1.8498E-1 3.67638E-1 4.88772E-1 1.78433E-1 1.79811E-1 3.15926E-1 2.10342E-1 2.78383E-1 2.99031E-1 -9999 -9999 -9999 5.3825E-1 4.71814E-1 3.57194E-1 2.07567E-1 2.08774E-1 4.44601E-1 2.60897E-1 -9999 -9999 2.73202E-2 5.74036E-2 6.60318E-2 9.6187E-2 -9999 -9999 -9999 -9999 -9999 -9999 7.28356E-2 2.62256E-2 -9999 -9999 -9999 -9999 -9999 -9999 -9999 -9999 -9999 -9999 -9999 -9999 -9999 -9999 1.64798E-2 6.31613E-2 4.02398E-2 2.81346E-2 1.36685E-2 1.69386E-2 1.29162E-2 3.89371E-2 5.33508E-2 1.00944E-1 9.24107E-2
8.30223E-1 8.84582E-1 5.5469E-1 4.67817E-1 3.62627E-1 2.27712E-1 2.32168E-1 3.04999E-1 4.70251E-1 4.47502E-1 2.8472E-1 2.85712E-1 3.28701E-1 2.1839E-1 1.51833E-1 1.26927E-1 1.36559E-1 8.08705E-2 1.66644E-1 1.23824E-1 1.70886E-1 3.37935E-1 5.07002E-1 4.80062E-1 3.90235E-1 2.46325E-1 1.75193E-1 1.84942E-1 2.39927E-1 1.93096E-1 -9999 -9999 4.98732E-1 4.16712E-1 3.11559E-1 1.75054E-1 1.81043E-1 2.7172E-1 2.93398E-1 -9999 -9999 5.233E-2 4.97601E-2 2.79476E-2 7.34396E-2 -9999 -9999 -9999 -9999 -9999 -9999 1.67602E-1 1.55984E-1 -9999 -9999 -9999 -9999 -9999 -9999 -9999 -9999 -9999 -9999 -9999 -9999 -9999 -9999 -9999 2.34862E-2 4.26576E-2 7.51691E-2 4.51762E-2 2.40118E-2 1.21334E-2 1.24246E-2 3.57665E-2 7.86052E-2 7.62179E-2
8.25082E-1 8.78989E-1 6.78933E-1 4.57965E-1 3.58634E-1 2.6499E-1 2.33692E-1 3.21596E-1 3.01275E-1 3.59675E-1 2.5896E-1 3.84402E-1 3.84314E-1 9.52397E-2 1.50171E-1 1.4162E-1 5.61053E-2 6.98567E-2 1.37576E-1 1.02849E-1 2.19415E-1 2.74323E-1 3.9892E-1 4.64684E-1 4.6147E-1 4.62148E-1 3.11479E-1 1.94143E-1 2.41596E-1 1.74927E-1 -9999 -9999 2.40931E-1 3.45382E-1 3.75512E-1 3.26861E-1 2.60428E-1 1.68022E-1 2.60492E-1 1.58742E-1 3.5298E-2 2.74431E-2 2.8443E-2 2.99202E-2 2.84318E-2 -9999 -9999 -9999 -9999 -9999 -9999 2.7565E-1 1.39203E-1 7.55932E-2 -9999 -9999 -9999 -9999 -9999 -9999 -9999 -9999 -9999 -9999 -9999 -9999 -9999 -9999 1.81809E-2 2.6539E-2 5.6787E-2 9.94453E-2 2.59499E-2 2.65929E-2 3.09749E-2 4.23229E-2 8.42802E-2 9.76028E-2
5.0123E-1 8.61526E-1 5.21152E-1 5.94701E-1 6.01183E-1 3.02185E-1 3.32156E-1 2.30976E-1 2.69114E-1 3.86138E-1 3.08228E-1 5.10368E-1 4.60674E-1 1.64095E-1 1.35352E-1 1.26187E-1 1.30846E-1 1.55457E-1 1.07144E-1 2.59314E-1 1.95939E-1 1.74584E-1 2.62475E-1 3.69753E-1 3.20676E-1 2.91992E-1 3.97145E-1 4.21763E-1 2.74248E-1 2.21269E-1 -9999 -9999 2.22888E-1 2.63195E-1 3.49529E-1 3.33029E-1 3.13858E-1 1.93342E-1 3.08061E-1 1.53333E-1 2.96033E-2 3.30925E-2 4.7601E-2 1.02357E-2 7.54696E-3 -9999 -9999 -9999 -9999 -9999 2.03587E-1 2.38131E-1 2.03572E-1 1.68031E-1 -9999 -9999 -9999 -9999 -9999 -9999 -9999 -9999 -9999 -9999 -9999 -9999 -9999 -9999 1.70373E-2 2.38748E-2 4.11082E-2 1.46645E-1 7.20813E-2 2.52809E-2 2.47421E-2 4.83168E-2 8.12108E-2 9.26038E-2
7.37313E-1 8.78464E-1 6.44468E-1 5.53293E-1 5.34855E-1 3.72546E-1 2.94486E-1 4.11017E-1 4.04273E-1 3.9351E-1 3.01082E-1 4.54254E-1 3.41588E-1 1.56592E-1 8.43544E-2 7.78653E-2 3.76316E-2 4.72438E-2 5.30813E-2 2.94767E-1 3.30059E-1 1.55505E-1 1.26291E-1 1.80818E-1 3.16184E-1 3.68972E-1 4.32255E-1 3.85934E-1 3.46286E-1 2.84672E-1 1.79147E-1 -9999 1.54024E-1 2.15922E-1 1.814E-1 1.67617E-1 2.49607E-1 2.19493E-1 2.15392E-1 8.95528E-2 9.74129E-2 5.48434E-2 3.71978E-2 3.01217E-2 2.73028E-2 -9999 -9999 -9999 -9999 -9999 1.05368E-1 4.95332E-1 4.50924E-1 3.22109E-1 1.68791E-1 8.03881E-2 -9999 -9999 -9999 -9999 -9999 -9999 -9999 -9999 -9999 -9999 -9999 -9999 -9999 2.87948E-2 1.11692E-1 1.33944E-1 5.86128E-2 5.59059E-2 7.15605E-2 8.94766E-2 1.19794E-1 7.49832E-2
7.75411E-1 6.78461E-1 7.78748E-1 8.5764E-1 6.35145E-1 4.33175E-1 2.84286E-1 2.39528E-1 3.18301E-1 4.71197E-1 4.3661E-1 5.19705E-1 4.02753E-1 2.84375E-1 7.78471E-2 1.13246E-1 8.40566E-2 5.36368E-2 8.59852E-2 1.60978E-1 1.41815E-1 2.19937E-1 1.73704E-1 1.68301E-1 1.13081E-1 2.87046E-1 3.94444E-1 3.6102E-1 2.85037E-1 2.49993E-1 2.90321E-1 -9999 -9999 3.09903E-1 2.1505E-1 2.10646E-1 2.39937E-1 4.16683E-1 3.08277E-1 1.11468E-1 2.6107E-1 1.80055E-1 1.35715E-1 9.04341E-2 1.03911E-1 -9999 -9999 -9999 -9999 -9999 1.16225E-1 8.34405E-2 7.23474E-1 7.87473E-1 5.68665E-1 1.82997E-1 2.25811E-1 -9999 -9999 -9999 -9999 -9999 -9999 -9999 -9999 -9999 -9999 -9999 -9999 5.60706E-2 9.65387E-2 1.23407E-1 1.12424E-1 7.16756E-2 6.59034E-2 7.53166E-2 6.08662E-2 1.94287E-1
8.09124E-1 8.77864E-1 6.57736E-1 6.46581E-1 5.98738E-1 5.55498E-1 5.39996E-1 5.34722E-1 5.75026E-1 5.76268E-1 5.91109E-1 6.7188E-1 6.30122E-1 2.48533E-1 1.54544E-1 6.14956E-2 9.32092E-2 1.2054E-1 1.77268E-1 1.96805E-1 2.08085E-1 2.11248E-1 4.32061E-1 2.11254E-1 1.95303E-1 1.03005E-1 2.05942E-1 2.33567E-1 4.20971E-1 4.73873E-1 3.56556E-1 4.16695E-1 -9999 3.61905E-1 2.62824E-1 2.45473E-1 2.88491E-1 2.6223E-1 3.88347E-1 2.29324E-1 3.19835E-1 1.54972E-1 2.20119E-1 2.26421E-1 1.73094E-1 -9999 -9999 -9999 -9999 -9999 1.23174E-1 1.9651E-1 1.07553E-1 5.02544E-1 7.42679E-1 4.6416E-1 3.89349E-1 -9999 -9999 -9999 -9999 -9999 -9999 -9999 -9999 -9999 -9999 -9999 -9999 2.22273E-2 5.74723E-2 6.43961E-2 1.1054E-1 4.86917E-2 1.22885E-1 1.23407E-1 2.11336E-1 2.04891E-1
8.83273E-1 8.06133E-1 6.8612E-1 7.93679E-1 7.42331E-1 7.14421E-1 6.74728E-1 7.32484E-1 7.82372E-1 5.23828E-1 5.97038E-1 5.65496E-1 6.49475E-1 4.45419E-1 2.30944E-1 1.03618E-1 4.84327E-2 9.38231E-2 1.07814E-1 1.22428E-1 1.31338E-1 2.37329E-1 1.9327E-1 3.42303E-1 3.46995E-1 2.86348E-1 1.61877E-1 1.90531E-1 2.33799E-1 5.48526E-1 5.17942E-1 4.31136E-1 -9999 -9999 3.34469E-1 2.33595E-1 2.58555E-1 3.33248E-1 2.52355E-1 2.22548E-1 2.8461E-1 3.00426E-1 4.17229E-1 2.55155E-1 2.74899E-1 -9999 -9999 -9999 -9999 -9999 4.19046E-2 3.7288E-2 1.1199E-1 1.83599E-1 3.80972E-1 4.15798E-1 3.5836E-1 -9999 -9999 -9999 -9999 -9999 -9999 -9999 -9999 -9999 -9999 -9999 -9999 4.7474E-2 6.20977E-2 4.54517E-2 7.38131E-2 6.05116E-2 1.85355E-1 2.16846E-1 4.11378E-1 3.2933E-1
9.32313E-1 9.14314E-1 7.66985E-1 9.00122E-1 8.14611E-1 7.76525E-1 7.27154E-1 9.0148E-1 8.39915E-1 6.0763E-1 7.94842E-1 8.25687E-1 7.66714E-1 5.86563E-1 1.56434E-1 1.17793E-1 5.35236E-2 4.34322E-2 5.61346E-2 8.52628E-2 8.72311E-2 2.82726E-1 1.05456E-1 2.90605E-1 3.54356E-1 4.36136E-1 1.77457E-1 1.72604E-1 2.02262E-1 4.83161E-1 4.56856E-1 6.12679E-1 -9999 -9999 -9999 2.34733E-1 3.13254E-1 3.54032E-1 3.81052E-1 2.59194E-1 3.41173E-1 1.81364E-1 4.87842E-1 4.48468E-1 3.30294E-1 -9999 -9999 -9999 -9999 -9999 3.88425E-2 3.6417E-2 6.87263E-2 1.57021E-1 1.64962E-1 2.52794E-1 2.09396E-1 -9999 -9999 -9999 -9999 -9999 -9999 6.14349E-2 -9999 -9999 -9999 -9999 -9999 -9999 4.61114E-2 1.10356E-2 5.36435E-2 7.60588E-2 1.65036E-1 2.91221E-1 4.2644E-1 3.6769E-1
9.29987E-1 8.50939E-1 6.81419E-1 8.92479E-1 7.10743E-1 7.3779E-1 8.67845E-1 6.63218E-1 9.36489E-1 6.93893E-1 4.95732E-1 5.42057E-1 5.8722E-1 5.55083E-1 1.74332E-1 1.11996E-1 4.85977E-2 4.93952E-2 2.52658E-2 2.45741E-2 3.03612E-2 7.06554E-2 1.17996E-1 2.80869E-1 3.32609E-1 3.78211E-1 3.59071E-1 1.94955E-1 2.03821E-1 4.33899E-1 5.26811E-1 6.47583E-1 5.42855E-1 -9999 -9999 -9999 4.1216E-1 4.19938E-1 3.9561E-1 2.05509E-1 2.28926E-1 1.91313E-1 2.9463E-1 3.82704E-1 3.14859E-1 -9999 -9999 -9999 -9999 -9999 3.54872E-2 3.05091E-2 4.94979E-2 1.47335E-1 2.42815E-1 3.27347E-1 4.12121E-1 -9999 -9999 -9999 -9999 -9999 -9999 4.98128E-2 6.11815E-2 -9999 -9999 -9999 6.59334E-2 -9999 6.74473E-2 2.47688E-2 7.01132E-2 9.13029E-2 2.41565E-1 2.5028E-1 2.81072E-1 5.26319E-1
