ENM/Final_Models/M_1_F_qp_Set_1_NE/Gustavia_santanderiensis_Choco_stddev.asc
ncols         367
nrows         963
xllcorner     -78.6
yllcorner     0.65
cellsize      0.00833333333333323
NODATA_value  -9999
[rows 816 to 849 of 963, columns 78 to 155 of 367]
0E0 0E0 0E0 0E0 0E0 0E0 0E0 0E0 0E0 0E0 0E0 0E0 0E0 0E0 0E0 0E0 0E0 0E0 0E0 2.96053E-1 0E0 0E0 0E0 0E0 3.27668E-1 3.06212E-1 2.48189E-1 2.06477E-1 1.86495E-1 2.87577E-1 2.39671E-1 2.17938E-1 2.60298E-1 2.58834E-1 1.96395E-1 1.15641E-1 -9999 -9999 -9999 -9999 2.42369E-1 2.32928E-1 2.01628E-1 -9999 -9999 -9999 -9999 1.15465E-1 1.32269E-1 6.70514E-2 6.16269E-2 8.11028E-2 4.33369E-2 3.80357E-2 2.92071E-2 6.00763E-2 5.7669E-2 7.6294E-2 4.47468E-2 2.02123E-2 1.41193E-2 3.99074E-2 2.12577E-2 1.55832E-2 1.24578E-2 4.92662E-3 6.10893E-3 5.01765E-3 5.53904E-3 4.51092E-3 1.16901E-3 7.31215E-4 4.12086E-4 1.87894E-4 1.44581E-3 8.24993E-3 1.503E-2 1.24056E-2
0E0 0E0 0E0 0E0 0E0 0E0 0E0 0E0 0E0 0E0 0E0 0E0 0E0 0E0 0E0 0E0 0E0 0E0 0E0 2.97668E-1 0E0 0E0 3.15632E-1 0E0 3.21088E-1 2.83065E-1 3.25137E-1 2.88817E-1 2.1499E-1 2.84931E-1 2.62017E-1 2.64512E-1 2.75211E-1 2.55138E-1 1.85394E-1 1.31571E-1 -9999 -9999 -9999 -9999 -9999 2.33698E-1 -9999 -9999 -9999 -9999 -9999 -9999 1.07341E-1 5.12729E-2 6.38149E-2 1.0689E-1 6.75658E-2 7.79497E-2 9.68038E-2 1.22449E-1 1.11038E-1 2.16653E-2 2.44192E-2 2.82248E-2 1.60077E-2 1.41866E-2 8.9509E-3 6.17866E-3 5.03537E-3 2.00921E-3 4.26624E-3 2.40149E-3 2.00904E-3 2.97416E-3 3.64819E-4 2.55875E-4 8.17492E-5 9.80573E-5 1.31207E-3 2.02262E-2 -9999 -9999
0E0 0E0 0E0 0E0 0E0 0E0 0E0 0E0 0E0 0E0 0E0 0E0 0E0 0E0 0E0 0E0 0E0 0E0 0E0 0E0 0E0 0E0 0E0 3.15566E-1 3.15593E-1 3.17813E-1 3.11219E-1 3.13634E-1 0E0 2.86386E-1 2.54021E-1 2.46554E-1 2.33992E-1 2.1628E-1 1.87356E-1 1.72408E-1 -9999 -9999 -9999 -9999 -9999 -9999 -9999 -9999 -9999 -9999 -9999 -9999 1.34661E-1 1.51942E-1 1.30019E-1 1.44474E-1 7.83131E-2 3.76559E-2 9.1663E-2 6.97995E-2 6.79909E-2 6.7646E-2 3.86809E-2 2.00176E-2 7.66174E-3 1.5585E-2 1.27175E-2 7.95942E-3 1.32537E-2 7.87984E-3 2.00438E-3 9.02321E-4 7.95012E-4 7.41236E-4 2.30864E-4 6.77381E-5 3.62018E-5 1.30552E-4 1.23393E-3 1.44857E-2 -9999 -9999
0E0 0E0 0E0 0E0 0E0 0E0 0E0 0E0 0E0 0E0 0E0 0E0 0E0 0E0 0E0 0E0 0E0 0E0 2.98483E-1 0E0 0E0 0E0 0E0 0E0 3.0844E-1 3.08904E-1 2.88618E-1 3.11072E-1 0E0 0E0 2.52427E-1 1.48636E-1 1.97113E-1 1.91264E-1 -9999 -9999 -9999 -9999 -9999 -9999 -9999 -9999 -9999 -9999 -9999 -9999 -9999 -9999 1.13698E-1 1.27161E-1 1.60568E-1 8.3236E-2 2.72552E-2 1.88209E-2 1.00219E-1 5.84305E-2 2.7721E-2 4.06826E-2 6.12915E-2 3.19349E-2 4.40771E-3 1.01693E-2 1.22496E-2 2.52659E-2 1.20795E-2 8.11379E-3 1.45523E-3 8.16554E-4 2.44432E-4 5.55911E-5 1.91651E-5 2.64156E-5 4.09283E-5 2.83627E-4 4.24229E-3 3.46648E-2 2.47159E-2 -9999
0E0 0E0 0E0 0E0 0E0 0E0 0E0 0E0 0E0 0E0 0E0 0E0 0E0 0E0 0E0 0E0 0E0 0E0 0E0 0E0 0E0 0E0 2.99589E-1 0E0 3.04382E-1 3.23155E-1 3.17497E-1 3.03533E-1 0E0 2.94081E-1 2.78282E-1 2.0099E-1 1.90261E-1 2.31542E-1 1.92416E-1 -9999 -9999 -9999 -9999 -9999 -9999 -9999 -9999 -9999 -9999 -9999 -9999 -9999 1.00459E-1 1.05558E-1 1.54893E-1 8.78405E-2 4.33527E-2 2.33688E-2 4.21236E-2 5.36757E-2 2.55504E-2 1.42425E-2 1.23938E-2 2.58026E-2 5.52902E-3 1.18074E-3 1.3067E-2 1.07072E-2 1.63293E-2 2.27857E-2 2.5452E-3 1.13118E-3 5.5663E-4 4.70641E-5 1.21565E-5 1.51605E-5 5.88761E-5 6.00255E-4 8.99484E-3 1.95831E-2 2.03463E-2 -9999
0E0 0E0 0E0 0E0 0E0 0E0 0E0 0E0 0E0 0E0 0E0 0E0 0E0 0E0 0E0 0E0 0E0 0E0 0E0 0E0 0E0 0E0 3.00043E-1 0E0 0E0 3.04897E-1 3.10594E-1 2.9594E-1 2.88022E-1 0E0 2.85533E-1 2.32719E-1 3.02823E-1 2.9753E-1 2.96068E-1 1.38659E-1 -9999 -9999 -9999 -9999 -9999 -9999 -9999 -9999 -9999 -9999 -9999 -9999 5.13372E-2 1.48798E-1 1.81477E-1 1.22693E-1 3.02216E-2 1.64583E-2 3.00941E-2 2.07953E-2 1.82868E-2 9.0969E-3 6.23891E-3 8.54873E-3 4.77092E-3 6.22715E-4 1.90289E-3 9.84474E-4 4.26321E-3 1.13598E-2 3.06711E-3 8.2418E-4 2.12153E-4 2.06394E-4 5.13812E-5 2.90359E-5 1.90203E-4 1.37428E-3 1.05605E-2 3.54388E-2 4.18854E-2 -9999
0E0 0E0 0E0 0E0 0E0 0E0 0E0 0E0 0E0 0E0 0E0 0E0 0E0 0E0 0E0 0E0 0E0 0E0 0E0 3.12213E-1 0E0 0E0 0E0 0E0 0E0 3.1097E-1 3.09121E-1 3.03614E-1 3.03566E-1 3.04323E-1 3.15186E-1 2.97911E-1 3.07337E-1 3.01956E-1 3.03698E-1 2.3033E-1 1.8247E-1 -9999 -9999 -9999 -9999 -9999 -9999 -9999 -9999 -9999 -9999 -9999 6.19776E-2 1.14426E-1 1.63024E-1 1.63057E-1 8.38074E-2 5.35891E-2 2.84322E-2 1.58182E-2 1.46417E-2 9.34318E-3 5.0673E-3 1.77982E-3 1.73689E-3 1.66786E-3 1.25524E-3 3.46127E-4 1.69427E-3 7.92237E-3 3.47772E-3 1.13445E-3 1.09136E-3 2.83198E-4 8.77939E-5 3.88767E-5 1.64747E-4 6.69875E-4 1.52441E-2 3.61595E-2 -9999 -9999
0E0 0E0 0E0 0E0 0E0 0E0 0E0 0E0 0E0 0E0 0E0 0E0 0E0 0E0 0E0 0E0 0E0 0E0 3.1955E-1 0E0 0E0 0E0 0E0 0E0 3.12396E-1 2.96911E-1 2.84141E-1 2.95663E-1 3.05447E-1 3.05097E-1 3.05574E-1 3.08576E-1 3.09622E-1 3.04079E-1 3.07047E-1 2.77637E-1 1.88705E-1 -9999 -9999 -9999 -9999 -9999 -9999 -9999 -9999 -9999 -9999 -9999 3.52668E-2 1.21481E-1 1.2064E-1 1.01745E-1 1.01181E-1 9.76172E-2 6.60289E-2 2.92051E-2 1.80042E-2 1.58227E-2 1.717E-2 1.3558E-2 5.44911E-3 1.35882E-2 1.43208E-3 2.51514E-4 1.12803E-3 5.03448E-3 1.11059E-3 3.03883E-4 4.38617E-4 1.86582E-4 9.86361E-5 4.16357E-5 5.12317E-5 1.36419E-3 1.51577E-2 4.35662E-2 -9999 -9999
0E0 0E0 0E0 0E0 0E0 0E0 0E0 0E0 0E0 0E0 0E0 0E0 0E0 0E0 0E0 0E0 0E0 0E0 0E0 0E0 0E0 0E0 0E0 3.03636E-1 3.17222E-1 3.13404E-1 3.11339E-1 3.07249E-1 3.04181E-1 3.03823E-1 3.01742E-1 3.04407E-1 3.01975E-1 3.07888E-1 2.9805E-1 2.3413E-1 1.12782E-1 -9999 -9999 -9999 -9999 -9999 -9999 -9999 -9999 -9999 -9999 -9999 1.48866E-2 3.01289E-2 6.0828E-2 4.50501E-2 4.82685E-2 2.27292E-2 2.24167E-2 2.441E-2 2.01862E-2 1.21254E-2 1.2479E-2 8.20935E-3 8.26968E-3 8.97153E-3 2.04139E-3 3.62886E-4 3.32273E-4 2.55075E-3 9.06785E-4 2.16573E-4 5.22154E-5 2.60392E-5 2.86158E-5 1.73731E-5 1.94552E-4 2.30852E-3 1.88164E-2 3.46014E-2 -9999 -9999
0E0 0E0 0E0 0E0 0E0 0E0 0E0 0E0 0E0 0E0 0E0 0E0 0E0 0E0 0E0 0E0 0E0 3.0463E-1 0E0 0E0 0E0 0E0 0E0 3.04162E-1 3.07914E-1 3.09002E-1 3.08063E-1 3.00172E-1 3.01407E-1 3.03543E-1 3.05848E-1 3.06955E-1 2.99875E-1 2.92069E-1 2.77233E-1 1.44807E-1 1.25648E-1 -9999 -9999 -9999 -9999 -9999 -9999 -9999 -9999 -9999 -9999 -9999 -9999 4.23668E-2 3.68505E-2 2.76918E-2 3.56254E-2 2.28679E-2 7.95956E-3 7.37212E-3 1.59866E-2 8.47744E-3 1.006E-2 5.6766E-3 2.98727E-3 9.40661E-3 8.76416E-4 2.50829E-4 2.96153E-4 1.52751E-3 1.09079E-3 2.56503E-4 2.16277E-4 2.0912E-5 1.0867E-5 3.43213E-5 1.95485E-4 3.47685E-3 2.48947E-2 3.07195E-2 -9999 -9999
0E0 0E0 0E0 0E0 0E0 0E0 0E0 0E0 0E0 0E0 0E0 0E0 0E0 0E0 0E0 0E0 0E0 0E0 3.03702E-1 0E0 0E0 0E0 0E0 2.96471E-1 2.86693E-1 2.86718E-1 2.94164E-1 2.87778E-1 3.00218E-1 3.05259E-1 3.04687E-1 3.07958E-1 2.84907E-1 2.72384E-1 2.48111E-1 1.97973E-1 2.35873E-1 2.77982E-1 -9999 -9999 -9999 -9999 -9999 -9999 -9999 -9999 -9999 -9999 1.60622E-2 2.60837E-2 2.72277E-2 2.89888E-2 2.37139E-2 2.18833E-2 1.24392E-2 8.03475E-3 5.72586E-3 5.20816E-3 3.24771E-3 1.72157E-3 2.89701E-3 7.08728E-4 1.38321E-4 9.56893E-5 4.07492E-5 2.72787E-4 4.24435E-4 3.58097E-5 2.80177E-5 3.69616E-5 2.91144E-5 6.60809E-5 1.8629E-4 1.26272E-3 6.86231E-3 3.91346E-2 -9999 -9999
0E0 0E0 0E0 0E0 0E0 0E0 0E0 0E0 0E0 3.00172E-1 2.84665E-1 2.85444E-1 0E0 0E0 0E0 0E0 0E0 0E0 0E0 0E0 0E0 0E0 0E0 0E0 3.01184E-1 2.84165E-1 3.02362E-1 0E0 2.94047E-1 3.03858E-1 3.06365E-1 3.15297E-1 3.27559E-1 3.13864E-1 3.03968E-1 2.77162E-1 2.80664E-1 2.46921E-1 8.45632E-2 -9999 -9999 -9999 -9999 -9999 -9999 -9999 -9999 -9999 1.65318E-2 3.76047E-2 2.04421E-2 1.75463E-2 3.02365E-2 2.42732E-2 2.58366E-2 2.4955E-2 1.18495E-2 9.28938E-3 2.58814E-3 1.63025E-3 1.92176E-3 7.74188E-4 3.44322E-4 7.1805E-4 1.19086E-4 7.80704E-5 1.26107E-4 1.82229E-5 1.3597E-4 2.6922E-4 2.27286E-4 8.10964E-5 2.44197E-4 1.18502E-3 1.40985E-2 3.67768E-2 -9999 -9999
0E0 0E0 0E0 0E0 0E0 0E0 0E0 0E0 0E0 0E0 2.36685E-1 2.20162E-1 2.67993E-1 0E0 0E0 0E0 0E0 0E0 0E0 0E0 0E0 0E0 0E0 0E0 3.08555E-1 3.02264E-1 3.01303E-1 2.86064E-1 2.88629E-1 3.07671E-1 3.12234E-1 3.16306E-1 2.99567E-1 2.87664E-1 2.98067E-1 2.5514E-1 5.98061E-2 2.30641E-2 2.60605E-2 3.00482E-2 -9999 -9999 -9999 -9999 -9999 -9999 -9999 -9999 -9999 8.34409E-2 2.32369E-2 2.78133E-2 2.96079E-2 3.50483E-2 2.62344E-2 4.18282E-2 3.5613E-2 1.07377E-2 1.2817E-2 8.94545E-3 5.85462E-3 3.22599E-3 2.8359E-3 5.4669E-4 8.05299E-5 1.94854E-5 3.21809E-5 4.41694E-5 1.46768E-4 4.32009E-4 1.81775E-4 7.89396E-5 3.75876E-4 6.98407E-4 6.11155E-3 2.40222E-2 -9999 -9999
0E0 0E0 0E0 0E0 0E0 0E0 0E0 0E0 0E0 0E0 2.58373E-1 2.05623E-1 2.53876E-1 2.74392E-1 0E0 0E0 0E0 0E0 0E0 0E0 0E0 0E0 0E0 0E0 0E0 2.99488E-1 0E0 3.04117E-1 3.01062E-1 3.02761E-1 3.00213E-1 3.02402E-1 3.16134E-1 2.90408E-1 2.20258E-1 9.12894E-2 1.82326E-2 2.64291E-2 3.20687E-2 4.08073E-2 -9999 -9999 -9999 -9999 -9999 -9999 -9999 -9999 -9999 -9999 2.2812E-2 2.24268E-2 2.7436E-2 2.07092E-2 4.74433E-2 2.72211E-2 2.84539E-2 2.4033E-2 2.30164E-2 2.03737E-2 8.7772E-3 9.93799E-3 2.2053E-3 2.44624E-4 3.53342E-5 3.0975E-5 1.07365E-4 2.72103E-4 2.56662E-4 8.2968E-4 7.00777E-4 1.44742E-4 5.19948E-4 5.24967E-4 1.68422E-3 1.59038E-2 2.98098E-2 -9999
0E0 0E0 0E0 0E0 0E0 0E0 0E0 0E0 0E0 0E0 2.81242E-1 2.24319E-1 2.41171E-1 2.61217E-1 2.89517E-1 0E0 0E0 0E0 0E0 2.95479E-1 2.96043E-1 2.9201E-1 0E0 0E0 0E0 0E0 0E0 3.0428E-1 3.03831E-1 3.03487E-1 2.99183E-1 2.93977E-1 2.33553E-1 1.67632E-1 1.21142E-1 4.08989E-2 1.37289E-2 1.72998E-2 3.06731E-2 4.47736E-2 4.84434E-2 -9999 -9999 -9999 -9999 -9999 -9999 -9999 -9999 -9999 -9999 -9999 3.21709E-2 3.80205E-2 3.56928E-2 3.22315E-2 2.79146E-2 1.81949E-2 8.55696E-3 9.93046E-3 4.14748E-3 1.42659E-3 1.22839E-3 3.95386E-4 4.02914E-5 3.05258E-5 2.84095E-4 7.81645E-4 1.58263E-3 1.24245E-3 8.26938E-4 5.80768E-4 1.21847E-3 1.12392E-3 1.57066E-3 1.84583E-2 3.27906E-2 -9999
0E0 0E0 0E0 0E0 0E0 0E0 0E0 0E0 0E0 0E0 2.9066E-1 2.62614E-1 2.3595E-1 2.39901E-1 2.55888E-1 2.71594E-1 0E0 0E0 0E0 2.93944E-1 2.94915E-1 2.93146E-1 0E0 0E0 2.99748E-1 3.06722E-1 3.06887E-1 3.07275E-1 3.08524E-1 2.82993E-1 2.85426E-1 2.37965E-1 2.13312E-1 1.95466E-1 1.58366E-1 1.27564E-1 1.29613E-2 2.56771E-2 7.88203E-2 8.95968E-2 1.77869E-1 6.72763E-2 8.56879E-2 -9999 -9999 -9999 -9999 -9999 -9999 -9999 -9999 -9999 -9999 2.64367E-2 1.8555E-2 1.20115E-2 3.3324E-2 3.19898E-2 2.42766E-2 2.05437E-2 1.03151E-2 2.37621E-3 1.54775E-3 4.27337E-4 2.26399E-4 7.55745E-5 5.7655E-5 2.88984E-4 1.57154E-3 3.01123E-3 1.82018E-3 1.4207E-3 4.64848E-3 1.97591E-3 3.15352E-3 2.70581E-2 3.61107E-2 -9999
0E0 0E0 0E0 0E0 0E0 0E0 0E0 0E0 0E0 0E0 0E0 2.88355E-1 2.68117E-1 2.57957E-1 2.67947E-1 2.47151E-1 2.7813E-1 0E0 0E0 2.96851E-1 2.95954E-1 0E0 0E0 0E0 2.99716E-1 2.99239E-1 3.02261E-1 2.84411E-1 2.55807E-1 2.33998E-1 2.1418E-1 2.06941E-1 2.2292E-1 1.96776E-1 1.42183E-1 7.89037E-2 2.525E-2 6.34566E-2 2.83858E-1 2.76592E-1 2.96021E-1 8.64163E-2 4.45146E-2 5.27473E-2 -9999 -9999 -9999 -9999 -9999 -9999 -9999 -9999 -9999 -9999 1.36686E-2 4.09375E-3 1.03525E-2 1.7421E-2 1.31806E-2 1.54375E-2 1.85096E-2 1.01613E-2 3.95622E-3 2.30046E-3 1.12355E-3 1.05143E-4 3.63746E-5 3.48948E-4 1.19594E-3 4.55086E-3 9.68922E-3 1.19376E-2 8.06036E-3 1.7862E-3 3.63486E-3 3.01307E-2 3.40814E-2 -9999
0E0 0E0 2.90388E-1 0E0 0E0 0E0 0E0 2.95853E-1 0E0 0E0 0E0 0E0 2.9364E-1 2.85887E-1 2.58573E-1 2.5734E-1 2.74686E-1 2.89529E-1 2.94495E-1 0E0 0E0 0E0 0E0 0E0 0E0 2.99316E-1 3.03184E-1 2.78921E-1 2.41326E-1 1.95604E-1 1.23281E-1 1.4975E-1 1.66484E-1 1.69797E-1 1.25086E-1 8.86244E-2 1.31032E-1 2.20037E-1 3.01571E-1 2.83126E-1 1.68897E-1 5.49051E-2 1.01817E-2 2.11674E-2 8.29691E-2 -9999 -9999 -9999 -9999 -9999 -9999 -9999 -9999 -9999 2.1188E-2 4.00474E-3 1.55111E-3 1.2521E-2 6.40531E-3 7.1625E-3 1.03196E-2 7.91394E-3 1.965E-3 1.3049E-3 4.23097E-4 1.48386E-4 1.92965E-5 6.09374E-5 4.88972E-4 9.8408E-4 8.76424E-3 2.37795E-2 1.13601E-2 1.82447E-3 4.85355E-3 2.87149E-2 3.752E-2 -9999
0E0 0E0 0E0 0E0 0E0 0E0 0E0 2.83782E-1 2.5534E-1 2.66136E-1 2.87067E-1 0E0 2.88657E-1 2.58672E-1 2.22972E-1 2.27925E-1 2.84881E-1 0E0 0E0 0E0 0E0 0E0 0E0 0E0 3.03818E-1 3.04544E-1 2.64748E-1 2.31562E-1 2.19263E-1 2.04086E-1 1.63453E-1 1.0596E-1 1.43106E-1 1.03595E-1 6.38863E-2 7.80299E-2 1.74304E-1 1.99139E-1 2.28847E-1 6.41869E-2 3.21148E-3 5.03762E-3 8.61677E-3 8.26119E-3 2.021E-2 2.65915E-2 -9999 -9999 -9999 -9999 -9999 -9999 -9999 -9999 -9999 6.33656E-3 1.54984E-3 1.00093E-2 5.64478E-3 6.38473E-3 4.73244E-3 1.16649E-2 1.42704E-3 1.99354E-4 7.84612E-5 2.369E-5 3.72427E-5 3.04706E-4 9.2157E-4 1.02161E-3 1.46163E-3 1.52942E-2 8.595E-3 8.84132E-3 1.93236E-2 3.02683E-2 6.0216E-2 -9999
0E0 0E0 0E0 0E0 0E0 0E0 2.8975E-1 2.69048E-1 2.52176E-1 2.46755E-1 2.56919E-1 2.82117E-1 2.95159E-1 2.54284E-1 2.49446E-1 2.52596E-1 2.79522E-1 0E0 0E0 0E0 0E0 0E0 0E0 2.91456E-1 3.11639E-1 2.73227E-1 2.54169E-1 2.08754E-1 1.80736E-1 1.97051E-1 1.99509E-1 8.51426E-2 7.07088E-2 8.80367E-2 4.09291E-2 4.46582E-2 6.93117E-2 5.84604E-2 1.43078E-1 1.11789E-2 8.53746E-4 3.08975E-3 6.6681E-4 1.42168E-3 3.37915E-3 1.28707E-2 2.45621E-2 -9999 -9999 -9999 -9999 -9999 -9999 -9999 -9999 1.90687E-2 5.79804E-3 6.31616E-3 2.0271E-3 3.51879E-3 1.90685E-3 2.92377E-3 2.06317E-3 1.65142E-4 3.25899E-5 1.49121E-5 5.56075E-5 6.70542E-4 2.01718E-3 3.57086E-3 4.16444E-3 1.78451E-2 1.86785E-2 1.29708E-2 3.62933E-2 5.48632E-2 -9999 -9999
0E0 0E0 0E0 0E0 0E0 0E0 0E0 2.82381E-1 2.67278E-1 2.55739E-1 2.46575E-1 2.65609E-1 0E0 2.89019E-1 2.86115E-1 2.68572E-1 2.80875E-1 0E0 0E0 0E0 0E0 0E0 0E0 0E0 3.04141E-1 2.92456E-1 2.54635E-1 2.11541E-1 1.71151E-1 1.59772E-1 1.21375E-1 1.3517E-2 1.60728E-2 5.23541E-2 7.0866E-3 6.53706E-3 1.17033E-2 2.90916E-2 5.29883E-2 1.49972E-3 3.43572E-4 4.40507E-4 7.90457E-5 1.87067E-4 8.64735E-4 1.60914E-3 6.4834E-3 1.96199E-2 2.59941E-2 -9999 -9999 -9999 -9999 -9999 -9999 4.16975E-2 1.77151E-2 1.54161E-2 4.3341E-3 1.32069E-2 3.68224E-3 9.81212E-4 2.85664E-4 4.47437E-5 5.38965E-5 2.48605E-5 7.97429E-5 1.26719E-3 6.09917E-3 1.04522E-2 1.62765E-2 1.77316E-2 2.06779E-2 3.29512E-2 3.44641E-2 -9999 -9999 -9999
0E0 0E0 0E0 0E0 0E0 0E0 2.82393E-1 2.58903E-1 2.6648E-1 2.54586E-1 2.50029E-1 2.48716E-1 2.8238E-1 2.94575E-1 2.91299E-1 2.89826E-1 2.96069E-1 0E0 0E0 0E0 3.00314E-1 2.98423E-1 2.99476E-1 3.01913E-1 2.98075E-1 2.66505E-1 2.16735E-1 1.60664E-1 1.68502E-1 1.45034E-1 5.44447E-3 3.44126E-2 1.11441E-2 9.48188E-4 3.79645E-4 3.80455E-4 4.90521E-4 1.53465E-3 4.25526E-3 1.08837E-3 1.7611E-4 4.99469E-5 1.70427E-5 6.37442E-5 1.42214E-4 4.57619E-4 3.89539E-3 1.6377E-2 3.08419E-2 1.59952E-2 -9999 4.48437E-2 -9999 -9999 -9999 -9999 -9999 -9999 8.49923E-3 1.83769E-2 4.35178E-3 4.81171E-4 5.73839E-5 2.74633E-5 1.63661E-4 5.32198E-5 1.02946E-3 5.95033E-3 9.5886E-3 2.87066E-2 3.93749E-2 1.75599E-2 2.48627E-2 3.06109E-2 -9999 -9999 -9999 -9999
0E0 0E0 0E0 0E0 0E0 2.87186E-1 2.64389E-1 2.72961E-1 2.72328E-1 2.66821E-1 2.7676E-1 2.41805E-1 2.74835E-1 2.87305E-1 0E0 0E0 0E0 0E0 0E0 0E0 0E0 2.85956E-1 3.00101E-1 3.02299E-1 2.96037E-1 2.84718E-1 1.92588E-1 1.3686E-1 1.47056E-1 1.30856E-1 9.53669E-2 1.15621E-1 5.14824E-3 8.98187E-4 1.48531E-3 7.0425E-4 3.9325E-4 1.61084E-3 2.40796E-3 5.30414E-4 4.33046E-5 1.13346E-5 1.21439E-5 4.08844E-5 7.95734E-5 3.67923E-4 2.39291E-3 1.35165E-2 2.33106E-2 4.11797E-2 2.85378E-2 1.04388E-1 -9999 -9999 -9999 -9999 -9999 -9999 5.77021E-3 7.91447E-3 1.22963E-3 3.56108E-4 1.11744E-4 2.94986E-5 2.04425E-4 6.83049E-4 1.6334E-3 4.40088E-3 4.94233E-3 9.44807E-3 2.59748E-2 2.93055E-2 -9999 -9999 -9999 -9999 -9999 -9999
0E0 0E0 0E0 0E0 0E0 2.82267E-1 2.51797E-1 2.74829E-1 2.73732E-1 2.75388E-1 2.56597E-1 2.09189E-1 2.32417E-1 2.74719E-1 0E0 0E0 0E0 0E0 0E0 0E0 0E0 0E0 2.98923E-1 3.01704E-1 2.77724E-1 2.7843E-1 2.55504E-1 2.05064E-1 1.57876E-1 1.44015E-1 1.12567E-1 9.45935E-2 1.20853E-2 6.22523E-3 2.9694E-3 6.73956E-4 1.90449E-3 6.04855E-4 5.95651E-4 8.23757E-5 1.66461E-5 1.12066E-5 1.08015E-5 4.82429E-5 5.66362E-4 2.27397E-4 2.68884E-3 1.14969E-2 1.39413E-2 2.84168E-2 5.28711E-2 4.67193E-2 -9999 -9999 -9999 -9999 -9999 -9999 -9999 9.20686E-3 2.72621E-3 2.10266E-4 6.01979E-5 2.11876E-5 1.12989E-4 4.80865E-4 1.03966E-3 4.95824E-4 1.71E-3 9.41928E-3 3.60953E-2 7.16202E-2 -9999 -9999 -9999 -9999 -9999 -9999
0E0 0E0 0E0 0E0 0E0 0E0 0E0 0E0 2.67672E-1 2.54229E-1 2.48483E-1 1.96471E-1 2.61588E-1 2.76513E-1 2.96265E-1 0E0 0E0 0E0 0E0 0E0 0E0 3.0466E-1 2.99608E-1 2.98845E-1 2.85785E-1 2.26353E-1 2.33867E-1 2.30039E-1 2.10396E-1 1.64633E-1 1.28523E-1 1.12065E-1 1.32391E-1 1.09796E-1 4.99665E-2 8.71005E-3 3.70577E-3 2.62133E-4 2.70425E-5 2.27249E-5 7.41579E-6 9.70551E-6 2.29462E-5 3.45842E-5 4.51575E-4 1.54002E-3 6.32515E-3 3.77337E-3 3.5571E-3 1.9845E-2 2.59539E-2 3.08677E-2 -9999 -9999 -9999 -9999 -9999 -9999 -9999 2.07103E-2 4.68328E-3 6.15589E-4 1.28747E-4 3.18855E-5 1.21938E-5 1.12805E-4 2.58531E-4 5.30275E-4 5.00603E-3 1.8672E-2 4.28968E-2 2.88524E-2 -9999 -9999 -9999 -9999 -9999 -9999
0E0 0E0 0E0 0E0 0E0 0E0 0E0 2.90773E-1 2.71801E-1 2.52947E-1 2.34033E-1 2.32134E-1 2.6588E-1 2.93039E-1 0E0 0E0 0E0 0E0 0E0 0E0 0E0 2.99271E-1 3.01975E-1 2.98365E-1 2.8769E-1 2.66658E-1 2.46493E-1 2.29602E-1 2.05565E-1 2.34444E-1 2.19254E-1 2.41432E-1 1.7478E-1 1.34348E-1 8.29591E-2 4.22812E-2 3.12137E-3 8.85351E-4 1.03921E-4 4.77641E-5 9.7945E-6 1.78554E-5 5.33293E-5 1.91624E-4 4.56347E-4 1.43367E-3 1.18301E-3 3.54046E-4 9.61816E-4 4.83418E-3 2.82706E-2 3.33436E-2 5.00485E-2 -9999 -9999 -9999 -9999 -9999 -9999 -9999 4.76349E-3 3.4444E-4 1.27891E-4 4.26443E-5 2.16579E-5 1.44611E-4 6.22512E-4 1.68843E-3 3.53578E-3 9.549E-3 4.03356E-2 -9999 -9999 -9999 -9999 -9999 -9999 -9999
0E0 0E0 0E0 0E0 0E0 0E0 0E0 0E0 2.80733E-1 2.37502E-1 2.58008E-1 2.71151E-1 2.766E-1 0E0 0E0 0E0 0E0 0E0 0E0 0E0 0E0 3.00214E-1 3.04258E-1 2.9312E-1 2.94599E-1 2.88609E-1 2.54959E-1 1.99703E-1 1.696E-1 2.12973E-1 1.73026E-1 1.74851E-1 1.68113E-1 1.86606E-2 1.32064E-2 2.15341E-3 6.31379E-4 8.84129E-4 1.15274E-4 4.42735E-5 1.8263E-5 1.42856E-5 2.68397E-5 6.52425E-5 1.97694E-4 1.53099E-3 5.55278E-4 1.26647E-4 4.11913E-4 1.48752E-2 5.84131E-2 3.21676E-2 2.34072E-2 -9999 -9999 -9999 -9999 -9999 -9999 -9999 1.49828E-3 3.99887E-4 8.46022E-5 6.70176E-5 1.16815E-4 7.91633E-4 2.08441E-3 6.11338E-3 2.71511E-3 3.24698E-2 3.98289E-2 -9999 -9999 -9999 -9999 -9999 -9999 -9999
0E0 0E0 0E0 0E0 0E0 0E0 0E0 0E0 0E0 2.885E-1 2.83324E-1 0E0 0E0 0E0 0E0 0E0 0E0 0E0 0E0 0E0 0E0 0E0 2.88798E-1 2.99095E-1 2.97326E-1 2.71509E-1 2.48204E-1 1.66339E-1 1.31242E-1 6.21578E-2 5.05126E-2 5.11768E-2 9.44848E-2 9.74171E-3 2.51725E-4 1.47882E-4 2.01701E-4 3.08919E-4 3.45627E-4 1.09773E-4 4.42155E-5 2.1153E-5 1.91384E-5 6.77703E-5 2.31408E-4 1.01143E-3 1.33447E-4 1.39396E-4 3.54828E-4 3.4772E-3 8.11905E-3 7.39224E-3 1.72875E-2 9.59785E-3 -9999 -9999 -9999 -9999 -9999 -9999 -9999 3.2677E-4 6.3348E-5 1.24006E-4 7.83012E-4 1.62194E-3 4.23913E-3 1.12146E-2 1.4542E-2 5.14344E-2 -9999 -9999 -9999 -9999 -9999 -9999 -9999 -9999
0E0 0E0 0E0 0E0 0E0 0E0 0E0 0E0 0E0 0E0 0E0 0E0 0E0 0E0 0E0 2.9492E-1 2.83703E-1 0E0 2.95388E-1 3.01405E-1 0E0 0E0 3.02423E-1 2.86788E-1 2.81259E-1 2.87598E-1 2.35156E-1 2.09486E-1 6.23866E-2 1.21806E-2 6.32896E-3 2.83616E-3 1.73278E-3 5.06185E-4 7.40754E-5 2.57182E-5 3.63581E-5 7.21659E-5 1.37007E-4 2.11834E-4 6.07544E-5 1.91152E-5 1.97744E-5 4.90933E-5 2.0065E-4 7.99146E-4 4.11481E-5 5.76965E-5 2.82496E-5 1.67903E-4 1.08978E-3 9.81261E-4 1.08643E-2 1.22614E-2 2.2697E-2 -9999 -9999 -9999 -9999 -9999 -9999 4.86288E-4 1.45712E-4 3.58775E-4 5.05251E-4 4.54492E-4 4.93142E-3 1.78801E-2 -9999 -9999 -9999 -9999 -9999 -9999 -9999 -9999 -9999 -9999
0E0 0E0 0E0 0E0 0E0 0E0 0E0 0E0 0E0 0E0 0E0 0E0 0E0 0E0 0E0 3.01724E-1 2.88601E-1 2.96228E-1 2.95469E-1 2.99377E-1 0E0 3.00318E-1 3.03749E-1 2.47797E-1 2.71659E-1 2.55825E-1 2.65322E-1 2.16201E-1 1.08583E-1 8.04698E-2 6.88121E-2 2.76756E-2 1.06414E-3 2.74563E-4 2.30043E-4 1.02331E-4 5.89422E-5 2.44336E-5 1.14053E-4 3.47547E-5 5.40077E-5 3.25935E-5 1.58157E-5 3.4085E-5 3.60069E-4 3.31084E-4 2.01819E-5 4.82156E-5 2.10186E-5 1.39611E-5 4.05102E-5 1.0221E-4 3.62455E-3 2.04684E-2 2.29764E-2 7.46698E-2 -9999 -9999 -9999 -9999 -9999 5.89156E-4 1.66795E-4 4.91872E-4 2.13698E-4 5.62129E-4 4.13919E-3 1.85041E-2 -9999 -9999 -9999 -9999 -9999 -9999 -9999 -9999 -9999 -9999
0E0 0E0 0E0 0E0 0E0 0E0 0E0 0E0 0E0 0E0 0E0 0E0 0E0 0E0 2.84923E-1 2.67759E-1 2.5337E-1 2.47425E-1 2.60392E-1 2.89886E-1 2.97356E-1 3.05265E-1 2.6833E-1 1.89072E-1 2.35531E-1 1.8499E-1 2.45732E-1 2.18361E-1 1.90279E-1 2.00405E-1 1.42685E-1 1.03424E-1 1.2414E-2 1.71608E-3 3.78279E-4 1.10205E-4 7.50417E-5 3.1614E-5 1.33776E-5 2.38714E-5 2.34776E-5 2.60982E-5 2.38358E-5 7.49271E-5 4.3068E-4 2.25457E-4 1.21837E-5 1.40636E-5 1.25814E-5 1.13712E-5 1.00863E-4 5.48865E-4 9.42832E-3 3.03778E-2 3.59664E-2 4.3909E-2 -9999 -9999 -9999 -9999 -9999 1.57447E-3 1.19703E-3 1.24958E-3 2.36761E-3 2.77693E-3 1.50975E-2 -9999 -9999 -9999 -9999 -9999 -9999 6.80688E-2 -9999 -9999 -9999 -9999
0E0 0E0 0E0 0E0 0E0 0E0 0E0 0E0 0E0 0E0 0E0 0E0 0E0 0E0 2.6224E-1 2.49008E-1 2.65609E-1 2.70898E-1 2.80496E-1 2.95728E-1 2.99495E-1 2.92232E-1 2.78314E-1 2.08755E-1 1.79444E-1 1.24521E-1 1.66986E-1 1.75433E-1 1.68756E-1 7.60311E-2 1.48754E-2 6.42053E-3 6.86653E-3 1.70762E-3 5.4306E-4 5.92978E-4 2.96622E-4 5.10843E-5 2.3588E-5 1.91625E-5 1.95057E-5 2.0887E-5 1.7801E-5 2.39597E-5 5.98546E-5 1.26008E-4 1.8747E-5 1.26587E-5 2.26348E-5 1.16781E-5 2.44622E-5 4.55418E-4 4.19491E-3 4.6609E-2 4.56528E-2 7.83305E-2 1.23941E-1 -9999 -9999 -9999 -9999 9.06238E-3 1.14339E-2 1.63634E-2 1.04657E-2 -9999 -9999 -9999 -9999 -9999 -9999 -9999 3.89555E-2 4.93594E-2 -9999 -9999 -9999 -9999
0E0 0E0 0E0 0E0 0E0 0E0 0E0 0E0 0E0 0E0 0E0 0E0 0E0 0E0 2.89227E-1 3.02666E-1 0E0 0E0 0E0 2.86923E-1 2.89459E-1 2.80186E-1 2.29802E-1 2.57538E-1 2.43991E-1 1.51609E-1 1.00943E-1 7.08301E-2 4.5416E-2 4.01162E-2 6.22364E-3 3.28659E-4 1.43351E-3 2.83325E-3 1.35776E-3 7.02467E-4 5.3359E-4 1.54715E-4 6.39576E-5 2.59188E-5 2.49868E-5 3.53678E-5 1.81704E-5 2.3717E-5 1.11791E-5 2.80141E-5 1.77611E-5 2.16271E-5 5.177E-5 1.48911E-5 2.68521E-5 3.11079E-4 4.11437E-3 3.1947E-2 4.82027E-2 7.1826E-2 8.56342E-2 -9999 -9999 -9999 -9999 1.90142E-2 -9999 -9999 -9999 -9999 -9999 -9999 -9999 -9999 4.53178E-2 5.21462E-2 2.93219E-2 3.96648E-2 -9999 -9999 -9999 1.02953E-2
0E0 0E0 0E0 0E0 0E0 0E0 0E0 0E0 0E0 0E0 0E0 0E0 0E0 0E0 0E0 0E0 0E0 0E0 3.05091E-1 3.01864E-1 2.52468E-1 2.36361E-1 1.18514E-1 1.6929E-1 2.44665E-1 1.90579E-1 1.16791E-1 1.02514E-1 5.67804E-2 1.47069E-2 5.95491E-3 5.33927E-4 1.91755E-4 7.34327E-4 2.05505E-4 2.22327E-4 1.14973E-4 7.54163E-5 6.71688E-5 3.08881E-5 2.18337E-5 4.68877E-5 3.37615E-5 2.20824E-5 1.80322E-5 1.81776E-5 2.64882E-5 8.89138E-5 2.93361E-5 1.28404E-5 1.20534E-5 8.67447E-5 1.28342E-3 6.61511E-3 4.04549E-2 8.79043E-2 -9999 -9999 -9999 -9999 -9999 -9999 -9999 -9999 -9999 -9999 -9999 -9999 -9999 -9999 5.34822E-2 3.19308E-2 3.6542E-2 3.76844E-2 -9999 -9999 -9999 5.31243E-3
