ENM/Final_Models/M_1_F_qp_Set_1_NE/Gustavia_santanderiensis_6_Choco.asc
ncols         367
nrows         963
xllcorner     -78.6
yllcorner     0.65
cellsize      0.00833333333333323
NODATA_value  -9999
[rows 782 to 815 of 963, columns 156 to 233 of 367]
6.69121E-7 3.647E-7 1.90542E-7 5.13375E-7 6.60344E-7 2.80814E-7 1.28739E-7 1.04447E-7 2.42804E-7 2.25886E-7 1.17825E-7 1.26952E-7 1.14832E-7 9.92595E-8 1.80782E-7 8.96452E-7 5.91118E-7 3.46463E-7 1.85422E-6 2.42823E-5 8.15703E-5 1.28581E-4 6.55462E-4 1.16794E-3 -9999 -9999 -9999 -9999 -9999 -9999 -9999 -9999 -9999 -9999 -9999 -9999 -9999 -9999 -9999 -9999 -9999 1.27508E-3 7.88981E-4 6.48053E-4 1.07256E-3 6.79078E-4 8.65693E-4 1.7273E-3 1.18775E-3 7.16415E-4 5.5593E-4 3.96861E-4 3.48797E-4 4.55636E-4 2.59293E-4 2.18816E-4 1.95851E-4 1.493E-4 1.7007E-4 1.39634E-4 5.11302E-5 5.50046E-5 3.83759E-5 3.05961E-5 1.17864E-5 7.04087E-6 2.12224E-6 6.04229E-7 3.43222E-7 1.44154E-6 8.15027E-7 1.69834E-6 2.28187E-6 2.24699E-6 1.31433E-6 8.51996E-7 8.56819E-7 7.67629E-7
2.48748E-7 1.51293E-7 1.83713E-7 1.67975E-7 1.29977E-7 2.10788E-7 1.71221E-7 8.34267E-8 1.79252E-7 1.08543E-7 7.52047E-8 8.80628E-8 8.00098E-8 1.97893E-7 5.31122E-7 1.55497E-6 1.4886E-6 2.12024E-6 7.62603E-6 6.96735E-5 2.64761E-4 6.31526E-4 -9999 -9999 3.0935E-4 -9999 -9999 -9999 -9999 -9999 -9999 -9999 -9999 -9999 -9999 -9999 -9999 -9999 -9999 -9999 1.81837E-3 1.30025E-3 1.1801E-3 5.71505E-4 1.28244E-3 1.58151E-3 1.9462E-3 1.62837E-3 8.33291E-4 2.2647E-4 1.57469E-4 1.59568E-4 2.30756E-4 4.47254E-4 1.17115E-4 5.5132E-5 1.52173E-4 1.77107E-4 1.07338E-4 5.65689E-5 5.76336E-5 6.24906E-5 1.63294E-5 6.21842E-6 5.18419E-6 4.74749E-6 3.68998E-6 7.90474E-7 2.55358E-7 9.69281E-7 1.1097E-6 1.17062E-6 1.18106E-6 1.35938E-6 1.35991E-6 4.5761E-7 8.45343E-7 7.62709E-7
8.00159E-8 6.36294E-8 5.91171E-8 8.81268E-8 9.83226E-8 1.51404E-7 8.88638E-8 8.61117E-8 2.50782E-7 1.77514E-7 6.00954E-8 9.41217E-8 2.51548E-7 6.56022E-7 1.15806E-6 1.08121E-5 3.21253E-6 2.20698E-5 6.85322E-5 2.19435E-4 5.59785E-4 -9999 -9999 -9999 7.84651E-4 -9999 -9999 -9999 -9999 -9999 -9999 -9999 -9999 -9999 -9999 -9999 -9999 -9999 -9999 1.20857E-3 1.0085E-3 6.84358E-4 8.32277E-4 6.26531E-4 1.93519E-3 2.32926E-3 1.64004E-3 6.62796E-4 1.99252E-4 3.36637E-5 2.11014E-4 1.33989E-4 1.31973E-4 1.17071E-4 3.05169E-4 5.35496E-5 3.80482E-5 1.55566E-5 2.74781E-5 2.43331E-5 1.43811E-5 1.26029E-5 1.87005E-5 7.83289E-6 3.60814E-6 8.54789E-7 4.57665E-7 1.12785E-6 9.42703E-7 8.98141E-7 1.043E-6 7.17617E-7 1.60124E-6 8.50896E-7 5.13861E-7 7.37943E-7 5.34161E-7 5.50521E-7
5.26094E-8 1.0491E-7 1.14548E-7 1.07329E-7 7.20146E-8 1.03931E-7 7.75786E-8 1.80944E-7 2.63007E-7 1.60477E-7 1.14181E-7 2.48901E-7 8.41478E-7 2.13863E-6 6.97678E-6 3.29127E-5 1.29539E-6 9.57889E-6 7.58969E-5 4.3351E-4 4.44528E-4 -9999 -9999 -9999 1.59556E-3 -9999 -9999 -9999 -9999 -9999 -9999 -9999 -9999 -9999 -9999 -9999 -9999 -9999 5.62361E-4 6.1967E-4 7.9268E-4 5.869E-4 5.80381E-4 1.20822E-3 2.51264E-3 2.0259E-3 8.4039E-4 6.85456E-4 7.32777E-5 1.58774E-5 1.36721E-4 1.25518E-4 3.66772E-5 4.35603E-5 2.63266E-4 8.81598E-5 2.01909E-5 1.11246E-5 1.83122E-5 8.24278E-6 2.1226E-6 2.15645E-6 2.68713E-5 1.03119E-5 2.19429E-6 1.32789E-6 1.54558E-6 5.91518E-7 6.27543E-7 8.74243E-7 9.8139E-7 6.59654E-7 8.87243E-7 1.89147E-6 1.04582E-6 7.38008E-7 4.01357E-7 7.29832E-7
1.21013E-7 1.4533E-7 1.64757E-7 2.78613E-7 7.34504E-8 6.74577E-8 8.41653E-8 2.51921E-7 4.58926E-7 1.39893E-7 1.65593E-7 2.26838E-7 1.47846E-6 3.92094E-6 1.0137E-5 2.89188E-5 1.59049E-6 1.51932E-6 3.37789E-5 1.0746E-4 -9999 -9999 -9999 -9999 -9999 -9999 -9999 -9999 -9999 -9999 -9999 -9999 -9999 -9999 -9999 -9999 -9999 -9999 -9999 7.40979E-4 7.35405E-4 6.1833E-4 9.51636E-4 2.2813E-3 2.27542E-3 8.5946E-4 4.09165E-4 1.63234E-4 5.37262E-5 1.21003E-5 5.86871E-5 5.77774E-5 2.38866E-5 3.35318E-5 2.1104E-4 1.87031E-4 2.94067E-5 1.57057E-5 3.54456E-6 2.7553E-6 1.44391E-6 3.39157E-6 7.34126E-6 1.08074E-5 7.8167E-7 5.9049E-7 1.28083E-6 1.04448E-6 1.23008E-6 7.34219E-7 9.93471E-7 9.99691E-7 8.79951E-7 1.01263E-6 1.43088E-6 1.33583E-6 8.85714E-7 8.34109E-7
1.21832E-7 4.57585E-8 1.4418E-7 9.54875E-7 4.27377E-7 9.14658E-8 1.28649E-7 4.49643E-7 1.16582E-6 1.32014E-7 1.20484E-7 2.86623E-7 1.35146E-6 3.5794E-6 1.4231E-5 2.39367E-5 2.18679E-5 1.5489E-6 5.57525E-6 6.14607E-5 -9999 -9999 -9999 -9999 -9999 -9999 -9999 -9999 -9999 -9999 -9999 -9999 -9999 -9999 -9999 -9999 -9999 -9999 -9999 1.2436E-3 9.74181E-4 2.25674E-3 2.11018E-3 3.9128E-3 2.93334E-3 1.24379E-3 4.99657E-4 8.5596E-5 1.4321E-5 6.95799E-6 3.51161E-5 4.87444E-5 4.68966E-5 5.33512E-5 2.69197E-4 2.15014E-4 3.49475E-5 9.72498E-6 7.84885E-7 1.69723E-6 5.4248E-7 2.18197E-6 5.20323E-6 1.33684E-6 5.34886E-7 6.98492E-7 4.26436E-7 1.55835E-6 1.40639E-6 8.02904E-7 8.78412E-7 1.55698E-6 8.9536E-7 5.61697E-7 4.64039E-7 7.01124E-7 1.09351E-6 9.71709E-7
5.64065E-8 4.76816E-8 1.52764E-7 5.5727E-7 2.65204E-7 1.61679E-7 2.65624E-7 7.00303E-7 3.07599E-6 3.81009E-7 4.35317E-8 8.60099E-8 9.26271E-7 4.53885E-6 2.40429E-5 7.89319E-5 2.47574E-5 1.58177E-5 2.29321E-6 4.75742E-5 2.24369E-4 -9999 -9999 -9999 -9999 -9999 -9999 -9999 -9999 -9999 -9999 -9999 -9999 -9999 -9999 -9999 -9999 1.26785E-3 2.44257E-3 1.56788E-3 1.29577E-3 3.43932E-3 4.20338E-3 2.43449E-3 1.12109E-3 1.04538E-3 3.34351E-4 9.55276E-5 3.45074E-6 1.8296E-6 3.72363E-6 1.39023E-5 5.17789E-5 9.54272E-5 1.15032E-4 1.90813E-4 6.4613E-5 5.27823E-6 4.78263E-6 1.73172E-6 1.09338E-6 1.63893E-6 1.97477E-6 2.89595E-6 7.1588E-7 1.09758E-6 1.48753E-6 1.35753E-6 8.46871E-7 7.23136E-7 1.15713E-6 5.1004E-7 6.65302E-7 6.49305E-7 6.84902E-7 1.06367E-6 1.08384E-6 5.28013E-7
6.27346E-8 8.20099E-8 1.06979E-7 1.90141E-7 9.38134E-8 4.94006E-8 1.44336E-7 4.6442E-7 3.57772E-6 5.396E-7 1.15436E-7 1.7527E-7 5.10326E-7 1.24552E-5 9.59558E-5 1.80921E-4 1.03746E-4 3.00703E-5 1.47602E-5 8.20146E-5 3.75365E-4 9.59281E-4 -9999 -9999 -9999 -9999 -9999 -9999 -9999 -9999 -9999 -9999 -9999 -9999 -9999 -9999 9.48613E-4 1.39862E-3 3.05959E-3 1.51696E-3 2.69259E-3 2.97895E-3 1.37835E-3 7.41732E-4 8.05578E-4 7.35375E-4 4.9619E-5 4.5724E-5 1.20146E-5 4.98509E-6 1.47228E-6 1.52096E-5 2.20968E-5 4.43132E-5 1.91471E-5 4.31357E-5 6.06731E-5 1.44056E-5 6.56836E-6 2.05573E-6 1.13747E-6 8.97446E-7 9.78002E-7 1.25312E-6 1.18411E-6 1.45464E-6 1.22263E-6 1.6167E-6 1.4098E-6 1.04105E-6 4.6432E-7 9.35341E-7 4.51037E-7 2.30568E-7 2.10966E-7 2.95535E-7 6.3116E-7 1.14338E-6
1.08268E-7 1.66207E-7 5.63928E-8 5.49712E-7 3.06576E-6 6.12587E-7 1.83951E-6 7.81346E-6 1.69827E-6 4.93545E-7 1.6044E-7 2.11238E-7 2.87546E-6 1.00534E-5 8.98946E-5 4.84627E-4 1.93641E-4 1.5816E-4 1.49187E-4 5.01407E-5 3.39408E-4 -9999 -9999 -9999 -9999 -9999 -9999 -9999 -9999 -9999 -9999 -9999 -9999 -9999 -9999 -9999 1.00961E-3 1.2428E-3 3.34546E-3 3.31907E-3 2.59567E-3 1.05998E-3 2.95344E-4 1.48458E-4 1.91383E-4 2.58322E-4 6.49135E-5 4.50534E-6 4.88266E-6 3.72483E-6 3.47095E-6 7.00978E-6 4.89011E-6 2.17525E-5 9.72598E-6 8.35363E-6 6.1837E-5 1.58994E-5 6.88322E-7 1.55796E-6 9.79276E-7 8.9052E-7 9.22982E-7 1.25195E-6 1.4486E-6 1.74515E-6 1.24159E-6 1.16243E-6 9.47944E-7 5.85632E-7 3.34135E-7 6.01262E-7 7.30328E-7 1.4573E-7 1.98273E-7 3.8547E-7 8.02156E-7 4.16309E-7
9.21334E-8 1.34773E-7 9.02007E-8 2.21503E-7 5.58685E-6 1.07786E-5 1.34172E-5 1.91433E-5 1.02016E-6 1.23884E-7 1.67648E-7 1.1122E-6 6.7401E-6 1.99411E-5 1.17389E-4 -9999 4.43686E-4 7.42267E-4 3.5701E-4 3.43663E-4 3.95608E-4 -9999 -9999 -9999 -9999 -9999 -9999 -9999 -9999 -9999 -9999 -9999 -9999 -9999 -9999 -9999 1.01083E-3 2.30675E-3 4.66796E-3 4.62773E-3 1.32835E-3 3.12373E-4 1.72941E-4 1.48488E-4 8.07713E-5 4.06831E-5 1.57283E-4 8.71339E-6 5.07207E-6 3.13785E-6 3.64863E-6 2.151E-6 4.6615E-6 6.40702E-6 2.69431E-6 5.49719E-6 2.15687E-5 1.25422E-5 5.79898E-7 1.37817E-6 5.53535E-7 6.97904E-7 9.87856E-7 1.08754E-6 9.22061E-7 7.33752E-7 1.16707E-6 9.04063E-7 5.51081E-7 1.143E-6 5.30962E-7 6.78983E-7 8.59376E-7 4.76351E-7 7.11388E-7 4.44825E-7 5.40448E-7 3.6651E-7
4.38384E-8 1.16732E-7 2.20364E-8 4.14803E-8 1.76209E-6 5.09944E-5 2.45552E-5 3.59426E-6 2.67896E-7 1.85125E-7 4.82099E-7 5.3207E-6 2.06974E-5 4.57345E-5 8.48169E-5 -9999 -9999 -9999 1.62258E-3 1.13193E-3 5.90976E-3 -9999 -9999 -9999 -9999 -9999 -9999 -9999 -9999 -9999 -9999 -9999 -9999 -9999 -9999 -9999 -9999 -9999 -9999 2.33204E-3 3.71548E-4 4.10748E-4 3.64177E-4 1.01238E-4 2.05603E-5 4.57859E-6 2.26031E-5 1.10685E-5 3.98428E-6 7.77911E-7 5.78444E-7 4.45376E-7 1.94239E-6 3.42831E-6 8.1124E-7 7.4771E-7 4.88811E-6 2.27571E-5 2.4509E-6 1.09933E-6 5.23443E-7 6.24776E-7 6.96687E-7 9.67851E-7 9.65318E-7 4.84507E-7 5.07227E-7 5.22181E-7 6.57753E-7 8.06853E-7 6.97756E-7 4.01559E-7 7.1944E-7 2.85341E-7 9.25788E-7 4.63169E-7 3.53428E-7 3.50437E-7
5.12608E-8 1.11103E-7 1.22179E-7 4.05431E-7 3.04765E-6 7.43092E-5 1.42619E-5 3.91298E-7 1.3747E-7 2.62467E-7 1.53568E-6 8.8029E-6 4.74921E-5 1.73365E-4 3.91166E-4 6.78361E-4 -9999 -9999 -9999 -9999 -9999 -9999 -9999 -9999 -9999 -9999 -9999 -9999 -9999 -9999 -9999 -9999 -9999 -9999 -9999 -9999 -9999 4.69356E-3 1.21251E-3 4.70349E-4 9.43023E-4 5.468E-4 1.49747E-4 3.56887E-5 1.91121E-5 3.89353E-6 8.79448E-6 1.2939E-5 2.07732E-6 2.69506E-7 4.50843E-7 2.63887E-7 8.24386E-7 5.47216E-7 6.7253E-7 1.21576E-6 5.74943E-6 3.4409E-6 5.99488E-6 9.13917E-7 4.84992E-7 3.91823E-7 4.66431E-7 4.95171E-7 5.117E-7 5.89619E-7 7.24395E-7 1.18202E-6 5.2329E-7 4.34016E-7 5.38966E-7 6.28665E-7 6.40772E-7 2.79522E-7 6.59976E-7 2.81061E-7 2.26625E-7 2.43617E-7
3.78818E-8 1.11178E-7 3.25587E-6 2.29138E-6 6.33727E-5 4.814E-5 7.30411E-6 4.94675E-7 6.56704E-8 1.02483E-6 6.71678E-6 3.13537E-5 1.1541E-4 2.97489E-4 2.5198E-4 6.73091E-4 -9999 -9999 -9999 -9999 -9999 -9999 -9999 -9999 -9999 -9999 -9999 -9999 -9999 -9999 -9999 -9999 -9999 -9999 -9999 -9999 3.90426E-3 2.67423E-3 -9999 1.12308E-3 9.28112E-4 1.95061E-4 1.42121E-4 9.07857E-5 2.48262E-5 1.11469E-5 3.8674E-6 1.20484E-6 1.50787E-6 8.89214E-7 9.86527E-7 8.67161E-7 1.25026E-6 7.63301E-7 3.26178E-7 6.77202E-7 1.98249E-6 1.61127E-6 6.90121E-6 7.0846E-7 5.13127E-7 5.27027E-7 5.16107E-7 3.44165E-7 4.20465E-7 4.11651E-7 5.26939E-7 8.3975E-7 9.85819E-7 4.35766E-7 4.61942E-7 5.61916E-7 6.92507E-7 3.6162E-7 2.89573E-7 4.88776E-7 1.91313E-7 1.74677E-7
1.56537E-7 1.8422E-7 7.96449E-6 6.16325E-5 1.3617E-4 2.19201E-5 4.26828E-6 4.9708E-8 1.19907E-7 1.08039E-6 1.42199E-5 6.49635E-5 4.11165E-4 4.37633E-4 1.08184E-3 -9999 -9999 -9999 -9999 -9999 -9999 -9999 -9999 -9999 -9999 -9999 -9999 -9999 -9999 -9999 -9999 -9999 -9999 -9999 -9999 3.03906E-3 3.40824E-3 -9999 -9999 2.32106E-3 1.77754E-3 5.0592E-4 2.47687E-4 4.98256E-5 1.10766E-4 7.4539E-5 8.8849E-6 1.04831E-6 2.5255E-6 7.31796E-7 7.97423E-7 1.22502E-6 1.07976E-6 1.23084E-6 8.5066E-7 8.39456E-7 7.18206E-7 5.88158E-7 8.2662E-7 1.35595E-6 5.15701E-7 3.29949E-7 3.76757E-7 6.19433E-7 5.4057E-7 4.10884E-7 4.32482E-7 3.81538E-7 3.29048E-7 5.2133E-7 3.79862E-7 5.83214E-7 4.9298E-7 3.81801E-7 2.70267E-7 4.69944E-7 2.188E-7 1.94411E-7
2.14846E-8 4.06307E-7 1.43226E-6 6.84227E-5 1.58813E-4 -9999 -9999 5.5356E-7 4.7496E-7 5.92399E-6 1.8006E-5 7.01192E-5 3.09271E-4 8.78739E-4 -9999 -9999 -9999 -9999 -9999 -9999 -9999 -9999 -9999 -9999 -9999 -9999 -9999 -9999 -9999 -9999 -9999 -9999 -9999 -9999 -9999 -9999 -9999 -9999 -9999 8.28854E-4 8.33697E-4 1.34113E-3 8.79368E-4 5.38856E-4 2.12097E-4 2.24018E-4 3.4221E-5 1.41487E-5 6.85496E-6 1.15825E-6 1.02289E-6 6.61637E-7 5.76668E-7 9.67983E-7 8.22742E-7 1.18752E-6 1.01217E-6 8.93052E-7 5.1128E-7 6.40951E-7 7.03633E-7 2.92331E-7 3.12785E-7 3.40816E-7 8.20769E-7 3.83301E-7 3.20487E-7 4.15004E-7 4.61234E-7 6.98829E-7 4.66736E-7 3.74911E-7 4.02263E-7 4.3763E-7 2.90936E-7 5.40839E-7 1.96768E-7 2.4972E-7
9.64145E-6 2.40167E-6 4.29478E-6 1.3919E-4 1.93804E-4 -9999 -9999 2.68516E-6 4.5314E-6 2.23854E-5 8.37039E-5 2.04609E-4 4.79933E-4 3.93297E-4 1.89206E-3 -9999 -9999 -9999 -9999 -9999 -9999 -9999 -9999 -9999 -9999 -9999 -9999 -9999 -9999 -9999 -9999 -9999 -9999 -9999 -9999 -9999 -9999 -9999 -9999 5.68449E-4 4.24819E-4 8.44744E-4 3.07878E-4 1.38231E-4 9.79821E-5 6.36999E-5 4.52377E-5 2.14118E-5 1.93188E-5 4.99844E-6 1.11614E-6 8.77721E-7 1.02255E-6 7.43846E-7 6.84193E-7 1.67647E-6 1.25623E-6 6.9257E-7 5.80493E-7 4.24039E-7 5.79792E-7 3.79018E-7 3.27944E-7 3.05637E-7 4.91608E-7 5.70537E-7 3.51925E-7 5.86891E-7 6.63755E-7 4.7946E-7 3.06017E-7 4.53668E-7 3.62926E-7 6.06659E-7 3.81759E-7 4.41773E-7 3.24066E-7 2.13082E-7
5.97664E-6 2.85524E-5 1.13948E-4 2.03364E-4 2.42888E-4 -9999 -9999 3.13048E-5 3.44209E-5 7.1461E-5 1.23662E-4 7.10751E-4 7.61622E-4 4.76179E-4 3.20066E-3 -9999 -9999 -9999 -9999 -9999 -9999 -9999 -9999 -9999 -9999 -9999 -9999 -9999 -9999 -9999 -9999 -9999 -9999 -9999 -9999 -9999 -9999 -9999 -9999 3.8032E-4 2.48232E-4 6.45485E-4 1.27358E-4 2.02843E-5 4.80289E-6 1.12289E-5 6.87396E-6 9.03536E-6 1.59805E-6 3.36228E-6 1.91754E-6 1.5878E-6 1.48662E-6 7.74581E-7 4.87988E-7 6.36987E-7 7.73749E-7 5.95176E-7 2.73678E-7 7.26847E-7 6.71308E-7 5.20055E-7 3.77721E-7 2.39235E-7 2.98973E-7 4.65234E-7 4.45621E-7 4.89225E-7 5.35238E-7 5.93948E-7 5.45574E-7 4.66587E-7 4.68886E-7 4.82566E-7 2.49016E-7 2.6219E-7 3.4851E-7 3.47557E-7
2.85986E-7 3.57774E-6 2.45688E-4 -9999 -9999 -9999 -9999 1.4776E-4 9.90619E-5 2.88149E-4 5.08935E-4 9.37206E-4 -9999 -9999 -9999 -9999 -9999 -9999 -9999 -9999 -9999 -9999 -9999 -9999 -9999 -9999 -9999 -9999 -9999 -9999 -9999 -9999 -9999 -9999 -9999 -9999 -9999 -9999 1.55957E-4 2.75956E-4 1.53846E-4 1.8068E-4 7.53116E-5 8.44432E-6 6.08556E-6 7.92111E-6 2.64813E-5 3.76983E-6 1.3802E-6 1.67067E-6 1.4307E-6 7.58716E-7 1.01519E-6 7.99592E-7 5.54235E-7 4.23668E-7 3.85109E-7 3.41709E-7 3.95393E-7 6.50286E-7 3.49404E-7 6.4598E-7 3.87629E-7 2.50434E-7 2.48386E-7 2.81941E-7 2.93409E-7 5.20501E-7 5.20834E-7 4.47224E-7 3.04052E-7 2.80981E-7 4.71866E-7 4.93859E-7 2.80292E-7 2.35314E-7 2.81206E-7 3.28233E-7
2.0337E-7 1.27476E-5 3.49978E-4 -9999 -9999 -9999 -9999 1.24864E-4 5.41516E-4 2.48927E-4 2.30169E-3 5.20678E-3 -9999 -9999 -9999 -9999 -9999 -9999 -9999 -9999 -9999 -9999 -9999 -9999 -9999 -9999 -9999 -9999 -9999 -9999 -9999 -9999 -9999 -9999 -9999 -9999 -9999 -9999 3.33907E-5 2.56703E-5 2.42187E-4 8.34458E-5 2.60038E-5 1.92697E-5 5.11829E-6 1.84302E-6 5.54308E-6 3.64611E-6 1.66736E-6 1.68108E-6 1.16248E-6 1.04664E-6 2.54001E-6 8.77344E-7 5.60005E-7 6.4024E-7 8.05244E-7 5.9366E-7 5.42558E-7 3.35568E-7 2.06469E-7 5.83648E-7 9.41033E-7 3.11648E-7 2.86646E-7 2.16292E-7 2.6108E-7 3.097E-7 4.79908E-7 4.37314E-7 2.71873E-7 3.17102E-7 4.05804E-7 3.62542E-7 2.44649E-7 2.68476E-7 2.74201E-7 3.55776E-7
7.8574E-7 1.7148E-5 3.27721E-4 2.49773E-4 -9999 -9999 -9999 -9999 -9999 1.83594E-3 2.8164E-3 5.26969E-3 -9999 -9999 -9999 -9999 -9999 -9999 -9999 -9999 -9999 -9999 -9999 -9999 -9999 -9999 -9999 -9999 -9999 -9999 -9999 -9999 -9999 -9999 -9999 -9999 -9999 -9999 2.14369E-5 6.14734E-5 1.15141E-4 3.67269E-5 3.21507E-6 5.40487E-6 9.28956E-6 8.03624E-6 6.0495E-6 1.30467E-6 1.46235E-6 1.29133E-6 1.48183E-6 1.6323E-6 9.73462E-7 1.06309E-6 1.03954E-6 7.32202E-7 8.47251E-7 4.26055E-7 2.1257E-7 2.56783E-7 4.36385E-7 1.78286E-7 3.05866E-7 4.02363E-7 2.19502E-7 2.02593E-7 1.78113E-7 1.70191E-7 3.91519E-7 4.68528E-7 3.03803E-7 5.09092E-7 4.16538E-7 2.82986E-7 3.04187E-7 3.56938E-7 3.31584E-7 3.61953E-7
3.93938E-6 3.95131E-5 1.86779E-4 9.53501E-5 -9999 -9999 -9999 -9999 -9999 -9999 4.07646E-3 -9999 -9999 -9999 -9999 -9999 -9999 -9999 -9999 -9999 -9999 -9999 -9999 -9999 -9999 -9999 -9999 -9999 -9999 -9999 -9999 -9999 -9999 -9999 -9999 -9999 -9999 -9999 2.90165E-4 2.054E-5 4.37708E-5 2.43376E-5 7.56543E-6 1.29291E-5 1.27205E-5 7.73221E-6 2.21186E-6 1.13019E-6 5.43761E-7 6.25646E-7 6.83905E-7 1.17663E-6 8.97568E-7 8.95931E-7 1.05286E-6 8.72487E-7 8.02326E-7 6.93661E-7 6.10117E-7 6.74358E-7 2.85059E-7 2.34861E-7 4.36854E-7 4.44312E-7 2.45841E-7 2.07322E-7 1.91525E-7 3.02816E-7 3.90111E-7 4.63056E-7 3.44578E-7 5.13957E-7 3.66008E-7 4.35752E-7 3.9613E-7 3.77298E-7 4.42098E-7 4.54249E-7
4.436E-7 1.73608E-5 1.28544E-5 1.19869E-5 3.31952E-5 6.95925E-5 2.25808E-4 -9999 -9999 -9999 -9999 -9999 -9999 -9999 -9999 -9999 -9999 -9999 -9999 -9999 -9999 -9999 -9999 -9999 -9999 -9999 -9999 -9999 -9999 -9999 -9999 -9999 -9999 -9999 -9999 -9999 -9999 -9999 3.90485E-4 5.971E-5 8.99826E-5 1.09877E-4 6.12085E-5 7.92851E-6 5.3223E-6 1.37695E-6 8.12907E-7 1.26419E-6 2.35969E-6 4.35744E-7 4.21089E-7 2.93846E-7 7.94921E-7 1.08557E-6 1.01319E-6 7.35502E-7 6.23357E-7 4.94485E-7 7.71335E-7 7.03108E-7 1.27768E-7 1.45682E-7 1.49022E-7 1.58536E-7 1.85976E-7 1.92573E-7 1.64302E-7 4.05092E-7 5.66811E-7 4.87855E-7 4.4812E-7 3.45752E-7 4.29806E-7 3.46261E-7 3.48233E-7 3.09952E-7 3.89942E-7 3.75869E-7
7.89492E-7 1.76669E-5 1.34369E-5 3.80297E-5 4.99494E-5 2.55039E-5 6.69743E-5 3.52552E-4 1.85673E-3 -9999 -9999 -9999 -9999 -9999 -9999 -9999 -9999 -9999 -9999 -9999 -9999 -9999 -9999 -9999 -9999 -9999 -9999 -9999 -9999 -9999 -9999 -9999 -9999 -9999 -9999 -9999 -9999 -9999 -9999 1.27505E-4 1.08475E-4 1.63216E-4 5.14069E-5 4.91342E-6 1.57688E-6 6.40487E-7 4.74061E-7 4.92545E-7 1.36412E-6 8.04569E-7 3.85284E-7 2.98118E-7 3.32368E-7 7.5772E-7 6.00999E-7 4.05697E-7 4.20293E-7 4.22056E-7 5.67749E-7 5.2625E-7 2.02907E-7 1.92813E-7 1.61778E-7 2.15954E-7 1.59657E-7 1.70529E-7 2.31864E-7 4.26517E-7 5.43701E-7 5.11439E-7 4.33069E-7 4.6351E-7 4.75784E-7 3.16519E-7 -9999 -9999 3.35417E-7 2.57724E-7
4.43942E-7 9.43056E-6 7.81165E-5 1.34982E-4 1.65955E-4 7.49556E-5 7.3654E-5 1.1866E-3 6.47341E-3 4.01303E-3 -9999 -9999 -9999 -9999 -9999 -9999 -9999 -9999 -9999 -9999 -9999 -9999 -9999 -9999 -9999 -9999 -9999 -9999 -9999 -9999 -9999 -9999 -9999 -9999 -9999 -9999 -9999 -9999 -9999 2.66056E-4 1.40328E-4 7.33277E-5 4.39613E-5 2.20905E-5 2.10503E-6 1.07631E-6 1.79611E-6 2.8018E-6 1.25621E-6 3.00576E-7 5.6303E-7 4.58926E-7 4.15152E-7 2.9679E-7 2.3508E-7 3.16203E-7 3.098E-7 4.35556E-7 5.03297E-7 3.3272E-7 2.41779E-7 1.61948E-7 2.18687E-7 2.19731E-7 1.60024E-7 1.27786E-7 2.00241E-7 2.23768E-7 4.32755E-7 4.52513E-7 4.21802E-7 -9999 -9999 -9999 -9999 -9999 -9999 -9999
6.75542E-6 1.34758E-5 1.91177E-4 3.15946E-4 1.51767E-3 -9999 1.04854E-4 1.7768E-3 -9999 -9999 -9999 -9999 -9999 -9999 -9999 -9999 -9999 -9999 -9999 -9999 -9999 -9999 -9999 -9999 -9999 -9999 -9999 -9999 -9999 -9999 -9999 -9999 -9999 -9999 -9999 -9999 -9999 -9999 -9999 -9999 4.02664E-4 2.10587E-4 1.56364E-4 8.67426E-6 1.7876E-6 1.61823E-6 6.87964E-6 3.61892E-6 7.05731E-7 2.08457E-7 1.93086E-7 3.05093E-7 3.4627E-7 5.781E-7 3.40305E-7 3.36079E-7 2.80981E-7 3.11187E-7 4.14607E-7 2.93194E-7 4.9488E-7 5.73192E-7 5.91668E-7 5.53705E-7 2.97521E-7 2.82092E-7 1.9993E-7 4.53885E-7 3.88029E-7 -9999 -9999 -9999 -9999 -9999 -9999 -9999 -9999 -9999
2.55607E-5 2.83002E-5 2.83533E-4 3.3706E-4 2.07113E-3 -9999 3.42168E-4 -9999 -9999 -9999 -9999 -9999 -9999 -9999 -9999 -9999 -9999 -9999 -9999 -9999 -9999 -9999 -9999 -9999 -9999 -9999 -9999 -9999 -9999 -9999 -9999 -9999 -9999 -9999 -9999 -9999 -9999 -9999 -9999 -9999 -9999 2.63375E-4 2.2774E-4 3.82911E-5 2.9146E-6 5.85413E-6 5.35913E-6 2.74246E-6 9.7934E-7 4.30109E-7 4.30387E-7 2.66581E-7 2.21091E-7 5.96962E-7 4.53142E-7 4.63262E-7 2.9386E-7 3.42795E-7 2.53316E-7 3.13491E-7 5.14202E-7 7.02235E-7 5.79275E-7 5.11048E-7 4.53753E-7 4.43698E-7 3.82807E-7 4.07721E-7 -9999 -9999 -9999 -9999 -9999 -9999 -9999 -9999 -9999 -9999
8.88437E-5 9.44574E-5 3.08129E-4 2.01083E-3 -9999 -9999 -9999 -9999 -9999 -9999 -9999 -9999 -9999 -9999 -9999 -9999 -9999 -9999 -9999 -9999 -9999 -9999 -9999 -9999 -9999 -9999 -9999 -9999 -9999 -9999 -9999 -9999 -9999 -9999 -9999 -9999 -9999 -9999 -9999 -9999 -9999 -9999 1.28542E-4 5.84655E-6 1.0194E-5 2.17472E-5 1.19478E-5 2.93832E-6 1.22237E-6 7.34693E-7 8.51714E-7 8.07002E-7 5.53033E-7 3.12736E-7 1.00295E-6 4.38377E-7 3.29444E-7 4.01665E-7 3.20045E-7 3.63298E-7 1.71074E-7 4.41495E-7 4.43769E-7 3.33014E-7 3.93036E-7 4.30304E-7 2.21262E-7 -9999 -9999 -9999 -9999 -9999 -9999 -9999 -9999 -9999 -9999 -9999
9.50243E-5 3.90829E-4 2.02674E-4 6.7655E-4 -9999 -9999 -9999 -9999 -9999 -9999 -9999 -9999 -9999 -9999 -9999 -9999 -9999 -9999 -9999 -9999 -9999 -9999 -9999 -9999 -9999 -9999 -9999 -9999 -9999 -9999 -9999 -9999 -9999 -9999 -9999 -9999 2.49295E-4 2.06192E-4 2.37616E-4 -9999 -9999 -9999 -9999 1.36456E-4 1.63175E-4 7.78459E-5 1.39079E-5 3.31554E-6 8.30323E-7 1.03832E-6 1.02516E-6 2.23531E-6 8.13451E-7 7.31553E-8 5.11719E-7 7.32963E-7 6.43015E-7 5.30713E-7 4.11683E-7 4.37044E-7 3.42221E-7 2.97031E-7 5.15844E-7 3.06147E-7 4.19267E-7 3.52535E-7 -9999 -9999 -9999 -9999 -9999 -9999 -9999 -9999 -9999 -9999 -9999 -9999
2.52621E-4 8.53495E-4 -9999 -9999 4.63383E-4 -9999 -9999 -9999 -9999 -9999 -9999 -9999 -9999 -9999 -9999 -9999 -9999 -9999 -9999 -9999 -9999 -9999 -9999 -9999 -9999 -9999 -9999 -9999 -9999 -9999 -9999 -9999 -9999 -9999 -9999 -9999 2.32366E-5 2.73124E-5 1.56089E-4 2.55169E-4 2.48988E-4 -9999 -9999 5.75463E-4 3.64289E-4 2.81848E-4 1.30034E-5 1.78922E-6 3.39492E-6 5.02801E-6 5.31447E-6 3.06802E-6 5.61015E-7 1.04566E-7 7.7717E-7 8.27136E-7 4.32221E-7 1.03004E-6 3.96279E-7 4.1234E-7 5.10499E-7 4.8674E-7 4.83981E-7 2.62022E-7 3.34604E-7 -9999 -9999 -9999 -9999 -9999 -9999 -9999 -9999 -9999 -9999 -9999 -9999 -9999
4.81066E-4 8.19273E-4 -9999 -9999 7.26961E-4 -9999 -9999 -9999 -9999 -9999 -9999 -9999 -9999 -9999 -9999 -9999 -9999 -9999 -9999 -9999 -9999 -9999 -9999 -9999 -9999 -9999 -9999 -9999 -9999 -9999 -9999 -9999 -9999 -9999 -9999 -9999 1.74433E-5 1.65657E-5 1.61295E-4 7.48728E-5 2.54046E-5 2.83836E-5 6.31187E-5 7.84659E-5 3.42788E-4 2.16531E-4 1.16489E-4 8.59257E-6 1.52474E-5 6.25026E-6 3.79291E-6 1.26291E-6 1.17999E-7 9.11059E-8 2.05011E-7 4.56908E-7 3.60672E-7 4.21221E-7 6.03263E-7 4.74751E-7 5.56697E-7 7.77645E-7 4.9731E-7 3.2709E-7 3.8481E-7 -9999 -9999 -9999 -9999 -9999 -9999 -9999 -9999 -9999 -9999 -9999 -9999 -9999
6.55313E-4 -9999 -9999 -9999 -9999 -9999 -9999 -9999 -9999 -9999 -9999 -9999 -9999 -9999 -9999 -9999 -9999 -9999 -9999 -9999 -9999 -9999 -9999 -9999 -9999 -9999 -9999 -9999 -9999 -9999 -9999 -9999 -9999 4.32831E-4 6.24666E-4 -9999 -9999 1.89192E-5 2.42389E-5 2.73167E-5 1.87449E-5 4.34432E-6 1.35438E-6 2.60594E-6 7.72258E-5 2.88148E-4 8.62233E-5 9.93489E-5 1.30685E-5 3.08712E-6 1.26653E-6 1.63053E-7 3.34907E-7 4.35206E-7 3.86758E-7 6.38193E-7 3.15544E-7 4.35075E-7 4.37887E-7 7.29344E-7 6.21984E-7 5.89793E-7 5.56623E-7 4.63992E-7 -9999 -9999 -9999 -9999 -9999 -9999 -9999 -9999 -9999 -9999 -9999 -9999 -9999 -9999
2.41175E-4 1.09604E-3 -9999 -9999 -9999 -9999 -9999 -9999 -9999 -9999 -9999 -9999 -9999 -9999 -9999 -9999 -9999 -9999 -9999 -9999 -9999 -9999 -9999 -9999 -9999 -9999 -9999 -9999 -9999 -9999 -9999 -9999 -9999 3.37121E-4 7.32155E-4 -9999 -9999 1.59037E-5 2.534E-5 2.80437E-6 2.25105E-6 1.21478E-6 2.2029E-6 5.46148E-6 4.61276E-5 1.0294E-4 1.53381E-4 1.40171E-4 3.9556E-6 1.66345E-6 4.22349E-7 4.40301E-7 8.19754E-7 1.48414E-6 1.47681E-6 7.159E-7 2.87326E-7 4.85525E-7 6.523E-7 7.39807E-7 6.7963E-7 5.34987E-7 5.05198E-7 7.56537E-7 -9999 -9999 -9999 -9999 -9999 -9999 -9999 -9999 -9999 -9999 -9999 -9999 -9999 -9999
-9999 -9999 3.83389E-3 -9999 -9999 -9999 -9999 -9999 -9999 -9999 -9999 -9999 -9999 -9999 -9999 -9999 -9999 -9999 -9999 -9999 -9999 -9999 -9999 -9999 -9999 -9999 -9999 -9999 -9999 -9999 -9999 -9999 -9999 2.47142E-4 6.35525E-4 1.41206E-4 6.99812E-5 2.56717E-5 4.22035E-5 1.27592E-6 2.58745E-7 2.07394E-6 8.46539E-6 4.47825E-5 3.88159E-5 3.84768E-6 6.68542E-6 8.61036E-5 1.96592E-5 9.70966E-6 1.33285E-5 5.98011E-6 2.82899E-6 1.88768E-6 1.89722E-6 3.06391E-7 3.32789E-7 4.1144E-7 4.18725E-7 3.27781E-7 1.69915E-7 4.6729E-7 6.82963E-7 7.29281E-7 -9999 -9999 -9999 -9999 -9999 -9999 -9999 -9999 -9999 -9999 -9999 -9999 -9999 -9999
1.0386E-3 -9999 -9999 -9999 -9999 -9999 -9999 -9999 -9999 -9999 -9999 -9999 -9999 -9999 -9999 -9999 -9999 -9999 -9999 -9999 -9999 -9999 -9999 -9999 -9999 -9999 -9999 -9999 -9999 -9999 -9999 -9999 -9999 1.70436E-4 5.10204E-5 7.65609E-5 9.52709E-5 6.00726E-5 1.28118E-5 2.16328E-6 7.19392E-7 2.70038E-6 5.42182E-6 1.04341E-5 6.70216E-6 9.38138E-7 1.76726E-6 3.7275E-5 7.15195E-6 3.98618E-6 4.22707E-6 3.41816E-6 1.23504E-6 5.44556E-7 4.01024E-7 8.86637E-8 1.67812E-7 1.5481E-7 2.89259E-7 4.05281E-7 2.29329E-7 5.36234E-7 6.2458E-7 -9999 -9999 -9999 -9999 -9999 -9999 -9999 -9999 -9999 -9999 -9999 -9999 -9999 -9999 -9999
