ENM/Final_Models/M_1_F_qp_Set_1_NE/Gustavia_santanderiensis_Choco_min.asc
ncols         367
nrows         963
xllcorner     -78.6
yllcorner     0.65
cellsize      0.00833333333333323
NODATA_value  -9999
[rows 884 to 917 of 963, columns 0 to 77 of 367]
-9999 -9999 -9999 -9999 -9999 -9999 -9999 -9999 -9999 -9999 -9999 -9999 -9999 -9999 -9999 -9999 -9999 -9999 -9999 -9999 -9999 1.92506E-3 6.86388E-3 2.63367E-3 5.56044E-3 3.60246E-3 1.03204E-3 6.74745E-4 6.62712E-4 1.57354E-4 6.71995E-5 0E0 2.51904E-5 2.21268E-5 1.51267E-5 1.11619E-5 0E0 0E0 0E0 0E0 0E0 0E0 0E0 0E0 0E0 0E0 0E0 0E0 0E0 5.45634E-6 0E0 0E0 0E0 0E0 0E0 0E0 0E0 7.30596E-6 4.02529E-5 2.29654E-5 1.35336E-4 2.3966E-4 8.02739E-5 3.86148E-5 1.1766E-5 5.92717E-6 4.5974E-6 2.31977E-5 6.76107E-5 1.28123E-4 1.31916E-4 8.03309E-5 6.76114E-5 8.99087E-5 7.53344E-5 1.36346E-5 7.34411E-6 3.43659E-5
-9999 -9999 -9999 -9999 -9999 -9999 -9999 -9999 -9999 -9999 -9999 -9999 -9999 -9999 -9999 -9999 -9999 -9999 -9999 -9999 -9999 3.15602E-3 2.1815E-3 2.11525E-3 1.79002E-3 2.68817E-3 2.81247E-3 1.71621E-3 3.06492E-4 1.50881E-4 8.00567E-5 0E0 0E0 5.0252E-5 0E0 0E0 0E0 0E0 0E0 0E0 0E0 0E0 0E0 0E0 0E0 0E0 0E0 0E0 5.18995E-6 0E0 0E0 0E0 0E0 0E0 0E0 5.77288E-5 0E0 0E0 1.02727E-5 7.21273E-5 9.32708E-5 1.31718E-4 7.93617E-5 7.63946E-5 3.97824E-5 1.7013E-5 1.96664E-5 1.24474E-5 2.63497E-5 4.49091E-5 1.02957E-4 1.06322E-4 8.64524E-5 7.07902E-5 7.15196E-5 5.26529E-5 1.13719E-6 2.45339E-6
-9999 -9999 -9999 -9999 -9999 -9999 -9999 -9999 -9999 -9999 -9999 -9999 -9999 -9999 -9999 -9999 -9999 -9999 -9999 -9999 -9999 2.90531E-3 9.3511E-4 1.36713E-3 1.66795E-3 1.46851E-3 1.74029E-3 2.44764E-3 1.25176E-3 1.8499E-4 1.06134E-4 0E0 0E0 4.07745E-5 3.39045E-5 0E0 1.0009E-5 0E0 0E0 0E0 0E0 0E0 0E0 0E0 0E0 0E0 0E0 0E0 5.08589E-6 5.71138E-6 5.45727E-6 5.8941E-6 1.7024E-5 1.49011E-5 1.3088E-5 9.65004E-5 0E0 0E0 1.99954E-5 1.67697E-4 1.90471E-4 1.17629E-4 1.19799E-4 8.7909E-5 7.38748E-5 4.12736E-5 2.14009E-5 1.08167E-5 1.47528E-5 3.66658E-5 7.61317E-5 1.40221E-4 9.18518E-5 1.87336E-4 8.60011E-5 7.85967E-5 1.41171E-6 4.79537E-7
-9999 -9999 -9999 -9999 -9999 -9999 -9999 -9999 -9999 -9999 -9999 -9999 -9999 -9999 -9999 -9999 -9999 -9999 -9999 -9999 -9999 -9999 2.5751E-3 6.6616E-4 1.36491E-3 6.7799E-4 7.77985E-4 2.29462E-3 2.58527E-3 1.44613E-3 6.53423E-4 3.99746E-4 2.80962E-4 5.60347E-5 1.99166E-5 2.26067E-5 1.35222E-5 0E0 0E0 0E0 0E0 0E0 0E0 0E0 0E0 0E0 0E0 0E0 0E0 0E0 6.23049E-6 1.26104E-5 1.8476E-5 1.61114E-5 4.85056E-5 1.47576E-5 0E0 0E0 1.47724E-5 6.74827E-5 1.23872E-4 2.08735E-4 1.19627E-4 6.40778E-5 3.65653E-5 3.15802E-5 1.64641E-5 1.15142E-5 1.15976E-5 2.97475E-5 5.89469E-5 1.40775E-4 1.25087E-4 2.41293E-4 1.22044E-5 9.79913E-6 4.45939E-6 5.12771E-7
-9999 -9999 -9999 -9999 -9999 -9999 -9999 -9999 -9999 -9999 -9999 -9999 -9999 -9999 -9999 -9999 -9999 -9999 -9999 -9999 -9999 -9999 2.20366E-3 1.29169E-3 1.04996E-3 1.16326E-3 4.8912E-4 2.31765E-4 0E0 1.83907E-3 0E0 0E0 0E0 4.12098E-5 8.2037E-5 5.08115E-5 1.71141E-5 8.04431E-6 0E0 0E0 0E0 0E0 1.35864E-5 0E0 0E0 0E0 0E0 0E0 0E0 6.63451E-6 1.09658E-5 1.26236E-5 2.01606E-5 3.03401E-5 9.82708E-5 8.97289E-5 4.4566E-5 2.40891E-5 4.19729E-5 5.81648E-5 8.91973E-5 1.48149E-4 1.11927E-4 1.13101E-4 5.99202E-5 4.5828E-5 3.57634E-5 2.79515E-5 1.03805E-5 1.137E-5 3.07434E-5 6.61879E-5 4.97579E-5 4.73576E-5 1.65647E-5 5.3171E-7 1.98885E-7 1.27848E-7
-9999 -9999 -9999 -9999 -9999 -9999 -9999 -9999 -9999 -9999 -9999 -9999 -9999 -9999 -9999 -9999 -9999 -9999 -9999 -9999 -9999 -9999 9.60399E-4 1.06176E-3 1.16033E-3 1.75412E-3 1.30516E-3 1.9225E-4 4.4141E-4 9.29493E-4 1.28562E-3 1.77528E-3 6.64106E-4 0E0 2.90065E-4 4.24993E-5 2.33632E-5 0E0 0E0 0E0 0E0 4.22174E-5 0E0 0E0 0E0 1.92032E-5 0E0 0E0 0E0 0E0 0E0 6.16652E-6 1.55086E-5 4.97356E-5 1.52179E-4 1.14464E-4 1.03962E-4 7.11549E-5 5.88496E-5 4.88264E-5 1.20179E-4 7.24661E-5 1.16565E-4 1.19747E-4 9.29362E-5 7.56374E-5 4.81532E-5 2.65984E-5 1.6995E-5 7.3541E-6 1.346E-5 1.09098E-5 3.3368E-5 1.37708E-5 3.35821E-6 2.65932E-7 1.10007E-7 8.74056E-8
-9999 -9999 -9999 -9999 -9999 -9999 -9999 -9999 -9999 -9999 -9999 -9999 -9999 -9999 -9999 -9999 -9999 -9999 -9999 -9999 -9999 -9999 8.54735E-4 1.52778E-3 1.88875E-3 1.83373E-3 1.92531E-3 6.92749E-4 4.54818E-4 1.15563E-3 7.35069E-4 7.75216E-4 1.36649E-3 4.34071E-3 2.38973E-3 0E0 7.16568E-4 0E0 1.5729E-5 0E0 8.12942E-5 2.28502E-4 0E0 0E0 0E0 0E0 0E0 0E0 0E0 5.12626E-6 1.0118E-5 1.3339E-5 2.30538E-5 7.08087E-5 1.19326E-4 2.41655E-5 6.75207E-5 1.05129E-4 1.23519E-4 7.91353E-5 1.1506E-4 9.77851E-5 1.43513E-4 1.83418E-4 8.8454E-5 7.04229E-5 2.90925E-5 2.56277E-5 2.45511E-5 3.86124E-5 5.52585E-5 6.62977E-5 5.18232E-5 5.08949E-5 5.1186E-6 3.74169E-7 1.31753E-7 9.24685E-8
-9999 -9999 -9999 -9999 -9999 -9999 -9999 -9999 -9999 -9999 -9999 -9999 -9999 -9999 -9999 -9999 -9999 -9999 -9999 -9999 -9999 -9999 -9999 8.09989E-4 9.7893E-4 1.75962E-3 1.10091E-3 1.07893E-3 1.40981E-3 5.1931E-4 7.75361E-4 3.85803E-4 9.85155E-4 5.94436E-4 6.9073E-4 6.75929E-4 1.32861E-3 0E0 0E0 0E0 0E0 0E0 0E0 0E0 3.30121E-5 1.31221E-5 0E0 0E0 0E0 1.164E-5 2.08584E-5 2.81882E-5 3.65903E-5 8.38524E-5 1.00895E-4 1.03858E-5 6.80824E-5 7.16336E-5 1.43176E-4 7.00719E-5 1.62432E-4 1.62231E-4 9.61991E-5 7.82185E-5 5.94286E-5 5.04115E-5 8.25017E-5 7.04344E-5 5.4232E-5 8.73455E-5 6.57744E-5 2.95313E-5 3.26777E-5 3.36946E-5 3.22873E-6 1.17876E-6 1.51639E-7 2.98703E-8
-9999 -9999 -9999 -9999 -9999 -9999 -9999 -9999 -9999 -9999 -9999 -9999 -9999 -9999 -9999 -9999 -9999 -9999 -9999 -9999 -9999 -9999 -9999 1.109E-3 8.69044E-4 7.27467E-4 1.06075E-3 4.13356E-4 5.77172E-4 1.11388E-3 5.78943E-4 7.37686E-4 1.05065E-3 0E0 7.37164E-4 4.16368E-4 9.34783E-4 9.81375E-4 7.43771E-4 1.4599E-3 7.75075E-4 8.10568E-4 7.71855E-4 1.28151E-4 6.5138E-5 3.77899E-5 0E0 0E0 0E0 1.07659E-5 1.59942E-5 3.0621E-5 7.02688E-5 1.44439E-4 1.07102E-4 1.46412E-5 6.19113E-5 9.19641E-5 1.01562E-4 1.50779E-4 2.01963E-4 1.48208E-4 1.22333E-4 8.18762E-5 1.14136E-4 6.13658E-5 4.9822E-5 6.12532E-5 3.21693E-5 7.2827E-5 9.30424E-5 3.70088E-5 5.93166E-6 1.14326E-5 5.38008E-6 1.1061E-6 9.23797E-8 1.98781E-8
-9999 -9999 -9999 -9999 -9999 -9999 -9999 -9999 -9999 -9999 -9999 -9999 -9999 -9999 -9999 -9999 -9999 -9999 -9999 -9999 -9999 -9999 -9999 -9999 -9999 6.18601E-4 6.79841E-4 3.82333E-4 2.2414E-4 5.85197E-4 3.30133E-4 2.47266E-4 6.32894E-4 1.04054E-3 4.77481E-4 4.66626E-4 2.58446E-4 1.55625E-4 1.66479E-4 7.17235E-4 2.58525E-4 5.41405E-4 1.39335E-3 7.12869E-4 2.53259E-4 1.23124E-4 9.02146E-5 0E0 0E0 0E0 8.31847E-6 1.70164E-5 4.26923E-5 1.30847E-4 1.02979E-4 4.12151E-5 1.12306E-4 1.28432E-4 1.65138E-4 1.40728E-4 1.54072E-4 1.55779E-4 1.13999E-4 1.5086E-4 1.1047E-4 1.07595E-4 7.15722E-5 3.53992E-5 4.3845E-5 5.89487E-5 5.78977E-5 6.85728E-5 7.35836E-5 5.28456E-5 1.68447E-5 7.03622E-6 2.56337E-7 1.1228E-7
-9999 -9999 -9999 -9999 -9999 -9999 -9999 -9999 -9999 -9999 -9999 -9999 -9999 -9999 -9999 -9999 -9999 -9999 -9999 -9999 -9999 1.45685E-3 1.9835E-3 -9999 -9999 3.5366E-4 2.63677E-4 3.0434E-4 2.87281E-4 3.36338E-4 3.34961E-4 1.30821E-4 2.82863E-4 4.21419E-4 4.99612E-4 2.15609E-4 7.72922E-5 3.27732E-5 3.79927E-5 1.82585E-4 5.24671E-5 1.22053E-4 9.03489E-4 8.37171E-4 2.5247E-4 4.84138E-5 0E0 0E0 0E0 0E0 0E0 1.45635E-5 3.45169E-5 1.33269E-4 1.08397E-4 5.41879E-5 9.61669E-5 7.50627E-5 9.15219E-5 1.11395E-4 3.14131E-4 3.21377E-4 1.40953E-4 2.1513E-4 1.33043E-4 9.28204E-5 9.28303E-5 1.20042E-4 7.07235E-5 1.10156E-4 8.96827E-5 4.95941E-5 5.55957E-5 8.59545E-5 7.74943E-5 5.14811E-5 7.18684E-6 1.32373E-6
-9999 -9999 -9999 -9999 -9999 -9999 -9999 -9999 -9999 -9999 -9999 -9999 -9999 -9999 -9999 -9999 -9999 -9999 -9999 -9999 -9999 9.62833E-4 4.88383E-4 5.99493E-4 7.54624E-4 4.15433E-4 3.10902E-4 1.72761E-4 3.87781E-4 1.4371E-4 1.26673E-4 1.40597E-4 1.37728E-4 2.51642E-4 3.31533E-4 1.9169E-4 6.01069E-5 0E0 0E0 1.9383E-5 0E0 1.57961E-5 2.39877E-4 1.33536E-3 1.15002E-4 0E0 0E0 7.57371E-6 0E0 0E0 8.40438E-6 2.28065E-5 7.32239E-5 1.21768E-4 6.42492E-5 1.82474E-5 7.87032E-5 8.1021E-5 8.73449E-5 1.24055E-4 2.51414E-4 1.48062E-4 1.92212E-4 1.63321E-4 7.37233E-5 1.08888E-4 8.54067E-5 6.84425E-5 6.49831E-5 1.92655E-5 8.13158E-5 4.35864E-5 5.74185E-5 1.04983E-4 6.23182E-5 1.68142E-5 1.15367E-5 2.28181E-6
-9999 -9999 -9999 -9999 -9999 -9999 -9999 -9999 -9999 -9999 -9999 -9999 -9999 -9999 -9999 -9999 -9999 -9999 -9999 -9999 9.62359E-4 1.03358E-3 5.34638E-4 3.35164E-4 3.23554E-4 1.81886E-4 1.6125E-4 1.55545E-4 1.19841E-4 7.64129E-5 4.87192E-5 6.05355E-5 4.04089E-5 1.29586E-4 1.21744E-4 2.13566E-4 3.49752E-5 0E0 0E0 0E0 0E0 1.08866E-4 2.82557E-4 8.91192E-5 9.9758E-6 0E0 1.9679E-5 3.56556E-5 4.24218E-5 2.0198E-5 2.16678E-5 4.48635E-5 8.18226E-5 1.28603E-4 1.08351E-4 1.94219E-5 7.6135E-5 8.16543E-5 5.84478E-5 1.1392E-4 1.68256E-4 1.39935E-4 1.57533E-4 6.81107E-5 1.7812E-5 5.82641E-5 6.62848E-5 4.01261E-5 6.74211E-5 4.99485E-6 5.1236E-5 8.64373E-5 6.71191E-5 6.11761E-5 8.55575E-5 8.04016E-5 3.50939E-5 1.30136E-6
-9999 -9999 -9999 -9999 -9999 -9999 -9999 -9999 -9999 -9999 -9999 -9999 -9999 -9999 -9999 -9999 -9999 -9999 -9999 -9999 2.79556E-3 1.55049E-3 7.26391E-4 4.12459E-4 2.17438E-4 1.31956E-4 8.98065E-5 6.06018E-5 4.82334E-5 4.29549E-5 9.82445E-5 6.76888E-5 1.81683E-4 2.41146E-4 1.84961E-4 1.39913E-4 9.0772E-5 2.45768E-5 0E0 0E0 0E0 6.82954E-5 2.16332E-4 2.28447E-4 1.66711E-5 0E0 2.29361E-5 6.93443E-5 7.10724E-5 6.63055E-5 6.06417E-5 5.76082E-5 9.82932E-5 1.17451E-4 3.73589E-5 1.15016E-5 6.75764E-5 5.32092E-5 9.3846E-5 9.96295E-5 1.92618E-4 1.14162E-4 1.02421E-4 1.71485E-5 6.19637E-6 3.23008E-6 2.52908E-5 8.05886E-5 6.36827E-5 1.71263E-6 5.94627E-6 9.53237E-5 5.57757E-5 7.61629E-5 8.17284E-5 7.90425E-5 9.31152E-6 1.02938E-5
-9999 -9999 -9999 -9999 -9999 -9999 -9999 -9999 -9999 -9999 -9999 -9999 -9999 -9999 -9999 -9999 -9999 -9999 -9999 -9999 6.94743E-3 3.89163E-3 9.5667E-4 2.8274E-4 1.02551E-4 7.56174E-5 7.65345E-5 1.12982E-4 4.80536E-5 8.11451E-5 3.79114E-4 2.16262E-4 4.40457E-4 1.51862E-4 1.72212E-4 2.0348E-4 6.42449E-5 1.16419E-5 7.91254E-6 0E0 0E0 3.83724E-5 3.70283E-4 1.55894E-4 3.33825E-5 0E0 2.39205E-5 7.05621E-5 1.20569E-4 1.33803E-4 7.7962E-5 8.86965E-5 9.85953E-5 7.15249E-5 3.36011E-5 5.74575E-6 2.33334E-5 7.10926E-5 1.09314E-4 1.09152E-4 1.16813E-4 1.15907E-4 1.16968E-4 2.10535E-5 8.23633E-6 8.83403E-7 2.0307E-6 1.64056E-5 3.51407E-5 1.18145E-6 4.30812E-6 3.18427E-5 1.72617E-5 3.11185E-5 5.05698E-5 8.20736E-5 6.90417E-5 7.21687E-5
-9999 -9999 -9999 -9999 -9999 -9999 -9999 -9999 -9999 -9999 -9999 -9999 -9999 -9999 -9999 -9999 -9999 -9999 -9999 -9999 -9999 3.60998E-3 2.11173E-3 8.78771E-4 2.76432E-4 8.90296E-5 2.22705E-4 9.81255E-4 7.78492E-4 9.39003E-4 7.16082E-4 5.20849E-4 4.71596E-4 1.26645E-4 6.50135E-5 1.45138E-4 4.72631E-5 1.01051E-5 0E0 0E0 2.65769E-5 6.52342E-5 3.85852E-4 7.07162E-5 2.30554E-5 0E0 1.99867E-5 5.75634E-5 9.46426E-5 1.11103E-4 1.05268E-4 9.12002E-5 7.40972E-5 5.22981E-5 1.88037E-5 5.42576E-6 1.44835E-5 4.54993E-5 9.97867E-5 8.43776E-5 6.02807E-5 1.75071E-4 1.18964E-4 6.56268E-5 1.83098E-5 2.97153E-6 1.51642E-6 9.76578E-6 1.8031E-5 2.24561E-6 5.64555E-7 3.47647E-6 1.81827E-6 2.26193E-6 1.77535E-5 7.92172E-5 8.91817E-5 4.75621E-5
-9999 -9999 -9999 -9999 -9999 -9999 -9999 -9999 -9999 -9999 -9999 -9999 -9999 -9999 -9999 -9999 -9999 -9999 -9999 -9999 -9999 2.73412E-3 1.7396E-3 8.73457E-4 2.17566E-4 1.94943E-4 1.60539E-3 9.56504E-4 9.45261E-4 2.36243E-4 3.14731E-5 4.03251E-5 1.04515E-4 5.13303E-5 3.6828E-5 1.20951E-4 1.48491E-4 3.20083E-5 0E0 8.97544E-6 2.18744E-5 2.05647E-4 2.22499E-4 8.5253E-5 1.15339E-5 0E0 0E0 5.53802E-5 8.25238E-5 1.00595E-4 1.12149E-4 6.10499E-5 6.126E-5 2.47365E-5 5.48186E-6 2.6122E-6 3.3912E-6 1.25728E-5 5.57837E-5 8.41099E-5 1.27661E-4 1.38658E-4 8.93284E-5 4.27084E-5 2.35284E-5 4.1408E-6 3.47196E-7 5.32516E-6 4.16542E-6 3.73372E-6 5.613E-6 6.19139E-6 1.21907E-6 1.17372E-6 4.54747E-6 7.36083E-5 8.2364E-5 5.1818E-6
-9999 -9999 -9999 -9999 -9999 -9999 -9999 -9999 -9999 -9999 -9999 -9999 -9999 -9999 -9999 -9999 -9999 -9999 -9999 -9999 4.43648E-3 2.35436E-3 1.72095E-3 1.44032E-3 5.74885E-4 2.27548E-3 3.00928E-3 8.03818E-4 3.18584E-4 9.30471E-5 4.06231E-5 1.78344E-5 1.54714E-5 1.97515E-5 1.81588E-5 3.10458E-5 1.34329E-4 2.41631E-5 1.04036E-5 7.52839E-6 1.76022E-5 1.28387E-4 2.44066E-4 2.8586E-5 0E0 2.35888E-6 2.80436E-5 5.9132E-5 8.82521E-5 1.2182E-4 7.53974E-5 1.6857E-5 5.27542E-6 2.51398E-6 8.40203E-7 3.28883E-7 1.18644E-6 4.90172E-6 1.34104E-5 1.19099E-4 7.5735E-5 2.62141E-4 2.09678E-4 3.09327E-5 9.86689E-5 1.02456E-5 2.19231E-6 3.0538E-6 1.32472E-5 2.77437E-5 1.60171E-5 7.86279E-6 8.58076E-7 7.52901E-7 2.02259E-6 8.70811E-6 7.08177E-5 2.53579E-5
-9999 -9999 -9999 -9999 -9999 -9999 -9999 -9999 -9999 -9999 -9999 -9999 -9999 -9999 -9999 -9999 -9999 -9999 -9999 -9999 2.71317E-3 2.05773E-3 1.09906E-3 1.63524E-3 3.20545E-3 2.65672E-3 1.45108E-3 1.64726E-3 8.85551E-4 4.81838E-4 4.9032E-4 1.788E-4 6.65021E-5 1.97556E-5 1.9102E-5 4.58578E-5 1.84285E-4 1.43141E-5 0E0 3.16783E-5 6.5405E-5 2.72178E-4 8.1332E-5 9.01102E-6 5.12869E-6 4.0028E-5 7.09354E-5 9.0018E-5 5.92572E-5 1.3426E-4 3.88664E-5 8.00878E-6 1.17305E-6 6.84669E-7 2.60766E-7 1.4446E-7 1.93273E-7 7.58978E-7 1.3769E-5 2.0986E-5 1.02038E-4 3.05509E-4 2.66359E-4 1.85214E-4 9.15414E-5 9.03166E-5 4.6525E-5 2.44564E-5 5.46404E-5 5.61927E-5 1.55405E-5 6.2151E-6 3.09077E-6 3.91578E-6 4.6397E-6 3.26875E-6 9.52595E-6 5.75849E-5
-9999 -9999 -9999 -9999 -9999 -9999 -9999 -9999 -9999 -9999 -9999 -9999 -9999 -9999 -9999 -9999 -9999 -9999 -9999 -9999 3.31412E-3 2.20727E-3 3.21385E-3 1.89242E-3 7.67285E-4 3.27135E-4 1.61125E-4 4.03514E-4 2.22534E-4 8.81121E-5 1.96676E-4 7.92581E-5 2.39532E-5 1.49843E-5 1.64586E-5 4.46707E-5 1.63765E-4 4.63233E-5 1.63829E-5 1.68951E-5 1.2988E-4 1.65266E-4 1.87274E-4 2.31509E-5 1.09756E-5 6.81864E-5 1.60392E-4 1.67342E-4 1.02161E-4 9.08773E-5 5.37786E-5 3.7627E-5 4.0993E-6 6.66644E-7 1.08094E-7 7.8372E-8 9.9167E-8 5.1138E-7 1.40673E-5 4.06139E-5 1.58685E-4 2.45961E-4 3.09077E-4 1.63938E-4 1.64328E-4 1.5443E-4 5.15432E-5 8.86049E-5 9.75818E-5 3.69024E-5 1.82265E-5 1.16145E-5 7.25392E-6 3.3764E-6 2.92155E-6 2.97105E-6 4.40421E-6 3.18032E-5
-9999 -9999 -9999 -9999 -9999 -9999 -9999 -9999 -9999 -9999 -9999 -9999 -9999 -9999 -9999 -9999 -9999 -9999 -9999 -9999 -9999 -9999 -9999 -9999 1.54555E-3 1.07053E-3 2.24598E-4 7.5617E-5 3.56154E-5 4.81378E-5 2.59252E-5 2.25333E-5 5.09579E-5 2.08167E-5 2.36767E-5 2.29522E-5 1.9322E-4 1.30115E-4 2.05197E-5 0E0 1.36839E-5 4.05239E-5 7.77849E-5 2.66317E-4 1.67749E-5 5.75118E-5 1.48601E-4 1.353E-4 1.19565E-4 1.26142E-4 1.02147E-4 6.35546E-5 2.68895E-5 9.03409E-6 2.27798E-7 5.20795E-8 5.8625E-8 4.88011E-7 9.55883E-6 7.60803E-5 6.66167E-5 3.94685E-5 2.02609E-4 3.34034E-4 1.71701E-4 1.02748E-4 1.36169E-4 8.51846E-5 9.60987E-5 3.97452E-5 2.25834E-5 1.08396E-5 9.58774E-6 7.6337E-6 1.53435E-6 2.88872E-6 1.09132E-5 1.4855E-5
-9999 -9999 -9999 -9999 -9999 -9999 -9999 -9999 -9999 -9999 -9999 -9999 -9999 -9999 -9999 -9999 -9999 -9999 -9999 -9999 -9999 -9999 -9999 -9999 -9999 3.20802E-3 1.09528E-3 4.20646E-4 5.59345E-4 2.17387E-4 1.40496E-4 1.95127E-5 1.98201E-5 1.85237E-5 2.55509E-5 2.4628E-5 4.03862E-5 1.85901E-4 2.09327E-5 5.48156E-5 1.35618E-5 1.12769E-5 3.07632E-5 1.92391E-4 5.19869E-5 1.32867E-5 4.31549E-5 1.0184E-4 6.11025E-5 5.57922E-5 1.02982E-4 7.97336E-5 2.86902E-5 7.20755E-6 6.52893E-7 4.28979E-7 2.61802E-7 4.51647E-7 4.81127E-6 2.9438E-5 5.05463E-6 7.53268E-6 6.75384E-5 2.10876E-4 2.25906E-4 1.41482E-4 7.16698E-5 3.51779E-5 7.94365E-5 7.89228E-5 1.42895E-5 1.36106E-5 3.38763E-5 9.86719E-6 2.92367E-6 1.76521E-6 3.56695E-6 6.18854E-6
-9999 -9999 -9999 -9999 -9999 -9999 -9999 -9999 -9999 -9999 -9999 -9999 -9999 -9999 -9999 -9999 -9999 -9999 -9999 -9999 -9999 -9999 -9999 -9999 -9999 -9999 -9999 -9999 -9999 1.62878E-3 4.60606E-4 2.37798E-4 5.4784E-5 2.37428E-5 4.24608E-5 4.51973E-5 2.94752E-5 1.18522E-4 9.87183E-5 1.90561E-5 3.2018E-5 1.55334E-5 5.53881E-5 3.43152E-5 9.27373E-5 5.08841E-5 1.3432E-5 3.4395E-5 1.66476E-5 5.37775E-5 1.13039E-4 1.10063E-4 9.64026E-5 4.15427E-5 2.00548E-6 1.16715E-6 2.23191E-6 1.82015E-6 2.24335E-6 4.31246E-6 2.07813E-6 3.60391E-6 2.45153E-5 9.95223E-5 6.75096E-5 2.11659E-4 1.04134E-4 2.89172E-5 1.13506E-5 7.59899E-5 6.71669E-5 4.41672E-5 1.30684E-5 1.57816E-5 1.16495E-5 2.62941E-6 2.10087E-6 2.07068E-6
-9999 -9999 -9999 -9999 -9999 -9999 -9999 -9999 -9999 -9999 -9999 -9999 -9999 -9999 -9999 -9999 -9999 -9999 -9999 -9999 -9999 -9999 -9999 -9999 -9999 -9999 -9999 -9999 -9999 -9999 1.731E-3 2.46863E-4 7.29192E-5 4.55126E-5 4.93513E-5 2.31836E-5 5.41128E-5 1.29456E-4 1.9169E-4 6.45716E-5 1.51146E-5 3.96337E-5 4.15664E-5 3.80929E-5 1.82595E-5 4.92034E-5 6.0389E-5 4.69405E-5 1.81394E-5 8.09852E-5 1.4467E-4 9.80907E-5 7.93001E-5 1.10016E-4 2.79579E-5 1.23235E-5 1.39576E-5 4.77625E-6 1.59243E-6 1.11347E-6 4.21466E-6 1.28333E-5 3.30538E-5 1.56888E-5 1.71191E-5 2.09486E-4 8.132E-5 2.63204E-5 1.71604E-5 3.7976E-5 9.73557E-6 2.282E-5 5.23854E-6 1.72906E-6 1.93233E-6 9.95952E-6 6.26889E-7 2.54087E-7
-9999 -9999 -9999 -9999 -9999 -9999 -9999 -9999 -9999 -9999 -9999 -9999 -9999 -9999 -9999 -9999 -9999 -9999 -9999 -9999 -9999 -9999 -9999 -9999 -9999 -9999 -9999 -9999 -9999 -9999 -9999 1.06496E-3 1.95208E-4 4.973E-5 2.76391E-5 4.70462E-5 9.20499E-5 1.03938E-4 7.06316E-5 3.0451E-5 6.46905E-5 3.08784E-5 1.65091E-5 7.31868E-5 5.9667E-5 1.01055E-5 5.54605E-5 1.19033E-4 1.69574E-4 2.39221E-4 2.00269E-4 2.18777E-4 3.42811E-4 9.0706E-5 1.05982E-4 7.13574E-5 3.03122E-5 7.4379E-6 4.76331E-7 4.22485E-7 2.35432E-6 2.20437E-5 3.12151E-5 1.03802E-5 1.05021E-5 1.33565E-4 1.00565E-4 7.07503E-6 4.83256E-6 5.88975E-6 2.06287E-6 2.7848E-6 1.2829E-5 1.278E-6 2.12825E-6 3.47906E-6 2.72741E-7 6.70422E-7
-9999 -9999 -9999 -9999 -9999 -9999 -9999 -9999 -9999 -9999 -9999 -9999 -9999 -9999 -9999 -9999 -9999 -9999 -9999 -9999 -9999 -9999 -9999 -9999 -9999 -9999 -9999 -9999 -9999 -9999 -9999 -9999 1.87778E-4 4.03687E-5 9.66323E-5 6.20288E-5 2.7037E-5 5.36292E-5 9.05147E-5 5.22912E-5 4.23415E-5 4.63507E-5 1.98908E-5 6.96422E-5 1.50807E-4 8.46214E-5 1.0409E-4 1.10936E-4 1.76126E-4 1.72171E-4 2.08645E-4 2.50242E-4 1.90359E-4 2.24554E-4 2.38188E-4 9.3951E-5 2.24427E-5 3.81671E-6 1.5839E-7 2.47932E-7 2.21692E-6 8.26085E-6 2.05925E-5 4.46079E-6 2.97557E-6 1.11143E-4 1.22601E-4 3.85118E-5 8.2089E-6 1.55598E-6 8.79335E-7 5.26427E-7 1.3261E-6 2.17194E-7 4.20283E-7 9.64683E-7 3.11407E-7 1.28236E-7
-9999 -9999 -9999 -9999 -9999 -9999 -9999 -9999 -9999 -9999 -9999 -9999 -9999 -9999 -9999 -9999 -9999 -9999 -9999 -9999 -9999 -9999 -9999 -9999 -9999 -9999 -9999 -9999 -9999 -9999 -9999 -9999 -9999 1.88065E-4 9.47157E-5 1.77484E-4 1.02693E-4 5.31227E-5 3.20803E-5 1.34281E-4 7.34644E-5 1.46406E-4 4.34515E-5 1.17611E-4 2.09842E-4 1.94075E-4 2.31399E-4 1.80566E-4 1.74677E-4 2.9224E-4 3.91423E-4 1.40938E-4 1.60022E-4 1.87739E-4 7.82E-5 2.81351E-5 4.33241E-6 1.01863E-6 1.19977E-7 2.42513E-7 2.61866E-6 1.12015E-5 1.4901E-5 1.15274E-5 5.55785E-6 1.10151E-4 1.36741E-4 1.13131E-4 2.11774E-5 1.23007E-6 3.78213E-7 1.79463E-7 4.10581E-7 3.63086E-7 1.63879E-7 2.78052E-7 1.57508E-7 1.99541E-7
-9999 -9999 -9999 -9999 -9999 -9999 -9999 -9999 -9999 -9999 -9999 -9999 -9999 -9999 -9999 -9999 -9999 -9999 -9999 -9999 -9999 -9999 -9999 -9999 -9999 -9999 -9999 -9999 -9999 -9999 -9999 -9999 -9999 -9999 -9999 1.95112E-4 1.67016E-4 2.24887E-4 1.29257E-4 6.34068E-5 1.55219E-4 1.52791E-4 9.46097E-5 2.71715E-5 1.0251E-4 2.57985E-4 1.79987E-4 3.00098E-4 1.95427E-4 2.07502E-4 4.98755E-4 2.97424E-4 1.46524E-4 1.29571E-4 8.39193E-5 2.66341E-5 2.78557E-5 9.19543E-6 2.43742E-6 6.67134E-6 3.22388E-6 1.67943E-6 8.08401E-6 1.26129E-5 7.80812E-6 2.95862E-5 9.00925E-5 1.67732E-4 4.24482E-5 5.78999E-6 6.10649E-7 1.74756E-7 1.22025E-7 2.52309E-7 8.44511E-8 1.6429E-7 1.1012E-7 5.91505E-8
-9999 -9999 -9999 -9999 -9999 -9999 -9999 -9999 -9999 -9999 -9999 -9999 -9999 -9999 -9999 -9999 -9999 -9999 -9999 -9999 -9999 -9999 -9999 -9999 -9999 -9999 -9999 -9999 -9999 -9999 -9999 -9999 -9999 -9999 -9999 -9999 2.48902E-4 2.96681E-4 9.27087E-5 1.01923E-4 2.30518E-4 2.19958E-4 2.22319E-4 1.51631E-4 9.53954E-5 2.11739E-4 2.50123E-4 2.23749E-4 1.56337E-4 2.86068E-4 4.44247E-4 3.97146E-4 2.5408E-4 2.80926E-4 2.66594E-4 2.5011E-4 5.12464E-5 3.1694E-5 3.01595E-5 2.93218E-5 1.18234E-5 7.36801E-6 2.35693E-6 2.03019E-6 1.28496E-6 2.11694E-5 9.91676E-5 1.36343E-4 2.73391E-5 1.00467E-6 1.85585E-7 1.00244E-7 5.39937E-8 6.38628E-8 8.57538E-8 4.93807E-8 6.88544E-8 1.13812E-7
-9999 -9999 -9999 -9999 -9999 -9999 -9999 -9999 -9999 -9999 -9999 -9999 -9999 -9999 -9999 -9999 -9999 -9999 -9999 -9999 -9999 -9999 -9999 -9999 -9999 -9999 -9999 -9999 -9999 -9999 -9999 -9999 -9999 -9999 -9999 -9999 -9999 1.46065E-4 2.37846E-4 3.25577E-4 3.464E-4 2.96486E-4 3.58699E-4 3.05809E-4 3.64411E-4 2.8861E-4 1.90204E-4 1.43474E-4 2.04542E-4 2.59184E-4 2.79935E-4 6.21099E-4 4.99501E-4 4.61405E-4 5.11381E-4 3.03572E-4 1.83471E-4 1.20814E-4 6.80841E-5 5.73672E-5 3.26375E-5 1.2412E-5 2.32524E-6 1.93125E-7 6.47972E-8 9.06414E-7 1.15497E-4 4.04547E-5 8.65614E-6 9.02214E-7 9.7971E-7 1.96373E-7 1.04943E-7 5.1535E-8 4.83011E-8 8.94794E-8 7.55919E-8 1.07634E-7
-9999 -9999 -9999 -9999 -9999 -9999 -9999 -9999 -9999 -9999 -9999 -9999 -9999 -9999 -9999 -9999 -9999 -9999 -9999 -9999 -9999 -9999 -9999 -9999 -9999 -9999 -9999 -9999 -9999 -9999 -9999 -9999 -9999 -9999 -9999 -9999 -9999 -9999 2.58056E-4 3.42692E-4 3.41999E-4 3.19544E-4 3.42532E-4 3.69562E-4 2.5661E-4 1.39506E-4 1.42711E-4 4.78794E-5 4.75587E-5 1.72424E-4 2.90632E-4 4.8965E-4 3.858E-4 1.60165E-4 4.50305E-4 5.1886E-4 1.9595E-4 9.80024E-5 5.33297E-5 4.07347E-5 2.93275E-5 4.82107E-6 4.95341E-7 1.77158E-7 5.6367E-8 1.88678E-6 1.61938E-4 1.43142E-5 1.7828E-6 2.18314E-6 3.36089E-6 1.78857E-7 8.89203E-8 4.38269E-7 5.2671E-7 3.57543E-7 3.41863E-7 5.52941E-8
-9999 -9999 -9999 -9999 -9999 -9999 -9999 -9999 -9999 -9999 -9999 -9999 -9999 -9999 -9999 -9999 -9999 -9999 -9999 -9999 -9999 -9999 -9999 -9999 -9999 -9999 -9999 -9999 -9999 -9999 -9999 -9999 -9999 -9999 -9999 -9999 -9999 -9999 -9999 -9999 2.58832E-4 3.1708E-4 1.82031E-4 1.76473E-4 1.51173E-4 9.36549E-5 7.75792E-5 2.09335E-5 1.48706E-5 9.18261E-5 1.96483E-4 3.68226E-4 3.46035E-4 9.11966E-5 1.20915E-4 5.78529E-4 4.01555E-4 1.09749E-4 2.30524E-5 1.80015E-5 2.05327E-5 1.15793E-5 1.98156E-6 4.02364E-7 1.79433E-7 4.13167E-5 1.40092E-4 3.5152E-5 1.16625E-5 1.33689E-5 8.78433E-7 4.57511E-8 4.44584E-7 1.60744E-6 1.27292E-7 3.88153E-7 1.03784E-7 1.98754E-8
-9999 -9999 -9999 -9999 -9999 -9999 -9999 -9999 -9999 -9999 -9999 -9999 -9999 -9999 -9999 -9999 -9999 -9999 -9999 -9999 -9999 -9999 -9999 -9999 -9999 -9999 -9999 -9999 -9999 -9999 -9999 -9999 -9999 -9999 -9999 -9999 -9999 -9999 -9999 -9999 -9999 4.32041E-4 3.4545E-4 3.35734E-4 3.35309E-4 1.14583E-4 3.42276E-5 1.91332E-5 3.73844E-6 4.07321E-5 4.86638E-5 3.20412E-4 3.90174E-4 2.43683E-4 8.41913E-5 1.10178E-4 2.28265E-4 2.44599E-4 4.88515E-5 6.30301E-6 2.28038E-6 3.04924E-6 1.09693E-6 2.29073E-7 1.90905E-6 5.07235E-5 2.83892E-5 3.49843E-5 7.07255E-5 3.08822E-5 9.96731E-7 8.15899E-7 6.57913E-6 3.49358E-6 2.10404E-6 1.12788E-6 4.65857E-8 7.40451E-9
-9999 -9999 -9999 -9999 -9999 -9999 -9999 -9999 -9999 -9999 -9999 -9999 -9999 -9999 -9999 -9999 -9999 -9999 -9999 -9999 -9999 -9999 -9999 -9999 -9999 -9999 -9999 -9999 -9999 -9999 -9999 -9999 -9999 -9999 -9999 -9999 -9999 -9999 -9999 -9999 -9999 -9999 4.05037E-4 4.82195E-4 2.45398E-4 9.33312E-5 2.4989E-5 7.40336E-6 1.45619E-6 2.9023E-6 5.14284E-5 4.66956E-4 6.18994E-4 4.19228E-4 2.30451E-4 5.78983E-5 1.37191E-4 1.77676E-4 1.38906E-4 6.02557E-5 2.34037E-5 1.62706E-5 1.5313E-6 5.02019E-7 1.64538E-6 9.3606E-6 4.36901E-6 6.33594E-6 8.08407E-6 5.97319E-6 5.01002E-6 1.19794E-5 1.31415E-6 1.19334E-7 1.13018E-6 2.41535E-6 8.0678E-7 3.39624E-7
