ENM/Final_Models/M_1_F_qp_Set_1_NE/Gustavia_santanderiensis_9_Choco_novel.asc
ncols         367
nrows         963
xllcorner     -78.6
yllcorner     0.65
cellsize      0.00833333333333323
NODATA_value  -9999
[rows 210 to 239 of 963, columns 204 to 271 of 367]
-1.84278E1 -1.60726E1 -1.69637E1 -1.93189E1 -1.56906E1 -1.44812E1 -1.70592E1 -2.33927E1 -2.25971E1 -2.12603E1 -1.97327E1 -2.16104E1 -1.98281E1 -1.90643E1 -1.75684E1 -1.32081E1 -1.68046E1 -1.33673E1 -1.26034E1 -9.29344E0 -9.4844E0 -1.2126E1 -1.16168E1 -9.42075E0 -1.32075E1 -2.45283E1 -2.0401E1 -2.31132E1 -1.78549E1 -1.50541E1 -3.56461E0 -8.59325E-1 3.99162E-2 5.98743E-2 3.19329E-1 -2.86442E0 -1.31127E1 -9.26162E0 -1.72183E1 -1.35901E1 -1.0662E1 -1.46226E1 -1.46226E1 -3.77358E0 1.99581E-2 -6.60377E0 1.99581E-2 3.99162E-2 1.99581E-2 3.99162E-2 5.1891E-1 1.99581E-2 -6.13208E0 1.19749E-1 3.59246E-1 1.4769E0 5.98743E0 4.78994E-1 1.2374E0 8.98114E-1 7.18491E-1 5.1891E-1 4.5704E0 3.31304E0 8.54206E0 1.2374E0 7.18491E-1 1.65652E0
-1.80777E1 -1.80458E1 -1.63908E1 -1.37174E1 -1.38447E1 -1.36537E1 -2.10376E1 -2.36474E1 -2.26289E1 -2.42202E1 -2.31381E1 -2.16104E1 -1.60726E1 -1.986E1 -1.76321E1 -1.31127E1 -1.52769E1 -1.1585E1 -9.007E0 -1.14895E1 -9.57989E0 -1.22215E1 -1.47677E1 -1.57543E1 -1.98281E1 -2.45283E1 -2.40566E1 -2.42839E1 -2.26607E1 -1.89052E1 -1.32075E1 -1.5566E1 3.99162E-2 1.39707E-1 1.39707E-1 7.98324E-2 -1.34946E1 -1.34309E1 -2.21698E1 -1.3049E1 -8.49057E0 -4.24528E0 -3.77358E0 -9.43396E-1 1.99581E-2 3.99162E-2 1.99581E-2 1.99581E-2 1.99581E-2 1.19749E-1 3.67229E0 4.1912E-1 9.97904E-2 7.98324E-1 8.3824E-1 1.2374E0 1.07774E0 4.59036E-1 6.18701E-1 2.85401E0 7.88344E0 4.07145E0 3.67229E0 1.03782E0 1.0937E1 7.38449E-1 1.57669E0 1.2374E0
-1.45449E1 -1.7091E1 -2.01464E1 -1.96053E1 -1.98281E1 -2.04647E1 -1.91916E1 -2.25334E1 -2.23106E1 -2.49204E1 -2.37428E1 -2.22151E1 -1.88733E1 -1.95099E1 -8.94335E0 -1.30172E1 -1.47995E1 -1.23806E1 -9.61171E0 -6.90643E0 -1.02482E1 -1.67091E1 -2.5E1 -2.5E1 -2.5E1 -2.45283E1 -2.04965E1 -2.13558E1 -1.69955E1 -1.8014E1 -7.38383E0 1.99581E-2 3.99162E-2 5.98743E-2 3.99162E-2 -1.50943E1 -1.17925E1 -1.05029E1 -2.26415E1 -1.73138E1 -9.90566E0 -1.88679E0 -5.95162E0 -3.18269E0 1.99581E-2 -4.71698E-1 -7.2247E0 1.99581E-2 1.99581E-2 -8.59325E-1 1.79623E-1 2.79413E-1 3.19329E-1 9.77946E-1 8.18282E-1 4.75002E0 1.07774E0 2.79413E-1 3.79204E-1 4.07145E0 8.08303E0 5.62818E0 3.19329E-1 1.77627E0 3.99162E-1 4.59036E-1 1.29728E0 1.4769E0
-1.79185E1 -1.35901E1 -1.68364E1 -2.10694E1 -2.1515E1 -2.46022E1 -2.52387E1 -2.33291E1 -1.91916E1 -2.28199E1 -2.28835E1 -1.66454E1 -1.8014E1 -1.40993E1 -1.22852E1 -1.14258E1 -1.0662E1 -1.6359E1 -1.3049E1 -9.19796E0 -1.2317E1 -1.03119E1 -1.63272E1 -1.60377E1 -2.38383E1 -2.25334E1 -2.17696E1 -2.18014E1 -1.67728E1 -1.55952E1 -1.79245E1 7.98324E-2 1.19749E-1 1.99581E-1 5.98743E-2 -2.54615E0 -1.60377E1 -1.17925E1 -1.05665E1 -1.35582E1 -6.46085E0 -1.46404E0 -2.54615E0 -1.87778E0 -9.90566E0 -1.60377E1 -1.5566E1 -1.17925E1 -1.13208E1 -8.96226E0 -7.54717E0 2.19539E-1 1.21744E0 2.0956E0 4.51053E0 3.31304E0 8.98114E-1 2.19539E-1 5.78785E-1 2.25526E0 5.22902E0 5.62818E0 6.58617E-1 2.19539E-1 5.78785E-1 6.18701E-1 1.91598E0 3.27313E0
-1.38765E1 -2.13558E1 -2.22788E1 -1.90961E1 -1.99554E1 -2.26289E1 -2.18651E1 -2.38383E1 -1.94144E1 -1.44494E1 -1.16805E1 -1.33673E1 -1.25716E1 -1.57861E1 -1.12985E1 -1.14895E1 -1.33991E1 -1.4895E1 -1.12349E1 -1.11712E1 -9.96181E0 -1.41311E1 -1.8014E1 -1.70592E1 -1.88097E1 -1.83962E1 -1.86505E1 -2.64151E1 -1.68682E1 -1.74411E1 -1.07257E1 -1.05029E0 7.38449E-1 4.1912E-1 5.98743E-2 -6.97008E0 -1.69811E1 -1.20942E1 -9.64354E0 -1.27358E1 -9.54806E-2 3.99162E-2 -1.22642E1 1.19749E-1 -1.22642E1 -1.17925E1 -1.17925E1 1.19749E-1 1.19749E-1 3.99162E-1 4.78994E-1 3.99162E-1 4.78994E-1 7.38449E-1 1.7164E0 1.2374E0 3.99162E-1 2.59455E-1 4.98952E-1 3.97166E0 1.0478E1 1.47291E1 3.67229E0 8.98114E-1 4.98952E-1 2.59455E-1 9.97904E-1 4.51053E0
-1.71865E1 -1.84914E1 -1.84596E1 -2.54933E1 -2.50796E1 -2.27244E1 -2.25971E1 -2.53342E1 -1.69637E1 -1.44812E1 -1.19351E1 -9.45258E0 -1.55952E1 -1.324E1 -1.64227E1 -1.56588E1 -1.55633E1 -1.42266E1 -1.5436E1 -1.20306E1 -9.45258E0 -1.39402E1 -1.33036E1 -1.43539E1 -1.44494E1 -1.14577E1 -1.07893E1 -1.34628E1 -1.38765E1 -8.56143E0 9.97904E-2 1.11765E0 8.3824E-1 4.78994E-1 1.39707E-1 -6.11076E0 -1.79245E1 -1.55315E1 -1.05665E1 -1.27358E1 -8.96226E0 1.19749E-1 1.19749E-1 3.99162E-2 -1.50943E1 -3.88288E0 -3.97836E0 -2.4825E0 -1.55952E0 1.19749E-1 3.59246E-1 4.59036E-1 7.18491E-1 9.97904E-2 4.78994E-1 3.19329E-1 2.79413E-1 4.98952E-1 6.58617E-1 5.00948E0 8.92127E0 1.19749E1 9.95909E0 4.07145E0 3.19329E-1 8.98114E-1 9.22064E0 5.52839E0
-1.59771E1 -2.27244E1 -1.99873E1 -2.14195E1 -2.23743E1 -2.10694E1 -2.55251E1 -2.40611E1 -1.83323E1 -9.80267E0 -1.00573E1 -7.82941E0 -1.24443E1 -4.90134E0 -1.05983E1 -1.4513E1 -1.43539E1 -1.44494E1 -1.51178E1 -1.1394E1 -1.50223E1 -1.20942E1 -1.35264E1 -1.43539E1 -1.14895E1 -1.20306E1 -1.46404E1 -1.06938E1 -7.60662E0 -2.73711E0 9.57988E-1 8.98114E-1 7.82357E0 8.18282E-1 1.19749E-1 -1.62317E0 -1.47995E1 -1.27358E1 -9.26162E0 -8.96226E0 -1.88679E1 -1.88679E1 -1.5566E1 -1.74528E1 -9.90566E0 -4.77403E-1 -1.50943E1 -1.59134E-1 -1.71865E0 4.78994E-1 1.19749E-1 4.78994E-1 6.58617E-1 7.38449E-1 1.19749E-1 2.79413E-1 4.98952E-1 1.19749E-1 4.98952E-1 1.61661E0 4.07145E0 5.22902E0 8.24269E0 1.11765E0 4.78994E-1 9.57988E-1 3.0476E1 1.36114E1
-1.66454E1 -2.18014E1 -2.45385E1 -2.08784E1 -1.68046E1 -2.41248E1 -2.52705E1 -2.03055E1 -1.26671E1 -1.42584E1 -1.50859E1 -1.54997E1 -1.26671E1 -9.42075E0 -1.4704E1 -1.29535E1 -1.43539E1 -1.28899E1 -1.40993E1 -1.40993E1 -1.20942E1 -8.65691E0 -1.36219E1 -1.18714E1 -1.28899E1 -9.26162E0 -9.64354E0 -9.61171E0 -7.00191E-1 3.79204E-1 6.18701E-1 7.18491E-1 7.18491E-1 7.26474E0 8.3824E-1 1.19749E-1 -3.30189E0 -2.73585E1 -1.12985E1 -3.7874E0 -9.90566E0 -9.90566E0 1.99581E-2 1.99581E-2 -1.27358E1 -6.13208E0 -8.49057E0 -1.20942E0 -1.17759E0 4.78994E-1 9.97904E-2 8.18282E-1 7.18491E-1 3.19329E-1 4.78994E-1 3.79204E-1 7.38449E-1 1.19749E-1 5.78785E-1 4.78994E-1 1.65652E0 2.85401E0 5.00948E0 4.07145E0 2.19539E-1 4.78994E-1 1.26135E1 1.02185E1
-1.57225E1 -1.64227E1 -2.04647E1 -2.29472E1 -1.74411E1 -2.15786E1 -2.31063E1 -2.04328E1 -1.27307E1 -1.48313E1 -1.00255E1 -1.0853E1 -1.1394E1 -1.10439E1 -1.22852E1 -1.05983E1 -1.35901E1 -1.05347E1 -1.50859E1 -1.26034E1 -1.05665E1 -1.40356E1 -1.38765E1 -1.3781E1 -1.42903E1 -9.3571E0 -1.08211E1 -1.47358E1 9.97904E-2 3.19329E-1 2.19539E-1 4.1912E-1 4.1912E-1 3.19329E-1 7.26474E0 1.19749E-1 1.19749E-1 -2.0283E1 -1.68364E1 1.99581E-2 1.79623E-1 9.97904E-2 9.97904E-2 9.97904E-2 -1.17759E0 -2.86442E-1 -1.27358E1 -4.80586E0 -1.40038E0 2.19539E-1 1.39707E-1 1.59665E-1 5.1891E-1 1.19749E-1 3.19329E-1 3.19329E-1 6.58617E-1 6.58617E-1 2.79413E-1 4.59036E-1 1.61661E0 4.07145E0 4.07145E0 4.07145E0 4.78994E-1 4.78994E-1 6.58617E-1 4.07145E0
-1.64863E1 -1.24761E1 -2.39975E1 -2.18651E1 -2.2247E1 -2.30745E1 -1.81731E1 -1.47677E1 -1.43857E1 -9.16614E0 -6.8746E0 -7.51114E0 -9.07066E0 -1.35264E1 -1.14258E1 -1.58816E1 -1.31763E1 -1.29217E1 -1.20942E1 -1.63272E1 -1.21897E1 -1.56906E1 -1.63272E1 -1.8205E1 -1.9478E1 -1.35264E1 -1.13304E1 -1.13622E1 -4.99682E0 4.59036E-1 3.19329E-1 4.78994E-1 1.99581E-1 9.97904E-2 1.19749E-1 7.98324E-2 7.98324E-2 -4.13749E0 -7.51114E0 -5.0923E-1 1.19749E-1 1.19749E-1 3.79204E-1 4.39078E-1 -8.27498E-1 -2.45067E0 3.99162E-2 -2.32336E0 5.98743E-2 1.19749E-1 1.99581E-2 9.97904E-2 -3.69192E0 -3.50095E-1 6.18701E-1 6.18701E-1 2.39497E-1 4.59036E-1 8.18282E-1 3.79204E-1 3.31304E0 5.00948E0 4.07145E0 3.67229E0 7.18491E-1 5.1891E-1 5.1891E-1 6.92546E0
-1.68364E1 -2.06875E1 -1.42903E1 -1.96372E1 -1.80458E1 -2.07829E1 -2.07193E1 -1.36856E1 -1.2126E1 -7.89306E0 -8.75239E0 -8.5296E0 -7.82941E0 -6.93826E0 -1.27944E1 -1.00255E1 -1.75366E1 -1.59453E1 -1.43221E1 -1.51496E1 -1.29217E1 -1.17441E1 -1.15532E1 -1.66454E1 -1.72183E1 -1.86187E1 -1.01528E1 -1.52769E1 -1.2508E1 -5.66518E0 -1.20942E0 3.99162E-1 2.19539E-1 9.97904E-2 9.97904E-2 -8.01887E0 -4.71698E0 -8.96226E0 -6.0471E0 -7.95672E-1 9.97904E-2 -2.99172E0 9.97904E-2 1.19749E-1 1.19749E-1 -1.7823E0 -2.41884E0 5.98743E-2 -4.45576E-1 1.39707E-1 5.98743E-2 9.97904E-2 7.38449E-1 4.1912E-1 2.79413E-1 5.1891E-1 1.39707E-1 5.98743E-2 8.18282E-1 1.03782E0 4.07145E0 8.98114E-1 5.1891E-1 2.59455E-1 2.19539E-1 5.78785E-1 2.15547E0 1.46892E1
-1.39402E1 -1.64227E1 -1.57225E1 -1.74411E1 -2.11012E1 -1.95735E1 -1.86824E1 -1.05665E1 -1.54679E1 -1.33355E1 -1.0853E1 -9.89815E0 -6.46085E0 -7.03374E0 -1.23806E1 -1.13304E1 -1.09166E1 -7.60662E0 -1.38765E1 -1.35901E1 -1.25398E1 -1.1394E1 -9.42075E0 -1.6168E1 -1.74729E1 -1.86187E1 -1.32718E1 -5.63335E0 -1.12985E1 -1.09166E1 -1.07575E1 -1.83004E1 -1.57225E1 -2.45067E0 -2.83019E0 -1.60377E1 -2.35849E1 -4.71698E0 -5.25143E0 -1.20942E0 9.97904E-2 -2.86442E-1 9.97904E-2 1.79623E-1 2.19539E-1 9.97904E-2 1.39707E-1 -9.54806E-2 1.99581E-2 3.19329E-1 1.19749E-1 1.79623E-1 3.99162E-1 3.99162E-1 9.97904E-2 2.19539E-1 2.19539E-1 5.38868E-1 3.99162E-1 1.61661E0 1.31524E1 4.07145E0 4.07145E0 5.1891E-1 2.59455E-1 2.15547E0 9.22064E0 1.62459E1
-1.98918E1 -1.74729E1 -1.93826E1 -1.84596E1 -1.90961E1 -1.90643E1 -2.09102E1 -1.68364E1 -1.47995E1 -1.91916E1 -1.4704E1 -1.20624E1 -9.86633E0 -7.09739E0 -1.18714E1 -1.47677E1 -1.40038E1 -8.72056E0 -9.96181E0 -1.4895E1 -1.28581E1 -6.77912E0 -1.07257E1 -1.71547E1 -1.74411E1 -1.41311E1 -1.77276E1 -7.19287E0 -1.02801E1 -2.26289E1 -1.92553E1 -2.29153E1 -3.30189E1 -2.33927E1 -1.74528E1 -2.45283E1 -1.45449E1 -1.36792E1 -2.45067E0 -4.45576E-1 -2.54615E0 -2.19605E0 -9.86633E-1 1.99581E-2 9.97904E-2 1.19749E-1 5.98743E-2 1.99581E-2 3.79204E-1 1.79623E-1 1.19749E-1 3.99162E-2 7.98324E-2 1.79623E-1 3.79204E-1 2.19539E-1 2.59455E-1 3.19329E-1 1.41702E0 2.25526E0 6.22692E0 8.54206E0 2.05568E0 1.65652E0 2.19539E-1 2.15547E0 2.25526E1 4.07145E0
-1.95417E1 -1.66136E1 -2.21197E1 -1.94144E1 -1.99236E1 -1.96053E1 -1.84596E1 -1.64545E1 -1.47995E1 -1.76003E1 -1.54997E1 -1.25398E1 -1.0853E1 -9.29344E0 -8.46595E0 -8.94335E0 -7.28835E0 -7.09739E0 -1.23806E1 -1.14577E1 -7.32018E0 -9.54806E0 -1.1585E1 -1.55633E1 -1.71229E1 -1.54997E1 -1.73138E1 -1.52132E1 -1.64227E1 -1.69955E1 -2.04965E1 -1.66773E1 -2.09421E1 -3.34906E1 -2.7212E1 -2.5E1 -2.54717E1 -2.5E1 -4.64672E0 1.19749E-1 -2.76894E0 -2.22788E0 -2.10057E0 -7.63845E-1 9.97904E-2 1.19749E-1 1.19749E-1 1.19749E-1 3.79204E-1 1.79623E-1 9.97904E-2 1.99581E-2 7.98324E-2 1.99581E-1 2.79413E-1 2.59455E-1 3.19329E-1 4.78994E-1 1.21744E0 1.65652E0 6.22692E0 6.22692E0 9.57988E-1 1.07774E0 4.1912E-1 1.37711E0 2.25526E1 4.5704E0
-2.19924E1 -2.38065E1 -2.66391E1 -2.64481E1 -2.57798E1 -2.26289E1 -2.3711E1 -1.93507E1 -2.0401E1 -1.73138E1 -1.19032E1 -1.06302E1 -7.82941E0 -9.42075E0 -7.92489E0 -1.42266E1 -1.08211E1 -1.03119E1 -1.35582E1 -1.00891E1 -5.5697E0 -3.30999E0 -9.54806E0 -1.83323E1 -1.96053E1 -1.77594E1 -1.81413E1 -1.69319E1 -1.71229E1 -1.22533E1 -1.69955E1 -1.7282E1 -1.56906E1 -1.03119E1 -1.83641E1 -1.67409E1 -2.9717E1 -1.12349E1 -3.46913E0 1.99581E-2 -2.32336E0 -3.85105E0 -4.20115E0 3.99162E-2 9.97904E-2 9.97904E-2 1.19749E-1 3.79204E-1 1.79623E-1 3.99162E-2 1.99581E-2 7.98324E-2 5.1891E-1 2.19539E-1 4.78994E-1 1.99581E-2 3.99162E-2 7.98324E-2 2.19539E-1 4.76998E0 5.62818E0 2.15547E0 1.77627E0 5.78785E-1 5.1891E-1 1.79623E-1 1.31524E1 1.92596E1
-2.19924E1 -2.67346E1 -1.95735E1 -2.67027E1 -2.5366E1 -2.60344E1 -3.13176E1 -2.20242E1 -1.87142E1 -2.24061E1 -1.05029E1 -1.40038E1 -1.0471E1 -8.08402E0 -8.43412E0 -8.37046E0 -1.70274E1 -7.47931E0 -6.42903E0 -5.15595E0 -3.05538E0 -6.01528E0 -1.38765E1 -1.58816E1 -1.80458E1 -1.76639E1 -1.79185E1 -1.69319E1 -1.33036E1 -1.24443E1 -1.34946E1 -1.77276E1 -1.77912E1 -1.90325E1 -1.5818E1 -1.49586E1 -6.42903E0 -1.71865E0 -2.03692E0 -3.15086E0 -4.10567E0 -6.0471E-1 -2.92807E0 -2.86442E-1 -8.59325E-1 -3.50095E0 -2.54615E0 1.79623E-1 3.99162E-2 9.97904E-2 7.98324E-2 7.98324E-2 1.19749E-1 9.97904E-2 3.19329E-1 1.99581E-2 1.99581E-2 1.19749E-1 4.78994E-1 1.11765E0 3.31304E0 1.4769E0 2.35505E0 2.05568E0 1.99581E-1 1.79623E-1 6.38659E0 1.46892E1
-2.2056E1 -2.23743E1 -1.93189E1 -2.40293E1 -2.7021E1 -2.59071E1 -2.72438E1 -2.19924E1 -1.73456E1 -1.5627E1 -1.43857E1 -4.86951E0 -6.68364E0 -7.60662E0 -6.65181E0 -1.1585E1 -1.43221E1 -6.49268E0 -5.98345E0 -9.86633E0 -1.25716E1 -5.82432E0 -6.84278E0 -1.03756E1 -1.88097E1 -2.01146E1 -1.76321E1 -7.41566E0 -8.08402E0 -2.32336E0 -6.14258E0 -7.98854E0 -1.3972E1 -1.47995E1 -1.2508E1 -8.21133E0 -6.68364E0 -3.11903E0 -3.40547E0 -2.41884E0 -1.14577E0 -3.08721E0 -6.60377E0 -7.07547E0 -7.07547E0 -1.41509E1 -1.27358E1 7.98324E-2 -3.69192E0 -2.41884E0 2.79413E-1 -2.00509E0 -1.24125E0 -9.54806E-1 -1.08211E0 1.19749E-1 1.19749E-1 1.19749E-1 4.78994E-1 6.22692E0 5.22902E0 4.5704E0 2.35505E0 7.38449E-1 1.99581E-1 1.19749E-1 1.17553E1 1.84413E1
-2.11967E1 -2.2247E1 -2.11649E1 -1.99873E1 -2.84214E1 -2.65754E1 -2.68937E1 -2.03374E1 -1.3049E1 -1.0662E1 -1.05029E1 -1.15213E1 -9.99363E0 -9.70719E0 -9.8345E0 -1.20306E1 -1.14577E1 -7.7021E0 -7.92489E0 -7.09739E0 -9.10248E0 -7.82941E0 -8.68873E0 -1.18396E1 -1.7823E1 -1.42903E1 -1.37492E1 -4.39211E0 1.59665E-1 4.59036E-1 7.98324E-2 -6.13208E0 -1.46404E0 -4.42393E0 -1.08211E1 -9.42075E0 -7.03374E0 -3.94653E0 -5.72883E-1 1.99581E-2 -6.36537E-1 -1.27307E0 -5.25143E0 -1.27307E-1 9.97904E-2 -4.29663E0 1.99581E-2 9.97904E-2 1.79623E-1 2.19539E-1 2.59455E-1 3.99162E-2 -5.41057E-1 -4.90134E0 1.99581E-2 1.19749E-1 1.19749E-1 5.78785E-1 3.19329E-1 4.86977E0 1.65652E0 4.07145E0 2.19539E-1 1.99581E-1 1.39707E-1 8.18282E-1 1.30725E1 2.0457E1
-2.63845E1 -2.52069E1 -2.48886E1 -2.85169E1 -2.75621E1 -2.34246E1 -2.50159E1 -2.57161E1 -1.64545E1 -1.41311E1 -1.13304E1 -1.75684E1 -1.64863E1 -1.37174E1 -1.43857E1 -1.0662E1 -1.09803E1 -7.28835E0 -9.99363E0 -1.18396E1 -1.10439E1 -1.15532E1 -1.07575E1 -1.36856E1 -1.77912E1 -1.90643E1 -2.11012E1 -1.24125E1 1.79623E-1 4.59036E-1 2.79413E-1 2.79413E-1 1.79623E-1 1.19749E-1 -6.36537E-1 -9.26162E0 -1.41509E1 -1.41509E1 -1.36792E1 -1.36856E0 -2.35519E0 -2.32336E0 -2.51432E0 1.19749E-1 1.19749E-1 5.98743E-2 1.99581E-2 9.97904E-2 9.97904E-2 1.79623E-1 9.97904E-2 3.99162E-2 1.19749E-1 7.98324E-2 5.98743E-2 7.98324E-2 7.98324E-2 1.99581E-2 1.03782E0 9.77946E-1 2.25526E0 2.85401E0 2.19539E-1 1.79623E-1 3.79204E-1 1.19749E-1 5.76789E0 7.88344E0
-2.38065E1 -2.24379E1 -2.28199E1 -3.01719E1 -2.76575E1 -3.00127E1 -2.43794E1 -2.75302E1 -2.42521E1 -1.56906E1 -1.38765E1 -1.8937E1 -1.60726E1 -1.71229E1 -1.20624E1 -1.35264E1 -1.13622E1 -1.50541E1 -9.38892E0 -5.85614E0 -1.52132E1 -1.29217E1 -1.55952E1 -1.80777E1 -1.65818E1 -2.13877E1 -2.08148E1 -1.50223E1 -2.03692E0 3.99162E-1 4.78994E-1 5.78785E-1 4.78994E-1 2.19539E-1 7.98324E-2 -5.5697E0 -1.5566E1 -2.07547E1 -2.31132E1 -2.41884E0 -2.16423E0 -5.12412E0 -2.89624E0 -1.97327E0 7.98324E-2 7.98324E-2 1.99581E-2 1.99581E-2 -1.40038E0 9.97904E-2 -2.03692E0 -2.25971E0 9.97904E-2 1.19749E-1 7.98324E-2 7.98324E-2 7.98324E-2 -3.18269E-1 3.19329E-1 2.4748E0 3.31304E0 8.54206E0 2.35505E0 6.18701E-1 1.39707E-1 2.59455E-1 4.78994E-1 1.2374E0
-2.72438E1 -2.2247E1 -1.80777E1 -3.11903E1 -2.67346E1 -2.59389E1 -2.6098E1 -2.66073E1 -2.13558E1 -1.97008E1 -1.62317E1 -1.45767E1 -1.70274E1 -1.85869E1 -1.35582E1 -1.45449E1 -1.75366E1 -1.28262E1 -6.77912E0 -1.01528E1 -1.25398E1 -1.31127E1 -1.4895E1 -1.45449E1 -2.12603E1 -2.06875E1 -2.01146E1 -1.40993E1 -6.84278E0 3.19329E-1 4.1912E-1 4.78994E-1 5.1891E-1 6.58617E-1 2.79413E-1 7.98324E-2 -4.55124E0 -3.97836E0 -5.66518E0 -4.13749E0 -5.66518E0 -7.95672E0 -2.9599E0 7.98324E-2 7.98324E-2 9.97904E-2 1.19749E-1 9.97904E-2 -3.72374E0 -3.66009E0 -2.45067E0 -3.08721E0 -2.00509E0 1.19749E-1 1.19749E-1 1.19749E-1 1.99581E-2 5.98743E-2 1.21744E0 3.51262E0 3.31304E0 2.85401E0 3.31304E0 4.5704E0 1.77627E0 1.79623E-1 1.19749E-1 1.39707E-1
-1.64863E1 -2.31063E1 -2.35201E1 -3.30363E1 -2.27562E1 -2.23425E1 -2.28835E1 -2.37428E1 -1.92553E1 -1.88097E1 -1.61362E1 -1.83959E1 -1.83323E1 -1.71865E1 -1.72502E1 -1.36537E1 -1.76321E1 -1.324E1 -1.00573E1 -1.30808E1 -1.09166E1 -8.94335E0 -1.15532E1 -1.51178E1 -1.97008E1 -1.57861E1 -1.3781E1 -1.2508E1 -1.15213E1 -1.14577E0 3.19329E-1 4.59036E-1 4.78994E-1 6.18701E-1 3.19329E-1 2.79413E-1 1.19749E-1 1.19749E-1 1.99581E-2 -1.36792E1 -3.72374E0 -8.87969E0 -5.02864E0 -8.59325E-1 7.98324E-2 9.97904E-2 2.39497E-1 1.19749E-1 -2.00509E0 -5.63335E0 -3.66009E0 -2.70528E0 5.98743E-2 7.98324E-2 9.97904E-2 9.97904E-2 4.1912E-1 9.97904E-2 1.07774E0 5.56831E0 1.61661E0 5.22902E0 7.26474E0 7.88344E0 7.26474E0 2.4748E0 6.18701E-1 9.57988E-1
-1.59771E1 -1.97008E1 -1.8937E1 -2.87078E1 -3.33545E1 -3.02673E1 -2.15468E1 -2.47295E1 -2.55888E1 -2.05283E1 -1.48313E1 -1.8014E1 -2.16423E1 -2.02101E1 -1.93507E1 -1.5627E1 -2.15468E1 -1.00573E1 -1.44494E1 -1.39402E1 -8.75239E0 -2.99172E0 -7.51114E0 -1.324E1 -1.75366E1 -2.18651E1 -2.11012E1 -1.4163E1 -9.45258E0 -2.41884E0 1.19749E-1 3.79204E-1 4.59036E-1 2.59455E-1 1.79623E-1 1.19749E-1 1.19749E-1 3.99162E-2 3.99162E-2 -1.22642E1 1.99581E-2 -2.76894E0 -4.61489E0 9.97904E-2 -6.0471E-1 -1.17759E0 -3.18269E-1 -7.00191E-1 -5.79249E0 -5.25143E0 -1.84596E0 -3.30999E0 -1.11394E0 2.39497E-1 7.98324E-2 5.98743E-2 -3.18269E-1 9.97904E-2 1.11765E0 3.67229E0 6.22692E0 1.65652E0 7.26474E0 2.25526E0 3.31304E0 2.15547E0 6.18701E-1 1.29728E0
-1.44812E1 -2.01782E1 -2.67346E1 -3.12858E1 -3.1986E1 -2.97899E1 -2.44749E1 -2.66073E1 -2.63208E1 -2.29153E1 -2.24379E1 -2.25016E1 -1.5627E1 -1.55315E1 -2.57161E1 -1.9478E1 -1.95417E1 -1.5627E1 -1.80458E1 -1.83641E1 -1.74729E1 -5.85614E0 -1.04392E1 -1.28262E1 -1.81731E1 -2.27244E1 -2.20878E1 -1.70592E1 -9.61171E0 3.19329E-1 8.3824E-1 1.61661E0 1.77627E0 1.2374E0 3.99162E-1 2.19539E-1 1.99581E-1 2.19539E-1 1.19749E-1 1.99581E-2 1.99581E-2 -1.97327E0 1.79623E-1 2.79413E-1 4.1912E-1 1.79623E-1 4.1912E-1 -6.0471E-1 -4.42393E0 -5.34691E0 -3.59644E0 -2.4825E0 1.99581E-2 -6.68364E-1 1.19749E-1 5.98743E-2 1.39707E-1 3.99162E-1 1.07774E0 7.88344E0 8.54206E0 5.22902E0 6.62609E0 5.62818E0 3.31304E0 1.93593E0 3.79204E-1 1.19749E-1
-1.93507E1 -2.16741E1 -2.58752E1 -3.05538E1 -3.52323E1 -2.8676E1 -2.78167E1 -2.76575E1 -2.72756E1 -2.99809E1 -2.55888E1 -2.31381E1 -2.1324E1 -2.03055E1 -2.3902E1 -1.68364E1 -1.85869E1 -2.5366E1 -1.88733E1 -1.85551E1 -1.69001E1 -1.52769E1 -9.61171E0 -8.75239E0 -1.50223E1 -2.22151E1 -2.15468E1 -1.88733E1 -1.35901E1 -3.18269E-1 8.3824E-1 1.61661E0 1.61661E0 1.77627E0 4.78994E-1 3.19329E-1 2.79413E-1 2.79413E-1 1.99581E-1 5.98743E-2 1.99581E-2 -4.2648E0 -6.0471E-1 5.98743E-2 1.99581E-2 5.98743E-2 9.97904E-2 9.3803E-1 9.97904E-2 -3.7874E0 -7.00191E0 -7.63845E0 -3.21451E0 1.79623E-1 3.99162E-1 9.97904E-2 4.78994E-1 1.4769E0 3.31304E0 8.18282E0 5.00948E0 1.74833E1 1.46892E1 1.88205E1 1.43099E1 2.4748E0 1.39707E-1 4.78994E-1
-2.49204E1 -2.1133E1 -1.8937E1 -3.16996E1 -3.63144E1 -3.06493E1 -3.04265E1 -2.95672E1 -2.67027E1 -2.26607E1 -2.67346E1 -2.43157E1 -2.0401E1 -2.30108E1 -2.29153E1 -1.94144E1 -1.86505E1 -2.17059E1 -2.39656E1 -1.83004E1 -1.68046E1 -1.36856E1 -1.11394E1 -1.04392E1 -1.57861E1 -2.01146E1 -1.83004E1 -1.83004E1 -1.33991E1 -3.97836E0 3.19329E-1 8.18282E-1 1.2374E0 1.61661E0 1.11765E0 4.78994E-1 3.19329E-1 2.79413E-1 3.19329E-1 1.19749E-1 3.99162E-2 -3.81922E0 7.98324E-2 3.99162E-2 -2.67346E0 -3.40547E0 -1.24125E0 4.78994E-1 1.79623E-1 -1.49586E0 -1.97327E0 -1.52769E0 -1.81413E0 2.39497E-1 -2.54615E-1 1.99581E-2 4.78994E-1 4.5704E0 5.56831E0 5.62818E0 5.00948E0 1.90201E1 1.46892E1 1.46892E1 9.999E0 1.80421E1 2.4748E0 1.19749E-1
-2.08148E1 -2.74666E1 -1.82368E1 -3.45958E1 -4.2457E1 -3.14449E1 -2.91534E1 -2.97581E1 -3.02673E1 -2.54933E1 -2.83577E1 -2.61935E1 -2.05602E1 -2.03374E1 -2.14195E1 -1.74093E1 -1.53405E1 -1.20942E1 -2.30745E1 -2.22788E1 -2.14831E1 -1.68046E1 -9.99363E0 -1.37492E1 -1.73138E1 -1.64863E1 -1.65818E1 -1.79503E1 -1.08848E1 -5.47422E0 -1.81413E0 3.19329E-1 1.2374E0 1.65652E0 1.11765E0 1.11765E0 3.79204E-1 2.59455E-1 3.19329E-1 4.78994E-1 7.98324E-2 -8.27498E-1 -4.67855E0 9.97904E-2 -3.27817E0 -9.54806E-1 1.99581E-2 1.19749E-1 1.19749E-1 -1.20942E0 -2.35519E0 -1.33673E0 5.98743E-2 9.97904E-2 7.98324E-2 1.39707E-1 2.59455E-1 4.92965E0 5.12923E0 8.54206E0 5.00948E0 1.93993E1 1.93993E1 1.46892E1 1.46892E1 1.93993E1 2.85401E0 1.07774E0
-2.13558E1 -2.21197E1 -2.27562E1 -3.11267E1 -3.27498E1 -3.15086E1 -3.1063E1 -3.10948E1 -3.06174E1 -2.74666E1 -2.47931E1 -2.43794E1 -2.16104E1 -2.59071E1 -2.58116E1 -2.14513E1 -1.79503E1 -1.33036E1 -2.02101E1 -1.37492E1 -1.73138E1 -1.85232E1 -1.60726E1 -1.77594E1 -1.75684E1 -1.4704E1 -1.26671E1 -1.7282E1 -1.56906E1 -1.65094E1 -9.86633E0 -3.18269E-2 7.18491E-1 8.98114E-1 9.57988E-1 1.61661E0 1.11765E0 4.78994E-1 2.79413E-1 4.1912E-1 4.78994E-1 5.98743E-2 -3.9147E0 1.79623E-1 4.1912E-1 3.19329E-1 1.19749E-1 1.19749E-1 1.19749E-1 -2.4825E0 -8.21133E0 -5.69701E0 -3.7874E0 -1.3049E0 -5.72883E-1 5.78785E-1 4.78994E-1 4.5704E0 5.00948E0 5.00948E0 1.93993E1 1.93993E1 1.93993E1 1.46892E1 1.88205E1 1.93993E1 6.22692E0 1.61661E0
-2.97263E1 -2.53024E1 -2.86442E1 -3.68555E1 -3.36092E1 -2.96945E1 -3.014E1 -2.72438E1 -2.84214E1 -2.94398E1 -2.65754E1 -1.91279E1 -2.57479E1 -2.60344E1 -2.39656E1 -2.07511E1 -1.83641E1 -1.65181E1 -2.04328E1 -1.43539E1 -1.52132E1 -1.4513E1 -2.25652E1 -2.32336E1 -1.7823E1 -1.61999E1 -1.68046E1 -1.64545E1 -2.25334E1 -2.40293E1 -2.18014E1 -1.42266E1 3.19329E-1 3.99162E-1 1.37711E0 1.77627E0 1.77627E0 7.18491E-1 1.99581E-1 4.59036E-1 4.78994E-1 1.19749E-1 -6.90643E0 7.98324E-2 9.57988E-1 5.78785E-1 4.1912E-1 5.1891E-1 1.19749E-1 9.97904E-2 -3.56461E0 -3.81922E-1 -5.41057E-1 1.99581E-2 1.79623E-1 8.18282E-1 4.1912E-1 9.22064E0 9.22064E0 5.62818E0 1.93993E1 2.25526E1 2.13951E1 2.0457E1 1.93993E1 2.0457E1 8.54206E0 8.54206E0
-2.49204E1 -2.37428E1 -2.45703E1 -2.78485E1 -2.64481E1 -2.74348E1 -2.64799E1 -2.84532E1 -2.73711E1 -2.42521E1 -2.33927E1 -2.4443E1 -2.01146E1 -2.53024E1 -2.61617E1 -2.35201E1 -2.18651E1 -2.12285E1 -1.90643E1 -1.94144E1 -1.66773E1 -2.00509E1 -2.22788E1 -2.10057E1 -1.85869E1 -2.00191E1 -1.75684E1 -1.86187E1 -2.39975E1 -3.08084E1 -2.58752E1 -1.45767E1 2.39497E-1 3.79204E-1 8.18282E-1 1.77627E0 1.93593E0 1.11765E0 1.03782E0 4.98952E-1 9.97904E-2 1.19749E-1 -6.11076E0 1.99581E-2 2.89392E0 4.92965E0 3.67229E0 1.79623E-1 2.59455E-1 1.19749E-1 1.19749E-1 9.97904E-2 -2.10057E0 3.39287E-1 3.19329E-1 3.79204E-1 4.78994E-1 7.88344E0 9.22064E0 5.62818E0 2.25526E1 1.5707E1 1.46892E1 2.0457E1 1.93993E1 1.93993E1 5.22902E0 5.22902E0
