ENM/Final_Models/M_1_F_qp_Set_1_NE/Gustavia_santanderiensis_1_Choco.asc
ncols         367
nrows         963
xllcorner     -78.6
yllcorner     0.65
cellsize      0.00833333333333323
NODATA_value  -9999
[rows 102 to 135 of 963, columns 234 to 311 of 367]
8.76034E-1 6.54341E-1 6.60572E-1 -9999 -9999 -9999 -9999 -9999 -9999 -9999 6.05226E-1 6.69095E-1 7.61508E-1 2.20173E-1 3.55259E-1 2.56477E-1 1.89856E-1 2.25202E-1 2.08237E-1 4.21052E-1 3.99512E-1 4.15356E-1 2.52808E-1 -9999 -9999 -9999 -9999 -9999 -9999 -9999 -9999 -9999 -9999 -9999 -9999 -9999 -9999 -9999 -9999 -9999 -9999 -9999 -9999 -9999 -9999 -9999 -9999 -9999 -9999 -9999 -9999 -9999 -9999 -9999 1.46026E-1 2.41004E-1 1.84275E-1 1.86338E-1 1.76233E-1 3.04033E-1 5.80362E-1 7.02239E-1 5.81065E-1 3.38101E-1 1.89024E-1 1.0954E-1 4.98599E-2 3.43534E-2 2.34655E-2 4.71654E-2 2.68427E-2 5.84916E-3 5.32385E-3 6.63877E-3 8.90766E-3 1.25421E-2 2.51577E-2 1.02413E-1
9.01191E-1 8.57656E-1 7.42729E-1 4.71811E-1 4.86005E-1 -9999 -9999 -9999 -9999 -9999 4.7452E-1 5.81926E-1 6.98042E-1 3.39794E-1 2.66922E-1 2.96279E-1 2.32585E-1 2.96588E-1 3.40681E-1 2.46947E-1 3.08625E-1 3.68624E-1 2.25006E-1 -9999 -9999 -9999 -9999 -9999 -9999 -9999 -9999 -9999 -9999 -9999 -9999 -9999 -9999 -9999 -9999 -9999 -9999 -9999 -9999 -9999 -9999 -9999 -9999 -9999 -9999 -9999 -9999 -9999 -9999 -9999 1.41765E-1 1.25861E-1 2.80645E-1 2.61053E-1 1.70083E-1 3.57012E-1 5.44582E-1 5.65404E-1 6.37936E-1 7.78543E-1 2.34404E-1 2.06071E-1 5.99404E-2 3.80892E-2 1.27608E-2 4.02908E-2 3.76092E-2 4.44716E-3 4.85067E-3 7.83212E-3 1.17973E-2 1.61211E-2 1.46238E-2 1.20063E-1
8.35927E-1 6.72958E-1 8.18009E-1 7.69158E-1 4.41343E-1 4.68582E-1 -9999 -9999 -9999 -9999 6.09315E-1 4.03547E-1 3.42895E-1 2.43183E-1 3.14127E-1 1.96394E-1 4.89018E-1 4.87233E-1 4.2032E-1 3.38682E-1 2.65425E-1 5.12453E-1 -9999 -9999 -9999 -9999 -9999 -9999 -9999 -9999 -9999 -9999 -9999 -9999 -9999 -9999 -9999 -9999 -9999 -9999 -9999 -9999 -9999 -9999 -9999 -9999 -9999 -9999 -9999 -9999 -9999 -9999 -9999 -9999 2.10117E-1 2.04749E-1 3.49105E-1 3.85382E-1 3.53352E-1 5.05962E-1 7.59341E-1 8.15552E-1 8.90861E-1 8.58537E-1 6.6591E-1 3.17703E-1 7.79227E-2 7.47674E-2 3.52816E-2 2.74799E-2 2.37053E-2 3.11161E-3 8.28405E-3 3.17356E-3 8.3683E-3 4.90934E-3 5.57616E-3 1.76603E-1
7.68698E-1 7.20298E-1 4.52991E-1 2.15748E-1 5.93175E-1 5.61912E-1 5.46966E-1 6.47132E-1 -9999 -9999 -9999 -9999 -9999 1.44066E-1 1.87687E-1 4.11559E-1 5.85124E-1 3.87977E-1 4.08813E-1 4.10263E-1 6.6669E-1 6.8064E-1 -9999 -9999 -9999 -9999 -9999 -9999 -9999 -9999 -9999 -9999 -9999 -9999 -9999 -9999 -9999 -9999 -9999 -9999 -9999 -9999 -9999 -9999 -9999 -9999 -9999 -9999 -9999 -9999 -9999 -9999 -9999 -9999 -9999 -9999 -9999 2.99872E-1 6.08097E-1 4.84346E-1 6.43686E-1 6.80829E-1 7.72124E-1 7.33809E-1 8.35848E-1 4.2239E-1 2.96859E-1 3.66319E-2 9.42771E-2 3.61429E-2 3.31963E-2 6.59794E-3 5.41522E-3 6.66623E-3 6.939E-3 1.81187E-2 3.44995E-2 9.88789E-2
5.52331E-1 4.69322E-1 3.12701E-1 2.86464E-1 3.24075E-1 5.66988E-1 6.46453E-1 7.81628E-1 5.87214E-1 -9999 -9999 -9999 -9999 3.24819E-1 3.74028E-1 5.65654E-1 6.11504E-1 4.32128E-1 4.63987E-1 4.39766E-1 4.78738E-1 4.26019E-1 -9999 -9999 -9999 -9999 -9999 -9999 -9999 -9999 -9999 -9999 -9999 -9999 -9999 -9999 -9999 -9999 -9999 -9999 -9999 -9999 -9999 -9999 -9999 -9999 -9999 -9999 -9999 -9999 -9999 -9999 -9999 -9999 -9999 -9999 -9999 -9999 8.09418E-1 7.91428E-1 5.09194E-1 6.50643E-1 8.08212E-1 8.15786E-1 5.24962E-1 8.34866E-1 3.4553E-1 1.11726E-1 9.88687E-2 3.59994E-2 3.92934E-2 7.42371E-3 2.10984E-2 1.01515E-2 1.18533E-2 5.43866E-3 6.69128E-3 4.69317E-2
5.69493E-1 4.7386E-1 5.02796E-1 4.20256E-1 3.60099E-1 4.57268E-1 5.42737E-1 6.55896E-1 6.31244E-1 7.98438E-1 -9999 -9999 -9999 -9999 -9999 -9999 7.07266E-1 6.7595E-1 3.66657E-1 3.78076E-1 2.18368E-1 -9999 -9999 -9999 -9999 -9999 -9999 -9999 -9999 -9999 -9999 -9999 -9999 -9999 -9999 -9999 -9999 -9999 -9999 -9999 -9999 -9999 -9999 -9999 -9999 -9999 -9999 -9999 -9999 -9999 -9999 -9999 -9999 -9999 -9999 -9999 -9999 -9999 5.13331E-1 8.06468E-1 6.57764E-1 5.00641E-1 6.2622E-1 8.58799E-1 8.5001E-1 5.72887E-1 3.36539E-1 1.02437E-1 7.08883E-2 7.85455E-2 6.99869E-2 1.98652E-2 5.27881E-2 6.57543E-3 1.83932E-2 1.45085E-2 2.28648E-2 1.86005E-2
8.47519E-1 4.91022E-1 7.57043E-1 7.8657E-1 7.08533E-1 5.57716E-1 5.31038E-1 6.22194E-1 6.89014E-1 6.38024E-1 7.14892E-1 -9999 -9999 -9999 -9999 2.8848E-1 5.48173E-1 2.65994E-1 2.38238E-1 2.15789E-1 1.25425E-1 -9999 -9999 -9999 -9999 -9999 -9999 -9999 -9999 -9999 -9999 -9999 -9999 -9999 -9999 -9999 -9999 -9999 -9999 -9999 -9999 -9999 -9999 -9999 -9999 -9999 -9999 -9999 -9999 -9999 -9999 -9999 -9999 -9999 -9999 -9999 -9999 2.16196E-1 2.55427E-1 4.36171E-1 9.22688E-1 6.34355E-1 5.18498E-1 5.1759E-1 4.518E-1 2.55635E-1 1.83598E-1 2.19848E-1 1.28475E-1 2.13182E-1 2.2716E-1 5.75181E-2 8.74332E-2 4.04472E-2 1.27792E-2 1.40209E-2 4.20413E-3 4.93323E-3
8.30445E-1 1.82477E-1 3.25977E-1 4.87946E-1 4.65284E-1 5.01963E-1 5.54321E-1 8.88676E-1 6.23901E-1 7.89683E-1 7.54412E-1 7.67669E-1 6.08962E-1 -9999 -9999 3.83674E-1 6.70039E-1 1.15715E-1 4.29172E-2 6.67913E-2 1.34441E-1 -9999 -9999 -9999 -9999 -9999 -9999 -9999 -9999 -9999 -9999 -9999 -9999 -9999 -9999 -9999 -9999 -9999 -9999 6.16943E-2 -9999 -9999 -9999 -9999 -9999 -9999 -9999 -9999 -9999 -9999 -9999 -9999 -9999 -9999 -9999 -9999 -9999 1.30237E-1 1.65709E-1 3.09048E-1 4.54035E-1 4.84873E-1 5.21229E-1 3.89948E-1 3.38864E-1 6.27216E-1 4.55973E-1 1.93767E-1 4.06815E-1 4.04968E-1 2.52354E-1 2.53178E-1 8.93257E-2 3.04195E-2 2.11428E-2 8.49601E-3 3.63087E-3 3.66168E-3
8.70676E-1 7.48873E-1 7.43834E-1 8.02955E-1 6.25588E-1 6.29235E-1 6.94871E-1 4.99578E-1 8.57203E-1 8.31554E-1 9.19682E-1 9.35714E-1 6.49143E-1 4.05682E-1 5.29602E-1 5.84613E-1 4.14171E-1 1.50842E-1 2.89572E-2 6.63664E-2 4.92334E-2 -9999 -9999 -9999 -9999 -9999 -9999 -9999 -9999 -9999 -9999 -9999 -9999 -9999 -9999 -9999 3.38766E-2 -9999 -9999 6.72241E-2 -9999 -9999 -9999 -9999 -9999 -9999 -9999 -9999 -9999 -9999 -9999 -9999 -9999 -9999 -9999 -9999 -9999 -9999 8.49526E-2 2.31563E-1 3.51264E-1 7.08073E-1 5.54416E-1 4.4345E-1 5.11485E-1 3.90061E-1 2.30728E-1 3.84638E-1 8.19367E-1 7.90341E-1 2.6802E-1 2.47237E-1 1.46796E-1 1.72228E-1 1.79712E-2 2.11559E-2 2.23061E-3 2.4755E-3
6.49081E-1 8.20373E-1 5.63979E-1 6.67071E-1 7.99203E-1 8.39614E-1 9.88388E-1 8.27269E-1 5.50094E-1 6.77012E-1 6.46339E-1 7.35505E-1 6.0879E-1 4.29473E-1 6.05611E-1 5.34406E-1 5.19911E-1 2.95466E-1 6.16062E-2 1.25253E-1 1.49157E-1 5.3501E-2 -9999 -9999 -9999 -9999 -9999 -9999 -9999 -9999 -9999 -9999 -9999 -9999 -9999 3.37559E-2 2.17725E-2 -9999 -9999 1.35695E-1 -9999 -9999 -9999 -9999 -9999 -9999 -9999 -9999 -9999 -9999 -9999 -9999 -9999 -9999 -9999 -9999 -9999 -9999 -9999 3.00905E-2 4.17155E-2 8.60016E-2 2.30535E-1 1.88269E-1 1.52269E-1 2.1483E-1 1.60684E-1 3.08501E-1 3.52031E-1 5.62488E-1 4.88568E-1 3.92864E-1 2.0003E-1 1.10171E-1 8.91746E-3 7.54684E-3 3.49674E-3 1.53473E-2
7.53442E-1 5.4055E-1 7.30789E-1 4.33903E-1 4.01706E-1 6.40783E-1 8.5923E-1 8.6816E-1 6.97809E-1 8.91813E-1 6.95737E-1 4.30684E-1 6.59048E-1 5.67945E-1 5.80257E-1 2.63801E-1 2.72547E-1 2.26363E-1 2.23622E-1 1.29009E-1 1.75454E-1 3.83493E-1 -9999 -9999 -9999 -9999 -9999 -9999 -9999 -9999 -9999 -9999 -9999 -9999 -9999 7.48343E-2 3.03643E-2 -9999 7.6997E-2 9.2287E-2 -9999 -9999 -9999 -9999 -9999 -9999 -9999 -9999 -9999 -9999 -9999 -9999 -9999 -9999 -9999 -9999 -9999 -9999 -9999 1.95411E-2 2.45664E-2 2.82549E-2 4.71322E-2 4.97881E-2 4.44294E-2 6.27377E-2 1.23649E-1 4.95231E-2 6.90864E-2 4.95206E-2 2.96489E-2 7.60032E-2 2.92077E-2 8.04843E-3 2.17226E-2 1.61546E-2 1.35324E-2 1.2311E-2
5.64461E-1 6.08935E-1 4.92471E-1 7.41954E-1 5.60704E-1 3.32412E-1 4.25646E-1 5.99382E-1 7.78527E-1 7.60287E-1 7.77223E-1 8.70136E-1 6.90852E-1 4.09996E-1 3.97027E-1 1.98833E-1 1.34834E-1 9.13598E-2 9.06602E-2 9.85591E-2 1.3778E-1 3.2357E-1 3.96403E-1 -9999 -9999 -9999 -9999 -9999 -9999 -9999 -9999 -9999 -9999 -9999 1.14366E-1 2.41383E-1 8.88265E-2 1.16612E-1 9.59964E-2 1.89229E-1 -9999 -9999 -9999 -9999 -9999 -9999 -9999 -9999 -9999 -9999 -9999 -9999 -9999 -9999 -9999 -9999 -9999 -9999 -9999 -9999 -9999 -9999 2.8097E-2 1.53467E-2 6.18746E-3 9.56197E-3 2.26232E-2 2.38067E-2 3.06131E-2 1.56973E-2 3.10806E-2 5.07498E-2 2.89271E-2 1.75844E-2 2.46105E-2 1.97642E-2 2.52211E-2 2.55722E-2
4.94417E-1 5.36016E-1 4.98603E-1 5.73026E-1 4.85878E-1 3.55254E-1 5.23124E-1 5.47395E-1 5.61166E-1 5.33025E-1 8.33625E-1 9.0405E-1 4.64939E-1 2.35961E-1 1.73714E-1 2.42547E-1 9.191E-2 9.46648E-2 6.05581E-2 1.04582E-1 1.44979E-1 2.46357E-1 4.07381E-1 -9999 -9999 -9999 -9999 -9999 -9999 -9999 6.54371E-1 5.34692E-1 -9999 -9999 2.02763E-1 1.47098E-1 7.22254E-2 2.47026E-1 2.02144E-1 1.26084E-1 1.54671E-1 -9999 -9999 -9999 -9999 -9999 -9999 -9999 -9999 -9999 -9999 -9999 -9999 -9999 -9999 -9999 -9999 -9999 -9999 -9999 -9999 -9999 9.45062E-3 7.70573E-3 3.10441E-2 1.85054E-2 1.59395E-2 1.81235E-2 2.37891E-2 2.94036E-2 2.25372E-2 4.98108E-2 4.17561E-2 3.87074E-2 2.21503E-2 1.20495E-2 9.48604E-2 1.15518E-1
4.16972E-1 5.1211E-1 4.769E-1 6.55565E-1 4.2497E-1 5.29043E-1 4.92437E-1 6.47096E-1 4.9408E-1 3.43841E-1 6.67858E-1 8.2879E-1 6.86795E-1 2.00727E-1 1.49526E-1 1.19475E-1 1.73124E-1 1.35676E-1 1.16451E-1 1.06431E-1 1.48635E-1 2.88375E-1 3.79373E-1 -9999 -9999 -9999 -9999 -9999 -9999 -9999 5.19658E-1 6.36151E-1 3.31255E-1 -9999 3.11548E-1 2.61964E-1 1.04489E-1 1.60783E-1 5.64191E-2 1.86454E-1 -9999 -9999 -9999 -9999 -9999 -9999 -9999 -9999 -9999 -9999 -9999 -9999 -9999 -9999 -9999 -9999 -9999 -9999 -9999 -9999 -9999 1.24341E-2 1.20214E-2 7.54367E-3 1.95847E-2 1.76856E-2 1.19454E-2 2.45172E-2 5.06178E-2 2.65779E-2 2.70027E-2 2.97026E-2 3.34308E-2 2.01485E-2 3.98175E-2 5.22884E-2 1.25712E-1 1.4363E-1
4.33486E-1 3.26486E-1 4.65559E-1 6.07752E-1 6.00385E-1 7.84584E-1 5.08077E-1 6.24082E-1 4.73767E-1 3.29516E-1 6.09281E-1 8.83857E-1 5.48724E-1 1.85205E-1 2.75006E-1 1.83729E-1 2.66164E-1 1.37654E-1 1.41026E-1 1.50717E-1 1.85114E-1 2.5101E-1 4.93484E-1 6.02913E-1 -9999 -9999 -9999 -9999 -9999 -9999 -9999 5.97772E-1 3.13946E-1 1.95337E-1 4.07889E-1 4.26515E-1 1.20336E-1 1.57098E-1 1.72087E-1 2.15167E-1 -9999 -9999 -9999 -9999 -9999 -9999 -9999 -9999 -9999 -9999 -9999 -9999 -9999 -9999 -9999 -9999 -9999 -9999 -9999 -9999 -9999 1.31732E-2 1.87066E-2 7.79342E-3 1.57992E-2 1.7345E-2 1.14781E-2 1.27571E-2 3.69638E-2 3.61611E-2 4.7258E-2 2.48061E-2 2.85599E-2 4.40426E-2 4.66051E-2 8.04735E-2 1.83918E-1 9.54436E-2
3.09114E-1 4.06373E-1 3.51647E-1 2.7731E-1 3.74519E-1 7.27279E-1 4.0174E-1 4.41834E-1 4.27652E-1 2.7332E-1 5.11491E-1 8.94718E-1 8.34312E-1 2.18983E-1 3.10399E-1 3.65923E-1 1.64744E-1 1.31262E-1 2.09436E-1 2.11683E-1 3.59968E-1 4.42318E-1 2.92569E-1 4.93774E-1 -9999 -9999 -9999 -9999 -9999 -9999 -9999 5.5816E-1 2.50355E-1 2.79181E-1 2.5902E-1 3.34406E-1 1.53309E-1 1.12538E-1 1.99735E-1 6.29685E-2 -9999 -9999 -9999 -9999 -9999 -9999 -9999 -9999 -9999 -9999 -9999 -9999 -9999 -9999 -9999 -9999 -9999 -9999 -9999 -9999 1.50304E-2 1.33618E-2 2.39375E-2 1.76807E-2 1.23098E-2 1.50786E-2 2.63618E-2 2.33934E-2 2.29749E-2 4.05818E-2 4.13229E-2 3.70634E-2 3.32295E-2 3.67019E-2 3.23665E-2 2.29556E-1 2.03957E-1 6.19164E-2
2.79794E-1 2.14922E-1 2.85473E-1 4.75452E-1 4.29584E-1 4.13215E-1 5.22306E-1 5.22384E-1 5.08215E-1 4.05386E-1 7.02039E-1 8.59172E-1 5.62381E-1 4.36125E-1 4.28622E-1 4.47195E-1 2.04379E-1 7.92414E-2 2.21418E-1 1.70586E-1 4.1421E-1 5.28667E-1 5.72472E-1 2.99509E-1 -9999 -9999 -9999 -9999 -9999 -9999 -9999 -9999 2.44427E-1 4.36138E-1 4.56365E-1 6.24373E-1 4.09466E-1 1.83345E-1 2.17136E-1 4.51598E-2 -9999 -9999 -9999 -9999 -9999 -9999 -9999 -9999 -9999 -9999 -9999 -9999 -9999 -9999 -9999 -9999 -9999 -9999 -9999 -9999 -9999 -9999 -9999 -9999 -9999 -9999 3.21241E-2 1.31814E-2 1.97412E-2 8.24911E-3 2.86511E-2 1.83924E-2 4.80844E-2 1.83919E-2 8.80687E-2 3.66383E-2 9.56833E-2 1.59931E-1
3.60906E-1 5.87223E-1 6.05489E-1 6.29087E-1 5.90968E-1 6.26384E-1 4.83243E-1 4.83E-1 4.59369E-1 5.15727E-1 3.4793E-1 6.78026E-1 4.73881E-1 4.5572E-1 5.15557E-1 5.18379E-1 5.40916E-1 2.83579E-1 2.10359E-1 2.75688E-1 3.06696E-1 2.50641E-1 1.84474E-1 3.19324E-1 1.83211E-1 2.49572E-1 -9999 -9999 -9999 -9999 -9999 -9999 -9999 4.28534E-1 4.4688E-1 4.9013E-1 2.29156E-1 2.67673E-1 2.1859E-1 1.8128E-1 -9999 -9999 -9999 -9999 -9999 -9999 -9999 -9999 -9999 -9999 -9999 -9999 -9999 -9999 -9999 -9999 -9999 -9999 -9999 -9999 -9999 -9999 -9999 -9999 -9999 -9999 -9999 -9999 1.31521E-2 4.07133E-2 1.10129E-2 1.93844E-2 1.38663E-2 1.59475E-2 4.74249E-2 2.72217E-2 1.11305E-1 4.45106E-1
6.14133E-1 5.94488E-1 6.10623E-1 7.44186E-1 6.22345E-1 7.13054E-1 6.11511E-1 5.95575E-1 5.00332E-1 5.09641E-1 3.65127E-1 4.52747E-1 5.01379E-1 3.97278E-1 3.27202E-1 2.03584E-1 2.54619E-1 2.84862E-1 1.91254E-1 1.59069E-1 2.80875E-1 3.42509E-1 3.22063E-1 3.85803E-1 2.50904E-1 3.51066E-1 -9999 -9999 -9999 -9999 -9999 -9999 -9999 5.3052E-1 5.24687E-1 3.0393E-1 3.84793E-1 1.5691E-1 2.73925E-1 1.26101E-1 -9999 -9999 -9999 -9999 -9999 -9999 -9999 -9999 -9999 -9999 -9999 -9999 -9999 -9999 -9999 -9999 -9999 -9999 -9999 -9999 -9999 -9999 -9999 -9999 -9999 -9999 -9999 -9999 2.8126E-2 2.36617E-2 1.63412E-2 2.65861E-2 1.52464E-2 3.40055E-2 7.05166E-2 3.73854E-2 1.08053E-1 4.74914E-1
5.11046E-1 4.09176E-1 5.24927E-1 4.7003E-1 6.75465E-1 6.33334E-1 7.40611E-1 5.14284E-1 3.80921E-1 6.3408E-1 5.65553E-1 5.00163E-1 4.98808E-1 2.53819E-1 2.7672E-1 1.51998E-1 1.34005E-1 1.89901E-1 6.93429E-2 1.50412E-1 1.52462E-1 3.54185E-1 3.0455E-1 4.26935E-1 4.11734E-1 2.82596E-1 2.07402E-1 -9999 -9999 -9999 -9999 -9999 -9999 6.45433E-1 5.02211E-1 4.00426E-1 1.42304E-1 1.29651E-1 1.52083E-1 7.16131E-2 -9999 -9999 -9999 -9999 -9999 -9999 -9999 -9999 -9999 -9999 -9999 -9999 -9999 -9999 -9999 -9999 -9999 -9999 -9999 -9999 -9999 -9999 -9999 -9999 -9999 -9999 -9999 2.52516E-2 2.98644E-2 2.8636E-2 1.52634E-2 1.72172E-2 3.40473E-2 3.98592E-2 8.72311E-2 8.02182E-2 8.25151E-2 1.48958E-1
5.29896E-1 3.66303E-1 3.48847E-1 4.9262E-1 6.07444E-1 4.91144E-1 5.55464E-1 4.03559E-1 7.31335E-1 6.62855E-1 6.00543E-1 5.21997E-1 3.57408E-1 1.9413E-1 2.55513E-1 2.60975E-1 1.99893E-1 3.1247E-1 1.56691E-1 1.28541E-2 2.06696E-1 1.83126E-1 5.57763E-1 3.46663E-1 4.14795E-1 2.52038E-1 1.08292E-1 -9999 -9999 -9999 -9999 -9999 -9999 7.46144E-1 5.36479E-1 4.94308E-1 3.84164E-1 1.62248E-1 2.18484E-1 -9999 -9999 -9999 -9999 3.72156E-1 7.31301E-1 -9999 -9999 -9999 -9999 -9999 -9999 -9999 -9999 -9999 -9999 -9999 -9999 -9999 -9999 -9999 -9999 -9999 -9999 -9999 -9999 -9999 1.23166E-2 2.104E-2 3.24882E-2 1.65921E-2 1.3979E-2 1.9517E-2 3.11817E-2 2.81405E-2 6.35108E-2 6.70826E-2 5.04471E-2 9.00052E-2
6.18161E-1 6.53594E-1 2.93253E-1 3.64886E-1 5.2287E-1 5.34533E-1 6.0657E-1 4.65492E-1 7.57602E-1 5.87934E-1 5.16203E-1 4.99922E-1 1.59645E-1 1.11448E-1 2.48915E-1 3.20413E-1 2.8815E-1 3.29079E-1 1.36067E-1 3.48728E-2 2.86965E-1 3.30688E-1 4.42952E-1 4.87556E-1 2.85695E-1 3.22438E-1 1.18307E-1 1.08093E-1 -9999 -9999 -9999 -9999 -9999 6.37172E-1 5.1361E-1 5.33058E-1 3.93402E-1 2.5253E-1 3.24099E-1 -9999 -9999 -9999 1.10218E-1 1.6052E-1 7.85213E-1 -9999 -9999 -9999 -9999 -9999 -9999 -9999 -9999 -9999 -9999 -9999 -9999 -9999 -9999 -9999 -9999 -9999 -9999 -9999 -9999 -9999 -9999 2.87014E-2 1.5908E-2 2.32828E-2 2.71644E-2 2.43778E-2 6.60016E-2 3.81369E-2 3.248E-2 2.92504E-2 4.66415E-2 2.40936E-2
5.98196E-1 6.1295E-1 2.66839E-1 2.09583E-1 2.12262E-1 3.43194E-1 6.39294E-1 5.69571E-1 5.28065E-1 4.94808E-1 4.10379E-1 5.02056E-1 2.03835E-1 1.25028E-1 1.98718E-1 1.88077E-1 1.73765E-1 9.25071E-2 3.12465E-2 4.13015E-2 1.37457E-1 2.73376E-1 4.25014E-1 7.33397E-1 3.51639E-1 3.23435E-1 3.46799E-1 4.35104E-1 -9999 -9999 -9999 -9999 -9999 6.16489E-1 6.52358E-1 6.1857E-1 4.42542E-1 3.6631E-1 1.50518E-1 -9999 -9999 -9999 1.1088E-1 5.15706E-2 1.13591E-1 -9999 -9999 -9999 -9999 -9999 -9999 -9999 -9999 -9999 -9999 -9999 -9999 -9999 -9999 -9999 -9999 -9999 -9999 -9999 -9999 -9999 -9999 1.76144E-2 1.88127E-2 2.5112E-2 3.67104E-2 3.49227E-2 2.806E-2 1.53404E-2 3.43691E-2 4.60469E-2 7.70504E-2 6.82726E-2
6.74377E-1 8.49659E-1 4.94306E-1 3.36395E-1 2.34967E-1 4.04071E-1 5.62798E-1 5.59925E-1 5.32238E-1 3.39418E-1 3.66587E-1 4.85707E-1 5.21143E-1 1.10577E-1 8.70626E-2 1.28944E-1 7.91365E-2 2.42672E-1 8.51059E-2 3.26341E-1 6.27868E-2 4.46454E-1 8.35343E-1 4.69544E-1 4.90952E-1 4.50987E-1 2.49729E-1 3.12957E-1 3.31922E-1 -9999 -9999 -9999 -9999 6.93427E-1 5.78034E-1 6.11859E-1 4.9833E-1 2.12774E-1 1.29367E-1 -9999 -9999 -9999 9.50667E-2 6.81296E-2 2.77226E-2 -9999 -9999 -9999 -9999 -9999 -9999 1.51824E-2 2.09346E-2 -9999 -9999 -9999 -9999 -9999 -9999 -9999 -9999 -9999 -9999 -9999 -9999 -9999 -9999 1.13243E-2 3.30812E-2 2.74342E-2 3.28755E-2 2.45534E-2 1.8824E-2 4.24539E-2 4.21388E-2 3.66309E-2 3.61946E-2 6.63142E-2
7.82899E-1 8.52356E-1 5.18959E-1 4.51868E-1 2.68173E-1 3.08647E-1 4.99397E-1 5.03417E-1 2.92164E-1 2.84288E-1 3.29701E-1 6.15215E-1 2.88276E-1 1.59251E-1 2.92747E-1 1.84339E-1 1.99691E-1 1.53883E-1 3.77355E-1 2.44787E-1 3.0449E-1 5.68123E-1 7.01682E-1 3.01632E-1 3.04217E-1 5.0166E-1 3.6167E-1 4.59354E-1 4.92996E-1 -9999 -9999 -9999 7.34923E-1 6.97974E-1 5.60767E-1 3.45266E-1 3.44008E-1 6.48579E-1 3.86082E-1 -9999 -9999 2.98421E-2 6.85921E-2 7.90081E-2 1.07835E-1 -9999 -9999 -9999 -9999 -9999 -9999 9.60142E-2 2.84845E-2 -9999 -9999 -9999 -9999 -9999 -9999 -9999 -9999 -9999 -9999 -9999 -9999 -9999 -9999 1.58987E-2 7.04933E-2 4.24917E-2 2.90849E-2 1.33503E-2 1.73003E-2 1.2795E-2 4.30477E-2 6.07824E-2 1.13926E-1 1.1024E-1
8.49436E-1 9.06402E-1 5.60145E-1 4.83779E-1 3.87487E-1 2.44395E-1 2.46007E-1 3.32938E-1 5.21343E-1 5.2029E-1 3.51869E-1 3.71875E-1 4.55306E-1 3.13373E-1 2.53653E-1 2.32137E-1 2.58634E-1 1.52772E-1 3.03217E-1 2.13443E-1 2.93382E-1 5.29181E-1 7.15672E-1 6.89299E-1 5.98229E-1 3.89937E-1 2.87941E-1 3.02964E-1 3.86009E-1 3.26352E-1 -9999 -9999 7.12065E-1 6.20602E-1 4.99619E-1 2.92771E-1 3.00566E-1 4.24174E-1 4.5029E-1 -9999 -9999 6.5215E-2 6.30767E-2 3.2491E-2 8.74709E-2 -9999 -9999 -9999 -9999 -9999 -9999 2.36557E-1 1.98168E-1 -9999 -9999 -9999 -9999 -9999 -9999 -9999 -9999 -9999 -9999 -9999 -9999 -9999 -9999 -9999 2.40115E-2 4.5795E-2 8.63333E-2 5.05728E-2 2.53355E-2 1.18884E-2 1.21134E-2 3.9986E-2 9.3141E-2 9.12435E-2
8.3938E-1 9.00095E-1 6.87369E-1 4.67364E-1 3.80322E-1 2.86012E-1 2.45209E-1 3.47668E-1 3.3265E-1 4.13512E-1 3.27877E-1 5.04397E-1 5.10488E-1 1.37385E-1 2.50634E-1 2.58724E-1 1.08923E-1 1.29425E-1 2.57676E-1 1.84001E-1 3.68569E-1 4.51361E-1 6.21379E-1 6.81128E-1 6.76939E-1 6.62829E-1 4.7251E-1 3.06554E-1 3.96082E-1 3.00423E-1 -9999 -9999 3.87178E-1 5.28914E-1 5.7684E-1 5.11837E-1 4.27643E-1 2.76298E-1 4.17814E-1 2.4996E-1 4.7435E-2 3.33146E-2 3.34889E-2 3.50697E-2 3.58935E-2 -9999 -9999 -9999 -9999 -9999 -9999 3.95508E-1 1.82098E-1 9.82076E-2 -9999 -9999 -9999 -9999 -9999 -9999 -9999 -9999 -9999 -9999 -9999 -9999 -9999 -9999 1.84839E-2 2.7739E-2 6.30494E-2 1.15593E-1 2.78509E-2 2.74246E-2 3.25725E-2 4.81688E-2 1.02205E-1 1.22493E-1
4.81705E-1 8.68083E-1 5.27613E-1 6.11849E-1 6.30081E-1 3.28774E-1 3.58253E-1 2.50239E-1 2.97566E-1 4.3849E-1 3.75617E-1 6.27421E-1 6.16786E-1 2.51458E-1 2.24884E-1 2.20232E-1 2.39076E-1 2.86156E-1 1.96592E-1 4.3648E-1 3.2783E-1 3.00892E-1 4.46777E-1 5.81057E-1 5.23526E-1 4.585E-1 5.94627E-1 6.11497E-1 4.43202E-1 3.69818E-1 -9999 -9999 3.70099E-1 4.19537E-1 5.48309E-1 5.25839E-1 4.97631E-1 3.19403E-1 4.93694E-1 2.42069E-1 3.83704E-2 4.24561E-2 6.052E-2 1.19502E-2 8.41527E-3 -9999 -9999 -9999 -9999 -9999 2.75485E-1 3.46224E-1 2.87025E-1 2.3944E-1 -9999 -9999 -9999 -9999 -9999 -9999 -9999 -9999 -9999 -9999 -9999 -9999 -9999 -9999 1.72502E-2 2.52097E-2 4.56894E-2 1.77089E-1 8.39183E-2 2.62436E-2 2.63985E-2 5.49666E-2 9.78707E-2 1.13936E-1
7.32015E-1 8.9215E-1 6.56283E-1 5.73074E-1 5.71129E-1 3.89007E-1 3.25739E-1 4.694E-1 4.54135E-1 4.40386E-1 3.59612E-1 5.87237E-1 4.655E-1 2.3679E-1 1.33882E-1 1.30122E-1 6.64943E-2 8.33762E-2 9.01044E-2 4.90694E-1 5.43195E-1 2.82412E-1 2.16268E-1 2.94756E-1 5.15399E-1 5.72795E-1 6.53602E-1 5.76229E-1 5.46323E-1 4.60793E-1 2.96117E-1 -9999 2.57223E-1 3.55542E-1 3.08098E-1 2.80781E-1 3.974E-1 3.57912E-1 3.57951E-1 1.42667E-1 1.45539E-1 7.49854E-2 4.93454E-2 3.98149E-2 3.62954E-2 -9999 -9999 -9999 -9999 -9999 1.29812E-1 6.52675E-1 6.14954E-1 4.64733E-1 2.51234E-1 1.08086E-1 -9999 -9999 -9999 -9999 -9999 -9999 -9999 -9999 -9999 -9999 -9999 -9999 -9999 3.07755E-2 1.34874E-1 1.61678E-1 6.68242E-2 6.46228E-2 8.49864E-2 1.09998E-1 1.47048E-1 9.0203E-2
7.66736E-1 6.7656E-1 8.03436E-1 8.83587E-1 6.70119E-1 4.51302E-1 3.04584E-1 2.62112E-1 3.52877E-1 5.16763E-1 5.03401E-1 6.45327E-1 5.14845E-1 4.02747E-1 1.14275E-1 1.82012E-1 1.40893E-1 9.33449E-2 1.46301E-1 2.76688E-1 2.50851E-1 3.84411E-1 2.87034E-1 2.84623E-1 2.01962E-1 4.70295E-1 6.04886E-1 5.5512E-1 4.43233E-1 3.93124E-1 4.56325E-1 -9999 -9999 4.91165E-1 3.4976E-1 3.48477E-1 3.93786E-1 6.38118E-1 4.90215E-1 1.79416E-1 3.96766E-1 2.7317E-1 2.14844E-1 1.3648E-1 1.55011E-1 -9999 -9999 -9999 -9999 -9999 1.41339E-1 1.03517E-1 8.65031E-1 9.29676E-1 7.72827E-1 2.73047E-1 3.13015E-1 -9999 -9999 -9999 -9999 -9999 -9999 -9999 -9999 -9999 -9999 -9999 -9999 6.45636E-2 1.10904E-1 1.48249E-1 1.35034E-1 8.48979E-2 7.92041E-2 9.37413E-2 7.26763E-2 2.49292E-1
8.07297E-1 8.98029E-1 6.69764E-1 6.62052E-1 6.25811E-1 5.69366E-1 5.81305E-1 5.88311E-1 6.21975E-1 6.27847E-1 6.61779E-1 7.83227E-1 7.83879E-1 3.50765E-1 2.13274E-1 9.12129E-2 1.58397E-1 2.13257E-1 3.1528E-1 3.48959E-1 3.59426E-1 3.56807E-1 6.71548E-1 3.63462E-1 3.40105E-1 1.71531E-1 3.43379E-1 3.76064E-1 6.25208E-1 6.96598E-1 5.61097E-1 6.29555E-1 -9999 5.65048E-1 4.27212E-1 4.05795E-1 4.73823E-1 4.24611E-1 6.04976E-1 3.72807E-1 5.00298E-1 2.49607E-1 3.56272E-1 3.55763E-1 2.57493E-1 -9999 -9999 -9999 -9999 -9999 1.4894E-1 2.51048E-1 1.41536E-1 6.55718E-1 8.98188E-1 6.67642E-1 5.51745E-1 -9999 -9999 -9999 -9999 -9999 -9999 -9999 -9999 -9999 -9999 -9999 -9999 2.33393E-2 6.44614E-2 7.59122E-2 1.35529E-1 5.72783E-2 1.56573E-1 1.52194E-1 2.73093E-1 2.68441E-1
8.97305E-1 8.09316E-1 7.04453E-1 8.14296E-1 7.65847E-1 7.45012E-1 7.23861E-1 7.91795E-1 8.30213E-1 5.6987E-1 6.87877E-1 6.61896E-1 7.88723E-1 5.81287E-1 3.26914E-1 1.62178E-1 7.77701E-2 1.65443E-1 1.86718E-1 2.10328E-1 2.30637E-1 4.04741E-1 3.37984E-1 5.73414E-1 5.78945E-1 4.81784E-1 2.68043E-1 3.13038E-1 3.80896E-1 7.70984E-1 7.50348E-1 6.54076E-1 -9999 -9999 5.33987E-1 3.86908E-1 4.27972E-1 5.28778E-1 4.1039E-1 3.70063E-1 4.6364E-1 4.65592E-1 6.15506E-1 4.04793E-1 4.22522E-1 -9999 -9999 -9999 -9999 -9999 4.98939E-2 3.97038E-2 1.40531E-1 2.54794E-1 5.28204E-1 5.82161E-1 5.06984E-1 -9999 -9999 -9999 -9999 -9999 -9999 -9999 -9999 -9999 -9999 -9999 -9999 5.3849E-2 7.57398E-2 5.25221E-2 9.27778E-2 7.37843E-2 2.42256E-1 2.67502E-1 5.17264E-1 4.44492E-1
9.45285E-1 9.28611E-1 7.90417E-1 9.20855E-1 8.4353E-1 8.08867E-1 7.66755E-1 9.47182E-1 8.83065E-1 6.6963E-1 8.8444E-1 9.03845E-1 8.82853E-1 7.38836E-1 2.19218E-1 1.80856E-1 8.54199E-2 7.08533E-2 9.64751E-2 1.505E-1 1.58064E-1 4.77939E-1 1.93166E-1 4.95806E-1 5.80952E-1 6.73531E-1 2.9951E-1 2.88716E-1 3.38832E-1 7.01719E-1 6.79883E-1 8.40746E-1 -9999 -9999 -9999 3.91679E-1 4.99405E-1 5.56619E-1 5.92176E-1 4.24247E-1 5.38406E-1 2.85432E-1 6.92231E-1 6.57535E-1 5.11697E-1 -9999 -9999 -9999 -9999 -9999 4.80215E-2 4.26063E-2 7.92966E-2 2.13607E-1 2.35791E-1 3.62137E-1 3.21122E-1 -9999 -9999 -9999 -9999 -9999 -9999 7.77496E-2 -9999 -9999 -9999 -9999 -9999 -9999 5.33378E-2 1.22801E-2 6.89046E-2 9.43857E-2 2.12795E-1 3.72455E-1 5.51475E-1 5.05531E-1
9.43855E-1 8.58543E-1 7.0317E-1 9.13849E-1 7.32303E-1 7.68276E-1 9.10689E-1 7.15562E-1 9.72686E-1 7.61543E-1 5.63327E-1 6.26031E-1 7.11362E-1 7.06663E-1 2.39353E-1 1.59512E-1 7.15412E-2 7.63408E-2 4.0884E-2 4.2115E-2 5.39866E-2 1.28074E-1 2.15724E-1 4.80108E-1 5.52756E-1 6.15945E-1 5.88219E-1 3.27211E-1 3.46654E-1 6.53009E-1 7.52969E-1 8.71312E-1 7.63632E-1 -9999 -9999 -9999 6.37496E-1 6.47053E-1 6.17314E-1 3.46488E-1 3.81267E-1 3.11577E-1 4.43548E-1 5.42084E-1 4.79641E-1 -9999 -9999 -9999 -9999 -9999 4.42217E-2 3.40833E-2 5.93202E-2 2.01556E-1 3.5627E-1 4.72915E-1 5.99776E-1 -9999 -9999 -9999 -9999 -9999 -9999 6.34998E-2 7.22157E-2 -9999 -9999 -9999 7.51423E-2 -9999 8.22173E-2 3.24137E-2 9.43811E-2 1.16008E-1 3.12366E-1 3.29768E-1 3.70179E-1 6.87364E-1
