ENM/Final_Models/M_1_F_qp_Set_1_NE/Gustavia_santanderiensis_0_Choco.asc
ncols         367
nrows         963
xllcorner     -78.6
yllcorner     0.65
cellsize      0.00833333333333323
NODATA_value  -9999
[rows 476 to 509 of 963, columns 234 to 311 of 367]
0E0 0E0 0E0 0E0 0E0 0E0 0E0 0E0 0E0 0E0 0E0 0E0 0E0 0E0 0E0 0E0 0E0 0E0 0E0 0E0 0E0 0E0 0E0 0E0 0E0 1.37984E-1 1.1638E-2 7.1514E-2 1.42592E-1 2.88148E-1 1.45874E-1 6.73096E-1 5.72114E-1 2.79513E-1 3.37777E-1 4.1867E-1 4.59088E-1 2.06962E-1 2.26238E-1 1.63631E-1 6.95881E-2 3.25743E-2 8.12361E-3 2.39397E-2 1.54049E-2 8.20089E-3 3.85119E-3 5.18094E-3 8.16076E-3 2.11181E-2 5.48106E-2 2.27494E-2 2.24945E-2 2.28217E-2 2.20684E-2 -9999 -9999 -9999 -9999 -9999 -9999 -9999 -9999 -9999 -9999 -9999 -9999 -9999 -9999 -9999 -9999 -9999 -9999 -9999 -9999 -9999 -9999 -9999
0E0 0E0 0E0 0E0 0E0 0E0 0E0 0E0 0E0 0E0 0E0 0E0 0E0 0E0 0E0 0E0 0E0 0E0 0E0 0E0 0E0 2.74903E-1 2.08029E-1 3.24116E-2 1.41358E-1 1.57311E-2 2.28568E-1 2.30894E-1 4.77654E-1 3.06728E-1 4.84877E-1 3.40957E-1 2.37412E-1 2.77085E-1 6.19182E-1 6.08508E-1 2.88058E-1 3.83221E-1 1.49841E-1 1.5029E-1 6.16037E-2 1.92252E-2 7.56945E-3 1.65767E-2 3.73513E-2 1.8932E-2 1.30776E-2 8.69817E-3 2.14782E-2 6.83453E-2 3.15869E-2 3.21485E-2 3.76597E-2 1.05777E-2 1.53267E-2 -9999 -9999 -9999 -9999 -9999 -9999 -9999 -9999 -9999 -9999 -9999 -9999 -9999 -9999 -9999 -9999 -9999 -9999 -9999 -9999 -9999 -9999 -9999
0E0 0E0 0E0 0E0 0E0 0E0 0E0 0E0 0E0 0E0 0E0 0E0 0E0 0E0 0E0 0E0 0E0 0E0 8.41577E-2 6.66513E-2 2.62248E-1 4.71977E-1 3.80601E-1 3.62794E-1 5.70192E-1 8.13877E-1 1.14066E-1 2.9103E-1 7.44049E-1 6.6012E-1 0E0 5.78168E-1 2.95041E-1 3.8137E-1 4.11231E-1 4.01287E-1 2.46134E-1 2.23527E-1 1.40447E-1 1.66479E-1 3.08762E-2 2.94652E-2 3.12221E-3 8.75855E-3 1.06517E-2 2.6273E-3 2.1517E-2 8.13183E-3 7.45914E-3 2.17239E-2 4.51063E-2 3.12032E-2 3.37522E-2 8.76297E-2 9.36579E-2 -9999 -9999 -9999 -9999 -9999 -9999 -9999 -9999 -9999 -9999 -9999 -9999 -9999 -9999 -9999 -9999 -9999 -9999 -9999 -9999 -9999 -9999 -9999
0E0 0E0 0E0 0E0 0E0 0E0 0E0 0E0 0E0 0E0 0E0 0E0 0E0 0E0 0E0 0E0 0E0 7.19077E-1 5.0529E-2 5.17674E-2 6.52823E-2 4.24789E-2 2.33678E-1 6.46673E-1 8.29939E-1 7.67483E-1 6.84981E-1 4.39586E-1 0E0 0E0 0E0 0E0 0E0 7.54982E-1 9.41064E-1 8.29375E-1 7.33441E-1 4.43047E-1 2.33484E-1 8.08741E-2 5.37324E-2 6.04033E-3 3.92432E-3 7.3589E-3 1.01588E-2 1.92475E-2 1.30103E-2 5.13045E-2 3.55369E-2 3.82532E-2 3.06079E-2 7.75157E-2 4.25419E-2 2.56189E-2 -9999 -9999 -9999 -9999 -9999 -9999 -9999 -9999 -9999 -9999 -9999 -9999 -9999 -9999 -9999 -9999 -9999 -9999 -9999 -9999 -9999 -9999 -9999 -9999
0E0 0E0 0E0 0E0 0E0 0E0 0E0 0E0 0E0 0E0 0E0 0E0 7.57814E-1 8.13995E-1 7.77555E-1 7.36585E-1 6.27141E-1 7.07604E-1 4.91935E-1 4.23028E-1 1.03178E-1 2.3339E-1 1.58587E-1 3.80226E-1 7.21853E-1 2.29081E-1 9.08484E-1 9.60459E-1 0E0 9.36561E-1 3.4151E-1 2.23161E-1 2.99394E-1 6.90897E-1 0E0 3.24107E-1 3.74637E-1 4.8205E-1 1.30605E-1 2.17194E-2 4.23188E-2 1.33733E-2 2.88239E-3 1.47696E-2 1.37312E-2 2.41997E-2 7.186E-3 1.17182E-2 2.41584E-2 4.15809E-2 1.74159E-2 3.06202E-2 2.72142E-2 2.649E-2 -9999 -9999 -9999 -9999 -9999 -9999 -9999 -9999 -9999 -9999 -9999 -9999 -9999 -9999 -9999 -9999 -9999 -9999 -9999 -9999 -9999 -9999 -9999 -9999
0E0 0E0 0E0 0E0 0E0 0E0 0E0 0E0 0E0 0E0 0E0 0E0 9.34134E-1 3.78018E-1 2.41928E-1 7.74735E-1 8.27092E-1 9.26104E-1 9.7921E-1 1.97017E-1 3.78131E-1 5.25376E-1 3.92316E-1 2.06657E-1 6.29616E-1 3.75056E-1 6.24755E-1 7.53428E-1 0E0 0E0 4.64646E-1 2.25241E-1 4.28627E-1 0E0 0E0 5.07079E-1 2.89079E-1 2.22423E-1 3.47509E-2 5.78889E-2 3.54721E-2 1.55968E-2 2.25484E-2 1.16089E-2 1.1408E-2 8.67984E-3 1.47583E-2 4.75953E-2 4.58595E-2 2.1961E-2 4.58797E-2 3.01096E-2 7.73064E-2 1.10038E-1 -9999 -9999 -9999 -9999 -9999 -9999 -9999 -9999 -9999 -9999 -9999 -9999 -9999 -9999 -9999 -9999 -9999 -9999 -9999 -9999 -9999 -9999 -9999 -9999
0E0 0E0 0E0 0E0 0E0 0E0 0E0 0E0 0E0 0E0 9.86278E-1 9.71125E-1 9.56871E-1 9.60928E-1 6.34047E-1 5.37112E-1 5.66678E-1 9.99303E-1 9.24176E-1 9.8545E-1 9.63785E-1 0E0 5.15759E-1 6.08746E-1 8.31559E-1 6.2204E-1 8.02679E-1 6.86951E-1 0E0 0E0 8.31316E-1 5.90995E-1 0E0 0E0 0E0 7.07567E-1 5.31781E-1 5.37611E-1 6.76189E-2 3.09742E-2 4.15043E-2 1.44949E-2 1.18859E-2 5.41032E-3 1.15863E-2 1.37108E-2 3.10359E-2 7.86929E-3 1.27262E-2 4.02862E-2 5.47847E-2 3.62576E-2 1.30782E-1 1.01192E-1 -9999 -9999 -9999 -9999 -9999 -9999 -9999 -9999 -9999 -9999 -9999 -9999 -9999 -9999 -9999 -9999 -9999 -9999 -9999 -9999 -9999 -9999 -9999 -9999
0E0 0E0 0E0 0E0 0E0 0E0 0E0 0E0 0E0 0E0 0E0 0E0 0E0 0E0 0E0 0E0 0E0 0E0 0E0 0E0 0E0 7.89812E-1 0E0 0E0 0E0 8.21328E-1 5.89253E-1 4.50074E-1 0E0 0E0 9.11435E-1 2.68982E-1 1.99197E-1 2.06966E-1 1.89997E-1 2.09142E-1 3.68922E-1 3.28467E-1 2.39455E-1 1.12842E-1 7.02642E-2 9.00593E-3 3.80097E-2 1.78255E-2 1.26805E-2 1.31662E-2 2.73794E-2 3.50521E-2 4.85041E-2 5.59582E-3 6.26124E-2 2.53439E-2 9.43868E-2 1.11682E-1 -9999 -9999 -9999 -9999 -9999 -9999 -9999 -9999 -9999 -9999 -9999 -9999 -9999 -9999 -9999 -9999 -9999 -9999 -9999 -9999 -9999 -9999 -9999 -9999
0E0 0E0 0E0 0E0 0E0 0E0 0E0 0E0 0E0 0E0 0E0 0E0 0E0 0E0 0E0 0E0 0E0 0E0 0E0 0E0 0E0 6.89478E-1 0E0 0E0 0E0 0E0 9.54933E-1 0E0 0E0 3.56314E-1 3.49286E-1 0E0 3.11533E-1 3.85625E-1 7.34673E-1 6.54775E-1 6.7824E-1 2.61879E-1 9.49003E-2 2.05549E-1 3.0535E-3 4.29105E-2 3.03178E-2 2.86533E-2 2.86291E-2 4.11681E-2 3.50755E-2 3.7989E-2 6.34743E-2 2.88159E-2 5.58827E-2 5.11336E-2 1.58337E-1 7.07986E-2 -9999 -9999 -9999 -9999 -9999 -9999 -9999 -9999 -9999 -9999 -9999 -9999 -9999 -9999 -9999 -9999 -9999 -9999 -9999 -9999 -9999 -9999 -9999 -9999
0E0 0E0 0E0 0E0 0E0 0E0 0E0 0E0 0E0 0E0 0E0 0E0 0E0 0E0 0E0 0E0 0E0 0E0 0E0 0E0 0E0 7.47067E-1 6.24648E-1 0E0 0E0 0E0 5.85755E-1 8.30061E-1 6.32934E-1 5.43196E-1 0E0 0E0 0E0 0E0 0E0 7.96349E-1 6.9303E-1 2.10418E-1 8.82025E-2 8.08857E-3 9.12229E-3 2.37414E-2 6.62265E-2 1.62268E-2 4.01107E-2 1.28466E-2 1.79787E-2 8.5692E-2 2.53E-2 6.05621E-2 9.18479E-2 4.70995E-2 7.89018E-2 1.12898E-1 -9999 -9999 -9999 -9999 -9999 -9999 -9999 -9999 -9999 -9999 -9999 -9999 -9999 -9999 -9999 -9999 -9999 -9999 -9999 -9999 -9999 -9999 -9999 -9999
0E0 0E0 0E0 0E0 0E0 0E0 0E0 0E0 0E0 0E0 0E0 0E0 0E0 0E0 0E0 0E0 0E0 0E0 0E0 0E0 0E0 0E0 0E0 7.27086E-1 7.04418E-1 0E0 0E0 5.79405E-1 5.09266E-1 4.88028E-1 5.00003E-1 4.96174E-1 0E0 5.72759E-1 5.86136E-1 3.23341E-1 2.52522E-1 2.52964E-1 8.26411E-2 3.30572E-2 2.65838E-2 1.71599E-2 1.02496E-2 1.44387E-2 1.20811E-2 2.03346E-2 5.81876E-2 3.29462E-2 9.30585E-2 8.37122E-2 2.18221E-2 3.97797E-2 7.25601E-2 1.01245E-1 -9999 -9999 -9999 -9999 -9999 -9999 -9999 -9999 -9999 -9999 -9999 -9999 -9999 -9999 -9999 -9999 -9999 -9999 -9999 -9999 -9999 -9999 -9999 -9999
0E0 0E0 0E0 0E0 0E0 0E0 0E0 0E0 0E0 0E0 0E0 0E0 0E0 0E0 0E0 0E0 0E0 0E0 0E0 2.07158E-1 2.65474E-1 0E0 0E0 4.20241E-1 2.21884E-1 1.6403E-1 3.53074E-1 5.30757E-1 7.48514E-1 3.05504E-1 3.59839E-1 3.15134E-1 7.35663E-1 4.97E-1 2.6169E-1 2.04297E-1 7.28799E-2 7.17609E-2 1.40607E-1 1.83052E-2 1.20823E-2 7.93422E-2 1.17059E-1 7.15046E-2 3.28254E-2 2.79953E-2 2.67928E-2 4.56924E-2 8.69473E-2 1.02208E-1 1.69385E-1 1.50098E-1 3.94196E-2 3.86401E-2 -9999 -9999 -9999 -9999 -9999 -9999 -9999 -9999 -9999 -9999 -9999 -9999 -9999 -9999 -9999 -9999 -9999 -9999 -9999 -9999 -9999 -9999 -9999 -9999
0E0 0E0 0E0 0E0 0E0 0E0 0E0 0E0 0E0 0E0 0E0 0E0 0E0 0E0 0E0 0E0 0E0 0E0 0E0 1.84563E-1 1.32975E-1 1.2998E-1 1.95594E-1 1.15001E-1 9.88426E-2 8.52379E-2 4.12234E-1 6.07638E-1 0E0 7.13058E-1 3.67114E-1 2.72872E-1 0E0 5.87958E-1 4.77573E-1 2.72982E-1 1.3123E-1 4.74971E-2 6.97793E-3 7.15666E-3 1.98796E-2 8.38196E-2 1.56349E-1 1.32114E-1 2.13429E-2 4.36946E-2 1.1566E-1 1.41065E-1 1.49873E-1 1.12638E-1 1.50052E-1 6.76116E-2 8.19818E-2 -9999 -9999 -9999 -9999 -9999 -9999 -9999 -9999 -9999 -9999 -9999 -9999 -9999 -9999 -9999 -9999 -9999 -9999 -9999 -9999 -9999 -9999 -9999 -9999 -9999
0E0 0E0 0E0 0E0 0E0 0E0 0E0 0E0 0E0 0E0 0E0 0E0 0E0 0E0 0E0 0E0 0E0 0E0 0E0 0E0 0E0 1.61402E-1 9.13807E-2 3.88094E-2 2.76787E-2 7.97668E-2 5.17536E-1 0E0 0E0 9.26097E-1 8.59164E-1 6.20592E-1 8.33586E-1 4.42707E-1 2.54592E-1 7.38108E-2 4.65953E-2 1.93145E-2 8.17395E-3 1.39245E-2 2.39151E-2 6.7621E-2 5.32373E-2 5.30624E-2 4.05438E-2 4.89389E-2 1.95272E-1 9.38543E-2 6.89092E-2 5.44219E-2 8.88965E-2 1.72112E-2 5.40135E-2 -9999 -9999 -9999 -9999 -9999 -9999 -9999 -9999 -9999 -9999 -9999 -9999 -9999 -9999 -9999 -9999 -9999 -9999 -9999 -9999 -9999 -9999 -9999 -9999 -9999
0E0 0E0 0E0 0E0 0E0 0E0 0E0 0E0 0E0 0E0 0E0 0E0 0E0 0E0 0E0 0E0 0E0 0E0 0E0 0E0 0E0 0E0 2.5874E-1 5.02642E-2 5.38684E-2 1.36574E-1 6.07E-1 0E0 0E0 9.55736E-1 8.87535E-1 6.80139E-1 4.74209E-1 3.58394E-1 9.90712E-2 1.91765E-1 1.41027E-2 5.90303E-3 1.22696E-2 2.6272E-2 3.6891E-2 4.52964E-2 6.29635E-2 1.10467E-1 3.76735E-2 1.45626E-1 8.33233E-2 4.58398E-2 4.79074E-2 8.12602E-2 7.58997E-2 3.84309E-2 2.03311E-2 -9999 -9999 -9999 -9999 -9999 -9999 -9999 -9999 -9999 -9999 -9999 -9999 -9999 -9999 -9999 -9999 -9999 -9999 -9999 -9999 -9999 -9999 -9999 -9999 -9999
0E0 0E0 0E0 0E0 0E0 0E0 0E0 0E0 0E0 0E0 0E0 0E0 0E0 0E0 0E0 0E0 0E0 0E0 0E0 0E0 0E0 0E0 0E0 2.51548E-1 2.85368E-1 3.12698E-1 7.65724E-1 0E0 8.40059E-1 6.146E-1 5.45094E-1 2.73634E-1 1.17999E-1 1.67227E-1 1.69889E-1 9.80402E-3 1.21411E-2 1.38426E-2 1.91337E-2 5.37241E-2 2.17837E-2 1.25384E-1 1.36747E-1 9.98992E-2 1.928E-1 2.61905E-1 5.46115E-2 5.13282E-2 1.01162E-2 4.15079E-2 8.22733E-3 1.506E-2 1.99907E-2 -9999 -9999 -9999 -9999 -9999 -9999 -9999 -9999 -9999 -9999 -9999 -9999 -9999 -9999 -9999 -9999 -9999 -9999 -9999 -9999 -9999 -9999 -9999 -9999 -9999
0E0 0E0 0E0 0E0 0E0 0E0 0E0 0E0 0E0 0E0 0E0 0E0 0E0 0E0 0E0 0E0 0E0 3.86063E-1 1.9186E-1 4.58167E-2 3.46524E-2 7.03689E-2 1.27245E-1 4.09814E-2 1.46688E-1 2.8972E-1 3.22452E-1 6.5033E-1 5.89573E-1 3.59537E-1 2.09554E-1 8.97715E-2 3.17158E-2 7.94515E-2 8.54537E-2 4.72258E-3 2.61771E-2 1.54751E-2 6.27748E-2 3.53417E-2 8.6136E-2 1.06103E-1 7.82662E-2 6.65328E-2 3.65706E-2 2.79714E-2 1.40845E-2 4.04384E-2 4.42539E-2 5.43099E-2 2.57115E-2 1.3815E-2 -9999 -9999 -9999 -9999 -9999 -9999 -9999 -9999 -9999 -9999 -9999 -9999 -9999 -9999 -9999 -9999 -9999 -9999 -9999 -9999 -9999 -9999 -9999 -9999 -9999 -9999
0E0 0E0 0E0 0E0 0E0 0E0 0E0 0E0 0E0 0E0 0E0 0E0 0E0 0E0 0E0 0E0 0E0 0E0 4.10652E-1 5.11459E-2 4.62725E-2 1.24324E-2 2.65678E-2 2.84727E-2 3.55078E-2 6.85724E-2 9.86829E-2 4.02225E-1 4.45362E-1 2.81532E-1 7.04633E-2 6.75023E-2 6.95257E-2 1.27868E-1 7.08374E-3 5.59535E-3 2.98432E-2 4.09301E-2 8.19807E-2 1.54321E-2 8.78291E-2 1.5331E-1 6.26127E-2 1.06942E-2 3.79176E-2 1.5153E-2 2.84598E-2 2.64313E-2 1.76776E-2 1.65657E-2 8.04299E-3 6.70199E-3 -9999 -9999 -9999 -9999 -9999 -9999 -9999 -9999 -9999 -9999 -9999 -9999 -9999 -9999 -9999 -9999 -9999 -9999 -9999 -9999 -9999 -9999 -9999 -9999 -9999 -9999
0E0 0E0 0E0 0E0 0E0 0E0 0E0 0E0 0E0 0E0 0E0 0E0 0E0 0E0 4.30137E-1 0E0 0E0 0E0 4.39237E-1 1.95492E-1 8.32217E-2 1.24981E-2 2.04552E-2 3.01282E-2 3.95802E-2 4.46593E-2 3.59027E-2 2.73917E-1 1.86442E-1 9.05909E-2 1.00118E-1 8.30544E-2 1.06184E-2 2.35182E-2 1.0384E-2 1.3643E-2 1.48527E-2 9.95171E-2 3.46464E-2 8.4292E-3 5.44168E-2 3.59232E-1 4.52471E-2 1.18429E-2 1.96525E-2 3.57622E-2 2.74952E-2 2.01218E-2 2.55465E-2 1.81369E-2 1.94522E-2 4.12416E-3 -9999 -9999 -9999 -9999 -9999 -9999 -9999 -9999 -9999 -9999 -9999 -9999 -9999 -9999 -9999 -9999 -9999 -9999 -9999 -9999 -9999 -9999 -9999 -9999 -9999 -9999
0E0 0E0 0E0 0E0 0E0 0E0 0E0 0E0 0E0 0E0 0E0 0E0 0E0 1.97844E-1 2.02234E-1 0E0 0E0 4.05573E-1 3.30936E-1 1.36879E-1 8.5771E-2 2.82929E-2 3.73083E-2 3.58287E-2 4.78608E-2 8.93194E-2 6.59826E-2 1.32139E-1 3.05738E-2 2.86383E-2 1.91802E-2 3.14181E-3 1.16152E-2 6.11947E-2 4.16727E-2 7.31738E-2 5.05402E-2 2.35996E-2 4.65911E-2 5.67286E-3 1.65229E-1 2.2694E-1 1.91494E-2 2.34879E-2 2.45839E-2 1.18662E-2 2.07657E-2 2.2613E-2 1.28561E-2 3.03923E-2 1.18866E-2 -9999 -9999 -9999 -9999 -9999 -9999 -9999 -9999 -9999 -9999 -9999 -9999 -9999 -9999 -9999 -9999 -9999 -9999 -9999 -9999 -9999 -9999 -9999 -9999 -9999 -9999 -9999
0E0 0E0 0E0 0E0 0E0 0E0 0E0 0E0 0E0 0E0 0E0 0E0 0E0 2.97343E-1 3.29618E-1 0E0 0E0 0E0 5.8989E-1 2.79058E-1 9.7711E-2 7.73841E-2 1.4218E-1 1.54323E-1 2.12572E-1 2.16518E-1 1.3598E-1 3.23911E-2 1.79336E-2 3.04631E-3 1.57825E-2 1.88978E-2 1.27569E-2 6.316E-2 2.54508E-2 6.48473E-2 4.4679E-2 6.383E-2 7.73793E-2 2.86874E-2 2.28679E-1 6.86686E-2 3.99191E-2 4.26243E-2 1.17821E-2 2.81627E-2 9.21146E-3 4.22165E-2 4.09586E-2 6.2534E-3 1.28134E-2 -9999 -9999 -9999 -9999 -9999 -9999 -9999 -9999 -9999 -9999 -9999 -9999 -9999 -9999 -9999 -9999 -9999 -9999 -9999 -9999 -9999 -9999 -9999 -9999 -9999 -9999 -9999
0E0 0E0 0E0 0E0 0E0 0E0 0E0 0E0 0E0 0E0 0E0 0E0 0E0 0E0 0E0 0E0 0E0 0E0 0E0 0E0 0E0 4.67417E-1 7.03872E-1 3.81154E-1 1.19968E-1 1.45784E-1 5.36325E-2 2.20547E-2 7.89854E-3 8.86E-3 8.93224E-3 2.71978E-2 4.38866E-2 1.1878E-1 4.06072E-2 4.75911E-2 3.74562E-2 3.70939E-2 1.56549E-2 1.24417E-1 9.64888E-2 1.54485E-1 7.86851E-2 6.71262E-2 1.79793E-2 3.50442E-2 2.98619E-2 6.08041E-2 3.13635E-2 2.32277E-2 2.44619E-2 -9999 -9999 -9999 -9999 -9999 -9999 -9999 -9999 -9999 -9999 -9999 -9999 -9999 -9999 -9999 -9999 -9999 -9999 -9999 -9999 -9999 -9999 -9999 -9999 -9999 -9999 -9999
0E0 0E0 0E0 0E0 0E0 0E0 0E0 0E0 0E0 0E0 0E0 0E0 0E0 0E0 0E0 0E0 0E0 0E0 0E0 0E0 2.01485E-1 6.74272E-2 8.64285E-2 2.29485E-1 8.15264E-2 4.08059E-2 1.13243E-1 8.48243E-3 4.80765E-3 1.68136E-2 4.50576E-2 4.86483E-2 9.57077E-2 6.18251E-2 1.02716E-1 2.33459E-2 3.2822E-2 8.24084E-3 1.14063E-1 1.48999E-1 1.29387E-1 5.29107E-2 3.76373E-2 2.94659E-2 2.49774E-2 3.43041E-2 4.14204E-2 3.91069E-2 2.52505E-2 1.13287E-1 1.52816E-1 -9999 -9999 -9999 -9999 -9999 -9999 -9999 -9999 -9999 -9999 -9999 -9999 -9999 -9999 -9999 -9999 -9999 -9999 -9999 -9999 -9999 -9999 -9999 -9999 -9999 -9999 -9999
0E0 0E0 0E0 0E0 0E0 0E0 0E0 0E0 0E0 0E0 0E0 0E0 0E0 0E0 0E0 0E0 0E0 0E0 0E0 0E0 1.41759E-1 3.01211E-2 8.6807E-2 1.26916E-1 6.83037E-2 2.88779E-2 8.14458E-2 1.09688E-1 5.21333E-2 3.75606E-2 5.12484E-2 7.92404E-2 2.86002E-2 1.5891E-2 9.81196E-2 5.65377E-2 4.29117E-2 4.85786E-2 2.74223E-1 6.45526E-2 4.3349E-2 5.86411E-2 4.03573E-2 6.98589E-2 6.39909E-2 9.7201E-3 4.83826E-2 2.8853E-2 7.17926E-2 1.03984E-1 -9999 -9999 -9999 -9999 -9999 -9999 -9999 -9999 -9999 -9999 -9999 -9999 -9999 -9999 -9999 -9999 -9999 -9999 -9999 -9999 -9999 -9999 -9999 -9999 -9999 -9999 -9999 -9999
0E0 0E0 0E0 0E0 0E0 0E0 0E0 0E0 0E0 0E0 0E0 0E0 0E0 0E0 0E0 0E0 2.07101E-1 1.64358E-1 1.90944E-1 1.17011E-1 1.04471E-1 1.18036E-1 1.3971E-1 4.40284E-2 2.76657E-2 2.85609E-2 9.32545E-2 1.65662E-1 3.32614E-1 5.51611E-2 1.44678E-1 1.17882E-1 4.10224E-2 7.9006E-2 1.79582E-1 2.10429E-1 1.32443E-1 1.04386E-1 1.58811E-1 3.69178E-2 2.29643E-2 6.27805E-2 1.1286E-1 1.08924E-1 5.25297E-2 3.4052E-2 2.17509E-2 2.11575E-2 2.71516E-2 4.77111E-2 -9999 -9999 -9999 -9999 -9999 -9999 -9999 -9999 -9999 -9999 -9999 -9999 -9999 -9999 -9999 -9999 -9999 -9999 -9999 -9999 -9999 -9999 -9999 -9999 -9999 -9999 -9999 -9999
0E0 0E0 0E0 0E0 0E0 0E0 0E0 0E0 0E0 0E0 0E0 0E0 0E0 0E0 4.10612E-1 2.02032E-1 7.45336E-2 6.83471E-2 1.61059E-1 6.89562E-2 3.97666E-2 3.31324E-2 8.91115E-2 2.45934E-2 5.53305E-2 1.41716E-1 1.27056E-1 2.42528E-1 3.42468E-1 1.74765E-1 4.61177E-2 7.54416E-2 3.80413E-2 2.9627E-1 2.09897E-1 1.16735E-1 4.83215E-2 2.90546E-2 2.86251E-2 4.06508E-2 6.17049E-3 6.907E-2 6.68197E-2 8.24798E-2 5.69768E-2 6.26226E-2 2.97001E-2 3.98208E-2 3.39612E-2 5.18424E-2 -9999 -9999 -9999 -9999 -9999 -9999 -9999 -9999 -9999 -9999 -9999 -9999 -9999 -9999 -9999 -9999 -9999 -9999 -9999 -9999 -9999 -9999 -9999 -9999 -9999 -9999 -9999 -9999
0E0 0E0 0E0 0E0 0E0 0E0 0E0 0E0 0E0 0E0 0E0 0E0 0E0 2.31913E-1 2.24386E-1 1.44345E-1 6.21694E-2 5.41211E-2 1.0942E-1 5.48986E-2 8.15027E-2 5.3773E-2 3.78857E-2 4.35424E-2 5.49299E-2 9.49112E-2 2.19974E-1 9.5972E-2 4.45085E-1 1.57721E-1 4.54002E-2 1.17027E-1 1.21068E-1 1.20829E-1 1.53608E-1 1.3194E-1 2.08601E-1 3.04107E-2 5.64656E-2 5.49031E-2 7.82163E-2 5.25207E-2 4.93766E-2 3.55134E-2 3.15002E-2 1.79478E-2 3.58086E-2 6.00471E-2 4.5617E-2 -9999 -9999 -9999 -9999 -9999 -9999 -9999 -9999 -9999 -9999 -9999 -9999 -9999 -9999 -9999 -9999 -9999 -9999 -9999 -9999 -9999 -9999 -9999 -9999 -9999 -9999 -9999 -9999 -9999
0E0 0E0 0E0 0E0 0E0 0E0 0E0 0E0 0E0 0E0 0E0 0E0 0E0 0E0 4.93783E-1 1.72775E-1 5.37667E-2 7.52513E-2 8.70854E-2 1.12619E-1 1.06982E-1 1.57996E-1 1.47318E-1 7.56458E-2 8.92778E-2 1.47411E-1 2.42532E-1 8.35646E-2 3.08315E-1 2.87505E-2 1.40932E-1 2.70786E-1 1.46825E-1 7.2301E-3 7.95414E-2 9.78821E-2 2.15386E-2 2.07158E-2 2.27191E-2 1.16293E-1 1.7797E-1 1.61745E-2 4.55202E-2 3.05083E-2 1.5604E-2 2.32787E-2 3.38113E-2 6.82226E-2 -9999 -9999 -9999 -9999 -9999 -9999 -9999 -9999 -9999 -9999 -9999 -9999 -9999 -9999 -9999 -9999 -9999 -9999 -9999 -9999 -9999 -9999 -9999 -9999 -9999 -9999 -9999 -9999 -9999 -9999
0E0 0E0 0E0 0E0 0E0 0E0 0E0 0E0 0E0 0E0 0E0 0E0 0E0 0E0 2.42325E-1 8.72299E-2 1.06955E-1 9.79732E-2 1.54617E-1 2.01922E-1 2.123E-1 1.1718E-1 3.24781E-1 3.04929E-1 1.16551E-1 2.04476E-1 1.59359E-1 2.46596E-1 1.50092E-1 6.41752E-1 3.6366E-1 3.01638E-1 1.30721E-1 4.34015E-2 1.83028E-2 2.42473E-2 1.4722E-2 1.24815E-2 1.84923E-2 2.46121E-2 8.35017E-3 4.19967E-2 5.29878E-2 1.03912E-2 6.74018E-3 1.23993E-2 1.96622E-2 -9999 -9999 -9999 -9999 -9999 -9999 -9999 -9999 -9999 -9999 -9999 -9999 -9999 -9999 -9999 -9999 -9999 -9999 -9999 -9999 -9999 -9999 -9999 -9999 -9999 -9999 -9999 -9999 -9999 -9999 -9999
0E0 0E0 0E0 0E0 0E0 0E0 0E0 0E0 0E0 0E0 0E0 0E0 0E0 6.35761E-1 2.03923E-1 9.52487E-2 1.19399E-1 1.00352E-1 4.19511E-1 6.26315E-1 2.9673E-1 2.46216E-1 3.3012E-1 3.3176E-1 4.26103E-1 1.55661E-1 1.82996E-1 1.17496E-1 6.01291E-1 5.24768E-1 1.69066E-1 1.73677E-1 1.43317E-1 2.34471E-2 6.62598E-2 1.01603E-2 7.44188E-3 6.32111E-2 8.03388E-3 1.34148E-2 4.6384E-2 2.05544E-2 1.77165E-2 1.651E-2 9.8795E-3 9.91964E-3 -9999 -9999 -9999 -9999 -9999 -9999 -9999 -9999 -9999 -9999 -9999 -9999 -9999 -9999 -9999 -9999 -9999 -9999 -9999 -9999 -9999 -9999 -9999 -9999 -9999 -9999 -9999 -9999 -9999 -9999 -9999 -9999
0E0 0E0 0E0 0E0 0E0 0E0 0E0 0E0 0E0 0E0 0E0 0E0 0E0 0E0 4.99177E-1 2.04035E-1 9.83489E-2 1.00123E-1 6.54423E-1 0E0 2.2779E-1 2.46891E-1 2.07516E-1 3.43891E-1 1.49958E-1 7.13277E-2 1.68241E-1 4.37188E-1 4.74756E-1 4.11649E-1 4.29913E-2 3.55919E-2 2.92187E-2 3.42403E-1 1.51523E-1 4.15398E-2 7.51221E-3 5.42352E-3 1.30492E-2 1.30732E-2 8.94477E-3 9.67863E-3 2.21441E-2 9.20836E-3 -9999 -9999 -9999 -9999 -9999 -9999 -9999 -9999 -9999 -9999 -9999 -9999 -9999 -9999 -9999 -9999 -9999 -9999 -9999 -9999 -9999 -9999 -9999 -9999 -9999 -9999 -9999 -9999 -9999 -9999 -9999 -9999 -9999 -9999
0E0 0E0 0E0 0E0 0E0 0E0 0E0 0E0 0E0 0E0 0E0 0E0 0E0 0E0 3.67214E-1 1.76416E-1 2.57283E-1 2.11962E-1 0E0 0E0 2.97892E-1 1.51297E-1 1.08322E-1 1.16561E-1 1.08948E-1 3.81038E-1 3.60036E-2 5.76344E-1 3.46553E-1 5.27397E-2 5.40623E-2 3.56158E-2 6.54201E-2 1.03029E-1 2.55017E-2 2.99648E-2 6.41505E-3 4.70377E-3 6.6404E-3 2.24035E-2 1.20343E-2 9.70553E-3 1.24064E-2 -9999 -9999 -9999 -9999 -9999 -9999 -9999 -9999 -9999 -9999 -9999 -9999 -9999 -9999 -9999 -9999 -9999 -9999 -9999 -9999 -9999 -9999 -9999 -9999 -9999 -9999 -9999 -9999 -9999 -9999 -9999 -9999 -9999 -9999 -9999
0E0 0E0 0E0 0E0 0E0 0E0 0E0 0E0 0E0 0E0 0E0 0E0 5.81864E-1 5.2569E-1 3.41026E-1 3.84072E-1 7.61769E-1 0E0 0E0 8.496E-1 4.70483E-1 1.75644E-1 2.12268E-1 7.85208E-2 1.80105E-1 1.39523E-1 4.19668E-1 5.78621E-1 4.88471E-1 5.52172E-2 4.95122E-2 1.33779E-1 9.17729E-2 4.50618E-2 3.78553E-3 1.84434E-3 1.49009E-3 5.92001E-3 1.64865E-2 1.93928E-2 2.32469E-2 9.19084E-3 -9999 -9999 -9999 -9999 -9999 -9999 -9999 -9999 -9999 -9999 -9999 -9999 -9999 -9999 -9999 -9999 -9999 -9999 -9999 -9999 -9999 -9999 -9999 -9999 -9999 -9999 -9999 -9999 -9999 -9999 -9999 -9999 -9999 -9999 -9999 -9999
0E0 0E0 0E0 0E0 0E0 0E0 0E0 0E0 0E0 0E0 0E0 0E0 0E0 0E0 5.92431E-1 3.58661E-1 0E0 0E0 8.95094E-1 1.73854E-1 1.76252E-1 3.85341E-2 4.90067E-2 2.79961E-1 3.47338E-1 3.25671E-1 1.87413E-1 8.47706E-2 1.11546E-1 1.58991E-1 2.81482E-1 2.80444E-1 1.43298E-1 1.21468E-2 1.42566E-2 4.0778E-3 7.7231E-3 1.3866E-2 3.25318E-2 1.6294E-2 2.23031E-2 -9999 -9999 -9999 -9999 -9999 -9999 -9999 -9999 -9999 -9999 -9999 -9999 -9999 -9999 -9999 -9999 -9999 -9999 -9999 -9999 -9999 -9999 -9999 -9999 -9999 -9999 -9999 -9999 -9999 -9999 -9999 -9999 -9999 -9999 -9999 -9999 -9999
