ENM/Final_Models/M_1_F_qp_Set_1_NE/Gustavia_santanderiensis_7_Choco.asc
ncols         367
nrows         963
xllcorner     -78.6
yllcorner     0.65
cellsize      0.00833333333333323
NODATA_value  -9999
[rows 782 to 815 of 963, columns 156 to 233 of 367]
1.08908E-4 3.60223E-5 1.09596E-5 5.05551E-5 8.92018E-5 3.98181E-5 9.85904E-6 3.63234E-6 7.04583E-6 6.9652E-6 5.06934E-6 5.82368E-6 3.59984E-6 2.63472E-6 4.43389E-6 1.85052E-5 1.15754E-5 9.09112E-6 3.67699E-5 3.21257E-4 1.00683E-3 1.14095E-3 5.80315E-3 1.10817E-2 -9999 -9999 -9999 -9999 -9999 -9999 -9999 -9999 -9999 -9999 -9999 -9999 -9999 -9999 -9999 -9999 -9999 1.13483E-2 6.97754E-3 5.32212E-3 1.02644E-2 6.05373E-3 7.30991E-3 1.36562E-2 9.35682E-3 6.19648E-3 4.69451E-3 3.10866E-3 3.03964E-3 4.18625E-3 2.78314E-3 2.24437E-3 2.53562E-3 2.25778E-3 2.03035E-3 1.80839E-3 6.62166E-4 7.60461E-4 5.57596E-4 4.5558E-4 1.97216E-4 1.34132E-4 4.71914E-5 1.31662E-5 8.74093E-6 4.52281E-5 2.62976E-5 6.11161E-5 1.09108E-4 1.30258E-4 9.39005E-5 5.91765E-5 1.42564E-4 1.99377E-4
2.76622E-5 1.20324E-5 1.5558E-5 1.59355E-5 1.00971E-5 2.32898E-5 1.11742E-5 2.33324E-6 4.12411E-6 2.71421E-6 2.40102E-6 2.78295E-6 2.36587E-6 5.18316E-6 1.03745E-5 2.98091E-5 3.14618E-5 4.64323E-5 1.13413E-4 7.67355E-4 2.79799E-3 6.01E-3 -9999 -9999 1.98875E-3 -9999 -9999 -9999 -9999 -9999 -9999 -9999 -9999 -9999 -9999 -9999 -9999 -9999 -9999 -9999 1.68383E-2 1.23404E-2 1.05652E-2 4.43517E-3 1.27094E-2 1.42033E-2 1.53944E-2 1.29596E-2 8.41305E-3 2.90719E-3 1.76849E-3 1.66346E-3 2.4647E-3 4.53062E-3 1.12249E-3 5.98956E-4 1.74529E-3 2.14135E-3 1.54746E-3 8.4158E-4 8.18337E-4 1.01901E-3 2.82765E-4 1.09493E-4 9.3696E-5 1.00876E-4 6.61335E-5 1.60744E-5 5.58342E-6 2.44919E-5 2.99245E-5 3.9042E-5 4.87261E-5 7.25908E-5 1.29779E-4 4.46242E-5 1.16771E-4 1.39004E-4
6.75381E-6 2.92755E-6 1.95315E-6 3.9877E-6 3.83469E-6 1.24978E-5 5.1705E-6 2.50337E-6 5.34851E-6 4.35802E-6 1.63305E-6 2.26717E-6 5.97662E-6 1.40397E-5 2.15702E-5 1.63476E-4 5.94936E-5 2.87072E-4 7.74559E-4 2.41982E-3 5.57131E-3 -9999 -9999 -9999 6.93353E-3 -9999 -9999 -9999 -9999 -9999 -9999 -9999 -9999 -9999 -9999 -9999 -9999 -9999 -9999 7.96896E-3 7.45406E-3 4.9318E-3 6.63828E-3 5.01477E-3 1.47324E-2 1.70867E-2 1.21808E-2 5.59348E-3 1.88971E-3 3.9501E-4 2.91607E-3 1.40903E-3 1.55654E-3 1.25635E-3 2.83791E-3 6.01969E-4 4.39189E-4 1.92286E-4 4.07439E-4 3.62566E-4 2.43559E-4 2.30988E-4 2.66927E-4 1.33729E-4 6.74581E-5 1.90426E-5 1.12596E-5 2.79389E-5 2.57173E-5 2.85299E-5 3.56847E-5 2.23893E-5 6.6387E-5 3.86018E-5 2.50677E-5 4.93371E-5 7.46462E-5 7.57777E-5
3.35685E-6 4.8304E-6 3.29783E-6 2.71001E-6 2.10681E-6 5.67435E-6 2.8648E-6 4.39706E-6 5.3182E-6 3.44059E-6 3.17287E-6 5.58785E-6 1.67098E-5 3.80459E-5 9.35169E-5 5.298E-4 2.45569E-5 1.35403E-4 8.47397E-4 4.44456E-3 3.72614E-3 -9999 -9999 -9999 1.35278E-2 -9999 -9999 -9999 -9999 -9999 -9999 -9999 -9999 -9999 -9999 -9999 -9999 -9999 4.08823E-3 4.36987E-3 5.54318E-3 3.76214E-3 3.70531E-3 8.70163E-3 1.79947E-2 1.76175E-2 6.29765E-3 6.08245E-3 7.31604E-4 2.04023E-4 1.78293E-3 1.29728E-3 4.24873E-4 4.97092E-4 2.85145E-3 1.02431E-3 2.6079E-4 1.73393E-4 2.69898E-4 1.31846E-4 4.69315E-5 4.39304E-5 4.29809E-4 1.69983E-4 4.66177E-5 2.77714E-5 4.40467E-5 1.71447E-5 1.65838E-5 2.57885E-5 3.75155E-5 2.62597E-5 2.97919E-5 9.43809E-5 7.29615E-5 6.9724E-5 5.04346E-5 1.93648E-4
1.03179E-5 9.53529E-6 5.25424E-6 6.37909E-6 2.01018E-6 2.81121E-6 2.47104E-6 4.95635E-6 8.23343E-6 3.04993E-6 4.55834E-6 4.7337E-6 2.50229E-5 5.5915E-5 1.05376E-4 3.29972E-4 2.57336E-5 2.89715E-5 4.03922E-4 9.96098E-4 -9999 -9999 -9999 -9999 -9999 -9999 -9999 -9999 -9999 -9999 -9999 -9999 -9999 -9999 -9999 -9999 -9999 -9999 -9999 5.26455E-3 4.76187E-3 3.94418E-3 5.97183E-3 1.52634E-2 1.67854E-2 7.17229E-3 3.66212E-3 1.69801E-3 5.78804E-4 1.60933E-4 7.47724E-4 7.02346E-4 2.87646E-4 4.19857E-4 2.44229E-3 2.16408E-3 3.89174E-4 2.50074E-4 5.88501E-5 4.89036E-5 3.05247E-5 6.12075E-5 1.18338E-4 1.98954E-4 1.89395E-5 1.33765E-5 3.69341E-5 3.59457E-5 3.81643E-5 2.34057E-5 4.42571E-5 4.33173E-5 3.82139E-5 4.37683E-5 9.1057E-5 1.49824E-4 2.62851E-4 2.73684E-4
9.57846E-6 1.79431E-6 4.64506E-6 2.24366E-5 1.10203E-5 3.38703E-6 3.8703E-6 9.78112E-6 2.19153E-5 2.80355E-6 3.02E-6 5.9985E-6 2.30987E-5 4.07578E-5 1.30443E-4 1.85743E-4 2.71903E-4 2.55582E-5 8.24556E-5 7.79276E-4 -9999 -9999 -9999 -9999 -9999 -9999 -9999 -9999 -9999 -9999 -9999 -9999 -9999 -9999 -9999 -9999 -9999 -9999 -9999 8.92134E-3 6.2037E-3 1.75546E-2 1.40783E-2 2.79851E-2 2.1392E-2 1.00668E-2 5.50461E-3 1.08424E-3 2.10659E-4 1.4297E-4 4.67918E-4 6.98062E-4 6.44039E-4 6.36218E-4 2.91601E-3 2.50415E-3 4.45006E-4 1.63048E-4 1.71514E-5 4.25083E-5 1.4144E-5 5.31497E-5 9.92896E-5 2.29343E-5 1.10912E-5 1.91669E-5 1.02358E-5 5.08385E-5 5.88201E-5 2.98674E-5 4.36137E-5 8.60036E-5 4.20125E-5 2.09395E-5 2.13947E-5 4.5161E-5 1.81482E-4 2.60204E-4
2.9102E-6 1.25997E-6 3.25854E-6 9.82784E-6 5.83339E-6 5.40255E-6 7.28462E-6 1.42295E-5 5.43654E-5 8.01101E-6 1.07461E-6 1.75761E-6 1.83258E-5 6.49281E-5 2.20511E-4 6.33104E-4 2.264E-4 2.00367E-4 3.83093E-5 5.43985E-4 1.89568E-3 -9999 -9999 -9999 -9999 -9999 -9999 -9999 -9999 -9999 -9999 -9999 -9999 -9999 -9999 -9999 -9999 1.0082E-2 1.813E-2 9.90037E-3 7.80535E-3 2.36347E-2 2.91732E-2 1.55067E-2 8.18563E-3 8.67812E-3 3.31719E-3 1.11835E-3 4.46127E-5 2.74119E-5 4.89687E-5 1.63919E-4 5.85059E-4 1.07191E-3 1.18653E-3 2.18215E-3 7.94022E-4 6.8004E-5 9.30296E-5 4.06424E-5 3.02682E-5 4.01949E-5 4.77234E-5 7.57039E-5 1.70822E-5 3.37389E-5 4.27944E-5 4.74873E-5 4.32165E-5 3.32824E-5 6.46667E-5 3.48193E-5 4.64181E-5 2.59585E-5 2.64844E-5 5.38396E-5 1.05341E-4 8.28055E-5
4.29039E-6 4.80752E-6 2.71746E-6 2.65621E-6 1.36813E-6 1.07175E-6 2.5374E-6 7.82499E-6 5.50806E-5 9.75269E-6 3.02767E-6 4.31284E-6 1.04152E-5 1.91235E-4 1.11327E-3 1.37997E-3 8.95042E-4 3.62077E-4 1.9131E-4 1.00445E-3 3.56627E-3 5.55041E-3 -9999 -9999 -9999 -9999 -9999 -9999 -9999 -9999 -9999 -9999 -9999 -9999 -9999 -9999 5.77993E-3 9.80033E-3 2.19303E-2 8.4653E-3 1.55235E-2 1.78563E-2 8.07824E-3 6.57373E-3 7.32567E-3 6.74321E-3 5.39211E-4 5.71467E-4 1.50099E-4 7.18178E-5 2.11398E-5 2.05036E-4 2.40912E-4 5.35185E-4 2.20788E-4 5.02045E-4 6.79191E-4 2.04799E-4 1.16376E-4 4.4824E-5 3.53179E-5 2.69495E-5 2.77538E-5 3.64434E-5 2.71445E-5 4.30814E-5 4.76374E-5 6.33521E-5 7.46049E-5 6.48678E-5 3.49204E-5 8.83914E-5 5.12821E-5 1.04232E-5 9.15589E-6 1.33815E-5 3.34824E-5 1.06611E-4
1.08485E-5 1.33439E-5 1.57733E-6 9.7156E-6 4.09E-5 1.09324E-5 2.75168E-5 1.0671E-4 2.35139E-5 9.8196E-6 3.65432E-6 4.41049E-6 5.49749E-5 1.51146E-4 8.0276E-4 3.71594E-3 1.24813E-3 1.23458E-3 1.63914E-3 4.94788E-4 2.53409E-3 -9999 -9999 -9999 -9999 -9999 -9999 -9999 -9999 -9999 -9999 -9999 -9999 -9999 -9999 -9999 6.04427E-3 7.21968E-3 2.17813E-2 2.17608E-2 1.45981E-2 6.79064E-3 2.62052E-3 1.63941E-3 1.83316E-3 2.55592E-3 7.22308E-4 6.31935E-5 7.37027E-5 5.93326E-5 6.08571E-5 1.17096E-4 7.7423E-5 3.0577E-4 1.47152E-4 1.26014E-4 6.9764E-4 2.1503E-4 1.19556E-5 4.05406E-5 3.00092E-5 3.65857E-5 3.744E-5 3.85129E-5 3.9932E-5 4.68565E-5 4.36366E-5 5.70173E-5 7.40325E-5 6.31593E-5 3.30711E-5 9.70463E-5 1.47013E-4 9.49755E-6 8.28008E-6 2.66339E-5 8.14283E-5 5.42008E-5
7.53418E-6 1.04799E-5 3.18856E-6 4.76751E-6 7.53159E-5 1.23153E-4 1.60442E-4 2.37361E-4 1.57743E-5 2.24425E-6 3.49313E-6 2.0574E-5 1.15074E-4 2.26475E-4 1.27895E-3 -9999 2.21059E-3 4.4331E-3 2.16024E-3 2.47291E-3 2.10087E-3 -9999 -9999 -9999 -9999 -9999 -9999 -9999 -9999 -9999 -9999 -9999 -9999 -9999 -9999 -9999 5.68254E-3 1.42342E-2 3.15003E-2 3.01113E-2 1.04078E-2 2.92293E-3 1.76701E-3 1.83068E-3 9.64109E-4 4.96214E-4 1.6999E-3 1.02935E-4 1.11487E-4 7.26103E-5 8.30652E-5 5.05847E-5 8.60143E-5 8.65715E-5 4.20628E-5 8.87979E-5 2.81555E-4 1.8609E-4 1.16731E-5 4.1095E-5 2.01474E-5 3.30622E-5 4.03329E-5 3.37103E-5 3.3555E-5 2.23245E-5 3.90752E-5 4.06572E-5 3.88615E-5 2.57578E-4 9.69416E-5 1.99616E-4 2.59937E-4 5.01773E-5 3.20736E-5 2.69095E-5 5.47233E-5 5.631E-5
2.42585E-6 6.52712E-6 8.25817E-7 8.79311E-7 2.17252E-5 5.08075E-4 2.12856E-4 5.57142E-5 4.94251E-6 3.97942E-6 9.25501E-6 8.7337E-5 2.54121E-4 4.50173E-4 8.57408E-4 -9999 -9999 -9999 8.99153E-3 6.43855E-3 3.23628E-2 -9999 -9999 -9999 -9999 -9999 -9999 -9999 -9999 -9999 -9999 -9999 -9999 -9999 -9999 -9999 -9999 -9999 -9999 1.79568E-2 3.32588E-3 3.45336E-3 3.6774E-3 1.18873E-3 2.61355E-4 7.01019E-5 2.02954E-4 1.29089E-4 8.58788E-5 1.72733E-5 1.37229E-5 8.36517E-6 3.93641E-5 5.84822E-5 1.45842E-5 1.20567E-5 7.15697E-5 3.431E-4 4.33751E-5 2.8549E-5 2.29824E-5 2.67031E-5 2.29133E-5 3.17773E-5 4.21394E-5 1.59606E-5 1.74958E-5 2.27029E-5 4.47567E-5 1.53358E-4 2.23437E-4 1.2954E-4 2.15405E-4 2.82783E-5 4.88797E-5 3.22539E-5 3.32332E-5 4.6489E-5
1.91832E-6 3.11314E-6 2.7653E-6 7.69775E-6 2.64113E-5 5.82345E-4 1.44302E-4 6.23733E-6 3.32369E-6 6.00951E-6 2.55019E-5 1.14622E-4 4.57833E-4 1.53841E-3 3.13706E-3 4.21114E-3 -9999 -9999 -9999 -9999 -9999 -9999 -9999 -9999 -9999 -9999 -9999 -9999 -9999 -9999 -9999 -9999 -9999 -9999 -9999 -9999 -9999 2.86545E-2 8.48161E-3 3.53442E-3 6.97244E-3 4.09795E-3 1.30823E-3 3.47095E-4 2.68265E-4 6.06448E-5 1.19929E-4 1.90908E-4 4.10741E-5 6.59989E-6 1.1481E-5 6.68043E-6 1.91409E-5 1.06606E-5 1.49526E-5 2.51774E-5 1.1112E-4 5.55558E-5 1.26932E-4 2.60166E-5 2.24637E-5 2.24895E-5 1.84896E-5 1.82216E-5 2.05895E-5 2.78862E-5 3.03054E-5 5.04364E-5 2.71163E-5 4.44777E-5 9.3732E-5 2.37625E-4 2.54283E-4 3.13231E-5 3.85832E-5 1.83858E-5 2.77171E-5 3.66141E-5
1.13816E-6 2.17602E-6 4.20152E-5 2.58086E-5 5.05595E-4 3.697E-4 8.68989E-5 9.306E-6 1.50275E-6 2.22124E-5 1.07491E-4 3.33067E-4 1.09699E-3 2.15693E-3 1.21548E-3 2.74636E-3 -9999 -9999 -9999 -9999 -9999 -9999 -9999 -9999 -9999 -9999 -9999 -9999 -9999 -9999 -9999 -9999 -9999 -9999 -9999 -9999 2.40803E-2 1.73563E-2 -9999 7.80871E-3 6.55018E-3 1.14621E-3 1.03034E-3 9.27995E-4 3.26448E-4 1.61421E-4 6.13565E-5 2.63565E-5 3.81305E-5 2.82376E-5 3.55011E-5 2.78115E-5 3.1738E-5 1.95989E-5 8.68665E-6 1.76028E-5 4.32641E-5 3.99975E-5 1.23428E-4 1.81649E-5 2.34207E-5 3.85554E-5 3.21981E-5 1.60293E-5 1.51937E-5 2.65883E-5 2.7622E-5 4.31105E-5 5.39312E-5 2.57221E-5 5.01967E-5 1.08774E-4 2.91674E-4 7.7224E-5 2.98559E-5 3.19224E-5 2.15094E-5 2.59206E-5
4.2252E-6 3.55494E-6 8.80485E-5 5.19045E-4 9.5261E-4 2.03271E-4 6.25323E-5 8.4667E-7 2.67284E-6 1.84027E-5 2.07352E-4 6.81352E-4 3.71474E-3 2.58292E-3 4.63784E-3 -9999 -9999 -9999 -9999 -9999 -9999 -9999 -9999 -9999 -9999 -9999 -9999 -9999 -9999 -9999 -9999 -9999 -9999 -9999 -9999 1.67729E-2 1.84585E-2 -9999 -9999 1.53126E-2 1.22898E-2 3.00811E-3 1.5836E-3 3.21734E-4 1.06762E-3 7.93732E-4 1.23644E-4 2.02795E-5 4.6898E-5 2.02346E-5 2.46768E-5 4.3418E-5 3.05661E-5 4.65106E-5 3.11547E-5 2.0798E-5 1.8043E-5 1.70339E-5 1.81383E-5 3.04313E-5 1.74892E-5 1.50267E-5 1.96381E-5 3.93954E-5 2.66489E-5 2.26957E-5 2.67293E-5 2.57316E-5 2.59264E-5 7.33421E-5 4.07635E-5 1.38564E-4 2.03307E-4 1.16055E-4 4.09048E-5 3.23267E-5 1.48092E-5 2.14814E-5
3.2608E-7 9.13213E-6 1.70386E-5 5.19955E-4 1.12452E-3 -9999 -9999 1.01829E-5 8.71032E-6 1.06362E-4 2.00929E-4 6.65733E-4 2.58961E-3 5.91268E-3 -9999 -9999 -9999 -9999 -9999 -9999 -9999 -9999 -9999 -9999 -9999 -9999 -9999 -9999 -9999 -9999 -9999 -9999 -9999 -9999 -9999 -9999 -9999 -9999 -9999 5.19702E-3 4.85534E-3 8.81603E-3 5.97062E-3 4.02609E-3 1.46104E-3 1.97422E-3 3.64598E-4 2.12537E-4 1.11117E-4 2.38727E-5 2.40154E-5 2.10301E-5 1.99682E-5 3.95178E-5 2.50967E-5 3.26715E-5 3.02013E-5 2.94762E-5 1.51519E-5 1.69234E-5 1.84811E-5 9.58601E-6 1.2779E-5 2.33951E-5 5.93282E-5 4.13811E-5 3.37848E-5 6.58102E-5 7.66281E-5 1.85439E-4 7.48674E-5 8.20303E-5 1.44211E-4 1.32839E-4 4.08518E-5 4.92212E-5 2.13487E-5 2.20831E-5
1.11677E-4 2.36971E-5 4.04994E-5 1.11822E-3 1.4989E-3 -9999 -9999 3.08649E-5 6.61911E-5 2.96681E-4 7.80584E-4 1.43853E-3 3.39481E-3 2.54338E-3 9.8043E-3 -9999 -9999 -9999 -9999 -9999 -9999 -9999 -9999 -9999 -9999 -9999 -9999 -9999 -9999 -9999 -9999 -9999 -9999 -9999 -9999 -9999 -9999 -9999 -9999 3.53943E-3 2.6221E-3 6.10976E-3 2.32585E-3 1.19908E-3 1.05401E-3 6.29527E-4 4.58206E-4 2.10781E-4 2.6458E-4 7.07738E-5 2.19758E-5 2.39461E-5 3.54356E-5 3.78153E-5 2.59235E-5 6.84276E-5 4.75408E-5 3.7505E-5 2.64164E-5 1.17022E-5 2.019E-5 1.57588E-5 1.38401E-5 1.75378E-5 5.26473E-5 1.33762E-4 6.51759E-5 2.09175E-4 2.80355E-4 1.1499E-4 5.197E-5 1.54216E-4 1.54136E-4 2.65888E-4 8.61929E-5 4.78679E-5 4.85897E-5 3.62343E-5
6.48128E-5 2.34131E-4 6.83443E-4 1.7263E-3 1.58918E-3 -9999 -9999 2.96853E-4 3.65288E-4 6.94612E-4 8.6091E-4 4.83693E-3 3.98109E-3 2.46085E-3 1.33015E-2 -9999 -9999 -9999 -9999 -9999 -9999 -9999 -9999 -9999 -9999 -9999 -9999 -9999 -9999 -9999 -9999 -9999 -9999 -9999 -9999 -9999 -9999 -9999 -9999 2.13752E-3 1.61996E-3 5.16055E-3 1.17247E-3 2.15023E-4 6.0678E-5 1.29944E-4 8.05531E-5 1.36079E-4 2.76116E-5 6.59532E-5 3.22788E-5 3.03872E-5 4.00104E-5 2.82379E-5 2.77281E-5 3.22512E-5 4.48345E-5 3.32495E-5 9.74648E-6 2.37166E-5 2.5994E-5 2.82573E-5 2.3395E-5 1.96314E-5 3.69231E-5 8.52074E-5 9.70536E-5 1.99772E-4 2.704E-4 2.63595E-4 2.01287E-4 1.80541E-4 2.85207E-4 2.07345E-4 4.65073E-5 3.23056E-5 7.14385E-5 8.84674E-5
5.66385E-6 4.21069E-5 1.44675E-3 -9999 -9999 -9999 -9999 1.20378E-3 7.50704E-4 2.07115E-3 3.07214E-3 4.45274E-3 -9999 -9999 -9999 -9999 -9999 -9999 -9999 -9999 -9999 -9999 -9999 -9999 -9999 -9999 -9999 -9999 -9999 -9999 -9999 -9999 -9999 -9999 -9999 -9999 -9999 -9999 1.07717E-3 1.75313E-3 9.63547E-4 1.35034E-3 6.92989E-4 9.46642E-5 8.73224E-5 1.32866E-4 5.15109E-4 7.39075E-5 3.80739E-5 4.39263E-5 3.74912E-5 2.24285E-5 3.21485E-5 3.28664E-5 3.34292E-5 3.51303E-5 3.85217E-5 2.55469E-5 1.88306E-5 2.54967E-5 1.24292E-5 2.62935E-5 2.04667E-5 1.83614E-5 2.71041E-5 2.47833E-5 4.22555E-5 1.38541E-4 1.84164E-4 2.3835E-4 1.42668E-4 1.50268E-4 2.91141E-4 2.04312E-4 5.39727E-5 4.14747E-5 8.34401E-5 1.25553E-4
3.94335E-6 1.30354E-4 2.23224E-3 -9999 -9999 -9999 -9999 7.0615E-4 3.12854E-3 1.23951E-3 1.16381E-2 2.73171E-2 -9999 -9999 -9999 -9999 -9999 -9999 -9999 -9999 -9999 -9999 -9999 -9999 -9999 -9999 -9999 -9999 -9999 -9999 -9999 -9999 -9999 -9999 -9999 -9999 -9999 -9999 2.43513E-4 1.45719E-4 1.82663E-3 7.29757E-4 3.26996E-4 2.45503E-4 7.69905E-5 3.08106E-5 1.16646E-4 8.27528E-5 4.72085E-5 6.25758E-5 4.40301E-5 4.53556E-5 1.00878E-4 6.36452E-5 7.40436E-5 7.9765E-5 1.63192E-4 8.41488E-5 2.90138E-5 1.55422E-5 1.2232E-5 2.68604E-5 4.48638E-5 1.44653E-5 1.68256E-5 1.47598E-5 3.0194E-5 5.76676E-5 1.95644E-4 2.57463E-4 1.50488E-4 1.72842E-4 1.85078E-4 1.09683E-4 5.87941E-5 8.8796E-5 9.60441E-5 1.85147E-4
1.15247E-5 1.656E-4 2.18813E-3 1.67666E-3 -9999 -9999 -9999 -9999 -9999 9.5563E-3 1.40814E-2 2.02733E-2 -9999 -9999 -9999 -9999 -9999 -9999 -9999 -9999 -9999 -9999 -9999 -9999 -9999 -9999 -9999 -9999 -9999 -9999 -9999 -9999 -9999 -9999 -9999 -9999 -9999 -9999 1.48932E-4 4.92961E-4 1.00845E-3 3.43955E-4 4.66705E-5 6.9166E-5 1.07371E-4 1.08162E-4 1.31251E-4 3.38038E-5 5.27319E-5 6.08729E-5 6.79101E-5 1.30566E-4 5.17627E-5 6.35698E-5 1.29357E-4 1.44879E-4 2.29085E-4 7.73637E-5 1.94434E-5 2.9797E-5 8.95779E-5 1.75516E-5 1.65831E-5 1.82446E-5 1.20109E-5 1.40408E-5 1.49879E-5 1.84711E-5 1.23509E-4 2.58337E-4 1.64174E-4 3.41889E-4 1.82968E-4 8.67582E-5 1.24478E-4 2.32139E-4 2.3529E-4 2.18263E-4
4.92393E-5 3.13242E-4 1.43987E-3 8.01266E-4 -9999 -9999 -9999 -9999 -9999 -9999 1.78435E-2 -9999 -9999 -9999 -9999 -9999 -9999 -9999 -9999 -9999 -9999 -9999 -9999 -9999 -9999 -9999 -9999 -9999 -9999 -9999 -9999 -9999 -9999 -9999 -9999 -9999 -9999 -9999 1.67233E-3 1.48903E-4 3.97561E-4 1.94282E-4 7.0595E-5 1.09658E-4 1.2494E-4 1.08561E-4 3.59749E-5 2.50668E-5 2.42287E-5 2.48323E-5 3.16057E-5 1.34684E-4 8.92279E-5 1.30342E-4 1.8518E-4 3.07848E-4 3.24918E-4 2.26031E-4 2.09368E-4 1.8273E-4 4.42753E-5 1.98881E-5 2.54107E-5 2.61902E-5 1.22776E-5 1.2813E-5 2.25049E-5 6.96203E-5 1.45919E-4 2.77267E-4 1.73576E-4 3.53204E-4 1.42956E-4 1.95581E-4 2.43293E-4 2.75248E-4 3.55769E-4 3.50503E-4
5.99563E-6 1.45959E-4 1.14158E-4 1.06579E-4 2.98523E-4 5.29833E-4 1.61315E-3 -9999 -9999 -9999 -9999 -9999 -9999 -9999 -9999 -9999 -9999 -9999 -9999 -9999 -9999 -9999 -9999 -9999 -9999 -9999 -9999 -9999 -9999 -9999 -9999 -9999 -9999 -9999 -9999 -9999 -9999 -9999 2.1082E-3 3.75182E-4 5.8616E-4 7.0044E-4 4.74415E-4 7.8447E-5 5.61342E-5 2.37607E-5 1.60963E-5 3.81607E-5 8.8482E-5 1.32804E-5 1.42366E-5 2.41191E-5 1.38401E-4 2.62269E-4 3.35598E-4 1.64305E-4 1.27523E-4 8.57492E-5 1.82677E-4 1.72839E-4 1.15695E-5 8.81547E-6 9.14399E-6 1.00816E-5 1.34878E-5 1.26426E-5 1.86124E-5 1.29116E-4 3.16668E-4 3.49329E-4 2.87165E-4 2.03749E-4 2.20258E-4 2.25128E-4 2.50276E-4 2.06384E-4 2.9314E-4 3.39929E-4
1.19023E-5 2.03991E-4 1.68671E-4 3.19242E-4 4.57594E-4 2.83349E-4 5.42734E-4 2.65646E-3 8.95301E-3 -9999 -9999 -9999 -9999 -9999 -9999 -9999 -9999 -9999 -9999 -9999 -9999 -9999 -9999 -9999 -9999 -9999 -9999 -9999 -9999 -9999 -9999 -9999 -9999 -9999 -9999 -9999 -9999 -9999 -9999 8.15487E-4 5.87751E-4 9.46111E-4 4.55409E-4 5.42251E-5 1.97392E-5 1.22594E-5 9.18187E-6 1.18818E-5 3.17569E-5 2.04619E-5 1.5034E-5 2.39341E-5 2.63276E-5 1.42981E-4 9.75946E-5 3.80691E-5 5.39531E-5 4.0642E-5 6.54857E-5 1.08061E-4 1.98988E-5 1.45065E-5 1.44003E-5 2.06948E-5 1.28711E-5 1.48646E-5 3.21101E-5 1.43393E-4 2.89338E-4 3.00513E-4 2.92509E-4 2.88756E-4 3.57376E-4 1.91837E-4 -9999 -9999 2.60991E-4 1.72452E-4
6.1348E-6 1.28971E-4 6.9419E-4 6.80571E-4 9.67881E-4 5.41976E-4 5.01033E-4 7.13003E-3 2.88214E-2 1.18953E-2 -9999 -9999 -9999 -9999 -9999 -9999 -9999 -9999 -9999 -9999 -9999 -9999 -9999 -9999 -9999 -9999 -9999 -9999 -9999 -9999 -9999 -9999 -9999 -9999 -9999 -9999 -9999 -9999 -9999 1.9117E-3 7.25925E-4 4.92255E-4 4.12911E-4 2.0861E-4 1.99677E-5 1.63934E-5 2.70394E-5 5.16492E-5 2.30379E-5 7.36684E-6 2.65097E-5 2.80222E-5 2.05155E-5 2.26087E-5 1.60033E-5 1.67363E-5 1.98181E-5 2.59786E-5 3.52901E-5 4.4654E-5 3.3775E-5 2.01774E-5 3.24902E-5 3.23305E-5 1.93511E-5 1.47989E-5 2.44594E-5 4.64317E-5 1.78057E-4 2.26614E-4 2.49575E-4 -9999 -9999 -9999 -9999 -9999 -9999 -9999
9.58444E-5 1.74798E-4 1.62493E-3 1.54188E-3 7.21761E-3 -9999 7.58532E-4 8.97536E-3 -9999 -9999 -9999 -9999 -9999 -9999 -9999 -9999 -9999 -9999 -9999 -9999 -9999 -9999 -9999 -9999 -9999 -9999 -9999 -9999 -9999 -9999 -9999 -9999 -9999 -9999 -9999 -9999 -9999 -9999 -9999 -9999 2.37884E-3 1.28568E-3 9.85454E-4 7.92681E-5 2.11372E-5 1.90602E-5 8.45833E-5 4.26672E-5 1.33754E-5 5.10249E-6 6.00847E-6 1.08131E-5 1.31866E-5 2.54968E-5 1.55189E-5 1.26446E-5 1.08342E-5 1.33256E-5 2.24066E-5 2.64269E-5 1.00927E-4 1.59772E-4 2.02853E-4 1.98383E-4 7.38855E-5 5.21413E-5 3.11734E-5 1.50397E-4 1.20965E-4 -9999 -9999 -9999 -9999 -9999 -9999 -9999 -9999 -9999
2.69433E-4 3.0607E-4 2.14148E-3 1.65132E-3 9.12536E-3 -9999 2.02232E-3 -9999 -9999 -9999 -9999 -9999 -9999 -9999 -9999 -9999 -9999 -9999 -9999 -9999 -9999 -9999 -9999 -9999 -9999 -9999 -9999 -9999 -9999 -9999 -9999 -9999 -9999 -9999 -9999 -9999 -9999 -9999 -9999 -9999 -9999 1.41035E-3 1.49861E-3 2.54794E-4 2.61128E-5 5.33548E-5 4.75335E-5 3.06196E-5 1.61044E-5 1.08277E-5 8.9381E-6 5.5038E-6 5.24897E-6 1.68777E-5 1.35672E-5 1.40586E-5 1.1515E-5 1.6671E-5 1.85367E-5 4.41229E-5 1.04081E-4 1.69524E-4 1.21042E-4 1.37635E-4 1.13111E-4 1.34403E-4 1.08686E-4 1.29367E-4 -9999 -9999 -9999 -9999 -9999 -9999 -9999 -9999 -9999 -9999
7.70618E-4 8.33026E-4 1.98783E-3 8.78298E-3 -9999 -9999 -9999 -9999 -9999 -9999 -9999 -9999 -9999 -9999 -9999 -9999 -9999 -9999 -9999 -9999 -9999 -9999 -9999 -9999 -9999 -9999 -9999 -9999 -9999 -9999 -9999 -9999 -9999 -9999 -9999 -9999 -9999 -9999 -9999 -9999 -9999 -9999 9.80941E-4 4.82611E-5 8.84663E-5 1.5193E-4 1.03091E-4 2.64198E-5 1.71429E-5 1.53132E-5 1.59836E-5 1.29067E-5 9.95487E-6 5.5925E-6 2.60235E-5 1.57014E-5 1.64104E-5 2.6716E-5 3.13464E-5 5.60816E-5 1.61686E-5 6.79685E-5 4.70269E-5 3.9629E-5 7.41109E-5 1.29544E-4 3.65037E-5 -9999 -9999 -9999 -9999 -9999 -9999 -9999 -9999 -9999 -9999 -9999
8.25316E-4 2.79359E-3 1.24441E-3 3.28889E-3 -9999 -9999 -9999 -9999 -9999 -9999 -9999 -9999 -9999 -9999 -9999 -9999 -9999 -9999 -9999 -9999 -9999 -9999 -9999 -9999 -9999 -9999 -9999 -9999 -9999 -9999 -9999 -9999 -9999 -9999 -9999 -9999 1.72667E-3 1.35568E-3 1.72272E-3 -9999 -9999 -9999 -9999 1.08808E-3 1.46447E-3 6.25141E-4 1.30922E-4 3.44288E-5 1.1756E-5 1.26568E-5 1.25317E-5 2.82477E-5 1.30183E-5 1.50801E-6 1.2678E-5 3.55221E-5 4.17527E-5 4.38059E-5 5.94881E-5 5.94595E-5 2.96203E-5 2.31617E-5 3.59289E-5 3.60132E-5 9.38521E-5 8.05281E-5 -9999 -9999 -9999 -9999 -9999 -9999 -9999 -9999 -9999 -9999 -9999 -9999
2.00621E-3 5.4948E-3 -9999 -9999 2.14958E-3 -9999 -9999 -9999 -9999 -9999 -9999 -9999 -9999 -9999 -9999 -9999 -9999 -9999 -9999 -9999 -9999 -9999 -9999 -9999 -9999 -9999 -9999 -9999 -9999 -9999 -9999 -9999 -9999 -9999 -9999 -9999 1.81926E-4 1.98187E-4 1.03946E-3 1.44516E-3 1.77253E-3 -9999 -9999 4.58844E-3 3.32471E-3 2.21078E-3 1.0065E-4 1.58949E-5 4.19715E-5 5.6888E-5 5.74701E-5 3.9664E-5 9.85463E-6 2.13586E-6 2.53824E-5 4.07664E-5 2.21616E-5 6.14493E-5 3.55353E-5 4.43857E-5 4.13699E-5 2.64291E-5 3.53921E-5 3.11971E-5 7.52761E-5 -9999 -9999 -9999 -9999 -9999 -9999 -9999 -9999 -9999 -9999 -9999 -9999 -9999
3.35684E-3 4.85454E-3 -9999 -9999 3.4127E-3 -9999 -9999 -9999 -9999 -9999 -9999 -9999 -9999 -9999 -9999 -9999 -9999 -9999 -9999 -9999 -9999 -9999 -9999 -9999 -9999 -9999 -9999 -9999 -9999 -9999 -9999 -9999 -9999 -9999 -9999 -9999 1.24783E-4 1.07838E-4 1.12124E-3 5.13298E-4 1.70937E-4 2.2528E-4 5.38827E-4 7.16751E-4 3.02526E-3 2.00214E-3 1.11966E-3 7.0758E-5 1.4424E-4 5.40838E-5 3.97113E-5 2.08649E-5 2.49993E-6 2.17901E-6 6.61038E-6 1.73351E-5 1.05419E-5 1.52668E-5 3.91901E-5 3.54429E-5 3.18947E-5 4.11328E-5 3.9571E-5 5.47636E-5 6.57336E-5 -9999 -9999 -9999 -9999 -9999 -9999 -9999 -9999 -9999 -9999 -9999 -9999 -9999
3.32444E-3 -9999 -9999 -9999 -9999 -9999 -9999 -9999 -9999 -9999 -9999 -9999 -9999 -9999 -9999 -9999 -9999 -9999 -9999 -9999 -9999 -9999 -9999 -9999 -9999 -9999 -9999 -9999 -9999 -9999 -9999 -9999 -9999 2.72281E-3 3.05862E-3 -9999 -9999 1.15785E-4 1.95816E-4 2.82586E-4 1.90093E-4 5.221E-5 1.33528E-5 2.40859E-5 6.21974E-4 2.34545E-3 8.13598E-4 1.00908E-3 1.27059E-4 3.21297E-5 1.90514E-5 2.88308E-6 6.47596E-6 9.02118E-6 8.02576E-6 1.349E-5 8.30252E-6 1.79483E-5 2.60432E-5 4.10316E-5 2.81265E-5 3.27737E-5 6.35148E-5 5.36736E-5 -9999 -9999 -9999 -9999 -9999 -9999 -9999 -9999 -9999 -9999 -9999 -9999 -9999 -9999
1.5158E-3 3.87864E-3 -9999 -9999 -9999 -9999 -9999 -9999 -9999 -9999 -9999 -9999 -9999 -9999 -9999 -9999 -9999 -9999 -9999 -9999 -9999 -9999 -9999 -9999 -9999 -9999 -9999 -9999 -9999 -9999 -9999 -9999 -9999 2.25639E-3 3.88415E-3 -9999 -9999 8.67793E-5 1.96628E-4 3.05179E-5 2.67612E-5 1.46378E-5 2.58945E-5 4.05093E-5 3.35284E-4 9.63339E-4 1.30752E-3 1.34789E-3 3.19259E-5 1.86652E-5 5.49499E-6 5.76406E-6 1.03333E-5 2.16172E-5 2.15714E-5 1.40844E-5 8.69784E-6 2.43322E-5 5.11407E-5 4.15612E-5 3.04135E-5 2.42993E-5 4.7031E-5 6.59347E-5 -9999 -9999 -9999 -9999 -9999 -9999 -9999 -9999 -9999 -9999 -9999 -9999 -9999 -9999
-9999 -9999 1.62111E-2 -9999 -9999 -9999 -9999 -9999 -9999 -9999 -9999 -9999 -9999 -9999 -9999 -9999 -9999 -9999 -9999 -9999 -9999 -9999 -9999 -9999 -9999 -9999 -9999 -9999 -9999 -9999 -9999 -9999 -9999 1.55224E-3 3.79227E-3 8.85683E-4 3.99701E-4 1.44037E-4 3.77745E-4 1.15025E-5 3.23939E-6 2.24988E-5 7.47264E-5 4.22372E-4 3.30086E-4 4.10019E-5 7.69317E-5 8.15194E-4 1.58611E-4 8.30413E-5 1.63734E-4 6.69685E-5 2.90888E-5 2.01871E-5 3.2452E-5 6.54003E-6 1.22786E-5 2.35367E-5 2.52505E-5 1.52835E-5 5.37024E-6 2.39621E-5 3.52461E-5 4.8602E-5 -9999 -9999 -9999 -9999 -9999 -9999 -9999 -9999 -9999 -9999 -9999 -9999 -9999 -9999
3.43172E-3 -9999 -9999 -9999 -9999 -9999 -9999 -9999 -9999 -9999 -9999 -9999 -9999 -9999 -9999 -9999 -9999 -9999 -9999 -9999 -9999 -9999 -9999 -9999 -9999 -9999 -9999 -9999 -9999 -9999 -9999 -9999 -9999 1.18662E-3 3.23292E-4 8.87825E-4 9.50924E-4 5.81772E-4 1.3216E-4 2.22279E-5 8.46457E-6 2.99355E-5 5.60571E-5 1.03709E-4 9.39105E-5 1.09365E-5 2.11912E-5 3.53664E-4 7.53034E-5 3.97105E-5 5.1343E-5 4.52432E-5 1.33321E-5 6.47192E-6 7.87521E-6 2.27942E-6 6.54067E-6 6.6877E-6 1.2484E-5 2.08399E-5 7.71715E-6 1.87499E-5 2.93917E-5 -9999 -9999 -9999 -9999 -9999 -9999 -9999 -9999 -9999 -9999 -9999 -9999 -9999 -9999 -9999
