ENM/Final_Models/M_1_F_qp_Set_1_NE/Gustavia_santanderiensis_7_Choco.asc
ncols         367
nrows         963
xllcorner     -78.6
yllcorner     0.65
cellsize      0.00833333333333323
NODATA_value  -9999
[rows 102 to 135 of 963, columns 234 to 311 of 367]
8.71879E-1 6.26034E-1 6.52192E-1 -9999 -9999 -9999 -9999 -9999 -9999 -9999 5.04994E-1 5.51771E-1 6.13939E-1 1.54581E-1 2.11361E-1 1.20714E-1 8.31222E-2 1.20923E-1 1.10562E-1 2.46004E-1 2.37915E-1 2.61875E-1 1.41912E-1 -9999 -9999 -9999 -9999 -9999 -9999 -9999 -9999 -9999 -9999 -9999 -9999 -9999 -9999 -9999 -9999 -9999 -9999 -9999 -9999 -9999 -9999 -9999 -9999 -9999 -9999 -9999 -9999 -9999 -9999 -9999 9.73384E-2 1.49291E-1 1.12369E-1 1.07879E-1 1.01328E-1 1.89431E-1 4.25093E-1 5.2667E-1 3.90608E-1 1.77676E-1 1.01592E-1 5.62176E-2 2.14952E-2 1.52377E-2 9.32548E-3 1.92886E-2 1.16975E-2 2.61263E-3 2.93513E-3 3.84072E-3 5.14022E-3 7.23848E-3 1.26084E-2 6.144E-2
9.01316E-1 8.32022E-1 6.90572E-1 4.32824E-1 4.17663E-1 -9999 -9999 -9999 -9999 -9999 3.53806E-1 4.51419E-1 5.60159E-1 2.35012E-1 1.57056E-1 1.61324E-1 1.19222E-1 1.84194E-1 2.06164E-1 1.22833E-1 1.55945E-1 2.12329E-1 1.21617E-1 -9999 -9999 -9999 -9999 -9999 -9999 -9999 -9999 -9999 -9999 -9999 -9999 -9999 -9999 -9999 -9999 -9999 -9999 -9999 -9999 -9999 -9999 -9999 -9999 -9999 -9999 -9999 -9999 -9999 -9999 -9999 9.61057E-2 7.77491E-2 1.7533E-1 1.61199E-1 9.44911E-2 2.39693E-1 3.66907E-1 4.19905E-1 4.77997E-1 6.26584E-1 1.33774E-1 1.16605E-1 2.58726E-2 1.59425E-2 4.50882E-3 1.70047E-2 1.56724E-2 2.09685E-3 2.74021E-3 4.87573E-3 6.44966E-3 9.46546E-3 7.94039E-3 7.15509E-2
8.27163E-1 6.46041E-1 7.89394E-1 7.29187E-1 3.8879E-1 4.23509E-1 -9999 -9999 -9999 -9999 4.72301E-1 2.91065E-1 2.17572E-1 1.56798E-1 1.83445E-1 1.16591E-1 3.40635E-1 3.49974E-1 2.65521E-1 1.77067E-1 1.24653E-1 3.21424E-1 -9999 -9999 -9999 -9999 -9999 -9999 -9999 -9999 -9999 -9999 -9999 -9999 -9999 -9999 -9999 -9999 -9999 -9999 -9999 -9999 -9999 -9999 -9999 -9999 -9999 -9999 -9999 -9999 -9999 -9999 -9999 -9999 1.42962E-1 1.3984E-1 2.31555E-1 2.64903E-1 2.26485E-1 3.85549E-1 6.5154E-1 7.00289E-1 7.99245E-1 7.49994E-1 5.13054E-1 1.69503E-1 3.06061E-2 2.92207E-2 1.3953E-2 1.27095E-2 1.09942E-2 1.46973E-3 4.35072E-3 1.76186E-3 5.13947E-3 2.49123E-3 2.8381E-3 1.04512E-1
7.66939E-1 6.82408E-1 3.99792E-1 1.85901E-1 5.50188E-1 4.95317E-1 5.04385E-1 5.8257E-1 -9999 -9999 -9999 -9999 -9999 7.39531E-2 1.12126E-1 2.64939E-1 4.3788E-1 2.45165E-1 2.40429E-1 2.23656E-1 5.01333E-1 4.99964E-1 -9999 -9999 -9999 -9999 -9999 -9999 -9999 -9999 -9999 -9999 -9999 -9999 -9999 -9999 -9999 -9999 -9999 -9999 -9999 -9999 -9999 -9999 -9999 -9999 -9999 -9999 -9999 -9999 -9999 -9999 -9999 -9999 -9999 -9999 -9999 2.02322E-1 4.56408E-1 3.83969E-1 5.35447E-1 5.50608E-1 6.44627E-1 5.87798E-1 7.11061E-1 2.64433E-1 1.60592E-1 1.39458E-2 4.21949E-2 1.95921E-2 1.76897E-2 3.5478E-3 3.0606E-3 4.22531E-3 3.58864E-3 1.01781E-2 2.01453E-2 5.98583E-2
5.33377E-1 4.1258E-1 2.55416E-1 2.30841E-1 2.63924E-1 4.92047E-1 5.66612E-1 7.0011E-1 4.91473E-1 -9999 -9999 -9999 -9999 2.11006E-1 2.21286E-1 4.0733E-1 4.67867E-1 2.71111E-1 2.91354E-1 2.66157E-1 3.01583E-1 2.88327E-1 -9999 -9999 -9999 -9999 -9999 -9999 -9999 -9999 -9999 -9999 -9999 -9999 -9999 -9999 -9999 -9999 -9999 -9999 -9999 -9999 -9999 -9999 -9999 -9999 -9999 -9999 -9999 -9999 -9999 -9999 -9999 -9999 -9999 -9999 -9999 -9999 7.28895E-1 7.10133E-1 3.91145E-1 5.38277E-1 6.98213E-1 7.10693E-1 3.48717E-1 7.16882E-1 2.10824E-1 4.43736E-2 5.0943E-2 1.90242E-2 1.992E-2 3.82581E-3 1.20412E-2 5.68354E-3 6.42634E-3 2.82174E-3 3.75847E-3 2.63215E-2
4.94859E-1 4.16049E-1 4.48236E-1 3.61798E-1 2.8975E-1 3.73473E-1 4.66638E-1 5.61226E-1 5.12696E-1 7.27573E-1 -9999 -9999 -9999 -9999 -9999 -9999 5.87574E-1 5.54219E-1 2.49678E-1 2.3902E-1 1.17247E-1 -9999 -9999 -9999 -9999 -9999 -9999 -9999 -9999 -9999 -9999 -9999 -9999 -9999 -9999 -9999 -9999 -9999 -9999 -9999 -9999 -9999 -9999 -9999 -9999 -9999 -9999 -9999 -9999 -9999 -9999 -9999 -9999 -9999 -9999 -9999 -9999 -9999 3.81349E-1 7.23155E-1 5.27378E-1 3.82758E-1 4.76063E-1 7.66282E-1 7.33378E-1 4.40396E-1 2.09073E-1 4.55777E-2 3.23041E-2 3.7537E-2 3.29251E-2 8.15464E-3 2.47228E-2 3.90532E-3 9.45466E-3 7.66478E-3 1.1345E-2 9.73304E-3
8.13826E-1 4.28102E-1 7.15769E-1 7.4628E-1 6.20361E-1 4.86745E-1 4.4353E-1 5.27138E-1 5.96495E-1 5.45658E-1 6.30224E-1 -9999 -9999 -9999 -9999 2.00398E-1 4.53969E-1 1.53748E-1 1.34898E-1 1.12519E-1 5.70278E-2 -9999 -9999 -9999 -9999 -9999 -9999 -9999 -9999 -9999 -9999 -9999 -9999 -9999 -9999 -9999 -9999 -9999 -9999 -9999 -9999 -9999 -9999 -9999 -9999 -9999 -9999 -9999 -9999 -9999 -9999 -9999 -9999 -9999 -9999 -9999 -9999 1.34547E-1 1.77659E-1 3.17457E-1 8.64628E-1 5.20628E-1 4.00832E-1 3.90072E-1 3.29089E-1 1.66177E-1 1.03749E-1 1.13863E-1 6.23737E-2 1.07018E-1 1.07652E-1 2.2109E-2 4.32117E-2 1.89788E-2 6.53566E-3 7.86032E-3 2.39442E-3 2.68347E-3
8.00665E-1 1.62927E-1 2.90691E-1 4.23825E-1 3.86947E-1 3.94692E-1 4.70409E-1 8.25088E-1 5.26255E-1 7.20977E-1 6.6123E-1 6.43783E-1 5.60311E-1 -9999 -9999 3.03271E-1 4.90245E-1 5.1121E-2 1.58898E-2 2.89127E-2 5.90846E-2 -9999 -9999 -9999 -9999 -9999 -9999 -9999 -9999 -9999 -9999 -9999 -9999 -9999 -9999 -9999 -9999 -9999 -9999 3.56893E-2 -9999 -9999 -9999 -9999 -9999 -9999 -9999 -9999 -9999 -9999 -9999 -9999 -9999 -9999 -9999 -9999 -9999 6.89058E-2 9.01064E-2 1.99051E-1 3.27149E-1 3.40949E-1 3.97283E-1 2.72222E-1 2.28975E-1 4.77284E-1 3.25558E-1 1.0851E-1 2.47501E-1 2.42657E-1 1.27064E-1 1.25824E-1 3.93053E-2 1.26692E-2 9.14205E-3 3.92055E-3 1.9219E-3 2.07754E-3
8.70163E-1 7.38989E-1 6.94566E-1 7.57946E-1 5.35435E-1 5.34582E-1 6.1738E-1 4.21122E-1 7.54699E-1 7.348E-1 8.92094E-1 8.68356E-1 5.85555E-1 3.27981E-1 4.41143E-1 4.39185E-1 2.61653E-1 6.53703E-2 9.742E-3 2.67099E-2 2.05407E-2 -9999 -9999 -9999 -9999 -9999 -9999 -9999 -9999 -9999 -9999 -9999 -9999 -9999 -9999 -9999 1.82794E-2 -9999 -9999 3.87442E-2 -9999 -9999 -9999 -9999 -9999 -9999 -9999 -9999 -9999 -9999 -9999 -9999 -9999 -9999 -9999 -9999 -9999 -9999 5.067E-2 1.58699E-1 2.35486E-1 5.78385E-1 3.98391E-1 3.02821E-1 3.71714E-1 2.81723E-1 1.43926E-1 2.66754E-1 7.23106E-1 6.61232E-1 1.5105E-1 1.29692E-1 7.29403E-2 1.0584E-1 8.6141E-3 9.02754E-3 9.66842E-4 1.21457E-3
5.95375E-1 7.90627E-1 5.2533E-1 5.83264E-1 7.44457E-1 7.95637E-1 9.77959E-1 7.72329E-1 4.94978E-1 6.31227E-1 6.20121E-1 6.71174E-1 5.61825E-1 3.39541E-1 4.65094E-1 3.64253E-1 3.19395E-1 1.52905E-1 2.17226E-2 5.35911E-2 7.0732E-2 2.20392E-2 -9999 -9999 -9999 -9999 -9999 -9999 -9999 -9999 -9999 -9999 -9999 -9999 -9999 1.82226E-2 1.15271E-2 -9999 -9999 8.24504E-2 -9999 -9999 -9999 -9999 -9999 -9999 -9999 -9999 -9999 -9999 -9999 -9999 -9999 -9999 -9999 -9999 -9999 -9999 -9999 1.79505E-2 2.60197E-2 5.18447E-2 1.40323E-1 1.25723E-1 9.72069E-2 1.32931E-1 9.49058E-2 2.0792E-1 2.42511E-1 4.40598E-1 3.64605E-1 2.72249E-1 1.16792E-1 6.95584E-2 3.96983E-3 3.73961E-3 1.86892E-3 7.79395E-3
7.12003E-1 4.58766E-1 6.60623E-1 3.93969E-1 3.46681E-1 5.57532E-1 8.06889E-1 8.24838E-1 6.04891E-1 8.037E-1 5.77626E-1 3.44433E-1 5.68308E-1 4.02495E-1 4.07037E-1 1.64478E-1 1.55916E-1 1.05228E-1 9.47969E-2 5.19109E-2 7.6675E-2 2.20633E-1 -9999 -9999 -9999 -9999 -9999 -9999 -9999 -9999 -9999 -9999 -9999 -9999 -9999 4.04733E-2 1.54104E-2 -9999 4.18837E-2 5.14449E-2 -9999 -9999 -9999 -9999 -9999 -9999 -9999 -9999 -9999 -9999 -9999 -9999 -9999 -9999 -9999 -9999 -9999 -9999 -9999 1.24633E-2 1.50579E-2 1.58553E-2 2.78052E-2 2.95018E-2 2.90771E-2 3.76829E-2 7.76787E-2 2.75605E-2 3.96356E-2 2.70757E-2 1.58892E-2 4.25857E-2 1.64329E-2 4.29649E-3 1.07494E-2 9.66936E-3 7.09619E-3 5.85674E-3
5.03934E-1 5.23853E-1 4.0792E-1 6.77384E-1 4.9131E-1 2.55631E-1 3.2853E-1 4.91857E-1 6.9766E-1 6.14888E-1 6.33421E-1 7.58776E-1 5.7071E-1 2.87811E-1 2.69183E-1 9.82192E-2 6.33439E-2 3.30256E-2 2.99685E-2 3.49438E-2 5.52699E-2 1.75634E-1 2.23007E-1 -9999 -9999 -9999 -9999 -9999 -9999 -9999 -9999 -9999 -9999 -9999 5.68214E-2 1.36523E-1 4.23371E-2 6.10557E-2 4.65731E-2 1.05339E-1 -9999 -9999 -9999 -9999 -9999 -9999 -9999 -9999 -9999 -9999 -9999 -9999 -9999 -9999 -9999 -9999 -9999 -9999 -9999 -9999 -9999 -9999 1.72519E-2 8.30339E-3 3.40904E-3 5.05006E-3 1.22693E-2 1.25544E-2 1.54795E-2 7.86846E-3 1.58245E-2 2.65007E-2 1.53782E-2 1.06931E-2 1.25781E-2 1.05966E-2 1.27285E-2 9.85999E-3
4.40368E-1 4.88611E-1 4.06327E-1 4.95448E-1 3.87293E-1 2.71102E-1 4.3195E-1 4.52421E-1 4.47132E-1 4.15619E-1 7.12298E-1 8.18023E-1 3.40649E-1 1.47721E-1 9.44717E-2 1.35313E-1 4.26616E-2 3.46704E-2 1.88524E-2 3.80848E-2 5.76794E-2 1.1606E-1 2.28224E-1 -9999 -9999 -9999 -9999 -9999 -9999 -9999 5.01128E-1 3.60311E-1 -9999 -9999 1.02749E-1 7.40946E-2 2.86934E-2 1.32114E-1 1.02994E-1 6.72493E-2 8.59695E-2 -9999 -9999 -9999 -9999 -9999 -9999 -9999 -9999 -9999 -9999 -9999 -9999 -9999 -9999 -9999 -9999 -9999 -9999 -9999 -9999 -9999 6.08985E-3 3.78898E-3 1.77857E-2 1.07291E-2 9.32203E-3 9.28745E-3 1.39791E-2 1.58358E-2 1.18943E-2 2.69813E-2 2.36548E-2 2.17224E-2 1.23724E-2 6.25657E-3 5.2881E-2 5.7427E-2
3.54575E-1 4.20286E-1 4.15102E-1 5.86529E-1 3.23257E-1 4.22358E-1 3.96579E-1 5.50986E-1 3.7941E-1 2.4156E-1 5.53215E-1 7.4841E-1 5.27378E-1 1.3387E-1 8.68592E-2 6.29877E-2 7.43834E-2 4.70603E-2 4.16831E-2 3.76532E-2 6.04149E-2 1.46629E-1 2.09861E-1 -9999 -9999 -9999 -9999 -9999 -9999 -9999 3.48867E-1 4.63439E-1 1.88034E-1 -9999 1.58299E-1 1.41828E-1 4.0551E-2 7.54217E-2 2.30307E-2 9.00588E-2 -9999 -9999 -9999 -9999 -9999 -9999 -9999 -9999 -9999 -9999 -9999 -9999 -9999 -9999 -9999 -9999 -9999 -9999 -9999 -9999 -9999 7.57285E-3 7.16871E-3 4.18719E-3 1.09277E-2 1.05613E-2 6.5691E-3 1.26648E-2 2.79816E-2 1.33179E-2 1.39124E-2 1.81513E-2 1.93488E-2 1.21637E-2 2.09663E-2 2.65769E-2 6.87115E-2 7.93314E-2
3.59666E-1 2.70389E-1 4.04418E-1 5.33786E-1 5.17744E-1 7.12687E-1 3.92947E-1 5.17522E-1 3.44329E-1 2.20462E-1 4.81673E-1 8.2387E-1 3.791E-1 1.29194E-1 1.83157E-1 9.79108E-2 1.28134E-1 4.97693E-2 4.92693E-2 6.01992E-2 8.34991E-2 1.26684E-1 3.26488E-1 4.37451E-1 -9999 -9999 -9999 -9999 -9999 -9999 -9999 4.65945E-1 1.64268E-1 9.8249E-2 2.38189E-1 2.47358E-1 4.78196E-2 7.63046E-2 9.43914E-2 1.08586E-1 -9999 -9999 -9999 -9999 -9999 -9999 -9999 -9999 -9999 -9999 -9999 -9999 -9999 -9999 -9999 -9999 -9999 -9999 -9999 -9999 -9999 7.87026E-3 1.14862E-2 4.01188E-3 9.15927E-3 9.70345E-3 6.3661E-3 6.1067E-3 1.84866E-2 1.84274E-2 2.45424E-2 1.33947E-2 1.61889E-2 2.52727E-2 2.76438E-2 4.43107E-2 1.13556E-1 5.3054E-2
2.6322E-1 3.45915E-1 2.93876E-1 2.09247E-1 2.90385E-1 6.61408E-1 3.11247E-1 3.36746E-1 3.23426E-1 1.71754E-1 3.85312E-1 8.28107E-1 7.06085E-1 1.46468E-1 2.09217E-1 2.18491E-1 6.86304E-2 4.59725E-2 7.97259E-2 8.97644E-2 2.03744E-1 2.87507E-1 1.69288E-1 3.53947E-1 -9999 -9999 -9999 -9999 -9999 -9999 -9999 3.69046E-1 1.25292E-1 1.68944E-1 1.49518E-1 1.97531E-1 7.22587E-2 4.84201E-2 9.37985E-2 2.73552E-2 -9999 -9999 -9999 -9999 -9999 -9999 -9999 -9999 -9999 -9999 -9999 -9999 -9999 -9999 -9999 -9999 -9999 -9999 -9999 -9999 8.05739E-3 6.84456E-3 1.49936E-2 9.80008E-3 6.25077E-3 8.09046E-3 1.17534E-2 1.1314E-2 1.33545E-2 2.1257E-2 2.21321E-2 2.05254E-2 1.90301E-2 2.27117E-2 1.81427E-2 1.57618E-1 1.31939E-1 3.15961E-2
2.24507E-1 1.75458E-1 2.25425E-1 3.89839E-1 3.23736E-1 3.09911E-1 4.15423E-1 4.11447E-1 3.91901E-1 2.59868E-1 5.39564E-1 7.39375E-1 4.22378E-1 3.30277E-1 2.73589E-1 2.76258E-1 9.0368E-2 2.32257E-2 8.28303E-2 6.66586E-2 2.53221E-1 3.59455E-1 4.05394E-1 1.58915E-1 -9999 -9999 -9999 -9999 -9999 -9999 -9999 -9999 1.20709E-1 3.02534E-1 3.27377E-1 4.60211E-1 2.36828E-1 9.36157E-2 1.01355E-1 1.80683E-2 -9999 -9999 -9999 -9999 -9999 -9999 -9999 -9999 -9999 -9999 -9999 -9999 -9999 -9999 -9999 -9999 -9999 -9999 -9999 -9999 -9999 -9999 -9999 -9999 -9999 -9999 1.69103E-2 6.56203E-3 1.04773E-2 4.21041E-3 1.58868E-2 1.05076E-2 3.06488E-2 1.07014E-2 5.31556E-2 2.08315E-2 5.10559E-2 9.02654E-2
2.98426E-1 5.11067E-1 5.2086E-1 5.42056E-1 4.90211E-1 5.33778E-1 3.81643E-1 3.68561E-1 3.44525E-1 3.61184E-1 2.09492E-1 4.9252E-1 3.26533E-1 3.42496E-1 3.74448E-1 3.44235E-1 3.20614E-1 1.18877E-1 8.63073E-2 1.31622E-1 1.69771E-1 1.26633E-1 8.55992E-2 1.74579E-1 9.6447E-2 1.53765E-1 -9999 -9999 -9999 -9999 -9999 -9999 -9999 2.61951E-1 3.02946E-1 3.15579E-1 1.07071E-1 1.55478E-1 1.23848E-1 9.04539E-2 -9999 -9999 -9999 -9999 -9999 -9999 -9999 -9999 -9999 -9999 -9999 -9999 -9999 -9999 -9999 -9999 -9999 -9999 -9999 -9999 -9999 -9999 -9999 -9999 -9999 -9999 -9999 -9999 7.06021E-3 2.46756E-2 6.0421E-3 1.17236E-2 8.05622E-3 9.06412E-3 2.6045E-2 1.39511E-2 5.95331E-2 2.88418E-1
5.39312E-1 5.27026E-1 5.44612E-1 6.81217E-1 5.28075E-1 6.0899E-1 4.89297E-1 4.72366E-1 3.71647E-1 3.67217E-1 2.13603E-1 2.96338E-1 3.39749E-1 2.77218E-1 1.86042E-1 9.44826E-2 1.15919E-1 1.35361E-1 8.10818E-2 6.54891E-2 1.41636E-1 1.90843E-1 1.81893E-1 2.3459E-1 1.43734E-1 2.3847E-1 -9999 -9999 -9999 -9999 -9999 -9999 -9999 3.75012E-1 3.49323E-1 1.78E-1 2.35743E-1 6.39713E-2 1.43263E-1 6.43475E-2 -9999 -9999 -9999 -9999 -9999 -9999 -9999 -9999 -9999 -9999 -9999 -9999 -9999 -9999 -9999 -9999 -9999 -9999 -9999 -9999 -9999 -9999 -9999 -9999 -9999 -9999 -9999 -9999 1.45993E-2 1.23797E-2 9.78217E-3 1.38545E-2 7.27569E-3 1.84376E-2 4.29271E-2 2.07054E-2 5.96267E-2 3.52918E-1
4.2246E-1 3.3436E-1 4.24861E-1 3.73608E-1 5.5979E-1 5.08729E-1 6.394E-1 4.06278E-1 2.8646E-1 4.79761E-1 3.8818E-1 3.40813E-1 3.57279E-1 1.44864E-1 1.4775E-1 6.57167E-2 5.02588E-2 8.75713E-2 2.29911E-2 6.10975E-2 6.27919E-2 2.07686E-1 1.77709E-1 2.79057E-1 2.95253E-1 1.76593E-1 1.09749E-1 -9999 -9999 -9999 -9999 -9999 -9999 5.00734E-1 3.50407E-1 2.63349E-1 6.75393E-2 5.04858E-2 6.19701E-2 3.31553E-2 -9999 -9999 -9999 -9999 -9999 -9999 -9999 -9999 -9999 -9999 -9999 -9999 -9999 -9999 -9999 -9999 -9999 -9999 -9999 -9999 -9999 -9999 -9999 -9999 -9999 -9999 -9999 1.39667E-2 1.80546E-2 1.62077E-2 8.87756E-3 9.01407E-3 1.9129E-2 2.18473E-2 5.1981E-2 4.67434E-2 4.42634E-2 8.72385E-2
4.49018E-1 2.78682E-1 2.62397E-1 3.92804E-1 4.94262E-1 3.78609E-1 4.33941E-1 2.97836E-1 6.03514E-1 5.26459E-1 4.33268E-1 3.63226E-1 2.39731E-1 9.37704E-2 1.13882E-1 1.19472E-1 8.30727E-2 1.49286E-1 6.39227E-2 3.17351E-3 9.78851E-2 8.55645E-2 3.97076E-1 2.21763E-1 2.8572E-1 1.46756E-1 4.73657E-2 -9999 -9999 -9999 -9999 -9999 -9999 6.09961E-1 3.66705E-1 3.33585E-1 2.34654E-1 7.94109E-2 1.10527E-1 -9999 -9999 -9999 -9999 2.51157E-1 5.87498E-1 -9999 -9999 -9999 -9999 -9999 -9999 -9999 -9999 -9999 -9999 -9999 -9999 -9999 -9999 -9999 -9999 -9999 -9999 -9999 -9999 -9999 6.67678E-3 1.18347E-2 1.7702E-2 8.41253E-3 6.69843E-3 9.33489E-3 1.73257E-2 1.34301E-2 3.50032E-2 3.63666E-2 2.65258E-2 4.87879E-2
5.30999E-1 5.64822E-1 2.21366E-1 2.67262E-1 4.02389E-1 4.2752E-1 4.74568E-1 3.5352E-1 6.45198E-1 4.49803E-1 3.65493E-1 3.2214E-1 7.96064E-2 4.37363E-2 1.08742E-1 1.51673E-1 1.3295E-1 1.64474E-1 5.08402E-2 1.10306E-2 1.53893E-1 1.96471E-1 2.97559E-1 3.49934E-1 1.65928E-1 1.90838E-1 5.11738E-2 4.54873E-2 -9999 -9999 -9999 -9999 -9999 4.79981E-1 3.36943E-1 3.56799E-1 2.42345E-1 1.35488E-1 1.83987E-1 -9999 -9999 -9999 6.11328E-2 8.58101E-2 6.68323E-1 -9999 -9999 -9999 -9999 -9999 -9999 -9999 -9999 -9999 -9999 -9999 -9999 -9999 -9999 -9999 -9999 -9999 -9999 -9999 -9999 -9999 -9999 1.67167E-2 7.64554E-3 1.24974E-2 1.50197E-2 1.27126E-2 3.87084E-2 1.99418E-2 1.67168E-2 1.46302E-2 2.37774E-2 1.08157E-2
5.30638E-1 5.3815E-1 2.12483E-1 1.50693E-1 1.48621E-1 2.57126E-1 5.34977E-1 4.41576E-1 4.27409E-1 3.94849E-1 2.74628E-1 3.21322E-1 1.01952E-1 4.98114E-2 8.58193E-2 7.94264E-2 6.63872E-2 2.91753E-2 8.35217E-3 1.29529E-2 5.98204E-2 1.50548E-1 2.72173E-1 5.87202E-1 2.33229E-1 1.94219E-1 1.9081E-1 2.51375E-1 -9999 -9999 -9999 -9999 -9999 4.51058E-1 4.91543E-1 4.62903E-1 2.83198E-1 1.98275E-1 6.74526E-2 -9999 -9999 -9999 5.71099E-2 2.46849E-2 5.82382E-2 -9999 -9999 -9999 -9999 -9999 -9999 -9999 -9999 -9999 -9999 -9999 -9999 -9999 -9999 -9999 -9999 -9999 -9999 -9999 -9999 -9999 -9999 9.0554E-3 9.39429E-3 1.4349E-2 2.22018E-2 1.98654E-2 1.388E-2 7.96811E-3 1.7888E-2 2.42296E-2 4.46772E-2 3.73217E-2
5.88396E-1 7.74907E-1 3.71225E-1 2.54474E-1 1.70522E-1 3.37476E-1 4.56131E-1 4.81246E-1 4.43411E-1 2.55439E-1 2.48043E-1 3.29548E-1 3.61507E-1 4.93592E-2 3.34396E-2 5.42251E-2 2.72977E-2 1.0946E-1 2.94049E-2 1.7203E-1 2.2521E-2 2.7401E-1 7.09904E-1 3.38376E-1 3.29686E-1 3.03182E-1 1.37607E-1 1.87478E-1 2.02285E-1 -9999 -9999 -9999 -9999 5.3776E-1 3.96461E-1 4.28956E-1 3.1571E-1 1.11705E-1 6.21458E-2 -9999 -9999 -9999 5.15491E-2 3.48699E-2 1.20728E-2 -9999 -9999 -9999 -9999 -9999 -9999 6.76504E-3 9.81429E-3 -9999 -9999 -9999 -9999 -9999 -9999 -9999 -9999 -9999 -9999 -9999 -9999 -9999 -9999 5.62305E-3 1.86925E-2 1.52859E-2 1.83243E-2 1.38683E-2 8.89231E-3 2.1628E-2 2.14141E-2 1.84435E-2 1.86063E-2 3.58814E-2
7.04535E-1 7.74238E-1 4.2215E-1 3.72994E-1 1.9329E-1 2.34142E-1 3.80763E-1 4.03607E-1 2.19723E-1 1.9941E-1 2.21835E-1 4.28477E-1 1.72016E-1 8.21594E-2 1.5197E-1 7.60816E-2 8.64264E-2 6.34552E-2 2.32342E-1 1.16575E-1 1.54677E-1 4.11902E-1 5.75057E-1 1.74916E-1 1.67426E-1 3.65141E-1 2.29585E-1 3.05094E-1 3.19792E-1 -9999 -9999 -9999 6.00704E-1 5.27704E-1 3.75581E-1 1.85905E-1 1.98852E-1 4.48934E-1 2.32265E-1 -9999 -9999 1.39799E-2 3.6781E-2 4.3463E-2 6.1026E-2 -9999 -9999 -9999 -9999 -9999 -9999 4.7427E-2 1.3181E-2 -9999 -9999 -9999 -9999 -9999 -9999 -9999 -9999 -9999 -9999 -9999 -9999 -9999 -9999 8.46798E-3 4.07906E-2 2.494E-2 1.70156E-2 7.02884E-3 8.89415E-3 6.14263E-3 2.29081E-2 3.27474E-2 6.04308E-2 6.15585E-2
7.83457E-1 8.63969E-1 4.87206E-1 4.15596E-1 3.08101E-1 1.77266E-1 1.69431E-1 2.41781E-1 3.96175E-1 3.88675E-1 2.29241E-1 2.34251E-1 3.18582E-1 1.8536E-1 1.34053E-1 1.11474E-1 1.26047E-1 6.67158E-2 1.70095E-1 1.0775E-1 1.62113E-1 3.73492E-1 6.01406E-1 5.6376E-1 4.3939E-1 2.47012E-1 1.67386E-1 1.86274E-1 2.50558E-1 1.916E-1 -9999 -9999 5.55455E-1 4.3584E-1 3.10359E-1 1.61766E-1 1.64198E-1 2.39845E-1 2.80075E-1 -9999 -9999 3.04173E-2 2.98586E-2 1.61523E-2 4.55372E-2 -9999 -9999 -9999 -9999 -9999 -9999 1.17404E-1 1.023E-1 -9999 -9999 -9999 -9999 -9999 -9999 -9999 -9999 -9999 -9999 -9999 -9999 -9999 -9999 -9999 1.32699E-2 2.6659E-2 5.20279E-2 2.71163E-2 1.24981E-2 5.57828E-3 5.77916E-3 1.98981E-2 5.15365E-2 4.99887E-2
7.71688E-1 8.54228E-1 6.20163E-1 3.95298E-1 3.10774E-1 2.1179E-1 1.83029E-1 2.72815E-1 2.45303E-1 2.95495E-1 2.12354E-1 3.23745E-1 3.91481E-1 6.95104E-2 1.29718E-1 1.18088E-1 4.27344E-2 5.02358E-2 1.38333E-1 8.96795E-2 2.1989E-1 2.90728E-1 4.78627E-1 5.55624E-1 5.41009E-1 5.16824E-1 3.31615E-1 1.84433E-1 2.57622E-1 1.72844E-1 -9999 -9999 2.43607E-1 3.6154E-1 4.01167E-1 3.56456E-1 2.68956E-1 1.49275E-1 2.3276E-1 1.13437E-1 1.9629E-2 1.40448E-2 1.43691E-2 1.64846E-2 1.64308E-2 -9999 -9999 -9999 -9999 -9999 -9999 2.62781E-1 1.06196E-1 4.30941E-2 -9999 -9999 -9999 -9999 -9999 -9999 -9999 -9999 -9999 -9999 -9999 -9999 -9999 -9999 9.49403E-3 1.4121E-2 3.53533E-2 6.92786E-2 1.32093E-2 1.15185E-2 1.40687E-2 2.47312E-2 5.38144E-2 6.78781E-2
4.28738E-1 8.37199E-1 3.9975E-1 5.061E-1 5.49547E-1 2.52365E-1 2.82079E-1 1.78473E-1 2.04789E-1 3.46091E-1 2.77075E-1 4.93375E-1 4.4927E-1 1.40379E-1 1.12403E-1 9.32968E-2 1.06638E-1 1.41997E-1 9.65879E-2 2.83707E-1 1.75643E-1 1.64889E-1 2.82325E-1 4.22694E-1 3.57967E-1 3.1119E-1 4.53562E-1 4.89148E-1 2.88738E-1 2.21535E-1 -9999 -9999 2.23816E-1 2.63861E-1 3.63693E-1 3.62375E-1 3.35601E-1 1.80121E-1 2.9587E-1 1.18308E-1 1.53962E-2 1.7199E-2 2.5052E-2 4.60728E-3 3.47782E-3 -9999 -9999 -9999 -9999 -9999 1.60295E-1 2.09604E-1 1.64965E-1 1.35439E-1 -9999 -9999 -9999 -9999 -9999 -9999 -9999 -9999 -9999 -9999 -9999 -9999 -9999 -9999 8.27829E-3 1.2308E-2 2.30703E-2 9.50895E-2 3.88948E-2 1.08269E-2 1.27316E-2 2.47498E-2 4.82539E-2 6.24199E-2
6.85001E-1 8.3919E-1 5.65109E-1 4.65789E-1 4.47204E-1 3.19026E-1 2.44066E-1 3.68096E-1 3.37579E-1 3.50873E-1 2.54367E-1 4.58507E-1 3.01689E-1 1.24425E-1 5.78822E-2 4.91429E-2 2.32571E-2 3.07612E-2 3.55043E-2 3.24516E-1 3.96701E-1 1.50762E-1 1.13014E-1 1.7717E-1 3.56762E-1 4.16034E-1 5.12461E-1 4.27615E-1 3.72411E-1 2.90359E-1 1.68704E-1 -9999 1.39301E-1 2.15237E-1 1.69373E-1 1.5508E-1 2.43559E-1 2.05747E-1 1.95319E-1 6.2918E-2 6.38617E-2 3.09808E-2 1.97587E-2 1.50813E-2 1.51902E-2 -9999 -9999 -9999 -9999 -9999 7.76674E-2 5.13936E-1 4.73489E-1 3.23895E-1 1.39928E-1 5.35117E-2 -9999 -9999 -9999 -9999 -9999 -9999 -9999 -9999 -9999 -9999 -9999 -9999 -9999 1.53335E-2 7.86402E-2 9.55527E-2 3.09158E-2 2.8323E-2 4.00146E-2 5.05364E-2 7.19048E-2 4.8658E-2
7.45427E-1 6.2786E-1 7.08107E-1 8.16157E-1 5.52462E-1 3.57541E-1 2.37164E-1 1.86603E-1 2.69677E-1 4.00124E-1 3.92937E-1 4.96816E-1 4.03466E-1 2.70119E-1 5.50465E-2 7.61452E-2 5.93844E-2 3.46773E-2 6.86124E-2 1.42893E-1 1.32886E-1 2.44797E-1 1.6488E-1 1.57361E-1 9.54673E-2 3.09212E-1 4.31375E-1 4.04901E-1 3.03302E-1 2.47687E-1 2.84325E-1 -9999 -9999 3.17054E-1 1.90685E-1 2.07661E-1 2.4657E-1 4.5667E-1 3.16355E-1 8.23555E-2 2.3083E-1 1.33565E-1 1.10213E-1 6.60669E-2 7.6448E-2 -9999 -9999 -9999 -9999 -9999 6.61865E-2 5.73107E-2 7.76097E-1 8.65571E-1 6.136E-1 1.43204E-1 1.89428E-1 -9999 -9999 -9999 -9999 -9999 -9999 -9999 -9999 -9999 -9999 -9999 -9999 3.59432E-2 5.74145E-2 7.77015E-2 6.65782E-2 4.42994E-2 3.97245E-2 4.56119E-2 3.62149E-2 1.36174E-1
7.63988E-1 8.58463E-1 5.64088E-1 5.7057E-1 5.1415E-1 4.96506E-1 4.79959E-1 4.91101E-1 5.04963E-1 5.18288E-1 5.73298E-1 6.77363E-1 6.61777E-1 2.20674E-1 1.04166E-1 3.16362E-2 6.07905E-2 9.19211E-2 1.72522E-1 2.10611E-1 2.2675E-1 2.20912E-1 5.32328E-1 2.21388E-1 2.01086E-1 8.28258E-2 2.00292E-1 2.37846E-1 4.66918E-1 5.31265E-1 3.79667E-1 4.57024E-1 -9999 3.89242E-1 2.50057E-1 2.35181E-1 3.03743E-1 2.71432E-1 4.15282E-1 1.96497E-1 3.28349E-1 1.29778E-1 1.97762E-1 1.99568E-1 1.34213E-1 -9999 -9999 -9999 -9999 -9999 7.43368E-2 1.47968E-1 7.99158E-2 5.23013E-1 8.16214E-1 4.76237E-1 3.67159E-1 -9999 -9999 -9999 -9999 -9999 -9999 -9999 -9999 -9999 -9999 -9999 -9999 1.00865E-2 3.2184E-2 3.87267E-2 7.70783E-2 2.56672E-2 7.55408E-2 7.5979E-2 1.52973E-1 1.65564E-1
8.55307E-1 7.65574E-1 5.98746E-1 7.3703E-1 6.70998E-1 6.37825E-1 6.04788E-1 6.83129E-1 7.41086E-1 4.5135E-1 5.7169E-1 5.37964E-1 6.76989E-1 4.1288E-1 1.7946E-1 6.11092E-2 2.54709E-2 6.48853E-2 7.69735E-2 9.41381E-2 1.18624E-1 2.61477E-1 1.83116E-1 4.198E-1 4.24143E-1 3.15164E-1 1.38425E-1 1.71143E-1 2.30795E-1 6.2512E-1 5.99706E-1 4.7741E-1 -9999 -9999 3.49994E-1 2.34362E-1 2.662E-1 3.4952E-1 2.51889E-1 2.17869E-1 2.95529E-1 2.8239E-1 4.27998E-1 2.31349E-1 2.43105E-1 -9999 -9999 -9999 -9999 -9999 2.21521E-2 2.00438E-2 7.47172E-2 1.58269E-1 3.67643E-1 4.38856E-1 3.60517E-1 -9999 -9999 -9999 -9999 -9999 -9999 -9999 -9999 -9999 -9999 -9999 -9999 2.54618E-2 3.74444E-2 2.74278E-2 4.2945E-2 3.79843E-2 1.30588E-1 1.61195E-1 3.72752E-1 2.84647E-1
9.20342E-1 8.95065E-1 7.06162E-1 8.72199E-1 7.83177E-1 7.25463E-1 6.69249E-1 8.99253E-1 8.22428E-1 5.41462E-1 8.33581E-1 8.62523E-1 8.25129E-1 5.84393E-1 1.21487E-1 7.97982E-2 3.19738E-2 2.42333E-2 3.63327E-2 6.35666E-2 6.66642E-2 3.0271E-1 8.11161E-2 3.22272E-1 4.08462E-1 5.19278E-1 1.57657E-1 1.49975E-1 1.74019E-1 5.36282E-1 5.06062E-1 7.31853E-1 -9999 -9999 -9999 2.4292E-1 3.36941E-1 3.9111E-1 4.10303E-1 2.64298E-1 3.52713E-1 1.38162E-1 5.09838E-1 4.65241E-1 3.10366E-1 -9999 -9999 -9999 -9999 -9999 2.10123E-2 2.01166E-2 4.27735E-2 1.2561E-1 1.33861E-1 2.33236E-1 1.87057E-1 -9999 -9999 -9999 -9999 -9999 -9999 3.96157E-2 -9999 -9999 -9999 -9999 -9999 -9999 2.33814E-2 4.79936E-3 2.95715E-2 5.12697E-2 1.32392E-1 2.69014E-1 3.93545E-1 3.46999E-1
9.19511E-1 8.29511E-1 6.08808E-1 8.62329E-1 6.3493E-1 6.70294E-1 8.59998E-1 5.90503E-1 9.44783E-1 6.58544E-1 4.33282E-1 4.95414E-1 5.72598E-1 5.41683E-1 1.43542E-1 6.88329E-2 2.59948E-2 2.97173E-2 1.34921E-2 1.36064E-2 1.73471E-2 5.23752E-2 1.0236E-1 3.18194E-1 3.96212E-1 4.67195E-1 4.17688E-1 1.70282E-1 1.86682E-1 4.69053E-1 5.91308E-1 7.77379E-1 6.11829E-1 -9999 -9999 -9999 4.45391E-1 4.603E-1 4.16438E-1 1.97416E-1 2.05455E-1 1.54922E-1 2.52481E-1 3.47852E-1 2.87471E-1 -9999 -9999 -9999 -9999 -9999 1.93469E-2 1.56011E-2 2.7187E-2 1.14292E-1 2.21029E-1 3.16267E-1 4.40114E-1 -9999 -9999 -9999 -9999 -9999 -9999 2.89629E-2 3.81872E-2 -9999 -9999 -9999 3.74893E-2 -9999 3.75778E-2 1.20872E-2 4.41714E-2 6.38334E-2 2.16877E-1 2.23733E-1 2.55868E-1 5.28959E-1
