ENM/Final_Models/M_1_F_qp_Set_1_NE/Gustavia_santanderiensis_9_Choco.asc
ncols         367
nrows         963
xllcorner     -78.6
yllcorner     0.65
cellsize      0.00833333333333323
NODATA_value  -9999
[rows 476 to 509 of 963, columns 234 to 311 of 367]
0E0 0E0 0E0 0E0 0E0 0E0 0E0 0E0 0E0 0E0 0E0 0E0 0E0 0E0 0E0 0E0 0E0 0E0 0E0 0E0 0E0 0E0 0E0 0E0 0E0 4.42278E-2 2.31362E-3 2.53813E-2 7.7925E-2 1.75796E-1 6.02035E-2 4.53698E-1 4.05785E-1 1.50224E-1 1.81495E-1 2.3682E-1 2.69108E-1 1.01198E-1 1.27017E-1 7.36895E-2 2.99046E-2 1.25444E-2 2.55278E-3 1.05136E-2 6.00647E-3 2.94212E-3 1.16577E-3 1.55184E-3 2.51605E-3 8.07313E-3 2.89179E-2 7.26228E-3 8.36222E-3 1.09424E-2 7.79723E-3 -9999 -9999 -9999 -9999 -9999 -9999 -9999 -9999 -9999 -9999 -9999 -9999 -9999 -9999 -9999 -9999 -9999 -9999 -9999 -9999 -9999 -9999 -9999
0E0 0E0 0E0 0E0 0E0 0E0 0E0 0E0 0E0 0E0 0E0 0E0 0E0 0E0 0E0 0E0 0E0 0E0 0E0 0E0 0E0 8.62769E-2 7.12937E-2 5.88953E-3 5.08131E-2 4.15373E-3 1.18354E-1 9.0982E-2 2.9724E-1 1.80963E-1 2.88989E-1 1.77296E-1 1.31466E-1 1.39985E-1 3.8257E-1 3.63886E-1 1.40801E-1 2.23424E-1 8.17854E-2 8.28791E-2 2.55189E-2 7.8351E-3 2.72685E-3 6.01864E-3 1.70745E-2 7.1153E-3 3.85458E-3 2.66594E-3 7.40348E-3 3.21918E-2 1.54791E-2 1.45037E-2 1.89149E-2 3.64596E-3 5.81057E-3 -9999 -9999 -9999 -9999 -9999 -9999 -9999 -9999 -9999 -9999 -9999 -9999 -9999 -9999 -9999 -9999 -9999 -9999 -9999 -9999 -9999 -9999 -9999
0E0 0E0 0E0 0E0 0E0 0E0 0E0 0E0 0E0 0E0 0E0 0E0 0E0 0E0 0E0 0E0 0E0 0E0 1.56599E-2 1.20762E-2 9.89669E-2 2.47046E-1 2.16026E-1 2.05537E-1 4.20244E-1 7.00804E-1 4.39578E-2 1.38598E-1 4.2742E-1 4.26357E-1 0E0 3.60105E-1 1.40556E-1 2.02588E-1 2.23404E-1 2.20911E-1 1.27641E-1 1.18922E-1 7.9022E-2 8.96062E-2 1.44064E-2 1.04639E-2 8.11579E-4 2.90759E-3 4.64415E-3 6.95618E-4 9.61702E-3 2.73552E-3 2.48259E-3 1.02481E-2 2.26783E-2 1.61465E-2 1.4759E-2 5.47868E-2 6.02466E-2 -9999 -9999 -9999 -9999 -9999 -9999 -9999 -9999 -9999 -9999 -9999 -9999 -9999 -9999 -9999 -9999 -9999 -9999 -9999 -9999 -9999 -9999 -9999
0E0 0E0 0E0 0E0 0E0 0E0 0E0 0E0 0E0 0E0 0E0 0E0 0E0 0E0 0E0 0E0 0E0 3.47376E-1 8.63146E-3 1.17536E-2 1.36958E-2 1.06885E-2 1.02276E-1 4.28882E-1 6.88106E-1 6.37859E-1 4.63691E-1 1.89163E-1 0E0 0E0 0E0 0E0 0E0 5.1959E-1 8.17242E-1 6.56244E-1 5.36166E-1 2.32824E-1 1.16887E-1 3.60751E-2 2.22523E-2 1.92825E-3 1.24977E-3 2.26524E-3 2.80237E-3 7.27351E-3 5.61778E-3 2.55526E-2 1.49328E-2 1.66598E-2 1.2939E-2 4.51767E-2 2.2537E-2 1.18075E-2 -9999 -9999 -9999 -9999 -9999 -9999 -9999 -9999 -9999 -9999 -9999 -9999 -9999 -9999 -9999 -9999 -9999 -9999 -9999 -9999 -9999 -9999 -9999 -9999
0E0 0E0 0E0 0E0 0E0 0E0 0E0 0E0 0E0 0E0 0E0 0E0 4.03075E-1 5.11463E-1 4.68171E-1 4.3496E-1 2.78793E-1 4.01594E-1 2.08987E-1 2.20203E-1 3.38067E-2 1.01814E-1 7.10904E-2 2.20558E-1 5.21032E-1 9.58212E-2 8.01877E-1 7.7543E-1 0E0 8.04089E-1 1.62346E-1 1.139E-1 1.69901E-1 4.39831E-1 0E0 1.68815E-1 2.33504E-1 3.01027E-1 5.4444E-2 7.70631E-3 1.94005E-2 5.19253E-3 7.14833E-4 5.14276E-3 5.00539E-3 1.0182E-2 2.09933E-3 4.76623E-3 9.5523E-3 1.98029E-2 6.49493E-3 1.36647E-2 1.23765E-2 1.18767E-2 -9999 -9999 -9999 -9999 -9999 -9999 -9999 -9999 -9999 -9999 -9999 -9999 -9999 -9999 -9999 -9999 -9999 -9999 -9999 -9999 -9999 -9999 -9999 -9999
0E0 0E0 0E0 0E0 0E0 0E0 0E0 0E0 0E0 0E0 0E0 0E0 7.46019E-1 1.1909E-1 7.29486E-2 3.0924E-1 4.22077E-1 7.34166E-1 8.88944E-1 6.10715E-2 1.72399E-1 3.16969E-1 2.29424E-1 9.6849E-2 3.99808E-1 2.14562E-1 3.96283E-1 5.35679E-1 0E0 0E0 2.35815E-1 1.17303E-1 2.35944E-1 0E0 0E0 3.07816E-1 1.55981E-1 1.08639E-1 1.44215E-2 2.71842E-2 1.51726E-2 6.48858E-3 9.12949E-3 4.60544E-3 4.82887E-3 3.36512E-3 6.33477E-3 2.26745E-2 2.17331E-2 8.4726E-3 2.20166E-2 1.21948E-2 4.38345E-2 7.37898E-2 -9999 -9999 -9999 -9999 -9999 -9999 -9999 -9999 -9999 -9999 -9999 -9999 -9999 -9999 -9999 -9999 -9999 -9999 -9999 -9999 -9999 -9999 -9999 -9999
0E0 0E0 0E0 0E0 0E0 0E0 0E0 0E0 0E0 0E0 8.67225E-1 7.97953E-1 7.8218E-1 8.16678E-1 2.66825E-1 2.25776E-1 2.71769E-1 9.90162E-1 6.89747E-1 8.50813E-1 8.13291E-1 0E0 3.26143E-1 4.14407E-1 6.20071E-1 4.62418E-1 5.65731E-1 4.44602E-1 0E0 0E0 6.10917E-1 3.1146E-1 0E0 0E0 0E0 4.58394E-1 2.90773E-1 2.8521E-1 2.8372E-2 1.23855E-2 2.01276E-2 5.54026E-3 4.25535E-3 1.72474E-3 4.59943E-3 6.17977E-3 1.63517E-2 2.27784E-3 4.21861E-3 1.96445E-2 2.76337E-2 1.79917E-2 8.53207E-2 6.33092E-2 -9999 -9999 -9999 -9999 -9999 -9999 -9999 -9999 -9999 -9999 -9999 -9999 -9999 -9999 -9999 -9999 -9999 -9999 -9999 -9999 -9999 -9999 -9999 -9999
0E0 0E0 0E0 0E0 0E0 0E0 0E0 0E0 0E0 0E0 0E0 0E0 0E0 0E0 0E0 0E0 0E0 0E0 0E0 0E0 0E0 5.99477E-1 0E0 0E0 0E0 5.38767E-1 3.49292E-1 2.24884E-1 0E0 0E0 7.84013E-1 1.23091E-1 7.52981E-2 8.6268E-2 8.4048E-2 9.21382E-2 2.40809E-1 1.69945E-1 1.17449E-1 3.67735E-2 3.65768E-2 2.93036E-3 1.71667E-2 7.8023E-3 4.17159E-3 4.16009E-3 1.1959E-2 1.599E-2 2.40856E-2 1.64033E-3 3.34971E-2 1.12347E-2 5.93725E-2 7.86464E-2 -9999 -9999 -9999 -9999 -9999 -9999 -9999 -9999 -9999 -9999 -9999 -9999 -9999 -9999 -9999 -9999 -9999 -9999 -9999 -9999 -9999 -9999 -9999 -9999
0E0 0E0 0E0 0E0 0E0 0E0 0E0 0E0 0E0 0E0 0E0 0E0 0E0 0E0 0E0 0E0 0E0 0E0 0E0 0E0 0E0 4.36096E-1 0E0 0E0 0E0 0E0 8.48286E-1 0E0 0E0 1.94796E-1 1.65664E-1 0E0 1.77463E-1 2.48859E-1 5.13298E-1 4.64028E-1 5.33645E-1 1.23422E-1 4.0554E-2 9.71104E-2 8.27015E-4 1.83435E-2 1.28027E-2 1.29322E-2 1.30537E-2 2.11239E-2 1.95962E-2 1.65726E-2 3.39243E-2 1.262E-2 2.89424E-2 2.79646E-2 1.1909E-1 4.57409E-2 -9999 -9999 -9999 -9999 -9999 -9999 -9999 -9999 -9999 -9999 -9999 -9999 -9999 -9999 -9999 -9999 -9999 -9999 -9999 -9999 -9999 -9999 -9999 -9999
0E0 0E0 0E0 0E0 0E0 0E0 0E0 0E0 0E0 0E0 0E0 0E0 0E0 0E0 0E0 0E0 0E0 0E0 0E0 0E0 0E0 5.06384E-1 3.72855E-1 0E0 0E0 0E0 2.92767E-1 6.04083E-1 4.22933E-1 2.97311E-1 0E0 0E0 0E0 0E0 0E0 6.09465E-1 4.35857E-1 9.47119E-2 3.98493E-2 2.82923E-3 2.86883E-3 1.20497E-2 4.19561E-2 7.13792E-3 1.72032E-2 3.86526E-3 7.15297E-3 4.80858E-2 1.23804E-2 3.65491E-2 5.33859E-2 2.37228E-2 4.93914E-2 8.00794E-2 -9999 -9999 -9999 -9999 -9999 -9999 -9999 -9999 -9999 -9999 -9999 -9999 -9999 -9999 -9999 -9999 -9999 -9999 -9999 -9999 -9999 -9999 -9999 -9999
0E0 0E0 0E0 0E0 0E0 0E0 0E0 0E0 0E0 0E0 0E0 0E0 0E0 0E0 0E0 0E0 0E0 0E0 0E0 0E0 0E0 0E0 0E0 4.80036E-1 4.60559E-1 0E0 0E0 3.53781E-1 2.23791E-1 2.69748E-1 3.0544E-1 3.15185E-1 0E0 3.6568E-1 3.51127E-1 1.70967E-1 1.43489E-1 1.17472E-1 3.96861E-2 1.66333E-2 1.14425E-2 7.83022E-3 3.8689E-3 6.2921E-3 4.7572E-3 9.54952E-3 3.01966E-2 1.60605E-2 6.20332E-2 5.61547E-2 1.02566E-2 2.21231E-2 4.54593E-2 6.16378E-2 -9999 -9999 -9999 -9999 -9999 -9999 -9999 -9999 -9999 -9999 -9999 -9999 -9999 -9999 -9999 -9999 -9999 -9999 -9999 -9999 -9999 -9999 -9999 -9999
0E0 0E0 0E0 0E0 0E0 0E0 0E0 0E0 0E0 0E0 0E0 0E0 0E0 0E0 0E0 0E0 0E0 0E0 0E0 9.42899E-2 1.13965E-1 0E0 0E0 2.11189E-1 9.82125E-2 8.50421E-2 1.92098E-1 2.97911E-1 5.78012E-1 1.40447E-1 1.93333E-1 1.73932E-1 5.0237E-1 3.25539E-1 1.23942E-1 1.06039E-1 3.38079E-2 3.25927E-2 8.46253E-2 7.79575E-3 5.21944E-3 4.42964E-2 7.25023E-2 3.71313E-2 1.3599E-2 1.16316E-2 1.22928E-2 2.71124E-2 6.01445E-2 7.32494E-2 1.22347E-1 1.13233E-1 1.95753E-2 1.78917E-2 -9999 -9999 -9999 -9999 -9999 -9999 -9999 -9999 -9999 -9999 -9999 -9999 -9999 -9999 -9999 -9999 -9999 -9999 -9999 -9999 -9999 -9999 -9999 -9999
0E0 0E0 0E0 0E0 0E0 0E0 0E0 0E0 0E0 0E0 0E0 0E0 0E0 0E0 0E0 0E0 0E0 0E0 0E0 8.01064E-2 5.18609E-2 5.11003E-2 7.86488E-2 4.41088E-2 3.6603E-2 3.39353E-2 2.13782E-1 3.32756E-1 0E0 4.54981E-1 2.0954E-1 1.29362E-1 0E0 3.67655E-1 2.54957E-1 1.53794E-1 6.83762E-2 2.12554E-2 2.23811E-3 2.86398E-3 7.88235E-3 4.83862E-2 1.07265E-1 8.90577E-2 8.34393E-3 2.36883E-2 8.45758E-2 1.09257E-1 1.01601E-1 7.14899E-2 1.02905E-1 4.23553E-2 5.06616E-2 -9999 -9999 -9999 -9999 -9999 -9999 -9999 -9999 -9999 -9999 -9999 -9999 -9999 -9999 -9999 -9999 -9999 -9999 -9999 -9999 -9999 -9999 -9999 -9999 -9999
0E0 0E0 0E0 0E0 0E0 0E0 0E0 0E0 0E0 0E0 0E0 0E0 0E0 0E0 0E0 0E0 0E0 0E0 0E0 0E0 0E0 6.54272E-2 3.18661E-2 1.22631E-2 8.73544E-3 3.48754E-2 2.96087E-1 0E0 0E0 7.99932E-1 7.09667E-1 4.24168E-1 6.96249E-1 2.70234E-1 1.28759E-1 3.4169E-2 1.9388E-2 6.18392E-3 2.87062E-3 6.11884E-3 1.19065E-2 3.56933E-2 2.6231E-2 2.853E-2 2.22516E-2 2.96234E-2 1.60369E-1 6.5781E-2 4.20313E-2 3.01863E-2 5.94618E-2 7.63201E-3 2.95036E-2 -9999 -9999 -9999 -9999 -9999 -9999 -9999 -9999 -9999 -9999 -9999 -9999 -9999 -9999 -9999 -9999 -9999 -9999 -9999 -9999 -9999 -9999 -9999 -9999 -9999
0E0 0E0 0E0 0E0 0E0 0E0 0E0 0E0 0E0 0E0 0E0 0E0 0E0 0E0 0E0 0E0 0E0 0E0 0E0 0E0 0E0 0E0 1.10696E-1 1.58141E-2 1.88054E-2 5.47912E-2 3.40864E-1 0E0 0E0 8.45472E-1 7.32318E-1 4.40016E-1 2.58491E-1 2.0938E-1 4.47909E-2 1.11825E-1 5.15893E-3 1.82763E-3 4.01549E-3 1.09763E-2 1.61944E-2 2.56711E-2 3.2684E-2 6.71393E-2 2.12584E-2 1.01422E-1 5.12636E-2 2.3222E-2 2.53005E-2 5.07029E-2 4.3947E-2 1.83508E-2 8.10009E-3 -9999 -9999 -9999 -9999 -9999 -9999 -9999 -9999 -9999 -9999 -9999 -9999 -9999 -9999 -9999 -9999 -9999 -9999 -9999 -9999 -9999 -9999 -9999 -9999 -9999
0E0 0E0 0E0 0E0 0E0 0E0 0E0 0E0 0E0 0E0 0E0 0E0 0E0 0E0 0E0 0E0 0E0 0E0 0E0 0E0 0E0 0E0 0E0 1.2797E-1 1.74621E-1 1.62011E-1 5.25909E-1 0E0 6.13814E-1 3.31009E-1 2.78996E-1 1.25013E-1 5.3311E-2 7.07967E-2 6.97665E-2 3.19717E-3 4.55776E-3 5.84534E-3 8.58957E-3 2.66324E-2 9.73395E-3 7.98616E-2 8.92579E-2 6.48365E-2 1.56984E-1 2.09941E-1 2.94108E-2 2.84073E-2 3.43783E-3 2.20676E-2 2.88029E-3 5.60512E-3 8.02474E-3 -9999 -9999 -9999 -9999 -9999 -9999 -9999 -9999 -9999 -9999 -9999 -9999 -9999 -9999 -9999 -9999 -9999 -9999 -9999 -9999 -9999 -9999 -9999 -9999 -9999
0E0 0E0 0E0 0E0 0E0 0E0 0E0 0E0 0E0 0E0 0E0 0E0 0E0 0E0 0E0 0E0 0E0 2.2476E-1 8.92647E-2 1.63688E-2 1.10698E-2 2.32543E-2 4.95821E-2 1.4382E-2 6.45919E-2 1.49422E-1 1.42316E-1 3.44792E-1 3.17354E-1 1.86487E-1 1.08935E-1 3.86262E-2 1.25959E-2 2.69992E-2 4.32043E-2 1.42874E-3 1.20553E-2 6.83375E-3 3.27575E-2 1.74494E-2 5.1273E-2 6.84628E-2 5.10052E-2 4.45738E-2 2.1414E-2 1.36843E-2 4.89685E-3 1.83814E-2 2.10927E-2 2.64059E-2 1.07687E-2 6.02435E-3 -9999 -9999 -9999 -9999 -9999 -9999 -9999 -9999 -9999 -9999 -9999 -9999 -9999 -9999 -9999 -9999 -9999 -9999 -9999 -9999 -9999 -9999 -9999 -9999 -9999 -9999
0E0 0E0 0E0 0E0 0E0 0E0 0E0 0E0 0E0 0E0 0E0 0E0 0E0 0E0 0E0 0E0 0E0 0E0 1.73628E-1 1.76538E-2 1.70813E-2 3.07715E-3 7.7115E-3 8.27305E-3 1.16833E-2 2.85709E-2 4.35819E-2 2.2336E-1 2.15761E-1 1.32514E-1 2.77236E-2 3.39214E-2 3.74874E-2 6.02174E-2 2.25896E-3 1.58426E-3 1.44904E-2 2.0816E-2 4.50035E-2 6.28932E-3 5.13557E-2 1.19067E-1 3.59477E-2 4.64724E-3 2.03764E-2 5.68055E-3 1.28016E-2 1.32959E-2 6.91562E-3 6.26393E-3 2.5975E-3 2.40166E-3 -9999 -9999 -9999 -9999 -9999 -9999 -9999 -9999 -9999 -9999 -9999 -9999 -9999 -9999 -9999 -9999 -9999 -9999 -9999 -9999 -9999 -9999 -9999 -9999 -9999 -9999
0E0 0E0 0E0 0E0 0E0 0E0 0E0 0E0 0E0 0E0 0E0 0E0 0E0 0E0 2.13829E-1 0E0 0E0 0E0 1.88489E-1 7.87186E-2 3.08297E-2 3.38587E-3 6.26433E-3 1.03491E-2 1.43033E-2 1.86235E-2 1.30726E-2 1.48574E-1 8.99835E-2 3.76959E-2 5.16038E-2 3.86333E-2 4.51231E-3 1.18275E-2 3.71273E-3 5.05598E-3 5.38171E-3 5.67067E-2 1.80624E-2 3.07545E-3 2.76582E-2 3.02685E-1 2.51836E-2 4.83762E-3 7.4775E-3 1.68793E-2 1.48049E-2 8.34411E-3 1.08691E-2 7.18724E-3 7.49451E-3 1.2757E-3 -9999 -9999 -9999 -9999 -9999 -9999 -9999 -9999 -9999 -9999 -9999 -9999 -9999 -9999 -9999 -9999 -9999 -9999 -9999 -9999 -9999 -9999 -9999 -9999 -9999 -9999
0E0 0E0 0E0 0E0 0E0 0E0 0E0 0E0 0E0 0E0 0E0 0E0 0E0 8.03135E-2 8.90671E-2 0E0 0E0 1.85014E-1 1.54446E-1 4.86113E-2 3.50152E-2 9.69122E-3 1.23974E-2 1.17072E-2 1.57051E-2 3.42993E-2 2.4918E-2 7.25099E-2 1.21976E-2 1.08363E-2 7.77993E-3 1.02797E-3 4.3103E-3 3.21623E-2 1.77315E-2 3.67577E-2 2.25921E-2 9.04907E-3 2.63341E-2 1.90021E-3 1.19037E-1 1.77286E-1 9.35566E-3 1.11172E-2 1.02229E-2 3.95772E-3 1.00932E-2 1.08688E-2 4.40524E-3 1.4204E-2 4.15186E-3 -9999 -9999 -9999 -9999 -9999 -9999 -9999 -9999 -9999 -9999 -9999 -9999 -9999 -9999 -9999 -9999 -9999 -9999 -9999 -9999 -9999 -9999 -9999 -9999 -9999 -9999 -9999
0E0 0E0 0E0 0E0 0E0 0E0 0E0 0E0 0E0 0E0 0E0 0E0 0E0 1.34624E-1 1.45818E-1 0E0 0E0 0E0 3.15626E-1 1.10342E-1 3.59118E-2 3.19849E-2 5.47356E-2 6.11021E-2 7.66961E-2 8.91593E-2 6.91746E-2 1.25906E-2 6.92011E-3 9.46763E-4 6.72514E-3 7.58601E-3 4.94457E-3 2.98595E-2 8.93745E-3 3.02373E-2 2.03394E-2 3.12969E-2 4.20592E-2 1.44789E-2 1.75589E-1 4.60017E-2 2.40468E-2 2.44491E-2 4.5233E-3 1.25398E-2 2.84388E-3 2.07228E-2 2.35897E-2 2.14043E-3 4.53942E-3 -9999 -9999 -9999 -9999 -9999 -9999 -9999 -9999 -9999 -9999 -9999 -9999 -9999 -9999 -9999 -9999 -9999 -9999 -9999 -9999 -9999 -9999 -9999 -9999 -9999 -9999 -9999
0E0 0E0 0E0 0E0 0E0 0E0 0E0 0E0 0E0 0E0 0E0 0E0 0E0 0E0 0E0 0E0 0E0 0E0 0E0 0E0 0E0 2.02306E-1 4.24451E-1 1.93104E-1 5.5491E-2 7.48207E-2 2.38905E-2 9.14886E-3 3.02643E-3 3.41762E-3 3.70195E-3 1.45548E-2 1.84547E-2 6.19014E-2 1.83267E-2 2.34344E-2 1.7128E-2 1.67434E-2 6.51381E-3 7.99111E-2 7.13439E-2 1.11362E-1 5.4849E-2 4.46941E-2 6.69745E-3 1.44494E-2 1.45316E-2 3.28803E-2 1.46102E-2 1.19682E-2 1.28407E-2 -9999 -9999 -9999 -9999 -9999 -9999 -9999 -9999 -9999 -9999 -9999 -9999 -9999 -9999 -9999 -9999 -9999 -9999 -9999 -9999 -9999 -9999 -9999 -9999 -9999 -9999 -9999
0E0 0E0 0E0 0E0 0E0 0E0 0E0 0E0 0E0 0E0 0E0 0E0 0E0 0E0 0E0 0E0 0E0 0E0 0E0 0E0 8.586E-2 2.55796E-2 3.24153E-2 1.11222E-1 3.79303E-2 1.61594E-2 5.67126E-2 3.1501E-3 1.40763E-3 7.99725E-3 2.19781E-2 2.45535E-2 5.1327E-2 3.36067E-2 6.42713E-2 1.04624E-2 1.61588E-2 2.97235E-3 6.89323E-2 1.01265E-1 8.88127E-2 2.96033E-2 1.77575E-2 1.2498E-2 1.00798E-2 1.71868E-2 2.2474E-2 1.91146E-2 1.17548E-2 7.55198E-2 1.09069E-1 -9999 -9999 -9999 -9999 -9999 -9999 -9999 -9999 -9999 -9999 -9999 -9999 -9999 -9999 -9999 -9999 -9999 -9999 -9999 -9999 -9999 -9999 -9999 -9999 -9999 -9999 -9999
0E0 0E0 0E0 0E0 0E0 0E0 0E0 0E0 0E0 0E0 0E0 0E0 0E0 0E0 0E0 0E0 0E0 0E0 0E0 0E0 5.35989E-2 8.50162E-3 3.39695E-2 6.85328E-2 3.41378E-2 1.29115E-2 4.23577E-2 4.28359E-2 2.29393E-2 1.76992E-2 2.28966E-2 4.03509E-2 1.07119E-2 6.28226E-3 5.90138E-2 2.88258E-2 2.59884E-2 3.00995E-2 2.05823E-1 3.76838E-2 2.22064E-2 2.90029E-2 1.83043E-2 4.2245E-2 3.61105E-2 3.69072E-3 2.75991E-2 1.4303E-2 4.5567E-2 6.59216E-2 -9999 -9999 -9999 -9999 -9999 -9999 -9999 -9999 -9999 -9999 -9999 -9999 -9999 -9999 -9999 -9999 -9999 -9999 -9999 -9999 -9999 -9999 -9999 -9999 -9999 -9999 -9999 -9999
0E0 0E0 0E0 0E0 0E0 0E0 0E0 0E0 0E0 0E0 0E0 0E0 0E0 0E0 0E0 0E0 8.06169E-2 6.55298E-2 7.12426E-2 5.22419E-2 4.38345E-2 4.50044E-2 6.47916E-2 1.86771E-2 1.04748E-2 1.26183E-2 4.30936E-2 6.15377E-2 1.46762E-1 2.54949E-2 8.18908E-2 6.55772E-2 1.91258E-2 4.9078E-2 1.38363E-1 1.77665E-1 1.00957E-1 6.87551E-2 1.04202E-1 1.91638E-2 8.89552E-3 3.70128E-2 8.08297E-2 7.6233E-2 2.66807E-2 1.59243E-2 9.66924E-3 9.12023E-3 1.30461E-2 2.40209E-2 -9999 -9999 -9999 -9999 -9999 -9999 -9999 -9999 -9999 -9999 -9999 -9999 -9999 -9999 -9999 -9999 -9999 -9999 -9999 -9999 -9999 -9999 -9999 -9999 -9999 -9999 -9999 -9999
0E0 0E0 0E0 0E0 0E0 0E0 0E0 0E0 0E0 0E0 0E0 0E0 0E0 0E0 2.45573E-1 1.01941E-1 3.03895E-2 2.94106E-2 8.35541E-2 2.91481E-2 1.62185E-2 1.19265E-2 4.66442E-2 8.9121E-3 2.4166E-2 5.56011E-2 6.57484E-2 1.07624E-1 1.3957E-1 1.01585E-1 1.87015E-2 4.04924E-2 1.81751E-2 2.27618E-1 1.74513E-1 8.98899E-2 3.14384E-2 1.56321E-2 1.37475E-2 1.87536E-2 1.90384E-3 3.90267E-2 3.86926E-2 4.87325E-2 3.13264E-2 3.49547E-2 1.3307E-2 2.13635E-2 1.75877E-2 2.86041E-2 -9999 -9999 -9999 -9999 -9999 -9999 -9999 -9999 -9999 -9999 -9999 -9999 -9999 -9999 -9999 -9999 -9999 -9999 -9999 -9999 -9999 -9999 -9999 -9999 -9999 -9999 -9999 -9999
0E0 0E0 0E0 0E0 0E0 0E0 0E0 0E0 0E0 0E0 0E0 0E0 0E0 1.14826E-1 1.13141E-1 6.03353E-2 2.55849E-2 2.35201E-2 5.64988E-2 2.5673E-2 4.48982E-2 2.67336E-2 1.54413E-2 1.70979E-2 2.26923E-2 4.37197E-2 8.24274E-2 3.39581E-2 2.06142E-1 6.3292E-2 2.19149E-2 7.48195E-2 8.03485E-2 9.02428E-2 1.22992E-1 9.02617E-2 1.80163E-1 1.69915E-2 3.44538E-2 3.33443E-2 4.60197E-2 2.86661E-2 2.57777E-2 1.70482E-2 1.49043E-2 7.20086E-3 1.76315E-2 3.28838E-2 2.35498E-2 -9999 -9999 -9999 -9999 -9999 -9999 -9999 -9999 -9999 -9999 -9999 -9999 -9999 -9999 -9999 -9999 -9999 -9999 -9999 -9999 -9999 -9999 -9999 -9999 -9999 -9999 -9999 -9999 -9999
0E0 0E0 0E0 0E0 0E0 0E0 0E0 0E0 0E0 0E0 0E0 0E0 0E0 0E0 2.74028E-1 7.647E-2 2.08911E-2 3.58366E-2 4.16279E-2 5.55836E-2 5.43934E-2 9.25601E-2 7.38702E-2 3.04343E-2 3.99935E-2 7.32207E-2 1.19276E-1 3.52285E-2 2.09645E-1 1.01451E-2 9.45251E-2 2.04519E-1 9.89855E-2 3.00065E-3 5.77521E-2 6.66516E-2 1.11383E-2 1.06441E-2 9.59436E-3 7.74616E-2 1.32489E-1 6.89582E-3 2.2955E-2 1.46483E-2 6.49389E-3 9.93538E-3 1.61851E-2 3.93648E-2 -9999 -9999 -9999 -9999 -9999 -9999 -9999 -9999 -9999 -9999 -9999 -9999 -9999 -9999 -9999 -9999 -9999 -9999 -9999 -9999 -9999 -9999 -9999 -9999 -9999 -9999 -9999 -9999 -9999 -9999
0E0 0E0 0E0 0E0 0E0 0E0 0E0 0E0 0E0 0E0 0E0 0E0 0E0 0E0 9.95063E-2 3.36535E-2 5.11095E-2 4.6157E-2 6.48507E-2 8.59628E-2 1.02523E-1 5.02486E-2 1.69088E-1 1.71149E-1 5.81704E-2 8.99669E-2 7.39198E-2 1.37756E-1 8.01878E-2 5.36991E-1 3.03078E-1 2.33281E-1 8.52381E-2 2.11121E-2 7.08278E-3 1.04563E-2 5.04446E-3 4.25452E-3 7.01676E-3 1.07991E-2 3.21821E-3 2.08385E-2 2.87377E-2 4.60168E-3 2.51909E-3 5.3581E-3 8.40138E-3 -9999 -9999 -9999 -9999 -9999 -9999 -9999 -9999 -9999 -9999 -9999 -9999 -9999 -9999 -9999 -9999 -9999 -9999 -9999 -9999 -9999 -9999 -9999 -9999 -9999 -9999 -9999 -9999 -9999 -9999 -9999
0E0 0E0 0E0 0E0 0E0 0E0 0E0 0E0 0E0 0E0 0E0 0E0 0E0 4.26532E-1 9.20057E-2 3.66737E-2 5.38713E-2 4.31104E-2 2.11261E-1 3.44114E-1 1.4975E-1 1.22742E-1 1.8077E-1 1.94689E-1 2.09751E-1 7.27639E-2 8.67483E-2 6.15438E-2 4.89066E-1 4.61134E-1 1.26173E-1 1.22465E-1 8.52145E-2 9.98817E-3 4.33248E-2 4.15215E-3 2.28313E-3 3.11029E-2 3.03498E-3 5.25282E-3 2.3183E-2 8.43811E-3 7.43547E-3 7.57522E-3 4.0385E-3 3.88151E-3 -9999 -9999 -9999 -9999 -9999 -9999 -9999 -9999 -9999 -9999 -9999 -9999 -9999 -9999 -9999 -9999 -9999 -9999 -9999 -9999 -9999 -9999 -9999 -9999 -9999 -9999 -9999 -9999 -9999 -9999 -9999 -9999
0E0 0E0 0E0 0E0 0E0 0E0 0E0 0E0 0E0 0E0 0E0 0E0 0E0 0E0 2.7507E-1 8.48959E-2 4.29558E-2 3.8699E-2 3.63761E-1 0E0 1.11694E-1 1.02002E-1 1.09465E-1 1.86816E-1 6.97181E-2 2.51825E-2 9.2492E-2 3.51419E-1 4.09528E-1 3.2292E-1 1.83317E-2 1.50138E-2 1.22338E-2 2.17376E-1 9.18393E-2 2.10777E-2 2.60328E-3 1.54209E-3 4.54294E-3 5.91717E-3 3.44759E-3 3.82813E-3 1.03179E-2 4.21171E-3 -9999 -9999 -9999 -9999 -9999 -9999 -9999 -9999 -9999 -9999 -9999 -9999 -9999 -9999 -9999 -9999 -9999 -9999 -9999 -9999 -9999 -9999 -9999 -9999 -9999 -9999 -9999 -9999 -9999 -9999 -9999 -9999 -9999 -9999
0E0 0E0 0E0 0E0 0E0 0E0 0E0 0E0 0E0 0E0 0E0 0E0 0E0 0E0 2.09498E-1 7.50248E-2 1.23754E-1 7.91431E-2 0E0 0E0 1.63166E-1 8.12378E-2 5.05936E-2 4.83364E-2 4.98304E-2 2.52079E-1 1.47658E-2 4.8136E-1 2.919E-1 2.30559E-2 2.62623E-2 1.51285E-2 3.64929E-2 5.71387E-2 9.87749E-3 1.28665E-2 2.45422E-3 1.28203E-3 2.18065E-3 9.92617E-3 4.38887E-3 3.86237E-3 5.21948E-3 -9999 -9999 -9999 -9999 -9999 -9999 -9999 -9999 -9999 -9999 -9999 -9999 -9999 -9999 -9999 -9999 -9999 -9999 -9999 -9999 -9999 -9999 -9999 -9999 -9999 -9999 -9999 -9999 -9999 -9999 -9999 -9999 -9999 -9999 -9999
0E0 0E0 0E0 0E0 0E0 0E0 0E0 0E0 0E0 0E0 0E0 0E0 3.89501E-1 3.42242E-1 1.77399E-1 1.94506E-1 5.23384E-1 0E0 0E0 6.32078E-1 2.13333E-1 8.69627E-2 9.65068E-2 3.00926E-2 9.12762E-2 7.19617E-2 3.56707E-1 4.74211E-1 3.92894E-1 2.19029E-2 2.08379E-2 7.96547E-2 6.04082E-2 1.86601E-2 1.25554E-3 5.03101E-4 3.74437E-4 2.07774E-3 7.27605E-3 9.35708E-3 1.03736E-2 3.77981E-3 -9999 -9999 -9999 -9999 -9999 -9999 -9999 -9999 -9999 -9999 -9999 -9999 -9999 -9999 -9999 -9999 -9999 -9999 -9999 -9999 -9999 -9999 -9999 -9999 -9999 -9999 -9999 -9999 -9999 -9999 -9999 -9999 -9999 -9999 -9999 -9999
0E0 0E0 0E0 0E0 0E0 0E0 0E0 0E0 0E0 0E0 0E0 0E0 0E0 0E0 3.59489E-1 1.84113E-1 0E0 0E0 6.48595E-1 7.54002E-2 6.93241E-2 1.24762E-2 1.81707E-2 1.92118E-1 2.48561E-1 2.44458E-1 1.21481E-1 3.99049E-2 5.26973E-2 9.96185E-2 2.11259E-1 2.16961E-1 1.02989E-1 5.46653E-3 6.28856E-3 1.32371E-3 2.99454E-3 4.98974E-3 1.42912E-2 7.3425E-3 9.51973E-3 -9999 -9999 -9999 -9999 -9999 -9999 -9999 -9999 -9999 -9999 -9999 -9999 -9999 -9999 -9999 -9999 -9999 -9999 -9999 -9999 -9999 -9999 -9999 -9999 -9999 -9999 -9999 -9999 -9999 -9999 -9999 -9999 -9999 -9999 -9999 -9999 -9999
