ENM/Final_Models/M_1_F_qp_Set_1_NE/Gustavia_santanderiensis_Choco_max.asc
ncols         367
nrows         963
xllcorner     -78.6
yllcorner     0.65
cellsize      0.00833333333333323
NODATA_value  -9999
[rows 782 to 815 of 963, columns 156 to 233 of 367]
1.43314E-3 6.87468E-4 2.85516E-4 8.76799E-4 1.29053E-3 7.13433E-4 2.51066E-4 1.21417E-4 2.10857E-4 2.11595E-4 1.53567E-4 1.65257E-4 1.21035E-4 1.01295E-4 1.4935E-4 4.58508E-4 3.04212E-4 2.52967E-4 7.66437E-4 4.42654E-3 1.06763E-2 1.27766E-2 4.3513E-2 6.9665E-2 -9999 -9999 -9999 -9999 -9999 -9999 -9999 -9999 -9999 -9999 -9999 -9999 -9999 -9999 -9999 -9999 -9999 7.74244E-2 5.16531E-2 4.19853E-2 6.77303E-2 4.65952E-2 5.39333E-2 8.7792E-2 6.62335E-2 4.81624E-2 3.8449E-2 2.80156E-2 2.56291E-2 3.24983E-2 2.43416E-2 2.03968E-2 2.09624E-2 1.80284E-2 1.75989E-2 1.54553E-2 7.31693E-3 7.80795E-3 5.91082E-3 4.93503E-3 2.53841E-3 1.76039E-3 7.8285E-4 2.84612E-4 2.02235E-4 7.60456E-4 4.8186E-4 9.63216E-4 1.44916E-3 1.58282E-3 1.25219E-3 9.34242E-4 1.80967E-3 2.11539E-3
5.61916E-4 2.90073E-4 3.56458E-4 3.61468E-4 2.54899E-4 4.76523E-4 2.76918E-4 9.27844E-5 1.49998E-4 1.04054E-4 8.70851E-5 9.78013E-5 8.82514E-5 1.64632E-4 2.87975E-4 6.42165E-4 6.59684E-4 8.59475E-4 1.84132E-3 9.02738E-3 2.44205E-2 4.50755E-2 -9999 -9999 2.17565E-2 -9999 -9999 -9999 -9999 -9999 -9999 -9999 -9999 -9999 -9999 -9999 -9999 -9999 -9999 -9999 9.95995E-2 8.23501E-2 7.02076E-2 3.79167E-2 7.72909E-2 8.56556E-2 9.03466E-2 8.36796E-2 5.56666E-2 2.43899E-2 1.70368E-2 1.67884E-2 2.15837E-2 3.44605E-2 1.22608E-2 7.43477E-3 1.59837E-2 1.84732E-2 1.35209E-2 8.16059E-3 8.42263E-3 9.11407E-3 3.33065E-3 1.59506E-3 1.3882E-3 1.37659E-3 1.08375E-3 3.50212E-4 1.49746E-4 4.7326E-4 5.45499E-4 6.57073E-4 7.80362E-4 1.04461E-3 1.6508E-3 8.0859E-4 1.59906E-3 1.83234E-3
1.95096E-4 1.0569E-4 7.92785E-5 1.27619E-4 1.24798E-4 2.9623E-4 1.51066E-4 9.5667E-5 1.84345E-4 1.46742E-4 6.7478E-5 8.87303E-5 1.85941E-4 3.61412E-4 4.94722E-4 2.40735E-3 1.09487E-3 3.88309E-3 8.8772E-3 2.18559E-2 3.97523E-2 -9999 -9999 -9999 5.13966E-2 -9999 -9999 -9999 -9999 -9999 -9999 -9999 -9999 -9999 -9999 -9999 -9999 -9999 -9999 6.19679E-2 5.75522E-2 4.15149E-2 5.01258E-2 4.13414E-2 9.01868E-2 9.98428E-2 8.22992E-2 4.48978E-2 1.89305E-2 5.41113E-3 2.37878E-2 1.45568E-2 1.53164E-2 1.276E-2 2.4143E-2 6.97259E-3 5.64599E-3 2.92984E-3 4.6898E-3 4.4122E-3 3.14121E-3 2.86378E-3 3.34637E-3 1.91126E-3 1.10782E-3 3.80376E-4 2.76517E-4 5.14358E-4 4.89266E-4 5.1369E-4 6.0113E-4 4.32576E-4 9.62771E-4 6.55724E-4 4.85348E-4 8.45804E-4 1.18199E-3 1.1963E-3
1.11986E-4 1.48791E-4 1.21205E-4 1.10299E-4 8.28097E-5 1.60784E-4 1.00384E-4 1.4986E-4 1.79392E-4 1.29069E-4 1.11627E-4 1.79312E-4 3.98948E-4 7.32961E-4 1.58334E-3 5.89615E-3 5.63208E-4 2.20308E-3 9.62547E-3 3.51602E-2 3.20803E-2 -9999 -9999 -9999 8.49038E-2 -9999 -9999 -9999 -9999 -9999 -9999 -9999 -9999 -9999 -9999 -9999 -9999 -9999 3.7505E-2 3.85996E-2 4.67628E-2 3.54699E-2 3.51191E-2 6.2963E-2 1.04984E-1 1.01355E-1 4.99702E-2 4.64165E-2 9.20176E-3 3.22773E-3 1.69107E-2 1.38646E-2 5.7143E-3 6.38964E-3 2.31443E-2 1.07577E-2 3.63332E-3 2.49978E-3 3.5612E-3 1.94816E-3 8.0223E-4 7.78765E-4 4.69876E-3 2.3872E-3 8.33408E-4 5.30243E-4 7.54432E-4 3.60965E-4 3.55546E-4 4.98474E-4 6.26248E-4 4.8143E-4 5.52927E-4 1.26715E-3 1.07543E-3 1.11825E-3 9.14096E-4 2.1675E-3
2.61871E-4 2.38301E-4 1.67634E-4 2.07375E-4 8.49328E-5 9.69767E-5 9.05012E-5 1.74298E-4 2.50348E-4 1.17008E-4 1.48411E-4 1.56125E-4 5.52941E-4 1.05982E-3 1.95141E-3 4.54245E-3 5.83643E-4 6.23767E-4 5.09187E-3 1.12177E-2 -9999 -9999 -9999 -9999 -9999 -9999 -9999 -9999 -9999 -9999 -9999 -9999 -9999 -9999 -9999 -9999 -9999 -9999 -9999 4.52906E-2 4.26416E-2 3.59723E-2 4.93828E-2 9.56439E-2 1.02491E-1 5.2501E-2 3.20974E-2 1.72584E-2 7.60136E-3 2.65871E-3 8.96729E-3 8.46974E-3 4.22013E-3 5.49094E-3 2.13759E-2 1.84573E-2 4.98878E-3 3.47555E-3 1.06033E-3 9.0636E-4 5.96519E-4 1.0446E-3 1.73554E-3 2.63085E-3 3.86778E-4 3.0369E-4 6.55064E-4 6.54028E-4 6.9723E-4 4.48977E-4 7.15973E-4 7.23696E-4 6.30833E-4 7.17043E-4 1.27528E-3 1.82925E-3 2.58828E-3 2.57894E-3
2.41289E-4 7.17623E-5 1.49137E-4 5.37369E-4 3.10659E-4 1.13597E-4 1.25179E-4 2.82575E-4 5.30122E-4 1.09953E-4 1.07984E-4 1.92852E-4 5.52751E-4 9.17861E-4 2.37067E-3 3.2896E-3 3.81457E-3 5.64653E-4 1.4518E-3 8.35264E-3 -9999 -9999 -9999 -9999 -9999 -9999 -9999 -9999 -9999 -9999 -9999 -9999 -9999 -9999 -9999 -9999 -9999 -9999 -9999 6.51961E-2 5.24158E-2 1.077E-1 9.19344E-2 1.47981E-1 1.21751E-1 6.69122E-2 4.2382E-2 1.18603E-2 3.16636E-3 2.06175E-3 6.14287E-3 7.9909E-3 7.43717E-3 7.78261E-3 2.37139E-2 2.12645E-2 5.65817E-3 2.35363E-3 3.63207E-4 7.53308E-4 3.20519E-4 8.61007E-4 1.51612E-3 4.81536E-4 2.78621E-4 4.11343E-4 2.58006E-4 8.67835E-4 9.03158E-4 5.45833E-4 7.3556E-4 1.19094E-3 7.10725E-4 4.081E-4 4.27229E-4 8.08772E-4 2.13178E-3 2.70046E-3
1.02221E-4 5.7099E-5 1.31831E-4 3.08862E-4 1.9246E-4 1.629E-4 2.10051E-4 3.64095E-4 1.01003E-3 2.4634E-4 4.92353E-5 7.71586E-5 4.57688E-4 1.21488E-3 3.62399E-3 8.30541E-3 3.77725E-3 2.97105E-3 7.36285E-4 6.62628E-3 1.85746E-2 -9999 -9999 -9999 -9999 -9999 -9999 -9999 -9999 -9999 -9999 -9999 -9999 -9999 -9999 -9999 -9999 7.25111E-2 1.07192E-1 7.43843E-2 6.16097E-2 1.34983E-1 1.57143E-1 1.01041E-1 6.08727E-2 6.14307E-2 2.85828E-2 1.2351E-2 9.83408E-4 6.13456E-4 1.01781E-3 2.83517E-3 7.19454E-3 1.13431E-2 1.28357E-2 1.92203E-2 9.05892E-3 1.29256E-3 1.40139E-3 7.26E-4 5.7339E-4 7.20656E-4 8.24658E-4 1.1245E-3 3.7988E-4 6.3301E-4 7.88384E-4 8.35214E-4 7.18301E-4 5.88971E-4 9.44693E-4 6.32835E-4 7.61241E-4 4.83917E-4 5.00241E-4 8.2371E-4 1.47415E-3 1.28787E-3
1.33283E-4 1.43241E-4 1.0428E-4 1.09089E-4 6.58825E-5 5.09954E-5 1.03169E-4 2.37623E-4 1.03487E-3 2.92568E-4 1.0815E-4 1.47029E-4 3.08958E-4 2.80058E-3 1.21295E-2 1.5899E-2 1.10935E-2 4.76441E-3 2.77778E-3 1.034E-2 2.98233E-2 5.05689E-2 -9999 -9999 -9999 -9999 -9999 -9999 -9999 -9999 -9999 -9999 -9999 -9999 -9999 -9999 5.24326E-2 7.30779E-2 1.33338E-1 6.87732E-2 1.02673E-1 1.09383E-1 6.21389E-2 4.83521E-2 5.20065E-2 5.00521E-2 7.69204E-3 7.65368E-3 2.67447E-3 1.35114E-3 5.36042E-4 3.201E-3 3.75958E-3 6.76583E-3 3.48901E-3 6.70849E-3 8.05002E-3 3.07014E-3 1.7662E-3 8.31933E-4 6.25511E-4 5.22976E-4 5.33874E-4 6.48858E-4 5.42042E-4 7.95279E-4 8.03783E-4 1.01192E-3 1.08434E-3 9.65043E-4 6.31986E-4 1.26293E-3 8.90825E-4 2.4522E-4 2.21725E-4 2.92462E-4 6.03884E-4 1.46191E-3
2.73258E-4 3.0672E-4 6.48877E-5 3.05249E-4 8.63498E-4 3.17555E-4 6.28492E-4 1.70764E-3 5.48105E-4 2.81932E-4 1.32291E-4 1.50977E-4 1.07016E-3 2.39041E-3 1.04355E-2 3.26847E-2 1.5805E-2 1.42885E-2 1.55016E-2 6.57124E-3 2.44308E-2 -9999 -9999 -9999 -9999 -9999 -9999 -9999 -9999 -9999 -9999 -9999 -9999 -9999 -9999 -9999 5.38957E-2 6.36704E-2 1.29772E-1 1.33383E-1 9.7597E-2 5.40508E-2 2.49312E-2 1.71745E-2 1.89116E-2 2.45869E-2 8.76065E-3 1.29797E-3 1.41427E-3 1.13983E-3 1.06341E-3 1.91348E-3 1.37238E-3 4.22055E-3 2.36048E-3 2.06014E-3 8.00063E-3 3.1182E-3 3.01459E-4 7.38848E-4 5.53106E-4 6.2795E-4 6.29071E-4 6.68206E-4 7.32656E-4 8.66518E-4 7.82105E-4 8.82402E-4 1.07217E-3 9.88495E-4 6.27376E-4 1.34803E-3 1.76342E-3 2.45566E-4 1.96493E-4 5.38907E-4 1.22996E-3 9.80331E-4
2.11114E-4 2.54106E-4 1.0749E-4 1.65795E-4 1.40271E-3 2.08632E-3 2.45671E-3 3.3222E-3 4.12979E-4 9.44231E-5 1.27158E-4 5.10284E-4 1.87246E-3 3.4765E-3 1.36015E-2 -9999 2.35104E-2 3.98091E-2 2.22142E-2 2.33577E-2 2.30949E-2 -9999 -9999 -9999 -9999 -9999 -9999 -9999 -9999 -9999 -9999 -9999 -9999 -9999 -9999 -9999 5.13052E-2 1.01429E-1 1.67851E-1 1.58736E-1 7.218E-2 2.75196E-2 1.83621E-2 1.86201E-2 1.1299E-2 6.90754E-3 1.75178E-2 2.08974E-3 1.68856E-3 1.14022E-3 1.32247E-3 9.3671E-4 1.48028E-3 1.60915E-3 8.92189E-4 1.59939E-3 4.16729E-3 2.79322E-3 2.99274E-4 7.35587E-4 4.04697E-4 5.69366E-4 6.57645E-4 5.96337E-4 6.21535E-4 4.41593E-4 7.25176E-4 7.04569E-4 6.59754E-4 2.49966E-3 1.34758E-3 1.99996E-3 2.39591E-3 8.56605E-4 5.71656E-4 5.34212E-4 9.37183E-4 1.00319E-3
8.42714E-5 1.77955E-4 3.76896E-5 4.52703E-5 5.44584E-4 6.73071E-3 3.55552E-3 1.0194E-3 1.7185E-4 1.41735E-4 2.83397E-4 1.46608E-3 3.7244E-3 6.38175E-3 9.95178E-3 -9999 -9999 -9999 6.70501E-2 5.32997E-2 1.6683E-1 -9999 -9999 -9999 -9999 -9999 -9999 -9999 -9999 -9999 -9999 -9999 -9999 -9999 -9999 -9999 -9999 -9999 -9999 1.03457E-1 3.00415E-2 3.08909E-2 3.22737E-2 1.34118E-2 4.00458E-3 1.3544E-3 3.73312E-3 2.44275E-3 1.42713E-3 4.20671E-4 3.36244E-4 2.45154E-4 7.70057E-4 1.10285E-3 3.68211E-4 3.29033E-4 1.32811E-3 4.56995E-3 8.74825E-4 5.65612E-4 4.31675E-4 4.8845E-4 4.4722E-4 5.93111E-4 7.05098E-4 3.39422E-4 3.66642E-4 4.54206E-4 7.46576E-4 1.86046E-3 2.17271E-3 1.44081E-3 2.21442E-3 6.15545E-4 8.17378E-4 6.26666E-4 6.77326E-4 8.85612E-4
7.30989E-5 1.15241E-4 1.07522E-4 2.46188E-4 6.884E-4 7.76848E-3 2.53974E-3 2.09376E-4 1.18449E-4 1.95165E-4 6.06744E-4 1.98523E-3 6.38595E-3 1.64662E-2 2.94752E-2 3.73833E-2 -9999 -9999 -9999 -9999 -9999 -9999 -9999 -9999 -9999 -9999 -9999 -9999 -9999 -9999 -9999 -9999 -9999 -9999 -9999 -9999 -9999 1.6531E-1 6.74808E-2 3.28515E-2 5.34408E-2 3.65757E-2 1.48936E-2 5.56414E-3 4.00241E-3 1.16163E-3 2.20436E-3 2.95753E-3 8.12997E-4 1.9253E-4 2.9661E-4 1.96665E-4 4.49135E-4 2.88944E-4 3.71802E-4 5.39811E-4 1.78553E-3 1.09378E-3 1.9004E-3 5.34344E-4 4.32929E-4 4.29423E-4 3.74643E-4 3.72316E-4 4.13159E-4 5.05565E-4 5.46186E-4 7.89915E-4 4.95671E-4 7.98651E-4 1.38115E-3 2.15946E-3 2.31107E-3 6.48324E-4 6.86092E-4 4.17067E-4 5.91552E-4 7.56878E-4
4.99522E-5 9.15331E-5 9.21267E-4 6.02083E-4 6.97639E-3 5.46983E-3 1.58873E-3 2.84104E-4 6.39105E-5 5.34522E-4 1.75324E-3 4.79605E-3 1.28464E-2 2.25263E-2 1.62168E-2 3.07756E-2 -9999 -9999 -9999 -9999 -9999 -9999 -9999 -9999 -9999 -9999 -9999 -9999 -9999 -9999 -9999 -9999 -9999 -9999 -9999 -9999 1.47938E-1 1.10097E-1 -9999 5.95201E-2 5.22286E-2 1.50453E-2 1.33162E-2 1.16477E-2 4.74002E-3 2.62098E-3 1.13759E-3 5.51345E-4 7.41466E-4 5.56301E-4 6.37016E-4 5.79725E-4 6.76902E-4 4.42327E-4 2.28215E-4 4.06752E-4 8.39682E-4 7.45761E-4 1.94809E-3 4.04528E-4 4.53213E-4 6.83314E-4 5.66159E-4 3.43257E-4 3.44211E-4 5.08471E-4 5.05987E-4 7.26648E-4 8.4718E-4 5.01879E-4 9.00178E-4 1.50842E-3 2.5752E-3 1.23947E-3 6.13349E-4 5.74279E-4 5.07863E-4 5.92371E-4
1.39338E-4 1.42261E-4 1.56499E-3 7.00212E-3 1.15465E-2 3.28827E-3 1.1624E-3 4.58206E-5 1.06536E-4 4.80669E-4 2.88647E-3 8.39228E-3 3.14958E-2 2.66699E-2 4.42231E-2 -9999 -9999 -9999 -9999 -9999 -9999 -9999 -9999 -9999 -9999 -9999 -9999 -9999 -9999 -9999 -9999 -9999 -9999 -9999 -9999 1.19343E-1 1.26006E-1 -9999 -9999 9.97001E-2 8.22605E-2 2.93827E-2 1.88702E-2 5.61507E-3 1.24226E-2 9.47054E-3 2.22068E-3 4.57004E-4 9.42657E-4 4.46E-4 5.14544E-4 8.14313E-4 6.5187E-4 8.01309E-4 6.04819E-4 4.6469E-4 4.09763E-4 3.69005E-4 4.14338E-4 6.05342E-4 3.72469E-4 3.18731E-4 3.83712E-4 6.66776E-4 4.96976E-4 4.4272E-4 5.18769E-4 5.15516E-4 5.31513E-4 1.15767E-3 7.47217E-4 1.76611E-3 2.04488E-3 1.5196E-3 7.94155E-4 6.05944E-4 3.57558E-4 5.03002E-4
2.13335E-5 2.66717E-4 4.47648E-4 7.26971E-3 1.29627E-2 -9999 -9999 3.0325E-4 2.64116E-4 1.73132E-3 3.20699E-3 8.63327E-3 2.48166E-2 4.72591E-2 -9999 -9999 -9999 -9999 -9999 -9999 -9999 -9999 -9999 -9999 -9999 -9999 -9999 -9999 -9999 -9999 -9999 -9999 -9999 -9999 -9999 -9999 -9999 -9999 -9999 4.46654E-2 4.30393E-2 6.66411E-2 4.9016E-2 3.50399E-2 1.64931E-2 2.01811E-2 5.54522E-3 3.42223E-3 1.97356E-3 5.44871E-4 5.48731E-4 4.66462E-4 4.37215E-4 7.04349E-4 5.13315E-4 6.5778E-4 6.18487E-4 5.83447E-4 3.50669E-4 3.7924E-4 4.12673E-4 2.38789E-4 2.87708E-4 4.71119E-4 9.8193E-4 7.73382E-4 6.89914E-4 1.04728E-3 1.19632E-3 2.12365E-3 1.19944E-3 1.27746E-3 1.72582E-3 1.74721E-3 8.39651E-4 9.06709E-4 5.23688E-4 5.13137E-4
1.83908E-3 5.90306E-4 9.2548E-4 1.25049E-2 1.55323E-2 -9999 -9999 7.22242E-4 1.23808E-3 4.00311E-3 9.90866E-3 1.67253E-2 3.11974E-2 2.71745E-2 7.54279E-2 -9999 -9999 -9999 -9999 -9999 -9999 -9999 -9999 -9999 -9999 -9999 -9999 -9999 -9999 -9999 -9999 -9999 -9999 -9999 -9999 -9999 -9999 -9999 -9999 3.43062E-2 2.65568E-2 5.03095E-2 2.45322E-2 1.47729E-2 1.32594E-2 9.31742E-3 6.70623E-3 3.84036E-3 4.50835E-3 1.51403E-3 5.40821E-4 5.48577E-4 6.85128E-4 6.5851E-4 5.16519E-4 1.06756E-3 8.0835E-4 6.39155E-4 4.93466E-4 2.79142E-4 4.11297E-4 3.3486E-4 3.0376E-4 3.67009E-4 9.23881E-4 1.69247E-3 1.09076E-3 2.10853E-3 2.51476E-3 1.57002E-3 9.45396E-4 1.86933E-3 1.71828E-3 2.54618E-3 1.38109E-3 9.17915E-4 9.75366E-4 8.04521E-4
1.2765E-3 3.70354E-3 8.93214E-3 1.67584E-2 1.6773E-2 -9999 -9999 4.52651E-3 5.18554E-3 8.67803E-3 1.12982E-2 4.13322E-2 3.95436E-2 2.76502E-2 1.0028E-1 -9999 -9999 -9999 -9999 -9999 -9999 -9999 -9999 -9999 -9999 -9999 -9999 -9999 -9999 -9999 -9999 -9999 -9999 -9999 -9999 -9999 -9999 -9999 -9999 2.48945E-2 1.94136E-2 4.41194E-2 1.44864E-2 3.80186E-3 1.31363E-3 2.61033E-3 1.74273E-3 2.36429E-3 6.68263E-4 1.2528E-3 7.656E-4 7.49891E-4 8.27436E-4 5.67071E-4 5.30406E-4 5.81076E-4 7.44419E-4 5.79523E-4 2.40148E-4 4.7077E-4 4.83511E-4 5.38565E-4 4.65499E-4 4.25164E-4 7.23888E-4 1.33529E-3 1.44105E-3 1.97944E-3 2.3476E-3 2.41148E-3 2.15881E-3 1.95109E-3 2.52356E-3 2.19451E-3 9.43719E-4 7.32558E-4 1.26055E-3 1.42892E-3
1.9041E-4 8.6216E-4 1.52241E-2 -9999 -9999 -9999 -9999 1.33819E-2 9.85438E-3 2.17118E-2 2.98528E-2 4.25872E-2 -9999 -9999 -9999 -9999 -9999 -9999 -9999 -9999 -9999 -9999 -9999 -9999 -9999 -9999 -9999 -9999 -9999 -9999 -9999 -9999 -9999 -9999 -9999 -9999 -9999 -9999 1.51872E-2 2.14816E-2 1.40266E-2 1.65741E-2 9.92146E-3 2.12319E-3 1.62395E-3 2.18294E-3 6.23963E-3 1.30143E-3 7.45037E-4 8.37692E-4 7.61026E-4 5.05714E-4 6.67967E-4 6.21502E-4 6.02938E-4 6.50601E-4 7.11071E-4 5.06816E-4 3.77493E-4 4.9203E-4 2.87904E-4 5.10616E-4 4.03904E-4 4.00081E-4 5.68601E-4 5.07547E-4 7.81702E-4 1.73161E-3 1.99888E-3 2.12963E-3 1.58938E-3 1.64648E-3 2.60396E-3 2.31484E-3 1.03884E-3 8.96028E-4 1.37941E-3 1.7359E-3
1.4606E-4 2.18751E-3 2.18142E-2 -9999 -9999 -9999 -9999 9.89007E-3 3.20314E-2 1.66598E-2 8.39499E-2 1.52111E-1 -9999 -9999 -9999 -9999 -9999 -9999 -9999 -9999 -9999 -9999 -9999 -9999 -9999 -9999 -9999 -9999 -9999 -9999 -9999 -9999 -9999 -9999 -9999 -9999 -9999 -9999 5.27909E-3 3.51449E-3 2.12185E-2 1.01838E-2 5.41722E-3 4.26931E-3 1.44896E-3 6.45022E-4 1.85608E-3 1.38637E-3 8.96711E-4 1.03217E-3 8.05289E-4 8.31563E-4 1.56884E-3 1.01537E-3 1.11469E-3 1.17289E-3 1.90088E-3 1.23178E-3 5.39491E-4 3.40563E-4 2.87636E-4 5.09459E-4 7.44743E-4 3.20046E-4 3.47721E-4 3.3519E-4 6.24265E-4 1.0138E-3 2.10248E-3 2.36425E-3 1.65109E-3 1.84994E-3 2.08246E-3 1.63102E-3 1.1155E-3 1.44017E-3 1.47087E-3 2.09129E-3
3.29827E-4 2.70969E-3 2.10832E-2 1.78706E-2 -9999 -9999 -9999 -9999 -9999 7.33942E-2 9.64986E-2 1.2909E-1 -9999 -9999 -9999 -9999 -9999 -9999 -9999 -9999 -9999 -9999 -9999 -9999 -9999 -9999 -9999 -9999 -9999 -9999 -9999 -9999 -9999 -9999 -9999 -9999 -9999 -9999 3.75924E-3 8.52157E-3 1.37769E-2 6.21244E-3 9.87864E-4 1.5129E-3 2.27351E-3 2.01447E-3 1.88843E-3 6.73275E-4 8.69622E-4 9.41398E-4 1.02415E-3 1.68461E-3 8.58916E-4 1.04962E-3 1.69266E-3 1.77596E-3 2.36879E-3 1.23385E-3 4.41778E-4 6.10021E-4 1.30039E-3 4.14793E-4 3.37144E-4 3.88761E-4 2.62115E-4 3.25639E-4 3.67862E-4 4.48919E-4 1.66073E-3 2.43042E-3 1.78475E-3 2.8736E-3 2.14041E-3 1.41228E-3 1.72537E-3 2.29369E-3 2.28961E-3 2.25192E-3
1.00487E-3 4.59173E-3 1.53421E-2 9.76713E-3 -9999 -9999 -9999 -9999 -9999 -9999 1.13934E-1 -9999 -9999 -9999 -9999 -9999 -9999 -9999 -9999 -9999 -9999 -9999 -9999 -9999 -9999 -9999 -9999 -9999 -9999 -9999 -9999 -9999 -9999 -9999 -9999 -9999 -9999 -9999 2.29974E-2 3.92174E-3 7.53346E-3 4.33151E-3 1.99437E-3 2.79959E-3 2.88043E-3 2.09665E-3 7.4386E-4 5.33921E-4 4.53664E-4 4.80704E-4 5.77979E-4 1.71602E-3 1.29366E-3 1.71648E-3 2.16603E-3 2.66471E-3 2.74244E-3 2.31548E-3 2.2322E-3 2.02296E-3 8.22562E-4 4.35556E-4 4.66704E-4 4.80518E-4 2.74716E-4 3.02428E-4 5.28472E-4 1.19655E-3 1.81343E-3 2.42611E-3 1.87933E-3 2.99658E-3 1.83873E-3 2.28975E-3 2.33619E-3 2.50633E-3 2.94052E-3 2.94474E-3
2.10435E-4 2.53173E-3 2.05806E-3 1.97816E-3 4.50419E-3 7.29753E-3 1.73406E-2 -9999 -9999 -9999 -9999 -9999 -9999 -9999 -9999 -9999 -9999 -9999 -9999 -9999 -9999 -9999 -9999 -9999 -9999 -9999 -9999 -9999 -9999 -9999 -9999 -9999 -9999 -9999 -9999 -9999 -9999 -9999 2.61697E-2 7.44164E-3 1.06231E-2 1.1548E-2 8.79407E-3 2.28835E-3 1.51806E-3 5.4411E-4 3.76533E-4 7.19065E-4 1.36992E-3 3.15615E-4 3.28078E-4 5.0262E-4 1.72705E-3 2.59703E-3 2.85504E-3 1.91617E-3 1.64908E-3 1.27306E-3 2.11313E-3 2.02964E-3 3.11046E-4 2.22415E-4 2.25849E-4 2.63135E-4 3.14577E-4 3.13568E-4 4.66668E-4 1.74802E-3 2.71765E-3 2.846E-3 2.49009E-3 2.13426E-3 2.2656E-3 2.27217E-3 2.3927E-3 2.08542E-3 2.5984E-3 2.78368E-3
3.43389E-4 3.01604E-3 2.49559E-3 4.80449E-3 6.03157E-3 3.98577E-3 7.17661E-3 2.61649E-2 6.62566E-2 -9999 -9999 -9999 -9999 -9999 -9999 -9999 -9999 -9999 -9999 -9999 -9999 -9999 -9999 -9999 -9999 -9999 -9999 -9999 -9999 -9999 -9999 -9999 -9999 -9999 -9999 -9999 -9999 -9999 -9999 1.28169E-2 1.05681E-2 1.48989E-2 8.67593E-3 1.52606E-3 5.61286E-4 3.24753E-4 2.52329E-4 3.11202E-4 6.64676E-4 4.6806E-4 3.29736E-4 5.0102E-4 5.28875E-4 1.76814E-3 1.40073E-3 7.04241E-4 9.47846E-4 7.34443E-4 1.0209E-3 1.48939E-3 4.61973E-4 3.39231E-4 3.52978E-4 4.81003E-4 3.38015E-4 3.87084E-4 6.89587E-4 1.82894E-3 2.6031E-3 2.56598E-3 2.51595E-3 2.62308E-3 2.96522E-3 1.97653E-3 -9999 -9999 2.36783E-3 1.83803E-3
2.17742E-4 1.99706E-3 8.12869E-3 9.45262E-3 1.1906E-2 7.59466E-3 7.16944E-3 5.72815E-2 1.53976E-1 8.45356E-2 -9999 -9999 -9999 -9999 -9999 -9999 -9999 -9999 -9999 -9999 -9999 -9999 -9999 -9999 -9999 -9999 -9999 -9999 -9999 -9999 -9999 -9999 -9999 -9999 -9999 -9999 -9999 -9999 -9999 2.47007E-2 1.28284E-2 9.55213E-3 8.02593E-3 4.98096E-3 7.70901E-4 4.40671E-4 6.6257E-4 9.98277E-4 5.24161E-4 2.07248E-4 5.07747E-4 5.43626E-4 3.95478E-4 4.72398E-4 3.65403E-4 3.5655E-4 4.06126E-4 4.98232E-4 6.12576E-4 8.22329E-4 6.95174E-4 4.95936E-4 6.88619E-4 6.7184E-4 4.73151E-4 4.07633E-4 5.84352E-4 9.21688E-4 2.12555E-3 2.33928E-3 2.30103E-3 -9999 -9999 -9999 -9999 -9999 -9999 -9999
1.64724E-3 2.60227E-3 1.64626E-2 1.72849E-2 5.5019E-2 -9999 9.95973E-3 6.54257E-2 -9999 -9999 -9999 -9999 -9999 -9999 -9999 -9999 -9999 -9999 -9999 -9999 -9999 -9999 -9999 -9999 -9999 -9999 -9999 -9999 -9999 -9999 -9999 -9999 -9999 -9999 -9999 -9999 -9999 -9999 -9999 -9999 3.03711E-2 1.96684E-2 1.4923E-2 2.5319E-3 6.6616E-4 5.84766E-4 2.15817E-3 1.23344E-3 3.3329E-4 1.57867E-4 1.71627E-4 2.62383E-4 2.97437E-4 4.76658E-4 3.24925E-4 2.98189E-4 2.57363E-4 3.05096E-4 4.39296E-4 5.46584E-4 1.43583E-3 1.93553E-3 2.28314E-3 2.21065E-3 1.21689E-3 9.72394E-4 7.09598E-4 1.98603E-3 1.68211E-3 -9999 -9999 -9999 -9999 -9999 -9999 -9999 -9999 -9999
3.8501E-3 4.20402E-3 2.06233E-2 1.82006E-2 6.59298E-2 -9999 2.2739E-2 -9999 -9999 -9999 -9999 -9999 -9999 -9999 -9999 -9999 -9999 -9999 -9999 -9999 -9999 -9999 -9999 -9999 -9999 -9999 -9999 -9999 -9999 -9999 -9999 -9999 -9999 -9999 -9999 -9999 -9999 -9999 -9999 -9999 -9999 2.12495E-2 2.07287E-2 5.67912E-3 1.15757E-3 1.94257E-3 1.68032E-3 1.0326E-3 4.2243E-4 2.91316E-4 2.56513E-4 1.75394E-4 1.61978E-4 3.88791E-4 3.26617E-4 3.35171E-4 2.67824E-4 3.45677E-4 4.10013E-4 8.3087E-4 1.48846E-3 2.0298E-3 1.65265E-3 1.80023E-3 1.58816E-3 1.78566E-3 1.56014E-3 1.76473E-3 -9999 -9999 -9999 -9999 -9999 -9999 -9999 -9999 -9999 -9999
9.00368E-3 9.71083E-3 2.00688E-2 6.27743E-2 -9999 -9999 -9999 -9999 -9999 -9999 -9999 -9999 -9999 -9999 -9999 -9999 -9999 -9999 -9999 -9999 -9999 -9999 -9999 -9999 -9999 -9999 -9999 -9999 -9999 -9999 -9999 -9999 -9999 -9999 -9999 -9999 -9999 -9999 -9999 -9999 -9999 -9999 1.51712E-2 1.86624E-3 2.82773E-3 4.1502E-3 3.05893E-3 1.07134E-3 4.94447E-4 3.75848E-4 4.02188E-4 3.56636E-4 2.81892E-4 1.75941E-4 5.57892E-4 3.52737E-4 3.45913E-4 5.29691E-4 6.25106E-4 9.87867E-4 4.00183E-4 1.09819E-3 8.32246E-4 7.59898E-4 1.23126E-3 1.70492E-3 7.48554E-4 -9999 -9999 -9999 -9999 -9999 -9999 -9999 -9999 -9999 -9999 -9999
9.80015E-3 2.53222E-2 1.47694E-2 3.11156E-2 -9999 -9999 -9999 -9999 -9999 -9999 -9999 -9999 -9999 -9999 -9999 -9999 -9999 -9999 -9999 -9999 -9999 -9999 -9999 -9999 -9999 -9999 -9999 -9999 -9999 -9999 -9999 -9999 -9999 -9999 -9999 -9999 2.27624E-2 1.89104E-2 2.26956E-2 -9999 -9999 -9999 -9999 1.61199E-2 1.94479E-2 1.06978E-2 3.6295E-3 1.30064E-3 3.67805E-4 4.29657E-4 4.09791E-4 7.94076E-4 3.52699E-4 6.00003E-5 3.22572E-4 6.02537E-4 7.01439E-4 7.74061E-4 1.01048E-3 1.01955E-3 5.85913E-4 4.73649E-4 6.26194E-4 6.99655E-4 1.42758E-3 1.28389E-3 -9999 -9999 -9999 -9999 -9999 -9999 -9999 -9999 -9999 -9999 -9999 -9999
1.89047E-2 4.29407E-2 -9999 -9999 2.42869E-2 -9999 -9999 -9999 -9999 -9999 -9999 -9999 -9999 -9999 -9999 -9999 -9999 -9999 -9999 -9999 -9999 -9999 -9999 -9999 -9999 -9999 -9999 -9999 -9999 -9999 -9999 -9999 -9999 -9999 -9999 -9999 4.83978E-3 5.22127E-3 1.62381E-2 2.07494E-2 2.34337E-2 -9999 -9999 4.33113E-2 3.43364E-2 2.55807E-2 2.96866E-3 7.44653E-4 1.25161E-3 1.83266E-3 1.7406E-3 1.07675E-3 2.83196E-4 8.22881E-5 5.38191E-4 6.75676E-4 4.07976E-4 8.83922E-4 6.60776E-4 8.2208E-4 7.20599E-4 4.80113E-4 6.43075E-4 6.45407E-4 1.23494E-3 -9999 -9999 -9999 -9999 -9999 -9999 -9999 -9999 -9999 -9999 -9999 -9999 -9999
2.93482E-2 3.88703E-2 -9999 -9999 3.44364E-2 -9999 -9999 -9999 -9999 -9999 -9999 -9999 -9999 -9999 -9999 -9999 -9999 -9999 -9999 -9999 -9999 -9999 -9999 -9999 -9999 -9999 -9999 -9999 -9999 -9999 -9999 -9999 -9999 -9999 -9999 -9999 3.57649E-3 3.30981E-3 1.67095E-2 1.01226E-2 4.66696E-3 5.56829E-3 1.01265E-2 1.21345E-2 3.26532E-2 2.49272E-2 1.60934E-2 2.30958E-3 3.63242E-3 1.88601E-3 1.2894E-3 5.48257E-4 9.39181E-5 8.25489E-5 1.74623E-4 3.81323E-4 2.66917E-4 3.28535E-4 6.61353E-4 6.38477E-4 5.19819E-4 6.55206E-4 7.16846E-4 1.00474E-3 1.10649E-3 -9999 -9999 -9999 -9999 -9999 -9999 -9999 -9999 -9999 -9999 -9999 -9999 -9999
3.03975E-2 -9999 -9999 -9999 -9999 -9999 -9999 -9999 -9999 -9999 -9999 -9999 -9999 -9999 -9999 -9999 -9999 -9999 -9999 -9999 -9999 -9999 -9999 -9999 -9999 -9999 -9999 -9999 -9999 -9999 -9999 -9999 -9999 2.98413E-2 3.29362E-2 -9999 -9999 3.27011E-3 4.80496E-3 6.38891E-3 5.01813E-3 2.14439E-3 7.1207E-4 1.23569E-3 1.10454E-2 2.76396E-2 1.29648E-2 1.51909E-2 3.39632E-3 1.20236E-3 5.08662E-4 1.11411E-4 2.00201E-4 2.48932E-4 2.32855E-4 3.5066E-4 2.13366E-4 3.60993E-4 5.13422E-4 6.66363E-4 4.7836E-4 5.45132E-4 1.04349E-3 9.37001E-4 -9999 -9999 -9999 -9999 -9999 -9999 -9999 -9999 -9999 -9999 -9999 -9999 -9999 -9999
1.72062E-2 3.71097E-2 -9999 -9999 -9999 -9999 -9999 -9999 -9999 -9999 -9999 -9999 -9999 -9999 -9999 -9999 -9999 -9999 -9999 -9999 -9999 -9999 -9999 -9999 -9999 -9999 -9999 -9999 -9999 -9999 -9999 -9999 -9999 2.68391E-2 3.78795E-2 -9999 -9999 2.59903E-3 4.64538E-3 1.41341E-3 8.58369E-4 5.20524E-4 1.26767E-3 1.64801E-3 7.07075E-3 1.49333E-2 1.75372E-2 1.76675E-2 1.26223E-3 7.17835E-4 2.06948E-4 2.14381E-4 3.4605E-4 5.55892E-4 5.59526E-4 3.64533E-4 2.19412E-4 4.51022E-4 8.4815E-4 6.78801E-4 5.0517E-4 4.68551E-4 8.10597E-4 1.01448E-3 -9999 -9999 -9999 -9999 -9999 -9999 -9999 -9999 -9999 -9999 -9999 -9999 -9999 -9999
-9999 -9999 1.00841E-1 -9999 -9999 -9999 -9999 -9999 -9999 -9999 -9999 -9999 -9999 -9999 -9999 -9999 -9999 -9999 -9999 -9999 -9999 -9999 -9999 -9999 -9999 -9999 -9999 -9999 -9999 -9999 -9999 -9999 -9999 2.01145E-2 3.81102E-2 1.36046E-2 7.70974E-3 3.68251E-3 7.39495E-3 6.22194E-4 1.40342E-4 9.09389E-4 2.36139E-3 8.13475E-3 7.01488E-3 1.77274E-3 2.77252E-3 1.25905E-2 3.88015E-3 2.46588E-3 4.04513E-3 2.01373E-3 9.78373E-4 6.72071E-4 7.04244E-4 1.96711E-4 2.72408E-4 4.27414E-4 4.71107E-4 3.13804E-4 1.4398E-4 4.15864E-4 5.96546E-4 7.90099E-4 -9999 -9999 -9999 -9999 -9999 -9999 -9999 -9999 -9999 -9999 -9999 -9999 -9999 -9999
3.34661E-2 -9999 -9999 -9999 -9999 -9999 -9999 -9999 -9999 -9999 -9999 -9999 -9999 -9999 -9999 -9999 -9999 -9999 -9999 -9999 -9999 -9999 -9999 -9999 -9999 -9999 -9999 -9999 -9999 -9999 -9999 -9999 -9999 1.69662E-2 6.52685E-3 1.34234E-2 1.389E-2 9.82433E-3 3.65629E-3 8.79701E-4 3.2203E-4 1.30047E-3 2.10711E-3 3.12605E-3 3.19717E-3 4.96553E-4 9.98444E-4 7.23234E-3 2.4919E-3 1.52176E-3 1.6069E-3 1.13139E-3 4.81943E-4 2.45601E-4 2.2175E-4 8.07296E-5 1.65105E-4 1.5869E-4 2.67871E-4 3.85663E-4 1.79822E-4 3.68215E-4 5.077E-4 -9999 -9999 -9999 -9999 -9999 -9999 -9999 -9999 -9999 -9999 -9999 -9999 -9999 -9999 -9999
