ENM/Final_Models/M_1_F_qp_Set_1_NE/Gustavia_santanderiensis_Choco_median.asc
ncols         367
nrows         963
xllcorner     -78.6
yllcorner     0.65
cellsize      0.00833333333333323
NODATA_value  -9999
[rows 816 to 849 of 963, columns 156 to 233 of 367]
1.25011E-2 -9999 -9999 -9999 -9999 -9999 -9999 -9999 -9999 -9999 -9999 -9999 -9999 -9999 -9999 -9999 -9999 -9999 -9999 -9999 -9999 -9999 -9999 -9999 -9999 -9999 -9999 -9999 -9999 -9999 -9999 -9999 -9999 -9999 5.47271E-4 8.75556E-4 6.85573E-4 3.54947E-4 2.47958E-4 8.93095E-5 2.0788E-5 4.62466E-5 1.73073E-4 8.28552E-5 7.09724E-5 3.35815E-5 1.8832E-4 1.10308E-3 1.29955E-3 2.17361E-4 1.10123E-4 4.49947E-5 1.85563E-5 1.10278E-5 1.95695E-5 1.58657E-5 1.87335E-5 9.4158E-6 2.47866E-5 8.05519E-5 4.3058E-5 9.33347E-5 7.71081E-5 7.2033E-5 -9999 -9999 -9999 -9999 -9999 -9999 -9999 -9999 -9999 -9999 -9999 -9999 -9999 -9999
-9999 -9999 -9999 -9999 -9999 -9999 -9999 -9999 -9999 -9999 -9999 -9999 -9999 -9999 -9999 -9999 -9999 -9999 -9999 -9999 -9999 -9999 -9999 -9999 -9999 -9999 -9999 -9999 -9999 -9999 -9999 -9999 5.24021E-3 7.48984E-4 2.68179E-3 1.3969E-3 4.65408E-4 3.87036E-4 2.40918E-4 4.18477E-5 1.21856E-5 1.2372E-5 5.33274E-5 2.78874E-5 1.22496E-5 8.82697E-5 4.81884E-5 2.26345E-4 5.76734E-4 2.68077E-4 1.11869E-4 3.66171E-5 4.37462E-6 3.85525E-6 1.45953E-5 5.01295E-5 8.0898E-5 5.88562E-5 2.73009E-5 3.48582E-5 7.96409E-5 4.22702E-5 7.66762E-5 -9999 -9999 -9999 -9999 -9999 -9999 -9999 -9999 -9999 -9999 -9999 -9999 -9999 -9999 -9999
-9999 -9999 -9999 -9999 -9999 -9999 -9999 -9999 -9999 -9999 -9999 -9999 -9999 4.03486E-3 5.17139E-3 3.60216E-3 -9999 -9999 -9999 -9999 -9999 -9999 -9999 -9999 -9999 -9999 -9999 -9999 -9999 -9999 -9999 -9999 -9999 -9999 2.584E-3 6.10286E-4 2.14362E-4 1.05057E-4 7.11991E-5 2.18418E-5 2.1242E-5 1.60963E-5 1.0737E-5 1.02721E-5 2.22786E-5 6.11641E-5 1.10228E-4 3.9406E-5 4.91715E-4 5.33981E-4 2.8898E-4 1.45596E-4 2.17235E-5 3.84753E-5 2.51488E-5 2.58881E-5 4.7813E-5 3.11527E-5 2.86319E-5 4.91652E-5 6.65944E-5 1.5719E-4 6.69532E-5 -9999 -9999 -9999 -9999 -9999 -9999 -9999 -9999 -9999 -9999 -9999 -9999 -9999 -9999 -9999
-9999 -9999 -9999 -9999 -9999 -9999 -9999 -9999 -9999 -9999 -9999 -9999 4.5094E-3 3.4036E-3 6.70974E-3 3.02892E-3 2.45731E-3 -9999 -9999 -9999 -9999 -9999 -9999 -9999 -9999 -9999 -9999 -9999 -9999 -9999 -9999 -9999 -9999 -9999 5.3222E-4 5.59775E-4 1.07614E-4 3.93036E-5 4.114E-5 6.02758E-5 4.64194E-5 1.50707E-5 6.80838E-6 9.74109E-6 1.23961E-5 2.83206E-5 7.10223E-5 4.39887E-5 8.57254E-5 6.47439E-4 2.24426E-4 2.95194E-4 2.55782E-4 4.52844E-4 2.09413E-4 2.90639E-4 1.88757E-4 1.29036E-4 1.10198E-5 4.5632E-5 4.66597E-5 8.82784E-5 2.97979E-5 -9999 -9999 -9999 -9999 -9999 -9999 -9999 -9999 -9999 -9999 -9999 -9999 -9999 -9999 -9999
-9999 -9999 -9999 -9999 -9999 -9999 -9999 -9999 -9999 -9999 -9999 2.89935E-3 5.50027E-3 3.14099E-3 6.72725E-3 5.93585E-3 4.94322E-3 7.64956E-3 -9999 1.10031E-2 1.93745E-2 -9999 -9999 -9999 -9999 -9999 -9999 -9999 -9999 -9999 -9999 -9999 -9999 2.57548E-3 4.97E-4 9.37912E-4 1.50447E-4 4.46439E-5 3.3408E-5 7.6759E-5 1.1281E-4 1.87491E-5 1.02917E-5 8.39759E-6 4.71436E-6 5.87055E-6 6.45712E-6 1.03569E-5 1.53741E-4 1.24277E-4 1.01613E-4 3.08141E-4 1.82002E-4 3.96371E-5 1.30952E-4 7.80903E-5 2.99779E-5 9.25928E-5 1.3321E-4 1.19881E-4 3.25886E-5 3.48425E-5 1.0227E-4 -9999 -9999 -9999 -9999 -9999 -9999 -9999 -9999 -9999 -9999 -9999 -9999 -9999 -9999 -9999
-9999 -9999 -9999 -9999 -9999 -9999 -9999 -9999 -9999 -9999 -9999 -9999 3.71467E-3 3.56963E-3 7.90556E-3 4.87319E-3 4.19778E-3 4.9633E-3 4.00546E-3 6.57427E-3 2.20447E-2 -9999 -9999 -9999 -9999 -9999 -9999 -9999 -9999 -9999 1.06672E-2 1.46345E-2 1.12426E-2 3.96067E-3 7.52863E-4 6.21301E-4 5.33663E-4 1.23332E-4 1.25758E-4 1.17476E-4 5.12551E-5 2.42443E-5 1.02388E-5 1.29264E-5 1.35626E-5 5.3007E-5 2.86461E-5 7.93383E-6 3.13774E-5 4.44757E-5 2.96697E-5 1.29311E-4 2.17197E-4 5.01567E-5 4.05516E-5 6.99681E-5 2.86541E-5 5.96996E-5 6.88466E-5 3.93308E-5 3.51562E-5 2.73167E-5 1.75167E-5 -9999 -9999 -9999 -9999 -9999 -9999 -9999 -9999 -9999 -9999 -9999 -9999 -9999 -9999 -9999
-9999 -9999 -9999 -9999 -9999 -9999 -9999 -9999 -9999 -9999 -9999 7.10484E-3 1.09429E-2 -9999 -9999 3.90465E-3 6.36854E-3 3.21804E-3 5.68166E-3 1.39539E-2 -9999 -9999 -9999 -9999 -9999 -9999 -9999 -9999 -9999 -9999 -9999 -9999 -9999 -9999 -9999 -9999 2.15766E-4 1.53107E-4 1.07527E-4 2.22613E-4 1.17356E-4 6.12457E-5 2.28555E-5 1.28669E-5 8.82126E-6 8.56527E-5 1.03621E-4 5.71043E-6 1.48174E-5 1.90655E-5 1.08358E-5 1.69785E-5 7.68552E-5 6.15714E-5 2.35691E-5 5.77242E-5 4.28732E-5 2.72406E-5 4.37211E-5 2.27679E-5 6.50497E-6 1.10291E-5 2.43055E-5 -9999 -9999 -9999 -9999 -9999 -9999 -9999 -9999 -9999 -9999 -9999 -9999 -9999 -9999 -9999
-9999 -9999 -9999 -9999 -9999 -9999 -9999 -9999 -9999 -9999 -9999 -9999 -9999 -9999 -9999 3.47482E-3 3.73906E-3 2.79455E-3 7.59832E-3 1.46431E-2 -9999 -9999 -9999 -9999 -9999 -9999 -9999 -9999 -9999 -9999 -9999 -9999 -9999 -9999 -9999 -9999 -9999 4.27029E-4 3.1157E-4 4.93193E-4 8.43769E-5 2.28727E-5 1.79077E-5 1.88305E-5 6.02554E-5 6.00323E-5 3.44704E-5 1.52918E-5 2.34015E-5 3.67979E-5 2.04649E-5 3.09859E-5 1.68131E-5 4.65753E-5 2.20217E-5 3.31653E-5 6.4439E-5 3.9644E-5 5.01879E-5 1.88811E-5 5.25581E-5 5.95864E-5 1.07729E-4 9.42457E-5 -9999 -9999 -9999 -9999 -9999 -9999 -9999 -9999 -9999 -9999 -9999 -9999 -9999 -9999
-9999 -9999 -9999 -9999 -9999 -9999 -9999 -9999 -9999 -9999 -9999 -9999 -9999 -9999 -9999 3.22261E-3 2.96113E-3 3.13973E-3 1.01109E-2 2.78698E-2 -9999 -9999 -9999 -9999 -9999 -9999 -9999 -9999 9.60228E-3 1.60565E-2 1.66366E-2 -9999 -9999 -9999 5.7825E-4 5.6958E-4 1.82603E-3 1.91508E-3 1.55077E-3 3.26724E-4 1.77827E-4 7.37101E-5 3.09321E-5 9.42686E-6 2.18803E-5 1.78357E-5 4.03969E-6 1.92435E-5 3.2072E-5 6.42286E-5 5.03194E-5 2.76554E-5 2.67782E-5 2.73909E-5 3.61413E-5 9.72732E-6 2.60013E-5 2.25775E-5 2.68545E-5 1.88197E-5 3.23117E-5 1.82373E-4 1.50914E-4 1.20521E-4 -9999 -9999 -9999 -9999 -9999 -9999 -9999 -9999 -9999 -9999 -9999 -9999 -9999 -9999
-9999 -9999 -9999 -9999 -9999 -9999 -9999 -9999 -9999 -9999 -9999 -9999 -9999 -9999 1.05349E-2 5.06241E-3 5.46431E-3 4.75522E-3 8.02117E-3 2.37607E-2 -9999 -9999 -9999 -9999 -9999 -9999 -9999 -9999 1.02125E-2 7.35234E-3 3.80794E-3 1.32847E-3 5.24518E-4 4.36772E-5 4.03878E-5 4.6618E-4 2.91373E-4 8.49577E-4 7.81884E-4 3.3365E-4 2.21727E-4 4.17523E-4 2.47037E-4 5.6416E-5 1.8026E-5 7.69771E-6 7.82542E-6 1.68929E-5 1.04405E-4 1.41589E-4 4.13908E-5 1.46517E-5 3.32909E-5 1.97381E-5 3.07649E-5 2.34077E-5 1.22766E-5 1.56035E-5 2.53349E-5 7.79259E-5 4.98379E-5 3.99957E-5 7.73805E-5 1.22721E-4 -9999 -9999 -9999 -9999 -9999 -9999 -9999 -9999 -9999 -9999 -9999 -9999 -9999 -9999
-9999 -9999 -9999 -9999 -9999 -9999 -9999 -9999 -9999 -9999 -9999 -9999 -9999 6.72424E-3 5.48201E-3 4.25679E-3 5.26403E-3 7.1786E-3 6.59602E-3 1.13123E-2 -9999 -9999 -9999 -9999 -9999 -9999 -9999 -9999 2.70058E-3 1.7327E-3 1.04035E-3 9.35375E-4 2.77795E-4 1.31748E-4 5.61661E-5 2.42767E-4 5.20028E-5 1.10751E-4 3.38659E-4 1.65122E-4 1.37247E-4 7.10945E-5 3.08661E-5 4.95096E-5 4.37264E-5 5.16786E-5 1.77928E-5 1.25128E-5 4.6257E-5 1.08577E-4 5.64435E-5 3.023E-5 3.28501E-5 3.59745E-5 2.91712E-5 1.85249E-5 2.43909E-5 2.05285E-5 2.5456E-5 9.65745E-5 1.0074E-4 1.22765E-4 1.88672E-4 2.32821E-4 -9999 -9999 -9999 -9999 -9999 -9999 -9999 -9999 -9999 -9999 -9999 -9999 -9999 -9999
-9999 -9999 -9999 -9999 -9999 -9999 -9999 -9999 -9999 -9999 -9999 -9999 -9999 -9999 -9999 3.76611E-3 6.11577E-3 4.15178E-3 5.73258E-3 1.23141E-2 -9999 -9999 -9999 -9999 -9999 -9999 -9999 -9999 2.21678E-3 7.74822E-4 3.47052E-4 1.92847E-4 6.66825E-5 3.96684E-5 4.19224E-5 2.95257E-4 7.88954E-5 5.76353E-5 1.74964E-4 1.40356E-4 1.05356E-4 2.65138E-4 1.97689E-5 1.82719E-5 1.73991E-5 3.15123E-5 4.0875E-5 5.75041E-5 1.01909E-5 1.13163E-4 8.71643E-5 6.05121E-5 3.08179E-5 4.27547E-5 3.48043E-5 4.30154E-5 8.43254E-5 1.04041E-4 3.81037E-5 1.19395E-4 6.68275E-5 2.4645E-4 2.17713E-4 2.40265E-4 -9999 -9999 -9999 -9999 -9999 -9999 -9999 -9999 -9999 -9999 -9999 -9999 -9999 -9999
-9999 -9999 -9999 -9999 -9999 -9999 -9999 -9999 -9999 -9999 -9999 -9999 -9999 -9999 -9999 -9999 2.04808E-3 2.59264E-3 5.42381E-3 9.38384E-3 -9999 -9999 8.53777E-3 -9999 -9999 -9999 -9999 -9999 3.55698E-3 5.01198E-4 8.50111E-5 5.16376E-5 2.9431E-5 2.72934E-5 6.10965E-5 1.0656E-4 5.60327E-5 1.7253E-5 3.78379E-5 1.42282E-4 5.79731E-5 2.05145E-5 4.46591E-5 1.41606E-5 2.63636E-5 5.3109E-6 5.00819E-5 3.332E-5 4.13699E-5 2.24344E-4 1.37117E-4 7.47848E-5 1.15221E-5 2.00847E-5 6.52708E-5 1.4785E-5 3.19494E-5 7.19216E-5 1.44499E-4 9.71033E-5 1.37343E-4 1.24597E-4 1.46902E-4 -9999 -9999 -9999 -9999 -9999 -9999 -9999 -9999 -9999 -9999 -9999 -9999 -9999 -9999 -9999
-9999 -9999 -9999 -9999 -9999 -9999 -9999 -9999 -9999 -9999 -9999 -9999 -9999 -9999 -9999 -9999 -9999 1.90252E-3 4.16109E-3 7.74131E-3 -9999 -9999 1.29266E-2 -9999 -9999 -9999 -9999 3.32859E-3 3.77554E-3 9.73926E-4 1.79029E-4 3.11536E-5 1.7145E-5 3.0008E-5 6.03819E-5 3.71967E-5 4.50022E-5 1.98269E-5 2.68037E-5 1.27815E-4 4.87957E-5 9.76673E-6 6.87863E-6 9.31061E-6 1.13836E-4 6.13262E-5 4.10533E-5 1.80325E-5 3.41985E-5 5.4772E-5 1.32786E-4 1.30435E-4 2.92721E-5 1.12991E-5 2.98142E-5 2.81785E-5 6.59364E-5 1.53628E-4 1.93479E-4 1.5523E-4 1.83969E-4 1.46467E-4 -9999 -9999 -9999 -9999 -9999 -9999 -9999 -9999 -9999 -9999 -9999 -9999 -9999 -9999 -9999 -9999
-9999 -9999 -9999 -9999 -9999 -9999 -9999 -9999 -9999 -9999 -9999 -9999 -9999 -9999 1.22755E-2 -9999 -9999 2.61522E-3 2.01783E-3 4.91124E-3 -9999 -9999 -9999 -9999 -9999 1.27895E-3 1.25663E-3 3.04681E-3 1.20562E-3 3.93965E-4 7.12385E-5 2.93458E-5 3.65557E-5 2.66216E-5 4.30774E-5 4.21263E-5 4.04599E-5 3.42824E-5 3.07601E-5 7.08885E-5 1.25861E-5 1.30127E-5 5.14483E-5 3.18474E-5 1.58055E-4 1.33524E-4 6.24762E-5 2.68941E-5 4.0177E-5 2.45243E-5 7.79956E-5 1.26924E-4 3.78702E-5 1.15181E-5 6.9941E-5 3.37179E-5 1.20369E-4 3.00406E-4 2.22894E-4 2.8405E-4 1.95597E-4 1.67396E-4 -9999 -9999 -9999 -9999 -9999 -9999 -9999 -9999 -9999 -9999 -9999 -9999 -9999 -9999 -9999 -9999
-9999 -9999 -9999 -9999 -9999 -9999 -9999 -9999 -9999 1.41654E-2 2.34066E-2 -9999 -9999 9.23622E-3 1.29107E-2 -9999 -9999 4.5231E-3 2.64176E-3 1.2299E-2 4.40475E-3 -9999 -9999 2.74398E-3 6.06446E-4 4.77208E-4 6.3273E-4 4.53291E-4 2.49751E-4 6.00715E-5 1.21325E-4 4.65979E-5 3.36827E-5 1.88127E-5 4.86375E-5 5.36419E-5 2.85642E-5 3.54746E-5 3.5335E-5 8.89946E-5 5.22453E-5 1.81404E-5 6.71043E-5 1.73725E-4 3.32273E-4 7.86884E-5 3.32592E-5 2.50612E-5 6.33172E-5 7.23358E-5 4.76185E-5 8.04308E-5 6.63286E-5 2.03229E-5 1.12543E-4 1.63295E-4 5.2418E-5 9.90015E-5 1.40209E-4 2.49421E-4 3.19506E-4 1.65802E-4 -9999 -9999 -9999 -9999 -9999 -9999 -9999 -9999 -9999 -9999 -9999 -9999 -9999 -9999 -9999 -9999
-9999 -9999 -9999 -9999 -9999 -9999 -9999 -9999 -9999 1.1691E-2 1.18143E-2 -9999 -9999 7.91673E-3 1.4225E-2 -9999 -9999 4.31032E-3 3.20357E-3 6.17424E-3 5.45544E-3 -9999 -9999 1.52315E-3 3.49543E-4 2.5263E-4 9.0196E-5 9.94134E-5 1.97868E-4 1.52444E-4 9.97019E-5 5.19219E-5 1.65086E-5 1.45982E-5 3.62397E-5 2.35175E-5 2.49345E-5 7.63435E-5 1.02466E-4 9.2871E-5 6.21847E-5 2.15046E-5 3.40209E-5 2.15119E-4 1.73074E-4 6.85576E-5 2.2152E-5 1.85311E-5 5.93441E-5 7.38958E-5 5.30148E-5 7.16943E-5 6.90266E-5 6.97571E-5 1.77226E-4 3.37979E-4 1.65088E-4 2.33372E-4 1.68946E-4 3.18991E-4 2.90827E-4 5.85847E-4 -9999 -9999 -9999 -9999 -9999 -9999 -9999 -9999 -9999 -9999 -9999 -9999 -9999 -9999 -9999 -9999
-9999 -9999 -9999 -9999 -9999 -9999 -9999 -9999 -9999 1.27307E-2 8.89957E-3 -9999 -9999 9.70785E-3 1.10535E-2 -9999 -9999 3.86839E-3 1.3368E-2 2.06348E-2 7.85751E-3 -9999 -9999 3.0981E-4 1.30728E-4 1.26432E-4 1.13916E-4 2.69837E-4 1.35184E-4 5.00037E-5 2.63125E-5 2.1267E-5 1.6418E-5 1.05628E-5 2.57375E-5 2.27964E-5 7.91595E-6 3.92565E-5 5.09667E-5 2.04481E-4 1.91814E-4 8.35509E-5 8.92712E-5 2.36756E-4 1.33862E-4 9.27236E-5 6.5997E-5 4.33864E-5 7.64704E-5 4.52879E-5 6.53104E-5 1.39641E-4 1.96998E-4 7.56926E-5 1.33145E-4 1.32208E-4 2.03795E-4 1.80848E-4 3.18889E-4 2.21916E-4 4.27996E-4 -9999 -9999 -9999 -9999 -9999 -9999 -9999 -9999 -9999 -9999 -9999 -9999 -9999 -9999 -9999 -9999 -9999
-9999 -9999 -9999 -9999 -9999 -9999 -9999 -9999 2.45753E-3 3.96455E-3 7.1103E-3 -9999 -9999 6.66231E-3 8.70499E-3 4.05306E-3 2.39215E-3 4.59296E-3 8.36925E-3 1.72849E-2 9.21143E-3 -9999 3.6268E-3 3.19078E-4 2.32701E-4 4.77082E-4 3.72275E-4 1.27986E-4 4.54497E-5 1.64112E-5 1.38012E-5 2.39908E-5 1.99286E-5 1.38919E-5 1.75083E-5 2.90835E-5 1.18925E-5 2.74481E-5 4.50955E-5 1.35841E-4 2.64922E-4 3.13886E-4 1.45162E-4 1.62241E-4 3.20062E-4 2.93518E-4 1.45251E-4 9.56954E-5 5.06402E-5 4.53484E-5 6.93426E-5 2.25406E-4 4.04975E-4 1.43845E-4 1.33988E-4 2.70438E-4 3.01497E-4 2.52983E-4 2.56137E-4 5.34856E-4 5.2889E-4 -9999 -9999 -9999 -9999 -9999 -9999 -9999 -9999 -9999 -9999 -9999 -9999 -9999 -9999 -9999 -9999 -9999
-9999 -9999 -9999 -9999 -9999 -9999 -9999 -9999 4.31313E-3 1.40019E-3 2.66383E-3 4.97122E-3 -9999 5.70275E-3 3.91399E-3 5.59815E-3 3.2941E-3 9.61079E-3 1.1576E-2 2.01182E-2 7.07281E-3 6.75961E-3 4.1007E-3 1.29603E-3 6.35038E-4 2.20787E-4 9.43673E-5 5.38209E-5 2.58436E-5 1.19324E-5 1.99638E-5 4.13875E-5 3.52431E-5 2.64612E-5 3.64088E-5 5.86475E-5 4.30065E-5 9.25139E-5 7.70079E-5 2.08663E-4 1.40458E-4 1.73068E-4 9.39352E-5 1.5846E-4 4.56813E-4 5.42231E-4 2.70833E-4 1.0858E-4 8.40596E-5 1.51573E-4 2.30311E-4 2.36459E-4 3.88883E-4 3.39547E-4 1.80201E-4 3.3514E-4 4.59102E-4 4.8699E-4 4.97378E-4 4.49499E-4 4.34874E-4 -9999 -9999 -9999 -9999 -9999 -9999 -9999 -9999 -9999 -9999 -9999 -9999 -9999 -9999 -9999 -9999 -9999
-9999 -9999 -9999 -9999 -9999 1.00103E-2 1.18541E-2 9.27199E-3 4.83324E-3 1.27371E-3 1.31091E-3 2.08146E-3 2.402E-3 2.95588E-3 2.78086E-3 2.51311E-3 1.04581E-2 9.33838E-3 1.07487E-2 2.09096E-2 8.91599E-3 7.73946E-3 4.28105E-3 1.40161E-3 2.80983E-4 2.33766E-4 1.0515E-4 1.64281E-5 2.02394E-5 1.55996E-5 1.44902E-5 2.087E-5 1.8421E-5 1.9944E-5 4.31531E-5 4.15915E-5 6.37642E-5 2.21229E-5 2.7197E-5 7.67474E-5 7.47477E-5 4.95004E-5 6.03003E-5 2.52077E-4 3.84407E-4 1.75369E-4 1.86405E-4 1.11349E-4 2.04859E-4 4.3122E-4 4.88679E-4 2.36296E-4 4.53195E-4 5.3691E-4 4.00538E-4 6.15074E-4 5.31477E-4 5.24997E-4 4.811E-4 4.41229E-4 3.84107E-4 -9999 -9999 -9999 -9999 -9999 -9999 -9999 -9999 -9999 -9999 -9999 -9999 -9999 -9999 -9999 -9999 -9999
-9999 -9999 -9999 -9999 -9999 2.67293E-2 2.17417E-2 2.21398E-2 2.24949E-2 7.58445E-3 -9999 1.98819E-3 2.63779E-3 4.507E-3 3.95936E-3 8.31883E-3 4.85497E-3 8.33772E-3 9.72814E-3 1.77099E-2 1.16209E-2 5.4793E-3 1.04564E-3 6.86194E-4 2.20609E-4 2.11837E-4 3.07398E-4 4.85544E-5 2.3859E-5 1.50272E-5 2.40461E-5 2.01875E-5 3.61174E-5 1.30304E-5 2.07709E-5 3.83161E-5 2.39881E-5 1.76305E-5 4.31265E-5 4.92829E-5 1.94739E-5 3.57735E-5 7.40687E-5 1.96448E-4 1.23443E-4 1.26605E-4 2.06321E-4 2.45239E-4 2.62902E-4 6.09983E-4 6.98067E-4 4.94093E-4 5.82356E-4 4.75161E-4 5.48858E-4 6.30733E-4 4.10016E-4 3.11448E-4 4.38256E-4 3.17837E-4 3.24459E-4 -9999 -9999 -9999 -9999 -9999 -9999 -9999 -9999 -9999 -9999 -9999 -9999 -9999 -9999 -9999 -9999 -9999
-9999 -9999 -9999 -9999 -9999 -9999 2.5605E-2 3.36109E-2 -9999 -9999 -9999 3.19287E-3 -9999 -9999 7.30541E-3 9.40419E-3 6.92362E-3 -9999 -9999 -9999 1.25942E-2 1.77239E-3 5.14266E-4 4.9173E-4 2.61524E-4 4.42229E-4 1.88513E-4 1.6856E-4 2.6096E-5 2.86038E-5 2.49874E-5 3.88614E-5 3.21041E-5 1.79049E-5 1.52919E-5 1.08976E-5 1.26788E-5 1.94975E-5 5.51241E-5 1.75577E-5 1.78406E-5 3.52212E-5 7.54413E-5 9.4458E-5 8.80877E-5 1.51323E-4 3.82234E-4 3.21006E-4 4.1607E-4 6.0845E-4 5.33515E-4 4.4736E-4 5.25006E-4 6.28453E-4 6.60667E-4 -9999 -9999 -9999 3.46302E-4 4.53096E-4 2.64414E-4 -9999 -9999 -9999 -9999 -9999 -9999 -9999 -9999 -9999 -9999 -9999 -9999 -9999 -9999 -9999 -9999 -9999
-9999 -9999 -9999 -9999 -9999 -9999 -9999 -9999 -9999 -9999 -9999 -9999 -9999 -9999 -9999 -9999 -9999 -9999 -9999 -9999 6.1682E-3 4.01877E-3 1.03793E-3 1.87467E-3 1.42262E-3 6.98627E-4 2.86874E-4 4.02513E-4 1.13329E-4 3.91821E-4 1.98745E-4 1.74841E-4 3.51636E-5 1.76203E-5 1.55298E-5 1.07406E-5 1.83369E-5 1.00584E-5 1.46277E-5 1.6465E-5 3.53475E-5 2.13372E-5 2.59131E-5 6.09482E-5 7.92876E-5 2.1507E-4 5.11819E-4 3.24412E-4 5.10636E-4 6.703E-4 5.24982E-4 3.19709E-4 4.03321E-4 5.34119E-4 -9999 -9999 -9999 -9999 3.1792E-4 1.63962E-4 6.0655E-5 -9999 -9999 -9999 -9999 -9999 -9999 -9999 -9999 -9999 -9999 -9999 -9999 -9999 -9999 -9999 -9999 -9999
-9999 -9999 -9999 -9999 -9999 -9999 -9999 -9999 -9999 -9999 -9999 -9999 -9999 -9999 -9999 -9999 -9999 -9999 -9999 -9999 6.92826E-3 5.35007E-3 4.61858E-3 1.38007E-3 2.56061E-3 8.64183E-4 4.82584E-4 4.44427E-4 6.88602E-4 5.59378E-4 2.63953E-4 2.05774E-4 1.02857E-4 4.1056E-5 1.65528E-5 9.97222E-6 9.85108E-6 1.88205E-5 4.07995E-5 1.80938E-5 1.89136E-5 5.061E-5 2.25079E-5 5.05954E-5 8.98124E-5 2.38153E-4 3.44981E-4 4.88729E-4 5.37015E-4 5.63868E-4 5.86495E-4 -9999 -9999 -9999 -9999 -9999 -9999 8.88002E-5 5.04679E-5 7.9438E-5 7.97159E-5 -9999 -9999 -9999 -9999 -9999 -9999 -9999 -9999 -9999 -9999 -9999 -9999 -9999 -9999 -9999 -9999 -9999
-9999 -9999 -9999 -9999 -9999 -9999 -9999 -9999 -9999 -9999 -9999 -9999 -9999 -9999 -9999 -9999 -9999 4.66831E-3 6.78077E-3 1.4402E-2 4.02281E-3 2.15367E-3 3.48595E-3 1.82968E-3 1.13336E-3 6.2225E-4 4.2175E-4 1.04042E-3 8.42978E-4 1.68382E-4 1.91656E-5 4.9259E-5 9.86173E-5 6.04467E-5 3.42018E-5 2.34267E-5 2.07259E-5 1.00257E-5 8.40912E-6 1.3136E-5 3.43229E-5 1.05378E-4 3.65879E-5 8.12785E-5 9.6931E-5 1.79229E-4 5.23393E-4 5.4131E-4 5.94135E-4 6.91884E-4 5.8626E-4 -9999 -9999 -9999 2.54174E-4 3.35631E-4 2.63445E-4 1.76047E-4 8.79578E-5 8.78452E-5 1.39035E-4 -9999 -9999 -9999 -9999 -9999 -9999 -9999 -9999 -9999 -9999 -9999 -9999 -9999 -9999 -9999 -9999 -9999
-9999 -9999 -9999 -9999 -9999 -9999 -9999 -9999 -9999 -9999 -9999 -9999 -9999 -9999 -9999 8.07775E-3 5.19104E-3 3.2263E-3 6.65969E-3 2.22244E-2 1.55439E-2 9.47514E-3 2.74491E-3 1.8102E-3 1.05908E-3 1.44338E-3 1.12453E-3 2.88232E-4 2.50276E-4 7.13768E-5 1.37831E-5 3.85495E-6 1.59601E-5 3.46444E-5 1.89291E-5 1.28959E-5 4.2561E-6 7.05132E-6 6.25724E-6 1.6808E-5 3.0792E-5 1.06112E-4 9.68807E-5 1.27637E-4 1.64337E-4 2.98381E-4 5.59575E-4 5.37089E-4 7.02089E-4 3.10188E-4 4.35394E-4 -9999 -9999 3.53829E-4 2.52303E-4 4.42096E-4 4.06632E-4 3.76688E-4 3.75025E-4 1.81327E-4 2.72055E-4 -9999 -9999 -9999 -9999 -9999 -9999 -9999 -9999 -9999 -9999 -9999 -9999 -9999 -9999 -9999 -9999 -9999
-9999 -9999 -9999 -9999 -9999 -9999 -9999 -9999 -9999 -9999 -9999 -9999 -9999 -9999 7.57905E-3 2.53293E-3 1.82935E-3 2.14968E-3 2.44488E-3 6.60375E-3 6.61437E-3 7.10643E-3 2.4579E-3 1.92577E-3 4.87024E-3 5.85946E-4 1.27787E-4 9.92857E-5 5.3254E-5 6.60437E-5 1.12061E-5 1.2382E-5 1.51431E-5 1.48668E-5 1.36139E-5 1.31498E-5 6.4609E-5 4.76095E-5 1.02611E-5 1.21785E-5 5.40697E-5 6.05558E-5 1.47138E-4 1.75822E-4 3.06761E-4 4.21226E-4 3.6255E-4 5.64082E-4 7.82763E-4 -9999 -9999 -9999 -9999 2.96052E-4 2.74827E-4 5.89148E-4 2.07751E-4 2.92638E-4 4.06297E-4 2.28255E-4 1.59397E-4 -9999 -9999 -9999 -9999 -9999 -9999 -9999 -9999 -9999 -9999 -9999 -9999 -9999 -9999 -9999 -9999 -9999
-9999 -9999 -9999 -9999 -9999 -9999 -9999 -9999 -9999 -9999 -9999 -9999 -9999 4.94965E-3 1.13492E-3 1.07461E-3 1.27913E-3 1.93741E-3 9.00971E-4 3.08235E-3 3.32227E-3 2.6241E-3 9.44087E-3 7.68965E-3 2.6221E-3 1.24474E-4 5.6517E-5 9.15337E-5 4.23432E-5 1.72737E-5 2.2205E-5 1.70909E-5 1.84396E-5 1.29946E-5 1.18079E-5 5.47024E-5 8.55799E-5 2.48568E-5 1.16015E-5 2.10801E-5 4.34763E-5 8.60092E-5 7.70156E-5 1.41116E-4 3.76724E-4 2.43665E-4 2.01561E-4 4.31765E-4 6.39024E-4 -9999 -9999 -9999 -9999 1.81055E-4 2.68553E-4 2.2746E-4 2.40039E-5 4.35878E-5 1.35827E-4 4.17995E-4 4.67342E-4 7.38101E-4 -9999 -9999 -9999 -9999 -9999 -9999 -9999 -9999 -9999 -9999 -9999 -9999 -9999 -9999 -9999 -9999
-9999 -9999 -9999 -9999 -9999 -9999 -9999 -9999 -9999 3.17652E-2 3.44647E-2 -9999 -9999 4.73154E-3 4.26744E-4 3.94777E-4 6.46076E-4 1.08266E-3 1.07187E-3 1.48278E-3 3.0005E-4 6.25499E-4 2.0547E-3 1.48052E-3 1.14059E-3 1.78775E-4 4.21923E-5 3.60849E-5 2.75625E-5 2.05118E-5 2.73934E-5 2.5253E-5 1.39441E-5 1.39888E-5 1.77928E-5 5.76553E-5 5.22209E-5 1.83353E-5 2.13645E-5 2.37754E-5 1.67314E-5 2.96908E-5 1.10307E-4 1.15255E-4 1.69268E-4 1.94826E-4 3.04657E-4 7.21501E-4 5.84589E-4 -9999 -9999 -9999 -9999 -9999 -9999 1.85252E-4 1.21543E-4 9.22971E-5 9.77698E-5 1.9396E-4 4.5844E-4 5.67398E-4 -9999 -9999 -9999 -9999 -9999 -9999 -9999 -9999 -9999 -9999 -9999 -9999 -9999 -9999 -9999 -9999
-9999 -9999 -9999 -9999 -9999 -9999 -9999 -9999 1.92075E-2 2.75939E-2 3.06224E-2 -9999 -9999 2.21594E-3 5.91539E-4 5.67782E-4 7.18502E-4 1.43039E-3 1.19661E-3 9.56152E-4 2.74684E-4 5.39882E-4 1.66E-3 6.25711E-4 8.14982E-4 3.53056E-4 5.40327E-5 3.1702E-5 2.32932E-5 2.4781E-5 2.54392E-5 5.6257E-5 6.7614E-5 3.75167E-5 4.5995E-5 3.06983E-5 2.76426E-5 3.61523E-5 3.90169E-5 3.04067E-5 4.56217E-5 4.82126E-5 8.76946E-5 9.99717E-5 2.07119E-4 3.00713E-4 5.61144E-4 7.76251E-4 8.40794E-4 -9999 -9999 -9999 -9999 -9999 -9999 1.08074E-4 4.11705E-5 3.20956E-5 1.12465E-4 2.54716E-4 3.38062E-4 7.36409E-4 -9999 -9999 -9999 -9999 -9999 -9999 -9999 -9999 -9999 -9999 -9999 -9999 -9999 -9999 -9999 -9999
-9999 -9999 -9999 -9999 5.6274E-2 4.14665E-2 -9999 -9999 1.15241E-2 2.68195E-2 1.85764E-2 3.52031E-3 5.74275E-4 6.208E-4 4.80853E-4 1.39481E-4 6.29124E-4 1.42669E-3 1.5211E-3 6.41707E-4 3.21779E-4 6.43917E-4 1.04234E-3 2.12687E-4 9.10822E-5 1.87496E-4 7.63968E-5 2.32311E-5 2.37522E-5 2.08141E-5 5.68614E-5 1.44108E-4 1.45521E-4 1.43791E-4 6.70781E-5 4.06427E-5 5.34716E-5 1.09372E-4 7.67341E-5 6.62379E-5 6.17646E-5 6.07159E-5 1.63616E-4 1.65305E-4 2.15906E-4 3.11533E-4 5.13145E-4 7.39199E-4 5.91348E-4 7.42894E-4 4.77414E-4 5.04853E-4 -9999 -9999 -9999 8.9499E-5 3.69772E-5 6.89588E-5 1.27349E-4 2.11642E-4 3.10583E-4 5.04517E-4 7.79053E-4 -9999 -9999 -9999 -9999 -9999 -9999 -9999 -9999 -9999 -9999 -9999 -9999 -9999 -9999 -9999
1.77848E-2 -9999 -9999 3.83071E-2 5.91291E-2 4.59432E-2 -9999 -9999 1.16618E-2 1.85793E-2 6.71479E-3 1.87821E-3 4.1664E-4 2.26507E-4 3.1258E-4 1.36298E-4 2.15668E-4 4.48606E-4 2.59218E-4 2.46877E-4 1.50349E-4 6.79692E-4 4.97964E-4 8.95524E-5 3.42017E-5 9.07985E-5 2.05142E-4 3.75368E-5 3.35324E-5 3.88392E-5 1.72867E-4 3.99883E-4 2.4887E-4 1.10701E-4 4.83486E-5 5.31395E-5 4.41725E-5 4.88672E-5 8.09469E-5 5.40763E-5 7.96711E-5 5.73523E-5 1.05644E-4 1.22912E-4 2.35093E-4 3.7299E-4 6.52342E-4 6.39287E-4 6.23796E-4 7.54586E-4 6.68505E-4 6.33353E-4 5.89714E-4 -9999 -9999 1.08688E-4 2.36764E-5 1.93001E-5 2.90256E-5 1.2224E-4 1.94865E-4 3.61629E-4 8.68768E-4 -9999 -9999 -9999 -9999 -9999 -9999 -9999 -9999 -9999 -9999 -9999 -9999 -9999 -9999 -9999
7.85267E-3 3.05892E-3 1.40293E-2 2.69169E-2 4.97201E-2 3.01954E-2 -9999 1.06088E-2 9.02748E-3 2.91744E-3 1.32935E-3 2.47299E-4 1.44994E-4 1.48116E-4 2.39796E-4 1.84555E-4 1.14679E-4 2.19E-4 1.73543E-4 1.71141E-4 1.32403E-4 3.66067E-4 5.05906E-4 8.76794E-5 2.77283E-5 7.5966E-5 1.22963E-4 2.40032E-5 3.43868E-5 4.59405E-5 1.305E-4 1.54934E-4 1.22817E-4 6.10028E-5 4.4517E-5 4.90251E-5 6.49543E-5 4.59329E-5 1.03395E-4 1.49478E-4 1.1707E-4 6.18282E-5 9.76403E-5 1.11155E-4 1.93086E-4 3.19766E-4 3.93914E-4 2.74855E-4 4.27512E-4 4.90775E-4 8.66998E-4 6.43833E-4 6.18954E-4 -9999 -9999 8.5468E-5 4.02228E-5 1.92938E-5 2.22194E-5 1.71352E-5 9.42476E-5 2.35118E-4 9.29447E-4 -9999 -9999 -9999 -9999 -9999 -9999 -9999 -9999 -9999 -9999 -9999 -9999 -9999 -9999 -9999
