ENM/Final_Models/M_1_F_qp_Set_1_NE/Gustavia_santanderiensis_9_Choco_novel.asc
ncols         367
nrows         963
xllcorner     -78.6
yllcorner     0.65
cellsize      0.00833333333333323
NODATA_value  -9999
[rows 600 to 629 of 963, columns 136 to 203 of 367]
-9999 -9999 -9999 -9999 -9999 -9999 -9999 -9999 -9999 -9999 -9999 -9999 -9999 -9999 -9999 -9999 -9999 -9999 -9999 -9999 -9999 -9999 -9999 -9999 -9999 -9999 -9999 -9999 -9999 -9999 -9999 -9999 -9999 -9999 -9999 -9999 1.19749E-1 1.19749E-1 5.98743E-2 -5.02864E0 -2.01464E1 -3.16996E1 -3.1795E1 -3.42775E1 -3.84468E1 -3.68873E1 -3.00127E1 -3.66327E1 -3.15086E1 -1.62954E1 -1.60089E1 -1.60726E1 -8.84787E0 -5.21961E0 -8.62508E0 3.99162E-2 -8.65691E0 -5.63335E0 -3.05538E0 -1.35901E1 -5.15595E0 -1.27307E1 -6.68364E0 1.19749E-1 1.99581E-2 -5.01014E-1 1.99581E-2 1.99581E-1
-9999 -9999 -9999 -9999 -9999 -9999 -9999 -9999 -9999 -9999 -9999 -9999 -9999 -9999 -9999 -9999 -9999 -9999 -9999 -9999 -9999 -9999 -9999 -9999 -9999 -9999 -9999 -9999 -9999 -9999 -9999 -9999 -9999 -9999 -9999 -9999 1.19749E-1 1.19749E-1 3.99162E-2 -9999 -9999 -9999 -3.20815E1 -3.98472E1 -3.42139E1 -3.73966E1 -3.44048E1 -3.12222E1 -2.79122E1 -1.63908E1 -1.8746E1 -1.4895E1 -1.09803E1 -9.54806E-2 5.98743E-2 -2.16423E0 -6.3972E0 -3.11903E0 -1.87778E0 -1.05347E1 -1.16805E1 -1.62317E0 -7.95672E-1 1.19749E-1 1.19749E-1 6.98533E-1 1.99581E-2 3.99162E-2
-9999 -9999 -9999 -9999 -9999 -9999 -9999 -9999 -9999 -9999 -9999 -9999 -9999 -9999 -9999 -9999 -9999 -9999 -9999 -9999 -9999 -9999 -9999 -9999 -9999 -9999 -9999 -9999 -9999 -9999 -9999 -9999 -9999 -9999 -9999 -9999 1.19749E-1 1.19749E-1 -9999 -4.71698E0 -1.93396E1 -3.14449E1 -4.0993E1 -3.73966E1 -3.97836E1 -3.98154E1 -3.7874E1 -3.09039E1 -3.17314E1 -1.93826E1 -2.17377E1 -1.40038E1 -5.79249E0 -1.40038E0 3.99162E-2 -2.54615E0 -6.42903E0 -4.96499E0 -5.18778E0 -8.37046E0 -1.85869E1 -1.3049E0 -5.63335E0 1.99581E-2 1.99581E-1 7.98324E-2 1.19749E-1 -1.68046E1
-9999 -9999 -9999 -9999 -9999 -9999 -9999 -9999 -9999 -9999 -9999 -9999 -9999 -9999 -9999 -9999 -9999 -9999 -9999 -9999 -9999 -9999 -9999 -9999 -9999 -9999 -9999 -9999 -9999 -9999 -9999 -9999 -9999 1.79623E-1 1.99581E-1 1.19749E-1 -9999 -9999 -9999 -7.19287E0 -2.08784E1 -2.65436E1 -3.8415E1 -4.54488E1 -4.46213E1 -4.13749E1 -3.50095E1 -3.07129E1 -2.90579E1 -2.16741E1 -1.97645E1 -1.33673E1 -4.45576E0 -2.76894E0 -2.25971E0 1.99581E-2 -6.14258E0 -4.2648E0 -6.26989E0 -1.63272E1 -1.46722E1 -1.96372E1 -3.03947E1 -5.47422E0 7.98324E-2 1.19749E-1 1.19749E-1 1.19749E-1
-9999 -9999 -9999 -9999 -9999 -9999 -9999 -9999 -9999 -9999 -9999 -9999 -9999 -9999 -9999 -9999 -9999 -9999 -9999 -9999 -9999 -9999 -9999 -9999 -9999 -9999 -9999 -9999 -9999 -9999 -9999 -9999 -9999 -9999 1.99581E-1 1.99581E-1 -1.16805E1 -9.90566E0 -2.07547E1 -9.32527E0 -2.76575E1 -3.25589E1 -3.00764E1 -3.09675E1 -2.90898E1 -3.66645E1 -2.71165E1 -3.44685E1 -3.44685E1 -2.11012E1 -2.12922E1 -1.57861E1 -4.7422E0 -3.05538E0 -6.07893E0 -8.97517E0 -1.19351E1 -8.37046E0 -1.49586E0 -9.13431E0 -1.32081E1 -1.99236E1 -3.23361E1 1.99581E-2 -5.69701E0 -9.03883E0 -8.91152E0 2.19539E-1
-9999 -9999 -9999 -9999 -9999 -9999 -9999 -9999 -9999 -9999 -9999 -9999 -9999 -9999 -9999 -9999 -9999 -9999 -9999 -9999 -9999 -9999 -9999 -9999 -9999 -9999 -9999 -9999 -9999 -9999 -9999 -9999 -9999 1.19749E-1 -9999 -9.89815E0 -2.4443E1 -3.47231E1 -3.03628E1 -3.26225E1 -3.40229E1 -3.76194E1 -4.21069E1 -3.81922E1 -3.9338E1 -2.97899E1 -3.74284E1 -2.63845E1 -2.37747E1 -2.19287E1 -2.15786E1 -1.8746E1 -4.71038E0 3.99162E-2 -1.05347E1 -1.58816E1 -9.13431E0 -6.8746E0 -1.00891E1 -2.17696E1 -4.32845E0 -1.01528E1 -1.85232E1 1.99581E-2 5.98743E-2 7.98324E-2 1.99581E-2 3.99162E-2
-9999 -9999 -9999 -9999 -9999 -9999 -9999 -9999 -9999 -9999 -9999 -9999 -9999 -9999 -9999 -9999 -9999 -9999 -9999 -9999 -9999 -9999 -9999 -9999 -9999 -9999 -9999 -9999 -9999 -9999 -9999 -9999 -9999 1.79623E-1 -6.42903E0 -2.32654E1 -4.01973E1 -3.99109E1 -3.89243E1 -4.14067E1 -4.21388E1 -4.3571E1 -4.47486E1 -4.01018E1 -3.9147E1 -3.59325E1 -3.21133E1 -3.39593E1 -2.47295E1 -2.11012E1 -1.90643E1 -2.31063E1 -9.96181E0 -7.95672E0 -8.97517E0 -1.94144E1 -1.64545E1 -1.21897E1 -2.03692E1 -2.6098E1 -4.77403E0 3.99162E-2 1.99581E-2 -1.36792E1 1.99581E-2 3.99162E-2 -3.77358E0 -4.71698E-1
-9999 -9999 -9999 -9999 -9999 -9999 -9999 -9999 -9999 -9999 -9999 -9999 -9999 -9999 -9999 -9999 -9999 -9999 -9999 -9999 -9999 -9999 -9999 -9999 -9999 -9999 -9999 -9999 -9999 -9999 -9999 -9999 -9999 -1.71865E0 -1.80777E1 -3.04901E1 -3.5837E1 -4.25207E1 -4.32845E1 -4.58625E1 -4.91088E1 -5.21324E1 -4.85041E1 -5.19414E1 -5.15913E1 -4.11203E1 -3.87015E1 -3.34819E1 -2.46022E1 -2.14513E1 -1.99554E1 -1.6359E1 -1.57861E1 -1.08211E1 -1.29535E1 -2.43157E1 -2.1515E1 -1.53724E1 -2.10694E1 -1.96053E1 -1.08211E1 1.99581E-2 2.19539E-1 4.78994E-1 -7.54717E0 -2.33927E1 -2.82304E1 -2.12922E1
-9999 -9999 -9999 -9999 -9999 -9999 -9999 -9999 -9999 -9999 -9999 -9999 -9999 -9999 -9999 -9999 -9999 -9999 -9999 -9999 -9999 -9999 -9999 -9999 -9999 -9999 -9999 -9999 -9999 -9999 -9999 1.65652E0 -9999 -4.90134E0 -1.92234E1 -3.70465E1 -3.77148E1 -4.38256E1 -4.33482E1 -5.17505E1 -4.8345E1 -4.71038E1 -4.67218E1 -4.91407E1 -5.07957E1 -4.55761E1 -3.09675E1 -2.83896E1 -2.72756E1 -2.09739E1 -1.52769E1 -2.14195E1 -2.14513E1 -1.51814E1 -1.89688E1 -2.28835E1 -2.50477E1 -1.73138E1 -2.15468E1 -7.35201E0 -7.38383E0 5.98743E-2 7.98324E-2 1.99581E-2 -4.71698E0 -8.97517E0 -2.86442E0 2.79413E-1
-9999 -9999 -9999 -9999 -9999 -9999 -9999 -9999 -9999 -9999 -9999 -9999 -9999 -9999 -9999 -9999 -9999 -9999 -9999 -9999 -9999 -9999 -9999 -9999 -9999 -9999 -9999 -9999 -9999 -9999 3.99162E-1 3.99162E-1 1.79623E-1 -1.93507E1 -3.36728E1 -3.88924E1 -4.63081E1 -4.669E1 -4.23934E1 -4.77721E1 -5.46149E1 -5.11458E1 -4.4303E1 -4.40484E1 -4.47486E1 -3.77148E1 -2.99809E1 -2.84532E1 -1.91279E1 -2.58116E1 -2.48886E1 -1.98281E1 -2.54615E1 -1.87778E1 -1.36856E1 -1.52132E1 -1.84914E1 -7.35201E0 -6.60377E0 3.99162E-2 1.99581E-2 1.99581E-2 5.98743E-2 5.98743E-2 7.98324E-2 1.19749E-1 1.39707E-1 2.19539E-1
-9999 -9999 -9999 -9999 -9999 -9999 -9999 -9999 -9999 -9999 -9999 -9999 -9999 -9999 -9999 -9999 -9999 -9999 -9999 -9999 -9999 -9999 -9999 -9999 -9999 -9999 -9999 -9999 -9999 1.99581E-2 1.99581E-1 3.79204E-1 -9.80267E0 -2.80713E1 -4.18523E1 -4.30617E1 -4.74538E1 -4.97136E1 -4.9077E1 -5.3501E1 -5.31827E1 -5.11139E1 -4.5035E1 -3.5837E1 -3.39593E1 -2.90898E1 -2.1515E1 -2.29153E1 -1.71865E1 -2.25971E1 -2.46658E1 -2.21197E1 -1.90643E1 -1.4895E1 -1.88097E1 -1.92234E1 -1.73456E1 -9.90566E0 -7.73393E0 -7.07547E0 1.99581E-2 5.98743E-2 9.97904E-2 6.58617E-1 8.3824E-1 3.99162E-1 4.78994E-1 1.19749E-1
-9999 -9999 -9999 -9999 -9999 -9999 -9999 -9999 -9999 -9999 -9999 -9999 -9999 -9999 -9999 -9999 -9999 -9999 -9999 -9999 -9999 -9999 -9999 -9999 -9999 -9999 -9999 -9999 -9999 -1.45767E1 -1.64545E1 -2.7212E1 -2.72756E1 -3.92425E1 -4.47804E1 -5.2578E1 -5.20369E1 -4.99363E1 -4.54488E1 -4.94589E1 -4.75812E1 -3.98791E1 -3.51687E1 -3.38638E1 -3.0331E1 -2.21833E1 -2.13877E1 -1.46722E1 -8.87969E0 -1.33036E1 -1.56906E1 -1.53724E1 -1.21579E1 -9.29344E0 -9.38892E0 -1.38447E1 -1.03774E1 -1.03774E1 -1.53087E1 -1.32075E1 1.99581E-2 7.98324E-2 4.78994E-1 8.18282E-1 4.78994E-1 9.77946E-1 9.57988E-1 3.99162E-1
-9999 -9999 -9999 -9999 -9999 -9999 -9999 -9999 -9999 -9999 -9999 -9999 -9999 -9999 -9999 -9999 -9999 -9999 -9999 -9999 -9999 -9999 -9999 -9999 -9999 -9999 -9999 -9999 -9999 -3.48186E1 -4.01973E1 -3.78103E1 -4.41439E1 -4.45576E1 -4.96817E1 -4.54488E1 -5.03183E1 -5.33418E1 -4.23297E1 -5.0732E1 -4.6881E1 -3.49459E1 -3.59325E1 -3.67282E1 -2.76575E1 -2.01464E1 -1.19987E1 -1.16805E1 -7.54297E0 -4.39211E0 1.19749E-1 -2.45067E0 -3.53278E0 -5.82432E0 -9.54806E-1 -6.07893E0 -1.67409E1 -1.60407E1 -1.77276E1 -1.97963E1 1.99581E-2 1.79623E-1 5.1891E-1 9.77946E-1 1.79623E-1 8.18282E-1 1.5727E1 8.18282E-1
-9999 -9999 -9999 -9999 -9999 -9999 -9999 -9999 -9999 -9999 -9999 -9999 -9999 -9999 -9999 -9999 -9999 -9999 -9999 -9999 -9999 -9999 -9999 -9999 -9999 -9999 -9999 -9999 -9999 -4.94908E1 -5.00955E1 -4.18842E1 -3.84468E1 -4.22979E1 -4.86633E1 -4.69446E1 -4.91088E1 -4.71038E1 -4.32845E1 -4.6881E1 -4.66582E1 -3.10312E1 -3.5105E1 -3.4373E1 -1.92871E1 -2.08148E1 -1.22533E1 -4.42393E0 -2.76894E0 3.19329E-1 1.79623E-1 1.99581E-1 -8.91152E-1 -4.32845E0 3.99162E-2 -2.70528E0 -1.12349E1 -1.35264E1 -1.10757E1 -1.2508E1 -1.88679E0 1.19749E-1 3.19329E-1 7.38449E-1 4.78994E-1 1.65652E0 2.18541E1 1.37711E0
-9999 -9999 -9999 -9999 -9999 -9999 -9999 -9999 -9999 -9999 -9999 -9999 -9999 -9999 -9999 -9999 -9999 -9999 -9999 -9999 -9999 -9999 -9999 -9999 -9999 -9999 -9999 -9999 -9999 -9999 -5.03183E1 -4.9809E1 -4.87906E1 -4.25207E1 -4.75812E1 -4.53533E1 -4.83768E1 -4.30299E1 -4.57989E1 -4.60216E1 -4.85041E1 -3.5296E1 -3.16996E1 -2.73074E1 -1.66136E1 -1.40356E1 -8.30681E0 -6.17441E0 5.98743E-2 4.78994E-1 2.15547E0 5.1891E-1 9.97904E-2 -3.02355E0 1.19749E-1 -1.84596E0 -1.49586E0 -1.60407E1 -1.03774E1 -9.70719E0 -1.51814E1 -2.83019E0 2.19539E-1 1.19749E-1 7.98324E-2 4.59036E-1 1.21146E1 4.78994E-1
-9999 -9999 -9999 -9999 -9999 -9999 -9999 -9999 -9999 -9999 -9999 -9999 -9999 -9999 -9999 -9999 -9999 -9999 -9999 -9999 -9999 -9999 -9999 -9999 -9999 -9999 -9999 -9999 -9999 -9999 -9999 -9999 -5.1464E1 -4.96817E1 -5.12412E1 -5.08275E1 -4.95863E1 -5.34055E1 -4.42393E1 -4.04201E1 -3.76194E1 -3.1254E1 -2.52069E1 -2.74348E1 -1.75366E1 -1.08848E1 -1.13622E1 -4.67855E0 -2.38701E0 4.78994E-1 4.78994E-1 1.79623E-1 -3.81922E-1 -8.46595E0 -8.94335E0 -1.22642E1 -6.60377E0 -1.84914E1 -1.25716E1 -1.94144E0 -1.11712E1 -3.81922E0 1.99581E-2 3.99162E-2 7.98324E-2 3.39287E0 1.74035E1 3.99162E-1
-9999 -9999 -9999 -9999 -9999 -9999 -9999 -9999 -9999 -9999 -9999 -9999 -9999 -9999 -9999 -9999 -9999 -9999 -9999 -9999 -9999 -9999 -9999 -9999 -9999 -9999 -9999 -9999 -9999 -9999 -9999 -9999 -5.04774E1 -5.68428E1 -5.31827E1 -5.30554E1 -5.0191E1 -4.86314E1 -4.24252E1 -4.35391E1 -3.2177E1 -2.75302E1 -2.59389E1 -2.29472E1 -1.75048E1 -1.60726E1 -1.02482E1 -2.22788E-1 -3.81922E0 -4.55124E0 -1.2317E1 -1.05983E1 -1.38765E1 -9.51623E0 -1.38765E1 -1.00255E1 -1.75684E1 -1.66136E1 -1.03774E1 7.98324E-2 -7.67027E0 -2.83019E0 1.99581E-2 5.98743E-2 7.98324E-2 1.79623E-1 4.78994E-1 6.18701E-1
-9999 -9999 -9999 -9999 -9999 -9999 -9999 -9999 -9999 -9999 -9999 -9999 -9999 -9999 -9999 -9999 -9999 -9999 -9999 -9999 -9999 -9999 -9999 -9999 -9999 -9999 -9999 -9999 -9999 -9999 -9999 -9999 -5.42648E1 -4.54806E1 -4.64672E1 -5.70019E1 -5.56652E1 -3.93062E1 -3.59962E1 -3.53278E1 -2.95353E1 -3.08402E1 -2.80076E1 -1.79245E1 -1.33355E1 -1.55315E1 -7.16104E0 -1.46404E0 -8.02037E0 -1.35901E1 -2.55888E1 -1.76957E1 -1.7282E1 -7.51114E0 1.19749E-1 3.99162E-2 -2.07511E1 -3.94653E0 7.38449E-1 1.5707E1 1.99581E-2 3.99162E-2 -1.88679E0 3.99162E-2 3.99162E-2 1.99581E-1 1.79623E-1 7.18491E-1
-9999 -9999 -9999 -9999 -9999 -9999 -9999 -9999 -9999 -9999 -9999 -9999 -9999 -9999 -9999 -9999 -9999 -9999 -9999 -9999 -9999 -9999 -9999 -9999 -9999 -9999 -9999 -9999 -9999 -9999 -9999 -9999 -4.94908E1 -4.72947E1 -4.96817E1 -5.23552E1 -3.71101E1 -3.08084E1 -2.77212E1 -2.97581E1 -3.26544E1 -2.61935E1 -2.59707E1 -2.73585E1 -1.76639E1 -1.5566E1 -1.33355E1 -1.37492E1 -8.1795E0 -1.16486E1 -2.47613E1 -1.92553E1 -1.12349E1 1.19749E-1 3.19329E-1 1.99581E-1 -1.39402E1 2.05568E0 2.45684E1 2.4748E0 1.99581E-2 7.98324E-2 3.99162E-2 3.99162E-2 7.98324E-2 7.98324E-2 1.19749E-1 2.59455E-1
-9999 -9999 -9999 -9999 -9999 -9999 -9999 -9999 -9999 -9999 -9999 -9999 -9999 -9999 -9999 -9999 -9999 -9999 -9999 -9999 -9999 -9999 -9999 -9999 -9999 -9999 -9999 -9999 -9999 -9999 -9999 -9999 -5.0732E1 -5.19414E1 -4.6881E1 -4.16614E1 -3.13176E1 -2.88351E1 -2.70847E1 -2.62572E1 -3.20496E1 -3.11267E1 -2.4443E1 -2.04965E1 -1.95417E1 -1.99236E1 -1.15532E1 -8.1795E0 -1.33673E1 -1.82686E1 -2.2247E1 -1.56906E1 3.99162E-2 1.07774E0 3.0935E0 1.61661E0 -5.66038E0 9.97904E-2 9.999E0 3.99162E-2 1.99581E-2 7.98324E-2 4.78994E-1 1.19749E-1 4.98952E-1 1.19749E-1 2.79413E-1 4.5704E0
-9999 -9999 -9999 -9999 -9999 -9999 -9999 -9999 -9999 -9999 -9999 -9999 -9999 -9999 -9999 -9999 -9999 -9999 -9999 -9999 -9999 -9999 -9999 -9999 -9999 -9999 -9999 -9999 -9999 -9999 -9999 -5.39147E1 -5.34055E1 -4.79313E1 -4.6881E1 -4.50987E1 -3.15404E1 -2.97263E1 -2.85487E1 -2.96945E1 -3.18269E1 -2.96308E1 -2.27244E1 -1.71229E1 -1.91598E1 -1.77276E1 -8.91152E0 -7.89306E0 -1.4513E1 -1.43539E1 -1.96372E1 -1.6359E1 -3.77358E0 9.57988E-1 3.0935E0 3.0935E0 4.78994E-1 3.99162E-2 -1.41509E0 5.00948E0 7.98324E-2 4.1912E-1 3.99162E-1 1.39707E-1 2.19539E-1 2.19539E-1 6.50634E0 1.93593E1
-9999 -9999 -9999 -9999 -9999 -9999 -9999 -9999 -9999 -9999 -9999 -9999 -9999 -9999 -9999 -9999 -9999 -9999 -9999 -9999 -9999 -9999 -9999 -9999 -9999 -9999 -9999 -9999 -9999 -9999 -4.95863E1 -5.24825E1 -5.19733E1 -5.1655E1 -4.33164E1 -4.46531E1 -3.81286E1 -3.23361E1 -2.63526E1 -2.83259E1 -2.77849E1 -2.99172E1 -1.98113E1 -1.60407E1 -9.42075E0 -2.6098E0 -1.90961E0 -6.26989E0 -1.82686E1 -1.62635E1 -2.30108E1 -1.07893E1 3.99162E-2 2.05568E0 2.35505E0 3.31304E0 2.85401E0 7.98324E-2 -2.35849E0 7.98324E-2 3.99162E-2 5.98743E-2 4.1912E-1 1.19749E-1 7.98324E-2 1.26933E1 2.88594E1 2.97376E1
-9999 -9999 -9999 -9999 -9999 -9999 -9999 -9999 -9999 -9999 -9999 -9999 -9999 -9999 -9999 -9999 -9999 -9999 -9999 -9999 -9999 -9999 -9999 -9999 -9999 -9999 -9999 -9999 -9999 -9999 -4.23297E1 -4.71992E1 -4.63717E1 -4.63399E1 -4.06429E1 -3.49141E1 -4.00064E1 -3.59325E1 -3.15404E1 -2.73074E1 -3.55188E1 -2.81349E1 -1.7282E1 -1.27307E0 3.99162E-1 6.18701E-1 -1.59134E-1 -3.46913E0 -1.45449E1 -2.05602E1 -1.08848E1 3.99162E-2 2.19539E-1 8.3824E-1 1.07774E0 1.93593E0 2.59455E-1 2.19539E-1 7.98324E-2 -9.43396E-1 -4.24528E0 1.99581E-2 7.98324E-2 7.98324E-2 1.19749E-1 2.19539E-1 2.54266E1 2.05568E1
-9999 -9999 -9999 -9999 -9999 -9999 -9999 -9999 -9999 -9999 -9999 -9999 -9999 -9999 -9999 -9999 -9999 -9999 -9999 -9999 -9999 -9999 -9999 -9999 -9999 -9999 -9999 -9999 -9999 -5.01273E1 -5.27053E1 -4.71038E1 -3.99109E1 -3.32591E1 -3.6219E1 -3.42775E1 -2.23743E1 -3.10312E1 -3.0522E1 -2.7944E1 -2.7944E1 -1.51178E1 -1.65094E1 -1.5566E1 3.99162E-1 1.77627E0 2.05568E0 1.07774E0 -1.13622E1 -1.85232E1 -1.12985E1 -8.49057E0 -1.21897E1 -5.18868E0 2.59455E-1 4.59036E-1 1.19749E-1 9.97904E-2 3.99162E-2 1.99581E-2 3.99162E-2 -4.71698E-1 1.99581E-2 1.99581E-2 3.99162E-2 7.98324E-2 3.02764E1 2.20936E1
-9999 -9999 -9999 -9999 -9999 -9999 -9999 -9999 -9999 -9999 -9999 -9999 -9999 -9999 -9999 -9999 -9999 -9999 -9999 -9999 -9999 -9999 -9999 -9999 -9999 -9999 -9999 -9999 -5.46785E1 -5.91025E1 -5.4965E1 -5.71929E1 -5.27689E1 -4.62126E1 -3.72642E1 -3.72693E1 -3.11267E1 -2.24379E1 -1.8205E1 -2.17377E1 -2.7944E1 -1.96053E1 -8.11585E0 -5.18778E0 3.99162E-1 1.65652E0 1.93593E0 1.93593E0 1.65652E0 2.19539E-1 -2.0592E1 -1.70274E1 -1.77594E1 -1.655E1 -2.46022E1 -1.02801E1 3.99162E-2 1.19749E-1 -3.66009E0 -4.77403E0 3.99162E-2 3.99162E-2 3.99162E-2 3.99162E-2 7.98324E-2 1.19749E-1 1.79623E-1 1.26135E1
-9999 -9999 -9999 -9999 -9999 -9999 -9999 -9999 -9999 -9999 -9999 -9999 -9999 -9999 -9999 -9999 -9999 -9999 -9999 -9999 -9999 -9999 -9999 -9999 -9999 -9999 -9999 -9999 -5.31509E1 -5.46149E1 -5.38192E1 -5.43603E1 -5.19414E1 -5.15277E1 -4.26162E1 -3.55506E1 -2.39656E1 -2.0592E1 -2.54717E1 -8.75239E0 -7.82941E0 -4.64672E0 5.98743E-2 5.98743E-2 1.13761E0 1.39707E0 1.61661E0 1.65652E0 2.05568E0 5.1891E-1 -1.12985E1 -7.92489E0 -5.95162E0 -2.35519E1 -1.43857E1 -6.3972E0 3.99162E-2 -7.07547E0 -6.60377E0 -3.77358E0 7.98324E-2 1.19749E-1 7.98324E-2 7.98324E-2 1.19749E-1 2.79413E-1 2.19539E-1 7.5242E0
-9999 -9999 -9999 -9999 -9999 -9999 -9999 -9999 -9999 -9999 -9999 -9999 -9999 -9999 -9999 -9999 -9999 -9999 -9999 -9999 -9999 -9999 -9999 -9999 -9999 -9999 -9999 -5.60153E1 -4.89497E1 -5.50286E1 -4.94271E1 -5.27371E1 -5.59198E1 -5.65563E1 -4.74538E1 -3.23361E1 -2.65754E1 -3.72642E1 -1.01209E1 -6.33355E0 -3.46913E0 -2.35519E0 5.98743E-2 3.19329E-1 8.3824E-1 1.4769E0 1.61661E0 1.61661E0 1.65652E0 6.18701E-1 -5.5697E0 -1.43539E1 -2.317E1 -2.16423E1 -5.66038E0 -2.89624E0 9.97904E-2 3.99162E-2 7.98324E-2 1.99581E-2 7.98324E-2 1.79623E-1 1.19749E-1 7.98324E-2 1.79623E-1 3.67229E0 2.4748E1 2.40295E1
-9999 -9999 -9999 -9999 -9999 -9999 -9999 -9999 -9999 -9999 -9999 -9999 -9999 -9999 -9999 -9999 -9999 -9999 -9999 -9999 -9999 -9999 -9999 -9999 -9999 -9999 -9999 -5.76066E1 -5.2387E1 -5.14959E1 -5.19096E1 -5.15277E1 -4.96499E1 -5.18141E1 -4.72947E1 -2.8485E1 -2.31063E1 -2.4825E1 -6.84278E0 -5.25143E0 -5.31509E0 -2.03692E0 7.98324E-2 7.38449E-1 2.79413E-1 1.11765E0 1.2374E0 8.98114E-1 1.61661E0 4.78994E-1 -1.32075E1 -2.35849E1 -2.90261E1 -2.26415E1 4.07145E0 4.1912E-1 5.78785E-1 3.99162E-2 4.07145E0 1.79623E-1 7.98324E-2 4.78994E-1 1.79623E-1 7.98324E-2 1.19749E-1 2.19539E-1 2.7143E1 2.22533E1
-9999 -9999 -9999 -9999 -9999 -9999 -9999 -9999 -9999 -9999 -9999 -9999 -9999 -9999 -9999 -9999 -9999 -9999 -9999 -9999 -9999 -9999 -9999 -9999 -9999 -9999 -5.9007E1 -5.71929E1 -5.66518E1 -5.14322E1 -4.93953E1 -5.35646E1 -5.07002E1 -5.06684E1 -5.11776E1 -4.1725E1 -3.86378E1 -1.80458E1 -1.2126E1 -4.45576E0 -2.57798E0 5.98743E-2 7.98324E-2 2.79413E-1 7.18491E-1 1.11765E0 1.37711E0 4.1912E-1 5.1891E-1 7.98324E-2 -3.50095E0 -2.12922E1 -2.14513E1 -1.74528E1 3.19329E-1 7.98324E-2 3.99162E-2 3.99162E-2 1.19749E-1 1.19749E-1 7.98324E-2 1.99581E-1 2.59455E-1 4.59036E-1 4.78994E-1 1.4769E0 1.01986E1 1.87806E1
-9999 -9999 -9999 -9999 -9999 -9999 -9999 -9999 -9999 -9999 -9999 -9999 -9999 -9999 -9999 -9999 -9999 -9999 -9999 -9999 -9999 -9999 -9999 -9999 -9999 -5.64927E1 -5.49332E1 -5.50286E1 -5.45512E1 -5.15595E1 -4.99045E1 -4.78676E1 -5.19096E1 -5.38829E1 -5.46467E1 -4.06111E1 -2.55888E1 -9.10248E0 -5.9198E0 -1.655E0 1.19749E-1 5.98743E-2 3.79204E-1 4.78994E-1 8.3824E-1 1.07774E0 1.37711E0 1.99581E-2 -1.02801E1 -1.05029E0 -3.30189E0 -2.49523E1 -2.39656E1 -1.08491E1 1.99581E-2 3.99162E-2 1.99581E-2 3.99162E-2 7.98324E-2 7.98324E-2 2.79413E-1 1.39707E-1 5.78785E-1 4.1912E-1 1.79224E1 2.30915E1 2.80012E1 2.25526E0
