G_variables/Set_1/Choco/bio_3.asc
NCOLS 367 
NROWS 963 
XLLCORNER -78.6 
YLLCORNER 0.65 
CELLSIZE 0.00833333333333323 
NODATA_value -9999 
[rows 780 to 805 of 963, columns 120 to 179 of 367]
89.4495391845703 89.2201843261719 90.0157165527344 88.9150924682617 88.8888931274414 88.5513916015625 88.5220260620117 88.7301559448242 87.9537887573242 88.7457122802734 89.3229217529297 87.8787841796875 88.659797668457 88.2996673583984 88.6666641235352 87.3809585571289 88.1818161010742 87.5 87.3088684082031 86.7424240112305 86.9598770141602 87.0282974243164 87.2977294921875 87.0192260742188 87.6633987426758 87.9084930419922 86.448600769043 86.6666564941406 89.5 87.8640823364258 88.1876983642578 90.8249053955078 91.4115600585938 90.9090957641602 91.1616134643555 92.1717147827148 92.4242401123047 91.9999923706055 90.0485534667969 92.2442321777344 92.0792007446289 91.3366394042969 92.4917449951172 91.6666641235352 92.3139190673828 93.300666809082 93.3006439208984 92.0712051391602 93.3823471069336 92.8802642822266 91.9871826171875 89.8753890991211 90.3301849365234 91.0317535400391 90.7142791748047 87.9545364379883 86.4492721557617 85.1388854980469 84.1999969482422 83.7926483154297
89.0390548706055 88.8138122558594 88.7121200561523 88.636360168457 88.4090881347656 88.8117218017578 88.5802383422852 88.4433898925781 87.7451019287109 88.350341796875 87.9166564941406 88.2499923706055 89.4965286254883 88.6054382324219 88.430419921875 88.194450378418 87.7627716064453 87.3511810302734 87.6543197631836 87.5 87.4610595703125 86.9266052246094 86.9598846435547 86.651237487793 87.6213684082031 86.984130859375 86.0339508056641 87.4595565795898 87.8267974853516 86.7138366699219 87.5801315307617 90.6565628051758 91.4966049194336 90.572395324707 90.9013595581055 91.6666641235352 91.5824890136719 92.5925979614258 93.1818237304688 92.5833206176758 91.5841674804688 91.1716232299805 92.5742568969727 92.8921661376953 93.2189636230469 93.5457534790039 92.4757385253906 93.2189483642578 93.7091445922852 92.387825012207 90.7232666015625 89.5061721801758 88.6850128173828 90.9523849487305 89.9371032714844 87.1279754638672 85.1540679931641 84.6102066040039 84.5144424438477 83.7209167480469
88.7648773193359 88.2440567016602 88.9639739990234 88.5135116577148 88.9393920898438 87.9129104614258 88.3792037963867 88.9682540893555 88.8613815307617 88.8605346679688 88.2352981567383 88.2352981567383 87.9999923706055 88.7205429077148 88.2838363647461 87.9283447265625 87.5744018554688 87.5368728637695 87.3873977661133 87.0370407104492 87.5000076293945 87.900634765625 86.3425979614258 86.4678955078125 86.8055572509766 86.7283935546875 86.838005065918 86.1370620727539 87.0282974243164 86.984130859375 90.4040451049805 92.0962219238281 92.18212890625 91.326530456543 90.9863967895508 90.572395324707 91.4115676879883 90.9999923706055 92.4242401123047 91.5833435058594 91.5833358764648 91.6666641235352 92.3267288208008 93.6468658447266 91.0317459106445 91.1111068725586 92.7184448242188 93.0420837402344 92.4679412841797 90.880500793457 89.5061798095703 88.4090881347656 88.2575759887695 89.3302154541016 86.6815414428711 85.240119934082 84.4945297241211 84.1269912719727 83.7820510864258 83.3333358764648
89.4144134521484 89.1141128540039 89.4696960449219 89.3939437866211 89.1666641235352 88.5135116577148 88.7878799438477 89.9206314086914 88.1188049316406 88.468017578125 89.1089096069336 88.2539672851562 88.4615325927734 88.2539749145508 88.2398681640625 87.8787841796875 88.0208435058594 87.7581100463867 87.6126022338867 87.4624557495117 87.4228363037109 88.1877059936523 88.071891784668 87.1428527832031 87.1794891357422 87.7831802368164 87.1428527832031 87.6190490722656 87.2596206665039 87.1794815063477 91.0714263916016 92.0102996826172 91.9244003295898 91.4948501586914 91.408935546875 90.8163223266602 90.8249206542969 91.7508392333984 91.4166641235352 91.5833358764648 91.4191513061523 92.0833358764648 92.6567687988281 91.9093780517578 89.6417541503906 91.7467956542969 93.6274490356445 92.2275619506836 91.7460327148438 89.1437301635742 87.6488037109375 86.946891784668 86.9047698974609 86.6815490722656 85.942024230957 84.9862213134766 84.2666702270508 84.0494842529297 -9999 -9999
91.1265487670898 90.061164855957 89.5454559326172 88.4672698974609 88.3928680419922 89.1141128540039 88.3184509277344 88.7614669799805 89.3203887939453 89.3564376831055 88.6731414794922 88.4920654296875 87.3456878662109 87.4242401123047 87.9545440673828 88.257568359375 87.9793548583984 88.1381378173828 87.6543197631836 87.0795135498047 87.121208190918 87.9365081787109 88.4166641235352 88.1188049316406 87.5404510498047 88.1188049316406 88.9999923706055 88.4488372802734 88.7788772583008 87.1794815063477 88.1535873413086 91.1564712524414 91.9244003295898 91.408935546875 90.3061218261719 90.9863967895508 91.6666641235352 92.0033721923828 92.6767654418945 93.0976409912109 92.7500076293945 91.9967041015625 92.4917449951172 92.728759765625 89.4859771728516 90.3301849365234 93.0420684814453 90.9591217041016 89.2201843261719 87.8720245361328 87.3156280517578 86.9565200805664 86.184211730957 86.0632247924805 84.9305648803711 84.5528335571289 84.7333297729492 -9999 -9999 -9999
91.3522033691406 91.6666793823242 90.9722137451172 89.6396408081055 89.4894866943359 89.4894866943359 89.3393402099609 89.7376480102539 89.5032043457031 89.7435836791992 89.523811340332 88.7071762084961 88.194450378418 87.8378372192383 88.3633575439453 88.1696395874023 87.7581100463867 87.2418975830078 87.2727279663086 87.5382308959961 88.271614074707 87.227409362793 87.5801239013672 87.3809509277344 86.7138442993164 87.297737121582 87.5404510498047 89.0833358764648 89.9831619262695 89.0833282470703 89.3333358764648 89.9831695556641 91.9243927001953 91.1512069702148 90.8934707641602 90.9013595581055 92.0918350219727 92.1717224121094 90.2777786254883 90.8496780395508 91.9967041015625 92.9999923706055 93.7499923706055 91.2660217285156 88.8117294311523 89.6417465209961 91.1904830932617 89.5061645507812 87.8720169067383 87.2807006835938 86.781608581543 85.8974304199219 86.4306640625 86.622802734375 85.2240905761719 83.862434387207 83.5271224975586 -9999 -9999 -9999
91.6666717529297 91.9841232299805 90.5092544555664 90.2905197143555 89.1141128540039 89.3393402099609 88.3928527832031 89.120361328125 89.1025695800781 89.5238037109375 88.7345733642578 88.0303115844727 87.8030319213867 88.1381378173828 87.6488037109375 88.1381454467773 87.5757522583008 88.1381378173828 87.2418823242188 87.1279830932617 87.0943984985352 86.7994003295898 86.6815414428711 86.8181838989258 86.5615615844727 86.2878799438477 87.5000076293945 87.5801239013672 88.3663330078125 89.8148193359375 92.6215362548828 91.6666564941406 91.6666641235352 91.408935546875 90.4761962890625 91.0714263916016 91.8367309570312 92.1717071533203 92.2499923706055 88.96826171875 91.4215621948242 93.5000076293945 93.0693130493164 89.7798690795898 88.4556579589844 89.6417465209961 91.0317459106445 88.6850128173828 87.3156433105469 86.9565200805664 85.5742340087891 85.5041961669922 86.5781631469727 86.2351150512695 84.9576187133789 84.3495941162109 -9999 -9999 -9999 -9999
92.2330169677734 91.1949844360352 89.9847106933594 90.3669662475586 89.1891860961914 89.4894866943359 88.7387390136719 88.9660415649414 88.9937133789062 88.6292953491211 88.3487548828125 88.4090881347656 87.9129104614258 88.1381454467773 87.9129180908203 87.9545440673828 88.0303039550781 87.0794982910156 87.1621627807617 86.7559661865234 87.0454559326172 86.6207962036133 86.4583282470703 86.2351150512695 85.9090805053711 86.5443420410156 85.7575759887695 86.4969177246094 86.9496917724609 87.5817108154297 88.9999923706055 92.274299621582 90.8075561523438 91.8402786254883 91.8384857177734 91.5816268920898 92.5170059204102 92.8451232910156 92.5 88.6006317138672 89.523811340332 92.82177734375 92.3202590942383 88.5802459716797 88.0302963256836 89.3302154541016 90.9523696899414 88.3027496337891 86.6519241333008 86.4224166870117 85.4861145019531 85.3994445800781 85.6125335693359 86.3095169067383 85.4532165527344 84.3137283325195 -9999 -9999 -9999 -9999
91.9093933105469 91.1163482666016 90.5092620849609 89.6212158203125 89.0390396118164 89.3393402099609 88.3928527832031 88.7387390136719 88.7614593505859 88.532112121582 88.4090881347656 88.4848480224609 88.5606079101562 87.7627639770508 87.8030242919922 87.6146850585938 87.2685089111328 87.4228363037109 87.2274169921875 87.3831787109375 86.2612609863281 87.1855392456055 86.7924499511719 86.8055572509766 86.3707122802734 87.6634063720703 87.297721862793 87.3786392211914 87.0993499755859 87.3786315917969 89.4781188964844 92.4479141235352 92.0138931274414 92.1006927490234 91.4115753173828 92.0067977905273 93.0271987915039 92.0833435058594 88.8095321655273 87.1559677124023 88.8364715576172 92.0751647949219 90.8653869628906 87.5757675170898 87.8378295898438 88.6574096679688 90.7936553955078 89.4080963134766 87.1621551513672 86.5497055053711 85.2083282470703 84.5430145263672 84.2286529541016 85.6521759033203 86.1607208251953 84.5938339233398 84.3333282470703 -9999 -9999 -9999
91.6666793823242 92.1521072387695 90.4984359741211 90.1376037597656 89.8484802246094 89.2642593383789 88.764892578125 88.6160659790039 88.8138198852539 88.2882995605469 88.2132263183594 87.6876983642578 87.5375366210938 87.3123092651367 87.7314834594727 87.9716949462891 88.4304275512695 87.6602554321289 87.7403869628906 87.4999923706055 86.6207809448242 87.071647644043 87.7450942993164 87.7451019287109 86.3707122802734 87.4198760986328 88.1666641235352 87.6237564086914 87.8712921142578 87.5817108154297 91.1512145996094 91.8402786254883 91.9270782470703 91.8384857177734 91.8367309570312 91.2457885742188 91.8350143432617 92.1666717529297 91.3398666381836 88.3487701416016 88.2716064453125 90.7852478027344 88.940803527832 87.2372360229492 86.873161315918 87.6515121459961 90.7142791748047 89.9371032714844 87.2727203369141 86.4035110473633 84.7107391357422 84.193115234375 84.3495941162109 85.0427322387695 85.0724716186523 84.0972213745117 83.4656066894531 83.0845794677734 -9999 -9999
91.423957824707 91.5857620239258 90.0462875366211 89.9847106933594 90.061164855957 89.6969680786133 88.8392791748047 89.1892013549805 89.114128112793 88.7387313842773 87.5744018554688 87.8440399169922 87.5757522583008 87.0870819091797 87.6146774291992 88.0401153564453 86.915901184082 87.0192337036133 87.2112197875977 87.9537887573242 86.8253936767578 86.7601318359375 87.0550155639648 87.4166564941406 88.468017578125 87.702262878418 87.2548980712891 91.493049621582 91.4930648803711 88.5000076293945 89.3097610473633 91.1512069702148 91.4948425292969 91.8385009765625 91.8367309570312 91.5824890136719 92.4319763183594 92.25 93.3333358764648 88.0401229858398 87.1279754638672 88.2716064453125 88.1060638427734 86.7690124511719 86.873161315918 87.9204864501953 89.7012634277344 87.6146774291992 86.9369354248047 85.4347915649414 84.552848815918 83.9192581176758 83.5286331176758 84.0053787231445 83.8154373168945 84.0277786254883 84.1269836425781 -9999 -9999 -9999
91.1057586669922 91.9093856811523 90.4984512329102 90.6541976928711 90.8099822998047 89.9082565307617 88.616081237793 88.8888854980469 88.1696395874023 88.3633575439453 88.3792114257812 87.461051940918 87.9969482421875 87.4617767333984 87.1913604736328 87.7725830078125 87.5396881103516 87.6984176635742 87.5404510498047 87.6666793823242 87.6237716674805 87.5404586791992 87.3762435913086 87.878791809082 91.1403579711914 89.1156463623047 87.9166641235352 89.3707504272461 91.493049621582 91.8402709960938 90.7312850952148 91.8384857177734 92.0962066650391 91.5816268920898 92.1768798828125 91.9191970825195 92.1717147827148 92.1666641235352 93.25 88.7578582763672 86.5781784057617 86.9152069091797 86.4492721557617 86.521728515625 87.0870819091797 88.8629302978516 88.7850494384766 86.5615692138672 85.9144515991211 85.2564086914062 84.7107467651367 -9999 84.1025619506836 83.5256423950195 83.8541717529297 83.9947052001953 83.6538467407227 -9999 -9999 -9999
91.5849761962891 92.0751724243164 91.1858978271484 91.9070510864258 91.0377349853516 89.9847106933594 88.2440414428711 89.1141128540039 88.6636581420898 88.6085662841797 88.006233215332 87.1495361328125 87.9629592895508 87.7725830078125 87.461051940918 87.4603118896484 87.9901885986328 87.0098114013672 87.5833358764648 87.5420837402344 88.0102081298828 88.1802749633789 88.8316116333008 90.1041717529297 90.3645858764648 90.4513854980469 91.4912414550781 89.5408248901367 89.6258544921875 91.0652923583984 91.7525939941406 91.2414932250977 91.7517013549805 90.25 92.1717224121094 92.3400650024414 92.25 92.7499923706055 93.3333282470703 90.064094543457 86.9047622680664 85.0694427490234 86.5384521484375 86.6071472167969 87.3853149414062 89.2295532226562 87.0795059204102 85.766960144043 84.9002914428711 84.0909042358398 84.2975311279297 -9999 -9999 -9999 83.2706680297852 82.9573974609375 83.3333206176758 -9999 -9999 -9999
91.2621231079102 91.7483596801758 91.5064010620117 90.880500793457 90.8805160522461 89.7553558349609 88.6636581420898 88.5135116577148 88.7121200561523 88.0401306152344 88.5922241210938 87.6190490722656 87.7358474731445 87.8930816650391 87.7777862548828 88.060905456543 87.2222137451172 87.297737121582 87.8333435058594 88.5738830566406 87.8401412963867 87 88.0952377319336 87.1287231445312 87.3762283325195 88.6904754638672 89.2006759643555 86.4077758789062 89.9659881591797 91.408935546875 91.0714340209961 90 88.8888854980469 92.1717224121094 92.4242477416992 93.0134658813477 93.4343414306641 91.8316802978516 90.4530639648438 88.4433898925781 87.2418823242188 85.26171875 85.7040176391602 86.6666564941406 89.8412704467773 88.0062408447266 86.6666641235352 85.2173919677734 84.4444427490234 84.0725708007812 83.7270278930664 83.3969421386719 -9999 -9999 -9999 -9999 -9999 -9999 -9999 -9999
91.423957824707 92.2442169189453 90.566032409668 89.5833358764648 89.9691390991211 89.0909118652344 89.2424240112305 88.6850128173828 89.4290008544922 88.6292724609375 88.3169860839844 88.0608978271484 87.6190414428711 87.9716949462891 87.3015975952148 87.1794891357422 87.8571472167969 87.7450942993164 87.8712844848633 87.8401412963867 87.2500076293945 86.6504745483398 86.6830139160156 85.825553894043 86.4379043579102 87.3762359619141 86.9740982055664 86.4886856079102 90.7216491699219 91.5807495117188 92.5257873535156 88.1876983642578 87.4603118896484 89.4822082519531 92.0833282470703 92.4166641235352 92.9166717529297 89.3429489135742 86.8618698120117 87.3873825073242 85.7843170166016 85.8543472290039 85.8918151855469 87.2685165405273 90.3846130371094 86.8501510620117 85.4719696044922 85.1139678955078 84.2213134765625 84.3333358764648 83.9793319702148 83.4586410522461 -9999 -9999 -9999 -9999 -9999 -9999 -9999 -9999
91.5032653808594 92.1617126464844 91.2660140991211 89.5833206176758 89.737663269043 89.4495391845703 88.8636322021484 88.8888931274414 89.1509399414062 88.9150924682617 88.3814086914062 88.6006240844727 88.6006393432617 88.0401306152344 87.7675857543945 87.1559677124023 86.9266052246094 87.2222213745117 86.8379974365234 87.0462036132812 87.3762359619141 86.2149505615234 86.5873031616211 85.7253189086914 85.3395156860352 86.0591888427734 86.1635284423828 86.7313919067383 89.057243347168 91.0714263916016 91.9217681884766 89.9339904785156 87.57861328125 87.2685165405273 88.0503158569336 88.2075424194336 90.1294479370117 88.7301559448242 86.7256698608398 85.5742340087891 85.5874404907227 85.32763671875 86.5615615844727 87.538932800293 88.2861633300781 86.6972503662109 85.6194610595703 84.523811340332 83.8000030517578 83.8541564941406 83.7752456665039 -9999 -9999 -9999 -9999 -9999 -9999 -9999 -9999 -9999
91.5849609375 91.9117584228516 90.5555572509766 90.0311660766602 90.2647933959961 89.969123840332 89.2424240112305 89.737663269043 88.9408187866211 89.0965728759766 88.5030899047852 88.5030899047852 87.878791809082 87.6515121459961 87.7675857543945 87.878791809082 86.6666641235352 87.071662902832 86.7737045288086 86.4285659790039 86.915901184082 85.703369140625 85.6818161010742 85.7253189086914 86.2980804443359 86.5195999145508 87.1287155151367 87.0097961425781 88.5 92.18212890625 91.9217758178711 91.919189453125 91.5 88.2539749145508 86.7737045288086 86.5909118652344 89.5032043457031 87.7358551025391 86.4114074707031 85.6442489624023 85.2458953857422 -9999 -9999 86.8827209472656 86.8055648803711 85.1934661865234 85.2173843383789 84.375 83.6000061035156 83.4625244140625 -9999 -9999 -9999 -9999 -9999 -9999 -9999 -9999 -9999 -9999
90.4647445678711 90.3968276977539 91.5857620239258 92.0711975097656 91.1111068725586 90.4984512329102 89.3939361572266 89.0151519775391 89.1975250244141 88.1818237304688 88.7878799438477 88.6363677978516 88.7121200561523 88.4848480224609 87.4624557495117 88.1060562133789 87.121208190918 86.2612762451172 86.8181762695312 86.5909118652344 86.3636322021484 85.8108062744141 86.1111145019531 85.9813003540039 86.2698364257812 87.0097961425781 88.3838348388672 88.2499923706055 91.5807495117188 91.1564636230469 90.7407455444336 92.4319686889648 92.0033721923828 90.5115432739258 89.2394866943359 86.8181838989258 85.840705871582 86.3095321655273 85.9144439697266 84.7796173095703 84.6994476318359 -9999 -9999 85.7142868041992 85.2678527832031 84.6376800537109 83.4699401855469 83.5978775024414 83.2031326293945 83.3333358764648 82.8980178833008 -9999 -9999 -9999 -9999 -9999 -9999 -9999 -9999 -9999
90.4647445678711 90.2380981445312 90.8653869628906 91.3461532592773 90.4087982177734 90.8018798828125 90.3549270629883 89.3181838989258 89.1437377929688 89.0672836303711 89.0151519775391 89.0151519775391 89.6024475097656 88.5606079101562 88.4090881347656 88.1060638427734 87.0870971679688 87.121208190918 86.1111068725586 86.6512451171875 86.3993682861328 86.0576858520508 85.8660202026367 85.9735946655273 86.1386184692383 86.9636917114258 88.8888931274414 90.5612182617188 92.0102996826172 88.6138534545898 89.9166564941406 88.9438858032227 88.8071823120117 91.919189453125 92.087532043457 88.9158554077148 86.3363342285156 85.7971038818359 85.1239624023438 84.4352722167969 84.5528564453125 -9999 -9999 84.2592544555664 84.116813659668 83.8888931274414 83.3333358764648 83.3984298706055 82.8914108276367 82.5126342773438 82.603401184082 -9999 -9999 -9999 -9999 -9999 -9999 -9999 -9999 -9999
89.8412704467773 90.476188659668 90.6349182128906 90.8730163574219 90.1869277954102 89.8919830322266 90.8099594116211 89.9082641601562 88.5135192871094 89.2424240112305 88.7387466430664 89.8318099975586 88.9393920898438 88.7121200561523 87.8378372192383 87.3123092651367 87.0795135498047 86.8181838989258 86.2121200561523 86.0591812133789 85.9223251342773 86.3861389160156 86.531982421875 88.4879684448242 90.3645858764648 91.1458282470703 91.1511917114258 90.9013671875 89.3333282470703 86.6185913085938 88.071891784668 86.4285736083984 86.9391021728516 89.4389419555664 92.4319686889648 92.0875396728516 87.0634918212891 85.5105056762695 85.0409774780273 -9999 -9999 -9999 -9999 83.8842926025391 83.6776809692383 83.2666625976562 83.2031173706055 83.2697219848633 -9999 -9999 -9999 -9999 -9999 -9999 -9999 -9999 -9999 -9999 -9999 -9999
89.2295761108398 90.0943374633789 90.1729507446289 90.7936553955078 90.7232666015625 90.4205551147461 90.3549499511719 90.8099670410156 90.58642578125 90.061149597168 90.4321060180664 90.1376190185547 88.5885848999023 88.9393997192383 87.9545440673828 88.0733947753906 87.7272720336914 87.1969680786133 87.2685241699219 86.2928466796875 86.2980804443359 85.4967956542969 85.2941131591797 87.121208190918 88.6054382324219 90.292106628418 91.3230209350586 91.071418762207 87.0550079345703 85.9276809692383 86.1635131835938 86.8589782714844 87.8268051147461 89.5833206176758 91.1616134643555 91.5824813842773 86.7460327148438 85.4910736083984 84.4945297241211 -9999 -9999 -9999 -9999 84.1529998779297 83.136474609375 82.8124923706055 83.3333282470703 82.6492462158203 -9999 -9999 -9999 -9999 -9999 -9999 -9999 -9999 -9999 -9999 -9999 -9999
88.8629379272461 89.0186996459961 89.8584899902344 91.0317459106445 90.8019027709961 90.7320938110352 90.2006225585938 90.4320983886719 90.2006225585938 90.3549423217773 89.5454559326172 89.6969680786133 89.2424240112305 88.8636322021484 88.1060638427734 87.7314758300781 87.4999923706055 87.1559600830078 86.7138290405273 86.4886703491211 85.8085784912109 86.3861389160156 86 87.1212158203125 87.878791809082 90.8075637817383 91.5807571411133 89.5 85.8255462646484 86.9158935546875 86.3993759155273 87.6633987426758 90.0673370361328 91.3265228271484 91.7516937255859 88.2353057861328 85.6697845458984 85.0295028686523 84.2975234985352 83.6065521240234 -9999 -9999 -9999 -9999 -9999 82.5699768066406 82.8914184570312 82.5308609008789 -9999 -9999 -9999 -9999 -9999 -9999 -9999 -9999 -9999 -9999 -9999 -9999
89.5440368652344 89.7798690795898 90.476188659668 90.7142868041992 89.5833282470703 89.6789016723633 89.9082641601562 89.8318099975586 90.4321060180664 89.3939361572266 89.1666641235352 89.1666717529297 89.0151519775391 88.9143753051758 88.7345733642578 88.1289291381836 86.9496765136719 86.9496841430664 86.428581237793 86.1928100585938 86.7003326416016 86.3636322021484 86.9897994995117 89.84375 91.0590362548828 90.8934631347656 88.5833358764648 89.4166641235352 86.507926940918 86.7737045288086 85.2803726196289 86.8123016357422 87.4182968139648 90.1515197753906 90.572395324707 87.297721862793 85.3210983276367 84.4109344482422 84.3137283325195 84.3304748535156 -9999 -9999 -9999 -9999 -9999 -9999 82.4004898071289 -9999 -9999 -9999 -9999 -9999 -9999 -9999 -9999 -9999 -9999 -9999 -9999 -9999
90.1587295532227 90.9455184936523 91.1858825683594 90.3302001953125 90.2647933959961 89.6789016723633 89.4696960449219 89.8318099975586 89.9082412719727 89.1666641235352 89.1437301635742 89.5260009765625 88.8117370605469 88.3956298828125 87.383186340332 88.1876983642578 87.4198684692383 87.5404510498047 86.633659362793 87.0914993286133 86.3268661499023 86.1386184692383 87.5000076293945 89.1752624511719 91.2326507568359 89.1414108276367 86.1904830932617 87.5404434204102 87.1794815063477 86.8501510620117 85.9848480224609 86.0591888427734 86.137825012207 88.2013168334961 91.4966049194336 88.0718994140625 85.9276733398438 85.1769866943359 84.8082656860352 84.2105255126953 83.7643661499023 83.8983154296875 83.9583358764648 -9999 -9999 -9999 -9999 -9999 -9999 -9999 -9999 -9999 -9999 -9999 -9999 -9999 -9999 -9999 -9999 -9999
91.0194244384766 90.5448532104492 90.3968276977539 90.2515716552734 90.6446533203125 90.2777786254883 89.8318099975586 90.4321060180664 89.6789016723633 89.7553558349609 89.3730926513672 88.7614593505859 88.3647918701172 87.9807739257812 87.9807739257812 88.448844909668 87.5816955566406 87.0462112426758 87.4595565795898 86.7924499511719 86.6504821777344 87.3737335205078 87.3737335205078 88.3503341674805 91.2326354980469 87.3762435913086 86.4197463989258 86.7460403442383 86.5873031616211 86.6666641235352 85.8333358764648 86.0062866210938 87.0098114013672 90.7312927246094 92.3539428710938 89.8333358764648 85.6132125854492 84.9099044799805 84.6846923828125 83.9798965454102 83.9080429077148 83.8450317382812 83.8276901245117 83.1300735473633 83.3333358764648 -9999 -9999 -9999 -9999 -9999 -9999 -9999 -9999 -9999 -9999 -9999 -9999 -9999 -9999 -9999
90.8576126098633 90.7852554321289 90.476188659668 89.7196197509766 90.7232666015625 90.2647933959961 89.6789016723633 89.5260009765625 89.8318023681641 89.9082641601562 88.9393920898438 88.7345581054688 88.5922317504883 88.5833282470703 87.8267974853516 88.3169937133789 87.9084930419922 87.3397445678711 86.915901184082 87.4603118896484 86.4077682495117 87.5420913696289 87 87.8787841796875 88.3838348388672 85.9523849487305 86.7736968994141 86.8254013061523 86.4969177246094 86.1356964111328 86.136360168457 85.4559783935547 86.928108215332 88.8333206176758 91.2414932250977 87.5816955566406 85.3773651123047 85.0152969360352 84.5652236938477 83.8797912597656 83.8842926025391 83.7534942626953 83.8935470581055 82.6822967529297 82.7020111083984 82.8358154296875 -9999 -9999 -9999 -9999 -9999 -9999 -9999 -9999 -9999 -9999 -9999 -9999 -9999 -9999
