G_variables/Set_1/Choco/bio_7.asc
NCOLS 367 
NROWS 963 
XLLCORNER -78.6 
YLLCORNER 0.65 
CELLSIZE 0.00833333333333323 
NODATA_value -9999 
[rows 812 to 839 of 963, columns 126 to 188 of 367]
11 11 10.7999992370605 10.6000003814697 10.3999996185303 10.3999996185303 10.6000003814697 10.7999992370605 10.8000011444092 11 10.8999996185303 10.6999988555908 10.5 10.3999996185303 9.90000057220459 9.60000038146973 9.89999961853027 10.2999992370605 11 11.5 11.2000007629395 11 10.5 10.1999988555908 10.2000007629395 10.1000003814697 10.1999998092651 11 11.6999988555908 11.7000007629395 12.3999996185303 -9999 -9999 -9999 -9999 -9999 -9999 -9999 -9999 -9999 -9999 -9999 -9999 -9999 -9999 -9999 -9999 -9999 -9999 -9999 -9999 -9999 -9999 -9999 -9999 -9999 -9999 -9999 -9999 -9999 -9999 -9999 -9999
11 11 11 11 10.8999996185303 10.6000003814697 10.6999988555908 10.8999996185303 10.8999996185303 11.1000003814697 11.1000003814697 11 10.6999988555908 10.4000005722046 9.90000057220459 9.70000076293945 9.89999961853027 10.1999998092651 11 11.5 11.2000007629395 10.6999988555908 10.3000001907349 10.6000003814697 10.8000011444092 10.4999990463257 10.3999996185303 11 11.8999996185303 12.0999984741211 12.1000003814697 12.6000003814697 -9999 -9999 -9999 -9999 -9999 -9999 -9999 -9999 -9999 -9999 -9999 -9999 -9999 -9999 -9999 -9999 -9999 -9999 -9999 -9999 -9999 -9999 -9999 -9999 -9999 -9999 -9999 -9999 -9999 -9999 -9999
10.9000015258789 11 10.7999992370605 10.8999996185303 11.1000003814697 11 11 11.1000003814697 10.7999992370605 10.9000015258789 11.2000007629395 10.8999996185303 10.5 10.3999996185303 10.3999996185303 10.3999996185303 10.2999992370605 10.6999998092651 11.1999988555908 11.5 11.2000007629395 10.7000007629395 10.5999994277954 11.2000007629395 10.7999992370605 10.4000005722046 10.6000003814697 11.5 11.8999996185303 12.4000015258789 -9999 -9999 12.9000015258789 -9999 -9999 -9999 -9999 -9999 -9999 -9999 -9999 -9999 -9999 -9999 -9999 -9999 -9999 -9999 -9999 -9999 -9999 -9999 -9999 -9999 -9999 -9999 -9999 -9999 -9999 -9999 -9999 -9999 -9999
10.6000003814697 10.7000007629395 10.7999992370605 11 11.0999984741211 11.1000003814697 11.1000003814697 10.8999996185303 11 10.8999996185303 11.1999988555908 11.1999988555908 11 11 10.8999996185303 10.8999996185303 10.7999992370605 11.1000003814697 11.5 11.4000015258789 11 11 11.2000007629395 11.1000003814697 10.6000003814697 10.3999996185303 11.0999994277954 11.8999996185303 11.8999996185303 12.2999992370605 12.5999984741211 -9999 -9999 -9999 -9999 -9999 -9999 -9999 -9999 -9999 -9999 -9999 -9999 -9999 -9999 -9999 -9999 -9999 -9999 -9999 -9999 -9999 -9999 -9999 -9999 -9999 -9999 -9999 -9999 -9999 -9999 -9999 -9999
10.6000003814697 10.8999996185303 11 11 11.1000003814697 11.2000007629395 11.1000003814697 11 10.8999996185303 11 11.1000003814697 11.2000007629395 11.2999992370605 11.3000011444092 11.2999992370605 11.3000011444092 11.3000011444092 11.2999992370605 11.2999992370605 11.1999988555908 11.3999996185303 11.2999992370605 10.8000011444092 10.7000007629395 10.6000003814697 10.4999990463257 11.3000011444092 12.1999988555908 12.1999988555908 12.5 12.6999988555908 -9999 -9999 -9999 -9999 -9999 -9999 -9999 -9999 -9999 -9999 -9999 -9999 -9999 -9999 -9999 -9999 -9999 -9999 -9999 -9999 -9999 -9999 -9999 -9999 -9999 -9999 -9999 -9999 -9999 -9999 -9999 -9999
10.6000003814697 10.7999992370605 10.8999996185303 10.8000011444092 11.1000003814697 11 10.9000015258789 10.9000015258789 10.8999996185303 11.1999988555908 11.2999992370605 11.3000011444092 11.3000011444092 11.3000011444092 11.2999992370605 11.2000007629395 11.2000007629395 10.7999992370605 11 10.8000011444092 10.7999992370605 11 10.5 10.3999996185303 10.1999998092651 10.2999992370605 11.1999998092651 12.3000011444092 -9999 -9999 -9999 -9999 -9999 -9999 -9999 -9999 -9999 -9999 -9999 -9999 -9999 -9999 -9999 -9999 -9999 -9999 -9999 -9999 -9999 -9999 -9999 -9999 -9999 -9999 -9999 -9999 -9999 -9999 -9999 -9999 -9999 -9999 12.3000011444092
10.6000003814697 10.5 10.7000007629395 10.5999984741211 11 11.1999988555908 10.8999996185303 11 11 11.1000003814697 11.1000003814697 11.2000007629395 10.8999996185303 11.0999984741211 11 11.1000003814697 11.2000007629395 11.0999984741211 10.6000003814697 10.4000005722046 10.4000005722046 10.5 10.1999988555908 10.1000003814697 10.1000003814697 10.3999996185303 11.2999992370605 12.1000003814697 -9999 -9999 -9999 -9999 -9999 -9999 -9999 -9999 -9999 -9999 -9999 -9999 -9999 -9999 -9999 12.5 12.6999988555908 12.7999992370605 -9999 -9999 -9999 -9999 -9999 -9999 -9999 -9999 -9999 -9999 -9999 -9999 -9999 -9999 -9999 -9999 -9999
10.7000007629395 10.5 10.5 10.7999992370605 11.1000003814697 11.1000003814697 11 11 11.1000003814697 11.1000003814697 11.1000003814697 11 10.3999996185303 10.8000011444092 10.7000007629395 11 11.0999984741211 11.1000003814697 10.6999988555908 10.1999988555908 10.0999994277954 9.90000057220459 9.69999885559082 9.90000057220459 10.0999994277954 10.5999994277954 11.6999988555908 12.3000011444092 12.5 -9999 -9999 -9999 -9999 -9999 -9999 -9999 -9999 -9999 -9999 -9999 -9999 -9999 12.5 12.5 12.6000003814697 12.7000007629395 12.7000007629395 -9999 -9999 -9999 -9999 -9999 -9999 -9999 -9999 -9999 -9999 -9999 -9999 -9999 -9999 -9999 -9999
10.7000007629395 10.6000003814697 10.5 10.6999988555908 11 11.1000003814697 11.1000003814697 11 11 10.8000011444092 10.8999996185303 10.9000015258789 10.3999996185303 10.0999994277954 10.7000007629395 10.6000003814697 10.6999988555908 11.1000003814697 10.7000007629395 10.3999996185303 10.1999998092651 9.80000019073486 9.69999980926514 9.79999923706055 10.1000003814697 11 12 12.3999996185303 12.6000003814697 -9999 -9999 -9999 -9999 -9999 -9999 -9999 -9999 -9999 -9999 -9999 -9999 12.5 12.5 12.5 12.5 12.6000003814697 12.7000007629395 12.6000003814697 -9999 12.8000011444092 13 -9999 -9999 -9999 -9999 -9999 -9999 -9999 -9999 -9999 -9999 -9999 -9999
10.6000003814697 10.6000003814697 10.3999996185303 10.7000007629395 10.8999996185303 10.8999996185303 10.8999996185303 10.8999996185303 10.7999992370605 10.6000003814697 10.2999992370605 10.2999992370605 10.4000015258789 9.80000019073486 10.2999992370605 10 10.5 10.9000015258789 10.6999988555908 10.3000001907349 10.1000003814697 9.99999904632568 9.90000057220459 9.90000057220459 10.3999996185303 11.2999992370605 12.2000007629395 12.6000003814697 12.5999984741211 -9999 -9999 -9999 -9999 -9999 -9999 -9999 -9999 -9999 -9999 -9999 -9999 -9999 12.5 12.5 12.5999984741211 12.5999984741211 12.6000003814697 12.7000007629395 12.8000011444092 12.8999996185303 13.0999984741211 -9999 -9999 -9999 -9999 -9999 -9999 -9999 -9999 -9999 12.4000015258789 12.5 12.3999996185303
10.6000003814697 10.5 10.5 10.5 10.8999996185303 11 10.8999996185303 10.8999996185303 10.7000007629395 10.5 10.2999992370605 10 10.0000009536743 9.99999904632568 10.1000003814697 9.79999923706055 10.1999998092651 10.7999992370605 10.7000007629395 10.6000003814697 10.4999990463257 10.3000011444092 9.99999904632568 10.0000009536743 10.3999996185303 11.0999994277954 11.8999996185303 12.5 -9999 -9999 -9999 -9999 -9999 -9999 -9999 -9999 -9999 -9999 -9999 -9999 -9999 12.6000003814697 12.8999996185303 -9999 -9999 12.6000003814697 12.5999984741211 12.5999984741211 12.8000011444092 13.1000003814697 -9999 -9999 -9999 -9999 -9999 -9999 -9999 -9999 -9999 -9999 -9999 -9999 -9999
10.6000003814697 10.6000003814697 10.6999988555908 10.7000007629395 10.8999996185303 10.8999996185303 11 10.9000015258789 10.8000011444092 10.7999992370605 10.6999988555908 10.6000003814697 10.4000015258789 10.5 10.1999998092651 9.79999923706055 10.0999994277954 10.6000003814697 10.3000001907349 10.1999988555908 10.0999994277954 10.0999994277954 10 10.0999994277954 10.1999998092651 11.1999988555908 11.8999996185303 12.5 -9999 -9999 -9999 -9999 -9999 -9999 -9999 -9999 -9999 -9999 -9999 -9999 -9999 -9999 -9999 -9999 -9999 12.6000003814697 12.6000003814697 12.6000003814697 12.8999996185303 13.1000003814697 -9999 -9999 -9999 -9999 -9999 -9999 -9999 -9999 -9999 -9999 -9999 -9999 -9999
10.7000007629395 10.6000003814697 10.8000011444092 10.7999992370605 10.9000015258789 10.8000011444092 10.8000011444092 10.8000011444092 10.8000011444092 10.7000007629395 10.6999988555908 10.5 10.3999996185303 10.6000003814697 10.0999994277954 9.69999885559082 9.89999961853027 10.5 10.2999992370605 9.89999961853027 9.79999923706055 9.69999980926514 9.79999923706055 9.89999961853027 10.5000009536743 11.5999984741211 12 12.5 -9999 -9999 -9999 -9999 -9999 -9999 -9999 -9999 -9999 -9999 -9999 -9999 -9999 -9999 -9999 -9999 -9999 12.3999996185303 12.5 12.5 12.7000007629395 12.9000015258789 -9999 -9999 -9999 -9999 -9999 -9999 -9999 -9999 12.1999988555908 12.3999996185303 12.3000011444092 -9999 -9999
-9999 10.7000007629395 10.7000007629395 10.7999992370605 10.7999992370605 10.7999992370605 10.7000007629395 10.6000003814697 10.5999984741211 10.3999996185303 10.3999996185303 10.2000007629395 10.0999994277954 10.2999992370605 9.89999961853027 9.69999885559082 9.80000019073486 10.3000001907349 10.2999992370605 10 9.89999961853027 9.80000019073486 9.89999961853027 10 10.3999996185303 11.3999996185303 12.1000003814697 12.3999996185303 -9999 -9999 -9999 -9999 -9999 -9999 -9999 -9999 -9999 -9999 -9999 -9999 -9999 -9999 -9999 -9999 12.3999996185303 12.3999996185303 12.4000015258789 12.3999996185303 12.5 12.8999996185303 -9999 -9999 -9999 -9999 -9999 -9999 -9999 -9999 12.2999992370605 12.1000003814697 11.8999996185303 11.8999996185303 11.6000003814697
10.5 10.6000003814697 10.6000003814697 10.6999988555908 10.6999988555908 10.8000011444092 10.7000007629395 10.5 10.3999996185303 10.1999988555908 10.1000003814697 9.99999904632568 10.0000009536743 9.89999961853027 9.59999942779541 9.59999942779541 9.49999904632568 10 10.1000003814697 9.70000076293945 9.79999923706055 10.0999994277954 10 10.1000003814697 10.3000001907349 11.1999998092651 11.7999992370605 12.3999996185303 -9999 -9999 -9999 -9999 -9999 -9999 -9999 -9999 -9999 -9999 -9999 -9999 -9999 -9999 -9999 12.6999988555908 12.3999996185303 12.2999992370605 12.3000011444092 12.3000011444092 12.6000003814697 12.8999996185303 -9999 -9999 -9999 -9999 -9999 -9999 -9999 -9999 12 11.8000011444092 11.6000003814697 11.6000003814697 11.1999998092651
10.5 10.6999988555908 10.7000007629395 10.6999988555908 10.8000011444092 10.8000011444092 10.7999992370605 10.6999988555908 10.5 10.3999996185303 10.1999988555908 10.0999994277954 10.0999994277954 9.80000019073486 9.70000076293945 10 9.70000076293945 9.70000076293945 9.99999904632568 9.69999980926514 10.1000003814697 10.5 10.4000005722046 10.0999994277954 10.5 11.2000007629395 11.8999996185303 12.3999996185303 -9999 -9999 -9999 -9999 -9999 -9999 -9999 -9999 -9999 -9999 -9999 -9999 -9999 -9999 -9999 -9999 -9999 12.2999992370605 12.2999992370605 12.3000011444092 12.6000003814697 12.7000007629395 -9999 -9999 -9999 -9999 -9999 -9999 -9999 -9999 11.8999996185303 11.3999996185303 11.0999994277954 10.9000005722046 10.5999994277954
-9999 10.6999988555908 10.6000003814697 10.7000007629395 10.8000011444092 10.7999992370605 10.8000011444092 10.7999992370605 10.7000007629395 10.5 10.5 10.3999996185303 10.5 10.2000007629395 10.3000001907349 10.0000009536743 9.69999980926514 9.60000038146973 9.59999942779541 9.80000019073486 10.2999992370605 10.9000005722046 10.5 10.2999992370605 10.8000001907349 10.8000001907349 11.7000007629395 12.3000011444092 -9999 -9999 -9999 -9999 -9999 -9999 -9999 -9999 -9999 -9999 -9999 -9999 -9999 -9999 -9999 -9999 -9999 -9999 12.1999988555908 12.3000011444092 12.5 12.7000007629395 -9999 -9999 12.3999996185303 -9999 -9999 -9999 -9999 -9999 11.7000007629395 11.3000011444092 10.8000001907349 10.6000003814697 10.4000005722046
-9999 -9999 10.6999988555908 10.7000007629395 10.7999992370605 10.8000011444092 10.7000007629395 10.5999984741211 10.5 10.7000007629395 10.5 10.5 10.3999996185303 10.3999996185303 10.1999998092651 9.89999961853027 9.60000038146973 9.5 9.89999961853027 10.3000001907349 10.6000003814697 11.1000003814697 10.6999998092651 10.5000009536743 11.0000009536743 10.8000001907349 11.2999992370605 12 12.5 -9999 -9999 -9999 -9999 -9999 -9999 -9999 -9999 -9999 -9999 -9999 -9999 -9999 -9999 -9999 -9999 -9999 -9999 12.3000011444092 12.3999996185303 12.7000007629395 -9999 -9999 12.5 -9999 -9999 -9999 -9999 11.8000011444092 11.6000003814697 11.3000001907349 10.8999996185303 10.5 10.4000005722046
-9999 -9999 -9999 -9999 10.7000007629395 10.8000011444092 10.7999992370605 10.8000011444092 10.7000007629395 10.5 10.3999996185303 10.3999996185303 10.5 10.1999998092651 10 9.89999961853027 9.59999942779541 9.60000038146973 10.1000003814697 10.5999994277954 11.1000003814697 11.2999992370605 10.9000005722046 10.6999998092651 11.2999992370605 11.1000003814697 11.3999996185303 12.0999984741211 12.5 -9999 -9999 -9999 -9999 -9999 -9999 -9999 -9999 -9999 -9999 -9999 -9999 -9999 -9999 -9999 12.6999988555908 -9999 -9999 12.2999992370605 12.4000015258789 12.5 -9999 -9999 -9999 -9999 -9999 11.7999992370605 11.7000007629395 11.5999984741211 11.4000005722046 11.2000007629395 10.6999998092651 10.5 10.3999996185303
-9999 -9999 -9999 -9999 -9999 10.7999992370605 10.6999988555908 10.5999984741211 10.7000007629395 10.7000007629395 10.6999988555908 10.6999988555908 10.6000003814697 10.2999992370605 10 9.79999923706055 9.89999961853027 9.69999885559082 9.80000019073486 10.3999996185303 11 11.3999996185303 11.3000011444092 11.2000007629395 11.6000003814697 11.1999988555908 11.6000003814697 12.3000011444092 12.4000015258789 -9999 -9999 -9999 -9999 -9999 -9999 -9999 -9999 -9999 -9999 12.3999996185303 12.6000003814697 -9999 -9999 12.3999996185303 12.6000003814697 -9999 -9999 12.1999988555908 12.3000011444092 12.5999984741211 12.4000015258789 -9999 -9999 12.1000003814697 11.5 11.3000001907349 11.1999998092651 11.1000003814697 10.9999990463257 10.6999988555908 10.6999998092651 10.7000007629395 10.6000003814697
-9999 -9999 -9999 -9999 -9999 -9999 10.6999988555908 10.5 10.5999984741211 10.6999988555908 10.6000003814697 10.7000007629395 10.7000007629395 10.6000003814697 10.3999996185303 10.3000011444092 10.3000001907349 9.80000019073486 9.79999923706055 10.3999996185303 10.7999992370605 11.2999992370605 11.7000007629395 11.5999984741211 11.6000003814697 11.2000007629395 11.7000007629395 12.3999996185303 12.5 -9999 -9999 -9999 -9999 -9999 -9999 -9999 -9999 -9999 -9999 12.2000007629395 12.5 -9999 -9999 12.2999992370605 12.5 -9999 -9999 12.1999988555908 12.2999992370605 12.5 12.3000011444092 -9999 -9999 11.8999996185303 11.2999992370605 11.0999994277954 10.9000005722046 10.8000001907349 10.7999992370605 10.7999992370605 10.6999988555908 10.6000003814697 10.3000001907349
-9999 -9999 -9999 -9999 -9999 -9999 10.7999992370605 10.5 10.1999998092651 10.6000003814697 10.5 10.5 10.5999984741211 10.5 10.1999988555908 10.1999998092651 10 9.80000019073486 9.80000019073486 10.0000009536743 10.3999996185303 10.8000001907349 11.5 12 11.6000003814697 11.3999996185303 11.7000007629395 12.2999992370605 12.3999996185303 -9999 -9999 -9999 -9999 -9999 -9999 -9999 -9999 -9999 -9999 12.1999988555908 12.2000007629395 -9999 -9999 12.2000007629395 12.2999992370605 -9999 -9999 12.2999992370605 12.2999992370605 12.5 12.3000011444092 -9999 -9999 11.6000003814697 11.3000001907349 11.1000003814697 10.9999990463257 11.1000003814697 10.6999998092651 10.6000003814697 10.3000001907349 10.3000011444092 10.2000007629395
-9999 -9999 -9999 -9999 -9999 -9999 -9999 10.3999996185303 10.0999994277954 10.5 10.3999996185303 10.3999996185303 10.2999992370605 10.5 10.1000003814697 9.80000114440918 9.60000038146973 9.60000038146973 9.79999923706055 10.2999992370605 10.7999992370605 10.9000005722046 11.1999998092651 11.8999996185303 11.8999996185303 11.8000011444092 12 12.3999996185303 12.3999977111816 -9999 -9999 -9999 -9999 -9999 -9999 -9999 -9999 -9999 11.8999996185303 12 12.1000003814697 -9999 -9999 12.1000003814697 12.2000007629395 12.1999988555908 12.1000003814697 12.2999992370605 12.2999992370605 12.3999996185303 12.2999992370605 -9999 12.2000007629395 11.5999994277954 11.4999990463257 11.4999990463257 11.1999998092651 10.8999996185303 10.5999994277954 10.2999992370605 10.2999992370605 10.2999992370605 10.1999998092651
-9999 -9999 -9999 -9999 -9999 -9999 -9999 10.6000003814697 10.2999992370605 10.4000015258789 10.1000003814697 10.2000007629395 10.1000003814697 10.1000003814697 10.3000001907349 10 9.60000038146973 9.69999980926514 9.89999961853027 10.6999998092651 11.4000015258789 11.3999996185303 11.3999996185303 11.9000015258789 12 11.7999992370605 12.2999992370605 12.3999996185303 -9999 -9999 -9999 -9999 -9999 -9999 -9999 -9999 -9999 -9999 11.7999992370605 11.8999996185303 12 12 -9999 11.8999996185303 11.8999996185303 12 12.2000007629395 12.1999988555908 12.2999992370605 12.3999996185303 12.2000007629395 12.1999988555908 12.1000003814697 11.8000011444092 11.6999988555908 11.3000001907349 10.9000005722046 10.5999994277954 10.3999996185303 10.1999998092651 10.2000007629395 10.1999998092651 10.1999998092651
10.6999988555908 -9999 -9999 -9999 -9999 -9999 -9999 10.7999992370605 10.5999984741211 10.6000003814697 10.1999998092651 10.3999996185303 10.3000001907349 9.99999904632568 9.69999885559082 9.60000038146973 9.69999885559082 9.79999923706055 10.1999998092651 10.8999996185303 11.5 11.8999996185303 11.9000015258789 12 12.2000007629395 12.2000007629395 12.3999996185303 -9999 -9999 -9999 -9999 -9999 -9999 -9999 -9999 12 12 11.8999996185303 12 11.7999992370605 11.8000011444092 11.8000011444092 11.6999988555908 11.8000011444092 11.8999996185303 12 12.1000003814697 12.2000007629395 12.1999988555908 12.3999996185303 12.2999992370605 12.2000007629395 12.1000003814697 11.6999988555908 11.5000009536743 11.2999992370605 11.0000009536743 10.5 10.4000005722046 10.3000011444092 10.3000011444092 10.2999992370605 10.4000005722046
10.7000007629395 10.7000007629395 -9999 10.8000011444092 -9999 -9999 -9999 -9999 -9999 -9999 10.3999996185303 10.5 10.3999996185303 10 9.69999980926514 9.70000076293945 10 10 10.6999998092651 11.4000015258789 11.8000011444092 12 12.1000003814697 12 12.1999988555908 12.3999996185303 -9999 -9999 -9999 -9999 -9999 -9999 -9999 -9999 -9999 12.0999984741211 12.1999988555908 12.3000011444092 12.2000007629395 12.1000003814697 -9999 11.7999992370605 11.8000011444092 11.8999996185303 12 12 12.1000003814697 12.1000003814697 12.2000007629395 12.2999992370605 12.2000007629395 12 11.7999992370605 11.7000007629395 11.4000005722046 11.2999992370605 11.2000007629395 10.8999996185303 10.6000003814697 10.5 10.4000005722046 10.5 10.6000003814697
10.6000003814697 10.7000007629395 10.6999988555908 10.6000003814697 -9999 -9999 -9999 -9999 -9999 -9999 10.4000015258789 10.3999996185303 10.2000007629395 10 9.70000076293945 9.69999980926514 10.1000003814697 10.5999994277954 11.2000007629395 11.2999992370605 11.5 11.7000007629395 12.1000003814697 12.3000011444092 -9999 -9999 -9999 -9999 -9999 -9999 -9999 -9999 -9999 -9999 -9999 -9999 12.3000011444092 12.2999992370605 -9999 -9999 -9999 11.8999996185303 -9999 -9999 12 12 12.0999984741211 -9999 -9999 -9999 12.1999988555908 11.8999996185303 11.6000003814697 11.5999994277954 11.4999990463257 11.5 11.1999998092651 11 10.6999998092651 10.8000001907349 10.5999994277954 10.6999998092651 10.7000007629395
10.3999996185303 10.5999984741211 10.7000007629395 10.7000007629395 -9999 -9999 -9999 -9999 -9999 -9999 -9999 10.5 10.2000007629395 9.90000057220459 9.69999980926514 9.69999980926514 9.90000057220459 10.3000001907349 10.5999994277954 10.7000007629395 11.3000011444092 11.5 11.8999996185303 12.2999992370605 -9999 -9999 -9999 -9999 -9999 -9999 -9999 -9999 -9999 -9999 -9999 -9999 -9999 -9999 -9999 -9999 -9999 -9999 -9999 -9999 -9999 -9999 -9999 -9999 -9999 -9999 12 12 11.6999988555908 11.7000007629395 11.6000003814697 11.5 11.3000011444092 11.2999992370605 11 11 11 11 10.7999992370605
