G_variables/Set_1/Choco/bio_7.asc
NCOLS 367 
NROWS 963 
XLLCORNER -78.6 
YLLCORNER 0.65 
CELLSIZE 0.00833333333333323 
NODATA_value -9999 
[rows 728 to 755 of 963, columns 189 to 251 of 367]
12.0999984741211 12.1999988555908 12.1000003814697 12.1000003814697 12.2000007629395 12.2000007629395 12.1000003814697 11.6000003814697 11.7999992370605 11.5 11.3999996185303 10.5999994277954 9.89999961853027 9.89999961853027 10.0999994277954 -9999 -9999 -9999 -9999 -9999 -9999 -9999 -9999 -9999 -9999 -9999 -9999 -9999 -9999 -9999 -9999 -9999 -9999 -9999 -9999 -9999 -9999 -9999 -9999 -9999 -9999 -9999 -9999 -9999 -9999 -9999 -9999 -9999 -9999 -9999 -9999 -9999 -9999 -9999 -9999 -9999 -9999 -9999 -9999 -9999 -9999 -9999 -9999
12.1000003814697 12.1000003814697 12.1000003814697 12.1999988555908 12.0999984741211 11.9999990463257 11.6999998092651 11.3000001907349 11.5000009536743 11.5 11 10.3999996185303 9.80000019073486 9.99999904632568 10.2000007629395 -9999 -9999 -9999 -9999 -9999 -9999 -9999 -9999 -9999 -9999 -9999 -9999 -9999 -9999 -9999 -9999 -9999 -9999 -9999 -9999 -9999 -9999 -9999 -9999 -9999 -9999 -9999 -9999 -9999 -9999 -9999 -9999 -9999 -9999 -9999 -9999 -9999 -9999 -9999 -9999 -9999 -9999 -9999 -9999 -9999 -9999 -9999 -9999
12.2000007629395 12.1000003814697 12.2000007629395 12.1999988555908 12.0999984741211 12 11.7999992370605 11.6999998092651 11.3999996185303 11.2000007629395 10.3999996185303 9.89999961853027 9.89999961853027 9.90000057220459 10.4000005722046 10.8000011444092 -9999 -9999 -9999 -9999 -9999 -9999 -9999 -9999 -9999 -9999 -9999 -9999 -9999 -9999 -9999 -9999 -9999 -9999 -9999 -9999 -9999 -9999 -9999 -9999 -9999 -9999 -9999 -9999 -9999 -9999 -9999 -9999 -9999 -9999 -9999 -9999 -9999 -9999 -9999 -9999 -9999 -9999 -9999 -9999 -9999 -9999 -9999
12.1000003814697 12 12.1000003814697 12.1999988555908 12.1000003814697 12.0999994277954 12.1000003814697 12.0999994277954 11.8000001907349 10.9999990463257 10.2999992370605 9.99999904632568 9.89999961853027 10.0999994277954 10.5 11.0999994277954 -9999 -9999 -9999 -9999 -9999 -9999 -9999 -9999 -9999 -9999 -9999 -9999 -9999 -9999 -9999 -9999 -9999 -9999 -9999 -9999 -9999 -9999 -9999 -9999 -9999 -9999 -9999 -9999 -9999 -9999 -9999 -9999 -9999 -9999 -9999 -9999 -9999 -9999 -9999 -9999 -9999 -9999 -9999 -9999 -9999 -9999 -9999
12 11.9000005722046 12 12 12.1999988555908 11.8999996185303 11.8000011444092 11.3000001907349 11 10.5 10.0999994277954 10.1000003814697 9.99999904632568 10.2000007629395 10.8000011444092 11.2999992370605 11.5999994277954 -9999 -9999 -9999 -9999 -9999 -9999 -9999 -9999 -9999 -9999 -9999 -9999 -9999 -9999 -9999 -9999 -9999 -9999 -9999 -9999 -9999 -9999 -9999 -9999 -9999 -9999 -9999 -9999 -9999 -9999 -9999 -9999 -9999 -9999 -9999 -9999 -9999 -9999 -9999 -9999 -9999 -9999 -9999 -9999 -9999 -9999
11.8000011444092 11.7000007629395 11.8999996185303 11.6999988555908 12.1000003814697 12.1000003814697 12 11.5000009536743 10.5 10.0999994277954 10.0999994277954 10.3999996185303 10.2999992370605 10.5999994277954 10.9999990463257 11.5 11.7000007629395 -9999 -9999 -9999 -9999 -9999 -9999 -9999 -9999 -9999 -9999 -9999 -9999 -9999 -9999 -9999 -9999 -9999 -9999 -9999 -9999 -9999 -9999 -9999 -9999 -9999 -9999 -9999 -9999 -9999 -9999 -9999 -9999 -9999 -9999 -9999 -9999 -9999 -9999 -9999 -9999 -9999 -9999 -9999 -9999 -9999 -9999
11.8000001907349 11.4999990463257 11.6000003814697 11.4000005722046 11.9999990463257 12 11.6999998092651 11.8000001907349 10.8000001907349 10.1000003814697 10.1999998092651 10.5999994277954 10.8000011444092 10.8999996185303 11.4000005722046 11.6999988555908 12 11.9000005722046 -9999 -9999 -9999 -9999 -9999 -9999 -9999 -9999 -9999 -9999 -9999 -9999 -9999 -9999 -9999 -9999 -9999 -9999 -9999 -9999 -9999 -9999 -9999 -9999 -9999 -9999 -9999 -9999 -9999 -9999 -9999 -9999 -9999 -9999 -9999 -9999 -9999 -9999 -9999 -9999 -9999 -9999 -9999 -9999 -9999
11.7999992370605 11.3999996185303 10.8999996185303 10.9999990463257 11.7999992370605 11.7000007629395 10.9000005722046 10.9999990463257 10.5999994277954 10.0000009536743 10.1000003814697 10.4000005722046 10.9000005722046 11.3000001907349 11.4000005722046 11.8999996185303 12.1000003814697 12.0999994277954 12.3999996185303 -9999 -9999 -9999 -9999 -9999 -9999 -9999 -9999 -9999 -9999 -9999 -9999 -9999 -9999 -9999 -9999 -9999 -9999 -9999 -9999 -9999 -9999 -9999 -9999 -9999 -9999 -9999 -9999 -9999 -9999 -9999 -9999 -9999 -9999 -9999 -9999 -9999 -9999 -9999 -9999 -9999 -9999 -9999 -9999
12.0000009536743 11.5000009536743 10.7000007629395 10.5 11 11.3000001907349 11 9.99999904632568 9.89999961853027 10 10.2000007629395 10.6000003814697 10.9000005722046 11.3000001907349 11.7000007629395 11.8999996185303 12.2000007629395 12.3999996185303 12.6000003814697 12.8999996185303 -9999 -9999 -9999 -9999 -9999 -9999 -9999 -9999 -9999 -9999 -9999 -9999 -9999 -9999 -9999 -9999 -9999 -9999 -9999 -9999 -9999 -9999 -9999 -9999 -9999 -9999 -9999 -9999 -9999 -9999 -9999 -9999 -9999 -9999 -9999 -9999 -9999 -9999 -9999 -9999 -9999 -9999 -9999
11.6999988555908 11.5999994277954 10.6000003814697 10.1000003814697 10.1999998092651 10.6000003814697 10.2999992370605 9.79999923706055 9.89999961853027 10.1000003814697 10.2999992370605 10.6999998092651 11.1000003814697 11.3999996185303 11.8000001907349 12 12.2000007629395 12.5999994277954 12.6000003814697 12.8999996185303 12.8000001907349 13 -9999 -9999 -9999 -9999 -9999 -9999 -9999 -9999 -9999 -9999 -9999 -9999 -9999 -9999 -9999 -9999 -9999 -9999 -9999 -9999 -9999 -9999 -9999 -9999 -9999 -9999 -9999 -9999 -9999 -9999 -9999 -9999 -9999 -9999 -9999 -9999 -9999 -9999 -9999 -9999 -9999
11.6999988555908 11.9000005722046 11.3000001907349 10.6000003814697 10.7000007629395 9.89999961853027 9.79999923706055 9.89999961853027 9.90000057220459 10.0000009536743 10.1999988555908 10.7000007629395 11.2000007629395 11.5 11.7999992370605 12.2000007629395 12.4000005722046 12.5999994277954 12.7999992370605 12.9000005722046 13.0999994277954 13.1000003814697 13.0999994277954 13.3000001907349 -9999 -9999 -9999 -9999 -9999 -9999 -9999 -9999 -9999 -9999 -9999 -9999 -9999 -9999 -9999 -9999 -9999 -9999 -9999 -9999 -9999 -9999 -9999 -9999 -9999 -9999 -9999 -9999 -9999 -9999 -9999 -9999 -9999 -9999 -9999 -9999 -9999 -9999 -9999
12 11.9999990463257 11.5999994277954 11.4000005722046 11.1999998092651 10.1999988555908 9.80000114440918 9.79999923706055 9.89999961853027 10.0999994277954 10.4000005722046 10.9000005722046 11.3999996185303 11.6000003814697 11.8999996185303 12.1999988555908 12.4000005722046 12.6000003814697 12.7999992370605 12.6999998092651 12.8999996185303 13.1000003814697 13.1999998092651 13.1999998092651 13.2999992370605 13.3000001907349 13.1999998092651 -9999 -9999 -9999 -9999 -9999 -9999 -9999 -9999 -9999 -9999 -9999 -9999 -9999 -9999 -9999 -9999 -9999 -9999 -9999 -9999 -9999 -9999 -9999 -9999 -9999 -9999 -9999 -9999 -9999 -9999 -9999 -9999 -9999 -9999 -9999 -9999
12.0000009536743 11.7000007629395 11.1999998092651 11.4999990463257 11 10.3000001907349 9.90000057220459 10 10 10.1000003814697 10.4999990463257 10.8999996185303 11.3999996185303 11.7000007629395 11.9999990463257 12.2000007629395 12.5000009536743 12.7000007629395 12.5999994277954 12.8000011444092 12.9000005722046 13.2000007629395 13.1999988555908 13.1999998092651 13.1000003814697 13.1999988555908 13.1999998092651 13.1000003814697 13.2000007629395 13.1000003814697 -9999 -9999 -9999 -9999 -9999 -9999 -9999 -9999 -9999 -9999 -9999 -9999 -9999 -9999 -9999 -9999 -9999 -9999 -9999 -9999 -9999 -9999 -9999 -9999 -9999 -9999 -9999 -9999 -9999 -9999 -9999 -9999 -9999
11.6000003814697 11.3999996185303 10.8999996185303 10.5999994277954 10.8000011444092 10.4000005722046 10 10 10.1999998092651 10.3000001907349 10.6999998092651 11.2000007629395 11.6000003814697 11.8000001907349 12.0000009536743 12.2999992370605 12.4999990463257 12.5999994277954 12.6999998092651 12.8000011444092 12.7999992370605 13.1000003814697 13 13.2000007629395 13.0999994277954 13.0999994277954 13.1000003814697 13.2000007629395 13.2000007629395 13.1000003814697 13.1000003814697 13 13.0999994277954 -9999 -9999 -9999 -9999 -9999 -9999 -9999 -9999 -9999 -9999 -9999 -9999 -9999 -9999 -9999 -9999 -9999 -9999 -9999 -9999 -9999 -9999 -9999 -9999 -9999 -9999 -9999 -9999 -9999 -9999
11.8999996185303 11.6000003814697 11.1999988555908 10.1999998092651 10 9.99999904632568 10 10 10.1000003814697 10.7000007629395 10.9999990463257 11.2000007629395 11.6000003814697 11.8999996185303 12 12.2999992370605 12.4000005722046 12.4999990463257 12.7999992370605 12.8000001907349 12.9999990463257 13.1000003814697 13.1000003814697 12.9999990463257 13 13.0999994277954 13.0999994277954 13.1000003814697 13.1000003814697 13.1000003814697 13.1000003814697 13.1000003814697 13.1000003814697 13.1000003814697 13.1000003814697 13.1000003814697 -9999 -9999 -9999 -9999 -9999 -9999 -9999 -9999 -9999 -9999 -9999 -9999 -9999 -9999 -9999 -9999 -9999 -9999 -9999 -9999 -9999 -9999 -9999 -9999 -9999 -9999 -9999
11.8000001907349 11.6000003814697 10.5999994277954 10 10 10 10 10.1000003814697 10.3000011444092 10.6999998092651 11.3000001907349 11.5 11.7999992370605 11.8999996185303 12 12.1000003814697 12.3999996185303 12.6000003814697 12.6999998092651 12.9000005722046 12.8999996185303 12.8999996185303 13 12.9000005722046 12.8999996185303 13 13 13 13 13.1000003814697 13.1000003814697 13.1000003814697 13 13 13.0999994277954 13.2000007629395 13.0999994277954 13.0999994277954 -9999 -9999 -9999 -9999 -9999 -9999 -9999 -9999 -9999 -9999 -9999 -9999 -9999 -9999 -9999 -9999 -9999 -9999 -9999 -9999 -9999 -9999 -9999 -9999 -9999
11.5999994277954 11.5999994277954 10.8000001907349 10.1000003814697 9.90000057220459 10.1000003814697 10.0999994277954 10.3000011444092 10.4999990463257 11.0000009536743 11.5 11.8000011444092 11.8999996185303 12 12.1000003814697 12.1999998092651 12.3000001907349 12.6000003814697 12.6999998092651 12.7999992370605 12.7000007629395 12.6999998092651 12.8000011444092 12.6999998092651 12.8000011444092 12.8999996185303 12.8999996185303 13 13.1000003814697 13 13 13.1000003814697 13.1000003814697 13 13.1000003814697 13.1999998092651 13.1999998092651 13.1999998092651 13.1999988555908 13.1000003814697 -9999 -9999 -9999 -9999 -9999 -9999 -9999 -9999 -9999 -9999 -9999 -9999 -9999 -9999 -9999 -9999 -9999 -9999 -9999 -9999 -9999 -9999 -9999
11.3000011444092 11.5999994277954 10.6999998092651 10 9.99999904632568 10.1000003814697 10.2999992370605 10.6000003814697 10.6999998092651 10.8999996185303 11.2999992370605 11.6999988555908 12.1000003814697 12.0999994277954 12.1999998092651 12.2000007629395 12.3000011444092 12.3999996185303 12.5 12.7000007629395 12.6999988555908 12.7000007629395 12.5999994277954 12.6999998092651 12.7000007629395 12.8999996185303 12.8999996185303 13 13 13.1000003814697 13 13 13.1000003814697 13.1000003814697 13.1000003814697 13.0999994277954 13.1000003814697 13.1000003814697 13.2000007629395 13.1000003814697 13.0000009536743 13.1000003814697 -9999 -9999 -9999 -9999 -9999 -9999 -9999 -9999 -9999 -9999 -9999 -9999 -9999 -9999 -9999 -9999 -9999 -9999 -9999 -9999 -9999
11.1999988555908 11.1999998092651 10.6999998092651 10.0999994277954 9.99999904632568 10.3999996185303 10.6000003814697 10.9000005722046 10.9000005722046 11.1000003814697 11.1000003814697 11.5999994277954 12 12.2999992370605 12.3000011444092 12.4000005722046 12.2999992370605 12.3999996185303 12.4000005722046 12.5 12.5999994277954 12.5999994277954 12.6000003814697 12.5999994277954 12.6000003814697 12.7000007629395 12.8999996185303 12.8999996185303 13 13 13.1000003814697 13.1000003814697 13.1000003814697 13.1000003814697 13.2000007629395 13.1000003814697 13.1999998092651 13.1000003814697 13.0000009536743 13.1999988555908 13.1000003814697 13 13.1000003814697 13 -9999 -9999 -9999 -9999 -9999 -9999 -9999 -9999 -9999 -9999 -9999 -9999 -9999 -9999 -9999 -9999 -9999 -9999 -9999
10.8000001907349 10.8999996185303 10.3000001907349 10.0000009536743 10.3000001907349 10.7000007629395 11.1000003814697 11.2000007629395 11.2000007629395 11.4999990463257 11.5999994277954 11.9000005722046 12.1000003814697 12.3999996185303 12.3000011444092 12.4000005722046 12.2999992370605 12.4000005722046 12.4000005722046 12.5 12.6000003814697 12.5999994277954 12.6000003814697 12.3999996185303 12.5000009536743 12.6000003814697 12.7999992370605 12.8999996185303 12.8999996185303 13 13 13.1000003814697 13.1000003814697 13.1000003814697 13.2000007629395 13.2000007629395 13.1000003814697 13.1000003814697 13.0999994277954 13.1000003814697 13.0999994277954 13.0999994277954 13 13 13.1000003814697 -9999 -9999 -9999 -9999 -9999 -9999 -9999 -9999 -9999 -9999 -9999 -9999 -9999 -9999 -9999 -9999 -9999 -9999
10.3999996185303 10.6000003814697 10.1000003814697 10.1999998092651 10.5999994277954 11 11.3000011444092 11.3999996185303 11.6000003814697 11.7000007629395 11.8999996185303 12.1000003814697 12.3000001907349 12.4999990463257 12.4000005722046 12.5000009536743 12.3999996185303 12.5 12.6999998092651 12.8000011444092 12.3999996185303 12.5 12.5000009536743 12.6000003814697 12.6000003814697 12.4999990463257 12.7000007629395 12.7000007629395 12.7999992370605 12.7999992370605 12.8999996185303 13 13 13 13.1000003814697 13.1000003814697 13.2000007629395 13.1000003814697 13.1000003814697 13.0000009536743 13 13.0999994277954 13.0999994277954 13.0999994277954 13.0999994277954 13.1999988555908 -9999 -9999 -9999 -9999 -9999 -9999 -9999 -9999 -9999 -9999 -9999 -9999 -9999 -9999 -9999 -9999 -9999
10 10.1999998092651 9.99999904632568 10.0999994277954 10.2999992370605 11 11.4999990463257 11.7000007629395 11.9000005722046 12 12 12 12.3000011444092 12.5 12.5 12.5999994277954 12.6000003814697 12.7999992370605 12.9999990463257 12.8999996185303 12.7999992370605 12.8000001907349 12.8000001907349 12.8999996185303 12.7000007629395 12.5999994277954 12.7999992370605 12.5999994277954 12.7000007629395 12.6999988555908 12.7999992370605 12.8999996185303 12.8999996185303 13 13.1000003814697 13.1000003814697 13 13.0999994277954 13.0999994277954 13.1000003814697 13 13 13 13.1000003814697 13.1000003814697 13.1000003814697 13.1999988555908 13.1000003814697 -9999 -9999 -9999 -9999 -9999 -9999 -9999 -9999 -9999 -9999 -9999 -9999 -9999 -9999 -9999
10.0999994277954 10.3000001907349 10.1999988555908 10.1000003814697 10.3999996185303 11.1000003814697 11.5000009536743 11.8999996185303 12 12.5000009536743 12.5 12 12.1000003814697 12.2999992370605 12.3999996185303 12.6000003814697 12.6000003814697 12.8999996185303 13.1000003814697 13.1000003814697 12.9999990463257 12.8999996185303 12.8000001907349 12.8999996185303 12.8000001907349 12.6000003814697 12.9000005722046 12.8999996185303 12.6999998092651 12.6000003814697 12.7000007629395 12.7999992370605 12.9000005722046 12.8999996185303 12.9999990463257 12.9999990463257 13 13.0999994277954 13.0000009536743 13.1000003814697 13.0999994277954 13 13 12.8999996185303 12.8999996185303 13 13 13 13 -9999 -9999 -9999 -9999 -9999 -9999 -9999 -9999 -9999 -9999 -9999 -9999 -9999 -9999
10.2999992370605 10.5999994277954 10.3000011444092 10.0999994277954 10.3000001907349 10.9000005722046 11.5999994277954 12.0999994277954 12.2000007629395 12.6999998092651 12.6999998092651 12.5000009536743 12.2999992370605 12.3000001907349 12.3999996185303 12.5 12.9000005722046 13.0999994277954 13.2000007629395 13.1999998092651 13.1000003814697 12.9000005722046 13 12.9999990463257 13 12.7000007629395 12.8999996185303 12.8999996185303 12.7999992370605 12.6000003814697 12.4999990463257 12.5999994277954 12.8000001907349 12.9000005722046 12.9000005722046 13.0000009536743 13.0000009536743 12.9999990463257 13.0000009536743 13 13.0000009536743 12.8999996185303 13 13 12.7999992370605 12.8999996185303 12.8000011444092 12.8000011444092 12.8000001907349 12.8000001907349 -9999 -9999 -9999 -9999 -9999 -9999 -9999 -9999 -9999 -9999 -9999 -9999 -9999
10.6999998092651 10.7999992370605 10.3000001907349 10.2000007629395 10.5 11.2000007629395 11.9000005722046 12.4000005722046 12.5999994277954 12.7000007629395 12.8999996185303 12.8000001907349 12.7000007629395 12.8999996185303 12.8000001907349 12.6000003814697 12.7000007629395 13.1999998092651 13.2999992370605 13.3000011444092 13.1000003814697 13 13 13 13 12.8999996185303 13 12.9000005722046 12.6999998092651 12.5 12.3999996185303 12.4999990463257 12.5999994277954 12.8000001907349 12.9000005722046 12.9000005722046 12.8999996185303 12.8999996185303 12.8999996185303 13 12.8999996185303 13 12.8999996185303 12.7999992370605 12.7999992370605 12.8000011444092 12.7000007629395 12.6999998092651 12.5999994277954 12.5000009536743 12.3999996185303 -9999 -9999 -9999 -9999 -9999 -9999 -9999 -9999 -9999 -9999 -9999 -9999
11.1999998092651 11 10.5000009536743 10.3000001907349 10.8000001907349 11.3999996185303 11.8999996185303 12.2999992370605 12.6000003814697 12.7999992370605 12.8999996185303 13 13.0999994277954 13.0000009536743 12.9000005722046 12.6000003814697 13 13.2999992370605 13.3999996185303 13.3999996185303 13.1000003814697 13 13 13.1000003814697 13.1000003814697 13.0999994277954 12.9999990463257 12.8000001907349 12.7000007629395 12.5 12.3999996185303 12.5999994277954 12.5999994277954 12.6999988555908 12.6999988555908 12.7999992370605 12.7999992370605 12.7999992370605 12.8999996185303 12.8999996185303 13 12.8999996185303 12.8999996185303 12.7999992370605 12.7000007629395 12.7000007629395 12.5999994277954 12.5999994277954 12.5000009536743 12.2999992370605 12.2000007629395 12.1000003814697 11.8999996185303 -9999 -9999 -9999 -9999 -9999 -9999 -9999 -9999 -9999 -9999
11.5000009536743 11.0999994277954 10.5 10.6000003814697 10.9000005722046 11.3000001907349 11.7000007629395 12.3999996185303 12.6000003814697 12.5 13 13.1000003814697 13.2000007629395 13.0999994277954 12.8999996185303 12.8000001907349 13.1000003814697 13.3999996185303 13.5 13.3999996185303 13.1999988555908 13 13.1999988555908 13.2999992370605 13.2999992370605 13.2000007629395 12.8999996185303 12.6999988555908 12.8000011444092 12.7999992370605 12.6999998092651 12.5999994277954 12.6000003814697 12.6999998092651 12.6999988555908 12.7000007629395 12.7999992370605 12.8000011444092 12.7999992370605 12.8999996185303 12.8999996185303 12.8999996185303 12.7999992370605 12.8000011444092 12.4999990463257 12.4999990463257 12.4000005722046 12.3999996185303 12.2999992370605 12.1999998092651 12 12 11.6999988555908 11.5999994277954 -9999 -9999 -9999 -9999 -9999 -9999 -9999 -9999 -9999
11.6999998092651 11.1999998092651 10.8000001907349 10.8000001907349 11.0999994277954 11.4000005722046 11.8000001907349 12.1000003814697 12.4000005722046 12.5000009536743 12.8999996185303 13.2000007629395 13.2000007629395 13.2000007629395 13 13.1000003814697 13.3000011444092 13.6000003814697 13.6000003814697 13.5 13.3999996185303 13.3000011444092 13.3999996185303 13.3999996185303 13.1999988555908 13.1000003814697 13.1000003814697 13 12.9000005722046 12.8000001907349 12.8000001907349 12.8000001907349 12.6999988555908 12.6999998092651 12.6999988555908 12.7000007629395 12.7000007629395 12.7000007629395 12.7000007629395 12.7999992370605 12.7999992370605 12.8999996185303 12.7000007629395 12.6999998092651 12.5999994277954 12.3999996185303 12.3000011444092 12.2000007629395 12.0999994277954 12 11.8000001907349 11.6999998092651 11.6999998092651 11.3999996185303 11.1999998092651 -9999 -9999 -9999 -9999 -9999 -9999 -9999 -9999
