G_variables/Set_1/Choco/bio_4.asc
NCOLS 367 
NROWS 963 
XLLCORNER -78.6 
YLLCORNER 0.65 
CELLSIZE 0.00833333333333323 
NODATA_value -9999 
[rows 810 to 836 of 963, columns 177 to 235 of 367]
-9999 -9999 -9999 -9999 -9999 -9999 -9999 -9999 -9999 -9999 -9999 -9999 -9999 -9999 -9999 56.2192687988281 55.3689384460449 53.0151557922363 52.1942710876465 53.3357086181641 -9999 -9999 51.6471138000488 52.2722358703613 51.5277824401855 54.7238426208496 53.9412536621094 48.7320327758789 53.7812652587891 51.6306190490723 45.4772720336914 35.4195747375488 31.5388069152832 27.7536640167236 23.8365612030029 21.9977569580078 20.8166599273682 25.6580200195312 29.2682247161865 23.6571235656738 21.2488632202148 24.1522884368896 32.1543388366699 36.0765266418457 -9999 -9999 -9999 -9999 -9999 -9999 -9999 -9999 -9999 -9999 -9999 -9999 -9999 -9999 -9999
-9999 -9999 -9999 -9999 -9999 -9999 -9999 -9999 -9999 -9999 -9999 -9999 -9999 -9999 -9999 55.3278846740723 54.8741607666016 52.2867240905762 54.3696670532227 55.384334564209 55.616382598877 55.2045288085938 54.7238426208496 52.8057518005371 54.0342292785645 53.3143920898438 55.0258140563965 52.8057479858398 54.1235313415527 49.9772682189941 38.7787094116211 32.0747337341309 30.6834907531738 27.971170425415 26.198543548584 29.2682247161865 26.2959575653076 21.7901496887207 24.0107421875 19.0045871734619 21.4749431610107 25.746431350708 35.0864753723145 34.4078712463379 -9999 -9999 -9999 -9999 -9999 -9999 -9999 -9999 -9999 -9999 -9999 -9999 -9999 -9999 -9999
-9999 -9999 -9999 -9999 -9999 -9999 -9999 -9999 -9999 -9999 -9999 -9999 51.0495834350586 50.4130744934082 -9999 -9999 54.3278427124023 54.9155654907227 56.9821662902832 57.7743759155273 60.65771484375 57.5181159973145 60.3822898864746 53.8146934509277 52.4621086120605 53.9552993774414 53.3481025695801 54.2493438720703 53.4899559020996 38.6319160461426 35.170051574707 34.0676727294922 32.991626739502 32.2719268798828 32.7178039550781 30.1856670379639 24.3086128234863 22.5756320953369 20.4865074157715 20.3380317687988 18.8092555999756 28.955940246582 30.6989231109619 -9999 -9999 -9999 -9999 -9999 -9999 -9999 -9999 -9999 -9999 -9999 -9999 -9999 -9999 -9999 -9999
-9999 -9999 -9999 -9999 -9999 -9999 -9999 -9999 -9999 -9999 -9999 -9999 51.6251182556152 49.7017593383789 -9999 -9999 53.532413482666 54.0815277099609 60.7840118408203 48.1691284179688 47.041259765625 61.7592582702637 57.4851760864258 54.3348274230957 54.319149017334 51.757007598877 51.5424995422363 55.0413055419922 50.377368927002 39.7053642272949 39.8553199768066 41.7310218811035 37.4444198608398 38.284725189209 33.2660331726074 27.9169425964355 21.141658782959 24.2930488586426 20.9391345977783 22.3734016418457 21.2622623443604 26.5824737548828 25.3572883605957 -9999 -9999 -9999 -9999 -9999 -9999 -9999 -9999 -9999 -9999 -9999 -9999 -9999 -9999 -9999 -9999
-9999 -9999 -9999 -9999 -9999 -9999 -9999 -9999 -9999 -9999 -9999 -9999 51.5222854614258 49.3518524169922 51.3215522766113 51.3455276489258 51.9378356933594 53.9412422180176 57.0668716430664 41.4783782958984 53.4633712768555 56.3320274353027 54.708251953125 55.2867774963379 60.0930442810059 58.9427146911621 52.4981803894043 52.6333084106445 52.8344345092773 53.9500350952148 52.3102684020996 49.6274070739746 44.6938171386719 36.3276405334473 31.9178695678711 24.9848308563232 19.6705894470215 20.780216217041 21.0473880767822 26.0681056976318 19.7522392272949 20.4309616088867 22.4452171325684 -9999 -9999 -9999 -9999 -9999 -9999 -9999 -9999 -9999 -9999 -9999 -9999 -9999 -9999 -9999 -9999
-9999 -9999 -9999 -9999 -9999 -9999 -9999 -9999 -9999 -9999 -9999 -9999 52.2867279052734 52.0634689331055 54.65283203125 53.3623237609863 53.4899635314941 56.6822662353516 53.3357048034668 43.9179534912109 57.5427932739258 59.3078727722168 57.1729850769043 60.6779937744141 51.0996437072754 57.6365280151367 54.2720565795898 56.6270942687988 56.1990509033203 52.503604888916 44.0105895996094 44.2337951660156 40.0567779541016 32.4387474060059 28.6402797698975 23.3671455383301 21.6856174468994 22.5756282806396 20.7072048187256 24.8136825561523 23.9158878326416 20.1650295257568 -9999 -9999 -9999 -9999 -9999 -9999 -9999 -9999 -9999 -9999 -9999 -9999 -9999 -9999 -9999 -9999 -9999
-9999 -9999 -9999 -9999 -9999 -9999 -9999 -9999 -9999 -9999 -9999 -9999 -9999 56.0624046325684 55.5687065124512 55.2816543579102 55.7931900024414 58.508960723877 44.7954139709473 40.3582496643066 48.4044609069824 60.0378532409668 58.5623321533203 50.8488502502441 50.8767890930176 60.6030311584473 53.1061706542969 52.3156814575195 55.6146812438965 42.3727951049805 36.8118667602539 35.5769577026367 32.8996543884277 30.8097801208496 27.8660411834717 28.7985534667969 27.4275817871094 25.1774101257324 20.3938598632812 23.9435653686523 26.9117546081543 22.8466625213623 24.3202991485596 -9999 -9999 -9999 -9999 -9999 -9999 -9999 -9999 -9999 -9999 -9999 -9999 -9999 -9999 -9999 -9999
-9999 -9999 -9999 -9999 -9999 -9999 -9999 -9999 -9999 -9999 -9999 52.0416564941406 53.8446197509766 51.3658256530762 53.1489181518555 52.4602966308594 51.7130851745605 49.7474479675293 39.9123115539551 33.2233009338379 39.648063659668 46.286319732666 43.736457824707 43.4322967529297 55.6163787841797 60.8774185180664 56.6939735412598 54.6198883056641 56.3605690002441 44.1652297973633 35.5556564331055 31.7751197814941 31.5388088226318 28.4711666107178 30.9691848754883 31.3672199249268 30.80979347229 25.9223785400391 18.9896183013916 23.4035835266113 28.4844379425049 27.6716289520264 -9999 -9999 -9999 -9999 -9999 -9999 -9999 -9999 -9999 -9999 -9999 -9999 -9999 -9999 -9999 -9999 -9999
-9999 -9999 -9999 -9999 -9999 -9999 -9999 -9999 -9999 -9999 -9999 -9999 -9999 50.3999214172363 55.7524299621582 45.3500709533691 42.3191299438477 42.6312561035156 37.906867980957 35.7918930053711 38.8543167114258 38.9711532592773 38.8738136291504 41.111457824707 48.3516082763672 55.9829559326172 57.0934219360352 54.6666984558105 52.1143836975098 53.6613998413086 44.227367401123 34.8263931274414 35.873836517334 35.1053619384766 34.7365608215332 35.0864753723145 33.2916412353516 28.3210735321045 24.8174991607666 26.5824851989746 28.7096309661865 26.7529315948486 -9999 -9999 -9999 -9999 -9999 -9999 -9999 -9999 -9999 -9999 -9999 -9999 -9999 -9999 -9999 -9999 -9999
-9999 -9999 -9999 -9999 -9999 -9999 -9999 -9999 -9999 -9999 -9999 -9999 -9999 53.2717514038086 56.4075889587402 44.4324493408203 40.0756912231445 38.1285705566406 40.3652725219727 39.6194000244141 38.2649192810059 35.0972480773926 35.0216407775879 39.3965034484863 45.4001579284668 49.6960487365723 43.7689361572266 50.1814842224121 54.557445526123 53.899097442627 52.150707244873 50.1418380737305 49.7646026611328 45.352165222168 42.9830055236816 39.7053527832031 37.467155456543 30.562894821167 30.7574882507324 30.6618824005127 30.2514705657959 26.7564697265625 -9999 -9999 -9999 -9999 -9999 -9999 -9999 -9999 -9999 -9999 -9999 -9999 -9999 -9999 -9999 -9999 -9999
-9999 -9999 -9999 -9999 -9999 -9999 -9999 -9999 -9999 -9999 -9999 -9999 51.188533782959 53.4757995605469 55.240535736084 49.2212066650391 42.1756629943848 40.7389183044434 43.0886192321777 42.0677604675293 37.6059150695801 34.801944732666 33.8669509887695 36.7320327758789 37.5882682800293 37.4241523742676 37.0580062866211 48.5236740112305 48.0293388366699 42.9830055236816 50.921443939209 47.5298881530762 38.3242721557617 39.1650619506836 35.2480506896973 33.7661361694336 34.3417587280273 34.7065505981445 33.3257522583008 31.4666652679443 29.73366355896 26.6145172119141 -9999 -9999 -9999 -9999 -9999 -9999 -9999 -9999 -9999 -9999 -9999 -9999 -9999 -9999 -9999 -9999 -9999
-9999 -9999 -9999 -9999 -9999 -9999 -9999 -9999 -9999 47.9267082214355 47.4561309814453 47.6472930908203 48.803882598877 51.2624549865723 53.0204925537109 56.1434211730957 46.6186180114746 45.1764106750488 48.0746612548828 43.1413307189941 38.1583633422852 35.8553657531738 35.5130195617676 34.5314788818359 22.6091537475586 22.2715644836426 35.4729957580566 42.8704872131348 38.4624061584473 37.0580177307129 43.458438873291 49.564380645752 38.3958587646484 35.6407852172852 36.793872833252 30.5876770019531 33.9004821777344 31.0760402679443 28.2407093048096 29.5515766143799 27.0801258087158 29.5675888061523 -9999 -9999 -9999 -9999 -9999 -9999 -9999 -9999 -9999 -9999 -9999 -9999 -9999 -9999 -9999 -9999 -9999
-9999 -9999 -9999 -9999 -9999 -9999 -9999 -9999 -9999 -9999 -9999 -9999 -9999 -9999 -9999 55.240535736084 53.1061782836914 50.1512908935547 51.2717132568359 46.4089241027832 42.611255645752 38.6392707824707 35.760139465332 32.5058403015137 20.5419006347656 22.8756542205811 33.1662559509277 36.6080665588379 37.1116256713867 35.0621681213379 36.5018539428711 41.8239479064941 42.5578880310059 34.3003730773926 35.0648727416992 32.7178039550781 31.6556854248047 30.6340789794922 28.3210792541504 27.9067916870117 27.2196311950684 25.936990737915 -9999 -9999 -9999 -9999 -9999 -9999 -9999 -9999 -9999 -9999 -9999 -9999 -9999 -9999 -9999 -9999 -9999
-9999 -9999 -9999 -9999 -9999 -9999 -9999 -9999 -9999 -9999 -9999 -9999 -9999 -9999 -9999 -9999 53.9131660461426 53.2344245910645 53.950023651123 45.7926788330078 38.7567176818848 36.8940734863281 33.5297203063965 23.4035701751709 20.5003700256348 21.9632968902588 31.5748348236084 36.2728576660156 33.9200210571289 33.0862236022949 35.7469062805176 36.955638885498 41.9866485595703 35.1915702819824 31.0516395568848 33.5297317504883 28.9461364746094 31.4305286407471 29.6283798217773 24.9961967468262 21.3555583953857 24.7219505310059 25.0756397247314 -9999 -9999 -9999 -9999 -9999 -9999 -9999 -9999 -9999 -9999 -9999 -9999 -9999 -9999 -9999 -9999
-9999 -9999 -9999 -9999 -9999 -9999 -9999 47.9109077453613 45.9475212097168 45.8980178833008 -9999 -9999 -9999 54.956916809082 52.9579772949219 51.0570068359375 48.6386604309082 48.1061859130859 54.8689918518066 48.7320213317871 44.6259727478027 41.3044776916504 35.5769462585449 28.6931419372559 28.6402587890625 33.4958190917969 34.4078788757324 30.5132923126221 26.5717945098877 28.2407207489014 32.7062149047852 34.4656448364258 35.8315696716309 37.769229888916 31.9889907836914 29.8861408233643 29.5291271209717 29.0375938415527 29.9336471557617 28.6402645111084 22.9087429046631 23.8842067718506 24.4019584655762 -9999 -9999 -9999 -9999 -9999 -9999 -9999 -9999 -9999 -9999 -9999 -9999 -9999 -9999 -9999 -9999
-9999 -9999 -9999 -9999 -9999 -9999 -9999 47.726734161377 48.1632308959961 52.9078826904297 52.1942710876465 54.277286529541 46.1141548156738 45.0988121032715 56.4478874206543 54.7307319641113 53.3995628356934 54.0394630432129 53.5182571411133 52.6188926696777 54.2353858947754 52.243236541748 46.2433395385742 37.0707817077637 36.0134735107422 37.6260528564453 33.8753204345703 22.3055648803711 21.4749736785889 26.6713924407959 32.991626739502 32.6366539001465 33.1291236877441 37.0171127319336 32.2278938293457 29.7813987731934 31.1490783691406 26.9222831726074 25.0869770050049 23.592981338501 23.3995265960693 25.2375183105469 23.5809516906738 -9999 -9999 -9999 -9999 -9999 -9999 -9999 -9999 -9999 -9999 -9999 -9999 -9999 -9999 -9999 -9999
-9999 -9999 -9999 -9999 -9999 -9999 -9999 48.4924163818359 51.4781379699707 54.666675567627 54.4114379882812 51.0848083496094 45.6497573852539 48.1396255493164 54.3557395935059 48.8717231750488 51.0940818786621 54.4114379882812 53.3356971740723 51.1829605102539 52.503604888916 44.2359428405762 41.9595909118652 42.0407600402832 43.6649436950684 38.7371482849121 35.1915893554688 25.5840854644775 22.0364589691162 22.80930519104 27.5378608703613 29.1027374267578 32.8564414978027 34.6956558227539 29.3747997283936 27.6716213226318 28.7195205688477 27.5619163513184 23.2044563293457 26.140645980835 30.4853458404541 29.9621086120605 34.0676803588867 -9999 -9999 -9999 -9999 -9999 -9999 -9999 -9999 -9999 -9999 -9999 -9999 -9999 -9999 -9999 -9999
-9999 -9999 -9999 -9999 -9999 -9999 -9999 51.144115447998 51.9833831787109 50.332218170166 48.4220809936523 45.3333625793457 42.5044479370117 45.8484878540039 52.112548828125 47.5995979309082 47.2641677856445 51.3215484619141 55.178783416748 48.2339744567871 50.7369956970215 41.293041229248 35.2480354309082 35.664680480957 37.3633766174316 42.2026138305664 36.3693046569824 29.2585201263428 21.9977531433105 23.8484954833984 21.2622528076172 26.6678466796875 32.9140129089355 33.6509590148926 31.3430347442627 25.0302600860596 22.6091709136963 23.9633388519287 24.8480033874512 24.9962120056152 34.9024505615234 38.1980476379395 39.7053527832031 -9999 -9999 -9999 -9999 -9999 -9999 -9999 -9999 -9999 -9999 -9999 -9999 -9999 -9999 -9999 -9999
-9999 49.9753723144531 -9999 -9999 -9999 -9999 -9999 52.2595558166504 51.7625007629395 48.1691246032715 43.803539276123 39.3772811889648 39.0706481933594 45.8753242492676 50.0662574768066 47.3122444152832 42.3437232971191 43.403938293457 48.9820671081543 47.8851852416992 41.9121589660645 42.3370208740234 35.7707328796387 25.3273830413818 34.9973030090332 35.2480392456055 37.1804504394531 31.0516548156738 21.3022785186768 22.2034206390381 22.305549621582 29.9621124267578 32.4270782470703 30.1605548858643 29.771858215332 22.70947265625 26.8377571105957 26.4431819915771 25.5952091217041 24.618314743042 31.3672046661377 38.7567253112793 -9999 -9999 -9999 -9999 -9999 -9999 -9999 -9999 -9999 -9999 -9999 -9999 -9999 -9999 -9999 -9999 -9999
-9999 47.5358772277832 -9999 -9999 -9999 -9999 48.375114440918 49.1287727355957 52.4621086120605 50.005687713623 41.2379417419434 41.3663520812988 42.7000579833984 46.0463256835938 47.9029960632324 45.2497062683105 37.3861808776855 38.6980285644531 45.966064453125 44.8460922241211 36.3588981628418 38.7371711730957 33.5381965637207 22.2034301757812 22.6091613769531 29.7049732208252 36.7500877380371 34.0342903137207 29.4263381958008 21.4793682098389 21.7901439666748 25.7905082702637 30.3015117645264 29.0864696502686 28.5641174316406 23.044750213623 29.3748111724854 32.7149047851562 29.0375862121582 30.0851097106934 33.4477233886719 -9999 -9999 -9999 -9999 -9999 -9999 -9999 -9999 -9999 -9999 -9999 -9999 -9999 -9999 -9999 -9999 -9999 -9999
-9999 -9999 -9999 -9999 51.1681594848633 51.3897819519043 50.7873611450195 52.8218803405762 53.3197288513184 48.5451278686523 41.9121589660645 42.4442558288574 46.0236930847168 46.4395179748535 44.8144569396973 41.8940887451172 34.1454162597656 35.9581985473633 42.3191413879395 42.5578994750977 35.4916839599609 27.5619106292725 26.8095092773438 24.7219524383545 23.7250671386719 27.1639366149902 33.3115539550781 31.4395771026611 31.5598278045654 21.9331073760986 22.6760692596436 23.3671436309814 29.0343208312988 22.9624271392822 27.4793128967285 24.8136825561523 24.8746757507324 34.7147369384766 35.2560882568359 36.2101516723633 34.8698806762695 -9999 -9999 -9999 -9999 -9999 -9999 -9999 -9999 -9999 -9999 -9999 -9999 -9999 -9999 -9999 -9999 -9999 -9999
-9999 -9999 49.0516204833984 51.3455390930176 51.4100341796875 51.4983673095703 51.9670104980469 52.1997108459473 51.6470947265625 48.8252220153809 49.7931289672852 47.4022178649902 45.2999076843262 44.6196098327637 41.9121742248535 37.6260414123535 31.7274017333984 32.5524024963379 41.8511123657227 38.4032516479492 34.3417472839355 22.5965805053711 23.9158821105957 26.1840801239014 21.0473880767822 29.8068351745605 31.2855911254883 23.8802108764648 29.9620952606201 23.8484859466553 21.1192569732666 21.5805549621582 28.1096267700195 21.6724948883057 23.8484745025635 22.9624137878418 22.4072284698486 27.247465133667 34.780158996582 38.6784515380859 37.7265892028809 -9999 -9999 -9999 -9999 -9999 -9999 -9999 -9999 -9999 -9999 -9999 -9999 -9999 -9999 -9999 -9999 -9999 -9999
-9999 -9999 50.8041343688965 50.7668647766113 50.876766204834 49.696044921875 49.6865196228027 49.6559982299805 51.0551414489746 51.1885070800781 50.6248779296875 41.3113822937012 38.9711532592773 42.6468124389648 40.5828552246094 35.7283515930176 32.2249488830566 31.1490840911865 35.3124542236328 34.3417510986328 35.0864715576172 25.3908920288086 24.9393215179443 23.8365631103516 22.0665378570557 24.1993045806885 31.2946739196777 22.2034530639648 24.2579097747803 22.0536632537842 25.1773910522461 22.1008358001709 24.8937110900879 23.0118541717529 29.5002593994141 25.9479370117188 25.8052253723145 30.782112121582 34.6737937927246 40.2172088623047 40.638843536377 -9999 -9999 -9999 -9999 -9999 -9999 -9999 -9999 -9999 -9999 -9999 -9999 -9999 -9999 -9999 -9999 -9999 -9999
-9999 -9999 50.8935356140137 52.3156814575195 51.2329177856445 52.098030090332 51.9815864562988 51.5369987487793 50.579963684082 44.3898124694824 42.5779228210449 40.3582458496094 35.0405578613281 35.3553428649902 39.3387565612793 36.608081817627 32.9686546325684 27.9880828857422 23.3995323181152 23.6290798187256 23.4520835876465 23.1063041687012 26.894157409668 23.915901184082 24.9051246643066 21.2132148742676 22.2034473419189 23.1063098907471 21.2622547149658 21.9977760314941 28.3745136260986 25.9479217529297 22.4958000183105 24.8936824798584 32.3422775268555 30.3857593536377 29.4134654998779 35.9502944946289 38.287181854248 42.6112632751465 -9999 -9999 -9999 -9999 -9999 -9999 -9999 -9999 -9999 -9999 -9999 -9999 -9999 -9999 -9999 -9999 -9999 -9999 -9999
-9999 49.6560249328613 51.0495872497559 51.4560699462891 51.6745948791504 51.6599349975586 51.9669761657715 48.1061859130859 39.1867942810059 37.0401039123535 35.3231811523438 32.7062225341797 32.8910064697266 31.2219619750977 33.2660331726074 30.7112598419189 30.3015098571777 27.8898067474365 23.290002822876 26.6394290924072 27.5378513336182 23.8484725952148 24.537389755249 27.7536449432373 29.8576183319092 23.9752159118652 22.8093128204346 22.9624042510986 22.91286277771 22.5965976715088 27.5068817138672 32.3217811584473 27.3134346008301 28.294319152832 35.505012512207 37.0503463745117 37.0401039123535 36.4525566101074 40.8433799743652 42.130744934082 -9999 -9999 -9999 -9999 -9999 -9999 -9999 -9999 -9999 -9999 -9999 -9999 -9999 -9999 -9999 -9999 -9999 -9999 -9999
49.589225769043 49.0979309082031 50.3773612976074 50.8767967224121 50.6024284362793 51.1885185241699 44.2359428405762 42.3973731994629 32.9140357971191 33.9339828491211 30.0346946716309 28.4311962127686 28.9559593200684 26.1840896606445 25.8894748687744 23.9159049987793 22.6969451904297 22.9087352752686 23.061185836792 23.7848567962646 21.8292293548584 22.2034378051758 22.4114513397217 27.5378589630127 30.4013481140137 26.4968528747559 23.2900104522705 25.7022647857666 29.8861331939697 28.2306613922119 27.0906314849854 33.7773475646973 34.7610778808594 33.7324676513672 37.6864128112793 39.5691757202148 39.6480712890625 40.7946701049805 41.093017578125 43.193977355957 -9999 -9999 -9999 -9999 -9999 -9999 -9999 -9999 -9999 -9999 -9999 -9999 -9999 -9999 -9999 -9999 -9999 -9999 -9999
48.523681640625 48.4826622009277 51.0106201171875 50.938175201416 51.5865592956543 54.0832710266113 37.8593902587891 36.0003356933594 33.5381965637207 31.2976970672607 31.9889850616455 34.671085357666 32.224925994873 24.9848499298096 24.7563781738281 24.9545116424561 30.9049186706543 26.140645980835 20.9029159545898 22.9459209442139 25.8931407928467 23.5487899780273 23.629077911377 27.9169540405273 25.7721691131592 26.0099029541016 22.5756340026855 29.4745559692383 33.8669357299805 33.7661323547363 31.0760307312012 34.736572265625 38.4623908996582 38.9905776977539 39.6194000244141 40.6830863952637 41.2563095092773 41.8872985839844 44.1823883056641 43.9696884155273 -9999 -9999 -9999 -9999 -9999 -9999 -9999 -9999 -9999 -9999 -9999 -9999 -9999 -9999 -9999 -9999 -9999 -9999 -9999
