ENM/Final_Models/M_0.8_F_q_Set_1_E/Gustavia_santanderiensis_1_Choco.asc
ncols         367
nrows         963
xllcorner     -78.6
yllcorner     0.65
cellsize      0.00833333333333323
NODATA_value  -9999
[rows 448 to 479 of 963, columns 213 to 283 of 367]
1E0 1E0 1E0 1E0 1E0 1E0 1E0 1E0 1E0 1E0 1E0 1E0 1E0 1E0 1E0 1E0 1E0 1E0 1E0 1E0 1E0 1E0 9.99869E-1 9.99991E-1 1E0 1E0 9.99431E-1 9.99953E-1 9.97155E-1 9.99602E-1 1E0 1E0 1E0 1E0 1E0 1E0 1E0 9.99888E-1 8.34733E-1 3.23503E-1 1.6292E-1 2.86797E-2 1.97172E-2 1.20767E-1 2.91821E-1 1.93141E-1 2.2016E-1 3.96383E-1 8.8855E-1 9.74077E-1 3.9807E-1 5.55591E-1 8.27617E-1 3.59217E-1 1.29844E-2 6.26611E-3 2.76937E-1 2.12693E-2 1.68191E-2 4.09244E-2 2.36049E-2 4.16508E-2 6.85738E-3 3.79359E-2 7.22587E-2 1.7133E-1 4.69533E-2 1.89352E-2 1.36014E-2 5.0671E-2 2.46785E-2
9.99999E-1 1E0 1E0 1E0 1E0 1E0 1E0 1E0 1E0 1E0 1E0 1E0 1E0 1E0 1E0 1E0 1E0 9.99999E-1 9.99995E-1 1E0 1E0 9.99999E-1 1E0 1E0 9.99983E-1 9.98296E-1 1E0 9.99986E-1 9.99981E-1 1E0 1E0 1E0 1E0 1E0 1E0 9.99999E-1 1E0 9.99934E-1 8.57496E-1 3.41154E-1 1.14662E-1 1.68444E-1 1.53789E-1 3.94699E-1 5.16721E-1 4.04316E-1 2.87351E-1 5.81478E-1 4.12218E-1 6.34614E-3 1.69403E-1 2.82212E-1 6.13765E-1 3.4432E-1 5.79078E-1 7.84122E-2 1.54922E-1 1.00614E-1 1.64265E-2 8.49045E-3 1.61341E-2 3.62643E-3 1.49383E-1 2.54837E-2 4.68901E-3 1.21217E-2 6.50453E-3 8.484E-3 5.68938E-3 4.21361E-3 9.43077E-4
9.98671E-1 1E0 1E0 1E0 1E0 1E0 1E0 1E0 1E0 1E0 1E0 1E0 1E0 1E0 1E0 1E0 1E0 9.99998E-1 1E0 1E0 9.99556E-1 9.99925E-1 1E0 9.99974E-1 1E0 9.89501E-1 9.99999E-1 9.98399E-1 9.99459E-1 9.99991E-1 1E0 1E0 1E0 1E0 9.9999E-1 9.94698E-1 9.82098E-1 9.22607E-1 9.62424E-1 7.08608E-1 6.07373E-1 2.31801E-1 2.37034E-1 4.55134E-1 6.92791E-1 5.67054E-1 2.31792E-1 6.24618E-1 2.27759E-1 8.32605E-3 7.03076E-2 2.82154E-2 2.10611E-2 6.74588E-2 1.45154E-2 3.4904E-2 2.06039E-1 6.55302E-1 4.86121E-1 4.30961E-1 2.78054E-1 1.39234E-1 4.81349E-1 5.86525E-1 2.38802E-1 6.23861E-3 4.56609E-2 7.64143E-3 3.56818E-3 4.95577E-3 6.47335E-2
1E0 1E0 1E0 1E0 1E0 1E0 1E0 1E0 1E0 1E0 1E0 1E0 1E0 1E0 1E0 1E0 1E0 9.99999E-1 9.99998E-1 1E0 9.99969E-1 9.99981E-1 1E0 9.99756E-1 9.99866E-1 9.99977E-1 9.99835E-1 9.90458E-1 9.97428E-1 9.99975E-1 1E0 1E0 9.99998E-1 9.99696E-1 9.81779E-1 6.93488E-1 1.4214E-1 9.19615E-2 2.98552E-1 9.39539E-1 6.08743E-1 3.03553E-1 3.40792E-1 7.3618E-1 7.53024E-1 7.97909E-1 2.76672E-1 9.51328E-2 3.65871E-2 3.13862E-3 3.19522E-2 4.45531E-2 3.91727E-1 2.46443E-1 2.43025E-1 1.86149E-1 2.16497E-1 3.97969E-1 2.39474E-1 3.74965E-1 2.90681E-1 1.20094E-1 2.57801E-1 3.60051E-1 5.84887E-1 4.39463E-1 4.09143E-1 1.03325E-1 1.10692E-1 5.80073E-2 8.49656E-2
1E0 1E0 1E0 1E0 9.99999E-1 1E0 1E0 1E0 1E0 1E0 1E0 1E0 1E0 1E0 1E0 1E0 1E0 1E0 1E0 9.99993E-1 9.99999E-1 9.99999E-1 9.99974E-1 1E0 9.88692E-1 9.04835E-1 9.6847E-1 9.93888E-1 9.99785E-1 9.99991E-1 1E0 1E0 9.99682E-1 6.88139E-1 3.78451E-1 5.64309E-2 1.31001E-2 1.21976E-2 4.29404E-2 2.7136E-1 2.92207E-1 6.90658E-1 6.34988E-1 7.82892E-1 9.61073E-1 1.9497E-2 4.46419E-2 5.0301E-2 3.20174E-2 1.0545E-2 1.38708E-1 3.17061E-1 4.44949E-1 2.67776E-1 1.3686E-1 2.36054E-1 2.47505E-1 6.02462E-1 6.24224E-1 3.94939E-1 2.36796E-1 2.34099E-1 2.42634E-1 3.48274E-1 4.61047E-1 1.79438E-1 8.31015E-2 7.42118E-2 1.79368E-1 2.52652E-1 1.83019E-1
1E0 1E0 1E0 1E0 1E0 1E0 1E0 1E0 1E0 1E0 9.99996E-1 1E0 1E0 1E0 1E0 1E0 1E0 1E0 1E0 1E0 9.99978E-1 9.99211E-1 1E0 9.99731E-1 9.9162E-1 8.94983E-1 9.94918E-1 9.99999E-1 9.99968E-1 9.99944E-1 9.99996E-1 9.99281E-1 9.90763E-1 4.02068E-1 2.04349E-1 3.20947E-2 1.62842E-2 2.05389E-2 3.76892E-2 6.93252E-2 4.24673E-2 5.85006E-1 3.28996E-1 7.7142E-1 4.94704E-1 3.35221E-1 8.56037E-2 6.81383E-2 1.2351E-1 6.67846E-2 2.06545E-2 6.87177E-2 1.05951E-1 1.09781E-1 8.90377E-2 8.18662E-2 1.39494E-1 2.24902E-1 2.10756E-1 2.45191E-1 3.40895E-1 7.24803E-1 8.83501E-2 1.75764E-1 2.7425E-1 2.3293E-1 1.1744E-1 6.8718E-2 1.58061E-1 8.27862E-2 6.9332E-2
1E0 1E0 1E0 1E0 1E0 1E0 1E0 9.99954E-1 9.99998E-1 1E0 1E0 1E0 1E0 1E0 1E0 1E0 1E0 1E0 1E0 1E0 1E0 1E0 9.9298E-1 9.9927E-1 9.99948E-1 9.99829E-1 1E0 9.99998E-1 9.98091E-1 9.99908E-1 9.91042E-1 8.755E-1 9.35791E-1 3.64622E-2 8.11247E-3 1.03167E-2 5.03085E-3 7.00504E-3 2.65075E-2 1.19434E-1 8.3709E-2 3.9212E-1 3.84393E-1 3.26285E-1 3.41805E-2 9.38194E-1 4.11166E-1 2.06126E-1 1.20791E-1 2.79447E-2 2.45186E-3 2.93034E-3 3.99804E-3 5.78593E-3 2.83591E-2 1.46137E-1 2.53249E-1 2.7654E-1 3.39322E-1 3.33661E-1 6.83468E-1 4.93403E-1 2.91833E-1 7.43207E-2 2.64002E-1 1.19982E-1 4.1251E-1 6.02859E-2 1.09147E-1 1.88614E-2 5.13646E-2
1E0 1E0 1E0 1E0 1E0 1E0 1E0 1E0 1E0 1E0 1E0 1E0 1E0 1E0 1E0 1E0 1E0 1E0 1E0 1E0 1E0 1E0 1E0 9.58607E-1 9.9178E-1 9.99991E-1 9.99977E-1 9.99195E-1 9.99099E-1 9.99987E-1 9.96881E-1 8.91119E-1 5.2035E-1 8.6041E-2 2.23606E-2 4.36681E-3 1.21643E-2 8.92296E-3 4.12978E-2 9.16279E-2 1.4016E-1 2.48036E-1 4.17816E-1 3.66082E-1 4.99514E-2 8.74498E-1 1.48116E-1 1.08641E-1 3.97774E-1 3.58534E-1 2.27838E-1 2.27218E-1 9.48952E-2 4.5371E-2 7.5945E-4 2.24349E-3 3.06866E-2 5.72425E-2 3.08086E-2 6.5742E-2 2.36264E-1 4.70444E-1 2.48955E-1 4.86505E-1 2.81468E-1 7.05239E-2 3.36202E-2 4.4906E-2 5.39E-2 1.38877E-1 6.4376E-2
1E0 1E0 1E0 1E0 1E0 1E0 1E0 1E0 1E0 1E0 1E0 1E0 1E0 1E0 1E0 9.99867E-1 9.99222E-1 9.97163E-1 1E0 1E0 9.99999E-1 9.99995E-1 1E0 9.99926E-1 9.99909E-1 9.99972E-1 9.99564E-1 9.9858E-1 9.98951E-1 9.99467E-1 9.98257E-1 6.17877E-1 7.78456E-2 6.20681E-2 2.28118E-2 4.94062E-2 5.97316E-3 2.24034E-2 1.6855E-2 4.16878E-2 1.88571E-1 4.01093E-1 6.87146E-1 7.9297E-1 2.26195E-1 4.77017E-1 4.55695E-1 6.64664E-1 7.80634E-1 4.2666E-1 3.46811E-1 5.18125E-1 5.55763E-1 1.09265E-1 2.12829E-1 6.33254E-2 2.96014E-2 1.67549E-3 2.48949E-2 1.34149E-2 6.04701E-2 2.99977E-1 4.23803E-1 3.07907E-1 6.05327E-1 1.66761E-1 3.24293E-1 3.3854E-1 1.39191E-1 3.82803E-1 6.3907E-2
1E0 1E0 1E0 1E0 1E0 1E0 1E0 1E0 1E0 1E0 1E0 1E0 1E0 1E0 1E0 9.99981E-1 9.99913E-1 9.99989E-1 1E0 9.99999E-1 1E0 9.99955E-1 9.99987E-1 9.95862E-1 9.82208E-1 9.99973E-1 9.99997E-1 9.99976E-1 9.99982E-1 9.99981E-1 9.99576E-1 6.21339E-1 5.39707E-2 1.49994E-2 2.00136E-2 2.28664E-2 1.39361E-2 5.99819E-2 3.45281E-2 7.92008E-2 8.81181E-2 2.40616E-1 7.72768E-1 6.87433E-1 1.08193E-1 5.1908E-1 6.75726E-1 6.57744E-1 6.0103E-1 5.11965E-1 4.95417E-1 7.89458E-1 5.80677E-1 2.46731E-1 2.47747E-1 4.55477E-1 3.6269E-2 2.45746E-2 2.19503E-2 2.062E-2 4.39275E-1 2.0011E-1 3.36016E-1 4.61297E-1 5.30669E-1 3.03986E-1 1.74638E-1 8.02686E-2 1.11155E-1 2.30179E-1 3.10693E-1
1E0 1E0 1E0 1E0 1E0 1E0 1E0 1E0 1E0 1E0 1E0 9.99994E-1 1E0 1E0 1E0 1E0 1E0 9.99982E-1 1E0 9.99336E-1 9.99999E-1 9.99998E-1 9.97818E-1 9.65453E-1 9.85276E-1 1E0 1E0 1E0 1E0 9.99991E-1 9.5861E-1 1.39186E-1 2.03656E-2 5.62003E-3 1.23291E-2 8.33624E-3 3.80404E-2 1.38508E-1 8.78003E-2 1.03632E-1 2.1E-1 2.98099E-1 7.48417E-1 6.32128E-1 1.1692E-2 4.7609E-1 2.93857E-1 8.2157E-1 8.86889E-1 4.69447E-1 2.24033E-1 7.29598E-2 2.02069E-1 6.84776E-1 6.24197E-1 3.34158E-1 1.57227E-1 4.11413E-2 4.04635E-3 9.73461E-3 2.75672E-1 1.8221E-1 4.50541E-1 5.98075E-1 5.51151E-1 2.87314E-1 1.02174E-1 2.07051E-2 1.01018E-1 3.22899E-1 5.68362E-1
1E0 1E0 1E0 1E0 1E0 9.99976E-1 9.99999E-1 9.99986E-1 1E0 1E0 1E0 1E0 1E0 1E0 1E0 1E0 1E0 9.99318E-1 1E0 9.99981E-1 9.99945E-1 9.83764E-1 9.99894E-1 9.99951E-1 9.99931E-1 9.99993E-1 1E0 9.99996E-1 9.99827E-1 9.57158E-1 1.09598E-1 3.97221E-3 2.90566E-3 1.15395E-2 3.52768E-2 4.20807E-2 8.32419E-3 3.80627E-2 8.71526E-2 1.88592E-1 7.26888E-3 9.66686E-2 4.22955E-1 5.32046E-1 1.18869E-1 1.01983E-1 3.91195E-1 1.66512E-1 2.21631E-1 3.20521E-1 1.68966E-1 3.94212E-1 1.65031E-1 2.31066E-1 4.81044E-1 6.86947E-1 2.74614E-1 2.88791E-2 3.73467E-2 7.1817E-2 4.37017E-1 2.49182E-1 2.3946E-1 4.61091E-1 3.12827E-1 6.83954E-2 3.4264E-2 1.64279E-3 5.18729E-2 2.53194E-1 4.4592E-1
1E0 1E0 9.99998E-1 9.99996E-1 9.99999E-1 9.99991E-1 1E0 1E0 1E0 1E0 1E0 1E0 1E0 1E0 9.99992E-1 9.9845E-1 9.97757E-1 9.99998E-1 9.99696E-1 9.99999E-1 9.98411E-1 9.9217E-1 9.93791E-1 9.98598E-1 9.99994E-1 1E0 1E0 9.99999E-1 8.38696E-1 5.19568E-1 1.21815E-1 6.83929E-3 6.47952E-3 5.26151E-3 3.25738E-2 4.67177E-2 3.58086E-2 6.66474E-2 7.41279E-2 1.29094E-1 1.6727E-1 3.14529E-1 4.63335E-1 6.40899E-2 3.43006E-2 3.03319E-2 1.46216E-2 1.45299E-2 1.81339E-3 1.98684E-3 7.32181E-1 3.63186E-1 2.10488E-2 9.13812E-3 2.30466E-2 9.4927E-2 1.20648E-2 1.95753E-1 4.10098E-1 2.88592E-1 2.01746E-1 1.61876E-1 8.15471E-2 1.86583E-1 1.21115E-1 1.59343E-1 1.59551E-1 1.00222E-2 4.41669E-2 5.35287E-2 5.73291E-2
1E0 9.99999E-1 1E0 1E0 1E0 1E0 9.99996E-1 1E0 1E0 1E0 1E0 1E0 1E0 1E0 1E0 9.99027E-1 9.9673E-1 9.81983E-1 9.97845E-1 1E0 9.99632E-1 9.9883E-1 9.90229E-1 9.99331E-1 9.99993E-1 1E0 1E0 1E0 9.58305E-1 6.52033E-1 3.60064E-2 5.25408E-3 1.09683E-2 7.8971E-2 6.18139E-2 9.64854E-2 7.4904E-2 5.85074E-2 6.29735E-2 4.63634E-2 1.15772E-1 2.46799E-1 4.14181E-1 4.2986E-1 2.61514E-1 2.91482E-1 3.10428E-1 8.58088E-3 9.46351E-3 2.35726E-2 2.1829E-1 3.29191E-1 1.70464E-1 3.09256E-2 6.6977E-2 1.23646E-1 5.63584E-1 1.80658E-1 1.75565E-1 1.22766E-1 1.00636E-1 3.92915E-2 2.33285E-2 4.10185E-2 7.68841E-2 1.13137E-1 5.09578E-2 2.20822E-2 2.26403E-2 2.54815E-2 1.33438E-2
1E0 1E0 1E0 1E0 1E0 1E0 1E0 1E0 1E0 1E0 1E0 1E0 1E0 1E0 9.99532E-1 9.18358E-1 9.95585E-1 9.99816E-1 9.99995E-1 1E0 9.75355E-1 9.97991E-1 9.98901E-1 9.99936E-1 9.99999E-1 1E0 1E0 9.99999E-1 9.55409E-1 6.49244E-1 6.17913E-2 1.82166E-2 3.83808E-2 9.30187E-2 9.34365E-2 1.73654E-1 8.05273E-2 3.58177E-2 1.00463E-2 1.03479E-1 1.82946E-1 3.2491E-1 4.78812E-1 4.24712E-1 2.80179E-1 1.72146E-1 6.07801E-1 5.90866E-2 4.4154E-2 3.64072E-3 9.67309E-3 3.99866E-2 3.16495E-2 3.18017E-2 1.45181E-2 1.13E-1 2.43338E-1 1.49214E-1 1.51246E-1 6.11221E-2 4.76497E-2 4.01521E-2 5.63853E-2 3.08706E-2 3.06611E-2 2.98592E-2 1.76066E-2 6.39029E-3 1.94415E-2 5.74383E-2 8.05989E-3
1E0 1E0 1E0 1E0 1E0 1E0 1E0 1E0 1E0 1E0 1E0 1E0 1E0 1E0 9.98777E-1 9.25992E-1 9.08654E-1 9.84107E-1 9.99956E-1 1E0 1E0 9.97896E-1 9.99484E-1 9.9997E-1 1E0 1E0 9.99997E-1 9.58818E-1 4.1131E-1 3.19464E-1 3.98424E-2 1.0816E-2 4.4944E-2 9.24768E-2 6.91928E-2 1.21934E-1 1.20177E-1 5.28183E-2 3.0847E-2 1.02603E-1 2.77317E-1 2.73183E-1 4.42266E-1 5.68266E-1 6.99481E-3 1.56828E-1 2.20579E-1 5.40954E-1 6.1066E-1 2.17668E-2 4.60642E-2 9.74117E-2 5.34688E-3 1.77735E-2 1.77371E-2 1.77099E-2 5.54011E-1 1.76093E-1 2.77798E-1 8.64996E-2 7.24475E-2 2.34581E-1 9.69296E-2 1.39846E-1 3.01357E-2 4.13788E-2 2.04461E-2 1.01057E-2 9.55398E-3 1.56049E-2 6.52998E-3
1E0 1E0 1E0 1E0 1E0 1E0 1E0 1E0 1E0 1E0 1E0 1E0 1E0 1E0 1E0 9.64384E-1 9.72933E-1 9.99136E-1 9.95433E-1 9.99105E-1 9.99967E-1 9.98709E-1 9.99324E-1 9.99981E-1 1E0 1E0 9.99938E-1 9.97517E-1 3.79668E-1 2.255E-1 7.77701E-3 5.73342E-3 4.50713E-2 1.05606E-1 9.44936E-2 1.05472E-1 9.4011E-2 3.40605E-2 5.8067E-2 9.57582E-2 1.77255E-1 3.57571E-1 4.31684E-1 5.22784E-1 4.36992E-1 9.28741E-3 1.19451E-1 6.73092E-1 4.79652E-1 1.83079E-1 8.21246E-2 3.77663E-2 4.60884E-2 3.11689E-2 1.71277E-2 4.41137E-2 1.17297E-1 1.76994E-1 1.1362E-1 1.23245E-1 2.18845E-1 2.03192E-1 7.80205E-2 6.00463E-2 2.2157E-2 1.36589E-2 8.14583E-3 6.92732E-3 1.67683E-3 3.83277E-3 4.56521E-4
1E0 1E0 1E0 1E0 9.99999E-1 1E0 1E0 1E0 1E0 1E0 1E0 1E0 1E0 1E0 1E0 9.99925E-1 9.97678E-1 9.92669E-1 9.88344E-1 9.96129E-1 9.79174E-1 9.9999E-1 9.99999E-1 1E0 1E0 9.99982E-1 9.99998E-1 9.99991E-1 8.25691E-1 8.68646E-2 6.0395E-3 1.17613E-2 1.32917E-2 9.89843E-2 8.77058E-2 5.97501E-2 3.01497E-2 3.72713E-3 6.70733E-3 4.552E-3 3.45295E-2 1.61397E-1 2.00884E-1 1.36693E-1 4.73612E-1 6.81456E-1 2.58986E-1 2.90486E-2 7.41161E-2 7.06008E-2 6.15945E-2 5.17923E-2 4.28115E-2 3.40187E-2 3.98996E-2 4.38164E-3 2.98303E-2 9.24854E-2 1.1695E-1 8.65756E-2 6.92472E-2 8.90753E-2 1.84456E-1 3.48718E-1 8.7136E-3 7.19328E-3 4.13857E-3 8.97333E-5 2.92003E-4 1.12348E-3 7.93481E-4
1E0 1E0 1E0 1E0 1E0 1E0 1E0 1E0 1E0 1E0 1E0 1E0 1E0 1E0 1E0 1E0 9.99857E-1 9.97794E-1 9.87732E-1 9.99938E-1 9.88085E-1 9.99265E-1 9.99806E-1 1E0 1E0 9.9996E-1 9.99999E-1 1E0 7.82529E-1 3.37636E-1 1.33586E-2 1.49095E-2 1.14275E-2 8.40985E-2 1.20301E-1 9.42202E-2 1.50824E-2 2.11204E-2 7.08878E-4 2.10885E-3 5.17334E-3 1.34311E-2 7.01837E-2 1.2798E-1 1.98835E-1 3.53433E-1 3.11417E-1 2.33969E-2 8.6656E-3 1.83542E-2 4.06163E-2 7.85317E-2 7.68789E-2 2.46551E-1 7.45842E-2 2.00334E-1 3.69672E-2 6.98416E-2 7.51035E-2 8.16364E-2 1.84579E-1 1.80552E-1 8.33431E-2 6.142E-2 6.39388E-2 4.08902E-3 6.10001E-3 4.0738E-3 6.33681E-4 1.97433E-3 9.64354E-4
1E0 9.99923E-1 1E0 9.99999E-1 9.99994E-1 1E0 1E0 1E0 1E0 1E0 1E0 1E0 1E0 1E0 1E0 1E0 9.99992E-1 9.99867E-1 9.99609E-1 9.90311E-1 9.99878E-1 1E0 1E0 9.99981E-1 1E0 9.99999E-1 9.99974E-1 1E0 8.99637E-1 5.22232E-2 2.63999E-2 2.02137E-2 2.13539E-2 4.58256E-2 2.70472E-1 1.0723E-1 1.4644E-1 7.41139E-3 2.11073E-3 3.40559E-4 2.23284E-3 2.72382E-2 5.16186E-2 9.94059E-2 8.82047E-2 2.09052E-1 1.64364E-1 1.99523E-2 2.20411E-2 1.63704E-2 4.20513E-2 3.92746E-2 3.36099E-1 1.51191E-1 3.16149E-1 1.64576E-1 3.06736E-1 1.87775E-1 3.10265E-1 1.6213E-1 1.23351E-1 1.39189E-1 1.53715E-1 4.4852E-2 4.02282E-2 6.79046E-3 5.72894E-4 2.52659E-3 1.03003E-2 2.75322E-3 2.31799E-3
1E0 1E0 1E0 9.99997E-1 1E0 1E0 1E0 9.99997E-1 1E0 9.99976E-1 1E0 1E0 1E0 1E0 1E0 1E0 9.99922E-1 9.99936E-1 9.91959E-1 9.99945E-1 9.56052E-1 9.99976E-1 1E0 1E0 1E0 1E0 9.99997E-1 9.99913E-1 9.00344E-1 9.38813E-2 3.28893E-2 2.28845E-2 1.74849E-2 4.88782E-2 2.42686E-1 4.83114E-1 1.59492E-1 1.76267E-2 3.25759E-3 8.36613E-4 2.28793E-3 5.29199E-2 3.12867E-2 3.27811E-2 9.36903E-2 1.5914E-1 2.62593E-1 3.92888E-2 4.61772E-2 5.00516E-2 4.58837E-2 1.36051E-1 4.35406E-1 2.8825E-1 2.44842E-1 1.06413E-1 6.68351E-2 6.21266E-2 1.32481E-1 9.6578E-2 9.42229E-2 1.31588E-1 4.62881E-2 1.46923E-2 1.79461E-3 1.09219E-3 6.70665E-3 5.03061E-3 1.14444E-2 9.86584E-3 8.29743E-3
1E0 1E0 9.99999E-1 1E0 9.99962E-1 1E0 1E0 1E0 9.9997E-1 9.99022E-1 1E0 1E0 9.99995E-1 9.99968E-1 1E0 1E0 9.99266E-1 9.98993E-1 9.50957E-1 8.0361E-1 9.04067E-1 9.99901E-1 1E0 1E0 1E0 1E0 1E0 9.9956E-1 9.20662E-1 6.20653E-2 4.13233E-2 1.26035E-2 7.38078E-3 6.73475E-2 2.49853E-1 6.88278E-2 1.1384E-1 9.4311E-2 4.70576E-3 1.2171E-3 2.27418E-3 2.61657E-2 2.49257E-2 2.19622E-2 1.07203E-1 1.57761E-1 3.24316E-1 1.09595E-1 9.03711E-2 8.38962E-2 7.51718E-2 7.46027E-2 2.31534E-1 2.82044E-1 1.53351E-1 1.00347E-1 3.05786E-2 2.46855E-2 2.35186E-2 6.13145E-2 5.47427E-2 4.95504E-2 9.18709E-3 7.48286E-3 7.29342E-3 1.43947E-3 3.7536E-3 1.65132E-2 2.89638E-2 1.26068E-2 1.61727E-2
9.99998E-1 1E0 1E0 1E0 9.99989E-1 9.99997E-1 9.99997E-1 9.99999E-1 9.99991E-1 9.99991E-1 9.99999E-1 9.99997E-1 9.99998E-1 1E0 1E0 1E0 9.99993E-1 9.9981E-1 9.42247E-1 9.89606E-1 9.91838E-1 1E0 1E0 1E0 1E0 1E0 9.99999E-1 1E0 6.97392E-1 4.99092E-2 1.20389E-2 8.13784E-3 3.05448E-2 2.08053E-1 4.50704E-1 4.79549E-3 2.96485E-3 9.4991E-2 3.91613E-2 5.76155E-3 2.88348E-2 5.47049E-2 1.62351E-2 2.75445E-2 1.34772E-2 8.44251E-2 4.37991E-2 3.45783E-1 1.39727E-1 2.35956E-1 1.13444E-1 8.29225E-2 2.25957E-1 8.40911E-2 2.25719E-2 1.80205E-2 1.8778E-2 1.52927E-2 2.13832E-2 5.62725E-2 2.8992E-2 9.03271E-3 2.80961E-3 7.55759E-3 6.73731E-3 9.37114E-3 2.12354E-2 2.04576E-3 4.19358E-3 9.84146E-3 6.85202E-3
1E0 1E0 1E0 1E0 1E0 1E0 1E0 9.99998E-1 1E0 9.99998E-1 9.99923E-1 9.99968E-1 9.99582E-1 9.99996E-1 1E0 1E0 1E0 1E0 1E0 9.99312E-1 9.99999E-1 9.99968E-1 9.99994E-1 9.99951E-1 1E0 1E0 1E0 1E0 5.95935E-1 6.39886E-2 3.1111E-2 3.01915E-2 6.19677E-2 2.53841E-1 5.97422E-1 4.28435E-1 4.06058E-1 2.88598E-1 7.85463E-2 8.45055E-2 2.11724E-1 1.05017E-1 7.85331E-2 1.40244E-3 2.76642E-2 4.34018E-2 3.18132E-1 2.34867E-1 4.53185E-1 3.14252E-1 2.45056E-1 1.47316E-1 8.55327E-2 3.55305E-2 4.42024E-2 4.38809E-2 4.87417E-2 4.69041E-2 6.07584E-2 8.71089E-2 1.54912E-2 1.16986E-3 6.03533E-4 5.8738E-4 1.69671E-3 5.09833E-3 1.9297E-2 4.77464E-5 7.63691E-3 1.54893E-2 1.33737E-2
1E0 9.99999E-1 1E0 1E0 1E0 1E0 1E0 1E0 1E0 1E0 9.99998E-1 9.99988E-1 9.9694E-1 1E0 9.99991E-1 1E0 1E0 1E0 1E0 1E0 1E0 9.98562E-1 9.89761E-1 9.32472E-1 9.99994E-1 1E0 1E0 1E0 9.8797E-1 2.43387E-1 1.08007E-1 2.62851E-2 2.24601E-2 5.33437E-2 1.68948E-1 2.87917E-1 1.13445E-1 3.52871E-2 2.95984E-2 5.88566E-2 2.08088E-1 1.35111E-1 9.313E-2 1.74758E-2 2.8395E-2 1.41653E-1 3.97622E-1 6.48E-1 7.98541E-1 6.6988E-1 3.54639E-1 3.92568E-1 1.76366E-1 1.30584E-1 2.34609E-1 2.45016E-1 1.22743E-1 7.09344E-2 5.77914E-2 3.33315E-3 2.46247E-2 7.2508E-3 9.06487E-3 5.19133E-3 4.52799E-3 2.98903E-3 6.13028E-3 1.03154E-2 2.32556E-2 5.36431E-3 3.74055E-2
1E0 1E0 1E0 1E0 1E0 9.99999E-1 1E0 9.99999E-1 9.99998E-1 9.99994E-1 9.99993E-1 9.99715E-1 9.99996E-1 1E0 1E0 1E0 1E0 9.99999E-1 1E0 1E0 9.999E-1 9.85991E-1 9.69076E-1 9.99452E-1 9.99954E-1 1E0 1E0 9.99999E-1 9.60187E-1 2.30308E-1 9.80877E-2 3.50424E-2 8.46111E-2 2.83797E-1 3.66943E-1 2.50731E-1 1.34494E-1 3.39677E-2 6.83431E-2 1.60866E-1 4.73297E-1 3.59795E-1 1.41569E-1 8.01265E-2 1.12556E-1 4.49072E-1 8.43084E-1 7.21788E-1 8.90799E-1 4.87352E-1 8.40636E-1 3.70549E-1 2.23627E-1 1.04159E-1 2.80538E-1 2.01611E-1 3.28225E-1 1.82606E-1 8.04126E-2 1.64106E-1 1.40715E-1 1.27873E-1 2.50045E-2 5.12248E-3 3.43157E-3 1.16444E-2 1.67143E-2 1.98597E-2 8.15517E-3 7.51238E-3 1.10191E-4
1E0 1E0 1E0 1E0 1E0 1E0 1E0 9.99994E-1 9.99998E-1 9.99557E-1 9.99998E-1 9.99996E-1 1E0 9.9997E-1 1E0 1E0 1E0 1E0 1E0 1E0 9.99999E-1 1E0 1E0 9.99978E-1 1E0 1E0 9.99998E-1 9.99997E-1 9.98471E-1 7.01021E-1 2.64479E-1 3.82749E-1 9.62013E-1 9.54382E-1 9.87747E-1 6.55914E-1 5.41964E-1 7.47509E-1 5.93087E-1 7.8126E-1 5.80818E-1 4.1759E-1 1.96027E-1 3.20963E-1 3.15174E-1 8.9667E-1 5.43826E-1 4.77428E-1 3.63266E-2 1.79934E-2 6.9664E-2 1.08488E-1 1.0415E-1 3.19449E-2 9.39832E-2 6.05432E-2 3.88017E-2 2.17519E-2 2.19979E-1 1.21266E-1 1.27282E-1 5.8383E-2 1.42071E-2 1.14748E-2 7.32493E-3 1.14966E-2 5.29967E-3 9.08458E-3 1.47379E-2 1.07754E-2 3.06243E-2
9.99994E-1 1E0 9.99999E-1 9.99999E-1 1E0 1E0 9.99989E-1 9.95798E-1 9.99294E-1 9.9563E-1 9.99354E-1 1E0 9.99998E-1 9.99999E-1 1E0 1E0 9.99991E-1 1E0 1E0 1E0 1E0 1E0 1E0 1E0 1E0 1E0 1E0 9.99978E-1 9.99224E-1 8.30033E-1 9.10309E-1 9.83722E-1 9.94575E-1 9.99531E-1 9.95651E-1 9.25434E-1 9.26193E-1 9.96443E-1 9.99238E-1 9.99497E-1 9.78008E-1 9.86032E-1 7.49574E-1 9.41613E-1 6.43509E-1 9.81078E-1 2.37094E-1 1.35848E-2 9.1302E-2 1.80906E-1 1.562E-1 1.54403E-1 1.97673E-1 2.15569E-1 7.98769E-2 9.23299E-2 1.06889E-1 7.91771E-2 4.69434E-1 2.64988E-1 1.22058E-1 6.82728E-2 1.03039E-2 2.35547E-2 5.86651E-3 1.57356E-3 1.2856E-3 7.77297E-4 1.04465E-3 4.40644E-3 7.92092E-3
9.99999E-1 1E0 1E0 1E0 1E0 1E0 1E0 9.99907E-1 9.95654E-1 9.95624E-1 9.99997E-1 9.99995E-1 9.99999E-1 1E0 1E0 1E0 1E0 1E0 1E0 1E0 1E0 1E0 1E0 9.99998E-1 1E0 9.99998E-1 9.99998E-1 9.99981E-1 9.9672E-1 9.88847E-1 9.97311E-1 9.99376E-1 9.89781E-1 9.9869E-1 9.99609E-1 9.75242E-1 9.78906E-1 9.99483E-1 9.99997E-1 9.99288E-1 9.85056E-1 9.9987E-1 9.92729E-1 9.56479E-1 8.32058E-1 4.10302E-1 2.95437E-2 1.24534E-3 1.63683E-2 6.4321E-2 1.64144E-1 5.11989E-2 4.89989E-1 4.6105E-1 1.75494E-1 2.03629E-1 2.65994E-1 3.09334E-1 1.13071E-1 1.59155E-1 8.23676E-2 3.57117E-2 1.59393E-2 2.857E-3 1.326E-2 7.1402E-3 3.42931E-3 1.18533E-3 1.63454E-3 2.74828E-3 9.11167E-3
1E0 1E0 1E0 9.99974E-1 1E0 9.99997E-1 9.99981E-1 9.99999E-1 9.97309E-1 1E0 1E0 9.99997E-1 9.99998E-1 1E0 1E0 1E0 1E0 1E0 1E0 1E0 1E0 9.99986E-1 1E0 9.99974E-1 9.99982E-1 9.99999E-1 9.99956E-1 9.99775E-1 9.99992E-1 9.99663E-1 9.99969E-1 9.99527E-1 9.95504E-1 9.99803E-1 9.97606E-1 9.95732E-1 9.51746E-1 9.98928E-1 9.99911E-1 9.92863E-1 3.0154E-1 1.18409E-1 6.6479E-2 5.45464E-2 3.21855E-3 3.22866E-2 2.3732E-3 9.05737E-2 6.24508E-2 2.69686E-1 1.93372E-1 3.1586E-1 1.94327E-1 1.50845E-1 1.67903E-1 4.35283E-1 4.17261E-1 1.70096E-1 2.73043E-1 1.08892E-1 1.03076E-1 3.01457E-2 9.35217E-3 3.1152E-3 6.94725E-3 2.14799E-2 7.45553E-3 4.39125E-3 2.88499E-3 8.45728E-3 3.81118E-2
1E0 9.99995E-1 1E0 1E0 1E0 1E0 1E0 1E0 9.99927E-1 1E0 9.99999E-1 9.99954E-1 1E0 1E0 1E0 1E0 1E0 1E0 1E0 1E0 1E0 9.99999E-1 9.99975E-1 1E0 9.99996E-1 9.99977E-1 9.93919E-1 8.68049E-1 9.99084E-1 9.34623E-1 9.29493E-1 8.5024E-1 9.62382E-1 9.99998E-1 9.50443E-1 9.72962E-1 8.57579E-1 8.02283E-1 3.15143E-1 9.03732E-3 7.09754E-3 7.00373E-2 2.05698E-1 1.75157E-1 1.6538E-1 3.79114E-1 6.99085E-1 3.72507E-2 1.18068E-1 3.82182E-1 4.2183E-1 8.75428E-1 3.75601E-1 1.44562E-1 2.16129E-1 2.30553E-1 2.31586E-1 1.33072E-1 1.43701E-1 1.02892E-1 1.20793E-1 1.75721E-2 1.33234E-2 8.48917E-4 3.17402E-3 5.36089E-3 6.46587E-4 1.01361E-2 2.59632E-3 2.30541E-3 1.06417E-2
1E0 1E0 1E0 1E0 1E0 1E0 1E0 1E0 1E0 1E0 9.99986E-1 9.99918E-1 9.99907E-1 9.99999E-1 9.99998E-1 9.99998E-1 9.99982E-1 1E0 1E0 9.99998E-1 1E0 9.99999E-1 9.99947E-1 9.99962E-1 9.99994E-1 9.99995E-1 9.44919E-1 9.91275E-1 8.558E-1 9.10381E-1 6.9347E-1 6.5982E-1 2.47217E-1 9.65871E-1 3.58236E-1 1.08973E-1 9.86666E-2 1.01831E-1 2.82085E-1 5.06489E-3 7.65862E-3 8.53929E-3 6.77495E-3 8.09905E-2 3.63368E-1 6.67649E-1 6.11259E-1 4.35234E-1 1.70505E-1 6.86253E-1 9.04408E-1 9.52409E-1 6.83976E-1 7.36023E-1 5.75951E-1 8.52421E-1 7.06641E-1 6.10303E-1 2.52266E-1 1.29829E-1 4.1069E-2 2.91264E-2 2.06718E-3 1.3568E-3 2.501E-3 3.0084E-3 8.19991E-3 6.32287E-3 3.01521E-2 1.54892E-2 1.62598E-2
