ENM/Final_Models/M_0.8_F_q_Set_1_E/Gustavia_santanderiensis_1_Choco_novel.asc
ncols         367
nrows         963
xllcorner     -78.6
yllcorner     0.65
cellsize      0.00833333333333323
NODATA_value  -9999
[rows 480 to 509 of 963, columns 136 to 203 of 367]
-9999 -9999 -9999 -9999 -9999 -9999 -9999 -9999 -9999 -9999 -9999 -9999 -9999 -9999 -9999 -9999 -9999 -9999 -9999 -9999 -9999 -9999 -9999 -9999 -9999 -8.96718E1 -8.66152E1 -9.42407E1 -9.32111E1 -9999 -8.97362E1 -1.30939E2 -1.31492E2 -1.31492E2 -9.50276E1 -9.50276E1 -1.32044E2 -1.29282E2 -1.29282E2 -1.1105E2 -1.1105E2 -1.29282E2 -1.29834E2 -1.29834E2 -1.30387E2 -1.30939E2 -1.31492E2 -1.14917E2 -1.1326E2 -1.1547E2 -1.14365E2 -1.16022E2 -1.18785E2 -1.19337E2 -1.19337E2 -1.35912E2 -1.32044E2 -1.33702E2 -1.22099E2 -1.22099E2 -1.35359E2 -1.34807E2 -1.24309E2 -1.08287E2 -1.07735E2 -1.36464E2 -1.37569E2 -1.39227E2
-9999 -9999 -9999 -9999 -9999 -9999 -9999 -9999 -9999 -9999 -9999 -9999 -9999 -9999 -9999 -9999 -9999 -9999 -9999 -9999 -9999 -9999 -9999 -9999 -9999 -8.85779E1 -8.82883E1 -9.31145E1 -9.52059E1 -9.55801E1 -8.55856E1 -9.55801E1 -9.55801E1 -9.50276E1 -8.45304E1 -8.34254E1 -7.79601E1 -7.8314E1 -7.97619E1 -8.45304E1 -1.10497E2 -1.28177E2 -1.28729E2 -1.32597E2 -1.12707E2 -1.1326E2 -1.13812E2 -1.13812E2 -1.14365E2 -1.14365E2 -1.14917E2 -1.14917E2 -1.14917E2 -1.1547E2 -1.34254E2 -1.34254E2 -1.34254E2 -1.35359E2 -1.32044E2 -1.35912E2 -1.34254E2 -1.34254E2 -1.07735E2 -8.95028E1 -9.33702E1 -9.06077E1 -1.36464E2 -9.72376E1
-9999 -9999 -9999 -9999 -9999 -9999 -9999 -9999 -9999 -9999 -9999 -9999 -9999 -9999 -9999 -9999 -9999 -9999 -9999 -9999 -9999 -9999 -9999 -9999 -9999 -7.91506E1 -8.39125E1 -9.11197E1 -9.25676E1 -9.52059E1 -8.95028E1 -8.95028E1 -8.95028E1 -9.50276E1 -9.50276E1 -9.50276E1 -9.44751E1 -8.03411E1 -8.02124E1 -1.27624E2 -1.09945E2 -1.11602E2 -1.11602E2 -1.28177E2 -1.28729E2 -1.29282E2 -9.19241E1 -1.30387E2 -1.13812E2 -1.16022E2 -1.16575E2 -1.17127E2 -1.14365E2 -1.14365E2 -1.17127E2 -1.32597E2 -1.17127E2 -1.1768E2 -1.35359E2 -1.35912E2 -1.48619E2 -1.33702E2 -1.07735E2 -9.44751E1 -9.33702E1 -9.11602E1 -1.07182E2 -9.66851E1
-9999 -9999 -9999 -9999 -9999 -9999 -9999 -9999 -9999 -9999 -9999 -9999 -9999 -9999 -9999 -9999 -9999 -9999 -9999 -9999 -9999 -9999 -9999 -9999 -9999 -8.72265E1 -8.61326E1 -8.28185E1 -8.28729E1 -9.50772E1 -9.60425E1 -8.89503E1 -8.95028E1 -9.44751E1 -9.44751E1 -9.44751E1 -1.33702E2 -8.56354E1 -8.14672E1 -1.09392E2 -1.1105E2 -1.1105E2 -1.10497E2 -1.10497E2 -1.33149E2 -1.39227E2 -1.29282E2 -1.29282E2 -1.32044E2 -1.33149E2 -1.16022E2 -1.33149E2 -1.30939E2 -1.16022E2 -1.16022E2 -1.32044E2 -1.16575E2 -1.17127E2 -1.19337E2 -1.19337E2 -1.35912E2 -1.34254E2 -1.0884E2 -9.22652E1 -9.17127E1 -8.69691E1 -1.07735E2 -9.61326E1
-9999 -9999 -9999 -9999 -9999 -9999 -9999 -9999 -9999 -9999 -9999 -9999 -9999 -9999 -9999 -9999 -9999 -9999 -9999 -9999 -9999 -9999 -9999 -9999 -9999 -8.30759E1 -8.06306E1 -8.22072E1 -8.28729E1 -9.23423E1 -9.4112E1 -9.54311E1 -9.6686E1 -1.30387E2 -9.39227E1 -9.39227E1 -1.31492E2 -1.08287E2 -8.61878E1 -1.26519E2 -1.08287E2 -1.09945E2 -1.0884E2 -1.09392E2 -1.09945E2 -1.10497E2 -1.28729E2 -1.12155E2 -1.32597E2 -1.14917E2 -1.32597E2 -1.32044E2 -1.1547E2 -1.14917E2 -1.30939E2 -1.30939E2 -1.30939E2 -1.33702E2 -1.32044E2 -1.34807E2 -1.35359E2 -1.34254E2 -1.08287E2 -9.22652E1 -8.0695E1 -9.11602E1 -1.07735E2 -1.31492E2
-9999 -9999 -9999 -9999 -9999 -9999 -9999 -9999 -9999 -9999 -9999 -9999 -9999 -9999 -9999 -9999 -9999 -9999 -9999 -9999 -9999 -9999 -9999 -9999 -9999 -8.48134E1 -8.35907E1 -7.70592E1 -8.66152E1 -8.83205E1 -9.90348E1 -1.24862E2 -1.25967E2 -1.33702E2 -1.35359E2 -1.35912E2 -1.07735E2 -1.08287E2 -1.08287E2 -1.09945E2 -1.27072E2 -1.33149E2 -1.26519E2 -1.0884E2 -1.27072E2 -1.38674E2 -9.48198E1 -1.42541E2 -1.31492E2 -1.30387E2 -1.42541E2 -1.42541E2 -1.13812E2 -1.13812E2 -1.14917E2 -1.14917E2 -1.30939E2 -1.33149E2 -1.34254E2 -1.33149E2 -1.35912E2 -1.34254E2 -1.08287E2 -1.0884E2 -9.17127E1 -9.17127E1 -9.66851E1 -9.55801E1
-9999 -9999 -9999 -9999 -9999 -9999 -9999 -9999 -9999 -9999 -9999 -9999 -9999 -9999 -9999 -9999 -9999 -9999 -9999 -9999 -9999 -9999 -9999 -9999 -9999 -8.63578E1 -8.46203E1 -8.12155E1 -8.6583E1 -9.8166E1 -1.32044E2 -1.22652E2 -1.04972E2 -1.05525E2 -1.23757E2 -1.34807E2 -1.06077E2 -1.25967E2 -1.25967E2 -1.33702E2 -9.45946E1 -9.93243E1 -1.33702E2 -1.37569E2 -1.26519E2 -1.27624E2 -9.66538E1 -1.42541E2 -1.30387E2 -1.28729E2 -1.29834E2 -1.29834E2 -1.30939E2 -1.31492E2 -1.30387E2 -1.31492E2 -1.30387E2 -1.32044E2 -1.32597E2 -1.34254E2 -1.33702E2 -1.33702E2 -1.07182E2 -1.08287E2 -9.22652E1 -7.73481E1 -9.17127E1 -9.11602E1
-9999 -9999 -9999 -9999 -9999 -9999 -9999 -9999 -9999 -9999 -9999 -9999 -9999 -9999 -9999 -9999 -9999 -9999 -9999 -9999 -9999 -9999 -9999 -9999 -9999 -9.32111E1 -1.27624E2 -8.98005E1 -8.56499E1 -1.29834E2 -1.23204E2 -1.03315E2 -1.0442E2 -1.03867E2 -1.22099E2 -1.23204E2 -1.18785E2 -1.18785E2 -9.73295E1 -9.63642E1 -1.25414E2 -1.25967E2 -1.31492E2 -1.33702E2 -1.26519E2 -1.10497E2 -1.41989E2 -1.41989E2 -1.29834E2 -1.11602E2 -1.30387E2 -1.30387E2 -1.43094E2 -1.43646E2 -1.42541E2 -1.44199E2 -1.31492E2 -1.31492E2 -1.45856E2 -1.16575E2 -1.07735E2 -9.22652E1 -1.07182E2 -8.53282E1 -6.5444E1 -6.78893E1 -7.50322E1 -9.11602E1
-9999 -9999 -9999 -9999 -9999 -9999 -9999 -9999 -9999 -9999 -9999 -9999 -9999 -9999 -9999 -9999 -9999 -9999 -9999 -9999 -9999 -9999 -9999 -9999 -9999 -9.28177E1 -1.27624E2 -1.19337E2 -1.01105E2 -1.31492E2 -1.22652E2 -1.03315E2 -1.03315E2 -1.22099E2 -1.22099E2 -1.03315E2 -7.78636E1 -8.55534E1 -8.87387E1 -9.53024E1 -9.55277E1 -1.01105E2 -8.78453E1 -1.25414E2 -1.23757E2 -1.28729E2 -1.28729E2 -1.39779E2 -1.27624E2 -1.1105E2 -1.29834E2 -1.30939E2 -1.43646E2 -9.22652E1 -1.38122E2 -1.30939E2 -1.43094E2 -1.30387E2 -1.16575E2 -1.16022E2 -9.00553E1 -8.20463E1 -7.79006E1 -6.86293E1 -6.88867E1 -6.94981E1 -7.39382E1 -9.17127E1
-9999 -9999 -9999 -9999 -9999 -9999 -9999 -9999 -9999 -9999 -9999 -9999 -9999 -9999 -9999 -9999 -9999 -9999 -9999 -9999 -9999 -9999 -9999 -9999 -1.25967E2 -1.28177E2 -1.20442E2 -1.19337E2 -9.66851E1 -1.21547E2 -1.32044E2 -1.21547E2 -1.22652E2 -1.22099E2 -1.32597E2 -1.22099E2 -1.22099E2 -8.61878E1 -8.88996E1 -9.0251E1 -1.30387E2 -1.16022E2 -9.2471E1 -9.50772E1 -1.23757E2 -1.33149E2 -1.40884E2 -1.28177E2 -1.28177E2 -1.28177E2 -1.1105E2 -1.30387E2 -1.30387E2 -1.28729E2 -1.1326E2 -1.1326E2 -1.29834E2 -1.1326E2 -1.16575E2 -9.28177E1 -8.50829E1 -8.39779E1 -8.56354E1 -6.52188E1 -7.01737E1 -7.48391E1 -9.11602E1 -1.0663E2
-9999 -9999 -9999 -9999 -9999 -9999 -9999 -9999 -9999 -9999 -9999 -9999 -9999 -9999 -9999 -9999 -9999 -9999 -9999 -9999 -9999 -9999 -9999 -9999 -1.18785E2 -1.1989E2 -1.00552E2 -1E2 -1.00552E2 -8.78453E1 -1.31492E2 -1.31492E2 -1.22099E2 -1.32597E2 -1.29834E2 -1.32597E2 -9.05084E1 -8.79022E1 -8.72928E1 -8.72928E1 -1.22099E2 -9.54633E1 -9.36937E1 -1.23204E2 -9.44751E1 -1.40331E2 -1.40331E2 -1.27624E2 -1.27072E2 -1.09945E2 -1.29282E2 -1.29282E2 -1.29282E2 -1.29834E2 -1.12155E2 -1.10497E2 -1.0884E2 -8.56354E1 -8.61878E1 -9.28177E1 -9.28177E1 -9.33702E1 -7.90055E1 -9.22652E1 -9.17127E1 -9.11602E1 -1.06077E2 -1.05525E2
-9999 -9999 -9999 -9999 -9999 -9999 -9999 -9999 -9999 -9999 -9999 -9999 -9999 -9999 -9999 -9999 -9999 -9999 -9999 -9999 -9999 -9999 -9999 -9999 -9.77901E1 -8.57786E1 -9.37259E1 -9.11197E1 -8.78453E1 -8.35586E1 -8.90605E1 -1.20442E2 -1.20442E2 -1.20994E2 -9.77799E1 -9.17632E1 -8.83978E1 -8.78453E1 -8.67403E1 -8.67403E1 -1.21547E2 -9.6139E1 -9.30502E1 -1.37569E2 -1.32597E2 -1.32597E2 -1.32597E2 -9.53024E1 -1.27072E2 -1.27624E2 -1.40331E2 -1.1105E2 -1.1105E2 -1.10497E2 -1.11602E2 -1.28729E2 -1.01105E2 -1.0221E2 -1.0221E2 -8.56354E1 -8.56354E1 -8.50829E1 -9.22652E1 -1.06077E2 -9.17127E1 -9.17127E1 -1.0663E2 -9.06077E1
-9999 -9999 -9999 -9999 -9999 -9999 -9999 -9999 -9999 -9999 -9999 -9999 -9999 -9999 -9999 -9999 -9999 -9999 -9999 -9999 -9999 -9999 -9999 -9999 -9.66851E1 -1.18232E2 -9.6139E1 -9.36937E1 -9.05405E1 -8.67403E1 -8.67403E1 -9.58816E1 -9.22652E1 -9.28177E1 -9.38224E1 -9.28177E1 -8.78453E1 -8.5843E1 -8.78453E1 -8.78453E1 -1.21547E2 -1.24309E2 -1.36464E2 -1.28729E2 -1.38122E2 -9.9807E1 -9.76834E1 -1.00322E2 -1.39227E2 -1.08287E2 -1.27072E2 -1.09945E2 -1.09945E2 -1.28177E2 -1.28177E2 -9.22652E1 -9.33702E1 -9.28177E1 -9.94475E1 -9.28177E1 -9.28177E1 -1.0884E2 -9.17127E1 -9.06077E1 -1.06077E2 -1.0663E2 -1.11602E2 -1.05525E2
-9999 -9999 -9999 -9999 -9999 -9999 -9999 -9999 -9999 -9999 -9999 -9999 -9999 -9999 -9999 -9999 -9999 -9999 -9999 -9999 -9999 -9999 -9999 -9.80373E1 -1.16022E2 -9.45946E1 -9.56242E1 -9.80373E1 -9.89382E1 -1.29282E2 -1.29834E2 -9.92922E1 -9.17127E1 -1.30939E2 -1.17127E2 -9.29858E1 -9.17127E1 -8.78453E1 -8.78453E1 -8.78453E1 -9.22652E1 -1.35359E2 -1.36464E2 -1.29282E2 -1.29834E2 -1.38674E2 -1.27072E2 -1.25967E2 -1.07735E2 -1.07735E2 -1.0884E2 -1.09392E2 -1.09945E2 -1.10497E2 -1.29282E2 -9.28177E1 -9.22652E1 -9.22652E1 -9.11602E1 -9.06077E1 -9.22652E1 -1.0442E2 -1.06077E2 -1.06077E2 -1.1326E2 -1.13812E2 -1.06077E2 -1.04972E2
-9999 -9999 -9999 -9999 -9999 -9999 -9999 -9999 -9999 -9999 -9999 -9999 -9999 -9999 -9999 -9999 -9999 -9999 -9999 -9999 -9999 -9999 -9999 -1.1547E2 -1.16022E2 -1.25967E2 -9.52381E1 -9.5592E1 -9.27284E1 -9.94209E1 -1.28177E2 -1.28177E2 -1.29282E2 -8.73874E1 -8.67761E1 -9.30502E1 -9.17127E1 -9.17127E1 -9.17127E1 -9.17127E1 -9.51416E1 -9.90348E1 -9.89704E1 -1.29282E2 -1.29834E2 -1.37569E2 -1.38122E2 -1.0663E2 -1.07182E2 -1.07182E2 -1.0884E2 -1.07735E2 -1.07735E2 -1.25414E2 -1.27624E2 -9.33702E1 -9.22652E1 -9.17127E1 -8.15315E1 -9.06077E1 -9.00553E1 -1.26519E2 -1.06077E2 -9.17127E1 -1.05525E2 -1.29282E2 -9.06077E1 -9.06077E1
-9999 -9999 -9999 -9999 -9999 -9999 -9999 -9999 -9999 -9999 -9999 -9999 -9999 -9999 -9999 -9999 -9999 -9999 -9999 -9999 -9999 -9999 -9999 -1.1547E2 -1.1768E2 -8.15959E1 -8.56499E1 -8.54891E1 -9.54955E1 -9.91635E1 -9.90026E1 -9.81982E1 -1.28729E2 -1.29282E2 -1.18232E2 -1.30387E2 -9.11602E1 -9.11602E1 -9.11602E1 -9.22652E1 -9.22652E1 -9.88095E1 -1.35912E2 -1.35359E2 -1.29282E2 -1.23757E2 -1.24309E2 -1.06077E2 -9.28177E1 -1.06077E2 -1.24862E2 -1.25414E2 -1.06077E2 -1.25967E2 -1.32597E2 -1.33149E2 -9.28177E1 -9.17127E1 -9.11602E1 -9.06077E1 -9.11602E1 -1.10497E2 -1.04972E2 -1.05525E2 -1.28177E2 -1.28729E2 -1.0442E2 -1.0442E2
-9999 -9999 -9999 -9999 -9999 -9999 -9999 -9999 -9999 -9999 -9999 -9999 -9999 -9999 -9999 -9999 -9999 -9999 -9999 -9999 -9999 -9999 -9999 -9.50129E1 -8.56354E1 -7.92149E1 -9.39227E1 -1.1547E2 -9.91313E1 -1.02542E2 -9.77799E1 -1.20442E2 -1.16575E2 -9.66851E1 -1.1768E2 -7.93436E1 -1.30387E2 -1.20442E2 -1.20442E2 -9.11602E1 -9.17127E1 -9.57529E1 -1.34254E2 -1.35359E2 -1.35359E2 -1.22099E2 -1.03867E2 -1.04972E2 -1.0442E2 -1.0442E2 -1.05525E2 -1.23757E2 -1.0663E2 -1.26519E2 -9.28177E1 -9.28177E1 -8.33012E1 -9.22652E1 -9.22652E1 -9.11602E1 -1.29834E2 -1.09945E2 -9.06077E1 -1.06077E2 -1.05525E2 -1.05525E2 -1.0442E2 -1.04972E2
-9999 -9999 -9999 -9999 -9999 -9999 -9999 -9999 -9999 -9999 -9999 -9999 -9999 -9999 -9999 -9999 -9999 -9999 -9999 -9999 -9999 -9999 -9999 -1.16575E2 -9.33702E1 -9.69755E1 -1.0074E2 -9.7426E1 -1.1547E2 -1.27072E2 -9.11602E1 -8.67403E1 -1.16575E2 -9.35328E1 -9.39833E1 -1.29282E2 -1.28177E2 -1.1989E2 -9.83425E1 -1.29282E2 -1.29834E2 -1.34254E2 -1.20994E2 -1.01657E2 -1.0442E2 -1.03867E2 -1.0663E2 -1.04972E2 -1.03867E2 -1.03867E2 -1.03867E2 -1.04972E2 -1.1326E2 -1.13812E2 -9.28177E1 -9.22652E1 -9.17127E1 -1.07182E2 -9.17127E1 -9.11602E1 -1.03867E2 -1.03867E2 -9.11602E1 -8.16602E1 -9.17127E1 -1.0442E2 -1.04972E2 -9.06077E1
-9999 -9999 -9999 -9999 -9999 -9999 -9999 -9999 -9999 -9999 -9999 -9999 -9999 -9999 -9999 -9999 -9999 -9999 -9999 -9999 -9999 -9999 -1.12707E2 -8.34254E1 -8.45304E1 -7.88932E1 -1.24862E2 -8.00837E1 -1.25967E2 -1.26519E2 -1.26519E2 -1.1547E2 -8.5843E1 -9.08623E1 -9.35328E1 -1.16575E2 -1.29282E2 -9.66851E1 -9.16988E1 -9.00553E1 -9.11602E1 -1.00552E2 -1E2 -1E2 -1.1989E2 -1.00552E2 -1.05525E2 -9.22652E1 -1.21547E2 -1.29834E2 -1.35912E2 -1.38674E2 -9.46911E1 -9.22652E1 -9.17127E1 -9.22652E1 -7.67956E1 -9.22652E1 -9.11602E1 -9.17127E1 -9.00553E1 -1.02762E2 -9.17127E1 -8.18855E1 -1.0442E2 -1.04972E2 -1.05525E2 -1.05525E2
-9999 -9999 -9999 -9999 -9999 -9999 -9999 -9999 -9999 -9999 -9999 -9999 -9999 -9999 -9999 -9999 -9999 -9999 -9999 -9999 -9999 -9999 -8.80309E1 -8.33977E1 -6.92728E1 -7.55148E1 -1.14365E2 -9.25032E1 -1.26519E2 -1.14917E2 -9.33702E1 -8.67403E1 -9.13449E1 -9.31789E1 -9.3565E1 -1.16575E2 -1.16575E2 -9.61326E1 -9.66851E1 -9.3758E1 -9.28893E1 -9.72376E1 -1.18785E2 -9.8895E1 -9.94475E1 -9.15701E1 -8.48777E1 -9.06077E1 -9.00553E1 -1.20442E2 -9.04762E1 -1.36464E2 -9.28893E1 -9.28177E1 -9.28177E1 -9.28177E1 -9.28177E1 -9.22652E1 -9.00553E1 -8.89503E1 -1.02762E2 -1.0663E2 -1.30939E2 -1.03867E2 -1.24862E2 -1.31492E2 -1.32044E2 -9.17127E1
-9999 -9999 -9999 -9999 -9999 -9999 -9999 -9999 -9999 -9999 -9999 -9999 -9999 -9999 -9999 -9999 -9999 -9999 -9999 -9999 -9999 -1.20442E2 -1.20994E2 -8.18855E1 -7.41313E1 -8.50829E1 -7.49035E1 -7.92471E1 -8.1435E1 -1.25414E2 -1.13812E2 -8.67403E1 -9.71364E1 -9.6139E1 -9.60746E1 -9.48842E1 -1.16022E2 -1.01105E2 -8.95028E1 -8.95028E1 -1.00552E2 -9.66851E1 -1.1768E2 -9.83425E1 -9.83425E1 -9.06077E1 -9.00553E1 -9.06077E1 -9.11602E1 -1.28729E2 -8.95028E1 -9.1731E1 -9.5045E1 -9.72651E1 -1.32044E2 -1.32044E2 -1.13812E2 -9.22652E1 -8.83978E1 -8.72928E1 -1.05525E2 -1.08287E2 -1.38674E2 -1.24309E2 -1.24862E2 -1.32044E2 -1.32044E2 -9.17127E1
-9999 -9999 -9999 -9999 -9999 -9999 -9999 -9999 -9999 -9999 -9999 -9999 -9999 -9999 -9999 -9999 -9999 -9999 -9999 -9999 -9999 -1.09392E2 -1.20994E2 -8.66474E1 -7.5193E1 -7.26512E1 -7.45817E1 -8.5103E1 -8.69369E1 -1.25414E2 -1.1326E2 -1.13812E2 -9.75225E1 -9.75869E1 -9.70721E1 -9.64929E1 -1.16022E2 -9.59138E1 -1.16575E2 -9.55801E1 -1.00552E2 -9.61326E1 -9.66851E1 -9.66851E1 -9.72376E1 -9.77901E1 -9.06077E1 -9.11602E1 -9.8895E1 -1.1989E2 -1.28177E2 -9.74903E1 -9.59138E1 -9.73295E1 -1.38122E2 -9.17127E1 -9.28177E1 -7.80245E1 -8.83978E1 -8.89503E1 -9.00553E1 -1.08287E2 -1.30939E2 -1.30939E2 -1.24309E2 -1.25414E2 -1.25414E2 -9.28177E1
-9999 -9999 -9999 -9999 -9999 -9999 -9999 -9999 -9999 -9999 -9999 -9999 -9999 -9999 -9999 -9999 -9999 -9999 -9999 -9999 -9999 -1.09392E2 -1.18232E2 -1.10497E2 -1.09945E2 -1.10497E2 -7.67374E1 -1.12707E2 -1.1326E2 -1.1326E2 -1.1326E2 -1.01898E2 -9.77477E1 -1.00193E2 -9.97104E1 -1.14365E2 -1.14917E2 -1.00515E2 -9.72973E1 -9.7619E1 -9.50276E1 -9.06077E1 -9.00553E1 -9.06077E1 -9.11602E1 -1.00552E2 -9.11602E1 -9.11602E1 -1.17127E2 -1.1768E2 -9.13127E1 -9.72008E1 -9.51094E1 -9.59138E1 -1.37017E2 -9.28177E1 -7.74131E1 -7.60618E1 -8.83978E1 -8.89503E1 -9.00553E1 -9.11602E1 -1.30387E2 -1.05525E2 -1.04972E2 -1.24309E2 -1.06077E2 -1.09392E2
-9999 -9999 -9999 -9999 -9999 -9999 -9999 -9999 -9999 -9999 -9999 -9999 -9999 -9999 -9999 -9999 -9999 -9999 -9999 -9999 -9999 -1.1989E2 -1.09392E2 -8.83978E1 -1.10497E2 -1.21547E2 -1.21547E2 -1.10497E2 -1.11602E2 -9.47555E1 -9.64286E1 -1.02703E2 -9.91956E1 -9.87774E1 -9.91635E1 -1.26519E2 -9.82947E1 -9.8895E1 -9.94475E1 -9.46911E1 -9.44981E1 -9.94475E1 -9.11519E1 -9.06077E1 -9.13771E1 -1E2 -1.16575E2 -1.17127E2 -1.17127E2 -9.77901E1 -1.20442E2 -9.62355E1 -9.98391E1 -9.71686E1 -9.44659E1 -9.28177E1 -9999 -6.49614E1 -7.41313E1 -8.30116E1 -9.06077E1 -8.95028E1 -9.06077E1 -9.17127E1 -1.05525E2 -1.0663E2 -1.06077E2 -1.05525E2
-9999 -9999 -9999 -9999 -9999 -9999 -9999 -9999 -9999 -9999 -9999 -9999 -9999 -9999 -9999 -9999 -9999 -9999 -9999 -9999 -9.42407E1 -9.24389E1 -9.03797E1 -9.06077E1 -7.50643E1 -8.83978E1 -1.0884E2 -8.72928E1 -8.83978E1 -8.89961E1 -1.11602E2 -1.12707E2 -1.12707E2 -1.25967E2 -1.1326E2 -1.13812E2 -9.7973E1 -9.22652E1 -9.8895E1 -9.8895E1 -9.8895E1 -9.8895E1 -9.10553E1 -9.22458E1 -9.06077E1 -9.50276E1 -9.61326E1 -9.66851E1 -1.16575E2 -1.16575E2 -1.19337E2 -9.57529E1 -9.95817E1 -1.01126E2 -9.33702E1 -9999 -7.8453E1 -7.45856E1 -8.89503E1 -9.00553E1 -1.33149E2 -7.62431E1 -8.95028E1 -8.95028E1 -1.33149E2 -1.33149E2 -9.22652E1 -1.04972E2
-9999 -9999 -9999 -9999 -9999 -9999 -9999 -9999 -9999 -9999 -9999 -9999 -9999 -9999 -9999 -9999 -9999 -9999 -9999 -9999 -1.1768E2 -1.1768E2 -1.1989E2 -1.18785E2 -7.23938E1 -7.66087E1 -1.08287E2 -1.0884E2 -1.09392E2 -1.09392E2 -8.27542E1 -1.24309E2 -1.24862E2 -1.24862E2 -1.12155E2 -9.92278E1 -9.45624E1 -9.17127E1 -9.24389E1 -9.53346E1 -9.8166E1 -9.83425E1 -9.33702E1 -9.39227E1 -9.23423E1 -1.1547E2 -9.50276E1 -1.00552E2 -1.00547E2 -1.31492E2 -1.32597E2 -1.00354E2 -9.11602E1 -1.29282E2 -9.39227E1 -7.90055E1 -6.46409E1 -7.62431E1 -7.40331E1 -1.32044E2 -1.31492E2 -9.00553E1 -8.95028E1 -9.17127E1 -1.37569E2 -1.22652E2 -1.22099E2 -1.04972E2
-9999 -9999 -9999 -9999 -9999 -9999 -9999 -9999 -9999 -9999 -9999 -9999 -9999 -9999 -9999 -9999 -9999 -9999 -9999 -9999 -1.17127E2 -1.18785E2 -1.0663E2 -1.0663E2 -1.16022E2 -7.63835E1 -9.08301E1 -9.25997E1 -9.17954E1 -9.65573E1 -1.09392E2 -1.10497E2 -1.23757E2 -1.10497E2 -1.11602E2 -9.60425E1 -9.35006E1 -9.24389E1 -9.2471E1 -9.77901E1 -9.83425E1 -9.82947E1 -1.1326E2 -1.13812E2 -1.26519E2 -1.1547E2 -1.1547E2 -1.16575E2 -1.17127E2 -1.32597E2 -9.46911E1 -9.39227E1 -9.42407E1 -9.16023E1 -9.17127E1 -9999 -7.90055E1 -9.39227E1 -1.03867E2 -1.1989E2 -1.0663E2 -8.95028E1 -1.30939E2 -1.29834E2 -1.33149E2 -1.21547E2 -1.0442E2 -1.0442E2
-9999 -9999 -9999 -9999 -9999 -9999 -9999 -9999 -9999 -9999 -9999 -9999 -9999 -9999 -9999 -9999 -9999 -9999 -9999 -9999 -1.1768E2 -1.18232E2 -1.18785E2 -1.0663E2 -1.06077E2 -8.09846E1 -9.33702E1 -9.39227E1 -9.39227E1 -9.26641E1 -9.66216E1 -1.09392E2 -1.10497E2 -1.1105E2 -1.11602E2 -9.62033E1 -9.73616E1 -9.51737E1 -1.12707E2 -9.53024E1 -9.77901E1 -9.17127E1 -9.33719E1 -9.29858E1 -1.27072E2 -1.14365E2 -1.27072E2 -1.30387E2 -1.30939E2 -9.50772E1 -9.44751E1 -9.47555E1 -9.11602E1 -1.30939E2 -9.11602E1 -8.45304E1 -9.33702E1 -9999 -1.10497E2 -1.28177E2 -9.06077E1 -9.00553E1 -1.06077E2 -1.10497E2 -1.06077E2 -1.04972E2 -1.03315E2 -1.20994E2
-9999 -9999 -9999 -9999 -9999 -9999 -9999 -9999 -9999 -9999 -9999 -9999 -9999 -9999 -9999 -9999 -9999 -9999 -9999 -9999 -1.17127E2 -1.1768E2 -1.17127E2 -9.23102E1 -1.16575E2 -1.07182E2 -8.90605E1 -1.0663E2 -9.03475E1 -9.27928E1 -9.6139E1 -1.08287E2 -8.73552E1 -1.0884E2 -1.23757E2 -1.10497E2 -9.79086E1 -9.70077E1 -9.52059E1 -1.12155E2 -1.12155E2 -1.12155E2 -1.1768E2 -1.26519E2 -1.29282E2 -1.29282E2 -1.27624E2 -1.30387E2 -1.30387E2 -9.42728E1 -9.44751E1 -9.39227E1 -9.39227E1 -9.06077E1 -9.11602E1 -9.17127E1 -9999 -6.74033E1 -8.28729E1 -9.06077E1 -9.11602E1 -9.06077E1 -1.29834E2 -1.29834E2 -1.05525E2 -1.05525E2 -1.05525E2 -1.28177E2
-9999 -9999 -9999 -9999 -9999 -9999 -9999 -9999 -9999 -9999 -9999 -9999 -9999 -9999 -9999 -9999 -9999 -9999 -9999 -9999 -9.34041E1 -8.85135E1 -8.96075E1 -1.05525E2 -1.06077E2 -9.33076E1 -1.06077E2 -1.0663E2 -8.84813E1 -1.07182E2 -1.20442E2 -1.07735E2 -8.88353E1 -9.07336E1 -1.22652E2 -1.09945E2 -1.10497E2 -1.1105E2 -1.1105E2 -1.1105E2 -9.25997E1 -9.40154E1 -1.26519E2 -9.48198E1 -9.50276E1 -9.13771E1 -9.37902E1 -9.86165E1 -9.53024E1 -9.5592E1 -9.00553E1 -9.00553E1 -9.39227E1 -9.07979E1 -9.06077E1 -9.39227E1 -6.46718E1 -8.56354E1 -8.50829E1 -8.45304E1 -8.34254E1 -9.11602E1 -9.17127E1 -1.1105E2 -9.06077E1 -9.00553E1 -5.2574E1 -6.25804E1
