ENM/Final_Models/M_0.8_F_q_Set_1_E/Gustavia_santanderiensis_0_Choco.asc
ncols         367
nrows         963
xllcorner     -78.6
yllcorner     0.65
cellsize      0.00833333333333323
NODATA_value  -9999
[rows 360 to 389 of 963, columns 268 to 334 of 367]
9.31237E-1 9.46777E-1 9.83851E-1 9.96392E-1 9.96358E-1 9.63284E-1 9.84018E-1 9.52712E-1 9.51964E-1 9.24089E-1 9.46301E-1 5.1615E-1 3.53992E-1 1.05299E-1 3.82312E-2 2.30818E-2 7.73272E-2 7.189E-2 8.90655E-2 4.71417E-2 2.78189E-2 3.44903E-3 2.16715E-2 3.32905E-4 2.54694E-4 1.08196E-4 3.35775E-3 2.25243E-3 1.02808E-4 1.41572E-4 4.14556E-6 -9999 -9999 -9999 -9999 -9999 -9999 -9999 -9999 -9999 -9999 -9999 -9999 -9999 -9999 -9999 -9999 -9999 -9999 -9999 -9999 -9999 -9999 -9999 -9999 -9999 -9999 -9999 -9999 -9999 -9999 -9999 -9999 -9999 -9999 -9999 -9999
9.89518E-1 9.87216E-1 9.97397E-1 9.98688E-1 9.97554E-1 9.909E-1 9.91563E-1 9.826E-1 9.65175E-1 8.8716E-1 4.62785E-1 1.09029E-1 7.33464E-2 6.79645E-2 2.8476E-2 7.24406E-2 1.81767E-1 1.46358E-1 6.69299E-2 8.46008E-2 4.46191E-2 5.11883E-3 1.06865E-3 3.74618E-4 6.59398E-4 5.66196E-4 5.7588E-4 -9999 -9999 -9999 -9999 -9999 -9999 -9999 -9999 -9999 -9999 -9999 -9999 -9999 -9999 -9999 -9999 -9999 -9999 -9999 -9999 -9999 -9999 -9999 -9999 -9999 -9999 -9999 -9999 -9999 -9999 -9999 -9999 -9999 -9999 -9999 -9999 -9999 -9999 -9999 -9999
9.86844E-1 9.96342E-1 9.96984E-1 9.95324E-1 9.98608E-1 9.98291E-1 9.88583E-1 9.92616E-1 9.02799E-1 8.05362E-1 3.28681E-1 5.09866E-2 4.86649E-2 1.13226E-2 7.3771E-2 1.47304E-1 1.82019E-1 1.59724E-1 7.1725E-2 1.11828E-1 1.02422E-1 4.28719E-3 8.90615E-4 7.40354E-4 6.254E-4 4.33808E-4 -9999 -9999 -9999 -9999 -9999 -9999 -9999 -9999 -9999 -9999 -9999 -9999 -9999 -9999 -9999 -9999 -9999 -9999 -9999 -9999 -9999 -9999 -9999 -9999 -9999 -9999 -9999 -9999 -9999 -9999 -9999 -9999 -9999 -9999 -9999 -9999 -9999 -9999 -9999 -9999 -9999
9.9826E-1 9.97829E-1 9.97823E-1 9.989E-1 9.98412E-1 9.97483E-1 9.84039E-1 9.76837E-1 9.35598E-1 9.24106E-1 4.6282E-1 2.28706E-1 4.9409E-2 5.19494E-2 2.76084E-1 5.17187E-1 2.93935E-1 3.05564E-1 2.04417E-1 2.72511E-1 8.6763E-2 6.45095E-3 6.88752E-3 3.01699E-3 7.5015E-4 1.85142E-4 3.62428E-5 1.98736E-4 1.82757E-4 -9999 -9999 -9999 -9999 -9999 -9999 -9999 -9999 -9999 -9999 -9999 -9999 -9999 -9999 -9999 -9999 -9999 -9999 -9999 -9999 -9999 -9999 -9999 -9999 -9999 -9999 -9999 -9999 -9999 -9999 -9999 -9999 -9999 -9999 -9999 -9999 -9999 -9999
9.99882E-1 9.99899E-1 9.99196E-1 9.99586E-1 9.92639E-1 9.9667E-1 9.85589E-1 9.57116E-1 9.51998E-1 9.13173E-1 6.07895E-1 2.77825E-1 9.06973E-2 2.23958E-1 5.12545E-1 4.72914E-1 3.62696E-1 4.80242E-1 2.96068E-1 3.1544E-1 1.29745E-1 5.56169E-3 2.82356E-3 7.70699E-4 3.40577E-4 3.27542E-4 1.53669E-3 6.35986E-4 2.97561E-4 7.56402E-4 -9999 -9999 2.41199E-4 -9999 -9999 -9999 -9999 -9999 -9999 -9999 -9999 -9999 -9999 -9999 -9999 -9999 -9999 -9999 -9999 -9999 -9999 -9999 -9999 -9999 -9999 -9999 -9999 -9999 -9999 -9999 -9999 -9999 -9999 -9999 -9999 -9999 -9999
9.99623E-1 9.99781E-1 9.99557E-1 9.99595E-1 9.99483E-1 9.88442E-1 9.93714E-1 9.93027E-1 9.54377E-1 8.4737E-1 4.45438E-1 2.38723E-1 4.09352E-1 4.80698E-1 3.5927E-1 2.30774E-1 2.4349E-1 2.8182E-1 3.43857E-1 3.30563E-1 2.29224E-1 3.31383E-2 1.62954E-3 1.27882E-4 4.64906E-4 1.21163E-4 4.05616E-4 4.79842E-3 1.1546E-3 3.25767E-3 4.94064E-3 1.06001E-3 4.86626E-4 4.58102E-4 -9999 -9999 -9999 -9999 -9999 -9999 -9999 -9999 -9999 -9999 -9999 -9999 -9999 -9999 -9999 -9999 -9999 -9999 -9999 -9999 -9999 -9999 -9999 -9999 -9999 -9999 -9999 -9999 -9999 -9999 -9999 -9999 -9999
9.94611E-1 9.99422E-1 9.98389E-1 9.98858E-1 9.99912E-1 9.97925E-1 9.88916E-1 9.88534E-1 9.79219E-1 8.62402E-1 5.01315E-1 3.26271E-1 5.80357E-1 6.71788E-1 4.70085E-1 1.92016E-1 3.84454E-1 2.19365E-1 3.27455E-1 2.27608E-1 1.04636E-1 1.81103E-3 6.49447E-3 1.69862E-3 1.83916E-3 4.17158E-3 3.09351E-3 5.04641E-3 7.11736E-3 1.06638E-3 3.43935E-4 2.60347E-3 1.23956E-4 5.48157E-3 -9999 -9999 -9999 -9999 -9999 -9999 -9999 -9999 -9999 -9999 -9999 -9999 -9999 -9999 -9999 -9999 -9999 -9999 -9999 -9999 -9999 -9999 -9999 -9999 -9999 -9999 -9999 -9999 -9999 -9999 -9999 -9999 -9999
9.99879E-1 9.98001E-1 9.90228E-1 9.96583E-1 9.7289E-1 9.90916E-1 9.48492E-1 8.58118E-1 8.9369E-1 7.63641E-1 5.90782E-1 6.41235E-1 6.52479E-1 4.64801E-1 3.06854E-1 2.38304E-1 2.86321E-1 5.2957E-1 5.6675E-1 4.08312E-1 1.14043E-1 3.1494E-3 7.64678E-3 7.45154E-3 6.4839E-3 1.12064E-2 9.20773E-3 6.8137E-3 1.21417E-2 2.34637E-3 4.77142E-3 2.27415E-3 9.56286E-4 1.96815E-3 2.60474E-2 -9999 -9999 -9999 -9999 -9999 -9999 -9999 -9999 -9999 -9999 -9999 -9999 -9999 -9999 -9999 -9999 -9999 -9999 -9999 -9999 -9999 -9999 -9999 -9999 -9999 -9999 -9999 -9999 -9999 -9999 -9999 -9999
9.79672E-1 9.9568E-1 9.98392E-1 9.9427E-1 9.5427E-1 9.68298E-1 9.50292E-1 8.31144E-1 6.90528E-1 6.79964E-1 7.82063E-1 8.41309E-1 7.94143E-1 5.7273E-1 2.97306E-1 3.62033E-1 4.72895E-1 5.08246E-1 4.44228E-1 3.23212E-1 2.3213E-1 1.6555E-2 1.78302E-2 9.91026E-3 2.04581E-2 1.97219E-2 6.81273E-3 1.19021E-2 5.07396E-3 3.48106E-3 4.36837E-3 4.87327E-3 8.94915E-3 1.03117E-2 2.40851E-3 4.07093E-3 -9999 -9999 -9999 -9999 -9999 -9999 -9999 -9999 -9999 -9999 -9999 -9999 -9999 -9999 -9999 -9999 -9999 -9999 -9999 -9999 -9999 -9999 -9999 -9999 -9999 -9999 -9999 -9999 -9999 -9999 -9999
9.7867E-1 9.80962E-1 9.46734E-1 9.36505E-1 9.37519E-1 9.57134E-1 8.62171E-1 7.51235E-1 4.25976E-1 6.62157E-1 8.89115E-1 8.48245E-1 6.72336E-1 4.35416E-1 3.29268E-1 4.34863E-1 5.79538E-1 1.99983E-1 1.85922E-1 1.8513E-1 3.1117E-1 4.30813E-2 7.91217E-3 7.10745E-3 7.7336E-3 2.4318E-2 2.06746E-2 2.71581E-2 1.04515E-2 3.21987E-3 3.19673E-3 1.15597E-2 1.50942E-2 1.3303E-2 1.07857E-2 4.02135E-2 1.65255E-2 -9999 -9999 -9999 -9999 -9999 -9999 -9999 -9999 -9999 -9999 -9999 -9999 -9999 -9999 -9999 -9999 -9999 -9999 -9999 -9999 -9999 -9999 -9999 -9999 -9999 -9999 -9999 -9999 -9999 -9999
9.93107E-1 9.494E-1 9.63562E-1 9.53869E-1 9.69795E-1 9.33261E-1 9.3417E-1 9.04067E-1 6.94595E-1 8.44135E-1 8.60847E-1 8.28244E-1 5.67403E-1 3.27091E-1 3.33932E-1 4.31823E-1 2.59423E-1 1.90733E-1 1.0063E-1 2.53048E-1 4.86105E-1 3.09805E-1 6.34739E-3 1.86155E-2 1.44875E-2 1.75868E-2 3.47771E-2 1.08473E-2 4.81903E-3 3.63287E-3 2.37859E-2 6.43423E-2 9.12271E-2 4.34687E-2 2.55309E-2 9.68888E-3 5.32207E-4 -9999 -9999 -9999 -9999 -9999 -9999 -9999 -9999 -9999 -9999 -9999 -9999 -9999 -9999 -9999 -9999 -9999 -9999 -9999 -9999 -9999 -9999 -9999 -9999 -9999 -9999 -9999 -9999 -9999 -9999
9.79088E-1 9.22437E-1 9.27476E-1 9.30373E-1 9.8451E-1 9.47504E-1 9.48143E-1 9.07839E-1 8.5378E-1 6.0083E-1 5.67973E-1 5.60153E-1 4.51452E-1 2.61875E-1 3.00759E-1 2.96962E-1 2.59023E-1 1.3649E-1 4.06357E-1 7.31224E-1 7.08505E-1 3.27223E-1 3.83494E-2 5.55822E-3 5.24133E-3 1.04546E-2 1.38523E-2 1.31994E-2 6.52262E-3 1.91445E-3 2.16517E-2 2.24775E-2 8.96406E-2 5.27976E-2 8.56629E-3 1.18688E-3 2.60593E-3 1.68505E-4 -9999 -9999 -9999 -9999 -9999 -9999 -9999 -9999 -9999 -9999 -9999 -9999 -9999 -9999 -9999 -9999 -9999 -9999 -9999 -9999 -9999 -9999 -9999 -9999 -9999 -9999 -9999 -9999 -9999
9.9569E-1 9.53618E-1 8.45161E-1 9.44871E-1 9.83176E-1 9.68981E-1 9.4603E-1 9.08355E-1 9.64908E-1 8.37453E-1 8.42144E-1 5.3102E-1 3.02907E-1 4.46975E-1 3.85666E-1 3.97266E-1 4.28758E-1 3.44558E-1 6.74611E-1 7.61764E-1 5.19353E-1 3.7438E-1 5.68864E-2 8.12862E-3 5.07346E-3 6.20667E-3 3.65475E-2 2.17401E-2 1.67361E-2 5.75946E-3 2.74565E-2 6.98873E-2 6.83363E-2 5.04225E-2 1.35083E-2 2.27986E-3 3.09897E-3 1.07552E-3 1.59057E-5 -9999 -9999 -9999 -9999 -9999 -9999 -9999 -9999 -9999 -9999 -9999 -9999 -9999 -9999 -9999 -9999 -9999 -9999 -9999 -9999 -9999 -9999 -9999 -9999 -9999 -9999 -9999 -9999
9.9532E-1 9.61996E-1 9.88355E-1 9.90249E-1 9.56829E-1 9.56825E-1 9.81145E-1 9.60833E-1 9.00632E-1 7.97708E-1 8.26451E-1 4.69875E-1 4.73962E-1 4.49112E-1 4.45559E-1 4.92001E-1 3.75585E-1 4.58982E-1 7.7105E-1 8.00334E-1 7.12292E-1 5.22867E-1 1.10496E-1 7.07297E-3 3.06981E-2 1.37873E-2 2.70305E-2 2.15238E-2 2.31392E-2 3.20545E-2 5.48451E-2 1.50251E-2 3.18207E-2 1.39206E-2 1.68184E-3 4.36827E-3 7.96128E-3 1.69865E-3 9.46282E-4 -9999 -9999 -9999 -9999 -9999 -9999 -9999 -9999 -9999 -9999 -9999 -9999 -9999 -9999 -9999 -9999 -9999 -9999 -9999 -9999 -9999 -9999 -9999 -9999 -9999 -9999 -9999 -9999
9.14079E-1 9.53021E-1 9.40696E-1 9.89072E-1 9.74383E-1 9.72817E-1 9.0964E-1 8.92161E-1 8.51902E-1 6.60423E-1 6.87198E-1 4.20541E-1 4.16687E-1 4.80874E-1 3.82689E-1 5.80648E-1 5.32614E-1 3.82467E-1 8.00631E-1 7.4806E-1 4.06416E-1 5.66727E-1 3.92792E-1 9.6357E-2 1.46124E-1 7.92985E-2 4.05829E-2 2.75186E-2 3.38079E-2 6.98012E-2 1.6225E-2 1.39019E-2 9.22214E-3 4.73283E-3 3.64594E-4 3.24379E-4 4.28873E-3 1.03716E-3 4.85332E-4 2.13523E-4 -9999 -9999 -9999 -9999 -9999 -9999 -9999 -9999 -9999 -9999 -9999 -9999 -9999 -9999 -9999 -9999 -9999 -9999 -9999 -9999 -9999 -9999 -9999 -9999 -9999 -9999 -9999
9.24009E-1 9.42577E-1 9.03617E-1 9.1043E-1 9.51528E-1 8.8277E-1 4.93229E-1 6.61532E-1 6.75516E-1 6.09798E-1 5.54777E-1 6.25683E-1 3.90329E-1 6.08497E-1 5.7021E-1 5.67341E-1 5.14879E-1 4.24945E-1 7.43475E-1 6.15869E-1 2.97423E-1 2.91999E-1 3.28478E-1 2.22843E-1 2.46552E-1 5.28052E-2 4.21946E-2 4.27931E-2 6.017E-2 4.16457E-2 3.82237E-2 8.53078E-3 1.45742E-2 2.40881E-2 1.12303E-2 7.6846E-4 4.02567E-4 7.69739E-4 6.89057E-4 7.31858E-5 8.2093E-5 -9999 -9999 -9999 -9999 -9999 -9999 -9999 -9999 -9999 -9999 -9999 -9999 -9999 -9999 -9999 -9999 -9999 -9999 -9999 -9999 -9999 -9999 -9999 -9999 -9999 -9999
7.45524E-1 9.15755E-1 9.07705E-1 8.89762E-1 8.70977E-1 5.50213E-1 2.47283E-1 4.23038E-1 4.97077E-1 6.76839E-1 7.24142E-1 6.46224E-1 4.32611E-1 6.3718E-1 6.03531E-1 5.11556E-1 4.34167E-1 6.56534E-1 4.18934E-1 4.90897E-1 3.57273E-1 2.77422E-1 1.89034E-1 1.33884E-1 2.56046E-1 8.32319E-2 1.03733E-1 5.1956E-2 2.92463E-2 5.44209E-3 6.25741E-3 4.24274E-3 4.24528E-3 7.89638E-4 1.19553E-3 1.54062E-3 1.39916E-3 8.58092E-3 3.72983E-3 3.06321E-4 4.62264E-5 -9999 -9999 -9999 -9999 -9999 -9999 -9999 -9999 -9999 -9999 -9999 -9999 -9999 -9999 -9999 -9999 -9999 -9999 -9999 -9999 -9999 -9999 -9999 -9999 -9999 -9999
7.72766E-1 8.36273E-1 8.65974E-1 8.98139E-1 6.90876E-1 1.98799E-1 1.22705E-1 2.16268E-1 1.95793E-1 7.4994E-1 6.92201E-1 6.65548E-1 5.71884E-1 4.88829E-1 7.28933E-1 7.57598E-1 5.8745E-1 8.42165E-1 3.78518E-1 4.67708E-1 1.38945E-1 2.03827E-1 3.74204E-2 1.32544E-1 1.56744E-1 1.34439E-1 6.56735E-2 7.62652E-2 6.10938E-2 7.62248E-2 4.04306E-2 4.66793E-3 2.27774E-3 2.34624E-3 1.44484E-3 3.27985E-3 4.18357E-3 2.06408E-2 2.46911E-2 1.15124E-3 3.31196E-4 9.25508E-5 -9999 -9999 -9999 -9999 -9999 -9999 -9999 -9999 -9999 -9999 -9999 -9999 -9999 -9999 -9999 -9999 -9999 -9999 -9999 -9999 -9999 -9999 -9999 -9999 -9999
9.62241E-1 8.69354E-1 6.97531E-1 8.6377E-1 7.47941E-1 2.23755E-1 3.45493E-1 7.85813E-1 7.4013E-1 8.52957E-1 8.54962E-1 7.76286E-1 7.37761E-1 6.7431E-1 8.7335E-1 7.32354E-1 6.42456E-1 8.42286E-1 6.16377E-1 5.81854E-1 4.63404E-1 3.6189E-1 1.42553E-1 2.47267E-1 8.79549E-2 1.19955E-1 6.28554E-2 6.48486E-2 2.91766E-2 8.73514E-2 1.34919E-1 2.14373E-2 9.34525E-3 1.22774E-2 8.1891E-4 2.57628E-3 1.31135E-2 2.22771E-2 4.07062E-3 6.7463E-3 7.27558E-3 2.90815E-3 -9999 -9999 -9999 -9999 -9999 -9999 -9999 -9999 -9999 -9999 -9999 -9999 -9999 -9999 -9999 -9999 -9999 -9999 -9999 -9999 -9999 -9999 -9999 -9999 -9999
9.52044E-1 9.00926E-1 8.80486E-1 8.73071E-1 9.7468E-1 7.56983E-1 5.40412E-1 8.12996E-1 7.51274E-1 7.67912E-1 8.89565E-1 6.21337E-1 4.76556E-1 6.89772E-1 8.24949E-1 7.83881E-1 6.30677E-1 4.84005E-1 9.20103E-1 6.237E-1 5.5381E-1 4.08378E-1 5.40999E-1 4.45575E-1 1.27158E-1 1.05848E-1 8.54363E-2 8.23995E-2 4.9734E-2 6.64015E-2 7.66559E-2 5.65368E-2 4.17103E-2 2.10298E-2 1.64464E-3 1.985E-3 8.31843E-3 5.2673E-2 8.30429E-3 3.42522E-3 1.75128E-3 3.86976E-3 -9999 -9999 -9999 -9999 -9999 -9999 -9999 -9999 -9999 -9999 -9999 -9999 -9999 -9999 -9999 -9999 -9999 -9999 -9999 -9999 -9999 -9999 -9999 -9999 -9999
9.91248E-1 9.56563E-1 9.27361E-1 9.20386E-1 9.39962E-1 7.64405E-1 6.11796E-1 8.75433E-1 7.85007E-1 7.68942E-1 9.22435E-1 7.20342E-1 5.58983E-1 6.28114E-1 7.50255E-1 9.35505E-1 7.18562E-1 6.95584E-1 9.00134E-1 3.45254E-1 5.47839E-1 5.70509E-1 5.56426E-1 5.13332E-1 2.02883E-1 3.81656E-1 1.31782E-1 6.23449E-2 1.2681E-1 9.05464E-2 9.11415E-2 1.09215E-1 3.38878E-2 2.02201E-2 4.00777E-3 2.27241E-3 6.39642E-3 1.79527E-2 5.43931E-2 9.76286E-3 4.94499E-3 2.72078E-3 -9999 -9999 -9999 -9999 -9999 -9999 -9999 -9999 -9999 -9999 -9999 -9999 -9999 -9999 -9999 -9999 -9999 -9999 -9999 -9999 -9999 -9999 -9999 -9999 -9999
9.46599E-1 9.70701E-1 8.99921E-1 9.47048E-1 9.69141E-1 7.28882E-1 6.24884E-1 5.99312E-1 6.19242E-1 8.16565E-1 9.52577E-1 9.15112E-1 5.60937E-1 5.13126E-1 9.03443E-1 8.1973E-1 6.40298E-1 7.92033E-1 6.02776E-1 2.46401E-1 5.01666E-1 6.95015E-1 5.49247E-1 7.2572E-2 5.54158E-2 1.60713E-1 1.1591E-1 1.0745E-1 6.77547E-2 1.44866E-1 1.70112E-1 5.42052E-2 1.41632E-2 1.10701E-2 1.61663E-3 3.55795E-3 3.7761E-3 9.15937E-3 3.53718E-2 1.14067E-2 8.50282E-3 4.51799E-3 -9999 -9999 -9999 -9999 -9999 -9999 -9999 -9999 -9999 -9999 -9999 -9999 -9999 -9999 -9999 -9999 -9999 -9999 -9999 -9999 -9999 -9999 -9999 -9999 -9999
9.28886E-1 8.86992E-1 9.09725E-1 8.70482E-1 8.55531E-1 8.15354E-1 5.84018E-1 5.00168E-1 7.69402E-1 9.2801E-1 9.15048E-1 7.67224E-1 2.81771E-1 3.88982E-1 7.02431E-1 4.12603E-1 6.49551E-1 4.06043E-1 1.10943E-1 3.38193E-1 4.39302E-1 7.66996E-1 2.92297E-1 4.66436E-1 2.39885E-1 1.03468E-1 1.32047E-2 1.00003E-1 5.77609E-2 5.45273E-2 8.74295E-2 1.12131E-1 3.65648E-2 3.7234E-3 9.5775E-4 6.11748E-3 1.09041E-2 2.57294E-2 6.56079E-2 1.34064E-1 8.00555E-2 -9999 -9999 -9999 -9999 -9999 -9999 -9999 -9999 -9999 -9999 -9999 -9999 -9999 -9999 -9999 -9999 -9999 -9999 -9999 -9999 -9999 -9999 -9999 -9999 -9999 -9999
8.9815E-1 8.86111E-1 7.30762E-1 6.62044E-1 8.64408E-1 9.40718E-1 8.15264E-1 5.38573E-1 8.02977E-1 9.1667E-1 2.61285E-1 1.1002E-1 2.23735E-1 4.40071E-1 4.93725E-1 4.31427E-1 4.99982E-1 1.62373E-1 2.44067E-1 3.038E-1 1.39749E-1 2.95011E-1 4.85708E-1 1.13712E-1 1.15669E-1 7.66101E-1 6.64928E-1 2.41963E-1 2.90592E-2 2.35536E-2 1.85781E-1 3.54669E-2 7.07092E-3 2.49351E-3 1.26124E-3 4.893E-3 1.92938E-2 3.37195E-2 4.1161E-2 6.47721E-2 4.07469E-2 -9999 -9999 -9999 -9999 -9999 -9999 -9999 -9999 -9999 -9999 -9999 -9999 -9999 -9999 -9999 -9999 -9999 -9999 -9999 -9999 -9999 -9999 -9999 -9999 -9999 -9999
9.11684E-1 8.34083E-1 3.44477E-1 2.55737E-1 5.21804E-1 9.47204E-1 9.31716E-1 4.79519E-1 7.21624E-1 8.63977E-1 4.97142E-1 4.69249E-1 2.70316E-1 6.64096E-1 9.55217E-2 1.14661E-1 4.18702E-2 7.01243E-2 2.83845E-1 1.49644E-1 4.31294E-2 6.18961E-1 5.87779E-1 2.71088E-1 5.69406E-1 6.01743E-1 6.57383E-1 5.412E-1 5.27206E-1 3.42165E-1 2.16914E-2 1.31757E-1 9.76945E-3 9.37089E-3 4.48474E-3 5.16592E-3 1.57424E-2 3.82693E-2 1.10408E-1 4.55337E-2 -9999 -9999 -9999 -9999 -9999 -9999 -9999 -9999 -9999 -9999 -9999 -9999 -9999 -9999 -9999 -9999 -9999 -9999 -9999 -9999 -9999 -9999 -9999 -9999 -9999 -9999 -9999
9.52095E-1 8.95571E-1 8.21554E-1 6.97938E-1 7.95189E-1 8.9084E-1 9.16119E-1 8.02702E-1 7.84057E-1 8.1183E-1 3.25945E-1 2.48804E-1 5.19009E-1 4.53159E-1 9.78073E-2 8.79449E-2 1.18192E-1 3.55711E-1 2.07882E-2 5.38221E-1 2.40709E-1 6.77153E-1 5.76141E-1 1.33966E-1 2.26039E-1 1.75624E-1 2.74248E-1 4.97968E-1 3.68349E-1 3.22176E-1 2.05027E-2 2.08786E-2 5.27938E-2 2.37012E-2 1.01579E-2 3.98378E-2 1.77333E-2 4.02917E-2 7.88752E-3 -9999 -9999 -9999 -9999 -9999 -9999 -9999 -9999 -9999 -9999 -9999 -9999 -9999 -9999 -9999 -9999 -9999 -9999 -9999 -9999 -9999 -9999 -9999 -9999 -9999 -9999 -9999 -9999
9.68844E-1 9.26212E-1 8.7669E-1 7.08516E-1 9.02389E-1 9.55285E-1 9.26765E-1 8.10043E-1 9.45444E-1 9.2364E-1 6.02988E-1 3.02435E-1 8.49773E-1 7.4216E-1 3.44671E-1 3.01682E-1 9.46459E-1 2.58088E-1 2.42277E-1 3.37893E-1 5.08747E-1 4.65918E-1 5.19705E-1 3.31702E-1 2.12847E-1 1.12381E-1 4.13982E-2 4.47708E-2 4.83169E-2 6.45031E-2 8.72286E-2 6.14E-2 6.2768E-2 1.55869E-2 1.42472E-2 8.20251E-2 6.23598E-2 4.56671E-2 -9999 -9999 -9999 -9999 -9999 -9999 -9999 -9999 -9999 -9999 -9999 -9999 -9999 -9999 -9999 -9999 -9999 -9999 -9999 -9999 -9999 -9999 -9999 -9999 -9999 -9999 -9999 -9999 -9999
9.82404E-1 9.16583E-1 8.45145E-1 7.00011E-1 8.61737E-1 9.10309E-1 8.97029E-1 8.72349E-1 7.37104E-1 7.13561E-1 4.25056E-1 3.81887E-1 5.56199E-1 9.38631E-1 9.94833E-1 9.86116E-1 9.36422E-1 7.22366E-1 4.87679E-2 7.97253E-1 7.47035E-1 3.84808E-1 4.1862E-1 5.62648E-1 1.99219E-1 3.98806E-2 8.69571E-2 9.30878E-2 7.78635E-2 8.68254E-2 1.43289E-1 4.45459E-2 4.6715E-2 1.42495E-2 1.30637E-2 1.33783E-1 3.50594E-2 9.36631E-2 -9999 -9999 -9999 1.42824E-2 2.13259E-2 2.0997E-3 2.91279E-4 3.86521E-3 -9999 -9999 -9999 -9999 -9999 -9999 -9999 -9999 -9999 -9999 -9999 -9999 -9999 -9999 -9999 -9999 -9999 -9999 -9999 -9999 -9999
9.80623E-1 9.54421E-1 8.97587E-1 7.2381E-1 6.8188E-1 8.72246E-1 9.43834E-1 9.32157E-1 6.9082E-1 7.98566E-1 5.06723E-1 3.14061E-1 7.21363E-1 7.96197E-1 9.91019E-1 9.73868E-1 9.58077E-1 7.83638E-1 8.62529E-1 5.21822E-1 4.88515E-1 1.15723E-1 5.67906E-1 2.80952E-1 1.35706E-1 1.32532E-1 7.90916E-2 1.01573E-1 6.2387E-2 6.97155E-2 3.55721E-2 5.64483E-2 5.73801E-2 2.9138E-2 3.2419E-2 1.49085E-1 1.00656E-1 9.87694E-3 9.23075E-3 1.05789E-2 6.12243E-3 2.96103E-2 2.65268E-2 3.17578E-3 1.39755E-3 3.19333E-3 8.83509E-5 2.46294E-4 -9999 -9999 -9999 -9999 -9999 -9999 -9999 -9999 -9999 -9999 -9999 -9999 -9999 -9999 -9999 -9999 -9999 -9999 -9999
9.04931E-1 8.62353E-1 7.58959E-1 4.87455E-1 5.84544E-1 8.33936E-1 9.48259E-1 9.43216E-1 9.54676E-1 9.04514E-1 5.52205E-1 4.10542E-1 8.50971E-1 6.62761E-1 6.40418E-1 2.8732E-1 5.70666E-1 7.05305E-1 2.66776E-1 8.73656E-1 7.5914E-1 5.8776E-1 1.68934E-1 1.27271E-1 3.77554E-1 9.34841E-2 1.78754E-2 5.65536E-2 6.60855E-2 6.78155E-2 6.23767E-2 5.58575E-2 1.96342E-2 3.0677E-2 6.15687E-2 7.89359E-2 6.73673E-3 4.32318E-2 2.18471E-2 2.31545E-2 1.51727E-2 1.10192E-2 1.5156E-2 2.64305E-2 6.76511E-3 3.8514E-3 3.71006E-3 2.00913E-3 4.8096E-3 -9999 -9999 -9999 -9999 -9999 -9999 -9999 -9999 -9999 -9999 -9999 -9999 -9999 -9999 -9999 -9999 -9999 -9999
