ENM/Final_Models/M_0.8_F_q_Set_1_E/Gustavia_santanderiensis_5_Choco.asc
ncols         367
nrows         963
xllcorner     -78.6
yllcorner     0.65
cellsize      0.00833333333333323
NODATA_value  -9999
[rows 780 to 809 of 963, columns 67 to 133 of 367]
1.79393E-2 1.72546E-2 3.82238E-2 1.89097E-2 3.76438E-2 1.88002E-2 1.53898E-2 2.00856E-2 3.16057E-2 2.11602E-1 9.1105E-2 8.63729E-2 3.33351E-2 3.4308E-2 1.06935E-1 1.97495E-1 2.74642E-2 3.14245E-2 2.93959E-2 5.42187E-2 4.33392E-2 2.19837E-1 1.16367E-1 1.7198E-1 1.69118E-1 9.47607E-3 6.83858E-3 9.1332E-3 6.83124E-2 5.31411E-2 6.08117E-2 1.72125E-1 1.60516E-1 1.58457E-1 1.33945E-1 3.92522E-2 4.12867E-2 3.29655E-2 3.54565E-2 1.22381E-1 7.27526E-2 8.56645E-2 2.56418E-2 3.46258E-2 5.83627E-2 2.54202E-1 1.69887E-1 1.0551E-1 8.48065E-2 9.06721E-2 1.00424E-1 1.26042E-1 1.42672E-1 5.90847E-2 7.35016E-2 3.56934E-2 3.66734E-2 7.45079E-2 6.94716E-2 7.07384E-2 1.39534E-2 1.35531E-3 1.45226E-4 1.30607E-4 4.91996E-4 1.05314E-4 3.58532E-4
2.24309E-2 2.10938E-2 1.93537E-2 8.26362E-2 2.04478E-2 3.60661E-2 9.87401E-2 1.82504E-2 3.40384E-2 9.20424E-2 2.88987E-2 3.12474E-2 3.33933E-2 2.97808E-2 1.01935E-1 2.14501E-1 6.51117E-2 4.9597E-2 3.78733E-2 3.50788E-2 1.12312E-2 5.30724E-2 1.61839E-1 1.76448E-1 1.78204E-1 1.11223E-2 4.33113E-2 1.79795E-1 1.09317E-1 1.17441E-1 1.07851E-1 2.81431E-1 2.78542E-1 2.08376E-1 1.25057E-1 1.54661E-1 8.14768E-2 1.01202E-1 9.90018E-2 3.75506E-2 2.47423E-2 1.24492E-1 1.30543E-1 1.17205E-1 2.17904E-1 2.29243E-1 1.40596E-1 1.88778E-1 3.7812E-1 2.93914E-1 1.23728E-1 1.14339E-1 8.42432E-2 1.21546E-1 1.0372E-1 9.45168E-2 9.69783E-2 1.46943E-1 1.07931E-1 1.04147E-1 9.25456E-3 9.94229E-4 1.34308E-4 7.87843E-4 8.7171E-4 1.02811E-4 1.29487E-4
4.16492E-2 3.63465E-2 3.18973E-2 2.11838E-1 1.73934E-2 1.76393E-2 3.83506E-2 8.92192E-2 3.05083E-2 8.25528E-2 3.51144E-2 3.90669E-2 3.48214E-2 3.11228E-2 3.10197E-2 9.33353E-2 1.07752E-1 3.11034E-2 3.70063E-2 2.97113E-2 4.89169E-3 4.44304E-2 4.94117E-2 9.43769E-2 9.67375E-2 1.83472E-1 1.08442E-1 8.27348E-2 1.38958E-1 1.32913E-1 1.21827E-1 1.36675E-1 1.80555E-1 2.51336E-1 1.1928E-1 1.5362E-1 8.29237E-2 8.37069E-2 3.49013E-2 3.10741E-2 4.40086E-2 1.04716E-1 5.09402E-2 5.68488E-2 1.39741E-1 2.0854E-1 1.31767E-1 1.10909E-1 8.90252E-2 1.07747E-1 1.22101E-1 1.28798E-1 1.20344E-1 1.23696E-1 1.74222E-1 1.60903E-1 1.96868E-1 9.72833E-2 2.08566E-1 1.86019E-1 7.15747E-3 1.05138E-3 1.9052E-4 2.10378E-3 2.40304E-3 4.64898E-4 2.44694E-4
3.72111E-2 1.00783E-1 8.20217E-2 2.10151E-2 2.22018E-2 2.07146E-2 2.15535E-2 8.58605E-2 8.94381E-2 3.0966E-2 8.94052E-2 7.37472E-2 4.50468E-2 8.99419E-2 8.93511E-2 2.84936E-2 9.79701E-2 1.24003E-1 1.18142E-1 3.69906E-2 3.66134E-2 1.44367E-1 6.97379E-2 9.01189E-2 8.89583E-2 1.14385E-1 1.20156E-1 1.2978E-1 1.36117E-1 1.5989E-1 1.40746E-1 9.15197E-2 1.0142E-1 1.89894E-1 1.55757E-1 1.85807E-1 6.63679E-2 6.52385E-2 7.66416E-2 3.77079E-2 1.94368E-2 1.72711E-1 1.97299E-1 1.67447E-1 1.97643E-1 1.91804E-1 2.90675E-1 1.57308E-1 2.12837E-1 2.07558E-1 1.89591E-1 1.72286E-1 1.77479E-1 1.34584E-1 1.90349E-1 2.06367E-1 1.05081E-1 1.04045E-1 1.60455E-1 1.4444E-1 8.66139E-3 4.60783E-4 2.09411E-4 1.72712E-3 6.56191E-3 2.73749E-3 3.28032E-3
1.92523E-2 1.91952E-2 1.90119E-2 3.73563E-2 1.01343E-1 9.25025E-2 1.04073E-1 3.51812E-2 1.7032E-2 6.74245E-2 6.41622E-2 6.70683E-2 5.66398E-2 5.80493E-2 8.89024E-2 3.86764E-2 3.35651E-2 1.05167E-1 1.08172E-1 9.73676E-2 8.5287E-2 3.98787E-2 1.16564E-1 1.27629E-1 1.24452E-1 9.77476E-2 1.44461E-1 1.39613E-1 1.77311E-1 1.5353E-1 1.74846E-1 1.40368E-1 1.46936E-1 2.5894E-1 1.71316E-1 1.96959E-1 7.37401E-2 7.52584E-2 3.7406E-2 3.35788E-2 1.95141E-2 4.57973E-2 1.51661E-1 1.51973E-1 1.90136E-1 1.38227E-1 2.22107E-1 5.01601E-1 2.04213E-1 2.44414E-1 2.96408E-1 3.29894E-1 4.23368E-1 4.85256E-1 1.33519E-1 1.62873E-1 1.35445E-1 1.39503E-1 1.83253E-1 2.28673E-1 2.29565E-2 1.40825E-3 9.346E-4 2.19409E-3 6.62993E-3 2.02031E-2 5.3802E-2
2.48752E-2 1.81519E-2 1.9657E-2 1.96653E-2 3.56938E-2 4.03769E-2 9.78108E-2 3.52803E-2 8.96168E-3 1.70348E-2 6.77988E-2 6.16755E-2 5.44075E-2 5.73291E-2 8.8635E-2 3.24581E-2 3.59729E-2 3.52878E-2 3.45656E-2 3.50578E-2 1.0957E-1 2.84398E-2 3.38161E-2 9.79408E-2 1.01437E-1 1.2279E-1 1.0861E-1 1.67172E-1 2.03495E-1 1.44722E-1 1.43751E-1 2.05176E-1 1.62948E-1 2.72691E-1 2.59584E-1 1.62499E-1 1.29E-1 3.9335E-2 9.91225E-2 2.59959E-2 2.45125E-2 1.65836E-2 2.5288E-1 2.2329E-1 2.37865E-1 9.52073E-2 1.37659E-1 3.81388E-1 5.90368E-1 6.15311E-1 7.75391E-1 7.39404E-1 7.37976E-1 7.15627E-1 5.80365E-1 4.98988E-1 1.39069E-1 1.90639E-1 2.2019E-1 1.68792E-1 1.80259E-2 3.1534E-3 4.8186E-3 1.07184E-2 2.15245E-2 2.69365E-2 7.57251E-2
1.53011E-2 1.9412E-2 2.07219E-2 1.45748E-2 2.03287E-2 3.23243E-2 2.08225E-2 3.25391E-2 1.30412E-2 1.69526E-2 4.62467E-2 7.71643E-2 5.72417E-2 5.17702E-2 5.40877E-2 9.69511E-2 1.54129E-2 1.43396E-2 1.79418E-2 5.59383E-2 3.71614E-2 2.89385E-2 8.31375E-3 3.24625E-2 3.19609E-2 4.64843E-2 1.11813E-1 1.79095E-1 1.76854E-1 1.05967E-1 1.3359E-1 2.14077E-1 2.25622E-1 2.06914E-1 2.70897E-1 2.12652E-1 1.35106E-1 1.08242E-1 6.87586E-2 3.05095E-2 2.16813E-2 1.94924E-2 3.93735E-2 4.50336E-2 2.45009E-1 1.08063E-1 9.27624E-2 1.9573E-1 4.08148E-1 5.63016E-1 5.68117E-1 6.25646E-1 7.36735E-1 8.28301E-1 7.22828E-1 6.03439E-1 2.01138E-1 2.48815E-1 1.93305E-1 2.28287E-1 2.12824E-2 2.38728E-3 5.99611E-3 3.12587E-2 1.28241E-1 4.44899E-2 1.07982E-1
3.74203E-2 2.03446E-2 1.55343E-2 2.27066E-2 1.82147E-2 1.99367E-2 2.028E-2 7.98004E-3 1.41392E-2 5.83324E-2 3.49339E-2 4.02519E-2 6.21728E-2 2.2769E-2 1.27082E-1 2.90555E-2 6.82924E-2 3.11138E-2 2.28206E-2 2.921E-2 5.07726E-2 2.89582E-2 1.85202E-2 3.07574E-2 4.32075E-2 1.00231E-1 1.06433E-1 1.70461E-1 1.94909E-1 1.59378E-1 1.64657E-1 1.44363E-1 2.70094E-1 1.71222E-1 1.84546E-1 1.90822E-1 1.8204E-1 1.63883E-1 3.5533E-1 1.97616E-2 3.13299E-2 6.20287E-2 8.20239E-2 7.66801E-2 9.30318E-2 1.22495E-1 1.19929E-1 1.1267E-1 1.60373E-1 3.46533E-1 3.3749E-1 5.86918E-1 7.86147E-1 8.07287E-1 5.38702E-1 3.98482E-1 3.39156E-1 1.18566E-1 8.26433E-2 9.47708E-2 9.69453E-3 7.27816E-3 1.12186E-2 2.81622E-2 2.00757E-1 1.01468E-1 7.53362E-2
2.0398E-2 1.49283E-2 1.63895E-2 3.65099E-2 1.28842E-2 1.25379E-2 1.4461E-2 7.98773E-3 5.19626E-2 3.01318E-2 4.41132E-2 5.1835E-2 2.28882E-2 2.46682E-2 4.32246E-2 2.9331E-2 3.75576E-2 7.21733E-2 6.65984E-2 1.1105E-2 2.95421E-2 4.30721E-2 5.31548E-2 2.81442E-2 1.14033E-2 5.20705E-2 1.50885E-1 1.39254E-1 1.58502E-1 9.06999E-2 1.21473E-1 1.27353E-1 1.5763E-1 1.26874E-1 1.14483E-1 2.98496E-1 1.93245E-1 1.88881E-1 3.0204E-1 3.5323E-2 7.26875E-2 2.16462E-1 1.71495E-1 1.51598E-1 1.92539E-1 1.70315E-1 1.46547E-1 5.80231E-2 1.07469E-1 4.87713E-2 1.81562E-1 3.42949E-1 7.13718E-1 8.38266E-1 6.148E-1 4.3734E-1 2.27908E-1 7.76471E-2 1.134E-1 6.45392E-2 3.07903E-2 1.65123E-2 2.71065E-2 7.47892E-2 2.06249E-1 2.05611E-1 8.06938E-2
1.2042E-2 2.92286E-2 1.39574E-2 1.29001E-2 1.22401E-2 9.88428E-3 1.13883E-2 2.22863E-2 2.2929E-2 2.99377E-2 2.70375E-2 3.34632E-2 4.94304E-2 3.98237E-2 9.94165E-2 1.15196E-1 2.83735E-2 1.96255E-2 2.28923E-2 3.08753E-2 1.15446E-2 3.73269E-2 3.33786E-2 2.60186E-2 3.05864E-2 1.45717E-1 9.81488E-2 1.06697E-1 9.32665E-2 1.02882E-1 1.42156E-1 1.43572E-1 1.59883E-1 4.42005E-1 3.15036E-1 2.08589E-1 2.03706E-1 9.51376E-2 1.23493E-1 1.47483E-1 2.11221E-1 1.33932E-1 1.47014E-1 1.60565E-1 2.2736E-1 3.09023E-1 1.11691E-1 5.2176E-2 6.92984E-2 1.10048E-1 1.04013E-1 2.79104E-1 4.98017E-1 7.73096E-1 8.20206E-1 6.67817E-1 2.914E-1 2.00793E-1 2.39724E-1 6.69294E-2 6.58185E-2 4.49268E-2 5.83902E-2 1.66704E-1 7.71191E-2 1.40786E-1 1.44262E-1
1.54026E-2 1.18559E-2 1.75967E-2 7.77042E-3 6.82221E-3 1.25944E-2 8.1027E-3 5.64189E-3 1.98359E-2 2.02917E-2 4.43774E-2 4.92048E-2 3.76815E-2 9.77815E-2 6.22728E-2 9.14136E-2 2.25693E-2 2.67763E-2 3.03685E-2 2.77113E-2 8.37311E-2 2.31241E-2 2.92771E-2 9.13597E-2 5.89614E-2 9.52866E-2 1.12127E-1 1.55957E-1 1.48063E-1 1.36748E-1 1.29553E-1 1.015E-1 1.587E-1 1.5035E-1 2.47632E-1 2.17199E-1 1.00277E-1 1.25715E-1 7.37195E-2 1.56525E-1 2.21425E-1 2.37931E-1 2.88434E-1 3.00173E-1 2.45088E-1 2.14512E-1 1.23085E-1 6.67828E-2 7.87673E-2 1.22932E-1 1.01098E-1 9.81855E-2 3.89171E-1 8.08625E-1 7.79144E-1 3.19662E-1 2.5117E-1 3.95808E-1 3.74663E-1 2.03935E-1 1.77617E-1 2.37695E-1 2.81952E-1 1.11301E-1 3.37483E-2 3.99337E-2 3.32606E-2
1.53432E-2 2.07082E-2 2.52776E-2 1.6753E-2 1.57159E-2 1.89964E-2 1.27721E-2 1.7064E-2 3.04605E-2 8.98075E-3 1.49398E-2 4.56091E-2 4.80637E-2 1.11786E-1 7.43407E-2 1.00426E-1 1.1586E-2 2.47027E-2 3.49807E-2 1.04424E-2 3.29773E-2 4.3613E-2 2.46173E-2 1.09075E-1 8.07926E-2 1.32569E-1 4.55446E-2 3.80607E-2 6.95191E-2 1.62073E-1 2.17158E-1 1.64309E-1 3.88944E-1 4.82266E-1 4.04169E-1 3.20601E-1 1.79522E-1 1.13723E-1 9.70594E-2 2.29042E-1 2.35396E-1 2.94388E-1 3.44318E-1 3.1138E-1 2.2278E-1 1.79448E-1 1.04962E-1 6.7185E-2 5.73706E-2 9.23027E-2 5.36343E-2 6.14837E-2 2.91488E-1 7.45382E-1 7.28951E-1 4.14827E-1 4.43146E-1 5.91537E-1 5.06867E-1 3.61636E-1 3.51378E-1 1.73695E-1 1.53086E-1 4.85817E-2 6.53607E-3 3.97107E-2 4.17398E-2
1.02457E-2 3.15718E-2 3.65502E-2 1.58912E-2 1.30708E-2 1.31536E-2 4.01793E-2 3.76206E-2 3.97126E-2 2.29374E-2 4.72389E-2 4.61106E-2 1.53731E-2 9.50024E-2 1.0542E-1 3.29779E-2 1.23135E-2 1.09543E-2 1.26463E-2 2.06367E-2 1.7474E-2 4.03139E-2 3.04654E-2 1.17419E-1 1.47319E-1 1.33254E-1 1.00093E-1 9.872E-2 1.69163E-1 1.33666E-1 2.36222E-1 1.20647E-1 1.81747E-1 2.29165E-1 1.12636E-1 1.75555E-1 1.17768E-1 1.17515E-1 7.8169E-2 1.24598E-1 3.21849E-1 3.43817E-1 1.9431E-1 1.38246E-1 1.01995E-1 1.03443E-1 7.40547E-2 5.81157E-2 1.14867E-1 1.65751E-1 1.45591E-1 8.71535E-2 3.63148E-1 8.24775E-1 7.58555E-1 7.03868E-1 6.73611E-1 7.33205E-1 3.36621E-1 1.29409E-1 1.46433E-1 1.18705E-1 4.00943E-2 1.44145E-2 1.24417E-2 2.193E-2 1.46607E-2
6.6986E-3 2.19855E-2 4.24537E-2 1.85021E-2 1.79899E-2 2.51463E-2 3.22439E-2 4.53493E-2 6.17475E-2 1.12804E-2 1.80395E-2 3.31688E-2 1.99388E-2 1.38721E-2 1.27895E-2 1.32478E-2 1.11449E-2 3.54704E-2 3.6377E-2 4.41228E-2 2.22665E-2 2.18948E-2 7.15498E-2 2.24339E-2 2.70387E-2 3.12649E-2 3.69555E-2 1.10884E-1 8.81566E-2 1.09575E-1 1.04699E-1 1.22602E-1 7.68691E-2 1.10195E-1 5.20564E-2 5.48909E-2 1.1434E-1 1.27928E-1 1.63621E-1 2.53996E-1 2.38829E-1 2.81187E-1 2.54369E-1 2.12088E-1 1.6045E-1 1.13312E-1 3.49017E-2 6.81838E-2 2.08126E-1 2.85848E-1 2.68324E-1 1.8662E-1 2.12489E-1 6.6799E-1 8.78552E-1 6.16454E-1 5.46135E-1 6.72273E-1 3.81973E-1 9.13507E-2 9.06586E-2 5.1487E-2 9.88978E-3 2.70548E-3 4.34238E-3 1.44945E-2 1.77644E-2
2.20072E-2 1.28661E-2 3.6943E-2 1.03598E-2 1.09847E-2 1.20614E-2 1.12204E-2 1.33197E-2 1.28803E-2 3.51491E-2 1.71543E-2 1.49692E-2 7.80479E-3 9.45289E-3 2.1584E-2 1.22847E-2 1.19986E-2 1.99477E-2 1.61593E-2 2.37019E-2 3.33172E-2 9.86075E-2 2.00283E-2 3.56963E-2 4.36246E-2 4.57142E-2 1.03504E-1 1.09596E-1 6.69328E-2 9.2103E-2 6.0901E-2 7.41973E-2 8.94721E-2 5.3457E-2 7.44523E-2 1.32873E-1 1.654E-1 8.60799E-2 1.90432E-1 8.96505E-2 2.6775E-1 3.47696E-1 2.82803E-1 2.67437E-1 2.32847E-1 1.1007E-1 6.47437E-2 9.55411E-2 1.43464E-1 1.6153E-1 3.3608E-1 2.52941E-1 1.19996E-1 3.60689E-1 7.30863E-1 3.87628E-1 2.29938E-1 4.82158E-1 2.2471E-1 6.68284E-2 2.57416E-2 2.53862E-2 1.96029E-2 1.61572E-3 5.10833E-3 4.49932E-3 6.69145E-3
3.26589E-2 2.58852E-2 8.34471E-2 1.41204E-2 2.98752E-2 2.41421E-2 1.58665E-2 6.6173E-3 1.64798E-2 5.24397E-2 3.74531E-2 1.01631E-2 1.08027E-2 6.08236E-3 7.08529E-3 8.40524E-3 7.06737E-3 1.49664E-2 2.23308E-2 1.50426E-2 1.69517E-2 2.01853E-2 4.05652E-2 2.33964E-2 3.81716E-2 1.29892E-2 3.25749E-2 8.83491E-2 8.38335E-2 6.68596E-2 7.81708E-2 9.25124E-2 1.23634E-1 1.23978E-1 1.30013E-1 1.83643E-1 1.01535E-1 1.0948E-1 1.13615E-1 1.07377E-1 2.28989E-1 4.68369E-1 4.18621E-1 2.12129E-1 2.57514E-1 1.27275E-1 1.00398E-1 1.19081E-1 1.5342E-1 2.67818E-1 2.23297E-1 2.22221E-1 1.60026E-1 4.88352E-1 7.62519E-1 5.99197E-1 2.51324E-1 2.64295E-1 3.42024E-1 8.82242E-2 1.65855E-2 8.83119E-3 1.0683E-2 3.77274E-3 6.33369E-3 1.48729E-2 3.89544E-2
3.5584E-2 2.16516E-2 1.19161E-2 1.10636E-2 1.31327E-2 3.10306E-2 1.55917E-2 8.07602E-3 9.13677E-3 5.48683E-3 1.91874E-2 1.08332E-2 8.85779E-3 6.66441E-3 8.49464E-3 9.71061E-3 9.11708E-3 7.15629E-3 8.15389E-3 2.07627E-2 2.61457E-2 7.35896E-3 1.41409E-2 3.02785E-2 3.74721E-2 1.17889E-2 3.16294E-2 1.2983E-1 7.72372E-2 5.69229E-2 1.02863E-1 1.12664E-1 1.81244E-1 9.5738E-2 1.05686E-1 5.20124E-2 5.63251E-2 8.4852E-2 8.3952E-2 1.75819E-1 3.2713E-1 5.02326E-1 2.91685E-1 1.26983E-1 1.39989E-1 8.76988E-2 4.64599E-2 1.36964E-1 1.96412E-1 1.52654E-1 1.12698E-1 1.62148E-1 3.10996E-1 3.42772E-1 6.15652E-1 4.50568E-1 2.65479E-1 3.95222E-1 3.18734E-1 1.27348E-1 2.55547E-2 1.21647E-2 9.94299E-3 1.03214E-2 1.93136E-2 6.05888E-2 2.13302E-2
2.36697E-2 1.94339E-2 1.29427E-2 7.39072E-3 3.19741E-2 3.14269E-2 1.88737E-2 8.47096E-3 8.24647E-3 1.38118E-2 8.37961E-3 1.08956E-2 8.10264E-3 1.0549E-2 9.3476E-3 8.95502E-3 1.58076E-2 1.31426E-2 1.08804E-2 1.51136E-2 1.5149E-2 1.98823E-2 1.97626E-2 3.91825E-2 2.8025E-2 2.43783E-2 6.341E-2 1.0346E-1 7.83949E-2 5.08538E-2 1.00516E-1 1.43463E-1 1.34641E-1 9.47362E-2 6.13028E-2 5.27482E-2 3.73012E-2 1.66407E-1 1.03059E-1 2.60179E-1 4.56114E-1 4.26031E-1 2.8812E-1 2.66991E-1 2.04257E-1 1.05989E-1 4.66832E-2 1.20339E-1 1.40032E-1 7.88457E-2 1.24955E-1 2.03457E-1 3.35907E-1 2.61947E-1 5.23708E-1 7.06531E-1 6.26799E-1 5.95506E-1 4.40949E-1 2.5412E-1 1.07433E-1 2.28255E-2 2.46042E-2 2.91014E-2 4.28057E-2 6.75648E-2 5.64335E-2
1.10625E-2 9.45473E-3 1.23278E-2 1.98204E-2 3.21831E-2 1.91788E-2 1.68265E-2 1.2882E-2 7.4601E-3 7.98609E-3 1.50404E-2 8.5786E-3 6.41556E-3 9.2332E-3 1.16692E-2 1.25793E-2 9.5712E-3 1.2542E-2 1.91592E-2 1.52381E-2 2.05494E-2 2.32426E-2 2.01095E-2 2.3253E-2 1.80182E-2 1.59738E-2 3.33509E-2 3.77917E-2 7.16216E-2 8.10679E-2 9.98531E-2 9.77017E-2 1.51988E-1 8.11092E-2 4.60311E-2 7.78668E-2 6.56146E-2 1.59806E-1 9.85184E-2 2.28062E-1 3.81096E-1 3.41081E-1 3.18387E-1 2.18522E-1 1.58193E-1 1.02889E-1 6.10161E-2 9.42107E-2 7.73085E-2 6.88963E-2 1.59827E-1 2.25799E-1 3.59298E-1 3.62519E-1 6.04763E-1 7.01452E-1 7.22126E-1 6.01469E-1 5.82409E-1 3.52406E-1 1.99144E-1 4.40027E-2 2.29371E-2 4.73638E-2 7.76954E-2 1.36831E-1 1.42692E-1
1.19325E-2 8.92353E-3 1.266E-2 2.10405E-2 4.73332E-2 3.20324E-2 3.34096E-2 1.2142E-2 7.35046E-3 5.37053E-3 3.66113E-2 7.45955E-3 6.66718E-3 6.80621E-3 8.90935E-3 1.22293E-2 1.37558E-2 2.14706E-2 3.60658E-2 1.53468E-2 1.38641E-2 1.91637E-2 2.25279E-2 1.0331E-2 3.22936E-2 3.03041E-2 4.04892E-2 4.49062E-2 3.16816E-2 1.35414E-1 1.60257E-1 1.44931E-1 1.55228E-1 6.68335E-2 6.15827E-2 6.16669E-2 8.84683E-2 9.95314E-2 6.40933E-2 2.30893E-1 3.6442E-1 3.43925E-1 2.69915E-1 1.59314E-1 1.00787E-1 6.92216E-2 1.26705E-1 1.33283E-1 1.7067E-1 6.26798E-2 1.47222E-1 2.54791E-1 4.24807E-1 2.08552E-1 5.42701E-1 5.99988E-1 6.37711E-1 5.55586E-1 5.23794E-1 5.96876E-1 2.2406E-1 2.07997E-1 1.17034E-1 1.21957E-1 2.03076E-1 1.26949E-1 2.10718E-1
1.22292E-2 1.21689E-2 2.2142E-2 1.85326E-2 6.55886E-2 1.44297E-1 6.41739E-2 1.55949E-2 1.90338E-2 1.77131E-2 8.79349E-3 1.13069E-2 9.95396E-3 9.81729E-3 1.33393E-2 1.68054E-2 9.54049E-2 1.03732E-1 9.7055E-2 5.51814E-2 3.83269E-2 4.68051E-2 2.60969E-2 1.56072E-2 3.33533E-2 3.67512E-2 3.958E-2 1.43345E-2 2.07294E-2 7.42825E-2 8.03313E-2 8.3924E-2 1.40769E-1 1.01091E-1 5.45043E-2 7.34638E-2 8.82737E-2 9.74332E-2 7.89702E-2 2.60286E-1 3.0944E-1 2.88545E-1 3.1072E-1 1.74117E-1 9.53101E-2 7.80836E-2 1.66628E-1 1.96632E-1 1.29911E-1 5.69454E-2 2.16066E-1 3.37748E-1 4.45847E-1 2.9986E-1 1.44871E-1 5.34454E-1 6.4076E-1 6.05334E-1 5.99232E-1 4.92757E-1 3.74324E-1 2.23389E-1 2.84821E-1 3.11454E-1 4.26384E-1 1.1962E-1 1.68726E-1
1.81764E-2 2.2411E-2 2.2557E-2 2.18194E-2 2.35288E-2 3.45898E-2 2.34529E-2 9.3739E-3 7.60312E-3 1.58986E-2 1.86543E-2 9.80336E-3 1.61634E-2 1.29643E-2 1.8619E-2 2.2084E-2 4.72386E-2 3.28933E-2 3.49718E-2 3.65376E-2 3.09722E-2 2.02956E-2 1.69436E-2 1.34851E-2 2.75806E-2 1.37578E-2 2.16667E-2 4.22911E-2 2.28139E-2 7.5546E-2 8.07734E-2 1.15656E-1 9.33211E-2 6.04822E-2 6.78099E-2 8.35839E-2 7.34157E-2 1.18586E-1 1.69402E-1 3.86027E-1 2.50921E-1 2.04925E-1 1.37259E-1 1.26469E-1 1.07875E-1 1.03512E-1 2.2789E-1 2.21511E-1 1.5145E-1 7.42726E-2 1.82788E-1 2.25805E-1 3.59224E-1 1.97825E-1 3.05047E-1 4.40889E-1 5.08151E-1 6.32528E-1 4.73489E-1 4.61934E-1 5.10772E-1 5.09012E-1 3.84006E-1 2.21457E-1 1.71319E-1 9.65829E-2 2.49359E-1
1.38903E-2 7.29151E-3 1.39271E-2 1.49708E-2 1.42669E-2 1.80396E-2 1.53604E-2 1.37766E-2 1.42726E-2 1.20062E-2 9.72945E-3 8.40396E-3 9.91725E-3 7.07635E-3 1.07401E-2 2.2637E-2 3.01695E-2 2.5221E-2 2.94607E-2 3.05542E-2 1.9176E-2 1.7545E-2 1.05544E-2 1.01757E-2 3.64235E-2 3.51297E-2 1.80511E-2 2.62951E-2 3.58781E-2 5.02747E-2 1.24398E-1 1.71796E-1 1.35035E-1 8.71591E-2 1.06939E-1 8.97443E-2 7.64686E-2 9.33347E-2 1.30237E-1 1.62813E-1 2.45837E-1 1.5962E-1 8.55787E-2 6.5834E-2 7.79944E-2 1.33168E-1 2.25215E-1 2.3579E-1 1.80576E-1 7.37516E-2 1.31286E-1 2.19364E-1 3.18524E-1 2.58701E-1 2.9514E-1 4.38265E-1 4.37068E-1 6.27473E-1 2.86204E-1 4.49518E-1 4.55089E-1 4.13146E-1 2.47033E-1 1.30807E-1 9.22136E-2 8.19451E-2 5.3133E-2
1.18866E-2 1.36079E-2 4.66482E-3 6.64096E-3 1.13398E-2 2.22687E-2 2.52211E-2 1.95633E-2 2.66501E-2 1.45511E-2 9.60294E-3 1.33149E-2 1.44454E-2 2.29844E-2 1.07916E-2 1.10236E-2 2.02182E-2 1.49089E-2 1.18377E-2 1.34246E-2 1.17501E-2 1.01662E-2 2.8537E-2 1.255E-2 3.26479E-2 3.41793E-2 5.08577E-2 4.22341E-2 9.11876E-2 1.04505E-1 1.31519E-1 1.30602E-1 8.77705E-2 1.13917E-1 1.40108E-1 9.19247E-2 7.72227E-2 7.66017E-2 1.28359E-1 1.83719E-1 1.73625E-1 1.16792E-1 4.99143E-2 7.21136E-2 1.31895E-1 1.39367E-1 2.30634E-1 2.36717E-1 1.07399E-1 9.30734E-2 2.02241E-1 3.36536E-1 3.90633E-1 2.49055E-1 4.08576E-1 4.12244E-1 4.67411E-1 4.48383E-1 1.48093E-1 2.33396E-1 3.45506E-1 3.25766E-1 2.30507E-1 6.28839E-2 4.40704E-2 3.49187E-2 3.26869E-2
2.0154E-2 1.1878E-2 7.11786E-3 5.85868E-3 9.53423E-3 6.80748E-2 6.88056E-2 3.51865E-2 3.30198E-2 1.53105E-2 2.20704E-2 6.96063E-3 1.00597E-2 1.58521E-2 1.47722E-2 2.05934E-2 1.34983E-2 4.27133E-2 9.41224E-3 1.04104E-2 2.33098E-2 1.68608E-2 4.1979E-2 2.12089E-2 1.45561E-2 2.1852E-2 2.30016E-2 4.57808E-2 9.6608E-2 9.94418E-2 1.07526E-1 1.20454E-1 1.10155E-1 7.57746E-2 1.31172E-1 1.20939E-1 7.29785E-2 1.58292E-1 1.94245E-1 1.59167E-1 1.95286E-1 1.07914E-1 7.2774E-2 1.29315E-1 1.42961E-1 1.66161E-1 2.11242E-1 1.89108E-1 1.44367E-1 8.44591E-2 1.93915E-1 4.18051E-1 3.79176E-1 3.28052E-1 5.15687E-1 2.8021E-1 2.54356E-1 4.26727E-1 1.88168E-1 2.12346E-1 1.90882E-1 2.21359E-1 1.28346E-1 6.60824E-2 3.66098E-2 1.2412E-2 5.93271E-3
1.37508E-2 1.01558E-2 7.72179E-3 7.51569E-3 6.76216E-3 1.71404E-2 1.99914E-2 3.66344E-2 2.3618E-2 8.84353E-3 8.91623E-3 2.18813E-2 2.19508E-2 3.07312E-2 1.83687E-2 1.76425E-2 2.87388E-2 3.77769E-2 1.45776E-2 1.70768E-2 8.47934E-3 2.62128E-2 2.92735E-2 8.80621E-3 1.87159E-2 2.71885E-2 2.92384E-2 4.06543E-2 8.1615E-2 8.46411E-2 9.51713E-2 9.96165E-2 1.27009E-1 5.3833E-2 1.43596E-1 1.58263E-1 1.22219E-1 1.65759E-1 1.57831E-1 1.86095E-1 1.631E-1 1.40221E-1 1.12404E-1 1.50086E-1 2.24555E-1 2.13337E-1 2.69244E-1 1.85994E-1 1.67915E-1 1.073E-1 1.66984E-1 3.5656E-1 4.18337E-1 4.42572E-1 3.48482E-1 4.19406E-1 4.09389E-1 3.53814E-1 2.74125E-1 2.96277E-1 2.39505E-1 2.52375E-1 1.91626E-1 1.45578E-1 3.12489E-2 4.36902E-3 1.25906E-3
1.26307E-2 7.9408E-3 9.38945E-3 9.96561E-3 1.15233E-2 1.11235E-2 2.20984E-2 1.31874E-2 1.39387E-2 2.01319E-2 9.78652E-3 3.14661E-2 4.04153E-2 2.59619E-2 1.29457E-2 1.3813E-2 1.59501E-2 1.72589E-2 1.06716E-2 1.03699E-2 1.34774E-2 1.35085E-2 3.2801E-2 1.94358E-2 2.17937E-2 2.55539E-2 4.0122E-2 7.41402E-2 1.2365E-1 1.634E-1 1.40224E-1 1.173E-1 1.42826E-1 1.23741E-1 1.7018E-1 1.56168E-1 1.75217E-1 2.06897E-1 1.83337E-1 1.77999E-1 1.68106E-1 1.97879E-1 1.36722E-1 2.4635E-1 3.83948E-1 4.08944E-1 2.30869E-1 2.21698E-1 2.96826E-1 1.74051E-1 1.09818E-1 2.15051E-1 3.13306E-1 3.81316E-1 2.74376E-1 3.42719E-1 3.01743E-1 2.6635E-1 3.8502E-1 3.10335E-1 1.47E-1 6.11795E-2 9.92455E-2 4.80265E-2 2.75098E-2 5.64706E-3 6.06729E-3
1.00677E-2 1.38994E-2 1.25155E-2 9.73141E-3 1.40674E-2 1.04133E-2 8.6468E-3 2.36546E-2 1.50842E-2 9.85295E-3 6.16304E-3 2.07167E-2 3.32572E-2 3.34299E-2 3.4831E-2 9.12812E-3 6.19501E-3 1.45784E-2 2.45231E-2 1.99083E-2 1.17337E-2 1.39855E-2 1.05629E-2 2.33313E-2 6.34762E-2 7.54765E-2 9.38516E-2 1.26363E-1 1.35862E-1 1.24617E-1 1.21165E-1 1.19663E-1 1.30101E-1 1.64455E-1 6.9546E-2 9.4121E-2 1.38959E-1 1.66216E-1 1.20556E-1 1.10022E-1 1.6668E-1 1.83903E-1 3.34759E-1 1.41493E-1 2.03925E-1 3.76373E-1 1.94365E-1 3.14487E-1 2.07098E-1 8.46858E-2 7.55213E-2 2.49756E-1 3.22668E-1 2.64827E-1 2.10732E-1 1.00999E-1 1.01506E-1 1.3894E-1 2.67456E-1 2.22759E-1 1.00678E-1 6.58744E-2 4.62478E-2 2.30271E-2 1.23327E-2 8.73106E-3 9.40199E-3
1.22058E-2 8.66253E-3 1.20689E-2 1.23685E-2 1.00805E-2 1.57051E-2 1.59032E-2 1.76778E-2 2.16523E-2 1.18521E-2 8.98127E-3 2.04307E-2 4.2096E-2 5.18411E-2 2.39116E-2 3.12549E-2 4.64863E-2 3.76193E-2 3.54571E-2 3.83687E-2 3.61249E-2 4.30199E-2 4.09019E-2 4.91667E-2 5.75021E-2 7.69038E-2 1.64868E-1 1.8479E-1 1.63771E-1 1.34935E-1 1.37239E-1 9.30153E-2 9.25913E-2 1.07431E-1 7.82155E-2 1.79945E-1 1.65127E-1 2.0437E-1 1.47572E-1 1.15402E-1 1.79947E-1 3.13859E-1 2.01233E-1 1.16129E-1 1.61006E-1 3.80048E-1 3.38361E-1 4.27302E-1 2.56851E-1 8.92036E-2 1.21706E-1 2.5494E-1 3.1666E-1 2.41469E-1 3.13923E-1 1.25662E-1 2.58553E-1 3.21997E-1 1.87052E-1 3.15191E-1 1.47135E-1 9.3035E-2 5.32121E-2 2.77549E-2 5.19239E-3 7.72942E-3 1.65365E-2
1.25424E-2 9.04511E-3 6.72608E-3 3.05331E-2 1.66561E-2 1.4065E-2 1.15329E-2 7.88154E-3 8.89182E-3 8.04731E-3 8.16093E-3 3.12924E-2 3.08531E-2 1.03229E-2 1.04319E-2 4.22563E-2 5.43387E-2 3.44785E-2 3.10542E-2 2.52324E-2 2.32489E-2 4.99717E-2 4.15607E-2 4.49763E-2 6.85296E-2 7.55975E-2 2.70535E-1 1.8074E-1 1.51004E-1 1.52317E-1 1.9315E-1 1.7052E-1 1.28963E-1 1.32327E-1 1.89647E-1 1.69634E-1 1.83926E-1 2.24465E-1 1.90104E-1 1.58179E-1 1.24441E-1 2.86842E-1 2.35505E-1 2.49572E-1 4.67164E-1 5.60036E-1 7.05357E-1 5.85377E-1 2.00018E-1 8.44132E-2 1.91335E-1 3.07187E-1 5.15484E-1 2.70294E-1 1.67394E-1 1.467E-1 2.44059E-1 3.01632E-1 1.99073E-1 2.74918E-1 1.67283E-1 6.41951E-2 5.52432E-2 2.87941E-2 7.7714E-3 7.11324E-3 1.69581E-2
