ENM/Final_Models/M_0.8_F_q_Set_1_E/Gustavia_santanderiensis_6_Choco.asc
ncols         367
nrows         963
xllcorner     -78.6
yllcorner     0.65
cellsize      0.00833333333333323
NODATA_value  -9999
[rows 736 to 767 of 963, columns 0 to 71 of 367]
-9999 -9999 -9999 -9999 -9999 -9999 -9999 -9999 -9999 -9999 -9999 -9999 -9999 -9999 -9999 -9999 -9999 -9999 -9999 -9999 -9999 -9999 -9999 -9999 -9999 -9999 -9999 -9999 -9999 -9999 -9999 -9999 -9999 -9999 -9999 -9999 -9999 -9999 -9999 -9999 -9999 -9999 -9999 -9999 -9999 -9999 -9999 -9999 -9999 -9999 -9999 -9999 -9999 -9999 -9999 -9999 -9999 -9999 -9999 -9999 -9999 -9999 -9999 -9999 -9999 -9999 -9999 -9999 -9999 -9999 1E0 1E0
-9999 -9999 -9999 -9999 -9999 -9999 -9999 -9999 -9999 -9999 -9999 -9999 -9999 -9999 -9999 -9999 -9999 -9999 -9999 -9999 -9999 -9999 -9999 -9999 -9999 -9999 -9999 -9999 -9999 -9999 -9999 -9999 -9999 -9999 -9999 -9999 -9999 -9999 -9999 -9999 -9999 -9999 -9999 -9999 -9999 -9999 -9999 -9999 -9999 -9999 -9999 -9999 -9999 -9999 -9999 -9999 -9999 -9999 -9999 -9999 -9999 -9999 -9999 -9999 -9999 -9999 -9999 -9999 1E0 1E0 1E0 1E0
-9999 -9999 -9999 -9999 -9999 -9999 -9999 -9999 -9999 -9999 -9999 -9999 -9999 -9999 -9999 -9999 -9999 -9999 -9999 -9999 -9999 -9999 -9999 -9999 -9999 -9999 -9999 -9999 -9999 -9999 -9999 -9999 -9999 -9999 -9999 -9999 -9999 -9999 -9999 -9999 -9999 -9999 -9999 -9999 -9999 -9999 -9999 -9999 -9999 -9999 -9999 -9999 -9999 -9999 -9999 -9999 -9999 -9999 -9999 -9999 -9999 -9999 -9999 -9999 -9999 -9999 -9999 1E0 1E0 1E0 1E0 1E0
-9999 -9999 -9999 -9999 -9999 -9999 -9999 -9999 -9999 -9999 -9999 -9999 -9999 -9999 -9999 -9999 -9999 -9999 -9999 -9999 -9999 -9999 -9999 -9999 -9999 -9999 -9999 -9999 -9999 -9999 -9999 -9999 -9999 -9999 -9999 -9999 -9999 -9999 -9999 -9999 -9999 -9999 -9999 -9999 -9999 -9999 -9999 -9999 -9999 -9999 -9999 -9999 -9999 -9999 -9999 -9999 -9999 -9999 -9999 -9999 -9999 -9999 -9999 -9999 -9999 -9999 1E0 1E0 1E0 1E0 1E0 1E0
-9999 -9999 -9999 -9999 -9999 -9999 -9999 -9999 -9999 -9999 -9999 -9999 -9999 -9999 -9999 -9999 -9999 -9999 -9999 -9999 -9999 -9999 -9999 -9999 -9999 -9999 -9999 -9999 -9999 -9999 -9999 -9999 -9999 -9999 -9999 -9999 -9999 -9999 -9999 -9999 -9999 -9999 -9999 -9999 -9999 -9999 -9999 -9999 -9999 -9999 -9999 -9999 -9999 -9999 -9999 -9999 -9999 -9999 -9999 -9999 -9999 -9999 -9999 -9999 -9999 1E0 1E0 1E0 1E0 1E0 1E0 1E0
-9999 -9999 -9999 -9999 -9999 -9999 -9999 -9999 -9999 -9999 -9999 -9999 -9999 -9999 -9999 -9999 -9999 -9999 -9999 -9999 -9999 -9999 -9999 -9999 -9999 -9999 -9999 -9999 -9999 -9999 -9999 -9999 -9999 -9999 -9999 -9999 -9999 -9999 -9999 -9999 -9999 -9999 -9999 -9999 -9999 -9999 -9999 -9999 -9999 -9999 -9999 -9999 -9999 -9999 -9999 -9999 -9999 -9999 -9999 -9999 -9999 -9999 -9999 -9999 1E0 1E0 1E0 1E0 1E0 1E0 1E0 1E0
-9999 -9999 -9999 -9999 -9999 -9999 -9999 -9999 -9999 -9999 -9999 -9999 -9999 -9999 -9999 -9999 -9999 -9999 -9999 -9999 -9999 -9999 -9999 -9999 -9999 -9999 -9999 -9999 -9999 -9999 -9999 -9999 -9999 -9999 -9999 -9999 -9999 -9999 -9999 -9999 -9999 -9999 -9999 -9999 -9999 -9999 -9999 -9999 -9999 -9999 -9999 -9999 -9999 -9999 -9999 -9999 -9999 -9999 -9999 -9999 -9999 -9999 1E0 1E0 1E0 1E0 1E0 1E0 1E0 1E0 1E0 1E0
-9999 -9999 -9999 -9999 -9999 -9999 -9999 -9999 -9999 -9999 -9999 -9999 -9999 -9999 -9999 -9999 -9999 -9999 -9999 -9999 -9999 -9999 -9999 -9999 -9999 -9999 -9999 -9999 -9999 -9999 -9999 -9999 -9999 -9999 -9999 -9999 -9999 -9999 -9999 -9999 -9999 -9999 -9999 -9999 -9999 -9999 -9999 -9999 -9999 -9999 -9999 -9999 -9999 -9999 -9999 -9999 -9999 -9999 -9999 1E0 1E0 -9999 1E0 1E0 1E0 1E0 1E0 1E0 1E0 1E0 1E0 1E0
-9999 -9999 -9999 -9999 -9999 -9999 -9999 -9999 -9999 -9999 -9999 -9999 -9999 -9999 -9999 -9999 -9999 -9999 -9999 -9999 -9999 -9999 -9999 -9999 -9999 -9999 -9999 -9999 -9999 -9999 -9999 -9999 -9999 -9999 -9999 -9999 -9999 -9999 -9999 -9999 -9999 -9999 -9999 -9999 -9999 -9999 -9999 -9999 -9999 -9999 -9999 -9999 -9999 -9999 -9999 -9999 -9999 9.99998E-1 1E0 1E0 1E0 1E0 1E0 1E0 1E0 1E0 1E0 1E0 1E0 1E0 1E0 1E0
-9999 -9999 -9999 -9999 -9999 -9999 -9999 -9999 -9999 -9999 -9999 -9999 -9999 -9999 -9999 -9999 -9999 -9999 -9999 -9999 -9999 -9999 -9999 -9999 -9999 -9999 -9999 -9999 -9999 -9999 -9999 -9999 -9999 -9999 -9999 -9999 -9999 -9999 -9999 -9999 -9999 -9999 -9999 -9999 -9999 -9999 -9999 -9999 -9999 -9999 -9999 -9999 -9999 -9999 -9999 -9999 9.99952E-1 9.99998E-1 1E0 -9999 1E0 1E0 1E0 1E0 1E0 -9999 1E0 1E0 1E0 1E0 1E0 1E0
-9999 -9999 -9999 -9999 -9999 -9999 -9999 -9999 -9999 -9999 -9999 -9999 -9999 -9999 -9999 -9999 -9999 -9999 -9999 -9999 -9999 -9999 -9999 -9999 -9999 -9999 -9999 -9999 -9999 -9999 -9999 -9999 -9999 -9999 -9999 -9999 -9999 -9999 -9999 -9999 -9999 -9999 -9999 -9999 -9999 -9999 -9999 -9999 -9999 -9999 -9999 -9999 -9999 -9999 -9999 1E0 1E0 1E0 1E0 1E0 1E0 1E0 1E0 1E0 1E0 1E0 1E0 1E0 1E0 1E0 1E0 1E0
-9999 -9999 -9999 -9999 -9999 -9999 -9999 -9999 -9999 -9999 -9999 -9999 -9999 -9999 -9999 -9999 -9999 -9999 -9999 -9999 -9999 -9999 -9999 -9999 -9999 -9999 -9999 -9999 -9999 -9999 -9999 -9999 -9999 -9999 -9999 -9999 -9999 -9999 -9999 -9999 -9999 -9999 -9999 -9999 -9999 -9999 -9999 -9999 -9999 -9999 -9999 -9999 -9999 -9999 1E0 1E0 1E0 1E0 1E0 1E0 -9999 1E0 1E0 1E0 1E0 1E0 1E0 1E0 1E0 1E0 1E0 1E0
-9999 -9999 -9999 -9999 -9999 -9999 -9999 -9999 -9999 -9999 -9999 -9999 -9999 -9999 -9999 -9999 -9999 -9999 -9999 -9999 -9999 -9999 -9999 -9999 -9999 -9999 -9999 -9999 -9999 -9999 -9999 -9999 -9999 -9999 -9999 -9999 -9999 -9999 -9999 -9999 -9999 -9999 -9999 -9999 -9999 -9999 -9999 -9999 -9999 -9999 -9999 -9999 -9999 1E0 9.99997E-1 1E0 1E0 1E0 1E0 1E0 1E0 1E0 1E0 1E0 1E0 1E0 1E0 1E0 1E0 1E0 1E0 1E0
-9999 -9999 -9999 -9999 -9999 -9999 -9999 -9999 -9999 -9999 -9999 -9999 -9999 -9999 -9999 -9999 -9999 -9999 -9999 9.99807E-1 9.99997E-1 9.99543E-1 -9999 -9999 -9999 -9999 -9999 -9999 -9999 -9999 9.99983E-1 -9999 -9999 -9999 -9999 -9999 -9999 -9999 -9999 -9999 -9999 -9999 -9999 -9999 -9999 -9999 -9999 -9999 -9999 -9999 -9999 -9999 -9999 1E0 1E0 1E0 1E0 1E0 -9999 1E0 1E0 1E0 1E0 1E0 1E0 1E0 1E0 1E0 1E0 1E0 1E0 1E0
-9999 -9999 -9999 -9999 -9999 -9999 -9999 -9999 -9999 -9999 -9999 -9999 -9999 -9999 -9999 -9999 -9999 9.9935E-1 9.99989E-1 9.99687E-1 1E0 9.95773E-1 9.92493E-1 9.9635E-1 -9999 -9999 -9999 -9999 9.9125E-1 9.98801E-1 9.99756E-1 9.99999E-1 -9999 -9999 -9999 -9999 -9999 -9999 -9999 -9999 -9999 -9999 -9999 -9999 -9999 -9999 -9999 -9999 -9999 -9999 -9999 -9999 9.99999E-1 1E0 1E0 1E0 1E0 1E0 1E0 1E0 1E0 1E0 1E0 1E0 1E0 1E0 1E0 1E0 1E0 1E0 1E0 1E0
-9999 -9999 -9999 -9999 -9999 -9999 -9999 -9999 -9999 -9999 -9999 -9999 -9999 -9999 -9999 9.99999E-1 -9999 9.99817E-1 9.9997E-1 9.99978E-1 9.99999E-1 9.99999E-1 9.99954E-1 9.74017E-1 9.96137E-1 9.98433E-1 9.98613E-1 9.99634E-1 9.98792E-1 9.99853E-1 9.99096E-1 9.99998E-1 9.99999E-1 -9999 -9999 -9999 -9999 -9999 -9999 -9999 -9999 -9999 -9999 -9999 -9999 -9999 -9999 -9999 -9999 -9999 1E0 1E0 1E0 1E0 1E0 1E0 1E0 1E0 -9999 1E0 1E0 1E0 1E0 1E0 1E0 1E0 1E0 1E0 1E0 1E0 1E0 1E0
-9999 -9999 -9999 -9999 -9999 -9999 -9999 -9999 -9999 -9999 -9999 -9999 -9999 -9999 9.99997E-1 9.99989E-1 9.99983E-1 9.99998E-1 9.99918E-1 9.995E-1 9.99893E-1 9.99957E-1 9.99443E-1 9.99262E-1 9.94694E-1 9.96192E-1 9.99992E-1 9.98759E-1 9.9899E-1 9.99107E-1 9.99187E-1 9.99939E-1 9.99978E-1 -9999 -9999 -9999 -9999 -9999 1E0 -9999 -9999 -9999 -9999 -9999 -9999 -9999 -9999 -9999 -9999 1E0 1E0 1E0 1E0 1E0 1E0 1E0 1E0 1E0 1E0 1E0 1E0 1E0 1E0 1E0 1E0 1E0 1E0 1E0 1E0 1E0 1E0 1E0
-9999 -9999 -9999 -9999 -9999 -9999 -9999 -9999 -9999 -9999 -9999 -9999 -9999 9.9999E-1 1E0 9.99986E-1 9.99854E-1 9.99983E-1 9.99432E-1 9.9947E-1 9.96863E-1 9.98863E-1 9.99561E-1 9.99964E-1 9.99753E-1 9.99703E-1 9.99661E-1 9.99969E-1 9.9988E-1 9.99286E-1 9.99596E-1 -9999 -9999 -9999 -9999 1E0 1E0 1E0 1E0 1E0 1E0 9.99999E-1 1E0 -9999 -9999 -9999 -9999 -9999 1E0 1E0 1E0 1E0 1E0 1E0 1E0 1E0 1E0 -9999 1E0 1E0 1E0 1E0 1E0 1E0 1E0 1E0 1E0 1E0 1E0 1E0 1E0 1E0
-9999 -9999 -9999 -9999 -9999 -9999 -9999 -9999 -9999 -9999 -9999 -9999 -9999 1E0 9.99996E-1 9.99996E-1 9.99999E-1 1E0 9.99999E-1 9.99778E-1 9.99823E-1 9.99344E-1 9.98777E-1 9.99615E-1 9.99633E-1 9.99859E-1 9.99909E-1 9.99976E-1 9.98907E-1 9.99846E-1 9.99625E-1 9.9998E-1 -9999 -9999 1E0 1E0 1E0 1E0 1E0 1E0 1E0 1E0 1E0 1E0 1E0 1E0 1E0 1E0 1E0 1E0 1E0 1E0 1E0 1E0 1E0 1E0 1E0 1E0 1E0 1E0 1E0 1E0 1E0 1E0 1E0 1E0 1E0 1E0 1E0 1E0 1E0 1E0
-9999 -9999 -9999 -9999 -9999 -9999 -9999 -9999 -9999 -9999 -9999 -9999 9.99817E-1 9.99998E-1 1E0 9.99999E-1 9.9935E-1 9.99998E-1 9.99979E-1 9.99965E-1 9.99991E-1 9.99975E-1 9.99994E-1 9.99928E-1 9.99775E-1 9.99698E-1 9.99414E-1 9.99935E-1 9.99731E-1 9.99983E-1 9.99799E-1 9.99992E-1 9.99986E-1 -9999 1E0 1E0 1E0 9.99998E-1 9.99995E-1 9.99988E-1 9.99999E-1 1E0 1E0 1E0 1E0 1E0 1E0 9.99995E-1 1E0 1E0 1E0 1E0 1E0 1E0 1E0 1E0 1E0 1E0 1E0 1E0 1E0 1E0 1E0 1E0 1E0 1E0 1E0 1E0 1E0 1E0 1E0 1E0
-9999 -9999 -9999 -9999 -9999 -9999 -9999 -9999 -9999 -9999 -9999 9.99637E-1 9.99985E-1 1E0 1E0 1E0 9.99911E-1 9.99998E-1 9.99941E-1 9.99997E-1 1E0 9.99999E-1 9.99355E-1 9.99927E-1 9.99997E-1 9.99929E-1 9.95131E-1 9.97347E-1 9.95892E-1 9.99297E-1 9.99978E-1 9.99999E-1 1E0 1E0 1E0 1E0 9.99997E-1 9.99757E-1 9.99304E-1 9.99996E-1 9.99059E-1 9.99995E-1 1E0 1E0 1E0 1E0 1E0 1E0 1E0 1E0 1E0 1E0 1E0 1E0 1E0 1E0 1E0 1E0 1E0 1E0 1E0 1E0 1E0 1E0 1E0 1E0 1E0 1E0 1E0 1E0 1E0 1E0
-9999 -9999 -9999 -9999 -9999 -9999 -9999 -9999 -9999 -9999 -9999 9.99991E-1 9.99994E-1 9.99989E-1 1E0 1E0 9.99999E-1 9.99998E-1 9.99805E-1 9.99277E-1 1E0 1E0 9.99739E-1 9.99981E-1 9.99855E-1 9.99872E-1 9.9966E-1 9.99719E-1 9.94359E-1 9.98166E-1 9.99998E-1 1E0 1E0 1E0 9.99999E-1 1E0 9.99999E-1 9.99998E-1 9.99994E-1 1E0 9.99999E-1 1E0 1E0 1E0 9.99994E-1 9.99999E-1 1E0 1E0 1E0 1E0 1E0 1E0 1E0 1E0 1E0 1E0 1E0 1E0 1E0 1E0 1E0 1E0 1E0 1E0 1E0 1E0 1E0 1E0 1E0 1E0 1E0 1E0
-9999 -9999 -9999 -9999 -9999 -9999 -9999 -9999 -9999 -9999 9.99994E-1 1E0 9.99999E-1 1E0 9.99998E-1 1E0 9.99992E-1 1E0 9.99983E-1 9.99053E-1 9.99909E-1 9.99956E-1 9.97774E-1 9.99916E-1 9.99659E-1 9.99895E-1 9.9952E-1 9.99969E-1 9.99483E-1 9.99988E-1 1E0 1E0 1E0 1E0 1E0 1E0 9.99977E-1 1E0 1E0 1E0 1E0 1E0 1E0 1E0 1E0 1E0 1E0 1E0 1E0 1E0 1E0 1E0 1E0 1E0 1E0 1E0 1E0 1E0 1E0 1E0 1E0 1E0 1E0 1E0 1E0 1E0 1E0 1E0 1E0 1E0 1E0 1E0
-9999 -9999 -9999 -9999 -9999 -9999 -9999 -9999 -9999 -9999 9.99992E-1 1E0 1E0 9.99989E-1 9.99999E-1 9.99998E-1 9.99999E-1 9.99999E-1 9.99988E-1 9.99662E-1 9.97894E-1 9.99362E-1 9.97653E-1 9.9909E-1 9.99405E-1 9.989E-1 9.98781E-1 9.99683E-1 9.98897E-1 9.99996E-1 1E0 1E0 9.99995E-1 9.99986E-1 1E0 1E0 1E0 1E0 1E0 1E0 1E0 1E0 1E0 1E0 1E0 1E0 1E0 1E0 1E0 1E0 1E0 1E0 1E0 1E0 1E0 1E0 1E0 1E0 1E0 1E0 1E0 1E0 1E0 1E0 1E0 1E0 1E0 1E0 1E0 1E0 1E0 1E0
-9999 -9999 -9999 -9999 -9999 -9999 -9999 -9999 -9999 9.99982E-1 9.99991E-1 9.99999E-1 9.99999E-1 9.99989E-1 9.99991E-1 9.99998E-1 9.99987E-1 9.99973E-1 9.99967E-1 9.99821E-1 9.99767E-1 9.99788E-1 9.94802E-1 9.99703E-1 9.99265E-1 9.99823E-1 9.99809E-1 9.99968E-1 9.99638E-1 9.99997E-1 1E0 1E0 1E0 1E0 1E0 1E0 1E0 1E0 1E0 1E0 1E0 1E0 1E0 1E0 1E0 1E0 1E0 1E0 1E0 1E0 1E0 1E0 1E0 1E0 1E0 1E0 1E0 1E0 1E0 1E0 1E0 1E0 1E0 1E0 1E0 1E0 1E0 1E0 1E0 1E0 1E0 1E0
-9999 -9999 -9999 -9999 -9999 -9999 -9999 -9999 9.99998E-1 9.99915E-1 9.93509E-1 9.99685E-1 9.99984E-1 9.99585E-1 9.99932E-1 9.99813E-1 9.99898E-1 9.9998E-1 9.99981E-1 9.99902E-1 9.99568E-1 9.98902E-1 9.89561E-1 9.95027E-1 9.97639E-1 9.97491E-1 9.98618E-1 9.98948E-1 9.99689E-1 9.9997E-1 1E0 9.99997E-1 1E0 1E0 1E0 1E0 1E0 1E0 1E0 1E0 1E0 1E0 1E0 1E0 1E0 1E0 1E0 1E0 1E0 1E0 1E0 1E0 1E0 1E0 1E0 1E0 1E0 1E0 1E0 1E0 1E0 1E0 1E0 1E0 1E0 1E0 1E0 1E0 1E0 1E0 1E0 1E0
-9999 -9999 -9999 -9999 -9999 -9999 -9999 -9999 9.99822E-1 9.99998E-1 9.9819E-1 9.99868E-1 9.99595E-1 9.99937E-1 9.96781E-1 9.99534E-1 1E0 9.99994E-1 9.99947E-1 9.98516E-1 9.98921E-1 9.99983E-1 9.99296E-1 9.98782E-1 9.99817E-1 9.98972E-1 9.98397E-1 9.98671E-1 9.98617E-1 9.99999E-1 9.99999E-1 9.99987E-1 1E0 1E0 1E0 1E0 1E0 1E0 1E0 9.99999E-1 9.99999E-1 1E0 1E0 1E0 1E0 1E0 1E0 1E0 1E0 1E0 1E0 1E0 1E0 1E0 1E0 1E0 1E0 1E0 1E0 1E0 1E0 1E0 1E0 1E0 1E0 1E0 1E0 1E0 1E0 1E0 1E0 1E0
-9999 -9999 -9999 -9999 -9999 -9999 -9999 -9999 9.99889E-1 9.99948E-1 9.99871E-1 9.99993E-1 9.99048E-1 9.9994E-1 9.99181E-1 9.99936E-1 9.98235E-1 9.97816E-1 9.997E-1 9.99956E-1 9.9927E-1 9.99874E-1 9.99879E-1 9.94501E-1 9.9948E-1 9.96583E-1 9.99649E-1 9.99873E-1 9.99843E-1 9.99982E-1 1E0 1E0 1E0 1E0 1E0 1E0 1E0 1E0 1E0 1E0 1E0 1E0 9.99998E-1 1E0 1E0 1E0 1E0 1E0 1E0 1E0 1E0 1E0 1E0 1E0 1E0 1E0 1E0 1E0 1E0 1E0 1E0 1E0 1E0 1E0 1E0 1E0 1E0 1E0 1E0 1E0 1E0 1E0
-9999 -9999 -9999 -9999 -9999 -9999 -9999 9.84453E-1 9.87087E-1 9.97591E-1 9.99258E-1 9.99683E-1 9.79416E-1 9.93929E-1 9.98697E-1 9.9927E-1 9.96451E-1 9.99284E-1 9.94151E-1 9.99979E-1 9.99956E-1 9.99993E-1 9.943E-1 9.99757E-1 9.96428E-1 9.99679E-1 9.99355E-1 9.99597E-1 9.9928E-1 1E0 1E0 1E0 1E0 1E0 1E0 9.99998E-1 9.99996E-1 1E0 1E0 1E0 9.99997E-1 1E0 9.99995E-1 1E0 1E0 1E0 1E0 1E0 1E0 1E0 1E0 1E0 1E0 1E0 1E0 1E0 1E0 1E0 1E0 1E0 1E0 1E0 1E0 1E0 1E0 1E0 1E0 1E0 1E0 1E0 1E0 1E0
-9999 -9999 -9999 -9999 -9999 -9999 -9999 9.822E-1 9.82415E-1 9.78168E-1 9.91694E-1 9.94774E-1 9.94179E-1 9.96451E-1 9.99795E-1 9.99811E-1 9.97327E-1 9.99692E-1 9.99283E-1 9.97064E-1 9.99877E-1 9.99632E-1 9.98462E-1 9.99589E-1 9.99995E-1 9.99311E-1 9.99876E-1 9.99881E-1 9.99857E-1 9.99999E-1 1E0 1E0 1E0 9.99998E-1 1E0 1E0 1E0 9.99978E-1 1E0 1E0 9.99997E-1 1E0 1E0 1E0 1E0 1E0 1E0 1E0 1E0 1E0 1E0 1E0 1E0 1E0 1E0 1E0 1E0 1E0 1E0 1E0 1E0 1E0 1E0 1E0 1E0 1E0 1E0 1E0 1E0 1E0 1E0 1E0
-9999 -9999 -9999 -9999 -9999 -9999 9.96247E-1 9.95931E-1 9.9226E-1 9.93504E-1 9.92983E-1 9.71157E-1 9.96516E-1 9.9924E-1 9.97086E-1 9.99908E-1 9.99998E-1 9.99858E-1 9.95831E-1 9.95606E-1 9.99557E-1 9.99995E-1 9.99584E-1 9.99556E-1 9.99426E-1 9.97788E-1 9.99966E-1 9.99643E-1 9.99918E-1 1E0 1E0 9.99999E-1 9.99998E-1 1E0 1E0 1E0 1E0 9.99998E-1 1E0 1E0 9.99999E-1 1E0 9.99999E-1 1E0 1E0 1E0 1E0 1E0 1E0 1E0 1E0 1E0 1E0 1E0 1E0 1E0 1E0 1E0 1E0 1E0 1E0 1E0 1E0 1E0 1E0 1E0 1E0 1E0 1E0 1E0 1E0 1E0
-9999 -9999 -9999 -9999 -9999 -9999 9.8492E-1 9.78977E-1 9.86176E-1 9.82336E-1 9.78531E-1 9.96812E-1 9.86654E-1 9.91316E-1 9.98679E-1 9.89419E-1 9.99834E-1 9.96051E-1 9.98123E-1 9.97649E-1 9.99558E-1 9.99995E-1 9.99945E-1 9.99931E-1 9.99539E-1 9.97952E-1 9.99854E-1 9.99974E-1 9.99826E-1 1E0 9.99999E-1 1E0 1E0 1E0 1E0 1E0 1E0 1E0 1E0 9.99981E-1 1E0 9.99996E-1 1E0 1E0 1E0 1E0 1E0 1E0 1E0 1E0 1E0 1E0 1E0 1E0 1E0 1E0 1E0 1E0 1E0 1E0 1E0 1E0 1E0 1E0 1E0 1E0 1E0 1E0 1E0 1E0 1E0 1E0
