ENM/Final_Models/M_0.8_F_q_Set_1_E/Gustavia_santanderiensis_5_Choco.asc
ncols         367
nrows         963
xllcorner     -78.6
yllcorner     0.65
cellsize      0.00833333333333323
NODATA_value  -9999
[rows 510 to 539 of 963, columns 134 to 200 of 367]
-9999 -9999 -9999 -9999 -9999 -9999 -9999 -9999 -9999 -9999 -9999 -9999 -9999 -9999 -9999 -9999 -9999 -9999 -9999 -9999 -9999 -9999 1.15518E-3 2.84915E-2 3.55363E-2 4.61072E-2 6.67664E-3 5.15884E-4 5.21743E-3 7.74909E-4 4.10065E-4 4.48457E-4 2.82503E-4 7.84596E-4 1.86943E-4 4.09056E-4 3.00839E-3 2.83712E-3 5.66468E-4 5.4684E-4 1.27776E-4 2.3704E-3 2.47851E-3 2.71678E-3 5.73845E-4 5.75039E-3 3.45896E-3 3.2983E-3 6.4834E-3 1.13469E-4 3.72724E-3 5.11663E-3 4.70571E-3 9.2482E-4 1.73314E-4 7.05007E-3 6.02457E-3 5.00052E-3 -9999 1.92448E-3 5.74085E-3 6.08692E-3 5.66264E-3 4.75503E-3 4.50532E-4 3.24773E-4 4.84105E-3
-9999 -9999 -9999 -9999 -9999 -9999 -9999 -9999 -9999 -9999 -9999 -9999 -9999 -9999 -9999 -9999 -9999 -9999 -9999 -9999 -9999 -9999 1.15252E-3 5.36754E-3 4.88527E-3 6.77189E-3 1.49574E-2 2.13206E-2 6.33922E-4 1.92516E-4 5.99375E-4 4.60845E-4 6.23743E-4 3.76299E-3 2.33607E-4 5.26453E-4 1.0804E-4 1.05111E-4 7.84022E-3 8.35454E-3 3.25157E-4 3.1808E-3 1.17911E-4 1.95396E-3 4.03974E-4 1.48518E-4 4.38515E-3 5.69509E-3 1.43095E-4 6.15513E-3 6.19016E-3 4.57413E-3 3.49423E-3 5.56043E-3 4.89259E-3 3.96803E-4 4.28063E-4 -9999 1.42588E-2 2.50195E-2 3.07365E-2 3.8267E-3 2.27334E-3 3.77419E-3 7.7657E-4 4.78088E-4 5.7141E-4
-9999 -9999 -9999 -9999 -9999 -9999 -9999 -9999 -9999 -9999 -9999 -9999 -9999 -9999 -9999 -9999 -9999 -9999 -9999 -9999 -9999 -9999 1.19511E-4 4.08268E-3 3.46239E-3 2.03448E-4 4.46885E-3 5.04058E-3 2.08352E-2 2.43327E-2 7.26892E-4 6.54829E-4 6.6419E-3 8.59564E-4 4.04569E-4 1.85861E-4 1.19023E-3 1.42091E-3 7.55749E-3 4.54549E-4 3.42134E-4 3.91951E-4 1.845E-3 1.99353E-3 6.19167E-4 1.29601E-4 1.88644E-4 5.03258E-3 5.80757E-3 6.47012E-3 5.08367E-3 5.37907E-3 5.73184E-3 1.45609E-3 1.18339E-4 1.46546E-4 1.38199E-4 7.035E-3 6.59141E-2 8.4418E-2 3.53339E-2 5.39502E-3 1.16378E-4 8.98606E-4 9.46407E-5 5.40024E-4 8.27931E-5
-9999 -9999 -9999 -9999 -9999 -9999 -9999 -9999 -9999 -9999 -9999 -9999 -9999 -9999 -9999 -9999 -9999 -9999 -9999 -9999 -9999 -9999 5.13066E-4 4.85457E-3 3.56636E-3 3.05186E-4 2.48289E-3 6.10628E-3 2.12299E-2 2.57995E-2 5.69073E-4 7.54047E-4 8.12684E-4 7.29295E-4 3.32627E-3 3.93076E-4 3.30057E-3 1.62889E-3 4.12131E-3 2.85861E-4 3.40466E-3 3.30634E-3 3.19215E-3 1.44707E-2 1.63585E-4 1.1597E-4 2.35853E-4 3.77141E-3 2.8034E-3 6.98409E-3 7.51849E-3 5.32619E-4 1.66706E-4 4.04609E-3 1.11656E-3 5.36533E-3 6.3477E-3 4.51327E-3 9.57058E-2 4.20699E-2 3.38854E-3 3.16776E-3 4.01127E-3 7.17809E-4 4.58199E-4 5.01323E-4 5.66749E-4
-9999 -9999 -9999 -9999 -9999 -9999 -9999 -9999 -9999 -9999 -9999 -9999 -9999 -9999 -9999 -9999 -9999 -9999 -9999 -9999 -9999 -9999 6.43948E-3 5.15126E-4 1.80434E-2 3.46617E-3 1.75019E-4 4.74271E-4 6.07281E-4 1.85186E-2 6.02916E-3 5.40756E-3 8.59082E-4 8.10901E-4 4.47446E-4 3.19737E-4 1.65621E-3 1.55274E-3 3.50064E-3 1.37121E-4 4.9965E-4 5.76912E-4 4.91914E-4 3.56125E-3 1.32826E-4 1.94593E-3 5.70064E-3 5.18319E-3 2.9957E-3 5.56219E-3 6.71825E-3 1.19802E-4 5.18632E-3 4.40093E-3 1.03715E-4 5.30381E-3 3.91743E-3 2.80568E-3 1.0339E-1 2.64286E-2 4.62669E-3 4.73988E-3 1.48646E-4 1.35307E-4 1.25182E-4 1.28758E-4 1.38712E-4
-9999 -9999 -9999 -9999 -9999 -9999 -9999 -9999 -9999 -9999 -9999 -9999 -9999 -9999 -9999 -9999 -9999 -9999 -9999 -9999 -9999 -9999 2.00336E-4 1.87034E-3 8.87302E-2 2.25292E-2 1.0133E-2 9.2768E-2 4.75149E-4 6.10559E-4 4.8524E-3 4.91706E-3 7.02181E-4 6.8549E-4 1.86961E-4 1.81832E-3 2.69742E-3 1.63283E-3 1.14609E-3 3.08055E-4 6.16924E-3 4.27804E-4 8.41849E-4 1.57102E-4 5.02467E-3 2.59696E-3 2.85662E-2 4.21668E-3 2.22005E-3 2.40145E-3 3.60803E-3 3.46766E-3 3.02127E-3 3.1637E-3 3.5819E-3 4.6952E-3 3.78173E-3 3.89417E-2 8.03916E-2 1.39687E-2 4.43825E-3 1.12399E-4 1.45943E-4 4.65184E-3 4.43183E-3 5.26397E-3 3.78666E-3
-9999 -9999 -9999 -9999 -9999 -9999 -9999 -9999 -9999 -9999 -9999 -9999 -9999 -9999 -9999 -9999 -9999 -9999 -9999 -9999 -9999 -9999 1.44053E-2 3.02843E-3 4.97907E-2 3.68694E-2 4.04148E-3 5.69835E-3 2.68454E-2 1.75077E-2 1.48562E-4 2.2044E-4 1.31808E-4 5.83289E-4 1.73963E-4 1.40365E-4 8.74588E-3 6.32185E-3 5.31482E-3 6.79475E-3 4.70948E-4 6.20155E-3 4.83614E-4 6.77429E-4 1.69255E-4 5.39805E-3 3.56227E-3 3.80628E-3 2.03716E-3 3.24882E-3 3.30877E-3 3.06547E-3 2.17313E-3 3.00298E-3 2.76268E-2 4.63054E-3 3.83073E-2 4.48597E-2 3.28678E-2 9.39161E-2 1.23086E-1 4.44526E-3 2.2577E-3 2.98154E-3 4.48768E-3 7.70949E-3 2.96283E-3
-9999 -9999 -9999 -9999 -9999 -9999 -9999 -9999 -9999 -9999 -9999 -9999 -9999 -9999 -9999 -9999 -9999 -9999 -9999 -9999 -9999 -9999 2.81869E-3 2.72799E-3 4.17383E-3 5.0558E-3 6.10889E-4 1.89822E-3 1.52943E-4 2.5561E-3 3.14937E-4 1.83783E-4 3.04112E-3 2.39313E-2 6.30819E-4 4.97753E-3 1.95315E-2 1.53412E-2 6.6096E-3 1.571E-2 1.3126E-3 5.40057E-4 9.36994E-4 1.66818E-4 1.9529E-4 1.52862E-4 1.82751E-4 4.1098E-3 3.1803E-3 3.25357E-3 3.61794E-3 3.87581E-3 2.33675E-3 3.24237E-2 2.88355E-3 3.54088E-2 2.79458E-2 3.81014E-2 1.87473E-2 8.6812E-2 1.08938E-2 5.36448E-3 5.36742E-2 3.92064E-2 1.08652E-1 2.03096E-3 1.54285E-2
-9999 -9999 -9999 -9999 -9999 -9999 -9999 -9999 -9999 -9999 -9999 -9999 -9999 -9999 -9999 -9999 -9999 -9999 -9999 -9999 -9999 -9999 7.71761E-4 2.89858E-4 2.12224E-3 1.93659E-3 1.91844E-4 2.11211E-4 1.94578E-3 1.26655E-3 6.06653E-4 7.11016E-3 6.62412E-3 6.99672E-4 3.86346E-3 5.58389E-3 3.4231E-4 5.33731E-3 9.73444E-4 6.83079E-3 1.13507E-2 2.293E-3 7.01822E-4 1.37152E-4 1.89148E-4 4.21019E-3 3.58576E-3 3.43534E-3 3.65593E-3 5.31426E-3 9.2663E-4 9.29832E-4 2.13352E-3 3.33705E-3 5.91026E-2 4.9835E-2 7.11314E-2 -9999 3.46645E-2 4.11114E-2 3.54566E-3 5.04607E-3 4.29174E-3 4.12526E-3 5.90063E-3 2.36775E-3 3.78809E-3
-9999 -9999 -9999 -9999 -9999 -9999 -9999 -9999 -9999 -9999 -9999 -9999 -9999 -9999 -9999 -9999 -9999 -9999 -9999 -9999 -9999 -9999 1.08338E-3 5.18341E-4 1.24788E-3 8.69761E-4 8.00034E-4 8.61803E-4 3.25918E-4 4.41959E-4 1.42442E-2 7.91721E-3 7.33214E-3 5.94268E-4 8.63463E-3 5.94655E-3 8.13305E-3 8.04565E-4 4.98766E-4 1.61914E-4 1.72474E-3 3.58027E-3 1.67254E-4 1.96531E-4 1.62165E-4 4.75346E-3 5.2008E-3 5.52568E-3 5.44288E-4 4.39444E-3 1.46616E-3 1.38186E-3 4.24787E-3 4.7769E-3 4.00641E-2 8.62875E-2 1.72643E-1 1.6712E-1 5.8079E-2 3.79638E-2 4.61523E-2 4.30043E-3 5.49509E-3 5.45619E-3 5.34417E-3 5.87562E-3 4.73678E-3
-9999 -9999 -9999 -9999 -9999 -9999 -9999 -9999 -9999 -9999 -9999 -9999 -9999 -9999 -9999 -9999 -9999 -9999 -9999 -9999 -9999 -9999 7.27621E-4 1.13373E-3 1.17963E-3 9.71314E-4 6.5348E-3 5.97183E-4 7.50117E-4 4.07979E-3 1.42885E-2 5.57129E-3 5.56455E-3 4.89638E-4 6.10687E-3 8.27031E-3 6.089E-3 5.87883E-4 5.67713E-4 2.0151E-4 1.36458E-3 6.67001E-4 1.94483E-4 2.67445E-4 2.28749E-4 1.65091E-4 2.4193E-3 2.49017E-4 9.89444E-4 2.40562E-3 9.85562E-4 8.77102E-4 3.74154E-3 3.4177E-3 7.20878E-2 9.09033E-2 -9999 7.26018E-2 7.05395E-2 5.55389E-2 4.35979E-2 4.52163E-2 4.10307E-3 3.96735E-3 6.96247E-3 2.80009E-3 3.9581E-3
-9999 -9999 -9999 -9999 -9999 -9999 -9999 -9999 -9999 -9999 -9999 -9999 -9999 -9999 -9999 -9999 -9999 -9999 -9999 -9999 -9999 -9999 3.26044E-4 2.25496E-4 2.49567E-4 3.52597E-4 8.74445E-3 7.36588E-3 4.59416E-3 6.90143E-3 7.96415E-4 1.06664E-1 1.0848E-1 6.02227E-4 5.05467E-4 3.11265E-4 4.75858E-4 3.6676E-4 5.01769E-4 9.18599E-4 5.22118E-4 6.43035E-4 4.80154E-3 4.15557E-3 3.94357E-3 1.27254E-4 4.3045E-4 1.14308E-3 1.54954E-3 1.44429E-3 1.04934E-3 9.59825E-4 2.42223E-3 2.6188E-3 -9999 4.47774E-2 3.6761E-2 1.48922E-2 4.93335E-2 3.84321E-2 5.08487E-2 3.72252E-2 7.88345E-2 7.47536E-2 3.17786E-2 4.07621E-2 5.49361E-3
-9999 -9999 -9999 -9999 -9999 -9999 -9999 -9999 -9999 -9999 -9999 -9999 -9999 -9999 -9999 -9999 -9999 -9999 -9999 -9999 -9999 -9999 9.46828E-4 9.94754E-4 1.11398E-3 8.52299E-4 4.9716E-3 2.94897E-4 1.09726E-3 5.16916E-3 6.293E-3 1.15762E-2 8.19191E-2 1.02351E-2 2.14134E-2 1.11808E-2 9.94342E-4 7.19414E-4 5.95607E-4 7.51098E-4 5.62573E-3 6.82368E-4 3.48983E-3 2.4664E-3 3.08772E-3 1.85953E-3 2.27313E-3 1.40052E-3 4.57242E-3 3.38879E-3 3.41328E-3 9.50075E-4 2.57272E-3 2.14606E-3 3.19844E-2 4.12461E-2 3.71712E-2 2.91909E-2 6.99291E-3 6.56606E-2 5.48547E-2 4.38088E-3 3.82772E-2 4.17322E-3 9.01479E-2 1.31901E-1 3.93345E-3
-9999 -9999 -9999 -9999 -9999 -9999 -9999 -9999 -9999 -9999 -9999 -9999 -9999 -9999 -9999 -9999 -9999 -9999 -9999 -9999 -9999 -9999 2.96684E-3 9.77354E-3 9.22068E-4 1.12731E-3 9.62449E-3 7.73636E-3 8.47552E-3 1.28514E-2 1.2317E-2 1.58738E-2 1.17449E-2 9.24257E-2 1.9678E-2 1.31449E-1 7.24925E-4 8.13809E-4 7.5871E-4 1.01106E-3 2.07831E-4 2.16572E-4 1.77563E-4 7.0634E-4 8.98028E-4 3.91291E-3 1.42192E-3 1.61305E-3 1.6315E-3 1.9993E-3 1.85295E-3 3.01596E-3 3.81123E-3 2.14798E-3 -9999 -9999 3.66342E-2 1.16172E-1 4.84463E-2 6.89548E-2 5.22236E-2 3.78656E-2 3.54936E-2 1.85112E-2 1.24392E-2 2.94086E-2 4.24076E-3
-9999 -9999 -9999 -9999 -9999 -9999 -9999 -9999 -9999 -9999 -9999 -9999 -9999 -9999 -9999 -9999 -9999 -9999 -9999 -9999 -9999 -9999 1.26174E-3 5.76609E-3 6.01667E-4 2.61714E-4 9.4914E-4 3.25765E-3 9.27809E-3 5.59615E-3 1.10401E-2 6.88129E-3 6.84921E-3 1.02736E-2 1.86437E-2 1.40154E-2 1.66039E-2 7.38725E-4 8.61392E-4 9.61168E-4 2.02186E-4 7.62133E-4 8.98131E-4 1.88765E-4 1.81875E-4 3.4144E-4 3.69277E-3 8.89395E-4 3.05317E-3 3.46185E-3 1.07399E-3 2.04381E-3 3.90158E-3 3.91278E-3 3.1445E-3 6.27982E-3 4.5028E-3 5.02948E-3 7.92222E-2 3.49283E-2 6.65527E-2 2.6641E-2 4.32985E-3 4.53415E-3 2.31629E-2 4.60878E-3 5.72752E-3
-9999 -9999 -9999 -9999 -9999 -9999 -9999 -9999 -9999 -9999 -9999 -9999 -9999 -9999 -9999 -9999 -9999 -9999 -9999 -9999 -9999 1.09866E-2 4.29409E-3 2.76485E-3 7.37887E-3 1.15956E-3 1.3497E-3 8.09799E-3 6.97563E-3 1.10405E-2 6.93719E-3 8.35941E-3 6.21146E-3 8.684E-4 8.46814E-4 5.47627E-3 3.59761E-3 6.86588E-3 7.78328E-4 5.72353E-3 7.81805E-4 6.06343E-3 1.98367E-4 3.63759E-4 3.68567E-3 1.14068E-3 1.00241E-3 6.38413E-4 2.56881E-3 3.62922E-3 6.70386E-4 4.44941E-3 3.69124E-3 2.9553E-3 -9999 2.38942E-4 4.65828E-3 7.80957E-2 4.70088E-2 6.81695E-2 8.278E-2 2.94376E-2 2.27874E-2 2.64756E-2 2.93698E-2 2.5385E-3 3.70063E-3
-9999 -9999 -9999 -9999 -9999 -9999 -9999 -9999 -9999 -9999 -9999 -9999 -9999 -9999 -9999 -9999 -9999 -9999 -9999 -9999 -9999 2.29138E-2 1.18495E-2 2.41296E-2 1.25016E-2 1.05789E-2 1.35389E-2 8.08137E-3 7.78137E-3 8.78576E-3 4.58304E-3 7.85992E-3 8.4066E-3 7.7481E-4 1.91637E-4 9.98769E-3 3.20236E-3 7.78602E-3 4.97035E-3 2.5882E-3 5.399E-3 5.93254E-3 1.91346E-4 1.1703E-3 3.63375E-3 3.81642E-3 3.14005E-3 1.36505E-3 3.0156E-3 4.0233E-3 3.63437E-3 3.53704E-3 4.25194E-3 2.97606E-3 2.75701E-3 5.55542E-3 -9999 3.04785E-2 4.30219E-2 5.56171E-2 7.82404E-2 3.09035E-2 1.95051E-2 4.41312E-3 5.04385E-3 8.87695E-2 2.41011E-3
-9999 -9999 -9999 -9999 -9999 -9999 -9999 -9999 -9999 -9999 -9999 -9999 -9999 -9999 -9999 -9999 -9999 -9999 -9999 -9999 -9999 9.2979E-3 4.50585E-3 2.41123E-2 8.48059E-3 8.32213E-3 9.87615E-3 5.45802E-3 3.80672E-3 6.47352E-3 2.02389E-3 8.82865E-3 7.79718E-4 1.33242E-3 5.92006E-4 1.1561E-3 7.2542E-3 9.59494E-4 1.24067E-3 6.81114E-3 9.5015E-4 9.6519E-4 7.99483E-3 1.10766E-3 1.37016E-3 1.32452E-3 3.29544E-3 3.47503E-3 1.54769E-3 1.50275E-3 4.94329E-3 3.86708E-3 2.63263E-3 2.48829E-3 2.91397E-3 2.56702E-4 5.671E-3 -9999 3.62153E-2 1.74278E-2 2.6679E-2 2.98392E-2 6.60356E-3 5.48706E-3 5.0949E-3 2.4061E-2 3.23639E-3
-9999 -9999 -9999 -9999 -9999 -9999 -9999 -9999 -9999 -9999 -9999 -9999 -9999 -9999 -9999 -9999 -9999 -9999 -9999 -9999 -9999 5.67019E-3 3.29928E-3 2.21897E-3 2.06077E-3 7.55126E-3 6.15579E-3 1.88936E-3 2.22037E-3 2.50674E-3 6.87616E-3 4.20968E-3 4.20402E-3 6.65562E-3 1.0175E-3 8.96138E-4 1.49547E-3 8.31614E-3 2.96019E-3 8.14795E-3 1.09694E-3 1.00017E-3 1.04202E-3 8.50818E-3 9.94579E-4 8.39071E-4 6.62571E-4 1.3483E-3 7.68252E-4 9.22341E-4 6.38889E-4 4.29902E-3 3.51639E-3 1.9974E-2 5.07806E-2 3.64257E-2 4.17664E-3 4.97187E-2 5.04153E-2 4.25851E-2 1.63508E-2 2.84996E-2 5.17919E-3 3.69789E-3 4.02704E-3 2.30347E-2 2.75465E-2
-9999 -9999 -9999 -9999 -9999 -9999 -9999 -9999 -9999 -9999 -9999 -9999 -9999 -9999 -9999 -9999 -9999 -9999 -9999 -9999 -9999 1.8124E-4 1.22427E-4 7.6569E-4 4.36668E-4 1.22719E-2 1.14657E-3 5.67193E-3 5.65524E-3 6.98996E-3 5.89016E-3 8.29075E-3 2.20636E-3 3.32884E-3 5.29126E-3 7.84126E-3 1.70772E-3 2.29412E-3 8.31478E-3 8.47253E-3 8.02096E-3 1.0518E-3 2.54621E-4 1.20425E-3 5.73864E-4 5.69132E-4 1.20524E-3 1.31684E-3 1.06197E-3 1.65886E-3 2.25226E-3 2.54637E-2 2.18724E-3 1.85379E-2 5.4546E-2 5.46294E-2 -9999 4.06564E-2 3.99347E-2 2.70932E-2 1.1516E-2 1.4738E-2 1.87857E-2 4.48158E-2 5.34377E-2 3.24339E-2 5.56139E-3
-9999 -9999 -9999 -9999 -9999 -9999 -9999 -9999 -9999 -9999 -9999 -9999 -9999 -9999 -9999 -9999 -9999 -9999 -9999 -9999 -9999 2.41372E-3 2.78102E-4 9.15921E-4 1.9142E-4 3.25732E-4 2.62423E-4 3.27048E-4 3.46665E-4 4.07235E-4 1.12664E-3 9.3505E-3 7.06351E-3 6.96256E-3 2.17532E-3 3.1749E-3 1.70644E-3 2.38395E-3 5.07548E-3 5.25393E-3 9.12384E-3 1.29182E-3 5.34003E-3 2.59547E-4 9.34143E-4 9.66938E-4 3.83351E-3 1.37233E-3 1.25147E-3 5.63363E-3 2.71059E-2 2.81814E-2 2.32138E-2 2.32292E-3 1.9238E-2 -9999 2.14439E-2 6.95704E-2 5.7772E-2 3.53813E-2 2.12785E-2 2.46663E-2 4.39155E-3 4.15058E-3 5.9346E-3 3.91604E-3 2.76467E-2
-9999 -9999 -9999 -9999 -9999 -9999 -9999 -9999 -9999 -9999 -9999 -9999 -9999 -9999 -9999 -9999 -9999 -9999 -9999 -9999 -9999 6.21899E-3 2.59335E-4 1.71181E-4 3.42714E-4 3.36809E-4 3.34536E-4 3.18142E-4 3.36132E-4 9.66937E-4 1.35182E-3 9.6925E-3 3.16557E-3 3.43028E-3 1.84406E-3 1.60374E-3 2.85688E-3 6.73868E-3 9.4466E-3 9.18409E-3 1.32078E-3 8.5862E-3 1.41006E-3 1.35279E-3 9.08975E-4 8.76918E-4 6.30906E-4 3.51737E-3 3.29948E-3 6.21612E-3 2.6857E-3 2.41225E-3 2.20436E-3 2.95787E-3 2.38088E-3 -9999 3.7985E-3 6.45482E-2 6.48954E-2 5.21743E-2 9.18266E-2 2.94818E-2 1.79151E-2 6.19517E-3 4.65039E-3 2.16489E-2 2.27239E-2
-9999 -9999 -9999 -9999 -9999 -9999 -9999 -9999 -9999 -9999 -9999 -9999 -9999 -9999 -9999 -9999 -9999 -9999 -9999 -9999 -9999 2.42582E-3 1.53023E-4 7.85397E-4 1.70286E-3 3.89681E-4 3.88329E-4 3.94578E-3 3.12965E-4 1.21329E-3 9.42709E-3 1.05609E-3 9.37734E-4 1.01074E-2 2.63046E-3 3.65817E-3 4.82052E-3 6.95259E-3 9.91599E-3 9.2195E-3 9.85407E-3 8.16744E-3 5.54149E-3 3.12255E-3 9.95636E-4 5.31913E-4 1.23706E-3 1.2977E-3 1.67256E-3 2.2953E-3 9.45459E-3 1.80257E-3 2.09884E-3 3.93089E-3 2.02361E-3 6.33142E-3 5.4412E-3 6.81202E-2 6.56656E-2 2.29022E-1 6.02592E-2 6.07444E-2 4.27303E-3 3.66088E-3 4.53182E-3 5.12217E-3 4.50832E-3
-9999 -9999 -9999 -9999 -9999 -9999 -9999 -9999 -9999 -9999 -9999 -9999 -9999 -9999 -9999 -9999 -9999 -9999 -9999 -9999 2.24981E-4 9.20952E-4 -9999 -9999 3.41979E-4 -9999 1.54035E-3 9.91832E-4 1.4015E-3 8.16884E-4 1.11256E-3 1.28105E-3 1.25992E-3 1.3473E-3 1.20136E-2 6.85521E-3 1.27562E-3 1.46729E-3 1.19561E-2 9.66597E-3 9.80303E-3 1.12688E-2 9.40551E-3 7.84633E-3 7.46062E-3 7.98891E-4 1.23012E-3 -9999 3.06695E-4 5.63191E-3 2.19618E-3 2.43282E-3 2.22064E-3 2.99459E-3 5.10448E-3 4.91804E-3 4.17548E-3 -9999 8.26285E-2 5.61601E-2 6.30921E-2 6.25763E-2 3.44182E-2 2.40695E-2 3.09091E-2 4.22856E-3 4.75192E-3
-9999 -9999 -9999 -9999 -9999 -9999 -9999 -9999 -9999 -9999 -9999 -9999 -9999 -9999 -9999 -9999 8.14373E-3 -9999 -9999 -9999 -9999 -9999 -9999 -9999 -9999 1.66062E-3 1.15019E-2 1.8743E-3 1.46126E-3 4.17036E-4 1.60812E-3 1.4206E-3 7.05805E-4 3.76862E-3 4.51366E-3 2.44794E-4 2.11731E-4 9.09725E-3 1.382E-2 3.7804E-3 3.49241E-3 1.19919E-3 1.34129E-3 7.87718E-3 8.47029E-3 1.02773E-2 6.41028E-3 5.60883E-4 3.66357E-3 5.89875E-3 2.32185E-2 2.32964E-3 1.41488E-3 2.0312E-3 2.67309E-3 -9999 2.40221E-3 4.47106E-2 2.30888E-2 6.37456E-2 8.68598E-2 4.0658E-2 3.87623E-2 3.27437E-2 5.12728E-2 2.7563E-2 2.79333E-2
-9999 -9999 -9999 -9999 -9999 -9999 -9999 -9999 -9999 -9999 -9999 -9999 -9999 -9999 -9999 -9999 -9999 -9999 -9999 -9999 -9999 -9999 -9999 -9999 1.79464E-3 1.10985E-2 1.20214E-2 1.92246E-2 1.71213E-3 1.50643E-3 4.27565E-4 1.78919E-3 1.41172E-3 7.45874E-3 6.42186E-4 7.33644E-4 8.08331E-4 1.26729E-2 1.63251E-3 1.41265E-2 1.6224E-3 1.62834E-3 4.22087E-4 1.15684E-3 1.07721E-2 -9999 1.47328E-3 1.27664E-3 -9999 1.17343E-3 -9999 -9999 3.10796E-3 1.82412E-3 1.44893E-3 2.63574E-3 5.61192E-3 2.1868E-2 2.32461E-2 5.07872E-2 4.90981E-2 3.01537E-2 3.52942E-3 2.56729E-2 4.70693E-2 4.61783E-3 6.50996E-3
-9999 -9999 -9999 -9999 -9999 -9999 -9999 -9999 -9999 -9999 -9999 -9999 -9999 -9999 -9999 -9999 -9999 -9999 -9999 -9999 -9999 -9999 -9999 -9999 2.37808E-2 1.28628E-2 9.79819E-3 9.27675E-3 1.50656E-3 3.28291E-4 2.13504E-3 1.62586E-3 1.18925E-3 1.04561E-3 1.28807E-3 3.1665E-4 2.069E-3 3.39977E-4 4.01591E-4 4.77189E-4 4.92672E-4 4.41572E-4 3.89599E-4 3.73345E-4 7.05731E-3 5.07026E-3 4.55225E-4 1.7465E-3 4.7096E-3 1.23868E-3 2.46073E-4 1.68943E-3 -9999 -9999 1.40074E-2 2.27328E-2 5.02838E-3 4.21436E-3 1.70155E-3 4.49912E-3 3.50587E-3 2.0414E-2 3.36081E-3 4.91533E-3 2.13165E-2 2.50312E-2 4.25059E-2
-9999 -9999 -9999 -9999 -9999 -9999 -9999 -9999 -9999 -9999 -9999 -9999 -9999 -9999 -9999 -9999 -9999 -9999 -9999 -9999 -9999 -9999 -9999 -9999 2.3526E-2 6.12284E-3 1.1304E-2 1.74075E-2 2.23147E-3 4.31804E-4 2.05956E-3 1.97502E-3 1.2514E-3 7.83151E-4 1.24974E-3 3.81702E-3 3.64049E-4 4.3641E-4 5.86436E-3 4.56644E-3 4.35039E-3 6.71919E-3 3.72185E-4 5.66014E-3 1.847E-3 1.27222E-3 4.61947E-3 3.51165E-4 4.74642E-4 3.64856E-4 9.86365E-4 2.2865E-3 2.4291E-3 2.54967E-3 7.31136E-3 5.2404E-3 2.4061E-3 4.26475E-3 1.51599E-3 4.36306E-3 3.94088E-3 3.34456E-3 2.25472E-3 1.74872E-2 2.49447E-2 2.19744E-2 4.87361E-2
-9999 -9999 -9999 -9999 -9999 -9999 -9999 -9999 -9999 -9999 -9999 -9999 -9999 -9999 1.38753E-2 1.46839E-2 1.66731E-2 1.18715E-2 -9999 -9999 -9999 -9999 -9999 -9999 3.42639E-3 1.80664E-2 1.36244E-2 2.0485E-2 2.36581E-3 4.56376E-4 5.4821E-4 4.82014E-4 1.30289E-3 6.25664E-3 4.6675E-3 2.79605E-3 1.09583E-3 5.41003E-3 1.60269E-2 3.6728E-3 3.03926E-3 1.62613E-3 4.53328E-3 2.07679E-3 1.51948E-2 1.62757E-3 -9999 4.41647E-3 3.65125E-3 1.53368E-3 1.4707E-3 1.50967E-3 1.31883E-3 2.89317E-4 -9999 -9999 3.69907E-3 2.4382E-3 1.00241E-1 9.86239E-2 3.93247E-3 2.60638E-3 8.08977E-2 5.30197E-3 8.07002E-2 8.60728E-2 1.61595E-2
-9999 -9999 -9999 -9999 -9999 -9999 -9999 -9999 -9999 -9999 -9999 -9999 -9999 1.42646E-3 1.08338E-2 1.05558E-2 1.50026E-2 6.72428E-3 1.86598E-3 -9999 -9999 -9999 -9999 -9999 2.73256E-2 4.49239E-3 1.6558E-2 1.76232E-2 -9999 5.5686E-4 5.1963E-4 4.60238E-4 4.48564E-4 3.47193E-4 5.55097E-3 1.54043E-3 -9999 1.87462E-3 1.43036E-3 -9999 5.62523E-3 -9999 -9999 1.55166E-3 1.22432E-2 1.32502E-2 -9999 4.14437E-3 4.07249E-3 1.62155E-3 1.6428E-3 1.4659E-3 1.60171E-3 5.37523E-4 1.54519E-3 -9999 6.44778E-3 3.06219E-3 2.96204E-3 3.8352E-3 4.4045E-3 2.52544E-3 4.6965E-3 4.07202E-3 2.91085E-3 3.56436E-3 3.77239E-3
