ENM/Final_Models/M_0.8_F_q_Set_1_E/Gustavia_santanderiensis_3_Choco_novel.asc
ncols         367
nrows         963
xllcorner     -78.6
yllcorner     0.65
cellsize      0.00833333333333323
NODATA_value  -9999
[rows 420 to 449 of 963, columns 136 to 203 of 367]
-9999 -9999 -9999 -9999 -9999 -9999 -9999 -9999 -9999 -9999 -9999 -9999 -9999 -9999 -9999 -9999 -9999 -9999 -6.56371E1 -6.26448E1 -5.89447E1 -5.99421E1 -9.66851E1 -9.94475E1 -9.8895E1 -1.41436E2 -1.44751E2 -1.45856E2 -1.47514E2 -1.55249E2 -1.46409E2 -1.45304E2 -1.00552E2 -1.32597E2 -1.25967E2 -9.77901E1 -8.27542E1 -8.94144E1 -8.66474E1 -9.44015E1 -9.25997E1 -9.33398E1 -1.01105E2 -1.00552E2 -1.0221E2 -1.09392E2 -1.03315E2 -1.03867E2 -1.01657E2 -1.1105E2 -1.1105E2 -1.49171E2 -1.47514E2 -1.11602E2 -1.04972E2 -1.04972E2 -9.42085E1 -9.84556E1 -9.88417E1 -9.3565E1 -8.69048E1 -8.88674E1 -1.07735E2 -1.07735E2 -1.20994E2 -1.21547E2 -1.22099E2 -1.22652E2
-9999 -9999 -9999 -9999 -9999 -9999 -9999 -9999 -9999 -9999 -9999 -9999 -9999 -9999 -9999 -9999 -9999 -9999 -6.4704E1 -6.25161E1 -5.80438E1 -4.72329E1 -5.9556E1 -6.29344E1 -7.1139E1 -9.39227E1 -1.29834E2 -1.31492E2 -1.01657E2 -1.01657E2 -9.94475E1 -1E2 -1.01105E2 -1.01105E2 -1.35359E2 -1.0442E2 -8.94466E1 -9.21815E1 -9.11519E1 -9.8895E1 -1.01105E2 -9.59781E1 -9.31467E1 -8.99936E1 -9.13127E1 -9.51737E1 -9.20849E1 -9.22458E1 -1.09945E2 -1.48619E2 -1.50276E2 -1.51381E2 -1.49171E2 -1.51934E2 -1.54696E2 -1.07182E2 -8.85779E1 -9.14093E1 -9.43694E1 -9.84556E1 -9.5592E1 -9.39833E1 -1.08287E2 -1.08287E2 -1.64088E2 -1.09392E2 -1.65193E2 -1.09392E2
-9999 -9999 -9999 -9999 -9999 -9999 -9999 -9999 -9999 -9999 -9999 -9999 -9999 -9999 -9999 -9999 -9999 -9999 -5.32175E1 -5.83977E1 -7.40331E1 -7.23757E1 -7.45856E1 -7.40331E1 -6.00386E1 -6.11969E1 -7.75418E1 -1.0221E2 -8.6583E1 -9.94475E1 -1.22652E2 -7.86036E1 -1.32597E2 -8.4009E1 -9.94475E1 -1.03867E2 -9.28893E1 -9.94475E1 -9.8895E1 -1.28177E2 -9.94475E1 -1E2 -9.82626E1 -9.42728E1 -9.40154E1 -1.0442E2 -8.95753E1 -9.39189E1 -1.1105E2 -1.43646E2 -1.44199E2 -1.64641E2 -1.50829E2 -1.06077E2 -9.64929E1 -8.73874E1 -8.43951E1 -8.21107E1 -8.19498E1 -8.79665E1 -9.66538E1 -8.98327E1 -1.62431E2 -1.62983E2 -1.09392E2 -1.0884E2 -1.65746E2 -1.09945E2
-9999 -9999 -9999 -9999 -9999 -9999 -9999 -9999 -9999 -9999 -9999 -9999 -9999 -9999 -9999 -9999 -9999 -9999 -9999 -9.83425E1 -9.77901E1 -7.45856E1 -7.51381E1 -7.51381E1 -7.63835E1 -7.49678E1 -7.46139E1 -1.01105E2 -8.94788E1 -1.00552E2 -1.01105E2 -1.01657E2 -1.0221E2 -1.50276E2 -1.29282E2 -1.00515E2 -9.94475E1 -9.76512E1 -9.26641E1 -9.19884E1 -1.38122E2 -1.40331E2 -1.02896E2 -9.31145E1 -9.08301E1 -9.25032E1 -9.32111E1 -9.89061E1 -1.0442E2 -1.04972E2 -1.0442E2 -1.52486E2 -1.53591E2 -8.86422E1 -1.07735E2 -8.713E1 -8.62291E1 -8.3816E1 -8.82883E1 -1.0884E2 -1.09392E2 -1.09392E2 -1.62431E2 -1.63536E2 -1.64641E2 -1.74586E2 -1.66298E2 -1.67403E2
-9999 -9999 -9999 -9999 -9999 -9999 -9999 -9999 -9999 -9999 -9999 -9999 -9999 -9999 -9999 -9999 -9999 -9999 -9999 -7.51381E1 -7.51381E1 -6.68919E1 -7.56906E1 -7.62431E1 -7.62431E1 -9.94475E1 -7.45496E1 -7.76705E1 -8.07915E1 -1.00552E2 -1.01657E2 -1.02762E2 -1.27072E2 -1.50829E2 -1.52486E2 -1.04972E2 -1.04972E2 -1.04972E2 -1.0442E2 -1.05525E2 -1.30387E2 -1.03571E2 -1.0029E2 -9.62999E1 -9.15701E1 -1.00225E2 -1.0442E2 -1.12707E2 -1.63536E2 -1.50829E2 -1.51934E2 -1.65746E2 -1.69061E2 -1.00097E2 -9.14414E1 -8.6583E1 -8.77091E1 -9.31789E1 -1.0884E2 -1.09392E2 -1.09392E2 -1.09392E2 -1.62983E2 -1.09945E2 -1.09945E2 -1.09945E2 -1.66298E2 -1.66851E2
-9999 -9999 -9999 -9999 -9999 -9999 -9999 -9999 -9999 -9999 -9999 -9999 -9999 -9999 -9999 -9999 -9999 -9999 -9999 -7.01657E1 -6.52188E1 -6.89511E1 -7.56906E1 -7.62431E1 -6.16795E1 -6.44788E1 -6.95624E1 -7.43887E1 -8.16602E1 -1.0221E2 -1.02762E2 -9.25032E1 -1.02762E2 -1.34807E2 -1.53039E2 -1.03867E2 -1.04972E2 -1.04972E2 -1.04972E2 -1.05525E2 -1E2 -1.40331E2 -1.08287E2 -9.68468E1 -9.32754E1 -1.05116E2 -1.46409E2 -1.62431E2 -1.59669E2 -1.49171E2 -1.66298E2 -1.63536E2 -1.64641E2 -1.05212E2 -9.69112E1 -9.07979E1 -9.29858E1 -9.48198E1 -9.34041E1 -9.70399E1 -1.09392E2 -1.09392E2 -1.62983E2 -1.09945E2 -1.09945E2 -1.09392E2 -1.09392E2 -1.66851E2
-9999 -9999 -9999 -9999 -9999 -9999 -9999 -9999 -9999 -9999 -9999 -9999 -9999 -9999 -9999 -9999 -9999 -9999 -9999 -7.30051E1 -7.25225E1 -7.42922E1 -7.12707E1 -7.13642E1 -7.51381E1 -5.6435E1 -6.86293E1 -7.09459E1 -7.92471E1 -9.00579E1 -8.61004E1 -8.90927E1 -1.03315E2 -1.0442E2 -1.05525E2 -1.0442E2 -1.04972E2 -1.37569E2 -1.03507E2 -1.05525E2 -1E2 -1.0251E2 -1.0884E2 -1.09945E2 -1.09392E2 -1.10497E2 -1.45856E2 -1.60221E2 -1.11602E2 -1.49171E2 -1.50829E2 -1.51934E2 -1.67956E2 -1.07735E2 -9.89704E1 -8.36873E1 -8.64865E1 -9.11197E1 -1.08287E2 -9.57529E1 -1.09392E2 -1.61878E2 -1.62431E2 -1.09945E2 -1.09392E2 -1.09392E2 -1.09945E2 -1.66851E2
-9999 -9999 -9999 -9999 -9999 -9999 -9999 -9999 -9999 -9999 -9999 -9999 -9999 -9999 -9999 -9999 -9999 -9999 -9999 -6.51866E1 -7.30051E1 -7.70914E1 -7.36487E1 -1.20442E2 -9.83425E1 -9.8895E1 -1E2 -6.93372E1 -1.01105E2 -1.03315E2 -1.01657E2 -9.23102E1 -1.03315E2 -1.51381E2 -1.05525E2 -1.51381E2 -1.06077E2 -1.38674E2 -1E2 -1.01105E2 -1.01657E2 -9.61712E1 -9.77477E1 -1.09945E2 -1.43646E2 -1.44751E2 -1.11602E2 -1.46961E2 -1.04972E2 -1.50276E2 -1.50276E2 -1.53039E2 -1.62431E2 -1.07735E2 -1.02124E2 -8.861E1 -8.98327E1 -8.44273E1 -1.07182E2 -9.36293E1 -9.18275E1 -1.61878E2 -1.62431E2 -1.25414E2 -1.25414E2 -1.26519E2 -1.09945E2 -1.66851E2
-9999 -9999 -9999 -9999 -9999 -9999 -9999 -9999 -9999 -9999 -9999 -9999 -9999 -9999 -9999 -9999 -9999 -9999 -9999 -6.4897E1 -6.95624E1 -7.23757E1 -7.23938E1 -6.57658E1 -1.19337E2 -6.63771E1 -1.00552E2 -1E2 -1.01105E2 -1.03315E2 -9.20528E1 -1.0221E2 -1.04972E2 -1.05525E2 -1.37017E2 -1.51381E2 -1.53039E2 -1.39227E2 -1.00552E2 -1.40331E2 -1.08287E2 -1.01657E2 -1.09392E2 -1.10497E2 -1.10497E2 -1.11602E2 -1.12707E2 -1.05534E2 -1.07979E2 -1.64641E2 -1.51934E2 -1.67403E2 -1.54144E2 -1.08287E2 -1.08287E2 -9.05727E1 -9.49807E1 -9.38224E1 -8.76126E1 -9.01544E1 -1.08287E2 -1.24309E2 -1.61878E2 -1.64088E2 -1.64641E2 -1.64641E2 -1.27624E2 -1.09392E2
-9999 -9999 -9999 -9999 -9999 -9999 -9999 -9999 -9999 -9999 -9999 -9999 -9999 -9999 -9999 -9999 -9999 -9999 -9999 -6.45431E1 -5.72072E1 -5.43115E1 -6.05856E1 -7.29282E1 -1.21547E2 -9.8895E1 -9.8895E1 -7.61905E1 -7.91828E1 -1.02762E2 -9.36937E1 -8.96075E1 -9.08623E1 -9.60103E1 -1E2 -9.97748E1 -1.38122E2 -1.01657E2 -9.85521E1 -1.07735E2 -1.0221E2 -9.77156E1 -1.0884E2 -1.57459E2 -1.57459E2 -1.58011E2 -1.61326E2 -1.48619E2 -1.0663E2 -1.50276E2 -1.07182E2 -1.07735E2 -1.54144E2 -1.08287E2 -1.08287E2 -1.0884E2 -1.08287E2 -1.21547E2 -1.22099E2 -1.22652E2 -1.23757E2 -1.24862E2 -1.24862E2 -1.64088E2 -1.64641E2 -1.27624E2 -1.28177E2 -1.28729E2
-9999 -9999 -9999 -9999 -9999 -9999 -9999 -9999 -9999 -9999 -9999 -9999 -9999 -9999 -9999 -9999 -9999 -9999 -6.33848E1 -6.20335E1 -6.37709E1 -6.29665E1 -6.76641E1 -7.56435E1 -7.12707E1 -7.07182E1 -7.12707E1 -7.74131E1 -7.79006E1 -8.00515E1 -9.35006E1 -9.2471E1 -9.02831E1 -9.44015E1 -9.80051E1 -9.79086E1 -1.00064E2 -1.07182E2 -1.00869E2 -1.01995E2 -1.02799E2 -1.0221E2 -1.09392E2 -1.1105E2 -1.10497E2 -1.12155E2 -1.1326E2 -1.04972E2 -1.05051E2 -9.90348E1 -1.07182E2 -1.07735E2 -1.08287E2 -1.54696E2 -1.08287E2 -1.08287E2 -1.20994E2 -1.22099E2 -1.23204E2 -1.70718E2 -1.60221E2 -1.60221E2 -1.26519E2 -1.27072E2 -1.27624E2 -1.28177E2 -1.28729E2 -1.75691E2
-9999 -9999 -9999 -9999 -9999 -9999 -9999 -9999 -9999 -9999 -9999 -9999 -9999 -9999 -9999 -9999 -9999 -9999 -5.70463E1 -6.77284E1 -6.51866E1 -6.96133E1 -7.18232E1 -7.8121E1 -7.32304E1 -6.85083E1 -6.79558E1 -7.48713E1 -7.93436E1 -7.93115E1 -8.02445E1 -9.75225E1 -9.95817E1 -8.80309E1 -8.98005E1 -9.70399E1 -9.46268E1 -9.19562E1 -9.58816E1 -9.71042E1 -1.01223E2 -1.02762E2 -1.02762E2 -1.10497E2 -1.11602E2 -1.12707E2 -1.12155E2 -1.12707E2 -9.87774E1 -1.0119E2 -1.04987E2 -1.07735E2 -1.07735E2 -1.08287E2 -1.08287E2 -1.0884E2 -1.22099E2 -1.22652E2 -1.23204E2 -1.70166E2 -1.58564E2 -1.25414E2 -1.08784E2 -1.27624E2 -1.28177E2 -1.28729E2 -1.29834E2 -1.75691E2
-9999 -9999 -9999 -9999 -9999 -9999 -9999 -9999 -9999 -9999 -9999 -9999 -9999 -9999 -9999 -9999 -9999 -9999 -6.30309E1 -6.40927E1 -6.09717E1 -6.29987E1 -6.70528E1 -6.74067E1 -7.07182E1 -6.85083E1 -6.77606E1 -6.85083E1 -8.48456E1 -1.01657E2 -8.23037E1 -9.04118E1 -8.87709E1 -9.5045E1 -9.53346E1 -8.89961E1 -1.00772E2 -1.00322E2 -1.00552E2 -1.00644E2 -1.03867E2 -1.10497E2 -1.05212E2 -1.03867E2 -1.0442E2 -9.70721E1 -9.38224E1 -1.0621E2 -9.926E1 -9.74582E1 -1.07182E2 -9.9807E1 -9.85843E1 -1.08287E2 -1.08287E2 -1.55249E2 -1.21547E2 -1.21547E2 -1.0222E2 -1.24309E2 -1.60773E2 -1.61878E2 -1.02445E2 -1.11133E2 -1.07883E2 -1.29834E2 -1.30387E2 -1.71823E2
-9999 -9999 -9999 -9999 -9999 -9999 -9999 -9999 -9999 -9999 -9999 -9999 -9999 -9999 -9999 -9999 -9999 -9999 -9.61326E1 -6.16152E1 -6.57979E1 -5.20592E1 -6.4704E1 -5.48906E1 -6.37709E1 -6.96133E1 -7.31017E1 -7.46139E1 -1.24862E2 -1.02762E2 -9.45302E1 -8.80631E1 -9.18275E1 -9.73295E1 -9.5592E1 -8.57143E1 -1.03153E2 -1.00064E2 -9.54955E1 -9.36615E1 -9.49485E1 -1.42541E2 -1.1105E2 -9.98713E1 -1.04972E2 -1.0442E2 -1.03867E2 -1.06532E2 -1.07182E2 -9.89382E1 -1.03121E2 -1.07735E2 -1.08287E2 -1.0884E2 -1.0884E2 -1.22099E2 -1.69613E2 -1.23757E2 -1.24309E2 -1.25414E2 -1.70166E2 -1.72928E2 -1.09945E2 -1.62983E2 -1.29282E2 -1.30387E2 -1.75691E2 -1.76243E2
-9999 -9999 -9999 -9999 -9999 -9999 -9999 -9999 -9999 -9999 -9999 -9999 -9999 -9999 -9999 -9999 -9999 -9999 -9999 -6.85083E1 -6.79558E1 -6.74033E1 -5.17053E1 -5.65959E1 -5.87516E1 -7.14607E1 -7.7574E1 -7.67374E1 -1.25414E2 -1.47514E2 -1.03315E2 -8.50064E1 -7.6287E1 -8.76126E1 -9.66216E1 -9.66216E1 -1.00193E2 -9.07014E1 -9.14414E1 -8.60039E1 -9.36615E1 -1.0148E2 -1.01384E2 -9.7973E1 -1.12707E2 -1.03185E2 -9.51737E1 -9.69112E1 -9.84556E1 -9.97104E1 -9.82304E1 -1.52486E2 -1.53039E2 -1.54144E2 -1.21547E2 -1.22099E2 -1.06628E2 -1.24309E2 -1.24862E2 -1.25967E2 -1.26519E2 -1.61878E2 -1.09945E2 -1.62983E2 -1.69613E2 -1.74586E2 -1.75138E2 -1.66298E2
-9999 -9999 -9999 -9999 -9999 -9999 -9999 -9999 -9999 -9999 -9999 -9999 -9999 -9999 -9999 -9999 -9999 -9999 -9999 -7.03668E1 -6.56692E1 -6.75997E1 -5.65959E1 -5.71429E1 -5.31532E1 -7.54826E1 -7.87645E1 -8.19176E1 -8.77091E1 -1.48066E2 -9.44015E1 -9.01223E1 -9.28571E1 -8.61004E1 -9.0251E1 -9.7619E1 -9.53668E1 -9.58172E1 -9.56885E1 -9.21493E1 -9.04762E1 -8.99936E1 -1.00804E2 -1.03315E2 -1.1326E2 -1.1326E2 -1.12155E2 -1.1326E2 -1.05525E2 -9.1731E1 -9.30824E1 -1.50829E2 -1.51934E2 -1.1989E2 -1.20994E2 -1.22099E2 -9.64607E1 -1.03797E2 -1.23757E2 -1.25414E2 -1.58564E2 -1.60773E2 -1.62431E2 -1.69613E2 -1.29834E2 -1.75138E2 -1.65746E2 -1.10497E2
-9999 -9999 -9999 -9999 -9999 -9999 -9999 -9999 -9999 -9999 -9999 -9999 -9999 -9999 -9999 -9999 -9999 -9999 -9999 -1.21547E2 -7.2973E1 -7.63192E1 -6.57459E1 -5.89125E1 -9.77901E1 -7.46139E1 -1.00552E2 -1E2 -1.01657E2 -1.03867E2 -7.9558E1 -8.0663E1 -8.84492E1 -9.07658E1 -9.18275E1 -1.05525E2 -1.01657E2 -9.57529E1 -9.71042E1 -9.16667E1 -9.54311E1 -9.27928E1 -9.24389E1 -1.0442E2 -1.45856E2 -1.12155E2 -1.02762E2 -9.12484E1 -9.40798E1 -9.48198E1 -8.97683E1 -8.95431E1 -9.00257E1 -8.70013E1 -9.19241E1 -9.29215E1 -9.40798E1 -9.71686E1 -1.20442E2 -1.22099E2 -1.66298E2 -1.72376E2 -1.29282E2 -1.29834E2 -1.30939E2 -1.75138E2 -1.65746E2 -9.67503E1
-9999 -9999 -9999 -9999 -9999 -9999 -9999 -9999 -9999 -9999 -9999 -9999 -9999 -9999 -9999 -9999 -9999 -9999 -9999 -8.75161E1 -1.20994E2 -1.18785E2 -6.62983E1 -5.93629E1 -6.79558E1 -7.98263E1 -7.79006E1 -1.00552E2 -1.0221E2 -8.69369E1 -7.01416E1 -7.65122E1 -8.61004E1 -9.01866E1 -9.45624E1 -1.05525E2 -1.01657E2 -9.18919E1 -1.02762E2 -1.0442E2 -1.0442E2 -9.49807E1 -9.29537E1 -9.92278E1 -1.1326E2 -1.12707E2 -1.1326E2 -9.2471E1 -9.46589E1 -1.00676E2 -9.69755E1 -8.99936E1 -8.91892E1 -8.73552E1 -8.46525E1 -9.2471E1 -1.01705E2 -9.80695E1 -9.88417E1 -1.01673E2 -1.57459E2 -1.59116E2 -1.61326E2 -1.61878E2 -1.31492E2 -1.32044E2 -1.10497E2 -9.72973E1
-9999 -9999 -9999 -9999 -9999 -9999 -9999 -9999 -9999 -9999 -9999 -9999 -9999 -9999 -9999 -9999 -9999 -9999 -9999 -9.8895E1 -1.20994E2 -1.1989E2 -6.7471E1 -5.91377E1 -9.77901E1 -1E2 -8.25611E1 -1.0221E2 -1.03315E2 -9.33719E1 -7.93758E1 -8.31081E1 -9.72008E1 -9.84234E1 -1.00901E2 -9.85843E1 -1.08287E2 -9.59138E1 -9.15058E1 -9.43694E1 -9.77477E1 -9.54955E1 -1.11602E2 -1.12155E2 -1.1326E2 -1.14365E2 -1.14365E2 -9.62033E1 -9.89061E1 -9.72651E1 -9.71042E1 -8.83205E1 -8.98005E1 -9.01223E1 -8.69691E1 -8.93501E1 -1.21547E2 -1.00901E2 -9.60103E1 -9.95817E1 -1.07182E2 -1.09945E2 -1.09945E2 -1.09945E2 -1.62983E2 -1.63536E2 -1.65193E2 -1.09945E2
-9999 -9999 -9999 -9999 -9999 -9999 -9999 -9999 -9999 -9999 -9999 -9999 -9999 -9999 -9999 -9999 -9999 -9999 -9999 -1.25414E2 -1.19337E2 -1.19337E2 -1.12707E2 -5.95882E1 -1.13812E2 -1.01105E2 -9.65894E1 -9.65573E1 -1.0221E2 -8.65508E1 -9.65251E1 -9.58172E1 -9.91956E1 -9.79408E1 -1.0663E2 -1.08287E2 -1.0884E2 -1.08287E2 -9.51416E1 -9.20206E1 -9.2278E1 -9.25676E1 -1.05525E2 -9.91956E1 -9.25997E1 -1.14917E2 -1.14365E2 -9.55598E1 -9.2278E1 -9.84556E1 -1.0663E2 -8.99936E1 -9.22458E1 -9.1184E1 -9.16345E1 -1.03315E2 -1.18232E2 -9.65573E1 -1.01448E2 -9.69112E1 -1.07735E2 -1.09392E2 -1.10497E2 -1.09945E2 -1.62983E2 -1.63536E2 -9.75225E1 -1.64641E2
-9999 -9999 -9999 -9999 -9999 -9999 -9999 -9999 -9999 -9999 -9999 -9999 -9999 -9999 -9999 -9999 -9999 -9999 -9999 -8.24968E1 -8.23037E1 -1.04972E2 -6.87902E1 -6.81467E1 -1.00552E2 -1.01105E2 -8.90605E1 -8.91248E1 -1.03315E2 -1.0442E2 -9.7619E1 -9.38867E1 -1.0663E2 -1.07182E2 -1.37569E2 -1.38122E2 -1.53591E2 -1.0884E2 -1.01641E2 -9.77156E1 -9.44337E1 -9.62033E1 -9.67181E1 -1.00772E2 -1.08333E2 -1.00097E2 -9.98713E1 -9.86808E1 -9.40154E1 -9.50129E1 -9.35006E1 -1.07182E2 -1.07735E2 -9.65251E1 -1.01866E2 -1.04972E2 -1.22652E2 -9.85521E1 -9.59781E1 -9.22136E1 -1.28177E2 -1.60221E2 -1.72928E2 -1.61326E2 -1.62431E2 -1.09945E2 -1.10497E2 -1.64641E2
-9999 -9999 -9999 -9999 -9999 -9999 -9999 -9999 -9999 -9999 -9999 -9999 -9999 -9999 -9999 -9999 -9999 -9999 -9999 -9999 -1.04972E2 -1.06077E2 -1.22652E2 -1.22099E2 -1.16022E2 -1.14917E2 -1.16575E2 -1.09945E2 -1.46961E2 -1.04972E2 -9.33398E1 -9.59138E1 -1.0663E2 -1.07182E2 -1.07735E2 -1.38674E2 -1.38674E2 -1.39779E2 -1.02156E2 -1.00257E2 -9.33398E1 -8.97683E1 -1.10497E2 -9.88417E1 -1.00418E2 -1.03604E2 -1.04151E2 -1.01351E2 -1.0663E2 -1.05952E2 -9.88417E1 -9.68468E1 -1.1989E2 -1.20994E2 -1.22099E2 -1.22652E2 -1.23204E2 -1.24309E2 -1.25967E2 -1.27624E2 -1.09392E2 -9.83591E1 -1.09945E2 -1.62431E2 -1.55801E2 -9.83425E1 -1.09945E2 -1.09945E2
-9999 -9999 -9999 -9999 -9999 -9999 -9999 -9999 -9999 -9999 -9999 -9999 -9999 -9999 -9999 -9999 -9999 -9999 -9999 -9999 -1.23757E2 -1.24309E2 -1.22652E2 -1.22099E2 -1.24309E2 -1.42541E2 -1.45304E2 -1.25414E2 -1.27624E2 -9.40476E1 -9.1538E1 -1.04972E2 -1.51381E2 -1.52486E2 -1.08287E2 -1.08287E2 -1.37569E2 -1.00483E2 -9.97748E1 -1.03024E2 -9.88417E1 -9.49807E1 -1.10497E2 -1.12155E2 -9.64929E1 -9.83269E1 -1.16022E2 -1.07915E2 -1.1768E2 -1.04762E2 -1.19337E2 -9.75225E1 -1.20442E2 -1.62983E2 -1.62983E2 -1.67403E2 -9.72651E1 -1.23757E2 -1.70166E2 -1.56906E2 -1.56354E2 -1.0884E2 -1.56354E2 -1.61326E2 -1.62431E2 -1.55801E2 -1.55249E2 -1.65193E2
-9999 -9999 -9999 -9999 -9999 -9999 -9999 -9999 -9999 -9999 -9999 -9999 -9999 -9999 -9999 -9999 -9999 -9999 -9999 -9999 -1.35359E2 -7.46783E1 -1.01105E2 -7.0045E1 -1.45304E2 -1.27072E2 -1.27624E2 -1.28177E2 -1.05525E2 -9.25676E1 -1.05525E2 -1.05525E2 -1.07182E2 -1.07735E2 -1.08287E2 -1.0884E2 -1.09392E2 -1.05502E2 -9.38546E1 -9.47555E1 -1.03507E2 -9.32754E1 -9.4305E1 -9.23102E1 -1.00869E2 -1.1547E2 -1.47514E2 -1.16575E2 -1.1768E2 -1.00193E2 -1.18232E2 -1.0296E2 -1.01255E2 -1.60221E2 -1.54696E2 -1.61878E2 -1.23204E2 -1.25414E2 -1.69613E2 -1.57459E2 -1.58011E2 -1.09392E2 -1.55801E2 -1.54696E2 -1.55249E2 -1.54696E2 -1.66851E2 -1.75691E2
-9999 -9999 -9999 -9999 -9999 -9999 -9999 -9999 -9999 -9999 -9999 -9999 -9999 -9999 -9999 -9999 -9999 -9999 -9999 -9999 -1.25414E2 -7.52896E1 -8.05019E1 -1.1989E2 -1.0884E2 -1.20442E2 -1.29834E2 -8.58108E1 -8.32368E1 -8.29472E1 -8.96075E1 -1.05525E2 -1.07182E2 -1.08287E2 -1.00064E2 -1.00965E2 -1.00804E2 -1.06178E2 -1.01898E2 -9.30824E1 -9.87452E1 -9.18275E1 -9.52381E1 -9.96461E1 -1.01802E2 -1.01866E2 -1.46409E2 -1.61878E2 -1.58564E2 -1.02799E2 -9.852E1 -1.19337E2 -1.20442E2 -1.20442E2 -1.59116E2 -1.62431E2 -1.23757E2 -1.65746E2 -1.62983E2 -1.62431E2 -1.56354E2 -1.57459E2 -1.60221E2 -1.55249E2 -1.54696E2 -1.53591E2 -1.53591E2 -1.64641E2
-9999 -9999 -9999 -9999 -9999 -9999 -9999 -9999 -9999 -9999 -9999 -9999 -9999 -9999 -9999 -9999 -9999 -9999 -9999 -9999 -7.96976E1 -8.08237E1 -8.15637E1 -7.21686E1 -6.51934E1 -1.02762E2 -8.75161E1 -8.05341E1 -8.23204E1 -7.87967E1 -1.0442E2 -1.25967E2 -1.07182E2 -9.21815E1 -9.75869E1 -9.74903E1 -9.82626E1 -1.01705E2 -9.6332E1 -9.31467E1 -9.35972E1 -9.88417E1 -9.51416E1 -9.88417E1 -1.05438E2 -1.02284E2 -1.14917E2 -1.13812E2 -1.44199E2 -1.16575E2 -1.16575E2 -9.44015E1 -1.19337E2 -1.1989E2 -1.21547E2 -1.65193E2 -1.66298E2 -1.60773E2 -1.63536E2 -1.63536E2 -1.62983E2 -1.58011E2 -1.55801E2 -1.60221E2 -1.53591E2 -1.51934E2 -1.52486E2 -1.53039E2
-9999 -9999 -9999 -9999 -9999 -9999 -9999 -9999 -9999 -9999 -9999 -9999 -9999 -9999 -9999 -9999 -9999 -9999 -9999 -9999 -9999 -8.42342E1 -8.30116E1 -7.32947E1 -6.57459E1 -6.49614E1 -8.47169E1 -7.12999E1 -7.17825E1 -1.02762E2 -8.74196E1 -8.85457E1 -8.75804E1 -9.31467E1 -9.25354E1 -8.32368E1 -8.44595E1 -1.06077E2 -1.07735E2 -1.0442E2 -1.05525E2 -1.06077E2 -1.01448E2 -9.7426E1 -9.53024E1 -9.96139E1 -1.41989E2 -1.41436E2 -1.33702E2 -1.40884E2 -1.43094E2 -1.36464E2 -1.43094E2 -1.40331E2 -1.45856E2 -1.65193E2 -1.60221E2 -1.60773E2 -1.60773E2 -1.53591E2 -1.54696E2 -1.55801E2 -1.56354E2 -1.64088E2 -1.42541E2 -1.58011E2 -1.53039E2 -1.65193E2
-9999 -9999 -9999 -9999 -9999 -9999 -9999 -9999 -9999 -9999 -9999 -9999 -9999 -9999 -9999 -9999 -9999 -9999 -9999 -9999 -9999 -7.27156E1 -7.92149E1 -1E2 -5.96525E1 -6.213E1 -6.72458E1 -7.60618E1 -7.75097E1 -8.34254E1 -8.34254E1 -8.34254E1 -9.01866E1 -8.9157E1 -8.90605E1 -8.58752E1 -8.43629E1 -9.04762E1 -1.09945E2 -1.40884E2 -9.1731E1 -8.90605E1 -9.11197E1 -9.20528E1 -1.05212E2 -1.07735E2 -8.27542E1 -8.15637E1 -1.1326E2 -1.29834E2 -1.1105E2 -1.27072E2 -9.8895E1 -1.30387E2 -1.58564E2 -1.49724E2 -1.50829E2 -1.60773E2 -1.59669E2 -1.51381E2 -1.51381E2 -1.54144E2 -1.53039E2 -1.54696E2 -1.63536E2 -1.57459E2 -1.10497E2 -1.62983E2
-9999 -9999 -9999 -9999 -9999 -9999 -9999 -9999 -9999 -9999 -9999 -9999 -9999 -9999 -9999 -9999 -9999 -9999 -9999 -9999 -9999 -6.73745E1 -6.68919E1 -6.88546E1 -6.82111E1 -7.03668E1 -7.33269E1 -8.44273E1 -8.42664E1 -8.06306E1 -8.28729E1 -7.43565E1 -8.18533E1 -9.33719E1 -9.31789E1 -9.19241E1 -9.81339E1 -9.44981E1 -8.99936E1 -1.0884E2 -9.45302E1 -9.07979E1 -8.639E1 -8.54569E1 -8.46525E1 -8.08559E1 -1.08287E2 -1.08287E2 -8.7677E1 -1.34807E2 -1.51381E2 -1.27624E2 -1.29834E2 -1.1768E2 -1.19337E2 -1.52486E2 -1.58564E2 -1.59669E2 -1.58564E2 -1.61326E2 -1.53591E2 -1.53039E2 -1.52486E2 -1.52486E2 -1.63536E2 -1.64088E2 -1.57459E2 -1.62431E2
-9999 -9999 -9999 -9999 -9999 -9999 -9999 -9999 -9999 -9999 -9999 -9999 -9999 -9999 -9999 -9999 -9999 -9999 -9999 -9999 -9999 -7.16538E1 -7.08816E1 -7.14607E1 -8.07272E1 -7.3166E1 -7.67053E1 -8.07915E1 -1.03867E2 -8.39779E1 -9.20528E1 -8.45304E1 -8.82239E1 -8.65508E1 -8.45304E1 -8.70335E1 -8.87066E1 -9.1731E1 -1.08287E2 -1.0884E2 -8.45304E1 -8.34254E1 -8.34254E1 -8.32046E1 -8.28729E1 -1.08287E2 -8.35586E1 -1.09392E2 -8.45882E1 -1.12707E2 -1.57459E2 -1.59669E2 -1.60773E2 -1.47514E2 -1.18785E2 -1.56906E2 -1.56906E2 -1.56906E2 -1.50276E2 -1.51381E2 -1.60773E2 -1.60221E2 -1.69613E2 -1.51934E2 -1.51934E2 -1.55801E2 -1.56906E2 -1.51934E2
