ENM/Final_Models/M_0.8_F_q_Set_1_E/Gustavia_santanderiensis_1_Choco.asc
ncols         367
nrows         963
xllcorner     -78.6
yllcorner     0.65
cellsize      0.00833333333333323
NODATA_value  -9999
[rows 576 to 607 of 963, columns 142 to 212 of 367]
-9999 -9999 -9999 -9999 -9999 -9999 -9999 -9999 -9999 -9999 -9999 -9999 -9999 -9999 -9999 -9999 -9999 -9999 -9999 -9999 -9999 -9999 8.06734E-1 8.77568E-1 9.21383E-1 8.3625E-1 9.0816E-1 7.71382E-1 6.12337E-1 4.25301E-1 4.07129E-1 5.61755E-1 2.42166E-1 6.89073E-1 -9999 -9999 -9999 -9999 -9999 -9999 -9999 -9999 -9999 -9999 7.91953E-1 9.21006E-1 8.14254E-1 8.81807E-1 8.83156E-1 9.87593E-1 9.96912E-1 8.79623E-1 8.63458E-1 9.9943E-1 9.99656E-1 9.96004E-1 9.85149E-1 8.89344E-1 9.26677E-1 7.90982E-1 7.18062E-1 8.46441E-1 7.47118E-1 7.34354E-1 7.94946E-1 9.74125E-1 9.97605E-1 9.6865E-1 9.26272E-1 9.85477E-1 9.59425E-1
-9999 -9999 -9999 -9999 -9999 -9999 -9999 -9999 -9999 -9999 -9999 -9999 -9999 -9999 -9999 -9999 -9999 -9999 -9999 -9999 -9999 -9999 7.65109E-1 8.4636E-1 8.9442E-1 6.79838E-1 8.93709E-1 8.83316E-1 8.51298E-1 6.68945E-1 6.65211E-1 3.3213E-1 1.93726E-1 -9999 -9999 -9999 -9999 -9999 -9999 -9999 -9999 -9999 -9999 9.67317E-1 9.96174E-1 8.70725E-1 -9999 9.05322E-1 8.51795E-1 5.30055E-1 5.83203E-1 5.66063E-1 9.19556E-1 9.81317E-1 9.91354E-1 9.73304E-1 9.38384E-1 9.38308E-1 7.44734E-1 4.5112E-1 7.96748E-1 6.37631E-1 6.89931E-1 9.04281E-1 9.87081E-1 8.86679E-1 9.24251E-1 9.54552E-1 9.28978E-1 9.72369E-1 9.52127E-1
-9999 -9999 -9999 -9999 -9999 -9999 -9999 -9999 -9999 -9999 -9999 -9999 -9999 -9999 -9999 -9999 -9999 -9999 -9999 -9999 -9999 -9999 5.45361E-1 4.76158E-1 2.7901E-1 9.53619E-1 7.40728E-1 6.68834E-1 5.52919E-1 2.89274E-1 7.67669E-1 -9999 -9999 -9999 -9999 -9999 -9999 -9999 -9999 9.99721E-1 9.93193E-1 9.78521E-1 -9999 7.73998E-1 9.95209E-1 8.23788E-1 9.26582E-1 9.80271E-1 9.22922E-1 8.24866E-1 9.37342E-1 9.42363E-1 9.84766E-1 9.95277E-1 9.73079E-1 9.86473E-1 8.8956E-1 7.8066E-1 5.63411E-1 7.28822E-1 5.61471E-1 6.16467E-1 7.8887E-1 7.93621E-1 8.34131E-1 8.49321E-1 9.34865E-1 8.1513E-1 8.62979E-1 6.01206E-1 8.8917E-1
-9999 -9999 -9999 -9999 -9999 -9999 -9999 -9999 -9999 -9999 -9999 -9999 -9999 -9999 -9999 -9999 -9999 -9999 -9999 -9999 -9999 -9999 -9999 2.38179E-1 6.52386E-1 7.56683E-1 9.40203E-1 9.79417E-1 9.89482E-1 -9999 -9999 -9999 -9999 -9999 -9999 -9999 -9999 9.52304E-1 3.79921E-1 4.83197E-1 4.71519E-1 3.22368E-1 6.98441E-1 9.66445E-1 8.91181E-1 9.10388E-1 9.72956E-1 9.82181E-1 9.79266E-1 9.64328E-1 9.91738E-1 9.74444E-1 9.81266E-1 9.83565E-1 9.53599E-1 8.65615E-1 8.74715E-1 7.75341E-1 5.7252E-1 5.07377E-1 9.44145E-1 9.609E-1 9.89923E-1 9.23638E-1 8.52813E-1 9.44651E-1 7.78292E-1 9.19944E-1 6.59024E-1 6.25257E-1 6.4651E-1
-9999 -9999 -9999 -9999 -9999 -9999 -9999 -9999 -9999 -9999 -9999 -9999 -9999 -9999 -9999 -9999 -9999 -9999 -9999 -9999 -9999 -9999 -9999 -9999 -9999 -9999 -9999 -9999 9.98629E-1 -9999 -9999 -9999 -9999 -9999 -9999 -9999 -9999 6.98412E-1 1.04659E-1 4.01359E-1 6.26214E-1 8.74848E-1 5.20774E-1 6.63505E-1 8.73842E-1 8.98436E-1 9.89868E-1 9.83691E-1 9.72902E-1 9.88797E-1 9.78175E-1 9.80476E-1 9.09359E-1 7.79942E-1 7.06463E-1 6.81633E-1 8.15901E-1 7.60555E-1 9.65663E-1 8.79019E-1 9.69105E-1 9.92504E-1 7.56763E-1 9.35667E-1 9.09239E-1 9.98308E-1 6.77643E-1 7.18473E-1 7.54328E-1 2.86699E-1 2.03622E-1
-9999 -9999 -9999 -9999 -9999 -9999 -9999 -9999 -9999 -9999 -9999 -9999 -9999 -9999 -9999 -9999 -9999 -9999 -9999 -9999 -9999 -9999 -9999 -9999 -9999 -9999 -9999 -9999 -9999 -9999 -9999 -9999 -9999 -9999 -9999 -9999 -9999 7.82387E-1 -9999 4.07206E-1 8.0666E-1 8.87688E-1 9.19414E-1 8.28887E-1 9.88822E-1 9.87536E-1 9.5289E-1 9.8503E-1 9.75629E-1 9.94358E-1 9.74902E-1 9.2841E-1 9.61832E-1 9.76034E-1 8.20331E-1 6.95854E-1 5.85986E-1 5.70679E-1 6.8237E-1 9.05465E-1 7.76564E-1 8.96391E-1 9.56619E-1 9.11937E-1 9.59089E-1 7.55925E-1 7.48065E-1 7.5846E-1 7.33306E-1 6.37706E-1 1.59569E-1
-9999 -9999 -9999 -9999 -9999 -9999 -9999 -9999 -9999 -9999 -9999 -9999 -9999 -9999 -9999 -9999 -9999 -9999 -9999 -9999 -9999 -9999 -9999 -9999 -9999 -9999 -9999 -9999 -9999 -9999 -9999 -9999 -9999 -9999 -9999 -9999 -9999 -9999 -9999 2.77223E-1 6.61446E-1 9.71732E-1 9.57792E-1 9.65813E-1 9.51062E-1 9.2648E-1 9.16902E-1 7.29041E-1 9.13914E-1 8.61875E-1 9.627E-1 9.30663E-1 9.35525E-1 9.98386E-1 8.87868E-1 8.46579E-1 7.09593E-1 8.18035E-1 7.13295E-1 9.01303E-1 9.58994E-1 9.40962E-1 9.16161E-1 8.48877E-1 6.61617E-1 6.27472E-1 6.85004E-1 4.98592E-1 4.34766E-1 7.10927E-1 2.58858E-1
-9999 -9999 -9999 -9999 -9999 -9999 -9999 -9999 -9999 -9999 -9999 -9999 -9999 -9999 -9999 -9999 -9999 -9999 -9999 -9999 -9999 -9999 -9999 -9999 -9999 -9999 -9999 -9999 -9999 -9999 -9999 -9999 -9999 -9999 -9999 -9999 -9999 -9999 -9999 3.27588E-1 7.03644E-1 9.59335E-1 9.23263E-1 9.15987E-1 9.34864E-1 6.47892E-1 8.19501E-1 8.80556E-1 8.20893E-1 8.78226E-1 9.54847E-1 8.75711E-1 9.69216E-1 9.50903E-1 8.00612E-1 7.47128E-1 5.81204E-1 8.37969E-1 7.93983E-1 8.43839E-1 9.66673E-1 9.00675E-1 8.12576E-1 9.57277E-1 7.09002E-1 5.06589E-1 4.62834E-1 3.75622E-1 3.47868E-1 4.19917E-1 2.90339E-1
-9999 -9999 -9999 -9999 -9999 -9999 -9999 -9999 -9999 -9999 -9999 -9999 -9999 -9999 -9999 -9999 -9999 -9999 -9999 -9999 -9999 -9999 -9999 -9999 -9999 -9999 -9999 -9999 -9999 -9999 -9999 -9999 -9999 -9999 -9999 -9999 -9999 -9999 2.78633E-1 6.05685E-1 7.82736E-1 5.39376E-1 7.51448E-1 9.09099E-1 5.17041E-1 9.35314E-1 8.7555E-1 8.87066E-1 8.9385E-1 9.35206E-1 9.31833E-1 9.58986E-1 9.46068E-1 9.52912E-1 5.88606E-1 3.81479E-1 6.83249E-1 9.04738E-1 8.3804E-1 8.51739E-1 8.52797E-1 8.45645E-1 8.93487E-1 9.17589E-1 7.29934E-1 1.80398E-1 8.7024E-2 2.73279E-2 2.89206E-2 8.80903E-2 1.365E-1
-9999 -9999 -9999 -9999 -9999 -9999 -9999 -9999 -9999 -9999 -9999 -9999 -9999 -9999 -9999 -9999 -9999 -9999 -9999 -9999 -9999 -9999 -9999 -9999 -9999 -9999 -9999 -9999 -9999 -9999 -9999 -9999 -9999 -9999 -9999 -9999 -9999 -9999 2.05043E-1 6.19323E-1 7.38869E-1 6.22636E-1 6.33872E-1 8.42018E-1 8.86841E-1 8.888E-1 6.77993E-1 8.73212E-1 9.19522E-1 9.93994E-1 9.79309E-1 9.65649E-1 9.7538E-1 8.70877E-1 7.3454E-1 7.27946E-1 8.46547E-1 7.60541E-1 5.72123E-1 7.35698E-1 9.30105E-1 9.31333E-1 8.73764E-1 9.25833E-1 7.59627E-1 1.37059E-1 1.65598E-1 8.05008E-2 6.16022E-2 2.76322E-1 1.06814E-1
-9999 -9999 -9999 -9999 -9999 -9999 -9999 -9999 -9999 -9999 -9999 -9999 -9999 -9999 -9999 -9999 -9999 -9999 -9999 -9999 -9999 -9999 -9999 -9999 -9999 -9999 -9999 -9999 -9999 -9999 -9999 -9999 -9999 -9999 8.39311E-1 -9999 -9999 8.6041E-1 6.23814E-1 9.48529E-1 9.96383E-1 9.38479E-1 9.86852E-1 7.70262E-1 9.37535E-1 9.50086E-1 8.26719E-1 9.02865E-1 9.63236E-1 9.88678E-1 9.32495E-1 9.59342E-1 9.84402E-1 8.61799E-1 9.10627E-1 8.06372E-1 5.80667E-1 6.00581E-1 5.20001E-1 6.47122E-1 6.60534E-1 5.6389E-1 3.93649E-1 3.75095E-1 6.88941E-1 2.8175E-1 2.10946E-1 1.24761E-1 1.26874E-1 1.3039E-1 1.46076E-1
-9999 -9999 -9999 -9999 -9999 -9999 -9999 -9999 -9999 -9999 -9999 -9999 -9999 -9999 -9999 -9999 -9999 -9999 -9999 -9999 -9999 -9999 -9999 -9999 -9999 -9999 -9999 -9999 -9999 -9999 -9999 -9999 -9999 -9999 -9999 5.85993E-1 8.16742E-1 8.50597E-1 9.29099E-1 9.83944E-1 9.94303E-1 7.99181E-1 8.99719E-1 8.32686E-1 9.20967E-1 8.93392E-1 8.74125E-1 9.24302E-1 9.00561E-1 9.57391E-1 9.52376E-1 9.54096E-1 9.24342E-1 8.03336E-1 7.05375E-1 5.8417E-1 9.26552E-1 8.07437E-1 6.45775E-1 8.13635E-1 7.59403E-1 7.41758E-1 4.22938E-1 7.52973E-1 5.06058E-1 1.99922E-1 1.2562E-1 4.40539E-2 5.67249E-2 7.97166E-2 8.96851E-2
-9999 -9999 -9999 -9999 -9999 -9999 -9999 -9999 -9999 -9999 -9999 -9999 -9999 -9999 -9999 -9999 -9999 -9999 -9999 -9999 -9999 -9999 -9999 -9999 -9999 -9999 -9999 -9999 -9999 -9999 -9999 -9999 -9999 -9999 -9999 -9999 9.48761E-1 9.82531E-1 9.73004E-1 9.29714E-1 9.88071E-1 8.14587E-1 8.63828E-1 8.55171E-1 8.29657E-1 9.02509E-1 9.41316E-1 9.88853E-1 9.83834E-1 9.51613E-1 9.07364E-1 9.41574E-1 8.71149E-1 9.0875E-1 9.75805E-1 9.15778E-1 9.37738E-1 6.43358E-1 8.17082E-1 3.2093E-1 7.02411E-1 8.69925E-1 9.44411E-1 6.43834E-1 2.58343E-1 1.5252E-1 1.486E-1 1.64473E-1 3.93178E-2 1.10396E-1 1.45625E-1
-9999 -9999 -9999 -9999 -9999 -9999 -9999 -9999 -9999 -9999 -9999 -9999 -9999 -9999 -9999 -9999 -9999 -9999 -9999 -9999 -9999 -9999 -9999 -9999 -9999 -9999 -9999 -9999 -9999 -9999 -9999 -9999 -9999 -9999 -9999 5.68873E-1 8.60733E-1 9.52677E-1 9.70847E-1 7.85677E-1 8.85237E-1 8.58443E-1 8.7692E-1 8.96855E-1 8.25939E-1 8.4547E-1 9.84411E-1 9.73946E-1 9.68662E-1 9.50044E-1 9.88624E-1 9.22085E-1 9.05784E-1 7.09819E-1 9.7725E-1 8.73795E-1 6.81162E-1 7.52721E-1 7.14684E-1 5.06424E-1 8.04629E-1 8.79908E-1 9.22159E-1 4.69158E-1 1.6596E-1 2.80634E-1 1.59364E-1 3.97583E-2 3.69438E-2 5.92215E-2 1.39995E-1
-9999 -9999 -9999 -9999 -9999 -9999 -9999 -9999 -9999 -9999 -9999 -9999 -9999 -9999 -9999 -9999 -9999 -9999 -9999 -9999 -9999 -9999 -9999 -9999 -9999 -9999 -9999 -9999 -9999 -9999 9.99019E-1 -9999 -9999 8.38102E-1 9.71423E-1 8.96556E-1 7.5806E-1 8.23145E-1 7.66366E-1 9.39948E-1 6.63355E-1 8.24077E-1 9.28469E-1 9.32286E-1 8.89374E-1 8.88064E-1 9.93289E-1 9.8208E-1 9.55508E-1 9.6053E-1 9.72577E-1 9.47438E-1 9.23118E-1 9.16211E-1 7.14263E-1 5.24513E-1 5.24892E-1 5.80067E-1 5.60311E-1 5.14249E-1 9.91804E-1 8.30963E-1 7.40838E-1 2.96453E-1 1.41071E-1 5.48129E-2 5.15306E-2 5.50802E-2 7.17226E-2 2.71609E-2 4.03522E-2
-9999 -9999 -9999 -9999 -9999 -9999 -9999 -9999 -9999 -9999 -9999 -9999 -9999 -9999 -9999 -9999 -9999 -9999 -9999 -9999 -9999 -9999 -9999 -9999 -9999 -9999 -9999 -9999 -9999 -9999 9.86102E-1 9.87033E-1 8.67089E-1 9.22629E-1 9.66342E-1 6.76692E-1 7.25374E-1 7.56123E-1 8.30196E-1 8.15891E-1 8.87186E-1 9.64509E-1 9.84272E-1 9.59037E-1 8.77041E-1 9.31019E-1 9.93482E-1 9.82991E-1 9.31821E-1 8.16576E-1 8.5624E-1 7.77982E-1 6.2034E-1 7.85736E-1 7.79757E-1 3.75278E-1 4.91746E-1 6.12458E-1 3.81719E-1 6.88225E-1 6.82798E-1 2.82775E-1 1.1376E-1 2.1316E-2 6.72473E-2 2.53066E-1 4.2343E-2 2.54792E-2 7.96722E-2 1.55975E-1 7.95549E-2
-9999 -9999 -9999 -9999 -9999 -9999 -9999 -9999 -9999 -9999 -9999 -9999 -9999 -9999 -9999 -9999 -9999 -9999 -9999 -9999 -9999 -9999 -9999 -9999 -9999 -9999 -9999 -9999 -9999 -9999 -9999 9.96382E-1 8.19121E-1 9.49887E-1 -9999 -9999 -9999 6.53E-1 9.07916E-1 6.41354E-1 4.7739E-1 4.50366E-1 9.81056E-1 7.05331E-1 8.53517E-1 6.34889E-1 7.9339E-1 7.22397E-1 9.15122E-1 6.81966E-1 7.42347E-1 3.03021E-1 6.90594E-1 6.04536E-1 8.97392E-1 8.9443E-1 8.7429E-1 3.87203E-1 5.00671E-1 6.89715E-1 5.42062E-1 2.40291E-1 1.46933E-1 1.76886E-1 2.05359E-1 1.89782E-1 2.49337E-2 5.25092E-2 2.56093E-1 1.26339E-1 3.84132E-3
-9999 -9999 -9999 -9999 -9999 -9999 -9999 -9999 -9999 -9999 -9999 -9999 -9999 -9999 -9999 -9999 -9999 -9999 -9999 -9999 -9999 -9999 -9999 -9999 -9999 -9999 -9999 -9999 -9999 -9999 -9999 -9999 9.85701E-1 -9999 -9999 -9999 2.87154E-1 3.68477E-1 4.85255E-1 5.2803E-1 7.98392E-1 8.18304E-1 8.55173E-1 8.80922E-1 9.00579E-1 5.74943E-1 5.04656E-1 5.69111E-1 4.48854E-1 9.09411E-1 8.47711E-1 6.18923E-1 7.4235E-1 6.73749E-1 7.35473E-1 9.73511E-1 9.08809E-1 9.90133E-1 9.06226E-1 7.75124E-1 2.64764E-1 2.07924E-1 7.85206E-2 3.25404E-2 3.78981E-2 2.14515E-1 8.38671E-2 4.04173E-2 8.43839E-2 1.5129E-1 4.46712E-2
-9999 -9999 -9999 -9999 -9999 -9999 -9999 -9999 -9999 -9999 -9999 -9999 -9999 -9999 -9999 -9999 -9999 -9999 -9999 -9999 -9999 -9999 -9999 -9999 -9999 -9999 -9999 -9999 -9999 -9999 -9999 -9999 -9999 -9999 -9999 4.95886E-1 5.76921E-1 2.71608E-1 4.37489E-1 6.88574E-1 7.90337E-1 9.84117E-1 9.46797E-1 9.38676E-1 8.50689E-1 9.32576E-1 8.41962E-1 8.23967E-1 7.53829E-1 8.91813E-1 8.49446E-1 5.91149E-1 7.89447E-1 9.21584E-1 6.45224E-1 9.97721E-1 9.5912E-1 9.94218E-1 7.52521E-1 6.26239E-1 3.08114E-1 5.81131E-2 3.83078E-2 4.07843E-2 5.34864E-2 7.41285E-2 1.12874E-1 1.43555E-1 5.87652E-2 1.19253E-1 6.04158E-2
-9999 -9999 -9999 -9999 -9999 -9999 -9999 -9999 -9999 -9999 -9999 -9999 -9999 -9999 -9999 -9999 -9999 -9999 -9999 -9999 -9999 -9999 -9999 -9999 -9999 -9999 -9999 -9999 -9999 -9999 -9999 -9999 -9999 -9999 -9999 -9999 -9999 5.11158E-1 6.79211E-1 9.15674E-1 8.54134E-1 9.68807E-1 9.90044E-1 9.99959E-1 9.96439E-1 8.3681E-1 7.99668E-1 8.51954E-1 6.51739E-1 8.63572E-1 9.16429E-1 2.73563E-1 7.21691E-1 9.18487E-1 8.09267E-1 9.93869E-1 9.9458E-1 8.28526E-1 7.03374E-1 6.82249E-1 5.55071E-1 1.78482E-1 7.30945E-2 4.44288E-2 1.06828E-1 6.21448E-2 9.83453E-2 7.22198E-2 5.57313E-3 5.49539E-3 7.37182E-3
-9999 -9999 -9999 -9999 -9999 -9999 -9999 -9999 -9999 -9999 -9999 -9999 -9999 -9999 -9999 -9999 -9999 -9999 -9999 -9999 -9999 -9999 -9999 -9999 -9999 -9999 -9999 -9999 -9999 -9999 -9999 -9999 -9999 -9999 -9999 -9999 5.33095E-1 4.01553E-1 5.02022E-1 8.86796E-1 8.89062E-1 9.36013E-1 9.61656E-1 9.7853E-1 9.54261E-1 8.73662E-1 9.67355E-1 8.49091E-1 6.73306E-1 6.17304E-1 5.26849E-1 6.32335E-1 8.21572E-1 9.63638E-1 6.13814E-1 8.89848E-1 7.71741E-1 5.99187E-1 5.68046E-1 6.37999E-1 5.95803E-1 3.27545E-1 2.12601E-1 1.16891E-1 6.85815E-2 6.8924E-2 1.05415E-1 1.42135E-1 2.27433E-2 4.77567E-3 3.43834E-3
-9999 -9999 -9999 -9999 -9999 -9999 -9999 -9999 -9999 -9999 -9999 -9999 -9999 -9999 -9999 -9999 -9999 -9999 -9999 -9999 -9999 -9999 -9999 -9999 -9999 -9999 -9999 -9999 -9999 -9999 -9999 -9999 -9999 -9999 -9999 9.43292E-1 5.42183E-1 7.13695E-1 5.81526E-1 7.07271E-1 9.58645E-1 7.33509E-1 7.40109E-1 6.42732E-1 7.80389E-1 8.7602E-1 7.39174E-1 4.10998E-1 3.96801E-1 7.25239E-1 7.48876E-1 9.6742E-1 9.84823E-1 8.75749E-1 8.70547E-1 8.47207E-1 5.23295E-1 7.34896E-1 7.78222E-1 7.30503E-1 4.58078E-1 3.48018E-1 3.02528E-1 5.05415E-1 5.15666E-1 4.50044E-1 3.63258E-1 1.94854E-1 3.27442E-3 1.28778E-3 3.89254E-3
-9999 -9999 -9999 -9999 -9999 -9999 -9999 -9999 -9999 -9999 -9999 -9999 -9999 -9999 -9999 -9999 -9999 -9999 -9999 -9999 -9999 -9999 -9999 -9999 -9999 -9999 -9999 -9999 -9999 -9999 8.7094E-1 5.43466E-1 6.56405E-1 7.10911E-1 8.78347E-1 9.35893E-1 8.97725E-1 9.50833E-1 8.52475E-1 9.09413E-1 8.66094E-1 9.45232E-1 7.14686E-1 3.45508E-1 5.57878E-1 6.19746E-1 9.31975E-1 6.42569E-1 6.62684E-1 7.55471E-1 8.40074E-1 9.31405E-1 8.97578E-1 9.96246E-1 8.22579E-1 6.17178E-1 6.57769E-1 4.34519E-1 4.17528E-1 6.96376E-1 7.62854E-1 7.15019E-1 4.76636E-1 7.61038E-1 5.90544E-1 6.01976E-1 5.64534E-1 4.08118E-1 2.73252E-1 6.28791E-2 2.3012E-1
-9999 -9999 -9999 -9999 -9999 -9999 -9999 -9999 -9999 -9999 -9999 -9999 -9999 -9999 -9999 -9999 -9999 -9999 -9999 -9999 -9999 -9999 -9999 -9999 -9999 -9999 -9999 -9999 -9999 -9999 8.58772E-1 9.16426E-1 6.86645E-1 4.09154E-1 7.56856E-1 9.31982E-1 9.99705E-1 9.61128E-1 9.51028E-1 9.64726E-1 8.95553E-1 7.29109E-1 5.12751E-1 8.26422E-1 7.75463E-1 9.54077E-1 8.96714E-1 4.52649E-1 3.58735E-1 9.48343E-1 9.78487E-1 8.79877E-1 9.81597E-1 8.97544E-1 7.56561E-1 6.48311E-1 5.57109E-1 3.26571E-1 4.41199E-1 1.35907E-1 5.56826E-1 4.87539E-1 4.55265E-1 5.87847E-1 5.23977E-1 6.93314E-1 4.73962E-1 5.63727E-1 4.10777E-1 2.00367E-1 1.61839E-1
-9999 -9999 -9999 -9999 -9999 -9999 -9999 -9999 -9999 -9999 -9999 -9999 -9999 -9999 -9999 -9999 -9999 -9999 -9999 -9999 -9999 -9999 -9999 -9999 -9999 -9999 -9999 -9999 -9999 -9999 5.12807E-1 6.49043E-1 6.35326E-1 7.48013E-1 9.37439E-1 9.93461E-1 9.95774E-1 9.83819E-1 8.98121E-1 9.63858E-1 9.29719E-1 9.9163E-1 8.42816E-1 9.92181E-1 9.33657E-1 8.33117E-1 9.32207E-1 6.39252E-1 4.49189E-1 6.85986E-1 8.83158E-1 8.49915E-1 7.35615E-1 6.64038E-1 6.82942E-1 9.62109E-1 9.5527E-1 3.27818E-1 1.7216E-1 1.25724E-1 2.34222E-1 7.85767E-1 5.65174E-1 6.16066E-1 4.79674E-1 5.83221E-1 4.02348E-1 3.61369E-1 3.08795E-1 3.18405E-1 3.28094E-1
-9999 -9999 -9999 -9999 -9999 -9999 -9999 -9999 -9999 -9999 -9999 -9999 -9999 -9999 -9999 -9999 -9999 -9999 -9999 -9999 -9999 -9999 -9999 -9999 -9999 -9999 -9999 -9999 -9999 -9999 5.37637E-1 5.26523E-1 5.82913E-1 -9999 -9999 -9999 9.99997E-1 8.78267E-1 8.97229E-1 9.84402E-1 9.49387E-1 9.51408E-1 8.78529E-1 5.67008E-1 4.74983E-1 8.73145E-1 7.98305E-1 2.43672E-1 3.8064E-1 3.76373E-1 4.45641E-1 6.59213E-1 6.13564E-1 4.00798E-1 2.96202E-1 6.07722E-1 4.4181E-1 6.76834E-1 2.43838E-1 5.86842E-2 3.02714E-1 3.43251E-1 4.30813E-1 5.10907E-1 5.78293E-1 6.89143E-1 5.15527E-1 3.31194E-1 3.0272E-1 1.82164E-1 1.41828E-1
-9999 -9999 -9999 -9999 -9999 -9999 -9999 -9999 -9999 -9999 -9999 -9999 -9999 -9999 -9999 -9999 -9999 -9999 -9999 -9999 -9999 -9999 -9999 -9999 -9999 -9999 -9999 -9999 -9999 -9999 7.88976E-1 7.59299E-1 -9999 8.37555E-1 9.79641E-1 9.98915E-1 9.99434E-1 9.98992E-1 7.85645E-1 8.71241E-1 9.72741E-1 8.73707E-1 8.28844E-1 9.92435E-1 9.7949E-1 6.84165E-1 3.24329E-1 4.20852E-1 6.43215E-1 4.82767E-1 3.72062E-1 5.01372E-1 5.367E-1 5.53565E-1 2.06779E-1 4.15576E-1 6.43789E-1 3.53515E-1 2.84639E-1 2.57918E-1 2.97952E-1 6.89194E-1 6.98636E-1 6.58974E-1 4.9246E-1 3.88632E-1 5.0619E-1 4.34578E-1 2.95247E-1 2.90147E-1 2.10953E-1
-9999 -9999 -9999 -9999 -9999 -9999 -9999 -9999 -9999 -9999 -9999 -9999 -9999 -9999 -9999 -9999 -9999 -9999 -9999 -9999 -9999 -9999 -9999 -9999 -9999 -9999 -9999 9.83219E-1 9.78763E-1 9.60214E-1 -9999 -9999 -9999 9.62457E-1 8.56145E-1 9.77813E-1 9.87066E-1 9.61441E-1 9.57301E-1 9.12656E-1 9.08409E-1 9.57238E-1 9.49785E-1 7.92299E-1 9.534E-1 8.84585E-1 6.02192E-1 4.47454E-1 7.90053E-1 8.63866E-1 5.69137E-1 5.2087E-1 4.46549E-1 3.05735E-1 1.24165E-1 5.92928E-1 6.83431E-1 6.66082E-1 7.7619E-1 5.57602E-1 4.59624E-1 4.95551E-1 2.11549E-1 3.77467E-1 4.29825E-1 3.30909E-1 3.34942E-1 3.07336E-1 2.56923E-1 3.10468E-1 2.33338E-1
-9999 -9999 -9999 -9999 -9999 -9999 -9999 -9999 -9999 -9999 -9999 -9999 -9999 -9999 -9999 -9999 -9999 -9999 -9999 -9999 -9999 -9999 -9999 -9999 -9999 -9999 -9999 -9999 9.6622E-1 8.65573E-1 8.66773E-1 9.99321E-1 9.99844E-1 9.99019E-1 9.96403E-1 9.91423E-1 9.92533E-1 9.96365E-1 9.77056E-1 9.8511E-1 9.99877E-1 7.19778E-1 9.03063E-1 9.60076E-1 9.68958E-1 3.21117E-1 3.00079E-1 7.17865E-1 7.57655E-1 6.82371E-1 3.87565E-1 4.22269E-1 5.95793E-1 6.26632E-1 3.61424E-1 5.95264E-1 8.52789E-1 5.79427E-1 5.06042E-1 5.63663E-1 6.72419E-1 5.35494E-1 5.9505E-1 4.12445E-1 2.40459E-1 3.79265E-1 3.7846E-1 3.68654E-1 3.27437E-1 2.07617E-1 1.93636E-1
-9999 -9999 -9999 -9999 -9999 -9999 -9999 -9999 -9999 -9999 -9999 -9999 -9999 -9999 -9999 -9999 -9999 -9999 -9999 -9999 -9999 -9999 -9999 -9999 -9999 -9999 -9999 9.9512E-1 -9999 8.21677E-1 9.99801E-1 9.93335E-1 9.89549E-1 9.98915E-1 9.996E-1 9.99824E-1 9.82122E-1 9.87822E-1 9.92081E-1 9.49076E-1 9.48605E-1 9.99877E-1 7.44033E-1 9.85848E-1 9.90202E-1 9.31868E-1 9.56966E-1 7.79674E-1 4.29162E-1 6.62915E-1 4.51097E-1 4.31768E-1 8.16954E-1 9.25299E-1 4.51994E-1 4.84613E-1 7.90821E-1 6.39842E-1 4.29118E-1 4.45101E-1 5.45314E-1 6.05148E-1 3.39873E-1 2.07106E-1 2.18452E-1 3.98938E-1 1.55827E-1 1.7374E-1 3.78131E-1 2.8181E-1 2.08001E-1
-9999 -9999 -9999 -9999 -9999 -9999 -9999 -9999 -9999 -9999 -9999 -9999 -9999 -9999 -9999 -9999 -9999 -9999 -9999 -9999 -9999 -9999 -9999 -9999 -9999 -9999 -9999 5.18761E-1 7.24107E-1 9.20279E-1 9.56966E-1 9.49779E-1 9.40949E-1 9.88672E-1 9.87914E-1 9.81192E-1 9.90838E-1 9.71061E-1 9.6137E-1 9.98213E-1 9.77514E-1 8.37068E-1 8.78151E-1 9.60843E-1 9.40781E-1 8.33265E-1 9.74646E-1 6.68351E-1 8.4047E-1 7.94203E-1 3.3758E-1 2.44902E-1 6.86637E-1 7.69633E-1 5.50768E-1 4.12448E-1 5.8032E-1 8.84112E-1 6.51514E-1 6.48422E-1 4.9902E-1 7.57283E-1 3.50942E-1 3.96069E-1 3.40476E-1 3.83906E-2 3.7221E-2 3.2997E-2 3.48841E-2 1.67697E-2 1.64447E-2
-9999 -9999 -9999 -9999 -9999 -9999 -9999 -9999 -9999 -9999 -9999 -9999 -9999 -9999 -9999 -9999 -9999 -9999 -9999 -9999 -9999 -9999 -9999 -9999 -9999 -9999 -9999 8.54768E-1 8.60739E-1 9.99876E-1 9.99961E-1 9.96563E-1 9.98016E-1 9.7669E-1 9.8565E-1 9.73455E-1 9.9174E-1 9.91855E-1 9.91496E-1 9.99778E-1 9.97772E-1 9.75368E-1 9.80298E-1 9.43785E-1 9.75054E-1 9.89575E-1 9.91396E-1 9.36202E-1 7.24691E-1 6.37796E-1 5.66356E-1 5.45627E-1 5.685E-1 7.47124E-1 6.71267E-1 5.56079E-1 1.00356E-1 8.4721E-2 7.94507E-1 8.48799E-1 9.48998E-1 7.55088E-1 4.54834E-1 3.9644E-1 8.38522E-3 3.91948E-3 6.17432E-3 9.36857E-3 1.60682E-3 1.86801E-3 2.30234E-3
