ENM/Final_Models/M_0.8_F_q_Set_1_E/Gustavia_santanderiensis_Choco_avg.asc
ncols         367
nrows         963
xllcorner     -78.6
yllcorner     0.65
cellsize      0.00833333333333323
NODATA_value  -9999
[rows 600 to 629 of 963, columns 134 to 200 of 367]
-9999 -9999 -9999 -9999 -9999 -9999 -9999 -9999 -9999 -9999 -9999 -9999 -9999 -9999 -9999 -9999 -9999 -9999 -9999 -9999 -9999 -9999 -9999 -9999 -9999 -9999 -9999 -9999 -9999 -9999 -9999 -9999 -9999 -9999 -9999 -9999 -9999 -9999 4.51733E-1 5.44565E-1 5.25257E-1 5.45161E-1 6.36353E-1 6.45103E-1 6.49348E-1 6.33261E-1 5.86038E-1 6.21032E-1 6.18347E-1 6.66457E-1 6.17756E-1 6.77236E-1 6.40027E-1 5.77154E-1 6.86711E-1 5.21908E-1 3.96038E-1 5.30299E-1 6.1612E-1 6.24048E-1 6.04697E-1 5.59787E-1 5.55919E-1 6.656E-1 7.15999E-1 3.04712E-1 1.97783E-1
-9999 -9999 -9999 -9999 -9999 -9999 -9999 -9999 -9999 -9999 -9999 -9999 -9999 -9999 -9999 -9999 -9999 -9999 -9999 -9999 -9999 -9999 -9999 -9999 -9999 -9999 -9999 -9999 -9999 -9999 -9999 -9999 -9999 -9999 -9999 -9999 -9999 -9999 4.8221E-1 4.63803E-1 4.68665E-1 -9999 -9999 -9999 7.01162E-1 5.88352E-1 5.97256E-1 6.53247E-1 6.27656E-1 6.15312E-1 6.76841E-1 4.52371E-1 3.96975E-1 5.98912E-1 6.27137E-1 2.33585E-1 3.41643E-1 3.37076E-1 4.31661E-1 5.25115E-1 5.61343E-1 4.08774E-1 2.89363E-1 5.07403E-1 3.97648E-1 5.7765E-1 2.76695E-1
-9999 -9999 -9999 -9999 -9999 -9999 -9999 -9999 -9999 -9999 -9999 -9999 -9999 -9999 -9999 -9999 -9999 -9999 -9999 -9999 -9999 -9999 -9999 -9999 -9999 -9999 -9999 -9999 -9999 -9999 -9999 -9999 -9999 -9999 -9999 -9999 -9999 -9999 6.70458E-1 6.33271E-1 -9999 5.97983E-1 6.48441E-1 6.59324E-1 6.77256E-1 6.60733E-1 5.33792E-1 5.73644E-1 6.44528E-1 6.35733E-1 6.41624E-1 6.77446E-1 6.55502E-1 5.48724E-1 3.0153E-1 3.68502E-1 4.9557E-1 4.20006E-1 3.67386E-1 4.34254E-1 5.07462E-1 5.26083E-1 2.15082E-1 3.81725E-1 5.09409E-1 3.18637E-1 2.76274E-1
-9999 -9999 -9999 -9999 -9999 -9999 -9999 -9999 -9999 -9999 -9999 -9999 -9999 -9999 -9999 -9999 -9999 -9999 -9999 -9999 -9999 -9999 -9999 -9999 -9999 -9999 -9999 -9999 -9999 -9999 -9999 -9999 -9999 -9999 -9999 8.84143E-1 8.8056E-1 8.25679E-1 -9999 -9999 -9999 6.89315E-1 5.71366E-1 6.28076E-1 6.36027E-1 6.25658E-1 6.23543E-1 6.05767E-1 6.96461E-1 7.40562E-1 6.3094E-1 5.76096E-1 6.80244E-1 6.34058E-1 4.93236E-1 3.71204E-1 5.74966E-1 7.52022E-1 5.52653E-1 4.93425E-1 4.45418E-1 2.90963E-1 1.38522E-1 4.31992E-1 5.46052E-1 5.113E-1 5.95633E-1
-9999 -9999 -9999 -9999 -9999 -9999 -9999 -9999 -9999 -9999 -9999 -9999 -9999 -9999 -9999 -9999 -9999 -9999 -9999 -9999 -9999 -9999 -9999 -9999 -9999 -9999 -9999 -9999 -9999 -9999 -9999 -9999 -9999 -9999 -9999 -9999 8.48219E-1 7.37778E-1 6.4889E-1 7.49266E-1 7.03672E-1 7.75753E-1 6.67401E-1 6.56814E-1 6.43396E-1 7.55755E-1 7.1771E-1 6.53906E-1 8.22931E-1 5.70232E-1 6.47191E-1 7.26804E-1 7.00797E-1 2.99735E-1 2.67354E-1 5.4478E-1 5.85787E-1 5.31659E-1 3.86732E-1 4.13683E-1 4.97263E-1 4.94709E-1 3.24767E-1 4.32662E-1 5.74576E-1 3.87962E-1 3.57122E-1
-9999 -9999 -9999 -9999 -9999 -9999 -9999 -9999 -9999 -9999 -9999 -9999 -9999 -9999 -9999 -9999 -9999 -9999 -9999 -9999 -9999 -9999 -9999 -9999 -9999 -9999 -9999 -9999 -9999 -9999 -9999 -9999 -9999 -9999 -9999 8.87168E-1 -9999 6.98899E-1 6.83364E-1 6.36153E-1 6.35571E-1 6.76242E-1 6.88543E-1 6.90304E-1 6.47258E-1 7.21875E-1 7.3417E-1 6.83891E-1 6.2307E-1 8.31383E-1 5.53539E-1 7.68206E-1 7.81652E-1 7.25011E-1 7.58363E-1 5.96426E-1 4.50276E-1 5.26299E-1 4.35781E-1 4.18091E-1 6.18112E-1 6.30263E-1 3.26491E-1 3.51099E-1 5.44955E-1 4.40394E-1 2.78394E-1
-9999 -9999 -9999 -9999 -9999 -9999 -9999 -9999 -9999 -9999 -9999 -9999 -9999 -9999 -9999 -9999 -9999 -9999 -9999 -9999 -9999 -9999 -9999 -9999 -9999 -9999 -9999 -9999 -9999 -9999 -9999 -9999 -9999 -9999 -9999 4.59087E-1 6.23775E-1 6.60073E-1 6.17868E-1 6.04016E-1 6.0069E-1 6.30965E-1 6.39933E-1 6.27845E-1 6.50751E-1 6.94904E-1 6.88587E-1 6.81919E-1 7.17057E-1 6.05926E-1 6.33758E-1 7.03068E-1 6.88815E-1 6.11887E-1 7.82571E-1 5.36842E-1 6.54711E-1 5.59659E-1 3.1249E-1 2.37575E-1 5.25525E-1 5.20766E-1 3.84308E-1 2.77994E-1 3.82053E-1 5.79755E-1 4.31442E-1
-9999 -9999 -9999 -9999 -9999 -9999 -9999 -9999 -9999 -9999 -9999 -9999 -9999 -9999 -9999 -9999 -9999 -9999 -9999 -9999 -9999 -9999 -9999 -9999 -9999 -9999 -9999 -9999 -9999 -9999 -9999 -9999 -9999 -9999 -9999 7.20162E-1 7.08537E-1 7.67269E-1 6.92875E-1 6.53611E-1 6.59056E-1 6.2097E-1 6.35996E-1 6.28687E-1 6.47981E-1 6.36341E-1 6.35304E-1 6.95488E-1 6.53012E-1 6.46878E-1 6.69138E-1 6.86257E-1 7.18824E-1 8.08687E-1 7.71908E-1 7.2546E-1 5.41575E-1 4.96438E-1 4.49999E-1 4.31859E-1 4.34392E-1 5.06556E-1 4.53594E-1 3.57599E-1 7.3539E-2 7.91278E-2 5.25641E-1
-9999 -9999 -9999 -9999 -9999 -9999 -9999 -9999 -9999 -9999 -9999 -9999 -9999 -9999 -9999 -9999 -9999 -9999 -9999 -9999 -9999 -9999 -9999 -9999 -9999 -9999 -9999 -9999 -9999 -9999 -9999 -9999 -9999 9.34977E-1 -9999 6.9163E-1 7.35824E-1 6.85713E-1 6.81164E-1 6.22069E-1 6.28775E-1 6.15385E-1 5.86108E-1 6.31892E-1 6.45903E-1 6.26415E-1 6.45702E-1 6.93156E-1 6.87457E-1 6.59918E-1 6.88709E-1 7.09549E-1 6.26443E-1 8.10067E-1 6.74438E-1 4.2162E-1 5.14213E-1 4.40727E-1 3.45876E-1 2.56304E-1 4.945E-1 3.84075E-1 3.96943E-1 2.64383E-1 2.20746E-1 2.48332E-1 4.94835E-1
-9999 -9999 -9999 -9999 -9999 -9999 -9999 -9999 -9999 -9999 -9999 -9999 -9999 -9999 -9999 -9999 -9999 -9999 -9999 -9999 -9999 -9999 -9999 -9999 -9999 -9999 -9999 -9999 -9999 -9999 -9999 -9999 1.45309E-1 2.46536E-1 6.22827E-1 7.76883E-1 7.475E-1 7.17975E-1 6.44887E-1 6.31269E-1 6.30063E-1 5.841E-1 6.32908E-1 6.3037E-1 6.26048E-1 6.52178E-1 6.5218E-1 6.11496E-1 6.76049E-1 5.60707E-1 6.36264E-1 7.28331E-1 6.65094E-1 7.29412E-1 6.0883E-1 5.80589E-1 4.69055E-1 5.07453E-1 6.45013E-1 5.82381E-1 3.88716E-1 2.98247E-1 3.86316E-1 4.70845E-1 2.48828E-1 2.11191E-1 2.06243E-1
-9999 -9999 -9999 -9999 -9999 -9999 -9999 -9999 -9999 -9999 -9999 -9999 -9999 -9999 -9999 -9999 -9999 -9999 -9999 -9999 -9999 -9999 -9999 -9999 -9999 -9999 -9999 -9999 -9999 -9999 -9999 6.85883E-1 3.84931E-1 4.06438E-1 6.01249E-1 6.82761E-1 7.10042E-1 6.30753E-1 6.14896E-1 6.44492E-1 6.49419E-1 6.31296E-1 6.31121E-1 6.37476E-1 6.06726E-1 5.82432E-1 5.45706E-1 6.51232E-1 5.1931E-1 6.38266E-1 6.29505E-1 7.21529E-1 7.12341E-1 5.80793E-1 4.71523E-1 4.23092E-1 4.24728E-1 4.45416E-1 6.32656E-1 6.45639E-1 4.16547E-1 3.92718E-1 4.25559E-1 3.16743E-1 2.03002E-1 9.66843E-2 5.81507E-2
-9999 -9999 -9999 -9999 -9999 -9999 -9999 -9999 -9999 -9999 -9999 -9999 -9999 -9999 -9999 -9999 -9999 -9999 -9999 -9999 -9999 -9999 -9999 -9999 -9999 -9999 -9999 -9999 -9999 -9999 -9999 7.47528E-1 6.72112E-1 7.15312E-1 7.34232E-1 6.47457E-1 6.46085E-1 6.21516E-1 6.28984E-1 6.2771E-1 6.31768E-1 6.28085E-1 6.10922E-1 5.97306E-1 5.6913E-1 5.9219E-1 6.89038E-1 6.62349E-1 7.9524E-1 5.56585E-1 7.46351E-1 5.56013E-1 7.06415E-1 6.60551E-1 7.56963E-1 5.29247E-1 6.73128E-1 4.56962E-1 5.41506E-1 4.24271E-1 5.71167E-1 5.54156E-1 4.52617E-1 2.16756E-1 1.61065E-1 2.04442E-1 7.31712E-2
-9999 -9999 -9999 -9999 -9999 -9999 -9999 -9999 -9999 -9999 -9999 -9999 -9999 -9999 -9999 -9999 -9999 -9999 -9999 -9999 -9999 -9999 -9999 -9999 -9999 -9999 -9999 -9999 -9999 -9999 -9999 7.62676E-1 6.58593E-1 6.92392E-1 6.28886E-1 6.23865E-1 6.73765E-1 6.43918E-1 6.15731E-1 6.34253E-1 6.38343E-1 6.2973E-1 6.31352E-1 6.26502E-1 6.4434E-1 6.49558E-1 6.57562E-1 6.76092E-1 7.42796E-1 5.07862E-1 3.5195E-1 5.57046E-1 4.97062E-1 6.69661E-1 7.12148E-1 6.4726E-1 5.43648E-1 4.98741E-1 5.30669E-1 5.56783E-1 5.57229E-1 5.23419E-1 4.68763E-1 1.47145E-1 3.04917E-1 1.26697E-1 1.28782E-1
-9999 -9999 -9999 -9999 -9999 -9999 -9999 -9999 -9999 -9999 -9999 -9999 -9999 -9999 -9999 -9999 -9999 -9999 -9999 -9999 -9999 -9999 -9999 -9999 -9999 -9999 -9999 -9999 -9999 -9999 -9999 6.32955E-1 6.19415E-1 6.37901E-1 6.56049E-1 6.38806E-1 6.14928E-1 6.09854E-1 6.34831E-1 6.32112E-1 5.86302E-1 6.27078E-1 6.01942E-1 5.94363E-1 5.97993E-1 6.00233E-1 7.19757E-1 6.06919E-1 6.42492E-1 4.22818E-1 4.9955E-1 2.5063E-1 8.34629E-1 7.11957E-1 6.25576E-1 6.32552E-1 6.16002E-1 4.53726E-1 5.17114E-1 4.88603E-1 4.87738E-1 4.17698E-1 4.63889E-1 2.5987E-1 2.51407E-1 1.67034E-1 6.55723E-2
-9999 -9999 -9999 -9999 -9999 -9999 -9999 -9999 -9999 -9999 -9999 -9999 -9999 -9999 -9999 -9999 -9999 -9999 -9999 -9999 -9999 -9999 -9999 -9999 -9999 -9999 -9999 -9999 -9999 -9999 -9999 -9999 6.10503E-1 6.17274E-1 6.14781E-1 6.38468E-1 6.32141E-1 6.5334E-1 6.4686E-1 6.44703E-1 6.41473E-1 6.32562E-1 6.19492E-1 6.61773E-1 4.94058E-1 5.9386E-1 5.39993E-1 6.32691E-1 5.51994E-1 4.82728E-1 3.79169E-1 5.40717E-1 4.13301E-1 5.51365E-1 7.3776E-1 7.87512E-1 5.48727E-1 5.30687E-1 3.26861E-1 4.42785E-1 3.72775E-1 3.8221E-1 5.70676E-1 5.34185E-1 3.89625E-1 2.11868E-1 2.46084E-1
-9999 -9999 -9999 -9999 -9999 -9999 -9999 -9999 -9999 -9999 -9999 -9999 -9999 -9999 -9999 -9999 -9999 -9999 -9999 -9999 -9999 -9999 -9999 -9999 -9999 -9999 -9999 -9999 -9999 -9999 -9999 -9999 -9999 -9999 6.22753E-1 6.14358E-1 6.01664E-1 5.90657E-1 6.26926E-1 6.18649E-1 6.31803E-1 6.34494E-1 6.46288E-1 6.17008E-1 5.91995E-1 4.82482E-1 5.075E-1 4.75846E-1 3.24704E-1 4.50189E-1 4.87317E-1 4.97541E-1 7.87634E-1 6.26117E-1 7.05983E-1 6.34252E-1 5.49275E-1 5.49982E-1 5.30347E-1 5.16739E-1 5.32979E-1 3.75133E-1 4.80694E-1 5.01398E-1 3.70723E-1 4.67707E-1 3.31544E-1
-9999 -9999 -9999 -9999 -9999 -9999 -9999 -9999 -9999 -9999 -9999 -9999 -9999 -9999 -9999 -9999 -9999 -9999 -9999 -9999 -9999 -9999 -9999 -9999 -9999 -9999 -9999 -9999 -9999 -9999 -9999 -9999 -9999 -9999 6.2978E-1 6.2234E-1 6.13446E-1 6.24918E-1 6.05393E-1 5.99467E-1 6.48746E-1 6.64342E-1 7.11261E-1 7.33643E-1 5.66819E-1 6.22094E-1 4.47359E-1 4.19819E-1 3.13697E-1 2.58574E-1 3.39255E-1 5.62094E-1 5.46241E-1 4.64138E-1 4.55256E-1 4.58492E-1 4.84398E-1 5.24895E-1 5.58918E-1 6.07422E-1 4.51371E-1 2.77812E-1 5.31876E-1 5.25604E-1 4.67332E-1 3.1175E-1 2.57871E-1
-9999 -9999 -9999 -9999 -9999 -9999 -9999 -9999 -9999 -9999 -9999 -9999 -9999 -9999 -9999 -9999 -9999 -9999 -9999 -9999 -9999 -9999 -9999 -9999 -9999 -9999 -9999 -9999 -9999 -9999 -9999 -9999 -9999 -9999 6.05582E-1 6.31326E-1 6.33613E-1 6.42652E-1 6.02461E-1 5.6457E-1 5.82112E-1 5.76122E-1 6.28603E-1 6.01329E-1 6.02752E-1 6.43815E-1 6.4246E-1 4.58635E-1 2.88129E-1 5.71684E-1 6.01487E-1 5.31659E-1 5.73441E-1 4.80916E-1 4.60109E-1 4.61402E-1 3.08461E-1 3.81988E-1 5.7687E-1 2.22372E-1 1.14306E-1 4.01569E-2 4.32787E-1 4.79087E-1 5.27427E-1 4.46797E-1 3.59891E-1
-9999 -9999 -9999 -9999 -9999 -9999 -9999 -9999 -9999 -9999 -9999 -9999 -9999 -9999 -9999 -9999 -9999 -9999 -9999 -9999 -9999 -9999 -9999 -9999 -9999 -9999 -9999 -9999 -9999 -9999 -9999 -9999 -9999 -9999 6.01554E-1 6.06816E-1 5.86022E-1 6.22417E-1 6.09347E-1 5.53271E-1 5.80702E-1 4.90584E-1 6.09472E-1 4.46576E-1 4.81784E-1 5.65089E-1 5.84415E-1 5.8457E-1 3.86399E-1 4.07361E-1 6.26849E-1 5.07405E-1 5.7228E-1 5.21673E-1 4.91871E-1 3.09027E-1 1.96324E-1 3.32288E-1 5.7539E-1 2.4536E-2 1.23683E-2 9.7923E-2 5.29184E-1 4.07757E-1 4.45799E-1 5.42833E-1 4.20169E-1
-9999 -9999 -9999 -9999 -9999 -9999 -9999 -9999 -9999 -9999 -9999 -9999 -9999 -9999 -9999 -9999 -9999 -9999 -9999 -9999 -9999 -9999 -9999 -9999 -9999 -9999 -9999 -9999 -9999 -9999 -9999 -9999 -9999 -9999 6.20235E-1 6.25089E-1 5.81256E-1 6.04976E-1 6.32479E-1 5.85025E-1 4.35524E-1 4.43558E-1 5.31252E-1 3.88574E-1 5.58495E-1 4.5287E-1 2.62364E-1 1.7291E-1 3.12784E-1 4.86907E-1 4.99963E-1 6.26417E-1 5.8716E-1 5.70776E-1 3.87661E-1 1.17032E-1 1.69112E-1 5.94221E-1 5.54107E-1 2.52798E-1 1.11091E-1 2.71566E-1 5.26389E-1 1.60018E-1 1.15041E-1 2.52769E-1 1.51166E-1
-9999 -9999 -9999 -9999 -9999 -9999 -9999 -9999 -9999 -9999 -9999 -9999 -9999 -9999 -9999 -9999 -9999 -9999 -9999 -9999 -9999 -9999 -9999 -9999 -9999 -9999 -9999 -9999 -9999 -9999 -9999 -9999 -9999 6.45394E-1 6.40088E-1 6.19126E-1 6.60881E-1 6.3874E-1 6.4114E-1 5.46623E-1 5.36721E-1 5.56533E-1 6.35897E-1 5.02733E-1 5.58645E-1 3.90646E-1 4.26018E-1 3.89211E-1 2.0291E-1 5.93907E-1 3.45125E-1 3.67402E-1 5.68236E-1 5.24954E-1 4.43543E-1 2.79039E-1 8.12532E-2 2.63257E-1 2.48483E-1 4.63238E-1 5.82956E-1 1.2741E-1 2.66314E-1 1.36983E-1 1.1341E-1 2.03382E-1 1.25808E-1
-9999 -9999 -9999 -9999 -9999 -9999 -9999 -9999 -9999 -9999 -9999 -9999 -9999 -9999 -9999 -9999 -9999 -9999 -9999 -9999 -9999 -9999 -9999 -9999 -9999 -9999 -9999 -9999 -9999 -9999 -9999 -9999 6.38375E-1 6.34731E-1 6.03059E-1 6.27388E-1 6.19646E-1 6.61733E-1 5.61739E-1 5.74482E-1 5.39026E-1 5.76096E-1 5.1882E-1 4.52807E-1 4.54281E-1 5.29047E-1 4.3914E-1 2.88028E-1 4.76288E-1 5.70893E-1 3.87304E-1 3.56081E-1 5.66907E-1 5.00306E-1 3.7055E-1 2.60394E-1 1.17684E-1 1.17603E-1 7.17669E-2 3.89127E-1 5.73761E-1 2.05973E-1 3.56161E-1 3.1401E-1 1.45024E-1 2.18861E-1 2.29781E-1
-9999 -9999 -9999 -9999 -9999 -9999 -9999 -9999 -9999 -9999 -9999 -9999 -9999 -9999 -9999 -9999 -9999 -9999 -9999 -9999 -9999 -9999 -9999 -9999 -9999 -9999 -9999 -9999 -9999 -9999 -9999 -9999 6.50512E-1 6.58693E-1 6.20732E-1 5.8506E-1 5.57393E-1 4.67375E-1 5.92346E-1 5.74476E-1 5.69108E-1 5.72315E-1 4.14223E-1 3.98766E-1 3.61463E-1 4.08362E-1 2.3647E-1 1.42088E-1 2.15029E-1 4.74522E-1 3.23301E-1 4.89806E-1 5.11833E-1 3.24491E-1 2.24891E-1 3.52716E-1 4.41622E-1 3.19111E-1 2.36366E-1 3.64978E-1 4.76045E-1 5.19493E-1 5.08253E-1 5.14224E-1 3.39614E-1 2.67341E-1 2.3218E-1
-9999 -9999 -9999 -9999 -9999 -9999 -9999 -9999 -9999 -9999 -9999 -9999 -9999 -9999 -9999 -9999 -9999 -9999 -9999 -9999 -9999 -9999 -9999 -9999 -9999 -9999 -9999 -9999 -9999 -9999 -9999 6.2633E-1 6.11315E-1 6.50197E-1 6.43441E-1 6.6499E-1 5.98026E-1 5.67433E-1 4.86526E-1 5.80316E-1 5.8463E-1 5.0818E-1 4.62295E-1 4.59163E-1 5.95687E-1 6.20651E-1 1.48169E-1 6.88577E-2 9.89585E-2 1.51752E-1 5.64515E-1 4.76046E-1 4.286E-1 4.88055E-1 5.47637E-1 5.30945E-1 5.72495E-1 4.4796E-1 3.25339E-1 3.19816E-1 4.02749E-1 4.00213E-1 4.23518E-1 4.37871E-1 4.24479E-1 4.09931E-1 3.96153E-1
-9999 -9999 -9999 -9999 -9999 -9999 -9999 -9999 -9999 -9999 -9999 -9999 -9999 -9999 -9999 -9999 -9999 -9999 -9999 -9999 -9999 -9999 -9999 -9999 -9999 -9999 -9999 -9999 -9999 -9999 6.40772E-1 6.41431E-1 6.21318E-1 6.25219E-1 6.2639E-1 6.43079E-1 6.24972E-1 4.92165E-1 6.55089E-1 6.70796E-1 6.03557E-1 5.93222E-1 6.71253E-1 4.97219E-1 6.05142E-1 5.68009E-1 1.76029E-1 1.4414E-1 8.85678E-2 8.87215E-2 1.72706E-1 3.03883E-1 3.89438E-1 3.99689E-1 5.17629E-1 5.51611E-1 5.71052E-1 4.45745E-1 2.76093E-1 3.49262E-1 5.32812E-1 6.0012E-1 3.88722E-1 3.58061E-1 3.27981E-1 3.22787E-1 2.72533E-1
-9999 -9999 -9999 -9999 -9999 -9999 -9999 -9999 -9999 -9999 -9999 -9999 -9999 -9999 -9999 -9999 -9999 -9999 -9999 -9999 -9999 -9999 -9999 -9999 -9999 -9999 -9999 -9999 -9999 -9999 6.27902E-1 6.21198E-1 6.21675E-1 6.11665E-1 6.63603E-1 6.42069E-1 6.18434E-1 5.85517E-1 7.01472E-1 6.90542E-1 5.81995E-1 3.46585E-1 2.46088E-1 4.01522E-1 4.65666E-1 3.20397E-1 1.40375E-1 1.64138E-1 8.12511E-2 8.51316E-2 9.59377E-2 3.31896E-1 3.05538E-1 3.75583E-1 4.25725E-1 6.0321E-1 5.35705E-1 5.41583E-1 3.93165E-1 4.42257E-1 4.94983E-1 4.79509E-1 2.83741E-1 2.28211E-1 2.15712E-1 2.63423E-1 2.43195E-1
-9999 -9999 -9999 -9999 -9999 -9999 -9999 -9999 -9999 -9999 -9999 -9999 -9999 -9999 -9999 -9999 -9999 -9999 -9999 -9999 -9999 -9999 -9999 -9999 -9999 -9999 -9999 -9999 -9999 6.3015E-1 6.34157E-1 6.28754E-1 6.22995E-1 6.22666E-1 6.20554E-1 6.33554E-1 6.13796E-1 5.8996E-1 5.61815E-1 6.2185E-1 6.35501E-1 4.84415E-1 4.39887E-1 3.6491E-1 2.6026E-1 1.79544E-1 9.53744E-2 1.27067E-1 7.12301E-2 1.54586E-1 7.85168E-2 1.12124E-1 3.49472E-1 4.77315E-1 6.11643E-1 6.0923E-1 3.66349E-1 5.9339E-1 4.038E-1 5.08519E-1 4.95372E-1 3.80398E-1 2.31188E-1 1.71644E-1 1.36583E-1 2.73619E-1 2.0255E-1
-9999 -9999 -9999 -9999 -9999 -9999 -9999 -9999 -9999 -9999 -9999 -9999 -9999 -9999 -9999 -9999 -9999 -9999 -9999 -9999 -9999 -9999 -9999 -9999 -9999 -9999 -9999 -9999 -9999 6.30969E-1 6.58375E-1 6.38563E-1 6.41929E-1 6.23825E-1 5.99738E-1 6.24855E-1 6.31126E-1 6.2442E-1 6.70356E-1 6.5893E-1 6.28829E-1 5.93438E-1 5.98279E-1 4.38556E-1 2.84404E-1 1.32778E-1 7.09465E-2 1.39675E-1 1.00774E-1 5.32488E-2 5.75054E-2 8.31437E-2 6.12214E-1 5.14884E-1 5.7879E-1 5.85725E-1 8.00085E-2 2.85922E-1 2.3347E-1 3.8273E-1 5.37663E-2 4.57193E-1 2.55761E-1 2.22073E-1 1.63564E-1 2.98655E-1 2.92217E-1
-9999 -9999 -9999 -9999 -9999 -9999 -9999 -9999 -9999 -9999 -9999 -9999 -9999 -9999 -9999 -9999 -9999 -9999 -9999 -9999 -9999 -9999 -9999 -9999 -9999 -9999 -9999 -9999 6.26595E-1 6.17979E-1 6.20071E-1 6.38256E-1 6.25029E-1 6.27531E-1 6.0544E-1 6.1927E-1 6.24092E-1 6.11009E-1 6.78085E-1 8.1803E-1 6.59662E-1 4.4831E-1 3.72963E-1 3.22974E-1 2.03858E-1 1.46917E-1 4.92034E-2 1.07551E-1 6.94373E-2 6.46625E-2 1.53229E-1 4.12595E-1 4.32017E-1 6.0669E-1 6.43457E-1 5.47622E-1 2.88836E-1 4.99542E-1 4.79372E-1 4.71524E-1 4.11307E-1 2.40276E-1 3.53983E-1 1.04676E-1 1.03121E-1 1.51561E-1 1.70245E-1
-9999 -9999 -9999 -9999 -9999 -9999 -9999 -9999 -9999 -9999 -9999 -9999 -9999 -9999 -9999 -9999 -9999 -9999 -9999 -9999 -9999 -9999 -9999 -9999 -9999 -9999 -9999 6.34949E-1 6.26006E-1 6.23095E-1 6.28703E-1 5.95217E-1 6.10089E-1 6.45871E-1 6.18464E-1 6.14661E-1 6.23332E-1 6.55992E-1 5.18795E-1 7.01079E-1 6.18183E-1 4.96937E-1 4.34626E-1 2.41857E-1 2.35591E-1 2.13373E-1 6.59043E-2 1.16604E-1 7.94112E-2 3.17982E-1 4.08211E-1 4.11649E-1 4.46494E-1 6.2568E-1 6.04065E-1 5.06842E-1 3.42087E-1 4.22744E-1 4.23123E-1 3.59076E-1 3.11354E-1 3.04383E-1 1.49499E-1 1.87836E-1 4.30529E-2 4.57621E-2 3.46877E-2
