ENM/Final_Models/M_0.8_F_q_Set_1_E/Gustavia_santanderiensis_4_Choco.asc
ncols         367
nrows         963
xllcorner     -78.6
yllcorner     0.65
cellsize      0.00833333333333323
NODATA_value  -9999
[rows 390 to 419 of 963, columns 134 to 200 of 367]
-9999 -9999 -9999 -9999 -9999 -9999 -9999 -9999 -9999 -9999 -9999 -9999 5.97734E-1 1.84126E-1 2.25314E-2 1.97948E-1 8.00278E-2 5.30108E-2 2.84477E-2 3.66771E-2 7.55806E-2 1.9366E-1 3.83513E-2 3.79857E-2 2.21147E-2 1.91182E-2 7.08413E-3 4.94611E-3 6.131E-4 8.89647E-4 2.75007E-3 5.89263E-3 7.23639E-4 3.19959E-3 2.31049E-2 1.62949E-2 3.1926E-2 7.572E-4 2.10894E-5 2.25332E-3 1.73748E-2 3.48754E-2 4.94556E-2 3.67666E-2 1.17974E-2 7.4268E-2 7.06285E-2 3.04438E-1 2.11617E-1 2.10042E-1 1.39466E-1 2.91244E-1 2.18782E-1 1.87307E-2 6.79549E-2 7.79715E-2 1.48127E-1 3.35771E-2 4.35533E-3 3.10627E-2 2.3218E-1 2.05657E-1 2.07842E-4 2.70069E-5 5.52493E-6 1.77024E-6 5.25707E-6
-9999 -9999 -9999 -9999 -9999 -9999 -9999 -9999 -9999 -9999 -9999 -9999 -9999 1.8317E-1 2.32737E-1 6.82267E-2 1.43904E-1 7.35635E-2 6.33504E-2 5.33239E-2 8.77265E-2 6.60432E-2 6.06314E-2 4.337E-2 7.53751E-2 5.34653E-2 1.87764E-2 2.44535E-3 7.49127E-4 6.14788E-4 4.43216E-4 5.87247E-3 1.35888E-3 1.99697E-3 3.73578E-3 4.49141E-2 7.59805E-2 8.96748E-4 1.42501E-5 1.81615E-2 1.4608E-2 1.00568E-1 9.15913E-2 3.32968E-2 7.52066E-3 1.44248E-2 1.21588E-1 2.77831E-1 3.16269E-1 2.91076E-1 1.61422E-1 1.499E-1 8.42093E-2 1.24867E-2 2.23417E-2 3.22928E-2 3.81825E-2 5.83212E-3 3.13033E-2 2.66848E-1 2.66773E-1 2.24353E-1 1.74291E-4 4.82017E-6 2.81118E-6 1.29773E-6 2.66717E-6
-9999 -9999 -9999 -9999 -9999 -9999 -9999 -9999 -9999 -9999 -9999 -9999 -9999 2.32502E-1 7.88026E-2 2.30693E-2 4.69772E-2 4.52029E-2 2.06736E-1 2.51349E-1 2.13521E-1 2.44174E-1 5.11403E-2 5.87975E-2 4.17351E-1 1.73586E-1 4.70417E-2 3.74847E-3 1.05743E-3 2.42106E-3 2.84812E-3 1.46843E-2 2.58483E-2 3.00058E-2 4.8452E-2 6.75235E-2 8.42967E-3 2.88801E-5 2.83067E-3 9.19394E-2 8.85925E-2 3.5846E-2 7.93344E-2 4.16724E-2 2.3016E-3 1.86302E-2 1.73024E-2 1.76514E-2 1.11928E-1 2.37471E-1 2.01889E-1 1.48508E-1 8.53489E-2 2.1042E-2 3.07694E-2 4.01947E-2 5.23534E-3 6.56435E-3 3.99392E-2 5.13902E-2 4.1705E-2 3.75432E-2 1.51443E-5 1.86526E-5 1.53203E-5 1.17129E-5 1.14775E-5
-9999 -9999 -9999 -9999 -9999 -9999 -9999 -9999 -9999 -9999 -9999 -9999 -9999 -9999 -9999 1.41676E-1 1.73967E-1 6.54191E-2 6.46059E-2 3.63338E-1 5.17938E-1 6.24504E-1 2.76763E-1 1.65785E-1 1.94515E-2 2.94802E-2 1.99065E-2 4.82601E-3 3.43077E-3 1.18201E-2 9.63962E-3 1.26732E-2 3.17111E-2 7.93611E-2 4.45641E-2 3.42454E-4 5.20071E-4 3.9087E-3 2.14359E-2 5.96384E-2 6.09933E-2 5.88897E-2 6.13148E-2 7.59932E-3 3.29614E-3 2.16636E-2 2.1394E-2 5.53179E-2 1.89812E-1 1.33941E-1 1.50535E-1 6.92523E-2 7.10562E-2 1.31801E-3 2.05521E-2 3.071E-2 5.69557E-6 5.4527E-3 3.8682E-3 2.17087E-5 4.04082E-3 5.33249E-3 3.26938E-6 1.48826E-5 1.75802E-5 1.39636E-5 1.02602E-5
-9999 -9999 -9999 -9999 -9999 -9999 -9999 -9999 -9999 -9999 -9999 -9999 -9999 -9999 -9999 -9999 5.80116E-1 3.5339E-1 2.64915E-1 5.45988E-1 5.943E-1 4.84445E-1 1.88248E-1 2.51058E-1 3.96831E-2 5.57832E-2 1.12424E-1 4.42999E-2 2.00018E-2 2.14896E-2 1.80553E-2 4.98111E-2 1.79949E-2 1.25374E-1 1.03037E-2 3.95931E-4 3.02885E-4 3.3406E-4 2.53663E-2 6.99767E-2 5.41392E-2 5.39005E-2 3.32674E-2 5.86307E-2 4.9395E-2 1.00559E-1 2.65401E-2 8.66955E-2 1.8844E-2 2.20304E-2 9.66257E-2 2.05067E-1 1.00367E-1 2.1218E-2 3.76545E-3 2.92686E-3 4.33464E-3 2.23607E-5 4.75283E-3 2.70873E-3 3.95564E-2 4.62712E-2 5.20506E-2 1.54075E-5 1.22317E-5 1.50628E-5 8.93346E-6
-9999 -9999 -9999 -9999 -9999 -9999 -9999 -9999 -9999 -9999 -9999 -9999 -9999 -9999 -9999 -9999 -9999 1.85595E-1 1.74373E-1 6.76592E-1 5.70997E-1 3.90867E-1 1.73591E-1 6.68172E-2 4.75754E-2 9.82291E-2 1.04297E-1 2.00275E-1 9.25139E-2 1.03559E-1 4.79246E-2 1.47536E-2 4.60189E-2 4.18627E-2 3.98713E-2 6.33228E-2 1.32448E-1 1.08955E-1 2.27972E-2 7.06683E-2 4.57005E-2 6.13907E-2 5.70841E-2 6.80386E-2 5.07644E-2 5.17071E-2 1.00486E-2 1.12578E-1 2.51679E-3 2.23749E-3 2.37838E-3 1.14734E-1 1.25744E-1 2.15943E-2 3.72767E-3 1.74782E-3 2.02302E-3 2.10568E-3 2.42651E-3 1.63702E-2 2.0126E-1 3.7125E-1 1.63268E-1 4.42292E-3 3.86789E-6 3.6064E-3 1.321E-5
-9999 -9999 -9999 -9999 -9999 -9999 -9999 -9999 -9999 -9999 -9999 -9999 -9999 -9999 -9999 -9999 -9999 2.10903E-1 8.5668E-3 8.21348E-2 3.07895E-1 7.84506E-1 5.78303E-1 1.37772E-1 3.45776E-2 1.33496E-2 7.38373E-2 6.87905E-2 9.91834E-2 1.06546E-1 5.98835E-2 1.07494E-2 7.25541E-3 2.32349E-2 3.94245E-2 1.22893E-1 2.37789E-4 4.97372E-4 3.03165E-3 6.12749E-2 7.44383E-2 8.46168E-2 9.78995E-2 6.81623E-2 7.52034E-2 1.81881E-2 4.10698E-2 8.03387E-2 1.81542E-2 1.77876E-2 2.67117E-2 1.9072E-1 1.54339E-1 2.83122E-3 2.55163E-3 2.15069E-3 2.09321E-3 3.28783E-3 3.6828E-2 2.7346E-2 2.97055E-2 2.30509E-1 2.40342E-1 3.56156E-3 4.49898E-3 3.98554E-3 4.56668E-2
-9999 -9999 -9999 -9999 -9999 -9999 -9999 -9999 -9999 -9999 -9999 -9999 -9999 -9999 -9999 -9999 -9999 5.35216E-1 1.11751E-1 5.93579E-2 7.34266E-2 6.92632E-1 3.95208E-1 4.85808E-2 1.48126E-2 8.76064E-3 1.44119E-3 7.0829E-3 1.30826E-2 2.71072E-2 1.96138E-2 7.76304E-3 9.73999E-3 1.73166E-2 6.86453E-2 3.03985E-2 2.28653E-3 8.13425E-4 4.42706E-4 3.13341E-2 9.95966E-2 1.01386E-1 7.91554E-2 9.24385E-2 8.38801E-2 6.04424E-2 6.16327E-2 1.90551E-1 1.39606E-1 2.01494E-1 2.79722E-1 1.31652E-1 2.01368E-1 1.19821E-1 1.45902E-2 1.29629E-2 1.25976E-2 3.11288E-2 3.72394E-3 2.03487E-3 2.97518E-2 2.60392E-2 2.66948E-2 4.66969E-2 3.35972E-2 3.77484E-2 3.55738E-2
-9999 -9999 -9999 -9999 -9999 -9999 -9999 -9999 -9999 -9999 -9999 -9999 -9999 -9999 -9999 -9999 -9999 1.16859E-1 9.69173E-2 8.60726E-3 2.81215E-2 2.70832E-1 3.92178E-1 1.02881E-1 1.18557E-1 6.56785E-2 8.17475E-3 1.88241E-2 4.78725E-2 1.48344E-2 1.9718E-2 2.7749E-2 1.04388E-2 1.22335E-2 4.40257E-2 2.04422E-1 5.6867E-2 5.71306E-2 2.54363E-3 2.50397E-2 7.56337E-2 8.29057E-2 1.0707E-1 1.32552E-1 8.68347E-2 6.75402E-2 6.70946E-2 1.79147E-1 2.13866E-1 2.98289E-1 1.32409E-1 2.40337E-2 1.21231E-1 2.2489E-1 1.29574E-1 1.19422E-1 1.79227E-2 2.19991E-2 2.04086E-3 3.47062E-3 2.35149E-2 3.60748E-3 3.07466E-3 1.53772E-5 3.31734E-3 1.02395E-5 9.2227E-6
-9999 -9999 -9999 -9999 -9999 -9999 -9999 -9999 -9999 -9999 -9999 -9999 -9999 -9999 -9999 -9999 -9999 8.40031E-3 1.27472E-1 4.7707E-2 3.18616E-1 3.08821E-1 4.37482E-2 1.92325E-1 2.41495E-1 1.15282E-1 7.3447E-2 5.0047E-2 7.74435E-2 6.15022E-2 4.40545E-2 4.95397E-2 9.58406E-3 1.34866E-2 6.37406E-2 1.5854E-1 3.34853E-1 7.56863E-2 2.63881E-3 3.27627E-3 9.05942E-3 1.25904E-1 1.4606E-1 1.13059E-1 7.49604E-2 1.39491E-1 1.41976E-1 9.73984E-2 2.58842E-1 2.85511E-1 3.32522E-1 1.37299E-1 1.11491E-1 1.57935E-1 3.51721E-1 2.55723E-1 7.7064E-2 1.02397E-1 1.48276E-2 3.49692E-3 2.04023E-3 2.87129E-3 2.05869E-3 2.75505E-3 1.34125E-5 9.24916E-6 2.60109E-6
-9999 -9999 -9999 -9999 -9999 -9999 -9999 -9999 -9999 -9999 -9999 -9999 -9999 -9999 -9999 -9999 -9999 1.38339E-1 1.20075E-1 1.61092E-2 6.96004E-3 7.37077E-2 1.01541E-1 2.93965E-1 3.13468E-1 4.02577E-1 1.5108E-1 9.55146E-2 8.92475E-2 1.04156E-1 5.56283E-2 5.91468E-2 1.40204E-2 6.33903E-3 2.84814E-2 1.53218E-1 1.31092E-1 4.68996E-4 2.89694E-3 2.50418E-2 4.9317E-2 1.17808E-1 1.78693E-1 9.81405E-2 2.03496E-1 1.20954E-1 1.96804E-1 9.62197E-2 1.04755E-1 3.15447E-1 3.37139E-1 1.55583E-1 2.77955E-2 2.88895E-2 1.92154E-2 7.87065E-2 9.70811E-2 1.26609E-1 9.84358E-2 3.13305E-2 2.41577E-3 2.26159E-3 2.21943E-3 8.02878E-6 1.06805E-5 1.01357E-5 2.78345E-3
-9999 -9999 -9999 -9999 -9999 -9999 -9999 -9999 -9999 -9999 -9999 -9999 -9999 -9999 -9999 -9999 -9999 3.96805E-2 4.03262E-2 7.59062E-3 7.86697E-3 1.12047E-1 4.79981E-1 5.5852E-1 7.78807E-1 8.88955E-1 2.78246E-1 6.77767E-2 6.29826E-2 1.14877E-1 8.15592E-2 3.66602E-2 2.01102E-2 4.74952E-3 1.71153E-2 1.1482E-1 1.86794E-2 1.07338E-2 2.30696E-3 1.92785E-3 5.06168E-2 1.47183E-1 1.38033E-1 6.27461E-2 5.88554E-2 7.35979E-2 2.0169E-1 2.29107E-1 2.35182E-1 3.80777E-1 1.48468E-1 1.43263E-1 3.02228E-2 2.44675E-3 1.19252E-2 1.83157E-2 9.61259E-2 2.44435E-2 1.59655E-1 9.20808E-2 1.81644E-3 3.3333E-3 2.10726E-3 2.42409E-3 1.95633E-3 2.21861E-6 3.52233E-2
-9999 -9999 -9999 -9999 -9999 -9999 -9999 -9999 -9999 -9999 -9999 -9999 -9999 -9999 -9999 -9999 -9999 4.03147E-1 1.81571E-1 2.03739E-1 1.45315E-2 4.47658E-1 3.44229E-2 7.04597E-2 6.01827E-1 5.58821E-1 5.98073E-1 7.86162E-2 2.29053E-2 2.07982E-2 1.13468E-2 1.75801E-2 5.79897E-3 2.06084E-2 6.74675E-2 2.79545E-2 7.80903E-2 7.23007E-2 1.3837E-2 1.50232E-2 1.35025E-2 7.35183E-3 5.04763E-2 1.50026E-2 1.63917E-2 2.45623E-3 1.29825E-2 1.79752E-1 1.29716E-1 8.20759E-2 2.43076E-2 2.94747E-2 2.98182E-2 2.61215E-2 9.20577E-2 1.21868E-2 2.1331E-2 2.42791E-2 1.94327E-1 9.71841E-2 1.00747E-5 5.00989E-5 2.37453E-6 2.69766E-6 1.864E-3 1.67317E-3 1.46035E-3
-9999 -9999 -9999 -9999 -9999 -9999 -9999 -9999 -9999 -9999 -9999 -9999 -9999 -9999 -9999 -9999 -9999 2.32594E-1 1.90302E-2 2.10675E-2 1.09824E-1 1.92659E-1 3.28165E-2 4.42837E-2 2.47604E-1 5.37597E-1 6.05803E-1 6.45996E-2 1.91417E-2 3.35153E-3 1.81771E-3 3.77545E-3 2.87259E-3 6.94098E-3 9.85549E-2 4.11515E-1 6.02395E-2 1.13092E-2 5.98404E-2 1.02238E-1 6.55406E-3 1.69039E-3 2.07922E-3 1.0907E-2 1.16707E-2 1.16554E-2 8.66752E-2 1.79525E-1 3.46074E-1 1.15721E-1 1.84397E-1 1.21204E-1 2.55905E-2 1.01419E-1 1.45861E-1 1.22802E-1 1.70819E-3 1.95509E-2 8.94361E-2 1.58702E-2 8.3044E-6 3.93945E-6 3.63639E-6 1.61484E-3 3.22248E-2 2.57509E-3 2.45858E-3
-9999 -9999 -9999 -9999 -9999 -9999 -9999 -9999 -9999 -9999 -9999 -9999 -9999 -9999 -9999 -9999 -9999 9.99015E-2 3.08137E-2 1.41642E-2 1.01081E-2 1.61728E-1 4.10968E-1 4.40189E-1 2.00048E-1 2.55813E-1 2.59231E-1 5.77439E-2 2.35637E-2 6.75534E-3 2.85162E-3 6.35602E-3 4.1102E-3 7.50557E-3 5.72766E-2 2.35167E-1 1.27385E-2 1.22835E-2 6.16225E-2 9.49184E-2 6.1113E-2 1.68476E-2 1.68205E-2 1.11036E-1 8.70524E-2 7.27951E-2 1.17709E-1 7.66959E-2 9.18355E-2 1.08316E-1 1.04395E-1 1.2215E-1 1.1744E-1 1.66803E-1 7.80925E-2 2.77652E-2 1.80718E-2 2.02054E-2 1.87696E-1 2.14458E-1 2.1245E-2 1.65796E-3 2.17642E-3 1.97466E-3 1.32027E-3 1.44298E-3 2.67228E-6
-9999 -9999 -9999 -9999 -9999 -9999 -9999 -9999 -9999 -9999 -9999 -9999 -9999 -9999 -9999 -9999 -9999 2.46066E-2 1.94216E-2 3.13453E-3 8.29216E-3 1.06721E-2 2.77721E-1 5.27608E-1 2.96268E-1 2.39413E-1 2.90415E-1 5.59658E-2 1.46256E-2 1.5141E-2 6.21783E-3 5.70448E-3 4.09299E-3 1.07621E-2 3.27919E-2 6.65937E-2 1.17434E-2 8.27274E-3 9.84507E-3 6.7625E-2 7.82996E-2 7.39003E-2 1.18527E-2 7.23147E-2 6.28114E-2 1.80107E-1 9.28647E-2 8.09719E-2 1.79377E-2 1.07499E-2 1.53459E-2 1.60557E-2 1.38952E-1 7.21387E-2 1.74567E-2 1.70466E-2 8.98678E-2 9.19034E-2 2.12988E-1 3.35676E-1 1.02336E-1 1.21895E-2 1.54089E-3 1.38216E-3 1.45535E-3 1.33979E-3 1.45676E-3
-9999 -9999 -9999 -9999 -9999 -9999 -9999 -9999 -9999 -9999 -9999 -9999 -9999 -9999 -9999 -9999 -9999 1.92378E-2 1.51857E-2 1.76449E-2 3.29266E-2 1.08447E-2 2.55965E-1 4.67667E-1 2.64844E-1 2.15676E-1 1.04664E-1 4.1225E-2 8.15528E-3 1.7578E-2 4.34171E-3 4.53798E-3 1.11771E-2 4.87796E-2 4.56789E-2 1.66418E-2 1.84814E-2 3.36724E-2 3.41251E-2 1.01271E-1 1.49135E-1 6.52728E-2 1.27205E-2 1.5986E-2 8.0015E-2 6.29424E-2 7.76233E-2 6.95609E-2 4.5281E-2 1.26896E-2 1.75552E-3 1.39323E-2 1.07085E-1 7.67764E-2 7.41541E-2 1.63875E-3 2.53805E-2 2.03149E-2 1.87817E-1 8.91597E-2 9.17122E-2 1.80546E-2 1.87911E-3 2.21745E-3 1.94191E-3 1.3921E-3 1.58958E-3
-9999 -9999 -9999 -9999 -9999 -9999 -9999 -9999 -9999 -9999 -9999 -9999 -9999 -9999 -9999 -9999 -9999 2.0467E-2 2.68966E-2 3.10492E-2 6.2124E-4 1.8333E-2 2.57252E-1 7.62434E-1 4.3449E-1 3.64449E-1 9.36072E-2 1.09624E-2 1.81123E-2 8.07135E-3 5.02394E-3 8.03935E-3 1.41441E-2 2.65868E-2 1.01677E-1 2.06651E-1 2.59052E-3 1.10651E-2 7.57633E-3 1.29985E-2 5.20053E-2 1.2344E-2 3.12374E-2 1.59905E-2 7.40832E-2 1.48239E-1 1.60889E-2 9.99047E-2 1.73737E-2 1.67117E-2 2.81988E-2 1.18279E-2 1.56712E-2 1.2677E-2 1.40024E-2 1.74851E-2 2.24209E-2 2.86379E-2 1.46156E-1 1.68852E-1 5.96835E-2 2.2579E-2 1.87909E-3 1.12013E-3 1.14352E-3 2.86222E-2 1.24802E-3
-9999 -9999 -9999 -9999 -9999 -9999 -9999 -9999 -9999 -9999 -9999 -9999 -9999 -9999 -9999 -9999 -9999 2.65509E-2 1.13573E-4 1.39998E-4 4.46936E-5 6.78861E-4 3.33714E-1 9.49517E-1 5.42523E-1 2.4903E-1 1.55538E-1 3.21277E-2 3.71652E-2 2.11642E-2 1.95313E-2 1.22025E-2 3.64574E-2 9.3668E-3 1.2295E-1 1.38813E-3 4.06073E-3 2.00869E-3 1.66558E-3 1.21609E-2 1.29504E-2 1.38179E-3 8.48294E-3 1.39144E-2 1.04414E-1 2.38642E-2 1.17152E-2 1.33814E-2 1.51981E-3 1.22104E-3 1.77055E-3 2.22069E-3 1.29897E-2 1.21333E-1 1.27096E-2 1.6032E-3 1.58251E-3 1.37612E-3 1.64193E-2 2.09819E-2 1.14995E-1 2.07129E-2 3.32303E-2 1.11992E-3 1.4809E-3 2.22566E-2 2.22035E-2
-9999 -9999 -9999 -9999 -9999 -9999 -9999 -9999 -9999 -9999 -9999 -9999 -9999 -9999 -9999 -9999 -9999 1.31432E-1 5.65411E-3 6.7149E-4 3.12127E-1 2.51783E-1 2.21317E-1 8.58885E-1 1.42869E-1 8.3256E-2 2.30191E-1 5.11966E-1 4.83706E-1 1.94848E-1 6.24786E-2 3.70772E-2 8.09112E-2 9.35768E-2 3.94704E-1 2.14355E-3 1.35253E-2 8.36093E-2 1.63877E-2 1.06385E-2 1.87895E-3 1.41577E-3 1.33872E-3 1.12376E-2 9.26302E-2 1.05273E-1 6.84904E-3 5.16781E-2 1.67463E-2 2.07564E-5 2.21493E-5 1.41671E-3 1.37537E-3 7.76397E-2 7.30422E-2 1.73041E-2 1.50893E-1 2.77404E-1 9.503E-3 1.04431E-1 1.34303E-1 2.14848E-2 1.23079E-3 1.73155E-2 1.68212E-2 1.6192E-2 1.31055E-1
-9999 -9999 -9999 -9999 -9999 -9999 -9999 -9999 -9999 -9999 -9999 -9999 -9999 -9999 -9999 -9999 -9999 2.51468E-2 5.61653E-4 1.44314E-2 3.24143E-1 1.34444E-1 4.89926E-1 5.98249E-1 1.39477E-1 6.02767E-2 1.76E-1 4.86552E-1 3.12724E-1 2.51184E-1 8.73218E-2 5.76942E-2 1.04114E-1 1.82364E-1 4.20784E-2 1.59062E-2 1.41397E-2 7.69865E-2 1.33707E-2 1.41239E-2 1.81448E-3 6.44779E-3 1.13454E-2 8.77527E-2 8.22532E-2 1.15959E-2 5.9494E-2 1.86894E-3 1.70233E-3 7.20474E-6 1.72989E-6 2.97965E-5 2.37445E-3 1.47227E-2 1.14753E-2 1.36358E-1 1.03874E-1 1.30427E-1 9.12901E-2 1.07854E-1 1.95558E-2 2.05214E-1 2.72739E-2 1.69081E-2 1.21184E-2 1.53301E-2 2.3802E-2
-9999 -9999 -9999 -9999 -9999 -9999 -9999 -9999 -9999 -9999 -9999 -9999 -9999 -9999 -9999 -9999 -9999 2.61675E-2 3.88732E-3 1.81158E-2 2.10131E-2 2.01425E-1 8.85902E-1 2.224E-1 1.13539E-1 4.81434E-1 2.71045E-1 1.06655E-1 1.48063E-1 1.08368E-1 7.11241E-2 6.41791E-2 1.95565E-1 5.07808E-1 1.78414E-1 1.01083E-2 1.45697E-2 6.40776E-2 8.57279E-2 1.06098E-1 1.40455E-2 2.111E-3 2.0585E-3 2.47978E-3 2.09082E-2 1.47063E-2 8.35628E-3 1.09666E-2 1.74902E-3 1.11892E-4 7.50273E-6 2.41721E-5 1.14257E-2 5.02695E-2 1.47281E-2 1.46783E-1 1.072E-1 6.94699E-2 1.14648E-1 1.15601E-1 1.07377E-1 2.49897E-2 1.04394E-5 1.03731E-3 1.12398E-3 2.4056E-2 3.54345E-2
-9999 -9999 -9999 -9999 -9999 -9999 -9999 -9999 -9999 -9999 -9999 -9999 -9999 -9999 -9999 -9999 -9999 1.43382E-2 1.52804E-1 2.68299E-1 1.68179E-2 1.74338E-1 8.94418E-1 1.81677E-1 6.86666E-1 7.36624E-1 3.93213E-1 1.80274E-1 9.25695E-2 1.26339E-1 4.60001E-2 2.25981E-1 2.8463E-1 3.37914E-1 1.3325E-2 1.18864E-2 7.00821E-2 1.1089E-1 2.96338E-1 2.046E-1 6.35507E-2 1.33358E-2 1.88531E-3 1.61345E-2 7.57009E-2 5.29565E-2 3.69355E-2 1.43668E-2 2.02606E-5 2.83107E-5 1.92556E-3 2.95361E-5 2.45438E-3 5.42701E-2 1.60133E-2 1.4198E-2 2.88429E-1 7.96264E-2 1.28712E-1 1.47568E-1 1.44588E-1 2.05858E-2 8.2178E-6 2.63746E-2 2.17143E-3 3.17337E-2 3.62642E-2
-9999 -9999 -9999 -9999 -9999 -9999 -9999 -9999 -9999 -9999 -9999 -9999 -9999 -9999 -9999 -9999 -9999 1.95092E-1 1.53879E-1 5.21858E-3 5.13639E-3 5.75391E-3 2.66025E-1 1.55661E-1 5.76113E-1 9.07487E-1 6.98795E-1 3.90301E-1 1.75504E-1 1.42415E-1 1.08288E-1 4.13929E-2 5.47779E-2 1.20389E-1 1.73103E-2 2.80224E-3 1.99187E-2 1.15814E-1 1.3205E-1 1.08976E-1 5.19356E-2 9.28052E-3 9.93237E-3 1.2588E-2 1.33946E-2 1.20607E-2 8.69771E-3 1.05755E-2 2.54149E-5 7.02635E-6 2.38621E-5 2.32725E-5 1.84339E-3 1.5405E-2 2.00327E-3 2.69161E-2 1.20535E-1 1.93314E-2 2.12296E-2 8.95381E-2 1.71974E-1 1.62154E-2 1.0998E-3 1.73236E-2 1.68352E-2 3.50271E-2 2.52052E-2
-9999 -9999 -9999 -9999 -9999 -9999 -9999 -9999 -9999 -9999 -9999 -9999 -9999 -9999 -9999 -9999 -9999 2.19945E-1 1.80573E-1 1.52305E-1 1.17234E-1 3.06892E-2 3.86954E-3 1.1682E-1 1.7619E-1 2.25855E-1 1.19377E-1 3.13656E-1 9.50975E-2 1.67821E-1 6.2566E-2 1.11792E-1 8.28685E-2 1.43096E-1 4.53364E-4 3.07127E-3 1.31498E-2 8.43141E-2 9.06128E-2 8.82323E-2 9.21477E-3 3.58217E-2 2.28405E-1 4.14967E-2 9.54355E-3 9.77416E-3 9.46914E-3 1.07986E-2 2.1981E-3 2.96846E-6 1.3529E-3 8.05763E-4 1.42116E-3 1.64459E-3 1.27965E-3 8.50273E-4 1.426E-2 1.07029E-2 9.86022E-3 8.16768E-2 2.61184E-2 6.94941E-4 6.75228E-6 1.82708E-2 1.79E-2 2.58185E-2 9.82163E-4
-9999 -9999 -9999 -9999 -9999 -9999 -9999 -9999 -9999 -9999 -9999 -9999 -9999 -9999 -9999 -9999 -9999 -9999 4.10067E-4 1.85747E-2 2.39846E-1 5.37343E-3 2.08372E-4 2.08365E-2 2.24343E-1 2.88729E-1 6.42772E-1 2.13242E-1 2.77353E-2 1.92871E-2 2.26684E-2 7.40188E-4 8.45935E-4 1.82439E-1 2.45759E-2 4.19292E-3 3.15022E-3 1.63658E-2 1.41749E-2 9.20825E-3 1.76097E-3 1.35763E-3 3.64128E-2 4.5076E-2 8.93878E-3 1.20934E-2 1.65346E-3 6.12408E-6 3.553E-5 2.10461E-5 3.46043E-4 3.64194E-4 9.87052E-3 1.62969E-5 1.33341E-3 9.08582E-5 9.56164E-3 2.23017E-3 1.3468E-3 1.00179E-1 2.49456E-1 2.34442E-2 7.00751E-4 1.45969E-2 1.7144E-2 1.10368E-1 3.84233E-2
-9999 -9999 -9999 -9999 -9999 -9999 -9999 -9999 -9999 -9999 -9999 -9999 -9999 -9999 -9999 -9999 -9999 -9999 1.62779E-2 2.40579E-2 3.07017E-2 2.83335E-3 6.05993E-3 7.44735E-5 2.41753E-4 6.84878E-4 8.98237E-4 1.57364E-3 2.22552E-1 1.78917E-1 8.0429E-4 1.45482E-4 1.61601E-4 1.15018E-4 4.2284E-5 3.73889E-3 2.27521E-2 1.7332E-2 9.50029E-3 1.04732E-2 9.04312E-3 1.14206E-2 1.11157E-2 1.30127E-2 1.75646E-2 2.11058E-2 1.968E-3 2.04315E-3 1.5805E-3 2.90857E-5 9.0957E-4 1.45402E-3 1.39239E-2 1.3531E-3 1.61806E-5 1.99679E-3 1.03607E-2 6.82296E-3 1.02456E-2 1.11997E-2 1.47467E-2 7.54031E-4 1.82302E-2 1.9396E-2 1.01054E-1 2.04759E-2 3.53225E-2
-9999 -9999 -9999 -9999 -9999 -9999 -9999 -9999 -9999 -9999 -9999 -9999 -9999 -9999 -9999 -9999 -9999 -9999 -9999 1.85256E-1 6.12279E-2 1.82026E-2 2.05301E-2 4.69162E-3 5.54312E-3 6.89068E-5 3.57548E-5 3.51006E-5 2.44981E-1 2.99102E-1 6.75372E-4 7.74239E-5 4.99493E-5 4.07636E-5 2.58024E-5 2.74651E-5 2.23573E-3 1.62989E-2 8.8277E-3 1.15441E-2 1.05548E-2 9.2446E-3 1.28225E-2 2.62471E-3 7.76613E-3 1.17201E-2 1.91254E-3 1.26738E-2 1.41696E-3 1.75723E-3 7.18833E-4 8.60329E-3 7.92714E-3 1.42841E-3 2.1997E-5 2.33929E-3 2.06262E-3 1.17203E-2 1.36293E-3 1.11606E-2 1.10027E-2 9.29382E-3 9.5433E-3 1.47538E-2 1.16267E-1 1.77811E-1 6.18579E-4
-9999 -9999 -9999 -9999 -9999 -9999 -9999 -9999 -9999 -9999 -9999 -9999 -9999 -9999 -9999 -9999 -9999 -9999 -9999 2.07687E-1 1.83458E-1 2.45656E-1 1.90675E-2 4.18668E-3 3.55117E-2 1.34837E-4 6.61532E-4 5.01364E-4 5.09876E-4 2.78388E-1 4.97982E-4 6.02631E-5 7.28713E-5 4.82153E-5 2.56634E-3 3.30887E-3 1.14252E-4 1.88719E-3 7.88171E-3 1.96907E-2 1.13458E-2 1.91946E-3 1.02618E-2 1.81546E-3 9.97867E-3 1.26974E-2 1.23816E-2 1.1678E-2 1.97175E-3 2.45885E-3 1.54732E-3 9.14267E-3 1.09909E-3 1.01202E-3 1.44716E-3 1.24846E-4 1.20532E-5 2.44273E-3 8.85352E-6 1.67047E-3 1.64068E-2 1.4186E-3 7.4235E-3 1.54812E-2 2.60588E-2 8.12776E-4 1.94519E-6
-9999 -9999 -9999 -9999 -9999 -9999 -9999 -9999 -9999 -9999 -9999 -9999 -9999 -9999 -9999 -9999 -9999 -9999 -9999 1.86513E-1 5.05532E-1 4.39758E-1 1.65569E-1 3.19752E-2 8.15407E-3 7.58339E-5 7.21525E-5 7.45031E-4 5.211E-4 5.09763E-4 4.00855E-4 2.80939E-5 3.14924E-5 2.68465E-5 2.85756E-3 2.81044E-3 2.36526E-5 3.57467E-3 3.48252E-3 8.26347E-3 1.02264E-2 2.01621E-3 1.01204E-2 1.01474E-2 1.01361E-2 2.06441E-3 1.89899E-3 1.7631E-2 2.3312E-3 1.31043E-3 1.28027E-3 9.35945E-4 1.07722E-3 8.66723E-4 9.07269E-4 1.28484E-5 1.81296E-3 1.95412E-3 1.49354E-3 1.80387E-3 2.47414E-2 1.31004E-2 5.67217E-2 1.39873E-1 3.12839E-2 2.942E-2 8.75034E-4
