ENM/Final_Models/M_0.8_F_q_Set_1_E/Gustavia_santanderiensis_6_Choco.asc
ncols         367
nrows         963
xllcorner     -78.6
yllcorner     0.65
cellsize      0.00833333333333323
NODATA_value  -9999
[rows 800 to 831 of 963, columns 0 to 71 of 367]
-9999 -9999 9.69264E-1 9.99163E-1 9.93189E-1 9.42017E-1 9.91655E-1 9.94197E-1 9.95172E-1 9.96437E-1 9.93902E-1 9.94514E-1 9.92993E-1 9.99478E-1 9.97983E-1 9.99781E-1 9.99831E-1 9.94333E-1 9.89098E-1 9.97098E-1 9.98642E-1 9.97999E-1 9.99969E-1 9.99706E-1 9.9912E-1 9.99432E-1 9.98802E-1 9.99798E-1 9.98922E-1 9.99991E-1 9.99973E-1 9.99948E-1 9.99959E-1 9.99982E-1 9.99973E-1 9.99935E-1 9.99941E-1 9.99888E-1 9.99926E-1 9.99938E-1 9.99995E-1 9.99981E-1 9.99995E-1 9.99996E-1 9.9998E-1 9.9998E-1 9.99995E-1 1E0 1E0 1E0 1E0 9.99999E-1 1E0 9.99719E-1 1E0 9.99998E-1 9.99999E-1 9.99997E-1 9.99993E-1 9.99998E-1 1E0 1E0 9.9997E-1 9.99795E-1 9.9999E-1 9.99621E-1 9.9989E-1 9.99989E-1 9.99884E-1 1E0 9.99999E-1 9.99996E-1
-9999 -9999 -9999 9.99927E-1 9.98335E-1 9.79329E-1 9.90755E-1 9.96534E-1 9.99522E-1 9.99903E-1 9.98379E-1 9.94691E-1 9.99757E-1 9.99749E-1 9.96765E-1 9.91738E-1 9.96607E-1 9.68917E-1 9.78402E-1 9.08123E-1 9.89584E-1 9.88909E-1 9.95945E-1 9.98651E-1 9.89074E-1 9.98644E-1 9.99844E-1 9.99635E-1 9.99999E-1 9.99998E-1 9.99944E-1 9.99928E-1 9.99968E-1 9.99896E-1 9.99958E-1 9.9996E-1 9.99998E-1 9.99996E-1 9.99998E-1 9.99997E-1 9.99977E-1 9.99997E-1 9.99986E-1 9.99995E-1 9.99992E-1 9.99943E-1 9.99997E-1 1E0 1E0 9.99999E-1 1E0 1E0 1E0 1E0 1E0 9.99999E-1 9.99993E-1 9.99998E-1 9.99997E-1 1E0 1E0 1E0 1E0 1E0 1E0 9.99947E-1 9.99993E-1 9.99999E-1 1E0 1E0 9.99888E-1 9.99892E-1
-9999 -9999 -9999 9.99335E-1 9.99025E-1 9.96833E-1 9.99385E-1 9.98531E-1 9.97784E-1 9.95885E-1 9.98054E-1 9.96287E-1 9.90442E-1 9.76729E-1 9.81449E-1 9.69838E-1 9.50091E-1 9.02072E-1 9.69797E-1 9.1118E-1 9.19143E-1 9.83417E-1 9.94394E-1 9.91654E-1 9.95688E-1 9.79804E-1 9.9783E-1 9.95688E-1 9.98685E-1 9.99848E-1 9.99828E-1 9.99499E-1 9.99951E-1 9.99961E-1 9.99319E-1 9.99948E-1 9.99992E-1 9.99999E-1 9.99997E-1 9.9999E-1 9.99997E-1 9.99996E-1 9.99906E-1 9.99973E-1 9.9995E-1 9.99999E-1 9.99993E-1 1E0 1E0 1E0 1E0 1E0 1E0 1E0 9.99999E-1 1E0 9.99999E-1 9.99998E-1 1E0 1E0 1E0 1E0 1E0 1E0 1E0 9.99607E-1 9.99999E-1 9.99993E-1 9.99994E-1 9.99993E-1 9.99998E-1 9.99873E-1
-9999 -9999 -9999 9.97688E-1 9.99981E-1 9.59133E-1 9.93768E-1 9.95981E-1 9.93038E-1 9.81131E-1 9.96138E-1 9.90679E-1 9.63563E-1 8.72272E-1 8.69531E-1 9.06648E-1 9.16458E-1 9.07546E-1 9.15466E-1 9.71561E-1 9.75824E-1 9.87592E-1 9.87314E-1 9.90309E-1 9.89695E-1 9.79366E-1 9.96293E-1 9.94432E-1 9.75362E-1 9.9271E-1 9.98759E-1 9.97856E-1 9.98624E-1 9.99903E-1 9.99966E-1 9.99947E-1 9.9998E-1 9.99999E-1 9.99993E-1 9.99981E-1 9.99994E-1 9.99992E-1 9.99923E-1 9.99794E-1 9.9983E-1 9.99741E-1 9.99993E-1 9.99999E-1 9.99999E-1 1E0 1E0 1E0 1E0 1E0 1E0 1E0 9.99999E-1 9.99999E-1 1E0 1E0 1E0 1E0 1E0 9.99927E-1 9.99998E-1 9.9995E-1 9.99646E-1 9.99916E-1 9.99992E-1 9.99996E-1 9.99998E-1 1E0
-9999 -9999 -9999 9.97217E-1 9.98929E-1 9.92869E-1 9.98817E-1 9.80001E-1 9.81718E-1 9.41719E-1 9.78972E-1 9.36637E-1 9.54054E-1 9.09548E-1 8.30683E-1 9.11974E-1 8.93504E-1 7.49603E-1 9.37036E-1 9.61177E-1 9.70573E-1 9.40736E-1 9.79469E-1 9.48613E-1 9.71324E-1 9.76365E-1 9.94348E-1 9.95746E-1 9.92297E-1 9.96508E-1 9.99925E-1 9.9996E-1 9.99786E-1 9.99528E-1 9.99933E-1 9.99945E-1 9.99982E-1 9.99996E-1 9.99931E-1 9.9999E-1 9.99994E-1 9.99974E-1 9.99903E-1 9.99821E-1 9.99866E-1 9.99984E-1 9.99997E-1 9.99985E-1 9.99988E-1 1E0 1E0 1E0 9.99998E-1 1E0 1E0 1E0 9.99999E-1 9.99997E-1 9.99999E-1 1E0 9.99999E-1 1E0 1E0 1E0 9.99361E-1 9.99592E-1 9.99408E-1 9.99941E-1 9.99937E-1 9.99994E-1 9.99996E-1 1E0
-9999 -9999 9.96869E-1 9.98554E-1 9.98138E-1 9.51426E-1 9.97433E-1 9.96936E-1 9.68149E-1 9.62502E-1 9.75998E-1 9.70752E-1 9.80174E-1 9.55572E-1 9.44896E-1 9.13315E-1 8.4592E-1 7.64298E-1 8.65697E-1 9.76615E-1 9.67936E-1 9.95973E-1 9.95745E-1 9.88291E-1 9.83526E-1 9.9378E-1 9.87714E-1 9.64549E-1 9.98453E-1 9.95832E-1 9.99637E-1 9.99932E-1 9.99862E-1 9.99523E-1 9.99681E-1 9.99123E-1 9.99953E-1 9.99991E-1 9.99973E-1 9.9999E-1 9.99972E-1 9.99969E-1 9.99851E-1 9.99701E-1 9.9997E-1 9.99927E-1 9.99991E-1 9.9997E-1 9.99953E-1 9.99999E-1 9.99999E-1 1E0 9.9999E-1 9.99997E-1 1E0 9.99999E-1 9.99999E-1 9.99994E-1 9.99998E-1 1E0 9.99999E-1 1E0 9.99998E-1 9.99999E-1 9.9998E-1 9.99946E-1 9.99971E-1 9.99986E-1 9.99999E-1 9.99998E-1 9.99997E-1 9.99975E-1
-9999 -9999 9.90857E-1 9.72323E-1 9.91733E-1 9.69858E-1 9.8864E-1 9.46018E-1 9.55655E-1 9.59869E-1 9.67713E-1 9.53133E-1 9.78044E-1 9.66538E-1 9.36978E-1 9.67835E-1 9.77331E-1 9.45234E-1 9.07269E-1 9.63663E-1 9.92043E-1 9.99178E-1 9.83924E-1 9.89227E-1 9.85857E-1 9.8201E-1 9.88605E-1 9.9549E-1 9.93852E-1 9.99079E-1 9.98931E-1 9.99496E-1 9.99725E-1 9.99875E-1 9.99337E-1 9.99692E-1 9.99913E-1 9.9996E-1 9.99962E-1 9.99995E-1 9.99967E-1 9.99995E-1 9.99808E-1 9.9999E-1 9.9999E-1 9.99972E-1 9.99991E-1 9.99837E-1 9.99876E-1 9.99997E-1 9.99998E-1 9.99996E-1 9.99989E-1 9.99966E-1 9.99975E-1 1E0 1E0 9.99998E-1 9.99997E-1 9.99999E-1 1E0 1E0 9.99876E-1 9.99987E-1 9.9996E-1 9.9938E-1 1E0 1E0 1E0 1E0 9.99999E-1 1E0
-9999 -9999 9.87417E-1 9.83057E-1 9.75941E-1 9.91467E-1 9.89195E-1 9.68421E-1 8.86256E-1 8.98609E-1 8.42795E-1 9.61318E-1 9.01852E-1 9.59938E-1 9.50546E-1 9.56735E-1 9.64277E-1 9.34797E-1 9.65343E-1 9.91672E-1 9.72716E-1 9.833E-1 9.95945E-1 9.84771E-1 9.72798E-1 9.97766E-1 9.95769E-1 9.95563E-1 9.99035E-1 9.98935E-1 9.99018E-1 9.9956E-1 9.9937E-1 9.99431E-1 9.9979E-1 9.99279E-1 9.99985E-1 9.99577E-1 9.98908E-1 9.99917E-1 9.99997E-1 9.99991E-1 9.99979E-1 9.99976E-1 9.99937E-1 9.99934E-1 9.99979E-1 9.99958E-1 9.99999E-1 9.99993E-1 1E0 1E0 1E0 9.99654E-1 9.99985E-1 9.99817E-1 9.99997E-1 1E0 9.99988E-1 1E0 1E0 1E0 9.99972E-1 1E0 9.99996E-1 9.98196E-1 1E0 1E0 1E0 1E0 1E0 1E0
-9999 -9999 9.88176E-1 9.83763E-1 9.39311E-1 9.77991E-1 9.81717E-1 9.41185E-1 9.76429E-1 9.71721E-1 9.92384E-1 9.46352E-1 9.18761E-1 9.25231E-1 9.59891E-1 9.56019E-1 9.65827E-1 9.83513E-1 9.8769E-1 9.77296E-1 9.58569E-1 9.41883E-1 9.69008E-1 9.86468E-1 9.9619E-1 9.9735E-1 9.62232E-1 9.92856E-1 9.99319E-1 9.99166E-1 9.98439E-1 9.99957E-1 9.99664E-1 9.95314E-1 9.99821E-1 9.99924E-1 9.99969E-1 9.99618E-1 9.99364E-1 9.99794E-1 9.99384E-1 9.95756E-1 9.99833E-1 9.99955E-1 9.99954E-1 9.99937E-1 9.99776E-1 9.99951E-1 9.99996E-1 1E0 9.99997E-1 9.99999E-1 9.99997E-1 9.99999E-1 1E0 1E0 9.99976E-1 9.99999E-1 9.99999E-1 9.99995E-1 1E0 1E0 9.99753E-1 1E0 9.99995E-1 9.99915E-1 9.99755E-1 9.99959E-1 9.99996E-1 1E0 1E0 1E0
-9999 -9999 9.9916E-1 9.9298E-1 9.65557E-1 9.93237E-1 9.8178E-1 9.53409E-1 9.3861E-1 9.95879E-1 9.90763E-1 9.92425E-1 9.84321E-1 9.93217E-1 9.17779E-1 9.49236E-1 9.55344E-1 9.73592E-1 9.74822E-1 9.73865E-1 9.49561E-1 9.61966E-1 9.84873E-1 9.89477E-1 9.95856E-1 9.98424E-1 9.92658E-1 9.623E-1 9.9724E-1 9.93837E-1 9.98811E-1 9.98101E-1 9.99553E-1 9.99686E-1 9.99918E-1 9.99931E-1 9.99967E-1 9.996E-1 9.98428E-1 9.9989E-1 9.99754E-1 9.98989E-1 9.99448E-1 9.99451E-1 9.99454E-1 9.99431E-1 9.99653E-1 9.99587E-1 9.99969E-1 9.99999E-1 9.99955E-1 9.99983E-1 9.9999E-1 1E0 9.99955E-1 9.99993E-1 1E0 1E0 9.99995E-1 1E0 1E0 1E0 1E0 9.99995E-1 9.99999E-1 9.99499E-1 9.99988E-1 9.99905E-1 1E0 1E0 1E0 1E0
-9999 -9999 -9999 9.9264E-1 9.69103E-1 9.72201E-1 9.78182E-1 9.70206E-1 9.96843E-1 9.68868E-1 9.95745E-1 9.95765E-1 9.98699E-1 9.94945E-1 9.32861E-1 9.84082E-1 9.90332E-1 9.9321E-1 9.7489E-1 9.9293E-1 9.60748E-1 9.30816E-1 9.23425E-1 9.95802E-1 9.98626E-1 9.90606E-1 9.92989E-1 9.74285E-1 9.9687E-1 9.97168E-1 9.98873E-1 9.96002E-1 9.99467E-1 9.99836E-1 9.99949E-1 9.99776E-1 9.99879E-1 9.99187E-1 9.99333E-1 9.99771E-1 9.99029E-1 9.98673E-1 9.98549E-1 9.98456E-1 9.99658E-1 9.9999E-1 9.99861E-1 9.96747E-1 9.99483E-1 9.99996E-1 9.99998E-1 9.99959E-1 9.9994E-1 9.99791E-1 9.99993E-1 9.99998E-1 1E0 9.99994E-1 1E0 9.99998E-1 9.99995E-1 9.99997E-1 1E0 9.99086E-1 9.99689E-1 9.99995E-1 9.99988E-1 9.99693E-1 1E0 1E0 1E0 1E0
-9999 -9999 -9999 -9999 -9999 -9999 -9999 9.93177E-1 9.86418E-1 9.8412E-1 9.9404E-1 9.89938E-1 9.71106E-1 9.97082E-1 9.69525E-1 9.75577E-1 9.83116E-1 9.94982E-1 9.7917E-1 9.38771E-1 9.72773E-1 9.38651E-1 9.40559E-1 9.98258E-1 9.94475E-1 9.94794E-1 9.96004E-1 9.93161E-1 9.89822E-1 9.88633E-1 9.98691E-1 9.98835E-1 9.99603E-1 9.99982E-1 9.99955E-1 9.99911E-1 9.99794E-1 9.99613E-1 9.99219E-1 9.99736E-1 9.98938E-1 9.98932E-1 9.98861E-1 9.99873E-1 9.99343E-1 9.99988E-1 9.99981E-1 9.99716E-1 9.9999E-1 9.99992E-1 9.99989E-1 9.99998E-1 9.99999E-1 1E0 9.99987E-1 9.99997E-1 9.99982E-1 9.99997E-1 1E0 9.97373E-1 9.99946E-1 1E0 1E0 9.99988E-1 9.99988E-1 1E0 1E0 1E0 1E0 1E0 1E0 1E0
-9999 -9999 -9999 -9999 -9999 -9999 -9999 -9999 9.94416E-1 9.87607E-1 9.94928E-1 9.92337E-1 9.71566E-1 9.97637E-1 9.9282E-1 9.80774E-1 9.44349E-1 9.76911E-1 9.75045E-1 9.59238E-1 9.41922E-1 9.94503E-1 9.92565E-1 9.93231E-1 9.98745E-1 9.86586E-1 9.97089E-1 9.97237E-1 9.98132E-1 9.98691E-1 9.99448E-1 9.99504E-1 9.99374E-1 9.99601E-1 9.99878E-1 9.99603E-1 9.99179E-1 9.99953E-1 9.99804E-1 9.99692E-1 9.99263E-1 9.99353E-1 9.98941E-1 9.99912E-1 9.99774E-1 9.99965E-1 9.99825E-1 9.99808E-1 9.99989E-1 9.99997E-1 1E0 9.99995E-1 1E0 9.99997E-1 9.99999E-1 9.99987E-1 9.99972E-1 9.99999E-1 1E0 1E0 9.99982E-1 9.99988E-1 9.99997E-1 9.99584E-1 1E0 1E0 1E0 1E0 1E0 1E0 1E0 1E0
-9999 -9999 -9999 -9999 -9999 -9999 -9999 -9999 9.94119E-1 9.9344E-1 9.85879E-1 9.96591E-1 9.94325E-1 9.96129E-1 9.8675E-1 9.59934E-1 9.73612E-1 9.75339E-1 9.58998E-1 9.62347E-1 9.84075E-1 9.89757E-1 9.87446E-1 9.95379E-1 9.94651E-1 9.61787E-1 9.97612E-1 9.93906E-1 9.95645E-1 9.99568E-1 9.99489E-1 9.99841E-1 9.9879E-1 9.98743E-1 9.97776E-1 9.9624E-1 9.99432E-1 9.99827E-1 9.9875E-1 9.98209E-1 9.99044E-1 9.98709E-1 9.99933E-1 9.98303E-1 9.99792E-1 9.99924E-1 9.98326E-1 9.96917E-1 9.99472E-1 9.99244E-1 9.99883E-1 1E0 1E0 1E0 9.99999E-1 9.99999E-1 1E0 9.99384E-1 9.99593E-1 9.99985E-1 9.99962E-1 9.99735E-1 1E0 1E0 9.99991E-1 9.99986E-1 1E0 1E0 9.99349E-1 9.97282E-1 9.99959E-1 9.9999E-1
-9999 -9999 -9999 -9999 -9999 -9999 -9999 -9999 9.76052E-1 9.84747E-1 9.85843E-1 9.92971E-1 9.95881E-1 9.97263E-1 9.96447E-1 9.55695E-1 9.59999E-1 9.79992E-1 9.79227E-1 9.73561E-1 9.82741E-1 9.60757E-1 9.65341E-1 9.83247E-1 9.43165E-1 9.64226E-1 9.97895E-1 9.97419E-1 9.99571E-1 9.99326E-1 9.99959E-1 9.98878E-1 9.99914E-1 9.99121E-1 9.98457E-1 9.99449E-1 9.98865E-1 9.97075E-1 9.97345E-1 9.99601E-1 9.99834E-1 9.90496E-1 9.93783E-1 9.99613E-1 9.99906E-1 9.99985E-1 9.99959E-1 9.9447E-1 9.98889E-1 9.99965E-1 9.99995E-1 9.99999E-1 1E0 9.9975E-1 9.99982E-1 9.99975E-1 9.9999E-1 1E0 9.99992E-1 1E0 1E0 1E0 1E0 9.99999E-1 9.99989E-1 9.99772E-1 9.9949E-1 9.99118E-1 9.99576E-1 9.99882E-1 9.99992E-1 9.96786E-1
-9999 -9999 -9999 -9999 -9999 -9999 -9999 -9999 9.98764E-1 9.96074E-1 9.94342E-1 9.92821E-1 9.98568E-1 9.99076E-1 9.95246E-1 9.88965E-1 9.60992E-1 9.80127E-1 9.83262E-1 9.44486E-1 9.49604E-1 9.88378E-1 9.83212E-1 9.89877E-1 9.82301E-1 9.74655E-1 9.83286E-1 9.95318E-1 9.95752E-1 9.95444E-1 9.98596E-1 9.96629E-1 9.97735E-1 9.97586E-1 9.98992E-1 9.98213E-1 9.98978E-1 9.98682E-1 9.996E-1 9.99056E-1 9.97584E-1 9.99333E-1 9.96357E-1 9.99974E-1 9.99733E-1 9.97787E-1 9.98772E-1 9.99932E-1 9.99757E-1 9.99933E-1 9.99457E-1 9.99992E-1 9.99939E-1 1E0 9.99992E-1 1E0 9.99984E-1 9.99984E-1 1E0 1E0 1E0 1E0 1E0 1E0 9.99999E-1 9.99897E-1 9.99983E-1 9.99945E-1 9.99965E-1 9.99998E-1 9.99334E-1 9.96755E-1
-9999 -9999 -9999 -9999 -9999 -9999 -9999 -9999 9.99171E-1 9.9803E-1 9.98687E-1 9.87208E-1 9.98312E-1 9.90109E-1 9.81831E-1 9.86644E-1 9.73532E-1 9.53543E-1 9.47379E-1 9.73378E-1 9.79367E-1 9.96038E-1 9.95613E-1 9.81813E-1 9.84494E-1 9.97548E-1 9.87874E-1 9.99931E-1 9.9992E-1 9.98642E-1 9.95642E-1 9.98822E-1 9.93714E-1 9.99855E-1 9.99839E-1 9.99992E-1 9.99996E-1 9.99192E-1 9.83049E-1 9.95566E-1 9.9863E-1 9.98354E-1 9.91492E-1 9.9998E-1 9.99946E-1 9.99247E-1 9.98088E-1 9.99984E-1 9.99991E-1 9.99971E-1 9.99974E-1 9.99981E-1 1E0 9.9993E-1 9.99998E-1 1E0 1E0 1E0 1E0 1E0 1E0 1E0 9.99999E-1 9.99997E-1 1E0 9.96777E-1 9.99966E-1 9.99985E-1 9.99104E-1 9.999E-1 9.95931E-1 9.94147E-1
-9999 -9999 -9999 -9999 -9999 -9999 -9999 9.90556E-1 9.96983E-1 9.9957E-1 9.81572E-1 9.36167E-1 9.98832E-1 9.96041E-1 9.82986E-1 9.93116E-1 9.66634E-1 9.79163E-1 9.20099E-1 9.68903E-1 9.86028E-1 9.56932E-1 9.96656E-1 9.95366E-1 9.97949E-1 9.96538E-1 9.98836E-1 9.99296E-1 9.99789E-1 9.99883E-1 9.99543E-1 9.99872E-1 9.99478E-1 9.9999E-1 9.99869E-1 9.99858E-1 9.99859E-1 9.98984E-1 9.8315E-1 9.99703E-1 9.99443E-1 9.99509E-1 9.99681E-1 9.9357E-1 9.97408E-1 9.99592E-1 9.98912E-1 9.99992E-1 9.99998E-1 9.99498E-1 9.99743E-1 9.99508E-1 1E0 1E0 1E0 1E0 1E0 1E0 1E0 1E0 1E0 1E0 1E0 1E0 1E0 9.99965E-1 9.99963E-1 9.99816E-1 9.99778E-1 9.99641E-1 9.99767E-1 9.82013E-1
-9999 -9999 -9999 -9999 -9999 -9999 -9999 9.95399E-1 9.97137E-1 9.99265E-1 9.91402E-1 9.90248E-1 9.97872E-1 9.92396E-1 9.73532E-1 9.7947E-1 9.77647E-1 9.56424E-1 9.6502E-1 8.89448E-1 8.38516E-1 9.3782E-1 9.8281E-1 9.91461E-1 9.9552E-1 9.88701E-1 9.99231E-1 9.8983E-1 9.94447E-1 9.9681E-1 9.99529E-1 9.99458E-1 9.99865E-1 9.9976E-1 9.99649E-1 9.99828E-1 9.99842E-1 9.9989E-1 9.91317E-1 9.98517E-1 9.99613E-1 9.99788E-1 9.99854E-1 9.96407E-1 9.99294E-1 9.97277E-1 9.99853E-1 9.9999E-1 9.99683E-1 9.99992E-1 9.99968E-1 9.99651E-1 9.99717E-1 9.99671E-1 1E0 1E0 1E0 9.99998E-1 9.99998E-1 1E0 1E0 1E0 1E0 1E0 1E0 9.99995E-1 9.9998E-1 9.98203E-1 9.93261E-1 9.80398E-1 9.98285E-1 9.99969E-1
-9999 -9999 -9999 -9999 -9999 -9999 -9999 9.63721E-1 9.91304E-1 9.98547E-1 9.99392E-1 9.91724E-1 9.91181E-1 9.94657E-1 8.59272E-1 9.1207E-1 9.48237E-1 9.54826E-1 9.16034E-1 9.13943E-1 9.3788E-1 8.94067E-1 9.66474E-1 9.79147E-1 9.82135E-1 9.90313E-1 9.97673E-1 9.98542E-1 9.98463E-1 9.96594E-1 9.943E-1 9.97192E-1 9.99907E-1 9.98445E-1 9.99069E-1 9.98006E-1 9.99796E-1 9.99589E-1 9.99437E-1 9.99656E-1 9.99886E-1 9.99861E-1 9.99465E-1 9.96363E-1 9.99948E-1 9.92438E-1 9.99973E-1 9.99981E-1 9.99173E-1 9.99983E-1 9.99809E-1 9.99999E-1 9.99999E-1 9.99821E-1 9.99343E-1 1E0 1E0 9.99998E-1 1E0 9.99999E-1 1E0 1E0 1E0 1E0 9.9999E-1 1E0 9.99984E-1 9.99639E-1 9.99857E-1 9.81336E-1 9.9831E-1 9.99992E-1
-9999 -9999 -9999 -9999 -9999 -9999 -9999 9.93558E-1 9.94802E-1 9.87761E-1 9.79708E-1 9.71588E-1 9.28183E-1 9.21097E-1 9.29115E-1 9.25117E-1 9.57299E-1 9.54333E-1 9.01711E-1 9.65876E-1 9.47724E-1 9.09039E-1 9.68086E-1 9.8512E-1 9.64787E-1 9.85696E-1 9.97035E-1 9.91875E-1 9.98814E-1 9.91674E-1 9.96085E-1 9.96637E-1 9.99722E-1 9.98119E-1 9.96608E-1 9.9837E-1 9.99702E-1 9.99829E-1 9.99508E-1 9.99809E-1 9.98523E-1 9.99519E-1 9.9995E-1 9.98992E-1 9.99778E-1 9.97899E-1 1E0 9.99997E-1 1E0 9.99999E-1 9.99998E-1 9.99999E-1 9.99983E-1 9.99993E-1 9.99998E-1 9.99999E-1 9.99997E-1 9.99987E-1 9.99938E-1 9.99999E-1 9.99997E-1 1E0 1E0 9.99998E-1 9.99999E-1 9.99994E-1 9.99995E-1 9.99995E-1 9.99933E-1 9.99958E-1 9.9992E-1 9.99647E-1
-9999 -9999 -9999 -9999 -9999 -9999 9.95079E-1 9.69221E-1 9.80332E-1 9.8412E-1 9.82644E-1 9.96053E-1 9.88093E-1 9.65002E-1 9.53789E-1 9.64036E-1 9.82401E-1 8.99669E-1 9.11785E-1 8.47761E-1 9.36156E-1 9.22453E-1 9.50008E-1 8.86828E-1 9.67668E-1 9.66212E-1 9.49353E-1 9.82159E-1 9.99016E-1 9.97662E-1 9.94701E-1 9.95877E-1 9.99775E-1 9.97438E-1 9.99388E-1 9.9823E-1 9.99762E-1 9.9997E-1 9.99892E-1 9.99886E-1 9.99628E-1 9.99978E-1 9.99947E-1 9.98997E-1 9.99987E-1 9.98623E-1 9.98177E-1 9.99974E-1 9.99985E-1 9.99954E-1 9.99661E-1 9.99999E-1 9.9944E-1 9.99993E-1 9.97942E-1 9.99949E-1 9.99965E-1 9.99996E-1 9.99986E-1 9.99987E-1 9.99997E-1 9.99996E-1 9.99996E-1 9.99999E-1 9.99999E-1 1E0 9.99942E-1 9.99976E-1 9.9996E-1 9.94479E-1 9.99986E-1 9.99976E-1
-9999 -9999 -9999 -9999 -9999 -9999 9.97928E-1 9.84445E-1 9.26235E-1 9.80224E-1 9.97302E-1 9.84887E-1 9.459E-1 9.70295E-1 9.47107E-1 9.37909E-1 9.45914E-1 9.88212E-1 9.35791E-1 9.11851E-1 9.69637E-1 9.33748E-1 9.32756E-1 9.30416E-1 9.42505E-1 9.84004E-1 9.80143E-1 9.90515E-1 9.97763E-1 9.86136E-1 9.99359E-1 9.98294E-1 9.98562E-1 9.9965E-1 9.99427E-1 9.99916E-1 9.99738E-1 9.99833E-1 9.99761E-1 9.99974E-1 9.99977E-1 9.99993E-1 9.99978E-1 9.99526E-1 9.99992E-1 1E0 9.99642E-1 9.99987E-1 9.99768E-1 9.99971E-1 9.9983E-1 9.99437E-1 9.99997E-1 9.99979E-1 9.99474E-1 9.998E-1 9.99998E-1 9.99997E-1 1E0 9.99964E-1 9.99952E-1 1E0 9.99993E-1 9.99998E-1 9.99988E-1 9.99999E-1 9.99897E-1 9.99954E-1 9.99959E-1 9.9986E-1 9.9996E-1 9.99628E-1
-9999 -9999 -9999 -9999 -9999 -9999 9.95326E-1 9.99374E-1 9.52343E-1 9.62852E-1 9.7962E-1 9.75305E-1 9.46227E-1 9.56249E-1 9.45182E-1 9.71381E-1 9.7146E-1 9.19279E-1 8.83699E-1 9.60368E-1 9.22454E-1 9.72914E-1 8.68112E-1 8.74948E-1 9.62783E-1 9.72141E-1 9.75501E-1 9.67722E-1 9.96435E-1 9.91597E-1 9.99169E-1 9.98752E-1 9.97816E-1 9.99831E-1 9.98749E-1 9.97764E-1 9.98793E-1 9.99466E-1 9.96257E-1 9.99923E-1 9.99054E-1 9.99958E-1 9.99113E-1 9.99572E-1 9.98453E-1 9.99998E-1 9.99977E-1 9.99981E-1 9.99757E-1 9.99889E-1 9.99957E-1 9.99854E-1 9.99981E-1 9.99852E-1 9.9993E-1 9.99537E-1 1E0 9.99998E-1 9.99995E-1 9.99984E-1 9.99999E-1 9.99999E-1 9.99997E-1 9.99961E-1 9.99925E-1 9.99999E-1 9.99921E-1 9.99995E-1 9.99896E-1 9.99779E-1 9.99631E-1 9.99894E-1
-9999 -9999 -9999 -9999 -9999 -9999 -9999 -9999 9.97255E-1 9.51554E-1 9.83097E-1 9.35405E-1 9.14043E-1 8.97459E-1 8.82994E-1 8.11422E-1 9.54947E-1 9.09584E-1 9.68891E-1 9.75459E-1 9.42163E-1 9.28006E-1 8.60671E-1 8.81614E-1 9.81368E-1 9.61864E-1 9.6811E-1 9.90611E-1 9.81591E-1 9.99651E-1 9.99539E-1 9.98186E-1 9.99283E-1 9.98322E-1 9.99856E-1 9.99577E-1 9.99781E-1 9.98838E-1 9.99833E-1 9.99953E-1 9.99544E-1 9.99583E-1 9.96129E-1 9.99874E-1 9.99928E-1 9.98438E-1 9.9921E-1 9.99728E-1 9.96862E-1 9.96976E-1 9.99984E-1 9.99983E-1 9.99477E-1 9.9998E-1 9.99999E-1 9.99999E-1 9.99996E-1 1E0 9.99983E-1 9.99868E-1 1E0 9.99999E-1 1E0 1E0 1E0 9.99995E-1 9.99987E-1 1E0 9.99985E-1 9.99757E-1 9.83927E-1 9.99473E-1
-9999 -9999 -9999 -9999 -9999 9.95765E-1 9.93606E-1 9.79821E-1 9.86095E-1 9.67463E-1 9.67659E-1 9.34262E-1 8.74252E-1 8.62873E-1 8.91507E-1 7.64865E-1 9.50585E-1 9.31738E-1 9.6662E-1 8.76077E-1 9.44082E-1 9.4017E-1 8.71135E-1 8.83433E-1 9.35229E-1 9.8069E-1 9.69532E-1 9.59648E-1 9.63169E-1 9.91764E-1 9.948E-1 9.98028E-1 9.98328E-1 9.99716E-1 9.95222E-1 9.99819E-1 9.95409E-1 9.9995E-1 9.99993E-1 9.98355E-1 9.9833E-1 9.99953E-1 9.99523E-1 9.99839E-1 9.99913E-1 9.9633E-1 9.98442E-1 9.99962E-1 9.99932E-1 9.99642E-1 9.99638E-1 9.99999E-1 1E0 9.95468E-1 9.96738E-1 9.99006E-1 1E0 9.99997E-1 9.99969E-1 9.99984E-1 9.99996E-1 9.99752E-1 9.99999E-1 9.99999E-1 9.99972E-1 9.99987E-1 9.99995E-1 9.99999E-1 9.99952E-1 9.89354E-1 9.92061E-1 9.99919E-1
-9999 -9999 -9999 -9999 -9999 9.83175E-1 9.90823E-1 9.75433E-1 9.33371E-1 8.63823E-1 8.36452E-1 9.35365E-1 8.69826E-1 9.39124E-1 8.89414E-1 9.1414E-1 8.47456E-1 8.95955E-1 9.46541E-1 9.68605E-1 9.27764E-1 9.44284E-1 9.556E-1 9.5307E-1 9.45196E-1 9.74722E-1 9.81701E-1 9.68153E-1 9.69462E-1 9.8893E-1 9.81311E-1 9.9295E-1 9.97393E-1 9.99348E-1 9.9417E-1 9.99963E-1 9.99881E-1 9.98322E-1 9.99979E-1 9.99862E-1 9.99904E-1 9.99929E-1 9.9996E-1 9.99981E-1 9.97876E-1 9.97564E-1 9.99781E-1 9.99701E-1 9.99965E-1 9.99896E-1 9.99987E-1 9.99926E-1 9.99984E-1 9.99837E-1 9.99503E-1 9.99516E-1 9.99999E-1 9.99994E-1 1E0 1E0 1E0 1E0 1E0 9.9999E-1 9.99992E-1 9.98303E-1 1E0 9.99977E-1 9.99982E-1 9.99325E-1 9.99997E-1 9.99776E-1
-9999 -9999 -9999 -9999 -9999 9.76575E-1 9.80606E-1 9.21301E-1 9.38432E-1 7.81226E-1 7.71035E-1 9.08796E-1 8.26503E-1 7.95445E-1 8.32794E-1 9.48673E-1 8.84961E-1 8.34328E-1 9.45459E-1 9.18483E-1 9.2408E-1 9.31078E-1 9.77465E-1 9.91996E-1 9.96873E-1 9.70533E-1 9.79904E-1 9.84171E-1 9.80736E-1 9.68169E-1 9.64224E-1 9.70092E-1 9.93469E-1 9.9637E-1 9.93566E-1 9.99812E-1 9.99986E-1 9.99149E-1 9.99839E-1 9.99589E-1 9.98893E-1 9.9616E-1 9.91917E-1 9.98961E-1 9.99892E-1 9.99963E-1 9.99786E-1 9.99928E-1 9.99972E-1 9.99907E-1 9.9974E-1 9.99867E-1 9.99979E-1 9.99978E-1 9.99464E-1 9.99761E-1 9.99946E-1 9.99984E-1 1E0 1E0 1E0 1E0 1E0 9.99753E-1 9.98652E-1 9.97801E-1 9.99591E-1 9.99995E-1 9.99998E-1 9.99994E-1 9.99993E-1 9.99649E-1
-9999 -9999 -9999 -9999 -9999 9.34183E-1 8.57632E-1 8.72091E-1 8.26394E-1 6.21038E-1 7.16628E-1 8.94722E-1 6.89092E-1 7.59835E-1 8.13834E-1 9.2869E-1 9.202E-1 9.4247E-1 8.61548E-1 9.26034E-1 8.34288E-1 9.1168E-1 9.89943E-1 9.78726E-1 9.77885E-1 9.83185E-1 9.90922E-1 9.78562E-1 9.9429E-1 9.64197E-1 9.8422E-1 9.73825E-1 9.99537E-1 9.93296E-1 9.95976E-1 9.99888E-1 9.96702E-1 9.99231E-1 9.99757E-1 9.96785E-1 9.99388E-1 9.99413E-1 9.88851E-1 9.99798E-1 9.98147E-1 9.93133E-1 9.93527E-1 9.99914E-1 9.99959E-1 9.99946E-1 9.99964E-1 1E0 1E0 9.99999E-1 9.99624E-1 9.99762E-1 9.98519E-1 9.99989E-1 1E0 1E0 1E0 9.99999E-1 1E0 9.99152E-1 9.98646E-1 9.98845E-1 9.99752E-1 9.97211E-1 9.8638E-1 9.99591E-1 9.99987E-1 9.99999E-1
-9999 -9999 -9999 -9999 -9999 9.92769E-1 8.8675E-1 8.41306E-1 6.686E-1 4.80282E-1 5.47526E-1 7.27201E-1 6.95483E-1 7.87434E-1 7.89435E-1 7.12605E-1 9.61743E-1 9.59786E-1 9.38774E-1 9.28613E-1 8.77668E-1 9.02228E-1 9.29746E-1 8.94121E-1 9.66371E-1 9.60639E-1 9.81119E-1 9.69991E-1 9.80259E-1 9.8438E-1 9.92075E-1 9.51718E-1 9.92973E-1 9.9784E-1 9.98986E-1 9.97757E-1 9.99829E-1 9.99417E-1 9.97474E-1 9.96812E-1 9.99492E-1 9.99998E-1 9.99998E-1 9.99962E-1 9.99922E-1 1E0 9.96532E-1 9.9988E-1 9.99914E-1 9.99994E-1 9.99998E-1 9.99998E-1 1E0 9.99568E-1 9.99167E-1 9.99572E-1 9.97896E-1 9.9949E-1 9.99985E-1 1E0 9.97461E-1 9.99396E-1 9.99989E-1 9.99243E-1 9.98973E-1 9.99987E-1 9.99828E-1 9.89214E-1 9.9965E-1 9.99835E-1 9.99979E-1 9.9951E-1
-9999 -9999 -9999 -9999 -9999 6.9141E-1 9.28687E-1 6.17259E-1 5.49119E-1 4.81122E-1 6.36625E-1 7.36095E-1 5.0744E-1 6.79237E-1 6.66594E-1 8.10606E-1 8.38912E-1 9.56207E-1 9.45539E-1 9.20445E-1 8.28935E-1 9.34164E-1 9.329E-1 8.68534E-1 9.24652E-1 9.765E-1 9.68032E-1 9.43074E-1 9.33365E-1 9.675E-1 9.91549E-1 9.51999E-1 9.97334E-1 9.98679E-1 9.98777E-1 9.95778E-1 9.94964E-1 9.95299E-1 9.9977E-1 9.99629E-1 9.95954E-1 9.99999E-1 1E0 9.99686E-1 9.99986E-1 9.99994E-1 9.92365E-1 9.99948E-1 9.99964E-1 9.99974E-1 9.99996E-1 1E0 9.99999E-1 9.99978E-1 9.98008E-1 9.99803E-1 9.99043E-1 9.95489E-1 9.9996E-1 9.99951E-1 9.99999E-1 9.99999E-1 9.99941E-1 9.99964E-1 9.99971E-1 9.99963E-1 9.98831E-1 9.94422E-1 9.90588E-1 9.99985E-1 9.99978E-1 9.99985E-1
-9999 -9999 -9999 -9999 -9999 8.01558E-1 7.56583E-1 7.21192E-1 6.31737E-1 6.44737E-1 6.53522E-1 6.47632E-1 6.15256E-1 7.13549E-1 8.08346E-1 8.54906E-1 9.02588E-1 8.26561E-1 9.41808E-1 9.36814E-1 8.40568E-1 8.98181E-1 9.46615E-1 9.38652E-1 9.51859E-1 9.14117E-1 8.93564E-1 9.47612E-1 9.43474E-1 9.72614E-1 9.7281E-1 9.94059E-1 9.74057E-1 9.95495E-1 9.9786E-1 9.98543E-1 9.96348E-1 9.97548E-1 9.99164E-1 9.97068E-1 9.97643E-1 9.99753E-1 9.99999E-1 9.99998E-1 9.99999E-1 9.99969E-1 9.95928E-1 9.99876E-1 9.97724E-1 9.99587E-1 9.99999E-1 9.99945E-1 9.99965E-1 9.99889E-1 9.99899E-1 9.9993E-1 9.99979E-1 1E0 9.99984E-1 9.99999E-1 9.9806E-1 9.98973E-1 9.99961E-1 9.99944E-1 9.99974E-1 9.96621E-1 9.98797E-1 9.98711E-1 9.99105E-1 9.99921E-1 9.99728E-1 9.994E-1
