ENM/Final_Models/M_0.8_F_q_Set_1_E/Gustavia_santanderiensis_6_Choco_novel.asc
ncols         367
nrows         963
xllcorner     -78.6
yllcorner     0.65
cellsize      0.00833333333333323
NODATA_value  -9999
[rows 510 to 539 of 963, columns 204 to 271 of 367]
-8.61878E1 -8.50829E1 -1.03867E2 -8.45304E1 -8.34254E1 -1.03867E2 -5.80116E1 -9.72376E1 -1.03315E2 -9.66851E1 -1.0221E2 -1.0221E2 -4.82304E1 -4.31145E1 -6.96133E1 -6.85083E1 -6.79558E1 -6.57459E1 -6.51934E1 -6.51934E1 -6.29834E1 -6.29834E1 -6.0221E1 -3.98649E1 -4.20206E1 -5.13812E1 -9.00553E1 -6.46409E1 -3.861E1 -3.75804E1 -3.76448E1 -4.64088E1 -7.67956E1 -6.79558E1 -7.23757E1 -8.1768E1 -7.12707E1 -1.62484E1 -1.54696E1 -3.95753E0 -4.30939E1 -5.19337E1 -5.24862E1 -2.92818E1 -1.43646E1 3.19425E0 2.97465E0 2.01637E0 1.07606E1 1.26173E1 2.28589E1 2.56339E1 1.54322E1 1.2757E1 2.74107E1 3.11839E1 2.76103E1 7.40667E0 1.91855E1 4.57177E0 5.98922E-1 1.11799E0 1.07806E0 7.18706E0 1.26772E1 9.86225E0 9.86225E0 1.11599E1
-1.28729E2 -9.17127E1 -9.17127E1 -8.28729E1 -8.1768E1 -8.1768E1 -8.01105E1 -7.9558E1 -1.0221E2 -1.09392E2 -1.08287E2 -1.0884E2 -1.08287E2 -5.09653E1 -4.57529E1 -4.62677E1 -4.53668E1 -6.74033E1 -6.68508E1 -6.62983E1 -6.29834E1 -8.89503E1 -6.07735E1 -6.0221E1 -5.80111E1 -5.74586E1 -5.63536E1 -5.41436E1 -6.35359E1 -6.1326E1 -4.53039E1 -4.64088E1 -8.1768E1 -7.07182E1 -7.79006E1 -8.56354E1 -7.29282E1 -9.81339E0 -1.76796E1 -2.92818E1 -5.41436E1 -7.73481E1 -5.41436E1 -1.71271E1 7.58634E-1 2.01637E0 1.46736E1 1.98443E1 1.98443E1 1.98443E1 1.80675E1 6.04911E0 2.84288E1 2.14813E1 8.08545E0 4.39209E0 3.19425E0 4.03274E0 1.46736E1 7.70613E0 7.78599E-1 7.3867E-1 9.38311E-1 1.02815E1 1.11599E1 8.82412E0 1.11599E1 1.47335E1
-1.28177E2 -1.28177E2 -1.03315E2 -1.24862E2 -8.12155E1 -7.9558E1 -8.95028E1 -9.00553E1 -9.61326E1 -9.50276E1 -9.44751E1 -9.50276E1 -1.08287E2 -7.07182E1 -4.90347E1 -5.72716E1 -4.26319E1 -6.79558E1 -6.79558E1 -4.26641E1 -6.46409E1 -8.89503E1 -9.06077E1 -6.07735E1 -4.45624E1 -7.34807E1 -8.83978E1 -8.78453E1 -6.29834E1 -6.0221E1 -4.25414E1 -4.0884E1 -4.47514E1 -6.79558E1 -6.18785E1 -7.56906E1 -5.69061E1 -2.54144E1 -9.94475E0 -2.54144E1 -5.13812E1 -9.33702E1 -2.20994E1 3.19425E-1 7.18706E-1 1.07806E0 4.39209E0 4.39209E0 1.56119E1 1.46736E1 1.26173E1 2.56339E1 1.36554E1 1.49531E1 -5.52486E-1 -1.10497E0 -7.73481E0 3.49371E0 5.58994E-1 4.59174E-1 4.59174E-1 1.47335E1 1.26772E1 8.76422E0 1.26772E1 6.8876E0 1.2198E1 1.98443E1
-1.28177E2 -9.06077E1 -9.00553E1 -9.06077E1 -1.07182E2 -1.0663E2 -1.01657E2 -8.95028E1 -1E2 -9.50276E1 -9.39227E1 -1.00552E2 -1.01105E2 -7.29282E1 -9.33702E1 -9.22652E1 -6.74033E1 -8.95028E1 -9.06077E1 -6.62983E1 -5.63536E1 -8.83978E1 -8.89503E1 -4.45624E1 -4.08623E1 -3.22394E1 -3.36551E1 -6.40884E1 -3.79987E1 -6.90608E1 -6.51934E1 -7.18232E1 -4.47514E1 -7.62431E1 -6.62983E1 -6.96133E1 -5.63536E1 -1.60221E1 -1.43646E1 -2.81768E1 -1.76796E1 -1.93694E1 6.58814E-1 1.07806E0 2.79497E0 1.39748E0 3.59353E0 4.03274E0 7.40667E0 2.97465E0 5.64983E0 8.08545E0 8.08545E0 -5.52486E-1 2.59533E0 5.19066E-1 3.39389E-1 5.58994E-1 2.99461E-1 5.64983E0 2.28589E1 1.47335E1 9.86225E0 1.11599E1 1.03414E1 1.98443E1 2.01238E1 2.56339E1
-1.27072E2 -1.30387E2 -9.00553E1 -1.26519E2 -1.14365E2 -1.01105E2 -1.01657E2 -1.01105E2 -1.00552E2 -8.72928E1 -8.72928E1 -9.11602E1 -9.94475E1 -1.07735E2 -9.33702E1 -1.02762E2 -6.57459E1 -9.72376E1 -6.51934E1 -7.29282E1 -5.46961E1 -7.62431E1 -8.89503E1 -5.85635E1 -5.80111E1 -5.74586E1 -3.39768E1 -5.13812E1 -7.01657E1 -6.90608E1 -3.92265E1 -3.37017E1 -7.9558E1 -8.23204E1 -7.07182E1 -6.18785E1 -6.07735E1 -6.85083E1 -4.91713E1 -3.44273E0 7.3867E-1 9.78239E-1 1.63705E0 2.19605E0 3.19425E0 2.79497E0 2.97465E0 1.23777E0 2.3358E0 1.11799E0 5.19066E-1 7.40667E0 3.59353E0 1.39748E-1 2.19605E0 1.23777E0 1.17788E0 2.59533E0 4.65163E0 4.65163E0 1.47335E1 1.3356E1 1.11599E1 1.26772E1 1.70493E1 1.2218E1 2.84288E1 3.08445E1
-1.14917E2 -9.00553E1 -9.06077E1 -1.07735E2 -1.0663E2 -1.13812E2 -1.1326E2 -1E2 -9.44751E1 -9.39227E1 -9.8895E1 -9.33702E1 -8.61878E1 -9.77901E1 -7.01657E1 -8.50829E1 -6.46409E1 -9.61326E1 -9.66851E1 -8.89503E1 -9.61326E1 -7.51381E1 -6.0221E1 -7.45856E1 -8.78453E1 -8.72928E1 -7.23757E1 -5.13812E1 -6.96133E1 -6.85083E1 -3.9779E1 -3.42541E1 -7.12707E1 -7.67956E1 -6.85083E1 -5.96685E1 -1.49171E1 -1.17761E1 -3.31403E0 1.39748E-1 3.19425E0 2.79497E0 3.19425E0 2.3358E0 4.65163E0 8.08545E0 5.64983E0 -1.27072E1 2.59533E-1 2.59533E-1 -7.73481E0 -1.21547E1 3.99281E-1 7.78599E-1 2.59533E0 3.39389E-1 4.59174E-1 4.03274E0 1.26772E1 9.86225E0 9.86225E0 8.58455E0 9.86225E0 1.47335E1 1.89259E1 2.49351E1 3.51567E1 1.74885E1
-1.09392E2 -8.39779E1 -8.61878E1 -9.77901E1 -1.0221E2 -1.10497E2 -9.44751E1 -9.8895E1 -9.33702E1 -9.77901E1 -1.07182E2 -8.89503E1 -8.83978E1 -9.17127E1 -1.05525E2 -6.79558E1 -6.62983E1 -8.78453E1 -9.44751E1 -9.50276E1 -6.35359E1 -5.96685E1 -7.40331E1 -5.30387E1 -8.61878E1 -8.61878E1 -7.12707E1 -7.01657E1 -4.75138E1 -6.51934E1 -3.70166E1 -3.20442E1 -8.23204E1 -8.72928E1 -8.61878E1 -5.19337E1 -1.48005E1 -1.71493E1 -9.29858E0 3.19425E0 7.3867E-1 6.18886E-1 5.19066E-1 3.99281E-1 3.99281E-1 1.23777E0 1.39748E-1 -2.37569E1 3.99281E-1 8.58455E-1 8.58455E-1 5.58994E-1 3.59353E0 3.19425E0 2.79497E0 1.56119E1 1.26772E1 7.78599E-1 1.70493E1 1.26772E1 1.26173E1 1.11599E1 1.11599E1 1.47335E1 2.56339E1 2.02436E1 2.93671E1 2.24596E1
-8.95028E1 -1.07182E2 -9.00553E1 -8.95028E1 -9.61326E1 -9.55801E1 -9.50276E1 -1.0442E2 -9.28177E1 -1.07182E2 -1.0884E2 -8.50829E1 -8.50829E1 -8.56354E1 -9.61326E1 -6.51934E1 -1.02762E2 -1.02762E2 -8.72928E1 -8.67403E1 -6.29834E1 -4.60425E1 -4.58494E1 -5.52486E1 -8.78453E1 -8.72928E1 -8.39779E1 -8.28729E1 -6.68508E1 -7.67956E1 -7.40331E1 -7.23757E1 -7.07182E1 -8.56354E1 -8.50829E1 -8.0663E1 -5.80111E1 -5.24862E1 -5.41436E1 -4.86188E1 -4.86188E1 -3.14917E1 -8.83978E0 -2.70718E1 -4.30939E1 -4.64088E1 -2.81768E1 -2.20994E0 -4.41989E0 3.39389E-1 1.39748E-1 7.3867E-1 3.19425E-1 5.19066E-1 7.18706E-1 1.70493E1 1.70493E1 1.07606E1 1.26173E1 1.47335E1 1.98443E1 1.70493E1 1.70493E1 1.14993E1 2.3338E1 2.31184E1 3.27211E1 3.51567E1
-8.61878E1 -1.0221E2 -9.72376E1 -8.83978E1 -1.01105E2 -7.73481E1 -7.62431E1 -9.8895E1 -1.03867E2 -8.78453E1 -8.72928E1 -7.56906E1 -7.51381E1 -8.45304E1 -6.62983E1 -1.0221E2 -1.01657E2 -8.23204E1 -7.56906E1 -7.51381E1 -7.56906E1 -5.96685E1 -8.56354E1 -5.46961E1 -5.35912E1 -5.19337E1 -4.82947E1 -6.96133E1 -6.74033E1 -8.12155E1 -7.90055E1 -7.51381E1 -7.29282E1 -7.12707E1 -7.40331E1 -7.23757E1 -6.74033E1 -5.9116E1 -5.19337E1 -3.31492E0 -1.9337E1 -1.65746E0 2.99461E-1 -9.39227E0 -2.98343E1 -3.31492E1 -3.03867E1 3.99281E-1 8.58455E-1 1.46736E1 6.72789E0 2.19605E0 9.12358E0 1.31364E1 1.17788E1 1.98443E1 2.28589E1 2.15213E1 2.28589E1 2.28589E1 9.82232E0 8.22519E0 1.98443E1 2.56339E1 3.2222E1 2.75903E1 2.74506E1 4.77141E0
-8.83978E1 -8.50829E1 -8.56354E1 -6.87902E1 -7.73481E1 -8.83978E1 -8.83978E1 -8.78453E1 -8.78453E1 -8.78453E1 -8.0663E1 -5.52486E1 -5.35912E1 -6.79558E1 -6.51934E1 -6.24309E1 -8.12155E1 -5.42471E1 -8.12155E1 -8.12155E1 -9.28177E1 -8.61878E1 -8.56354E1 -5.58011E1 -3.64865E1 -3.57465E1 -4.80663E1 -6.74033E1 -6.62983E1 -7.62431E1 -3.53591E1 -3.59116E1 -8.45304E1 -8.78453E1 -9.11602E1 -8.23204E1 -7.90055E1 -6.24309E1 -3.59116E1 1.07806E0 4.65163E0 6.109E0 8.08545E0 6.109E0 1.17788E0 1.19784E-1 -2.59669E1 -2.48619E1 1.01817E0 4.39209E0 4.03274E0 1.17788E1 8.82412E0 2.56339E1 2.56339E1 3.11839E1 1.74286E1 2.84288E1 2.84288E1 1.90457E1 3.11839E1 2.84288E1 1.64903E1 3.14833E1 2.28189E1 3.11639E1 2.19605E0 2.91276E1
-1.02762E2 -8.72928E1 -8.83978E1 -8.45304E1 -8.83978E1 -7.73481E1 -7.62431E1 -7.62431E1 -8.78453E1 -8.72928E1 -8.67403E1 -5.49871E1 -5.57272E1 -6.85083E1 -1.03867E2 -6.29834E1 -8.12155E1 -7.23757E1 -8.0663E1 -8.0663E1 -9.17127E1 -7.62431E1 -7.56906E1 -8.39779E1 -8.28729E1 -8.23204E1 -3.8964E1 -4.47514E1 -4.14365E1 -7.79006E1 -7.8453E1 -8.45304E1 -8.28729E1 -9.72376E1 -8.0663E1 -7.56906E1 -7.01657E1 -6.07735E1 -3.31492E0 4.65163E0 7.40667E0 8.82412E0 8.82412E0 2.59533E0 2.19605E0 1.19784E-1 -3.25967E1 -1.98895E1 -1.76796E1 8.58455E-1 9.38311E-1 1.64903E1 8.08545E0 2.88281E1 2.88281E1 2.84288E1 2.84288E1 2.42164E1 1.23178E1 6.86764E0 2.28589E1 2.28589E1 2.28589E1 3.11839E1 2.14813E1 2.82891E1 6.12897E0 1.17788E1
-9.17127E1 -7.67956E1 -7.62431E1 -7.73481E1 -6.4704E1 -7.51381E1 -7.40331E1 -5.39575E1 -7.29282E1 -8.61878E1 -8.56354E1 -7.62431E1 -7.51381E1 -5.55663E1 -9.55801E1 -9.44751E1 -9.39227E1 -8.23204E1 -8.0663E1 -8.01105E1 -8.01105E1 -8.0663E1 -7.45856E1 -5.19337E1 -8.1768E1 -8.0663E1 -6.85083E1 -4.91713E1 -4.75138E1 -6.90608E1 -3.75691E1 -3.25967E1 -1.7825E1 -8.56354E1 -8.34254E1 -7.34807E1 -7.18232E1 -6.0221E1 -6.46409E1 5.98922E-2 1.19784E-1 7.40667E0 2.01637E0 2.79497E0 2.59533E0 1.19784E-1 -2.0442E1 -1.04972E1 -3.8674E0 3.39389E-1 1.23777E0 1.07806E0 3.49371E0 5.94929E0 2.02236E1 1.56119E1 2.02236E1 9.52286E0 8.36494E0 1.98443E1 1.47335E1 1.2218E1 2.28589E1 2.35376E1 1.84468E1 1.95648E1 8.08545E0 2.93072E1
-8.67403E1 -9.55801E1 -1.01657E2 -6.95946E1 -6.33205E1 -7.62431E1 -8.83978E1 -5.88481E1 -6.52188E1 -8.61878E1 -8.67403E1 -8.56354E1 -8.50829E1 -7.45856E1 -8.39779E1 -8.39779E1 -7.40331E1 -7.23757E1 -7.18232E1 -7.12707E1 -7.01657E1 -7.9558E1 -7.9558E1 -7.8453E1 -6.1326E1 -7.23757E1 -5.69061E1 -2.49678E1 -6.0221E1 -6.29834E1 -3.21107E1 -3.35264E1 -2.17825E1 -3.42541E1 -3.03867E1 -2.59669E1 -6.46409E1 -5.9116E1 -4.19889E1 -5.02762E1 -2.98343E1 5.98922E-2 1.07806E0 2.01637E0 2.47554E0 1.23777E0 7.98563E-2 1.99641E-2 -1.54696E1 1.19784E-1 4.59174E-1 1.39748E-1 2.3358E0 1.39748E0 3.59353E0 3.59353E0 5.56997E0 5.33041E0 1.07806E0 1.10401E1 8.20523E0 1.47335E1 1.53923E1 2.84288E1 3.11839E1 1.7788E1 1.56119E1 1.8347E1
-8.61878E1 -8.67403E1 -1.0663E2 -1E2 -7.62431E1 -6.40283E1 -6.1036E1 -7.18232E1 -5.82368E1 -6.96133E1 -8.83978E1 -8.56354E1 -5.50515E1 -7.45856E1 -8.83978E1 -8.28729E1 -7.34807E1 -7.29282E1 -7.18232E1 -7.07182E1 -7.01657E1 -6.90608E1 -6.85083E1 -6.90608E1 -7.79006E1 -6.74033E1 -5.63536E1 -4.36464E1 -1.5444E1 -6.07735E1 -6.79558E1 -5.9116E1 -2.87293E1 -6.1326E1 -5.02762E1 -6.96133E1 -6.68508E1 -5.63536E1 -4.80663E1 -7.01657E1 -4.64088E1 -2.54144E1 -2.1547E1 2.59533E-1 4.59174E-1 3.99281E-1 -5.52486E-1 1.39748E-1 3.39389E-1 5.19066E-1 2.59533E0 5.78958E-1 4.65163E0 1.26772E1 1.11599E1 5.64983E0 1.26772E1 1.11599E1 2.3358E0 9.86225E0 1.08405E1 1.47335E1 1.57117E1 1.82272E1 1.3915E1 1.74286E1 2.56339E1 2.84288E1
-8.45304E1 -1.05525E2 -9.44751E1 -8.1768E1 -8.56354E1 -8.56354E1 -7.40331E1 -7.29282E1 -7.07182E1 -6.85083E1 -8.50829E1 -9.61326E1 -9.50276E1 -8.72928E1 -8.67403E1 -8.28729E1 -7.23757E1 -7.18232E1 -7.12707E1 -4.38546E1 -4.57851E1 -6.85083E1 -6.74033E1 -6.90608E1 -6.79558E1 -6.62983E1 -2.7027E1 -4.19889E1 -3.25967E1 -5.19337E1 -6.40884E1 -5.35912E1 -1.38031E1 -1.82111E1 -5.30387E1 -5.63536E1 -5.9116E1 -5.69061E1 -5.58011E1 -7.01657E1 -4.58564E1 -1.43646E1 -1.21547E1 1.19784E-1 5.64983E0 3.19425E-1 7.58634E-1 2.79497E0 7.40667E0 1.39748E0 2.97465E0 4.39209E0 2.97465E0 3.59353E0 8.32502E0 1.11599E1 9.40307E0 1.11599E1 8.76422E0 5.64983E0 9.86225E0 1.47335E1 2.02236E1 2.14813E1 2.48153E1 2.28589E1 1.73288E1 1.53524E1
-8.50829E1 -7.79006E1 -9.44751E1 -8.1768E1 -8.23204E1 -8.1768E1 -8.0663E1 -7.18232E1 -4.95174E1 -8.28729E1 -8.45304E1 -8.45304E1 -9.44751E1 -9.22652E1 -8.28729E1 -6.1326E1 -4.85521E1 -7.12707E1 -7.12707E1 -6.96133E1 -6.74033E1 -6.90608E1 -7.51381E1 -7.90055E1 -4.97238E1 -6.68508E1 -6.46409E1 -6.1326E1 -5.85635E1 -5.35912E1 -5.74586E1 -6.62983E1 -5.74586E1 -5.58011E1 -6.74033E1 -6.68508E1 -6.29834E1 -7.67956E1 -6.29834E1 -5.41436E1 -4.30939E1 -4.30939E1 3.59353E0 1.98443E1 1.47335E1 1.47335E1 1.47335E1 1.47335E1 7.08724E0 7.58634E0 2.79497E0 2.97465E0 3.19425E0 4.39209E0 5.21062E0 8.76422E0 9.86225E0 4.81134E0 8.76422E0 8.10541E0 1.11599E1 1.70493E1 2.56339E1 2.14813E1 2.35177E1 2.56339E1 1.84468E1 2.28589E1
-8.45304E1 -1.03867E2 -8.45304E1 -8.23204E1 -6.16152E1 -8.12155E1 -7.56906E1 -7.18232E1 -5.37967E1 -8.28729E1 -8.1768E1 -8.1768E1 -8.1768E1 -8.0663E1 -6.29834E1 -6.1326E1 -5.26705E1 -4.78121E1 -7.8453E1 -7.8453E1 -7.67956E1 -7.45856E1 -7.79006E1 -8.39779E1 -6.40884E1 -6.51934E1 -6.57459E1 -6.35359E1 -6.18785E1 -5.80111E1 -2.79923E1 -5.69061E1 -5.30387E1 -6.40884E1 -5.52486E1 -5.9116E1 -6.68508E1 -5.80111E1 -5.08287E1 -4.80663E1 -1.10497E1 -2.76243E1 6.58814E-1 1.98443E1 1.26772E1 9.86225E0 4.59173E0 5.58994E-1 1.01817E0 3.59353E0 8.10541E0 8.10541E0 8.10541E0 3.19425E0 3.19425E0 3.59353E0 5.64983E0 4.03274E0 8.10541E0 8.76422E0 1.11599E1 1.25374E1 2.14813E1 1.8347E1 2.02236E1 2.28589E1 1.41545E1 1.98443E1
-8.34254E1 -8.39779E1 -8.39779E1 -8.1768E1 -6.09073E1 -7.34807E1 -7.29282E1 -7.18232E1 -7.07182E1 -6.90608E1 -7.73481E1 -8.12155E1 -8.01105E1 -7.9558E1 -8.0663E1 -8.0663E1 -7.29282E1 -7.07182E1 -4.05727E1 -7.23757E1 -7.12707E1 -7.62431E1 -7.29282E1 -6.57459E1 -6.96133E1 -7.01657E1 -6.68508E1 -6.85083E1 -6.46409E1 -5.30387E1 -3.37838E1 -5.52486E1 -5.58011E1 -5.80111E1 -5.9116E1 -5.80111E1 -5.19337E1 -4.75138E1 -4.30939E1 -3.37017E1 6.98742E-1 7.78599E-1 5.58994E-1 1.70493E1 1.47335E1 8.76422E0 3.25414E0 6.72789E0 1.11599E1 5.21062E0 2.59533E0 4.65163E0 6.60811E0 7.28688E0 4.39209E0 2.79497E0 6.60811E0 6.60811E0 7.28688E0 8.76422E0 1.47335E1 2.28589E1 1.98443E1 1.98443E1 1.98443E1 2.0563E1 2.15213E1 1.98443E1
-8.28729E1 -8.28729E1 -8.1768E1 -8.12155E1 -6.91763E1 -7.45856E1 -9.11602E1 -9.00553E1 -8.95028E1 -9.44751E1 -8.0663E1 -6.03604E1 -7.40331E1 -7.29282E1 -7.90055E1 -7.9558E1 -7.90055E1 -7.12707E1 -7.01657E1 -6.68508E1 -6.57459E1 -7.01657E1 -4.47514E1 -6.40884E1 -7.07182E1 -6.90608E1 -6.57459E1 -7.07182E1 -6.07735E1 -6.1326E1 -6.07735E1 -4.97238E1 -5.08287E1 -5.96685E1 -5.08287E1 -5.30387E1 -6.57459E1 -5.80111E1 -6.0221E1 -4.86188E1 -3.20442E1 -4.19889E1 -1.65746E1 1.51727E0 7.58634E-1 6.72789E0 8.10541E0 8.10541E0 9.86225E0 8.10541E0 8.76422E0 1.11599E1 8.10541E0 5.76961E0 5.76961E0 5.76961E0 6.60811E0 6.60811E0 8.76422E0 1.11599E1 1.70493E1 2.28589E1 1.98443E1 1.50928E1 1.06009E1 1.98443E1 2.28589E1 1.98443E1
-8.23204E1 -8.23204E1 -8.0663E1 -8.0663E1 -8.0663E1 -8.23204E1 -1.08287E2 -1.07182E2 -8.89503E1 -8.0663E1 -7.62431E1 -7.56906E1 -7.45856E1 -7.34807E1 -7.34807E1 -7.79006E1 -5.69061E1 -7.07182E1 -7.01657E1 -6.90608E1 -6.79558E1 -7.45856E1 -6.57459E1 -3.42021E1 -2.04633E1 -2.33269E1 -2.52896E1 -6.79558E1 -6.40884E1 -5.08287E1 -6.1326E1 -5.08287E1 -5.08287E1 -5.63536E1 -5.19337E1 -5.35912E1 -5.13812E1 -5.9116E1 -4.80663E1 -2.32044E1 1.74286E1 1.91855E1 1.51727E0 2.19605E0 2.19605E0 4.03274E0 8.10541E0 7.28688E0 8.10541E0 7.28688E0 7.28688E0 8.76422E0 8.10541E0 7.28688E0 5.76961E0 5.76961E0 7.28688E0 7.28688E0 8.76422E0 1.11599E1 1.98443E1 1.98443E1 1.98443E1 1.87063E1 1.70493E1 1.39748E1 1.70493E1 1.70493E1
-7.67956E1 -7.56906E1 -7.51381E1 -7.40331E1 -7.29282E1 -7.9558E1 -7.29282E1 -7.12707E1 -7.01657E1 -6.90608E1 -7.62431E1 -7.56906E1 -4.926E1 -4.58564E1 -7.23757E1 -5.9116E1 -7.90055E1 -7.07182E1 -7.01657E1 -6.85083E1 -6.79558E1 -4.14365E1 -4.64088E1 -6.07735E1 -4.47514E1 -4.36464E1 -4.30939E1 -5.58011E1 -5.41436E1 -6.1326E1 -5.35912E1 -5.35912E1 -4.41989E1 -5.69061E1 -4.86188E1 -4.75138E1 -5.08287E1 -5.02762E1 -4.80663E1 -3.25967E1 -1.27072E1 1.19784E-1 4.03274E0 6.72789E0 9.78239E-1 8.08545E0 8.10541E0 6.60811E0 7.28688E0 7.28688E0 7.28688E0 8.10541E0 7.28688E0 6.60811E0 6.60811E0 5.76961E0 6.60811E0 6.60811E0 8.10541E0 1.26772E1 1.70493E1 1.70493E1 2.28589E1 2.23198E1 1.98443E1 7.40667E0 1.98443E1 -9999
-8.1768E1 -8.1768E1 -8.12155E1 -7.34807E1 -7.29282E1 -7.90055E1 -8.12155E1 -7.01657E1 -5.58011E1 -8.01105E1 -5.19337E1 -4.97238E1 -4.80663E1 -4.69613E1 -4.80663E1 -5.24862E1 -7.07182E1 -4.30939E1 -4.48198E1 -3.82239E1 -3.17568E1 -4.64088E1 -2.81853E1 -6.18785E1 -4.41989E1 -4.25414E1 -5.13812E1 -5.52486E1 -5.80111E1 -5.46961E1 -5.24862E1 -5.19337E1 -4.91713E1 -5.02762E1 -4.30939E1 -4.80663E1 -5.46961E1 -2.59669E1 -2.43094E1 7.78599E-1 7.58634E-1 5.64983E0 1.17788E0 1.51727E0 1.85666E0 8.58455E-1 2.59533E0 2.97465E0 5.76961E0 4.77141E0 6.60811E0 7.28688E0 6.60811E0 5.76961E0 5.76961E0 4.99102E0 6.60811E0 7.28688E0 9.86225E0 1.47335E1 1.34957E1 2.02236E1 1.91056E1 2.28589E1 1.81473E1 1.70493E1 -9999 -9999
-8.1768E1 -8.12155E1 -8.01105E1 -7.9558E1 -8.01105E1 -8.01105E1 -8.0663E1 -6.96133E1 -5.52486E1 -5.41436E1 -5.24862E1 -4.03153E1 -4.04118E1 -4.19562E1 -4.27928E1 -3.81596E1 -4.34363E1 -3.9157E1 -4.25676E1 -3.50386E1 -2.58687E1 -1.76319E1 -1.71493E1 -6.07735E1 -4.36464E1 -5.69061E1 -5.58011E1 -6.1326E1 -5.02762E1 -3.81215E1 -4.97238E1 -3.03867E1 -3.64641E1 -4.80663E1 -5.74586E1 -4.19889E1 -4.86188E1 -3.31492E1 1.07806E0 2.97465E0 7.18706E-1 9.40307E0 4.39209E0 6.109E0 8.76422E0 8.10541E0 8.76422E0 7.28688E0 5.76961E0 4.1126E0 5.76961E0 6.60811E0 5.76961E0 5.76961E0 4.65163E0 6.60811E0 7.28688E0 8.76422E0 1.26772E1 1.47335E1 1.64903E1 2.14813E1 2.00639E1 2.39569E1 2.28589E1 -9999 -9999 -9999
-8.12155E1 -8.0663E1 -8.0663E1 -7.9558E1 -7.90055E1 -8.01105E1 -7.9558E1 -7.9558E1 -5.30387E1 -5.30387E1 -6.62983E1 -5.08287E1 -3.18533E1 -3.20463E1 -4.19884E1 -3.68404E1 -3.88996E1 -3.57143E1 -4.25414E1 -6.85083E1 -2.8314E1 -3.9779E1 -4.36464E1 -5.74586E1 -5.58011E1 -5.19337E1 -5.46961E1 -6.40884E1 -6.1326E1 -5.13812E1 -5.9116E1 -3.37017E1 -3.42541E1 -4.36464E1 -6.46409E1 -5.02762E1 -5.9116E1 -5.63536E1 -1.65746E1 1.99641E-2 1.19784E-1 3.59353E0 9.40307E0 1.63705E0 8.76422E0 7.28688E0 8.76422E0 7.56638E0 6.60811E0 4.77141E0 5.76961E0 5.76961E0 5.76961E0 4.77141E0 4.77141E0 6.60811E0 8.10541E0 1.11599E1 1.47335E1 1.98443E1 2.24596E1 1.52326E1 2.09822E1 2.82292E1 -9999 -9999 -9999 -9999
-8.01105E1 -7.9558E1 -7.9558E1 -7.90055E1 -7.90055E1 -9.83425E1 -7.8453E1 -7.8453E1 -8.50829E1 -6.57459E1 -7.73481E1 -5.35912E1 -5.96685E1 -7.67956E1 -4.69613E1 -3.6583E1 -4.25414E1 -3.41377E1 -4.0251E1 -4.80663E1 -4.41989E1 -3.16281E1 -6.1326E1 -6.62983E1 -7.34807E1 -5.02762E1 -7.12707E1 -8.1768E1 -6.0221E1 -5.9116E1 -5.69061E1 -4.75138E1 -4.36464E1 -4.36464E1 -6.35359E1 -6.29834E1 -4.97238E1 -5.35912E1 -1.76796E1 7.98563E-2 2.59533E0 7.40667E0 4.39209E0 9.40307E0 8.76422E0 8.10541E0 7.28688E0 7.28688E0 5.76961E0 6.60811E0 7.28688E0 7.28688E0 6.60811E0 5.76961E0 6.60811E0 8.10541E0 8.76422E0 9.86225E0 3.59353E0 1.47335E1 1.06009E1 1.35756E1 3.09443E1 -9999 -9999 -9999 -9999 -9999
-8.45304E1 -8.39779E1 -8.78453E1 -7.8453E1 -7.79006E1 -7.79006E1 -8.56354E1 -7.73481E1 -8.39779E1 -7.8453E1 -7.79006E1 -7.34807E1 -7.18232E1 -5.19337E1 -4.64088E1 -4.47514E1 -3.57143E1 -5.19337E1 -3.88996E1 -3.5843E1 -2.41634E1 -6.07735E1 -5.96685E1 -6.1326E1 -5.13812E1 -5.13812E1 -5.85635E1 -5.96685E1 -6.79558E1 -6.57459E1 -5.52486E1 -6.46409E1 -5.41436E1 -3.59116E1 -2.59669E1 -1.16022E1 -2.574E-1 6.18886E-1 1.39748E-1 5.19066E-1 1.17788E0 1.51727E0 1.51727E0 9.86225E0 8.10541E0 7.28688E0 6.60811E0 7.28688E0 7.28688E0 7.28688E0 8.10541E0 7.28688E0 6.60811E0 5.76961E0 6.60811E0 6.60811E0 7.28688E0 6.72789E0 5.21062E0 1.47335E1 1.95648E1 -9999 -9999 -9999 -9999 -9999 -9999 -9999
-7.8453E1 -7.79006E1 -7.79006E1 -8.83978E1 -7.67956E1 -7.73481E1 -9.39227E1 -8.45304E1 -8.34254E1 -8.28729E1 -7.45856E1 -4.91713E1 -7.51381E1 -7.07182E1 -7.01657E1 -7.29282E1 -3.19498E1 -4.10232E1 -5.24862E1 -5.08287E1 -4.41989E1 -6.40884E1 -5.63536E1 -5.58011E1 -5.02762E1 -5.13812E1 -5.69061E1 -5.69061E1 -5.19337E1 -4.64088E1 -6.40884E1 -4.58564E1 -3.03867E1 -4.0884E1 -2.1547E1 1.01817E0 -3.25967E1 9.78239E-1 1.85666E0 2.79497E0 3.59353E0 2.19605E0 2.3358E0 9.86225E0 9.86225E0 9.86225E0 7.28688E0 7.28688E0 8.76422E0 8.76422E0 9.86225E0 7.28688E0 5.76961E0 4.99102E0 4.77141E0 6.60811E0 8.10541E0 9.86225E0 5.64983E0 1.70493E1 -9999 -9999 -9999 -9999 -9999 -9999 -9999 -9999
-7.73481E1 -7.79006E1 -7.67956E1 -7.62431E1 -7.67956E1 -7.56906E1 -8.56354E1 -7.56906E1 -8.34254E1 -8.34254E1 -7.40331E1 -7.51381E1 -7.34807E1 -7.34807E1 -7.34807E1 -7.23757E1 -3.85779E1 -3.77413E1 -4.80663E1 -2.87001E1 -2.8668E1 -2.92149E1 -6.1326E1 -4.69613E1 -4.19889E1 -4.41989E1 -5.24862E1 -5.08287E1 -4.58564E1 -4.14365E1 -4.86188E1 -4.69613E1 -4.53039E1 -4.30939E1 -4.19889E1 -4.47514E1 -2.65193E1 -2.20994E0 6.18886E-1 4.59174E-1 1.19784E-1 1.23777E0 1.63705E0 1.23777E0 1.47335E1 1.26772E1 8.76422E0 8.10541E0 8.76422E0 1.11599E1 9.86225E0 8.10541E0 5.76961E0 5.76961E0 5.76961E0 6.60811E0 8.10541E0 9.86225E0 7.40667E0 -9999 -9999 -9999 -9999 -9999 -9999 -9999 -9999 -9999
-6.06821E1 -5.58011E1 -5.52486E1 -7.62431E1 -8.56354E1 -8.61878E1 -8.39779E1 -7.45856E1 -7.45856E1 -8.23204E1 -7.23757E1 -7.01657E1 -7.34807E1 -7.29282E1 -7.12707E1 -7.12707E1 -3.32368E1 -3.43951E1 -3.10167E1 -3.46525E1 -2.28443E1 -2.59009E1 -6.62983E1 -4.69613E1 -4.75138E1 -2.0442E1 -1.79537E1 -1.43501E1 -6.62983E0 -3.9779E1 -4.25414E1 -4.47514E1 -3.9779E1 -4.0884E1 -3.92265E1 -9.39227E0 -2.0442E1 -3.70166E1 -3.09392E1 -2.76243E1 -1.04972E1 4.59174E-1 6.18886E-1 1.46736E1 1.98443E1 1.11599E1 9.86225E0 8.76422E0 8.76422E0 8.32502E0 9.86225E0 8.10541E0 7.28688E0 5.76961E0 5.13076E0 6.60811E0 7.28688E0 9.86225E0 -9999 -9999 -9999 -9999 -9999 -9999 -9999 -9999 -9999 -9999
-5.81403E1 -7.79006E1 -7.67956E1 -7.62431E1 -8.61878E1 -8.50829E1 -7.40331E1 -7.23757E1 -7.12707E1 -7.01657E1 -6.85083E1 -6.74033E1 -7.18232E1 -7.18232E1 -7.12707E1 -6.74033E1 -4.50772E1 -3.94466E1 -3.37017E1 -3.46525E1 -3.64641E1 -3.48066E1 -2.78958E1 -5.9116E1 -2.26519E1 -5.63536E1 -2.1547E1 -1.9337E1 -2.20994E1 -5.13812E1 -3.81215E1 -3.8674E1 -1.87845E1 -3.59116E1 -2.87293E1 7.98563E-2 1.19784E-1 -2.48619E1 -1.16022E1 7.98563E-2 5.19066E-1 3.99281E-1 3.99281E-1 5.58994E-1 2.28589E1 1.70493E1 1.26772E1 1.11599E1 1.11599E1 1.11599E1 8.76422E0 7.28688E0 7.28688E0 5.76961E0 4.49191E0 -9999 -9999 -9999 -9999 -9999 -9999 -9999 -9999 -9999 -9999 -9999 -9999 -9999
