ENM/Final_Models/M_0.8_F_q_Set_1_E/Gustavia_santanderiensis_9_Choco.asc
ncols         367
nrows         963
xllcorner     -78.6
yllcorner     0.65
cellsize      0.00833333333333323
NODATA_value  -9999
[rows 930 to 959 of 963, columns 67 to 133 of 367]
2.1696E-4 1.04324E-4 1.51864E-4 1.70957E-4 1.64601E-4 1.23485E-4 8.8586E-5 1.20958E-4 1.01159E-4 1.20524E-4 2.40883E-4 6.48275E-4 5.94169E-4 6.70896E-4 8.33186E-4 8.20095E-4 7.9285E-4 7.91415E-4 9.45665E-4 9.61166E-4 1.04671E-3 9.72829E-4 8.59805E-4 7.92973E-4 7.17225E-4 6.60462E-4 7.28127E-4 1.30886E-3 1.00678E-3 9.73683E-4 1.05275E-3 8.63382E-4 6.733E-4 4.49595E-4 4.12885E-4 4.30443E-4 4.30393E-4 5.18069E-4 6.78236E-4 6.71737E-4 5.51853E-4 7.80649E-4 9.42326E-4 1.15235E-3 9.88079E-4 8.17945E-4 9.85573E-4 1.02254E-3 9.78021E-4 9.93069E-4 1.12779E-3 1.1193E-3 1.52042E-3 2.13768E-3 2.24748E-3 1.95406E-3 1.91278E-3 3.2754E-3 2.70314E-3 2.45556E-3 2.5041E-3 2.44706E-3 3.09311E-3 7.07773E-3 6.19245E-3 4.37085E-3 6.17345E-3
9.59065E-5 5.92855E-5 1.43555E-4 2.55607E-4 1.68961E-4 7.84331E-5 8.53111E-5 1.0612E-4 1.21321E-4 1.68856E-4 2.60998E-4 5.48242E-4 6.50755E-4 9.64229E-4 8.49394E-4 8.12302E-4 9.6767E-4 8.72881E-4 7.46315E-4 8.35219E-4 9.28513E-4 8.13146E-4 9.31419E-4 1.45694E-3 1.09056E-3 8.12219E-4 7.32352E-4 7.76245E-4 8.80334E-4 7.53488E-4 1.04043E-3 6.39837E-4 4.5873E-4 4.7539E-4 5.06299E-4 5.65647E-4 4.95907E-4 6.72931E-4 7.23952E-4 8.47397E-4 6.51841E-4 7.40273E-4 1.02179E-3 1.09028E-3 9.8953E-4 8.35936E-4 1.00921E-3 1.14047E-3 1.14429E-3 1.14929E-3 1.22237E-3 1.20712E-3 1.70295E-3 2.91723E-3 2.58211E-3 2.62574E-3 3.01818E-3 2.99108E-3 2.73307E-3 2.91219E-3 3.11651E-3 2.77737E-3 5.98717E-3 3.92235E-3 4.60196E-3 3.69641E-3 4.32609E-3
8.70775E-5 7.23841E-5 2.31034E-4 3.9823E-4 2.38503E-4 1.03491E-4 8.11196E-5 8.2918E-5 1.10381E-4 1.37716E-4 2.04336E-4 4.27599E-4 5.03062E-4 8.69388E-4 8.67563E-4 8.91542E-4 9.96391E-4 1.00702E-3 8.83436E-4 7.79235E-4 7.75246E-4 7.82991E-4 1.07395E-3 1.46941E-3 1.07613E-3 8.97182E-4 6.39708E-4 5.81261E-4 6.9354E-4 6.68826E-4 7.07011E-4 4.85375E-4 4.6412E-4 4.73067E-4 4.94898E-4 5.15242E-4 6.15248E-4 8.15969E-4 7.4995E-4 8.56359E-4 8.83082E-4 8.73642E-4 1.00645E-3 1.17265E-3 1.40727E-3 9.96676E-4 1.00757E-3 1.17188E-3 1.1473E-3 1.1737E-3 1.39254E-3 1.43766E-3 1.58213E-3 2.65088E-3 2.97975E-3 2.63643E-3 3.01053E-3 3.50479E-3 4.04614E-3 3.7202E-3 3.57628E-3 3.72212E-3 3.41204E-3 4.63731E-3 4.34752E-3 3.33963E-3 2.97212E-3
1.59896E-4 1.45308E-4 2.81629E-4 2.76616E-4 2.00648E-4 7.68033E-5 8.66573E-5 1.04104E-4 1.3955E-4 1.78803E-4 3.11652E-4 4.31972E-4 5.73435E-4 6.07931E-4 8.39282E-4 9.12729E-4 9.9441E-4 9.45292E-4 9.02712E-4 1.00483E-3 9.9859E-4 9.11461E-4 8.79144E-4 9.4562E-4 1.13574E-3 1.07289E-3 6.26161E-4 5.4834E-4 6.53144E-4 5.15007E-4 6.66241E-4 4.64811E-4 4.31496E-4 5.42865E-4 6.68701E-4 6.68699E-4 6.35321E-4 6.71226E-4 7.47234E-4 7.68381E-4 7.92203E-4 8.89528E-4 9.03283E-4 1.05594E-3 1.39768E-3 9.56792E-4 9.53148E-4 1.04411E-3 1.0809E-3 1.13757E-3 1.27105E-3 1.86267E-3 1.61166E-3 2.18345E-3 2.75596E-3 2.5923E-3 3.21911E-3 3.23286E-3 3.74396E-3 4.71752E-3 4.70086E-3 4.00857E-3 4.03257E-3 4.39898E-3 4.67738E-3 3.77419E-3 -9999
4.94109E-4 7.79051E-4 2.57432E-4 2.51431E-4 2.37199E-4 1.02247E-4 1.21055E-4 1.76374E-4 1.94362E-4 4.22931E-4 4.61194E-4 6.65114E-4 7.08899E-4 8.89894E-4 8.19187E-4 8.7894E-4 8.60557E-4 8.07265E-4 8.90201E-4 1.2E-3 1.27E-3 1.01778E-3 9.53599E-4 8.21366E-4 1.05999E-3 6.28304E-4 6.22189E-4 5.9563E-4 4.54224E-4 4.08888E-4 4.16746E-4 4.17034E-4 4.24295E-4 4.79843E-4 4.90594E-4 5.60181E-4 5.75462E-4 7.38022E-4 7.34056E-4 6.67884E-4 6.61755E-4 7.39684E-4 7.65823E-4 9.95461E-4 9.83641E-4 8.18933E-4 8.60773E-4 1.06999E-3 1.09506E-3 1.23249E-3 1.55082E-3 1.79194E-3 2.24309E-3 2.50843E-3 2.58058E-3 2.89357E-3 2.93678E-3 3.51881E-3 4.19315E-3 6.23165E-3 4.23872E-3 3.87769E-3 3.9165E-3 4.04576E-3 4.06229E-3 3.76247E-3 -9999
-9999 3.57555E-4 1.62149E-4 1.07623E-4 6.71353E-5 1.48404E-4 1.20787E-4 9.84145E-5 2.1525E-4 4.08721E-4 6.15027E-4 6.94028E-4 7.06673E-4 7.46547E-4 8.50486E-4 9.90833E-4 9.8677E-4 9.53806E-4 9.33606E-4 8.73345E-4 1.14168E-3 1.15754E-3 1.27858E-3 1.22984E-3 1.30983E-3 1.12551E-3 6.54841E-4 5.74899E-4 5.10941E-4 4.49505E-4 4.25532E-4 4.25578E-4 4.63744E-4 4.05101E-4 3.326E-4 3.82775E-4 5.32714E-4 6.65319E-4 6.28022E-4 6.62486E-4 6.28082E-4 7.5962E-4 7.87372E-4 8.6685E-4 9.5378E-4 8.91265E-4 9.96311E-4 1.15363E-3 1.01871E-3 1.19929E-3 1.58701E-3 1.79655E-3 1.89775E-3 2.68701E-3 2.71743E-3 3.16693E-3 3.24664E-3 3.49675E-3 5.15699E-3 5.60235E-3 5.68611E-3 5.03427E-3 6.0602E-3 4.63871E-3 4.11116E-3 3.71105E-3 4.07321E-3
-9999 -9999 -9999 8.23266E-5 6.47414E-5 5.15612E-5 5.8343E-5 6.907E-5 1.96608E-4 4.93017E-4 7.66766E-4 8.55363E-4 8.33562E-4 7.97507E-4 9.73767E-4 8.97618E-4 8.17911E-4 8.14287E-4 8.90892E-4 1.00259E-3 1.117E-3 1.10701E-3 1.16003E-3 1.27879E-3 1.30002E-3 1.2623E-3 7.43732E-4 6.60463E-4 5.83064E-4 5.1168E-4 4.57481E-4 5.43218E-4 4.70693E-4 4.86125E-4 3.89057E-4 3.89537E-4 5.25019E-4 6.26472E-4 6.35419E-4 6.07075E-4 6.47811E-4 7.15527E-4 7.34459E-4 7.23147E-4 9.20346E-4 8.76227E-4 9.75491E-4 1.00184E-3 9.87443E-4 1.23927E-3 1.25278E-3 1.67036E-3 2.18944E-3 2.91877E-3 3.31858E-3 3.52033E-3 3.4345E-3 4.08952E-3 4.32465E-3 4.99479E-3 5.09162E-3 5.97447E-3 6.10749E-3 5.153E-3 4.4381E-3 3.7783E-3 4.88196E-3
-9999 -9999 -9999 -9999 4.84045E-5 5.54811E-5 5.9918E-5 6.58744E-5 1.08966E-4 3.04161E-4 5.92884E-4 7.64251E-4 7.33443E-4 7.99745E-4 8.99551E-4 8.99204E-4 9.07934E-4 8.76622E-4 8.4692E-4 1.03374E-3 1.10091E-3 1.16261E-3 1.13441E-3 1.11859E-3 1.06611E-3 1.11308E-3 7.12299E-4 9.02475E-4 5.71911E-4 5.5587E-4 5.00932E-4 5.33717E-4 6.46024E-4 4.83401E-4 3.90121E-4 4.45303E-4 5.11029E-4 5.03681E-4 6.39398E-4 6.5426E-4 7.94145E-4 8.08373E-4 9.25472E-4 7.25489E-4 7.45518E-4 9.5356E-4 1.0836E-3 1.06733E-3 9.87209E-4 1.25815E-3 1.45365E-3 1.76506E-3 2.36154E-3 3.03307E-3 3.39203E-3 3.11485E-3 2.95397E-3 3.89595E-3 4.91147E-3 6.0946E-3 4.76378E-3 5.10427E-3 5.46244E-3 5.70031E-3 5.00757E-3 4.94448E-3 4.86113E-3
-9999 -9999 -9999 -9999 -9999 5.78895E-5 1.13401E-4 -9999 -9999 -9999 -9999 -9999 -9999 6.67144E-4 7.83392E-4 8.74014E-4 9.64401E-4 9.95272E-4 1.086E-3 1.23794E-3 9.69596E-4 1.08924E-3 1.19166E-3 1.24227E-3 1.05495E-3 1.14742E-3 8.14847E-4 8.14797E-4 5.08412E-4 5.06356E-4 5.35519E-4 5.67833E-4 4.4722E-4 4.29033E-4 5.81274E-4 6.22186E-4 6.34403E-4 5.78139E-4 5.59358E-4 8.05218E-4 6.79639E-4 9.02461E-4 1.04972E-3 1.03145E-3 1.05432E-3 1.38844E-3 1.09976E-3 1.25334E-3 1.3521E-3 1.74962E-3 1.88578E-3 2.6009E-3 2.20868E-3 2.41403E-3 2.20568E-3 2.89246E-3 3.58339E-3 3.4349E-3 4.93754E-3 4.59224E-3 4.09456E-3 4.09772E-3 4.48016E-3 5.7497E-3 5.91513E-3 4.80222E-3 4.72281E-3
-9999 -9999 -9999 -9999 -9999 -9999 -9999 -9999 -9999 -9999 -9999 -9999 -9999 -9999 -9999 -9999 8.38154E-4 8.76516E-4 8.56752E-4 8.8633E-4 1.03279E-3 1.12292E-3 1.17363E-3 1.22815E-3 1.36626E-3 8.74056E-4 6.53983E-4 5.89323E-4 5.76174E-4 4.38211E-4 4.8538E-4 5.12877E-4 5.39069E-4 4.15414E-4 4.86348E-4 5.11799E-4 6.24353E-4 4.90894E-4 -9999 -9999 8.54524E-4 9.58041E-4 1.00427E-3 1.0984E-3 1.2995E-3 1.27508E-3 1.27707E-3 1.71097E-3 1.56981E-3 2.04783E-3 2.23614E-3 2.41912E-3 2.79784E-3 2.80181E-3 2.90511E-3 2.90807E-3 3.26022E-3 3.62517E-3 4.35522E-3 4.30754E-3 3.935E-3 3.86564E-3 3.51386E-3 3.6445E-3 5.35388E-3 5.16051E-3 4.56409E-3
-9999 -9999 -9999 -9999 -9999 -9999 -9999 -9999 -9999 -9999 -9999 -9999 -9999 -9999 -9999 -9999 -9999 -9999 9.56173E-4 7.94923E-4 7.95362E-4 9.06336E-4 1.03715E-3 1.06712E-3 7.39708E-4 6.54065E-4 6.57426E-4 6.45898E-4 5.30637E-4 4.79289E-4 4.24029E-4 4.74451E-4 -9999 -9999 -9999 6.07097E-4 6.47361E-4 -9999 -9999 -9999 -9999 -9999 1.21394E-3 1.18607E-3 1.3411E-3 1.32073E-3 1.60698E-3 1.75851E-3 2.12857E-3 1.98878E-3 2.07047E-3 2.29837E-3 2.72802E-3 2.54823E-3 2.36274E-3 2.92074E-3 3.39559E-3 3.36464E-3 3.88829E-3 3.86478E-3 3.90728E-3 3.73218E-3 3.9516E-3 3.35832E-3 4.49001E-3 4.2233E-3 3.92693E-3
-9999 -9999 -9999 -9999 -9999 -9999 -9999 -9999 -9999 -9999 -9999 -9999 -9999 -9999 -9999 -9999 -9999 -9999 -9999 -9999 9.7358E-4 8.02997E-4 9.27303E-4 9.52831E-4 6.68377E-4 6.05532E-4 6.51675E-4 7.10441E-4 -9999 -9999 -9999 -9999 -9999 -9999 -9999 -9999 -9999 -9999 -9999 -9999 -9999 -9999 -9999 1.47753E-3 1.62364E-3 1.34504E-3 1.7136E-3 1.84472E-3 1.65712E-3 1.85864E-3 2.55675E-3 2.45151E-3 2.36249E-3 2.92377E-3 3.12835E-3 3.67587E-3 4.41906E-3 4.25055E-3 3.51662E-3 4.11368E-3 4.34917E-3 4.65525E-3 3.70916E-3 3.90802E-3 3.6337E-3 2.69088E-3 2.82813E-3
-9999 -9999 -9999 -9999 -9999 -9999 -9999 -9999 -9999 -9999 -9999 -9999 -9999 -9999 -9999 -9999 -9999 -9999 -9999 -9999 8.77504E-4 9.70544E-4 8.74394E-4 7.11595E-4 6.64861E-4 6.07379E-4 6.37261E-4 5.66606E-4 -9999 -9999 -9999 -9999 -9999 -9999 -9999 -9999 -9999 -9999 -9999 -9999 -9999 -9999 -9999 -9999 -9999 1.82684E-3 1.98034E-3 2.03513E-3 1.92617E-3 2.35258E-3 2.70152E-3 2.44301E-3 2.98648E-3 2.97072E-3 3.43275E-3 3.83104E-3 4.32E-3 3.98792E-3 4.02456E-3 4.69069E-3 4.79363E-3 4.84265E-3 4.96914E-3 4.0342E-3 3.79945E-3 3.04915E-3 2.7326E-3
-9999 -9999 -9999 -9999 -9999 -9999 -9999 -9999 -9999 -9999 -9999 -9999 -9999 -9999 -9999 -9999 -9999 -9999 -9999 -9999 -9999 7.99924E-4 9.94845E-4 7.82521E-4 7.02118E-4 6.63774E-4 6.08653E-4 -9999 -9999 -9999 -9999 -9999 -9999 -9999 -9999 -9999 -9999 -9999 -9999 -9999 -9999 -9999 -9999 -9999 -9999 -9999 2.29052E-3 2.9642E-3 2.28584E-3 2.66765E-3 2.70108E-3 2.89815E-3 2.72146E-3 3.2097E-3 3.63454E-3 3.74999E-3 4.08514E-3 3.52916E-3 3.68242E-3 4.89652E-3 4.7465E-3 4.58371E-3 4.18125E-3 3.50611E-3 2.77169E-3 2.86863E-3 2.6883E-3
-9999 -9999 -9999 -9999 -9999 -9999 -9999 -9999 -9999 -9999 -9999 -9999 -9999 -9999 -9999 -9999 -9999 -9999 -9999 -9999 -9999 8.43469E-4 7.50409E-4 7.90054E-4 7.30063E-4 -9999 -9999 -9999 -9999 -9999 -9999 -9999 -9999 -9999 -9999 -9999 -9999 -9999 -9999 -9999 -9999 -9999 -9999 -9999 -9999 -9999 1.87671E-3 2.52543E-3 2.71455E-3 2.81744E-3 2.78716E-3 3.22811E-3 3.49245E-3 3.30587E-3 3.52592E-3 3.73057E-3 3.78474E-3 2.97471E-3 3.36919E-3 4.41815E-3 4.24606E-3 4.79059E-3 4.36449E-3 3.31099E-3 3.18822E-3 2.59961E-3 1.86303E-3
-9999 -9999 -9999 -9999 -9999 -9999 -9999 -9999 -9999 -9999 -9999 -9999 -9999 -9999 -9999 -9999 -9999 -9999 -9999 -9999 -9999 -9999 -9999 -9999 -9999 -9999 -9999 -9999 -9999 -9999 -9999 -9999 -9999 -9999 -9999 -9999 -9999 -9999 -9999 -9999 -9999 -9999 -9999 -9999 -9999 -9999 -9999 2.24579E-3 2.33219E-3 2.63735E-3 2.79254E-3 3.47192E-3 3.1971E-3 3.7494E-3 3.4208E-3 3.80582E-3 3.45543E-3 2.7663E-3 3.13453E-3 3.30353E-3 3.82582E-3 3.8431E-3 3.76143E-3 3.63156E-3 3.07111E-3 -9999 -9999
-9999 -9999 -9999 -9999 -9999 -9999 -9999 -9999 -9999 -9999 -9999 -9999 -9999 -9999 -9999 -9999 -9999 -9999 -9999 -9999 -9999 -9999 -9999 -9999 -9999 -9999 -9999 -9999 -9999 -9999 -9999 -9999 -9999 -9999 -9999 -9999 -9999 -9999 -9999 -9999 -9999 -9999 -9999 -9999 -9999 -9999 -9999 2.55945E-3 2.61837E-3 2.9618E-3 2.53033E-3 3.02273E-3 3.04125E-3 3.29912E-3 3.35647E-3 3.6891E-3 3.4565E-3 3.00038E-3 3.12769E-3 3.59236E-3 3.72811E-3 3.82249E-3 3.85631E-3 3.09511E-3 3.28207E-3 -9999 -9999
-9999 -9999 -9999 -9999 -9999 -9999 -9999 -9999 -9999 -9999 -9999 -9999 -9999 -9999 -9999 -9999 -9999 -9999 -9999 -9999 -9999 -9999 -9999 -9999 -9999 -9999 -9999 -9999 -9999 -9999 -9999 -9999 -9999 -9999 -9999 -9999 -9999 -9999 -9999 -9999 -9999 -9999 -9999 -9999 -9999 -9999 2.02035E-3 2.69356E-3 2.40504E-3 2.48661E-3 2.07771E-3 2.11305E-3 2.40621E-3 2.60459E-3 2.84575E-3 2.92279E-3 3.5038E-3 3.37983E-3 3.04509E-3 3.47421E-3 3.50845E-3 3.2417E-3 3.2645E-3 3.02007E-3 3.24113E-3 2.43397E-3 1.1428E-3
-9999 -9999 -9999 -9999 -9999 -9999 -9999 -9999 -9999 -9999 -9999 -9999 -9999 -9999 -9999 -9999 -9999 -9999 -9999 -9999 -9999 -9999 -9999 -9999 -9999 -9999 -9999 -9999 -9999 -9999 -9999 -9999 -9999 -9999 -9999 -9999 -9999 -9999 -9999 -9999 -9999 -9999 -9999 -9999 -9999 1.97142E-3 1.8653E-3 2.20402E-3 2.35964E-3 2.51227E-3 2.12037E-3 2.3359E-3 2.59767E-3 2.7361E-3 2.6817E-3 2.90745E-3 2.82886E-3 3.13013E-3 3.16677E-3 3.10408E-3 3.35636E-3 2.75065E-3 3.29317E-3 2.90962E-3 2.88235E-3 2.35187E-3 1.62562E-3
-9999 -9999 -9999 -9999 -9999 -9999 -9999 -9999 -9999 -9999 -9999 -9999 -9999 -9999 -9999 -9999 -9999 -9999 -9999 -9999 -9999 -9999 -9999 -9999 -9999 -9999 -9999 -9999 -9999 -9999 -9999 -9999 -9999 -9999 -9999 -9999 -9999 -9999 -9999 -9999 -9999 -9999 -9999 -9999 1.97053E-3 1.90989E-3 1.9287E-3 2.16402E-3 2.20054E-3 2.23198E-3 2.1152E-3 2.31784E-3 2.36724E-3 2.81129E-3 2.85126E-3 2.9651E-3 2.84092E-3 2.93145E-3 2.86021E-3 2.8665E-3 3.04773E-3 2.78861E-3 2.8334E-3 2.18806E-3 1.83359E-3 1.487E-3 1.39735E-3
-9999 -9999 -9999 -9999 -9999 -9999 -9999 -9999 -9999 -9999 -9999 -9999 -9999 -9999 -9999 -9999 -9999 -9999 -9999 -9999 -9999 -9999 -9999 -9999 -9999 -9999 -9999 -9999 -9999 -9999 -9999 -9999 -9999 -9999 -9999 -9999 -9999 -9999 -9999 -9999 -9999 -9999 -9999 1.73228E-3 1.9165E-3 1.74398E-3 2.0035E-3 2.05813E-3 2.09269E-3 2.21783E-3 2.20671E-3 2.39347E-3 2.53752E-3 2.68661E-3 2.89254E-3 2.75682E-3 2.68721E-3 2.43595E-3 2.43749E-3 2.42379E-3 2.63476E-3 2.72459E-3 2.67218E-3 2.40597E-3 1.93563E-3 1.71858E-3 2.04068E-3
-9999 -9999 -9999 -9999 -9999 -9999 -9999 -9999 -9999 -9999 -9999 -9999 -9999 -9999 -9999 -9999 -9999 -9999 -9999 -9999 -9999 -9999 -9999 -9999 -9999 -9999 -9999 -9999 -9999 -9999 -9999 -9999 -9999 -9999 -9999 -9999 -9999 -9999 -9999 -9999 -9999 -9999 1.13811E-3 1.35483E-3 1.84346E-3 2.0551E-3 2.20607E-3 2.16363E-3 2.29611E-3 2.3333E-3 2.39399E-3 2.39583E-3 2.65831E-3 2.7112E-3 2.62299E-3 2.48216E-3 2.28292E-3 2.32007E-3 2.36058E-3 2.05017E-3 2.33477E-3 2.95735E-3 3.11922E-3 3.09988E-3 2.46486E-3 2.04923E-3 1.96443E-3
-9999 -9999 -9999 -9999 -9999 -9999 -9999 -9999 -9999 -9999 -9999 -9999 -9999 -9999 -9999 -9999 -9999 -9999 -9999 -9999 -9999 -9999 -9999 -9999 -9999 -9999 -9999 -9999 -9999 -9999 -9999 -9999 -9999 -9999 -9999 -9999 -9999 -9999 -9999 -9999 -9999 -9999 -9999 1.83696E-3 2.07185E-3 1.91169E-3 2.09559E-3 2.24468E-3 2.3139E-3 2.40399E-3 2.29592E-3 2.45511E-3 2.55143E-3 2.60293E-3 2.36623E-3 2.25084E-3 2.29624E-3 2.15398E-3 2.07696E-3 2.19309E-3 2.53838E-3 2.6071E-3 2.58585E-3 2.50748E-3 2.2044E-3 2.81478E-3 -9999
-9999 -9999 -9999 -9999 -9999 -9999 -9999 -9999 -9999 -9999 -9999 -9999 -9999 -9999 -9999 -9999 -9999 -9999 -9999 -9999 -9999 -9999 -9999 -9999 -9999 -9999 -9999 -9999 -9999 -9999 -9999 -9999 -9999 -9999 -9999 -9999 -9999 -9999 -9999 -9999 -9999 -9999 -9999 -9999 -9999 2.29647E-3 2.13488E-3 2.19234E-3 2.20339E-3 2.23363E-3 2.45856E-3 2.46018E-3 2.38897E-3 2.55665E-3 2.40331E-3 2.48937E-3 1.88202E-3 2.1405E-3 1.92949E-3 2.60362E-3 2.29394E-3 2.76321E-3 2.91509E-3 2.83481E-3 2.92528E-3 -9999 -9999
-9999 -9999 -9999 -9999 -9999 -9999 -9999 -9999 -9999 -9999 -9999 -9999 -9999 -9999 -9999 -9999 -9999 -9999 -9999 -9999 -9999 -9999 -9999 -9999 -9999 -9999 -9999 -9999 -9999 -9999 -9999 -9999 -9999 -9999 -9999 -9999 -9999 -9999 -9999 -9999 -9999 -9999 -9999 -9999 -9999 -9999 2.29698E-3 2.26546E-3 2.30468E-3 2.16683E-3 2.60537E-3 2.55722E-3 2.44674E-3 2.55798E-3 3.05277E-3 2.54609E-3 2.13599E-3 1.89396E-3 1.79026E-3 2.77697E-3 3.12895E-3 3.34982E-3 3.80308E-3 -9999 -9999 -9999 -9999
-9999 -9999 -9999 -9999 -9999 -9999 -9999 -9999 -9999 -9999 -9999 -9999 -9999 -9999 -9999 -9999 -9999 -9999 -9999 -9999 -9999 -9999 -9999 -9999 -9999 -9999 -9999 -9999 -9999 -9999 -9999 -9999 -9999 -9999 -9999 -9999 -9999 -9999 -9999 -9999 -9999 -9999 -9999 -9999 -9999 -9999 2.41553E-3 2.37834E-3 2.64112E-3 2.61753E-3 2.59629E-3 2.2647E-3 2.51474E-3 2.35531E-3 2.8844E-3 3.32091E-3 2.60447E-3 2.24342E-3 2.38226E-3 3.54703E-3 4.05001E-3 4.32994E-3 5.00133E-3 -9999 -9999 -9999 -9999
-9999 -9999 -9999 -9999 -9999 -9999 -9999 -9999 -9999 -9999 -9999 -9999 -9999 -9999 -9999 -9999 -9999 -9999 -9999 -9999 -9999 -9999 -9999 -9999 -9999 -9999 -9999 -9999 -9999 -9999 -9999 -9999 -9999 -9999 -9999 -9999 -9999 -9999 -9999 -9999 -9999 -9999 -9999 -9999 -9999 -9999 -9999 2.5396E-3 3.02011E-3 3.19197E-3 3.00594E-3 2.34696E-3 2.27024E-3 2.46803E-3 2.96417E-3 3.5826E-3 3.60391E-3 2.96326E-3 3.342E-3 4.44012E-3 5.24054E-3 5.27951E-3 -9999 -9999 -9999 -9999 -9999
-9999 -9999 -9999 -9999 -9999 -9999 -9999 -9999 -9999 -9999 -9999 -9999 -9999 -9999 -9999 -9999 -9999 -9999 -9999 -9999 -9999 -9999 -9999 -9999 -9999 -9999 -9999 -9999 -9999 -9999 -9999 -9999 -9999 -9999 -9999 -9999 -9999 -9999 -9999 -9999 -9999 -9999 -9999 -9999 -9999 -9999 -9999 -9999 -9999 -9999 3.36291E-3 3.03495E-3 2.69584E-3 2.98597E-3 3.56338E-3 4.13092E-3 4.62114E-3 4.58402E-3 4.65491E-3 5.03745E-3 6.13799E-3 -9999 -9999 -9999 -9999 -9999 -9999
-9999 -9999 -9999 -9999 -9999 -9999 -9999 -9999 -9999 -9999 -9999 -9999 -9999 -9999 -9999 -9999 -9999 -9999 -9999 -9999 -9999 -9999 -9999 -9999 -9999 -9999 -9999 -9999 -9999 -9999 -9999 -9999 -9999 -9999 -9999 -9999 -9999 -9999 -9999 -9999 -9999 -9999 -9999 -9999 -9999 -9999 -9999 -9999 -9999 -9999 -9999 3.46909E-3 3.1621E-3 3.40414E-3 3.81067E-3 4.18059E-3 4.75531E-3 5.17269E-3 5.3759E-3 6.22352E-3 -9999 -9999 -9999 -9999 -9999 -9999 -9999
-9999 -9999 -9999 -9999 -9999 -9999 -9999 -9999 -9999 -9999 -9999 -9999 -9999 -9999 -9999 -9999 -9999 -9999 -9999 -9999 -9999 -9999 -9999 -9999 -9999 -9999 -9999 -9999 -9999 -9999 -9999 -9999 -9999 -9999 -9999 -9999 -9999 -9999 -9999 -9999 -9999 -9999 -9999 -9999 -9999 -9999 -9999 -9999 -9999 -9999 -9999 -9999 -9999 4.30829E-3 4.97341E-3 4.59656E-3 5.03296E-3 5.60985E-3 6.2034E-3 6.79904E-3 -9999 -9999 -9999 -9999 -9999 -9999 -9999
