ENM/Final_Models/M_0.8_F_q_Set_1_E/Gustavia_santanderiensis_Choco_stddev.asc
ncols         367
nrows         963
xllcorner     -78.6
yllcorner     0.65
cellsize      0.00833333333333323
NODATA_value  -9999
[rows 870 to 899 of 963, columns 67 to 133 of 367]
3.80484E-1 2.65283E-1 2.75284E-1 2.63129E-1 2.60473E-1 2.88426E-1 3.67775E-1 3.24402E-1 3.15368E-1 2.87347E-1 2.9728E-1 2.61218E-1 8.53432E-2 1.19665E-1 7.5459E-2 1.40137E-1 1.37627E-1 1.32026E-1 1.16864E-1 1.63366E-1 1.11638E-1 1.81555E-1 2.17717E-1 2.40877E-1 1.88531E-1 1.76551E-1 1.44768E-1 1.61288E-1 1.96341E-1 2.36846E-1 2.25463E-1 1.95952E-1 1.52874E-1 2.84134E-2 2.0173E-2 1.67609E-2 2.57794E-2 1.18299E-2 5.22246E-3 3.33608E-4 6.73944E-5 1.85397E-4 1.89765E-4 2.14936E-4 1.22252E-4 8.82137E-5 2.70383E-5 1.99987E-5 1.55597E-5 1.27469E-5 1.02795E-5 1.15353E-5 6.66921E-6 1.46015E-5 6.16022E-5 7.00527E-4 2.4009E-3 1.02784E-2 1.43841E-2 3.68191E-3 7.15685E-4 3.72065E-4 9.11032E-4 3.02519E-4 1.84379E-3 3.74931E-2 7.52597E-2
2.64195E-1 3.70896E-1 3.20965E-1 2.91496E-1 2.82655E-1 3.68724E-1 4.03338E-1 3.19245E-1 2.98565E-1 3.61697E-1 1.39135E-1 9.49876E-2 1.01862E-1 3.43104E-2 1.6077E-2 2.59572E-2 7.71811E-2 9.90158E-2 7.61315E-2 5.26899E-2 6.2963E-2 1.00935E-1 9.37555E-2 2.39244E-1 1.69701E-1 1.26074E-1 1.33458E-1 2.24865E-1 2.29256E-1 2.2308E-1 2.1345E-1 1.71534E-1 1.03294E-1 3.93619E-2 1.69766E-2 1.33123E-2 1.80906E-2 2.0646E-2 1.5543E-3 7.63571E-4 5.23594E-4 3.00947E-4 5.25821E-4 3.65552E-4 1.43725E-4 4.76165E-5 2.00771E-5 1.36008E-5 1.01644E-5 1.16033E-5 1.13421E-5 7.07379E-6 6.53073E-6 1.57507E-5 1.00657E-4 9.89608E-4 4.64438E-3 1.83109E-2 3.19571E-3 7.26667E-4 2.5033E-4 4.083E-4 6.21656E-4 6.77337E-4 3.34083E-3 2.87661E-2 6.67114E-2
3.49728E-1 3.83285E-1 3.43172E-1 2.44979E-1 2.44643E-1 2.39305E-1 3.46402E-1 3.17844E-1 3.51221E-1 2.25702E-1 1.39426E-1 7.61832E-2 1.71865E-2 6.29823E-3 3.05403E-3 1.01558E-2 1.79126E-2 3.16776E-2 8.45307E-2 6.79827E-2 7.90527E-2 6.78893E-2 8.68462E-2 1.30377E-1 1.43362E-1 1.3111E-1 1.21276E-1 1.82088E-1 1.34289E-1 9.97413E-2 1.16532E-1 1.14396E-1 7.30935E-2 5.87432E-2 1.3976E-2 2.80743E-2 1.36767E-2 2.69704E-2 1.55971E-2 1.24675E-2 6.80761E-3 3.55114E-3 1.54147E-3 8.03913E-4 1.2044E-4 2.25959E-5 1.2563E-5 9.42314E-6 1.11449E-5 1.23142E-5 1.23173E-5 1.00387E-5 1.89744E-5 9.35371E-5 3.83158E-4 5.4727E-3 1.11771E-2 9.24825E-3 5.23336E-4 1.90057E-4 9.39019E-5 1.51892E-4 6.15348E-4 6.97957E-3 1.92458E-2 5.0678E-2 6.51264E-2
3.70079E-1 3.44767E-1 3.67146E-1 2.56288E-1 2.23518E-1 2.22277E-1 2.26086E-1 2.91017E-1 3.37862E-1 2.68303E-1 1.29748E-1 3.34405E-2 5.54277E-3 2.39219E-3 5.78272E-3 7.81983E-3 1.6414E-2 1.58819E-2 2.5567E-2 4.52515E-2 3.56711E-2 8.33419E-2 1.14083E-1 1.22489E-1 1.30011E-1 1.33687E-1 1.41214E-1 1.35975E-1 1.43225E-1 7.55638E-2 7.08773E-2 6.70145E-2 6.62043E-2 7.06438E-2 5.1388E-2 4.46374E-2 3.53523E-2 3.15443E-2 6.03023E-3 5.36107E-3 3.01476E-3 1.25391E-3 8.48325E-4 6.70308E-4 2.29817E-4 2.64266E-5 7.36807E-6 6.80073E-6 1.27624E-5 1.40624E-5 1.40449E-5 8.5095E-6 1.86022E-5 6.04994E-5 7.21084E-4 3.02889E-3 6.1678E-3 1.9041E-3 1.99907E-4 4.62173E-5 4.65875E-5 5.30813E-5 3.53908E-4 2.83036E-3 2.9912E-2 2.54349E-2 7.75111E-2
3.468E-1 3.70884E-1 3.512E-1 2.56194E-1 2.2617E-1 2.25518E-1 2.33531E-1 2.5266E-1 3.17189E-1 2.99707E-1 2.25633E-1 4.68189E-2 1.23837E-2 3.08257E-2 2.54854E-2 5.6444E-3 1.15239E-2 1.30479E-2 3.28014E-2 2.7275E-2 3.47951E-2 9.03714E-2 1.11957E-1 1.22883E-1 1.13556E-1 1.33947E-1 1.42303E-1 1.29261E-1 1.12595E-1 1.07047E-1 1.01189E-1 5.16591E-2 7.913E-2 3.36027E-2 3.10567E-2 1.82211E-2 8.45477E-3 1.73211E-2 5.07867E-3 8.2822E-4 3.1483E-4 2.3446E-4 1.96328E-4 1.37558E-4 7.59183E-5 2.36519E-5 1.1331E-5 1.17431E-5 1.24148E-5 1.65337E-5 8.73742E-6 1.67083E-5 3.37205E-5 7.27865E-5 7.08608E-4 1.16151E-3 7.49317E-3 1.46522E-3 1.82319E-4 2.9447E-5 2.85826E-5 4.21388E-5 3.09896E-4 2.61265E-3 2.27864E-2 1.57754E-2 7.22045E-2
2.79971E-1 3.33761E-1 3.21314E-1 2.96816E-1 3.17212E-1 2.23542E-1 2.11708E-1 1.64661E-1 2.7159E-1 2.9253E-1 2.80689E-1 2.48842E-1 1.28185E-1 9.21354E-2 9.66933E-3 1.75432E-3 3.31025E-3 1.4008E-2 2.95584E-2 6.42103E-2 1.2582E-1 1.08002E-1 1.09743E-1 1.24507E-1 1.08406E-1 9.36399E-2 1.06475E-1 1.29828E-1 1.02911E-1 1.05064E-1 1.46813E-1 4.96196E-2 7.99722E-2 1.75021E-2 2.23976E-2 4.97204E-3 2.91636E-3 1.80814E-2 8.0921E-3 2.06646E-3 1.13764E-4 1.13074E-4 2.53246E-4 1.09597E-4 2.47165E-5 1.9009E-5 1.59023E-5 1.23807E-5 1.15495E-5 1.58833E-5 8.90913E-6 1.49562E-5 4.48657E-5 1.00317E-4 7.74464E-4 1.64255E-3 7.01942E-3 1.24552E-3 2.91909E-4 2.76122E-5 3.57992E-5 1.83317E-4 1.4425E-3 1.48878E-2 1.49862E-2 6.50448E-3 4.63965E-2
2.8078E-1 2.33798E-1 2.54365E-1 2.61342E-1 2.3268E-1 2.39193E-1 1.45871E-1 5.10234E-2 2.09908E-1 2.54005E-1 2.39712E-1 1.48599E-1 1.23954E-1 7.10364E-2 2.44006E-2 9.22891E-3 2.86863E-3 8.23703E-3 7.84636E-2 1.17359E-1 8.71149E-2 1.97805E-1 2.03149E-1 1.79487E-1 1.07463E-1 1.05131E-1 8.79773E-2 1.21415E-1 8.31048E-2 8.75212E-2 8.54779E-2 4.97882E-2 1.61676E-2 6.36884E-3 1.29686E-2 7.65424E-3 4.71842E-3 1.22734E-2 3.94295E-3 6.02491E-3 1.10079E-3 7.66773E-4 1.36057E-3 2.55938E-4 7.74101E-5 4.01214E-5 1.66007E-5 9.00125E-6 1.08805E-5 1.43765E-5 9.61975E-6 1.51968E-5 3.05932E-5 7.26414E-5 6.56305E-4 2.52582E-3 7.00671E-3 1.10535E-3 3.59415E-4 9.55935E-5 1.9908E-4 4.66802E-4 1.97376E-3 1.12496E-2 1.84388E-3 9.36961E-3 5.93191E-2
2.54142E-1 1.90268E-1 2.75309E-1 2.81452E-1 2.45705E-1 1.1141E-1 1.97233E-2 1.71572E-2 1.8321E-1 2.07415E-1 1.56101E-1 1.54546E-1 1.12483E-1 8.97606E-2 3.79746E-2 2.89632E-2 7.90692E-3 2.70589E-3 2.13451E-2 1.36451E-1 1.65198E-1 1.10698E-1 1.71669E-1 1.90281E-1 7.88742E-2 7.94998E-2 1.7769E-1 1.21923E-1 6.34355E-2 4.97643E-2 9.27781E-2 3.8632E-2 1.0264E-2 3.74744E-3 3.07369E-3 3.98993E-3 3.59494E-3 3.62072E-3 1.50802E-3 5.37539E-3 2.40799E-3 1.38509E-3 9.45145E-4 1.47897E-3 1.89568E-4 1.19357E-4 4.03938E-5 1.73736E-5 1.16945E-5 8.38989E-6 1.42753E-5 3.59142E-5 5.37454E-5 2.41435E-4 1.25682E-3 4.69161E-3 2.19068E-3 6.07923E-4 1.3908E-4 1.11925E-4 5.2585E-4 2.05219E-3 4.45535E-3 3.82662E-3 6.23697E-4 2.20518E-3 2.88248E-2
1.4108E-1 8.57029E-2 2.03229E-1 2.4465E-1 2.55077E-1 7.8198E-2 7.76568E-3 2.81871E-3 3.84433E-2 8.53552E-2 3.25476E-2 5.60931E-2 1.3047E-1 1.00248E-1 3.42899E-2 5.28032E-2 3.1921E-2 3.62974E-3 2.80175E-2 5.32829E-2 7.90942E-2 5.77245E-2 1.50871E-1 1.17046E-1 8.719E-2 7.49454E-2 1.7771E-1 1.30276E-1 6.9128E-2 2.62533E-2 5.83083E-2 5.43357E-2 2.68455E-2 5.00533E-3 3.85947E-3 3.15888E-3 2.10657E-3 6.68402E-4 2.12224E-4 2.84622E-3 3.67268E-3 3.75293E-3 1.84197E-3 1.66343E-3 5.77348E-4 5.10875E-4 7.16362E-5 1.01379E-5 1.06859E-5 8.1097E-6 1.8085E-5 3.33847E-5 2.30768E-4 8.56968E-4 2.53358E-3 2.20801E-3 9.95701E-4 7.50795E-4 1.05176E-4 7.81561E-5 5.30974E-4 1.69876E-3 2.64887E-3 8.28376E-4 1.0244E-3 7.00842E-3 4.69507E-2
4.01234E-2 2.8626E-2 1.36619E-1 2.34345E-1 2.30641E-1 9.51139E-2 7.2307E-3 6.44262E-3 4.28927E-2 2.13665E-2 5.1175E-3 2.13794E-2 1.13905E-1 1.15097E-1 8.49517E-2 4.10109E-2 2.22786E-2 3.75635E-3 6.66753E-3 2.26893E-2 1.00716E-2 2.15953E-2 7.34962E-2 7.14384E-2 2.869E-2 7.27194E-2 1.59869E-1 1.50596E-1 8.87074E-2 3.10116E-2 1.40201E-2 1.10446E-2 2.42417E-2 1.81581E-2 1.36511E-2 9.11288E-3 2.03195E-3 3.93558E-4 9.78264E-5 1.32357E-3 5.89475E-4 2.43597E-3 1.30795E-3 8.07755E-4 6.6964E-4 3.31913E-4 9.61287E-5 1.63774E-5 1.00156E-5 9.43773E-6 2.45299E-5 6.29615E-5 1.75505E-4 8.68209E-4 2.51673E-3 9.99028E-4 2.67044E-4 6.43998E-4 1.43416E-4 6.49178E-5 7.74338E-4 1.67028E-3 1.16046E-3 9.25521E-4 7.15208E-3 6.00506E-2 5.4596E-2
2.6999E-2 1.39347E-2 1.13393E-1 2.67307E-1 1.97065E-1 2.33159E-2 3.31133E-3 6.21217E-3 1.15217E-2 4.72564E-3 1.34569E-2 8.56753E-2 9.17242E-2 1.07712E-1 8.82404E-2 5.15501E-2 2.00602E-2 9.30771E-3 3.27166E-3 5.17566E-3 1.90897E-3 8.14546E-3 5.52424E-2 4.69063E-2 2.48321E-2 4.97553E-2 1.42961E-1 1.07083E-1 3.19849E-2 1.0146E-2 1.95268E-3 1.37518E-3 8.90693E-3 2.12677E-3 3.48978E-3 5.45403E-3 1.77508E-3 4.22199E-4 2.5387E-5 7.89417E-5 1.41459E-4 1.0399E-3 3.72133E-4 5.76075E-4 4.80901E-4 2.44914E-4 3.9844E-5 1.64134E-5 1.18797E-5 1.22114E-5 3.19935E-5 7.24961E-5 5.46234E-4 1.89263E-3 1.5738E-3 2.0238E-4 1.48291E-4 1.33807E-4 4.16726E-5 4.24047E-5 7.96196E-4 1.43696E-3 4.67171E-4 2.26293E-3 4.1716E-2 3.49774E-2 1.02981E-2
7.89297E-3 1.55453E-2 1.13851E-1 2.31369E-1 7.14537E-2 1.319E-2 4.39136E-3 3.23125E-3 3.73149E-3 4.45455E-3 4.17615E-2 6.23458E-2 8.39349E-2 1.08706E-1 9.22147E-2 7.07376E-2 3.78207E-2 8.75258E-3 5.89003E-3 3.6156E-3 4.88888E-3 1.24487E-2 5.82035E-2 2.77656E-2 2.63828E-2 5.87993E-2 1.64258E-1 1.08623E-1 1.73994E-2 1.77981E-3 8.06603E-4 1.18963E-3 4.70883E-3 1.55371E-3 2.59293E-3 4.05721E-3 1.82001E-3 3.20911E-4 3.62222E-5 2.97176E-5 2.74709E-4 1.08227E-3 6.32347E-4 7.36955E-4 7.32905E-4 4.45185E-4 3.3071E-5 1.67527E-5 1.71531E-5 1.82322E-5 5.4306E-5 2.35718E-4 1.06405E-3 9.29718E-4 1.26322E-3 4.02348E-4 1.40666E-4 5.09735E-5 1.22794E-5 3.53745E-5 3.13679E-4 5.56662E-4 1.56918E-4 2.32263E-3 4.63822E-2 2.48281E-2 -9999
5.06526E-3 4.38463E-2 9.90017E-2 1.21508E-1 1.12425E-1 4.38244E-2 1.40679E-2 2.59233E-3 2.35002E-3 1.6479E-2 6.01509E-2 4.55253E-2 1.49978E-2 5.05813E-2 7.68019E-2 6.60101E-2 4.56307E-2 1.20099E-2 6.07137E-3 4.6184E-3 3.11616E-3 9.44092E-3 1.7134E-2 1.19504E-2 2.38749E-2 6.26527E-2 7.78453E-2 3.99281E-2 1.01265E-2 1.42366E-3 5.1856E-4 3.57237E-4 6.51672E-4 3.61048E-4 8.33174E-4 1.26055E-3 1.89314E-3 6.01202E-4 2.14631E-4 2.81007E-5 5.24874E-5 3.07181E-4 4.02216E-4 3.27764E-4 5.31401E-4 2.43439E-4 2.42508E-5 2.72821E-5 1.75446E-5 2.45832E-5 5.18099E-5 2.73061E-4 1.2845E-3 4.62522E-4 1.54793E-3 9.29467E-4 2.82698E-4 8.1748E-5 6.24475E-5 3.81016E-5 1.47578E-4 9.5098E-5 3.34458E-4 3.4515E-3 4.28678E-2 1.92461E-2 -9999
2.99163E-3 2.01694E-2 2.7022E-2 5.73366E-2 8.60581E-2 5.05794E-2 1.58182E-2 2.35041E-3 2.34522E-3 6.4726E-3 1.09402E-2 2.82675E-2 2.2408E-2 5.55893E-2 6.10599E-2 6.43759E-2 6.1231E-2 4.98694E-2 3.26413E-2 7.01526E-3 1.00496E-3 4.25403E-3 8.40552E-3 5.71871E-3 2.75739E-2 4.37671E-2 3.6439E-2 3.12794E-2 1.07475E-2 1.93322E-3 4.60024E-4 3.63822E-4 4.95466E-5 1.91145E-4 3.49429E-4 4.2329E-4 7.33267E-4 7.59666E-4 3.53455E-4 3.27324E-5 3.5607E-5 1.47974E-4 2.47734E-4 1.30051E-4 2.28273E-4 6.17768E-5 4.17204E-5 1.68058E-5 1.05671E-5 2.49832E-5 5.82421E-5 5.06524E-4 8.4944E-4 6.33804E-4 6.35302E-4 3.70024E-4 5.67836E-4 2.44743E-4 9.73406E-5 2.68373E-5 1.90244E-5 6.55791E-5 6.64394E-4 1.06597E-2 5.09076E-2 2.04716E-2 -9999
2.38429E-3 5.44205E-3 1.17195E-2 1.61412E-2 4.39772E-2 6.99519E-2 2.51622E-2 6.12464E-3 1.71213E-3 1.20565E-3 3.10121E-3 1.04567E-2 3.33942E-2 3.67025E-2 4.30156E-2 6.10334E-2 3.13444E-2 2.60631E-2 1.3493E-2 1.82862E-3 3.05034E-4 1.206E-3 2.7928E-3 4.61399E-3 2.5358E-2 1.68175E-2 1.75211E-2 3.05802E-2 1.47672E-2 1.74417E-3 6.87735E-4 2.86967E-4 1.24223E-4 8.43345E-5 1.83409E-4 2.62883E-4 1.4857E-4 2.35775E-4 3.31364E-4 1.01255E-4 1.79324E-5 7.81915E-5 1.22789E-4 1.27488E-4 4.38281E-5 2.49255E-5 1.73262E-5 1.10266E-5 2.17055E-5 5.4061E-5 8.4913E-5 1.02322E-3 2.63837E-4 3.68478E-4 3.33033E-4 8.84779E-5 1.23744E-4 1.43523E-4 1.15183E-4 4.10696E-5 2.60384E-5 3.14525E-4 3.08301E-3 3.1893E-2 3.52712E-2 -9999 -9999
1.72743E-3 2.80714E-3 3.84836E-3 7.33241E-3 4.42436E-2 4.86923E-2 2.14573E-2 9.60072E-3 3.81027E-3 3.47444E-4 4.84621E-4 1.74619E-3 1.12976E-2 8.59773E-3 9.12369E-3 3.91623E-2 1.43331E-2 8.74684E-3 6.76087E-3 2.34201E-3 9.33912E-4 5.54939E-4 2.42072E-3 8.26339E-3 1.30736E-2 5.95104E-3 1.03059E-2 2.99008E-2 2.48628E-2 1.20135E-2 7.62902E-3 9.20207E-4 2.61242E-4 1.23002E-4 1.4915E-4 7.33283E-5 4.58428E-5 8.57735E-5 3.35581E-4 7.19119E-5 2.31127E-5 4.5154E-5 4.35063E-5 5.08206E-5 5.74626E-5 1.95278E-5 1.25434E-5 1.11203E-5 2.36247E-5 4.72928E-5 2.85873E-4 1.29536E-3 1.9937E-4 9.93452E-5 4.66725E-4 1.6957E-4 5.9973E-5 2.64039E-5 3.06598E-5 1.7032E-5 3.64037E-5 5.8335E-4 3.15188E-3 4.68352E-2 2.61453E-2 2.60837E-2 -9999
1.45506E-3 1.97778E-3 3.63711E-3 6.29447E-3 3.38262E-2 3.33316E-2 1.0785E-2 5.17803E-3 4.63698E-3 3.59281E-4 1.92421E-4 9.14576E-4 2.34018E-3 2.0126E-3 5.30591E-3 3.48351E-2 1.93473E-2 5.84789E-3 3.16258E-3 1.60067E-3 7.67982E-4 1.38776E-3 5.64881E-3 3.02907E-3 1.10169E-3 1.31685E-3 1.04844E-2 1.54958E-2 1.23986E-2 5.98288E-3 3.49968E-3 3.26969E-3 5.8197E-4 2.85159E-4 2.13787E-4 1.05018E-4 3.85379E-5 9.29486E-5 1.9653E-4 1.14977E-4 3.66546E-5 2.28138E-5 2.03534E-5 2.6882E-5 2.86027E-5 1.35424E-5 1.31924E-5 1.88484E-5 6.12217E-5 1.25967E-4 1.09242E-3 8.65938E-4 2.6814E-4 5.69397E-5 1.32689E-4 1.14351E-4 1.16738E-4 7.60679E-5 3.74362E-5 2.76284E-5 3.79678E-4 1.74122E-3 1.10736E-2 4.75404E-2 1.37937E-2 8.52609E-3 4.95218E-3
1.76944E-3 1.79884E-3 2.90875E-3 4.94834E-3 1.23577E-2 1.03064E-2 1.47132E-2 1.40367E-3 1.23618E-3 7.95485E-4 2.12863E-4 2.8397E-4 2.31316E-4 7.76936E-4 2.12438E-3 1.12649E-2 2.20909E-2 6.22464E-3 1.95867E-3 7.39732E-4 9.8E-4 1.61041E-3 2.5312E-3 1.89193E-3 6.19572E-4 9.25509E-4 4.15279E-3 1.34E-2 3.51788E-3 1.11088E-3 3.72462E-4 1.49332E-3 1.91163E-3 1.06042E-3 3.93565E-4 1.73878E-4 7.09262E-5 1.12082E-4 5.50621E-5 5.62307E-5 7.6333E-5 1.58406E-5 1.43292E-5 2.00976E-5 2.2253E-5 1.68349E-5 1.384E-5 2.89741E-5 6.93005E-5 2.27169E-4 9.03302E-4 4.54936E-4 2.04061E-4 4.81248E-5 9.44286E-5 3.79985E-5 6.85392E-5 5.31817E-5 3.94043E-5 3.25564E-5 7.20753E-4 4.03276E-3 1.45372E-2 3.67795E-2 2.11067E-2 8.807E-3 3.91536E-3
3.11359E-3 1.51602E-3 1.65481E-3 3.11747E-3 5.52768E-3 4.3727E-3 3.32141E-3 1.72227E-3 1.88544E-4 1.08819E-4 8.48678E-5 1.40588E-4 3.04352E-4 9.92146E-4 2.93871E-3 5.86743E-3 8.66315E-3 1.14107E-2 3.23825E-3 5.56496E-3 3.65179E-3 4.38514E-3 1.53767E-3 1.78749E-3 4.25921E-4 4.00024E-4 1.43527E-3 1.45046E-3 9.92029E-4 3.41418E-4 1.9189E-4 3.47942E-4 5.67998E-4 6.88997E-4 4.55977E-4 1.22119E-4 7.90868E-5 5.24695E-5 6.76754E-5 2.2862E-5 4.42671E-5 2.47381E-5 1.65501E-5 2.84774E-5 2.21195E-5 1.32949E-5 1.1738E-5 2.49368E-5 2.30973E-4 7.93073E-4 2.01922E-4 2.11981E-4 8.35725E-5 5.65762E-5 5.53029E-5 3.61568E-5 2.34671E-5 3.5254E-5 3.27204E-5 3.67792E-5 5.02001E-4 2.69285E-3 9.32611E-3 2.00524E-2 4.55323E-2 1.80198E-2 3.94679E-3
3.32204E-3 2.12092E-3 1.24671E-3 1.76734E-3 1.4889E-3 3.37877E-3 1.65488E-3 6.80213E-4 1.46301E-4 9.6691E-5 7.03562E-5 2.97366E-4 7.66743E-4 1.63062E-3 2.70572E-3 1.12815E-3 2.76723E-3 1.01481E-2 1.00608E-2 5.96838E-3 2.39276E-3 1.19724E-3 6.95045E-4 1.19964E-3 4.77939E-4 7.95994E-4 8.99322E-4 5.91781E-4 4.56187E-4 2.81991E-4 1.72476E-4 1.27537E-4 3.89125E-4 4.33334E-4 4.61885E-4 2.45488E-4 7.29053E-5 2.74855E-5 3.19049E-5 2.04366E-5 1.35725E-5 1.64337E-5 1.97078E-5 3.62021E-5 1.74355E-5 1.57847E-5 1.643E-5 1.83152E-4 3.49879E-4 2.36654E-4 5.50773E-5 1.33447E-4 8.73661E-5 5.69762E-5 3.08402E-5 5.6187E-5 1.89026E-5 1.82432E-5 1.28015E-5 1.4041E-5 1.25798E-4 1.74274E-3 7.60893E-3 1.38416E-2 3.9338E-2 1.53029E-2 5.06022E-3
3.16595E-3 3.27573E-3 3.70582E-3 5.21069E-3 6.24343E-3 4.73061E-3 4.74992E-3 1.04945E-3 1.69341E-4 8.84658E-5 9.32162E-5 6.51424E-5 4.27995E-4 5.06864E-4 4.9222E-4 5.39341E-4 2.75474E-3 6.12273E-3 5.49293E-3 2.08515E-3 1.39216E-3 1.28342E-3 7.71325E-4 8.47905E-4 4.64214E-4 4.10448E-4 1.73071E-4 1.62157E-4 2.12541E-4 1.67826E-4 7.56763E-5 6.58217E-5 1.49385E-4 2.40734E-4 3.34558E-4 2.1429E-4 6.67527E-5 2.81986E-5 2.92169E-5 1.95954E-5 2.14669E-5 1.54149E-5 1.6545E-5 2.97692E-5 3.30067E-5 1.65415E-5 4.20246E-5 2.31282E-4 5.96426E-5 5.56142E-5 3.60887E-5 9.58262E-5 5.81173E-5 5.74806E-5 2.65373E-5 3.94815E-5 2.40236E-5 1.85013E-5 1.75712E-5 3.74829E-5 3.35916E-4 1.92595E-3 8.2325E-3 2.24642E-2 3.21041E-2 6.7823E-3 3.69863E-3
7.32478E-3 6.11613E-3 1.39134E-2 7.5247E-3 3.45793E-3 3.64064E-3 3.33951E-3 7.66784E-4 3.74399E-4 8.99846E-5 3.62196E-5 5.31585E-5 7.25481E-5 2.2543E-4 2.70758E-4 1.00008E-3 2.1131E-3 4.98293E-3 2.92065E-3 2.61419E-3 1.11428E-3 5.21478E-4 6.08285E-4 4.3256E-4 2.13519E-4 8.8957E-5 4.61721E-5 6.29853E-5 5.78341E-5 1.09891E-4 5.0943E-5 3.51534E-5 4.72732E-5 1.55343E-4 2.24021E-4 1.01537E-4 1.12932E-4 3.65211E-5 2.91712E-5 3.18938E-5 3.76689E-5 3.12058E-5 3.044E-5 4.1738E-5 3.06739E-5 1.61412E-5 1.52705E-4 8.49988E-5 5.48815E-5 2.36291E-5 2.1224E-5 6.81029E-5 2.48407E-5 3.02485E-5 9.32767E-6 8.19573E-6 1.7557E-5 2.34781E-5 2.27872E-5 7.87878E-5 7.72453E-4 2.76593E-3 3.84674E-3 1.83689E-2 2.02551E-2 4.10325E-3 1.60174E-3
2.16769E-2 5.71462E-2 3.85818E-2 1.21734E-2 3.42325E-3 1.0543E-3 1.81053E-3 1.04372E-3 3.05119E-4 6.18268E-5 2.60118E-5 3.85753E-5 7.65878E-5 1.54706E-4 2.56479E-4 9.7058E-4 1.43789E-3 2.39427E-3 1.35641E-3 1.52077E-3 8.81812E-4 5.43437E-4 4.41313E-4 4.01991E-4 1.9717E-4 7.75454E-5 3.94468E-5 3.4611E-5 4.02585E-5 6.65581E-5 3.23109E-5 2.18011E-5 3.24847E-5 1.18386E-4 1.7299E-4 9.61667E-5 3.46356E-5 3.18527E-5 2.91399E-5 4.49818E-5 5.35455E-5 4.3724E-5 4.13704E-5 3.03639E-5 2.43018E-5 3.27076E-5 2.44411E-4 6.83916E-5 2.74353E-5 1.33775E-5 3.21227E-5 2.39205E-5 1.19226E-5 1.28062E-5 9.57129E-6 8.60559E-6 2.01384E-5 3.762E-5 2.13833E-5 3.51728E-5 8.00206E-4 1.99808E-3 1.8358E-3 1.25809E-2 2.63383E-2 5.67937E-3 1.64862E-3
5.07828E-2 6.98426E-2 6.02537E-2 5.49643E-2 1.18147E-2 7.34941E-3 4.72045E-3 2.11672E-3 1.12349E-3 1.22719E-4 8.14645E-5 4.80442E-5 5.31007E-5 7.64251E-5 2.56626E-4 7.32269E-4 1.4761E-3 6.4772E-4 8.35722E-4 9.87193E-4 1.01938E-3 4.57688E-4 1.95555E-4 2.88897E-4 2.4514E-4 2.36128E-4 1.0907E-4 5.79215E-5 3.40292E-5 3.30408E-5 3.51695E-5 2.88313E-5 3.26308E-5 9.05102E-5 6.1795E-5 6.45763E-5 4.51534E-5 2.65813E-5 4.21819E-5 5.4329E-5 6.95408E-5 9.98007E-5 5.58579E-5 2.60363E-5 2.51838E-5 6.54338E-5 1.3825E-4 3.65425E-5 1.75806E-5 1.16899E-5 2.15886E-5 2.16384E-5 1.28371E-5 1.76965E-5 1.58896E-5 2.39123E-5 3.63008E-5 4.2655E-5 1.33465E-5 1.13923E-4 6.97327E-4 6.49003E-4 2.90164E-3 1.3675E-2 1.96995E-2 5.33164E-3 1.09158E-3
7.35531E-2 4.35924E-2 1.59302E-2 5.66523E-2 4.39167E-2 2.7667E-2 8.53897E-3 6.59578E-3 4.39213E-3 1.14674E-3 3.54234E-4 1.56084E-4 4.34281E-5 6.2046E-5 2.6041E-4 7.55485E-4 7.46755E-4 5.58445E-4 4.10883E-4 5.00031E-4 4.28153E-4 3.70846E-4 1.90058E-4 1.01634E-4 1.70963E-4 1.59043E-4 1.28464E-4 8.57886E-5 3.85671E-5 2.70685E-5 2.77677E-5 2.59677E-5 3.18487E-5 4.78353E-5 3.46187E-5 2.71553E-5 3.01421E-5 2.04395E-5 3.19313E-5 5.18526E-5 1.26965E-4 1.06995E-4 5.92994E-5 3.45197E-5 4.10641E-5 8.91062E-5 2.77669E-5 2.68601E-5 3.2688E-5 1.55527E-5 1.26108E-5 1.96399E-5 1.37284E-5 1.57009E-5 2.21999E-5 3.88129E-5 5.00017E-5 4.78771E-5 2.176E-5 7.74173E-5 5.89707E-4 1.9176E-4 1.77237E-3 5.69446E-3 1.5179E-2 5.62805E-3 1.89094E-3
4.8041E-2 5.57171E-3 2.04263E-3 1.02573E-2 2.46247E-2 4.28824E-2 1.85868E-2 6.10588E-3 2.11583E-3 1.61198E-3 5.72694E-4 2.16274E-4 1.95605E-4 1.06336E-4 1.69607E-4 3.68242E-4 3.46038E-4 2.07533E-4 3.68027E-4 3.1519E-4 2.23044E-4 1.22113E-4 9.69464E-5 5.47227E-5 9.1359E-5 1.2853E-4 6.05779E-5 5.56571E-5 5.37878E-5 2.86654E-5 2.25329E-5 3.23791E-5 2.34939E-5 3.04028E-5 2.39508E-5 1.88668E-5 1.65463E-5 2.25308E-5 1.43288E-5 2.79611E-5 8.83428E-5 4.00082E-5 4.08037E-5 2.89719E-5 3.22654E-5 9.02925E-5 4.35377E-5 3.02142E-5 4.21025E-5 2.98967E-5 2.17744E-5 2.1494E-5 1.58466E-5 2.73552E-5 3.35991E-5 4.60534E-5 5.38382E-5 5.48747E-5 2.09701E-5 1.08915E-4 4.34261E-4 2.04193E-4 8.17892E-4 2.36371E-3 6.57962E-3 1.38257E-2 9.13621E-3
2.78412E-2 6.17352E-3 9.98871E-4 4.52138E-3 1.41166E-2 1.25172E-2 1.86725E-2 1.83415E-2 8.48525E-3 3.51127E-3 4.33988E-4 5.92995E-4 2.54416E-3 7.50681E-4 5.07179E-4 1.67375E-3 6.48907E-4 2.10149E-4 1.59845E-4 3.08784E-4 1.44713E-4 9.11037E-5 8.25625E-5 4.3654E-5 6.32333E-5 9.82049E-5 3.00072E-5 2.55785E-5 4.34614E-5 3.07015E-5 2.39456E-5 2.705E-5 3.35401E-5 2.59837E-5 2.2577E-5 1.6018E-5 2.98009E-5 1.34608E-5 1.42888E-5 1.74234E-5 3.14271E-5 3.15225E-5 3.09247E-5 3.35179E-5 4.32854E-5 7.64292E-5 5.31756E-5 3.3097E-5 4.99702E-5 2.37776E-5 3.06449E-5 3.10832E-5 1.83349E-5 3.01138E-5 3.87583E-5 4.47028E-5 3.60216E-5 5.14108E-5 3.07948E-5 7.02621E-5 1.21623E-4 1.38644E-4 4.99342E-4 3.12859E-3 3.01681E-3 5.70004E-3 1.97525E-2
7.32604E-3 5.51641E-3 5.18767E-4 1.18714E-3 1.02014E-2 6.27673E-3 8.45535E-3 1.15729E-2 8.19477E-3 1.30399E-3 1.73261E-3 4.84222E-3 8.7858E-3 2.46229E-3 3.14195E-3 3.37575E-3 1.60529E-3 6.93268E-4 1.98743E-4 1.73313E-4 8.1217E-5 4.76293E-5 5.6362E-5 2.6721E-5 2.54479E-5 3.80943E-5 3.06858E-5 2.56264E-5 2.39208E-5 1.86282E-5 1.97748E-5 2.16194E-5 4.85969E-5 2.89279E-5 2.05237E-5 3.31048E-5 2.39276E-5 1.5074E-5 2.45025E-5 2.31933E-5 2.46395E-5 2.85196E-5 2.02762E-5 4.13572E-5 4.43721E-5 4.6286E-5 4.66174E-5 2.98066E-5 3.48967E-5 2.69271E-5 2.25892E-5 3.26377E-5 3.26338E-5 2.49496E-5 2.98602E-5 3.59114E-5 5.97849E-5 6.11164E-5 3.99926E-5 3.34628E-5 4.92583E-5 1.51711E-4 1.18635E-3 2.77768E-3 3.08908E-3 1.16893E-3 7.85043E-3
2.13912E-3 3.94613E-3 4.27596E-4 9.88524E-4 3.57588E-3 2.24569E-3 3.38056E-3 4.99382E-3 1.64051E-2 7.70058E-3 8.44781E-3 8.93467E-3 5.29629E-3 7.88503E-3 6.69649E-3 5.81275E-3 2.54766E-3 2.1477E-4 5.91135E-5 8.46031E-5 5.73458E-5 3.87971E-5 2.97525E-5 3.35317E-5 3.05049E-5 3.46225E-5 3.3402E-5 2.7965E-5 2.77276E-5 2.83727E-5 2.61562E-5 2.87485E-5 4.86248E-5 3.1689E-5 2.09233E-5 2.8775E-5 2.30468E-5 2.87921E-5 2.90173E-5 2.66304E-5 3.37861E-5 2.88115E-5 2.15515E-5 3.27176E-5 4.20547E-5 3.62501E-5 3.28026E-5 3.60249E-5 3.65055E-5 3.31E-5 2.79462E-5 2.99214E-5 4.05094E-5 2.41921E-5 2.77448E-5 4.8256E-5 1.48876E-4 7.95626E-5 4.35362E-5 3.03299E-5 7.45564E-5 2.43046E-4 6.24019E-4 1.53478E-3 2.2996E-3 8.69104E-4 4.22616E-3
1.61375E-3 2.20268E-3 5.9854E-4 2.58407E-4 8.57287E-4 5.82562E-4 6.76443E-4 2.52878E-3 9.43169E-3 1.15487E-2 5.547E-3 1.97784E-3 7.38988E-4 2.73438E-3 4.69129E-3 2.5612E-3 3.13481E-4 7.32516E-5 4.83273E-5 4.43894E-5 4.742E-5 3.40725E-5 3.44729E-5 2.29051E-5 2.97476E-5 2.73409E-5 2.02318E-5 1.98803E-5 2.11979E-5 2.25924E-5 2.08164E-5 3.04919E-5 4.86735E-5 -9999 -9999 -9999 -9999 -9999 -9999 -9999 -9999 2.02684E-5 2.23327E-5 2.36063E-5 2.67386E-5 3.34423E-5 3.25223E-5 4.26958E-5 4.28947E-5 3.09222E-5 3.79306E-5 3.17652E-5 2.95203E-5 2.35935E-5 3.21504E-5 8.17231E-5 1.84454E-4 7.71233E-5 3.40097E-5 4.05758E-5 7.84025E-5 1.80849E-4 7.24036E-4 9.0501E-4 1.26905E-3 8.73514E-4 1.49527E-3
