ENM/Final_Models/M_0.8_F_q_Set_1_E/Gustavia_santanderiensis_1_Choco_novel.asc
ncols         367
nrows         963
xllcorner     -78.6
yllcorner     0.65
cellsize      0.00833333333333323
NODATA_value  -9999
[rows 900 to 929 of 963, columns 68 to 135 of 367]
1.11566E1 1.11566E1 1.11566E1 1.26734E1 1.26734E1 1.11566E1 1.26734E1 1.26734E1 1.11566E1 1.26734E1 1.26734E1 1.47291E1 1.70442E1 1.70442E1 2.2852E1 1.70442E1 1.70442E1 1.47291E1 1.26734E1 1.26734E1 1.11566E1 1.11566E1 1.26734E1 1.01986E1 1.10368E1 1.1416E1 1.26734E1 1.21146E1 6.64604E0 4.75002E0 5.40864E0 -9999 -9999 -9999 -9999 -9999 -9999 -9999 -9999 -9999 9.83934E0 1.26734E1 1.48289E1 1.54276E1 1.53677E1 1.54276E1 1.3791E1 1.10169E1 8.50215E0 5.78785E0 6.2868E0 7.98324E0 7.56412E0 5.38868E0 4.98952E0 7.54416E0 1.18152E1 1.43099E1 1.48289E1 1.29328E1 5.94751E0 4.53049E0 2.97376E0 4.78994E0 3.83195E0 2.73426E0 1.83415E1 2.30516E1
1.11566E1 9.8593E0 9.8593E0 1.11566E1 1.11566E1 1.11566E1 1.11566E1 1.11566E1 1.11566E1 1.26734E1 1.26734E1 1.26734E1 1.26734E1 1.70442E1 1.98383E1 2.56262E1 2.2852E1 2.2852E1 2.2852E1 1.83614E1 1.70442E1 1.45694E1 1.47291E1 1.34717E1 1.26734E1 9.44018E0 -9999 -9999 -9999 -9999 -9999 -9999 -9999 -9999 -9999 2.93384E0 -9999 -9999 -9999 -9999 8.42231E0 9.6198E0 1.48089E1 1.40904E1 1.39307E1 1.27532E1 1.3332E1 1.01986E1 6.62609E0 4.15128E0 4.21116E0 6.16705E0 6.70592E0 5.44856E0 4.45065E0 7.24479E0 1.15358E1 1.27532E1 1.21944E1 1.24139E1 7.06516E0 9.97904E0 8.64185E0 3.99162E0 3.53258E0 3.59844E1 1.23341E1 2.22333E1
9.8593E0 9.8593E0 1.11566E1 1.11566E1 1.11566E1 1.11566E1 9.8593E0 1.11566E1 9.8593E0 1.11566E1 1.26734E1 1.47291E1 1.47291E1 1.70442E1 1.98383E1 2.2852E1 2.56262E1 2.84203E1 2.84203E1 2.62449E1 1.36314E1 1.09171E1 1.27333E1 1.34717E1 1.24738E1 7.50424E0 -9999 -9999 -9999 -9999 -9999 -9999 -9999 -9999 4.29099E0 4.75002E0 3.39287E0 -9999 -9999 -9999 -9999 1.23341E1 1.44297E1 1.10568E1 1.31125E1 1.29328E1 1.18152E1 8.54206E0 6.2868E0 3.13342E0 2.99371E0 4.21116E0 5.22902E0 5.0494E0 4.31095E0 7.62399E0 1.27532E1 1.34518E1 1.21744E1 1.27532E1 1.15158E1 1.1436E1 6.50634E0 4.41074E0 3.99162E0 2.94981E1 1.3312E1 1.78226E1
9.8593E0 9.8593E0 1.11566E1 9.8593E0 9.8593E0 9.8593E0 9.8593E0 1.11566E1 9.8593E0 1.11566E1 1.11566E1 1.11566E1 1.47291E1 1.70442E1 2.16146E1 1.80421E1 1.54276E1 1.54675E1 2.11556E1 3.51462E1 1.76629E1 1.16356E1 8.36244E0 1.38509E1 1.14759E1 9.77946E0 5.40864E0 2.99371E0 -9999 -9999 -9999 -9999 -9999 5.48847E0 5.60822E0 4.75002E0 3.87187E0 -9999 -9999 -9999 -9999 1.15757E1 9.83934E0 9.83934E0 1.08173E1 9.55992E0 1.08173E1 7.24479E0 5.22902E0 4.65023E0 3.51262E0 3.43279E0 3.63237E0 4.98952E0 5.76789E0 9.08093E0 1.24738E1 1.32123E1 1.19549E1 1.09769E1 1.0937E1 1.11566E1 1.1915E1 1.34518E1 3.27313E0 2.58457E1 2.74623E1 2.43289E1
9.8593E0 8.7616E0 9.8593E0 9.8593E0 1.11566E1 9.8593E0 9.8593E0 9.8593E0 9.8593E0 1.11566E1 1.11566E1 1.11566E1 1.11566E1 1.47291E1 1.82617E1 1.84413E1 1.40705E1 9.97904E0 1.13761E1 1.19549E1 2.59655E1 1.54276E1 6.74583E0 1.1416E1 1.14759E1 1.03183E1 6.54625E0 4.65023E0 3.9517E0 4.75002E0 3.69225E0 4.84982E0 6.40655E0 6.52629E0 5.36873E0 4.75002E0 3.51262E0 -9999 -9999 -9999 -9999 -9999 6.64604E0 8.78156E0 8.66181E0 8.98114E0 8.94122E0 6.74583E0 6.12713E0 5.0494E0 4.53049E0 4.1912E0 3.85191E0 5.0494E0 7.5242E0 9.87925E0 1.22343E1 1.3332E1 1.33719E1 1.14759E1 1.10368E1 1.05778E1 1.10368E1 1.14759E1 5.52839E0 1.22942E1 3.19928E1 2.68037E1
8.7616E0 9.8593E0 1.11566E1 9.8593E0 9.8593E0 9.8593E0 9.8593E0 9.8593E0 9.8593E0 1.11566E1 1.11566E1 1.26734E1 1.11566E1 1.47291E1 1.41303E1 1.59266E1 1.50684E1 1.1416E1 1.10767E1 6.88554E0 1.99182E1 2.28321E1 1.12763E1 1.21545E1 1.18551E1 1.18551E1 1.01986E1 8.12294E0 6.74583E0 6.00738E0 7.20487E0 6.74583E0 8.04311E0 6.2868E0 4.90969E0 3.35296E0 -9999 -9999 -9999 -9999 -9999 -9999 5.88764E0 6.14709E0 6.06726E0 9.0011E0 8.42231E0 5.84772E0 5.08931E0 4.13132E0 3.11346E0 3.51262E0 3.39287E0 4.71011E0 7.62399E0 9.55992E0 1.10169E1 1.22742E1 1.24139E1 1.15557E1 1.03383E1 1.06576E1 1.05778E1 1.10967E1 5.92755E0 2.45484E0 3.35895E1 2.64245E1
9.8593E0 8.7616E0 8.7616E0 9.8593E0 9.8593E0 9.8593E0 9.8593E0 9.8593E0 9.8593E0 9.8593E0 1.11566E1 1.26734E1 1.11566E1 1.26734E1 1.41303E1 1.16555E1 1.15158E1 1.24339E1 1.31524E1 1.12763E1 8.82148E0 2.05169E1 1.30326E1 9.20068E0 1.17753E1 1.15557E1 1.25337E1 1.29328E1 9.93913E0 9.02106E0 9.36034E0 1.02784E1 1.06177E1 7.92336E0 4.75002E0 -9999 -9999 -9999 -9999 -9999 -9999 -9999 3.13342E0 4.35086E0 6.00738E0 7.50424E0 6.96537E0 5.54835E0 4.45065E0 3.27313E0 4.13132E0 3.37292E0 4.71011E0 4.86977E0 6.2868E0 8.74164E0 1.07375E1 1.10967E1 1.07375E1 1.05977E1 1.03183E1 1.03383E1 1.04181E1 1.16356E1 1.05578E1 2.55464E0 3.1434E1 4.25107E0
9.8593E0 9.8593E0 9.8593E0 9.8593E0 9.8593E0 9.8593E0 8.7616E0 9.8593E0 9.8593E0 8.7616E0 1.11566E1 1.11566E1 1.11566E1 1.26734E1 1.15557E1 1.14759E1 1.26933E1 1.24339E1 1.19549E1 1.18751E1 1.06776E1 5.92755E0 1.03982E1 1.19549E1 5.78785E0 7.78365E0 1.19549E1 1.29927E1 1.28131E1 1.34518E1 1.16356E1 1.24339E1 1.07375E1 6.72588E0 4.15128E0 -9999 -9999 -9999 -9999 -9999 -9999 -9999 2.25526E0 4.8099E0 5.54835E0 5.70801E0 5.58826E0 4.84982E0 4.73007E0 4.75002E0 5.24898E0 4.47061E0 5.44856E0 5.86768E0 7.24479E0 8.08303E0 9.87925E0 1.09769E1 1.02185E1 1.05977E1 1.0498E1 1.04181E1 1.07175E1 1.02185E1 7.50424E0 2.29518E0 2.25127E1 4.63028E0
9.8593E0 1.11566E1 9.8593E0 9.8593E0 9.8593E0 8.7616E0 9.8593E0 9.8593E0 8.7616E0 8.7616E0 9.8593E0 9.8593E0 1.11566E1 1.11566E1 1.16356E1 1.14759E1 1.24339E1 1.1895E1 1.21545E1 1.23341E1 1.16954E1 1.19549E1 7.92336E0 5.0494E0 8.36244E0 5.46852E0 4.29099E0 4.39078E0 1.09769E1 1.07375E1 1.05379E1 1.09769E1 1.05578E1 7.00529E0 4.55044E0 1.59665E0 -9999 -9999 -9999 -9999 -9999 8.18282E-1 1.65652E0 2.67438E0 4.1912E0 4.65023E0 4.75002E0 5.14919E0 5.54835E0 5.52839E0 5.90759E0 5.70801E0 6.20697E0 6.44646E0 8.08303E0 8.68177E0 8.80152E0 9.6198E0 8.66181E0 8.24269E0 9.97904E0 1.03782E1 1.03383E1 1.05778E1 1.01188E1 8.74164E0 5.98743E-1 1.7603E1
9.8593E0 1.11566E1 9.8593E0 9.8593E0 9.8593E0 8.7616E0 9.8593E0 8.7616E0 8.7616E0 8.7616E0 9.8593E0 1.11566E1 1.26734E1 1.26734E1 1.14759E1 1.16356E1 1.30326E1 1.24738E1 1.21744E1 1.1895E1 1.02185E1 1.0498E1 1.09769E1 1.03782E1 6.62609E0 5.46852E0 6.50634E0 5.14919E0 7.74374E0 7.46432E0 8.82148E0 1.03782E1 9.93913E0 8.08303E0 4.98952E0 2.03572E0 -9999 -9999 -9999 -9999 -9999 7.98324E-1 1.03782E0 2.23531E0 3.65233E0 4.47061E0 4.98952E0 5.64814E0 5.76789E0 6.2868E0 5.92755E0 5.62818E0 6.26684E0 6.92546E0 8.12294E0 8.36244E0 8.18282E0 8.54206E0 8.80152E0 7.96328E0 9.81938E0 9.97904E0 1.06576E1 9.48009E0 8.18282E0 8.28261E0 2.87396E0 2.18142E1
9.8593E0 9.8593E0 9.8593E0 9.8593E0 8.7616E0 9.8593E0 9.8593E0 8.7616E0 8.7616E0 8.7616E0 9.8593E0 9.8593E0 1.11566E1 1.3332E1 1.16356E1 1.06975E1 1.14759E1 1.06975E1 9.8593E0 1.03782E1 8.16286E0 7.12504E0 8.56202E0 9.28051E0 1.03782E1 1.03782E1 1.01986E1 1.01786E1 9.81938E0 8.08303E0 8.08303E0 8.22273E0 5.88764E0 4.27103E0 3.51262E0 -9999 -9999 -9999 -9999 -9999 -9999 9.18072E-1 1.57669E0 2.91388E0 4.1912E0 5.0494E0 5.62818E0 5.88764E0 6.26684E0 6.86558E0 7.00529E0 6.666E0 6.00738E0 6.666E0 8.80152E0 9.44018E0 9.89921E0 9.93913E0 8.88135E0 8.32252E0 9.53997E0 1.02185E1 1.03183E1 1.01786E1 8.72168E0 3.97166E0 1.55673E0 2.30716E1
9.8593E0 9.8593E0 9.8593E0 9.8593E0 8.7616E0 9.8593E0 9.8593E0 9.8593E0 9.8593E0 8.7616E0 9.8593E0 9.8593E0 1.11566E1 1.07375E1 8.96118E0 1.03782E1 1.11566E1 9.53997E0 6.82567E0 9.08093E0 8.26265E0 6.2868E0 5.28889E0 7.7637E0 1.01188E1 1.02185E1 1.07973E1 1.02585E1 9.6198E0 8.06307E0 7.7637E0 7.32462E0 6.34667E0 5.12923E0 4.53049E0 -9999 -9999 -9999 -9999 -9999 -9999 1.65652E0 2.81409E0 4.23111E0 4.84982E0 5.38868E0 6.2868E0 6.80571E0 7.02525E0 8.08303E0 7.32462E0 7.96328E0 7.38449E0 7.92336E0 8.62189E0 1.01188E1 1.00389E1 1.03183E1 8.56202E0 8.64185E0 9.30047E0 9.89921E0 1.05778E1 1.02585E1 8.92127E0 9.50005E0 1.55673E0 5.38868E-1
9.8593E0 1.11566E1 9.8593E0 8.7616E0 8.72168E0 9.36034E0 8.7616E0 8.68177E0 9.8593E0 9.8593E0 9.8593E0 9.8593E0 9.8593E0 1.03782E1 1.05578E1 1.02585E1 1.03782E1 8.80152E0 5.92755E0 5.24898E0 6.76579E0 5.58826E0 5.10927E0 5.00948E0 7.60403E0 9.02106E0 1.05379E1 9.48009E0 8.18282E0 6.64604E0 7.22483E0 5.92755E0 5.58826E0 4.4307E0 4.75002E0 3.49267E0 -9999 -9999 -9999 -9999 -9999 2.9538E0 4.09141E0 4.25107E0 5.8078E0 6.666E0 7.06516E0 7.58407E0 7.48428E0 7.92336E0 7.32462E0 6.94541E0 6.14709E0 7.02525E0 9.04101E0 9.44018E0 1.03782E1 1.0498E1 9.22064E0 8.68177E0 9.02106E0 1.0458E1 1.07175E1 9.50005E0 8.80152E0 9.30047E0 3.41283E0 2.63447E0
1.11566E1 1.11566E1 1.11566E1 9.8593E0 8.7616E0 8.7616E0 8.7616E0 8.7616E0 8.7616E0 8.7616E0 9.8593E0 9.8593E0 1.03782E1 1.02185E1 9.89921E0 9.89921E0 1.00389E1 9.42022E0 5.36873E0 4.53049E0 5.86768E0 4.5704E0 4.01158E0 3.51262E0 5.30885E0 8.82148E0 9.28051E0 7.74374E0 7.00529E0 5.86768E0 4.23111E0 3.73216E0 4.75002E0 4.27103E0 5.12923E0 4.15128E0 3.31304E0 -9999 -9999 -9999 -9999 4.45065E0 4.67019E0 4.13132E0 4.51053E0 5.58826E0 7.42441E0 7.38449E0 7.74374E0 7.00529E0 6.76579E0 7.22483E0 6.34667E0 8.06307E0 8.80152E0 8.82148E0 8.88135E0 9.8593E0 1.05977E1 1.02185E1 9.77946E0 9.81938E0 9.3803E0 1.01986E1 9.48009E0 8.82148E0 4.09141E0 1.97585E0
1.26734E1 1.11566E1 1.11566E1 9.8593E0 8.7616E0 9.8593E0 9.8593E0 8.7616E0 9.8593E0 8.7616E0 9.8593E0 9.8593E0 9.93913E0 1.01188E1 9.28051E0 9.30047E0 9.65971E0 9.36034E0 8.74164E0 8.18282E0 8.30256E0 5.76789E0 4.09141E0 2.67438E0 5.54835E0 7.7637E0 5.34877E0 4.53049E0 7.64395E0 4.41074E0 3.11346E0 2.75422E0 4.75002E0 5.78785E0 5.40864E0 4.09141E0 4.09141E0 3.69225E0 -9999 -9999 -9999 4.96956E0 4.35086E0 3.91179E0 4.96956E0 5.76789E0 6.666E0 7.42441E0 7.02525E0 6.64604E0 6.60613E0 7.02525E0 7.12504E0 7.64395E0 8.80152E0 8.46223E0 8.06307E0 7.42441E0 7.74374E0 8.36244E0 8.82148E0 9.65971E0 4.15128E0 1.02185E1 1.0937E1 9.04101E0 9.44018E0 8.32252E0
1.26734E1 1.11566E1 1.11566E1 8.18282E0 1.11566E1 1.26734E1 1.11566E1 9.8593E0 8.7616E0 8.80152E0 1.09769E1 9.10089E0 8.70173E0 8.36244E0 9.28051E0 9.48009E0 9.81938E0 8.80152E0 8.74164E0 8.80152E0 8.28261E0 6.60613E0 4.09141E0 2.23531E0 4.13132E0 4.75002E0 3.333E0 3.333E0 4.5704E0 2.7143E0 4.03153E0 4.84982E0 5.40864E0 4.45065E0 4.45065E0 3.333E0 4.13132E0 4.41074E0 4.45065E0 -9999 -9999 3.87187E0 4.4307E0 4.96956E0 5.1891E0 5.86768E0 6.86558E0 7.18491E0 6.48638E0 6.82567E0 6.48638E0 6.44646E0 7.60403E0 7.92336E0 7.64395E0 6.60613E0 6.08722E0 7.18491E0 7.12504E0 7.92336E0 9.18072E0 9.81938E0 3.59246E0 9.89921E0 8.16286E0 9.18072E0 8.92127E0 8.74164E0
1.11566E1 1.26734E1 1.26734E1 1.26734E1 1.26734E1 1.47291E1 1.47291E1 1.26734E1 9.44018E0 7.26474E0 9.36034E0 8.32252E0 1.01986E1 9.48009E0 1.11566E1 9.44018E0 9.02106E0 8.80152E0 7.38449E0 6.2868E0 3.9517E0 4.96956E0 3.91179E0 1.53677E0 1.53677E0 3.27313E0 3.35296E0 3.65233E0 4.5704E0 2.81409E0 2.73426E0 4.27103E0 3.15338E0 3.31304E0 3.333E0 3.69225E0 3.65233E0 3.73216E0 3.85191E0 3.51262E0 3.73216E0 4.09141E0 4.45065E0 5.0494E0 5.12923E0 5.76789E0 6.2868E0 6.26684E0 5.94751E0 5.30885E0 5.68806E0 5.76789E0 5.1891E0 5.68806E0 5.92755E0 6.44646E0 6.86558E0 6.2868E0 7.00529E0 7.32462E0 8.80152E0 9.08093E0 1.73635E0 9.48009E0 8.68177E0 8.64185E0 8.68177E0 9.30047E0
1.26734E1 1.47291E1 1.26734E1 1.47291E1 1.47291E1 9.42022E0 1.47291E1 1.47291E1 1.47291E1 1.26734E1 1.47291E1 1.47291E1 1.39108E1 7.96328E0 8.92127E0 8.36244E0 8.30256E0 8.18282E0 5.94751E0 3.39287E0 3.73216E0 4.09141E0 3.65233E0 1.2374E0 5.98743E-1 1.27732E0 1.73635E0 4.27103E0 4.4307E0 1.91598E0 1.77627E0 3.23321E0 3.91179E0 4.09141E0 3.87187E0 3.73216E0 4.21116E0 3.73216E0 3.7122E0 3.99162E0 4.27103E0 4.35086E0 4.94961E0 4.84982E0 5.72797E0 6.0473E0 5.1891E0 5.00948E0 4.96956E0 4.23111E0 3.73216E0 4.5704E0 4.15128E0 4.75002E0 5.12923E0 5.24898E0 6.64604E0 6.2868E0 6.92546E0 7.32462E0 8.06307E0 9.02106E0 9.65971E0 5.78785E-1 1.31723E0 3.19329E-1 5.58826E-1 6.38659E-1
1.09769E1 9.8593E0 9.81938E0 1.70442E1 1.07375E1 5.76789E0 8.08303E0 1.70442E1 1.70442E1 1.24139E1 7.74374E0 6.48638E0 6.82567E0 5.24898E0 8.00319E0 8.32252E0 8.30256E0 6.82567E0 6.2868E0 3.69225E0 5.24898E0 3.67229E0 2.53468E0 1.49686E0 1.2374E0 5.98743E-1 1.77627E0 3.99162E0 4.21116E0 1.2374E0 1.2374E0 3.41283E0 3.9517E0 3.91179E0 3.73216E0 3.45275E0 3.73216E0 3.73216E0 3.51262E0 4.23111E0 4.31095E0 4.45065E0 4.51053E0 4.67019E0 5.24898E0 5.28889E0 3.45275E0 3.333E0 3.61241E0 4.23111E0 3.99162E0 3.99162E0 4.94961E0 4.35086E0 4.84982E0 4.5704E0 6.26684E0 6.2868E0 6.34667E0 6.94541E0 6.48638E0 8.30256E0 8.82148E0 3.67229E0 6.38659E-1 3.19329E-1 2.27522E0 3.41283E0
7.00529E0 6.86558E0 8.30256E0 1.70442E1 1.22742E1 5.58826E0 5.72797E0 9.36034E0 1.51083E1 9.81938E0 4.21116E0 4.53049E0 4.94961E0 3.51262E0 2.45484E0 2.77417E0 7.00529E0 6.0473E0 5.86768E0 6.2868E0 5.94751E0 3.65233E0 3.333E0 2.67438E0 8.18282E-1 5.38868E-1 7.18491E-1 2.03572E0 2.01577E0 6.58617E-1 1.79623E0 3.51262E0 4.45065E0 4.21116E0 4.35086E0 3.99162E0 3.91179E0 3.65233E0 3.29308E0 3.91179E0 4.41074E0 4.53049E0 4.13132E0 4.41074E0 4.45065E0 3.69225E0 3.91179E0 4.98952E0 4.96956E0 4.65023E0 4.96956E0 4.78994E0 4.29099E0 5.12923E0 5.0494E0 4.23111E0 5.44856E0 6.44646E0 6.666E0 6.666E0 6.74583E0 8.72168E0 9.30047E0 8.16286E0 8.18282E0 3.19329E-1 6.98533E-1 3.333E0
6.34667E0 6.08722E0 1.03782E1 1.45694E1 1.21944E1 1.32921E1 6.92546E0 8.00319E0 8.06307E0 1.16954E1 4.21116E0 2.9538E0 3.73216E0 2.85401E0 2.0956E0 2.7143E0 3.91179E0 2.53468E0 2.9538E0 3.333E0 4.4307E0 2.99371E0 3.05359E0 2.23531E0 2.55464E0 2.21535E0 1.11765E0 8.98114E-1 8.98114E-1 1.27732E0 1.81619E0 2.87396E0 3.53258E0 4.21116E0 3.9517E0 4.13132E0 3.69225E0 3.73216E0 3.333E0 3.69225E0 3.73216E0 3.69225E0 3.65233E0 3.333E0 3.11346E0 3.15338E0 3.85191E0 4.75002E0 3.67229E0 2.7143E0 3.89183E0 4.65023E0 3.53258E0 4.61032E0 5.32881E0 4.96956E0 4.31095E0 5.12923E0 6.2868E0 6.20697E0 6.54625E0 8.12294E0 8.08303E0 8.54206E0 7.7637E0 1.7164E0 5.38868E-1 9.97904E-1
5.68806E0 5.12923E0 1.05379E1 9.30047E0 1.05778E1 1.38509E1 8.06307E0 9.48009E0 1.02185E1 8.42231E0 3.65233E0 4.15128E0 4.90969E0 5.76789E0 3.61241E0 4.51053E0 4.27103E0 1.79623E0 2.23531E0 2.37501E0 3.51262E0 3.29308E0 2.99371E0 3.29308E0 3.333E0 3.03363E0 2.25526E0 9.77946E-1 8.78156E-1 1.2374E0 1.13761E0 2.4748E0 2.81409E0 4.98952E0 5.54835E0 4.67019E0 3.61241E0 3.333E0 3.51262E0 3.73216E0 3.19329E0 3.25317E0 2.81409E0 3.11346E0 3.07355E0 3.19329E0 3.51262E0 4.53049E0 3.37292E0 2.23531E0 2.67438E0 2.91388E0 2.89392E0 3.87187E0 4.1912E0 4.90969E0 3.85191E0 4.4307E0 4.75002E0 5.12923E0 6.86558E0 6.34667E0 6.14709E0 8.18282E0 8.06307E0 8.06307E0 5.00948E0 1.79623E-1
5.62818E0 5.54835E0 8.42231E0 8.88135E0 9.32043E0 1.07375E1 1.01986E1 9.32043E0 8.62189E0 8.54206E0 5.12923E0 5.94751E0 5.94751E0 6.48638E0 3.333E0 2.85401E0 1.67648E0 1.11765E0 1.93593E0 2.05568E0 2.57459E0 2.93384E0 3.19329E0 3.11346E0 3.11346E0 2.75422E0 1.55673E0 8.3824E-1 8.18282E-1 8.3824E-1 1.65652E0 3.29308E0 3.69225E0 3.61241E0 4.53049E0 3.91179E0 3.7122E0 3.19329E0 3.11346E0 3.31304E0 3.25317E0 2.85401E0 2.7143E0 3.39287E0 2.81409E0 3.05359E0 3.65233E0 4.84982E0 3.5725E0 1.89602E0 1.51681E0 3.43279E0 2.89392E0 3.27313E0 3.53258E0 4.53049E0 4.98952E0 5.44856E0 4.45065E0 5.24898E0 5.12923E0 6.34667E0 6.2868E0 6.92546E0 7.64395E0 8.06307E0 1.06576E1 5.38868E-1
7.96328E0 8.22273E0 9.28051E0 8.62189E0 8.30256E0 9.6198E0 7.82357E0 7.18491E0 8.28261E0 8.08303E0 8.06307E0 7.32462E0 6.00738E0 3.87187E0 2.85401E0 2.81409E0 1.53677E0 1.2374E0 8.18282E-1 7.58407E-1 1.27732E0 1.93593E0 2.69434E0 2.63447E0 1.45694E0 7.98324E-1 8.18282E-1 1.19749E0 8.18282E-1 1.39707E0 2.67438E0 3.77208E0 4.96956E0 3.39287E0 3.65233E0 3.61241E0 3.69225E0 3.05359E0 2.31514E0 2.75422E0 2.65443E0 2.59455E0 2.31514E0 3.15338E0 3.15338E0 2.85401E0 3.73216E0 4.21116E0 3.87187E0 1.67648E0 1.67648E0 3.9517E0 2.93384E0 2.59455E0 4.47061E0 5.22902E0 4.51053E0 4.96956E0 4.75002E0 5.44856E0 5.12923E0 5.28889E0 5.54835E0 5.30885E0 6.0473E0 7.42441E0 8.18282E0 4.29099E0
7.7637E0 8.56202E0 8.62189E0 8.18282E0 7.96328E0 7.26474E0 6.54625E0 6.74583E0 8.32252E0 8.12294E0 6.0473E0 5.78785E0 4.03153E0 2.31514E0 1.2374E0 7.18491E-1 2.19539E-1 3.99162E-2 5.98743E-2 2.79413E-1 8.58198E-1 1.2374E0 2.13552E0 2.21535E0 1.39707E0 9.18072E-1 1.93593E0 1.2374E0 1.19749E0 1.97585E0 3.11346E0 4.53049E0 5.1891E0 3.73216E0 3.61241E0 4.21116E0 3.15338E0 2.53468E0 1.8561E0 2.23531E0 2.59455E0 2.59455E0 2.59455E0 2.85401E0 2.87396E0 3.19329E0 3.61241E0 4.65023E0 4.55044E0 3.29308E0 2.79413E0 4.59036E0 2.79413E0 2.13552E0 3.49267E0 4.65023E0 4.69015E0 5.28889E0 3.91179E0 4.15128E0 4.51053E0 5.30885E0 5.58826E0 5.0494E0 5.92755E0 6.48638E0 7.38449E0 8.16286E0
8.08303E0 8.22273E0 7.92336E0 8.32252E0 7.18491E0 7.00529E0 8.16286E0 6.92546E0 6.64604E0 4.94961E0 2.53468E0 3.31304E0 2.23531E0 1.11765E0 3.19329E-1 5.98743E-2 -2.01627E0 -6.91546E0 -5.18217E0 5.98743E-2 4.39078E-1 8.3824E-1 1.63656E0 2.23531E0 2.51472E0 2.55464E0 2.55464E0 1.59665E0 1.53677E0 2.9538E0 3.333E0 4.21116E0 5.00948E0 3.73216E0 3.61241E0 3.39287E0 2.31514E0 2.23531E0 2.53468E0 2.19539E0 2.25526E0 2.25526E0 2.31514E0 2.75422E0 3.05359E0 2.87396E0 3.333E0 3.91179E0 4.23111E0 4.84982E0 5.10927E0 4.37082E0 3.15338E0 3.11346E0 1.4769E0 2.75422E0 2.29518E0 4.98952E0 4.5704E0 4.09141E0 4.31095E0 4.96956E0 5.12923E0 5.28889E0 6.2868E0 6.34667E0 6.64604E0 8.36244E0
7.10508E0 5.72797E0 6.2868E0 6.94541E0 7.92336E0 8.36244E0 6.08722E0 4.45065E0 5.78785E0 2.77417E0 1.03782E0 1.89602E0 1.49686E0 4.78994E-1 5.98743E-2 -3.90874E0 -8.89636E0 -1.0665E1 -5.8012E0 5.98743E-2 3.79204E-1 8.18282E-1 1.41702E0 2.03572E0 2.67438E0 2.75422E0 2.75422E0 1.53677E0 2.15547E0 3.65233E0 4.45065E0 4.41074E0 5.24898E0 3.51262E0 3.51262E0 2.27522E0 2.21535E0 2.81409E0 2.45484E0 1.89602E0 1.89602E0 1.99581E0 2.53468E0 2.45484E0 2.75422E0 3.19329E0 3.51262E0 3.31304E0 3.61241E0 4.23111E0 4.15128E0 4.23111E0 4.11137E0 1.89602E0 2.21535E0 3.17334E0 2.27522E0 4.25107E0 5.34877E0 5.12923E0 5.58826E0 5.30885E0 4.96956E0 4.94961E0 4.5704E0 5.76789E0 5.92755E0 9.32043E0
5.62818E0 6.00738E0 6.54625E0 7.26474E0 7.22483E0 3.73216E0 1.89602E0 1.95589E0 4.45065E0 3.19329E0 9.18072E-1 1.27732E0 1.2374E0 4.1912E-1 3.99162E-2 -4.91687E0 -8.43651E0 -5.65971E0 -1.20269E0 1.19749E-1 5.38868E-1 1.01786E0 1.55673E0 2.05568E0 2.55464E0 2.75422E0 1.97585E0 2.73426E0 2.9538E0 4.5704E0 4.96956E0 5.38868E0 5.30885E0 3.73216E0 3.11346E0 2.99371E0 2.45484E0 2.59455E0 2.25526E0 1.83614E0 2.19539E0 2.23531E0 2.77417E0 2.77417E0 2.75422E0 3.15338E0 3.05359E0 3.11346E0 3.333E0 3.11346E0 3.25317E0 4.67019E0 4.11137E0 3.63237E0 2.97376E0 3.49267E0 5.54835E0 5.0494E0 5.54835E0 4.92965E0 3.23321E0 5.1891E0 5.06935E0 6.0473E0 5.0494E0 5.12923E0 6.82567E0 6.96537E0
5.12923E0 4.15128E0 5.1891E0 6.64604E0 7.38449E0 3.51262E0 2.85401E0 3.13342E0 2.51472E0 1.57669E0 8.3824E-1 1.11765E0 8.58198E-1 5.1891E-1 5.98743E-2 -5.12911E-1 -5.83659E-1 -1.59181E-1 2.19539E-1 4.78994E-1 8.3824E-1 1.13761E0 1.93593E0 2.55464E0 2.67438E0 2.51472E0 1.25736E0 2.87396E0 4.45065E0 5.0494E0 4.96956E0 4.67019E0 4.35086E0 2.7143E0 2.31514E0 2.37501E0 2.87396E0 2.49476E0 2.23531E0 2.53468E0 1.99581E0 2.31514E0 3.25317E0 3.15338E0 3.19329E0 3.25317E0 2.75422E0 2.81409E0 3.45275E0 3.25317E0 3.333E0 4.21116E0 4.94961E0 5.44856E0 5.00948E0 5.68806E0 4.84982E0 4.96956E0 5.36873E0 5.50843E0 4.15128E0 3.73216E0 5.12923E0 5.02944E0 5.00948E0 5.36873E0 8.74164E0 4.84982E0
4.15128E0 4.15128E0 4.53049E0 5.24898E0 7.20487E0 6.22692E0 5.88764E0 5.0494E0 1.93593E0 1.13761E0 5.38868E-1 8.78156E-1 6.98533E-1 3.39287E-1 1.19749E-1 1.99581E-1 2.99371E-1 1.99581E-1 4.78994E-1 9.97904E-1 1.03782E0 1.65652E0 2.57459E0 2.81409E0 3.05359E0 3.27313E0 3.61241E0 4.41074E0 5.0494E0 3.73216E0 3.99162E0 3.73216E0 3.19329E0 2.49476E0 1.83614E0 2.21535E0 2.7143E0 2.77417E0 2.45484E0 2.31514E0 2.21535E0 2.59455E0 3.29308E0 2.49476E0 2.53468E0 3.11346E0 2.75422E0 2.85401E0 3.11346E0 3.333E0 3.19329E0 3.69225E0 3.73216E0 3.91179E0 3.73216E0 4.21116E0 3.85191E0 4.35086E0 4.41074E0 4.75002E0 5.24898E0 5.28889E0 5.78785E0 8.06307E0 7.86349E0 7.88344E0 4.25107E0 8.82148E0
