ENM/Final_Models/M_0.8_F_q_Set_1_E/Gustavia_santanderiensis_8_Choco.asc
ncols         367
nrows         963
xllcorner     -78.6
yllcorner     0.65
cellsize      0.00833333333333323
NODATA_value  -9999
[rows 800 to 831 of 963, columns 71 to 141 of 367]
9.99995E-1 9.99988E-1 9.99995E-1 9.99996E-1 9.99997E-1 9.99965E-1 9.9984E-1 9.99961E-1 9.99521E-1 9.98977E-1 9.99992E-1 9.99999E-1 9.99967E-1 9.99985E-1 9.99593E-1 9.93071E-1 9.9966E-1 9.99962E-1 9.99992E-1 9.99998E-1 1E0 1E0 1E0 1E0 1E0 9.99888E-1 9.96404E-1 9.60758E-1 9.39793E-1 9.90625E-1 9.98396E-1 9.91452E-1 9.97914E-1 9.76183E-1 9.79531E-1 9.75498E-1 7.62214E-1 6.41426E-1 7.0009E-1 6.70618E-1 4.54438E-1 3.24703E-1 3.44392E-1 6.76574E-1 2.11294E-1 8.77495E-2 4.28916E-1 8.96946E-1 9.7201E-1 3.35375E-1 1.38973E-1 5.49929E-1 6.51281E-1 5.90721E-1 5.89086E-1 4.77744E-1 3.46211E-1 1.95616E-1 2.51249E-1 2.71889E-1 3.87687E-1 1.16235E-1 1.52383E-1 6.16088E-2 9.30049E-2 1.66585E-1 1.20635E-1 4.22363E-2 3.72686E-2 2.6324E-3 1.62822E-3
9.99906E-1 9.99999E-1 9.99967E-1 9.99995E-1 9.9993E-1 9.9986E-1 9.99968E-1 9.99436E-1 9.99997E-1 9.99877E-1 9.99987E-1 9.99984E-1 9.99952E-1 9.99999E-1 9.99997E-1 9.99999E-1 1E0 1E0 1E0 1E0 9.99581E-1 9.99962E-1 9.99614E-1 1E0 9.99435E-1 9.99486E-1 9.8512E-1 8.97637E-1 8.77228E-1 9.88135E-1 9.80924E-1 9.83036E-1 9.90432E-1 9.80086E-1 9.82083E-1 9.61543E-1 6.55765E-1 5.90896E-1 5.19859E-1 5.73491E-1 3.40031E-1 4.96297E-1 7.60708E-1 7.36314E-1 4.75048E-1 9.60103E-2 2.4763E-1 7.17199E-1 6.91249E-1 2.36294E-1 3.30704E-1 4.6119E-1 5.29926E-1 6.4257E-1 4.50962E-1 4.43271E-1 4.87835E-1 4.78664E-1 3.45991E-1 1.93683E-1 1.69477E-1 8.58024E-2 2.25917E-1 9.46704E-2 6.00431E-2 7.32004E-2 1.41865E-1 1.17226E-2 4.07777E-3 4.2544E-4 2.9912E-4
9.99898E-1 9.99997E-1 9.99994E-1 9.99873E-1 9.9993E-1 9.99997E-1 9.99849E-1 9.99239E-1 9.994E-1 9.99032E-1 9.99997E-1 9.99976E-1 9.99987E-1 9.99918E-1 9.99999E-1 9.99999E-1 1E0 1E0 9.99853E-1 9.99963E-1 9.99984E-1 9.99911E-1 1E0 1E0 9.99991E-1 9.98948E-1 9.70358E-1 8.80814E-1 8.81881E-1 9.58831E-1 9.55899E-1 9.19981E-1 9.95178E-1 9.84496E-1 9.66521E-1 9.36133E-1 7.32208E-1 6.03434E-1 3.77558E-1 2.5146E-1 3.09984E-1 6.96795E-1 7.77275E-1 7.95573E-1 5.84365E-1 1.88722E-1 3.67993E-1 8.07887E-1 9.18935E-1 3.8286E-1 3.09947E-1 4.61436E-1 4.59318E-1 6.75844E-1 3.04245E-1 4.76635E-1 4.79709E-1 4.27402E-1 2.29624E-1 1.17255E-1 7.96304E-2 7.1403E-2 4.53841E-2 4.64749E-2 1.62683E-2 1.45241E-2 2.06202E-2 6.71626E-3 6.90773E-4 1.96848E-4 6.5264E-5
1E0 9.9991E-1 9.99967E-1 9.99997E-1 9.9995E-1 9.99893E-1 9.99957E-1 9.99959E-1 9.99986E-1 9.99876E-1 9.97962E-1 9.98148E-1 9.9994E-1 9.99472E-1 9.99872E-1 9.99977E-1 9.99796E-1 9.99073E-1 9.99822E-1 9.99992E-1 9.99877E-1 9.99883E-1 9.9997E-1 9.99997E-1 9.99943E-1 9.98549E-1 9.72849E-1 8.76655E-1 9.25086E-1 9.37504E-1 8.97228E-1 8.57648E-1 9.92157E-1 9.86227E-1 9.8937E-1 9.48745E-1 8.77252E-1 6.85808E-1 1.7446E-1 1.80826E-1 5.46184E-1 7.13226E-1 7.75354E-1 7.73762E-1 4.60437E-1 2.61226E-1 6.03743E-1 8.934E-1 9.00899E-1 2.89994E-1 4.26942E-1 4.22168E-1 4.77741E-1 4.51738E-1 1.38707E-1 2.16103E-1 3.28689E-1 3.09285E-1 2.12126E-1 5.57625E-2 3.63827E-2 3.13576E-2 3.03067E-2 1.0622E-2 2.84177E-3 3.99279E-3 3.06046E-3 7.48127E-4 6.05462E-4 5.22983E-4 4.24445E-4
1E0 9.99998E-1 9.99998E-1 9.99995E-1 9.99987E-1 9.99656E-1 9.99655E-1 9.97087E-1 9.98656E-1 9.97543E-1 9.88914E-1 9.9738E-1 9.98958E-1 9.99914E-1 9.9997E-1 9.99977E-1 9.99828E-1 9.9999E-1 9.99999E-1 9.99976E-1 1E0 9.99999E-1 9.99992E-1 9.99615E-1 9.88806E-1 9.99531E-1 9.92588E-1 9.58128E-1 9.48286E-1 9.81362E-1 9.69366E-1 9.319E-1 9.78139E-1 9.52118E-1 9.86903E-1 9.30418E-1 9.07038E-1 7.60231E-1 3.56217E-1 3.64229E-1 7.16629E-1 8.45366E-1 9.46921E-1 8.64551E-1 4.86351E-1 2.27246E-1 6.06266E-1 9.67348E-1 5.95416E-1 3.64121E-1 5.52277E-1 2.9196E-1 2.55879E-1 4.21391E-1 1.7293E-1 1.93957E-1 1.79045E-1 2.02905E-1 1.09465E-1 5.53602E-2 3.17056E-2 1.08191E-2 5.58675E-3 6.22299E-3 1.6698E-3 1.997E-3 1.54682E-3 1.79683E-3 2.89408E-3 9.1129E-4 1.06688E-4
9.99976E-1 9.99998E-1 9.99997E-1 9.99993E-1 9.9893E-1 9.99465E-1 9.99569E-1 9.99975E-1 9.9996E-1 9.98546E-1 9.9493E-1 9.90019E-1 9.99998E-1 9.99772E-1 9.9943E-1 9.99827E-1 9.99813E-1 9.99802E-1 9.99917E-1 9.99604E-1 1E0 1E0 9.99863E-1 9.94583E-1 9.28262E-1 9.70932E-1 9.95178E-1 9.90298E-1 9.53124E-1 9.96E-1 9.85919E-1 9.30426E-1 9.43883E-1 9.16103E-1 9.02848E-1 9.58527E-1 9.17729E-1 8.67039E-1 6.79399E-1 4.86946E-1 7.35341E-1 9.41865E-1 9.81878E-1 8.66705E-1 7.56764E-1 3.20661E-1 6.59657E-1 9.23899E-1 6.23891E-1 4.91782E-1 3.52356E-1 4.18445E-1 4.04748E-1 3.3536E-1 2.60968E-1 2.80913E-1 2.19596E-1 2.31341E-1 1.70012E-1 1.29136E-1 2.74572E-2 3.97076E-3 1.15585E-3 2.78333E-3 2.83826E-3 2.6028E-3 6.96587E-3 8.00542E-3 2.96957E-3 1.45713E-3 1.16101E-4
1E0 9.99749E-1 9.99806E-1 9.99894E-1 9.99385E-1 9.98456E-1 9.98334E-1 9.99601E-1 9.99992E-1 9.9994E-1 9.95805E-1 9.97369E-1 9.99777E-1 9.99913E-1 9.99951E-1 9.9989E-1 9.99996E-1 9.99992E-1 9.99741E-1 9.99952E-1 9.99963E-1 9.99773E-1 9.96674E-1 9.64152E-1 9.20789E-1 9.59133E-1 9.63752E-1 9.58232E-1 9.81786E-1 9.81607E-1 9.90196E-1 9.87118E-1 9.80935E-1 8.90974E-1 7.63857E-1 8.73065E-1 9.35308E-1 7.88907E-1 6.23661E-1 4.18997E-1 6.28887E-1 8.44267E-1 9.78447E-1 9.51695E-1 9.51862E-1 5.57601E-1 3.12242E-1 6.5722E-1 9.71767E-1 4.21716E-1 2.81481E-1 3.35777E-1 2.86644E-1 2.45848E-1 3.75177E-1 2.96938E-1 1.2887E-1 5.18907E-2 8.47842E-2 3.99365E-2 2.33926E-2 5.1045E-3 5.49893E-3 1.05352E-2 1.13847E-2 1.83247E-2 2.02697E-2 1.30883E-2 2.68866E-3 1.25094E-3 5.4843E-4
1E0 9.99988E-1 9.99914E-1 9.99995E-1 9.99038E-1 9.99938E-1 9.9883E-1 9.9665E-1 9.9947E-1 9.98453E-1 9.98533E-1 9.9968E-1 9.99976E-1 9.99998E-1 1E0 9.99999E-1 9.99945E-1 9.99955E-1 9.9954E-1 9.99771E-1 9.99677E-1 9.96926E-1 9.48889E-1 8.34641E-1 8.71385E-1 7.25562E-1 8.16326E-1 9.351E-1 9.62874E-1 9.96764E-1 9.872E-1 9.61819E-1 9.19459E-1 8.68977E-1 6.58417E-1 7.15291E-1 8.3336E-1 7.93663E-1 4.17391E-1 2.08314E-1 2.56834E-1 8.48065E-1 9.89519E-1 9.97527E-1 8.39636E-1 2.39019E-1 2.13744E-1 7.20088E-1 9.71891E-1 9.2052E-1 2.59845E-1 9.77551E-2 9.95145E-2 1.32425E-1 2.54504E-1 2.04103E-1 8.74723E-2 5.66645E-2 3.83612E-2 1.87024E-2 1.11244E-2 7.87723E-3 8.28112E-3 1.20973E-2 8.70624E-3 3.50595E-2 1.34501E-2 2.77849E-3 7.07989E-4 1.65375E-4 1.04559E-4
1E0 9.99957E-1 9.99777E-1 9.99834E-1 9.9649E-1 9.97363E-1 9.99339E-1 9.93213E-1 9.9443E-1 9.99965E-1 9.74955E-1 9.99979E-1 1E0 1E0 9.99999E-1 1E0 9.99996E-1 9.99115E-1 9.98587E-1 9.99966E-1 9.96826E-1 9.86155E-1 9.53757E-1 7.83567E-1 7.57481E-1 6.75658E-1 7.2338E-1 9.12837E-1 9.88746E-1 9.92048E-1 9.95688E-1 9.29711E-1 9.06508E-1 8.90669E-1 6.52842E-1 6.4389E-1 6.92428E-1 7.106E-1 2.29837E-1 1.40853E-1 2.61265E-1 7.69907E-1 9.71866E-1 9.95301E-1 7.53362E-1 1.53109E-1 1.55196E-1 8.8145E-1 8.64379E-1 9.01542E-1 5.61587E-1 2.32533E-1 3.46337E-1 4.46375E-1 1.70227E-1 2.9723E-1 1.31678E-1 7.75174E-2 4.67691E-2 2.49321E-2 4.65496E-3 6.72625E-3 1.4095E-2 1.09449E-2 8.9631E-3 1.94282E-2 6.94223E-3 3.24858E-3 4.97433E-4 5.10802E-4 1.18145E-4
1E0 1E0 9.99998E-1 9.999E-1 9.99914E-1 9.98957E-1 9.95908E-1 9.99065E-1 9.99175E-1 9.96483E-1 9.98921E-1 1E0 1E0 1E0 1E0 9.99995E-1 9.99851E-1 9.99819E-1 9.96657E-1 9.99064E-1 9.94976E-1 9.53404E-1 9.56945E-1 7.25872E-1 7.51019E-1 6.68989E-1 8.84565E-1 9.53035E-1 9.75159E-1 9.94223E-1 9.93863E-1 8.91461E-1 9.10264E-1 8.82974E-1 8.91704E-1 8.04911E-1 7.55998E-1 6.66735E-1 3.04064E-1 2.82776E-1 5.41156E-1 6.3282E-1 8.6704E-1 8.18774E-1 6.86152E-1 2.42735E-1 5.61418E-1 8.08347E-1 8.84405E-1 5.398E-1 5.87591E-1 6.28321E-1 9.30845E-1 4.17205E-1 1.77682E-1 2.55719E-1 1.48267E-1 5.461E-2 4.66475E-2 2.42931E-2 6.64061E-3 6.12916E-3 1.40127E-2 1.84759E-2 1.04573E-2 1.22171E-2 7.87268E-3 1.04388E-2 2.81479E-3 1.65733E-3 7.90839E-5
1E0 1E0 1E0 9.99932E-1 9.99986E-1 9.99944E-1 9.99986E-1 1E0 1E0 9.99999E-1 9.99988E-1 1E0 1E0 1E0 1E0 9.99983E-1 9.99999E-1 9.99979E-1 9.99525E-1 9.99399E-1 9.72547E-1 9.63006E-1 9.2374E-1 6.96199E-1 5.82112E-1 6.36645E-1 9.01115E-1 9.77847E-1 9.84567E-1 9.96004E-1 9.93192E-1 9.6834E-1 9.88717E-1 8.99257E-1 6.58923E-1 7.4754E-1 5.21355E-1 5.28574E-1 4.79688E-1 4.77596E-1 4.43165E-1 8.4954E-1 6.7647E-1 6.5428E-1 3.74537E-1 5.93253E-1 7.96416E-1 8.69508E-1 7.51885E-1 6.11116E-1 5.23964E-1 7.28179E-1 9.84346E-1 4.3446E-1 2.545E-1 1.48889E-1 1.59656E-1 8.7232E-2 3.85421E-2 2.50046E-2 6.07887E-3 1.56379E-2 2.64884E-2 3.35003E-2 2.90721E-2 1.0072E-2 4.64139E-3 2.41381E-3 7.15562E-4 4.23554E-5 1.8829E-5
1E0 1E0 1E0 9.99868E-1 9.99992E-1 9.99936E-1 9.99102E-1 1E0 1E0 1E0 1E0 1E0 1E0 1E0 9.99999E-1 9.99966E-1 9.99795E-1 9.99935E-1 9.99837E-1 9.95788E-1 9.04562E-1 8.111E-1 8.74648E-1 6.53782E-1 7.02905E-1 8.76088E-1 9.52412E-1 9.97351E-1 9.991E-1 9.99843E-1 9.99967E-1 9.99097E-1 9.97057E-1 9.59196E-1 8.85969E-1 9.76849E-1 9.21701E-1 7.70978E-1 8.44516E-1 3.69142E-1 4.47058E-1 7.51337E-1 5.78201E-1 3.51246E-1 1.36073E-1 3.31655E-1 4.65834E-1 5.20886E-1 5.26837E-1 4.55956E-1 4.19434E-1 6.88214E-1 9.11649E-1 5.76394E-1 1.60813E-1 1.37508E-1 7.87148E-2 3.61329E-2 1.39101E-2 1.10136E-2 6.12579E-3 2.34801E-2 3.31076E-2 6.71986E-2 2.59017E-2 1.61467E-2 3.8775E-3 1.20554E-3 1.60263E-4 2.11403E-5 6.72643E-6
1E0 1E0 1E0 9.99924E-1 9.99967E-1 9.99994E-1 9.99457E-1 9.99942E-1 9.99999E-1 9.99973E-1 9.99992E-1 9.99959E-1 9.99996E-1 1E0 1E0 9.99999E-1 9.97756E-1 9.98903E-1 9.97848E-1 9.45353E-1 8.73917E-1 7.44276E-1 7.41024E-1 8.06692E-1 9.46961E-1 9.65232E-1 9.96715E-1 9.99352E-1 1E0 9.99999E-1 9.91968E-1 9.99582E-1 9.96645E-1 9.9199E-1 8.28686E-1 8.65172E-1 7.35646E-1 8.70277E-1 6.34131E-1 5.8634E-1 5.94684E-1 7.38409E-1 7.51349E-1 3.35758E-1 1.96832E-1 1.46616E-1 1.40065E-1 1.09667E-1 1.01938E-1 3.91722E-1 2.69176E-1 3.1733E-1 5.01424E-1 3.49603E-1 1.41499E-1 1.225E-1 7.43199E-2 3.59064E-2 1.2219E-2 4.97E-3 4.12368E-3 1.15962E-2 2.70646E-2 9.88795E-2 3.24741E-2 1.26069E-2 9.87718E-3 3.39458E-3 1.2739E-3 3.2483E-5 5.87802E-6
9.99993E-1 1E0 1E0 9.998E-1 9.99995E-1 9.99637E-1 9.99942E-1 9.99768E-1 9.99144E-1 9.98918E-1 9.99992E-1 9.99878E-1 9.99972E-1 1E0 1E0 9.99991E-1 9.98621E-1 9.997E-1 9.9725E-1 9.79248E-1 8.76205E-1 7.9555E-1 7.54318E-1 7.83475E-1 9.81821E-1 9.93524E-1 9.9999E-1 1E0 1E0 9.88525E-1 9.97395E-1 9.27817E-1 8.06364E-1 8.53825E-1 5.64122E-1 7.06509E-1 6.49875E-1 4.03825E-1 7.16881E-1 6.37333E-1 3.39345E-1 4.14201E-1 5.58036E-1 6.97587E-1 7.20131E-1 4.10734E-1 2.55619E-1 1.45379E-1 1.59796E-1 2.41413E-1 5.01159E-1 5.64495E-1 7.17045E-1 2.78937E-1 1.22425E-1 1.77658E-1 4.62291E-2 1.23659E-1 1.31971E-1 8.78477E-2 2.92459E-2 3.83547E-2 8.81887E-2 9.65226E-2 2.73903E-2 1.27373E-2 1.71579E-2 1.00036E-2 2.13831E-3 8.18451E-5 6.04222E-6
9.97541E-1 9.99998E-1 9.9999E-1 9.99997E-1 9.99977E-1 9.99321E-1 9.9227E-1 9.96961E-1 9.99948E-1 9.99981E-1 9.99999E-1 9.99999E-1 9.99999E-1 1E0 1E0 1E0 9.99981E-1 9.99632E-1 9.73806E-1 9.98177E-1 9.93914E-1 9.60212E-1 9.33185E-1 9.4234E-1 9.88447E-1 9.99998E-1 9.99854E-1 9.98677E-1 9.95156E-1 9.89807E-1 9.99579E-1 9.96857E-1 3.61641E-1 4.83281E-1 9.32754E-1 9.39931E-1 7.43777E-1 2.55579E-1 7.04514E-1 5.99065E-1 3.50076E-1 3.54549E-1 3.85831E-1 5.20389E-1 8.83551E-1 7.05474E-1 5.31963E-1 1.84978E-1 4.37177E-1 4.30226E-1 5.29254E-1 5.7977E-1 4.37997E-1 1.50627E-1 1.10352E-1 2.50415E-1 2.23281E-1 1.54893E-1 9.96157E-2 7.86386E-2 4.81152E-2 7.57525E-2 7.82624E-2 9.5285E-2 5.81218E-2 3.56966E-2 6.59321E-3 1.58516E-3 1.20423E-3 2.02208E-3 1.16504E-3
9.97966E-1 9.98603E-1 9.87454E-1 9.911E-1 9.95923E-1 9.99769E-1 9.9994E-1 9.94125E-1 9.99897E-1 9.99997E-1 9.99982E-1 9.99998E-1 9.99998E-1 1E0 9.99998E-1 9.99922E-1 1E0 9.99985E-1 9.99408E-1 9.22681E-1 8.954E-1 9.37687E-1 9.28762E-1 9.89609E-1 9.96982E-1 9.99771E-1 9.9921E-1 9.9829E-1 9.99663E-1 9.96826E-1 9.99221E-1 9.83117E-1 9.59333E-1 5.80756E-1 3.79504E-1 7.88197E-1 9.28544E-1 7.08224E-1 6.77819E-1 7.44329E-1 5.34951E-1 4.72724E-1 1.94776E-1 2.26741E-1 5.56284E-1 7.11014E-1 8.48747E-1 7.83141E-1 8.16468E-1 8.68353E-1 8.69856E-1 6.88424E-1 3.31495E-1 8.67536E-2 1.20521E-1 2.39243E-1 4.18438E-1 4.03907E-1 2.78216E-1 8.89913E-2 3.02119E-2 4.2587E-2 8.6388E-2 3.51109E-2 1.75706E-1 7.66716E-2 3.36924E-2 1.14685E-2 9.22209E-3 5.20498E-3 8.15703E-3
9.94424E-1 9.94695E-1 9.91673E-1 9.83387E-1 9.99663E-1 9.9974E-1 9.99886E-1 9.99783E-1 9.98974E-1 9.99388E-1 9.99788E-1 9.99995E-1 1E0 9.99998E-1 9.99581E-1 9.99057E-1 1E0 9.99996E-1 9.99995E-1 9.99773E-1 9.91445E-1 9.69889E-1 9.90994E-1 9.99989E-1 1E0 9.99852E-1 9.565E-1 9.9618E-1 9.91373E-1 9.9886E-1 9.99791E-1 9.59822E-1 8.33754E-1 6.73212E-1 5.47813E-1 4.57196E-1 9.60833E-1 7.54832E-1 6.52963E-1 8.72929E-1 8.8546E-1 5.68158E-1 2.58218E-1 -9999 -9999 -9999 -9999 8.79349E-1 9.07271E-1 6.6512E-1 -9999 -9999 -9999 -9999 3.05656E-1 3.79763E-1 1.40282E-1 1.27862E-1 1.84484E-1 7.76188E-2 6.66969E-2 4.69361E-2 1.2237E-1 1.15163E-1 1.8158E-1 9.08418E-2 3.26231E-2 2.07946E-2 7.8677E-2 3.52684E-2 2.40712E-2
9.87926E-1 9.99812E-1 9.99751E-1 9.98524E-1 9.99102E-1 9.99817E-1 9.99581E-1 9.98993E-1 9.99902E-1 9.98078E-1 9.99621E-1 9.99971E-1 9.99952E-1 9.99103E-1 9.99906E-1 9.95377E-1 9.98292E-1 9.9992E-1 1E0 9.99996E-1 9.99977E-1 9.9907E-1 9.99883E-1 9.9645E-1 9.85111E-1 9.96675E-1 9.83623E-1 9.89205E-1 9.88108E-1 9.90552E-1 9.88248E-1 9.12717E-1 7.49141E-1 9.73012E-1 9.39843E-1 5.49117E-1 9.49237E-1 8.5292E-1 8.89465E-1 9.72965E-1 9.01497E-1 5.18473E-1 3.10308E-1 -9999 -9999 -9999 -9999 -9999 8.26379E-1 -9999 -9999 -9999 -9999 -9999 -9999 2.83366E-1 9.69285E-2 1.31962E-1 2.73891E-1 1.45531E-1 1.77669E-1 2.45454E-1 3.52275E-1 3.08392E-1 3.44014E-2 4.16813E-2 5.04877E-2 2.53336E-2 2.1639E-2 1.22351E-2 7.68835E-3
9.99972E-1 9.99897E-1 9.99956E-1 9.99861E-1 9.9423E-1 9.94585E-1 9.98954E-1 9.97448E-1 9.95056E-1 9.99364E-1 9.95916E-1 9.9938E-1 9.94155E-1 9.99447E-1 9.99528E-1 9.99491E-1 9.98459E-1 9.9516E-1 9.99141E-1 1E0 9.99992E-1 9.99836E-1 9.99316E-1 9.23242E-1 9.6342E-1 9.53481E-1 9.79272E-1 9.86969E-1 9.99273E-1 9.99254E-1 9.77737E-1 9.77603E-1 9.27708E-1 8.53388E-1 9.5643E-1 9.98491E-1 9.37744E-1 7.97762E-1 7.83936E-1 7.34329E-1 6.50228E-1 5.22362E-1 4.59592E-1 -9999 -9999 -9999 -9999 -9999 -9999 -9999 -9999 -9999 -9999 -9999 -9999 4.20493E-1 5.48506E-1 3.77558E-1 4.58587E-1 1.82226E-1 6.81712E-2 2.2923E-1 1.56818E-1 1.51554E-1 1.52704E-1 7.36159E-2 3.27207E-2 1.00084E-2 2.39884E-2 1.83182E-2 1.05725E-2
9.9999E-1 9.93943E-1 9.98453E-1 9.99355E-1 9.99646E-1 9.98617E-1 9.9939E-1 9.99835E-1 9.98162E-1 9.97338E-1 9.99867E-1 9.94455E-1 9.99552E-1 9.98986E-1 9.98896E-1 9.94595E-1 9.93436E-1 9.71545E-1 9.9753E-1 9.99955E-1 9.99272E-1 9.96118E-1 9.88872E-1 9.11043E-1 9.97258E-1 9.92804E-1 9.99288E-1 9.852E-1 9.98501E-1 9.96644E-1 9.94311E-1 9.83914E-1 8.98695E-1 7.57039E-1 9.54591E-1 9.98619E-1 9.96279E-1 7.65715E-1 3.48993E-1 5.37126E-1 5.27293E-1 -9999 -9999 -9999 -9999 -9999 -9999 -9999 -9999 -9999 -9999 -9999 -9999 -9999 -9999 3.04355E-1 3.78901E-1 5.72606E-1 1.99984E-1 4.51978E-2 2.79557E-2 2.42041E-1 1.18116E-1 4.58282E-2 7.5008E-2 1.30244E-1 5.76647E-2 5.08479E-3 1.42203E-2 1.73644E-2 4.2884E-2
9.99826E-1 9.99615E-1 9.98936E-1 9.82669E-1 9.97784E-1 9.99713E-1 9.81427E-1 9.99636E-1 9.7909E-1 9.99796E-1 9.9962E-1 9.99094E-1 9.99234E-1 9.99534E-1 9.99885E-1 9.99009E-1 9.97108E-1 9.69741E-1 9.97008E-1 9.99922E-1 9.99737E-1 9.96762E-1 9.90635E-1 9.69493E-1 9.90466E-1 9.87892E-1 9.73138E-1 9.98904E-1 9.86331E-1 9.48762E-1 9.9668E-1 9.92307E-1 9.7636E-1 9.6057E-1 9.65174E-1 9.47641E-1 9.83664E-1 8.81895E-1 5.26601E-1 4.69602E-1 6.35608E-1 5.00755E-1 -9999 -9999 -9999 -9999 -9999 -9999 -9999 -9999 -9999 -9999 -9999 -9999 -9999 2.39482E-1 2.62476E-1 4.73828E-1 2.11478E-1 7.96614E-2 3.53432E-2 7.76939E-2 1.06408E-1 4.20885E-2 2.00703E-2 1.71108E-2 4.36897E-2 6.95711E-3 1.15052E-3 1.92281E-2 1.4727E-2
9.99975E-1 9.99894E-1 9.90504E-1 9.96165E-1 9.98621E-1 9.98686E-1 9.9706E-1 9.99853E-1 9.85596E-1 9.99422E-1 9.99487E-1 9.98501E-1 9.99789E-1 9.99332E-1 9.9946E-1 9.9922E-1 9.98176E-1 9.98618E-1 9.86864E-1 9.97129E-1 9.90568E-1 9.93008E-1 9.98602E-1 9.92739E-1 9.87418E-1 9.62798E-1 9.93421E-1 9.90831E-1 9.83794E-1 9.40487E-1 9.9596E-1 9.92585E-1 9.9326E-1 9.79872E-1 8.73781E-1 9.15743E-1 9.72724E-1 8.6172E-1 5.66994E-1 9.39947E-1 9.44123E-1 9.28325E-1 2.94978E-1 -9999 -9999 -9999 -9999 -9999 -9999 -9999 -9999 -9999 -9999 -9999 -9999 9.34E-2 4.22306E-1 6.13976E-1 3.2617E-1 4.86058E-2 2.37328E-2 5.11118E-2 3.13433E-2 2.67503E-2 1.19212E-2 7.93518E-3 1.1372E-2 5.81056E-3 5.18824E-4 1.9934E-3 9.45651E-4
9.99789E-1 9.99973E-1 9.9982E-1 9.99652E-1 9.87592E-1 9.96441E-1 9.97526E-1 9.99374E-1 9.99614E-1 9.99554E-1 9.94049E-1 9.86298E-1 9.8495E-1 9.99436E-1 9.98733E-1 9.95112E-1 9.95117E-1 9.90981E-1 9.738E-1 9.88695E-1 9.82393E-1 9.99141E-1 9.9678E-1 9.87476E-1 9.85537E-1 9.7834E-1 9.67256E-1 9.95436E-1 9.99246E-1 9.98877E-1 9.97031E-1 9.95843E-1 9.26725E-1 8.79053E-1 8.51884E-1 9.75157E-1 9.39044E-1 9.37831E-1 8.35436E-1 9.45132E-1 9.72116E-1 9.51015E-1 5.71993E-1 4.6397E-1 -9999 -9999 -9999 -9999 -9999 -9999 -9999 -9999 -9999 -9999 -9999 1.23638E-1 2.79318E-1 4.91529E-1 5.14688E-1 1.91748E-1 1.05462E-1 4.75497E-2 2.2756E-2 2.08201E-2 1.23933E-2 6.17462E-3 1.96422E-3 1.8131E-3 1.67806E-3 1.27673E-3 2.74895E-4
9.99915E-1 9.93632E-1 9.99882E-1 9.99885E-1 9.82939E-1 9.94277E-1 9.86606E-1 9.96339E-1 9.99308E-1 9.99734E-1 9.77942E-1 9.98044E-1 9.72902E-1 9.87498E-1 9.99051E-1 9.25396E-1 9.79336E-1 9.66073E-1 9.82468E-1 9.84193E-1 9.93131E-1 9.96167E-1 9.98435E-1 9.9535E-1 9.77365E-1 9.41347E-1 9.61589E-1 9.98958E-1 9.97759E-1 9.97954E-1 9.95435E-1 9.7805E-1 8.02396E-1 7.47636E-1 8.05992E-1 9.21009E-1 9.08017E-1 9.20786E-1 9.35398E-1 9.14003E-1 9.42649E-1 9.42041E-1 7.96383E-1 4.68816E-1 -9999 -9999 -9999 -9999 -9999 -9999 -9999 -9999 -9999 -9999 -9999 5.90503E-2 3.0568E-1 3.12793E-1 2.46322E-1 2.47125E-1 2.38879E-1 1.37938E-1 4.85605E-2 2.61789E-2 2.32816E-2 2.62185E-2 2.00102E-2 6.65663E-3 1.95487E-2 1.46864E-3 1.86163E-4
9.99715E-1 9.99572E-1 9.99482E-1 9.99499E-1 9.99459E-1 9.98418E-1 9.52169E-1 9.98901E-1 9.99695E-1 9.99798E-1 9.77431E-1 9.88703E-1 9.57382E-1 9.94602E-1 9.82823E-1 9.93778E-1 9.96998E-1 9.95721E-1 9.93846E-1 9.96359E-1 9.91453E-1 9.9799E-1 9.7589E-1 9.89112E-1 9.51863E-1 9.46379E-1 9.80451E-1 9.96477E-1 9.96406E-1 9.97752E-1 9.73651E-1 9.77113E-1 8.79483E-1 9.38484E-1 9.07255E-1 9.74992E-1 9.85953E-1 9.48845E-1 8.9215E-1 8.76674E-1 9.5923E-1 9.02734E-1 6.06267E-1 2.36845E-1 -9999 -9999 -9999 -9999 -9999 -9999 -9999 -9999 -9999 -9999 -9999 2.02631E-2 4.6201E-2 1.21929E-1 8.28991E-2 9.15353E-2 3.4222E-2 3.52495E-2 4.02229E-2 3.15248E-2 1.71961E-2 1.74708E-2 1.10969E-2 1.1577E-2 1.20951E-2 2.19971E-3 2.82158E-4
9.99907E-1 9.99958E-1 9.99942E-1 9.99844E-1 9.99674E-1 9.99774E-1 9.98789E-1 9.99979E-1 9.99388E-1 9.99899E-1 9.9953E-1 9.95371E-1 9.86012E-1 9.85938E-1 9.98999E-1 9.98159E-1 9.73849E-1 9.9438E-1 9.67024E-1 9.75991E-1 9.53425E-1 9.94023E-1 9.90349E-1 9.55117E-1 8.91507E-1 9.48073E-1 9.7046E-1 9.78321E-1 9.92725E-1 9.85737E-1 9.68979E-1 9.79726E-1 9.688E-1 9.27599E-1 9.75624E-1 9.70228E-1 9.64439E-1 9.43121E-1 9.45591E-1 9.17803E-1 8.66399E-1 7.74091E-1 3.14892E-1 2.71192E-1 -9999 -9999 -9999 -9999 -9999 -9999 -9999 -9999 -9999 -9999 -9999 -9999 7.54816E-2 6.31321E-2 4.57282E-2 6.25064E-2 3.54118E-2 1.0283E-2 9.70479E-3 2.34062E-2 1.10034E-2 1.37869E-2 6.96154E-3 3.38445E-3 1.26497E-2 8.39715E-4 1.90302E-4
9.99804E-1 9.9973E-1 9.99751E-1 9.99909E-1 9.99981E-1 9.99387E-1 9.99152E-1 9.98142E-1 9.97387E-1 9.9824E-1 9.97114E-1 9.95107E-1 9.80675E-1 9.72203E-1 9.95589E-1 9.67453E-1 8.63238E-1 8.20247E-1 9.25592E-1 9.07524E-1 9.84152E-1 9.92647E-1 9.82844E-1 9.42573E-1 9.1576E-1 9.03755E-1 9.76444E-1 9.96324E-1 9.85509E-1 9.48044E-1 9.31665E-1 8.76988E-1 8.53675E-1 9.21449E-1 8.91835E-1 9.04993E-1 9.66184E-1 9.72816E-1 9.49456E-1 8.05978E-1 7.36434E-1 6.42264E-1 4.54806E-1 5.95581E-1 7.77255E-1 -9999 -9999 -9999 -9999 -9999 -9999 -9999 -9999 -9999 -9999 2.33894E-2 4.08969E-2 4.36752E-2 4.7863E-2 3.603E-2 3.30413E-2 1.71684E-2 1.0403E-2 7.33579E-3 6.35831E-3 3.70293E-3 1.81261E-3 3.4139E-3 6.49622E-4 9.37346E-5 6.00581E-5
9.99818E-1 9.99712E-1 9.99973E-1 9.99893E-1 9.99824E-1 9.99727E-1 9.97731E-1 9.98355E-1 9.95638E-1 9.90508E-1 9.83911E-1 9.91703E-1 9.84393E-1 9.8557E-1 9.96897E-1 9.68948E-1 8.5999E-1 7.359E-1 7.86416E-1 8.82656E-1 9.48997E-1 9.89236E-1 9.92422E-1 9.93805E-1 9.72802E-1 9.1221E-1 9.37916E-1 9.89669E-1 9.90515E-1 9.8357E-1 9.72438E-1 9.55854E-1 7.72165E-1 9.21847E-1 8.96543E-1 8.75418E-1 9.26942E-1 9.46809E-1 9.81283E-1 9.42566E-1 8.70248E-1 8.22802E-1 6.9454E-1 7.42269E-1 6.23995E-1 1.61643E-1 -9999 -9999 -9999 -9999 -9999 -9999 -9999 -9999 -9999 2.3616E-2 6.55157E-2 2.94096E-2 2.47392E-2 4.77965E-2 3.79972E-2 4.15124E-2 4.04136E-2 1.67204E-2 1.2469E-2 2.73495E-3 1.61027E-3 1.94447E-3 7.25698E-4 2.77963E-4 6.66467E-4
9.99998E-1 9.99929E-1 9.99903E-1 9.99671E-1 9.99588E-1 9.97263E-1 9.95618E-1 9.75396E-1 9.97807E-1 9.97282E-1 9.78653E-1 9.88057E-1 9.79928E-1 9.97348E-1 9.87667E-1 9.81519E-1 8.61901E-1 5.38033E-1 4.91089E-1 6.84449E-1 8.64979E-1 9.52325E-1 9.70226E-1 9.97277E-1 9.92088E-1 9.67564E-1 9.22197E-1 9.65917E-1 9.84255E-1 9.90257E-1 9.48859E-1 9.21084E-1 8.97157E-1 9.28268E-1 8.44864E-1 8.54899E-1 9.41785E-1 9.66969E-1 9.35049E-1 8.0945E-1 7.54319E-1 7.67666E-1 6.26552E-1 9.92069E-2 3.2754E-2 4.07638E-2 4.7225E-2 -9999 -9999 -9999 -9999 -9999 -9999 -9999 -9999 -9999 1.8514E-1 3.4561E-2 4.51434E-2 4.94342E-2 6.02914E-2 4.22766E-2 7.46572E-2 6.17731E-2 1.46108E-2 1.7793E-2 1.15517E-2 7.2919E-3 3.68496E-3 3.34123E-3 4.65656E-4
9.99754E-1 9.99803E-1 9.99992E-1 9.99838E-1 9.98096E-1 9.948E-1 9.89375E-1 9.95356E-1 9.98248E-1 9.96768E-1 9.91552E-1 9.7315E-1 9.7256E-1 9.94462E-1 9.92432E-1 9.9196E-1 9.17089E-1 6.16605E-1 4.22602E-1 6.0828E-1 7.30883E-1 8.14636E-1 9.50344E-1 9.7295E-1 9.53973E-1 9.52535E-1 8.16972E-1 9.27102E-1 9.23348E-1 9.69291E-1 9.7111E-1 9.65709E-1 9.78837E-1 9.78605E-1 9.24569E-1 9.12789E-1 9.82955E-1 9.25918E-1 8.93655E-1 9.31835E-1 7.71934E-1 4.98763E-1 1.66394E-1 2.54943E-2 4.1168E-2 5.26525E-2 6.91619E-2 -9999 -9999 -9999 -9999 -9999 -9999 -9999 -9999 -9999 -9999 3.51012E-2 3.37647E-2 4.38598E-2 3.1E-2 8.43713E-2 4.22439E-2 4.50378E-2 3.93201E-2 3.57684E-2 3.16757E-2 1.12563E-2 1.31339E-2 2.50585E-3 1.79706E-4
9.99977E-1 9.99923E-1 9.9959E-1 9.97866E-1 9.93491E-1 9.92269E-1 9.95035E-1 9.98352E-1 9.99179E-1 9.9032E-1 7.31314E-1 9.14732E-1 9.79131E-1 9.95053E-1 9.98362E-1 9.48387E-1 9.03817E-1 7.46955E-1 4.91676E-1 5.65023E-1 6.52052E-1 8.15085E-1 8.84256E-1 9.45375E-1 9.72224E-1 9.48678E-1 8.55516E-1 8.5688E-1 8.5911E-1 9.52881E-1 9.76998E-1 9.86778E-1 9.60004E-1 9.59297E-1 8.72333E-1 9.25221E-1 9.24009E-1 9.23778E-1 8.00663E-1 5.38509E-1 3.46533E-1 2.33573E-1 6.63691E-2 1.93967E-2 2.56759E-2 4.99913E-2 7.89226E-2 8.5541E-2 -9999 -9999 -9999 -9999 -9999 -9999 -9999 -9999 -9999 -9999 -9999 5.56634E-2 6.94853E-2 6.34482E-2 5.60531E-2 4.63544E-2 2.66774E-2 1.13374E-2 1.32671E-2 4.84706E-3 1.36991E-3 1.20344E-3 3.32053E-4
9.99682E-1 9.99411E-1 9.98755E-1 9.9394E-1 9.97329E-1 9.9826E-1 9.92721E-1 9.99368E-1 9.97341E-1 9.90212E-1 8.00042E-1 9.14978E-1 9.61825E-1 9.934E-1 9.92821E-1 9.95282E-1 9.25135E-1 8.49842E-1 6.81913E-1 5.34875E-1 5.79449E-1 6.54774E-1 7.68667E-1 8.76171E-1 9.82367E-1 9.572E-1 8.34193E-1 9.18726E-1 9.59271E-1 9.46004E-1 9.36796E-1 9.50812E-1 9.47117E-1 9.17383E-1 9.31735E-1 9.31949E-1 7.98511E-1 7.87716E-1 5.64412E-1 4.65593E-1 4.15581E-1 3.30374E-1 2.545E-1 1.77728E-2 3.96902E-2 1.5587E-1 1.9601E-1 4.76614E-1 1.32313E-1 1.88673E-1 -9999 -9999 -9999 -9999 -9999 -9999 -9999 -9999 -9999 -9999 4.3208E-2 2.75539E-2 1.63781E-2 5.89433E-2 5.56507E-2 3.93979E-2 3.21809E-2 1.39439E-2 2.51409E-3 1.60376E-3 3.53159E-4
