ENM/Final_Models/M_0.8_F_q_Set_1_E/Gustavia_santanderiensis_9_Choco.asc
ncols         367
nrows         963
xllcorner     -78.6
yllcorner     0.65
cellsize      0.00833333333333323
NODATA_value  -9999
[rows 240 to 269 of 963, columns 201 to 267 of 367]
9.93236E-1 9.91532E-1 9.65363E-1 9.99739E-1 9.99765E-1 9.99426E-1 9.99985E-1 9.99969E-1 9.99768E-1 9.99919E-1 9.99433E-1 9.30961E-1 9.99451E-1 9.95592E-1 9.99756E-1 9.96543E-1 9.90486E-1 9.93593E-1 9.97127E-1 9.97254E-1 9.98124E-1 9.96471E-1 9.94789E-1 9.73416E-1 9.94713E-1 9.95515E-1 9.99127E-1 9.96846E-1 9.95934E-1 9.95089E-1 9.93028E-1 9.88786E-1 9.23221E-1 7.88588E-1 4.73935E-1 2.22225E-1 2.08942E-1 2.36545E-1 1.73862E-1 3.02596E-2 2.00485E-2 7.8919E-2 7.157E-2 9.48047E-2 1.50434E-1 2.62593E-1 3.05365E-1 3.6005E-1 4.31108E-1 3.39952E-1 3.87951E-1 3.72844E-1 4.09297E-1 3.32237E-1 1.72654E-1 2.89769E-1 5.3216E-1 5.09627E-1 6.83444E-1 6.44536E-1 8.786E-1 5.48925E-1 4.5012E-1 4.32979E-1 2.48927E-1 3.51847E-1 3.40329E-1
9.4312E-1 9.99723E-1 9.98663E-1 9.9982E-1 9.38479E-1 9.99713E-1 5.76409E-1 4.15345E-1 9.0027E-1 9.46172E-1 9.99802E-1 9.99884E-1 9.98636E-1 9.96574E-1 9.99828E-1 9.99847E-1 9.9761E-1 9.98606E-1 9.99678E-1 9.96633E-1 9.99377E-1 9.99704E-1 9.96669E-1 9.75367E-1 9.94641E-1 9.84716E-1 9.98458E-1 9.98571E-1 9.91119E-1 9.98775E-1 9.98379E-1 9.97972E-1 9.97081E-1 2.23141E-1 5.15148E-1 2.5299E-1 1.86885E-1 2.25615E-1 1.35769E-1 2.98E-2 2.37821E-2 4.7387E-2 5.70941E-2 8.79523E-2 1.06636E-1 2.99848E-1 3.44082E-1 6.00549E-1 5.26513E-1 4.94945E-1 5.82234E-1 3.7103E-1 3.15754E-1 3.04275E-1 2.06286E-1 3.45323E-1 4.89334E-1 4.98783E-1 6.52661E-1 7.08952E-1 7.87148E-1 5.82609E-1 6.79368E-1 4.64461E-1 2.94119E-1 2.97057E-1 2.33866E-1
8.04282E-1 9.99721E-1 9.99898E-1 9.99902E-1 9.03233E-1 9.99991E-1 9.90977E-1 7.84318E-1 7.23676E-1 9.05714E-1 9.85573E-1 9.99966E-1 9.9839E-1 9.98862E-1 9.96517E-1 9.99547E-1 9.98497E-1 9.94899E-1 9.97387E-1 9.99616E-1 9.98924E-1 9.98124E-1 9.9807E-1 9.87783E-1 9.83236E-1 9.88514E-1 9.9809E-1 9.99485E-1 9.97139E-1 9.95639E-1 9.94855E-1 9.91753E-1 9.99524E-1 3.14665E-1 2.35715E-1 5.44281E-1 5.40089E-1 3.22873E-1 1.06939E-1 2.73631E-2 2.24908E-2 3.3535E-2 3.5684E-2 5.95232E-2 9.67599E-2 2.84552E-1 3.82483E-1 7.14084E-1 4.47063E-1 5.80339E-1 5.50376E-1 4.56358E-1 2.92717E-1 1.80101E-1 2.71861E-1 5.61413E-1 6.57204E-1 6.03276E-1 6.98247E-1 7.28387E-1 8.50472E-1 8.13221E-1 8.02573E-1 3.83726E-1 2.19863E-1 1.62381E-1 1.54035E-1
9.38412E-1 9.99728E-1 9.38014E-1 9.9965E-1 9.99734E-1 9.99853E-1 9.99998E-1 5.6524E-1 8.90472E-1 9.99544E-1 9.7316E-1 9.9952E-1 9.99674E-1 9.99925E-1 9.90788E-1 9.93561E-1 9.98642E-1 9.9924E-1 9.99724E-1 9.98881E-1 9.99794E-1 9.98467E-1 9.993E-1 9.9356E-1 9.95534E-1 9.98384E-1 9.98768E-1 9.99323E-1 9.98696E-1 9.96414E-1 9.98493E-1 9.92212E-1 9.98767E-1 1.21151E-1 1.35034E-1 9.52186E-2 2.49138E-1 2.31864E-1 1.25684E-1 2.7032E-2 1.81991E-2 1.89785E-2 3.12094E-2 4.29877E-2 8.62986E-2 2.22741E-1 4.27955E-1 7.82285E-1 7.0324E-1 8.1507E-1 7.26542E-1 4.22512E-1 4.03004E-1 2.63591E-1 3.05531E-1 5.33778E-1 7.23215E-1 7.9842E-1 7.84808E-1 8.07604E-1 8.45037E-1 7.67789E-1 8.86733E-1 4.86142E-1 3.40285E-1 2.05964E-1 1.94866E-1
9.63836E-1 9.99947E-1 9.99858E-1 9.9994E-1 9.99966E-1 9.99996E-1 9.89101E-1 9.87865E-1 9.44149E-1 7.47345E-1 9.7755E-1 9.98879E-1 9.99891E-1 9.9978E-1 9.98442E-1 9.94575E-1 9.38935E-1 9.96408E-1 9.96509E-1 9.99732E-1 9.99967E-1 9.99423E-1 9.99685E-1 9.9782E-1 9.99615E-1 9.99778E-1 9.99588E-1 9.99664E-1 9.98843E-1 9.99568E-1 9.92337E-1 9.91072E-1 2.35785E-1 2.82973E-1 1.86248E-1 1.82589E-1 2.90756E-1 2.84786E-1 2.72869E-1 4.21611E-2 2.916E-2 5.11262E-2 3.57232E-2 4.66492E-2 2.6767E-2 1.81391E-1 6.60709E-1 8.76504E-1 8.26807E-1 8.50734E-1 7.88447E-1 6.38943E-1 5.5509E-1 4.88274E-1 6.22482E-1 7.33181E-1 8.59599E-1 7.97331E-1 8.47682E-1 8.64576E-1 8.7977E-1 8.90432E-1 9.36715E-1 4.57192E-1 2.92293E-1 3.57556E-1 3.19944E-1
3.84158E-1 4.94569E-1 5.6079E-1 8.04229E-1 9.99991E-1 9.99999E-1 6.61673E-1 7.46865E-1 9.74659E-1 9.57462E-1 6.04912E-1 9.99308E-1 9.9815E-1 9.98234E-1 9.98907E-1 9.81462E-1 9.99646E-1 9.99918E-1 9.99826E-1 9.99978E-1 9.99925E-1 9.97471E-1 9.99935E-1 9.99902E-1 9.99777E-1 9.99792E-1 9.99762E-1 9.99943E-1 9.99893E-1 9.99974E-1 6.50266E-1 5.72793E-1 2.75696E-1 3.00029E-1 3.67866E-1 2.61273E-1 4.6952E-1 2.80069E-1 1.23605E-1 5.77418E-2 3.36769E-2 4.75746E-2 4.52732E-2 4.56614E-2 4.02623E-2 3.4027E-2 7.00594E-1 8.09951E-1 7.84379E-1 6.88508E-1 6.15296E-1 6.35164E-1 5.75919E-1 7.36471E-1 6.55435E-1 7.60794E-1 8.11542E-1 8.35841E-1 8.22642E-1 9.36625E-1 8.26524E-1 6.78769E-1 7.46909E-1 5.26032E-1 1.88864E-1 2.3131E-1 5.13486E-1
3.8481E-1 7.42842E-1 6.65869E-1 7.59273E-1 9.97299E-1 9.96551E-1 6.53254E-1 9.86765E-1 9.84845E-1 8.27877E-1 9.79277E-1 9.99685E-1 9.99451E-1 9.98109E-1 9.9591E-1 9.98801E-1 9.99375E-1 9.99962E-1 9.99959E-1 9.99991E-1 9.9991E-1 9.99977E-1 9.99878E-1 9.99201E-1 9.99305E-1 9.98817E-1 9.97123E-1 9.98436E-1 9.97743E-1 9.7756E-1 6.1957E-1 6.02534E-1 1.37216E-1 1.35978E-1 2.15449E-1 2.95728E-1 2.78184E-1 1.6996E-1 9.8632E-2 2.33495E-2 3.04541E-2 5.42278E-2 5.44151E-2 6.90279E-2 4.18594E-2 4.25176E-2 7.81048E-1 9.32526E-1 9.44068E-1 8.03046E-1 7.31601E-1 6.90947E-1 7.21063E-1 8.10431E-1 7.52108E-1 7.74169E-1 8.25013E-1 8.4349E-1 8.56722E-1 7.88623E-1 7.29522E-1 6.04797E-1 7.84071E-1 4.10447E-1 1.57701E-1 4.53885E-1 5.00854E-1
2.43045E-1 1.97793E-1 7.14393E-1 5.42139E-1 9.73424E-1 6.46173E-1 6.15083E-1 3.58718E-1 9.92338E-1 4.26033E-1 5.81207E-1 9.99581E-1 9.99624E-1 9.99429E-1 9.99273E-1 9.97967E-1 9.99024E-1 9.99969E-1 9.9997E-1 9.99986E-1 9.99873E-1 9.99992E-1 9.99949E-1 9.99952E-1 9.99849E-1 9.99801E-1 9.98866E-1 9.99542E-1 9.9914E-1 9.99742E-1 9.66051E-1 4.78121E-1 5.72921E-1 1.26304E-1 1.79547E-1 1.27672E-1 5.11103E-1 2.84316E-1 1.14493E-1 6.12025E-2 2.5922E-2 4.17321E-2 4.38267E-2 6.41246E-2 3.37313E-2 3.10368E-1 7.42731E-1 9.97312E-1 7.81126E-1 5.88327E-1 4.86817E-1 5.01373E-1 7.99165E-1 8.24147E-1 5.88035E-1 4.52189E-1 4.19953E-1 4.80042E-1 5.58086E-1 5.35329E-1 8.22652E-1 8.22443E-1 5.6949E-1 3.46555E-1 2.95448E-1 3.66437E-1 4.63665E-1
2.01534E-1 2.11782E-1 3.1587E-1 9.31112E-1 9.90111E-1 6.06692E-1 9.93799E-1 4.23401E-1 9.94841E-1 1.12173E-1 5.44583E-1 9.99679E-1 9.99884E-1 9.9982E-1 9.99243E-1 9.99093E-1 9.99775E-1 9.99779E-1 9.99161E-1 9.99976E-1 9.97028E-1 9.99669E-1 9.99908E-1 9.9987E-1 9.99954E-1 9.99635E-1 9.99669E-1 9.99819E-1 9.99757E-1 9.99937E-1 9.99702E-1 9.9939E-1 9.3403E-1 2.14904E-1 2.2496E-1 1.51201E-1 1.88259E-1 4.36505E-1 2.51505E-1 5.99419E-2 5.42447E-2 7.44905E-2 5.87701E-2 5.76864E-2 1.63106E-2 2.7193E-1 7.15236E-1 9.80207E-1 7.09111E-1 7.68426E-1 4.07092E-1 4.68705E-1 5.52366E-1 8.16652E-1 5.54465E-1 3.27348E-1 3.52555E-1 4.28036E-1 4.59757E-1 3.0782E-1 6.05302E-1 8.61477E-1 4.80676E-1 3.27989E-1 3.23873E-1 3.60656E-1 5.1269E-1
2.88676E-1 3.00487E-1 2.99108E-1 2.63928E-1 9.85776E-1 9.83274E-1 9.69065E-1 9.68382E-1 9.99995E-1 9.92959E-1 9.44472E-1 9.99727E-1 9.95801E-1 9.64917E-1 9.65637E-1 9.72062E-1 9.99164E-1 9.99882E-1 9.99402E-1 9.97601E-1 9.93092E-1 9.99691E-1 9.99092E-1 9.99603E-1 9.99775E-1 9.99767E-1 9.99108E-1 9.99838E-1 9.99851E-1 9.99825E-1 9.99192E-1 9.60063E-1 9.31779E-1 4.43132E-1 3.93025E-1 1.75748E-1 5.46789E-1 2.87882E-1 1.49774E-1 1.45955E-1 3.67905E-1 2.55924E-1 1.09985E-1 3.69469E-2 2.50997E-2 6.63212E-1 8.63625E-1 9.94879E-1 6.94713E-1 6.17417E-1 4.90147E-1 4.82254E-1 6.13689E-1 5.93902E-1 4.47484E-1 3.76892E-1 6.03533E-1 6.42636E-1 5.37259E-1 4.95123E-1 3.3403E-1 9.08023E-1 6.08712E-1 3.34589E-1 2.44737E-1 3.78739E-1 4.25393E-1
7.64214E-1 6.48404E-1 3.46258E-1 1.78444E-1 9.77965E-1 9.99787E-1 9.99703E-1 9.99402E-1 9.99994E-1 5.86133E-1 1.6433E-1 9.57438E-1 9.76386E-1 9.56213E-1 9.99623E-1 5.29094E-1 9.99845E-1 9.99121E-1 9.97789E-1 9.96474E-1 9.94854E-1 9.97901E-1 9.98721E-1 9.98378E-1 9.98006E-1 9.99963E-1 9.99949E-1 9.99878E-1 9.99937E-1 9.99681E-1 9.98998E-1 4.82943E-1 5.46904E-1 4.77091E-1 8.21208E-2 6.95751E-2 6.42152E-2 3.69609E-1 5.37832E-2 9.2362E-2 6.44164E-2 9.1744E-2 6.7786E-2 1.36723E-1 4.24458E-1 9.16376E-1 9.80017E-1 9.95418E-1 7.56754E-1 5.9665E-1 8.22372E-1 8.43199E-1 7.72234E-1 7.62714E-1 5.98366E-1 7.44093E-1 4.76777E-1 6.23218E-1 5.52201E-1 4.83783E-1 3.18634E-1 8.12241E-1 5.05778E-1 4.06303E-1 3.61203E-1 1.52822E-1 3.04867E-1
3.54958E-1 2.05839E-1 3.0125E-1 3.2311E-1 5.53835E-1 4.66748E-1 4.29685E-1 5.0458E-1 4.29187E-1 4.32371E-1 5.27624E-1 9.99997E-1 9.8921E-1 9.68234E-1 9.4317E-1 9.51343E-1 9.14328E-1 9.65182E-1 9.97291E-1 9.95279E-1 9.98468E-1 9.98311E-1 9.92043E-1 9.97069E-1 9.99904E-1 9.9982E-1 9.98576E-1 9.99936E-1 9.99637E-1 9.99942E-1 5.21594E-1 4.72603E-1 5.02892E-1 9.78832E-1 5.2498E-1 4.81484E-2 1.29718E-2 1.32667E-2 1.98825E-2 7.66315E-2 3.22489E-1 9.74437E-1 9.85684E-1 7.40081E-1 8.88907E-1 8.20042E-1 5.41655E-1 9.50327E-1 9.49462E-1 6.49351E-1 4.83189E-1 5.4756E-1 6.61754E-1 8.77042E-1 7.08712E-1 7.08543E-1 8.8315E-1 8.35204E-1 8.99676E-1 7.65034E-1 7.04577E-1 8.41699E-1 6.36018E-1 4.47788E-1 1.59368E-1 1.89381E-1 3.37494E-1
6.87194E-1 1.01115E-1 1.77843E-1 8.13032E-2 8.64817E-2 8.47753E-2 8.45839E-2 7.19324E-2 3.17175E-1 6.75097E-2 7.29832E-2 9.99999E-1 9.95794E-1 9.95433E-1 9.9984E-1 9.99676E-1 9.99645E-1 9.17257E-1 9.98957E-1 9.99163E-1 9.97522E-1 9.93619E-1 9.90115E-1 9.9961E-1 9.99713E-1 9.99887E-1 9.99941E-1 9.56532E-1 9.89493E-1 9.99879E-1 9.80629E-1 7.68535E-2 7.67002E-2 8.78098E-2 2.3189E-1 4.4622E-2 8.45856E-2 6.55659E-2 7.13213E-2 7.64858E-1 7.54195E-1 8.75121E-1 9.71952E-1 8.18542E-1 9.49392E-1 6.74199E-1 5.93407E-1 7.01228E-1 9.58167E-1 8.58137E-1 6.48522E-1 7.45488E-1 6.4528E-1 6.11075E-1 7.32604E-1 7.1599E-1 7.31101E-1 8.21663E-1 8.23412E-1 9.10816E-1 9.666E-1 7.29712E-1 4.11771E-1 4.7932E-1 1.92748E-1 3.13575E-1 3.28835E-1
5.81445E-1 6.51215E-1 9.91786E-1 5.81421E-1 6.48493E-2 6.91192E-2 5.88219E-2 7.81528E-2 7.91833E-2 1.59933E-2 7.2743E-2 6.8138E-1 5.761E-1 5.28194E-1 9.99863E-1 9.99595E-1 9.96122E-1 9.98561E-1 9.98761E-1 9.99508E-1 9.97438E-1 9.97257E-1 9.97262E-1 9.97317E-1 9.4638E-1 5.38839E-1 4.52528E-1 9.99898E-1 9.99944E-1 9.40913E-1 9.26418E-1 9.78019E-1 9.75214E-1 5.46132E-1 6.05228E-2 8.17286E-2 1.35184E-1 2.69037E-1 2.27508E-1 2.50339E-1 8.0487E-2 4.41887E-1 8.16326E-1 9.2939E-1 8.06762E-1 8.76077E-1 4.61802E-1 7.81971E-1 6.78815E-1 9.37335E-1 7.14019E-1 5.98017E-1 6.90177E-1 7.45744E-1 7.46839E-1 6.88802E-1 8.65566E-1 8.08948E-1 9.72844E-1 9.91112E-1 9.24221E-1 6.59034E-1 4.80788E-1 5.54563E-1 5.21349E-1 4.46724E-1 5.52371E-1
9.86782E-1 9.95775E-1 9.92793E-1 4.17072E-1 6.88517E-2 3.53336E-1 2.70073E-1 5.46685E-1 5.3016E-1 9.3053E-2 7.14663E-2 7.15183E-2 2.59854E-1 6.36197E-1 4.8862E-1 9.99419E-1 9.97705E-1 4.24993E-1 9.98008E-1 9.99114E-1 8.75386E-1 9.99858E-1 9.99368E-1 9.99779E-1 9.3631E-1 9.39767E-1 9.98631E-1 9.99604E-1 9.99761E-1 9.16107E-1 9.94396E-1 9.98444E-1 9.99452E-1 9.60796E-1 4.88967E-2 5.81075E-2 7.35854E-2 1.69354E-1 2.82331E-2 2.22258E-1 3.27183E-1 1.08327E-1 3.68201E-1 3.98313E-1 4.48544E-1 5.58382E-1 6.93269E-1 8.27922E-1 7.34179E-1 9.88456E-1 8.56774E-1 8.15535E-1 5.71237E-1 5.50991E-1 6.11841E-1 6.03244E-1 7.65523E-1 9.08588E-1 9.9042E-1 8.26838E-1 8.70536E-1 7.03915E-1 5.80533E-1 4.07964E-1 5.0101E-1 5.24537E-1 5.49512E-1
7.4613E-2 7.7516E-2 5.87646E-1 5.23001E-2 4.75944E-1 4.60134E-2 3.88887E-2 5.31043E-1 5.16144E-1 6.9776E-2 6.96781E-2 9.87617E-1 9.69941E-1 4.82835E-1 9.68435E-1 9.99743E-1 9.99804E-1 4.20853E-1 9.1359E-1 8.91588E-1 9.3238E-1 9.9956E-1 9.98526E-1 9.99731E-1 9.97569E-1 9.98492E-1 9.99542E-1 9.99787E-1 9.97961E-1 9.97497E-1 9.92517E-1 9.13258E-1 9.03134E-1 4.01852E-1 4.91822E-2 3.66297E-2 3.94071E-2 5.68188E-2 1.97026E-1 1.59461E-1 1.20413E-1 1.05427E-1 5.49089E-2 2.71303E-1 1.46298E-1 2.21776E-1 5.24261E-1 8.00011E-1 8.86182E-1 9.40975E-1 9.56582E-1 9.12144E-1 8.92265E-1 8.60443E-1 7.02804E-1 8.02296E-1 9.1712E-1 9.96641E-1 9.96831E-1 7.10477E-1 8.14565E-1 7.19611E-1 5.07265E-1 4.14958E-1 4.29017E-1 5.01085E-1 5.23646E-1
1.74231E-1 9.90337E-3 5.80466E-2 5.26954E-2 4.969E-2 1.12126E-1 5.7725E-1 5.64809E-1 5.23573E-2 3.15535E-1 5.48653E-2 9.68489E-1 9.60758E-1 9.85377E-1 9.82345E-1 9.99989E-1 9.99203E-1 9.9941E-1 9.9858E-1 9.42397E-1 9.27997E-1 9.90961E-1 9.99511E-1 9.94817E-1 9.95704E-1 9.95492E-1 9.94931E-1 9.89945E-1 9.97909E-1 9.99568E-1 9.9907E-1 5.31108E-1 4.84246E-1 5.1682E-2 1.01037E-1 7.95825E-2 8.98827E-2 3.83283E-2 8.24665E-2 8.43817E-2 2.42248E-2 5.16463E-2 6.67911E-2 9.20502E-2 2.97511E-1 1.75462E-1 3.82658E-1 8.00729E-1 9.31141E-1 9.99198E-1 9.88036E-1 9.46061E-1 9.91387E-1 7.76438E-1 7.21168E-1 8.02634E-1 8.38833E-1 9.53644E-1 8.39547E-1 5.98701E-1 8.08417E-1 7.65515E-1 5.63539E-1 5.82317E-1 4.64957E-1 2.94133E-1 3.84221E-1
3.75004E-1 2.93233E-2 5.90281E-2 3.94869E-1 5.72786E-2 1.34321E-1 5.12938E-1 6.25617E-2 2.30572E-1 5.45377E-2 5.65726E-1 6.38592E-1 9.8537E-1 9.79677E-1 4.91842E-1 9.63885E-1 9.47869E-1 9.99387E-1 9.99481E-1 9.99224E-1 9.09483E-1 9.98063E-1 9.85972E-1 9.98602E-1 9.93538E-1 9.98272E-1 9.96418E-1 9.96335E-1 9.83595E-1 9.96145E-1 9.99779E-1 4.45156E-1 4.01118E-1 9.63148E-2 7.676E-2 1.73487E-1 7.43017E-2 2.47082E-1 1.07102E-1 6.22174E-2 6.35727E-2 6.32218E-2 1.09243E-1 1.76252E-1 1.49831E-1 1.61719E-1 3.16561E-1 7.93463E-1 8.28689E-1 9.82611E-1 6.73004E-1 8.87977E-1 8.84777E-1 6.48301E-1 8.64268E-1 7.30026E-1 9.4014E-1 8.86936E-1 6.25359E-1 5.78324E-1 7.46831E-1 6.7216E-1 4.19395E-1 2.89789E-1 2.3591E-1 2.292E-1 2.16931E-1
1.41411E-1 1.44207E-1 1.1603E-1 1.08843E-1 6.24567E-2 4.41839E-1 8.81748E-1 3.5597E-1 3.22774E-1 3.26875E-1 7.51283E-2 7.70328E-2 6.73684E-1 9.99982E-1 9.87912E-1 6.05727E-1 9.99851E-1 9.99741E-1 9.99302E-1 3.25166E-1 3.0024E-1 9.99803E-1 9.97409E-1 9.92269E-1 9.86918E-1 9.99663E-1 9.98953E-1 9.92931E-1 9.73083E-1 9.7944E-1 9.97862E-1 9.69607E-2 2.15878E-1 2.25551E-1 6.6544E-2 1.08949E-1 5.97263E-2 2.01398E-1 2.03286E-1 1.14895E-1 3.93949E-2 2.66534E-2 9.29029E-2 1.5434E-1 7.84084E-2 4.91589E-2 6.90899E-2 8.20466E-1 9.04873E-1 9.30723E-1 7.66049E-1 6.4607E-1 7.5855E-1 5.82397E-1 4.91279E-1 7.1066E-1 7.8971E-1 4.42136E-1 2.85994E-1 3.02957E-1 4.9623E-1 5.52608E-1 4.23699E-1 3.69208E-1 3.63494E-1 3.03866E-1 2.65372E-1
1.098E-1 1.20352E-1 5.67818E-2 4.16562E-2 4.77215E-2 2.26121E-1 4.40314E-1 4.28534E-1 4.10477E-1 9.727E-1 5.93677E-1 6.54198E-1 9.96961E-1 9.99999E-1 9.99999E-1 9.98013E-1 1E0 9.99989E-1 9.63082E-1 9.9996E-1 9.99914E-1 9.9982E-1 9.9809E-1 9.95531E-1 9.99377E-1 9.99827E-1 9.98937E-1 9.97127E-1 9.98115E-1 9.99686E-1 9.96964E-1 3.51413E-1 4.2185E-2 9.126E-3 1.42714E-1 1.10971E-1 3.15108E-1 2.58023E-1 3.32654E-1 2.86142E-1 2.15003E-1 4.69701E-2 8.01681E-2 5.25227E-2 5.98128E-2 9.37773E-2 1.33017E-1 6.94264E-1 7.7107E-1 9.18064E-1 9.79779E-1 9.0109E-1 8.21827E-1 6.79053E-1 2.80099E-1 5.25909E-1 4.55697E-1 2.58238E-1 3.16702E-1 2.72522E-1 3.9888E-1 5.70282E-1 3.42253E-1 3.21514E-1 4.16977E-1 4.55361E-1 3.37018E-1
7.96835E-1 9.60714E-1 4.38837E-2 4.55032E-2 4.7834E-2 4.5586E-2 4.76888E-2 5.31986E-2 3.97648E-1 5.57548E-1 5.27759E-1 9.93619E-1 9.91963E-1 6.09266E-1 6.082E-1 5.71168E-1 5.5628E-1 9.89688E-1 9.77257E-1 9.33173E-1 9.98915E-1 9.98099E-1 9.99219E-1 9.99386E-1 9.9789E-1 9.98242E-1 9.88154E-1 9.98335E-1 9.99669E-1 9.99865E-1 9.96984E-1 8.75861E-1 3.72363E-2 2.8774E-2 9.99989E-2 1.08939E-1 4.56966E-1 7.18314E-1 4.52809E-1 4.61234E-1 2.8031E-1 1.31273E-1 1.05785E-1 5.98709E-2 6.70204E-2 7.41618E-2 1.03603E-1 1.45102E-1 6.10636E-1 7.65027E-1 9.6803E-1 9.7401E-1 9.72646E-1 8.30392E-1 4.20385E-1 4.03422E-1 5.50346E-1 3.14822E-1 2.59532E-1 3.44379E-1 4.27715E-1 5.93629E-1 5.60775E-1 4.68128E-1 3.93909E-1 3.92974E-1 4.01997E-1
3.56645E-1 3.75319E-1 5.56365E-2 4.44394E-2 4.58644E-2 3.91166E-2 3.87949E-2 6.10082E-3 4.88777E-2 6.01381E-2 5.3505E-2 5.72438E-2 9.90037E-1 9.95132E-1 9.94375E-1 5.86506E-1 9.89913E-1 9.99973E-1 9.86381E-1 9.99924E-1 9.99713E-1 9.99555E-1 9.99314E-1 9.99395E-1 9.2738E-1 9.97183E-1 9.89357E-1 9.96719E-1 9.99142E-1 9.98681E-1 9.9615E-1 3.88073E-1 7.83616E-3 8.08255E-3 1.09677E-1 9.40899E-2 5.12875E-1 4.11571E-1 2.77765E-1 2.39508E-1 2.47472E-1 1.38115E-1 9.10325E-2 4.86509E-2 6.61447E-2 8.85851E-2 1.63494E-1 1.17095E-1 4.66943E-1 7.83103E-1 8.68267E-1 9.63629E-1 9.57708E-1 9.5379E-1 5.43143E-1 4.27554E-1 4.14717E-1 2.78933E-1 3.17111E-1 3.10477E-1 3.7011E-1 4.30791E-1 4.96768E-1 4.30327E-1 4.32276E-1 6.27508E-1 5.12885E-1
5.33687E-2 1.79548E-1 1.85879E-1 4.44611E-2 3.6286E-2 6.04541E-3 4.97502E-3 5.41164E-2 4.7318E-2 4.78828E-2 6.16576E-2 6.00706E-2 9.79953E-1 9.95081E-1 9.8854E-1 9.9997E-1 9.99974E-1 9.99961E-1 9.79574E-1 9.88345E-1 9.99919E-1 9.96516E-1 9.96703E-1 9.97628E-1 3.45898E-1 8.42073E-1 8.62563E-1 9.09316E-1 9.99347E-1 9.99667E-1 8.83227E-1 4.46744E-2 2.22769E-1 2.02159E-1 3.10971E-2 1.3751E-1 1.23621E-1 6.66942E-2 3.05235E-2 2.11795E-1 3.79164E-1 6.71376E-1 1.41829E-1 6.14424E-2 3.70042E-2 6.39967E-2 9.17427E-2 8.64803E-2 2.17724E-1 5.32194E-1 7.65159E-1 8.59119E-1 6.31861E-1 7.92797E-1 7.92386E-1 5.69902E-1 4.81572E-1 3.15925E-1 5.76268E-1 3.69806E-1 3.51442E-1 5.99261E-1 6.01531E-1 5.43243E-1 5.14669E-1 5.37625E-1 5.19322E-1
5.01298E-2 1.46884E-1 1.54535E-1 1.38034E-1 1.24964E-1 3.06028E-2 3.30839E-2 3.42642E-1 8.66682E-2 9.42529E-2 3.9215E-2 5.96788E-3 5.00507E-1 9.61028E-1 9.86276E-1 9.52751E-1 9.99673E-1 9.99975E-1 9.49502E-1 9.99992E-1 9.9998E-1 9.99893E-1 9.98371E-1 8.97547E-1 9.08773E-1 9.31315E-1 9.99933E-1 9.76448E-1 9.58629E-1 9.99512E-1 9.99462E-1 4.36314E-1 7.96224E-2 2.36106E-1 3.94925E-2 6.96488E-2 1.4191E-1 7.24051E-2 8.13237E-2 5.47018E-1 5.57293E-1 3.30768E-1 3.45973E-1 4.57733E-2 5.91362E-2 4.44737E-2 6.24356E-2 1.15869E-1 7.73255E-2 6.29359E-1 8.4539E-1 7.84095E-1 6.44781E-1 6.42181E-1 4.92136E-1 5.71979E-1 3.53989E-1 2.93108E-1 3.116E-1 3.67556E-1 7.39362E-1 5.76407E-1 5.51098E-1 7.46047E-1 4.52653E-1 3.76242E-1 4.8832E-1
1.08768E-2 1.99182E-2 2.08344E-2 2.57068E-2 1.84757E-2 3.19574E-3 2.94402E-2 4.20743E-2 4.25734E-2 9.10954E-2 4.0093E-2 5.25354E-3 9.71667E-1 9.69242E-1 9.95234E-1 9.89784E-1 9.99421E-1 9.9837E-1 9.13598E-1 9.79625E-1 9.99956E-1 9.99315E-1 9.98494E-1 9.9868E-1 9.96127E-1 9.24179E-1 9.99631E-1 9.99513E-1 9.50702E-1 9.47395E-1 9.54418E-1 4.42085E-1 6.46311E-3 3.89292E-2 3.18777E-2 8.15012E-2 1.02995E-1 8.52373E-2 1.34645E-1 1.63193E-1 1.16106E-1 3.03466E-1 3.47442E-1 1.24249E-1 8.7778E-2 7.24578E-2 7.1525E-2 9.88111E-2 4.08185E-2 5.14257E-1 6.12146E-1 6.96559E-1 8.59188E-1 9.33851E-1 7.26094E-1 3.88332E-1 3.16938E-1 3.60741E-1 4.21952E-1 5.46707E-1 7.46621E-1 5.40711E-1 5.31887E-1 6.7589E-1 7.11847E-1 7.66687E-1 7.21707E-1
2.65589E-2 7.95252E-2 7.83907E-2 1.14385E-1 2.0185E-2 4.27038E-3 4.64193E-3 3.2386E-3 4.28104E-3 3.91785E-3 4.42264E-3 3.09E-2 4.77674E-1 9.12643E-1 9.95233E-1 9.98639E-1 9.99548E-1 9.97686E-1 9.9918E-1 9.99806E-1 9.99503E-1 9.98339E-1 9.99463E-1 9.9953E-1 9.99631E-1 9.58742E-1 9.50054E-1 9.58831E-1 4.7322E-1 7.1147E-2 4.99003E-2 5.01071E-2 3.43259E-2 3.76263E-2 3.29193E-2 3.36694E-2 3.93599E-2 4.92053E-2 4.70304E-2 8.26863E-2 5.86626E-2 2.30844E-1 1.69785E-1 8.80932E-2 1.40424E-1 8.07086E-2 1.02961E-1 1.78698E-1 2.64344E-1 5.36938E-1 5.74004E-1 6.7277E-1 8.49555E-1 8.6587E-1 7.40817E-1 4.33577E-1 5.30182E-1 5.31976E-1 5.41687E-1 5.58457E-1 5.8368E-1 7.13531E-1 8.50173E-1 7.62259E-1 4.17557E-1 3.47033E-1 2.82792E-1
1.8627E-2 8.40988E-2 8.63969E-2 1.20176E-1 2.07175E-2 3.32235E-3 3.08475E-3 3.15852E-3 3.30855E-3 4.07253E-1 3.59503E-2 4.57643E-2 4.66939E-1 9.47107E-1 9.9962E-1 9.99598E-1 9.9996E-1 9.95436E-1 9.63638E-1 8.08971E-1 4.94452E-1 2.33432E-1 4.76554E-1 9.10431E-1 9.13777E-1 9.04252E-1 9.53888E-1 9.68649E-1 9.81199E-1 8.29116E-2 6.63809E-3 4.35568E-2 3.59968E-2 3.33877E-2 3.23498E-2 8.46678E-2 4.33297E-2 5.03901E-2 1.11538E-2 4.52347E-2 4.00318E-2 1.53081E-1 7.01083E-2 5.38769E-2 1.04482E-1 1.05192E-1 1.99446E-1 2.0836E-1 1.20963E-1 3.55033E-1 5.28409E-1 7.99824E-1 8.62043E-1 9.54635E-1 9.258E-1 5.62932E-1 6.75324E-1 6.76284E-1 7.45651E-1 6.78342E-1 6.25098E-1 5.44714E-1 6.65896E-1 5.3645E-1 5.23047E-1 4.02288E-1 2.61765E-1
2.14729E-2 1.0689E-1 8.65119E-2 3.92004E-1 9.51358E-2 2.35891E-3 3.17625E-3 2.40196E-2 1.95223E-2 4.15232E-1 3.12825E-2 4.69454E-2 1.11891E-1 4.22986E-1 9.62316E-1 9.99905E-1 9.99969E-1 9.99664E-1 9.59581E-1 9.8413E-1 2.27979E-1 4.37216E-1 4.73408E-1 1.19203E-1 9.97154E-1 9.95506E-1 9.99302E-1 9.99577E-1 9.30654E-1 3.4181E-1 6.29594E-3 4.85481E-2 7.07131E-3 4.9003E-2 4.5084E-1 9.99825E-2 4.2712E-2 9.18994E-2 4.78549E-2 3.9129E-2 3.08085E-1 1.25416E-1 7.39736E-2 1.69632E-2 6.56433E-2 1.4622E-1 1.9611E-1 2.64007E-1 1.69653E-1 5.66765E-2 4.84954E-1 7.77771E-1 6.95222E-1 9.61544E-1 8.49431E-1 4.48256E-1 6.64479E-1 6.78592E-1 6.61446E-1 5.92409E-1 6.45445E-1 6.02592E-1 5.29425E-1 3.77002E-1 6.19972E-1 3.85983E-1 3.43859E-1
1.47421E-2 1.873E-2 1.60125E-2 4.01998E-3 1.15208E-1 2.58637E-3 2.69814E-3 1.9734E-2 1.83917E-2 4.07957E-2 4.3075E-2 1.56343E-2 3.92601E-1 1.08408E-1 9.48776E-1 9.99816E-1 9.99622E-1 9.91689E-1 9.94642E-1 9.22149E-1 3.93368E-1 3.86068E-1 1.11291E-1 6.16783E-1 9.70238E-1 9.49365E-1 9.99689E-1 9.42356E-1 9.38702E-1 3.47308E-1 3.4291E-2 6.02155E-2 5.38601E-2 4.42586E-2 5.45889E-2 5.03826E-2 5.11324E-2 4.11079E-2 4.82889E-2 5.7702E-2 2.9996E-1 1.36077E-1 1.16082E-1 4.61791E-2 7.04327E-2 7.02234E-2 8.79297E-2 1.09554E-1 1.85231E-1 2.49752E-1 3.0817E-1 7.05663E-1 8.14533E-1 9.86779E-1 8.47932E-1 8.91607E-1 7.96905E-1 6.83677E-1 7.67259E-1 7.54075E-1 7.90391E-1 5.34361E-1 5.43527E-1 3.58389E-1 3.5504E-1 3.6506E-1 3.98263E-1
1.2531E-2 4.05526E-3 4.58804E-3 1.99768E-2 1.08666E-1 2.85274E-3 2.01348E-3 1.65629E-2 2.1912E-2 2.65048E-3 2.80904E-2 2.02171E-2 4.19343E-2 4.4248E-2 3.7793E-1 9.99973E-1 9.9991E-1 9.97715E-1 9.99266E-1 9.7043E-1 9.41856E-1 3.68144E-1 5.38035E-1 6.03142E-1 9.85111E-1 5.04228E-1 9.69793E-1 3.95444E-1 1.07686E-1 8.36806E-2 6.10365E-2 6.68115E-2 2.10614E-1 4.28701E-2 5.30911E-2 5.0351E-1 5.02006E-2 4.75048E-2 7.82119E-2 1.34286E-1 7.54675E-1 5.00602E-1 1.3868E-1 1.40416E-1 1.05463E-1 4.78035E-2 4.93254E-2 6.36766E-2 1.69415E-1 3.38801E-1 2.25709E-1 5.79289E-1 7.69093E-1 9.46914E-1 9.72119E-1 9.68252E-1 9.16588E-1 8.00347E-1 8.80897E-1 9.06559E-1 8.66391E-1 6.2159E-1 5.24283E-1 2.31783E-1 2.98223E-1 1.87945E-1 2.33972E-1
