ENM/Final_Models/M_0.8_F_q_Set_1_E/Gustavia_santanderiensis_2_Choco.asc
ncols         367
nrows         963
xllcorner     -78.6
yllcorner     0.65
cellsize      0.00833333333333323
NODATA_value  -9999
[rows 180 to 209 of 963, columns 201 to 267 of 367]
9.80611E-1 9.92954E-1 9.57075E-1 9.98492E-1 9.68073E-1 9.98192E-1 9.92317E-1 9.98863E-1 9.80416E-1 9.75163E-1 9.17343E-1 9.99788E-1 9.90237E-1 9.72894E-1 9.73666E-1 9.88182E-1 8.98627E-1 9.98599E-1 9.94326E-1 9.98042E-1 9.98438E-1 9.96599E-1 9.86263E-1 9.68929E-1 9.76094E-1 9.93389E-1 9.99945E-1 9.98336E-1 9.77134E-1 9.99837E-1 9.99318E-1 9.99699E-1 9.98752E-1 9.98102E-1 9.93049E-1 9.89822E-1 9.74175E-1 9.85602E-1 9.99655E-1 9.99741E-1 9.97324E-1 9.98003E-1 9.9081E-1 9.88484E-1 9.46892E-1 9.77946E-1 8.97233E-1 9.21861E-1 9.43959E-1 8.77069E-1 8.73224E-1 9.47247E-1 8.87347E-1 7.381E-1 7.37217E-1 6.72359E-1 7.85395E-1 5.43506E-1 4.68545E-1 3.83598E-1 2.29667E-1 1.74699E-1 2.40621E-1 2.94359E-1 3.75495E-1 2.11453E-1 2.14378E-1
9.47169E-1 9.76093E-1 9.93961E-1 9.917E-1 9.79622E-1 9.97443E-1 9.92918E-1 9.98482E-1 9.93251E-1 9.98284E-1 8.69911E-1 9.96984E-1 9.99102E-1 9.98792E-1 9.90802E-1 9.86979E-1 8.89074E-1 9.96505E-1 9.96076E-1 9.984E-1 9.99991E-1 9.99812E-1 9.99996E-1 9.95133E-1 9.26272E-1 9.85672E-1 9.94317E-1 9.69949E-1 9.98421E-1 9.96467E-1 9.98395E-1 9.9986E-1 9.99986E-1 9.99992E-1 9.99424E-1 9.97498E-1 9.88897E-1 9.84083E-1 9.96713E-1 9.98873E-1 9.98498E-1 9.67609E-1 9.01428E-1 9.85057E-1 9.68642E-1 9.91259E-1 9.61928E-1 9.59958E-1 9.58242E-1 9.97184E-1 8.75227E-1 8.01013E-1 5.50642E-1 7.30367E-1 5.22964E-1 5.07388E-1 7.1088E-1 2.74976E-1 3.49825E-1 3.56514E-1 2.94455E-1 1.62964E-1 3.11814E-1 3.96589E-1 4.76635E-1 3.2615E-1 1.51653E-1
9.72527E-1 9.98028E-1 9.98745E-1 9.99896E-1 9.97147E-1 9.99695E-1 9.99995E-1 9.90927E-1 9.96417E-1 9.68705E-1 9.98651E-1 9.23331E-1 9.80014E-1 9.97047E-1 9.97313E-1 9.8887E-1 9.98336E-1 9.98407E-1 9.99761E-1 9.99654E-1 9.99941E-1 9.99894E-1 9.99928E-1 9.91937E-1 8.99822E-1 9.08322E-1 9.83517E-1 9.99751E-1 9.99988E-1 9.99985E-1 9.99838E-1 9.99875E-1 9.99854E-1 9.99751E-1 9.99956E-1 9.98301E-1 9.90692E-1 9.96593E-1 9.93446E-1 9.99931E-1 9.99032E-1 9.91551E-1 9.51338E-1 8.6585E-1 9.84015E-1 9.84633E-1 9.33306E-1 8.87491E-1 9.88401E-1 9.62686E-1 9.6988E-1 8.91206E-1 6.62942E-1 5.6056E-1 8.49629E-1 5.08187E-1 5.6351E-1 3.45434E-1 3.5983E-1 5.07644E-1 4.80593E-1 1.5969E-1 3.21287E-1 4.28076E-1 4.77262E-1 2.24625E-1 1.06765E-1
9.75081E-1 9.89981E-1 9.94509E-1 9.89928E-1 9.99931E-1 9.99994E-1 9.99993E-1 9.99993E-1 9.99888E-1 9.49803E-1 9.8804E-1 9.95812E-1 9.98342E-1 9.99419E-1 9.99154E-1 9.98844E-1 9.99281E-1 9.99938E-1 9.9996E-1 9.99653E-1 9.99566E-1 9.99961E-1 9.99705E-1 9.91126E-1 9.98515E-1 9.99579E-1 9.99986E-1 9.9996E-1 9.99977E-1 9.9996E-1 9.99944E-1 9.9982E-1 9.99019E-1 9.99649E-1 9.99912E-1 9.97791E-1 9.96732E-1 9.88717E-1 9.96213E-1 9.97195E-1 9.97457E-1 9.92237E-1 9.69288E-1 9.18507E-1 9.9355E-1 9.8753E-1 9.68549E-1 8.86847E-1 4.97366E-1 6.2252E-1 7.57042E-1 8.60443E-1 7.36615E-1 6.59716E-1 8.06131E-1 7.49989E-1 4.6921E-1 5.94689E-1 3.90972E-1 4.96576E-1 5.58966E-1 2.61911E-1 2.70337E-1 5.7617E-1 4.39686E-1 2.94247E-1 1.63018E-1
9.7306E-1 7.93028E-1 8.18805E-1 9.91631E-1 9.99986E-1 9.99966E-1 9.99752E-1 9.97459E-1 9.99157E-1 9.96778E-1 9.89806E-1 9.99037E-1 9.99925E-1 9.99986E-1 9.99999E-1 9.9986E-1 9.99997E-1 9.99833E-1 9.99791E-1 9.89932E-1 9.97716E-1 9.9811E-1 9.9998E-1 9.99365E-1 9.99862E-1 9.99999E-1 9.99994E-1 9.99985E-1 9.99983E-1 9.99857E-1 9.99956E-1 1E0 9.99587E-1 9.94944E-1 9.98437E-1 9.96774E-1 9.97276E-1 9.99909E-1 9.96448E-1 9.91294E-1 9.89381E-1 9.97916E-1 9.93949E-1 9.84497E-1 9.14798E-1 9.89388E-1 9.68433E-1 9.26784E-1 3.37896E-1 3.66803E-1 6.02697E-1 7.89761E-1 6.70031E-1 5.79296E-1 5.92096E-1 5.6117E-1 5.2389E-1 5.33922E-1 5.44294E-1 5.9123E-1 7.85576E-1 2.79256E-1 3.28214E-1 3.34228E-1 6.04342E-1 3.83872E-1 4.04593E-1
9.59481E-1 9.55262E-1 9.60593E-1 9.96811E-1 9.97839E-1 9.99764E-1 9.99921E-1 9.93402E-1 9.99362E-1 9.99846E-1 9.96912E-1 9.99969E-1 9.99969E-1 9.99824E-1 9.99967E-1 9.99989E-1 9.99998E-1 9.99998E-1 9.99943E-1 9.99771E-1 9.98335E-1 9.9994E-1 9.99958E-1 1E0 9.99962E-1 9.99911E-1 9.99926E-1 9.99735E-1 9.99501E-1 9.99947E-1 9.98058E-1 9.99915E-1 9.99555E-1 9.94167E-1 9.94554E-1 9.81933E-1 9.99497E-1 9.99467E-1 9.99473E-1 9.92202E-1 9.71576E-1 9.91844E-1 9.96843E-1 9.9966E-1 8.90759E-1 9.82682E-1 9.96109E-1 9.82156E-1 7.86008E-1 4.68601E-1 4.39999E-1 6.83958E-1 6.63003E-1 7.26801E-1 7.90844E-1 7.03938E-1 3.27245E-1 5.92208E-1 6.92867E-1 8.06664E-1 8.29607E-1 2.64463E-1 4.44767E-1 2.35353E-1 4.18117E-1 3.59623E-1 3.18313E-1
9.82219E-1 8.91836E-1 9.06457E-1 9.92565E-1 9.99999E-1 9.99994E-1 9.99704E-1 9.99948E-1 9.99902E-1 9.99999E-1 9.99248E-1 9.99998E-1 9.99941E-1 9.96689E-1 9.99788E-1 9.99523E-1 9.99982E-1 9.9982E-1 9.9992E-1 9.99999E-1 9.99906E-1 9.99969E-1 9.99924E-1 9.99999E-1 9.99968E-1 9.99638E-1 9.97941E-1 9.98398E-1 9.98971E-1 9.99623E-1 9.97521E-1 9.99963E-1 9.93001E-1 9.9695E-1 9.99207E-1 9.99656E-1 9.98055E-1 9.99931E-1 9.9951E-1 9.91993E-1 9.94009E-1 9.95301E-1 9.99943E-1 9.99583E-1 9.98914E-1 9.96073E-1 9.98534E-1 9.61489E-1 6.93017E-1 3.0345E-1 5.43721E-1 6.94842E-1 4.71946E-1 6.53852E-1 6.98732E-1 7.61026E-1 4.95144E-1 4.30124E-1 5.41995E-1 2.92767E-1 2.71175E-1 2.7985E-1 2.91954E-1 3.70741E-1 4.25382E-1 5.88757E-1 4.07227E-1
9.99897E-1 9.99927E-1 1E0 9.99997E-1 9.99998E-1 9.99999E-1 9.99985E-1 1E0 9.99975E-1 9.99996E-1 9.99982E-1 1E0 9.99648E-1 9.99522E-1 9.96026E-1 9.99965E-1 9.9767E-1 9.99751E-1 9.99641E-1 9.99989E-1 9.99995E-1 1E0 9.99999E-1 1E0 9.99999E-1 9.99779E-1 9.98967E-1 9.90747E-1 9.99771E-1 9.99994E-1 9.99364E-1 9.99991E-1 9.99822E-1 9.99484E-1 9.99987E-1 9.98543E-1 9.99872E-1 9.97447E-1 9.99536E-1 9.9669E-1 9.65643E-1 9.64587E-1 9.92379E-1 9.99309E-1 9.93642E-1 9.95165E-1 9.13404E-1 8.02877E-1 4.42788E-1 2.81498E-1 4.40005E-1 4.37423E-1 5.29248E-1 7.21051E-1 6.06516E-1 8.23561E-1 8.48389E-1 8.07794E-1 4.79737E-1 3.8492E-1 4.88604E-1 3.03746E-1 1.62887E-1 3.79537E-1 3.49176E-1 5.25532E-1 2.53521E-1
9.99506E-1 9.99816E-1 1E0 9.99104E-1 9.99421E-1 9.98281E-1 9.99968E-1 9.99974E-1 9.99999E-1 9.99999E-1 1E0 9.99713E-1 9.99846E-1 9.99763E-1 9.99887E-1 9.9998E-1 9.98398E-1 9.99914E-1 9.99832E-1 9.99792E-1 9.99986E-1 9.99936E-1 9.99994E-1 1E0 9.9996E-1 9.9979E-1 9.90098E-1 9.94155E-1 9.99534E-1 1E0 9.99994E-1 9.99976E-1 9.99964E-1 9.98768E-1 9.99807E-1 9.99531E-1 9.99407E-1 9.97301E-1 9.98391E-1 9.96353E-1 9.97274E-1 9.68632E-1 9.96794E-1 9.97139E-1 9.9594E-1 9.07329E-1 4.87575E-1 4.18787E-1 3.24476E-1 5.00614E-1 6.35825E-1 5.54798E-1 7.17693E-1 9.08843E-1 8.03228E-1 9.47865E-1 9.52275E-1 9.57479E-1 6.00462E-1 3.02006E-1 4.18707E-1 3.78719E-1 2.92418E-1 1.74723E-1 5.49962E-1 3.38489E-1 1.10174E-1
9.97254E-1 9.8928E-1 9.8987E-1 9.87245E-1 9.99026E-1 9.9533E-1 9.99997E-1 9.99542E-1 1E0 9.99999E-1 9.99998E-1 9.99969E-1 9.99964E-1 9.99994E-1 1E0 1E0 9.99982E-1 1E0 1E0 1E0 1E0 9.99977E-1 9.99988E-1 1E0 9.9701E-1 9.92206E-1 9.9369E-1 9.99996E-1 1E0 9.99998E-1 9.9906E-1 9.99552E-1 9.99819E-1 9.99477E-1 9.99943E-1 9.99907E-1 9.99618E-1 9.95359E-1 9.39633E-1 9.81945E-1 9.16178E-1 8.67437E-1 9.37942E-1 9.86517E-1 9.88692E-1 8.43694E-1 4.49956E-1 3.38742E-1 3.95243E-1 6.65573E-1 8.30482E-1 7.54436E-1 7.28213E-1 8.14019E-1 8.63739E-1 9.87533E-1 9.79144E-1 7.62018E-1 6.26136E-1 3.87181E-1 6.42561E-1 5.02508E-1 7.94293E-2 1.03134E-1 5.69873E-1 2.36611E-1 1.11139E-1
9.99981E-1 9.97571E-1 9.97687E-1 9.9951E-1 9.99996E-1 9.99987E-1 9.9999E-1 1E0 9.99999E-1 1E0 9.99959E-1 9.99998E-1 9.99961E-1 9.99805E-1 9.99531E-1 9.99877E-1 1E0 1E0 1E0 1E0 1E0 1E0 9.99991E-1 1E0 9.96827E-1 8.96442E-1 9.99669E-1 1E0 1E0 9.99953E-1 1E0 9.99946E-1 9.99941E-1 9.98879E-1 9.96224E-1 9.98666E-1 9.81306E-1 9.39648E-1 9.97676E-1 9.56987E-1 6.21025E-1 4.27016E-1 6.524E-1 7.27315E-1 9.31064E-1 5.86993E-1 3.72141E-1 2.79115E-1 3.48771E-1 6.13755E-1 6.32581E-1 8.09622E-1 7.90663E-1 9.4774E-1 8.88057E-1 9.07314E-1 9.11587E-1 8.54206E-1 5.68497E-1 5.03126E-1 4.41245E-1 3.109E-1 3.52525E-1 1.22528E-1 1.41808E-1 3.79607E-1 1.65954E-1
9.99942E-1 9.96686E-1 9.98001E-1 9.98282E-1 9.94875E-1 9.99998E-1 9.9999E-1 9.99888E-1 9.99677E-1 9.99998E-1 9.99999E-1 9.99999E-1 9.99994E-1 9.99971E-1 9.99743E-1 9.99972E-1 9.99926E-1 1E0 1E0 1E0 1E0 1E0 1E0 1E0 9.81129E-1 8.85675E-1 9.99889E-1 1E0 1E0 9.99983E-1 9.99993E-1 9.99883E-1 9.99849E-1 9.99832E-1 9.99487E-1 9.99577E-1 9.96277E-1 9.44142E-1 9.889E-1 9.10233E-1 8.61441E-1 8.69921E-1 6.8052E-1 7.73315E-1 6.35818E-1 3.91125E-1 3.68525E-1 2.43969E-1 2.80075E-1 5.1691E-1 5.34032E-1 5.42543E-1 6.42143E-1 5.46845E-1 6.78133E-1 6.26449E-1 8.60031E-1 6.61874E-1 3.6425E-1 5.43206E-1 4.01274E-1 3.06858E-1 3.51003E-1 1.0626E-1 7.3977E-2 2.31671E-1 1.33095E-1
1E0 9.99911E-1 9.97771E-1 9.99844E-1 9.99837E-1 1E0 9.99902E-1 9.9996E-1 1E0 9.99996E-1 9.99999E-1 9.99877E-1 9.99983E-1 9.99986E-1 9.99961E-1 9.99962E-1 9.99691E-1 1E0 1E0 1E0 1E0 1E0 1E0 1E0 9.97549E-1 9.35918E-1 9.99872E-1 9.99999E-1 1E0 9.99998E-1 9.99987E-1 9.99607E-1 9.99995E-1 9.99966E-1 9.99967E-1 9.99719E-1 9.98671E-1 9.9845E-1 9.93769E-1 9.61391E-1 9.78784E-1 9.5905E-1 7.00616E-1 5.66032E-1 7.31179E-1 3.22217E-1 1.39698E-1 2.8289E-1 2.45649E-1 3.46834E-1 3.38046E-1 3.40999E-1 6.30752E-1 4.56337E-1 5.87173E-1 5.30294E-1 7.42209E-1 7.19859E-1 6.81907E-1 5.58982E-1 3.7357E-1 3.38801E-1 4.35245E-1 2.86402E-1 3.41051E-1 2.06423E-1 2.27752E-1
9.99966E-1 9.8957E-1 9.98347E-1 9.99922E-1 9.99998E-1 1E0 9.99999E-1 9.99999E-1 1E0 1E0 1E0 1E0 9.9999E-1 1E0 9.99978E-1 1E0 9.99987E-1 1E0 1E0 1E0 1E0 1E0 1E0 1E0 9.99985E-1 9.87559E-1 9.99976E-1 1E0 9.99206E-1 9.99663E-1 9.94583E-1 9.96926E-1 9.95724E-1 9.99841E-1 9.99992E-1 9.99985E-1 9.9869E-1 9.98763E-1 9.96274E-1 9.97049E-1 9.99821E-1 9.92412E-1 7.41902E-1 4.54479E-1 7.91857E-1 3.62034E-1 3.10126E-1 4.10455E-1 4.84868E-1 3.36026E-1 1.7959E-1 2.53245E-1 5.64128E-1 5.36232E-1 7.19836E-1 5.36618E-1 4.45393E-1 4.62632E-1 8.79023E-1 4.70201E-1 2.31585E-1 2.17189E-1 9.3918E-2 7.87037E-2 1.66548E-1 3.50855E-1 2.99578E-1
9.89683E-1 9.93611E-1 9.99999E-1 9.99999E-1 9.9997E-1 1E0 1E0 1E0 1E0 1E0 1E0 1E0 1E0 1E0 1E0 1E0 1E0 9.99996E-1 9.99959E-1 9.99955E-1 1E0 1E0 1E0 1E0 1E0 9.99991E-1 1E0 9.99917E-1 9.86255E-1 9.39119E-1 9.33169E-1 9.91211E-1 9.97566E-1 9.94867E-1 9.89121E-1 9.96249E-1 9.99383E-1 9.99798E-1 9.99725E-1 9.90766E-1 9.87964E-1 9.98874E-1 9.82802E-1 4.37113E-1 4.08462E-1 5.34441E-1 4.38831E-1 3.57275E-1 3.68182E-1 3.53284E-1 1.3792E-1 1.61344E-1 3.46581E-1 5.99129E-1 5.90099E-1 5.45237E-1 7.42108E-1 6.40599E-1 4.44878E-1 2.58122E-1 2.52592E-1 1.74196E-1 3.71393E-2 4.28045E-2 2.17369E-2 2.9656E-2 6.10579E-2
9.99693E-1 9.28003E-1 9.98028E-1 9.99995E-1 9.99985E-1 1E0 1E0 1E0 1E0 1E0 1E0 1E0 1E0 1E0 1E0 1E0 1E0 9.99996E-1 1E0 1E0 1E0 1E0 1E0 1E0 1E0 1E0 1E0 9.99997E-1 9.95855E-1 6.70516E-1 3.47527E-1 6.27183E-1 9.96658E-1 9.99863E-1 9.99989E-1 9.99995E-1 9.99723E-1 9.95446E-1 9.83206E-1 9.53746E-1 9.66092E-1 9.58428E-1 8.33254E-1 4.59634E-1 5.268E-1 6.68256E-1 3.05311E-1 2.32113E-1 2.2367E-1 2.29043E-1 1.10326E-1 1.09276E-1 1.70315E-1 3.36856E-1 3.84703E-1 5.29949E-1 7.62507E-1 7.88139E-1 5.71935E-1 1.76327E-1 2.56008E-1 2.23E-1 2.64297E-1 9.67871E-2 2.81377E-2 2.03606E-2 9.37994E-3
9.74205E-1 9.99279E-1 9.98856E-1 1E0 1E0 1E0 1E0 1E0 1E0 1E0 1E0 1E0 1E0 1E0 9.99998E-1 1E0 1E0 1E0 1E0 1E0 1E0 9.99997E-1 1E0 1E0 1E0 1E0 1E0 9.99984E-1 9.46894E-1 3.22916E-1 8.14057E-2 5.69483E-1 9.90326E-1 9.9946E-1 9.99722E-1 9.99932E-1 9.99443E-1 9.96385E-1 9.84547E-1 9.97079E-1 9.85646E-1 9.40448E-1 8.1956E-1 3.97225E-1 3.26451E-1 3.20415E-1 2.23874E-1 1.80158E-1 1.52445E-1 1.61281E-1 1.16557E-1 1.26946E-1 2.90445E-1 6.15308E-1 5.24478E-1 4.88075E-1 9.71744E-1 9.93618E-1 7.37479E-1 2.06618E-1 5.93466E-2 5.92917E-2 1.00674E-1 1.57174E-1 3.30159E-2 1.27757E-2 1.67849E-2
9.83327E-1 9.99795E-1 9.99845E-1 9.99999E-1 9.99999E-1 1E0 1E0 1E0 1E0 1E0 1E0 1E0 1E0 9.99989E-1 1E0 1E0 9.99994E-1 1E0 1E0 1E0 1E0 1E0 1E0 1E0 1E0 1E0 1E0 9.99995E-1 7.85532E-1 1.65358E-1 1.73414E-1 3.19152E-1 9.33533E-1 9.23775E-1 9.99909E-1 9.99981E-1 9.98753E-1 9.49581E-1 9.93555E-1 9.62516E-1 9.9073E-1 9.3145E-1 9.51E-1 6.53448E-1 2.56911E-1 3.10406E-1 2.23345E-1 2.38969E-1 1.52174E-1 2.11529E-1 1.88199E-1 1.54804E-1 3.69096E-1 6.45687E-1 6.06744E-1 8.2967E-1 9.96529E-1 8.59794E-1 6.70665E-1 1.76949E-1 1.476E-1 1.69179E-1 1.55713E-1 1.09886E-1 1.31637E-1 2.56746E-2 2.34929E-2
9.98749E-1 9.95412E-1 9.98124E-1 9.99998E-1 1E0 1E0 1E0 1E0 1E0 1E0 1E0 1E0 9.99999E-1 9.99993E-1 9.99967E-1 9.9999E-1 9.99923E-1 9.99999E-1 1E0 1E0 1E0 1E0 1E0 1E0 9.99998E-1 1E0 1E0 9.99998E-1 7.72007E-1 4.7873E-1 3.8505E-1 6.60486E-1 9.68917E-1 9.91379E-1 9.97064E-1 9.76556E-1 9.95548E-1 9.67822E-1 9.62863E-1 9.42679E-1 9.98481E-1 9.96148E-1 9.90461E-1 9.10941E-1 4.03432E-1 1.89495E-1 2.32702E-1 3.57145E-1 2.96125E-1 3.12961E-1 1.91742E-1 1.44131E-1 2.59897E-1 4.55473E-1 7.58722E-1 8.82517E-1 9.82777E-1 9.81982E-1 4.90029E-1 1.5726E-1 2.17735E-1 3.3762E-1 4.15201E-1 3.34914E-1 1.33686E-1 4.05202E-2 9.72985E-2
9.99961E-1 9.97287E-1 1E0 9.99965E-1 9.9999E-1 9.99981E-1 1E0 1E0 1E0 1E0 9.99998E-1 1E0 9.99998E-1 1E0 1E0 1E0 9.99996E-1 1E0 1E0 1E0 1E0 9.99981E-1 1E0 1E0 1E0 1E0 9.99964E-1 9.95052E-1 9.43015E-1 9.42E-1 9.08605E-1 9.87618E-1 8.25746E-1 7.92253E-1 9.66265E-1 9.94385E-1 9.98636E-1 9.91091E-1 9.70745E-1 9.14059E-1 9.9653E-1 9.72156E-1 8.77326E-1 6.47722E-1 2.41823E-1 1.20985E-1 1.61619E-1 2.63039E-1 3.1512E-1 2.51135E-1 2.14269E-1 1.94841E-1 2.33148E-1 4.26475E-1 8.81473E-1 9.73964E-1 9.98793E-1 8.9131E-1 7.09025E-1 4.5658E-1 2.50345E-1 1.89127E-1 2.48339E-1 2.89208E-1 1.97325E-1 1.2349E-1 7.96636E-2
9.99952E-1 9.99987E-1 9.99941E-1 9.99999E-1 9.99995E-1 1E0 1E0 1E0 1E0 1E0 1E0 1E0 9.9999E-1 9.99996E-1 1E0 9.99888E-1 9.99988E-1 9.9986E-1 9.99966E-1 1E0 9.99998E-1 9.9999E-1 1E0 1E0 9.99935E-1 9.99934E-1 9.9991E-1 9.99239E-1 9.99939E-1 9.99762E-1 9.99657E-1 9.72974E-1 9.54563E-1 7.10876E-1 9.29767E-1 9.94724E-1 9.9825E-1 9.98181E-1 9.91022E-1 9.92028E-1 9.89555E-1 9.84613E-1 8.97095E-1 6.98428E-1 5.0985E-1 3.23278E-1 3.14394E-1 3.91499E-1 5.26573E-1 4.53385E-1 2.78962E-1 2.62939E-1 3.44771E-1 8.05619E-1 9.91328E-1 9.71782E-1 9.95745E-1 9.61944E-1 7.78661E-1 2.95968E-1 5.12473E-1 5.38998E-1 3.83088E-1 5.15011E-1 3.96393E-1 2.93418E-1 1.16348E-1
9.99861E-1 1E0 9.99946E-1 9.99998E-1 1E0 1E0 1E0 1E0 1E0 1E0 1E0 9.99999E-1 9.99991E-1 9.99999E-1 1E0 9.99995E-1 1E0 1E0 1E0 1E0 1E0 9.99935E-1 9.99994E-1 9.99994E-1 9.99996E-1 9.9997E-1 9.99996E-1 9.99992E-1 1E0 9.99977E-1 9.98061E-1 9.96603E-1 9.96815E-1 9.50425E-1 9.9451E-1 9.99477E-1 9.97773E-1 9.96348E-1 9.99743E-1 9.99865E-1 9.87354E-1 9.84342E-1 9.50123E-1 9.26007E-1 7.30139E-1 5.42322E-1 5.05513E-1 6.9673E-1 8.20659E-1 8.20191E-1 6.75356E-1 5.86135E-1 7.00626E-1 9.56127E-1 8.97402E-1 9.09202E-1 9.78294E-1 8.04878E-1 6.37722E-1 3.90027E-1 5.60522E-1 5.6427E-1 3.80339E-1 3.8358E-1 4.73691E-1 6.40023E-1 3.48168E-1
9.99992E-1 9.99999E-1 1E0 1E0 1E0 1E0 1E0 1E0 1E0 1E0 1E0 1E0 9.99999E-1 1E0 9.99998E-1 9.99998E-1 1E0 1E0 1E0 9.99997E-1 1E0 9.99993E-1 9.99951E-1 9.99799E-1 9.99854E-1 9.99989E-1 1E0 9.99997E-1 9.99993E-1 9.99997E-1 9.99997E-1 9.99996E-1 9.99998E-1 9.99869E-1 9.9989E-1 9.9998E-1 9.98968E-1 9.99338E-1 9.99986E-1 9.99818E-1 9.10938E-1 6.50045E-1 7.54902E-1 6.16622E-1 5.81143E-1 5.66142E-1 5.79355E-1 6.80905E-1 6.36002E-1 7.50793E-1 6.411E-1 7.71161E-1 8.36707E-1 9.03309E-1 8.32684E-1 6.51375E-1 9.00904E-1 6.56122E-1 4.42161E-1 3.25465E-1 5.14213E-1 4.6254E-1 5.11622E-1 4.30469E-1 5.52115E-1 5.55988E-1 6.07218E-1
1E0 1E0 1E0 9.99993E-1 1E0 9.99997E-1 1E0 1E0 1E0 1E0 1E0 1E0 1E0 1E0 1E0 9.99998E-1 9.99996E-1 1E0 9.99979E-1 1E0 1E0 1E0 9.99999E-1 9.99987E-1 9.99984E-1 9.99999E-1 1E0 9.99997E-1 1E0 9.99992E-1 9.99987E-1 9.99999E-1 9.99964E-1 9.99858E-1 9.99997E-1 9.99877E-1 9.99728E-1 9.9999E-1 9.99979E-1 9.97728E-1 8.11594E-1 7.3523E-1 7.88161E-1 7.88536E-1 7.81266E-1 4.32772E-1 6.36915E-1 4.77874E-1 6.04401E-1 7.51191E-1 5.33209E-1 5.42657E-1 5.64997E-1 6.48404E-1 4.80839E-1 7.68137E-1 9.72498E-1 5.62443E-1 3.4491E-1 6.24213E-1 6.11362E-1 6.4436E-1 4.70452E-1 8.5247E-1 6.50242E-1 7.46954E-1 6.74979E-1
1E0 1E0 1E0 1E0 1E0 1E0 1E0 1E0 1E0 1E0 1E0 1E0 1E0 9.99995E-1 1E0 9.99995E-1 9.99976E-1 1E0 9.99987E-1 9.99993E-1 9.99995E-1 1E0 1E0 9.99993E-1 9.99741E-1 9.97406E-1 9.99493E-1 9.99848E-1 1E0 1E0 1E0 9.99999E-1 9.99989E-1 9.99492E-1 9.99999E-1 9.99887E-1 9.99838E-1 9.99914E-1 9.99988E-1 9.99857E-1 9.97157E-1 9.88851E-1 9.8082E-1 9.43757E-1 6.22985E-1 2.67818E-1 5.9696E-1 4.75634E-1 4.19732E-1 5.09893E-1 5.98539E-1 3.04681E-1 1.15441E-1 1.71452E-1 4.76022E-1 6.86318E-1 9.26487E-1 7.09188E-1 5.02831E-1 6.84598E-1 8.78748E-1 9.23666E-1 7.48901E-1 8.87874E-1 6.69164E-1 6.34214E-1 6.37625E-1
1E0 1E0 1E0 1E0 1E0 1E0 1E0 1E0 1E0 1E0 1E0 1E0 1E0 1E0 1E0 1E0 1E0 9.99999E-1 1E0 1E0 9.99992E-1 9.99994E-1 9.9999E-1 9.99997E-1 9.99886E-1 9.98817E-1 9.94594E-1 9.96437E-1 9.99995E-1 1E0 9.99597E-1 9.99981E-1 9.99995E-1 9.99962E-1 9.99306E-1 9.99839E-1 9.99916E-1 9.98996E-1 9.99818E-1 9.99954E-1 9.94413E-1 9.99887E-1 9.99029E-1 9.90449E-1 8.63827E-1 2.64912E-1 1.09633E-1 1.02438E-1 5.58604E-2 2.05953E-1 1.89657E-1 1.04023E-1 6.90474E-2 1.09595E-1 4.15885E-1 5.66635E-1 9.43348E-1 8.50215E-1 3.80359E-1 2.58585E-1 4.1913E-1 7.09661E-1 9.80961E-1 9.43707E-1 5.09314E-1 5.77217E-1 4.83943E-1
1E0 1E0 1E0 9.99994E-1 1E0 1E0 1E0 1E0 1E0 1E0 1E0 1E0 1E0 1E0 1E0 1E0 1E0 1E0 1E0 1E0 9.99996E-1 9.99995E-1 9.99985E-1 9.99959E-1 9.99992E-1 9.99971E-1 9.936E-1 9.99492E-1 9.99942E-1 1E0 9.94701E-1 9.99848E-1 9.99201E-1 1E0 1E0 9.99893E-1 9.99818E-1 9.9435E-1 9.98886E-1 9.96926E-1 8.35714E-1 9.72746E-1 8.40523E-1 9.97558E-1 9.59453E-1 7.23328E-1 2.55815E-1 2.3767E-1 7.71788E-2 5.57986E-2 8.20033E-2 1.81249E-1 6.51299E-2 4.57442E-2 2.31553E-1 7.00857E-1 6.38467E-1 7.70334E-1 2.50779E-1 7.0488E-2 9.23592E-2 5.15543E-1 6.83417E-1 6.12203E-1 5.40795E-1 2.56305E-1 4.0355E-1
9.99988E-1 1E0 1E0 1E0 9.99985E-1 1E0 1E0 1E0 1E0 1E0 1E0 1E0 1E0 1E0 1E0 1E0 1E0 1E0 1E0 1E0 1E0 1E0 9.99997E-1 9.99952E-1 9.99997E-1 9.99975E-1 9.98814E-1 9.9997E-1 9.99942E-1 9.99963E-1 9.92932E-1 9.97726E-1 9.9935E-1 9.99918E-1 9.99975E-1 9.99975E-1 9.99995E-1 9.99894E-1 9.99532E-1 9.95688E-1 7.24981E-1 8.6086E-1 7.52442E-1 9.70723E-1 6.52196E-1 4.07682E-1 3.48606E-1 1.77376E-1 8.581E-2 4.92148E-2 5.1044E-2 8.07104E-2 3.85131E-2 5.61689E-2 1.72044E-1 6.15646E-1 4.96131E-1 8.34187E-1 4.07406E-1 1.00453E-1 1.02341E-1 2.38471E-1 2.0781E-1 2.20214E-1 2.66447E-1 3.82665E-1 3.69427E-1
1E0 1E0 9.99995E-1 9.99993E-1 1E0 1E0 1E0 1E0 1E0 1E0 1E0 1E0 1E0 1E0 1E0 1E0 1E0 1E0 1E0 1E0 1E0 1E0 9.99995E-1 9.99965E-1 1E0 9.99999E-1 9.99968E-1 9.99828E-1 9.99992E-1 9.99994E-1 9.96389E-1 9.97073E-1 9.99683E-1 9.99851E-1 9.99649E-1 9.99186E-1 9.96976E-1 9.98858E-1 9.99766E-1 9.92296E-1 8.09461E-1 6.98833E-1 6.0001E-1 8.05458E-1 5.95499E-1 2.75277E-1 3.78446E-1 9.93731E-2 4.44784E-2 1.97962E-2 3.13932E-2 8.17404E-2 5.29207E-2 1.1021E-1 1.08108E-1 2.70135E-1 6.44141E-1 9.60335E-1 3.85387E-1 3.7021E-1 2.66754E-1 4.73723E-1 2.98143E-1 1.72655E-1 2.30583E-1 2.16757E-1 1.21054E-1
1E0 9.99998E-1 1E0 9.99996E-1 1E0 1E0 9.99996E-1 1E0 1E0 1E0 9.99996E-1 1E0 1E0 1E0 1E0 1E0 1E0 1E0 1E0 1E0 1E0 9.99998E-1 1E0 9.99997E-1 1E0 1E0 9.81148E-1 9.99843E-1 9.9988E-1 9.99736E-1 9.98212E-1 9.93652E-1 9.98405E-1 9.9964E-1 9.99841E-1 9.65178E-1 9.10026E-1 9.45222E-1 9.99429E-1 9.95565E-1 8.05262E-1 7.71172E-1 7.65226E-1 4.17898E-1 4.74527E-1 5.46178E-1 3.15469E-1 1.34455E-1 8.73001E-2 4.80861E-2 7.23024E-2 6.55369E-2 4.06934E-2 1.32182E-1 8.00204E-2 4.00229E-1 7.24083E-1 9.74497E-1 7.5046E-1 5.65793E-1 4.54168E-1 7.56947E-1 5.77001E-1 3.25782E-1 3.17723E-1 1.64499E-1 1.12736E-1
