ENM/Final_Models/M_0.8_F_q_Set_1_E/Gustavia_santanderiensis_Choco_min.asc
ncols         367
nrows         963
xllcorner     -78.6
yllcorner     0.65
cellsize      0.00833333333333323
NODATA_value  -9999
[rows 270 to 299 of 963, columns 134 to 200 of 367]
-9999 -9999 -9999 -9999 -9999 -9999 -9999 -9999 -9999 -9999 -9999 -9999 -9999 6.81648E-1 1.174E-1 9.73975E-2 5.52087E-2 4.42443E-2 1.01381E-2 2.06622E-2 8.87243E-3 5.53843E-2 1.19739E-1 2.06934E-1 2.66412E-1 4.76755E-1 3.16797E-1 5.45086E-1 2.37546E-1 3.17752E-1 1.24946E-1 6.6033E-2 1.18767E-1 4.48463E-1 3.1457E-1 6.67326E-1 6.53297E-1 2.6782E-1 2.47662E-1 1.06673E-2 7.80186E-3 6.21218E-3 1.31041E-2 1.54529E-2 9.89233E-3 8.29282E-3 7.1903E-3 1.77155E-2 7.8701E-3 2.07897E-3 1.64818E-2 6.59263E-3 6.24261E-3 1.72079E-2 1.74029E-2 4.09387E-1 4.12239E-1 3.96459E-2 3.86109E-2 4.28107E-2 9.71392E-2 3.402E-2 1.61836E-2 1.46069E-2 1.45856E-2 1.34269E-2 1.76197E-3
-9999 -9999 -9999 -9999 -9999 -9999 -9999 -9999 -9999 -9999 -9999 -9999 -9999 -9999 2.01342E-1 7.8497E-2 4.33027E-2 2.45832E-2 1.30832E-2 2.56232E-2 6.72752E-2 7.22943E-2 1.06353E-1 1.16708E-1 2.46791E-1 2.78016E-1 5.28377E-1 5.75245E-1 3.03479E-1 2.37647E-1 1.8043E-1 2.33728E-1 3.89576E-1 6.09669E-1 6.42235E-1 2.49801E-1 1.69142E-2 1.56344E-3 7.7948E-3 1.12934E-2 6.43402E-3 6.36673E-3 1.01994E-2 1.75423E-3 2.09674E-3 1.65993E-3 5.68418E-3 1.12811E-2 6.37426E-3 1.37093E-2 1.76956E-3 8.48999E-3 4.90099E-1 1.26076E-2 1.13489E-2 4.11642E-1 4.05569E-1 3.38424E-1 3.25452E-2 3.46143E-2 9.33531E-2 3.89352E-2 1.43663E-3 1.60651E-2 1.22121E-2 1.2995E-2 1.55408E-2
-9999 -9999 -9999 -9999 -9999 -9999 -9999 -9999 -9999 -9999 -9999 -9999 -9999 -9999 -9999 2.4228E-1 1.28208E-1 1.10571E-1 7.2164E-2 5.08887E-2 7.4393E-2 1.87856E-1 1.20584E-1 1.74536E-1 2.61812E-1 1.39282E-1 1.403E-1 2.09861E-1 2.31706E-1 5.7945E-1 4.77193E-1 5.0403E-1 6.05066E-1 5.59592E-1 5.08267E-1 2.1467E-1 1.99425E-1 1.23071E-2 1.06321E-2 8.05009E-3 8.43924E-3 3.54141E-1 9.38519E-3 7.35763E-3 1.19353E-2 1.56242E-3 5.09657E-3 2.98939E-1 4.25733E-1 7.00467E-3 1.1076E-2 1.35427E-2 1.22437E-2 2.98485E-2 4.00733E-1 3.57656E-1 9.1277E-3 1.27758E-2 1.04502E-2 3.71305E-2 3.88662E-2 1.42473E-2 1.33011E-3 1.38478E-2 1.53706E-2 1.36696E-3 1.33656E-3
-9999 -9999 -9999 -9999 -9999 -9999 -9999 -9999 -9999 -9999 -9999 -9999 -9999 -9999 -9999 3.5443E-1 3.09009E-1 2.37892E-1 6.017E-2 4.71621E-2 7.59459E-2 1.23682E-1 3.00334E-1 1.35392E-1 2.91273E-1 1.41449E-1 1.7281E-1 1.9675E-1 1.38038E-2 7.26793E-1 6.49029E-1 2.75142E-1 2.31267E-1 6.27098E-1 6.13895E-1 3.31995E-1 6.5673E-1 1.52584E-1 1.56229E-1 1.93022E-1 7.94585E-3 3.12299E-1 5.54909E-3 1.32163E-3 1.08596E-3 1.10443E-3 4.04443E-3 3.25387E-1 3.8459E-1 4.23284E-3 3.31665E-2 3.12343E-2 2.69641E-2 7.59979E-2 4.05004E-2 1.00496E-2 2.93005E-3 2.95949E-2 7.9565E-3 1.09823E-2 1.19663E-2 1.3112E-3 1.31382E-2 1.60986E-2 1.58398E-2 1.46375E-3 1.4856E-2
-9999 -9999 -9999 -9999 -9999 -9999 -9999 -9999 -9999 1.36571E-2 3.17621E-2 -9999 4.63836E-1 -9999 2.92595E-1 3.52287E-1 2.63626E-1 1.22629E-1 1.28486E-1 1.42697E-1 7.38053E-2 5.99757E-2 6.70355E-2 1.02051E-1 3.56164E-1 1.88421E-1 1.98934E-1 2.02784E-1 1.57561E-2 2.723E-1 2.5351E-1 1.53722E-2 1.43499E-2 1.24161E-2 1.95877E-1 4.75539E-1 5.30675E-1 1.68021E-1 2.3406E-1 1.07678E-2 1.88798E-1 2.97234E-1 5.04526E-3 1.15386E-3 6.65228E-3 4.87201E-3 3.14938E-3 4.33791E-3 7.6661E-3 4.82315E-3 1.01939E-2 2.42354E-2 1.69996E-2 6.29374E-2 2.84999E-2 8.33072E-3 6.81428E-4 8.9171E-3 8.52215E-3 2.59347E-2 2.29146E-2 9.6034E-4 1.53111E-2 1.51357E-2 1.03233E-2 1.14823E-3 1.05605E-2
-9999 -9999 -9999 -9999 -9999 -9999 -9999 -9999 -9999 -9999 3.14164E-2 1.67051E-1 2.62149E-1 2.1548E-1 1.9264E-1 3.42867E-1 1.5352E-1 9.72684E-2 6.60694E-2 1.3508E-1 1.17679E-1 1.18591E-2 2.93859E-2 4.55534E-2 1.46452E-1 1.047E-1 1.01583E-1 1.72191E-1 2.11511E-1 4.94033E-1 6.16348E-1 2.77527E-1 1.56234E-2 1.51357E-2 9.9949E-3 1.15761E-2 5.81085E-1 5.02152E-1 1.29184E-1 1.30417E-1 1.45621E-1 2.19275E-1 3.99987E-3 8.99862E-4 8.22929E-4 7.30086E-4 5.10744E-3 5.3771E-3 7.47387E-3 4.26726E-3 9.23779E-3 7.12145E-3 2.65818E-2 7.73939E-2 7.77159E-3 2.65202E-3 6.36231E-4 6.72316E-3 9.36876E-3 9.76764E-4 1.03872E-2 2.95514E-3 8.78071E-3 8.08449E-3 1.40087E-2 8.94044E-4 1.08882E-2
-9999 -9999 -9999 -9999 -9999 -9999 -9999 -9999 -9999 -9999 -9999 1.82085E-1 2.11073E-1 1.64103E-1 1.85352E-1 2.37521E-1 3.36239E-1 2.2188E-1 1.17511E-1 2.55111E-2 2.11692E-2 1.96505E-2 1.39552E-2 1.94277E-2 6.48246E-2 7.18409E-2 9.09608E-2 2.54352E-1 9.25389E-2 2.02263E-1 7.32264E-1 6.93302E-1 2.39213E-1 5.76106E-1 2.51638E-1 9.63619E-3 7.89245E-3 3.22817E-3 5.81982E-1 4.28651E-1 4.14909E-1 1.85296E-1 2.10419E-1 1.24034E-2 3.08666E-3 4.139E-3 2.82272E-3 1.9691E-1 6.1124E-3 9.52419E-4 8.52224E-3 7.94871E-3 6.54749E-3 2.05766E-2 7.73752E-4 7.01126E-4 7.44463E-4 8.65182E-4 7.7507E-4 8.91592E-3 8.95919E-3 3.6309E-3 8.39322E-3 7.8087E-3 5.90182E-3 1.06363E-2 1.03257E-3
-9999 -9999 -9999 -9999 -9999 -9999 -9999 -9999 -9999 -9999 -9999 -9999 -9999 1.07913E-1 2.28014E-1 2.93262E-1 4.1525E-1 6.95632E-1 6.10844E-1 3.88157E-1 1.98574E-1 1.86889E-1 1.18567E-1 1.03717E-1 1.2946E-1 1.43658E-1 3.06669E-1 5.87099E-1 4.69346E-1 6.52724E-1 6.44026E-1 2.84131E-1 2.33979E-1 2.89847E-1 8.20122E-1 2.1999E-1 1.18275E-2 4.89353E-3 1.49873E-1 5.51289E-1 9.22194E-2 1.60224E-1 3.52968E-3 5.56585E-1 6.65748E-2 1.32711E-1 1.01042E-2 3.82873E-3 1.21756E-2 6.72152E-3 8.70987E-4 8.05041E-4 8.09212E-3 1.00606E-2 9.02128E-3 2.40065E-3 2.19117E-1 6.37019E-3 2.4155E-1 6.97793E-3 9.09001E-3 1.28721E-2 9.25987E-4 8.96558E-4 8.18505E-4 7.91748E-4 9.66557E-4
-9999 -9999 -9999 -9999 -9999 -9999 -9999 -9999 -9999 -9999 -9999 -9999 -9999 -9999 1.6265E-1 2.17649E-1 4.24751E-1 5.71023E-1 3.08758E-1 1.25239E-1 1.01859E-1 2.96369E-1 1.97853E-1 3.88506E-1 1.9996E-1 2.65423E-1 3.73239E-1 5.47911E-1 6.4697E-1 7.18034E-1 3.22348E-1 1.19245E-1 5.22133E-2 1.00226E-1 3.05487E-1 1.2325E-2 2.80147E-3 4.37555E-3 8.52453E-1 2.0854E-1 1.60389E-1 1.46222E-2 2.34779E-3 2.44762E-3 1.82931E-3 8.28214E-3 1.25532E-2 4.10952E-3 1.49948E-2 3.6301E-3 6.34443E-3 9.75572E-4 7.77376E-3 7.91165E-3 9.73304E-3 5.1813E-3 4.04713E-3 1.28854E-2 1.65538E-2 2.26971E-2 6.65271E-2 5.79958E-2 2.67277E-2 9.29146E-3 8.70321E-3 8.30844E-3 8.8268E-4
-9999 -9999 -9999 -9999 -9999 -9999 -9999 -9999 -9999 -9999 -9999 -9999 -9999 -9999 1.2009E-1 1.84735E-1 2.61988E-1 4.41582E-1 1.2074E-1 5.13773E-2 5.06022E-2 1.66239E-1 2.41238E-1 1.41965E-1 3.47741E-1 4.87143E-1 6.36487E-1 6.27563E-1 2.47998E-1 4.33726E-1 2.85371E-1 8.94948E-2 1.39258E-1 1.33707E-1 3.63051E-1 1.15206E-1 2.50209E-1 3.02574E-1 8.90491E-1 2.11869E-1 7.2658E-1 1.38141E-1 2.27291E-3 2.93933E-3 2.46398E-3 2.97463E-2 1.22198E-2 6.23949E-3 6.43668E-3 9.16003E-4 4.95413E-3 6.41173E-3 9.5297E-4 7.94261E-4 7.48343E-4 4.98911E-3 9.46525E-3 9.71087E-3 1.79885E-2 1.90937E-2 1.60367E-2 1.56829E-2 5.68561E-2 7.08875E-3 9.02798E-3 1.05942E-2 9.08228E-3
-9999 -9999 -9999 -9999 -9999 -9999 -9999 -9999 -9999 -9999 -9999 -9999 -9999 1.41393E-1 1.09364E-1 1.46791E-1 2.72629E-1 3.15456E-1 8.31971E-2 3.59064E-2 5.31443E-2 5.03248E-2 9.54922E-2 3.22792E-1 3.13065E-1 5.04561E-1 4.38105E-1 6.39929E-1 3.11165E-1 4.20349E-1 2.60506E-1 2.02645E-1 1.13802E-1 1.23899E-1 2.10757E-1 2.01365E-1 2.01702E-1 1.69951E-1 8.87951E-1 2.9728E-1 2.40191E-1 2.74342E-1 2.76891E-3 2.87626E-3 8.98787E-3 1.21634E-2 1.69552E-2 5.25979E-3 9.37674E-4 8.02965E-4 5.00198E-3 7.84223E-4 8.11244E-4 6.38002E-3 7.14069E-4 5.79876E-3 9.08776E-3 1.17991E-2 4.07925E-2 4.63204E-2 1.46268E-2 1.87176E-2 2.21176E-2 7.41039E-3 7.51372E-3 7.51553E-4 7.71052E-4
-9999 -9999 -9999 -9999 -9999 -9999 -9999 -9999 -9999 -9999 -9999 -9999 -9999 2.26096E-1 2.57104E-1 7.32287E-2 1.53255E-1 3.60392E-1 9.57094E-2 3.08419E-2 5.72978E-2 4.47241E-2 2.27627E-2 6.02479E-2 1.18798E-1 1.47333E-1 2.39143E-1 2.82072E-1 2.01189E-2 1.69053E-1 2.90428E-1 2.50545E-1 1.12369E-1 1.22624E-1 1.1882E-1 8.93616E-2 1.77963E-3 1.57333E-1 1.54597E-1 2.39917E-1 2.8764E-1 1.31899E-2 5.02791E-3 9.99727E-3 3.49088E-2 1.41829E-2 1.42053E-2 5.81241E-3 5.82728E-3 7.44846E-3 5.36723E-3 5.67495E-4 6.06161E-4 8.16212E-4 4.58301E-3 5.74287E-4 3.17222E-3 1.07415E-2 9.45096E-3 1.04844E-2 1.21726E-2 2.52476E-1 6.20378E-3 2.33691E-1 5.73313E-3 5.60399E-3 2.34162E-3
-9999 -9999 -9999 -9999 -9999 -9999 -9999 -9999 -9999 -9999 -9999 -9999 -9999 2.68327E-1 1.50075E-1 3.93409E-2 1.29118E-1 8.82338E-2 1.77929E-2 2.53903E-2 2.10852E-2 2.00716E-2 2.66002E-2 2.06072E-2 4.15441E-2 4.9344E-2 4.24918E-2 2.95291E-2 6.71688E-2 1.32857E-1 9.17289E-2 3.25747E-1 1.1389E-1 1.39599E-1 2.31592E-1 3.11735E-1 7.54299E-2 3.16851E-3 8.75716E-3 9.78124E-3 1.05561E-2 3.59588E-2 5.43055E-3 1.47446E-2 4.04895E-1 2.45097E-1 2.7837E-1 4.07454E-3 1.63151E-2 4.96783E-3 4.54587E-3 3.75979E-2 5.03496E-3 3.97115E-3 3.56491E-3 3.86052E-3 1.34978E-2 1.37869E-2 1.03867E-2 1.55468E-1 9.05566E-3 3.93009E-2 2.42214E-3 2.04336E-3 2.64119E-1 2.57719E-1 2.89242E-1
-9999 -9999 -9999 -9999 -9999 -9999 -9999 -9999 -9999 -9999 -9999 -9999 -9999 2.12107E-1 9.62905E-2 3.76891E-2 7.4081E-3 1.59279E-2 2.75043E-2 1.14136E-2 8.43855E-3 4.57613E-3 6.05144E-3 5.45729E-3 1.39815E-2 1.40057E-2 8.13559E-2 1.07245E-1 7.01954E-2 6.93743E-2 4.65023E-2 1.25177E-1 3.01484E-1 1.00688E-1 1.58867E-1 7.0849E-2 3.26728E-1 6.0649E-1 3.19019E-3 9.60803E-3 1.20421E-2 9.53271E-3 2.29499E-1 5.88656E-1 2.63727E-1 2.05939E-1 7.53097E-1 9.22724E-3 1.33792E-2 4.43232E-3 3.27526E-3 3.03182E-2 3.43033E-2 3.74064E-3 1.67038E-1 9.27575E-3 1.73551E-1 1.80434E-1 1.39915E-1 1.94601E-1 1.53209E-1 3.805E-2 4.34858E-3 2.35541E-1 2.12741E-1 2.29778E-1 2.38921E-1
-9999 -9999 -9999 -9999 -9999 -9999 -9999 -9999 -9999 -9999 -9999 -9999 -9999 7.19771E-2 5.4159E-2 3.64552E-3 3.71605E-3 4.17357E-3 2.08563E-3 9.06401E-3 4.24996E-3 2.45756E-3 3.07019E-3 3.89638E-3 6.75818E-3 1.24859E-2 4.84645E-2 1.19373E-1 1.6409E-1 3.48156E-2 3.92036E-2 1.27264E-1 6.41473E-2 9.86175E-2 2.10528E-1 2.26987E-1 4.27252E-2 5.84109E-1 6.9786E-1 4.11938E-3 3.508E-3 2.56331E-3 2.28338E-1 8.30342E-1 2.32322E-1 1.87288E-1 1.36743E-1 1.94375E-1 2.94057E-3 1.79383E-1 2.77962E-2 3.05046E-3 3.20904E-3 2.10396E-3 3.00706E-3 2.52759E-3 1.51987E-1 6.79879E-1 1.15511E-1 9.161E-2 1.36971E-2 3.14873E-3 1.72061E-1 9.29429E-1 2.09562E-1 2.36577E-1 1.65857E-3
-9999 -9999 -9999 -9999 -9999 -9999 -9999 -9999 -9999 -9999 -9999 -9999 4.96683E-2 7.17286E-2 1.31465E-2 1.98325E-3 1.22294E-4 5.05265E-4 1.11797E-3 4.88165E-3 3.05997E-3 3.13149E-3 9.94941E-3 1.03246E-2 1.06118E-2 6.08525E-2 1.14342E-1 6.19139E-2 4.27914E-2 1.92766E-2 1.58059E-2 1.91557E-2 9.289E-2 3.15465E-1 4.2555E-1 6.45409E-1 1.60739E-1 6.65209E-1 2.15004E-1 4.67652E-3 3.28443E-3 1.60509E-1 1.51852E-1 1.67328E-1 2.83231E-2 4.9756E-3 1.21431E-1 1.77853E-1 2.31141E-1 2.21785E-1 3.01325E-3 3.9121E-3 3.59343E-4 3.34958E-4 4.81593E-4 1.07601E-3 1.29851E-3 7.18013E-1 1.03235E-1 7.76577E-1 1.7486E-1 1.79222E-1 1.79516E-1 1.5818E-1 1.5153E-1 1.89772E-1 1.79722E-1
-9999 -9999 -9999 -9999 -9999 -9999 -9999 -9999 -9999 -9999 -9999 -9999 1.24965E-1 1.72729E-1 8.22137E-3 3.69693E-3 1.88328E-4 4.91066E-4 1.39663E-3 4.72599E-3 2.98256E-3 6.79513E-3 2.20982E-2 1.54578E-2 2.15541E-2 2.3204E-2 1.10475E-1 6.50407E-2 1.6805E-2 7.09024E-3 6.18546E-3 1.72601E-2 5.15636E-2 2.88989E-1 3.53394E-1 1.54738E-1 2.07012E-1 7.93587E-1 2.39083E-1 2.46494E-1 2.32329E-1 1.37218E-1 6.43776E-1 1.53355E-1 1.92388E-1 4.29597E-3 1.16255E-1 1.33498E-1 1.81401E-1 7.99646E-1 2.42164E-3 2.70897E-3 2.75149E-3 2.5858E-3 6.37777E-4 2.49284E-3 9.86061E-4 1.25514E-1 6.42704E-1 8.67606E-1 9.11157E-1 8.11063E-1 8.91321E-1 1.52804E-1 2.14671E-1 1.226E-1 1.58376E-1
-9999 -9999 9.82428E-4 -9999 -9999 -9999 -9999 -9999 -9999 -9999 -9999 -9999 5.01976E-2 9.6145E-2 2.8107E-2 1.81632E-2 8.2212E-4 3.83408E-4 1.44975E-3 1.25924E-3 3.68416E-3 5.0431E-3 1.0001E-2 5.64917E-3 8.29212E-3 8.19836E-3 4.83017E-2 2.37831E-2 1.44958E-2 5.08587E-3 9.33932E-3 8.6766E-3 1.12148E-2 8.02913E-2 8.95113E-2 5.29099E-1 3.90347E-1 4.03122E-1 1.28014E-1 2.62352E-3 2.82674E-1 2.31906E-1 1.52038E-1 1.21127E-1 1.93836E-3 1.05434E-1 8.68176E-2 9.59475E-2 1.91304E-1 2.03569E-1 3.32666E-3 2.21805E-3 2.11115E-3 2.64612E-3 2.75162E-3 6.18564E-4 2.54054E-4 1.50322E-3 1.25123E-1 7.4613E-1 7.37849E-1 7.87775E-1 2.0992E-1 7.26517E-1 6.7913E-1 1.28541E-1 1.19612E-1
-9999 -9999 4.80211E-4 6.16448E-4 -9999 -9999 -9999 -9999 -9999 -9999 -9999 -9999 3.39215E-2 2.78892E-1 3.7502E-2 4.55022E-2 2.36622E-3 1.14834E-4 2.83872E-4 2.72028E-3 5.21158E-3 1.65676E-3 1.28687E-3 3.15721E-3 2.75299E-3 1.00749E-2 5.00156E-2 2.3025E-2 9.40628E-3 5.76231E-3 2.357E-2 4.20177E-2 1.03056E-2 1.0301E-1 1.77252E-1 1.93232E-1 1.43149E-1 2.16276E-1 3.31658E-3 6.09367E-3 3.05502E-3 2.92559E-3 1.93241E-3 1.43688E-3 1.70011E-3 1.20722E-3 1.16594E-1 6.44018E-1 6.5914E-1 1.8615E-1 2.14177E-3 2.28826E-3 1.98464E-3 1.97031E-3 2.68577E-3 2.87866E-3 2.50292E-3 1.58895E-1 5.89897E-1 7.35165E-1 8.41918E-1 1.80953E-3 1.81309E-1 7.00247E-1 1.66603E-1 1.70208E-1 1.91338E-2
-9999 -9999 3.68037E-4 4.13141E-4 6.48298E-4 3.06172E-4 -9999 -9999 -9999 -9999 -9999 8.92239E-2 1.23122E-1 9.63532E-2 6.11445E-2 6.11319E-2 1.11622E-2 2.15267E-2 8.73403E-4 5.3291E-4 1.49965E-3 9.79082E-4 8.79986E-4 2.97614E-3 4.66007E-3 1.39829E-2 4.24179E-2 1.83809E-2 1.03737E-2 8.27817E-3 1.41539E-2 1.12143E-2 6.69847E-2 1.62361E-1 1.80281E-1 1.43338E-1 8.33105E-2 7.98973E-2 9.61267E-2 1.72716E-3 1.7492E-3 2.15715E-3 1.32296E-1 1.04911E-1 1.28603E-3 1.00184E-3 9.14493E-2 1.16048E-1 1.86143E-1 2.06568E-3 4.61083E-4 1.34176E-3 1.86651E-3 1.97717E-3 2.14833E-3 2.65321E-3 6.35933E-3 1.66939E-1 1.44457E-1 1.11553E-1 6.69812E-1 1.05195E-1 1.23663E-1 7.91969E-1 1.61045E-1 9.30694E-4 9.46646E-4
-9999 -9999 1.45508E-4 2.37282E-4 2.0593E-4 5.12156E-4 2.82044E-3 -9999 -9999 -9999 3.15044E-2 7.7334E-2 6.55487E-2 6.23316E-2 2.93095E-1 1.74099E-1 6.9674E-2 1.90169E-2 1.39059E-3 2.95266E-3 4.43362E-3 3.30996E-3 5.91628E-3 5.79141E-3 4.11773E-2 1.10298E-1 1.34312E-1 3.62293E-2 1.53425E-2 3.26255E-2 3.9944E-2 6.66115E-2 4.59177E-2 1.11324E-1 1.6387E-1 4.56968E-2 5.42328E-2 5.51068E-2 1.65269E-2 1.38015E-3 1.37794E-1 1.66712E-1 1.4904E-1 6.32459E-1 1.47822E-3 1.28972E-1 1.59479E-1 1.38102E-1 3.65059E-3 4.10926E-3 1.56934E-3 1.85516E-1 1.54405E-3 1.78392E-1 1.84195E-3 5.83652E-3 1.19221E-3 1.85385E-3 1.29884E-1 1.44093E-1 1.07827E-1 1.06362E-1 9.31485E-2 6.60989E-1 1.41301E-1 1.97768E-2 9.4145E-2
-9999 -9999 2.58042E-4 2.08338E-4 7.73323E-4 3.22025E-3 2.44668E-3 -9999 -9999 -9999 -9999 4.04994E-2 6.04767E-2 3.83759E-2 2.53632E-1 1.74425E-1 1.55402E-1 4.39608E-2 1.24016E-2 7.43626E-3 2.47901E-2 1.01032E-2 2.33502E-2 2.61613E-2 5.19085E-2 6.33134E-2 7.21405E-2 4.97995E-2 1.70637E-2 2.77552E-2 6.11585E-2 1.8764E-2 1.04498E-2 2.2601E-2 2.43067E-2 6.77674E-2 1.36612E-1 4.51412E-2 1.21929E-3 1.56266E-3 2.24064E-3 1.99115E-1 1.65754E-1 1.68499E-1 1.38613E-3 4.70483E-3 1.99329E-1 1.64958E-1 2.16836E-1 1.54471E-1 1.49297E-3 1.56244E-2 1.66397E-3 1.36541E-3 1.20506E-3 1.5432E-3 1.22243E-3 1.27943E-3 4.9809E-3 1.36056E-3 9.88261E-4 1.30229E-1 1.06271E-1 6.39006E-1 1.24109E-1 9.0682E-4 1.37688E-1
-9999 -9999 2.977E-4 5.94386E-4 2.00218E-3 5.77455E-3 8.27329E-3 1.04163E-2 -9999 -9999 -9999 1.35723E-1 9.43687E-3 1.08938E-2 1.84524E-1 2.49527E-1 1.83629E-1 1.0109E-1 8.02433E-2 5.21519E-2 2.07995E-2 1.4636E-2 1.72416E-2 4.22204E-2 2.11649E-2 6.342E-2 5.43609E-2 2.13963E-2 2.13583E-2 2.60193E-2 3.36042E-2 8.19394E-3 4.22801E-3 1.29882E-2 2.75492E-2 1.25499E-1 1.92446E-1 9.1101E-2 1.80624E-3 1.55254E-3 3.02935E-4 2.18806E-1 1.32496E-1 1.78384E-1 1.83663E-1 1.14605E-1 1.63444E-1 2.24274E-1 8.63227E-1 6.63009E-1 1.6642E-1 1.33578E-3 1.53862E-3 1.15881E-3 1.87902E-4 1.78232E-3 1.72223E-4 1.55003E-3 5.53321E-3 1.19527E-3 1.95278E-1 1.36806E-1 7.49752E-1 7.04448E-1 6.24458E-1 1.3874E-1 1.73804E-4
-9999 6.52386E-4 2.7379E-4 1.83683E-3 5.35822E-3 7.97539E-3 6.9766E-3 6.30357E-3 4.71638E-2 -9999 6.27974E-2 3.18664E-1 4.49026E-2 1.08119E-2 8.34363E-2 1.92521E-1 2.16137E-1 2.32648E-1 1.14339E-1 7.34035E-2 3.34914E-2 5.35415E-3 6.73068E-3 1.76292E-2 1.45126E-2 6.52624E-2 1.0973E-1 4.61992E-2 4.12962E-2 3.73319E-2 2.69401E-2 6.92854E-3 1.27485E-2 3.23403E-2 8.63476E-2 1.87697E-1 3.622E-1 9.62473E-2 1.31216E-2 1.65534E-3 1.49551E-3 3.82958E-3 1.59225E-3 1.52135E-3 2.251E-1 4.0523E-3 1.56932E-1 2.58713E-1 1.66211E-1 1.41437E-1 1.4443E-1 1.18465E-3 1.40521E-3 1.12146E-3 1.11917E-3 1.32119E-3 9.71538E-4 1.04418E-3 1.70483E-3 1.6566E-3 1.25012E-3 1.00884E-3 1.55457E-1 8.60206E-1 7.62971E-1 1.32763E-1 1.32947E-3
-9999 3.82706E-4 4.48554E-4 1.23311E-2 1.15363E-2 1.94387E-2 1.12551E-2 7.9763E-3 6.7654E-2 1.70462E-1 1.4164E-1 1.27934E-1 4.49591E-2 3.19318E-2 6.99085E-2 1.83732E-1 2.61941E-1 3.80721E-1 1.46712E-1 4.89035E-2 1.03465E-2 5.30117E-3 5.61684E-3 8.68262E-3 4.14349E-3 7.90268E-2 1.55159E-1 8.72522E-2 3.41289E-2 8.13964E-2 2.98507E-2 1.99657E-2 2.83281E-2 3.98401E-2 1.56635E-1 1.91965E-1 3.97219E-1 8.82384E-2 6.50957E-2 8.07682E-2 1.66303E-3 1.86294E-1 2.17103E-1 1.68494E-3 3.8193E-3 4.67267E-2 7.62456E-1 1.87441E-1 1.61014E-1 1.2843E-1 1.08084E-3 1.09576E-3 9.00163E-4 1.67697E-4 1.67178E-4 3.87917E-3 9.79506E-4 1.71409E-1 1.62769E-1 1.80431E-1 1.77896E-1 1.56466E-1 4.67826E-3 2.06716E-1 1.73382E-1 1.1945E-1 1.41262E-3
-9999 7.30549E-4 3.57264E-3 7.41818E-3 1.45078E-2 1.65596E-2 5.44955E-3 2.86508E-3 3.35569E-2 9.43325E-2 1.57915E-1 9.78314E-2 7.7951E-2 5.37638E-2 1.15566E-1 2.47843E-1 2.12377E-1 9.37772E-2 3.84764E-2 1.77638E-2 6.16567E-3 7.07795E-3 2.71902E-2 4.57209E-2 6.8152E-2 7.76145E-2 1.0346E-1 8.30952E-2 9.58736E-2 1.50683E-1 7.89135E-2 3.56774E-2 3.46233E-2 6.61186E-2 3.15993E-1 3.68368E-1 2.64445E-1 5.30356E-2 1.05418E-1 1.90551E-1 1.09752E-3 1.40879E-3 1.96444E-3 1.89193E-3 1.73309E-3 3.56927E-3 1.54387E-1 1.25883E-3 9.53597E-4 1.087E-3 1.22675E-3 9.20846E-4 8.59224E-2 8.97849E-4 3.26915E-3 1.37739E-3 1.36532E-1 1.4663E-1 2.13321E-1 1.85021E-1 1.49729E-1 1.30799E-1 1.45284E-1 1.48391E-1 1.94117E-1 2.09024E-1 1.68239E-1
-9999 1.3527E-3 5.60819E-3 6.21018E-3 7.19405E-3 6.86535E-3 6.74023E-3 4.17573E-3 2.52553E-3 5.67442E-2 2.3017E-1 1.59277E-1 8.75233E-2 2.08014E-2 5.46328E-2 1.57366E-1 7.76057E-2 1.85266E-2 7.47163E-3 7.91219E-4 9.4168E-4 3.819E-3 3.23416E-2 1.23742E-1 9.98811E-2 6.5176E-2 2.05463E-1 1.28846E-1 1.76635E-1 1.92908E-1 8.33833E-2 1.44782E-1 7.77424E-2 8.51092E-2 6.50582E-2 8.04616E-2 1.48711E-1 8.45895E-2 7.4677E-2 8.90611E-2 9.83227E-4 1.60465E-3 1.65847E-3 1.4512E-3 1.7145E-3 1.59627E-1 1.13864E-3 9.39675E-2 1.3455E-1 1.17275E-3 1.21664E-3 2.22339E-2 8.84769E-2 1.23925E-1 1.29347E-1 1.53177E-1 7.40087E-4 1.50499E-1 7.81643E-4 1.45597E-1 7.24843E-1 6.99699E-1 6.10478E-1 1.29702E-1 7.21849E-1 8.35357E-1 7.41314E-1
-9999 2.46107E-3 9.07774E-3 7.52227E-2 7.73657E-2 2.98367E-2 9.55857E-3 1.77491E-3 2.04896E-3 6.62466E-3 3.72051E-2 3.19834E-2 4.36855E-2 2.11406E-2 2.20568E-2 1.14289E-1 1.40854E-1 8.50603E-2 1.54018E-2 2.12329E-3 6.36762E-4 1.22318E-3 1.18224E-2 4.66989E-2 1.06839E-1 6.71297E-2 8.30428E-2 1.56558E-1 1.45034E-1 1.53692E-2 6.42908E-2 1.40094E-2 2.35287E-2 5.84702E-2 5.59202E-2 4.96912E-2 6.25775E-2 7.75034E-2 1.92622E-1 3.66212E-1 1.23072E-2 1.08668E-3 1.36381E-4 1.35678E-3 2.09188E-1 1.21686E-1 1.65831E-3 5.88803E-4 8.75206E-4 1.10475E-3 1.15592E-1 2.23672E-2 8.99444E-2 7.13522E-1 1.49289E-1 1.40505E-1 9.58286E-4 1.41375E-1 9.7429E-4 8.19768E-4 7.89714E-4 8.7686E-2 6.55533E-3 1.50505E-1 1.28828E-1 7.77426E-1 7.88552E-1
-9999 5.19307E-3 8.14095E-3 2.05948E-2 1.02758E-1 3.91849E-2 1.17598E-2 1.0657E-3 6.61288E-3 1.36823E-2 1.21883E-1 8.55819E-2 3.50333E-2 9.03097E-3 6.37705E-3 3.41264E-2 1.79998E-1 2.25996E-1 8.0952E-2 1.15099E-2 5.98989E-3 6.45586E-3 8.79136E-3 1.31495E-1 4.09131E-1 1.57683E-1 8.85635E-2 4.01666E-2 1.50902E-2 1.14376E-1 4.56007E-2 2.02498E-2 5.19998E-2 1.04148E-1 1.59142E-2 3.79061E-2 6.77153E-2 7.56836E-2 6.5218E-2 2.15402E-1 1.11395E-1 1.23199E-3 1.17898E-3 1.58958E-1 2.02329E-1 1.53937E-1 4.13453E-3 6.17135E-4 1.15683E-1 1.2738E-1 8.45214E-2 6.90992E-2 4.9155E-1 6.52676E-1 7.58718E-1 7.62303E-1 7.16229E-4 6.7882E-4 6.97101E-4 1.1126E-1 6.6356E-4 2.16452E-3 2.29898E-3 1.30568E-1 7.66579E-1 1.27058E-1 7.86541E-1
-9999 6.2985E-3 1.22076E-2 4.07555E-2 4.01555E-2 4.49546E-2 2.03877E-2 5.40187E-3 4.40513E-3 5.22496E-3 2.59277E-2 2.99877E-2 3.1256E-2 5.41178E-3 5.78089E-3 2.21703E-2 2.30446E-2 6.4284E-2 6.45266E-2 2.33338E-2 5.12368E-3 7.5153E-3 3.67632E-2 1.19233E-1 2.38817E-1 2.22261E-1 1.00228E-1 8.81767E-2 2.28847E-1 1.72617E-1 1.77606E-1 1.25628E-1 9.81424E-2 8.99879E-2 1.16119E-2 1.34811E-2 3.91851E-2 2.24613E-2 5.67708E-2 1.03266E-1 1.66086E-1 5.61147E-4 1.15545E-3 1.4676E-3 1.14214E-3 1.93304E-1 2.2241E-3 5.84431E-4 1.11915E-1 1.32444E-1 1.37676E-1 8.54926E-2 1.26678E-1 1.2638E-1 1.1194E-1 1.0144E-1 7.13674E-4 6.70363E-4 6.705E-4 1.19231E-1 7.13323E-4 1.03338E-1 9.97163E-2 6.57569E-1 7.50287E-1 1.16778E-1 7.3365E-1
