ENM/Final_Models/M_0.8_F_q_Set_1_E/Gustavia_santanderiensis_7_Choco_novel.asc
ncols         367
nrows         963
xllcorner     -78.6
yllcorner     0.65
cellsize      0.00833333333333323
NODATA_value  -9999
[rows 210 to 239 of 963, columns 136 to 203 of 367]
-3.57143E0 -3.2175E-1 1.27757E0 2.53518E0 2.69488E0 2.99431E0 3.69298E0 5.42968E0 6.18824E0 6.34794E0 5.38976E0 5.90877E0 4.35173E0 5.82893E0 5.58938E0 4.212E0 4.212E0 1.43727E0 5.98862E-2 -7.30373E0 -7.14286E0 -9.42728E0 -7.68983E0 -9.81339E0 -9.97426E0 -1.04247E1 -1.6184E1 -1.2677E1 -7.33591E0 -9.16988E0 -1.38996E1 -5.46961E1 -3.8674E1 -2.00772E1 -2.03024E1 -2.15573E1 -1.49936E1 -1.49936E1 -1.14221E1 -1.20013E1 -1.0103E1 -1.77928E1 -1.30309E1 -1.52831E1 -1.54118E1 -1.17439E1 -1.58623E1 -1.49292E1 -1.7825E1 -1.44144E1 -1.08108E1 -1.38674E1 -1.3964E1 -8.59073E0 -1.20335E1 -1.73745E1 -1.22909E1 -1.7471E1 -1.75676E1 -2.0045E1 -2.426E1 -2.48713E1 -2.34234E1 -2.20399E1 -2.28121E1 -1.75997E1 -1.81467E1 -1.57336E1
-2.28443E0 -1.12613E0 1.39735E-1 2.17587E0 3.17397E0 2.7348E0 4.75097E0 5.03044E0 4.27188E0 7.60555E0 7.30612E0 6.34794E0 6.50764E0 6.88691E0 5.76904E0 5.80896E0 4.19204E0 2.83461E0 1.39735E-1 -1.4157E0 -8.04376E-1 -1.13578E1 -1.33526E1 -1.38031E1 -1.52188E1 -1.139E1 -1.213E1 -1.25161E1 -7.07851E0 -7.91506E0 -1.68275E1 -4.19889E1 -2.01737E1 -2.18468E1 -2.14286E1 -1.88546E1 -1.63127E1 -1.5251E1 -1.14221E1 -1.27735E1 -1.32561E1 -1.76641E1 -1.78571E1 -1.37066E1 -1.55084E1 -1.4157E1 -1.49614E1 -1.37387E1 -1.88224E1 -1.7278E1 -1.37709E1 -9.78121E0 -1.08752E1 -1.47362E1 -1.17439E1 -1.66345E1 -8.26898E0 -1.11326E1 -1.71493E1 -1.7278E1 -1.82111E1 -2.16216E1 -2.31982E1 -2.19434E1 -2.00772E1 -2.36808E1 -2.12033E1 -2.16216E1
-2.79923E0 -9.65251E-1 1.59697E-1 2.4753E0 3.33367E0 4.55135E0 7.20631E0 7.90498E0 8.6835E0 5.09033E0 6.40782E0 7.82513E0 8.42399E0 6.76714E0 5.76904E0 5.26999E0 2.1559E0 1.59697E-1 -3.57143E0 -2.86358E0 -5.40541E0 -1.09073E1 -1.22265E1 -1.4897E1 -1.18082E1 -7.27156E0 -1.07465E1 -9.20206E0 -8.65508E0 -1.33205E1 -3.8674E1 -3.8674E1 -1.74389E1 -1.69241E1 -1.53153E1 -1.39961E1 -1.51866E1 -1.59266E1 -1.57014E1 -1.51544E1 -1.77606E1 -1.30309E1 -1.73745E1 -2.07207E1 -2.08494E1 -1.67632E1 -1.56371E1 -1.85328E1 -1.60553E1 -1.36744E1 -1.20656E1 -7.94723E0 -1.05856E1 -1.19369E1 -1.37709E1 -1.15187E1 -1.18726E1 -1.29344E1 -1.95302E1 -1.76319E1 -1.98198E1 -2.20077E1 -1.92728E1 -1.86615E1 -1.69562E1 -1.76641E1 -1.79537E1 -1.93694E1
-2.25225E0 -9.33076E-1 5.98862E-2 4.212E0 2.63499E0 6.82703E0 6.90688E0 1.05E1 7.82513E0 5.84889E0 7.366E0 7.9449E0 1.07596E1 8.6835E0 6.72722E0 2.11598E0 3.99241E-2 -1.04891E1 -7.14286E0 -8.59073E0 -8.75161E0 -1.26126E1 -1.11647E1 -7.97941E0 -3.37838E0 1.99621E-2 -5.24453E0 -4.2471E0 -1.01351E1 -9.39511E0 -3.8674E1 -4.58564E1 -2.14286E1 -2.24903E1 -2.09138E1 -2.06885E1 -1.32883E1 -1.43179E1 -1.44466E1 -1.50257E1 -1.70849E1 -1.61519E1 -1.40927E1 -1.3417E1 -1.40927E1 -1.97876E1 -1.41248E1 -1.82111E1 -1.67954E1 -1.85972E1 -1.32239E1 -1.58623E1 -1.19048E1 -1.78893E1 -1.32561E1 -1.82432E1 -1.64736E1 -1.78893E1 -1.4704E1 -2.31982E1 -2.08816E1 -1.99807E1 -2.1686E1 -1.95624E1 -1.74389E1 -1.84363E1 -3.53591E1 -2.28121E1
-1.6731E0 5.38976E-1 3.19393E-1 2.25571E0 3.79279E0 6.38786E0 6.02855E0 5.64927E0 5.76904E0 6.02855E0 7.30612E0 7.9449E0 6.40782E0 2.91446E0 2.49526E0 1.41731E0 9.98104E-1 -1.57658E0 -8.36551E0 -8.68726E0 -7.23938E0 -9.87774E0 -1.36422E1 -5.75933E0 5.98862E-2 -1.0296E0 -5.01931E0 1.39735E-1 -3.18533E0 -8.84813E0 -1.71271E1 -4.36464E1 -1.99163E1 -2.17181E1 -2.35199E1 -2.24582E1 -1.6184E1 -1.71493E1 -1.65701E1 -1.35135E1 -1.54762E1 -2.06242E1 -1.40927E1 -1.36422E1 -2.31338E1 -1.80502E1 -1.57658E1 -1.287E1 -1.73102E1 -1.53153E1 -1.71493E1 -1.8565E1 -2.27156E1 -2.0592E1 -1.44144E1 -9.74903E0 -1.25804E1 -1.06499E1 -2.38095E1 -2.29086E1 -1.9852E1 -2.06885E1 -1.68597E1 -1.50257E1 -2.0399E1 -2.54144E1 -3.59116E1 -2.02703E1
1.99621E-2 1.39735E0 3.97245E0 4.99052E0 6.02855E0 9.58179E0 7.90498E0 6.88691E0 7.06657E0 7.26619E0 5.38976E0 3.23386E0 3.49336E0 1.17776E0 5.98862E-2 2.39545E-1 3.19393E-1 -2.09138E0 -8.23681E0 -1.07465E1 -7.27156E0 -8.01158E0 -5.82368E0 -2.92793E0 7.78521E-1 9.98104E-2 -2.02703E0 -7.97941E0 -8.04376E0 -1.19369E1 -4.47514E1 -3.92265E1 -1.6731E1 -2.08172E1 -2.02703E1 -1.47683E1 -1.16795E1 -1.66667E1 -1.77606E1 -1.36744E1 -1.39961E1 -2.06885E1 -2.08816E1 -2.24903E1 -1.84363E1 -1.95302E1 -1.93372E1 -1.85328E1 -1.86615E1 -1.87259E1 -1.81145E1 -1.90154E1 -2.0045E1 -2.0045E1 -1.60232E1 -1.49292E1 -9.33076E0 -1.21622E1 -2.04633E1 -2.02059E1 -1.48649E1 -2.34234E1 -2.15894E1 -1.74067E1 -1.89833E1 -1.80824E1 -5.63536E1 -1.9305E1
2.7348E0 3.15401E0 3.93253E0 4.33177E0 6.24813E0 9.04282E0 8.82324E0 8.90308E0 1.18375E1 7.74528E0 4.27188E0 1.35742E0 5.98862E-1 1.43727E0 5.98862E-2 9.98104E-2 -1.0296E0 -2.28443E0 -9.33076E-1 -4.72973E0 -7.01416E0 -8.39768E0 -1.25483E0 2.79469E-1 1.21769E0 1.69678E0 -1.19048E0 -1.33205E1 -1.42857E1 -1.36744E1 -4.53039E1 -3.92265E1 -2.00772E1 -2.06242E1 -2.10425E1 -1.46075E1 -1.35779E1 -1.85328E1 -1.33526E1 -1.04247E1 -1.05212E1 -1.91441E1 -1.92085E1 -2.45817E1 -2.09138E1 -1.62806E1 -1.63449E1 -1.58301E1 -1.80502E1 -2.08494E1 -1.70206E1 -1.76963E1 -2.29086E1 -2.12033E1 -2.59974E1 -1.56692E1 -1.53153E1 -1.32883E1 -2.09781E1 -2.09781E1 -1.29665E1 -2.15894E1 -2.04955E1 -2.30695E1 -2.70718E1 -2.70718E1 -4.36464E1 -1.82111E1
2.99431E0 4.212E0 6.02855E0 6.34794E0 7.366E0 9.08274E0 1.32349E1 1.14183E1 9.06278E0 7.14642E0 4.7909E0 3.0542E0 1.25761E0 2.99431E-1 9.98104E-1 8.78331E-1 5.98862E-2 -2.12355E0 -3.15315E0 -3.82883E0 -3.12098E0 -3.57143E0 9.98104E-2 5.98862E-2 1.59697E-1 3.39355E-1 -1.06178E0 -5.11583E0 -9.26641E0 -1.07786E1 -6.07735E1 -3.92265E1 -1.94981E1 -1.9305E1 -1.9112E1 -1.75354E1 -1.31918E1 -1.66345E1 -1.52188E1 -1.27413E1 -1.14221E1 -1.82111E1 -2.00772E1 -1.92085E1 -2.08816E1 -2.14607E1 -1.91763E1 -1.49936E1 -1.81789E1 -2.01416E1 -1.74067E1 -1.7825E1 -2.28764E1 -2.31017E1 -2.40026E1 -1.80502E1 -1.92085E1 -1.32883E1 -1.90154E1 -2.25547E1 -1.6538E1 -1.9112E1 -2.15573E1 -2.36808E1 -2.31017E1 -2.76243E1 -4.41989E1 -1.75354E1
5.58938E0 1.10989E1 1.16179E1 1.00409E1 1.18774E1 1.06797E1 1.28356E1 1.19174E1 8.90308E0 7.366E0 5.58938E0 3.15401E0 1.61693E0 3.17397E0 2.49526E0 1.27757E0 -4.5045E0 -3.28185E0 -6.11326E-1 -3.2175E-1 -1.83398E0 -6.43501E-1 -2.1879E0 -7.40026E0 -9.10553E0 -6.27413E0 -4.34363E0 -1.11004E1 -1.33205E1 -3.42541E1 -4.91713E1 -4.64088E1 -2.20399E1 -2.01416E1 -1.44144E1 -1.93694E1 -1.49936E1 -1.90798E1 -1.48649E1 -1.42857E1 -1.66023E1 -1.71815E1 -2.22329E1 -1.89189E1 -1.92085E1 -2.14929E1 -1.89189E1 -2.20721E1 -2.43887E1 -1.89511E1 -1.30309E1 -1.63127E1 -1.92407E1 -2.07529E1 -2.36808E1 -2.87293E1 -1.80824E1 -1.76319E1 -2.59009E1 -2.7381E1 -2.21686E1 -2.41634E1 -2.76062E1 -2.12355E1 -2.31982E1 -2.2619E1 -2.2973E1 -2.21686E1
6.92684E0 8.50384E0 8.82324E0 1.03603E1 1.3135E1 1.23964E1 1.40932E1 8.82324E0 5.90877E0 3.93253E0 3.17397E0 8.98293E-1 1.27757E0 1.43727E0 2.07606E0 1.87643E0 -3.53925E-1 -3.6036E0 -4.79408E0 5.98862E-2 -4.60103E0 -5.40541E0 -7.88288E0 -3.63578E0 7.98483E-2 5.19014E-1 -6.56371E0 -1.10039E1 -3.9779E1 -4.97238E1 -3.8674E1 -1.87259E1 -1.75354E1 -2.05277E1 -1.59588E1 -1.57658E1 -2.04633E1 -1.68597E1 -1.84685E1 -1.70528E1 -1.74389E1 -2.28764E1 -2.19112E1 -2.56757E1 -2.15573E1 -2.56757E1 -2.29086E1 -2.27799E1 -2.15251E1 -1.89189E1 -1.50257E1 -1.95302E1 -1.68275E1 -2.87323E1 -2.72523E1 -2.05598E1 -1.43179E1 -2.49678E1 -2.8121E1 -2.2973E1 -2.31982E1 -2.23616E1 -2.36165E1 -2.64157E1 -2.30695E1 -1.89189E1 -1.81467E1 -1.57014E1
1.03603E1 1.33946E1 1.46322E1 1.55305E1 1.33546E1 1.60495E1 1.08793E1 7.34604E0 5.64927E0 3.17397E0 2.79469E0 1.99621E0 -1.1583E0 -7.07851E-1 -1.09395E0 9.98104E-2 -5.40541E0 -1.0843E1 -8.84813E0 -3.31403E0 5.98862E-2 1.59697E-1 1.49716E0 2.79469E0 7.78521E-1 8.58369E-1 1.19772E-1 -8.28729E0 -2.43094E1 -2.48619E1 -2.02703E1 -1.92407E1 -1.93694E1 -1.83076E1 -2.08816E1 -2.08816E1 -1.7471E1 -2.23616E1 -2.25225E1 -2.29408E1 -1.99807E1 -1.97555E1 -2.29086E1 -1.94659E1 -1.4704E1 -2.04633E1 -1.99163E1 -2.29408E1 -2.67696E1 -2.44852E1 -1.79537E1 -1.63771E1 -2.46461E1 -2.25225E1 -2.24903E1 -2.59331E1 -2.31017E1 -2.22008E1 -2.35199E1 -2.95367E1 -3.17889E1 -2.34878E1 -2.18147E1 -2.2973E1 -2.1879E1 -1.72458E1 -1.71815E1 -1.60232E1
8.80327E0 1.16579E1 1.10191E1 9.76145E0 1.13385E1 1.13584E1 1.12386E1 6.88691E0 4.91067E0 4.29185E0 4.57131E0 4.43158E0 1.59697E-1 -2.25225E0 -4.53668E0 -1.01673E1 -9.00901E0 -7.40026E0 -4.69755E0 5.98862E-2 3.39355E-1 7.38597E-1 7.58559E-1 7.58559E-1 8.58369E-1 9.38217E-1 7.78521E-1 4.19204E-1 1.79659E-1 -2.48619E1 -3.37017E1 -2.35843E1 -2.07207E1 -1.89511E1 -1.95946E1 -1.64414E1 -2.0045E1 -2.33912E1 -2.20721E1 -2.1686E1 -1.77606E1 -2.0592E1 -1.92085E1 -2.1879E1 -2.00772E1 -2.05598E1 -2.37773E1 -2.22008E1 -2.64479E1 -2.14286E1 -1.92728E1 -1.7471E1 -2.50644E1 -3.09392E1 -3.09392E1 -2.61261E1 -2.89254E1 -1.86937E1 -2.33591E1 -2.79279E1 -2.78636E1 -2.7574E1 -2.50322E1 -1.92728E1 -2.31017E1 -1.8018E1 -1.79537E1 -1.50579E1
1.26759E1 1.06797E1 7.86506E0 9.14263E0 9.70157E0 8.22437E0 6.76714E0 6.72722E0 3.77283E0 4.41162E0 3.87264E0 4.212E0 3.99241E-2 -3.95753E0 -4.34363E0 -8.26898E0 -5.92021E0 -4.31145E0 -8.81596E0 -1.4157E0 7.78521E-1 5.19014E-1 5.19014E-1 7.78521E-1 5.19014E-1 7.78521E-1 5.19014E-1 3.99241E-1 -9.94475E0 -2.1547E1 -3.25967E1 -2.69305E1 -2.0399E1 -1.53475E1 -2.02059E1 -2.13642E1 -2.03024E1 -2.1686E1 -2.0045E1 -2.03024E1 -2.28443E1 -2.22651E1 -2.11712E1 -2.07529E1 -1.76963E1 -1.39318E1 -1.91441E1 -2.1332E1 -2.14607E1 -2.4453E1 -2.51609E1 -1.87902E1 -2.42278E1 -3.14917E1 -3.20442E1 -2.50322E1 -2.73488E1 -2.38739E1 -2.92149E1 -2.64157E1 -2.40991E1 -2.56435E1 -2.8121E1 -2.19434E1 -2.07851E1 -1.89511E1 -1.90798E1 -1.60553E1
9.52191E0 8.32418E0 7.92494E0 8.02475E0 9.28236E0 8.00479E0 6.82703E0 4.69109E0 3.13405E0 2.25571E0 2.01617E0 3.15401E0 2.39545E-1 -1.22265E0 -7.23938E0 -1.4157E0 -5.46976E-1 -4.1184E0 -2.574E0 3.19393E-1 7.58559E-1 3.99241E-1 4.59128E-1 3.99241E-1 5.19014E-1 5.58938E-1 6.58748E-1 3.99241E-1 1.19772E-1 1.19772E-1 -3.9779E1 -2.46139E1 -2.1139E1 -1.48005E1 -2.03668E1 -2.31338E1 -2.20721E1 -1.87259E1 -1.76641E1 -1.96268E1 -2.24582E1 -2.40669E1 -2.34878E1 -2.20399E1 -1.48327E1 -2.3166E1 -2.3166E1 -2.39382E1 -2.58687E1 -2.31982E1 -2.32625E1 -2.04311E1 -2.58044E1 -2.46461E1 -3.25967E1 -2.78314E1 -2.9408E1 -2.69305E1 -2.34556E1 -2.66088E1 -2.30051E1 -2.44852E1 -2.34556E1 -2.54505E1 -2.18468E1 -1.99485E1 -1.77606E1 -1.97555E1
1.38337E1 9.94111E0 6.88691E0 6.88691E0 7.14642E0 7.64547E0 7.92494E0 5.64927E0 2.7348E0 2.25571E0 1.41731E0 8.98293E-1 6.98673E-1 -7.72201E-1 -4.27928E0 -9.65251E-1 5.98862E-2 -4.92278E0 7.38597E-1 7.38597E-1 3.19393E-1 -8.28729E0 -8.28729E0 -4.97238E0 2.99431E-1 2.59507E-1 1.23765E0 5.58938E-1 1.19772E-1 1.19772E-1 -3.9779E1 -3.9779E1 -1.83398E1 -1.87902E1 -2.10425E1 -2.34234E1 -1.99163E1 -1.92085E1 -1.62484E1 -1.84041E1 -2.19112E1 -2.22651E1 -2.38095E1 -1.96911E1 -2.45174E1 -2.21042E1 -2.56757E1 -2.46461E1 -2.65122E1 -2.4453E1 -2.42278E1 -2.0592E1 -1.74389E1 -2.74453E1 -2.10425E1 -2.2426E1 -2.56113E1 -2.47748E1 -1.97555E1 -2.90862E1 -2.60618E1 -2.39704E1 -2.11068E1 -2.37773E1 -2.17503E1 -1.60875E1 -1.87902E1 -2.01737E1
1.52111E1 1.1578E1 7.64547E0 6.40782E0 3.77283E0 5.09033E0 5.09033E0 5.76904E0 3.59317E-1 -3.2175E-1 -2.574E-1 1.99621E-2 2.79469E-1 8.18445E-1 2.79469E-1 2.99431E-1 8.38407E-1 7.38597E-1 7.58559E-1 7.38597E-1 2.99431E-1 2.59507E-1 2.59507E-1 3.19393E-1 3.99241E-1 3.19393E-1 6.98673E-1 5.58938E-1 1.19772E-1 -8.83978E0 -3.9779E1 -2.14286E1 -2.5E1 -1.94659E1 -1.96268E1 -2.11712E1 -1.84363E1 -2.16216E1 -1.60232E1 -1.87259E1 -1.94015E1 -2.15573E1 -2.15573E1 -2.31338E1 -1.78893E1 -2.67375E1 -2.42278E1 -2.22329E1 -2.35843E1 -2.47426E1 -2.6287E1 -1.96268E1 -2.53218E1 -3.27542E1 -3.55212E1 -2.88932E1 -2.17503E1 -2.31338E1 -2.53861E1 -2.03024E1 -2.32625E1 -1.83076E1 -1.4897E1 -2.16538E1 -2.08172E1 -1.80824E1 -2.16538E1 -2.02059E1
1.33946E1 7.9449E0 3.79279E0 2.35552E0 3.17397E0 5.52949E0 4.29185E0 2.17587E0 2.99431E-1 5.98862E-2 -3.2175E-2 -3.861E-1 1.3175E0 5.58938E-1 2.53518E0 1.19772E0 7.38597E-1 7.38597E-1 7.38597E-1 9.38217E-1 7.58559E-1 7.58559E-1 8.58369E-1 1.07795E0 2.4753E0 1.63689E0 1.19772E0 3.99241E-1 2.79469E-1 -5.08365E0 -7.85071E0 -1.92407E1 -2.31338E1 -1.76319E1 -1.89511E1 -1.95624E1 -1.76963E1 -2.12355E1 -1.99807E1 -1.77284E1 -1.96589E1 -2.28443E1 -2.38739E1 -2.17503E1 -2.17503E1 -2.03024E1 -2.63192E1 -2.04311E1 -2.34234E1 -2.09459E1 -2.77992E1 -2.96976E1 -3.96075E1 -3.48066E1 -2.94402E1 -2.77671E1 -2.57079E1 -2.61905E1 -2.65444E1 -1.6538E1 -2.98584E1 -2.71236E1 -2.17503E1 -2.59653E1 -1.84685E1 -1.8018E1 -1.73745E1 -1.67954E1
1.19174E1 8.72343E0 3.69298E0 1.55704E0 1.23765E0 2.11598E0 2.79469E0 8.78331E-1 3.53329E0 5.74908E0 6.72722E0 6.24813E0 4.29185E0 3.81276E0 5.64927E0 7.18635E-1 9.38217E-1 1.07795E0 9.78142E-1 9.38217E-1 9.38217E-1 3.99241E-1 1.01807E0 1.11788E0 8.58369E-1 7.18635E-1 7.18635E-1 7.38597E-1 7.58559E-1 1.39735E-1 -9.52381E0 -2.02059E1 -1.98198E1 -2.0592E1 -1.88546E1 -1.94659E1 -2.06564E1 -2.01737E1 -1.81789E1 -1.56371E1 -2.14286E1 -2.08172E1 -2.10746E1 -2.30373E1 -2.50322E1 -2.38417E1 -2.64479E1 -2.09138E1 -2.32625E1 -2.28121E1 -2.27156E1 -2.426E1 -3.18533E1 -3.53591E1 -2.80245E1 -2.72201E1 -2.48713E1 -2.45174E1 -2.22651E1 -1.96911E1 -2.47426E1 -2.78314E1 -2.28121E1 -1.92728E1 -2.02381E1 -1.94981E1 -2.22008E1 -2.12677E1
7.22627E0 3.59317E0 1.77662E0 5.98862E-2 5.98862E-2 2.39545E-1 2.8945E0 3.61314E0 7.9449E0 1.07596E1 1.16978E1 9.02286E0 7.6854E0 7.6854E0 1.15181E1 1.19772E0 7.18635E-1 7.38597E-1 4.59128E-1 4.59128E-1 4.59128E-1 6.98673E-1 9.78142E-1 1.07795E0 4.65116E0 4.59128E0 1.63689E0 2.71484E0 3.99241E-2 -4.6332E0 -1.12934E1 -1.4897E1 -2.13964E1 -1.66345E1 -1.77284E1 -1.76319E1 -1.75676E1 -2.15573E1 -2.1686E1 -2.21364E1 -2.49356E1 -2.14607E1 -2.24903E1 -2.33269E1 -2.19434E1 -2.09781E1 -2.33591E1 -2.09138E1 -2.40991E1 -2.47748E1 -1.77284E1 -1.89189E1 -2.52896E1 -2.65766E1 -2.19755E1 -2.48069E1 -2.96332E1 -2.5E1 -2.50644E1 -2.43565E1 -3.06306E1 -3.05341E1 -2.98263E1 -2.63514E1 -2.07851E1 -2.02059E1 -2.02703E1 -2.10746E1
7.366E0 2.01617E0 -2.22008E0 -6.33848E0 -4.44015E0 2.99431E-1 1.85647E0 4.69109E0 8.46392E0 1.23166E1 1.39934E1 1.10191E1 1.08793E1 1.44126E1 9.02286E0 8.92305E0 1.19772E0 1.19772E0 1.17776E0 1.07795E0 9.38217E-1 1.11788E0 1.05E1 1.02206E1 5.64927E0 3.41351E0 3.17397E0 1.87643E0 5.98862E-2 -6.82111E0 -8.39768E0 -8.55856E0 -1.8018E1 -1.65058E1 -1.42535E1 -1.65058E1 -1.72458E1 -2.09781E1 -1.69241E1 -2.05598E1 -2.27799E1 -2.14929E1 -2.28443E1 -2.34556E1 -1.84363E1 -1.63127E1 -1.87902E1 -1.95302E1 -2.41634E1 -2.53218E1 -1.98842E1 -1.85006E1 -1.92085E1 -2.48391E1 -2.10746E1 -2.16538E1 -2.3906E1 -3.22716E1 -3.15315E1 -2.72844E1 -3.24968E1 -2.74775E1 -2.41634E1 -2.61261E1 -2.34556E1 -1.81789E1 -2.3166E1 -2.37452E1
-9999 -9999 1.99621E-2 -3.57143E0 -4.69755E0 9.98104E-2 3.39355E-1 2.91446E0 5.52949E0 7.9449E0 1.1558E1 1.20172E1 1.24364E1 1.47719E1 8.08464E0 1.05599E1 1.43727E1 1.4752E1 1.13385E1 1.12786E1 7.90498E0 8.98293E0 9.08274E0 8.56373E0 7.02665E0 3.23386E0 3.69298E0 2.17587E0 -2.89575E-1 -1.30631E1 -1.49292E1 -1.52188E1 -1.85972E1 -1.42214E1 -2.21686E1 -2.16216E1 -1.77284E1 -1.98198E1 -2.02059E1 -2.30695E1 -2.33269E1 -2.32625E1 -2.55792E1 -2.07529E1 -2.25225E1 -1.66988E1 -2.25547E1 -2.12999E1 -2.38417E1 -2.67696E1 -2.21364E1 -1.90154E1 -2.38417E1 -2.38417E1 -2.15894E1 -2.1139E1 -2.3166E1 -2.72523E1 -2.94402E1 -3.29151E1 -2.95367E1 -3.1242E1 -2.34234E1 -3.75691E1 -2.52574E1 -2.44852E1 -2.53218E1 -2.89897E1
-9999 -9999 -9999 -9999 -9999 -9999 -9999 -9999 1.01807E0 5.11029E0 9.18255E0 1.33946E1 1.87643E1 2.31161E1 1.77263E1 1.63489E1 1.6329E1 1.17776E1 8.38407E0 8.90308E0 6.24813E0 4.73101E0 6.02855E0 4.212E0 2.83461E0 2.01617E0 1.45723E0 -3.53925E-1 -7.17503E0 -1.75676E1 -1.55084E1 -2.41313E1 -2.23295E1 -1.85006E1 -1.96589E1 -1.81467E1 -1.62806E1 -2.08494E1 -2.33269E1 -2.54505E1 -2.16538E1 -2.45174E1 -2.16538E1 -2.34878E1 -1.93694E1 -2.19755E1 -2.24903E1 -2.04955E1 -2.30051E1 -2.35843E1 -2.18468E1 -2.20399E1 -3.39447E1 -2.35199E1 -2.4453E1 -2.15894E1 -2.83784E1 -2.76384E1 -2.76384E1 -2.82819E1 -3.1242E1 -2.61905E1 -2.96976E1 -3.04054E1 -2.63835E1 -2.02059E1 -1.60875E1 -1.37387E1
-9999 -9999 -9999 -9999 -9999 -9999 -9999 -9999 -9999 -9999 7.32608E0 1.12985E1 1.48518E1 1.13584E1 1.52111E1 1.16579E1 1.20771E1 1.03004E1 9.02286E0 8.6835E0 6.46771E0 5.64927E0 4.55135E0 3.0542E0 1.99621E0 1.3175E0 -2.574E-1 -3.44273E0 -7.49678E0 -1.20656E1 -1.75997E1 -2.13964E1 -2.12999E1 -1.5444E1 -1.70849E1 -1.64736E1 -1.77606E1 -1.93694E1 -2.26834E1 -2.36486E1 -1.6184E1 -2.69949E1 -2.47748E1 -2.27799E1 -1.46718E1 -2.26834E1 -2.38417E1 -2.72201E1 -2.02703E1 -2.70914E1 -2.59974E1 -2.34878E1 -2.35843E1 -2.574E1 -2.21042E1 -2.01094E1 -2.53218E1 -2.87001E1 -2.70592E1 -3.23359E1 -2.68662E1 -2.92149E1 -3.1435E1 -2.59009E1 -2.87001E1 -2.32947E1 -1.96268E1 -1.38031E1
-9999 -9999 -9999 -9999 -9999 -9999 -9999 -9999 -9999 -9999 -9999 6.02855E0 6.86695E0 6.54756E0 6.02855E0 6.88691E0 7.366E0 6.02855E0 5.74908E0 3.15401E0 2.99431E0 3.49336E0 7.78521E-1 3.19393E-1 7.38597E-1 7.38597E-1 -3.0888E0 -5.01931E0 -1.25483E1 -1.79537E1 -1.73745E1 -1.56371E1 -1.89189E1 -1.41248E1 -1.66345E1 -1.97233E1 -2.08494E1 -1.97876E1 -2.04633E1 -2.27156E1 -1.83719E1 -2.36808E1 -2.58366E1 -2.40026E1 -1.54762E1 -1.97555E1 -2.65122E1 -2.574E1 -2.44208E1 -2.51609E1 -2.54505E1 -2.72523E1 -3.0888E1 -3.2175E1 -2.79601E1 -2.87001E1 -2.65766E1 -2.51609E1 -2.97941E1 -2.77671E1 -1.84685E1 -2.49356E1 -2.6287E1 -2.26512E1 -2.28443E1 -2.58366E1 -1.79858E1 -1.6538E1
-9999 -9999 -9999 -9999 -9999 -9999 -9999 -9999 -9999 -9999 -9999 -9999 4.07226E0 4.59128E0 1.51712E0 1.51712E0 8.58369E-1 4.95059E0 5.01048E0 4.19204E0 3.23386E0 4.19204E-1 7.38597E-1 1.61693E0 8.98293E-1 -3.18533E0 -1.03604E1 -1.00386E1 -1.54762E1 -1.56692E1 -1.74389E1 -1.68597E1 -1.94015E1 -1.83398E1 -2.11068E1 -1.7278E1 -2.5547E1 -2.37452E1 -2.35521E1 -2.27799E1 -2.12033E1 -2.47748E1 -2.06242E1 -2.1686E1 -2.2426E1 -1.61197E1 -1.86293E1 -2.40991E1 -2.27156E1 -2.51609E1 -2.36808E1 -2.53218E1 -2.87001E1 -3.16924E1 -3.57465E1 -3.5103E1 -3.22394E1 -3.48456E1 -2.93436E1 -2.91506E1 -2.90862E1 -3.17246E1 -2.71557E1 -2.88288E1 -2.59331E1 -2.74453E1 -2.27477E1 -2.15894E1
-9999 -9999 -9999 -9999 -9999 -9999 -9999 -9999 -9999 -9999 -9999 -9999 -9999 3.17397E0 1.63689E0 4.91067E0 7.58559E-1 7.38597E-1 7.58559E-1 6.90688E0 4.25192E0 7.78521E-1 1.19772E0 1.39735E0 1.21769E0 -6.82111E0 -1.19691E1 -1.26448E1 -1.91763E1 -1.96589E1 -1.90798E1 -1.6184E1 -1.75032E1 -1.74389E1 -2.41956E1 -2.28443E1 -2.65122E1 -2.73488E1 -2.47748E1 -2.07851E1 -2.24582E1 -2.35843E1 -2.35199E1 -2.42278E1 -2.48391E1 -1.87902E1 -1.79215E1 -1.70206E1 -2.25547E1 -2.34556E1 -2.34556E1 -3.1242E1 -3.26898E1 -3.75804E1 -3.60039E1 -3.57143E1 -3.53604E1 -4.03315E1 -3.42664E1 -2.60296E1 -3.03732E1 -3.9779E1 -3.9779E1 -2.47426E1 -2.14286E1 -2.88932E1 -2.57079E1 -2.6834E1
-9999 -9999 -9999 -9999 -9999 -9999 -9999 -9999 -9999 -9999 -9999 -9999 -9999 -9999 6.10839E0 4.65116E0 5.64927E0 5.82893E0 5.64927E0 1.23765E0 7.58559E-1 7.58559E-1 1.87643E0 6.7871E-1 8.18445E-1 -9.16988E0 -9.49163E0 -1.5991E1 -1.66023E1 -1.94659E1 -1.66023E1 -1.64093E1 -2.19434E1 -2.16216E1 -2.3906E1 -2.02703E1 -2.54183E1 -2.65444E1 -2.46461E1 -2.5547E1 -2.44208E1 -2.37773E1 -2.31338E1 -2.15894E1 -2.07529E1 -1.90798E1 -2.49356E1 -2.25225E1 -2.41956E1 -3.29472E1 -3.16924E1 -3.48134E1 -3.58752E1 -3.59395E1 -3.9157E1 -3.17889E1 -2.35521E1 -2.91506E1 -3.04054E1 -2.574E1 -2.72201E1 -3.54247E1 -3.27542E1 -2.55148E1 -2.21042E1 -2.92471E1 -2.34878E1 -2.19755E1
-9999 -9999 -9999 -9999 -9999 -9999 -9999 -9999 -9999 -9999 -9999 -9999 -9999 -9999 9.12267E0 7.82513E0 6.40782E0 4.75097E0 3.69298E0 2.63499E0 2.99431E-1 3.39355E-1 7.18635E-1 -4.60103E0 -8.81596E0 -9.33076E0 -1.78571E1 -1.6538E1 -1.70528E1 -1.60553E1 -1.46396E1 -1.2677E1 -1.8565E1 -1.68919E1 -2.11712E1 -2.22008E1 -2.83462E1 -2.52574E1 -2.81532E1 -2.63514E1 -2.58044E1 -2.63835E1 -1.87902E1 -2.1332E1 -1.87902E1 -2.13964E1 -2.35843E1 -2.49678E1 -2.51287E1 -3.58752E1 -3.23037E1 -3.94144E1 -4.04762E1 -4.12806E1 -4.15701E1 -3.63256E1 -4.03315E1 -3.71943E1 -3.4009E1 -4.03315E1 -4.03315E1 -2.95367E1 -2.77992E1 -3.02124E1 -2.34878E1 -3.20463E1 -2.76705E1 -2.48069E1
-9999 -9999 -9999 -9999 -9999 -9999 -9999 -9999 -9999 -9999 -9999 -9999 -9999 -9999 -9999 4.89071E0 4.0523E0 2.35552E0 1.39735E-1 2.79469E-1 -4.72973E0 -7.62548E0 -3.31403E0 -1.11647E1 -1.59266E1 -2.08494E1 -2.2973E1 -1.8758E1 -2.0045E1 -1.97555E1 -1.82111E1 -1.48005E1 -1.61197E1 -1.68275E1 -2.29408E1 -2.21686E1 -2.75097E1 -3.02767E1 -2.37452E1 -2.36165E1 -2.6834E1 -2.20399E1 -2.33269E1 -2.61583E1 -1.85006E1 -1.99485E1 -2.8668E1 -2.62548E1 -3.13063E1 -3.05985E1 -3.17889E1 -2.96654E1 -3.52317E1 -4.03475E1 -4.30939E1 -4.0884E1 -4.03315E1 -4.20849E1 -4.33398E1 -4.36464E1 -4.36464E1 -3.90927E1 -3.05341E1 -2.76384E1 -2.55148E1 -3.08559E1 -3.39768E1 -2.90862E1
-9999 -9999 -9999 -9999 -9999 -9999 -9999 -9999 -9999 -9999 -9999 -9999 -9999 -9999 -9999 -9999 -4.79408E0 -1.02638E1 -8.04376E0 -1.43179E1 -1.85006E1 -2.23938E1 -1.30952E1 -1.66988E1 -1.91763E1 -2.06564E1 -2.09138E1 -2.25547E1 -2.05598E1 -1.40927E1 -1.60232E1 -1.55727E1 -1.68597E1 -1.86615E1 -2.21364E1 -2.1139E1 -2.66088E1 -2.8121E1 -2.93758E1 -2.64157E1 -2.66409E1 -2.72844E1 -2.57079E1 -2.82175E1 -2.92471E1 -2.35521E1 -2.59331E1 -2.2619E1 -3.09202E1 -2.87323E1 -3.59073E1 -3.36229E1 -3.61969E1 -3.72587E1 -4.46911E1 -6.40884E1 -4.41989E1 -4.57851E1 -4.41989E1 -4.41989E1 -2.9955E1 -3.45882E1 -3.1435E1 -2.98263E1 -3.1242E1 -3.02445E1 -2.80888E1 -2.95367E1
