ENM/Final_Models/M_0.8_F_q_Set_1_E/Gustavia_santanderiensis_7_Choco.asc
ncols         367
nrows         963
xllcorner     -78.6
yllcorner     0.65
cellsize      0.00833333333333323
NODATA_value  -9999
[rows 627 to 659 of 963, columns 148 to 221 of 367]
-9999 -9999 -9999 -9999 -9999 -9999 -9999 -9999 -9999 -9999 -9999 -9999 -9999 -9999 -9999 9.99999E-1 1E0 9.99973E-1 9.99984E-1 9.99458E-1 9.95539E-1 9.99501E-1 9.99894E-1 9.97187E-1 9.61228E-1 9.92271E-1 8.25101E-1 8.27516E-1 8.31645E-1 6.26135E-1 4.38422E-1 1.63854E-1 9.71907E-2 1.64175E-1 1.15811E-1 6.26602E-2 6.34869E-2 1.02274E-1 9.54888E-1 8.72894E-1 9.70633E-1 9.55818E-1 7.25395E-2 3.41428E-1 2.50433E-1 5.26112E-1 4.61268E-2 5.07054E-1 2.76563E-1 1.72456E-1 1.42966E-1 2.97356E-1 2.72681E-1 1.443E-1 6.90966E-3 2.62129E-3 1.57092E-3 2.90062E-3 6.37487E-3 9.98557E-3 1.4657E-2 1.9422E-2 4.37347E-2 5.44536E-3 4.1042E-3 1.48829E-2 7.96917E-3 8.07544E-3 4.72479E-3 4.6679E-3 5.77184E-3 7.48344E-3 2.44551E-3 5.68073E-4
-9999 -9999 -9999 -9999 -9999 -9999 -9999 -9999 -9999 -9999 -9999 -9999 -9999 -9999 9.99998E-1 9.99882E-1 9.99867E-1 9.99971E-1 9.99358E-1 9.9982E-1 9.97817E-1 9.99742E-1 9.99952E-1 9.86137E-1 9.84427E-1 9.79563E-1 8.7242E-1 6.22208E-1 5.1658E-1 4.47583E-1 3.09098E-1 2.0202E-1 6.14843E-2 1.24558E-1 7.94699E-2 8.12517E-2 1.79421E-1 5.39904E-1 6.33365E-1 9.2855E-1 9.56363E-1 8.88432E-1 3.07114E-1 6.13787E-1 6.49645E-1 6.44681E-1 4.74743E-1 2.6629E-1 4.01344E-1 8.51071E-2 8.01628E-2 1.15189E-1 1.27437E-1 4.35658E-2 3.75047E-2 1.12082E-3 7.2877E-4 1.79913E-3 3.93693E-3 7.68244E-3 1.01302E-2 1.26446E-2 2.29958E-2 1.36349E-2 8.20599E-3 3.67739E-3 2.58717E-3 5.28129E-3 4.24918E-3 7.02871E-3 2.35575E-3 7.19163E-3 1.65705E-3 5.09076E-4
-9999 -9999 -9999 -9999 -9999 -9999 -9999 -9999 -9999 -9999 -9999 -9999 -9999 9.99989E-1 9.99988E-1 9.99972E-1 9.99995E-1 9.94786E-1 9.98785E-1 9.98283E-1 9.99294E-1 9.99177E-1 9.99975E-1 9.98809E-1 7.54545E-1 9.06345E-1 8.24701E-1 6.11876E-1 5.48799E-1 3.10975E-1 2.99572E-1 2.63691E-1 8.08199E-2 1.37923E-1 9.08176E-2 3.87308E-1 6.26941E-1 5.74439E-1 6.58239E-1 9.79249E-1 9.72341E-1 7.94042E-1 4.29805E-1 5.5164E-1 5.60938E-1 4.4696E-1 3.34568E-1 3.24008E-1 1.3533E-1 1.66176E-1 2.71339E-2 2.77761E-2 1.49579E-2 3.25848E-3 3.14617E-3 1.90147E-2 1.82724E-3 7.28684E-4 6.75203E-4 9.556E-4 7.04299E-3 7.04907E-3 2.36132E-2 1.03656E-2 5.32149E-3 6.36621E-3 2.7721E-3 2.50467E-3 3.72518E-3 4.78198E-3 6.45692E-3 1.68273E-3 6.5405E-4 1.69912E-4
-9999 -9999 -9999 -9999 -9999 -9999 -9999 -9999 -9999 -9999 -9999 -9999 -9999 9.99998E-1 1E0 9.99997E-1 9.97605E-1 9.98852E-1 9.99111E-1 9.92772E-1 9.99168E-1 9.99721E-1 9.99526E-1 9.9965E-1 9.84514E-1 7.00238E-1 5.51929E-1 5.70146E-1 4.27069E-1 3.21731E-1 3.19556E-1 2.29475E-1 3.71116E-1 7.72983E-1 5.8147E-1 3.398E-1 5.29031E-1 6.6371E-1 7.48044E-1 9.02434E-1 9.86967E-1 6.39817E-1 5.08507E-1 6.25212E-1 7.19603E-1 4.22384E-1 1.8239E-1 7.50253E-2 7.83084E-2 5.18664E-2 2.07363E-2 2.01824E-3 3.2219E-3 3.36505E-3 7.35221E-4 2.80947E-3 1.10193E-3 3.84856E-3 1.17348E-3 1.37334E-3 7.59494E-3 1.00851E-2 1.10049E-2 1.11116E-2 1.0381E-2 1.87607E-3 2.0337E-3 2.59149E-3 2.60996E-3 1.61069E-3 5.60169E-3 2.11218E-3 1.2798E-3 7.09377E-4
-9999 -9999 -9999 -9999 -9999 -9999 -9999 -9999 -9999 -9999 -9999 -9999 9.99971E-1 9.99996E-1 9.99636E-1 9.99189E-1 9.98814E-1 9.99944E-1 9.99888E-1 9.99778E-1 9.99671E-1 9.99061E-1 9.99646E-1 9.99177E-1 9.96738E-1 9.45749E-1 9.24545E-1 7.12435E-1 7.00165E-1 4.26099E-1 1.29211E-1 1.90317E-1 2.09204E-1 6.35291E-1 3.9302E-1 4.57879E-1 9.24972E-1 8.57613E-1 5.67998E-1 6.09764E-1 7.69333E-1 7.14976E-1 7.3756E-1 7.15737E-1 7.10563E-1 5.77259E-1 2.88067E-1 1.4266E-1 1.97424E-1 2.23312E-1 6.48117E-2 8.14369E-3 2.81042E-2 2.88048E-2 2.1731E-2 2.34836E-2 2.51479E-3 7.02418E-4 9.66702E-4 2.16075E-3 1.5356E-2 1.57613E-2 7.58732E-3 5.97968E-3 5.58321E-3 4.24197E-3 7.49484E-3 6.19067E-3 1.2303E-3 1.08668E-3 5.70147E-4 1.07514E-3 1.2115E-3 7.21764E-4
-9999 -9999 -9999 -9999 -9999 -9999 -9999 -9999 -9999 -9999 -9999 -9999 9.99999E-1 9.99994E-1 9.99999E-1 9.99995E-1 9.99939E-1 9.98104E-1 9.99934E-1 9.9976E-1 9.99911E-1 9.99848E-1 9.99261E-1 9.92956E-1 9.99444E-1 8.92947E-1 7.77342E-1 8.1605E-1 5.86916E-1 4.26518E-1 7.96181E-2 8.97758E-2 1.40704E-1 3.74058E-1 3.15621E-1 7.73045E-1 9.18473E-1 9.61145E-1 8.58678E-1 6.99402E-1 7.58549E-1 2.34054E-1 4.5606E-1 7.97091E-1 7.00765E-1 7.41831E-1 5.62216E-1 4.49501E-1 4.66217E-1 3.30754E-1 2.06274E-1 3.44884E-2 1.15907E-1 1.59816E-1 5.88319E-2 2.90521E-2 7.40908E-3 7.47854E-4 1.4944E-3 5.74128E-3 3.3483E-2 1.35934E-2 1.01124E-2 1.10408E-2 7.81987E-3 8.29899E-3 1.15749E-2 1.63287E-2 5.1126E-3 7.28199E-3 2.63372E-3 3.84597E-3 1.89309E-3 6.55486E-4
-9999 -9999 -9999 -9999 -9999 -9999 -9999 -9999 -9999 -9999 -9999 9.99995E-1 9.99999E-1 9.99997E-1 1E0 9.99997E-1 9.99997E-1 9.99152E-1 9.99931E-1 9.99876E-1 9.99745E-1 9.98573E-1 9.99848E-1 9.9988E-1 9.99573E-1 9.8562E-1 7.72889E-1 8.72839E-1 7.93129E-1 3.96309E-1 1.05066E-1 1.40092E-1 1.3405E-1 4.58248E-1 5.73628E-1 4.78892E-1 8.10045E-1 8.38212E-1 9.74889E-1 9.12974E-1 7.87443E-1 1.22521E-1 1.23294E-1 5.18978E-1 5.26064E-1 5.08209E-1 2.88374E-1 2.42668E-1 1.02045E-1 2.52923E-1 2.48739E-1 2.00334E-1 1.53903E-1 7.7498E-2 6.89393E-3 3.27108E-2 1.45218E-2 1.03236E-3 7.97234E-4 2.94722E-3 8.44262E-3 1.2501E-2 1.11795E-2 5.75877E-3 7.49798E-3 2.77318E-3 5.73318E-3 3.76323E-3 6.3452E-3 1.77812E-3 -9999 -9999 1.44112E-3 3.87517E-4
-9999 -9999 -9999 -9999 -9999 -9999 -9999 -9999 -9999 -9999 -9999 9.99986E-1 9.99999E-1 9.99996E-1 9.99999E-1 1E0 9.99994E-1 9.99943E-1 9.99996E-1 9.9983E-1 9.98877E-1 9.98685E-1 9.99713E-1 9.99135E-1 9.99779E-1 9.92918E-1 8.19527E-1 9.85714E-1 9.50936E-1 6.43716E-1 9.25149E-2 1.2482E-1 1.81805E-1 2.06524E-1 5.76981E-1 4.00972E-1 7.86361E-1 8.74876E-1 6.32891E-1 7.90245E-1 6.9623E-1 4.35979E-2 1.44998E-1 5.45042E-1 6.88502E-1 7.28292E-1 5.06352E-1 3.23925E-1 1.50618E-1 1.64272E-1 1.66649E-1 1.41046E-1 1.18209E-1 1.21751E-2 3.06711E-3 4.03833E-3 5.96693E-3 9.69068E-4 3.55855E-4 7.69205E-4 1.09851E-3 4.44167E-3 4.83922E-3 1.46626E-2 7.79421E-3 2.75202E-3 1.06099E-3 6.48843E-4 4.06564E-3 -9999 -9999 -9999 2.68727E-4 2.40043E-4
-9999 -9999 -9999 -9999 -9999 -9999 -9999 -9999 -9999 -9999 -9999 1E0 9.99999E-1 9.99987E-1 9.99996E-1 9.99975E-1 9.99997E-1 9.99903E-1 9.99988E-1 9.99952E-1 9.9849E-1 9.99868E-1 9.92156E-1 9.87114E-1 9.94719E-1 9.09491E-1 4.24915E-1 8.70581E-1 7.4496E-1 3.35957E-1 2.47441E-1 1.03082E-1 5.9181E-2 4.78761E-1 7.9729E-1 9.78257E-1 9.31337E-1 8.72859E-1 7.42675E-1 5.2291E-1 6.44435E-1 5.95758E-1 7.33441E-1 6.71182E-1 5.48144E-1 5.12427E-1 3.11581E-1 3.74679E-1 3.23385E-1 8.82778E-2 8.8772E-2 2.99064E-2 6.63745E-3 4.39212E-3 1.16508E-2 3.62133E-3 1.10714E-3 8.58283E-4 2.83571E-4 3.4221E-4 2.67094E-4 9.55714E-4 2.95606E-3 2.29435E-3 6.38287E-3 1.67572E-3 1.61507E-4 1.08832E-4 -9999 -9999 -9999 -9999 7.83424E-5 6.89443E-5
-9999 -9999 -9999 -9999 -9999 -9999 -9999 -9999 -9999 -9999 1E0 1E0 1E0 1E0 9.99856E-1 9.99492E-1 9.9961E-1 9.99936E-1 9.99319E-1 1E0 9.99826E-1 9.99078E-1 9.93899E-1 9.98766E-1 9.89012E-1 8.15064E-1 6.72775E-1 5.36278E-1 3.53456E-1 4.69373E-1 2.34461E-1 2.75845E-1 1.2204E-1 8.57539E-2 7.82546E-2 3.62033E-1 7.80454E-1 9.20775E-1 6.85155E-1 5.38055E-1 3.97447E-1 5.02112E-1 5.23909E-1 7.52527E-1 6.01355E-1 3.09679E-1 1.64805E-1 2.75966E-1 3.93149E-1 3.36002E-1 3.22932E-1 9.24219E-2 5.68446E-3 6.85287E-3 3.70597E-2 1.00685E-2 2.56923E-3 9.80197E-4 2.60734E-4 2.87304E-4 2.83989E-4 5.87405E-4 3.12871E-3 5.88317E-4 2.01285E-3 2.01803E-3 2.78106E-4 2.45417E-4 -9999 -9999 -9999 2.81416E-5 2.4028E-5 5.68877E-5
-9999 -9999 -9999 -9999 -9999 -9999 -9999 -9999 -9999 9.99999E-1 1E0 1E0 9.99959E-1 1E0 9.99974E-1 9.99944E-1 9.99853E-1 9.99949E-1 9.99871E-1 9.98E-1 9.98514E-1 9.99819E-1 9.99714E-1 9.99374E-1 9.97413E-1 6.62657E-1 6.38121E-1 4.68482E-1 3.37523E-1 1.49415E-1 1.94035E-1 1.69427E-1 1.49452E-1 9.43751E-2 2.40208E-1 1.29287E-1 3.27158E-1 7.11595E-2 3.57685E-1 5.39741E-1 5.99836E-1 2.18918E-1 3.88765E-1 5.78551E-1 7.14033E-1 6.4933E-1 4.32061E-1 4.79396E-1 4.31624E-1 2.90543E-1 3.80912E-1 2.35946E-1 1.75611E-1 3.5702E-2 3.2496E-2 1.09346E-2 7.22151E-3 4.53356E-3 1.99967E-3 2.57604E-4 6.64815E-5 3.08803E-4 6.60013E-4 6.58886E-4 9.97164E-4 1.44463E-3 2.07114E-4 -9999 -9999 -9999 1.03751E-5 3.16934E-6 3.42135E-6 2.34073E-5
-9999 -9999 -9999 -9999 -9999 -9999 -9999 -9999 -9999 9.99999E-1 1E0 1E0 9.99954E-1 1E0 9.99989E-1 9.99816E-1 9.99913E-1 9.99976E-1 9.99595E-1 9.9992E-1 9.99997E-1 9.88586E-1 9.78889E-1 9.4349E-1 8.57913E-1 2.8597E-1 1.54055E-1 7.8499E-2 1.29602E-1 2.909E-1 1.8102E-1 1.72868E-1 2.05186E-1 6.01436E-1 4.78181E-1 4.86628E-1 7.91151E-1 7.91156E-1 4.64877E-1 3.50711E-1 4.09887E-1 1.36082E-1 5.78642E-1 6.11772E-1 6.57264E-1 3.66621E-1 3.1551E-1 4.85642E-1 3.36195E-1 1.82184E-1 2.8109E-1 2.27493E-1 1.52034E-1 9.69907E-2 1.23246E-1 3.4003E-2 4.77708E-2 2.19261E-2 3.64496E-3 6.63582E-4 1.50943E-4 7.31544E-5 3.35175E-4 2.27933E-4 4.85077E-4 2.55909E-4 -9999 -9999 -9999 -9999 1.36951E-5 7.26149E-6 5.36209E-6 6.42017E-6
-9999 -9999 -9999 -9999 -9999 -9999 -9999 -9999 1E0 1E0 1E0 9.99999E-1 1E0 9.99976E-1 9.99997E-1 9.99994E-1 9.99897E-1 9.99776E-1 9.99327E-1 9.9996E-1 9.99998E-1 9.99456E-1 9.98919E-1 6.74516E-1 5.45812E-1 2.18883E-1 2.45421E-1 3.44913E-1 2.51151E-1 3.30512E-1 6.02699E-1 3.43989E-1 3.6557E-1 2.67899E-1 8.36636E-1 8.40478E-1 6.66319E-1 8.62439E-1 4.37872E-1 2.48551E-1 1.26945E-1 6.62013E-2 1.6236E-1 6.03355E-1 3.30896E-1 4.40099E-1 1.92975E-1 1.98534E-1 2.67758E-1 1.60699E-1 1.38007E-1 6.75592E-2 2.56295E-2 2.99849E-2 2.72479E-2 1.5462E-2 1.58465E-2 6.33966E-3 4.7668E-3 2.57469E-4 6.25827E-5 5.574E-5 1.37155E-4 6.55136E-5 1.63521E-4 4.53805E-5 -9999 -9999 -9999 -9999 8.73809E-6 5.81158E-6 1.56265E-5 2.74311E-5
-9999 -9999 -9999 -9999 -9999 -9999 -9999 9.99997E-1 1E0 1E0 1E0 9.99999E-1 9.99999E-1 1E0 1E0 9.99949E-1 9.99753E-1 9.95595E-1 9.96171E-1 9.95597E-1 9.99938E-1 9.99426E-1 9.95252E-1 7.36283E-1 5.53005E-1 5.90838E-1 4.24968E-1 5.95327E-1 1.84488E-1 1.90743E-1 2.11258E-1 4.55628E-1 8.24807E-1 9.55616E-1 9.99094E-1 9.61759E-1 7.80339E-1 7.07327E-1 3.81269E-1 2.30196E-2 1.31429E-2 1.87585E-2 6.93592E-2 1.65345E-1 1.2393E-1 1.65799E-1 3.21025E-1 2.30886E-1 1.22655E-1 5.82408E-2 1.32427E-2 9.16885E-3 3.3075E-3 1.60889E-3 1.86104E-3 7.3556E-3 8.56888E-3 1.87276E-3 1.19638E-3 2.52757E-4 5.92448E-5 3.15393E-5 6.31121E-5 1.75749E-5 5.90104E-5 -9999 -9999 -9999 -9999 -9999 2.151E-5 1.0828E-5 1.27142E-5 1.70612E-5
-9999 -9999 -9999 -9999 -9999 -9999 -9999 1E0 1E0 1E0 9.99996E-1 9.99998E-1 9.99999E-1 9.99935E-1 9.9998E-1 9.99609E-1 9.95958E-1 9.99641E-1 9.97907E-1 9.97264E-1 9.94252E-1 9.69131E-1 9.60394E-1 7.10171E-1 4.78337E-1 6.32541E-1 6.91725E-1 6.23419E-1 5.10342E-1 3.37306E-1 3.03849E-1 4.05607E-1 9.7201E-1 7.78072E-1 9.37996E-1 9.75293E-1 7.93849E-1 3.99419E-1 2.77236E-1 1.96283E-2 6.60303E-3 2.26864E-3 2.13396E-3 7.5462E-3 6.7543E-3 5.80362E-2 2.62315E-1 1.46702E-1 2.58311E-2 7.53946E-3 2.32239E-3 9.61549E-4 1.47306E-4 6.31826E-4 2.523E-4 1.89884E-3 1.01691E-3 2.40957E-4 3.38394E-4 3.56348E-4 1.14214E-4 6.58327E-5 3.76595E-5 1.67404E-5 4.08269E-5 -9999 -9999 -9999 -9999 -9999 3.71967E-5 4.42312E-5 2.5135E-5 7.80276E-6
-9999 -9999 -9999 -9999 -9999 -9999 1E0 1E0 1E0 9.99999E-1 1E0 1E0 9.99996E-1 9.9999E-1 9.99857E-1 9.97884E-1 9.98072E-1 9.99017E-1 9.99953E-1 9.97902E-1 9.89473E-1 9.99914E-1 9.95029E-1 6.69964E-1 6.56157E-1 5.43334E-1 5.5704E-1 6.94808E-1 4.83186E-1 5.70803E-1 7.65584E-1 6.80601E-1 9.17981E-1 8.77892E-1 9.57425E-1 9.87724E-1 8.34072E-1 4.29361E-1 4.76576E-1 4.74527E-1 5.33241E-2 5.33503E-3 2.33887E-3 7.3766E-3 5.55837E-3 6.65343E-3 2.92489E-2 2.17117E-2 3.82285E-3 2.73353E-3 4.3964E-4 3.13882E-4 1.0665E-4 5.20476E-5 2.10449E-4 8.10558E-4 1.81019E-4 1.04938E-4 8.59861E-5 8.64076E-5 3.91187E-5 2.90736E-5 2.38486E-5 2.22541E-5 -9999 -9999 -9999 -9999 -9999 -9999 2.21917E-5 7.47757E-6 9.91172E-6 1.0406E-5
-9999 -9999 -9999 -9999 -9999 -9999 1E0 1E0 1E0 1E0 1E0 1E0 9.9997E-1 9.99975E-1 9.98011E-1 9.9999E-1 9.99363E-1 9.99641E-1 9.99008E-1 9.96375E-1 9.03375E-1 9.62822E-1 9.61567E-1 8.31828E-1 2.62083E-1 2.01042E-1 3.23432E-1 6.56643E-1 9.6972E-1 9.83904E-1 9.11444E-1 7.13192E-1 9.43454E-1 9.73872E-1 9.97237E-1 9.88671E-1 9.29793E-1 8.52002E-1 7.4951E-1 4.10443E-1 3.05002E-1 8.27254E-2 1.18506E-2 3.6668E-2 7.81073E-2 1.59023E-2 2.83335E-2 1.11934E-2 1.53575E-2 6.03389E-3 5.05558E-4 5.7031E-4 4.55739E-4 3.14545E-4 4.32187E-4 9.61731E-5 1.45384E-4 5.92621E-4 1.42005E-4 8.12582E-5 7.08289E-5 3.94519E-5 3.28688E-5 -9999 -9999 -9999 -9999 -9999 -9999 -9999 1.88521E-5 1.6609E-5 2.01627E-6 1.98102E-6
-9999 -9999 -9999 -9999 -9999 1E0 1E0 1E0 1E0 9.99999E-1 9.99991E-1 9.99999E-1 9.99935E-1 9.99969E-1 9.99999E-1 9.99968E-1 9.99607E-1 9.99805E-1 9.61537E-1 9.6374E-1 9.89783E-1 9.60523E-1 8.05987E-1 6.23244E-1 4.28041E-1 3.98728E-1 4.70858E-1 7.01432E-1 9.9369E-1 9.97749E-1 9.46238E-1 9.72231E-1 9.59014E-1 8.74907E-1 9.67543E-1 9.99282E-1 9.9772E-1 9.55106E-1 8.85875E-1 6.42171E-1 6.4073E-1 1.9921E-1 3.62195E-1 5.04903E-1 7.13992E-1 1.8184E-1 7.10039E-2 3.09533E-2 2.75453E-2 1.18758E-2 1.22107E-3 2.56751E-3 3.46918E-4 1.43805E-3 8.81834E-4 6.91503E-4 4.12142E-4 1.55061E-3 3.67953E-4 1.4282E-4 1.15058E-4 1.98984E-5 3.72509E-5 -9999 -9999 -9999 -9999 -9999 -9999 3.56891E-5 5.18207E-5 2.90556E-6 4.15854E-6 4.69363E-6
-9999 -9999 -9999 -9999 -9999 1E0 1E0 1E0 1E0 9.99998E-1 9.99995E-1 9.9999E-1 9.99992E-1 9.99988E-1 9.99999E-1 9.99685E-1 9.99502E-1 9.99803E-1 9.99962E-1 9.93537E-1 9.97097E-1 9.56192E-1 8.96177E-1 5.76807E-1 5.93622E-1 7.71028E-1 6.25197E-1 8.63496E-1 9.896E-1 9.99565E-1 9.99721E-1 9.96311E-1 9.80215E-1 7.67141E-1 7.19988E-1 9.76571E-1 9.40023E-1 9.57288E-1 9.4929E-1 9.32034E-1 9.27265E-1 6.17699E-1 8.58421E-1 5.89438E-1 2.98809E-1 3.99845E-1 1.25151E-1 3.11019E-2 1.45523E-2 3.24033E-2 6.37977E-3 3.38736E-3 5.20349E-3 1.78288E-2 1.22201E-2 5.58775E-3 4.5318E-3 1.48786E-3 7.10894E-4 2.35191E-4 8.98365E-5 9.73829E-5 1.06235E-4 -9999 -9999 -9999 -9999 -9999 3.67512E-5 3.33417E-5 1.49231E-5 6.21875E-6 1.25004E-5 1.06261E-5
-9999 -9999 -9999 -9999 1E0 1E0 1E0 1E0 1E0 9.99998E-1 1E0 9.99997E-1 9.99856E-1 9.9988E-1 9.99991E-1 9.99883E-1 9.97846E-1 9.99998E-1 9.9632E-1 9.9121E-1 9.65168E-1 7.73426E-1 7.87982E-1 6.08085E-1 8.0822E-1 7.25458E-1 5.6141E-1 8.28525E-1 9.17654E-1 9.88897E-1 9.99997E-1 9.98047E-1 9.98544E-1 8.91501E-1 7.73381E-1 8.8728E-1 9.98608E-1 9.2858E-1 8.00326E-1 7.51766E-1 8.97127E-1 6.58819E-1 7.37914E-1 4.64749E-1 3.28004E-1 1.0861E-1 1.30991E-1 3.62171E-2 8.74923E-3 2.17234E-2 1.055E-2 1.59619E-2 1.57585E-2 1.43833E-2 1.03912E-2 3.92342E-3 1.38069E-2 1.32772E-3 7.70007E-4 3.60903E-4 2.02616E-4 1.37337E-4 -9999 -9999 -9999 -9999 -9999 -9999 1.15281E-4 2.47681E-5 5.24119E-5 2.40207E-5 2.48488E-5 1.55819E-5
-9999 -9999 -9999 -9999 1E0 1E0 1E0 1E0 1E0 9.99999E-1 9.99988E-1 9.99325E-1 1E0 9.99997E-1 9.99012E-1 9.99856E-1 9.99784E-1 9.99997E-1 9.9968E-1 9.99891E-1 9.99861E-1 9.37656E-1 7.71952E-1 6.45368E-1 7.20869E-1 3.46975E-1 4.08335E-1 7.24889E-1 8.65923E-1 8.79259E-1 9.97634E-1 9.99919E-1 9.82289E-1 8.9014E-1 9.25366E-1 9.98654E-1 9.99816E-1 9.99591E-1 9.55279E-1 9.20524E-1 7.21153E-1 6.53445E-1 8.93125E-1 7.15914E-1 7.92212E-1 2.0246E-1 1.41805E-2 4.64339E-3 3.73787E-3 2.17745E-3 1.85126E-2 5.78252E-2 2.2004E-2 8.84682E-3 1.15491E-2 1.41081E-2 1.03598E-2 2.68958E-3 3.20181E-3 2.04214E-3 3.61177E-4 3.77394E-4 -9999 -9999 -9999 -9999 -9999 -9999 7.66968E-5 3.56157E-5 1.39125E-5 9.22583E-6 2.07252E-5 2.45262E-5
-9999 -9999 -9999 9.99999E-1 1E0 9.99999E-1 1E0 1E0 1E0 1E0 9.99999E-1 9.99947E-1 9.99999E-1 1E0 9.99591E-1 9.99991E-1 9.99925E-1 9.90808E-1 9.94102E-1 9.99981E-1 9.99286E-1 7.76884E-1 8.02131E-1 6.21571E-1 4.43359E-1 4.89253E-1 6.13458E-1 7.4694E-1 4.59304E-1 4.06566E-1 7.24995E-1 9.74788E-1 8.61972E-1 9.486E-1 9.99728E-1 9.9936E-1 8.97038E-1 9.63623E-1 9.85506E-1 9.99089E-1 9.90397E-1 8.03158E-1 9.5859E-1 7.00681E-1 3.86889E-1 3.98987E-2 5.37569E-2 2.56447E-2 1.20226E-3 1.13896E-3 5.00056E-3 2.83086E-3 1.81069E-3 2.51631E-3 4.64643E-3 1.45201E-2 2.29712E-2 2.4386E-2 8.98237E-3 5.24438E-3 1.35162E-3 8.61007E-4 -9999 -9999 -9999 -9999 -9999 3.66542E-4 1.03878E-4 4.56302E-5 2.4913E-5 7.40426E-6 5.33579E-6 1.28161E-5
-9999 -9999 1E0 9.99999E-1 9.99976E-1 1E0 1E0 1E0 1E0 1E0 1E0 1E0 1E0 9.99976E-1 9.99961E-1 9.99975E-1 9.99254E-1 9.98263E-1 9.99717E-1 9.95703E-1 9.88095E-1 8.3416E-1 9.56983E-1 7.17602E-1 4.70864E-1 7.76733E-1 9.7368E-1 5.72353E-1 6.35472E-1 4.23595E-1 2.29543E-1 9.34793E-1 9.43599E-1 5.78417E-1 2.5333E-1 1.72091E-1 4.10014E-1 9.92857E-1 7.25463E-1 9.3764E-1 9.7989E-1 9.37673E-1 9.40477E-1 4.93E-1 6.6193E-2 8.58739E-3 7.72744E-3 3.67785E-3 2.39291E-3 1.50677E-3 1.14085E-3 2.50664E-3 2.58342E-3 7.02355E-3 6.54396E-3 5.12494E-3 7.33746E-3 2.65616E-2 1.81966E-2 1.03812E-2 7.54273E-3 3.71241E-3 -9999 -9999 -9999 -9999 -9999 8.01187E-4 4.83128E-4 1.59655E-4 5.86712E-5 1.16519E-5 7.42634E-6 6.33994E-6
-9999 9.99973E-1 1E0 9.99999E-1 9.99997E-1 1E0 1E0 1E0 9.99996E-1 1E0 1E0 9.99871E-1 9.99977E-1 9.9998E-1 9.99686E-1 9.99988E-1 1E0 1E0 9.9987E-1 9.90217E-1 8.43896E-1 9.80756E-1 9.00176E-1 7.56409E-1 9.17193E-1 8.65323E-1 9.97967E-1 6.02442E-1 5.18424E-1 5.25128E-1 8.21544E-1 8.32144E-1 8.58188E-1 8.784E-1 9.96052E-1 9.77353E-1 8.74094E-1 8.3573E-1 4.37702E-1 5.27337E-1 6.44033E-1 6.37324E-1 7.86343E-1 2.28858E-1 2.28238E-2 1.00666E-2 5.24406E-3 6.19941E-3 2.78167E-3 3.54507E-4 2.51494E-4 1.01793E-3 5.04384E-3 1.9156E-3 5.56167E-3 2.53896E-3 6.047E-3 9.77632E-3 1.20706E-2 3.96996E-3 6.15765E-3 1.26127E-2 -9999 -9999 -9999 -9999 -9999 3.53435E-4 3.69337E-4 4.78056E-5 1.56495E-5 4.30386E-5 2.41387E-5 5.29513E-5
1E0 9.99998E-1 1E0 9.99999E-1 9.99997E-1 9.99997E-1 9.99997E-1 1E0 9.99999E-1 1E0 1E0 1E0 9.99999E-1 9.99996E-1 9.99999E-1 9.99999E-1 1E0 9.99999E-1 9.99358E-1 9.70931E-1 9.19316E-1 9.17957E-1 9.84408E-1 9.86437E-1 9.99514E-1 9.86521E-1 9.39708E-1 8.91926E-1 9.47876E-1 9.78748E-1 9.64788E-1 8.88472E-1 8.26595E-1 9.91966E-1 9.99368E-1 9.34573E-1 4.89317E-1 6.68744E-1 5.36363E-1 3.61241E-1 8.18964E-1 8.37343E-1 9.1558E-1 8.03264E-1 6.09027E-2 5.16609E-2 3.26254E-2 9.17548E-3 3.15064E-3 5.28424E-3 4.17358E-4 3.24603E-3 4.54143E-2 4.0825E-2 5.16046E-2 6.8552E-2 1.22736E-2 5.25559E-3 7.94995E-3 5.37421E-3 3.46596E-3 5.31688E-3 4.05155E-3 -9999 -9999 -9999 7.92809E-4 4.23448E-4 2.92651E-4 3.03058E-5 8.96795E-6 1.771E-5 1.53382E-5 3.63614E-5
1E0 1E0 1E0 1E0 1E0 1E0 1E0 9.99996E-1 1E0 1E0 1E0 1E0 1E0 9.99999E-1 1E0 9.99943E-1 1E0 1E0 9.99989E-1 9.86429E-1 9.77069E-1 9.63327E-1 9.89965E-1 9.93476E-1 9.71536E-1 9.92818E-1 9.27208E-1 8.27435E-1 8.51327E-1 9.35618E-1 8.04976E-1 9.95558E-1 9.98913E-1 9.96962E-1 9.756E-1 7.61877E-1 2.14427E-1 2.26532E-1 3.29259E-1 4.04731E-1 4.10327E-1 3.84563E-1 5.04436E-1 5.26295E-1 1.14051E-1 9.7451E-2 7.56247E-2 2.8051E-2 5.51767E-3 7.07148E-3 6.81275E-3 1.01694E-2 1.60998E-2 3.11513E-2 5.71131E-2 4.65411E-2 4.67838E-3 4.24962E-3 1.88838E-2 1.03331E-2 7.17607E-3 3.87458E-3 2.80837E-3 -9999 -9999 -9999 8.74662E-5 9.65916E-5 7.11276E-5 4.75799E-5 3.21162E-5 3.34545E-5 8.49551E-5 9.72575E-5
1E0 1E0 1E0 1E0 1E0 9.99996E-1 9.99997E-1 1E0 1E0 1E0 1E0 1E0 1E0 1E0 1E0 1E0 1E0 9.99988E-1 9.99993E-1 9.80085E-1 9.78353E-1 9.03395E-1 9.30234E-1 9.80001E-1 8.77675E-1 9.99339E-1 9.85205E-1 8.38067E-1 9.48945E-1 9.2483E-1 8.92313E-1 9.9755E-1 9.99646E-1 9.98658E-1 9.71347E-1 7.27085E-1 4.34937E-1 1.08379E-1 5.17241E-2 9.75839E-2 5.45516E-2 1.0045E-1 1.9967E-1 3.56719E-1 3.09167E-2 4.61023E-2 1.05186E-1 5.74922E-2 2.68424E-2 1.97602E-2 1.05659E-2 1.11955E-2 1.76499E-2 1.74448E-2 7.95046E-2 6.2442E-2 2.60146E-2 2.91615E-2 6.52097E-2 2.25141E-2 1.02911E-2 7.6938E-3 1.11694E-2 5.0273E-3 9.56687E-4 2.74596E-4 2.13869E-4 6.79601E-5 4.03693E-5 1.93944E-5 3.50041E-5 6.03504E-5 1.57496E-4 2.86705E-5
1E0 1E0 1E0 1E0 9.99997E-1 9.99999E-1 9.99997E-1 1E0 1E0 1E0 1E0 1E0 1E0 9.99947E-1 9.99999E-1 9.99996E-1 1E0 1E0 9.9996E-1 9.97409E-1 9.86603E-1 9.32335E-1 8.04312E-1 7.78261E-1 9.57831E-1 9.01349E-1 9.60302E-1 8.72783E-1 9.98379E-1 9.92768E-1 9.75659E-1 9.99079E-1 9.9345E-1 9.99859E-1 9.45282E-1 9.21857E-1 6.42783E-1 2.12859E-1 2.90772E-2 2.50267E-2 3.50806E-2 3.21089E-2 6.08861E-2 4.26254E-2 2.54607E-3 1.92095E-2 4.98662E-2 8.15219E-2 3.87273E-2 3.49164E-2 2.96214E-2 1.05127E-2 9.03229E-3 1.80088E-2 1.1841E-1 1.20656E-1 7.84645E-2 7.51299E-2 1.01598E-1 5.65029E-2 7.53172E-2 8.30384E-2 2.08335E-2 4.0866E-3 1.14878E-3 5.17464E-4 3.41608E-4 9.24841E-5 9.35456E-5 2.82358E-5 1.04363E-5 2.60089E-5 1.85305E-4 2.06513E-4
1E0 1E0 1E0 1E0 1E0 1E0 1E0 1E0 1E0 1E0 1E0 1E0 1E0 1E0 1E0 1E0 9.99982E-1 9.99967E-1 9.99999E-1 9.30906E-1 9.99118E-1 9.87617E-1 7.95911E-1 7.55009E-1 8.84822E-1 8.94899E-1 9.90639E-1 9.98279E-1 9.97492E-1 9.99061E-1 9.7716E-1 9.57919E-1 9.88619E-1 9.99897E-1 9.97953E-1 9.48412E-1 8.76711E-1 5.51854E-1 2.56409E-1 6.58457E-2 2.30576E-2 1.23726E-2 6.1916E-3 1.63286E-3 2.21065E-3 3.65489E-3 1.45226E-2 2.05964E-2 2.70663E-2 4.78331E-2 3.81502E-2 1.80665E-2 3.50664E-2 3.71585E-2 1.36504E-1 1.43069E-1 1.54609E-1 2.12817E-1 1.36467E-1 1.72036E-1 1.88696E-1 1.55915E-1 8.20188E-2 3.75199E-2 1.22948E-2 4.98091E-3 9.46765E-4 1.93409E-4 2.99075E-5 1.37896E-5 1.85948E-5 2.04308E-5 2.24329E-4 3.83031E-4
1E0 1E0 1E0 1E0 1E0 1E0 1E0 1E0 1E0 1E0 9.99995E-1 9.99999E-1 1E0 1E0 1E0 1E0 1E0 1E0 9.99556E-1 9.87521E-1 9.95776E-1 9.92772E-1 9.39129E-1 7.5797E-1 9.2592E-1 9.23607E-1 9.85857E-1 9.76705E-1 9.96852E-1 9.96232E-1 9.86635E-1 9.78765E-1 9.99315E-1 9.97745E-1 9.9968E-1 9.99052E-1 9.81672E-1 6.56049E-1 3.51076E-1 2.55348E-1 1.39768E-1 1.10794E-2 4.03056E-3 6.1955E-3 2.56546E-3 2.51609E-2 2.86329E-2 1.4486E-2 8.42097E-3 9.6872E-3 1.71778E-2 1.15263E-2 2.09778E-2 1.8896E-1 1.56449E-1 1.67245E-1 1.60926E-1 2.7829E-1 2.0585E-1 5.25218E-2 3.8418E-2 2.50647E-2 6.09452E-2 1.56177E-2 3.4859E-3 2.45351E-3 4.20875E-4 4.58655E-5 3.0174E-5 5.16154E-5 1.05367E-4 1.76164E-4 4.08175E-4 -9999
1E0 1E0 1E0 1E0 1E0 1E0 9.99999E-1 1E0 1E0 1E0 1E0 1E0 1E0 1E0 1E0 1E0 1E0 1E0 9.9992E-1 9.99816E-1 9.98219E-1 9.99988E-1 9.96058E-1 9.30607E-1 9.74533E-1 9.791E-1 9.99179E-1 9.99412E-1 9.96421E-1 9.26214E-1 8.73959E-1 9.92553E-1 9.99387E-1 9.99447E-1 9.99973E-1 9.89079E-1 7.67378E-1 4.43068E-1 5.29133E-1 4.63598E-1 4.34685E-1 1.72469E-1 1.04632E-2 2.54059E-2 8.28481E-2 2.5152E-1 1.31753E-1 4.9269E-2 3.58734E-2 1.34492E-2 1.64036E-2 4.08097E-2 3.60163E-2 1.32055E-1 2.06575E-1 1.80495E-1 1.78996E-1 1.03836E-1 6.5641E-2 8.56268E-2 2.95282E-2 4.17248E-3 1.03038E-2 5.93194E-3 2.7873E-3 6.77827E-4 8.44132E-5 1.29328E-5 1.34174E-5 2.17908E-5 1.91509E-5 4.83843E-5 3.60568E-4 -9999
1E0 1E0 1E0 1E0 1E0 1E0 1E0 1E0 1E0 1E0 1E0 1E0 1E0 1E0 1E0 1E0 1E0 1E0 9.88059E-1 9.95244E-1 9.99796E-1 9.99973E-1 9.07043E-1 6.97183E-1 7.35504E-1 9.92839E-1 9.63021E-1 9.73389E-1 9.40851E-1 8.61197E-1 8.59309E-1 9.6272E-1 9.76638E-1 1E0 1E0 9.92939E-1 9.07223E-1 5.01537E-1 8.11785E-1 8.87581E-1 6.19036E-1 6.01693E-1 5.07978E-2 1.12223E-1 3.92504E-1 3.56027E-1 1.54522E-1 6.99424E-2 5.48337E-2 6.64047E-2 1.37385E-1 2.03726E-1 8.41579E-2 1.75006E-1 1.84157E-1 1.82704E-1 1.02072E-1 4.25162E-2 2.91472E-2 3.59402E-2 1.53333E-2 3.63234E-3 2.35047E-3 3.28438E-3 2.08018E-3 1.15491E-4 9.95587E-5 9.02616E-5 5.68003E-5 1.22131E-5 6.46021E-6 1.09934E-5 -9999 -9999
1E0 1E0 1E0 1E0 1E0 1E0 1E0 1E0 1E0 1E0 1E0 1E0 1E0 1E0 1E0 1E0 1E0 1E0 9.99398E-1 9.97835E-1 9.99969E-1 9.99388E-1 9.82448E-1 8.71385E-1 8.41517E-1 9.72343E-1 9.89863E-1 8.67727E-1 8.99417E-1 7.1771E-1 7.92691E-1 9.84675E-1 9.79316E-1 9.99996E-1 1E0 9.99994E-1 9.99691E-1 8.74541E-1 9.77461E-1 9.75412E-1 9.30263E-1 9.34683E-1 2.7133E-1 4.11198E-1 7.22871E-1 3.04278E-1 8.10471E-2 5.96614E-2 5.86698E-2 1.51719E-1 4.60368E-1 4.13339E-1 1.6818E-1 1.50699E-1 2.03862E-1 1.24902E-1 9.05696E-2 3.56856E-2 6.11652E-3 3.06931E-3 3.72831E-3 2.22617E-3 4.85787E-4 1.26865E-3 8.19043E-4 3.59929E-4 2.6062E-4 5.33886E-5 1.38225E-5 2.16743E-5 2.61438E-5 2.06015E-5 -9999 -9999
