ENM/Final_Models/M_0.8_F_q_Set_1_E/Gustavia_santanderiensis_Choco_min.asc
ncols         367
nrows         963
xllcorner     -78.6
yllcorner     0.65
cellsize      0.00833333333333323
NODATA_value  -9999
[rows 510 to 539 of 963, columns 134 to 200 of 367]
-9999 -9999 -9999 -9999 -9999 -9999 -9999 -9999 -9999 -9999 -9999 -9999 -9999 -9999 -9999 -9999 -9999 -9999 -9999 -9999 -9999 -9999 4.85432E-4 1.86383E-2 1.98876E-2 2.47832E-2 3.52059E-3 2.48045E-4 2.53046E-3 3.46039E-4 1.83765E-4 1.87397E-4 1.11148E-4 3.21489E-4 8.06455E-5 2.05859E-4 1.5403E-3 1.46876E-3 2.33264E-4 2.49258E-4 5.51136E-5 1.15418E-3 1.26905E-3 1.2489E-3 2.48886E-4 2.45075E-3 1.52735E-3 1.41851E-3 2.68828E-3 5.24438E-5 1.96403E-3 2.3716E-3 2.22299E-3 4.54632E-4 7.88854E-5 3.34635E-3 3.09104E-3 2.68798E-3 -9999 1.26128E-3 3.35739E-3 3.29272E-3 3.24531E-3 2.79627E-3 2.18803E-4 1.854E-4 2.71211E-3
-9999 -9999 -9999 -9999 -9999 -9999 -9999 -9999 -9999 -9999 -9999 -9999 -9999 -9999 -9999 -9999 -9999 -9999 -9999 -9999 -9999 -9999 4.97637E-4 3.17184E-3 2.89368E-3 3.92902E-3 1.00196E-2 1.22171E-2 3.28852E-4 8.6722E-5 2.82126E-4 2.47494E-4 3.04659E-4 1.89056E-3 1.02293E-4 2.5173E-4 5.33294E-5 5.14516E-5 4.22129E-3 4.62974E-3 1.66984E-4 1.63723E-3 5.65064E-5 1.01008E-3 1.92078E-4 5.9634E-5 2.08017E-3 2.51857E-3 6.39195E-5 2.76666E-3 2.81679E-3 2.19755E-3 1.73768E-3 2.71514E-3 2.47999E-3 2.06562E-4 2.26801E-4 -9999 9.76651E-3 1.55866E-2 1.86171E-2 2.22748E-3 1.44623E-3 2.33001E-3 4.44489E-4 2.63506E-4 2.71588E-4
-9999 -9999 -9999 -9999 -9999 -9999 -9999 -9999 -9999 -9999 -9999 -9999 -9999 -9999 -9999 -9999 -9999 -9999 -9999 -9999 -9999 -9999 6.85171E-5 2.43729E-3 2.15483E-3 1.04808E-4 2.5437E-3 3.116E-3 1.22702E-2 1.38032E-2 3.29774E-4 3.07814E-4 3.07568E-3 3.6482E-4 2.20095E-4 9.08602E-5 7.04837E-4 7.67515E-4 4.19112E-3 2.1415E-4 1.7337E-4 1.94062E-4 1.05445E-3 1.08846E-3 2.59865E-4 5.58423E-5 8.12002E-5 2.34326E-3 2.67389E-3 2.8245E-3 2.4841E-3 2.5042E-3 2.7164E-3 6.7211E-4 5.31315E-5 7.05588E-5 6.975E-5 3.67964E-3 4.14138E-2 4.9697E-2 1.97768E-2 2.85294E-3 6.37269E-5 4.64488E-4 4.92344E-5 2.75895E-4 4.69154E-5
-9999 -9999 -9999 -9999 -9999 -9999 -9999 -9999 -9999 -9999 -9999 -9999 -9999 -9999 -9999 -9999 -9999 -9999 -9999 -9999 -9999 -9999 2.42573E-4 2.69981E-3 2.19418E-3 1.8732E-4 1.76598E-3 3.19483E-3 1.23542E-2 1.37358E-2 2.8654E-4 3.34562E-4 3.78515E-4 3.37758E-4 1.79538E-3 2.20761E-4 1.65559E-3 9.37968E-4 2.54218E-3 1.48984E-4 1.716E-3 1.68532E-3 1.50529E-3 7.55925E-3 6.83174E-5 5.40445E-5 1.01786E-4 1.86198E-3 1.27637E-3 3.00125E-3 3.29169E-3 2.46301E-4 7.68935E-5 2.1176E-3 5.37887E-4 2.61568E-3 3.15171E-3 2.45493E-3 5.75766E-2 2.70992E-2 2.08633E-3 2.03177E-3 2.42345E-3 4.23332E-4 2.6005E-4 2.78522E-4 3.04265E-4
-9999 -9999 -9999 -9999 -9999 -9999 -9999 -9999 -9999 -9999 -9999 -9999 -9999 -9999 -9999 -9999 -9999 -9999 -9999 -9999 -9999 -9999 3.22767E-3 2.99361E-4 1.05889E-2 1.97095E-3 9.66984E-5 2.52324E-4 3.10933E-4 1.10173E-2 2.86536E-3 2.77326E-3 3.77712E-4 3.64602E-4 2.39372E-4 1.85837E-4 8.5315E-4 7.98269E-4 2.18817E-3 7.13349E-5 2.50854E-4 2.62479E-4 2.41289E-4 1.83145E-3 5.93712E-5 9.36274E-4 2.57512E-3 2.3528E-3 1.42072E-3 2.73474E-3 2.97373E-3 5.81766E-5 2.67693E-3 2.21195E-3 5.11988E-5 2.54737E-3 1.88428E-3 1.53005E-3 6.14029E-2 1.75221E-2 2.79674E-3 2.62077E-3 7.93219E-5 7.44674E-5 7.14453E-5 7.78266E-5 8.00436E-5
-9999 -9999 -9999 -9999 -9999 -9999 -9999 -9999 -9999 -9999 -9999 -9999 -9999 -9999 -9999 -9999 -9999 -9999 -9999 -9999 -9999 -9999 1.05796E-4 1.04186E-3 5.94527E-2 1.39519E-2 6.84803E-3 6.57125E-2 2.42613E-4 3.0505E-4 2.41135E-3 2.41005E-3 3.26718E-4 3.16702E-4 8.22533E-5 1.1777E-3 1.53684E-3 1.02626E-3 6.49267E-4 1.63937E-4 2.82033E-3 2.3613E-4 3.94893E-4 7.69857E-5 2.41631E-3 1.21294E-3 1.45607E-2 1.95285E-3 1.11705E-3 1.15153E-3 1.88752E-3 1.83135E-3 1.4499E-3 1.65526E-3 1.84659E-3 2.11068E-3 1.87417E-3 2.20633E-2 4.68459E-2 1.08014E-2 2.66734E-3 6.46345E-5 7.98588E-5 2.70123E-3 2.8021E-3 2.8895E-3 2.50383E-3
-9999 -9999 -9999 -9999 -9999 -9999 -9999 -9999 -9999 -9999 -9999 -9999 -9999 -9999 -9999 -9999 -9999 -9999 -9999 -9999 -9999 -9999 1.08264E-2 1.91346E-3 3.7706E-2 3.18472E-2 2.28926E-3 2.87442E-3 1.42579E-2 1.00685E-2 6.89225E-5 9.62646E-5 6.97379E-5 3.01224E-4 8.32916E-5 7.44388E-5 5.25525E-3 4.02658E-3 3.09866E-3 4.00585E-3 2.45317E-4 3.73585E-3 2.6376E-4 3.36921E-4 8.00272E-5 2.55595E-3 1.7441E-3 2.08365E-3 1.05378E-3 1.61092E-3 1.8027E-3 1.73188E-3 1.24271E-3 1.4888E-3 1.51802E-2 2.14625E-3 1.96935E-2 2.40387E-2 2.31888E-2 7.64448E-2 8.89707E-2 2.66151E-3 1.5156E-3 1.94147E-3 2.69129E-3 4.57173E-3 2.11458E-3
-9999 -9999 -9999 -9999 -9999 -9999 -9999 -9999 -9999 -9999 -9999 -9999 -9999 -9999 -9999 -9999 -9999 -9999 -9999 -9999 -9999 -9999 1.64427E-3 1.71568E-3 2.39332E-3 2.82148E-3 2.90052E-4 9.15975E-4 7.59459E-5 1.36119E-3 1.57238E-4 8.97715E-5 1.53868E-3 1.34561E-2 3.04123E-4 2.95106E-3 1.29607E-2 1.16009E-2 4.36393E-3 1.09502E-2 7.37404E-4 2.80389E-4 4.08975E-4 8.13375E-5 9.01194E-5 7.13334E-5 8.96579E-5 2.06645E-3 1.64551E-3 1.69406E-3 1.83125E-3 1.89864E-3 1.265E-3 1.62982E-2 1.52798E-3 1.87896E-2 1.85921E-2 2.1946E-2 1.30876E-2 6.95901E-2 8.70314E-3 3.73571E-3 3.19027E-2 2.57581E-2 8.84609E-2 1.65993E-3 1.11238E-2
-9999 -9999 -9999 -9999 -9999 -9999 -9999 -9999 -9999 -9999 -9999 -9999 -9999 -9999 -9999 -9999 -9999 -9999 -9999 -9999 -9999 -9999 3.99912E-4 1.40817E-4 1.09555E-3 9.52938E-4 9.15217E-5 1.07068E-4 1.04397E-3 6.94195E-4 3.00808E-4 3.29049E-3 3.12059E-3 3.40267E-4 2.14863E-3 3.61088E-3 1.91E-4 3.15645E-3 5.64086E-4 4.3151E-3 6.43682E-3 1.11473E-3 3.44081E-4 7.34182E-5 8.64766E-5 2.06556E-3 2.00057E-3 1.91243E-3 1.90539E-3 2.7549E-3 4.3207E-4 4.70446E-4 1.05989E-3 1.69741E-3 3.12836E-2 2.5753E-2 4.79521E-2 -9999 2.44538E-2 2.89187E-2 2.1716E-3 3.12548E-3 2.48082E-3 2.45885E-3 3.52894E-3 1.77407E-3 2.65526E-3
-9999 -9999 -9999 -9999 -9999 -9999 -9999 -9999 -9999 -9999 -9999 -9999 -9999 -9999 -9999 -9999 -9999 -9999 -9999 -9999 -9999 -9999 5.19559E-4 2.21633E-4 5.78588E-4 4.47958E-4 4.16191E-4 4.4491E-4 1.69126E-4 2.55769E-4 8.51164E-3 3.89758E-3 3.44907E-3 2.89974E-4 4.92614E-3 3.78119E-3 4.6154E-3 4.08665E-4 2.65892E-4 8.59507E-5 8.7125E-4 2.00081E-3 9.05933E-5 8.51709E-5 7.31277E-5 2.22767E-3 2.441E-3 2.50559E-3 2.65564E-4 2.35761E-3 7.29453E-4 6.78416E-4 2.19717E-3 2.17566E-3 1.93383E-2 4.6576E-2 1.34236E-1 1.32264E-1 4.64045E-2 2.69162E-2 2.58111E-2 2.66905E-3 2.98109E-3 3.05362E-3 3.29456E-3 3.81751E-3 3.45185E-3
-9999 -9999 -9999 -9999 -9999 -9999 -9999 -9999 -9999 -9999 -9999 -9999 -9999 -9999 -9999 -9999 -9999 -9999 -9999 -9999 -9999 -9999 3.90303E-4 5.6475E-4 6.05113E-4 5.13142E-4 3.627E-3 3.34951E-4 4.09639E-4 2.42786E-3 8.47225E-3 2.99355E-3 2.97646E-3 2.5438E-4 3.74451E-3 4.88125E-3 3.69347E-3 3.09597E-4 2.91356E-4 1.03131E-4 7.37324E-4 3.40213E-4 9.0594E-5 1.19672E-4 1.10325E-4 7.91195E-5 1.38501E-3 1.14793E-4 4.8117E-4 1.16516E-3 4.9318E-4 4.35775E-4 2.00736E-3 1.75051E-3 3.97081E-2 6.02498E-2 -9999 5.73347E-2 5.57279E-2 3.70699E-2 2.788E-2 2.61161E-2 2.39772E-3 2.458E-3 4.23809E-3 2.0317E-3 2.64818E-3
-9999 -9999 -9999 -9999 -9999 -9999 -9999 -9999 -9999 -9999 -9999 -9999 -9999 -9999 -9999 -9999 -9999 -9999 -9999 -9999 -9999 -9999 1.44607E-4 1.1649E-4 1.29647E-4 1.54E-4 4.28957E-3 3.60322E-3 2.49652E-3 3.4081E-3 3.8393E-4 6.96329E-2 7.09775E-2 3.36049E-4 2.60298E-4 1.40804E-4 2.73347E-4 2.1794E-4 2.61297E-4 5.29693E-4 2.96538E-4 3.33045E-4 2.18227E-3 2.05573E-3 1.95544E-3 6.50013E-5 1.959E-4 6.00643E-4 7.81235E-4 7.60324E-4 5.0749E-4 4.57161E-4 1.29942E-3 1.38186E-3 -9999 3.45334E-2 2.28257E-2 1.15133E-2 3.23087E-2 2.47993E-2 3.40135E-2 2.13964E-2 4.78997E-2 4.73885E-2 2.21193E-2 2.79664E-2 3.34493E-3
-9999 -9999 -9999 -9999 -9999 -9999 -9999 -9999 -9999 -9999 -9999 -9999 -9999 -9999 -9999 -9999 -9999 -9999 -9999 -9999 -9999 -9999 4.99877E-4 5.22509E-4 5.35976E-4 4.68728E-4 3.01982E-3 1.45084E-4 5.18283E-4 2.97184E-3 3.47917E-3 6.91153E-3 5.45994E-2 6.31153E-3 1.21547E-2 7.50443E-3 4.5412E-4 3.45272E-4 3.08263E-4 3.78985E-4 2.92656E-3 3.32466E-4 1.73024E-3 1.33583E-3 1.57128E-3 1.13119E-3 1.26739E-3 6.49844E-4 2.30312E-3 1.89218E-3 1.9461E-3 4.56616E-4 1.27491E-3 1.17554E-3 2.10438E-2 3.03227E-2 2.41853E-2 1.80814E-2 3.57772E-3 3.73412E-2 3.28167E-2 2.36846E-3 2.22741E-2 2.49024E-3 5.47456E-2 9.56103E-2 2.85501E-3
-9999 -9999 -9999 -9999 -9999 -9999 -9999 -9999 -9999 -9999 -9999 -9999 -9999 -9999 -9999 -9999 -9999 -9999 -9999 -9999 -9999 -9999 1.53584E-3 4.94542E-3 5.16962E-4 5.64271E-4 4.94913E-3 4.01088E-3 4.39941E-3 8.7626E-3 8.13654E-3 9.25503E-3 7.10086E-3 6.0552E-2 1.05963E-2 8.16508E-2 3.65526E-4 4.18503E-4 3.79943E-4 4.87675E-4 9.86083E-5 1.00876E-4 8.48327E-5 3.27376E-4 4.74536E-4 1.89333E-3 7.36824E-4 8.30139E-4 8.75966E-4 1.05751E-3 1.03655E-3 1.76723E-3 1.99006E-3 1.08628E-3 -9999 -9999 2.16514E-2 7.72828E-2 2.91838E-2 4.02712E-2 3.33578E-2 2.20321E-2 2.14675E-2 1.20811E-2 9.8839E-3 1.78727E-2 2.81708E-3
-9999 -9999 -9999 -9999 -9999 -9999 -9999 -9999 -9999 -9999 -9999 -9999 -9999 -9999 -9999 -9999 -9999 -9999 -9999 -9999 -9999 -9999 6.28921E-4 3.54776E-3 3.55436E-4 1.5027E-4 5.15455E-4 1.80547E-3 4.86737E-3 3.07146E-3 5.60761E-3 3.61344E-3 3.55162E-3 6.70754E-3 1.01069E-2 8.08877E-3 9.4069E-3 3.92799E-4 4.51882E-4 4.81647E-4 9.58936E-5 3.88187E-4 4.29923E-4 8.90616E-5 8.86281E-5 1.79119E-4 1.81906E-3 4.6036E-4 1.64739E-3 1.88612E-3 5.84711E-4 1.15079E-3 2.11858E-3 2.14843E-3 1.60627E-3 3.43405E-3 2.68726E-3 3.13258E-3 5.62864E-2 2.37531E-2 3.95349E-2 1.72614E-2 2.364E-3 2.48551E-3 1.51141E-2 2.75278E-3 3.49934E-3
-9999 -9999 -9999 -9999 -9999 -9999 -9999 -9999 -9999 -9999 -9999 -9999 -9999 -9999 -9999 -9999 -9999 -9999 -9999 -9999 -9999 6.51977E-3 2.72456E-3 1.7498E-3 4.50919E-3 6.02245E-4 6.72076E-4 4.41787E-3 3.73283E-3 5.40711E-3 4.14227E-3 3.93289E-3 3.39465E-3 4.29995E-4 3.87511E-4 3.04547E-3 1.70382E-3 3.54147E-3 4.05611E-4 3.07801E-3 4.32882E-4 3.21314E-3 9.92593E-5 1.81631E-4 1.92287E-3 5.84637E-4 5.54842E-4 3.2482E-4 1.43971E-3 1.95847E-3 3.56798E-4 2.24079E-3 2.06059E-3 1.73044E-3 -9999 1.12314E-4 2.91951E-3 5.32972E-2 3.7407E-2 5.08333E-2 5.97693E-2 1.84545E-2 1.50977E-2 1.72612E-2 1.7868E-2 1.79841E-3 2.64016E-3
-9999 -9999 -9999 -9999 -9999 -9999 -9999 -9999 -9999 -9999 -9999 -9999 -9999 -9999 -9999 -9999 -9999 -9999 -9999 -9999 -9999 1.32848E-2 8.53911E-3 1.57377E-2 6.49124E-3 5.49017E-3 6.32289E-3 4.41674E-3 4.05795E-3 4.43856E-3 2.97895E-3 4.20579E-3 4.21906E-3 3.85886E-4 8.96505E-5 4.52358E-3 1.49922E-3 3.91223E-3 2.99835E-3 1.32763E-3 2.83613E-3 3.03992E-3 9.37165E-5 5.73667E-4 1.92229E-3 2.09246E-3 1.82624E-3 7.63301E-4 1.61138E-3 2.14124E-3 2.12525E-3 2.17885E-3 2.31582E-3 1.76467E-3 1.60051E-3 2.95425E-3 -9999 2.52254E-2 3.68221E-2 4.37996E-2 5.52332E-2 2.02728E-2 1.33131E-2 2.46543E-3 2.94477E-3 7.03618E-2 1.82251E-3
-9999 -9999 -9999 -9999 -9999 -9999 -9999 -9999 -9999 -9999 -9999 -9999 -9999 -9999 -9999 -9999 -9999 -9999 -9999 -9999 -9999 5.4801E-3 2.91467E-3 1.37321E-2 4.96668E-3 5.06176E-3 5.4357E-3 3.33681E-3 2.61466E-3 3.88639E-3 1.1893E-3 5.04578E-3 4.03715E-4 6.1672E-4 3.22813E-4 5.04693E-4 3.75422E-3 4.62847E-4 5.56695E-4 3.5869E-3 5.1107E-4 4.74353E-4 4.03424E-3 5.7068E-4 7.06132E-4 7.00028E-4 1.86041E-3 1.86875E-3 8.17639E-4 7.5675E-4 2.58159E-3 2.31899E-3 1.33407E-3 1.31089E-3 1.45906E-3 1.31712E-4 3.11615E-3 -9999 3.12614E-2 1.26023E-2 1.76327E-2 1.95082E-2 3.5999E-3 3.01612E-3 2.93908E-3 1.71986E-2 2.15213E-3
-9999 -9999 -9999 -9999 -9999 -9999 -9999 -9999 -9999 -9999 -9999 -9999 -9999 -9999 -9999 -9999 -9999 -9999 -9999 -9999 -9999 3.54149E-3 1.83373E-3 1.29517E-3 1.37768E-3 4.46599E-3 3.5705E-3 1.11078E-3 1.29336E-3 1.4623E-3 3.81532E-3 2.66575E-3 2.48162E-3 3.5962E-3 4.83273E-4 4.18185E-4 5.94439E-4 4.03641E-3 1.52807E-3 4.16284E-3 5.46025E-4 4.9929E-4 5.19284E-4 4.47519E-3 5.16124E-4 4.50153E-4 3.45863E-4 6.87466E-4 3.86318E-4 5.31855E-4 3.54812E-4 2.67312E-3 2.15922E-3 1.18927E-2 3.02418E-2 1.99625E-2 2.30566E-3 3.15222E-2 3.05327E-2 2.9493E-2 1.15921E-2 1.81618E-2 2.84933E-3 2.34797E-3 2.57998E-3 1.63994E-2 1.80925E-2
-9999 -9999 -9999 -9999 -9999 -9999 -9999 -9999 -9999 -9999 -9999 -9999 -9999 -9999 -9999 -9999 -9999 -9999 -9999 -9999 -9999 1.0077E-4 6.99935E-5 4.71842E-4 3.13317E-4 7.33637E-3 6.07916E-4 3.39849E-3 3.37512E-3 3.56255E-3 3.44731E-3 4.46564E-3 1.19663E-3 1.9105E-3 2.97209E-3 3.54036E-3 8.33881E-4 1.06951E-3 4.29348E-3 4.27861E-3 4.08798E-3 5.34422E-4 1.17979E-4 5.95762E-4 2.93073E-4 3.08778E-4 6.00007E-4 6.77214E-4 5.66757E-4 8.4453E-4 1.21365E-3 1.42223E-2 1.23765E-3 1.14926E-2 3.25295E-2 3.31173E-2 -9999 2.54018E-2 2.59585E-2 1.75658E-2 8.70313E-3 1.07176E-2 1.33918E-2 2.90355E-2 3.25457E-2 2.09808E-2 3.47988E-3
-9999 -9999 -9999 -9999 -9999 -9999 -9999 -9999 -9999 -9999 -9999 -9999 -9999 -9999 -9999 -9999 -9999 -9999 -9999 -9999 -9999 1.43909E-3 1.46433E-4 5.42478E-4 1.03657E-4 1.61676E-4 1.28044E-4 1.50662E-4 1.48057E-4 1.67032E-4 5.06269E-4 4.69569E-3 3.85514E-3 3.82667E-3 1.17243E-3 1.61E-3 8.29381E-4 1.07889E-3 2.31919E-3 2.45721E-3 4.68918E-3 6.54697E-4 2.5942E-3 1.23212E-4 4.87055E-4 5.32135E-4 2.26074E-3 7.78529E-4 7.6173E-4 3.12224E-3 1.64264E-2 1.60434E-2 1.50164E-2 1.35663E-3 1.27436E-2 -9999 1.58615E-2 4.96153E-2 4.77304E-2 2.71349E-2 1.45929E-2 1.70552E-2 2.93316E-3 2.76986E-3 3.72034E-3 2.7247E-3 1.92931E-2
-9999 -9999 -9999 -9999 -9999 -9999 -9999 -9999 -9999 -9999 -9999 -9999 -9999 -9999 -9999 -9999 -9999 -9999 -9999 -9999 -9999 3.82507E-3 1.39825E-4 9.92969E-5 1.60648E-4 1.55241E-4 1.54413E-4 1.43462E-4 1.57131E-4 5.0864E-4 6.18559E-4 4.79586E-3 1.60161E-3 1.72829E-3 9.35349E-4 7.38047E-4 1.44303E-3 3.57002E-3 4.58363E-3 4.69171E-3 6.39306E-4 4.62586E-3 6.93991E-4 6.82539E-4 4.98938E-4 5.04494E-4 3.38138E-4 2.073E-3 2.11105E-3 3.51373E-3 1.5003E-3 1.45277E-3 1.28829E-3 1.58069E-3 1.48568E-3 -9999 2.5101E-3 5.37325E-2 5.47212E-2 3.78206E-2 5.85162E-2 2.20119E-2 1.23675E-2 3.62784E-3 3.14085E-3 1.58312E-2 1.66534E-2
-9999 -9999 -9999 -9999 -9999 -9999 -9999 -9999 -9999 -9999 -9999 -9999 -9999 -9999 -9999 -9999 -9999 -9999 -9999 -9999 -9999 1.4368E-3 8.70842E-5 4.34286E-4 7.95259E-4 1.74903E-4 1.71243E-4 1.8555E-3 1.42537E-4 5.67445E-4 4.74352E-3 5.27566E-4 5.08182E-4 5.88767E-3 1.40333E-3 1.75478E-3 2.24164E-3 3.66539E-3 4.85408E-3 4.65076E-3 5.18268E-3 4.24969E-3 2.47633E-3 1.69516E-3 5.39108E-4 2.94167E-4 6.89064E-4 6.72605E-4 1.16468E-3 1.26368E-3 5.15849E-3 1.15988E-3 1.26685E-3 2.50666E-3 1.15166E-3 3.79603E-3 3.17588E-3 5.4526E-2 5.39267E-2 1.9342E-1 4.17591E-2 4.16728E-2 2.49472E-3 2.57954E-3 3.06201E-3 3.45402E-3 3.08941E-3
-9999 -9999 -9999 -9999 -9999 -9999 -9999 -9999 -9999 -9999 -9999 -9999 -9999 -9999 -9999 -9999 -9999 -9999 -9999 -9999 1.15999E-4 4.95327E-4 -9999 -9999 1.53334E-4 -9999 7.23874E-4 4.12648E-4 6.8255E-4 3.57219E-4 5.37847E-4 6.18413E-4 6.52698E-4 7.35692E-4 7.70537E-3 3.93363E-3 6.31545E-4 7.10008E-4 6.02441E-3 5.04481E-3 4.97004E-3 5.73335E-3 4.98299E-3 4.33456E-3 4.31485E-3 4.53466E-4 6.42709E-4 -9999 1.79294E-4 3.23727E-3 1.21321E-3 1.37982E-3 1.36701E-3 2.05386E-3 3.31595E-3 2.78747E-3 2.55356E-3 -9999 6.79498E-2 5.00684E-2 4.34991E-2 4.30503E-2 2.57552E-2 1.72317E-2 2.06324E-2 2.86437E-3 3.24092E-3
-9999 -9999 -9999 -9999 -9999 -9999 -9999 -9999 -9999 -9999 -9999 -9999 -9999 -9999 -9999 -9999 4.70809E-3 -9999 -9999 -9999 -9999 -9999 -9999 -9999 -9999 7.65E-4 6.02952E-3 8.73595E-4 7.10799E-4 1.66661E-4 7.43206E-4 6.76561E-4 3.83978E-4 2.59684E-3 2.85208E-3 1.29259E-4 1.09116E-4 5.07653E-3 6.13762E-3 1.87777E-3 1.84547E-3 6.07313E-4 7.0585E-4 4.38948E-3 4.60893E-3 5.67506E-3 3.6827E-3 3.48966E-4 2.33544E-3 3.52776E-3 1.42185E-2 1.33679E-3 9.2122E-4 1.26475E-3 1.91903E-3 -9999 1.64053E-3 3.00971E-2 1.77238E-2 4.7991E-2 5.89071E-2 3.00053E-2 2.98017E-2 2.55416E-2 3.49876E-2 1.96012E-2 1.90867E-2
-9999 -9999 -9999 -9999 -9999 -9999 -9999 -9999 -9999 -9999 -9999 -9999 -9999 -9999 -9999 -9999 -9999 -9999 -9999 -9999 -9999 -9999 -9999 -9999 8.40252E-4 5.89812E-3 6.51661E-3 8.52849E-3 8.09E-4 6.08787E-4 1.89875E-4 8.87495E-4 7.01716E-4 4.24055E-3 3.87208E-4 4.28586E-4 4.56639E-4 6.42164E-3 7.81125E-4 7.31161E-3 8.35791E-4 8.00357E-4 2.04615E-4 6.07428E-4 5.25762E-3 -9999 7.52915E-4 6.41693E-4 -9999 7.3803E-4 -9999 -9999 1.91401E-3 1.327E-3 9.63893E-4 1.92272E-3 3.37108E-3 1.41977E-2 1.71847E-2 3.55353E-2 3.68986E-2 2.31662E-2 2.40536E-3 1.77981E-2 3.45934E-2 3.26996E-3 4.5735E-3
-9999 -9999 -9999 -9999 -9999 -9999 -9999 -9999 -9999 -9999 -9999 -9999 -9999 -9999 -9999 -9999 -9999 -9999 -9999 -9999 -9999 -9999 -9999 -9999 1.18513E-2 7.17513E-3 5.9393E-3 5.09851E-3 7.27175E-4 1.54736E-4 9.59817E-4 8.5417E-4 6.87064E-4 5.55672E-4 6.36192E-4 1.57633E-4 1.0358E-3 1.72445E-4 1.94427E-4 2.31886E-4 2.3909E-4 2.08362E-4 1.79092E-4 1.8821E-4 3.21735E-3 2.71441E-3 2.12445E-4 9.16107E-4 2.68407E-3 7.45645E-4 1.37856E-4 9.86921E-4 -9999 -9999 1.13358E-2 1.60021E-2 3.19287E-3 2.86689E-3 1.20189E-3 3.42726E-3 2.43375E-3 1.49096E-2 2.34001E-3 3.15033E-3 1.50299E-2 1.81127E-2 3.24076E-2
-9999 -9999 -9999 -9999 -9999 -9999 -9999 -9999 -9999 -9999 -9999 -9999 -9999 -9999 -9999 -9999 -9999 -9999 -9999 -9999 -9999 -9999 -9999 -9999 1.20151E-2 3.08138E-3 6.24672E-3 8.53409E-3 9.87865E-4 1.92516E-4 9.5963E-4 9.15699E-4 7.02245E-4 4.41907E-4 6.16897E-4 2.14387E-3 1.94966E-4 1.93272E-4 3.05252E-3 2.41839E-3 2.38719E-3 2.94692E-3 1.85722E-4 2.67454E-3 8.52539E-4 6.89093E-4 2.57496E-3 1.80026E-4 2.6573E-4 2.00799E-4 6.21462E-4 1.52996E-3 1.63436E-3 1.73278E-3 5.11912E-3 3.83251E-3 1.89237E-3 3.01004E-3 9.58548E-4 3.01706E-3 2.6685E-3 2.43284E-3 1.72869E-3 1.32322E-2 1.76291E-2 1.61238E-2 3.36143E-2
-9999 -9999 -9999 -9999 -9999 -9999 -9999 -9999 -9999 -9999 -9999 -9999 -9999 -9999 8.5046E-3 8.90394E-3 9.47302E-3 6.29633E-3 -9999 -9999 -9999 -9999 -9999 -9999 1.43841E-3 1.01945E-2 8.4324E-3 1.13831E-2 1.11103E-3 2.16213E-4 2.36643E-4 2.25653E-4 6.90098E-4 3.45452E-3 2.86098E-3 1.71324E-3 6.20718E-4 2.71771E-3 9.44838E-3 2.12594E-3 1.77378E-3 7.0025E-4 2.22786E-3 9.76381E-4 8.58958E-3 8.29806E-4 -9999 2.47969E-3 2.19169E-3 8.81501E-4 8.63721E-4 8.22415E-4 8.28513E-4 1.98402E-4 -9999 -9999 2.77756E-3 1.78238E-3 7.80765E-2 8.01017E-2 2.70313E-3 1.95622E-3 6.11974E-2 3.73241E-3 6.63484E-2 7.15634E-2 1.41171E-2
-9999 -9999 -9999 -9999 -9999 -9999 -9999 -9999 -9999 -9999 -9999 -9999 -9999 8.7351E-4 7.04102E-3 6.99264E-3 9.10809E-3 4.07256E-3 9.47902E-4 -9999 -9999 -9999 -9999 -9999 1.2773E-2 2.49703E-3 9.91611E-3 1.00486E-2 -9999 2.39418E-4 2.24714E-4 2.32576E-4 2.11589E-4 1.66831E-4 2.66863E-3 8.53909E-4 -9999 8.43806E-4 6.89289E-4 -9999 2.70402E-3 -9999 -9999 8.46502E-4 7.95295E-3 8.65358E-3 -9999 2.42875E-3 2.45096E-3 9.2022E-4 9.4971E-4 9.15855E-4 9.77894E-4 3.14159E-4 9.15111E-4 -9999 4.21988E-3 2.15167E-3 2.32069E-3 2.73529E-3 2.92254E-3 1.81911E-3 3.08519E-3 2.96362E-3 2.3537E-3 2.61031E-3 2.77236E-3
