ENM/Final_Models/M_0.8_F_q_Set_1_E/Gustavia_santanderiensis_3_Choco_novel.asc
ncols         367
nrows         963
xllcorner     -78.6
yllcorner     0.65
cellsize      0.00833333333333323
NODATA_value  -9999
[rows 750 to 779 of 963, columns 0 to 67 of 367]
-9999 -9999 -9999 -9999 -9999 -9999 -9999 -9999 -9999 -9999 -9999 -9999 -9999 -9999 -9999 -9999 -9999 -1.16022E1 -1.43646E1 -1.49171E1 -3.31492E0 -3.8674E0 -4.41989E0 -5.52486E0 -9999 -9999 -9999 -9999 -7.73481E0 -1.0103E1 -2.20994E1 -3.14917E1 -9999 -9999 -9999 -9999 -9999 -9999 -9999 -9999 -9999 -9999 -9999 -9999 -9999 -9999 -9999 -9999 -9999 -9999 -9999 -9999 -4.80663E1 -4.86188E1 -6.62983E1 -7.45856E1 -7.51381E1 -7.56906E1 -4.97238E1 -5.19337E1 -5.19337E1 -4.97238E1 -4.80663E1 -6.40884E1 -6.40884E1 -7.8453E1 -8.34254E1 -7.18232E1
-9999 -9999 -9999 -9999 -9999 -9999 -9999 -9999 -9999 -9999 -9999 -9999 -9999 -9999 -9999 1.99601E-2 -9999 -1.10497E0 -1.65746E0 -2.76243E0 -3.31492E0 -7.73481E0 -8.83978E0 -9.39227E0 -9.94475E0 -1.04972E1 -7.18232E0 -1.16022E1 -7.73481E0 -1.06499E1 -2.20994E1 -3.14917E1 -3.20442E1 -9999 -9999 -9999 -9999 -9999 -9999 -9999 -9999 -9999 -9999 -9999 -9999 -9999 -9999 -9999 -9999 -9999 -5.74586E1 -5.74586E1 -6.51934E1 -6.57459E1 -7.79006E1 -7.45856E1 -6.40884E1 -6.40884E1 -9999 -5.02762E1 -4.97238E1 -4.97238E1 -4.86188E1 -8.61878E1 -8.67403E1 -7.8453E1 -7.8453E1 -5.30387E1
-9999 -9999 -9999 -9999 -9999 -9999 -9999 -9999 -9999 -9999 -9999 -9999 -9999 -9999 5.98802E-2 1.1976E-1 1.1976E-1 -1.10497E0 -1.65746E0 -2.20994E0 -2.76243E0 -3.8674E0 -8.83978E0 -1.54696E1 -1.60221E1 -1.04972E1 -1.10497E1 -7.18232E0 -7.73481E0 -8.88031E0 -1.98895E1 -2.26519E1 -2.32044E1 -9999 -9999 -9999 -9999 -9999 -6.18785E1 -9999 -9999 -9999 -9999 -9999 -9999 -9999 -9999 -9999 -9999 -7.29282E1 -7.29282E1 -7.29282E1 -7.67956E1 -7.51381E1 -7.51381E1 -7.56906E1 -6.46409E1 -6.46409E1 -5.30387E1 -4.91713E1 -5.02762E1 -4.86188E1 -6.40884E1 -6.40884E1 -8.67403E1 -7.79006E1 -7.8453E1 -8.34254E1
-9999 -9999 -9999 -9999 -9999 -9999 -9999 -9999 -9999 -9999 -9999 -9999 -9999 7.98403E-2 1.1976E-1 1.1976E-1 -5.52486E-1 7.98403E-2 -1.65746E0 1.99601E-2 1.39721E-1 -3.31492E0 -1.43646E1 -1.54696E1 -1.60221E1 -1.65746E1 -1.10497E1 -7.18232E0 -7.73481E0 -8.83978E0 -9.39227E0 -9999 -9999 -9999 -9999 -4.75138E1 -4.75138E1 -6.51934E1 -7.23757E1 -6.79558E1 -5.24862E1 -5.24862E1 -5.96685E1 -9999 -9999 -9999 -9999 -9999 -5.96685E1 -7.01657E1 -7.29282E1 -7.29282E1 -7.34807E1 -7.45856E1 -7.40331E1 -4.91713E1 -4.97238E1 -9999 -5.08287E1 -4.91713E1 -5.08287E1 -6.46409E1 -6.46409E1 -6.46409E1 -6.46409E1 -8.1768E1 -8.23204E1 -7.01657E1
-9999 -9999 -9999 -9999 -9999 -9999 -9999 -9999 -9999 -9999 -9999 -9999 -9999 7.98403E-2 1.1976E-1 1.1976E-1 1.99601E-2 -5.52486E-1 -1.10497E0 -2.20994E0 1.39721E-1 -3.31492E0 -8.28729E0 -1.49171E1 -9.94475E0 -1.65746E1 -1.71271E1 -1.9337E1 -1.8232E1 -8.36551E0 -1.32597E1 -3.09392E1 -9999 -9999 -4.75138E1 -6.18785E1 -6.24309E1 -6.46409E1 -5.08287E1 -5.13812E1 -3.59116E1 -5.24862E1 -6.90608E1 -5.96685E1 -6.07735E1 -6.1326E1 -7.34807E1 -6.24309E1 -6.96133E1 -7.34807E1 -7.23757E1 -7.29282E1 -7.29282E1 -7.34807E1 -7.34807E1 -6.51934E1 -6.51934E1 -6.51934E1 -5.13812E1 -4.97238E1 -5.13812E1 -4.97238E1 -6.51934E1 -7.67956E1 -7.73481E1 -8.1768E1 -7.79006E1 -8.23204E1
-9999 -9999 -9999 -9999 -9999 -9999 -9999 -9999 -9999 -9999 -9999 -9999 1.1976E-1 1.1976E-1 1.1976E-1 1.1976E-1 3.19361E-1 1.79641E-1 1.59681E-1 1.99601E-2 -5.52486E-1 -3.8674E0 -1.65746E0 -4.41989E0 -4.97238E0 -1.65746E1 -1.10497E1 -1.76796E1 -1.98895E1 -2.0442E1 -1.98895E1 -3.03867E1 -3.14917E1 -9999 -6.18785E1 -4.80663E1 -6.57459E1 -6.46409E1 -3.48066E1 -2.43094E1 -2.48619E1 -5.24862E1 -5.24862E1 -5.96685E1 -6.0221E1 -6.07735E1 -4.47514E1 -6.18785E1 -7.23757E1 -6.29834E1 -7.45856E1 -7.51381E1 -7.56906E1 -7.29282E1 -7.90055E1 -8.1768E1 -6.57459E1 -6.57459E1 -5.02762E1 -5.19337E1 -4.97238E1 -6.51934E1 -8.01105E1 -8.0663E1 -7.73481E1 -7.73481E1 -6.46409E1 -4.91713E1
-9999 -9999 -9999 -9999 -9999 -9999 -9999 -9999 -9999 -9999 -9999 -5.52486E-1 -1.10497E0 -7.73481E0 -2.76243E0 1.1976E-1 5.98802E-2 -1.10497E0 7.98403E-2 1.1976E-1 -5.52486E-1 -1.10497E0 -4.41989E0 -4.97238E0 -9.39227E0 -1.04972E1 -1.71271E1 -1.16022E1 -7.27156E0 -9.26641E0 -3.48066E1 -3.03867E1 -3.14917E1 -3.20442E1 -4.80663E1 -4.86188E1 -4.91713E1 -3.37017E1 -2.59669E1 -4.0884E1 -2.48619E1 -2.54144E1 -6.68508E1 -5.9116E1 -5.96685E1 -6.07735E1 -6.1326E1 -6.18785E1 -7.34807E1 -7.23757E1 -6.29834E1 -6.35359E1 -7.51381E1 -7.29282E1 -8.12155E1 -7.34807E1 -8.23204E1 -5.08287E1 -5.08287E1 -5.24862E1 -6.57459E1 -5.02762E1 -7.9558E1 -7.67956E1 -5.9116E1 -8.0663E1 -6.51934E1 -5.13812E1
-9999 -9999 -9999 -9999 -9999 -9999 -9999 -9999 -9999 -9999 -9999 1.99601E-2 -1.10497E0 1.1976E-1 -2.76243E0 7.98403E-2 1.99601E-2 -4.97238E0 -1.65746E0 -2.20994E0 -2.76243E0 -1.25483E0 -4.41989E0 -4.97238E0 -9.39227E0 -1.60221E1 -1.71271E1 -1.76796E1 -6.24196E0 -1.04569E1 -2.98343E1 -4.53039E1 -4.64088E1 -4.69613E1 -4.75138E1 -6.29834E1 -4.86188E1 -4.97238E1 -5.52486E1 -5.58011E1 -6.57459E1 -5.74586E1 -5.80111E1 -5.85635E1 -4.36464E1 -4.41989E1 -6.07735E1 -7.07182E1 -7.18232E1 -7.12707E1 -7.18232E1 -7.45856E1 -6.35359E1 -7.51381E1 -8.12155E1 -7.34807E1 -7.40331E1 -8.23204E1 -6.62983E1 -6.62983E1 -6.62983E1 -7.56906E1 -5.85635E1 -6.62983E1 -6.57459E1 -6.57459E1 -6.57459E1 -4.97238E1
-9999 -9999 -9999 -9999 -9999 -9999 -9999 -9999 -9999 -9999 -1.05262E0 -5.52486E0 -5.52486E-1 -7.18232E0 -2.20994E0 -8.83978E0 -3.31492E0 -5.52486E-1 -2.0592E0 -2.50965E0 -6.62983E0 -7.18232E0 -1.38122E1 -8.83978E0 -9.39227E0 -1.60221E1 -1.76796E1 -1.8232E1 -7.18232E0 -3.31492E1 -2.98343E1 -3.03867E1 -4.64088E1 -4.69613E1 -6.1326E1 -5.08287E1 -5.08287E1 -6.35359E1 -6.51934E1 -6.57459E1 -6.57459E1 -6.79558E1 -5.80111E1 -5.85635E1 -5.9116E1 -5.96685E1 -6.0221E1 -7.23757E1 -6.1326E1 -7.12707E1 -7.12707E1 -7.18232E1 -7.45856E1 -7.29282E1 -7.51381E1 -7.34807E1 -7.40331E1 -7.40331E1 -6.68508E1 -7.45856E1 -7.51381E1 -7.56906E1 -6.74033E1 -7.9558E1 -7.67956E1 -7.73481E1 -5.02762E1 -6.57459E1
-9999 -9999 -9999 -9999 -9999 -9999 -9999 -9999 -9999 -9999 -1.05262E0 5.98802E-2 -1.05262E0 -1.10497E0 -7.73481E0 -9.39227E0 -3.31492E0 -9.94475E0 -1.10497E0 -1.16022E1 -6.62983E0 -3.31492E0 -7.73481E0 -5.21236E0 -9.39227E0 -1.60221E1 -1.76796E1 -1.8232E1 -1.8232E1 -1.87845E1 -3.37017E1 -3.03867E1 -3.09392E1 -3.14917E1 -4.75138E1 -5.41436E1 -6.35359E1 -6.35359E1 -6.40884E1 -6.51934E1 -6.68508E1 -5.69061E1 -5.74586E1 -4.25414E1 -6.96133E1 -5.9116E1 -6.0221E1 -7.18232E1 -6.1326E1 -7.29282E1 -7.34807E1 -6.24309E1 -7.40331E1 -7.23757E1 -7.29282E1 -7.34807E1 -6.74033E1 -6.74033E1 -6.68508E1 -7.45856E1 -7.51381E1 -7.51381E1 -6.68508E1 -7.62431E1 -7.67956E1 -7.73481E1 -6.62983E1 -7.79006E1
-9999 -9999 -9999 -9999 -9999 -9999 -9999 -9999 -9999 -3.31492E0 -1.05262E0 -1.05262E0 1.99601E-2 -1.10497E0 -7.18232E0 -1.71271E1 -3.31492E0 -9.39227E0 -9.94475E0 -1.10497E1 -6.07735E0 -7.18232E0 -3.8674E0 -4.41989E0 -9.39227E0 -1.60221E1 -1.76796E1 -1.71271E1 -9.00901E0 -1.9337E1 -4.41989E1 -4.47514E1 -4.53039E1 -5.02762E1 -5.13812E1 -4.80663E1 -5.30387E1 -6.29834E1 -6.35359E1 -6.46409E1 -6.62983E1 -6.74033E1 -6.79558E1 -6.74033E1 -5.85635E1 -5.9116E1 -6.96133E1 -7.01657E1 -7.18232E1 -7.07182E1 -7.29282E1 -7.18232E1 -7.18232E1 -7.23757E1 -7.23757E1 -7.51381E1 -6.79558E1 -6.79558E1 -6.74033E1 -8.28729E1 -7.51381E1 -5.85635E1 -6.68508E1 -8.50829E1 -8.56354E1 -7.73481E1 -7.79006E1 -7.8453E1
-9999 -9999 -9999 -9999 -9999 -9999 -9999 -9999 -1.10497E1 -3.31492E0 -1.05262E0 -1.05262E0 5.98802E-2 -6.07735E0 -6.62983E0 -1.65746E1 -8.28729E0 -8.83978E0 -1.9337E1 -1.10497E1 -1.21547E1 -1.27072E1 -7.73481E0 -8.28729E0 -4.97238E0 -6.40283E0 -1.60221E1 -1.71271E1 -1.03282E1 -1.9337E1 -4.75138E1 -4.86188E1 -4.91713E1 -4.97238E1 -5.08287E1 -4.75138E1 -5.24862E1 -5.30387E1 -6.35359E1 -6.40884E1 -6.46409E1 -6.57459E1 -6.62983E1 -5.24862E1 -6.79558E1 -5.30387E1 -5.41436E1 -5.41436E1 -7.01657E1 -7.18232E1 -6.1326E1 -7.12707E1 -7.18232E1 -7.18232E1 -7.45856E1 -7.51381E1 -6.79558E1 -6.79558E1 -8.23204E1 -8.28729E1 -7.51381E1 -7.45856E1 -7.79006E1 -7.51381E1 -8.45304E1 -8.50829E1 -8.01105E1 -8.0663E1
-9999 -9999 -9999 -9999 -9999 -9999 -9999 -9999 -1.04972E1 -1.10497E1 -1.05262E0 -1.05262E0 -4.97238E0 -5.52486E0 -6.07735E0 -6.62983E0 -1.71271E1 -1.8232E1 -1.87845E1 -1.10497E1 -1.16022E1 -1.27072E1 -4.05405E0 -4.41989E0 -8.83978E0 -9.39227E0 -1.65746E1 -1.71271E1 -1.76796E1 -1.87845E1 -4.36464E1 -3.37017E1 -4.47514E1 -4.58564E1 -4.64088E1 -4.69613E1 -6.18785E1 -5.30387E1 -3.42541E1 -3.48066E1 -5.02762E1 -5.08287E1 -5.13812E1 -5.19337E1 -6.74033E1 -6.79558E1 -6.85083E1 -5.41436E1 -5.46961E1 -7.18232E1 -6.1326E1 -7.12707E1 -7.12707E1 -7.9558E1 -7.23757E1 -7.45856E1 -8.12155E1 -6.85083E1 -6.85083E1 -8.95028E1 -8.28729E1 -7.40331E1 -4.14365E1 -5.80111E1 -7.51381E1 -7.51381E1 -7.73481E1 -7.79006E1
-9999 -9999 -9999 -9999 -9999 -9999 -9999 -9999 -2.20994E0 1.1976E-1 1.39721E-1 -1.05262E0 -1.38122E1 -1.05262E0 -1.10497E0 -1.65746E0 -2.20994E0 -8.83978E0 -1.04972E1 -2.32044E1 -2.37569E1 -1.27072E1 -1.27072E1 -7.73481E0 -4.97238E0 -5.52486E0 -9.94475E0 -1.71271E1 -2.70718E1 -2.81768E1 -4.30939E1 -4.36464E1 -4.47514E1 -4.53039E1 -4.64088E1 -4.69613E1 -4.75138E1 -4.86188E1 -4.91713E1 -4.97238E1 -5.02762E1 -3.59116E1 -3.59116E1 -5.19337E1 -5.24862E1 -5.30387E1 -5.35912E1 -5.41436E1 -5.41436E1 -7.01657E1 -7.18232E1 -7.8453E1 -7.90055E1 -7.12707E1 -7.18232E1 -8.0663E1 -8.45304E1 -6.90608E1 -6.90608E1 -6.85083E1 -6.90608E1 -8.61878E1 -8.01105E1 -7.40331E1 -5.80111E1 -7.45856E1 -7.73481E1 -8.67403E1
-9999 -9999 -9999 -9999 -9999 -9999 -9999 -1.05262E0 -1.05262E0 -1.05262E0 -1.05262E0 7.98403E-2 -1.05262E0 -5.52486E0 -6.62983E0 -1.65746E0 -2.76243E0 -2.76243E0 -3.8674E0 -2.26519E1 -2.37569E1 -1.27072E1 -2.20994E0 -1.32597E1 -8.28729E0 -9.39227E0 -2.54144E1 -2.65193E1 -2.70718E1 -4.19889E1 -5.58011E1 -5.69061E1 -4.80663E1 -4.53039E1 -4.58564E1 -3.20442E1 -3.25967E1 -3.37017E1 -4.91713E1 -4.97238E1 -3.48066E1 -2.54144E1 -3.59116E1 -5.19337E1 -6.68508E1 -6.74033E1 -6.79558E1 -5.9116E1 -5.96685E1 -7.12707E1 -7.07182E1 -7.07182E1 -7.12707E1 -7.9558E1 -8.01105E1 -8.01105E1 -8.12155E1 -6.96133E1 -6.90608E1 -6.90608E1 -6.85083E1 -7.29282E1 -7.34807E1 -8.0663E1 -7.40331E1 -7.45856E1 -7.73481E1 -7.79006E1
-9999 -9999 -9999 -9999 -9999 -9999 -9999 -1.10497E0 -1.65746E0 -1.05262E0 -1.05262E0 -1.05262E0 -1.05262E0 -1.05262E0 1.1976E-1 1.1976E-1 -2.20994E0 -3.31492E0 -3.8674E0 -4.41989E0 -1.10497E1 -2.09945E1 -1.27072E1 -1.32597E1 -1.43646E1 -1.49171E1 -2.54144E1 -2.59669E1 -1.71271E1 -2.76243E1 -4.25414E1 -4.30939E1 -3.31492E1 -3.42541E1 -3.09392E1 -3.20442E1 -4.69613E1 -2.32044E1 -3.42541E1 -3.48066E1 -2.48619E1 -3.59116E1 -5.08287E1 -3.64641E1 -6.62983E1 -6.68508E1 -6.74033E1 -6.96133E1 -6.85083E1 -6.90608E1 -6.96133E1 -8.39779E1 -8.45304E1 -7.90055E1 -7.9558E1 -7.18232E1 -8.0663E1 -7.8453E1 -7.8453E1 -6.96133E1 -6.90608E1 -7.90055E1 -7.9558E1 -8.0663E1 -8.12155E1 -8.34254E1 -7.73481E1 -7.79006E1
-9999 -9999 -9999 -9999 -9999 -9999 -1.05262E0 -1.05262E0 -1.05262E0 -1.05262E0 -1.05262E0 -1.05262E0 -1.05262E0 -1.05262E0 -1.05262E0 -1.10497E0 -7.73481E0 -8.83978E0 -3.31492E0 -5.52486E-1 -1.65746E0 -1.16022E1 -2.1547E1 -2.26519E1 -1.38122E1 -8.83978E0 -1.54696E1 -1.65746E1 -1.71271E1 -2.76243E1 -4.19889E1 -4.25414E1 -2.98343E1 -3.03867E1 -3.09392E1 -3.20442E1 -4.69613E1 -3.31492E1 -3.37017E1 -3.42541E1 -2.48619E1 -3.53591E1 -5.08287E1 -5.13812E1 -6.57459E1 -6.68508E1 -6.68508E1 -6.79558E1 -6.85083E1 -6.90608E1 -6.90608E1 -7.67956E1 -7.73481E1 -7.90055E1 -7.18232E1 -7.12707E1 -8.0663E1 -7.79006E1 -7.8453E1 -7.8453E1 -7.9558E1 -7.9558E1 -8.01105E1 -8.45304E1 -7.62431E1 -7.67956E1 -7.73481E1 -7.79006E1
-9999 -9999 -9999 -9999 -9999 -9999 -1.05262E0 -1.05262E0 -1.05262E0 -1.05262E0 -1.05262E0 -1.05262E0 -1.05262E0 -1.05262E0 -5.52486E-1 -1.05262E0 -2.20994E0 -2.76243E0 -3.31492E0 -4.41989E0 -1.65746E0 -6.07735E0 -1.27072E1 -2.20994E1 -1.38122E1 -1.49171E1 -1.54696E1 -1.65746E1 -1.71271E1 -2.76243E1 -4.19889E1 -4.25414E1 -5.58011E1 -5.69061E1 -4.47514E1 -3.14917E1 -4.64088E1 -3.31492E1 -2.37569E1 -1.85328E1 -2.48619E1 -3.53591E1 -5.08287E1 -3.64641E1 -5.19337E1 -6.62983E1 -6.68508E1 -5.35912E1 -5.35912E1 -3.92265E1 -5.46961E1 -6.96133E1 -7.8453E1 -7.8453E1 -7.9558E1 -8.01105E1 -8.0663E1 -8.45304E1 -7.90055E1 -7.90055E1 -8.56354E1 -8.34254E1 -8.1768E1 -8.45304E1 -7.62431E1 -7.67956E1 -6.96133E1 -7.90055E1
-9999 -9999 -9999 -9999 -9999 -2.10525E0 -2.10525E0 -2.10525E0 -2.10525E0 -2.10525E0 -1.05262E0 -2.10525E0 -1.05262E0 -1.05262E0 -1.05262E0 -1.05262E0 3.99202E-2 -2.76243E0 -3.31492E0 -9.94475E0 -1.04972E1 -1.16022E1 -2.1547E1 -3.75691E1 -2.54144E1 -1.49171E1 -1.54696E1 -1.60221E1 -2.65193E1 -2.70718E1 -2.81768E1 -2.87293E1 -4.58564E1 -4.69613E1 -4.47514E1 -4.53039E1 -3.20442E1 -3.31492E1 -2.37569E1 -2.43094E1 -3.48066E1 -2.54144E1 -3.59116E1 -3.64641E1 -3.70166E1 -3.75691E1 -3.81215E1 -5.35912E1 -2.87293E1 -2.26519E1 -5.46961E1 -6.90608E1 -5.46961E1 -8.39779E1 -7.07182E1 -7.12707E1 -7.12707E1 -7.12707E1 -7.12707E1 -7.12707E1 -8.23204E1 -7.51381E1 -7.07182E1 -5.52486E1 -7.07182E1 -7.07182E1 -5.46961E1 -7.01657E1
-9999 -9999 -9999 -9999 -9999 -2.10525E0 -2.10525E0 -2.10525E0 -1.05262E0 -1.05262E0 -2.10525E0 -1.21547E1 -4.41989E0 -4.97238E0 -6.07735E0 -6.62983E0 -1.60221E1 -8.28729E0 -8.83978E0 -1.87845E1 -1.9337E1 -2.0442E1 -2.09945E1 -4.58564E1 -4.69613E1 -2.59669E1 -2.43094E1 -2.54144E1 -5.13812E1 -4.03315E1 -2.76243E1 -2.87293E1 -2.92818E1 -2.98343E1 -4.75138E1 -5.80111E1 -4.58564E1 -2.32044E1 -3.31492E1 -3.37017E1 -4.91713E1 -3.53591E1 -2.59669E1 -5.08287E1 -5.13812E1 -3.75691E1 -3.75691E1 -5.30387E1 -2.87293E1 -2.31982E1 -3.92265E1 -6.85083E1 -7.12707E1 -7.62431E1 -8.28729E1 -7.9558E1 -8.01105E1 -8.12155E1 -7.18232E1 -7.40331E1 -7.45856E1 -7.51381E1 -7.56906E1 -7.12707E1 -5.58011E1 -7.12707E1 -5.85635E1 -5.52486E1
-9999 -9999 -9999 -9999 -9999 -2.10525E0 -2.10525E0 -2.10525E0 -1.05262E0 -1.05262E0 -1.10497E1 -1.16022E1 -2.43094E1 -2.54144E1 -2.59669E1 -1.54696E1 -1.60221E1 -1.65746E1 -2.92818E1 -9.39227E0 -9.94475E0 -5.52486E0 -1.21547E1 -2.20994E1 -3.53591E1 -3.64641E1 -3.75691E1 -3.8674E1 -4.14365E1 -3.9779E1 -4.0884E1 -2.87293E1 -4.25414E1 -4.30939E1 -3.03867E1 -3.09392E1 -3.20442E1 -3.25967E1 -3.31492E1 -3.37017E1 -4.86188E1 -6.24309E1 -3.59116E1 -3.64641E1 -5.13812E1 -5.19337E1 -5.24862E1 -6.68508E1 -6.74033E1 -5.41436E1 -5.41436E1 -7.73481E1 -7.73481E1 -7.8453E1 -7.90055E1 -7.9558E1 -7.23757E1 -7.18232E1 -7.40331E1 -7.18232E1 -8.23204E1 -7.51381E1 -5.63536E1 -5.96685E1 -6.24309E1 -6.18785E1 -5.58011E1 -5.58011E1
-9999 -9999 -9999 -9999 -9999 -2.10525E0 -2.10525E0 -2.10525E0 -2.10525E0 -2.10525E0 -2.20994E0 -1.32597E1 -2.37569E1 -2.43094E1 -1.38122E1 -1.65746E1 -1.76796E1 -1.87845E1 -1.76796E1 -1.8232E1 -1.9337E1 -1.10497E1 -2.09945E1 -3.42541E1 -3.53591E1 -2.37569E1 -3.75691E1 -3.81215E1 -5.02762E1 -5.13812E1 -5.24862E1 -4.14365E1 -4.19889E1 -4.30939E1 -4.36464E1 -4.47514E1 -2.20994E1 -3.20442E1 -4.69613E1 -5.08287E1 -6.07735E1 -6.24309E1 -3.53591E1 -3.59116E1 -5.08287E1 -6.46409E1 -6.57459E1 -3.81215E1 -6.68508E1 -6.74033E1 -5.41436E1 -7.67956E1 -7.79006E1 -7.12707E1 -7.12707E1 -7.9558E1 -8.01105E1 -8.0663E1 -8.83978E1 -8.89503E1 -8.95028E1 -8.28729E1 -7.23757E1 -5.69061E1 -5.96685E1 -5.96685E1 -5.96685E1 -5.9116E1
-9999 -9999 -9999 -9999 -2.10525E0 -2.10525E0 -2.10525E0 -2.10525E0 -1.05262E0 -1.10497E0 -1.65746E0 -1.27072E1 -2.26519E1 -2.32044E1 -1.27072E1 -1.65746E1 -6.62983E0 -7.73481E0 -1.76796E1 -1.8232E1 -1.9337E1 -1.98895E1 -2.0442E1 -2.32044E1 -2.43094E1 -2.37569E1 -2.59669E1 -3.81215E1 -4.97238E1 -5.08287E1 -5.19337E1 -5.30387E1 -5.35912E1 -4.25414E1 -4.36464E1 -4.47514E1 -2.20994E1 -2.26519E1 -3.31492E1 -5.02762E1 -6.07735E1 -6.18785E1 -3.53591E1 -3.59116E1 -5.08287E1 -6.46409E1 -6.51934E1 -5.30387E1 -5.30387E1 -7.23757E1 -5.41436E1 -7.73481E1 -7.79006E1 -7.07182E1 -7.23757E1 -8.61878E1 -8.67403E1 -8.78453E1 -8.83978E1 -8.34254E1 -8.45304E1 -5.74586E1 -5.74586E1 -5.74586E1 -5.63536E1 -7.18232E1 -5.63536E1 -5.96685E1
-9999 -9999 -9999 -9999 -2.10525E0 -1.05262E0 -1.05262E0 -2.10525E0 -2.10525E0 -2.10525E0 -1.65746E0 -1.04972E1 -1.10497E1 -1.21547E1 -1.38122E1 -1.43646E1 -2.65193E1 -7.18232E0 -1.71271E1 -9.39227E0 -1.87845E1 -1.98895E1 -2.0442E1 -3.37017E1 -2.20994E1 -3.59116E1 -3.64641E1 -3.92265E1 -4.91713E1 -5.02762E1 -5.13812E1 -5.24862E1 -5.35912E1 -5.41436E1 -4.36464E1 -4.41989E1 -3.14917E1 -3.20442E1 -3.31492E1 -3.37017E1 -4.80663E1 -6.1326E1 -4.97238E1 -3.59116E1 -5.08287E1 -6.40884E1 -5.19337E1 -5.24862E1 -6.62983E1 -7.51381E1 -6.74033E1 -7.62431E1 -7.73481E1 -7.07182E1 -7.73481E1 -7.9558E1 -8.01105E1 -8.0663E1 -8.12155E1 -8.1768E1 -8.45304E1 -5.80111E1 -7.29282E1 -5.80111E1 -5.74586E1 -7.23757E1 -7.23757E1 -5.63536E1
-9999 -9999 -9999 -9999 -2.10525E0 -2.10525E0 -2.10525E0 -1.05262E0 -7.73481E0 -1.05262E0 -9.39227E0 -9.94475E0 -1.27072E1 -1.38122E1 -1.32597E1 -5.52486E0 -1.49171E1 -1.60221E1 -1.71271E1 -1.76796E1 -1.87845E1 -3.14917E1 -3.20442E1 -2.09945E1 -2.20994E1 -3.53591E1 -4.69613E1 -4.80663E1 -4.86188E1 -4.97238E1 -3.9779E1 -4.0884E1 -5.30387E1 -5.41436E1 -3.03867E1 -3.09392E1 -4.47514E1 -4.58564E1 -4.64088E1 -3.37017E1 -5.08287E1 -6.07735E1 -2.59669E1 -2.65193E1 -5.08287E1 -6.40884E1 -6.46409E1 -6.51934E1 -6.62983E1 -7.45856E1 -7.29282E1 -7.56906E1 -6.79558E1 -7.07182E1 -7.67956E1 -7.34807E1 -7.23757E1 -8.0663E1 -7.40331E1 -8.1768E1 -9.06077E1 -7.34807E1 -5.80111E1 -5.80111E1 -5.80111E1 -7.23757E1 -5.69061E1 -7.23757E1
-9999 -9999 -9999 -2.10525E0 -2.10525E0 -2.10525E0 -1.05262E0 -2.10525E0 -2.10525E0 -1.05262E0 -1.05262E0 -2.20994E0 -1.04972E1 -3.8674E0 -4.41989E0 -1.38122E1 -6.62983E0 -2.20994E0 -8.83978E0 -1.76796E1 -1.8232E1 -3.09392E1 -3.20442E1 -2.09945E1 -3.42541E1 -3.53591E1 -2.54144E1 -3.75691E1 -3.81215E1 -4.91713E1 -5.02762E1 -5.13812E1 -5.24862E1 -4.25414E1 -2.98343E1 -3.09392E1 -4.47514E1 -3.20442E1 -3.25967E1 -4.69613E1 -4.75138E1 -3.48066E1 -3.53591E1 -4.97238E1 -6.29834E1 -6.51934E1 -6.57459E1 -7.34807E1 -6.79558E1 -7.45856E1 -7.62431E1 -7.62431E1 -7.01657E1 -7.79006E1 -7.67956E1 -7.40331E1 -7.9558E1 -8.01105E1 -8.12155E1 -8.1768E1 -6.24309E1 -5.85635E1 -7.34807E1 -8.34254E1 -7.62431E1 -7.29282E1 -7.67956E1 -7.73481E1
-9999 -9999 -9999 -1.05262E0 -2.10525E0 -2.10525E0 -1.05262E0 -2.10525E0 -2.10525E0 -1.05262E0 -1.05262E0 -2.20994E0 1.1976E-1 -1.05262E0 5.98802E-2 -5.52486E0 -6.62983E0 -7.18232E0 -1.60221E1 -1.76796E1 -1.8232E1 -1.10497E1 -1.16022E1 -2.1547E1 -3.42541E1 -4.47514E1 -4.58564E1 -4.69613E1 -4.80663E1 -3.9779E1 -4.0884E1 -5.08287E1 -4.14365E1 -1.98895E1 -2.98343E1 -3.09392E1 -2.20994E1 -2.26519E1 -4.58564E1 -5.85635E1 -5.96685E1 -4.80663E1 -4.91713E1 -6.29834E1 -6.40884E1 -5.46961E1 -5.52486E1 -6.62983E1 -6.74033E1 -5.80111E1 -6.68508E1 -6.96133E1 -7.73481E1 -7.40331E1 -7.12707E1 -6.90608E1 -7.23757E1 -7.29282E1 -7.34807E1 -7.40331E1 -7.45856E1 -5.9116E1 -5.85635E1 -5.85635E1 -7.34807E1 -7.34807E1 -7.67956E1 -7.29282E1
-9999 -9999 -2.10525E0 -2.10525E0 -1.05262E0 -1.05262E0 -2.10525E0 -1.05262E0 -1.05262E0 -1.05262E0 -1.10497E0 -1.05262E0 1.1976E-1 -3.31492E0 -1.21547E1 -1.32597E1 -6.07735E0 -7.18232E0 -2.76243E0 -8.83978E0 -9.94475E0 -1.10497E1 -1.21547E1 -2.1547E1 -3.42541E1 -3.48066E1 -4.58564E1 -4.64088E1 -4.75138E1 -3.9779E1 -2.70718E1 -4.03315E1 -4.0884E1 -2.92818E1 -2.98343E1 -4.36464E1 -3.14917E1 -3.20442E1 -2.37569E1 -4.69613E1 -4.75138E1 -4.80663E1 -6.07735E1 -6.1326E1 -6.96133E1 -6.40884E1 -6.51934E1 -6.57459E1 -6.74033E1 -6.74033E1 -6.90608E1 -6.96133E1 -8.39779E1 -8.45304E1 -7.62431E1 -6.85083E1 -6.96133E1 -7.29282E1 -7.34807E1 -7.34807E1 -7.45856E1 -5.96685E1 -6.29834E1 -5.9116E1 -7.56906E1 -7.62431E1 -7.67956E1 -7.34807E1
-9999 -9999 -2.10525E0 -2.10525E0 -1.05262E0 -1.05262E0 -1.05262E0 -1.05262E0 -1.05262E0 -1.05262E0 -1.05262E0 -1.05262E0 -2.20994E0 -1.16022E1 -2.32044E1 -1.32597E1 -5.52486E-1 -1.65746E0 -2.76243E0 -3.31492E0 -8.83978E0 -1.10497E1 -1.16022E1 -1.27072E1 -2.26519E1 -3.48066E1 -3.64641E1 -4.64088E1 -4.69613E1 -3.92265E1 -3.92265E1 -2.92818E1 -5.13812E1 -4.19889E1 -4.25414E1 -5.46961E1 -4.41989E1 -4.47514E1 -2.37569E1 -2.43094E1 -3.42541E1 -4.80663E1 -4.86188E1 -6.1326E1 -6.96133E1 -6.24309E1 -6.35359E1 -6.40884E1 -6.62983E1 -6.68508E1 -6.85083E1 -6.85083E1 -7.51381E1 -7.79006E1 -7.51381E1 -7.56906E1 -6.46409E1 -6.07735E1 -6.07735E1 -6.0221E1 -7.45856E1 -7.45856E1 -5.96685E1 -8.28729E1 -7.56906E1 -6.57459E1 -6.62983E1 -6.68508E1
-9999 -1.05262E0 -2.10525E0 -2.10525E0 -2.10525E0 -1.05262E0 -1.05262E0 -5.52486E0 -1.05262E0 -1.05262E0 1.1976E-1 1.1976E-1 -2.20994E0 -1.04972E1 -3.8674E0 -4.97238E0 -5.52486E-1 -1.65746E0 -2.76243E0 -3.31492E0 -9.94475E0 -1.10497E1 -1.98895E1 -1.27072E1 -2.1547E1 -3.48066E1 -3.59116E1 -4.58564E1 -4.69613E1 -4.80663E1 -3.92265E1 -3.9779E1 -4.19889E1 -4.19889E1 -4.25414E1 -4.30939E1 -3.14917E1 -3.20442E1 -3.25967E1 -4.64088E1 -4.69613E1 -4.75138E1 -4.86188E1 -4.91713E1 -6.18785E1 -6.24309E1 -5.13812E1 -5.19337E1 -6.68508E1 -6.68508E1 -6.85083E1 -6.85083E1 -7.45856E1 -7.51381E1 -7.56906E1 -7.62431E1 -6.1326E1 -6.1326E1 -6.1326E1 -6.07735E1 -7.40331E1 -6.0221E1 -7.51381E1 -8.34254E1 -7.56906E1 -6.57459E1 -6.57459E1 -6.62983E1
