ENM/Final_Models/M_0.8_F_q_Set_1_E/Gustavia_santanderiensis_3_Choco.asc
ncols         367
nrows         963
xllcorner     -78.6
yllcorner     0.65
cellsize      0.00833333333333323
NODATA_value  -9999
[rows 782 to 815 of 963, columns 150 to 224 of 367]
4.67771E-5 2.06547E-5 2.37702E-5 4.54926E-5 1.2465E-4 3.32035E-4 5.7507E-4 2.4389E-4 7.40405E-5 3.13654E-4 4.94674E-4 2.4749E-4 6.56417E-5 2.20527E-5 4.49354E-5 4.4411E-5 3.09782E-5 3.39424E-5 2.21741E-5 1.85392E-5 3.08305E-5 1.15484E-4 7.35806E-5 5.99788E-5 2.33159E-4 1.55549E-3 3.73253E-3 3.93572E-3 1.41008E-2 2.4456E-2 -9999 -9999 -9999 -9999 -9999 -9999 -9999 -9999 -9999 -9999 -9999 -9999 -9999 -9999 -9999 -9999 -9999 2.47351E-2 1.76761E-2 1.38458E-2 2.37782E-2 1.58711E-2 1.84885E-2 3.06675E-2 2.29575E-2 1.69428E-2 1.31991E-2 9.88244E-3 9.21734E-3 1.19901E-2 9.45706E-3 7.85681E-3 8.70653E-3 8.27162E-3 7.19755E-3 6.53535E-3 2.73987E-3 3.04795E-3 2.26461E-3 1.83546E-3 8.57418E-4 5.71477E-4 2.19183E-4 6.32566E-5 4.23219E-5
1.85772E-5 3.98842E-5 2.49131E-5 5.88199E-5 1.45536E-4 3.15028E-4 2.00449E-4 8.39546E-5 1.07126E-4 1.10866E-4 7.14552E-5 1.51283E-4 7.0391E-5 1.66726E-5 3.03194E-5 1.83498E-5 1.44585E-5 1.7596E-5 1.55326E-5 3.51489E-5 6.83131E-5 1.81344E-4 1.94761E-4 2.7636E-4 6.25429E-4 3.0514E-3 8.52704E-3 1.51212E-2 -9999 -9999 6.36882E-3 -9999 -9999 -9999 -9999 -9999 -9999 -9999 -9999 -9999 -9999 -9999 -9999 -9999 -9999 -9999 3.44454E-2 2.67216E-2 2.41283E-2 1.20244E-2 2.89597E-2 3.13443E-2 3.34476E-2 2.97022E-2 2.16649E-2 9.65206E-3 6.31239E-3 5.80934E-3 8.16828E-3 1.34943E-2 4.23703E-3 2.59386E-3 6.52399E-3 7.59495E-3 5.71589E-3 3.32886E-3 3.27227E-3 3.95987E-3 1.23223E-3 5.04392E-4 4.25044E-4 4.31486E-4 3.11879E-4 8.13387E-5 2.82743E-5
8.00685E-5 4.91936E-5 5.20182E-5 7.26611E-5 2.2486E-4 1.49589E-4 5.4188E-5 2.29122E-5 1.44424E-5 2.63517E-5 2.52875E-5 8.22339E-5 3.41613E-5 1.68846E-5 3.86238E-5 2.97722E-5 1.05629E-5 1.56023E-5 3.97829E-5 8.82219E-5 1.30697E-4 7.93924E-4 3.54641E-4 1.38508E-3 3.16626E-3 7.63454E-3 1.46907E-2 -9999 -9999 -9999 1.75426E-2 -9999 -9999 -9999 -9999 -9999 -9999 -9999 -9999 -9999 -9999 -9999 -9999 -9999 -9999 1.76794E-2 1.82693E-2 1.29038E-2 1.67314E-2 1.36104E-2 3.07511E-2 3.5007E-2 2.71243E-2 1.56445E-2 6.44324E-3 1.80057E-3 9.73875E-3 5.16061E-3 5.55395E-3 4.61548E-3 9.17044E-3 2.50133E-3 1.9728E-3 9.49248E-4 1.74389E-3 1.64022E-3 1.14084E-3 1.03328E-3 1.16333E-3 6.33313E-4 3.31666E-4 9.35584E-5 6.41807E-5 1.35665E-4 1.29208E-4
4.40791E-5 4.10062E-5 8.07651E-6 7.29703E-5 1.76533E-4 8.87127E-5 2.65325E-5 3.37075E-5 2.59106E-5 2.16709E-5 1.52745E-5 3.59186E-5 1.82572E-5 2.95465E-5 3.91132E-5 2.52291E-5 2.11183E-5 3.76958E-5 1.00865E-4 2.06176E-4 4.70722E-4 2.29509E-3 1.63966E-4 7.30209E-4 3.42039E-3 1.24255E-2 1.04961E-2 -9999 -9999 -9999 2.8291E-2 -9999 -9999 -9999 -9999 -9999 -9999 -9999 -9999 -9999 -9999 -9999 -9999 -9999 1.13541E-2 1.18238E-2 1.3514E-2 1.10444E-2 1.09165E-2 1.98746E-2 3.57317E-2 4.02445E-2 1.66391E-2 1.69588E-2 2.98149E-3 1.04464E-3 6.41056E-3 4.81065E-3 1.89742E-3 2.20513E-3 9.35864E-3 3.9961E-3 1.25304E-3 8.67972E-4 1.27824E-3 6.47259E-4 2.41646E-4 2.25765E-4 1.78586E-3 8.07285E-4 2.44535E-4 1.36674E-4 2.15102E-4 8.83198E-5 8.54887E-5
3.75127E-5 3.6754E-5 8.49073E-6 1.81233E-5 5.66356E-5 1.35491E-4 7.60988E-5 6.33557E-5 3.45215E-5 4.8619E-5 1.56437E-5 1.82592E-5 1.58674E-5 3.61806E-5 5.76694E-5 2.26836E-5 2.99271E-5 3.3473E-5 1.4894E-4 3.02257E-4 5.53442E-4 1.51277E-3 1.65672E-4 1.94084E-4 1.85431E-3 3.70411E-3 -9999 -9999 -9999 -9999 -9999 -9999 -9999 -9999 -9999 -9999 -9999 -9999 -9999 -9999 -9999 -9999 -9999 -9999 -9999 1.32494E-2 1.2323E-2 1.0665E-2 1.48999E-2 3.06928E-2 3.6025E-2 1.92922E-2 1.09912E-2 6.04219E-3 2.47687E-3 8.42721E-4 3.06023E-3 2.96295E-3 1.40999E-3 1.92024E-3 8.4058E-3 7.52513E-3 1.82139E-3 1.25947E-3 3.19905E-4 2.7376E-4 1.65904E-4 3.20146E-4 5.61477E-4 9.27257E-4 9.90175E-5 7.20649E-5 1.86614E-4 1.80723E-4 1.88713E-4
8.21922E-5 3.68401E-6 1.00642E-4 1.2533E-4 6.72248E-5 1.35378E-4 6.57892E-5 1.33651E-5 3.03388E-5 1.49362E-4 7.51993E-5 2.1819E-5 2.43204E-5 6.76745E-5 1.38879E-4 2.13922E-5 2.05013E-5 4.36717E-5 1.52609E-4 2.43122E-4 6.59281E-4 9.0249E-4 1.32241E-3 1.68298E-4 5.07096E-4 3.35299E-3 -9999 -9999 -9999 -9999 -9999 -9999 -9999 -9999 -9999 -9999 -9999 -9999 -9999 -9999 -9999 -9999 -9999 -9999 -9999 2.09419E-2 1.62999E-2 3.77919E-2 2.92593E-2 5.23087E-2 4.28267E-2 2.40001E-2 1.55087E-2 4.3163E-3 1.07048E-3 7.48667E-4 2.08719E-3 2.98836E-3 2.69534E-3 2.70053E-3 9.65949E-3 8.75194E-3 2.04255E-3 8.26755E-4 9.4225E-5 2.24179E-4 8.23841E-5 2.67942E-4 4.89448E-4 1.24281E-4 6.42566E-5 1.06114E-4 5.80304E-5 2.52313E-4 2.5553E-4
4.74677E-5 1.55983E-5 9.1992E-5 1.01745E-4 5.0267E-5 3.10704E-5 2.14457E-5 9.7848E-6 2.74818E-5 7.75515E-5 4.41934E-5 3.37775E-5 4.67644E-5 9.5374E-5 3.05366E-4 5.6739E-5 8.09173E-6 1.39379E-5 1.24423E-4 3.70222E-4 1.07882E-3 2.58947E-3 1.18833E-3 1.06625E-3 2.37276E-4 2.44576E-3 6.06785E-3 -9999 -9999 -9999 -9999 -9999 -9999 -9999 -9999 -9999 -9999 -9999 -9999 -9999 -9999 -9999 -9999 2.22704E-2 3.522E-2 2.27399E-2 1.83411E-2 4.32135E-2 5.0768E-2 3.16144E-2 1.97034E-2 2.08137E-2 1.04762E-2 4.34405E-3 2.7886E-4 1.66478E-4 2.92536E-4 8.82992E-4 2.55141E-3 4.13144E-3 4.55592E-3 7.95725E-3 3.35311E-3 3.86088E-4 4.75298E-4 2.16344E-4 1.61708E-4 2.15573E-4 2.52197E-4 3.69917E-4 9.68576E-5 1.74056E-4 2.19804E-4 2.44201E-4 1.93656E-4
2.28766E-5 1.15069E-5 8.99259E-5 3.6559E-5 1.81541E-5 3.25275E-5 3.30338E-5 3.3253E-5 1.9651E-5 2.12259E-5 1.17195E-5 8.35781E-6 1.99806E-5 5.67707E-5 3.19159E-4 7.03314E-5 2.09863E-5 3.07296E-5 7.72103E-5 9.95529E-4 4.16469E-3 4.79173E-3 3.50083E-3 1.76662E-3 1.07359E-3 4.07195E-3 1.10071E-2 1.35647E-2 -9999 -9999 -9999 -9999 -9999 -9999 -9999 -9999 -9999 -9999 -9999 -9999 -9999 -9999 1.36671E-2 2.30594E-2 4.09795E-2 1.96107E-2 3.17455E-2 3.50564E-2 1.87923E-2 1.76917E-2 1.88952E-2 1.78686E-2 2.40909E-3 2.53168E-3 8.2831E-4 4.22621E-4 1.42473E-4 1.08307E-3 1.17664E-3 2.31167E-3 1.11399E-3 2.27799E-3 2.87572E-3 1.07025E-3 6.15354E-4 2.57813E-4 1.8639E-4 1.47505E-4 1.48323E-4 1.88358E-4 1.46089E-4 2.26713E-4 2.26502E-4 2.95456E-4 3.12267E-4
3.17988E-5 3.19875E-5 3.7469E-5 1.38196E-5 5.0196E-6 5.37533E-5 7.89944E-5 8.57653E-5 1.05024E-5 7.17194E-5 2.47342E-4 7.64824E-5 1.68789E-4 5.59962E-4 1.47573E-4 6.95567E-5 2.70473E-5 3.44515E-5 3.3514E-4 8.36302E-4 3.02756E-3 1.06326E-2 4.35566E-3 4.6406E-3 6.47317E-3 2.39136E-3 7.92076E-3 -9999 -9999 -9999 -9999 -9999 -9999 -9999 -9999 -9999 -9999 -9999 -9999 -9999 -9999 -9999 1.44877E-2 1.77181E-2 3.92458E-2 3.82179E-2 2.86362E-2 1.66039E-2 8.4906E-3 6.03038E-3 6.41273E-3 8.36029E-3 3.10242E-3 3.9289E-4 4.51779E-4 3.52786E-4 3.34589E-4 6.58286E-4 4.45069E-4 1.56534E-3 8.18062E-4 7.21781E-4 2.95051E-3 1.0563E-3 7.45681E-5 2.27442E-4 1.61335E-4 1.84039E-4 1.82668E-4 1.98128E-4 2.09822E-4 2.48466E-4 2.27313E-4 2.6263E-4 3.33435E-4
1.41577E-5 7.5717E-6 6.58977E-6 1.60221E-5 3.18464E-5 5.40913E-5 5.6598E-5 6.97228E-5 2.01461E-5 3.66564E-5 4.3649E-4 6.40182E-4 8.16143E-4 1.14304E-3 1.08824E-4 1.82181E-5 2.67462E-5 1.45058E-4 6.66596E-4 1.18203E-3 4.73672E-3 -9999 6.78552E-3 1.25047E-2 6.92459E-3 8.0253E-3 6.57778E-3 -9999 -9999 -9999 -9999 -9999 -9999 -9999 -9999 -9999 -9999 -9999 -9999 -9999 -9999 -9999 1.35774E-2 2.70071E-2 5.21358E-2 5.247E-2 2.43175E-2 9.24011E-3 6.46162E-3 6.37877E-3 3.94428E-3 2.31191E-3 6.25262E-3 6.13978E-4 6.14529E-4 3.89287E-4 4.55386E-4 3.09134E-4 5.03511E-4 4.98371E-4 2.64922E-4 5.13734E-4 1.39931E-3 9.42021E-4 7.51991E-5 2.26648E-4 1.01801E-4 1.55103E-4 1.86183E-4 1.70593E-4 1.77253E-4 1.14764E-4 1.99993E-4 1.9514E-4 1.7703E-4
5.04108E-6 1.35381E-5 4.07037E-6 2.69342E-5 2.80574E-5 5.11407E-5 1.76367E-5 4.14571E-5 5.81883E-6 7.60386E-6 1.44021E-4 2.22201E-3 1.01719E-3 3.28971E-4 3.91717E-5 2.9906E-5 7.20459E-5 5.25935E-4 1.31125E-3 2.03799E-3 3.49315E-3 -9999 -9999 -9999 2.12863E-2 1.63166E-2 5.5077E-2 -9999 -9999 -9999 -9999 -9999 -9999 -9999 -9999 -9999 -9999 -9999 -9999 -9999 -9999 -9999 -9999 -9999 -9999 3.72552E-2 1.01101E-2 1.04496E-2 1.13854E-2 4.71642E-3 1.38334E-3 4.43958E-4 1.05914E-3 7.34972E-4 5.12702E-4 1.19228E-4 9.25561E-5 5.84925E-5 2.33646E-4 3.41185E-4 9.47872E-5 8.17531E-5 4.1116E-4 1.66506E-3 2.60323E-4 1.65652E-4 1.04965E-4 1.27729E-4 1.11888E-4 1.67017E-4 1.97547E-4 8.13512E-5 8.86684E-5 1.12595E-4 2.0467E-4
3.01799E-5 1.63278E-5 2.62708E-6 1.04415E-5 1.63953E-5 6.94546E-6 1.29661E-5 2.20521E-5 2.11715E-5 5.84449E-5 1.68519E-4 2.45794E-3 7.94882E-4 5.07767E-5 2.44297E-5 4.69084E-5 1.78246E-4 6.74874E-4 2.09801E-3 5.24965E-3 9.14505E-3 1.14025E-2 -9999 -9999 -9999 -9999 -9999 -9999 -9999 -9999 -9999 -9999 -9999 -9999 -9999 -9999 -9999 -9999 -9999 -9999 -9999 -9999 -9999 4.98819E-2 1.93545E-2 1.07331E-2 1.77171E-2 1.16405E-2 5.08269E-3 1.63633E-3 1.41011E-3 3.85086E-4 7.29181E-4 1.02528E-3 2.64055E-4 4.68355E-5 7.98725E-5 4.70444E-5 1.28424E-4 7.3034E-5 9.95445E-5 1.54172E-4 6.0552E-4 3.32642E-4 6.6727E-4 1.48073E-4 1.08254E-4 1.09621E-4 9.00554E-5 9.34671E-5 1.0419E-4 1.28187E-4 1.40543E-4 2.12756E-4 1.17031E-4
1.05414E-5 2.7987E-5 9.31202E-6 9.56001E-6 5.87103E-6 6.69018E-6 8.04239E-6 1.81023E-5 2.72838E-4 1.60411E-4 2.16265E-3 1.62822E-3 5.12358E-4 7.22656E-5 1.14706E-5 1.58429E-4 6.45986E-4 1.62728E-3 4.04238E-3 6.79686E-3 4.13251E-3 7.97495E-3 -9999 -9999 -9999 -9999 -9999 -9999 -9999 -9999 -9999 -9999 -9999 -9999 -9999 -9999 -9999 -9999 -9999 -9999 -9999 -9999 4.37237E-2 3.47975E-2 -9999 1.97599E-2 1.7058E-2 4.14583E-3 4.00476E-3 3.96193E-3 1.63601E-3 9.05891E-4 3.73884E-4 1.72329E-4 2.38214E-4 1.67856E-4 1.94711E-4 1.67706E-4 2.04339E-4 1.20824E-4 5.34087E-5 1.08798E-4 2.52355E-4 2.22878E-4 6.30658E-4 1.05107E-4 1.09875E-4 2.07254E-4 1.56165E-4 7.79901E-5 8.03944E-5 1.34813E-4 1.22186E-4 1.99938E-4 2.36754E-4
1.52786E-5 1.47606E-5 4.05237E-5 5.43998E-5 5.84144E-6 1.4861E-5 3.00519E-5 2.97332E-5 4.86257E-4 2.22244E-3 3.44232E-3 1.04819E-3 3.81045E-4 8.25806E-6 2.25242E-5 1.36584E-4 1.14245E-3 2.94788E-3 1.10827E-2 7.7321E-3 1.21186E-2 -9999 -9999 -9999 -9999 -9999 -9999 -9999 -9999 -9999 -9999 -9999 -9999 -9999 -9999 -9999 -9999 -9999 -9999 -9999 -9999 3.31404E-2 3.5381E-2 -9999 -9999 3.29054E-2 2.80265E-2 9.05887E-3 5.88472E-3 1.58144E-3 4.35972E-3 3.35294E-3 7.49727E-4 1.36082E-4 3.01643E-4 1.26805E-4 1.49576E-4 2.56807E-4 1.91339E-4 2.56799E-4 1.72626E-4 1.27303E-4 1.0873E-4 9.35976E-5 1.05712E-4 1.69415E-4 9.28207E-5 7.15543E-5 9.00929E-5 1.91396E-4 1.23932E-4 1.06265E-4 1.30801E-4 1.2853E-4 1.34812E-4
1.21645E-5 1.14878E-5 9.74157E-6 2.47141E-5 1.35451E-4 1.43462E-4 3.03691E-6 6.89818E-5 1.20624E-4 2.19906E-3 4.07361E-3 -9999 -9999 7.90012E-5 7.0044E-5 6.65788E-4 1.10526E-3 2.8236E-3 8.30242E-3 1.57315E-2 -9999 -9999 -9999 -9999 -9999 -9999 -9999 -9999 -9999 -9999 -9999 -9999 -9999 -9999 -9999 -9999 -9999 -9999 -9999 -9999 -9999 -9999 -9999 -9999 -9999 1.38385E-2 1.3248E-2 2.22982E-2 1.66275E-2 1.27586E-2 5.6294E-3 7.19565E-3 1.83975E-3 1.21844E-3 6.82564E-4 1.59626E-4 1.67002E-4 1.25581E-4 1.14463E-4 2.04986E-4 1.35434E-4 1.86957E-4 1.75904E-4 1.534E-4 8.3666E-5 9.4155E-5 1.04233E-4 5.31632E-5 6.10477E-5 1.21028E-4 2.89906E-4 2.28875E-4 1.9238E-4 3.12145E-4 3.59443E-4
3.65666E-6 3.87594E-6 1.04603E-5 1.13615E-5 1.38219E-5 2.8096E-4 6.29539E-4 1.57377E-4 2.6216E-4 4.23494E-3 5.26294E-3 -9999 -9999 2.14671E-4 4.41142E-4 1.58321E-3 3.32075E-3 4.91367E-3 1.02008E-2 7.94803E-3 2.27954E-2 -9999 -9999 -9999 -9999 -9999 -9999 -9999 -9999 -9999 -9999 -9999 -9999 -9999 -9999 -9999 -9999 -9999 -9999 -9999 -9999 -9999 -9999 -9999 -9999 1.05901E-2 8.31106E-3 1.69313E-2 7.87876E-3 4.75728E-3 4.65595E-3 2.9592E-3 2.23809E-3 1.19806E-3 1.49443E-3 4.80537E-4 1.57395E-4 1.53162E-4 1.90684E-4 1.86269E-4 1.31768E-4 3.45497E-4 2.2911E-4 1.66741E-4 1.26766E-4 6.30474E-5 1.04148E-4 7.51323E-5 6.69006E-5 8.47908E-5 2.78072E-4 5.16949E-4 3.30403E-4 6.61E-4 7.27278E-4
6.13822E-6 4.02519E-6 1.74012E-5 6.56277E-6 1.11061E-5 2.4341E-5 3.99558E-4 1.17757E-3 2.7348E-3 6.16748E-3 5.59197E-3 -9999 -9999 1.58889E-3 1.88525E-3 3.02761E-3 3.39075E-3 1.3351E-2 1.08347E-2 7.78484E-3 2.87934E-2 -9999 -9999 -9999 -9999 -9999 -9999 -9999 -9999 -9999 -9999 -9999 -9999 -9999 -9999 -9999 -9999 -9999 -9999 -9999 -9999 -9999 -9999 -9999 -9999 6.94774E-3 5.53421E-3 1.46316E-2 4.6979E-3 1.24727E-3 4.18208E-4 8.55116E-4 5.48609E-4 8.69776E-4 2.00691E-4 4.40595E-4 2.32887E-4 2.05867E-4 2.45111E-4 1.47627E-4 1.45144E-4 1.47227E-4 2.10386E-4 1.51624E-4 5.12736E-5 1.24906E-4 1.23262E-4 1.33958E-4 1.14587E-4 1.08753E-4 2.07063E-4 4.15736E-4 4.29766E-4 5.68166E-4 6.82289E-4
1.97354E-5 5.95987E-5 2.87301E-5 9.23056E-6 1.06479E-5 1.27021E-5 4.86295E-5 2.80189E-4 5.06546E-3 -9999 -9999 -9999 -9999 4.7484E-3 3.30194E-3 7.08192E-3 9.67412E-3 1.22939E-2 -9999 -9999 -9999 -9999 -9999 -9999 -9999 -9999 -9999 -9999 -9999 -9999 -9999 -9999 -9999 -9999 -9999 -9999 -9999 -9999 -9999 -9999 -9999 -9999 -9999 -9999 4.00339E-3 5.90193E-3 3.77204E-3 4.92823E-3 2.94912E-3 6.28404E-4 5.84483E-4 8.63784E-4 2.81161E-3 4.58357E-4 2.32107E-4 2.59047E-4 2.2329E-4 1.37748E-4 1.92531E-4 1.62465E-4 1.66841E-4 1.97433E-4 2.13102E-4 1.35344E-4 8.90507E-5 1.25205E-4 6.52614E-5 1.31091E-4 9.09449E-5 9.44841E-5 1.51099E-4 1.31199E-4 2.11702E-4 4.92453E-4 5.58642E-4
1.45201E-4 4.67466E-5 1.67086E-5 1.13465E-5 1.19742E-5 8.56788E-6 3.57174E-5 7.56194E-4 7.51227E-3 -9999 -9999 -9999 -9999 2.89625E-3 9.80027E-3 4.72696E-3 2.66501E-2 5.36782E-2 -9999 -9999 -9999 -9999 -9999 -9999 -9999 -9999 -9999 -9999 -9999 -9999 -9999 -9999 -9999 -9999 -9999 -9999 -9999 -9999 -9999 -9999 -9999 -9999 -9999 -9999 1.28101E-3 8.00679E-4 6.07204E-3 3.0461E-3 1.74169E-3 1.42406E-3 5.18408E-4 2.05067E-4 7.5717E-4 5.20552E-4 2.79112E-4 3.36123E-4 2.47111E-4 2.32484E-4 5.06336E-4 3.27499E-4 3.63733E-4 3.70841E-4 6.34821E-4 3.83806E-4 1.31042E-4 7.30212E-5 6.13314E-5 1.20006E-4 2.04828E-4 6.70419E-5 7.30553E-5 7.40895E-5 1.58291E-4 2.65096E-4 5.45806E-4
1.76327E-4 3.15971E-5 1.25411E-5 1.03339E-5 1.39208E-5 1.53354E-5 9.60349E-5 9.36055E-4 7.8085E-3 6.40211E-3 -9999 -9999 -9999 -9999 -9999 2.46118E-2 3.17782E-2 4.42564E-2 -9999 -9999 -9999 -9999 -9999 -9999 -9999 -9999 -9999 -9999 -9999 -9999 -9999 -9999 -9999 -9999 -9999 -9999 -9999 -9999 -9999 -9999 -9999 -9999 -9999 -9999 8.66628E-4 2.19891E-3 3.8588E-3 1.61591E-3 3.20176E-4 4.68696E-4 6.7244E-4 7.0274E-4 7.84689E-4 2.08953E-4 2.72044E-4 2.85495E-4 3.08917E-4 6.01795E-4 2.49331E-4 3.25946E-4 5.70673E-4 5.85273E-4 7.82198E-4 3.77366E-4 1.12102E-4 1.59405E-4 3.78115E-4 9.84753E-5 7.09291E-5 8.44291E-5 5.20839E-5 7.31793E-5 8.58897E-5 1.06392E-4 4.27658E-4
1.67111E-4 3.65567E-5 1.48992E-5 9.53926E-6 1.34932E-5 2.12418E-5 3.47808E-4 1.6433E-3 5.593E-3 3.69526E-3 -9999 -9999 -9999 -9999 -9999 -9999 3.99339E-2 -9999 -9999 -9999 -9999 -9999 -9999 -9999 -9999 -9999 -9999 -9999 -9999 -9999 -9999 -9999 -9999 -9999 -9999 -9999 -9999 -9999 -9999 -9999 -9999 -9999 -9999 -9999 5.94098E-3 9.15202E-4 1.8478E-3 1.08293E-3 4.86394E-4 7.0298E-4 7.69515E-4 6.83294E-4 2.36083E-4 1.55665E-4 1.22462E-4 1.26546E-4 1.57941E-4 6.59151E-4 4.44948E-4 5.80412E-4 7.48335E-4 8.795E-4 8.70703E-4 7.30016E-4 6.6541E-4 6.05734E-4 2.24204E-4 1.05113E-4 1.09023E-4 1.09429E-4 5.30268E-5 6.32014E-5 1.2596E-4 2.94752E-4 4.28264E-4
6.84296E-4 2.20087E-4 3.73951E-5 1.95158E-5 7.76082E-6 1.48964E-5 5.52834E-5 8.4045E-4 7.03019E-4 6.9592E-4 1.68584E-3 2.60247E-3 6.42199E-3 -9999 -9999 -9999 -9999 -9999 -9999 -9999 -9999 -9999 -9999 -9999 -9999 -9999 -9999 -9999 -9999 -9999 -9999 -9999 -9999 -9999 -9999 -9999 -9999 -9999 -9999 -9999 -9999 -9999 -9999 -9999 6.66987E-3 1.75651E-3 2.48364E-3 2.9979E-3 2.24031E-3 5.68454E-4 4.03645E-4 1.7485E-4 1.11568E-4 2.25627E-4 4.6239E-4 8.22054E-5 8.13764E-5 1.43915E-4 6.01826E-4 9.88581E-4 1.01037E-3 6.27098E-4 5.07787E-4 3.66831E-4 6.60548E-4 6.44817E-4 7.31642E-5 4.45497E-5 4.4674E-5 5.59652E-5 7.26194E-5 6.78257E-5 1.12856E-4 4.22047E-4 7.29191E-4
6.87443E-4 2.0033E-4 2.23274E-5 1.26208E-5 9.45977E-6 8.37137E-6 1.0353E-4 1.1956E-3 1.02177E-3 1.72321E-3 2.36271E-3 1.64954E-3 2.65135E-3 9.57939E-3 2.34154E-2 -9999 -9999 -9999 -9999 -9999 -9999 -9999 -9999 -9999 -9999 -9999 -9999 -9999 -9999 -9999 -9999 -9999 -9999 -9999 -9999 -9999 -9999 -9999 -9999 -9999 -9999 -9999 -9999 -9999 -9999 3.20062E-3 2.48656E-3 3.77408E-3 2.18683E-3 4.12386E-4 1.54223E-4 9.40215E-5 6.52339E-5 8.26254E-5 1.96581E-4 1.33232E-4 8.40301E-5 1.43984E-4 1.51811E-4 6.34049E-4 4.64049E-4 2.08668E-4 2.66444E-4 2.02068E-4 3.06465E-4 4.39158E-4 1.16676E-4 8.13345E-5 8.63995E-5 1.21492E-4 7.62679E-5 9.07952E-5 1.69648E-4 4.76763E-4 6.31484E-4
8.55998E-4 1.63734E-4 2.64726E-5 1.35671E-5 5.47916E-6 9.04132E-6 5.93969E-5 8.19757E-4 3.23905E-3 2.93242E-3 4.05089E-3 2.57909E-3 2.47066E-3 2.05005E-2 6.19272E-2 3.03147E-2 -9999 -9999 -9999 -9999 -9999 -9999 -9999 -9999 -9999 -9999 -9999 -9999 -9999 -9999 -9999 -9999 -9999 -9999 -9999 -9999 -9999 -9999 -9999 -9999 -9999 -9999 -9999 -9999 -9999 6.1747E-3 2.8289E-3 2.15871E-3 1.90031E-3 1.07669E-3 1.79965E-4 1.26027E-4 1.95061E-4 3.33774E-4 1.50878E-4 4.74454E-5 1.31592E-4 1.51101E-4 9.2863E-5 1.30252E-4 9.0517E-5 8.23078E-5 9.94104E-5 1.2279E-4 1.65065E-4 2.38156E-4 1.87261E-4 1.23966E-4 1.84776E-4 1.738E-4 1.12665E-4 9.2469E-5 1.44334E-4 2.15075E-4 5.51548E-4
6.85068E-4 7.50081E-5 9.80083E-6 9.12186E-6 5.8998E-6 3.79321E-5 6.63078E-4 1.09267E-3 6.5257E-3 5.96832E-3 2.10019E-2 -9999 3.41916E-3 2.46072E-2 -9999 -9999 -9999 -9999 -9999 -9999 -9999 -9999 -9999 -9999 -9999 -9999 -9999 -9999 -9999 -9999 -9999 -9999 -9999 -9999 -9999 -9999 -9999 -9999 -9999 -9999 -9999 -9999 -9999 -9999 -9999 -9999 7.62561E-3 4.89892E-3 3.66865E-3 5.09326E-4 1.78526E-4 1.57926E-4 5.47808E-4 3.07673E-4 8.99138E-5 3.38385E-5 3.81872E-5 6.16827E-5 6.71542E-5 1.24135E-4 7.75897E-5 6.99271E-5 5.62737E-5 6.90066E-5 1.02033E-4 1.47886E-4 4.46215E-4 5.82755E-4 6.90063E-4 5.78797E-4 3.13827E-4 2.51673E-4 1.73066E-4 5.06272E-4 4.08573E-4
2.69018E-4 5.06326E-5 9.35861E-6 8.48278E-6 2.04896E-5 7.82622E-4 1.48451E-3 1.70125E-3 7.7735E-3 6.18716E-3 2.37634E-2 -9999 7.47016E-3 -9999 -9999 -9999 -9999 -9999 -9999 -9999 -9999 -9999 -9999 -9999 -9999 -9999 -9999 -9999 -9999 -9999 -9999 -9999 -9999 -9999 -9999 -9999 -9999 -9999 -9999 -9999 -9999 -9999 -9999 -9999 -9999 -9999 -9999 4.67652E-3 5.22601E-3 1.28435E-3 2.12352E-4 3.80178E-4 3.32853E-4 2.34294E-4 1.14306E-4 7.06584E-5 5.75988E-5 3.77753E-5 3.27083E-5 9.63354E-5 7.95784E-5 7.92421E-5 5.95513E-5 7.89589E-5 1.04086E-4 2.32761E-4 4.42558E-4 6.19522E-4 4.86502E-4 5.0237E-4 4.61594E-4 4.70187E-4 3.6563E-4 4.48989E-4 -9999
2.62231E-4 3.86174E-5 8.62049E-6 1.6251E-5 5.03104E-5 8.86281E-4 3.49676E-3 3.79488E-3 7.26907E-3 2.49212E-2 -9999 -9999 -9999 -9999 -9999 -9999 -9999 -9999 -9999 -9999 -9999 -9999 -9999 -9999 -9999 -9999 -9999 -9999 -9999 -9999 -9999 -9999 -9999 -9999 -9999 -9999 -9999 -9999 -9999 -9999 -9999 -9999 -9999 -9999 -9999 -9999 -9999 -9999 3.56836E-3 3.32984E-4 5.51547E-4 8.65551E-4 6.39127E-4 2.06207E-4 1.29832E-4 9.72645E-5 1.00982E-4 8.52613E-5 6.4622E-5 3.57097E-5 1.4864E-4 8.17747E-5 7.56581E-5 1.34492E-4 1.76818E-4 2.88291E-4 9.8324E-5 3.2428E-4 2.39552E-4 2.04875E-4 3.37749E-4 4.27355E-4 1.82513E-4 -9999 -9999
4.31222E-4 8.99615E-5 2.1331E-5 8.18926E-6 2.63006E-4 2.4079E-3 3.66889E-3 9.58457E-3 5.14024E-3 1.1058E-2 -9999 -9999 -9999 -9999 -9999 -9999 -9999 -9999 -9999 -9999 -9999 -9999 -9999 -9999 -9999 -9999 -9999 -9999 -9999 -9999 -9999 -9999 -9999 -9999 -9999 -9999 -9999 -9999 -9999 -9999 -9999 -9999 6.06202E-3 4.95212E-3 5.88328E-3 -9999 -9999 -9999 -9999 4.08762E-3 5.20841E-3 2.58188E-3 7.56745E-4 2.69229E-4 9.27363E-5 1.00253E-4 9.35273E-5 1.97606E-4 8.28966E-5 9.94289E-6 7.1084E-5 1.56796E-4 1.82263E-4 2.0871E-4 2.97152E-4 2.89767E-4 1.59096E-4 1.23517E-4 1.6256E-4 1.96302E-4 3.92892E-4 3.19242E-4 -9999 -9999 -9999
4.10117E-5 2.40337E-5 9.42253E-6 1.25346E-4 8.23723E-4 2.99342E-3 7.48081E-3 1.63187E-2 -9999 -9999 7.85298E-3 -9999 -9999 -9999 -9999 -9999 -9999 -9999 -9999 -9999 -9999 -9999 -9999 -9999 -9999 -9999 -9999 -9999 -9999 -9999 -9999 -9999 -9999 -9999 -9999 -9999 -9999 -9999 -9999 -9999 -9999 -9999 1.0316E-3 1.1532E-3 4.15332E-3 5.41448E-3 6.09657E-3 -9999 -9999 1.26718E-2 9.77483E-3 7.02015E-3 5.85048E-4 1.38424E-4 3.09217E-4 3.66171E-4 3.67616E-4 2.56652E-4 6.31723E-5 1.44223E-5 1.37924E-4 1.72293E-4 9.47719E-5 2.42529E-4 1.88213E-4 2.36394E-4 2.04936E-4 1.12594E-4 1.68948E-4 1.64634E-4 3.4166E-4 -9999 -9999 -9999 -9999
2.30693E-5 3.49052E-5 4.64524E-5 4.49872E-4 3.04373E-3 3.67058E-3 1.09616E-2 1.48853E-2 -9999 -9999 1.13332E-2 -9999 -9999 -9999 -9999 -9999 -9999 -9999 -9999 -9999 -9999 -9999 -9999 -9999 -9999 -9999 -9999 -9999 -9999 -9999 -9999 -9999 -9999 -9999 -9999 -9999 -9999 -9999 -9999 -9999 -9999 -9999 7.82741E-4 7.12878E-4 4.53728E-3 2.33481E-3 9.73394E-4 1.20752E-3 2.24864E-3 2.85991E-3 8.75952E-3 6.11274E-3 4.0583E-3 4.403E-4 8.16969E-4 3.55962E-4 2.82619E-4 1.4057E-4 1.69921E-5 1.4436E-5 3.50665E-5 9.08519E-5 5.71022E-5 7.53774E-5 1.69358E-4 1.66648E-4 1.25721E-4 1.69168E-4 1.89805E-4 2.7482E-4 3.0822E-4 -9999 -9999 -9999 -9999
6.9841E-5 3.5246E-5 3.82248E-5 3.34254E-4 4.75622E-3 4.94551E-3 1.12827E-2 -9999 -9999 -9999 -9999 -9999 -9999 -9999 -9999 -9999 -9999 -9999 -9999 -9999 -9999 -9999 -9999 -9999 -9999 -9999 -9999 -9999 -9999 -9999 -9999 -9999 -9999 -9999 -9999 -9999 -9999 -9999 -9999 8.66145E-3 9.51208E-3 -9999 -9999 6.90435E-4 1.1226E-3 1.40002E-3 1.02547E-3 3.7768E-4 1.25655E-4 1.95112E-4 2.65238E-3 7.24278E-3 3.00662E-3 3.59249E-3 7.03588E-4 2.34391E-4 1.28374E-4 2.09301E-5 4.23664E-5 5.58637E-5 4.89611E-5 7.81145E-5 4.44235E-5 8.37226E-5 1.21907E-4 1.60135E-4 1.12642E-4 1.25765E-4 3.05504E-4 2.67676E-4 -9999 -9999 -9999 -9999 -9999
1.70305E-3 1.95405E-4 7.03494E-5 8.16356E-4 7.86567E-3 1.78656E-2 6.17167E-3 1.2425E-2 -9999 -9999 -9999 -9999 -9999 -9999 -9999 -9999 -9999 -9999 -9999 -9999 -9999 -9999 -9999 -9999 -9999 -9999 -9999 -9999 -9999 -9999 -9999 -9999 -9999 -9999 -9999 -9999 -9999 -9999 -9999 7.88859E-3 1.17073E-2 -9999 -9999 5.43693E-4 1.1029E-3 2.42963E-4 2.3557E-4 1.32359E-4 1.93888E-4 2.84324E-4 1.49257E-3 3.49651E-3 4.52453E-3 4.7492E-3 2.20236E-4 1.45647E-4 4.34037E-5 4.49115E-5 7.55603E-5 1.36558E-4 1.30526E-4 8.55416E-5 4.69048E-5 1.03781E-4 2.36385E-4 1.69973E-4 1.27722E-4 9.96017E-5 2.28312E-4 2.97711E-4 -9999 -9999 -9999 -9999 -9999
2.78026E-4 7.63627E-5 3.99293E-4 3.62206E-3 8.63547E-3 1.72578E-2 -9999 -9999 4.06983E-2 -9999 -9999 -9999 -9999 -9999 -9999 -9999 -9999 -9999 -9999 -9999 -9999 -9999 -9999 -9999 -9999 -9999 -9999 -9999 -9999 -9999 -9999 -9999 -9999 -9999 -9999 -9999 -9999 -9999 -9999 5.63677E-3 1.2661E-2 3.77463E-3 1.97764E-3 8.61078E-4 1.87819E-3 1.15232E-4 3.26383E-5 2.04919E-4 4.64807E-4 1.87059E-3 1.45775E-3 2.84037E-4 4.87042E-4 3.04E-3 7.9693E-4 4.98567E-4 8.50589E-4 4.18642E-4 1.98076E-4 1.49194E-4 1.81565E-4 4.08687E-5 5.76949E-5 9.79716E-5 1.09725E-4 6.40801E-5 2.65148E-5 9.31134E-5 1.34719E-4 2.09815E-4 -9999 -9999 -9999 -9999 -9999
6.26218E-4 1.68391E-4 1.26906E-3 5.56317E-3 1.04644E-2 1.03022E-2 1.13601E-2 -9999 -9999 -9999 -9999 -9999 -9999 -9999 -9999 -9999 -9999 -9999 -9999 -9999 -9999 -9999 -9999 -9999 -9999 -9999 -9999 -9999 -9999 -9999 -9999 -9999 -9999 -9999 -9999 -9999 -9999 -9999 -9999 4.75009E-3 1.66037E-3 3.76797E-3 3.97064E-3 2.69E-3 8.24339E-4 1.95565E-4 8.29478E-5 2.58296E-4 3.64804E-4 6.04851E-4 5.4252E-4 1.02929E-4 1.70011E-4 1.54777E-3 4.49337E-4 2.58369E-4 3.31383E-4 2.894E-4 1.01297E-4 4.95057E-5 4.71628E-5 1.34637E-5 3.12204E-5 2.93801E-5 5.51646E-5 8.60762E-5 3.49993E-5 8.13899E-5 1.13003E-4 -9999 -9999 -9999 -9999 -9999 -9999
