ENM/Final_Models/M_0.8_F_q_Set_1_E/Gustavia_santanderiensis_Choco_max.asc
ncols         367
nrows         963
xllcorner     -78.6
yllcorner     0.65
cellsize      0.00833333333333323
NODATA_value  -9999
[rows 136 to 169 of 963, columns 75 to 149 of 367]
-9999 -9999 -9999 -9999 -9999 -9999 -9999 -9999 -9999 -9999 -9999 -9999 -9999 -9999 -9999 -9999 -9999 -9999 -9999 -9999 -9999 -9999 -9999 -9999 -9999 -9999 -9999 -9999 -9999 -9999 -9999 -9999 -9999 -9999 1.85553E-3 1.77585E-3 3.78934E-4 3.8107E-4 2.23753E-3 2.70422E-3 3.03305E-3 1.40017E-3 1.29704E-3 -9999 -9999 -9999 -9999 -9999 -9999 -9999 -9999 -9999 -9999 -9999 -9999 -9999 -9999 5.68989E-3 2.8441E-3 2.13166E-3 1.51508E-3 2.31087E-3 3.86726E-3 2.357E-3 5.7338E-4 2.741E-3 3.79056E-3 2.52461E-3 3.3618E-3 3.44909E-3 5.51309E-4 9.05313E-4 3.46252E-3 1.91226E-3 2.3773E-3
-9999 -9999 -9999 -9999 -9999 -9999 -9999 -9999 -9999 -9999 -9999 -9999 -9999 -9999 -9999 -9999 -9999 -9999 -9999 -9999 -9999 -9999 -9999 -9999 -9999 -9999 -9999 -9999 -9999 -9999 -9999 -9999 -9999 -9999 1.2135E-3 1.51811E-3 9.17392E-4 1.68538E-3 2.04753E-3 2.90447E-3 1.97309E-3 4.47161E-3 1.65877E-3 -9999 -9999 -9999 -9999 -9999 -9999 -9999 -9999 -9999 -9999 -9999 -9999 -9999 7.77651E-3 4.26286E-3 2.85811E-3 2.09275E-3 1.83379E-3 2.89484E-3 2.47515E-3 6.60289E-3 2.84298E-3 2.48026E-3 2.32754E-3 3.19716E-3 5.44682E-3 3.09712E-3 1.38793E-3 1.20306E-3 2.29614E-3 3.98095E-3 7.64355E-3
-9999 -9999 -9999 -9999 -9999 -9999 -9999 -9999 -9999 -9999 -9999 -9999 -9999 -9999 -9999 -9999 -9999 -9999 -9999 -9999 -9999 -9999 -9999 -9999 -9999 -9999 -9999 -9999 -9999 -9999 -9999 -9999 -9999 7.05344E-4 1.48349E-4 1.32685E-3 2.91353E-4 1.43442E-3 1.78847E-3 2.69621E-3 2.15404E-3 2.248E-3 3.93499E-4 4.21098E-4 -9999 -9999 -9999 -9999 -9999 -9999 -9999 -9999 1.93299E-2 3.30261E-2 2.06752E-2 3.75038E-3 5.20211E-3 6.93695E-3 3.04997E-3 4.03038E-3 4.07166E-3 8.9379E-3 5.23153E-3 3.22319E-3 2.86965E-3 2.29622E-3 3.25527E-3 3.95836E-3 3.76343E-3 3.16348E-3 4.9753E-3 2.76628E-3 3.66921E-3 4.4507E-3 3.7868E-3
-9999 -9999 -9999 -9999 -9999 -9999 -9999 -9999 -9999 -9999 -9999 -9999 -9999 -9999 -9999 -9999 -9999 -9999 -9999 -9999 -9999 -9999 -9999 -9999 -9999 -9999 -9999 -9999 -9999 -9999 -9999 -9999 -9999 4.53162E-4 7.21293E-4 1.78401E-4 2.70986E-3 4.43849E-4 3.03398E-3 1.94095E-3 2.88857E-3 5.46629E-3 8.42673E-4 1.33433E-3 -9999 -9999 -9999 -9999 -9999 -9999 -9999 1.62905E-2 2.14234E-2 2.03232E-2 1.15501E-2 9.81687E-3 6.68675E-3 3.71443E-3 4.47748E-3 2.07038E-3 3.97456E-3 3.08566E-3 3.30238E-3 3.96786E-3 2.52676E-3 3.91122E-3 3.39706E-3 2.26114E-3 3.20402E-3 3.71561E-3 3.70229E-3 2.27282E-3 4.00824E-3 3.39165E-3 3.73013E-3
-9999 -9999 -9999 -9999 -9999 -9999 -9999 -9999 -9999 -9999 -9999 -9999 -9999 -9999 -9999 -9999 -9999 -9999 -9999 -9999 -9999 -9999 -9999 -9999 -9999 -9999 -9999 -9999 -9999 -9999 -9999 -9999 6.12743E-4 5.46449E-4 1.01301E-3 2.45317E-4 2.07335E-3 1.92333E-3 2.71462E-3 3.13142E-3 3.37116E-3 3.57431E-3 2.88415E-3 3.52122E-3 -9999 -9999 -9999 -9999 -9999 -9999 -9999 3.42116E-2 1.9902E-2 1.3902E-2 9.35967E-3 1.1011E-2 2.31427E-3 3.93961E-3 5.46626E-3 3.6704E-3 1.85342E-3 9.09004E-4 4.24153E-3 4.79649E-3 3.50076E-3 3.35571E-3 3.16343E-3 2.55749E-3 5.78837E-3 5.20545E-3 1.53934E-3 2.93346E-3 5.37783E-3 3.08449E-3 3.02625E-3
-9999 -9999 -9999 -9999 -9999 -9999 -9999 -9999 -9999 -9999 -9999 -9999 -9999 -9999 -9999 -9999 -9999 -9999 -9999 -9999 -9999 -9999 -9999 -9999 -9999 -9999 -9999 -9999 -9999 -9999 -9999 -9999 8.07241E-4 6.17002E-4 7.25282E-4 8.19499E-4 4.45215E-4 4.07414E-4 4.80393E-4 2.77482E-3 3.42833E-3 7.78047E-3 2.15795E-3 2.80565E-3 -9999 -9999 -9999 -9999 -9999 -9999 -9999 3.38494E-2 1.9387E-2 1.20117E-2 1.00057E-2 1.62301E-2 1.85596E-3 1.39704E-3 4.49661E-3 9.81409E-3 3.28808E-3 2.26426E-3 4.12235E-3 8.47631E-3 3.6502E-3 2.76937E-3 2.9167E-3 2.10108E-3 2.97426E-3 3.22613E-3 1.43416E-3 3.31922E-3 5.81654E-3 3.91333E-3 2.80093E-3
-9999 -9999 -9999 -9999 -9999 -9999 -9999 -9999 -9999 -9999 -9999 -9999 -9999 -9999 -9999 -9999 -9999 -9999 -9999 -9999 -9999 -9999 -9999 -9999 -9999 -9999 -9999 -9999 -9999 -9999 -9999 3.26048E-4 5.68939E-4 5.91455E-4 8.12942E-4 9.70226E-4 2.04348E-3 5.78481E-3 4.34305E-3 4.00349E-3 5.13865E-3 6.03161E-3 3.64532E-3 1.31641E-3 -9999 -9999 -9999 -9999 -9999 -9999 -9999 4.69385E-2 1.62402E-2 8.01326E-3 6.06793E-3 4.77193E-3 1.44886E-3 5.32552E-3 2.09912E-3 9.49142E-4 2.92223E-3 1.02296E-3 3.96247E-3 3.79607E-3 3.28054E-3 3.13789E-3 3.00332E-3 2.07612E-3 2.30794E-3 2.79574E-3 3.02758E-3 2.48918E-3 9.78588E-4 1.54132E-3 4.37769E-3
-9999 -9999 -9999 -9999 -9999 -9999 -9999 -9999 -9999 -9999 -9999 -9999 -9999 -9999 -9999 -9999 -9999 -9999 -9999 -9999 -9999 -9999 -9999 -9999 -9999 -9999 -9999 -9999 -9999 -9999 5.13849E-4 3.01527E-4 5.50984E-4 2.24259E-4 7.53908E-4 1.22644E-3 1.19205E-3 4.47041E-3 9.30916E-3 4.07177E-3 8.46953E-3 4.71098E-3 3.70113E-3 3.48314E-3 -9999 -9999 -9999 -9999 -9999 -9999 -9999 -9999 4.34694E-2 1.48869E-2 8.74519E-3 9.71751E-3 3.6544E-3 8.93205E-4 3.20502E-3 2.53414E-3 9.15289E-4 2.43484E-3 5.21089E-3 2.02666E-3 1.87759E-3 9.27711E-4 1.03291E-3 1.40555E-3 1.99889E-3 1.75831E-3 2.36385E-3 2.09149E-3 2.92408E-3 7.13582E-3 1.9308E-3
-9999 -9999 -9999 -9999 -9999 -9999 -9999 -9999 -9999 -9999 -9999 -9999 -9999 -9999 -9999 -9999 -9999 -9999 -9999 -9999 -9999 -9999 -9999 -9999 -9999 1.44205E-5 4.16885E-4 8.99952E-4 2.43395E-4 2.37881E-4 6.12335E-4 3.98584E-4 3.18998E-4 4.04308E-4 3.5504E-4 2.38013E-3 2.94778E-3 5.79131E-3 4.89705E-3 8.6098E-3 1.53077E-2 2.40097E-3 8.00697E-3 3.82631E-3 -9999 -9999 -9999 -9999 -9999 -9999 -9999 -9999 7.51315E-2 2.79555E-2 1.28036E-2 6.60946E-3 6.53273E-3 3.67185E-3 4.21828E-3 5.1656E-3 1.46755E-3 4.45652E-3 2.53748E-3 2.53147E-3 2.07659E-3 9.41886E-4 1.47933E-3 1.55076E-3 4.53539E-3 4.10287E-3 4.7259E-3 2.17646E-3 6.66174E-3 3.95441E-3 2.98697E-3
-9999 -9999 -9999 -9999 -9999 -9999 -9999 -9999 -9999 -9999 -9999 -9999 -9999 -9999 -9999 -9999 -9999 -9999 -9999 -9999 -9999 -9999 -9999 -9999 2.29252E-5 1.96557E-5 2.09015E-5 2.95934E-4 3.98742E-4 1.26194E-4 1.04343E-3 7.47027E-4 5.70762E-4 5.12408E-4 3.46047E-4 7.1859E-4 8.95683E-4 1.4043E-3 2.69633E-3 2.64801E-3 8.69652E-3 6.69001E-3 7.00875E-3 6.97819E-3 -9999 -9999 -9999 -9999 -9999 -9999 -9999 -9999 5.06447E-2 1.64098E-2 3.44759E-3 3.6846E-3 1.52271E-3 1.86115E-3 1.90385E-3 2.39222E-3 3.16657E-3 4.07436E-3 1.53901E-3 1.11221E-3 8.78046E-4 1.54584E-3 1.50927E-3 3.64781E-3 2.12508E-3 4.54893E-3 4.11774E-3 1.49282E-3 5.32206E-3 3.49781E-3 1.29885E-3
-9999 -9999 -9999 -9999 -9999 -9999 -9999 -9999 -9999 -9999 -9999 -9999 -9999 -9999 -9999 -9999 -9999 -9999 -9999 -9999 -9999 -9999 -9999 -9999 1.0114E-4 2.08966E-4 1.91877E-5 1.5237E-5 4.10605E-4 5.93818E-4 1.70095E-3 8.46389E-4 6.29931E-4 7.19382E-4 1.03451E-3 2.18623E-3 2.42445E-3 1.29742E-3 2.21573E-3 2.67892E-3 1.21956E-2 8.85153E-3 1.06741E-2 5.95401E-3 -9999 -9999 -9999 -9999 -9999 -9999 -9999 -9999 1.64962E-2 3.95031E-3 3.45469E-3 1.02152E-2 8.14101E-3 2.54031E-3 2.74514E-3 3.57427E-3 2.21695E-3 1.62867E-3 1.68574E-3 7.56173E-4 7.97844E-4 1.18404E-3 1.31231E-3 3.25521E-3 4.5621E-3 4.38891E-3 3.24706E-3 2.37959E-3 5.61689E-3 3.51183E-3 1.10699E-2
-9999 -9999 -9999 -9999 -9999 -9999 -9999 -9999 -9999 -9999 -9999 -9999 -9999 -9999 -9999 -9999 -9999 -9999 -9999 -9999 -9999 -9999 -9999 -9999 8.71004E-5 1.40596E-3 8.12154E-4 3.02305E-5 5.35745E-4 8.02094E-4 2.18404E-3 1.7107E-3 8.7101E-4 7.9929E-4 1.53072E-3 3.64488E-3 5.26677E-3 3.86878E-3 3.64925E-3 4.20841E-3 8.56684E-3 8.35998E-3 8.87075E-3 5.22455E-3 2.29872E-2 -9999 -9999 -9999 -9999 -9999 -9999 4.5255E-2 1.54686E-2 1.80551E-3 9.42416E-4 2.85277E-3 3.94793E-3 1.54121E-3 1.61359E-3 1.61294E-3 2.08159E-3 1.28605E-3 1.45364E-3 9.11598E-4 9.35406E-4 1.11466E-3 1.71247E-3 3.12038E-3 2.41156E-3 2.80582E-3 1.81947E-3 3.08493E-3 5.4153E-3 3.04653E-3 7.63845E-3
-9999 -9999 -9999 -9999 -9999 -9999 -9999 -9999 -9999 -9999 -9999 -9999 -9999 -9999 -9999 -9999 -9999 -9999 -9999 -9999 -9999 -9999 -9999 -9999 5.5568E-4 6.33549E-4 5.37752E-4 3.33776E-4 1.34735E-3 1.8133E-3 1.29948E-3 7.42797E-4 7.33852E-4 1.21808E-3 1.09486E-3 4.18554E-3 4.80435E-3 3.11942E-3 2.42054E-3 2.37687E-3 4.88662E-3 7.60256E-3 7.88984E-3 2.55745E-2 4.25622E-2 2.64432E-2 2.26632E-2 -9999 5.61966E-2 9.43279E-2 6.36479E-2 4.19746E-2 1.26296E-2 4.03337E-3 1.1596E-3 3.46612E-3 4.95479E-3 1.16395E-3 1.31156E-3 3.21907E-3 2.34117E-3 1.28948E-3 1.66435E-3 1.38134E-3 1.32248E-3 1.84654E-3 3.25992E-3 1.68259E-3 3.25711E-3 4.76594E-3 3.60062E-3 3.08503E-3 3.89842E-3 3.05041E-3 4.2358E-3
-9999 -9999 -9999 -9999 -9999 -9999 -9999 -9999 -9999 -9999 -9999 -9999 -9999 -9999 -9999 -9999 -9999 -9999 -9999 -9999 -9999 -9999 -9999 -9999 2.10344E-4 4.79738E-4 8.85807E-4 8.10425E-4 7.15366E-4 1.42177E-3 2.59473E-3 1.28009E-3 1.13021E-3 1.12207E-3 1.60284E-3 1.86023E-3 2.10263E-3 2.6077E-3 5.61167E-3 6.2094E-3 7.29981E-3 6.06561E-3 1.05429E-2 4.06556E-2 2.71835E-2 3.28963E-2 3.51382E-2 4.81455E-2 6.48855E-2 9.59636E-2 5.43232E-2 8.20589E-2 8.19182E-3 4.07201E-3 3.57666E-3 2.85889E-3 5.00223E-3 2.23976E-3 1.67365E-3 2.57737E-3 3.69504E-3 4.09291E-3 1.79856E-3 1.89571E-3 3.97092E-3 2.02106E-3 3.07122E-3 7.82736E-4 1.37353E-3 2.89951E-3 3.7066E-3 1.6606E-3 3.29838E-3 3.4784E-3 2.2499E-3
-9999 -9999 -9999 -9999 -9999 -9999 -9999 -9999 -9999 -9999 -9999 -9999 -9999 -9999 -9999 -9999 -9999 -9999 -9999 -9999 -9999 -9999 -9999 -9999 -9999 3.98468E-4 1.86122E-4 3.47599E-4 4.1536E-4 9.98496E-4 9.92515E-4 1.17672E-3 -9999 1.20186E-3 1.04695E-3 2.72533E-3 6.5289E-3 2.87801E-3 3.57701E-3 1.02299E-2 8.13375E-3 8.7442E-3 1.60588E-2 4.88291E-2 3.06952E-2 5.87065E-2 7.77656E-2 1.51882E-1 9.65007E-2 1.06862E-2 1.12823E-2 2.29718E-2 1.81782E-2 8.91464E-3 4.45337E-3 3.52133E-3 4.71906E-3 5.29051E-3 2.39422E-3 2.72423E-3 5.12686E-3 3.5123E-3 3.5828E-3 1.3898E-3 3.27473E-3 2.90908E-3 2.97571E-3 2.30898E-3 1.60538E-3 3.11598E-3 2.64906E-3 3.10688E-3 2.40362E-3 2.82875E-3 3.66094E-3
-9999 -9999 -9999 -9999 -9999 -9999 -9999 -9999 -9999 -9999 -9999 -9999 -9999 -9999 -9999 -9999 -9999 -9999 -9999 -9999 -9999 -9999 -9999 -9999 3.45409E-4 5.73583E-4 9.94782E-4 4.08539E-4 5.90531E-4 1.39602E-3 1.17682E-3 6.4023E-4 -9999 -9999 7.97467E-4 3.10993E-3 3.39589E-3 4.5979E-3 6.20068E-3 6.26634E-3 8.94989E-3 1.94602E-2 1.68866E-1 3.76568E-2 6.07584E-2 8.96149E-2 1.41743E-1 7.27649E-2 1.83823E-2 8.3847E-3 1.84792E-3 7.67449E-3 7.14256E-3 4.64872E-3 1.90316E-3 1.4323E-3 2.16389E-3 4.94693E-3 6.55783E-3 6.87549E-3 8.10241E-3 5.28995E-3 2.19499E-3 2.40582E-3 1.99156E-3 2.88287E-3 4.00203E-3 4.89246E-3 3.14262E-3 3.5974E-3 2.11943E-3 1.8145E-3 1.06071E-3 1.75906E-3 2.23665E-3
-9999 -9999 -9999 -9999 -9999 -9999 -9999 -9999 -9999 -9999 -9999 -9999 -9999 -9999 -9999 -9999 -9999 -9999 -9999 -9999 -9999 -9999 -9999 -9999 2.2896E-4 5.24394E-4 1.17427E-3 7.85551E-4 7.8435E-4 1.18725E-3 8.9441E-4 6.86194E-4 -9999 -9999 1.44993E-3 5.86156E-3 5.96499E-3 5.46254E-3 8.33846E-3 9.64821E-3 1.37824E-2 1.14456E-1 1.07916E-1 5.38037E-2 3.45337E-2 4.45247E-2 5.82228E-2 2.66418E-2 7.13994E-3 6.37606E-3 7.83354E-3 3.22216E-3 2.68616E-3 2.10249E-3 5.06458E-3 2.21401E-3 2.8632E-3 7.41536E-3 3.79739E-3 4.32199E-3 3.00036E-3 1.19148E-2 1.62312E-3 2.14035E-3 2.48845E-3 2.63191E-3 1.42359E-3 3.97043E-3 3.327E-3 1.61672E-3 1.85381E-3 2.05065E-3 2.48507E-3 3.06726E-3 1.45848E-3
-9999 -9999 -9999 -9999 -9999 -9999 -9999 -9999 -9999 -9999 -9999 -9999 -9999 -9999 -9999 -9999 -9999 -9999 -9999 -9999 6.06083E-4 -9999 3.83658E-4 3.96728E-4 9.44845E-5 2.34103E-4 9.40603E-4 5.72047E-4 8.44525E-4 1.17562E-3 1.17735E-3 1.34663E-3 -9999 -9999 -9999 3.01402E-3 3.7332E-3 1.14452E-2 1.30849E-2 9.47126E-3 1.09139E-2 1.28459E-1 1.43278E-1 7.43524E-2 2.27516E-2 2.82312E-2 4.4819E-2 6.70984E-3 7.66938E-3 1.39544E-3 2.17351E-3 1.01196E-3 7.19251E-4 5.79998E-4 1.78305E-3 1.41951E-3 2.48253E-3 6.46184E-3 4.67943E-3 4.92389E-3 1.05017E-3 1.88881E-3 3.9213E-3 1.19595E-3 1.81432E-3 1.74905E-3 2.19413E-3 2.36258E-3 2.53097E-3 1.86893E-3 2.51626E-3 3.55043E-3 5.34509E-3 1.48633E-3 6.32658E-4
-9999 -9999 -9999 -9999 -9999 -9999 -9999 -9999 -9999 -9999 -9999 -9999 -9999 -9999 -9999 -9999 -9999 -9999 -9999 1.25552E-3 4.94946E-4 5.50475E-4 5.19373E-4 3.73446E-4 1.67199E-4 2.67097E-4 4.08586E-4 4.01689E-4 1.40159E-3 1.55063E-3 2.77946E-3 2.29318E-3 -9999 -9999 -9999 3.75956E-3 1.07255E-2 7.93415E-3 1.1886E-2 8.35237E-3 1.41701E-2 1.52747E-1 2.45462E-1 1.68077E-1 4.36942E-2 6.25527E-2 4.83391E-2 7.15234E-3 3.94627E-3 4.92536E-3 4.02057E-3 2.33016E-3 2.01847E-3 3.27187E-3 3.57357E-3 3.0352E-3 3.35903E-3 5.75149E-3 6.70674E-3 4.03045E-3 4.49761E-3 4.11427E-3 1.38021E-3 2.42104E-3 2.34815E-3 3.331E-3 3.68061E-3 6.18046E-3 3.07572E-3 2.46767E-3 4.12354E-3 3.85139E-3 3.7433E-3 8.12873E-4 1.37279E-3
-9999 -9999 -9999 -9999 -9999 -9999 -9999 -9999 -9999 -9999 -9999 -9999 -9999 -9999 -9999 -9999 -9999 -9999 -9999 8.67308E-4 4.59896E-4 3.90143E-4 4.34557E-4 6.77764E-4 5.2344E-4 6.46918E-4 3.75411E-4 4.27697E-4 5.00505E-4 1.16705E-3 3.98785E-4 5.11686E-4 -9999 -9999 -9999 4.69651E-3 1.31522E-2 1.43976E-2 7.97651E-3 7.78939E-3 1.12202E-2 8.4242E-2 1.2218E-1 1.70742E-1 6.46011E-2 1.75273E-2 2.00805E-2 2.69264E-3 6.25175E-3 5.80825E-3 3.17586E-3 2.83323E-4 8.86407E-4 9.99339E-4 1.40145E-3 2.52103E-3 1.1303E-3 3.53127E-4 3.95196E-4 3.419E-4 4.05609E-4 1.91538E-3 4.5168E-3 4.21692E-3 3.72964E-3 5.46446E-3 5.91318E-3 3.84371E-3 3.8246E-3 3.22322E-3 2.73431E-3 6.71227E-4 1.27574E-3 1.11143E-3 1.52215E-3
-9999 -9999 -9999 -9999 -9999 -9999 -9999 -9999 -9999 -9999 -9999 -9999 -9999 -9999 -9999 -9999 -9999 -9999 -9999 7.35042E-4 4.67593E-4 1.94571E-4 2.0032E-4 3.35123E-4 3.55629E-4 4.60975E-4 4.3889E-4 4.36959E-4 4.1219E-4 8.20316E-4 5.10381E-4 1.0918E-3 -9999 -9999 -9999 4.69384E-3 5.94488E-3 4.3954E-3 3.97357E-3 1.2651E-2 3.92347E-2 5.22924E-2 6.52886E-2 5.24918E-2 2.71082E-2 1.25265E-2 3.17564E-3 1.55768E-3 2.32086E-3 2.22625E-3 3.47618E-4 8.91283E-4 2.96419E-4 2.38443E-4 2.13846E-3 1.56814E-3 1.71212E-3 1.16456E-3 1.72331E-3 2.17913E-3 1.69186E-3 1.45356E-3 4.07581E-4 3.49293E-3 1.21549E-3 3.76248E-3 3.28143E-3 2.55376E-3 2.07543E-3 2.93415E-3 1.47205E-3 1.09638E-3 4.76162E-3 1.14164E-2 6.79384E-3
-9999 -9999 -9999 -9999 -9999 -9999 -9999 -9999 -9999 -9999 -9999 -9999 -9999 -9999 -9999 -9999 -9999 -9999 1.79556E-3 1.68932E-3 5.43367E-4 2.38746E-4 4.46262E-4 1.26578E-3 1.09423E-3 8.22798E-4 4.91824E-4 8.59231E-4 7.91179E-4 6.0675E-4 3.68645E-4 6.86201E-4 9.45083E-4 -9999 -9999 -9999 4.56226E-3 4.99362E-3 7.67387E-3 6.71157E-3 8.22419E-3 2.68579E-2 6.5028E-2 7.658E-2 4.96843E-2 1.74341E-2 2.76416E-3 1.95641E-3 1.10596E-3 3.57854E-4 1.90942E-4 1.3605E-3 1.54747E-3 1.38469E-3 1.16209E-3 1.93995E-3 1.21838E-3 3.81761E-3 3.22165E-3 1.83052E-3 1.6172E-3 1.12866E-3 3.75109E-4 2.40255E-3 1.6845E-3 1.62149E-3 8.50897E-4 5.48469E-3 1.3049E-3 2.26841E-3 2.21985E-3 5.68935E-3 7.65896E-3 8.88504E-3 1.08116E-2
-9999 -9999 -9999 -9999 -9999 -9999 -9999 -9999 -9999 -9999 -9999 -9999 -9999 -9999 -9999 -9999 -9999 -9999 5.65693E-4 4.32826E-4 9.04804E-4 3.28876E-4 4.68952E-4 5.30367E-4 6.29882E-4 3.86854E-4 1.16751E-3 1.11652E-3 1.01343E-3 1.39538E-3 6.54718E-4 9.71436E-4 2.9474E-3 -9999 -9999 -9999 2.65573E-3 3.13151E-3 7.76165E-3 6.0172E-3 1.24787E-2 1.61647E-2 3.90111E-2 9.70091E-2 3.58281E-2 1.37495E-2 3.72082E-3 2.3506E-3 1.38194E-3 2.3118E-3 8.01361E-4 9.96846E-4 2.49447E-3 2.28727E-3 1.13596E-3 2.56767E-3 2.6265E-3 2.40415E-3 4.51075E-3 1.73927E-3 1.8923E-3 2.97147E-3 4.06417E-4 1.78258E-3 8.01187E-4 1.20794E-3 1.20438E-3 3.25955E-3 3.58207E-3 4.35778E-3 1.47389E-2 1.84812E-2 1.0081E-2 1.06063E-2 9.2719E-3
-9999 -9999 -9999 -9999 -9999 -9999 -9999 -9999 -9999 -9999 -9999 -9999 -9999 -9999 -9999 -9999 -9999 3.44122E-3 8.13399E-4 2.44114E-4 4.61364E-3 7.93901E-4 8.63691E-4 9.54929E-4 1.62071E-3 7.73216E-4 1.33785E-3 1.25185E-3 2.16745E-3 1.04912E-3 1.38063E-3 1.88457E-3 1.66751E-3 -9999 -9999 -9999 3.55075E-3 5.25759E-3 3.99457E-3 6.54268E-3 1.22383E-2 1.57202E-2 2.89359E-2 6.46723E-2 3.21306E-2 1.43287E-2 1.84581E-3 1.58144E-3 1.86522E-3 2.30828E-3 1.20588E-3 2.83138E-3 2.54295E-3 3.06499E-3 5.19167E-3 2.59798E-3 5.02918E-3 2.13748E-3 2.43922E-3 2.1852E-3 1.51377E-3 1.65049E-3 6.92245E-3 1.73788E-3 5.82146E-4 1.11583E-3 2.67739E-3 1.68406E-3 8.2951E-3 8.19225E-3 7.36445E-3 1.45204E-2 1.24195E-2 6.40123E-3 6.41328E-3
-9999 -9999 -9999 -9999 -9999 -9999 -9999 -9999 -9999 -9999 -9999 -9999 -9999 -9999 -9999 -9999 -9999 3.81661E-3 1.91371E-3 6.45049E-4 9.51683E-4 3.54569E-4 2.17245E-4 6.89796E-4 6.49273E-4 4.71787E-4 1.57384E-3 1.3123E-3 3.31617E-3 1.13953E-3 2.3809E-3 2.08969E-3 3.53206E-3 2.37408E-3 -9999 -9999 1.96781E-3 5.41415E-3 6.01352E-3 5.41997E-3 7.935E-3 1.17454E-2 1.8288E-2 3.62433E-2 2.25484E-2 1.71048E-2 3.6881E-3 2.30091E-3 3.62492E-3 2.98175E-3 2.24482E-3 2.71378E-3 2.73922E-3 3.31577E-3 4.16294E-3 3.277E-3 3.83459E-3 1.30966E-3 1.43791E-3 2.67769E-3 1.66976E-3 2.03809E-3 4.31709E-3 3.66585E-3 2.11175E-3 8.779E-4 1.31289E-3 1.9289E-3 4.99738E-3 1.25767E-2 5.32091E-3 1.01362E-2 8.89806E-3 1.30976E-2 1.08025E-2
-9999 -9999 -9999 -9999 -9999 -9999 -9999 -9999 -9999 -9999 -9999 -9999 -9999 -9999 -9999 -9999 4.88525E-3 2.65892E-3 2.96139E-3 1.27619E-3 4.50204E-4 6.33181E-4 4.59817E-4 5.30486E-4 3.02097E-4 2.31242E-4 5.08395E-4 9.20041E-4 7.13106E-4 6.13822E-4 1.76732E-3 2.00044E-3 1.94252E-3 1.32914E-3 1.81034E-3 7.4152E-4 2.85686E-3 2.0624E-3 4.05932E-3 7.01769E-3 9.04696E-3 1.23996E-2 1.98467E-2 8.30212E-3 8.79241E-3 6.13107E-3 2.10273E-3 2.29779E-3 3.56166E-3 1.87655E-3 2.43124E-3 2.99497E-3 2.54488E-3 2.86254E-3 2.68291E-3 2.70449E-3 2.38389E-3 4.33636E-3 1.12942E-3 2.55719E-3 2.4341E-3 2.78853E-3 1.17613E-3 2.63296E-3 2.12964E-3 7.50169E-4 2.37821E-3 7.88169E-3 6.4342E-3 1.08959E-2 6.41288E-3 1.13965E-2 1.21088E-2 1.39956E-2 4.04158E-2
-9999 -9999 -9999 -9999 -9999 -9999 -9999 -9999 -9999 -9999 -9999 -9999 -9999 -9999 -9999 -9999 2.53184E-3 2.12186E-3 1.9687E-3 1.02785E-3 7.36088E-4 6.49135E-4 6.44968E-4 4.96742E-4 2.53265E-4 6.94422E-4 1.30402E-3 1.79692E-3 9.14452E-4 7.76638E-4 2.13639E-3 2.00795E-3 2.48034E-3 2.09512E-3 2.10988E-3 9.52634E-4 1.34495E-3 4.62529E-3 3.43556E-3 5.17735E-3 2.1329E-3 2.82323E-3 4.78098E-3 7.76909E-3 4.06842E-3 3.00152E-3 1.97042E-3 1.04636E-3 1.59216E-3 8.09615E-3 4.02906E-3 4.98067E-3 4.22683E-3 3.9414E-3 2.70905E-3 2.64287E-3 3.87347E-3 2.96395E-3 3.62351E-3 4.22613E-3 1.62575E-3 3.85022E-3 8.26848E-4 4.12072E-4 8.61257E-4 2.99125E-3 1.4743E-3 3.06837E-3 4.40912E-3 6.77023E-3 8.66383E-3 7.88976E-3 9.99968E-3 1.60586E-2 1.55703E-2
-9999 -9999 -9999 -9999 -9999 -9999 -9999 -9999 -9999 -9999 -9999 -9999 -9999 -9999 -9999 -9999 1.03338E-3 1.51767E-3 4.16967E-3 1.47507E-3 1.35453E-3 7.33699E-4 5.36516E-4 9.45606E-4 3.01895E-4 9.3444E-4 8.5149E-4 9.36241E-4 1.79957E-3 1.73705E-3 1.56301E-3 2.4361E-3 3.01565E-3 2.62649E-3 2.77899E-3 1.48236E-3 6.09137E-4 6.31149E-4 3.57612E-3 1.63414E-3 1.58536E-3 2.75037E-3 2.51424E-3 4.11197E-3 4.75174E-3 6.07599E-3 3.16905E-3 1.62786E-3 2.51481E-3 3.17104E-3 3.32228E-3 6.72163E-3 2.82687E-3 1.91993E-3 2.86161E-3 6.69655E-3 2.45421E-3 2.58408E-3 2.92579E-3 2.22212E-3 3.85266E-3 3.56407E-3 1.00075E-3 1.77947E-3 1.2163E-3 2.92444E-3 4.07688E-3 4.76074E-3 3.44474E-3 6.26802E-3 5.65633E-3 8.00351E-3 6.75447E-3 6.61684E-3 1.78791E-2
-9999 -9999 -9999 -9999 -9999 -9999 -9999 -9999 -9999 -9999 -9999 -9999 -9999 -9999 -9999 8.56242E-4 8.74938E-4 3.15216E-3 2.36449E-3 1.40172E-3 1.16802E-3 7.20178E-4 2.08343E-3 2.28431E-3 1.53513E-3 2.33938E-3 2.53093E-3 1.86153E-3 1.21142E-3 9.60147E-4 5.17142E-3 7.12945E-3 4.67984E-3 5.37306E-3 3.92096E-3 4.09284E-3 2.16476E-3 2.02778E-3 3.72421E-3 3.81603E-3 2.83743E-3 2.40682E-3 2.41897E-3 3.07781E-3 3.22991E-3 3.57961E-3 3.83664E-3 2.54048E-3 2.34604E-3 1.86597E-3 2.21486E-3 4.85762E-3 3.70553E-3 2.885E-3 4.16493E-3 8.93329E-3 5.01091E-3 2.02974E-3 1.5033E-3 2.34406E-3 2.00447E-3 2.19839E-3 1.42311E-3 1.60912E-3 3.27796E-3 4.63216E-3 2.06997E-3 3.60876E-3 3.48946E-3 5.38917E-3 5.33228E-3 1.25028E-2 1.38881E-2 8.52619E-3 1.04965E-2
-9999 -9999 -9999 -9999 -9999 -9999 -9999 -9999 -9999 -9999 -9999 -9999 -9999 -9999 -9999 2.8307E-3 1.72387E-3 2.092E-3 2.85886E-3 1.09735E-3 1.17734E-3 1.07237E-3 1.17329E-3 1.07627E-3 1.82995E-3 1.16762E-3 1.7371E-3 7.23329E-4 1.40555E-3 1.31242E-3 1.84477E-3 9.24355E-3 3.30319E-3 2.40043E-3 1.54176E-3 1.49435E-3 8.38037E-4 1.03435E-3 3.04817E-3 2.2682E-3 2.45557E-3 3.30787E-3 3.768E-3 3.72549E-3 2.82992E-3 3.25227E-3 3.06801E-3 4.35981E-3 5.22532E-3 3.25328E-3 4.18603E-3 5.26953E-3 5.77115E-3 2.58896E-3 3.92541E-3 3.36205E-3 7.18806E-3 3.40443E-3 1.98334E-3 3.35844E-3 1.4096E-3 9.79395E-4 1.45789E-3 4.91148E-3 1.59123E-3 3.06212E-3 2.16216E-3 3.2265E-3 3.83227E-3 4.39355E-3 1.01954E-2 1.87782E-2 1.99885E-2 9.19593E-3 1.541E-2
-9999 -9999 -9999 -9999 -9999 -9999 -9999 -9999 -9999 -9999 -9999 -9999 -9999 -9999 1.41086E-3 1.07658E-3 1.58041E-3 1.15943E-3 2.27635E-3 1.32666E-3 1.35425E-3 1.40933E-3 1.11397E-3 1.35754E-3 1.21185E-3 1.57195E-3 3.37745E-3 1.11426E-3 6.29838E-4 1.28802E-3 1.4453E-3 3.38692E-3 3.15814E-3 3.29166E-3 1.21104E-3 1.06865E-3 2.34563E-3 2.45619E-3 2.32443E-3 1.44135E-3 2.30519E-3 2.47326E-3 3.10254E-3 1.51389E-3 2.97925E-3 3.94121E-3 2.89475E-3 5.21808E-3 6.28547E-3 4.55862E-3 2.93467E-3 6.47286E-3 6.55616E-3 3.81105E-3 3.96218E-3 3.60737E-3 4.79399E-3 7.99647E-3 2.08074E-3 3.9615E-3 1.15399E-3 2.33306E-3 1.44079E-3 1.11255E-3 4.54352E-3 3.03639E-3 2.69927E-3 3.00378E-3 4.32906E-3 7.80947E-3 1.1379E-2 4.85987E-2 2.60448E-2 1.1565E-2 2.30453E-2
-9999 -9999 -9999 -9999 -9999 -9999 -9999 -9999 -9999 -9999 -9999 -9999 -9999 -9999 1.761E-3 1.91215E-3 2.194E-3 1.99133E-3 4.02973E-3 2.23854E-3 2.29637E-3 1.48783E-3 7.80777E-4 9.25682E-4 1.45017E-3 1.05424E-3 3.30102E-3 1.18089E-3 1.114E-3 8.49974E-4 1.94289E-3 2.53109E-3 2.86776E-3 7.81188E-3 3.70415E-3 2.76001E-3 4.076E-3 5.50446E-3 1.11493E-2 6.01018E-3 1.77457E-3 1.66618E-3 1.2236E-3 1.57633E-3 1.94731E-3 1.68395E-3 3.51825E-3 4.39315E-3 7.92757E-3 5.43995E-3 3.36609E-3 7.55336E-3 4.74752E-3 5.18925E-3 9.58398E-3 5.97685E-3 5.55103E-3 4.02537E-3 2.72966E-3 2.15432E-3 3.91854E-3 3.56813E-3 5.35151E-3 3.81379E-3 3.66356E-3 5.50346E-3 4.334E-3 7.8743E-3 7.36751E-3 8.51052E-3 1.53618E-2 2.32006E-2 1.35216E-2 1.255E-2 1.73704E-2
-9999 -9999 -9999 -9999 -9999 -9999 -9999 -9999 -9999 -9999 -9999 -9999 -9999 6.82386E-4 1.2921E-3 1.18095E-3 3.38763E-3 6.9353E-3 6.4321E-3 4.42803E-3 2.78418E-3 1.6184E-3 7.32953E-4 1.34062E-3 1.94279E-3 9.70582E-4 1.16204E-3 1.36934E-3 7.89791E-4 1.08964E-3 1.48077E-3 1.833E-3 4.1545E-3 4.76705E-3 4.38899E-3 4.79106E-3 7.34367E-3 6.84606E-3 3.84229E-3 2.85576E-3 1.69223E-3 2.38926E-3 1.7062E-3 2.12958E-3 3.32824E-3 1.47616E-3 1.38919E-3 6.44685E-3 6.0963E-3 6.74759E-3 4.68384E-3 9.8217E-3 7.63464E-3 2.54865E-3 6.29848E-3 3.99982E-3 3.43159E-3 2.77868E-3 4.76888E-3 3.43357E-3 2.1056E-3 2.15395E-3 1.87729E-3 2.42596E-3 4.52245E-3 2.90087E-3 2.65534E-3 1.04891E-2 1.13766E-2 8.92638E-3 9.87223E-3 1.62577E-2 1.41685E-2 9.16411E-3 9.98521E-3
-9999 -9999 -9999 -9999 -9999 -9999 -9999 -9999 -9999 -9999 -9999 -9999 -9999 1.43993E-4 4.91762E-4 1.4354E-3 1.37145E-3 2.96577E-3 1.05696E-2 4.52116E-3 4.67564E-4 1.91747E-3 2.20404E-3 2.52819E-3 2.05776E-3 6.48238E-4 8.62882E-4 9.10245E-4 9.71977E-4 5.81227E-4 7.61366E-4 3.36577E-3 5.22111E-3 8.86385E-3 5.0497E-3 6.05168E-3 7.49172E-3 7.28422E-3 6.98743E-3 5.53956E-3 3.61487E-3 4.38069E-3 4.15531E-3 3.99936E-3 3.87921E-3 2.94616E-3 3.07574E-3 6.27486E-3 8.7333E-3 9.00477E-3 3.27567E-3 7.82461E-3 4.93682E-3 3.68489E-3 7.08036E-3 5.62084E-3 2.63412E-3 1.40966E-3 1.82855E-3 2.0458E-3 3.03054E-3 1.50083E-3 1.91964E-3 2.05868E-3 2.40384E-3 3.05232E-3 1.11127E-2 1.14614E-2 1.12651E-2 9.10724E-3 2.05624E-2 1.45389E-2 3.13924E-2 5.71144E-2 6.25095E-2
