ENM/Final_Models/M_0.8_F_q_Set_1_E/Gustavia_santanderiensis_Choco_avg.asc
ncols         367
nrows         963
xllcorner     -78.6
yllcorner     0.65
cellsize      0.00833333333333323
NODATA_value  -9999
[rows 210 to 239 of 963, columns 134 to 200 of 367]
7.53959E-2 1.98353E-1 8.59543E-2 9.67082E-2 2.59688E-2 4.93625E-2 4.19523E-2 4.45029E-2 2.86008E-2 5.5336E-2 6.47546E-2 7.78701E-2 1.67841E-1 2.99152E-1 7.79435E-2 6.7489E-2 6.32974E-2 1.74064E-1 3.2979E-1 6.22808E-1 7.82956E-1 6.91119E-1 6.94766E-1 8.50186E-1 7.4185E-1 7.75958E-1 8.19618E-1 7.81715E-1 9.63151E-1 9.54293E-1 9.4782E-1 9.55612E-1 9.78425E-1 7.91187E-1 8.61046E-1 9.94201E-1 9.99166E-1 9.98242E-1 9.9688E-1 8.89409E-1 8.96491E-1 8.66825E-1 9.96835E-1 9.98912E-1 9.96189E-1 9.97676E-1 9.89029E-1 9.34145E-1 9.90207E-1 9.99222E-1 9.94455E-1 9.92302E-1 9.74838E-1 9.99999E-1 9.99995E-1 9.99928E-1 9.99988E-1 9.99996E-1 9.99997E-1 9.99999E-1 9.99999E-1 9.99999E-1 9.99993E-1 9.99985E-1 9.9999E-1 9.99998E-1 1E0
1.03352E-1 1.80588E-1 1.8433E-1 1.74307E-1 8.90434E-2 5.64031E-2 4.57532E-2 7.68409E-2 5.49803E-2 6.6705E-2 7.50436E-2 5.54058E-2 7.10583E-2 1.24704E-1 2.28526E-2 2.99068E-2 5.94574E-2 1.4738E-1 4.90372E-1 6.83215E-1 8.70235E-1 7.72405E-1 7.22324E-1 8.70584E-1 8.95054E-1 8.92611E-1 7.63524E-1 8.51527E-1 9.17289E-1 9.85911E-1 9.86314E-1 9.89325E-1 9.82186E-1 8.48276E-1 9.92237E-1 9.91604E-1 9.9936E-1 9.99517E-1 9.51886E-1 9.70303E-1 9.88327E-1 9.83678E-1 9.68543E-1 9.90212E-1 9.96387E-1 9.9747E-1 9.86884E-1 9.90212E-1 9.96892E-1 9.99574E-1 9.917E-1 9.96795E-1 9.99516E-1 9.99665E-1 9.99986E-1 9.99995E-1 9.99984E-1 9.99988E-1 9.99995E-1 9.99997E-1 9.99998E-1 9.99998E-1 9.99999E-1 9.98476E-1 9.99997E-1 9.99995E-1 1E0
7.51565E-2 1.29402E-1 2.12206E-1 1.65288E-1 9.52969E-2 7.76937E-2 9.83521E-2 4.76777E-2 3.71922E-2 9.62847E-2 8.61701E-2 1.4288E-1 5.98971E-2 6.07478E-2 1.30711E-2 6.68732E-2 1.19171E-1 1.70817E-1 5.09636E-1 8.00163E-1 8.0682E-1 6.52776E-1 7.05889E-1 9.02711E-1 8.61719E-1 9.54968E-1 9.63499E-1 8.13909E-1 9.94727E-1 9.94198E-1 9.92067E-1 9.87336E-1 8.17759E-1 8.10895E-1 9.99767E-1 9.99747E-1 9.99857E-1 9.82103E-1 9.90319E-1 9.77413E-1 9.8055E-1 9.94879E-1 9.89549E-1 9.88321E-1 9.95012E-1 9.98731E-1 9.99207E-1 9.99683E-1 9.99743E-1 9.99498E-1 9.96536E-1 9.9405E-1 9.80128E-1 9.99795E-1 9.99345E-1 9.9996E-1 9.99354E-1 9.99605E-1 9.99951E-1 9.99999E-1 9.9997E-1 9.9997E-1 9.99994E-1 9.9663E-1 9.99999E-1 9.99992E-1 9.98382E-1
7.99911E-2 1.63517E-1 1.42001E-1 1.78635E-1 8.82318E-2 3.54335E-2 3.19618E-2 2.71216E-2 3.88278E-2 3.65853E-2 6.01663E-2 9.78109E-2 5.64738E-2 1.60007E-2 3.2184E-2 1.23437E-1 1.97301E-1 4.09867E-1 6.43942E-1 8.27612E-1 9.57262E-1 7.83435E-1 7.08099E-1 5.80173E-1 7.98311E-1 8.22732E-1 9.55903E-1 6.74294E-1 9.11617E-1 8.78722E-1 9.84781E-1 9.61721E-1 7.87664E-1 8.08463E-1 9.76507E-1 9.96957E-1 9.9955E-1 9.99555E-1 9.2061E-1 9.73487E-1 9.98438E-1 9.9988E-1 9.97162E-1 9.95776E-1 9.99744E-1 9.99836E-1 9.98019E-1 9.99628E-1 9.99881E-1 9.99816E-1 9.99721E-1 9.94226E-1 9.99968E-1 9.99993E-1 9.99918E-1 9.99841E-1 9.99881E-1 9.99921E-1 9.99985E-1 9.99998E-1 9.99931E-1 9.99805E-1 9.99898E-1 9.99808E-1 9.99933E-1 9.9812E-1 9.99998E-1
1.43712E-1 2.10239E-1 2.95426E-1 7.0916E-2 1.27373E-1 1.23313E-1 6.28284E-2 5.43664E-2 8.0858E-2 1.15086E-1 1.03832E-1 7.87228E-2 8.00534E-2 5.81493E-2 4.93713E-2 1.72339E-1 4.72043E-1 4.05363E-1 5.62542E-1 5.53105E-1 6.64572E-1 6.28806E-1 6.41774E-1 6.66574E-1 8.31566E-1 7.80691E-1 5.9304E-1 7.16023E-1 9.59467E-1 9.3206E-1 9.74776E-1 9.37216E-1 9.40722E-1 8.70842E-1 9.80562E-1 9.99671E-1 9.99754E-1 9.97404E-1 9.60267E-1 9.93597E-1 9.99851E-1 9.98548E-1 9.99681E-1 9.98261E-1 9.99741E-1 9.99767E-1 9.9641E-1 9.96715E-1 9.9992E-1 9.9928E-1 9.99918E-1 9.98777E-1 9.99824E-1 9.9595E-1 9.94936E-1 9.99671E-1 9.99996E-1 9.99981E-1 9.99603E-1 9.9999E-1 9.99928E-1 9.99928E-1 9.99787E-1 9.99912E-1 9.99951E-1 9.99994E-1 9.9962E-1
1.13056E-1 2.78652E-1 2.22886E-1 1.27994E-1 6.38983E-2 7.51399E-2 3.29489E-2 3.21294E-2 3.49615E-2 8.01892E-2 7.52871E-2 6.22157E-2 8.84413E-2 6.17404E-1 4.66279E-1 2.31504E-1 4.68066E-1 4.3267E-1 3.31828E-1 6.26752E-1 7.29446E-1 6.9794E-1 5.98559E-1 5.9382E-1 7.49557E-1 7.7262E-1 5.152E-1 7.89318E-1 9.41456E-1 9.94674E-1 9.91677E-1 9.65806E-1 7.86551E-1 7.98006E-1 9.94284E-1 9.99918E-1 9.99845E-1 9.97209E-1 9.74711E-1 9.9954E-1 9.99937E-1 9.9982E-1 9.99829E-1 9.98615E-1 9.9739E-1 9.98832E-1 9.99441E-1 9.99957E-1 9.99193E-1 9.98568E-1 9.96293E-1 9.99573E-1 9.99821E-1 9.99038E-1 9.97863E-1 9.98773E-1 9.99917E-1 9.99996E-1 9.9998E-1 9.99983E-1 9.99996E-1 9.99995E-1 9.99999E-1 9.99823E-1 9.99682E-1 9.99986E-1 9.99801E-1
1.04798E-1 2.4946E-1 1.82647E-1 4.0123E-2 5.87112E-2 7.06768E-2 3.59061E-2 1.24062E-2 1.45472E-2 2.20176E-2 1.91296E-2 4.34823E-2 1.66423E-1 5.82144E-1 4.93394E-1 3.16865E-1 3.50913E-1 4.02222E-1 3.83598E-1 5.58119E-1 4.66346E-1 5.5298E-1 4.91455E-1 5.95614E-1 7.03966E-1 7.102E-1 5.26932E-1 7.13931E-1 9.74678E-1 9.93374E-1 9.96765E-1 9.63883E-1 8.35608E-1 8.15914E-1 9.9876E-1 9.99737E-1 9.99825E-1 9.48645E-1 9.88305E-1 9.97045E-1 9.99871E-1 9.99197E-1 9.99363E-1 9.96824E-1 9.99745E-1 9.99667E-1 9.99271E-1 9.99686E-1 9.99886E-1 9.99802E-1 9.9967E-1 9.99505E-1 9.99341E-1 9.9905E-1 9.84755E-1 9.73965E-1 9.87745E-1 9.99988E-1 9.99991E-1 9.99859E-1 9.99994E-1 9.99989E-1 9.99997E-1 9.99972E-1 9.99995E-1 9.98296E-1 9.80996E-1
6.83764E-2 1.59018E-1 1.23829E-1 1.12221E-1 5.30463E-2 4.57693E-2 2.26139E-2 1.06742E-2 7.15504E-3 1.09809E-2 2.98071E-2 5.49488E-2 1.3859E-1 5.50566E-1 5.6981E-1 4.56213E-1 3.14703E-1 3.33671E-1 3.24152E-1 3.85364E-1 4.70572E-1 4.95435E-1 5.76829E-1 7.15237E-1 6.08371E-1 6.03061E-1 7.60284E-1 9.00648E-1 9.40058E-1 9.84354E-1 9.84917E-1 9.46482E-1 7.63016E-1 8.48636E-1 9.96182E-1 9.99795E-1 9.99813E-1 9.93093E-1 9.87192E-1 9.89927E-1 9.97457E-1 9.98677E-1 9.98365E-1 9.93772E-1 9.99482E-1 9.97155E-1 9.92618E-1 9.98088E-1 9.96731E-1 9.99035E-1 9.79459E-1 9.86153E-1 9.9908E-1 9.98096E-1 9.77295E-1 9.9779E-1 9.9613E-1 9.98329E-1 9.99994E-1 9.99997E-1 9.99974E-1 9.99985E-1 9.99985E-1 9.99997E-1 9.99998E-1 9.96089E-1 9.98588E-1
2.86349E-2 3.78674E-2 5.6103E-2 2.36682E-2 1.7979E-2 8.18181E-3 7.40681E-3 6.55839E-3 4.81078E-3 1.2542E-2 1.4526E-2 1.70661E-2 7.93409E-2 3.34729E-1 4.64167E-1 1.88033E-1 1.46245E-1 2.72329E-1 4.88496E-1 5.66211E-1 4.85811E-1 4.65623E-1 5.20827E-1 6.29403E-1 8.18867E-1 8.68586E-1 9.53217E-1 9.90151E-1 9.88816E-1 9.89388E-1 9.26923E-1 8.63154E-1 8.4248E-1 8.49747E-1 9.9969E-1 9.99886E-1 9.99986E-1 9.8517E-1 9.92819E-1 9.97341E-1 9.8121E-1 9.87923E-1 9.91034E-1 9.96065E-1 9.96945E-1 9.87527E-1 9.85855E-1 9.97729E-1 9.99425E-1 9.83676E-1 9.78157E-1 9.76179E-1 9.97704E-1 9.95537E-1 9.65484E-1 9.98643E-1 9.89322E-1 9.72966E-1 9.99992E-1 9.99998E-1 9.99825E-1 9.99852E-1 9.99954E-1 9.99496E-1 9.9989E-1 9.99155E-1 9.96181E-1
1.72922E-2 2.48577E-2 3.27962E-2 2.47031E-2 1.64795E-2 9.78036E-3 2.47737E-3 2.41352E-3 1.62907E-3 9.25052E-3 6.25553E-2 1.26657E-1 1.55254E-1 3.38301E-1 3.36517E-1 3.21836E-1 2.68671E-1 2.38222E-1 6.22957E-1 5.41868E-1 7.85798E-1 7.02429E-1 3.69767E-1 5.22675E-1 8.19187E-1 9.13653E-1 9.41987E-1 8.38598E-1 9.85762E-1 9.63534E-1 8.37697E-1 7.77376E-1 8.62625E-1 9.99147E-1 9.99373E-1 9.96227E-1 9.9856E-1 9.99032E-1 9.97696E-1 9.98786E-1 9.80038E-1 9.99656E-1 9.98191E-1 9.96189E-1 9.97819E-1 9.961E-1 9.96469E-1 9.95028E-1 9.94367E-1 9.99339E-1 9.96112E-1 9.98803E-1 9.96066E-1 9.99233E-1 9.9543E-1 9.92767E-1 9.86617E-1 9.99999E-1 9.99986E-1 1E0 9.99988E-1 9.99814E-1 9.99989E-1 9.9997E-1 9.99622E-1 9.9036E-1 9.89725E-1
1.39639E-2 9.57323E-3 7.04959E-3 4.82317E-3 6.76863E-3 3.53312E-3 1.9158E-3 1.04461E-3 2.53761E-3 1.11531E-2 3.91497E-2 1.03451E-1 8.20845E-2 6.79966E-2 4.01073E-1 4.26811E-1 4.80925E-1 3.81843E-1 6.69451E-1 3.82505E-1 4.49011E-1 5.16421E-1 3.12893E-1 5.01399E-1 5.39396E-1 3.87602E-1 8.57715E-1 8.61938E-1 9.97445E-1 9.49235E-1 8.44902E-1 8.44583E-1 9.70496E-1 9.98344E-1 9.99505E-1 9.99502E-1 9.97037E-1 9.87051E-1 9.9526E-1 9.9907E-1 9.81179E-1 9.96938E-1 9.99843E-1 9.9941E-1 9.94926E-1 9.96313E-1 9.89891E-1 9.95234E-1 9.72614E-1 9.80794E-1 9.89743E-1 9.83859E-1 9.96709E-1 9.94994E-1 9.90686E-1 9.89081E-1 9.99966E-1 9.999E-1 9.99331E-1 9.98871E-1 9.99853E-1 9.94509E-1 9.93314E-1 9.88285E-1 9.93246E-1 9.9506E-1 9.94449E-1
2.45568E-2 1.09389E-2 6.41829E-3 4.56278E-3 2.19551E-3 4.07174E-3 2.77968E-3 2.22675E-3 2.00509E-3 2.14654E-2 4.70541E-2 7.58162E-2 7.05251E-2 6.60792E-2 2.64015E-1 2.95977E-1 6.2917E-1 5.89655E-1 3.82606E-1 6.00378E-1 3.77256E-1 3.24078E-1 3.64068E-1 5.54262E-1 4.89712E-1 4.69538E-1 8.80353E-1 9.1185E-1 8.4349E-1 8.78327E-1 8.64441E-1 7.31459E-1 7.97897E-1 9.77364E-1 9.99833E-1 9.99551E-1 9.99768E-1 9.98387E-1 9.9025E-1 9.9279E-1 9.99617E-1 9.96614E-1 9.99924E-1 9.99512E-1 9.99445E-1 9.98546E-1 9.94659E-1 9.88521E-1 9.91876E-1 9.99481E-1 9.80581E-1 9.63252E-1 9.95492E-1 9.98983E-1 9.88103E-1 9.53965E-1 9.53422E-1 9.9997E-1 9.99961E-1 9.99998E-1 9.99785E-1 9.9205E-1 9.91937E-1 9.92489E-1 9.91583E-1 9.95538E-1 9.94043E-1
1.0496E-2 7.16511E-3 6.17808E-3 6.68454E-3 4.40723E-3 2.76626E-3 2.96987E-3 3.03478E-3 4.95625E-3 1.93525E-2 4.63276E-2 4.9236E-2 1.25501E-1 8.57149E-2 3.06273E-1 4.57495E-1 6.21091E-1 6.40132E-1 4.00784E-1 5.84628E-1 8.16163E-1 6.88997E-1 2.86169E-1 5.54341E-1 7.95578E-1 8.98228E-1 8.68326E-1 6.67462E-1 5.5131E-1 5.96528E-1 7.21654E-1 7.47337E-1 7.66904E-1 9.78871E-1 9.9982E-1 9.99959E-1 9.99789E-1 9.99761E-1 9.99402E-1 9.98067E-1 9.95839E-1 9.96214E-1 9.9573E-1 9.95837E-1 9.99712E-1 9.98864E-1 9.85288E-1 9.98119E-1 9.26617E-1 9.98697E-1 9.98762E-1 9.99653E-1 9.99471E-1 9.98649E-1 9.92997E-1 9.32754E-1 9.35245E-1 9.94716E-1 9.99994E-1 1E0 9.99999E-1 9.94832E-1 9.90924E-1 9.89556E-1 9.95727E-1 9.92535E-1 9.94563E-1
8.01813E-3 3.56804E-3 3.67757E-3 7.93104E-3 5.46396E-3 5.66631E-3 2.63033E-3 1.84952E-3 1.20466E-2 3.72279E-2 7.04693E-2 9.21157E-2 1.01117E-1 1.32083E-1 2.87885E-1 4.17921E-1 4.73648E-1 3.24714E-1 3.09352E-1 6.2102E-1 6.00624E-1 6.60734E-1 7.08041E-1 7.23315E-1 7.88008E-1 6.77095E-1 7.01787E-1 4.60644E-1 2.59479E-1 4.38527E-1 8.03221E-1 8.21957E-1 7.78746E-1 9.78002E-1 9.99732E-1 9.99906E-1 9.99191E-1 9.88319E-1 9.96428E-1 9.99045E-1 9.98751E-1 9.82556E-1 9.97012E-1 9.97737E-1 9.98276E-1 9.98162E-1 9.86315E-1 9.9877E-1 9.99304E-1 9.9935E-1 9.98129E-1 9.99704E-1 9.99567E-1 9.99908E-1 9.91947E-1 9.73311E-1 9.07454E-1 9.92E-1 9.97815E-1 9.99994E-1 9.9999E-1 9.943E-1 9.89923E-1 9.79044E-1 9.97873E-1 9.95453E-1 9.94143E-1
2.45047E-3 1.95973E-3 2.21719E-3 5.95446E-3 5.82159E-3 6.262E-3 5.75953E-3 8.41453E-3 1.30058E-2 6.7131E-2 1.37964E-1 1.92335E-1 2.08048E-1 3.58227E-1 3.38014E-1 6.82873E-1 4.64756E-1 2.79733E-1 2.17691E-1 6.17851E-1 5.00444E-1 4.4029E-1 5.86541E-1 7.49887E-1 7.43704E-1 5.44897E-1 3.24142E-1 1.37999E-1 1.53978E-1 2.74668E-1 7.91325E-1 9.24809E-1 7.99964E-1 8.49194E-1 9.99095E-1 9.99335E-1 9.93703E-1 9.83994E-1 9.80567E-1 9.91835E-1 9.98806E-1 9.82322E-1 9.96413E-1 9.93355E-1 9.98557E-1 9.9887E-1 9.99444E-1 9.98853E-1 9.99363E-1 9.99429E-1 9.99433E-1 9.99874E-1 9.99897E-1 9.99879E-1 9.85337E-1 9.85811E-1 9.94484E-1 9.87378E-1 9.97351E-1 1E0 1E0 9.99927E-1 9.99689E-1 9.99693E-1 9.97004E-1 9.98311E-1 9.79602E-1
1.93838E-3 6.2388E-4 6.35452E-4 4.21884E-3 1.36672E-2 1.8982E-2 5.7072E-2 4.51056E-2 3.82377E-2 6.52779E-2 2.1887E-1 3.9535E-1 6.53477E-1 4.82069E-1 2.81817E-1 2.88136E-1 3.89033E-1 4.31318E-1 3.21673E-1 5.09308E-1 4.41895E-1 3.09817E-1 4.2175E-1 4.75264E-1 5.36983E-1 4.54412E-1 8.07718E-2 1.14876E-1 1.89598E-1 3.45173E-1 8.59059E-1 8.64994E-1 7.93318E-1 9.86907E-1 9.99918E-1 9.96784E-1 9.94733E-1 9.47934E-1 8.93024E-1 9.9143E-1 9.96961E-1 9.97821E-1 9.99011E-1 9.87486E-1 9.96879E-1 9.99467E-1 9.96469E-1 9.98721E-1 9.99755E-1 9.99904E-1 9.99877E-1 9.99787E-1 9.99899E-1 9.998E-1 9.88791E-1 9.88145E-1 9.98785E-1 9.9477E-1 9.97411E-1 9.99991E-1 1E0 9.99294E-1 9.99734E-1 9.99916E-1 9.99959E-1 9.99996E-1 9.96234E-1
6.97734E-4 1.12651E-3 1.6825E-3 7.16437E-3 4.23834E-2 6.81356E-2 8.68149E-2 6.38686E-2 8.20797E-2 8.68848E-2 2.13357E-1 2.78365E-1 2.0632E-1 3.19086E-1 2.9294E-1 2.25827E-1 1.71489E-1 1.45219E-1 1.21228E-1 3.08671E-1 1.82812E-1 1.68496E-1 2.18385E-1 1.8734E-1 1.39986E-1 1.11053E-1 5.83444E-2 5.09677E-2 8.89599E-2 5.44548E-1 7.10128E-1 8.47888E-1 9.75313E-1 9.99085E-1 9.98499E-1 9.99048E-1 9.82554E-1 9.65013E-1 9.85416E-1 9.94811E-1 9.98397E-1 9.97948E-1 9.98559E-1 9.95819E-1 9.97906E-1 9.98497E-1 9.81949E-1 9.96326E-1 9.99347E-1 9.99896E-1 9.99699E-1 9.99572E-1 9.88693E-1 9.90178E-1 9.36747E-1 9.21473E-1 9.97116E-1 9.93842E-1 9.99998E-1 9.99999E-1 9.99848E-1 9.99677E-1 9.99981E-1 9.99982E-1 9.99991E-1 9.9995E-1 9.99989E-1
3.34389E-4 5.60303E-4 7.05601E-4 1.0506E-2 8.91778E-2 6.27539E-2 7.57295E-2 6.48515E-2 5.14509E-2 1.51841E-1 8.29455E-2 4.62743E-2 2.99154E-2 4.75926E-2 2.18655E-1 1.07515E-1 3.27209E-2 8.40272E-2 1.03689E-1 1.22528E-1 1.22602E-1 9.19456E-2 1.63983E-1 1.76293E-1 8.81696E-2 3.55375E-2 4.76744E-2 5.04793E-2 1.10008E-1 2.57259E-1 3.31291E-1 6.80846E-1 9.6767E-1 9.96478E-1 9.92755E-1 8.92891E-1 9.73657E-1 9.77274E-1 9.71899E-1 9.95823E-1 9.97819E-1 9.98439E-1 9.99602E-1 9.99223E-1 9.9922E-1 9.99141E-1 9.97716E-1 9.98854E-1 9.99575E-1 9.99909E-1 9.99743E-1 9.99627E-1 9.98703E-1 9.98888E-1 9.88449E-1 9.19291E-1 9.89834E-1 9.86944E-1 9.98922E-1 9.98788E-1 9.99833E-1 9.99698E-1 9.9986E-1 9.99956E-1 9.99972E-1 9.99989E-1 9.99528E-1
3.17075E-3 1.06745E-3 9.14087E-3 5.17837E-2 2.71629E-1 1.77226E-1 1.55925E-1 1.87231E-1 6.82886E-2 4.36308E-2 1.48246E-2 3.18911E-3 1.18413E-2 1.67526E-2 1.17487E-2 5.12154E-2 3.26737E-3 4.16304E-2 6.34516E-2 5.27541E-2 7.98186E-2 3.962E-2 5.09322E-2 2.97773E-2 1.97388E-2 2.05233E-2 3.94833E-2 8.28072E-2 3.19906E-1 4.35247E-1 6.82113E-1 9.7067E-1 9.89713E-1 9.89716E-1 9.58579E-1 9.30103E-1 9.78849E-1 9.75718E-1 9.65548E-1 9.73796E-1 9.95096E-1 9.97368E-1 9.97562E-1 9.98261E-1 9.9927E-1 9.99551E-1 9.99836E-1 9.99806E-1 9.99757E-1 9.98946E-1 9.88589E-1 9.8847E-1 9.88519E-1 9.89289E-1 9.98865E-1 9.99433E-1 9.96462E-1 9.97955E-1 9.99887E-1 9.99245E-1 9.99812E-1 9.9995E-1 9.9999E-1 9.99991E-1 9.97595E-1 9.91166E-1 9.99556E-1
2.17195E-2 2.80941E-3 2.65586E-2 1.91904E-1 3.01386E-1 5.42588E-1 4.42907E-1 1.73379E-1 8.96283E-2 1.87193E-2 9.33331E-3 1.07978E-3 3.89833E-3 3.31494E-3 2.91335E-3 8.19604E-3 1.21407E-2 8.19668E-3 7.67381E-3 9.45072E-3 1.21663E-2 3.52104E-2 2.74553E-2 2.19816E-2 7.73067E-3 1.14129E-2 5.37414E-2 1.81559E-1 2.73208E-1 1.85422E-1 5.30652E-1 9.68826E-1 9.84836E-1 9.9369E-1 9.86541E-1 9.13018E-1 9.60523E-1 9.62799E-1 9.55796E-1 9.51269E-1 9.66976E-1 9.98151E-1 9.954E-1 9.98267E-1 9.99367E-1 9.99771E-1 9.99768E-1 9.99742E-1 9.99893E-1 9.98305E-1 9.80228E-1 9.80756E-1 9.99255E-1 9.89097E-1 9.9665E-1 9.9996E-1 9.97522E-1 9.92445E-1 9.99999E-1 9.99732E-1 9.9982E-1 9.99913E-1 9.96746E-1 9.99999E-1 9.9139E-1 9.94762E-1 9.99968E-1
-9999 -9999 -9999 -9999 3.39686E-1 2.59602E-1 2.09938E-1 1.15383E-1 1.07366E-1 3.40037E-2 1.25471E-2 3.62306E-3 1.26078E-3 1.40494E-3 8.37582E-4 2.28224E-3 1.12875E-2 7.85429E-3 4.66032E-3 3.79415E-3 4.72253E-3 5.69706E-3 1.24411E-2 1.17169E-2 1.21317E-2 1.75106E-2 1.78002E-2 1.38612E-1 1.36104E-1 2.88741E-1 6.08468E-1 9.51807E-1 9.42222E-1 9.67287E-1 9.09368E-1 9.45656E-1 8.96244E-1 9.59736E-1 9.39406E-1 9.67033E-1 9.50442E-1 9.97872E-1 9.99088E-1 9.99286E-1 9.98899E-1 9.99441E-1 9.98335E-1 9.98157E-1 9.99009E-1 9.99142E-1 9.97361E-1 9.91327E-1 9.95554E-1 9.94576E-1 9.94229E-1 9.94695E-1 9.99951E-1 9.99976E-1 9.99998E-1 9.99977E-1 9.99879E-1 9.97266E-1 9.96451E-1 9.97864E-1 9.98585E-1 9.51365E-1 9.99947E-1
-9999 -9999 -9999 -9999 -9999 -9999 -9999 -9999 -9999 -9999 1.38597E-1 1.87132E-2 4.13128E-3 2.00368E-3 2.35048E-3 2.43671E-3 8.47468E-4 1.98922E-3 2.4498E-2 1.71167E-2 1.58608E-2 1.39905E-2 5.86765E-2 2.63042E-2 3.76016E-2 6.01567E-2 1.95514E-1 2.1863E-1 1.98031E-1 4.46298E-1 7.85025E-1 8.60724E-1 9.59458E-1 9.09779E-1 8.74404E-1 9.265E-1 7.91717E-1 8.36696E-1 9.21032E-1 9.73655E-1 9.96961E-1 9.98302E-1 9.7863E-1 9.96645E-1 9.98869E-1 9.96885E-1 9.99814E-1 9.99665E-1 9.99189E-1 9.97476E-1 9.9832E-1 9.82848E-1 9.94436E-1 9.98394E-1 9.99168E-1 9.92686E-1 9.96894E-1 9.98439E-1 9.99981E-1 9.99989E-1 9.9998E-1 9.95065E-1 9.94183E-1 9.9998E-1 1E0 9.99932E-1 9.99264E-1
-9999 -9999 -9999 -9999 -9999 -9999 -9999 -9999 -9999 -9999 -9999 -9999 5.1727E-3 1.51726E-3 1.64877E-2 1.70894E-2 1.24867E-2 1.09984E-2 1.34901E-2 6.76488E-3 2.75522E-2 1.88893E-2 2.5755E-2 2.38143E-2 4.60995E-2 6.73926E-2 1.25905E-1 4.61737E-1 6.42829E-1 5.1173E-1 9.29992E-1 9.09616E-1 9.37788E-1 9.46713E-1 8.85702E-1 9.02179E-1 8.79774E-1 9.73576E-1 9.72433E-1 9.90743E-1 9.97878E-1 9.9856E-1 9.88916E-1 9.97875E-1 9.99233E-1 9.99776E-1 9.99342E-1 9.94586E-1 9.99699E-1 9.97638E-1 9.98677E-1 9.91468E-1 9.93541E-1 9.89776E-1 9.98329E-1 9.92787E-1 9.98154E-1 9.93187E-1 9.90484E-1 9.99497E-1 9.9924E-1 9.9957E-1 9.93606E-1 9.99496E-1 9.99987E-1 9.99702E-1 9.99987E-1
-9999 -9999 -9999 -9999 -9999 -9999 -9999 -9999 -9999 -9999 -9999 -9999 -9999 2.01484E-2 4.43685E-2 1.0329E-1 7.32053E-2 4.84462E-2 6.66649E-2 5.84569E-2 1.06359E-1 1.20132E-1 7.0738E-2 6.58201E-2 2.34618E-1 4.43473E-1 3.65543E-1 2.05302E-1 5.80631E-1 7.20228E-1 8.04898E-1 7.82089E-1 9.44169E-1 9.01192E-1 9.32889E-1 8.98565E-1 9.03613E-1 9.16601E-1 9.62021E-1 9.74311E-1 9.92175E-1 9.92968E-1 9.91959E-1 9.99503E-1 9.96673E-1 9.99498E-1 9.99637E-1 9.98309E-1 9.99737E-1 9.68269E-1 9.96774E-1 9.92777E-1 9.94397E-1 9.99939E-1 9.9872E-1 9.99392E-1 9.99985E-1 9.99802E-1 9.98646E-1 9.99988E-1 9.99769E-1 9.98851E-1 9.99949E-1 9.88815E-1 9.88552E-1 9.99736E-1 9.99956E-1
-9999 -9999 -9999 -9999 -9999 -9999 -9999 -9999 -9999 -9999 -9999 -9999 -9999 -9999 5.316E-2 1.2279E-1 1.55797E-1 2.07209E-1 1.93098E-1 1.50515E-1 1.23845E-1 5.42087E-2 7.48905E-2 1.71824E-1 2.51333E-1 2.08519E-1 4.33094E-1 5.50892E-1 7.04682E-1 6.14611E-1 7.54367E-1 7.34929E-1 8.55759E-1 7.87592E-1 8.28791E-1 9.62663E-1 7.46699E-1 9.57997E-1 9.54886E-1 9.87574E-1 9.90938E-1 9.97776E-1 9.82189E-1 9.98209E-1 9.97212E-1 9.98332E-1 9.91607E-1 9.99566E-1 9.98686E-1 9.97876E-1 9.89926E-1 9.98595E-1 9.99373E-1 9.99234E-1 9.99944E-1 9.99992E-1 9.97909E-1 9.97628E-1 9.94191E-1 9.6552E-1 9.56829E-1 9.871E-1 9.73396E-1 9.9516E-1 9.94099E-1 9.91389E-1 9.99936E-1
-9999 -9999 -9999 -9999 -9999 -9999 -9999 -9999 -9999 -9999 -9999 -9999 -9999 -9999 -9999 1.32925E-1 1.28412E-1 6.90939E-2 1.55876E-1 1.37638E-1 1.11479E-1 1.99143E-2 4.64963E-2 1.49384E-1 1.43523E-1 2.1373E-1 2.77364E-1 4.45062E-1 5.93722E-1 5.46634E-1 5.57514E-1 6.93818E-1 6.53771E-1 5.53878E-1 8.31472E-1 8.34505E-1 9.21695E-1 9.71773E-1 9.40217E-1 9.43114E-1 9.96749E-1 9.97199E-1 9.96815E-1 9.9896E-1 9.96691E-1 9.96667E-1 9.74678E-1 9.98471E-1 9.99473E-1 9.99597E-1 9.99562E-1 9.97817E-1 9.98314E-1 9.99876E-1 9.96868E-1 9.95651E-1 9.9744E-1 9.83146E-1 9.85798E-1 8.6098E-1 9.74733E-1 9.71363E-1 9.97397E-1 9.16217E-1 9.18473E-1 9.91217E-1 9.99994E-1
-9999 -9999 -9999 -9999 -9999 -9999 -9999 -9999 -9999 -9999 -9999 -9999 -9999 -9999 -9999 -9999 5.22715E-2 2.48163E-2 6.3461E-2 2.33275E-1 1.98358E-1 4.70298E-2 1.14532E-1 1.40859E-1 1.53426E-1 3.24641E-1 4.84812E-1 7.48364E-1 4.74103E-1 4.67717E-1 6.44733E-1 8.82075E-1 7.00036E-1 6.70594E-1 6.89726E-1 8.05614E-1 7.95244E-1 9.83168E-1 9.84541E-1 9.96614E-1 9.95009E-1 9.97443E-1 9.97052E-1 9.98702E-1 9.95357E-1 9.94143E-1 9.96676E-1 9.90254E-1 9.97638E-1 9.97178E-1 9.91521E-1 9.99832E-1 9.98856E-1 9.99886E-1 9.99334E-1 9.97659E-1 9.99962E-1 9.99992E-1 9.99779E-1 9.75591E-1 9.89589E-1 9.90758E-1 9.96692E-1 9.85434E-1 9.94389E-1 9.92877E-1 9.99993E-1
-9999 -9999 -9999 -9999 -9999 -9999 -9999 -9999 -9999 -9999 -9999 -9999 -9999 -9999 -9999 -9999 2.67225E-2 1.96477E-2 3.44661E-2 7.43296E-2 8.26671E-2 2.27205E-1 3.27513E-1 6.51367E-1 4.97382E-1 5.63677E-1 8.16479E-1 7.33985E-1 6.20621E-1 5.68814E-1 5.83086E-1 7.09522E-1 5.69357E-1 6.67285E-1 6.3747E-1 8.50158E-1 9.94673E-1 9.91516E-1 9.91816E-1 9.75815E-1 9.9737E-1 9.98968E-1 9.97876E-1 9.90583E-1 9.96348E-1 9.81158E-1 9.93369E-1 9.88508E-1 9.95093E-1 9.99285E-1 9.97664E-1 9.90394E-1 9.89169E-1 9.84747E-1 9.69006E-1 9.95178E-1 9.73618E-1 9.96884E-1 9.12937E-1 9.8686E-1 9.84514E-1 9.29581E-1 9.29222E-1 9.74657E-1 9.96744E-1 9.95884E-1 9.9999E-1
-9999 -9999 -9999 -9999 -9999 -9999 -9999 -9999 -9999 -9999 -9999 -9999 -9999 -9999 -9999 -9999 -9999 6.21945E-2 3.09565E-2 9.09709E-2 1.7423E-1 2.18026E-1 7.20822E-1 4.80943E-1 5.2943E-1 8.45277E-1 8.55851E-1 7.23332E-1 7.86633E-1 6.43192E-1 5.92596E-1 6.65624E-1 6.16912E-1 7.55908E-1 5.56747E-1 9.58336E-1 9.70234E-1 9.85063E-1 9.91488E-1 9.96839E-1 9.95637E-1 9.97407E-1 9.91336E-1 9.98523E-1 9.99177E-1 9.99079E-1 9.99815E-1 9.99796E-1 9.80032E-1 9.94195E-1 9.91951E-1 9.79003E-1 9.80915E-1 9.93206E-1 9.92524E-1 9.94285E-1 9.08971E-1 9.11586E-1 9.32541E-1 9.89494E-1 9.94933E-1 9.69047E-1 9.59628E-1 9.97847E-1 9.92512E-1 9.97268E-1 9.99991E-1
-9999 -9999 -9999 -9999 -9999 -9999 -9999 -9999 -9999 -9999 -9999 -9999 -9999 -9999 -9999 -9999 -9999 -9999 8.83679E-1 9.48038E-1 9.58114E-1 9.54088E-1 9.22762E-1 9.07452E-1 7.44804E-1 7.34678E-1 8.31796E-1 5.72441E-1 8.39798E-1 8.63864E-1 8.03961E-1 6.83963E-1 6.14391E-1 6.46091E-1 6.86487E-1 8.06005E-1 9.04253E-1 9.89914E-1 9.99143E-1 9.90688E-1 9.95016E-1 9.99226E-1 9.98801E-1 9.95633E-1 9.98912E-1 9.95839E-1 9.96792E-1 9.96993E-1 9.97743E-1 9.84722E-1 9.97773E-1 9.63317E-1 9.5653E-1 9.80784E-1 9.81248E-1 9.77471E-1 9.39004E-1 8.01634E-1 9.39973E-1 9.37141E-1 9.40649E-1 9.70795E-1 9.96966E-1 9.98299E-1 9.89183E-1 9.90708E-1 9.8702E-1
