ENM/Final_Models/M_1_F_q_Set_1_EC/Gustavia_santanderiensis_5_Choco.asc
ncols         367
nrows         963
xllcorner     -78.6
yllcorner     0.65
cellsize      0.00833333333333323
NODATA_value  -9999
[rows 448 to 479 of 963, columns 219 to 291 of 367]
1E0 1E0 1E0 1E0 1E0 1E0 1E0 1E0 1E0 1E0 1E0 1E0 1E0 1E0 1E0 1E0 1E0 1E0 1E0 1E0 9.99978E-1 1E0 9.9961E-1 9.99974E-1 1E0 1E0 1E0 1E0 1E0 1E0 1E0 9.99564E-1 8.30016E-1 2.3907E-1 1.0649E-1 1.67135E-2 9.75908E-3 6.18609E-2 1.6303E-1 8.60801E-2 9.92335E-2 1.98617E-1 7.39563E-1 9.68678E-1 5.21772E-1 5.93974E-1 7.81739E-1 3.38763E-1 1.57019E-2 6.98669E-3 2.91714E-1 1.86685E-2 9.84372E-3 3.01333E-2 1.75668E-2 2.73E-2 3.4167E-3 1.88195E-2 5.6119E-2 1.26388E-1 2.52265E-2 5.85936E-3 6.15235E-3 2.8069E-2 1.24497E-2 2.01899E-3 1.13562E-3 1.57789E-2 4.26403E-4 2.63538E-4 3.03525E-2 8.29988E-3 -9999
1E0 1E0 1E0 1E0 1E0 1E0 1E0 1E0 1E0 1E0 1E0 1E0 1E0 1E0 1E0 1E0 1E0 1E0 1E0 9.99962E-1 1E0 1E0 1E0 1E0 1E0 1E0 1E0 1E0 1E0 9.99999E-1 1E0 9.99965E-1 8.22287E-1 2.60533E-1 7.82617E-2 8.13361E-2 6.25611E-2 1.94399E-1 3.30792E-1 2.07213E-1 1.69013E-1 4.34152E-1 3.58283E-1 1.02006E-2 1.95656E-1 2.79133E-1 6.81224E-1 3.96725E-1 6.35214E-1 9.88618E-2 1.9366E-1 1.13787E-1 1.4593E-2 7.44961E-3 1.59433E-2 3.49636E-3 1.14351E-1 2.00138E-2 4.84715E-3 9.26882E-3 2.97958E-3 3.26418E-3 2.39286E-3 2.61602E-3 7.84076E-4 3.62322E-2 1.24739E-1 7.10241E-2 8.18445E-2 7.43498E-2 8.18817E-4 1.33006E-2 -9999
1E0 1E0 1E0 1E0 1E0 1E0 1E0 1E0 1E0 1E0 1E0 1E0 1E0 1E0 9.99997E-1 1E0 1E0 1E0 1E0 9.98579E-1 1E0 9.99808E-1 9.999E-1 9.99976E-1 1E0 1E0 1E0 1E0 9.99954E-1 9.97701E-1 9.90138E-1 9.51887E-1 9.66589E-1 6.25248E-1 5.38698E-1 1.24908E-1 1.11925E-1 2.74835E-1 5.66945E-1 4.55546E-1 1.53607E-1 5.7452E-1 2.71363E-1 1.08591E-2 9.80974E-2 3.68468E-2 2.36225E-2 4.79764E-2 1.49607E-2 3.3119E-2 1.64043E-1 6.2896E-1 5.33866E-1 4.75531E-1 2.925E-1 1.49745E-1 4.83951E-1 6.01858E-1 2.15938E-1 6.01635E-3 3.16661E-2 3.87141E-3 2.3412E-3 3.77529E-3 6.10139E-2 8.56804E-2 2.00637E-1 9.40711E-2 1.75908E-1 2.57653E-2 2.49935E-2 -9999 -9999
1E0 1E0 1E0 1E0 1E0 1E0 1E0 1E0 1E0 1E0 1E0 1E0 1E0 1E0 9.99999E-1 1E0 1E0 9.99997E-1 9.99999E-1 1E0 9.99993E-1 9.9646E-1 9.98927E-1 9.9944E-1 1E0 1E0 1E0 9.99886E-1 9.70239E-1 6.72517E-1 1.43589E-1 7.85947E-2 2.94714E-1 9.08048E-1 4.70651E-1 1.40101E-1 1.68917E-1 4.84432E-1 6.53163E-1 7.57058E-1 2.71319E-1 1.2383E-1 3.68481E-2 2.47024E-3 2.56258E-2 4.26142E-2 3.08162E-1 1.33507E-1 1.40724E-1 1.14641E-1 1.12807E-1 2.82447E-1 1.94175E-1 2.71873E-1 2.15534E-1 1.02113E-1 2.32645E-1 3.66444E-1 5.23162E-1 4.37535E-1 3.92047E-1 9.5718E-2 8.68207E-2 5.1621E-2 5.96632E-2 8.99082E-2 1.74618E-1 1.42147E-1 3.92481E-2 8.59046E-2 3.89152E-2 -9999 -9999
1E0 1E0 1E0 1E0 1E0 1E0 1E0 1E0 1E0 1E0 1E0 1E0 1E0 1E0 1E0 1E0 1E0 1E0 9.98488E-1 9.74654E-1 9.93895E-1 9.97898E-1 9.99945E-1 9.99738E-1 1E0 1E0 9.99442E-1 6.96976E-1 3.63975E-1 4.71238E-2 9.62858E-3 8.23467E-3 3.28727E-2 2.07542E-1 2.18921E-1 4.63295E-1 3.39662E-1 5.7068E-1 9.42183E-1 2.40729E-2 6.13485E-2 5.19975E-2 2.44318E-2 4.72416E-3 5.35978E-2 1.50736E-1 2.727E-1 1.3626E-1 5.29013E-2 8.45965E-2 9.38195E-2 3.60613E-1 4.03239E-1 1.99839E-1 1.00168E-1 1.28122E-1 1.64399E-1 3.52112E-1 4.59897E-1 1.29384E-1 5.62542E-2 4.74469E-2 1.63801E-1 1.89006E-1 1.02509E-1 3.46469E-2 7.13231E-2 6.07542E-2 4.88566E-2 8.2839E-3 1.73149E-2 -9999 -9999
1E0 1E0 1E0 1E0 1E0 1E0 1E0 1E0 1E0 1E0 1E0 1E0 1E0 1E0 1E0 9.9999E-1 1E0 9.99997E-1 9.99552E-1 9.73306E-1 9.99263E-1 1E0 9.99934E-1 9.9996E-1 1E0 9.99874E-1 9.97997E-1 4.22675E-1 1.78274E-1 2.42396E-2 7.99759E-3 1.22975E-2 2.50644E-2 3.85643E-2 2.33785E-2 3.68738E-1 1.80768E-1 6.41584E-1 4.53846E-1 3.69511E-1 1.04461E-1 7.6188E-2 9.66801E-2 3.46991E-2 8.85551E-3 2.63257E-2 3.56742E-2 4.01423E-2 3.2036E-2 2.95294E-2 5.39842E-2 7.91832E-2 8.60413E-2 1.10867E-1 1.67713E-1 5.78033E-1 7.64601E-2 1.33953E-1 1.96703E-1 1.78542E-1 7.06084E-2 4.00537E-2 8.16564E-2 4.22366E-2 2.99953E-2 3.70657E-2 3.98581E-2 1.1244E-2 2.38963E-2 2.14963E-2 1.1917E-2 -9999 -9999
1E0 1E0 1E0 1E0 1E0 1E0 1E0 1E0 1E0 1E0 1E0 1E0 1E0 1E0 1E0 1E0 9.99718E-1 9.99992E-1 9.99999E-1 9.99996E-1 1E0 9.99999E-1 9.98271E-1 9.9994E-1 9.9502E-1 9.00339E-1 9.45651E-1 3.587E-2 6.79154E-3 6.49244E-3 2.58677E-3 4.1954E-3 1.50552E-2 6.78135E-2 3.35161E-2 2.07032E-1 1.91633E-1 1.96842E-1 2.58921E-2 8.89542E-1 4.57253E-1 1.93323E-1 8.83399E-2 1.78479E-2 1.51199E-3 1.50969E-3 1.78204E-3 3.09503E-3 1.23979E-2 6.32923E-2 1.14453E-1 1.24778E-1 1.70567E-1 1.75852E-1 5.15857E-1 3.83911E-1 1.97449E-1 6.02043E-2 1.87164E-1 9.95058E-2 3.34047E-1 3.86705E-2 5.78221E-2 1.01615E-2 1.88307E-2 2.19126E-2 4.0224E-2 3.31563E-2 1.35776E-1 1.17554E-1 8.8425E-3 -9999 -9999
1E0 1E0 1E0 1E0 1E0 1E0 1E0 1E0 1E0 1E0 1E0 1E0 1E0 1E0 1E0 1E0 1E0 9.95094E-1 9.9942E-1 9.99999E-1 9.99689E-1 9.98402E-1 9.96356E-1 9.99812E-1 9.96365E-1 9.04189E-1 5.69752E-1 9.60857E-2 2.13518E-2 2.85332E-3 4.86072E-3 4.08634E-3 1.82077E-2 3.37476E-2 5.50029E-2 1.07779E-1 2.2812E-1 2.35614E-1 3.294E-2 8.80377E-1 1.38096E-1 7.64766E-2 3.33225E-1 2.93461E-1 1.70237E-1 1.38625E-1 5.61861E-2 2.58621E-2 4.71792E-4 1.27135E-3 1.5414E-2 3.57357E-2 1.51274E-2 4.38249E-2 1.67333E-1 3.06298E-1 1.34625E-1 3.6572E-1 1.62444E-1 4.43557E-2 1.78214E-2 2.38515E-2 3.06816E-2 8.45836E-2 1.74564E-2 1.78845E-2 5.04929E-2 5.8905E-2 5.97415E-2 2.27783E-2 6.75762E-3 -9999 -9999
1E0 1E0 1E0 1E0 1E0 1E0 1E0 1E0 1E0 9.99999E-1 9.99996E-1 9.99881E-1 1E0 1E0 1E0 1E0 1E0 9.99999E-1 9.99995E-1 9.99959E-1 9.94641E-1 9.96061E-1 9.86978E-1 9.98087E-1 9.98128E-1 6.07964E-1 6.44099E-2 4.91459E-2 1.92671E-2 3.59763E-2 3.53211E-3 9.4185E-3 6.0591E-3 1.16318E-2 6.36657E-2 1.97626E-1 4.56128E-1 6.12302E-1 1.83801E-1 4.8785E-1 3.4813E-1 5.59681E-1 7.88041E-1 3.78343E-1 3.19739E-1 4.54454E-1 4.73278E-1 6.76015E-2 1.56791E-1 3.71351E-2 2.15033E-2 1.35786E-3 1.33427E-2 8.98793E-3 4.09943E-2 1.22806E-1 1.99058E-1 1.82522E-1 3.62117E-1 7.16148E-2 1.40646E-1 1.25653E-1 5.00913E-2 1.8416E-1 2.64468E-2 8.84191E-3 2.50391E-2 6.32415E-2 8.00602E-2 7.7475E-2 4.56539E-3 -9999 -9999
1E0 1E0 1E0 1E0 1E0 1E0 1E0 1E0 1E0 1E0 9.99999E-1 1E0 1E0 1E0 1E0 9.99999E-1 1E0 9.9976E-1 9.97537E-1 9.99994E-1 9.99999E-1 9.99995E-1 9.99881E-1 9.99973E-1 9.99063E-1 5.51353E-1 3.39483E-2 8.2502E-3 8.10579E-3 1.00314E-2 9.68731E-3 2.77329E-2 9.99222E-3 2.17432E-2 2.88118E-2 1.07535E-1 5.10997E-1 5.33809E-1 1.00154E-1 4.66877E-1 6.31362E-1 6.94749E-1 4.8095E-1 3.55037E-1 3.9767E-1 7.14442E-1 5.25654E-1 1.99944E-1 2.02472E-1 3.49217E-1 3.10155E-2 1.77076E-2 1.08523E-2 9.29386E-3 2.23258E-1 8.82124E-2 1.43898E-1 2.52985E-1 2.94431E-1 1.16043E-1 5.78544E-2 2.04149E-2 2.96119E-2 9.43657E-2 1.70752E-1 4.30349E-2 1.72273E-2 3.42406E-2 4.27024E-2 4.55558E-2 7.53212E-3 -9999 -9999
1E0 1E0 1E0 1E0 1E0 1E0 1E0 1E0 1E0 1E0 1E0 1E0 1E0 9.99988E-1 1E0 1E0 9.9998E-1 9.92728E-1 9.97743E-1 1E0 1E0 1E0 1E0 9.99996E-1 9.2896E-1 1.05643E-1 1.18679E-2 2.40327E-3 4.56496E-3 3.45246E-3 1.75415E-2 5.79286E-2 3.06121E-2 3.48515E-2 1.00472E-1 1.35649E-1 4.6523E-1 4.70609E-1 1.21498E-2 3.49743E-1 2.32885E-1 7.18076E-1 8.28408E-1 3.44726E-1 1.26427E-1 5.02173E-2 1.50696E-1 5.92574E-1 5.17557E-1 2.69425E-1 1.11154E-1 3.07376E-2 2.54648E-3 5.12035E-3 1.36044E-1 6.2724E-2 1.96623E-1 2.82452E-1 2.61912E-1 9.98347E-2 2.49002E-2 3.30184E-3 2.42581E-2 1.2484E-1 2.76787E-1 2.23609E-2 5.44292E-3 3.70175E-3 7.56122E-3 3.54904E-2 7.80041E-3 -9999 -9999
1E0 1E0 1E0 1E0 1E0 1E0 1E0 1E0 1E0 1E0 1E0 9.99997E-1 1E0 1E0 9.99999E-1 9.99251E-1 1E0 1E0 9.99999E-1 1E0 1E0 9.99984E-1 9.99734E-1 9.38952E-1 9.34119E-2 2.71738E-3 1.39848E-3 4.39284E-3 1.09977E-2 1.49114E-2 3.38706E-3 1.45088E-2 2.87845E-2 6.98964E-2 4.1299E-3 5.18283E-2 2.80075E-1 4.58711E-1 1.22982E-1 7.52317E-2 2.52951E-1 1.20648E-1 1.80637E-1 2.47238E-1 1.0433E-1 2.10922E-1 8.94222E-2 1.84188E-1 3.48081E-1 5.66393E-1 1.7367E-1 1.89326E-2 2.44014E-2 3.54253E-2 1.84278E-1 9.30637E-2 8.34975E-2 1.71486E-1 1.12711E-1 2.51329E-2 6.27895E-3 2.83938E-4 1.24498E-2 8.88629E-2 1.55702E-1 3.337E-2 2.6109E-3 2.80229E-3 8.09625E-3 8.1005E-3 4.03724E-3 9.62608E-4 -9999
1E0 1E0 1E0 1E0 1E0 1E0 1E0 1E0 1E0 9.99978E-1 9.99964E-1 1E0 9.99996E-1 1E0 9.99989E-1 9.99782E-1 9.99903E-1 9.99955E-1 1E0 1E0 1E0 9.99963E-1 7.59518E-1 4.88326E-1 9.7262E-2 4.01078E-3 3.00502E-3 2.03656E-3 9.93804E-3 1.56718E-2 1.03269E-2 2.15102E-2 2.15464E-2 5.30539E-2 7.5054E-2 1.44371E-1 3.07282E-1 4.44608E-2 3.42311E-2 2.58397E-2 9.65793E-3 7.54621E-3 1.07938E-3 1.39621E-3 5.86608E-1 2.26589E-1 1.13275E-2 5.1861E-3 1.41852E-2 6.73933E-2 7.26083E-3 1.00725E-1 2.42178E-1 1.42952E-1 6.70024E-2 4.43646E-2 2.04236E-2 4.91107E-2 3.23359E-2 4.80809E-2 3.51076E-2 1.54188E-3 9.18507E-3 1.4943E-2 1.3995E-2 2.02518E-2 2.92984E-3 2.11445E-3 7.20879E-3 1.47607E-3 8.94089E-4 4.26525E-3 -9999
1E0 1E0 1E0 1E0 1E0 1E0 1E0 1E0 1E0 9.99985E-1 9.99933E-1 9.9782E-1 9.99958E-1 1E0 9.99996E-1 9.99969E-1 9.99497E-1 9.99985E-1 1E0 1E0 1E0 1E0 9.67224E-1 5.91634E-1 2.72589E-2 3.21666E-3 5.25856E-3 2.55115E-2 1.93648E-2 3.08585E-2 2.0115E-2 1.37004E-2 1.463E-2 1.29166E-2 3.27031E-2 8.24651E-2 1.89239E-1 2.55791E-1 2.02913E-1 2.7883E-1 2.71674E-1 5.08587E-3 3.72082E-3 1.0731E-2 1.18899E-1 1.54477E-1 8.71802E-2 1.64549E-2 3.36662E-2 7.30992E-2 3.04114E-1 6.92695E-2 6.46618E-2 4.76851E-2 2.91394E-2 7.59558E-3 4.01062E-3 8.68276E-3 1.46914E-2 2.9366E-2 1.02199E-2 3.1768E-3 3.6307E-3 5.63564E-3 2.56395E-3 4.13035E-3 3.83681E-3 3.77719E-3 3.41452E-3 1.23702E-3 1.06806E-3 1.6066E-3 -9999
1E0 1E0 1E0 1E0 1E0 1E0 1E0 1E0 9.99993E-1 9.84997E-1 9.99904E-1 1E0 1E0 1E0 9.98919E-1 9.99984E-1 9.99984E-1 1E0 1E0 1E0 1E0 1E0 9.67173E-1 5.69915E-1 4.19104E-2 1.05905E-2 1.52332E-2 2.85591E-2 2.5069E-2 4.98696E-2 2.22925E-2 7.98382E-3 2.07324E-3 2.4125E-2 6.69294E-2 1.42078E-1 2.49713E-1 2.34434E-1 1.79577E-1 1.29869E-1 5.13365E-1 3.89287E-2 2.79417E-2 2.52218E-3 5.82391E-3 2.26708E-2 1.6904E-2 1.70991E-2 8.89802E-3 6.20114E-2 9.33353E-2 4.39685E-2 4.45304E-2 1.79441E-2 9.81951E-3 8.22105E-3 1.17077E-2 6.37783E-3 5.76731E-3 4.87425E-3 2.95876E-3 8.92398E-4 2.52733E-3 1.15801E-2 1.12633E-3 2.06845E-3 1.71506E-3 1.81113E-3 4.36886E-3 2.60504E-3 5.13237E-3 3.73982E-3 -9999
1E0 1E0 1E0 1E0 1E0 1E0 1E0 1E0 9.99971E-1 9.86956E-1 9.84528E-1 9.99445E-1 1E0 1E0 1E0 9.99979E-1 9.99988E-1 1E0 1E0 1E0 9.99996E-1 9.65448E-1 4.42958E-1 2.98136E-1 3.00731E-2 7.01552E-3 1.70761E-2 2.70223E-2 1.68958E-2 3.24009E-2 3.24818E-2 1.15627E-2 6.09567E-3 3.2488E-2 1.03021E-1 1.04425E-1 2.2512E-1 3.26247E-1 4.80788E-3 1.10203E-1 1.59316E-1 4.32131E-1 4.57873E-1 1.66649E-2 3.62223E-2 7.21791E-2 4.24674E-3 1.12748E-2 9.43501E-3 9.13067E-3 2.78882E-1 6.25301E-2 1.16025E-1 2.78332E-2 2.13185E-2 7.05054E-2 2.82305E-2 2.97882E-2 5.7706E-3 6.81892E-3 3.10736E-3 1.29011E-3 1.32142E-3 2.58454E-3 1.0077E-3 4.34171E-4 1.03763E-3 3.63574E-4 2.44316E-3 2.21488E-3 1.31021E-3 7.97676E-4 -9999
1E0 1E0 1E0 1E0 1E0 1E0 1E0 1E0 1E0 9.98139E-1 9.98289E-1 9.99981E-1 9.99862E-1 9.99992E-1 1E0 9.99993E-1 9.99997E-1 1E0 1E0 9.99999E-1 9.99749E-1 9.93848E-1 4.25941E-1 1.99631E-1 5.42972E-3 3.37525E-3 1.72936E-2 3.10925E-2 2.3017E-2 2.57735E-2 2.06418E-2 6.10358E-3 1.40215E-2 2.79508E-2 4.53523E-2 1.29756E-1 2.00166E-1 2.98926E-1 2.32081E-1 5.69397E-3 7.95078E-2 5.12097E-1 3.06016E-1 1.03469E-1 4.6777E-2 2.03223E-2 3.80846E-2 2.03296E-2 8.87705E-3 1.61065E-2 4.05148E-2 6.43371E-2 4.8057E-2 5.1591E-2 7.52854E-2 5.43232E-2 2.35273E-2 1.22853E-2 3.81917E-3 2.20345E-3 1.1702E-3 8.20797E-4 2.31773E-4 5.33235E-4 6.47196E-5 2.52687E-4 2.03959E-4 3.40855E-4 5.78681E-4 5.44939E-3 2.05949E-4 5.05408E-3 -9999
1E0 1E0 1E0 1E0 1E0 1E0 1E0 1E0 1E0 1E0 9.99958E-1 9.99871E-1 9.99377E-1 9.99915E-1 9.98806E-1 1E0 1E0 1E0 1E0 9.99999E-1 9.99998E-1 9.99997E-1 8.33526E-1 9.00524E-2 5.04331E-3 6.41297E-3 5.28719E-3 2.89569E-2 2.24403E-2 1.31202E-2 6.44692E-3 5.76118E-4 1.00283E-3 7.36517E-4 7.35713E-3 4.98969E-2 7.73638E-2 4.91119E-2 2.2418E-1 4.30011E-1 1.39977E-1 1.80079E-2 5.48069E-2 4.12408E-2 3.11948E-2 2.63025E-2 3.0015E-2 2.23536E-2 2.68953E-2 2.80954E-3 1.39731E-2 4.39343E-2 5.94972E-2 3.95406E-2 2.48701E-2 3.01011E-2 5.67811E-2 9.17692E-2 1.72339E-3 1.15375E-3 5.14166E-4 1.16725E-5 4.01585E-5 1.49723E-4 1.09607E-4 3.79374E-4 1.75705E-3 1.17232E-3 3.25978E-3 2.34431E-3 2.26586E-3 4.84778E-3 -9999
1E0 1E0 1E0 1E0 1E0 1E0 1E0 1E0 1E0 1E0 1E0 9.99973E-1 9.99777E-1 1E0 9.99394E-1 9.99995E-1 9.99999E-1 1E0 1E0 1E0 1E0 1E0 8.08141E-1 3.48798E-1 1.27043E-2 9.75548E-3 4.76456E-3 2.45033E-2 2.96977E-2 2.08711E-2 3.2938E-3 3.8528E-3 1.07726E-4 2.87256E-4 7.96487E-4 2.98426E-3 1.53594E-2 3.26569E-2 6.53194E-2 1.49151E-1 1.43763E-1 1.60684E-2 5.3985E-3 1.14953E-2 2.32886E-2 3.87012E-2 5.00932E-2 1.1751E-1 3.29643E-2 1.0747E-1 2.2965E-2 4.00786E-2 4.04062E-2 2.98658E-2 5.71194E-2 5.92269E-2 2.20293E-2 1.3691E-2 1.13085E-2 6.40329E-4 7.62883E-4 5.57948E-4 8.29106E-5 2.76197E-4 1.48553E-4 7.05573E-4 5.04045E-4 3.33185E-3 5.38922E-3 1.77898E-3 1.42895E-3 -9999 -9999
1E0 1E0 1E0 1E0 1E0 1E0 1E0 1E0 1E0 1E0 1E0 1E0 9.99995E-1 9.99812E-1 1E0 1E0 1E0 1E0 1E0 1E0 1E0 1E0 9.18956E-1 5.34154E-2 2.36728E-2 1.38214E-2 9.93235E-3 1.48743E-2 7.73875E-2 2.97134E-2 4.89297E-2 1.39641E-3 2.74674E-4 4.9892E-5 3.69366E-4 5.94413E-3 1.48006E-2 2.85072E-2 3.02134E-2 8.24311E-2 6.88758E-2 1.0765E-2 1.07484E-2 7.28289E-3 2.51213E-2 2.05223E-2 1.91042E-1 8.12443E-2 1.43034E-1 6.74027E-2 1.48093E-1 8.36231E-2 1.42714E-1 5.79661E-2 3.43503E-2 3.14127E-2 3.86993E-2 7.78499E-3 5.40177E-3 9.84592E-4 7.77416E-5 3.08039E-4 1.29328E-3 3.49206E-4 3.70408E-4 1.07241E-3 7.77517E-4 1.1159E-3 5.02399E-4 6.1553E-3 1.04046E-3 -9999 -9999
1E0 1E0 1E0 1E0 1E0 1E0 1E0 1E0 1E0 1E0 9.99999E-1 1E0 9.99817E-1 1E0 9.95507E-1 1E0 1E0 1E0 1E0 1E0 1E0 9.99995E-1 9.238E-1 9.88712E-2 2.57987E-2 1.18166E-2 7.08178E-3 1.91807E-2 7.48518E-2 1.8714E-1 3.80777E-2 3.48719E-3 5.1977E-4 1.19131E-4 3.58377E-4 1.10012E-2 6.91941E-3 8.64881E-3 3.48793E-2 6.97621E-2 1.14631E-1 2.27224E-2 2.189E-2 2.00964E-2 2.54355E-2 6.11482E-2 2.11895E-1 1.36783E-1 9.07638E-2 3.28368E-2 2.69735E-2 2.29714E-2 4.69562E-2 2.89306E-2 2.49868E-2 3.16009E-2 9.74389E-3 2.3934E-3 2.25694E-4 1.30194E-4 7.93988E-4 7.01962E-4 1.65431E-3 1.4793E-3 1.38877E-3 1.47315E-4 7.06471E-4 6.69124E-3 1.62481E-2 2.73564E-2 2.00972E-3 -9999 -9999
1E0 1E0 1E0 9.99992E-1 1E0 1E0 1E0 1E0 1E0 1E0 9.99979E-1 9.99989E-1 9.94755E-1 9.32736E-1 9.82212E-1 1E0 1E0 1E0 1E0 1E0 1E0 9.99971E-1 9.52778E-1 5.49436E-2 3.32874E-2 7.04991E-3 3.09491E-3 2.65307E-2 1.04762E-1 2.3646E-2 2.61487E-2 2.55607E-2 8.77168E-4 1.86822E-4 4.70472E-4 4.43037E-3 4.6718E-3 5.84191E-3 3.046E-2 6.24611E-2 1.32203E-1 4.97524E-2 4.45633E-2 3.94616E-2 3.26344E-2 2.72263E-2 1.00752E-1 1.13778E-1 6.51684E-2 3.48831E-2 8.21256E-3 5.86511E-3 6.54256E-3 1.77531E-2 1.15439E-2 1.00671E-2 1.3537E-3 8.80464E-4 8.80465E-4 1.87443E-4 5.06514E-4 2.4298E-3 4.85965E-3 1.8631E-3 2.98967E-3 2.98372E-3 2.29008E-3 1.74396E-2 2.29453E-2 2.09081E-2 4.33346E-4 -9999 -9999
1E0 1E0 1E0 1E0 1E0 1E0 1E0 1E0 1E0 1E0 1E0 9.99999E-1 9.92584E-1 9.99375E-1 9.99595E-1 1E0 1E0 1E0 1E0 1E0 1E0 1E0 7.24338E-1 4.19466E-2 7.49318E-3 3.9209E-3 1.46521E-2 9.96537E-2 2.33273E-1 2.04151E-3 1.03265E-3 2.80234E-2 7.14303E-3 9.923E-4 7.71084E-3 1.39657E-2 3.32604E-3 5.7209E-3 3.70473E-3 2.99099E-2 1.63946E-2 1.5159E-1 6.02871E-2 9.50148E-2 4.9761E-2 3.05161E-2 7.14857E-2 2.0971E-2 5.22871E-3 5.38294E-3 4.18382E-3 2.97501E-3 5.32921E-3 1.45636E-2 5.18142E-3 1.42123E-3 4.35652E-4 1.00521E-3 8.53072E-4 1.25995E-3 3.09066E-3 3.14247E-4 7.47663E-4 1.98662E-3 1.62867E-3 4.2597E-3 9.78252E-3 2.38403E-2 4.58203E-2 1.50066E-2 2.14474E-3 -9999 -9999
1E0 1E0 1E0 1E0 9.99999E-1 1E0 9.99996E-1 1E0 1E0 1E0 1E0 1E0 1E0 9.99985E-1 1E0 1E0 1E0 1E0 1E0 1E0 1E0 1E0 6.13184E-1 5.3309E-2 1.67302E-2 1.89823E-2 3.00154E-2 1.56447E-1 3.19972E-1 1.99775E-1 1.9277E-1 9.00687E-2 1.5789E-2 2.29047E-2 8.97218E-2 3.14849E-2 1.69856E-2 2.50686E-4 6.3359E-3 1.61135E-2 1.24429E-1 1.14602E-1 2.39336E-1 1.45321E-1 1.06201E-1 6.74106E-2 2.69802E-2 7.1352E-3 1.34807E-2 1.33703E-2 1.11337E-2 1.4078E-2 1.53846E-2 1.89502E-2 2.81979E-3 1.8953E-4 9.18813E-5 8.35305E-5 2.47302E-4 8.27576E-4 3.10993E-3 8.79016E-6 1.50238E-3 3.44055E-3 3.55796E-3 4.06759E-3 6.88214E-3 4.92015E-3 3.24104E-3 9.74374E-3 1.0289E-2 -9999 -9999
1E0 1E0 1E0 1E0 1E0 1E0 9.99914E-1 1E0 1E0 1E0 1E0 1E0 1E0 1E0 1E0 9.99983E-1 9.9856E-1 9.91184E-1 1E0 1E0 1E0 1E0 9.86444E-1 2.03942E-1 7.36687E-2 1.62868E-2 1.4738E-2 2.89932E-2 8.52345E-2 1.20068E-1 4.11118E-2 1.04928E-2 7.59661E-3 2.05467E-2 9.71745E-2 5.57655E-2 2.88735E-2 3.77631E-3 7.01232E-3 5.1627E-2 2.15124E-1 4.11497E-1 5.92619E-1 4.0709E-1 2.20544E-1 2.05058E-1 5.98607E-2 3.67454E-2 9.05919E-2 9.3837E-2 3.67048E-2 2.62952E-2 1.63777E-2 8.55636E-4 4.76752E-3 1.14036E-3 1.36131E-3 7.34751E-4 5.37663E-4 4.24574E-4 8.85051E-4 1.53642E-3 4.28492E-3 1.02361E-3 7.52355E-3 2.13155E-2 8.08475E-3 1.09984E-2 1.2377E-2 7.50724E-3 2.03436E-2 -9999 -9999
1E0 1E0 1E0 1E0 1E0 9.99998E-1 1E0 1E0 1E0 1E0 1E0 1E0 1E0 1E0 9.99999E-1 9.96501E-1 9.97256E-1 9.99983E-1 1E0 1E0 1E0 1E0 9.70192E-1 1.9172E-1 6.7879E-2 2.00463E-2 5.9425E-2 2.00873E-1 2.38924E-1 1.27395E-1 5.81211E-2 1.51009E-2 2.7938E-2 1.08298E-1 2.73645E-1 1.74273E-1 4.58532E-2 2.60793E-2 4.35195E-2 2.44247E-1 6.82232E-1 5.68171E-1 8.04982E-1 3.11833E-1 6.74058E-1 2.00087E-1 9.84085E-2 4.02622E-2 1.20168E-1 7.21466E-2 1.26265E-1 7.05802E-2 2.77643E-2 4.92026E-2 3.17302E-2 2.75949E-2 4.19269E-3 6.96194E-4 5.01508E-4 1.66677E-3 2.64488E-3 3.48854E-3 1.45219E-3 1.2226E-3 2.43689E-5 9.95707E-3 1.86626E-2 9.32668E-3 1.51467E-2 1.66526E-2 2.23407E-2 -9999 -9999
1E0 1E0 1E0 9.99998E-1 1E0 1E0 1E0 1E0 1E0 1E0 1E0 1E0 1E0 1E0 1E0 1E0 1E0 1E0 1E0 1E0 1E0 1E0 9.99164E-1 5.81578E-1 1.62145E-1 2.86214E-1 8.90445E-1 9.06289E-1 9.24632E-1 4.24493E-1 3.66543E-1 5.49547E-1 4.25775E-1 6.44998E-1 3.30404E-1 2.36235E-1 9.85364E-2 1.63093E-1 1.76689E-1 7.89248E-1 4.27489E-1 4.06724E-1 3.42645E-2 1.34491E-2 5.53476E-2 8.44049E-2 6.33049E-2 1.59621E-2 4.48845E-2 2.99414E-2 2.00716E-2 1.01693E-2 9.64853E-2 4.36723E-2 3.91337E-2 1.46017E-2 2.99843E-3 1.89994E-3 9.3259E-4 1.63527E-3 8.68244E-4 1.39533E-3 2.14899E-3 1.79018E-3 6.55875E-3 1.21609E-2 7.70924E-3 5.95028E-3 1.02527E-3 4.98949E-3 1.02269E-2 -9999 -9999
1E0 9.99854E-1 9.99972E-1 9.99719E-1 9.99992E-1 1E0 1E0 1E0 1E0 1E0 1E0 1E0 1E0 1E0 1E0 1E0 1E0 1E0 1E0 1E0 1E0 9.99996E-1 9.95418E-1 6.64983E-1 8.15554E-1 9.28606E-1 9.75443E-1 9.9551E-1 9.76176E-1 7.80952E-1 8.15677E-1 9.70641E-1 9.9338E-1 9.79443E-1 9.48316E-1 9.62669E-1 5.81558E-1 7.92902E-1 4.46008E-1 9.42849E-1 1.97821E-1 1.30227E-2 9.51826E-2 1.61841E-1 1.21019E-1 1.05568E-1 1.30879E-1 1.13452E-1 3.97168E-2 4.91994E-2 5.82195E-2 3.65573E-2 2.3507E-1 1.07462E-1 4.67145E-2 1.97403E-2 2.35987E-3 4.22024E-3 9.13602E-4 2.39855E-4 1.9354E-4 1.2555E-4 1.48869E-4 7.35639E-4 1.23884E-3 1.51463E-3 3.55898E-3 4.37036E-3 3.91419E-3 7.20512E-3 7.90057E-3 -9999 -9999
1E0 1E0 9.99914E-1 9.99718E-1 1E0 1E0 1E0 1E0 1E0 1E0 1E0 1E0 1E0 1E0 1E0 1E0 1E0 1E0 1E0 1E0 1E0 9.99974E-1 9.93937E-1 9.63284E-1 9.93716E-1 9.963E-1 9.78091E-1 9.93401E-1 9.96138E-1 9.17377E-1 9.14184E-1 9.95751E-1 9.9991E-1 9.83523E-1 9.44078E-1 9.99248E-1 9.59625E-1 8.85533E-1 7.19229E-1 3.33868E-1 3.19961E-2 1.36386E-3 1.73093E-2 4.49768E-2 1.01408E-1 3.14423E-2 2.71721E-1 2.16426E-1 6.00249E-2 7.89728E-2 1.12011E-1 1.2554E-1 3.99624E-2 4.43383E-2 2.69347E-2 8.28955E-3 2.57825E-3 4.56822E-4 1.97544E-3 1.09779E-3 4.84125E-4 1.83761E-4 2.45055E-4 4.12026E-4 1.59082E-3 6.55539E-3 1.41063E-3 1.71434E-3 2.26852E-3 1.7954E-3 -9999 -9999 -9999
1E0 1E0 9.99963E-1 1E0 1E0 1E0 1E0 1E0 1E0 1E0 1E0 1E0 1E0 1E0 1E0 1E0 1E0 9.99999E-1 1E0 1E0 9.99998E-1 9.99973E-1 9.99987E-1 9.98986E-1 9.99943E-1 9.98677E-1 9.85767E-1 9.98704E-1 9.95386E-1 9.81792E-1 8.99368E-1 9.95549E-1 9.99908E-1 9.94127E-1 2.85661E-1 1.27387E-1 5.80885E-2 4.57891E-2 3.84285E-3 3.98759E-2 2.40216E-3 8.52499E-2 7.28403E-2 2.03187E-1 8.43271E-2 1.46168E-1 7.9126E-2 5.24984E-2 5.30908E-2 1.99287E-1 1.85747E-1 5.21226E-2 8.98526E-2 2.38882E-2 2.61923E-2 6.7783E-3 1.61402E-3 4.65875E-4 1.1546E-3 3.55001E-3 1.59698E-3 6.73815E-4 4.62495E-4 1.39971E-3 7.47574E-3 3.8205E-3 3.1379E-3 4.55099E-3 7.923E-4 1.36692E-3 -9999 -9999 -9999
1E0 1E0 1E0 1E0 1E0 1E0 1E0 1E0 1E0 1E0 1E0 1E0 1E0 1E0 1E0 1E0 1E0 1E0 1E0 9.99999E-1 9.99056E-1 9.35547E-1 9.9877E-1 9.58783E-1 9.55085E-1 8.50488E-1 9.55695E-1 9.99974E-1 9.25193E-1 9.32884E-1 7.8467E-1 7.70736E-1 3.19612E-1 1.1898E-2 8.60172E-3 8.15751E-2 1.96021E-1 1.73924E-1 1.62105E-1 3.40452E-1 5.66641E-1 2.15821E-2 8.57212E-2 3.36607E-1 2.84465E-1 6.17389E-1 2.08195E-1 6.5961E-2 9.75933E-2 1.15219E-1 1.13152E-1 5.60659E-2 4.17028E-2 2.37247E-2 2.48978E-2 3.23038E-3 2.04835E-3 1.24169E-4 5.22492E-4 8.22946E-4 1.2471E-4 2.17E-3 5.67276E-4 5.01511E-4 2.2817E-3 5.58944E-3 3.62893E-3 3.88247E-3 1.69247E-2 2.02464E-2 -9999 -9999 -9999
1E0 1E0 1E0 1E0 1E0 1E0 1E0 1E0 1E0 1E0 1E0 1E0 1E0 1E0 1E0 1E0 9.99997E-1 9.99997E-1 1E0 1E0 9.76436E-1 9.94196E-1 9.18992E-1 9.26384E-1 7.26349E-1 6.82674E-1 2.96725E-1 9.75288E-1 3.5941E-1 9.42769E-2 8.16696E-2 1.10648E-1 3.20038E-1 5.81392E-3 6.76151E-3 8.92268E-3 6.42634E-3 6.96712E-2 3.77096E-1 5.9088E-1 5.31104E-1 3.5079E-1 1.15197E-1 5.13346E-1 7.71181E-1 8.49613E-1 4.65996E-1 4.59183E-1 3.11035E-1 6.40974E-1 4.44279E-1 3.05286E-1 1.13398E-1 4.54265E-2 1.06543E-2 4.81676E-3 3.38457E-4 1.93998E-4 3.88997E-4 5.16343E-4 1.43229E-3 1.07053E-3 5.7012E-3 3.53945E-3 4.32372E-3 3.6669E-3 1.35785E-2 6.59789E-3 3.44529E-3 -9999 -9999 -9999 -9999
