ENM/Final_Models/M_1_F_q_Set_1_EC/Gustavia_santanderiensis_Choco_avg.asc
ncols         367
nrows         963
xllcorner     -78.6
yllcorner     0.65
cellsize      0.00833333333333323
NODATA_value  -9999
[rows 690 to 719 of 963, columns 134 to 200 of 367]
7.46307E-1 7.64627E-1 7.60691E-1 7.72134E-1 7.73055E-1 7.73826E-1 7.71392E-1 7.59675E-1 7.8808E-1 7.59651E-1 7.69553E-1 7.79238E-1 7.68845E-1 7.44602E-1 7.55763E-1 7.35199E-1 7.30986E-1 7.26682E-1 7.88621E-1 7.69713E-1 7.80929E-1 7.3293E-1 7.4402E-1 7.49896E-1 6.85414E-1 7.39655E-1 7.17709E-1 7.01203E-1 6.74028E-1 6.63581E-1 7.08393E-1 6.62807E-1 6.89319E-1 6.53432E-1 6.87293E-1 6.50896E-1 6.06011E-1 5.74216E-1 6.02865E-1 5.91334E-1 6.16343E-1 6.52726E-1 5.00255E-1 5.51207E-1 6.07357E-1 6.677E-1 6.5179E-1 6.7304E-1 6.90393E-1 6.70747E-1 5.67103E-1 5.24423E-1 5.2923E-1 5.2041E-1 5.34669E-1 7.32042E-1 7.12287E-1 6.01307E-1 2.6263E-1 4.32604E-1 1.89649E-1 9.61419E-2 9.28457E-3 4.65212E-4 6.49297E-4 3.57423E-4 5.95509E-3
7.55264E-1 7.53919E-1 7.52513E-1 7.59131E-1 7.57535E-1 7.72181E-1 7.70511E-1 7.86922E-1 7.76149E-1 7.69657E-1 7.7575E-1 7.52773E-1 7.21232E-1 7.44695E-1 7.50194E-1 7.35996E-1 7.61685E-1 7.0858E-1 7.6672E-1 7.65466E-1 7.42085E-1 -9999 7.78559E-1 7.59307E-1 -9999 7.70469E-1 7.22263E-1 7.15446E-1 7.01663E-1 7.44528E-1 7.33368E-1 7.20886E-1 7.32032E-1 7.44998E-1 7.57894E-1 6.39059E-1 6.03953E-1 5.94648E-1 6.80469E-1 6.79058E-1 6.03419E-1 5.92555E-1 6.22541E-1 4.71945E-1 5.98763E-1 6.49102E-1 6.20618E-1 6.21015E-1 6.19591E-1 6.37504E-1 5.05984E-1 5.26824E-1 6.92811E-1 4.75604E-1 7.37512E-1 7.27373E-1 7.05325E-1 5.00349E-1 5.49759E-1 5.97081E-1 4.45142E-1 1.9581E-1 1.44463E-1 2.92E-2 7.05044E-4 4.58793E-4 4.06962E-3
7.34383E-1 7.54415E-1 7.62425E-1 7.69025E-1 7.75663E-1 7.6046E-1 7.78741E-1 7.93262E-1 7.75519E-1 7.68244E-1 7.56178E-1 7.65939E-1 7.26532E-1 7.6835E-1 7.50329E-1 7.66328E-1 7.67173E-1 7.55792E-1 7.28965E-1 7.17753E-1 7.3916E-1 7.5956E-1 7.71851E-1 7.66148E-1 7.70742E-1 7.87166E-1 7.52104E-1 6.89088E-1 6.9838E-1 7.12414E-1 7.57999E-1 6.82473E-1 6.84394E-1 7.24658E-1 7.57702E-1 6.91018E-1 6.84629E-1 6.15826E-1 6.31676E-1 6.36987E-1 5.93764E-1 6.26866E-1 5.73205E-1 6.21439E-1 7.46693E-1 6.49914E-1 6.20262E-1 6.28102E-1 6.14986E-1 7.37552E-1 7.53045E-1 7.43879E-1 6.20483E-1 7.33769E-1 8.07425E-1 8.00746E-1 7.98459E-1 8.30314E-1 8.06247E-1 6.65781E-1 3.15226E-1 1.48358E-1 2.4152E-1 1.92684E-1 9.112E-3 1.12734E-3 1.39242E-2
7.37009E-1 7.54606E-1 7.60322E-1 7.72577E-1 7.49209E-1 7.69315E-1 7.6341E-1 7.56816E-1 7.76399E-1 7.79788E-1 7.75527E-1 7.29662E-1 7.59682E-1 7.42229E-1 7.48878E-1 7.50391E-1 7.52201E-1 7.57014E-1 7.52489E-1 7.68357E-1 7.73356E-1 7.6708E-1 7.49369E-1 7.17049E-1 7.27348E-1 7.22209E-1 6.57179E-1 6.56706E-1 6.75722E-1 7.36404E-1 6.7242E-1 7.1756E-1 6.79623E-1 6.67412E-1 6.84666E-1 6.91485E-1 7.19477E-1 6.84327E-1 6.83929E-1 7.13353E-1 6.6392E-1 6.84228E-1 6.11606E-1 5.99666E-1 6.65688E-1 6.64409E-1 7.4426E-1 7.60353E-1 7.7848E-1 7.15353E-1 5.86488E-1 6.67786E-1 4.53738E-1 6.50377E-1 6.93086E-1 6.74303E-1 7.28712E-1 7.79581E-1 7.31206E-1 5.98765E-1 1.92136E-1 2.41805E-1 3.32684E-1 2.42237E-1 6.06709E-2 3.46882E-2 1.43664E-2
7.48865E-1 7.64457E-1 7.80693E-1 7.83075E-1 7.60502E-1 7.63078E-1 7.69729E-1 7.77344E-1 7.78813E-1 7.62113E-1 7.51198E-1 7.54217E-1 7.71761E-1 7.26216E-1 7.41372E-1 7.45746E-1 7.53562E-1 7.31296E-1 7.30795E-1 7.47489E-1 7.49864E-1 7.34238E-1 6.83395E-1 6.8132E-1 7.35568E-1 -9999 6.51071E-1 7.00598E-1 7.16291E-1 7.34566E-1 7.3104E-1 6.62778E-1 6.94415E-1 6.60739E-1 6.50612E-1 6.88629E-1 6.46568E-1 7.1545E-1 7.05681E-1 6.78476E-1 6.73161E-1 6.28768E-1 6.29844E-1 6.96267E-1 7.46051E-1 6.96723E-1 7.27595E-1 7.54297E-1 7.57183E-1 6.14515E-1 5.09799E-1 4.61829E-1 5.47989E-1 6.33946E-1 6.30974E-1 6.52827E-1 6.44031E-1 6.60745E-1 4.08485E-1 3.84201E-1 4.5076E-1 3.80681E-1 1.76899E-1 1.98563E-2 1.77954E-3 9.849E-3 4.64715E-3
7.62432E-1 7.79535E-1 7.85742E-1 7.63968E-1 7.57376E-1 7.79367E-1 7.77017E-1 7.79722E-1 7.7474E-1 7.77632E-1 7.71662E-1 7.65122E-1 7.64842E-1 7.32622E-1 7.38722E-1 7.45162E-1 7.5067E-1 7.66015E-1 7.30155E-1 7.39162E-1 7.37933E-1 7.18385E-1 7.11933E-1 7.27431E-1 7.62804E-1 7.23836E-1 6.91815E-1 7.30024E-1 7.49674E-1 7.27713E-1 7.61045E-1 7.29384E-1 7.17298E-1 6.58983E-1 6.36561E-1 6.39564E-1 6.758E-1 6.79779E-1 6.72492E-1 7.0287E-1 7.23075E-1 6.16494E-1 7.01162E-1 7.1429E-1 6.70071E-1 7.49179E-1 7.37614E-1 7.41693E-1 7.64093E-1 5.3501E-1 3.78133E-1 4.56396E-1 5.435E-1 6.26071E-1 6.32596E-1 6.77974E-1 6.40435E-1 6.18775E-1 5.32802E-1 4.76841E-1 2.82341E-1 1.92322E-1 3.71428E-2 1.09157E-2 6.86286E-4 2.22933E-3 2.18707E-3
7.65298E-1 7.80951E-1 7.87111E-1 7.66877E-1 7.55926E-1 7.58178E-1 7.53057E-1 7.79652E-1 7.60446E-1 7.69712E-1 7.87724E-1 7.70583E-1 7.72372E-1 7.39875E-1 7.41203E-1 7.379E-1 7.33718E-1 7.69779E-1 7.44616E-1 7.3577E-1 7.52642E-1 7.45757E-1 7.26023E-1 7.37295E-1 7.42341E-1 7.07002E-1 7.05777E-1 6.56207E-1 7.36722E-1 7.46914E-1 7.8057E-1 7.80387E-1 7.83642E-1 7.14542E-1 7.06848E-1 6.74273E-1 6.70352E-1 6.9169E-1 6.70027E-1 7.04996E-1 7.35817E-1 6.91988E-1 6.56571E-1 5.3754E-1 5.57832E-1 7.02296E-1 7.59337E-1 7.57406E-1 7.711E-1 3.91115E-1 3.35083E-1 3.85679E-1 5.68719E-1 6.7056E-1 6.69004E-1 6.79937E-1 6.20131E-1 6.39859E-1 5.24714E-1 2.85485E-1 5.37657E-2 5.4644E-2 2.27405E-2 1.45154E-3 3.93402E-4 3.6292E-4 9.40976E-4
7.74624E-1 7.73625E-1 7.7792E-1 7.72215E-1 7.74373E-1 7.66824E-1 7.79207E-1 7.48231E-1 7.60117E-1 7.73356E-1 7.85202E-1 7.78198E-1 7.62447E-1 7.09392E-1 7.35678E-1 7.24199E-1 7.33312E-1 7.31817E-1 7.25658E-1 7.18649E-1 7.25488E-1 7.19609E-1 7.50091E-1 7.35189E-1 7.08783E-1 7.36903E-1 7.38019E-1 7.14718E-1 7.12256E-1 7.60535E-1 7.90859E-1 7.89308E-1 7.92107E-1 7.73348E-1 7.78242E-1 7.63612E-1 7.15404E-1 6.68764E-1 7.1069E-1 7.49803E-1 7.41481E-1 6.46984E-1 6.52996E-1 5.17166E-1 4.70525E-1 6.41107E-1 6.66517E-1 7.16217E-1 7.65332E-1 7.44799E-1 4.65087E-1 4.37664E-1 6.81658E-1 6.11364E-1 5.7533E-1 6.09595E-1 5.57559E-1 6.11606E-1 5.31706E-1 1.99145E-1 3.04457E-2 1.37464E-1 1.02161E-1 4.58805E-3 4.17332E-4 1.44554E-3 1.39904E-2
7.74761E-1 7.91073E-1 7.89594E-1 7.83285E-1 7.75602E-1 7.81476E-1 7.94272E-1 7.83528E-1 7.43525E-1 7.44433E-1 7.73205E-1 7.73958E-1 7.8499E-1 7.58735E-1 7.4168E-1 7.44285E-1 7.21085E-1 7.23975E-1 7.32072E-1 7.24309E-1 7.4613E-1 7.295E-1 7.34178E-1 7.66725E-1 7.7638E-1 7.28748E-1 6.91791E-1 7.36735E-1 7.49919E-1 7.23902E-1 -9999 7.93171E-1 7.92776E-1 7.89378E-1 7.7785E-1 7.95411E-1 7.92838E-1 7.79535E-1 7.35536E-1 7.07951E-1 6.84788E-1 5.54387E-1 6.25343E-1 5.44271E-1 4.37744E-1 5.22708E-1 6.46518E-1 6.46311E-1 6.04652E-1 6.84403E-1 7.96214E-1 7.74224E-1 7.61778E-1 7.50579E-1 6.86238E-1 7.65254E-1 7.40973E-1 6.43026E-1 2.83485E-1 1.02591E-1 1.05903E-1 7.64518E-2 1.13366E-1 9.37154E-3 3.67048E-4 6.6793E-3 2.5903E-2
7.85678E-1 7.86085E-1 7.88249E-1 7.88111E-1 7.79167E-1 7.66814E-1 7.77876E-1 7.76375E-1 7.55637E-1 7.38367E-1 7.63118E-1 7.73943E-1 7.70269E-1 7.71804E-1 7.47004E-1 7.4274E-1 7.06046E-1 7.38821E-1 7.26166E-1 7.2562E-1 7.40092E-1 7.57358E-1 7.37146E-1 7.52978E-1 7.45104E-1 7.59867E-1 7.65542E-1 7.81035E-1 7.98169E-1 7.0759E-1 7.6566E-1 -9999 7.97531E-1 7.90265E-1 7.78747E-1 7.60759E-1 7.74283E-1 7.72842E-1 7.28666E-1 7.1943E-1 7.276E-1 6.54751E-1 5.78809E-1 6.5476E-1 5.04866E-1 3.78992E-1 5.84363E-1 6.3544E-1 6.16567E-1 6.73826E-1 6.30509E-1 5.70102E-1 7.65759E-1 8.17069E-1 8.17637E-1 8.06171E-1 6.83282E-1 4.66772E-1 3.43866E-1 2.70587E-1 2.47446E-1 1.69652E-1 1.5672E-1 3.27312E-3 2.38438E-4 1.17879E-3 4.58175E-3
7.47394E-1 7.63416E-1 7.67029E-1 7.54503E-1 7.66992E-1 7.91432E-1 7.73135E-1 7.66257E-1 7.47527E-1 7.55647E-1 7.61205E-1 7.51776E-1 7.53811E-1 7.59189E-1 7.34605E-1 7.35552E-1 7.29338E-1 7.29627E-1 7.41891E-1 7.2822E-1 7.42392E-1 7.07468E-1 7.40101E-1 7.47713E-1 7.20561E-1 7.47893E-1 7.57642E-1 7.94869E-1 7.54481E-1 7.05971E-1 -9999 8.02348E-1 7.77174E-1 7.39538E-1 7.56837E-1 7.83762E-1 7.46622E-1 7.58445E-1 7.39964E-1 7.32763E-1 7.25656E-1 5.94178E-1 6.65404E-1 6.39716E-1 5.46193E-1 5.31053E-1 6.12222E-1 6.33644E-1 5.53616E-1 6.23867E-1 5.38493E-1 5.48972E-1 7.45712E-1 7.90974E-1 8.06819E-1 8.22474E-1 7.86723E-1 3.80906E-1 1.33594E-1 1.47924E-1 1.99467E-1 1.76117E-1 7.3507E-2 1.13047E-3 2.70969E-4 5.64303E-4 3.64556E-4
7.59225E-1 7.47181E-1 7.38738E-1 7.49684E-1 7.24567E-1 7.61032E-1 7.46959E-1 7.49086E-1 7.43319E-1 7.35117E-1 7.35847E-1 7.58704E-1 7.40723E-1 7.51916E-1 7.50586E-1 7.55543E-1 7.52132E-1 7.66126E-1 7.4621E-1 7.49164E-1 7.3661E-1 7.08131E-1 7.3111E-1 7.43778E-1 7.33916E-1 7.10565E-1 7.87097E-1 7.43013E-1 7.4299E-1 7.22383E-1 7.56377E-1 7.55901E-1 7.60122E-1 7.22407E-1 7.49068E-1 7.35811E-1 7.33096E-1 7.2387E-1 7.46754E-1 7.24095E-1 7.22819E-1 7.10509E-1 6.80464E-1 5.34746E-1 5.84823E-1 6.29424E-1 5.89056E-1 5.949E-1 5.8317E-1 4.88537E-1 5.43364E-1 5.73521E-1 6.49236E-1 6.73965E-1 7.60106E-1 8.0898E-1 7.20795E-1 4.03359E-1 1.39676E-1 1.24675E-1 3.2995E-1 1.67038E-1 1.07652E-2 6.72073E-4 3.51121E-3 1.91605E-3 5.2277E-4
7.64514E-1 7.51153E-1 7.37863E-1 7.45118E-1 7.46963E-1 7.6042E-1 7.50554E-1 7.40029E-1 7.35078E-1 7.43851E-1 7.16549E-1 7.51923E-1 7.44206E-1 7.22381E-1 7.72675E-1 7.51761E-1 7.5756E-1 7.46635E-1 7.46859E-1 7.76761E-1 7.22777E-1 7.27976E-1 7.20904E-1 7.48989E-1 7.41758E-1 7.45606E-1 7.71689E-1 7.42651E-1 7.32483E-1 6.87373E-1 7.30073E-1 6.73488E-1 7.14315E-1 7.37858E-1 7.35719E-1 7.18113E-1 7.26761E-1 7.2582E-1 7.45831E-1 7.22366E-1 7.34317E-1 6.97649E-1 6.66768E-1 6.79825E-1 6.20441E-1 6.20242E-1 6.27584E-1 5.38181E-1 5.0195E-1 4.8913E-1 5.85713E-1 6.73803E-1 5.85456E-1 5.64341E-1 6.46123E-1 7.87343E-1 4.53861E-1 1.71057E-1 8.77828E-2 1.38971E-1 3.17628E-1 7.48598E-2 4.47009E-3 3.63588E-4 3.69507E-4 3.58539E-4 1.57369E-4
7.65432E-1 7.43696E-1 7.4129E-1 7.43555E-1 7.48485E-1 7.5245E-1 7.4244E-1 7.38042E-1 7.4267E-1 7.36682E-1 7.16947E-1 7.37111E-1 7.44431E-1 7.4878E-1 7.29915E-1 7.35621E-1 7.41836E-1 7.30608E-1 7.51069E-1 7.54558E-1 6.96208E-1 7.07153E-1 7.25866E-1 7.79957E-1 7.31446E-1 7.29636E-1 7.47406E-1 7.48741E-1 6.90173E-1 6.28279E-1 5.84597E-1 6.61141E-1 7.06817E-1 6.57604E-1 7.14201E-1 6.8847E-1 7.20203E-1 7.40035E-1 7.20485E-1 7.27756E-1 6.93273E-1 7.22247E-1 6.59162E-1 7.03953E-1 7.06333E-1 5.87119E-1 6.14293E-1 6.23378E-1 5.90307E-1 4.38296E-1 5.17428E-1 6.51532E-1 6.01777E-1 6.28339E-1 5.75173E-1 7.25924E-1 1.54992E-1 4.03345E-2 2.98078E-2 6.26921E-2 1.08757E-1 6.33867E-2 2.67839E-3 8.04081E-4 1.2957E-3 8.16722E-4 1.68093E-4
7.62391E-1 7.7002E-1 7.71786E-1 7.65122E-1 7.5874E-1 7.52631E-1 7.36533E-1 7.37955E-1 7.25135E-1 7.18178E-1 7.29767E-1 7.5042E-1 7.01908E-1 7.48637E-1 7.20286E-1 7.14985E-1 7.39535E-1 7.29879E-1 7.34784E-1 7.2874E-1 7.38728E-1 7.70558E-1 7.74334E-1 7.67928E-1 7.65721E-1 7.50395E-1 7.62481E-1 7.5107E-1 6.45359E-1 5.54418E-1 5.7289E-1 6.77184E-1 7.27444E-1 7.18425E-1 6.89584E-1 7.22249E-1 7.01124E-1 6.78294E-1 7.19854E-1 6.32965E-1 5.81431E-1 6.37931E-1 6.15655E-1 7.20226E-1 6.77986E-1 6.14353E-1 4.90148E-1 5.08242E-1 5.534E-1 4.38646E-1 5.63151E-1 6.39997E-1 6.57866E-1 6.40293E-1 4.75012E-1 3.6496E-1 2.43836E-1 4.03197E-2 1.7273E-2 1.47068E-2 2.23115E-2 8.04203E-2 1.09345E-2 1.54794E-3 1.275E-3 1.93717E-3 6.08999E-4
7.60365E-1 7.4984E-1 7.65945E-1 7.76493E-1 7.787E-1 7.68505E-1 7.73201E-1 7.59235E-1 7.29892E-1 7.01764E-1 7.31702E-1 7.34425E-1 7.38964E-1 7.19306E-1 7.39488E-1 7.54808E-1 7.19902E-1 7.24912E-1 7.09414E-1 7.45752E-1 7.57803E-1 7.18247E-1 7.68037E-1 7.40285E-1 7.40244E-1 7.60212E-1 7.44273E-1 7.1527E-1 6.81095E-1 6.23413E-1 6.42303E-1 7.02506E-1 6.80666E-1 6.7239E-1 6.65473E-1 6.86827E-1 6.73251E-1 6.30502E-1 6.90101E-1 7.07909E-1 6.62658E-1 6.75739E-1 6.62028E-1 6.98535E-1 5.57634E-1 5.54582E-1 3.6715E-1 4.52478E-1 4.80379E-1 4.23742E-1 5.27207E-1 6.17132E-1 6.32125E-1 5.72501E-1 4.99876E-1 2.38931E-1 2.07042E-1 8.06282E-2 1.88358E-2 7.47455E-3 2.49564E-3 1.60513E-2 2.25237E-2 6.29632E-3 3.97601E-4 2.22988E-4 2.19434E-4
7.37963E-1 7.47971E-1 7.63007E-1 7.78504E-1 7.8054E-1 7.25098E-1 7.63748E-1 7.535E-1 7.37664E-1 7.56219E-1 7.75119E-1 7.61052E-1 7.45002E-1 7.40303E-1 7.24892E-1 6.71985E-1 7.30677E-1 7.21183E-1 6.81183E-1 6.58197E-1 7.24233E-1 7.59322E-1 7.90284E-1 7.25312E-1 7.16808E-1 7.20178E-1 6.96118E-1 6.51752E-1 7.07243E-1 6.83115E-1 6.68995E-1 6.70996E-1 6.66682E-1 6.57349E-1 6.66976E-1 6.78125E-1 6.4568E-1 6.3515E-1 6.51501E-1 6.52648E-1 6.25946E-1 6.65971E-1 6.54256E-1 6.13308E-1 5.67279E-1 4.11182E-1 4.06307E-1 5.37432E-1 4.76102E-1 5.07466E-1 5.75216E-1 5.80233E-1 5.51405E-1 5.67284E-1 5.93738E-1 4.90848E-1 3.07165E-1 9.18076E-2 3.1007E-3 2.35006E-3 1.94505E-3 1.4474E-3 4.49985E-3 5.20275E-3 8.04526E-4 1.15134E-4 1.5005E-4
7.32384E-1 7.51438E-1 7.57822E-1 7.62382E-1 7.60238E-1 7.52515E-1 7.55337E-1 7.70819E-1 7.70367E-1 7.53236E-1 7.58052E-1 7.31492E-1 7.30797E-1 7.39707E-1 7.19712E-1 6.92945E-1 7.46465E-1 7.43904E-1 7.50814E-1 6.51849E-1 7.56578E-1 7.46159E-1 7.41603E-1 7.27194E-1 6.53105E-1 6.4723E-1 6.28825E-1 6.61881E-1 6.97334E-1 7.15314E-1 6.6308E-1 6.22868E-1 6.49021E-1 6.22693E-1 5.11142E-1 5.68701E-1 5.02643E-1 5.22325E-1 4.91714E-1 4.95356E-1 5.08485E-1 6.19034E-1 5.55514E-1 6.74612E-1 6.63435E-1 6.52541E-1 5.37469E-1 6.03674E-1 4.71036E-1 5.9039E-1 6.51909E-1 6.19463E-1 5.24103E-1 5.44596E-1 4.64961E-1 3.40446E-1 1.95997E-1 1.40288E-1 6.86034E-2 6.79423E-2 2.57839E-2 1.30123E-3 7.73271E-4 4.44669E-3 6.35824E-4 1.90126E-4 3.35375E-4
7.36025E-1 7.62942E-1 7.71546E-1 7.67535E-1 7.52261E-1 7.6091E-1 7.43841E-1 7.49561E-1 7.33359E-1 7.16272E-1 7.26866E-1 7.15315E-1 7.35767E-1 6.94264E-1 7.25684E-1 7.28479E-1 7.2447E-1 7.29554E-1 7.19181E-1 7.52E-1 7.34213E-1 6.99381E-1 7.4303E-1 7.31274E-1 6.55417E-1 6.17687E-1 5.66799E-1 6.56589E-1 7.17907E-1 7.19834E-1 6.45648E-1 5.56655E-1 6.13591E-1 5.30943E-1 4.90368E-1 4.51059E-1 4.22653E-1 4.50052E-1 4.6127E-1 3.87449E-1 4.9609E-1 5.89522E-1 6.49028E-1 7.01922E-1 3.96289E-1 4.8697E-1 6.51423E-1 5.91347E-1 4.94578E-1 6.0978E-1 6.66023E-1 6.34311E-1 6.09722E-1 6.24151E-1 5.70547E-1 3.98364E-1 1.3795E-1 4.25579E-1 4.37809E-1 3.13397E-1 8.92547E-2 1.9188E-3 5.50709E-4 1.64699E-4 8.6669E-5 1.54172E-4 1.77253E-3
7.68925E-1 7.63562E-1 7.71232E-1 7.41019E-1 7.49052E-1 7.60344E-1 7.49816E-1 7.32243E-1 7.75346E-1 7.59602E-1 7.32272E-1 7.66975E-1 7.05165E-1 6.70776E-1 6.84833E-1 6.82053E-1 6.835E-1 6.99377E-1 6.67792E-1 7.13867E-1 7.15625E-1 7.45651E-1 7.05212E-1 6.91113E-1 6.47283E-1 6.53279E-1 6.27366E-1 6.82023E-1 7.5768E-1 6.69085E-1 5.90077E-1 6.3982E-1 5.25586E-1 5.82724E-1 4.99511E-1 3.60707E-1 2.34982E-1 1.38243E-1 2.5877E-1 4.29506E-1 5.28795E-1 5.94009E-1 6.62192E-1 7.78732E-1 2.51132E-1 3.08616E-1 4.04544E-1 6.53916E-1 4.89972E-1 6.02437E-1 5.97772E-1 6.72242E-1 6.20027E-1 5.89967E-1 4.59104E-1 3.10964E-1 9.71033E-2 1.74409E-1 2.37254E-1 6.52578E-2 1.55109E-2 4.70382E-3 5.76662E-3 2.69842E-4 1.71213E-4 1.1081E-3 1.47751E-3
7.75252E-1 7.71561E-1 7.7192E-1 7.44458E-1 7.55122E-1 7.55554E-1 7.37141E-1 7.60494E-1 7.41086E-1 7.27644E-1 7.34998E-1 7.52694E-1 7.30322E-1 6.70755E-1 6.81671E-1 6.60682E-1 6.3499E-1 6.56323E-1 6.93854E-1 7.48255E-1 6.90297E-1 7.15868E-1 7.05304E-1 6.82323E-1 6.43498E-1 6.31792E-1 6.66835E-1 7.10842E-1 7.38067E-1 6.17288E-1 6.56374E-1 6.79324E-1 6.28077E-1 6.12787E-1 6.10969E-1 5.54179E-1 5.025E-1 3.31858E-1 4.84733E-1 5.1694E-1 6.08919E-1 6.50545E-1 7.11251E-1 7.31241E-1 6.59635E-1 3.82288E-1 4.67762E-1 5.67876E-1 6.3662E-1 5.6705E-1 6.31012E-1 5.32329E-1 4.13144E-1 1.7008E-1 1.24271E-1 1.09927E-1 1.27362E-1 4.87448E-2 1.02579E-1 5.63501E-2 2.05396E-2 2.95499E-2 5.85163E-3 8.61033E-4 6.69344E-4 5.09313E-3 3.34851E-3
7.84114E-1 7.65113E-1 7.39668E-1 7.48986E-1 7.47123E-1 7.1765E-1 7.28848E-1 7.5157E-1 7.6118E-1 7.53522E-1 7.57763E-1 7.27827E-1 7.38426E-1 6.52097E-1 6.76842E-1 5.84384E-1 5.4781E-1 6.36707E-1 6.39873E-1 6.96491E-1 5.93596E-1 6.98815E-1 6.8092E-1 6.85439E-1 6.5715E-1 6.63889E-1 7.00018E-1 6.99575E-1 7.18327E-1 6.70749E-1 6.48383E-1 5.89624E-1 5.63764E-1 5.98873E-1 6.23245E-1 5.52481E-1 6.08898E-1 4.52695E-1 4.86471E-1 5.30939E-1 6.42977E-1 7.08441E-1 7.29234E-1 6.30964E-1 6.40808E-1 4.88088E-1 5.80853E-1 4.11322E-1 3.83119E-1 4.78827E-1 4.01382E-1 4.4149E-1 5.42773E-1 3.3215E-1 1.20951E-1 5.78541E-2 5.02367E-2 5.58475E-2 7.92628E-2 5.07046E-2 5.35325E-2 1.3258E-2 5.41819E-3 7.92032E-4 3.8516E-4 8.43465E-3 9.31504E-3
7.55529E-1 7.65699E-1 7.74962E-1 7.63936E-1 7.58195E-1 7.68844E-1 7.40252E-1 7.3528E-1 7.56271E-1 7.57607E-1 7.68623E-1 7.32029E-1 7.59268E-1 7.44576E-1 6.95744E-1 6.07396E-1 5.9351E-1 6.60026E-1 6.1735E-1 6.09449E-1 6.9186E-1 6.99601E-1 7.19695E-1 7.24758E-1 6.99751E-1 6.78174E-1 6.72424E-1 6.72111E-1 6.48481E-1 6.8105E-1 7.04784E-1 5.87838E-1 4.95502E-1 5.8489E-1 5.32619E-1 5.8124E-1 6.19509E-1 5.59019E-1 5.1815E-1 5.84127E-1 6.67899E-1 7.38269E-1 6.77992E-1 5.47708E-1 5.60858E-1 5.53085E-1 5.71227E-1 4.5232E-1 4.25881E-1 3.77591E-1 4.65543E-1 3.00661E-1 5.0896E-1 4.22023E-1 3.07138E-1 2.44363E-1 2.24784E-2 3.5985E-3 1.30772E-2 5.71077E-2 3.77258E-2 1.2773E-2 1.79848E-3 1.30979E-3 3.82957E-3 3.44259E-3 6.06788E-3
7.49245E-1 7.62157E-1 7.5359E-1 7.44585E-1 7.60722E-1 7.42677E-1 7.13695E-1 7.40487E-1 7.49735E-1 6.97991E-1 6.95311E-1 7.01316E-1 7.32915E-1 7.52468E-1 6.65541E-1 6.98948E-1 7.13009E-1 7.01915E-1 6.91071E-1 6.29825E-1 6.51415E-1 6.77654E-1 6.84443E-1 6.87863E-1 6.89107E-1 6.40399E-1 6.58164E-1 6.75062E-1 5.99403E-1 6.74355E-1 6.892E-1 5.77148E-1 5.68342E-1 5.79458E-1 5.18775E-1 5.76822E-1 6.41842E-1 5.85983E-1 6.4905E-1 6.77627E-1 6.72871E-1 7.03821E-1 6.78362E-1 6.85434E-1 6.73939E-1 6.47083E-1 5.86206E-1 4.91832E-1 4.45935E-1 6.00106E-1 5.53405E-1 4.16327E-1 4.06515E-1 2.52992E-1 2.45219E-1 3.56424E-2 1.2978E-2 3.90206E-3 1.83999E-3 2.3149E-3 2.27425E-3 3.47785E-3 1.0467E-3 3.7659E-3 5.10519E-3 8.96801E-3 1.80012E-2
7.28259E-1 7.52868E-1 7.31721E-1 7.55809E-1 7.56311E-1 7.26639E-1 7.42541E-1 7.43972E-1 7.23331E-1 6.87057E-1 6.80371E-1 7.14823E-1 7.45369E-1 7.36478E-1 6.96284E-1 6.83553E-1 7.11136E-1 7.15723E-1 6.99657E-1 6.72089E-1 6.74716E-1 6.24733E-1 6.2298E-1 5.76446E-1 6.35652E-1 5.96707E-1 5.13152E-1 5.86362E-1 5.0947E-1 6.12562E-1 6.6493E-1 6.848E-1 7.47591E-1 6.92947E-1 7.02002E-1 6.93816E-1 5.52854E-1 5.38052E-1 5.19028E-1 6.31849E-1 6.23329E-1 6.41424E-1 6.36705E-1 4.20523E-1 4.60376E-1 5.52588E-1 6.07037E-1 4.60228E-1 3.58605E-1 3.42247E-1 4.59739E-1 3.25868E-1 2.33191E-1 1.78002E-2 2.21793E-2 1.32208E-2 3.88248E-3 1.54476E-3 1.69429E-3 5.29729E-3 2.0016E-2 4.85661E-3 3.32364E-3 1.14064E-2 4.51376E-3 6.60224E-3 1.15202E-2
7.66765E-1 7.46142E-1 7.41001E-1 7.45995E-1 7.44665E-1 6.91705E-1 7.27807E-1 6.99772E-1 7.31589E-1 7.06625E-1 6.90628E-1 7.22578E-1 7.39734E-1 7.41389E-1 7.0359E-1 6.81155E-1 7.02481E-1 6.9958E-1 6.54039E-1 6.42889E-1 5.76592E-1 5.60955E-1 4.36142E-1 4.33663E-1 5.93929E-1 6.06083E-1 5.66148E-1 5.13101E-1 4.28991E-1 6.12274E-1 6.18677E-1 6.92422E-1 7.57271E-1 7.44025E-1 6.59452E-1 5.55925E-1 5.91861E-1 5.8198E-1 5.9268E-1 6.29876E-1 6.13729E-1 6.42511E-1 4.11222E-1 1.65904E-1 2.3421E-1 4.25546E-1 4.97386E-1 5.09027E-1 3.86082E-1 2.95396E-1 1.5216E-1 5.2869E-2 2.66849E-2 9.98599E-3 4.10622E-3 2.84374E-3 2.94658E-3 2.86357E-3 1.11623E-2 1.38916E-2 2.14234E-2 2.04733E-2 1.73708E-2 2.43824E-2 1.20648E-2 1.29212E-2 1.15896E-2
7.51249E-1 7.4489E-1 7.30811E-1 7.17911E-1 7.08261E-1 7.44523E-1 7.20387E-1 7.15845E-1 6.97097E-1 7.04208E-1 6.9815E-1 7.20083E-1 7.17134E-1 7.07835E-1 7.03219E-1 7.05485E-1 6.76537E-1 6.6061E-1 6.80363E-1 6.2678E-1 4.81817E-1 4.49231E-1 2.9999E-1 4.11015E-1 6.0114E-1 5.94896E-1 5.36584E-1 3.96249E-1 4.5812E-1 6.47779E-1 6.32177E-1 5.25796E-1 4.44198E-1 6.97707E-1 7.18979E-1 7.28239E-1 6.90043E-1 7.21916E-1 7.19228E-1 5.92238E-1 5.03293E-1 5.13845E-1 3.60299E-1 1.61352E-1 2.54696E-1 3.56938E-1 3.61799E-1 4.33156E-1 3.41605E-1 2.7549E-1 1.22898E-1 1.05709E-2 5.93978E-3 3.01501E-3 6.20036E-3 1.64622E-3 1.08726E-2 1.08364E-2 6.15365E-2 1.77996E-2 3.44022E-2 2.88226E-2 2.57008E-2 1.59032E-2 1.11075E-2 1.04579E-2 3.4998E-3
7.70117E-1 7.42155E-1 7.18593E-1 7.26311E-1 7.113E-1 7.0689E-1 6.99245E-1 6.98744E-1 7.1989E-1 7.04979E-1 7.19041E-1 7.12168E-1 6.99074E-1 6.8737E-1 6.65548E-1 6.95769E-1 6.63106E-1 6.70058E-1 6.41301E-1 5.3464E-1 5.02072E-1 3.1525E-1 3.10641E-1 4.821E-1 5.26164E-1 5.49122E-1 5.11481E-1 3.70525E-1 4.84486E-1 6.44844E-1 6.12005E-1 4.13391E-1 3.75747E-1 4.46666E-1 5.61216E-1 6.55771E-1 5.64684E-1 5.94781E-1 7.47439E-1 5.90721E-1 7.20173E-1 7.05519E-1 4.18829E-1 1.44253E-1 1.57413E-1 1.74827E-1 1.65869E-1 1.75154E-1 8.95967E-2 2.06391E-1 1.86768E-1 1.39815E-2 5.26517E-3 9.81868E-3 2.28686E-2 6.81448E-3 2.42271E-2 3.39704E-2 6.90643E-2 2.04043E-2 2.11856E-2 2.63139E-2 1.45073E-2 1.10662E-2 2.89639E-2 6.04949E-3 1.15565E-2
7.44895E-1 7.07369E-1 7.261E-1 7.03442E-1 6.95451E-1 6.96056E-1 6.74052E-1 6.81619E-1 7.27431E-1 6.92132E-1 7.0869E-1 6.71163E-1 6.4475E-1 6.82302E-1 6.44912E-1 6.62086E-1 6.39931E-1 6.28544E-1 5.87259E-1 5.9141E-1 5.04005E-1 3.07369E-1 1.63423E-1 3.5584E-1 2.59118E-1 3.4124E-1 3.8224E-1 4.01464E-1 6.07457E-1 6.55802E-1 6.47185E-1 6.06126E-1 4.38566E-1 4.05888E-1 4.58154E-1 5.02205E-1 4.25018E-1 5.14772E-1 7.61829E-1 7.75251E-1 7.37948E-1 5.28595E-1 3.23632E-1 1.15267E-1 1.2549E-1 1.24757E-1 5.14503E-2 8.40921E-2 1.21643E-1 2.47257E-1 1.08411E-1 2.6276E-2 2.15651E-2 1.55428E-2 2.50199E-2 1.49942E-2 3.80717E-2 7.65283E-2 2.7109E-2 3.90379E-2 3.42249E-2 2.61602E-2 3.03778E-2 3.12484E-2 4.04308E-2 3.21062E-2 1.29973E-2
7.69916E-1 7.26855E-1 7.36846E-1 7.17858E-1 7.2452E-1 7.33934E-1 6.86419E-1 7.08276E-1 7.32058E-1 7.41267E-1 6.60523E-1 6.64129E-1 6.68427E-1 6.51346E-1 6.98339E-1 7.21524E-1 6.71552E-1 6.66443E-1 5.93836E-1 5.25025E-1 3.50515E-1 3.54966E-1 1.02814E-1 2.32944E-1 1.33014E-1 1.64832E-1 2.95322E-1 5.50601E-1 6.15379E-1 6.41967E-1 5.80564E-1 4.60526E-1 4.04056E-1 3.3967E-1 5.23382E-1 4.85859E-1 5.65466E-1 5.92872E-1 6.99713E-1 7.8743E-1 7.87411E-1 6.37414E-1 1.57315E-1 6.69618E-2 1.13694E-1 1.153E-1 8.22502E-2 2.31368E-1 6.29796E-1 4.25335E-1 3.33143E-1 6.01365E-2 6.37598E-2 1.89115E-2 4.62167E-2 5.1103E-2 1.95045E-1 5.58385E-2 7.16124E-2 4.41271E-2 2.66395E-2 3.71994E-2 2.27671E-2 5.39472E-3 9.08358E-3 1.17168E-2 1.1481E-2
