ENM/Final_Models/M_1_F_q_Set_1_EC/Gustavia_santanderiensis_0_Choco.asc
ncols         367
nrows         963
xllcorner     -78.6
yllcorner     0.65
cellsize      0.00833333333333323
NODATA_value  -9999
[rows 870 to 899 of 963, columns 134 to 200 of 367]
-9999 -9999 8.37434E-4 7.16967E-4 1.9332E-3 1.73622E-3 7.53644E-5 4.03028E-5 4.01068E-5 3.92344E-5 3.24451E-5 2.78479E-5 1.84218E-5 2.02097E-5 4.38771E-5 2.74808E-4 3.55508E-4 3.63703E-4 8.93401E-4 1.28083E-3 2.12777E-3 3.77806E-2 3.26076E-2 4.77997E-3 6.56748E-3 6.96035E-4 2.994E-3 4.50652E-3 1.15292E-3 5.36591E-4 1.3637E-3 1.48005E-3 7.68197E-3 7.98099E-3 3.93395E-3 2.6404E-3 1.82011E-3 3.79162E-3 1.18511E-3 3.10835E-4 1.0042E-3 1.4269E-2 4.5981E-4 5.84631E-4 3.39492E-3 1.61728E-2 1.25757E-2 7.56057E-4 4.54985E-4 2.71923E-4 3.35329E-4 2.68153E-4 9.83491E-4 1.24367E-3 8.34374E-4 1.20412E-3 1.41247E-3 1.38619E-3 1.45147E-3 2.0849E-3 1.92136E-3 1.76361E-3 1.97805E-3 1.51059E-3 -9999 -9999 -9999
-9999 -9999 -9999 7.63719E-4 1.23882E-3 1.01566E-3 9.44675E-5 2.68726E-5 3.45178E-5 6.65627E-5 4.10944E-5 2.56705E-5 1.52682E-5 2.52827E-5 9.39595E-5 3.58985E-4 1.1237E-4 1.52439E-4 7.34679E-4 7.08245E-4 1.26775E-3 1.21109E-2 4.59186E-3 1.21098E-3 1.86704E-3 1.24923E-3 3.44737E-3 3.01407E-3 1.415E-3 4.97889E-4 5.1655E-4 6.74917E-4 5.467E-4 8.03364E-4 3.81241E-3 1.15293E-3 5.80594E-4 5.41749E-4 6.24622E-3 4.34881E-4 3.69823E-4 8.27412E-3 4.89916E-4 2.71089E-4 5.64062E-4 5.08652E-4 1.43637E-3 3.85753E-3 3.68435E-3 2.19181E-3 2.52348E-4 3.15149E-4 1.09305E-3 6.17186E-4 2.29961E-3 2.48819E-3 3.67882E-3 3.9936E-3 2.82944E-3 2.16771E-3 1.66952E-3 2.15854E-3 1.31196E-3 9.45115E-4 -9999 -9999 -9999
-9999 -9999 -9999 1.47435E-3 2.85808E-3 8.17887E-4 1.30255E-4 5.20817E-5 3.12324E-5 5.91168E-5 6.03241E-5 5.49874E-5 3.38442E-5 1.96474E-5 6.84003E-5 1.02778E-4 6.28008E-5 1.80617E-4 2.97308E-4 1.28244E-3 1.2594E-3 1.51708E-3 1.89083E-3 1.24399E-3 1.35484E-3 1.20265E-3 1.81234E-3 1.59132E-3 1.03345E-3 4.12716E-4 2.96736E-4 1.87239E-4 3.06137E-4 7.80092E-4 9.11172E-4 5.16435E-4 4.50182E-4 5.31079E-4 4.14452E-3 4.19284E-4 3.77608E-4 6.74986E-3 5.39547E-4 2.7106E-4 1.86521E-4 1.87585E-4 2.26144E-4 2.04546E-4 1.93594E-4 7.5746E-4 6.84633E-4 2.31999E-4 5.9016E-4 6.66653E-4 2.04992E-3 2.15558E-3 3.73464E-3 1.9132E-3 1.69066E-3 1.84941E-3 2.23854E-3 1.87214E-3 1.56149E-3 7.29888E-4 4.04744E-4 -9999 -9999
-9999 -9999 -9999 2.36943E-3 6.1404E-3 8.45368E-4 3.3531E-4 6.30073E-5 2.80187E-5 2.58175E-5 5.43841E-5 6.32094E-5 6.02325E-5 2.02926E-5 3.62355E-5 3.10552E-5 6.12015E-5 1.6504E-4 3.80616E-4 9.75393E-4 8.56971E-4 4.38108E-3 1.51482E-3 1.25352E-3 1.70224E-3 8.61785E-4 1.4227E-3 8.84735E-4 4.91989E-4 5.06688E-4 2.58035E-4 2.10491E-4 2.65234E-4 3.33083E-4 5.10674E-4 3.1086E-4 3.30989E-4 2.9357E-4 1.12448E-3 3.18557E-4 4.37984E-4 2.20227E-3 4.1434E-4 2.3464E-4 3.33115E-4 5.20291E-4 4.1551E-4 6.39255E-4 2.16779E-4 6.41378E-4 1.21052E-3 1.79387E-3 5.03587E-4 3.45137E-4 1.82572E-3 3.5033E-3 4.05533E-3 1.46856E-3 1.21295E-3 2.38208E-3 1.67179E-3 1.26529E-3 1.05998E-3 -9999 -9999 -9999 -9999
-9999 -9999 -9999 2.17085E-2 1.04345E-2 8.61456E-4 2.58684E-4 1.65852E-4 6.31573E-5 1.91054E-5 4.34952E-5 1.97655E-5 3.65468E-5 2.3263E-5 5.34754E-5 5.66204E-5 1.11358E-4 3.04227E-4 8.24753E-4 6.62804E-4 1.12083E-3 5.8608E-3 2.11942E-3 1.0723E-3 8.90182E-4 4.24359E-4 3.61657E-4 8.41072E-4 4.29329E-4 3.19447E-4 2.32445E-4 1.95373E-4 2.12303E-4 2.14307E-4 4.09088E-4 2.70661E-4 2.42439E-4 3.34341E-4 4.8547E-4 3.20026E-4 1.30344E-3 2.94622E-4 1.96127E-4 3.59515E-4 4.39159E-4 1.82487E-4 4.92413E-4 3.04155E-4 2.71283E-4 4.21539E-4 4.37451E-4 2.95839E-4 3.43934E-4 3.2224E-4 3.3804E-3 3.07363E-3 1.47725E-3 1.65675E-3 1.90156E-3 1.87193E-3 1.19934E-3 6.2964E-4 -9999 -9999 -9999 -9999 -9999
2.50403E-1 -9999 -9999 4.80319E-2 3.20652E-3 5.72945E-4 8.56241E-5 1.23558E-4 1.13466E-4 2.65453E-5 2.01568E-5 1.03741E-5 1.31143E-5 7.04058E-5 2.26476E-4 2.61893E-4 2.36414E-4 4.96049E-4 3.71654E-4 7.23453E-4 1.02608E-3 1.92067E-3 7.86418E-3 1.50587E-3 9.9423E-4 7.16186E-4 2.59386E-4 5.41941E-4 5.39412E-4 2.94402E-4 2.13648E-4 1.48574E-4 1.90734E-4 2.59508E-4 1.80752E-4 1.90179E-4 2.98107E-4 1.79945E-4 3.26615E-4 2.91126E-4 4.29806E-4 1.64866E-4 6.13392E-4 5.40488E-4 1.68823E-4 1.36983E-4 4.32906E-4 5.15057E-4 7.37222E-4 8.72214E-4 5.0411E-4 2.67106E-4 2.85724E-4 3.01977E-4 4.52062E-3 1.4529E-3 2.02198E-3 2.71781E-3 2.51668E-3 2.56154E-3 9.91822E-4 5.73749E-4 -9999 -9999 -9999 -9999 -9999
1.75988E-1 -9999 -9999 -9999 -9999 3.96275E-4 3.10076E-5 6.47844E-5 8.55981E-5 1.01437E-4 1.3413E-5 1.1312E-5 1.31774E-5 7.63892E-5 1.8564E-4 2.0609E-4 1.28711E-4 3.13158E-4 3.56162E-4 6.8042E-4 7.64513E-4 1.0797E-3 4.25179E-3 2.36145E-3 4.73364E-4 4.6482E-4 3.07744E-4 3.33015E-4 3.77322E-4 2.14068E-4 1.50946E-4 1.20397E-4 1.18082E-4 2.65173E-4 3.06118E-4 3.34842E-4 4.26147E-4 3.85267E-4 2.24678E-4 3.37062E-4 3.9348E-4 5.57566E-4 4.22651E-4 1.37562E-4 1.17873E-4 7.24952E-4 8.13077E-4 5.98776E-4 4.02905E-4 8.09293E-4 4.86264E-4 1.25007E-3 2.3213E-3 3.4389E-4 1.82431E-3 2.52235E-3 2.74366E-3 2.89108E-3 2.8268E-3 1.49272E-3 1.09401E-3 7.57645E-4 8.38584E-4 8.12431E-4 -9999 -9999 -9999
1.7038E-1 -9999 -9999 -9999 -9999 1.87502E-4 3.93409E-5 4.34331E-5 1.32691E-4 4.61808E-5 1.0621E-5 1.29306E-5 1.94254E-5 1.23838E-4 1.36314E-4 8.51619E-5 1.88819E-4 2.66609E-4 5.04602E-4 7.07498E-4 5.18355E-4 1.39954E-3 6.34194E-3 9.83614E-4 5.23548E-4 4.46785E-4 3.24067E-4 4.62465E-4 3.67798E-4 2.90321E-4 1.08296E-4 5.72144E-5 1.2225E-4 2.58099E-4 3.86777E-4 3.04431E-4 4.54355E-4 2.50163E-4 1.6525E-4 3.17856E-4 3.03142E-4 4.95053E-4 3.32715E-4 2.40452E-4 5.26759E-4 6.85108E-4 5.40155E-4 6.75536E-4 6.03163E-4 1.23651E-3 1.14587E-3 1.15948E-3 1.56378E-3 8.99112E-4 2.58869E-3 3.74496E-3 1.32855E-3 1.42653E-3 1.94104E-3 2.59227E-3 2.02973E-3 9.73851E-4 9.63619E-4 1.20421E-3 1.03407E-3 3.801E-4 -9999
1.52391E-1 -9999 -9999 -9999 -9999 5.25431E-4 8.06302E-5 2.01353E-5 6.45453E-5 2.32396E-5 8.87192E-6 7.47044E-6 3.841E-5 8.53253E-5 1.1429E-4 9.03236E-5 1.24592E-4 3.59039E-4 5.83922E-4 6.94693E-4 1.79943E-3 2.10711E-3 2.92933E-3 5.51193E-4 3.96601E-4 5.58282E-4 3.77791E-4 2.88559E-4 2.96855E-4 2.42703E-4 1.43291E-4 5.50064E-5 1.88076E-4 4.46551E-4 4.12406E-4 4.05734E-4 3.73319E-4 3.4979E-4 5.9162E-4 3.61975E-4 9.35766E-4 6.86653E-4 4.54834E-4 3.36733E-4 3.92011E-4 3.76382E-4 5.56217E-4 5.20065E-4 1.84277E-3 2.56589E-3 2.46784E-3 7.21816E-4 2.3508E-3 3.96034E-3 1.60177E-3 7.05334E-3 3.26969E-3 5.55229E-3 3.06215E-3 2.12102E-3 9.53918E-4 1.27524E-3 2.21601E-3 2.46024E-3 1.72837E-3 5.96157E-4 -9999
-9999 -9999 1.12971E-1 1.81427E-2 3.2924E-3 1.14517E-3 2.81273E-4 2.64752E-5 4.344E-5 1.77781E-5 1.31506E-5 2.10726E-5 2.24609E-5 5.44337E-5 1.39511E-4 2.18469E-4 3.05898E-4 5.516E-4 7.11707E-4 8.16299E-4 1.74334E-3 1.11207E-3 8.75274E-4 6.5845E-4 4.43637E-4 5.94911E-4 3.04362E-4 4.1001E-4 2.96882E-4 1.58308E-4 1.51106E-4 3.71046E-5 1.05032E-4 3.64616E-4 3.23634E-4 3.14869E-4 1.02645E-3 8.12817E-4 8.89437E-4 5.34896E-4 1.16099E-3 1.98979E-3 1.09341E-3 2.96146E-4 9.96358E-4 1.50303E-3 1.11246E-3 7.66112E-4 2.64027E-3 1.16687E-3 8.13054E-4 1.09593E-3 4.74406E-3 4.63177E-3 2.82553E-3 6.62075E-3 7.57707E-3 2.08874E-3 2.53642E-3 2.60751E-3 1.45422E-3 3.36466E-3 2.84201E-3 1.75533E-3 7.22987E-4 2.80906E-4 -9999
-9999 -9999 7.78079E-2 3.2337E-2 3.61841E-3 4.81311E-4 7.58417E-5 3.53184E-5 2.47905E-5 2.44788E-5 1.72192E-5 1.32848E-5 2.97945E-5 3.73005E-5 1.46749E-4 1.87397E-4 2.22895E-4 3.98884E-4 4.85128E-4 6.13141E-4 1.46021E-3 1.0921E-3 7.06828E-4 5.17002E-4 5.14808E-4 3.93164E-4 1.22411E-4 4.09615E-4 1.67169E-4 5.45571E-5 5.97524E-5 6.28879E-5 1.54594E-4 4.77147E-4 2.94955E-4 5.18298E-4 1.06361E-3 2.40676E-4 6.56548E-4 6.58319E-4 1.3738E-3 1.10632E-3 3.83374E-4 6.00368E-4 1.89373E-3 1.34185E-3 3.70363E-4 6.23379E-4 7.68082E-4 1.64414E-3 1.01293E-3 2.47072E-3 3.25208E-3 6.00011E-3 5.13504E-3 6.48628E-3 1.05379E-2 5.68867E-3 2.20672E-3 2.45639E-3 3.0884E-3 3.63657E-3 3.42196E-3 1.87082E-3 5.38985E-4 1.63286E-4 1.25348E-4
-9999 -9999 1.03808E-2 5.11821E-2 7.38845E-3 6.8989E-4 1.31172E-4 8.07158E-5 4.64933E-5 2.47206E-5 2.14616E-5 1.83534E-5 2.3324E-5 4.28249E-5 1.19563E-4 1.91355E-4 3.2008E-4 2.94167E-4 2.98601E-4 4.73884E-4 1.14592E-3 3.59929E-4 5.3237E-4 4.68486E-4 5.56814E-4 4.63234E-4 1.32007E-4 1.63975E-4 1.7392E-4 7.70831E-5 2.15759E-4 6.36147E-5 4.16564E-4 2.01593E-4 4.49755E-4 4.90711E-4 8.44076E-4 1.5756E-4 3.75237E-4 1.6136E-3 1.9077E-3 1.0001E-3 2.61155E-4 9.24012E-4 8.67441E-4 1.02943E-3 1.22605E-3 8.09282E-4 2.10981E-3 2.33759E-3 9.19436E-4 1.01357E-3 3.10882E-3 1.62957E-3 5.21482E-3 9.1086E-3 8.58739E-3 8.59032E-3 3.73921E-3 8.85237E-3 6.20019E-3 4.3186E-3 2.82542E-3 1.10974E-3 5.35499E-4 2.51753E-4 1.43317E-4
-9999 4.97726E-3 5.27994E-3 2.03598E-2 3.95626E-3 1.59599E-3 5.67784E-4 2.75265E-4 3.42266E-5 1.57357E-5 1.02515E-5 1.39028E-5 1.12848E-5 4.90216E-5 9.06335E-5 2.15793E-4 2.27335E-4 2.817E-4 4.53589E-4 3.50266E-4 5.8959E-4 9.27918E-4 4.34438E-4 1.82106E-4 6.45384E-4 3.34026E-4 1.19282E-4 9.79129E-5 8.47768E-5 2.82583E-4 6.47992E-4 4.61336E-5 1.54075E-4 1.95111E-4 3.02647E-4 4.76794E-4 8.34766E-4 1.76759E-4 8.58009E-4 1.99859E-3 2.16096E-3 1.45818E-3 3.9463E-4 4.40856E-4 2.47981E-4 1.1647E-3 2.24974E-3 1.9487E-3 2.02865E-3 1.7112E-3 2.09357E-3 1.09287E-3 1.25806E-3 1.32042E-3 5.99308E-3 1.05431E-2 1.20108E-2 1.54539E-2 1.33589E-2 8.43999E-3 4.83871E-3 3.86104E-3 3.14505E-3 1.4966E-3 4.5614E-4 5.45897E-4 2.65189E-4
-9999 2.65805E-3 8.72691E-3 9.01029E-3 9.34738E-4 4.36375E-4 2.13627E-4 3.50583E-4 2.30763E-4 4.36931E-5 2.0271E-5 1.36442E-5 1.07886E-5 1.9723E-5 2.78546E-5 5.30967E-5 1.50799E-4 2.07556E-4 2.74697E-4 9.91794E-4 7.40856E-4 3.56406E-4 3.20739E-4 6.60724E-5 4.97315E-4 1.73841E-4 7.49662E-5 5.72186E-5 6.21253E-5 4.12695E-4 1.14335E-4 6.70809E-5 6.80147E-5 9.74699E-5 2.94197E-4 9.04181E-5 4.67769E-4 6.84233E-4 3.54192E-4 2.71219E-4 2.10958E-3 3.17813E-3 1.12871E-3 5.86462E-4 2.32818E-4 9.84945E-4 2.11542E-3 1.86447E-3 1.86631E-3 1.99795E-3 2.14995E-3 2.55857E-3 1.80025E-3 2.71296E-3 1.06458E-2 3.067E-3 3.62541E-3 1.35429E-2 8.29796E-3 2.93519E-3 2.96323E-3 2.2978E-3 3.67547E-3 1.89697E-3 4.58352E-4 5.40296E-4 2.63651E-4
-9999 2.89839E-3 3.45088E-3 3.86528E-3 3.07273E-3 6.10899E-4 1.8649E-4 1.43962E-4 2.71333E-4 2.08039E-4 5.88505E-5 4.48487E-5 1.54832E-5 1.30393E-5 1.63241E-5 4.99596E-5 1.02432E-4 3.94032E-4 5.72635E-4 9.59978E-4 1.28906E-3 1.47879E-4 8.96445E-5 9.96412E-5 2.00013E-4 2.38858E-4 6.07378E-5 3.98203E-5 7.70546E-5 4.07448E-4 8.14436E-5 4.49126E-5 1.75741E-4 1.07024E-4 1.24945E-4 5.07198E-4 1.73774E-4 4.63532E-4 2.75047E-4 2.72169E-4 9.21421E-4 1.98159E-3 2.39334E-4 5.67669E-4 5.61437E-4 1.7089E-3 1.55156E-3 1.39158E-3 1.8736E-3 2.70501E-3 1.82755E-3 1.75606E-3 1.76505E-3 9.91445E-3 4.31168E-3 2.25689E-3 2.88854E-3 7.09467E-3 3.2603E-3 3.27942E-3 1.16883E-3 1.47592E-3 1.12535E-3 1.87073E-3 9.46888E-4 4.5087E-4 2.32467E-4
1.07948E-2 2.72842E-3 2.88182E-3 1.893E-3 1.31545E-3 1.94838E-3 1.7833E-3 4.34967E-4 1.85965E-4 1.34385E-4 2.44681E-4 1.20119E-4 6.46679E-5 1.90613E-5 3.42314E-5 7.59641E-5 1.56348E-4 5.81344E-4 4.89765E-4 3.78434E-4 1.58662E-3 1.14049E-4 5.60211E-5 7.93103E-5 5.48869E-5 1.30704E-4 1.02428E-4 4.94204E-4 8.00387E-4 2.44915E-4 1.9118E-4 5.53321E-4 4.2575E-4 1.71474E-4 1.09213E-4 5.29332E-4 2.15394E-4 3.45662E-4 7.45794E-4 1.15238E-3 4.84892E-4 1.136E-3 1.00578E-3 2.80045E-4 1.41526E-3 1.71935E-3 2.14045E-3 1.384E-3 1.56292E-3 1.77134E-3 2.47789E-3 1.79001E-3 4.98249E-3 4.10994E-3 2.97276E-3 2.6926E-3 2.98572E-3 3.73454E-3 4.2608E-3 2.69549E-3 1.14485E-3 1.98403E-4 2.78489E-4 9.50918E-4 6.17519E-4 2.01881E-4 5.71599E-5
5.12268E-3 2.67191E-3 9.3045E-4 1.40789E-3 4.32444E-4 1.81549E-4 5.32675E-4 1.86677E-4 1.17195E-4 1.02029E-4 1.28018E-4 1.35763E-4 5.81554E-5 2.2688E-5 3.73832E-5 5.04372E-5 1.41494E-4 3.43411E-4 5.05217E-4 5.01661E-4 1.28966E-3 1.82264E-4 6.27921E-5 9.96435E-5 1.1141E-4 7.37158E-5 8.86357E-5 4.02433E-4 6.53955E-4 6.52129E-4 1.20705E-3 1.05874E-3 9.27453E-4 2.05608E-4 4.23603E-4 4.15683E-4 1.70294E-4 3.72394E-4 3.58482E-4 1.58255E-3 2.09629E-4 1.55438E-4 1.78305E-4 2.09365E-4 1.78831E-3 1.69475E-3 1.89575E-3 9.93268E-4 2.00874E-3 2.15378E-3 2.46295E-3 2.48139E-3 1.92262E-3 2.53279E-3 2.25827E-3 1.92658E-3 2.76386E-3 3.30662E-3 3.55551E-3 3.01631E-3 5.65492E-4 1.83123E-4 4.14775E-4 3.85741E-4 1.6008E-4 9.40384E-5 5.14958E-5
3.34421E-3 1.36238E-3 3.06436E-4 6.5178E-4 2.75404E-4 1.22084E-4 6.38091E-5 4.23538E-5 4.94161E-5 8.02118E-5 3.60845E-5 3.49589E-5 2.80254E-5 2.62509E-5 1.66752E-5 2.58242E-5 5.84703E-5 1.19989E-4 1.64878E-4 6.71334E-4 4.92211E-4 1.04906E-4 7.46283E-5 4.78365E-5 1.27542E-4 5.67763E-5 9.35788E-5 2.32736E-4 8.99335E-4 1.00935E-3 1.17649E-3 1.75643E-3 1.2622E-3 1.00903E-3 1.69926E-3 7.45776E-4 6.411E-4 1.93157E-4 2.28394E-4 8.87396E-4 1.54142E-3 4.34002E-4 1.25552E-3 6.47265E-4 1.41763E-3 2.11431E-3 9.36494E-4 1.06691E-3 1.38097E-3 1.7331E-3 2.80336E-3 2.07348E-3 2.13166E-3 2.48641E-3 1.9044E-3 2.49245E-3 2.28517E-3 3.06695E-3 2.59276E-3 1.10264E-3 4.4623E-4 4.42117E-4 5.39804E-4 3.36826E-4 2.38363E-4 1.00064E-4 1.33202E-4
3.98084E-3 1.93746E-3 6.37149E-4 1.27785E-4 1.7089E-4 1.03625E-4 8.1693E-5 6.38536E-5 3.30336E-5 3.7291E-5 6.15873E-5 5.24048E-5 5.17232E-5 9.98015E-5 6.09587E-5 1.98672E-5 2.51745E-5 4.69928E-5 5.75278E-5 3.66735E-4 1.41124E-4 4.27027E-5 2.52842E-5 7.80374E-5 2.04008E-4 9.44261E-5 1.72558E-4 4.99581E-4 8.18041E-4 8.05473E-4 8.5097E-4 1.09395E-3 9.33485E-4 1.85648E-3 1.35215E-3 1.51943E-3 8.45559E-4 1.42678E-4 1.15245E-3 1.81248E-3 1.70795E-3 1.49464E-3 1.34875E-3 1.53704E-3 1.45058E-3 1.98071E-3 9.87182E-4 8.91705E-4 1.19795E-3 1.83905E-3 1.90361E-3 7.11263E-4 5.83193E-4 9.10399E-4 1.62148E-3 2.24983E-3 2.85442E-3 2.6898E-3 1.63485E-3 6.27153E-4 4.6455E-4 6.41043E-4 3.52592E-4 5.14179E-4 2.22983E-4 9.09159E-5 1.06715E-3
6.69046E-3 4.4884E-3 1.35659E-3 1.22274E-4 9.63579E-5 6.39473E-5 2.55061E-5 5.67332E-5 8.58271E-5 4.50535E-5 7.97817E-5 1.41467E-4 3.58403E-5 4.40042E-4 1.60095E-4 1.27815E-4 4.19038E-5 2.13756E-5 3.21912E-5 1.52704E-4 3.63805E-4 6.70809E-5 1.28443E-4 1.46899E-4 3.27476E-4 3.92677E-4 6.22671E-4 7.40556E-4 7.6148E-4 1.0409E-3 1.17607E-3 1.18865E-3 1.27237E-3 1.15089E-3 1.19983E-3 1.26077E-3 4.70603E-4 3.11757E-4 1.36921E-3 1.9855E-3 1.21479E-3 1.50016E-3 1.00926E-3 1.31744E-3 1.7675E-3 1.78648E-3 1.18069E-3 8.62727E-4 1.2162E-3 1.27978E-3 8.41355E-4 4.17895E-4 6.36543E-4 1.31548E-3 3.01687E-3 3.21359E-3 2.96681E-3 2.29177E-3 1.4649E-3 1.15015E-3 1.11254E-3 9.96747E-4 5.11854E-4 2.65983E-4 7.10276E-4 1.61298E-3 1.6049E-3
4.62887E-3 2.8035E-3 1.14101E-3 4.3016E-4 4.96094E-5 4.31899E-5 4.42609E-5 8.16927E-5 1.53052E-4 3.547E-4 4.37397E-4 6.06922E-4 2.16983E-4 7.24247E-4 9.68413E-4 6.78427E-4 2.68344E-4 5.57869E-5 4.535E-5 6.37625E-5 1.2724E-4 1.58544E-4 1.00944E-4 5.71375E-4 8.2305E-4 9.4463E-4 9.70416E-4 1.1679E-3 1.35466E-3 1.34048E-3 1.34475E-3 1.0718E-3 9.20279E-4 8.6266E-4 5.12661E-4 1.08429E-3 8.94308E-4 9.5071E-4 1.12084E-3 1.53965E-3 9.41764E-4 1.27535E-3 1.10738E-3 9.65692E-4 1.15746E-3 1.45216E-3 1.03821E-3 5.74863E-4 5.96129E-4 5.51827E-4 4.04232E-4 2.83893E-4 8.52372E-4 1.63255E-3 2.18602E-3 3.38422E-3 2.70956E-3 2.87741E-3 2.02493E-3 1.52841E-3 1.1795E-3 8.55715E-4 1.67386E-3 1.15669E-3 4.29746E-3 5.63405E-3 3.58573E-3
1.59539E-3 8.17283E-4 5.30391E-4 1.36768E-4 3.62941E-5 4.88274E-5 9.8515E-5 1.50348E-4 6.11578E-4 6.89505E-4 6.89894E-4 -9999 -9999 -9999 8.20782E-4 1.17315E-3 8.67823E-4 6.35951E-4 2.6712E-4 5.66963E-5 4.3118E-5 1.77761E-4 9.92437E-5 1.75545E-4 1.65637E-4 1.34548E-4 3.80646E-4 1.00863E-3 1.17634E-3 1.20806E-3 1.45029E-3 1.11883E-3 9.51967E-4 9.62074E-4 7.10211E-4 9.9017E-4 1.10125E-3 1.22894E-3 9.02893E-4 1.14827E-3 6.88099E-4 6.52802E-4 5.92124E-4 7.31974E-4 7.94159E-4 8.90038E-4 6.83595E-4 5.05367E-4 2.82376E-4 4.61947E-4 3.70734E-4 6.05365E-4 7.71928E-4 1.45869E-3 2.16217E-3 2.11891E-3 1.70053E-3 2.08162E-3 2.51889E-3 2.16413E-3 1.22244E-3 9.43957E-4 1.43737E-3 2.29487E-3 4.56127E-3 -9999 -9999
1.06667E-3 3.92567E-4 1.19308E-4 1.17914E-4 4.22E-5 7.33526E-5 -9999 -9999 -9999 -9999 -9999 -9999 -9999 -9999 -9999 9.7298E-4 1.07191E-3 1.19115E-3 7.61451E-4 2.91589E-4 6.60634E-5 1.10589E-4 7.32566E-5 6.27186E-5 5.42384E-5 5.75109E-5 1.90415E-4 8.18579E-4 9.19355E-4 1.2565E-3 1.42915E-3 1.21899E-3 1.34456E-3 1.70768E-3 8.79096E-4 9.7262E-4 1.13146E-3 1.55246E-3 1.26597E-3 1.34207E-3 7.71302E-4 6.43552E-4 5.26679E-4 5.00919E-4 4.96333E-4 5.89127E-4 6.63514E-4 3.32015E-4 2.46891E-4 4.54899E-4 3.89047E-4 6.06141E-4 8.96447E-4 1.70879E-3 -9999 -9999 -9999 -9999 -9999 -9999 -9999 -9999 2.7668E-3 -9999 -9999 -9999 -9999
7.41631E-4 1.84997E-4 1.2203E-4 7.86302E-5 4.61813E-5 -9999 -9999 -9999 -9999 -9999 -9999 -9999 -9999 -9999 -9999 -9999 7.28948E-4 1.27277E-3 1.19307E-3 6.85157E-4 1.98502E-4 6.80707E-5 9.20604E-5 1.22118E-4 1.08177E-4 8.42276E-5 1.26005E-4 2.8887E-4 4.75122E-4 6.88713E-4 9.69715E-4 1.45919E-3 1.10132E-3 1.64498E-3 1.05933E-3 9.0237E-4 1.0471E-3 1.10765E-3 1.32655E-3 1.05158E-3 8.23104E-4 5.19617E-4 4.82622E-4 5.95003E-4 6.06346E-4 5.05669E-4 3.95059E-4 2.25612E-4 2.20955E-4 2.7785E-4 2.44665E-4 3.05309E-4 6.1749E-4 -9999 -9999 -9999 -9999 -9999 -9999 -9999 -9999 -9999 -9999 -9999 -9999 -9999 -9999
2.49921E-3 1.48867E-3 2.14264E-3 1.25756E-3 4.61461E-4 3.50543E-4 -9999 -9999 -9999 -9999 -9999 -9999 -9999 -9999 -9999 -9999 -9999 8.24895E-4 1.23939E-3 7.97486E-4 3.64497E-4 1.50667E-4 1.17772E-4 2.69744E-4 3.62361E-4 2.22652E-4 2.53516E-4 2.13908E-4 3.19366E-4 5.75647E-4 5.49017E-4 9.72893E-4 8.95069E-4 1.43496E-3 1.29948E-3 1.1259E-3 8.83009E-4 9.65949E-4 1.16466E-3 1.09377E-3 7.42204E-4 5.49364E-4 5.87613E-4 5.17988E-4 5.35023E-4 2.97882E-4 2.77622E-4 1.80753E-4 1.23724E-4 1.30372E-4 1.15745E-4 3.53283E-4 -9999 -9999 -9999 -9999 -9999 -9999 -9999 -9999 -9999 -9999 -9999 -9999 -9999 -9999 -9999
1.22339E-2 1.05761E-2 4.16067E-3 4.73015E-3 3.14083E-3 3.01059E-3 1.6679E-3 -9999 -9999 -9999 -9999 -9999 -9999 -9999 -9999 -9999 -9999 6.24366E-4 1.1204E-3 1.37064E-3 8.16378E-4 3.43005E-4 5.80204E-5 1.05121E-4 2.91422E-4 3.44041E-4 2.64773E-4 3.8717E-4 2.84814E-4 6.04086E-4 6.07278E-4 6.58611E-4 7.61156E-4 7.34728E-4 1.35425E-3 1.41659E-3 1.41167E-3 1.18625E-3 1.10511E-3 6.64912E-4 7.05332E-4 6.67224E-4 4.49498E-4 3.8748E-4 2.37797E-4 1.17691E-4 1.54796E-4 1.37892E-4 1.33171E-4 -9999 -9999 1.56556E-4 -9999 -9999 -9999 -9999 -9999 -9999 -9999 -9999 -9999 -9999 -9999 -9999 -9999 -9999 -9999
3.01189E-2 1.99127E-2 1.25108E-2 6.67595E-3 4.19691E-3 2.80251E-3 2.24641E-3 -9999 -9999 -9999 -9999 -9999 -9999 -9999 -9999 -9999 -9999 4.96122E-4 7.77211E-4 1.05255E-3 9.81175E-4 3.31436E-4 1.28403E-4 8.30721E-5 2.74107E-4 6.33418E-4 5.81649E-4 8.80378E-4 5.27573E-4 6.07858E-4 6.47111E-4 7.76566E-4 4.96352E-4 6.59087E-4 9.86798E-4 1.50504E-3 1.57712E-3 1.38604E-3 1.08727E-3 6.05296E-4 5.15802E-4 4.67727E-4 4.67736E-4 4.41982E-4 3.72333E-4 3.18216E-4 2.0627E-4 1.07484E-4 -9999 -9999 -9999 -9999 -9999 -9999 -9999 -9999 -9999 -9999 -9999 -9999 -9999 -9999 -9999 -9999 -9999 -9999 -9999
5.05769E-2 1.80602E-2 2.01353E-2 3.5694E-3 1.8994E-3 2.84295E-4 -9999 -9999 -9999 -9999 -9999 -9999 -9999 -9999 -9999 -9999 -9999 6.17941E-4 1.17693E-3 1.31477E-3 5.89159E-4 4.74171E-4 1.80177E-4 1.02856E-4 1.40899E-4 1.94786E-4 4.06329E-4 5.10167E-4 4.8535E-4 7.13696E-4 6.96456E-4 6.45447E-4 8.66793E-4 1.13452E-3 1.38198E-3 1.54724E-3 1.53914E-3 1.11562E-3 7.29247E-4 4.45656E-4 3.521E-4 4.71492E-4 3.65339E-4 3.06045E-4 3.5541E-4 3.70571E-4 3.35414E-4 3.15012E-4 -9999 -9999 -9999 -9999 -9999 -9999 -9999 -9999 -9999 -9999 -9999 -9999 -9999 -9999 -9999 -9999 -9999 -9999 -9999
7.6545E-2 3.14878E-2 2.12286E-2 -9999 -9999 -9999 -9999 -9999 -9999 -9999 -9999 -9999 -9999 -9999 -9999 -9999 -9999 6.21582E-4 8.88757E-4 1.26151E-3 1.04973E-3 8.45727E-4 4.28766E-4 1.41587E-4 1.25224E-4 1.91459E-4 5.18853E-4 5.33485E-4 1.2288E-3 6.55414E-4 1.05348E-3 1.31437E-3 1.20294E-3 1.06347E-3 1.41011E-3 1.27938E-3 1.14075E-3 9.01904E-4 7.85353E-4 6.20921E-4 3.9437E-4 4.48436E-4 4.39464E-4 2.59814E-4 3.04374E-4 3.32643E-4 5.04654E-4 3.52896E-4 -9999 -9999 -9999 -9999 -9999 -9999 -9999 -9999 -9999 -9999 -9999 -9999 -9999 -9999 -9999 -9999 -9999 -9999 -9999
4.56906E-2 3.5714E-2 -9999 -9999 -9999 -9999 -9999 -9999 -9999 -9999 -9999 -9999 -9999 -9999 -9999 3.0746E-4 3.24334E-4 4.44342E-4 7.54056E-4 1.23458E-3 2.06579E-3 1.24775E-3 6.26746E-4 3.21087E-4 2.55669E-4 5.26603E-4 7.04928E-4 8.9386E-4 1.64339E-3 1.29493E-3 1.58523E-3 1.42848E-3 1.07485E-3 1.38014E-3 1.10398E-3 1.25979E-3 8.36284E-4 7.66142E-4 1.38E-3 1.11686E-3 8.17261E-4 8.45528E-4 6.07312E-4 3.93591E-4 2.95472E-4 4.0431E-4 5.23906E-4 -9999 -9999 -9999 -9999 -9999 -9999 -9999 -9999 -9999 -9999 -9999 -9999 -9999 -9999 -9999 -9999 -9999 -9999 -9999 -9999
