ENM/Final_Models/M_1_F_q_Set_1_EC/Gustavia_santanderiensis_3_Choco.asc
ncols         367
nrows         963
xllcorner     -78.6
yllcorner     0.65
cellsize      0.00833333333333323
NODATA_value  -9999
[rows 155 to 185 of 963, columns 276 to 344 of 367]
2.35424E-1 6.94461E-2 7.41267E-2 9.98372E-2 6.94492E-2 4.28681E-2 4.06115E-2 4.68561E-2 3.87478E-2 6.82093E-2 3.05872E-2 3.7423E-2 1.94013E-2 2.66188E-2 1.65177E-2 3.10115E-2 9.86837E-2 6.98315E-2 1.12587E-1 1.69778E-1 5.6607E-2 2.84167E-1 6.65052E-2 8.8777E-2 1.45119E-1 5.15863E-2 5.77958E-2 1.41278E-1 2.16697E-1 6.49288E-2 1.84832E-1 2.17653E-1 1.18798E-1 9.88889E-2 8.0155E-2 1.96666E-2 1.65801E-2 7.90379E-2 1.17677E-1 1.84081E-1 7.68439E-2 9.89412E-2 6.59257E-2 4.47514E-2 1.1571E-2 1.88737E-2 9.55195E-6 2.67234E-5 1.12071E-6 1.57899E-6 1.38241E-5 2.41196E-4 8.27282E-4 4.1833E-5 2.31552E-5 3.38342E-6 7.46063E-6 2.732E-6 2.05948E-5 4.8443E-4 3.98504E-4 1.61123E-4 1.04947E-5 4.15051E-5 2.16549E-4 9.09226E-6 1.24029E-5 1.15005E-4 8.20535E-5
1.57147E-1 1.01035E-1 1.36116E-2 2.28585E-2 1.15975E-1 6.21238E-2 7.18168E-2 2.76637E-2 1.06762E-3 2.89653E-2 1.15917E-1 1.05233E-1 6.23232E-2 6.81141E-2 6.25222E-2 5.22922E-2 3.75683E-2 1.28739E-1 2.53702E-1 7.47779E-2 8.12275E-2 4.96331E-2 2.61302E-2 4.12681E-2 4.97595E-2 4.10649E-2 6.85433E-2 7.37841E-2 5.36888E-2 1.36693E-1 2.0167E-1 6.93078E-2 1.05099E-1 6.01385E-2 6.89712E-2 1.03542E-2 1.77342E-1 2.39938E-1 1.76652E-1 1.30962E-1 2.57863E-2 1.34701E-1 1.29119E-1 2.63893E-2 3.3889E-2 8.37042E-3 2.32327E-4 5.02589E-5 1.0647E-5 2.42305E-6 1.47588E-6 6.58007E-6 1.13459E-4 6.91936E-5 4.93727E-6 7.40182E-7 2.24578E-6 6.65559E-6 1.02587E-4 1.92887E-4 2.04946E-4 2.4349E-5 2.1645E-5 8.3365E-6 2.95178E-6 6.05481E-7 1.10041E-4 8.4804E-5 1.50805E-4
9.42022E-2 1.99237E-1 6.32329E-2 1.1817E-1 9.76256E-2 7.10651E-2 8.69919E-2 3.22882E-2 1.65231E-2 5.20619E-2 6.7312E-2 1.14554E-1 3.93821E-2 6.92795E-2 1.77255E-1 1.72264E-1 5.2614E-2 1.35589E-1 2.00961E-1 3.38109E-2 1.67188E-2 1.68706E-2 1.46552E-2 1.36052E-2 5.27433E-2 5.79123E-2 1.47037E-1 1.40743E-1 6.77947E-2 4.35445E-2 3.91679E-2 7.00091E-2 1.09202E-1 5.73839E-2 1.62416E-2 1.74435E-2 1.75228E-2 4.66891E-2 9.34084E-2 7.40668E-2 2.23029E-3 1.59663E-3 3.21219E-2 4.19059E-2 1.02131E-1 2.64025E-2 1.85054E-3 1.83338E-4 8.1091E-5 1.95315E-6 1.44719E-6 3.68452E-6 1.50941E-5 1.50607E-6 8.39432E-7 4.86443E-7 4.58011E-6 1.7223E-6 2.07058E-4 9.087E-6 1.96982E-4 7.435E-5 1.81904E-5 5.70811E-6 3.19111E-6 6.78472E-7 1.09656E-3 4.52329E-3 3.9501E-4
9.76335E-2 6.20315E-2 4.34192E-2 1.01289E-1 6.72022E-2 9.2345E-2 1.23878E-1 6.33343E-2 5.35113E-2 1.64454E-2 2.48052E-2 1.43775E-2 1.31305E-2 7.10414E-2 1.35598E-1 1.07109E-1 6.042E-2 3.30083E-2 1.88544E-2 3.78554E-2 3.98602E-3 2.45068E-2 2.6587E-2 2.76571E-2 9.11241E-2 4.79999E-2 1.29764E-1 2.71795E-2 1.78927E-2 8.13647E-2 7.02256E-2 7.04948E-2 3.76858E-2 3.36576E-2 2.30615E-3 3.17276E-2 6.36008E-2 2.51689E-2 9.991E-2 8.21644E-2 2.94851E-3 1.21975E-3 2.97327E-3 2.03316E-2 3.31018E-2 3.77562E-2 2.8418E-2 1.37406E-2 5.71856E-4 5.19225E-6 5.22379E-6 4.66258E-5 2.7448E-6 2.64566E-6 4.00527E-7 2.10603E-6 9.24932E-7 5.86239E-6 7.65254E-6 1.25701E-5 1.47307E-5 1.70267E-5 6.49399E-6 1.78202E-6 1.9626E-6 4.15951E-6 4.00842E-5 1.89504E-3 2.06152E-4
4.23438E-2 1.95704E-2 4.80519E-2 1.53405E-2 6.20397E-2 9.53802E-2 9.65468E-2 4.94061E-2 2.03422E-2 1.01215E-2 5.95752E-3 1.10923E-2 9.7773E-2 1.02248E-1 2.15383E-1 2.13219E-1 1.5384E-1 2.32887E-2 2.06508E-2 2.9041E-2 4.43488E-3 6.34586E-3 1.00977E-2 1.669E-2 4.97574E-2 1.91341E-2 7.84556E-2 2.31647E-2 9.50729E-3 2.35134E-2 3.39144E-2 9.02151E-2 3.11078E-2 6.86588E-3 1.00243E-2 5.14057E-3 7.27716E-2 2.42254E-2 6.05742E-2 6.89983E-2 1.39461E-3 8.47919E-4 1.26913E-2 1.80603E-2 5.17457E-3 6.45412E-4 1.01026E-3 1.50202E-3 1.04591E-4 2.93932E-6 2.04315E-6 6.78911E-6 2.19065E-6 1.42793E-6 3.12163E-7 4.34371E-7 7.44953E-7 1.73209E-6 2.57526E-6 3.68344E-6 6.90419E-6 2.53284E-6 3.02536E-6 9.76634E-7 1.01038E-6 9.16432E-7 1.73731E-6 2.25152E-5 5.89467E-6
2.56433E-2 3.55527E-2 5.55663E-2 2.15378E-2 6.96556E-3 4.66972E-2 1.19448E-1 7.80447E-2 1.55296E-2 1.6553E-3 8.68912E-3 1.54077E-2 5.75458E-2 1.59288E-1 7.42176E-2 1.50385E-1 1.23907E-1 1.39169E-2 2.44067E-2 9.74915E-3 2.31691E-3 5.66855E-2 9.31896E-3 6.80641E-3 5.16686E-2 2.76693E-2 3.60397E-2 2.14001E-2 2.1571E-2 4.87324E-2 2.01023E-2 2.02855E-2 4.41457E-2 3.91369E-2 2.17143E-3 1.15558E-3 6.86888E-2 6.39672E-2 1.18896E-1 3.38603E-2 2.48538E-3 2.78106E-3 3.44209E-3 4.22393E-3 8.82612E-3 6.28069E-5 5.73918E-5 3.36473E-4 1.14003E-3 3.74194E-5 1.34845E-5 8.39429E-6 3.06562E-6 4.32119E-7 3.52045E-7 3.43694E-7 5.96421E-7 2.77773E-6 6.94408E-6 2.60425E-6 3.1551E-7 6.69358E-6 1.37277E-6 5.63932E-7 1.51719E-6 1.35277E-7 1.10319E-6 8.86284E-6 1.57355E-5
1.61198E-2 7.1329E-3 8.4167E-2 2.74228E-2 6.09979E-2 7.53089E-2 9.62744E-2 4.82418E-2 6.8206E-4 5.58028E-5 1.66309E-4 4.71305E-2 5.89255E-2 7.03244E-2 5.42447E-2 1.69436E-2 7.01695E-3 2.10029E-3 3.06571E-3 2.21756E-3 1.91435E-3 2.29034E-2 2.87634E-2 4.64083E-3 8.27594E-2 9.4484E-2 6.61122E-3 7.07891E-3 1.37012E-2 1.08009E-1 9.23725E-2 5.38144E-2 2.96153E-2 2.55431E-2 1.10328E-2 3.36337E-3 1.73015E-2 4.02423E-2 5.53579E-2 2.42721E-3 2.66247E-3 1.78788E-3 4.70841E-3 1.62077E-3 2.71892E-3 2.71457E-4 3.05112E-5 5.7274E-5 9.16782E-4 1.24943E-5 1.54225E-5 2.14736E-6 1.82963E-6 2.79982E-7 4.21693E-7 9.48347E-7 1.46781E-6 3.10354E-6 1.89568E-6 1.61749E-6 7.25028E-6 8.54853E-7 3.54301E-7 1.09253E-6 8.10705E-6 1.10693E-5 5.22008E-6 4.56074E-5 1.79999E-5
1.75378E-3 7.03279E-4 4.7781E-3 4.74382E-2 7.66614E-2 3.24943E-2 1.30951E-2 1.00115E-3 1.6057E-4 3.22199E-5 1.72591E-4 9.73171E-3 2.60283E-2 1.53282E-2 5.78504E-3 3.81357E-3 3.37175E-3 2.51729E-3 5.21057E-3 2.75962E-3 7.87296E-3 1.33786E-3 1.32602E-2 3.23533E-2 4.27785E-2 4.0392E-2 5.41485E-3 1.11968E-2 3.39429E-3 1.99905E-2 7.05623E-2 3.93824E-2 1.20546E-2 8.8115E-3 2.06925E-3 2.52984E-3 1.7223E-2 3.4598E-2 3.8703E-2 1.21379E-3 1.35029E-3 1.59493E-3 2.16459E-3 5.29036E-3 2.50778E-3 7.14071E-4 1.9635E-5 5.59072E-6 6.66385E-5 1.41241E-5 1.45557E-5 3.31619E-6 2.35992E-6 2.97308E-7 2.72268E-7 1.29592E-6 2.30918E-6 3.90496E-6 4.4953E-6 6.02155E-7 6.51261E-7 7.05741E-7 4.45693E-7 3.82447E-6 3.0784E-6 3.20195E-6 4.63312E-6 2.38554E-6 1.22997E-6
2.34281E-4 4.73255E-4 2.4197E-3 1.32137E-2 4.03034E-2 1.24175E-2 8.58667E-4 5.39484E-4 7.12662E-5 3.90743E-6 5.71282E-5 7.15688E-4 5.88273E-4 2.73515E-3 2.05598E-2 3.96801E-3 8.5564E-3 6.00236E-3 7.03688E-3 4.75025E-3 2.30098E-3 3.3105E-3 6.07673E-3 4.00859E-2 5.77847E-2 3.73276E-2 4.09769E-3 9.83272E-3 5.56995E-4 6.35134E-4 6.78499E-3 7.22786E-3 7.45878E-3 2.06315E-2 2.68726E-3 1.34798E-3 5.61541E-3 4.56828E-2 7.69874E-2 1.12151E-3 8.32787E-4 6.23985E-4 1.21681E-3 7.55368E-3 5.42632E-3 3.68821E-4 2.30319E-4 9.26788E-5 6.03702E-6 8.95166E-5 4.75898E-5 6.26473E-6 1.11303E-6 3.94789E-7 8.02973E-7 1.10253E-6 -9999 -9999 -9999 -9999 -9999 -9999 -9999 -9999 -9999 -9999 -9999 -9999 -9999
6.84389E-5 7.3549E-5 7.47491E-5 3.02418E-3 6.31247E-3 3.9325E-3 3.85276E-4 2.38988E-4 1.79937E-5 4.45737E-5 2.20628E-5 1.41945E-4 8.70846E-4 1.18354E-2 4.08698E-2 3.85925E-2 4.39222E-3 6.89873E-3 1.2499E-3 1.45398E-3 3.87318E-3 1.16826E-3 3.23452E-3 6.54263E-3 2.19612E-2 1.79928E-2 4.19834E-2 4.09345E-3 4.68416E-3 8.91905E-4 1.9098E-3 5.04696E-3 9.88462E-3 1.12071E-2 5.28924E-3 1.35604E-3 1.33056E-2 3.48079E-2 8.31521E-3 1.04732E-3 3.23081E-4 6.32904E-4 5.19275E-4 1.01094E-3 3.92787E-4 6.10136E-3 2.65763E-4 2.24908E-4 1.07463E-5 7.98927E-6 4.59261E-6 2.6142E-6 4.64525E-7 7.04191E-7 -9999 -9999 -9999 -9999 -9999 -9999 -9999 -9999 -9999 -9999 -9999 -9999 -9999 -9999 -9999
2.79368E-5 1.07254E-5 5.55093E-6 2.10617E-4 9.5649E-4 2.03032E-3 4.64751E-4 1.23049E-4 6.91621E-5 4.85414E-4 6.42355E-3 2.7173E-3 9.36952E-4 9.50735E-3 4.58141E-2 8.72306E-2 6.91866E-3 1.42552E-3 7.62224E-4 1.3455E-3 4.75639E-3 5.18385E-3 3.58087E-4 6.93045E-4 1.40505E-2 4.99266E-2 6.62736E-2 6.79482E-3 1.07196E-3 6.67543E-4 1.54884E-3 1.98642E-3 6.21809E-3 5.6799E-3 2.23866E-3 3.5003E-3 8.29624E-3 1.56081E-2 6.79387E-3 4.4205E-3 1.26506E-4 3.56239E-4 9.17289E-4 5.9891E-4 7.47645E-4 3.77614E-4 1.24918E-3 1.59188E-3 8.03084E-5 4.20097E-6 7.81567E-7 7.42287E-7 -9999 -9999 -9999 -9999 -9999 -9999 -9999 -9999 -9999 -9999 -9999 -9999 -9999 -9999 -9999 -9999 -9999
4.39625E-6 3.3989E-6 2.75697E-5 8.68843E-5 6.58717E-4 3.67729E-4 7.88704E-5 6.3977E-5 2.40345E-5 1.00502E-3 1.24153E-2 1.18021E-2 8.25113E-3 3.69813E-2 7.69233E-2 9.78461E-3 8.26864E-3 6.41364E-4 2.15091E-4 2.95652E-4 3.46997E-3 1.08833E-2 2.81205E-4 7.16602E-4 1.27702E-2 6.00554E-2 7.79629E-2 5.67716E-3 5.0182E-3 1.86504E-4 2.28994E-3 7.92705E-4 6.37492E-4 5.41552E-3 2.80206E-3 7.40862E-3 1.11915E-2 3.38929E-2 5.04729E-3 4.87659E-4 8.19926E-5 1.29171E-4 7.45842E-5 8.87184E-5 1.65853E-4 6.19362E-5 1.17824E-4 1.7516E-4 2.41979E-4 3.75878E-6 -9999 -9999 -9999 -9999 -9999 -9999 -9999 -9999 -9999 -9999 -9999 -9999 -9999 -9999 -9999 -9999 -9999 -9999 -9999
2.14004E-5 4.3027E-6 3.01238E-6 1.18256E-5 5.7712E-5 3.66318E-5 5.22388E-4 1.96026E-4 6.72956E-5 1.3149E-4 2.9308E-3 1.26163E-2 7.29801E-3 3.73781E-3 9.32578E-3 1.55981E-3 7.14735E-4 5.72805E-4 3.72199E-5 5.67429E-4 1.00533E-3 8.01916E-3 1.33382E-3 2.12726E-4 1.20392E-2 4.21619E-2 7.22141E-2 2.55598E-2 7.08691E-4 1.61473E-3 1.14464E-3 4.0277E-4 7.29366E-4 3.769E-3 3.01327E-3 2.15915E-3 1.52053E-2 1.61288E-2 1.59799E-3 3.68922E-4 8.40612E-4 4.96697E-5 1.47669E-4 3.44205E-5 2.78383E-5 1.88922E-5 4.68613E-4 1.99619E-5 1.50412E-5 -9999 -9999 -9999 -9999 -9999 -9999 -9999 -9999 -9999 -9999 -9999 -9999 -9999 -9999 -9999 -9999 -9999 -9999 -9999 -9999
1.10299E-5 9.27654E-6 6.71051E-6 2.63841E-5 1.8147E-4 4.16062E-4 3.32484E-3 1.05645E-2 1.16532E-2 3.63927E-3 4.0531E-3 6.78696E-3 5.67566E-4 5.07409E-4 6.4543E-4 1.4735E-4 4.37549E-4 9.94653E-5 6.25893E-5 7.60969E-3 2.40851E-3 5.73336E-4 5.27304E-4 1.84668E-4 1.68702E-3 4.16368E-2 1.05893E-1 1.01605E-1 3.34946E-2 4.8517E-3 6.02468E-4 4.81227E-4 7.00345E-4 2.46058E-3 4.72521E-3 3.89005E-4 4.29565E-4 2.62362E-3 1.01432E-3 3.26457E-4 2.72067E-4 7.98212E-5 8.18604E-5 9.73863E-5 3.42173E-5 1.03243E-4 2.89903E-4 3.65025E-5 3.6185E-5 -9999 -9999 -9999 -9999 -9999 -9999 -9999 -9999 -9999 -9999 -9999 -9999 -9999 -9999 -9999 -9999 -9999 -9999 -9999 -9999
1.82659E-5 5.84821E-6 8.13222E-6 6.85747E-6 1.69366E-5 8.84897E-4 1.98213E-3 4.30458E-3 1.11169E-3 1.12748E-3 4.90757E-4 3.56339E-4 3.25758E-4 4.17912E-4 1.00087E-4 8.23556E-5 6.45588E-4 8.26848E-5 1.52508E-4 3.26465E-3 4.05097E-3 7.59542E-5 1.03931E-5 3.86636E-5 6.82944E-5 1.34109E-2 4.72653E-2 5.67576E-2 2.03846E-2 2.17053E-2 8.68544E-3 6.43945E-4 8.34986E-4 1.97478E-3 1.76475E-3 1.18478E-4 5.87404E-5 3.40037E-4 4.63522E-4 1.1358E-3 3.69652E-4 1.4797E-4 3.61364E-5 6.42085E-5 5.55631E-6 3.62724E-6 4.37043E-5 1.21568E-5 2.67002E-6 -9999 -9999 -9999 -9999 -9999 -9999 -9999 -9999 -9999 -9999 -9999 -9999 -9999 -9999 -9999 -9999 -9999 -9999 -9999 -9999
7.77141E-6 2.37961E-6 4.13125E-6 5.94166E-6 5.38835E-6 1.74817E-4 1.16079E-3 1.16155E-3 6.4079E-4 1.99309E-4 1.27084E-4 2.25011E-4 2.21213E-4 5.24911E-4 1.4777E-3 1.39865E-4 2.41402E-4 9.4985E-5 1.4057E-4 1.24312E-3 6.70194E-4 7.71976E-4 1.43035E-4 1.03741E-5 1.75659E-5 2.00538E-3 7.15612E-3 5.24894E-2 5.36575E-2 8.29331E-3 2.68234E-4 1.05623E-4 4.95006E-4 7.77809E-3 3.2537E-3 2.96239E-4 1.34477E-4 3.97734E-4 1.26163E-3 7.94003E-4 8.41614E-4 7.91187E-5 1.45398E-5 3.39091E-5 2.91385E-6 1.95866E-6 7.59465E-6 1.69588E-5 1.93203E-6 -9999 -9999 -9999 -9999 -9999 -9999 -9999 -9999 -9999 -9999 -9999 -9999 -9999 -9999 -9999 -9999 -9999 -9999 -9999 -9999
4.32736E-5 1.23916E-6 2.76774E-6 6.37023E-6 1.04374E-5 4.01963E-4 1.35211E-3 4.47335E-3 1.34394E-3 9.2302E-4 9.26652E-4 2.17143E-4 1.14186E-4 2.65097E-4 5.96638E-4 1.15375E-4 6.2809E-4 2.99583E-3 3.34838E-4 1.78214E-4 2.59251E-4 3.44949E-4 8.52369E-5 1.00788E-5 8.07558E-5 4.43525E-3 4.73969E-3 6.21353E-2 2.39377E-2 7.06078E-3 4.79033E-4 6.08188E-5 1.36664E-4 7.24487E-3 6.6105E-3 7.56867E-4 9.16068E-5 3.05109E-5 8.49005E-5 2.86001E-3 8.25927E-4 7.05884E-5 2.22867E-5 2.24998E-6 1.32909E-6 1.96135E-6 4.06222E-6 2.46738E-5 2.04958E-6 -9999 -9999 -9999 -9999 -9999 -9999 -9999 -9999 -9999 -9999 -9999 -9999 -9999 -9999 -9999 -9999 -9999 -9999 -9999 -9999
8.1005E-4 2.03834E-6 9.23205E-6 3.98779E-6 4.30404E-5 4.49429E-4 1.12173E-3 3.44085E-3 1.47225E-3 2.10341E-4 4.67429E-4 1.51862E-4 1.61122E-5 7.25452E-5 8.73375E-4 1.84929E-3 2.3162E-3 5.14999E-3 7.52509E-4 9.68429E-5 1.87408E-4 4.00183E-4 4.11872E-5 2.2617E-5 8.44316E-5 2.41813E-3 4.15358E-2 4.69065E-2 2.46374E-2 1.12313E-2 4.5072E-4 6.16059E-5 4.38441E-4 5.72264E-3 7.11673E-3 7.90173E-4 2.53439E-5 2.68465E-6 2.55614E-4 6.93374E-4 6.23125E-4 1.17254E-4 1.08882E-4 2.90576E-6 5.63501E-7 1.0836E-6 3.16522E-6 1.96271E-5 1.41291E-5 -9999 -9999 -9999 -9999 -9999 -9999 -9999 -9999 -9999 -9999 -9999 -9999 -9999 -9999 -9999 -9999 -9999 -9999 -9999 -9999
3.47111E-4 2.88463E-7 8.86829E-6 1.94457E-6 6.9012E-6 2.82144E-4 1.05155E-3 8.13469E-4 8.26214E-4 3.51907E-4 8.14768E-5 1.61805E-4 9.13464E-6 7.87745E-6 1.38326E-4 2.03782E-3 9.68497E-3 2.7159E-3 1.05167E-3 7.99562E-5 5.32099E-4 1.67196E-3 2.72574E-4 1.52161E-5 2.07149E-5 4.89442E-4 3.9881E-3 2.42027E-2 9.32347E-3 1.95636E-3 1.37692E-4 8.38961E-4 1.79883E-3 4.70504E-3 4.05431E-3 3.89128E-4 2.49713E-6 2.83831E-6 6.63423E-5 6.46615E-4 2.02733E-4 1.27152E-5 8.38058E-5 6.42217E-6 4.35039E-6 4.26171E-7 5.34265E-7 2.06655E-6 -9999 -9999 -9999 -9999 -9999 -9999 -9999 -9999 -9999 -9999 -9999 -9999 -9999 -9999 -9999 -9999 -9999 -9999 -9999 -9999 -9999
1.43523E-3 4.98892E-7 5.41608E-6 1.29241E-6 4.11039E-6 1.70616E-4 1.87465E-4 3.42811E-4 7.00299E-4 6.98743E-5 1.45043E-5 6.19896E-5 2.91533E-5 2.97761E-6 2.02783E-5 2.08818E-3 5.65763E-3 1.32085E-3 1.49694E-3 4.67312E-4 5.82714E-4 8.30532E-4 7.91751E-4 8.62524E-5 8.55726E-6 1.27074E-5 3.79335E-4 4.2769E-3 2.72601E-3 2.27188E-3 1.36881E-4 4.64322E-5 1.38457E-4 2.07444E-3 3.21305E-3 1.6118E-5 7.41722E-7 1.98919E-6 5.81372E-5 1.19402E-4 1.35816E-5 2.31196E-5 4.53898E-5 5.38147E-6 1.61726E-6 5.58295E-7 5.10313E-7 7.01693E-7 -9999 -9999 -9999 -9999 -9999 -9999 -9999 -9999 -9999 -9999 -9999 -9999 -9999 -9999 -9999 -9999 -9999 -9999 -9999 -9999 -9999
8.03245E-4 3.77525E-6 6.88521E-7 1.01076E-6 1.37371E-6 2.70132E-4 4.85561E-5 9.96235E-5 5.85698E-5 4.01192E-5 1.22292E-6 5.24959E-6 8.85533E-6 3.92175E-6 1.09348E-5 3.22048E-5 5.16775E-4 4.24187E-4 7.45294E-4 8.16724E-5 7.96402E-5 2.16182E-4 4.03305E-4 4.05948E-4 3.38693E-4 1.02612E-5 2.14167E-5 1.02648E-4 7.21492E-5 2.5032E-5 5.52308E-5 7.60241E-6 9.5299E-5 9.3743E-4 7.90446E-4 5.27569E-5 1.44944E-6 5.80103E-6 1.55264E-4 6.46094E-5 5.81024E-6 1.69961E-6 8.78155E-6 6.17152E-6 1.58906E-6 1.03223E-6 4.01834E-7 7.10076E-7 -9999 -9999 -9999 -9999 -9999 -9999 -9999 -9999 -9999 -9999 -9999 -9999 -9999 -9999 -9999 -9999 -9999 -9999 -9999 -9999 -9999
4.74547E-3 1.26808E-5 9.5247E-8 5.14166E-6 9.91575E-6 4.65507E-5 7.92251E-6 7.97214E-6 1.34313E-5 5.58441E-6 5.50796E-7 1.51433E-6 5.71764E-6 4.65796E-6 2.89336E-5 3.97882E-6 2.23011E-4 1.26587E-4 6.81173E-6 7.18818E-6 3.42476E-6 1.24287E-4 6.69323E-5 1.11317E-4 5.14576E-5 3.13569E-5 4.31465E-6 8.71076E-6 1.95968E-5 3.95998E-6 1.18308E-5 2.1969E-6 2.04191E-5 3.81694E-4 9.8291E-5 8.01007E-5 7.54109E-6 2.00104E-5 2.55733E-5 1.18347E-4 1.65383E-5 1.43537E-6 4.10286E-7 4.24611E-6 1.50472E-6 4.11903E-7 2.34123E-7 -9999 -9999 -9999 -9999 -9999 -9999 -9999 -9999 -9999 -9999 -9999 -9999 -9999 -9999 -9999 -9999 -9999 -9999 -9999 -9999 -9999 -9999
5.11955E-4 1.69675E-6 2.412E-6 4.46272E-6 8.07201E-6 7.65493E-6 3.10119E-6 4.40852E-7 1.49539E-6 1.56993E-6 3.88142E-7 9.80774E-7 2.22323E-6 8.3781E-6 4.77494E-5 1.35492E-4 1.36078E-4 1.63129E-5 4.59946E-6 6.31052E-6 1.18933E-6 1.80702E-5 8.96337E-5 4.35525E-5 1.1523E-5 4.52199E-6 4.06653E-6 3.13032E-6 1.65012E-6 2.09602E-6 7.26332E-6 1.01289E-5 4.69486E-5 3.39234E-4 1.55749E-4 7.85347E-5 6.84696E-5 1.29124E-5 1.14081E-5 7.65587E-6 1.32076E-5 7.1737E-7 1.76878E-7 4.82999E-7 8.49614E-7 2.19694E-7 4.82134E-7 -9999 -9999 -9999 -9999 -9999 -9999 -9999 -9999 -9999 -9999 -9999 -9999 -9999 -9999 -9999 -9999 -9999 -9999 -9999 -9999 -9999 -9999
5.10899E-5 4.51948E-6 1.91338E-6 3.49091E-6 7.69164E-6 7.69706E-6 8.86012E-7 1.23958E-7 1.03468E-6 6.47179E-7 3.14809E-7 6.47638E-7 9.24474E-7 7.03491E-6 6.10989E-6 2.72081E-5 4.09728E-5 7.18882E-6 4.03504E-7 4.89198E-6 8.48987E-6 6.20435E-5 1.09753E-4 1.33928E-5 2.84477E-5 2.94444E-6 8.77861E-7 8.1921E-7 3.05428E-7 4.94853E-7 3.20603E-6 4.83916E-6 3.21084E-5 4.13178E-5 2.46832E-5 3.43228E-5 7.92742E-5 1.97751E-5 7.59164E-6 3.04176E-6 4.17662E-7 2.69828E-7 1.68128E-7 1.84696E-7 6.57227E-7 2.32362E-7 -9999 -9999 -9999 -9999 -9999 -9999 -9999 -9999 -9999 -9999 -9999 -9999 -9999 -9999 -9999 -9999 -9999 -9999 -9999 -9999 -9999 -9999 -9999
1.00836E-5 1.87804E-6 4.03937E-6 3.37612E-6 3.43979E-6 3.66096E-6 5.25584E-7 4.22098E-7 2.08362E-7 1.19162E-7 9.31377E-8 8.48886E-7 1.56058E-6 5.73711E-6 5.16037E-5 4.47219E-5 9.86547E-6 1.62899E-6 5.17164E-7 4.21639E-7 9.77412E-6 1.79859E-5 6.97891E-5 1.49536E-5 4.16591E-6 5.33899E-7 2.08342E-7 3.32049E-7 2.9589E-7 3.20307E-7 4.72967E-7 7.45014E-6 1.96041E-5 1.82207E-5 1.12232E-5 3.75793E-6 2.18618E-6 1.43784E-6 2.48116E-6 6.02414E-7 3.96924E-8 3.3384E-8 7.88204E-8 1.26467E-7 3.18517E-7 -9999 -9999 -9999 -9999 -9999 -9999 -9999 -9999 -9999 -9999 -9999 -9999 -9999 -9999 -9999 -9999 -9999 -9999 -9999 -9999 -9999 -9999 -9999 -9999
1.19628E-6 9.73235E-6 1.47816E-5 6.68151E-6 7.18712E-6 1.09333E-5 3.19382E-6 3.87188E-7 2.45649E-7 1.29159E-7 2.86017E-7 5.97337E-7 1.21263E-6 1.554E-6 9.18607E-7 2.69934E-6 5.23179E-6 9.57373E-7 3.1039E-7 2.60934E-7 2.49661E-7 2.55567E-6 1.06578E-5 8.13703E-6 1.71741E-6 1.45478E-7 7.93297E-8 2.39739E-7 2.85487E-7 4.68249E-7 1.80036E-7 9.354E-7 2.15617E-6 6.81359E-6 3.20949E-6 1.53874E-6 1.15107E-6 6.43322E-7 4.79956E-7 1.37773E-6 2.0942E-7 6.5704E-8 5.02207E-8 1.83238E-7 -9999 -9999 -9999 -9999 -9999 -9999 -9999 -9999 -9999 -9999 -9999 -9999 -9999 -9999 -9999 -9999 -9999 -9999 -9999 -9999 -9999 -9999 -9999 -9999 -9999
5.38829E-5 8.7067E-7 2.22244E-5 1.18453E-5 1.31718E-5 2.42771E-5 3.49064E-6 1.66103E-6 2.72171E-7 1.94924E-7 4.83903E-7 5.91517E-7 9.30298E-7 6.24345E-7 6.73617E-7 4.83223E-6 2.79897E-6 1.08905E-6 3.4075E-7 5.41616E-7 2.93729E-7 1.83695E-6 2.88881E-6 2.06483E-6 1.01419E-6 2.81355E-7 8.22467E-8 1.22447E-7 2.15186E-7 4.658E-7 1.09919E-6 6.33742E-7 2.31848E-7 9.61721E-8 4.39784E-8 4.46072E-8 -9999 -9999 4.9239E-7 1.09532E-7 1.6242E-7 2.19086E-7 4.16905E-8 5.38393E-8 -9999 -9999 -9999 -9999 -9999 -9999 -9999 -9999 -9999 -9999 -9999 -9999 -9999 -9999 -9999 -9999 -9999 -9999 -9999 -9999 -9999 -9999 -9999 -9999 -9999
2.55926E-4 1.45534E-4 3.98151E-5 4.33918E-6 2.56835E-5 2.39529E-5 1.06185E-5 1.0043E-5 7.82724E-7 2.70532E-7 2.45173E-7 6.92773E-7 1.08754E-6 5.78262E-7 1.09267E-6 3.87454E-6 2.28549E-6 4.93371E-7 3.20309E-7 3.55487E-7 2.76731E-7 6.19921E-7 3.93436E-6 2.15452E-6 3.85103E-7 6.74752E-7 7.06448E-8 3.9903E-7 5.27508E-7 3.99399E-7 6.69581E-7 9.14617E-7 8.21657E-7 6.46963E-7 5.12276E-8 1.31134E-7 -9999 -9999 9.23926E-8 2.78702E-8 1.35155E-7 1.39742E-7 5.24745E-8 -9999 -9999 -9999 -9999 -9999 -9999 -9999 -9999 -9999 -9999 -9999 -9999 -9999 -9999 -9999 -9999 -9999 -9999 -9999 -9999 -9999 -9999 -9999 -9999 -9999 -9999
9.61287E-5 1.30238E-4 7.18385E-5 1.55294E-5 3.92176E-5 6.12709E-5 1.76436E-5 3.85999E-6 1.18207E-6 2.73134E-7 2.2616E-7 2.1018E-7 3.51865E-7 4.66321E-7 4.4366E-7 8.71913E-7 1.04011E-6 5.09586E-7 1.78159E-7 6.78897E-8 4.84078E-7 5.47758E-7 5.7136E-7 8.24071E-7 6.97297E-7 7.62023E-7 5.46247E-7 7.0959E-7 2.91536E-6 7.0128E-6 3.10573E-6 1.27132E-6 3.29161E-6 1.75337E-6 1.53766E-7 -9999 -9999 -9999 1.26181E-7 1.50105E-8 1.94242E-8 8.14317E-8 -9999 -9999 -9999 -9999 -9999 -9999 -9999 -9999 -9999 -9999 -9999 -9999 -9999 -9999 -9999 -9999 -9999 -9999 -9999 -9999 -9999 -9999 -9999 -9999 -9999 -9999 -9999
1.89454E-5 7.08031E-5 1.74879E-5 1.65578E-5 1.88933E-5 1.86582E-5 1.40235E-5 6.5606E-6 1.25873E-6 3.79951E-7 5.35755E-7 1.42342E-7 1.49227E-7 3.87742E-7 3.01007E-7 4.36395E-7 4.82472E-7 3.67511E-7 1.49021E-7 7.21706E-8 3.05385E-7 5.76852E-7 1.5177E-7 3.33931E-7 8.38577E-7 1.30853E-6 7.78149E-7 7.50318E-7 2.7827E-6 1.19375E-5 4.37045E-6 9.65465E-7 2.29831E-6 1.55816E-6 1.45301E-6 -9999 -9999 2.94963E-8 7.20539E-8 2.81E-8 2.75698E-8 -9999 -9999 -9999 -9999 -9999 -9999 -9999 -9999 -9999 -9999 -9999 -9999 -9999 -9999 -9999 -9999 -9999 -9999 -9999 -9999 -9999 -9999 -9999 -9999 -9999 -9999 -9999 -9999
6.03824E-5 8.51689E-6 2.38705E-6 8.22172E-6 7.91093E-6 6.05433E-6 1.08433E-5 4.44534E-6 4.69105E-6 1.11841E-6 1.14277E-6 4.28197E-7 3.7007E-7 6.20029E-7 1.49493E-7 1.73147E-7 1.92734E-7 1.20472E-7 8.56479E-8 8.90254E-8 3.36975E-7 1.96475E-6 3.95407E-7 5.81857E-7 2.99181E-6 2.37357E-6 1.44405E-6 2.92822E-6 9.95329E-6 3.25525E-5 3.59044E-6 3.33707E-6 4.06787E-6 1.66669E-6 -9999 -9999 -9999 4.32711E-8 2.8226E-8 -9999 -9999 -9999 -9999 -9999 -9999 -9999 -9999 -9999 -9999 -9999 -9999 -9999 -9999 -9999 -9999 -9999 -9999 -9999 -9999 -9999 -9999 -9999 -9999 -9999 -9999 -9999 -9999 -9999 -9999
