ENM/Final_Models/M_1_F_q_Set_1_EC/Gustavia_santanderiensis_1_Choco.asc
ncols         367
nrows         963
xllcorner     -78.6
yllcorner     0.65
cellsize      0.00833333333333323
NODATA_value  -9999
[rows 750 to 779 of 963, columns 0 to 66 of 367]
-9999 -9999 -9999 -9999 -9999 -9999 -9999 -9999 -9999 -9999 -9999 -9999 -9999 -9999 -9999 -9999 -9999 3.78404E-2 4.36156E-2 4.38499E-2 1.62817E-1 9.34228E-2 5.52985E-2 5.9175E-2 -9999 -9999 -9999 -9999 4.40519E-2 5.10147E-2 2.20902E-2 2.80632E-2 -9999 -9999 -9999 -9999 -9999 -9999 -9999 -9999 -9999 -9999 -9999 -9999 -9999 -9999 -9999 -9999 -9999 -9999 -9999 -9999 3.51713E-2 4.59966E-2 6.0259E-2 5.47655E-2 5.367E-2 5.54545E-2 5.05691E-2 6.92598E-2 6.30587E-2 6.65202E-2 6.75041E-2 6.9231E-2 7.27345E-2 7.68787E-2 7.4121E-2
-9999 -9999 -9999 -9999 -9999 -9999 -9999 -9999 -9999 -9999 -9999 -9999 -9999 -9999 -9999 1.74326E-1 -9999 1.24196E-1 1.42783E-1 1.33152E-1 1.5839E-1 1.07408E-1 7.77145E-2 4.02775E-2 4.221E-2 4.56205E-2 5.81973E-2 4.86891E-2 6.08345E-2 7.02014E-2 1.99352E-2 2.51583E-2 2.60163E-2 -9999 -9999 -9999 -9999 -9999 -9999 -9999 -9999 -9999 -9999 -9999 -9999 -9999 -9999 -9999 -9999 -9999 4.66651E-2 4.96872E-2 5.05257E-2 5.39789E-2 5.95802E-2 5.71553E-2 4.67538E-2 5.61205E-2 -9999 5.36917E-2 7.39335E-2 7.13867E-2 6.59678E-2 8.14431E-2 7.57282E-2 8.62936E-2 7.03727E-2
-9999 -9999 -9999 -9999 -9999 -9999 -9999 -9999 -9999 -9999 -9999 -9999 -9999 -9999 1.84984E-1 2.04822E-1 1.96577E-1 1.3838E-1 1.4678E-1 1.16589E-1 1.26089E-1 1.27908E-1 5.99504E-2 3.07191E-2 2.99408E-2 4.30837E-2 5.98345E-2 6.56201E-2 6.19616E-2 6.02146E-2 1.6309E-2 2.50955E-2 2.88473E-2 -9999 -9999 -9999 -9999 -9999 5.50039E-2 -9999 -9999 -9999 -9999 -9999 -9999 -9999 -9999 -9999 -9999 4.44116E-2 5.29113E-2 5.15498E-2 6.43691E-2 5.63862E-2 5.66654E-2 5.66582E-2 5.80831E-2 5.35114E-2 6.02941E-2 6.24099E-2 6.62297E-2 6.43347E-2 7.22825E-2 7.5453E-2 8.53593E-2 8.52224E-2 7.53569E-2
-9999 -9999 -9999 -9999 -9999 -9999 -9999 -9999 -9999 -9999 -9999 -9999 -9999 2.26066E-1 2.45993E-1 2.04025E-1 1.80426E-1 1.88355E-1 1.24211E-1 1.31106E-1 1.82246E-1 9.17883E-2 3.57424E-2 4.1054E-2 3.3109E-2 2.96983E-2 5.06891E-2 7.92636E-2 8.03084E-2 6.08743E-2 4.89589E-2 -9999 -9999 -9999 -9999 4.87645E-2 4.99872E-2 6.01023E-2 5.25058E-2 5.33207E-2 4.94866E-2 3.51645E-2 5.10024E-2 -9999 -9999 -9999 -9999 -9999 5.45752E-2 5.76542E-2 5.96889E-2 5.88494E-2 5.34413E-2 6.13563E-2 5.04472E-2 4.60027E-2 5.66785E-2 -9999 4.83384E-2 5.57998E-2 6.38104E-2 7.33906E-2 7.39544E-2 7.71169E-2 8.18372E-2 7.98204E-2 6.66882E-2
-9999 -9999 -9999 -9999 -9999 -9999 -9999 -9999 -9999 -9999 -9999 -9999 -9999 2.51611E-1 2.28223E-1 2.9007E-1 1.89285E-1 1.97051E-1 1.96465E-1 1.50677E-1 2.22094E-1 8.84841E-2 5.46989E-2 3.42064E-2 5.04688E-2 3.01599E-2 2.97335E-2 2.70399E-2 2.2878E-2 6.03256E-2 4.38224E-2 2.94226E-2 -9999 -9999 4.5095E-2 5.27179E-2 4.89858E-2 4.56021E-2 3.75395E-2 4.27778E-2 3.88396E-2 4.54939E-2 4.05736E-2 4.4512E-2 5.43179E-2 5.71022E-2 4.60207E-2 4.71374E-2 4.9647E-2 5.26731E-2 5.95714E-2 5.68905E-2 5.713E-2 4.85014E-2 5.20203E-2 5.41703E-2 5.86191E-2 6.05397E-2 5.54585E-2 5.34224E-2 5.71892E-2 5.40886E-2 6.7757E-2 8.87248E-2 7.69373E-2 8.49651E-2 6.50329E-2
-9999 -9999 -9999 -9999 -9999 -9999 -9999 -9999 -9999 -9999 -9999 -9999 2.10628E-1 2.31184E-1 2.53984E-1 2.28168E-1 4.42418E-1 3.42253E-1 2.76353E-1 1.55913E-1 1.70102E-1 1.1704E-1 1.48083E-1 9.48584E-2 8.39231E-2 2.78369E-2 4.79771E-2 2.94176E-2 2.20154E-2 2.6695E-2 2.38272E-2 2.97669E-2 3.00785E-2 -9999 4.7232E-2 4.37838E-2 4.96613E-2 3.98741E-2 2.76989E-2 2.81056E-2 3.46884E-2 4.21918E-2 4.32714E-2 4.6097E-2 4.8891E-2 5.45275E-2 5.16916E-2 4.10475E-2 5.3453E-2 5.26122E-2 5.44029E-2 5.00208E-2 5.72053E-2 5.66828E-2 4.93646E-2 6.9179E-2 6.67025E-2 6.43061E-2 5.511E-2 5.45029E-2 6.15211E-2 5.44421E-2 7.23233E-2 8.36555E-2 8.3033E-2 8.06839E-2 5.70829E-2
-9999 -9999 -9999 -9999 -9999 -9999 -9999 -9999 -9999 -9999 -9999 1.26416E-1 1.64958E-1 1.11202E-1 1.48059E-1 2.76901E-1 1.89554E-1 1.58871E-1 1.63141E-1 2.02034E-1 1.93364E-1 1.83044E-1 1.12542E-1 9.1644E-2 8.06853E-2 5.59511E-2 1.89934E-2 3.62104E-2 1.17425E-1 6.22033E-2 3.01741E-2 3.357E-2 3.83308E-2 3.85617E-2 4.44027E-2 3.98405E-2 3.76997E-2 2.66037E-2 2.35606E-2 2.97217E-2 2.67456E-2 3.44855E-2 4.81491E-2 4.88672E-2 5.35958E-2 5.91001E-2 6.15075E-2 5.23959E-2 5.37177E-2 5.16014E-2 4.97792E-2 4.95734E-2 6.6499E-2 6.48517E-2 7.0517E-2 7.13488E-2 7.9392E-2 5.85248E-2 6.28645E-2 5.13964E-2 5.72833E-2 5.66794E-2 6.16962E-2 6.70585E-2 5.22814E-2 6.73851E-2 5.53143E-2
-9999 -9999 -9999 -9999 -9999 -9999 -9999 -9999 -9999 -9999 -9999 1.70781E-1 1.67933E-1 2.20755E-1 1.63871E-1 1.92142E-1 1.73978E-1 1.08276E-1 1.38696E-1 1.16581E-1 1.60985E-1 2.09631E-1 1.12983E-1 1.01059E-1 5.79298E-2 3.04729E-2 2.45473E-2 2.49508E-2 1.10844E-1 5.6486E-2 2.64813E-2 3.93813E-2 3.68232E-2 3.66166E-2 3.67015E-2 4.85747E-2 4.05246E-2 3.88357E-2 3.80292E-2 4.89846E-2 4.8938E-2 4.68308E-2 5.91695E-2 4.53687E-2 4.03523E-2 4.66938E-2 6.46379E-2 6.15444E-2 5.6142E-2 6.63973E-2 7.21853E-2 5.93971E-2 6.1435E-2 6.47322E-2 6.40984E-2 6.0902E-2 7.50307E-2 7.26627E-2 6.08999E-2 5.64068E-2 4.90125E-2 5.64394E-2 4.98046E-2 5.16839E-2 5.64013E-2 5.73351E-2 5.54017E-2
-9999 -9999 -9999 -9999 -9999 -9999 -9999 -9999 -9999 -9999 2.24057E-1 1.91506E-1 2.09283E-1 1.22476E-1 1.77233E-1 1.11693E-1 1.50101E-1 2.26579E-1 1.54742E-1 1.04736E-1 9.09896E-2 1.00522E-1 3.87626E-2 6.06795E-2 5.30303E-2 3.2851E-2 2.44077E-2 2.41806E-2 6.62543E-2 3.01348E-2 3.19491E-2 3.85165E-2 4.36032E-2 4.31028E-2 4.39202E-2 4.26894E-2 3.32868E-2 4.952E-2 5.33965E-2 5.00838E-2 5.80424E-2 5.68627E-2 5.1049E-2 5.21043E-2 4.92633E-2 4.96671E-2 5.78311E-2 6.36583E-2 4.78994E-2 5.76619E-2 5.93837E-2 6.85599E-2 5.62774E-2 6.53355E-2 6.89706E-2 7.08367E-2 7.13689E-2 7.22702E-2 5.67927E-2 5.63702E-2 5.16089E-2 6.81354E-2 6.24199E-2 6.20014E-2 6.11195E-2 5.87191E-2 4.65793E-2
-9999 -9999 -9999 -9999 -9999 -9999 -9999 -9999 -9999 -9999 2.23822E-1 2.83353E-1 2.50826E-1 1.63135E-1 1.08962E-1 9.30454E-2 1.80845E-1 9.3342E-2 1.76729E-1 5.06936E-2 6.34764E-2 1.08695E-1 6.37987E-2 6.94006E-2 5.00773E-2 2.6066E-2 2.32424E-2 2.57978E-2 2.34412E-2 2.83896E-2 3.5998E-2 3.70783E-2 2.85568E-2 2.71067E-2 3.80598E-2 4.24304E-2 4.65828E-2 4.66489E-2 4.70563E-2 4.87911E-2 5.80129E-2 4.75517E-2 4.77252E-2 4.67966E-2 6.43618E-2 6.32851E-2 4.91014E-2 6.65112E-2 6.17843E-2 5.62247E-2 6.306E-2 6.28021E-2 6.66975E-2 6.5233E-2 5.61796E-2 5.93097E-2 6.85666E-2 6.45634E-2 6.88727E-2 6.49139E-2 7.22822E-2 6.68647E-2 6.4032E-2 7.11783E-2 6.48597E-2 7.34969E-2 5.66916E-2
-9999 -9999 -9999 -9999 -9999 -9999 -9999 -9999 -9999 1.35482E-1 2.13146E-1 2.485E-1 2.12474E-1 1.50265E-1 9.01563E-2 4.24032E-2 1.37679E-1 7.55475E-2 5.85878E-2 5.84297E-2 9.23635E-2 8.26134E-2 7.50118E-2 8.19718E-2 4.86764E-2 3.13936E-2 2.56262E-2 2.75058E-2 8.46591E-2 2.81116E-2 4.2862E-2 4.34388E-2 4.15736E-2 4.49697E-2 4.3443E-2 3.91875E-2 4.48585E-2 4.85753E-2 6.47188E-2 5.05184E-2 5.44434E-2 5.33579E-2 5.28831E-2 5.70741E-2 5.03776E-2 6.12317E-2 5.62394E-2 5.39025E-2 5.24751E-2 5.86049E-2 5.71361E-2 6.60212E-2 6.28412E-2 6.19545E-2 5.83257E-2 7.09111E-2 6.41745E-2 6.29359E-2 6.80699E-2 7.84223E-2 7.27467E-2 7.00096E-2 7.27827E-2 7.22931E-2 7.08456E-2 7.51675E-2 7.10538E-2
-9999 -9999 -9999 -9999 -9999 -9999 -9999 -9999 8.03918E-2 1.21791E-1 1.31249E-1 2.1876E-1 1.80289E-1 7.93319E-2 7.98058E-2 3.05784E-2 7.63268E-2 8.84065E-2 3.06027E-2 6.0622E-2 5.39191E-2 4.53978E-2 4.89843E-2 5.1468E-2 6.21939E-2 7.10561E-2 2.71196E-2 2.59422E-2 8.58383E-2 3.23876E-2 4.17468E-2 3.67016E-2 4.26578E-2 4.13333E-2 4.55646E-2 4.38177E-2 4.3314E-2 5.62343E-2 6.52696E-2 6.33158E-2 5.16651E-2 5.13452E-2 5.19526E-2 4.82255E-2 5.58925E-2 4.75248E-2 4.99868E-2 4.89035E-2 5.22524E-2 6.26967E-2 5.4366E-2 5.42369E-2 5.87382E-2 6.20441E-2 7.87609E-2 7.40032E-2 6.00024E-2 5.80778E-2 8.16562E-2 7.98739E-2 7.02925E-2 6.56005E-2 6.84398E-2 6.76783E-2 7.31949E-2 6.98969E-2 7.00667E-2
-9999 -9999 -9999 -9999 -9999 -9999 -9999 -9999 5.77835E-2 6.41602E-2 1.48873E-1 2.33271E-1 9.71325E-2 1.13501E-1 8.25471E-2 7.1518E-2 4.98284E-2 3.6419E-2 2.95195E-2 4.43487E-2 4.85071E-2 6.48643E-2 1.04305E-1 8.21157E-2 5.7388E-2 4.95317E-2 2.509E-2 2.48123E-2 2.39662E-2 3.46349E-2 3.9351E-2 3.33821E-2 4.44686E-2 4.22563E-2 4.33568E-2 4.58901E-2 5.17261E-2 5.95348E-2 4.68094E-2 4.37868E-2 4.36591E-2 5.1587E-2 4.71537E-2 5.37526E-2 5.93349E-2 6.22897E-2 6.18188E-2 5.00652E-2 5.30551E-2 4.94555E-2 6.14129E-2 6.14028E-2 6.35478E-2 6.40831E-2 6.32363E-2 7.08493E-2 7.24835E-2 6.7398E-2 7.22131E-2 9.11978E-2 7.36448E-2 7.50385E-2 4.6646E-2 4.92448E-2 6.34654E-2 6.0051E-2 6.56872E-2
-9999 -9999 -9999 -9999 -9999 -9999 -9999 -9999 1.34219E-1 1.81578E-1 2.234E-1 2.17714E-1 4.03159E-2 1.68708E-1 1.11416E-1 1.23857E-1 9.05192E-2 5.17758E-2 5.69907E-2 2.17244E-2 2.06934E-2 4.3774E-2 4.6805E-2 4.84005E-2 7.97749E-2 6.00847E-2 6.1345E-2 3.24507E-2 2.56558E-2 2.6545E-2 3.97716E-2 4.06047E-2 3.85473E-2 4.58063E-2 4.35953E-2 4.43787E-2 4.98031E-2 5.28798E-2 4.37493E-2 4.16815E-2 4.60147E-2 4.16423E-2 4.32011E-2 4.73381E-2 5.02826E-2 4.70592E-2 4.96084E-2 5.11588E-2 4.76037E-2 5.41433E-2 5.43723E-2 7.00374E-2 6.46895E-2 6.58262E-2 6.55698E-2 6.57872E-2 7.48931E-2 6.28011E-2 6.31423E-2 5.953E-2 6.34641E-2 6.71225E-2 6.33413E-2 6.37745E-2 5.89904E-2 6.24001E-2 5.79181E-2
-9999 -9999 -9999 -9999 -9999 -9999 -9999 1.18629E-1 1.16338E-1 1.47086E-1 1.64015E-1 1.25992E-1 8.61876E-2 6.65819E-2 6.05741E-2 1.02652E-1 1.07224E-1 1.01733E-1 7.51201E-2 2.24416E-2 2.33337E-2 5.3778E-2 9.12597E-2 3.62787E-2 5.16346E-2 5.97274E-2 2.1484E-2 2.34779E-2 2.38573E-2 3.53604E-2 5.08218E-2 5.03419E-2 4.73807E-2 4.3282E-2 4.50289E-2 3.73989E-2 3.7777E-2 5.21327E-2 4.47213E-2 4.51157E-2 4.50003E-2 4.11987E-2 4.19668E-2 4.55498E-2 5.41532E-2 6.05547E-2 6.11722E-2 5.39429E-2 5.77607E-2 5.5982E-2 6.03553E-2 6.72226E-2 6.64461E-2 6.87742E-2 6.79897E-2 6.61803E-2 6.93765E-2 6.38297E-2 5.99227E-2 6.29793E-2 6.53438E-2 6.28506E-2 5.74868E-2 6.88508E-2 6.2198E-2 6.41007E-2 7.28516E-2
-9999 -9999 -9999 -9999 -9999 -9999 -9999 7.25432E-2 6.96468E-2 1.06005E-1 1.19255E-1 1.17E-1 1.04198E-1 1.55459E-1 1.57183E-1 1.51808E-1 1.1996E-1 1.0022E-1 9.81702E-2 7.94363E-2 5.13441E-2 2.55807E-2 3.33027E-2 3.60642E-2 3.83478E-2 3.17846E-2 2.3414E-2 2.62556E-2 3.60763E-2 3.34194E-2 4.67534E-2 4.29444E-2 4.01583E-2 3.65864E-2 3.77105E-2 4.03485E-2 4.86963E-2 3.58547E-2 5.35472E-2 4.92223E-2 3.57975E-2 4.43619E-2 5.16537E-2 4.54567E-2 5.6474E-2 5.9571E-2 5.94793E-2 5.70647E-2 5.14647E-2 5.04507E-2 5.15947E-2 7.05896E-2 6.35059E-2 6.76149E-2 6.97597E-2 6.11037E-2 6.74596E-2 6.91255E-2 7.0664E-2 6.67553E-2 6.42309E-2 5.82332E-2 6.17743E-2 7.36841E-2 7.40355E-2 7.32257E-2 7.37006E-2
-9999 -9999 -9999 -9999 -9999 -9999 1.52907E-1 1.44325E-1 1.34126E-1 1.25652E-1 1.6201E-1 1.13752E-1 1.60628E-1 1.75978E-1 1.65428E-1 1.24269E-1 9.93243E-2 6.56403E-2 8.65107E-2 1.04476E-1 1.00565E-1 5.87984E-2 1.93597E-2 1.95953E-2 3.89629E-2 5.35675E-2 3.38861E-2 3.22253E-2 3.88257E-2 3.8395E-2 4.62147E-2 4.04585E-2 3.54104E-2 3.4607E-2 3.72155E-2 4.26232E-2 4.83666E-2 4.25705E-2 4.90628E-2 5.96263E-2 3.57982E-2 4.9424E-2 4.9777E-2 4.46793E-2 6.20182E-2 5.70263E-2 5.73004E-2 5.56484E-2 5.15765E-2 5.1586E-2 5.2446E-2 6.56789E-2 6.24467E-2 6.75607E-2 6.57894E-2 6.70802E-2 7.07286E-2 7.30597E-2 7.30575E-2 7.23322E-2 7.25177E-2 6.4239E-2 6.3222E-2 7.60908E-2 5.97284E-2 5.81942E-2 6.93859E-2
-9999 -9999 -9999 -9999 -9999 -9999 1.28545E-1 1.20439E-1 1.1699E-1 1.34374E-1 1.34222E-1 1.64394E-1 1.26148E-1 9.59027E-2 9.61874E-2 1.12505E-1 1.19026E-1 8.11307E-2 8.94561E-2 8.94643E-2 1.28654E-1 1.00438E-1 4.68541E-2 2.25554E-2 3.52646E-2 3.06057E-2 3.22888E-2 3.06178E-2 3.74673E-2 3.99724E-2 4.74866E-2 4.30566E-2 5.05991E-2 5.1092E-2 4.39605E-2 3.87001E-2 4.22912E-2 3.92557E-2 4.11048E-2 4.862E-2 4.01151E-2 4.54675E-2 4.91135E-2 4.28326E-2 5.15338E-2 5.82762E-2 5.86718E-2 4.83955E-2 5.14744E-2 4.33846E-2 5.29771E-2 6.23246E-2 6.13471E-2 6.31359E-2 7.55834E-2 7.80906E-2 7.21495E-2 7.68814E-2 7.63051E-2 6.64708E-2 7.45505E-2 7.35437E-2 7.09127E-2 8.3526E-2 6.62495E-2 6.7025E-2 6.83925E-2
-9999 -9999 -9999 -9999 -9999 1.51764E-1 1.03919E-1 1.0935E-1 1.28342E-1 1.32727E-1 1.21857E-1 1.14528E-1 1.0656E-1 7.80447E-2 8.78416E-2 9.52775E-2 1.26582E-1 9.09832E-2 8.69895E-2 6.10831E-2 4.98942E-2 5.01532E-2 2.34159E-2 3.29798E-2 2.74896E-2 3.42217E-2 2.59462E-2 2.96758E-2 3.49617E-2 3.94087E-2 4.58352E-2 3.82548E-2 4.60652E-2 4.54334E-2 4.41198E-2 4.39E-2 3.48223E-2 4.72118E-2 3.93547E-2 4.24272E-2 5.06991E-2 4.43983E-2 4.63482E-2 4.69315E-2 3.56674E-2 4.10096E-2 4.26702E-2 5.13324E-2 4.26469E-2 3.95982E-2 5.54957E-2 6.1882E-2 5.63146E-2 7.28541E-2 7.18952E-2 6.91174E-2 7.05511E-2 7.15183E-2 6.95721E-2 6.98834E-2 8.04424E-2 7.62459E-2 6.64757E-2 6.21338E-2 7.84308E-2 8.02798E-2 6.35402E-2
-9999 -9999 -9999 -9999 -9999 1.74486E-1 1.52705E-1 1.26668E-1 1.3434E-1 8.97834E-2 8.08475E-2 3.41443E-2 6.40581E-2 5.06404E-2 4.79431E-2 5.89988E-2 2.14446E-2 4.94979E-2 6.39656E-2 3.09746E-2 2.58117E-2 2.61684E-2 2.37122E-2 2.95636E-2 3.31589E-2 2.61378E-2 2.61176E-2 3.14956E-2 4.60491E-2 4.50543E-2 4.13757E-2 3.96603E-2 3.40377E-2 3.40224E-2 3.98753E-2 4.27753E-2 4.28194E-2 3.2954E-2 4.32991E-2 4.6103E-2 5.39633E-2 4.64102E-2 4.1494E-2 4.48146E-2 4.29225E-2 4.0508E-2 4.21542E-2 4.92832E-2 3.9843E-2 3.88422E-2 5.16948E-2 5.5469E-2 6.03367E-2 6.77094E-2 7.39792E-2 7.14028E-2 7.67208E-2 7.37401E-2 6.70378E-2 8.1718E-2 7.32301E-2 8.44635E-2 7.62732E-2 7.84834E-2 6.45093E-2 6.99438E-2 5.91498E-2
-9999 -9999 -9999 -9999 -9999 1.58201E-1 1.09456E-1 1.01139E-1 9.49955E-2 1.2444E-1 3.00379E-2 3.82827E-2 2.8202E-2 1.94647E-2 1.57127E-2 2.62982E-2 2.69733E-2 2.56463E-2 1.86092E-2 3.86029E-2 2.98144E-2 7.8893E-2 3.91215E-2 2.66807E-2 2.85201E-2 3.21786E-2 3.71248E-2 4.11576E-2 4.90929E-2 4.92579E-2 4.73878E-2 4.37863E-2 4.06541E-2 4.1748E-2 3.10055E-2 3.30159E-2 3.02895E-2 3.73979E-2 3.56153E-2 3.98172E-2 5.62615E-2 5.51499E-2 4.45927E-2 4.23594E-2 4.85227E-2 4.91435E-2 4.77512E-2 6.23059E-2 6.17501E-2 5.46519E-2 5.72013E-2 6.89924E-2 7.33276E-2 6.53805E-2 6.8483E-2 7.16396E-2 7.09364E-2 6.56045E-2 7.44678E-2 6.7224E-2 7.60369E-2 7.72534E-2 6.76613E-2 6.91877E-2 6.5276E-2 6.37235E-2 5.85248E-2
-9999 -9999 -9999 -9999 -9999 1.57436E-1 1.13107E-1 1.23691E-1 1.2055E-1 8.26748E-2 7.76804E-2 2.28187E-2 2.32516E-2 2.23851E-2 3.84005E-2 2.41296E-2 2.71616E-2 2.49896E-2 2.30844E-2 1.84185E-2 1.72509E-2 4.11109E-2 2.07234E-2 2.21479E-2 2.56579E-2 2.94431E-2 4.03585E-2 4.7931E-2 5.90668E-2 5.2066E-2 4.79389E-2 3.96024E-2 4.50208E-2 4.58324E-2 4.4813E-2 3.6463E-2 2.94883E-2 3.4952E-2 3.84586E-2 4.02047E-2 4.88224E-2 5.4082E-2 4.2103E-2 4.07999E-2 5.13319E-2 6.18576E-2 6.04012E-2 5.60174E-2 6.07263E-2 5.92165E-2 6.31042E-2 6.60683E-2 6.36359E-2 6.28903E-2 5.40232E-2 7.06482E-2 7.68328E-2 7.73937E-2 8.16666E-2 7.60847E-2 8.6698E-2 8.2619E-2 7.30303E-2 6.42052E-2 6.41253E-2 6.54364E-2 7.01516E-2
-9999 -9999 -9999 -9999 1.73789E-1 1.25572E-1 1.6112E-1 1.04134E-1 8.17546E-2 8.44964E-2 9.1966E-2 2.30558E-2 1.74496E-2 1.38995E-2 3.35306E-2 2.1243E-2 6.17707E-2 7.38218E-2 2.40068E-2 1.8679E-2 1.88467E-2 1.95757E-2 1.66837E-2 1.28466E-2 1.90947E-2 1.99412E-2 3.32129E-2 4.6534E-2 5.05687E-2 5.7989E-2 4.85692E-2 5.15236E-2 4.9233E-2 4.5064E-2 3.81689E-2 3.63692E-2 3.51905E-2 3.27758E-2 3.49876E-2 3.84341E-2 4.09963E-2 4.63522E-2 4.26157E-2 3.94911E-2 5.65157E-2 6.05735E-2 6.13306E-2 6.80949E-2 5.88573E-2 5.18299E-2 5.45192E-2 6.36156E-2 5.88927E-2 6.00607E-2 5.08414E-2 6.23759E-2 7.26125E-2 7.17274E-2 7.3966E-2 7.78843E-2 8.46431E-2 6.89338E-2 5.37027E-2 6.10545E-2 5.9146E-2 6.77024E-2 6.38438E-2
-9999 -9999 -9999 -9999 2.38864E-1 1.64122E-1 8.31238E-2 5.82738E-2 4.48302E-2 5.14632E-2 8.54792E-2 3.40021E-2 2.49646E-2 2.65295E-2 2.79548E-2 2.70733E-2 1.93609E-2 6.38558E-2 2.45833E-2 4.8154E-2 1.80542E-2 1.49768E-2 1.41845E-2 1.80222E-2 1.95182E-2 2.31515E-2 3.14811E-2 4.30025E-2 4.451E-2 4.74325E-2 5.18407E-2 5.29882E-2 4.95551E-2 4.65E-2 3.75846E-2 3.49519E-2 4.1079E-2 3.34873E-2 3.91636E-2 3.71339E-2 4.14771E-2 4.88788E-2 4.65184E-2 4.76585E-2 5.18737E-2 5.92634E-2 5.902E-2 5.58382E-2 5.83178E-2 5.97512E-2 5.75713E-2 6.07143E-2 5.85536E-2 5.60101E-2 6.58248E-2 6.64437E-2 7.75982E-2 7.43295E-2 7.33411E-2 8.20458E-2 8.52994E-2 7.39028E-2 7.41159E-2 6.64795E-2 6.62196E-2 6.66064E-2 6.73731E-2
-9999 -9999 -9999 -9999 1.83721E-1 1.15152E-1 1.572E-1 9.07388E-2 3.31978E-2 5.49057E-2 3.26547E-2 2.86311E-2 3.28373E-2 3.2471E-2 3.02425E-2 5.68353E-2 2.55606E-2 2.70502E-2 2.93195E-2 2.00779E-2 2.01462E-2 1.7277E-2 1.47319E-2 1.45083E-2 1.92041E-2 2.41683E-2 4.02861E-2 4.64535E-2 5.15204E-2 4.60263E-2 4.30846E-2 4.37004E-2 4.8744E-2 4.3496E-2 3.48116E-2 3.86504E-2 4.44603E-2 4.14211E-2 4.09175E-2 3.29722E-2 4.52583E-2 5.64072E-2 4.5596E-2 4.54555E-2 5.10464E-2 5.75828E-2 5.92866E-2 5.16595E-2 5.65723E-2 5.59542E-2 5.76677E-2 6.27219E-2 5.36478E-2 5.60177E-2 6.37231E-2 5.99495E-2 6.54525E-2 7.98285E-2 7.46443E-2 8.00157E-2 8.33657E-2 6.64933E-2 7.14329E-2 6.67479E-2 6.77691E-2 7.22497E-2 5.75459E-2
-9999 -9999 -9999 9.97021E-2 1.14224E-1 9.28988E-2 9.67616E-2 4.95124E-2 4.55316E-2 4.90478E-2 1.14593E-1 6.11145E-2 3.33663E-2 8.41562E-2 8.51181E-2 3.75491E-2 8.63419E-2 8.81271E-2 6.13075E-2 2.66937E-2 1.93648E-2 2.22077E-2 2.36589E-2 3.09467E-2 2.97569E-2 3.49231E-2 3.4765E-2 4.33898E-2 3.56927E-2 4.42942E-2 4.92528E-2 5.14209E-2 4.13938E-2 3.28748E-2 3.19097E-2 3.51187E-2 4.20131E-2 4.33278E-2 4.17523E-2 4.00426E-2 4.28376E-2 3.60155E-2 3.92511E-2 4.90693E-2 5.79035E-2 6.51254E-2 5.77224E-2 6.55537E-2 5.4275E-2 6.56792E-2 6.24165E-2 5.86716E-2 5.29272E-2 6.65188E-2 5.87528E-2 5.93792E-2 7.50314E-2 7.39999E-2 7.97519E-2 8.11342E-2 6.9047E-2 6.7408E-2 6.42259E-2 8.29044E-2 8.47814E-2 6.53205E-2 6.45361E-2
-9999 -9999 -9999 8.22736E-2 7.25223E-2 1.27998E-1 1.3158E-1 5.32759E-2 5.07694E-2 5.3575E-2 6.88484E-2 5.45042E-2 7.90633E-2 9.06251E-2 1.17489E-1 6.4518E-2 7.71636E-2 5.65099E-2 3.13311E-2 2.7766E-2 2.33172E-2 4.57078E-2 5.14914E-2 3.61521E-2 3.46086E-2 4.14776E-2 4.839E-2 5.1125E-2 4.69848E-2 4.03845E-2 4.33282E-2 4.55179E-2 3.61631E-2 2.944E-2 3.23309E-2 2.87992E-2 3.24157E-2 3.27496E-2 4.18121E-2 5.26618E-2 5.46327E-2 4.66436E-2 4.71455E-2 6.03267E-2 6.71624E-2 5.98183E-2 6.28455E-2 6.72045E-2 6.84406E-2 5.94869E-2 5.6327E-2 5.77353E-2 7.05607E-2 6.51179E-2 7.08844E-2 6.31994E-2 7.07413E-2 7.0652E-2 7.22382E-2 6.8224E-2 7.33313E-2 7.0909E-2 6.08636E-2 5.99774E-2 7.10561E-2 6.95103E-2 7.36826E-2
-9999 -9999 8.64534E-2 9.83625E-2 8.14911E-2 6.75259E-2 6.81289E-2 6.18253E-2 5.95225E-2 4.63564E-2 5.06314E-2 1.01827E-1 8.8245E-2 7.82016E-2 3.53358E-2 3.49436E-2 5.92619E-2 6.96714E-2 7.74099E-2 4.59215E-2 4.88323E-2 4.96728E-2 5.29274E-2 3.64188E-2 3.63189E-2 4.7375E-2 5.41749E-2 5.80273E-2 5.22022E-2 4.68959E-2 3.80345E-2 3.88338E-2 3.9404E-2 3.49507E-2 3.46263E-2 3.51065E-2 3.19793E-2 3.44958E-2 3.61005E-2 4.39495E-2 4.2901E-2 4.71932E-2 5.07854E-2 5.96602E-2 6.91116E-2 6.412E-2 5.79302E-2 6.01739E-2 6.03274E-2 6.74074E-2 7.01841E-2 7.05729E-2 8.07141E-2 7.9628E-2 7.51158E-2 6.56075E-2 5.5929E-2 7.9544E-2 7.34186E-2 7.10125E-2 7.39081E-2 6.10258E-2 6.55898E-2 6.2149E-2 6.55635E-2 6.44338E-2 6.98176E-2
-9999 -9999 1.28706E-1 1.23635E-1 1.15862E-1 1.04011E-1 5.89491E-2 4.19813E-2 4.73985E-2 4.74695E-2 1.06504E-1 1.28237E-1 6.49212E-2 4.34373E-2 1.98458E-2 3.54837E-2 7.70016E-2 8.233E-2 7.67897E-2 6.38391E-2 4.48582E-2 4.49424E-2 5.96838E-2 6.48703E-2 3.2689E-2 3.26586E-2 3.88683E-2 4.4372E-2 5.12086E-2 4.38044E-2 4.35311E-2 3.97528E-2 4.40724E-2 4.02553E-2 4.6922E-2 4.70669E-2 4.35254E-2 4.3666E-2 3.56341E-2 3.73638E-2 4.21349E-2 4.7143E-2 5.06381E-2 5.61827E-2 6.44618E-2 5.72086E-2 5.99633E-2 6.32889E-2 6.06899E-2 6.78736E-2 7.07902E-2 6.13852E-2 7.38598E-2 7.64535E-2 6.78258E-2 6.76336E-2 5.64726E-2 6.08659E-2 5.8918E-2 5.94939E-2 6.19084E-2 6.34072E-2 4.65617E-2 7.42016E-2 7.56434E-2 6.01089E-2 6.01319E-2
-9999 1.32617E-1 1.4188E-1 1.11748E-1 7.1766E-2 1.00474E-1 5.80849E-2 2.52095E-2 5.19177E-2 6.04649E-2 1.24115E-1 1.22073E-1 7.49902E-2 3.81696E-2 7.60387E-2 5.66182E-2 7.78099E-2 9.14643E-2 1.04271E-1 8.09582E-2 4.6867E-2 5.64583E-2 2.66108E-2 4.95458E-2 2.68036E-2 3.40864E-2 3.46231E-2 4.80171E-2 4.7467E-2 5.01979E-2 4.20535E-2 3.77856E-2 4.32144E-2 4.00621E-2 4.50324E-2 4.36564E-2 3.96556E-2 3.90031E-2 3.82457E-2 4.52494E-2 4.74284E-2 4.64463E-2 5.08242E-2 5.12529E-2 5.76174E-2 5.88374E-2 5.32954E-2 5.85271E-2 6.61802E-2 6.32573E-2 6.69077E-2 6.18231E-2 6.9031E-2 7.04934E-2 6.83706E-2 6.33152E-2 5.6185E-2 6.36703E-2 6.20778E-2 6.5599E-2 6.61369E-2 5.44002E-2 6.22318E-2 7.01334E-2 6.48865E-2 5.75815E-2 6.14349E-2
