ENM/Final_Models/M_1_F_q_Set_1_EC/Gustavia_santanderiensis_4_Choco.asc
ncols         367
nrows         963
xllcorner     -78.6
yllcorner     0.65
cellsize      0.00833333333333323
NODATA_value  -9999
[rows 480 to 509 of 963, columns 201 to 267 of 367]
5.72131E-3 1.03672E-2 1.17734E-2 6.93963E-3 8.55318E-3 8.99935E-3 5.88206E-3 7.49915E-3 8.93741E-3 8.00949E-3 8.5896E-3 7.59998E-3 6.04519E-3 1.05161E-2 1.07445E-2 6.9889E-3 5.3746E-3 1.12328E-2 1.05369E-2 7.1071E-3 7.65149E-3 6.27327E-3 9.76847E-3 4.73555E-3 4.50435E-3 3.63188E-3 3.52734E-3 4.22801E-3 3.97199E-3 3.75283E-3 4.45079E-3 4.31437E-3 4.59759E-3 3.73591E-3 1.52882E-3 3.64399E-3 4.70921E-3 2.16597E-2 3.17593E-2 2.94638E-2 2.78568E-3 1.00648E-3 1.16523E-2 9.1341E-3 2.0356E-2 1.14425E-2 2.08824E-2 2.02434E-2 1.82652E-2 6.87843E-3 3.43378E-2 1.00541E-2 3.23421E-2 7.20751E-3 2.54791E-2 2.13788E-2 6.67072E-2 1.57629E-1 1.4672E-2 1.45681E-1 1.37081E-3 1.36984E-3 1.33905E-3 1.50577E-3 5.71232E-3 8.09466E-3 5.85874E-4
5.13822E-3 8.28438E-3 7.11564E-3 8.23965E-3 7.1806E-3 1.02325E-2 4.74734E-3 6.23397E-3 6.75604E-3 8.42919E-3 7.80435E-3 8.45345E-3 9.1476E-3 1.05161E-2 1.09059E-2 5.80709E-3 7.34564E-3 1.0312E-2 1.16526E-2 8.14522E-3 8.493E-3 7.04305E-3 4.90037E-3 4.91784E-3 4.93314E-3 8.95604E-3 5.71174E-3 5.13009E-3 7.20625E-3 3.6909E-3 4.61555E-3 2.62344E-3 5.41873E-3 3.77096E-3 2.36203E-3 2.82393E-3 1.99209E-3 4.62226E-2 1.40747E-2 1.90883E-2 8.46493E-3 3.0817E-2 2.17267E-2 3.21431E-2 1.52634E-2 5.51427E-2 3.84037E-3 4.97754E-3 8.74013E-4 2.57284E-3 4.32243E-2 6.10653E-2 4.94299E-3 2.14424E-2 6.12648E-2 5.67207E-2 2.50978E-2 6.56567E-2 3.82422E-2 3.96434E-3 2.91035E-3 8.39659E-4 9.10482E-4 1.97053E-3 8.14334E-3 4.69072E-3 2.84483E-4
4.17108E-3 7.8081E-3 6.18763E-3 7.9687E-3 8.94658E-3 9.11423E-3 5.67062E-3 6.87235E-3 7.81769E-3 9.04076E-3 9.5826E-3 7.63532E-3 9.11404E-3 9.69025E-3 7.76099E-3 6.56215E-3 6.86662E-3 6.17667E-3 6.71787E-3 9.13697E-3 9.80193E-3 6.89233E-3 5.55291E-3 5.49639E-3 5.72306E-3 6.62692E-3 4.13038E-3 6.438E-3 5.55937E-3 4.38866E-3 4.35117E-3 2.89819E-3 3.56913E-3 4.97619E-3 1.2119E-3 2.20166E-3 3.18628E-3 1.42418E-2 2.29731E-2 4.98011E-4 9.06841E-4 3.25609E-3 2.52585E-2 2.57653E-2 2.26937E-2 3.91039E-2 6.51895E-2 6.36561E-3 1.18696E-2 1.95599E-2 3.94462E-2 1.09308E-2 3.19737E-3 8.00282E-3 4.06343E-4 2.04438E-2 7.36288E-2 5.82292E-2 1.08463E-1 1.89494E-3 1.31894E-3 6.79988E-4 1.6983E-3 9.85602E-3 3.30942E-4 2.11093E-4 6.64737E-4
4.2609E-3 6.7073E-3 3.97414E-3 6.14208E-3 6.19708E-3 5.54059E-3 8.44337E-3 7.02688E-3 6.91236E-3 9.16354E-3 8.12561E-3 8.58917E-3 1.01083E-2 8.03955E-3 6.53064E-3 6.72748E-3 6.66499E-3 6.71694E-3 7.81857E-3 6.31198E-3 9.51617E-3 1.06077E-2 7.67321E-3 6.52901E-3 7.39008E-3 1.11222E-2 1.98422E-3 5.63047E-3 4.36221E-3 6.3885E-3 4.5813E-3 6.30595E-3 5.4268E-3 4.33498E-3 2.65066E-3 1.82866E-3 1.81139E-3 3.27983E-3 1.46225E-2 5.88016E-3 8.36036E-3 3.48359E-2 3.35112E-3 1.17131E-2 4.96517E-3 7.16793E-3 3.52621E-4 1.02335E-3 1.86331E-3 1.166E-3 8.65408E-4 2.15354E-3 1.80913E-3 5.82469E-4 1.11017E-3 5.60562E-4 2.2332E-3 1.54524E-3 7.98718E-4 2.55104E-3 9.45E-4 3.25992E-4 5.08845E-4 2.23841E-2 1.6146E-2 7.75559E-3 1.04027E-2
3.90824E-3 6.01332E-3 7.69263E-3 5.48983E-3 6.07234E-3 5.9383E-3 6.47454E-3 6.33914E-3 6.43548E-3 5.39081E-3 8.76947E-3 9.3554E-3 1.03992E-2 8.77719E-3 8.59278E-3 8.63756E-3 8.02865E-3 8.6999E-3 7.51016E-3 1.00146E-2 9.35373E-3 1.02611E-2 7.90513E-3 8.37411E-3 8.64562E-3 9.24991E-3 1.05983E-2 6.77723E-3 2.72385E-3 2.31961E-3 3.0555E-3 3.84212E-3 3.54295E-3 1.3792E-3 8.51974E-4 3.3351E-3 2.89195E-3 2.28477E-3 2.09206E-2 2.65337E-3 7.5892E-4 8.03486E-4 7.36342E-3 4.19935E-3 7.27597E-4 1.61595E-3 2.05638E-3 1.59467E-3 2.25303E-3 6.02817E-3 5.42141E-3 1.3951E-3 2.32133E-3 8.79342E-4 8.02617E-4 1.91975E-4 1.21301E-3 2.30553E-3 1.5476E-3 1.03161E-2 2.62332E-3 4.37293E-4 4.48355E-3 2.61739E-3 6.7921E-4 3.6666E-2 6.24848E-2
3.44198E-3 4.71562E-3 4.83948E-3 5.06776E-3 5.46683E-3 4.65584E-3 8.66146E-3 8.02737E-3 7.10604E-3 8.19076E-3 8.24922E-3 7.23176E-3 1.00987E-2 8.19958E-3 9.06396E-3 8.74547E-3 9.10142E-3 8.93724E-3 6.97003E-3 9.59647E-3 1.02558E-2 8.95962E-3 6.71885E-3 5.14585E-3 4.96326E-3 5.16952E-3 6.95442E-3 7.57783E-3 3.76555E-3 3.91396E-3 2.58492E-3 3.05724E-3 3.02885E-3 6.47811E-4 2.37295E-3 1.69408E-3 3.52529E-3 5.87065E-3 1.77993E-3 6.03374E-3 1.00795E-3 7.81733E-4 7.37387E-3 9.73999E-3 1.40108E-3 3.09356E-3 1.63688E-3 1.31242E-3 1.04195E-3 4.46051E-3 2.76198E-3 5.95941E-3 4.24194E-3 1.23411E-3 1.06752E-3 7.46926E-4 4.16768E-4 1.65888E-3 1.05121E-3 8.62284E-3 2.99022E-2 3.33705E-2 1.23701E-3 2.72085E-4 6.68485E-3 6.8831E-4 2.70112E-2
2.2015E-3 5.24018E-3 7.40322E-3 7.16483E-3 8.62679E-3 7.89495E-3 3.15182E-3 6.0299E-3 8.18383E-3 8.96581E-3 6.92101E-3 9.2494E-3 9.86967E-3 6.11004E-3 6.06925E-3 9.82217E-3 9.82217E-3 9.58737E-3 9.64176E-3 9.18531E-3 7.59227E-3 7.09004E-3 3.98287E-3 4.98089E-3 5.85316E-3 7.15192E-3 5.78969E-3 1.21366E-2 5.3348E-3 5.28463E-3 3.24172E-3 4.26418E-3 5.95161E-3 3.28889E-3 2.50183E-3 3.87847E-3 1.22556E-3 8.69551E-4 8.90288E-4 8.14159E-4 2.47856E-3 4.52247E-3 1.16992E-2 7.66663E-4 1.08561E-3 2.62483E-3 2.718E-3 2.73914E-3 5.10133E-3 6.55796E-3 2.88454E-3 1.73202E-3 6.5859E-3 9.00813E-4 1.55966E-3 2.90504E-4 1.16057E-3 1.39045E-3 2.63263E-4 7.67244E-4 2.2022E-2 3.41282E-3 2.4238E-2 4.71967E-2 5.74396E-2 7.94267E-4 2.13483E-2
2.77886E-3 3.6857E-3 7.16635E-3 7.89321E-3 5.76553E-3 6.97075E-3 9.13951E-3 8.51801E-3 1.1604E-2 1.20738E-2 7.32434E-3 5.10903E-3 4.25943E-3 4.95101E-3 5.35751E-3 8.44401E-3 9.23359E-3 9.92355E-3 9.49183E-3 8.68527E-3 4.98058E-3 4.16369E-3 4.27247E-3 4.55041E-3 5.33002E-3 7.94406E-3 7.5654E-3 5.80931E-3 6.37224E-3 9.18411E-3 8.36238E-3 7.28163E-3 4.0825E-3 3.03308E-3 1.37473E-3 3.11687E-3 2.77225E-3 1.79396E-3 5.11126E-4 3.21243E-2 2.40543E-3 2.35545E-3 1.03665E-3 1.02931E-3 1.19699E-3 8.88864E-4 1.39025E-3 2.64356E-3 4.85958E-3 5.18533E-3 1.1805E-3 2.3459E-2 1.33321E-2 7.72791E-3 1.84074E-2 7.04939E-3 8.77822E-3 4.22126E-3 1.24673E-2 4.93724E-3 1.58038E-3 3.33284E-2 1.66111E-2 3.1344E-2 3.4529E-2 1.28992E-2 3.22665E-2
4.82122E-3 2.573E-3 5.09791E-3 8.19742E-3 3.37118E-3 3.58383E-3 4.64941E-3 9.65228E-3 1.22993E-2 9.72139E-3 7.64698E-3 4.72618E-3 5.22251E-3 5.90917E-3 6.72432E-3 1.16831E-2 1.06831E-2 9.08491E-3 1.04917E-2 7.79464E-3 6.99148E-3 6.63677E-3 8.2325E-3 4.89589E-3 5.45101E-3 6.13561E-3 7.7629E-3 8.12322E-3 6.34404E-3 6.27772E-3 9.27839E-3 9.70346E-3 4.88469E-3 2.00485E-3 2.00979E-3 3.01105E-3 9.11998E-4 9.07993E-4 1.00813E-3 3.06161E-4 1.39364E-3 1.02932E-3 7.77605E-2 8.36334E-4 1.62604E-3 1.63274E-3 2.97493E-3 2.21515E-3 4.52441E-3 5.81782E-3 1.5001E-3 8.68116E-3 9.91632E-3 6.09995E-3 6.41497E-3 8.75236E-3 6.04089E-3 3.49744E-3 3.89286E-3 2.13509E-3 9.68998E-4 1.28549E-3 1.86161E-2 3.63723E-2 1.47057E-2 3.12842E-4 8.30341E-3
3.0605E-3 4.61594E-3 6.37047E-3 6.66703E-3 3.95858E-3 3.81644E-3 4.13841E-3 7.88667E-3 6.89578E-3 7.52775E-3 6.52475E-3 5.98368E-3 6.57641E-3 6.96947E-3 9.52235E-3 8.95022E-3 9.79878E-3 1.13011E-2 5.44816E-3 4.82374E-3 6.16352E-3 7.77084E-3 8.9106E-3 7.09059E-3 6.70438E-3 7.29482E-3 9.72974E-3 9.43116E-3 6.04991E-3 6.27265E-3 6.44198E-3 7.48154E-3 8.12074E-3 2.36995E-3 2.46079E-3 4.16012E-3 1.09959E-3 8.85895E-4 6.07459E-4 1.15886E-3 1.27551E-3 1.68362E-3 9.00725E-4 2.49175E-3 1.53753E-3 1.91449E-3 1.96593E-3 2.64895E-3 3.07991E-3 4.2818E-3 2.25833E-3 2.09817E-3 2.09268E-3 2.01862E-2 7.71596E-3 3.52568E-3 2.27668E-3 1.63827E-3 7.49686E-3 2.89353E-3 2.28843E-4 3.3418E-4 2.03672E-2 3.18061E-2 2.74597E-2 5.38882E-2 1.12432E-2
5.27237E-3 6.50125E-3 5.94197E-3 6.12242E-3 7.04952E-3 8.16742E-3 8.93309E-3 8.17284E-3 8.93617E-3 5.5439E-3 8.01088E-3 6.59136E-3 6.04274E-3 5.89435E-3 7.1291E-3 7.70973E-3 6.69917E-3 6.02441E-3 6.77037E-3 5.75348E-3 6.27954E-3 5.27544E-3 9.70428E-3 9.68584E-3 8.1488E-3 7.43772E-3 6.76739E-3 7.15365E-3 6.06233E-3 4.56254E-3 9.44554E-3 9.22286E-3 9.24869E-3 2.45821E-3 3.78574E-3 2.74721E-3 1.16512E-3 3.20117E-3 1.91796E-4 4.8989E-4 7.78806E-4 1.23345E-2 1.53312E-3 3.03233E-3 2.47499E-3 3.47761E-3 5.22172E-3 4.85459E-3 1.82386E-3 3.64429E-3 5.6549E-3 3.89993E-3 4.66387E-3 2.99894E-3 1.28837E-3 4.67815E-3 1.67448E-3 2.14256E-3 3.52245E-3 1.00686E-3 3.96073E-4 6.99407E-4 2.1227E-3 5.25702E-3 2.4521E-3 2.02122E-3 1.22602E-2
4.82969E-3 3.89677E-3 6.6733E-3 6.36006E-3 6.48277E-3 9.83593E-3 8.75021E-3 6.64592E-3 5.53711E-3 7.91765E-3 5.98426E-3 9.98127E-3 9.78545E-3 6.92281E-3 6.92323E-3 8.61782E-3 1.007E-2 8.99124E-3 5.40623E-3 5.16204E-3 3.03215E-3 5.83491E-3 5.67093E-3 6.58994E-3 8.83452E-3 8.07013E-3 6.84244E-3 8.16627E-3 8.49783E-3 7.61577E-3 7.94386E-3 7.59958E-3 7.63121E-3 5.0962E-3 4.18615E-3 2.75494E-2 1.06983E-2 5.88915E-3 9.88076E-3 2.50514E-3 9.831E-4 2.06991E-4 1.57536E-3 4.28734E-3 2.72713E-3 1.58597E-3 7.21558E-3 2.38023E-3 1.00718E-3 3.62975E-2 2.68275E-2 2.81041E-2 2.32486E-2 4.44644E-2 4.01795E-2 1.92845E-2 8.73538E-3 2.48223E-2 8.52084E-3 1.50102E-3 3.27579E-4 1.35751E-3 9.42932E-4 1.05233E-3 2.55156E-3 4.83241E-3 2.92868E-3
6.43897E-3 7.78762E-3 6.48082E-3 6.78506E-3 7.1159E-3 6.14886E-3 5.49194E-3 6.71385E-3 7.98019E-3 5.71384E-3 6.67412E-3 6.60551E-3 6.65548E-3 3.7033E-3 7.51503E-3 8.36886E-3 8.26212E-3 9.88792E-3 7.14155E-3 6.9777E-3 2.27814E-3 3.27348E-3 6.88482E-3 8.32098E-3 8.60393E-3 8.84515E-3 7.66527E-3 9.73843E-3 1.01702E-2 8.75526E-3 8.97162E-3 8.65045E-3 6.59354E-3 1.48968E-3 6.5189E-4 8.99087E-3 1.00357E-2 4.00655E-3 2.09314E-3 3.9541E-4 3.16802E-3 5.56939E-4 3.38142E-3 6.32167E-3 5.37777E-3 3.81095E-3 2.45685E-3 3.62765E-3 2.98492E-3 1.20229E-2 2.93068E-2 9.52161E-3 3.26223E-3 2.11258E-3 3.60724E-3 6.70332E-3 2.6815E-3 3.94401E-3 5.40972E-3 1.57371E-3 3.61207E-4 1.24221E-3 3.85735E-3 8.87414E-3 4.89641E-3 3.10946E-3 6.13975E-4
6.15224E-3 7.19894E-3 5.07798E-3 6.37123E-3 6.74192E-3 7.06682E-3 7.01699E-3 5.22742E-3 6.15613E-3 9.97051E-3 6.29329E-3 6.44787E-3 6.07455E-3 4.71106E-3 6.60758E-3 8.94335E-3 9.70697E-3 7.94067E-3 8.25699E-3 6.92289E-3 3.90165E-3 2.32023E-3 5.80463E-3 9.47863E-3 6.57673E-3 9.10131E-3 7.53806E-3 8.9187E-3 1.04506E-2 9.4922E-3 8.87549E-3 7.18119E-3 6.17439E-3 3.49417E-3 1.29382E-3 1.07981E-3 3.54848E-3 2.01074E-3 2.12829E-3 2.1293E-3 2.5786E-3 3.06554E-3 5.07759E-3 4.56577E-3 4.99846E-3 5.4471E-3 3.27889E-3 2.13516E-3 2.83845E-3 1.00664E-3 1.15108E-3 1.27017E-3 2.72549E-3 3.78697E-3 5.08998E-4 1.17039E-3 1.21788E-3 1.48093E-3 4.38493E-3 6.97619E-3 4.91016E-3 1.31154E-3 3.19285E-3 2.95687E-3 7.37498E-3 8.54081E-3 1.08233E-3
5.59186E-3 5.19619E-3 5.809E-3 6.4223E-3 7.37965E-3 4.84687E-3 5.66985E-3 6.15449E-3 5.64764E-3 4.56789E-3 5.30973E-3 9.39239E-3 8.17274E-3 6.95873E-3 6.55427E-3 7.36826E-3 9.52711E-3 9.25225E-3 9.75748E-3 4.66996E-3 7.3905E-3 3.14181E-3 4.1616E-3 6.84598E-3 8.81465E-3 6.99751E-3 8.45196E-3 9.04127E-3 9.54354E-3 9.31391E-3 6.42529E-3 1.03976E-2 9.59274E-3 6.14643E-3 2.98453E-3 2.13354E-3 3.52484E-3 1.0964E-3 2.49836E-3 1.18339E-2 6.24803E-4 2.731E-3 6.62136E-3 3.60007E-3 3.72452E-3 3.14985E-3 6.59328E-4 1.2532E-2 9.38569E-3 1.8237E-3 5.43052E-4 3.63311E-3 6.38372E-3 4.4359E-3 6.45384E-4 1.1436E-3 2.01429E-3 2.07036E-3 4.10776E-3 3.06518E-3 8.64235E-3 6.45806E-3 3.67534E-3 1.09567E-2 1.64861E-3 3.17706E-3 8.78409E-3
6.86945E-3 4.85587E-3 5.5422E-3 6.13401E-3 6.27755E-3 5.46553E-3 5.39794E-3 4.72932E-3 6.18053E-3 5.77067E-3 4.92495E-3 8.34508E-3 6.25302E-3 7.34848E-3 5.34781E-3 8.21798E-3 1.0424E-2 8.35504E-3 1.04956E-2 8.39252E-3 6.73251E-3 3.21747E-3 3.72433E-3 7.6869E-3 8.27135E-3 8.91806E-3 1.0848E-2 8.78961E-3 8.79793E-3 7.59117E-3 1.00854E-2 1.13282E-2 1.05383E-2 6.65977E-3 4.81162E-3 1.79806E-3 9.31725E-4 1.04832E-3 3.63437E-3 1.89684E-2 6.05027E-3 5.33013E-3 4.99846E-3 3.58424E-3 1.48746E-3 6.54304E-4 4.82223E-3 1.43162E-2 3.87954E-2 8.25887E-4 5.37497E-3 7.59274E-3 3.18429E-3 6.56432E-3 2.37091E-3 1.87524E-3 1.61869E-3 1.64091E-3 2.76345E-3 2.83746E-3 1.6475E-2 3.21405E-3 1.81803E-3 2.57942E-3 6.25706E-4 1.68127E-3 1.18065E-2
7.61347E-3 5.82371E-3 7.39465E-3 4.88426E-3 8.37909E-3 6.54941E-3 4.39999E-3 5.38987E-3 6.91312E-3 8.87484E-3 7.30112E-3 1.00287E-2 5.99811E-3 5.81109E-3 7.44234E-3 6.92852E-3 9.41325E-3 8.29709E-3 1.1414E-2 1.04102E-2 1.08039E-2 9.58837E-3 7.56508E-3 6.11162E-3 4.94224E-3 7.95376E-3 1.06909E-2 9.11604E-3 1.01328E-2 9.42914E-3 9.56102E-3 1.047E-2 1.14213E-2 7.35367E-3 5.06126E-3 1.45508E-3 1.58102E-3 1.33258E-3 1.3216E-3 2.52557E-3 2.67493E-3 4.64105E-3 3.34413E-3 2.227E-3 8.11188E-4 3.80178E-3 6.72584E-3 1.28163E-2 4.6533E-3 5.2512E-4 7.5299E-4 7.01822E-3 5.90582E-3 5.1981E-3 7.01564E-3 3.91454E-3 3.97561E-3 9.65347E-4 2.05689E-3 1.1026E-2 2.70649E-3 1.77717E-3 4.64701E-4 2.44355E-3 2.43781E-3 2.74167E-3 9.05945E-3
4.28745E-3 4.93653E-3 4.9997E-3 5.24608E-3 6.23245E-3 5.15898E-3 4.88287E-3 6.16806E-3 5.68151E-3 6.30528E-3 5.50864E-3 5.96765E-3 8.61838E-3 8.98725E-3 5.94199E-3 9.30862E-3 6.5172E-3 9.51637E-3 1.04852E-2 1.00362E-2 7.4768E-3 8.70289E-3 7.48306E-3 3.90671E-3 4.36029E-3 3.65616E-3 3.21871E-3 2.99963E-3 5.2197E-3 5.63419E-3 6.42963E-3 7.61714E-3 6.63273E-3 7.75349E-3 8.73843E-3 3.67698E-3 1.57439E-3 3.80288E-3 3.05844E-3 2.94481E-3 4.06529E-3 5.57027E-3 3.77243E-3 2.99103E-3 1.55704E-3 7.46697E-4 1.36564E-3 2.36019E-3 4.8163E-3 3.00028E-3 2.6431E-3 2.89906E-3 1.11165E-3 1.59804E-2 1.41677E-3 8.46214E-4 2.93438E-3 6.64017E-3 1.11902E-2 5.34234E-3 3.13981E-3 1.51895E-3 1.35384E-3 2.4768E-3 1.3697E-2 5.30248E-3 1.78803E-2
5.23279E-3 4.16689E-3 4.15454E-3 5.62594E-3 6.99767E-3 9.37981E-3 6.45121E-3 5.18299E-3 4.59529E-3 5.24176E-3 5.19386E-3 6.32075E-3 8.65152E-3 9.00695E-3 6.70964E-3 8.20507E-3 7.01878E-3 9.50978E-3 9.24448E-3 1.0721E-2 9.38024E-3 9.52274E-3 6.99952E-3 4.14781E-3 2.59057E-3 6.15116E-3 5.84773E-3 3.77831E-3 5.8484E-3 4.69051E-3 4.87709E-3 6.03011E-3 6.57597E-3 4.92586E-3 1.06551E-2 1.97915E-3 1.58687E-2 2.09718E-3 3.58966E-3 4.10421E-3 4.05808E-3 4.19623E-3 6.93832E-3 6.12738E-3 2.00342E-3 1.44317E-3 2.68613E-3 3.75211E-3 1.97251E-3 2.40937E-3 2.01184E-3 8.63454E-4 5.91602E-4 4.39887E-3 4.70923E-3 3.30968E-3 5.25624E-3 7.70611E-3 2.40125E-3 1.85614E-3 1.9215E-3 4.66606E-4 5.63711E-3 6.33552E-3 1.03094E-2 1.98576E-2 2.93906E-2
7.61102E-3 7.05197E-3 3.41379E-3 3.82041E-3 4.66698E-3 8.23648E-3 7.89451E-3 7.23723E-3 7.33872E-3 7.61486E-3 7.48874E-3 9.93694E-3 9.7618E-3 9.94096E-3 7.11374E-3 8.45303E-3 7.73169E-3 8.46511E-3 8.31356E-3 9.54389E-3 9.64708E-3 8.74071E-3 9.22451E-3 6.04006E-3 7.08704E-3 4.11422E-3 3.66306E-3 3.46991E-3 3.27594E-3 4.3926E-3 4.38882E-3 6.43846E-3 7.46456E-3 5.77543E-3 4.05179E-3 7.08882E-3 7.54625E-3 3.80804E-3 3.45707E-3 3.47488E-3 4.32751E-3 5.20985E-3 6.79201E-3 6.90008E-3 4.27526E-3 4.45128E-3 4.572E-3 3.36707E-3 2.00792E-3 7.11354E-4 7.55788E-4 8.31497E-4 3.31722E-4 4.52313E-3 9.35052E-4 3.2376E-3 1.31645E-2 1.01173E-2 4.79303E-3 1.20883E-2 1.16071E-3 6.07136E-3 8.32008E-3 6.54392E-3 1.66358E-2 3.95455E-3 4.59447E-3
6.81649E-3 6.75316E-3 3.53389E-3 4.32986E-3 5.09849E-3 6.064E-3 8.54132E-3 9.4394E-3 7.91518E-3 5.71783E-3 5.50737E-3 1.01727E-2 9.93694E-3 9.61561E-3 8.91581E-3 9.12636E-3 6.74398E-3 7.52358E-3 8.85341E-3 8.80153E-3 8.63075E-3 7.43812E-3 7.68123E-3 7.27313E-3 5.54803E-3 6.55084E-3 7.80854E-3 4.37622E-3 3.60303E-3 4.16568E-3 5.17567E-3 3.20845E-3 3.24828E-3 7.39369E-3 4.47018E-3 2.67002E-2 6.66181E-3 1.36579E-3 1.68488E-3 5.10517E-3 4.36733E-3 4.05452E-3 3.61648E-3 5.24274E-3 4.74366E-3 4.08846E-3 1.93303E-3 1.87628E-3 1.77389E-2 4.17602E-3 5.25318E-3 3.66635E-3 1.06651E-2 8.71807E-3 4.17797E-3 6.57988E-3 4.23094E-3 1.79631E-3 5.44972E-3 5.44563E-3 7.64689E-4 4.7175E-4 1.03966E-2 2.74895E-2 3.1202E-2 1.39178E-2 6.44109E-2
6.58577E-3 5.83248E-3 3.07149E-3 5.03584E-3 6.08264E-3 6.04495E-3 8.38492E-3 7.29135E-3 7.72245E-3 7.22195E-3 8.91329E-3 9.28622E-3 1.00621E-2 1.0209E-2 9.39445E-3 7.85353E-3 1.08668E-2 8.16423E-3 8.67389E-3 1.00178E-2 9.70164E-3 9.0058E-3 5.57706E-3 6.37541E-3 6.92326E-3 5.03433E-3 6.97543E-3 4.84391E-3 2.0136E-3 4.37386E-3 6.07071E-3 4.94573E-3 3.3851E-3 7.6885E-3 3.2174E-3 3.63372E-2 1.88017E-2 1.38393E-3 1.55075E-3 2.72931E-3 3.48138E-3 4.70903E-3 3.27494E-3 1.73987E-3 8.97583E-4 9.40155E-4 1.84368E-3 2.48117E-2 1.85202E-2 7.14446E-3 7.9931E-3 2.42832E-2 8.47778E-3 5.85136E-3 2.799E-3 1.21972E-2 1.50283E-3 4.33041E-3 7.58544E-4 9.68048E-3 1.48305E-3 6.73897E-4 4.24633E-2 7.08465E-3 3.39467E-2 1.64369E-2 2.35431E-1
5.36378E-3 4.75702E-3 6.22039E-3 4.91479E-3 6.10079E-3 5.67047E-3 6.77992E-3 6.72552E-3 8.61395E-3 5.7116E-3 7.31784E-3 7.84971E-3 7.85467E-3 7.40686E-3 7.6092E-3 9.01484E-3 1.04546E-2 1.08248E-2 7.34049E-3 1.00565E-2 1.00807E-2 8.97813E-3 6.38906E-3 5.79414E-3 7.4136E-3 4.15576E-3 4.98496E-3 4.13287E-3 7.54548E-3 5.47425E-3 6.06349E-3 6.29239E-3 4.97416E-3 4.99653E-3 7.37223E-3 5.5671E-2 5.34715E-2 9.19941E-3 3.06784E-3 2.76313E-3 4.41653E-3 5.16187E-3 3.20675E-3 1.46731E-3 4.02316E-4 6.75839E-3 2.48915E-2 2.19607E-2 6.77138E-3 6.0835E-3 7.41007E-3 1.97779E-2 1.10211E-2 1.70707E-2 1.0116E-2 3.63826E-3 2.73401E-3 3.37295E-3 7.86448E-3 4.60867E-4 1.21598E-3 2.46469E-4 7.90376E-3 1.69211E-2 9.04117E-2 9.99827E-2 1.52939E-1
5.50005E-3 5.55143E-3 6.98086E-3 6.59956E-3 4.64237E-3 4.23421E-3 6.11691E-3 5.02332E-3 8.90527E-3 8.94183E-3 7.06305E-3 9.77819E-3 8.47063E-3 1.03171E-2 7.41208E-3 6.24111E-3 9.7158E-3 9.18041E-3 1.16649E-2 1.09955E-2 9.41825E-3 7.52513E-3 8.85257E-3 6.77374E-3 9.64067E-3 8.36361E-3 6.80016E-3 7.56161E-3 8.26166E-3 5.47301E-3 2.46493E-3 3.24638E-3 1.17092E-2 1.10913E-2 1.53304E-2 9.28302E-3 7.35324E-2 4.02649E-3 8.61311E-3 8.3298E-3 4.92047E-3 5.42916E-3 4.33673E-3 1.29571E-3 1.70436E-3 3.51603E-3 8.21994E-4 1.99025E-2 8.8189E-3 3.82818E-3 8.64569E-3 8.60089E-3 1.008E-2 9.79611E-3 1.81586E-2 8.30653E-3 3.63582E-3 5.53572E-3 8.69448E-3 7.26675E-3 9.97852E-3 9.93142E-2 5.1334E-3 1.12894E-1 2.56321E-1 1.06085E-1 3.2639E-3
9.91942E-3 5.42507E-3 7.14998E-3 4.16871E-3 5.30021E-3 3.03852E-3 4.21812E-3 4.5772E-3 5.20768E-3 7.78614E-3 6.17287E-3 1.00621E-2 8.51925E-3 1.06766E-2 9.04255E-3 7.05089E-3 7.54783E-3 4.77119E-3 6.12367E-3 2.7784E-3 6.34903E-3 3.81047E-3 8.23326E-3 5.65525E-3 7.86545E-3 9.48991E-3 5.81761E-3 5.10058E-3 3.75188E-3 9.94488E-3 6.86338E-3 5.91469E-3 5.32061E-3 5.56736E-3 3.9339E-3 3.02293E-3 6.57493E-3 5.33929E-3 8.38814E-3 6.31196E-3 3.4819E-3 4.46778E-3 3.4175E-3 3.32417E-3 3.05501E-3 9.73086E-4 9.60917E-4 7.2368E-3 5.65716E-3 1.0198E-2 8.10081E-3 3.16912E-3 2.78736E-3 4.12993E-3 4.39163E-3 5.74971E-3 1.08616E-2 1.11095E-2 2.02113E-3 1.17581E-2 4.71919E-2 4.41621E-2 4.22732E-1 4.19322E-1 2.59151E-1 7.63166E-2 1.30544E-2
1.03445E-2 5.04472E-3 5.54743E-3 5.19872E-3 5.31853E-3 4.53026E-3 6.11453E-3 6.47418E-3 3.87859E-3 7.471E-3 4.89807E-3 3.39906E-3 8.44045E-3 8.09549E-3 8.29886E-3 6.90425E-3 6.71614E-3 4.799E-3 7.54736E-3 9.58612E-3 1.0975E-2 1.13302E-2 1.06292E-2 8.46883E-3 9.58327E-3 8.78915E-3 4.37073E-3 5.06082E-3 5.25021E-3 9.75922E-3 7.75224E-3 1.1624E-2 1.17581E-2 4.18143E-3 3.72426E-3 4.06901E-3 4.07238E-3 4.50218E-3 8.06562E-3 6.23079E-3 5.57173E-3 3.7587E-3 1.85009E-3 3.82516E-3 2.17843E-3 1.41364E-2 4.0324E-2 1.1327E-2 3.57271E-3 4.31166E-3 5.10886E-3 2.13317E-3 2.59668E-4 4.90487E-3 6.27344E-3 1.51862E-2 2.29387E-2 6.66473E-4 1.18338E-2 1.59068E-2 4.18388E-2 3.69047E-1 5.07492E-1 1.75775E-1 1.4673E-1 4.86962E-2 5.3289E-3
8.50055E-3 7.05853E-3 5.51491E-3 4.4327E-3 5.38291E-3 6.03391E-3 6.12759E-3 2.99402E-3 3.65195E-3 4.98312E-3 6.56328E-3 3.4016E-3 4.22401E-3 4.84407E-3 6.45028E-3 1.0532E-2 5.47071E-3 2.27026E-3 8.81025E-3 1.17978E-2 7.55367E-3 8.80996E-3 8.35959E-3 4.82826E-3 8.48183E-3 7.87168E-3 1.09939E-2 1.00438E-2 6.36837E-3 6.00115E-3 5.20116E-3 1.07106E-2 4.69023E-2 8.30398E-3 3.80157E-3 3.81714E-3 5.06056E-3 3.99132E-3 8.29008E-3 7.90133E-3 7.68128E-3 7.91664E-3 3.55022E-3 4.01614E-3 3.65748E-3 5.55024E-2 6.90593E-2 1.27022E-2 2.06775E-3 4.12512E-3 2.8856E-3 6.5648E-4 2.34511E-4 5.90817E-3 5.08564E-4 1.85349E-2 2.98777E-2 1.89068E-2 6.06514E-3 5.81588E-2 4.03953E-1 5.26352E-1 2.7792E-1 8.3853E-3 7.52968E-3 6.80357E-3 1.21113E-2
6.72433E-3 5.96159E-3 5.66841E-3 6.04809E-3 6.03482E-3 1.94046E-3 4.72085E-3 3.35949E-3 4.07051E-3 4.43325E-3 7.42894E-3 5.29083E-3 4.2329E-3 4.21885E-3 4.58323E-3 5.10474E-3 3.02749E-3 2.48613E-3 9.31424E-3 9.60046E-3 6.086E-3 8.60345E-3 8.58801E-3 5.74402E-3 7.70317E-3 8.263E-3 1.09939E-2 9.29893E-3 1.04199E-2 8.77181E-3 6.91849E-3 1.07788E-2 4.79088E-3 5.13119E-3 1.49125E-3 4.44719E-3 3.72059E-3 3.91727E-3 5.55287E-3 5.82178E-3 7.23379E-3 4.9801E-3 2.90995E-3 2.30116E-3 1.20299E-3 5.84462E-2 6.02926E-2 2.24282E-2 3.04143E-3 2.87387E-3 1.17358E-3 3.2324E-4 3.16944E-4 1.54044E-2 3.42126E-2 1.81798E-2 1.27076E-2 2.55106E-2 1.6234E-1 1.30844E-2 4.73668E-1 4.17041E-1 1.21432E-2 1.63247E-2 6.25903E-3 2.96362E-2 1.68746E-2
9.34383E-3 5.85866E-3 6.36965E-3 7.67552E-3 4.9837E-3 3.81698E-3 4.53467E-3 3.68933E-3 4.09895E-3 6.13301E-3 5.52584E-3 8.5659E-3 4.84056E-3 3.56479E-3 4.00696E-3 7.39065E-3 5.89436E-3 6.07161E-3 6.22363E-3 3.55239E-3 5.31244E-3 4.62141E-3 9.75699E-3 4.27907E-3 7.39711E-3 9.37645E-3 9.88937E-3 9.4262E-3 9.21157E-3 1.03721E-2 6.0834E-3 4.5664E-3 1.25917E-2 3.3464E-3 1.93409E-3 4.20149E-3 4.11082E-3 5.56886E-3 5.35701E-3 4.94621E-3 2.92323E-3 3.99536E-3 1.5449E-3 1.81478E-3 1.2584E-3 3.24137E-2 3.29267E-2 4.25876E-3 1.71343E-3 2.58358E-3 8.22238E-4 1.03008E-3 2.17313E-3 1.04569E-3 2.88194E-2 2.10653E-2 1.25044E-2 4.89496E-2 4.02497E-2 4.57961E-1 3.70682E-1 3.46311E-1 7.36973E-3 9.08064E-3 4.38572E-2 5.80686E-2 1.81493E-3
2.52859E-3 3.96806E-3 4.06079E-3 4.84753E-3 5.33987E-3 3.29964E-3 2.73677E-3 4.56442E-3 4.40449E-3 3.68563E-3 4.07768E-3 8.10371E-3 8.28935E-3 2.79432E-3 2.79973E-3 3.3989E-3 3.37062E-3 2.61103E-3 5.40445E-3 2.67296E-3 4.2234E-3 4.12338E-3 5.18333E-3 5.76674E-3 2.43441E-3 5.17047E-3 6.75546E-3 6.36784E-3 6.50654E-3 4.52952E-3 5.08087E-3 4.94449E-3 2.17266E-3 2.17092E-3 5.19291E-3 2.5486E-3 3.49134E-3 5.96341E-3 5.32634E-3 4.59257E-3 2.03109E-3 1.7942E-3 6.89582E-4 5.91621E-4 1.01025E-3 8.03556E-4 3.28561E-4 2.57607E-3 7.1143E-3 2.30591E-4 1.57299E-2 6.49395E-3 1.07116E-2 8.55193E-3 4.79789E-3 1.12242E-2 1.92499E-1 1.75451E-1 1.7183E-1 8.93944E-2 2.34834E-2 1.69205E-2 5.8267E-2 1.56603E-1 1.90853E-1 1.07737E-1 4.37577E-3
