ENM/Final_Models/M_1_F_q_Set_1_EC/Gustavia_santanderiensis_2_Choco_clamping.asc
ncols         367
nrows         963
xllcorner     -78.6
yllcorner     0.65
cellsize      0.00833333333333323
NODATA_value  -9999
[rows 384 to 415 of 963, columns 213 to 283 of 367]
9.0776E-1 9.24247E-1 8.95668E-1 9.30461E-1 9.39649E-1 9.34468E-1 7.94776E-1 7.26745E-1 5.26751E-1 8.08533E-1 9.7268E-1 9.09947E-1 9.09346E-1 9.54036E-1 9.00412E-1 9.66296E-1 9.39801E-1 9.67365E-1 9.60576E-1 7.96574E-1 9.06341E-1 9.13095E-1 8.41849E-1 8.5367E-1 4.84725E-1 6.99115E-1 4.18507E-1 5.68555E-1 7.84188E-1 5.63254E-1 7.80367E-1 9.04823E-1 9.34049E-1 9.26268E-1 9.51188E-1 9.031E-1 9.30926E-1 9.23293E-1 8.54738E-1 9.0902E-1 9.06061E-1 8.06714E-1 8.95507E-1 8.80566E-1 8.91687E-1 9.10094E-1 9.16593E-1 9.29767E-1 9.31525E-1 9.28206E-1 9.24689E-1 8.91847E-1 8.08021E-1 5.7635E-1 5.0254E-1 5.35512E-1 1.89233E-1 0E0 0E0 3.46721E-2 1.92483E-1 2.93723E-1 3.23994E-2 9.14929E-2 1.61682E-1 0E0 0E0 0E0 0E0 0E0 0E0
9.00252E-1 8.94449E-1 7.84239E-1 8.95555E-1 9.3258E-1 8.61474E-1 8.59044E-1 7.41479E-1 9.69673E-1 8.22758E-1 9.72822E-1 9.52074E-1 9.74763E-1 9.54767E-1 9.61889E-1 9.71897E-1 9.58266E-1 9.00916E-1 9.54739E-1 9.64053E-1 8.80481E-1 9.38591E-1 7.40652E-1 9.27895E-1 6.76596E-1 7.03752E-1 6.78604E-1 3.51001E-1 4.95893E-1 9.11444E-1 8.93775E-1 8.03195E-1 8.40921E-1 9.42326E-1 8.42421E-1 8.3669E-1 9.38449E-1 9.37969E-1 9.13558E-1 9.34032E-1 9.23417E-1 9.06283E-1 9.15328E-1 8.95865E-1 9.18756E-1 9.22202E-1 8.54024E-1 9.22199E-1 8.98487E-1 9.17958E-1 8.90201E-1 9.16014E-1 8.50985E-1 7.15946E-1 4.62866E-1 6.10858E-1 5.20549E-1 3.04081E-1 1.47688E-1 2.60664E-1 4.40507E-1 2.68924E-1 1.30512E-1 4.9188E-2 5.85408E-2 2.57398E-3 0E0 0E0 0E0 0E0 0E0
8.71068E-1 9.05861E-1 9.02677E-1 7.82389E-1 9.41869E-1 9.59805E-1 9.20538E-1 9.07374E-1 9.75049E-1 9.36292E-1 8.46291E-1 9.71971E-1 9.8047E-1 9.74017E-1 8.71314E-1 9.63763E-1 9.06028E-1 9.58985E-1 9.49659E-1 8.57685E-1 9.01377E-1 7.35165E-1 9.20671E-1 7.48911E-1 9.4801E-1 7.29097E-1 4.99394E-1 3.78911E-1 6.92385E-1 6.32947E-1 9.22325E-1 8.04878E-1 8.00275E-1 9.38863E-1 8.27703E-1 9.22273E-1 9.53286E-1 9.41619E-1 8.94568E-1 9.19161E-1 9.40127E-1 9.43487E-1 9.18316E-1 9.21367E-1 8.02182E-1 8.63204E-1 8.91341E-1 9.0444E-1 8.66881E-1 8.85667E-1 8.09879E-1 8.04875E-1 7.4506E-1 7.5426E-1 6.98094E-1 7.88613E-1 6.10962E-1 3.64772E-1 1.48988E-1 3.30466E-1 4.73375E-1 2.4967E-1 1.50532E-1 9.05043E-2 8.54169E-2 2.36597E-2 0E0 0E0 0E0 0E0 0E0
8.71117E-1 8.71071E-1 9.06625E-1 9.17395E-1 7.98887E-1 8.52446E-1 9.0177E-1 9.47056E-1 9.40986E-1 9.31066E-1 9.48713E-1 9.66452E-1 9.71548E-1 9.74311E-1 9.28039E-1 9.67226E-1 9.4545E-1 9.11919E-1 8.89294E-1 8.06224E-1 9.0806E-1 6.86786E-1 8.25853E-1 8.7765E-1 7.28477E-1 5.15801E-1 4.62157E-1 8.76716E-1 6.78162E-1 6.43314E-1 7.11352E-1 4.52773E-1 6.56056E-1 9.35107E-1 9.30177E-1 9.15558E-1 8.94993E-1 9.20719E-1 9.49282E-1 9.46793E-1 9.57075E-1 8.91409E-1 8.77586E-1 9.38054E-1 8.434E-1 6.29251E-1 8.91771E-1 8.92179E-1 8.77655E-1 8.67992E-1 8.64673E-1 8.92032E-1 8.61944E-1 6.40425E-1 8.28836E-1 8.04685E-1 5.4009E-1 2.89649E-1 1.77605E-1 3.1307E-1 3.12333E-1 2.34667E-1 2.45458E-1 5.14953E-2 0E0 0E0 1.3627E-2 0E0 0E0 0E0 0E0
8.48499E-1 8.80028E-1 8.48397E-1 9.23659E-1 6.79138E-1 8.922E-1 8.15631E-1 9.19273E-1 8.33054E-1 8.08143E-1 9.72293E-1 9.68919E-1 9.7331E-1 9.81647E-1 9.53442E-1 9.38041E-1 9.57205E-1 9.44145E-1 9.55316E-1 8.77245E-1 8.99227E-1 9.02009E-1 9.41544E-1 9.46449E-1 7.08163E-1 4.83676E-1 5.02248E-1 6.95097E-1 5.31338E-1 8.45191E-1 7.88056E-1 9.45782E-1 8.40489E-1 8.90289E-1 8.33699E-1 7.68829E-1 9.06398E-1 9.02393E-1 8.5069E-1 8.7109E-1 9.05456E-1 8.65026E-1 8.83092E-1 8.72057E-1 8.7104E-1 8.60074E-1 8.19633E-1 8.36075E-1 8.78482E-1 8.49182E-1 8.04319E-1 6.70178E-1 8.02468E-1 5.57598E-1 6.82617E-1 7.80279E-1 6.919E-1 5.04435E-1 1.72575E-1 1.55713E-1 2.9594E-1 3.71683E-1 3.43298E-1 1.10636E-2 0E0 0E0 0E0 0E0 0E0 0E0 0E0
8.96121E-1 8.68784E-1 9.12408E-1 8.25222E-1 7.30583E-1 7.00073E-1 7.88673E-1 7.75229E-1 8.69967E-1 9.50386E-1 9.02896E-1 9.49179E-1 9.38181E-1 9.68951E-1 9.55749E-1 9.5724E-1 9.29625E-1 9.50321E-1 9.44888E-1 9.55781E-1 9.46518E-1 9.11251E-1 8.43576E-1 9.40335E-1 7.43581E-1 8.20166E-1 8.65851E-1 8.49164E-1 6.70484E-1 8.66951E-1 8.08971E-1 9.14994E-1 6.97001E-1 7.66165E-1 7.69344E-1 8.99382E-1 9.18927E-1 8.43018E-1 8.38252E-1 8.94682E-1 8.91835E-1 7.88956E-1 8.65082E-1 9.08612E-1 8.70596E-1 8.81942E-1 8.46352E-1 8.37192E-1 8.79202E-1 8.98671E-1 8.64662E-1 6.60952E-1 8.64273E-1 6.98761E-1 7.01684E-1 6.51989E-1 4.31857E-1 2.45693E-1 9.33952E-2 1.18784E-1 2.36069E-1 5.67861E-1 4.10021E-1 1.08996E-1 8.3958E-2 0E0 0E0 0E0 0E0 0E0 0E0
8.80077E-1 8.72287E-1 8.21473E-1 9.2088E-1 7.07763E-1 8.65055E-1 7.42121E-1 9.21105E-1 8.83572E-1 9.57329E-1 9.46374E-1 9.09018E-1 9.7775E-1 9.84446E-1 9.61436E-1 9.54614E-1 9.61101E-1 9.56759E-1 8.92757E-1 7.81799E-1 7.93812E-1 7.01125E-1 6.07106E-1 9.2634E-1 7.13902E-1 8.99094E-1 7.53638E-1 6.5627E-1 7.06327E-1 8.98597E-1 8.88692E-1 7.45469E-1 7.8785E-1 8.89653E-1 6.59859E-1 7.70935E-1 8.07797E-1 9.00375E-1 8.05792E-1 7.40394E-1 8.32532E-1 8.29501E-1 8.46215E-1 8.79693E-1 8.44928E-1 9.0858E-1 7.9159E-1 8.84953E-1 9.14335E-1 8.73946E-1 8.74317E-1 8.39933E-1 8.64426E-1 7.77739E-1 6.8872E-1 6.16658E-1 4.96123E-1 4.0271E-1 1.24252E-1 2.71249E-1 4.73781E-1 5.03181E-1 2.84255E-1 9.19412E-3 1.06217E-2 0E0 0E0 0E0 0E0 0E0 0E0
8.65446E-1 9.08877E-1 9.30417E-1 7.85415E-1 8.8195E-1 8.68005E-1 7.95695E-1 8.78208E-1 9.17764E-1 8.73145E-1 9.2994E-1 9.63621E-1 9.55709E-1 9.63671E-1 9.55833E-1 9.75844E-1 9.60061E-1 6.91032E-1 8.72707E-1 7.70464E-1 6.79845E-1 8.58604E-1 8.04985E-1 8.7306E-1 9.09246E-1 9.39464E-1 9.03115E-1 9.33328E-1 8.79825E-1 6.84271E-1 8.70751E-1 7.62327E-1 9.41194E-1 8.73253E-1 8.73861E-1 8.83012E-1 7.83093E-1 8.9819E-1 8.55208E-1 8.73885E-1 8.49015E-1 6.54849E-1 8.44874E-1 8.40854E-1 7.81557E-1 8.34917E-1 8.92803E-1 9.06867E-1 8.90643E-1 9.18762E-1 8.60818E-1 8.12482E-1 8.34195E-1 8.38705E-1 6.98882E-1 6.76069E-1 7.20259E-1 8.89004E-2 1.67118E-1 5.21485E-2 0E0 0E0 0E0 0E0 0E0 0E0 0E0 0E0 0E0 0E0 0E0
8.63875E-1 8.64271E-1 8.95773E-1 7.52285E-1 9.46992E-1 9.47786E-1 9.34588E-1 8.43653E-1 8.25135E-1 9.79819E-1 9.54603E-1 9.59489E-1 9.15602E-1 9.63298E-1 9.64669E-1 9.70881E-1 9.78152E-1 9.39965E-1 9.15693E-1 9.13749E-1 9.4207E-1 9.26719E-1 7.52891E-1 8.61184E-1 5.6328E-1 9.34029E-1 8.78123E-1 7.43985E-1 7.45137E-1 8.76899E-1 8.99317E-1 7.93023E-1 9.55596E-1 9.03E-1 7.56083E-1 8.10953E-1 8.88898E-1 8.9892E-1 8.07944E-1 7.64741E-1 8.44405E-1 7.49504E-1 7.46262E-1 7.12696E-1 7.9615E-1 8.24567E-1 8.70841E-1 8.92002E-1 8.93528E-1 8.70599E-1 8.76039E-1 8.08884E-1 8.64794E-1 7.96766E-1 8.01948E-1 3.63337E-1 3.50434E-2 1.7817E-1 7.57293E-3 0E0 0E0 0E0 0E0 0E0 0E0 0E0 0E0 0E0 0E0 0E0 0E0
8.17523E-1 8.83837E-1 8.90832E-1 7.90032E-1 6.5658E-1 9.15776E-1 9.1857E-1 5.38054E-1 8.72368E-1 9.5625E-1 9.51155E-1 9.76876E-1 8.95423E-1 9.03244E-1 9.63985E-1 9.61755E-1 9.70887E-1 9.02866E-1 8.89298E-1 9.60402E-1 9.61354E-1 9.45663E-1 9.16165E-1 9.00731E-1 8.64478E-1 7.345E-1 8.70672E-1 6.60207E-1 6.80969E-1 8.68587E-1 8.28221E-1 6.54725E-1 8.01527E-1 7.70192E-1 8.91993E-1 7.89997E-1 7.42856E-1 8.56074E-1 8.34446E-1 7.28966E-1 8.64924E-1 7.73563E-1 6.21612E-1 6.27431E-1 7.56771E-1 8.03444E-1 7.40646E-1 8.70378E-1 8.36014E-1 7.9832E-1 9.09497E-1 8.93748E-1 8.72194E-1 7.85757E-1 7.27092E-1 3.78167E-1 4.05528E-2 3.03855E-2 0E0 0E0 0E0 0E0 0E0 0E0 0E0 0E0 0E0 2.17991E-2 0E0 0E0 0E0
5.86141E-1 9.02027E-1 9.22349E-1 7.05367E-1 8.40043E-1 8.67857E-1 9.22861E-1 8.85764E-1 9.15815E-1 8.00777E-1 9.46403E-1 9.54757E-1 9.13685E-1 9.17714E-1 9.25481E-1 9.63628E-1 9.48674E-1 9.67572E-1 8.77375E-1 9.47321E-1 9.4035E-1 9.38368E-1 9.36982E-1 9.16299E-1 7.76431E-1 9.13651E-1 4.23201E-1 6.80895E-1 8.12087E-1 7.28634E-1 7.47457E-1 7.1351E-1 7.94977E-1 7.57575E-1 9.29125E-1 9.42129E-1 8.75359E-1 8.79571E-1 8.67173E-1 8.45202E-1 8.47489E-1 7.37994E-1 7.68575E-1 7.43723E-1 7.77469E-1 7.37262E-1 7.73087E-1 8.33386E-1 7.64111E-1 8.10874E-1 8.15289E-1 8.8603E-1 7.66932E-1 7.96714E-1 6.38714E-1 2.7434E-1 2.81328E-1 4.6805E-2 0E0 0E0 0E0 0E0 0E0 0E0 0E0 0E0 0E0 3.57984E-2 4.34275E-2 0E0 0E0
8.78704E-1 8.89508E-1 8.75022E-1 8.46854E-1 8.71796E-1 7.76728E-1 9.02568E-1 6.64298E-1 9.27642E-1 9.01784E-1 9.42813E-1 9.6688E-1 9.56552E-1 8.941E-1 9.28241E-1 9.44858E-1 9.37814E-1 9.44773E-1 9.31272E-1 9.42002E-1 9.28491E-1 9.20646E-1 9.10177E-1 9.51169E-1 9.6643E-1 9.36233E-1 9.51888E-1 9.06898E-1 9.46265E-1 6.92684E-1 7.03515E-1 7.61132E-1 8.50016E-1 8.40282E-1 8.07391E-1 9.37089E-1 9.13233E-1 9.08864E-1 8.75691E-1 8.60761E-1 8.71983E-1 8.28618E-1 7.07552E-1 8.18228E-1 8.18403E-1 8.20611E-1 8.10205E-1 7.79915E-1 6.18022E-1 8.29943E-1 8.28853E-1 7.80964E-1 6.67296E-1 7.43152E-1 5.06709E-1 2.05182E-1 1.70363E-1 1.06333E-1 1.0836E-1 4.66567E-2 0E0 0E0 0E0 0E0 0E0 0E0 0E0 0E0 9.55956E-2 3.53828E-2 7.70014E-3
8.56937E-1 7.02116E-1 7.41118E-1 8.67317E-1 7.51722E-1 8.04655E-1 6.87439E-1 7.03659E-1 7.09675E-1 9.19384E-1 8.63512E-1 8.74319E-1 9.13571E-1 9.51972E-1 9.171E-1 9.52236E-1 9.477E-1 8.86684E-1 7.77599E-1 7.13522E-1 9.23384E-1 7.08171E-1 7.68486E-1 8.41187E-1 8.65131E-1 6.33902E-1 5.83788E-1 6.2509E-1 7.19343E-1 6.35838E-1 9.0236E-1 8.90973E-1 9.02477E-1 9.47551E-1 8.13499E-1 9.03291E-1 9.21021E-1 9.1556E-1 9.31125E-1 8.74008E-1 8.93531E-1 8.01067E-1 6.83763E-1 7.53827E-1 7.26613E-1 6.53051E-1 7.52037E-1 8.07773E-1 6.89953E-1 7.64486E-1 7.77073E-1 7.87916E-1 7.22375E-1 7.32266E-1 4.84498E-1 2.21368E-1 3.64034E-2 1.28958E-1 3.64142E-1 4.04841E-1 1.4711E-1 0E0 0E0 0E0 0E0 0E0 0E0 4.88474E-2 3.79776E-2 1.93857E-2 1.21916E-2
9.45326E-1 7.21805E-1 6.9745E-1 8.16204E-1 9.08406E-1 8.73524E-1 7.02771E-1 7.29639E-1 7.59683E-1 9.71278E-1 9.66626E-1 9.56518E-1 9.0688E-1 8.97746E-1 9.12321E-1 9.15703E-1 9.03928E-1 7.66645E-1 9.27086E-1 6.74193E-1 8.69479E-1 7.81804E-1 7.43934E-1 5.17481E-1 5.46005E-1 6.15516E-1 6.76986E-1 8.96424E-1 9.29288E-1 8.50109E-1 7.66915E-1 9.03755E-1 9.04759E-1 8.27463E-1 7.962E-1 6.91708E-1 8.8562E-1 8.5057E-1 8.97663E-1 8.93362E-1 8.69636E-1 7.98887E-1 6.58933E-1 6.63226E-1 6.51255E-1 6.5839E-1 7.67018E-1 6.51869E-1 7.60133E-1 7.76744E-1 5.71184E-1 7.82219E-1 7.79341E-1 6.53637E-1 6.12942E-1 4.24363E-1 3.67891E-2 5.32896E-2 2.42842E-1 3.64418E-1 3.56662E-1 5.98736E-1 1.329E-1 7.07714E-2 1.7613E-2 1.14991E-1 6.36945E-2 7.78808E-2 3.10472E-2 4.06642E-2 6.39697E-2
7.60988E-1 7.80148E-1 6.59054E-1 7.29273E-1 9.04554E-1 6.12584E-1 7.36892E-1 9.23354E-1 9.72952E-1 8.68946E-1 7.53459E-1 8.68416E-1 8.82798E-1 8.88891E-1 8.52139E-1 9.57654E-1 9.42492E-1 9.27965E-1 8.04332E-1 9.62037E-1 8.82363E-1 9.34212E-1 9.02637E-1 7.1548E-1 6.69808E-1 9.02502E-1 9.10121E-1 9.29184E-1 7.7519E-1 9.07902E-1 8.39305E-1 8.19553E-1 8.9856E-1 9.32992E-1 9.39168E-1 9.41068E-1 8.60672E-1 8.49085E-1 7.62575E-1 8.55344E-1 8.21291E-1 6.94221E-1 7.26533E-1 7.81768E-1 5.79189E-1 7.52566E-1 7.51064E-1 6.08116E-1 7.28868E-1 7.22806E-1 6.56545E-1 6.90135E-1 7.88255E-1 8.16361E-1 7.55363E-1 4.14901E-1 5.67605E-2 4.20911E-3 1.93762E-2 4.34481E-2 1.2203E-1 3.88714E-1 5.31232E-1 2.30447E-1 1.12616E-1 2.86098E-1 1.19707E-1 7.47527E-2 3.86735E-2 9.26881E-3 9.68349E-4
8.65592E-1 8.15382E-1 6.00069E-1 5.34041E-1 6.03748E-1 8.28487E-1 5.53841E-1 9.21152E-1 9.23282E-1 8.66996E-1 9.74281E-1 8.58447E-1 8.92813E-1 8.3016E-1 9.19129E-1 9.442E-1 9.53581E-1 8.69747E-1 9.34891E-1 9.47346E-1 8.55584E-1 9.41246E-1 7.9904E-1 9.10458E-1 7.09003E-1 9.07853E-1 9.18806E-1 8.28236E-1 8.75758E-1 9.50173E-1 6.25992E-1 7.89468E-1 8.85705E-1 8.44228E-1 9.05051E-1 9.06921E-1 8.73196E-1 8.10045E-1 8.23569E-1 8.25696E-1 8.63368E-1 6.39878E-1 5.62014E-1 5.67215E-1 5.92011E-1 6.81273E-1 5.24215E-1 6.25615E-1 7.46593E-1 7.04134E-1 5.52449E-1 7.85932E-1 6.66737E-1 8.41258E-1 7.77001E-1 4.91977E-1 5.97177E-2 0E0 0E0 0E0 0E0 2.72149E-1 3.53102E-1 2.66623E-1 4.5449E-1 4.72496E-1 2.60647E-1 2.48504E-2 2.30041E-2 0E0 0E0
8.63076E-1 8.26963E-1 5.7066E-1 7.42554E-1 8.12384E-1 8.16272E-1 6.81528E-1 9.21476E-1 7.5589E-1 8.91394E-1 9.69068E-1 9.31123E-1 9.39301E-1 9.46041E-1 8.16686E-1 8.54545E-1 8.95697E-1 9.34398E-1 8.65491E-1 7.22483E-1 7.59933E-1 9.25766E-1 8.99074E-1 6.89611E-1 7.09608E-1 7.22769E-1 8.65104E-1 7.88326E-1 8.3437E-1 8.98479E-1 7.28965E-1 7.95516E-1 7.86816E-1 8.69691E-1 8.59139E-1 7.55043E-1 9.00123E-1 7.80536E-1 7.85174E-1 8.09959E-1 7.40664E-1 6.46273E-1 6.60026E-1 6.88173E-1 7.51747E-1 7.19655E-1 6.15083E-1 7.08798E-1 7.78428E-1 7.31986E-1 6.26983E-1 7.98476E-1 7.90561E-1 8.21333E-1 8.22233E-1 5.13346E-1 8.73703E-2 5.417E-3 0E0 0E0 0E0 4.6995E-1 3.25252E-1 2.4953E-1 3.89732E-1 3.62185E-1 2.34919E-1 0E0 0E0 0E0 0E0
6.298E-1 5.61852E-1 5.53203E-1 5.75818E-1 7.13444E-1 6.4756E-1 9.32903E-1 9.29778E-1 7.16146E-1 7.57858E-1 9.49145E-1 9.66983E-1 9.60612E-1 9.32825E-1 9.28046E-1 9.29715E-1 9.05762E-1 7.96869E-1 9.0315E-1 8.96784E-1 9.29914E-1 9.16626E-1 8.0042E-1 7.17699E-1 8.80436E-1 7.8051E-1 7.74811E-1 9.15905E-1 8.60405E-1 8.89322E-1 7.89341E-1 9.14879E-1 9.18808E-1 8.30233E-1 8.34153E-1 8.32756E-1 9.02214E-1 8.09972E-1 7.70174E-1 7.52399E-1 7.40997E-1 8.57507E-1 7.46827E-1 6.90548E-1 6.78927E-1 6.32453E-1 6.53396E-1 7.51291E-1 8.22755E-1 7.2519E-1 7.47435E-1 8.37767E-1 7.92963E-1 8.60635E-1 8.23531E-1 4.33798E-1 1.52566E-1 1.6618E-1 1.09564E-1 2.75041E-2 1.2248E-1 2.82097E-1 4.17087E-1 4.57904E-1 2.177E-1 0E0 0E0 0E0 0E0 0E0 0E0
7.93496E-1 8.35357E-1 2.93703E-1 4.0803E-1 6.38457E-1 6.40502E-1 7.73802E-1 9.29699E-1 8.24614E-1 8.64528E-1 8.08478E-1 8.34088E-1 9.59583E-1 9.03931E-1 9.09265E-1 8.84728E-1 9.26554E-1 9.15093E-1 9.06295E-1 7.87134E-1 8.56036E-1 8.62758E-1 7.80379E-1 3.11828E-1 8.06018E-1 8.56128E-1 9.22974E-1 8.85165E-1 8.93802E-1 8.96515E-1 6.55453E-1 7.52633E-1 7.71566E-1 8.61321E-1 8.7622E-1 7.90815E-1 8.66985E-1 7.85402E-1 7.0282E-1 8.119E-1 7.80074E-1 8.49442E-1 8.53232E-1 8.49263E-1 8.39047E-1 7.14935E-1 6.98774E-1 7.73465E-1 7.76103E-1 8.28058E-1 8.02033E-1 8.70075E-1 8.35428E-1 8.41401E-1 8.27808E-1 5.86428E-1 3.86372E-1 1.80688E-1 2.38444E-1 1.90429E-1 4.64216E-1 4.74707E-1 4.77283E-1 3.52399E-2 0E0 0E0 0E0 0E0 0E0 0E0 0E0
6.58156E-1 7.21317E-1 6.47016E-1 6.07666E-1 8.11889E-1 8.55086E-1 9.23465E-1 5.78376E-1 9.42095E-1 9.57045E-1 9.28803E-1 9.25573E-1 9.58262E-1 9.36256E-1 9.56405E-1 9.43829E-1 9.25403E-1 9.27977E-1 9.12235E-1 9.32691E-1 7.54636E-1 7.9437E-1 7.17212E-1 4.8459E-1 8.70225E-1 8.17587E-1 9.17943E-1 8.80446E-1 9.19168E-1 8.84278E-1 8.61518E-1 8.82513E-1 9.1805E-1 9.16573E-1 9.07334E-1 7.27228E-1 7.0867E-1 8.07177E-1 7.55593E-1 7.40881E-1 7.83935E-1 8.96583E-1 8.83841E-1 9.06449E-1 8.68015E-1 8.00721E-1 6.20331E-1 6.55387E-1 6.88919E-1 7.42326E-1 7.64339E-1 7.67919E-1 8.58989E-1 7.85718E-1 5.59714E-1 4.47817E-1 4.95313E-1 8.14127E-2 2.4194E-2 3.11421E-2 0E0 0E0 0E0 0E0 0E0 0E0 0E0 0E0 0E0 0E0 0E0
6.19892E-1 5.17477E-1 5.65448E-1 3.62111E-1 7.36262E-1 9.40575E-1 8.41988E-1 8.81102E-1 6.85827E-1 6.96566E-1 8.3974E-1 8.67614E-1 8.8811E-1 8.3397E-1 8.88356E-1 9.29357E-1 8.92934E-1 9.26772E-1 8.09713E-1 9.29041E-1 8.16102E-1 8.99694E-1 9.00831E-1 6.79981E-1 8.60537E-1 8.47607E-1 8.30132E-1 8.90934E-1 8.72666E-1 8.93607E-1 8.35803E-1 8.36379E-1 8.1556E-1 7.67951E-1 6.61219E-1 7.90833E-1 8.51138E-1 8.22025E-1 7.58919E-1 7.84518E-1 8.34347E-1 8.9292E-1 8.96958E-1 8.91218E-1 8.6824E-1 8.49311E-1 8.72185E-1 8.38874E-1 8.09609E-1 8.60905E-1 8.77382E-1 8.5852E-1 8.51608E-1 7.88559E-1 5.59436E-1 3.28577E-1 4.63763E-2 6.95344E-2 4.55485E-1 6.0683E-2 0E0 0E0 0E0 0E0 0E0 0E0 1.18108E-2 7.52504E-2 1.51544E-2 6.66524E-2 6.31159E-3
7.92805E-1 6.63033E-1 5.33779E-1 5.49171E-1 4.24537E-1 7.3763E-1 9.05366E-1 8.86557E-1 2.26485E-1 1.80224E-1 6.90362E-1 9.35297E-1 9.49627E-1 9.03571E-1 9.34503E-1 9.32454E-1 9.3736E-1 9.38537E-1 8.72439E-1 9.17266E-1 7.85066E-1 9.20021E-1 9.00011E-1 7.68334E-1 7.33094E-1 8.48034E-1 7.02368E-1 9.0182E-1 9.14078E-1 8.09994E-1 8.65668E-1 8.63688E-1 8.30402E-1 8.89613E-1 8.56611E-1 7.85388E-1 8.05827E-1 8.42865E-1 7.87018E-1 8.10243E-1 8.12022E-1 7.93808E-1 7.52152E-1 7.5439E-1 7.43408E-1 7.26625E-1 8.00888E-1 6.80379E-1 8.22207E-1 8.48156E-1 8.19427E-1 8.10213E-1 8.73272E-1 8.50064E-1 7.64798E-1 7.48038E-1 7.01904E-1 6.10294E-1 7.69682E-1 6.06583E-1 9.47986E-2 1.98232E-1 0E0 0E0 0E0 5.65459E-2 4.64853E-2 5.72073E-2 6.98421E-2 7.08655E-2 1.20613E-1
5.78524E-1 6.51807E-1 8.5609E-1 8.6229E-1 5.22177E-1 7.17131E-1 6.43577E-1 9.02671E-1 7.17629E-1 1.7332E-1 9.5395E-1 9.32036E-1 7.83958E-1 9.25581E-1 9.23254E-1 9.23783E-1 9.39324E-1 9.41433E-1 7.70055E-1 7.87805E-1 7.46769E-1 7.73477E-1 6.77475E-1 8.36654E-1 8.24705E-1 8.40725E-1 7.08347E-1 7.83717E-1 9.04405E-1 8.12261E-1 8.50562E-1 7.95459E-1 8.72367E-1 8.40672E-1 8.22249E-1 8.54845E-1 8.31789E-1 8.57541E-1 8.81234E-1 8.17722E-1 7.31654E-1 6.78813E-1 5.87796E-1 6.50732E-1 7.47274E-1 6.44413E-1 8.41847E-1 7.81598E-1 8.40119E-1 8.57407E-1 7.68524E-1 8.23812E-1 6.51463E-1 6.52806E-1 8.05246E-1 7.06755E-1 7.10536E-1 4.06916E-1 1.61199E-1 3.58834E-1 3.60506E-1 6.81119E-2 3.83248E-2 1.69017E-2 1.48167E-1 2.91739E-2 4.71792E-2 1.7442E-2 6.34547E-2 1.19646E-1 1.37756E-1
7.80285E-1 6.83724E-1 6.96803E-1 8.84098E-1 5.35321E-1 6.33775E-1 4.6756E-1 1.23893E-1 2.30827E-1 2.30847E-1 4.61918E-1 7.98279E-1 9.32223E-1 9.15185E-1 9.38394E-1 9.14759E-1 8.90436E-1 9.18206E-1 7.97758E-1 8.65694E-1 9.21803E-1 8.42963E-1 9.41682E-1 7.79706E-1 7.84065E-1 8.73242E-1 8.98105E-1 8.867E-1 9.17813E-1 8.49399E-1 8.10624E-1 8.44771E-1 8.4425E-1 8.18366E-1 8.40845E-1 9.05729E-1 8.5268E-1 8.95971E-1 9.11243E-1 7.9609E-1 7.3643E-1 5.86517E-1 7.03948E-1 7.76387E-1 8.57011E-1 8.20983E-1 7.98638E-1 7.62214E-1 8.62257E-1 7.29682E-1 7.38987E-1 7.61667E-1 7.77511E-1 6.08896E-1 7.36294E-1 7.99353E-1 7.06397E-1 2.73417E-1 4.02431E-1 3.50136E-1 3.02501E-1 1.52363E-1 2.06317E-2 1.34931E-2 7.69344E-2 4.68696E-3 5.03487E-2 3.78226E-2 7.17073E-2 9.31615E-2 6.46801E-2
4.46534E-1 6.07948E-1 7.11916E-1 1.57012E-1 2.02198E-1 7.08426E-1 6.94455E-1 6.33772E-1 5.30699E-1 7.23386E-1 7.19318E-1 5.28651E-1 7.49583E-1 8.74034E-1 9.51479E-1 9.37568E-1 9.504E-1 8.55086E-1 8.1604E-1 8.13425E-1 9.40145E-1 7.49477E-1 8.09567E-1 8.952E-1 9.1024E-1 8.18313E-1 8.97743E-1 9.01515E-1 8.86544E-1 8.81797E-1 9.08451E-1 8.80332E-1 9.20599E-1 9.40849E-1 9.26261E-1 9.35822E-1 9.23079E-1 8.90032E-1 8.7163E-1 8.91914E-1 8.40541E-1 8.66909E-1 8.38927E-1 8.53622E-1 8.47055E-1 7.63133E-1 8.2634E-1 7.36011E-1 7.56755E-1 7.96243E-1 6.0067E-1 6.73667E-1 7.42179E-1 1.6152E-1 2.06137E-1 5.24664E-1 4.14121E-1 2.25264E-1 8.62254E-2 1.07122E-1 2.15389E-1 3.33929E-1 1.50112E-1 1.35232E-3 6.2636E-2 2.55741E-2 1.65593E-2 1.90576E-2 4.94972E-2 3.13334E-2 1.5133E-2
5.92538E-1 3.53207E-1 6.83014E-1 2.15726E-1 1.81274E-1 0E0 2.0202E-1 1.96128E-1 2.06262E-1 4.0297E-1 6.4208E-1 7.92669E-1 9.56703E-1 9.55574E-1 8.89188E-1 8.86948E-1 8.49774E-1 8.79773E-1 7.97781E-1 8.94608E-1 8.82499E-1 8.5212E-1 8.68025E-1 9.00738E-1 8.8234E-1 9.22595E-1 9.11175E-1 8.62628E-1 8.18885E-1 9.53864E-1 9.13781E-1 9.25227E-1 9.37508E-1 7.98726E-1 8.84574E-1 8.61379E-1 8.97764E-1 8.8256E-1 8.19941E-1 8.6831E-1 8.29275E-1 8.60264E-1 8.40513E-1 8.49302E-1 8.41437E-1 8.32743E-1 7.79144E-1 8.76659E-1 8.76218E-1 7.02645E-1 5.72879E-1 3.56508E-1 2.12915E-1 1.06483E-1 1.33141E-2 0E0 0E0 0E0 0E0 0E0 5.54924E-2 6.03152E-2 1.02788E-1 1.9445E-1 2.39479E-2 2.21426E-2 2.71581E-2 2.3202E-2 3.66144E-2 7.02637E-2 1.29899E-2
1.98196E-1 7.63405E-1 5.11458E-1 1.79343E-1 1.43039E-1 0E0 1.69962E-1 2.00467E-1 1.80989E-1 7.57649E-1 7.9945E-1 7.75321E-1 9.53155E-1 9.5314E-1 9.33684E-1 9.328E-1 9.19358E-1 8.18383E-1 9.15204E-1 9.15501E-1 8.95084E-1 8.86252E-1 8.75891E-1 8.9511E-1 9.3468E-1 9.24433E-1 9.12256E-1 9.1868E-1 9.12713E-1 9.16797E-1 9.23197E-1 8.8326E-1 9.15316E-1 7.31966E-1 9.16523E-1 9.09463E-1 8.98402E-1 8.6744E-1 8.25607E-1 8.11323E-1 8.7836E-1 8.1742E-1 7.61067E-1 7.91163E-1 8.04595E-1 7.83135E-1 7.46728E-1 8.09685E-1 7.2356E-1 4.28518E-1 6.24215E-1 1.06312E-1 0E0 0E0 0E0 0E0 0E0 0E0 0E0 0E0 0E0 0E0 0E0 1.00859E-1 1.01742E-1 9.59938E-2 2.98263E-2 1.1077E-2 0E0 5.14213E-2 4.4257E-3
1.42272E-1 4.09217E-1 4.17749E-1 1.31079E-1 1.41888E-1 0E0 0E0 1.73498E-1 2.00002E-1 7.13309E-1 7.91849E-1 8.66632E-1 9.00896E-1 7.09341E-1 8.62455E-1 8.50336E-1 8.30481E-1 8.99149E-1 9.4028E-1 8.9497E-1 9.16431E-1 9.35908E-1 8.2983E-1 8.55169E-1 8.92397E-1 9.36513E-1 9.06343E-1 9.17047E-1 9.5072E-1 9.10142E-1 8.55935E-1 9.07093E-1 7.78476E-1 8.51993E-1 8.60888E-1 8.37682E-1 8.63536E-1 8.81519E-1 8.44786E-1 7.51052E-1 7.33903E-1 7.36866E-1 7.69805E-1 8.24402E-1 7.48264E-1 6.61779E-1 6.97352E-1 5.59523E-1 3.16233E-1 6.61701E-2 0E0 0E0 0E0 0E0 0E0 0E0 0E0 0E0 0E0 0E0 0E0 0E0 0E0 0E0 1.2653E-1 9.64872E-2 5.91571E-2 0E0 0E0 0E0 0E0
3.13699E-1 4.49475E-1 1.4435E-1 0E0 0E0 0E0 1.6974E-1 6.58845E-1 6.23343E-1 6.52965E-1 8.85649E-1 9.27118E-1 9.38102E-1 8.94694E-1 9.14204E-1 8.59054E-1 8.37903E-1 9.05984E-1 9.4408E-1 7.92769E-1 9.0045E-1 8.88895E-1 8.84269E-1 9.05499E-1 9.27078E-1 9.52176E-1 9.31933E-1 9.06828E-1 8.31439E-1 2.35844E-1 9.08486E-1 8.53573E-1 8.41902E-1 7.81774E-1 7.97884E-1 8.32345E-1 8.01748E-1 7.80909E-1 7.72698E-1 7.28821E-1 7.73395E-1 6.00867E-1 4.50263E-1 7.82415E-1 7.45193E-1 6.39606E-1 6.71557E-1 5.84147E-1 2.18519E-1 0E0 0E0 0E0 0E0 0E0 0E0 0E0 0E0 0E0 0E0 0E0 0E0 0E0 0E0 0E0 8.28849E-2 3.06386E-2 4.50346E-2 1.26929E-2 0E0 0E0 0E0
5.23215E-1 4.94724E-1 5.7153E-1 3.71746E-1 3.99814E-1 1.63063E-1 5.55844E-1 4.32777E-1 5.03636E-1 6.44835E-1 7.65436E-1 9.41103E-1 8.41298E-1 9.26827E-1 7.8165E-1 8.89684E-1 9.17452E-1 8.22428E-1 8.38875E-1 5.93063E-1 9.18407E-1 8.42789E-1 7.8447E-1 8.18574E-1 9.32087E-1 8.76202E-1 9.51398E-1 9.49098E-1 9.03239E-1 6.98516E-1 8.52616E-1 9.19792E-1 8.59613E-1 8.40851E-1 7.76211E-1 7.87639E-1 7.39328E-1 7.77603E-1 7.05492E-1 7.39385E-1 7.09055E-1 6.71738E-1 7.08013E-1 6.58773E-1 6.21519E-1 6.68549E-1 5.55158E-1 7.4553E-1 3.38111E-1 0E0 0E0 0E0 0E0 0E0 0E0 0E0 0E0 0E0 0E0 0E0 0E0 0E0 0E0 0E0 4.82297E-2 7.82393E-2 1.33382E-2 0E0 0E0 0E0 0E0
7.19324E-1 4.63864E-1 3.98561E-1 7.04751E-1 6.53181E-1 5.48393E-1 7.00288E-1 7.80572E-1 6.84424E-1 7.58268E-1 8.75321E-1 5.19666E-1 7.50039E-1 8.83829E-1 9.07486E-1 5.2084E-1 6.00233E-1 7.39866E-1 8.82184E-1 6.42857E-1 8.91044E-1 9.07055E-1 9.07053E-1 9.06362E-1 9.12549E-1 9.58791E-1 9.53067E-1 9.05836E-1 8.68374E-1 8.74615E-1 8.20719E-1 9.07755E-1 9.35596E-1 8.15565E-1 8.10621E-1 6.55015E-1 6.45499E-1 7.16473E-1 7.32091E-1 6.14228E-1 6.19408E-1 6.97337E-1 7.41876E-1 6.56438E-1 4.61751E-1 6.08116E-1 6.17808E-1 6.70818E-1 4.42879E-1 1.5145E-1 0E0 0E0 0E0 0E0 0E0 0E0 0E0 0E0 0E0 0E0 0E0 0E0 0E0 0E0 3.14042E-2 8.78499E-2 1.53589E-2 0E0 0E0 0E0 0E0
6.03249E-1 6.09703E-1 6.44804E-1 6.37746E-1 8.60256E-1 8.51887E-1 7.59735E-1 5.96881E-1 8.55465E-1 5.54703E-1 6.63152E-1 4.55523E-1 6.04437E-1 8.12309E-1 9.07526E-1 8.67968E-1 8.86753E-1 9.15669E-1 8.32907E-1 8.94252E-1 8.50251E-1 7.92415E-1 9.09906E-1 9.28237E-1 9.42629E-1 9.51716E-1 9.10971E-1 9.01364E-1 9.27036E-1 9.31873E-1 9.35539E-1 9.10397E-1 8.33331E-1 5.7026E-1 7.63924E-1 6.70191E-1 6.25546E-1 5.81633E-1 6.45419E-1 5.94623E-1 5.18808E-1 5.73942E-1 6.58173E-1 6.06289E-1 6.45684E-1 7.08588E-1 7.07353E-1 6.40278E-1 9.54152E-2 6.36883E-3 0E0 0E0 0E0 0E0 0E0 0E0 0E0 0E0 0E0 0E0 0E0 0E0 0E0 0E0 1.41608E-1 9.38711E-2 4.89972E-3 0E0 0E0 0E0 0E0
