ENM/Final_Models/M_1_F_q_Set_1_EC/Gustavia_santanderiensis_Choco_stddev.asc
ncols         367
nrows         963
xllcorner     -78.6
yllcorner     0.65
cellsize      0.00833333333333323
NODATA_value  -9999
[rows 180 to 209 of 963, columns 134 to 200 of 367]
1.66441E-3 1.71262E-3 4.35202E-3 4.27039E-3 6.38101E-3 5.36827E-3 9.2314E-3 1.74345E-2 1.86943E-2 1.6425E-2 1.09979E-2 1.38799E-2 1.29399E-2 7.75612E-3 9.24216E-3 7.75513E-3 4.97244E-3 5.08456E-3 4.34853E-3 5.13488E-3 3.64195E-3 3.13679E-3 6.68595E-3 4.47465E-3 4.77716E-3 1.84438E-2 1.32782E-2 1.29261E-2 2.11105E-2 2.19926E-2 2.07319E-2 2.7231E-2 3.1297E-2 4.09092E-2 4.67864E-2 5.70068E-2 6.13534E-2 5.51926E-2 1.22651E-1 9.85136E-2 9.61344E-2 8.45798E-2 4.05899E-2 3.11851E-2 1.7472E-2 2.62883E-2 4.69773E-2 1.0233E-2 6.246E-3 3.63863E-3 2.65411E-2 9.0761E-2 6.31463E-2 8.37331E-2 4.11306E-2 8.92117E-2 1.30085E-2 2.89046E-2 2.05146E-2 7.32103E-2 1.16705E-2 9.92236E-3 7.81314E-3 1.98251E-2 3.55188E-4 4.71427E-4 2.77561E-4
1.17452E-3 2.65103E-3 4.10613E-3 6.77913E-3 8.82495E-3 1.09811E-2 1.60181E-2 1.26444E-2 1.50563E-2 1.73999E-2 1.11496E-2 1.21198E-2 9.4627E-3 4.04353E-3 4.88747E-3 3.54724E-3 5.17635E-3 5.4108E-3 6.37242E-3 3.70323E-3 4.43011E-3 5.26126E-3 6.7523E-3 5.93001E-3 6.23424E-3 1.56708E-2 8.9806E-3 7.51501E-3 1.62421E-2 2.64148E-2 2.73625E-2 4.08147E-2 6.17343E-2 5.86414E-2 5.46877E-2 6.31419E-2 7.12466E-2 4.45624E-2 3.24873E-2 1.03567E-1 7.81117E-2 6.57681E-2 7.19349E-2 9.22117E-2 9.20823E-2 2.47701E-2 2.12679E-2 2.90995E-2 4.02514E-2 2.90253E-2 1.85592E-2 4.92664E-2 3.87921E-2 2.79177E-2 1.72246E-2 4.7709E-3 3.31181E-2 7.32249E-2 1.87365E-2 1.52744E-2 7.3257E-3 2.1799E-2 7.92524E-3 5.33983E-3 1.56169E-4 1.60519E-3 1.61412E-2
1.23398E-3 3.66051E-3 6.52519E-3 1.13995E-2 8.17697E-3 7.91277E-3 1.51591E-2 1.4982E-2 6.81081E-3 1.00986E-2 1.00605E-2 5.74729E-3 3.87892E-3 5.36105E-3 6.07695E-3 4.92716E-3 1.6597E-3 1.94035E-3 4.97179E-3 4.5615E-3 2.60843E-3 5.78561E-3 6.90783E-3 9.33611E-3 7.9198E-3 1.24669E-2 9.61288E-3 7.25394E-3 1.71915E-2 2.60914E-2 3.5329E-2 4.26213E-2 8.24339E-2 1.16538E-1 6.06673E-2 4.60465E-2 5.37661E-2 5.49862E-2 4.52094E-2 1.07627E-1 9.0654E-2 1.46489E-1 6.7318E-2 4.15359E-2 4.31537E-2 5.08078E-2 4.62201E-2 9.35901E-3 7.5745E-3 1.12436E-2 7.99841E-3 2.04853E-2 9.31189E-3 1.20872E-2 1.75857E-2 2.56174E-2 4.46418E-3 4.07015E-2 2.73124E-2 1.72565E-2 6.87784E-3 6.56069E-4 1.3649E-3 1.87432E-4 1.37947E-3 3.0849E-3 5.02684E-3
3.16414E-3 4.11917E-3 5.14715E-3 1.27567E-2 1.07772E-2 1.04391E-2 1.11238E-2 1.44427E-2 9.85052E-3 8.32433E-3 4.10485E-3 5.17291E-3 4.9916E-3 6.42478E-3 5.03074E-3 3.36017E-3 2.50418E-3 4.21806E-3 2.86783E-3 2.41669E-3 5.22386E-3 6.94614E-3 6.4495E-3 1.25177E-2 1.11202E-2 1.49814E-2 5.80318E-3 1.35143E-2 1.52993E-2 3.7859E-2 3.68576E-2 4.32632E-2 8.71674E-2 1.1458E-1 3.89981E-2 4.36505E-2 2.98022E-2 2.28888E-2 5.26363E-2 5.62807E-2 5.17996E-2 7.09361E-2 8.23592E-2 8.30941E-2 3.12775E-2 3.10475E-2 3.18285E-2 5.06004E-2 3.94665E-2 5.11302E-2 1.94735E-2 1.5154E-2 1.42211E-2 1.90255E-2 3.22426E-3 1.39642E-2 1.91315E-2 5.42955E-3 9.03376E-3 7.90744E-3 4.6964E-3 1.98901E-3 9.06869E-4 1.98349E-3 4.70301E-3 1.74464E-3 2.14828E-2
2.95564E-3 1.85359E-3 4.86898E-3 8.71442E-3 1.48463E-2 1.40122E-2 1.38184E-2 1.30682E-2 9.75121E-3 5.6656E-3 5.09033E-3 5.52562E-3 4.85619E-3 4.94426E-3 2.28872E-3 2.8567E-3 2.90346E-3 2.31992E-3 2.49702E-3 4.02016E-3 4.53282E-3 7.43185E-3 6.57257E-3 9.72327E-3 7.86701E-3 7.98564E-3 8.94708E-3 1.60767E-2 2.86662E-2 3.52222E-2 3.89791E-2 4.12891E-2 5.3184E-2 1.0015E-1 3.48961E-2 5.88488E-2 1.59276E-1 1.28474E-1 8.46285E-2 1.13241E-1 2.03875E-2 5.12417E-2 4.03198E-2 4.50936E-2 3.62738E-2 2.84945E-2 1.58851E-2 9.45453E-3 1.56225E-2 6.05303E-2 2.54505E-2 4.23147E-3 9.90492E-3 4.92731E-2 8.21194E-3 6.15316E-2 3.80245E-2 5.3221E-3 3.08423E-3 3.82495E-3 3.18295E-3 1.78669E-2 3.05101E-2 2.65611E-3 8.03307E-4 2.6001E-4 4.36433E-3
4.80458E-3 4.77612E-3 9.44001E-3 1.50953E-2 1.12915E-2 1.33607E-2 1.46449E-2 1.05331E-2 5.35662E-3 4.31873E-3 5.95984E-3 6.07878E-3 4.26315E-3 2.95708E-3 3.37961E-3 1.74577E-3 1.6785E-3 2.58632E-3 2.46535E-3 3.99848E-3 4.61225E-3 6.4798E-3 6.16674E-3 7.75209E-3 6.07324E-3 8.86363E-3 8.96346E-3 1.30271E-2 2.39008E-2 4.24057E-2 4.32859E-2 3.89541E-2 6.89225E-2 8.12002E-2 9.45438E-2 1.48063E-1 1.22707E-1 1.12175E-1 1.19754E-1 5.45947E-2 2.42522E-2 4.47535E-2 2.79879E-2 8.71192E-3 1.59408E-2 1.49625E-2 1.55232E-2 3.78768E-2 3.58325E-2 5.87966E-2 4.88554E-2 5.57135E-3 2.55197E-2 2.05204E-2 2.03041E-2 4.38425E-2 7.24913E-2 8.69349E-4 1.65667E-4 3.50933E-4 1.27933E-3 8.18901E-3 2.59635E-3 7.77486E-3 1.0805E-3 4.89959E-4 5.84368E-4
4.91763E-3 1.12573E-2 2.10711E-2 2.65349E-2 1.65563E-2 1.09666E-2 7.37411E-3 6.61601E-3 5.92528E-3 4.34695E-3 3.65516E-3 3.43804E-3 2.8623E-3 3.02587E-3 3.71754E-3 3.61155E-3 2.7212E-3 2.21148E-3 3.18105E-3 4.35104E-3 5.95744E-3 7.85872E-3 5.84446E-3 5.70509E-3 6.64042E-3 6.75663E-3 1.1772E-2 1.74035E-2 2.72477E-2 4.41433E-2 6.51553E-2 5.50158E-2 6.51377E-2 1.21668E-1 1.22111E-1 1.08904E-1 1.54893E-1 1.63508E-1 9.36853E-2 6.07145E-2 5.99656E-2 4.1783E-2 2.644E-2 1.73112E-3 2.46057E-3 1.01854E-2 3.48331E-2 4.02852E-2 4.60947E-2 6.62218E-2 5.78006E-2 3.17394E-2 4.77706E-2 2.48261E-2 2.0983E-2 1.5167E-2 1.67936E-2 5.26324E-4 1.08104E-3 8.68649E-4 1.55262E-5 2.07852E-4 2.27503E-4 2.20234E-3 2.40912E-4 1.40672E-4 7.35237E-3
1.18092E-2 1.26701E-2 1.21377E-2 4.4608E-2 3.24512E-2 3.44488E-3 4.48909E-3 4.23108E-3 5.00901E-3 3.90046E-3 2.5618E-3 3.32812E-3 2.90747E-3 3.48471E-3 3.64449E-3 3.55924E-3 3.40217E-3 2.96742E-3 3.18717E-3 2.97035E-3 4.18368E-3 3.46153E-3 5.80788E-3 5.56767E-3 7.12985E-3 7.19521E-3 1.26154E-2 1.77886E-2 2.4463E-2 3.52805E-2 8.62456E-2 1.17749E-1 6.31225E-2 5.09944E-2 1.25032E-1 1.29768E-1 1.02864E-1 1.01346E-1 9.95708E-2 5.43608E-2 7.81929E-2 5.91114E-2 1.62985E-2 4.99469E-3 1.81668E-2 2.85547E-2 3.94446E-2 3.31813E-2 4.09846E-2 3.74161E-3 5.77661E-2 1.14481E-2 1.64072E-2 1.35381E-2 5.60993E-2 4.92053E-4 7.53035E-5 3.82439E-3 1.23788E-2 1.42419E-3 8.15968E-3 2.47453E-4 1.25338E-6 1.63253E-3 4.66213E-5 8.5955E-4 5.96255E-2
1.84876E-2 5.08621E-2 3.21707E-2 3.26345E-2 1.7079E-2 5.48274E-3 5.35955E-3 3.63987E-3 3.56758E-3 2.87232E-3 3.07694E-3 4.63539E-3 4.81384E-3 3.96641E-3 3.45021E-3 3.55122E-3 3.06833E-3 2.82662E-3 3.55408E-3 3.40444E-3 4.92641E-3 6.72804E-3 8.9827E-3 6.59668E-3 9.13964E-3 1.07585E-2 2.04481E-2 3.31353E-2 3.73591E-2 4.83626E-2 3.79255E-2 4.4298E-2 3.86423E-2 6.23661E-2 9.6174E-2 1.32738E-1 2.02274E-1 1.78594E-1 1.86749E-1 1.37665E-1 3.86039E-2 6.68124E-2 1.29575E-2 1.75093E-2 3.46745E-2 2.8297E-2 4.38285E-2 7.91278E-2 4.06258E-2 1.53132E-2 5.66866E-3 1.07385E-2 1.68371E-2 5.00357E-3 9.51068E-3 1.51284E-2 2.21326E-3 6.26259E-4 1.34216E-2 1.70782E-2 1.03885E-3 5.3657E-4 3.76422E-3 8.09854E-3 4.27134E-3 6.89924E-6 2.80406E-3
1.31829E-1 6.29832E-2 2.22763E-2 1.92093E-2 5.18679E-3 1.97873E-3 2.07209E-3 3.11091E-3 2.589E-3 1.8144E-3 2.71702E-3 3.25427E-3 3.09009E-3 3.48121E-3 3.02207E-3 3.13385E-3 3.77725E-3 4.11009E-3 4.18728E-3 4.079E-3 4.97239E-3 7.38122E-3 8.97655E-3 1.09801E-2 1.49197E-2 1.99578E-2 2.27112E-2 4.22604E-2 3.28096E-2 4.19744E-2 5.65158E-2 4.59692E-2 4.71758E-2 4.25837E-2 1.33467E-1 2.02708E-1 2.035E-1 1.12136E-1 1.09032E-1 7.9736E-2 8.95451E-2 1.76337E-2 5.74869E-2 4.03444E-2 2.12656E-2 2.47272E-2 3.30915E-2 2.42973E-2 5.65295E-2 5.21122E-2 6.08344E-2 2.36865E-2 2.06921E-2 5.26395E-2 3.5109E-2 3.20172E-2 1.61253E-2 1.28153E-2 2.93409E-3 1.76622E-4 8.11088E-4 1.07207E-2 3.97348E-3 4.06277E-3 5.99132E-6 2.31266E-6 1.7127E-2
1.29196E-1 6.33723E-2 1.49125E-2 1.15674E-2 2.291E-3 1.31604E-3 1.34544E-3 1.99786E-3 3.0757E-3 3.42253E-3 3.40468E-3 2.80809E-3 2.93259E-3 2.99256E-3 1.81094E-3 3.75856E-3 4.01934E-3 4.43346E-3 5.27216E-3 4.1398E-3 4.06344E-3 7.39949E-3 9.83156E-3 1.16359E-2 1.34341E-2 2.12796E-2 3.12483E-2 5.26371E-2 6.33014E-2 4.90217E-2 6.63053E-2 7.40893E-2 5.20444E-2 6.58265E-2 1.43766E-1 2.1605E-1 1.90717E-1 1.04058E-1 9.68153E-2 8.62242E-2 8.30704E-2 6.94315E-2 7.0284E-2 3.60892E-2 3.22389E-2 3.01522E-2 2.39846E-2 4.08036E-2 3.34207E-2 6.11196E-2 5.27457E-2 4.9874E-2 1.97244E-2 5.16222E-3 9.31279E-3 9.37622E-3 7.31175E-3 5.16492E-3 1.55203E-4 1.02187E-2 2.04149E-2 1.25344E-2 1.52958E-3 1.04961E-3 3.40634E-5 1.14882E-4 6.48878E-5
6.97921E-2 5.29167E-2 2.54603E-2 1.13438E-2 4.10252E-3 2.45733E-3 1.81904E-3 2.26728E-3 3.06974E-3 4.36634E-3 2.42227E-3 2.68272E-3 2.65365E-3 3.12819E-3 2.4988E-3 2.8009E-3 4.91257E-3 5.52437E-3 6.66305E-3 5.87555E-3 4.84227E-3 6.57479E-3 8.345E-3 1.10704E-2 1.81311E-2 2.16769E-2 2.58807E-2 3.68355E-2 6.18566E-2 8.28591E-2 5.41601E-2 6.8163E-2 6.26195E-2 7.76559E-2 1.54432E-1 1.73345E-1 1.20364E-1 1.3533E-1 1.2227E-1 9.71273E-2 9.0405E-2 5.8117E-2 6.47601E-2 2.68318E-2 3.42763E-2 2.57282E-2 3.28791E-2 5.45733E-2 4.91768E-2 3.6692E-2 5.3553E-2 4.12765E-2 3.59743E-3 3.79465E-2 5.80908E-3 1.12393E-2 6.17631E-3 8.22241E-3 7.30862E-4 1.80916E-2 5.80618E-3 8.10793E-3 1.47213E-2 1.08282E-2 8.13605E-5 2.09097E-3 6.61408E-5
4.95352E-2 3.10455E-2 2.14356E-2 6.4698E-3 2.11519E-3 1.84454E-3 1.50895E-3 1.93432E-3 3.26461E-3 2.37827E-3 1.30484E-3 2.25693E-3 3.41091E-3 3.39709E-3 2.44109E-3 4.00687E-3 7.01988E-3 8.50139E-3 9.30919E-3 1.00254E-2 1.0164E-2 8.49861E-3 9.28282E-3 1.29562E-2 1.56455E-2 2.73605E-2 2.40405E-2 3.39101E-2 4.94517E-2 6.33187E-2 4.83693E-2 6.62052E-2 6.17529E-2 1.17503E-1 1.85807E-1 1.60273E-1 1.20781E-1 1.31974E-1 1.13467E-1 1.02412E-1 6.83691E-2 5.58947E-2 6.12757E-2 4.95502E-2 2.38099E-2 2.2654E-2 2.43924E-2 4.00736E-2 2.83499E-2 3.02562E-2 1.95126E-2 8.84928E-3 1.01342E-2 6.77751E-3 1.89801E-2 9.21376E-3 1.29052E-3 6.59723E-5 1.21189E-3 6.88154E-4 1.42783E-3 7.48269E-3 2.11666E-2 2.75444E-2 4.99917E-5 2.11008E-4 3.57112E-6
2.50248E-2 1.04873E-2 5.39653E-3 3.40089E-3 3.34858E-3 2.30425E-3 2.36099E-3 2.6592E-3 3.62485E-3 2.625E-3 1.66825E-3 1.84954E-3 2.26157E-3 1.98736E-3 3.98229E-3 3.49739E-3 7.72401E-3 8.61472E-3 1.29076E-2 9.62382E-3 7.06668E-3 1.18938E-2 1.60842E-2 1.96932E-2 3.09873E-2 4.0266E-2 3.4596E-2 7.55602E-2 5.90478E-2 6.22919E-2 5.55693E-2 8.6858E-2 9.58581E-2 1.18381E-1 1.05151E-1 1.2007E-1 2.05192E-1 1.58168E-1 1.26524E-1 1.55603E-1 9.71207E-2 3.74352E-2 5.06706E-2 4.08186E-2 6.11026E-2 4.48619E-2 5.34598E-2 6.39541E-2 5.71519E-2 3.5749E-2 2.01816E-2 2.79885E-2 7.33374E-3 7.22565E-3 1.3359E-2 3.71504E-3 1.63829E-4 5.18659E-7 5.85996E-6 2.38035E-4 6.06179E-4 2.47768E-4 3.96638E-3 8.6218E-3 2.66614E-3 2.26136E-3 2.14454E-4
1.67446E-2 5.70309E-3 2.35011E-3 3.8131E-3 1.57593E-3 1.19748E-3 1.53932E-3 2.16535E-3 2.60624E-3 2.383E-3 2.21454E-3 1.8612E-3 1.60275E-3 1.60839E-3 2.78238E-3 6.081E-3 1.26549E-2 1.03181E-2 1.27321E-2 1.11005E-2 1.17522E-2 2.12109E-2 1.66314E-2 3.10822E-2 4.0584E-2 4.69876E-2 4.45019E-2 8.01598E-2 7.6217E-2 1.06768E-1 7.06118E-2 1.1567E-1 1.61592E-1 1.14095E-1 1.22484E-1 1.14062E-1 1.97583E-1 1.49463E-1 1.58755E-1 8.88896E-2 8.92799E-2 7.43888E-2 6.95706E-2 5.70766E-2 2.97414E-2 4.8195E-2 4.01766E-2 2.05592E-2 3.10425E-2 5.49013E-3 1.77317E-2 1.72804E-2 1.4929E-2 2.92461E-2 2.13877E-3 1.35874E-4 8.81504E-4 2.04624E-6 1.36571E-7 1.03451E-3 2.80423E-3 1.65562E-3 8.10335E-5 2.07E-3 7.30788E-3 1.08306E-4 1.61283E-4
1.88364E-2 3.49018E-3 3.02642E-3 2.71835E-3 1.24897E-3 1.34378E-3 2.59945E-3 2.6303E-3 1.08595E-3 2.42255E-3 2.52249E-3 1.83237E-3 1.67849E-3 2.52549E-3 3.01954E-3 5.15653E-3 1.04379E-2 1.37029E-2 1.48565E-2 1.75801E-2 3.03904E-2 2.84824E-2 4.02877E-2 4.23664E-2 4.28792E-2 5.36204E-2 5.84702E-2 7.31676E-2 1.22375E-1 1.11355E-1 7.84926E-2 1.03501E-1 1.01093E-1 9.40479E-2 7.32548E-2 1.78534E-1 1.52382E-1 1.7316E-1 1.98121E-1 1.08995E-1 6.01591E-2 3.84175E-2 2.68033E-2 7.75933E-2 1.50685E-2 1.03382E-2 1.37701E-2 3.62356E-2 3.08161E-2 2.46835E-2 2.01914E-2 1.77868E-2 2.29798E-2 4.60001E-3 5.70192E-3 1.45731E-4 2.15226E-4 4.30976E-7 3.79907E-7 9.41255E-4 1.41682E-4 6.79572E-4 6.50647E-3 3.21492E-3 3.81198E-3 2.2245E-3 1.51476E-6
3.43835E-3 2.63429E-3 2.09189E-3 1.68525E-3 1.71908E-3 1.13905E-3 1.16037E-3 2.11157E-3 1.59749E-3 1.77463E-3 2.77818E-3 3.36913E-3 4.61083E-3 5.58191E-3 8.21777E-3 1.26794E-2 1.01593E-2 1.6648E-2 1.59046E-2 2.60428E-2 3.32801E-2 6.30443E-2 4.91379E-2 4.74933E-2 8.58753E-2 7.58496E-2 8.40898E-2 9.28558E-2 1.0492E-1 9.69154E-2 1.21995E-1 1.48465E-1 8.68328E-2 6.52378E-2 9.94755E-2 1.19659E-1 1.68769E-1 1.5466E-1 1.82874E-1 8.9882E-2 9.67048E-2 7.2496E-2 6.76025E-2 4.00581E-2 7.65654E-3 3.16673E-2 1.39786E-2 2.3222E-2 1.46304E-2 3.31982E-2 1.97189E-2 1.29384E-2 9.87185E-3 1.48533E-3 8.26561E-4 1.1339E-3 1.41411E-3 3.48359E-3 4.35699E-3 9.07999E-3 2.01074E-3 3.0563E-4 7.70722E-5 2.01373E-4 1.01836E-3 2.55594E-3 2.52286E-4
3.489E-3 2.36209E-3 2.59109E-3 2.02235E-3 1.82906E-3 1.318E-3 9.33735E-4 9.12498E-4 1.00983E-3 1.5046E-3 2.66272E-3 2.97199E-3 6.17702E-3 4.70245E-3 6.32616E-3 2.5009E-2 1.14379E-2 2.60105E-2 2.06782E-2 1.77329E-2 2.69015E-2 7.32888E-2 5.3581E-2 7.18167E-2 4.12255E-2 5.43558E-2 1.30644E-1 1.19544E-1 6.29057E-2 7.43814E-2 8.46355E-2 9.12126E-2 9.31618E-2 8.43926E-2 1.33998E-1 1.35044E-1 1.10296E-1 1.48091E-1 7.3729E-2 2.33706E-2 1.09668E-1 6.012E-2 8.26712E-2 4.13448E-2 1.76158E-2 1.882E-2 2.05233E-2 9.03642E-3 3.62546E-2 7.72128E-3 1.72397E-2 2.41247E-2 1.64348E-2 2.86694E-2 2.90521E-2 8.63376E-3 3.45617E-3 1.63736E-3 1.68149E-3 6.4912E-2 1.62198E-4 5.93337E-5 1.03369E-4 1.50968E-3 5.08616E-3 9.18426E-3 1.07386E-3
2.40466E-3 2.06173E-3 1.98301E-3 1.27311E-3 2.44253E-3 1.59493E-3 6.09546E-4 8.99464E-4 7.97221E-4 1.0292E-3 1.73108E-3 4.00498E-3 8.8729E-3 8.28166E-3 1.0538E-2 1.98653E-2 1.66738E-2 1.57159E-2 1.90054E-2 4.51224E-2 4.73837E-2 6.08085E-2 5.85468E-2 6.39806E-2 1.07162E-1 1.13518E-1 1.55061E-1 1.2182E-1 8.02436E-2 8.53224E-2 6.94862E-2 1.32788E-1 7.15636E-2 9.77377E-2 1.34251E-1 1.28017E-1 1.03847E-1 1.64076E-1 1.00243E-1 4.38353E-2 2.20545E-2 8.13345E-2 8.57339E-2 8.12427E-2 1.68423E-2 1.76664E-2 1.81857E-2 2.07916E-3 1.20829E-2 1.46139E-2 2.5794E-2 4.79183E-4 4.23192E-4 1.19352E-4 1.25432E-3 5.60035E-3 1.70173E-3 3.69842E-3 1.38764E-3 4.81398E-3 8.13154E-3 3.55498E-4 1.24761E-6 8.33467E-7 1.29512E-6 1.04765E-3 1.44519E-2
1.35736E-3 1.20794E-3 1.77849E-3 1.54949E-3 2.96033E-3 3.38241E-3 2.27252E-3 2.50045E-3 1.43731E-3 1.35376E-3 2.92872E-3 5.93559E-3 9.32772E-3 1.29053E-2 1.50658E-2 1.51548E-2 2.13771E-2 3.47943E-2 2.93265E-2 4.30391E-2 5.56209E-2 7.4146E-2 1.03742E-1 7.71494E-2 1.08219E-1 1.21405E-1 1.01796E-1 8.37378E-2 8.47982E-2 1.65887E-1 9.9953E-2 9.16999E-2 9.41706E-2 1.32495E-1 2.41853E-1 2.32578E-1 2.23263E-1 2.39419E-1 6.08597E-2 1.06833E-2 2.13206E-2 9.02709E-2 5.52973E-2 8.64403E-2 3.39194E-2 2.62074E-2 1.05238E-2 6.14422E-3 1.13996E-3 1.00917E-2 1.86253E-2 5.17689E-3 3.90076E-3 5.2171E-4 4.1114E-3 1.28613E-5 3.01379E-3 6.10681E-3 3.26491E-3 6.45152E-3 1.93834E-3 1.24048E-3 6.66033E-4 4.97462E-7 7.11014E-4 1.84991E-4 9.93553E-3
3.65415E-3 3.68991E-3 2.62704E-3 3.23613E-3 3.4404E-3 2.84428E-3 1.78119E-3 2.91511E-3 2.88637E-3 5.44519E-3 4.03252E-3 1.66633E-2 5.17141E-3 1.87087E-2 3.44416E-2 2.83437E-2 3.66815E-2 4.07497E-2 5.10028E-2 7.20356E-2 8.47969E-2 6.81012E-2 1.12614E-1 1.15269E-1 9.70359E-2 1.34486E-1 1.91553E-1 1.45349E-1 1.70654E-1 9.81331E-2 6.60093E-2 9.24456E-2 1.59823E-1 2.65261E-1 3.01896E-1 1.80869E-1 1.72703E-1 2.48792E-1 2.27884E-1 1.71897E-1 2.07154E-2 5.63255E-3 7.99946E-2 1.81193E-2 5.37413E-2 3.47611E-2 8.45708E-4 2.93009E-5 9.1767E-5 6.82762E-3 8.93778E-3 3.36276E-3 7.34385E-4 7.02723E-5 2.75093E-5 5.90223E-5 1.00696E-6 1.3487E-6 4.4485E-4 2.22668E-2 3.51207E-3 1.07483E-3 3.78052E-3 2.73603E-4 1.04043E-3 2.90938E-4 9.244E-5
3.23635E-3 2.59215E-3 3.61755E-3 2.38386E-3 3.0417E-3 2.63165E-3 1.94704E-3 3.62137E-3 4.56959E-3 9.27699E-3 8.74044E-3 1.19072E-2 1.11311E-2 4.0664E-2 4.92214E-2 4.47223E-2 2.61086E-2 8.45975E-2 7.11287E-2 6.42975E-2 8.3785E-2 1.0161E-1 1.37732E-1 1.74095E-1 1.40803E-1 1.80818E-1 2.08143E-1 1.20818E-1 1.39414E-1 7.44523E-2 8.53094E-2 8.24513E-2 1.91673E-1 1.38894E-1 3.10815E-1 3.10063E-1 1.77478E-1 1.97113E-2 2.49086E-2 5.9144E-2 2.68254E-2 4.65188E-2 6.93629E-2 2.46833E-2 4.04485E-2 4.81283E-2 3.14126E-2 5.06161E-3 2.10689E-3 1.3313E-2 7.36377E-3 8.73433E-3 2.00561E-3 8.61243E-4 2.32329E-4 1.35009E-5 1.61336E-6 3.7201E-6 2.01196E-2 3.80105E-2 3.44969E-2 6.26169E-3 6.28675E-3 2.05441E-3 6.76603E-3 1.46864E-2 7.7041E-5
5.23906E-3 5.27907E-3 6.30151E-3 3.85953E-3 2.97255E-3 4.48735E-3 1.68876E-3 2.66026E-3 9.68521E-3 6.60039E-3 1.09054E-2 1.50957E-2 3.71158E-2 4.49608E-2 6.03962E-2 5.21735E-2 7.31097E-2 7.14071E-2 1.52819E-1 1.5328E-1 1.54061E-1 2.02087E-1 1.73029E-1 2.05038E-1 1.98836E-1 1.72864E-1 1.31043E-1 8.13234E-2 9.79672E-2 1.02137E-1 1.09749E-1 1.0533E-1 1.6702E-1 2.095E-1 2.79005E-1 2.70118E-1 1.91394E-1 6.1657E-2 3.03563E-2 4.25803E-2 2.31684E-2 3.47067E-2 4.47638E-2 2.49138E-2 1.83471E-2 2.05989E-2 3.47399E-2 9.10088E-3 6.50645E-3 6.93836E-3 2.30548E-3 8.1924E-3 7.60767E-3 8.89797E-3 4.92285E-3 8.20771E-5 2.58351E-5 1.11443E-3 7.61615E-3 4.31863E-2 3.43304E-2 3.50906E-2 7.61179E-2 2.92127E-2 1.93543E-2 1.63718E-2 8.06704E-3
4.63353E-3 8.90896E-3 8.8131E-3 4.176E-3 3.97054E-3 3.09353E-3 2.67238E-3 4.06365E-3 6.1029E-3 5.53433E-3 9.35903E-3 3.8741E-2 5.88315E-2 4.0951E-2 6.25941E-2 4.71843E-2 6.75761E-2 6.88098E-2 8.256E-2 1.17185E-1 1.48231E-1 2.10668E-1 2.39854E-1 2.11528E-1 1.83362E-1 1.68301E-1 9.96028E-2 9.44626E-2 1.06394E-1 1.02406E-1 1.01434E-1 1.20145E-1 1.94034E-1 2.86128E-1 1.98395E-1 2.65274E-1 1.41343E-1 2.64182E-2 7.93493E-3 3.58375E-2 3.16956E-2 3.8429E-2 2.59355E-2 2.42667E-2 1.90415E-2 2.68334E-2 2.12704E-2 1.18753E-2 1.90355E-2 1.25191E-2 4.1963E-3 7.47575E-3 1.6138E-4 1.02015E-4 8.318E-4 1.02995E-3 1.11106E-5 4.94317E-4 2.93867E-2 3.20879E-2 6.49846E-2 9.29852E-2 3.01015E-2 1.87247E-2 3.90308E-2 5.39861E-2 7.14204E-3
5.82963E-3 3.9079E-3 3.11212E-3 3.75514E-3 4.29715E-3 6.32703E-3 3.99789E-3 4.19655E-3 6.63748E-3 9.25417E-3 8.03986E-3 2.19586E-2 3.02868E-2 4.72166E-2 7.72087E-2 6.64944E-2 9.50425E-2 8.56069E-2 1.11202E-1 1.74327E-1 2.41517E-1 2.47259E-1 2.14346E-1 1.79257E-1 1.75686E-1 1.6329E-1 1.07551E-1 1.0587E-1 1.28898E-1 1.14724E-1 1.02544E-1 1.19251E-1 1.92484E-1 2.46531E-1 1.93289E-1 2.02208E-1 1.58975E-1 3.31451E-2 1.06779E-2 5.6874E-2 4.70889E-2 5.05492E-2 3.4366E-2 9.02967E-2 8.117E-2 2.14809E-2 2.47113E-2 2.7786E-3 1.76297E-2 6.22083E-3 8.78191E-3 5.57483E-3 6.79267E-3 8.12329E-3 2.63198E-4 1.43907E-3 6.346E-6 1.22998E-5 7.57755E-3 5.80093E-2 2.84694E-2 6.57723E-2 7.25828E-2 5.07309E-2 1.37236E-2 2.17642E-2 2.76196E-3
4.40495E-3 3.83149E-3 3.28387E-3 3.62949E-3 1.05381E-2 8.26761E-3 5.47869E-3 6.55381E-3 1.7835E-2 1.87418E-2 9.9363E-3 2.08896E-2 2.95068E-2 6.37706E-2 6.05209E-2 5.81359E-2 1.00258E-1 7.5997E-2 1.61769E-1 2.39619E-1 1.90878E-1 1.68236E-1 8.20772E-2 1.11358E-1 1.26394E-1 1.06459E-1 1.55848E-1 1.01783E-1 1.01841E-1 1.17173E-1 1.1712E-1 1.24523E-1 1.28121E-1 2.6389E-1 2.16641E-1 2.16916E-1 8.89549E-2 4.69061E-2 5.00611E-2 3.35822E-2 1.54903E-2 4.41915E-2 4.28427E-2 8.12421E-2 8.00655E-2 2.9536E-2 4.50794E-2 7.88084E-3 1.3228E-3 2.26595E-3 1.0681E-3 1.26948E-2 1.62566E-3 1.73828E-3 3.02678E-3 2.52761E-4 1.31791E-2 4.50717E-4 1.05564E-2 2.44216E-3 6.4084E-2 7.35801E-3 1.20243E-1 6.36144E-3 1.78881E-3 8.8717E-3 3.27193E-3
6.28914E-3 4.38371E-3 4.5238E-3 4.09414E-3 1.16213E-2 1.6678E-2 9.43039E-3 1.06947E-2 1.23946E-2 1.68911E-2 3.66248E-2 4.72133E-2 5.36079E-2 8.51478E-2 1.64621E-1 1.5925E-1 6.44655E-2 1.07104E-1 1.274E-1 9.15874E-2 4.87085E-2 6.90757E-2 6.41764E-2 1.36412E-1 1.26464E-1 1.03163E-1 1.18815E-1 1.18272E-1 1.30257E-1 1.12648E-1 9.97173E-2 1.56817E-1 2.75343E-1 2.47295E-1 2.8221E-1 1.87163E-1 5.45537E-2 1.03817E-1 8.51219E-2 5.65339E-2 4.8263E-2 9.0362E-2 6.25934E-2 7.2621E-2 2.95718E-2 9.12051E-3 1.25499E-2 1.84344E-2 6.05401E-3 2.55563E-3 1.97968E-2 1.55819E-2 1.14626E-3 1.99552E-4 9.3168E-4 3.82908E-3 2.29771E-2 2.68789E-2 7.28716E-2 8.69754E-3 5.45913E-2 2.30724E-2 2.24147E-2 9.58998E-2 4.41991E-2 2.05127E-2 2.26128E-2
8.21382E-3 9.01676E-3 8.8109E-3 3.63053E-3 8.36448E-3 1.54304E-2 1.25162E-2 1.70089E-2 1.35166E-2 9.64035E-3 2.16846E-2 2.87428E-2 1.89317E-2 4.97157E-2 5.75833E-2 5.22704E-2 5.03946E-2 1.0282E-1 1.58291E-1 7.83762E-2 1.01647E-1 1.3847E-1 1.1152E-1 1.39785E-1 1.31839E-1 7.2756E-2 9.65583E-2 1.02107E-1 9.54158E-2 1.11989E-1 9.94011E-2 1.67571E-1 2.28016E-1 2.20365E-1 2.37998E-1 1.82889E-1 7.00062E-2 2.10286E-2 8.75008E-2 4.38572E-2 8.62511E-2 4.63483E-2 8.03464E-3 3.63878E-2 1.41607E-2 1.13514E-1 7.40682E-3 1.59484E-2 2.03175E-2 2.46457E-2 2.66395E-3 3.77711E-2 2.0787E-2 4.53342E-3 8.27789E-3 3.54463E-2 3.03404E-2 1.35364E-2 3.65742E-2 8.12344E-2 2.42438E-2 1.50351E-2 2.26065E-2 2.59784E-2 1.34487E-2 2.91351E-2 6.95718E-2
1.55842E-2 9.33501E-3 1.77173E-2 2.23669E-2 2.2399E-2 1.82283E-2 2.04485E-2 1.87022E-2 1.87105E-2 2.50657E-2 3.59621E-2 3.12272E-2 4.21678E-2 6.86429E-2 9.92447E-2 4.65656E-2 5.80733E-2 5.69085E-2 1.28152E-1 1.47123E-1 1.4543E-1 1.34992E-1 1.52418E-1 1.22151E-1 1.14886E-1 8.09989E-2 9.74247E-2 1.24608E-1 7.77255E-2 1.10098E-1 1.236E-1 1.67109E-1 2.21272E-1 3.59168E-1 3.61776E-1 3.30382E-1 7.5343E-2 5.9511E-2 8.45669E-2 8.48201E-2 6.4921E-2 3.7186E-2 5.17812E-2 9.35115E-2 1.71773E-2 5.58925E-2 3.67954E-3 1.96637E-3 1.28861E-2 3.37957E-2 9.50275E-3 6.25628E-2 2.08017E-2 1.10478E-2 1.03185E-2 5.13055E-2 2.78075E-2 1.47968E-2 5.94003E-3 2.51488E-2 2.7384E-2 2.18997E-2 2.30121E-2 1.9645E-2 6.84993E-3 1.26696E-3 1.67498E-3
1.84847E-2 3.96622E-2 3.14535E-2 3.2569E-2 2.59768E-2 1.39762E-2 1.43814E-2 1.78999E-2 2.73063E-2 2.75569E-2 3.12189E-2 3.7977E-2 4.67304E-2 6.93175E-2 5.85235E-2 2.56546E-2 2.64511E-2 6.31137E-2 1.06158E-1 1.30163E-1 1.4482E-1 1.44474E-1 1.52006E-1 1.40693E-1 1.02882E-1 1.01175E-1 1.47402E-1 1.41485E-1 6.47904E-2 1.20005E-1 2.54692E-1 2.48479E-1 3.5772E-1 3.74674E-1 3.38969E-1 3.33023E-1 4.20854E-2 1.35053E-2 3.76504E-2 7.60411E-2 2.61481E-2 1.8749E-2 1.18954E-2 6.03861E-2 1.42655E-1 1.37679E-1 1.95225E-2 2.05071E-2 1.70157E-2 1.18041E-1 2.60114E-2 1.19979E-1 1.11231E-1 1.32612E-2 2.20327E-2 8.29319E-2 3.72669E-2 3.3601E-2 2.13705E-2 9.80239E-3 1.38747E-2 8.4253E-3 2.48881E-2 9.57839E-3 2.93251E-3 9.18328E-3 4.62143E-3
