ENM/Final_Models/M_1_F_q_Set_1_EC/Gustavia_santanderiensis_8_Choco.asc
ncols         367
nrows         963
xllcorner     -78.6
yllcorner     0.65
cellsize      0.00833333333333323
NODATA_value  -9999
[rows 495 to 527 of 963, columns 225 to 299 of 367]
1E0 1E0 1E0 1E0 1E0 1E0 1E0 1E0 1E0 1E0 1E0 9.99999E-1 9.99653E-1 9.99793E-1 8.79461E-1 8.50086E-1 9.8806E-1 1E0 1E0 1E0 9.99971E-1 7.78184E-1 1.475E-1 1.45194E-1 4.41171E-1 9.99084E-1 3.2461E-1 2.52996E-1 8.93793E-2 5.82313E-2 1.89602E-2 2.48769E-2 2.32929E-2 3.182E-2 6.44224E-2 4.72958E-2 1.08772E-1 2.16524E-2 2.03378E-2 1.40624E-2 2.14067E-3 8.13364E-3 5.05582E-2 3.02356E-2 5.79778E-2 3.84521E-2 1.69566E-2 3.84814E-2 4.07627E-3 1.52066E-1 2.08538E-1 1.60663E-2 1.86742E-2 1.8783E-2 7.93077E-3 1.65398E-2 1.79377E-2 8.77726E-3 2.29561E-2 8.16599E-3 -9999 -9999 -9999 -9999 -9999 -9999 -9999 -9999 -9999 -9999 -9999 -9999 -9999 -9999 -9999
1E0 1E0 1E0 1E0 1E0 1E0 1E0 1E0 1E0 1E0 1E0 9.99968E-1 9.99996E-1 9.99962E-1 9.99968E-1 1E0 1E0 1E0 1E0 9.99998E-1 9.98692E-1 8.15192E-1 2.30847E-1 2.51547E-1 8.22212E-1 9.89585E-1 8.25907E-1 5.0862E-1 2.02254E-1 6.49091E-2 5.42633E-2 1.04887E-1 1.09488E-1 1.5836E-1 1.67898E-1 1.0997E-1 2.28358E-2 1.28493E-2 2.07004E-3 1.21315E-2 1.34881E-2 9.06802E-3 4.899E-2 1.74088E-2 4.927E-2 3.42385E-2 5.14161E-2 6.25942E-2 2.34841E-2 2.10622E-1 6.34338E-2 3.64353E-2 3.76803E-2 8.77991E-3 2.09959E-2 6.21939E-3 3.27707E-2 3.48175E-2 4.26865E-3 8.70039E-3 -9999 -9999 -9999 -9999 -9999 -9999 -9999 -9999 -9999 -9999 -9999 -9999 -9999 -9999 -9999
1E0 1E0 9.99998E-1 1E0 1E0 1E0 1E0 1E0 1E0 1E0 1E0 1E0 9.99991E-1 1E0 1E0 1E0 1E0 1E0 1E0 1E0 9.99969E-1 9.95202E-1 9.99946E-1 1E0 1E0 1E0 1E0 1E0 9.9989E-1 6.71669E-1 3.95221E-1 7.25013E-1 3.38589E-1 9.49894E-2 1.1841E-1 4.07228E-2 1.62717E-2 5.69641E-3 6.65259E-3 6.64631E-3 2.18463E-2 3.19126E-2 9.65407E-2 3.05953E-2 3.83777E-2 2.87183E-2 2.82578E-2 1.20557E-2 1.11218E-1 9.22129E-2 1.38492E-1 7.4843E-2 6.05919E-2 1.26554E-2 2.64263E-2 2.34092E-2 4.86452E-2 2.41454E-2 1.89977E-2 1.98961E-2 -9999 -9999 -9999 -9999 -9999 -9999 -9999 -9999 -9999 -9999 -9999 -9999 -9999 -9999 -9999
1E0 1E0 1E0 1E0 1E0 1E0 1E0 1E0 1E0 1E0 1E0 9.99999E-1 9.99985E-1 9.99999E-1 1E0 1E0 1E0 1E0 1E0 1E0 9.99997E-1 9.9996E-1 1E0 1E0 9.99997E-1 1E0 9.99999E-1 9.99237E-1 9.91429E-1 1.59729E-1 4.75695E-2 5.9993E-2 1.94262E-1 6.26818E-2 2.97829E-2 1.0438E-1 6.01039E-3 3.05619E-3 1.29993E-2 3.50781E-2 3.72498E-2 7.77721E-2 5.07955E-2 8.86111E-2 1.81334E-2 2.69922E-2 6.11589E-3 9.73363E-2 1.31146E-1 1.15317E-1 4.51905E-2 2.93607E-2 2.27131E-2 1.86318E-2 2.84001E-2 3.39997E-2 3.06551E-2 1.98943E-2 9.98416E-2 1.32927E-1 -9999 -9999 -9999 -9999 -9999 -9999 -9999 -9999 -9999 -9999 -9999 -9999 -9999 -9999 -9999
1E0 1E0 1E0 1E0 1E0 1E0 1E0 1E0 1E0 1E0 1E0 9.99954E-1 9.9969E-1 1E0 1E0 1E0 1E0 1E0 1E0 1E0 1E0 1E0 1E0 1E0 9.99996E-1 9.96643E-1 9.98321E-1 9.98127E-1 9.56007E-1 1.01775E-1 1.91002E-2 6.5557E-2 1.09515E-1 5.56599E-2 2.25133E-2 6.79175E-2 8.9998E-2 4.02823E-2 2.90118E-2 3.94372E-2 6.40859E-2 2.05797E-2 1.1786E-2 8.18163E-2 4.61934E-2 3.88628E-2 4.52824E-2 2.4588E-1 5.60903E-2 3.58688E-2 4.76677E-2 3.19101E-2 6.08077E-2 5.49059E-2 7.22275E-3 4.08195E-2 2.35228E-2 6.36426E-2 9.13582E-2 -9999 -9999 -9999 -9999 -9999 -9999 -9999 -9999 -9999 -9999 -9999 -9999 -9999 -9999 -9999 -9999
1E0 1E0 1E0 1E0 1E0 1E0 1E0 1E0 1E0 1E0 1E0 9.82321E-1 9.98788E-1 9.99952E-1 9.99998E-1 1E0 1E0 1E0 1E0 1E0 1E0 1E0 9.99997E-1 8.93219E-1 4.21495E-1 1.51794E-1 1.21677E-1 1.36107E-1 8.72891E-2 7.7486E-2 8.57863E-2 1.14479E-1 3.36079E-2 2.06741E-2 2.17909E-2 7.53682E-2 1.34432E-1 3.26211E-1 4.19461E-2 1.22295E-1 9.42839E-2 3.17858E-2 6.93046E-2 1.67348E-1 2.07256E-1 1.27517E-1 9.21889E-2 1.43115E-1 3.13282E-2 1.64091E-2 5.36589E-2 1.03407E-1 9.95756E-2 4.31924E-2 2.68848E-2 1.65495E-2 1.55847E-2 2.11498E-2 3.8455E-2 -9999 -9999 -9999 -9999 -9999 -9999 -9999 -9999 -9999 -9999 -9999 -9999 -9999 -9999 -9999 -9999
1E0 1E0 1E0 1E0 9.99999E-1 1E0 1E0 1E0 1E0 1E0 1E0 9.95255E-1 9.15349E-1 9.99991E-1 9.99988E-1 1E0 1E0 1E0 1E0 9.99984E-1 9.9901E-1 9.99251E-1 8.92351E-1 3.45902E-1 1.5973E-1 5.37375E-2 5.07462E-2 1.28931E-1 5.18814E-2 2.96154E-2 2.34049E-2 7.31738E-2 1.80733E-2 4.41397E-2 1.18247E-1 1.10929E-1 2.1189E-1 2.98427E-1 1.45542E-1 3.33643E-2 6.11316E-2 3.03836E-2 2.64928E-1 2.02872E-1 1.09912E-1 4.41058E-2 2.50344E-2 2.31068E-2 3.13391E-2 4.11007E-3 5.78608E-2 5.72533E-2 7.14117E-2 4.71592E-2 5.13007E-2 2.29838E-2 3.27798E-2 2.7123E-2 4.22137E-2 -9999 -9999 -9999 -9999 -9999 -9999 -9999 -9999 -9999 -9999 -9999 -9999 -9999 -9999 -9999 -9999
1E0 1E0 1E0 1E0 1E0 1E0 1E0 1E0 1E0 1E0 1E0 9.78096E-1 9.02524E-1 9.99457E-1 1E0 1E0 1E0 1E0 1E0 9.99924E-1 9.75464E-1 6.31577E-1 1.77745E-1 1.75402E-1 1.06848E-1 4.46583E-2 4.01278E-2 9.04057E-2 4.43055E-2 7.06298E-2 4.41917E-2 2.88975E-2 3.30538E-2 4.21018E-2 7.59601E-2 1.8934E-1 7.1422E-2 4.6558E-1 1.1789E-1 3.58254E-2 1.03649E-1 1.05958E-1 1.1236E-1 1.45006E-1 1.15898E-1 2.02923E-1 2.70533E-2 4.9888E-2 4.78775E-2 6.72858E-2 4.47991E-2 4.10847E-2 2.85994E-2 2.45474E-2 1.30325E-2 2.81535E-2 4.9725E-2 3.66431E-2 -9999 -9999 -9999 -9999 -9999 -9999 -9999 -9999 -9999 -9999 -9999 -9999 -9999 -9999 -9999 -9999 -9999
1E0 1E0 1E0 1E0 1E0 1E0 1E0 1E0 1E0 1E0 1E0 9.99242E-1 9.97094E-1 1E0 1E0 1E0 1E0 1E0 1E0 9.99848E-1 9.99992E-1 9.85856E-1 9.99055E-1 4.18946E-1 1.31441E-1 3.89273E-2 6.24552E-2 7.29311E-2 9.28386E-2 9.38384E-2 1.46646E-1 1.25469E-1 5.96947E-2 7.24111E-2 1.23684E-1 2.06889E-1 6.3435E-2 2.73884E-1 2.03857E-2 1.26443E-1 2.46924E-1 1.2738E-1 5.85066E-3 7.4947E-2 8.72342E-2 1.8288E-2 1.77416E-2 1.70314E-2 1.00424E-1 1.59943E-1 1.25593E-2 3.62526E-2 2.38227E-2 1.1778E-2 1.75423E-2 2.60552E-2 5.58586E-2 -9999 -9999 -9999 -9999 -9999 -9999 -9999 -9999 -9999 -9999 -9999 -9999 -9999 -9999 -9999 -9999 -9999 -9999
1E0 1E0 1E0 1E0 1E0 1E0 1E0 1E0 1E0 1E0 1E0 1E0 1E0 1E0 1E0 1E0 1E0 1E0 1E0 1E0 1E0 9.9948E-1 9.99517E-1 1.7953E-1 6.2725E-2 8.4258E-2 7.97536E-2 1.26526E-1 1.65821E-1 1.92025E-1 9.62578E-2 2.93132E-1 2.7486E-1 9.87372E-2 1.82356E-1 1.29216E-1 2.05346E-1 1.2044E-1 6.08723E-1 3.45648E-1 2.79716E-1 1.13312E-1 3.44839E-2 1.32641E-2 1.81077E-2 1.00277E-2 8.84183E-3 1.33715E-2 1.85048E-2 6.26395E-3 3.34037E-2 4.45561E-2 7.95832E-3 4.98203E-3 9.43853E-3 1.48489E-2 -9999 -9999 -9999 -9999 -9999 -9999 -9999 -9999 -9999 -9999 -9999 -9999 -9999 -9999 -9999 -9999 -9999 -9999 -9999
1E0 1E0 1E0 1E0 9.99999E-1 1E0 9.99998E-1 1E0 1E0 1E0 1E0 1E0 1E0 1E0 1E0 1E0 1E0 1E0 9.99996E-1 1E0 1E0 9.73195E-1 5.77892E-1 1.55281E-1 6.99188E-2 1.01334E-1 8.06024E-2 3.93847E-1 6.95738E-1 2.6853E-1 2.08364E-1 2.89873E-1 2.90049E-1 4.50326E-1 1.24872E-1 1.46212E-1 9.72113E-2 5.6084E-1 4.91576E-1 1.51946E-1 1.56101E-1 1.17683E-1 1.73186E-2 5.85795E-2 7.59418E-3 5.01713E-3 5.05441E-2 5.75687E-3 9.67152E-3 3.68249E-2 1.556E-2 1.34074E-2 1.27201E-2 7.37765E-3 7.26022E-3 -9999 -9999 -9999 -9999 -9999 -9999 -9999 -9999 -9999 -9999 -9999 -9999 -9999 -9999 -9999 -9999 -9999 -9999 -9999 -9999
1E0 1E0 1E0 1E0 1E0 1E0 1E0 9.99997E-1 9.98639E-1 9.99997E-1 1E0 1E0 1E0 1E0 1E0 1E0 1E0 1E0 1E0 1E0 1E0 9.92406E-1 9.14547E-1 4.31899E-1 1.71472E-1 8.27828E-2 7.79278E-2 6.72614E-1 9.01109E-1 1.96374E-1 2.37932E-1 1.70048E-1 2.94835E-1 1.14975E-1 4.94711E-2 1.40605E-1 4.12066E-1 4.58221E-1 3.76335E-1 3.18782E-2 2.64612E-2 2.16994E-2 3.23876E-1 1.31661E-1 3.25604E-2 5.29719E-3 3.58573E-3 9.32864E-3 1.01126E-2 6.51365E-3 7.23253E-3 1.73523E-2 7.23662E-3 -9999 -9999 -9999 -9999 -9999 -9999 -9999 -9999 -9999 -9999 -9999 -9999 -9999 -9999 -9999 -9999 -9999 -9999 -9999 -9999 -9999 -9999
1E0 1E0 1E0 1E0 1E0 1E0 1E0 9.99998E-1 9.98473E-1 9.98938E-1 9.99979E-1 1E0 1E0 1E0 1E0 1E0 1E0 1E0 1E0 1E0 9.99628E-1 8.02163E-1 7.30475E-1 3.06838E-1 1.42639E-1 2.29242E-1 1.6503E-1 9.45406E-1 9.48955E-1 2.55458E-1 1.23643E-1 8.32387E-2 8.50057E-2 8.34489E-2 3.33306E-1 2.86038E-2 5.44978E-1 3.28722E-1 4.00325E-2 4.30671E-2 2.62319E-2 5.49415E-2 9.04073E-2 1.86983E-2 2.25727E-2 4.77709E-3 3.11791E-3 4.506E-3 1.69987E-2 8.42004E-3 7.25531E-3 9.48962E-3 -9999 -9999 -9999 -9999 -9999 -9999 -9999 -9999 -9999 -9999 -9999 -9999 -9999 -9999 -9999 -9999 -9999 -9999 -9999 -9999 -9999 -9999 -9999
1E0 1E0 1E0 1E0 1E0 1E0 1E0 1E0 9.99996E-1 1E0 9.99998E-1 1E0 1E0 1E0 1E0 1E0 1E0 1E0 9.99965E-1 9.99996E-1 9.99808E-1 5.25893E-1 4.72361E-1 3.10078E-1 3.67885E-1 7.87239E-1 8.78083E-1 9.99408E-1 8.74683E-1 4.30944E-1 1.37635E-1 1.60846E-1 5.68622E-2 1.44956E-1 1.10552E-1 3.93348E-1 5.34363E-1 4.49851E-1 3.85298E-2 3.61079E-2 1.10086E-1 7.98723E-2 3.63868E-2 2.66352E-3 1.19951E-3 9.46081E-4 4.20162E-3 1.21982E-2 1.49316E-2 1.78611E-2 6.91327E-3 -9999 -9999 -9999 -9999 -9999 -9999 -9999 -9999 -9999 -9999 -9999 -9999 -9999 -9999 -9999 -9999 -9999 -9999 -9999 -9999 -9999 -9999 -9999 -9999
1E0 1E0 1E0 1E0 1E0 1E0 1E0 1E0 1E0 9.99999E-1 1E0 1E0 1E0 1E0 1E0 1E0 9.99998E-1 9.99987E-1 9.96215E-1 9.92282E-1 9.99346E-1 9.97143E-1 9.40166E-1 5.97531E-1 3.0963E-1 8.90356E-1 9.1186E-1 8.84084E-1 1.28087E-1 1.26872E-1 2.60544E-2 3.65184E-2 2.52459E-1 3.02361E-1 2.90063E-1 1.57436E-1 6.51771E-2 8.40978E-2 1.3379E-1 2.45358E-1 2.52285E-1 1.29753E-1 9.33612E-3 1.1054E-2 2.89156E-3 5.56271E-3 9.77773E-3 2.48173E-2 1.23711E-2 1.66931E-2 -9999 -9999 -9999 -9999 -9999 -9999 -9999 -9999 -9999 -9999 -9999 -9999 -9999 -9999 -9999 -9999 -9999 -9999 -9999 -9999 -9999 -9999 -9999 -9999 -9999
1E0 9.99999E-1 1E0 1E0 9.99939E-1 1E0 1E0 9.98597E-1 9.99998E-1 1E0 1E0 1E0 1E0 1E0 1E0 9.99944E-1 9.52603E-1 7.03222E-1 7.69517E-1 9.87921E-1 9.99741E-1 9.99516E-1 9.82863E-1 8.82165E-1 1.69239E-1 2.28453E-1 8.37695E-2 3.03791E-2 1.88359E-1 1.21576E-1 2.61289E-1 5.70234E-1 5.00889E-1 2.20188E-1 2.4767E-2 1.67151E-2 4.30891E-2 5.896E-2 1.64227E-1 2.73103E-1 8.41225E-2 1.36122E-1 6.03682E-2 5.84817E-3 7.09898E-3 4.67037E-3 1.49049E-2 2.59402E-2 1.32063E-2 -9999 -9999 -9999 -9999 -9999 -9999 -9999 -9999 -9999 -9999 -9999 -9999 -9999 -9999 -9999 -9999 -9999 -9999 -9999 -9999 -9999 -9999 -9999 -9999 -9999 -9999
1E0 1E0 1E0 1E0 1E0 1E0 1E0 1E0 1E0 9.99994E-1 1E0 1E0 1E0 1E0 1E0 9.99999E-1 9.5828E-1 6.95129E-1 9.38951E-1 9.99659E-1 1E0 9.99997E-1 9.96992E-1 2.34098E-1 4.99507E-1 2.5656E-1 8.41817E-2 3.91271E-1 3.69673E-1 4.72817E-1 4.60469E-1 2.69101E-2 2.24954E-2 2.24043E-1 1.25738E-1 9.77659E-2 5.52881E-2 1.73165E-1 1.72447E-1 1.33627E-1 7.12444E-2 5.18771E-2 3.06535E-2 8.21389E-3 1.49355E-2 6.23557E-3 1.09831E-2 2.93311E-2 -9999 -9999 -9999 -9999 -9999 -9999 -9999 -9999 -9999 -9999 -9999 -9999 -9999 -9999 -9999 -9999 -9999 -9999 -9999 -9999 -9999 -9999 -9999 -9999 -9999 -9999 -9999
1E0 1E0 1E0 9.99979E-1 1E0 1E0 1E0 1E0 1E0 9.99986E-1 9.99987E-1 1E0 1E0 1E0 9.99994E-1 9.95419E-1 8.92758E-1 6.33262E-1 9.53321E-1 9.99836E-1 1E0 9.98956E-1 4.32113E-1 5.15012E-1 7.96257E-1 7.70999E-1 2.82687E-1 1.16931E-1 1.28378E-1 1.95274E-1 3.70341E-2 1.83274E-2 1.0057E-1 7.13503E-1 9.52484E-1 9.04619E-1 2.51179E-1 2.19431E-1 4.70872E-1 1.29771E-1 5.71998E-3 8.97018E-3 1.71627E-2 7.77384E-3 4.04763E-2 2.92258E-2 1.32256E-2 1.83444E-2 -9999 -9999 -9999 -9999 -9999 -9999 -9999 -9999 -9999 -9999 -9999 -9999 -9999 -9999 -9999 -9999 -9999 -9999 -9999 -9999 -9999 -9999 -9999 -9999 -9999 -9999 -9999
1E0 1E0 9.99982E-1 9.99246E-1 9.99995E-1 9.99929E-1 1E0 1E0 1E0 1E0 1E0 1E0 1E0 1E0 9.99995E-1 9.98627E-1 9.41895E-1 9.02053E-1 9.97143E-1 9.99991E-1 9.84048E-1 8.45235E-1 6.23982E-1 7.11934E-1 6.11425E-1 3.34388E-2 1.21901E-1 4.16614E-2 8.94158E-2 1.59938E-1 1.677E-1 6.74362E-2 6.78867E-1 1.08826E-1 3.978E-1 4.68024E-1 2.26756E-1 1.7672E-1 6.42917E-2 2.02951E-2 2.23515E-2 5.65739E-3 8.11225E-3 2.04856E-2 2.43189E-2 3.48108E-2 2.32878E-2 4.58309E-2 -9999 -9999 -9999 -9999 -9999 -9999 -9999 -9999 -9999 -9999 -9999 -9999 -9999 -9999 -9999 -9999 -9999 -9999 -9999 -9999 -9999 -9999 -9999 -9999 -9999 -9999 -9999
1E0 1E0 1E0 1E0 1E0 9.99992E-1 9.99999E-1 1E0 1E0 9.99989E-1 1E0 1E0 1E0 1E0 1E0 9.9884E-1 9.99681E-1 9.98592E-1 8.87267E-1 4.33522E-1 7.61614E-1 7.86966E-1 7.71607E-1 7.73054E-1 4.35121E-1 3.24596E-2 2.65149E-1 2.26155E-1 5.01076E-1 5.65249E-1 2.58181E-1 3.78138E-1 9.12067E-1 1.66093E-1 1.20957E-1 1.25182E-1 6.73026E-2 4.15232E-2 2.241E-2 2.12406E-2 2.7285E-2 4.28583E-3 1.20388E-2 1.02582E-2 5.13227E-2 2.23056E-2 2.32142E-2 5.52778E-2 -9999 -9999 -9999 -9999 -9999 -9999 -9999 -9999 -9999 -9999 -9999 -9999 -9999 -9999 -9999 -9999 -9999 -9999 -9999 -9999 -9999 -9999 -9999 -9999 -9999 -9999 -9999
1E0 1E0 1E0 1E0 1E0 1E0 9.99998E-1 1E0 1E0 1E0 1E0 1E0 1E0 1E0 1E0 9.99462E-1 9.80345E-1 9.51757E-1 3.56747E-1 1.86579E-1 2.77837E-1 2.79253E-1 6.13029E-1 6.00482E-1 1.30807E-1 6.65194E-2 9.56248E-1 5.4959E-1 2.67723E-1 8.85162E-1 9.48048E-1 3.8914E-1 3.41837E-1 2.45001E-1 1.84883E-1 8.71607E-2 1.2422E-2 1.05851E-2 5.14371E-3 5.27698E-3 1.39142E-2 1.1585E-2 1.60532E-2 2.7017E-2 3.39261E-2 8.19448E-3 2.89171E-2 2.24699E-2 -9999 -9999 -9999 -9999 -9999 -9999 -9999 -9999 -9999 -9999 -9999 -9999 -9999 -9999 -9999 -9999 -9999 -9999 -9999 -9999 -9999 -9999 -9999 -9999 -9999 -9999 -9999
1E0 1E0 1E0 1E0 1E0 1E0 1E0 1E0 1E0 1E0 1E0 1E0 1E0 1E0 1E0 9.99855E-1 9.99012E-1 9.30684E-1 7.91147E-1 4.55407E-1 6.78832E-1 9.73273E-1 7.4859E-1 6.79513E-1 4.94963E-1 7.3361E-1 9.98929E-1 4.81885E-1 1.01816E-1 1.80541E-1 1.18673E-1 9.2537E-2 6.00562E-2 7.40894E-2 1.31779E-2 6.84541E-3 2.72401E-2 1.42322E-2 9.40906E-3 1.95203E-2 1.04911E-2 1.21418E-2 1.43877E-2 1.95224E-2 5.97232E-2 2.44944E-2 1.00934E-2 5.20583E-3 -9999 -9999 -9999 -9999 -9999 -9999 -9999 -9999 -9999 -9999 -9999 -9999 -9999 -9999 -9999 -9999 -9999 -9999 -9999 -9999 -9999 -9999 -9999 -9999 -9999 -9999 -9999
9.99996E-1 1E0 1E0 1E0 1E0 1E0 1E0 1E0 1E0 1E0 1E0 1E0 1E0 1E0 1E0 1E0 1E0 1E0 9.99995E-1 9.99794E-1 9.71626E-1 9.36356E-1 9.92345E-1 9.99833E-1 9.99989E-1 9.98235E-1 7.83574E-1 4.58638E-1 2.63408E-1 4.94627E-1 3.89627E-1 4.11578E-1 3.4854E-1 1.37029E-1 1.06293E-2 9.9032E-3 3.9562E-2 3.84235E-2 7.52516E-3 1.85658E-2 1.28082E-2 2.29608E-2 4.55805E-2 4.28107E-2 4.35303E-2 2.09285E-2 7.85366E-3 3.22838E-2 -9999 -9999 -9999 -9999 -9999 -9999 -9999 -9999 -9999 -9999 -9999 -9999 -9999 -9999 -9999 -9999 -9999 -9999 -9999 -9999 -9999 -9999 -9999 -9999 -9999 -9999 -9999
1E0 1E0 1E0 1E0 1E0 1E0 1E0 1E0 1E0 1E0 1E0 1E0 1E0 1E0 1E0 9.99999E-1 9.99817E-1 9.98081E-1 8.19516E-1 9.5395E-1 5.24693E-1 2.9797E-1 6.35229E-1 9.518E-1 9.9675E-1 9.97347E-1 8.31808E-1 5.242E-1 2.02368E-2 5.227E-2 1.57707E-1 2.48004E-1 1.05085E-1 3.9753E-2 2.89533E-2 3.29808E-2 4.29912E-2 2.31866E-2 5.12875E-3 1.01255E-1 6.79672E-2 1.04704E-2 1.51875E-2 3.38318E-2 4.3186E-2 3.69118E-2 1.3092E-1 4.62834E-2 3.95391E-2 -9999 -9999 -9999 -9999 -9999 -9999 -9999 -9999 -9999 -9999 -9999 -9999 -9999 -9999 -9999 -9999 -9999 -9999 -9999 -9999 -9999 -9999 -9999 -9999 -9999 -9999
1E0 1E0 1E0 9.9994E-1 9.99813E-1 1E0 1E0 1E0 1E0 1E0 1E0 1E0 1E0 1E0 1E0 1E0 9.99992E-1 9.93488E-1 1.52614E-1 8.28508E-2 8.6853E-2 3.45063E-2 9.40962E-2 1.66127E-1 4.98408E-1 9.90414E-1 9.96139E-1 6.60776E-1 1.72997E-1 1.42653E-1 1.19561E-1 1.40337E-1 2.91091E-2 2.19046E-2 4.60557E-2 5.02809E-2 3.31812E-2 1.16891E-2 6.60343E-2 4.37146E-2 2.54958E-2 5.06873E-2 3.41162E-2 3.51017E-2 3.34611E-2 2.27871E-1 1.56249E-2 2.47165E-3 2.72511E-3 -9999 -9999 -9999 -9999 -9999 -9999 -9999 -9999 -9999 -9999 -9999 -9999 -9999 -9999 -9999 -9999 -9999 -9999 -9999 -9999 -9999 -9999 -9999 -9999 -9999 -9999
1E0 1E0 1E0 1E0 1E0 9.99875E-1 1E0 1E0 1E0 1E0 1E0 1E0 1E0 1E0 9.99999E-1 9.99997E-1 9.99554E-1 8.96693E-1 1.08346E-1 4.50532E-2 2.92032E-2 3.07797E-2 4.62948E-2 1.23983E-1 5.62969E-1 9.73408E-1 9.98991E-1 9.61751E-1 5.98199E-1 4.94953E-1 1.29913E-1 1.61402E-1 6.96428E-2 6.07208E-2 5.53216E-2 1.50702E-2 4.08122E-2 7.08064E-2 9.33083E-2 6.56518E-3 1.00227E-2 1.57382E-2 1.2122E-2 3.46808E-2 2.67934E-2 9.89151E-2 4.94812E-2 2.26237E-2 1.68019E-2 2.97008E-2 -9999 -9999 -9999 -9999 -9999 -9999 -9999 -9999 -9999 -9999 -9999 -9999 -9999 -9999 -9999 -9999 -9999 -9999 -9999 -9999 -9999 -9999 -9999 -9999 -9999
1E0 1E0 1E0 1E0 1E0 1E0 1E0 1E0 1E0 1E0 1E0 9.9988E-1 1E0 1E0 1E0 9.99996E-1 9.9929E-1 9.99965E-1 7.21619E-1 3.61494E-1 5.32034E-2 1.03878E-1 4.42895E-2 6.67891E-2 2.44283E-1 9.63382E-1 9.02968E-1 8.43333E-1 3.7262E-1 2.65816E-1 4.61938E-1 2.6623E-1 2.66245E-1 4.55609E-2 2.40191E-2 2.5558E-2 4.50702E-2 5.60904E-2 1.172E-2 6.06794E-3 1.72983E-2 9.55046E-3 2.92315E-2 4.93777E-2 2.22535E-2 3.98452E-2 1.21909E-2 2.22114E-2 2.07847E-2 5.2972E-3 -9999 -9999 -9999 -9999 -9999 -9999 -9999 -9999 -9999 -9999 -9999 -9999 -9999 -9999 -9999 -9999 -9999 -9999 -9999 -9999 -9999 -9999 -9999 -9999 -9999
1E0 1E0 1E0 1E0 1E0 1E0 9.95888E-1 1E0 1E0 9.99839E-1 9.94454E-1 9.98785E-1 1E0 1E0 1E0 1E0 9.99994E-1 9.93613E-1 9.96424E-1 9.55866E-1 3.9282E-1 2.29074E-1 1.3303E-1 9.28482E-2 3.14034E-1 7.01172E-1 4.16715E-1 7.86511E-1 3.82019E-1 1.80195E-1 3.96581E-1 5.43418E-2 6.83453E-2 1.7743E-2 7.56449E-2 8.34424E-2 5.56156E-2 4.37695E-2 2.31259E-2 1.65285E-2 1.50313E-3 2.83773E-2 1.64904E-2 1.06332E-2 1.72936E-2 9.48248E-3 4.76849E-3 5.15969E-3 2.41423E-3 5.22626E-3 -9999 -9999 -9999 -9999 -9999 -9999 -9999 -9999 -9999 -9999 -9999 -9999 -9999 -9999 -9999 -9999 -9999 -9999 -9999 -9999 -9999 -9999 -9999 -9999 -9999
1E0 1E0 1E0 1E0 1E0 1E0 9.99991E-1 9.99761E-1 9.99999E-1 1E0 1E0 9.99785E-1 1E0 9.99999E-1 1E0 1E0 9.99954E-1 9.85395E-1 9.99984E-1 9.93454E-1 9.37463E-1 8.3726E-1 2.55257E-1 2.41328E-1 2.33825E-1 5.66173E-1 3.50871E-1 3.05373E-1 1.18476E-1 4.17696E-2 1.25428E-1 6.15269E-2 1.39884E-2 1.75383E-2 2.97417E-2 1.41968E-2 1.38049E-2 9.43355E-3 3.00501E-3 1.00142E-2 1.94019E-3 2.74588E-2 2.7603E-2 4.52522E-2 9.8203E-3 1.09822E-3 4.39126E-3 5.78585E-3 2.09994E-2 1.64256E-2 -9999 -9999 -9999 -9999 -9999 -9999 -9999 -9999 -9999 -9999 -9999 -9999 -9999 -9999 -9999 -9999 -9999 -9999 -9999 -9999 -9999 -9999 -9999 -9999 -9999
1E0 1E0 1E0 1E0 1E0 9.96358E-1 9.99776E-1 9.99047E-1 1E0 1E0 9.99999E-1 9.99784E-1 9.99993E-1 1E0 9.99993E-1 9.99964E-1 9.9969E-1 9.99831E-1 9.99984E-1 9.92579E-1 8.81559E-1 4.55176E-1 3.56946E-1 1.17423E-1 4.77243E-1 3.95341E-1 7.4365E-2 7.12968E-2 3.34516E-2 4.21331E-2 2.5173E-2 3.51935E-2 4.78309E-2 2.25316E-2 1.30316E-2 1.82091E-2 1.39752E-2 3.14753E-3 2.25986E-3 4.20946E-3 8.88691E-3 3.72339E-3 5.45412E-3 8.81363E-3 4.02817E-3 1.53084E-2 1.49917E-2 3.68103E-3 1.91402E-3 2.65769E-3 1.07565E-2 -9999 -9999 -9999 -9999 -9999 -9999 -9999 -9999 -9999 -9999 -9999 -9999 -9999 -9999 -9999 -9999 -9999 -9999 -9999 -9999 -9999 -9999 -9999 -9999
1E0 1E0 1E0 1E0 1E0 1E0 9.99995E-1 1E0 1E0 1E0 1E0 1E0 1E0 1E0 1E0 1E0 9.99999E-1 9.99598E-1 9.99995E-1 9.96605E-1 9.37668E-1 3.21065E-1 1.23791E-2 3.80413E-2 6.27644E-2 6.14795E-2 7.49021E-2 5.7412E-2 3.52562E-2 3.89615E-2 4.3179E-2 3.93724E-2 3.3049E-2 2.59047E-2 5.34601E-3 1.48579E-2 2.86489E-2 1.0391E-3 7.19408E-4 4.74567E-3 1.32372E-2 7.4695E-3 8.65204E-3 9.77739E-3 5.65396E-3 1.25684E-2 4.81744E-3 5.7073E-3 5.85381E-3 6.53451E-3 2.81138E-2 -9999 -9999 -9999 -9999 -9999 -9999 -9999 -9999 -9999 -9999 -9999 -9999 -9999 -9999 -9999 -9999 -9999 -9999 -9999 -9999 -9999 -9999 -9999 -9999
1E0 1E0 1E0 1E0 1E0 1E0 1E0 1E0 1E0 9.87637E-1 1E0 1E0 1E0 9.99999E-1 1E0 1E0 9.99676E-1 9.97876E-1 9.99975E-1 9.77033E-1 9.96436E-1 5.95374E-1 2.32149E-2 3.03496E-2 1.47064E-2 7.63475E-2 2.01084E-1 2.70797E-2 1.86291E-2 1.18869E-2 1.10081E-2 7.67743E-3 2.81981E-2 1.61879E-2 9.20646E-3 1.64599E-2 1.98641E-2 6.41605E-4 7.34863E-4 8.08838E-3 2.44224E-2 3.88934E-3 5.11694E-3 7.366E-3 4.34545E-3 2.75751E-2 2.40105E-3 6.59253E-3 1.42185E-2 1.69061E-2 2.39446E-2 -9999 -9999 -9999 -9999 -9999 -9999 -9999 -9999 -9999 -9999 -9999 -9999 -9999 -9999 -9999 -9999 -9999 -9999 -9999 -9999 -9999 -9999 -9999 -9999
1E0 1E0 1E0 1E0 1E0 1E0 1E0 1E0 1E0 9.99794E-1 1E0 1E0 1E0 9.99999E-1 9.99989E-1 9.9999E-1 9.99867E-1 9.98333E-1 9.95662E-1 3.57878E-1 1.82712E-1 3.58798E-1 6.29013E-2 3.52472E-2 3.49925E-3 6.35298E-2 3.12768E-2 1.8237E-2 2.28334E-2 2.85449E-2 1.2351E-2 4.86631E-3 4.3515E-3 3.05304E-3 5.56698E-3 8.76356E-4 4.74486E-4 1.72796E-3 5.4772E-3 1.01456E-2 1.41206E-2 2.64211E-3 2.73547E-3 2.77571E-3 1.08087E-2 1.24786E-2 4.80265E-3 6.83945E-3 1.04834E-2 9.40511E-3 -9999 -9999 -9999 -9999 -9999 -9999 -9999 -9999 -9999 -9999 -9999 -9999 -9999 -9999 -9999 -9999 -9999 -9999 -9999 -9999 -9999 -9999 -9999 -9999 -9999
