ENM/Final_Models/M_1_F_q_Set_1_EC/Gustavia_santanderiensis_1_Choco_novel.asc
ncols         367
nrows         963
xllcorner     -78.6
yllcorner     0.65
cellsize      0.00833333333333323
NODATA_value  -9999
[rows 180 to 209 of 963, columns 136 to 203 of 367]
7.66391E0 1.02984E1 1.46093E1 1.63058E1 1.3352E1 8.44227E0 3.87187E0 4.75002E0 4.15128E0 4.51053E0 2.97376E0 1.75631E0 3.07355E0 3.27313E0 3.93174E0 3.87187E0 2.4748E0 3.29308E0 5.12923E0 3.93174E0 7.145E0 4.47061E0 4.78994E0 7.18491E0 4.94961E0 5.64814E0 4.05149E0 2.29518E0 2.37501E0 1.59665E0 8.98114E-1 1.69644E0 1.33719E0 9.18072E-1 1.09769E0 1.17753E0 9.97904E-2 -4.06091E0 -7.61421E-1 -5.61548E0 -9.83503E-1 -1.55457E0 -3.17259E-2 6.78575E-1 8.3824E-1 7.58407E-1 2.99371E-1 1.79623E-1 9.57988E-1 2.75422E0 3.69225E0 1.75631E0 5.38868E-1 -1.14213E0 2.99371E-1 4.59036E-1 3.39287E-1 1.11765E0 8.3824E-1 9.18072E-1 9.18072E-1 7.38449E-1 1.39707E-1 1.79623E-1 -1.26904E-1 -4.44162E-1 1.99581E-1 -2.50635E0
5.54835E0 8.5221E0 1.13362E1 1.05977E1 1.1416E1 7.38449E0 3.11346E0 2.69434E0 1.89602E0 1.25736E0 3.67229E0 2.77417E0 1.79623E0 2.63447E0 3.91179E0 3.87187E0 2.73426E0 2.53468E0 3.93174E0 4.21116E0 5.28889E0 6.82567E0 6.86558E0 7.10508E0 4.3309E0 4.69015E0 2.49476E0 2.19539E0 1.8561E0 3.27313E0 6.58617E-1 1.91598E0 1.29728E0 3.99162E-1 1.99581E-1 7.38449E-1 -1.96701E0 -3.45812E0 5.98743E-2 -1.36421E0 -8.56599E-1 -3.07741E0 1.79623E-1 -6.66244E-1 1.39707E-1 9.97904E-2 4.78994E-1 1.21744E0 7.38449E-1 3.19329E0 3.81199E0 4.45065E0 1.81619E0 1.29728E0 4.98952E-1 1.11765E0 1.39707E-1 8.3824E-1 2.99371E-1 8.3824E-1 9.18072E-1 3.39287E-1 3.99162E-2 -2.85533E0 9.97904E-2 -2.95051E0 -1.80838E0 -4.12437E-1
1.02984E1 8.44227E0 1.08971E1 1.0957E1 8.5221E0 3.93174E0 5.34877E0 3.25317E0 1.77627E0 1.91598E0 4.75002E0 1.91598E0 3.75212E0 3.17334E0 2.57459E0 2.29518E0 3.29308E0 3.77208E0 3.91179E0 6.70592E0 6.50634E0 5.38868E0 3.7122E0 4.98952E0 5.08931E0 5.4286E0 3.07355E0 2.49476E0 2.15547E0 1.69644E0 1.39707E-1 5.98743E-2 1.79623E-1 3.99162E-2 7.98324E-2 -1.23731E0 1.39707E-1 -3.39467E0 -1.58629E-1 1.79623E-1 9.97904E-2 -1.7132E0 1.39707E-1 1.39707E-1 6.58617E-1 1.79623E-1 9.97904E-2 1.79623E-1 7.38449E-1 3.03363E0 3.37292E0 2.51472E0 7.38449E-1 1.39707E-1 7.98324E-2 1.99581E-1 1.07774E0 4.78994E-1 2.19539E-1 7.38449E-1 2.19539E-1 1.99581E-1 -2.31599E0 -1.04695E0 -1.58629E0 -3.83883E0 -5.71066E0 -5.61548E0
1.61062E1 1.12963E1 9.97904E0 7.30466E0 5.38868E0 7.02525E0 3.63237E0 2.67438E0 2.37501E0 3.35296E0 3.37292E0 3.39287E0 3.77208E0 4.21116E0 3.93174E0 3.73216E0 1.63656E0 1.83614E0 6.16705E0 6.60613E0 5.12923E0 4.05149E0 5.52839E0 5.12923E0 2.91388E0 3.27313E0 1.91598E0 1.25736E0 8.98114E-1 1.07774E0 9.97904E-2 -2.41117E0 -2.79188E0 -9.83503E-1 2.59455E-1 1.79623E-1 9.97904E-2 -1.99873E0 -1.49112E0 -1.14213E0 -1.45939E0 9.97904E-2 5.98743E-2 -1.23731E0 9.97904E-2 1.99581E-1 5.78785E-1 1.27732E0 5.78785E-1 2.15547E0 1.91598E0 2.23531E0 9.57988E-1 7.98324E-2 9.97904E-2 1.99581E-1 1.45694E0 1.37711E0 1.39707E-1 1.79623E-1 1.79623E-1 1.39707E-1 7.98324E-2 1.39707E-1 -2.72843E0 1.39707E-1 1.99581E-2 -1.58629E-1
2.12953E1 1.22343E1 1.02585E1 9.97904E0 5.26894E0 3.87187E0 3.05359E0 2.87396E0 2.29518E0 1.75631E0 2.41493E0 2.39497E0 2.4748E0 4.92965E0 4.25107E0 2.75422E0 1.95589E0 4.07145E0 3.27313E0 6.70592E0 6.0473E0 5.8078E0 3.27313E0 3.93174E0 3.93174E0 1.83614E0 1.17753E0 4.78994E-1 1.79623E-1 2.99371E-1 1.39707E-1 -5.3934E-1 -7.01142E0 5.98743E-2 7.58407E-1 2.79413E-1 1.99581E-2 -6.94797E0 -3.20431E0 -6.94797E0 -1.64975E0 -1.17386E0 3.99162E-2 7.98324E-2 -5.77411E0 -8.56599E-1 2.19539E-1 8.3824E-1 1.29728E0 1.91598E0 1.83614E0 2.19539E0 9.18072E-1 1.07774E0 1.79623E-1 -1.07868E0 5.98743E-2 1.99581E-1 2.99371E-1 3.39287E-1 1.39707E-1 2.59455E-1 1.39707E-1 2.79413E-1 1.39707E-1 -3.17259E-1 7.98324E-2 5.98743E-2
1.59066E1 1.11765E1 8.5221E0 8.08303E0 4.96956E0 5.56831E0 2.17543E0 2.51472E0 2.37501E0 1.91598E0 2.9538E0 2.69434E0 3.37292E0 4.31095E0 3.07355E0 2.17543E0 2.05568E0 2.91388E0 3.03363E0 3.85191E0 6.16705E0 4.98952E0 3.45275E0 3.19329E0 3.77208E0 2.45484E0 9.18072E-1 1.39707E-1 3.39287E-1 2.59455E-1 -4.12437E-1 -2.5698E0 -5.13959E0 7.98324E-2 1.79623E-1 1.39707E-1 -3.83883E0 -5.3934E0 -6.15482E0 -7.83629E0 -1.33249E0 -3.64848E0 -4.09264E0 -2.03046E0 -9.51777E-1 -5.71066E-1 5.98743E-2 8.3824E-1 1.11765E0 1.45694E0 1.07774E0 1.95589E0 1.61661E0 1.79623E-1 2.99371E-1 5.98743E-2 3.99162E-2 2.19539E-1 1.39707E-1 7.98324E-2 1.79623E-1 2.99371E-1 9.97904E-2 9.97904E-2 9.97904E-2 9.97904E-2 9.97904E-2 1.39707E-1
1.22343E1 8.28261E0 7.2847E0 5.38868E0 4.8099E0 5.52839E0 3.07355E0 1.95589E0 1.55673E0 3.15338E0 3.25317E0 3.87187E0 2.79413E0 3.45275E0 3.29308E0 1.4769E0 2.55464E0 3.69225E0 5.26894E0 4.21116E0 4.86977E0 4.17124E0 3.39287E0 3.39287E0 3.41283E0 2.15547E0 1.21744E0 1.79623E-1 -1.33249E0 -1.30076E0 -5.3934E-1 -1.7132E0 -3.77538E0 -3.5533E0 -1.74492E0 -1.26904E0 -5.01269E0 -5.90102E0 -8.50254E0 -6.21827E0 -1.33249E0 -4.12437E-1 7.98324E-2 9.97904E-2 2.39497E-1 8.98114E-1 4.59036E-1 1.09769E0 8.18282E-1 9.18072E-1 1.59665E0 1.25736E0 2.99371E-1 2.99371E-1 5.1891E-1 1.79623E-1 2.19539E-1 -3.20431E0 1.39707E-1 7.98324E-2 1.99581E-1 2.59455E-1 4.78994E-1 4.78994E-1 1.99581E-2 -5.71066E-1 -5.23477E0 -5.58376E0
7.145E0 4.17124E0 1.95589E0 6.26684E0 4.86977E0 2.55464E0 2.3351E0 1.33719E0 9.18072E-1 2.19539E0 2.39497E0 2.69434E0 3.77208E0 3.85191E0 4.51053E0 5.20906E0 5.20906E0 2.73426E0 5.52839E0 5.34877E0 5.52839E0 3.19329E0 1.13761E0 9.18072E-1 1.37711E0 1.2374E0 1.27732E0 6.98533E-1 -2.22081E-1 -3.48985E0 -1.90355E0 3.99162E-2 -1.58629E0 7.98324E-2 -5.3934E-1 5.98743E-2 -2.53807E0 -3.4264E0 -6.50381E0 -5.64721E0 -1.74492E0 3.99162E-2 7.98324E-2 7.98324E-2 1.31723E0 1.79623E0 1.11765E0 2.99371E-1 2.19539E-1 -1.42766E0 7.98324E-2 7.38449E-1 1.39707E-1 3.99162E-2 7.98324E-2 -1.87183E0 3.99162E-2 9.97904E-2 -9.83503E-1 1.79623E-1 1.13761E0 4.78994E-1 5.1891E-1 3.59246E-1 -1.77665E0 2.19539E-1 -2.76015E0 -2.25254E0
6.60613E0 2.0956E0 3.7122E0 2.53468E0 3.93174E0 1.61661E0 6.02734E0 3.83195E0 4.25107E0 4.05149E0 4.84982E0 3.37292E0 6.18701E0 3.75212E0 3.59246E0 4.21116E0 2.53468E0 4.98952E0 4.98952E0 5.26894E0 3.99162E0 1.77627E0 1.83614E0 2.21535E0 1.25736E0 5.98743E-1 4.78994E-1 1.79623E-1 1.79623E-1 4.59036E-1 1.19749E-1 9.97904E-2 -2.85533E-1 -1.7132E0 1.39707E-1 -2.22081E-1 1.99581E-2 -2.60152E0 -3.04569E0 -4.21954E0 -3.14086E0 -3.61675E0 -1.96701E0 -6.9797E-1 7.98324E-2 3.59246E-1 9.57988E-1 1.59665E-1 2.99371E-1 9.97904E-2 -1.45939E0 -5.3934E-1 9.97904E-2 9.97904E-1 1.07774E0 1.39707E-1 1.99581E-1 -1.07868E0 5.98743E-2 6.58617E-1 1.83614E0 1.4769E0 9.57988E-1 1.39707E-1 -5.36168E0 1.39707E-1 -1.33249E0 3.99162E-2
5.0494E0 3.39287E0 4.41074E0 2.15547E0 3.03363E0 5.52839E0 4.15128E0 4.96956E0 5.28889E0 4.63028E0 4.98952E0 5.34877E0 4.78994E0 6.60613E0 6.20697E0 5.0494E0 3.99162E0 3.35296E0 2.4748E0 2.19539E0 1.33719E0 3.05359E0 3.35296E0 2.87396E0 1.59665E0 4.78994E-1 4.39078E-1 9.97904E-2 1.39707E-1 1.39707E-1 7.98324E-2 7.98324E-2 -3.80711E0 -4.44162E0 -1.36421E0 3.99162E-2 -2.76015E0 -8.34391E0 -7.13832E0 -6.15482E0 -4.98096E0 -3.61675E0 -4.12437E-1 5.98743E-2 7.98324E-2 -2.22081E-1 2.99371E-1 7.98324E-2 7.98324E-2 -1.49112E0 -1.64975E0 -3.33122E0 1.99581E-2 1.79623E-1 3.99162E-2 1.79623E-1 7.38449E-1 4.78994E-1 2.99371E-1 1.99581E-1 -1.04695E0 -8.24873E-1 4.1912E-1 1.19749E-1 -9.0736E0 -5.3934E-1 1.79623E-1 -4.56853E0
2.79413E0 4.21116E0 3.7122E0 4.92965E0 5.64814E0 5.92755E0 4.69015E0 3.77208E0 7.06516E0 4.94961E0 2.55464E0 3.35296E0 4.27103E0 8.60194E0 4.29099E0 4.84982E0 4.21116E0 3.93174E0 2.49476E0 7.38449E-1 1.77627E0 3.35296E0 3.91179E0 2.53468E0 2.17543E0 1.77627E0 4.98952E-1 1.59665E-1 7.98324E-2 3.99162E-2 3.99162E-2 -2.5698E0 -6.88452E0 -6.15482E0 3.99162E-2 7.98324E-2 -2.88706E0 -2.6967E0 -4.75888E0 -4.44162E0 -7.36041E0 -4.25127E0 3.99162E-2 9.97904E-2 1.99581E-1 1.39707E-1 1.39707E-1 2.19539E-1 3.99162E-2 1.19749E-1 7.98324E-2 9.97904E-2 9.97904E-2 7.98324E-2 1.39707E-1 1.79623E-1 1.19749E-1 7.98324E-2 -1.7132E0 3.99162E-2 -9.20051E-1 1.19749E-1 9.18072E-1 -9.51777E-2 -1.03744E1 -2.72843E0 4.59036E-1 1.99581E-1
1.4769E0 3.23321E0 2.19539E0 4.07145E0 6.4265E0 5.6681E0 6.08722E0 5.06935E0 4.47061E0 5.4286E0 3.7122E0 3.87187E0 3.93174E0 5.52839E0 4.92965E0 6.4265E0 6.4265E0 5.24898E0 3.41283E0 8.3824E-1 8.58198E-1 1.49686E0 1.49686E0 1.05778E0 1.55673E0 1.2374E0 1.39707E-1 1.39707E-1 -3.26777E0 3.99162E-2 1.39707E-1 -1.7132E0 -4.44162E0 9.97904E-2 9.18072E-1 -5.71066E-1 -9.83503E-1 -2.34772E0 -7.20178E0 -3.93401E0 -6.56726E0 -4.5368E0 1.79623E-1 1.79623E-1 -3.36294E0 3.99162E-2 1.39707E-1 -1.26904E-1 1.39707E-1 1.99581E-1 5.98743E-2 -6.02792E-1 9.97904E-2 1.39707E-1 1.39707E-1 1.79623E-1 1.39707E-1 -2.85533E-1 9.97904E-2 -3.99746E0 1.39707E-1 1.99581E-1 8.3824E-1 4.39078E-1 -8.91497E0 -5.61548E0 -1.49112E0 1.39707E-1
1.05778E0 2.01577E0 2.49476E0 3.11346E0 4.01158E0 5.46852E0 3.67229E0 3.03363E0 3.59246E0 4.13132E0 4.8099E0 4.75002E0 3.87187E0 6.60613E0 5.12923E0 6.16705E0 3.63237E0 3.87187E0 3.7122E0 1.77627E0 2.05568E0 3.11346E0 2.11556E0 2.55464E0 2.37501E0 1.79623E-1 7.38449E-1 1.79623E-1 9.97904E-2 1.59665E-1 1.79623E-1 -5.5203E0 -8.66117E0 -1.45939E0 1.79623E-1 -7.93147E-1 -3.01396E0 -6.34518E-1 -3.14086E0 -2.28426E0 -2.63325E0 -1.64975E0 7.98324E-2 7.98324E-2 -2.44289E0 -1.33249E0 1.39707E-1 1.99581E-2 -5.71066E-1 -3.48985E0 -1.07868E0 1.19749E-1 3.99162E-2 1.19749E-1 7.98324E-2 -7.93147E-1 7.98324E-2 1.11765E0 2.79413E-1 -3.52157E0 -6.66244E-1 1.79623E-1 4.78994E-1 3.99162E-2 1.99581E-2 -1.96701E0 -3.29949E0 -4.75888E0
2.79413E0 1.11765E0 1.09769E0 2.21535E0 4.53049E0 4.01158E0 3.37292E0 3.55254E0 3.03363E0 2.69434E0 3.81199E0 5.12923E0 6.30676E0 5.12923E0 4.84982E0 3.93174E0 3.19329E0 3.25317E0 2.57459E0 8.3824E-1 2.17543E0 3.01367E0 2.01577E0 2.19539E-1 2.59455E-1 7.98324E-2 2.19539E-1 -7.29695E-1 -5.3934E-1 -3.48985E0 -3.93401E0 -3.80711E0 -6.1231E0 -7.01142E0 -1.52284E0 -7.29695E-1 -4.12437E-1 -4.60025E0 -2.8236E0 -1.99873E0 -1.26904E-1 7.98324E-2 -2.22081E-1 -6.9797E-1 -6.34518E-1 -4.60025E0 -3.74365E0 -6.66244E-1 7.98324E-2 7.98324E-2 -4.37817E0 -1.26904E0 -1.45939E0 -2.22081E-1 -8.88325E-1 1.99581E-2 5.98743E-2 1.59665E-1 7.38449E-1 -2.15736E0 -9.51777E-1 1.39707E-1 -2.6967E0 -2.85533E0 2.99371E-1 1.79623E-1 -3.83883E0 -5.48858E0
2.23531E0 1.63656E0 2.15547E0 2.17543E0 3.67229E0 4.86977E0 3.67229E0 3.67229E0 2.4748E0 4.51053E0 4.98952E0 4.45065E0 4.67019E0 4.53049E0 1.89602E0 1.45694E0 1.11765E0 2.11556E0 6.38659E-1 6.78575E-1 8.98114E-1 2.15547E0 1.31723E0 4.39078E-1 4.59036E-1 1.39707E-1 7.98324E-2 -1.01523E0 -1.30076E0 -4.85406E0 -7.32868E0 -1.14213E1 -9.42259E0 -5.71066E0 7.98324E-2 1.99581E-1 3.99162E-2 -2.03046E0 -3.33122E0 -1.39594E0 -5.83756E0 1.39707E-1 4.59036E-1 9.18072E-1 7.98324E-2 -1.90355E0 1.39707E-1 1.39707E-1 1.79623E-1 2.99371E-1 1.99581E-2 -3.4264E0 -7.48731E0 -2.06218E0 -3.23604E0 5.98743E-2 5.38868E-1 1.79623E-1 -9.51777E-1 -8.53426E0 -8.43909E0 3.99162E-2 3.99162E-2 -6.15482E0 7.98324E-2 -3.48985E-1 -6.53553E0 -3.99746E0
2.17543E0 3.45275E0 2.17543E0 3.87187E0 5.52839E0 5.28889E0 3.87187E0 3.63237E0 4.21116E0 3.0935E0 3.81199E0 3.19329E0 2.7143E0 3.87187E0 2.49476E0 7.38449E-1 5.98743E-1 6.18701E-1 1.79623E-1 1.99581E-1 1.13761E0 2.99371E-1 7.98324E-1 1.79623E-1 5.78785E-1 1.59665E-1 -4.12437E-1 -1.20558E0 -3.6802E0 -4.31472E0 -6.72589E0 -5.80584E0 -5.07614E0 -1.99873E0 7.98324E-2 8.98114E-1 1.39707E-1 -1.39594E0 -4.88579E0 -1.01523E1 -5.61548E0 -6.75761E0 7.98324E-2 2.19539E-1 1.79623E-1 1.39707E-1 1.59665E-1 -5.83756E0 -3.99746E0 -2.98223E0 3.99162E-2 -3.01396E0 -4.25127E0 -4.31472E0 -1.04695E0 -1.11041E0 -6.9797E-1 7.98324E-2 -6.02792E0 -8.217E0 -1.06599E1 -7.07487E0 -5.74239E0 -9.54949E0 -9.42259E0 -2.76015E0 -1.00254E1 -1.13896E1
2.37501E0 2.17543E0 2.65443E0 3.67229E0 4.37082E0 5.56831E0 7.145E0 5.76789E0 2.37501E0 5.52839E0 5.34877E0 3.41283E0 2.29518E0 7.98324E-1 7.38449E-1 2.99371E-1 4.78994E-1 4.39078E-1 4.78994E-1 -9.51777E-2 3.99162E-2 1.39707E-1 1.39707E-1 1.39707E-1 7.98324E-2 -2.03046E0 -3.58503E0 -6.85279E0 -3.5533E0 -8.02665E0 -1.15799E1 -1.25635E1 -9.48604E0 -3.61675E0 3.79204E-1 4.59036E-1 -3.48985E-1 -4.98096E0 -8.53426E0 -8.91497E0 -2.47462E0 -3.23604E0 -6.59898E0 -3.5533E0 -5.71066E-1 3.99162E-2 7.98324E-2 -1.26904E0 3.99162E-2 -4.44162E-1 -3.10914E0 -3.26777E0 -4.18782E0 -2.15736E0 -6.02792E-1 -1.90355E-1 -6.66244E-1 -2.41117E0 -7.29695E0 -9.54949E0 -7.99492E0 -5.2665E0 -2.91878E0 -3.80711E0 -8.05838E0 -9.73985E0 -1.31028E1 -8.24873E0
5.88764E0 3.87187E0 3.03363E0 4.27103E0 2.41493E0 5.06935E0 5.86768E0 4.35086E0 4.84982E0 7.46432E0 3.77208E0 5.52839E0 3.7122E0 7.58407E-1 8.18282E-1 1.59665E-1 2.59455E-1 8.98114E-1 3.39287E-1 -1.8401E0 -2.47462E0 -3.52157E0 -1.52284E0 -2.85533E-1 -2.79188E0 -4.09264E0 -6.09137E0 -6.63071E0 -3.83883E0 -7.26523E0 -1.17703E1 -1.34201E1 -6.94797E0 -9.9302E0 -6.02792E-1 -2.34772E0 7.98324E-2 -3.39467E0 -9.83503E0 -8.62944E0 -3.90228E0 -7.77284E0 -4.63198E0 -6.40863E0 -2.47462E0 -2.41117E0 -2.79188E0 -2.88706E0 -3.90228E0 -5.01269E0 -5.07614E0 -7.80457E0 -1.01523E1 -8.34391E0 5.98743E-2 7.98324E-2 9.97904E-2 -6.40863E0 -7.2335E0 -8.8198E0 -6.1231E0 -5.13959E0 -2.18909E0 -3.48985E-1 -9.48604E0 -9.35914E0 -9.48604E0 -9.54949E0
3.83195E0 5.34877E0 5.06935E0 4.39078E0 2.23531E0 3.29308E0 3.69225E0 2.9538E0 3.25317E0 4.59036E0 3.19329E0 3.07355E0 2.63447E0 7.38449E-1 5.38868E-1 1.39707E-1 1.19749E-1 1.79623E-1 1.39707E-1 -4.18782E0 -3.6802E0 -2.98223E0 -7.93147E-1 9.97904E-2 3.99162E-2 -6.02792E-1 -7.86802E0 -9.26396E0 -8.34391E0 -1.11675E1 -1.20241E1 -1.03109E1 -9.45432E0 -7.86802E0 -4.75888E0 -1.33249E0 -2.15736E0 -4.31472E0 -6.47208E0 -1.20558E1 -5.29822E0 -4.5368E0 -4.47335E0 -5.45685E0 -5.45685E0 -1.74492E0 -5.17132E0 -1.74492E0 -4.02919E0 -7.26523E0 -8.66117E0 -9.01015E0 -9.26396E0 -5.13959E0 -4.12437E-1 -1.87183E0 -6.66244E-1 7.98324E-2 -1.0533E1 -8.37563E0 -5.29822E0 -5.32995E0 -5.99619E0 -2.85533E0 -1.30076E1 -8.85152E0 -1.07868E1 -1.43084E1
5.52839E0 5.84772E0 5.34877E0 6.08722E0 5.38868E0 3.35296E0 3.29308E0 4.17124E0 3.29308E0 3.41283E0 3.87187E0 5.52839E0 4.94961E0 2.21535E0 1.33719E0 9.97904E-2 -8.24873E-1 1.79623E-1 -6.02792E-1 -4.85406E0 -7.1066E0 -4.31472E0 -3.33122E0 -2.76015E0 -3.64848E0 -1.23731E0 -9.20051E0 -1.0533E1 -9.35914E0 -9.01015E0 -1.06599E1 -9.99366E0 -1.08185E1 -1.27855E1 -1.29759E1 -3.48985E0 -2.79188E0 -4.88579E0 -5.74239E0 -1.30711E1 -9.51777E0 -8.78807E0 -4.85406E0 -6.15482E0 -9.77157E0 -4.72716E0 -2.50635E0 -6.02792E-1 -4.06091E0 -3.39467E0 -1.39594E0 -7.1066E0 -6.78934E0 -4.98096E0 -5.42513E0 -3.96574E0 -1.87183E0 -3.99746E0 -6.78934E0 -8.8198E0 -6.94797E0 -8.69289E0 -1.36739E1 -9.10533E0 -8.53426E0 -1.06599E1 -9.48604E0 -1.13896E1
8.44227E0 8.28261E0 6.12713E0 5.52839E0 4.76998E0 4.76998E0 5.62818E0 4.63028E0 6.24688E0 3.41283E0 2.55464E0 1.2374E0 4.78994E-1 7.98324E-2 4.59036E-1 9.57988E-1 -1.90355E-1 -5.71066E-1 1.99581E-2 -4.75888E-1 -2.15736E0 -4.47335E0 -1.87183E0 -4.02919E0 -5.96447E0 -4.44162E0 -4.15609E0 -4.09264E0 -9.29568E0 -1.03109E1 -1.1453E1 -9.89848E0 -1.34835E1 -1.37373E1 -1.70051E1 -8.40736E0 -7.64594E0 -9.13706E0 -5.64721E0 -8.12183E0 -8.40736E0 -5.71066E0 -5.61548E0 -7.89975E0 -9.58122E0 -8.75634E0 -6.72589E0 -6.34518E0 -2.53807E-1 -1.64975E0 -4.91751E0 -3.90228E0 -2.22081E-1 -7.45558E0 -7.93147E-1 3.99162E-2 7.98324E-2 -8.69289E0 -1.06282E1 -9.13706E0 -2.41117E0 -1.04378E1 -6.75761E0 -4.88579E0 -1.02475E1 -1.0184E1 -1.26586E1 -1.57995E1
6.20697E0 4.01158E0 5.84772E0 3.87187E0 4.78994E0 6.12713E0 5.34877E0 6.78575E0 5.52839E0 2.85401E0 1.11765E0 7.58407E-1 2.39497E-1 1.79623E-1 7.98324E-2 7.98324E-2 -6.1231E0 -4.82234E0 -4.34645E0 -6.63071E0 -5.67893E0 -7.55076E0 -5.64721E0 -5.48858E0 -5.2665E0 -5.04442E0 -1.09454E1 -6.66244E0 -4.75888E0 -6.40863E0 -1.17703E1 -4.85406E0 -9.64467E0 -1.51967E1 -1.6085E1 -1.3198E1 -9.35914E0 -1.20876E1 -9.73985E0 -8.72462E0 -1.11992E1 -3.99746E0 -1.17386E0 -1.68147E0 -2.44289E0 -1.1453E1 -1.24683E1 -1.11992E1 -1.49112E0 -3.64848E0 -5.07614E0 -2.85533E0 -3.48985E0 -8.31218E0 -4.60025E0 -4.75888E0 -8.05838E0 -9.0736E0 -1.14848E1 -1.56726E1 -1.40863E1 -1.19924E1 -1.3769E1 -9.83503E0 -3.58503E0 -7.58249E0 -8.69289E0 -1.38325E1
4.53049E0 3.25317E0 4.15128E0 4.98952E0 5.34877E0 4.59036E0 3.29308E0 3.37292E0 2.0956E0 2.49476E0 1.79623E-1 2.99371E-1 3.59246E-1 1.59665E0 7.98324E-2 1.39707E-1 -1.7132E0 -2.60152E0 -5.96447E0 -1.26904E1 -1.13896E1 -1.03109E1 -8.85152E0 -8.62944E0 -1.00254E1 -8.43909E0 -1.0882E1 -6.18655E0 -8.66117E0 -1.06282E1 -1.00254E1 -4.88579E0 -4.25127E0 -1.08503E1 -1.31662E1 -2.23668E1 -1.30076E1 -1.15165E1 -8.59772E0 -1.01523E0 -7.39213E0 -6.44036E0 -9.26396E0 -1.99873E0 -1.80838E0 -1.90355E0 -8.15355E0 -8.31218E0 -4.02919E0 -5.2665E0 -6.85279E0 -7.70939E0 -6.28173E0 -8.40736E0 -9.96193E0 -1.27221E1 -1.10089E1 -1.42132E1 -1.62437E1 -1.80203E1 -1.9448E1 -1.66561E1 -1.25E1 -1.20876E1 -8.40736E0 -4.91751E0 -6.94797E0 -4.94924E0
2.49476E0 2.15547E0 4.29099E0 7.2847E0 6.78575E0 4.59036E0 3.7122E0 3.39287E0 3.41283E0 8.3824E-1 1.99581E-1 1.99581E-1 1.09769E0 1.2374E0 3.99162E-2 -7.29695E-1 -5.29822E0 -6.50381E0 -3.23604E0 -5.61548E0 -1.1453E1 -7.55076E0 -6.78934E0 -6.53553E0 -9.61294E0 -1.13896E1 -9.99366E0 -6.63071E0 -7.74112E0 -9.9302E0 -5.71066E0 -8.59772E0 -1.0184E1 -6.50381E0 -1.36104E1 -1.73858E1 -8.18528E0 -1.0184E1 -1.02792E1 -8.9467E0 -4.28299E0 -4.15609E0 -8.47081E0 -5.36168E0 -6.94797E0 -8.62944E0 -4.28299E0 -1.04378E1 -5.3934E0 -4.82234E0 -1.02157E1 -9.99366E0 -8.24873E0 -1.19607E1 -1.10723E1 -1.41815E1 -1.72906E1 -1.79569E1 -1.32614E1 -1.3547E1 -1.63388E1 -1.44036E1 -1.61802E1 -1.43084E1 -6.94797E0 -3.10914E0 -7.93147E-1 -4.82234E0
8.98114E-1 9.97904E-1 3.41283E0 4.05149E0 6.14709E0 5.54835E0 4.59036E0 3.19329E0 1.91598E0 1.59665E0 4.98952E-1 1.79623E-1 2.99371E-1 8.18282E-1 9.97904E-2 -1.8401E0 -4.85406E0 -5.90102E0 -5.07614E0 -6.47208E0 -1.12944E1 -1.06916E1 -7.77284E0 -8.43909E0 -6.91624E0 -9.9302E0 -7.99492E0 -4.98096E0 -8.91497E0 -1.00571E1 -6.1231E0 -5.13959E0 -5.77411E0 -1.02792E1 -1.16117E1 -1.34201E1 -1.09772E1 -7.61421E0 -7.77284E0 -6.75761E0 -9.8033E0 -7.48731E0 -1.00571E1 -6.9797E0 -6.88452E0 -8.62944E0 -1.10089E1 -8.28046E0 -8.85152E0 -7.32868E0 -9.51777E0 -1.05013E1 -1.19289E1 -9.89848E0 -1.31662E1 -1.4816E1 -1.80838E1 -1.63388E1 -1.80203E1 -1.27221E1 -1.3769E1 -1.77665E1 -1.42766E1 -1.36104E1 -9.23223E0 -4.44162E0 -3.10914E0 -4.44162E0
1.41702E0 2.7143E0 3.29308E0 5.56831E0 3.7122E0 5.12923E0 2.79413E0 2.69434E0 2.05568E0 1.05778E0 1.75631E0 1.99581E-1 1.63656E0 1.61661E0 8.18282E-1 4.1912E-1 1.39707E-1 -5.77411E0 -7.32868E0 -8.91497E0 -1.20241E1 -1.0184E1 -1.09137E1 -1.08185E1 -7.77284E0 -5.96447E0 -5.64721E0 -1.15165E1 -1.49429E1 -1.10089E1 -4.66371E0 -6.40863E0 -9.13706E0 -1.10406E1 -1.66878E1 -1.74492E1 -9.01015E0 -8.56599E0 -6.31345E0 -7.74112E0 -5.36168E0 -8.47081E0 -8.88325E0 -8.75634E0 -7.77284E0 -7.77284E0 -9.16878E0 -7.07487E0 -7.89975E0 -8.40736E0 -1.56409E1 -1.58312E1 -1.32931E1 -9.54949E0 -1.03744E1 -1.12627E1 -2.11612E1 -1.83693E1 -1.56091E1 -9.45432E0 -9.01015E0 -7.48731E0 -1.46574E1 -1.32931E1 -1.06282E1 -8.217E0 -5.20305E0 -1.19289E1
3.91179E0 5.70801E0 2.9538E0 5.26894E0 4.07145E0 2.37501E0 1.75631E0 1.95589E0 2.19539E0 3.79204E-1 1.59665E-1 5.98743E-2 1.99581E-1 3.79204E-1 2.99371E-1 1.79623E-1 9.3803E-1 -1.90355E-1 -7.17005E0 -8.88325E0 -8.31218E0 -1.25635E1 -1.0882E1 -8.24873E0 -9.39086E0 -1.16751E1 -1.15165E1 -1.09137E1 -1.38325E1 -1.38325E1 -1.38959E1 -1.15799E1 -1.01206E1 -1.12944E1 -9.29568E0 -2.0717E1 -1.37373E1 -9.48604E0 -1.11992E1 -1.19924E1 -1.05647E1 -1.03109E1 -6.59898E0 -7.99492E0 -8.02665E0 -8.37563E0 -8.31218E0 -1.00571E1 -1.00888E1 -8.78807E0 -1.40546E1 -1.39594E1 -1.24048E1 -5.99619E0 -7.01142E0 -1.48794E1 -1.25952E1 -1.53553E1 -1.9448E1 -2.03997E1 -1.02792E1 -1.53871E1 -1.03426E1 -1.62754E1 -1.97652E1 -1.32297E1 -1.3769E1 -9.35914E0
3.17334E0 3.37292E0 3.37292E0 2.97376E0 3.05359E0 3.11346E0 2.15547E0 1.03782E0 1.59665E0 4.92965E0 2.97376E0 4.13132E0 2.29518E0 1.4769E0 9.57988E-1 2.7143E0 7.38449E-1 -2.53807E-1 -2.44289E0 -4.88579E0 -9.04188E0 -1.20241E1 -1.23414E1 -1.50063E1 -1.04378E1 -1.10089E1 -1.26904E1 -1.29124E1 -1.40863E1 -1.29442E1 -1.07234E1 -1.26269E1 -9.6764E0 -1.29124E1 -2.18274E1 -1.39277E1 -1.54505E1 -8.66117E0 -9.54949E0 -7.07487E0 -8.12183E0 -8.78807E0 -9.6764E0 -1.61802E1 -8.50254E0 -1.51967E1 -9.83503E0 -1.17386E1 -1.66878E1 -1.58947E1 -1.71954E1 -1.30076E1 -1.32297E1 -1.01523E1 -9.89848E0 -1.11358E1 -1.36104E1 -1.84962E1 -1.68782E1 -1.87817E1 -1.88452E1 -1.49429E1 -1.79886E1 -1.88769E1 -1.62119E1 -1.63706E1 -1.36739E1 -9.29568E0
1.11765E0 1.41702E0 1.91598E0 3.53258E0 3.91179E0 5.08931E0 4.07145E0 2.23531E0 2.23531E0 3.67229E0 5.92755E0 4.86977E0 2.15547E0 3.05359E0 4.49057E0 3.7122E0 2.29518E0 1.77627E0 1.39707E-1 -1.45939E0 -3.93401E0 -9.32741E0 -1.49112E1 -1.52602E1 -1.41497E1 -1.33883E1 -1.07234E1 -1.16434E1 -1.1453E1 -1.06599E1 -1.10089E1 -1.79569E1 -1.77665E1 -1.86231E1 -1.53236E1 -1.36421E1 -1.21193E1 -6.88452E0 -4.25127E0 -6.88452E0 -1.25635E1 -1.16751E1 -1.03744E1 -1.01206E1 -8.12183E0 -1.01206E1 -1.5736E1 -1.33883E1 -1.36739E1 -1.61168E1 -1.04695E1 -1.29124E1 -1.43718E1 -1.32614E1 -1.67195E1 -1.71637E1 -1.3198E1 -1.92576E1 -2.05584E1 -1.80838E1 -2.26206E1 -2.25254E1 -1.69416E1 -2.26206E1 -2.29378E1 -1.5736E1 -1.58312E1 -1.85596E1
-2.63325E0 6.78575E-1 1.4769E0 1.13761E0 3.99162E0 4.94961E0 4.86977E0 5.0494E0 6.22692E0 5.76789E0 9.93913E0 5.26894E0 4.49057E0 4.84982E0 4.98952E0 5.46852E0 3.77208E0 1.89602E0 6.98533E-1 -2.37944E0 -1.96701E0 -8.02665E0 -1.17386E1 -1.26269E1 -9.16878E0 -1.36739E1 -1.10406E1 -1.03109E1 -9.64467E0 -8.62944E0 -1.59264E1 -1.99556E1 -1.77665E1 -1.84327E1 -1.89086E1 -1.59898E1 -1.04695E1 -1.03426E1 -1.19607E1 -1.28807E1 -8.8198E0 -1.2849E1 -1.31345E1 -1.37056E1 -1.31028E1 -9.32741E0 -1.11992E1 -1.56726E1 -1.33883E1 -1.33566E1 -1.3547E1 -7.36041E0 -9.23223E0 -8.59772E0 -1.46574E1 -2.00508E1 -1.66561E1 -1.56726E1 -1.68147E1 -1.9448E1 -2.45558E1 -2.59518E1 -1.73541E1 -2.12881E1 -2.20178E1 -1.44987E1 -1.80203E1 -1.50063E1
