ENM/Final_Models/M_1_F_q_Set_1_EC/Gustavia_santanderiensis_3_Choco_clamping.asc
ncols         367
nrows         963
xllcorner     -78.6
yllcorner     0.65
cellsize      0.00833333333333323
NODATA_value  -9999
[rows 744 to 774 of 963, columns 70 to 139 of 367]
1.11022E-16 0E0 1.33227E-15 0E0 0E0 1.33227E-15 3.66374E-15 7.77156E-16 0E0 0E0 2.77556E-15 0E0 0E0 0E0 0E0 2.04059E-13 1.79856E-14 0E0 0E0 0E0 0E0 0E0 1.57652E-14 1.11022E-16 0E0 0E0 0E0 0E0 0E0 0E0 0E0 1.58762E-14 0E0 3.84137E-14 0E0 8.88178E-16 2.22045E-16 4.28823E-11 8.19345E-14 7.18013E-11 6.28866E-11 4.50751E-14 7.54952E-15 0E0 1.38711E-12 5.13574E-7 1.70803E-7 2.33253E-10 6.58192E-9 3.23182E-3 1.29287E-3 5.81824E-3 3.55279E-3 5.69265E-3 5.72509E-3 6.06149E-3 4.58769E-3 6.79466E-4 2.26795E-3 5.57146E-3 2.24452E-3 0E0 0E0 0E0 0E0 0E0 0E0 0E0 0E0 0E0
0E0 0E0 2.56795E-13 0E0 0E0 3.21965E-15 3.39617E-13 8.77076E-15 0E0 0E0 6.66134E-16 0E0 0E0 0E0 0E0 0E0 1.11022E-15 0E0 5.55112E-16 8.89622E-13 6.07292E-14 0E0 2.60902E-14 0E0 0E0 0E0 0E0 0E0 0E0 0E0 0E0 1.27343E-13 3.55271E-15 0E0 0E0 0E0 0E0 8.88064E-11 3.2907E-13 2.10942E-15 2.37575E-10 1.83208E-10 0E0 7.61497E-9 1.4253E-12 2.22045E-16 4.44089E-15 3.34932E-12 7.71744E-8 6.04058E-5 2.0341E-4 6.73619E-3 2.57606E-3 8.66519E-3 5.70158E-3 1.46567E-3 4.36416E-5 1.96115E-4 6.47515E-4 5.381E-4 1.66438E-3 0E0 0E0 0E0 0E0 0E0 0E0 0E0 0E0 0E0
0E0 2.37588E-14 0E0 2.59792E-14 0E0 0E0 2.10942E-15 1.11022E-16 0E0 0E0 1.11022E-16 0E0 0E0 0E0 0E0 6.10623E-15 0E0 6.52811E-13 7.10543E-15 1.03251E-14 0E0 1.19349E-13 2.55351E-15 1.11022E-16 0E0 0E0 0E0 0E0 0E0 0E0 1.09246E-13 3.10862E-15 0E0 0E0 1.11022E-16 1.11022E-16 1.44329E-15 2.22045E-16 1.55542E-13 1.11022E-16 2.75572E-10 7.54952E-15 8.3147E-9 2.19504E-11 4.5185E-12 1.93567E-8 5.36238E-14 3.86852E-11 2.81757E-9 6.95427E-5 4.00438E-5 1.29955E-3 8.91047E-3 3.32441E-3 4.55766E-3 2.00917E-3 0E0 7.60751E-5 5.23576E-3 0E0 0E0 0E0 0E0 0E0 0E0 0E0 0E0 0E0 0E0 0E0
7.08553E-10 5.88041E-12 0E0 1.77636E-15 0E0 0E0 3.33067E-16 1.11022E-16 1.11022E-16 0E0 0E0 0E0 0E0 0E0 0E0 0E0 6.55032E-15 4.59077E-13 2.03282E-13 5.55112E-16 1.18794E-13 2.19802E-12 3.73035E-14 0E0 0E0 0E0 0E0 0E0 0E0 0E0 2.22045E-16 0E0 1.22125E-15 0E0 4.11393E-12 0E0 1.4877E-13 9.44878E-12 1.24869E-9 3.56271E-13 3.55271E-15 1.45439E-14 3.88826E-10 1.31621E-8 7.79084E-6 2.35617E-7 5.55112E-16 1.44541E-10 1.32689E-5 2.14365E-3 2.04765E-3 3.59781E-3 2.4777E-3 5.50572E-3 7.86318E-3 0E0 0E0 2.5871E-6 0E0 0E0 0E0 0E0 0E0 0E0 0E0 0E0 0E0 0E0 0E0 0E0
3.55771E-10 2.15938E-13 6.5925E-13 0E0 1.33227E-15 0E0 0E0 1.11022E-16 0E0 0E0 0E0 0E0 0E0 0E0 0E0 0E0 7.77156E-16 1.11022E-16 2.33147E-15 7.77156E-15 6.39488E-14 1.55431E-15 0E0 0E0 0E0 0E0 0E0 0E0 3.97793E-13 7.43849E-15 0E0 0E0 3.33067E-16 6.18394E-14 1.11022E-16 2.61671E-9 7.77156E-16 0E0 0E0 3.93786E-9 2.66454E-15 4.4853E-14 0E0 1.27121E-13 7.34102E-12 9.85567E-12 1.91379E-7 2.87485E-7 3.35631E-7 6.388E-6 1.78379E-4 2.55459E-3 8.37529E-4 1.60412E-3 3.08492E-3 0E0 0E0 0E0 0E0 0E0 0E0 0E0 0E0 0E0 0E0 0E0 0E0 0E0 0E0 0E0
0E0 5.88418E-15 1.44329E-15 1.11022E-16 0E0 0E0 0E0 0E0 0E0 0E0 0E0 0E0 1.32117E-14 6.85174E-12 1.11022E-16 0E0 0E0 2.22045E-16 0E0 0E0 4.77396E-15 1.62093E-14 0E0 0E0 0E0 0E0 5.10703E-15 0E0 9.21485E-15 1.11022E-16 0E0 5.88418E-15 0E0 0E0 0E0 3.68372E-13 1.33227E-14 4.44089E-16 3.33067E-16 6.43929E-15 3.41003E-8 4.44089E-16 3.33067E-16 0E0 2.37144E-13 4.9305E-13 3.15822E-8 1.62818E-6 1.6318E-8 1.33337E-7 3.53298E-7 1.1068E-5 3.6678E-4 1.74259E-4 4.83368E-4 5.65491E-3 9.28615E-5 0E0 0E0 0E0 0E0 0E0 0E0 0E0 0E0 0E0 0E0 0E0 0E0 0E0
3.45544E-11 5.55112E-16 1.85407E-14 0E0 3.23075E-13 9.32587E-14 0E0 0E0 0E0 0E0 0E0 0E0 8.88178E-16 0E0 5.54001E-14 0E0 0E0 0E0 1.09902E-8 3.81433E-9 2.84994E-13 0E0 1.88738E-15 0E0 0E0 1.77636E-15 0E0 6.77236E-15 0E0 0E0 0E0 0E0 0E0 0E0 0E0 2.77556E-15 7.43849E-14 6.6829E-11 1.47405E-11 2.56561E-12 1.47983E-6 2.50584E-10 9.5571E-10 1.11022E-16 1.79967E-13 9.39249E-14 2.37233E-9 4.38529E-5 2.13912E-6 6.48449E-6 3.68861E-7 1.06421E-9 1.57371E-3 3.57137E-3 2.57443E-3 0E0 0E0 0E0 0E0 0E0 0E0 0E0 0E0 0E0 0E0 0E0 0E0 0E0 0E0 0E0
2.35861E-10 2.22045E-16 1.9259E-12 0E0 0E0 0E0 0E0 0E0 0E0 0E0 0E0 0E0 0E0 0E0 0E0 0E0 0E0 0E0 1.52434E-13 3.12705E-12 4.16112E-13 0E0 2.22045E-16 0E0 0E0 1.69686E-10 1.44329E-15 0E0 0E0 0E0 0E0 5.55112E-16 1.11022E-16 0E0 0E0 1.70917E-11 6.66134E-16 2.55795E-13 5.78981E-13 3.07958E-11 4.14478E-7 2.66454E-15 4.58173E-10 3.33067E-15 1.9984E-14 5.17955E-9 8.96843E-9 2.29544E-6 5.49816E-8 1.68702E-6 1.17688E-8 3.25919E-8 1.14683E-3 1.9621E-3 0E0 0E0 0E0 0E0 0E0 0E0 0E0 0E0 0E0 0E0 0E0 0E0 0E0 0E0 0E0 0E0
1.69531E-13 3.33067E-16 2.12436E-11 7.88237E-11 1.11022E-16 4.66294E-15 0E0 0E0 0E0 0E0 0E0 0E0 0E0 0E0 0E0 0E0 1.11022E-16 1.11022E-16 2.64488E-12 1.11022E-16 1.47893E-12 1.13858E-11 0E0 2.10942E-15 0E0 0E0 2.04475E-10 0E0 0E0 0E0 1.11022E-16 0E0 2.55351E-15 0E0 6.10623E-15 7.99361E-15 5.88418E-15 1.97244E-10 4.44089E-16 3.019E-9 3.33067E-16 2.22045E-15 8.08903E-11 1.50576E-6 1.8825E-7 5.64827E-8 9.70335E-14 1.621E-7 4.53767E-7 5.68407E-7 1.69253E-5 1.53096E-6 9.04123E-4 0E0 0E0 0E0 0E0 0E0 0E0 0E0 0E0 0E0 0E0 0E0 0E0 0E0 0E0 0E0 0E0 0E0
0E0 0E0 1.04774E-10 3.16069E-10 4.44089E-16 0E0 0E0 0E0 0E0 1.22125E-15 0E0 0E0 0E0 0E0 0E0 0E0 6.66134E-16 0E0 4.44089E-16 0E0 1.11022E-16 2.10942E-15 0E0 0E0 0E0 0E0 1.11022E-16 3.33067E-16 3.21965E-15 2.15017E-12 6.10623E-15 0E0 0E0 5.55112E-16 3.93019E-13 0E0 1.72085E-14 3.33067E-16 0E0 0E0 7.77156E-16 2.01163E-10 2.41829E-12 9.76975E-9 7.05207E-10 5.42192E-10 9.51527E-10 5.53512E-6 1.77799E-7 2.86212E-6 2.01294E-4 2.45598E-7 2.63419E-3 2.44628E-4 0E0 0E0 0E0 0E0 0E0 0E0 0E0 0E0 0E0 0E0 0E0 0E0 0E0 0E0 0E0 0E0
4.44089E-16 0E0 4.95823E-11 6.40588E-12 2.01283E-13 0E0 0E0 0E0 0E0 0E0 0E0 0E0 0E0 0E0 0E0 0E0 0E0 6.66134E-14 9.99201E-15 0E0 2.23155E-14 7.77156E-16 0E0 0E0 0E0 1.55431E-15 0E0 6.66134E-16 8.87512E-12 2.85175E-10 4.44089E-16 0E0 8.83449E-12 0E0 1.02252E-13 0E0 2.13344E-11 0E0 1.11022E-16 1.11022E-16 2.77556E-13 1.11022E-16 5.79315E-10 2.83604E-8 9.34452E-9 5.40125E-9 1.30273E-8 1.05468E-6 3.96279E-7 2.47078E-6 5.449E-4 9.71283E-4 8.10388E-4 0E0 0E0 0E0 0E0 0E0 0E0 0E0 0E0 0E0 0E0 0E0 0E0 0E0 0E0 0E0 0E0 0E0
1.11022E-16 0E0 2.3419E-12 1.88738E-15 1.44045E-11 0E0 0E0 0E0 0E0 1.05471E-14 0E0 0E0 0E0 0E0 0E0 0E0 3.88578E-15 1.13909E-13 6.83897E-14 0E0 2.87548E-14 0E0 1.11022E-16 8.88178E-16 5.4845E-14 2.01582E-10 3.422E-11 3.02758E-13 0E0 0E0 0E0 0E0 1.38067E-12 9.74405E-11 0E0 0E0 0E0 0E0 0E0 1.68976E-13 5.37E-10 1.1412E-12 8.27171E-11 2.54241E-14 7.08643E-11 6.31013E-8 1.24472E-7 9.4667E-6 1.04753E-4 8.8742E-4 6.02138E-3 1.51366E-3 0E0 0E0 0E0 0E0 0E0 0E0 0E0 0E0 0E0 0E0 0E0 0E0 0E0 0E0 0E0 0E0 0E0 0E0
8.27116E-14 0E0 6.40599E-14 5.55112E-16 3.53886E-11 4.44089E-16 2.22045E-16 0E0 0E0 0E0 0E0 2.50233E-12 3.33067E-16 0E0 0E0 0E0 3.33511E-13 2.22045E-16 2.22045E-15 2.22045E-16 1.11022E-16 0E0 0E0 0E0 1.55475E-11 0E0 5.10703E-15 1.11022E-16 2.22045E-16 1.77636E-15 0E0 1.11022E-16 1.40914E-10 4.52591E-10 8.27116E-14 0E0 0E0 4.52971E-14 4.05278E-9 1.81966E-13 1.24367E-9 6.78578E-11 7.39511E-9 8.20118E-8 3.24361E-7 1.64911E-7 3.1314E-4 1.49599E-3 1.25385E-3 1.67335E-3 3.22358E-3 0E0 0E0 0E0 0E0 0E0 0E0 0E0 0E0 0E0 0E0 0E0 0E0 0E0 0E0 0E0 0E0 0E0 0E0 0E0
1.11022E-16 5.90694E-12 4.08085E-12 2.99538E-13 1.11022E-16 3.24185E-14 0E0 0E0 0E0 0E0 0E0 0E0 7.66054E-15 1.22125E-15 6.55032E-15 6.77236E-15 3.33067E-16 1.66533E-15 3.4639E-14 0E0 0E0 1.11022E-16 0E0 0E0 7.82522E-10 9.68114E-14 1.9984E-15 1.55431E-15 1.11022E-16 0E0 0E0 0E0 0E0 0E0 0E0 6.86838E-8 1.88738E-15 0E0 1.11022E-16 2.86327E-13 1.45883E-13 2.56115E-8 3.2459E-7 1.25978E-6 9.13241E-7 1.471E-6 3.45756E-6 7.46446E-4 1.06284E-3 7.61908E-4 1.27564E-3 0E0 0E0 0E0 0E0 0E0 0E0 0E0 0E0 0E0 0E0 0E0 0E0 0E0 0E0 0E0 0E0 0E0 0E0 0E0
1.77414E-13 4.2401E-10 3.25295E-14 1.60205E-13 1.16573E-13 0E0 1.11022E-16 0E0 0E0 2.33147E-15 0E0 8.27449E-13 5.55112E-16 4.44089E-16 0E0 3.01584E-10 1.66533E-15 1.11022E-16 1.11022E-16 0E0 3.88578E-15 7.66054E-15 0E0 0E0 2.22045E-16 7.6128E-13 0E0 3.33067E-16 1.04361E-14 0E0 0E0 3.33067E-16 4.84168E-13 9.18821E-13 0E0 1.19682E-13 5.55112E-16 1.67063E-10 7.49488E-11 1.46825E-11 4.04565E-13 6.88327E-12 8.88247E-9 4.80414E-10 1.13444E-7 9.41073E-5 1.06629E-4 8.38707E-4 1.22568E-3 1.42706E-3 0E0 0E0 0E0 0E0 0E0 0E0 0E0 0E0 0E0 0E0 0E0 0E0 0E0 0E0 0E0 0E0 0E0 0E0 0E0 0E0
8.36053E-12 2.35922E-13 1.19904E-14 1.01918E-13 5.85709E-12 0E0 0E0 2.4647E-14 0E0 0E0 7.7327E-13 3.44169E-15 3.8316E-12 0E0 0E0 1.03251E-14 1.00453E-12 0E0 9.72555E-14 2.66454E-15 1.55431E-15 0E0 1.55431E-15 1.04916E-13 2.19602E-13 0E0 0E0 0E0 1.66533E-15 1.01225E-11 0E0 1.11022E-16 3.69704E-14 0E0 0E0 8.88178E-16 0E0 2.9851E-11 1.68104E-9 7.71979E-10 3.27224E-10 2.53618E-11 1.38972E-7 1.74113E-4 8.10567E-7 1.35613E-5 1.44539E-5 2.88376E-5 4.79055E-4 1.1893E-3 1.04256E-3 0E0 0E0 0E0 0E0 0E0 0E0 0E0 0E0 0E0 0E0 0E0 0E0 0E0 0E0 0E0 0E0 0E0 0E0 0E0
2.22045E-16 1.44329E-15 4.74421E-12 7.77156E-16 4.93272E-12 0E0 0E0 0E0 0E0 0E0 0E0 0E0 1.02029E-13 2.22045E-16 6.66134E-16 1.69198E-13 0E0 1.50657E-13 0E0 9.99201E-16 4.95273E-11 0E0 3.33067E-16 2.58293E-12 3.20632E-13 0E0 0E0 2.80886E-14 6.88338E-15 2.22045E-16 3.33067E-16 0E0 0E0 0E0 0E0 4.44089E-16 0E0 5.44009E-15 6.56608E-12 3.40343E-11 1.07249E-9 6.81975E-10 2.53911E-8 6.71049E-5 1.96239E-5 4.69181E-9 3.8277E-5 4.18127E-4 4.29936E-4 2.80007E-4 4.86236E-4 3.45569E-4 0E0 0E0 0E0 0E0 0E0 0E0 0E0 0E0 0E0 0E0 0E0 0E0 0E0 0E0 0E0 0E0 0E0 0E0
1.01675E-11 1.71396E-12 2.22045E-16 2.9976E-15 1.11022E-16 0E0 2.22045E-16 4.44089E-16 2.22045E-16 1.11022E-16 0E0 0E0 2.28706E-14 2.03504E-13 6.50258E-13 1.90403E-13 0E0 1.13843E-10 2.22045E-16 1.84553E-11 1.9952E-8 5.00711E-14 0E0 1.9984E-15 1.70974E-14 2.54241E-14 3.40264E-11 4.00617E-11 3.40494E-12 4.183E-8 0E0 4.88498E-15 2.43139E-14 0E0 0E0 3.33067E-16 1.59783E-12 2.88658E-15 6.83786E-13 2.20035E-12 1.07181E-12 1.4977E-11 1.34642E-8 9.0088E-7 5.499E-9 3.23017E-5 1.7377E-4 1.43425E-3 0E0 3.83446E-4 5.7344E-4 3.29978E-4 0E0 0E0 0E0 0E0 0E0 0E0 0E0 0E0 0E0 0E0 0E0 0E0 0E0 0E0 0E0 0E0 0E0 0E0
2.29861E-12 3.26428E-12 0E0 8.32667E-15 2.62235E-13 6.18405E-12 1.24161E-10 8.82627E-14 2.33147E-15 7.13204E-11 1.11022E-16 0E0 1.3353E-11 4.8293E-10 2.75268E-10 0E0 1.11022E-16 1.94339E-9 2.25375E-14 2.60902E-14 6.09734E-13 5.83489E-12 1.07692E-14 2.58682E-14 1.39888E-14 5.77316E-15 6.60805E-13 3.33067E-14 2.01195E-12 9.48285E-10 3.10307E-13 1.4877E-14 1.60982E-14 0E0 1.21014E-14 4.77396E-14 0E0 5.15177E-12 9.80926E-12 1.97065E-13 1.16355E-11 9.51461E-14 6.16174E-14 1.47563E-10 2.38188E-8 7.7374E-6 1.47533E-4 5.76239E-3 0E0 3.18084E-4 0E0 0E0 0E0 0E0 0E0 0E0 0E0 0E0 0E0 0E0 0E0 0E0 0E0 0E0 0E0 0E0 0E0 0E0 0E0 0E0
1.88611E-10 1.6831E-13 7.66054E-15 4.10783E-15 1.93701E-12 1.11022E-15 1.01882E-10 3.98015E-12 1.89848E-14 2.58671E-12 3.33067E-16 2.79665E-12 2.72005E-14 4.68803E-12 8.19641E-11 3.39107E-9 2.37402E-9 1.3453E-9 1.338E-10 1.11022E-16 2.22045E-16 3.33067E-16 2.33147E-15 3.83204E-9 2.6341E-10 2.88691E-12 3.06773E-11 3.18691E-11 4.80868E-10 4.6716E-12 3.48074E-11 5.31242E-9 2.11845E-10 7.37943E-12 4.44089E-16 3.9968E-15 0E0 8.77076E-15 2.63123E-14 0E0 0E0 7.77156E-16 4.44089E-16 3.43944E-10 1.96939E-8 4.30882E-7 1.08801E-4 3.16365E-3 6.58352E-4 0E0 0E0 0E0 0E0 0E0 0E0 0E0 0E0 0E0 0E0 0E0 0E0 0E0 0E0 0E0 0E0 0E0 0E0 0E0 0E0 0E0
1.70863E-13 8.96061E-13 4.74065E-14 4.0894E-12 4.33489E-11 4.0953E-8 2.9321E-13 1.82473E-11 0E0 1.66533E-15 1.93738E-10 9.60536E-10 1.04217E-9 4.58404E-10 3.36585E-10 2.29104E-8 8.2454E-12 5.21805E-15 1.55431E-15 0E0 8.82849E-13 3.10862E-15 0E0 4.70168E-12 2.10138E-8 2.08056E-13 8.29452E-11 1.87831E-9 1.21741E-10 5.22735E-10 1.9984E-15 2.07808E-9 1.47049E-12 5.13223E-12 3.9968E-15 1.58018E-12 2.1246E-9 1.11022E-16 1.22125E-15 3.33067E-16 1.77636E-15 3.33067E-16 2.76446E-14 1.40665E-10 9.71875E-11 8.67778E-9 2.86109E-3 0E0 0E0 0E0 0E0 0E0 0E0 0E0 0E0 0E0 0E0 0E0 0E0 0E0 0E0 0E0 0E0 0E0 0E0 0E0 0E0 0E0 0E0 0E0
9.2841E-11 1.16729E-10 8.24647E-11 4.43334E-12 1.89734E-9 1.7564E-9 1.6076E-13 3.29692E-12 9.10383E-15 4.65183E-14 6.10512E-13 8.71159E-12 1.12133E-14 5.25028E-10 2.47381E-9 1.2765E-7 1.09576E-11 9.39189E-10 1.95732E-13 7.50622E-13 1.25122E-13 1.06581E-14 2.73169E-9 1.17368E-9 5.36827E-8 2.51191E-8 5.30859E-8 8.05072E-8 4.47095E-11 2.70706E-12 0E0 0E0 1.77636E-15 2.18237E-12 4.00791E-14 1.14353E-14 0E0 1.35336E-13 5.23248E-13 1.44329E-14 4.35207E-14 9.18154E-14 0E0 4.07452E-14 6.93337E-9 1.853E-5 1.99436E-3 0E0 0E0 0E0 0E0 0E0 0E0 0E0 0E0 0E0 0E0 0E0 0E0 0E0 0E0 0E0 0E0 0E0 0E0 0E0 0E0 0E0 0E0 0E0
3.31615E-9 8.5273E-8 1.02533E-9 1.65423E-14 1.07947E-12 5.72549E-9 1.20126E-13 1.23268E-12 3.04972E-10 1.11022E-16 4.59632E-14 4.10783E-15 3.33153E-7 1.17684E-13 7.88258E-15 6.93889E-14 4.62042E-12 1.73214E-11 2.85001E-9 4.52908E-9 1.03625E-10 9.44134E-13 3.81182E-11 1.94955E-13 6.60583E-14 2.68831E-8 2.8658E-11 5.41422E-12 1.19584E-9 0E0 0E0 5.89528E-14 7.49457E-10 5.48006E-13 4.89054E-11 7.18314E-14 1.34781E-13 1.30007E-13 1.56541E-14 5.01978E-9 2.03837E-13 1.40998E-14 1.93512E-13 4.09883E-12 1.49333E-10 3.39175E-7 6.01989E-4 0E0 0E0 0E0 0E0 0E0 0E0 0E0 0E0 0E0 0E0 0E0 0E0 0E0 0E0 0E0 0E0 0E0 0E0 0E0 0E0 0E0 0E0 0E0
3.07161E-10 1.0956E-8 2.62568E-12 8.35998E-14 1.18376E-11 5.86149E-11 1.803E-13 1.06577E-9 6.95E-14 2.22045E-16 1.33227E-15 1.16718E-12 2.55508E-10 3.66618E-9 8.84352E-10 4.48721E-10 1.59313E-9 7.11764E-13 5.25943E-8 9.25934E-10 2.45006E-8 1.04361E-14 1.7531E-10 7.67764E-12 5.75096E-14 2.9559E-9 6.07205E-11 1.33227E-15 3.61603E-10 5.26199E-10 0E0 6.76126E-14 4.44089E-16 1.62537E-13 2.63128E-11 3.01351E-10 3.83989E-9 7.3567E-10 1.07159E-11 3.09689E-8 7.48905E-11 4.65263E-8 9.70779E-13 7.55547E-9 1.91526E-5 2.41324E-4 7.80123E-4 0E0 0E0 0E0 0E0 0E0 0E0 0E0 0E0 0E0 0E0 0E0 0E0 0E0 0E0 0E0 0E0 0E0 0E0 0E0 0E0 0E0 0E0 0E0
1.06591E-11 3.28554E-9 1.79856E-14 1.56875E-13 1.62336E-11 1.49024E-9 2.6197E-6 7.99809E-7 5.51159E-12 3.41517E-11 3.18069E-10 1.86751E-12 2.56462E-14 3.9746E-14 2.65676E-13 0E0 2.40918E-14 1.69378E-10 8.69357E-8 8.50815E-10 1.26542E-10 9.30697E-10 1.81213E-10 7.69729E-11 4.77718E-12 2.49245E-13 6.00631E-14 1.03517E-12 1.59457E-10 1.2436E-9 1.11022E-16 1.18683E-13 1.23779E-10 4.312E-11 7.90225E-10 3.2707E-9 5.55908E-7 9.53432E-7 2.43675E-10 6.06863E-8 5.80226E-10 9.15366E-7 2.18527E-7 1.26749E-5 1.30062E-5 0E0 0E0 0E0 0E0 0E0 0E0 0E0 0E0 0E0 0E0 0E0 0E0 0E0 0E0 0E0 0E0 0E0 0E0 0E0 0E0 0E0 0E0 0E0 0E0 0E0
5.64659E-13 5.56653E-9 6.27942E-13 5.28577E-13 2.44174E-10 1.57584E-8 6.71341E-12 4.95942E-11 5.13614E-11 1.49192E-12 4.26326E-14 2.10942E-15 9.99201E-16 2.66454E-15 1.33227E-15 1.11022E-16 5.8366E-11 3.56783E-10 7.24531E-10 1.60849E-12 4.75797E-12 3.96028E-12 1.79494E-9 9.99048E-11 6.56142E-14 0E0 6.19504E-14 3.80695E-13 9.59846E-9 1.31444E-11 1.11022E-16 1.11022E-16 5.40679E-14 7.27609E-9 1.01702E-8 7.6783E-6 4.89558E-7 1.29884E-8 2.14273E-14 2.54084E-8 7.33885E-7 3.32303E-5 1.18357E-6 1.92022E-4 2.9611E-4 0E0 3.96957E-4 0E0 0E0 0E0 0E0 0E0 0E0 0E0 0E0 0E0 0E0 0E0 0E0 0E0 0E0 0E0 0E0 0E0 0E0 0E0 0E0 0E0 0E0 0E0
4.41647E-13 7.21391E-11 4.02076E-11 3.65342E-7 2.36763E-10 7.89735E-11 3.90612E-10 6.93365E-11 1.04663E-11 1.11022E-16 1.11022E-16 2.73781E-12 1.11022E-16 3.9746E-14 1.26192E-10 3.92131E-13 4.94928E-9 1.25266E-12 2.08012E-11 8.52185E-12 7.82818E-13 1.27676E-14 2.448E-11 1.23174E-9 7.77156E-16 6.21725E-15 2.07467E-12 3.73095E-9 2.44005E-12 4.44089E-16 4.42979E-14 4.4631E-14 1.28841E-12 5.0826E-13 1.56376E-11 1.14297E-12 7.09173E-9 2.9281E-12 5.81868E-13 1.21526E-9 4.9805E-10 5.41871E-10 8.154E-7 1.6355E-5 2.72017E-5 1.21672E-3 4.16803E-4 0E0 0E0 0E0 0E0 0E0 0E0 0E0 0E0 0E0 0E0 0E0 0E0 0E0 0E0 0E0 0E0 0E0 0E0 0E0 0E0 0E0 0E0 0E0
1.9984E-15 4.65405E-13 4.37525E-10 4.56295E-11 2.06958E-11 8.37219E-13 2.73115E-14 2.51861E-8 1.92595E-8 7.62217E-9 1.9984E-15 5.0604E-13 0E0 1.11022E-16 9.53776E-11 4.34774E-12 1.00452E-10 1.62903E-12 5.45959E-10 2.64602E-9 1.30312E-9 1.45551E-10 2.36117E-9 2.32037E-14 1.22125E-15 6.27125E-9 4.54162E-8 1.66803E-8 1.26743E-12 4.08268E-10 2.17826E-13 0E0 2.9976E-15 2.32037E-14 3.30735E-13 5.78537E-13 1.12862E-11 4.04637E-11 2.60244E-11 1.14248E-5 5.7138E-10 5.08436E-8 7.00854E-10 4.66017E-6 1.07589E-3 0E0 0E0 0E0 0E0 0E0 0E0 0E0 0E0 0E0 0E0 0E0 0E0 0E0 0E0 0E0 0E0 0E0 0E0 0E0 0E0 0E0 0E0 0E0 0E0 0E0
9.11471E-12 6.66134E-15 1.83054E-12 4.01864E-10 3.29282E-10 1.56097E-13 3.88997E-11 9.23746E-11 2.61545E-10 1.98458E-9 7.26818E-10 8.77076E-15 1.11022E-15 2.10065E-12 1.71805E-8 5.66214E-14 1.1724E-12 1.23923E-7 8.26152E-9 1.93805E-11 3.87386E-9 1.58771E-7 1.95528E-8 4.16334E-14 3.70232E-9 6.28216E-11 2.71964E-7 1.20301E-8 3.10862E-15 1.86608E-9 3.54161E-13 3.88578E-15 1.11022E-16 3.33067E-16 1.48326E-13 3.9635E-14 2.75663E-10 1.40745E-4 8.29911E-6 1.01378E-4 4.81834E-8 1.92278E-9 2.62514E-5 6.57843E-5 1.5905E-5 4.28447E-4 0E0 0E0 0E0 0E0 0E0 0E0 0E0 0E0 0E0 0E0 0E0 0E0 0E0 0E0 0E0 0E0 0E0 0E0 0E0 0E0 0E0 0E0 0E0 0E0
1.9873E-14 4.21904E-10 1.77414E-13 1.30534E-6 5.48593E-10 2.05562E-10 2.04836E-13 1.50127E-8 1.33961E-8 9.54033E-10 1.53594E-11 9.78988E-11 1.77425E-12 2.90656E-12 1.1546E-10 3.13083E-14 3.51075E-12 3.35047E-9 2.99526E-8 2.13385E-7 1.18042E-7 2.00799E-9 2.85977E-8 3.07532E-14 1.5561E-9 7.08449E-8 6.8989E-9 8.79519E-13 5.21595E-11 6.17477E-11 2.09161E-9 0E0 0E0 0E0 0E0 0E0 7.60145E-11 5.08085E-6 6.00646E-6 4.47045E-11 1.70707E-10 2.82258E-7 5.54468E-12 2.16311E-6 4.09759E-4 0E0 0E0 0E0 0E0 0E0 0E0 0E0 0E0 0E0 0E0 0E0 0E0 0E0 0E0 0E0 0E0 0E0 0E0 0E0 0E0 0E0 0E0 0E0 0E0 0E0
8.88178E-16 0E0 3.69065E-8 1.92167E-7 6.55957E-9 8.8981E-9 2.14735E-10 1.79261E-10 1.62578E-11 5.76781E-9 2.46943E-10 1.43952E-12 2.36144E-13 2.69875E-11 6.66134E-16 9.18154E-14 1.43501E-11 6.27275E-11 1.33621E-11 1.32298E-7 2.10553E-8 6.50795E-8 6.02098E-11 5.98432E-12 3.41013E-8 5.0085E-9 4.07792E-7 2.57883E-12 1.40812E-9 2.58682E-14 2.54498E-11 6.2772E-13 0E0 1.11022E-16 1.57652E-14 3.46945E-13 2.01272E-12 8.7486E-11 2.3291E-11 9.63896E-13 1.44329E-15 1.22192E-10 1.73311E-8 1.43978E-4 2.97248E-5 0E0 0E0 0E0 0E0 0E0 0E0 0E0 0E0 0E0 0E0 0E0 0E0 0E0 0E0 0E0 0E0 0E0 0E0 0E0 0E0 0E0 0E0 0E0 0E0 0E0
