ENM/Final_Models/M_1_F_q_Set_1_EC/Gustavia_santanderiensis_7_Choco.asc
ncols         367
nrows         963
xllcorner     -78.6
yllcorner     0.65
cellsize      0.00833333333333323
NODATA_value  -9999
[rows 600 to 629 of 963, columns 201 to 267 of 367]
1.25487E-1 1.2609E-1 3.80795E-1 1.76489E-1 9.53421E-2 6.99756E-2 6.97701E-2 6.32626E-2 4.26747E-2 5.09219E-2 5.07063E-2 5.46927E-2 2.47492E-2 1.91053E-2 1.76338E-3 3.38157E-4 8.60409E-4 3.3662E-3 4.54736E-3 1.72454E-2 1.36647E-3 1.7635E-3 1.52743E-3 1.00115E-3 8.41792E-4 9.92218E-3 1.20819E-2 3.41763E-2 4.37874E-3 3.03411E-2 2.28695E-2 1.4178E-3 1.08958E-3 1.3926E-3 9.86116E-3 1.36487E-2 9.10637E-3 2.86888E-3 4.44848E-3 2.75186E-3 1.88016E-3 1.27534E-2 6.62979E-3 -9999 -9999 -9999 -9999 -9999 -9999 -9999 -9999 -9999 -9999 -9999 -9999 -9999 -9999 -9999 -9999 -9999 -9999 -9999 -9999 -9999 -9999 -9999 -9999
5.29551E-2 1.06059E-1 5.57867E-2 7.37213E-2 7.34445E-2 6.70669E-2 7.2184E-2 7.98205E-2 6.26194E-2 5.72946E-2 3.47242E-2 2.60411E-2 2.82684E-2 1.33642E-2 2.0033E-3 4.07764E-4 4.32617E-4 3.43199E-3 9.34443E-3 1.31973E-2 2.55799E-3 1.34624E-3 1.27518E-3 1.52604E-3 5.93245E-4 1.34729E-3 6.89263E-3 3.77116E-2 6.36473E-3 2.13664E-2 3.8255E-2 7.7481E-4 6.64627E-4 1.06818E-3 3.23201E-3 6.08241E-3 2.02097E-3 1.57223E-3 2.31052E-3 2.54456E-3 2.70212E-3 1.64234E-3 -9999 -9999 -9999 -9999 -9999 -9999 -9999 -9999 -9999 -9999 -9999 -9999 -9999 -9999 -9999 -9999 -9999 -9999 -9999 -9999 -9999 -9999 -9999 -9999 -9999
1.52008E-1 1.43768E-1 2.10303E-1 1.00828E-1 9.41344E-2 6.11838E-2 5.1272E-2 7.38381E-2 5.15773E-2 7.29361E-2 6.36969E-2 2.94113E-2 6.95207E-3 6.64813E-3 6.33567E-4 5.99399E-4 1.34099E-3 3.0419E-3 7.61414E-3 4.39149E-3 8.08302E-4 2.22292E-4 1.38269E-3 8.39868E-4 1.08887E-3 1.03095E-3 8.09861E-3 3.56241E-2 1.32353E-2 2.5339E-2 5.11698E-2 9.53129E-4 1.48277E-3 4.8836E-4 6.66228E-3 1.05831E-2 7.3234E-3 1.25848E-2 9.21709E-4 1.98054E-3 -9999 -9999 -9999 -9999 -9999 -9999 -9999 -9999 -9999 -9999 -9999 -9999 -9999 -9999 -9999 -9999 -9999 -9999 -9999 -9999 -9999 -9999 -9999 -9999 -9999 -9999 -9999
2.11252E-1 1.82145E-1 2.07024E-1 9.85709E-2 5.54084E-2 6.75835E-2 5.02671E-2 4.56316E-2 5.08111E-2 3.81675E-2 3.81993E-2 2.58571E-2 1.13795E-2 1.94555E-3 1.14035E-4 3.47812E-4 5.35463E-5 5.37333E-5 2.46874E-3 3.26867E-3 3.92772E-4 7.69438E-5 9.41236E-4 2.77511E-4 5.66663E-4 7.55591E-4 2.04886E-3 3.65974E-2 1.23983E-2 7.63131E-2 2.97806E-2 6.18938E-3 5.42042E-4 5.81659E-4 3.02971E-3 3.6801E-3 4.70727E-3 2.395E-3 2.62341E-3 -9999 -9999 -9999 -9999 -9999 -9999 -9999 -9999 -9999 -9999 -9999 -9999 -9999 -9999 -9999 -9999 -9999 -9999 -9999 -9999 -9999 -9999 -9999 -9999 -9999 -9999 -9999 -9999
6.84457E-2 1.05273E-1 2.57489E-1 9.39408E-2 5.59377E-2 4.58765E-2 5.66243E-2 6.12048E-2 4.71231E-2 4.95475E-2 4.58451E-2 3.20868E-2 1.74108E-2 8.00224E-4 6.34803E-4 1.24254E-3 4.19709E-4 2.24559E-4 4.35854E-4 1.72737E-3 9.68987E-4 3.11281E-4 5.0027E-4 9.18005E-4 2.52364E-4 5.34628E-4 8.77071E-4 5.60547E-3 2.89236E-2 6.21576E-2 3.06431E-2 2.01371E-3 1.73584E-3 6.08048E-3 2.70626E-3 1.39108E-3 1.19412E-3 1.07557E-3 5.29497E-4 -9999 -9999 -9999 -9999 -9999 -9999 -9999 -9999 -9999 -9999 -9999 -9999 -9999 -9999 -9999 -9999 -9999 -9999 -9999 -9999 -9999 -9999 -9999 -9999 -9999 -9999 -9999 -9999
5.04457E-2 6.59338E-2 1.14167E-1 5.24506E-2 3.7169E-2 6.94031E-2 1.10552E-1 6.31E-2 7.54921E-2 1.59535E-1 1.45001E-1 9.39291E-2 2.36404E-2 1.04202E-2 2.63649E-3 7.77253E-3 1.55487E-3 8.13975E-4 1.52231E-3 4.43237E-3 8.74503E-4 2.53101E-3 5.81527E-4 1.05499E-3 4.47313E-3 5.43063E-3 1.80162E-3 1.18604E-3 9.67947E-3 9.39905E-3 5.03031E-3 1.85793E-3 2.19776E-3 7.3488E-3 4.16046E-3 2.57065E-3 2.35272E-3 2.4999E-3 -9999 -9999 -9999 -9999 -9999 -9999 -9999 -9999 -9999 -9999 -9999 -9999 -9999 -9999 -9999 -9999 -9999 -9999 -9999 -9999 -9999 -9999 -9999 -9999 -9999 -9999 -9999 -9999 -9999
8.03966E-2 4.91127E-2 9.48062E-2 4.57749E-2 7.04282E-2 1.05995E-1 3.88687E-2 4.14338E-2 3.13537E-2 2.72731E-2 1.25062E-2 9.42523E-3 3.6936E-2 1.77739E-2 1.78584E-2 1.77379E-2 2.89084E-3 1.61069E-3 2.30874E-3 3.11092E-2 2.72015E-2 1.66564E-3 5.02367E-4 5.51846E-4 3.65356E-3 5.58629E-3 1.09007E-3 7.0083E-3 5.20855E-3 1.68532E-2 1.33616E-2 9.48773E-3 1.60338E-3 4.89469E-3 1.15441E-2 3.8825E-3 7.17711E-3 2.78447E-3 -9999 -9999 -9999 -9999 -9999 -9999 -9999 -9999 -9999 -9999 -9999 -9999 -9999 -9999 -9999 -9999 -9999 -9999 -9999 -9999 -9999 -9999 -9999 -9999 -9999 -9999 -9999 -9999 -9999
1.55025E-1 2.29868E-1 1.21982E-1 1.21318E-1 1.59203E-1 1.01106E-2 5.10003E-3 1.23161E-2 1.72569E-2 2.34918E-3 2.96846E-3 1.92827E-3 1.73629E-2 6.13608E-3 3.61663E-2 4.36349E-2 4.44102E-3 3.94E-3 5.62897E-3 1.27752E-2 1.2944E-2 5.34103E-3 5.96858E-4 3.61118E-4 1.24952E-3 2.47574E-2 6.05749E-3 1.74483E-2 1.73339E-2 4.91567E-3 3.17124E-3 7.93381E-3 1.30737E-2 9.57769E-4 1.23733E-3 3.21328E-3 2.96054E-3 -9999 -9999 -9999 -9999 -9999 -9999 -9999 -9999 -9999 -9999 -9999 -9999 -9999 -9999 -9999 -9999 -9999 -9999 -9999 -9999 -9999 -9999 -9999 -9999 -9999 -9999 -9999 -9999 -9999 -9999
1.19869E-1 1.13146E-1 4.83715E-2 8.83029E-2 2.12583E-1 3.29409E-2 6.40367E-2 8.01552E-2 1.29144E-2 1.27406E-2 2.15161E-3 2.50945E-3 3.83919E-2 1.9774E-2 6.46356E-2 5.09258E-2 8.94629E-3 1.07977E-2 1.56545E-2 1.40885E-2 1.00323E-2 2.28148E-3 3.465E-4 6.105E-4 1.98105E-3 4.12526E-2 7.04466E-3 1.49283E-2 5.72879E-3 4.93275E-3 3.36782E-3 7.8154E-3 4.5893E-3 1.14415E-3 1.48363E-3 2.33501E-3 3.74604E-4 -9999 -9999 -9999 -9999 -9999 -9999 -9999 -9999 -9999 -9999 -9999 -9999 -9999 -9999 -9999 -9999 -9999 -9999 -9999 -9999 -9999 -9999 -9999 -9999 -9999 -9999 -9999 -9999 -9999 -9999
3.11547E-2 3.2631E-2 2.93298E-2 3.71816E-2 4.66374E-2 7.08173E-2 9.85554E-2 1.76204E-1 4.85284E-2 4.13335E-2 8.11717E-3 1.31016E-2 1.91788E-2 3.22001E-2 9.58234E-2 3.24478E-2 2.26755E-2 4.64216E-2 4.56996E-2 2.63958E-2 6.34934E-3 6.51569E-4 1.00558E-3 8.56305E-4 4.23837E-3 3.49345E-2 9.89053E-3 2.00842E-2 7.77508E-3 4.44711E-3 4.84775E-3 3.88377E-3 2.95897E-3 4.41582E-3 5.23894E-3 1.43611E-3 -9999 -9999 -9999 -9999 -9999 -9999 -9999 -9999 -9999 -9999 -9999 -9999 -9999 -9999 -9999 -9999 -9999 -9999 -9999 -9999 -9999 -9999 -9999 -9999 -9999 -9999 -9999 -9999 -9999 -9999 -9999
7.76048E-3 1.5346E-2 5.41383E-2 2.10061E-2 3.75567E-2 2.60842E-1 6.11052E-2 1.44533E-1 3.76602E-2 7.26617E-2 3.53355E-2 7.5526E-3 5.13524E-3 7.33893E-4 1.27685E-3 3.15182E-3 1.79279E-2 1.00526E-2 4.40574E-3 3.38849E-3 2.3615E-3 1.49462E-3 2.61935E-4 1.83586E-3 2.36176E-3 1.15321E-2 1.04763E-3 4.54609E-4 1.96131E-2 4.05184E-3 3.47966E-3 3.96969E-3 4.72499E-3 3.14011E-3 3.56634E-3 1.42112E-3 -9999 -9999 -9999 -9999 -9999 -9999 -9999 -9999 -9999 -9999 -9999 -9999 -9999 -9999 -9999 -9999 -9999 -9999 -9999 -9999 -9999 -9999 -9999 -9999 -9999 -9999 -9999 -9999 -9999 -9999 -9999
5.92713E-3 5.72692E-3 2.61134E-2 3.83467E-2 3.51782E-2 8.81058E-2 2.11417E-1 8.93032E-2 6.7572E-2 1.91283E-2 1.53169E-2 2.90223E-2 1.07238E-2 1.23875E-2 5.66778E-2 9.90994E-3 7.35705E-3 1.4266E-2 8.27402E-3 8.55256E-4 5.3621E-4 6.91167E-4 3.30908E-4 4.15006E-4 1.35224E-3 1.25501E-2 4.82316E-3 1.23051E-2 1.50463E-2 1.57482E-3 1.85311E-3 4.50221E-3 3.24507E-3 2.87406E-3 3.05956E-3 6.72254E-3 -9999 -9999 -9999 -9999 -9999 -9999 -9999 -9999 -9999 -9999 -9999 -9999 -9999 -9999 -9999 -9999 -9999 -9999 -9999 -9999 -9999 -9999 -9999 -9999 -9999 -9999 -9999 -9999 -9999 -9999 -9999
4.06233E-3 2.66432E-3 1.31444E-2 2.28228E-2 4.73897E-2 1.21086E-1 2.51949E-1 2.571E-1 1.391E-2 9.65863E-3 1.9603E-2 1.62629E-2 9.32769E-3 2.80905E-3 6.1647E-3 8.63733E-3 3.29843E-2 2.76263E-2 6.71268E-3 6.1322E-3 3.60798E-3 8.99978E-4 3.18371E-4 6.30615E-4 1.37312E-3 1.98924E-2 2.20121E-2 2.37729E-2 5.51928E-3 2.85784E-3 2.21496E-3 4.32006E-3 4.64179E-3 2.36968E-3 2.97363E-3 -9999 -9999 -9999 -9999 -9999 -9999 -9999 -9999 -9999 -9999 -9999 -9999 -9999 -9999 -9999 -9999 -9999 -9999 -9999 -9999 -9999 -9999 -9999 -9999 -9999 -9999 -9999 -9999 -9999 -9999 -9999 -9999
3.92156E-3 1.04446E-3 1.16326E-2 1.82065E-2 3.12112E-2 7.50029E-2 1.7732E-1 2.77801E-1 8.56453E-3 4.13865E-2 1.24103E-1 4.68814E-2 9.59949E-3 5.7949E-3 1.95675E-2 8.51798E-3 1.94333E-2 8.48713E-3 8.19496E-3 9.49407E-3 1.11159E-2 2.0222E-3 1.18069E-3 6.43293E-4 9.54979E-4 1.30639E-2 2.48588E-3 1.91978E-3 5.90162E-3 8.92142E-3 1.89968E-2 6.37822E-3 7.53915E-3 1.08158E-2 7.2705E-3 -9999 -9999 -9999 -9999 -9999 -9999 -9999 -9999 -9999 -9999 -9999 -9999 -9999 -9999 -9999 -9999 -9999 -9999 -9999 -9999 -9999 -9999 -9999 -9999 -9999 -9999 -9999 -9999 -9999 -9999 -9999 -9999
4.53505E-2 4.16119E-3 1.40505E-2 3.93123E-2 6.64729E-2 6.46016E-2 2.3385E-1 1.57518E-2 1.14937E-2 3.85049E-2 8.09031E-2 2.95772E-2 9.60131E-3 1.32449E-2 1.16938E-2 1.83435E-2 1.81345E-2 1.27598E-2 2.06824E-2 8.51439E-3 3.13675E-3 9.58532E-4 3.41315E-4 1.34103E-3 2.78111E-3 1.90376E-3 8.17913E-3 1.65091E-3 1.09796E-2 4.17436E-3 6.54073E-3 7.96613E-3 4.15603E-3 8.44077E-4 -9999 -9999 -9999 -9999 -9999 -9999 -9999 -9999 -9999 -9999 -9999 -9999 -9999 -9999 -9999 -9999 -9999 -9999 -9999 -9999 -9999 -9999 -9999 -9999 -9999 -9999 -9999 -9999 -9999 -9999 -9999 -9999 -9999
5.03448E-2 3.6056E-3 1.27957E-2 4.35289E-2 2.71523E-2 8.21322E-2 4.65681E-2 5.36464E-2 8.36385E-3 5.48919E-2 5.73751E-2 3.55145E-2 3.52832E-2 6.67794E-3 1.31265E-2 1.05628E-2 1.22646E-2 5.53146E-3 1.69571E-2 4.53686E-2 2.15956E-3 1.61138E-3 2.60218E-4 1.13108E-3 2.17404E-3 1.5532E-3 2.52407E-3 1.13151E-3 1.11499E-3 3.06706E-3 4.32988E-3 4.8462E-3 1.45459E-2 7.38582E-4 -9999 -9999 -9999 -9999 -9999 -9999 -9999 -9999 -9999 -9999 -9999 -9999 -9999 -9999 -9999 -9999 -9999 -9999 -9999 -9999 -9999 -9999 -9999 -9999 -9999 -9999 -9999 -9999 -9999 -9999 -9999 -9999 -9999
1.83286E-2 6.73238E-3 6.2577E-3 1.9142E-2 3.69177E-2 8.7502E-2 7.19437E-2 9.70411E-2 3.05911E-2 4.01225E-2 5.98288E-2 1.48925E-2 4.40011E-3 3.27943E-3 7.43069E-3 1.25129E-2 1.87434E-2 4.95943E-2 1.16586E-1 2.60409E-2 4.99165E-3 2.35458E-3 4.76605E-4 1.03113E-3 1.23789E-3 2.35114E-4 7.23932E-4 2.49011E-3 4.58109E-4 5.23737E-4 1.86375E-3 1.83403E-3 6.1371E-3 5.99023E-3 -9999 -9999 -9999 -9999 -9999 -9999 -9999 -9999 -9999 -9999 -9999 -9999 -9999 -9999 -9999 -9999 -9999 -9999 -9999 -9999 -9999 -9999 -9999 -9999 -9999 -9999 -9999 -9999 -9999 -9999 -9999 -9999 -9999
3.86351E-2 3.27145E-2 1.5761E-2 3.73221E-3 1.86436E-2 5.04651E-2 1.86614E-1 3.83566E-2 4.1203E-2 3.07842E-2 2.2821E-2 1.13513E-2 4.21349E-3 4.97875E-3 7.03755E-3 1.04113E-2 2.00275E-2 5.44106E-2 3.8748E-2 1.24994E-2 4.55052E-3 9.83418E-3 3.87156E-4 1.60717E-3 1.86278E-3 1.72921E-3 2.08241E-3 1.64813E-3 3.23721E-3 1.97971E-4 1.44305E-3 1.46429E-3 1.3679E-2 -9999 -9999 -9999 -9999 -9999 -9999 -9999 -9999 -9999 -9999 -9999 -9999 -9999 -9999 -9999 -9999 -9999 -9999 -9999 -9999 -9999 -9999 -9999 -9999 -9999 -9999 -9999 -9999 -9999 -9999 -9999 -9999 -9999 -9999
5.35455E-2 5.55419E-2 2.34906E-2 9.23599E-3 1.91694E-2 1.9853E-2 8.65382E-2 9.09718E-2 3.91883E-2 2.26211E-2 1.24941E-2 4.4851E-3 2.39032E-3 3.57822E-3 7.63056E-3 3.11994E-2 2.04173E-2 3.06889E-2 2.17727E-2 2.64559E-2 1.10689E-3 2.8837E-3 3.21451E-4 2.95741E-3 6.19488E-3 4.74732E-3 6.74205E-4 8.87967E-4 1.678E-3 3.78846E-4 1.66243E-3 3.34427E-3 8.48301E-3 -9999 -9999 -9999 -9999 -9999 -9999 -9999 -9999 -9999 -9999 -9999 -9999 -9999 -9999 -9999 -9999 -9999 -9999 -9999 -9999 -9999 -9999 -9999 -9999 -9999 -9999 -9999 -9999 -9999 -9999 -9999 -9999 -9999 -9999
3.44134E-2 1.88127E-2 4.14826E-2 3.03695E-2 2.7665E-2 9.76613E-2 1.52283E-1 5.77085E-2 1.24871E-2 1.44331E-2 6.80789E-2 6.72873E-3 1.34726E-2 1.48289E-2 3.25839E-3 1.57779E-3 7.52968E-3 3.36112E-3 2.93636E-3 1.56867E-2 1.23562E-3 5.2238E-4 7.91731E-4 3.0552E-4 8.51453E-4 3.5687E-4 3.87989E-4 1.27948E-4 5.68221E-5 2.04681E-4 1.66915E-3 2.38512E-3 4.68608E-3 -9999 -9999 -9999 -9999 -9999 -9999 -9999 -9999 -9999 -9999 -9999 -9999 -9999 -9999 -9999 -9999 -9999 -9999 -9999 -9999 -9999 -9999 -9999 -9999 -9999 -9999 -9999 -9999 -9999 -9999 -9999 -9999 -9999 -9999
1.35349E-2 1.46009E-2 4.61237E-3 7.26082E-3 1.92525E-2 6.30389E-2 8.39162E-2 3.00392E-2 1.0855E-2 2.02949E-2 5.47263E-2 1.05344E-2 1.00556E-2 2.8913E-2 4.86922E-3 3.68415E-4 3.05843E-3 3.10722E-3 1.79867E-3 6.44222E-4 1.7455E-3 4.42428E-4 4.13231E-4 1.04442E-3 9.98881E-4 2.09408E-3 1.21598E-3 2.31018E-4 3.38522E-4 5.72784E-4 1.13066E-3 1.08949E-3 2.40673E-3 -9999 -9999 -9999 -9999 -9999 -9999 -9999 -9999 -9999 -9999 -9999 -9999 -9999 -9999 -9999 -9999 -9999 -9999 -9999 -9999 -9999 -9999 -9999 -9999 -9999 -9999 -9999 -9999 -9999 -9999 -9999 -9999 -9999 -9999
2.92049E-2 2.66948E-3 3.52718E-4 6.60157E-3 1.14001E-2 5.94505E-2 5.44569E-2 1.37126E-2 1.04316E-2 8.82616E-3 4.16389E-2 1.74777E-2 1.84148E-2 1.42565E-2 1.10472E-2 1.46557E-3 1.07433E-3 2.93504E-3 1.0509E-3 2.96162E-4 9.88531E-4 4.68264E-4 4.58817E-4 9.56158E-4 9.52363E-4 3.8963E-4 1.46034E-3 1.32442E-3 8.10276E-4 1.15244E-3 6.46482E-4 1.10052E-3 3.09965E-3 -9999 -9999 -9999 -9999 -9999 -9999 -9999 -9999 -9999 -9999 -9999 -9999 -9999 -9999 -9999 -9999 -9999 -9999 -9999 -9999 -9999 -9999 -9999 -9999 -9999 -9999 -9999 -9999 -9999 -9999 -9999 -9999 -9999 -9999
1.82896E-2 3.34865E-3 8.03925E-4 4.94472E-3 1.22369E-2 2.17821E-2 5.04634E-2 1.82612E-2 1.75232E-2 1.66236E-2 3.38821E-2 4.80105E-2 3.71462E-2 7.58188E-3 6.42197E-3 1.54297E-3 6.21557E-4 5.57736E-4 9.32604E-4 2.77064E-4 6.01243E-4 8.55061E-4 1.0017E-3 1.00635E-3 4.74312E-4 1.18855E-3 1.59067E-3 1.31456E-3 4.65709E-4 9.00031E-4 7.26427E-4 9.77385E-4 1.18282E-3 -9999 -9999 -9999 -9999 -9999 -9999 -9999 -9999 -9999 -9999 -9999 -9999 -9999 -9999 -9999 -9999 -9999 -9999 -9999 -9999 -9999 -9999 -9999 -9999 -9999 -9999 -9999 -9999 -9999 -9999 -9999 -9999 -9999 -9999
5.71729E-2 1.87916E-3 2.95647E-3 5.70053E-3 1.96051E-2 1.60641E-2 5.50974E-2 2.06554E-2 2.58633E-2 6.49485E-2 2.12429E-2 4.19688E-2 1.2222E-1 3.39873E-2 1.98553E-2 5.28261E-3 1.65215E-4 2.94517E-4 1.98443E-4 1.99995E-4 1.64183E-3 1.14956E-3 5.10524E-4 2.76899E-4 1.85908E-4 6.79941E-4 8.08269E-4 3.52749E-4 7.41253E-4 6.65365E-4 1.5022E-4 3.83186E-4 8.70853E-4 -9999 -9999 -9999 -9999 -9999 -9999 -9999 -9999 -9999 -9999 -9999 -9999 -9999 -9999 -9999 -9999 -9999 -9999 -9999 -9999 -9999 -9999 -9999 -9999 -9999 -9999 -9999 -9999 -9999 -9999 -9999 -9999 -9999 -9999
3.37799E-2 3.77396E-2 3.70952E-3 4.51058E-3 4.63529E-3 5.23294E-3 2.32546E-2 2.2378E-2 3.5897E-2 1.35105E-2 1.38928E-2 1.53269E-2 3.92589E-2 3.75946E-2 1.62415E-2 5.40937E-3 2.85766E-5 4.76932E-5 8.41587E-4 4.19343E-4 1.61271E-3 4.39335E-4 2.92148E-4 1.87608E-4 1.95727E-4 4.55342E-4 5.57683E-4 3.87546E-4 2.7115E-4 1.82553E-4 1.47751E-4 2.77629E-4 6.53637E-4 -9999 -9999 -9999 -9999 -9999 -9999 -9999 -9999 -9999 -9999 -9999 -9999 -9999 -9999 -9999 -9999 -9999 -9999 -9999 -9999 -9999 -9999 -9999 -9999 -9999 -9999 -9999 -9999 -9999 -9999 -9999 -9999 -9999 -9999
1.49336E-2 1.60357E-2 1.92393E-2 4.2587E-3 1.2942E-3 2.76473E-3 8.63602E-3 1.01847E-2 2.24558E-2 2.46191E-2 1.21858E-2 1.07838E-2 1.89454E-2 1.44862E-2 9.11451E-3 3.04468E-3 1.182E-3 3.74108E-4 2.15624E-3 1.00468E-3 4.28734E-4 6.36459E-4 2.34713E-4 2.00035E-4 3.63758E-4 3.36972E-4 3.78875E-4 1.7428E-4 1.34445E-4 9.06347E-5 8.23676E-5 2.34166E-4 3.48479E-4 -9999 -9999 -9999 -9999 -9999 -9999 -9999 -9999 -9999 -9999 -9999 -9999 -9999 -9999 -9999 -9999 -9999 -9999 -9999 -9999 -9999 -9999 -9999 -9999 -9999 -9999 -9999 -9999 -9999 -9999 -9999 -9999 -9999 -9999
4.97409E-2 4.81007E-3 4.86559E-3 1.95291E-3 3.56491E-3 4.39788E-3 7.24913E-3 9.6625E-3 1.14435E-2 3.46377E-2 1.79929E-2 7.11609E-3 1.05019E-2 9.91626E-3 5.65995E-3 4.72562E-3 7.26253E-4 1.13557E-3 1.46936E-3 8.98897E-4 5.13243E-4 3.64192E-4 1.32703E-4 1.24667E-4 1.12504E-4 8.35322E-5 1.56747E-4 9.71856E-5 1.16798E-4 1.17807E-4 1.53617E-4 3.19688E-4 3.32071E-4 -9999 -9999 -9999 -9999 -9999 -9999 -9999 -9999 -9999 -9999 -9999 -9999 -9999 -9999 -9999 -9999 -9999 -9999 -9999 -9999 -9999 -9999 -9999 -9999 -9999 -9999 -9999 -9999 -9999 -9999 -9999 -9999 -9999 -9999
2.72828E-2 5.9712E-3 1.60207E-3 1.02174E-3 2.22653E-3 4.73238E-3 7.33046E-3 1.18603E-2 1.41019E-2 2.83222E-2 4.24237E-3 3.44311E-3 1.1117E-2 5.63958E-3 6.37698E-3 3.53864E-3 3.06253E-3 3.46167E-3 2.65213E-3 1.43142E-3 5.06237E-4 1.62279E-4 1.41704E-4 1.33469E-4 1.27749E-4 4.91508E-5 4.36187E-5 2.67107E-5 5.17679E-5 4.66174E-5 1.72723E-4 1.38421E-4 1.56994E-4 -9999 -9999 -9999 -9999 -9999 -9999 -9999 -9999 -9999 -9999 -9999 -9999 -9999 -9999 -9999 -9999 -9999 -9999 -9999 -9999 -9999 -9999 -9999 -9999 -9999 -9999 -9999 -9999 -9999 -9999 -9999 -9999 -9999 -9999
1.47192E-2 2.41512E-2 8.94978E-4 4.67555E-4 1.02684E-3 2.93266E-3 4.93186E-3 7.52974E-3 8.6938E-3 1.60447E-2 8.49945E-3 6.2199E-3 2.76381E-3 1.94277E-3 4.01571E-3 3.25562E-3 5.69329E-3 1.8859E-3 3.17372E-3 1.04436E-3 3.05683E-4 1.4036E-4 8.11215E-5 5.35704E-5 1.09477E-4 4.57398E-5 5.76044E-6 4.27704E-6 1.14829E-5 1.12541E-4 6.57663E-5 6.80179E-5 1.46553E-4 -9999 -9999 -9999 -9999 -9999 -9999 -9999 -9999 -9999 -9999 -9999 -9999 -9999 -9999 -9999 -9999 -9999 -9999 -9999 -9999 -9999 -9999 -9999 -9999 -9999 -9999 -9999 -9999 -9999 -9999 -9999 -9999 -9999 -9999
2.51898E-3 2.33849E-3 6.6009E-3 1.39229E-3 5.0511E-4 3.90417E-4 5.8793E-4 4.80235E-3 5.25087E-3 1.4267E-2 7.29354E-3 3.77765E-3 4.62319E-3 2.01107E-3 1.70823E-3 2.86812E-3 3.3547E-3 4.80147E-3 1.15554E-3 5.60147E-4 1.59291E-4 2.19313E-4 8.9333E-5 5.10125E-5 5.68987E-5 2.80317E-5 9.37298E-7 4.79648E-6 1.49108E-5 6.54061E-5 3.8323E-5 5.59455E-5 1.44912E-4 -9999 -9999 -9999 -9999 -9999 -9999 -9999 -9999 -9999 -9999 -9999 -9999 -9999 -9999 -9999 -9999 -9999 -9999 -9999 -9999 -9999 -9999 -9999 -9999 -9999 -9999 -9999 -9999 -9999 -9999 -9999 -9999 -9999 -9999
