ENM/Final_Models/M_1_F_q_Set_1_EC/Gustavia_santanderiensis_1_Choco.asc
ncols         367
nrows         963
xllcorner     -78.6
yllcorner     0.65
cellsize      0.00833333333333323
NODATA_value  -9999
[rows 300 to 329 of 963, columns 201 to 267 of 367]
8.91421E-2 9.83777E-2 1.52351E-1 8.84585E-2 1.38821E-1 1.69654E-1 2.35394E-1 2.56802E-1 1.79445E-1 2.14851E-1 2.28398E-1 2.74172E-1 2.99828E-1 3.16071E-1 3.1414E-1 2.23475E-1 2.33397E-1 2.64753E-1 2.50762E-1 2.35954E-1 1.95063E-1 2.93365E-1 2.32721E-1 2.87201E-1 3.40711E-1 3.39778E-1 3.40114E-1 3.32985E-1 3.32655E-1 3.28138E-1 3.19011E-1 3.23478E-1 3.28844E-1 1.94574E-1 3.20205E-1 2.84398E-1 3.06046E-1 2.96698E-1 2.7139E-1 2.90873E-1 2.8357E-1 2.92791E-1 2.66352E-1 2.58184E-1 2.77025E-1 2.6545E-1 2.41788E-1 2.47493E-1 1.40121E-1 8.34131E-2 2.06732E-2 3.77968E-2 1.75336E-2 1.47239E-2 7.77947E-3 2.00566E-2 8.07565E-3 3.82405E-3 3.78927E-3 3.65757E-3 1.08247E-2 3.12597E-3 8.68923E-3 8.93209E-3 9.32652E-3 9.96484E-3 2.81551E-3
8.7177E-2 1.09435E-1 1.04341E-1 9.74723E-2 1.01122E-1 1.50361E-1 1.11826E-1 1.39067E-1 1.90605E-1 2.20698E-1 1.75129E-1 2.32831E-1 2.77636E-1 3.16071E-1 3.12444E-1 3.08657E-1 3.20536E-1 3.24241E-1 3.23945E-1 3.28563E-1 3.04075E-1 3.13857E-1 1.9493E-1 2.37043E-1 3.39163E-1 3.39945E-1 2.56359E-1 3.32655E-1 3.28844E-1 3.28844E-1 2.48228E-1 2.07858E-1 3.10944E-1 3.15715E-1 2.96572E-1 3.08274E-1 3.00227E-1 2.98236E-1 2.87103E-1 2.8225E-1 2.62224E-1 2.5142E-1 2.92791E-1 2.23289E-1 2.4745E-1 2.39887E-1 2.00558E-1 1.95195E-1 2.16161E-1 6.67967E-2 1.21303E-2 4.60918E-2 1.67997E-2 5.27996E-3 1.39257E-2 2.73133E-2 6.26503E-3 3.47993E-3 2.63003E-3 3.86986E-3 6.05479E-3 1.31667E-2 9.33637E-3 1.68725E-2 1.49746E-2 1.64308E-2 7.49493E-3
1.03026E-1 9.75604E-2 1.12315E-1 1.04842E-1 1.42797E-1 1.34958E-1 1.22805E-1 1.57816E-1 1.67736E-1 1.32091E-1 2.36985E-1 2.14313E-1 2.6135E-1 3.01202E-1 2.06101E-1 1.94407E-1 2.43738E-1 3.08702E-1 2.93883E-1 2.90461E-1 3.1017E-1 2.73037E-1 3.2703E-1 3.28653E-1 3.39163E-1 3.18428E-1 3.23031E-1 3.21008E-1 3.28844E-1 3.33482E-1 3.15385E-1 2.03133E-1 2.30329E-1 1.54852E-1 2.1857E-1 3.06646E-1 3.02052E-1 2.92822E-1 2.90873E-1 2.90873E-1 2.72539E-1 2.90558E-1 2.4817E-1 2.73958E-1 2.49112E-1 1.9431E-1 2.08241E-1 2.28176E-1 2.10146E-1 1.41465E-1 3.26096E-2 4.10638E-2 1.18759E-2 2.18782E-3 5.86667E-3 1.4711E-2 2.09792E-3 5.93069E-3 5.56534E-3 6.30489E-3 4.55923E-3 2.49425E-2 2.17325E-2 1.99272E-2 2.25781E-2 1.72103E-2 1.09429E-2
9.60176E-2 8.30598E-2 8.5936E-2 8.61063E-2 1.30953E-1 1.04336E-1 1.60634E-1 1.72856E-1 1.952E-1 1.60568E-1 2.49053E-1 2.58354E-1 1.94182E-1 1.86444E-1 2.02992E-1 1.83509E-1 2.52553E-1 2.26873E-1 2.47285E-1 2.59893E-1 2.39732E-1 1.74578E-1 2.17025E-1 3.13916E-1 3.14225E-1 3.12673E-1 3.18428E-1 3.21896E-1 3.39223E-1 3.35287E-1 3.20689E-1 3.14629E-1 2.49572E-1 2.44282E-1 2.7869E-1 3.08438E-1 3.06646E-1 3.02359E-1 2.97024E-1 2.90678E-1 2.90873E-1 2.90558E-1 3.06046E-1 2.46506E-1 2.74752E-1 2.74167E-1 2.80794E-1 2.30176E-1 1.65333E-1 1.33769E-1 2.79612E-2 1.26389E-1 7.51552E-3 4.86711E-3 8.05367E-3 1.74474E-2 1.35537E-2 8.22189E-3 3.26905E-3 1.84188E-3 1.7457E-2 2.45167E-2 3.41156E-2 3.6827E-2 1.42349E-2 9.73284E-3 9.45374E-3
9.13958E-2 6.97456E-2 9.03883E-2 9.71529E-2 8.73695E-2 9.89511E-2 1.53794E-1 1.42797E-1 1.7795E-1 1.45451E-1 1.99474E-1 2.10477E-1 1.6959E-1 1.75388E-1 1.51569E-1 1.10874E-1 1.44126E-1 2.41531E-1 2.62524E-1 2.08266E-1 2.87931E-1 2.84877E-1 2.56575E-1 2.9768E-1 3.05742E-1 3.11375E-1 2.546E-1 2.62692E-1 3.17944E-1 3.20689E-1 3.12086E-1 3.12086E-1 3.14904E-1 3.09551E-1 3.14632E-1 3.17247E-1 2.95451E-1 3.08379E-1 2.95303E-1 2.95303E-1 2.94973E-1 2.81326E-1 3.1074E-1 2.68672E-1 3.11904E-1 2.85664E-1 2.54118E-1 2.35619E-1 1.62208E-1 1.14266E-1 1.2589E-1 3.89106E-2 2.41405E-2 1.3497E-2 2.85521E-2 1.49029E-2 9.63659E-3 3.79914E-3 2.8528E-3 4.35458E-3 3.15047E-2 3.39141E-2 3.82164E-2 3.92901E-2 2.9733E-2 2.63754E-2 1.83065E-2
1.85717E-1 1.38059E-1 1.13546E-1 6.88681E-2 1.28959E-1 1.26248E-1 1.41657E-1 1.76482E-1 1.74504E-1 1.93215E-1 1.66448E-1 1.71806E-1 1.20449E-1 1.79415E-1 1.83419E-1 1.71564E-1 1.51285E-1 1.88775E-1 2.87309E-1 2.25278E-1 2.395E-1 2.28443E-1 2.54821E-1 2.36143E-1 2.99511E-1 3.12993E-1 2.28832E-1 2.50226E-1 3.1763E-1 3.10123E-1 3.11581E-1 3.12013E-1 3.10464E-1 3.12608E-1 3.10031E-1 3.08163E-1 2.97812E-1 2.93405E-1 2.94553E-1 2.56671E-1 2.96797E-1 2.80094E-1 2.7092E-1 2.70862E-1 2.71237E-1 2.11172E-1 1.4863E-1 1.89136E-1 2.13992E-1 1.72778E-1 1.2336E-1 9.52678E-2 4.52135E-2 3.99549E-2 2.21834E-2 5.6839E-3 6.11498E-3 1.64174E-2 2.42924E-2 2.80334E-2 4.29123E-2 4.00008E-2 2.73369E-2 2.42036E-2 2.79749E-2 1.87253E-2 2.21642E-2
2.06815E-1 1.64426E-1 1.88274E-1 1.4435E-1 1.55805E-1 1.34888E-1 1.37553E-1 1.25324E-1 1.75378E-1 1.91323E-1 1.6732E-1 2.17088E-1 1.68799E-1 1.46937E-1 1.52964E-1 1.86035E-1 1.93232E-1 2.96165E-1 2.73112E-1 1.36266E-1 1.28031E-1 1.26946E-1 1.56403E-1 2.41384E-1 2.9222E-1 2.94763E-1 2.06785E-1 1.52647E-1 2.74479E-1 3.09826E-1 3.10464E-1 3.06752E-1 2.87824E-1 2.86116E-1 3.10397E-1 3.00203E-1 2.71992E-1 2.86318E-1 2.80997E-1 2.97956E-1 3.14789E-1 2.83723E-1 2.99904E-1 2.87294E-1 2.64915E-1 2.31579E-1 1.82814E-1 1.25902E-1 1.45779E-1 9.88588E-2 5.2838E-2 4.50372E-2 5.20807E-2 7.83703E-2 3.15636E-2 1.91457E-2 4.17846E-2 4.36702E-2 4.76215E-2 2.8516E-2 3.45014E-2 7.47517E-2 2.29061E-1 2.29621E-1 6.85158E-2 6.45023E-2 1.89031E-2
2.06815E-1 2.0876E-1 2.1296E-1 1.66494E-1 1.42097E-1 1.6453E-1 1.39393E-1 1.089E-1 1.31077E-1 1.68399E-1 1.57531E-1 1.88629E-1 1.3105E-1 1.80215E-1 1.9361E-1 1.18067E-1 1.72463E-1 2.72022E-1 2.43766E-1 2.5541E-1 2.48916E-1 2.35913E-1 1.57404E-1 2.08706E-1 2.9795E-1 3.07903E-1 3.06563E-1 3.08352E-1 3.08352E-1 3.05035E-1 3.06973E-1 3.10464E-1 2.83978E-1 2.17338E-1 2.854E-1 2.95507E-1 2.96384E-1 2.97923E-1 2.94324E-1 2.95134E-1 3.02838E-1 3.13876E-1 2.94996E-1 2.87876E-1 2.6225E-1 2.10886E-1 1.48604E-1 1.29963E-1 1.00863E-1 7.63372E-2 9.49277E-2 4.56348E-2 6.37859E-2 7.26901E-2 4.78153E-2 3.79646E-2 6.40957E-2 5.38574E-2 3.51906E-2 2.16411E-2 2.36583E-2 2.98007E-1 2.94201E-1 3.02708E-1 2.70854E-1 1.72172E-1 5.17286E-2
1.84064E-1 2.22925E-1 2.28395E-1 1.24926E-1 1.66228E-1 9.13113E-2 1.9266E-1 1.38568E-1 2.41948E-1 1.8878E-1 1.27278E-1 2.01814E-1 2.74321E-1 2.06565E-1 2.27252E-1 2.72717E-1 2.67855E-1 3.05826E-1 2.76536E-1 2.96593E-1 2.96593E-1 2.85669E-1 1.89662E-1 2.91007E-1 3.12993E-1 3.07833E-1 3.06563E-1 3.06563E-1 3.08352E-1 3.10464E-1 3.10464E-1 3.05287E-1 2.87155E-1 2.83302E-1 2.80129E-1 2.67746E-1 2.79319E-1 2.95931E-1 2.9644E-1 2.93287E-1 2.87876E-1 3.13375E-1 2.96935E-1 2.87876E-1 2.71913E-1 2.46343E-1 1.8748E-1 2.09311E-1 1.74396E-1 1.52131E-1 1.65545E-1 1.01883E-1 1.44504E-1 1.1263E-1 3.54203E-2 2.93592E-2 5.70551E-2 7.9232E-2 4.63316E-2 7.85012E-2 1.40244E-1 4.06978E-1 3.06E-1 3.92355E-1 2.24423E-1 2.72402E-1 9.23767E-2
1.3548E-1 2.25722E-1 2.32804E-1 1.45059E-1 1.77195E-1 1.55822E-1 1.72033E-1 1.87954E-1 1.97085E-1 2.16587E-1 2.66323E-1 2.40533E-1 2.41254E-1 1.27596E-1 1.29533E-1 1.4399E-1 2.95865E-1 2.56684E-1 3.02465E-1 2.82216E-1 3.00117E-1 2.98691E-1 2.2053E-1 3.13525E-1 3.13521E-1 3.16215E-1 3.15441E-1 3.06563E-1 3.08352E-1 3.10655E-1 3.06973E-1 3.04799E-1 2.80129E-1 2.64425E-1 2.67591E-1 2.70498E-1 2.81052E-1 2.80965E-1 2.93815E-1 2.91592E-1 2.87188E-1 2.91568E-1 3.08333E-1 2.16284E-1 2.8608E-1 2.698E-1 2.49333E-1 2.19382E-1 2.29524E-1 2.20187E-1 1.63067E-1 1.63244E-1 1.32356E-1 1.21719E-1 5.99345E-2 2.90647E-2 4.72448E-2 4.63582E-2 3.94106E-2 4.28714E-2 3.55287E-2 1.84561E-2 1.08626E-2 5.28217E-2 1.78076E-2 2.99707E-2 2.88298E-2
1.85528E-1 1.8174E-1 2.21184E-1 2.36309E-1 2.39325E-1 2.22041E-1 2.47957E-1 1.18186E-1 1.88908E-1 2.07659E-1 2.26616E-1 2.4127E-1 1.90433E-1 1.89213E-1 1.99986E-1 1.33291E-1 2.25899E-1 2.07048E-1 3.00433E-1 3.00117E-1 3.14316E-1 2.61537E-1 2.13192E-1 3.08495E-1 3.13219E-1 3.15811E-1 3.06563E-1 3.06062E-1 2.89873E-1 2.91538E-1 2.82497E-1 2.83881E-1 2.81216E-1 2.62594E-1 2.55552E-1 2.56756E-1 2.6764E-1 2.73439E-1 2.8872E-1 2.91304E-1 2.78521E-1 2.77974E-1 2.95454E-1 2.96466E-1 2.83888E-1 2.45358E-1 1.71306E-1 1.54855E-1 1.63967E-1 1.46683E-1 1.08483E-1 1.35047E-1 6.7675E-2 5.5275E-2 5.98963E-2 4.76802E-2 3.58991E-2 5.33939E-2 2.82179E-2 2.08222E-2 2.55303E-2 3.72031E-2 3.53383E-2 2.89355E-2 2.10956E-2 2.98633E-2 2.22943E-2
1.64473E-1 1.89234E-1 1.97819E-1 2.18645E-1 1.82236E-1 2.05375E-1 2.07532E-1 1.74103E-1 2.03113E-1 2.26565E-1 1.92101E-1 1.53255E-1 1.86948E-1 1.08757E-1 2.59891E-1 2.58382E-1 2.32377E-1 2.56171E-1 2.96974E-1 2.99288E-1 2.2968E-1 1.99761E-1 2.04268E-1 3.14882E-1 3.03729E-1 2.47665E-1 2.87917E-1 2.91547E-1 2.89577E-1 2.92969E-1 2.85143E-1 2.78594E-1 2.85143E-1 2.7423E-1 2.28524E-1 2.56233E-1 2.57569E-1 2.31798E-1 2.78954E-1 2.91465E-1 2.86168E-1 2.70703E-1 2.92116E-1 2.97019E-1 2.92116E-1 2.45358E-1 1.86235E-1 1.90863E-1 1.6958E-1 1.22121E-1 5.75096E-2 3.28596E-2 1.89485E-2 2.13046E-2 5.67589E-2 1.08152E-1 6.05842E-2 3.09686E-2 3.12652E-2 1.17578E-2 5.44684E-3 5.38865E-3 2.46402E-2 2.75206E-2 3.40166E-2 1.45183E-2 1.10874E-2
1.42729E-1 1.82774E-1 1.78107E-1 1.84498E-1 1.68535E-1 1.88974E-1 1.80327E-1 1.70063E-1 1.67509E-1 1.60528E-1 2.01993E-1 2.07563E-1 2.26446E-1 2.10563E-1 2.66997E-1 2.8154E-1 1.9514E-1 2.53219E-1 3.03776E-1 3.00117E-1 2.14783E-1 2.69723E-1 2.65062E-1 3.05164E-1 3.15079E-1 3.0043E-1 2.93506E-1 2.89304E-1 2.89304E-1 3.01613E-1 2.73027E-1 2.78594E-1 2.71813E-1 2.78142E-1 2.66564E-1 2.66564E-1 2.77512E-1 2.67809E-1 2.77153E-1 2.79829E-1 2.804E-1 2.67346E-1 2.72615E-1 2.93712E-1 2.93712E-1 2.62714E-1 2.51138E-1 2.28453E-1 1.83967E-1 1.18387E-1 4.33099E-2 1.15244E-2 2.05199E-2 2.34914E-2 3.84418E-2 1.02762E-1 6.42112E-2 3.20085E-2 1.09333E-2 5.0105E-3 2.32491E-3 3.14554E-3 5.97787E-3 2.57887E-2 3.3156E-2 1.83485E-2 2.37439E-2
1.27592E-1 1.4227E-1 1.51251E-1 1.69821E-1 1.64428E-1 1.59477E-1 1.99214E-1 2.21914E-1 1.97773E-1 2.01962E-1 2.36016E-1 1.7727E-1 1.78244E-1 2.60727E-1 2.61456E-1 2.83028E-1 2.76197E-1 2.66993E-1 3.03416E-1 2.96622E-1 2.60523E-1 2.25229E-1 2.16136E-1 3.05164E-1 3.07662E-1 2.95678E-1 2.93506E-1 2.93506E-1 2.93506E-1 2.89876E-1 2.89382E-1 2.57622E-1 2.72551E-1 2.76377E-1 2.59715E-1 2.59599E-1 2.66046E-1 2.77722E-1 2.72088E-1 2.72468E-1 2.69581E-1 2.64969E-1 2.7235E-1 2.47779E-1 2.77025E-1 2.72615E-1 2.07575E-1 1.86766E-1 1.57263E-1 8.49886E-2 4.27598E-2 8.62333E-3 1.00352E-2 1.60296E-2 9.63054E-3 6.93697E-2 1.22242E-1 5.52353E-2 5.52353E-2 2.12127E-2 4.61566E-3 1.48208E-2 2.84698E-2 3.14009E-2 3.2356E-2 3.13852E-2 3.8496E-2
1.22953E-1 1.36739E-1 1.46012E-1 1.54979E-1 1.71006E-1 1.87341E-1 1.53866E-1 2.08376E-1 2.25798E-1 2.30307E-1 2.02439E-1 2.35834E-1 2.57139E-1 2.71683E-1 2.78106E-1 2.8154E-1 2.80089E-1 2.85114E-1 2.96971E-1 2.92493E-1 2.04186E-1 2.33028E-1 1.85526E-1 2.99054E-1 3.02042E-1 2.94061E-1 2.94061E-1 2.94161E-1 2.93034E-1 2.65783E-1 2.80896E-1 2.66861E-1 2.83524E-1 2.64989E-1 2.74318E-1 2.47615E-1 2.59908E-1 2.77722E-1 2.43512E-1 1.90044E-1 1.66217E-1 1.96101E-1 2.60974E-1 2.60749E-1 2.72615E-1 2.72704E-1 2.49771E-1 1.8923E-1 1.65388E-1 1.11295E-1 6.08206E-2 4.44843E-2 2.28973E-2 2.39974E-2 2.14102E-2 5.72735E-2 1.3744E-1 1.05635E-1 9.05402E-2 3.23274E-2 2.9288E-2 3.86958E-2 2.23551E-2 3.18654E-2 1.94864E-2 2.51448E-2 3.3551E-2
1.20998E-1 1.2747E-1 1.21061E-1 1.62992E-1 1.32028E-1 1.68199E-1 1.71552E-1 1.79668E-1 1.63068E-1 1.80907E-1 2.22768E-1 2.19003E-1 2.31502E-1 2.52632E-1 2.62141E-1 2.56677E-1 2.80089E-1 2.65601E-1 2.92259E-1 2.92259E-1 2.72124E-1 2.41811E-1 2.18237E-1 1.81355E-1 2.9844E-1 2.94472E-1 2.94061E-1 2.94472E-1 2.94464E-1 2.88174E-1 2.88358E-1 2.74445E-1 2.76348E-1 2.45442E-1 2.52666E-1 2.41778E-1 2.77177E-1 2.76079E-1 2.45939E-1 2.02546E-1 1.74055E-1 2.39509E-1 2.52674E-1 2.49751E-1 2.57521E-1 2.50101E-1 2.51226E-1 1.64832E-1 1.8473E-1 1.54949E-1 1.40496E-1 9.58491E-2 6.05556E-2 8.58551E-2 9.89965E-2 1.22539E-1 1.10997E-1 5.88029E-2 7.17465E-2 7.053E-2 4.92321E-2 2.59525E-2 3.33251E-2 4.57379E-2 2.40836E-2 1.58784E-2 2.30879E-2
1.28286E-1 1.46546E-1 1.39479E-1 1.26355E-1 1.34591E-1 1.08632E-1 1.10848E-1 1.82673E-1 2.20483E-1 2.17907E-1 2.17825E-1 2.2752E-1 1.88432E-1 2.54408E-1 2.14427E-1 2.20751E-1 2.11078E-1 2.7561E-1 2.54486E-1 2.94525E-1 2.89924E-1 2.96622E-1 2.04341E-1 2.3713E-1 2.98593E-1 2.94061E-1 2.94613E-1 2.94464E-1 2.90126E-1 2.87615E-1 2.84508E-1 2.76069E-1 2.71456E-1 2.67776E-1 2.64076E-1 2.47489E-1 2.68457E-1 2.79885E-1 2.49906E-1 2.68043E-1 2.60804E-1 2.5331E-1 2.49507E-1 2.46343E-1 2.54979E-1 2.51978E-1 2.50079E-1 2.23249E-1 1.80068E-1 1.79119E-1 1.67717E-1 1.05357E-1 7.94923E-2 1.51481E-1 1.38126E-1 1.35293E-1 8.07706E-2 3.23802E-2 2.72169E-2 2.92742E-2 1.47032E-2 1.66446E-2 3.57967E-2 4.09874E-2 1.81985E-2 2.28873E-2 1.93028E-2
1.69948E-1 1.58917E-1 1.59114E-1 1.3768E-1 1.56092E-1 1.38077E-1 1.04742E-1 1.78588E-1 2.09927E-1 2.18119E-1 2.38095E-1 2.11861E-1 1.82959E-1 1.99728E-1 1.31579E-1 2.74901E-1 2.76681E-1 2.72176E-1 2.80136E-1 2.92259E-1 2.92541E-1 2.87652E-1 2.03798E-1 2.03969E-1 2.91243E-1 2.75705E-1 2.90126E-1 2.68688E-1 2.91223E-1 2.89267E-1 2.82221E-1 2.71487E-1 2.59477E-1 2.57312E-1 1.79406E-1 2.57521E-1 2.55594E-1 2.57821E-1 2.56304E-1 2.57608E-1 2.44961E-1 2.41618E-1 2.39556E-1 2.40547E-1 2.46335E-1 2.41842E-1 2.44795E-1 2.0668E-1 1.77567E-1 1.69878E-1 2.04589E-1 1.95533E-1 1.64073E-1 1.56297E-1 7.2771E-2 7.99073E-2 5.48551E-2 3.49353E-2 5.65398E-2 5.72323E-2 3.4442E-2 3.211E-2 4.64049E-2 2.71469E-2 1.90999E-2 1.38643E-2 3.31037E-2
1.82427E-1 1.60806E-1 1.7608E-1 1.38839E-1 1.634E-1 1.75995E-1 1.55011E-1 1.68603E-1 2.25798E-1 2.27359E-1 2.29485E-1 2.22768E-1 1.61011E-1 1.82357E-1 1.84604E-1 2.60385E-1 2.78153E-1 2.89844E-1 2.96305E-1 2.93362E-1 2.88838E-1 2.85574E-1 2.70988E-1 2.80073E-1 2.69233E-1 2.87817E-1 2.87833E-1 2.82373E-1 2.82373E-1 2.80738E-1 2.73224E-1 2.67776E-1 2.64076E-1 2.53885E-1 1.79802E-1 2.3068E-1 2.30908E-1 2.39606E-1 2.47067E-1 2.42648E-1 2.37432E-1 2.35873E-1 2.2541E-1 2.2541E-1 2.15581E-1 2.06213E-1 2.2954E-1 2.16015E-1 1.88938E-1 2.14011E-1 1.94107E-1 1.53001E-1 1.17536E-1 1.45089E-1 9.82227E-2 4.47004E-2 3.34262E-2 5.48701E-2 7.91811E-2 6.51003E-2 3.33311E-2 3.97854E-2 4.51175E-2 2.52215E-2 2.54856E-2 3.23362E-2 1.75912E-2
1.74831E-1 1.84585E-1 1.81744E-1 1.63323E-1 1.24109E-1 1.30123E-1 1.73896E-1 1.91232E-1 1.84616E-1 1.72554E-1 1.8988E-1 1.96133E-1 2.0364E-1 1.17932E-1 1.19184E-1 1.66699E-1 2.28637E-1 2.78857E-1 2.28489E-1 2.93362E-1 2.54285E-1 2.83558E-1 2.89639E-1 2.84656E-1 2.8588E-1 2.8588E-1 2.35229E-1 2.89267E-1 2.84016E-1 2.75804E-1 2.72902E-1 2.67776E-1 2.03561E-1 2.56375E-1 2.60787E-1 1.97627E-1 1.70776E-1 9.89267E-2 2.17662E-1 2.07416E-1 2.12096E-1 2.39556E-1 2.34673E-1 2.25884E-1 2.25375E-1 2.25419E-1 2.2579E-1 2.13779E-1 2.15093E-1 1.48349E-1 9.64799E-2 9.65635E-2 1.07927E-1 5.6499E-2 4.97274E-2 5.49937E-2 4.04281E-2 6.94902E-2 8.08606E-2 5.95351E-2 3.82801E-2 3.70924E-2 3.94571E-2 1.87359E-2 8.57162E-3 1.0506E-2 2.4284E-2
1.81564E-1 1.68505E-1 1.78356E-1 1.83532E-1 1.5734E-1 1.38996E-1 1.64802E-1 1.48558E-1 1.91448E-1 1.56166E-1 1.60869E-1 2.03657E-1 1.40042E-1 1.92415E-1 1.77114E-1 1.57343E-1 1.71144E-1 2.78662E-1 1.87694E-1 2.21924E-1 2.62461E-1 2.7842E-1 2.8967E-1 2.84656E-1 2.85666E-1 2.81677E-1 2.85115E-1 2.29497E-1 2.88156E-1 2.88557E-1 2.85206E-1 2.65294E-1 2.85206E-1 1.63349E-1 2.62717E-1 2.5995E-1 2.26078E-1 1.44517E-1 1.94436E-1 2.50371E-1 2.48853E-1 2.50489E-1 2.44304E-1 2.39365E-1 2.25846E-1 2.10043E-1 2.09278E-1 2.06097E-1 2.09278E-1 1.45312E-1 8.08236E-2 3.73898E-2 3.55386E-2 3.87824E-2 4.20785E-2 6.02623E-2 5.50955E-2 8.10947E-2 8.07887E-2 6.72245E-2 5.13398E-2 4.58991E-2 3.65093E-2 1.33596E-2 2.61407E-2 2.08618E-2 1.65538E-2
1.99677E-1 1.99401E-1 1.99937E-1 1.93844E-1 1.95963E-1 1.87102E-1 9.36058E-2 1.57985E-1 1.76713E-1 1.61375E-1 1.60342E-1 2.09405E-1 1.43981E-1 1.44726E-1 1.56576E-1 1.48788E-1 1.16025E-1 1.68581E-1 2.75644E-1 2.78046E-1 2.7842E-1 2.51774E-1 2.81313E-1 2.75078E-1 2.84963E-1 2.75972E-1 2.79234E-1 2.58236E-1 2.68478E-1 2.56536E-1 2.77499E-1 2.75427E-1 2.64591E-1 2.69697E-1 1.55805E-1 1.47043E-1 1.68451E-1 2.0227E-1 1.84981E-1 1.72018E-1 2.25434E-1 2.18419E-1 2.16953E-1 1.96379E-1 2.19087E-1 2.2579E-1 2.06097E-1 1.95533E-1 1.91211E-1 1.46492E-1 7.38348E-2 6.61674E-2 7.40242E-2 1.05884E-1 1.00394E-1 7.30537E-2 7.96941E-2 8.71462E-2 7.71117E-2 4.44131E-2 4.28255E-2 3.88384E-2 3.79641E-2 4.3216E-2 2.03038E-2 1.40562E-2 2.4958E-2
1.68085E-1 1.81564E-1 1.88437E-1 2.00892E-1 2.14391E-1 2.08094E-1 2.01676E-1 1.64124E-1 1.81998E-1 1.65941E-1 1.97283E-1 1.05148E-1 1.89249E-1 1.22266E-1 1.08234E-1 1.52739E-1 1.52027E-1 2.4576E-1 2.35252E-1 2.7174E-1 2.7174E-1 2.69592E-1 2.76331E-1 2.60804E-1 2.25595E-1 2.4003E-1 2.52925E-1 2.52323E-1 2.5283E-1 2.22806E-1 2.2481E-1 2.4791E-1 1.91665E-1 1.25439E-1 1.63937E-1 1.57213E-1 1.46759E-1 1.7548E-1 1.35595E-1 1.65099E-1 1.58653E-1 2.05411E-1 2.06631E-1 2.05402E-1 2.05402E-1 2.26832E-1 1.90632E-1 1.88602E-1 1.66308E-1 1.50186E-1 8.05137E-2 1.00485E-1 1.27474E-1 1.2753E-1 1.16257E-1 1.1194E-1 9.46574E-2 8.84137E-2 7.66907E-2 5.34949E-2 5.02064E-2 3.52337E-2 2.46346E-2 2.51164E-2 3.1704E-2 2.30795E-2 2.38945E-2
1.91302E-1 1.98677E-1 2.13856E-1 1.82157E-1 1.76955E-1 1.64779E-1 1.86376E-1 2.02649E-1 2.11839E-1 2.0677E-1 2.14305E-1 1.53832E-1 1.71316E-1 1.64215E-1 8.2296E-2 1.54283E-1 1.39839E-1 2.32157E-1 1.7063E-1 1.35012E-1 2.65853E-1 2.77075E-1 2.77493E-1 2.77047E-1 2.85666E-1 2.41445E-1 2.7419E-1 1.77116E-1 2.25447E-1 1.69229E-1 1.44403E-1 1.57998E-1 1.42627E-1 2.20418E-1 1.62109E-1 1.72955E-1 1.42785E-1 1.43351E-1 1.45522E-1 9.27259E-2 1.6749E-1 2.03839E-1 2.04855E-1 1.95559E-1 2.03591E-1 2.06378E-1 1.91211E-1 1.85418E-1 1.74586E-1 1.59609E-1 1.23654E-1 8.33132E-2 1.34958E-1 9.48253E-2 7.36976E-2 1.06803E-1 1.0045E-1 7.97393E-2 6.1116E-2 6.91636E-2 4.81826E-2 2.66922E-2 9.62646E-3 1.59565E-2 3.5929E-2 1.90464E-2 3.00291E-2
1.84016E-1 1.78786E-1 1.83119E-1 1.50941E-1 1.86631E-1 1.74831E-1 1.78267E-1 1.82779E-1 2.24281E-1 2.25798E-1 2.29971E-1 2.0525E-1 2.03912E-1 1.51653E-1 8.79716E-2 1.58323E-1 1.50976E-1 1.89981E-1 2.13598E-1 1.37239E-1 2.6846E-1 2.69592E-1 2.7073E-1 2.77075E-1 2.7174E-1 2.66284E-1 2.23871E-1 1.64548E-1 2.25863E-1 2.49711E-1 2.30495E-1 1.52675E-1 1.90387E-1 1.5318E-1 1.06828E-1 1.10495E-1 1.55328E-1 1.40122E-1 1.33309E-1 9.97862E-2 1.30891E-1 2.04855E-1 2.01153E-1 1.9303E-1 1.71008E-1 1.83901E-1 1.92887E-1 1.9479E-1 1.64745E-1 1.64636E-1 1.51799E-1 1.47592E-1 1.51162E-1 1.09102E-1 5.01842E-2 6.7209E-2 4.82405E-2 4.58059E-2 3.86433E-2 4.23661E-2 4.57743E-2 3.77427E-2 1.35E-2 2.78013E-2 3.92177E-2 2.61944E-2 3.20065E-2
1.72567E-1 1.76505E-1 1.5235E-1 1.66581E-1 1.52024E-1 1.54761E-1 1.78602E-1 1.85096E-1 2.10548E-1 2.15568E-1 2.43758E-1 2.4063E-1 1.85237E-1 1.69813E-1 2.39519E-1 2.20668E-1 1.85567E-1 2.11883E-1 1.86857E-1 2.18308E-1 2.6846E-1 2.69592E-1 2.7073E-1 2.73125E-1 2.7174E-1 2.72063E-1 2.64917E-1 2.54867E-1 2.0945E-1 2.04953E-1 1.89268E-1 2.54976E-1 1.9454E-1 1.88542E-1 1.26646E-1 1.2751E-1 1.36984E-1 1.42305E-1 1.30048E-1 1.47981E-1 1.15644E-1 1.6595E-1 1.57604E-1 1.55591E-1 1.62399E-1 1.2708E-1 1.46507E-1 1.906E-1 1.78186E-1 1.6542E-1 1.11499E-1 1.01633E-1 7.42805E-2 8.29435E-2 4.25068E-2 3.54816E-2 3.09758E-2 8.85006E-3 5.32035E-3 1.28489E-2 1.53937E-2 1.41552E-2 1.3713E-2 1.55891E-2 2.5919E-2 2.8892E-2 1.59961E-2
1.65728E-1 1.51938E-1 1.29219E-1 1.04099E-1 9.94205E-2 1.33667E-1 1.49536E-1 1.96244E-1 1.59087E-1 1.90966E-1 2.26035E-1 2.20864E-1 1.66032E-1 1.56093E-1 1.62871E-1 1.04975E-1 1.84828E-1 2.07285E-1 2.39011E-1 2.60044E-1 2.54351E-1 2.56505E-1 2.67677E-1 2.67413E-1 2.70026E-1 2.72063E-1 2.64574E-1 2.4912E-1 2.40751E-1 2.05762E-1 2.16812E-1 1.97354E-1 2.05781E-1 1.3366E-1 1.4159E-1 1.41894E-1 1.47401E-1 2.20564E-1 1.19513E-1 1.56259E-1 1.49376E-1 1.98807E-1 1.91959E-1 1.8716E-1 1.82665E-1 1.5032E-1 1.89659E-1 1.7363E-1 1.73077E-1 1.64502E-1 8.24122E-2 7.89303E-2 8.08104E-2 5.92364E-2 3.9306E-2 1.5247E-2 2.91914E-3 7.13361E-3 3.24945E-3 1.45168E-2 5.93027E-2 4.20527E-2 3.75324E-2 1.81278E-2 2.54091E-2 2.92743E-2 1.6167E-2
1.30274E-1 1.23881E-1 1.29219E-1 1.26829E-1 1.35279E-1 1.37033E-1 1.64718E-1 1.79269E-1 1.83334E-1 2.06399E-1 2.13567E-1 2.09121E-1 2.03166E-1 1.42655E-1 1.25431E-1 1.09558E-1 1.56764E-1 1.60082E-1 2.46045E-1 2.59568E-1 2.61176E-1 2.68252E-1 2.55112E-1 2.6889E-1 2.73824E-1 2.74118E-1 2.68393E-1 2.63906E-1 2.4912E-1 2.41089E-1 2.41089E-1 2.21351E-1 1.35624E-1 1.67398E-1 9.11915E-2 1.26226E-1 1.66806E-1 1.2956E-1 1.79395E-1 1.94762E-1 2.0582E-1 1.96352E-1 1.92823E-1 1.90721E-1 1.91804E-1 1.72983E-1 1.99371E-1 2.17783E-1 1.99067E-1 1.87583E-1 1.25366E-1 9.56301E-2 9.30106E-2 7.64004E-2 3.77755E-2 1.18975E-2 2.93679E-2 1.72347E-2 1.3582E-2 4.38754E-2 6.45932E-2 6.68782E-2 3.92872E-2 1.59795E-2 1.92748E-2 2.1392E-2 1.20234E-2
1.30274E-1 1.38829E-1 1.39616E-1 1.52372E-1 1.49644E-1 1.5171E-1 1.31339E-1 1.58771E-1 1.67393E-1 1.829E-1 1.92296E-1 1.87092E-1 1.87164E-1 2.13507E-1 1.42555E-1 9.80184E-2 9.8955E-2 9.97505E-2 1.83107E-1 2.05773E-1 2.61176E-1 2.68252E-1 2.65882E-1 2.7073E-1 2.77693E-1 2.78021E-1 2.83499E-1 2.64644E-1 2.61317E-1 2.40479E-1 2.39891E-1 2.33811E-1 1.36419E-1 1.61714E-1 1.31209E-1 1.32761E-1 1.20116E-1 1.7924E-1 1.15626E-1 2.0974E-1 1.99067E-1 1.94415E-1 1.92823E-1 1.90648E-1 1.66626E-1 1.66026E-1 1.94461E-1 1.92273E-1 2.04093E-1 2.06582E-1 1.64414E-1 1.37627E-1 1.06951E-1 7.37037E-2 1.8329E-2 8.0027E-3 5.07625E-3 1.78811E-2 4.36965E-2 5.92054E-2 7.40451E-2 7.34929E-2 4.72578E-2 2.76487E-2 1.11255E-1 2.64045E-1 1.50284E-1
1.10857E-1 1.30274E-1 1.39187E-1 1.24737E-1 1.34749E-1 1.5946E-1 1.6625E-1 1.24056E-1 1.56306E-1 1.829E-1 1.95439E-1 2.04756E-1 1.56767E-1 2.10245E-1 2.31335E-1 2.16168E-1 1.54067E-1 1.7767E-1 1.88476E-1 1.82602E-1 2.50647E-1 2.61176E-1 2.64578E-1 2.09999E-1 2.62458E-1 2.77693E-1 2.85378E-1 2.55106E-1 2.09831E-1 2.39638E-1 2.37537E-1 1.60034E-1 1.3727E-1 1.54897E-1 1.54977E-1 1.21162E-1 8.24327E-2 1.22195E-1 1.33874E-1 2.09124E-1 1.39233E-1 1.9797E-1 1.92119E-1 1.77766E-1 1.73459E-1 2.14725E-1 2.19118E-1 1.91845E-1 2.06582E-1 2.19659E-1 1.20399E-1 9.70684E-2 7.90421E-2 5.22926E-2 2.04984E-2 1.02443E-2 8.44595E-3 3.60355E-2 6.61991E-2 9.80413E-2 3.15169E-2 2.99473E-2 3.52156E-2 3.09471E-2 7.83877E-2 5.56806E-2 3.80392E-2
