ENM/Final_Models/M_1_F_q_Set_1_EC/Gustavia_santanderiensis_Choco_max.asc
ncols         367
nrows         963
xllcorner     -78.6
yllcorner     0.65
cellsize      0.00833333333333323
NODATA_value  -9999
[rows 816 to 849 of 963, columns 152 to 227 of 367]
2.30354E-3 1.50411E-2 2.97427E-2 2.28988E-2 2.41998E-2 -9999 -9999 -9999 -9999 -9999 -9999 -9999 -9999 -9999 -9999 -9999 -9999 -9999 -9999 -9999 -9999 -9999 -9999 -9999 -9999 -9999 -9999 -9999 -9999 -9999 -9999 -9999 -9999 -9999 -9999 -9999 -9999 -9999 1.36817E-3 2.18062E-3 1.66944E-3 8.70061E-4 6.26274E-4 2.85295E-4 8.13584E-5 1.58674E-4 4.45962E-4 2.20248E-4 2.16186E-4 1.21266E-4 4.70871E-4 2.69023E-3 3.09399E-3 5.69373E-4 3.53603E-4 1.61076E-4 7.72143E-5 4.63824E-5 7.37369E-5 5.9593E-5 7.00676E-5 3.65583E-5 8.78955E-5 2.87383E-4 1.43421E-4 3.16514E-4 2.71967E-4 2.40732E-4 -9999 -9999 -9999 -9999 -9999 -9999 -9999 -9999
2.35471E-3 4.16805E-2 -9999 -9999 -9999 -9999 -9999 -9999 -9999 -9999 -9999 -9999 -9999 -9999 -9999 -9999 -9999 -9999 -9999 -9999 -9999 -9999 -9999 -9999 -9999 -9999 -9999 -9999 -9999 -9999 -9999 -9999 -9999 -9999 -9999 -9999 1.17316E-2 1.72773E-3 6.41241E-3 3.37803E-3 1.24873E-3 1.02595E-3 6.25774E-4 1.47198E-4 4.75063E-5 5.06176E-5 1.85234E-4 1.06428E-4 5.17112E-5 2.42315E-4 1.36532E-4 5.72815E-4 1.39073E-3 7.15793E-4 3.49998E-4 1.36179E-4 1.98755E-5 1.76617E-5 5.54541E-5 1.71521E-4 2.6568E-4 1.99301E-4 9.39335E-5 1.24443E-4 2.82331E-4 1.47359E-4 2.56961E-4 -9999 -9999 -9999 -9999 -9999 -9999 -9999 -9999 -9999
2.21366E-3 2.71755E-2 -9999 -9999 -9999 -9999 -9999 -9999 -9999 -9999 -9999 -9999 -9999 -9999 -9999 -9999 -9999 8.69365E-3 1.10592E-2 7.64758E-3 -9999 -9999 -9999 -9999 -9999 -9999 -9999 -9999 -9999 -9999 -9999 -9999 -9999 -9999 -9999 -9999 -9999 -9999 5.7723E-3 1.52654E-3 5.96328E-4 3.2802E-4 2.35083E-4 8.24124E-5 7.90769E-5 6.42361E-5 4.45374E-5 4.27825E-5 8.70496E-5 1.9728E-4 2.95877E-4 1.27032E-4 1.25241E-3 1.30827E-3 7.56341E-4 4.48115E-4 8.53981E-5 1.44373E-4 9.82196E-5 1.004E-4 1.74455E-4 1.18598E-4 1.01085E-4 1.66335E-4 2.32784E-4 4.90047E-4 2.30104E-4 -9999 -9999 -9999 -9999 -9999 -9999 -9999 -9999 -9999
6.81251E-3 7.75945E-2 5.31821E-2 -9999 -9999 -9999 -9999 -9999 -9999 -9999 -9999 -9999 -9999 -9999 -9999 -9999 9.86177E-3 7.41146E-3 1.48313E-2 6.55774E-3 5.2356E-3 -9999 -9999 -9999 -9999 -9999 -9999 -9999 -9999 -9999 -9999 -9999 -9999 -9999 -9999 -9999 -9999 -9999 1.31302E-3 1.4264E-3 3.45757E-4 1.41904E-4 1.47491E-4 2.02739E-4 1.59974E-4 5.99825E-5 2.90367E-5 4.02269E-5 5.10173E-5 1.04733E-4 2.2031E-4 1.57447E-4 2.69885E-4 1.58923E-3 5.9772E-4 7.82843E-4 7.0773E-4 1.17775E-3 6.40131E-4 8.33351E-4 5.83849E-4 4.16324E-4 4.41723E-5 1.62285E-4 1.66662E-4 3.02694E-4 1.07557E-4 -9999 -9999 -9999 -9999 -9999 -9999 -9999 -9999 -9999
1.69853E-2 3.86837E-2 4.05377E-2 -9999 -9999 -9999 -9999 -9999 -9999 -9999 -9999 -9999 -9999 -9999 -9999 6.1912E-3 1.21468E-2 6.88168E-3 1.45562E-2 1.30761E-2 1.07863E-2 1.63364E-2 -9999 2.41948E-2 3.91979E-2 -9999 -9999 -9999 -9999 -9999 -9999 -9999 -9999 -9999 -9999 -9999 -9999 5.66634E-3 1.24231E-3 2.30029E-3 4.4523E-4 1.61906E-4 1.25011E-4 2.54781E-4 3.52238E-4 7.33605E-5 4.17545E-5 3.51479E-5 2.15728E-5 2.60333E-5 2.84851E-5 4.35721E-5 4.36698E-4 3.72449E-4 3.29181E-4 8.05689E-4 5.43858E-4 1.49566E-4 4.14837E-4 2.62378E-4 1.12766E-4 3.06604E-4 4.22542E-4 3.86516E-4 1.18881E-4 1.26715E-4 3.47143E-4 -9999 -9999 -9999 -9999 -9999 -9999 -9999 -9999 -9999
1.88586E-2 8.08677E-2 9.74574E-2 -9999 -9999 -9999 -9999 -9999 -9999 -9999 -9999 -9999 -9999 -9999 -9999 -9999 8.17894E-3 7.80947E-3 1.76962E-2 1.08754E-2 9.05984E-3 1.08506E-2 8.96197E-3 1.38375E-2 4.44781E-2 -9999 -9999 -9999 -9999 -9999 -9999 -9999 -9999 -9999 2.18803E-2 3.00149E-2 2.31865E-2 8.306E-3 1.82825E-3 1.49265E-3 1.36086E-3 3.75706E-4 3.86072E-4 3.63544E-4 1.83775E-4 9.20021E-5 4.18905E-5 5.12238E-5 5.53155E-5 1.87817E-4 1.0938E-4 3.38927E-5 1.1935E-4 1.5789E-4 1.11584E-4 4.05618E-4 6.08799E-4 1.82545E-4 1.48968E-4 2.3831E-4 1.04913E-4 2.08923E-4 2.30684E-4 1.33033E-4 1.30129E-4 9.83934E-5 6.55279E-5 -9999 -9999 -9999 -9999 -9999 -9999 -9999 -9999 -9999
3.03016E-2 7.87534E-2 -9999 -9999 -9999 -9999 -9999 -9999 -9999 -9999 -9999 -9999 -9999 -9999 -9999 1.52753E-2 2.35353E-2 -9999 -9999 8.74467E-3 1.36243E-2 6.88114E-3 1.21726E-2 2.84157E-2 -9999 -9999 -9999 -9999 -9999 -9999 -9999 -9999 -9999 -9999 -9999 -9999 -9999 -9999 -9999 -9999 5.68206E-4 4.25362E-4 3.22805E-4 6.07804E-4 3.63732E-4 2.1045E-4 8.79845E-5 5.10609E-5 3.5917E-5 3.13851E-4 3.98468E-4 2.46378E-5 5.9583E-5 7.54474E-5 4.51201E-5 6.78926E-5 2.62819E-4 2.19397E-4 9.12109E-5 2.02562E-4 1.51147E-4 1.00217E-4 1.50636E-4 8.64443E-5 2.72181E-5 4.29328E-5 8.84601E-5 -9999 -9999 -9999 -9999 -9999 -9999 -9999 -9999 -9999
2.98165E-2 1.01229E-1 -9999 -9999 -9999 -9999 -9999 -9999 -9999 -9999 -9999 -9999 -9999 -9999 -9999 -9999 -9999 -9999 -9999 7.87067E-3 8.3317E-3 6.04156E-3 1.63745E-2 2.95928E-2 -9999 -9999 -9999 -9999 -9999 -9999 -9999 -9999 -9999 -9999 -9999 -9999 -9999 -9999 -9999 -9999 -9999 1.04416E-3 7.89571E-4 1.27523E-3 2.74345E-4 8.85219E-5 7.09483E-5 7.30208E-5 2.15825E-4 2.10961E-4 1.31709E-4 6.34771E-5 9.06526E-5 1.40099E-4 8.474E-5 1.18381E-4 6.80704E-5 1.70946E-4 8.43658E-5 1.2268E-4 2.23069E-4 1.40815E-4 1.71301E-4 7.07089E-5 1.91965E-4 2.0561E-4 3.85825E-4 3.40674E-4 -9999 -9999 -9999 -9999 -9999 -9999 -9999 -9999
3.81941E-2 7.7316E-2 -9999 -9999 -9999 -9999 -9999 -9999 -9999 -9999 -9999 -9999 -9999 -9999 -9999 -9999 -9999 -9999 -9999 7.0964E-3 6.72348E-3 6.97851E-3 2.14913E-2 5.65426E-2 -9999 -9999 -9999 -9999 -9999 -9999 -9999 -9999 2.01759E-2 3.17869E-2 3.40892E-2 -9999 -9999 -9999 1.44628E-3 1.36502E-3 4.19988E-3 4.20898E-3 3.44245E-3 8.17324E-4 4.91277E-4 2.44078E-4 1.13353E-4 3.97005E-5 8.30126E-5 7.00846E-5 1.8055E-5 7.75025E-5 1.27189E-4 2.45791E-4 1.91857E-4 1.07128E-4 9.95775E-5 1.04646E-4 1.34595E-4 3.97962E-5 9.70255E-5 8.43325E-5 9.66984E-5 7.18017E-5 1.23459E-4 6.6498E-4 5.79603E-4 4.19883E-4 -9999 -9999 -9999 -9999 -9999 -9999 -9999 -9999
5.41947E-2 6.79007E-2 -9999 -9999 -9999 -9999 -9999 -9999 -9999 -9999 -9999 -9999 -9999 -9999 -9999 -9999 -9999 -9999 2.30869E-2 1.12073E-2 1.18976E-2 1.04627E-2 1.74538E-2 5.02587E-2 -9999 -9999 -9999 -9999 -9999 -9999 -9999 -9999 2.1892E-2 1.60606E-2 9.043E-3 3.14935E-3 1.28704E-3 1.56832E-4 1.41558E-4 1.19585E-3 7.32277E-4 2.09008E-3 1.89836E-3 8.20468E-4 6.13764E-4 1.05506E-3 6.37621E-4 1.87975E-4 7.03034E-5 3.32915E-5 3.34643E-5 7.0536E-5 3.83679E-4 5.4658E-4 1.61376E-4 6.03301E-5 1.23626E-4 7.50457E-5 1.16072E-4 8.88233E-5 5.02513E-5 6.32619E-5 9.62447E-5 2.85037E-4 1.85328E-4 1.52671E-4 3.05425E-4 4.53221E-4 -9999 -9999 -9999 -9999 -9999 -9999 -9999 -9999
1.18313E-2 9.03068E-2 -9999 -9999 -9999 -9999 -9999 -9999 -9999 -9999 -9999 -9999 -9999 -9999 -9999 -9999 -9999 1.37638E-2 1.16558E-2 9.73133E-3 1.14449E-2 1.60482E-2 1.45128E-2 2.37745E-2 -9999 -9999 -9999 -9999 -9999 -9999 -9999 -9999 5.84051E-3 4.1703E-3 2.61226E-3 2.33788E-3 6.8916E-4 3.85834E-4 1.83319E-4 6.16393E-4 1.76285E-4 3.22253E-4 8.49823E-4 4.37711E-4 3.88723E-4 2.27484E-4 1.14635E-4 1.65755E-4 1.49063E-4 1.75223E-4 6.83415E-5 5.25862E-5 1.70609E-4 4.20425E-4 2.13856E-4 1.18132E-4 1.28741E-4 1.32429E-4 1.10122E-4 7.06171E-5 9.66485E-5 8.14895E-5 9.96905E-5 3.5954E-4 4.11764E-4 5.1569E-4 7.54566E-4 8.5777E-4 -9999 -9999 -9999 -9999 -9999 -9999 -9999 -9999
2.74756E-2 8.76273E-2 -9999 -9999 -9999 -9999 -9999 -9999 -9999 -9999 -9999 -9999 -9999 -9999 -9999 -9999 -9999 -9999 -9999 8.61076E-3 1.35302E-2 9.09672E-3 1.26721E-2 2.57058E-2 -9999 -9999 -9999 -9999 -9999 -9999 -9999 -9999 5.27853E-3 1.95268E-3 9.12309E-4 5.15182E-4 2.10966E-4 1.37357E-4 1.40186E-4 7.75522E-4 2.3719E-4 1.84849E-4 4.59677E-4 3.62913E-4 3.0829E-4 6.8913E-4 7.63368E-5 7.18974E-5 7.06929E-5 1.12834E-4 1.39548E-4 2.03284E-4 4.18377E-5 4.28688E-4 3.5166E-4 2.26647E-4 1.18162E-4 1.58758E-4 1.3117E-4 1.63626E-4 3.05679E-4 3.84857E-4 1.42355E-4 4.37782E-4 2.70378E-4 9.01066E-4 7.3935E-4 8.00845E-4 -9999 -9999 -9999 -9999 -9999 -9999 -9999 -9999
1.09428E-2 5.14539E-2 -9999 -9999 -9999 -9999 -9999 -9999 -9999 -9999 -9999 -9999 -9999 -9999 -9999 -9999 -9999 -9999 -9999 -9999 4.57607E-3 5.79349E-3 1.20798E-2 2.00047E-2 -9999 -9999 1.8024E-2 -9999 -9999 -9999 -9999 -9999 8.62833E-3 1.28611E-3 2.53831E-4 1.73685E-4 1.07022E-4 9.93384E-5 1.94318E-4 3.03193E-4 1.82053E-4 6.61972E-5 1.29485E-4 3.93443E-4 1.85868E-4 7.80817E-5 1.51764E-4 5.62444E-5 1.02311E-4 2.30881E-5 1.82209E-4 1.2466E-4 1.6531E-4 7.86382E-4 5.21423E-4 2.76144E-4 4.73848E-5 7.69665E-5 2.30199E-4 5.68734E-5 1.2353E-4 3.05429E-4 5.72615E-4 3.98722E-4 5.50658E-4 5.03965E-4 5.28598E-4 -9999 -9999 -9999 -9999 -9999 -9999 -9999 -9999 -9999
2.731E-3 3.04062E-2 6.69617E-2 -9999 -9999 -9999 -9999 -9999 -9999 -9999 -9999 -9999 -9999 -9999 -9999 -9999 -9999 -9999 -9999 -9999 -9999 4.26131E-3 9.12318E-3 1.65506E-2 -9999 -9999 2.76234E-2 -9999 -9999 -9999 -9999 7.46922E-3 8.9565E-3 2.43836E-3 4.72747E-4 1.1132E-4 6.55991E-5 1.08043E-4 1.90455E-4 1.27943E-4 1.45458E-4 7.40209E-5 9.73817E-5 3.65939E-4 1.64007E-4 4.01198E-5 2.96357E-5 3.82641E-5 4.05914E-4 2.18722E-4 1.6084E-4 7.08545E-5 1.28342E-4 2.06944E-4 5.24251E-4 5.18934E-4 1.16944E-4 4.50557E-5 1.14362E-4 1.04624E-4 2.61435E-4 6.4424E-4 7.64623E-4 6.33288E-4 7.11418E-4 5.65221E-4 -9999 -9999 -9999 -9999 -9999 -9999 -9999 -9999 -9999 -9999
2.37366E-3 3.62562E-2 7.4738E-2 -9999 -9999 -9999 -9999 -9999 -9999 -9999 -9999 -9999 -9999 -9999 -9999 -9999 -9999 -9999 2.49139E-2 -9999 -9999 5.89359E-3 4.49326E-3 1.00577E-2 -9999 -9999 -9999 -9999 -9999 2.95032E-3 2.97821E-3 7.43861E-3 3.0285E-3 1.0052E-3 2.15166E-4 1.05889E-4 1.27383E-4 9.39013E-5 1.38137E-4 1.37727E-4 1.34651E-4 1.27359E-4 1.09712E-4 2.2681E-4 5.06979E-5 5.29084E-5 1.92254E-4 1.18808E-4 6.44114E-4 5.10489E-4 2.26765E-4 1.03121E-4 1.52636E-4 9.35094E-5 2.77511E-4 5.12822E-4 1.36668E-4 4.5436E-5 2.41684E-4 1.31029E-4 4.40038E-4 1.11898E-3 8.4579E-4 1.00617E-3 7.01511E-4 6.1202E-4 -9999 -9999 -9999 -9999 -9999 -9999 -9999 -9999 -9999 -9999
5.29995E-3 5.81461E-2 8.66459E-2 -9999 -9999 -9999 -9999 -9999 -9999 -9999 -9999 -9999 -9999 2.86224E-2 4.56482E-2 -9999 -9999 1.94562E-2 2.54727E-2 -9999 -9999 1.02717E-2 5.75807E-3 2.54727E-2 9.57026E-3 -9999 -9999 6.09234E-3 1.55465E-3 1.22665E-3 1.60876E-3 1.17752E-3 6.52537E-4 1.75845E-4 3.33064E-4 1.47747E-4 1.14306E-4 7.00648E-5 1.56819E-4 1.71142E-4 1.01714E-4 1.29251E-4 1.26837E-4 2.83683E-4 1.7832E-4 6.93727E-5 2.40226E-4 6.71853E-4 1.30785E-3 2.83644E-4 1.23174E-4 9.29789E-5 2.30488E-4 2.60117E-4 1.67648E-4 3.14747E-4 2.37889E-4 7.92092E-5 4.02804E-4 6.38996E-4 1.97411E-4 3.71813E-4 5.40161E-4 9.08635E-4 1.007E-3 5.88006E-4 -9999 -9999 -9999 -9999 -9999 -9999 -9999 -9999 -9999 -9999
6.10669E-3 6.75777E-2 9.20963E-2 -9999 -9999 -9999 -9999 -9999 -9999 -9999 -9999 -9999 -9999 2.4004E-2 2.31563E-2 -9999 -9999 1.54986E-2 2.89023E-2 -9999 -9999 9.8219E-3 7.18499E-3 1.28754E-2 1.22251E-2 -9999 -9999 3.61113E-3 9.22351E-4 6.97167E-4 2.63406E-4 2.80846E-4 5.08114E-4 3.9631E-4 2.73291E-4 1.58263E-4 6.43044E-5 5.79547E-5 1.2247E-4 8.49683E-5 8.97824E-5 2.70766E-4 3.60943E-4 3.19597E-4 2.21088E-4 8.54184E-5 1.21857E-4 8.41973E-4 6.76337E-4 2.47811E-4 8.15173E-5 7.32664E-5 2.124E-4 2.56355E-4 1.77113E-4 3.06353E-4 2.66213E-4 2.5449E-4 6.61085E-4 1.28174E-3 6.44014E-4 8.47251E-4 6.50719E-4 1.09273E-3 9.01843E-4 1.58196E-3 -9999 -9999 -9999 -9999 -9999 -9999 -9999 -9999 -9999 -9999
8.12514E-3 6.41129E-2 1.00518E-1 -9999 -9999 -9999 -9999 -9999 -9999 -9999 -9999 -9999 -9999 2.61331E-2 1.81868E-2 -9999 -9999 1.98305E-2 2.2654E-2 -9999 -9999 8.91837E-3 2.95352E-2 4.39899E-2 1.75318E-2 -9999 -9999 8.29219E-4 3.70624E-4 3.54277E-4 3.2222E-4 6.90755E-4 3.54855E-4 1.53148E-4 9.33513E-5 7.84393E-5 6.25809E-5 4.27366E-5 9.4354E-5 8.3365E-5 3.34163E-5 1.43786E-4 1.84911E-4 6.96355E-4 6.70309E-4 3.06709E-4 3.38619E-4 9.44539E-4 5.35434E-4 3.69865E-4 2.39647E-4 1.56233E-4 2.83931E-4 1.5903E-4 2.34588E-4 5.79651E-4 7.98705E-4 2.86551E-4 5.23458E-4 5.46299E-4 7.90428E-4 6.91827E-4 1.09721E-3 7.57735E-4 1.14852E-3 -9999 -9999 -9999 -9999 -9999 -9999 -9999 -9999 -9999 -9999 -9999
3.95137E-2 7.15225E-2 1.76682E-1 -9999 -9999 -9999 -9999 -9999 -9999 -9999 -9999 -9999 5.58301E-3 8.43822E-3 1.48921E-2 -9999 -9999 1.43295E-2 1.82088E-2 9.31954E-3 5.38138E-3 1.06089E-2 1.91974E-2 3.74723E-2 2.07378E-2 -9999 8.40961E-3 8.51646E-4 6.38696E-4 1.18528E-3 9.5823E-4 3.58913E-4 1.45771E-4 6.3525E-5 5.34807E-5 8.74995E-5 7.32355E-5 5.36303E-5 6.37331E-5 1.06376E-4 4.55797E-5 9.98059E-5 1.6059E-4 4.87973E-4 1.03763E-3 1.24858E-3 5.39776E-4 6.08243E-4 1.20412E-3 1.11834E-3 5.72363E-4 3.54827E-4 1.98203E-4 1.81662E-4 2.58519E-4 8.77868E-4 1.46531E-3 5.6745E-4 5.23798E-4 9.42608E-4 1.01681E-3 8.80599E-4 8.85099E-4 1.44542E-3 1.34617E-3 -9999 -9999 -9999 -9999 -9999 -9999 -9999 -9999 -9999 -9999 -9999
8.71885E-2 1.58613E-1 -9999 -9999 -9999 -9999 -9999 -9999 -9999 -9999 -9999 -9999 1.0061E-2 3.31154E-3 5.77265E-3 1.08011E-2 -9999 1.31954E-2 9.11945E-3 1.32792E-2 7.70084E-3 2.19143E-2 2.65569E-2 4.41452E-2 1.53748E-2 1.51836E-2 9.27158E-3 3.07121E-3 1.53165E-3 5.96917E-4 2.64748E-4 1.75926E-4 9.27074E-5 4.62774E-5 7.36131E-5 1.38119E-4 1.20049E-4 9.41525E-5 1.26402E-4 2.03806E-4 1.48425E-4 3.04148E-4 2.67547E-4 7.6052E-4 5.38087E-4 6.61161E-4 3.33552E-4 5.85769E-4 1.63869E-3 1.8903E-3 1.08267E-3 4.13448E-4 3.45496E-4 6.23936E-4 9.03875E-4 8.76513E-4 1.33054E-3 1.17152E-3 6.83568E-4 1.08906E-3 1.25958E-3 1.35705E-3 1.35504E-3 1.22357E-3 1.09522E-3 -9999 -9999 -9999 -9999 -9999 -9999 -9999 -9999 -9999 -9999 -9999
8.42848E-2 -9999 -9999 -9999 -9999 -9999 -9999 -9999 -9999 2.10231E-2 2.52447E-2 1.92789E-2 1.02809E-2 2.87005E-3 3.00388E-3 4.81493E-3 5.59897E-3 6.88345E-3 6.36349E-3 5.67572E-3 2.4366E-2 2.16913E-2 2.43249E-2 4.54043E-2 2.00443E-2 1.7912E-2 1.01229E-2 3.46737E-3 7.44868E-4 6.11676E-4 2.88766E-4 6.51174E-5 7.58659E-5 5.84444E-5 5.36814E-5 7.58818E-5 6.97346E-5 7.37513E-5 1.42324E-4 1.474E-4 2.10333E-4 8.05371E-5 9.35221E-5 2.65566E-4 2.63569E-4 1.75219E-4 2.09521E-4 9.4627E-4 1.39037E-3 7.00571E-4 7.4229E-4 4.23468E-4 7.98516E-4 1.49332E-3 1.70143E-3 9.06159E-4 1.48111E-3 1.61275E-3 1.21671E-3 1.79642E-3 1.45982E-3 1.38025E-3 1.23061E-3 1.1753E-3 9.58093E-4 -9999 -9999 -9999 -9999 -9999 -9999 -9999 -9999 -9999 -9999 -9999
-9999 -9999 -9999 -9999 -9999 -9999 -9999 -9999 -9999 5.30382E-2 4.41553E-2 4.26718E-2 4.38288E-2 1.5251E-2 -9999 4.71006E-3 6.06268E-3 1.05542E-2 8.87475E-3 1.87125E-2 1.09531E-2 1.80611E-2 2.21198E-2 3.92401E-2 2.47263E-2 1.25796E-2 2.62186E-3 1.72525E-3 5.97376E-4 5.73542E-4 8.06623E-4 1.49712E-4 8.81643E-5 5.93002E-5 8.66855E-5 7.6797E-5 1.25295E-4 5.02726E-5 7.21519E-5 1.25404E-4 8.53986E-5 6.64692E-5 1.45265E-4 1.7237E-4 7.49833E-5 1.3022E-4 2.54375E-4 7.63698E-4 4.66485E-4 4.76165E-4 8.00529E-4 9.26724E-4 9.74929E-4 1.97688E-3 1.84279E-3 1.54313E-3 1.65465E-3 1.35449E-3 1.40343E-3 1.59762E-3 1.1298E-3 8.95694E-4 1.16888E-3 8.92116E-4 8.47972E-4 -9999 -9999 -9999 -9999 -9999 -9999 -9999 -9999 -9999 -9999 -9999
-9999 -9999 -9999 -9999 -9999 -9999 -9999 -9999 -9999 -9999 4.96615E-2 6.21374E-2 -9999 -9999 -9999 6.90798E-3 -9999 -9999 1.59622E-2 2.07265E-2 1.50642E-2 -9999 -9999 -9999 2.77082E-2 4.11434E-3 1.31717E-3 1.23672E-3 7.27626E-4 1.10214E-3 5.00603E-4 4.42422E-4 9.19328E-5 1.02138E-4 9.07096E-5 1.30066E-4 1.09615E-4 6.67831E-5 5.78895E-5 4.23657E-5 5.07173E-5 7.4708E-5 1.85135E-4 6.37078E-5 6.82939E-5 1.25009E-4 2.6805E-4 3.42672E-4 2.90493E-4 5.73392E-4 1.38398E-3 1.20331E-3 1.43115E-3 1.88742E-3 1.47934E-3 1.21657E-3 1.44914E-3 1.52517E-3 1.54535E-3 -9999 -9999 -9999 9.66438E-4 1.13163E-3 6.92339E-4 -9999 -9999 -9999 -9999 -9999 -9999 -9999 -9999 -9999 -9999 -9999
-9999 -9999 -9999 -9999 -9999 -9999 -9999 -9999 -9999 -9999 -9999 -9999 -9999 -9999 -9999 -9999 -9999 -9999 -9999 -9999 -9999 -9999 -9999 -9999 1.38651E-2 9.03357E-3 2.55307E-3 4.54114E-3 3.48144E-3 1.78231E-3 7.35969E-4 1.05502E-3 3.02195E-4 1.01869E-3 5.2441E-4 4.58848E-4 1.16355E-4 6.95409E-5 6.18368E-5 4.47676E-5 7.12024E-5 4.23107E-5 5.59095E-5 6.4516E-5 1.29149E-4 8.05476E-5 9.0867E-5 2.02917E-4 2.66055E-4 8.49562E-4 1.78979E-3 1.20461E-3 1.72889E-3 1.89171E-3 1.34815E-3 8.87635E-4 1.07039E-3 1.46523E-3 -9999 -9999 -9999 -9999 8.7169E-4 4.69023E-4 2.12304E-4 -9999 -9999 -9999 -9999 -9999 -9999 -9999 -9999 -9999 -9999 -9999
-9999 -9999 -9999 -9999 -9999 -9999 -9999 -9999 -9999 -9999 -9999 -9999 -9999 -9999 -9999 -9999 -9999 -9999 -9999 -9999 -9999 -9999 -9999 -9999 1.60209E-2 1.22826E-2 1.04397E-2 3.15313E-3 5.81781E-3 2.06449E-3 1.20515E-3 1.10185E-3 1.67712E-3 1.36447E-3 6.79348E-4 5.38188E-4 2.87597E-4 1.30832E-4 6.10575E-5 4.14569E-5 4.2529E-5 7.16875E-5 1.41149E-4 7.23589E-5 6.717E-5 1.78796E-4 7.97147E-5 1.62361E-4 3.16902E-4 9.17767E-4 1.27755E-3 1.60124E-3 1.6759E-3 1.67646E-3 1.51344E-3 -9999 -9999 -9999 -9999 -9999 -9999 2.86768E-4 1.86229E-4 2.60545E-4 2.65363E-4 -9999 -9999 -9999 -9999 -9999 -9999 -9999 -9999 -9999 -9999 -9999
-9999 -9999 -9999 -9999 -9999 -9999 -9999 -9999 -9999 -9999 -9999 -9999 -9999 -9999 -9999 -9999 -9999 -9999 -9999 -9999 -9999 1.13668E-2 1.5978E-2 3.22824E-2 9.42234E-3 4.98349E-3 8.16412E-3 4.31881E-3 2.75613E-3 1.52561E-3 1.04226E-3 2.48184E-3 2.06464E-3 4.46643E-4 6.63469E-5 1.48968E-4 2.74931E-4 1.75277E-4 1.09277E-4 8.21108E-5 7.76493E-5 4.35167E-5 3.72113E-5 5.47282E-5 1.20174E-4 3.86048E-4 1.23987E-4 2.91988E-4 3.20931E-4 7.13532E-4 1.78144E-3 1.66681E-3 1.55886E-3 1.73932E-3 1.51111E-3 -9999 -9999 -9999 7.34133E-4 9.15036E-4 7.40182E-4 5.23316E-4 3.02901E-4 2.86703E-4 4.20932E-4 -9999 -9999 -9999 -9999 -9999 -9999 -9999 -9999 -9999 -9999 -9999
-9999 -9999 -9999 -9999 -9999 -9999 -9999 -9999 -9999 -9999 -9999 -9999 -9999 -9999 -9999 -9999 -9999 -9999 -9999 1.84282E-2 1.18335E-2 7.58768E-3 1.53554E-2 4.74487E-2 3.39145E-2 2.06516E-2 6.49202E-3 4.35436E-3 2.50108E-3 3.42738E-3 2.64478E-3 7.24167E-4 6.43201E-4 1.94374E-4 5.52475E-5 1.7313E-5 6.12031E-5 1.11112E-4 7.13441E-5 5.22528E-5 2.01658E-5 3.15113E-5 2.82641E-5 6.79454E-5 1.10007E-4 3.64157E-4 3.63564E-4 4.62248E-4 6.25341E-4 1.12326E-3 1.90056E-3 1.77889E-3 1.98628E-3 9.09455E-4 1.23755E-3 -9999 -9999 8.62198E-4 7.55077E-4 1.12857E-3 9.62196E-4 8.92861E-4 9.33034E-4 4.92005E-4 7.06541E-4 -9999 -9999 -9999 -9999 -9999 -9999 -9999 -9999 -9999 -9999 -9999
-9999 -9999 -9999 -9999 -9999 -9999 -9999 -9999 -9999 -9999 -9999 -9999 -9999 -9999 -9999 -9999 -9999 -9999 1.73731E-2 6.13143E-3 4.42608E-3 5.39947E-3 5.80356E-3 1.51349E-2 1.55321E-2 1.63247E-2 5.81211E-3 4.63173E-3 1.0981E-2 1.45171E-3 3.31853E-4 2.63864E-4 1.48669E-4 1.93413E-4 4.50788E-5 5.02242E-5 5.57906E-5 5.60608E-5 5.49693E-5 5.16269E-5 2.1321E-4 1.72914E-4 4.31535E-5 5.04714E-5 1.8287E-4 2.07325E-4 5.70912E-4 6.66888E-4 1.22196E-3 1.58749E-3 1.33342E-3 1.83144E-3 2.16271E-3 -9999 -9999 -9999 -9999 8.16694E-4 7.92483E-4 1.39201E-3 5.72607E-4 7.34474E-4 1.10793E-3 7.30027E-4 5.09937E-4 -9999 -9999 -9999 -9999 -9999 -9999 -9999 -9999 -9999 -9999 -9999
-9999 -9999 -9999 -9999 -9999 -9999 -9999 -9999 -9999 -9999 -9999 -9999 -9999 -9999 -9999 -9999 -9999 1.18147E-2 2.8292E-3 2.76028E-3 3.32463E-3 4.89571E-3 2.31139E-3 7.53719E-3 8.38272E-3 6.43308E-3 2.19772E-2 1.76619E-2 6.42559E-3 3.22999E-4 1.56796E-4 2.54602E-4 1.35403E-4 6.65265E-5 7.90277E-5 6.54322E-5 7.02157E-5 5.30265E-5 4.75548E-5 2.01257E-4 3.19797E-4 9.08414E-5 4.80469E-5 8.05298E-5 1.57816E-4 2.93343E-4 2.68949E-4 4.97534E-4 1.44139E-3 9.32781E-4 7.95971E-4 1.49432E-3 1.92563E-3 -9999 -9999 -9999 -9999 5.66924E-4 7.58513E-4 5.95661E-4 9.8072E-5 1.71856E-4 4.43443E-4 1.09872E-3 1.33051E-3 1.84105E-3 -9999 -9999 -9999 -9999 -9999 -9999 -9999 -9999 -9999 -9999
-9999 -9999 -9999 -9999 -9999 -9999 -9999 -9999 -9999 -9999 -9999 -9999 -9999 5.98082E-2 6.49363E-2 -9999 -9999 1.11616E-2 1.10917E-3 1.05441E-3 1.64899E-3 2.63559E-3 2.66727E-3 3.58305E-3 7.50104E-4 1.61739E-3 4.92424E-3 3.63142E-3 2.84284E-3 5.08905E-4 1.44282E-4 1.15794E-4 9.47502E-5 7.65805E-5 9.60786E-5 9.14966E-5 5.39929E-5 5.5314E-5 6.55739E-5 2.10666E-4 1.80153E-4 7.28012E-5 7.9878E-5 8.8361E-5 6.56738E-5 1.07588E-4 3.66289E-4 3.83854E-4 5.9885E-4 7.08141E-4 1.16517E-3 2.20921E-3 1.6141E-3 -9999 -9999 -9999 -9999 -9999 -9999 5.67193E-4 3.63099E-4 2.97645E-4 3.24794E-4 6.12601E-4 1.22818E-3 1.59153E-3 -9999 -9999 -9999 -9999 -9999 -9999 -9999 -9999 -9999 -9999
-9999 -9999 -9999 -9999 -9999 -9999 -9999 -9999 -9999 -9999 -9999 -9999 3.80601E-2 5.59505E-2 6.23718E-2 -9999 -9999 5.20869E-3 1.53608E-3 1.49725E-3 1.84641E-3 3.53174E-3 2.87872E-3 2.42197E-3 7.28222E-4 1.36659E-3 4.08506E-3 1.60408E-3 2.05198E-3 9.37338E-4 1.61223E-4 1.13982E-4 8.41358E-5 9.10341E-5 9.1253E-5 1.84663E-4 2.38908E-4 1.28077E-4 1.62647E-4 1.11108E-4 1.03162E-4 1.27846E-4 1.38884E-4 1.1168E-4 1.6586E-4 1.67184E-4 2.98672E-4 3.43541E-4 8.08997E-4 1.24789E-3 1.95017E-3 2.18443E-3 2.09978E-3 -9999 -9999 -9999 -9999 -9999 -9999 3.60338E-4 1.4321E-4 1.25586E-4 3.54704E-4 7.20046E-4 9.11572E-4 1.77317E-3 -9999 -9999 -9999 -9999 -9999 -9999 -9999 -9999 -9999 -9999
-9999 -9999 -9999 -9999 -9999 -9999 -9999 -9999 1.09726E-1 7.87834E-2 -9999 -9999 2.38365E-2 5.43643E-2 4.03854E-2 8.75849E-3 1.45765E-3 1.6255E-3 1.23247E-3 3.81366E-4 1.62879E-3 3.48152E-3 3.7975E-3 1.64547E-3 8.681E-4 1.65297E-3 2.57944E-3 5.66201E-4 2.5033E-4 5.04537E-4 2.13544E-4 8.64831E-5 8.57858E-5 7.63337E-5 1.87888E-4 4.94532E-4 5.29001E-4 5.14602E-4 2.38854E-4 1.41656E-4 1.86533E-4 3.60217E-4 2.67831E-4 2.25486E-4 2.12387E-4 2.0073E-4 5.14709E-4 5.63519E-4 8.51005E-4 1.25877E-3 1.83156E-3 2.14722E-3 1.7704E-3 1.90535E-3 1.11159E-3 1.21233E-3 -9999 -9999 -9999 2.78501E-4 1.39107E-4 2.28369E-4 4.01932E-4 6.18914E-4 8.36366E-4 1.33429E-3 1.95108E-3 -9999 -9999 -9999 -9999 -9999 -9999 -9999 -9999 -9999
-9999 -9999 -9999 1.98087E-2 3.73126E-2 -9999 -9999 7.44227E-2 1.11342E-1 8.88175E-2 -9999 -9999 2.50773E-2 3.93394E-2 1.54698E-2 4.80372E-3 1.11261E-3 6.18416E-4 8.4303E-4 3.67325E-4 5.4878E-4 1.15074E-3 6.59466E-4 6.28753E-4 3.85835E-4 1.7384E-3 1.25648E-3 2.51965E-4 1.18625E-4 2.59945E-4 5.68365E-4 1.29938E-4 1.1002E-4 1.30247E-4 5.96667E-4 1.42791E-3 9.23721E-4 4.01951E-4 1.75442E-4 1.80722E-4 1.4309E-4 1.63874E-4 2.86439E-4 1.77052E-4 2.7762E-4 1.97869E-4 3.49918E-4 4.42112E-4 9.42933E-4 1.42146E-3 2.18344E-3 1.83061E-3 1.8939E-3 1.9624E-3 1.52522E-3 1.40294E-3 1.25036E-3 -9999 -9999 3.47193E-4 9.19065E-5 8.13933E-5 1.27959E-4 4.19237E-4 6.12663E-4 1.00195E-3 2.14702E-3 -9999 -9999 -9999 -9999 -9999 -9999 -9999 -9999 -9999
-9999 -9999 -9999 9.62948E-3 1.82379E-2 7.41178E-3 3.17105E-2 5.56085E-2 9.59799E-2 5.96131E-2 -9999 2.28786E-2 2.0935E-2 6.89794E-3 3.27991E-3 6.4968E-4 4.09936E-4 4.08711E-4 6.35206E-4 4.83497E-4 3.06019E-4 5.72494E-4 4.51836E-4 4.50632E-4 3.45526E-4 9.22105E-4 1.29227E-3 2.52476E-4 9.93022E-5 2.17531E-4 3.35639E-4 8.76166E-5 1.18331E-4 1.48098E-4 4.60637E-4 5.48688E-4 4.50281E-4 2.13476E-4 1.55109E-4 1.68873E-4 2.15754E-4 1.46773E-4 3.60424E-4 5.19786E-4 3.89738E-4 2.03456E-4 3.16169E-4 3.61306E-4 7.54713E-4 1.27044E-3 1.47309E-3 1.03159E-3 1.447E-3 1.45898E-3 1.9352E-3 1.30759E-3 1.26022E-3 -9999 -9999 2.77797E-4 1.44366E-4 8.31017E-5 9.59235E-5 8.04652E-5 3.20642E-4 7.15957E-4 2.34833E-3 -9999 -9999 -9999 -9999 -9999 -9999 -9999 -9999 -9999
