ENM/Final_Models/M_1_F_q_Set_1_EC/Gustavia_santanderiensis_2_Choco.asc
ncols         367
nrows         963
xllcorner     -78.6
yllcorner     0.65
cellsize      0.00833333333333323
NODATA_value  -9999
[rows 720 to 749 of 963, columns 134 to 200 of 367]
9.01403E-1 8.00972E-1 8.65006E-1 7.56049E-1 7.28017E-1 7.70987E-1 6.74337E-1 5.78731E-1 4.79667E-1 7.48943E-1 5.9413E-1 4.40105E-1 3.73235E-1 5.35245E-1 4.65756E-1 5.50895E-1 5.59659E-1 5.54944E-1 1.98039E-1 4.86402E-2 2.68993E-2 1.2212E-2 6.273E-3 2.55268E-3 1.57608E-3 1.00638E-2 2.99239E-2 9.42546E-2 1.72451E-1 1.08156E-1 1.28773E-1 4.9566E-2 3.50426E-2 2.81866E-2 2.24016E-2 1.9165E-2 2.02427E-2 3.01942E-1 3.11674E-1 5.73312E-1 8.03235E-1 1.73826E-1 4.65191E-2 5.44954E-2 1.0958E-1 1.53227E-1 1.05655E-1 3.98375E-1 3.41437E-1 8.22077E-2 1.66196E-1 2.27893E-1 1.43029E-1 5.81849E-2 6.05728E-2 7.51017E-2 6.89266E-2 5.97427E-2 5.89533E-2 1.71166E-2 9.92859E-3 1.0458E-2 3.97609E-4 8.96005E-5 1.86902E-4 8.91381E-4 3.79723E-4
7.93524E-1 9.20697E-1 7.0965E-1 7.79324E-1 7.88079E-1 7.87657E-1 5.72076E-1 7.63251E-1 6.41045E-1 4.88682E-1 5.03464E-1 4.9288E-1 3.09216E-1 3.08447E-1 2.66114E-1 4.67012E-1 6.05134E-1 5.46473E-1 2.8437E-1 3.42066E-2 3.30028E-2 3.38453E-2 2.57526E-2 8.4921E-3 3.46087E-3 1.84138E-2 6.55788E-2 9.87516E-2 9.39721E-2 7.34836E-2 6.25643E-2 3.0298E-2 1.77641E-2 8.33446E-3 2.82148E-3 5.39744E-3 1.33078E-2 7.6746E-2 3.33121E-1 6.18348E-1 8.09001E-1 3.72242E-1 2.61037E-1 3.74561E-1 2.79026E-1 4.21973E-1 4.18854E-1 6.42847E-1 1.88413E-1 6.77301E-2 1.28667E-1 1.11246E-1 1.54367E-1 7.42071E-2 6.35164E-2 1.96096E-2 4.11632E-2 4.62962E-2 2.6861E-2 2.76763E-2 1.81325E-2 6.54477E-3 1.4156E-3 7.88547E-5 7.35752E-5 3.43481E-4 8.76036E-5
8.63049E-1 8.76213E-1 7.76271E-1 8.71565E-1 7.17299E-1 7.69265E-1 4.46998E-1 7.60742E-1 7.54553E-1 6.80127E-1 6.84945E-1 6.47289E-1 4.15231E-1 3.96408E-1 3.01367E-1 5.186E-1 6.59164E-1 5.87402E-1 4.5299E-1 1.00126E-1 1.30558E-1 1.27029E-1 3.97657E-2 1.38915E-2 1.44582E-2 2.9397E-2 5.90223E-2 3.97316E-2 3.44415E-2 2.93519E-2 2.37173E-2 1.00434E-2 1.13652E-2 1.75822E-3 5.05118E-3 2.01588E-2 4.89291E-3 5.17504E-2 2.4022E-1 7.28233E-1 8.36545E-1 6.24987E-1 7.47055E-1 7.62163E-1 6.13082E-1 6.01073E-1 4.67925E-1 4.83262E-1 2.93499E-1 3.75866E-1 3.65782E-1 2.3559E-1 1.05736E-1 2.68163E-2 1.88431E-2 1.12358E-2 1.02535E-2 3.47153E-2 2.60808E-2 2.81918E-2 1.15309E-2 1.01808E-3 9.99353E-5 2.43E-5 3.82063E-5 1.44179E-4 6.79108E-5
8.43442E-1 8.57254E-1 7.85197E-1 5.37701E-1 5.81409E-1 4.84655E-1 5.03846E-1 3.83502E-1 4.98675E-1 4.86129E-1 5.77015E-1 4.54291E-1 5.09663E-1 2.94124E-1 4.94889E-1 5.67284E-1 5.66111E-1 5.78027E-1 3.21501E-1 3.28127E-1 2.22118E-1 1.63996E-1 8.70329E-2 5.93095E-2 3.13885E-2 1.31944E-2 1.54244E-2 1.76779E-2 9.27698E-3 9.17054E-3 9.48836E-3 1.69033E-3 2.91837E-3 2.51575E-3 4.74666E-3 3.68868E-2 2.00986E-2 6.49813E-2 3.94815E-1 8.62947E-1 5.78011E-1 1.39216E-1 2.19815E-1 4.67265E-1 2.42878E-1 8.97185E-2 3.95257E-2 3.93558E-2 2.80609E-1 2.38522E-1 4.06358E-2 2.66123E-1 1.53142E-1 4.01969E-2 6.70726E-3 6.0171E-3 1.96748E-2 2.74958E-2 1.94072E-2 5.69339E-3 5.03131E-4 7.32492E-5 4.38474E-5 6.41103E-5 1.00369E-4 3.45913E-5 1.38802E-5
8.52822E-1 8.45942E-1 7.35011E-1 5.29434E-1 4.48088E-1 4.49977E-1 4.53356E-1 4.31509E-1 4.86382E-1 3.13994E-1 3.06287E-1 2.96419E-1 5.66016E-1 5.2443E-1 5.05175E-1 4.84135E-1 5.55297E-1 4.77358E-1 2.43428E-1 2.08095E-1 1.1485E-1 6.78411E-2 7.50848E-2 4.65694E-2 1.46409E-2 6.65456E-3 3.23295E-3 4.18004E-3 8.47563E-3 4.64838E-3 2.09891E-3 7.16453E-4 9.81543E-3 4.34875E-2 2.21545E-2 3.99625E-2 5.71884E-2 1.81154E-1 2.42885E-1 8.31638E-1 6.14441E-1 1.43411E-1 1.04829E-1 1.41003E-1 3.47234E-2 1.29517E-2 1.1012E-2 2.07725E-2 8.63108E-2 7.46811E-2 1.11195E-2 8.31935E-2 1.99453E-1 4.40233E-2 1.66395E-2 1.55786E-2 4.87491E-2 1.76208E-2 2.60827E-3 1.19525E-3 5.55477E-4 2.06977E-4 1.14758E-4 4.46093E-4 6.4457E-4 4.45144E-4 3.66385E-5
7.35087E-1 7.2553E-1 6.83199E-1 7.28657E-1 6.55163E-1 3.98758E-1 2.68902E-1 3.18218E-1 3.65793E-1 4.88328E-1 4.15809E-1 4.80875E-1 6.17509E-1 5.89247E-1 4.5237E-1 5.2674E-1 5.21934E-1 4.47224E-1 5.44967E-1 4.18389E-1 2.89793E-1 1.04353E-1 6.80284E-2 2.79408E-2 2.00082E-2 2.16382E-2 1.38962E-2 8.07683E-3 1.14635E-2 1.34E-2 8.63188E-3 9.97001E-3 2.36379E-2 6.11206E-2 1.3178E-1 3.51365E-2 7.34746E-2 2.92653E-1 5.05269E-1 8.16343E-1 8.0833E-1 5.61116E-1 4.61725E-1 2.37709E-1 3.09057E-2 1.22175E-2 1.83746E-3 8.76717E-3 3.09895E-2 2.63908E-2 2.33219E-2 1.36913E-1 1.84112E-1 1.81945E-1 1.10269E-1 6.7107E-2 4.71255E-2 1.22664E-2 3.60559E-3 1.09408E-3 1.31877E-4 5.35498E-4 6.34418E-4 1.29523E-3 9.90395E-4 9.75203E-5 3.11815E-5
5.75658E-1 6.13507E-1 5.9759E-1 6.94906E-1 5.62449E-1 3.22438E-1 3.71656E-1 3.61971E-1 2.95432E-1 4.01224E-1 3.13064E-1 4.38953E-1 4.74434E-1 3.99929E-1 3.54338E-1 3.15453E-1 2.21329E-1 2.69662E-1 3.10983E-1 3.42167E-1 3.93551E-1 1.69544E-1 8.62845E-2 5.8623E-2 5.59977E-2 4.16953E-2 1.77317E-2 4.64399E-3 1.1008E-2 9.95302E-3 1.15838E-2 3.35898E-2 2.00658E-2 4.03086E-2 6.21059E-2 9.75409E-2 2.77342E-1 4.39435E-1 7.81824E-1 7.04188E-1 6.58696E-1 8.66086E-1 6.29611E-1 1.32733E-1 3.58624E-2 1.36597E-2 1.55965E-3 1.69916E-3 2.16854E-3 4.50947E-3 6.15573E-2 3.41423E-2 6.90721E-2 2.2449E-1 1.23185E-1 5.8984E-2 4.42248E-2 1.00241E-2 2.99595E-3 7.06224E-4 6.34853E-4 7.67156E-3 6.85716E-3 6.26044E-3 1.46084E-3 1.63199E-4 4.07604E-5
7.5945E-1 4.83585E-1 5.72034E-1 3.92987E-1 4.52056E-1 5.37032E-1 4.62596E-1 3.59473E-1 3.41937E-1 2.36815E-1 2.2092E-1 2.68004E-1 3.71232E-1 3.37165E-1 2.94572E-1 1.79872E-1 1.0817E-1 1.24052E-1 1.008E-1 1.30236E-1 1.425E-1 1.62564E-1 1.67312E-1 1.11869E-1 4.49076E-2 1.41207E-2 7.58422E-3 2.41563E-3 4.6698E-3 1.17099E-2 1.37944E-2 3.82121E-2 6.35935E-2 8.44267E-2 1.63985E-1 3.89488E-1 3.54744E-1 7.19822E-1 4.30253E-1 9.95717E-2 2.55835E-1 5.46691E-1 6.34526E-1 1.8854E-1 3.16629E-2 6.81967E-3 1.53837E-2 1.15406E-2 8.71255E-3 2.61469E-3 8.34713E-3 7.98313E-3 3.31909E-2 5.39213E-2 1.45476E-1 9.97682E-2 3.2356E-2 1.50468E-2 1.94549E-3 5.84015E-3 7.66847E-3 1.5448E-2 9.36002E-3 2.11564E-3 1.84394E-3 1.00467E-4 8.32297E-6
6.31501E-1 4.94279E-1 5.58133E-1 3.44535E-1 2.96177E-1 4.87862E-1 3.88043E-1 4.35403E-1 2.81029E-1 2.31672E-1 1.24522E-1 1.97287E-1 3.51704E-1 3.5847E-1 2.83924E-1 2.33758E-1 1.61216E-1 9.09989E-2 1.47109E-1 1.03018E-1 1.01748E-1 1.14182E-1 7.47225E-2 4.80888E-2 9.63173E-3 1.1238E-3 4.6178E-4 7.68341E-4 3.47863E-3 8.70157E-3 2.14119E-2 1.27579E-1 1.8717E-1 1.33459E-1 1.38598E-1 4.82876E-1 6.5011E-1 5.85403E-1 2.77904E-1 6.98895E-2 3.61477E-2 1.26074E-1 2.39668E-1 6.37784E-1 1.27673E-1 3.70981E-2 4.62151E-2 4.09922E-2 5.68627E-3 1.92067E-3 9.2283E-4 5.38704E-3 3.85177E-2 9.64458E-2 1.04131E-1 1.536E-1 4.46656E-2 9.71776E-3 2.00227E-2 3.13668E-2 2.80629E-2 7.70448E-3 6.536E-4 1.21359E-3 3.50154E-4 3.2055E-4 7.74665E-6
4.51745E-1 5.37023E-1 5.3424E-1 3.28265E-1 3.02067E-1 6.46707E-1 3.80403E-1 4.93693E-1 3.00719E-1 1.23756E-1 9.17516E-2 1.27532E-1 2.23195E-1 2.25461E-1 2.11281E-1 1.74315E-1 1.80111E-1 1.18839E-1 7.71858E-2 8.53976E-2 7.24634E-2 9.66061E-2 3.78711E-2 2.12396E-2 7.36719E-3 2.26352E-3 1.29927E-3 3.45515E-3 5.05851E-3 1.93321E-2 3.2135E-2 6.91547E-2 1.02244E-1 2.66454E-1 5.02224E-1 7.20343E-1 5.14368E-1 1.19206E-1 3.58111E-2 4.29933E-2 1.84792E-2 4.91753E-2 3.57262E-1 6.40571E-1 2.8573E-1 1.85594E-1 1.29228E-1 1.00275E-2 3.35677E-3 5.63279E-4 1.22729E-4 2.69513E-3 1.09476E-2 1.83659E-2 2.02269E-2 1.18607E-1 6.53701E-2 3.40895E-2 3.78239E-2 1.78597E-2 5.19153E-3 1.32968E-3 1.20943E-4 3.90032E-4 2.9803E-4 4.45051E-5 1.23713E-5
5.43307E-1 5.08171E-1 3.86572E-1 2.56264E-1 4.11915E-1 4.43592E-1 5.11389E-1 5.76068E-1 2.5049E-1 1.16353E-1 1.41076E-1 1.78028E-1 2.06777E-1 1.4645E-1 9.12174E-2 1.13727E-1 9.56087E-2 5.7071E-2 6.25483E-2 1.11053E-1 1.52215E-1 1.29255E-1 2.70718E-2 1.04784E-2 1.01701E-2 8.97042E-3 5.91839E-3 5.38548E-3 5.27576E-3 1.05456E-2 7.0581E-3 1.94794E-2 3.27616E-2 9.63794E-2 5.52994E-1 6.46947E-1 1.81725E-1 2.07854E-2 3.19873E-3 9.154E-3 1.06343E-2 1.69955E-2 1.58725E-1 3.51228E-1 5.54328E-1 3.65177E-1 4.8416E-2 4.5834E-3 4.96543E-3 7.75378E-4 4.84802E-4 4.88389E-4 5.94938E-4 1.35812E-3 1.63936E-2 5.67336E-2 3.03871E-2 4.2426E-2 3.75173E-2 9.72972E-3 3.80756E-3 8.8309E-4 5.33366E-4 2.01105E-4 1.04701E-4 4.1778E-6 5.27574E-6
5.64547E-1 5.11767E-1 3.86277E-1 2.41418E-1 3.72206E-1 3.48332E-1 6.57254E-1 5.02256E-1 3.71496E-1 2.57242E-1 1.36875E-1 1.26219E-1 2.20463E-1 2.1609E-1 1.30218E-1 1.93898E-1 1.82829E-1 1.93134E-1 1.12516E-1 1.64625E-1 7.39211E-2 4.64397E-2 2.48798E-2 9.81641E-3 6.81669E-3 5.51957E-3 6.33043E-3 6.80667E-3 1.06145E-2 9.70917E-3 6.2151E-3 2.87104E-2 7.77064E-2 2.72429E-1 6.31566E-1 4.69955E-1 1.09854E-1 1.27287E-2 2.00291E-3 5.49008E-3 1.6155E-2 8.95338E-2 1.34234E-1 1.44882E-1 3.82919E-1 1.69829E-1 2.14347E-2 1.32081E-2 3.20717E-3 1.53032E-3 1.90151E-3 3.50916E-3 1.144E-3 1.23785E-3 1.19694E-2 2.52425E-2 1.02549E-2 1.94173E-2 2.83357E-2 1.26351E-2 7.94924E-3 6.83304E-3 2.25202E-3 1.0861E-3 8.96777E-6 1.02363E-5 3.46699E-6
4.37991E-1 4.78375E-1 1.5941E-1 9.08002E-2 1.14463E-1 2.86667E-1 4.38233E-1 4.35633E-1 4.90158E-1 4.03784E-1 2.20583E-1 1.74194E-1 2.05351E-1 1.58848E-1 1.63079E-1 1.3082E-1 1.04196E-1 1.01958E-1 8.55692E-2 1.80464E-1 3.21325E-2 9.48746E-3 1.16974E-2 1.17524E-2 7.04082E-3 5.96343E-3 1.23355E-2 1.4567E-2 3.47011E-2 1.77839E-2 9.11488E-3 4.00857E-2 1.08115E-1 6.06463E-1 5.03717E-1 1.18464E-1 1.27294E-1 3.30736E-2 7.64978E-3 1.29975E-2 4.24096E-2 5.62196E-2 7.04574E-2 1.88377E-2 1.6803E-2 9.38244E-2 2.37187E-1 1.2132E-1 3.03015E-2 9.31789E-3 1.19753E-2 1.41745E-2 4.38691E-3 4.91167E-3 3.21931E-3 5.46494E-3 4.07338E-3 1.30346E-2 7.60096E-3 2.10653E-2 2.37228E-3 1.4863E-3 4.6537E-5 5.37096E-5 7.7551E-6 2.15881E-6 1.52198E-6
2.99947E-1 1.70888E-1 9.67462E-2 1.21788E-1 1.65593E-1 2.98234E-1 3.26319E-1 4.31226E-1 5.16689E-1 4.40721E-1 2.4077E-1 1.81457E-1 9.48147E-2 1.25423E-1 7.80333E-2 1.16482E-1 1.0099E-1 5.81237E-2 5.43515E-2 7.2126E-2 1.09664E-2 6.61303E-3 6.8185E-3 9.13905E-3 6.18162E-3 4.4823E-3 6.54912E-3 1.58961E-2 2.98549E-2 1.24516E-1 1.08299E-1 2.0926E-1 3.64041E-1 5.57724E-1 2.87196E-1 3.30979E-2 2.33517E-2 1.41741E-2 5.78681E-3 2.35506E-3 8.12186E-3 1.48085E-2 6.48893E-2 9.49303E-3 3.36645E-2 6.68831E-2 1.34874E-1 3.74839E-1 6.66615E-2 4.00185E-2 2.79289E-2 2.13592E-2 1.21515E-2 3.92651E-3 2.31032E-3 1.86214E-3 1.81177E-3 6.41533E-3 1.55284E-3 1.0508E-2 1.05473E-2 2.95417E-3 2.36883E-4 1.15354E-5 5.49909E-7 5.37604E-6 6.2706E-6
2.31396E-1 1.27354E-1 1.60938E-1 1.32387E-1 1.4444E-1 1.75822E-1 1.3324E-1 2.91705E-1 5.13206E-1 4.41861E-1 2.98042E-1 1.02034E-1 8.88962E-2 1.18387E-1 1.2523E-1 8.03387E-2 5.45121E-2 3.55626E-2 7.34789E-3 1.06327E-2 2.25745E-3 4.26343E-3 5.09551E-3 2.30294E-3 3.29013E-3 2.85612E-3 3.93722E-3 9.21459E-3 9.84518E-3 8.15648E-2 1.57685E-1 4.02337E-1 4.79764E-1 3.66629E-1 1.0806E-1 4.7862E-2 4.67174E-2 1.78153E-2 8.728E-3 2.78464E-4 3.54417E-4 3.00683E-3 6.45287E-3 5.74119E-3 1.92124E-2 3.36602E-3 2.2089E-2 2.93456E-1 1.59E-2 1.88894E-2 1.16924E-2 1.973E-3 1.15699E-3 5.62556E-4 2.262E-3 5.32498E-4 4.54617E-4 1.03391E-3 2.92097E-4 4.65333E-3 3.14979E-3 6.54802E-4 5.0155E-4 2.30128E-5 8.05288E-7 4.60491E-6 1.63896E-5
2.74615E-1 1.2622E-1 1.1246E-1 1.31724E-1 1.78918E-1 2.01625E-1 1.4157E-1 1.7744E-1 3.27366E-1 2.95299E-1 1.09067E-1 5.36126E-2 6.91027E-2 1.30449E-1 9.96773E-2 2.75575E-2 3.95831E-2 2.91105E-2 6.24396E-3 1.60052E-3 5.87258E-4 2.49029E-4 2.31649E-4 3.2318E-4 2.49287E-3 5.86212E-4 7.40917E-4 4.23707E-3 1.26914E-2 2.29125E-2 1.05819E-1 4.91109E-1 4.57778E-1 6.84884E-2 8.60714E-3 2.93417E-3 5.87832E-3 2.21018E-2 1.1211E-2 2.12094E-3 1.56471E-4 1.81499E-4 2.0683E-4 2.31004E-4 1.15916E-3 8.60181E-4 1.94972E-2 2.06614E-1 3.12666E-2 3.31892E-4 3.27927E-4 6.55677E-4 2.51631E-4 3.02989E-3 6.00861E-3 1.60996E-3 1.16815E-4 5.47547E-5 3.47544E-5 2.18865E-3 1.01889E-3 4.84189E-5 2.70344E-5 6.6996E-6 3.14939E-6 5.05868E-6 8.99681E-6
2.53867E-1 1.9677E-1 1.2788E-1 1.28361E-1 1.80994E-1 1.34795E-1 9.17951E-2 2.10419E-1 1.99761E-1 1.37657E-1 9.47278E-2 5.51659E-2 1.11377E-1 8.55346E-2 5.40408E-2 1.22379E-2 7.09721E-3 1.56187E-2 9.45597E-3 3.91593E-3 1.41798E-4 2.24684E-5 3.58301E-5 1.25463E-4 1.67751E-4 2.60731E-4 7.029E-4 5.28438E-3 7.27669E-3 7.92733E-3 7.87401E-2 3.70332E-1 4.03538E-1 9.61833E-2 5.19369E-3 6.31486E-4 5.81752E-4 8.30871E-3 2.55673E-3 7.95985E-4 1.59272E-4 1.48589E-5 8.48465E-6 1.89017E-5 9.31695E-5 3.3635E-4 7.36219E-3 7.67972E-2 9.64749E-2 8.90891E-4 4.72677E-4 5.80669E-4 1.76433E-3 4.6062E-3 6.12245E-3 2.96692E-3 4.99994E-4 1.28859E-5 7.56699E-6 3.05241E-5 2.0569E-4 6.32454E-5 2.89107E-6 5.51579E-6 2.93973E-6 1.63994E-6 9.17266E-6
1.70004E-1 2.06041E-1 1.15777E-1 1.3388E-1 1.16478E-1 1.20523E-1 1.00223E-1 1.63611E-1 1.72583E-1 7.17077E-2 6.84404E-2 6.98987E-2 5.90279E-2 3.78073E-2 1.54069E-2 1.73341E-3 8.7405E-4 5.42902E-3 2.75847E-3 4.01914E-4 3.42234E-5 5.59475E-6 3.3357E-6 1.05901E-5 1.00829E-5 5.87545E-5 1.34663E-3 5.11619E-3 1.00379E-2 2.06615E-2 4.20482E-2 2.3741E-1 3.9803E-1 3.3537E-1 2.66958E-2 1.08308E-2 1.86308E-3 9.95671E-4 1.07318E-3 1.69177E-4 5.66888E-5 2.47156E-5 1.79735E-5 3.9451E-4 7.62241E-3 4.40847E-3 9.78908E-3 3.75279E-2 2.78916E-1 2.6863E-2 1.35434E-2 1.60846E-2 2.78422E-2 9.66715E-3 2.72849E-3 8.62458E-4 3.70533E-4 8.29994E-6 1.62387E-6 4.63635E-6 6.17536E-6 3.45919E-6 2.16209E-6 4.50274E-6 3.42137E-6 1.45748E-6 1.39813E-6
2.01278E-1 1.59851E-1 7.76038E-2 4.50364E-2 5.87871E-2 1.03843E-1 1.13385E-1 1.03614E-1 5.47515E-2 3.42241E-2 3.15425E-2 5.01788E-2 3.46067E-2 4.52992E-2 2.71719E-2 4.17119E-3 1.0633E-4 3.75477E-4 2.0014E-4 3.49443E-5 9.04821E-6 1.97041E-6 1.21787E-6 3.30812E-6 1.29275E-6 1.575E-5 1.57482E-4 1.04774E-3 3.00598E-3 9.45419E-3 4.99379E-2 1.06902E-1 2.64089E-1 1.4964E-1 2.46169E-2 4.22278E-3 1.00903E-3 3.6709E-4 1.00632E-4 4.70692E-5 1.41278E-4 1.40023E-4 2.06732E-5 1.04585E-4 4.37937E-3 2.13655E-2 5.92688E-2 1.08679E-1 1.96045E-1 8.04847E-2 6.05649E-2 2.56333E-2 1.3498E-2 2.47362E-2 1.21753E-3 8.02014E-4 2.86705E-3 8.7427E-5 1.23178E-5 3.63406E-5 3.50266E-6 4.2125E-6 2.9304E-6 4.37352E-6 2.7093E-6 5.56041E-6 9.66579E-6
2.05031E-1 1.01612E-1 4.71263E-2 6.39328E-2 6.81031E-2 7.66672E-2 8.56755E-2 6.97216E-2 3.28508E-2 5.4665E-2 7.22787E-2 5.45051E-2 1.368E-2 4.3658E-3 1.04289E-2 3.89181E-3 8.59724E-5 5.75367E-5 3.25853E-5 4.51154E-6 1.30767E-6 1.91826E-6 2.66653E-6 2.64323E-6 5.80578E-7 2.62933E-5 2.35764E-5 1.54701E-4 3.17701E-3 1.35722E-2 9.59491E-2 2.3648E-1 1.47596E-1 2.35988E-2 5.08145E-3 1.78911E-3 4.79045E-4 1.32117E-3 2.87632E-4 1.20796E-4 1.97213E-4 7.82207E-4 4.97143E-5 2.95323E-5 6.63969E-4 1.10216E-2 1.67023E-2 8.41645E-2 4.28885E-2 1.24382E-1 2.34887E-2 4.09019E-3 5.54134E-3 7.65494E-3 8.14233E-3 2.04246E-3 1.56149E-3 7.52819E-4 2.04132E-4 1.54195E-4 1.18688E-5 4.25025E-6 5.04043E-6 3.44821E-6 4.32007E-6 1.03155E-5 1.31169E-5
1.11585E-1 6.08418E-2 3.48698E-2 5.1359E-2 4.49787E-2 6.07959E-2 8.74066E-2 5.99645E-2 5.53905E-2 7.97939E-2 9.64753E-2 4.42428E-2 4.73099E-3 2.45797E-4 4.46868E-4 9.80935E-5 4.56583E-5 1.88726E-5 3.94742E-6 6.55246E-7 1.35047E-6 2.64653E-6 2.80912E-6 2.11406E-6 5.03604E-7 5.35549E-5 3.67889E-4 2.87515E-4 2.71125E-3 2.36065E-2 1.24316E-1 1.76428E-1 3.42097E-2 9.71403E-3 2.86716E-3 2.51105E-3 6.76068E-3 3.15568E-3 1.19632E-3 1.15624E-3 1.553E-3 1.33542E-3 1.22975E-4 3.83257E-5 2.24461E-4 3.10614E-3 1.66045E-2 5.28056E-2 4.35964E-2 7.32977E-2 1.63392E-2 2.7524E-3 2.44853E-3 6.56816E-3 3.56276E-3 3.4903E-3 7.81691E-4 3.63016E-5 7.26651E-5 3.63523E-5 9.95476E-6 5.00322E-6 5.70437E-6 4.19065E-6 7.05003E-6 5.59539E-6 9.60713E-6
9.45124E-2 7.27854E-2 1.9178E-2 3.10459E-2 5.03634E-2 7.72935E-2 3.26204E-2 1.9618E-2 4.7977E-2 4.64393E-2 2.77554E-2 1.11346E-2 2.46352E-3 7.05457E-5 2.18603E-5 2.74565E-5 6.66564E-6 1.7027E-5 5.11307E-6 5.13917E-7 5.88623E-7 1.23657E-6 2.13792E-6 1.96358E-6 1.14099E-5 4.43905E-4 8.9068E-4 3.24352E-3 8.9735E-3 3.55336E-2 1.34004E-1 7.33666E-2 1.09651E-2 7.60976E-3 9.1892E-3 8.21853E-3 1.22184E-2 8.09449E-3 4.27398E-3 6.77978E-3 4.25425E-3 9.8146E-4 1.41096E-4 5.75587E-4 2.3997E-3 3.41384E-3 2.39872E-2 5.06508E-2 1.97286E-2 5.15639E-2 1.45724E-2 7.43018E-3 1.83542E-3 4.90435E-3 3.68425E-3 4.18345E-4 1.50679E-4 4.60154E-6 1.26046E-6 1.5511E-5 8.14376E-6 2.90848E-6 4.09795E-6 5.43793E-6 6.10765E-6 9.22561E-6 7.40087E-6
1.12326E-1 7.03268E-2 3.51947E-2 3.00947E-2 5.03104E-2 9.6067E-2 2.6864E-2 1.31083E-2 3.75653E-2 4.33059E-2 2.49146E-2 2.03949E-2 4.89601E-3 2.81763E-4 1.15501E-4 1.64375E-4 5.76047E-5 3.69692E-5 2.0673E-6 2.15884E-6 2.88837E-5 3.12764E-5 4.90777E-5 7.59413E-6 6.93629E-5 1.94026E-4 8.81052E-4 6.60312E-3 2.38912E-2 2.59145E-2 4.05924E-2 7.09938E-2 3.08242E-2 2.63293E-2 2.87846E-2 2.8558E-2 1.92726E-2 5.16642E-3 2.81982E-3 1.94402E-3 3.65221E-4 5.25958E-4 1.72999E-4 3.11008E-3 1.66059E-2 1.33534E-2 2.9554E-2 1.37218E-2 3.08527E-2 2.61128E-2 8.34184E-3 2.39116E-3 7.0147E-4 1.9065E-3 5.17698E-3 1.02176E-3 3.81307E-4 1.45673E-5 3.92326E-6 2.61899E-6 3.30957E-6 2.51585E-6 3.40292E-6 5.79718E-6 1.46741E-5 1.62471E-5 6.35469E-6
1.18497E-1 1.00725E-1 4.94189E-2 1.45285E-2 3.48437E-2 5.1991E-2 6.82682E-2 2.18789E-2 2.26429E-2 3.26225E-2 2.81177E-2 4.0159E-2 1.70132E-2 6.11565E-3 8.06895E-4 6.5745E-4 1.14467E-4 3.5767E-5 1.67834E-5 7.21463E-6 9.86468E-5 8.51857E-5 1.14195E-4 1.90751E-5 1.27934E-4 4.65814E-4 8.54999E-4 8.75405E-3 1.62318E-2 3.04291E-2 7.67651E-2 6.136E-2 1.17148E-2 5.0773E-3 4.62099E-3 5.2538E-3 8.87957E-3 7.49308E-3 8.31762E-3 3.05075E-3 7.65686E-4 6.34841E-5 1.11162E-4 1.60711E-3 5.43198E-3 3.86394E-2 1.33026E-2 6.18782E-3 2.76851E-2 2.48635E-2 1.40002E-2 5.08752E-3 2.93957E-4 2.83001E-4 1.32919E-3 5.11564E-4 2.28941E-4 7.88363E-6 2.52561E-6 3.6748E-6 4.58557E-6 5.69325E-6 5.05985E-6 6.41857E-6 1.03601E-5 1.11038E-5 1.43124E-5
7.84467E-2 6.7707E-2 2.59393E-2 1.32614E-2 1.73681E-2 3.79866E-2 3.17281E-2 3.98304E-2 2.54386E-2 1.26654E-2 8.53912E-3 7.07336E-3 7.98919E-3 1.66476E-3 8.77319E-5 8.65231E-5 1.93641E-4 2.27205E-4 1.36403E-5 9.4194E-6 1.58266E-5 1.73688E-4 4.93449E-4 7.43211E-4 9.48458E-4 5.81117E-4 4.72172E-3 8.5517E-3 1.43939E-2 2.43193E-2 6.33818E-2 3.41615E-2 1.97644E-2 1.28394E-3 6.05627E-4 4.58132E-3 6.50173E-3 1.71927E-3 3.13046E-3 3.84654E-3 3.07632E-4 5.22616E-5 9.70558E-5 1.6507E-3 8.75377E-3 1.98138E-2 3.81055E-3 3.29289E-3 1.96802E-2 9.70677E-3 2.64249E-3 8.37572E-3 5.82309E-4 9.5669E-5 5.68716E-4 7.21256E-4 7.84103E-4 3.97664E-5 6.7744E-6 3.78775E-6 6.13274E-6 3.28499E-6 3.69559E-6 3.2934E-6 1.89654E-5 8.13154E-6 2.21832E-5
4.83207E-2 7.00363E-2 2.00587E-2 9.32392E-3 6.64333E-3 1.2151E-2 2.06694E-2 3.00575E-2 1.79899E-2 3.44611E-3 2.90325E-4 1.20796E-3 3.86649E-3 5.64486E-4 4.60187E-5 2.84064E-5 1.68519E-5 3.76678E-5 1.49231E-5 5.71074E-6 3.98283E-6 1.00747E-5 4.65985E-5 6.0754E-4 2.0482E-3 4.01219E-3 9.6276E-3 1.30062E-2 2.47274E-2 2.77147E-2 3.74664E-2 1.55268E-2 2.9791E-3 4.84681E-3 1.33351E-3 4.00872E-4 2.19692E-3 1.29763E-3 3.59092E-4 2.48779E-3 4.86753E-4 7.35932E-5 8.05996E-5 1.11306E-3 4.0169E-3 3.17135E-3 8.63669E-4 6.43965E-3 4.37018E-2 1.00341E-2 2.20524E-3 3.13491E-3 1.77298E-3 3.26758E-4 7.0762E-5 1.09086E-4 3.15358E-4 2.48509E-5 5.58912E-6 4.40709E-6 3.0224E-6 3.42452E-6 4.40326E-6 5.49518E-6 5.22152E-6 1.74543E-5 1.69083E-5
3.89965E-2 4.92353E-2 1.01731E-2 3.60433E-3 2.13531E-3 8.1861E-3 2.08679E-2 1.52644E-2 2.06282E-2 6.61735E-3 5.30433E-4 8.95218E-5 8.14013E-4 3.62823E-4 1.46438E-4 8.37151E-5 1.41111E-5 2.05528E-5 6.50173E-6 2.16088E-6 6.30021E-7 4.87026E-6 8.28915E-5 4.52599E-4 2.1197E-3 3.22039E-3 1.01826E-2 8.21038E-3 2.91012E-2 2.74487E-2 8.98972E-3 8.0247E-3 1.36385E-3 7.55832E-4 5.4199E-4 2.016E-4 3.75736E-4 3.20982E-4 1.53036E-4 5.97479E-4 1.35554E-4 1.77224E-5 2.19888E-5 1.55038E-4 3.30144E-4 3.28286E-4 2.86749E-3 5.4147E-3 2.03835E-2 2.70385E-3 4.56168E-4 1.26154E-3 1.0117E-3 1.88661E-4 2.9196E-5 4.72226E-5 5.24403E-5 1.4394E-5 3.97059E-6 1.13489E-6 9.60592E-6 6.81257E-6 8.69843E-6 7.54598E-6 1.0331E-5 6.08187E-6 3.31563E-5
2.34075E-2 3.48838E-2 1.43713E-2 2.20262E-3 2.94059E-3 8.61795E-3 1.11477E-2 2.11375E-3 5.941E-3 1.17251E-2 2.05569E-3 4.57786E-5 1.87505E-5 8.48983E-6 5.12124E-5 8.72875E-6 6.52537E-6 1.7573E-6 6.23271E-7 4.91439E-7 7.02495E-7 1.47947E-5 1.60007E-4 4.4891E-4 1.30412E-3 3.01814E-3 7.41952E-3 9.80028E-3 2.17437E-2 1.81295E-2 1.04336E-2 8.22913E-3 5.97643E-4 8.91979E-5 4.85392E-5 2.40601E-5 1.83734E-5 1.15817E-5 2.13139E-5 9.95247E-6 2.19092E-5 9.49181E-6 1.07646E-5 1.64846E-5 3.79568E-4 2.15285E-3 4.14581E-3 7.81664E-3 8.44434E-3 3.36499E-3 5.43106E-4 2.56613E-4 3.19721E-4 1.4583E-4 1.84178E-5 2.32593E-5 2.28669E-5 9.91676E-6 4.53045E-6 5.36723E-6 9.07186E-6 1.16632E-5 1.18913E-5 1.39397E-5 2.07199E-5 2.71098E-5 1.79218E-5
2.02939E-2 4.58032E-3 2.31739E-3 2.67198E-3 4.23172E-3 4.65049E-3 4.59366E-3 9.97206E-4 5.52694E-4 3.78722E-3 2.00939E-3 6.9742E-5 1.11963E-5 2.43573E-6 6.43065E-6 4.43077E-6 2.24238E-6 7.45126E-7 5.4846E-7 1.03356E-6 8.48317E-6 5.60554E-5 9.18328E-5 3.33289E-4 6.48229E-4 4.11255E-3 4.44999E-3 8.46142E-3 8.11186E-3 1.72903E-2 2.26407E-2 2.54629E-2 1.02907E-2 1.96079E-3 1.75347E-4 1.04813E-4 2.87713E-5 3.43151E-5 4.30833E-5 3.17103E-5 9.40081E-6 1.20607E-5 7.98794E-5 2.39956E-4 1.67949E-4 1.53554E-3 9.59119E-3 5.41678E-3 1.09983E-2 2.90062E-3 8.53221E-4 1.12801E-3 4.64265E-5 6.73557E-5 3.92741E-6 6.23228E-6 5.82551E-6 3.8601E-6 4.28508E-6 5.92036E-6 6.24929E-6 3.31561E-5 3.92104E-5 1.3612E-5 1.8062E-5 3.14836E-5 4.60165E-5
2.72756E-3 1.27899E-3 4.63437E-4 4.24707E-4 1.96116E-3 1.30574E-3 1.00064E-3 8.73955E-5 4.1454E-5 5.08299E-4 1.5634E-3 6.94532E-5 8.03582E-6 6.39895E-6 5.55115E-6 1.50273E-6 1.27536E-6 2.07631E-6 1.84807E-6 2.69216E-5 2.63358E-5 1.09501E-4 1.45455E-4 2.58619E-4 1.31131E-3 2.98524E-3 1.53576E-3 1.10508E-3 1.32893E-3 4.23151E-3 1.22797E-2 3.54099E-2 1.61299E-2 1.45523E-3 1.13479E-3 3.95296E-4 3.82424E-4 1.86504E-4 3.97625E-5 1.93958E-5 1.40367E-5 7.80816E-6 9.04077E-5 1.24768E-3 2.48069E-3 4.58965E-3 9.60824E-3 2.83209E-3 4.38932E-3 2.85391E-3 1.92126E-3 9.22476E-4 6.16008E-5 8.29893E-6 5.28973E-6 4.32591E-6 3.65417E-6 2.01292E-6 2.75742E-6 5.09763E-6 9.8951E-6 1.61605E-5 1.81553E-5 2.00143E-5 3.01731E-5 1.78952E-5 4.2105E-5
