ENM/Final_Models/M_1_F_q_Set_1_EC/Gustavia_santanderiensis_0_Choco.asc
ncols         367
nrows         963
xllcorner     -78.6
yllcorner     0.65
cellsize      0.00833333333333323
NODATA_value  -9999
[rows 420 to 449 of 963, columns 134 to 200 of 367]
-9999 -9999 -9999 -9999 -9999 -9999 -9999 -9999 -9999 -9999 -9999 -9999 -9999 -9999 -9999 -9999 -9999 -9999 -9999 -9999 8.22537E-1 9.0001E-1 8.52356E-1 9.19423E-1 9.87917E-1 9.98993E-1 9.97247E-1 9.99445E-1 9.99756E-1 9.99977E-1 9.99966E-1 9.99989E-1 9.99485E-1 9.98864E-1 9.93139E-1 9.94893E-1 9.73614E-1 9.49461E-1 9.88344E-1 9.32494E-1 9.6932E-1 8.59353E-1 8.78151E-1 9.13213E-1 9.80894E-1 9.35665E-1 9.34194E-1 9.87976E-1 9.55816E-1 9.45064E-1 8.21654E-1 9.65834E-1 9.28281E-1 9.95756E-1 9.97975E-1 9.78895E-1 9.64176E-1 9.66447E-1 9.6457E-1 9.92749E-1 9.07366E-1 9.30664E-1 9.37787E-1 9.39007E-1 9.95361E-1 9.94559E-1 9.99528E-1
-9999 -9999 -9999 -9999 -9999 -9999 -9999 -9999 -9999 -9999 -9999 -9999 -9999 -9999 -9999 -9999 -9999 -9999 -9999 -9999 8.60097E-1 8.83888E-1 7.632E-1 3.63776E-1 6.12297E-1 6.79917E-1 9.39825E-1 9.93405E-1 9.99529E-1 9.99981E-1 9.99701E-1 9.99329E-1 9.71111E-1 9.69105E-1 9.71922E-1 9.74232E-1 9.99874E-1 9.99292E-1 9.27479E-1 9.55355E-1 8.74849E-1 9.51533E-1 9.36362E-1 8.95617E-1 9.27396E-1 9.69025E-1 9.80175E-1 8.86675E-1 9.45909E-1 9.6353E-1 9.84625E-1 9.9656E-1 9.96005E-1 9.94333E-1 9.9171E-1 9.9639E-1 9.98496E-1 8.53092E-1 8.19378E-1 8.73055E-1 9.51384E-1 9.80232E-1 9.50975E-1 9.60319E-1 9.95555E-1 9.95075E-1 9.99708E-1
-9999 -9999 -9999 -9999 -9999 -9999 -9999 -9999 -9999 -9999 -9999 -9999 -9999 -9999 -9999 -9999 -9999 -9999 -9999 -9999 8.89611E-1 8.76667E-1 9.29324E-1 9.09989E-1 9.11951E-1 9.44705E-1 8.55201E-1 8.60354E-1 9.9002E-1 9.91091E-1 9.84344E-1 9.93185E-1 9.94471E-1 9.29062E-1 9.98968E-1 9.98151E-1 9.91529E-1 9.80157E-1 8.79552E-1 9.55802E-1 9.11678E-1 9.31242E-1 9.75196E-1 9.22905E-1 8.16876E-1 9.72013E-1 9.65735E-1 9.11293E-1 8.80673E-1 9.62365E-1 9.92412E-1 9.84976E-1 9.96722E-1 9.99823E-1 9.89899E-1 9.77123E-1 9.66573E-1 9.08271E-1 9.81322E-1 9.39626E-1 9.59609E-1 9.84445E-1 9.96016E-1 9.96632E-1 9.98545E-1 9.98262E-1 9.87277E-1
-9999 -9999 -9999 -9999 -9999 -9999 -9999 -9999 -9999 -9999 -9999 -9999 -9999 -9999 -9999 -9999 -9999 -9999 -9999 -9999 -9999 9.98907E-1 9.91643E-1 9.59564E-1 9.48455E-1 9.85163E-1 9.93944E-1 8.92645E-1 9.7397E-1 9.96964E-1 9.98427E-1 9.96074E-1 9.94747E-1 9.95839E-1 9.91978E-1 9.99751E-1 9.98899E-1 9.64913E-1 9.06249E-1 8.31022E-1 7.94705E-1 9.13609E-1 9.90892E-1 9.91717E-1 9.42958E-1 7.44452E-1 6.24516E-1 8.82402E-1 9.82462E-1 9.70544E-1 9.95999E-1 9.92858E-1 9.81685E-1 9.99228E-1 9.99731E-1 9.75647E-1 9.98129E-1 9.81439E-1 9.45109E-1 8.68295E-1 9.94513E-1 9.99307E-1 9.98647E-1 9.9458E-1 9.99763E-1 9.98899E-1 9.99802E-1
-9999 -9999 -9999 -9999 -9999 -9999 -9999 -9999 -9999 -9999 -9999 -9999 -9999 -9999 -9999 -9999 -9999 -9999 -9999 -9999 -9999 9.05231E-1 9.38205E-1 8.62202E-1 9.92111E-1 9.93006E-1 9.8464E-1 9.79897E-1 8.97372E-1 9.27853E-1 9.98338E-1 9.99444E-1 9.99749E-1 9.89994E-1 9.99613E-1 9.99981E-1 9.99959E-1 9.86353E-1 9.32159E-1 9.87465E-1 9.78564E-1 9.73998E-1 9.73741E-1 9.91251E-1 9.4278E-1 9.61358E-1 8.00168E-1 7.77392E-1 9.9303E-1 9.87259E-1 9.9934E-1 9.98865E-1 9.99596E-1 9.97565E-1 9.99775E-1 9.80488E-1 9.73084E-1 9.82847E-1 9.65549E-1 9.94589E-1 9.92057E-1 9.99281E-1 9.99298E-1 9.99727E-1 9.9799E-1 9.92111E-1 9.69849E-1
-9999 -9999 -9999 -9999 -9999 -9999 -9999 -9999 -9999 -9999 -9999 -9999 -9999 -9999 -9999 -9999 -9999 -9999 -9999 -9999 -9999 5.29891E-1 4.76388E-1 9.6475E-1 9.77667E-1 9.88569E-1 9.75316E-1 9.01137E-1 7.89546E-1 8.99291E-1 9.88981E-1 9.99884E-1 9.97163E-1 9.94673E-1 9.93624E-1 9.99973E-1 9.99949E-1 9.85769E-1 9.90372E-1 9.6668E-1 9.26927E-1 9.71394E-1 9.32626E-1 9.83538E-1 9.92073E-1 9.80909E-1 9.41962E-1 9.38948E-1 9.91272E-1 9.99044E-1 9.98883E-1 9.91046E-1 9.97288E-1 9.96557E-1 9.95495E-1 9.85138E-1 9.87374E-1 9.80388E-1 9.96441E-1 9.86831E-1 9.72072E-1 9.91287E-1 9.98257E-1 9.99764E-1 9.9933E-1 9.99147E-1 9.96657E-1
-9999 -9999 -9999 -9999 -9999 -9999 -9999 -9999 -9999 -9999 -9999 -9999 -9999 -9999 -9999 -9999 -9999 -9999 -9999 -9999 -9999 7.89035E-1 8.10049E-1 9.61586E-1 9.42429E-1 8.55053E-1 9.80037E-1 7.23152E-1 8.38539E-1 8.90344E-1 9.91161E-1 9.99492E-1 9.89037E-1 9.97574E-1 9.99454E-1 9.99772E-1 9.99262E-1 9.97931E-1 9.87581E-1 9.93914E-1 9.56743E-1 9.33519E-1 9.22683E-1 9.83385E-1 9.51684E-1 9.82037E-1 9.8678E-1 9.92425E-1 9.95788E-1 9.93378E-1 9.68627E-1 9.9425E-1 9.96367E-1 9.9604E-1 9.99628E-1 9.88309E-1 9.96831E-1 9.46325E-1 9.9153E-1 9.66906E-1 9.94587E-1 9.82169E-1 9.97695E-1 9.99792E-1 9.98061E-1 9.9754E-1 9.82195E-1
-9999 -9999 -9999 -9999 -9999 -9999 -9999 -9999 -9999 -9999 -9999 -9999 -9999 -9999 -9999 -9999 -9999 -9999 -9999 -9999 -9999 7.16579E-1 7.77025E-1 8.59149E-1 9.07531E-1 9.97769E-1 9.89453E-1 9.98826E-1 9.97656E-1 7.99335E-1 9.9769E-1 9.9956E-1 9.96503E-1 9.88396E-1 9.96409E-1 9.99614E-1 9.97904E-1 9.91442E-1 9.9586E-1 9.91955E-1 9.7019E-1 9.59122E-1 9.31912E-1 9.45148E-1 9.81822E-1 9.93463E-1 9.91199E-1 9.98983E-1 9.82239E-1 9.82353E-1 9.57544E-1 9.98992E-1 9.98517E-1 9.9966E-1 9.99503E-1 9.97209E-1 9.60602E-1 9.82682E-1 9.85989E-1 9.92271E-1 9.88419E-1 9.23649E-1 9.3813E-1 9.99518E-1 9.93254E-1 9.98966E-1 9.98758E-1
-9999 -9999 -9999 -9999 -9999 -9999 -9999 -9999 -9999 -9999 -9999 -9999 -9999 -9999 -9999 -9999 -9999 -9999 -9999 -9999 -9999 6.07553E-1 7.58957E-1 9.63653E-1 7.80407E-1 9.82147E-1 9.96406E-1 9.134E-1 9.9129E-1 9.83888E-1 9.98387E-1 9.95244E-1 9.88106E-1 9.99407E-1 9.99691E-1 9.99188E-1 9.99732E-1 9.96468E-1 9.98881E-1 9.92935E-1 9.67512E-1 9.96872E-1 9.98651E-1 9.16612E-1 9.81685E-1 9.89676E-1 9.74464E-1 9.78059E-1 9.7351E-1 9.80577E-1 9.37201E-1 9.99471E-1 9.92294E-1 9.9908E-1 9.99971E-1 9.9936E-1 9.66042E-1 7.97112E-1 9.98501E-1 9.30634E-1 9.30011E-1 9.91722E-1 9.9651E-1 9.91701E-1 9.96497E-1 9.98052E-1 9.98047E-1
-9999 -9999 -9999 -9999 -9999 -9999 -9999 -9999 -9999 -9999 -9999 -9999 -9999 -9999 -9999 -9999 -9999 -9999 -9999 -9999 -9999 7.88514E-1 7.75684E-1 7.0401E-1 5.58158E-1 8.72187E-1 9.97792E-1 9.75016E-1 9.39077E-1 9.10594E-1 9.78098E-1 9.99684E-1 9.99565E-1 9.70352E-1 9.91106E-1 9.61419E-1 9.94323E-1 9.88531E-1 9.9916E-1 9.95107E-1 9.35044E-1 9.55473E-1 9.74102E-1 8.50673E-1 9.71625E-1 9.99037E-1 9.96847E-1 9.99197E-1 9.9974E-1 9.99029E-1 9.96139E-1 9.97338E-1 9.94289E-1 9.92856E-1 9.99455E-1 9.96667E-1 9.27195E-1 9.10165E-1 9.9746E-1 9.98503E-1 9.99793E-1 9.98859E-1 9.84162E-1 9.77067E-1 9.98022E-1 9.99869E-1 9.99792E-1
-9999 -9999 -9999 -9999 -9999 -9999 -9999 -9999 -9999 -9999 -9999 -9999 -9999 -9999 -9999 -9999 -9999 -9999 -9999 -9999 7.45804E-1 7.79008E-1 7.58675E-1 9.14135E-1 8.3255E-1 8.83329E-1 9.48451E-1 9.1192E-1 9.37131E-1 9.0847E-1 9.98992E-1 9.96958E-1 9.95827E-1 9.92234E-1 9.88397E-1 9.60761E-1 9.43992E-1 9.54926E-1 9.90812E-1 9.93078E-1 9.39884E-1 9.33664E-1 8.89917E-1 9.33734E-1 9.91137E-1 9.83547E-1 9.82181E-1 9.93902E-1 9.87839E-1 9.911E-1 8.87212E-1 9.41332E-1 9.94125E-1 9.90495E-1 9.94163E-1 9.99032E-1 9.81999E-1 9.56632E-1 9.88196E-1 9.93291E-1 9.98179E-1 9.99121E-1 9.99707E-1 9.97347E-1 9.97778E-1 9.98604E-1 9.9934E-1
-9999 -9999 -9999 -9999 -9999 -9999 -9999 -9999 -9999 -9999 -9999 -9999 -9999 -9999 -9999 -9999 -9999 -9999 -9999 -9999 5.5983E-1 7.20285E-1 6.43454E-1 9.23929E-1 9.33447E-1 8.76916E-1 8.50926E-1 8.99165E-1 9.55395E-1 9.71542E-1 9.83813E-1 9.7941E-1 9.97041E-1 9.73595E-1 9.75284E-1 9.40139E-1 9.80652E-1 9.64012E-1 9.68749E-1 9.93814E-1 9.80331E-1 9.85435E-1 9.77916E-1 9.55178E-1 9.73949E-1 9.57795E-1 9.93849E-1 9.94631E-1 9.93955E-1 9.62032E-1 8.86135E-1 9.04324E-1 9.78954E-1 9.70411E-1 9.99194E-1 9.97144E-1 9.96044E-1 9.98454E-1 9.91318E-1 9.9188E-1 9.99555E-1 9.94617E-1 9.99356E-1 9.96497E-1 9.56253E-1 9.97471E-1 9.89E-1
-9999 -9999 -9999 -9999 -9999 -9999 -9999 -9999 -9999 -9999 -9999 -9999 -9999 -9999 -9999 -9999 -9999 -9999 -9999 -9999 7.23141E-1 7.55418E-1 7.12032E-1 7.30714E-1 8.61739E-1 7.55343E-1 8.3969E-1 9.51018E-1 7.80046E-1 9.4558E-1 9.41565E-1 9.83904E-1 9.17234E-1 9.80113E-1 9.82345E-1 9.91322E-1 9.92876E-1 9.88785E-1 9.71514E-1 9.61188E-1 9.14867E-1 9.64939E-1 9.76494E-1 9.84011E-1 9.36539E-1 9.72419E-1 9.76656E-1 9.86548E-1 9.19972E-1 9.34582E-1 9.42974E-1 9.84425E-1 9.65075E-1 9.71617E-1 9.81414E-1 9.96912E-1 9.84363E-1 9.88359E-1 9.96714E-1 9.82343E-1 9.44104E-1 9.93475E-1 9.98462E-1 9.9886E-1 9.81925E-1 9.68069E-1 9.70592E-1
-9999 -9999 -9999 -9999 -9999 -9999 -9999 -9999 -9999 -9999 -9999 -9999 -9999 -9999 -9999 -9999 -9999 -9999 -9999 -9999 9.70448E-1 8.91451E-1 8.94585E-1 6.94366E-1 5.20635E-1 7.67785E-1 7.39544E-1 9.30871E-1 7.38894E-1 9.73391E-1 9.99101E-1 9.99798E-1 9.90783E-1 9.55419E-1 9.84735E-1 9.8802E-1 9.94587E-1 9.57075E-1 9.62488E-1 9.93609E-1 9.92335E-1 9.88569E-1 8.99058E-1 9.98099E-1 9.6352E-1 9.69848E-1 9.97127E-1 9.97592E-1 9.68732E-1 9.58312E-1 9.49696E-1 9.1468E-1 9.09242E-1 9.7121E-1 9.90783E-1 9.85789E-1 9.97412E-1 9.89017E-1 9.9886E-1 9.87992E-1 9.95652E-1 9.97955E-1 9.99746E-1 9.99724E-1 9.9479E-1 9.99658E-1 9.99787E-1
-9999 -9999 -9999 -9999 -9999 -9999 -9999 -9999 -9999 -9999 -9999 -9999 -9999 -9999 -9999 -9999 -9999 -9999 -9999 -9999 -9999 9.74233E-1 9.287E-1 9.16256E-1 4.32578E-1 5.55635E-1 6.22061E-1 8.64167E-1 8.33581E-1 9.13663E-1 9.99829E-1 9.99982E-1 9.92815E-1 9.90763E-1 9.85837E-1 9.96335E-1 9.93591E-1 9.74277E-1 9.4903E-1 9.93878E-1 9.60368E-1 9.15439E-1 9.5263E-1 9.4073E-1 9.01033E-1 9.6261E-1 9.9319E-1 9.67157E-1 9.89988E-1 9.51224E-1 9.68674E-1 9.93066E-1 9.82586E-1 9.99726E-1 9.95003E-1 9.93885E-1 9.99928E-1 9.95921E-1 9.5651E-1 9.98641E-1 9.99024E-1 9.98122E-1 9.99551E-1 9.99968E-1 9.97782E-1 9.99987E-1 9.99971E-1
-9999 -9999 -9999 -9999 -9999 -9999 -9999 -9999 -9999 -9999 -9999 -9999 -9999 -9999 -9999 -9999 -9999 -9999 -9999 -9999 -9999 8.53568E-1 7.84548E-1 6.08011E-1 7.84092E-1 5.64304E-1 7.00194E-1 9.54955E-1 9.83591E-1 9.76015E-1 9.86604E-1 9.99996E-1 9.9351E-1 9.9895E-1 9.97319E-1 9.96934E-1 9.93057E-1 9.86483E-1 9.68417E-1 9.57806E-1 8.75604E-1 9.23017E-1 8.94772E-1 9.83153E-1 9.70994E-1 9.94376E-1 9.97671E-1 9.97635E-1 9.95923E-1 9.96111E-1 9.92221E-1 9.95966E-1 9.68944E-1 9.97931E-1 9.98812E-1 9.90088E-1 9.99237E-1 9.98816E-1 9.44121E-1 9.92696E-1 9.95653E-1 9.96546E-1 9.99684E-1 9.98533E-1 9.99936E-1 9.99883E-1 9.99956E-1
-9999 -9999 -9999 -9999 -9999 -9999 -9999 -9999 -9999 -9999 -9999 -9999 -9999 -9999 -9999 -9999 -9999 -9999 -9999 -9999 -9999 9.75522E-1 9.09546E-1 9.68323E-1 9.42963E-1 6.48838E-1 9.44349E-1 9.87282E-1 9.73962E-1 9.89976E-1 9.98957E-1 9.9983E-1 9.92019E-1 9.97914E-1 9.96662E-1 9.98366E-1 9.90918E-1 9.97846E-1 9.86475E-1 9.43268E-1 8.82066E-1 9.00885E-1 8.06381E-1 9.57187E-1 9.8618E-1 9.86967E-1 9.99384E-1 9.81135E-1 9.47391E-1 9.16162E-1 8.2328E-1 9.18815E-1 9.92799E-1 9.60646E-1 8.81014E-1 9.80612E-1 9.10358E-1 9.79424E-1 9.95079E-1 8.70225E-1 9.93393E-1 9.91341E-1 9.9731E-1 9.99969E-1 9.99339E-1 9.99923E-1 9.99448E-1
-9999 -9999 -9999 -9999 -9999 -9999 -9999 -9999 -9999 -9999 -9999 -9999 -9999 -9999 -9999 -9999 -9999 -9999 -9999 -9999 -9999 9.77451E-1 9.99361E-1 9.97101E-1 9.09888E-1 7.13243E-1 8.7758E-1 9.54828E-1 9.88577E-1 9.98306E-1 9.99089E-1 9.99464E-1 9.56132E-1 9.65601E-1 9.94694E-1 9.89475E-1 9.57295E-1 9.80096E-1 9.87775E-1 9.96761E-1 9.61409E-1 9.92036E-1 9.58597E-1 9.46103E-1 9.86371E-1 9.83723E-1 9.94914E-1 9.77519E-1 9.97809E-1 9.4779E-1 9.52134E-1 9.5178E-1 9.10261E-1 9.14567E-1 9.50962E-1 9.9309E-1 8.98779E-1 9.42886E-1 9.92047E-1 9.46007E-1 9.26674E-1 9.64302E-1 9.97788E-1 9.99885E-1 9.99672E-1 9.99226E-1 9.99912E-1
-9999 -9999 -9999 -9999 -9999 -9999 -9999 -9999 -9999 -9999 -9999 -9999 -9999 -9999 -9999 -9999 -9999 -9999 -9999 -9999 -9999 9.84561E-1 9.96869E-1 9.96383E-1 9.08314E-1 7.21178E-1 9.56122E-1 9.99175E-1 9.61842E-1 9.99669E-1 9.94873E-1 9.99547E-1 9.93464E-1 9.8768E-1 9.92745E-1 9.88907E-1 9.83721E-1 9.41733E-1 9.98507E-1 9.50534E-1 8.25483E-1 8.81396E-1 9.2417E-1 9.14298E-1 9.89638E-1 9.97474E-1 9.86777E-1 9.93812E-1 9.93796E-1 9.3996E-1 9.0093E-1 9.60575E-1 9.83541E-1 9.16304E-1 9.49203E-1 9.82433E-1 8.5681E-1 9.26725E-1 9.87403E-1 9.80889E-1 9.22157E-1 9.75554E-1 9.83124E-1 9.95403E-1 9.97612E-1 9.94211E-1 9.99816E-1
-9999 -9999 -9999 -9999 -9999 -9999 -9999 -9999 -9999 -9999 -9999 -9999 -9999 -9999 -9999 -9999 -9999 -9999 -9999 -9999 -9999 9.97564E-1 9.57465E-1 9.86963E-1 9.85688E-1 9.23213E-1 9.98582E-1 9.99319E-1 9.8805E-1 9.94345E-1 9.4471E-1 9.93235E-1 9.99438E-1 9.98304E-1 9.66933E-1 9.48424E-1 9.91685E-1 9.93991E-1 9.93381E-1 9.92262E-1 9.24144E-1 8.67019E-1 8.71523E-1 9.10807E-1 9.42509E-1 9.90234E-1 9.74362E-1 9.92606E-1 9.81061E-1 9.30028E-1 9.39644E-1 9.67328E-1 9.53546E-1 9.75207E-1 9.81133E-1 8.04427E-1 8.9186E-1 9.72534E-1 9.84646E-1 9.89046E-1 9.84052E-1 9.80204E-1 9.97205E-1 9.98574E-1 9.99823E-1 9.98544E-1 9.99868E-1
-9999 -9999 -9999 -9999 -9999 -9999 -9999 -9999 -9999 -9999 -9999 -9999 -9999 -9999 -9999 -9999 -9999 -9999 -9999 -9999 -9999 9.95161E-1 9.79055E-1 9.72035E-1 9.45725E-1 8.99889E-1 9.97754E-1 9.93674E-1 9.85234E-1 9.83737E-1 9.94114E-1 9.99511E-1 9.96648E-1 9.99297E-1 9.99113E-1 9.98946E-1 9.99937E-1 9.94914E-1 9.99959E-1 9.9824E-1 9.27503E-1 9.20016E-1 8.46922E-1 8.51478E-1 9.70737E-1 9.85963E-1 9.40047E-1 9.80333E-1 9.90674E-1 9.65178E-1 9.48468E-1 9.18003E-1 9.76703E-1 9.91808E-1 9.75069E-1 9.70333E-1 9.168E-1 9.80706E-1 9.95364E-1 9.95974E-1 9.75483E-1 9.43736E-1 9.94874E-1 9.99982E-1 9.99902E-1 9.99982E-1 9.99893E-1
-9999 -9999 -9999 -9999 -9999 -9999 -9999 -9999 -9999 -9999 -9999 -9999 -9999 -9999 -9999 -9999 -9999 -9999 -9999 -9999 -9999 -9999 9.83897E-1 9.92615E-1 9.99312E-1 9.98801E-1 9.89774E-1 9.96761E-1 9.78438E-1 9.74505E-1 9.99977E-1 9.99394E-1 9.95913E-1 9.90843E-1 9.92218E-1 9.98704E-1 9.75098E-1 9.9842E-1 9.96479E-1 9.95087E-1 9.77439E-1 8.45953E-1 9.33911E-1 9.82269E-1 9.73492E-1 9.28477E-1 9.7252E-1 9.67763E-1 9.01181E-1 9.71676E-1 9.68421E-1 9.88452E-1 9.92179E-1 9.73591E-1 9.95441E-1 9.8916E-1 9.99508E-1 9.97261E-1 9.96831E-1 9.99773E-1 9.99856E-1 9.99114E-1 9.94645E-1 9.97779E-1 9.97836E-1 9.99909E-1 9.99832E-1
-9999 -9999 -9999 -9999 -9999 -9999 -9999 -9999 -9999 -9999 -9999 -9999 -9999 -9999 -9999 -9999 -9999 -9999 -9999 -9999 -9999 -9999 9.89745E-1 9.98472E-1 9.96685E-1 9.99651E-1 9.99059E-1 9.99851E-1 9.9994E-1 9.99085E-1 9.98482E-1 9.84512E-1 9.96367E-1 9.98435E-1 9.99582E-1 9.99986E-1 9.98843E-1 9.94604E-1 9.97238E-1 9.82995E-1 9.81942E-1 9.73029E-1 9.62943E-1 9.78037E-1 9.44848E-1 9.08329E-1 9.8489E-1 9.87613E-1 9.9804E-1 9.89141E-1 9.97426E-1 9.99117E-1 9.97836E-1 9.95306E-1 9.99821E-1 9.99939E-1 9.97822E-1 9.99447E-1 9.93718E-1 9.99202E-1 9.99783E-1 9.98911E-1 9.9403E-1 9.88787E-1 9.99934E-1 9.99749E-1 9.99795E-1
-9999 -9999 -9999 -9999 -9999 -9999 -9999 -9999 -9999 -9999 -9999 -9999 -9999 -9999 -9999 -9999 -9999 -9999 -9999 -9999 -9999 -9999 9.99595E-1 9.66042E-1 9.69938E-1 9.35115E-1 9.99968E-1 9.99627E-1 9.99046E-1 9.99184E-1 9.98928E-1 9.87618E-1 9.98459E-1 9.90202E-1 9.96746E-1 9.97807E-1 9.99838E-1 9.99121E-1 9.97939E-1 9.86299E-1 9.51168E-1 9.74309E-1 9.11302E-1 9.36993E-1 8.1797E-1 9.45318E-1 9.67367E-1 9.96575E-1 9.99885E-1 9.75126E-1 9.95235E-1 9.74171E-1 9.91595E-1 9.88275E-1 9.9631E-1 9.99621E-1 9.99504E-1 9.99316E-1 9.99206E-1 9.97612E-1 9.99898E-1 9.99259E-1 9.98926E-1 9.99832E-1 9.9697E-1 9.9561E-1 9.99979E-1
-9999 -9999 -9999 -9999 -9999 -9999 -9999 -9999 -9999 -9999 -9999 -9999 -9999 -9999 -9999 -9999 -9999 -9999 -9999 -9999 -9999 -9999 9.97322E-1 9.8667E-1 9.94047E-1 9.96479E-1 9.91154E-1 9.99706E-1 9.99987E-1 9.81888E-1 8.9736E-1 9.75166E-1 9.53834E-1 9.79852E-1 9.97543E-1 9.99271E-1 9.95521E-1 9.94711E-1 9.93353E-1 9.50513E-1 9.92858E-1 9.9565E-1 9.56033E-1 9.75447E-1 9.47608E-1 9.65243E-1 9.47854E-1 9.89027E-1 9.9955E-1 9.9824E-1 9.96365E-1 9.44572E-1 9.60679E-1 9.94528E-1 9.89067E-1 9.87462E-1 9.97799E-1 9.99074E-1 9.99791E-1 9.95463E-1 9.97746E-1 9.99938E-1 9.99622E-1 9.99831E-1 9.99963E-1 9.92489E-1 9.99957E-1
-9999 -9999 -9999 -9999 -9999 -9999 -9999 -9999 -9999 -9999 -9999 -9999 -9999 -9999 -9999 -9999 -9999 -9999 -9999 -9999 -9999 -9999 9.93441E-1 9.37315E-1 9.98697E-1 9.61892E-1 8.79299E-1 9.98623E-1 9.62173E-1 8.78803E-1 9.43409E-1 9.56507E-1 9.88427E-1 9.96117E-1 9.89343E-1 9.90893E-1 9.91838E-1 9.88039E-1 9.93301E-1 9.76079E-1 9.94242E-1 9.96434E-1 9.57353E-1 9.89011E-1 9.75449E-1 9.27245E-1 9.2537E-1 8.16345E-1 9.94507E-1 9.61463E-1 9.89295E-1 9.70943E-1 9.94422E-1 9.86981E-1 9.99433E-1 9.98257E-1 9.90821E-1 9.982E-1 9.99683E-1 9.994E-1 9.99405E-1 9.98603E-1 9.99627E-1 9.99725E-1 9.99983E-1 9.99477E-1 9.99922E-1
-9999 -9999 -9999 -9999 -9999 -9999 -9999 -9999 -9999 -9999 -9999 -9999 -9999 -9999 -9999 -9999 -9999 -9999 -9999 -9999 -9999 -9999 -9999 9.4378E-1 9.53269E-1 9.44644E-1 8.262E-1 7.01082E-1 8.9372E-1 8.87244E-1 9.50839E-1 9.89909E-1 9.978E-1 9.97411E-1 9.88048E-1 9.56117E-1 9.42014E-1 9.89255E-1 9.74997E-1 9.94611E-1 9.98217E-1 9.97859E-1 9.98243E-1 9.98712E-1 9.95293E-1 9.4304E-1 9.01218E-1 9.79584E-1 9.89816E-1 9.89669E-1 9.38272E-1 9.98745E-1 9.95916E-1 9.99408E-1 9.8767E-1 9.88914E-1 9.99169E-1 9.9974E-1 9.98277E-1 9.99623E-1 9.99884E-1 9.992E-1 9.99834E-1 9.99853E-1 9.99962E-1 9.99996E-1 9.99801E-1
-9999 -9999 -9999 -9999 -9999 -9999 -9999 -9999 -9999 -9999 -9999 -9999 -9999 -9999 -9999 -9999 -9999 -9999 -9999 -9999 -9999 -9999 -9999 9.37545E-1 9.85725E-1 9.76821E-1 6.37809E-1 5.92101E-1 9.0025E-1 9.73799E-1 9.74424E-1 9.88948E-1 9.98188E-1 9.97854E-1 9.99438E-1 9.42718E-1 9.25873E-1 9.70136E-1 9.61208E-1 9.96115E-1 9.99825E-1 9.99977E-1 9.3921E-1 8.71589E-1 9.94486E-1 9.39514E-1 9.39939E-1 8.93326E-1 7.37241E-1 7.58074E-1 9.32456E-1 9.47664E-1 9.51052E-1 9.89242E-1 9.88433E-1 9.97829E-1 9.9899E-1 9.97968E-1 9.95214E-1 9.97555E-1 9.98937E-1 9.97497E-1 9.99735E-1 9.98188E-1 9.99439E-1 9.99562E-1 9.99571E-1
-9999 -9999 -9999 -9999 -9999 -9999 -9999 -9999 -9999 -9999 -9999 -9999 -9999 -9999 -9999 -9999 -9999 -9999 -9999 -9999 -9999 -9999 -9999 9.06104E-1 8.93208E-1 8.77112E-1 8.77602E-1 8.03501E-1 8.79627E-1 9.85213E-1 9.7665E-1 9.79072E-1 9.94122E-1 9.61195E-1 9.82812E-1 9.95286E-1 9.94727E-1 9.82866E-1 9.77962E-1 9.9051E-1 9.98824E-1 9.94036E-1 9.94404E-1 9.61571E-1 9.96093E-1 9.39395E-1 7.93077E-1 5.84448E-1 6.82549E-1 8.8928E-1 8.99765E-1 9.68086E-1 9.65609E-1 9.82316E-1 9.94442E-1 9.98251E-1 9.99187E-1 9.89278E-1 9.9007E-1 9.97206E-1 9.93674E-1 9.98991E-1 9.98385E-1 9.99522E-1 9.95422E-1 9.96946E-1 9.99346E-1
-9999 -9999 -9999 -9999 -9999 -9999 -9999 -9999 -9999 -9999 -9999 -9999 -9999 -9999 -9999 -9999 -9999 -9999 -9999 -9999 -9999 -9999 -9999 9.28567E-1 8.29964E-1 9.43417E-1 9.60652E-1 9.21612E-1 8.37815E-1 9.31919E-1 9.62534E-1 9.99571E-1 9.93438E-1 9.88516E-1 9.94098E-1 9.89949E-1 9.86969E-1 9.68171E-1 9.27E-1 9.94185E-1 9.99843E-1 9.99154E-1 9.8884E-1 9.80843E-1 9.96472E-1 9.6342E-1 8.45841E-1 8.3183E-1 6.87265E-1 8.96464E-1 8.92309E-1 9.59472E-1 9.87648E-1 9.96345E-1 9.97016E-1 9.99499E-1 9.85399E-1 9.98432E-1 9.86281E-1 9.9854E-1 9.94859E-1 9.99719E-1 9.98961E-1 9.98384E-1 9.99651E-1 9.99905E-1 9.99499E-1
