ENM/Final_Models/M_1_F_q_Set_1_EC/Gustavia_santanderiensis_Choco_stddev.asc
ncols         367
nrows         963
xllcorner     -78.6
yllcorner     0.65
cellsize      0.00833333333333323
NODATA_value  -9999
[rows 810 to 839 of 963, columns 134 to 200 of 367]
1.7522E-2 1.54173E-2 5.76881E-3 2.79805E-3 1.54143E-3 4.95681E-4 3.96682E-5 1.95143E-5 1.27621E-5 3.89604E-5 4.52604E-4 3.75212E-3 3.09226E-3 9.52391E-4 2.09886E-4 4.62597E-5 2.67004E-5 1.63247E-5 7.36089E-6 6.88328E-5 3.90879E-4 1.48608E-3 3.7283E-3 8.60877E-3 -9999 -9999 4.52626E-3 -9999 -9999 -9999 -9999 -9999 -9999 -9999 -9999 -9999 -9999 -9999 -9999 -9999 -9999 -9999 -9999 -9999 -9999 -9999 -9999 -9999 -9999 -9999 -9999 -9999 -9999 -9999 -9999 -9999 -9999 -9999 6.43605E-4 7.15198E-4 2.5266E-3 3.39049E-3 3.82369E-3 -9999 -9999 7.78656E-3 6.01813E-3
3.33161E-2 1.31098E-2 8.3598E-3 2.35909E-3 8.13172E-4 1.305E-4 2.20507E-5 8.39769E-6 1.22117E-5 3.80875E-5 8.24077E-4 5.53513E-3 2.76025E-3 7.87706E-4 1.33009E-4 5.88586E-5 1.61991E-5 2.36796E-5 2.87144E-5 2.36165E-4 1.46393E-3 1.84918E-3 5.67218E-3 7.69124E-3 -9999 -9999 6.48761E-3 -9999 -9999 -9999 -9999 -9999 -9999 -9999 -9999 -9999 -9999 -9999 -9999 -9999 -9999 -9999 -9999 -9999 -9999 -9999 -9999 -9999 -9999 -9999 -9999 -9999 -9999 -9999 -9999 -9999 -9999 -9999 4.8501E-4 4.53606E-4 2.68243E-3 1.45871E-3 6.24597E-4 7.59171E-4 1.44553E-3 1.80619E-3 5.59309E-3
4.26416E-2 1.61486E-2 6.88841E-3 5.38239E-3 2.157E-3 8.46528E-4 3.16946E-5 7.53531E-6 3.4376E-5 5.34361E-5 1.06131E-3 5.58339E-3 2.27139E-3 7.21051E-4 1.60817E-4 6.76126E-5 4.1957E-5 2.24785E-5 2.45593E-5 1.94414E-4 2.41865E-3 2.46866E-3 5.85905E-3 -9999 -9999 -9999 -9999 -9999 -9999 -9999 -9999 -9999 -9999 -9999 -9999 -9999 -9999 -9999 -9999 -9999 -9999 -9999 -9999 -9999 -9999 -9999 -9999 -9999 -9999 -9999 -9999 -9999 -9999 -9999 -9999 5.3156E-3 5.95937E-3 -9999 -9999 4.47394E-4 6.73356E-4 8.38449E-4 6.19128E-4 2.31732E-4 8.16269E-5 1.29997E-4 1.66132E-3
4.27737E-2 1.42439E-2 7.23785E-3 9.07817E-3 5.51829E-3 1.34069E-3 7.12641E-5 7.79245E-6 1.3464E-5 1.07068E-4 1.53738E-3 7.27182E-3 2.21681E-3 3.90121E-4 1.96956E-4 4.70768E-4 8.19442E-4 1.05339E-4 4.20901E-5 4.14958E-4 4.05444E-3 9.04328E-3 3.234E-3 7.25154E-3 -9999 -9999 -9999 -9999 -9999 -9999 -9999 -9999 -9999 -9999 -9999 -9999 -9999 -9999 -9999 -9999 -9999 -9999 -9999 -9999 -9999 -9999 -9999 -9999 -9999 -9999 -9999 -9999 -9999 -9999 -9999 4.69375E-3 7.12987E-3 -9999 -9999 3.65276E-4 6.60209E-4 1.48295E-4 1.35459E-4 8.18692E-5 1.25115E-4 1.9578E-4 9.99166E-4
4.31266E-2 3.06594E-2 1.7394E-2 3.83345E-3 1.09855E-3 8.31041E-4 1.2963E-3 7.66635E-4 4.70648E-4 7.25337E-4 2.98312E-3 3.73291E-3 1.94418E-3 2.15012E-4 1.58801E-4 8.97519E-4 1.68683E-4 4.69337E-5 2.04105E-4 1.82506E-3 4.39104E-3 9.05106E-3 -9999 -9999 2.1509E-2 -9999 -9999 -9999 -9999 -9999 -9999 -9999 -9999 -9999 -9999 -9999 -9999 -9999 -9999 -9999 -9999 -9999 -9999 -9999 -9999 -9999 -9999 -9999 -9999 -9999 -9999 -9999 -9999 -9999 -9999 3.42502E-3 7.07918E-3 2.22124E-3 1.21204E-3 5.51453E-4 1.08962E-3 7.2487E-5 2.37726E-5 1.22195E-4 2.97126E-4 1.1676E-3 9.65357E-4
2.06042E-2 6.33351E-2 3.43706E-2 1.64521E-2 6.34855E-3 5.33785E-3 3.19758E-3 4.8314E-3 2.99401E-3 1.82101E-3 6.13697E-3 4.61888E-3 1.45224E-3 1.47955E-3 2.00165E-3 1.28708E-3 3.23365E-4 9.2336E-5 6.37816E-4 2.9042E-3 5.29056E-3 5.63116E-3 6.5304E-3 -9999 -9999 -9999 -9999 -9999 -9999 -9999 -9999 -9999 -9999 -9999 -9999 -9999 -9999 -9999 -9999 -9999 -9999 -9999 -9999 -9999 -9999 -9999 -9999 -9999 -9999 -9999 -9999 -9999 -9999 -9999 -9999 2.79472E-3 9.99338E-4 2.08422E-3 2.21028E-3 1.50985E-3 4.74038E-4 1.1613E-4 5.33992E-5 1.5328E-4 2.33336E-4 3.82184E-4 3.42476E-4
5.1246E-2 7.65066E-2 3.88604E-2 1.69324E-2 1.13491E-2 3.57669E-2 1.84968E-2 1.33468E-2 1.05894E-2 3.61946E-3 4.62204E-3 3.57592E-3 3.88366E-3 3.08316E-3 7.29788E-4 4.54555E-4 2.54796E-4 1.11058E-4 8.71605E-4 5.4977E-3 9.99479E-3 8.27574E-3 8.63748E-3 -9999 -9999 -9999 -9999 -9999 -9999 -9999 -9999 -9999 -9999 -9999 -9999 -9999 -9999 -9999 -9999 -9999 -9999 -9999 -9999 -9999 -9999 -9999 -9999 -9999 -9999 -9999 -9999 -9999 -9999 -9999 -9999 -9999 5.00938E-4 7.65861E-4 6.12152E-4 3.3574E-4 2.32278E-4 1.04998E-4 2.86045E-5 5.81176E-5 1.65946E-4 8.93246E-5 8.47729E-5
1.22594E-1 1.8548E-2 1.98407E-2 2.34013E-2 1.28642E-2 1.14068E-2 7.29915E-3 4.88524E-3 3.89374E-3 1.36139E-3 3.06949E-3 1.62568E-3 1.27905E-3 1.87508E-3 2.13056E-4 1.48621E-4 4.56642E-5 5.63875E-5 8.71799E-4 1.42675E-2 -9999 -9999 -9999 -9999 -9999 -9999 -9999 -9999 -9999 -9999 -9999 -9999 -9999 -9999 -9999 -9999 -9999 -9999 -9999 -9999 -9999 -9999 -9999 -9999 -9999 -9999 -9999 -9999 -9999 -9999 -9999 -9999 -9999 -9999 4.07101E-3 6.7298E-4 2.21325E-3 1.19629E-3 4.53096E-4 3.824E-4 2.50083E-4 5.31631E-5 1.74516E-5 1.8035E-5 6.78799E-5 3.81998E-5 1.83111E-5
7.41779E-2 6.42405E-2 3.44676E-2 1.59134E-2 5.61446E-3 1.2373E-2 1.01043E-2 6.16861E-3 1.14376E-2 5.8794E-3 1.32181E-3 5.61868E-4 4.89823E-4 4.49544E-4 1.30687E-4 3.57897E-5 2.00264E-5 7.61822E-5 7.94605E-4 9.56133E-3 -9999 -9999 -9999 -9999 -9999 -9999 -9999 -9999 -9999 -9999 -9999 -9999 -9999 -9999 -9999 3.15957E-3 3.96818E-3 2.85686E-3 -9999 -9999 -9999 -9999 -9999 -9999 -9999 -9999 -9999 -9999 -9999 -9999 -9999 -9999 -9999 -9999 -9999 -9999 2.12546E-3 5.51833E-4 2.3153E-4 1.21235E-4 8.55764E-5 2.96456E-5 2.87465E-5 2.28631E-5 1.60798E-5 1.55962E-5 3.12034E-5
2.3443E-2 3.3674E-2 5.30849E-2 2.59916E-2 2.93704E-3 7.50947E-3 9.21343E-3 2.2678E-2 9.62136E-3 5.9965E-3 9.23332E-4 4.9686E-4 1.36309E-4 2.80449E-5 1.0048E-5 1.41531E-5 2.20639E-5 1.72323E-4 2.60578E-3 2.57833E-2 1.79377E-2 -9999 -9999 -9999 -9999 -9999 -9999 -9999 -9999 -9999 -9999 -9999 -9999 -9999 3.50729E-3 2.71844E-3 5.10088E-3 2.44633E-3 2.00451E-3 -9999 -9999 -9999 -9999 -9999 -9999 -9999 -9999 -9999 -9999 -9999 -9999 -9999 -9999 -9999 -9999 -9999 5.03292E-4 5.06095E-4 1.27479E-4 5.05916E-5 5.23338E-5 7.36657E-5 5.78265E-5 2.14514E-5 1.06534E-5 1.50477E-5 1.84854E-5
2.13509E-2 1.04889E-2 8.95298E-3 2.06278E-2 3.86924E-3 7.44758E-4 1.03564E-2 7.50841E-3 1.1958E-2 1.85333E-2 1.64453E-3 7.06595E-4 3.23255E-4 2.36494E-5 6.36341E-6 8.16141E-6 3.12071E-5 3.68778E-4 6.11721E-3 1.34752E-2 1.42367E-2 -9999 -9999 -9999 -9999 -9999 -9999 -9999 -9999 -9999 -9999 -9999 -9999 2.35869E-3 4.29118E-3 2.54601E-3 5.1251E-3 4.54957E-3 3.7886E-3 5.70789E-3 -9999 7.98947E-3 1.29385E-2 -9999 -9999 -9999 -9999 -9999 -9999 -9999 -9999 -9999 -9999 -9999 -9999 2.11442E-3 4.71635E-4 8.16654E-4 1.69065E-4 5.70902E-5 4.36995E-5 9.23178E-5 1.307E-4 2.59332E-5 1.49627E-5 1.2935E-5 7.84247E-6
1.39872E-2 6.75463E-3 4.45038E-3 6.42013E-3 3.308E-3 3.66559E-4 1.26183E-3 6.21589E-4 2.91929E-3 8.8042E-3 1.98949E-3 5.09998E-4 1.23812E-4 1.11543E-4 2.59546E-5 1.59648E-5 1.093E-4 8.12171E-4 6.73477E-3 2.61473E-2 3.22977E-2 -9999 -9999 -9999 -9999 -9999 -9999 -9999 -9999 -9999 -9999 -9999 -9999 -9999 2.98015E-3 2.865E-3 5.95375E-3 3.78421E-3 3.29698E-3 3.76952E-3 3.15423E-3 4.95667E-3 1.48209E-2 -9999 -9999 -9999 -9999 -9999 -9999 -9999 -9999 -9999 7.66812E-3 1.04963E-2 8.31768E-3 3.16163E-3 6.91754E-4 5.77924E-4 4.89395E-4 1.40736E-4 1.44002E-4 1.34915E-4 6.46766E-5 3.23197E-5 1.48133E-5 1.83107E-5 2.04288E-5
1.15658E-2 6.78525E-3 3.55184E-3 1.21414E-3 1.14451E-3 1.04694E-3 8.29366E-4 1.98103E-4 1.14321E-3 5.8755E-3 2.34134E-3 7.08283E-4 6.705E-4 1.65859E-4 4.63101E-5 2.10659E-5 9.32873E-5 4.01253E-4 1.05347E-2 2.6682E-2 -9999 -9999 -9999 -9999 -9999 -9999 -9999 -9999 -9999 -9999 -9999 -9999 -9999 5.3897E-3 8.01886E-3 -9999 -9999 3.11897E-3 4.80372E-3 2.55347E-3 4.2022E-3 9.72593E-3 -9999 -9999 -9999 -9999 -9999 -9999 -9999 -9999 -9999 -9999 -9999 -9999 -9999 -9999 -9999 -9999 2.1753E-4 1.64154E-4 1.21892E-4 2.35171E-4 1.34578E-4 7.55357E-5 3.11965E-5 1.83543E-5 1.33639E-5
1.47595E-2 1.2302E-2 1.31968E-2 1.01316E-2 3.91331E-3 9.85716E-3 9.4458E-4 1.42478E-4 7.40957E-4 3.55284E-3 7.21069E-4 1.77889E-4 2.55335E-4 1.05339E-4 5.34776E-5 2.28069E-5 2.71887E-5 8.04413E-4 1.03012E-2 3.27666E-2 -9999 -9999 -9999 -9999 -9999 -9999 -9999 -9999 -9999 -9999 -9999 -9999 -9999 -9999 -9999 -9999 -9999 2.81842E-3 2.98382E-3 2.25804E-3 5.67015E-3 1.02579E-2 -9999 -9999 -9999 -9999 -9999 -9999 -9999 -9999 -9999 -9999 -9999 -9999 -9999 -9999 -9999 -9999 -9999 4.10079E-4 3.09301E-4 4.67474E-4 1.0062E-4 3.12741E-5 2.52895E-5 2.70364E-5 7.72279E-5
1.63408E-2 9.20726E-3 9.27116E-3 5.98736E-3 6.24497E-3 6.45171E-3 1.36906E-3 2.06012E-4 1.91848E-4 1.74761E-3 5.77827E-4 1.22204E-4 2.69831E-5 1.37331E-5 1.53718E-5 9.28263E-6 1.1496E-4 1.36933E-3 1.3303E-2 2.54049E-2 -9999 -9999 -9999 -9999 -9999 -9999 -9999 -9999 -9999 -9999 -9999 -9999 -9999 -9999 -9999 -9999 -9999 2.60275E-3 2.41814E-3 2.50331E-3 7.20332E-3 1.82663E-2 -9999 -9999 -9999 -9999 -9999 -9999 -9999 -9999 7.14092E-3 1.13602E-2 1.17166E-2 -9999 -9999 -9999 5.26912E-4 5.31132E-4 1.55046E-3 1.64264E-3 1.36227E-3 3.19958E-4 1.92536E-4 8.92507E-5 4.0795E-5 1.42153E-5 3.04006E-5
1.25339E-2 6.4087E-3 7.69584E-3 4.03575E-3 2.0811E-3 6.58786E-3 5.67717E-4 1.41802E-4 1.68511E-4 1.00042E-3 7.06304E-4 1.46431E-4 1.22718E-4 1.12139E-5 5.9144E-6 1.93053E-5 1.10437E-4 2.13906E-3 1.83925E-2 2.31687E-2 -9999 -9999 -9999 -9999 -9999 -9999 -9999 -9999 -9999 -9999 -9999 -9999 -9999 -9999 -9999 -9999 7.92297E-3 3.96655E-3 4.12098E-3 3.64843E-3 5.90509E-3 1.61841E-2 -9999 -9999 -9999 -9999 -9999 -9999 -9999 -9999 7.49693E-3 5.55824E-3 3.03129E-3 1.14812E-3 4.82762E-4 5.57488E-5 5.09929E-5 4.27909E-4 2.86237E-4 7.65718E-4 7.01326E-4 3.27627E-4 2.31504E-4 4.00114E-4 2.52821E-4 7.02891E-5 2.57518E-5
4.1662E-3 3.75526E-3 2.2763E-3 1.16163E-3 2.01776E-3 4.42838E-4 7.63279E-5 5.16459E-5 2.18579E-5 1.58943E-4 2.60459E-4 1.91812E-5 1.53161E-5 2.06811E-5 1.57132E-5 3.82503E-5 1.08102E-4 7.58047E-4 4.18751E-3 2.8936E-2 -9999 -9999 -9999 -9999 -9999 -9999 -9999 -9999 -9999 -9999 -9999 -9999 -9999 -9999 -9999 5.13606E-3 4.28213E-3 3.41055E-3 3.98048E-3 5.42269E-3 4.94634E-3 8.1372E-3 -9999 -9999 -9999 -9999 -9999 -9999 -9999 -9999 2.21199E-3 1.47047E-3 9.01698E-4 8.16934E-4 2.76081E-4 1.48695E-4 6.84506E-5 2.39639E-4 6.40177E-5 1.23215E-4 3.26935E-4 1.7479E-4 1.50733E-4 8.3924E-5 4.1527E-5 6.31217E-5 5.63482E-5
9.37638E-3 7.13202E-3 1.75629E-3 1.07466E-3 1.27685E-3 4.89151E-4 2.02226E-4 4.52441E-4 6.56618E-5 4.30466E-5 7.2898E-5 9.98115E-6 7.85563E-5 1.6587E-4 1.35747E-4 4.52039E-5 1.50302E-4 7.21034E-4 9.51134E-3 2.82955E-2 -9999 -9999 -9999 -9999 -9999 -9999 -9999 -9999 -9999 -9999 -9999 -9999 -9999 -9999 -9999 -9999 -9999 3.06506E-3 4.62588E-3 3.20374E-3 4.4262E-3 8.86861E-3 -9999 -9999 -9999 -9999 -9999 -9999 -9999 -9999 1.84532E-3 7.04793E-4 3.44453E-4 2.05601E-4 8.05478E-5 5.08303E-5 5.27292E-5 2.94168E-4 9.31621E-5 6.99633E-5 1.84319E-4 1.45817E-4 1.19887E-4 2.71516E-4 2.78823E-5 2.67261E-5 2.60681E-5
2.90634E-2 8.16964E-3 9.58571E-3 6.38561E-3 4.16144E-3 2.21571E-3 1.97694E-3 3.40405E-4 4.39078E-5 1.07157E-5 1.72742E-5 2.42862E-5 8.90986E-5 2.71786E-4 1.07154E-4 4.47547E-5 2.27257E-4 4.36944E-4 3.78361E-3 1.7201E-2 -9999 -9999 -9999 -9999 -9999 -9999 -9999 -9999 -9999 -9999 -9999 -9999 -9999 -9999 -9999 -9999 -9999 -9999 1.73221E-3 2.12298E-3 4.21044E-3 6.906E-3 -9999 -9999 6.24371E-3 -9999 -9999 -9999 -9999 -9999 2.86638E-3 4.76387E-4 9.83838E-5 6.49732E-5 3.92624E-5 3.64401E-5 7.4221E-5 1.18375E-4 6.88887E-5 2.433E-5 4.87868E-5 1.55902E-4 7.09585E-5 2.89224E-5 5.76572E-5 2.09973E-5 3.63749E-5
2.2314E-2 1.98232E-2 1.76275E-2 1.54296E-2 6.2653E-3 6.96115E-3 1.50967E-3 1.41516E-4 1.86449E-5 1.67877E-5 6.10591E-5 1.70986E-4 1.60906E-4 5.36969E-4 4.47717E-4 8.54569E-5 3.15403E-4 3.17873E-4 1.03239E-3 1.06759E-2 2.20281E-2 -9999 -9999 -9999 -9999 -9999 -9999 -9999 -9999 -9999 -9999 -9999 -9999 -9999 -9999 -9999 -9999 -9999 -9999 1.60601E-3 3.28048E-3 5.82432E-3 -9999 -9999 9.31241E-3 -9999 -9999 -9999 -9999 2.67888E-3 3.05424E-3 8.59442E-4 1.88244E-4 4.07997E-5 2.38864E-5 3.99951E-5 7.27918E-5 4.71972E-5 5.68296E-5 2.79022E-5 3.63733E-5 1.46452E-4 6.2038E-5 1.47619E-5 1.08037E-5 1.43123E-5 1.51493E-4
2.56417E-2 1.38275E-2 6.19616E-3 7.29935E-3 2.9053E-3 9.2686E-4 7.87668E-4 2.35585E-4 2.11678E-5 1.65516E-5 1.73991E-4 5.00489E-4 1.01549E-3 7.85329E-4 5.24145E-4 3.66286E-4 7.43766E-4 6.95205E-4 9.02013E-4 1.26023E-2 2.42732E-2 -9999 -9999 -9999 -9999 -9999 -9999 -9999 -9999 -9999 -9999 -9999 -9999 -9999 -9999 -9999 8.74502E-3 -9999 -9999 2.16744E-3 1.68219E-3 3.83073E-3 -9999 -9999 -9999 -9999 -9999 1.11946E-3 1.0939E-3 2.50625E-3 1.0494E-3 3.73432E-4 8.35136E-5 3.87383E-5 4.76253E-5 3.51075E-5 5.366E-5 5.34074E-5 5.23769E-5 4.71173E-5 4.20508E-5 8.84549E-5 1.84692E-5 1.96909E-5 6.94649E-5 4.35746E-5 2.43533E-4
3.52494E-2 3.2239E-2 1.8748E-2 1.59263E-2 7.97949E-3 1.59852E-3 9.84548E-4 2.51145E-4 1.29037E-4 4.13944E-5 3.08992E-5 1.70583E-4 9.90618E-4 1.96265E-3 1.11841E-3 8.55773E-4 2.95162E-3 1.25124E-3 1.93805E-3 1.9123E-2 2.78399E-2 -9999 -9999 -9999 -9999 -9999 -9999 -9999 -9999 -9999 -9999 9.89597E-3 1.53929E-2 -9999 -9999 6.80966E-3 9.12812E-3 -9999 -9999 3.5907E-3 2.14056E-3 8.80067E-3 3.50178E-3 -9999 -9999 2.25337E-3 5.79932E-4 4.57784E-4 5.86113E-4 4.31494E-4 2.50234E-4 6.90051E-5 1.34786E-4 5.7103E-5 4.3254E-5 2.58305E-5 6.12271E-5 6.75289E-5 3.8909E-5 4.79671E-5 4.7574E-5 1.10455E-4 6.83629E-5 2.5971E-5 8.66664E-5 2.54986E-4 5.16859E-4
8.64833E-3 1.53558E-2 1.15252E-2 1.30478E-2 1.57046E-2 7.79662E-3 2.76843E-3 1.52147E-3 7.1632E-4 5.54829E-5 1.99953E-5 2.14175E-4 7.49222E-4 3.03372E-3 6.74745E-3 8.52771E-3 5.3808E-3 1.13042E-3 2.26677E-3 2.15878E-2 2.67576E-2 -9999 -9999 -9999 -9999 -9999 -9999 -9999 -9999 -9999 -9999 8.32215E-3 8.24475E-3 -9999 -9999 5.88387E-3 9.96169E-3 -9999 -9999 3.43322E-3 2.595E-3 4.75007E-3 4.25592E-3 -9999 -9999 1.31947E-3 3.53293E-4 2.64648E-4 1.04134E-4 1.12568E-4 2.05132E-4 1.6045E-4 1.10105E-4 6.20231E-5 2.33859E-5 2.10105E-5 4.75288E-5 3.21044E-5 3.42794E-5 1.00796E-4 1.35381E-4 1.21703E-4 8.36327E-5 3.16631E-5 4.48291E-5 3.21727E-4 2.55907E-4
1.06808E-3 1.06458E-2 4.99832E-3 5.72071E-3 8.22573E-3 5.89483E-3 1.28195E-3 7.94469E-4 2.49615E-4 8.18017E-5 1.08079E-5 3.33551E-5 2.99228E-4 6.10935E-4 5.96024E-3 1.76548E-2 7.86428E-3 1.17255E-3 2.93041E-3 2.11846E-2 2.98519E-2 -9999 -9999 -9999 -9999 -9999 -9999 -9999 -9999 -9999 -9999 8.93325E-3 6.44236E-3 -9999 -9999 7.06006E-3 7.9985E-3 -9999 -9999 3.09856E-3 9.61985E-3 1.42167E-2 5.98377E-3 -9999 -9999 3.12168E-4 1.41656E-4 1.39575E-4 1.25038E-4 2.71492E-4 1.43316E-4 5.9872E-5 3.48422E-5 2.89817E-5 2.31792E-5 1.56042E-5 3.52168E-5 3.16785E-5 1.19912E-5 5.34329E-5 6.8125E-5 2.63414E-4 2.56236E-4 1.11765E-4 1.2583E-4 3.60609E-4 2.00451E-4
1.07417E-3 8.18029E-3 4.27566E-3 4.94258E-3 3.50822E-3 8.0906E-3 8.88517E-4 1.11213E-4 4.16948E-5 1.28388E-5 2.00691E-5 1.79993E-4 5.7741E-4 6.35449E-4 8.81316E-4 1.08625E-2 5.5342E-3 5.74797E-3 1.34444E-2 2.32514E-2 5.07012E-2 -9999 -9999 -9999 -9999 -9999 -9999 -9999 -9999 -9999 2.02027E-3 3.08246E-3 5.28487E-3 -9999 -9999 5.02374E-3 6.43003E-3 3.23971E-3 1.99827E-3 3.64225E-3 6.41836E-3 1.23297E-2 6.98562E-3 -9999 2.95777E-3 3.26911E-4 2.41164E-4 4.57132E-4 3.63519E-4 1.4059E-4 5.6348E-5 2.27486E-5 1.92631E-5 3.21682E-5 2.75443E-5 1.99005E-5 2.40085E-5 4.01753E-5 1.69757E-5 3.73769E-5 5.96362E-5 1.82039E-4 4.07103E-4 4.87148E-4 2.04619E-4 2.31827E-4 4.74721E-4
4.3882E-3 4.75202E-3 1.40568E-3 2.48784E-3 1.30112E-3 1.94197E-3 1.34292E-3 9.17249E-5 1.72757E-5 8.26871E-6 3.05694E-5 4.14787E-4 1.25231E-3 2.27747E-3 2.65991E-3 1.29851E-2 1.32645E-2 8.74467E-3 2.80685E-2 4.59739E-2 -9999 -9999 -9999 -9999 -9999 -9999 -9999 -9999 -9999 -9999 3.41722E-3 1.2096E-3 2.15684E-3 3.83144E-3 -9999 4.44641E-3 3.14254E-3 4.45935E-3 2.67934E-3 7.26072E-3 8.68431E-3 1.44578E-2 5.40757E-3 5.20527E-3 3.3057E-3 1.14697E-3 5.98311E-4 2.30955E-4 1.07202E-4 6.77626E-5 3.4389E-5 1.65439E-5 2.69437E-5 5.24065E-5 4.53394E-5 3.51636E-5 4.68093E-5 7.52873E-5 5.44988E-5 1.13543E-4 9.77809E-5 2.9054E-4 2.00545E-4 2.43855E-4 1.2131E-4 2.15041E-4 6.64604E-4
1.52215E-2 1.28643E-2 3.06844E-3 1.02869E-2 2.5991E-3 6.37714E-4 1.67607E-4 2.35865E-5 2.85083E-5 1.36993E-5 4.4861E-5 7.83774E-4 3.98332E-3 7.38361E-3 1.16507E-2 1.26224E-2 1.53315E-2 2.52947E-2 2.71282E-2 -9999 -9999 -9999 -9999 -9999 -9999 -9999 -9999 7.32026E-3 8.52983E-3 6.77648E-3 3.71365E-3 1.10274E-3 1.14441E-3 1.74755E-3 2.002E-3 2.41543E-3 2.26904E-3 2.0864E-3 7.94046E-3 7.07152E-3 8.09536E-3 1.48342E-2 6.76284E-3 5.9636E-3 3.48545E-3 1.23818E-3 2.86666E-4 2.43012E-4 1.13695E-4 2.30756E-5 2.73827E-5 2.10748E-5 1.95155E-5 2.80186E-5 2.55318E-5 2.73096E-5 5.34449E-5 5.36254E-5 7.90979E-5 3.03353E-5 3.52075E-5 9.70052E-5 9.64769E-5 6.54464E-5 7.77468E-5 3.58921E-4 5.53723E-4
-9999 -9999 6.28439E-3 1.35954E-2 3.06696E-3 3.01492E-4 3.17067E-5 1.47152E-5 9.25051E-5 2.91434E-5 6.38248E-4 4.03587E-3 6.72543E-3 2.29493E-2 3.19358E-2 1.25302E-2 1.89932E-2 2.38119E-2 -9999 -9999 -9999 -9999 -9999 -9999 -9999 -9999 -9999 1.75437E-2 1.4574E-2 1.453E-2 1.47983E-2 5.55765E-3 -9999 1.68722E-3 2.16216E-3 3.5583E-3 3.12621E-3 6.25932E-3 3.78119E-3 6.05177E-3 7.25327E-3 1.26641E-2 8.5288E-3 4.29691E-3 9.40229E-4 6.54814E-4 2.32345E-4 2.23438E-4 3.06675E-4 5.91619E-5 3.23765E-5 2.09659E-5 3.18609E-5 2.7703E-5 4.72106E-5 1.8047E-5 2.6816E-5 4.7263E-5 3.19615E-5 2.43988E-5 5.43682E-5 6.56651E-5 2.78781E-5 4.92017E-5 9.26164E-5 2.91659E-4 1.7053E-4
-9999 -9999 4.20613E-3 5.99656E-3 8.03887E-4 2.20062E-4 6.34401E-5 1.59243E-5 1.16886E-4 4.10813E-4 9.91738E-4 2.92766E-3 3.19456E-3 6.30939E-3 1.92413E-2 2.2949E-2 -9999 -9999 -9999 -9999 -9999 -9999 -9999 -9999 -9999 -9999 -9999 -9999 1.64935E-2 2.04632E-2 -9999 -9999 -9999 2.56198E-3 -9999 -9999 5.51161E-3 6.98144E-3 5.1806E-3 -9999 -9999 -9999 9.22879E-3 1.51564E-3 5.04695E-4 4.80532E-4 2.72099E-4 4.37211E-4 1.953E-4 1.77611E-4 3.44662E-5 3.79085E-5 3.36041E-5 4.99579E-5 4.18441E-5 2.41513E-5 2.11596E-5 1.52407E-5 1.83673E-5 2.70381E-5 6.99725E-5 2.33304E-5 2.51043E-5 4.69074E-5 9.76333E-5 1.24604E-4 1.07301E-4
-9999 -9999 -9999 6.69746E-3 1.90608E-3 1.24032E-4 3.4386E-5 1.18377E-5 6.30475E-5 2.92863E-4 6.44511E-4 2.99078E-4 1.09878E-3 6.39256E-3 2.64963E-2 5.60984E-2 -9999 -9999 -9999 -9999 -9999 -9999 -9999 -9999 -9999 -9999 -9999 -9999 -9999 -9999 -9999 -9999 -9999 -9999 -9999 -9999 -9999 -9999 -9999 -9999 -9999 -9999 4.75346E-3 3.22675E-3 9.55222E-4 1.64678E-3 1.25235E-3 6.6017E-4 2.9097E-4 3.94405E-4 1.22596E-4 3.73139E-4 2.04282E-4 1.82656E-4 4.47394E-5 2.50993E-5 2.21613E-5 1.58315E-5 2.60425E-5 1.49545E-5 2.05133E-5 2.34809E-5 4.79693E-5 2.94809E-5 3.44129E-5 7.63353E-5 9.7721E-5
