ENM/Final_Models/M_1_F_q_Set_1_EC/Gustavia_santanderiensis_5_Choco.asc
ncols         367
nrows         963
xllcorner     -78.6
yllcorner     0.65
cellsize      0.00833333333333323
NODATA_value  -9999
[rows 928 to 959 of 963, columns 73 to 145 of 367]
3.09523E-6 3.1513E-6 3.54449E-6 3.60313E-6 4.75375E-6 5.56725E-6 2.91773E-6 3.83329E-6 6.33857E-6 1.53862E-5 1.55305E-5 1.21771E-5 1.36693E-5 1.56689E-5 1.79032E-5 1.78905E-5 1.31284E-5 1.14324E-5 1.35507E-5 1.76996E-5 2.04306E-5 2.2146E-5 2.31541E-5 1.9793E-5 1.87415E-5 1.83514E-5 2.0051E-5 1.47785E-5 6.46488E-6 6.31008E-6 5.52489E-6 7.00887E-6 9.46227E-6 8.81935E-6 7.93877E-6 7.18662E-6 8.26924E-6 1.16174E-5 1.95854E-5 1.05203E-5 1.53476E-5 1.33297E-5 1.41956E-5 1.47866E-5 1.51406E-5 1.80534E-5 3.01459E-5 2.80559E-5 3.08301E-5 3.1674E-5 3.01823E-5 3.36592E-5 3.16656E-5 4.02881E-5 4.12434E-5 5.01436E-5 5.58335E-5 4.98835E-5 6.9877E-5 6.76997E-5 4.8997E-5 1.41611E-4 8.80915E-4 1.65649E-4 1.02049E-4 1.0215E-4 1.25482E-4 1.1747E-4 8.76691E-5 7.08477E-5 4.32255E-5 2.89463E-5 -9999
1.65175E-6 1.43155E-6 9.85069E-7 2.78448E-6 4.61693E-6 6.75464E-6 6.43884E-6 9.61794E-6 9.98733E-6 1.27246E-5 1.4446E-5 1.34312E-5 1.46535E-5 1.48365E-5 1.47242E-5 1.70453E-5 1.75914E-5 1.3008E-5 1.15807E-5 9.32706E-6 1.3579E-5 2.28848E-5 2.18638E-5 2.13701E-5 1.15601E-5 1.14979E-5 1.22025E-5 1.31664E-5 5.16221E-6 4.65789E-6 5.24478E-6 6.58111E-6 6.50028E-6 5.60117E-6 7.85877E-6 9.57628E-6 1.19325E-5 1.52729E-5 1.21951E-5 1.22308E-5 1.53197E-5 1.40615E-5 1.34643E-5 1.37776E-5 1.62979E-5 1.9153E-5 2.77177E-5 2.80456E-5 2.93347E-5 2.82387E-5 3.6597E-5 3.997E-5 4.74495E-5 4.85537E-5 4.91694E-5 4.88794E-5 6.12577E-5 7.37059E-5 9.35935E-5 2.49765E-4 2.96267E-4 1.04024E-3 2.05233E-4 1.0566E-4 1.00726E-4 8.72027E-5 9.71246E-5 9.69261E-5 8.48403E-5 6.474E-5 4.87597E-5 4.25723E-5 -9999
9.52789E-7 1.34953E-6 9.78309E-7 1.11252E-6 2.30039E-6 7.7105E-6 6.99711E-6 9.12119E-6 1.17056E-5 1.15587E-5 1.1046E-5 1.09907E-5 1.3597E-5 1.41043E-5 1.52008E-5 1.39662E-5 1.23896E-5 1.10988E-5 9.92399E-6 8.97353E-6 9.69181E-6 2.11362E-5 1.47943E-5 1.40917E-5 1.47943E-5 1.15692E-5 8.45014E-6 5.23023E-6 4.63992E-6 4.86625E-6 4.78769E-6 5.81153E-6 8.49425E-6 8.34718E-6 6.71724E-6 1.04835E-5 1.31956E-5 1.69952E-5 1.44216E-5 1.16485E-5 1.43843E-5 1.5103E-5 1.4547E-5 1.49152E-5 1.74626E-5 1.73786E-5 2.55541E-5 4.0191E-5 4.32436E-5 3.67382E-5 3.64544E-5 7.3543E-5 6.0302E-5 5.38807E-5 5.36513E-5 5.41227E-5 8.02717E-5 2.61632E-4 2.09376E-4 1.23799E-4 2.1509E-4 2.35948E-4 1.62197E-4 8.97137E-5 9.18099E-5 8.72972E-5 7.69096E-5 8.07596E-5 6.48118E-5 7.40942E-5 7.14653E-5 7.18868E-5 -9999
9.46221E-7 1.15699E-6 1.16058E-6 1.59135E-6 2.54212E-6 6.33539E-6 7.90615E-6 1.41331E-5 1.20517E-5 1.14726E-5 1.43283E-5 1.23235E-5 1.0205E-5 1.14104E-5 1.28782E-5 1.07268E-5 1.30409E-5 2.32045E-5 1.60348E-5 1.11746E-5 9.60818E-6 1.04478E-5 1.21953E-5 9.73037E-6 1.46165E-5 7.92545E-6 5.26019E-6 5.46507E-6 5.92368E-6 6.75191E-6 5.71157E-6 8.20947E-6 9.08538E-6 1.13689E-5 8.28509E-6 9.76594E-6 1.46282E-5 1.57157E-5 1.41859E-5 1.16328E-5 1.50223E-5 1.72142E-5 1.74823E-5 1.77521E-5 1.92128E-5 1.9167E-5 2.93676E-5 6.00639E-5 5.06242E-5 5.33315E-5 6.71557E-5 6.92414E-5 6.45947E-5 6.88978E-5 7.23159E-5 6.36281E-5 1.9643E-4 1.0515E-4 1.20399E-4 9.09818E-5 1.15569E-4 1.26799E-4 1.37997E-4 1.042E-4 1.00881E-4 9.04565E-5 7.17336E-5 6.51992E-5 5.2392E-5 6.18812E-5 7.3392E-5 5.22638E-5 -9999
8.84174E-7 8.07699E-7 1.07425E-6 1.28498E-6 1.94247E-6 4.63608E-6 5.63487E-6 1.22637E-5 1.20414E-5 1.27191E-5 1.48344E-5 1.47455E-5 1.23789E-5 1.04461E-5 1.05104E-5 1.04329E-5 1.51275E-5 2.26204E-5 1.53059E-5 1.21274E-5 8.0784E-6 7.06645E-6 8.74552E-6 8.36968E-6 9.02627E-6 5.56568E-6 5.19616E-6 5.35348E-6 5.63314E-6 5.99717E-6 7.49328E-6 1.0496E-5 9.64086E-6 1.1228E-5 1.19222E-5 1.19559E-5 1.4314E-5 1.73494E-5 2.13867E-5 1.44949E-5 1.47724E-5 1.78308E-5 1.7394E-5 1.80427E-5 2.27298E-5 2.38726E-5 2.71592E-5 5.5073E-5 6.26169E-5 5.43736E-5 6.83578E-5 8.69204E-5 1.06708E-4 1.00975E-4 9.27872E-5 1.02851E-4 8.70013E-5 1.18285E-4 1.08814E-4 7.74056E-5 7.06176E-5 7.72152E-5 1.11234E-4 1.09058E-4 1.10439E-4 8.32522E-5 7.84506E-5 5.71841E-5 4.52486E-5 3.46976E-5 4.61874E-5 7.2206E-5 4.55262E-5
9.03043E-7 1.04975E-6 1.3651E-6 1.69383E-6 3.17447E-6 4.52742E-6 6.80446E-6 7.51784E-6 1.15963E-5 1.31296E-5 1.44983E-5 1.35228E-5 1.26988E-5 1.40101E-5 1.39054E-5 1.22744E-5 1.12147E-5 1.27292E-5 1.58254E-5 1.50918E-5 7.947E-6 6.53221E-6 7.98971E-6 6.06191E-6 8.39383E-6 5.25141E-6 4.7936E-6 6.38627E-6 8.24334E-6 8.29353E-6 7.80878E-6 8.34562E-6 9.74817E-6 1.00159E-5 1.04892E-5 1.23765E-5 1.26261E-5 1.52717E-5 2.15676E-5 1.35118E-5 1.35895E-5 1.53055E-5 1.60649E-5 1.72244E-5 2.0442E-5 3.31037E-5 2.74258E-5 4.1272E-5 5.95467E-5 5.50743E-5 7.5064E-5 7.65587E-5 9.56719E-5 1.40458E-4 1.48798E-4 1.06516E-4 1.02399E-4 1.13799E-4 1.20432E-4 9.21536E-5 -9999 -9999 7.93403E-5 1.08376E-4 9.54963E-5 8.05306E-5 7.49129E-5 6.67589E-5 4.80523E-5 -9999 -9999 3.75112E-5 -9999
1.29615E-6 1.89141E-6 1.98213E-6 4.5875E-6 4.9489E-6 8.10837E-6 9.27147E-6 1.24421E-5 1.12309E-5 1.25005E-5 1.23208E-5 1.10693E-5 1.24501E-5 1.77474E-5 1.89015E-5 1.35868E-5 1.28592E-5 1.05282E-5 1.44793E-5 7.69588E-6 7.5375E-6 7.24494E-6 5.09542E-6 4.42793E-6 4.51092E-6 4.5175E-6 4.50362E-6 5.29049E-6 5.50153E-6 6.51918E-6 6.83619E-6 9.32516E-6 9.39281E-6 8.69455E-6 8.50818E-6 9.92483E-6 1.03057E-5 1.42506E-5 1.39224E-5 1.13204E-5 1.19707E-5 1.56069E-5 1.62212E-5 1.91248E-5 2.60011E-5 3.11656E-5 4.31617E-5 5.12392E-5 5.54979E-5 6.32513E-5 6.53337E-5 8.25846E-5 1.09326E-4 1.95474E-4 1.17996E-4 1.03846E-4 1.00174E-4 1.01981E-4 9.93608E-5 9.07788E-5 -9999 -9999 -9999 -9999 8.20411E-5 7.07463E-5 7.37088E-5 -9999 -9999 -9999 -9999 -9999 -9999
1.33659E-6 9.54976E-7 2.26838E-6 4.55354E-6 7.56504E-6 9.0953E-6 9.35919E-6 1.00559E-5 1.20109E-5 1.46433E-5 1.46124E-5 1.37508E-5 1.3032E-5 1.19296E-5 1.74091E-5 1.70962E-5 1.81929E-5 1.72381E-5 1.87884E-5 1.51099E-5 7.87061E-6 6.81789E-6 5.83962E-6 4.96606E-6 4.6199E-6 4.53745E-6 4.95251E-6 4.24055E-6 3.41975E-6 3.95827E-6 6.10678E-6 8.30713E-6 7.78706E-6 8.41149E-6 8.00091E-6 1.01212E-5 1.07577E-5 1.2093E-5 1.34321E-5 1.25558E-5 1.43421E-5 1.70064E-5 1.43584E-5 1.84405E-5 2.58292E-5 3.04516E-5 3.31521E-5 5.58791E-5 5.74834E-5 6.8014E-5 7.20198E-5 8.37715E-5 1.46664E-4 1.51249E-4 1.5101E-4 1.36635E-4 1.73301E-4 1.19332E-4 1.02283E-4 8.82949E-5 1.04439E-4 -9999 -9999 -9999 -9999 -9999 -9999 -9999 -9999 -9999 -9999 -9999 -9999
5.38408E-7 6.33044E-7 2.05833E-6 5.82892E-6 1.03539E-5 1.20516E-5 1.14093E-5 1.09157E-5 1.41229E-5 1.2632E-5 1.12727E-5 1.10848E-5 1.18824E-5 1.3631E-5 1.59711E-5 1.56338E-5 1.60646E-5 1.86385E-5 1.78103E-5 1.74625E-5 9.05899E-6 7.76535E-6 6.83292E-6 5.70631E-6 4.97614E-6 6.0527E-6 4.96112E-6 5.33793E-6 4.0896E-6 4.11904E-6 6.02784E-6 7.75679E-6 7.97265E-6 7.64404E-6 8.37637E-6 9.35454E-6 9.74651E-6 9.48018E-6 1.28009E-5 1.21402E-5 1.38474E-5 1.43028E-5 1.38553E-5 1.88084E-5 1.86692E-5 2.75369E-5 3.89798E-5 5.91403E-5 7.22426E-5 7.5941E-5 7.96629E-5 1.07409E-4 1.11967E-4 1.25152E-4 1.24034E-4 1.60799E-4 1.63983E-4 1.36705E-4 1.1096E-4 9.28257E-5 1.34402E-4 -9999 -9999 -9999 -9999 -9999 -9999 -9999 -9999 -9999 -9999 3.62378E-5 1.98052E-5
5.15952E-7 5.62858E-7 1.00204E-6 3.12724E-6 7.06386E-6 1.03546E-5 9.69378E-6 1.06346E-5 1.25838E-5 1.27319E-5 1.28489E-5 1.19809E-5 1.11857E-5 1.39905E-5 1.51402E-5 1.64966E-5 1.50895E-5 1.46574E-5 1.33189E-5 1.42358E-5 8.53307E-6 1.13086E-5 6.44877E-6 6.2375E-6 5.58275E-6 5.85395E-6 7.27235E-6 5.21762E-6 4.08092E-6 4.82091E-6 5.79425E-6 5.82399E-6 7.87805E-6 8.37119E-6 1.05841E-5 1.08339E-5 1.2718E-5 9.37968E-6 9.54958E-6 1.31582E-5 1.54714E-5 1.55182E-5 1.41933E-5 1.90764E-5 2.27683E-5 2.95708E-5 4.36013E-5 6.15882E-5 7.34533E-5 6.50801E-5 6.33475E-5 1.01473E-4 1.33958E-4 1.63263E-4 1.11987E-4 1.26797E-4 1.34011E-4 1.49875E-4 1.34489E-4 1.3578E-4 1.36812E-4 -9999 -9999 -9999 -9999 -9999 -9999 -9999 -9999 -9999 3.89146E-5 3.29701E-5 5.35273E-5
1.06704E-6 -9999 -9999 -9999 -9999 -9999 -9999 8.60075E-6 1.05483E-5 1.20617E-5 1.38212E-5 1.38544E-5 1.54727E-5 1.74056E-5 1.29006E-5 1.49062E-5 1.6045E-5 1.70573E-5 1.31645E-5 1.46018E-5 9.87896E-6 9.99173E-6 5.68266E-6 5.57836E-6 5.90056E-6 6.13068E-6 4.53817E-6 4.48496E-6 6.62873E-6 7.28603E-6 7.66957E-6 6.77407E-6 6.55108E-6 1.06171E-5 8.58972E-6 1.21617E-5 1.47806E-5 1.42725E-5 1.43428E-5 2.07047E-5 1.56149E-5 1.8545E-5 2.11425E-5 2.89728E-5 3.25615E-5 4.83156E-5 3.99277E-5 4.6711E-5 3.99632E-5 5.882E-5 8.28455E-5 8.3495E-5 1.2955E-4 1.09786E-4 9.23761E-5 9.18325E-5 1.0505E-4 1.51782E-4 1.69456E-4 1.33525E-4 1.32159E-4 1.18585E-4 8.69337E-5 7.87299E-5 -9999 -9999 -9999 -9999 -9999 -9999 -9999 -9999 1.23952E-5
-9999 -9999 -9999 -9999 -9999 -9999 -9999 -9999 -9999 -9999 1.10914E-5 1.16409E-5 1.09986E-5 1.13197E-5 1.34354E-5 1.53709E-5 1.58037E-5 1.70546E-5 1.97457E-5 1.13341E-5 7.73628E-6 6.67313E-6 6.4709E-6 4.66455E-6 5.26704E-6 5.56977E-6 5.87107E-6 4.26488E-6 5.31117E-6 5.60377E-6 7.16784E-6 5.39746E-6 -9999 -9999 1.13023E-5 1.28896E-5 1.36936E-5 1.48581E-5 1.89992E-5 1.79638E-5 1.80551E-5 2.78143E-5 2.47051E-5 3.51679E-5 3.9496E-5 4.42012E-5 5.50109E-5 5.47219E-5 5.47387E-5 5.87208E-5 7.21019E-5 8.44713E-5 1.08516E-4 9.58655E-5 8.59412E-5 8.54578E-5 7.69711E-5 8.32677E-5 1.44322E-4 1.43552E-4 1.24047E-4 1.18981E-4 1.22544E-4 9.89442E-5 8.68925E-5 -9999 -9999 -9999 -9999 -9999 -9999 -9999 1.10024E-5
-9999 -9999 -9999 -9999 -9999 -9999 -9999 -9999 -9999 -9999 -9999 -9999 1.2347E-5 9.6923E-6 9.45746E-6 1.11943E-5 1.2853E-5 1.35197E-5 8.50618E-6 7.62066E-6 7.68118E-6 7.5344E-6 5.81546E-6 5.26025E-6 4.50945E-6 5.15908E-6 -9999 -9999 -9999 6.76405E-6 7.40807E-6 -9999 -9999 -9999 -9999 -9999 1.7208E-5 1.61317E-5 1.96308E-5 1.88468E-5 2.50744E-5 2.86141E-5 3.69416E-5 3.36192E-5 3.65737E-5 4.1426E-5 5.28134E-5 4.72199E-5 4.25443E-5 5.74836E-5 7.3289E-5 7.48321E-5 8.92943E-5 8.48733E-5 8.88112E-5 8.13509E-5 9.2149E-5 7.5931E-5 1.12769E-4 1.08706E-4 1.00555E-4 9.84777E-5 9.67598E-5 1.0364E-4 8.80113E-5 -9999 -9999 -9999 -9999 -9999 -9999 -9999 1.75463E-5
-9999 -9999 -9999 -9999 -9999 -9999 -9999 -9999 -9999 -9999 -9999 -9999 -9999 -9999 1.19719E-5 9.30355E-6 1.10953E-5 1.17149E-5 7.71245E-6 6.91111E-6 7.5608E-6 8.28128E-6 -9999 -9999 -9999 -9999 -9999 -9999 -9999 -9999 -9999 -9999 -9999 -9999 -9999 -9999 -9999 2.18362E-5 2.43989E-5 1.94849E-5 2.67017E-5 3.01956E-5 2.70747E-5 3.08876E-5 4.60652E-5 4.37362E-5 4.16372E-5 5.64843E-5 6.21544E-5 7.73462E-5 1.07336E-4 1.02332E-4 7.9538E-5 9.69826E-5 1.04023E-4 1.15494E-4 8.54564E-5 9.39523E-5 8.57228E-5 5.52438E-5 6.20774E-5 6.28598E-5 7.78982E-5 8.17953E-5 7.55963E-5 -9999 -9999 -9999 -9999 -9999 -9999 1.59993E-5 1.28524E-5
-9999 -9999 -9999 -9999 -9999 -9999 -9999 -9999 -9999 -9999 -9999 -9999 -9999 -9999 1.08641E-5 1.22259E-5 1.08173E-5 8.54352E-6 7.81693E-6 7.11328E-6 7.37236E-6 6.60696E-6 -9999 -9999 -9999 -9999 -9999 -9999 -9999 -9999 -9999 -9999 -9999 -9999 -9999 -9999 -9999 -9999 -9999 3.01314E-5 3.34306E-5 3.6202E-5 3.25613E-5 4.30824E-5 5.10275E-5 4.30904E-5 5.80649E-5 5.77053E-5 6.88447E-5 8.30508E-5 1.05108E-4 9.28684E-5 9.61701E-5 1.20858E-4 1.23473E-4 1.29233E-4 1.33887E-4 1.02333E-4 9.34686E-5 6.91752E-5 6.10978E-5 6.89641E-5 6.03749E-5 5.59384E-5 6.15153E-5 -9999 -9999 -9999 -9999 -9999 -9999 -9999 6.11756E-6
-9999 -9999 -9999 -9999 -9999 -9999 -9999 -9999 -9999 -9999 -9999 -9999 -9999 -9999 -9999 9.7309E-6 1.32372E-5 9.88423E-6 8.57634E-6 7.95771E-6 7.1624E-6 -9999 -9999 -9999 -9999 -9999 -9999 -9999 -9999 -9999 -9999 -9999 -9999 -9999 -9999 -9999 -9999 -9999 -9999 -9999 4.26549E-5 5.98888E-5 4.21608E-5 5.37521E-5 5.24074E-5 5.70983E-5 5.03606E-5 6.45044E-5 7.75444E-5 8.30485E-5 9.78115E-5 8.0777E-5 8.43297E-5 1.26549E-4 1.24881E-4 1.21673E-4 1.06022E-4 8.44761E-5 6.48046E-5 6.6288E-5 6.375E-5 6.43195E-5 5.54873E-5 4.06555E-5 4.61242E-5 -9999 -9999 -9999 -9999 -9999 -9999 -9999 7.36438E-6
-9999 -9999 -9999 -9999 -9999 -9999 -9999 -9999 -9999 -9999 -9999 -9999 -9999 -9999 -9999 1.06594E-5 9.53676E-6 1.01071E-5 9.32019E-6 -9999 -9999 -9999 -9999 -9999 -9999 -9999 -9999 -9999 -9999 -9999 -9999 -9999 -9999 -9999 -9999 -9999 -9999 -9999 -9999 -9999 3.17231E-5 4.59887E-5 5.14809E-5 5.54249E-5 5.2523E-5 6.67437E-5 7.29942E-5 6.90272E-5 7.61282E-5 8.3471E-5 8.62466E-5 6.28144E-5 7.37947E-5 1.12928E-4 1.08957E-4 1.31099E-4 1.1388E-4 8.0415E-5 7.94426E-5 6.41481E-5 4.40375E-5 4.00773E-5 4.01026E-5 3.99759E-5 4.05615E-5 4.45303E-5 -9999 -9999 -9999 -9999 -9999 5.8437E-6 7.1389E-6
-9999 -9999 -9999 -9999 -9999 -9999 -9999 -9999 -9999 -9999 -9999 -9999 -9999 -9999 -9999 -9999 -9999 -9999 -9999 -9999 -9999 -9999 -9999 -9999 -9999 -9999 -9999 -9999 -9999 -9999 -9999 -9999 -9999 -9999 -9999 -9999 -9999 -9999 -9999 -9999 -9999 3.93327E-5 4.13432E-5 4.78625E-5 5.23879E-5 7.15518E-5 6.49301E-5 7.79505E-5 7.15418E-5 8.78479E-5 7.69035E-5 5.64368E-5 7.02827E-5 7.85497E-5 9.9626E-5 9.99009E-5 9.52472E-5 9.28053E-5 7.86134E-5 -9999 -9999 -9999 -9999 -9999 3.05571E-5 2.94812E-5 -9999 -9999 -9999 -9999 1.93123E-5 1.22754E-5 7.63178E-6
-9999 -9999 -9999 -9999 -9999 -9999 -9999 -9999 -9999 -9999 -9999 -9999 -9999 -9999 -9999 -9999 -9999 -9999 -9999 -9999 -9999 -9999 -9999 -9999 -9999 -9999 -9999 -9999 -9999 -9999 -9999 -9999 -9999 -9999 -9999 -9999 -9999 -9999 -9999 -9999 -9999 4.79344E-5 4.86937E-5 5.58353E-5 4.51294E-5 5.95326E-5 6.00947E-5 6.70017E-5 6.96034E-5 8.36723E-5 7.66762E-5 6.38288E-5 6.82041E-5 8.63446E-5 9.27507E-5 9.82407E-5 1.05661E-4 7.68621E-5 9.37657E-5 -9999 -9999 -9999 -9999 -9999 -9999 -9999 -9999 -9999 8.56291E-6 1.60709E-5 3.07613E-5 2.13233E-5 2.78236E-5
-9999 -9999 -9999 -9999 -9999 -9999 -9999 -9999 -9999 -9999 -9999 -9999 -9999 -9999 -9999 -9999 -9999 -9999 -9999 -9999 -9999 -9999 -9999 -9999 -9999 -9999 -9999 -9999 -9999 -9999 -9999 -9999 -9999 -9999 -9999 -9999 -9999 -9999 -9999 -9999 3.61492E-5 5.1742E-5 4.39009E-5 4.49144E-5 3.509E-5 3.68276E-5 4.41082E-5 4.99475E-5 5.59705E-5 5.89054E-5 8.05478E-5 7.50953E-5 6.7913E-5 8.20871E-5 8.76558E-5 7.94332E-5 8.53379E-5 8.3015E-5 9.48243E-5 6.61955E-5 2.59391E-5 -9999 -9999 -9999 3.89272E-5 -9999 3.21418E-5 8.06563E-6 1.17121E-5 1.06133E-5 4.05066E-5 5.65706E-5 4.18142E-5
-9999 -9999 -9999 -9999 -9999 -9999 -9999 -9999 -9999 -9999 -9999 -9999 -9999 -9999 -9999 -9999 -9999 -9999 -9999 -9999 -9999 -9999 -9999 -9999 -9999 -9999 -9999 -9999 -9999 -9999 -9999 -9999 -9999 -9999 -9999 -9999 -9999 -9999 -9999 3.48969E-5 3.36676E-5 3.99263E-5 4.33647E-5 4.69931E-5 3.74959E-5 4.24423E-5 4.94592E-5 5.32867E-5 5.28215E-5 6.05552E-5 5.92807E-5 6.94606E-5 7.29012E-5 7.14531E-5 8.22692E-5 6.74384E-5 9.55122E-5 8.47767E-5 8.33303E-5 6.5295E-5 4.14405E-5 3.4598E-5 3.71513E-5 3.37283E-5 4.76871E-5 4.36209E-5 3.44215E-5 1.35276E-5 -9999 -9999 -9999 -9999 -9999
-9999 -9999 -9999 -9999 -9999 -9999 -9999 -9999 -9999 -9999 -9999 -9999 -9999 -9999 -9999 -9999 -9999 -9999 -9999 -9999 -9999 -9999 -9999 -9999 -9999 -9999 -9999 -9999 -9999 -9999 -9999 -9999 -9999 -9999 -9999 -9999 -9999 -9999 3.53426E-5 3.48685E-5 3.50645E-5 3.90654E-5 3.99015E-5 4.09263E-5 3.85344E-5 4.31789E-5 4.57587E-5 5.74531E-5 5.97016E-5 6.47776E-5 6.18949E-5 6.51343E-5 6.72226E-5 7.0391E-5 8.06598E-5 7.63832E-5 8.02969E-5 5.8305E-5 4.77165E-5 3.73751E-5 3.49555E-5 4.94152E-5 4.59178E-5 3.49856E-5 4.56756E-5 3.37912E-5 -9999 -9999 -9999 -9999 -9999 -9999 -9999
-9999 -9999 -9999 -9999 -9999 -9999 -9999 -9999 -9999 -9999 -9999 -9999 -9999 -9999 -9999 -9999 -9999 -9999 -9999 -9999 -9999 -9999 -9999 -9999 -9999 -9999 -9999 -9999 -9999 -9999 -9999 -9999 -9999 -9999 -9999 -9999 -9999 2.91742E-5 3.44734E-5 3.09979E-5 3.72195E-5 3.72093E-5 3.81565E-5 4.20801E-5 4.20748E-5 4.70779E-5 5.21775E-5 5.54654E-5 6.32632E-5 6.18526E-5 6.08131E-5 5.55811E-5 5.7827E-5 5.69889E-5 6.87867E-5 7.36315E-5 7.46546E-5 6.61341E-5 5.23339E-5 4.59308E-5 5.8273E-5 7.07663E-5 5.75738E-5 4.90488E-5 -9999 -9999 -9999 -9999 -9999 -9999 -9999 -9999 -9999
-9999 -9999 -9999 -9999 -9999 -9999 -9999 -9999 -9999 -9999 -9999 -9999 -9999 -9999 -9999 -9999 -9999 -9999 -9999 -9999 -9999 -9999 -9999 -9999 -9999 -9999 -9999 -9999 -9999 -9999 -9999 -9999 -9999 -9999 -9999 -9999 1.76608E-5 2.23931E-5 3.26146E-5 3.83035E-5 4.27575E-5 4.07855E-5 4.423E-5 4.53563E-5 4.72123E-5 4.77231E-5 5.65704E-5 5.97139E-5 5.907E-5 5.68627E-5 5.18781E-5 5.42467E-5 5.60511E-5 4.61626E-5 5.92897E-5 8.14155E-5 9.20337E-5 9.56219E-5 7.26501E-5 5.89651E-5 5.68867E-5 7.13278E-5 -9999 -9999 -9999 -9999 -9999 -9999 -9999 -9999 -9999 -9999 -9999
-9999 -9999 -9999 -9999 -9999 -9999 -9999 -9999 -9999 -9999 -9999 -9999 -9999 -9999 -9999 -9999 -9999 -9999 -9999 -9999 -9999 -9999 -9999 -9999 -9999 -9999 -9999 -9999 -9999 -9999 -9999 -9999 -9999 -9999 -9999 -9999 -9999 3.10015E-5 3.77702E-5 3.46622E-5 3.98452E-5 4.42677E-5 4.72724E-5 5.03341E-5 4.8168E-5 5.13343E-5 5.46284E-5 5.80175E-5 5.29377E-5 5.03622E-5 5.12813E-5 4.75224E-5 4.64081E-5 4.93634E-5 6.52866E-5 7.22523E-5 7.57568E-5 7.26075E-5 6.38957E-5 8.82006E-5 -9999 -9999 -9999 -9999 -9999 -9999 -9999 -9999 -9999 -9999 -9999 -9999 -9999
-9999 -9999 -9999 -9999 -9999 -9999 -9999 -9999 -9999 -9999 -9999 -9999 -9999 -9999 -9999 -9999 -9999 -9999 -9999 -9999 -9999 -9999 -9999 -9999 -9999 -9999 -9999 -9999 -9999 -9999 -9999 -9999 -9999 -9999 -9999 -9999 -9999 -9999 -9999 4.35389E-5 4.02428E-5 4.25407E-5 4.41387E-5 4.496E-5 5.24677E-5 5.25797E-5 5.22218E-5 5.79628E-5 5.30649E-5 5.55856E-5 3.86291E-5 5.22407E-5 4.59674E-5 6.83921E-5 6.14075E-5 7.86828E-5 8.72074E-5 8.55681E-5 9.0941E-5 -9999 -9999 -9999 -9999 -9999 -9999 -9999 -9999 -9999 -9999 -9999 -9999 -9999 -9999
-9999 -9999 -9999 -9999 -9999 -9999 -9999 -9999 -9999 -9999 -9999 -9999 -9999 -9999 -9999 -9999 -9999 -9999 -9999 -9999 -9999 -9999 -9999 -9999 -9999 -9999 -9999 -9999 -9999 -9999 -9999 -9999 -9999 -9999 -9999 -9999 -9999 -9999 -9999 -9999 4.45652E-5 4.48687E-5 4.74837E-5 4.41152E-5 5.85437E-5 5.59754E-5 5.41311E-5 5.73077E-5 7.28775E-5 5.72212E-5 4.64539E-5 4.57147E-5 4.33204E-5 7.70235E-5 9.0948E-5 9.92869E-5 1.19421E-4 -9999 -9999 -9999 -9999 -9999 -9999 -9999 -9999 -9999 -9999 -9999 -9999 -9999 -9999 -9999 -9999
-9999 -9999 -9999 -9999 -9999 -9999 -9999 -9999 -9999 -9999 -9999 -9999 -9999 -9999 -9999 -9999 -9999 -9999 -9999 -9999 -9999 -9999 -9999 -9999 -9999 -9999 -9999 -9999 -9999 -9999 -9999 -9999 -9999 -9999 -9999 -9999 -9999 -9999 -9999 -9999 4.70826E-5 4.80758E-5 5.70906E-5 5.74102E-5 5.66657E-5 4.92185E-5 5.55381E-5 5.22751E-5 6.73545E-5 8.17082E-5 6.33225E-5 5.22107E-5 6.20122E-5 1.04656E-4 1.23939E-4 1.32823E-4 1.6441E-4 -9999 -9999 -9999 -9999 -9999 -9999 -9999 -9999 -9999 -9999 -9999 -9999 -9999 -9999 -9999 -9999
-9999 -9999 -9999 -9999 -9999 -9999 -9999 -9999 -9999 -9999 -9999 -9999 -9999 -9999 -9999 -9999 -9999 -9999 -9999 -9999 -9999 -9999 -9999 -9999 -9999 -9999 -9999 -9999 -9999 -9999 -9999 -9999 -9999 -9999 -9999 -9999 -9999 -9999 -9999 -9999 -9999 5.38091E-5 6.66887E-5 7.31338E-5 6.97628E-5 4.90977E-5 4.67324E-5 5.54028E-5 6.92204E-5 8.95384E-5 9.14298E-5 7.27498E-5 9.07569E-5 1.40959E-4 1.70249E-4 1.71411E-4 -9999 -9999 -9999 -9999 -9999 -9999 -9999 -9999 -9999 -9999 -9999 -9999 -9999 -9999 -9999 -9999 -9999
-9999 -9999 -9999 -9999 -9999 -9999 -9999 -9999 -9999 -9999 -9999 -9999 -9999 -9999 -9999 -9999 -9999 -9999 -9999 -9999 -9999 -9999 -9999 -9999 -9999 -9999 -9999 -9999 -9999 -9999 -9999 -9999 -9999 -9999 -9999 -9999 -9999 -9999 -9999 -9999 -9999 -9999 -9999 -9999 7.97661E-5 6.94693E-5 6.04936E-5 7.19716E-5 9.14046E-5 1.11022E-4 1.31673E-4 1.2863E-4 1.36216E-4 1.56345E-4 1.99095E-4 -9999 -9999 -9999 -9999 -9999 -9999 -9999 -9999 -9999 -9999 -9999 -9999 -9999 -9999 -9999 -9999 -9999 -9999
-9999 -9999 -9999 -9999 -9999 -9999 -9999 -9999 -9999 -9999 -9999 -9999 -9999 -9999 -9999 -9999 -9999 -9999 -9999 -9999 -9999 -9999 -9999 -9999 -9999 -9999 -9999 -9999 -9999 -9999 -9999 -9999 -9999 -9999 -9999 -9999 -9999 -9999 -9999 -9999 -9999 -9999 -9999 -9999 -9999 8.92699E-5 7.38333E-5 8.28832E-5 9.78895E-5 1.12272E-4 1.34061E-4 1.6569E-4 1.69595E-4 2.03446E-4 -9999 -9999 -9999 -9999 -9999 -9999 -9999 -9999 -9999 -9999 -9999 -9999 -9999 -9999 -9999 -9999 -9999 -9999 -9999
-9999 -9999 -9999 -9999 -9999 -9999 -9999 -9999 -9999 -9999 -9999 -9999 -9999 -9999 -9999 -9999 -9999 -9999 -9999 -9999 -9999 -9999 -9999 -9999 -9999 -9999 -9999 -9999 -9999 -9999 -9999 -9999 -9999 -9999 -9999 -9999 -9999 -9999 -9999 -9999 -9999 -9999 -9999 -9999 -9999 -9999 -9999 1.21362E-4 1.52136E-4 1.32949E-4 1.53581E-4 1.83096E-4 2.01304E-4 2.22729E-4 -9999 -9999 -9999 -9999 -9999 -9999 -9999 -9999 -9999 -9999 -9999 -9999 -9999 -9999 -9999 -9999 -9999 -9999 -9999
