ENM/Final_Models/M_1_F_q_Set_1_EC/Gustavia_santanderiensis_1_Choco_novel.asc
ncols         367
nrows         963
xllcorner     -78.6
yllcorner     0.65
cellsize      0.00833333333333323
NODATA_value  -9999
[rows 240 to 269 of 963, columns 204 to 271 of 367]
-2.28744E1 -2.28109E1 -2.45558E1 -2.55711E1 -2.93147E1 -2.38896E1 -2.84898E1 -2.81409E1 -2.9283E1 -2.30013E1 -2.12563E1 -2.40165E1 -2.22081E1 -2.55076E1 -2.51904E1 -2.49365E1 -2.69353E1 -2.56662E1 -2.51586E1 -2.49048E1 -2.31282E1 -2.13198E1 -2.34454E1 -2.52221E1 -2.66497E1 -2.28426E1 -2.35089E1 -2.49683E1 -2.40799E1 -2.45876E1 -2.54442E1 -2.11294E1 -8.72462E0 -6.66244E-1 1.59665E-1 1.45694E0 1.53677E0 1.11765E0 3.99162E-1 2.79413E-1 1.79623E-1 1.99581E-1 -8.97843E0 -3.29949E0 5.1891E-1 4.01158E0 5.1891E-1 5.1891E-1 3.99162E-1 2.79413E-1 1.59665E-1 1.39707E-1 1.19749E-1 2.39497E-1 6.98533E-1 3.99162E-1 3.19329E-1 9.24059E0 9.999E0 6.14709E0 2.29917E1 1.79423E1 1.98982E1 1.46093E1 1.82417E1 1.74234E1 1.70442E1 8.86139E0
-2.34454E1 -2.50635E1 -3.04886E1 -3.25825E1 -3.26459E1 -2.3953E1 -3.25825E1 -2.54442E1 -2.56345E1 -2.37627E1 -2.1986E1 -2.37944E1 -2.71891E1 -2.76015E1 -2.3953E1 -2.21447E1 -2.65863E1 -2.33503E1 -2.53807E1 -2.51586E1 -2.52855E1 -2.03363E1 -2.21129E1 -2.40799E1 -2.61421E1 -2.24302E1 -1.82424E1 -1.63071E1 -2.10025E1 -2.61421E1 -2.09391E1 -2.59518E1 -1.52602E1 -1.0882E1 -4.37817E0 3.19329E-1 9.18072E-1 1.03782E0 3.19329E-1 2.79413E-1 2.19539E-1 3.99162E-2 -4.94924E0 -1.80838E0 9.18072E-1 3.63237E0 4.1912E-1 4.01158E0 5.1891E-1 2.99371E-1 3.19329E-1 2.39497E-1 5.98743E-2 2.99371E-1 3.19329E-1 6.98533E-1 3.19329E-1 4.59036E0 6.94541E0 1.89602E1 2.8081E1 1.89602E1 4.25506E1 1.89602E1 2.53468E1 1.85411E1 1.27532E1 8.08303E0
-2.42703E1 -2.8585E1 -2.87437E1 -3.85152E1 -3.61041E1 -3.12817E1 -2.31282E1 -2.8014E1 -2.7665E1 -2.02411E1 -2.53173E1 -2.0019E1 -2.14467E1 -2.17957E1 -2.0368E1 -2.56345E1 -2.84898E1 -3.01713E1 -2.6967E1 -2.24937E1 -2.11929E1 -2.20812E1 -2.04949E1 -2.47462E1 -2.35089E1 -2.27157E1 -2.03997E1 -2.55076E1 -2.29695E1 -2.76015E1 -2.33503E1 -3.00761E1 -2.09708E1 -1.75127E1 -7.89975E0 3.19329E-1 5.8078E0 6.14709E0 6.98533E-1 9.97904E-2 9.97904E-2 3.99162E-2 -4.28299E0 -9.89848E0 7.98324E-2 3.03363E0 6.0473E0 5.98743E0 4.1912E-1 2.99371E-1 2.19539E-1 1.79623E-1 3.39287E-1 1.99581E-1 1.99581E-1 3.99162E-1 3.19329E-1 7.50424E0 5.08931E0 6.94541E0 2.8081E1 2.17743E1 1.98982E1 1.37711E1 2.53468E1 1.43698E1 1.3352E1 8.82148E0
-2.95368E1 -3.29315E1 -3.01079E1 -3.36929E1 -3.6802E1 -2.84264E1 -2.54442E1 -2.7316E1 -2.66497E1 -2.60152E1 -2.5698E1 -2.05901E1 -2.65863E1 -2.36992E1 -2.83312E1 -2.83947E1 -2.60152E1 -2.47779E1 -2.33503E1 -2.36358E1 -1.95114E1 -1.98921E1 -1.86865E1 -2.01777E1 -2.38261E1 -1.79569E1 -1.78617E1 -2.26206E1 -2.84581E1 -2.68084E1 -3.54839E1 -3.14086E1 -2.15419E1 -1.39911E1 -9.51777E0 3.19329E-1 8.78156E-1 1.73635E0 3.99162E-1 1.19749E-1 3.99162E-2 3.99162E-2 -2.44289E0 -1.26586E1 8.58198E-1 4.23111E0 4.23111E0 4.01158E0 5.08931E0 3.19329E-1 2.19539E-1 9.97904E-2 2.99371E-1 3.19329E-1 2.19539E-1 2.99371E-1 1.35715E0 1.08772E1 4.23111E0 5.6681E0 2.41493E1 2.17743E1 3.0955E1 2.06965E1 1.08772E1 7.06516E0 1.43898E1 1.02984E1
-3.30266E1 -2.86485E1 -3.15355E1 -3.54061E1 -3.2519E1 -2.4651E1 -2.61421E1 -2.92513E1 -3.0901E1 -2.94734E1 -2.99175E1 -2.48096E1 -2.13198E1 -2.24302E1 -2.53807E1 -2.50952E1 -2.70939E1 -2.43972E1 -2.1415E1 -2.27157E1 -2.32868E1 -2.21764E1 -2.29061E1 -2.35089E1 -2.63959E1 -2.58883E1 -2.35723E1 -2.32551E1 -2.05901E1 -2.27792E1 -3.11865E1 -3.52475E1 -2.57297E1 -1.75127E1 -1.8401E1 7.98324E-2 8.78156E-1 4.1912E-1 3.19329E-1 3.99162E-2 3.99162E-2 -2.30415E0 -5.55203E0 -1.12944E1 1.27732E0 1.28331E1 2.57459E0 6.14709E0 1.08772E1 8.78156E-1 4.1912E-1 5.98743E-1 6.98533E-1 7.58407E-1 3.19329E-1 1.53677E0 5.6681E0 6.14709E0 5.08931E0 1.08772E1 2.8081E1 1.69245E1 1.62858E1 1.89602E1 1.48289E1 1.54476E1 2.29917E1 1.62858E1
-3.90546E1 -3.50571E1 -3.70558E1 -4.07678E1 -3.67703E1 -3.38515E1 -3.49619E1 -2.69036E1 -2.96637E1 -2.71256E1 -2.78871E1 -2.83947E1 -2.58883E1 -2.71891E1 -2.6047E1 -2.70305E1 -2.64594E1 -2.78236E1 -2.47462E1 -2.60152E1 -2.54124E1 -2.63008E1 -2.37944E1 -2.81726E1 -2.78871E1 -2.53807E1 -2.05584E1 -2.8014E1 -2.95368E1 -3.03299E1 -3.46764E1 -3.4264E1 -3.04251E1 -1.80838E1 -1.42132E1 3.99162E-1 1.03782E0 1.11765E0 3.19329E-1 3.99162E-2 3.99162E-2 -1.84332E0 -1.84332E1 -1.30711E1 3.45275E0 2.41493E0 1.98982E1 2.17743E1 2.19539E0 9.999E0 3.51262E0 1.99581E-1 2.19539E-1 3.99162E-1 3.99162E-1 3.31304E0 9.48009E0 2.97376E0 2.06965E1 1.17753E1 1.89602E1 4.764E1 4.46662E1 1.08772E1 1.59066E1 1.58068E1 2.02175E1 1.62858E1
-4.01967E1 -3.63579E1 -4.02602E1 -3.81662E1 -3.2297E1 -3.68655E1 -3.5533E1 -2.27475E1 -2.2684E1 -2.42069E1 -2.58566E1 -2.58249E1 -2.85216E1 -2.41751E1 -2.93464E1 -3.14086E1 -2.87119E1 -2.81091E1 -2.63008E1 -2.41434E1 -2.54759E1 -2.51586E1 -1.91942E1 -2.35089E1 -2.46193E1 -2.58566E1 -2.91878E1 -3.69607E1 -3.60406E1 -3.73272E1 -3.73272E1 -3.87056E1 -3.33122E1 -1.75127E1 -9.86675E0 1.03782E0 4.23111E0 6.58617E-1 1.99581E-1 3.99162E-2 1.99581E-2 -4.4099E0 -1.67195E1 -9.20051E0 7.82357E0 6.94541E0 2.17743E1 1.69245E1 1.98982E1 6.94541E0 1.08772E1 5.08931E0 9.999E0 3.51262E0 9.24059E0 8.40236E0 9.24059E0 6.94541E0 1.62858E1 1.98982E1 1.69245E1 3.20926E1 2.06965E1 1.62858E1 1.19749E1 1.62858E1 9.24059E0 5.09929E1
-3.57551E1 -3.60089E1 -3.9118E1 -4.41307E1 -4.32424E1 -4.11485E1 -4.2132E1 -4.10533E1 -3.00127E1 -2.85533E1 -2.6047E1 -2.26206E1 -2.50317E1 -2.96637E1 -2.60152E1 -2.66497E1 -2.88071E1 -3.03299E1 -2.62373E1 -2.5349E1 -2.50317E1 -2.58883E1 -2.78871E1 -2.42386E1 -2.45876E1 -2.32551E1 -2.47145E1 -2.96637E1 -3.06155E1 -3.14721E1 -4.18782E1 -3.90546E1 -4.34645E1 -2.63008E1 -1.49112E1 1.79623E-1 4.23111E0 3.19329E-1 1.39707E-1 3.99162E-2 -4.44162E0 -2.21198E1 -2.26523E1 -1.39594E0 6.14709E0 1.98982E1 2.41493E1 2.53468E1 2.53468E1 2.17743E1 2.17743E1 1.98982E1 8.40236E0 1.37711E1 1.08772E1 5.0494E0 1.58467E1 1.98982E1 1.98982E1 2.53468E1 1.79423E1 1.62858E1 1.28331E1 2.06965E1 6.94541E0 6.94541E0 1.37711E1 2.53468E1
-3.41371E1 -3.47716E1 -4.1434E1 -4.4099E1 -4.1783E1 -3.67703E1 -4.79695E1 -4.26713E1 -3.19162E1 -3.02348E1 -3.13769E1 -2.74112E1 -3.17893E1 -3.16624E1 -2.74429E1 -2.89975E1 -2.81409E1 -2.6047E1 -2.99175E1 -2.26523E1 -2.42069E1 -2.02728E1 -2.07487E1 -2.6047E1 -1.92576E1 -2.44607E1 -1.97335E1 -2.65863E1 -2.68084E1 -2.68084E1 -3.61992E1 -4.06409E1 -4.09581E1 -3.14404E1 -2.0019E1 -5.04442E0 2.97376E0 3.19329E-1 3.99162E-2 1.99581E-2 -1.07234E1 -2.90323E1 -1.85914E1 -3.45812E0 3.51262E0 1.79423E1 2.68237E1 2.68237E1 2.53468E1 2.17743E1 1.69245E1 2.17743E1 6.94541E0 9.24059E0 7.145E0 4.03153E0 5.8078E0 1.10169E1 1.17753E1 1.98982E1 1.69245E1 1.62858E1 2.41493E1 2.06965E1 6.94541E0 2.57459E0 1.62858E1 2.53468E1
-3.97525E1 -3.88959E1 -4.44162E1 -3.76269E1 -4.35914E1 -3.49302E1 -4.61929E1 -3.75E1 -3.86739E1 -3.58185E1 -3.96574E1 -3.62627E1 -3.48668E1 -3.28997E1 -3.18528E1 -3.0203E1 -3.37881E1 -2.79505E1 -2.82043E1 -2.43972E1 -2.5349E1 -1.82107E1 -1.57043E1 -1.91942E1 -2.49048E1 -2.15419E1 -2.02728E1 -2.62373E1 -2.72208E1 -2.73794E1 -2.77602E1 -4.18147E1 -4.12754E1 -3.15355E1 -1.90673E1 -1.02157E1 -3.17259E-1 -7.86802E0 -1.81789E1 -1.59898E1 -2.65863E1 -2.94931E1 -1.41815E1 7.38449E-1 7.50424E0 1.98982E1 2.17743E1 1.98982E1 2.53468E1 2.41493E1 2.17743E1 9.999E0 3.31304E0 4.23111E0 5.12923E0 1.53677E0 3.77208E0 8.40236E0 2.17743E1 1.98982E1 1.69245E1 2.06965E1 1.69245E1 2.53468E1 1.61661E1 6.94541E0 1.63856E1 1.79423E1
-4.36548E1 -3.85152E1 -4.09581E1 -4.00698E1 -3.8198E1 -4.00381E1 -4.29251E1 -4.30203E1 -3.80393E1 -3.93401E1 -3.80711E1 -3.57551E1 -3.94987E1 -3.53426E1 -3.07424E1 -3.39784E1 -3.55964E1 -2.74746E1 -2.65228E1 -2.43338E1 -2.43972E1 -2.35406E1 -2.39213E1 -2.68401E1 -2.6967E1 -2.08756E1 -1.9448E1 -2.70305E1 -2.69036E1 -2.88706E1 -2.87437E1 -4.00922E1 -4.00922E1 -3.94036E1 -3.11231E1 -3.19162E1 -3.92449E1 -4.20685E1 -3.97843E1 -3.13364E1 -1.99556E1 -1.34201E1 -8.43909E0 1.8561E0 1.17753E1 1.98982E1 6.94541E0 2.16346E1 2.37501E1 2.41493E1 1.62858E1 5.08931E0 2.41493E0 5.52839E0 3.93174E0 1.11765E0 1.45694E0 8.40236E0 1.69245E1 2.53468E1 2.53468E1 3.52659E1 4.25506E1 2.17743E1 1.89602E1 7.50424E0 3.67229E0 5.08931E0
-4.65102E1 -4.04188E1 -3.95305E1 -3.94987E1 -3.88325E1 -3.92449E1 -4.0165E1 -3.80711E1 -3.26142E1 -4.06409E1 -3.80076E1 -3.34708E1 -3.58503E1 -3.38832E1 -3.44543E1 -2.93782E1 -3.125E1 -2.98223E1 -2.77602E1 -3.18211E1 -2.75698E1 -2.15102E1 -2.25571E1 -2.18274E1 -1.98604E1 -2.34137E1 -2.30964E1 -2.74112E1 -2.95685E1 -2.74746E1 -2.43338E1 -2.88388E1 -4.10138E1 -5.16129E1 -5.16129E1 -5.20737E1 -4.19355E1 -2.47145E1 -2.26206E1 -1.26904E1 3.99162E-2 -4.75888E0 7.98324E-2 3.7122E0 4.23111E0 2.95978E1 2.41493E1 2.29917E1 2.29917E1 1.62858E1 6.94541E0 9.999E0 6.14709E0 1.95589E0 8.18282E-1 1.2374E0 2.97376E0 9.999E0 1.69245E1 1.98982E1 2.17743E1 6.57419E1 3.86987E1 1.69245E1 2.06965E1 1.08772E1 2.97376E0 5.08931E0
-4.72398E1 -4.85406E1 -5.3934E1 -5.41244E1 -4.73033E1 -4.75888E1 -4.65438E1 -4.65438E1 -3.73731E1 -3.63579E1 -3.56916E1 -3.49302E1 -3.01079E1 -2.74429E1 -3.06472E1 -3.00127E1 -2.88071E1 -3.04886E1 -3.35977E1 -2.56345E1 -2.30647E1 -2.40799E1 -2.44607E1 -1.98604E1 -2.03046E1 -1.96383E1 -2.10977E1 -2.44924E1 -4.23963E1 -4.19355E1 -4.42396E1 -2.92195E1 -4.37788E1 -3.45622E1 -4.28571E1 -4.28571E1 -2.69987E1 -1.52284E1 -1.23096E1 -1.2151E1 -6.40863E0 -7.55076E0 2.19539E-1 1.79623E0 3.45275E0 7.94332E0 1.98982E1 2.06965E1 2.06965E1 2.06965E1 5.08931E0 9.50005E0 8.3824E-1 2.79413E-1 2.99371E-1 1.2374E0 6.92546E0 1.94791E1 1.89602E1 1.55074E1 2.17743E1 4.94561E1 3.86987E1 3.52659E1 1.08772E1 1.62858E1 1.83614E0 2.57459E0
-4.17195E1 -5.21256E1 -4.74654E1 -5.07931E1 -5.49175E1 -5.14594E1 -6.35945E1 -4.70046E1 -4.29569E1 -3.36929E1 -3.15038E1 -3.63579E1 -2.96003E1 -2.74746E1 -3.41371E1 -3.26459E1 -3.21066E1 -3.03617E1 -2.79822E1 -2.74112E1 -2.58249E1 -2.78871E1 -2.40165E1 -3.06472E1 -2.14784E1 -2.69987E1 -2.77284E1 -2.17957E1 -2.35406E1 -2.27157E1 -2.72843E1 -4.42396E1 -3.64055E1 -3.26777E1 -2.9981E1 -2.90926E1 -3.06789E1 -2.36041E1 -1.92893E1 -2.53173E1 -2.53173E1 -1.97652E1 -9.10533E0 3.99162E-1 2.19539E0 8.40236E0 7.94332E0 2.06965E1 2.06965E1 5.08931E0 9.999E0 6.14709E0 2.79413E-1 3.19329E-1 3.99162E-1 3.31304E0 1.42301E1 1.79423E1 2.53468E1 2.06965E1 2.29917E1 1.98982E1 4.25506E1 1.79423E1 1.37711E1 1.79423E1 1.63856E1 2.07564E0
-3.99112E1 -4.93655E1 -3.86104E1 -4.59708E1 -5.82805E1 -4.13388E1 -4.8953E1 -4.79263E1 -4.79263E1 -3.93401E1 -3.95622E1 -3.95305E1 -3.44543E1 -3.04569E1 -3.49937E1 -3.01713E1 -3.41371E1 -3.15038E1 -3.16942E1 -2.69987E1 -2.41117E1 -2.60787E1 -2.81091E1 -2.76332E1 -2.79822E1 -3.59772E1 -3.06155E1 -2.52221E1 -2.49683E1 -2.51269E1 -2.34137E1 -4.37788E1 -3.54839E1 -2.71256E1 -2.35406E1 -3.41014E1 -2.48414E1 -1.41815E1 -2.37944E0 -1.70051E1 -2.10343E1 -2.29378E1 -1.58312E1 -6.34518E-1 2.99371E-1 6.02734E0 7.50424E0 1.62858E1 2.06965E1 7.50424E0 9.999E0 4.23111E0 2.59455E-1 1.59665E-1 2.97376E0 1.03782E0 2.06965E1 1.17753E1 1.79423E1 2.06965E1 2.29917E1 2.06965E1 4.25506E1 1.79423E1 1.62858E1 1.98982E1 1.08772E1 1.49087E1
-4.83871E1 -4.44162E1 -5.05076E1 -4.83871E1 -4.43211E1 -4.60343E1 -5.12373E1 -5.05076E1 -3.3566E1 -3.36612E1 -3.57551E1 -3.8547E1 -3.87373E1 -3.02982E1 -3.36929E1 -3.01079E1 -3.24556E1 -3.10596E1 -2.79822E1 -2.64594E1 -2.48096E1 -2.72843E1 -2.87119E1 -2.62373E1 -2.40799E1 -3.02982E1 -3.11865E1 -2.70305E1 -2.7316E1 -2.40482E1 -2.57614E1 -4.37788E1 -4.3318E1 -3.59447E1 -2.61421E1 -2.08439E1 -1.31345E1 -3.99746E0 2.99371E-1 1.99581E-2 -8.15355E0 -2.20178E1 -1.72272E1 -8.88325E0 -4.34645E0 3.27313E0 2.7143E0 6.14709E0 6.94541E0 3.31304E0 3.31304E0 9.24059E0 2.97376E0 2.97376E0 5.6681E0 2.97376E0 7.50424E0 1.96787E1 1.17753E1 2.41493E1 1.69245E1 2.29917E1 2.17743E1 1.69245E1 9.24059E0 1.57469E1 9.999E0 1.08772E1
-4.88479E1 -5.2316E1 -4.94289E1 -5.00635E1 -4.64784E1 -4.83871E1 -5.47906E1 -4.99048E1 -3.92449E1 -3.45178E1 -2.82678E1 -3.36612E1 -3.43909E1 -3.23921E1 -2.8934E1 -2.6618E1 -3.26777E1 -3.1948E1 -3.37563E1 -3.48985E1 -3.32805E1 -3.17576E1 -3.08376E1 -2.92513E1 -2.73477E1 -2.65863E1 -2.58566E1 -2.46827E1 -3.73731E1 -3.43909E1 -4.42396E1 -4.03236E1 -3.88642E1 -3.86104E1 -3.30901E1 -1.58947E1 -3.39467E0 3.99162E-2 3.99162E-2 3.99162E-2 3.99162E-2 -1.04378E1 -1.44036E1 -1.79886E1 -1.35152E1 -1.23731E0 3.51262E0 2.7143E0 6.94541E0 7.50424E0 6.94541E0 2.19539E0 4.01158E0 5.08931E0 8.40236E0 7.94332E0 7.94332E0 1.79423E1 2.06965E1 2.29917E1 2.29917E1 2.29119E1 1.05578E1 1.12364E1 1.69245E1 1.08772E1 1.15557E1 1.1416E1
-4.20368E1 -5.34898E1 -4.61612E1 -4.5717E1 -4.97145E1 -4.94924E1 -4.83871E1 -5E1 -4.00381E1 -3.88008E1 -3.70241E1 -3.37881E1 -3.01079E1 -3.61358E1 -3.88959E1 -2.52855E1 -2.63325E1 -3.02982E1 -3.29315E1 -3.22018E1 -3.10279E1 -3.15355E1 -3.06155E1 -3.41053E1 -3.28997E1 -2.94416E1 -2.86802E1 -3.33439E1 -4.08629E1 -3.55013E1 -3.82614E1 -4.06726E1 -3.63579E1 -3.93084E1 -2.40165E1 -4.31472E0 1.39707E-1 1.39707E-1 3.99162E-2 3.99162E-2 3.99162E-2 -5.71066E-1 -3.90228E0 -2.18274E1 -1.81789E1 -2.18909E0 3.51262E0 1.69245E1 2.53468E1 2.8081E1 2.41493E1 6.94541E0 2.19539E0 3.31304E0 2.29917E1 2.29917E1 2.17743E1 1.87406E1 2.29917E1 2.08362E1 1.82417E1 2.12354E1 9.44018E0 4.63028E0 5.6681E0 5.6681E0 7.26474E0 7.04521E0
-4.40038E1 -4.83871E1 -5.18401E1 -4.17195E1 -4.44162E1 -4.20051E1 -4.23858E1 -5.31726E1 -4.83871E1 -3.69924E1 -2.90292E1 -3.35977E1 -4.30203E1 -3.84835E1 -3.81028E1 -3.19162E1 -3.97208E1 -3.72779E1 -3.64848E1 -3.83249E1 -3.57551E1 -3.59772E1 -3.35977E1 -3.24556E1 -4.09581E1 -3.56599E1 -3.28363E1 -2.61421E1 -3.73272E1 -3.84835E1 -3.93718E1 -3.82488E1 -3.24239E1 -4.01967E1 -3.11548E1 -1.06599E1 -4.72716E0 2.79413E-1 2.99371E-1 1.19749E-1 3.99162E-2 -1.87183E0 -2.25254E0 -1.7481E1 -2.2335E1 -8.53426E0 1.4769E0 1.39906E1 2.53468E1 2.53468E1 2.41493E1 2.29917E1 7.94332E0 1.79423E1 2.41493E1 2.17743E1 2.29917E1 2.29917E1 2.29917E1 1.56072E1 7.94332E0 6.94541E0 6.14709E0 5.06935E0 1.08772E1 1.08772E1 9.1408E0 3.7122E0
-5.20737E1 -5.20737E1 -5.20939E1 -5.37119E1 -5.35216E1 -4.59708E1 -4.76523E1 -4.39086E1 -3.82931E1 -3.72462E1 -4.07043E1 -4.10216E1 -3.83883E1 -3.46129E1 -3.26459E1 -3.46764E1 -2.88706E1 -2.86802E1 -3.37246E1 -4.06726E1 -4.08312E1 -3.87056E1 -3.44543E1 -3.18845E1 -3.52792E1 -3.92766E1 -3.85152E1 -3.54378E1 -3.21066E1 -4.70046E1 -6.03687E1 -3.9118E1 -3.95939E1 -3.9118E1 -3.49302E1 -1.20241E1 -7.13832E0 -1.87183E0 3.99162E-2 7.98324E-2 3.99162E-2 3.99162E-2 1.99581E-2 -2.85533E-1 -1.97335E1 -2.17957E1 7.98324E-2 2.7143E0 2.53468E1 2.41493E1 2.41493E1 2.29917E1 2.17743E1 2.68237E1 2.29917E1 2.29917E1 2.29917E1 2.29917E1 2.17743E1 7.94332E0 6.94541E0 6.48638E0 4.01158E0 4.86977E0 1.0498E1 1.08772E1 1.00589E1 2.99371E-1
-5.29954E1 -5.4632E1 -5.51396E1 -5.38706E1 -5.24112E1 -4.85089E1 -4.99683E1 -4.40673E1 -3.87056E1 -4.16878E1 -4.68274E1 -4.8731E1 -3.87373E1 -3.82614E1 -3.88642E1 -3.99746E1 -3.52792E1 -3.17893E1 -3.89277E1 -4.40038E1 -3.60406E1 -4.26079E1 -4.05457E1 -3.74048E1 -2.75698E1 -3.42005E1 -3.34708E1 -3.69924E1 -3.40419E1 -4.74654E1 -4.74654E1 -3.69924E1 -3.71827E1 -4.23223E1 -3.74048E1 -1.75127E1 -8.72462E0 -1.21827E1 3.99162E-2 1.19749E-1 3.99162E-2 3.99162E-2 3.99162E-2 1.99581E-2 -4.56853E0 -2.92195E1 -4.88579E0 6.58617E-1 1.98583E1 2.41493E1 2.95978E1 1.98982E1 2.17743E1 1.89602E1 2.29917E1 2.29917E1 1.79423E1 2.17743E1 7.94332E0 6.94541E0 4.23111E0 5.08931E0 3.31304E0 2.67438E0 5.38868E0 1.52879E1 1.29528E1 4.1912E-1
-5.34562E1 -5.60914E1 -5.45051E1 -5.37119E1 -7.09677E1 -5.25063E1 -5.4632E1 -5.19987E1 -4.83871E1 -4.42893E1 -4.42893E1 -4.73985E1 -4.35279E1 -3.70241E1 -3.2297E1 -3.31536E1 -3.08058E1 -3.2868E1 -3.86104E1 -4.58439E1 -3.98794E1 -4.55584E1 -4.03236E1 -3.63579E1 -3.04251E1 -3.80711E1 -3.21701E1 -3.96891E1 -4.01015E1 -6.2212E1 -6.17512E1 -3.96256E1 -4.20368E1 -3.81662E1 -4.06726E1 -2.50635E1 -1.43718E1 -1.58947E1 -8.05838E0 9.97904E-2 3.99162E-2 3.99162E-2 7.98324E-2 3.99162E-2 1.99581E-2 -1.84962E1 -1.39594E1 3.99162E-2 1.14759E1 2.48678E1 2.8081E1 2.29917E1 2.68237E1 2.53468E1 2.29917E1 2.29917E1 2.29917E1 7.94332E0 7.94332E0 6.94541E0 6.94541E0 2.7143E0 2.57459E0 1.8561E0 3.03363E0 1.28331E1 1.63257E1 1.63656E0
-4.93088E1 -5.60914E1 -7.09677E1 -7.09677E1 -4.88479E1 -5.09518E1 -4.89213E1 -4.88479E1 -4.88479E1 -4.51777E1 -4.82551E1 -4.48604E1 -3.88008E1 -3.17893E1 -3.13452E1 -3.27728E1 -3.72462E1 -3.40102E1 -3.42957E1 -3.64213E1 -3.77538E1 -4.39404E1 -3.55964E1 -3.65799E1 -3.50888E1 -4.29569E1 -3.8769E1 -4.10216E1 -4.56221E1 -4.70178E1 -4.58439E1 -4.83871E1 -4.79378E1 -4.60343E1 -4.41942E1 -3.22335E1 -2.11929E1 -2.68084E1 -1.84962E1 3.99162E-2 2.99371E-1 3.99162E-2 3.99162E-2 3.99162E-2 1.99581E-2 -7.77284E0 -2.91878E1 -4.21954E0 1.79623E-1 1.0957E1 2.08562E1 2.53468E1 2.53468E1 1.98982E1 2.29917E1 2.29917E1 2.17743E1 7.94332E0 2.97376E0 2.41493E0 5.6681E0 2.41493E0 7.58407E-1 1.99581E-1 1.55673E0 7.7637E0 2.11755E1 1.83614E0
-4.70495E1 -5.3934E1 -5.48387E1 -5.97716E1 -5.00317E1 -5.625E1 -5.81218E1 -5.29954E1 -7.14286E1 -5.1967E1 -4.04822E1 -4.55901E1 -4.40673E1 -2.87437E1 -3.29949E1 -3.35977E1 -3.88959E1 -3.93084E1 -3.86739E1 -3.45495E1 -3.4835E1 -4.0736E1 -4.46701E1 -4.33376E1 -4.38135E1 -4.63198E1 -4.44162E1 -4.22589E1 -3.68972E1 -5.23477E1 -5.22525E1 -5.57424E1 -5.26967E1 -4.73033E1 -4.45114E1 -4.17513E1 -3.92766E1 -3.85787E1 -3.14404E1 -1.04695E0 2.99371E-1 3.99162E-2 1.39707E-1 3.99162E-2 1.99581E-2 -1.29032E1 -3.17259E1 -1.37373E1 6.58617E-1 6.14709E0 7.50424E0 2.41493E1 2.29917E1 2.17743E1 2.06965E1 2.17743E1 2.17743E1 1.62858E1 4.01158E0 1.53677E0 2.19539E0 1.99581E-1 2.99371E-1 -1.26904E0 1.95589E0 2.97376E0 1.427E1 1.45095E1
-5.73604E1 -5.68528E1 -7.41936E1 -5.43779E1 -4.93088E1 -4.93088E1 -5.32995E1 -5.38706E1 -7.18894E1 -5.33629E1 -4.61294E1 -4.29886E1 -4.06409E1 -3.03299E1 -2.69353E1 -2.90609E1 -3.55647E1 -4.22906E1 -4.14975E1 -3.83249E1 -3.90863E1 -3.79124E1 -3.93401E1 -4.23223E1 -4.21954E1 -4.45114E1 -4.60343E1 -4.49556E1 -4.9302E1 -6.45161E1 -5E1 -5.07931E1 -5.70749E1 -5.98033E1 -5.89784E1 -5.73287E1 -5.01586E1 -4.77792E1 -3.125E1 -7.74112E0 2.59455E-1 1.39707E-1 2.59455E-1 3.99162E-2 1.99581E-2 -2.62673E1 -3.08693E1 -1.6783E1 1.99581E-1 4.67019E0 6.14709E0 1.62858E1 2.41493E1 2.17743E1 2.41493E1 2.29917E1 1.62858E1 7.50424E0 4.01158E0 2.41493E0 4.59036E0 1.37711E0 2.99371E-1 2.99371E-1 2.69434E0 3.77208E0 8.5221E0 1.5707E1
-5.13642E1 -5.6682E1 -7.23502E1 -7.23502E1 -7.41936E1 -7.37327E1 -7.37327E1 -7.32719E1 -6.14213E1 -5.19036E1 -4.18464E1 -3.89594E1 -3.65482E1 -3.15673E1 -2.63959E1 -2.80774E1 -3.20114E1 -3.49937E1 -3.47716E1 -4.2703E1 -4.45431E1 -4.22906E1 -4.2703E1 -4.33376E1 -4.09898E1 -4.11802E1 -4.82234E1 -5.39023E1 -5.17132E1 -5.60914E1 -5.66942E1 -5.56472E1 -5.58376E1 -6.03426E1 -6.0533E1 -6.07234E1 -5.14277E1 -4.47652E1 -2.32868E1 3.99162E-2 6.58617E-1 3.19329E-1 3.99162E-2 3.99162E-2 -2.66497E0 -1.33566E1 -2.13198E1 -2.49048E1 -4.09264E0 2.85401E0 5.52839E0 1.62858E1 2.29917E1 2.41493E1 2.29917E1 8.40236E0 7.50424E0 2.57459E0 2.7143E0 2.85401E0 7.58407E-1 9.97904E-2 1.59665E-1 1.39707E-1 1.79623E-1 1.79623E-1 2.97376E0 8.32252E0
-5.11104E1 -5.76037E1 -7.5576E1 -7.5576E1 -7.51152E1 -7.46544E1 -5.18401E1 -5.50761E1 -5.96764E1 -5.34581E1 -4.84137E1 -4.11168E1 -3.93718E1 -3.80711E1 -2.93782E1 -2.95685E1 -3.12183E1 -3.50571E1 -3.55964E1 -3.93084E1 -4.31789E1 -4.26079E1 -4.42576E1 -4.65736E1 -4.74619E1 -4.48921E1 -4.26079E1 -6.68203E1 -5.42195E1 -5.78363E1 -5.48541E1 -5.45368E1 -6.12627E1 -6.12944E1 -5.90736E1 -6.44036E1 -4.91117E1 -4.19355E1 -1.00571E1 2.59455E-1 6.98533E-1 3.99162E-1 2.19539E-1 1.19749E-1 3.99162E-2 -2.44289E0 -1.07868E1 -2.42069E1 -9.99366E0 2.17543E0 5.0494E0 1.69245E1 2.29917E1 2.29917E1 9.24059E0 3.7122E0 6.94541E0 2.57459E0 2.7143E0 5.98743E-1 2.99371E-1 9.97904E-2 2.59455E-1 -1.49112E0 -6.50381E0 -8.28046E0 -6.34518E-1 3.81199E0
-5.42513E1 -5.1618E1 -7.64977E1 -7.60369E1 -6.19924E1 -5.80645E1 -5.13325E1 -5.3236E1 -5.58058E1 -5.31091E1 -5.01904E1 -4.62246E1 -4.55266E1 -3.70876E1 -3.09327E1 -3.06155E1 -3.0203E1 -3.9467E1 -4.06091E1 -3.68655E1 -4.28299E1 -3.84201E1 -4.21003E1 -4.34645E1 -4.37817E1 -4.8382E1 -4.52094E1 -6.72811E1 -4.93655E1 -6.68203E1 -5.45051E1 -4.94607E1 -5.87563E1 -6.23414E1 -5.72018E1 -6.36104E1 -4.93338E1 -3.46129E1 -8.8198E0 2.59455E-1 2.99371E-1 3.99162E-1 2.19539E-1 1.79623E-1 1.99581E-1 1.39707E-1 -1.01382E1 -1.92893E1 -1.2151E1 1.4769E0 6.12713E0 1.62858E1 2.29917E1 2.29917E1 6.94541E0 8.40236E0 7.50424E0 6.94541E0 2.97376E0 5.98743E-1 3.99162E-2 1.79623E-1 7.98324E-2 -1.96701E0 -6.21827E0 -9.20051E0 -5.32995E0 4.1912E-1
-7.28111E1 -5.07297E1 -7.69585E1 -7.64977E1 -5.93591E1 -5.93909E1 -5.93274E1 -5.8566E1 -6.19924E1 -5.53299E1 -5.61231E1 -4.31472E1 -4.34327E1 -3.62944E1 -3.21383E1 -2.74746E1 -3.07741E1 -3.86104E1 -3.78807E1 -4.0165E1 -4.20368E1 -4.20368E1 -4.86992E1 -4.54632E1 -4.52411E1 -4.98731E1 -4.6764E1 -5.77728E1 -5.12373E1 -6.28807E1 -6.19924E1 -5.86929E1 -5.70114E1 -5.6948E1 -5.97716E1 -5.45051E1 -5.26332E1 -3.12817E1 -9.58122E0 2.99371E-1 2.99371E-1 3.99162E-1 2.99371E-1 5.1891E-1 3.19329E-1 8.3824E-1 1.39707E-1 -1.27538E1 -1.78299E1 1.25736E0 7.38449E0 6.14709E0 6.94541E0 1.62858E1 1.55074E1 3.7122E0 3.31304E0 6.94541E0 2.97376E0 6.58617E-1 3.99162E-2 1.39707E-1 7.98324E-2 -6.9797E-1 -8.66117E0 -9.83503E0 -1.05013E1 -3.52157E0
-6.52602E1 -5.73921E1 -7.78802E1 -7.74194E1 -5.9447E1 -6.15799E1 -7.64977E1 -6.09772E1 -6.08185E1 -5.93591E1 -6.05013E1 -5.14594E1 -4.25444E1 -3.88642E1 -3.31218E1 -3.21383E1 -3.71193E1 -4.2132E1 -3.79442E1 -4.08312E1 -4.4797E1 -4.61929E1 -4.90165E1 -4.99365E1 -4.80013E1 -4.92703E1 -5.83122E1 -5.57741E1 -5.44099E1 -5.95812E1 -6.36104E1 -5.63452E1 -5.11421E1 -5.11421E1 -5.56155E1 -5.98985E1 -3.93718E1 -2.20178E1 -1.25635E1 7.98324E-2 6.58617E-1 3.19329E-1 2.79413E-1 7.58407E-1 4.1912E-1 8.78156E-1 1.39707E-1 -1.42132E1 -2.07805E1 -1.52284E0 3.99162E0 5.08931E0 6.94541E0 2.27921E1 9.24059E0 3.51262E0 3.51262E0 3.31304E0 6.14709E0 1.73635E0 3.99162E-2 1.79623E-1 -2.63325E0 -3.10914E0 -1.99873E0 -3.74365E0 -1.08503E1 -1.20876E1
