ENM/Final_Models/M_1_F_q_Set_1_EC/Gustavia_santanderiensis_3_Choco_clamping.asc
ncols         367
nrows         963
xllcorner     -78.6
yllcorner     0.65
cellsize      0.00833333333333323
NODATA_value  -9999
[rows 279 to 309 of 963, columns 140 to 209 of 367]
-9999 -9999 -9999 -9999 -9999 -9999 -9999 -9999 2.00802E-2 5.13502E-2 5.49652E-2 3.05823E-2 1.55621E-2 4.45691E-3 5.15134E-3 1.65207E-2 6.25819E-3 8.42185E-4 2.68991E-2 1.95902E-2 4.00154E-4 1.92216E-4 2.34815E-8 3.09246E-2 2.55302E-2 2.00511E-2 2.90359E-2 2.84625E-2 1.28548E-2 1.93352E-5 1.11022E-16 0E0 3.44169E-15 8.56648E-13 3.80231E-7 5.70813E-9 5.78426E-14 2.33147E-15 4.32654E-13 0E0 0E0 0E0 0E0 0E0 0E0 0E0 0E0 0E0 0E0 0E0 0E0 0E0 0E0 0E0 0E0 0E0 0E0 0E0 0E0 0E0 0E0 0E0 0E0 0E0 0E0 0E0 0E0 0E0 0E0 0E0
-9999 -9999 -9999 -9999 -9999 -9999 -9999 2.77488E-2 1.911E-2 3.59777E-2 5.74755E-2 3.99744E-2 7.68131E-3 9.53236E-4 5.53892E-3 4.28743E-3 2.57271E-2 2.68363E-2 2.38869E-2 2.21492E-2 2.13306E-2 3.06895E-4 2.47236E-10 1.13098E-2 4.47817E-2 3.59044E-2 5.93542E-3 2.13613E-4 6.15967E-11 1.72357E-9 8.13781E-11 8.3991E-10 4.56857E-13 0E0 1.33227E-15 0E0 1.77636E-15 0E0 0E0 0E0 0E0 0E0 0E0 0E0 0E0 0E0 0E0 0E0 0E0 0E0 0E0 0E0 0E0 0E0 0E0 0E0 0E0 0E0 0E0 0E0 0E0 0E0 0E0 0E0 0E0 0E0 0E0 0E0 0E0 0E0
-9999 -9999 -9999 -9999 -9999 -9999 -9999 2.88212E-2 3.9661E-2 2.58305E-2 4.82691E-2 3.96971E-2 7.0874E-3 1.27967E-3 6.10815E-4 0E0 1.16043E-3 1.01563E-2 2.05621E-2 2.72016E-2 3.0534E-2 3.59527E-2 1.13109E-6 6.96411E-4 4.2788E-2 3.57923E-2 1.30111E-2 7.46237E-3 2.49839E-3 4.14095E-4 3.22371E-6 4.2183E-9 2.06915E-8 1.11022E-15 0E0 0E0 0E0 0E0 0E0 0E0 0E0 0E0 0E0 0E0 0E0 0E0 0E0 0E0 0E0 0E0 0E0 0E0 0E0 0E0 0E0 0E0 0E0 0E0 0E0 0E0 0E0 0E0 0E0 0E0 0E0 0E0 0E0 0E0 0E0 0E0
-9999 -9999 -9999 -9999 -9999 -9999 -9999 5.51695E-2 3.12475E-2 9.1473E-3 1.334E-2 3.30488E-3 0E0 0E0 0E0 0E0 0E0 0E0 0E0 1.1012E-3 1.43108E-2 3.47054E-2 3.23935E-2 4.66013E-3 3.28831E-2 2.14193E-2 8.57081E-3 1.63913E-3 5.49803E-2 2.81101E-2 2.73717E-4 8.88178E-16 0E0 0E0 0E0 0E0 0E0 0E0 3.75255E-14 0E0 0E0 0E0 0E0 0E0 0E0 0E0 0E0 0E0 0E0 0E0 0E0 0E0 0E0 0E0 0E0 0E0 0E0 0E0 0E0 0E0 0E0 0E0 0E0 0E0 0E0 0E0 0E0 0E0 0E0 0E0
-9999 -9999 -9999 -9999 -9999 -9999 -9999 4.65753E-2 2.44954E-2 1.83661E-3 0E0 0E0 0E0 0E0 0E0 0E0 0E0 0E0 0E0 3.67077E-4 1.37493E-2 2.15775E-2 2.5169E-2 1.44478E-2 2.62181E-2 1.85482E-3 1.82692E-2 3.45322E-2 4.34515E-2 5.40721E-2 1.038E-2 2.74823E-5 0E0 0E0 0E0 0E0 7.77156E-16 3.02682E-5 3.78416E-8 0E0 1.08911E-7 0E0 0E0 0E0 0E0 0E0 0E0 0E0 0E0 0E0 0E0 0E0 0E0 3.58047E-13 0E0 0E0 0E0 0E0 0E0 0E0 0E0 0E0 0E0 0E0 0E0 0E0 0E0 0E0 0E0 0E0
-9999 -9999 -9999 -9999 -9999 -9999 -9999 1.91688E-2 3.03116E-3 0E0 0E0 0E0 0E0 0E0 0E0 0E0 0E0 0E0 0E0 1.60416E-4 1.04491E-2 2.53749E-2 3.29434E-2 4.60747E-3 1.6754E-3 2.26964E-2 1.98898E-2 2.36431E-2 3.42885E-2 4.46127E-2 1.71374E-2 4.99738E-3 5.44451E-7 0E0 0E0 0E0 0E0 6.76581E-12 6.68599E-8 7.77156E-16 4.52922E-9 0E0 0E0 0E0 0E0 0E0 0E0 0E0 0E0 0E0 0E0 4.63426E-8 2.22045E-16 1.02648E-11 0E0 0E0 0E0 0E0 0E0 0E0 0E0 0E0 0E0 0E0 0E0 0E0 0E0 0E0 0E0 0E0
-9999 -9999 -9999 -9999 -9999 -9999 1.60097E-2 1.68444E-2 0E0 0E0 0E0 0E0 0E0 0E0 0E0 0E0 0E0 0E0 0E0 2.81322E-3 1.64991E-2 1.38551E-2 2.26113E-3 0E0 0E0 0E0 2.02641E-2 2.11256E-2 5.63678E-3 1.82052E-5 3.57313E-9 1.10369E-6 0E0 0E0 0E0 1.43696E-12 4.31927E-11 1.2631E-12 0E0 2.29705E-13 4.69165E-8 7.77156E-16 0E0 0E0 0E0 0E0 0E0 0E0 0E0 2.07612E-14 0E0 4.42535E-12 1.19904E-14 1.11244E-13 0E0 0E0 0E0 0E0 0E0 0E0 0E0 0E0 0E0 0E0 0E0 0E0 0E0 0E0 0E0 0E0
-9999 -9999 -9999 -9999 -9999 -9999 3.02103E-2 4.04956E-2 0E0 0E0 0E0 0E0 0E0 0E0 0E0 0E0 0E0 0E0 0E0 0E0 1.13157E-2 2.96542E-3 0E0 0E0 0E0 0E0 9.04446E-3 3.52989E-2 1.17556E-2 3.91472E-9 1.79157E-12 3.16742E-11 0E0 0E0 0E0 1.214E-10 6.24873E-7 2.32039E-11 0E0 1.88049E-10 1.96403E-10 1.53283E-11 1.11022E-16 6.94648E-11 0E0 0E0 0E0 0E0 0E0 0E0 1.11022E-16 0E0 5.91858E-10 1.85071E-6 3.71694E-8 4.55191E-15 0E0 0E0 4.10783E-15 0E0 0E0 0E0 0E0 0E0 0E0 0E0 0E0 0E0 0E0 0E0
-9999 -9999 -9999 -9999 -9999 -9999 1.25233E-2 2.75238E-2 2.6813E-3 0E0 0E0 0E0 0E0 0E0 0E0 0E0 0E0 0E0 0E0 0E0 7.13013E-4 3.1089E-4 0E0 0E0 0E0 0E0 0E0 4.45391E-2 6.24252E-2 3.77153E-4 6.55656E-3 7.42744E-3 3.88008E-7 0E0 0E0 0E0 2.7589E-13 7.31379E-10 0E0 3.86148E-8 1.64669E-6 2.18695E-7 0E0 0E0 0E0 0E0 0E0 0E0 0E0 0E0 0E0 2.22045E-16 1.34448E-13 3.08087E-13 5.73034E-10 3.77476E-15 0E0 1.07914E-13 1.65982E-11 0E0 0E0 0E0 0E0 0E0 0E0 0E0 0E0 0E0 0E0 0E0
-9999 -9999 -9999 -9999 -9999 -9999 1.23617E-2 6.92655E-2 9.2368E-3 9.30197E-3 0E0 0E0 0E0 0E0 0E0 0E0 0E0 0E0 0E0 0E0 3.91196E-4 0E0 0E0 0E0 0E0 0E0 0E0 4.06197E-2 6.37133E-2 6.44098E-2 6.88248E-2 4.86264E-2 1.11671E-8 0E0 0E0 0E0 1.11022E-16 2.22045E-16 0E0 2.57005E-10 1.71336E-11 2.21439E-6 1.17388E-7 0E0 0E0 0E0 0E0 0E0 0E0 0E0 0E0 0E0 5.69455E-7 4.80335E-11 0E0 0E0 0E0 2.99353E-10 0E0 0E0 0E0 0E0 0E0 0E0 0E0 0E0 0E0 0E0 0E0 0E0
-9999 -9999 -9999 -9999 -9999 3.43049E-2 2.83826E-2 2.15695E-2 1.93721E-2 9.96252E-3 0E0 0E0 0E0 0E0 0E0 0E0 0E0 0E0 0E0 0E0 0E0 6.15694E-4 0E0 0E0 1.90616E-4 4.44621E-4 1.245E-2 4.61677E-2 5.02734E-2 6.25435E-2 1.90528E-2 3.54506E-2 3.98296E-2 1.2268E-13 8.26006E-14 0E0 3.76893E-10 2.01819E-8 3.3037E-11 6.39815E-9 1.46911E-7 2.56882E-11 0E0 0E0 0E0 0E0 0E0 0E0 0E0 0E0 0E0 0E0 0E0 5.88418E-15 1.09307E-11 2.22045E-16 0E0 4.44089E-16 0E0 0E0 0E0 0E0 0E0 0E0 0E0 0E0 0E0 0E0 0E0 0E0
3.08568E-4 -9999 -9999 -9999 7.07101E-3 3.07431E-2 9.92854E-3 2.45139E-2 6.27066E-2 4.48718E-2 7.2507E-3 0E0 0E0 0E0 0E0 0E0 0E0 0E0 0E0 0E0 8.78768E-3 4.52614E-3 7.73563E-4 9.58582E-4 6.06565E-3 4.28016E-3 6.86632E-3 3.11529E-2 3.60803E-2 1.1009E-2 1.97848E-2 6.55116E-2 1.19308E-4 1.36156E-7 2.49115E-11 2.86438E-14 9.52272E-12 6.26652E-6 1.54321E-14 5.0797E-10 5.08482E-13 5.79092E-13 0E0 0E0 0E0 0E0 0E0 0E0 0E0 0E0 0E0 0E0 6.66134E-15 0E0 1.90958E-14 5.05151E-14 9.41136E-13 1.11688E-11 0E0 0E0 2.26485E-14 0E0 0E0 0E0 0E0 0E0 0E0 0E0 0E0 0E0
1.82448E-4 -9999 -9999 -9999 -9999 1.15539E-2 1.05468E-2 6.84249E-3 5.36851E-2 5.23454E-2 2.67001E-2 0E0 0E0 0E0 0E0 0E0 0E0 0E0 1.30373E-3 1.91953E-4 6.82417E-3 3.17276E-3 0E0 5.7399E-4 1.23472E-2 1.14461E-3 0E0 4.72162E-4 6.03502E-3 2.82315E-2 6.65631E-2 5.94793E-3 3.63991E-7 1.76083E-7 1.11022E-16 0E0 3.44169E-14 4.66294E-15 9.9698E-14 0E0 0E0 4.44089E-15 0E0 2.33147E-15 0E0 0E0 0E0 0E0 0E0 0E0 0E0 0E0 0E0 0E0 0E0 0E0 1.18794E-14 2.50674E-8 0E0 0E0 0E0 0E0 0E0 0E0 0E0 0E0 0E0 0E0 0E0 0E0
2.20901E-4 1.85356E-3 -9999 -9999 -9999 3.73822E-2 1.39876E-3 2.18566E-3 3.39103E-2 4.65122E-2 2.75143E-2 3.83742E-3 0E0 0E0 0E0 0E0 0E0 0E0 3.99519E-4 7.44924E-3 9.35011E-3 1.03678E-3 1.67388E-4 4.6727E-4 0E0 0E0 0E0 0E0 4.67539E-3 3.30412E-2 7.03028E-2 3.02967E-6 2.45705E-11 8.94951E-13 0E0 0E0 9.61422E-11 2.66454E-15 0E0 1.39598E-9 1.39888E-14 0E0 2.22045E-16 5.32436E-8 0E0 0E0 0E0 0E0 0E0 0E0 0E0 0E0 0E0 0E0 0E0 0E0 4.64073E-14 1.96287E-13 7.18765E-10 0E0 0E0 0E0 0E0 0E0 0E0 0E0 1.01406E-11 0E0 0E0 0E0
0E0 2.2781E-4 8.99482E-3 -9999 2.07405E-2 5.58855E-2 6.38195E-3 2.02332E-3 9.33798E-3 2.91932E-2 2.80795E-2 2.65679E-2 1.02326E-2 0E0 0E0 0E0 0E0 0E0 0E0 6.036E-3 2.09668E-2 8.37505E-3 9.41544E-4 2.09164E-4 0E0 0E0 1.03016E-4 3.72763E-3 2.74806E-2 5.13139E-2 1.9627E-2 4.25672E-5 3.88578E-15 1.44965E-10 0E0 0E0 0E0 0E0 0E0 0E0 3.33067E-16 0E0 1.11022E-16 1.70974E-14 9.10383E-15 0E0 0E0 0E0 0E0 0E0 0E0 0E0 0E0 0E0 0E0 0E0 0E0 0E0 3.88578E-15 0E0 0E0 0E0 0E0 0E0 0E0 0E0 0E0 0E0 0E0 0E0
0E0 0E0 2.10114E-3 2.67564E-2 2.45281E-2 3.10025E-2 6.2257E-3 5.75156E-3 3.52907E-3 1.23542E-2 2.17756E-2 3.53506E-2 1.50082E-2 0E0 0E0 0E0 0E0 0E0 0E0 3.95974E-3 2.78894E-2 2.32384E-2 5.09256E-4 2.36186E-3 0E0 3.36002E-5 2.05716E-3 2.52056E-2 6.29405E-2 7.40626E-2 3.99614E-3 4.38192E-5 3.37423E-2 4.86012E-5 2.97973E-12 3.33067E-16 0E0 0E0 0E0 0E0 9.74286E-11 0E0 3.33067E-16 1.32039E-12 3.75255E-14 1.34337E-14 1.11022E-16 0E0 0E0 0E0 0E0 0E0 0E0 0E0 0E0 0E0 0E0 0E0 0E0 0E0 0E0 0E0 1.16684E-13 0E0 0E0 0E0 0E0 0E0 0E0 0E0
0E0 0E0 1.57896E-3 1.15108E-2 2.17945E-2 1.89021E-2 1.39779E-2 7.68831E-3 6.7185E-3 8.54959E-3 6.46951E-3 6.64893E-3 0E0 0E0 0E0 0E0 0E0 0E0 4.77645E-3 8.43618E-3 2.20018E-2 1.76247E-2 2.20387E-2 4.06874E-2 2.58308E-2 8.01093E-3 1.72559E-2 3.97523E-2 3.18548E-2 1.95173E-2 3.98297E-2 5.8872E-2 6.97779E-2 7.46787E-2 1.71537E-9 1.05027E-13 0E0 0E0 0E0 0E0 5.32907E-15 0E0 1.51423E-12 1.33227E-15 0E0 8.54872E-15 1.37916E-8 3.33067E-16 0E0 0E0 0E0 0E0 0E0 0E0 0E0 0E0 0E0 0E0 0E0 0E0 0E0 0E0 0E0 2.09444E-12 0E0 0E0 0E0 0E0 0E0 0E0
0E0 0E0 0E0 6.43718E-3 2.84578E-2 1.99484E-2 1.37988E-2 1.98985E-3 1.67158E-3 0E0 0E0 0E0 0E0 0E0 0E0 0E0 0E0 4.17977E-3 2.04607E-2 9.68899E-3 4.30579E-2 5.76245E-2 7.07877E-2 6.81581E-2 6.97274E-2 8.39738E-2 5.8877E-2 5.56803E-2 6.22988E-2 7.28821E-2 4.8855E-2 4.11833E-2 4.93207E-2 4.2625E-2 2.15793E-10 0E0 0E0 0E0 0E0 1.66533E-15 7.16982E-13 8.18024E-9 4.55191E-13 0E0 0E0 2.17959E-12 1.19112E-9 6.66134E-16 0E0 0E0 0E0 0E0 0E0 0E0 9.44134E-13 6.72762E-12 1.5814E-9 0E0 1.69309E-13 0E0 1.0969E-13 0E0 0E0 0E0 0E0 0E0 0E0 1.11022E-16 0E0 0E0
0E0 0E0 0E0 0E0 2.64771E-3 2.73243E-3 4.90856E-3 1.57958E-3 7.61576E-4 0E0 0E0 0E0 0E0 0E0 0E0 0E0 0E0 0E0 2.86897E-2 3.55139E-2 4.84349E-2 3.15695E-2 4.52837E-2 3.4808E-2 6.37197E-2 7.78355E-2 6.47106E-2 5.74355E-2 3.6641E-2 1.82396E-2 9.54113E-3 2.67018E-2 7.00307E-2 1.39742E-2 1.16328E-8 4.32654E-13 6.03473E-12 0E0 0E0 1.06233E-10 5.19363E-8 1.12735E-7 5.55112E-16 0E0 1.97842E-13 4.03061E-10 9.85503E-10 5.9484E-11 0E0 0E0 0E0 0E0 0E0 0E0 0E0 1.05327E-12 0E0 0E0 0E0 4.44089E-16 1.11022E-16 0E0 0E0 0E0 0E0 0E0 0E0 0E0 0E0 0E0
0E0 0E0 0E0 7.35106E-5 1.50809E-2 9.49026E-3 2.09442E-3 1.68485E-4 0E0 0E0 0E0 4.52947E-3 0E0 0E0 0E0 0E0 0E0 7.27301E-3 4.84385E-2 7.80312E-2 8.38771E-2 1.79341E-2 2.45796E-3 7.27806E-2 5.3806E-2 6.21118E-2 6.86051E-2 6.01167E-2 0E0 2.45877E-3 7.47715E-3 2.23999E-2 5.92398E-2 5.27541E-2 2.11601E-2 1.10126E-6 7.11431E-13 7.49623E-13 0E0 4.68514E-14 7.19282E-11 3.59392E-8 2.653E-11 2.36478E-14 3.08337E-8 5.93298E-7 9.64088E-5 6.07049E-9 1.9762E-13 2.13718E-13 0E0 0E0 0E0 4.44089E-16 0E0 0E0 0E0 0E0 5.88418E-15 0E0 0E0 6.4837E-14 0E0 0E0 0E0 0E0 0E0 0E0 0E0 0E0
2.42938E-4 0E0 0E0 0E0 1.26363E-3 2.02726E-3 1.45882E-3 0E0 0E0 0E0 0E0 1.30363E-3 0E0 0E0 0E0 0E0 0E0 2.09388E-2 6.80635E-2 8.03779E-2 7.64386E-2 8.38257E-2 8.4654E-2 6.67278E-2 4.02177E-2 2.5715E-2 3.51369E-2 2.31554E-2 0E0 0E0 0E0 1.98753E-3 2.2152E-2 5.52634E-2 7.89583E-2 4.08974E-5 1.17328E-12 0E0 2.96541E-13 0E0 0E0 3.00552E-9 3.3934E-12 4.62963E-14 2.22045E-16 9.77673E-10 2.22045E-16 2.10942E-15 2.10942E-15 3.49387E-13 0E0 0E0 0E0 0E0 0E0 0E0 5.9952E-15 9.36675E-11 2.80886E-14 0E0 3.38507E-13 5.78093E-13 0E0 0E0 1.62093E-14 6.54221E-12 0E0 0E0 0E0 0E0
9.32404E-4 0E0 0E0 0E0 9.94094E-4 2.80181E-3 4.01628E-3 3.03999E-3 7.8888E-4 0E0 0E0 0E0 0E0 0E0 0E0 0E0 6.73466E-3 4.81153E-2 4.39356E-2 6.55822E-2 6.79873E-2 7.30133E-2 6.09281E-2 1.51127E-2 3.44324E-3 5.45261E-3 4.54575E-4 0E0 0E0 0E0 0E0 8.04627E-5 4.96341E-4 5.52326E-3 4.09309E-2 2.56859E-3 5.87492E-9 1.12903E-11 1.83218E-9 0E0 0E0 4.88396E-9 4.8952E-12 0E0 0E0 8.38258E-8 3.38729E-13 2.20599E-11 0E0 2.22045E-16 0E0 0E0 0E0 0E0 0E0 5.44009E-15 1.11022E-16 0E0 0E0 2.88658E-15 0E0 8.32667E-15 3.10862E-15 1.04361E-13 6.66134E-16 1.60982E-14 0E0 0E0 0E0 0E0
2.46428E-2 7.91493E-3 1.39341E-3 4.05875E-3 5.50461E-3 7.6199E-3 1.40618E-3 5.53467E-3 5.22992E-3 1.52084E-4 0E0 7.40277E-4 4.97649E-4 1.629E-2 1.36411E-2 1.7121E-2 1.57103E-2 4.8796E-2 3.68953E-2 5.73862E-2 6.14787E-2 5.77759E-2 2.5868E-2 3.39081E-3 3.55337E-3 0E0 0E0 0E0 0E0 0E0 0E0 5.52134E-3 7.69694E-3 3.34382E-2 5.22342E-2 4.67885E-3 2.50038E-5 3.49531E-10 8.41671E-12 0E0 0E0 1.78994E-10 0E0 0E0 9.02611E-14 1.2584E-7 4.15932E-7 2.01335E-8 1.52101E-14 0E0 0E0 0E0 0E0 0E0 0E0 2.58793E-13 1.20848E-12 0E0 0E0 0E0 0E0 4.66294E-15 1.11022E-16 3.25059E-10 6.70626E-10 1.11022E-16 0E0 0E0 0E0 0E0
6.03542E-2 4.64553E-2 2.18893E-2 1.97305E-2 4.28516E-3 3.06775E-3 9.51286E-3 1.54309E-3 4.89672E-3 7.65474E-3 1.45945E-2 1.56232E-2 5.14322E-3 5.35013E-3 2.90201E-2 3.52351E-2 3.65952E-2 6.4615E-4 2.09931E-5 1.19558E-2 1.74765E-2 6.33784E-3 6.09375E-3 3.62002E-3 0E0 0E0 0E0 0E0 0E0 0E0 2.65869E-3 2.15239E-2 3.58908E-2 4.55788E-2 7.21531E-2 1.59655E-2 2.46071E-3 1.01882E-5 3.08864E-13 0E0 0E0 3.97737E-12 6.75016E-14 1.26248E-11 1.3327E-11 1.57605E-11 6.67657E-7 0E0 0E0 3.79918E-13 4.5294E-8 0E0 0E0 0E0 0E0 0E0 0E0 0E0 0E0 0E0 0E0 1.11022E-16 4.32987E-15 4.38335E-10 6.25731E-11 0E0 0E0 0E0 0E0 0E0
6.9741E-2 7.13875E-2 5.20078E-2 3.60196E-2 4.63804E-2 4.14209E-2 3.12327E-2 2.34404E-2 2.46737E-2 3.32763E-2 2.34162E-2 2.09676E-2 2.56969E-2 2.34676E-2 4.86724E-2 1.3304E-2 0E0 0E0 0E0 0E0 6.852E-3 2.00566E-3 0E0 0E0 0E0 0E0 0E0 0E0 2.94341E-3 8.26722E-3 6.19214E-3 3.55672E-2 2.29281E-2 1.40938E-2 4.28994E-2 6.17238E-3 1.546E-7 5.4623E-14 0E0 0E0 0E0 0E0 6.50735E-12 4.49102E-7 1.79163E-11 0E0 2.88658E-15 2.12053E-14 1.20681E-12 5.83977E-13 2.75668E-13 0E0 0E0 0E0 0E0 0E0 0E0 0E0 0E0 0E0 0E0 2.55351E-15 1.62093E-14 2.22045E-16 2.77556E-15 2.22045E-16 0E0 0E0 0E0 0E0
7.93736E-2 8.2649E-2 7.03291E-2 3.59867E-2 5.72261E-2 5.6439E-2 6.00267E-2 4.31255E-2 3.1383E-2 2.38944E-2 2.24803E-2 2.50622E-2 3.81331E-2 3.42847E-2 3.51203E-2 8.44544E-3 0E0 0E0 0E0 0E0 0E0 0E0 0E0 0E0 0E0 0E0 0E0 0E0 2.0419E-2 4.6823E-2 4.13812E-2 4.50973E-3 1.26292E-3 3.48889E-8 1.09503E-5 4.83014E-10 1.11022E-16 0E0 0E0 0E0 1.22291E-6 1.40786E-7 1.08467E-7 1.34562E-5 1.77652E-6 0E0 1.36147E-7 2.75031E-9 0E0 0E0 0E0 0E0 0E0 0E0 0E0 0E0 0E0 0E0 0E0 0E0 0E0 1.66533E-14 1.9253E-11 1.78813E-12 0E0 3.33067E-16 5.44147E-10 0E0 0E0 0E0
3.91536E-2 8.75746E-2 6.90198E-2 1.83769E-2 5.40397E-2 5.20837E-2 6.24719E-2 5.0402E-2 1.15354E-2 2.85168E-2 2.98158E-2 2.66882E-2 3.72455E-2 2.96335E-2 1.76748E-2 1.94672E-2 0E0 0E0 0E0 0E0 0E0 0E0 0E0 0E0 0E0 0E0 0E0 0E0 2.62481E-3 2.76468E-2 4.51107E-2 5.69873E-2 2.31935E-2 8.71767E-9 2.54907E-13 0E0 0E0 0E0 0E0 1.01927E-10 1.84879E-5 8.54989E-7 2.96251E-4 2.14213E-5 9.66439E-8 6.08223E-11 4.19975E-9 1.11022E-16 2.60327E-11 0E0 0E0 0E0 0E0 0E0 6.36158E-14 0E0 0E0 0E0 0E0 0E0 0E0 0E0 0E0 0E0 3.96849E-12 0E0 0E0 0E0 0E0 0E0
6.35004E-3 3.22652E-2 9.30784E-2 9.56279E-2 2.58653E-2 2.93249E-2 4.05578E-2 4.15593E-2 2.71972E-2 2.70582E-2 4.54797E-2 4.01076E-2 3.75837E-2 3.89949E-2 7.52807E-3 2.76023E-3 0E0 0E0 0E0 0E0 0E0 0E0 0E0 0E0 0E0 0E0 0E0 0E0 1.03438E-3 5.14857E-3 4.13203E-2 4.39322E-2 7.03205E-6 2.74776E-10 0E0 0E0 0E0 1.8785E-13 0E0 2.68491E-8 2.42477E-6 6.71561E-5 2.61375E-8 1.29326E-6 4.32823E-7 1.31412E-11 2.61791E-13 2.77334E-13 6.51874E-8 1.39977E-9 2.55624E-10 7.10543E-15 0E0 0E0 0E0 0E0 0E0 0E0 0E0 0E0 0E0 0E0 0E0 0E0 0E0 0E0 0E0 0E0 0E0 0E0
7.60556E-3 1.64526E-2 1.47078E-2 4.35012E-2 8.31093E-2 1.02097E-1 1.02917E-1 4.94379E-2 2.71218E-2 5.06708E-2 4.8713E-2 3.74782E-2 4.29296E-2 2.9066E-2 1.82704E-2 3.13337E-3 0E0 0E0 0E0 0E0 0E0 0E0 0E0 0E0 0E0 0E0 9.37406E-4 5.6815E-5 1.44226E-2 3.1187E-2 2.78909E-2 1.7476E-4 8.3839E-8 6.91891E-13 9.92539E-14 1.77921E-11 2.61938E-10 4.72741E-6 2.54548E-6 1.65906E-3 4.21253E-5 2.91435E-6 1.69713E-5 1.76828E-4 2.22789E-5 4.84435E-8 5.99648E-8 0E0 3.58824E-13 2.46375E-8 1.12133E-14 1.60094E-13 0E0 0E0 0E0 0E0 0E0 0E0 0E0 0E0 0E0 0E0 0E0 0E0 0E0 0E0 0E0 0E0 0E0 0E0
6.37293E-3 -9999 2.00905E-2 3.38306E-2 1.90877E-2 7.33891E-2 8.97244E-2 7.54166E-2 6.93171E-2 6.77067E-2 3.24559E-2 5.06337E-3 4.21654E-3 3.23398E-3 0E0 0E0 0E0 0E0 0E0 0E0 0E0 0E0 0E0 0E0 1.68854E-2 1.32217E-2 4.54758E-2 6.79204E-2 6.89187E-2 8.06939E-2 1.64663E-4 6.83819E-5 1.2127E-11 1.1282E-10 1.39845E-8 1.01132E-9 2.33185E-5 7.05089E-3 2.4036E-3 3.99176E-3 1.08784E-2 2.1256E-4 2.68222E-2 6.09363E-4 1.06869E-3 8.75877E-7 1.96821E-7 1.89597E-5 3.15303E-14 3.33067E-16 1.28786E-14 0E0 4.32987E-15 1.77636E-15 0E0 0E0 0E0 0E0 0E0 0E0 0E0 0E0 0E0 0E0 0E0 0E0 5.55112E-16 0E0 0E0 0E0
-9999 4.42696E-3 6.83108E-3 1.83758E-2 3.08077E-2 3.91821E-2 4.39594E-2 6.25174E-2 7.54064E-2 8.12236E-2 7.33924E-2 3.05649E-2 2.271E-2 9.53246E-3 0E0 0E0 0E0 0E0 0E0 0E0 0E0 0E0 0E0 0E0 7.70218E-4 5.58698E-3 3.10746E-2 2.79165E-2 1.82798E-3 1.80157E-2 5.1865E-5 1.93761E-11 1.52027E-11 2.67885E-6 1.21583E-3 2.86219E-3 7.57317E-2 5.01589E-2 4.81622E-2 5.49256E-2 4.19595E-2 7.22609E-2 9.22047E-2 2.74203E-2 2.29424E-2 5.68112E-3 8.36251E-6 2.73792E-12 0E0 0E0 0E0 0E0 3.59712E-14 0E0 0E0 0E0 0E0 0E0 0E0 0E0 0E0 0E0 0E0 0E0 0E0 0E0 0E0 0E0 0E0 0E0
