ENM/Final_Models/M_1_F_q_Set_1_EC/Gustavia_santanderiensis_6_Choco_clamping.asc
ncols         367
nrows         963
xllcorner     -78.6
yllcorner     0.65
cellsize      0.00833333333333323
NODATA_value  -9999
[rows 560 to 594 of 963, columns 156 to 233 of 367]
-9999 -9999 -9999 -9999 -9999 -9999 -9999 -9999 -9999 -9999 2.24711E-5 4.3759E-3 1.60418E-5 1.53004E-7 1.37523E-7 6.09287E-6 3.39961E-5 2.6661E-5 9.66133E-5 3.24236E-10 1.33403E-7 5.15677E-8 3.74463E-8 1.23481E-7 1.48829E-8 2.33846E-7 4.67508E-6 5.17803E-8 3.69876E-8 2.40788E-5 2.8767E-4 1.06455E-4 1.37112E-5 3.58713E-9 8.84676E-10 4.60945E-10 1.16807E-12 2.09202E-10 3.74145E-14 2.23155E-14 5.92304E-13 1.25344E-13 5.55112E-16 3.9968E-15 1.9984E-15 2.14621E-7 5.49501E-6 3.97599E-8 7.18447E-9 5.21361E-13 9.34963E-8 3.44869E-8 5.85097E-8 1.90796E-10 8.79454E-8 4.95769E-7 9.65848E-5 4.72747E-6 5.35245E-6 7.03826E-6 7.27262E-11 5.50541E-6 2.4006E-7 4.53172E-7 1.90808E-5 1.93687E-4 2.11293E-11 2.16327E-6 6.52088E-7 2.08337E-6 2.56369E-6 5.2182E-3 0E0 0E0 0E0 0E0 0E0 0E0
-9999 -9999 -9999 -9999 -9999 -9999 -9999 -9999 4.46201E-4 1.18333E-1 3.66209E-2 4.39176E-6 3.60389E-5 1.5139E-5 3.69076E-5 1.78265E-6 6.76261E-6 2.79028E-6 9.2239E-5 1.58384E-4 8.70606E-7 7.97868E-9 2.30986E-8 4.44089E-15 5.23412E-11 1.3742E-6 3.45688E-5 2.23006E-4 2.06914E-7 4.8575E-7 7.40643E-6 2.28368E-4 1.89687E-5 1.7287E-9 4.18352E-7 4.49196E-13 2.83506E-9 8.66801E-10 1.11022E-15 8.4821E-13 1.40935E-9 3.89688E-13 0E0 2.22045E-16 8.06827E-11 2.23748E-10 2.96614E-9 5.5544E-11 2.11627E-9 2.88809E-9 7.13974E-8 4.38538E-14 3.92797E-13 3.57383E-9 1.81342E-2 2.09694E-1 9.05217E-3 0E0 0E0 1.99143E-9 3.28309E-8 5.9156E-12 8.77076E-15 2.06631E-6 3.1669E-2 5.89657E-3 1.48849E-4 1.86985E-6 4.72364E-6 1.25111E-6 1.01034E-5 1.38467E-4 1.10383E-3 0E0 0E0 0E0 0E0 0E0
-9999 -9999 -9999 -9999 -9999 -9999 -9999 1.4206E-2 2.25905E-2 3.68001E-3 -9999 4.8198E-6 1.21562E-7 5.14515E-6 5.65878E-6 1.99507E-6 1.87243E-9 1.8371E-6 2.55365E-4 7.2892E-5 8.33453E-5 1.74922E-8 1.17083E-9 1.88627E-13 2.61011E-9 1.48444E-7 2.28532E-7 6.59587E-7 1.5377E-4 1.51152E-5 2.84318E-5 1.52395E-4 1.63769E-10 1.83613E-8 2.77054E-5 3.49559E-7 5.16907E-11 1.16255E-11 2.10795E-10 1.27422E-8 5.24877E-11 0E0 6.77236E-15 9.99201E-16 1.44329E-15 1.5814E-12 3.07658E-6 1.66422E-12 7.77156E-16 1.22395E-7 2.32604E-4 7.72749E-8 8.15572E-7 2.33147E-15 2.18492E-13 2.23562E-3 1.90302E-2 8.54182E-10 4.85284E-6 6.98576E-6 6.08441E-6 0E0 0E0 6.40767E-4 1.45004E-5 4.28502E-4 1.54734E-3 1.4276E-8 7.43154E-6 1.72687E-4 1.53234E-2 0E0 0E0 0E0 0E0 0E0 0E0 0E0
-9999 -9999 5.84163E-5 2.543E-4 3.26229E-2 -9999 -9999 -9999 3.44877E-3 -9999 -9999 2.17753E-5 5.85114E-7 2.32542E-6 2.15778E-8 2.30358E-7 2.63677E-9 1.63893E-9 1.51286E-5 3.5001E-4 1.8127E-9 1.30083E-11 4.57079E-13 3.5949E-13 3.07476E-8 2.73563E-6 1.02234E-6 2.85935E-6 7.54925E-6 3.41717E-5 1.26153E-3 2.00134E-5 1.3651E-7 3.43535E-7 1.3908E-6 2.77462E-9 9.0373E-7 4.27093E-9 1.64198E-11 1.34004E-13 1.42969E-11 0E0 3.18634E-14 2.2313E-11 2.22045E-16 8.68875E-10 3.47117E-7 2.73593E-8 8.1779E-13 2.18809E-10 3.91176E-12 2.34849E-10 1.07041E-7 8.24341E-13 4.82357E-7 9.43202E-7 1.67508E-10 2.81997E-14 2.22045E-16 0E0 1.48381E-7 4.86661E-10 1.11022E-16 7.08322E-14 2.62095E-8 5.42899E-14 3.33456E-8 1.87153E-3 1.60729E-4 3.33712E-4 0E0 0E0 0E0 0E0 0E0 0E0 0E0 0E0
-9999 -9999 1.60516E-5 1.09533E-3 2.41132E-3 -9999 5.41112E-3 -9999 -9999 8.60292E-4 9.27139E-7 -9999 5.40659E-7 3.78486E-5 7.48927E-8 1.76681E-12 4.92758E-9 2.10633E-11 2.58509E-7 7.38309E-5 5.40699E-5 2.1522E-6 3.35106E-6 6.78036E-9 1.49949E-9 4.97211E-7 4.17514E-7 3.20607E-6 1.73664E-5 7.67811E-4 1.42791E-4 6.85088E-6 2.8231E-6 4.62563E-6 2.45584E-5 1.01141E-7 5.22558E-8 2.23314E-9 2.33813E-13 3.03091E-13 1.52323E-12 2.6717E-9 2.52354E-13 5.45231E-13 7.93809E-14 9.30922E-13 2.76666E-9 7.07505E-11 9.20375E-14 0E0 0E0 2.07612E-14 2.44188E-9 3.45931E-9 2.97524E-6 8.17411E-10 4.39702E-6 1.61884E-8 1.06074E-8 8.29337E-14 2.32764E-5 1.05673E-5 3.61977E-6 6.56238E-9 7.4853E-5 1.33227E-15 2.55241E-11 1.82773E-4 4.99614E-3 8.3087E-3 0E0 0E0 0E0 0E0 0E0 0E0 0E0 0E0
-9999 -9999 1.20311E-2 1.12082E-3 -9999 -9999 3.69758E-3 9.63869E-5 5.82765E-5 1.34376E-3 1.47429E-7 -9999 9.86525E-7 1.55422E-9 1.36745E-7 1.88596E-7 1.71841E-8 5.39176E-9 1.61089E-8 3.09256E-10 5.61295E-9 3.49366E-6 8.19636E-8 1.50794E-5 5.08904E-8 1.39667E-6 1.09157E-6 5.95153E-7 1.38977E-7 3.15853E-4 2.67581E-5 6.45666E-5 1.1641E-4 2.36573E-4 2.99817E-5 2.90932E-7 2.49974E-8 7.98406E-8 3.37508E-14 3.33067E-16 5.87463E-11 3.99837E-8 1.07692E-14 0E0 1.66533E-15 1.70082E-8 1.11022E-16 1.56541E-14 5.9952E-15 1.71352E-12 1.09831E-11 4.50795E-12 2.62985E-10 3.24214E-10 6.54988E-6 2.37286E-7 2.41025E-8 2.84237E-9 9.99201E-16 2.41905E-11 9.66674E-3 1.51823E-2 3.10455E-2 2.82209E-2 1.15811E-2 2.66156E-5 8.61784E-6 6.64348E-5 6.22629E-5 9.23736E-4 1.25665E-3 1.13599E-2 0E0 0E0 0E0 0E0 0E0 0E0
-9999 2.90912E-1 3.87615E-3 2.84315E-4 6.44905E-5 5.50578E-4 7.64549E-5 3.06166E-6 1.30312E-4 2.87733E-5 2.81598E-5 1.02984E-5 5.09436E-7 1.15628E-6 4.19753E-7 1.25998E-7 6.64152E-7 4.3073E-6 1.82853E-5 9.58085E-9 1.38645E-12 8.44947E-7 1.16519E-11 1.72476E-6 3.2465E-5 1.79772E-5 5.98642E-5 9.28776E-4 3.48591E-5 3.76915E-5 1.53732E-5 3.34242E-5 6.37916E-7 6.42126E-6 2.4277E-5 1.36786E-8 1.88879E-9 2.33688E-9 1.85712E-6 1.87405E-11 1.06817E-8 5.05262E-13 1.11022E-16 2.61975E-10 2.14422E-11 3.33067E-16 1.58696E-11 1.11022E-16 0E0 4.30767E-14 1.64172E-8 3.29855E-9 0E0 0E0 1.13484E-9 3.93358E-7 1.43947E-8 2.80926E-5 4.1312E-5 1.08954E-4 2.85444E-2 5.56067E-2 2.69415E-2 7.20904E-3 2.69554E-2 1.07761E-2 1.09958E-6 5.44928E-7 4.38458E-7 1.33888E-2 3.12443E-3 3.79827E-3 0E0 0E0 0E0 0E0 0E0 0E0
-9999 -9999 1.71454E-3 2.11833E-8 1.46706E-3 1.20986E-3 2.5802E-3 2.32637E-5 1.56543E-4 3.37869E-3 3.4827E-6 8.24291E-8 4.05007E-10 9.36044E-9 1.54534E-10 1.58508E-9 3.12037E-6 9.81982E-7 6.46487E-7 1.72508E-8 2.37642E-7 4.57273E-8 2.47517E-7 1.50867E-4 1.77837E-3 2.3332E-3 1.83466E-2 5.84787E-5 5.76172E-2 7.15294E-12 4.93644E-4 7.26926E-6 1.00606E-5 6.89364E-6 1.5792E-5 1.0475E-5 2.40951E-8 4.66935E-7 7.57154E-9 0E0 3.51636E-11 4.48302E-9 3.42504E-13 1.91218E-10 1.67384E-7 0E0 1.24345E-14 2.70968E-8 1.11022E-16 0E0 8.6516E-6 4.39492E-8 2.72663E-11 6.67355E-12 3.33067E-16 2.05899E-10 5.55978E-4 5.11851E-9 6.83911E-5 5.21783E-11 7.96996E-12 2.86894E-3 5.48389E-4 4.0182E-4 1.73167E-4 5.49031E-5 1.78666E-4 2.32913E-6 4.54165E-3 3.18689E-3 2.11808E-3 5.74792E-3 6.64695E-3 0E0 0E0 0E0 0E0 0E0
-9999 -9999 6.50079E-4 2.51905E-6 3.22062E-6 5.13552E-4 4.86019E-3 4.45227E-7 5.16331E-5 4.75932E-3 4.58247E-5 8.27251E-7 2.93085E-7 4.87006E-8 2.51462E-9 7.73365E-7 9.44155E-7 7.14277E-9 3.9061E-6 1.65153E-6 9.77898E-10 1.02514E-5 1.99309E-6 1.98042E-5 1.34039E-3 2.3189E-2 1.09813E-3 3.11328E-3 1.55621E-3 1.95069E-2 2.09096E-2 1.06935E-2 3.07859E-2 6.96994E-6 1.60039E-4 5.07906E-6 4.32366E-7 7.77156E-16 7.01661E-9 1.88738E-14 8.96394E-13 1.87441E-9 1.14397E-12 1.74305E-14 1.11022E-16 0E0 4.87158E-11 4.996E-15 3.83255E-9 6.34781E-12 1.27676E-14 2.88658E-15 3.77476E-15 7.68052E-13 0E0 6.82787E-14 2.52137E-7 1.81108E-8 1.90627E-5 3.10862E-15 0E0 9.28947E-4 3.3557E-2 7.66969E-3 1.58909E-4 5.3232E-6 1.07777E-5 3.9274E-4 1.06544E-3 1.84343E-3 8.85983E-3 1.7334E-2 1.05583E-2 0E0 0E0 0E0 0E0 0E0
-9999 -9999 -9999 -9999 -9999 1.05335E-4 2.38888E-5 1.61951E-5 3.07839E-9 1.79707E-5 3.69542E-6 9.97428E-6 8.39084E-9 2.372E-6 2.80184E-3 3.49936E-7 6.79007E-5 5.35494E-4 5.62474E-5 2.09713E-8 4.7447E-5 2.39367E-6 -9999 -9999 -9999 -9999 -9999 2.16423E-2 2.47885E-3 8.75368E-4 9.17328E-3 5.81845E-2 3.16392E-1 3.62097E-1 2.16062E-1 5.60677E-3 3.83513E-9 1.0359E-8 6.40214E-8 1.0103E-14 2.09832E-14 0E0 0E0 2.22045E-16 1.74801E-11 8.88178E-16 2.45573E-8 1.87712E-11 4.58078E-13 1.11022E-16 0E0 5.81346E-12 0E0 3.21965E-15 0E0 0E0 3.93796E-13 6.88191E-9 3.61608E-3 3.78618E-2 2.27006E-9 2.85884E-6 4.46629E-8 1.91894E-5 2.78611E-5 4.20888E-4 7.89994E-4 3.27594E-3 4.52704E-3 0E0 1.51226E-3 0E0 0E0 0E0 0E0 0E0 0E0 0E0
-9999 -9999 -9999 -9999 -9999 -9999 -9999 2.98373E-5 2.69653E-6 5.69371E-7 2.2608E-5 3.00152E-8 3.17373E-4 3.48392E-6 8.70282E-4 3.71785E-4 7.02733E-4 2.13263E-3 5.14485E-4 2.54952E-5 1.09493E-7 -9999 -9999 1.43741E-1 6.8627E-6 3.39533E-2 7.24387E-4 2.05679E-3 7.01977E-4 3.31276E-6 4.84799E-3 0E0 0E0 -9999 1.86518E-1 4.17299E-7 3.31647E-11 2.07712E-12 3.56732E-10 9.4369E-15 2.22045E-15 0E0 9.54126E-13 1.73983E-11 0E0 6.31022E-9 5.4366E-7 3.85506E-10 1.40454E-12 2.16925E-11 1.11022E-16 3.46464E-10 8.43769E-15 0E0 6.39389E-12 6.09512E-14 6.15274E-6 6.73468E-9 1.21508E-2 4.37336E-3 5.32942E-4 8.08122E-5 1.92597E-6 1.28203E-5 4.6328E-5 2.86258E-2 3.31095E-3 6.2235E-4 0E0 0E0 0E0 0E0 0E0 0E0 0E0 0E0 0E0 0E0
-9999 -9999 -9999 -9999 -9999 -9999 -9999 8.12636E-8 3.44686E-8 4.78335E-10 6.49056E-6 3.22625E-4 2.93075E-4 9.3234E-8 2.48569E-4 3.8369E-3 2.83834E-4 2.55692E-3 1.9431E-6 1.12394E-8 5.63153E-5 2.97375E-6 1.68391E-1 2.32733E-2 -9999 -9999 -9999 0E0 0E0 0E0 0E0 -9999 -9999 3.33839E-2 8.49497E-2 -9999 1.04099E-9 2.60135E-6 1.75793E-6 7.77156E-16 0E0 0E0 5.53513E-9 2.22045E-16 1.55986E-13 1.71535E-10 4.44089E-16 4.76508E-13 2.60679E-10 0E0 2.35388E-9 5.19381E-10 5.56222E-14 3.61601E-11 6.88807E-11 3.61153E-7 5.43125E-7 1.02307E-5 2.74467E-3 8.58174E-3 3.02643E-4 3.71798E-10 5.83707E-7 1.83615E-5 2.19729E-5 5.24708E-3 0E0 0E0 0E0 0E0 0E0 0E0 0E0 0E0 0E0 0E0 0E0 0E0
-9999 -9999 -9999 -9999 -9999 -9999 -9999 -9999 8.3537E-5 1.75175E-7 1.46764E-5 8.62288E-4 5.0766E-4 7.58339E-6 2.09922E-2 3.31068E-3 1.47463E-2 2.21983E-4 1.72861E-5 5.5008E-7 8.40613E-3 1.19444E-2 1.20553E-1 1.70183E-2 -9999 -9999 -9999 0E0 0E0 -9999 -9999 -9999 0E0 0E0 7.98441E-2 1.95427E-5 6.90511E-7 1.0059E-7 3.83161E-7 5.8986E-9 2.59639E-11 8.9373E-14 6.74905E-13 1.14861E-11 3.86958E-8 2.35146E-10 6.96133E-10 5.95125E-9 1.39552E-7 3.21965E-15 1.28397E-8 1.9984E-15 4.12559E-13 3.11272E-8 9.61123E-10 9.27768E-6 3.23084E-5 3.57119E-8 2.51136E-3 1.68945E-2 2.93365E-2 4.24909E-3 2.01362E-7 2.31044E-4 1.44739E-2 2.17123E-2 0E0 0E0 0E0 0E0 0E0 0E0 0E0 0E0 0E0 0E0 0E0 0E0
-9999 -9999 -9999 -9999 -9999 -9999 -9999 -9999 1.88085E-5 5.1572E-3 3.52984E-3 6.20036E-3 2.32752E-6 2.43891E-5 8.33971E-7 2.46106E-7 5.39862E-4 4.89169E-4 9.86695E-5 -9999 2.51597E-2 6.82539E-3 1.12535E-1 -9999 0E0 -9999 -9999 -9999 -9999 -9999 -9999 0E0 5.01171E-2 1.38426E-3 8.51972E-2 1.14252E-3 1.89723E-4 7.40003E-11 6.41888E-10 1.22125E-15 1.44329E-15 2.37366E-13 2.73337E-13 6.57815E-8 7.26281E-10 1.50084E-8 1.06064E-6 2.71365E-5 3.09035E-4 8.62604E-8 9.33655E-11 6.46876E-7 4.44089E-16 1.62093E-14 1.18138E-8 7.48857E-6 1.5146E-4 2.31008E-5 1.02257E-4 2.74118E-2 2.09502E-2 2.94939E-3 1.79171E-4 6.24088E-3 0E0 0E0 0E0 0E0 0E0 0E0 0E0 0E0 0E0 0E0 0E0 0E0 0E0 0E0
-9999 -9999 -9999 -9999 -9999 -9999 -9999 -9999 4.0646E-4 5.97942E-4 8.33759E-4 1.92421E-6 1.59517E-6 1.21482E-5 4.80227E-5 2.02252E-7 2.63435E-4 1.52788E-4 1.32919E-1 8.04874E-6 4.03914E-3 8.34899E-3 2.91554E-2 -9999 -9999 -9999 -9999 -9999 -9999 0E0 4.17439E-4 -9999 2.70702E-6 2.81549E-6 5.22003E-10 2.6894E-9 5.51125E-11 3.40813E-10 1.11766E-10 1.11022E-16 0E0 7.77156E-16 3.23075E-14 8.83641E-8 6.14554E-7 2.14716E-8 3.76007E-9 2.22225E-5 6.15415E-8 7.2084E-9 3.21325E-6 2.44076E-8 1.86995E-12 5.02136E-8 2.68721E-7 1.89483E-6 1.40766E-4 1.85454E-6 2.59468E-3 1.08271E-2 0E0 0E0 0E0 0E0 0E0 0E0 0E0 0E0 0E0 0E0 0E0 0E0 0E0 0E0 0E0 0E0 0E0 1.79215E-2
-9999 -9999 -9999 -9999 -9999 -9999 -9999 -9999 1.24386E-3 1.258E-4 6.17515E-6 2.76294E-4 5.99918E-5 1.10755E-6 1.46228E-3 1.26154E-4 2.48545E-3 4.91704E-3 8.19047E-2 1.18822E-1 0E0 0E0 -9999 -9999 -9999 -9999 -9999 -9999 -9999 -9999 -9999 1.66516E-2 0E0 0E0 0E0 0E0 0E0 7.2331E-13 1.68539E-10 0E0 8.88178E-16 1.30895E-13 5.79026E-11 2.42656E-5 3.04001E-5 6.20312E-4 2.09358E-4 1.64043E-6 1.01563E-3 4.96656E-4 3.12128E-5 1.09471E-8 5.4623E-13 3.30307E-8 3.29373E-8 3.10213E-5 3.73842E-8 4.75253E-4 7.90868E-3 1.41668E-2 0E0 0E0 0E0 0E0 0E0 0E0 0E0 0E0 0E0 0E0 0E0 0E0 0E0 0E0 0E0 0E0 0E0 0E0
-9999 -9999 -9999 -9999 -9999 -9999 -9999 -9999 3.9524E-4 1.64297E-4 2.2175E-5 3.69467E-4 1.64402E-5 1.90218E-3 1.18928E-2 1.09043E-1 8.62561E-2 2.94009E-2 1.27536E-1 0E0 -9999 -9999 -9999 -9999 -9999 -9999 -9999 -9999 -9999 -9999 4.7606E-4 5.04837E-6 1.63726E-3 1.3697E-4 0E0 0E0 0E0 0E0 0E0 0E0 0E0 8.88178E-16 5.31841E-12 1.70109E-6 3.07406E-7 6.65786E-5 6.46387E-4 3.95057E-5 4.94124E-4 1.81941E-3 6.84843E-4 3.22969E-8 1.55953E-12 6.08214E-8 1.32107E-5 3.40448E-8 4.65737E-6 2.4939E-9 5.99164E-3 0E0 0E0 0E0 0E0 0E0 0E0 0E0 0E0 0E0 0E0 0E0 0E0 0E0 0E0 0E0 0E0 0E0 0E0 0E0
-9999 -9999 -9999 -9999 -9999 -9999 -9999 -9999 2.19886E-3 5.38557E-4 9.26292E-5 5.55387E-3 7.21383E-5 6.18161E-5 4.33326E-4 7.78877E-3 1.11775E-2 1.22523E-1 0E0 -9999 -9999 -9999 -9999 -9999 -9999 -9999 -9999 -9999 -9999 3.16361E-7 2.87881E-13 5.02817E-5 -9999 1.17688E-6 6.0423E-6 1.0593E-2 0E0 0E0 0E0 4.35239E-11 2.36922E-13 2.39653E-10 6.74969E-8 5.23255E-8 2.19829E-4 6.01076E-2 5.50401E-5 3.21554E-3 3.39464E-3 1.50023E-5 1.44396E-10 3.11853E-5 5.86767E-6 2.71159E-7 7.05169E-6 1.71938E-8 1.3605E-7 7.63278E-7 6.94811E-12 9.78106E-14 1.12149E-2 0E0 0E0 0E0 0E0 0E0 0E0 0E0 0E0 0E0 0E0 0E0 0E0 0E0 0E0 0E0 0E0 0E0
-9999 -9999 -9999 -9999 -9999 -9999 -9999 -9999 4.06227E-2 7.13704E-2 2.5127E-1 3.69976E-6 2.64364E-3 6.74426E-3 5.63877E-2 0E0 0E0 -9999 -9999 -9999 -9999 -9999 -9999 -9999 -9999 0E0 0E0 0E0 -9999 1.10116E-3 5.61995E-13 1.63532E-4 1.30264E-7 3.91786E-9 8.31292E-7 5.57363E-5 1.38568E-7 1.64803E-8 3.17224E-12 3.16414E-14 1.65207E-10 3.23558E-11 4.20239E-6 2.32347E-4 5.40806E-3 3.07673E-3 2.88796E-2 1.1104E-2 2.08183E-3 1.88347E-4 1.27175E-4 2.72979E-4 1.89387E-6 4.55613E-4 1.02323E-4 3.06024E-2 1.48141E-4 4.30039E-4 4.03159E-3 1.37272E-4 5.14668E-5 4.27134E-4 0E0 0E0 0E0 0E0 0E0 0E0 0E0 0E0 0E0 0E0 0E0 0E0 0E0 0E0 0E0 0E0
-9999 -9999 -9999 -9999 -9999 -9999 -9999 -9999 -9999 3.39673E-1 2.21366E-2 1.58289E-3 0E0 0E0 0E0 -9999 -9999 -9999 -9999 -9999 -9999 -9999 -9999 0E0 0E0 0E0 6.29096E-3 1.42971E-1 3.12696E-3 4.1164E-8 3.96712E-6 6.20788E-6 2.1776E-9 9.2639E-11 1.24965E-9 3.13224E-9 1.09768E-12 2.65565E-9 6.975E-10 1.80862E-11 1.83219E-9 1.00317E-5 9.22601E-6 2.16847E-4 8.93101E-3 4.31426E-2 7.19975E-8 1.892E-7 4.1287E-12 3.83097E-6 5.10328E-5 1.28028E-7 7.82307E-4 7.2137E-6 1.36788E-2 2.75779E-2 1.51005E-2 0E0 0E0 0E0 1.0634E-11 3.68527E-5 0E0 0E0 0E0 0E0 0E0 0E0 0E0 0E0 0E0 0E0 0E0 0E0 0E0 0E0 0E0 0E0
-9999 -9999 -9999 -9999 -9999 -9999 -9999 -9999 -9999 -9999 -9999 -9999 -9999 -9999 0E0 -9999 -9999 -9999 -9999 -9999 -9999 -9999 -9999 0E0 0E0 7.38695E-3 6.58534E-3 3.17331E-5 1.71468E-2 2.6412E-3 9.32511E-6 2.04465E-6 4.60554E-12 5.99042E-11 4.25366E-9 9.49574E-13 5.39975E-10 9.54647E-12 1.03417E-6 9.02734E-5 7.32248E-4 9.24793E-4 5.30532E-5 3.4561E-4 3.4564E-8 9.29259E-6 1.48947E-8 2.73559E-13 3.94785E-4 9.12019E-7 2.0983E-5 7.43849E-15 8.43631E-3 7.63362E-3 5.21358E-3 0E0 0E0 0E0 0E0 0E0 8.53509E-4 0E0 0E0 0E0 0E0 0E0 0E0 0E0 0E0 0E0 0E0 0E0 0E0 0E0 0E0 0E0 0E0 0E0
-9999 -9999 -9999 -9999 -9999 -9999 -9999 -9999 -9999 -9999 -9999 -9999 -9999 -9999 -9999 -9999 -9999 -9999 -9999 -9999 -9999 -9999 -9999 0E0 -9999 4.82885E-2 4.04359E-4 5.84202E-6 1.56319E-6 1.31389E-4 1.58147E-11 7.07622E-11 4.48956E-8 1.28556E-10 1.03849E-9 6.51701E-14 1.33436E-10 1.17403E-7 2.80967E-9 8.49856E-11 3.53825E-5 7.89986E-4 1.4843E-2 8.64796E-3 3.29066E-3 3.80994E-6 1.7591E-3 1.19233E-5 5.75357E-8 1.16053E-6 4.41374E-8 6.74782E-4 3.31317E-3 3.4304E-3 6.74928E-3 0E0 0E0 0E0 0E0 5.72095E-3 9.00925E-3 0E0 0E0 0E0 0E0 0E0 0E0 0E0 0E0 0E0 0E0 0E0 0E0 0E0 0E0 0E0 0E0 0E0
-9999 -9999 -9999 -9999 -9999 -9999 -9999 -9999 -9999 -9999 -9999 -9999 -9999 -9999 -9999 -9999 -9999 -9999 -9999 -9999 -9999 -9999 -9999 -9999 -9999 0E0 4.95771E-3 4.67446E-9 1.02685E-7 2.54208E-8 1.20741E-7 5.09439E-7 2.75454E-6 1.05554E-3 1.70295E-7 9.10027E-6 7.23838E-10 1.71324E-8 8.88614E-8 0E0 6.0367E-7 1.08662E-5 2.2815E-3 4.40985E-4 1.34628E-3 1.31991E-5 3.55431E-7 1.01261E-5 2.99693E-6 5.93246E-5 6.36949E-3 1.66113E-2 6.35797E-3 6.15923E-2 4.99419E-2 6.81037E-3 0E0 0E0 0E0 0E0 0E0 0E0 0E0 0E0 0E0 0E0 0E0 0E0 0E0 0E0 0E0 0E0 0E0 0E0 0E0 0E0 0E0 0E0
-9999 -9999 -9999 -9999 -9999 -9999 -9999 -9999 -9999 -9999 -9999 -9999 -9999 -9999 -9999 -9999 -9999 -9999 -9999 -9999 -9999 -9999 -9999 -9999 -9999 4.24638E-2 1.3276E-3 7.83913E-8 4.97214E-7 2.53157E-6 6.00782E-7 2.73568E-3 1.73166E-4 1.01708E-5 5.64634E-5 2.05388E-6 6.80989E-9 4.73933E-6 4.29863E-10 6.92366E-9 5.57149E-5 2.76698E-4 6.49007E-3 4.57392E-5 1.86487E-4 9.5446E-5 3.90135E-9 7.91314E-6 4.24009E-4 2.50353E-7 5.83766E-3 1.377E-2 0E0 0E0 0E0 0E0 0E0 0E0 0E0 0E0 0E0 0E0 0E0 0E0 0E0 0E0 0E0 0E0 0E0 0E0 0E0 0E0 0E0 0E0 0E0 0E0 0E0 0E0
-9999 -9999 -9999 -9999 -9999 -9999 -9999 -9999 -9999 -9999 -9999 -9999 -9999 -9999 -9999 -9999 -9999 -9999 -9999 -9999 -9999 -9999 -9999 -9999 2.60823E-2 1.03145E-2 3.32592E-4 2.03642E-2 6.39616E-4 4.85403E-6 2.07792E-2 5.91556E-7 1.16802E-5 6.06866E-6 1.17195E-5 1.48634E-7 2.53679E-7 7.83321E-9 8.38896E-9 6.40924E-9 6.78139E-3 8.37626E-2 2.8376E-3 4.90212E-6 7.64724E-5 1.09511E-4 5.7043E-5 7.36319E-5 2.39015E-5 2.32165E-5 7.19095E-3 0E0 0E0 0E0 0E0 0E0 0E0 0E0 0E0 0E0 0E0 1.1025E-2 0E0 0E0 0E0 0E0 0E0 0E0 0E0 0E0 0E0 0E0 0E0 0E0 0E0 0E0 0E0 0E0
-9999 -9999 -9999 -9999 -9999 -9999 -9999 -9999 -9999 -9999 -9999 -9999 -9999 -9999 -9999 -9999 -9999 -9999 -9999 -9999 -9999 -9999 -9999 -9999 2.81752E-2 5.80399E-3 1.31693E-3 4.9275E-3 6.28305E-3 1.19361E-4 1.09935E-5 2.33852E-6 1.96979E-3 6.67642E-6 1.33129E-6 3.37508E-14 4.42127E-11 9.77404E-9 7.02959E-11 7.75307E-6 1.12215E-3 6.16711E-4 5.46564E-5 8.1536E-4 1.42367E-2 1.34296E-3 3.61307E-6 1.96387E-6 3.51723E-4 5.7624E-6 5.76211E-3 0E0 0E0 0E0 0E0 0E0 0E0 0E0 0E0 0E0 0E0 0E0 0E0 0E0 0E0 0E0 0E0 0E0 0E0 0E0 0E0 0E0 0E0 0E0 0E0 0E0 0E0 0E0
-9999 -9999 -9999 -9999 -9999 -9999 -9999 -9999 -9999 -9999 -9999 -9999 -9999 -9999 -9999 -9999 -9999 -9999 -9999 -9999 0E0 -9999 -9999 1.32274E-4 5.21857E-3 1.23888E-7 9.34031E-13 1.64679E-6 2.00403E-11 4.4369E-4 2.97439E-7 1.96146E-8 5.55698E-5 1.45824E-6 1.8006E-8 9.31699E-13 4.06119E-7 3.74425E-8 1.1202E-10 1.98645E-5 8.97263E-7 1.58355E-4 4.85901E-3 6.57708E-3 1.63245E-2 8.79817E-3 5.69978E-3 2.03886E-2 9.76595E-2 1.67966E-1 1.59701E-2 0E0 0E0 0E0 0E0 0E0 0E0 0E0 0E0 0E0 0E0 0E0 0E0 0E0 0E0 0E0 0E0 0E0 0E0 0E0 0E0 0E0 0E0 0E0 0E0 0E0 0E0 0E0
-9999 -9999 -9999 -9999 -9999 -9999 -9999 -9999 -9999 -9999 -9999 -9999 -9999 -9999 -9999 -9999 -9999 -9999 -9999 -9999 -9999 7.1953E-3 1.97175E-4 6.8503E-5 1.15983E-6 3.11792E-10 1.33498E-11 5.74868E-4 6.83866E-6 1.05452E-4 2.24317E-6 1.7292E-5 1.69068E-5 2.57205E-6 4.95161E-6 5.48398E-9 1.06254E-8 3.78993E-9 4.53209E-7 3.64467E-5 7.16976E-4 5.0244E-3 5.89469E-7 7.3696E-5 5.91682E-3 7.787E-4 6.07951E-3 1.3582E-3 1.35313E-1 2.36081E-3 1.67843E-2 0E0 0E0 0E0 0E0 0E0 0E0 0E0 0E0 0E0 0E0 6.19182E-3 1.53693E-2 0E0 0E0 0E0 0E0 0E0 0E0 0E0 0E0 0E0 0E0 0E0 0E0 0E0 0E0 0E0
-9999 -9999 -9999 -9999 -9999 -9999 -9999 -9999 -9999 -9999 -9999 -9999 -9999 -9999 -9999 -9999 -9999 -9999 -9999 -9999 -9999 -9999 3.66083E-7 1.20052E-9 1.06373E-8 3.01678E-7 8.62854E-12 9.74355E-5 7.62672E-5 1.72157E-4 1.59574E-4 7.00024E-6 1.81893E-7 2.50522E-12 2.47824E-10 1.16783E-8 1.97378E-6 4.13067E-8 1.98462E-5 8.48529E-7 1.43639E-9 6.48891E-7 7.18538E-8 3.79631E-3 9.12734E-5 2.02658E-1 7.14498E-3 3.4046E-4 2.32685E-6 1.55438E-2 0E0 0E0 0E0 0E0 0E0 0E0 0E0 0E0 0E0 0E0 0E0 1.15513E-2 3.52292E-3 0E0 0E0 0E0 0E0 0E0 0E0 0E0 0E0 0E0 0E0 0E0 0E0 0E0 0E0 0E0
-9999 -9999 -9999 -9999 -9999 -9999 -9999 -9999 -9999 -9999 -9999 -9999 -9999 -9999 -9999 -9999 -9999 -9999 -9999 -9999 -9999 9.83635E-3 3.72269E-5 2.27837E-7 2.62988E-8 3.812E-4 9.47543E-6 3.33833E-5 5.09496E-5 2.0479E-5 1.77269E-4 4.94256E-5 6.4203E-11 4.53104E-9 9.64195E-9 6.80866E-8 2.99538E-13 1.46129E-7 3.6074E-7 5.50069E-4 1.75592E-10 4.1954E-6 1.36286E-3 1.94227E-4 2.88789E-3 5.64319E-2 1.18811E-3 3.34448E-5 8.40981E-6 1.35547E-2 0E0 0E0 0E0 0E0 0E0 0E0 0E0 0E0 0E0 0E0 0E0 0E0 0E0 0E0 0E0 0E0 0E0 0E0 0E0 0E0 0E0 0E0 0E0 0E0 0E0 0E0 0E0 0E0
-9999 -9999 -9999 -9999 -9999 -9999 -9999 -9999 -9999 -9999 -9999 -9999 -9999 -9999 -9999 -9999 0E0 -9999 -9999 0E0 6.02878E-8 6.08488E-6 5.29688E-4 1.33768E-4 7.06842E-4 1.20451E-6 5.89665E-3 1.73219E-4 4.09917E-6 3.0711E-6 1.49391E-5 3.52039E-6 5.58442E-14 2.9317E-11 7.89134E-8 2.35569E-8 1.65845E-10 1.11429E-7 2.15292E-7 1.2911E-7 4.0637E-4 2.44577E-2 1.12246E-2 8.68781E-3 1.13187E-2 2.74624E-2 1.90993E-10 6.07343E-4 4.84111E-3 0E0 0E0 0E0 0E0 0E0 0E0 0E0 0E0 0E0 0E0 0E0 0E0 0E0 0E0 0E0 0E0 0E0 0E0 0E0 0E0 0E0 0E0 0E0 0E0 0E0 0E0 0E0 0E0 0E0
-9999 -9999 -9999 -9999 -9999 -9999 -9999 -9999 -9999 -9999 -9999 -9999 -9999 -9999 -9999 -9999 0E0 0E0 0E0 3.08558E-6 2.84072E-8 3.68922E-3 1.49238E-3 5.2382E-4 4.1458E-5 1.1026E-4 2.0341E-6 5.00138E-8 9.41491E-12 1.22443E-8 5.86152E-6 1.0056E-6 4.71412E-12 2.81009E-12 1.45267E-7 5.10374E-5 6.44193E-6 1.29575E-4 3.40719E-3 9.3975E-5 3.28742E-4 1.21962E-1 5.25961E-2 1.21865E-2 7.8027E-2 1.82798E-3 9.46559E-3 0E0 0E0 0E0 0E0 0E0 0E0 0E0 0E0 0E0 0E0 0E0 0E0 0E0 0E0 0E0 0E0 0E0 0E0 0E0 0E0 0E0 0E0 0E0 0E0 0E0 0E0 0E0 0E0 0E0 0E0 0E0
-9999 -9999 -9999 -9999 -9999 -9999 -9999 -9999 -9999 -9999 -9999 -9999 -9999 -9999 -9999 -9999 -9999 0E0 0E0 1.41122E-7 -9999 -9999 -9999 1.95859E-3 9.19845E-7 3.77394E-3 3.10184E-2 3.84032E-2 1.79817E-9 3.5686E-3 9.72313E-6 1.2262E-3 1.10642E-4 4.17898E-4 1.24915E-7 5.32773E-3 1.74443E-3 1.11154E-1 4.52645E-3 1.7569E-2 3.0319E-6 6.16057E-6 1.82473E-5 1.0917E-1 5.66898E-2 1.06227E-2 3.95434E-2 0E0 0E0 0E0 0E0 0E0 0E0 0E0 0E0 0E0 0E0 0E0 0E0 0E0 0E0 0E0 0E0 0E0 0E0 0E0 0E0 0E0 0E0 0E0 0E0 0E0 0E0 0E0 0E0 0E0 0E0 0E0
-9999 -9999 -9999 -9999 -9999 -9999 -9999 -9999 -9999 -9999 -9999 -9999 -9999 -9999 -9999 -9999 -9999 -9999 0E0 -9999 -9999 -9999 1.45852E-1 7.41989E-2 2.81864E-2 2.49057E-2 1.81599E-4 4.50017E-5 1.39196E-5 6.25742E-6 1.00283E-6 4.73039E-3 1.89597E-2 9.25945E-3 2.6403E-2 1.49655E-6 9.14331E-6 4.75541E-3 5.67848E-4 6.33669E-3 9.65559E-4 1.06755E-8 2.48017E-6 2.15072E-11 5.60734E-6 3.10076E-3 1.84071E-2 0E0 0E0 0E0 0E0 0E0 0E0 0E0 0E0 0E0 0E0 0E0 0E0 0E0 0E0 0E0 0E0 0E0 0E0 0E0 0E0 0E0 0E0 0E0 0E0 0E0 0E0 0E0 0E0 0E0 0E0 0E0
-9999 -9999 -9999 -9999 -9999 -9999 -9999 -9999 -9999 -9999 -9999 -9999 -9999 -9999 -9999 -9999 -9999 -9999 -9999 -9999 -9999 0E0 9.24521E-3 1.70474E-1 5.0637E-2 2.16076E-3 3.93424E-4 1.15633E-10 2.7314E-8 1.85534E-7 1.76838E-5 3.76573E-8 3.57735E-5 1.85199E-5 2.3487E-4 2.78097E-6 7.92908E-5 1.15459E-3 3.51412E-4 6.89378E-7 1.02316E-2 1.33227E-15 2.85778E-8 5.87572E-11 6.26618E-3 2.94258E-2 0E0 0E0 0E0 0E0 0E0 0E0 0E0 0E0 0E0 0E0 0E0 0E0 0E0 0E0 0E0 0E0 0E0 0E0 0E0 0E0 0E0 0E0 0E0 0E0 0E0 0E0 0E0 0E0 0E0 0E0 0E0 0E0
