ENM/Final_Models/M_1_F_q_Set_1_EC/Gustavia_santanderiensis_7_Choco_clamping.asc
ncols         367
nrows         963
xllcorner     -78.6
yllcorner     0.65
cellsize      0.00833333333333323
NODATA_value  -9999
[rows 248 to 278 of 963, columns 140 to 209 of 367]
-9999 -9999 -9999 -9999 -9999 -9999 -9999 -9999 -9999 -9999 -9999 -9999 -9999 -9999 6.00112E-3 1.38551E-2 1.52107E-2 1.94105E-2 1.2898E-2 1.52664E-2 1.25052E-2 1.76372E-2 1.80717E-2 1.67075E-2 1.01503E-2 1.47004E-2 8.73215E-3 7.50608E-3 3.42453E-2 3.83179E-2 8.99344E-3 3.45178E-2 3.09313E-2 2.09713E-1 7.71004E-1 7.71019E-1 7.75701E-1 8.45245E-1 7.20756E-1 8.6577E-1 7.84263E-1 8.15279E-1 9.40091E-1 9.46975E-1 9.35125E-1 7.44755E-1 9.32837E-1 7.07706E-1 4.59657E-1 1.56685E-1 6.89971E-1 6.88355E-1 9.22808E-1 9.08398E-1 9.20347E-1 3.71009E-1 7.27621E-1 3.72572E-1 3.16356E-1 4.36693E-1 4.12284E-1 5.37618E-1 5.26939E-1 4.01396E-1 7.43946E-3 4.10846E-4 1.38019E-1 2.85823E-4 2.70094E-1 1.81322E-4
-9999 -9999 -9999 -9999 -9999 -9999 -9999 -9999 -9999 -9999 -9999 -9999 -9999 -9999 5.04023E-3 9.30216E-3 1.24651E-2 1.91689E-2 1.42913E-2 1.2864E-2 5.68394E-3 1.05605E-2 1.87843E-2 1.32357E-2 2.35622E-2 1.17256E-2 6.95604E-3 6.77568E-3 1.1768E-2 8.0811E-3 4.10419E-2 1.91174E-1 3.19452E-2 2.02969E-1 5.81065E-1 5.81354E-1 8.51722E-1 8.48724E-1 8.45742E-1 8.76527E-1 9.37196E-1 2.14573E-1 9.38209E-1 8.2452E-1 9.42355E-1 7.76246E-1 9.50038E-1 7.44591E-1 7.63194E-1 5.37741E-1 5.22049E-1 7.17401E-1 9.27034E-1 7.02517E-1 6.56476E-1 7.32479E-1 2.04234E-1 3.90375E-1 8.64573E-2 5.29841E-1 6.29684E-1 4.52364E-1 4.22343E-1 4.2755E-1 4.91167E-1 8.18759E-4 1.36441E-3 2.73295E-3 3.87341E-3 3.49659E-7
-9999 -9999 -9999 -9999 -9999 -9999 -9999 -9999 -9999 -9999 -9999 -9999 -9999 0E0 1.86314E-4 3.68047E-3 6.50088E-3 1.53071E-2 9.0881E-3 4.93143E-3 2.7188E-3 1.7174E-2 1.82347E-2 1.46734E-2 1.69435E-2 2.24577E-2 1.38201E-2 1.67479E-2 5.90965E-3 4.08798E-3 1.97978E-1 3.31447E-2 4.30144E-1 4.69969E-1 4.58415E-1 4.66184E-1 5.96571E-1 8.58818E-1 8.5434E-1 8.21204E-1 8.34442E-1 8.07318E-1 9.38009E-1 6.70461E-1 8.1034E-1 7.86904E-1 9.38879E-1 2.03258E-1 1.76177E-1 7.48356E-1 7.59385E-1 7.06286E-1 9.36245E-1 6.39171E-1 9.2924E-1 9.3714E-1 6.49549E-1 4.27033E-2 6.40136E-2 4.97493E-2 3.35947E-2 5.42529E-2 1.19733E-1 3.56033E-1 6.04898E-1 1.85713E-3 2.53788E-5 3.67597E-5 8.34775E-5 5.68289E-7
-9999 -9999 -9999 -9999 -9999 -9999 -9999 -9999 -9999 -9999 -9999 -9999 -9999 1.60103E-3 0E0 0E0 2.17513E-3 7.39211E-3 3.77446E-3 2.13937E-3 6.69527E-3 1.68389E-2 1.78172E-2 2.49426E-2 2.96877E-2 2.11071E-2 4.34395E-2 4.073E-3 1.07882E-2 1.04074E-2 3.3634E-2 2.22262E-1 5.54596E-1 8.54069E-1 8.19603E-1 8.57081E-1 8.4362E-1 2.97674E-1 3.68915E-1 8.53369E-1 9.65209E-1 9.63776E-1 9.5932E-1 8.12386E-1 6.24226E-1 9.34258E-1 7.9299E-1 7.78962E-1 7.71471E-1 7.5062E-1 7.54571E-1 7.31812E-1 7.61063E-1 6.8073E-1 9.39712E-1 9.33489E-1 7.09673E-1 2.91882E-1 6.68295E-2 1.05272E-2 1.53268E-1 3.27686E-1 5.2169E-1 4.12739E-1 3.93706E-1 1.88015E-1 2.77425E-1 3.1089E-1 2.29284E-1 3.10133E-1
-9999 -9999 -9999 -9999 -9999 -9999 -9999 -9999 -9999 -9999 -9999 -9999 -9999 3.07284E-3 3.10716E-3 0E0 1.4308E-3 4.84125E-3 1.21196E-2 9.07357E-3 1.16902E-2 5.09944E-3 1.65523E-2 2.69896E-2 3.38467E-2 2.35473E-2 3.89847E-2 2.09713E-2 1.87177E-2 2.23519E-1 2.27861E-1 3.27999E-2 8.55927E-1 2.17166E-1 4.9766E-1 9.63041E-1 8.54236E-1 8.80139E-1 8.82677E-1 8.49105E-1 9.64915E-1 8.32041E-1 7.99251E-1 7.97605E-1 9.60553E-1 9.62226E-1 8.36452E-1 6.12581E-1 1.8558E-1 6.15129E-1 9.55112E-1 9.48646E-1 9.4804E-1 9.40965E-1 7.43042E-1 7.29373E-1 9.54226E-1 7.45994E-1 3.50132E-1 6.79011E-1 8.04157E-2 7.51682E-2 7.08958E-1 6.05884E-1 7.69641E-1 7.60661E-1 7.70292E-1 7.70989E-1 8.01516E-1 4.07646E-1
-9999 -9999 -9999 -9999 -9999 -9999 -9999 -9999 -9999 -9999 -9999 -9999 1.43517E-2 3.63271E-3 2.13745E-3 1.90106E-3 1.31686E-3 5.45567E-3 1.90937E-2 2.30901E-2 1.09883E-2 9.72672E-3 1.9787E-2 2.97411E-2 3.78712E-2 3.29703E-2 2.80974E-2 3.81763E-2 2.07412E-2 4.71248E-1 6.00386E-1 5.90653E-1 8.56026E-1 6.19235E-1 9.54527E-1 4.87845E-1 4.69808E-1 8.88868E-1 8.83281E-1 8.60177E-1 8.57851E-1 8.45838E-1 8.13083E-1 6.75448E-1 8.45664E-1 8.30302E-1 8.15577E-1 3.66419E-1 6.31734E-1 5.86801E-1 7.65561E-1 9.55568E-1 9.58843E-1 8.19706E-1 9.49323E-1 9.45552E-1 7.82348E-1 9.57388E-1 7.65881E-1 7.33173E-1 1.6803E-1 1.42333E-1 9.24276E-2 3.6053E-4 1.57326E-1 8.12662E-1 8.04268E-1 8.34765E-1 7.81945E-1 7.79966E-1
-9999 -9999 -9999 -9999 -9999 -9999 -9999 -9999 -9999 -9999 -9999 -9999 -9999 5.1458E-3 0E0 6.2974E-3 1.05415E-2 1.10711E-2 1.88478E-2 3.34671E-2 1.6708E-2 1.91867E-2 2.63684E-2 2.43506E-2 2.41803E-2 3.33598E-2 3.2375E-2 1.7101E-2 4.31705E-2 4.80076E-1 4.82866E-1 8.64817E-1 4.81785E-1 4.70219E-1 9.6066E-1 7.91393E-1 4.36391E-1 4.84199E-1 9.64737E-1 9.70442E-1 9.61877E-1 8.21549E-1 8.13151E-1 4.20496E-1 6.65989E-1 8.59882E-1 8.18588E-1 7.05114E-1 4.47782E-1 4.19818E-1 7.85301E-1 9.60323E-1 9.61447E-1 9.63552E-1 9.45444E-1 1.20564E-1 9.47679E-1 7.75355E-1 7.83978E-1 5.62143E-1 1.70814E-1 4.30253E-4 8.45576E-5 2.7278E-4 3.28387E-1 8.0217E-1 3.90425E-1 4.86788E-1 2.09266E-1 2.12269E-1
-9999 -9999 -9999 -9999 -9999 -9999 -9999 -9999 -9999 -9999 -9999 -9999 -9999 3.1132E-3 1.57118E-3 3.89671E-3 1.81099E-2 1.79918E-2 3.22427E-2 3.04062E-2 2.9403E-2 3.48186E-2 1.91108E-2 1.48249E-2 1.6512E-2 3.27193E-2 3.95583E-2 4.22666E-2 6.13222E-1 4.09268E-1 4.7033E-1 8.73224E-1 8.70502E-1 6.47199E-1 9.09339E-1 4.45402E-1 4.12148E-1 4.65172E-2 8.92409E-1 9.71123E-1 8.80495E-1 8.28579E-1 7.16765E-1 6.95192E-1 6.93197E-1 8.5142E-1 8.45472E-1 8.40419E-1 6.31927E-1 6.26454E-1 5.49012E-1 7.96589E-1 9.6813E-1 9.47712E-1 9.49717E-1 9.4021E-1 8.1695E-1 9.64917E-1 7.33199E-1 5.45076E-1 7.63227E-1 7.73823E-1 7.62567E-1 1.52034E-1 8.49759E-1 2.77026E-1 8.69028E-1 8.87851E-1 2.1797E-1 2.23364E-1
-9999 -9999 -9999 -9999 -9999 -9999 -9999 -9999 -9999 -9999 -9999 -9999 1.21968E-2 7.29078E-3 4.73377E-3 1.66877E-2 2.51059E-2 2.08215E-2 2.93465E-2 3.43449E-2 2.31829E-2 2.55267E-2 2.30477E-2 2.47589E-2 2.2048E-2 1.68774E-2 2.41289E-2 2.84134E-2 3.09486E-2 3.17536E-2 3.08995E-1 6.27375E-1 6.44781E-1 8.82938E-1 8.85994E-1 4.73423E-1 3.72477E-2 4.62728E-1 8.96973E-1 4.95154E-1 9.00646E-1 9.70754E-1 9.67817E-1 8.19865E-1 8.47416E-1 8.31746E-1 8.33238E-1 9.68255E-1 9.63466E-1 9.64341E-1 9.62475E-1 9.65033E-1 9.66495E-1 9.72512E-1 8.18724E-1 8.28146E-1 8.04264E-1 9.67125E-1 9.62752E-1 8.61888E-1 5.37094E-1 5.87523E-1 9.57126E-1 8.30623E-1 8.47979E-1 8.63443E-1 7.40799E-1 1.85502E-1 1.93001E-1 8.54741E-1
-9999 -9999 -9999 -9999 -9999 -9999 -9999 -9999 -9999 -9999 -9999 -9999 1.11036E-2 5.79467E-3 1.06796E-2 1.50522E-2 2.95358E-3 2.05955E-3 1.71125E-2 2.19337E-2 1.47351E-2 2.4313E-2 2.78108E-2 3.04025E-2 2.85815E-2 6.70218E-3 2.57235E-2 8.58905E-3 7.78078E-3 1.53476E-2 2.30742E-2 3.02216E-2 4.63252E-1 6.40902E-1 3.92916E-2 3.57186E-2 3.34753E-2 3.49609E-2 9.6137E-1 9.01652E-1 4.57828E-1 9.72489E-1 8.76966E-1 8.69293E-1 9.59175E-1 8.92182E-1 9.50798E-1 9.42272E-1 9.71265E-1 9.7017E-1 8.17683E-1 7.86632E-1 9.70912E-1 9.66828E-1 6.24556E-1 3.56889E-1 6.71503E-1 8.24666E-1 7.73466E-1 9.6069E-1 8.53808E-1 3.3611E-1 8.99227E-1 8.22664E-1 3.61239E-1 8.42489E-1 6.9733E-1 2.33421E-1 8.27565E-1 5.3328E-1
-9999 -9999 -9999 -9999 -9999 -9999 -9999 -9999 -9999 -9999 -9999 -9999 8.91727E-3 1.20667E-3 6.69598E-3 1.64025E-3 0E0 0E0 8.98821E-4 6.02889E-3 1.06214E-2 1.60816E-2 2.27192E-2 2.36112E-2 6.33955E-3 3.28998E-3 1.20579E-2 0E0 7.3869E-4 2.81193E-3 1.08169E-2 1.35146E-2 2.74536E-2 4.45819E-2 3.29927E-1 4.12947E-2 4.32526E-2 4.92093E-2 4.64532E-1 4.96639E-1 9.66821E-1 9.56572E-1 1.47994E-2 3.37829E-1 9.01315E-1 2.55832E-1 8.90213E-1 9.6425E-1 9.54838E-1 5.09101E-1 8.6401E-1 8.45754E-1 9.77456E-1 7.90759E-1 8.24525E-1 8.11946E-1 8.14552E-1 8.33108E-1 8.47184E-1 9.47756E-1 8.23665E-1 6.59395E-1 6.57555E-1 7.30047E-1 7.46815E-1 8.22643E-1 3.08823E-1 1.94673E-2 3.96628E-1 4.30516E-1
-9999 -9999 -9999 -9999 -9999 -9999 -9999 -9999 -9999 -9999 -9999 -9999 8.72389E-3 1.1855E-3 1.21198E-3 0E0 0E0 0E0 0E0 0E0 0E0 8.89775E-3 1.55074E-2 5.23478E-3 8.12245E-4 0E0 9.70788E-4 1.28634E-3 4.27379E-3 8.96197E-3 2.61925E-1 3.15906E-1 4.40502E-2 4.13579E-2 3.85668E-1 4.4893E-1 9.06896E-1 9.02635E-1 9.60733E-1 9.62733E-1 9.60413E-1 9.61135E-1 3.06595E-1 3.60078E-1 8.85556E-1 8.66914E-1 9.55133E-1 9.05826E-1 9.57513E-1 8.63167E-1 8.56809E-1 8.58852E-1 9.79928E-1 9.53587E-1 8.63689E-1 8.73425E-1 8.72903E-1 8.74233E-1 9.73088E-1 2.93067E-1 8.41217E-1 7.33512E-1 7.1186E-1 8.28229E-1 8.76966E-1 8.55913E-1 5.33551E-1 3.02462E-1 3.13436E-1 3.47579E-1
-9999 -9999 -9999 -9999 -9999 -9999 -9999 -9999 -9999 -9999 -9999 1.91497E-2 5.48588E-3 6.69232E-4 3.5084E-4 0E0 0E0 0E0 0E0 0E0 0E0 2.50161E-3 5.48234E-3 1.76079E-3 1.51129E-3 3.68212E-3 2.45853E-3 8.71905E-3 1.93952E-2 1.87069E-1 3.19292E-1 3.32452E-1 2.89953E-1 3.27039E-1 6.90245E-1 3.20995E-1 9.4943E-1 9.52556E-1 9.64163E-1 4.93815E-1 9.67376E-1 8.82426E-1 9.09736E-1 9.03562E-1 8.8459E-1 9.82765E-1 9.65055E-1 9.68319E-1 9.59292E-1 8.56747E-1 8.472E-1 9.51516E-1 9.8152E-1 8.72759E-1 8.45691E-1 9.62873E-1 9.60002E-1 8.59401E-1 9.76647E-1 8.5292E-1 3.44638E-1 2.03342E-2 4.40544E-3 8.63273E-1 8.60669E-1 8.54291E-1 8.62557E-1 8.5562E-1 8.54044E-1 3.657E-1
-9999 -9999 -9999 -9999 -9999 -9999 -9999 -9999 -9999 -9999 -9999 1.62361E-2 3.99275E-3 0E0 0E0 0E0 0E0 0E0 0E0 0E0 0E0 3.32302E-3 3.70708E-3 2.91834E-3 2.96847E-3 1.58408E-2 1.94159E-2 2.11839E-2 3.55399E-1 3.04895E-1 3.47125E-1 3.40522E-1 3.48395E-1 4.78137E-1 4.79004E-1 7.09603E-1 9.08846E-1 9.48055E-1 9.06713E-1 9.05053E-1 9.2671E-1 9.61654E-1 9.61387E-1 9.64938E-1 8.99066E-1 9.07378E-1 9.64177E-1 9.19183E-1 9.64021E-1 8.94306E-1 8.93377E-1 8.93439E-1 9.01407E-1 8.85414E-1 8.98177E-1 9.8113E-1 9.77807E-1 8.62152E-1 9.8077E-1 8.75619E-1 8.75411E-1 3.79916E-1 3.5791E-1 8.3803E-1 8.61389E-1 8.59514E-1 8.80243E-1 8.84435E-1 9.75041E-1 8.66381E-1
-9999 -9999 -9999 -9999 -9999 -9999 -9999 -9999 -9999 -9999 8.06282E-3 5.67344E-3 5.91577E-4 0E0 0E0 0E0 0E0 0E0 0E0 0E0 1.24269E-3 1.05656E-2 2.69557E-1 3.27317E-1 2.92867E-1 6.55694E-1 1.97293E-1 3.34206E-2 2.49027E-2 2.98974E-2 4.39107E-2 3.90103E-2 4.6812E-1 4.1339E-2 4.62252E-1 7.04136E-1 3.63875E-1 3.85868E-1 7.32575E-1 9.11288E-1 9.80537E-1 8.90927E-1 9.30372E-1 9.31607E-1 9.61763E-1 9.27911E-1 9.22769E-1 9.18288E-1 8.97525E-1 9.85733E-1 9.05349E-1 9.64165E-1 9.10926E-1 9.59544E-1 8.93038E-1 8.79843E-1 8.59644E-1 9.80243E-1 9.54455E-1 9.80798E-1 8.47531E-1 8.46589E-1 6.09644E-1 5.97452E-1 8.75668E-1 8.90493E-1 9.74861E-1 9.79531E-1 8.47473E-1 8.70715E-1
-9999 -9999 -9999 -9999 -9999 -9999 -9999 -9999 -9999 2.21531E-3 1.1453E-2 2.97045E-3 4.00949E-4 0E0 0E0 0E0 0E0 0E0 0E0 0E0 4.61575E-3 1.6992E-2 3.34976E-1 1.85E-1 1.20792E-1 2.21722E-1 2.32797E-2 4.53418E-3 1.32128E-3 1.25172E-2 2.63456E-2 3.90182E-2 3.41509E-2 1.77461E-2 4.36689E-1 7.03967E-1 7.30493E-1 7.32114E-1 7.15721E-1 9.13873E-1 9.17619E-1 9.1337E-1 9.70713E-1 9.24469E-1 9.85823E-1 9.1217E-1 8.54365E-1 8.39037E-1 9.02462E-1 9.84444E-1 9.33527E-1 9.32117E-1 9.85137E-1 9.05333E-1 9.84621E-1 8.68209E-1 8.77819E-1 9.85262E-1 9.87549E-1 2.77836E-1 9.81748E-1 8.5615E-1 6.8218E-1 6.57657E-1 6.94525E-1 7.31397E-1 9.07693E-1 9.04231E-1 4.31611E-1 7.88713E-1
-9999 -9999 -9999 -9999 -9999 -9999 -9999 -9999 -9999 -9999 8.06339E-3 2.85078E-3 7.47325E-4 2.30134E-3 3.02836E-3 0E0 0E0 0E0 5.51339E-5 4.2219E-3 8.34752E-3 1.07234E-2 6.60445E-3 8.39308E-3 4.34032E-3 5.80596E-3 4.65096E-3 5.89472E-4 3.3559E-4 1.89109E-4 8.08375E-3 3.01388E-2 4.14812E-2 8.77429E-1 7.48044E-1 7.35844E-1 4.12961E-1 7.23474E-1 2.52802E-1 6.78257E-1 9.18103E-1 9.29479E-1 9.56134E-1 9.32363E-1 9.26287E-1 9.35523E-1 9.25343E-1 8.5746E-1 8.41808E-1 8.30564E-1 9.17885E-1 7.8988E-1 9.05341E-1 9.84548E-1 9.72298E-1 9.67088E-1 9.66155E-1 9.84618E-1 9.01029E-1 9.53838E-1 3.08626E-1 9.61628E-1 9.37084E-1 9.35246E-1 9.22557E-1 9.43838E-1 9.86867E-1 9.14131E-1 8.84535E-1 8.80072E-1
-9999 -9999 -9999 -9999 -9999 -9999 -9999 -9999 -9999 -9999 1.20545E-2 1.17729E-2 5.55464E-3 4.55234E-3 4.82535E-3 0E0 0E0 0E0 2.85578E-3 2.24599E-3 8.56861E-3 2.50806E-4 0E0 5.43909E-4 1.9914E-3 3.11947E-4 1.53789E-3 5.75449E-3 1.87233E-2 5.65937E-3 1.57458E-1 3.97736E-1 9.15394E-1 8.86147E-1 8.20434E-1 8.85655E-1 8.38844E-1 9.52319E-1 9.67887E-1 9.28999E-1 6.37658E-1 9.20159E-1 9.18824E-1 9.2278E-1 9.12827E-1 9.78688E-1 9.80219E-1 8.71603E-1 9.40432E-1 9.35867E-1 8.74923E-1 6.85501E-1 5.50707E-1 7.7784E-1 9.03106E-1 9.17793E-1 9.81442E-1 9.83241E-1 9.85606E-1 9.54942E-1 9.54819E-1 9.15636E-1 7.9557E-1 8.0084E-1 7.45479E-1 9.37229E-1 9.82673E-1 9.81157E-1 9.86804E-1 9.81932E-1
-9999 -9999 -9999 -9999 -9999 -9999 -9999 -9999 -9999 1.6854E-2 1.97137E-2 2.54693E-2 1.11433E-2 6.935E-3 2.62336E-3 1.01676E-3 0E0 0E0 0E0 0E0 1.5896E-3 0E0 0E0 0E0 0E0 0E0 5.55558E-3 2.54379E-2 2.3448E-2 3.59904E-2 3.5406E-1 9.10405E-1 9.0977E-1 9.36035E-1 8.8183E-1 9.33651E-1 9.755E-1 9.36186E-1 9.76257E-1 9.25986E-1 7.05052E-1 6.78385E-1 9.21043E-1 9.31317E-1 9.25536E-1 9.86171E-1 9.88831E-1 9.38848E-1 9.38956E-1 9.43005E-1 6.50931E-1 6.2406E-1 8.30537E-1 8.02686E-1 8.97963E-1 2.54825E-1 9.14567E-1 9.11141E-1 9.75467E-1 9.51762E-1 9.38214E-1 9.37999E-1 7.95847E-1 7.92927E-1 7.2574E-1 9.35085E-1 9.85819E-1 9.87218E-1 9.86556E-1 9.864E-1
-9999 -9999 -9999 -9999 -9999 -9999 -9999 -9999 -9999 1.10289E-2 1.42326E-2 1.92904E-2 7.84586E-3 1.00519E-2 8.218E-3 3.98794E-4 9.32529E-5 2.44428E-4 0E0 8.63782E-5 2.31688E-3 4.74684E-4 0E0 0E0 0E0 1.98053E-4 1.31295E-2 2.95851E-2 2.75992E-2 2.37848E-2 1.84075E-1 7.68594E-1 8.32882E-1 8.27511E-1 9.73105E-1 9.61961E-1 9.42824E-1 9.3818E-1 9.58373E-1 7.61709E-1 3.52445E-1 7.50312E-1 9.75488E-1 9.24507E-1 9.27985E-1 9.23738E-1 9.24731E-1 9.34445E-1 9.40375E-1 9.42537E-1 8.09139E-1 5.97445E-1 9.404E-1 9.18119E-1 2.27791E-1 3.84118E-1 9.33596E-1 9.27419E-1 4.02531E-1 9.55465E-1 3.29448E-1 9.29969E-1 7.56982E-1 7.966E-1 3.73648E-1 7.80404E-1 9.89582E-1 9.86273E-1 9.25952E-1 9.3927E-1
-9999 -9999 -9999 -9999 -9999 -9999 -9999 -9999 -9999 6.60318E-3 1.48827E-2 9.88471E-3 7.28951E-4 3.51157E-4 0E0 1.10776E-5 2.89165E-4 4.40714E-4 9.90536E-4 1.98712E-3 9.58781E-3 3.94448E-3 3.23058E-3 3.89242E-3 7.55261E-3 8.30843E-3 1.61907E-2 9.10577E-3 5.39511E-3 3.96375E-3 3.03637E-2 7.72417E-1 7.43664E-1 8.16227E-1 9.5273E-1 9.414E-1 9.43996E-1 9.83564E-1 9.64853E-1 9.39339E-1 7.56369E-1 7.15581E-1 9.37555E-1 9.33802E-1 9.3007E-1 9.32473E-1 8.59508E-1 9.31923E-1 9.18187E-1 9.37267E-1 8.80894E-1 8.42532E-1 8.50688E-1 9.17849E-1 2.75519E-1 4.04944E-1 4.35889E-1 3.43547E-1 3.09851E-3 3.61891E-1 4.30308E-1 9.51209E-1 9.39638E-1 9.48698E-1 9.83611E-1 7.32129E-1 9.88588E-1 9.88412E-1 9.37695E-1 9.41572E-1
-9999 -9999 -9999 -9999 -9999 -9999 -9999 -9999 1.02666E-2 6.84306E-3 8.50861E-3 1.40029E-3 1.26758E-3 1.13566E-3 0E0 0E0 0E0 2.0068E-3 8.79081E-3 1.33082E-2 9.68693E-3 5.31921E-2 3.03689E-2 9.1634E-3 1.29178E-2 1.78794E-2 2.00791E-2 3.13185E-3 7.1177E-4 4.20783E-3 2.21533E-2 3.98792E-1 3.35813E-1 8.68866E-1 8.5288E-1 9.14361E-1 9.44838E-1 9.49913E-1 9.50602E-1 9.68012E-1 9.41907E-1 9.40233E-1 9.63455E-1 9.38287E-1 9.37229E-1 9.35467E-1 9.4554E-1 8.92771E-1 9.42337E-1 9.74452E-1 9.47973E-1 9.71168E-1 9.41288E-1 8.69353E-1 9.41711E-1 4.26532E-1 4.30216E-1 3.24206E-1 9.40284E-1 3.73443E-1 9.60947E-1 9.57126E-1 9.83934E-1 9.81426E-1 9.38532E-1 7.48929E-1 9.87273E-1 9.90995E-1 9.47371E-1 9.29925E-1
-9999 -9999 -9999 -9999 -9999 -9999 -9999 9.63603E-3 4.14139E-3 6.41127E-3 2.93468E-3 6.07768E-4 0E0 0E0 0E0 0E0 9.4923E-4 3.37213E-3 1.10333E-2 2.24727E-2 2.00358E-2 2.78138E-2 5.07699E-3 8.50281E-3 2.38706E-3 1.24969E-3 3.32569E-3 1.28863E-2 3.72281E-3 2.59279E-2 3.5662E-2 4.2235E-1 3.98103E-1 7.5226E-1 8.73031E-1 9.21904E-1 9.48912E-1 9.49196E-1 9.65627E-1 9.63654E-1 9.54219E-1 9.41316E-1 9.69181E-1 9.89057E-1 9.46199E-1 9.6829E-1 9.7274E-1 9.46042E-1 9.46799E-1 3.71922E-1 3.72095E-1 8.92512E-1 9.00017E-1 8.90973E-1 7.85689E-1 9.07278E-1 9.47945E-1 9.52799E-1 9.50328E-1 9.56147E-1 9.91776E-1 9.49242E-1 9.54839E-1 9.36312E-1 9.43252E-1 9.40737E-1 9.27465E-1 6.96436E-1 9.38073E-1 9.48218E-1
-9999 -9999 -9999 -9999 -9999 -9999 -9999 -9999 9.26597E-3 7.18436E-3 3.99841E-3 4.66679E-4 2.64138E-5 0E0 0E0 0E0 5.6474E-4 9.5777E-4 1.14666E-2 1.19912E-2 2.77102E-2 3.1963E-2 1.26351E-2 5.50563E-3 2.27792E-3 6.62576E-3 1.09288E-2 2.89855E-2 3.65105E-2 3.27421E-1 7.23934E-1 9.09182E-1 9.32619E-1 9.28728E-1 9.15937E-1 9.36573E-1 9.39524E-1 9.83929E-1 9.89457E-1 9.78739E-1 9.3231E-1 9.41308E-1 9.62473E-1 9.48202E-1 9.90078E-1 9.66901E-1 2.75766E-1 9.56956E-1 9.56583E-1 3.72449E-1 3.8727E-1 4.5595E-1 9.1207E-1 9.11609E-1 7.97582E-1 8.95425E-1 9.9263E-1 9.48631E-1 9.60066E-1 9.5826E-1 9.51139E-1 9.51403E-1 9.93498E-1 9.90683E-1 9.57382E-1 9.55812E-1 9.31708E-1 9.87994E-1 9.23303E-1 9.37703E-1
-9999 -9999 -9999 -9999 -9999 -9999 -9999 -9999 -9999 1.59749E-2 1.18094E-2 3.644E-3 1.64589E-3 4.89155E-4 1.85482E-3 2.39636E-3 2.31046E-3 2.23927E-3 7.25478E-3 8.90952E-2 6.11435E-2 1.51787E-1 2.48422E-1 3.78465E-2 2.35463E-2 3.05272E-2 3.15511E-2 2.87947E-2 2.90603E-2 1.86341E-1 1.47752E-1 7.55145E-1 9.41924E-1 9.52352E-1 9.61025E-1 4.24439E-1 9.44604E-1 9.6787E-1 9.56754E-1 9.82882E-1 9.16591E-1 4.8114E-1 3.75995E-1 9.70082E-1 9.51217E-1 9.54432E-1 9.57594E-1 9.1196E-1 3.79833E-1 4.32376E-1 9.59267E-1 9.60098E-1 9.62085E-1 9.04331E-1 9.0246E-1 9.55785E-1 9.9264E-1 9.55082E-1 9.50634E-1 9.93376E-1 9.93776E-1 9.56086E-1 9.48123E-1 9.91963E-1 9.91924E-1 9.87779E-1 9.86744E-1 9.89671E-1 9.88515E-1 9.90372E-1
-9999 -9999 -9999 -9999 -9999 -9999 -9999 -9999 -9999 3.50262E-2 2.16322E-2 9.53371E-3 3.14555E-4 0E0 5.58904E-4 1.82965E-3 5.47288E-3 1.28678E-3 7.58156E-3 4.05713E-2 6.8053E-2 1.35872E-1 6.43741E-1 5.90404E-2 4.51756E-2 2.47953E-1 2.22165E-1 5.17936E-2 3.65598E-2 1.27681E-2 3.62677E-2 2.58705E-1 3.13447E-1 3.70488E-1 9.24728E-1 4.43315E-1 9.17797E-1 9.75684E-1 9.46187E-1 9.24424E-1 8.72297E-1 4.63736E-1 4.23551E-1 9.53578E-1 9.10793E-1 9.14767E-1 9.18406E-1 8.24814E-1 8.87031E-1 9.63177E-1 9.67539E-1 9.19443E-1 9.56668E-1 9.6357E-1 9.58552E-1 9.91804E-1 9.56737E-1 9.50176E-1 9.49872E-1 9.92991E-1 9.51425E-1 9.63765E-1 9.59823E-1 9.9296E-1 9.9086E-1 9.85647E-1 9.91314E-1 9.8933E-1 9.90065E-1 9.90529E-1
-9999 -9999 -9999 0E0 2.09403E-5 -9999 1.18077E-2 -9999 2.6145E-2 3.85348E-2 2.45215E-2 5.90328E-3 2.54468E-3 1.37606E-3 0E0 5.18321E-5 3.29019E-4 1.49031E-3 1.20128E-2 6.50072E-3 8.09791E-3 6.72317E-2 2.93141E-1 1.71139E-1 2.75308E-1 7.40494E-1 7.91074E-1 7.85918E-1 1.39001E-1 3.1756E-2 3.60154E-2 2.19567E-1 3.15308E-1 6.63981E-1 3.83821E-1 4.56588E-1 9.18845E-1 9.61163E-1 8.75467E-1 7.3386E-1 8.54277E-1 9.28411E-1 9.36936E-1 9.69543E-1 9.57508E-1 9.03129E-1 9.07753E-1 8.4018E-1 9.196E-1 9.62848E-1 9.76821E-1 9.62141E-1 9.58558E-1 9.27246E-1 9.32705E-1 9.88998E-1 9.52361E-1 9.53444E-1 9.66216E-1 9.94365E-1 9.64799E-1 9.69054E-1 9.93312E-1 9.93063E-1 9.92697E-1 9.92274E-1 9.91931E-1 9.42529E-1 9.92444E-1 9.44523E-1
-9999 -9999 -9999 -9999 3.17175E-4 7.18458E-3 1.54134E-2 1.71738E-2 2.36382E-2 3.04929E-2 1.08492E-2 2.54386E-3 5.289E-4 8.14414E-4 2.90675E-4 0E0 0E0 0E0 3.44406E-3 2.23189E-3 2.33835E-3 4.4301E-3 5.99504E-3 2.49262E-2 4.00694E-2 2.54998E-1 6.0705E-1 7.65364E-1 7.50128E-1 6.67807E-1 4.83771E-2 3.83645E-2 1.24216E-1 1.55479E-1 2.37672E-1 4.38633E-1 8.7455E-1 9.29659E-1 8.29659E-1 7.16448E-1 8.30387E-1 8.91993E-1 9.4351E-1 9.47015E-1 9.61276E-1 9.52511E-1 9.2386E-1 8.26875E-1 9.65182E-1 9.51167E-1 9.45423E-1 9.4432E-1 9.65254E-1 9.89108E-1 9.64666E-1 9.86658E-1 9.69912E-1 9.71891E-1 9.54078E-1 9.94452E-1 9.63482E-1 9.95116E-1 9.61886E-1 9.54633E-1 9.93086E-1 9.92904E-1 9.9259E-1 9.59996E-1 9.6049E-1 9.92925E-1
-9999 -9999 -9999 -9999 -9999 9.22154E-3 1.26835E-2 1.2365E-2 2.37247E-2 2.44521E-2 1.72076E-2 9.4682E-3 2.1239E-3 0E0 0E0 0E0 0E0 0E0 0E0 4.89048E-4 1.16966E-3 6.13779E-3 2.78019E-3 8.7254E-3 3.69992E-2 4.94786E-2 1.20465E-1 4.24415E-2 3.00445E-1 8.11616E-1 8.69567E-1 6.09045E-1 4.29091E-2 3.11872E-2 3.43304E-2 3.98712E-1 2.98702E-1 6.62552E-1 6.28609E-1 7.72675E-1 6.85977E-1 4.9887E-1 9.41974E-1 9.77724E-1 9.54994E-1 9.47577E-1 9.39627E-1 9.28927E-1 9.9028E-1 9.03533E-1 9.76685E-1 9.88044E-1 9.92675E-1 9.7008E-1 9.70089E-1 9.85411E-1 9.71337E-1 9.73349E-1 9.69972E-1 9.64518E-1 9.94083E-1 9.71103E-1 9.93897E-1 9.93548E-1 9.93447E-1 9.67731E-1 8.12546E-1 3.56664E-1 7.70534E-1 9.90531E-1
-9999 -9999 -9999 -9999 -9999 -9999 -9999 8.26638E-3 1.89894E-2 2.46842E-2 3.15523E-2 3.72931E-2 2.354E-2 1.01459E-2 2.66152E-3 6.37393E-4 6.48387E-6 0E0 8.57499E-4 3.0843E-3 9.12615E-3 2.68996E-2 2.68754E-2 3.78783E-2 3.40037E-2 1.39981E-2 9.21116E-3 1.28758E-2 4.67603E-2 2.62392E-1 7.62655E-1 8.58383E-1 3.1243E-1 4.18786E-2 2.34965E-1 1.91416E-1 7.40021E-1 5.37187E-2 1.99406E-1 1.94826E-1 7.95891E-1 7.90253E-1 8.29936E-1 9.29313E-1 9.61004E-1 9.53102E-1 9.62293E-1 9.63524E-1 9.64615E-1 9.43905E-1 5.78123E-1 9.66277E-1 5.60538E-1 9.69731E-1 9.66923E-1 9.57516E-1 9.9502E-1 9.95003E-1 9.94563E-1 9.93038E-1 9.9316E-1 9.95297E-1 9.94864E-1 9.95107E-1 9.74653E-1 9.73036E-1 9.67676E-1 9.63222E-1 9.9222E-1 9.9321E-1
-9999 -9999 -9999 -9999 -9999 -9999 -9999 -9999 1.5431E-2 2.00816E-2 3.57374E-2 3.13664E-2 7.13292E-3 1.57397E-3 7.32271E-4 4.90345E-3 4.7109E-3 1.20827E-2 3.97266E-3 8.32639E-3 1.71302E-2 3.60344E-2 4.43823E-2 3.90566E-2 1.54238E-2 3.23326E-3 7.90344E-4 2.4722E-3 1.09524E-2 3.812E-1 5.64476E-1 8.29002E-1 5.08761E-2 4.2113E-1 3.72366E-1 4.55678E-1 6.37562E-1 6.1633E-1 4.63007E-1 7.37531E-1 8.80923E-1 8.13607E-1 8.56586E-1 9.35859E-1 9.53159E-1 9.69384E-1 9.64734E-1 9.63763E-1 9.64669E-1 9.32079E-1 9.18411E-1 9.25577E-1 9.41319E-1 9.34405E-1 8.46497E-1 8.63281E-1 9.27228E-1 9.69305E-1 9.69451E-1 9.71275E-1 9.94529E-1 9.70706E-1 9.70804E-1 9.94369E-1 9.70525E-1 9.94655E-1 9.68556E-1 9.72599E-1 9.69107E-1 9.89269E-1
