ENM/Final_Models/M_1_F_q_Set_1_EC/Gustavia_santanderiensis_Choco_median.asc
ncols         367
nrows         963
xllcorner     -78.6
yllcorner     0.65
cellsize      0.00833333333333323
NODATA_value  -9999
[rows 589 to 619 of 963, columns 140 to 209 of 367]
-9999 -9999 -9999 -9999 -9999 -9999 -9999 -9999 -9999 -9999 -9999 -9999 -9999 -9999 -9999 -9999 -9999 -9999 -9999 -9999 -9999 -9999 -9999 -9999 -9999 -9999 -9999 -9999 -9999 -9999 -9999 -9999 -9999 -9999 -9999 -9999 -9999 5.78167E-1 8.37426E-1 9.35325E-1 9.56178E-1 7.99674E-1 9.04696E-1 8.51763E-1 8.47159E-1 8.72499E-1 7.9004E-1 8.28285E-1 9.82863E-1 9.65473E-1 9.6037E-1 9.4272E-1 9.91853E-1 9.28426E-1 9.18899E-1 7.24722E-1 9.78561E-1 8.78341E-1 6.78987E-1 7.69826E-1 7.03836E-1 4.58551E-1 7.59325E-1 8.25395E-1 8.50603E-1 2.97622E-1 1.24371E-1 1.7445E-1 1.38818E-1 2.08919E-2
-9999 -9999 -9999 -9999 -9999 -9999 -9999 -9999 -9999 -9999 -9999 -9999 -9999 -9999 -9999 -9999 -9999 -9999 -9999 -9999 -9999 -9999 -9999 -9999 -9999 -9999 -9999 -9999 -9999 -9999 -9999 -9999 9.9826E-1 -9999 -9999 8.28524E-1 9.56187E-1 8.806E-1 7.40898E-1 7.98629E-1 7.38159E-1 9.38471E-1 6.6002E-1 7.91539E-1 9.0475E-1 9.09142E-1 8.63369E-1 8.87571E-1 9.94466E-1 9.84195E-1 9.42915E-1 9.53239E-1 9.77492E-1 9.38659E-1 9.27749E-1 9.31252E-1 7.40132E-1 5.2919E-1 5.42525E-1 5.65315E-1 5.37093E-1 4.65133E-1 9.75231E-1 7.04964E-1 5.64098E-1 1.88572E-1 1.22151E-1 2.92981E-2 4.83355E-2 3.77053E-2
-9999 -9999 -9999 -9999 -9999 -9999 -9999 -9999 -9999 -9999 -9999 -9999 -9999 -9999 -9999 -9999 -9999 -9999 -9999 -9999 -9999 -9999 -9999 -9999 -9999 -9999 -9999 -9999 -9999 -9999 -9999 -9999 9.76094E-1 9.77045E-1 8.08921E-1 9.07572E-1 9.60258E-1 6.74311E-1 6.91702E-1 7.40833E-1 8.31087E-1 8.03784E-1 8.98495E-1 9.68474E-1 9.87501E-1 9.58832E-1 8.78614E-1 9.14952E-1 9.90052E-1 9.88789E-1 9.3412E-1 8.22274E-1 8.72573E-1 8.09516E-1 6.36981E-1 8.35916E-1 7.96871E-1 3.94461E-1 5.02713E-1 5.98242E-1 3.56392E-1 6.51747E-1 5.41514E-1 1.67101E-1 9.23614E-2 1.79069E-2 6.80658E-2 1.95785E-1 2.82611E-2 1.49416E-2
-9999 -9999 -9999 -9999 -9999 -9999 -9999 -9999 -9999 -9999 -9999 -9999 -9999 -9999 -9999 -9999 -9999 -9999 -9999 -9999 -9999 -9999 -9999 -9999 -9999 -9999 -9999 -9999 -9999 -9999 -9999 -9999 -9999 9.91334E-1 7.83905E-1 9.40965E-1 -9999 -9999 -9999 6.67268E-1 9.12484E-1 6.40439E-1 5.10438E-1 4.9019E-1 9.8406E-1 7.02131E-1 8.67672E-1 6.87605E-1 8.0004E-1 7.45011E-1 9.35427E-1 6.81812E-1 7.55063E-1 2.9737E-1 7.17468E-1 6.10077E-1 9.15092E-1 8.87938E-1 8.66202E-1 3.54557E-1 3.89632E-1 5.4041E-1 3.776E-1 1.40548E-1 1.13356E-1 1.43945E-1 1.69896E-1 1.40707E-1 9.81287E-3 2.04027E-2
-9999 -9999 -9999 -9999 -9999 -9999 -9999 -9999 -9999 -9999 -9999 -9999 -9999 -9999 -9999 -9999 -9999 -9999 -9999 -9999 -9999 -9999 -9999 -9999 -9999 -9999 -9999 -9999 -9999 -9999 -9999 -9999 -9999 -9999 9.75202E-1 -9999 -9999 -9999 2.8514E-1 3.75023E-1 4.8024E-1 4.99431E-1 8.25628E-1 8.2858E-1 8.60892E-1 8.80223E-1 9.10494E-1 6.10564E-1 5.04122E-1 5.65389E-1 4.71713E-1 9.05201E-1 8.64734E-1 6.19743E-1 7.42432E-1 6.88693E-1 7.44054E-1 9.64871E-1 8.90994E-1 9.84085E-1 8.63792E-1 6.17928E-1 1.70307E-1 1.45862E-1 6.97178E-2 2.14948E-2 3.40251E-2 1.22085E-1 4.03607E-2 1.49424E-2
-9999 -9999 -9999 -9999 -9999 -9999 -9999 -9999 -9999 -9999 -9999 -9999 -9999 -9999 -9999 -9999 -9999 -9999 -9999 -9999 -9999 -9999 -9999 -9999 -9999 -9999 -9999 -9999 -9999 -9999 -9999 -9999 -9999 -9999 -9999 -9999 -9999 4.72951E-1 5.7056E-1 2.71209E-1 4.19652E-1 6.68374E-1 7.57365E-1 9.82089E-1 9.50761E-1 9.34E-1 8.52359E-1 9.47466E-1 8.36262E-1 8.46237E-1 7.64347E-1 9.0957E-1 8.3819E-1 6.13326E-1 7.89391E-1 9.36051E-1 6.55481E-1 9.97036E-1 9.47595E-1 9.90677E-1 6.50027E-1 4.36232E-1 1.73068E-1 5.64678E-2 2.72345E-2 1.92652E-2 2.84226E-2 4.08012E-2 5.4728E-2 6.53074E-2
-9999 -9999 -9999 -9999 -9999 -9999 -9999 -9999 -9999 -9999 -9999 -9999 -9999 -9999 -9999 -9999 -9999 -9999 -9999 -9999 -9999 -9999 -9999 -9999 -9999 -9999 -9999 -9999 -9999 -9999 -9999 -9999 -9999 -9999 -9999 -9999 -9999 -9999 -9999 5.075E-1 7.04577E-1 9.33769E-1 8.61688E-1 9.62668E-1 9.88881E-1 9.99976E-1 9.96423E-1 8.42342E-1 7.95672E-1 8.68969E-1 6.45718E-1 8.62261E-1 9.26038E-1 3.0952E-1 7.29995E-1 9.12495E-1 8.07815E-1 9.91809E-1 9.91325E-1 7.6299E-1 5.69764E-1 5.31735E-1 3.40088E-1 1.33355E-1 3.66002E-2 2.38429E-2 5.43007E-2 3.52235E-2 3.84752E-2 2.05557E-2
-9999 -9999 -9999 -9999 -9999 -9999 -9999 -9999 -9999 -9999 -9999 -9999 -9999 -9999 -9999 -9999 -9999 -9999 -9999 -9999 -9999 -9999 -9999 -9999 -9999 -9999 -9999 -9999 -9999 -9999 -9999 -9999 -9999 -9999 -9999 -9999 -9999 -9999 5.14721E-1 4.20837E-1 5.60332E-1 9.06863E-1 8.99843E-1 9.34971E-1 9.7087E-1 9.80844E-1 9.54106E-1 8.85135E-1 9.78189E-1 8.81904E-1 7.13044E-1 6.39465E-1 5.06875E-1 6.23179E-1 8.11228E-1 9.59448E-1 6.25466E-1 8.84906E-1 7.39015E-1 4.70675E-1 4.43974E-1 3.89211E-1 3.98738E-1 2.07127E-1 1.65506E-1 9.57197E-2 3.85082E-2 4.81767E-2 5.74156E-2 6.81081E-2
-9999 -9999 -9999 -9999 -9999 -9999 -9999 -9999 -9999 -9999 -9999 -9999 -9999 -9999 -9999 -9999 -9999 -9999 -9999 -9999 -9999 -9999 -9999 -9999 -9999 -9999 -9999 -9999 -9999 -9999 -9999 -9999 -9999 -9999 -9999 -9999 -9999 9.28396E-1 5.2061E-1 7.60384E-1 5.96718E-1 7.06574E-1 9.68176E-1 7.52449E-1 7.63525E-1 6.51132E-1 7.89724E-1 8.89837E-1 7.46872E-1 4.11314E-1 3.98144E-1 7.31577E-1 7.46577E-1 9.74031E-1 9.88343E-1 8.64274E-1 8.68196E-1 8.46928E-1 4.98717E-1 5.99999E-1 6.03284E-1 4.94326E-1 2.73641E-1 2.09439E-1 1.98919E-1 2.75806E-1 3.37573E-1 3.14226E-1 2.6852E-1 1.44993E-1
-9999 -9999 -9999 -9999 -9999 -9999 -9999 -9999 -9999 -9999 -9999 -9999 -9999 -9999 -9999 -9999 -9999 -9999 -9999 -9999 -9999 -9999 -9999 -9999 -9999 -9999 -9999 -9999 -9999 -9999 -9999 -9999 8.39571E-1 4.865E-1 6.08692E-1 6.78944E-1 8.87393E-1 9.24549E-1 8.76128E-1 9.59618E-1 8.56024E-1 9.27017E-1 8.96693E-1 9.57838E-1 7.49682E-1 3.57699E-1 5.62483E-1 5.96545E-1 9.43625E-1 6.51172E-1 6.45021E-1 7.38262E-1 8.23241E-1 9.1024E-1 8.80112E-1 9.94041E-1 8.00826E-1 6.23048E-1 6.48525E-1 3.20638E-1 3.29815E-1 4.60999E-1 5.64303E-1 4.99319E-1 2.7126E-1 5.52633E-1 3.6489E-1 3.56467E-1 3.3912E-1 2.54937E-1
-9999 -9999 -9999 -9999 -9999 -9999 -9999 -9999 -9999 -9999 -9999 -9999 -9999 -9999 -9999 -9999 -9999 -9999 -9999 -9999 -9999 -9999 -9999 -9999 -9999 -9999 -9999 -9999 -9999 -9999 -9999 -9999 8.19648E-1 8.76814E-1 6.41875E-1 4.04547E-1 7.42679E-1 9.14103E-1 9.9968E-1 9.48966E-1 9.63414E-1 9.57277E-1 8.92396E-1 7.25637E-1 5.27252E-1 8.21455E-1 7.62963E-1 9.57957E-1 8.97131E-1 4.48078E-1 3.54378E-1 9.25298E-1 9.82849E-1 8.49714E-1 9.71786E-1 8.81388E-1 7.36414E-1 6.42924E-1 5.33292E-1 2.70378E-1 3.44112E-1 1.21992E-1 4.67541E-1 3.81488E-1 3.45541E-1 4.58476E-1 3.39486E-1 4.67685E-1 2.95269E-1 3.52048E-1
-9999 -9999 -9999 -9999 -9999 -9999 -9999 -9999 -9999 -9999 -9999 -9999 -9999 -9999 -9999 -9999 -9999 -9999 -9999 -9999 -9999 -9999 -9999 -9999 -9999 -9999 -9999 -9999 -9999 -9999 -9999 -9999 5.01575E-1 6.35383E-1 6.16242E-1 7.29664E-1 9.19291E-1 9.89038E-1 9.94674E-1 9.84471E-1 9.14592E-1 9.52417E-1 9.19688E-1 9.92545E-1 8.62408E-1 9.90694E-1 9.34198E-1 8.42481E-1 9.41644E-1 6.58315E-1 4.53328E-1 6.84225E-1 8.88325E-1 8.02662E-1 6.9644E-1 6.42698E-1 6.55447E-1 9.59818E-1 9.61144E-1 2.67909E-1 1.65665E-1 1.25487E-1 1.89857E-1 6.50121E-1 4.18772E-1 3.79666E-1 2.8342E-1 3.77738E-1 2.88732E-1 2.36978E-1
-9999 -9999 -9999 -9999 -9999 -9999 -9999 -9999 -9999 -9999 -9999 -9999 -9999 -9999 -9999 -9999 -9999 -9999 -9999 -9999 -9999 -9999 -9999 -9999 -9999 -9999 -9999 -9999 -9999 -9999 -9999 -9999 4.97746E-1 4.93614E-1 5.61646E-1 -9999 -9999 -9999 9.99998E-1 9.01038E-1 8.85349E-1 9.88385E-1 9.49826E-1 9.54899E-1 8.74642E-1 5.53888E-1 4.68095E-1 8.85255E-1 8.24952E-1 2.5521E-1 4.01267E-1 3.4718E-1 4.37902E-1 6.2652E-1 6.0415E-1 3.96328E-1 2.77135E-1 5.82172E-1 3.9673E-1 5.45115E-1 2.32001E-1 6.40096E-2 2.19433E-1 2.09632E-1 2.80401E-1 3.10664E-1 3.27659E-1 4.82361E-1 3.24119E-1 2.40516E-1
-9999 -9999 -9999 -9999 -9999 -9999 -9999 -9999 -9999 -9999 -9999 -9999 -9999 -9999 -9999 -9999 -9999 -9999 -9999 -9999 -9999 -9999 -9999 -9999 -9999 -9999 -9999 -9999 -9999 -9999 -9999 -9999 7.61033E-1 7.54467E-1 -9999 8.44019E-1 9.7315E-1 9.98732E-1 9.99064E-1 9.98996E-1 7.79741E-1 8.86424E-1 9.69605E-1 8.6611E-1 8.16539E-1 9.91287E-1 9.85129E-1 7.03076E-1 3.11391E-1 4.31346E-1 6.55446E-1 4.95441E-1 3.40903E-1 4.68944E-1 5.28993E-1 5.34306E-1 1.95489E-1 3.21745E-1 5.48742E-1 2.54962E-1 2.2194E-1 2.04938E-1 2.31884E-1 5.59049E-1 5.32434E-1 4.3008E-1 3.05553E-1 2.4851E-1 3.21632E-1 2.58124E-1
-9999 -9999 -9999 -9999 -9999 -9999 -9999 -9999 -9999 -9999 -9999 -9999 -9999 -9999 -9999 -9999 -9999 -9999 -9999 -9999 -9999 -9999 -9999 -9999 -9999 -9999 -9999 -9999 -9999 9.72029E-1 9.6616E-1 9.45302E-1 -9999 -9999 -9999 9.48734E-1 8.47615E-1 9.69602E-1 9.85789E-1 9.42104E-1 9.53218E-1 9.08183E-1 8.83694E-1 9.32918E-1 9.29541E-1 8.10107E-1 9.58549E-1 8.87531E-1 6.12064E-1 4.48764E-1 7.73824E-1 8.5839E-1 6.04091E-1 5.12555E-1 3.89303E-1 2.74239E-1 9.57726E-2 4.53081E-1 6.07686E-1 4.68822E-1 6.03264E-1 4.59924E-1 3.68085E-1 4.06465E-1 1.97295E-1 2.18708E-1 2.84763E-1 2.43718E-1 2.24346E-1 2.29355E-1
-9999 -9999 -9999 -9999 -9999 -9999 -9999 -9999 -9999 -9999 -9999 -9999 -9999 -9999 -9999 -9999 -9999 -9999 -9999 -9999 -9999 -9999 -9999 -9999 -9999 -9999 -9999 -9999 -9999 -9999 9.59142E-1 8.78097E-1 8.74634E-1 9.98817E-1 9.99618E-1 9.98552E-1 9.95126E-1 9.89676E-1 9.9048E-1 9.96452E-1 9.71832E-1 9.86927E-1 9.99868E-1 7.31526E-1 8.93019E-1 9.60521E-1 9.69044E-1 3.31032E-1 3.04874E-1 7.35554E-1 6.94157E-1 6.8107E-1 3.98582E-1 4.06709E-1 5.05242E-1 5.06831E-1 2.55566E-1 4.29523E-1 8.01711E-1 3.40293E-1 2.84963E-1 3.66992E-1 5.5035E-1 4.25698E-1 3.65626E-1 2.7763E-1 1.7094E-1 2.41288E-1 2.49787E-1 2.2434E-1
-9999 -9999 -9999 -9999 -9999 -9999 -9999 -9999 -9999 -9999 -9999 -9999 -9999 -9999 -9999 -9999 -9999 -9999 -9999 -9999 -9999 -9999 -9999 -9999 -9999 -9999 -9999 -9999 -9999 9.94491E-1 -9999 8.54257E-1 9.99866E-1 9.94066E-1 9.87624E-1 9.98148E-1 9.99491E-1 9.99891E-1 9.78701E-1 9.85479E-1 9.93445E-1 9.45928E-1 9.55329E-1 9.99778E-1 7.38034E-1 9.87063E-1 9.91366E-1 9.17979E-1 9.5343E-1 7.18612E-1 4.05974E-1 6.44848E-1 4.61454E-1 4.34331E-1 7.49867E-1 8.49964E-1 2.63365E-1 2.9265E-1 6.31143E-1 3.9691E-1 2.87326E-1 3.03518E-1 3.20954E-1 3.87651E-1 2.02051E-1 1.36052E-1 1.72904E-1 2.86616E-1 1.32856E-1 1.62948E-1
-9999 -9999 -9999 -9999 -9999 -9999 -9999 -9999 -9999 -9999 -9999 -9999 -9999 -9999 -9999 -9999 -9999 -9999 -9999 -9999 -9999 -9999 -9999 -9999 -9999 -9999 -9999 -9999 -9999 5.42584E-1 7.43531E-1 9.40002E-1 9.65056E-1 9.54373E-1 9.39969E-1 9.89075E-1 9.87114E-1 9.6909E-1 9.92805E-1 9.73572E-1 9.60514E-1 9.97134E-1 9.73064E-1 8.527E-1 8.72314E-1 9.58064E-1 9.20983E-1 8.24841E-1 9.67174E-1 5.88673E-1 8.02887E-1 7.7142E-1 3.38288E-1 2.03471E-1 6.03509E-1 6.23364E-1 3.14128E-1 2.44442E-1 3.33278E-1 7.69932E-1 3.7933E-1 4.17443E-1 2.64746E-1 4.99257E-1 2.1896E-1 2.54523E-1 2.42116E-1 4.5423E-2 5.5528E-2 4.8774E-2
-9999 -9999 -9999 -9999 -9999 -9999 -9999 -9999 -9999 -9999 -9999 -9999 -9999 -9999 -9999 -9999 -9999 -9999 -9999 -9999 -9999 -9999 -9999 -9999 -9999 -9999 -9999 -9999 -9999 8.70696E-1 8.72661E-1 9.99938E-1 9.99946E-1 9.96371E-1 9.98515E-1 9.71329E-1 9.83473E-1 9.58518E-1 9.90867E-1 9.92822E-1 9.92526E-1 9.99835E-1 9.98289E-1 9.72322E-1 9.75136E-1 9.40756E-1 9.71857E-1 9.84044E-1 9.79125E-1 9.28419E-1 6.63094E-1 5.91311E-1 5.09502E-1 4.87658E-1 4.47506E-1 5.84719E-1 4.46522E-1 3.24581E-1 6.61587E-2 8.13522E-2 6.00303E-1 7.06121E-1 8.83757E-1 6.02976E-1 3.44135E-1 2.93627E-1 1.05461E-2 5.42531E-3 1.23161E-2 1.68046E-2
-9999 -9999 -9999 -9999 -9999 -9999 -9999 -9999 -9999 -9999 -9999 -9999 -9999 -9999 -9999 -9999 -9999 -9999 -9999 -9999 -9999 -9999 -9999 -9999 -9999 -9999 -9999 9.38847E-1 -9999 8.50548E-1 9.02898E-1 9.99931E-1 9.99999E-1 9.78232E-1 9.86055E-1 9.59394E-1 8.59948E-1 9.66767E-1 9.89836E-1 9.73107E-1 9.98096E-1 9.99805E-1 9.96037E-1 9.82149E-1 9.69488E-1 9.69606E-1 7.9781E-1 9.90623E-1 9.27735E-1 4.58691E-1 6.13258E-1 4.65637E-1 3.52234E-1 2.14258E-1 5.45915E-1 3.58951E-1 3.69353E-1 2.7452E-1 2.14138E-1 1.90202E-1 5.51196E-1 6.26678E-1 4.6234E-1 1.51177E-1 3.16211E-1 3.75954E-1 3.29409E-2 5.66682E-2 6.81122E-2 9.64703E-3
-9999 -9999 -9999 -9999 -9999 -9999 -9999 -9999 -9999 -9999 -9999 -9999 -9999 -9999 -9999 -9999 -9999 -9999 -9999 -9999 -9999 -9999 -9999 -9999 -9999 -9999 1.20668E-1 2.37091E-1 7.43659E-1 9.98872E-1 9.94022E-1 9.97888E-1 9.94304E-1 9.7405E-1 9.75159E-1 8.7616E-1 9.77651E-1 9.72447E-1 9.45656E-1 9.79263E-1 9.81472E-1 9.18749E-1 9.87677E-1 7.6419E-1 8.68195E-1 9.86784E-1 9.19441E-1 9.72037E-1 7.8696E-1 6.89709E-1 5.18653E-1 5.67776E-1 8.39699E-1 6.65119E-1 3.68855E-1 2.58685E-1 3.51271E-1 4.59492E-1 2.30058E-1 1.93518E-1 2.07078E-1 1.63262E-1 1.40257E-1 1.11595E-1 1.14545E-1 1.94058E-1 7.85384E-2 8.39463E-2 1.76204E-1 4.85284E-2
-9999 -9999 -9999 -9999 -9999 -9999 -9999 -9999 -9999 -9999 -9999 -9999 -9999 -9999 -9999 -9999 -9999 -9999 -9999 -9999 -9999 -9999 -9999 -9999 -9999 8.69511E-1 3.96123E-1 4.33131E-1 8.10359E-1 9.51894E-1 9.97701E-1 9.76184E-1 9.65945E-1 9.95132E-1 9.94842E-1 9.69956E-1 9.73043E-1 9.78147E-1 9.28386E-1 8.12978E-1 6.9683E-1 8.97047E-1 6.59704E-1 8.53402E-1 7.99799E-1 9.58661E-1 9.47328E-1 6.2263E-1 4.59257E-1 4.31923E-1 4.87634E-1 5.17851E-1 8.97569E-1 8.71536E-1 3.97724E-1 3.48477E-1 3.77544E-1 2.92407E-1 2.02906E-1 8.30404E-2 4.42991E-2 2.23533E-2 4.5291E-2 2.87468E-1 9.11307E-2 1.54002E-1 3.67282E-1 6.11052E-2 1.39717E-1 3.76602E-2
-9999 -9999 -9999 -9999 -9999 -9999 -9999 -9999 -9999 -9999 -9999 -9999 -9999 -9999 -9999 -9999 -9999 -9999 -9999 -9999 -9999 -9999 -9999 -9999 -9999 9.56885E-1 9.53786E-1 9.9013E-1 9.99375E-1 9.96089E-1 9.94698E-1 9.78842E-1 9.80238E-1 9.90024E-1 9.91861E-1 9.82471E-1 9.43815E-1 8.7719E-1 7.09274E-1 8.39997E-1 9.61678E-1 8.7446E-1 9.09729E-1 6.25224E-1 7.10585E-1 5.87695E-1 7.83083E-1 7.12372E-1 8.2758E-1 5.81754E-1 8.01044E-1 5.25589E-1 6.60581E-1 4.47875E-1 7.36833E-1 7.0563E-1 4.51809E-1 2.16172E-1 1.64095E-1 1.6358E-1 4.15265E-2 1.32438E-2 1.27052E-2 8.59526E-2 1.93604E-1 1.85074E-1 3.76454E-1 2.11417E-1 7.64396E-2 6.7572E-2
-9999 -9999 -9999 -9999 -9999 -9999 -9999 -9999 -9999 -9999 -9999 -9999 -9999 -9999 -9999 -9999 -9999 -9999 -9999 -9999 -9999 -9999 -9999 -9999 -9999 9.99989E-1 9.99716E-1 9.99993E-1 9.87761E-1 9.82474E-1 9.81369E-1 9.91817E-1 9.65528E-1 9.96161E-1 9.96084E-1 9.8958E-1 9.75321E-1 9.81862E-1 8.94203E-1 9.08826E-1 9.19712E-1 8.8498E-1 9.19495E-1 4.18671E-1 2.77278E-1 5.83016E-1 5.14017E-1 7.65511E-1 7.53943E-1 6.87587E-1 6.31384E-1 5.97008E-1 6.36623E-1 7.36847E-1 7.37542E-1 6.22728E-1 4.56244E-1 1.42716E-1 2.81455E-1 7.70905E-2 9.14385E-2 9.91511E-3 5.44319E-3 3.30862E-2 1.25841E-1 3.71374E-1 4.08731E-1 8.06094E-1 2.571E-1 2.11466E-2
-9999 -9999 -9999 -9999 -9999 -9999 -9999 -9999 -9999 -9999 -9999 -9999 -9999 -9999 -9999 -9999 -9999 -9999 -9999 -9999 -9999 -9999 -9999 -9999 -9999 9.92468E-1 9.85954E-1 9.91302E-1 9.99287E-1 9.83092E-1 9.70661E-1 9.34243E-1 9.96524E-1 9.6876E-1 8.8532E-1 9.78103E-1 9.12176E-1 9.00591E-1 9.02166E-1 8.43705E-1 9.55764E-1 8.14358E-1 8.33225E-1 3.86125E-1 4.60699E-1 2.01532E-1 9.08642E-1 7.53378E-1 6.30091E-1 7.65975E-1 7.3873E-1 5.05372E-1 5.68754E-1 6.06962E-1 5.58705E-1 4.32393E-1 4.78086E-1 2.6736E-1 2.6919E-1 1.21049E-1 3.55306E-2 7.70079E-3 2.97143E-3 2.50463E-2 7.87173E-2 1.62981E-1 2.71345E-1 5.6499E-1 3.82703E-1 1.50383E-2
-9999 -9999 -9999 -9999 -9999 -9999 -9999 -9999 -9999 -9999 -9999 -9999 -9999 -9999 -9999 -9999 -9999 -9999 -9999 -9999 -9999 -9999 -9999 -9999 -9999 -9999 9.66141E-1 9.67469E-1 9.53552E-1 9.90221E-1 9.76309E-1 9.50742E-1 9.9241E-1 9.89288E-1 9.83461E-1 9.74493E-1 9.63428E-1 9.54914E-1 6.13159E-1 7.78722E-1 7.14706E-1 8.95787E-1 6.80612E-1 4.88637E-1 3.63925E-1 4.81279E-1 3.60499E-1 5.03373E-1 8.34661E-1 8.98154E-1 5.59775E-1 5.60897E-1 2.84982E-1 5.43019E-1 3.84458E-1 3.74117E-1 6.82785E-1 5.99813E-1 4.09982E-1 2.1358E-1 2.50099E-1 1.38654E-1 9.61227E-3 4.0219E-2 2.32164E-1 3.77978E-1 2.51925E-1 6.01344E-1 2.6186E-2 2.47029E-2
-9999 -9999 -9999 -9999 -9999 -9999 -9999 -9999 -9999 -9999 -9999 -9999 -9999 -9999 -9999 -9999 -9999 -9999 -9999 -9999 -9999 -9999 -9999 -9999 -9999 -9999 -9999 -9999 9.67362E-1 9.4927E-1 9.07484E-1 8.8708E-1 9.82036E-1 9.65742E-1 9.68831E-1 9.71172E-1 9.84642E-1 8.46739E-1 8.03378E-1 6.10036E-1 6.56778E-1 6.17805E-1 3.46207E-1 5.11591E-1 5.39282E-1 4.45984E-1 7.72611E-1 6.34902E-1 7.71057E-1 7.29189E-1 5.96617E-1 6.81711E-1 6.11431E-1 6.46475E-1 6.71942E-1 3.18523E-1 5.19566E-1 5.53001E-1 3.31706E-1 4.8194E-1 3.34593E-1 8.24954E-2 8.4758E-3 4.25395E-2 2.14554E-1 1.50001E-1 3.49814E-1 5.628E-2 1.17128E-1 1.83272E-2
-9999 -9999 -9999 -9999 -9999 -9999 -9999 -9999 -9999 -9999 -9999 -9999 -9999 -9999 -9999 -9999 -9999 -9999 -9999 -9999 -9999 -9999 -9999 -9999 -9999 -9999 -9999 -9999 9.81143E-1 9.65334E-1 9.43942E-1 9.64466E-1 9.28596E-1 8.95758E-1 9.12366E-1 9.46887E-1 9.99998E-1 9.95379E-1 7.56155E-1 8.85798E-1 5.99013E-1 5.49773E-1 3.22226E-1 2.69442E-1 3.50096E-1 6.92823E-1 5.88237E-1 4.36494E-1 4.56193E-1 4.31908E-1 4.8867E-1 5.72517E-1 6.77685E-1 8.38282E-1 5.01291E-1 2.42329E-1 6.21133E-1 6.00857E-1 4.63385E-1 2.99186E-1 2.56878E-1 8.00312E-2 1.85028E-2 1.58356E-2 7.15312E-2 1.41902E-1 3.78592E-1 9.22648E-2 1.76207E-1 6.60479E-2
-9999 -9999 -9999 -9999 -9999 -9999 -9999 -9999 -9999 -9999 -9999 -9999 -9999 -9999 -9999 -9999 -9999 -9999 -9999 -9999 -9999 -9999 -9999 -9999 -9999 -9999 -9999 -9999 9.32768E-1 9.85969E-1 9.87789E-1 9.93788E-1 9.19212E-1 8.2663E-1 8.72536E-1 8.8187E-1 9.44654E-1 8.63543E-1 8.1348E-1 9.59091E-1 8.68045E-1 5.64223E-1 2.86711E-1 6.34759E-1 7.67567E-1 6.60857E-1 7.01302E-1 5.20714E-1 4.60638E-1 4.78073E-1 3.11303E-1 3.58359E-1 7.27799E-1 1.84089E-1 1.09607E-1 2.41135E-2 4.54856E-1 4.87023E-1 5.79798E-1 4.37466E-1 3.53861E-1 1.56625E-1 1.43469E-1 4.0162E-2 7.83816E-3 4.7086E-2 1.52347E-1 2.91398E-1 5.18649E-2 5.84925E-2
-9999 -9999 -9999 -9999 -9999 -9999 -9999 -9999 -9999 -9999 -9999 -9999 -9999 -9999 -9999 -9999 -9999 -9999 -9999 -9999 -9999 -9999 -9999 -9999 -9999 -9999 -9999 -9999 9.17208E-1 9.35969E-1 9.01873E-1 9.84839E-1 9.31128E-1 7.90556E-1 8.53907E-1 6.62814E-1 8.58492E-1 5.35263E-1 6.45583E-1 8.55637E-1 8.63435E-1 8.46389E-1 4.4418E-1 4.79515E-1 7.98506E-1 6.10163E-1 7.84137E-1 6.46066E-1 5.12275E-1 2.98994E-1 1.70917E-1 3.46516E-1 7.20469E-1 1.77555E-2 8.43224E-3 7.02301E-2 5.61966E-1 4.4848E-1 4.5321E-1 5.83591E-1 4.44906E-1 3.00257E-1 2.8542E-1 8.44202E-2 2.58935E-2 2.73612E-2 3.45799E-2 1.0313E-1 1.30031E-1 8.12158E-2
-9999 -9999 -9999 -9999 -9999 -9999 -9999 -9999 -9999 -9999 -9999 -9999 -9999 -9999 -9999 -9999 -9999 -9999 -9999 -9999 -9999 -9999 -9999 -9999 -9999 -9999 -9999 -9999 9.73364E-1 9.75745E-1 8.88329E-1 9.08925E-1 9.26738E-1 8.40077E-1 5.49314E-1 5.61168E-1 7.25743E-1 4.51769E-1 7.54199E-1 5.54302E-1 2.66837E-1 1.50463E-1 2.73311E-1 5.7092E-1 6.01277E-1 8.35475E-1 8.02707E-1 7.15713E-1 3.457E-1 9.43622E-2 1.06026E-1 5.777E-1 6.50073E-1 2.20243E-1 8.38806E-2 2.61678E-1 5.59853E-1 1.59761E-1 9.29638E-2 2.70139E-1 9.44118E-2 1.66163E-1 6.86246E-2 6.57141E-2 4.56171E-2 5.56771E-2 1.77511E-1 2.19702E-1 9.52234E-2 2.90799E-2
