ENM/Final_Models/M_1_F_q_Set_1_EC/Gustavia_santanderiensis_2_Choco.asc
ncols         367
nrows         963
xllcorner     -78.6
yllcorner     0.65
cellsize      0.00833333333333323
NODATA_value  -9999
[rows 600 to 629 of 963, columns 134 to 200 of 367]
-9999 -9999 -9999 -9999 -9999 -9999 -9999 -9999 -9999 -9999 -9999 -9999 -9999 -9999 -9999 -9999 -9999 -9999 -9999 -9999 -9999 -9999 -9999 -9999 -9999 -9999 -9999 -9999 -9999 -9999 -9999 -9999 -9999 -9999 -9999 -9999 -9999 -9999 2.1656E-1 2.67765E-1 2.40012E-1 1.59992E-1 2.85095E-1 4.48132E-1 4.6046E-1 3.88726E-1 2.51122E-1 3.38901E-1 2.89357E-1 4.20099E-1 2.32733E-1 4.42794E-1 2.93295E-1 2.01291E-1 3.29953E-1 2.19183E-1 1.46982E-1 1.98113E-1 2.41676E-1 2.48856E-1 3.11936E-1 2.74224E-1 2.56745E-1 3.58231E-1 3.96017E-1 1.27842E-1 1.14704E-1
-9999 -9999 -9999 -9999 -9999 -9999 -9999 -9999 -9999 -9999 -9999 -9999 -9999 -9999 -9999 -9999 -9999 -9999 -9999 -9999 -9999 -9999 -9999 -9999 -9999 -9999 -9999 -9999 -9999 -9999 -9999 -9999 -9999 -9999 -9999 -9999 -9999 -9999 2.57076E-1 2.27175E-1 1.72914E-1 -9999 -9999 -9999 7.39397E-1 2.32247E-1 2.53212E-1 3.75625E-1 2.94287E-1 3.09236E-1 3.48983E-1 1.25805E-1 1.03285E-1 2.32125E-1 3.04108E-1 7.4193E-2 1.261E-1 1.21416E-1 2.30124E-1 2.09896E-1 3.31209E-1 2.28754E-1 1.11042E-1 2.2862E-1 1.76064E-1 3.11621E-1 1.71091E-1
-9999 -9999 -9999 -9999 -9999 -9999 -9999 -9999 -9999 -9999 -9999 -9999 -9999 -9999 -9999 -9999 -9999 -9999 -9999 -9999 -9999 -9999 -9999 -9999 -9999 -9999 -9999 -9999 -9999 -9999 -9999 -9999 -9999 -9999 -9999 -9999 -9999 -9999 4.02544E-1 3.49354E-1 -9999 2.08456E-1 3.74114E-1 5.26055E-1 5.61197E-1 5.45527E-1 1.88948E-1 2.21364E-1 3.40124E-1 2.46388E-1 3.01695E-1 4.64949E-1 3.76128E-1 2.2574E-1 1.04798E-1 1.31765E-1 1.66175E-1 1.70137E-1 1.81075E-1 1.79278E-1 2.88889E-1 3.06267E-1 7.13457E-2 1.72548E-1 1.94843E-1 1.29508E-1 1.25301E-1
-9999 -9999 -9999 -9999 -9999 -9999 -9999 -9999 -9999 -9999 -9999 -9999 -9999 -9999 -9999 -9999 -9999 -9999 -9999 -9999 -9999 -9999 -9999 -9999 -9999 -9999 -9999 -9999 -9999 -9999 -9999 -9999 -9999 -9999 -9999 7.16229E-1 7.1038E-1 6.02541E-1 -9999 -9999 -9999 3.24652E-1 2.28825E-1 3.4761E-1 3.98393E-1 3.26103E-1 3.40635E-1 2.54689E-1 3.69177E-1 4.28487E-1 3.12206E-1 1.81279E-1 3.15011E-1 2.44274E-1 1.96448E-1 1.04205E-1 1.89071E-1 5.2867E-1 3.51326E-1 2.81651E-1 2.54675E-1 9.91239E-2 4.93924E-2 9.06965E-2 2.11868E-1 1.74923E-1 2.46555E-1
-9999 -9999 -9999 -9999 -9999 -9999 -9999 -9999 -9999 -9999 -9999 -9999 -9999 -9999 -9999 -9999 -9999 -9999 -9999 -9999 -9999 -9999 -9999 -9999 -9999 -9999 -9999 -9999 -9999 -9999 -9999 -9999 -9999 -9999 -9999 -9999 6.38477E-1 4.77909E-1 2.81925E-1 5.45427E-1 6.09353E-1 5.50191E-1 4.65517E-1 4.19564E-1 4.43861E-1 4.87182E-1 3.88791E-1 4.01605E-1 6.43937E-1 2.27434E-1 2.67602E-1 4.02694E-1 3.43412E-1 8.76785E-2 6.48478E-2 1.91042E-1 2.46115E-1 1.93242E-1 1.95604E-1 2.13042E-1 2.17235E-1 1.80008E-1 1.12104E-1 8.83137E-2 2.07091E-1 6.34323E-2 5.97414E-2
-9999 -9999 -9999 -9999 -9999 -9999 -9999 -9999 -9999 -9999 -9999 -9999 -9999 -9999 -9999 -9999 -9999 -9999 -9999 -9999 -9999 -9999 -9999 -9999 -9999 -9999 -9999 -9999 -9999 -9999 -9999 -9999 -9999 -9999 -9999 7.19569E-1 -9999 4.26265E-1 5.64352E-1 4.11188E-1 4.18024E-1 4.97708E-1 5.6757E-1 5.77211E-1 3.87573E-1 3.79271E-1 4.26307E-1 3.09474E-1 2.89744E-1 6.59666E-1 1.69008E-1 4.96007E-1 5.24945E-1 4.15678E-1 4.79903E-1 2.51992E-1 2.76337E-1 1.98467E-1 2.30053E-1 2.14591E-1 2.64607E-1 2.26099E-1 5.70349E-2 5.8796E-2 1.593E-1 9.48086E-2 4.22358E-2
-9999 -9999 -9999 -9999 -9999 -9999 -9999 -9999 -9999 -9999 -9999 -9999 -9999 -9999 -9999 -9999 -9999 -9999 -9999 -9999 -9999 -9999 -9999 -9999 -9999 -9999 -9999 -9999 -9999 -9999 -9999 -9999 -9999 -9999 -9999 2.16667E-1 3.43151E-1 2.6159E-1 2.93313E-1 2.81112E-1 2.70011E-1 3.88467E-1 3.5775E-1 3.67535E-1 4.05002E-1 3.36264E-1 3.18202E-1 5.16226E-1 3.78441E-1 2.03827E-1 2.39067E-1 3.4932E-1 3.21707E-1 2.28536E-1 5.19962E-1 2.22805E-1 3.25401E-1 1.70627E-1 9.62784E-2 7.59623E-2 1.72525E-1 1.41137E-1 6.83766E-2 4.21832E-2 5.89942E-2 1.91267E-1 7.43397E-2
-9999 -9999 -9999 -9999 -9999 -9999 -9999 -9999 -9999 -9999 -9999 -9999 -9999 -9999 -9999 -9999 -9999 -9999 -9999 -9999 -9999 -9999 -9999 -9999 -9999 -9999 -9999 -9999 -9999 -9999 -9999 -9999 -9999 -9999 -9999 4.41453E-1 4.11769E-1 5.91067E-1 6.21722E-1 4.16417E-1 4.56649E-1 3.42204E-1 3.51726E-1 3.44186E-1 4.03279E-1 4.24696E-1 3.96708E-1 5.85244E-1 4.93395E-1 3.87421E-1 3.71436E-1 3.20173E-1 3.66311E-1 5.81528E-1 4.78068E-1 4.03102E-1 1.73488E-1 1.48406E-1 1.23865E-1 1.18399E-1 1.01063E-1 1.32096E-1 9.15923E-2 5.19612E-2 1.2196E-2 2.347E-2 1.20816E-1
-9999 -9999 -9999 -9999 -9999 -9999 -9999 -9999 -9999 -9999 -9999 -9999 -9999 -9999 -9999 -9999 -9999 -9999 -9999 -9999 -9999 -9999 -9999 -9999 -9999 -9999 -9999 -9999 -9999 -9999 -9999 -9999 -9999 8.46676E-1 -9999 3.90382E-1 4.52064E-1 6.09756E-1 7.18437E-1 3.54514E-1 3.78842E-1 2.74776E-1 2.30943E-1 3.33586E-1 3.97154E-1 3.54455E-1 4.71421E-1 5.9418E-1 4.55129E-1 4.01479E-1 3.37358E-1 3.58872E-1 2.43994E-1 5.68292E-1 2.9823E-1 1.4041E-1 1.53232E-1 1.53751E-1 8.35685E-2 5.86779E-2 1.11503E-1 6.89919E-2 6.96744E-2 4.02147E-2 3.82158E-2 3.68237E-2 9.65294E-2
-9999 -9999 -9999 -9999 -9999 -9999 -9999 -9999 -9999 -9999 -9999 -9999 -9999 -9999 -9999 -9999 -9999 -9999 -9999 -9999 -9999 -9999 -9999 -9999 -9999 -9999 -9999 -9999 -9999 -9999 -9999 -9999 7.0718E-2 1.22135E-1 3.45797E-1 4.89476E-1 4.23156E-1 4.55051E-1 3.95094E-1 3.42026E-1 3.17767E-1 2.09841E-1 3.34762E-1 3.39908E-1 3.11165E-1 3.88144E-1 4.05896E-1 2.5923E-1 3.94085E-1 1.75835E-1 2.46589E-1 3.89979E-1 2.751E-1 3.8354E-1 2.17834E-1 2.40489E-1 1.60235E-1 1.93077E-1 2.7118E-1 1.84154E-1 6.90654E-2 4.75538E-2 6.23838E-2 8.13814E-2 4.342E-2 3.50771E-2 3.39114E-2
-9999 -9999 -9999 -9999 -9999 -9999 -9999 -9999 -9999 -9999 -9999 -9999 -9999 -9999 -9999 -9999 -9999 -9999 -9999 -9999 -9999 -9999 -9999 -9999 -9999 -9999 -9999 -9999 -9999 -9999 -9999 3.56502E-1 1.96733E-1 2.16575E-1 2.14422E-1 2.85363E-1 4.51687E-1 3.47733E-1 3.22061E-1 4.03069E-1 4.12652E-1 3.21429E-1 3.35093E-1 3.56098E-1 2.8993E-1 1.77203E-1 1.69425E-1 2.49307E-1 1.40269E-1 2.53236E-1 2.55108E-1 3.85248E-1 3.74389E-1 2.82593E-1 2.05177E-1 1.80929E-1 1.32528E-1 1.17742E-1 2.63817E-1 2.18439E-1 7.71595E-2 6.30041E-2 8.11359E-2 6.07804E-2 3.71427E-2 2.33053E-2 1.3238E-2
-9999 -9999 -9999 -9999 -9999 -9999 -9999 -9999 -9999 -9999 -9999 -9999 -9999 -9999 -9999 -9999 -9999 -9999 -9999 -9999 -9999 -9999 -9999 -9999 -9999 -9999 -9999 -9999 -9999 -9999 -9999 4.35565E-1 2.63027E-1 3.91209E-1 5.16011E-1 4.24134E-1 4.42283E-1 3.61638E-1 3.55524E-1 3.74828E-1 3.97243E-1 3.68341E-1 2.98143E-1 2.2982E-1 1.70792E-1 2.28491E-1 3.35724E-1 2.85654E-1 5.63754E-1 2.75215E-1 5.99618E-1 2.87164E-1 4.44881E-1 3.59538E-1 4.8948E-1 2.38223E-1 3.14756E-1 1.20602E-1 1.56706E-1 8.75039E-2 1.85759E-1 1.3889E-1 8.30176E-2 3.95746E-2 4.34546E-2 4.89291E-2 9.9147E-3
-9999 -9999 -9999 -9999 -9999 -9999 -9999 -9999 -9999 -9999 -9999 -9999 -9999 -9999 -9999 -9999 -9999 -9999 -9999 -9999 -9999 -9999 -9999 -9999 -9999 -9999 -9999 -9999 -9999 -9999 -9999 6.53603E-1 5.36807E-1 6.78898E-1 3.92265E-1 3.63083E-1 3.56655E-1 3.85357E-1 3.4455E-1 4.42308E-1 4.54736E-1 4.0275E-1 3.26187E-1 3.56685E-1 2.64697E-1 2.63973E-1 2.71806E-1 3.02559E-1 4.38203E-1 3.68037E-1 2.4631E-1 2.92796E-1 2.38287E-1 3.60526E-1 4.36234E-1 3.69165E-1 2.04774E-1 1.3657E-1 1.58729E-1 1.72748E-1 1.63586E-1 1.16619E-1 7.45362E-2 2.49422E-2 8.14849E-2 2.44169E-2 1.4689E-2
-9999 -9999 -9999 -9999 -9999 -9999 -9999 -9999 -9999 -9999 -9999 -9999 -9999 -9999 -9999 -9999 -9999 -9999 -9999 -9999 -9999 -9999 -9999 -9999 -9999 -9999 -9999 -9999 -9999 -9999 -9999 3.75193E-1 3.60429E-1 4.02908E-1 5.08627E-1 3.7836E-1 3.44448E-1 2.93349E-1 4.35276E-1 3.44335E-1 2.43377E-1 3.43787E-1 2.83931E-1 2.30309E-1 2.45299E-1 2.02611E-1 3.62039E-1 2.09445E-1 2.71798E-1 2.20324E-1 2.98367E-1 1.37338E-1 5.9226E-1 4.29408E-1 3.11465E-1 2.63495E-1 2.38217E-1 1.20694E-1 1.50762E-1 1.17261E-1 1.00104E-1 7.52867E-2 6.99514E-2 4.64282E-2 6.94327E-2 3.68224E-2 7.8217E-3
-9999 -9999 -9999 -9999 -9999 -9999 -9999 -9999 -9999 -9999 -9999 -9999 -9999 -9999 -9999 -9999 -9999 -9999 -9999 -9999 -9999 -9999 -9999 -9999 -9999 -9999 -9999 -9999 -9999 -9999 -9999 -9999 3.20564E-1 3.19904E-1 3.11321E-1 3.98683E-1 3.61206E-1 2.81927E-1 4.5548E-1 4.09474E-1 4.06063E-1 3.6694E-1 3.56718E-1 2.90506E-1 1.2581E-1 1.99535E-1 1.59146E-1 2.27957E-1 1.77117E-1 2.29986E-1 1.55529E-1 3.45908E-1 2.82911E-1 3.4352E-1 4.30898E-1 5.04308E-1 2.53453E-1 2.00153E-1 8.02085E-2 9.11223E-2 6.51423E-2 6.09339E-2 1.35226E-1 9.08061E-2 1.16328E-1 3.7215E-2 3.52885E-2
-9999 -9999 -9999 -9999 -9999 -9999 -9999 -9999 -9999 -9999 -9999 -9999 -9999 -9999 -9999 -9999 -9999 -9999 -9999 -9999 -9999 -9999 -9999 -9999 -9999 -9999 -9999 -9999 -9999 -9999 -9999 -9999 -9999 -9999 3.39391E-1 3.10645E-1 2.74503E-1 2.65137E-1 3.8175E-1 3.50921E-1 3.61055E-1 3.43051E-1 3.81658E-1 2.23994E-1 1.99758E-1 1.23042E-1 1.33199E-1 1.18934E-1 7.49862E-2 1.40732E-1 1.91127E-1 2.74763E-1 5.71166E-1 3.38584E-1 3.95657E-1 2.47706E-1 1.86855E-1 1.34745E-1 1.14959E-1 1.33501E-1 1.16179E-1 5.6075E-2 8.28595E-2 8.58873E-2 5.47949E-2 8.48295E-2 5.38955E-2
-9999 -9999 -9999 -9999 -9999 -9999 -9999 -9999 -9999 -9999 -9999 -9999 -9999 -9999 -9999 -9999 -9999 -9999 -9999 -9999 -9999 -9999 -9999 -9999 -9999 -9999 -9999 -9999 -9999 -9999 -9999 -9999 -9999 -9999 3.77611E-1 3.3547E-1 3.10326E-1 3.30367E-1 2.77811E-1 2.59869E-1 2.85132E-1 3.24038E-1 7.48158E-1 4.89184E-1 1.75783E-1 2.30625E-1 1.12017E-1 1.0178E-1 7.31173E-2 6.41545E-2 9.23087E-2 1.8192E-1 2.28216E-1 1.74812E-1 1.12259E-1 1.14005E-1 8.66629E-2 9.7619E-2 1.29004E-1 2.08294E-1 8.97776E-2 5.67583E-2 9.83602E-2 9.19929E-2 8.81711E-2 5.11472E-2 4.00076E-2
-9999 -9999 -9999 -9999 -9999 -9999 -9999 -9999 -9999 -9999 -9999 -9999 -9999 -9999 -9999 -9999 -9999 -9999 -9999 -9999 -9999 -9999 -9999 -9999 -9999 -9999 -9999 -9999 -9999 -9999 -9999 -9999 -9999 -9999 2.90885E-1 3.64392E-1 3.91391E-1 4.43689E-1 2.82559E-1 2.13939E-1 2.45322E-1 2.51819E-1 3.14097E-1 2.24025E-1 2.05907E-1 3.54963E-1 2.38403E-1 1.13668E-1 1.06592E-1 2.87622E-1 2.10008E-1 1.55096E-1 1.56479E-1 1.20003E-1 1.08587E-1 7.457E-2 6.09537E-2 6.527E-2 1.46805E-1 6.1722E-2 4.06356E-2 1.53399E-2 6.54085E-2 8.20395E-2 8.79416E-2 7.67397E-2 5.86134E-2
-9999 -9999 -9999 -9999 -9999 -9999 -9999 -9999 -9999 -9999 -9999 -9999 -9999 -9999 -9999 -9999 -9999 -9999 -9999 -9999 -9999 -9999 -9999 -9999 -9999 -9999 -9999 -9999 -9999 -9999 -9999 -9999 -9999 -9999 2.7404E-1 3.00219E-1 2.45462E-1 4.01868E-1 2.98359E-1 2.0291E-1 2.37089E-1 1.42519E-1 2.31006E-1 1.09631E-1 1.38547E-1 2.21969E-1 2.32463E-1 2.12054E-1 9.7257E-2 8.60836E-2 2.47084E-1 1.21941E-1 1.66876E-1 1.19209E-1 8.57358E-2 6.66794E-2 4.41128E-2 8.69698E-2 1.47384E-1 1.23599E-2 5.26971E-3 3.47248E-2 1.00439E-1 7.22219E-2 7.53987E-2 1.07514E-1 6.99394E-2
-9999 -9999 -9999 -9999 -9999 -9999 -9999 -9999 -9999 -9999 -9999 -9999 -9999 -9999 -9999 -9999 -9999 -9999 -9999 -9999 -9999 -9999 -9999 -9999 -9999 -9999 -9999 -9999 -9999 -9999 -9999 -9999 -9999 -9999 3.34851E-1 3.8468E-1 2.35536E-1 2.94804E-1 2.90997E-1 2.24383E-1 1.1426E-1 1.12986E-1 1.6818E-1 9.09246E-2 1.77843E-1 1.15845E-1 5.12899E-2 5.7402E-2 1.41684E-1 1.58004E-1 1.23085E-1 1.93655E-1 1.87492E-1 1.41376E-1 7.4886E-2 3.40626E-2 4.62629E-2 2.74723E-1 1.17895E-1 9.00516E-2 4.51193E-2 3.79634E-2 9.00556E-2 2.5188E-2 2.52871E-2 4.5254E-2 2.48561E-2
-9999 -9999 -9999 -9999 -9999 -9999 -9999 -9999 -9999 -9999 -9999 -9999 -9999 -9999 -9999 -9999 -9999 -9999 -9999 -9999 -9999 -9999 -9999 -9999 -9999 -9999 -9999 -9999 -9999 -9999 -9999 -9999 -9999 3.35895E-1 3.24191E-1 2.5946E-1 3.33191E-1 3.07195E-1 2.92407E-1 1.80575E-1 1.59491E-1 1.78969E-1 2.71448E-1 1.36145E-1 2.04004E-1 8.8807E-2 1.02929E-1 9.393E-2 7.33061E-2 1.82729E-1 7.24702E-2 9.51E-2 1.35503E-1 1.11866E-1 6.89625E-2 9.01905E-2 2.13102E-2 7.80369E-2 6.1019E-2 8.33796E-2 1.25103E-1 4.32687E-2 3.94255E-2 3.26241E-2 2.67765E-2 3.13482E-2 1.79481E-2
-9999 -9999 -9999 -9999 -9999 -9999 -9999 -9999 -9999 -9999 -9999 -9999 -9999 -9999 -9999 -9999 -9999 -9999 -9999 -9999 -9999 -9999 -9999 -9999 -9999 -9999 -9999 -9999 -9999 -9999 -9999 -9999 5.00598E-1 4.57784E-1 3.12472E-1 4.11538E-1 3.57188E-1 3.66578E-1 1.87435E-1 2.02067E-1 1.74591E-1 1.97213E-1 1.53897E-1 1.13058E-1 1.31733E-1 1.44065E-1 1.6947E-1 9.31649E-2 1.47917E-1 1.69039E-1 7.13401E-2 6.17619E-2 1.46096E-1 8.10953E-2 4.84698E-2 8.69544E-2 3.55775E-2 3.08518E-2 1.4182E-2 6.89701E-2 1.11892E-1 3.00061E-2 5.10483E-2 5.34597E-2 3.4718E-2 3.73401E-2 3.26557E-2
-9999 -9999 -9999 -9999 -9999 -9999 -9999 -9999 -9999 -9999 -9999 -9999 -9999 -9999 -9999 -9999 -9999 -9999 -9999 -9999 -9999 -9999 -9999 -9999 -9999 -9999 -9999 -9999 -9999 -9999 -9999 -9999 3.69165E-1 3.90005E-1 2.73849E-1 2.68282E-1 2.10761E-1 1.34388E-1 2.18751E-1 2.00014E-1 1.93298E-1 1.89482E-1 9.65215E-2 9.30441E-2 8.81538E-2 2.33158E-1 1.28854E-1 8.52406E-2 8.98684E-2 1.48464E-1 5.63808E-2 9.59362E-2 8.55367E-2 4.55639E-2 5.35015E-2 1.43301E-1 1.88941E-1 8.8189E-2 3.95679E-2 8.94166E-2 1.34061E-1 9.39767E-2 8.43906E-2 9.47623E-2 6.2854E-2 5.15992E-2 3.86415E-2
-9999 -9999 -9999 -9999 -9999 -9999 -9999 -9999 -9999 -9999 -9999 -9999 -9999 -9999 -9999 -9999 -9999 -9999 -9999 -9999 -9999 -9999 -9999 -9999 -9999 -9999 -9999 -9999 -9999 -9999 -9999 3.90529E-1 3.51068E-1 3.86083E-1 5.44318E-1 6.83126E-1 2.50169E-1 2.0089E-1 1.32229E-1 2.51743E-1 2.49604E-1 1.88754E-1 1.26429E-1 1.21481E-1 2.48753E-1 2.80446E-1 7.44535E-2 4.368E-2 5.99781E-2 8.7511E-2 1.58144E-1 9.42204E-2 6.89649E-2 8.69212E-2 1.18995E-1 1.1765E-1 2.49793E-1 1.22399E-1 5.09375E-2 5.70786E-2 6.43175E-2 6.27151E-2 6.77532E-2 7.04052E-2 6.99845E-2 6.65279E-2 6.42761E-2
-9999 -9999 -9999 -9999 -9999 -9999 -9999 -9999 -9999 -9999 -9999 -9999 -9999 -9999 -9999 -9999 -9999 -9999 -9999 -9999 -9999 -9999 -9999 -9999 -9999 -9999 -9999 -9999 -9999 -9999 5.08865E-1 4.92315E-1 3.61315E-1 4.17492E-1 4.97204E-1 3.51863E-1 4.94679E-1 1.45886E-1 4.31335E-1 4.85073E-1 2.56879E-1 2.41817E-1 4.63232E-1 1.82686E-1 2.19581E-1 1.77793E-1 9.53848E-2 9.45288E-2 5.53482E-2 5.2475E-2 9.71717E-2 1.44884E-1 1.29281E-1 1.18923E-1 1.14522E-1 1.33569E-1 1.67366E-1 7.36464E-2 3.57016E-2 9.5328E-2 9.33661E-2 1.18119E-1 6.12297E-2 5.83867E-2 4.21432E-2 4.45949E-2 4.06162E-2
-9999 -9999 -9999 -9999 -9999 -9999 -9999 -9999 -9999 -9999 -9999 -9999 -9999 -9999 -9999 -9999 -9999 -9999 -9999 -9999 -9999 -9999 -9999 -9999 -9999 -9999 -9999 -9999 -9999 -9999 4.88667E-1 3.53465E-1 4.22078E-1 3.62681E-1 4.28576E-1 3.31873E-1 4.32728E-1 2.21477E-1 3.64046E-1 5.86662E-1 2.61031E-1 1.04583E-1 7.83549E-2 2.04572E-1 1.95569E-1 1.20436E-1 9.03923E-2 1.0317E-1 5.01655E-2 4.92328E-2 5.71894E-2 2.00172E-1 1.22083E-1 1.07121E-1 8.26033E-2 2.16572E-1 1.24813E-1 1.27303E-1 7.22856E-2 7.28678E-2 8.41864E-2 6.99082E-2 4.2905E-2 3.13275E-2 3.01176E-2 3.78654E-2 3.37012E-2
-9999 -9999 -9999 -9999 -9999 -9999 -9999 -9999 -9999 -9999 -9999 -9999 -9999 -9999 -9999 -9999 -9999 -9999 -9999 -9999 -9999 -9999 -9999 -9999 -9999 -9999 -9999 -9999 -9999 5.66056E-1 4.3263E-1 4.87536E-1 3.67542E-1 4.15051E-1 4.3958E-1 5.18245E-1 4.58552E-1 2.50324E-1 2.0661E-1 4.58528E-1 2.73942E-1 2.43495E-1 2.13272E-1 1.80785E-1 8.70633E-2 9.43176E-2 5.94132E-2 8.02822E-2 4.43835E-2 9.33035E-2 4.66531E-2 5.07874E-2 5.45775E-2 1.10896E-1 1.82377E-1 1.9129E-1 6.99156E-2 2.35668E-1 1.31165E-1 1.36141E-1 1.41169E-1 4.98729E-2 3.14056E-2 2.08736E-2 1.57953E-2 3.66921E-2 2.63111E-2
-9999 -9999 -9999 -9999 -9999 -9999 -9999 -9999 -9999 -9999 -9999 -9999 -9999 -9999 -9999 -9999 -9999 -9999 -9999 -9999 -9999 -9999 -9999 -9999 -9999 -9999 -9999 -9999 -9999 5.76908E-1 6.57715E-1 5.18638E-1 5.08283E-1 3.84366E-1 3.03129E-1 4.04864E-1 4.87237E-1 3.93588E-1 3.18296E-1 3.43577E-1 4.08474E-1 3.21808E-1 3.34538E-1 2.1403E-1 1.09539E-1 8.07993E-2 3.38339E-2 8.90673E-2 6.12601E-2 2.92638E-2 3.41204E-2 3.83185E-2 2.09578E-1 1.39923E-1 2.29002E-1 2.05351E-1 3.90212E-2 1.19825E-1 8.5374E-2 8.29311E-2 2.44624E-2 1.23584E-1 3.44327E-2 3.25856E-2 1.96923E-2 3.79759E-2 3.52331E-2
-9999 -9999 -9999 -9999 -9999 -9999 -9999 -9999 -9999 -9999 -9999 -9999 -9999 -9999 -9999 -9999 -9999 -9999 -9999 -9999 -9999 -9999 -9999 -9999 -9999 -9999 -9999 -9999 5.45265E-1 4.39003E-1 4.18431E-1 4.92476E-1 3.87036E-1 4.13896E-1 3.39103E-1 4.22329E-1 4.92584E-1 2.7452E-1 3.35403E-1 6.49266E-1 4.4657E-1 2.48683E-1 1.99396E-1 1.74302E-1 6.84135E-2 7.30576E-2 2.91827E-2 6.8976E-2 4.21777E-2 2.99337E-2 6.88778E-2 1.34633E-1 8.74107E-2 1.8108E-1 2.19956E-1 1.41703E-1 7.96939E-2 1.08903E-1 9.56128E-2 1.0878E-1 9.66082E-2 4.42256E-2 5.19936E-2 1.09052E-2 1.10689E-2 1.99851E-2 2.23432E-2
-9999 -9999 -9999 -9999 -9999 -9999 -9999 -9999 -9999 -9999 -9999 -9999 -9999 -9999 -9999 -9999 -9999 -9999 -9999 -9999 -9999 -9999 -9999 -9999 -9999 -9999 -9999 4.98516E-1 4.96428E-1 4.82218E-1 5.41348E-1 2.89804E-1 3.65258E-1 3.39048E-1 3.76435E-1 3.85384E-1 5.24273E-1 4.00504E-1 2.87956E-1 4.86801E-1 3.86963E-1 3.57766E-1 2.81541E-1 1.46221E-1 1.38494E-1 1.44542E-1 4.06069E-2 7.35458E-2 4.74532E-2 1.51633E-1 6.41955E-2 6.75489E-2 6.74869E-2 2.27205E-1 2.1563E-1 1.01527E-1 3.75187E-2 6.76957E-2 6.18886E-2 5.52349E-2 4.38421E-2 3.7967E-2 2.35936E-2 2.16905E-2 4.26718E-3 3.73504E-3 5.87713E-3
