ENM/Final_Models/M_1_F_q_Set_1_EC/Gustavia_santanderiensis_6_Choco.asc
ncols         367
nrows         963
xllcorner     -78.6
yllcorner     0.65
cellsize      0.00833333333333323
NODATA_value  -9999
[rows 792 to 824 of 963, columns 152 to 227 of 367]
5.19195E-8 4.13099E-7 5.15199E-7 1.18922E-6 3.99757E-7 9.63079E-7 1.08963E-7 1.54344E-7 7.27526E-6 1.38478E-4 4.92721E-5 2.20139E-5 1.2895E-6 7.74214E-7 2.45689E-6 4.09738E-5 8.81089E-5 1.20297E-4 2.43373E-4 -9999 -9999 -9999 2.19208E-3 1.54039E-3 6.68757E-3 -9999 -9999 -9999 -9999 -9999 -9999 -9999 -9999 -9999 -9999 -9999 -9999 -9999 -9999 -9999 -9999 -9999 -9999 5.23961E-3 9.01224E-4 9.68275E-4 8.96523E-4 3.08748E-4 9.77509E-5 3.45373E-5 5.73144E-5 4.1691E-5 4.21686E-5 7.81101E-6 5.92542E-6 3.22992E-6 1.53563E-5 2.25973E-5 5.92334E-6 5.02761E-6 2.96899E-5 1.25987E-4 1.79051E-5 1.09154E-5 4.35144E-6 5.59519E-6 4.42218E-6 8.31942E-6 8.64687E-6 3.58113E-6 4.04209E-6 4.76379E-6 8.21022E-6 1.55198E-5 2.03511E-5 8.89857E-6
3.73587E-8 1.56E-7 3.26204E-7 1.12875E-7 2.24579E-7 3.68538E-7 4.34968E-7 1.5518E-6 7.67349E-6 1.59427E-4 4.36562E-5 2.04946E-6 6.30027E-7 1.38201E-6 8.07502E-6 4.41175E-5 1.30822E-4 3.30573E-4 5.95702E-4 1.02584E-3 -9999 -9999 -9999 -9999 -9999 -9999 -9999 -9999 -9999 -9999 -9999 -9999 -9999 -9999 -9999 -9999 -9999 -9999 -9999 -9999 -9999 6.06669E-3 1.82297E-3 1.05372E-3 1.84624E-3 1.00942E-3 4.42584E-4 8.68386E-5 9.17774E-5 3.2321E-5 4.77282E-5 6.50819E-5 1.96185E-5 2.23679E-6 3.89698E-6 1.86805E-6 7.22997E-6 4.16273E-6 5.34997E-6 9.98769E-6 4.0738E-5 2.2938E-5 4.94658E-5 7.7133E-6 4.42197E-6 4.54977E-6 3.56782E-6 3.96784E-6 4.21809E-6 5.61559E-6 6.21465E-6 9.20829E-6 4.31698E-6 7.28869E-6 1.06117E-5 1.55213E-5
1.61664E-7 1.63208E-7 8.13574E-8 9.68107E-8 1.3212E-7 3.86303E-7 1.3303E-5 8.49326E-6 1.19624E-4 8.7736E-5 3.06898E-5 2.21472E-6 2.6204E-7 6.17194E-6 4.74529E-5 9.8285E-5 2.17251E-4 4.03435E-4 2.56826E-4 6.34972E-4 -9999 -9999 -9999 -9999 -9999 -9999 -9999 -9999 -9999 -9999 -9999 -9999 -9999 -9999 -9999 -9999 -9999 -9999 -9999 -9999 4.85357E-3 4.16736E-3 -9999 2.30351E-3 1.82356E-3 3.30493E-4 2.90772E-4 2.62393E-4 9.79785E-5 5.727E-5 2.73898E-5 1.25004E-5 1.34272E-5 7.64176E-6 8.93768E-6 6.69355E-6 1.02964E-5 5.45739E-6 2.11789E-6 5.16421E-6 1.46953E-5 1.29393E-5 3.6751E-5 5.04152E-6 4.30452E-6 7.95407E-6 6.44029E-6 2.77457E-6 3.09323E-6 5.46434E-6 4.42199E-6 9.51306E-6 1.11206E-5 4.30045E-6 7.94519E-6 1.08224E-5
9.65507E-7 1.7232E-6 1.07626E-7 3.09144E-7 6.24704E-7 5.63126E-7 2.89997E-5 1.2456E-4 1.9921E-4 5.86925E-5 2.14506E-5 1.9299E-7 5.35168E-7 5.32584E-6 9.32656E-5 1.84394E-4 8.23978E-4 5.22397E-4 9.57287E-4 -9999 -9999 -9999 -9999 -9999 -9999 -9999 -9999 -9999 -9999 -9999 -9999 -9999 -9999 -9999 -9999 -9999 -9999 -9999 -9999 3.30916E-3 3.76573E-3 -9999 -9999 4.25288E-3 3.30566E-3 9.16307E-4 4.87007E-4 1.01149E-4 3.10328E-4 2.1815E-4 4.22486E-5 9.02378E-6 1.70579E-5 5.32593E-6 5.80953E-6 1.03404E-5 7.31151E-6 1.15046E-5 6.48365E-6 6.06131E-6 5.37543E-6 4.18363E-6 4.98885E-6 9.38817E-6 3.87824E-6 2.56841E-6 3.3468E-6 7.82879E-6 4.87302E-6 3.93644E-6 5.01795E-6 4.21716E-6 4.16305E-6 9.37574E-6 6.81604E-6 1.16143E-5
1.38433E-7 4.7387E-7 4.38896E-6 5.25773E-6 5.32431E-8 1.8709E-6 5.96609E-6 1.09627E-4 2.46657E-4 -9999 -9999 2.42695E-6 2.57112E-6 4.50978E-5 6.54576E-5 1.58449E-4 5.71124E-4 1.31706E-3 -9999 -9999 -9999 -9999 -9999 -9999 -9999 -9999 -9999 -9999 -9999 -9999 -9999 -9999 -9999 -9999 -9999 -9999 -9999 -9999 -9999 -9999 -9999 -9999 -9999 1.38714E-3 1.3903E-3 2.33066E-3 1.54739E-3 1.26123E-3 4.9374E-4 5.28798E-4 9.15409E-5 6.47183E-5 3.84004E-5 7.47344E-6 8.36581E-6 4.23253E-6 3.73057E-6 7.90111E-6 5.13451E-6 8.41376E-6 7.67242E-6 5.74478E-6 3.22004E-6 4.09966E-6 4.66522E-6 1.95197E-6 2.06645E-6 4.2107E-6 1.18791E-5 6.81553E-6 5.39E-6 7.74534E-6 9.27385E-6 1.47552E-5 8.67085E-6 6.49552E-6
1.70703E-7 1.93052E-7 2.42702E-7 1.23478E-5 3.83897E-5 7.40052E-6 1.2685E-5 2.65745E-4 3.41515E-4 -9999 -9999 1.15798E-5 2.97556E-5 1.15254E-4 2.03952E-4 2.98418E-4 7.95157E-4 4.76354E-4 2.06708E-3 -9999 -9999 -9999 -9999 -9999 -9999 -9999 -9999 -9999 -9999 -9999 -9999 -9999 -9999 -9999 -9999 -9999 -9999 -9999 -9999 -9999 -9999 -9999 -9999 9.75538E-4 7.55226E-4 1.46458E-3 5.06767E-4 2.47684E-4 2.54203E-4 1.32561E-4 1.13369E-4 5.48039E-5 6.21231E-5 2.20012E-5 7.41729E-6 5.17677E-6 6.45126E-6 7.15955E-6 4.55418E-6 1.61103E-5 9.40603E-6 6.62874E-6 5.39586E-6 2.51278E-6 4.75605E-6 2.9662E-6 2.54724E-6 3.09651E-6 9.08884E-6 1.20543E-5 8.37467E-6 1.41914E-5 1.40446E-5 9.18561E-6 5.21909E-6 8.30916E-6
2.70871E-7 9.32061E-8 1.77892E-7 4.66324E-7 1.85016E-5 5.56766E-5 1.59737E-4 4.2155E-4 3.85401E-4 -9999 -9999 9.18243E-5 1.10751E-4 1.84914E-4 2.10597E-4 9.67578E-4 7.58437E-4 5.88586E-4 2.8741E-3 -9999 -9999 -9999 -9999 -9999 -9999 -9999 -9999 -9999 -9999 -9999 -9999 -9999 -9999 -9999 -9999 -9999 -9999 -9999 -9999 -9999 -9999 -9999 -9999 4.82795E-4 3.25537E-4 1.03387E-3 2.55653E-4 6.33767E-5 2.20203E-5 4.10155E-5 2.57144E-5 5.16919E-5 9.98842E-6 2.51348E-5 1.13508E-5 6.87807E-6 9.28266E-6 4.54073E-6 5.43599E-6 5.26007E-6 8.73322E-6 5.99748E-6 1.90899E-6 6.44463E-6 5.39528E-6 5.62726E-6 4.29268E-6 3.77367E-6 5.90706E-6 1.14277E-5 1.04633E-5 1.04189E-5 1.2172E-5 1.32319E-5 1.13579E-5 8.94105E-6
5.1899E-7 1.2695E-7 1.61177E-7 2.29995E-7 1.19241E-6 1.60978E-5 3.57164E-4 -9999 -9999 -9999 -9999 2.94891E-4 1.90625E-4 4.48726E-4 7.59969E-4 9.09745E-4 -9999 -9999 -9999 -9999 -9999 -9999 -9999 -9999 -9999 -9999 -9999 -9999 -9999 -9999 -9999 -9999 -9999 -9999 -9999 -9999 -9999 -9999 -9999 -9999 -9999 -9999 1.82292E-4 3.11649E-4 1.93901E-4 2.73019E-4 1.16035E-4 2.35484E-5 3.60072E-5 5.94752E-5 1.99516E-4 2.70808E-5 9.49869E-6 1.06549E-5 8.11982E-6 4.34915E-6 6.23375E-6 4.82557E-6 5.73776E-6 7.14963E-6 6.38011E-6 4.54846E-6 3.75145E-6 5.73377E-6 2.91271E-6 6.55511E-6 3.83192E-6 3.22403E-6 4.31623E-6 4.4977E-6 5.23994E-6 1.07707E-5 1.06861E-5 9.11782E-6 5.7607E-6 4.64555E-6
2.87689E-7 1.60489E-7 2.1639E-7 1.46832E-7 8.29802E-7 3.94479E-5 4.77278E-4 -9999 -9999 -9999 -9999 1.45341E-4 5.84986E-4 2.92829E-4 2.11943E-3 5.81056E-3 -9999 -9999 -9999 -9999 -9999 -9999 -9999 -9999 -9999 -9999 -9999 -9999 -9999 -9999 -9999 -9999 -9999 -9999 -9999 -9999 -9999 -9999 -9999 -9999 -9999 -9999 4.00661E-5 2.65564E-5 2.93708E-4 1.33762E-4 6.59275E-5 5.7402E-5 3.17376E-5 1.22229E-5 5.45927E-5 3.35511E-5 1.03342E-5 1.23778E-5 8.21312E-6 6.73704E-6 1.78819E-5 1.23304E-5 9.73425E-6 9.96785E-6 1.6397E-5 1.04802E-5 4.91845E-6 2.62493E-6 2.18864E-6 5.26532E-6 1.20821E-5 2.75553E-6 2.95764E-6 2.72332E-6 4.26824E-6 5.82123E-6 9.54475E-6 9.62594E-6 5.61661E-6 6.41784E-6
1.9568E-7 1.46924E-7 2.50599E-7 3.22119E-7 3.44648E-6 4.69297E-5 5.36202E-4 4.18859E-4 -9999 -9999 -9999 -9999 -9999 2.08448E-3 2.80242E-3 5.41353E-3 -9999 -9999 -9999 -9999 -9999 -9999 -9999 -9999 -9999 -9999 -9999 -9999 -9999 -9999 -9999 -9999 -9999 -9999 -9999 -9999 -9999 -9999 -9999 -9999 -9999 -9999 2.36195E-5 6.72031E-5 1.34467E-4 4.38688E-5 1.66821E-5 1.83642E-5 2.17411E-5 3.36767E-5 5.45024E-5 8.55979E-6 9.85953E-6 9.8189E-6 9.89426E-6 2.24402E-5 8.69887E-6 1.20027E-5 1.78133E-5 1.45497E-5 1.97037E-5 9.66044E-6 3.12008E-6 3.89009E-6 9.53315E-6 2.69192E-6 3.25709E-6 3.67644E-6 2.3321E-6 2.7529E-6 2.7348E-6 2.70604E-6 7.49967E-6 8.81941E-6 5.64528E-6 9.81746E-6
2.45405E-7 1.28246E-7 2.27068E-7 4.20755E-7 1.64631E-5 9.70591E-5 3.17282E-4 2.1295E-4 -9999 -9999 -9999 -9999 -9999 -9999 4.68926E-3 -9999 -9999 -9999 -9999 -9999 -9999 -9999 -9999 -9999 -9999 -9999 -9999 -9999 -9999 -9999 -9999 -9999 -9999 -9999 -9999 -9999 -9999 -9999 -9999 -9999 -9999 -9999 2.95497E-4 2.24304E-5 4.38679E-5 3.00201E-5 1.0852E-5 1.84601E-5 2.04824E-5 2.65844E-5 1.22657E-5 6.2171E-6 4.3791E-6 4.05312E-6 5.10656E-6 2.45635E-5 1.50206E-5 1.66262E-5 2.15383E-5 2.02276E-5 1.87746E-5 1.67138E-5 1.43375E-5 1.42655E-5 5.41096E-6 3.31914E-6 5.15487E-6 4.67919E-6 2.04289E-6 2.21752E-6 2.8704E-6 5.2871E-6 6.26051E-6 9.07202E-6 5.69177E-6 8.32479E-6
6.61724E-7 2.84256E-7 1.26698E-7 2.97789E-7 1.61753E-6 4.10852E-5 3.90394E-5 4.3114E-5 1.02154E-4 1.52366E-4 3.93804E-4 -9999 -9999 -9999 -9999 -9999 -9999 -9999 -9999 -9999 -9999 -9999 -9999 -9999 -9999 -9999 -9999 -9999 -9999 -9999 -9999 -9999 -9999 -9999 -9999 -9999 -9999 -9999 -9999 -9999 -9999 -9999 3.5419E-4 5.78069E-5 7.37901E-5 1.16646E-4 6.97446E-5 1.30072E-5 1.08268E-5 1.04441E-5 5.83687E-6 8.67225E-6 1.93325E-5 2.62698E-6 2.3855E-6 3.7044E-6 1.58289E-5 3.03879E-5 2.61876E-5 1.60079E-5 1.20358E-5 7.94335E-6 1.61926E-5 1.65463E-5 1.88961E-6 1.58762E-6 1.60868E-6 1.88263E-6 3.04483E-6 2.21986E-6 2.74769E-6 6.95E-6 1.24331E-5 9.77949E-6 8.22994E-6 5.96413E-6
3.49036E-7 1.76586E-7 1.67014E-7 1.56457E-7 3.54504E-6 6.74004E-5 6.63771E-5 9.3973E-5 1.54408E-4 1.14808E-4 1.71539E-4 5.93136E-4 2.16387E-3 -9999 -9999 -9999 -9999 -9999 -9999 -9999 -9999 -9999 -9999 -9999 -9999 -9999 -9999 -9999 -9999 -9999 -9999 -9999 -9999 -9999 -9999 -9999 -9999 -9999 -9999 -9999 -9999 -9999 -9999 1.22974E-4 1.01315E-4 1.57363E-4 5.92866E-5 1.151E-5 6.00676E-6 4.77135E-6 2.77833E-6 2.88691E-6 7.69275E-6 5.36011E-6 2.91058E-6 4.10357E-6 4.69063E-6 1.85462E-5 1.27546E-5 6.66534E-6 6.14463E-6 5.72722E-6 9.81977E-6 9.99993E-6 3.16472E-6 2.9253E-6 2.67511E-6 3.58016E-6 2.13392E-6 2.46249E-6 3.68944E-6 8.82497E-6 9.75098E-6 8.3852E-6 6.41891E-6 7.75867E-6
4.35053E-7 2.20609E-7 9.10294E-8 1.52725E-7 1.70995E-6 4.93431E-5 2.02002E-4 1.78538E-4 2.56011E-4 1.38791E-4 1.47195E-4 1.58037E-3 7.91982E-3 4.80238E-3 -9999 -9999 -9999 -9999 -9999 -9999 -9999 -9999 -9999 -9999 -9999 -9999 -9999 -9999 -9999 -9999 -9999 -9999 -9999 -9999 -9999 -9999 -9999 -9999 -9999 -9999 -9999 -9999 -9999 2.30468E-4 1.13357E-4 6.15237E-5 4.28091E-5 1.91855E-5 4.07464E-6 6.09961E-6 8.45277E-6 1.81341E-5 6.96983E-6 1.4367E-6 4.64938E-6 5.4091E-6 3.15233E-6 4.40438E-6 2.7819E-6 2.85362E-6 3.59372E-6 4.44658E-6 6.84764E-6 6.25397E-6 4.3636E-6 2.66427E-6 4.22272E-6 3.722E-6 2.36975E-6 1.80492E-6 3.4648E-6 3.48702E-6 9.38842E-6 1.01006E-5 7.93069E-6 -9999
1.24792E-7 1.43959E-7 8.59653E-8 9.29864E-7 3.43807E-5 6.65033E-5 3.97909E-4 4.78508E-4 2.02649E-3 -9999 1.8168E-4 2.53004E-3 -9999 -9999 -9999 -9999 -9999 -9999 -9999 -9999 -9999 -9999 -9999 -9999 -9999 -9999 -9999 -9999 -9999 -9999 -9999 -9999 -9999 -9999 -9999 -9999 -9999 -9999 -9999 -9999 -9999 -9999 -9999 -9999 3.63671E-4 1.97511E-4 1.46772E-4 7.66088E-6 6.18021E-6 5.91499E-6 1.17375E-5 7.2768E-6 4.35233E-6 1.09626E-6 1.32334E-6 2.12369E-6 2.17149E-6 4.96107E-6 2.8505E-6 2.68525E-6 2.13691E-6 2.65907E-6 3.78837E-6 4.68231E-6 1.15583E-5 1.3096E-5 1.51207E-5 1.03999E-5 5.52388E-6 5.05728E-6 3.42708E-6 9.17803E-6 6.58808E-6 -9999 -9999 -9999
1.50299E-7 1.25943E-7 3.96056E-7 3.21739E-5 7.16095E-5 9.74155E-5 4.95257E-4 4.82056E-4 2.09551E-3 -9999 4.47323E-4 -9999 -9999 -9999 -9999 -9999 -9999 -9999 -9999 -9999 -9999 -9999 -9999 -9999 -9999 -9999 -9999 -9999 -9999 -9999 -9999 -9999 -9999 -9999 -9999 -9999 -9999 -9999 -9999 -9999 -9999 -9999 -9999 -9999 -9999 1.82148E-4 1.97045E-4 3.33256E-5 2.39038E-6 5.23125E-6 4.974E-6 4.58223E-6 5.1814E-6 2.22489E-6 1.76271E-6 1.28053E-6 1.00444E-6 3.54239E-6 3.00443E-6 3.13362E-6 2.35379E-6 3.22225E-6 3.75341E-6 5.67595E-6 1.05058E-5 1.52222E-5 1.16184E-5 1.05619E-5 1.05431E-5 8.71601E-6 5.74144E-6 8.14356E-6 -9999 -9999 -9999 -9999
1.57824E-7 2.93751E-7 1.02236E-6 4.11209E-5 1.97473E-4 2.15177E-4 4.75718E-4 2.73188E-3 -9999 -9999 -9999 -9999 -9999 -9999 -9999 -9999 -9999 -9999 -9999 -9999 -9999 -9999 -9999 -9999 -9999 -9999 -9999 -9999 -9999 -9999 -9999 -9999 -9999 -9999 -9999 -9999 -9999 -9999 -9999 -9999 -9999 -9999 -9999 -9999 -9999 -9999 1.0275E-4 3.91874E-6 7.70466E-6 1.71529E-5 1.09364E-5 2.94701E-6 4.88213E-6 3.92343E-6 3.91636E-6 3.30025E-6 2.51109E-6 1.38668E-6 6.60666E-6 2.90143E-6 2.77248E-6 5.36317E-6 6.0279E-6 7.58694E-6 2.49868E-6 8.64862E-6 7.77964E-6 5.54548E-6 7.41928E-6 7.33685E-6 3.32062E-6 -9999 -9999 -9999 -9999 -9999
4.65683E-7 1.66242E-7 1.02043E-5 1.33526E-4 1.92267E-4 6.43611E-4 3.09931E-4 8.85679E-4 -9999 -9999 -9999 -9999 -9999 -9999 -9999 -9999 -9999 -9999 -9999 -9999 -9999 -9999 -9999 -9999 -9999 -9999 -9999 -9999 -9999 -9999 -9999 -9999 -9999 -9999 -9999 -9999 -9999 -9999 -9999 -9999 2.2557E-4 1.78398E-4 2.08991E-4 -9999 -9999 -9999 -9999 1.28116E-4 1.76817E-4 7.21017E-5 1.21906E-5 4.14673E-6 3.44025E-6 3.00229E-6 2.84849E-6 6.29641E-6 3.30788E-6 3.15697E-7 2.42104E-6 6.17126E-6 6.89142E-6 6.86652E-6 8.12804E-6 7.54311E-6 5.71091E-6 4.77701E-6 6.76669E-6 5.95417E-6 8.30313E-6 5.50791E-6 -9999 -9999 -9999 -9999 -9999 -9999
1.75999E-7 3.07127E-6 3.99339E-5 1.33271E-4 4.4992E-4 1.17656E-3 -9999 -9999 5.12953E-4 -9999 -9999 -9999 -9999 -9999 -9999 -9999 -9999 -9999 -9999 -9999 -9999 -9999 -9999 -9999 -9999 -9999 -9999 -9999 -9999 -9999 -9999 -9999 -9999 -9999 -9999 -9999 -9999 -9999 -9999 -9999 1.81859E-5 2.17595E-5 1.43827E-4 2.3317E-4 2.24786E-4 -9999 -9999 6.53128E-4 3.96855E-4 2.78597E-4 9.96938E-6 1.78841E-6 7.29667E-6 5.3145E-6 6.39164E-6 6.55588E-6 2.32909E-6 4.58825E-7 5.54554E-6 6.56759E-6 3.93357E-6 1.14303E-5 7.1944E-6 7.6529E-6 8.88389E-6 4.97444E-6 6.80665E-6 3.89473E-6 7.06244E-6 -9999 -9999 -9999 -9999 -9999 -9999 -9999
1.22194E-6 2.02634E-5 1.79914E-4 1.8147E-4 6.83061E-4 1.21689E-3 -9999 -9999 7.92071E-4 -9999 -9999 -9999 -9999 -9999 -9999 -9999 -9999 -9999 -9999 -9999 -9999 -9999 -9999 -9999 -9999 -9999 -9999 -9999 -9999 -9999 -9999 -9999 -9999 -9999 -9999 -9999 -9999 -9999 -9999 -9999 1.47323E-5 1.41733E-5 1.64858E-4 5.59208E-5 1.78752E-5 2.11399E-5 4.26185E-5 6.26298E-5 3.22226E-4 1.71818E-4 1.12781E-4 6.89143E-6 1.65854E-5 5.5958E-6 5.86003E-6 5.3776E-6 5.0316E-7 4.36663E-7 1.15495E-6 3.61304E-6 1.95893E-6 3.08656E-6 6.9268E-6 6.28313E-6 6.41025E-6 8.5394E-6 6.86994E-6 6.34226E-6 7.08996E-6 -9999 -9999 -9999 -9999 -9999 -9999 -9999
8.09691E-7 1.54435E-5 2.81493E-4 2.77027E-4 9.31746E-4 -9999 -9999 -9999 -9999 -9999 -9999 -9999 -9999 -9999 -9999 -9999 -9999 -9999 -9999 -9999 -9999 -9999 -9999 -9999 -9999 -9999 -9999 -9999 -9999 -9999 -9999 -9999 -9999 -9999 -9999 -9999 -9999 3.98715E-4 5.44492E-4 -9999 -9999 1.35103E-5 2.13009E-5 1.9416E-5 1.24923E-5 2.56593E-6 1.10984E-6 1.4138E-6 6.9429E-5 2.68226E-4 6.8537E-5 8.26587E-5 1.23752E-5 3.3533E-6 4.968E-6 6.27389E-7 1.44775E-6 2.25344E-6 1.75874E-6 2.81771E-6 1.64669E-6 3.67627E-6 4.58966E-6 6.44592E-6 6.0743E-6 5.671E-6 1.05733E-5 8.12951E-6 -9999 -9999 -9999 -9999 -9999 -9999 -9999 -9999
2.09212E-6 4.54882E-5 5.1938E-4 1.25465E-3 3.67537E-4 1.0021E-3 -9999 -9999 -9999 -9999 -9999 -9999 -9999 -9999 -9999 -9999 -9999 -9999 -9999 -9999 -9999 -9999 -9999 -9999 -9999 -9999 -9999 -9999 -9999 -9999 -9999 -9999 -9999 -9999 -9999 -9999 -9999 3.39133E-4 7.0363E-4 -9999 -9999 1.12533E-5 2.21444E-5 1.65788E-6 5.42417E-6 3.06135E-6 1.03028E-6 3.048E-6 3.16741E-5 7.83477E-5 1.50849E-4 1.62441E-4 2.90965E-6 2.46582E-6 1.38921E-6 1.52109E-6 2.45289E-6 5.66703E-6 4.81077E-6 3.85364E-6 1.8674E-6 4.42563E-6 9.36511E-6 7.47939E-6 7.10484E-6 3.9036E-6 8.62109E-6 1.23594E-5 -9999 -9999 -9999 -9999 -9999 -9999 -9999 -9999
1.68465E-5 1.90718E-4 5.97408E-4 1.59638E-3 -9999 -9999 4.76193E-3 -9999 -9999 -9999 -9999 -9999 -9999 -9999 -9999 -9999 -9999 -9999 -9999 -9999 -9999 -9999 -9999 -9999 -9999 -9999 -9999 -9999 -9999 -9999 -9999 -9999 -9999 -9999 -9999 -9999 -9999 2.12021E-4 7.90862E-4 1.365E-4 6.27122E-5 2.17852E-5 3.78274E-5 1.03358E-6 8.61547E-7 2.79001E-6 5.61983E-6 3.53562E-5 2.41382E-5 2.12399E-6 4.35677E-6 7.63406E-5 1.57652E-5 9.36077E-6 1.39645E-5 7.47697E-6 4.01056E-6 4.46415E-6 8.16936E-6 1.57612E-6 2.197E-6 4.32419E-6 4.52581E-6 2.54163E-6 1.0464E-6 4.71884E-6 5.57026E-6 8.98806E-6 -9999 -9999 -9999 -9999 -9999 -9999 -9999 -9999
6.0947E-5 4.09733E-4 6.38015E-4 8.19253E-4 9.91437E-4 -9999 -9999 -9999 -9999 -9999 -9999 -9999 -9999 -9999 -9999 -9999 -9999 -9999 -9999 -9999 -9999 -9999 -9999 -9999 -9999 -9999 -9999 -9999 -9999 -9999 -9999 -9999 -9999 -9999 -9999 -9999 -9999 1.53212E-4 4.5003E-5 7.73931E-5 1.0159E-4 6.08736E-5 1.04536E-5 2.43402E-6 2.00389E-6 2.28093E-6 2.73077E-6 6.68675E-6 3.60247E-6 1.44443E-6 1.35912E-6 2.89314E-5 5.05324E-6 2.71587E-6 5.26242E-6 9.38366E-6 2.63972E-6 1.5882E-6 1.98055E-6 4.23475E-7 1.22599E-6 1.24278E-6 2.27905E-6 4.01453E-6 1.69185E-6 3.91137E-6 5.25798E-6 -9999 -9999 -9999 -9999 -9999 -9999 -9999 -9999 -9999
6.93582E-5 9.81374E-4 1.54402E-3 1.68102E-3 1.72494E-3 -9999 -9999 -9999 -9999 -9999 -9999 -9999 -9999 -9999 -9999 -9999 -9999 -9999 -9999 -9999 -9999 -9999 -9999 -9999 -9999 -9999 -9999 -9999 -9999 -9999 -9999 -9999 -9999 -9999 -9999 -9999 -9999 -9999 1.26129E-5 2.28156E-5 1.70835E-5 7.76565E-6 3.15989E-6 4.46417E-6 9.6512E-7 1.45919E-6 1.60885E-6 9.35763E-7 1.56927E-6 7.92206E-7 1.51133E-6 3.30373E-5 3.88266E-5 3.50398E-6 6.13945E-6 2.47658E-6 1.2081E-6 5.7519E-7 1.04148E-6 8.62773E-7 1.11519E-6 4.33035E-7 1.22309E-6 5.422E-6 2.72998E-6 6.69049E-6 4.75751E-6 5.00502E-6 -9999 -9999 -9999 -9999 -9999 -9999 -9999 -9999
1.06279E-4 2.87271E-3 -9999 -9999 -9999 -9999 -9999 -9999 -9999 -9999 -9999 -9999 -9999 -9999 -9999 -9999 -9999 -9999 -9999 -9999 -9999 -9999 -9999 -9999 -9999 -9999 -9999 -9999 -9999 -9999 -9999 -9999 -9999 -9999 -9999 -9999 2.4507E-4 2.35258E-5 1.33995E-4 5.03247E-5 1.64006E-5 1.34328E-5 8.79223E-6 2.33072E-6 5.16381E-7 4.65619E-7 2.14576E-6 1.15275E-6 3.86219E-7 1.28212E-6 3.35751E-7 3.07763E-6 1.20805E-5 4.29522E-6 5.17156E-6 2.43484E-6 1.58389E-7 1.27603E-7 6.62489E-7 3.33713E-6 6.28259E-6 4.43185E-6 1.52164E-6 2.014E-6 5.24485E-6 2.55288E-6 5.37462E-6 -9999 -9999 -9999 -9999 -9999 -9999 -9999 -9999 -9999
8.90704E-5 1.28104E-3 -9999 -9999 -9999 -9999 -9999 -9999 -9999 -9999 -9999 -9999 -9999 -9999 -9999 -9999 -9999 2.36708E-4 3.77131E-4 2.37224E-4 -9999 -9999 -9999 -9999 -9999 -9999 -9999 -9999 -9999 -9999 -9999 -9999 -9999 -9999 -9999 -9999 -9999 -9999 1.44835E-4 1.49879E-5 1.2538E-5 6.32189E-6 3.97085E-6 1.04486E-6 1.02346E-6 7.32395E-7 3.59127E-7 3.28046E-7 9.45886E-7 1.7062E-6 1.64318E-6 4.64274E-7 1.01263E-5 1.6581E-5 6.17384E-6 7.31254E-6 1.14699E-6 2.27698E-6 1.44943E-6 1.47886E-6 3.20666E-6 2.05063E-6 1.56901E-6 3.12252E-6 4.16383E-6 1.38806E-5 4.09566E-6 -9999 -9999 -9999 -9999 -9999 -9999 -9999 -9999 -9999
2.63298E-4 5.20279E-3 5.13292E-3 -9999 -9999 -9999 -9999 -9999 -9999 -9999 -9999 -9999 -9999 -9999 -9999 -9999 2.54307E-4 1.99509E-4 4.12386E-4 1.73025E-4 1.15356E-4 -9999 -9999 -9999 -9999 -9999 -9999 -9999 -9999 -9999 -9999 -9999 -9999 -9999 -9999 -9999 -9999 -9999 1.75851E-5 1.16951E-5 6.60962E-6 2.28382E-6 2.76531E-6 3.55371E-6 2.50579E-6 6.05101E-7 2.17732E-7 3.2747E-7 4.27988E-7 8.91157E-7 1.79423E-6 1.86279E-6 2.33273E-6 1.20781E-5 4.78013E-6 7.84746E-6 7.81482E-6 1.5863E-5 1.08766E-5 1.62559E-5 1.22084E-5 8.63104E-6 5.36696E-7 3.18328E-6 3.15259E-6 5.99217E-6 1.68088E-6 -9999 -9999 -9999 -9999 -9999 -9999 -9999 -9999 -9999
1.04138E-3 2.74887E-3 3.7729E-3 -9999 -9999 -9999 -9999 -9999 -9999 -9999 -9999 -9999 -9999 -9999 -9999 1.80814E-4 3.60119E-4 1.80063E-4 3.7264E-4 3.82907E-4 2.27724E-4 3.3508E-4 -9999 5.85636E-4 1.49889E-3 -9999 -9999 -9999 -9999 -9999 -9999 -9999 -9999 -9999 -9999 -9999 -9999 1.21547E-4 1.58334E-5 2.25139E-5 6.12502E-6 2.40778E-6 1.89065E-6 4.16621E-6 7.20031E-6 9.08177E-7 4.22393E-7 2.90375E-7 1.22326E-7 1.75693E-7 1.98504E-7 3.7519E-7 5.09656E-6 3.80417E-6 4.76517E-6 8.74091E-6 7.69188E-6 2.18395E-6 8.18192E-6 5.04572E-6 1.747E-6 6.80911E-6 1.00924E-5 9.57922E-6 2.11416E-6 2.14822E-6 7.47698E-6 -9999 -9999 -9999 -9999 -9999 -9999 -9999 -9999 -9999
9.62833E-4 9.24121E-3 1.15643E-2 -9999 -9999 -9999 -9999 -9999 -9999 -9999 -9999 -9999 -9999 -9999 -9999 -9999 2.63039E-4 2.01916E-4 4.62133E-4 2.57139E-4 2.46869E-4 2.18664E-4 2.12434E-4 4.58825E-4 2.50197E-3 -9999 -9999 -9999 -9999 -9999 -9999 -9999 -9999 -9999 9.36303E-4 1.38212E-3 9.37667E-4 2.62733E-4 2.90042E-5 1.9874E-5 1.13531E-5 5.85148E-6 6.47362E-6 4.84137E-6 2.80971E-6 1.18552E-6 4.06693E-7 5.38142E-7 4.31316E-7 3.34393E-6 1.29292E-6 2.22152E-7 1.27047E-6 2.2838E-6 1.42488E-6 6.01083E-6 6.34097E-6 2.80485E-6 2.3193E-6 3.8403E-6 1.61461E-6 4.04407E-6 5.22925E-6 2.63009E-6 1.92999E-6 1.52042E-6 8.75447E-7 -9999 -9999 -9999 -9999 -9999 -9999 -9999 -9999 -9999
1.64774E-3 7.1161E-3 -9999 -9999 -9999 -9999 -9999 -9999 -9999 -9999 -9999 -9999 -9999 -9999 -9999 7.10762E-4 1.26616E-3 -9999 -9999 2.44195E-4 4.18803E-4 1.54075E-4 2.53283E-4 1.28818E-3 -9999 -9999 -9999 -9999 -9999 -9999 -9999 -9999 -9999 -9999 -9999 -9999 -9999 -9999 -9999 -9999 4.59791E-6 3.84267E-6 3.19193E-6 7.47304E-6 5.07818E-6 3.07886E-6 1.00198E-6 5.1286E-7 2.76773E-7 6.67164E-6 8.5491E-6 1.71277E-7 6.406E-7 7.22827E-7 4.16656E-7 6.96552E-7 3.89705E-6 2.67373E-6 1.15818E-6 3.45937E-6 2.66573E-6 1.44194E-6 2.80353E-6 1.14249E-6 2.35077E-7 4.66774E-7 1.09356E-6 -9999 -9999 -9999 -9999 -9999 -9999 -9999 -9999 -9999
1.38211E-3 8.97541E-3 -9999 -9999 -9999 -9999 -9999 -9999 -9999 -9999 -9999 -9999 -9999 -9999 -9999 -9999 -9999 -9999 -9999 2.15992E-4 2.11591E-4 1.26227E-4 5.44558E-4 1.8093E-3 -9999 -9999 -9999 -9999 -9999 -9999 -9999 -9999 -9999 -9999 -9999 -9999 -9999 -9999 -9999 -9999 -9999 1.10328E-5 8.12226E-6 1.19078E-5 3.47882E-6 1.12216E-6 8.34451E-7 6.7668E-7 3.35414E-6 4.33786E-6 1.65712E-6 5.39127E-7 8.89359E-7 1.55669E-6 7.42604E-7 1.30307E-6 7.47037E-7 2.12287E-6 9.26079E-7 1.71249E-6 3.82252E-6 2.28456E-6 3.222E-6 8.39168E-7 3.0501E-6 3.68014E-6 6.01646E-6 4.82684E-6 -9999 -9999 -9999 -9999 -9999 -9999 -9999 -9999
2.17126E-3 6.49844E-3 -9999 -9999 -9999 -9999 -9999 -9999 -9999 -9999 -9999 -9999 -9999 -9999 -9999 -9999 -9999 -9999 -9999 1.66047E-4 1.61118E-4 1.41024E-4 5.74695E-4 2.95708E-3 -9999 -9999 -9999 -9999 -9999 -9999 -9999 -9999 7.43628E-4 1.68625E-3 1.80162E-3 -9999 -9999 -9999 1.20848E-5 1.73917E-5 7.60548E-5 9.47194E-5 8.22888E-5 7.27418E-6 6.0759E-6 3.17759E-6 1.3176E-6 3.29576E-7 9.31409E-7 6.97521E-7 1.13688E-7 6.75559E-7 1.41723E-6 3.52977E-6 2.43629E-6 1.27465E-6 1.32314E-6 1.24145E-6 1.64365E-6 3.88849E-7 1.41799E-6 1.09428E-6 1.37236E-6 9.34492E-7 1.41793E-6 1.13411E-5 9.48523E-6 7.49724E-6 -9999 -9999 -9999 -9999 -9999 -9999 -9999 -9999
