ENM/Final_Models/M_1_F_q_Set_1_EC/Gustavia_santanderiensis_8_Choco.asc
ncols         367
nrows         963
xllcorner     -78.6
yllcorner     0.65
cellsize      0.00833333333333323
NODATA_value  -9999
[rows 924 to 956 of 963, columns 75 to 149 of 367]
3.43081E-5 3.00864E-5 3.43825E-5 3.21461E-5 3.68405E-5 8.78915E-5 1.03105E-4 8.74973E-5 1.09815E-4 1.45252E-4 2.14778E-4 2.31051E-4 1.75819E-4 2.0163E-4 2.3827E-4 1.72355E-4 2.29166E-4 2.14731E-4 2.5999E-4 2.82691E-4 2.83938E-4 3.3903E-4 3.26661E-4 2.56608E-4 2.49002E-4 3.92391E-4 1.16819E-4 1.23248E-4 1.86919E-4 1.43314E-4 1.59314E-4 1.48017E-4 1.58623E-4 1.12993E-4 1.38656E-4 1.2355E-4 1.93797E-4 2.14436E-4 2.34213E-4 2.05349E-4 2.80862E-4 4.40112E-4 5.85361E-4 5.51099E-4 5.79191E-4 4.77461E-4 5.38873E-4 5.04805E-4 4.93708E-4 4.1005E-4 3.93108E-4 3.65625E-4 3.77702E-4 3.71675E-4 4.53449E-4 4.7397E-4 6.37698E-4 5.95258E-4 5.33459E-4 4.98731E-4 8.50013E-4 1.53448E-2 3.20374E-3 1.36071E-3 1.06535E-3 3.09696E-3 1.53098E-3 1.10161E-3 -9999 -9999 -9999 -9999 4.26727E-4 4.05174E-4 7.70252E-4
3.42968E-5 2.20037E-5 3.51695E-5 8.14597E-5 1.13747E-4 1.2615E-4 1.73573E-4 1.31644E-4 1.85431E-4 2.69662E-4 3.20781E-4 2.83319E-4 2.97174E-4 2.79114E-4 2.61177E-4 2.06448E-4 2.56703E-4 2.0383E-4 2.39621E-4 2.73911E-4 2.68856E-4 2.94923E-4 2.4392E-4 1.84983E-4 2.96652E-4 3.79565E-4 1.69029E-4 1.22523E-4 1.60187E-4 1.58088E-4 1.67366E-4 1.63939E-4 1.55114E-4 1.42828E-4 1.44981E-4 1.58289E-4 1.70556E-4 1.57153E-4 2.65841E-4 2.74628E-4 2.84603E-4 3.78719E-4 5.03814E-4 4.68846E-4 4.90039E-4 5.15184E-4 4.91297E-4 5.38318E-4 5.53329E-4 6.1421E-4 4.68089E-4 3.83926E-4 4.79031E-4 4.02426E-4 5.12472E-4 5.7311E-4 5.09903E-4 5.2437E-4 5.54762E-4 5.75458E-4 4.85804E-4 1.61516E-2 3.94473E-3 2.04707E-3 1.23459E-3 1.52372E-3 1.22281E-3 1.1239E-3 -9999 -9999 -9999 -9999 -9999 -9999 -9999
4.89706E-5 4.0794E-5 1.04722E-4 2.19447E-4 1.24117E-4 1.36979E-4 1.80886E-4 2.3249E-4 2.8436E-4 3.31501E-4 3.27606E-4 3.92686E-4 3.28802E-4 3.19509E-4 3.3163E-4 3.04927E-4 2.34143E-4 2.51946E-4 2.8603E-4 3.34123E-4 3.32488E-4 3.09316E-4 2.88775E-4 3.43064E-4 3.62997E-4 4.54879E-4 1.57071E-4 1.56628E-4 1.26017E-4 1.75109E-4 1.90249E-4 2.02973E-4 2.10839E-4 2.47812E-4 2.28877E-4 1.98572E-4 1.6502E-4 1.92425E-4 2.41219E-4 2.80375E-4 3.21882E-4 2.8729E-4 4.1269E-4 4.63126E-4 4.17613E-4 5.02165E-4 5.1517E-4 5.40882E-4 5.40403E-4 5.65871E-4 5.78395E-4 5.26451E-4 4.6536E-4 5.89012E-4 4.84726E-4 5.02652E-4 6.09846E-4 7.00447E-4 7.16478E-4 7.22797E-4 2.68175E-3 1.38224E-2 1.47559E-3 1.07478E-3 1.0224E-3 1.05519E-3 1.10156E-3 1.05709E-3 -9999 -9999 -9999 -9999 -9999 -9999 -9999
3.98879E-5 6.0939E-5 8.78802E-5 1.44181E-4 9.51711E-5 1.05232E-4 2.12242E-4 3.71175E-4 3.8883E-4 3.33882E-4 4.08956E-4 3.58733E-4 3.50423E-4 4.64517E-4 3.30167E-4 3.20832E-4 2.6271E-4 2.71418E-4 3.48078E-4 4.39955E-4 4.19123E-4 3.47113E-4 4.347E-4 4.82281E-4 5.52028E-4 4.75381E-4 2.74725E-4 1.70331E-4 1.99963E-4 1.81506E-4 2.1451E-4 2.1063E-4 2.11629E-4 2.00978E-4 2.45295E-4 2.79155E-4 2.47969E-4 2.49233E-4 3.34561E-4 3.00128E-4 2.74806E-4 2.88415E-4 2.9591E-4 4.22798E-4 5.36154E-4 4.7704E-4 5.45357E-4 5.20286E-4 5.9247E-4 4.49401E-4 5.99575E-4 6.05219E-4 6.68897E-4 7.61087E-4 6.55586E-4 7.13388E-4 7.32109E-4 6.65286E-4 8.99425E-4 8.96637E-4 1.09032E-2 3.57018E-3 1.61615E-3 1.29391E-3 1.05037E-3 1.12046E-3 1.11967E-3 1.10303E-3 8.17156E-4 -9999 -9999 -9999 -9999 -9999 -9999
1.02795E-4 1.0656E-4 1.33891E-4 1.51276E-4 8.53006E-5 1.08572E-4 1.64951E-4 3.52228E-4 3.59016E-4 3.01602E-4 3.33697E-4 3.558E-4 4.20092E-4 3.91767E-4 2.90842E-4 2.5696E-4 2.95206E-4 3.66144E-4 4.25422E-4 4.39752E-4 4.691E-4 3.79915E-4 3.49157E-4 3.40862E-4 3.73015E-4 2.85906E-4 1.55056E-4 1.49489E-4 1.40784E-4 1.84885E-4 2.3022E-4 2.20398E-4 2.02458E-4 1.82426E-4 1.96736E-4 2.65149E-4 4.03106E-4 2.31995E-4 3.22911E-4 2.72852E-4 2.81262E-4 2.95644E-4 2.8458E-4 3.30537E-4 5.21201E-4 4.34197E-4 4.97266E-4 5.25917E-4 4.96592E-4 5.61015E-4 4.94005E-4 6.30659E-4 6.56764E-4 7.6543E-4 8.17295E-4 7.64487E-4 1.03137E-3 9.96171E-4 7.87133E-4 2.35189E-3 1.06177E-2 2.47726E-3 1.52788E-3 1.33879E-3 1.60059E-3 1.41564E-3 1.12637E-3 9.56583E-4 6.37478E-4 4.71257E-4 -9999 -9999 -9999 -9999 -9999
3.36775E-5 8.35953E-5 1.3663E-4 1.84555E-4 1.67093E-4 2.33174E-4 2.39772E-4 3.06791E-4 3.3906E-4 3.05874E-4 3.32001E-4 3.29494E-4 3.07275E-4 3.60773E-4 3.74124E-4 2.77022E-4 2.47637E-4 2.04948E-4 2.74034E-4 4.70575E-4 4.20958E-4 4.03907E-4 2.42706E-4 2.40813E-4 2.53445E-4 2.69131E-4 1.2263E-4 1.17708E-4 1.36517E-4 1.72276E-4 1.72957E-4 1.41297E-4 1.98524E-4 2.3275E-4 2.75952E-4 3.3373E-4 2.60283E-4 2.6728E-4 3.29343E-4 2.92356E-4 2.71357E-4 2.66488E-4 3.1572E-4 3.34809E-4 4.31E-4 4.28844E-4 4.53572E-4 4.3827E-4 5.4846E-4 5.68479E-4 6.91478E-4 7.06436E-4 7.15563E-4 7.14547E-4 8.99506E-4 1.0781E-3 1.45126E-3 3.46234E-3 4.19922E-3 1.28302E-2 2.90739E-3 1.52557E-3 1.39351E-3 1.16717E-3 1.1918E-3 1.17259E-3 1.08829E-3 8.18702E-4 6.66725E-4 6.43127E-4 -9999 -9999 -9999 -9999 -9999
3.38524E-5 3.96294E-5 7.27068E-5 2.10407E-4 1.79837E-4 2.30469E-4 2.81833E-4 2.68168E-4 2.49637E-4 2.54147E-4 2.88928E-4 3.05238E-4 3.07802E-4 2.8624E-4 2.68024E-4 2.34495E-4 2.20695E-4 2.06706E-4 2.13567E-4 4.22039E-4 3.02413E-4 2.88217E-4 2.90391E-4 2.38456E-4 1.87186E-4 1.26001E-4 1.11531E-4 1.23477E-4 1.26695E-4 1.4785E-4 2.15582E-4 2.01402E-4 1.66995E-4 2.53703E-4 3.08782E-4 3.7592E-4 3.16883E-4 2.48694E-4 2.95994E-4 2.95773E-4 2.80769E-4 2.85763E-4 3.14964E-4 3.07123E-4 4.02772E-4 6.17969E-4 6.15949E-4 5.33513E-4 5.24775E-4 9.94627E-4 8.41718E-4 7.66589E-4 7.37096E-4 7.75048E-4 1.26452E-3 3.70841E-3 2.95914E-3 1.78631E-3 2.97262E-3 3.27134E-3 2.25042E-3 1.22868E-3 1.22139E-3 1.09388E-3 9.84862E-4 1.08496E-3 8.53819E-4 8.98552E-4 8.65468E-4 8.92973E-4 -9999 -9999 -9999 -9999 -9999
3.72958E-5 5.28107E-5 7.7979E-5 1.80906E-4 2.03436E-4 3.33865E-4 2.99483E-4 2.72243E-4 3.27946E-4 2.79079E-4 2.32194E-4 2.38481E-4 2.68381E-4 2.1797E-4 2.74039E-4 4.50726E-4 3.12854E-4 2.49723E-4 2.12046E-4 2.24306E-4 2.71403E-4 2.05959E-4 3.00875E-4 1.74796E-4 1.27584E-4 1.32215E-4 1.4452E-4 1.66948E-4 1.4705E-4 1.98726E-4 2.16093E-4 2.79248E-4 2.01125E-4 2.27157E-4 3.34909E-4 3.39385E-4 2.95573E-4 2.39897E-4 3.07908E-4 3.31576E-4 3.30266E-4 3.22477E-4 3.18537E-4 3.38969E-4 4.69307E-4 8.60318E-4 7.09091E-4 7.2588E-4 9.40709E-4 1.01878E-3 9.9626E-4 1.04374E-3 1.0264E-3 9.32448E-4 2.8966E-3 1.54495E-3 1.58515E-3 1.21449E-3 1.51233E-3 1.74432E-3 1.87018E-3 1.42725E-3 1.26542E-3 1.11335E-3 9.11487E-4 8.31256E-4 7.3981E-4 8.04574E-4 8.76466E-4 6.95036E-4 -9999 -9999 -9999 -9999 -9999
3.70423E-5 4.36056E-5 6.16398E-5 1.29583E-4 1.51007E-4 2.97886E-4 2.92131E-4 2.91243E-4 3.34671E-4 3.14894E-4 2.66463E-4 2.29224E-4 2.40371E-4 2.40289E-4 3.07687E-4 4.22714E-4 3.17091E-4 2.53897E-4 1.83064E-4 1.6858E-4 2.09747E-4 1.91876E-4 2.05884E-4 1.31407E-4 1.23055E-4 1.28699E-4 1.40369E-4 1.4992E-4 1.83627E-4 2.43734E-4 2.38004E-4 2.58172E-4 2.7195E-4 2.67701E-4 3.17451E-4 3.65494E-4 4.12914E-4 3.04078E-4 2.85977E-4 3.37044E-4 3.16398E-4 3.22323E-4 3.88703E-4 3.97323E-4 4.37061E-4 8.44005E-4 8.90195E-4 7.78214E-4 1.0069E-3 1.33684E-3 1.58062E-3 1.57299E-3 1.44057E-3 1.60689E-3 1.34685E-3 1.59798E-3 1.40851E-3 1.05325E-3 9.9761E-4 1.04309E-3 1.36514E-3 1.36827E-3 1.34338E-3 1.02068E-3 1.03777E-3 7.7317E-4 6.44001E-4 5.17606E-4 6.61204E-4 8.62625E-4 6.0897E-4 -9999 -9999 -9999 1.55518E-4
4.25222E-5 5.3014E-5 9.52884E-5 1.21502E-4 1.82304E-4 1.95084E-4 2.81833E-4 3.04657E-4 3.20379E-4 2.87666E-4 2.80686E-4 2.97959E-4 3.01599E-4 2.73952E-4 2.33708E-4 2.69073E-4 3.12889E-4 3.0578E-4 1.88036E-4 1.57076E-4 1.82852E-4 1.45912E-4 2.00928E-4 1.28225E-4 1.19478E-4 1.6051E-4 1.98993E-4 2.01471E-4 1.94702E-4 2.02273E-4 2.40318E-4 2.29427E-4 2.40768E-4 2.7621E-4 2.76524E-4 3.32407E-4 4.42526E-4 2.72154E-4 2.58755E-4 2.85868E-4 2.94892E-4 2.97254E-4 3.51657E-4 5.30788E-4 4.35648E-4 6.29956E-4 9.15919E-4 8.23016E-4 1.14945E-3 1.1913E-3 1.42078E-3 2.20293E-3 2.3678E-3 1.56466E-3 1.48338E-3 1.62161E-3 1.59145E-3 1.22362E-3 -9999 -9999 1.09295E-3 1.29908E-3 1.10749E-3 1.03133E-3 9.89481E-4 8.92591E-4 6.68968E-4 -9999 -9999 5.66713E-4 -9999 -9999 -9999 1.69188E-4 1.59115E-4
6.02685E-5 1.27748E-4 1.35442E-4 2.08889E-4 2.28506E-4 3.10425E-4 2.74473E-4 2.86572E-4 2.71038E-4 2.49924E-4 2.75303E-4 3.74864E-4 4.00388E-4 2.87896E-4 2.88101E-4 2.31033E-4 3.09936E-4 1.88777E-4 1.83068E-4 1.84994E-4 1.29173E-4 1.13457E-4 1.12703E-4 1.13569E-4 1.12009E-4 1.30422E-4 1.37564E-4 1.63136E-4 1.74346E-4 2.24481E-4 2.18384E-4 2.11865E-4 1.90715E-4 2.29905E-4 2.22688E-4 3.03732E-4 2.89209E-4 2.30893E-4 2.35343E-4 2.98798E-4 2.97722E-4 3.36378E-4 4.48465E-4 4.91794E-4 6.90656E-4 7.78877E-4 9.00361E-4 9.813E-4 1.01122E-3 1.25019E-3 1.65601E-3 2.86088E-3 1.83997E-3 1.59342E-3 1.52739E-3 1.50474E-3 1.35597E-3 1.22658E-3 -9999 -9999 -9999 -9999 1.09245E-3 9.22767E-4 9.38624E-4 -9999 -9999 -9999 -9999 -9999 -9999 -9999 2.48556E-4 2.76225E-4 1.78806E-4
6.72023E-5 1.24529E-4 2.02265E-4 2.3849E-4 2.43763E-4 2.53647E-4 2.91726E-4 3.38768E-4 3.33516E-4 3.16672E-4 3.03243E-4 2.67565E-4 3.92267E-4 3.79262E-4 3.87653E-4 3.57234E-4 3.98243E-4 3.31332E-4 1.98384E-4 1.73781E-4 1.51262E-4 1.29539E-4 1.19219E-4 1.18725E-4 1.28735E-4 1.10063E-4 9.54798E-5 1.02568E-4 1.62854E-4 2.02099E-4 1.83967E-4 1.85637E-4 1.76858E-4 2.16E-4 2.33586E-4 2.51741E-4 2.67261E-4 2.49341E-4 2.6977E-4 3.15717E-4 2.56062E-4 3.20173E-4 4.1373E-4 4.67099E-4 5.17303E-4 8.89994E-4 9.22461E-4 1.00646E-3 1.07197E-3 1.31792E-3 2.20309E-3 2.1422E-3 2.02794E-3 1.97814E-3 2.48616E-3 1.7733E-3 1.44713E-3 1.11772E-3 1.27761E-3 -9999 -9999 -9999 -9999 -9999 -9999 -9999 -9999 -9999 -9999 -9999 -9999 -9999 2.43929E-4 2.16329E-4 2.70293E-4
5.93889E-5 1.53817E-4 2.6631E-4 3.09544E-4 2.86795E-4 2.65317E-4 3.26011E-4 2.91323E-4 2.50084E-4 2.47471E-4 2.69023E-4 3.14745E-4 3.40674E-4 3.38446E-4 3.52021E-4 4.0168E-4 3.9524E-4 3.93093E-4 2.13327E-4 1.89551E-4 1.77757E-4 1.4648E-4 1.30359E-4 1.53872E-4 1.29745E-4 1.41996E-4 1.06609E-4 1.10283E-4 1.48209E-4 1.81101E-4 1.82492E-4 1.72331E-4 1.84981E-4 1.97542E-4 2.11542E-4 1.99918E-4 2.49434E-4 2.36021E-4 2.62663E-4 2.59967E-4 2.53181E-4 3.34278E-4 3.19706E-4 4.39017E-4 5.77435E-4 8.64517E-4 1.10314E-3 1.0634E-3 1.30098E-3 1.75682E-3 1.67071E-3 1.70207E-3 1.57098E-3 2.10709E-3 2.20767E-3 1.90794E-3 1.56199E-3 1.19431E-3 1.59716E-3 -9999 -9999 -9999 -9999 -9999 -9999 -9999 -9999 -9999 -9999 5.05416E-4 3.1011E-4 3.66585E-4 2.35893E-4 1.67787E-4 1.31695E-4
3.26358E-5 9.05511E-5 1.82236E-4 2.53552E-4 2.48782E-4 2.50934E-4 2.96738E-4 2.911E-4 2.8712E-4 2.65065E-4 2.54841E-4 3.13354E-4 3.38703E-4 3.81472E-4 3.33567E-4 3.23823E-4 3.04875E-4 3.27531E-4 2.15256E-4 2.60732E-4 1.59735E-4 1.54176E-4 1.50511E-4 1.51721E-4 1.89517E-4 1.35965E-4 1.06018E-4 1.27175E-4 1.44287E-4 1.41471E-4 1.75374E-4 1.89173E-4 2.32491E-4 2.30322E-4 2.57611E-4 1.93824E-4 1.95932E-4 2.48006E-4 2.87101E-4 2.85287E-4 2.57883E-4 3.24575E-4 3.69526E-4 4.74332E-4 6.69147E-4 8.98141E-4 1.12024E-3 9.35754E-4 1.00398E-3 1.66281E-3 2.06178E-3 2.14658E-3 1.34448E-3 1.56249E-3 1.57164E-3 1.82324E-3 1.74872E-3 1.71279E-3 1.59966E-3 -9999 -9999 -9999 -9999 -9999 -9999 -9999 -9999 -9999 5.70096E-4 4.90625E-4 6.60731E-4 5.39768E-4 5.111E-4 3.4664E-4 2.44095E-4
-9999 -9999 -9999 -9999 -9999 2.09282E-4 2.52678E-4 2.67831E-4 3.11923E-4 3.04753E-4 3.38547E-4 3.87231E-4 3.04971E-4 3.43766E-4 3.51775E-4 3.94703E-4 3.03974E-4 3.2543E-4 2.34565E-4 2.35286E-4 1.44672E-4 1.42384E-4 1.52261E-4 1.56004E-4 1.23989E-4 1.21653E-4 1.59575E-4 1.76484E-4 1.83377E-4 1.58032E-4 1.50831E-4 2.30128E-4 1.89609E-4 2.47492E-4 3.00187E-4 2.78681E-4 2.69779E-4 3.59754E-4 2.90334E-4 3.2128E-4 3.77356E-4 4.83972E-4 5.38272E-4 7.48585E-4 6.37911E-4 7.53377E-4 5.85269E-4 8.41302E-4 1.30765E-3 1.31988E-3 1.91692E-3 1.41078E-3 1.12191E-3 1.12191E-3 1.2336E-3 1.72672E-3 2.06804E-3 1.6692E-3 1.49319E-3 1.24477E-3 9.67586E-4 9.47186E-4 -9999 -9999 -9999 -9999 -9999 -9999 -9999 -9999 2.22226E-4 4.243E-4 5.70252E-4 6.10185E-4 3.80853E-4
-9999 -9999 -9999 -9999 -9999 -9999 -9999 -9999 2.45584E-4 2.57933E-4 2.5385E-4 2.68059E-4 2.98E-4 3.57013E-4 3.64146E-4 3.77029E-4 4.37858E-4 2.64854E-4 1.87323E-4 1.61868E-4 1.5662E-4 1.23804E-4 1.31866E-4 1.41121E-4 1.47408E-4 1.08388E-4 1.30083E-4 1.32417E-4 1.61778E-4 1.27302E-4 -9999 -9999 2.42025E-4 2.61351E-4 2.81517E-4 2.84291E-4 3.53103E-4 3.11941E-4 3.12485E-4 4.91261E-4 4.1737E-4 5.65809E-4 6.13578E-4 6.70065E-4 8.60568E-4 8.78328E-4 7.92616E-4 8.76863E-4 1.11581E-3 1.2774E-3 1.67733E-3 1.23594E-3 1.04486E-3 1.03132E-3 8.79467E-4 9.38538E-4 1.56857E-3 1.66232E-3 1.34413E-3 1.26771E-3 1.2709E-3 1.03023E-3 9.71194E-4 -9999 -9999 -9999 -9999 -9999 -9999 -9999 2.13899E-4 1.99019E-4 2.20486E-4 4.98304E-4 1.19478E-3
-9999 -9999 -9999 -9999 -9999 -9999 -9999 -9999 -9999 -9999 2.78062E-4 2.28675E-4 2.24614E-4 2.67083E-4 2.98152E-4 3.03324E-4 1.96838E-4 1.82916E-4 1.82844E-4 1.8544E-4 1.44292E-4 1.38789E-4 1.15471E-4 1.28859E-4 -9999 -9999 -9999 1.53198E-4 1.7021E-4 -9999 -9999 -9999 -9999 -9999 3.4256E-4 3.01537E-4 3.73804E-4 3.41466E-4 4.4388E-4 4.90982E-4 5.98169E-4 5.48999E-4 5.98179E-4 6.59733E-4 8.34488E-4 6.90081E-4 6.12967E-4 7.95987E-4 1.0872E-3 1.16003E-3 1.31855E-3 1.04726E-3 1.09265E-3 9.16362E-4 1.05274E-3 8.70501E-4 1.18855E-3 1.17327E-3 1.05905E-3 9.99654E-4 9.75677E-4 1.0627E-3 1.02931E-3 -9999 -9999 -9999 -9999 -9999 -9999 -9999 3.03388E-4 2.03587E-4 3.70589E-4 6.04104E-4 9.0486E-4
-9999 -9999 -9999 -9999 -9999 -9999 -9999 -9999 -9999 -9999 -9999 -9999 2.63018E-4 2.14775E-4 2.46545E-4 2.58545E-4 1.82177E-4 1.64021E-4 1.84908E-4 1.90927E-4 -9999 -9999 -9999 -9999 -9999 -9999 -9999 -9999 -9999 -9999 -9999 -9999 -9999 -9999 -9999 4.09426E-4 4.34379E-4 3.55357E-4 4.60964E-4 5.06436E-4 4.65445E-4 4.99381E-4 7.11278E-4 6.42308E-4 6.12205E-4 8.41638E-4 9.13011E-4 1.09063E-3 1.61994E-3 1.46162E-3 1.1253E-3 1.31949E-3 1.30265E-3 1.33069E-3 9.31157E-4 9.92046E-4 8.80331E-4 5.47454E-4 6.46896E-4 6.88597E-4 8.73142E-4 9.6408E-4 9.47802E-4 -9999 -9999 -9999 -9999 -9999 -9999 2.70585E-4 2.41224E-4 3.6549E-4 4.15233E-4 6.75059E-4 6.30421E-4
-9999 -9999 -9999 -9999 -9999 -9999 -9999 -9999 -9999 -9999 -9999 -9999 2.40071E-4 2.64273E-4 2.38409E-4 1.93113E-4 1.8425E-4 1.74036E-4 1.73015E-4 1.64024E-4 -9999 -9999 -9999 -9999 -9999 -9999 -9999 -9999 -9999 -9999 -9999 -9999 -9999 -9999 -9999 -9999 -9999 5.41312E-4 5.7073E-4 6.39862E-4 5.39413E-4 6.8823E-4 7.92433E-4 6.22826E-4 8.46826E-4 8.28055E-4 9.67125E-4 1.14792E-3 1.53663E-3 1.21506E-3 1.22352E-3 1.57479E-3 1.45079E-3 1.47863E-3 1.44234E-3 1.03933E-3 9.69722E-4 7.50951E-4 6.44618E-4 8.01109E-4 7.51403E-4 7.56909E-4 8.28955E-4 -9999 -9999 -9999 -9999 -9999 -9999 -9999 1.29258E-4 1.52705E-4 2.94847E-4 7.81643E-4 2.97459E-3
-9999 -9999 -9999 -9999 -9999 -9999 -9999 -9999 -9999 -9999 -9999 -9999 -9999 2.16631E-4 2.79835E-4 2.15041E-4 1.96536E-4 1.86552E-4 1.67633E-4 -9999 -9999 -9999 -9999 -9999 -9999 -9999 -9999 -9999 -9999 -9999 -9999 -9999 -9999 -9999 -9999 -9999 -9999 -9999 7.60616E-4 1.07125E-3 7.27075E-4 9.26969E-4 8.51865E-4 8.57264E-4 7.14292E-4 9.4066E-4 1.09934E-3 1.11756E-3 1.3594E-3 1.05494E-3 1.02061E-3 1.50686E-3 1.37147E-3 1.3626E-3 1.09607E-3 8.76641E-4 6.67819E-4 7.35896E-4 7.70443E-4 8.22564E-4 7.79494E-4 6.14741E-4 6.59981E-4 -9999 -9999 -9999 -9999 -9999 -9999 -9999 1.55159E-4 1.62184E-4 1.93275E-4 2.91988E-4 1.68353E-3
-9999 -9999 -9999 -9999 -9999 -9999 -9999 -9999 -9999 -9999 -9999 -9999 -9999 2.33744E-4 2.13026E-4 2.19572E-4 2.11621E-4 -9999 -9999 -9999 -9999 -9999 -9999 -9999 -9999 -9999 -9999 -9999 -9999 -9999 -9999 -9999 -9999 -9999 -9999 -9999 -9999 -9999 5.38489E-4 7.3616E-4 8.18649E-4 8.80715E-4 7.70113E-4 1.02365E-3 1.02806E-3 1.0351E-3 1.07789E-3 1.1888E-3 1.04967E-3 7.47137E-4 8.16728E-4 1.25042E-3 1.19679E-3 1.37849E-3 1.10279E-3 8.11147E-4 8.34205E-4 7.34809E-4 5.93121E-4 5.62945E-4 6.08267E-4 5.85025E-4 6.07703E-4 6.69201E-4 -9999 -9999 -9999 -9999 -9999 1.31804E-4 1.46312E-4 2.09532E-4 2.64447E-4 4.70255E-4 1.5698E-3
-9999 -9999 -9999 -9999 -9999 -9999 -9999 -9999 -9999 -9999 -9999 -9999 -9999 -9999 -9999 -9999 -9999 -9999 -9999 -9999 -9999 -9999 -9999 -9999 -9999 -9999 -9999 -9999 -9999 -9999 -9999 -9999 -9999 -9999 -9999 -9999 -9999 -9999 -9999 6.03498E-4 6.45418E-4 7.06257E-4 7.57635E-4 1.04384E-3 8.75037E-4 1.00427E-3 9.20524E-4 1.12022E-3 8.83581E-4 6.39721E-4 8.03132E-4 8.39336E-4 9.99383E-4 9.58948E-4 9.1737E-4 9.00623E-4 8.16422E-4 -9999 -9999 -9999 -9999 -9999 4.99531E-4 4.76161E-4 -9999 -9999 -9999 -9999 3.41053E-4 2.25423E-4 1.5025E-4 3.02657E-4 5.18389E-4 1.0785E-3 3.44237E-3
-9999 -9999 -9999 -9999 -9999 -9999 -9999 -9999 -9999 -9999 -9999 -9999 -9999 -9999 -9999 -9999 -9999 -9999 -9999 -9999 -9999 -9999 -9999 -9999 -9999 -9999 -9999 -9999 -9999 -9999 -9999 -9999 -9999 -9999 -9999 -9999 -9999 -9999 -9999 7.65954E-4 7.28722E-4 7.9822E-4 6.26074E-4 8.02291E-4 7.65849E-4 8.2085E-4 8.42679E-4 1.0536E-3 8.58113E-4 6.99353E-4 7.09974E-4 8.72677E-4 9.10932E-4 9.25408E-4 1.01698E-3 7.38591E-4 9.67753E-4 -9999 -9999 -9999 -9999 -9999 -9999 -9999 -9999 -9999 1.6705E-4 2.83037E-4 4.52402E-4 3.47263E-4 4.21491E-4 6.18434E-4 1.52874E-3 3.82686E-3 -9999
-9999 -9999 -9999 -9999 -9999 -9999 -9999 -9999 -9999 -9999 -9999 -9999 -9999 -9999 -9999 -9999 -9999 -9999 -9999 -9999 -9999 -9999 -9999 -9999 -9999 -9999 -9999 -9999 -9999 -9999 -9999 -9999 -9999 -9999 -9999 -9999 -9999 -9999 5.54791E-4 7.76227E-4 6.42091E-4 6.44592E-4 4.81993E-4 5.0379E-4 5.69532E-4 6.05557E-4 6.69202E-4 6.41885E-4 8.90869E-4 7.91755E-4 7.36921E-4 8.29542E-4 8.66959E-4 7.9987E-4 8.53461E-4 9.24476E-4 1.00737E-3 7.74593E-4 3.89523E-4 -9999 -9999 -9999 5.39622E-4 -9999 4.76567E-4 1.6E-4 2.26494E-4 1.92833E-4 5.33182E-4 6.82405E-4 5.37084E-4 1.16821E-3 2.95035E-3 -9999 -9999
-9999 -9999 -9999 -9999 -9999 -9999 -9999 -9999 -9999 -9999 -9999 -9999 -9999 -9999 -9999 -9999 -9999 -9999 -9999 -9999 -9999 -9999 -9999 -9999 -9999 -9999 -9999 -9999 -9999 -9999 -9999 -9999 -9999 -9999 -9999 -9999 -9999 5.21614E-4 5.18611E-4 5.7918E-4 5.99748E-4 6.56929E-4 5.26575E-4 5.4434E-4 6.03384E-4 6.23055E-4 6.04453E-4 6.5596E-4 6.18995E-4 7.4087E-4 8.02846E-4 7.19537E-4 8.40457E-4 7.73436E-4 1.00906E-3 9.55227E-4 9.59739E-4 8.25139E-4 5.30403E-4 4.62473E-4 4.8598E-4 4.59731E-4 5.98292E-4 5.60255E-4 4.76013E-4 2.42016E-4 -9999 -9999 -9999 -9999 -9999 -9999 -9999 -9999 -9999
-9999 -9999 -9999 -9999 -9999 -9999 -9999 -9999 -9999 -9999 -9999 -9999 -9999 -9999 -9999 -9999 -9999 -9999 -9999 -9999 -9999 -9999 -9999 -9999 -9999 -9999 -9999 -9999 -9999 -9999 -9999 -9999 -9999 -9999 -9999 -9999 5.75776E-4 5.35662E-4 5.1808E-4 5.35571E-4 5.62415E-4 5.53549E-4 5.15774E-4 5.612E-4 5.56685E-4 6.64646E-4 6.78947E-4 7.49314E-4 7.15129E-4 7.38448E-4 8.03031E-4 8.3843E-4 9.29666E-4 9.21753E-4 8.97115E-4 7.0906E-4 6.296E-4 5.17894E-4 4.74822E-4 6.29829E-4 5.29079E-4 4.36481E-4 5.68252E-4 4.56399E-4 -9999 -9999 -9999 -9999 -9999 -9999 -9999 -9999 -9999 -9999 -9999
-9999 -9999 -9999 -9999 -9999 -9999 -9999 -9999 -9999 -9999 -9999 -9999 -9999 -9999 -9999 -9999 -9999 -9999 -9999 -9999 -9999 -9999 -9999 -9999 -9999 -9999 -9999 -9999 -9999 -9999 -9999 -9999 -9999 -9999 -9999 5.22345E-4 5.52334E-4 4.60196E-4 5.38698E-4 5.28431E-4 5.29675E-4 6.02346E-4 5.78535E-4 6.35579E-4 6.58645E-4 6.7474E-4 7.1978E-4 7.50917E-4 7.74243E-4 7.60692E-4 7.62039E-4 7.36632E-4 8.42171E-4 8.61187E-4 8.67103E-4 8.39536E-4 6.58019E-4 6.02267E-4 7.05118E-4 7.57003E-4 6.4912E-4 5.65078E-4 -9999 -9999 -9999 -9999 -9999 -9999 -9999 -9999 -9999 -9999 -9999 -9999 -9999
-9999 -9999 -9999 -9999 -9999 -9999 -9999 -9999 -9999 -9999 -9999 -9999 -9999 -9999 -9999 -9999 -9999 -9999 -9999 -9999 -9999 -9999 -9999 -9999 -9999 -9999 -9999 -9999 -9999 -9999 -9999 -9999 -9999 -9999 3.33438E-4 3.80671E-4 5.23376E-4 6.28718E-4 6.62261E-4 6.00276E-4 6.58984E-4 6.43501E-4 6.62984E-4 6.44675E-4 7.33343E-4 7.46061E-4 7.74825E-4 7.94775E-4 7.20822E-4 7.42455E-4 7.80854E-4 6.27268E-4 7.82354E-4 9.8807E-4 9.77334E-4 1.04629E-3 7.76233E-4 6.70492E-4 6.43957E-4 7.58348E-4 -9999 -9999 -9999 -9999 -9999 -9999 -9999 -9999 -9999 -9999 -9999 -9999 -9999 -9999 -9999
-9999 -9999 -9999 -9999 -9999 -9999 -9999 -9999 -9999 -9999 -9999 -9999 -9999 -9999 -9999 -9999 -9999 -9999 -9999 -9999 -9999 -9999 -9999 -9999 -9999 -9999 -9999 -9999 -9999 -9999 -9999 -9999 -9999 -9999 -9999 5.54433E-4 6.54298E-4 5.81544E-4 6.50503E-4 7.19766E-4 7.38526E-4 7.55155E-4 7.27733E-4 7.43043E-4 7.59121E-4 7.72054E-4 7.66956E-4 7.34729E-4 7.25653E-4 6.8183E-4 6.72179E-4 6.60442E-4 8.89797E-4 8.79741E-4 8.95039E-4 7.46444E-4 6.72161E-4 9.20438E-4 -9999 -9999 -9999 -9999 -9999 -9999 -9999 -9999 -9999 -9999 -9999 -9999 -9999 -9999 -9999 -9999 -9999
-9999 -9999 -9999 -9999 -9999 -9999 -9999 -9999 -9999 -9999 -9999 -9999 -9999 -9999 -9999 -9999 -9999 -9999 -9999 -9999 -9999 -9999 -9999 -9999 -9999 -9999 -9999 -9999 -9999 -9999 -9999 -9999 -9999 -9999 -9999 -9999 -9999 7.43387E-4 6.46571E-4 7.25353E-4 7.11385E-4 7.55579E-4 8.37359E-4 7.96377E-4 8.00212E-4 8.3417E-4 7.39368E-4 8.30121E-4 6.04106E-4 7.99565E-4 6.9537E-4 9.10219E-4 7.95452E-4 8.84195E-4 9.44547E-4 8.90543E-4 9.71477E-4 -9999 -9999 -9999 -9999 -9999 -9999 -9999 -9999 -9999 -9999 -9999 -9999 -9999 -9999 -9999 -9999 -9999 -9999
-9999 -9999 -9999 -9999 -9999 -9999 -9999 -9999 -9999 -9999 -9999 -9999 -9999 -9999 -9999 -9999 -9999 -9999 -9999 -9999 -9999 -9999 -9999 -9999 -9999 -9999 -9999 -9999 -9999 -9999 -9999 -9999 -9999 -9999 -9999 -9999 -9999 -9999 7.54126E-4 7.36752E-4 7.86812E-4 6.99502E-4 8.69696E-4 8.29906E-4 8.02468E-4 7.66117E-4 9.46565E-4 7.62159E-4 6.90081E-4 6.92234E-4 6.50231E-4 9.27619E-4 9.91885E-4 1.07184E-3 1.23265E-3 -9999 -9999 -9999 -9999 -9999 -9999 -9999 -9999 -9999 -9999 -9999 -9999 -9999 -9999 -9999 -9999 -9999 -9999 -9999 -9999
-9999 -9999 -9999 -9999 -9999 -9999 -9999 -9999 -9999 -9999 -9999 -9999 -9999 -9999 -9999 -9999 -9999 -9999 -9999 -9999 -9999 -9999 -9999 -9999 -9999 -9999 -9999 -9999 -9999 -9999 -9999 -9999 -9999 -9999 -9999 -9999 -9999 -9999 7.49205E-4 7.6632E-4 7.88298E-4 8.89862E-4 8.32E-4 7.6586E-4 7.90619E-4 7.21519E-4 8.60041E-4 1.01754E-3 8.59882E-4 7.53192E-4 8.13026E-4 1.15979E-3 1.30999E-3 1.34935E-3 1.62124E-3 -9999 -9999 -9999 -9999 -9999 -9999 -9999 -9999 -9999 -9999 -9999 -9999 -9999 -9999 -9999 -9999 -9999 -9999 -9999 -9999
-9999 -9999 -9999 -9999 -9999 -9999 -9999 -9999 -9999 -9999 -9999 -9999 -9999 -9999 -9999 -9999 -9999 -9999 -9999 -9999 -9999 -9999 -9999 -9999 -9999 -9999 -9999 -9999 -9999 -9999 -9999 -9999 -9999 -9999 -9999 -9999 -9999 -9999 -9999 7.32047E-4 8.67847E-4 9.49517E-4 8.83384E-4 7.6517E-4 7.30003E-4 7.83823E-4 8.67846E-4 1.07767E-3 1.10595E-3 9.67853E-4 1.07092E-3 1.59382E-3 1.87546E-3 1.87971E-3 -9999 -9999 -9999 -9999 -9999 -9999 -9999 -9999 -9999 -9999 -9999 -9999 -9999 -9999 -9999 -9999 -9999 -9999 -9999 -9999 -9999
