ENM/Final_Models/M_1_F_q_Set_1_EC/Gustavia_santanderiensis_Choco_min.asc
ncols         367
nrows         963
xllcorner     -78.6
yllcorner     0.65
cellsize      0.00833333333333323
NODATA_value  -9999
[rows 810 to 839 of 963, columns 134 to 200 of 367]
8.91478E-3 6.75785E-3 1.34166E-3 5.00122E-4 2.36471E-4 4.52536E-5 1.05732E-6 4.36037E-7 2.62504E-7 1.36189E-6 4.30049E-5 6.92764E-4 4.46172E-4 1.08121E-4 1.52692E-5 1.82375E-6 6.976E-7 4.46551E-7 1.53501E-7 3.01344E-6 3.89505E-5 1.33271E-4 4.4992E-4 1.17656E-3 -9999 -9999 5.12953E-4 -9999 -9999 -9999 -9999 -9999 -9999 -9999 -9999 -9999 -9999 -9999 -9999 -9999 -9999 -9999 -9999 -9999 -9999 -9999 -9999 -9999 -9999 -9999 -9999 -9999 -9999 -9999 -9999 -9999 -9999 -9999 1.81859E-5 2.17595E-5 1.43827E-4 2.3317E-4 2.24786E-4 -9999 -9999 6.53128E-4 3.96855E-4
2.22612E-2 5.47859E-3 2.38646E-3 3.91314E-4 9.05952E-5 6.0573E-6 5.2997E-7 1.60702E-7 2.45127E-7 1.24165E-6 1.01964E-4 1.02885E-3 4.33573E-4 7.52626E-5 1.00576E-5 2.98585E-6 4.03281E-7 6.57377E-7 1.12543E-6 2.02634E-5 1.79914E-4 1.8147E-4 6.83061E-4 1.21689E-3 -9999 -9999 7.92071E-4 -9999 -9999 -9999 -9999 -9999 -9999 -9999 -9999 -9999 -9999 -9999 -9999 -9999 -9999 -9999 -9999 -9999 -9999 -9999 -9999 -9999 -9999 -9999 -9999 -9999 -9999 -9999 -9999 -9999 -9999 -9999 1.47323E-5 1.41733E-5 1.64858E-4 5.59208E-5 1.78752E-5 2.11399E-5 4.26185E-5 6.26298E-5 3.22226E-4
3.9881E-2 7.62499E-3 1.8531E-3 1.19437E-3 3.27123E-4 1.0458E-4 8.96139E-7 1.25665E-7 1.00199E-6 2.1445E-6 1.38373E-4 1.25687E-3 2.94385E-4 7.84463E-5 1.02932E-5 2.89776E-6 1.55638E-6 7.00235E-7 7.94029E-7 1.54435E-5 2.81493E-4 2.77027E-4 9.31746E-4 -9999 -9999 -9999 -9999 -9999 -9999 -9999 -9999 -9999 -9999 -9999 -9999 -9999 -9999 -9999 -9999 -9999 -9999 -9999 -9999 -9999 -9999 -9999 -9999 -9999 -9999 -9999 -9999 -9999 -9999 -9999 -9999 3.98715E-4 5.44492E-4 -9999 -9999 1.35103E-5 2.13009E-5 1.9416E-5 1.24923E-5 2.56593E-6 1.10984E-6 1.4138E-6 6.9429E-5
3.88172E-2 8.29811E-3 2.91764E-3 3.13958E-3 1.2775E-3 1.581E-4 2.67168E-6 1.38037E-7 3.16651E-7 6.63764E-6 1.95496E-4 1.69795E-3 2.51852E-4 3.04214E-5 1.23079E-5 4.48406E-5 8.00425E-5 6.56043E-6 2.08779E-6 4.54882E-5 5.1938E-4 1.25465E-3 3.67537E-4 1.0021E-3 -9999 -9999 -9999 -9999 -9999 -9999 -9999 -9999 -9999 -9999 -9999 -9999 -9999 -9999 -9999 -9999 -9999 -9999 -9999 -9999 -9999 -9999 -9999 -9999 -9999 -9999 -9999 -9999 -9999 -9999 -9999 3.39133E-4 7.0363E-4 -9999 -9999 1.12533E-5 2.21444E-5 1.65788E-6 5.42417E-6 3.06135E-6 1.03028E-6 3.048E-6 3.16741E-5
4.18748E-2 2.36125E-2 8.48087E-3 7.75673E-4 1.32661E-4 9.53024E-5 1.50597E-4 7.59306E-5 4.14998E-5 8.05591E-5 4.76494E-4 6.89624E-4 2.34653E-4 1.60357E-5 9.77057E-6 1.02451E-4 1.22585E-5 2.04792E-6 1.68465E-5 1.90718E-4 5.97408E-4 1.59638E-3 -9999 -9999 4.76193E-3 -9999 -9999 -9999 -9999 -9999 -9999 -9999 -9999 -9999 -9999 -9999 -9999 -9999 -9999 -9999 -9999 -9999 -9999 -9999 -9999 -9999 -9999 -9999 -9999 -9999 -9999 -9999 -9999 -9999 -9999 2.12021E-4 7.90862E-4 1.365E-4 6.27122E-5 2.17852E-5 3.78274E-5 1.03358E-6 8.61547E-7 2.79001E-6 5.61983E-6 3.53562E-5 2.41382E-5
1.18448E-2 9.74926E-2 2.35491E-2 6.54986E-3 1.43648E-3 1.25515E-3 5.54775E-4 8.99262E-4 4.40755E-4 2.85802E-4 1.6245E-3 9.83776E-4 1.35269E-4 1.67272E-4 1.91274E-4 1.23583E-4 2.73272E-5 4.89315E-6 6.0947E-5 4.09733E-4 6.38015E-4 8.19253E-4 9.91437E-4 -9999 -9999 -9999 -9999 -9999 -9999 -9999 -9999 -9999 -9999 -9999 -9999 -9999 -9999 -9999 -9999 -9999 -9999 -9999 -9999 -9999 -9999 -9999 -9999 -9999 -9999 -9999 -9999 -9999 -9999 -9999 -9999 1.53212E-4 4.5003E-5 7.73931E-5 1.0159E-4 6.08736E-5 1.04536E-5 2.43402E-6 2.00389E-6 2.28093E-6 2.73077E-6 6.68675E-6 3.60247E-6
5.67484E-2 7.87327E-2 3.97306E-2 1.01561E-2 5.14851E-3 2.42046E-2 8.0176E-3 4.75026E-3 3.98314E-3 7.55794E-4 9.63014E-4 4.73687E-4 6.63594E-4 4.64031E-4 5.82451E-5 3.4766E-5 1.92294E-5 6.27813E-6 6.93582E-5 9.81374E-4 1.54402E-3 1.68102E-3 1.72494E-3 -9999 -9999 -9999 -9999 -9999 -9999 -9999 -9999 -9999 -9999 -9999 -9999 -9999 -9999 -9999 -9999 -9999 -9999 -9999 -9999 -9999 -9999 -9999 -9999 -9999 -9999 -9999 -9999 -9999 -9999 -9999 -9999 -9999 1.26129E-5 2.28156E-5 1.70835E-5 7.76565E-6 3.15989E-6 4.46417E-6 9.6512E-7 1.45919E-6 1.60885E-6 9.35763E-7 1.56927E-6
1.42889E-1 9.12518E-3 9.70881E-3 1.27519E-2 6.13257E-3 4.96236E-3 2.66611E-3 1.20653E-3 8.13519E-4 1.53206E-4 4.12727E-4 1.98989E-4 1.30383E-4 1.82632E-4 1.17266E-5 7.86375E-6 1.80522E-6 2.63004E-6 1.06279E-4 2.87271E-3 -9999 -9999 -9999 -9999 -9999 -9999 -9999 -9999 -9999 -9999 -9999 -9999 -9999 -9999 -9999 -9999 -9999 -9999 -9999 -9999 -9999 -9999 -9999 -9999 -9999 -9999 -9999 -9999 -9999 -9999 -9999 -9999 -9999 -9999 2.4507E-4 2.35258E-5 1.33995E-4 5.03247E-5 1.64006E-5 1.34328E-5 8.79223E-6 2.33072E-6 4.75813E-7 4.65619E-7 2.14576E-6 1.15275E-6 3.86219E-7
5.59274E-2 5.94271E-2 2.30263E-2 6.82956E-3 1.16205E-3 3.77137E-3 2.31466E-3 1.4039E-3 3.17318E-3 1.15217E-3 1.42142E-4 4.80511E-5 3.85285E-5 3.38211E-5 6.05139E-6 1.03125E-6 6.5914E-7 3.79973E-6 8.90704E-5 1.28104E-3 -9999 -9999 -9999 -9999 -9999 -9999 -9999 -9999 -9999 -9999 -9999 -9999 -9999 -9999 -9999 2.36708E-4 3.77131E-4 2.37224E-4 -9999 -9999 -9999 -9999 -9999 -9999 -9999 -9999 -9999 -9999 -9999 -9999 -9999 -9999 -9999 -9999 -9999 -9999 1.44835E-4 1.49879E-5 1.2538E-5 6.32189E-6 3.97085E-6 1.04486E-6 1.00121E-6 7.32395E-7 3.59127E-7 3.28046E-7 9.45886E-7
9.86475E-3 1.77849E-2 4.43914E-2 1.17036E-2 4.75916E-4 1.67727E-3 2.00152E-3 7.60472E-3 2.55927E-3 1.30374E-3 9.4268E-5 3.50512E-5 6.37256E-6 7.22325E-7 2.11653E-7 3.69093E-7 6.44571E-7 1.10588E-5 2.63298E-4 5.20279E-3 5.13292E-3 -9999 -9999 -9999 -9999 -9999 -9999 -9999 -9999 -9999 -9999 -9999 -9999 -9999 2.54307E-4 1.99509E-4 4.12386E-4 1.73025E-4 1.15356E-4 -9999 -9999 -9999 -9999 -9999 -9999 -9999 -9999 -9999 -9999 -9999 -9999 -9999 -9999 -9999 -9999 -9999 1.75851E-5 1.16951E-5 6.60962E-6 2.28382E-6 2.70354E-6 3.55371E-6 2.50579E-6 6.05101E-7 2.14274E-7 3.1203E-7 4.27988E-7
8.98713E-3 3.65686E-3 3.50757E-3 9.94306E-3 6.70361E-4 6.65471E-5 2.25903E-3 1.69264E-3 3.02646E-3 4.83096E-3 1.82109E-4 5.97106E-5 1.88395E-5 5.35328E-7 1.26099E-7 1.80053E-7 8.46872E-7 2.9146E-5 1.04138E-3 2.74887E-3 3.7729E-3 -9999 -9999 -9999 -9999 -9999 -9999 -9999 -9999 -9999 -9999 -9999 -9999 1.80814E-4 3.60119E-4 1.80063E-4 3.7264E-4 3.82907E-4 2.27724E-4 3.3508E-4 -9999 5.85636E-4 1.49889E-3 -9999 -9999 -9999 -9999 -9999 -9999 -9999 -9999 -9999 -9999 -9999 -9999 1.21547E-4 1.58334E-5 2.25139E-5 6.12502E-6 2.40778E-6 1.89065E-6 4.16621E-6 7.20031E-6 9.08177E-7 4.15821E-7 2.75658E-7 1.22326E-7
4.64916E-3 1.56492E-3 8.21449E-4 1.32186E-3 5.97958E-4 2.33215E-5 1.56684E-4 5.625E-5 4.7614E-4 2.04355E-3 2.47844E-4 4.18832E-5 6.96029E-6 3.88907E-6 5.86257E-7 4.72113E-7 5.07633E-6 5.64528E-5 9.62833E-4 9.24121E-3 1.15643E-2 -9999 -9999 -9999 -9999 -9999 -9999 -9999 -9999 -9999 -9999 -9999 -9999 -9999 2.63039E-4 2.01916E-4 4.62133E-4 2.57139E-4 2.46869E-4 2.18664E-4 2.12434E-4 4.58825E-4 2.50197E-3 -9999 -9999 -9999 -9999 -9999 -9999 -9999 -9999 -9999 9.36303E-4 1.38212E-3 9.37667E-4 2.62733E-4 2.90042E-5 1.9874E-5 1.13531E-5 5.85148E-6 6.47362E-6 4.84137E-6 2.80971E-6 1.18552E-6 4.06693E-7 5.38142E-7 4.21528E-7
3.7709E-3 1.67659E-3 6.89374E-4 1.78173E-4 1.38944E-4 1.06117E-4 9.19963E-5 9.70971E-6 1.48326E-4 1.2601E-3 2.83115E-4 6.34219E-5 5.01196E-5 8.45658E-6 1.3203E-6 6.20139E-7 4.15363E-6 2.87639E-5 1.64774E-3 7.1161E-3 -9999 -9999 -9999 -9999 -9999 -9999 -9999 -9999 -9999 -9999 -9999 -9999 -9999 7.10762E-4 1.26616E-3 -9999 -9999 2.44195E-4 4.18803E-4 1.54075E-4 2.53283E-4 1.28818E-3 -9999 -9999 -9999 -9999 -9999 -9999 -9999 -9999 -9999 -9999 -9999 -9999 -9999 -9999 -9999 -9999 4.59791E-6 3.84267E-6 3.19193E-6 7.47304E-6 5.07818E-6 3.07886E-6 1.00198E-6 5.1286E-7 2.66384E-7
6.46235E-3 5.67424E-3 5.56252E-3 3.47045E-3 8.52808E-4 2.27526E-3 1.10299E-4 6.53821E-6 8.13925E-5 4.68764E-4 7.39803E-5 1.04143E-5 1.36895E-5 4.45386E-6 1.73821E-6 7.56789E-7 7.54282E-7 6.08425E-5 1.38211E-3 8.97541E-3 -9999 -9999 -9999 -9999 -9999 -9999 -9999 -9999 -9999 -9999 -9999 -9999 -9999 -9999 -9999 -9999 -9999 2.15992E-4 2.11591E-4 1.26227E-4 5.44558E-4 1.8093E-3 -9999 -9999 -9999 -9999 -9999 -9999 -9999 -9999 -9999 -9999 -9999 -9999 -9999 -9999 -9999 -9999 -9999 1.10328E-5 8.12226E-6 1.19078E-5 3.47882E-6 1.12216E-6 8.34451E-7 6.54864E-7 2.34719E-6
7.52326E-3 3.22102E-3 3.50829E-3 1.73626E-3 1.58485E-3 1.4464E-3 1.54733E-4 8.42292E-6 1.00483E-5 2.47764E-4 5.7361E-5 5.47929E-6 7.19136E-7 3.21464E-7 3.95888E-7 2.23078E-7 6.8795E-6 1.25034E-4 2.17126E-3 6.49844E-3 -9999 -9999 -9999 -9999 -9999 -9999 -9999 -9999 -9999 -9999 -9999 -9999 -9999 -9999 -9999 -9999 -9999 1.66047E-4 1.61118E-4 1.41024E-4 5.74695E-4 2.95708E-3 -9999 -9999 -9999 -9999 -9999 -9999 -9999 -9999 7.43628E-4 1.68625E-3 1.80162E-3 -9999 -9999 -9999 1.20848E-5 1.73917E-5 7.60548E-5 9.47194E-5 8.22888E-5 7.27418E-6 6.0759E-6 3.17759E-6 1.3176E-6 3.29576E-7 7.81207E-7
3.78486E-3 1.53513E-3 2.26943E-3 7.51046E-4 3.09571E-4 1.29452E-3 5.48111E-5 5.94118E-6 8.21497E-6 1.12645E-4 7.4137E-5 7.34133E-6 5.48678E-6 2.83716E-7 1.46436E-7 6.2858E-7 5.45697E-6 2.27261E-4 3.84741E-3 7.02624E-3 -9999 -9999 -9999 -9999 -9999 -9999 -9999 -9999 -9999 -9999 -9999 -9999 -9999 -9999 -9999 -9999 7.66864E-4 2.89645E-4 2.97595E-4 2.47271E-4 4.14887E-4 2.5293E-3 -9999 -9999 -9999 -9999 -9999 -9999 -9999 -9999 9.13519E-4 5.64508E-4 1.45092E-4 5.44885E-5 1.3655E-5 2.0029E-6 1.69056E-6 7.86607E-6 6.64022E-6 2.45969E-5 1.91931E-5 8.03652E-6 6.10605E-6 8.77886E-6 6.17636E-6 1.6816E-6 7.17476E-7
9.4257E-4 6.40647E-4 3.5781E-4 1.54026E-4 2.88499E-4 3.54447E-5 2.91229E-6 1.76473E-6 6.08858E-7 8.85854E-6 1.9129E-5 5.21594E-7 4.0104E-7 6.75489E-7 4.22891E-7 1.62785E-6 5.70209E-6 7.10345E-5 4.38428E-4 7.80359E-3 -9999 -9999 -9999 -9999 -9999 -9999 -9999 -9999 -9999 -9999 -9999 -9999 -9999 -9999 -9999 6.95507E-4 4.35924E-4 2.30014E-4 2.82806E-4 4.30707E-4 3.7854E-4 1.11092E-3 -9999 -9999 -9999 -9999 -9999 -9999 -9999 -9999 1.75246E-4 7.8937E-5 2.7226E-5 2.54251E-5 9.00063E-6 5.99483E-6 1.79291E-6 4.95597E-6 1.66064E-6 2.82593E-6 7.29244E-6 3.6452E-6 3.55856E-6 1.66291E-6 1.02592E-6 1.81864E-6 1.58034E-6
2.54364E-3 1.70768E-3 2.79855E-4 1.42234E-4 1.66553E-4 3.80088E-5 1.10766E-5 3.63491E-5 2.52805E-6 1.59536E-6 3.47711E-6 2.56093E-7 3.44374E-6 1.06668E-5 7.89988E-6 1.83287E-6 1.15954E-5 6.67348E-5 1.56003E-3 9.60927E-3 -9999 -9999 -9999 -9999 -9999 -9999 -9999 -9999 -9999 -9999 -9999 -9999 -9999 -9999 -9999 -9999 -9999 2.55675E-4 3.36765E-4 1.99769E-4 4.20271E-4 1.34548E-3 -9999 -9999 -9999 -9999 -9999 -9999 -9999 -9999 1.12802E-4 2.89974E-5 1.24299E-5 7.416E-6 2.46958E-6 1.61185E-6 1.35195E-6 7.68995E-6 2.33246E-6 1.6562E-6 4.56987E-6 2.3627E-6 3.2875E-6 6.66044E-6 6.64725E-7 6.03777E-7 5.24081E-7
1.33225E-2 2.31444E-3 3.12894E-3 1.54804E-3 1.02954E-3 3.46737E-4 2.85887E-4 2.67301E-5 1.42697E-6 2.97549E-7 4.05299E-7 6.94104E-7 5.17284E-6 2.24388E-5 5.68508E-6 1.94526E-6 1.64381E-5 3.98693E-5 4.09227E-4 4.03211E-3 -9999 -9999 -9999 -9999 -9999 -9999 -9999 -9999 -9999 -9999 -9999 -9999 -9999 -9999 -9999 -9999 -9999 -9999 1.09741E-4 1.27683E-4 3.73934E-4 8.72572E-4 -9999 -9999 5.69402E-4 -9999 -9999 -9999 -9999 -9999 1.41731E-4 1.79255E-5 2.89304E-6 2.1668E-6 1.31475E-6 1.24522E-6 2.18908E-6 3.07386E-6 1.73796E-6 5.54833E-7 1.30274E-6 3.87609E-6 1.62359E-6 6.39747E-7 1.70264E-6 4.52336E-7 8.20986E-7
7.31012E-3 7.24068E-3 6.27009E-3 5.57227E-3 1.37388E-3 1.45955E-3 1.93941E-4 7.45576E-6 4.46755E-7 3.99132E-7 2.28174E-6 1.15932E-5 1.17584E-5 5.61487E-5 3.90665E-5 4.74195E-6 2.32381E-5 2.42959E-5 9.93536E-5 1.51135E-3 7.91095E-3 -9999 -9999 -9999 -9999 -9999 -9999 -9999 -9999 -9999 -9999 -9999 -9999 -9999 -9999 -9999 -9999 -9999 -9999 8.88037E-5 2.45671E-4 7.22704E-4 -9999 -9999 1.30552E-3 -9999 -9999 -9999 -9999 2.15431E-4 2.15299E-4 3.09455E-5 5.55055E-6 1.41805E-6 6.15194E-7 1.20412E-6 2.10465E-6 1.05471E-6 1.29321E-6 7.65059E-7 1.12917E-6 4.82423E-6 1.72085E-6 3.3098E-7 1.89066E-7 2.88767E-7 5.50289E-6
9.93015E-3 4.08315E-3 1.54018E-3 1.92144E-3 6.48719E-4 1.14673E-4 6.4767E-5 1.42052E-5 5.0511E-7 4.31193E-7 9.97172E-6 3.97896E-5 9.90475E-5 7.81832E-5 4.67391E-5 3.05851E-5 6.72173E-5 6.3037E-5 6.73729E-5 2.19983E-3 9.04271E-3 -9999 -9999 -9999 -9999 -9999 -9999 -9999 -9999 -9999 -9999 -9999 -9999 -9999 -9999 -9999 1.94161E-3 -9999 -9999 1.39686E-4 8.68265E-5 4.10608E-4 -9999 -9999 -9999 -9999 -9999 5.67052E-5 5.31018E-5 1.40665E-4 3.77421E-5 1.01E-5 2.21107E-6 1.29442E-6 1.37975E-6 7.67516E-7 1.21034E-6 1.33783E-6 1.41797E-6 1.22469E-6 1.25379E-6 2.72531E-6 3.57407E-7 4.01067E-7 1.93219E-6 1.22724E-6 5.83842E-6
1.30587E-2 1.17827E-2 9.32669E-3 6.42296E-3 2.1296E-3 2.42429E-4 9.67942E-5 1.26717E-5 6.18548E-6 1.30149E-6 8.11388E-7 8.72276E-6 8.285E-5 2.26931E-4 9.6203E-5 7.13605E-5 3.55372E-4 1.28257E-4 2.08819E-4 4.19911E-3 1.47765E-2 -9999 -9999 -9999 -9999 -9999 -9999 -9999 -9999 -9999 -9999 1.44895E-3 3.47318E-3 -9999 -9999 1.05341E-3 1.80281E-3 -9999 -9999 2.23743E-4 1.1879E-4 1.3353E-3 3.29597E-4 -9999 -9999 1.82183E-4 2.5985E-5 1.65463E-5 2.02866E-5 1.33858E-5 6.47357E-6 1.26064E-6 3.81394E-6 1.19838E-6 9.55387E-7 4.84071E-7 1.47885E-6 2.03951E-6 1.20061E-6 1.35348E-6 1.42769E-6 3.16016E-6 2.23671E-6 6.37114E-7 2.75358E-6 6.9886E-6 9.26899E-6
1.95503E-3 5.30257E-3 3.17758E-3 4.76456E-3 5.24954E-3 1.57024E-3 4.18679E-4 1.51753E-4 6.95118E-5 1.63448E-6 5.72269E-7 1.33818E-5 6.41837E-5 3.56806E-4 1.01391E-3 1.16807E-3 6.62342E-4 1.12215E-4 2.85808E-4 6.40172E-3 1.77069E-2 -9999 -9999 -9999 -9999 -9999 -9999 -9999 -9999 -9999 -9999 1.06736E-3 1.65226E-3 -9999 -9999 6.87176E-4 1.95132E-3 -9999 -9999 2.22763E-4 1.76694E-4 5.94754E-4 3.06362E-4 -9999 -9999 7.83779E-5 1.34294E-5 8.87669E-6 2.85957E-6 3.13741E-6 6.52336E-6 4.0412E-6 2.33666E-6 1.08105E-6 5.62734E-7 5.42934E-7 1.21681E-6 8.64443E-7 9.86876E-7 3.02384E-6 3.98972E-6 3.54187E-6 2.50214E-6 6.98908E-7 1.34161E-6 7.99985E-6 6.86965E-6
1.3167E-4 2.5614E-3 9.48778E-4 1.20201E-3 1.61839E-3 1.10037E-3 1.2403E-4 5.47387E-5 1.43823E-5 2.98657E-6 3.12531E-7 1.12182E-6 2.06152E-5 5.17141E-5 8.1134E-4 3.72704E-3 1.0779E-3 1.37538E-4 2.97647E-4 6.28089E-3 2.03938E-2 -9999 -9999 -9999 -9999 -9999 -9999 -9999 -9999 -9999 -9999 1.21034E-3 8.78288E-4 -9999 -9999 7.90378E-4 9.99548E-4 -9999 -9999 2.20363E-4 9.23189E-4 2.02612E-3 5.62815E-4 -9999 -9999 1.15454E-5 3.66748E-6 3.91822E-6 2.79244E-6 7.61713E-6 3.00805E-6 1.16381E-6 8.08085E-7 7.08921E-7 5.24507E-7 3.82476E-7 1.17389E-6 8.69529E-7 2.92021E-7 1.46607E-6 2.04331E-6 1.03443E-5 9.70618E-6 3.43661E-6 3.8701E-6 7.70935E-6 5.4166E-6
1.16448E-4 1.95586E-3 8.575E-4 9.0131E-4 5.42017E-4 1.71311E-3 6.21693E-5 4.71661E-6 1.11309E-6 3.01129E-7 4.968E-7 9.32989E-6 4.89307E-5 5.37571E-5 7.21432E-5 2.02102E-3 7.24422E-4 7.91765E-4 2.54819E-3 1.04358E-2 4.48704E-2 -9999 -9999 -9999 -9999 -9999 -9999 -9999 -9999 -9999 1.56774E-4 2.68308E-4 5.77966E-4 -9999 -9999 4.58516E-4 7.18948E-4 2.42161E-4 1.54634E-4 3.07224E-4 5.16952E-4 1.67855E-3 6.87004E-4 -9999 2.36295E-4 1.26002E-5 7.92991E-6 1.67246E-5 1.15566E-5 3.21876E-6 1.31671E-6 7.1813E-7 6.16364E-7 1.15818E-6 8.05964E-7 5.1763E-7 6.65897E-7 1.17793E-6 3.91959E-7 1.07735E-6 1.89873E-6 6.47123E-6 8.18482E-6 8.58546E-6 6.73427E-6 7.32813E-6 1.02926E-5
6.48295E-4 8.1213E-4 1.66133E-4 3.19266E-4 1.52289E-4 2.34695E-4 1.24934E-4 3.62831E-6 3.88245E-7 2.0383E-7 9.14231E-7 3.04713E-5 1.28768E-4 2.3734E-4 2.83206E-4 2.7265E-3 2.66483E-3 1.19968E-3 1.09651E-2 3.72772E-2 -9999 -9999 -9999 -9999 -9999 -9999 -9999 -9999 -9999 -9999 2.5869E-4 8.3821E-5 1.8469E-4 3.23919E-4 -9999 3.40293E-4 2.29188E-4 4.18211E-4 1.89493E-4 5.73687E-4 7.4491E-4 1.94897E-3 4.95892E-4 4.35751E-4 2.50226E-4 5.98693E-5 2.57997E-5 7.54501E-6 2.36595E-6 2.20463E-6 9.67602E-7 5.01213E-7 8.90302E-7 1.98096E-6 1.60424E-6 1.07821E-6 1.53545E-6 2.6326E-6 1.75135E-6 4.62516E-6 3.37833E-6 9.59178E-6 6.28468E-6 7.92239E-6 4.30832E-6 7.1677E-6 1.36092E-5
4.06951E-3 3.25801E-3 4.71259E-4 2.30726E-3 3.49517E-4 5.40812E-5 7.69042E-6 6.02803E-7 6.69901E-7 3.6885E-7 1.51227E-6 6.29777E-5 4.75236E-4 1.47295E-3 2.21443E-3 2.50971E-3 4.60575E-3 7.26637E-3 1.40647E-2 -9999 -9999 -9999 -9999 -9999 -9999 -9999 -9999 8.88914E-4 9.9641E-4 9.22349E-4 3.39497E-4 6.55424E-5 7.56833E-5 1.21425E-4 1.45461E-4 1.85233E-4 1.51986E-4 1.75891E-4 8.07265E-4 7.40016E-4 7.7889E-4 1.95053E-3 8.51621E-4 6.15614E-4 3.16611E-4 5.78279E-5 1.00711E-5 7.34274E-6 1.82816E-6 8.06249E-7 1.00472E-6 7.14104E-7 6.32502E-7 9.37045E-7 8.25084E-7 8.71418E-7 2.03654E-6 1.65094E-6 3.25271E-6 9.11313E-7 1.18794E-6 3.41513E-6 3.42438E-6 2.33574E-6 2.87891E-6 1.12396E-5 1.36937E-5
-9999 -9999 1.42493E-3 4.11403E-3 4.39108E-4 2.13956E-5 1.00446E-6 3.36399E-7 3.39512E-6 8.75099E-7 4.50498E-5 4.61926E-4 1.21101E-3 5.83219E-3 1.01194E-2 2.48321E-3 6.64583E-3 1.04542E-2 -9999 -9999 -9999 -9999 -9999 -9999 -9999 -9999 -9999 3.78867E-3 2.97074E-3 3.48218E-3 3.44359E-3 8.12604E-4 -9999 1.2312E-4 1.53121E-4 2.62097E-4 2.58301E-4 5.46104E-4 3.73122E-4 5.24587E-4 6.88804E-4 1.59391E-3 1.05808E-3 3.92738E-4 3.68009E-5 3.02695E-5 7.17575E-6 7.50718E-6 8.21185E-6 1.00469E-6 7.64797E-7 7.72005E-7 1.19302E-6 9.6376E-7 1.4386E-6 5.91368E-7 9.14756E-7 2.06073E-6 1.08142E-6 8.12029E-7 2.03489E-6 2.51978E-6 8.4578E-7 1.67801E-6 3.34043E-6 8.22403E-6 5.54079E-6
-9999 -9999 7.93782E-4 1.18562E-3 7.54015E-5 1.48836E-5 2.09885E-6 3.71196E-7 4.50684E-6 2.37568E-5 7.98972E-5 3.75573E-4 3.98255E-4 8.83296E-4 5.29361E-3 1.07078E-2 -9999 -9999 -9999 -9999 -9999 -9999 -9999 -9999 -9999 -9999 -9999 -9999 4.49741E-3 7.38364E-3 -9999 -9999 -9999 2.51482E-4 -9999 -9999 5.49485E-4 7.78068E-4 5.35272E-4 -9999 -9999 -9999 1.22269E-3 8.60058E-5 2.11851E-5 1.83149E-5 9.82733E-6 1.52141E-5 4.07247E-6 3.81556E-6 5.85093E-7 7.83919E-7 7.97914E-7 1.23795E-6 8.49693E-7 8.98479E-7 6.43686E-7 4.33906E-7 5.08083E-7 9.12854E-7 2.86602E-6 8.11977E-7 8.05113E-7 1.65217E-6 3.39486E-6 4.27245E-6 4.45021E-6
-9999 -9999 -9999 1.37688E-3 2.1328E-4 6.16072E-6 1.20224E-6 3.01737E-7 2.28429E-6 1.76063E-5 4.53788E-5 1.97898E-5 1.22121E-4 9.01928E-4 5.97575E-3 3.81983E-2 -9999 -9999 -9999 -9999 -9999 -9999 -9999 -9999 -9999 -9999 -9999 -9999 -9999 -9999 -9999 -9999 -9999 -9999 -9999 -9999 -9999 -9999 -9999 -9999 -9999 -9999 4.18465E-4 2.71573E-4 5.26256E-5 1.10291E-4 6.32912E-5 2.75895E-5 9.24964E-6 1.16829E-5 2.08834E-6 7.30003E-6 3.69638E-6 3.16489E-6 6.70973E-7 7.4596E-7 7.21674E-7 4.68411E-7 5.7182E-7 4.10802E-7 5.89572E-7 7.32963E-7 1.79895E-6 9.91783E-7 1.20605E-6 3.26366E-6 3.85034E-6
