ENM/Final_Models/M_1_F_q_Set_1_EC/Gustavia_santanderiensis_Choco_median.asc
ncols         367
nrows         963
xllcorner     -78.6
yllcorner     0.65
cellsize      0.00833333333333323
NODATA_value  -9999
[rows 837 to 867 of 963, columns 0 to 69 of 367]
-9999 -9999 -9999 -9999 -9999 3.02541E-1 2.99313E-1 4.94322E-1 5.06913E-1 5.79023E-1 7.82E-1 8.77054E-1 6.34341E-1 5.95556E-1 7.49055E-1 8.64258E-1 8.90415E-1 9.13067E-1 8.63818E-1 8.65395E-1 9.50105E-1 8.25268E-1 9.37254E-1 9.2189E-1 9.31778E-1 9.13713E-1 9.23768E-1 9.24195E-1 9.71442E-1 9.70208E-1 9.56542E-1 9.53707E-1 9.44231E-1 9.88945E-1 9.95394E-1 9.97463E-1 9.96292E-1 9.97422E-1 9.93685E-1 9.99425E-1 9.99792E-1 9.99271E-1 9.92724E-1 9.98185E-1 9.9827E-1 9.99358E-1 9.99945E-1 9.9249E-1 9.99273E-1 9.96461E-1 9.95195E-1 9.99994E-1 9.99939E-1 9.94006E-1 9.99693E-1 9.99818E-1 9.99866E-1 9.94681E-1 9.99965E-1 9.99999E-1 1E0 1E0 9.99999E-1 9.99752E-1 9.99984E-1 9.99858E-1 9.99964E-1 9.99905E-1 9.99956E-1 9.99996E-1
-9999 -9999 -9999 -9999 -9999 -9999 -9999 3.70448E-1 6.84423E-1 5.03448E-1 6.18774E-1 4.9217E-1 6.28769E-1 7.23878E-1 5.86859E-1 8.05198E-1 6.73878E-1 7.71949E-1 8.24396E-1 8.25901E-1 8.74548E-1 8.29472E-1 8.20556E-1 8.73942E-1 8.48347E-1 9.16538E-1 9.83711E-1 9.73593E-1 9.61259E-1 9.35949E-1 9.7323E-1 9.31404E-1 9.75795E-1 9.86891E-1 9.8051E-1 9.98818E-1 9.99561E-1 9.99543E-1 9.99325E-1 9.99488E-1 9.98813E-1 9.99967E-1 9.96065E-1 9.99996E-1 9.99993E-1 9.99143E-1 9.99995E-1 9.99975E-1 9.99859E-1 1E0 9.99999E-1 9.99992E-1 9.98533E-1 9.99967E-1 9.999E-1 9.9975E-1 9.99955E-1 9.99101E-1 9.99093E-1 1E0 1E0 1E0 1E0 1E0 1E0 1E0 1E0 1E0 1E0 9.99999E-1
-9999 -9999 -9999 -9999 -9999 -9999 -9999 -9999 -9999 7.55691E-1 5.80513E-1 5.41639E-1 6.3259E-1 5.74783E-1 7.47162E-1 8.26237E-1 8.27948E-1 9.51462E-1 8.29566E-1 8.97692E-1 9.16011E-1 8.85871E-1 8.95542E-1 8.63129E-1 8.89016E-1 8.88271E-1 9.34117E-1 9.71813E-1 8.74563E-1 9.5207E-1 9.58144E-1 9.73783E-1 9.95249E-1 9.7948E-1 9.95311E-1 9.95766E-1 9.94318E-1 9.99333E-1 9.99506E-1 9.96288E-1 9.99429E-1 9.99983E-1 9.94641E-1 9.99363E-1 1E0 9.99999E-1 1E0 1E0 1E0 1E0 1E0 1E0 1E0 9.99999E-1 9.99961E-1 9.99613E-1 9.99754E-1 1E0 9.99983E-1 1E0 9.99999E-1 9.99999E-1 1E0 9.99999E-1 1E0 1E0 1E0 1E0 1E0 9.99997E-1
-9999 -9999 -9999 -9999 -9999 -9999 -9999 -9999 -9999 -9999 -9999 6.11712E-1 6.74934E-1 7.1157E-1 7.36207E-1 7.46264E-1 9.19611E-1 9.41824E-1 9.15545E-1 8.4952E-1 8.46924E-1 8.50957E-1 8.75599E-1 9.23145E-1 9.38018E-1 9.03019E-1 8.40259E-1 8.46733E-1 9.34767E-1 8.89206E-1 9.59956E-1 9.34762E-1 9.83016E-1 9.89265E-1 9.91743E-1 9.92822E-1 9.97541E-1 9.94986E-1 9.99858E-1 9.99788E-1 9.99551E-1 9.99616E-1 9.99754E-1 9.99939E-1 9.99287E-1 9.99994E-1 9.99996E-1 9.99996E-1 9.99976E-1 9.99543E-1 1E0 1E0 9.99783E-1 9.99997E-1 9.99996E-1 9.9997E-1 1E0 9.99939E-1 9.99997E-1 9.99981E-1 9.99994E-1 9.99991E-1 9.99967E-1 9.99829E-1 9.99344E-1 9.99997E-1 1E0 1E0 1E0 1E0
-9999 -9999 -9999 -9999 -9999 -9999 -9999 -9999 -9999 -9999 -9999 -9999 6.24665E-1 6.53807E-1 7.41531E-1 8.05689E-1 7.98345E-1 9.05949E-1 9.37005E-1 9.24471E-1 8.02049E-1 8.3476E-1 8.93985E-1 9.1086E-1 9.102E-1 9.22497E-1 9.46273E-1 9.61046E-1 9.42258E-1 9.32282E-1 9.55763E-1 9.37288E-1 9.85457E-1 9.78826E-1 9.9215E-1 9.92603E-1 9.77832E-1 9.90626E-1 9.93888E-1 9.96934E-1 9.95632E-1 9.98221E-1 9.98425E-1 9.99976E-1 9.99959E-1 9.98051E-1 9.97496E-1 9.98854E-1 9.99547E-1 9.9997E-1 9.99962E-1 9.99885E-1 9.99518E-1 9.99991E-1 9.99985E-1 9.9953E-1 9.99721E-1 9.99261E-1 9.99716E-1 9.99984E-1 9.99978E-1 9.99995E-1 9.99989E-1 9.99496E-1 9.90045E-1 9.97636E-1 9.99997E-1 1E0 1E0 1E0
-9999 -9999 -9999 -9999 -9999 -9999 -9999 -9999 -9999 -9999 -9999 -9999 -9999 -9999 8.29349E-1 7.62375E-1 8.94397E-1 9.51515E-1 8.69465E-1 8.58519E-1 9.05353E-1 9.11411E-1 9.15009E-1 8.85145E-1 8.50917E-1 9.24087E-1 8.69817E-1 9.59769E-1 9.17992E-1 8.57714E-1 9.3038E-1 9.20962E-1 9.52244E-1 9.76605E-1 9.93162E-1 9.76936E-1 9.90476E-1 9.92526E-1 9.96913E-1 9.96816E-1 9.99549E-1 9.87876E-1 9.93962E-1 9.99641E-1 9.99848E-1 9.95335E-1 9.94244E-1 9.96016E-1 9.97991E-1 9.99531E-1 9.9648E-1 9.9991E-1 9.99624E-1 9.99973E-1 9.99917E-1 9.99738E-1 9.97612E-1 9.99795E-1 9.99623E-1 9.99613E-1 9.99985E-1 9.99983E-1 9.99956E-1 9.99982E-1 9.85661E-1 9.99425E-1 9.97009E-1 9.99997E-1 9.99989E-1 1E0
-9999 -9999 -9999 -9999 -9999 -9999 -9999 -9999 -9999 -9999 -9999 -9999 -9999 -9999 -9999 -9999 8.2605E-1 9.54255E-1 7.91847E-1 8.00884E-1 9.25333E-1 8.78563E-1 9.4271E-1 9.24058E-1 9.38364E-1 8.71734E-1 8.90569E-1 9.52441E-1 9.36548E-1 9.18532E-1 8.94567E-1 9.01928E-1 9.49714E-1 9.30435E-1 9.73358E-1 9.83823E-1 9.90836E-1 9.84424E-1 9.81371E-1 9.98689E-1 9.9292E-1 9.99258E-1 9.99582E-1 9.99784E-1 9.99494E-1 9.83059E-1 9.87859E-1 9.85925E-1 9.94043E-1 9.90133E-1 9.94037E-1 9.9897E-1 9.99668E-1 9.96188E-1 9.99973E-1 9.99924E-1 9.99885E-1 9.98566E-1 9.99745E-1 9.9986E-1 9.99989E-1 9.99865E-1 9.99012E-1 9.98444E-1 9.93986E-1 9.86212E-1 9.99384E-1 9.99817E-1 9.98786E-1 9.99984E-1
-9999 -9999 -9999 -9999 -9999 -9999 -9999 -9999 -9999 -9999 -9999 -9999 -9999 -9999 -9999 -9999 -9999 -9999 -9999 -9999 9.39959E-1 9.48921E-1 9.29928E-1 9.66456E-1 9.37693E-1 9.35685E-1 9.44015E-1 9.51628E-1 9.40358E-1 8.90521E-1 8.69291E-1 9.39351E-1 9.30307E-1 9.64088E-1 9.79868E-1 9.85505E-1 9.68255E-1 9.61269E-1 9.90311E-1 9.97079E-1 9.80479E-1 9.97665E-1 9.97616E-1 9.97844E-1 9.99585E-1 9.98107E-1 9.89781E-1 9.96982E-1 9.99943E-1 9.99912E-1 9.90019E-1 9.90137E-1 9.99067E-1 9.87558E-1 9.99923E-1 9.97319E-1 9.96689E-1 9.98781E-1 9.99051E-1 9.99748E-1 9.99837E-1 9.99687E-1 9.99787E-1 9.99991E-1 9.98089E-1 9.99974E-1 9.9983E-1 9.99847E-1 9.99255E-1 9.99768E-1
-9999 -9999 -9999 -9999 -9999 -9999 -9999 -9999 -9999 -9999 -9999 -9999 -9999 -9999 -9999 -9999 -9999 -9999 -9999 -9999 -9999 9.25347E-1 9.38884E-1 9.17909E-1 9.524E-1 9.50814E-1 9.35598E-1 8.84458E-1 9.10902E-1 9.4539E-1 9.05279E-1 9.25537E-1 9.29653E-1 9.45463E-1 9.42554E-1 9.6059E-1 9.34924E-1 9.82843E-1 9.84859E-1 9.7445E-1 9.97783E-1 9.99278E-1 9.90115E-1 9.92454E-1 9.99265E-1 9.99626E-1 9.9937E-1 9.85711E-1 9.94889E-1 9.73499E-1 9.95948E-1 9.81895E-1 9.99773E-1 9.9995E-1 9.87672E-1 9.99826E-1 9.99745E-1 9.77233E-1 9.98659E-1 9.99669E-1 9.9977E-1 9.9998E-1 9.99995E-1 9.9997E-1 9.99976E-1 9.99589E-1 9.99884E-1 9.99998E-1 9.99998E-1 9.99996E-1
-9999 -9999 -9999 -9999 -9999 -9999 -9999 -9999 -9999 -9999 -9999 -9999 -9999 -9999 -9999 -9999 -9999 -9999 -9999 -9999 -9999 -9999 9.12183E-1 9.64982E-1 9.74334E-1 9.77615E-1 9.29598E-1 9.5956E-1 8.86435E-1 9.19095E-1 9.49637E-1 9.44664E-1 9.63604E-1 8.70416E-1 9.27001E-1 9.61114E-1 9.13118E-1 9.70801E-1 9.93844E-1 9.94087E-1 9.94342E-1 9.96042E-1 9.99393E-1 9.98577E-1 9.98541E-1 9.99572E-1 9.99203E-1 9.96301E-1 9.98376E-1 9.97673E-1 9.9957E-1 9.99698E-1 9.95031E-1 9.96089E-1 9.94005E-1 9.81175E-1 9.57091E-1 9.98332E-1 9.92301E-1 9.93053E-1 9.98882E-1 9.9816E-1 9.99974E-1 9.96126E-1 9.99832E-1 9.99591E-1 9.99965E-1 9.99995E-1 9.99994E-1 9.99999E-1
-9999 -9999 -9999 -9999 -9999 -9999 -9999 -9999 -9999 -9999 -9999 -9999 -9999 -9999 -9999 -9999 -9999 -9999 -9999 -9999 -9999 -9999 -9999 -9999 9.49595E-1 9.8488E-1 9.60962E-1 9.81395E-1 8.98665E-1 8.7286E-1 9.52215E-1 9.50934E-1 9.053E-1 9.52474E-1 9.63601E-1 9.51407E-1 9.8599E-1 9.79392E-1 9.77416E-1 9.9561E-1 9.9858E-1 9.96876E-1 9.91628E-1 9.60796E-1 9.94194E-1 9.90085E-1 9.9994E-1 9.99975E-1 9.99628E-1 9.9992E-1 9.97393E-1 9.88278E-1 9.96624E-1 9.84955E-1 9.78711E-1 9.43321E-1 9.95483E-1 9.9866E-1 9.88936E-1 9.94378E-1 9.92434E-1 9.99823E-1 9.99497E-1 9.99794E-1 9.97614E-1 9.92419E-1 9.96092E-1 9.90032E-1 9.9971E-1 9.99957E-1
-9999 -9999 -9999 -9999 -9999 -9999 -9999 -9999 -9999 -9999 -9999 -9999 -9999 -9999 -9999 -9999 -9999 -9999 -9999 -9999 -9999 -9999 -9999 -9999 -9999 -9999 9.49349E-1 9.72273E-1 9.28727E-1 8.70036E-1 8.69814E-1 9.1151E-1 8.79187E-1 9.6018E-1 9.28347E-1 9.81682E-1 9.68776E-1 9.82877E-1 9.83133E-1 9.97961E-1 9.95089E-1 9.9764E-1 9.6187E-1 9.83468E-1 9.74135E-1 9.97695E-1 9.99779E-1 9.99977E-1 9.99746E-1 9.99836E-1 9.97787E-1 9.76118E-1 9.83382E-1 9.85064E-1 9.92701E-1 9.36192E-1 9.244E-1 9.98804E-1 9.87272E-1 9.6335E-1 9.96838E-1 9.98372E-1 9.98663E-1 9.99797E-1 9.98822E-1 9.86398E-1 9.9933E-1 9.94389E-1 9.99337E-1 9.99585E-1
-9999 -9999 -9999 -9999 -9999 -9999 -9999 -9999 -9999 -9999 -9999 -9999 -9999 -9999 -9999 -9999 -9999 -9999 -9999 -9999 -9999 -9999 -9999 -9999 -9999 -9999 -9999 9.61908E-1 9.44319E-1 9.37451E-1 9.28565E-1 8.8893E-1 8.70937E-1 9.23845E-1 9.5472E-1 9.52342E-1 9.60323E-1 9.88791E-1 9.72302E-1 9.96332E-1 9.8977E-1 9.96674E-1 9.87994E-1 9.94135E-1 9.53465E-1 9.90467E-1 9.98283E-1 9.99969E-1 9.99905E-1 9.9978E-1 9.98804E-1 9.92926E-1 9.83415E-1 9.65245E-1 9.29409E-1 9.00145E-1 9.60883E-1 9.96391E-1 9.83747E-1 9.51643E-1 9.9335E-1 9.98215E-1 9.99556E-1 9.99191E-1 9.91905E-1 9.94346E-1 9.8493E-1 9.96023E-1 9.99967E-1 9.99529E-1
-9999 -9999 -9999 -9999 -9999 -9999 -9999 -9999 -9999 -9999 -9999 -9999 -9999 -9999 -9999 -9999 -9999 -9999 -9999 -9999 -9999 -9999 -9999 -9999 -9999 -9999 -9999 -9999 -9999 8.91117E-1 9.10791E-1 9.14522E-1 9.51995E-1 9.91367E-1 9.792E-1 9.79737E-1 9.35278E-1 8.39306E-1 9.75594E-1 9.03065E-1 9.84781E-1 9.86946E-1 9.75053E-1 9.78606E-1 9.97505E-1 9.9863E-1 9.92794E-1 9.99577E-1 9.99941E-1 9.98822E-1 9.97349E-1 9.99765E-1 9.66849E-1 9.09047E-1 9.87291E-1 9.81822E-1 9.51063E-1 9.93519E-1 9.75878E-1 9.4586E-1 9.96323E-1 9.70759E-1 9.74167E-1 9.95982E-1 9.88784E-1 9.99537E-1 9.99516E-1 9.9997E-1 9.99852E-1 9.99772E-1
-9999 -9999 -9999 -9999 -9999 -9999 -9999 -9999 -9999 -9999 -9999 -9999 -9999 -9999 -9999 -9999 -9999 -9999 -9999 -9999 -9999 -9999 -9999 -9999 -9999 -9999 -9999 -9999 -9999 -9999 9.21726E-1 9.49221E-1 9.87599E-1 9.59542E-1 8.9536E-1 8.63882E-1 9.66526E-1 9.64791E-1 9.00313E-1 8.30791E-1 8.44406E-1 9.15658E-1 9.32019E-1 9.86432E-1 9.96252E-1 9.97256E-1 9.55078E-1 9.90787E-1 9.97751E-1 9.99854E-1 9.99635E-1 9.99571E-1 9.95968E-1 9.45288E-1 8.47326E-1 9.83334E-1 9.28437E-1 9.90596E-1 9.8258E-1 9.41964E-1 9.95494E-1 9.65474E-1 9.8818E-1 9.79804E-1 9.68153E-1 9.76842E-1 9.40834E-1 9.29374E-1 9.93416E-1 9.98929E-1
-9999 -9999 -9999 -9999 -9999 -9999 -9999 -9999 -9999 -9999 -9999 -9999 -9999 -9999 -9999 -9999 -9999 -9999 -9999 -9999 -9999 -9999 -9999 -9999 -9999 -9999 -9999 -9999 -9999 -9999 -9999 -9999 9.09993E-1 9.49723E-1 9.73565E-1 9.20053E-1 9.67549E-1 9.88709E-1 9.61068E-1 8.79284E-1 8.69137E-1 9.508E-1 9.51183E-1 9.90606E-1 9.96538E-1 9.9842E-1 9.91052E-1 9.69245E-1 9.97425E-1 9.98826E-1 9.95408E-1 9.72701E-1 9.92274E-1 9.98772E-1 9.33659E-1 9.6533E-1 9.20715E-1 9.86264E-1 9.72152E-1 8.49973E-1 9.9436E-1 8.71628E-1 9.75266E-1 9.95783E-1 9.79019E-1 9.74117E-1 9.84402E-1 8.79222E-1 9.93106E-1 9.99474E-1
-9999 -9999 -9999 -9999 -9999 -9999 -9999 -9999 -9999 -9999 -9999 -9999 -9999 -9999 -9999 -9999 -9999 -9999 -9999 -9999 -9999 -9999 -9999 -9999 -9999 -9999 -9999 -9999 -9999 -9999 -9999 -9999 -9999 8.48274E-1 9.4046E-1 9.71824E-1 9.77062E-1 9.44011E-1 9.8052E-1 9.3539E-1 8.72893E-1 9.41826E-1 9.79114E-1 9.08103E-1 9.96901E-1 9.82095E-1 9.91485E-1 9.76918E-1 9.94069E-1 9.99389E-1 9.95004E-1 9.18474E-1 9.66392E-1 9.9733E-1 9.93356E-1 8.22496E-1 7.90737E-1 9.74655E-1 9.74493E-1 8.86294E-1 9.66432E-1 8.93361E-1 9.27578E-1 9.95965E-1 9.85701E-1 9.26801E-1 9.59769E-1 8.80139E-1 9.9635E-1 9.98745E-1
-9999 -9999 -9999 -9999 -9999 -9999 -9999 -9999 -9999 -9999 -9999 -9999 -9999 -9999 -9999 -9999 -9999 -9999 -9999 -9999 -9999 -9999 -9999 -9999 -9999 -9999 -9999 -9999 -9999 -9999 -9999 -9999 -9999 -9999 -9999 9.7464E-1 9.48269E-1 9.57159E-1 9.29187E-1 9.2054E-1 7.10347E-1 9.53066E-1 9.65457E-1 9.9359E-1 9.95922E-1 9.64068E-1 9.56279E-1 9.64536E-1 9.59158E-1 9.98675E-1 9.96414E-1 9.02172E-1 9.39812E-1 9.60927E-1 9.94152E-1 8.82044E-1 6.48728E-1 9.24093E-1 9.75954E-1 8.25309E-1 9.41903E-1 7.73493E-1 7.79828E-1 9.37892E-1 9.73884E-1 9.4647E-1 8.96026E-1 9.30831E-1 9.97919E-1 9.99058E-1
-9999 -9999 -9999 -9999 -9999 -9999 -9999 -9999 -9999 -9999 -9999 -9999 -9999 -9999 -9999 -9999 -9999 -9999 -9999 -9999 -9999 -9999 -9999 -9999 -9999 -9999 -9999 -9999 -9999 -9999 -9999 -9999 -9999 -9999 -9999 -9999 8.97098E-1 9.56235E-1 9.13939E-1 7.86548E-1 8.19412E-1 9.12487E-1 9.53422E-1 9.83674E-1 9.87148E-1 8.21974E-1 9.79478E-1 9.61508E-1 9.64183E-1 9.8841E-1 9.92929E-1 9.65044E-1 9.15763E-1 7.60786E-1 9.9262E-1 9.60904E-1 8.33562E-1 7.5313E-1 9.52058E-1 8.84254E-1 7.86021E-1 7.83272E-1 6.7973E-1 9.05624E-1 9.0036E-1 9.69632E-1 9.09644E-1 8.22407E-1 8.2201E-1 9.65813E-1
-9999 -9999 -9999 -9999 -9999 -9999 -9999 -9999 -9999 -9999 -9999 -9999 -9999 -9999 -9999 -9999 -9999 -9999 -9999 -9999 -9999 -9999 -9999 -9999 -9999 -9999 -9999 -9999 -9999 -9999 -9999 -9999 -9999 -9999 -9999 -9999 -9999 9.12549E-1 9.22579E-1 7.04409E-1 8.84532E-1 8.64944E-1 8.6818E-1 9.37921E-1 8.63946E-1 9.09205E-1 8.91855E-1 8.77656E-1 8.77999E-1 8.26673E-1 8.54742E-1 7.78514E-1 9.30975E-1 8.82597E-1 9.10727E-1 9.15905E-1 8.71657E-1 7.94314E-1 8.73416E-1 8.20552E-1 6.20189E-1 5.44298E-1 5.82008E-1 7.80949E-1 8.3493E-1 9.58112E-1 9.78916E-1 8.40801E-1 8.02288E-1 9.62751E-1
-9999 -9999 -9999 -9999 -9999 -9999 -9999 -9999 -9999 -9999 -9999 -9999 -9999 -9999 -9999 -9999 -9999 -9999 -9999 -9999 -9999 -9999 -9999 -9999 -9999 -9999 -9999 -9999 -9999 -9999 -9999 -9999 -9999 -9999 -9999 -9999 -9999 -9999 -9999 5.96841E-1 6.33179E-1 6.45604E-1 7.73309E-1 9.40365E-1 9.38467E-1 8.11803E-1 7.59822E-1 8.77713E-1 8.18882E-1 7.67839E-1 7.93083E-1 7.54206E-1 7.24062E-1 8.36077E-1 8.4858E-1 9.43283E-1 8.31039E-1 7.44777E-1 7.20923E-1 8.74622E-1 6.41328E-1 5.11537E-1 5.362E-1 6.64821E-1 7.96033E-1 9.78556E-1 9.95162E-1 7.9583E-1 8.84441E-1 9.95697E-1
-9999 -9999 -9999 -9999 -9999 -9999 -9999 -9999 -9999 -9999 -9999 -9999 -9999 -9999 -9999 -9999 -9999 -9999 -9999 -9999 -9999 -9999 -9999 -9999 -9999 -9999 -9999 -9999 -9999 -9999 -9999 -9999 -9999 -9999 -9999 -9999 -9999 -9999 -9999 -9999 6.1195E-1 6.96705E-1 7.9099E-1 9.50105E-1 8.83532E-1 8.6196E-1 8.40425E-1 7.77512E-1 5.14377E-1 6.43931E-1 6.53545E-1 9.27567E-1 8.46394E-1 8.49319E-1 9.14716E-1 9.43888E-1 9.97328E-1 9.30454E-1 6.98363E-1 5.82446E-1 6.45999E-1 5.13634E-1 4.40972E-1 4.71026E-1 7.71085E-1 9.79814E-1 9.23904E-1 9.27435E-1 9.89361E-1 9.97825E-1
-9999 -9999 -9999 -9999 -9999 -9999 -9999 -9999 -9999 -9999 -9999 -9999 -9999 -9999 -9999 -9999 -9999 -9999 -9999 -9999 -9999 -9999 -9999 -9999 -9999 -9999 -9999 -9999 -9999 -9999 -9999 -9999 -9999 -9999 -9999 -9999 -9999 -9999 -9999 -9999 5.64036E-1 6.88258E-1 9.00105E-1 8.69928E-1 7.30292E-1 7.61742E-1 9.04009E-1 5.83997E-1 7.0106E-1 7.0123E-1 6.60996E-1 7.47792E-1 7.10318E-1 8.66462E-1 9.5587E-1 7.49434E-1 9.34698E-1 9.82623E-1 8.77567E-1 7.7185E-1 5.18728E-1 5.35888E-1 4.74284E-1 5.19901E-1 8.50115E-1 9.70196E-1 9.80751E-1 9.00394E-1 9.88898E-1 9.99784E-1
-9999 -9999 -9999 -9999 -9999 -9999 -9999 -9999 -9999 -9999 -9999 -9999 -9999 -9999 -9999 -9999 -9999 -9999 -9999 -9999 -9999 -9999 -9999 -9999 -9999 -9999 -9999 -9999 -9999 -9999 -9999 -9999 -9999 -9999 -9999 -9999 -9999 -9999 -9999 -9999 4.46632E-1 7.18029E-1 8.54288E-1 8.64343E-1 6.76298E-1 6.73789E-1 8.4561E-1 4.71981E-1 5.0768E-1 7.58377E-1 6.36939E-1 6.51051E-1 6.33645E-1 6.97276E-1 8.10601E-1 8.94529E-1 7.03073E-1 9.57879E-1 8.46318E-1 7.98026E-1 6.72966E-1 4.4997E-1 4.65744E-1 6.11774E-1 8.61148E-1 9.67013E-1 7.81324E-1 8.56233E-1 9.92776E-1 9.96148E-1
-9999 -9999 -9999 -9999 -9999 -9999 -9999 -9999 -9999 -9999 -9999 -9999 -9999 -9999 -9999 -9999 -9999 -9999 -9999 -9999 -9999 -9999 -9999 -9999 -9999 -9999 -9999 -9999 -9999 -9999 -9999 -9999 -9999 -9999 -9999 -9999 -9999 -9999 -9999 -9999 5.37058E-1 7.72361E-1 8.70796E-1 8.0751E-1 9.10481E-1 8.56244E-1 7.44863E-1 4.51809E-1 6.37789E-1 6.13298E-1 6.20859E-1 5.1306E-1 4.57747E-1 5.73095E-1 7.39218E-1 9.13229E-1 8.39614E-1 9.335E-1 7.34881E-1 7.61995E-1 8.64884E-1 5.76048E-1 3.90785E-1 6.96801E-1 8.94825E-1 9.02017E-1 9.41559E-1 9.98495E-1 9.99281E-1 9.97634E-1
-9999 -9999 -9999 -9999 -9999 -9999 -9999 -9999 -9999 -9999 -9999 -9999 -9999 -9999 -9999 -9999 -9999 -9999 -9999 -9999 -9999 -9999 -9999 -9999 -9999 -9999 -9999 -9999 -9999 -9999 -9999 -9999 -9999 -9999 -9999 -9999 -9999 -9999 5.14129E-1 3.63463E-1 6.55763E-1 8.06295E-1 7.03752E-1 7.4388E-1 8.3345E-1 8.67628E-1 7.54487E-1 7.23944E-1 6.25097E-1 5.4335E-1 6.28934E-1 4.98613E-1 4.23818E-1 4.47669E-1 4.28471E-1 7.59786E-1 8.49162E-1 6.57039E-1 6.70053E-1 6.37105E-1 7.98254E-1 7.61032E-1 4.52932E-1 6.8286E-1 8.17601E-1 9.13563E-1 8.05711E-1 9.83074E-1 9.9934E-1 9.98545E-1
-9999 -9999 -9999 -9999 -9999 -9999 -9999 -9999 -9999 -9999 -9999 -9999 -9999 -9999 -9999 -9999 -9999 -9999 -9999 -9999 -9999 -9999 -9999 -9999 -9999 -9999 -9999 -9999 -9999 -9999 -9999 -9999 -9999 -9999 -9999 -9999 -9999 -9999 5.66466E-1 5.15198E-1 4.86965E-1 6.78408E-1 7.65333E-1 6.51782E-1 7.5303E-1 8.61774E-1 7.58015E-1 6.67477E-1 5.06429E-1 6.18508E-1 5.1376E-1 5.38356E-1 4.53731E-1 3.93988E-1 3.97359E-1 4.94104E-1 6.899E-1 7.65193E-1 7.06489E-1 5.30358E-1 5.5577E-1 6.84385E-1 5.52903E-1 5.28117E-1 7.74543E-1 9.32133E-1 9.17063E-1 8.93293E-1 9.95555E-1 9.96352E-1
-9999 -9999 -9999 -9999 -9999 -9999 -9999 -9999 -9999 -9999 -9999 -9999 -9999 -9999 -9999 -9999 -9999 -9999 -9999 -9999 -9999 -9999 -9999 -9999 -9999 -9999 -9999 -9999 -9999 -9999 -9999 -9999 -9999 -9999 -9999 -9999 -9999 -9999 5.36596E-1 4.94722E-1 5.54619E-1 5.3144E-1 5.58285E-1 6.29913E-1 7.89817E-1 6.82551E-1 5.29569E-1 5.75339E-1 5.96314E-1 5.15469E-1 4.79494E-1 4.91364E-1 4.95541E-1 2.91944E-1 2.55975E-1 2.93308E-1 4.53956E-1 5.69331E-1 7.06113E-1 4.19545E-1 3.02822E-1 5.21888E-1 5.19335E-1 5.38041E-1 7.0836E-1 8.09888E-1 8.20603E-1 8.48228E-1 9.94878E-1 9.78413E-1
-9999 -9999 -9999 -9999 -9999 -9999 -9999 -9999 -9999 -9999 -9999 -9999 -9999 -9999 -9999 -9999 -9999 -9999 -9999 -9999 -9999 -9999 -9999 -9999 -9999 -9999 -9999 -9999 -9999 -9999 -9999 -9999 -9999 -9999 -9999 -9999 -9999 4.75013E-1 4.6176E-1 3.65535E-1 5.00459E-1 3.82274E-1 5.64146E-1 6.20938E-1 7.50823E-1 8.15041E-1 7.14458E-1 6.30257E-1 5.91809E-1 6.52631E-1 4.38309E-1 4.84238E-1 3.31986E-1 3.46575E-1 2.64883E-1 2.33894E-1 3.10372E-1 5.36196E-1 5.62438E-1 4.70771E-1 3.17585E-1 3.53821E-1 5.57487E-1 4.60752E-1 5.94558E-1 6.43635E-1 5.08357E-1 5.63854E-1 9.89495E-1 8.98947E-1
-9999 -9999 -9999 -9999 -9999 -9999 -9999 -9999 -9999 -9999 -9999 -9999 -9999 -9999 -9999 -9999 -9999 -9999 -9999 -9999 -9999 -9999 -9999 -9999 -9999 -9999 -9999 -9999 -9999 -9999 -9999 -9999 -9999 -9999 -9999 -9999 3.09896E-1 5.3631E-1 4.56403E-1 3.74618E-1 4.26698E-1 3.60076E-1 4.69066E-1 6.17982E-1 8.48441E-1 7.0327E-1 5.97502E-1 5.79551E-1 6.95838E-1 6.07608E-1 4.68214E-1 5.30608E-1 5.26747E-1 3.12148E-1 2.45718E-1 2.69257E-1 4.13232E-1 2.79993E-1 4.33311E-1 3.62677E-1 3.09783E-1 3.10844E-1 3.70331E-1 4.92017E-1 3.94528E-1 5.0947E-1 7.13404E-1 9.65047E-1 9.62853E-1 9.29556E-1
-9999 -9999 -9999 -9999 -9999 -9999 -9999 -9999 -9999 -9999 -9999 -9999 -9999 -9999 -9999 -9999 -9999 -9999 -9999 -9999 -9999 -9999 -9999 -9999 -9999 -9999 -9999 -9999 -9999 -9999 -9999 -9999 -9999 -9999 -9999 -9999 3.12929E-1 3.61168E-1 5.21907E-1 3.60833E-1 3.91195E-1 2.74468E-1 4.08869E-1 4.34382E-1 7.37125E-1 5.87591E-1 6.19876E-1 4.92915E-1 5.35122E-1 5.47972E-1 4.95547E-1 3.8123E-1 3.43544E-1 3.11677E-1 2.36405E-1 1.7613E-1 3.51695E-1 2.6009E-1 3.06565E-1 2.27658E-1 2.67831E-1 2.73704E-1 3.40869E-1 3.20072E-1 2.32719E-1 2.63987E-1 3.16713E-1 7.63833E-1 9.28659E-1 8.42923E-1
