ENM/Final_Models/M_1_F_q_Set_1_EC/Gustavia_santanderiensis_Choco_avg.asc
ncols         367
nrows         963
xllcorner     -78.6
yllcorner     0.65
cellsize      0.00833333333333323
NODATA_value  -9999
[rows 390 to 419 of 963, columns 134 to 200 of 367]
-9999 -9999 -9999 -9999 -9999 -9999 -9999 -9999 -9999 -9999 -9999 -9999 5.25486E-1 5.63346E-1 4.71952E-1 5.14467E-1 1.73146E-1 1.18022E-1 1.01071E-1 1.4962E-1 3.91065E-1 5.72526E-1 5.51638E-1 5.24678E-1 3.41379E-1 7.57478E-2 1.41881E-2 6.58371E-3 1.31445E-3 1.88313E-3 4.03249E-3 8.58353E-3 1.56228E-3 3.73308E-3 2.34543E-2 4.31439E-2 8.50427E-2 6.32709E-1 6.9828E-1 6.61186E-1 6.4789E-1 5.39781E-1 5.82735E-1 5.50287E-1 6.08924E-1 6.15177E-1 6.21664E-1 6.8473E-1 6.47249E-1 6.51524E-1 6.89173E-1 6.88246E-1 6.56754E-1 6.88327E-1 6.22467E-1 6.41578E-1 7.04386E-1 7.38471E-1 7.56016E-1 7.44543E-1 7.49985E-1 7.39332E-1 7.83569E-1 7.94526E-1 8.06779E-1 8.06724E-1 8.02653E-1
-9999 -9999 -9999 -9999 -9999 -9999 -9999 -9999 -9999 -9999 -9999 -9999 -9999 6.07684E-1 6.30355E-1 5.72374E-1 3.64451E-1 2.5152E-1 2.20622E-1 2.81364E-1 2.67128E-1 4.38252E-1 6.08998E-1 5.64076E-1 5.90022E-1 1.87359E-1 4.10492E-2 6.39083E-3 1.58187E-3 1.40152E-3 7.36268E-4 8.4923E-3 2.29582E-3 2.56383E-3 5.96379E-3 2.08912E-1 3.40796E-1 6.44423E-1 7.01437E-1 6.68308E-1 6.46997E-1 5.71256E-1 5.58791E-1 5.34686E-1 5.65382E-1 6.27945E-1 5.89574E-1 6.58703E-1 6.73265E-1 6.6678E-1 6.21205E-1 6.15223E-1 6.43645E-1 6.34543E-1 7.08359E-1 7.45891E-1 7.64543E-1 7.82438E-1 7.37886E-1 7.60691E-1 7.64949E-1 7.46446E-1 7.81295E-1 8.07517E-1 8.05252E-1 8.00523E-1 7.90972E-1
-9999 -9999 -9999 -9999 -9999 -9999 -9999 -9999 -9999 -9999 -9999 -9999 -9999 4.89993E-1 5.10628E-1 4.01818E-1 5.18034E-1 5.17504E-1 3.0669E-1 4.81113E-1 4.65998E-1 5.18845E-1 5.76303E-1 5.90577E-1 6.07671E-1 4.30152E-1 1.84522E-1 6.87613E-3 1.67453E-3 3.56059E-3 4.1921E-3 2.41167E-2 5.91069E-2 6.58143E-2 1.85233E-1 5.66213E-1 6.35887E-1 6.88509E-1 6.6531E-1 6.44858E-1 6.51464E-1 5.49748E-1 5.46807E-1 5.66908E-1 6.87216E-1 6.67569E-1 6.6583E-1 6.71085E-1 6.77568E-1 6.64499E-1 6.51696E-1 6.14053E-1 6.48995E-1 6.92147E-1 7.36252E-1 7.65123E-1 7.76311E-1 7.9387E-1 7.62325E-1 7.83753E-1 7.70647E-1 7.63704E-1 7.98225E-1 8.09201E-1 7.96586E-1 7.93361E-1 7.92951E-1
-9999 -9999 -9999 -9999 -9999 -9999 -9999 -9999 -9999 -9999 -9999 -9999 -9999 -9999 -9999 3.58446E-1 4.0941E-1 4.95894E-1 2.83518E-1 5.6838E-1 6.4829E-1 6.39196E-1 5.3975E-1 4.13795E-1 5.3964E-1 3.8376E-1 4.16624E-2 6.3979E-3 4.59254E-3 1.42534E-2 1.63315E-2 2.76244E-2 2.16711E-1 1.54687E-1 4.09604E-1 6.47798E-1 7.22649E-1 7.12445E-1 6.60243E-1 6.00847E-1 6.11876E-1 6.11945E-1 6.18365E-1 6.07588E-1 7.2945E-1 7.01604E-1 6.97839E-1 5.99083E-1 6.433E-1 6.92609E-1 6.99823E-1 6.19698E-1 6.25769E-1 6.45366E-1 6.98073E-1 7.43692E-1 7.84289E-1 7.86955E-1 7.70193E-1 8.00058E-1 7.76403E-1 7.94812E-1 8.03413E-1 8.01644E-1 7.92317E-1 7.83219E-1 7.87009E-1
-9999 -9999 -9999 -9999 -9999 -9999 -9999 -9999 -9999 -9999 -9999 -9999 -9999 -9999 -9999 -9999 6.58739E-1 5.53284E-1 4.86434E-1 6.54699E-1 6.70484E-1 5.47043E-1 4.48809E-1 3.6568E-1 1.3329E-1 5.45462E-1 2.86501E-1 5.98065E-2 2.93478E-2 3.19465E-2 2.89648E-2 9.42367E-2 2.55275E-1 4.24785E-1 5.93094E-1 6.66454E-1 7.07718E-1 7.14055E-1 6.92262E-1 6.27829E-1 6.0568E-1 6.0555E-1 5.47498E-1 6.12675E-1 5.90402E-1 6.6283E-1 7.18785E-1 6.55563E-1 6.93536E-1 7.08009E-1 6.56465E-1 6.52011E-1 6.56633E-1 6.9631E-1 7.54427E-1 7.34363E-1 7.69412E-1 7.94085E-1 7.84007E-1 7.38615E-1 7.671E-1 7.7897E-1 7.87804E-1 8.05394E-1 7.91565E-1 7.68453E-1 7.88743E-1
-9999 -9999 -9999 -9999 -9999 -9999 -9999 -9999 -9999 -9999 -9999 -9999 -9999 -9999 -9999 -9999 -9999 6.61716E-1 6.53283E-1 6.97315E-1 6.62499E-1 5.92574E-1 4.34049E-1 1.38944E-1 7.77374E-2 1.58234E-1 3.20185E-1 4.19819E-1 1.60922E-1 1.75863E-1 1.54899E-1 1.38814E-1 1.84666E-1 2.89751E-1 4.77955E-1 5.7754E-1 6.5941E-1 6.24108E-1 6.76523E-1 6.28781E-1 5.89163E-1 5.20348E-1 5.11808E-1 5.28314E-1 5.95775E-1 6.00272E-1 6.28893E-1 6.79414E-1 7.14119E-1 7.08727E-1 7.09446E-1 6.77902E-1 6.8585E-1 6.97547E-1 7.51658E-1 6.93497E-1 7.13319E-1 7.2149E-1 7.39364E-1 6.84446E-1 7.4198E-1 7.244E-1 7.23959E-1 7.99247E-1 7.92468E-1 7.87407E-1 8.0735E-1
-9999 -9999 -9999 -9999 -9999 -9999 -9999 -9999 -9999 -9999 -9999 -9999 -9999 -9999 -9999 -9999 -9999 6.92117E-1 6.93914E-1 6.13752E-1 5.30721E-1 6.95851E-1 5.47101E-1 2.0123E-1 4.48856E-2 1.92658E-2 1.29997E-1 2.23846E-1 1.64716E-1 1.31088E-1 1.01923E-1 2.25504E-2 3.38657E-2 1.13245E-1 2.20878E-1 3.5209E-1 6.37218E-1 6.74882E-1 6.83122E-1 6.08975E-1 5.4012E-1 5.5264E-1 5.7451E-1 5.2484E-1 5.42864E-1 4.63006E-1 5.78257E-1 6.42859E-1 6.77521E-1 6.92134E-1 7.24867E-1 7.28485E-1 7.09896E-1 7.34943E-1 7.29992E-1 7.16844E-1 7.2005E-1 7.61222E-1 7.57414E-1 7.35171E-1 7.41229E-1 7.53068E-1 7.58551E-1 7.85156E-1 7.99529E-1 7.97899E-1 7.82194E-1
-9999 -9999 -9999 -9999 -9999 -9999 -9999 -9999 -9999 -9999 -9999 -9999 -9999 -9999 -9999 -9999 -9999 6.7105E-1 6.3838E-1 5.73917E-1 5.92648E-1 6.65498E-1 4.70813E-1 6.05273E-2 1.71059E-2 9.03465E-3 2.2443E-3 1.55322E-2 2.78312E-2 5.2461E-2 3.78416E-2 1.72905E-2 2.31867E-2 8.86936E-2 2.49312E-1 4.42573E-1 6.0318E-1 6.3958E-1 6.96422E-1 7.03765E-1 5.74159E-1 5.78945E-1 5.47318E-1 5.66753E-1 5.57725E-1 6.1655E-1 6.15675E-1 6.47891E-1 6.97402E-1 7.36611E-1 6.88025E-1 6.97886E-1 7.38064E-1 6.90406E-1 6.80825E-1 6.65534E-1 6.58644E-1 7.43406E-1 7.71208E-1 7.26859E-1 7.44951E-1 7.36372E-1 7.4061E-1 7.83281E-1 7.57663E-1 7.69778E-1 7.66079E-1
-9999 -9999 -9999 -9999 -9999 -9999 -9999 -9999 -9999 -9999 -9999 -9999 -9999 -9999 -9999 -9999 -9999 6.38392E-1 6.09779E-1 6.35895E-1 4.51549E-1 4.98997E-1 5.73884E-1 1.54324E-1 1.78638E-1 8.09685E-2 1.73291E-2 3.75128E-2 8.81419E-2 2.94521E-2 3.78571E-2 5.57164E-2 4.70767E-2 5.35278E-2 1.70238E-1 4.47158E-1 5.52727E-1 5.54589E-1 6.65871E-1 6.83066E-1 6.33549E-1 5.54757E-1 5.88556E-1 6.14605E-1 6.52385E-1 6.30238E-1 6.28745E-1 6.40287E-1 6.61367E-1 6.95377E-1 6.92517E-1 7.04361E-1 6.89862E-1 7.49453E-1 6.99465E-1 6.89756E-1 6.90246E-1 7.08371E-1 7.31007E-1 7.71747E-1 7.21262E-1 7.83021E-1 7.77201E-1 8.08258E-1 7.95048E-1 8.02728E-1 8.05316E-1
-9999 -9999 -9999 -9999 -9999 -9999 -9999 -9999 -9999 -9999 -9999 -9999 -9999 -9999 -9999 -9999 -9999 6.68706E-1 6.3158E-1 6.19271E-1 5.25261E-1 5.31024E-1 5.13874E-1 2.56902E-1 2.56866E-1 3.35592E-1 3.79318E-1 1.79132E-1 2.13385E-1 1.76451E-1 7.94224E-2 9.20963E-2 4.21713E-2 2.8389E-2 1.15979E-1 4.05677E-1 5.5322E-1 5.86535E-1 6.60838E-1 6.88728E-1 5.96814E-1 6.06952E-1 6.17112E-1 5.90808E-1 6.31537E-1 6.20803E-1 6.15294E-1 6.62679E-1 6.79509E-1 6.88628E-1 7.05287E-1 6.95916E-1 6.77467E-1 7.16317E-1 7.15905E-1 6.81514E-1 6.48576E-1 6.76021E-1 6.81651E-1 7.79426E-1 7.39896E-1 7.71535E-1 7.4948E-1 7.81983E-1 8.08432E-1 7.98198E-1 8.06683E-1
-9999 -9999 -9999 -9999 -9999 -9999 -9999 -9999 -9999 -9999 -9999 -9999 -9999 -9999 -9999 -9999 -9999 6.35313E-1 6.19363E-1 7.27168E-1 6.77748E-1 5.89398E-1 6.24501E-1 4.94708E-1 5.30167E-1 5.89447E-1 4.76051E-1 3.05517E-1 2.28403E-1 1.54635E-1 9.06124E-2 9.70849E-2 2.8002E-2 1.06792E-2 5.80476E-2 3.98261E-1 6.44238E-1 7.12622E-1 6.85367E-1 6.85299E-1 5.90645E-1 5.98397E-1 6.43939E-1 5.75207E-1 6.52442E-1 6.82611E-1 6.50061E-1 6.65788E-1 6.74151E-1 7.04647E-1 7.0832E-1 7.10766E-1 7.3825E-1 7.41141E-1 7.09601E-1 6.52696E-1 6.72321E-1 6.94379E-1 6.69573E-1 7.47413E-1 7.62331E-1 7.57632E-1 7.64346E-1 7.78517E-1 8.02991E-1 8.06286E-1 7.98991E-1
-9999 -9999 -9999 -9999 -9999 -9999 -9999 -9999 -9999 -9999 -9999 -9999 -9999 -9999 -9999 -9999 -9999 7.13159E-1 7.19428E-1 7.51511E-1 6.95004E-1 6.34969E-1 6.30177E-1 6.50858E-1 7.27841E-1 7.76752E-1 4.9045E-1 1.87445E-1 9.3614E-2 1.74689E-1 9.94695E-2 4.82066E-2 2.76539E-2 7.80978E-3 2.76537E-2 3.44106E-1 6.81657E-1 6.51724E-1 6.64193E-1 6.49795E-1 6.01813E-1 6.23816E-1 6.16219E-1 6.2225E-1 6.1384E-1 6.37326E-1 6.58761E-1 6.69206E-1 6.74115E-1 7.23773E-1 7.1095E-1 7.09221E-1 7.45405E-1 7.4726E-1 7.07934E-1 7.09114E-1 6.73386E-1 7.24715E-1 7.20136E-1 6.63824E-1 7.43193E-1 7.92741E-1 7.68529E-1 7.8361E-1 7.71619E-1 7.95209E-1 7.69486E-1
-9999 -9999 -9999 -9999 -9999 -9999 -9999 -9999 -9999 -9999 -9999 -9999 -9999 -9999 -9999 -9999 -9999 6.96194E-1 6.98557E-1 7.02105E-1 6.2265E-1 6.41897E-1 4.90692E-1 5.7594E-1 6.69217E-1 6.51603E-1 6.60837E-1 1.20943E-1 2.93502E-2 2.82189E-2 2.20964E-2 3.38494E-2 9.78184E-3 2.59848E-2 9.8779E-2 4.06795E-1 5.62771E-1 5.56858E-1 6.45407E-1 6.56539E-1 6.52057E-1 6.01043E-1 6.00256E-1 6.65538E-1 6.7719E-1 7.16341E-1 6.65557E-1 6.43301E-1 7.01436E-1 6.59266E-1 7.25847E-1 7.36518E-1 7.37428E-1 7.32923E-1 6.70959E-1 7.10208E-1 7.15877E-1 7.23251E-1 7.36919E-1 6.71946E-1 7.67297E-1 7.9876E-1 7.88907E-1 8.0138E-1 7.73885E-1 7.67239E-1 7.61225E-1
-9999 -9999 -9999 -9999 -9999 -9999 -9999 -9999 -9999 -9999 -9999 -9999 -9999 -9999 -9999 -9999 -9999 6.45727E-1 6.61782E-1 6.56568E-1 5.93366E-1 6.53073E-1 4.84644E-1 5.25264E-1 3.41245E-1 5.67254E-1 6.14231E-1 9.41411E-2 2.40874E-2 3.9175E-3 2.48634E-3 5.0706E-3 3.87567E-3 7.90045E-3 1.2889E-1 4.90257E-1 5.50483E-1 6.1911E-1 6.05532E-1 6.60369E-1 5.76117E-1 6.69778E-1 6.89209E-1 6.33116E-1 6.40089E-1 6.48744E-1 6.54304E-1 6.44543E-1 7.16962E-1 6.89434E-1 6.52504E-1 6.90785E-1 7.23972E-1 6.78386E-1 6.27274E-1 6.97899E-1 7.3096E-1 7.07884E-1 6.64537E-1 6.89089E-1 7.54416E-1 8.03908E-1 7.84054E-1 7.61542E-1 7.64642E-1 7.99386E-1 7.97873E-1
-9999 -9999 -9999 -9999 -9999 -9999 -9999 -9999 -9999 -9999 -9999 -9999 -9999 -9999 -9999 -9999 -9999 6.46485E-1 7.02294E-1 6.35703E-1 6.39824E-1 6.33018E-1 5.83515E-1 6.06988E-1 2.96248E-1 3.43888E-1 3.3654E-1 8.81174E-2 3.84998E-2 8.87117E-3 3.69698E-3 7.96148E-3 5.16092E-3 9.17171E-3 7.9162E-2 4.78261E-1 6.34257E-1 6.27253E-1 6.14111E-1 6.576E-1 6.24435E-1 6.73088E-1 6.77993E-1 6.80928E-1 6.60209E-1 6.42752E-1 6.86009E-1 6.47998E-1 6.66341E-1 6.79695E-1 6.71679E-1 6.90043E-1 6.92225E-1 6.41826E-1 6.5244E-1 7.40584E-1 7.09458E-1 7.16242E-1 6.55791E-1 6.69244E-1 7.25603E-1 7.56306E-1 7.769E-1 7.79451E-1 7.54181E-1 7.67778E-1 8.0381E-1
-9999 -9999 -9999 -9999 -9999 -9999 -9999 -9999 -9999 -9999 -9999 -9999 -9999 -9999 -9999 -9999 -9999 6.79015E-1 6.61979E-1 6.84006E-1 6.41098E-1 6.59747E-1 7.13051E-1 6.50421E-1 4.02599E-1 3.39969E-1 3.67311E-1 9.15862E-2 2.63207E-2 1.60288E-2 7.28974E-3 7.08148E-3 4.54101E-3 1.51922E-2 1.45599E-1 5.46561E-1 6.30812E-1 5.88962E-1 6.16526E-1 6.29993E-1 6.44434E-1 6.41509E-1 6.41444E-1 6.45897E-1 6.2842E-1 6.4688E-1 6.66385E-1 6.56113E-1 7.02368E-1 6.40549E-1 6.75797E-1 6.84426E-1 7.06127E-1 6.479E-1 7.00781E-1 7.02523E-1 6.66375E-1 6.71463E-1 6.68292E-1 7.18774E-1 6.7639E-1 6.67232E-1 7.58167E-1 7.58281E-1 7.43377E-1 7.3907E-1 7.51977E-1
-9999 -9999 -9999 -9999 -9999 -9999 -9999 -9999 -9999 -9999 -9999 -9999 -9999 -9999 -9999 -9999 -9999 6.68293E-1 6.4232E-1 6.64644E-1 6.91881E-1 6.44801E-1 6.94938E-1 6.20054E-1 3.55867E-1 3.05906E-1 1.71618E-1 7.01198E-2 1.55855E-2 2.27126E-2 5.36091E-3 5.45756E-3 1.13482E-2 4.74326E-2 2.3768E-1 6.50786E-1 6.71051E-1 5.56132E-1 5.51827E-1 6.64204E-1 6.2383E-1 6.30261E-1 6.5859E-1 6.822E-1 6.56013E-1 6.31967E-1 6.5344E-1 6.46356E-1 6.67195E-1 6.52783E-1 7.17307E-1 6.79614E-1 6.85688E-1 6.56667E-1 6.51572E-1 7.26491E-1 7.38687E-1 7.24481E-1 6.541E-1 6.68296E-1 6.64578E-1 7.01172E-1 7.7346E-1 7.9099E-1 7.69327E-1 7.47035E-1 7.58688E-1
-9999 -9999 -9999 -9999 -9999 -9999 -9999 -9999 -9999 -9999 -9999 -9999 -9999 -9999 -9999 -9999 -9999 6.48697E-1 6.98291E-1 7.13028E-1 7.2456E-1 6.98103E-1 6.91675E-1 7.20282E-1 4.96133E-1 4.32046E-1 1.53011E-1 1.57545E-2 2.15541E-2 1.02357E-2 6.04617E-3 9.38706E-3 1.69572E-2 3.56262E-2 3.29544E-1 6.66024E-1 7.00154E-1 6.18552E-1 5.82917E-1 6.42956E-1 6.07205E-1 6.46583E-1 6.13185E-1 6.73293E-1 6.48582E-1 6.27408E-1 6.93202E-1 6.77404E-1 6.85376E-1 6.83805E-1 7.31564E-1 6.5937E-1 6.93848E-1 6.7963E-1 6.89082E-1 7.03659E-1 7.25094E-1 7.47844E-1 7.11021E-1 6.49444E-1 6.26671E-1 7.23203E-1 7.82875E-1 7.47071E-1 7.60249E-1 7.55596E-1 7.38184E-1
-9999 -9999 -9999 -9999 -9999 -9999 -9999 -9999 -9999 -9999 -9999 -9999 -9999 -9999 -9999 -9999 -9999 7.01307E-1 7.77663E-1 7.74656E-1 7.54856E-1 7.20731E-1 7.26062E-1 7.91604E-1 6.41211E-1 4.69026E-1 1.67089E-1 3.82602E-2 4.38422E-2 2.65326E-2 2.6561E-2 1.38017E-2 3.99135E-2 2.1036E-2 3.65566E-1 7.15713E-1 7.37467E-1 6.74866E-1 6.69419E-1 6.48521E-1 6.53298E-1 6.38444E-1 6.39163E-1 6.67892E-1 6.7992E-1 7.27755E-1 6.63168E-1 6.67364E-1 6.79109E-1 6.77375E-1 6.96126E-1 7.33091E-1 6.81777E-1 6.9602E-1 6.75728E-1 7.48834E-1 7.44416E-1 7.30153E-1 6.95529E-1 7.21371E-1 6.89968E-1 7.19726E-1 7.62888E-1 7.56399E-1 7.79935E-1 7.41857E-1 7.374E-1
-9999 -9999 -9999 -9999 -9999 -9999 -9999 -9999 -9999 -9999 -9999 -9999 -9999 -9999 -9999 -9999 -9999 6.7987E-1 7.37077E-1 7.68298E-1 7.06117E-1 6.8733E-1 6.8084E-1 7.51207E-1 6.53315E-1 5.67836E-1 4.88996E-1 5.3446E-1 5.17263E-1 2.74816E-1 6.69012E-2 4.2042E-2 1.33423E-1 1.59464E-1 3.99341E-1 6.7457E-1 6.56592E-1 6.47467E-1 6.72373E-1 6.42606E-1 6.67212E-1 6.37725E-1 6.47648E-1 6.55236E-1 5.79443E-1 5.91646E-1 6.08813E-1 6.09494E-1 6.79489E-1 6.99386E-1 7.3298E-1 7.20246E-1 6.99022E-1 6.52878E-1 6.53673E-1 7.08086E-1 7.18068E-1 7.00484E-1 6.40344E-1 6.81433E-1 7.08463E-1 7.27472E-1 7.60733E-1 7.08776E-1 7.11971E-1 7.10732E-1 7.10208E-1
-9999 -9999 -9999 -9999 -9999 -9999 -9999 -9999 -9999 -9999 -9999 -9999 -9999 -9999 -9999 -9999 -9999 7.00387E-1 7.5165E-1 7.10161E-1 7.10061E-1 6.28903E-1 6.12101E-1 6.6306E-1 6.50497E-1 5.43131E-1 3.89592E-1 5.11347E-1 5.03051E-1 3.65144E-1 1.41629E-1 8.77522E-2 1.5703E-1 4.01262E-1 4.76818E-1 6.92064E-1 6.59644E-1 6.44775E-1 6.60212E-1 6.65802E-1 6.57203E-1 5.9006E-1 6.51071E-1 6.63347E-1 6.56945E-1 6.57774E-1 6.2606E-1 7.09301E-1 7.10566E-1 7.68391E-1 7.53412E-1 7.81388E-1 7.48411E-1 6.92039E-1 6.65304E-1 7.11993E-1 6.86427E-1 6.25147E-1 6.70404E-1 6.85278E-1 7.1876E-1 7.52691E-1 7.53101E-1 7.52279E-1 7.25249E-1 7.04674E-1 7.46569E-1
-9999 -9999 -9999 -9999 -9999 -9999 -9999 -9999 -9999 -9999 -9999 -9999 -9999 -9999 -9999 -9999 -9999 7.06515E-1 7.20745E-1 7.23236E-1 7.38717E-1 6.71977E-1 7.5784E-1 4.31929E-1 6.1146E-1 5.16629E-1 2.75104E-1 1.17901E-1 2.12457E-1 2.80413E-1 1.21955E-1 1.1291E-1 2.9379E-1 5.67959E-1 6.46784E-1 6.33466E-1 6.62981E-1 6.27009E-1 6.56884E-1 6.72203E-1 6.51381E-1 6.80169E-1 6.9229E-1 7.13469E-1 7.09433E-1 6.80565E-1 6.41415E-1 6.47354E-1 7.2316E-1 7.52738E-1 7.63685E-1 7.61374E-1 6.97874E-1 6.9355E-1 7.15283E-1 7.17201E-1 6.89154E-1 6.36854E-1 6.91669E-1 6.92454E-1 6.88764E-1 7.44234E-1 7.97118E-1 7.16959E-1 7.22778E-1 7.50154E-1 7.78957E-1
-9999 -9999 -9999 -9999 -9999 -9999 -9999 -9999 -9999 -9999 -9999 -9999 -9999 -9999 -9999 -9999 -9999 6.60857E-1 6.46344E-1 7.05795E-1 7.10443E-1 6.52668E-1 7.6188E-1 6.4228E-1 6.8954E-1 6.66359E-1 4.16861E-1 1.83412E-1 9.61571E-2 1.39539E-1 6.93266E-2 2.87992E-1 3.77572E-1 5.69223E-1 6.63535E-1 6.45252E-1 6.33699E-1 6.78632E-1 6.94112E-1 6.55813E-1 6.27885E-1 6.6492E-1 6.79739E-1 7.04041E-1 7.05704E-1 6.65945E-1 6.38437E-1 6.74019E-1 7.09227E-1 7.54088E-1 7.39224E-1 7.68889E-1 7.5034E-1 7.00327E-1 7.25265E-1 6.86671E-1 7.08616E-1 6.60783E-1 7.03538E-1 7.16377E-1 7.18224E-1 7.33343E-1 7.86411E-1 7.86608E-1 7.79502E-1 7.72012E-1 7.7979E-1
-9999 -9999 -9999 -9999 -9999 -9999 -9999 -9999 -9999 -9999 -9999 -9999 -9999 -9999 -9999 -9999 -9999 6.66034E-1 6.41132E-1 7.3965E-1 7.33238E-1 7.49257E-1 6.86267E-1 6.2404E-1 6.47641E-1 7.79691E-1 6.29255E-1 4.16921E-1 3.73191E-1 3.15239E-1 1.49759E-1 1.28935E-1 2.15816E-1 5.53436E-1 6.54065E-1 6.93643E-1 6.85294E-1 6.81091E-1 6.97056E-1 6.77641E-1 6.12343E-1 6.30607E-1 6.57491E-1 6.82968E-1 6.90762E-1 6.77052E-1 6.46171E-1 6.49401E-1 7.28171E-1 7.74299E-1 7.4497E-1 7.46544E-1 7.26499E-1 7.21692E-1 7.35599E-1 7.48109E-1 7.02771E-1 7.19192E-1 7.22591E-1 6.75467E-1 7.39001E-1 7.10184E-1 7.74781E-1 7.56622E-1 7.61104E-1 7.77617E-1 7.53356E-1
-9999 -9999 -9999 -9999 -9999 -9999 -9999 -9999 -9999 -9999 -9999 -9999 -9999 -9999 -9999 -9999 -9999 6.70316E-1 6.50257E-1 6.34295E-1 6.06046E-1 7.15555E-1 7.08828E-1 5.95516E-1 6.48589E-1 6.73919E-1 5.76287E-1 4.92284E-1 5.41615E-1 5.98339E-1 4.98849E-1 3.52519E-1 3.02618E-1 6.17204E-1 7.08915E-1 7.09481E-1 6.52761E-1 6.55058E-1 6.65997E-1 6.6284E-1 6.28482E-1 6.28126E-1 5.36469E-1 6.45168E-1 6.38279E-1 6.40627E-1 6.3965E-1 6.51987E-1 7.20955E-1 7.73742E-1 7.31937E-1 6.82819E-1 6.94627E-1 7.07247E-1 7.40232E-1 7.1313E-1 6.95929E-1 6.67886E-1 6.57755E-1 6.62592E-1 7.56694E-1 7.44304E-1 7.82973E-1 7.2594E-1 7.26169E-1 7.58361E-1 7.87646E-1
-9999 -9999 -9999 -9999 -9999 -9999 -9999 -9999 -9999 -9999 -9999 -9999 -9999 -9999 -9999 -9999 -9999 -9999 7.11396E-1 7.05247E-1 6.75418E-1 7.34779E-1 7.67808E-1 7.08025E-1 6.69098E-1 6.96834E-1 6.6106E-1 6.38483E-1 6.80989E-1 6.50507E-1 6.18699E-1 6.62109E-1 6.99318E-1 6.5591E-1 7.04683E-1 7.45602E-1 7.32322E-1 6.83421E-1 6.74439E-1 6.35005E-1 6.69995E-1 6.51465E-1 6.34165E-1 6.01325E-1 6.23846E-1 6.71198E-1 6.87033E-1 7.38285E-1 7.56957E-1 7.1183E-1 7.26756E-1 7.21201E-1 6.62822E-1 7.27703E-1 6.84103E-1 7.16817E-1 6.89445E-1 7.39945E-1 7.19003E-1 6.89496E-1 6.96314E-1 7.46636E-1 7.5467E-1 7.10092E-1 7.20427E-1 6.95751E-1 7.81577E-1
-9999 -9999 -9999 -9999 -9999 -9999 -9999 -9999 -9999 -9999 -9999 -9999 -9999 -9999 -9999 -9999 -9999 -9999 6.64534E-1 6.97769E-1 7.17037E-1 6.85156E-1 7.42813E-1 7.63747E-1 7.5005E-1 7.20903E-1 7.25842E-1 6.96283E-1 6.60852E-1 6.34953E-1 7.00202E-1 7.20662E-1 7.4392E-1 7.26363E-1 7.12083E-1 7.42299E-1 7.12847E-1 6.95725E-1 6.40531E-1 6.49552E-1 6.40065E-1 6.61595E-1 6.62443E-1 6.73557E-1 6.92441E-1 7.16628E-1 7.06286E-1 7.08864E-1 6.97861E-1 7.65061E-1 7.0903E-1 7.45795E-1 6.84015E-1 6.94732E-1 7.27595E-1 7.32005E-1 6.96954E-1 6.5489E-1 6.60074E-1 6.76357E-1 7.07967E-1 7.583E-1 7.65526E-1 7.36515E-1 6.91994E-1 7.3707E-1 7.79081E-1
-9999 -9999 -9999 -9999 -9999 -9999 -9999 -9999 -9999 -9999 -9999 -9999 -9999 -9999 -9999 -9999 -9999 -9999 -9999 7.17239E-1 6.14588E-1 6.7097E-1 6.82284E-1 7.37085E-1 7.35997E-1 7.55641E-1 7.4913E-1 7.52862E-1 6.76833E-1 6.85039E-1 7.33092E-1 7.52768E-1 7.25933E-1 7.10885E-1 7.28768E-1 7.50162E-1 7.127E-1 6.93719E-1 6.35756E-1 6.59136E-1 6.6673E-1 6.59545E-1 6.60092E-1 7.04588E-1 6.45301E-1 6.87057E-1 7.12574E-1 6.93828E-1 6.86629E-1 7.0794E-1 6.80974E-1 6.40848E-1 6.37115E-1 7.04318E-1 7.60311E-1 7.45403E-1 7.49453E-1 7.15731E-1 7.08894E-1 7.16644E-1 7.21184E-1 6.6295E-1 7.08549E-1 7.10949E-1 7.0317E-1 7.46221E-1 7.61166E-1
-9999 -9999 -9999 -9999 -9999 -9999 -9999 -9999 -9999 -9999 -9999 -9999 -9999 -9999 -9999 -9999 -9999 -9999 -9999 6.46246E-1 6.34322E-1 6.6301E-1 6.79662E-1 7.29353E-1 7.2826E-1 7.69293E-1 7.48694E-1 7.40469E-1 7.56584E-1 6.85923E-1 7.40999E-1 7.40861E-1 7.53051E-1 7.2094E-1 7.09438E-1 7.37912E-1 7.47369E-1 7.1911E-1 6.28553E-1 7.09792E-1 6.61312E-1 6.8043E-1 6.45196E-1 6.93228E-1 6.68095E-1 6.91919E-1 6.95612E-1 6.96027E-1 7.2479E-1 7.40431E-1 6.98054E-1 6.54606E-1 7.22489E-1 7.18855E-1 7.03807E-1 7.37893E-1 7.57315E-1 7.71567E-1 7.5891E-1 7.49099E-1 7.56186E-1 7.45209E-1 6.91405E-1 7.15237E-1 7.59437E-1 7.83356E-1 7.97499E-1
-9999 -9999 -9999 -9999 -9999 -9999 -9999 -9999 -9999 -9999 -9999 -9999 -9999 -9999 -9999 -9999 -9999 -9999 -9999 5.9825E-1 7.07207E-1 7.21634E-1 7.12011E-1 7.33294E-1 7.78832E-1 7.8404E-1 7.72818E-1 7.68763E-1 7.68123E-1 7.43208E-1 7.4016E-1 7.4738E-1 7.48547E-1 7.26624E-1 7.19751E-1 7.299E-1 7.52844E-1 7.23641E-1 6.78199E-1 6.33954E-1 6.52889E-1 6.84548E-1 6.50878E-1 6.60715E-1 6.68332E-1 7.13542E-1 7.00965E-1 7.27763E-1 7.31919E-1 6.92067E-1 6.8048E-1 7.17805E-1 7.23394E-1 7.01187E-1 7.19173E-1 7.41453E-1 7.36765E-1 7.39273E-1 7.34619E-1 7.64475E-1 7.85601E-1 7.02881E-1 7.37974E-1 7.26326E-1 7.72444E-1 7.67467E-1 7.96781E-1
