ENM/Final_Models/M_1_F_q_Set_1_EC/Gustavia_santanderiensis_4_Choco_clamping.asc
ncols         367
nrows         963
xllcorner     -78.6
yllcorner     0.65
cellsize      0.00833333333333323
NODATA_value  -9999
[rows 416 to 447 of 963, columns 213 to 283 of 367]
8.15149E-3 3.10611E-3 4.51669E-3 4.61659E-3 3.31535E-3 5.24192E-3 5.35498E-3 4.41498E-3 2.81835E-3 4.03849E-3 4.52293E-3 2.42424E-3 3.48462E-3 4.74394E-3 1.16462E-2 1.04122E-2 1.17832E-2 1.03383E-2 1.16787E-2 1.19345E-2 1.02791E-2 7.16791E-3 1.23281E-2 1.21854E-2 1.43735E-2 1.3767E-2 1.48623E-2 9.37686E-3 1.34567E-2 1.42208E-2 1.17588E-2 1.0363E-2 4.90527E-3 1.05204E-2 8.43145E-3 3.51165E-3 3.97365E-3 7.20402E-3 7.35865E-3 6.8845E-3 5.16974E-3 4.147E-3 5.93803E-3 8.50241E-3 9.22581E-3 8.88354E-3 8.20778E-3 4.6826E-3 2.41393E-3 9.71158E-4 0E0 0E0 0E0 0E0 0E0 0E0 0E0 0E0 0E0 0E0 0E0 0E0 0E0 0E0 9.81567E-4 3.29767E-4 4.64596E-4 0E0 0E0 0E0 0E0
6.30232E-3 4.15498E-3 5.22014E-3 8.44237E-3 7.67111E-3 6.97409E-3 3.67953E-3 3.23679E-3 2.68035E-3 4.0504E-3 1.81403E-3 1.58771E-3 3.57998E-3 2.73568E-3 7.4521E-3 1.19132E-2 1.15489E-2 1.30549E-2 1.26302E-2 1.2984E-2 1.11192E-2 1.37451E-2 1.35014E-2 1.39169E-2 1.42728E-2 1.53037E-2 1.41433E-2 1.48623E-2 1.34342E-2 1.23258E-2 1.11278E-2 1.27656E-2 9.41449E-3 1.13586E-2 8.53299E-3 4.25149E-3 5.80236E-3 5.60799E-3 6.02736E-3 4.82614E-3 5.82448E-3 6.16892E-3 6.26862E-3 1.06429E-2 1.01289E-2 9.81383E-3 7.59521E-3 3.57391E-3 1.34162E-3 1.77679E-3 1.57764E-3 4.60545E-4 1.79774E-5 4.86159E-5 0E0 0E0 0E0 0E0 0E0 0E0 0E0 0E0 0E0 0E0 9.90822E-4 8.35936E-4 2.10293E-4 2.77049E-5 0E0 0E0 0E0
4.95357E-3 3.17396E-3 5.4734E-3 8.77853E-3 6.77938E-3 8.37255E-3 5.30479E-3 1.60088E-3 2.07501E-3 9.19981E-3 0E0 1.82938E-3 3.53171E-3 3.72184E-3 6.75209E-3 8.46899E-3 1.26864E-2 1.4405E-2 1.27958E-2 1.10949E-2 1.36584E-2 1.51042E-2 1.48788E-2 8.06028E-3 1.55113E-2 1.29828E-2 1.37554E-2 1.27018E-2 1.09462E-2 1.31474E-2 1.31224E-2 8.25672E-3 1.08587E-2 6.17662E-3 7.52888E-3 4.31645E-3 4.62771E-3 4.87437E-3 4.64223E-3 6.02179E-3 8.26504E-3 8.84269E-3 6.37106E-3 5.6583E-3 1.06594E-2 9.62177E-3 8.43925E-3 4.07484E-3 2.02349E-3 2.10859E-3 1.60138E-3 1.13838E-3 8.62378E-5 0E0 0E0 0E0 0E0 7.71542E-5 1.37957E-4 0E0 0E0 0E0 0E0 0E0 4.73957E-4 8.7659E-4 3.50904E-4 4.92367E-5 0E0 0E0 0E0
5.80209E-3 8.04473E-3 6.85947E-3 9.6808E-3 6.0636E-3 6.03475E-3 6.20721E-3 5.78905E-3 5.06367E-3 1.0436E-2 1.82755E-3 2.0364E-3 4.47434E-3 4.70853E-3 1.12957E-2 1.15049E-2 1.37508E-2 1.27883E-2 1.31666E-2 1.09434E-2 1.37779E-2 1.5113E-2 1.49298E-2 1.35978E-2 1.21859E-2 1.23903E-2 1.00406E-2 1.00384E-2 1.2238E-2 1.08145E-2 1.03166E-2 1.12043E-2 9.96791E-3 9.20961E-3 7.42962E-3 5.46603E-3 3.65412E-3 3.96825E-3 3.8819E-3 9.21182E-3 1.06526E-2 9.43896E-3 8.33446E-3 7.55246E-3 9.3372E-3 4.62593E-3 4.01626E-3 2.86248E-3 3.19328E-3 2.34274E-3 2.92596E-3 1.89656E-3 7.80145E-4 1.27233E-4 0E0 1.00472E-4 0E0 3.69415E-5 3.79975E-4 2.9553E-4 0E0 1.06728E-4 6.30917E-5 1.07167E-5 3.53877E-4 7.19217E-4 3.05608E-4 4.10648E-5 0E0 0E0 0E0
7.45362E-3 8.55183E-3 9.56042E-3 9.8016E-3 6.82656E-3 6.84553E-3 8.16606E-3 7.65134E-3 1.05504E-2 7.63742E-3 4.28351E-3 4.62948E-3 1.12083E-2 8.17164E-3 1.06041E-2 1.41822E-2 1.40924E-2 1.36863E-2 1.43835E-2 1.34519E-2 1.44942E-2 1.4117E-2 1.38516E-2 1.15576E-2 1.2529E-2 6.99319E-3 9.00619E-3 1.25372E-2 1.22827E-2 1.1902E-2 1.22926E-2 1.05056E-2 9.57611E-3 9.23926E-3 1.08652E-2 9.0279E-3 8.67671E-3 6.57221E-3 5.98479E-3 1.06951E-2 1.16172E-2 1.13632E-2 1.02741E-2 5.38106E-3 4.78665E-3 2.49232E-3 1.63011E-3 1.9946E-3 3.71388E-3 4.36419E-3 1.48587E-3 2.96158E-3 1.51406E-3 7.72943E-4 7.27645E-4 5.00576E-4 3.08267E-4 3.09249E-4 4.73611E-4 5.58074E-4 2.14812E-4 1.55298E-4 9.19984E-5 8.75203E-5 1.65496E-4 2.88106E-4 1.95526E-4 1.6256E-4 0E0 0E0 0E0
8.36714E-3 8.82777E-3 6.12675E-3 5.85287E-3 9.97051E-3 1.11381E-2 6.82754E-3 7.087E-3 9.47186E-3 8.4158E-3 8.09887E-3 8.10052E-3 6.68235E-3 8.63742E-3 7.55321E-3 1.01816E-2 3.0415E-3 4.7834E-3 1.58995E-2 1.54974E-2 1.52658E-2 1.4117E-2 1.49298E-2 1.35658E-2 6.83404E-3 8.34365E-3 1.19017E-2 1.32398E-2 1.30785E-2 1.11916E-2 1.14011E-2 1.02024E-2 9.53507E-3 1.1178E-2 1.21284E-2 1.04745E-2 4.12257E-3 1.61809E-3 9.4817E-3 9.49591E-3 1.15601E-2 7.7199E-3 6.14385E-3 4.26655E-3 1.53288E-3 1.06672E-3 1.75691E-3 2.00055E-3 3.76107E-3 4.01914E-3 2.73409E-3 1.93088E-3 9.55456E-4 6.39506E-4 4.73717E-4 3.68536E-4 5.5117E-4 3.9825E-4 1.67153E-4 0E0 1.5254E-4 5.10639E-5 4.0453E-5 5.66318E-5 2.88041E-5 1.37125E-4 3.87239E-4 1.59353E-4 0E0 0E0 0E0
7.41608E-3 1.20371E-2 8.77023E-3 7.19469E-3 8.27019E-3 1.14894E-2 6.3491E-3 8.84849E-3 6.62354E-3 6.36868E-3 1.11291E-2 9.34324E-3 9.99724E-3 1.26324E-2 8.49572E-3 7.33963E-3 8.1722E-4 0E0 1.18897E-2 1.56285E-2 1.56428E-2 1.42775E-2 1.40805E-2 5.2918E-3 4.92238E-3 9.69519E-3 1.20654E-2 1.21962E-2 1.22105E-2 1.29461E-2 8.97024E-3 9.51819E-3 1.20368E-2 1.0661E-2 6.32808E-3 6.21915E-3 4.95545E-3 2.71516E-3 4.20837E-3 4.1575E-3 6.77824E-3 7.01128E-3 2.92787E-3 1.41669E-3 9.96093E-4 1.51174E-3 3.5451E-3 4.4357E-3 5.60413E-3 5.09039E-3 3.23088E-3 2.13666E-3 1.39547E-3 1.18845E-3 0E0 0E0 0E0 5.94943E-4 4.46631E-4 1.51817E-4 7.60296E-5 0E0 0E0 0E0 0E0 0E0 2.57664E-4 0E0 0E0 0E0 0E0
8.35373E-3 1.00874E-2 1.01357E-2 9.0451E-3 1.04981E-2 1.06213E-2 1.13537E-2 9.51528E-3 7.81778E-3 7.00676E-3 5.30228E-3 6.243E-3 1.14552E-2 1.26392E-2 1.25858E-2 1.06275E-2 6.13851E-3 3.61414E-3 1.39679E-2 1.34616E-2 1.3566E-2 1.38886E-2 1.11005E-2 7.75221E-3 1.10679E-2 9.56711E-3 1.17599E-2 1.20968E-2 8.13825E-3 6.66542E-3 1.37808E-2 1.35661E-2 1.26524E-2 1.0491E-2 3.7602E-3 6.19974E-3 4.18369E-3 3.71326E-3 3.32311E-3 2.23731E-3 5.58263E-3 5.47517E-3 1.55362E-3 1.03856E-3 1.87972E-3 1.9383E-3 2.45783E-3 3.05672E-3 3.44917E-3 1.22883E-3 1.13497E-3 2.36424E-3 1.933E-3 2.62254E-3 1.49103E-3 1.06894E-3 6.61158E-4 3.08168E-4 1.38418E-4 2.66655E-5 0E0 0E0 0E0 0E0 0E0 0E0 0E0 0E0 0E0 0E0 0E0
1.03411E-2 7.76169E-3 1.03339E-2 6.78823E-3 8.39018E-3 8.05406E-3 7.63037E-3 1.05691E-2 8.18768E-3 6.69979E-3 1.25018E-2 9.51386E-3 1.07601E-2 8.19792E-3 1.36593E-2 1.56865E-2 1.30281E-2 1.38902E-2 1.46958E-2 1.38197E-2 1.35024E-2 1.16778E-2 8.89036E-3 1.16856E-2 1.25572E-2 1.16912E-2 1.12221E-2 8.49149E-3 1.09244E-2 7.40588E-3 1.097E-2 1.20254E-2 1.08477E-2 1.03076E-2 8.21529E-3 6.71832E-3 4.20279E-3 7.1609E-3 6.05111E-3 4.91401E-3 7.11778E-3 4.78289E-3 2.34973E-3 2.0703E-3 2.22159E-3 6.41E-3 5.02606E-3 1.95903E-3 3.60348E-4 5.80316E-5 5.32234E-4 1.83224E-3 1.24743E-3 7.18786E-4 2.96004E-4 0E0 0E0 0E0 0E0 0E0 0E0 0E0 0E0 0E0 0E0 0E0 0E0 0E0 0E0 0E0 0E0
1.0197E-2 7.30995E-3 8.65713E-3 1.08818E-2 1.01689E-2 7.14425E-3 6.7126E-3 1.237E-2 8.24914E-3 1.31833E-2 6.18076E-3 6.17548E-3 7.1548E-3 1.17154E-2 1.54807E-2 1.59118E-2 1.38468E-2 1.24992E-2 1.47413E-2 1.45484E-2 1.32061E-2 7.23209E-3 6.11355E-3 1.13911E-2 1.10249E-2 1.34867E-2 9.24474E-3 1.31941E-2 9.71135E-3 4.04116E-3 3.79749E-3 1.15838E-2 1.02468E-2 1.13935E-2 5.82283E-3 4.41285E-3 7.30386E-3 8.24629E-3 6.40028E-3 7.3225E-3 7.24421E-3 3.89349E-3 3.89846E-3 4.2524E-3 1.82E-3 2.46093E-3 3.75905E-3 1.14571E-3 0E0 0E0 8.51772E-5 8.91143E-4 1.74555E-3 5.29399E-4 0E0 0E0 0E0 0E0 0E0 0E0 0E0 0E0 0E0 0E0 0E0 0E0 0E0 0E0 0E0 0E0 0E0
8.32036E-3 1.23781E-2 1.06794E-2 1.15306E-2 8.90562E-3 8.68182E-3 1.25459E-2 1.05345E-2 1.01565E-2 1.39729E-2 1.29668E-2 1.27043E-2 1.25586E-2 1.29253E-2 1.3836E-2 1.60033E-2 1.65224E-2 1.50122E-2 1.47884E-2 1.59744E-2 1.37089E-2 1.04745E-2 1.39762E-2 1.45733E-2 6.34004E-3 6.71729E-3 7.49988E-3 1.01882E-2 6.93426E-3 1.11698E-2 9.03875E-3 7.35327E-3 9.07331E-3 9.32373E-3 8.9566E-3 7.57526E-3 1.00929E-2 9.07548E-3 9.62466E-3 7.49309E-3 4.63379E-3 6.1794E-3 6.66454E-3 2.94868E-3 1.24755E-3 2.50931E-3 4.17382E-3 3.1253E-3 0E0 0E0 0E0 6.38018E-4 1.5945E-3 7.60612E-4 0E0 0E0 0E0 0E0 0E0 0E0 0E0 0E0 0E0 0E0 0E0 0E0 0E0 0E0 0E0 0E0 0E0
1.32136E-2 1.25202E-2 1.20625E-2 7.96609E-3 7.98561E-3 1.21608E-2 1.34629E-2 1.29421E-2 1.35121E-2 1.28779E-2 1.07388E-2 1.26821E-2 1.34E-2 1.37978E-2 1.32782E-2 1.47795E-2 1.40943E-2 1.52682E-2 1.5138E-2 1.46647E-2 1.24649E-2 9.77619E-3 1.39384E-2 1.28115E-2 9.97407E-3 9.03684E-3 1.10163E-2 1.24379E-2 8.55156E-3 1.0437E-2 7.68854E-3 7.75388E-3 5.66033E-3 5.56101E-3 7.55783E-3 6.71613E-3 7.42326E-3 6.15991E-3 4.08977E-3 4.59709E-3 6.66874E-3 3.44448E-3 2.67836E-3 1.85772E-3 2.06253E-3 5.11403E-3 3.17433E-3 4.29433E-3 2.80723E-4 4.93621E-5 3.27014E-5 8.85744E-4 4.43343E-4 4.50285E-4 3.04837E-5 0E0 0E0 0E0 0E0 0E0 0E0 0E0 0E0 0E0 0E0 0E0 0E0 0E0 0E0 0E0 0E0
1.2183E-2 1.10955E-2 1.05908E-2 9.95298E-3 7.96071E-3 1.24102E-2 1.36333E-2 1.22484E-2 1.08785E-2 1.03774E-2 1.23732E-2 1.33269E-2 1.35874E-2 1.3418E-2 1.35276E-2 1.50149E-2 1.37228E-2 1.5896E-2 1.4804E-2 1.32275E-2 1.43328E-2 1.08567E-2 6.6707E-3 8.73499E-3 9.34879E-3 1.21874E-2 1.30142E-2 8.63591E-3 9.43676E-3 9.35359E-3 9.94052E-3 1.02089E-2 9.13145E-3 1.01425E-2 1.16479E-2 1.07004E-2 3.93512E-3 3.58452E-3 5.01615E-3 5.78977E-3 1.39618E-3 0E0 1.05877E-3 1.73651E-3 2.44331E-3 5.40663E-3 2.33088E-3 1.6547E-3 1.71424E-3 1.15153E-3 7.55184E-4 4.72826E-4 4.02298E-4 6.56319E-4 2.7695E-4 0E0 0E0 0E0 0E0 0E0 0E0 0E0 0E0 0E0 0E0 0E0 0E0 0E0 0E0 0E0 0E0
1.22795E-2 1.11252E-2 9.57387E-3 1.24718E-2 1.22679E-2 1.22342E-2 1.38616E-2 1.33568E-2 1.20839E-2 1.53041E-2 1.36138E-2 1.47197E-2 1.47029E-2 1.2914E-2 1.44291E-2 1.56582E-2 1.49314E-2 1.48952E-2 1.53836E-2 1.63266E-2 1.18148E-2 1.08004E-2 1.42717E-2 9.39001E-3 9.74612E-3 1.06674E-2 7.0887E-3 8.35244E-3 6.48345E-3 6.87464E-3 9.60207E-3 1.09064E-2 1.11657E-2 1.05713E-2 1.13394E-2 1.01333E-2 6.76303E-3 4.64561E-3 2.67207E-3 3.32005E-3 4.88015E-3 1.78089E-3 3.26188E-3 1.68961E-3 3.05632E-3 1.31085E-3 5.90807E-4 9.15823E-4 2.34958E-3 1.72455E-3 1.39497E-3 4.07757E-4 8.79734E-4 1.04333E-3 7.84279E-4 1.58621E-4 0E0 2.165E-4 2.60382E-4 0E0 0E0 0E0 0E0 0E0 0E0 0E0 0E0 0E0 0E0 0E0 0E0
1.09884E-2 1.11343E-2 1.16958E-2 1.19155E-2 1.24198E-2 1.21209E-2 1.33494E-2 1.35628E-2 1.37015E-2 1.42727E-2 1.55159E-2 1.55159E-2 1.47029E-2 1.52715E-2 1.64306E-2 1.52346E-2 1.35369E-2 1.42653E-2 1.5462E-2 1.5219E-2 5.48298E-3 5.50369E-3 1.52013E-2 1.43026E-2 1.39228E-2 1.30124E-2 1.16132E-2 6.21242E-3 6.04572E-3 7.57931E-3 8.89457E-3 1.19669E-2 1.00671E-2 8.56342E-3 9.16251E-3 7.7994E-3 6.2353E-3 2.81073E-3 4.27406E-3 1.99357E-3 5.64753E-3 4.37635E-3 2.65142E-3 1.5125E-3 7.73247E-4 1.5582E-3 1.06837E-3 1.33776E-3 2.87642E-3 3.84844E-3 2.13652E-3 2.36147E-3 3.08994E-3 1.72878E-4 0E0 0E0 0E0 0E0 0E0 8.10258E-5 5.36655E-5 0E0 0E0 0E0 0E0 0E0 0E0 0E0 0E0 0E0 0E0
1.2677E-2 1.28343E-2 1.23036E-2 1.21123E-2 1.22917E-2 1.39752E-2 1.13944E-2 1.2782E-2 1.23041E-2 1.43168E-2 1.5681E-2 1.63751E-2 1.48127E-2 1.60386E-2 1.53951E-2 7.45765E-3 1.18049E-2 1.48018E-2 1.15673E-2 1.27628E-2 5.90479E-3 2.72766E-3 1.05578E-2 1.48039E-2 1.29023E-2 1.07689E-2 8.90487E-3 7.0035E-3 4.8995E-3 1.14508E-2 1.08263E-2 8.26593E-3 9.95621E-3 1.02313E-2 6.84983E-3 9.6103E-3 9.08834E-3 3.86918E-3 3.11082E-3 3.48862E-3 4.89267E-3 3.36238E-3 5.7111E-3 3.22369E-3 2.01026E-3 5.6709E-4 1.56954E-3 9.35707E-4 1.94427E-3 3.65497E-3 3.30256E-3 3.80175E-3 2.84301E-3 0E0 0E0 4.00288E-4 0E0 0E0 0E0 0E0 0E0 0E0 0E0 0E0 0E0 0E0 0E0 0E0 0E0 0E0 0E0
7.91914E-3 1.22817E-2 1.24897E-2 1.44239E-2 1.32028E-2 1.26414E-2 1.34724E-2 1.22881E-2 1.18336E-2 1.49153E-2 1.55999E-2 1.54305E-2 1.57901E-2 1.21166E-2 1.44447E-2 1.52346E-2 1.63451E-2 1.65177E-2 1.61043E-2 1.61595E-2 1.48734E-2 6.91533E-3 1.24181E-2 1.06666E-2 1.12487E-2 1.52778E-2 1.4308E-2 1.29701E-2 1.23524E-2 1.04766E-2 1.06731E-2 1.10296E-2 9.97025E-3 5.44827E-3 6.32924E-3 7.53854E-3 6.57971E-3 4.71267E-3 4.3805E-3 2.08387E-3 2.86623E-3 6.19439E-3 3.32425E-3 3.43412E-3 4.10004E-3 1.27016E-3 2.25685E-3 1.20015E-3 1.53692E-3 4.50722E-3 5.18217E-3 3.85731E-3 1.74224E-3 0E0 0E0 0E0 0E0 0E0 0E0 0E0 0E0 0E0 0E0 0E0 0E0 0E0 0E0 0E0 0E0 0E0 0E0
1.21422E-2 1.26574E-2 1.34885E-2 1.32971E-2 1.30135E-2 1.36588E-2 8.99553E-3 1.23874E-2 1.13981E-2 1.28756E-2 1.43487E-2 1.54305E-2 1.57901E-2 1.2808E-2 1.53951E-2 1.53373E-2 7.98501E-3 8.44881E-3 1.54962E-2 1.54364E-2 1.55062E-2 1.55325E-2 1.34197E-2 1.40248E-2 1.32074E-2 1.24942E-2 1.07484E-2 1.15168E-2 1.09521E-2 1.08928E-2 1.04397E-2 5.64579E-3 7.38317E-3 8.34719E-3 7.10978E-3 7.01002E-3 8.29513E-3 6.67731E-3 3.59752E-3 3.5199E-3 5.06048E-3 4.61257E-3 3.95831E-3 3.83661E-3 3.43892E-3 2.15108E-3 2.19203E-3 8.84553E-4 9.84768E-4 2.78196E-3 3.71873E-3 4.01825E-3 2.70071E-4 0E0 0E0 0E0 0E0 0E0 7.94692E-5 3.54781E-5 0E0 0E0 9.2872E-5 1.02892E-4 0E0 0E0 0E0 0E0 0E0 0E0 0E0
1.16301E-2 1.28478E-2 1.39034E-2 1.11803E-2 9.46974E-3 1.22633E-2 9.13601E-3 1.08773E-2 9.61998E-3 1.29336E-2 1.3347E-2 1.52289E-2 9.67169E-3 1.47882E-2 1.61885E-2 1.5471E-2 8.0663E-3 1.08661E-2 1.60577E-2 1.54514E-2 1.6577E-2 1.65067E-2 1.55545E-2 1.52256E-2 1.13685E-2 1.09218E-2 1.28939E-2 1.18713E-2 1.10243E-2 1.07415E-2 9.38102E-3 1.04384E-2 8.63568E-3 7.35964E-3 9.42545E-3 4.10644E-3 6.58956E-3 4.93359E-3 3.3486E-3 3.50413E-3 5.17423E-3 4.17397E-3 4.01299E-3 3.74994E-3 3.35872E-3 3.20214E-3 2.02537E-3 1.14049E-3 1.04061E-3 2.61098E-3 4.30951E-3 5.07076E-3 8.01659E-4 0E0 0E0 0E0 0E0 0E0 0E0 0E0 0E0 0E0 0E0 0E0 0E0 0E0 0E0 0E0 0E0 0E0 0E0
7.79323E-3 9.77608E-3 1.38618E-2 9.78763E-3 1.06881E-2 9.75663E-3 9.41226E-3 1.19685E-2 1.38026E-2 1.19327E-2 1.44191E-2 9.29344E-3 1.65144E-2 1.62857E-2 1.16321E-2 9.00475E-3 1.24952E-2 1.62394E-2 1.62629E-2 1.5877E-2 1.47656E-2 1.5577E-2 1.4307E-2 1.32362E-2 1.32852E-2 8.82284E-3 1.15217E-2 1.04912E-2 1.0573E-2 9.84847E-3 1.16762E-2 8.01772E-3 6.99445E-3 1.01501E-2 9.30879E-3 7.29004E-3 6.20529E-3 8.19111E-3 7.46679E-3 5.36608E-3 1.66374E-3 4.18157E-3 4.86283E-3 4.32307E-3 3.66624E-3 3.03726E-3 1.62634E-3 8.48611E-4 1.72581E-3 4.03003E-3 5.52811E-3 6.35054E-3 1.08655E-3 0E0 0E0 0E0 0E0 0E0 0E0 0E0 0E0 0E0 0E0 0E0 0E0 0E0 0E0 0E0 0E0 0E0 0E0
1.29331E-2 1.47021E-2 1.35042E-2 1.13649E-2 1.02289E-2 9.94654E-3 1.09346E-2 1.2398E-2 9.7626E-3 1.07355E-2 1.34131E-2 1.03659E-2 9.3508E-3 9.34999E-3 1.64263E-2 1.67444E-2 1.69008E-2 1.65126E-2 1.68085E-2 1.50951E-2 1.45621E-2 1.4528E-2 1.41736E-2 1.21707E-2 1.36654E-2 1.13241E-2 1.05486E-2 6.56818E-3 1.08252E-2 9.81832E-3 1.13032E-2 7.53083E-3 4.6429E-3 1.06159E-2 6.65701E-3 4.5384E-3 6.22754E-3 6.25091E-3 6.20025E-3 5.19633E-3 6.86143E-3 5.97051E-3 4.70633E-3 3.46637E-3 3.07193E-3 1.85905E-3 1.14798E-3 1.02702E-3 2.7365E-3 6.69798E-3 1.61931E-3 4.66709E-4 0E0 0E0 4.48427E-4 0E0 0E0 0E0 0E0 0E0 0E0 0E0 0E0 0E0 0E0 0E0 0E0 0E0 0E0 0E0 0E0
1.40498E-2 1.47963E-2 1.3085E-2 1.36171E-2 9.81073E-3 4.91589E-3 9.46575E-3 1.37815E-2 1.22572E-2 1.54937E-2 1.52727E-2 1.36833E-2 1.01228E-2 9.87776E-3 1.0691E-2 1.67444E-2 1.66769E-2 1.60786E-2 1.5576E-2 1.50143E-2 9.21177E-3 1.46353E-2 1.44485E-2 1.21885E-2 9.69424E-3 1.26003E-2 1.11849E-2 1.12766E-2 1.0905E-2 9.77687E-3 1.05381E-2 9.97562E-3 6.67242E-3 1.11006E-2 4.7451E-3 4.47821E-3 5.87204E-3 6.09098E-3 3.38621E-3 4.8683E-3 5.19288E-3 5.67981E-3 3.91201E-3 4.17922E-3 2.43325E-3 8.08864E-4 1.01175E-3 3.4377E-3 4.53906E-3 8.88447E-4 0E0 0E0 0E0 0E0 0E0 0E0 0E0 0E0 0E0 0E0 0E0 0E0 0E0 0E0 0E0 0E0 0E0 0E0 0E0 0E0 0E0
1.38553E-2 1.2925E-2 9.55084E-3 1.14083E-2 1.355E-2 8.06834E-3 1.08395E-2 1.408E-2 1.5252E-2 1.60827E-2 1.54937E-2 1.53603E-2 8.38015E-3 7.40831E-3 1.21401E-2 1.56833E-2 1.57829E-2 1.50542E-2 1.40696E-2 8.65994E-3 3.72687E-3 1.06178E-2 1.37375E-2 1.2799E-2 9.92554E-3 1.22553E-2 1.22553E-2 8.62687E-3 1.01385E-2 9.60325E-3 8.85791E-3 9.80252E-3 9.04326E-3 8.27897E-3 8.3485E-3 8.66856E-3 7.81019E-3 7.90601E-3 4.63374E-3 6.07331E-3 4.80138E-3 4.17669E-3 3.78059E-3 3.41281E-3 2.71018E-3 1.13563E-3 2.16971E-3 2.71171E-3 4.72662E-3 1.36378E-3 0E0 0E0 0E0 0E0 0E0 0E0 0E0 1.5939E-4 1.18006E-3 0E0 0E0 0E0 0E0 0E0 0E0 0E0 0E0 0E0 0E0 0E0 0E0
1.20369E-2 1.2261E-2 1.31861E-2 1.1117E-2 1.35394E-2 1.36171E-2 1.00404E-2 1.4995E-2 1.69399E-2 1.64133E-2 1.57744E-2 1.56558E-2 1.1571E-2 1.49356E-2 9.04283E-3 1.05165E-2 1.58298E-2 1.58872E-2 9.35506E-3 4.51571E-3 4.14233E-3 9.182E-3 8.85397E-3 1.2853E-2 8.47138E-3 9.35405E-3 9.70268E-3 7.1771E-3 8.36481E-3 9.06284E-3 8.83751E-3 6.24945E-3 6.67526E-3 7.00866E-3 6.70701E-3 6.85189E-3 6.6186E-3 8.05184E-3 6.82389E-3 7.37159E-3 5.62513E-3 2.68109E-3 2.80664E-3 5.60629E-3 1.94845E-3 9.40055E-4 0E0 0E0 0E0 0E0 0E0 0E0 0E0 0E0 0E0 0E0 1.29456E-4 0E0 1.19911E-3 0E0 0E0 0E0 0E0 0E0 0E0 0E0 0E0 0E0 0E0 0E0 0E0
1.17496E-2 1.45219E-2 1.33476E-2 1.30696E-2 1.15173E-2 1.41751E-2 1.56956E-2 1.72636E-2 1.39888E-2 1.65766E-2 7.92051E-3 4.68971E-3 5.78768E-3 5.35102E-3 6.8484E-3 3.14698E-3 8.02423E-3 1.39305E-2 5.59048E-3 6.69304E-3 5.20413E-3 4.07226E-3 6.76917E-3 8.77629E-3 7.90035E-3 1.02592E-2 6.31176E-3 7.64802E-3 6.84506E-3 6.16049E-3 2.69542E-3 3.80555E-3 4.84333E-3 4.14056E-3 3.96744E-3 3.1727E-3 3.9046E-3 5.52041E-3 5.91413E-3 6.73408E-3 6.38852E-3 4.87516E-3 5.1531E-3 2.54375E-3 0E0 0E0 0E0 0E0 0E0 0E0 0E0 0E0 0E0 3.90823E-4 0E0 0E0 0E0 0E0 0E0 0E0 0E0 0E0 0E0 0E0 0E0 0E0 0E0 0E0 0E0 0E0 0E0
1.38623E-2 1.32839E-2 1.34681E-2 9.1399E-3 1.08671E-2 1.03924E-2 1.11957E-2 1.74362E-2 1.70579E-2 9.40733E-3 6.59612E-3 6.62849E-3 5.93345E-3 4.92602E-3 5.3464E-3 3.91786E-3 4.25424E-3 6.5395E-3 5.2606E-3 7.41647E-3 8.36475E-3 4.57068E-3 1.76348E-3 5.73124E-3 6.51681E-3 7.79222E-3 9.69653E-3 5.19872E-3 7.57564E-3 4.08516E-3 5.29832E-3 7.23846E-3 6.48359E-3 7.19453E-3 4.73149E-3 1.92811E-3 2.30494E-3 3.36871E-3 5.43372E-3 6.13637E-3 3.60315E-3 4.40397E-3 8.96085E-3 6.39673E-3 0E0 0E0 0E0 0E0 0E0 0E0 0E0 0E0 0E0 0E0 0E0 0E0 0E0 0E0 0E0 0E0 0E0 9.05443E-2 0E0 0E0 0E0 0E0 0E0 0E0 0E0 0E0 0E0
1.45369E-2 1.39292E-2 1.19187E-2 1.19042E-2 1.3112E-2 1.61415E-2 1.51857E-2 1.75364E-2 1.68467E-2 1.68251E-2 1.32879E-2 1.27465E-2 1.39726E-2 1.45605E-2 8.05935E-3 7.23801E-3 1.66641E-2 1.1899E-2 9.31357E-3 5.27998E-3 5.34042E-3 7.78966E-3 8.14911E-3 5.66609E-3 2.25722E-3 6.32524E-3 5.94666E-3 3.64601E-3 6.9757E-3 6.92729E-3 1.02734E-2 8.53907E-3 7.24711E-3 7.43804E-3 6.06291E-3 3.128E-3 3.12581E-3 5.01457E-3 4.85285E-3 4.2763E-3 5.04188E-3 5.50307E-3 9.77505E-3 1.88015E-3 0E0 0E0 0E0 0E0 0E0 0E0 0E0 0E0 0E0 0E0 0E0 0E0 0E0 0E0 0E0 0E0 0E0 0E0 0E0 0E0 0E0 0E0 0E0 0E0 0E0 0E0 0E0
1.36019E-2 7.38886E-3 1.06932E-2 6.39504E-3 1.07809E-2 1.11165E-2 1.5918E-2 1.53551E-2 1.52682E-2 1.63179E-2 1.60113E-2 1.28071E-2 1.69947E-2 1.41936E-2 1.60322E-2 1.6292E-2 1.58612E-2 1.35915E-2 5.649E-3 9.69699E-3 9.60936E-3 8.82681E-3 8.54434E-3 9.74003E-3 2.44749E-3 6.05155E-3 4.2377E-3 4.67382E-3 8.62239E-3 4.3318E-3 1.02817E-2 1.02899E-2 8.57923E-3 6.69766E-3 4.35128E-3 3.96957E-3 6.66786E-3 7.31702E-3 4.55799E-3 2.91509E-3 5.04441E-3 6.81872E-3 6.27043E-3 1.17155E-3 1.76816E-3 0E0 0E0 0E0 0E0 0E0 0E0 0E0 0E0 0E0 0E0 0E0 0E0 0E0 0E0 0E0 0E0 0E0 0E0 1.94049E-4 0E0 0E0 0E0 0E0 0E0 0E0 0E0
1.15874E-2 1.22821E-2 1.25965E-2 1.21309E-2 1.09239E-2 1.57398E-2 1.55434E-2 1.49751E-2 1.5959E-2 1.55449E-2 1.45743E-2 7.71059E-3 1.22584E-2 1.57775E-2 1.55537E-2 1.29868E-2 1.59646E-2 1.08778E-2 8.74506E-3 1.62148E-2 1.57974E-2 1.10762E-2 4.144E-3 8.24104E-3 4.66263E-3 5.55732E-3 5.45875E-3 4.81903E-3 6.05073E-3 3.92833E-3 8.13228E-3 9.40885E-3 6.16292E-3 5.07421E-3 2.54816E-3 2.92705E-3 6.48681E-3 8.53507E-3 5.05577E-3 4.99289E-3 5.95315E-3 8.04204E-3 4.58799E-3 1.35583E-3 2.75501E-4 4.03595E-4 6.39013E-4 0E0 0E0 0E0 0E0 0E0 0E0 0E0 0E0 0E0 0E0 0E0 0E0 0E0 0E0 0E0 0E0 0E0 2.33266E-5 0E0 0E0 0E0 0E0 0E0 0E0
1.18951E-2 1.15755E-2 1.36684E-2 1.45929E-2 1.43378E-2 1.48434E-2 1.46889E-2 1.41862E-2 1.4033E-2 1.39798E-2 1.51268E-2 1.46112E-2 1.21384E-2 1.54728E-2 1.53627E-2 1.52317E-2 9.81982E-3 9.86018E-3 1.2389E-2 1.59751E-2 1.25926E-2 1.01702E-2 1.24069E-2 5.00234E-3 8.6392E-3 3.99634E-3 5.52279E-3 6.48931E-3 5.08412E-3 2.39826E-3 4.4015E-3 7.97676E-3 5.8475E-3 4.07127E-3 5.02421E-3 5.37118E-3 6.1553E-3 8.95428E-3 1.00787E-2 8.94835E-3 7.47153E-3 5.42971E-3 3.40182E-3 2.45766E-3 6.782E-4 5.97905E-4 1.06119E-3 1.0401E-3 4.62801E-4 1.05744E-3 0E0 0E0 0E0 0E0 0E0 0E0 0E0 0E0 0E0 0E0 0E0 0E0 0E0 0E0 0E0 0E0 0E0 0E0 0E0 0E0 0E0
1.15652E-2 1.15623E-2 1.53965E-2 1.35866E-2 1.52371E-2 1.36304E-2 1.48624E-2 1.42666E-2 1.4201E-2 1.28122E-2 1.38402E-2 1.47318E-2 1.34878E-2 1.25803E-2 1.35319E-2 1.47033E-2 1.25058E-2 1.23651E-2 1.3425E-2 1.1794E-2 1.34944E-2 1.22851E-2 4.18387E-3 6.53479E-3 1.08028E-2 1.31573E-2 1.19929E-2 1.12868E-2 1.12869E-2 7.55109E-3 3.19283E-3 6.40024E-3 4.59359E-3 7.14206E-3 9.96159E-3 1.0166E-2 9.8531E-3 1.02121E-2 5.46342E-3 4.90637E-3 2.52707E-3 1.53707E-3 7.94139E-4 3.70282E-4 0E0 0E0 0E0 0E0 0E0 3.96322E-4 2.58354E-4 0E0 0E0 0E0 0E0 0E0 0E0 2.23821E-4 3.67281E-4 5.11823E-4 0E0 0E0 0E0 0E0 0E0 0E0 0E0 0E0 0E0 0E0 0E0
1.01383E-2 1.5981E-2 1.24694E-2 1.31585E-2 1.42336E-2 1.08934E-2 9.66148E-3 1.44036E-2 1.43265E-2 9.93633E-3 1.38402E-2 1.36716E-2 1.46055E-2 1.10294E-2 1.15601E-2 1.47033E-2 1.36338E-2 1.35409E-2 1.20957E-2 8.39653E-3 1.08843E-2 4.18054E-3 3.30664E-3 3.67523E-3 8.0791E-3 9.71809E-3 1.13354E-2 9.91536E-3 8.18753E-3 3.51753E-3 5.06413E-3 2.3923E-3 3.99119E-3 6.97419E-3 9.93557E-3 1.08195E-2 1.15642E-2 7.94637E-3 3.57888E-3 1.77711E-3 2.84824E-4 0E0 0E0 0E0 0E0 0E0 0E0 0E0 0E0 8.15972E-4 1.46257E-3 0E0 0E0 0E0 0E0 0E0 0E0 0E0 2.6384E-5 2.46542E-5 1.33482E-5 0E0 0E0 0E0 4.21426E-4 1.7704E-4 6.40686E-5 0E0 0E0 0E0 0E0
