ENM/Final_Models/M_1_F_q_Set_1_EC/Gustavia_santanderiensis_4_Choco.asc
ncols         367
nrows         963
xllcorner     -78.6
yllcorner     0.65
cellsize      0.00833333333333323
NODATA_value  -9999
[rows 300 to 329 of 963, columns 268 to 334 of 367]
3.27028E-4 2.3653E-4 2.87254E-4 1.91426E-3 9.8725E-4 1.28104E-3 1.60687E-3 1.40903E-3 5.3714E-4 1.51283E-2 2.55343E-3 3.13395E-3 2.6977E-3 2.34458E-3 1.97515E-3 4.15726E-4 5.01437E-4 1.10684E-3 7.65566E-4 1.87048E-4 1.45508E-3 2.73151E-3 3.10783E-3 2.5988E-3 2.549E-3 2.72464E-3 1.76742E-3 1.17361E-3 1.29974E-3 2.5904E-3 1.75198E-3 6.93103E-4 3.50097E-3 3.17271E-3 2.62759E-3 1.4956E-3 9.40735E-4 2.30351E-3 -9999 -9999 -9999 -9999 -9999 -9999 -9999 -9999 -9999 -9999 -9999 -9999 -9999 -9999 -9999 -9999 -9999 -9999 -9999 -9999 -9999 -9999 -9999 -9999 -9999 -9999 -9999 -9999 -9999
1.23442E-3 5.95351E-4 1.26059E-3 6.75271E-4 6.16866E-4 1.11261E-3 8.67036E-4 1.47411E-4 4.30623E-3 2.78584E-2 8.07004E-3 2.03514E-2 8.53836E-3 9.80378E-3 2.42366E-3 1.78E-3 3.45087E-3 1.31881E-3 1.01662E-3 7.1846E-4 6.15881E-4 3.71974E-4 6.40027E-4 9.7808E-4 2.49593E-3 2.97695E-3 1.08816E-3 9.63235E-5 1.46938E-3 1.0184E-3 1.8883E-3 7.45842E-4 1.11538E-3 2.56416E-4 3.54183E-4 8.41211E-4 8.19546E-4 1.30066E-3 7.99726E-4 -9999 -9999 -9999 -9999 -9999 -9999 -9999 -9999 -9999 -9999 -9999 -9999 -9999 -9999 -9999 -9999 -9999 -9999 -9999 -9999 -9999 -9999 -9999 -9999 -9999 -9999 -9999 -9999
4.44397E-4 4.44953E-4 4.17113E-4 1.28281E-3 7.14756E-4 7.63691E-4 4.88329E-4 3.00977E-4 2.09763E-3 1.53234E-3 2.98689E-4 3.06432E-3 1.84132E-3 1.03309E-3 7.47111E-4 4.07403E-3 6.50746E-3 3.42959E-3 4.41865E-3 1.03608E-3 2.76788E-4 1.78827E-4 5.47282E-4 6.06588E-4 7.5543E-4 2.44802E-3 1.1564E-3 8.98649E-5 7.97315E-4 7.87004E-4 3.1259E-4 4.47311E-4 1.24261E-3 1.7375E-3 9.88432E-4 1.50633E-3 2.2264E-3 2.10313E-3 1.78877E-3 -9999 -9999 -9999 -9999 -9999 -9999 -9999 -9999 -9999 -9999 -9999 -9999 -9999 -9999 -9999 -9999 -9999 -9999 -9999 -9999 -9999 -9999 -9999 -9999 -9999 -9999 -9999 -9999
4.56881E-4 6.89138E-4 9.36761E-4 1.08635E-3 1.40459E-3 1.16775E-3 7.83839E-4 2.33293E-4 1.02917E-3 1.2233E-3 7.50767E-4 1.53798E-3 4.25406E-3 6.92213E-3 3.18792E-3 4.55942E-3 2.46985E-3 1.83953E-3 1.40607E-3 2.44809E-4 6.64512E-4 3.92747E-4 1.02775E-4 1.07234E-4 1.00296E-3 1.69122E-3 1.54376E-3 6.38044E-4 1.14947E-3 2.41613E-4 2.11113E-4 5.30902E-4 3.09581E-4 2.9896E-4 9.14807E-4 3.83868E-3 3.82318E-3 2.30667E-3 1.04535E-3 -9999 -9999 -9999 -9999 -9999 -9999 -9999 -9999 -9999 -9999 -9999 -9999 -9999 -9999 -9999 -9999 -9999 -9999 -9999 -9999 -9999 -9999 -9999 -9999 -9999 -9999 -9999 -9999
1.57784E-3 1.1685E-3 1.08026E-3 1.45034E-3 1.33123E-3 6.26321E-4 3.73193E-4 1.23614E-3 3.58708E-4 1.14043E-3 1.32593E-4 4.211E-4 9.56983E-3 1.06886E-2 3.56897E-3 1.04441E-2 8.11277E-3 2.61369E-3 1.70599E-3 8.99981E-4 6.93713E-4 5.1774E-4 1.16526E-3 1.07363E-3 3.22826E-3 9.33478E-4 4.13316E-4 6.96517E-4 7.82976E-4 1.11871E-3 8.23382E-4 6.09409E-4 9.1094E-4 1.05917E-3 8.57047E-5 7.25525E-4 8.76607E-4 1.9654E-3 1.67529E-3 -9999 -9999 -9999 -9999 -9999 -9999 -9999 -9999 -9999 -9999 -9999 -9999 -9999 -9999 -9999 -9999 -9999 -9999 -9999 -9999 -9999 -9999 -9999 -9999 -9999 -9999 -9999 -9999
1.32609E-3 1.33527E-3 2.10594E-3 2.37873E-3 1.60078E-3 6.12216E-4 3.60651E-4 2.99234E-4 6.12369E-4 1.7852E-3 7.96089E-4 7.70871E-5 9.88402E-3 1.09135E-2 6.52541E-3 1.52361E-2 5.97364E-3 2.85768E-3 3.24271E-3 6.39872E-4 1.06395E-3 3.03311E-4 1.05302E-3 1.42841E-3 3.02495E-3 8.99279E-4 2.43288E-4 7.96267E-4 5.59335E-4 6.55164E-4 6.04658E-4 2.17903E-4 7.94304E-5 1.14089E-3 1.47957E-3 4.97991E-4 3.73002E-4 1.14807E-3 1.23113E-3 -9999 -9999 -9999 -9999 -9999 -9999 -9999 -9999 -9999 -9999 -9999 -9999 -9999 -9999 -9999 -9999 -9999 -9999 -9999 -9999 -9999 -9999 -9999 -9999 -9999 -9999 -9999 -9999
8.28265E-4 9.99648E-4 1.45046E-3 1.27022E-3 9.8836E-4 1.26436E-3 8.96091E-4 7.58086E-4 6.03411E-4 2.21312E-4 6.67975E-4 1.11079E-4 1.59765E-4 1.24435E-2 7.80138E-3 1.06003E-2 4.03973E-3 1.25916E-3 3.12386E-3 1.5659E-3 3.00671E-4 4.46194E-4 6.27212E-4 1.48489E-3 2.25513E-3 7.67123E-4 7.80604E-4 6.44671E-4 7.00151E-4 6.72513E-4 6.92823E-4 8.33342E-4 2.56863E-3 2.66811E-3 1.33554E-3 1.10824E-3 5.33068E-4 3.83256E-4 5.05684E-4 -9999 -9999 -9999 -9999 -9999 -9999 -9999 -9999 -9999 -9999 -9999 -9999 -9999 -9999 -9999 -9999 -9999 -9999 -9999 -9999 -9999 -9999 -9999 -9999 -9999 -9999 -9999 -9999
1.44528E-3 9.8461E-3 4.7329E-3 4.59529E-4 9.81127E-4 6.76925E-4 4.11006E-4 7.32476E-4 3.83055E-4 2.81671E-4 3.18022E-4 2.1783E-4 3.49453E-4 5.61768E-3 3.86376E-3 1.6044E-3 3.38246E-3 1.70682E-3 3.32735E-3 4.12472E-3 6.23796E-4 3.93967E-4 5.86477E-4 1.73074E-3 1.96034E-3 2.19767E-4 8.49274E-5 1.91485E-3 1.96999E-3 9.20165E-4 8.73066E-4 8.47973E-4 1.13188E-3 1.39052E-3 4.5529E-4 6.97521E-4 4.34232E-4 4.19311E-4 4.52051E-4 -9999 -9999 -9999 -9999 -9999 -9999 -9999 -9999 -9999 -9999 -9999 -9999 -9999 -9999 -9999 -9999 -9999 -9999 -9999 -9999 -9999 -9999 -9999 -9999 -9999 -9999 -9999 -9999
2.03559E-3 2.36085E-3 2.97261E-3 1.15343E-3 9.57051E-4 7.33339E-4 5.04649E-4 2.55653E-4 3.80229E-4 2.39125E-3 2.47798E-3 1.79972E-4 1.9908E-4 1.93681E-4 1.36388E-3 7.49055E-5 1.00933E-3 1.04615E-2 5.32749E-3 2.78337E-3 1.67597E-3 1.31371E-3 6.2377E-4 2.42826E-3 1.00315E-3 1.34884E-3 1.11678E-3 3.54132E-3 1.29445E-3 2.20553E-3 1.73763E-3 6.02259E-4 3.87437E-4 6.37475E-4 6.05006E-4 1.01899E-3 3.26255E-4 2.74711E-4 1.65994E-4 -9999 -9999 -9999 -9999 -9999 -9999 -9999 -9999 -9999 -9999 -9999 -9999 -9999 -9999 -9999 -9999 -9999 -9999 -9999 -9999 -9999 -9999 -9999 -9999 -9999 -9999 -9999 -9999
3.07167E-3 1.82284E-3 1.1228E-3 1.21168E-3 1.15493E-3 8.29182E-4 4.74989E-4 4.61746E-4 3.88277E-4 2.88667E-4 3.45868E-4 4.31049E-4 5.08032E-4 1.50715E-4 1.18761E-3 2.40702E-4 1.50367E-4 4.47262E-3 4.34458E-3 2.0607E-3 1.07528E-3 1.13084E-3 1.41748E-3 1.96618E-4 2.15985E-3 1.42548E-3 1.22773E-3 2.17966E-3 1.08343E-3 2.23685E-3 2.26093E-3 1.15495E-3 3.58646E-4 1.68959E-4 4.88113E-4 4.10742E-4 5.7427E-4 5.62664E-4 -9999 -9999 -9999 -9999 -9999 -9999 -9999 -9999 -9999 -9999 -9999 -9999 -9999 -9999 -9999 -9999 -9999 -9999 -9999 -9999 -9999 -9999 -9999 -9999 -9999 -9999 -9999 -9999 -9999
1.94554E-3 2.27556E-3 1.58432E-3 1.2792E-3 1.04246E-3 7.22288E-4 7.45194E-4 6.47405E-4 3.82253E-4 4.42932E-4 3.65522E-4 2.46251E-4 3.35704E-4 2.15603E-3 6.82481E-3 5.36654E-3 1.07061E-4 2.95142E-3 3.20649E-3 2.97366E-4 6.61068E-4 6.37463E-4 3.47259E-4 1.36306E-4 2.56868E-4 1.11773E-3 6.21907E-4 1.2044E-3 8.13933E-4 6.18711E-4 1.40536E-3 1.03679E-3 5.20154E-4 1.58171E-4 1.91995E-4 2.72443E-4 2.95778E-4 2.39836E-4 -9999 -9999 -9999 -9999 -9999 -9999 -9999 -9999 -9999 -9999 -9999 -9999 -9999 -9999 -9999 -9999 -9999 -9999 -9999 -9999 -9999 -9999 -9999 -9999 -9999 -9999 -9999 -9999 -9999
2.31544E-3 3.1561E-3 2.66832E-3 1.51299E-3 9.61036E-4 7.28038E-4 8.30124E-4 8.17589E-4 3.62315E-4 3.00342E-4 2.05437E-4 1.01411E-4 1.16033E-4 1.04439E-4 1.07827E-3 1.11661E-2 2.46991E-4 6.80621E-4 1.42893E-3 1.52649E-3 2.1584E-4 2.72237E-4 1.40768E-4 1.12025E-4 4.08989E-5 6.80431E-5 3.0091E-4 1.09097E-3 1.02437E-3 1.01361E-4 2.73808E-4 2.71637E-4 4.28488E-4 2.14152E-4 4.98746E-4 4.08889E-4 2.34272E-4 6.48266E-5 -9999 -9999 -9999 -9999 -9999 -9999 -9999 -9999 -9999 -9999 -9999 -9999 -9999 -9999 -9999 -9999 -9999 -9999 -9999 -9999 -9999 -9999 -9999 -9999 -9999 -9999 -9999 -9999 -9999
2.89176E-3 3.60688E-3 2.25341E-3 1.73561E-3 1.04953E-3 8.88585E-4 1.61583E-3 1.04144E-3 3.46292E-4 9.96328E-5 1.60857E-4 1.16547E-3 1.68677E-3 3.81359E-3 5.8069E-5 1.14382E-2 1.18072E-3 5.17127E-3 3.85391E-3 1.31196E-3 2.56168E-4 2.5745E-4 2.49982E-4 4.02095E-5 7.29275E-5 7.34849E-5 1.87732E-4 3.28407E-4 6.76274E-4 7.66799E-4 1.04621E-4 1.55736E-4 4.12901E-4 2.11381E-4 4.98589E-4 4.10972E-4 1.24062E-4 -9999 -9999 -9999 -9999 -9999 -9999 -9999 -9999 -9999 -9999 -9999 -9999 -9999 -9999 -9999 -9999 -9999 -9999 -9999 -9999 -9999 -9999 -9999 -9999 -9999 -9999 -9999 -9999 -9999 -9999
3.99385E-3 3.47478E-3 1.94848E-3 1.04252E-3 1.33935E-3 1.63153E-3 2.19427E-3 7.66217E-4 1.21462E-3 1.24861E-3 1.73989E-3 2.93689E-3 2.34439E-3 1.24547E-4 4.85582E-4 1.66687E-2 5.74741E-3 7.76447E-3 1.79772E-3 2.76686E-4 3.04016E-4 1.518E-4 3.83971E-5 7.12932E-6 1.28615E-5 1.45937E-5 9.68957E-6 1.55173E-4 2.04442E-4 2.01558E-4 3.77609E-4 3.65902E-4 3.85945E-4 4.42881E-4 2.74247E-4 4.72397E-4 3.76503E-5 -9999 -9999 -9999 -9999 -9999 -9999 -9999 -9999 -9999 -9999 -9999 -9999 -9999 -9999 -9999 -9999 -9999 -9999 -9999 -9999 -9999 -9999 -9999 -9999 -9999 -9999 -9999 -9999 -9999 -9999
5.62833E-3 2.05593E-3 3.40446E-3 1.97193E-3 2.21777E-3 1.50701E-3 1.12552E-3 1.06561E-3 7.51597E-4 1.13781E-2 3.19357E-3 2.8348E-3 1.53033E-3 2.05915E-3 3.54656E-3 2.38263E-2 1.74449E-3 2.18717E-4 1.07586E-4 1.78792E-5 1.25999E-5 8.45573E-5 1.77193E-5 9.07108E-6 1.98897E-5 7.1256E-6 4.19265E-6 6.30609E-6 2.52823E-5 5.64162E-5 4.81343E-5 1.28959E-4 1.78561E-4 7.00745E-5 1.22908E-4 2.38606E-4 -9999 -9999 -9999 -9999 -9999 -9999 -9999 -9999 -9999 -9999 -9999 -9999 -9999 -9999 -9999 -9999 -9999 -9999 -9999 -9999 -9999 -9999 -9999 -9999 -9999 -9999 -9999 -9999 -9999 -9999 -9999
1.09573E-3 1.33778E-3 2.83899E-3 3.36454E-3 2.94932E-3 2.08273E-3 1.23047E-3 9.30165E-4 1.12631E-2 2.72737E-4 3.1162E-3 2.3779E-3 9.24635E-4 3.52011E-5 2.07103E-3 1.99196E-3 1.30374E-4 4.00572E-5 2.65567E-5 1.40969E-5 7.78333E-6 4.57449E-6 9.03347E-6 4.01902E-6 1.19867E-5 3.71427E-6 6.84747E-6 5.61424E-6 1.50276E-6 8.75645E-6 7.22823E-6 1.22457E-5 4.5822E-5 1.23733E-4 2.12962E-5 6.46665E-6 -9999 -9999 -9999 -9999 -9999 -9999 -9999 -9999 -9999 -9999 -9999 -9999 -9999 -9999 -9999 -9999 -9999 -9999 -9999 -9999 -9999 -9999 -9999 -9999 -9999 -9999 -9999 -9999 -9999 -9999 -9999
1.14453E-3 1.41647E-3 2.74912E-3 2.48081E-3 1.78255E-3 2.09381E-3 8.21616E-4 1.32062E-3 9.13428E-3 1.66094E-4 1.6848E-2 2.19059E-2 1.53805E-2 6.66186E-3 1.38007E-3 7.7252E-4 2.25755E-3 8.36643E-4 3.79722E-5 2.55798E-5 3.66439E-5 5.03628E-5 1.54946E-5 6.71766E-5 5.57986E-6 1.97526E-6 4.30683E-6 2.74564E-5 3.55029E-5 1.29117E-6 3.39191E-6 2.42339E-6 3.77564E-6 4.19976E-6 6.12041E-5 -9999 -9999 -9999 -9999 -9999 -9999 -9999 -9999 -9999 -9999 -9999 -9999 -9999 -9999 -9999 -9999 -9999 -9999 -9999 -9999 -9999 -9999 -9999 -9999 -9999 -9999 -9999 -9999 -9999 -9999 -9999 -9999
9.50238E-4 2.18009E-3 2.21592E-3 1.12015E-3 1.72868E-3 9.10886E-4 1.33757E-3 1.22422E-3 5.27664E-3 1.26308E-3 1.08601E-2 2.27017E-2 2.20173E-3 1.10946E-3 3.97146E-4 1.95865E-3 8.61635E-3 5.60648E-3 4.22247E-4 3.87492E-4 5.53343E-5 1.47526E-5 7.50936E-6 3.04081E-5 5.2089E-6 3.20737E-6 4.52307E-6 2.35014E-5 3.00389E-5 2.07228E-6 3.3027E-6 2.81858E-6 5.28338E-6 1.54435E-4 -9999 -9999 -9999 -9999 -9999 -9999 -9999 -9999 -9999 -9999 -9999 -9999 -9999 -9999 -9999 -9999 -9999 -9999 -9999 -9999 -9999 -9999 -9999 -9999 -9999 -9999 -9999 -9999 -9999 -9999 -9999 -9999 -9999
1.47906E-3 1.68499E-3 2.21516E-3 1.26701E-3 9.9357E-4 5.33577E-4 3.7004E-4 1.75951E-3 7.85416E-4 1.39565E-3 3.59826E-4 1.77314E-2 2.2433E-2 1.33347E-2 1.50633E-3 5.9802E-3 1.51817E-2 3.85839E-3 1.24591E-3 6.81164E-4 3.40559E-4 1.81567E-5 6.50184E-6 9.05568E-6 9.09488E-6 4.35443E-6 1.19621E-5 2.06497E-5 1.89021E-5 5.11992E-6 7.98004E-6 5.67089E-6 7.23998E-6 -9999 -9999 -9999 -9999 -9999 -9999 -9999 -9999 -9999 -9999 -9999 -9999 -9999 -9999 -9999 -9999 -9999 -9999 -9999 -9999 -9999 -9999 -9999 -9999 -9999 -9999 -9999 -9999 -9999 -9999 -9999 -9999 -9999 -9999
1.65619E-3 2.12309E-3 1.62762E-3 8.75293E-4 1.31704E-3 3.7571E-4 8.30446E-4 3.02482E-4 2.1075E-4 4.28911E-3 1.78299E-3 3.47744E-3 5.22613E-4 2.70545E-4 6.60798E-5 6.31487E-4 6.26886E-4 7.91609E-4 8.40408E-4 9.5212E-4 1.2444E-3 2.35015E-5 1.1479E-5 6.18659E-6 3.27377E-6 3.79362E-6 4.88581E-6 6.49056E-6 7.85045E-5 5.14557E-6 5.25671E-6 4.97443E-6 5.10776E-6 -9999 -9999 -9999 -9999 -9999 -9999 -9999 -9999 -9999 -9999 -9999 -9999 -9999 -9999 -9999 -9999 -9999 -9999 -9999 -9999 -9999 -9999 -9999 -9999 -9999 -9999 -9999 -9999 -9999 -9999 -9999 -9999 -9999 -9999
1.19169E-3 8.61907E-4 9.68581E-4 3.64756E-4 8.79765E-4 1.00296E-3 8.41284E-4 1.26161E-2 3.02638E-3 2.77797E-4 2.94415E-2 2.37945E-2 2.70538E-3 2.4356E-4 2.07417E-4 5.10847E-4 3.01734E-5 6.38736E-5 3.70624E-4 6.55111E-4 5.08956E-4 5.98586E-5 2.65462E-5 4.80136E-6 5.604E-6 4.01981E-5 1.00467E-5 3.41976E-6 1.40979E-6 4.00328E-6 6.55495E-6 5.39612E-6 -9999 -9999 -9999 -9999 -9999 -9999 -9999 -9999 -9999 -9999 -9999 -9999 -9999 -9999 -9999 -9999 -9999 -9999 -9999 -9999 -9999 -9999 -9999 -9999 -9999 -9999 -9999 -9999 -9999 -9999 -9999 -9999 -9999 -9999 -9999
2.02069E-3 1.03733E-3 2.82473E-3 8.37916E-4 1.68847E-3 6.01608E-4 3.14399E-4 4.02796E-4 2.72031E-4 2.96286E-3 2.09432E-3 1.48302E-3 5.91049E-4 1.02451E-4 3.54686E-4 8.89658E-5 2.20312E-4 4.09753E-5 8.65403E-5 7.10844E-5 3.88355E-5 1.59136E-4 1.77532E-4 2.23262E-5 1.61921E-5 3.97881E-6 1.95114E-5 1.1689E-5 1.96949E-5 1.85357E-5 -9999 -9999 -9999 -9999 -9999 -9999 -9999 -9999 -9999 -9999 -9999 -9999 -9999 -9999 -9999 -9999 -9999 -9999 -9999 -9999 -9999 -9999 -9999 -9999 -9999 -9999 -9999 -9999 -9999 -9999 -9999 -9999 -9999 -9999 -9999 -9999 -9999
2.13835E-3 1.77567E-3 2.01339E-3 1.62058E-3 1.57539E-3 5.75547E-4 2.81886E-4 3.671E-4 1.0166E-4 4.55553E-3 1.42199E-3 9.01911E-4 1.3859E-3 4.06611E-4 2.69402E-4 5.21011E-4 2.13722E-4 1.11643E-4 9.26728E-5 1.24653E-4 2.27086E-4 2.3668E-4 4.16738E-4 2.70938E-4 4.31265E-5 4.84961E-5 2.92185E-5 1.43477E-5 8.60136E-6 -9999 -9999 -9999 -9999 -9999 -9999 -9999 -9999 -9999 -9999 -9999 -9999 -9999 -9999 -9999 -9999 -9999 -9999 -9999 -9999 -9999 -9999 -9999 -9999 -9999 -9999 -9999 -9999 -9999 -9999 -9999 -9999 -9999 -9999 -9999 -9999 -9999 -9999
1.75885E-3 2.58772E-3 1.02046E-3 1.14996E-3 1.00452E-3 1.84844E-4 2.25706E-4 1.05573E-4 6.92326E-5 1.73774E-3 3.18527E-4 2.94244E-3 1.12442E-3 4.59224E-4 2.54062E-4 6.44969E-4 6.38864E-4 9.73978E-4 7.33017E-4 4.3061E-4 5.21634E-4 6.27901E-4 5.19889E-4 5.98122E-4 4.51468E-4 2.46081E-5 1.58307E-5 2.24778E-5 2.74502E-5 -9999 -9999 -9999 -9999 -9999 -9999 -9999 -9999 -9999 -9999 -9999 -9999 -9999 -9999 -9999 -9999 -9999 -9999 -9999 -9999 -9999 -9999 -9999 -9999 -9999 -9999 -9999 -9999 -9999 -9999 -9999 -9999 -9999 -9999 -9999 -9999 -9999 -9999
2.92098E-3 3.94384E-3 3.72697E-3 2.9888E-3 8.72052E-4 2.42878E-4 4.93464E-4 2.31352E-4 9.54994E-5 3.04319E-3 3.23226E-4 9.96751E-4 2.23686E-3 1.42092E-3 6.41992E-4 3.63023E-4 2.77954E-4 5.11316E-3 3.16072E-3 4.27933E-3 2.31095E-3 1.03473E-3 5.87694E-4 6.28882E-5 9.20484E-4 8.85551E-5 1.99123E-5 2.49517E-5 -9999 -9999 -9999 -9999 -9999 -9999 -9999 -9999 -9999 -9999 -9999 -9999 -9999 -9999 -9999 -9999 -9999 -9999 -9999 -9999 -9999 -9999 -9999 -9999 -9999 -9999 -9999 -9999 -9999 -9999 -9999 -9999 -9999 -9999 -9999 -9999 -9999 -9999 -9999
1.77711E-3 1.45352E-3 2.40799E-3 2.91511E-3 1.24205E-3 1.09035E-2 1.05276E-3 3.36336E-4 1.32648E-3 2.18029E-4 4.66248E-3 5.99833E-3 7.10619E-4 4.96834E-3 3.24973E-3 3.46414E-4 2.18741E-4 1.79197E-3 1.1155E-2 5.05547E-3 2.96857E-3 1.76451E-3 8.25014E-4 1.11306E-4 7.37095E-5 1.48982E-3 1.23692E-3 5.06069E-4 -9999 -9999 -9999 -9999 -9999 -9999 -9999 -9999 -9999 -9999 -9999 -9999 -9999 -9999 -9999 -9999 -9999 -9999 -9999 -9999 -9999 -9999 -9999 -9999 -9999 -9999 -9999 -9999 -9999 -9999 -9999 -9999 -9999 -9999 -9999 -9999 -9999 -9999 -9999
1.31242E-3 1.42343E-3 1.29049E-3 1.48205E-3 1.83674E-3 5.92106E-4 2.08313E-2 1.17671E-2 1.58672E-4 3.1258E-3 9.65912E-3 3.60915E-3 8.30119E-3 1.09618E-3 2.15732E-3 2.60151E-3 1.09879E-3 3.98012E-4 2.57673E-3 3.71429E-3 1.79103E-3 1.32656E-3 7.47189E-4 6.11489E-4 4.24679E-4 1.783E-4 9.24103E-5 -9999 -9999 -9999 -9999 -9999 -9999 -9999 -9999 -9999 -9999 -9999 -9999 -9999 -9999 -9999 -9999 -9999 -9999 -9999 -9999 -9999 -9999 -9999 -9999 -9999 -9999 -9999 -9999 -9999 -9999 -9999 -9999 -9999 -9999 -9999 -9999 -9999 -9999 -9999 -9999
8.94124E-4 1.36135E-3 1.80427E-3 9.93937E-4 4.08865E-4 2.58533E-4 3.58388E-3 2.1077E-2 1.16406E-2 1.0861E-2 1.29999E-2 1.6485E-3 4.49722E-3 6.23439E-3 1.83721E-3 1.78713E-3 4.93429E-4 3.16385E-4 2.26829E-4 1.35296E-3 9.05124E-4 7.82171E-4 4.87984E-5 1.17359E-4 4.9594E-4 5.53407E-4 2.76725E-3 -9999 -9999 -9999 -9999 -9999 -9999 -9999 -9999 -9999 -9999 -9999 -9999 -9999 -9999 -9999 -9999 -9999 -9999 -9999 -9999 -9999 -9999 -9999 -9999 -9999 -9999 -9999 -9999 -9999 -9999 -9999 -9999 -9999 -9999 -9999 -9999 -9999 -9999 -9999 -9999
1.92062E-3 6.81601E-4 1.17211E-3 5.37537E-4 4.62036E-3 5.5599E-2 1.59499E-2 6.30165E-3 3.27158E-2 1.90068E-2 2.59552E-2 4.75364E-4 1.53492E-3 1.42827E-2 1.3187E-2 5.82926E-3 3.43091E-4 2.14776E-4 3.33783E-5 9.86651E-4 1.16225E-3 6.75619E-4 1.96272E-4 7.87611E-5 5.50028E-4 2.01945E-3 3.16153E-3 -9999 -9999 -9999 -9999 -9999 -9999 -9999 -9999 -9999 -9999 -9999 -9999 -9999 -9999 -9999 -9999 -9999 -9999 -9999 -9999 -9999 -9999 -9999 -9999 -9999 -9999 -9999 -9999 -9999 -9999 -9999 -9999 -9999 -9999 -9999 -9999 -9999 -9999 -9999 -9999
3.44949E-3 7.28282E-4 1.06623E-3 3.82305E-3 1.02144E-2 1.0878E-1 6.54679E-2 5.55006E-2 2.00837E-2 1.36958E-2 9.18105E-3 1.95525E-3 1.9834E-3 9.3356E-3 1.21575E-2 2.55706E-3 2.72029E-3 6.61601E-4 9.39577E-5 2.66586E-4 7.6441E-4 5.2253E-4 1.23318E-4 2.88992E-5 1.47069E-4 5.80203E-4 -9999 -9999 -9999 -9999 -9999 -9999 -9999 -9999 -9999 -9999 -9999 -9999 -9999 -9999 -9999 -9999 -9999 -9999 -9999 -9999 -9999 -9999 -9999 -9999 -9999 -9999 -9999 -9999 -9999 -9999 -9999 -9999 -9999 -9999 -9999 -9999 -9999 -9999 -9999 -9999 -9999
