ENM/Final_Models/M_1_F_q_Set_1_EC/Gustavia_santanderiensis_1_Choco_clamping.asc
ncols         367
nrows         963
xllcorner     -78.6
yllcorner     0.65
cellsize      0.00833333333333323
NODATA_value  -9999
[rows 320 to 351 of 963, columns 213 to 283 of 367]
1.40042E-1 1.92415E-1 1.76018E-1 1.57343E-1 1.71143E-1 2.78661E-1 1.87693E-1 2.21922E-1 2.62461E-1 2.7842E-1 2.8967E-1 2.84656E-1 2.85666E-1 2.81677E-1 2.85115E-1 2.29497E-1 2.88156E-1 2.88557E-1 2.85206E-1 2.65294E-1 2.85206E-1 1.6262E-1 2.62717E-1 2.59949E-1 2.25111E-1 2.20943E-2 1.9362E-1 2.50371E-1 2.48853E-1 2.50489E-1 2.44304E-1 2.39365E-1 2.25846E-1 2.10043E-1 2.09278E-1 2.06097E-1 2.09278E-1 1.45312E-1 8.08235E-2 3.72858E-2 3.54398E-2 3.86744E-2 4.19612E-2 6.02619E-2 5.50955E-2 8.10947E-2 8.07886E-2 6.72174E-2 5.13333E-2 4.58928E-2 3.64849E-2 2.17016E-3 0E0 1.90203E-2 1.65513E-2 9.87557E-3 0E0 0E0 2.45187E-3 6.61951E-3 7.72942E-3 0E0 0E0 0E0 0E0 0E0 0E0 0E0 0E0 0E0 0E0
1.43981E-1 1.44726E-1 1.55618E-1 1.47952E-1 0E0 1.67622E-1 2.75644E-1 2.78046E-1 2.7842E-1 2.51774E-1 2.81313E-1 2.75078E-1 2.84963E-1 2.75972E-1 2.79234E-1 2.58236E-1 2.68478E-1 2.56536E-1 2.77499E-1 2.75427E-1 2.64591E-1 2.69697E-1 1.55166E-1 1.46443E-1 1.67755E-1 2.01417E-1 1.8421E-1 1.71361E-1 2.25434E-1 2.18419E-1 2.16953E-1 1.96379E-1 2.19087E-1 2.2579E-1 2.06097E-1 1.95533E-1 1.9121E-1 1.46492E-1 7.38348E-2 6.61673E-2 7.37964E-2 1.05883E-1 1.00394E-1 7.30535E-2 7.96939E-2 8.71462E-2 7.71116E-2 4.4388E-2 4.28013E-2 3.88124E-2 3.7964E-2 4.32159E-2 1.88495E-2 1.29021E-2 2.49574E-2 1.67235E-2 8.21739E-3 0E0 5.60153E-3 1.42175E-2 1.62623E-3 0E0 1.14148E-3 0E0 0E0 0E0 0E0 0E0 0E0 0E0 0E0
1.89249E-1 1.21533E-1 1.07639E-1 1.51878E-1 1.51171E-1 2.4576E-1 2.35252E-1 2.7174E-1 2.7174E-1 2.69592E-1 2.76331E-1 2.60804E-1 2.25595E-1 2.4003E-1 2.52925E-1 2.52322E-1 2.5283E-1 2.22806E-1 2.2481E-1 2.4791E-1 1.91665E-1 1.24933E-1 1.63262E-1 1.56617E-1 1.46207E-1 1.74808E-1 1.35088E-1 1.64471E-1 1.58051E-1 2.05411E-1 2.06631E-1 2.05402E-1 2.05402E-1 2.26832E-1 1.90632E-1 1.88602E-1 1.66308E-1 1.50186E-1 8.0512E-2 1.00484E-1 1.27474E-1 1.2753E-1 1.16257E-1 1.1194E-1 9.46573E-2 8.84137E-2 7.66907E-2 5.34948E-2 5.02064E-2 3.52335E-2 2.46049E-2 2.51161E-2 3.16789E-2 2.30579E-2 2.38884E-2 1.82519E-2 1.50396E-2 1.62678E-2 1.40288E-2 1.33086E-2 1.55792E-3 7.5311E-4 1.04425E-3 2.62475E-4 0E0 0E0 0E0 0E0 0E0 0E0 0E0
1.71316E-1 1.64215E-1 0E0 1.53412E-1 1.39057E-1 2.32157E-1 1.70609E-1 1.32609E-1 2.65853E-1 2.77075E-1 2.77493E-1 2.77046E-1 2.85666E-1 2.41445E-1 2.7419E-1 1.77116E-1 2.25447E-1 1.69229E-1 1.44403E-1 1.57998E-1 1.42091E-1 2.20418E-1 1.61493E-1 1.72294E-1 1.42249E-1 1.42812E-1 1.45017E-1 2.30799E-2 1.66901E-1 2.03839E-1 2.04855E-1 1.95559E-1 2.03591E-1 2.06378E-1 1.9121E-1 1.85418E-1 1.74586E-1 1.59609E-1 1.23653E-1 8.17592E-2 1.34957E-1 9.48209E-2 7.36927E-2 1.06803E-1 1.0045E-1 7.97393E-2 6.1116E-2 6.91636E-2 4.81824E-2 2.66917E-2 9.62381E-3 1.59192E-2 3.58951E-2 1.75843E-2 2.99956E-2 1.45252E-2 2.16379E-2 6.69815E-3 9.63772E-3 7.44515E-3 4.67875E-4 7.16713E-4 3.39988E-4 2.54776E-4 0E0 0E0 0E0 0E0 0E0 0E0 0E0
2.03912E-1 1.50799E-1 0E0 1.57428E-1 1.50191E-1 1.89981E-1 2.13598E-1 1.34794E-1 2.6846E-1 2.69592E-1 2.7073E-1 2.77075E-1 2.7174E-1 2.66284E-1 2.23871E-1 1.64548E-1 2.25863E-1 2.49711E-1 2.30495E-1 1.52675E-1 1.90387E-1 1.5318E-1 1.06435E-1 2.72972E-2 1.54786E-1 1.39638E-1 1.3285E-1 2.47638E-2 1.3044E-1 2.04855E-1 2.01153E-1 1.9303E-1 1.71008E-1 1.83901E-1 1.92887E-1 1.94789E-1 1.64745E-1 1.64636E-1 1.51798E-1 1.47591E-1 1.51162E-1 1.09102E-1 5.01802E-2 6.7209E-2 4.82404E-2 4.5786E-2 3.86215E-2 4.23422E-2 4.57742E-2 3.77424E-2 1.34981E-2 2.78011E-2 3.92174E-2 2.6194E-2 3.19991E-2 2.52839E-2 3.40952E-2 3.17083E-2 2.57648E-2 6.79316E-3 0E0 2.73629E-3 1.37878E-3 0E0 0E0 0E0 0E0 0E0 0E0 0E0 0E0
1.85237E-1 1.69813E-1 2.39519E-1 2.20668E-1 1.85567E-1 2.11883E-1 1.86857E-1 2.18308E-1 2.6846E-1 2.69592E-1 2.7073E-1 2.73125E-1 2.7174E-1 2.72063E-1 2.64917E-1 2.54867E-1 2.0945E-1 2.04953E-1 1.89268E-1 2.54976E-1 1.9454E-1 1.88542E-1 1.26211E-1 1.27072E-1 1.36511E-1 1.41812E-1 1.29601E-1 1.47467E-1 1.15249E-1 1.6595E-1 1.57604E-1 1.55591E-1 1.62399E-1 1.2708E-1 1.46507E-1 1.906E-1 1.78186E-1 1.6542E-1 1.11499E-1 1.01632E-1 7.42805E-2 8.29434E-2 4.25067E-2 3.54814E-2 3.09747E-2 7.67916E-3 2.74743E-3 1.23995E-2 1.08898E-2 1.41247E-2 1.36836E-2 1.55527E-2 2.59188E-2 2.88915E-2 1.59187E-2 1.64106E-2 1.18693E-2 2.12631E-2 2.3686E-2 8.6904E-3 0E0 0E0 0E0 0E0 0E0 0E0 0E0 0E0 0E0 0E0 0E0
1.66032E-1 1.56093E-1 1.62871E-1 1.04443E-1 1.84828E-1 2.07285E-1 2.39011E-1 2.60044E-1 2.54351E-1 2.56505E-1 2.67677E-1 2.67413E-1 2.70026E-1 2.72063E-1 2.64574E-1 2.49119E-1 2.4075E-1 2.05762E-1 2.16812E-1 1.97354E-1 2.05781E-1 1.33199E-1 1.411E-1 1.41403E-1 1.46889E-1 2.20563E-1 1.19104E-1 1.55755E-1 1.48897E-1 1.98807E-1 1.91959E-1 1.8716E-1 1.82664E-1 1.5032E-1 1.89659E-1 1.7363E-1 1.73077E-1 1.64502E-1 8.24121E-2 7.89296E-2 8.08104E-2 5.92362E-2 3.93054E-2 1.52435E-2 0E0 0E0 1.47173E-3 8.68209E-3 5.93024E-2 4.20519E-2 3.75315E-2 1.81265E-2 2.54082E-2 2.92733E-2 1.61292E-2 1.15608E-2 3.71069E-3 1.00949E-2 1.15232E-2 1.36092E-2 0E0 0E0 0E0 0E0 0E0 0E0 0E0 0E0 0E0 0E0 0E0
2.03166E-1 1.42655E-1 1.24788E-1 1.09044E-1 1.56008E-1 1.59309E-1 2.46045E-1 2.59568E-1 2.61176E-1 2.68252E-1 2.55112E-1 2.6889E-1 2.73824E-1 2.74118E-1 2.68393E-1 2.63906E-1 2.4912E-1 2.41089E-1 2.41089E-1 2.2135E-1 1.35156E-1 1.6681E-1 2.27125E-2 1.25793E-1 1.6622E-1 1.29114E-1 1.79395E-1 1.94762E-1 2.0582E-1 1.96352E-1 1.92823E-1 1.9072E-1 1.91804E-1 1.72983E-1 1.99371E-1 2.17783E-1 1.99067E-1 1.87583E-1 1.25366E-1 9.56301E-2 9.30105E-2 7.64002E-2 3.48499E-2 1.09217E-2 0E0 0E0 8.77221E-3 4.37713E-2 6.45929E-2 6.68487E-2 3.92609E-2 4.79418E-3 4.93988E-3 1.99627E-2 1.10372E-2 2.95095E-3 1.33592E-2 1.49897E-2 7.58061E-3 2.2162E-3 9.21911E-4 0E0 0E0 0E0 0E0 0E0 0E0 0E0 0E0 0E0 0E0
1.87164E-1 2.13507E-1 1.42555E-1 9.75613E-2 9.84934E-2 9.92849E-2 1.83107E-1 2.05773E-1 2.61176E-1 2.68252E-1 2.65882E-1 2.7073E-1 2.77693E-1 2.78021E-1 2.83499E-1 2.64644E-1 2.61317E-1 2.40479E-1 2.39891E-1 2.33811E-1 1.35948E-1 1.61148E-1 1.30758E-1 1.32339E-1 1.19737E-1 1.7924E-1 1.15262E-1 2.0974E-1 1.99067E-1 1.94415E-1 1.92823E-1 1.90648E-1 1.66626E-1 1.66026E-1 1.94461E-1 1.92273E-1 2.04093E-1 2.06582E-1 1.64414E-1 1.37627E-1 1.06951E-1 7.37037E-2 1.3907E-2 4.36372E-3 5.66612E-4 1.64104E-2 4.3696E-2 5.92052E-2 7.40176E-2 7.34656E-2 4.46708E-2 7.06338E-3 0E0 0E0 0E0 0E0 7.78523E-3 1.00214E-2 1.67185E-3 0E0 0E0 0E0 0E0 0E0 0E0 0E0 0E0 0E0 0E0 0E0 0E0
1.56767E-1 2.10245E-1 2.31335E-1 2.16168E-1 1.54067E-1 1.7767E-1 1.88476E-1 1.82602E-1 2.50647E-1 2.61176E-1 2.64578E-1 2.09999E-1 2.62458E-1 2.77693E-1 2.85377E-1 2.55106E-1 2.09831E-1 2.39638E-1 2.37537E-1 1.59474E-1 1.36832E-1 1.54399E-1 1.54479E-1 1.20779E-1 2.41285E-2 1.21809E-1 1.33448E-1 2.09124E-1 1.38823E-1 1.9797E-1 1.92119E-1 1.77766E-1 1.73459E-1 2.14725E-1 2.19118E-1 1.91844E-1 2.06582E-1 2.19659E-1 1.20399E-1 9.70684E-2 7.90421E-2 5.22926E-2 2.02809E-2 9.93502E-3 4.83782E-3 3.60354E-2 6.61989E-2 9.80412E-2 2.99224E-2 7.64385E-3 3.34308E-2 2.92664E-2 0E0 0E0 0E0 0E0 2.32818E-3 0E0 0E0 0E0 0E0 0E0 0E0 0E0 0E0 0E0 0E0 0E0 0E0 0E0 0E0
1.86306E-1 2.20104E-1 1.4622E-1 2.083E-1 1.01228E-1 1.89085E-1 1.62124E-1 1.69378E-1 2.36338E-1 2.5986E-1 2.11889E-1 1.9525E-1 2.06418E-1 2.70998E-1 1.82491E-1 2.53806E-1 2.25924E-1 2.4137E-1 2.28745E-1 1.7312E-1 1.06359E-1 1.35656E-1 1.85967E-1 1.3173E-1 1.26853E-1 1.17968E-1 1.87476E-1 1.93182E-1 1.42121E-1 1.3376E-1 1.94051E-1 1.96766E-1 1.82779E-1 2.35009E-1 1.99533E-1 2.17801E-1 2.19364E-1 2.21759E-1 1.59762E-1 1.21038E-1 1.23059E-1 8.74328E-2 3.73084E-2 2.80214E-2 3.5117E-2 4.88981E-2 9.25774E-2 5.57018E-2 1.43337E-2 5.76619E-3 4.51225E-3 3.50468E-3 0E0 0E0 4.3533E-3 0E0 2.26718E-3 0E0 0E0 0E0 0E0 0E0 0E0 0E0 0E0 0E0 0E0 0E0 0E0 0E0 0E0
1.63883E-1 1.9956E-1 1.89203E-1 1.90148E-1 1.01316E-1 1.2626E-1 1.63702E-1 2.50458E-1 1.31595E-1 2.20804E-1 2.51579E-1 2.42659E-1 1.92585E-1 1.96015E-1 1.97013E-1 2.65194E-1 2.63226E-1 2.4429E-1 2.39638E-1 2.05425E-1 2.34058E-1 1.10032E-1 1.2158E-1 2.09111E-1 2.14182E-1 1.66808E-1 2.07784E-1 1.96602E-1 1.53198E-1 2.24283E-1 2.21933E-1 2.36658E-1 2.27713E-1 2.18274E-1 2.19119E-1 2.39238E-1 2.26397E-1 2.17784E-1 1.62008E-1 1.44306E-1 1.22931E-1 8.54028E-2 3.80593E-2 3.22122E-2 6.26812E-2 4.93703E-2 9.31744E-2 6.32204E-2 0E0 1.76657E-2 4.75027E-3 2.74261E-2 2.75375E-2 1.83638E-2 3.88858E-3 0E0 0E0 0E0 0E0 0E0 0E0 0E0 0E0 0E0 0E0 0E0 0E0 0E0 0E0 0E0 0E0
2.0406E-1 1.50982E-1 1.79133E-1 8.33442E-2 1.1037E-1 1.69888E-1 1.77703E-1 1.9784E-1 1.12916E-1 2.16101E-1 2.02789E-1 2.6874E-1 2.59701E-1 2.664E-1 2.03041E-1 2.27322E-1 2.188E-1 2.11048E-1 2.10968E-1 1.91245E-1 1.52572E-1 1.37131E-1 1.33037E-1 1.29472E-1 2.08873E-1 1.87254E-1 1.71526E-1 1.68999E-1 1.93681E-1 1.74593E-1 2.024E-1 2.18245E-1 2.18834E-1 2.20443E-1 2.39382E-1 2.17784E-1 2.17238E-1 1.91491E-1 1.8055E-1 1.4092E-1 8.72425E-2 5.65414E-2 6.00793E-2 7.84344E-2 1.00794E-1 9.72456E-2 8.11736E-2 3.27466E-2 4.71096E-2 5.64321E-2 1.0294E-2 2.10738E-2 1.92838E-2 7.64911E-3 3.17467E-3 0E0 0E0 0E0 0E0 0E0 0E0 0E0 0E0 0E0 0E0 0E0 0E0 0E0 0E0 0E0 0E0
2.0406E-1 2.23163E-1 2.27224E-1 1.91478E-1 7.89041E-2 1.59057E-1 1.68074E-1 1.92189E-1 1.61124E-1 2.52183E-1 1.75046E-1 1.4995E-1 2.3788E-1 2.13826E-1 1.79003E-1 1.17978E-1 1.80442E-1 1.9024E-1 1.5163E-1 2.41076E-1 1.72248E-1 1.88076E-1 1.79459E-1 1.27635E-1 1.56541E-1 1.55805E-1 2.04536E-1 1.99455E-1 1.84703E-1 1.74744E-1 2.22529E-1 2.20847E-1 2.33609E-1 2.39519E-1 2.17363E-1 1.85974E-1 1.89121E-1 1.85088E-1 1.79798E-1 1.50445E-1 9.49979E-2 8.38697E-2 1.05942E-1 1.03607E-1 9.42992E-2 8.2668E-2 8.63371E-2 7.36611E-2 5.46088E-2 3.09433E-2 3.10752E-3 0E0 0E0 0E0 0E0 0E0 0E0 0E0 7.9282E-3 1.1913E-2 5.30644E-4 0E0 0E0 0E0 0E0 0E0 0E0 0E0 0E0 0E0 0E0
2.06434E-1 2.19679E-1 2.2218E-1 2.28794E-1 2.08652E-1 1.7987E-1 1.84512E-1 2.12919E-1 2.46193E-1 2.53114E-1 1.81648E-1 2.21186E-1 1.77092E-1 1.81633E-1 1.23123E-1 1.83758E-1 2.41089E-1 2.25479E-1 2.21757E-1 2.26625E-1 2.25109E-1 1.96231E-1 8.71605E-2 1.14268E-1 1.70889E-1 1.71356E-1 2.19719E-1 2.12226E-1 1.98607E-1 1.53067E-1 2.09491E-1 2.28032E-1 2.26278E-1 2.21552E-1 1.98521E-1 1.85974E-1 1.90109E-1 1.66109E-1 1.51416E-1 1.3316E-1 1.04677E-1 1.35506E-1 1.43053E-1 9.73591E-2 8.105E-2 9.28298E-2 5.80518E-2 3.25115E-2 2.53265E-2 3.87292E-2 0E0 0E0 0E0 0E0 0E0 5.46675E-3 3.31386E-3 0E0 5.80626E-4 0E0 0E0 0E0 0E0 0E0 0E0 0E0 0E0 0E0 0E0 0E0 0E0
2.03886E-1 1.90743E-1 1.99988E-1 2.16253E-1 2.00427E-1 1.96824E-1 2.07876E-1 2.2584E-1 2.40721E-1 2.46595E-1 1.73675E-1 1.4746E-1 2.5616E-1 2.58865E-1 1.44107E-1 1.97368E-1 2.22636E-1 2.41017E-1 2.41884E-1 2.23862E-1 1.77622E-1 1.34121E-1 9.77628E-2 1.86589E-1 2.09753E-1 2.10842E-1 2.33835E-1 2.34963E-1 2.29251E-1 2.32255E-1 2.35427E-1 1.98076E-1 1.91174E-1 1.72516E-1 1.81436E-1 2.00463E-1 1.70116E-1 1.27792E-1 1.40746E-1 8.70972E-2 1.27842E-1 1.47861E-1 1.41898E-1 1.19721E-1 8.9942E-2 4.82449E-2 3.44902E-2 2.01752E-2 1.80706E-2 9.56485E-3 0E0 0E0 0E0 0E0 0E0 2.99335E-3 6.96708E-3 0E0 1.45747E-3 0E0 0E0 0E0 0E0 0E0 0E0 0E0 0E0 0E0 0E0 0E0 0E0
1.71823E-1 1.92033E-1 1.90288E-1 1.92085E-1 1.84801E-1 1.87561E-1 1.02721E-1 2.30915E-1 2.21726E-1 2.21234E-1 1.97013E-1 1.51426E-1 2.20075E-1 1.98932E-1 9.96744E-2 1.96359E-1 1.35248E-1 1.82075E-1 2.38001E-1 2.263E-1 2.16813E-1 1.28685E-1 1.1122E-1 9.84149E-2 1.96565E-1 1.66512E-1 2.1031E-1 2.25053E-1 2.45355E-1 2.08144E-1 2.35107E-1 1.93048E-1 2.14414E-1 1.80866E-1 1.75212E-1 2.17177E-1 1.45735E-1 1.05497E-1 1.22102E-1 1.14026E-1 1.75767E-1 1.70526E-1 1.83908E-1 1.49493E-1 1.12418E-1 5.94972E-2 2.86775E-2 2.20839E-2 1.76937E-2 8.72283E-3 2.07226E-3 0E0 2.25153E-3 0E0 0E0 0E0 3.89678E-3 0E0 0E0 0E0 0E0 0E0 1.30965E-4 0E0 0E0 0E0 0E0 0E0 0E0 0E0 0E0
1.65951E-1 1.70519E-1 1.92033E-1 1.92033E-1 2.04059E-1 2.11889E-1 2.26947E-1 2.27834E-1 1.94643E-1 2.36219E-1 2.44888E-1 1.71097E-1 1.75833E-1 1.68894E-1 1.77698E-1 1.98302E-1 1.70503E-1 2.10051E-1 2.19664E-1 1.75738E-1 2.10196E-1 1.36385E-1 1.1929E-1 1.46971E-1 1.95638E-1 1.8799E-1 2.36004E-1 2.24758E-1 2.10833E-1 1.64718E-1 1.54216E-1 1.51951E-1 1.83788E-1 1.65174E-1 1.92395E-1 1.97082E-1 1.47226E-1 1.41778E-1 1.66386E-1 1.56649E-1 1.64484E-1 1.80119E-1 1.55403E-1 1.25545E-1 1.57233E-1 8.47119E-2 5.364E-2 6.67449E-2 3.21953E-2 6.54274E-4 0E0 0E0 0E0 2.78625E-3 1.40309E-2 2.88744E-3 1.47257E-2 2.94113E-3 4.492E-4 0E0 0E0 0E0 0E0 0E0 0E0 0E0 0E0 0E0 0E0 0E0 0E0
1.70764E-1 1.85544E-1 1.85409E-1 1.88724E-1 1.67191E-1 1.64752E-1 1.91305E-1 1.71554E-1 2.26509E-1 1.63175E-1 2.05101E-1 2.19899E-1 2.18141E-1 1.63896E-1 2.23322E-1 2.39175E-1 2.53447E-1 1.96701E-1 2.02122E-1 1.80727E-1 1.68486E-1 1.99843E-1 1.74955E-1 1.14348E-1 1.77794E-1 1.85346E-1 2.12579E-1 2.20353E-1 2.18029E-1 1.86011E-1 1.76191E-1 1.6906E-1 1.84645E-1 1.87027E-1 2.00692E-1 1.99461E-1 1.31016E-1 1.54167E-1 1.68141E-1 1.54915E-1 1.77553E-1 1.50697E-1 1.22984E-1 6.51555E-2 1.07658E-1 1.12439E-1 9.47276E-2 8.33254E-2 2.85438E-2 0E0 0E0 0E0 0E0 0E0 0E0 1.20122E-2 1.10718E-2 4.79943E-3 3.11604E-3 4.19301E-4 0E0 0E0 0E0 0E0 0E0 0E0 0E0 0E0 0E0 0E0 0E0
1.94601E-1 1.98306E-1 2.04442E-1 2.10112E-1 1.68132E-1 2.21354E-1 2.10837E-1 2.28446E-1 2.12671E-1 1.80811E-1 1.89599E-1 1.97317E-1 2.30693E-1 2.143E-1 1.92433E-1 1.90237E-1 1.94507E-1 2.30585E-1 1.80273E-1 2.1925E-1 2.15482E-1 1.80478E-1 1.83409E-1 1.29885E-1 1.73985E-1 2.04123E-1 1.81572E-1 1.67653E-1 2.07656E-1 1.87979E-1 2.21041E-1 1.90716E-1 1.16765E-1 1.99461E-1 2.03553E-1 1.98521E-1 1.63014E-1 1.95665E-1 1.61082E-1 1.52967E-1 1.43336E-1 1.70012E-1 1.50894E-1 7.96815E-2 6.26179E-2 8.57455E-2 7.32449E-2 2.98427E-2 0E0 0E0 0E0 0E0 0E0 0E0 0E0 1.09211E-3 0E0 0E0 0E0 0E0 0E0 0E0 0E0 0E0 0E0 0E0 0E0 0E0 0E0 0E0 0E0
1.73903E-1 1.84983E-1 1.97219E-1 2.04616E-1 1.75381E-1 2.06854E-1 1.59605E-1 1.53385E-1 1.7337E-1 2.28556E-1 1.86948E-1 2.15683E-1 1.58044E-2 2.07737E-1 2.27085E-1 1.98595E-1 1.75676E-1 1.37614E-1 2.005E-1 2.1925E-1 2.19664E-1 1.75656E-1 1.99767E-1 1.89892E-1 2.38802E-1 2.31344E-1 2.31344E-1 1.7022E-1 2.20939E-1 2.18413E-1 1.40008E-1 1.42043E-1 1.3032E-1 1.67396E-1 1.67819E-1 1.67818E-1 1.98963E-1 2.09666E-1 1.49056E-1 1.53572E-1 1.62646E-1 1.37784E-1 1.06931E-1 8.69805E-2 1.22732E-1 1.18879E-1 1.04867E-1 3.70214E-2 4.36808E-3 0E0 0E0 0E0 0E0 0E0 0E0 0E0 0E0 0E0 0E0 0E0 0E0 0E0 0E0 0E0 0E0 0E0 0E0 0E0 0E0 0E0 0E0
1.6976E-1 1.78698E-1 1.92487E-1 1.65719E-1 1.89478E-1 1.44196E-1 2.05314E-1 2.16857E-1 1.46607E-1 1.67356E-1 1.43392E-1 2.1727E-1 1.35534E-1 2.31449E-1 2.40753E-1 2.16929E-1 2.43721E-1 2.26399E-1 2.2745E-1 2.22553E-1 2.1866E-1 2.15482E-1 2.08813E-1 2.1475E-1 1.65201E-1 2.31537E-1 2.24766E-1 1.89384E-1 2.10122E-1 1.93619E-1 1.71219E-1 1.8623E-1 1.18334E-1 1.16894E-1 1.84593E-1 1.74096E-1 1.87552E-1 2.17868E-1 1.78359E-1 1.74854E-1 2.07742E-1 2.15051E-1 1.98054E-1 1.42913E-1 1.66809E-1 1.46962E-1 8.81267E-2 6.12761E-2 1.78227E-3 0E0 0E0 0E0 0E0 0E0 4.92942E-3 3.22614E-3 0E0 0E0 0E0 0E0 0E0 0E0 0E0 4.06946E-4 8.17397E-4 0E0 0E0 0E0 0E0 0E0 0E0
1.12042E-1 1.62262E-1 1.7097E-1 1.80922E-1 1.35964E-1 1.39193E-1 2.04624E-1 1.93135E-1 2.19163E-1 2.24099E-1 1.44928E-1 1.69275E-1 1.69178E-1 1.6684E-1 1.68914E-1 1.43523E-1 2.43721E-1 1.3553E-1 2.04285E-1 2.28531E-1 2.31291E-1 2.22061E-1 2.15482E-1 2.40603E-1 1.6835E-1 1.89375E-1 2.12958E-1 2.00089E-1 1.85324E-1 1.73082E-1 1.677E-1 2.0925E-1 1.62247E-1 1.12162E-1 1.95979E-1 1.89255E-1 1.76652E-1 1.66861E-1 1.49379E-1 1.48773E-1 2.07096E-1 1.93001E-1 1.70545E-1 1.02552E-1 1.03413E-1 1.04427E-1 5.58964E-2 3.38668E-2 3.9716E-4 0E0 0E0 0E0 0E0 0E0 1.46078E-2 5.89207E-3 9.28876E-3 4.99098E-3 3.48675E-4 0E0 0E0 0E0 0E0 0E0 2.29014E-4 5.54564E-4 4.33913E-4 8.32145E-5 0E0 0E0 0E0
1.54724E-1 1.344E-1 1.76215E-1 1.58253E-1 1.94303E-1 1.44147E-1 2.05314E-1 2.08409E-1 1.55037E-1 1.64163E-1 1.73925E-1 2.30161E-1 1.59553E-1 1.85245E-1 1.7882E-1 2.14393E-1 1.93613E-1 2.40158E-1 2.40603E-1 2.44199E-1 2.40158E-1 2.07257E-1 2.39202E-1 2.39202E-1 1.6853E-1 1.71146E-1 1.76685E-1 2.02657E-1 2.18319E-1 1.94935E-1 1.77432E-1 1.72979E-1 2.09692E-1 1.35144E-1 1.75251E-1 2.0175E-1 1.75381E-1 1.8484E-1 1.71704E-1 1.91698E-1 1.76656E-1 1.75816E-1 1.70545E-1 1.50805E-1 1.22299E-1 7.98287E-2 4.10829E-2 3.45357E-2 1.25623E-2 5.93467E-3 0E0 0E0 0E0 0E0 2.00086E-2 7.30177E-3 1.00017E-2 8.65285E-4 0E0 0E0 0E0 0E0 3.93589E-4 5.82227E-4 5.33045E-4 5.19021E-4 4.92185E-4 3.8175E-4 0E0 0E0 0E0
1.49078E-1 1.3706E-1 1.64052E-1 1.59412E-1 1.68912E-1 1.94303E-1 1.82799E-1 1.80757E-1 2.16721E-1 1.56125E-1 2.20763E-1 1.24949E-1 1.76996E-1 1.70166E-1 1.90163E-1 2.00248E-1 2.43271E-1 2.16981E-1 2.38648E-1 2.40158E-1 2.32799E-1 2.08674E-1 2.16616E-1 2.36162E-1 1.86863E-1 2.25699E-1 2.10172E-1 1.96441E-1 1.35577E-1 1.65526E-1 2.00203E-1 1.98608E-1 1.85155E-1 1.98785E-1 1.37861E-1 1.51171E-1 1.77873E-1 1.88005E-1 2.11085E-1 2.10218E-1 1.74946E-1 1.67163E-1 1.78327E-1 1.60848E-1 1.61463E-1 7.83989E-2 5.51486E-2 2.62301E-2 2.40207E-2 1.13932E-2 7.02904E-3 5.59673E-3 2.8703E-3 1.9045E-2 2.52603E-2 1.48465E-2 6.18063E-3 1.27858E-3 1.22235E-3 0E0 9.82321E-4 0E0 0E0 0E0 8.48263E-4 0E0 0E0 0E0 0E0 0E0 0E0
1.46926E-1 1.44226E-1 1.638E-1 9.61489E-2 1.53891E-1 1.60918E-1 1.51435E-1 2.05314E-1 1.88696E-1 2.0916E-1 1.70729E-1 1.34621E-1 1.66002E-1 1.71393E-1 2.27614E-1 2.14943E-1 1.88727E-1 2.43271E-1 2.18018E-1 2.06037E-1 1.87728E-1 1.66852E-1 1.22353E-1 1.56066E-1 2.36757E-1 2.05533E-1 2.0703E-1 2.22871E-1 1.88789E-1 1.49322E-1 1.49579E-1 1.58244E-1 1.66819E-1 2.04844E-1 1.52637E-1 1.65949E-1 1.72439E-1 1.97808E-1 1.76495E-1 1.72346E-1 1.76511E-1 1.61115E-1 1.34328E-1 1.81674E-1 1.61152E-1 8.72212E-2 3.76353E-2 2.40972E-2 2.98254E-2 7.35095E-2 4.17913E-2 4.20306E-2 3.00779E-2 3.20482E-2 1.6923E-2 1.71126E-2 8.99807E-3 6.71802E-3 5.44095E-3 7.88817E-3 3.73346E-3 0E0 1.32413E-3 0E0 0E0 0E0 0E0 0E0 0E0 3.25482E-4 3.62395E-4
1.59093E-1 1.38196E-1 1.50127E-1 9.77517E-2 1.47709E-1 1.38024E-1 1.73016E-1 1.76485E-1 1.53549E-1 1.59856E-1 1.52512E-1 1.36817E-1 1.60448E-1 1.76462E-1 1.44171E-1 2.00366E-1 2.3568E-1 2.10637E-1 2.31676E-1 2.23057E-1 1.98045E-1 1.64941E-1 1.44995E-1 1.48759E-1 1.11365E-1 1.43365E-1 1.39124E-1 1.60571E-1 1.65847E-1 1.27732E-1 1.8669E-1 2.21365E-1 1.91821E-1 2.12996E-1 1.82756E-1 1.95251E-1 1.317E-1 1.41178E-1 1.19443E-1 1.79691E-1 2.06942E-1 1.62966E-1 1.58903E-1 1.41689E-1 1.55352E-1 1.07202E-1 5.18379E-2 6.9617E-2 7.35163E-2 6.96413E-2 4.91595E-2 3.57028E-2 1.69374E-2 1.7421E-2 1.77246E-2 5.59144E-3 6.99592E-3 2.29736E-2 1.03915E-2 1.11751E-2 5.41012E-3 7.32092E-3 1.01169E-3 0E0 0E0 0E0 0E0 0E0 0E0 0E0 0E0
1.16091E-1 1.37877E-1 1.19702E-1 1.07639E-1 1.56011E-1 1.40671E-1 1.49731E-1 2.00343E-1 2.04721E-1 1.54445E-1 1.47567E-1 2.12945E-1 2.16323E-1 2.05351E-1 1.509E-1 2.04256E-1 1.53195E-1 2.37381E-1 2.13087E-1 2.11497E-1 2.02661E-1 1.35862E-1 1.7956E-1 2.15146E-1 2.18419E-1 1.42573E-1 1.1489E-1 1.31991E-1 1.09267E-1 1.58681E-1 2.08866E-1 2.00699E-1 1.71769E-1 1.77592E-1 1.69406E-1 1.2212E-1 1.98144E-1 1.31928E-1 1.09275E-1 1.45191E-1 1.38627E-1 1.57053E-1 1.58126E-1 9.60642E-2 1.37349E-1 1.31171E-1 9.55558E-2 7.61424E-2 3.34565E-2 3.41285E-2 2.51358E-2 2.54524E-2 0E0 6.87567E-3 9.22138E-3 6.43906E-3 1.35738E-2 3.14624E-2 2.65177E-2 2.76623E-2 2.08531E-2 9.45571E-3 4.95786E-4 0E0 0E0 0E0 0E0 0E0 0E0 0E0 0E0
1.00369E-1 1.03069E-1 6.00155E-2 7.46121E-2 1.7714E-1 1.31152E-1 1.87251E-1 1.97055E-1 2.00343E-1 1.3865E-1 1.47108E-1 1.34726E-1 1.77877E-1 1.84913E-1 1.73397E-1 1.74085E-1 2.27649E-1 1.84671E-1 2.06419E-1 2.02093E-1 1.45997E-1 1.41403E-1 1.98565E-1 2.00835E-1 2.00093E-1 1.41197E-1 1.986E-1 1.96498E-1 1.57241E-1 1.35947E-1 2.02687E-1 1.54294E-1 1.95733E-1 2.12082E-1 1.91492E-1 1.53135E-1 1.6094E-1 1.67036E-1 1.52935E-1 1.30289E-1 1.21605E-1 1.54542E-1 1.01994E-1 1.08589E-1 1.14533E-1 1.05174E-1 6.20549E-2 8.04715E-2 3.60497E-2 3.33414E-2 1.6057E-2 1.58871E-2 0E0 0E0 0E0 1.7216E-2 2.01228E-2 3.61542E-2 2.17918E-2 2.09855E-2 2.96877E-2 1.11506E-2 3.64407E-3 0E0 5.30292E-3 3.78594E-3 5.59201E-3 0E0 2.10382E-3 0E0 0E0
1.4833E-1 6.62971E-2 7.07096E-2 1.18929E-1 1.15537E-1 1.23525E-1 1.16968E-1 1.5231E-1 1.99221E-1 1.53776E-1 1.49815E-1 1.32994E-1 1.72054E-1 2.2189E-1 2.21358E-1 2.27296E-1 2.27649E-1 1.62318E-1 2.09334E-1 1.65913E-1 1.55079E-1 1.53179E-1 1.98565E-1 2.01291E-1 1.98564E-1 1.17302E-1 1.68205E-1 1.67585E-1 1.54566E-1 7.35186E-2 1.48137E-1 1.47958E-1 1.90888E-1 1.73198E-1 1.52964E-1 1.63364E-1 1.70819E-1 1.23347E-1 8.86838E-2 1.04304E-1 1.50628E-1 1.22084E-1 9.94663E-2 9.98257E-2 9.42597E-2 1.00168E-1 7.28796E-2 5.28327E-2 5.3848E-2 4.05328E-2 2.64233E-2 2.22015E-2 1.82735E-2 7.92725E-4 1.30109E-2 2.53185E-2 2.84488E-2 3.90342E-2 3.3051E-2 2.91142E-2 2.10087E-2 1.83544E-2 8.78283E-3 3.3848E-3 7.815E-3 6.51103E-3 6.4307E-3 4.60067E-3 7.15574E-3 0E0 0E0
1.21852E-1 9.87292E-2 1.03293E-1 8.50022E-2 1.58536E-1 1.74106E-1 1.82162E-1 1.56078E-1 1.594E-1 1.44169E-1 1.54521E-1 2.08411E-1 1.16504E-1 1.77874E-1 2.26796E-1 2.29739E-1 2.30288E-1 2.11007E-1 1.65663E-1 1.78519E-1 1.81645E-1 1.68383E-1 1.43691E-1 1.89257E-1 2.10246E-1 1.48286E-1 1.05361E-1 1.2379E-1 1.77354E-1 9.52848E-2 1.47602E-1 1.2965E-1 1.49866E-1 2.23639E-1 1.89653E-1 1.75589E-1 1.77369E-1 1.65391E-1 1.44387E-1 1.27561E-1 1.39959E-1 1.58263E-1 1.31992E-1 1.25796E-1 9.1882E-2 6.1454E-2 6.20015E-2 4.25185E-2 5.22211E-2 3.25021E-2 3.9913E-2 2.932E-2 2.06149E-2 3.37993E-2 4.22697E-2 4.74659E-2 4.03356E-2 2.95344E-2 3.54985E-2 2.77149E-2 2.09732E-2 3.36723E-3 3.93968E-3 6.58362E-3 1.24897E-2 1.06567E-2 1.5009E-2 1.17138E-2 2.25004E-3 4.6771E-4 0E0
1.56825E-1 1.20364E-1 1.1696E-1 7.02342E-2 1.31484E-1 1.26849E-1 1.81158E-1 1.51498E-1 1.39796E-1 1.45336E-1 1.57718E-1 2.08939E-1 1.27828E-1 2.22414E-1 2.19163E-1 1.58666E-1 2.27296E-1 1.5378E-1 2.27179E-1 1.79093E-1 2.2659E-1 2.15036E-1 1.96686E-1 1.95524E-1 1.63253E-1 1.24105E-1 7.78798E-2 1.23706E-1 1.30863E-1 1.88414E-1 1.64963E-1 1.31594E-1 1.55315E-1 2.17517E-1 1.81965E-1 2.05704E-1 1.33086E-1 1.29769E-1 1.7204E-1 1.27651E-1 1.28796E-1 1.48858E-1 1.38046E-1 1.60566E-1 9.9556E-2 8.63401E-2 5.23986E-2 5.39487E-2 7.06962E-2 3.63241E-2 2.92735E-2 2.35793E-2 3.52372E-2 3.93881E-2 4.40161E-2 4.10779E-2 4.02244E-2 3.67196E-2 1.85216E-2 1.13386E-2 4.90214E-3 2.50181E-3 3.96472E-3 1.86397E-2 1.68552E-2 7.22395E-3 3.07522E-3 2.43466E-3 4.49379E-4 0E0 0E0
