ENM/Final_Models/M_1_F_q_Set_1_EC/Gustavia_santanderiensis_9_Choco.asc
ncols         367
nrows         963
xllcorner     -78.6
yllcorner     0.65
cellsize      0.00833333333333323
NODATA_value  -9999
[rows 680 to 713 of 963, columns 152 to 227 of 367]
1E0 1E0 1E0 1E0 1E0 1E0 1E0 1E0 1E0 1E0 1E0 1E0 1E0 1E0 1E0 1E0 1E0 1E0 1E0 1E0 1E0 1E0 1E0 1E0 1E0 9.99926E-1 8.13156E-1 7.0845E-1 7.53729E-1 3.89281E-1 1E0 1E0 1E0 9.99735E-1 9.26462E-1 9.99958E-1 9.99999E-1 9.90305E-1 9.9982E-1 1E0 9.99451E-1 9.62259E-1 9.09391E-1 2.58634E-1 1.14615E-1 4.02125E-2 3.35481E-3 1.93202E-3 3.54844E-4 5.52703E-4 6.71176E-4 4.82609E-3 1.92748E-3 3.6547E-3 1.50493E-3 3.99343E-3 4.92709E-3 2.95062E-3 2.07953E-3 5.93358E-4 1.2516E-4 4.79615E-4 1.71682E-3 3.15376E-3 -9999 -9999 -9999 -9999 -9999 -9999 -9999 -9999 -9999 -9999 -9999 -9999
1E0 1E0 1E0 1E0 1E0 1E0 1E0 1E0 1E0 1E0 1E0 1E0 1E0 1E0 1E0 1E0 1E0 1E0 1E0 1E0 1E0 1E0 1E0 1E0 1E0 1E0 1E0 9.99833E-1 9.9975E-1 9.99963E-1 1E0 1E0 1E0 1E0 1E0 1E0 9.99998E-1 9.99945E-1 1E0 1E0 9.95284E-1 9.94579E-1 7.90326E-1 7.47146E-1 1.48373E-1 1.80344E-2 3.54593E-2 2.57139E-3 2.29103E-4 1.4249E-4 6.14871E-4 2.36829E-3 2.00758E-3 1.6127E-3 1.73015E-3 1.44582E-3 1.19939E-3 4.52971E-4 2.00727E-4 1.33753E-4 2.20695E-4 6.85519E-4 2.58645E-3 1.66131E-2 -9999 -9999 -9999 -9999 -9999 -9999 -9999 -9999 -9999 -9999 -9999 -9999
1E0 1E0 1E0 1E0 1E0 1E0 1E0 1E0 1E0 1E0 1E0 1E0 1E0 1E0 1E0 1E0 1E0 9.99999E-1 9.99982E-1 9.99999E-1 1E0 1E0 1E0 1E0 1E0 1E0 9.99973E-1 9.9913E-1 9.99738E-1 9.18867E-1 9.99733E-1 1E0 1E0 9.48498E-1 9.78345E-1 9.99982E-1 9.99595E-1 1E0 1E0 1E0 9.99856E-1 9.9274E-1 9.30444E-1 3.62527E-1 1.80659E-2 8.30649E-3 3.72458E-3 6.29302E-3 2.67233E-4 1.61944E-4 6.64362E-4 2.84806E-3 7.03234E-4 4.30323E-4 3.63201E-4 1.07129E-3 8.47166E-4 2.08551E-4 2.19888E-4 3.19684E-4 3.92826E-4 4.94809E-4 4.61778E-3 9.35872E-3 -9999 -9999 -9999 -9999 -9999 -9999 -9999 -9999 -9999 -9999 -9999 -9999
1E0 1E0 1E0 1E0 1E0 1E0 1E0 1E0 1E0 1E0 1E0 1E0 1E0 1E0 1E0 1E0 1E0 1E0 9.99926E-1 9.99997E-1 1E0 1E0 1E0 1E0 1E0 1E0 1E0 9.99999E-1 9.99987E-1 9.65307E-1 9.13383E-1 9.78298E-1 9.9981E-1 8.41429E-1 9.28873E-1 9.99996E-1 1E0 1E0 1E0 9.99959E-1 9.90788E-1 9.8395E-1 9.60887E-1 5.7841E-2 2.06188E-2 3.77963E-3 1.7018E-3 1.48755E-2 2.6368E-3 2.88787E-3 1.03223E-2 3.78321E-3 1.81157E-3 7.26446E-4 2.64928E-4 3.03298E-4 3.12839E-4 2.54482E-4 6.05995E-4 7.89521E-4 1.00904E-3 4.41005E-4 7.78065E-4 2.39245E-3 -9999 -9999 -9999 -9999 -9999 -9999 -9999 -9999 -9999 -9999 -9999 -9999
1E0 1E0 1E0 1E0 1E0 1E0 1E0 1E0 1E0 1E0 1E0 1E0 1E0 1E0 1E0 1E0 1E0 1E0 1E0 9.99539E-1 1E0 1E0 1E0 1E0 1E0 1E0 1E0 1E0 1E0 9.99892E-1 9.24688E-1 9.64158E-1 9.73705E-1 8.94481E-1 9.99082E-1 9.9997E-1 1E0 1E0 9.86922E-1 8.46402E-1 8.09385E-1 9.99691E-1 4.0849E-1 2.30446E-2 2.11593E-2 5.77862E-3 3.01979E-3 1.54622E-2 6.47135E-3 1.77304E-2 1.82665E-2 8.35799E-3 5.40358E-3 1.14743E-3 2.62884E-4 1.63422E-4 1.64694E-4 2.03515E-4 2.9712E-4 3.46798E-4 1.32169E-3 4.67231E-3 8.50005E-4 1.57177E-3 -9999 -9999 -9999 -9999 -9999 -9999 -9999 -9999 -9999 -9999 -9999 -9999
1E0 1E0 1E0 1E0 1E0 1E0 1E0 1E0 1E0 1E0 1E0 1E0 1E0 1E0 1E0 1E0 1E0 1E0 1E0 9.99998E-1 1E0 9.99994E-1 1E0 1E0 1E0 1E0 1E0 1E0 1E0 1E0 9.99999E-1 9.99944E-1 9.73272E-1 9.99954E-1 1E0 1E0 1E0 1E0 1E0 9.83469E-1 9.72064E-1 9.8355E-1 4.32996E-1 1.52993E-2 9.16455E-3 3.2701E-3 5.73811E-3 3.7445E-2 2.96246E-2 3.54891E-2 1.84477E-2 1.27226E-2 5.80434E-3 1.91375E-3 3.25115E-4 1.35573E-4 1.68432E-4 2.00236E-4 2.19854E-4 2.06445E-4 5.64885E-4 2.09904E-3 3.32545E-3 -9999 -9999 -9999 -9999 -9999 -9999 -9999 -9999 -9999 -9999 -9999 -9999 -9999
1E0 1E0 1E0 1E0 1E0 1E0 1E0 1E0 1E0 1E0 1E0 1E0 1E0 1E0 1E0 1E0 1E0 1E0 1E0 1E0 1E0 9.99992E-1 1E0 1E0 1E0 1E0 1E0 1E0 1E0 1E0 1E0 9.99999E-1 9.98379E-1 1E0 1E0 1E0 1E0 9.99987E-1 9.9996E-1 9.92144E-1 9.25393E-1 9.07374E-1 3.66289E-1 2.06267E-2 4.08987E-3 4.64461E-3 1.05494E-2 4.52077E-2 3.14663E-2 6.75223E-3 1.38287E-3 8.05363E-4 5.84795E-4 3.20398E-4 1.28917E-4 3.422E-4 4.38155E-4 5.57563E-4 1.26689E-3 3.10109E-4 2.37064E-4 4.83591E-4 1.37087E-3 -9999 -9999 -9999 -9999 -9999 -9999 -9999 -9999 -9999 -9999 -9999 -9999 -9999
1E0 1E0 1E0 1E0 1E0 1E0 1E0 1E0 1E0 1E0 1E0 1E0 1E0 1E0 1E0 1E0 1E0 1E0 9.99999E-1 1E0 1E0 1E0 1E0 1E0 1E0 1E0 1E0 9.99979E-1 1E0 1E0 1E0 9.99999E-1 9.99984E-1 1E0 1E0 1E0 1E0 9.8847E-1 9.713E-1 9.89353E-1 8.84024E-1 7.87533E-1 3.9773E-1 6.33788E-2 5.09966E-3 2.30135E-2 3.98615E-2 2.35672E-2 1.25051E-2 1.10997E-3 5.05612E-4 4.44146E-4 4.11465E-4 1.27923E-4 2.60547E-4 3.31548E-4 3.41399E-4 2.39492E-3 4.44941E-3 1.06352E-3 9.60924E-4 9.50225E-4 -9999 -9999 -9999 -9999 -9999 -9999 -9999 -9999 -9999 -9999 -9999 -9999 -9999 -9999
1E0 1E0 1E0 1E0 1E0 1E0 1E0 1E0 1E0 1E0 1E0 1E0 1E0 1E0 1E0 1E0 1E0 1E0 1E0 1E0 1E0 1E0 1E0 1E0 1E0 1E0 1E0 1E0 1E0 1E0 1E0 1E0 9.99976E-1 1E0 1E0 1E0 1E0 9.33856E-1 8.27121E-1 5.07613E-1 4.0507E-1 5.63585E-1 2.61816E-1 5.00566E-2 5.90639E-3 8.49346E-3 1.5941E-2 1.1504E-2 7.05335E-3 4.02966E-3 6.06392E-3 1.94767E-3 3.16517E-4 2.30721E-4 4.05817E-4 7.04581E-4 1.33085E-3 1.89037E-3 3.39381E-3 4.87817E-3 3.39467E-3 3.11603E-3 -9999 -9999 -9999 -9999 -9999 -9999 -9999 -9999 -9999 -9999 -9999 -9999 -9999 -9999
1E0 1E0 1E0 1E0 1E0 1E0 1E0 1E0 1E0 1E0 1E0 1E0 1E0 1E0 1E0 1E0 1E0 1E0 1E0 1E0 1E0 1E0 1E0 1E0 9.99985E-1 1E0 1E0 1E0 1E0 1E0 1E0 1E0 9.99999E-1 1E0 1E0 9.99985E-1 7.11926E-1 9.88386E-1 7.70937E-1 6.59658E-1 4.6001E-1 3.25884E-1 2.17253E-1 1.24349E-1 6.34993E-3 1.80093E-3 4.69913E-3 1.96524E-2 3.63831E-2 2.55548E-2 1.30323E-2 4.29736E-3 4.88281E-4 5.57218E-4 2.29042E-4 6.61941E-4 6.57338E-4 8.33686E-4 2.91744E-3 4.06101E-3 2.89267E-3 -9999 -9999 -9999 -9999 -9999 -9999 -9999 -9999 -9999 -9999 -9999 -9999 -9999 -9999 -9999
1E0 1E0 1E0 1E0 1E0 1E0 1E0 1E0 1E0 1E0 1E0 1E0 1E0 1E0 1E0 1E0 1E0 1E0 9.99998E-1 1E0 1E0 1E0 1E0 9.99958E-1 9.78151E-1 9.99187E-1 1E0 1E0 1E0 1E0 1E0 1E0 9.88014E-1 9.78896E-1 9.63525E-1 9.56449E-1 9.49732E-1 9.98858E-1 9.95657E-1 9.63694E-1 5.89331E-1 7.62866E-1 3.85965E-1 2.04482E-1 2.45261E-2 1.39984E-3 1.70123E-3 1.03492E-3 1.51014E-2 4.28728E-2 1.89754E-2 1.06778E-2 7.67516E-4 5.11467E-4 3.91985E-4 4.40541E-4 2.53333E-3 2.98457E-3 4.63843E-4 1.00695E-3 5.34544E-3 -9999 -9999 -9999 -9999 -9999 -9999 -9999 -9999 -9999 -9999 -9999 -9999 -9999 -9999 -9999
1E0 1E0 1E0 -9999 1E0 1E0 -9999 1E0 1E0 1E0 1E0 1E0 1E0 1E0 1E0 1E0 1E0 1E0 1E0 9.99999E-1 1E0 1E0 1E0 9.99991E-1 9.99547E-1 9.93958E-1 1E0 1E0 1E0 1E0 1E0 1E0 8.85332E-1 9.30862E-1 9.95998E-1 9.24727E-1 9.99246E-1 9.97568E-1 9.85642E-1 8.7857E-1 9.14226E-1 9.22395E-1 7.20581E-1 3.70624E-1 2.87573E-1 6.63362E-2 1.98271E-3 1.24341E-3 1.1149E-2 4.5516E-2 1.6506E-2 7.68395E-3 7.634E-4 5.63922E-4 4.00283E-4 4.13915E-4 5.93912E-3 3.92397E-3 8.86171E-4 5.01569E-3 -9999 -9999 -9999 -9999 -9999 -9999 -9999 -9999 -9999 -9999 -9999 -9999 -9999 -9999 -9999 -9999
1E0 1E0 1E0 1E0 1E0 1E0 1E0 1E0 1E0 1E0 1E0 1E0 1E0 1E0 1E0 1E0 1E0 1E0 1E0 1E0 1E0 1E0 1E0 1E0 1E0 9.99995E-1 1E0 1E0 1E0 9.99999E-1 9.99871E-1 1E0 9.99982E-1 9.97214E-1 9.29843E-1 9.95202E-1 9.99951E-1 9.99858E-1 9.99438E-1 9.99684E-1 9.99546E-1 9.4449E-1 5.7454E-1 3.12094E-1 4.96067E-1 3.71243E-1 2.24501E-2 3.22865E-3 3.67482E-2 3.83928E-2 3.95484E-2 1.43861E-2 8.36644E-4 5.96373E-4 2.17873E-4 7.95272E-4 4.18819E-3 2.01184E-3 3.06699E-3 1.47746E-3 -9999 -9999 -9999 -9999 -9999 -9999 -9999 -9999 -9999 -9999 -9999 -9999 -9999 -9999 -9999 -9999
1E0 1E0 1E0 1E0 1E0 1E0 1E0 1E0 1E0 1E0 1E0 1E0 1E0 1E0 1E0 1E0 1E0 1E0 1E0 1E0 1E0 1E0 1E0 1E0 1E0 1E0 1E0 1E0 1E0 1E0 1E0 9.99047E-1 9.36442E-1 9.61588E-1 8.2068E-1 9.85375E-1 9.90418E-1 9.57112E-1 9.89344E-1 9.98857E-1 9.93979E-1 9.18778E-1 3.63699E-1 5.7856E-1 8.91278E-1 6.48699E-1 1.62562E-1 8.26193E-2 3.22309E-2 1.13267E-2 9.26312E-3 2.71802E-3 8.45921E-4 3.43283E-4 2.38128E-4 8.52869E-4 2.16497E-3 3.33793E-3 1.73321E-3 -9999 -9999 -9999 -9999 -9999 -9999 -9999 -9999 -9999 -9999 -9999 -9999 -9999 -9999 -9999 -9999 -9999
1E0 1E0 1E0 1E0 1E0 1E0 1E0 -9999 1E0 1E0 1E0 1E0 1E0 1E0 1E0 1E0 1E0 1E0 1E0 1E0 1E0 1E0 1E0 1E0 1E0 1E0 1E0 1E0 1E0 1E0 1E0 9.94971E-1 9.50513E-1 9.9799E-1 9.99974E-1 1E0 1E0 1E0 1E0 9.99965E-1 8.68286E-1 8.72353E-1 9.4777E-1 8.53251E-1 5.31819E-1 4.69137E-2 4.95132E-3 2.49E-2 1.21706E-2 6.47276E-3 5.75014E-3 4.3656E-4 3.71575E-4 1.23787E-4 1.53987E-4 1.12924E-3 4.38701E-3 2.58836E-3 1.80965E-3 -9999 -9999 -9999 -9999 -9999 -9999 -9999 -9999 -9999 -9999 -9999 -9999 -9999 -9999 -9999 -9999 -9999
1E0 1E0 1E0 1E0 1E0 1E0 1E0 1E0 1E0 1E0 1E0 1E0 1E0 1E0 1E0 1E0 1E0 1E0 1E0 1E0 1E0 1E0 1E0 1E0 1E0 9.9998E-1 9.96745E-1 9.99999E-1 1E0 1E0 1E0 9.32709E-1 6.61007E-1 9.34181E-1 9.99999E-1 1E0 1E0 1E0 1E0 1E0 9.99915E-1 9.88851E-1 7.24378E-1 5.75742E-1 9.48007E-2 2.72238E-2 2.0427E-3 5.83795E-3 5.89152E-3 1.98111E-3 3.44627E-4 3.11358E-4 4.76691E-4 3.23668E-4 4.59365E-4 2.70057E-3 3.58941E-3 2.64145E-3 -9999 -9999 -9999 -9999 -9999 -9999 -9999 -9999 -9999 -9999 -9999 -9999 -9999 -9999 -9999 -9999 -9999 -9999
1E0 1E0 1E0 1E0 1E0 1E0 1E0 1E0 1E0 1E0 1E0 1E0 1E0 1E0 1E0 1E0 1E0 1E0 1E0 1E0 1E0 1E0 1E0 1E0 1E0 9.9967E-1 1E0 1E0 1E0 1E0 1E0 7.47276E-1 6.36924E-1 7.62825E-1 1E0 1E0 1E0 1E0 1E0 1E0 9.99721E-1 7.29722E-1 1.71921E-1 1.46313E-1 5.19183E-2 3.90593E-3 1.08922E-3 1.01575E-3 2.54945E-3 7.73955E-4 3.31383E-4 4.26151E-4 1.99202E-4 4.98813E-4 6.69499E-4 7.87924E-4 2.09999E-3 3.00312E-3 -9999 -9999 -9999 -9999 -9999 -9999 -9999 -9999 -9999 -9999 -9999 -9999 -9999 -9999 -9999 -9999 -9999 -9999
1E0 1E0 1E0 1E0 1E0 1E0 1E0 1E0 1E0 1E0 1E0 1E0 1E0 1E0 1E0 1E0 1E0 1E0 1E0 1E0 1E0 1E0 1E0 1E0 1E0 9.99991E-1 9.99394E-1 1E0 1E0 1E0 1E0 9.99444E-1 8.45171E-1 8.55238E-1 9.90778E-1 9.87561E-1 9.98319E-1 9.99451E-1 9.82428E-1 1E0 9.99994E-1 5.79172E-1 9.14853E-2 3.35106E-1 2.05381E-1 1.20708E-2 1.11974E-3 3.8303E-3 3.28087E-2 5.65693E-3 3.79022E-4 3.05257E-4 9.4106E-5 1.04611E-3 1.70801E-3 3.48812E-3 3.20276E-3 -9999 -9999 -9999 -9999 -9999 -9999 -9999 -9999 -9999 -9999 -9999 -9999 -9999 -9999 -9999 -9999 -9999 -9999 -9999
1E0 1E0 1E0 1E0 1E0 1E0 1E0 1E0 1E0 1E0 1E0 1E0 -9999 1E0 1E0 1E0 1E0 1E0 1E0 1E0 1E0 1E0 1E0 9.99996E-1 1E0 9.99999E-1 9.92309E-1 9.99992E-1 1E0 1E0 1E0 9.97838E-1 9.99995E-1 9.99769E-1 9.9984E-1 9.99478E-1 9.9338E-1 9.99542E-1 9.93537E-1 9.8014E-1 5.69709E-1 2.15113E-1 2.15792E-1 1.83755E-1 2.26588E-1 2.52467E-2 1.05044E-3 1.60158E-2 5.81899E-2 7.91149E-3 5.70065E-4 2.95601E-4 1.55512E-4 8.04657E-4 2.21119E-3 6.93111E-3 1.01623E-2 -9999 -9999 -9999 -9999 -9999 -9999 -9999 -9999 -9999 -9999 -9999 -9999 -9999 -9999 -9999 -9999 -9999 -9999 -9999
1E0 1E0 1E0 1E0 1E0 1E0 1E0 1E0 1E0 1E0 1E0 1E0 1E0 -9999 1E0 1E0 1E0 1E0 1E0 1E0 1E0 1E0 1E0 1E0 1E0 1E0 9.99865E-1 8.94303E-1 1E0 1E0 1E0 1E0 9.91316E-1 8.73164E-1 9.96603E-1 9.99975E-1 9.99951E-1 9.99964E-1 9.78179E-1 7.72231E-1 6.178E-1 5.28184E-1 4.96213E-1 3.41103E-1 3.03245E-1 8.67129E-3 6.93806E-4 3.52875E-3 1.21458E-2 2.87005E-3 2.4986E-4 1.67435E-4 4.09221E-4 3.02041E-4 4.30775E-4 3.42334E-3 -9999 -9999 -9999 -9999 -9999 -9999 -9999 -9999 -9999 -9999 -9999 -9999 -9999 -9999 -9999 -9999 -9999 -9999 -9999 -9999
1E0 1E0 1E0 1E0 1E0 1E0 1E0 1E0 1E0 1E0 1E0 1E0 -9999 1E0 1E0 1E0 1E0 1E0 1E0 1E0 1E0 1E0 1E0 9.99206E-1 1E0 1E0 9.99999E-1 9.99993E-1 1E0 1E0 9.99999E-1 1E0 9.99998E-1 9.27994E-1 9.98817E-1 9.9986E-1 9.99845E-1 9.99958E-1 9.9623E-1 6.38412E-1 2.98097E-1 3.20152E-1 4.03974E-1 3.56171E-1 1.42012E-1 3.18729E-3 8.51303E-4 1.66871E-3 9.95221E-4 3.06553E-4 2.34121E-4 3.16287E-4 4.33164E-4 3.47756E-4 4.1937E-4 -9999 -9999 -9999 -9999 -9999 -9999 -9999 -9999 -9999 -9999 -9999 -9999 -9999 -9999 -9999 -9999 -9999 -9999 -9999 -9999 -9999
1E0 1E0 1E0 1E0 1E0 1E0 1E0 1E0 1E0 1E0 1E0 1E0 1E0 1E0 1E0 1E0 1E0 1E0 1E0 1E0 1E0 1E0 1E0 1E0 1E0 9.81132E-1 1E0 1E0 1E0 1E0 1E0 9.99932E-1 9.99999E-1 9.99913E-1 9.99235E-1 9.99493E-1 9.98701E-1 9.99725E-1 9.8664E-1 7.52879E-1 3.17364E-1 2.71486E-1 8.2276E-1 4.29311E-1 2.58952E-2 1.87684E-3 9.32846E-3 5.22548E-3 1.72437E-3 3.75441E-4 4.34197E-5 4.67607E-4 1.05989E-3 2.42355E-3 1.01895E-3 -9999 -9999 -9999 -9999 -9999 -9999 -9999 -9999 -9999 -9999 -9999 -9999 -9999 -9999 -9999 -9999 -9999 -9999 -9999 -9999 -9999
1E0 1E0 1E0 1E0 1E0 1E0 1E0 1E0 1E0 1E0 1E0 1E0 1E0 1E0 1E0 1E0 1E0 1E0 1E0 1E0 1E0 1E0 1E0 9.99971E-1 9.99968E-1 1E0 9.99958E-1 1E0 1E0 9.99998E-1 9.99968E-1 9.99462E-1 1E0 1E0 9.9988E-1 9.94793E-1 9.96881E-1 9.93363E-1 7.52849E-1 3.59954E-1 2.00753E-1 3.21842E-1 8.50085E-1 2.1786E-1 1.24995E-2 1.14008E-3 1.18247E-3 1.17119E-3 4.90786E-4 1.92947E-4 2.4535E-4 2.20425E-4 1.33823E-3 1.16313E-3 -9999 -9999 -9999 -9999 -9999 -9999 -9999 -9999 -9999 -9999 -9999 -9999 -9999 -9999 -9999 -9999 -9999 -9999 -9999 -9999 -9999 -9999
1E0 1E0 1E0 1E0 1E0 1E0 1E0 1E0 1E0 1E0 1E0 1E0 9.99996E-1 1E0 1E0 1E0 1E0 1E0 1E0 1E0 1E0 1E0 9.9958E-1 9.99995E-1 1E0 1E0 9.99994E-1 1E0 1E0 1E0 1E0 9.94506E-1 9.99978E-1 1E0 1E0 9.99562E-1 9.7972E-1 9.81184E-1 3.09588E-1 9.26054E-2 7.0098E-2 1.40711E-1 2.84374E-1 1.71799E-1 7.09517E-3 2.64649E-3 3.63208E-3 2.50495E-3 4.97758E-4 3.81283E-4 1.73416E-4 2.9541E-4 3.05651E-4 7.29817E-4 -9999 -9999 -9999 -9999 -9999 -9999 -9999 -9999 -9999 -9999 -9999 -9999 -9999 -9999 -9999 -9999 -9999 -9999 -9999 -9999 -9999 -9999
1E0 1E0 1E0 1E0 1E0 1E0 1E0 1E0 1E0 1E0 1E0 9.99977E-1 1E0 1E0 1E0 1E0 1E0 1E0 1E0 1E0 1E0 1E0 1E0 1E0 1E0 1E0 1E0 1E0 9.97725E-1 9.99406E-1 9.99999E-1 9.96758E-1 1E0 1E0 1E0 1E0 8.92786E-1 6.53398E-1 4.77864E-1 9.61646E-2 4.55472E-2 3.83555E-2 5.59675E-2 2.24539E-1 2.74954E-2 4.81653E-3 3.75784E-3 5.64825E-3 1.87446E-3 2.91057E-4 4.38598E-4 1.90917E-3 1.45715E-3 2.57084E-3 -9999 -9999 -9999 -9999 -9999 -9999 -9999 -9999 -9999 -9999 -9999 -9999 -9999 -9999 -9999 -9999 -9999 -9999 -9999 -9999 -9999 -9999
1E0 1E0 1E0 1E0 1E0 1E0 1E0 1E0 1E0 1E0 1E0 1E0 1E0 1E0 1E0 1E0 1E0 1E0 1E0 1E0 1E0 1E0 1E0 1E0 1E0 1E0 9.99999E-1 9.99999E-1 9.4552E-1 9.92477E-1 9.99831E-1 9.90066E-1 9.99996E-1 1E0 1E0 9.99999E-1 9.34712E-1 5.87203E-1 5.26878E-1 1.92915E-1 5.03652E-2 2.10043E-2 7.14228E-3 4.29992E-2 5.29403E-2 1.69766E-2 1.22903E-3 6.84669E-4 6.64522E-4 4.15009E-4 9.96506E-4 5.47442E-3 5.3085E-3 -9999 -9999 -9999 -9999 -9999 -9999 -9999 -9999 -9999 -9999 -9999 -9999 -9999 -9999 -9999 -9999 -9999 -9999 -9999 -9999 -9999 -9999 -9999
1E0 1E0 1E0 1E0 1E0 1E0 1E0 1E0 1E0 1E0 1E0 1E0 1E0 1E0 1E0 1E0 1E0 1E0 1E0 1E0 1E0 1E0 1E0 1E0 1E0 9.99792E-1 9.99894E-1 9.40154E-1 9.8951E-1 9.99998E-1 9.99107E-1 9.99428E-1 1E0 1E0 9.99999E-1 9.99976E-1 9.99681E-1 9.99511E-1 8.48008E-1 2.96524E-1 8.58429E-3 6.37747E-3 5.35622E-3 4.02441E-3 1.17147E-2 1.31184E-2 2.31259E-3 3.47893E-4 4.40574E-4 3.94159E-3 5.23632E-3 3.90851E-3 4.63049E-3 -9999 -9999 -9999 -9999 -9999 -9999 -9999 -9999 -9999 -9999 -9999 -9999 -9999 -9999 -9999 -9999 -9999 -9999 -9999 -9999 -9999 -9999 -9999
1E0 1E0 1E0 1E0 1E0 1E0 1E0 1E0 1E0 1E0 1E0 1E0 1E0 1E0 1E0 1E0 9.99649E-1 1E0 9.99001E-1 9.98979E-1 9.99925E-1 9.99847E-1 9.99983E-1 1E0 9.97022E-1 9.98198E-1 9.9963E-1 9.73459E-1 9.99559E-1 1E0 9.99402E-1 1E0 1E0 1E0 9.99994E-1 9.99999E-1 9.97542E-1 7.17049E-1 6.17965E-1 4.72575E-1 2.07722E-1 1.74936E-1 6.7674E-2 3.61319E-3 2.46674E-3 1.23088E-2 1.84341E-3 5.22206E-4 9.42032E-4 7.10901E-3 1.84968E-2 4.73743E-3 1.01772E-2 -9999 -9999 -9999 -9999 -9999 -9999 -9999 -9999 -9999 -9999 -9999 -9999 -9999 -9999 -9999 -9999 -9999 -9999 -9999 -9999 -9999 -9999 -9999
1E0 1E0 1E0 1E0 1E0 1E0 1E0 1E0 1E0 1E0 1E0 1E0 1E0 9.9999E-1 1E0 9.99995E-1 9.99751E-1 9.93609E-1 9.90236E-1 9.91404E-1 9.93821E-1 9.56942E-1 9.99955E-1 1E0 1E0 9.9984E-1 8.21624E-1 9.27503E-1 9.97955E-1 9.98396E-1 9.92609E-1 1E0 1E0 1E0 1E0 1E0 1E0 9.16872E-1 3.66786E-1 9.87942E-1 9.78177E-1 8.47048E-1 2.34606E-1 5.17426E-3 1.69968E-3 5.02068E-4 2.73251E-4 4.65031E-4 4.81297E-3 1.28282E-2 6.57919E-3 2.15166E-2 2.21438E-2 -9999 -9999 -9999 -9999 -9999 -9999 -9999 -9999 -9999 -9999 -9999 -9999 -9999 -9999 -9999 -9999 -9999 -9999 -9999 -9999 -9999 -9999 -9999
1E0 1E0 1E0 1E0 1E0 1E0 1E0 1E0 1E0 1E0 1E0 1E0 1E0 1E0 9.99992E-1 1E0 9.99923E-1 9.49115E-1 6.88283E-1 4.1318E-1 7.39627E-1 9.78428E-1 9.99996E-1 1E0 1E0 9.99984E-1 5.55357E-1 6.61949E-1 7.85855E-1 9.98888E-1 9.4377E-1 9.99997E-1 9.99989E-1 1E0 1E0 9.87829E-1 8.84574E-1 7.56566E-1 2.39474E-1 4.25827E-1 4.42747E-1 1.40505E-1 3.64055E-2 1.23427E-2 1.48366E-2 8.74277E-4 5.42719E-4 3.24285E-3 4.05326E-3 6.52651E-3 2.10844E-2 3.2218E-2 2.58072E-2 -9999 -9999 -9999 -9999 -9999 -9999 -9999 -9999 -9999 -9999 -9999 -9999 -9999 -9999 -9999 -9999 -9999 -9999 -9999 -9999 -9999 -9999 -9999
1E0 1E0 1E0 1E0 1E0 1E0 1E0 1E0 1E0 1E0 1E0 1E0 1E0 1E0 1E0 1E0 1E0 1E0 9.99971E-1 8.80295E-1 9.99574E-1 9.98095E-1 1E0 1E0 1E0 1E0 9.83737E-1 7.48839E-1 8.2434E-1 9.65872E-1 9.95166E-1 9.87087E-1 9.99807E-1 9.99316E-1 9.86312E-1 4.50001E-1 3.21734E-1 2.94508E-1 3.13388E-1 1.25363E-1 2.53011E-1 1.27042E-1 4.97334E-2 6.62108E-2 1.50574E-2 2.38353E-3 2.04213E-3 1.26997E-2 8.88422E-3 1.08288E-2 1.29184E-2 3.39483E-2 2.1727E-2 -9999 -9999 -9999 -9999 -9999 -9999 -9999 -9999 -9999 -9999 -9999 -9999 -9999 -9999 -9999 -9999 -9999 -9999 -9999 -9999 -9999 -9999 -9999
1E0 1E0 1E0 1E0 1E0 1E0 1E0 1E0 1E0 1E0 1E0 1E0 1E0 1E0 9.99464E-1 1E0 1E0 9.99999E-1 1E0 9.96025E-1 9.95426E-1 9.99769E-1 1E0 1E0 1E0 9.9937E-1 1E0 9.99347E-1 9.99951E-1 8.10905E-1 7.42364E-1 8.54237E-1 8.06332E-1 8.42206E-1 9.99992E-1 9.02789E-1 3.91373E-1 1.84958E-1 1.3974E-1 1.54816E-1 2.46205E-1 1.32912E-1 1.35721E-1 3.21107E-2 1.45303E-2 2.2261E-3 1.22022E-3 2.02182E-2 2.30051E-2 2.77006E-2 3.19458E-2 2.71095E-2 2.23647E-2 -9999 -9999 -9999 -9999 -9999 -9999 -9999 -9999 -9999 -9999 -9999 -9999 -9999 -9999 -9999 -9999 -9999 -9999 -9999 -9999 -9999 -9999 -9999
1E0 1E0 1E0 1E0 1E0 1E0 1E0 1E0 1E0 1E0 1E0 1E0 1E0 9.95564E-1 9.16975E-1 9.98161E-1 9.99931E-1 9.99999E-1 1E0 1E0 9.99496E-1 1E0 1E0 1E0 1E0 9.61486E-1 9.99189E-1 1E0 1E0 8.56971E-1 8.28504E-1 8.23618E-1 9.70165E-1 7.74857E-1 9.99907E-1 9.86587E-1 8.54511E-1 7.48035E-1 5.96632E-2 9.45648E-3 3.86558E-2 1.72792E-1 1.06298E-1 3.2111E-2 5.00109E-3 3.69969E-3 9.9225E-3 9.32649E-3 1.59924E-2 4.26948E-2 5.85684E-2 6.13963E-3 4.47205E-3 -9999 -9999 -9999 -9999 -9999 -9999 -9999 -9999 -9999 -9999 -9999 -9999 -9999 -9999 -9999 -9999 -9999 -9999 -9999 -9999 -9999 -9999 -9999
1E0 1E0 1E0 1E0 1E0 1E0 1E0 1E0 1E0 1E0 1E0 1E0 1E0 9.99773E-1 9.95369E-1 9.88801E-1 9.99952E-1 1E0 1E0 1E0 1E0 1E0 1E0 1E0 1E0 9.99943E-1 9.99998E-1 1E0 1E0 9.99559E-1 9.80598E-1 1E0 9.99982E-1 9.83801E-1 9.90478E-1 7.20965E-1 7.07824E-1 8.02077E-2 3.22352E-2 1.00333E-2 4.83212E-3 6.13446E-3 6.14293E-3 8.76713E-3 3.28419E-3 1.00432E-2 1.37389E-2 2.41974E-2 4.35274E-2 8.10624E-2 2.4638E-2 2.8615E-3 1.05539E-3 -9999 -9999 -9999 -9999 -9999 -9999 -9999 -9999 -9999 -9999 -9999 -9999 -9999 -9999 -9999 -9999 -9999 -9999 -9999 -9999 -9999 -9999 -9999
