ENM/Final_Models/M_1_F_q_Set_1_EC/Gustavia_santanderiensis_6_Choco.asc
ncols         367
nrows         963
xllcorner     -78.6
yllcorner     0.65
cellsize      0.00833333333333323
NODATA_value  -9999
[rows 858 to 890 of 963, columns 152 to 227 of 367]
-9999 -9999 7.93956E-3 6.04426E-3 -9999 -9999 1.06932E-4 1.35829E-5 5.54851E-6 1.70593E-6 1.19777E-6 1.4368E-6 6.63636E-7 5.1203E-7 7.05176E-7 4.72877E-7 5.69105E-7 7.07352E-7 5.87064E-7 5.66589E-7 6.84229E-7 7.55992E-7 8.76719E-7 1.34451E-6 1.38476E-6 1.04626E-6 1.40082E-6 2.05382E-6 2.35529E-6 2.21633E-6 1.05817E-6 6.94027E-7 1.79384E-6 1.87697E-6 2.01248E-6 3.05048E-6 5.88444E-6 6.4556E-6 1.42603E-5 1.07763E-5 1.76731E-5 1.95549E-5 2.81474E-5 2.33218E-5 2.83446E-5 1.27086E-5 7.08742E-6 4.52773E-6 3.46324E-6 9.56807E-6 9.85708E-6 8.95515E-6 3.3743E-6 8.81547E-7 1.06922E-6 5.18926E-7 5.9542E-7 1.8733E-7 4.35545E-7 2.46648E-7 6.58204E-7 5.86049E-6 7.60856E-6 4.87617E-5 1.54051E-4 2.60817E-4 2.90335E-4 -9999 -9999 -9999 -9999 -9999 -9999 -9999 -9999 -9999
-9999 -9999 -9999 -9999 -9999 -9999 -9999 1.35532E-5 9.04427E-6 1.36558E-6 1.07979E-6 9.62592E-7 3.82919E-7 1.03055E-6 5.45298E-7 7.71487E-7 2.84235E-7 2.22583E-7 5.2313E-7 4.80386E-7 2.39194E-7 3.8266E-7 1.75043E-6 1.63351E-6 1.19431E-6 1.31374E-6 1.49322E-6 7.84296E-7 6.29216E-7 1.02954E-6 7.91666E-7 7.45843E-7 2.60399E-6 1.84237E-6 1.40415E-6 3.87503E-6 4.47535E-6 5.82131E-6 5.94367E-6 1.10438E-5 1.60981E-5 1.40865E-5 1.78403E-5 3.80328E-5 2.94988E-5 1.63536E-5 4.80551E-6 1.71232E-6 1.97739E-6 3.30133E-6 4.57844E-6 2.72788E-6 9.52696E-7 2.54606E-7 2.69071E-7 2.46205E-7 1.32405E-7 3.67603E-8 1.22914E-7 1.60863E-7 6.32557E-7 9.06282E-7 4.59599E-6 1.04834E-4 1.0328E-4 3.34381E-4 -9999 -9999 -9999 -9999 -9999 -9999 -9999 -9999 -9999 -9999
-9999 -9999 -9999 -9999 -9999 -9999 -9999 5.92297E-4 2.20185E-4 3.66728E-5 3.71068E-6 6.29967E-7 5.7373E-7 5.29109E-7 6.82182E-7 3.22338E-7 8.96233E-7 2.71588E-7 3.55498E-7 1.23849E-6 8.4736E-7 3.3981E-7 1.29448E-6 2.52077E-6 1.44432E-6 3.01998E-6 2.29472E-6 5.13548E-7 6.36368E-7 9.91568E-7 1.02349E-6 1.62198E-6 3.04389E-6 1.82988E-6 4.43414E-6 6.62094E-6 8.09238E-6 6.95343E-6 5.7266E-6 1.27447E-5 1.38705E-5 1.55204E-5 4.00549E-5 2.84934E-5 2.62637E-5 9.22995E-6 1.62722E-6 6.31047E-7 8.42426E-7 1.3876E-6 1.90671E-6 5.37333E-7 2.72343E-7 5.3155E-7 5.08261E-7 1.69417E-7 3.5435E-7 4.21802E-8 9.88576E-8 2.30616E-7 7.05236E-7 2.22418E-7 1.15501E-6 7.21353E-6 7.25059E-6 3.54814E-5 -9999 -9999 -9999 -9999 -9999 -9999 -9999 -9999 -9999 -9999
3.11427E-4 -9999 -9999 -9999 -9999 -9999 -9999 -9999 -9999 6.62721E-5 5.34208E-6 2.90333E-6 1.84048E-6 9.46118E-7 4.89012E-7 5.16268E-7 4.64205E-7 3.7355E-7 4.65941E-7 8.44704E-7 4.49296E-7 8.06298E-7 1.07601E-6 2.1288E-6 3.39033E-6 2.33922E-6 2.12478E-6 1.72036E-6 1.07143E-6 1.00368E-6 1.22261E-6 1.05471E-6 1.42373E-6 2.40526E-6 7.5185E-6 3.62748E-6 9.48327E-6 6.77683E-6 1.74748E-5 1.39858E-5 2.30678E-5 1.63143E-5 4.00168E-5 4.0325E-5 1.72316E-5 4.28693E-6 1.55393E-6 8.11111E-7 9.29705E-7 1.37561E-6 1.84202E-6 2.48086E-6 1.22141E-6 1.7397E-6 5.55879E-6 8.06576E-7 1.18061E-7 3.78028E-8 5.90446E-8 1.72834E-7 1.71947E-7 9.13229E-8 1.46446E-7 3.59457E-7 1.90496E-7 -9999 -9999 -9999 -9999 -9999 -9999 -9999 -9999 -9999 -9999 -9999
-9999 8.83768E-5 -9999 -9999 -9999 -9999 -9999 -9999 -9999 1.46905E-5 6.6265E-6 1.1144E-5 1.3264E-6 5.02629E-7 4.8655E-7 2.82323E-7 3.73411E-7 5.50166E-7 4.37176E-7 8.96958E-7 8.43853E-7 1.11922E-6 9.94655E-7 9.9497E-7 1.34734E-6 1.85691E-6 1.69304E-6 1.27217E-6 1.69668E-6 8.82303E-7 1.77544E-6 1.34646E-6 2.72383E-6 3.41991E-6 1.08972E-5 6.35754E-6 3.83878E-6 5.6105E-6 9.51294E-6 1.73514E-5 2.71226E-5 1.72943E-5 2.84374E-5 2.55675E-5 1.36159E-5 1.01567E-5 7.66617E-6 3.5574E-6 2.2861E-6 3.49905E-6 -9999 -9999 2.14622E-6 4.84795E-6 7.62124E-6 3.00713E-6 7.34543E-7 2.24335E-7 1.18586E-7 5.7606E-8 1.96535E-7 1.15318E-7 3.58674E-7 1.24646E-7 -9999 -9999 -9999 -9999 -9999 -9999 -9999 -9999 -9999 -9999 -9999 -9999
-9999 1.41694E-4 1.1402E-4 2.08496E-3 9.55624E-3 -9999 -9999 -9999 -9999 -9999 6.57134E-5 4.08089E-5 3.43515E-6 1.03491E-6 1.27285E-6 8.97623E-7 2.49849E-7 7.43563E-7 5.44323E-7 8.33729E-7 4.14423E-6 8.6701E-6 1.15843E-6 1.8397E-6 1.83727E-6 7.02955E-7 1.84654E-6 1.89061E-6 1.2802E-6 3.1735E-6 1.53007E-6 2.52712E-6 4.12129E-6 9.83042E-6 7.62437E-6 1.05478E-5 5.95277E-6 8.76548E-6 8.88616E-6 2.31129E-5 1.97844E-5 1.70907E-5 2.06773E-5 2.50643E-5 2.79021E-5 1.46175E-5 9.773E-6 5.25113E-6 -9999 -9999 -9999 -9999 -9999 -9999 2.07663E-5 5.53393E-6 8.89567E-6 3.88821E-7 1.72856E-7 1.92931E-7 3.49862E-7 8.71384E-7 1.75454E-6 -9999 -9999 -9999 -9999 -9999 -9999 -9999 -9999 -9999 -9999 -9999 -9999 -9999
4.10185E-5 1.79424E-4 7.16004E-5 5.87845E-4 2.33011E-2 6.44511E-4 -9999 8.37632E-3 -9999 -9999 -9999 2.48384E-5 3.69478E-6 6.26713E-6 2.27341E-6 9.8986E-7 4.67881E-7 1.96553E-6 1.41257E-6 1.2759E-6 4.95731E-5 9.22629E-6 2.32166E-6 2.43473E-6 1.58048E-6 2.91577E-6 2.35511E-6 1.78353E-6 1.41337E-5 8.84445E-6 3.04665E-6 5.22589E-6 6.73163E-6 7.24448E-6 3.56727E-6 1.20228E-5 1.47246E-5 2.19673E-5 1.02552E-5 2.24676E-5 3.01949E-5 2.45281E-5 1.63663E-5 2.9762E-5 2.80164E-5 2.35908E-5 -9999 -9999 -9999 -9999 -9999 -9999 -9999 -9999 -9999 6.21809E-5 2.33189E-5 1.83125E-6 1.45348E-6 3.86175E-6 2.90688E-6 3.43604E-6 1.73842E-5 -9999 -9999 -9999 -9999 -9999 -9999 -9999 -9999 -9999 -9999 -9999 -9999 -9999
3.13046E-5 5.51987E-5 9.45479E-5 1.77119E-3 1.02091E-2 1.59436E-4 2.08448E-4 3.09515E-4 6.22572E-3 -9999 -9999 -9999 1.245E-4 2.34928E-5 2.4779E-6 4.09697E-6 3.17624E-6 9.94161E-6 7.1099E-6 9.07191E-6 2.62794E-4 2.44566E-5 1.62002E-5 5.94254E-5 3.35279E-5 3.5674E-5 5.6897E-6 1.93714E-5 5.95179E-5 3.2682E-6 4.87094E-6 7.14698E-6 6.24424E-6 5.80263E-6 6.50675E-6 8.64642E-6 1.84877E-5 2.75951E-5 2.85613E-5 1.91391E-5 2.19889E-5 3.23605E-5 1.3833E-5 2.03357E-5 2.11063E-5 2.00314E-5 -9999 -9999 -9999 -9999 -9999 -9999 -9999 -9999 -9999 5.41691E-5 1.16201E-4 1.00217E-4 7.24485E-5 1.83658E-5 3.92803E-5 9.50656E-5 -9999 -9999 -9999 -9999 -9999 -9999 -9999 -9999 -9999 -9999 -9999 -9999 -9999 -9999
1.59664E-5 6.4664E-5 8.72405E-5 1.47825E-4 7.45096E-3 1.97214E-4 1.33058E-4 2.18919E-4 1.56227E-4 2.26385E-4 2.56577E-3 -9999 -9999 1.17245E-3 7.59091E-4 1.25539E-4 4.62776E-4 7.54752E-4 5.53124E-4 5.0026E-4 4.79427E-4 4.37615E-4 1.13011E-3 2.69595E-4 7.64127E-5 4.06687E-5 2.4512E-5 2.32084E-4 2.61973E-5 3.07189E-6 8.22026E-6 5.78863E-6 8.54714E-6 1.36114E-5 1.26018E-5 1.63445E-5 4.24159E-5 4.47906E-5 2.54263E-5 2.10776E-5 2.53128E-5 2.48426E-5 3.21689E-5 3.09586E-5 2.03092E-5 -9999 -9999 -9999 -9999 -9999 -9999 -9999 -9999 -9999 -9999 5.10596E-5 1.38196E-4 2.19503E-4 3.56846E-4 8.9892E-5 3.67632E-4 2.42172E-4 -9999 -9999 -9999 -9999 -9999 -9999 -9999 -9999 -9999 -9999 -9999 -9999 -9999 -9999
1.70199E-5 4.39798E-5 7.72661E-5 2.20808E-4 6.59731E-3 2.66226E-4 7.28795E-5 1.8196E-4 1.15332E-4 1.69394E-4 3.07418E-4 4.43247E-3 -9999 3.49943E-3 2.59844E-3 1.37408E-3 1.10506E-3 7.03208E-4 2.8218E-3 4.54987E-3 4.93816E-3 2.62987E-3 1.86147E-3 1.11796E-3 2.23692E-4 6.30732E-4 8.83778E-4 4.55502E-4 7.72447E-6 3.77358E-6 6.14657E-6 4.4208E-6 6.09083E-5 1.25313E-5 2.58354E-5 2.59019E-5 3.65541E-5 2.11477E-5 1.51574E-5 3.15696E-5 3.27767E-5 3.9222E-5 3.76182E-5 1.54797E-5 8.83465E-6 -9999 -9999 -9999 -9999 -9999 -9999 -9999 -9999 -9999 -9999 -9999 1.33338E-5 4.59644E-5 1.89052E-4 5.32315E-4 8.20411E-4 1.64389E-3 -9999 -9999 -9999 -9999 -9999 -9999 -9999 -9999 -9999 -9999 -9999 -9999 -9999 -9999
1.34988E-5 1.84682E-5 1.32966E-4 4.57718E-3 4.80478E-3 7.01824E-5 6.70068E-5 1.89493E-4 1.3197E-4 2.2263E-4 5.83336E-4 8.00818E-4 1.77571E-3 5.96368E-4 5.88375E-4 1.25139E-4 1.70092E-4 1.84113E-4 3.36844E-4 2.23875E-3 1.6372E-3 1.25954E-4 3.37078E-5 1.12368E-3 1.8666E-3 3.84556E-4 1.70594E-4 4.26289E-4 1.04993E-4 1.01985E-4 1.34908E-4 6.15357E-5 1.0843E-5 3.37089E-5 2.06177E-5 3.47908E-5 2.19382E-5 1.86031E-5 2.34934E-5 3.00026E-5 3.45722E-5 2.59949E-5 1.82868E-5 6.7025E-6 7.43084E-6 -9999 -9999 -9999 -9999 -9999 -9999 -9999 -9999 -9999 -9999 -9999 1.0463E-6 3.80736E-6 9.09032E-5 9.84298E-5 2.78309E-4 8.85028E-4 -9999 -9999 -9999 -9999 -9999 -9999 -9999 -9999 -9999 -9999 -9999 -9999 -9999 -9999
1.60686E-5 2.44136E-5 1.0608E-4 4.43782E-3 1.05416E-3 5.99439E-5 9.98801E-5 1.35988E-4 1.03054E-4 2.41896E-4 1.98725E-5 6.26204E-5 3.41242E-4 7.04458E-5 4.28286E-4 1.89334E-4 6.57868E-5 2.82438E-4 2.94064E-4 3.30021E-4 4.40288E-5 6.55333E-6 4.4722E-5 1.26015E-3 2.65353E-5 3.02972E-5 1.68613E-5 6.51141E-4 1.57722E-4 8.7329E-5 7.60028E-6 7.31659E-6 1.1694E-5 1.83201E-5 3.4879E-5 2.11066E-5 2.59186E-5 2.33928E-5 2.40643E-5 2.05181E-5 2.13483E-5 2.38558E-5 4.12815E-5 2.57549E-5 2.13601E-5 -9999 -9999 -9999 -9999 -9999 -9999 -9999 -9999 -9999 -9999 -9999 1.4946E-7 1.10784E-6 9.61054E-6 3.82183E-6 1.17797E-5 3.80621E-5 -9999 -9999 -9999 -9999 -9999 -9999 -9999 -9999 -9999 -9999 -9999 -9999 -9999 -9999
1.79418E-5 3.28175E-5 4.90879E-5 1.62257E-3 1.4791E-3 8.33124E-5 1.29516E-4 9.41807E-6 5.84511E-5 9.26181E-5 1.60954E-5 5.52868E-6 2.15959E-5 1.88816E-5 1.60395E-4 1.67831E-4 7.20148E-5 3.68003E-5 2.22624E-5 7.12543E-5 1.64361E-5 5.1003E-6 1.42966E-5 5.7167E-4 5.65938E-6 9.67186E-6 6.03919E-5 5.75898E-4 3.63021E-4 1.1082E-5 7.73187E-6 5.97163E-6 1.09367E-5 1.38499E-5 4.37918E-5 3.24176E-5 2.03729E-5 3.04614E-5 3.67435E-5 2.94384E-5 3.23188E-5 4.46689E-5 3.15572E-5 1.90331E-5 2.21187E-5 1.52308E-5 -9999 -9999 -9999 -9999 -9999 -9999 -9999 -9999 -9999 -9999 4.49251E-7 3.39863E-7 3.25093E-7 5.30503E-7 1.40048E-5 7.81488E-5 -9999 -9999 -9999 -9999 -9999 -9999 -9999 -9999 -9999 -9999 -9999 -9999 -9999 -9999
2.56029E-5 2.2398E-5 2.75795E-5 4.24413E-4 1.02594E-4 2.12336E-5 3.51442E-5 1.99935E-5 6.13018E-5 6.0867E-5 1.83619E-5 8.10983E-6 8.28023E-6 7.49609E-6 6.34504E-6 8.52009E-6 5.84913E-5 1.25675E-5 5.87923E-6 5.96704E-6 1.63865E-4 6.10693E-6 7.22567E-6 2.65586E-4 7.54528E-6 5.3653E-6 8.14014E-6 8.03941E-6 2.13146E-5 1.05304E-4 9.42906E-5 5.90481E-5 6.17758E-6 1.4428E-5 6.06123E-5 1.99849E-5 8.95432E-5 8.4695E-5 1.274E-4 1.31452E-4 8.21318E-5 4.41346E-5 2.69305E-5 2.89363E-5 1.02046E-5 5.38001E-6 -9999 -9999 -9999 -9999 -9999 -9999 -9999 -9999 -9999 -9999 -9999 2.53073E-6 9.71678E-6 2.11137E-5 6.51077E-5 6.13749E-4 6.29925E-4 -9999 -9999 -9999 -9999 -9999 -9999 -9999 -9999 -9999 -9999 -9999 -9999 -9999
1.39216E-5 3.43493E-5 2.55994E-5 3.09213E-5 4.02258E-5 2.26221E-5 2.26874E-5 1.63217E-5 2.66119E-5 2.15175E-5 1.26613E-5 4.53407E-6 6.38524E-6 8.08738E-6 4.78262E-6 1.04611E-5 1.0733E-5 5.67575E-6 6.18652E-6 7.21343E-6 9.86779E-5 8.69462E-6 8.01523E-6 1.99663E-4 9.60844E-6 8.50265E-6 7.15999E-6 6.82389E-6 7.31549E-6 7.56496E-6 6.70669E-6 1.59382E-5 1.4528E-5 7.27962E-6 2.67788E-5 2.9104E-5 1.04471E-4 8.29274E-5 1.27072E-4 4.90479E-5 3.19175E-5 2.5818E-5 3.25387E-5 2.01255E-5 1.26465E-5 3.28803E-6 9.95128E-7 -9999 -9999 -9999 -9999 -9999 -9999 -9999 -9999 -9999 -9999 2.15115E-5 3.90272E-5 1.57597E-4 2.95557E-4 1.68834E-3 4.59425E-3 -9999 -9999 -9999 -9999 -9999 -9999 -9999 -9999 -9999 -9999 -9999 -9999 -9999
1.71575E-5 1.92857E-5 1.72242E-5 1.37977E-4 2.84654E-5 1.9407E-5 2.99882E-5 1.65863E-5 1.99791E-5 1.29659E-5 6.83832E-6 5.34229E-6 3.70639E-6 7.35315E-6 7.14598E-6 4.81688E-6 7.92569E-6 5.9366E-6 1.00592E-5 9.12153E-6 1.71632E-5 8.33479E-6 6.9062E-6 4.19845E-5 9.39393E-6 9.63905E-6 1.53927E-5 2.59998E-5 1.63924E-5 3.0975E-5 6.81777E-6 1.79032E-5 3.55733E-5 5.98621E-5 2.26455E-5 1.56279E-5 8.34091E-5 1.32623E-4 1.21264E-4 2.973E-5 1.52783E-5 3.06997E-5 1.73389E-5 9.49074E-6 7.29672E-6 -9999 -9999 -9999 -9999 -9999 -9999 -9999 -9999 -9999 -9999 -9999 -9999 -9999 3.29515E-4 6.67516E-4 2.08769E-3 3.51465E-3 3.45245E-3 -9999 -9999 -9999 -9999 -9999 -9999 -9999 -9999 -9999 -9999 -9999 -9999 -9999
2.00645E-5 1.94114E-5 2.17637E-5 1.99112E-4 4.68528E-5 1.89474E-5 1.61887E-5 1.74031E-5 1.48795E-5 1.63178E-5 5.99482E-6 5.38224E-6 5.24678E-6 9.00038E-6 9.47442E-6 9.90121E-6 1.44606E-5 1.10205E-5 1.21791E-5 9.62154E-6 7.3091E-6 9.00904E-6 2.37509E-5 5.91927E-6 8.55426E-6 1.61335E-5 1.72969E-5 4.68782E-6 1.64555E-5 1.39801E-5 1.05694E-5 2.20445E-5 2.08649E-5 9.00591E-6 1.0465E-5 1.53191E-5 1.46609E-4 8.02235E-5 2.52963E-5 2.7258E-5 2.73649E-5 2.3127E-5 8.12942E-6 2.31205E-6 -9999 -9999 -9999 -9999 -9999 -9999 -9999 -9999 -9999 -9999 -9999 -9999 -9999 -9999 -9999 2.35788E-3 2.971E-3 9.8395E-4 -9999 -9999 -9999 -9999 -9999 -9999 -9999 -9999 -9999 -9999 -9999 -9999 -9999 -9999
1.19726E-5 2.16362E-5 2.34608E-5 5.22258E-5 2.90425E-4 2.93524E-5 1.61823E-5 1.9685E-5 1.24954E-5 1.25238E-5 1.14795E-5 8.91541E-6 8.0195E-6 5.9516E-6 7.51777E-6 1.30314E-5 7.70999E-6 1.02779E-5 1.67115E-5 6.71743E-6 6.17097E-6 6.72865E-6 7.90472E-6 7.52591E-6 3.10468E-5 2.1221E-5 4.04391E-6 2.77616E-6 1.55357E-5 2.24383E-5 2.75434E-5 3.04905E-5 2.54256E-5 1.16706E-5 1.37832E-5 1.16244E-5 1.87253E-4 2.68265E-5 2.70135E-5 4.25404E-5 3.63095E-5 3.792E-5 6.74149E-6 1.88202E-6 -9999 -9999 -9999 -9999 -9999 -9999 -9999 -9999 -9999 -9999 -9999 -9999 -9999 -9999 -9999 -9999 -9999 -9999 -9999 -9999 -9999 -9999 -9999 -9999 -9999 -9999 -9999 -9999 -9999 -9999 -9999 -9999
1.3613E-5 2.39331E-5 2.43006E-5 2.62541E-5 1.43241E-4 5.08483E-5 1.4259E-5 1.77146E-5 1.38022E-5 1.14767E-5 1.29677E-5 7.90864E-6 5.93653E-6 4.41444E-6 4.76906E-6 1.40596E-5 1.6607E-5 1.57804E-5 2.13797E-5 1.5683E-5 8.18212E-6 8.35554E-6 1.85219E-5 2.77764E-5 1.45287E-5 2.63903E-6 1.92266E-6 2.023E-5 2.85216E-5 2.09329E-5 9.87995E-6 2.44332E-5 2.44823E-5 6.38496E-5 7.96449E-5 1.52052E-5 6.472E-5 4.85737E-5 3.7943E-5 4.63756E-5 3.88821E-5 1.41489E-5 8.19019E-6 3.73757E-6 4.52529E-6 3.95276E-6 -9999 -9999 -9999 -9999 -9999 -9999 -9999 -9999 -9999 -9999 -9999 -9999 -9999 -9999 -9999 -9999 -9999 -9999 -9999 -9999 -9999 -9999 -9999 -9999 -9999 -9999 -9999 -9999 -9999 -9999
2.36367E-5 2.74865E-5 1.7635E-5 2.83753E-5 2.42943E-4 1.98719E-5 2.15122E-5 2.42564E-5 1.47971E-5 1.77278E-5 1.45665E-5 1.2108E-5 3.07492E-6 1.30446E-6 4.23622E-6 1.22146E-5 1.88376E-5 1.35639E-5 2.16701E-5 1.15266E-5 8.73627E-6 1.25679E-5 1.55161E-5 1.99927E-5 9.21305E-6 3.83804E-6 1.19975E-5 1.56174E-5 1.06699E-5 1.51767E-5 1.24442E-5 4.82372E-5 4.82146E-5 2.87028E-5 3.55385E-5 4.67424E-5 9.40015E-5 8.12418E-5 1.8324E-5 1.59446E-5 2.21552E-5 2.82919E-5 2.07551E-5 6.68523E-6 5.46116E-6 7.71734E-6 7.78565E-6 1.67267E-6 -9999 -9999 -9999 -9999 -9999 -9999 -9999 -9999 -9999 -9999 -9999 -9999 -9999 -9999 -9999 -9999 -9999 -9999 -9999 -9999 -9999 -9999 -9999 -9999 -9999 -9999 -9999 -9999
2.98603E-5 3.03118E-5 4.28841E-5 4.83442E-5 6.9735E-5 2.07698E-5 2.09164E-5 2.65784E-5 1.36772E-5 1.25551E-5 1.23231E-5 8.74624E-6 3.69916E-6 1.00237E-6 5.28461E-6 2.14875E-5 1.90869E-5 1.65367E-5 2.12343E-5 2.03291E-5 3.07809E-5 1.96554E-5 3.90058E-5 1.75028E-5 9.46984E-6 5.70278E-6 5.5946E-6 5.7484E-6 7.03522E-6 7.54232E-6 4.54186E-5 6.97666E-5 5.79352E-5 9.60977E-6 4.62759E-5 1.2952E-4 7.49117E-5 1.99688E-4 5.74864E-5 1.08229E-4 4.43345E-5 2.18967E-5 6.22803E-6 1.02517E-5 2.0741E-5 2.31491E-5 1.52703E-5 3.4622E-6 -9999 -9999 -9999 -9999 -9999 -9999 -9999 -9999 -9999 -9999 -9999 -9999 -9999 -9999 -9999 -9999 -9999 -9999 -9999 -9999 -9999 -9999 -9999 -9999 -9999 -9999 -9999 -9999
2.53753E-5 2.63897E-5 3.83158E-5 2.16964E-5 2.76726E-5 3.03327E-5 1.96413E-5 2.86124E-5 1.0138E-5 1.59535E-5 1.15702E-5 4.56488E-6 4.01064E-6 6.15383E-7 2.33855E-6 1.32925E-5 1.23967E-5 1.1401E-5 5.83182E-5 3.39443E-5 3.42521E-5 2.67832E-5 5.32168E-5 8.15996E-5 2.95717E-5 4.56761E-6 1.42174E-5 1.75997E-5 1.25747E-5 1.27216E-5 5.54426E-5 1.82848E-5 1.05358E-5 1.31993E-5 1.11205E-4 1.56877E-4 1.11871E-4 1.93449E-4 1.8109E-4 2.80917E-5 3.25307E-5 2.74606E-5 1.23304E-5 4.1671E-5 2.60806E-5 1.463E-5 3.86073E-6 1.05501E-6 -9999 -9999 -9999 -9999 -9999 -9999 -9999 -9999 -9999 -9999 -9999 -9999 -9999 -9999 -9999 -9999 -9999 -9999 -9999 -9999 -9999 -9999 -9999 -9999 -9999 -9999 -9999 -9999
2.44951E-5 3.12574E-5 3.09101E-5 2.85994E-5 3.66708E-5 2.16964E-5 2.5525E-5 1.58438E-5 2.79938E-6 1.29836E-5 4.36616E-6 9.98891E-7 9.73372E-7 1.30118E-6 3.71261E-6 1.54534E-5 6.92162E-6 1.98558E-5 5.10467E-5 6.66175E-6 2.00304E-5 3.29864E-5 6.05351E-5 2.60227E-5 7.84163E-6 8.27432E-6 2.48989E-5 1.62201E-5 3.95672E-6 9.02219E-6 8.60262E-6 2.00917E-5 1.02817E-5 4.2109E-5 6.02159E-5 1.3846E-4 1.17929E-4 2.42684E-4 2.40895E-4 1.07498E-4 2.31342E-5 2.75224E-5 3.36306E-5 4.13753E-5 3.82434E-5 1.68503E-5 2.39722E-6 4.27579E-7 3.729E-7 -9999 -9999 -9999 -9999 -9999 -9999 -9999 -9999 -9999 -9999 -9999 -9999 -9999 -9999 -9999 -9999 -9999 -9999 -9999 -9999 -9999 -9999 -9999 -9999 -9999 -9999 -9999
1.61309E-5 2.20749E-5 2.42087E-5 1.6655E-5 2.74658E-5 2.21399E-5 2.57478E-5 1.78918E-5 3.03954E-6 4.20875E-6 3.7066E-6 1.16446E-6 3.08641E-6 1.18969E-6 1.22647E-5 4.22525E-6 1.25334E-5 1.66521E-5 3.47788E-5 3.43983E-6 9.72703E-6 6.55717E-5 9.4662E-5 2.73466E-5 3.71033E-6 1.34186E-5 9.94597E-6 9.78416E-6 1.21996E-5 7.77442E-6 2.37464E-5 2.58372E-5 1.03742E-5 1.14916E-5 4.97307E-5 2.02518E-5 7.88273E-5 2.47485E-4 2.22671E-4 1.54797E-4 4.99158E-5 1.54063E-4 9.60771E-5 4.64124E-5 2.50624E-5 7.36031E-6 2.86257E-6 8.77842E-7 5.273E-7 1.00693E-7 -9999 -9999 -9999 -9999 -9999 -9999 -9999 -9999 -9999 -9999 -9999 -9999 -9999 -9999 -9999 -9999 -9999 -9999 -9999 -9999 -9999 -9999 -9999 -9999 -9999 -9999
2.8297E-5 1.88804E-5 1.46639E-5 5.17254E-5 1.64588E-5 4.64524E-6 2.66692E-5 1.03057E-5 2.23568E-6 1.92592E-6 1.4483E-6 4.19163E-6 8.29254E-6 7.1343E-7 3.31513E-6 4.27092E-6 7.02694E-6 1.41209E-5 2.48489E-5 3.14725E-6 2.42937E-5 7.61267E-5 9.83642E-5 3.65794E-5 5.96355E-6 6.42784E-6 2.6571E-6 1.17476E-5 2.66114E-5 2.13601E-5 1.92225E-5 1.39207E-5 1.76763E-5 8.2654E-6 1.02576E-5 1.1001E-5 9.39235E-5 1.85112E-4 2.40432E-4 3.5808E-4 2.33101E-4 1.40878E-4 5.92001E-5 3.68837E-5 2.79474E-5 1.28216E-5 2.1873E-6 2.94984E-6 1.13204E-6 4.81808E-7 -9999 -9999 -9999 -9999 -9999 -9999 -9999 -9999 -9999 -9999 -9999 -9999 -9999 -9999 -9999 -9999 -9999 -9999 -9999 -9999 -9999 -9999 -9999 -9999 -9999 -9999
1.35223E-5 5.80362E-5 3.09938E-5 1.53763E-5 1.15898E-5 1.29425E-6 1.89084E-5 3.81724E-6 1.1686E-6 8.75799E-7 1.00249E-6 5.19412E-6 1.33714E-6 1.02948E-6 8.6174E-7 1.16068E-6 5.24626E-6 1.14559E-6 9.14179E-6 1.35182E-5 5.79747E-6 4.65239E-6 6.14417E-5 1.0444E-4 2.0283E-5 8.31464E-6 2.33892E-6 9.82834E-6 2.01304E-5 1.67337E-5 1.65391E-5 1.79573E-5 1.78287E-5 2.40615E-5 1.50263E-5 3.10383E-5 1.89449E-4 3.11612E-5 4.149E-5 2.72858E-4 1.21106E-4 2.87452E-5 2.9219E-5 1.8183E-5 3.66675E-5 1.57857E-5 2.86023E-6 2.80084E-6 1.01068E-6 8.30048E-7 -9999 -9999 -9999 -9999 -9999 -9999 -9999 -9999 -9999 -9999 -9999 -9999 -9999 -9999 -9999 -9999 -9999 -9999 -9999 -9999 -9999 -9999 -9999 -9999 -9999 -9999
3.12338E-5 6.09807E-5 7.87773E-5 4.49808E-6 1.67911E-6 1.42863E-6 4.67655E-6 5.2516E-6 8.85722E-7 4.96546E-7 7.95611E-7 4.16663E-6 1.00965E-6 4.48286E-7 2.06766E-6 1.22703E-6 1.65491E-6 6.38921E-6 2.4434E-6 7.52653E-6 3.45642E-6 2.92114E-6 1.69966E-5 4.55531E-5 2.70362E-6 5.62394E-6 5.8011E-6 1.48172E-5 1.23797E-5 1.04977E-5 1.53789E-5 2.62069E-5 1.53137E-5 1.33635E-5 1.46791E-5 1.64547E-4 4.7246E-5 1.71982E-5 2.47334E-5 8.47684E-5 3.05681E-5 3.06441E-5 1.00066E-5 1.24871E-5 8.3083E-6 1.41986E-5 6.68845E-6 2.43991E-6 7.53107E-7 5.42739E-7 4.55053E-7 -9999 -9999 -9999 -9999 -9999 -9999 -9999 -9999 -9999 -9999 -9999 -9999 -9999 -9999 -9999 -9999 -9999 -9999 -9999 -9999 -9999 -9999 -9999 -9999 -9999
2.52448E-5 1.60272E-5 1.04141E-4 2.46316E-6 7.68298E-7 1.04924E-6 7.36942E-7 1.91302E-6 1.22823E-6 4.43853E-6 7.73155E-6 2.37157E-6 1.7188E-6 6.03691E-6 4.41112E-6 1.50525E-6 1.20298E-6 6.06207E-6 2.76127E-6 4.6149E-6 7.09441E-6 1.41027E-5 6.695E-6 1.82822E-5 1.57704E-5 2.52402E-6 1.03101E-5 1.31345E-5 2.1581E-5 8.95058E-6 1.18118E-5 1.51432E-5 1.98638E-5 1.48389E-5 6.11191E-5 4.02809E-5 2.46323E-5 2.16265E-5 2.79686E-5 3.37669E-5 4.10004E-5 2.58879E-5 1.14019E-5 1.18325E-6 2.31843E-6 8.98146E-6 4.26624E-6 9.31944E-7 1.71531E-7 2.75203E-7 2.23473E-7 -9999 -9999 -9999 -9999 -9999 -9999 -9999 -9999 -9999 -9999 -9999 -9999 -9999 -9999 -9999 -9999 -9999 -9999 -9999 -9999 -9999 -9999 -9999 -9999 -9999
2.42923E-5 2.44225E-5 7.06995E-5 4.72797E-6 9.88464E-7 1.18486E-6 1.21457E-6 1.04876E-6 9.51464E-7 3.46737E-6 5.62166E-6 4.79814E-6 1.06392E-5 9.77501E-6 9.50703E-6 1.79466E-6 4.11841E-6 3.7373E-6 1.66332E-6 4.37283E-6 3.06007E-6 1.70509E-5 1.74663E-6 1.44286E-6 1.45094E-6 1.71483E-6 1.34782E-5 1.24305E-5 1.47229E-5 5.16709E-6 1.5478E-5 1.55257E-5 1.94862E-5 2.02024E-5 1.20564E-5 1.76325E-5 1.71048E-5 1.20295E-5 2.26421E-5 2.96549E-5 3.07258E-5 2.48825E-5 3.38766E-6 1.08237E-6 3.56562E-6 3.15594E-6 1.11466E-6 3.44922E-7 2.25221E-7 3.39113E-7 5.11559E-7 -9999 -9999 -9999 -9999 -9999 -9999 -9999 -9999 -9999 -9999 -9999 -9999 -9999 -9999 -9999 -9999 -9999 -9999 -9999 -9999 -9999 -9999 -9999 -9999 -9999
5.01261E-6 3.01826E-5 1.709E-5 2.34485E-6 1.26367E-6 4.45962E-7 9.70351E-7 5.61447E-7 8.46666E-7 1.83855E-6 6.82096E-6 7.28099E-6 6.95746E-6 1.5612E-5 9.24009E-6 9.02667E-6 1.68204E-5 6.26523E-6 5.45296E-6 1.86038E-6 2.11277E-6 7.87332E-6 1.32464E-5 3.16282E-6 9.27762E-6 5.03856E-6 1.04941E-5 1.71635E-5 4.94817E-6 5.41585E-6 7.94267E-6 1.22258E-5 1.88619E-5 1.40437E-5 1.34212E-5 1.68975E-5 1.34785E-5 1.78504E-5 1.42974E-5 2.25633E-5 1.87338E-5 8.18717E-6 3.01991E-6 2.59492E-6 4.78595E-6 2.98993E-6 1.7966E-6 5.68508E-7 1.03838E-6 2.04293E-6 5.77613E-7 -9999 -9999 -9999 -9999 -9999 -9999 -9999 -9999 -9999 -9999 -9999 -9999 -9999 -9999 -9999 -9999 -9999 -9999 -9999 -9999 -9999 -9999 -9999 -9999 -9999
1.11372E-6 1.46897E-5 3.22426E-6 4.74896E-7 2.32416E-7 5.88186E-7 1.78796E-6 8.48245E-7 1.37814E-6 3.11059E-6 5.26613E-6 4.52068E-6 3.99043E-6 8.38324E-6 7.28584E-6 1.57039E-5 9.66E-6 1.02333E-5 6.35063E-6 1.0788E-6 8.47018E-6 1.38615E-5 1.2656E-5 1.07264E-5 9.82948E-6 1.11418E-5 9.20971E-6 1.30142E-5 4.72794E-6 3.71579E-6 7.00452E-6 1.28391E-5 1.22874E-5 4.1414E-6 3.70212E-6 5.74986E-6 1.04006E-5 1.4914E-5 2.45892E-5 1.79071E-5 1.29729E-5 5.01039E-6 2.68187E-6 5.62679E-6 2.60715E-6 4.6095E-6 1.73874E-6 5.63645E-7 9.49835E-6 4.55753E-6 -9999 -9999 -9999 -9999 -9999 -9999 -9999 -9999 -9999 -9999 -9999 -9999 -9999 -9999 -9999 -9999 -9999 -9999 -9999 -9999 -9999 -9999 -9999 -9999 -9999 -9999
4.7823E-7 3.03508E-6 1.02285E-5 7.65462E-7 1.18164E-6 1.25756E-6 2.8284E-6 2.68059E-6 4.9818E-6 4.89926E-6 3.03566E-6 5.74845E-6 6.29441E-6 9.09466E-6 7.96995E-6 6.9464E-6 7.06749E-6 8.46089E-6 3.02642E-6 2.31118E-6 9.69793E-6 1.39418E-5 7.21417E-6 9.26541E-6 4.73101E-6 6.86558E-6 1.1913E-5 1.13549E-5 5.39467E-6 3.35035E-6 7.44455E-6 7.90434E-6 5.03297E-6 2.41097E-6 3.98185E-6 9.30129E-6 2.21536E-5 2.28519E-5 2.08754E-5 1.65858E-5 1.01594E-5 8.23821E-6 7.98619E-6 7.98351E-6 4.19252E-6 2.37269E-6 6.56276E-6 1.3108E-5 1.45252E-5 6.18182E-6 -9999 -9999 -9999 -9999 -9999 -9999 -9999 -9999 -9999 -9999 -9999 -9999 -9999 -9999 -9999 -9999 -9999 -9999 -9999 -9999 -9999 -9999 -9999 -9999 -9999 -9999
4.64646E-7 8.69632E-7 2.14914E-6 2.51969E-6 8.747E-7 4.2653E-6 5.42175E-6 6.83911E-6 5.43849E-6 6.78457E-6 8.35106E-6 8.82577E-6 8.51873E-6 5.12387E-6 4.22996E-6 3.9931E-6 2.07428E-6 6.28048E-6 4.59782E-6 6.54636E-6 5.74067E-6 7.55087E-6 3.82968E-6 6.17238E-6 4.75629E-6 3.60678E-6 4.84854E-6 7.35031E-6 3.99582E-6 1.66518E-6 2.46048E-6 2.34226E-6 2.07789E-6 1.61219E-6 6.32791E-6 9.1173E-6 1.43159E-5 2.50212E-5 1.80849E-5 1.77768E-5 1.68475E-5 1.08269E-5 7.97728E-6 6.3916E-6 1.34737E-5 1.00437E-5 5.03599E-5 6.21572E-5 3.70263E-5 -9999 -9999 -9999 -9999 -9999 -9999 -9999 -9999 -9999 -9999 -9999 -9999 -9999 -9999 -9999 -9999 -9999 -9999 -9999 -9999 -9999 -9999 -9999 -9999 -9999 -9999 -9999
