ENM/Final_Models/M_1_F_q_Set_1_EC/Gustavia_santanderiensis_0_Choco_clamping.asc
ncols         367
nrows         963
xllcorner     -78.6
yllcorner     0.65
cellsize      0.00833333333333323
NODATA_value  -9999
[rows 352 to 383 of 963, columns 142 to 212 of 367]
-9999 -9999 -9999 -9999 -9999 -9999 -9999 -9999 -9999 -9999 -9999 -9999 -9999 -9999 -9999 -9999 -9999 -9999 -9999 -9999 -9999 -9999 -9999 -9999 -9999 -9999 0E0 8.25646E-2 9.02825E-2 8.46212E-2 0E0 4.57031E-2 3.22987E-1 2.93991E-1 1.0085E-1 9.61709E-2 0E0 2.84657E-1 5.2925E-1 2.40642E-1 1.90923E-1 1.86605E-1 2.72746E-1 1.11746E-1 0E0 0E0 2.36822E-1 4.9485E-1 5.25509E-1 6.61556E-1 7.47576E-1 9.04707E-1 8.35669E-1 8.58558E-1 5.3568E-1 4.39171E-1 5.76877E-1 5.04231E-1 8.35121E-1 4.91199E-1 5.53165E-1 8.20511E-1 7.34909E-1 8.97803E-1 9.14144E-1 9.28393E-1 9.11353E-1 8.33096E-1 7.7659E-1 8.0523E-1 8.10519E-1
-9999 -9999 -9999 -9999 -9999 -9999 -9999 -9999 -9999 -9999 -9999 -9999 -9999 -9999 -9999 -9999 -9999 -9999 -9999 -9999 -9999 -9999 -9999 -9999 -9999 0E0 2.84703E-1 2.85527E-1 2.40183E-1 3.03516E-1 2.85461E-1 5.62565E-2 5.26516E-1 1.82833E-1 4.14289E-2 7.32808E-2 8.3578E-2 3.25066E-1 3.49852E-1 3.09971E-1 1.72544E-1 3.95594E-2 6.42302E-2 0E0 0E0 0E0 9.22588E-2 2.9071E-1 2.82448E-1 2.50859E-1 5.09685E-1 5.39005E-1 5.42032E-1 9.02976E-1 5.65675E-1 4.28011E-1 6.00855E-1 7.60824E-1 7.33699E-1 4.84531E-1 6.96501E-1 7.36618E-1 8.02188E-1 8.64729E-1 9.30371E-1 8.06582E-1 8.91785E-1 9.16515E-1 9.07364E-1 8.05457E-1 8.9936E-1
-9999 -9999 -9999 -9999 -9999 -9999 -9999 -9999 -9999 -9999 -9999 -9999 -9999 -9999 -9999 -9999 -9999 -9999 -9999 -9999 -9999 -9999 -9999 -9999 -9999 0E0 4.97015E-1 2.56904E-1 5.07211E-1 4.8264E-1 8.01227E-2 1.00816E-1 3.28229E-1 2.44926E-1 5.80033E-2 8.93906E-2 0E0 9.95806E-2 2.4576E-1 2.64417E-1 4.28866E-1 2.7688E-1 2.50279E-1 0E0 0E0 0E0 0E0 0E0 0E0 9.93601E-2 2.82851E-1 8.96461E-1 9.30408E-1 7.24795E-1 4.98606E-1 5.41806E-1 9.20227E-1 9.24499E-1 8.05989E-1 4.03055E-1 8.99668E-1 9.17509E-1 7.28486E-1 8.36753E-1 8.31588E-1 7.73722E-1 8.24651E-1 8.8092E-1 9.15467E-1 9.04022E-1 8.85889E-1
-9999 -9999 -9999 -9999 -9999 -9999 -9999 -9999 -9999 -9999 -9999 -9999 -9999 -9999 -9999 -9999 -9999 -9999 -9999 -9999 -9999 -9999 -9999 -9999 -9999 0E0 2.94053E-1 9.46275E-2 3.39518E-1 5.27392E-1 2.43658E-1 2.50978E-1 2.44849E-1 3.25458E-1 5.58126E-2 3.23134E-1 3.23195E-1 1.0026E-1 8.56032E-2 3.09977E-1 4.08121E-1 4.61917E-1 2.89221E-1 0E0 0E0 0E0 0E0 0E0 0E0 0E0 6.1054E-2 8.897E-1 9.18948E-1 8.88656E-1 5.30844E-1 5.43555E-1 4.07459E-1 7.98349E-1 8.62034E-1 3.84243E-1 2.04951E-1 3.28967E-1 8.81125E-1 8.45711E-1 7.62636E-1 7.85987E-1 8.03384E-1 8.40579E-1 7.65235E-1 8.50244E-1 8.33794E-1
-9999 -9999 -9999 -9999 -9999 -9999 -9999 -9999 -9999 -9999 -9999 -9999 -9999 -9999 -9999 -9999 -9999 -9999 -9999 -9999 -9999 -9999 -9999 -9999 0E0 9.58725E-2 2.99655E-1 0E0 7.34407E-2 1.03639E-1 9.54125E-2 2.68217E-1 3.1993E-1 2.75711E-1 2.50526E-1 2.41404E-1 2.36354E-1 1.0059E-1 3.64809E-1 4.10846E-1 3.18857E-1 8.47837E-1 5.62805E-1 3.25795E-1 1.20422E-1 0E0 0E0 1.0716E-1 0E0 0E0 4.90293E-2 8.77926E-1 9.1841E-1 8.74871E-1 5.30396E-1 5.30908E-1 5.27408E-1 7.11019E-1 8.72237E-1 8.73319E-1 3.01237E-1 8.80689E-1 8.18695E-1 8.70881E-1 8.13806E-1 8.33787E-1 8.28256E-1 7.55581E-1 8.23569E-1 8.73031E-1 7.88492E-1
-9999 -9999 -9999 -9999 -9999 -9999 -9999 -9999 -9999 -9999 -9999 -9999 -9999 -9999 -9999 -9999 -9999 -9999 -9999 -9999 -9999 -9999 -9999 -9999 0E0 2.84385E-1 5.17949E-1 3.30638E-1 0E0 0E0 0E0 1.00948E-1 1.01954E-1 0E0 9.97938E-2 7.72648E-2 2.99668E-1 3.14494E-1 3.55572E-2 3.59272E-1 3.47734E-1 7.88129E-1 3.3794E-1 3.10315E-1 1.03864E-1 0E0 0E0 1.12262E-1 4.17352E-1 3.38638E-1 3.69499E-1 9.2044E-1 9.22572E-1 7.72781E-1 8.68984E-1 7.09643E-1 7.53468E-1 8.32396E-1 8.39361E-1 8.73724E-1 8.67811E-1 9.00261E-1 9.0343E-1 8.5033E-1 8.94186E-1 8.74945E-1 7.9794E-1 7.80572E-1 8.07377E-1 8.17043E-1 8.78301E-1
-9999 -9999 -9999 -9999 -9999 -9999 -9999 -9999 -9999 -9999 -9999 -9999 -9999 -9999 -9999 -9999 -9999 -9999 -9999 -9999 -9999 -9999 -9999 0E0 8.26513E-2 2.82496E-1 2.76891E-1 3.17736E-1 5.51909E-1 3.0949E-1 1.05589E-1 1.11085E-1 0E0 0E0 0E0 8.85691E-2 8.28156E-2 2.6725E-2 1.12569E-2 0E0 4.49732E-1 6.39493E-1 2.88481E-1 3.2013E-1 1.2384E-1 0E0 0E0 1.30652E-1 2.84677E-1 3.04484E-1 6.18609E-1 8.65205E-1 2.90038E-1 3.47082E-1 7.17209E-1 7.21506E-1 9.04424E-1 8.32868E-1 8.59396E-1 8.75846E-1 5.90738E-1 8.72339E-1 8.80524E-1 6.75809E-1 6.52594E-1 8.35404E-1 8.80444E-1 9.4193E-1 9.29032E-1 9.06888E-1 8.81631E-1
-9999 -9999 -9999 -9999 -9999 -9999 -9999 -9999 -9999 -9999 -9999 -9999 -9999 -9999 -9999 -9999 -9999 -9999 -9999 -9999 -9999 -9999 -9999 2.98623E-1 2.91648E-1 5.27767E-1 5.35926E-1 3.10026E-1 2.76449E-1 3.72883E-1 3.38908E-1 1.14651E-1 0E0 0E0 0E0 0E0 0E0 0E0 0E0 0E0 1.33021E-1 2.93092E-1 3.2866E-1 3.51576E-1 1.30786E-1 0E0 0E0 1.32209E-1 2.45642E-1 5.66775E-1 5.64633E-1 8.84922E-1 5.64969E-1 6.41919E-1 7.94337E-1 8.66259E-1 5.52676E-1 3.52966E-1 8.72393E-1 8.77234E-1 5.72645E-1 9.15987E-1 9.24981E-1 9.06805E-1 8.77973E-1 8.67426E-1 8.87463E-1 9.04624E-1 9.15186E-1 9.44208E-1 8.9722E-1
-9999 -9999 -9999 -9999 -9999 -9999 -9999 -9999 -9999 -9999 -9999 -9999 -9999 -9999 -9999 -9999 -9999 -9999 -9999 -9999 -9999 -9999 -9999 2.42795E-1 2.80567E-1 4.92925E-1 7.94145E-1 4.90654E-1 2.77176E-1 1.00811E-1 0E0 0E0 0E0 0E0 0E0 0E0 0E0 5.18844E-2 1.14829E-2 0E0 0E0 1.81584E-1 3.34429E-1 3.11218E-1 3.07639E-1 1.29787E-1 1.36705E-1 2.76539E-1 1.78424E-1 4.46032E-2 2.90241E-1 2.00852E-1 8.13716E-1 8.82963E-1 8.46265E-1 8.85839E-1 8.70686E-1 8.61807E-1 9.2298E-1 8.69637E-1 5.34809E-1 8.93681E-1 9.06894E-1 9.28133E-1 9.32662E-1 8.20008E-1 8.62877E-1 9.29626E-1 8.37267E-1 9.49366E-1 9.52693E-1
-9999 -9999 -9999 -9999 -9999 -9999 -9999 -9999 -9999 -9999 -9999 -9999 -9999 -9999 -9999 -9999 -9999 -9999 -9999 -9999 -9999 -9999 0E0 2.40389E-1 4.84444E-1 5.23629E-1 7.81712E-1 5.21437E-1 2.28062E-1 7.46724E-2 0E0 0E0 0E0 0E0 0E0 0E0 0E0 0E0 1.70734E-1 3.66376E-2 0E0 0E0 2.76171E-1 4.04184E-3 1.04127E-1 3.815E-3 3.61196E-1 5.5928E-1 4.61311E-1 1.78566E-1 9.36257E-2 2.73281E-1 5.13074E-1 7.98458E-1 8.39506E-1 8.6263E-1 9.43816E-1 8.93989E-1 8.4273E-1 9.26516E-1 5.40023E-1 8.93283E-1 4.87384E-1 4.60479E-1 7.92135E-1 8.67702E-1 8.96069E-1 8.76383E-1 8.53795E-1 9.29583E-1 9.35196E-1
-9999 -9999 -9999 -9999 -9999 -9999 -9999 -9999 -9999 -9999 -9999 -9999 -9999 -9999 -9999 -9999 -9999 -9999 -9999 -9999 -9999 0E0 0E0 8.06106E-2 2.72595E-1 5.19579E-1 6.29496E-1 5.02934E-1 2.21202E-1 2.77477E-3 3.56272E-2 1.10748E-1 0E0 0E0 0E0 0E0 0E0 1.18931E-1 2.4868E-1 1.71621E-1 1.32692E-1 1.36018E-1 5.11575E-1 9.40803E-2 1.35731E-1 1.03387E-1 1.36618E-1 5.68613E-1 4.95469E-1 2.36333E-1 1.05188E-1 2.57866E-1 5.95339E-1 2.22665E-1 3.59155E-1 8.69044E-1 9.25139E-1 9.35568E-1 6.26789E-1 9.25532E-1 5.17183E-1 8.78059E-1 5.20441E-1 4.47593E-1 8.32355E-1 8.85644E-1 9.50098E-1 8.88016E-1 8.57349E-1 9.36725E-1 9.12926E-1
-9999 -9999 -9999 -9999 -9999 -9999 -9999 -9999 -9999 -9999 -9999 -9999 -9999 -9999 -9999 -9999 -9999 -9999 -9999 0E0 0E0 0E0 0E0 0E0 3.15471E-1 2.81506E-1 4.83347E-2 0E0 0E0 0E0 4.23554E-2 8.084E-2 1.26221E-1 4.26716E-3 4.32854E-3 4.93406E-1 5.61734E-1 5.58395E-1 4.72008E-1 5.17679E-1 5.67309E-1 2.2154E-1 5.29337E-1 2.7423E-1 7.11265E-2 2.75914E-1 5.81984E-1 5.13273E-1 1.95176E-1 3.08214E-1 5.34936E-1 4.2679E-1 6.06418E-1 3.93078E-1 8.88027E-1 8.88187E-1 8.5704E-1 9.34546E-1 5.46779E-1 9.18106E-1 5.22236E-1 5.6917E-1 8.68187E-1 9.04256E-1 9.17884E-1 9.31154E-1 9.30822E-1 9.38944E-1 9.41184E-1 9.47202E-1 6.37826E-1
-9999 -9999 -9999 -9999 -9999 -9999 -9999 -9999 -9999 -9999 -9999 0E0 0E0 0E0 0E0 0E0 0E0 0E0 0E0 5.89757E-2 3.16288E-2 0E0 0E0 7.40593E-2 5.51417E-1 9.29471E-2 4.07055E-2 0E0 0E0 0E0 0E0 0E0 1.24986E-1 3.63387E-3 1.33187E-1 5.70266E-1 4.89128E-1 8.53596E-1 8.75176E-1 8.87525E-1 4.3036E-1 1.80307E-1 3.55078E-1 8.6343E-1 4.42027E-1 2.23215E-1 4.35525E-1 4.51428E-1 1.73499E-1 4.1641E-1 4.50277E-1 5.59985E-1 8.48027E-1 6.65831E-1 9.00039E-1 9.06956E-1 9.17647E-1 8.6467E-1 5.43935E-1 8.93377E-1 9.35577E-1 6.0959E-1 8.80044E-1 9.3511E-1 9.4623E-1 9.07157E-1 9.23527E-1 9.34098E-1 9.30557E-1 9.56315E-1 8.88075E-1
-9999 -9999 -9999 -9999 -9999 -9999 -9999 -9999 -9999 -9999 0E0 0E0 0E0 0E0 0E0 0E0 0E0 0E0 0E0 0E0 0E0 0E0 4.4376E-2 2.67575E-1 3.40067E-1 2.94405E-1 0E0 0E0 0E0 0E0 0E0 0E0 7.97108E-2 1.31448E-1 1.26733E-1 3.01014E-1 9.00323E-1 9.11565E-1 9.25233E-1 9.22085E-1 9.19965E-1 5.53142E-1 1.34601E-1 9.82807E-2 2.62432E-1 4.40515E-1 4.76646E-1 5.93751E-2 7.01112E-2 4.4038E-1 4.88691E-1 4.62388E-1 4.29169E-1 4.6982E-1 8.10501E-1 8.26285E-1 8.30806E-1 8.64158E-1 5.25532E-1 5.79814E-1 8.96163E-1 9.37879E-1 8.72501E-1 8.60553E-1 9.03809E-1 8.80894E-1 8.47561E-1 8.64403E-1 9.38886E-1 9.51895E-1 8.19824E-1
-9999 -9999 -9999 -9999 -9999 -9999 -9999 -9999 -9999 -9999 0E0 0E0 0E0 0E0 0E0 0E0 0E0 0E0 0E0 0E0 0E0 0E0 0E0 0E0 0E0 0E0 0E0 0E0 0E0 0E0 0E0 0E0 0E0 1.30356E-1 3.29203E-1 3.54441E-1 3.10291E-1 3.18352E-1 8.80487E-1 8.90374E-1 9.27069E-1 4.13386E-1 3.42186E-1 2.44915E-1 2.76422E-1 3.59265E-1 3.40219E-1 2.95507E-1 6.90561E-2 4.3814E-1 4.85471E-1 2.09106E-1 3.08043E-1 3.74069E-1 8.17881E-1 9.35398E-1 8.37678E-1 8.7599E-1 9.024E-1 5.56095E-1 9.18172E-1 9.49032E-1 9.50422E-1 9.53201E-1 9.43691E-1 9.44604E-1 9.37584E-1 8.50714E-1 9.55048E-1 9.447E-1 9.52592E-1
0E0 0E0 -9999 -9999 -9999 -9999 -9999 -9999 -9999 0E0 0E0 0E0 0E0 0E0 0E0 0E0 0E0 0E0 0E0 0E0 0E0 8.88667E-3 0E0 0E0 0E0 0E0 0E0 0E0 0E0 4.95606E-2 8.3166E-2 4.23257E-2 3.17898E-1 5.36892E-1 3.56858E-1 2.95592E-1 3.23375E-1 3.39737E-1 5.20665E-1 8.28592E-1 9.30054E-1 8.72441E-1 4.89783E-1 4.34652E-1 3.90274E-1 5.6553E-1 3.31696E-1 6.09053E-2 2.61449E-1 3.4121E-1 4.99941E-1 5.13057E-2 1.66209E-1 1.92479E-1 4.32683E-1 9.12492E-1 9.4137E-1 8.68482E-1 9.16456E-1 9.14709E-1 9.04498E-1 9.34512E-1 9.34339E-1 9.43181E-1 9.31577E-1 9.30963E-1 8.9829E-1 8.69982E-1 8.28993E-1 8.97615E-1 9.5804E-1
0E0 0E0 0E0 -9999 -9999 -9999 -9999 -9999 -9999 0E0 0E0 0E0 0E0 0E0 0E0 0E0 4.44501E-3 7.48209E-2 8.56666E-2 0E0 0E0 8.81414E-2 0E0 0E0 0E0 0E0 0E0 0E0 0E0 4.96788E-2 4.0912E-1 3.30019E-1 1.39114E-1 5.70891E-1 3.62392E-1 5.65262E-1 5.68625E-1 8.31809E-1 4.85299E-1 8.66315E-1 9.3721E-1 7.78998E-1 3.03526E-1 1.42333E-1 1.25245E-1 3.53168E-1 3.7435E-1 1.15875E-1 2.73988E-1 1.31298E-1 4.0393E-1 3.90917E-1 2.81781E-1 3.96942E-1 4.91173E-1 9.39656E-1 9.1029E-1 9.07902E-1 8.79316E-1 5.99865E-1 9.09896E-1 9.49094E-1 9.33087E-1 9.53101E-1 9.22816E-1 9.48261E-1 8.73373E-1 8.52545E-1 8.49981E-1 8.98986E-1 9.5907E-1
0E0 0E0 0E0 0E0 -9999 -9999 -9999 0E0 0E0 0E0 0E0 0E0 0E0 0E0 0E0 0E0 4.4054E-3 5.84196E-2 0E0 0E0 0E0 0E0 0E0 0E0 0E0 0E0 0E0 0E0 0E0 0E0 9.64834E-2 9.12951E-2 5.77083E-1 3.42065E-1 3.40755E-1 3.22845E-1 3.42783E-1 8.63249E-1 8.43003E-1 8.88743E-1 9.1626E-1 9.27318E-1 5.02527E-1 2.14174E-1 2.74388E-1 2.36859E-1 9.71275E-2 1.05835E-1 1.34098E-1 1.05071E-1 9.84107E-2 1.00394E-1 3.48423E-1 2.38943E-1 9.08145E-1 9.37248E-1 9.48766E-1 9.00137E-1 9.5444E-1 9.01225E-1 9.00818E-1 9.25385E-1 9.35249E-1 9.04969E-1 4.88545E-1 9.58862E-1 8.93215E-1 8.90351E-1 9.55427E-1 8.92232E-1 9.03946E-1
0E0 0E0 0E0 0E0 0E0 0E0 0E0 0E0 0E0 0E0 0E0 0E0 0E0 0E0 0E0 0E0 8.61252E-3 1.16957E-1 9.67966E-2 0E0 0E0 0E0 0E0 0E0 0E0 0E0 0E0 0E0 0E0 0E0 4.24503E-1 4.68315E-1 7.987E-1 5.81535E-1 4.53662E-1 1.34937E-1 7.7835E-1 9.23643E-1 8.91152E-1 8.97114E-1 9.04468E-1 4.68419E-1 2.60859E-1 1.07809E-1 1.88688E-2 9.26929E-2 6.73018E-3 5.99831E-2 1.04759E-1 2.93203E-1 5.71227E-1 5.01218E-1 4.93934E-1 4.70932E-1 7.6084E-1 9.41875E-1 8.7152E-1 9.06748E-1 9.17762E-1 9.40141E-1 8.9717E-1 9.06532E-1 9.27195E-1 9.57193E-1 9.58668E-1 9.54216E-1 8.60036E-1 8.96773E-1 3.80461E-1 3.98614E-1 2.48886E-1
0E0 0E0 0E0 0E0 0E0 0E0 0E0 0E0 0E0 0E0 0E0 2.4484E-3 0E0 0E0 0E0 0E0 1.34372E-2 7.65748E-3 0E0 5.26033E-2 0E0 0E0 0E0 0E0 0E0 0E0 0E0 0E0 0E0 7.53401E-2 9.11328E-1 5.76073E-1 3.73143E-1 3.44925E-1 3.01861E-1 1.62675E-1 5.32833E-1 9.117E-1 9.21305E-1 8.92688E-1 3.18422E-1 8.28263E-1 8.55074E-1 1.37082E-1 2.26415E-2 7.35996E-3 2.38018E-2 3.49237E-2 2.27029E-2 3.35273E-1 2.983E-1 2.98222E-1 3.40276E-1 6.10492E-1 8.85106E-1 9.14725E-1 8.61573E-1 8.73368E-1 8.83683E-1 9.39905E-1 9.52563E-1 9.45288E-1 8.904E-1 8.91847E-1 9.13971E-1 9.34854E-1 9.21723E-1 8.91254E-1 8.93476E-1 8.99183E-1 3.93198E-1
0E0 0E0 0E0 0E0 0E0 0E0 0E0 0E0 0E0 0E0 0E0 0E0 0E0 0E0 0E0 0E0 0E0 1.33043E-2 5.09293E-3 8.15051E-2 0E0 0E0 0E0 0E0 0E0 0E0 0E0 0E0 0E0 0E0 7.73216E-1 8.65712E-1 5.98578E-1 3.92169E-1 3.38776E-1 5.83536E-1 8.27292E-1 8.40845E-1 9.03966E-1 5.00601E-1 1.21623E-1 3.6617E-1 5.84917E-1 1.46126E-1 3.95238E-1 2.82754E-1 1.70409E-1 4.00339E-2 1.39253E-1 1.99447E-1 3.19012E-1 3.09437E-1 3.16145E-1 4.50099E-1 8.62393E-1 9.4699E-1 3.91948E-1 3.98772E-1 8.42639E-1 9.08784E-1 9.42912E-1 8.87742E-1 9.51221E-1 5.98055E-1 9.45541E-1 9.58902E-1 9.59072E-1 9.5973E-1 9.57781E-1 8.92029E-1 9.6137E-1
0E0 0E0 0E0 0E0 0E0 0E0 0E0 0E0 0E0 0E0 0E0 0E0 0E0 0E0 0E0 0E0 0E0 0E0 1.1959E-2 1.76209E-2 7.12715E-3 0E0 0E0 0E0 0E0 0E0 0E0 0E0 0E0 3.53384E-1 8.05455E-1 8.24969E-1 8.26558E-1 3.37049E-1 3.79089E-1 3.82506E-1 5.75584E-1 8.73752E-1 9.10879E-1 3.78242E-1 3.36073E-1 1.5238E-1 5.57483E-1 4.91216E-1 3.93419E-1 4.11194E-1 1.56553E-1 3.87058E-2 3.34191E-2 9.61148E-2 1.48783E-1 1.43378E-1 1.02964E-1 5.73926E-1 8.30068E-1 9.3817E-1 9.3383E-1 8.77448E-1 8.85213E-1 8.70936E-1 9.57265E-1 9.53367E-1 9.36192E-1 8.84735E-1 9.11527E-1 9.47346E-1 9.59655E-1 9.5886E-1 9.58235E-1 8.89485E-1 8.67591E-1
0E0 0E0 0E0 0E0 0E0 0E0 0E0 0E0 0E0 0E0 0E0 0E0 0E0 0E0 2.1054E-2 0E0 0E0 0E0 2.10155E-2 2.67918E-2 5.33873E-1 0E0 0E0 0E0 0E0 0E0 0E0 0E0 0E0 5.78172E-1 8.91298E-1 5.8514E-1 6.00154E-1 3.90748E-1 1.75021E-1 3.97612E-1 5.06411E-1 7.62639E-1 8.86136E-1 5.60752E-1 3.77652E-1 3.66859E-1 5.98583E-1 2.63636E-1 3.91531E-1 3.94012E-1 3.88343E-1 1.18666E-1 1.23411E-1 8.04777E-2 1.33926E-1 1.58773E-1 6.047E-3 3.62254E-1 9.24593E-1 9.42918E-1 9.49866E-1 9.16554E-1 8.5938E-1 9.57882E-1 9.5574E-1 8.76758E-1 9.48138E-1 9.309E-1 8.9843E-1 9.28492E-1 9.5863E-1 9.22715E-1 9.60643E-1 9.6503E-1 9.00995E-1
2.80175E-2 0E0 0E0 0E0 0E0 0E0 0E0 0E0 0E0 0E0 0E0 0E0 0E0 0E0 2.65398E-2 2.95838E-2 2.55972E-2 9.58385E-2 2.81888E-1 3.25914E-1 7.15395E-1 1.06928E-1 7.19985E-2 0E0 0E0 0E0 0E0 0E0 1.15098E-2 5.66829E-1 8.42012E-1 5.72923E-1 5.81647E-1 3.85194E-1 1.71248E-1 3.82903E-1 5.36532E-1 4.56174E-1 5.01653E-1 8.09806E-1 5.99329E-1 5.84647E-1 3.79356E-1 5.46571E-1 4.86409E-1 4.0868E-1 7.6242E-1 3.35654E-1 1.31173E-1 6.79119E-2 1.04297E-1 1.5256E-1 1.29542E-1 3.51994E-1 8.55293E-1 8.77131E-1 8.84926E-1 8.86227E-1 9.18651E-1 9.1068E-1 9.42999E-1 8.62946E-1 8.59214E-1 5.82601E-1 6.15641E-1 9.46777E-1 9.49403E-1 9.54793E-1 9.59481E-1 8.99438E-1 4.04884E-1
0E0 0E0 0E0 0E0 0E0 0E0 0E0 0E0 0E0 0E0 0E0 0E0 3.39747E-2 1.05557E-1 1.47392E-1 1.38546E-1 1.42049E-1 2.15928E-1 2.06768E-1 2.46018E-1 1.01541E-1 0E0 0E0 0E0 0E0 1.29794E-2 0E0 0E0 1.6612E-1 7.6055E-1 8.36611E-1 7.46079E-1 5.23965E-1 3.71771E-1 1.56615E-1 1.50041E-1 5.63003E-1 4.44964E-1 1.621E-1 6.06841E-1 6.05464E-1 6.07478E-1 5.95645E-1 6.02193E-1 2.9488E-1 3.32737E-1 4.31679E-1 5.34727E-1 2.7407E-1 7.95348E-2 3.42059E-1 4.11648E-1 3.90594E-1 4.288E-1 8.55107E-1 8.56068E-1 8.88631E-1 5.84189E-1 9.00783E-1 9.15022E-1 9.55466E-1 8.69803E-1 8.82731E-1 3.49492E-1 1.52743E-1 3.7769E-1 9.46813E-1 9.55436E-1 9.55421E-1 9.01158E-1 8.4984E-1
1.40462E-1 1.51433E-1 3.69614E-1 3.73868E-2 0E0 0E0 0E0 0E0 0E0 0E0 0E0 0E0 8.47E-2 1.25671E-1 1.6777E-1 1.6477E-1 1.32193E-1 4.01635E-1 0E0 0E0 0E0 0E0 0E0 0E0 0E0 0E0 0E0 0E0 1.1902E-1 7.36806E-1 7.07798E-1 5.93436E-1 3.53257E-1 4.68858E-1 5.68692E-1 4.03046E-1 3.97519E-1 3.85167E-1 3.83244E-1 3.71497E-1 6.16152E-1 3.6459E-1 6.08347E-1 3.7284E-1 3.44139E-1 3.39536E-1 9.55358E-2 3.00022E-2 1.40608E-1 3.46571E-1 1.35054E-1 1.55992E-1 4.14653E-1 2.71103E-1 8.70345E-1 8.64086E-1 5.47417E-1 6.00208E-1 9.06972E-1 8.86913E-1 5.25308E-1 8.79482E-1 9.25436E-1 4.47016E-1 2.3642E-1 3.68611E-1 9.51382E-1 9.56907E-1 9.61618E-1 8.85378E-1 8.9975E-1
5.01201E-2 4.37456E-2 1.75876E-1 0E0 1.97381E-3 2.38301E-3 4.61815E-2 4.2682E-2 3.953E-2 1.49346E-1 0E0 0E0 0E0 1.31567E-1 1.41323E-1 1.71624E-1 1.23099E-1 9.12661E-3 0E0 0E0 0E0 0E0 0E0 0E0 0E0 0E0 0E0 0E0 2.83519E-1 3.61922E-1 5.45905E-2 7.18758E-1 7.55743E-1 6.01051E-1 3.95045E-1 1.86437E-1 6.22207E-1 5.51462E-1 5.76419E-1 5.07039E-1 5.84912E-1 9.22039E-1 5.11424E-1 5.90231E-1 4.37478E-1 3.00171E-1 3.06598E-1 1.29664E-1 3.72667E-1 1.62702E-1 4.82713E-2 1.0397E-1 1.61473E-1 1.44102E-1 8.82586E-1 9.51156E-1 9.08067E-1 9.56785E-1 9.56813E-1 8.61555E-1 9.10301E-1 6.03165E-1 5.92274E-1 4.8425E-1 8.8958E-1 9.17252E-1 9.46923E-1 9.21457E-1 9.26954E-1 9.00739E-1 8.95583E-1
1.79949E-1 4.0857E-1 1.77213E-1 0E0 1.85088E-3 9.20723E-4 3.21459E-2 1.3019E-1 1.44191E-1 5.11664E-1 0E0 0E0 9.86846E-2 1.2694E-1 1.5064E-1 4.03976E-2 2.69744E-2 1.40295E-2 1.19208E-2 1.12032E-2 0E0 0E0 0E0 0E0 0E0 0E0 0E0 0E0 0E0 0E0 4.70229E-2 0E0 5.13411E-1 8.56527E-1 6.19194E-1 4.17489E-1 5.88388E-1 9.16278E-1 9.38477E-1 9.4097E-1 9.36353E-1 9.29978E-1 2.65215E-1 6.1997E-1 5.20611E-1 1.41321E-1 1.38463E-1 1.38545E-1 1.4679E-1 6.0777E-2 5.48832E-2 4.20073E-2 4.62729E-2 1.8692E-1 5.72914E-1 9.32925E-1 8.78318E-1 8.92657E-1 9.02893E-1 5.28818E-1 9.04795E-1 4.78226E-1 2.93384E-1 2.46305E-1 6.46566E-1 9.10885E-1 9.63603E-1 9.56268E-1 9.14201E-1 7.09343E-1 4.2006E-1
1.18243E-1 1.33909E-1 1.61453E-1 4.38893E-3 0E0 2.34743E-2 9.20925E-3 3.26689E-3 3.6634E-2 1.74764E-1 0E0 0E0 1.26044E-1 1.36082E-1 4.09306E-2 2.97116E-2 4.01045E-2 3.77986E-2 1.89126E-1 2.18255E-2 1.84137E-2 0E0 0E0 0E0 0E0 0E0 0E0 0E0 0E0 0E0 0E0 0E0 1.24891E-1 4.79373E-1 9.16592E-1 8.57849E-1 8.73515E-1 8.61148E-1 9.30309E-1 9.39331E-1 9.20538E-1 5.08385E-1 5.58175E-1 5.29332E-1 3.60057E-1 2.76737E-2 5.93393E-2 8.66111E-2 1.26025E-1 1.83433E-1 1.78175E-1 0E0 2.78856E-2 5.18431E-2 6.10949E-1 9.39458E-1 8.89812E-1 8.78582E-1 8.75455E-1 8.83024E-1 8.89169E-1 5.48425E-1 4.06522E-1 5.349E-1 9.13748E-1 9.08913E-1 9.60894E-1 9.6352E-1 9.57099E-1 9.20272E-1 7.21242E-1
3.56751E-1 3.62454E-1 1.86472E-1 5.30418E-2 4.24613E-3 3.28881E-2 2.04701E-2 2.31603E-2 4.87633E-2 0E0 8.26593E-2 9.71613E-3 1.46622E-1 4.68734E-2 4.21946E-2 9.39751E-2 2.66116E-2 5.14638E-2 4.2568E-2 3.07995E-2 2.82078E-2 0E0 0E0 0E0 0E0 0E0 0E0 0E0 0E0 0E0 4.85997E-2 5.90142E-2 8.67963E-2 1.70473E-1 8.97625E-1 8.50963E-1 6.14271E-1 9.15342E-1 9.30369E-1 9.31372E-1 9.27905E-1 3.92774E-1 5.53342E-1 2.54136E-1 1.22885E-1 3.96103E-2 3.3832E-2 1.68027E-1 1.17812E-1 4.62295E-2 6.89025E-2 3.33307E-2 3.62055E-2 6.87091E-2 2.76415E-1 9.47348E-1 9.52917E-1 9.63298E-1 9.61626E-1 9.06727E-1 9.08831E-1 4.7125E-1 3.25612E-1 2.61344E-1 2.86765E-1 3.06131E-1 5.79758E-1 9.66983E-1 9.68225E-1 9.2859E-1 9.24566E-1
1.96246E-1 1.86414E-1 5.431E-2 4.34913E-3 4.00506E-3 3.60898E-2 2.20946E-2 2.12875E-1 1.71745E-1 1.5561E-1 6.7095E-2 4.003E-2 1.28188E-1 6.88577E-2 0E0 1.52953E-1 1.50265E-1 3.26773E-1 4.98227E-1 3.26257E-2 0E0 0E0 0E0 0E0 0E0 0E0 0E0 0E0 0E0 5.76833E-2 3.12189E-1 8.13233E-1 6.91887E-1 4.05167E-1 9.06287E-1 8.6398E-1 4.24523E-1 6.28975E-1 6.2106E-1 5.97799E-1 4.69532E-1 5.48329E-1 9.40773E-1 4.81295E-1 6.17149E-2 5.24896E-2 4.5636E-2 3.96326E-1 9.66071E-2 2.91636E-2 3.43497E-2 6.8904E-2 2.02035E-1 1.57942E-1 2.62886E-1 9.12157E-1 9.13217E-1 8.90902E-1 5.53183E-1 1.56067E-1 5.13473E-1 4.71908E-1 2.36565E-1 2.62077E-1 3.99061E-1 4.03319E-1 8.95618E-1 8.70583E-1 9.62056E-1 9.60579E-1 9.63295E-1
5.03874E-2 4.93836E-2 4.3011E-2 3.70061E-2 4.40555E-3 5.47777E-2 5.11588E-2 1.62994E-1 1.74205E-1 1.96931E-1 4.35629E-2 0E0 0E0 1.42916E-1 1.60781E-1 3.09847E-2 2.01482E-1 5.01755E-1 5.64912E-1 4.11725E-1 4.50009E-1 0E0 0E0 0E0 7.03813E-2 0E0 0E0 0E0 0E0 0E0 7.53711E-1 8.19834E-1 7.51647E-1 7.93588E-1 6.25066E-1 5.82403E-1 4.44158E-1 4.74255E-1 6.00485E-1 5.24541E-1 9.34505E-2 1.61243E-1 9.36378E-1 5.14683E-1 6.12982E-2 3.45238E-1 3.64393E-1 3.78303E-1 1.20309E-1 3.11012E-2 2.20683E-2 1.90581E-2 4.12554E-2 2.74698E-2 8.09701E-2 9.18026E-1 9.24386E-1 8.86612E-1 9.05706E-1 9.0693E-1 8.56966E-1 4.44138E-1 2.92629E-1 2.45122E-1 3.95456E-1 1.1316E-1 8.89455E-1 8.91454E-1 9.50164E-1 9.42294E-1 9.7168E-1
