ENM/Final_Models/M_1_F_q_Set_1_EC/Gustavia_santanderiensis_2_Choco_clamping.asc
ncols         367
nrows         963
xllcorner     -78.6
yllcorner     0.65
cellsize      0.00833333333333323
NODATA_value  -9999
[rows 576 to 607 of 963, columns 142 to 212 of 367]
-9999 -9999 -9999 -9999 -9999 -9999 -9999 -9999 -9999 -9999 -9999 -9999 -9999 -9999 -9999 -9999 -9999 -9999 -9999 -9999 -9999 -9999 1.12824E-1 1.47634E-1 1.61855E-1 1.42167E-1 1.80393E-1 8.96285E-2 4.76407E-3 0E0 3.90932E-2 0E0 0E0 0E0 -9999 -9999 -9999 -9999 -9999 -9999 -9999 -9999 -9999 -9999 1.76204E-1 2.69358E-1 0E0 0E0 0E0 0E0 0E0 0E0 0E0 5.34518E-1 4.35482E-1 2.57001E-1 2.09477E-1 1.44861E-1 1.59795E-1 4.48493E-2 3.14326E-3 3.85951E-2 0E0 7.3947E-2 7.43056E-2 1.24391E-1 2.52125E-1 1.02462E-1 5.75946E-2 1.55184E-1 1.4898E-1
-9999 -9999 -9999 -9999 -9999 -9999 -9999 -9999 -9999 -9999 -9999 -9999 -9999 -9999 -9999 -9999 -9999 -9999 -9999 -9999 -9999 -9999 1.09889E-1 1.40637E-1 1.55043E-1 9.75149E-2 1.23324E-1 1.21308E-1 0E0 0E0 0E0 0E0 0E0 -9999 -9999 -9999 -9999 -9999 -9999 -9999 -9999 -9999 -9999 2.50601E-1 2.87933E-1 1.74736E-1 -9999 2.38363E-1 1.79437E-1 0E0 0E0 0E0 0E0 3.06808E-1 2.81353E-1 1.94151E-1 1.63736E-1 1.49354E-1 4.12811E-2 0E0 3.88799E-3 1.99939E-2 6.11287E-2 9.73164E-2 2.34812E-1 9.39284E-2 1.10012E-1 1.13916E-1 0E0 1.6939E-1 1.42363E-1
-9999 -9999 -9999 -9999 -9999 -9999 -9999 -9999 -9999 -9999 -9999 -9999 -9999 -9999 -9999 -9999 -9999 -9999 -9999 -9999 -9999 -9999 5.59251E-2 4.24428E-2 2.30828E-2 1.57031E-1 9.25564E-3 3.68694E-2 0E0 0E0 0E0 -9999 -9999 -9999 -9999 -9999 -9999 -9999 -9999 0E0 0E0 0E0 -9999 7.41222E-2 2.83783E-1 1.35355E-1 1.81887E-1 2.60754E-1 1.84816E-1 1.90223E-1 1.94372E-1 2.01239E-1 3.12852E-1 2.54398E-1 1.12906E-1 2.13862E-1 1.36973E-1 9.90029E-2 1.27769E-2 0E0 0E0 0E0 0E0 2.15613E-2 8.67659E-2 0E0 0E0 0E0 5.26089E-2 9.03994E-3 3.76641E-2
-9999 -9999 -9999 -9999 -9999 -9999 -9999 -9999 -9999 -9999 -9999 -9999 -9999 -9999 -9999 -9999 -9999 -9999 -9999 -9999 -9999 -9999 -9999 0E0 0E0 0E0 0E0 0E0 0E0 -9999 -9999 -9999 -9999 -9999 -9999 -9999 -9999 0E0 0E0 0E0 0E0 0E0 0E0 2.22138E-1 1.68775E-1 1.71551E-1 2.42413E-1 2.61854E-1 2.68649E-1 2.77796E-1 3.48688E-1 2.97605E-1 2.16447E-1 2.22907E-1 1.80814E-1 1.44524E-1 1.21629E-1 9.30079E-2 2.56662E-3 0E0 5.50926E-2 4.68657E-2 5.43088E-2 3.59884E-2 0E0 1.16214E-1 2.60947E-2 5.64637E-2 1.99529E-2 0E0 1.3175E-2
-9999 -9999 -9999 -9999 -9999 -9999 -9999 -9999 -9999 -9999 -9999 -9999 -9999 -9999 -9999 -9999 -9999 -9999 -9999 -9999 -9999 -9999 -9999 -9999 -9999 -9999 -9999 -9999 0E0 -9999 -9999 -9999 -9999 -9999 -9999 -9999 -9999 0E0 0E0 0E0 0E0 1.69712E-1 7.45227E-2 1.05961E-1 1.65454E-1 1.70833E-1 2.75962E-1 2.59639E-1 2.95057E-1 3.30277E-1 2.98636E-1 2.03609E-1 1.69915E-1 1.13898E-1 4.69103E-2 8.55967E-2 1.15492E-1 7.74354E-3 1.64926E-1 3.01038E-2 4.83186E-2 1.91805E-1 7.17938E-2 1.05197E-1 0E0 1.81259E-1 6.72648E-2 5.47259E-2 3.19385E-2 0E0 0E0
-9999 -9999 -9999 -9999 -9999 -9999 -9999 -9999 -9999 -9999 -9999 -9999 -9999 -9999 -9999 -9999 -9999 -9999 -9999 -9999 -9999 -9999 -9999 -9999 -9999 -9999 -9999 -9999 -9999 -9999 -9999 -9999 -9999 -9999 -9999 -9999 -9999 0E0 -9999 0E0 9.08499E-2 1.61231E-1 1.79704E-1 1.82032E-1 3.33999E-1 3.42099E-1 2.55106E-1 2.64812E-1 2.49359E-1 3.56484E-1 2.61178E-1 5.8725E-2 1.90934E-1 2.11588E-1 6.62929E-2 4.76196E-2 0E0 5.18269E-3 6.72164E-2 9.5502E-2 6.88743E-2 9.4452E-2 1.21476E-1 1.10312E-1 1.13265E-1 6.40188E-2 5.47583E-2 3.38044E-2 2.29383E-2 0E0 0E0
-9999 -9999 -9999 -9999 -9999 -9999 -9999 -9999 -9999 -9999 -9999 -9999 -9999 -9999 -9999 -9999 -9999 -9999 -9999 -9999 -9999 -9999 -9999 -9999 -9999 -9999 -9999 -9999 -9999 -9999 -9999 -9999 -9999 -9999 -9999 -9999 -9999 -9999 -9999 0E0 7.51908E-2 2.27766E-1 2.17167E-1 2.53304E-1 2.56184E-1 2.05636E-1 1.92806E-1 1.15415E-1 1.83648E-1 1.7107E-1 2.34299E-1 1.67219E-1 1.90883E-1 2.56128E-1 8.02778E-2 6.31075E-2 0E0 0E0 2.54825E-2 8.6935E-2 1.35741E-1 1.20312E-1 1.07797E-1 6.82132E-2 5.31974E-2 2.70074E-2 3.17348E-2 0E0 0E0 6.12776E-3 0E0
-9999 -9999 -9999 -9999 -9999 -9999 -9999 -9999 -9999 -9999 -9999 -9999 -9999 -9999 -9999 -9999 -9999 -9999 -9999 -9999 -9999 -9999 -9999 -9999 -9999 -9999 -9999 -9999 -9999 -9999 -9999 -9999 -9999 -9999 -9999 -9999 -9999 -9999 -9999 0E0 7.36555E-2 2.2463E-1 1.80085E-1 1.85521E-1 2.03037E-1 9.59496E-2 1.45854E-1 1.87195E-1 1.48241E-1 1.68281E-1 2.20352E-1 1.45903E-1 2.16637E-1 1.73049E-1 6.02272E-2 4.96903E-2 2.92653E-2 1.00224E-1 3.36477E-2 2.95972E-2 1.32536E-1 8.45553E-2 5.97043E-2 1.18768E-1 3.40556E-2 0E0 0E0 0E0 0E0 0E0 0E0
-9999 -9999 -9999 -9999 -9999 -9999 -9999 -9999 -9999 -9999 -9999 -9999 -9999 -9999 -9999 -9999 -9999 -9999 -9999 -9999 -9999 -9999 -9999 -9999 -9999 -9999 -9999 -9999 -9999 -9999 -9999 -9999 -9999 -9999 -9999 -9999 -9999 -9999 0E0 0E0 9.3402E-2 0E0 0E0 1.87695E-1 7.73784E-2 2.087E-1 1.61934E-1 1.70828E-1 1.74952E-1 1.92257E-1 1.85103E-1 2.06848E-1 1.68342E-1 1.68636E-1 3.69393E-2 0E0 3.54739E-2 1.25048E-1 8.67496E-2 3.48318E-2 2.57855E-2 1.57532E-2 8.80732E-3 6.05497E-2 1.03695E-2 0E0 0E0 0E0 0E0 0E0 0E0
-9999 -9999 -9999 -9999 -9999 -9999 -9999 -9999 -9999 -9999 -9999 -9999 -9999 -9999 -9999 -9999 -9999 -9999 -9999 -9999 -9999 -9999 -9999 -9999 -9999 -9999 -9999 -9999 -9999 -9999 -9999 -9999 -9999 -9999 -9999 -9999 -9999 -9999 0E0 0E0 0E0 6.96611E-2 1.00606E-1 1.17597E-1 1.81535E-1 1.69825E-1 5.36279E-2 1.64037E-1 1.88277E-1 2.73756E-1 2.26195E-1 2.04151E-1 2.04957E-1 1.40195E-1 9.61081E-2 8.40439E-2 1.01982E-1 8.41267E-2 2.56538E-2 2.85657E-2 3.26298E-2 2.6795E-2 0E0 7.63949E-2 3.28012E-2 0E0 0E0 0E0 0E0 0E0 0E0
-9999 -9999 -9999 -9999 -9999 -9999 -9999 -9999 -9999 -9999 -9999 -9999 -9999 -9999 -9999 -9999 -9999 -9999 -9999 -9999 -9999 -9999 -9999 -9999 -9999 -9999 -9999 -9999 -9999 -9999 -9999 -9999 -9999 -9999 0E0 -9999 -9999 0E0 0E0 1.56438E-1 3.22491E-1 1.47879E-1 1.84654E-1 0E0 2.09573E-1 1.97741E-1 1.32442E-1 1.81815E-1 2.04137E-1 2.29498E-1 1.77919E-1 1.98223E-1 2.384E-1 1.3554E-1 1.48162E-1 5.12947E-2 6.43423E-2 0E0 2.2271E-2 0E0 5.87564E-2 0E0 2.62665E-3 0E0 1.60619E-2 0E0 0E0 0E0 0E0 0E0 0E0
-9999 -9999 -9999 -9999 -9999 -9999 -9999 -9999 -9999 -9999 -9999 -9999 -9999 -9999 -9999 -9999 -9999 -9999 -9999 -9999 -9999 -9999 -9999 -9999 -9999 -9999 -9999 -9999 -9999 -9999 -9999 -9999 -9999 -9999 -9999 0E0 9.46229E-2 1.13092E-1 1.45452E-1 2.56703E-1 2.9314E-1 1.04342E-1 1.24029E-1 1.04384E-1 1.9421E-1 1.6865E-1 1.5127E-1 1.8789E-1 1.68309E-1 2.12307E-1 1.9658E-1 1.7348E-1 1.7775E-1 1.12051E-1 9.32164E-2 8.22871E-3 1.4879E-1 1.06237E-1 3.47278E-2 0E0 0E0 1.24164E-2 0E0 3.43101E-2 0E0 0E0 0E0 0E0 0E0 0E0 0E0
-9999 -9999 -9999 -9999 -9999 -9999 -9999 -9999 -9999 -9999 -9999 -9999 -9999 -9999 -9999 -9999 -9999 -9999 -9999 -9999 -9999 -9999 -9999 -9999 -9999 -9999 -9999 -9999 -9999 -9999 -9999 -9999 -9999 -9999 -9999 -9999 1.3756E-1 2.58478E-1 1.69049E-1 0E0 0E0 0E0 0E0 0E0 1.44009E-1 1.65448E-1 2.05638E-1 2.54875E-1 2.53819E-1 1.99548E-1 1.67295E-1 1.57649E-1 1.30853E-1 1.54501E-1 2.08137E-1 7.44147E-2 7.66786E-2 3.85326E-2 5.23942E-2 0E0 0E0 0E0 1.69025E-2 1.52512E-2 0E0 0E0 0E0 0E0 0E0 0E0 0E0
-9999 -9999 -9999 -9999 -9999 -9999 -9999 -9999 -9999 -9999 -9999 -9999 -9999 -9999 -9999 -9999 -9999 -9999 -9999 -9999 -9999 -9999 -9999 -9999 -9999 -9999 -9999 -9999 -9999 -9999 -9999 -9999 -9999 -9999 -9999 0E0 1.18342E-1 2.06084E-1 1.70588E-1 0E0 0E0 0E0 0E0 0E0 1.42661E-1 1.42569E-1 2.44173E-1 2.26271E-1 2.17206E-1 1.96175E-1 2.34457E-1 1.41216E-1 1.56651E-1 5.34212E-2 1.18973E-1 7.40601E-2 4.50476E-2 4.77877E-2 0E0 0E0 0E0 2.89079E-2 6.99753E-2 3.82219E-3 0E0 0E0 0E0 0E0 0E0 0E0 0E0
-9999 -9999 -9999 -9999 -9999 -9999 -9999 -9999 -9999 -9999 -9999 -9999 -9999 -9999 -9999 -9999 -9999 -9999 -9999 -9999 -9999 -9999 -9999 -9999 -9999 -9999 -9999 -9999 -9999 -9999 0E0 -9999 -9999 0E0 0E0 1.33469E-1 1.15466E-1 1.03811E-1 0E0 0E0 0E0 1.01103E-1 0E0 0E0 1.68913E-1 1.48586E-1 2.76863E-1 2.40705E-1 1.85571E-1 1.9063E-1 2.09071E-1 1.81568E-1 1.55901E-1 4.77317E-2 6.10891E-2 0E0 1.79123E-2 1.11821E-2 0E0 2.02718E-2 1.43248E-1 5.20354E-2 1.94635E-2 0E0 0E0 0E0 0E0 0E0 0E0 0E0 0E0
-9999 -9999 -9999 -9999 -9999 -9999 -9999 -9999 -9999 -9999 -9999 -9999 -9999 -9999 -9999 -9999 -9999 -9999 -9999 -9999 -9999 -9999 -9999 -9999 -9999 -9999 -9999 -9999 -9999 -9999 0E0 0E0 0E0 0E0 0E0 0E0 1.08891E-1 1.22456E-1 1.37248E-1 8.72154E-2 1.09416E-1 0E0 1.8019E-1 1.49012E-1 1.4552E-1 1.71445E-1 2.7683E-1 2.34511E-1 1.83612E-1 1.41496E-1 6.3008E-2 0E0 0E0 0E0 0E0 0E0 0E0 0E0 0E0 6.28558E-2 2.87549E-2 0E0 0E0 0E0 0E0 0E0 0E0 0E0 0E0 0E0 0E0
-9999 -9999 -9999 -9999 -9999 -9999 -9999 -9999 -9999 -9999 -9999 -9999 -9999 -9999 -9999 -9999 -9999 -9999 -9999 -9999 -9999 -9999 -9999 -9999 -9999 -9999 -9999 -9999 -9999 -9999 -9999 0E0 0E0 0E0 -9999 -9999 -9999 6.95858E-2 1.29714E-1 0E0 0E0 0E0 0E0 0E0 1.46975E-1 1.38752E-2 9.29837E-2 1.11454E-1 2.18436E-2 0E0 0E0 0E0 0E0 0E0 0E0 0E0 0E0 0E0 1.23875E-2 3.47454E-2 7.70807E-3 0E0 0E0 0E0 0E0 0E0 0E0 0E0 0E0 0E0 0E0
-9999 -9999 -9999 -9999 -9999 -9999 -9999 -9999 -9999 -9999 -9999 -9999 -9999 -9999 -9999 -9999 -9999 -9999 -9999 -9999 -9999 -9999 -9999 -9999 -9999 -9999 -9999 -9999 -9999 -9999 -9999 -9999 0E0 -9999 -9999 -9999 0E0 0E0 0E0 0E0 0E0 9.95643E-2 1.23416E-1 1.35594E-1 1.28652E-1 5.85323E-2 2.39521E-3 5.73953E-2 3.86084E-2 8.60935E-2 6.55946E-2 0E0 0E0 0E0 0E0 0E0 2.72711E-2 8.78684E-2 1.00501E-1 4.37688E-2 0E0 0E0 0E0 0E0 0E0 0E0 0E0 0E0 0E0 0E0 0E0
-9999 -9999 -9999 -9999 -9999 -9999 -9999 -9999 -9999 -9999 -9999 -9999 -9999 -9999 -9999 -9999 -9999 -9999 -9999 -9999 -9999 -9999 -9999 -9999 -9999 -9999 -9999 -9999 -9999 -9999 -9999 -9999 -9999 -9999 -9999 0E0 0E0 1.97938E-2 5.41133E-2 7.86813E-2 9.90205E-2 2.49392E-1 1.46015E-1 1.4243E-1 1.51978E-1 1.3245E-1 1.07521E-1 9.35825E-2 7.33721E-2 0E0 0E0 0E0 0E0 0E0 0E0 7.62079E-2 3.41032E-2 0E0 0E0 2.04926E-2 0E0 0E0 0E0 0E0 0E0 0E0 0E0 0E0 0E0 0E0 0E0
-9999 -9999 -9999 -9999 -9999 -9999 -9999 -9999 -9999 -9999 -9999 -9999 -9999 -9999 -9999 -9999 -9999 -9999 -9999 -9999 -9999 -9999 -9999 -9999 -9999 -9999 -9999 -9999 -9999 -9999 -9999 -9999 -9999 -9999 -9999 -9999 -9999 6.37562E-3 9.43425E-2 1.77065E-1 1.3536E-1 2.04496E-1 2.45701E-1 3.22301E-1 2.79612E-1 1.05193E-1 8.54243E-2 1.43293E-1 6.039E-2 0E0 0E0 0E0 4.30773E-2 0E0 0E0 0E0 0E0 0E0 0E0 3.42549E-2 0E0 0E0 0E0 0E0 0E0 0E0 0E0 0E0 0E0 0E0 0E0
-9999 -9999 -9999 -9999 -9999 -9999 -9999 -9999 -9999 -9999 -9999 -9999 -9999 -9999 -9999 -9999 -9999 -9999 -9999 -9999 -9999 -9999 -9999 -9999 -9999 -9999 -9999 -9999 -9999 -9999 -9999 -9999 -9999 -9999 -9999 -9999 0E0 4.59044E-3 3.67907E-2 1.60045E-1 1.58952E-1 1.77925E-1 2.01326E-1 2.24754E-1 1.93425E-1 1.06291E-1 1.30421E-1 9.20448E-2 0E0 0E0 0E0 5.59023E-2 5.65399E-2 0E0 0E0 0E0 0E0 0E0 0E0 0E0 0E0 0E0 0E0 0E0 0E0 0E0 0E0 0E0 0E0 0E0 0E0
-9999 -9999 -9999 -9999 -9999 -9999 -9999 -9999 -9999 -9999 -9999 -9999 -9999 -9999 -9999 -9999 -9999 -9999 -9999 -9999 -9999 -9999 -9999 -9999 -9999 -9999 -9999 -9999 -9999 -9999 -9999 -9999 -9999 -9999 -9999 0E0 4.41319E-2 1.0412E-1 4.81617E-2 8.6347E-2 2.15627E-1 6.50661E-2 0E0 0E0 5.20178E-2 0E0 0E0 0E0 0E0 6.48994E-2 3.74232E-2 1.21632E-1 2.28469E-1 0E0 0E0 0E0 0E0 0E0 0E0 0E0 0E0 0E0 0E0 0E0 0E0 0E0 0E0 0E0 0E0 0E0 0E0
-9999 -9999 -9999 -9999 -9999 -9999 -9999 -9999 -9999 -9999 -9999 -9999 -9999 -9999 -9999 -9999 -9999 -9999 -9999 -9999 -9999 -9999 -9999 -9999 -9999 -9999 -9999 -9999 -9999 -9999 0E0 0E0 0E0 0E0 2.81286E-2 2.00185E-1 1.34827E-1 1.56619E-1 1.24431E-1 0E0 0E0 0E0 6.01717E-2 0E0 0E0 3.73879E-2 1.17171E-1 0E0 0E0 0E0 0E0 5.16717E-2 0E0 1.50444E-1 0E0 0E0 0E0 0E0 0E0 0E0 6.03549E-2 1.19361E-2 0E0 2.44659E-2 0E0 0E0 0E0 0E0 0E0 0E0 0E0
-9999 -9999 -9999 -9999 -9999 -9999 -9999 -9999 -9999 -9999 -9999 -9999 -9999 -9999 -9999 -9999 -9999 -9999 -9999 -9999 -9999 -9999 -9999 -9999 -9999 -9999 -9999 -9999 -9999 -9999 0E0 0E0 0E0 0E0 7.80674E-2 1.22625E-1 3.62325E-1 2.1713E-1 2.06559E-1 2.21699E-1 1.28884E-1 0E0 0E0 0E0 0E0 0E0 0E0 0E0 0E0 0E0 0E0 0E0 0E0 0E0 1.86388E-2 0E0 0E0 0E0 0E0 0E0 0E0 0E0 0E0 1.99497E-2 0E0 0E0 0E0 0E0 0E0 0E0 0E0
-9999 -9999 -9999 -9999 -9999 -9999 -9999 -9999 -9999 -9999 -9999 -9999 -9999 -9999 -9999 -9999 -9999 -9999 -9999 -9999 -9999 -9999 -9999 -9999 -9999 -9999 -9999 -9999 -9999 -9999 0E0 0E0 0E0 6.96807E-3 1.01767E-1 2.96591E-1 2.99363E-1 2.57976E-1 1.69847E-1 2.21486E-1 1.39891E-1 1.92502E-1 0E0 1.94933E-1 8.57978E-2 6.15072E-2 0E0 0E0 0E0 0E0 4.29167E-2 0E0 0E0 0E0 0E0 1.01178E-1 0E0 0E0 0E0 0E0 0E0 0E0 0E0 0E0 0E0 0E0 0E0 0E0 0E0 0E0 0E0
-9999 -9999 -9999 -9999 -9999 -9999 -9999 -9999 -9999 -9999 -9999 -9999 -9999 -9999 -9999 -9999 -9999 -9999 -9999 -9999 -9999 -9999 -9999 -9999 -9999 -9999 -9999 -9999 -9999 -9999 0E0 0E0 0E0 -9999 -9999 -9999 4.21326E-1 1.23311E-1 1.33575E-1 1.80396E-1 1.4202E-1 1.94587E-1 0E0 0E0 0E0 7.75013E-2 0E0 0E0 0E0 0E0 0E0 0E0 0E0 0E0 0E0 0E0 0E0 0E0 0E0 0E0 0E0 0E0 0E0 0E0 0E0 5.23274E-3 0E0 0E0 0E0 0E0 0E0
-9999 -9999 -9999 -9999 -9999 -9999 -9999 -9999 -9999 -9999 -9999 -9999 -9999 -9999 -9999 -9999 -9999 -9999 -9999 -9999 -9999 -9999 -9999 -9999 -9999 -9999 -9999 -9999 -9999 -9999 0E0 0E0 -9999 1.73817E-2 2.02629E-1 3.39551E-1 3.11627E-1 3.44437E-1 1.29406E-1 1.46571E-1 1.613E-1 0E0 0E0 2.0844E-1 1.70826E-1 0E0 0E0 0E0 0E0 0E0 0E0 0E0 0E0 0E0 0E0 0E0 0E0 0E0 0E0 0E0 0E0 0E0 7.13189E-3 0E0 0E0 0E0 0E0 0E0 0E0 0E0 0E0
-9999 -9999 -9999 -9999 -9999 -9999 -9999 -9999 -9999 -9999 -9999 -9999 -9999 -9999 -9999 -9999 -9999 -9999 -9999 -9999 -9999 -9999 -9999 -9999 -9999 -9999 -9999 0E0 0E0 0E0 -9999 -9999 -9999 3.11865E-2 1.32368E-1 2.3312E-1 2.6E-1 1.90593E-1 2.01894E-1 1.27922E-1 0E0 0E0 1.49668E-1 3.92736E-3 1.8485E-2 5.08119E-3 0E0 0E0 0E0 0E0 0E0 0E0 0E0 0E0 0E0 1.18913E-2 0E0 0E0 0E0 0E0 0E0 0E0 0E0 0E0 0E0 0E0 0E0 0E0 0E0 0E0 0E0
-9999 -9999 -9999 -9999 -9999 -9999 -9999 -9999 -9999 -9999 -9999 -9999 -9999 -9999 -9999 -9999 -9999 -9999 -9999 -9999 -9999 -9999 -9999 -9999 -9999 -9999 -9999 -9999 0E0 0E0 0E0 1.2701E-1 3.16304E-1 5.18904E-2 2.53913E-1 2.28248E-1 2.9413E-1 1.64873E-2 7.24208E-3 2.0084E-1 0E0 0E0 1.08879E-2 0E0 6.64233E-3 0E0 0E0 0E0 0E0 0E0 0E0 0E0 0E0 0E0 0E0 5.95187E-3 8.8786E-2 0E0 0E0 6.11577E-3 5.10871E-3 0E0 0E0 0E0 0E0 0E0 0E0 0E0 0E0 0E0 0E0
-9999 -9999 -9999 -9999 -9999 -9999 -9999 -9999 -9999 -9999 -9999 -9999 -9999 -9999 -9999 -9999 -9999 -9999 -9999 -9999 -9999 -9999 -9999 -9999 -9999 -9999 -9999 0E0 -9999 0E0 3.19032E-1 2.89234E-1 2.90043E-1 2.67734E-1 2.88471E-1 2.91795E-1 2.04322E-1 7.12266E-3 7.67801E-3 0E0 1.51046E-1 0E0 0E0 0E0 0E0 0E0 0E0 0E0 0E0 0E0 0E0 0E0 0E0 4.4668E-2 0E0 0E0 3.25513E-2 0E0 0E0 0E0 0E0 0E0 0E0 0E0 0E0 0E0 0E0 0E0 0E0 0E0 0E0
-9999 -9999 -9999 -9999 -9999 -9999 -9999 -9999 -9999 -9999 -9999 -9999 -9999 -9999 -9999 -9999 -9999 -9999 -9999 -9999 -9999 -9999 -9999 -9999 -9999 -9999 -9999 0E0 0E0 0E0 1.82367E-1 2.05469E-1 1.9348E-1 2.71484E-1 2.14736E-1 2.48578E-1 2.21546E-1 1.30165E-2 6.27683E-3 2.5097E-1 0E0 0E0 0E0 0E0 0E0 0E0 0E0 0E0 0E0 3.14587E-2 0E0 0E0 0E0 5.55997E-2 0E0 0E0 0E0 7.96895E-2 0E0 0E0 2.09513E-3 0E0 0E0 0E0 0E0 0E0 0E0 0E0 0E0 0E0 0E0
-9999 -9999 -9999 -9999 -9999 -9999 -9999 -9999 -9999 -9999 -9999 -9999 -9999 -9999 -9999 -9999 -9999 -9999 -9999 -9999 -9999 -9999 -9999 -9999 -9999 -9999 -9999 0E0 0E0 9.71868E-2 3.41155E-1 2.45262E-1 2.65112E-1 2.41662E-1 2.15174E-1 2.11023E-1 2.29833E-1 2.82967E-1 2.62712E-1 2.73515E-1 3.12669E-1 1.9487E-1 1.32615E-1 0E0 0E0 0E0 0E0 0E0 0E0 0E0 0E0 0E0 0E0 4.59374E-2 1.93067E-2 0E0 0E0 0E0 2.51364E-2 2.07866E-2 8.49332E-2 5.75534E-3 0E0 0E0 0E0 0E0 0E0 0E0 0E0 0E0 0E0
