ENM/Final_Models/M_1_F_q_Set_1_EC/Gustavia_santanderiensis_0_Choco_clamping.asc
ncols         367
nrows         963
xllcorner     -78.6
yllcorner     0.65
cellsize      0.00833333333333323
NODATA_value  -9999
[rows 800 to 831 of 963, columns 0 to 70 of 367]
-9999 -9999 0E0 0E0 0E0 0E0 0E0 0E0 0E0 0E0 0E0 0E0 0E0 0E0 0E0 0E0 0E0 0E0 0E0 0E0 0E0 0E0 4.42621E-3 1.23098E-2 0E0 0E0 0E0 4.01455E-2 1.42527E-2 4.24643E-2 7.85708E-2 1.26968E-1 7.08353E-2 8.92148E-2 7.80295E-2 9.34733E-2 1.00133E-1 1.15207E-1 1.23012E-1 1.54384E-2 1.13581E-1 1.3624E-1 1.30871E-1 1.36861E-1 8.61409E-2 1.74475E-1 2.30823E-1 1.64097E-1 1.75434E-1 1.77789E-1 1.28725E-1 2.60346E-1 2.22543E-1 3.71582E-1 2.35296E-1 1.87381E-1 2.59564E-1 2.89199E-1 3.0023E-1 4.48691E-1 3.82241E-1 4.07674E-1 5.21228E-1 4.69074E-1 4.0734E-1 4.80948E-1 4.58776E-1 4.36671E-1 4.49905E-1 2.89814E-1 3.37535E-1
-9999 -9999 -9999 0E0 0E0 0E0 0E0 0E0 0E0 0E0 0E0 0E0 0E0 0E0 0E0 0E0 0E0 0E0 0E0 0E0 0E0 0E0 0E0 1.03336E-2 0E0 0E0 0E0 0E0 5.51952E-2 6.68749E-2 2.13628E-2 1.13126E-1 1.14059E-1 2.6298E-2 7.90588E-2 8.95593E-2 7.37877E-2 3.5076E-2 3.83028E-2 4.24838E-2 1.18916E-1 1.10253E-1 1.50106E-1 1.38739E-1 1.54668E-1 9.62548E-2 2.26712E-1 1.79397E-1 1.3116E-1 2.28019E-1 1.81075E-1 1.7918E-1 2.8755E-1 2.89365E-1 2.18799E-1 2.54892E-1 3.31542E-1 3.11937E-1 3.60958E-1 4.55025E-1 4.26009E-1 4.14148E-1 4.25261E-1 3.94263E-1 4.10391E-1 5.21475E-1 4.82232E-1 3.45652E-1 2.68442E-1 2.67209E-1 3.67571E-1
-9999 -9999 -9999 0E0 0E0 0E0 0E0 0E0 0E0 0E0 0E0 0E0 0E0 0E0 0E0 0E0 0E0 0E0 0E0 0E0 0E0 0E0 0E0 0E0 0E0 0E0 0E0 0E0 8.34912E-2 7.67606E-2 9.0892E-2 1.05421E-1 8.93545E-2 7.12653E-2 5.74143E-2 9.60982E-2 8.77026E-2 6.79069E-2 8.92891E-2 1.07993E-1 1.73759E-1 1.87436E-1 1.78093E-1 1.63731E-1 1.81551E-1 1.35417E-1 1.71167E-1 1.72865E-1 1.71878E-1 1.71956E-1 2.06478E-1 1.9262E-1 1.79568E-1 2.53505E-1 2.78851E-1 2.67359E-1 2.90596E-1 2.73923E-1 2.83803E-1 3.21225E-1 3.0776E-1 3.87983E-1 2.88216E-1 4.05049E-1 3.99078E-1 4.06273E-1 3.38413E-1 4.14453E-1 4.9634E-1 4.08636E-1 3.85662E-1
-9999 -9999 -9999 0E0 0E0 0E0 0E0 0E0 0E0 0E0 0E0 0E0 0E0 0E0 0E0 0E0 0E0 0E0 0E0 0E0 0E0 0E0 0E0 0E0 0E0 0E0 0E0 0E0 0E0 0E0 7.19502E-2 8.81661E-2 9.35261E-2 2.56892E-2 8.60093E-2 9.69463E-2 1.17386E-1 1.27778E-1 1.44421E-1 1.80283E-1 1.23553E-1 1.34921E-1 1.79385E-1 1.09055E-1 1.11676E-1 1.19411E-1 8.93411E-2 2.00509E-1 2.01265E-1 1.76322E-1 1.96828E-1 2.3617E-1 2.19674E-1 2.76223E-1 2.56281E-1 2.40756E-1 2.6713E-1 2.54235E-1 2.67016E-1 3.28307E-1 3.21167E-1 3.76746E-1 2.99545E-1 4.53834E-1 3.62911E-1 3.78659E-1 4.06173E-1 4.53028E-1 4.1783E-1 5.47584E-1 4.87401E-1
-9999 -9999 -9999 0E0 0E0 0E0 0E0 0E0 0E0 0E0 0E0 0E0 0E0 0E0 0E0 0E0 0E0 0E0 0E0 0E0 0E0 0E0 0E0 0E0 0E0 0E0 0E0 0E0 0E0 0E0 5.62864E-2 5.73468E-2 2.19052E-2 0E0 2.926E-2 3.75971E-2 1.45614E-1 1.35776E-1 1.80999E-1 1.70002E-1 1.76377E-1 2.05418E-1 9.56631E-2 1.0782E-1 1.12926E-1 9.59341E-2 1.57354E-1 2.61025E-1 2.68067E-1 1.87201E-1 2.11687E-1 2.32925E-1 2.65701E-1 2.90294E-1 3.1583E-1 2.38846E-1 2.584E-1 2.88478E-1 2.86107E-1 2.81209E-1 3.41924E-1 3.52833E-1 2.94828E-1 3.34344E-1 4.18021E-1 4.10523E-1 4.12169E-1 3.80174E-1 4.50861E-1 5.007E-1 5.20051E-1
-9999 -9999 0E0 0E0 0E0 0E0 0E0 0E0 0E0 0E0 0E0 0E0 0E0 0E0 0E0 0E0 0E0 0E0 0E0 0E0 0E0 0E0 0E0 0E0 0E0 0E0 0E0 0E0 4.69128E-2 6.32619E-2 6.11569E-2 6.01921E-2 1.98883E-2 2.99318E-2 3.58273E-2 5.10287E-2 1.22434E-1 1.52107E-1 1.65612E-1 1.53593E-1 1.79543E-1 1.9165E-1 1.91651E-1 1.19318E-1 1.0164E-1 1.13744E-1 1.73384E-1 1.98436E-1 2.15227E-1 1.47414E-1 2.49474E-1 2.22043E-1 3.02123E-1 2.85652E-1 2.37406E-1 2.99874E-1 2.78492E-1 2.17958E-1 2.91945E-1 2.08281E-1 2.78825E-1 2.43093E-1 2.89195E-1 2.75049E-1 3.70957E-1 3.69548E-1 4.3298E-1 4.1646E-1 4.13131E-1 4.76851E-1 4.82969E-1
-9999 -9999 0E0 0E0 0E0 0E0 0E0 0E0 0E0 0E0 0E0 0E0 0E0 0E0 0E0 0E0 0E0 0E0 0E0 0E0 0E0 0E0 0E0 0E0 0E0 0E0 0E0 0E0 0E0 0E0 7.06564E-3 6.99602E-2 7.78781E-2 7.70851E-2 6.072E-2 6.352E-2 1.34857E-1 1.66842E-1 1.82779E-1 1.62784E-1 1.56635E-1 1.42799E-1 1.9594E-1 1.56143E-1 1.65233E-1 1.90015E-1 2.24619E-1 2.11741E-1 2.1451E-1 1.59073E-1 2.41827E-1 2.63496E-1 2.82159E-1 3.17224E-1 3.21555E-1 3.22232E-1 2.8524E-1 3.54476E-1 3.51197E-1 2.71636E-1 2.53483E-1 1.84789E-1 4.01089E-1 5.1266E-1 4.42914E-1 4.74491E-1 3.11782E-1 2.88359E-1 3.70594E-1 3.93701E-1 4.20171E-1
-9999 -9999 0E0 0E0 0E0 0E0 0E0 0E0 0E0 0E0 0E0 0E0 0E0 0E0 0E0 0E0 0E0 0E0 0E0 0E0 0E0 0E0 0E0 0E0 0E0 0E0 0E0 0E0 3.87864E-2 5.02781E-2 7.00911E-3 6.9623E-2 8.39927E-2 9.07536E-2 8.98678E-2 1.15472E-1 1.32361E-1 6.30562E-2 4.79297E-2 4.40953E-2 1.05219E-1 1.1692E-1 1.39091E-1 2.27943E-1 1.99458E-1 2.69687E-1 2.56061E-1 2.76034E-1 2.29952E-1 2.7096E-1 2.0041E-1 2.15291E-1 2.17164E-1 4.4717E-1 4.01013E-1 4.59936E-1 3.78566E-1 2.9393E-1 3.63484E-1 2.27614E-1 2.47794E-1 2.66711E-1 4.36527E-1 3.72648E-1 4.64833E-1 5.48861E-1 3.12119E-1 3.81945E-1 2.7284E-1 2.71373E-1 3.69711E-1
-9999 -9999 0E0 0E0 0E0 0E0 0E0 0E0 0E0 0E0 0E0 0E0 0E0 0E0 0E0 0E0 0E0 0E0 0E0 0E0 0E0 0E0 0E0 0E0 0E0 0E0 0E0 8.39571E-3 3.8709E-2 9.64078E-2 1.15502E-1 9.53354E-2 7.40045E-2 1.05457E-1 1.27897E-1 1.26918E-1 8.87541E-2 5.91373E-2 7.52047E-2 1.36835E-1 1.66361E-1 1.1853E-1 1.15979E-1 1.56175E-1 1.94084E-1 2.46123E-1 2.99287E-1 3.27849E-1 3.00446E-1 2.19039E-1 2.61747E-1 2.53809E-1 2.78971E-1 2.72231E-1 2.28226E-1 3.30658E-1 3.65437E-1 3.10144E-1 3.23506E-1 3.71279E-1 3.7392E-1 3.31252E-1 4.73082E-1 4.16526E-1 4.65095E-1 4.58965E-1 4.6731E-1 4.40992E-1 4.54636E-1 2.89735E-1 2.63834E-1
-9999 -9999 0E0 0E0 0E0 0E0 0E0 0E0 0E0 0E0 0E0 0E0 0E0 0E0 0E0 0E0 0E0 0E0 0E0 0E0 0E0 0E0 0E0 0E0 0E0 0E0 0E0 8.93901E-3 8.97553E-2 1.03045E-1 1.01593E-1 7.09152E-2 7.69233E-2 5.52483E-2 5.13552E-2 5.91794E-2 8.84892E-2 5.98772E-2 8.29591E-2 9.57535E-2 5.72217E-2 7.55878E-2 1.11232E-1 1.38076E-1 2.09074E-1 2.83534E-1 3.10303E-1 3.68985E-1 3.55194E-1 2.39592E-1 3.17579E-1 3.67381E-1 3.00963E-1 2.56408E-1 3.32607E-1 3.20183E-1 2.94146E-1 2.73644E-1 3.71972E-1 3.41702E-1 3.67033E-1 2.99226E-1 3.78412E-1 4.88337E-1 3.7059E-1 4.12535E-1 4.15021E-1 4.41428E-1 4.02352E-1 4.11407E-1 1.83566E-1
-9999 -9999 -9999 0E0 0E0 0E0 0E0 0E0 0E0 0E0 0E0 0E0 0E0 0E0 0E0 0E0 0E0 0E0 0E0 0E0 0E0 0E0 0E0 0E0 0E0 0E0 0E0 8.85729E-3 1.95223E-2 2.6705E-2 5.88954E-2 7.61295E-2 2.08385E-2 7.80657E-2 5.37663E-2 6.92707E-2 2.90708E-2 6.39289E-2 7.51778E-2 5.38346E-2 3.49708E-2 7.61398E-2 8.58463E-2 9.56995E-2 2.00641E-1 2.18851E-1 2.93037E-1 3.98338E-1 4.00114E-1 3.10076E-1 2.57749E-1 3.84434E-1 4.1842E-1 4.45404E-1 3.13044E-1 3.67309E-1 2.99682E-1 3.44848E-1 3.17546E-1 4.23001E-1 4.3523E-1 3.57757E-1 3.30117E-1 4.8542E-1 4.75349E-1 3.98838E-1 4.12931E-1 4.94198E-1 3.78795E-1 1.76412E-1 1.13205E-1
-9999 -9999 -9999 -9999 -9999 -9999 -9999 0E0 0E0 0E0 0E0 0E0 0E0 0E0 0E0 0E0 0E0 0E0 0E0 0E0 0E0 0E0 0E0 2.66873E-2 0E0 5.58334E-2 0E0 8.08911E-2 4.41414E-2 5.81128E-2 5.6166E-2 1.16226E-1 6.64723E-2 5.79862E-2 5.08901E-2 6.34043E-2 7.57139E-2 6.27021E-2 7.6509E-2 1.05263E-1 6.99015E-2 7.86651E-2 8.73753E-2 1.33737E-1 2.73935E-1 2.2471E-1 2.57763E-1 3.67002E-1 3.75557E-1 3.25523E-1 3.02956E-1 3.23709E-1 3.25204E-1 2.20404E-1 3.31591E-1 3.59389E-1 3.68664E-1 3.99492E-1 3.45385E-1 5.14952E-1 4.97011E-1 3.19193E-1 2.94126E-1 4.85705E-1 4.92267E-1 3.62096E-1 2.6868E-1 2.53758E-1 1.49814E-1 3.34185E-1 1.40191E-1
-9999 -9999 -9999 -9999 -9999 -9999 -9999 -9999 0E0 0E0 0E0 0E0 0E0 0E0 0E0 0E0 0E0 0E0 0E0 0E0 0E0 0E0 0E0 0E0 3.66867E-2 4.25588E-3 5.96459E-2 7.29781E-2 8.4633E-2 8.97367E-2 9.30716E-2 1.03539E-1 1.20857E-1 1.24063E-1 2.13356E-2 3.06269E-2 4.12199E-2 1.03913E-1 1.29446E-1 1.40146E-1 1.65104E-1 1.73309E-1 1.20186E-1 2.29801E-1 2.376E-1 2.4756E-1 3.00239E-1 3.59791E-1 3.20323E-1 2.65682E-1 3.24238E-1 2.86218E-1 2.21721E-1 2.97436E-1 2.95747E-1 3.57903E-1 3.78342E-1 3.77693E-1 2.78416E-1 3.57652E-1 4.89594E-1 4.27138E-1 3.71854E-1 5.40314E-1 3.83393E-1 2.90593E-1 3.01503E-1 2.71443E-1 3.15854E-1 2.07006E-1 3.57928E-1
-9999 -9999 -9999 -9999 -9999 -9999 -9999 -9999 0E0 0E0 0E0 0E0 0E0 0E0 0E0 0E0 0E0 0E0 0E0 0E0 0E0 4.20216E-3 1.70552E-2 0E0 0E0 5.47769E-2 7.29401E-2 9.18671E-2 9.91247E-2 8.70678E-2 9.16777E-2 9.82502E-2 6.04472E-2 6.76849E-2 3.01875E-2 4.41368E-2 4.39335E-2 8.51854E-2 1.47342E-1 1.61188E-1 1.68051E-1 1.82294E-1 1.56996E-1 2.13055E-1 2.65384E-1 2.50988E-1 3.24106E-1 3.60574E-1 3.72291E-1 3.82481E-1 4.54753E-1 3.17281E-1 3.1219E-1 2.52468E-1 2.98131E-1 2.9767E-1 2.87377E-1 4.2934E-1 5.05734E-1 4.5871E-1 4.54555E-1 5.25812E-1 4.13403E-1 3.08364E-1 5.60456E-1 5.62851E-1 4.25291E-1 4.0315E-1 5.15637E-1 5.24241E-1 5.20864E-1
-9999 -9999 -9999 -9999 -9999 -9999 -9999 -9999 0E0 0E0 0E0 0E0 0E0 0E0 0E0 0E0 0E0 0E0 0E0 0E0 0E0 0E0 0E0 0E0 0E0 0E0 5.34713E-2 8.14144E-2 7.98947E-2 9.67773E-2 8.8823E-2 1.20372E-1 1.06365E-1 6.5081E-2 8.1291E-2 1.59484E-1 9.95887E-2 1.18237E-1 1.26637E-1 1.51895E-1 1.49849E-1 1.35429E-1 1.43349E-1 1.93287E-1 1.17348E-1 2.34318E-1 2.786E-1 3.62417E-1 3.49701E-1 3.13707E-1 4.08542E-1 4.18627E-1 4.32872E-1 4.9344E-1 4.77171E-1 4.92108E-1 4.86538E-1 4.02197E-1 5.35452E-1 2.85787E-1 2.28245E-1 3.35361E-1 2.91549E-1 4.49411E-1 5.3983E-1 5.45378E-1 5.054E-1 4.44822E-1 4.36267E-1 3.91548E-1 2.33582E-1
-9999 -9999 -9999 -9999 -9999 -9999 -9999 -9999 0E0 0E0 0E0 0E0 0E0 0E0 0E0 0E0 0E0 0E0 0E0 0E0 0E0 0E0 0E0 0E0 0E0 0E0 0E0 7.1347E-2 9.91902E-2 1.08968E-1 1.21127E-1 1.61793E-1 1.32944E-1 1.46454E-1 1.49028E-1 1.71452E-1 1.77065E-1 2.08749E-1 1.91993E-1 1.56948E-1 1.80673E-1 1.82113E-1 2.16228E-1 1.5707E-1 3.03651E-1 2.46727E-1 3.26538E-1 2.94434E-1 3.49859E-1 3.46731E-1 4.26937E-1 3.86159E-1 4.90088E-1 3.28953E-1 5.16107E-1 3.5389E-1 4.96192E-1 5.30983E-1 3.08592E-1 3.04362E-1 3.68325E-1 4.11896E-1 3.69173E-1 2.98444E-1 3.00282E-1 4.4498E-1 4.22799E-1 3.74756E-1 2.86699E-1 2.36811E-1 2.23698E-1
-9999 -9999 -9999 -9999 -9999 -9999 -9999 -9999 0E0 0E0 0E0 0E0 0E0 0E0 0E0 0E0 0E0 0E0 0E0 0E0 0E0 0E0 0E0 0E0 0E0 0E0 0E0 1.26537E-2 6.95708E-2 1.01717E-1 1.09546E-1 1.24171E-1 1.4092E-1 1.17741E-1 1.41187E-1 1.39517E-1 1.40207E-1 2.29711E-1 2.47999E-1 1.76463E-1 2.59272E-1 2.76955E-1 2.26474E-1 2.1219E-1 2.94747E-1 2.41957E-1 3.29909E-1 2.54976E-1 2.61097E-1 3.05851E-1 3.39558E-1 3.46514E-1 3.63742E-1 4.32184E-1 3.23416E-1 4.11242E-1 4.44372E-1 4.0616E-1 2.44456E-1 4.09693E-1 3.21642E-1 3.52772E-1 3.74316E-1 3.94503E-1 3.2529E-1 4.94423E-1 3.63405E-1 3.4845E-1 3.36538E-1 2.99731E-1 2.57295E-1
-9999 -9999 -9999 -9999 -9999 -9999 -9999 0E0 0E0 0E0 0E0 0E0 0E0 0E0 0E0 0E0 0E0 0E0 0E0 0E0 0E0 0E0 0E0 0E0 0E0 0E0 3.56027E-3 1.71731E-2 6.4293E-2 7.08407E-2 1.04203E-1 9.80605E-2 1.29601E-1 9.13839E-2 1.3096E-1 1.79245E-1 1.90263E-1 2.34755E-1 2.48016E-1 1.97277E-1 2.21533E-1 2.33732E-1 2.38922E-1 3.1532E-1 3.6614E-1 2.99942E-1 3.42444E-1 2.50022E-1 2.3859E-1 2.79891E-1 3.592E-1 3.78626E-1 3.70446E-1 3.22536E-1 3.41346E-1 3.37908E-1 3.57826E-1 3.30262E-1 3.7512E-1 3.12813E-1 2.56879E-1 3.76524E-1 3.25547E-1 3.80585E-1 3.63037E-1 4.50603E-1 3.96206E-1 4.10851E-1 3.22383E-1 2.06878E-1 2.74791E-1
-9999 -9999 -9999 -9999 -9999 -9999 -9999 0E0 0E0 0E0 0E0 0E0 0E0 0E0 0E0 0E0 0E0 0E0 0E0 0E0 0E0 0E0 0E0 0E0 0E0 0E0 6.76523E-3 0E0 2.92701E-2 0E0 8.51047E-2 9.7501E-2 1.27503E-1 1.43715E-1 1.46097E-1 1.78258E-1 1.92394E-1 2.01714E-1 2.47248E-1 2.41994E-1 2.339E-1 2.32152E-1 2.78986E-1 3.92489E-1 3.92876E-1 3.41007E-1 2.80084E-1 2.90397E-1 3.36567E-1 2.87241E-1 3.21662E-1 4.01266E-1 4.57361E-1 4.70855E-1 3.10747E-1 2.3288E-1 2.27296E-1 3.47667E-1 3.40006E-1 2.9509E-1 3.43168E-1 3.35099E-1 2.93946E-1 3.45049E-1 3.4668E-1 4.17138E-1 4.41086E-1 4.52453E-1 3.77919E-1 2.67845E-1 3.91526E-1
-9999 -9999 -9999 -9999 -9999 -9999 -9999 0E0 0E0 0E0 0E0 0E0 0E0 0E0 0E0 0E0 0E0 0E0 0E0 0E0 0E0 0E0 0E0 0E0 0E0 0E0 6.01563E-2 1.79846E-2 2.9615E-2 4.06205E-2 5.55209E-2 1.15539E-1 9.7812E-2 1.33707E-1 9.4366E-2 1.85996E-1 1.53846E-1 1.87485E-1 2.10925E-1 2.1761E-1 2.41417E-1 2.2945E-1 3.08696E-1 3.92341E-1 3.3593E-1 3.82909E-1 2.82822E-1 3.96279E-1 4.65505E-1 4.26906E-1 4.80423E-1 3.58891E-1 2.46106E-1 2.50523E-1 3.78816E-1 2.58146E-1 2.2712E-1 2.72327E-1 1.87896E-1 3.33456E-1 2.96238E-1 2.97612E-1 3.47961E-1 2.69988E-1 4.43896E-1 3.52758E-1 4.14887E-1 4.17647E-1 3.86914E-1 4.08502E-1 4.05198E-1
-9999 -9999 -9999 -9999 -9999 -9999 -9999 0E0 0E0 0E0 0E0 0E0 0E0 0E0 0E0 0E0 0E0 0E0 0E0 0E0 0E0 0E0 0E0 0E0 0E0 0E0 4.81544E-2 1.6782E-2 6.73207E-2 4.31833E-2 1.03399E-1 1.14915E-1 1.06E-1 8.84995E-2 4.86057E-2 1.70211E-1 1.6116E-1 1.80255E-1 2.58314E-1 2.14962E-1 2.9932E-1 2.56543E-1 2.41673E-1 3.1198E-1 3.74455E-1 4.22375E-1 3.63906E-1 4.11577E-1 3.09324E-1 3.41816E-1 3.65008E-1 3.10513E-1 2.03582E-1 2.93956E-1 3.33076E-1 2.67566E-1 2.75182E-1 3.02309E-1 2.26046E-1 2.61332E-1 3.40498E-1 3.11269E-1 3.13176E-1 3.62947E-1 4.69363E-1 2.84663E-1 3.98282E-1 4.00099E-1 4.28333E-1 4.31935E-1 4.85175E-1
-9999 -9999 -9999 -9999 -9999 -9999 0E0 0E0 0E0 0E0 0E0 0E0 0E0 0E0 0E0 0E0 0E0 0E0 0E0 0E0 0E0 0E0 0E0 0E0 0E0 0E0 0E0 0E0 2.48596E-2 8.55882E-2 1.00456E-1 1.30797E-1 1.01058E-1 8.76828E-2 1.42795E-1 1.71581E-1 1.72083E-1 1.8133E-1 2.53076E-1 2.5319E-1 3.08464E-1 2.65695E-1 2.97629E-1 3.82503E-1 3.26174E-1 4.2149E-1 3.97187E-1 3.98965E-1 4.70111E-1 4.28452E-1 4.69679E-1 3.56596E-1 3.73361E-1 2.84786E-1 3.92032E-1 2.33854E-1 2.35385E-1 1.41676E-1 1.54735E-1 2.21768E-1 2.92044E-1 2.76738E-1 3.58527E-1 3.47921E-1 2.79974E-1 2.58802E-1 4.01711E-1 3.81468E-1 3.8586E-1 4.9835E-1 4.02289E-1
-9999 -9999 -9999 -9999 -9999 -9999 0E0 0E0 0E0 0E0 0E0 0E0 0E0 0E0 0E0 0E0 0E0 0E0 0E0 0E0 0E0 0E0 0E0 0E0 0E0 0E0 0E0 0E0 2.65663E-2 4.37835E-2 8.94589E-2 1.2437E-1 1.32832E-1 1.34426E-1 1.56438E-1 1.4043E-1 1.70393E-1 2.14634E-1 2.36078E-1 2.06011E-1 2.79654E-1 3.07587E-1 3.56792E-1 3.8691E-1 3.84411E-1 3.00856E-1 4.4149E-1 4.60029E-1 4.45786E-1 4.21667E-1 4.63412E-1 4.81336E-1 3.83193E-1 3.76848E-1 4.53955E-1 3.88683E-1 1.94867E-1 2.13964E-1 1.51709E-1 2.46229E-1 3.30664E-1 1.46473E-1 2.87526E-1 3.47038E-1 3.14987E-1 2.5211E-1 3.99653E-1 5.01533E-1 5.02392E-1 4.30803E-1 3.32123E-1
-9999 -9999 -9999 -9999 -9999 -9999 0E0 0E0 0E0 0E0 0E0 0E0 0E0 0E0 0E0 0E0 0E0 0E0 0E0 0E0 0E0 0E0 0E0 0E0 0E0 0E0 0E0 0E0 2.83321E-2 4.16401E-2 8.67435E-2 1.21821E-1 1.42701E-1 1.19103E-1 1.9147E-1 2.15212E-1 2.25191E-1 2.32842E-1 2.72775E-1 2.0268E-1 2.64487E-1 2.97196E-1 4.14049E-1 3.93896E-1 4.0613E-1 2.95878E-1 3.2998E-1 4.02035E-1 3.99002E-1 4.48547E-1 4.35763E-1 4.5671E-1 4.1784E-1 4.3071E-1 4.29894E-1 4.65568E-1 2.88105E-1 3.15759E-1 3.25585E-1 2.38508E-1 1.79173E-1 1.75995E-1 2.92566E-1 4.07024E-1 3.45898E-1 2.76254E-1 3.94034E-1 4.94656E-1 5.48525E-1 5.17814E-1 3.85841E-1
-9999 -9999 -9999 -9999 -9999 -9999 -9999 -9999 0E0 0E0 0E0 0E0 0E0 0E0 0E0 0E0 0E0 0E0 0E0 0E0 0E0 0E0 0E0 0E0 0E0 0E0 0E0 1.71198E-2 3.10574E-2 6.77051E-2 8.08894E-2 1.25129E-1 1.26094E-1 1.75031E-1 1.67616E-1 2.16971E-1 2.3755E-1 2.70484E-1 2.28631E-1 2.21185E-1 3.07565E-1 3.35373E-1 3.76895E-1 3.23579E-1 3.39821E-1 4.34354E-1 4.02045E-1 4.47221E-1 4.29643E-1 3.93099E-1 3.95709E-1 4.58506E-1 5.3268E-1 5.07241E-1 4.22404E-1 3.91417E-1 3.96212E-1 2.87111E-1 3.36505E-1 2.71356E-1 2.42258E-1 2.53792E-1 2.79258E-1 2.71086E-1 2.72284E-1 3.71245E-1 3.88693E-1 4.50478E-1 5.17247E-1 5.37589E-1 5.10112E-1
-9999 -9999 -9999 -9999 -9999 0E0 0E0 0E0 0E0 0E0 0E0 0E0 0E0 0E0 0E0 0E0 0E0 0E0 0E0 0E0 0E0 0E0 0E0 0E0 0E0 0E0 0E0 1.79534E-2 3.16299E-2 4.28337E-2 5.49943E-2 1.06656E-1 1.16793E-1 1.3907E-1 2.04027E-1 1.90572E-1 2.41541E-1 2.33627E-1 1.83042E-1 3.1342E-1 3.30284E-1 3.24077E-1 3.73808E-1 3.34167E-1 2.86966E-1 3.98797E-1 3.53763E-1 3.05427E-1 3.38371E-1 3.7164E-1 4.36018E-1 3.56576E-1 3.72966E-1 4.71634E-1 4.69124E-1 4.63748E-1 2.70751E-1 3.5929E-1 3.33745E-1 3.50357E-1 2.33586E-1 2.92076E-1 2.93032E-1 3.10211E-1 3.77001E-1 4.23411E-1 4.0189E-1 3.97003E-1 4.74048E-1 5.13895E-1 5.25135E-1
-9999 -9999 -9999 -9999 -9999 0E0 0E0 0E0 0E0 0E0 0E0 0E0 0E0 0E0 0E0 0E0 0E0 0E0 0E0 0E0 0E0 0E0 0E0 0E0 0E0 0E0 4.34645E-3 0E0 0E0 0E0 8.73843E-3 6.94538E-2 7.69115E-2 1.4087E-1 1.83787E-1 1.50111E-1 1.84113E-1 2.75867E-1 2.29143E-1 2.43129E-1 2.4177E-1 2.36214E-1 2.43618E-1 3.00496E-1 3.88706E-1 3.97738E-1 3.93556E-1 3.55843E-1 2.35367E-1 3.4849E-1 3.51112E-1 4.01583E-1 4.19606E-1 3.95328E-1 4.27277E-1 4.32794E-1 3.1172E-1 4.16722E-1 3.34258E-1 3.78789E-1 4.05874E-1 3.85402E-1 3.50342E-1 3.50191E-1 4.06039E-1 4.80298E-1 3.78988E-1 4.20948E-1 4.05233E-1 5.2312E-1 4.4186E-1
-9999 -9999 -9999 -9999 -9999 0E0 0E0 0E0 0E0 0E0 0E0 0E0 0E0 0E0 0E0 0E0 0E0 0E0 0E0 0E0 0E0 0E0 0E0 4.11731E-3 1.57259E-2 0E0 0E0 0E0 3.10033E-2 1.79247E-2 3.62215E-2 2.24462E-2 8.19726E-2 1.43776E-1 1.63464E-1 1.77653E-1 1.89235E-1 2.81872E-1 2.6494E-1 2.71006E-1 2.85944E-1 3.57015E-1 3.66693E-1 3.25169E-1 3.48304E-1 3.45051E-1 3.45647E-1 3.15979E-1 2.55455E-1 3.54705E-1 4.0945E-1 3.80431E-1 3.67197E-1 3.80116E-1 4.37982E-1 3.41061E-1 3.25872E-1 4.31483E-1 2.82652E-1 3.47415E-1 3.93028E-1 4.1743E-1 3.69691E-1 4.94079E-1 4.90203E-1 4.75198E-1 4.95265E-1 3.4026E-1 3.16697E-1 3.99257E-1 3.5083E-1
-9999 -9999 -9999 -9999 -9999 0E0 0E0 0E0 0E0 0E0 0E0 0E0 0E0 0E0 0E0 0E0 0E0 0E0 0E0 0E0 0E0 0E0 0E0 0E0 0E0 0E0 4.09421E-3 1.76227E-2 2.91754E-2 4.54556E-2 6.31067E-2 7.83202E-2 1.09174E-1 1.48656E-1 1.60265E-1 1.99781E-1 2.63473E-1 2.28953E-1 2.35684E-1 2.97287E-1 3.28408E-1 3.48307E-1 4.05125E-1 3.27511E-1 3.59258E-1 4.07411E-1 3.67336E-1 3.24303E-1 3.29096E-1 3.75701E-1 4.19366E-1 3.8821E-1 3.16986E-1 4.24463E-1 4.90133E-1 4.93262E-1 4.64997E-1 4.26107E-1 3.40828E-1 3.71933E-1 3.40056E-1 4.02572E-1 3.29514E-1 4.47602E-1 4.54778E-1 4.49118E-1 4.1307E-1 4.0907E-1 4.33348E-1 4.53761E-1 4.43503E-1
-9999 -9999 -9999 -9999 -9999 0E0 0E0 0E0 0E0 0E0 0E0 0E0 0E0 0E0 0E0 0E0 0E0 0E0 0E0 0E0 0E0 0E0 0E0 0E0 0E0 0E0 0E0 1.78324E-2 0E0 4.44047E-2 6.13895E-2 7.34222E-2 1.30472E-1 1.55229E-1 1.62668E-1 2.41104E-1 2.02233E-1 2.32379E-1 2.77791E-1 3.0214E-1 3.34209E-1 2.90595E-1 3.24314E-1 4.08908E-1 3.679E-1 2.9612E-1 3.93543E-1 3.37025E-1 3.71955E-1 3.4786E-1 3.76627E-1 4.43092E-1 3.61163E-1 5.25596E-1 5.04362E-1 5.17584E-1 4.70237E-1 4.60377E-1 4.45219E-1 3.39937E-1 4.55038E-1 4.51335E-1 2.85022E-1 4.88052E-1 4.42503E-1 3.81129E-1 3.8689E-1 3.94041E-1 3.50382E-1 3.87103E-1 4.04131E-1
-9999 -9999 -9999 -9999 -9999 0E0 0E0 0E0 0E0 0E0 0E0 0E0 0E0 0E0 0E0 0E0 0E0 0E0 0E0 0E0 0E0 0E0 0E0 0E0 1.32408E-2 0E0 0E0 0E0 0E0 0E0 8.32868E-3 7.82616E-2 1.27061E-1 1.29644E-1 1.68492E-1 2.21524E-1 2.39951E-1 2.6121E-1 2.22472E-1 2.6726E-1 3.50852E-1 2.42581E-1 2.15358E-1 3.85338E-1 4.12366E-1 3.51251E-1 3.97138E-1 3.27556E-1 3.98033E-1 4.09162E-1 3.84189E-1 3.83552E-1 4.30592E-1 4.6603E-1 4.8984E-1 5.01549E-1 5.24756E-1 4.62443E-1 4.02256E-1 4.57169E-1 3.30176E-1 3.45315E-1 3.13477E-1 3.74446E-1 4.33882E-1 3.64625E-1 4.23993E-1 4.18542E-1 4.0557E-1 3.7583E-1 3.61589E-1
-9999 -9999 -9999 -9999 -9999 0E0 0E0 0E0 0E0 0E0 0E0 0E0 0E0 0E0 0E0 0E0 0E0 0E0 0E0 0E0 0E0 0E0 0E0 0E0 0E0 0E0 0E0 0E0 0E0 0E0 1.3326E-2 2.47004E-2 4.02283E-2 9.80864E-2 1.54414E-1 2.11306E-1 2.69109E-1 2.85666E-1 2.66317E-1 2.70368E-1 3.23011E-1 2.94869E-1 2.0054E-1 2.89968E-1 2.67537E-1 3.43012E-1 4.29197E-1 3.70466E-1 4.70257E-1 4.68013E-1 4.16966E-1 5.01308E-1 4.52165E-1 4.86096E-1 4.28531E-1 4.1317E-1 4.60683E-1 3.71893E-1 4.36046E-1 4.09149E-1 4.70193E-1 4.59562E-1 4.42725E-1 4.58708E-1 4.45346E-1 4.54695E-1 3.99654E-1 3.86129E-1 4.04759E-1 2.46594E-1 2.07618E-1
