ENM/Final_Models/M_2_F_q_Set_1_NE/Gustavia_santanderiensis_Choco_avg.asc
ncols         367
nrows         963
xllcorner     -78.6
yllcorner     0.65
cellsize      0.00833333333333323
NODATA_value  -9999
[rows 816 to 849 of 963, columns 78 to 155 of 367]
0E0 0E0 0E0 0E0 0E0 0E0 0E0 0E0 0E0 0E0 0E0 0E0 0E0 0E0 0E0 0E0 0E0 0E0 0E0 7.07894E-1 0E0 0E0 0E0 0E0 5.80892E-1 4.39566E-1 4.21751E-1 4.73534E-1 4.60198E-1 9.07254E-1 7.542E-1 6.77412E-1 9.04602E-1 8.81661E-1 6.07319E-1 2.69605E-1 -9999 -9999 -9999 -9999 8.70375E-1 9.15027E-1 6.38768E-1 -9999 -9999 -9999 -9999 4.13625E-1 4.93608E-1 1.76265E-1 1.53073E-1 2.16134E-1 8.78111E-2 6.92816E-2 6.03903E-2 1.47619E-1 1.45906E-1 2.00682E-1 9.42698E-2 3.45081E-2 2.13608E-2 7.30166E-2 3.44009E-2 2.36084E-2 1.85136E-2 5.76875E-3 7.22373E-3 5.46563E-3 5.76142E-3 4.37029E-3 9.38738E-4 5.41474E-4 2.49318E-4 1.03697E-4 1.13081E-3 8.50562E-3 1.44222E-2 1.33559E-2
0E0 0E0 0E0 0E0 0E0 0E0 0E0 0E0 0E0 0E0 0E0 0E0 0E0 0E0 0E0 0E0 0E0 0E0 0E0 0E0 0E0 0E0 0E0 0E0 5.07141E-1 3.88722E-1 0E0 7.75422E-1 5.40313E-1 8.93286E-1 8.53455E-1 8.91682E-1 9.53921E-1 9.10812E-1 5.34356E-1 3.24077E-1 -9999 -9999 -9999 -9999 -9999 8.51314E-1 -9999 -9999 -9999 -9999 -9999 -9999 4.04875E-1 1.46875E-1 1.76602E-1 3.65524E-1 1.70026E-1 2.3249E-1 3.24369E-1 4.10411E-1 3.61286E-1 3.75997E-2 3.50455E-2 4.31379E-2 2.25057E-2 2.00324E-2 1.29705E-2 8.22574E-3 6.37157E-3 1.9624E-3 4.68969E-3 2.17192E-3 1.59989E-3 2.58627E-3 2.41963E-4 1.48212E-4 4.15182E-5 4.97697E-5 9.3075E-4 2.28723E-2 -9999 -9999
0E0 0E0 0E0 0E0 0E0 0E0 0E0 0E0 0E0 0E0 0E0 0E0 0E0 0E0 0E0 0E0 0E0 0E0 0E0 0E0 0E0 0E0 0E0 0E0 0E0 0E0 4.54007E-1 6.23421E-1 0E0 8.50598E-1 7.88953E-1 8.10971E-1 7.7085E-1 7.11863E-1 5.51661E-1 4.86055E-1 -9999 -9999 -9999 -9999 -9999 -9999 -9999 -9999 -9999 -9999 -9999 -9999 5.20043E-1 6.82389E-1 4.58757E-1 5.92966E-1 2.23183E-1 7.64407E-2 2.98054E-1 1.88214E-1 1.72E-1 1.47904E-1 7.23969E-2 2.66251E-2 8.48896E-3 1.99307E-2 1.62921E-2 9.93225E-3 2.0377E-2 8.71309E-3 1.75211E-3 6.57673E-4 5.35711E-4 4.83246E-4 1.29994E-4 3.49713E-5 1.69738E-5 7.08823E-5 9.03421E-4 1.49472E-2 -9999 -9999
0E0 0E0 0E0 0E0 0E0 0E0 0E0 0E0 0E0 0E0 0E0 0E0 0E0 0E0 0E0 0E0 0E0 0E0 0E0 0E0 0E0 0E0 0E0 0E0 0E0 5.46785E-1 3.90186E-1 6.33557E-1 0E0 0E0 7.22595E-1 3.61028E-1 5.55406E-1 5.08348E-1 -9999 -9999 -9999 -9999 -9999 -9999 -9999 -9999 -9999 -9999 -9999 -9999 -9999 -9999 3.44171E-1 5.09794E-1 6.96842E-1 2.60673E-1 5.2462E-2 3.42854E-2 2.76614E-1 1.34666E-1 4.36663E-2 6.01908E-2 1.08546E-1 4.02287E-2 3.96068E-3 1.06798E-2 1.34949E-2 3.62117E-2 1.57521E-2 9.47937E-3 1.22746E-3 5.78375E-4 1.41985E-4 2.78469E-5 9.48943E-6 1.2654E-5 2.01009E-5 1.78042E-4 3.81672E-3 4.03249E-2 3.00213E-2 -9999
0E0 0E0 0E0 0E0 0E0 0E0 0E0 0E0 0E0 0E0 0E0 0E0 0E0 0E0 0E0 0E0 0E0 0E0 0E0 0E0 0E0 0E0 0E0 0E0 0E0 6.1827E-1 6.14668E-1 0E0 0E0 7.90308E-1 8.06669E-1 4.54883E-1 4.25431E-1 5.91775E-1 5.12624E-1 -9999 -9999 -9999 -9999 -9999 -9999 -9999 -9999 -9999 -9999 -9999 -9999 -9999 2.65432E-1 3.18814E-1 5.67498E-1 2.76174E-1 9.26212E-2 3.31072E-2 8.20733E-2 1.14813E-1 3.75787E-2 1.74111E-2 1.44443E-2 3.48837E-2 5.09695E-3 8.84039E-4 1.48852E-2 1.0299E-2 1.73765E-2 2.84359E-2 2.33657E-3 8.79228E-4 3.62939E-4 2.49057E-5 5.46579E-6 7.03109E-6 3.18359E-5 3.90739E-4 8.99469E-3 2.2607E-2 2.57747E-2 -9999
0E0 0E0 0E0 0E0 0E0 0E0 0E0 0E0 0E0 0E0 0E0 0E0 0E0 0E0 0E0 0E0 0E0 0E0 0E0 0E0 0E0 0E0 0E0 0E0 0E0 0E0 0E0 5.49797E-1 0E0 0E0 6.47066E-1 4.31018E-1 6.77516E-1 7.08155E-1 6.72211E-1 2.56769E-1 -9999 -9999 -9999 -9999 -9999 -9999 -9999 -9999 -9999 -9999 -9999 -9999 1.13535E-1 4.54317E-1 7.2629E-1 3.94891E-1 5.90764E-2 2.43545E-2 4.65252E-2 2.9715E-2 2.43552E-2 1.04877E-2 6.07729E-3 9.34619E-3 4.42784E-3 4.35315E-4 1.58686E-3 7.11302E-4 3.75126E-3 1.36401E-2 2.60361E-3 5.62645E-4 1.21328E-4 1.28487E-4 2.65219E-5 1.37556E-5 1.11467E-4 1.09496E-3 1.052E-2 4.56442E-2 6.13257E-2 -9999
0E0 0E0 0E0 0E0 0E0 0E0 0E0 0E0 0E0 0E0 0E0 0E0 0E0 0E0 0E0 0E0 0E0 0E0 0E0 0E0 0E0 0E0 0E0 0E0 0E0 6.06724E-1 5.54436E-1 5.18478E-1 0E0 6.68749E-1 6.18408E-1 0E0 6.8275E-1 7.39788E-1 6.89897E-1 4.24039E-1 4.88442E-1 -9999 -9999 -9999 -9999 -9999 -9999 -9999 -9999 -9999 -9999 -9999 1.34153E-1 3.32958E-1 5.6677E-1 6.13836E-1 2.08775E-1 1.03736E-1 3.83741E-2 2.03562E-2 1.9835E-2 1.03149E-2 4.87133E-3 1.33517E-3 1.3584E-3 1.19361E-3 9.41984E-4 2.20278E-4 1.32982E-3 8.57356E-3 3.50913E-3 9.62336E-4 8.70089E-4 1.86766E-4 4.76668E-5 1.84058E-5 8.94769E-5 4.51081E-4 1.5711E-2 4.79333E-2 -9999 -9999
0E0 0E0 0E0 0E0 0E0 0E0 0E0 0E0 0E0 0E0 0E0 0E0 0E0 0E0 0E0 0E0 0E0 0E0 0E0 0E0 0E0 0E0 0E0 0E0 0E0 4.80847E-1 4.21789E-1 4.96963E-1 6.21568E-1 6.19038E-1 6.32132E-1 0E0 6.14472E-1 7.0705E-1 6.89308E-1 6.1814E-1 4.92205E-1 -9999 -9999 -9999 -9999 -9999 -9999 -9999 -9999 -9999 -9999 -9999 6.6549E-2 3.31032E-1 3.3267E-1 2.82825E-1 2.48611E-1 2.57605E-1 1.30919E-1 4.8916E-2 2.86627E-2 2.2086E-2 2.20204E-2 1.53635E-2 5.693E-3 1.41941E-2 1.10526E-3 1.57823E-4 8.20011E-4 5.1857E-3 8.29456E-4 1.90315E-4 2.87117E-4 1.06268E-4 5.31186E-5 1.90561E-5 2.6431E-5 1.01926E-3 1.51679E-2 5.50566E-2 -9999 -9999
0E0 0E0 0E0 0E0 0E0 0E0 0E0 0E0 0E0 0E0 0E0 0E0 0E0 0E0 0E0 0E0 0E0 0E0 0E0 0E0 0E0 0E0 0E0 0E0 0E0 5.26471E-1 6.31329E-1 6.02034E-1 0E0 0E0 6.94306E-1 6.10614E-1 6.03191E-1 6.94449E-1 6.65389E-1 4.49965E-1 2.51923E-1 -9999 -9999 -9999 -9999 -9999 -9999 -9999 -9999 -9999 -9999 -9999 2.10435E-2 6.22184E-2 1.25608E-1 8.87822E-2 9.01831E-2 3.87462E-2 3.13036E-2 3.16161E-2 2.93377E-2 1.47979E-2 1.54238E-2 8.52845E-3 8.41413E-3 9.32829E-3 1.70329E-3 2.50312E-4 2.12414E-4 2.26461E-3 6.40479E-4 1.31761E-4 2.64517E-5 1.29054E-5 1.43451E-5 8.04714E-6 1.0866E-4 1.95569E-3 2.04599E-2 4.27608E-2 -9999 -9999
0E0 0E0 0E0 0E0 0E0 0E0 0E0 0E0 0E0 0E0 0E0 0E0 0E0 0E0 0E0 0E0 0E0 0E0 0E0 0E0 0E0 0E0 0E0 0E0 0E0 0E0 6.4163E-1 7.10277E-1 7.17433E-1 7.01416E-1 6.69226E-1 0E0 0E0 5.85623E-1 5.39504E-1 2.60267E-1 2.93225E-1 -9999 -9999 -9999 -9999 -9999 -9999 -9999 -9999 -9999 -9999 -9999 -9999 7.74481E-2 6.86139E-2 4.49409E-2 6.40628E-2 3.4874E-2 8.64726E-3 7.37006E-3 2.05082E-2 1.00064E-2 1.19893E-2 5.77244E-3 2.72527E-3 8.93969E-3 6.32309E-4 1.55826E-4 1.75985E-4 1.15668E-3 7.88885E-4 1.52212E-4 1.24329E-4 9.68067E-6 4.24253E-6 1.57856E-5 1.04817E-4 2.81765E-3 2.85092E-2 4.14471E-2 -9999 -9999
0E0 0E0 0E0 0E0 0E0 0E0 0E0 0E0 0E0 0E0 0E0 0E0 0E0 0E0 0E0 0E0 0E0 0E0 0E0 0E0 0E0 0E0 0E0 0E0 0E0 0E0 6.60231E-1 7.54677E-1 6.74303E-1 0E0 0E0 6.57926E-1 5.44677E-1 5.24755E-1 4.52693E-1 3.65566E-1 4.41996E-1 5.3688E-1 -9999 -9999 -9999 -9999 -9999 -9999 -9999 -9999 -9999 -9999 2.06022E-2 4.40605E-2 4.53537E-2 4.36262E-2 3.64564E-2 3.31785E-2 1.47795E-2 9.41367E-3 5.63003E-3 5.25578E-3 3.04784E-3 1.38088E-3 2.39867E-3 4.84493E-4 7.81919E-5 5.26102E-5 2.13326E-5 1.63568E-4 2.62165E-4 1.81642E-5 1.39434E-5 1.73423E-5 1.37955E-5 3.20618E-5 9.88791E-5 8.14917E-4 5.90309E-3 4.69284E-2 -9999 -9999
0E0 0E0 0E0 0E0 0E0 0E0 0E0 0E0 0E0 0E0 4.58892E-1 0E0 0E0 0E0 0E0 0E0 0E0 0E0 0E0 0E0 0E0 0E0 0E0 0E0 0E0 0E0 6.41694E-1 0E0 6.0166E-1 6.38419E-1 6.62404E-1 0E0 5.90199E-1 5.66764E-1 5.01338E-1 4.6068E-1 4.80752E-1 4.19742E-1 1.28696E-1 -9999 -9999 -9999 -9999 -9999 -9999 -9999 -9999 -9999 2.44703E-2 7.48533E-2 3.02091E-2 2.81164E-2 5.21837E-2 4.2085E-2 4.21908E-2 3.74974E-2 1.46814E-2 1.09179E-2 2.40286E-3 1.36873E-3 1.6779E-3 5.48606E-4 2.14117E-4 4.96774E-4 6.5735E-5 4.0061E-5 6.67892E-5 8.60307E-6 7.82805E-5 1.68951E-4 1.32641E-4 4.15662E-5 1.22689E-4 8.03555E-4 1.41219E-2 4.75157E-2 -9999 -9999
0E0 0E0 0E0 0E0 0E0 0E0 0E0 0E0 0E0 0E0 3.35066E-1 3.1009E-1 0E0 0E0 0E0 0E0 0E0 0E0 0E0 0E0 0E0 0E0 0E0 0E0 0E0 0E0 0E0 0E0 0E0 6.67679E-1 6.73413E-1 6.15602E-1 4.85687E-1 4.6384E-1 4.37237E-1 3.65878E-1 7.96161E-2 3.17454E-2 3.38403E-2 4.66053E-2 -9999 -9999 -9999 -9999 -9999 -9999 -9999 -9999 -9999 1.89435E-1 4.54712E-2 6.00472E-2 5.79278E-2 6.47227E-2 3.72827E-2 6.57873E-2 5.2951E-2 1.31251E-2 1.57622E-2 9.84979E-3 5.86232E-3 2.87468E-3 2.39607E-3 3.78385E-4 4.49161E-5 8.83276E-6 1.7333E-5 2.33933E-5 7.92671E-5 2.88438E-4 1.07695E-4 3.90327E-5 2.15491E-4 4.29414E-4 4.81172E-3 2.74944E-2 -9999 -9999
0E0 0E0 0E0 0E0 0E0 0E0 0E0 0E0 0E0 0E0 4.12767E-1 2.93566E-1 4.25095E-1 5.03788E-1 0E0 0E0 0E0 0E0 0E0 0E0 0E0 0E0 0E0 0E0 0E0 0E0 0E0 6.2056E-1 0E0 0E0 6.64466E-1 6.07106E-1 6.14218E-1 4.90012E-1 2.7614E-1 1.08005E-1 2.25558E-2 3.61773E-2 4.40221E-2 6.13067E-2 -9999 -9999 -9999 -9999 -9999 -9999 -9999 -9999 -9999 -9999 4.49753E-2 4.76988E-2 5.1788E-2 3.5386E-2 7.52529E-2 4.09849E-2 3.95583E-2 3.25294E-2 2.99565E-2 2.43923E-2 9.69774E-3 1.02089E-2 1.76042E-3 1.50193E-4 1.76919E-5 1.68088E-5 5.92138E-5 1.6388E-4 1.57184E-4 6.00342E-4 4.57337E-4 7.57004E-5 3.5122E-4 3.11918E-4 1.19731E-3 1.67824E-2 3.85957E-2 -9999
0E0 0E0 0E0 0E0 0E0 0E0 0E0 0E0 0E0 0E0 5.11674E-1 3.41648E-1 3.65158E-1 4.13802E-1 0E0 0E0 0E0 0E0 0E0 0E0 5.77599E-1 6.17826E-1 0E0 0E0 0E0 0E0 0E0 5.78623E-1 6.45083E-1 6.65941E-1 6.64483E-1 5.25869E-1 3.13017E-1 1.89341E-1 1.24933E-1 4.67673E-2 1.48609E-2 2.04248E-2 4.40139E-2 7.17944E-2 9.28341E-2 -9999 -9999 -9999 -9999 -9999 -9999 -9999 -9999 -9999 -9999 -9999 6.6735E-2 8.47284E-2 7.18856E-2 5.78292E-2 4.66458E-2 2.31354E-2 8.94945E-3 1.12797E-2 3.97771E-3 1.15974E-3 9.72326E-4 2.4421E-4 2.07922E-5 1.54327E-5 1.80766E-4 6.14158E-4 1.29941E-3 1.00705E-3 5.50057E-4 3.46828E-4 8.85428E-4 7.33581E-4 1.15574E-3 2.02461E-2 4.26368E-2 -9999
0E0 0E0 0E0 0E0 0E0 0E0 0E0 0E0 0E0 0E0 0E0 5.01213E-1 3.67786E-1 3.71116E-1 4.86419E-1 5.81308E-1 0E0 0E0 0E0 5.91283E-1 6.82912E-1 7.32062E-1 0E0 0E0 0E0 0E0 0E0 6.49248E-1 6.48907E-1 5.6363E-1 5.33601E-1 3.40189E-1 2.61065E-1 2.44328E-1 1.78452E-1 1.33316E-1 1.46026E-2 3.31582E-2 1.20328E-1 1.32704E-1 4.06285E-1 1.2581E-1 1.78685E-1 -9999 -9999 -9999 -9999 -9999 -9999 -9999 -9999 -9999 -9999 4.51546E-2 3.38105E-2 1.87947E-2 6.26994E-2 5.551E-2 3.17246E-2 2.66673E-2 1.30285E-2 2.08627E-3 1.05568E-3 2.88586E-4 1.34179E-4 3.97382E-5 3.0866E-5 1.8013E-4 1.26589E-3 2.69598E-3 1.44438E-3 1.01819E-3 3.93391E-3 1.33734E-3 2.30494E-3 2.99736E-2 5.35473E-2 -9999
0E0 0E0 0E0 0E0 0E0 0E0 0E0 0E0 0E0 0E0 0E0 0E0 4.71701E-1 4.47622E-1 4.92766E-1 4.47893E-1 0E0 0E0 0E0 0E0 0E0 0E0 0E0 0E0 0E0 0E0 6.59704E-1 6.1166E-1 4.96238E-1 3.97609E-1 2.79443E-1 2.61471E-1 2.78351E-1 2.31467E-1 1.49757E-1 9.90685E-2 2.86757E-2 8.67605E-2 4.36976E-1 4.92695E-1 5.44039E-1 1.28207E-1 6.39764E-2 9.59859E-2 -9999 -9999 -9999 -9999 -9999 -9999 -9999 -9999 -9999 -9999 1.80529E-2 4.38235E-3 1.37393E-2 2.54569E-2 1.88932E-2 2.05471E-2 2.49176E-2 1.13741E-2 3.84565E-3 2.02104E-3 7.69458E-4 5.91426E-5 1.80446E-5 2.17881E-4 8.7542E-4 3.97153E-3 9.59158E-3 1.20787E-2 7.02642E-3 1.16005E-3 2.77902E-3 3.38391E-2 5.02268E-2 -9999
0E0 0E0 0E0 0E0 0E0 0E0 0E0 0E0 0E0 0E0 0E0 0E0 0E0 5.97715E-1 4.86965E-1 4.50439E-1 5.96159E-1 0E0 0E0 0E0 0E0 0E0 0E0 0E0 0E0 0E0 6.58927E-1 5.61566E-1 4.48818E-1 2.81199E-1 1.44323E-1 1.7094E-1 2.08182E-1 1.91859E-1 1.19427E-1 8.52047E-2 1.63386E-1 3.37094E-1 5.04341E-1 4.12012E-1 1.87971E-1 5.80306E-2 9.71528E-3 2.36891E-2 1.43619E-1 -9999 -9999 -9999 -9999 -9999 -9999 -9999 -9999 -9999 3.00986E-2 3.82464E-3 1.40832E-3 1.7233E-2 7.86235E-3 9.04471E-3 1.26917E-2 7.66207E-3 1.64733E-3 9.95966E-4 2.66945E-4 7.95226E-5 8.44576E-6 3.09722E-5 3.00981E-4 6.41394E-4 7.97273E-3 2.58172E-2 1.04709E-2 1.24036E-3 3.94974E-3 3.49282E-2 6.11913E-2 -9999
0E0 0E0 0E0 0E0 0E0 0E0 0E0 0E0 4.58642E-1 5.31501E-1 0E0 0E0 0E0 4.6983E-1 3.37401E-1 3.93904E-1 6.23349E-1 0E0 0E0 0E0 0E0 0E0 0E0 0E0 0E0 6.1009E-1 4.89298E-1 4.27969E-1 3.70494E-1 3.1945E-1 1.90062E-1 1.12553E-1 1.57118E-1 9.93055E-2 5.60171E-2 7.72737E-2 2.0265E-1 2.41182E-1 2.73723E-1 6.63507E-2 2.7489E-3 4.54589E-3 8.29458E-3 7.70474E-3 2.4671E-2 3.39314E-2 -9999 -9999 -9999 -9999 -9999 -9999 -9999 -9999 -9999 6.46114E-3 1.39127E-3 1.21941E-2 6.01319E-3 7.08899E-3 4.79383E-3 1.09395E-2 1.13478E-3 1.14497E-4 4.27236E-5 1.19488E-5 1.95367E-5 1.9073E-4 6.22772E-4 6.47379E-4 1.0387E-3 1.5718E-2 8.0275E-3 7.89944E-3 2.04327E-2 4.00289E-2 1.12006E-1 -9999
0E0 0E0 0E0 0E0 0E0 0E0 0E0 0E0 4.63372E-1 4.01953E-1 4.50985E-1 0E0 0E0 4.67866E-1 4.26661E-1 4.83597E-1 6.27611E-1 0E0 0E0 0E0 0E0 0E0 0E0 0E0 6.34972E-1 4.77337E-1 4.47709E-1 3.44047E-1 2.6664E-1 2.61706E-1 2.48535E-1 1.07852E-1 6.80268E-2 8.48046E-2 3.57879E-2 4.45399E-2 7.04518E-2 5.18374E-2 1.61394E-1 1.05583E-2 6.13866E-4 2.75637E-3 4.74794E-4 1.07682E-3 2.78717E-3 1.43238E-2 3.42616E-2 -9999 -9999 -9999 -9999 -9999 -9999 -9999 -9999 2.36115E-2 6.0599E-3 6.62526E-3 1.76396E-3 3.28752E-3 1.49539E-3 2.1789E-3 1.62273E-3 9.69484E-5 1.7007E-5 6.78126E-6 2.86756E-5 4.62057E-4 1.68807E-3 3.04205E-3 3.38628E-3 1.94859E-2 2.04418E-2 1.26089E-2 4.73923E-2 9.59807E-2 -9999 -9999
0E0 0E0 0E0 0E0 0E0 0E0 0E0 0E0 4.89232E-1 4.29694E-1 4.12836E-1 5.02662E-1 0E0 0E0 0E0 5.53344E-1 6.40068E-1 0E0 0E0 0E0 0E0 0E0 0E0 0E0 6.94384E-1 5.98943E-1 4.45704E-1 3.03985E-1 2.15297E-1 1.70331E-1 1.27565E-1 1.57711E-2 1.90594E-2 4.66173E-2 6.29462E-3 5.57761E-3 1.12876E-2 2.82991E-2 5.87041E-2 1.25329E-3 2.16131E-4 2.74798E-4 4.52039E-5 1.11129E-4 5.9343E-4 1.26937E-3 6.13661E-3 2.33375E-2 3.75469E-2 -9999 -9999 -9999 -9999 -9999 -9999 7.15027E-2 2.3669E-2 2.08935E-2 4.035E-3 1.44731E-2 3.37372E-3 6.91968E-4 1.78909E-4 2.3761E-5 2.95696E-5 1.19752E-5 4.34189E-5 9.01573E-4 5.64568E-3 1.12831E-2 1.74749E-2 1.86842E-2 2.46144E-2 3.9353E-2 4.94569E-2 -9999 -9999 -9999
0E0 0E0 0E0 0E0 0E0 0E0 0E0 0E0 4.81241E-1 4.0666E-1 4.42846E-1 4.60964E-1 6.20354E-1 0E0 0E0 6.24107E-1 7.01764E-1 0E0 0E0 0E0 0E0 0E0 0E0 7.16059E-1 7.05019E-1 5.03047E-1 3.02263E-1 1.84305E-1 2.06488E-1 1.45673E-1 5.24834E-3 3.32552E-2 1.13491E-2 7.9318E-4 2.49634E-4 2.36018E-4 3.07906E-4 1.30977E-3 4.04931E-3 8.35094E-4 1.05215E-4 2.66466E-5 8.16777E-6 3.65308E-5 8.67214E-5 3.12239E-4 3.48559E-3 1.96314E-2 4.62282E-2 2.64515E-2 -9999 1.0347E-1 -9999 -9999 -9999 -9999 -9999 -9999 9.66834E-3 2.10565E-2 4.02191E-3 3.21678E-4 2.99075E-5 1.39374E-5 9.28734E-5 2.71076E-5 7.44592E-4 6.1525E-3 1.02788E-2 3.6038E-2 5.16422E-2 1.9521E-2 3.21903E-2 4.26545E-2 -9999 -9999 -9999 -9999
0E0 0E0 0E0 0E0 0E0 0E0 4.49863E-1 0E0 0E0 5.06287E-1 5.42308E-1 4.29635E-1 5.55221E-1 0E0 0E0 0E0 0E0 0E0 0E0 0E0 0E0 0E0 7.28484E-1 7.24418E-1 6.54764E-1 5.35451E-1 2.40021E-1 1.50732E-1 1.65535E-1 1.44237E-1 9.38742E-2 1.17862E-1 4.72044E-3 7.23631E-4 1.24292E-3 4.91119E-4 2.40565E-4 1.31611E-3 2.13012E-3 3.79845E-4 2.31316E-5 5.625E-6 6.42831E-6 2.29961E-5 4.34306E-5 2.55067E-4 2.00412E-3 1.62498E-2 3.19048E-2 7.8756E-2 5.96747E-2 3.45869E-1 -9999 -9999 -9999 -9999 -9999 -9999 5.61322E-3 8.3373E-3 1.00199E-3 2.17702E-4 6.74356E-5 1.54941E-5 1.21228E-4 4.88146E-4 1.35081E-3 3.89523E-3 4.20486E-3 9.43383E-3 2.94867E-2 4.02687E-2 -9999 -9999 -9999 -9999 -9999 -9999
0E0 0E0 0E0 0E0 0E0 0E0 4.18717E-1 0E0 0E0 0E0 4.83621E-1 3.08444E-1 4.16479E-1 0E0 0E0 0E0 0E0 0E0 0E0 0E0 0E0 0E0 0E0 6.94902E-1 4.73156E-1 5.08291E-1 4.10861E-1 2.73451E-1 1.90401E-1 1.71437E-1 1.23875E-1 8.55276E-2 9.98123E-3 6.38963E-3 2.83423E-3 4.98585E-4 1.62496E-3 3.91309E-4 3.51834E-4 4.34486E-5 8.27835E-6 5.56197E-6 5.24355E-6 2.54588E-5 3.85679E-4 1.4425E-4 2.36661E-3 1.35954E-2 1.54584E-2 4.25454E-2 1.12708E-1 1.11629E-1 -9999 -9999 -9999 -9999 -9999 -9999 -9999 9.95205E-3 2.34022E-3 1.20277E-4 3.26369E-5 1.07324E-5 6.13111E-5 2.94185E-4 7.01999E-4 2.91098E-4 1.1524E-3 8.14919E-3 3.71076E-2 1.05563E-1 -9999 -9999 -9999 -9999 -9999 -9999
0E0 0E0 0E0 0E0 0E0 0E0 0E0 0E0 0E0 0E0 4.39786E-1 2.82083E-1 4.97499E-1 0E0 0E0 0E0 0E0 0E0 0E0 0E0 0E0 0E0 0E0 7.21586E-1 5.35523E-1 3.25449E-1 3.29585E-1 3.62092E-1 2.80426E-1 1.95545E-1 1.31481E-1 1.16425E-1 1.45956E-1 1.12442E-1 4.50185E-2 8.1615E-3 3.4951E-3 1.5157E-4 1.4552E-5 1.1484E-5 3.41164E-6 4.88919E-6 1.26595E-5 1.83718E-5 3.1434E-4 1.25579E-3 6.57781E-3 3.33267E-3 3.24592E-3 2.19643E-2 3.61481E-2 5.99753E-2 -9999 -9999 -9999 -9999 -9999 -9999 -9999 2.77556E-2 4.39006E-3 4.17002E-4 7.7564E-5 1.45202E-5 5.23135E-6 6.07237E-5 1.424E-4 3.0954E-4 4.14436E-3 2.09293E-2 6.09651E-2 4.5868E-2 -9999 -9999 -9999 -9999 -9999 -9999
0E0 0E0 0E0 0E0 0E0 0E0 0E0 0E0 0E0 4.26033E-1 3.84668E-1 3.83742E-1 5.49426E-1 0E0 0E0 0E0 0E0 0E0 0E0 0E0 0E0 6.20244E-1 0E0 7.06716E-1 6.33218E-1 4.90079E-1 4.10557E-1 3.61148E-1 2.8174E-1 3.09376E-1 2.7644E-1 2.9912E-1 2.16637E-1 1.43634E-1 8.23636E-2 3.90107E-2 2.88071E-3 6.27063E-4 5.79546E-5 2.52617E-5 4.7817E-6 9.77768E-6 2.96232E-5 1.19041E-4 3.00464E-4 1.16019E-3 9.36662E-4 2.19781E-4 7.20095E-4 4.29354E-3 3.40899E-2 5.82909E-2 1.22461E-1 -9999 -9999 -9999 -9999 -9999 -9999 -9999 4.39678E-3 2.22286E-4 7.36579E-5 2.2494E-5 1.02067E-5 8.17405E-5 4.11117E-4 1.20532E-3 2.59919E-3 9.79785E-3 6.63463E-2 -9999 -9999 -9999 -9999 -9999 -9999 -9999
0E0 0E0 0E0 0E0 0E0 0E0 0E0 0E0 0E0 3.69843E-1 4.41252E-1 5.23792E-1 0E0 0E0 0E0 0E0 0E0 0E0 0E0 0E0 0E0 0E0 0E0 6.22752E-1 6.38734E-1 5.47906E-1 4.49164E-1 2.52121E-1 1.94193E-1 2.51373E-1 1.97676E-1 2.04091E-1 1.83613E-1 2.01563E-2 1.32779E-2 1.8869E-3 4.85291E-4 6.82799E-4 6.91293E-5 2.50936E-5 9.84102E-6 8.03046E-6 1.52921E-5 3.46731E-5 1.25997E-4 1.19819E-3 3.89615E-4 6.97267E-5 2.76567E-4 1.47002E-2 8.58055E-2 4.97794E-2 3.87754E-2 -9999 -9999 -9999 -9999 -9999 -9999 -9999 1.22905E-3 2.55696E-4 4.88488E-5 3.5751E-5 6.21968E-5 5.25584E-4 1.56101E-3 5.58754E-3 2.13828E-3 4.23445E-2 7.14615E-2 -9999 -9999 -9999 -9999 -9999 -9999 -9999
0E0 0E0 0E0 0E0 0E0 0E0 0E0 0E0 0E0 0E0 0E0 0E0 0E0 0E0 0E0 0E0 0E0 0E0 0E0 0E0 0E0 0E0 0E0 5.77688E-1 6.11335E-1 5.058E-1 3.87574E-1 1.94165E-1 1.33973E-1 5.61243E-2 4.49884E-2 4.35957E-2 8.94028E-2 9.4482E-3 1.74462E-4 8.75303E-5 1.29443E-4 2.18331E-4 2.473E-4 6.49293E-5 2.48443E-5 1.08919E-5 1.0701E-5 3.81087E-5 1.46618E-4 7.35606E-4 7.54099E-5 7.91866E-5 2.2271E-4 2.85878E-3 8.05264E-3 6.82298E-3 2.14052E-2 1.25516E-2 -9999 -9999 -9999 -9999 -9999 -9999 -9999 1.96084E-4 3.32943E-5 6.65297E-5 5.34528E-4 1.2269E-3 4.16813E-3 1.18354E-2 1.48487E-2 8.281E-2 -9999 -9999 -9999 -9999 -9999 -9999 -9999 -9999
0E0 0E0 0E0 0E0 0E0 0E0 0E0 0E0 0E0 0E0 0E0 0E0 0E0 0E0 0E0 0E0 0E0 0E0 0E0 0E0 0E0 0E0 0E0 4.44746E-1 4.78033E-1 5.46087E-1 3.58608E-1 2.45566E-1 5.10564E-2 9.56646E-3 4.52421E-3 2.10676E-3 1.38213E-3 3.50045E-4 4.30906E-5 1.33403E-5 2.0594E-5 4.24942E-5 8.49158E-5 1.35884E-4 3.63562E-5 1.04139E-5 1.0808E-5 2.66599E-5 1.1131E-4 5.27338E-4 2.34574E-5 3.16644E-5 1.37687E-5 9.71673E-5 7.25228E-4 7.20717E-4 1.14795E-2 1.67632E-2 3.75774E-2 -9999 -9999 -9999 -9999 -9999 -9999 3.21135E-4 8.1678E-5 2.18868E-4 3.19498E-4 2.85176E-4 4.19641E-3 2.10776E-2 -9999 -9999 -9999 -9999 -9999 -9999 -9999 -9999 -9999 -9999
0E0 0E0 0E0 0E0 0E0 0E0 0E0 0E0 0E0 0E0 0E0 0E0 0E0 0E0 0E0 0E0 5.15703E-1 6.06897E-1 5.62846E-1 6.20398E-1 0E0 0E0 5.87425E-1 3.44343E-1 4.53001E-1 3.99879E-1 4.22377E-1 2.87878E-1 1.0453E-1 7.85053E-2 5.95488E-2 2.27692E-2 7.74145E-4 1.75042E-4 1.5388E-4 6.40076E-5 3.62205E-5 1.31205E-5 6.63414E-5 1.94042E-5 3.03906E-5 1.893E-5 7.96714E-6 1.85123E-5 2.10797E-4 1.90967E-4 1.11135E-5 2.73606E-5 1.10512E-5 6.75553E-6 2.26555E-5 5.90887E-5 3.26694E-3 2.69047E-2 3.89501E-2 1.83189E-1 -9999 -9999 -9999 -9999 -9999 3.95376E-4 9.91654E-5 3.19528E-4 1.25144E-4 3.51852E-4 3.48446E-3 2.34719E-2 -9999 -9999 -9999 -9999 -9999 -9999 -9999 -9999 -9999 -9999
0E0 0E0 0E0 0E0 0E0 0E0 0E0 0E0 0E0 0E0 0E0 0E0 0E0 0E0 0E0 0E0 3.99062E-1 4.0326E-1 4.37151E-1 0E0 0E0 6.33857E-1 4.40682E-1 2.25542E-1 3.33898E-1 2.28942E-1 3.65372E-1 3.05563E-1 2.4289E-1 2.50487E-1 1.56352E-1 1.01563E-1 1.16939E-2 1.49983E-3 2.66279E-4 6.51111E-5 4.53708E-5 1.65481E-5 6.45893E-6 1.20542E-5 1.2376E-5 1.4425E-5 1.25401E-5 4.10911E-5 2.50928E-4 1.28401E-4 5.76879E-6 7.80353E-6 5.75986E-6 5.60982E-6 5.79411E-5 3.8552E-4 1.00463E-2 4.03311E-2 6.2736E-2 8.67811E-2 -9999 -9999 -9999 -9999 -9999 1.36507E-3 9.08284E-4 9.74933E-4 1.91265E-3 2.354E-3 1.79533E-2 -9999 -9999 -9999 -9999 -9999 -9999 7.67356E-2 -9999 -9999 -9999 -9999
0E0 0E0 0E0 0E0 0E0 0E0 0E0 0E0 0E0 0E0 0E0 0E0 0E0 0E0 4.16431E-1 3.7699E-1 4.50645E-1 4.92843E-1 0E0 5.84413E-1 6.05596E-1 5.80852E-1 4.91337E-1 2.85647E-1 2.21481E-1 1.35295E-1 1.88049E-1 2.11447E-1 1.95771E-1 7.26776E-2 1.22625E-2 5.20095E-3 6.56801E-3 1.48462E-3 4.15192E-4 4.30564E-4 2.06508E-4 2.91897E-5 1.25447E-5 9.84195E-6 8.71812E-6 9.5632E-6 9.18637E-6 1.26261E-5 3.28895E-5 7.40802E-5 9.26504E-6 6.38262E-6 1.10024E-5 5.46904E-6 1.37064E-5 3.01869E-4 3.76998E-3 5.8854E-2 6.62231E-2 1.58648E-1 3.1171E-1 -9999 -9999 -9999 -9999 1.00202E-2 1.23468E-2 2.04353E-2 1.13078E-2 -9999 -9999 -9999 -9999 -9999 -9999 -9999 3.91955E-2 5.94783E-2 -9999 -9999 -9999 -9999
0E0 0E0 0E0 0E0 0E0 0E0 0E0 0E0 0E0 0E0 0E0 0E0 0E0 0E0 5.20548E-1 0E0 0E0 0E0 0E0 5.53305E-1 5.38034E-1 5.0094E-1 3.11275E-1 3.93469E-1 3.6153E-1 1.72438E-1 9.68023E-2 6.82676E-2 3.90981E-2 3.41879E-2 4.71313E-3 2.38524E-4 1.18391E-3 2.50578E-3 1.09142E-3 5.10607E-4 3.97109E-4 9.67764E-5 3.81054E-5 1.34298E-5 1.13092E-5 1.6632E-5 8.99429E-6 1.27721E-5 5.58376E-6 1.54682E-5 8.40121E-6 9.95147E-6 2.65549E-5 7.07083E-6 1.50866E-5 1.9741E-4 3.71813E-3 3.81776E-2 7.67479E-2 1.37148E-1 2.07326E-1 -9999 -9999 -9999 -9999 2.85783E-2 -9999 -9999 -9999 -9999 -9999 -9999 -9999 -9999 4.82117E-2 4.88214E-2 3.01509E-2 4.62646E-2 -9999 -9999 -9999 8.19385E-3
0E0 0E0 0E0 0E0 0E0 0E0 0E0 0E0 0E0 0E0 0E0 0E0 0E0 0E0 0E0 0E0 0E0 0E0 0E0 0E0 3.94603E-1 3.17652E-1 1.19727E-1 1.90904E-1 3.52613E-1 2.36559E-1 1.19362E-1 1.06009E-1 5.36056E-2 1.20764E-2 5.12729E-3 4.03735E-4 1.25473E-4 5.26075E-4 1.46376E-4 1.5594E-4 7.30325E-5 4.5582E-5 3.94322E-5 1.68683E-5 1.02822E-5 2.2366E-5 1.5399E-5 1.22352E-5 9.10872E-6 8.4004E-6 1.2897E-5 4.58163E-5 1.38602E-5 5.96245E-6 5.7655E-6 4.73278E-5 1.00358E-3 6.25196E-3 5.41214E-2 1.74115E-1 -9999 -9999 -9999 -9999 -9999 -9999 -9999 -9999 -9999 -9999 -9999 -9999 -9999 -9999 5.04654E-2 2.84831E-2 3.84155E-2 4.01614E-2 -9999 -9999 -9999 3.95689E-3
