ENM/Final_Models/M_2_F_q_Set_1_NE/Gustavia_santanderiensis_4_Choco.asc
ncols         367
nrows         963
xllcorner     -78.6
yllcorner     0.65
cellsize      0.00833333333333323
NODATA_value  -9999
[rows 476 to 509 of 963, columns 234 to 311 of 367]
0E0 0E0 0E0 0E0 0E0 0E0 0E0 0E0 0E0 0E0 0E0 0E0 0E0 0E0 0E0 0E0 0E0 0E0 0E0 0E0 0E0 0E0 0E0 0E0 0E0 6.58581E-2 4.82251E-3 3.91365E-2 7.15839E-2 1.2619E-1 4.58859E-2 2.53116E-1 1.87877E-1 5.96917E-2 7.8183E-2 1.08679E-1 1.19076E-1 4.35054E-2 4.3697E-2 3.08993E-2 1.00013E-2 3.08599E-3 6.90434E-4 2.19775E-3 1.41745E-3 6.85481E-4 2.97231E-4 3.91542E-4 6.36256E-4 2.18185E-3 7.51163E-3 2.00969E-3 2.42259E-3 3.1084E-3 3.02028E-3 -9999 -9999 -9999 -9999 -9999 -9999 -9999 -9999 -9999 -9999 -9999 -9999 -9999 -9999 -9999 -9999 -9999 -9999 -9999 -9999 -9999 -9999 -9999
0E0 0E0 0E0 0E0 0E0 0E0 0E0 0E0 0E0 0E0 0E0 0E0 0E0 0E0 0E0 0E0 0E0 0E0 0E0 0E0 0E0 1.00756E-1 7.89543E-2 1.16561E-2 8.25878E-2 7.54439E-3 1.41192E-1 1.32791E-1 2.49496E-1 8.85888E-2 1.41543E-1 7.98157E-2 5.27134E-2 5.22371E-2 1.77348E-1 1.66182E-1 5.15549E-2 8.24542E-2 2.37245E-2 2.69243E-2 8.4229E-3 2.13816E-3 6.56987E-4 1.49674E-3 4.04051E-3 2.38531E-3 9.96153E-4 7.15644E-4 1.95689E-3 8.48035E-3 5.51584E-3 4.06253E-3 6.46069E-3 1.51045E-3 2.5385E-3 -9999 -9999 -9999 -9999 -9999 -9999 -9999 -9999 -9999 -9999 -9999 -9999 -9999 -9999 -9999 -9999 -9999 -9999 -9999 -9999 -9999 -9999 -9999
0E0 0E0 0E0 0E0 0E0 0E0 0E0 0E0 0E0 0E0 0E0 0E0 0E0 0E0 0E0 0E0 0E0 0E0 3.20072E-2 2.36952E-2 1.49429E-1 2.82412E-1 2.62329E-1 2.44627E-1 4.21288E-1 5.81748E-1 3.59228E-2 1.19875E-1 3.97812E-1 3.03316E-1 0E0 2.07738E-1 7.10091E-2 9.92176E-2 1.23673E-1 1.21799E-1 6.20383E-2 4.25479E-2 2.4104E-2 2.27664E-2 4.03074E-3 2.47416E-3 2.12136E-4 7.42969E-4 1.12328E-3 2.64527E-4 3.1729E-3 1.05912E-3 9.57503E-4 3.48357E-3 8.00115E-3 4.993E-3 6.23565E-3 2.21439E-2 2.77475E-2 -9999 -9999 -9999 -9999 -9999 -9999 -9999 -9999 -9999 -9999 -9999 -9999 -9999 -9999 -9999 -9999 -9999 -9999 -9999 -9999 -9999 -9999 -9999
0E0 0E0 0E0 0E0 0E0 0E0 0E0 0E0 0E0 0E0 0E0 0E0 0E0 0E0 0E0 0E0 0E0 4.38229E-1 1.6736E-2 1.65055E-2 2.26741E-2 1.6074E-2 1.14263E-1 4.70562E-1 6.32059E-1 5.65248E-1 3.96862E-1 1.50845E-1 0E0 0E0 0E0 0E0 0E0 2.82131E-1 0E0 3.94934E-1 2.70693E-1 1.1676E-1 4.9037E-2 1.29643E-2 5.35108E-3 5.21263E-4 3.04307E-4 5.84219E-4 8.0591E-4 1.97013E-3 1.56829E-3 6.82351E-3 5.14515E-3 6.75898E-3 6.31745E-3 1.87668E-2 1.07348E-2 6.43627E-3 -9999 -9999 -9999 -9999 -9999 -9999 -9999 -9999 -9999 -9999 -9999 -9999 -9999 -9999 -9999 -9999 -9999 -9999 -9999 -9999 -9999 -9999 -9999 -9999
0E0 0E0 0E0 0E0 0E0 0E0 0E0 0E0 0E0 0E0 0E0 0E0 5.22003E-1 5.57468E-1 5.27359E-1 4.28645E-1 3.42638E-1 5.27638E-1 2.6148E-1 2.13147E-1 4.34222E-2 1.16796E-1 6.7254E-2 1.87446E-1 5.48135E-1 9.99569E-2 6.40028E-1 0E0 0E0 0E0 7.37464E-2 4.67405E-2 6.47045E-2 0E0 0E0 7.06511E-2 9.68137E-2 1.19544E-1 2.22892E-2 3.84918E-3 6.32664E-3 1.29615E-3 2.02733E-4 1.23629E-3 1.29557E-3 2.33909E-3 5.90348E-4 1.24549E-3 2.64702E-3 6.5305E-3 3.25263E-3 5.75957E-3 5.02082E-3 4.69774E-3 -9999 -9999 -9999 -9999 -9999 -9999 -9999 -9999 -9999 -9999 -9999 -9999 -9999 -9999 -9999 -9999 -9999 -9999 -9999 -9999 -9999 -9999 -9999 -9999
0E0 0E0 0E0 0E0 0E0 0E0 0E0 0E0 0E0 0E0 0E0 0E0 8.26236E-1 1.84696E-1 1.15882E-1 4.44865E-1 5.12365E-1 7.79568E-1 8.9088E-1 9.33117E-2 1.80188E-1 2.99131E-1 1.84171E-1 8.9125E-2 3.88741E-1 1.46194E-1 1.8269E-1 2.67828E-1 0E0 0E0 1.19817E-1 4.8416E-2 1.20955E-1 0E0 0E0 1.27937E-1 6.20822E-2 4.02292E-2 7.32761E-3 7.89041E-3 4.1106E-3 1.45351E-3 2.13673E-3 1.33064E-3 1.46815E-3 1.11011E-3 2.11185E-3 7.37358E-3 7.09859E-3 3.10066E-3 7.21741E-3 4.37112E-3 1.84652E-2 3.13514E-2 -9999 -9999 -9999 -9999 -9999 -9999 -9999 -9999 -9999 -9999 -9999 -9999 -9999 -9999 -9999 -9999 -9999 -9999 -9999 -9999 -9999 -9999 -9999 -9999
0E0 0E0 0E0 0E0 0E0 0E0 0E0 0E0 0E0 0E0 9.47315E-1 8.86843E-1 8.78231E-1 8.72862E-1 3.95316E-1 3.32337E-1 3.58179E-1 9.86052E-1 6.76243E-1 0E0 7.39138E-1 0E0 1.86419E-1 3.15278E-1 5.63581E-1 3.05637E-1 3.43043E-1 2.0159E-1 0E0 0E0 4.3179E-1 0E0 0E0 0E0 0E0 2.74581E-1 1.5104E-1 1.40888E-1 1.49006E-2 4.82429E-3 5.13561E-3 1.22562E-3 9.53689E-4 4.94986E-4 1.17509E-3 1.70476E-3 4.62554E-3 8.7474E-4 2.06667E-3 8.08754E-3 1.17393E-2 8.86031E-3 3.1459E-2 2.33811E-2 -9999 -9999 -9999 -9999 -9999 -9999 -9999 -9999 -9999 -9999 -9999 -9999 -9999 -9999 -9999 -9999 -9999 -9999 -9999 -9999 -9999 -9999 -9999 -9999
0E0 0E0 0E0 0E0 0E0 0E0 0E0 0E0 0E0 0E0 0E0 0E0 0E0 0E0 0E0 0E0 0E0 0E0 0E0 0E0 0E0 0E0 0E0 0E0 0E0 0E0 1.53125E-1 9.98089E-2 0E0 0E0 5.57009E-1 1.01377E-1 7.08842E-2 7.33989E-2 6.74915E-2 5.87858E-2 1.23527E-1 7.59032E-2 5.27393E-2 1.51045E-2 1.09703E-2 8.51043E-4 3.87311E-3 2.04045E-3 1.24592E-3 1.10015E-3 2.8436E-3 4.53812E-3 8.52524E-3 7.39548E-4 1.17978E-2 4.57019E-3 2.14334E-2 3.88697E-2 -9999 -9999 -9999 -9999 -9999 -9999 -9999 -9999 -9999 -9999 -9999 -9999 -9999 -9999 -9999 -9999 -9999 -9999 -9999 -9999 -9999 -9999 -9999 -9999
0E0 0E0 0E0 0E0 0E0 0E0 0E0 0E0 0E0 0E0 0E0 0E0 0E0 0E0 0E0 0E0 0E0 0E0 0E0 0E0 0E0 0E0 0E0 0E0 0E0 0E0 6.26331E-1 0E0 0E0 8.14595E-2 7.84792E-2 0E0 1.066E-1 1.45852E-1 2.60369E-1 2.58981E-1 2.99251E-1 5.32522E-2 1.67847E-2 2.90709E-2 3.34596E-4 5.10036E-3 3.90663E-3 3.82208E-3 4.28083E-3 4.85724E-3 5.0577E-3 6.40054E-3 1.43652E-2 4.61967E-3 8.73611E-3 1.03457E-2 4.65764E-2 2.46136E-2 -9999 -9999 -9999 -9999 -9999 -9999 -9999 -9999 -9999 -9999 -9999 -9999 -9999 -9999 -9999 -9999 -9999 -9999 -9999 -9999 -9999 -9999 -9999 -9999
0E0 0E0 0E0 0E0 0E0 0E0 0E0 0E0 0E0 0E0 0E0 0E0 0E0 0E0 0E0 0E0 0E0 0E0 0E0 0E0 0E0 2.33693E-1 1.71243E-1 0E0 0E0 0E0 2.51081E-1 4.81164E-1 2.66048E-1 1.38445E-1 0E0 0E0 0E0 0E0 0E0 2.71837E-1 1.95829E-1 4.01395E-2 1.64895E-2 1.04456E-3 8.4252E-4 3.26647E-3 1.35464E-2 2.69519E-3 4.67482E-3 1.11861E-3 2.17582E-3 1.52341E-2 6.86978E-3 1.65158E-2 1.79853E-2 1.04068E-2 2.59115E-2 3.81682E-2 -9999 -9999 -9999 -9999 -9999 -9999 -9999 -9999 -9999 -9999 -9999 -9999 -9999 -9999 -9999 -9999 -9999 -9999 -9999 -9999 -9999 -9999 -9999 -9999
0E0 0E0 0E0 0E0 0E0 0E0 0E0 0E0 0E0 0E0 0E0 0E0 0E0 0E0 0E0 0E0 0E0 0E0 0E0 0E0 0E0 0E0 0E0 2.23461E-1 2.13487E-1 0E0 0E0 2.2272E-1 1.78095E-1 2.10906E-1 2.16047E-1 2.17898E-1 0E0 2.03775E-1 1.55577E-1 7.06426E-2 5.01181E-2 4.60387E-2 1.31656E-2 3.68078E-3 2.96852E-3 2.52715E-3 1.8946E-3 2.29617E-3 1.46284E-3 3.01347E-3 8.87365E-3 7.81771E-3 2.76407E-2 2.64885E-2 5.20797E-3 1.30698E-2 1.98037E-2 2.25294E-2 -9999 -9999 -9999 -9999 -9999 -9999 -9999 -9999 -9999 -9999 -9999 -9999 -9999 -9999 -9999 -9999 -9999 -9999 -9999 -9999 -9999 -9999 -9999 -9999
0E0 0E0 0E0 0E0 0E0 0E0 0E0 0E0 0E0 0E0 0E0 0E0 0E0 0E0 0E0 0E0 0E0 0E0 0E0 7.05076E-2 7.70568E-2 0E0 2.02935E-1 1.20851E-1 4.81943E-2 2.82151E-2 7.47936E-2 1.34872E-1 3.19401E-1 1.21591E-1 1.49608E-1 1.2335E-1 3.34986E-1 1.5929E-1 5.41489E-2 4.11587E-2 1.04505E-2 1.03946E-2 2.09288E-2 1.80451E-3 1.29867E-3 1.26726E-2 2.61448E-2 1.45105E-2 4.60601E-3 4.60837E-3 5.90046E-3 1.39877E-2 3.33168E-2 3.42372E-2 5.17869E-2 4.70471E-2 9.58492E-3 7.39203E-3 -9999 -9999 -9999 -9999 -9999 -9999 -9999 -9999 -9999 -9999 -9999 -9999 -9999 -9999 -9999 -9999 -9999 -9999 -9999 -9999 -9999 -9999 -9999 -9999
0E0 0E0 0E0 0E0 0E0 0E0 0E0 0E0 0E0 0E0 0E0 0E0 0E0 0E0 0E0 0E0 0E0 0E0 0E0 5.35431E-2 3.50079E-2 3.30953E-2 6.26919E-2 3.01062E-2 2.05019E-2 1.43279E-2 9.41524E-2 1.55526E-1 0E0 3.7001E-1 1.3707E-1 8.76588E-2 0E0 1.88544E-1 1.19785E-1 6.10793E-2 2.4968E-2 4.98061E-3 5.92206E-4 6.36385E-4 1.90523E-3 1.30334E-2 3.2756E-2 3.51875E-2 3.57142E-3 1.13061E-2 4.1368E-2 5.4336E-2 3.73695E-2 2.61334E-2 3.96179E-2 1.93625E-2 1.82853E-2 -9999 -9999 -9999 -9999 -9999 -9999 -9999 -9999 -9999 -9999 -9999 -9999 -9999 -9999 -9999 -9999 -9999 -9999 -9999 -9999 -9999 -9999 -9999 -9999 -9999
0E0 0E0 0E0 0E0 0E0 0E0 0E0 0E0 0E0 0E0 0E0 0E0 0E0 0E0 0E0 0E0 0E0 0E0 0E0 0E0 0E0 4.41399E-2 2.15365E-2 9.05251E-3 4.91646E-3 1.41805E-2 1.23484E-1 0E0 0E0 5.69762E-1 4.57268E-1 2.3554E-1 4.26954E-1 1.30928E-1 5.24851E-2 1.16439E-2 6.84571E-3 1.88341E-3 6.44812E-4 1.44422E-3 3.06051E-3 1.02777E-2 7.81582E-3 1.22171E-2 1.14724E-2 1.79434E-2 7.88969E-2 2.92812E-2 1.45554E-2 9.0015E-3 2.32116E-2 3.68677E-3 1.04655E-2 -9999 -9999 -9999 -9999 -9999 -9999 -9999 -9999 -9999 -9999 -9999 -9999 -9999 -9999 -9999 -9999 -9999 -9999 -9999 -9999 -9999 -9999 -9999 -9999 -9999
0E0 0E0 0E0 0E0 0E0 0E0 0E0 0E0 0E0 0E0 0E0 0E0 0E0 0E0 0E0 0E0 0E0 0E0 0E0 0E0 0E0 0E0 6.12966E-2 9.15139E-3 8.67317E-3 2.30682E-2 1.54216E-1 0E0 0E0 0E0 4.40209E-1 2.1613E-1 1.22159E-1 9.09192E-2 1.75286E-2 2.73612E-2 1.25354E-3 4.87287E-4 9.935E-4 2.88899E-3 4.49118E-3 9.6127E-3 1.22503E-2 2.34145E-2 1.09288E-2 5.62797E-2 2.5147E-2 8.25922E-3 7.36875E-3 1.40261E-2 1.70801E-2 6.11781E-3 2.41349E-3 -9999 -9999 -9999 -9999 -9999 -9999 -9999 -9999 -9999 -9999 -9999 -9999 -9999 -9999 -9999 -9999 -9999 -9999 -9999 -9999 -9999 -9999 -9999 -9999 -9999
0E0 0E0 0E0 0E0 0E0 0E0 0E0 0E0 0E0 0E0 0E0 0E0 0E0 0E0 0E0 0E0 0E0 0E0 0E0 0E0 0E0 0E0 0E0 5.17113E-2 6.7297E-2 6.89782E-2 2.68134E-1 0E0 0E0 1.72301E-1 1.44192E-1 5.40238E-2 2.02015E-2 3.10452E-2 2.33865E-2 9.05473E-4 1.05149E-3 1.37627E-3 2.07331E-3 7.92225E-3 3.84133E-3 2.5926E-2 3.61336E-2 2.93383E-2 7.52128E-2 9.27013E-2 1.30032E-2 1.05615E-2 1.16873E-3 7.66169E-3 1.31052E-3 1.77007E-3 2.3407E-3 -9999 -9999 -9999 -9999 -9999 -9999 -9999 -9999 -9999 -9999 -9999 -9999 -9999 -9999 -9999 -9999 -9999 -9999 -9999 -9999 -9999 -9999 -9999 -9999 -9999
0E0 0E0 0E0 0E0 0E0 0E0 0E0 0E0 0E0 0E0 0E0 0E0 0E0 0E0 0E0 0E0 0E0 1.41846E-1 4.74398E-2 9.53817E-3 7.94603E-3 2.08389E-2 3.42897E-2 6.5671E-3 2.47062E-2 6.04472E-2 6.80132E-2 0E0 1.44401E-1 7.77967E-2 3.87311E-2 1.3859E-2 4.03917E-3 8.73092E-3 1.25019E-2 5.43672E-4 2.2606E-3 1.44046E-3 8.03689E-3 6.22485E-3 2.22219E-2 2.80477E-2 2.4967E-2 2.52222E-2 1.15766E-2 7.02895E-3 2.20256E-3 5.64649E-3 5.1481E-3 7.7634E-3 3.2168E-3 1.48985E-3 -9999 -9999 -9999 -9999 -9999 -9999 -9999 -9999 -9999 -9999 -9999 -9999 -9999 -9999 -9999 -9999 -9999 -9999 -9999 -9999 -9999 -9999 -9999 -9999 -9999 -9999
0E0 0E0 0E0 0E0 0E0 0E0 0E0 0E0 0E0 0E0 0E0 0E0 0E0 0E0 0E0 0E0 0E0 0E0 9.70256E-2 1.06847E-2 9.53474E-3 2.16257E-3 4.94075E-3 5.05716E-3 4.67997E-3 1.0411E-2 1.74984E-2 9.93434E-2 1.00661E-1 6.15954E-2 1.0033E-2 8.49041E-3 7.86275E-3 1.27077E-2 6.3557E-4 4.36117E-4 2.75736E-3 4.07294E-3 1.05792E-2 2.34092E-3 1.99274E-2 5.59445E-2 2.14295E-2 2.72117E-3 1.00812E-2 2.53168E-3 4.25765E-3 3.13319E-3 1.92877E-3 1.68646E-3 8.0566E-4 6.72643E-4 -9999 -9999 -9999 -9999 -9999 -9999 -9999 -9999 -9999 -9999 -9999 -9999 -9999 -9999 -9999 -9999 -9999 -9999 -9999 -9999 -9999 -9999 -9999 -9999 -9999 -9999
0E0 0E0 0E0 0E0 0E0 0E0 0E0 0E0 0E0 0E0 0E0 0E0 0E0 0E0 1.63209E-1 0E0 0E0 0E0 1.49807E-1 5.4882E-2 1.91134E-2 1.9553E-3 2.57883E-3 4.05561E-3 4.82585E-3 5.72248E-3 5.65336E-3 5.70866E-2 3.59696E-2 1.3578E-2 1.45671E-2 7.98266E-3 1.18816E-3 2.85638E-3 1.02689E-3 1.26391E-3 1.40047E-3 1.23301E-2 6.29953E-3 1.56482E-3 1.21134E-2 1.5137E-1 1.40735E-2 2.2894E-3 3.30859E-3 5.89986E-3 4.1427E-3 2.20231E-3 3.00508E-3 2.16504E-3 2.04636E-3 3.60026E-4 -9999 -9999 -9999 -9999 -9999 -9999 -9999 -9999 -9999 -9999 -9999 -9999 -9999 -9999 -9999 -9999 -9999 -9999 -9999 -9999 -9999 -9999 -9999 -9999 -9999 -9999
0E0 0E0 0E0 0E0 0E0 0E0 0E0 0E0 0E0 0E0 0E0 0E0 0E0 5.43714E-2 7.57072E-2 0E0 0E0 1.32255E-1 9.67948E-2 3.23492E-2 2.00169E-2 5.04116E-3 5.71981E-3 5.64644E-3 7.30337E-3 1.39968E-2 9.45121E-3 2.16101E-2 3.69147E-3 2.91166E-3 1.90844E-3 2.87345E-4 1.16916E-3 8.49339E-3 5.00404E-3 1.0357E-2 7.04749E-3 2.77501E-3 6.98484E-3 1.04099E-3 5.87437E-2 8.86031E-2 4.84539E-3 4.63981E-3 4.06493E-3 1.22555E-3 2.63502E-3 2.96978E-3 1.57868E-3 4.26768E-3 1.27425E-3 -9999 -9999 -9999 -9999 -9999 -9999 -9999 -9999 -9999 -9999 -9999 -9999 -9999 -9999 -9999 -9999 -9999 -9999 -9999 -9999 -9999 -9999 -9999 -9999 -9999 -9999 -9999
0E0 0E0 0E0 0E0 0E0 0E0 0E0 0E0 0E0 0E0 0E0 0E0 0E0 8.46713E-2 1.39043E-1 0E0 0E0 0E0 2.41434E-1 9.6554E-2 2.69669E-2 1.74902E-2 3.42609E-2 3.26597E-2 3.70076E-2 3.79752E-2 2.34126E-2 3.82099E-3 1.60681E-3 2.32278E-4 1.37708E-3 1.85922E-3 1.73423E-3 9.82613E-3 3.69386E-3 1.10615E-2 8.3777E-3 1.04329E-2 1.36299E-2 5.93452E-3 8.46951E-2 2.738E-2 1.3537E-2 1.22812E-2 2.19501E-3 3.5566E-3 1.09243E-3 6.22851E-3 7.69355E-3 7.38286E-4 1.31945E-3 -9999 -9999 -9999 -9999 -9999 -9999 -9999 -9999 -9999 -9999 -9999 -9999 -9999 -9999 -9999 -9999 -9999 -9999 -9999 -9999 -9999 -9999 -9999 -9999 -9999 -9999 -9999
0E0 0E0 0E0 0E0 0E0 0E0 0E0 0E0 0E0 0E0 0E0 0E0 0E0 0E0 0E0 0E0 0E0 0E0 0E0 0E0 0E0 1.29739E-1 0E0 8.58039E-2 2.19097E-2 2.60541E-2 7.02147E-3 2.39086E-3 6.77142E-4 7.16579E-4 8.77698E-4 3.92496E-3 6.6854E-3 2.51386E-2 8.8224E-3 1.11034E-2 7.69923E-3 6.15346E-3 3.54536E-3 3.81624E-2 4.15356E-2 5.43327E-2 2.50968E-2 1.70967E-2 2.40004E-3 4.17121E-3 4.81559E-3 1.01768E-2 4.63832E-3 3.50632E-3 3.92313E-3 -9999 -9999 -9999 -9999 -9999 -9999 -9999 -9999 -9999 -9999 -9999 -9999 -9999 -9999 -9999 -9999 -9999 -9999 -9999 -9999 -9999 -9999 -9999 -9999 -9999 -9999 -9999
0E0 0E0 0E0 0E0 0E0 0E0 0E0 0E0 0E0 0E0 0E0 0E0 0E0 0E0 0E0 0E0 0E0 0E0 0E0 0E0 5.08874E-2 1.57193E-2 1.66437E-2 4.92194E-2 1.32148E-2 4.43475E-3 1.23275E-2 1.03788E-3 4.11548E-4 1.77363E-3 4.872E-3 6.33621E-3 1.81665E-2 1.69166E-2 2.96415E-2 5.59932E-3 9.97658E-3 1.80929E-3 3.52106E-2 5.96703E-2 4.71152E-2 1.51219E-2 6.81751E-3 4.57719E-3 3.31946E-3 5.68673E-3 7.8056E-3 6.72051E-3 4.42227E-3 2.34978E-2 3.07293E-2 -9999 -9999 -9999 -9999 -9999 -9999 -9999 -9999 -9999 -9999 -9999 -9999 -9999 -9999 -9999 -9999 -9999 -9999 -9999 -9999 -9999 -9999 -9999 -9999 -9999 -9999 -9999
0E0 0E0 0E0 0E0 0E0 0E0 0E0 0E0 0E0 0E0 0E0 0E0 0E0 0E0 0E0 0E0 0E0 0E0 0E0 0E0 3.90921E-2 5.25862E-3 1.49279E-2 2.34574E-2 9.87696E-3 3.45215E-3 1.18192E-2 1.46259E-2 7.85744E-3 5.32907E-3 7.35606E-3 1.58061E-2 5.291E-3 4.11299E-3 3.0513E-2 1.49362E-2 1.75018E-2 2.14024E-2 1.12975E-1 2.31803E-2 1.11896E-2 1.11387E-2 6.59053E-3 1.33398E-2 1.32573E-2 1.70601E-3 9.65633E-3 5.47336E-3 1.59507E-2 2.42744E-2 -9999 -9999 -9999 -9999 -9999 -9999 -9999 -9999 -9999 -9999 -9999 -9999 -9999 -9999 -9999 -9999 -9999 -9999 -9999 -9999 -9999 -9999 -9999 -9999 -9999 -9999 -9999 -9999
0E0 0E0 0E0 0E0 0E0 0E0 0E0 0E0 0E0 0E0 0E0 0E0 0E0 0E0 0E0 1.85594E-1 5.89361E-2 4.90454E-2 5.23931E-2 3.14064E-2 2.83236E-2 2.71928E-2 2.86478E-2 5.93026E-3 2.94503E-3 3.56377E-3 1.34046E-2 2.4723E-2 6.34059E-2 1.06583E-2 3.25337E-2 2.97534E-2 1.20332E-2 3.21855E-2 7.99375E-2 1.06985E-1 6.4169E-2 3.53395E-2 4.024E-2 8.15623E-3 3.01673E-3 1.10295E-2 2.86564E-2 2.53524E-2 9.10361E-3 5.60978E-3 2.89343E-3 2.68777E-3 4.15741E-3 8.95908E-3 -9999 -9999 -9999 -9999 -9999 -9999 -9999 -9999 -9999 -9999 -9999 -9999 -9999 -9999 -9999 -9999 -9999 -9999 -9999 -9999 -9999 -9999 -9999 -9999 -9999 -9999 -9999 -9999
0E0 0E0 0E0 0E0 0E0 0E0 0E0 0E0 0E0 0E0 0E0 0E0 0E0 0E0 1.34316E-1 6.48466E-2 1.9539E-2 1.52577E-2 4.92398E-2 1.71299E-2 8.09505E-3 5.79703E-3 1.39106E-2 2.75521E-3 7.76067E-3 1.79668E-2 2.30054E-2 4.2346E-2 6.78098E-2 4.8623E-2 1.10403E-2 2.78968E-2 1.61491E-2 1.31703E-1 1.19689E-1 5.15455E-2 1.68205E-2 7.18753E-3 4.97954E-3 5.20452E-3 7.02411E-4 1.23922E-2 1.54776E-2 1.66512E-2 1.04791E-2 9.45535E-3 3.80164E-3 6.86989E-3 5.60625E-3 9.09654E-3 -9999 -9999 -9999 -9999 -9999 -9999 -9999 -9999 -9999 -9999 -9999 -9999 -9999 -9999 -9999 -9999 -9999 -9999 -9999 -9999 -9999 -9999 -9999 -9999 -9999 -9999 -9999 -9999
0E0 0E0 0E0 0E0 0E0 0E0 0E0 0E0 0E0 0E0 0E0 0E0 0E0 9.01405E-2 7.70337E-2 4.01057E-2 1.3328E-2 1.16303E-2 2.74628E-2 1.17247E-2 1.42325E-2 8.1622E-3 5.30632E-3 6.20002E-3 7.38773E-3 1.78166E-2 3.67645E-2 1.38607E-2 0E0 4.75931E-2 1.42078E-2 5.81867E-2 5.23368E-2 5.73513E-2 6.75731E-2 5.2167E-2 1.00564E-1 1.0693E-2 1.45923E-2 1.37338E-2 1.68675E-2 1.27549E-2 1.04113E-2 6.02197E-3 4.73684E-3 2.21809E-3 4.54646E-3 9.83079E-3 6.15744E-3 -9999 -9999 -9999 -9999 -9999 -9999 -9999 -9999 -9999 -9999 -9999 -9999 -9999 -9999 -9999 -9999 -9999 -9999 -9999 -9999 -9999 -9999 -9999 -9999 -9999 -9999 -9999 -9999 -9999
0E0 0E0 0E0 0E0 0E0 0E0 0E0 0E0 0E0 0E0 0E0 0E0 0E0 0E0 2.15091E-1 4.95852E-2 1.04702E-2 1.38722E-2 1.77246E-2 2.25546E-2 2.10414E-2 3.41723E-2 2.82649E-2 1.37763E-2 1.49608E-2 2.80818E-2 5.85773E-2 2.21635E-2 1.12569E-1 1.09326E-2 6.74074E-2 1.59529E-1 5.6703E-2 1.84034E-3 2.77133E-2 2.5867E-2 6.76889E-3 6.8311E-3 4.82689E-3 2.74014E-2 4.49873E-2 2.94643E-3 7.55359E-3 4.21841E-3 1.73043E-3 2.51103E-3 4.38355E-3 1.06342E-2 -9999 -9999 -9999 -9999 -9999 -9999 -9999 -9999 -9999 -9999 -9999 -9999 -9999 -9999 -9999 -9999 -9999 -9999 -9999 -9999 -9999 -9999 -9999 -9999 -9999 -9999 -9999 -9999 -9999 -9999
0E0 0E0 0E0 0E0 0E0 0E0 0E0 0E0 0E0 0E0 0E0 0E0 0E0 0E0 7.95709E-2 2.28662E-2 2.33715E-2 1.8852E-2 3.35776E-2 4.35053E-2 4.85581E-2 2.49445E-2 8.17723E-2 7.72991E-2 2.3767E-2 4.23813E-2 4.43586E-2 9.48239E-2 6.25947E-2 4.54417E-1 2.36976E-1 1.44017E-1 3.97619E-2 9.14307E-3 2.58385E-3 3.46097E-3 2.28438E-3 2.12406E-3 2.73599E-3 3.39944E-3 1.62577E-3 7.77275E-3 8.98924E-3 1.30786E-3 7.30128E-4 1.4985E-3 2.36338E-3 -9999 -9999 -9999 -9999 -9999 -9999 -9999 -9999 -9999 -9999 -9999 -9999 -9999 -9999 -9999 -9999 -9999 -9999 -9999 -9999 -9999 -9999 -9999 -9999 -9999 -9999 -9999 -9999 -9999 -9999 -9999
0E0 0E0 0E0 0E0 0E0 0E0 0E0 0E0 0E0 0E0 0E0 0E0 0E0 3.21077E-1 6.95717E-2 2.12225E-2 2.35305E-2 2.01331E-2 1.17913E-1 0E0 7.89172E-2 5.58429E-2 1.09796E-1 9.89755E-2 1.1094E-1 4.18415E-2 5.87166E-2 4.87105E-2 4.1004E-1 3.06283E-1 7.61412E-2 7.73553E-2 4.4221E-2 4.41047E-3 1.21138E-2 1.19683E-3 8.57276E-4 8.13103E-3 8.93859E-4 1.59927E-3 7.88797E-3 3.46343E-3 2.4275E-3 2.02792E-3 1.00007E-3 1.02282E-3 -9999 -9999 -9999 -9999 -9999 -9999 -9999 -9999 -9999 -9999 -9999 -9999 -9999 -9999 -9999 -9999 -9999 -9999 -9999 -9999 -9999 -9999 -9999 -9999 -9999 -9999 -9999 -9999 -9999 -9999 -9999 -9999
0E0 0E0 0E0 0E0 0E0 0E0 0E0 0E0 0E0 0E0 0E0 0E0 0E0 0E0 1.9872E-1 4.96101E-2 1.95389E-2 2.10879E-2 0E0 0E0 5.85004E-2 5.16388E-2 5.66037E-2 1.3621E-1 5.34275E-2 2.31605E-2 7.80466E-2 3.07529E-1 3.36473E-1 2.08585E-1 1.11861E-2 9.05664E-3 7.60479E-3 7.62309E-2 2.99419E-2 5.67266E-3 7.44224E-4 4.20854E-4 1.25317E-3 1.84758E-3 1.30849E-3 1.33637E-3 2.5786E-3 1.00696E-3 -9999 -9999 -9999 -9999 -9999 -9999 -9999 -9999 -9999 -9999 -9999 -9999 -9999 -9999 -9999 -9999 -9999 -9999 -9999 -9999 -9999 -9999 -9999 -9999 -9999 -9999 -9999 -9999 -9999 -9999 -9999 -9999 -9999 -9999
0E0 0E0 0E0 0E0 0E0 0E0 0E0 0E0 0E0 0E0 0E0 0E0 0E0 0E0 1.22882E-1 3.88863E-2 5.67281E-2 4.34706E-2 0E0 0E0 8.24225E-2 5.07491E-2 3.45874E-2 4.1348E-2 5.29677E-2 2.37062E-1 2.31047E-2 4.30257E-1 2.09559E-1 1.74216E-2 1.50685E-2 7.03286E-3 1.67908E-2 1.85765E-2 2.99968E-3 3.38181E-3 6.13225E-4 3.37358E-4 6.09541E-4 2.89426E-3 1.32803E-3 1.14068E-3 1.27076E-3 -9999 -9999 -9999 -9999 -9999 -9999 -9999 -9999 -9999 -9999 -9999 -9999 -9999 -9999 -9999 -9999 -9999 -9999 -9999 -9999 -9999 -9999 -9999 -9999 -9999 -9999 -9999 -9999 -9999 -9999 -9999 -9999 -9999 -9999 -9999
0E0 0E0 0E0 0E0 0E0 0E0 0E0 0E0 0E0 0E0 0E0 0E0 2.51556E-1 2.19763E-1 9.04623E-2 9.91417E-2 3.27987E-1 0E0 0E0 3.88865E-1 1.26678E-1 6.98935E-2 8.60444E-2 3.75337E-2 9.99397E-2 6.51946E-2 2.5427E-1 3.76062E-1 2.96869E-1 1.71901E-2 1.53833E-2 3.72337E-2 1.95305E-2 4.8627E-3 3.16054E-4 1.4392E-4 1.16635E-4 5.43779E-4 1.73321E-3 2.39059E-3 3.00841E-3 1.17946E-3 -9999 -9999 -9999 -9999 -9999 -9999 -9999 -9999 -9999 -9999 -9999 -9999 -9999 -9999 -9999 -9999 -9999 -9999 -9999 -9999 -9999 -9999 -9999 -9999 -9999 -9999 -9999 -9999 -9999 -9999 -9999 -9999 -9999 -9999 -9999 -9999
0E0 0E0 0E0 0E0 0E0 0E0 0E0 0E0 0E0 0E0 0E0 0E0 0E0 0E0 2.01245E-1 1.08678E-1 0E0 0E0 5.76181E-1 5.62483E-2 6.29504E-2 1.65391E-2 2.85693E-2 1.75661E-1 1.68525E-1 1.21426E-1 7.04851E-2 4.01862E-2 3.52593E-2 4.64189E-2 9.12219E-2 9.45742E-2 3.64634E-2 1.54511E-3 1.35563E-3 3.34805E-4 7.17015E-4 1.49789E-3 4.18835E-3 2.2755E-3 3.09019E-3 -9999 -9999 -9999 -9999 -9999 -9999 -9999 -9999 -9999 -9999 -9999 -9999 -9999 -9999 -9999 -9999 -9999 -9999 -9999 -9999 -9999 -9999 -9999 -9999 -9999 -9999 -9999 -9999 -9999 -9999 -9999 -9999 -9999 -9999 -9999 -9999 -9999
