ENM/Final_Models/M_2_F_q_Set_1_NE/Gustavia_santanderiensis_6_Choco.asc
ncols         367
nrows         963
xllcorner     -78.6
yllcorner     0.65
cellsize      0.00833333333333323
NODATA_value  -9999
[rows 816 to 849 of 963, columns 78 to 155 of 367]
0E0 0E0 0E0 0E0 0E0 0E0 0E0 0E0 0E0 0E0 0E0 0E0 0E0 0E0 0E0 0E0 0E0 0E0 0E0 1.14153E-1 0E0 0E0 0E0 0E0 3.62318E-2 1.97869E-2 1.20104E-1 2.23413E-1 1.95221E-1 5.82127E-1 5.19995E-1 4.77018E-1 7.16828E-1 6.58391E-1 4.7649E-1 1.92779E-1 -9999 -9999 -9999 -9999 7.17904E-1 8.44763E-1 4.95502E-1 -9999 -9999 -9999 -9999 3.72369E-1 4.45058E-1 1.28868E-1 1.17213E-1 1.77116E-1 5.95787E-2 4.26629E-2 3.85904E-2 1.03281E-1 9.91723E-2 1.63565E-1 6.03092E-2 1.76511E-2 9.76219E-3 4.63721E-2 1.90185E-2 1.23637E-2 9.07387E-3 2.12496E-3 2.85029E-3 2.13206E-3 2.04077E-3 1.46766E-3 2.42192E-4 1.20995E-4 4.24142E-5 1.44499E-5 2.75385E-4 2.84741E-3 5.49183E-3 4.60524E-3
0E0 0E0 0E0 0E0 0E0 0E0 0E0 0E0 0E0 0E0 0E0 0E0 0E0 0E0 0E0 0E0 0E0 0E0 0E0 0E0 0E0 0E0 0E0 0E0 2.52687E-2 2.7321E-2 0E0 2.53877E-1 1.50664E-1 5.7064E-1 5.92138E-1 6.27354E-1 7.90876E-1 7.45752E-1 4.26422E-1 2.35881E-1 -9999 -9999 -9999 -9999 -9999 7.30306E-1 -9999 -9999 -9999 -9999 -9999 -9999 3.87318E-1 1.11773E-1 1.40627E-1 3.27478E-1 1.27266E-1 1.97718E-1 2.86556E-1 3.84105E-1 3.44772E-1 2.03523E-2 1.81354E-2 2.34658E-2 1.04222E-2 9.09297E-3 5.51122E-3 3.33753E-3 2.47451E-3 6.2168E-4 1.80794E-3 6.75376E-4 4.32398E-4 7.95583E-4 4.4657E-5 2.32814E-5 4.95719E-6 5.98696E-6 2.01211E-4 9.80487E-3 -9999 -9999
0E0 0E0 0E0 0E0 0E0 0E0 0E0 0E0 0E0 0E0 0E0 0E0 0E0 0E0 0E0 0E0 0E0 0E0 0E0 0E0 0E0 0E0 0E0 0E0 0E0 0E0 1.87773E-2 3.96794E-2 0E0 3.98329E-1 4.54164E-1 5.61414E-1 5.41977E-1 5.28741E-1 4.07622E-1 3.68253E-1 -9999 -9999 -9999 -9999 -9999 -9999 -9999 -9999 -9999 -9999 -9999 -9999 5.19868E-1 6.99008E-1 4.12562E-1 5.78802E-1 1.93385E-1 5.24193E-2 2.71511E-1 1.59504E-1 1.42528E-1 1.12336E-1 4.60366E-2 1.30618E-2 3.51094E-3 9.70237E-3 7.98247E-3 4.28789E-3 1.0516E-2 3.61885E-3 5.21302E-4 1.51526E-4 1.13497E-4 9.64949E-5 2.02398E-5 4.18328E-6 1.68051E-6 9.33093E-6 1.91987E-4 6.09812E-3 -9999 -9999
0E0 0E0 0E0 0E0 0E0 0E0 0E0 0E0 0E0 0E0 0E0 0E0 0E0 0E0 0E0 0E0 0E0 0E0 0E0 0E0 0E0 0E0 0E0 0E0 0E0 2.51749E-2 2.18822E-2 3.08251E-2 0E0 0E0 4.54588E-1 2.34219E-1 4.17311E-1 3.91053E-1 -9999 -9999 -9999 -9999 -9999 -9999 -9999 -9999 -9999 -9999 -9999 -9999 -9999 -9999 3.11863E-1 5.09431E-1 7.21031E-1 2.35864E-1 3.23239E-2 1.94788E-2 2.28777E-1 9.53934E-2 2.53014E-2 3.60234E-2 7.50032E-2 2.18083E-2 1.28542E-3 4.66648E-3 6.32155E-3 2.21627E-2 7.56169E-3 3.93544E-3 3.24946E-4 1.34963E-4 2.27531E-5 3.15538E-6 9.30032E-7 1.25152E-6 2.11743E-6 2.92793E-5 1.20074E-3 2.0395E-2 1.28206E-2 -9999
0E0 0E0 0E0 0E0 0E0 0E0 0E0 0E0 0E0 0E0 0E0 0E0 0E0 0E0 0E0 0E0 0E0 0E0 0E0 0E0 0E0 0E0 0E0 0E0 0E0 3.45345E-2 3.06051E-2 0E0 0E0 8.76718E-2 5.36194E-1 2.90123E-1 2.0505E-1 3.17987E-1 3.31572E-1 -9999 -9999 -9999 -9999 -9999 -9999 -9999 -9999 -9999 -9999 -9999 -9999 -9999 2.21239E-1 2.76095E-1 5.06715E-1 2.39064E-1 6.16633E-2 1.51675E-2 5.39359E-2 8.67312E-2 2.12291E-2 7.62442E-3 5.70271E-3 1.87108E-2 1.86529E-3 2.30316E-4 7.47635E-3 3.90867E-3 7.61323E-3 1.58117E-2 7.35801E-4 2.26493E-4 7.37946E-5 2.9813E-6 4.60147E-7 6.27338E-7 3.87772E-6 7.13517E-5 3.24644E-3 9.4176E-3 1.03345E-2 -9999
0E0 0E0 0E0 0E0 0E0 0E0 0E0 0E0 0E0 0E0 0E0 0E0 0E0 0E0 0E0 0E0 0E0 0E0 0E0 0E0 0E0 0E0 0E0 0E0 0E0 0E0 0E0 2.28338E-2 0E0 0E0 6.49886E-2 8.06411E-2 5.96276E-2 6.36122E-2 3.51258E-2 1.11851E-1 -9999 -9999 -9999 -9999 -9999 -9999 -9999 -9999 -9999 -9999 -9999 -9999 7.72779E-2 4.13181E-1 7.34544E-1 3.8178E-1 3.65238E-2 1.29859E-2 2.83501E-2 1.62013E-2 1.22191E-2 4.73294E-3 2.41329E-3 4.2587E-3 1.56387E-3 9.58499E-5 4.67218E-4 1.77679E-4 1.25357E-3 6.53439E-3 8.07218E-4 1.24049E-4 1.80377E-5 2.2517E-5 3.13397E-6 1.36443E-6 1.68958E-5 2.70692E-4 3.78077E-3 2.09206E-2 3.14594E-2 -9999
0E0 0E0 0E0 0E0 0E0 0E0 0E0 0E0 0E0 0E0 0E0 0E0 0E0 0E0 0E0 0E0 0E0 0E0 0E0 0E0 0E0 0E0 0E0 0E0 0E0 2.59079E-2 4.20724E-2 3.93581E-2 0E0 4.63094E-2 3.05258E-2 0E0 7.14579E-2 9.05702E-2 4.32916E-2 9.33848E-2 3.32296E-1 -9999 -9999 -9999 -9999 -9999 -9999 -9999 -9999 -9999 -9999 -9999 9.99876E-2 2.87192E-1 5.59424E-1 6.25186E-1 1.77387E-1 7.65532E-2 2.19986E-2 9.15857E-3 9.94255E-3 4.46281E-3 1.80363E-3 3.63697E-4 3.76693E-4 2.85875E-4 2.4384E-4 4.34002E-5 3.69318E-4 3.62561E-3 1.2584E-3 2.48013E-4 2.24917E-4 3.36101E-5 6.30216E-6 1.88226E-6 1.24028E-5 8.51533E-5 6.62228E-3 2.40566E-2 -9999 -9999
0E0 0E0 0E0 0E0 0E0 0E0 0E0 0E0 0E0 0E0 0E0 0E0 0E0 0E0 0E0 0E0 0E0 0E0 0E0 0E0 0E0 0E0 0E0 0E0 0E0 2.49165E-2 2.4351E-2 2.83485E-2 2.74352E-2 3.51272E-2 4.31424E-2 0E0 6.59623E-2 9.64519E-2 9.94595E-2 1.76678E-1 2.75066E-1 -9999 -9999 -9999 -9999 -9999 -9999 -9999 -9999 -9999 -9999 -9999 4.15697E-2 2.8096E-1 3.19009E-1 2.56068E-1 2.23447E-1 2.36882E-1 9.91605E-2 2.91293E-2 1.51398E-2 1.08268E-2 1.07426E-2 6.96291E-3 2.18786E-3 6.28251E-3 2.9493E-4 2.88708E-5 2.03039E-4 2.10588E-3 2.07055E-4 3.25284E-5 5.75817E-5 1.63996E-5 7.15189E-6 1.85563E-6 2.93401E-6 2.39208E-4 6.38057E-3 2.82429E-2 -9999 -9999
0E0 0E0 0E0 0E0 0E0 0E0 0E0 0E0 0E0 0E0 0E0 0E0 0E0 0E0 0E0 0E0 0E0 0E0 0E0 0E0 0E0 0E0 0E0 0E0 0E0 3.00841E-2 3.81081E-2 2.90449E-2 0E0 0E0 5.84457E-2 5.67937E-2 4.92004E-2 6.98945E-2 8.63929E-2 1.01978E-1 1.51465E-1 -9999 -9999 -9999 -9999 -9999 -9999 -9999 -9999 -9999 -9999 -9999 9.72611E-3 3.71917E-2 9.09332E-2 6.29607E-2 6.37218E-2 2.41236E-2 1.74198E-2 1.71541E-2 1.53863E-2 6.75423E-3 6.85988E-3 3.39125E-3 3.51071E-3 3.8567E-3 5.3284E-4 5.50433E-5 4.05841E-5 7.22027E-4 1.43394E-4 2.22596E-5 3.00887E-6 1.33651E-6 1.53652E-6 7.12406E-7 1.52984E-5 5.07453E-4 9.21128E-3 2.05121E-2 -9999 -9999
0E0 0E0 0E0 0E0 0E0 0E0 0E0 0E0 0E0 0E0 0E0 0E0 0E0 0E0 0E0 0E0 0E0 0E0 0E0 0E0 0E0 0E0 0E0 0E0 0E0 0E0 4.29447E-2 4.37294E-2 5.58205E-2 4.43161E-2 4.34456E-2 0E0 0E0 2.69849E-2 3.16107E-2 1.0747E-1 1.9396E-1 -9999 -9999 -9999 -9999 -9999 -9999 -9999 -9999 -9999 -9999 -9999 -9999 5.10784E-2 4.47936E-2 2.69726E-2 4.28209E-2 2.06565E-2 3.37542E-3 2.77955E-3 1.05426E-2 4.53362E-3 5.51338E-3 2.32912E-3 9.35196E-4 3.43712E-3 1.54759E-4 2.9083E-5 3.107E-5 3.04884E-4 1.86914E-4 2.55274E-5 2.05791E-5 8.92993E-7 2.99623E-7 1.53341E-6 1.4386E-5 8.02441E-4 1.34853E-2 1.99768E-2 -9999 -9999
0E0 0E0 0E0 0E0 0E0 0E0 0E0 0E0 0E0 0E0 0E0 0E0 0E0 0E0 0E0 0E0 0E0 0E0 0E0 0E0 0E0 0E0 0E0 0E0 0E0 0E0 4.41379E-2 3.2606E-1 1.53001E-1 0E0 0E0 3.18576E-2 2.63423E-2 7.00078E-2 1.33366E-1 1.59162E-1 1.44536E-1 5.06716E-2 -9999 -9999 -9999 -9999 -9999 -9999 -9999 -9999 -9999 -9999 1.04246E-2 2.73268E-2 2.9133E-2 2.61484E-2 2.13638E-2 1.85047E-2 6.95735E-3 4.15326E-3 2.13953E-3 2.15578E-3 1.08331E-3 3.91931E-4 7.75515E-4 1.08728E-4 1.19227E-5 7.44947E-6 2.52753E-6 2.76051E-5 4.81943E-5 1.99057E-6 1.43431E-6 1.653E-6 1.31623E-6 3.53778E-6 1.35321E-5 1.58329E-4 1.93887E-3 2.30471E-2 -9999 -9999
0E0 0E0 0E0 0E0 0E0 0E0 0E0 0E0 0E0 0E0 1.45718E-2 0E0 0E0 0E0 0E0 0E0 0E0 0E0 0E0 0E0 0E0 0E0 0E0 0E0 0E0 0E0 2.98076E-2 0E0 2.85312E-2 4.47859E-2 4.71864E-2 0E0 3.29091E-2 4.15375E-2 5.16596E-2 4.52562E-2 4.43339E-2 8.40262E-2 5.78521E-2 -9999 -9999 -9999 -9999 -9999 -9999 -9999 -9999 -9999 1.34916E-2 4.90201E-2 1.43811E-2 1.51823E-2 2.94856E-2 2.42388E-2 2.47072E-2 2.22935E-2 7.27188E-3 5.14298E-3 7.76692E-4 3.86813E-4 5.04921E-4 1.33316E-4 4.06876E-5 1.13525E-4 9.40632E-6 5.02107E-6 8.94956E-6 7.99319E-7 1.15534E-5 2.76107E-5 2.0325E-5 4.97934E-6 1.56869E-5 1.63237E-4 5.62135E-3 2.33311E-2 -9999 -9999
0E0 0E0 0E0 0E0 0E0 0E0 0E0 0E0 0E0 0E0 1.62979E-2 1.62009E-2 0E0 0E0 0E0 0E0 0E0 0E0 0E0 0E0 0E0 0E0 0E0 0E0 0E0 0E0 0E0 0E0 0E0 4.02004E-2 3.71166E-2 4.31714E-2 4.29758E-2 6.56502E-2 3.52957E-2 4.04636E-2 3.56785E-2 1.62969E-2 1.86617E-2 2.87002E-2 -9999 -9999 -9999 -9999 -9999 -9999 -9999 -9999 -9999 1.36178E-1 2.77541E-2 4.02254E-2 3.56264E-2 3.94004E-2 1.92281E-2 4.01513E-2 3.1254E-2 6.03825E-3 7.05384E-3 4.05551E-3 2.121E-3 9.47817E-4 7.83515E-4 8.02157E-5 6.05923E-6 8.09586E-7 2.04951E-6 2.7588E-6 1.05502E-5 4.98382E-5 1.57725E-5 4.40085E-6 3.30436E-5 7.70034E-5 1.44302E-3 1.20144E-2 -9999 -9999
0E0 0E0 0E0 0E0 0E0 0E0 0E0 0E0 0E0 0E0 1.83898E-2 1.71103E-2 2.51812E-2 2.73228E-2 0E0 0E0 0E0 0E0 0E0 0E0 0E0 0E0 0E0 0E0 0E0 0E0 0E0 2.68144E-2 0E0 0E0 3.75437E-2 4.2413E-2 5.01188E-2 7.19122E-2 4.21455E-2 3.2361E-2 1.0788E-2 1.96421E-2 2.71535E-2 3.91942E-2 -9999 -9999 -9999 -9999 -9999 -9999 -9999 -9999 -9999 -9999 2.84271E-2 2.96978E-2 3.21105E-2 2.02153E-2 4.73408E-2 2.33875E-2 2.18739E-2 1.84437E-2 1.51769E-2 1.13458E-2 4.08847E-3 4.10092E-3 5.32012E-4 2.59152E-5 1.93066E-6 2.0075E-6 8.34543E-6 2.6819E-5 2.43403E-5 1.21001E-4 9.11721E-5 9.60566E-6 6.39341E-5 5.17122E-5 2.6672E-4 7.12887E-3 1.70918E-2 -9999
0E0 0E0 0E0 0E0 0E0 0E0 0E0 0E0 0E0 0E0 2.50027E-2 1.97324E-2 2.20113E-2 2.39472E-2 0E0 0E0 0E0 0E0 0E0 0E0 2.80357E-2 3.21964E-2 0E0 0E0 0E0 0E0 0E0 4.00089E-2 4.02565E-2 7.06069E-2 4.49674E-2 4.84261E-2 4.16545E-2 2.84502E-2 2.10617E-2 2.18813E-2 6.55883E-3 1.01936E-2 2.65131E-2 4.62556E-2 6.08062E-2 -9999 -9999 -9999 -9999 -9999 -9999 -9999 -9999 -9999 -9999 -9999 4.91674E-2 6.48791E-2 5.27463E-2 3.80796E-2 3.00361E-2 1.13503E-2 3.52367E-3 4.81045E-3 1.32632E-3 3.06472E-4 2.75357E-4 4.64834E-5 2.41412E-6 1.68905E-6 3.30718E-5 1.464E-4 3.37871E-4 2.32469E-4 1.10583E-4 6.18587E-5 1.92883E-4 1.46525E-4 2.64445E-4 8.64999E-3 1.92652E-2 -9999
0E0 0E0 0E0 0E0 0E0 0E0 0E0 0E0 0E0 0E0 0E0 2.4034E-2 2.25622E-2 2.50033E-2 2.48924E-2 2.97743E-2 0E0 0E0 0E0 2.52836E-2 5.59078E-2 5.60225E-2 0E0 0E0 0E0 0E0 0E0 4.57699E-2 5.40916E-2 6.2851E-2 5.85165E-2 3.36674E-2 2.18374E-2 3.04207E-2 3.07132E-2 2.51976E-2 7.02143E-3 1.8628E-2 9.09109E-2 8.91998E-2 3.63693E-1 7.83549E-2 1.30199E-1 -9999 -9999 -9999 -9999 -9999 -9999 -9999 -9999 -9999 -9999 2.96296E-2 2.16948E-2 1.05302E-2 4.65161E-2 3.96824E-2 1.48549E-2 1.30735E-2 6.10301E-3 6.26768E-4 2.44772E-4 6.25881E-5 2.21654E-5 5.19277E-6 3.90029E-6 3.09982E-5 3.35912E-4 7.89975E-4 3.71469E-4 2.31541E-4 1.19242E-3 3.05182E-4 5.76688E-4 1.33095E-2 2.51885E-2 -9999
0E0 0E0 0E0 0E0 0E0 0E0 0E0 0E0 0E0 0E0 0E0 0E0 2.49563E-2 2.90417E-2 3.52309E-2 3.50517E-2 0E0 0E0 0E0 0E0 0E0 0E0 0E0 0E0 0E0 0E0 3.27499E-2 8.9773E-2 7.31497E-2 8.92389E-2 4.11217E-2 2.75842E-2 2.5847E-2 2.81871E-2 2.04483E-2 5.48429E-2 1.33754E-2 5.00074E-2 7.91759E-2 9.7844E-2 1.09244E-1 8.04989E-2 3.52046E-2 6.35341E-2 -9999 -9999 -9999 -9999 -9999 -9999 -9999 -9999 -9999 -9999 9.49368E-3 1.67051E-3 7.0722E-3 1.45518E-2 1.05048E-2 1.0883E-2 1.39855E-2 5.39651E-3 1.42416E-3 6.70565E-4 1.76098E-4 8.42968E-6 1.96761E-6 3.87672E-5 2.05051E-4 1.30126E-3 3.69867E-3 5.14958E-3 2.48929E-3 2.50326E-4 7.11517E-4 1.45898E-2 2.12056E-2 -9999
0E0 0E0 0E0 0E0 0E0 0E0 0E0 0E0 0E0 0E0 0E0 0E0 0E0 2.72385E-2 2.98738E-2 2.92355E-2 3.26856E-2 0E0 0E0 0E0 0E0 0E0 0E0 0E0 0E0 0E0 3.73385E-2 1.1769E-1 1.05827E-1 5.95957E-2 2.66568E-2 2.78594E-2 3.51246E-2 2.8368E-2 1.56674E-2 1.74391E-2 5.18473E-2 1.14465E-1 6.47646E-2 4.87676E-2 3.75166E-2 1.78688E-2 3.4828E-3 1.05245E-2 1.01435E-1 -9999 -9999 -9999 -9999 -9999 -9999 -9999 -9999 -9999 1.75648E-2 1.36157E-3 4.28318E-4 9.33108E-3 3.59116E-3 4.25168E-3 6.3944E-3 3.22851E-3 5.12102E-4 2.76165E-4 5.18975E-5 1.1675E-5 7.41051E-7 3.65129E-6 5.5335E-5 1.30231E-4 2.92758E-3 1.18066E-2 4.0982E-3 2.62563E-4 1.16869E-3 1.608E-2 2.94971E-2 -9999
0E0 0E0 0E0 0E0 0E0 0E0 0E0 0E0 1.51935E-2 1.75933E-2 0E0 0E0 0E0 2.15494E-2 2.04756E-2 2.90595E-2 5.04878E-2 0E0 0E0 0E0 0E0 0E0 0E0 0E0 0E0 3.60843E-2 6.6856E-2 8.89956E-2 8.02525E-2 6.32543E-2 2.63051E-2 1.98717E-2 2.38855E-2 1.88988E-2 1.12049E-2 1.78979E-2 3.38987E-2 4.602E-2 3.3361E-2 2.1014E-2 9.7925E-4 1.56159E-3 3.57865E-3 3.1419E-3 1.30309E-2 1.77397E-2 -9999 -9999 -9999 -9999 -9999 -9999 -9999 -9999 -9999 2.72188E-3 4.37915E-4 6.05164E-3 2.50494E-3 3.17386E-3 1.95638E-3 4.15926E-3 3.33839E-4 1.83176E-5 5.83484E-6 1.2676E-6 2.26141E-6 3.41369E-5 1.31789E-4 1.28586E-4 2.35499E-4 6.42194E-3 2.76443E-3 2.72116E-3 8.70537E-3 1.79562E-2 6.43066E-2 -9999
0E0 0E0 0E0 0E0 0E0 0E0 0E0 0E0 1.79674E-2 1.9209E-2 1.77735E-2 0E0 0E0 2.11694E-2 2.5971E-2 3.48533E-2 3.03957E-2 0E0 0E0 0E0 0E0 0E0 0E0 0E0 3.7498E-2 5.06175E-2 8.16107E-2 7.07534E-2 6.48515E-2 3.91983E-2 1.66343E-2 3.76218E-2 1.07294E-2 1.66146E-2 1.08875E-2 1.75885E-2 2.7925E-2 1.26209E-2 3.43278E-2 4.39093E-3 1.64309E-4 1.02105E-3 1.18075E-4 3.00985E-4 8.64579E-4 6.47558E-3 1.85561E-2 -9999 -9999 -9999 -9999 -9999 -9999 -9999 -9999 1.25997E-2 2.65445E-3 2.86615E-3 5.67111E-4 1.22357E-3 4.41675E-4 6.02454E-4 4.92912E-4 1.49248E-5 1.96169E-6 6.13147E-7 3.44187E-6 9.61132E-5 4.33887E-4 9.37249E-4 1.03658E-3 8.38444E-3 8.73462E-3 5.05118E-3 2.31262E-2 5.26949E-2 -9999 -9999
0E0 0E0 0E0 0E0 0E0 0E0 0E0 0E0 1.79842E-2 1.90506E-2 1.55065E-2 1.7443E-2 0E0 0E0 0E0 3.3882E-2 3.86681E-2 0E0 0E0 0E0 0E0 0E0 0E0 0E0 5.23658E-2 9.21855E-2 7.75177E-2 5.70958E-2 4.05569E-2 2.03435E-2 1.30383E-2 7.85464E-3 9.5833E-3 1.10941E-2 2.33141E-3 2.39962E-3 5.87531E-3 1.13743E-2 2.95744E-2 3.95502E-4 4.4668E-5 5.71243E-5 6.87411E-6 1.93725E-5 1.40957E-4 3.53233E-4 2.32194E-3 1.16448E-2 2.09335E-2 -9999 -9999 -9999 -9999 -9999 -9999 4.90385E-2 1.35035E-2 1.15978E-2 1.48091E-3 7.06771E-3 1.23246E-3 1.72828E-4 3.41854E-5 2.87402E-6 3.8579E-6 1.2008E-6 5.38212E-6 2.15155E-4 1.98705E-3 4.33427E-3 7.47487E-3 7.80399E-3 1.03262E-2 1.91064E-2 2.34619E-2 -9999 -9999 -9999
0E0 0E0 0E0 0E0 0E0 0E0 0E0 0E0 1.80357E-2 1.74366E-2 1.79698E-2 2.10428E-2 2.62211E-2 0E0 0E0 3.24248E-2 4.41629E-2 0E0 0E0 0E0 0E0 0E0 0E0 4.61605E-2 9.02949E-2 8.27293E-2 4.83964E-2 2.84451E-2 3.43198E-2 1.26542E-2 2.14878E-3 1.09864E-2 5.04663E-3 2.34948E-4 5.37216E-5 4.8379E-5 6.7711E-5 4.35777E-4 1.51085E-3 2.41115E-4 1.88029E-5 3.5956E-6 8.3948E-7 5.41468E-6 1.50255E-5 6.80377E-5 1.16126E-3 1.01386E-2 2.78275E-2 1.4673E-2 -9999 7.52944E-2 -9999 -9999 -9999 -9999 -9999 -9999 4.21753E-3 9.44685E-3 1.49547E-3 6.69693E-5 3.60302E-6 1.50741E-6 1.45096E-5 3.08173E-6 1.81723E-4 2.38858E-3 4.00007E-3 1.8738E-2 2.77468E-2 8.37276E-3 1.43755E-2 1.95816E-2 -9999 -9999 -9999 -9999
0E0 0E0 0E0 0E0 0E0 0E0 1.19869E-2 0E0 0E0 2.02242E-2 2.27423E-2 2.2461E-2 2.04641E-2 0E0 0E0 0E0 0E0 0E0 0E0 0E0 0E0 0E0 7.40304E-2 8.67869E-2 1.04969E-1 8.49253E-2 3.90447E-2 2.43796E-2 2.60002E-2 2.30646E-2 1.45311E-2 1.97876E-2 1.8209E-3 2.12843E-4 4.12916E-4 1.27382E-4 4.89233E-5 4.41867E-4 8.11711E-4 9.47145E-5 3.07242E-6 5.74499E-7 7.0698E-7 3.21733E-6 6.13551E-6 5.55839E-5 6.61618E-4 8.27944E-3 1.77844E-2 5.5376E-2 3.83368E-2 3.34891E-1 -9999 -9999 -9999 -9999 -9999 -9999 2.1884E-3 3.6811E-3 2.76457E-4 3.90785E-5 1.08887E-5 1.76888E-6 2.02336E-5 1.09337E-4 3.52826E-4 1.25985E-3 1.28592E-3 3.56936E-3 1.30407E-2 1.81122E-2 -9999 -9999 -9999 -9999 -9999 -9999
0E0 0E0 0E0 0E0 0E0 0E0 1.01011E-2 0E0 0E0 0E0 1.6658E-2 2.05943E-2 3.11172E-2 0E0 0E0 0E0 0E0 0E0 0E0 0E0 0E0 0E0 0E0 7.97683E-2 5.74396E-2 8.23336E-2 6.806E-2 4.84494E-2 3.41444E-2 3.02578E-2 2.25022E-2 1.344E-2 2.84504E-3 2.79477E-3 1.10195E-3 1.32078E-4 5.83219E-4 9.16087E-5 7.06702E-5 6.11911E-6 8.95394E-7 5.75068E-7 5.11377E-7 3.27178E-6 9.20652E-5 2.72062E-5 8.04495E-4 6.71E-3 6.88977E-3 2.5712E-2 8.64156E-2 8.48323E-2 -9999 -9999 -9999 -9999 -9999 -9999 -9999 4.31292E-3 8.016E-4 1.92857E-5 4.33441E-6 1.13674E-6 8.67596E-6 5.55E-5 1.59643E-4 4.82634E-5 2.43455E-4 2.92207E-3 1.74119E-2 5.59379E-2 -9999 -9999 -9999 -9999 -9999 -9999
0E0 0E0 0E0 0E0 0E0 0E0 0E0 0E0 0E0 0E0 2.02974E-2 1.83283E-2 3.17021E-2 0E0 0E0 0E0 0E0 0E0 0E0 0E0 0E0 0E0 0E0 8.45239E-2 8.08072E-2 4.86652E-2 4.3344E-2 6.27969E-2 4.67701E-2 2.89239E-2 2.14269E-2 2.18466E-2 2.10004E-2 1.64549E-2 9.11771E-3 3.0762E-3 1.41869E-3 2.77858E-5 1.83827E-6 1.33354E-6 3.04585E-7 4.95635E-7 1.57926E-6 2.23133E-6 7.28048E-5 3.89191E-4 2.90389E-3 1.19911E-3 1.16558E-3 9.65838E-3 2.01174E-2 3.95765E-2 -9999 -9999 -9999 -9999 -9999 -9999 -9999 1.53466E-2 1.64012E-3 8.82158E-5 1.25841E-5 1.43091E-6 4.21494E-7 8.41086E-6 2.20251E-5 5.36614E-5 1.32078E-3 8.94891E-3 3.07896E-2 1.84088E-2 -9999 -9999 -9999 -9999 -9999 -9999
0E0 0E0 0E0 0E0 0E0 0E0 0E0 0E0 0E0 1.24602E-2 1.3669E-2 2.01993E-2 1.9224E-2 0E0 0E0 0E0 0E0 0E0 0E0 0E0 0E0 3.14204E-2 0E0 7.7141E-2 9.64742E-2 7.19346E-2 6.58979E-2 5.99891E-2 3.84387E-2 3.71512E-2 3.39211E-2 2.60006E-2 3.60511E-2 2.27162E-2 1.39153E-2 9.67601E-3 1.14119E-3 1.70373E-4 9.14312E-6 3.39644E-6 4.6648E-7 1.17421E-6 4.1766E-6 2.24568E-5 6.48361E-5 3.31354E-4 2.51583E-4 4.08827E-5 1.79125E-4 1.54175E-3 1.56356E-2 3.75958E-2 1.04669E-1 -9999 -9999 -9999 -9999 -9999 -9999 -9999 1.59881E-3 4.19366E-5 1.11697E-5 2.6958E-6 9.65086E-7 1.21602E-5 8.17216E-5 2.89518E-4 7.18022E-4 3.62398E-3 3.3862E-2 -9999 -9999 -9999 -9999 -9999 -9999 -9999
0E0 0E0 0E0 0E0 0E0 0E0 0E0 0E0 0E0 1.37021E-2 1.46761E-2 2.34136E-2 0E0 0E0 0E0 0E0 0E0 0E0 0E0 0E0 0E0 0E0 0E0 6.46194E-2 1.04054E-1 9.268E-2 7.28023E-2 3.33655E-2 2.56003E-2 2.45187E-2 1.26835E-2 1.96913E-2 2.87435E-2 9.58708E-3 6.29495E-3 7.05779E-4 1.36771E-4 1.99871E-4 1.19927E-5 3.5942E-6 1.16945E-6 9.39316E-7 2.00578E-6 4.78243E-6 2.37806E-5 3.522E-4 8.86199E-5 1.01937E-5 6.06078E-5 5.91576E-3 5.19637E-2 3.14369E-2 2.28347E-2 -9999 -9999 -9999 -9999 -9999 -9999 -9999 3.19705E-4 4.88684E-5 7.11119E-6 4.54266E-6 7.95544E-6 1.07599E-4 4.0673E-4 1.9592E-3 5.64212E-4 2.10428E-2 3.86388E-2 -9999 -9999 -9999 -9999 -9999 -9999 -9999
0E0 0E0 0E0 0E0 0E0 0E0 0E0 0E0 0E0 0E0 0E0 0E0 0E0 0E0 0E0 0E0 0E0 0E0 0E0 0E0 0E0 0E0 0E0 3.52941E-2 7.31947E-2 7.34723E-2 5.27918E-2 2.58796E-2 1.62298E-2 1.36456E-2 6.29217E-3 6.36541E-3 1.583E-2 4.18028E-3 3.74502E-5 1.52525E-5 2.57575E-5 4.94938E-5 5.6948E-5 1.09276E-5 3.50187E-6 1.27082E-6 1.29396E-6 5.62314E-6 2.82002E-5 1.90514E-4 1.17387E-5 1.25596E-5 4.39607E-5 9.69248E-4 3.24529E-3 2.52378E-3 1.17914E-2 6.01807E-3 -9999 -9999 -9999 -9999 -9999 -9999 -9999 3.48821E-5 4.15809E-6 9.07545E-6 1.20998E-4 3.05136E-4 1.36405E-3 4.73546E-3 6.18293E-3 4.85535E-2 -9999 -9999 -9999 -9999 -9999 -9999 -9999 -9999
0E0 0E0 0E0 0E0 0E0 0E0 0E0 0E0 0E0 0E0 0E0 0E0 0E0 0E0 0E0 0E0 0E0 0E0 0E0 0E0 0E0 0E0 0E0 2.98906E-2 4.85288E-2 8.32084E-2 4.48219E-2 2.03172E-2 8.22341E-3 2.79004E-3 9.48915E-4 5.78042E-4 4.5128E-4 8.63683E-5 6.77401E-6 1.58735E-6 2.87204E-6 6.5891E-6 1.53036E-5 2.68762E-5 5.74573E-6 1.28282E-6 1.29747E-6 3.61855E-6 1.78107E-5 1.23073E-4 3.26625E-6 4.42837E-6 1.45834E-6 1.62256E-5 1.76207E-4 1.84837E-4 4.84396E-3 8.35621E-3 2.14701E-2 -9999 -9999 -9999 -9999 -9999 -9999 6.53026E-5 1.22701E-5 3.96264E-5 5.91844E-5 5.19425E-5 1.37528E-3 9.22887E-3 -9999 -9999 -9999 -9999 -9999 -9999 -9999 -9999 -9999 -9999
0E0 0E0 0E0 0E0 0E0 0E0 0E0 0E0 0E0 0E0 0E0 0E0 0E0 0E0 0E0 0E0 2.02001E-2 3.05873E-2 3.0908E-2 3.36421E-2 0E0 0E0 3.18559E-2 2.14325E-2 2.67283E-2 4.77589E-2 5.54051E-2 3.61872E-2 1.75482E-2 1.44755E-2 1.01576E-2 4.64625E-3 2.18685E-4 3.61826E-5 3.33033E-5 1.17004E-5 5.98241E-6 1.62301E-6 1.09094E-5 2.65606E-6 4.23272E-6 2.58444E-6 8.7802E-7 2.38331E-6 3.83447E-5 3.36171E-5 1.32516E-6 3.88614E-6 1.27952E-6 6.91801E-7 3.0716E-6 9.01677E-6 1.14153E-3 1.43142E-2 2.30476E-2 1.54379E-1 -9999 -9999 -9999 -9999 -9999 8.2358E-5 1.51018E-5 6.02196E-5 1.75845E-5 6.62216E-5 1.02195E-3 1.08899E-2 -9999 -9999 -9999 -9999 -9999 -9999 -9999 -9999 -9999 -9999
0E0 0E0 0E0 0E0 0E0 0E0 0E0 0E0 0E0 0E0 0E0 0E0 0E0 0E0 0E0 0E0 1.90699E-2 1.97216E-2 2.05444E-2 0E0 0E0 3.09184E-2 2.42522E-2 1.60985E-2 2.59648E-2 3.25839E-2 4.91429E-2 4.05916E-2 3.40028E-2 3.48003E-2 2.05432E-2 1.51007E-2 4.87916E-3 5.32773E-4 6.3693E-5 1.08215E-5 7.45247E-6 2.07553E-6 6.45014E-7 1.4049E-6 1.503E-6 1.87634E-6 1.47603E-6 5.69399E-6 4.45886E-5 2.14273E-5 5.65537E-7 8.97801E-7 5.44292E-7 5.50271E-7 9.04458E-6 8.51059E-5 4.67303E-3 2.2507E-2 4.13746E-2 5.96925E-2 -9999 -9999 -9999 -9999 -9999 3.96642E-4 2.07166E-4 2.34247E-4 5.18052E-4 6.85977E-4 7.79285E-3 -9999 -9999 -9999 -9999 -9999 -9999 3.60995E-2 -9999 -9999 -9999 -9999
0E0 0E0 0E0 0E0 0E0 0E0 0E0 0E0 0E0 0E0 0E0 0E0 0E0 0E0 1.51755E-2 1.6798E-2 1.8072E-2 1.93516E-2 0E0 3.41078E-2 4.09407E-2 4.43547E-2 3.90182E-2 2.21801E-2 2.40889E-2 1.63128E-2 2.18731E-2 2.62315E-2 2.14317E-2 1.06761E-2 3.32321E-3 1.71605E-3 2.94456E-3 5.3437E-4 1.13319E-4 1.14469E-4 4.74171E-5 4.28037E-6 1.526E-6 1.10477E-6 8.51783E-7 9.69165E-7 1.06603E-6 1.48157E-6 4.58948E-6 1.21325E-5 9.97284E-7 6.53245E-7 1.14295E-6 5.22555E-7 1.70122E-6 6.41575E-5 1.35432E-3 3.06348E-2 3.47654E-2 1.12308E-1 2.4772E-1 -9999 -9999 -9999 -9999 4.21458E-3 5.43336E-3 1.01693E-2 4.83287E-3 -9999 -9999 -9999 -9999 -9999 -9999 -9999 1.74304E-2 2.93269E-2 -9999 -9999 -9999 -9999
0E0 0E0 0E0 0E0 0E0 0E0 0E0 0E0 0E0 0E0 0E0 0E0 0E0 0E0 1.85266E-2 0E0 0E0 0E0 0E0 3.16389E-2 3.53006E-2 3.44905E-2 2.22318E-2 3.18466E-2 3.00727E-2 1.97578E-2 1.55142E-2 1.42541E-2 7.08458E-3 7.95687E-3 1.23462E-3 6.01194E-5 4.10086E-4 9.68864E-4 3.50981E-4 1.40114E-4 1.08439E-4 1.84408E-5 6.02035E-6 1.62647E-6 1.12757E-6 1.67922E-6 9.93448E-7 1.55258E-6 5.58914E-7 2.03776E-6 8.58167E-7 9.51198E-7 2.90953E-6 7.15162E-7 1.92012E-6 3.74602E-5 1.34537E-3 1.93887E-2 4.61259E-2 9.20824E-2 1.61082E-1 -9999 -9999 -9999 -9999 1.41729E-2 -9999 -9999 -9999 -9999 -9999 -9999 -9999 -9999 2.10779E-2 2.04307E-2 1.22295E-2 2.06979E-2 -9999 -9999 -9999 2.75946E-3
0E0 0E0 0E0 0E0 0E0 0E0 0E0 0E0 0E0 0E0 0E0 0E0 0E0 0E0 0E0 0E0 0E0 0E0 0E0 0E0 2.99551E-2 1.99305E-2 1.35854E-2 1.49745E-2 1.94358E-2 2.14213E-2 1.5384E-2 1.65167E-2 1.04313E-2 3.11434E-3 1.80758E-3 1.10512E-4 2.62848E-5 1.35672E-4 3.33053E-5 3.57533E-5 1.37611E-5 7.56841E-6 6.19103E-6 2.2172E-6 1.09083E-6 2.27057E-6 1.47887E-6 1.54916E-6 9.92904E-7 8.34437E-7 1.39054E-6 4.74731E-6 1.41376E-6 5.76552E-7 5.6884E-7 6.56914E-6 2.9439E-4 2.3893E-3 3.0491E-2 1.29622E-1 -9999 -9999 -9999 -9999 -9999 -9999 -9999 -9999 -9999 -9999 -9999 -9999 -9999 -9999 2.05338E-2 1.05054E-2 1.65778E-2 1.87251E-2 -9999 -9999 -9999 1.14455E-3
