ENM/Final_Models/M_2_F_q_Set_1_NE/Gustavia_santanderiensis_Choco_stddev.asc
ncols         367
nrows         963
xllcorner     -78.6
yllcorner     0.65
cellsize      0.00833333333333323
NODATA_value  -9999
[rows 816 to 849 of 963, columns 156 to 233 of 367]
6.92374E-3 -9999 -9999 -9999 -9999 -9999 -9999 -9999 -9999 -9999 -9999 -9999 -9999 -9999 -9999 -9999 -9999 -9999 -9999 -9999 -9999 -9999 -9999 -9999 -9999 -9999 -9999 -9999 -9999 -9999 -9999 -9999 -9999 -9999 5.90866E-4 8.96928E-4 7.32786E-4 4.01941E-4 3.23077E-4 9.01135E-5 2.11171E-5 5.48054E-5 2.49861E-4 1.22071E-4 9.86601E-5 4.48966E-5 2.95615E-4 1.21096E-3 1.45809E-3 3.1105E-4 1.16883E-4 4.86834E-5 1.54218E-5 9.97104E-6 1.95405E-5 1.5178E-5 1.68896E-5 8.93636E-6 2.62914E-5 9.54175E-5 4.26401E-5 9.75973E-5 8.94825E-5 7.46946E-5 -9999 -9999 -9999 -9999 -9999 -9999 -9999 -9999 -9999 -9999 -9999 -9999 -9999 -9999
-9999 -9999 -9999 -9999 -9999 -9999 -9999 -9999 -9999 -9999 -9999 -9999 -9999 -9999 -9999 -9999 -9999 -9999 -9999 -9999 -9999 -9999 -9999 -9999 -9999 -9999 -9999 -9999 -9999 -9999 -9999 -9999 4.37076E-3 7.52872E-4 2.26756E-3 1.31667E-3 4.77349E-4 4.06816E-4 2.61138E-4 4.14954E-5 1.38307E-5 1.42777E-5 5.90102E-5 3.09956E-5 1.53689E-5 1.30102E-4 8.79501E-5 3.39319E-4 7.36928E-4 3.6923E-4 1.27539E-4 3.40687E-5 4.59446E-6 4.44087E-6 1.60503E-5 4.92318E-5 7.63266E-5 5.33444E-5 2.71686E-5 3.60244E-5 9.10697E-5 4.4361E-5 7.94726E-5 -9999 -9999 -9999 -9999 -9999 -9999 -9999 -9999 -9999 -9999 -9999 -9999 -9999 -9999 -9999
-9999 -9999 -9999 -9999 -9999 -9999 -9999 -9999 -9999 -9999 -9999 -9999 -9999 3.17079E-3 3.70112E-3 2.72679E-3 -9999 -9999 -9999 -9999 -9999 -9999 -9999 -9999 -9999 -9999 -9999 -9999 -9999 -9999 -9999 -9999 -9999 -9999 2.10777E-3 6.3968E-4 2.07803E-4 1.00948E-4 6.97608E-5 2.29748E-5 2.25265E-5 1.70815E-5 1.35387E-5 1.35109E-5 2.49736E-5 8.05586E-5 1.57025E-4 6.4556E-5 6.22209E-4 6.10485E-4 3.79883E-4 1.59891E-4 2.22347E-5 3.7865E-5 2.37854E-5 2.45538E-5 4.43678E-5 2.80316E-5 2.87549E-5 5.08128E-5 7.16507E-5 1.50786E-4 7.46625E-5 -9999 -9999 -9999 -9999 -9999 -9999 -9999 -9999 -9999 -9999 -9999 -9999 -9999 -9999 -9999
-9999 -9999 -9999 -9999 -9999 -9999 -9999 -9999 -9999 -9999 -9999 -9999 3.5567E-3 2.70247E-3 5.06168E-3 2.43231E-3 2.13885E-3 -9999 -9999 -9999 -9999 -9999 -9999 -9999 -9999 -9999 -9999 -9999 -9999 -9999 -9999 -9999 -9999 -9999 5.37569E-4 6.14589E-4 1.01771E-4 3.74573E-5 3.67375E-5 5.85084E-5 4.63263E-5 1.69866E-5 8.9363E-6 1.31518E-5 1.56348E-5 3.61489E-5 9.56284E-5 5.01333E-5 1.10775E-4 8.35035E-4 2.99477E-4 3.71605E-4 3.14919E-4 5.27539E-4 2.22213E-4 3.16713E-4 1.93408E-4 1.31122E-4 1.03226E-5 4.26742E-5 4.28283E-5 9.36755E-5 2.95421E-5 -9999 -9999 -9999 -9999 -9999 -9999 -9999 -9999 -9999 -9999 -9999 -9999 -9999 -9999 -9999
-9999 -9999 -9999 -9999 -9999 -9999 -9999 -9999 -9999 -9999 -9999 2.29148E-3 4.18908E-3 2.54892E-3 5.33837E-3 4.45345E-3 4.12081E-3 6.36004E-3 -9999 8.24139E-3 1.25386E-2 -9999 -9999 -9999 -9999 -9999 -9999 -9999 -9999 -9999 -9999 -9999 -9999 2.26766E-3 5.08449E-4 9.96249E-4 1.55919E-4 4.23346E-5 3.07772E-5 7.50018E-5 1.07409E-4 1.89443E-5 1.12991E-5 1.06367E-5 6.81474E-6 7.69671E-6 8.48761E-6 1.2694E-5 1.88361E-4 1.61247E-4 1.15364E-4 3.85509E-4 2.06694E-4 4.10334E-5 1.37027E-4 7.84549E-5 2.93997E-5 8.72511E-5 1.27674E-4 1.13117E-4 2.97007E-5 3.37416E-5 1.07422E-4 -9999 -9999 -9999 -9999 -9999 -9999 -9999 -9999 -9999 -9999 -9999 -9999 -9999 -9999 -9999
-9999 -9999 -9999 -9999 -9999 -9999 -9999 -9999 -9999 -9999 -9999 -9999 2.77775E-3 2.91812E-3 5.99348E-3 3.90313E-3 3.34993E-3 4.13771E-3 3.21194E-3 4.84825E-3 1.28783E-2 -9999 -9999 -9999 -9999 -9999 -9999 -9999 -9999 -9999 7.18842E-3 9.60471E-3 7.88241E-3 3.12627E-3 7.58619E-4 6.42422E-4 5.93916E-4 1.25122E-4 1.25608E-4 1.22737E-4 4.81045E-5 2.39002E-5 1.10929E-5 1.40662E-5 1.94215E-5 6.18612E-5 3.53454E-5 1.17765E-5 3.63942E-5 4.92659E-5 3.34247E-5 1.49191E-4 2.82113E-4 5.23936E-5 4.2652E-5 7.83313E-5 2.974E-5 6.00513E-5 6.39351E-5 3.62899E-5 3.73786E-5 2.68053E-5 1.78473E-5 -9999 -9999 -9999 -9999 -9999 -9999 -9999 -9999 -9999 -9999 -9999 -9999 -9999 -9999 -9999
-9999 -9999 -9999 -9999 -9999 -9999 -9999 -9999 -9999 -9999 -9999 4.6453E-3 6.6861E-3 -9999 -9999 3.04142E-3 4.71717E-3 2.71314E-3 4.57433E-3 8.78664E-3 -9999 -9999 -9999 -9999 -9999 -9999 -9999 -9999 -9999 -9999 -9999 -9999 -9999 -9999 -9999 -9999 2.59396E-4 1.78916E-4 1.26201E-4 2.38449E-4 1.23159E-4 6.15244E-5 2.43567E-5 1.45012E-5 1.20823E-5 1.11656E-4 1.531E-4 7.75382E-6 1.6093E-5 2.43003E-5 1.32219E-5 2.04865E-5 8.56731E-5 7.30468E-5 2.66348E-5 6.19737E-5 4.35571E-5 2.93825E-5 4.28753E-5 2.52676E-5 7.11745E-6 1.18986E-5 2.76259E-5 -9999 -9999 -9999 -9999 -9999 -9999 -9999 -9999 -9999 -9999 -9999 -9999 -9999 -9999 -9999
-9999 -9999 -9999 -9999 -9999 -9999 -9999 -9999 -9999 -9999 -9999 -9999 -9999 -9999 -9999 2.72496E-3 2.99542E-3 2.39307E-3 5.35931E-3 8.48111E-3 -9999 -9999 -9999 -9999 -9999 -9999 -9999 -9999 -9999 -9999 -9999 -9999 -9999 -9999 -9999 -9999 -9999 4.76262E-4 3.5566E-4 5.59758E-4 9.14348E-5 2.30336E-5 1.87493E-5 2.52927E-5 7.47799E-5 6.9918E-5 4.26187E-5 2.13764E-5 3.17883E-5 4.95963E-5 2.8744E-5 3.90876E-5 1.91009E-5 5.36056E-5 2.72719E-5 3.83279E-5 7.20458E-5 4.23737E-5 5.14563E-5 2.1882E-5 6.215E-5 6.63695E-5 1.4746E-4 1.31022E-4 -9999 -9999 -9999 -9999 -9999 -9999 -9999 -9999 -9999 -9999 -9999 -9999 -9999 -9999
-9999 -9999 -9999 -9999 -9999 -9999 -9999 -9999 -9999 -9999 -9999 -9999 -9999 -9999 -9999 2.73354E-3 2.43608E-3 2.70987E-3 7.4864E-3 1.64145E-2 -9999 -9999 -9999 -9999 -9999 -9999 -9999 -9999 6.84942E-3 1.01981E-2 1.04172E-2 -9999 -9999 -9999 6.57662E-4 5.89367E-4 1.69499E-3 1.74843E-3 1.39352E-3 3.76395E-4 2.02264E-4 7.90262E-5 3.40154E-5 1.11476E-5 2.69383E-5 2.28604E-5 5.3602E-6 2.73576E-5 4.37827E-5 8.58433E-5 7.00736E-5 3.54244E-5 3.00015E-5 3.20391E-5 4.27904E-5 1.14208E-5 2.68342E-5 2.51344E-5 2.92798E-5 1.9519E-5 4.24684E-5 2.70676E-4 2.32008E-4 1.54518E-4 -9999 -9999 -9999 -9999 -9999 -9999 -9999 -9999 -9999 -9999 -9999 -9999 -9999 -9999
-9999 -9999 -9999 -9999 -9999 -9999 -9999 -9999 -9999 -9999 -9999 -9999 -9999 -9999 7.62421E-3 4.07059E-3 4.30661E-3 3.82767E-3 6.2933E-3 1.43624E-2 -9999 -9999 -9999 -9999 -9999 -9999 -9999 -9999 6.89988E-3 5.31002E-3 3.34795E-3 1.21238E-3 5.583E-4 4.32849E-5 4.25381E-5 5.56147E-4 3.32649E-4 8.79322E-4 8.54486E-4 3.87281E-4 2.52119E-4 5.0175E-4 2.97425E-4 7.25344E-5 2.14542E-5 1.0024E-5 1.01385E-5 2.52457E-5 1.32614E-4 2.00005E-4 5.39666E-5 1.9588E-5 3.94701E-5 2.18202E-5 3.62601E-5 2.55899E-5 1.39648E-5 1.78341E-5 3.12915E-5 9.90482E-5 6.45793E-5 5.39796E-5 1.18584E-4 1.75936E-4 -9999 -9999 -9999 -9999 -9999 -9999 -9999 -9999 -9999 -9999 -9999 -9999 -9999 -9999
-9999 -9999 -9999 -9999 -9999 -9999 -9999 -9999 -9999 -9999 -9999 -9999 -9999 4.45101E-3 4.02068E-3 3.50623E-3 4.17042E-3 5.50612E-3 5.07264E-3 7.27907E-3 -9999 -9999 -9999 -9999 -9999 -9999 -9999 -9999 2.13584E-3 1.52849E-3 1.06786E-3 9.58359E-4 2.97713E-4 1.40025E-4 6.58951E-5 2.93033E-4 5.89224E-5 1.34102E-4 3.97746E-4 2.03445E-4 1.67223E-4 8.81218E-5 3.77108E-5 6.20416E-5 5.49571E-5 6.43306E-5 2.36626E-5 1.84164E-5 5.92806E-5 1.57019E-4 7.45392E-5 4.02815E-5 4.61793E-5 4.44548E-5 3.25033E-5 1.907E-5 3.3171E-5 2.75813E-5 3.49358E-5 1.36736E-4 1.70008E-4 2.42366E-4 3.73881E-4 4.80359E-4 -9999 -9999 -9999 -9999 -9999 -9999 -9999 -9999 -9999 -9999 -9999 -9999 -9999 -9999
-9999 -9999 -9999 -9999 -9999 -9999 -9999 -9999 -9999 -9999 -9999 -9999 -9999 -9999 -9999 2.91848E-3 4.81995E-3 3.43208E-3 4.20425E-3 7.75071E-3 -9999 -9999 -9999 -9999 -9999 -9999 -9999 -9999 1.87168E-3 7.5076E-4 3.69088E-4 2.1001E-4 7.82919E-5 4.52296E-5 5.12614E-5 3.41139E-4 9.89291E-5 7.28981E-5 2.09679E-4 1.86639E-4 1.27031E-4 3.30065E-4 2.49895E-5 2.62077E-5 2.68934E-5 3.98166E-5 5.37476E-5 7.75318E-5 1.39617E-5 1.58321E-4 1.36929E-4 7.69909E-5 3.99964E-5 5.55772E-5 3.82549E-5 5.7296E-5 1.10151E-4 1.44552E-4 4.78667E-5 1.56091E-4 1.02528E-4 5.09975E-4 4.76526E-4 5.26064E-4 -9999 -9999 -9999 -9999 -9999 -9999 -9999 -9999 -9999 -9999 -9999 -9999 -9999 -9999
-9999 -9999 -9999 -9999 -9999 -9999 -9999 -9999 -9999 -9999 -9999 -9999 -9999 -9999 -9999 -9999 1.74673E-3 2.20431E-3 4.0507E-3 6.22228E-3 -9999 -9999 6.2712E-3 -9999 -9999 -9999 -9999 -9999 3.13484E-3 5.03148E-4 9.78144E-5 5.82707E-5 3.27602E-5 3.01325E-5 7.18785E-5 1.25327E-4 6.8233E-5 2.20556E-5 4.72754E-5 1.79312E-4 7.46832E-5 2.72846E-5 5.50544E-5 1.9704E-5 3.45126E-5 7.4428E-6 6.88403E-5 4.51961E-5 6.32498E-5 3.10588E-4 2.0477E-4 9.71237E-5 1.52167E-5 2.37661E-5 7.67311E-5 1.64379E-5 4.09238E-5 1.23073E-4 2.37215E-4 1.50798E-4 2.1674E-4 2.538E-4 3.26559E-4 -9999 -9999 -9999 -9999 -9999 -9999 -9999 -9999 -9999 -9999 -9999 -9999 -9999 -9999 -9999
-9999 -9999 -9999 -9999 -9999 -9999 -9999 -9999 -9999 -9999 -9999 -9999 -9999 -9999 -9999 -9999 -9999 1.6774E-3 3.32043E-3 5.20648E-3 -9999 -9999 8.36825E-3 -9999 -9999 -9999 -9999 2.63614E-3 3.11818E-3 9.76178E-4 2.01819E-4 3.38692E-5 2.05216E-5 3.48067E-5 7.14012E-5 4.58767E-5 6.04914E-5 2.50111E-5 3.188E-5 1.53E-4 5.97749E-5 1.25765E-5 9.70864E-6 1.26587E-5 1.53973E-4 7.82117E-5 6.00307E-5 2.52749E-5 4.4512E-5 7.48823E-5 1.99664E-4 1.88153E-4 3.82105E-5 1.29386E-5 3.94868E-5 3.44813E-5 9.35092E-5 2.94592E-4 4.09482E-4 2.98176E-4 3.45778E-4 3.0697E-4 -9999 -9999 -9999 -9999 -9999 -9999 -9999 -9999 -9999 -9999 -9999 -9999 -9999 -9999 -9999 -9999
-9999 -9999 -9999 -9999 -9999 -9999 -9999 -9999 -9999 -9999 -9999 -9999 -9999 -9999 6.66195E-3 -9999 -9999 2.21268E-3 1.80784E-3 3.54288E-3 -9999 -9999 -9999 -9999 -9999 1.14589E-3 1.14507E-3 2.667E-3 1.19806E-3 4.33351E-4 8.4609E-5 3.20809E-5 4.3726E-5 3.42633E-5 5.68743E-5 5.43085E-5 5.24914E-5 4.76829E-5 3.97537E-5 9.03345E-5 1.71607E-5 1.89648E-5 7.00794E-5 3.87983E-5 2.74316E-4 2.14719E-4 8.08919E-5 3.49716E-5 5.52627E-5 2.964E-5 9.19304E-5 1.96604E-4 4.30064E-5 1.35388E-5 8.21316E-5 4.74725E-5 1.629E-4 4.96292E-4 4.77691E-4 6.07183E-4 4.15407E-4 3.52788E-4 -9999 -9999 -9999 -9999 -9999 -9999 -9999 -9999 -9999 -9999 -9999 -9999 -9999 -9999 -9999 -9999
-9999 -9999 -9999 -9999 -9999 -9999 -9999 -9999 -9999 8.72812E-3 1.22831E-2 -9999 -9999 5.71537E-3 7.29771E-3 -9999 -9999 3.7901E-3 2.33903E-3 7.79175E-3 3.24282E-3 -9999 -9999 2.14699E-3 5.81608E-4 4.9257E-4 6.64087E-4 4.89998E-4 2.86956E-4 7.86611E-5 1.43384E-4 5.90455E-5 4.28173E-5 2.55009E-5 6.42547E-5 6.81821E-5 3.53857E-5 4.69556E-5 4.54515E-5 1.2294E-4 6.63886E-5 2.4622E-5 8.34387E-5 2.91266E-4 6.34662E-4 1.03291E-4 4.4073E-5 3.08779E-5 7.85083E-5 9.48165E-5 5.5872E-5 1.13333E-4 8.07038E-5 2.61104E-5 1.4372E-4 2.56749E-4 6.42454E-5 1.38765E-4 2.38679E-4 5.21071E-4 6.83304E-4 3.67101E-4 -9999 -9999 -9999 -9999 -9999 -9999 -9999 -9999 -9999 -9999 -9999 -9999 -9999 -9999 -9999 -9999
-9999 -9999 -9999 -9999 -9999 -9999 -9999 -9999 -9999 7.55386E-3 6.46488E-3 -9999 -9999 5.47841E-3 8.04705E-3 -9999 -9999 3.58698E-3 2.638E-3 4.21159E-3 4.38123E-3 -9999 -9999 1.30578E-3 3.5695E-4 2.75532E-4 1.05279E-4 1.16281E-4 2.17995E-4 1.78526E-4 1.24724E-4 7.05347E-5 2.00801E-5 1.723E-5 4.77301E-5 2.96278E-5 3.15259E-5 1.08679E-4 1.52756E-4 1.37668E-4 8.81387E-5 3.16854E-5 4.10326E-5 3.91567E-4 2.98276E-4 8.85091E-5 2.50533E-5 2.49146E-5 7.24955E-5 8.97495E-5 5.55773E-5 1.20891E-4 9.42898E-5 9.28896E-5 2.62967E-4 6.47085E-4 2.85974E-4 3.90057E-4 3.30646E-4 6.43146E-4 6.23322E-4 1.11958E-3 -9999 -9999 -9999 -9999 -9999 -9999 -9999 -9999 -9999 -9999 -9999 -9999 -9999 -9999 -9999 -9999
-9999 -9999 -9999 -9999 -9999 -9999 -9999 -9999 -9999 7.98306E-3 5.64144E-3 -9999 -9999 6.63664E-3 7.31597E-3 -9999 -9999 3.10324E-3 9.7028E-3 1.33039E-2 5.81944E-3 -9999 -9999 3.1087E-4 1.46287E-4 1.41036E-4 1.34772E-4 2.97841E-4 1.70243E-4 6.44835E-5 3.32582E-5 2.63525E-5 2.1271E-5 1.24631E-5 2.91081E-5 2.90699E-5 9.18569E-6 5.41411E-5 6.80588E-5 2.9914E-4 2.92841E-4 1.18282E-4 1.31314E-4 4.68432E-4 2.26651E-4 1.51684E-4 8.47379E-5 5.17123E-5 1.05524E-4 5.12481E-5 7.93964E-5 2.69271E-4 3.48946E-4 1.05534E-4 2.20909E-4 2.79242E-4 4.00302E-4 3.3617E-4 6.6601E-4 4.7405E-4 8.49286E-4 -9999 -9999 -9999 -9999 -9999 -9999 -9999 -9999 -9999 -9999 -9999 -9999 -9999 -9999 -9999 -9999 -9999
-9999 -9999 -9999 -9999 -9999 -9999 -9999 -9999 1.87397E-3 2.93889E-3 4.88879E-3 -9999 -9999 4.87309E-3 6.0025E-3 3.16812E-3 1.89986E-3 3.50368E-3 6.44721E-3 1.13486E-2 6.73501E-3 -9999 2.83899E-3 3.12939E-4 2.40275E-4 4.81681E-4 3.9859E-4 1.55185E-4 5.67814E-5 1.74661E-5 1.47076E-5 2.54548E-5 2.31542E-5 1.62788E-5 2.0715E-5 3.64409E-5 1.47389E-5 3.48517E-5 5.68781E-5 1.96676E-4 5.124E-4 6.23953E-4 2.26269E-4 2.6807E-4 6.29988E-4 5.99074E-4 2.35641E-4 1.35621E-4 6.98205E-5 6.38626E-5 9.26859E-5 4.15309E-4 8.19675E-4 2.62519E-4 2.42772E-4 5.72169E-4 6.43778E-4 5.3359E-4 5.4481E-4 1.03804E-3 9.94148E-4 -9999 -9999 -9999 -9999 -9999 -9999 -9999 -9999 -9999 -9999 -9999 -9999 -9999 -9999 -9999 -9999 -9999
-9999 -9999 -9999 -9999 -9999 -9999 -9999 -9999 3.34991E-3 1.11495E-3 1.99435E-3 3.72806E-3 -9999 4.43189E-3 3.11632E-3 4.18414E-3 2.6418E-3 7.32906E-3 8.60682E-3 1.30882E-2 5.32751E-3 5.18716E-3 3.31329E-3 1.17677E-3 6.11774E-4 2.33269E-4 1.18667E-4 6.26839E-5 3.06406E-5 1.1913E-5 2.11844E-5 4.50618E-5 3.85358E-5 3.01233E-5 4.07603E-5 6.95071E-5 5.04331E-5 1.09078E-4 9.63577E-5 3.32494E-4 2.24666E-4 2.58017E-4 1.16472E-4 2.42773E-4 8.87466E-4 1.09056E-3 5.15362E-4 1.64367E-4 1.42354E-4 3.05455E-4 4.43153E-4 4.18489E-4 7.96408E-4 7.00902E-4 3.84609E-4 7.10397E-4 9.21297E-4 9.66291E-4 9.75456E-4 8.83528E-4 8.40395E-4 -9999 -9999 -9999 -9999 -9999 -9999 -9999 -9999 -9999 -9999 -9999 -9999 -9999 -9999 -9999 -9999 -9999
-9999 -9999 -9999 -9999 -9999 6.63478E-3 7.88739E-3 5.99196E-3 3.52898E-3 1.06395E-3 1.06471E-3 1.67553E-3 1.93775E-3 2.33321E-3 2.27758E-3 1.93013E-3 7.53788E-3 6.70783E-3 7.88651E-3 1.3668E-2 6.13286E-3 5.63188E-3 3.27099E-3 1.3202E-3 2.88234E-4 2.53077E-4 1.41418E-4 1.64752E-5 2.05881E-5 1.56514E-5 1.44989E-5 2.19742E-5 1.99959E-5 2.16307E-5 4.45644E-5 4.86598E-5 6.88097E-5 2.56558E-5 2.89371E-5 9.23843E-5 8.98728E-5 5.62818E-5 6.76001E-5 4.13234E-4 7.30087E-4 3.1709E-4 3.4186E-4 1.66229E-4 4.0445E-4 8.95991E-4 9.96305E-4 4.72354E-4 9.16973E-4 1.0619E-3 8.24838E-4 1.17601E-3 1.02033E-3 1.00517E-3 9.25273E-4 8.39203E-4 7.50907E-4 -9999 -9999 -9999 -9999 -9999 -9999 -9999 -9999 -9999 -9999 -9999 -9999 -9999 -9999 -9999 -9999 -9999
-9999 -9999 -9999 -9999 -9999 1.43383E-2 1.20175E-2 1.14259E-2 1.17662E-2 4.7238E-3 -9999 1.58262E-3 2.12886E-3 3.5345E-3 3.04384E-3 6.22064E-3 3.55034E-3 6.24278E-3 7.15474E-3 1.19504E-2 7.98301E-3 4.18756E-3 1.0282E-3 6.5012E-4 2.3458E-4 2.22216E-4 3.51436E-4 6.56266E-5 2.90787E-5 1.45968E-5 2.46732E-5 2.13547E-5 4.29259E-5 1.2868E-5 2.03551E-5 3.60249E-5 2.52712E-5 1.8877E-5 4.65241E-5 5.42283E-5 2.15459E-5 4.11539E-5 8.5799E-5 3.3917E-4 1.82584E-4 1.87689E-4 3.74433E-4 4.85734E-4 5.0985E-4 1.21294E-3 1.30742E-3 9.91632E-4 1.1374E-3 9.56658E-4 1.04029E-3 1.14507E-3 7.9597E-4 6.38509E-4 8.26003E-4 6.53264E-4 6.47619E-4 -9999 -9999 -9999 -9999 -9999 -9999 -9999 -9999 -9999 -9999 -9999 -9999 -9999 -9999 -9999 -9999 -9999
-9999 -9999 -9999 -9999 -9999 -9999 1.26618E-2 1.47655E-2 -9999 -9999 -9999 2.31707E-3 -9999 -9999 5.28645E-3 6.60772E-3 4.97753E-3 -9999 -9999 -9999 8.53105E-3 1.57048E-3 5.02282E-4 4.94366E-4 2.6536E-4 4.53392E-4 2.30461E-4 2.09348E-4 3.55693E-5 3.57868E-5 3.12089E-5 4.94423E-5 4.34663E-5 1.73612E-5 1.6174E-5 1.0837E-5 1.42445E-5 2.02053E-5 5.97981E-5 1.7002E-5 1.98215E-5 3.7254E-5 9.09211E-5 1.23489E-4 9.63581E-5 2.33308E-4 7.37752E-4 6.37756E-4 8.36766E-4 1.19864E-3 1.04408E-3 8.96324E-4 1.02699E-3 1.1297E-3 1.15647E-3 -9999 -9999 -9999 6.98865E-4 8.59798E-4 5.54572E-4 -9999 -9999 -9999 -9999 -9999 -9999 -9999 -9999 -9999 -9999 -9999 -9999 -9999 -9999 -9999 -9999 -9999
-9999 -9999 -9999 -9999 -9999 -9999 -9999 -9999 -9999 -9999 -9999 -9999 -9999 -9999 -9999 -9999 -9999 -9999 -9999 -9999 4.73099E-3 3.14892E-3 9.35938E-4 1.60905E-3 1.32212E-3 6.9001E-4 3.10904E-4 4.44313E-4 1.49695E-4 4.90383E-4 2.59904E-4 2.37633E-4 5.16965E-5 1.98877E-5 1.65409E-5 1.11436E-5 2.40702E-5 1.10145E-5 1.53561E-5 1.83749E-5 3.79154E-5 2.15458E-5 2.68739E-5 6.39231E-5 8.87043E-5 3.87891E-4 1.03757E-3 6.58656E-4 1.01783E-3 1.28223E-3 1.01078E-3 6.69602E-4 7.92892E-4 9.95975E-4 -9999 -9999 -9999 -9999 6.47307E-4 3.72237E-4 1.58411E-4 -9999 -9999 -9999 -9999 -9999 -9999 -9999 -9999 -9999 -9999 -9999 -9999 -9999 -9999 -9999 -9999 -9999
-9999 -9999 -9999 -9999 -9999 -9999 -9999 -9999 -9999 -9999 -9999 -9999 -9999 -9999 -9999 -9999 -9999 -9999 -9999 -9999 5.42546E-3 4.22823E-3 3.58312E-3 1.18481E-3 2.12832E-3 8.53142E-4 5.02142E-4 4.71647E-4 7.27586E-4 6.52829E-4 3.06979E-4 2.52726E-4 1.45437E-4 6.23233E-5 2.7231E-5 1.62975E-5 1.35333E-5 2.80521E-5 5.44228E-5 2.16906E-5 1.91983E-5 5.51106E-5 2.32849E-5 4.83888E-5 1.09607E-4 4.22038E-4 6.84299E-4 9.89274E-4 1.07831E-3 1.10992E-3 1.11226E-3 -9999 -9999 -9999 -9999 -9999 -9999 2.24048E-4 1.31475E-4 2.00678E-4 2.00541E-4 -9999 -9999 -9999 -9999 -9999 -9999 -9999 -9999 -9999 -9999 -9999 -9999 -9999 -9999 -9999 -9999 -9999
-9999 -9999 -9999 -9999 -9999 -9999 -9999 -9999 -9999 -9999 -9999 -9999 -9999 -9999 -9999 -9999 -9999 3.72768E-3 5.27218E-3 1.04815E-2 3.30196E-3 1.78562E-3 2.9304E-3 1.55759E-3 1.02027E-3 6.19717E-4 4.47759E-4 1.0156E-3 9.14823E-4 2.03461E-4 3.15412E-5 7.08986E-5 1.44015E-4 9.5043E-5 5.69781E-5 3.85026E-5 3.07758E-5 1.31415E-5 1.04696E-5 1.72364E-5 3.66994E-5 1.34678E-4 3.69149E-5 1.0001E-4 1.07128E-4 3.10105E-4 1.06089E-3 1.09582E-3 1.1346E-3 1.26729E-3 1.09211E-3 -9999 -9999 -9999 5.36068E-4 6.71348E-4 5.56519E-4 3.97348E-4 2.1534E-4 2.17765E-4 3.21563E-4 -9999 -9999 -9999 -9999 -9999 -9999 -9999 -9999 -9999 -9999 -9999 -9999 -9999 -9999 -9999 -9999 -9999
-9999 -9999 -9999 -9999 -9999 -9999 -9999 -9999 -9999 -9999 -9999 -9999 -9999 -9999 -9999 5.90869E-3 4.10799E-3 2.7097E-3 5.247E-3 1.41482E-2 1.02814E-2 6.57679E-3 2.19885E-3 1.5836E-3 9.39143E-4 1.30083E-3 1.08518E-3 3.41376E-4 3.24906E-4 1.06647E-4 1.57204E-5 3.4077E-6 2.37613E-5 5.77711E-5 2.73875E-5 1.88143E-5 5.61204E-6 7.86592E-6 9.26768E-6 2.32564E-5 3.38883E-5 1.21088E-4 1.29465E-4 1.7155E-4 2.52063E-4 5.26042E-4 1.13225E-3 1.09225E-3 1.31E-3 6.68437E-4 8.58961E-4 -9999 -9999 6.8737E-4 5.42246E-4 8.31281E-4 7.84955E-4 7.32597E-4 7.38592E-4 3.98922E-4 5.64674E-4 -9999 -9999 -9999 -9999 -9999 -9999 -9999 -9999 -9999 -9999 -9999 -9999 -9999 -9999 -9999 -9999 -9999
-9999 -9999 -9999 -9999 -9999 -9999 -9999 -9999 -9999 -9999 -9999 -9999 -9999 -9999 5.69443E-3 2.16573E-3 1.63784E-3 1.87077E-3 2.11943E-3 4.95236E-3 5.1813E-3 5.51024E-3 2.05985E-3 1.66878E-3 3.8871E-3 6.19411E-4 1.74864E-4 1.36403E-4 8.04648E-5 9.18564E-5 1.20511E-5 1.51947E-5 2.53745E-5 2.37076E-5 1.83614E-5 1.54959E-5 7.01896E-5 5.43315E-5 1.40065E-5 1.64275E-5 6.20957E-5 6.32137E-5 2.15134E-4 2.70264E-4 6.16029E-4 8.37673E-4 7.12154E-4 1.13314E-3 1.43909E-3 -9999 -9999 -9999 -9999 5.93136E-4 5.71354E-4 1.05484E-3 4.5358E-4 5.97954E-4 7.99243E-4 4.88863E-4 3.60374E-4 -9999 -9999 -9999 -9999 -9999 -9999 -9999 -9999 -9999 -9999 -9999 -9999 -9999 -9999 -9999 -9999 -9999
-9999 -9999 -9999 -9999 -9999 -9999 -9999 -9999 -9999 -9999 -9999 -9999 -9999 3.90633E-3 1.11097E-3 1.10168E-3 1.25261E-3 1.69827E-3 8.70468E-4 2.49742E-3 2.79622E-3 2.42698E-3 7.08998E-3 5.88121E-3 2.47257E-3 1.73935E-4 8.53006E-5 1.37341E-4 5.75334E-5 1.86505E-5 2.3869E-5 2.08756E-5 2.62779E-5 1.79017E-5 1.43512E-5 6.94136E-5 1.12267E-4 2.82266E-5 1.31441E-5 2.61172E-5 5.7919E-5 9.51276E-5 8.25079E-5 1.82409E-4 7.36619E-4 4.25697E-4 3.66126E-4 8.68191E-4 1.24813E-3 -9999 -9999 -9999 -9999 4.07348E-4 5.47647E-4 4.83849E-4 6.97284E-5 1.16569E-4 3.12733E-4 8.10206E-4 9.01109E-4 1.31326E-3 -9999 -9999 -9999 -9999 -9999 -9999 -9999 -9999 -9999 -9999 -9999 -9999 -9999 -9999 -9999 -9999
-9999 -9999 -9999 -9999 -9999 -9999 -9999 -9999 -9999 1.57893E-2 1.76827E-2 -9999 -9999 3.80738E-3 4.37115E-4 4.44274E-4 6.41539E-4 1.00935E-3 9.61282E-4 1.32279E-3 3.34012E-4 6.6922E-4 1.91924E-3 1.48407E-3 1.12877E-3 2.54365E-4 4.88682E-5 5.24793E-5 3.93027E-5 2.36987E-5 3.02091E-5 2.74162E-5 1.49062E-5 1.52496E-5 2.02867E-5 6.68345E-5 5.62718E-5 2.00195E-5 2.13747E-5 2.75152E-5 1.91312E-5 3.38685E-5 1.17917E-4 1.31479E-4 2.25944E-4 2.85903E-4 6.11771E-4 1.39512E-3 1.12876E-3 -9999 -9999 -9999 -9999 -9999 -9999 4.16696E-4 2.90473E-4 2.25776E-4 2.37919E-4 4.30657E-4 8.83153E-4 1.0641E-3 -9999 -9999 -9999 -9999 -9999 -9999 -9999 -9999 -9999 -9999 -9999 -9999 -9999 -9999 -9999 -9999
-9999 -9999 -9999 -9999 -9999 -9999 -9999 -9999 1.13162E-2 1.54882E-2 1.71575E-2 -9999 -9999 1.9829E-3 6.05322E-4 6.70425E-4 7.48479E-4 1.33702E-3 1.13661E-3 9.40877E-4 3.79119E-4 6.48462E-4 1.56844E-3 6.73077E-4 8.85425E-4 4.6694E-4 7.41382E-5 3.76647E-5 3.17091E-5 2.98988E-5 2.84991E-5 5.96205E-5 8.23414E-5 3.91651E-5 5.24436E-5 3.49145E-5 3.3898E-5 3.88193E-5 4.25661E-5 3.33365E-5 5.62386E-5 5.29327E-5 9.79785E-5 1.15914E-4 3.33348E-4 5.88786E-4 1.12061E-3 1.45059E-3 1.4824E-3 -9999 -9999 -9999 -9999 -9999 -9999 2.67485E-4 1.14844E-4 8.96858E-5 2.67716E-4 5.34404E-4 6.75622E-4 1.28432E-3 -9999 -9999 -9999 -9999 -9999 -9999 -9999 -9999 -9999 -9999 -9999 -9999 -9999 -9999 -9999 -9999
-9999 -9999 -9999 -9999 2.84823E-2 2.15294E-2 -9999 -9999 7.68415E-3 1.6321E-2 1.26381E-2 3.01613E-3 6.02288E-4 7.13009E-4 5.40058E-4 2.03744E-4 7.00887E-4 1.365E-3 1.44313E-3 7.28851E-4 3.87508E-4 7.11062E-4 1.05324E-3 2.79648E-4 1.38768E-4 2.52675E-4 1.16215E-4 2.56495E-5 2.51825E-5 2.15795E-5 6.12396E-5 1.9008E-4 2.13794E-4 2.03948E-4 8.11318E-5 4.42889E-5 5.86152E-5 1.19144E-4 8.86845E-5 7.10409E-5 6.47569E-5 6.13019E-5 1.78968E-4 2.06095E-4 3.85149E-4 6.23777E-4 1.04926E-3 1.40599E-3 1.15549E-3 1.34649E-3 8.9048E-4 9.19859E-4 -9999 -9999 -9999 2.25462E-4 1.03025E-4 1.76392E-4 2.99211E-4 4.56402E-4 6.29576E-4 9.46424E-4 1.37528E-3 -9999 -9999 -9999 -9999 -9999 -9999 -9999 -9999 -9999 -9999 -9999 -9999 -9999 -9999 -9999
1.05677E-2 -9999 -9999 2.10268E-2 2.72955E-2 2.50549E-2 -9999 -9999 7.76289E-3 1.23245E-2 5.26755E-3 1.76083E-3 4.94954E-4 3.12766E-4 3.90522E-4 2.00528E-4 2.89185E-4 5.15963E-4 3.33601E-4 3.0944E-4 2.24068E-4 7.18548E-4 6.10809E-4 1.33591E-4 4.00233E-5 1.35138E-4 2.85063E-4 4.05411E-5 3.24161E-5 4.04222E-5 2.432E-4 6.77409E-4 4.12658E-4 1.51183E-4 5.77519E-5 5.89614E-5 4.30086E-5 5.08116E-5 9.40147E-5 5.0937E-5 8.90834E-5 6.01383E-5 1.18365E-4 1.6045E-4 4.17266E-4 7.34047E-4 1.29029E-3 1.23118E-3 1.21316E-3 1.37118E-3 1.19258E-3 1.1001E-3 1.02917E-3 -9999 -9999 2.66138E-4 6.90282E-5 5.6259E-5 8.07258E-5 2.89993E-4 4.31511E-4 7.17454E-4 1.49852E-3 -9999 -9999 -9999 -9999 -9999 -9999 -9999 -9999 -9999 -9999 -9999 -9999 -9999 -9999 -9999
5.63254E-3 2.43419E-3 9.50247E-3 1.60518E-2 2.56146E-2 1.71396E-2 -9999 7.46388E-3 6.75822E-3 2.34608E-3 1.23811E-3 3.23588E-4 1.98982E-4 2.0941E-4 3.25813E-4 2.78281E-4 1.84746E-4 3.18836E-4 2.6365E-4 2.52439E-4 2.10142E-4 4.70873E-4 6.31489E-4 1.10844E-4 3.02016E-5 1.06474E-4 1.91211E-4 2.9552E-5 3.49413E-5 4.69409E-5 1.81226E-4 2.18016E-4 1.77549E-4 7.16843E-5 4.98493E-5 5.28307E-5 6.97464E-5 4.29776E-5 1.19701E-4 1.81373E-4 1.28737E-4 6.13387E-5 1.01457E-4 1.14574E-4 3.12132E-4 6.22863E-4 7.91175E-4 5.30751E-4 8.45637E-4 9.72666E-4 1.47323E-3 1.10357E-3 1.05129E-3 -9999 -9999 2.18187E-4 1.10005E-4 5.55765E-5 6.37778E-5 5.06741E-5 2.30724E-4 5.02994E-4 1.5818E-3 -9999 -9999 -9999 -9999 -9999 -9999 -9999 -9999 -9999 -9999 -9999 -9999 -9999 -9999 -9999
