ENM/Final_Models/M_2_F_q_Set_1_NE/Gustavia_santanderiensis_1_Choco.asc
ncols         367
nrows         963
xllcorner     -78.6
yllcorner     0.65
cellsize      0.00833333333333323
NODATA_value  -9999
[rows 816 to 849 of 963, columns 78 to 155 of 367]
0E0 0E0 0E0 0E0 0E0 0E0 0E0 0E0 0E0 0E0 0E0 0E0 0E0 0E0 0E0 0E0 0E0 0E0 0E0 9.27592E-1 0E0 0E0 0E0 0E0 8.62438E-1 6.82723E-1 5.60609E-1 5.60237E-1 5.37417E-1 9.81512E-1 8.20595E-1 7.35619E-1 9.46631E-1 9.36853E-1 6.48267E-1 2.96408E-1 -9999 -9999 -9999 -9999 9.14759E-1 9.37777E-1 6.91987E-1 -9999 -9999 -9999 -9999 4.14131E-1 4.9591E-1 1.85437E-1 1.60605E-1 2.25841E-1 9.55238E-2 7.7535E-2 6.49794E-2 1.57489E-1 1.54829E-1 2.10757E-1 1.03298E-1 3.90841E-2 2.47715E-2 8.19075E-2 3.91079E-2 2.69962E-2 2.12282E-2 6.89603E-3 8.59852E-3 6.49916E-3 7.05149E-3 5.37167E-3 1.14561E-3 6.6527E-4 3.11173E-4 1.29982E-4 1.42029E-3 1.07962E-2 1.82588E-2 1.71052E-2
0E0 0E0 0E0 0E0 0E0 0E0 0E0 0E0 0E0 0E0 0E0 0E0 0E0 0E0 0E0 0E0 0E0 0E0 0E0 0E0 0E0 0E0 0E0 0E0 7.7552E-1 5.91186E-1 0E0 9.36986E-1 6.55442E-1 9.71935E-1 9.1777E-1 9.51599E-1 9.89047E-1 9.52361E-1 5.75318E-1 3.55273E-1 -9999 -9999 -9999 -9999 -9999 8.87131E-1 -9999 -9999 -9999 -9999 -9999 -9999 3.98024E-1 1.48322E-1 1.81464E-1 3.68991E-1 1.80444E-1 2.36982E-1 3.27375E-1 4.15189E-1 3.6709E-1 4.23141E-2 4.10292E-2 5.00521E-2 2.64449E-2 2.34898E-2 1.50264E-2 9.57185E-3 7.45637E-3 2.34215E-3 5.53235E-3 2.62411E-3 1.9717E-3 3.16819E-3 2.99357E-4 1.83688E-4 5.10375E-5 6.18496E-5 1.18106E-3 2.85362E-2 -9999 -9999
0E0 0E0 0E0 0E0 0E0 0E0 0E0 0E0 0E0 0E0 0E0 0E0 0E0 0E0 0E0 0E0 0E0 0E0 0E0 0E0 0E0 0E0 0E0 0E0 0E0 0E0 7.07312E-1 8.95212E-1 0E0 9.67062E-1 8.74341E-1 8.74261E-1 8.29653E-1 7.58775E-1 5.97906E-1 5.2605E-1 -9999 -9999 -9999 -9999 -9999 -9999 -9999 -9999 -9999 -9999 -9999 -9999 5.16708E-1 6.7162E-1 4.63701E-1 5.86182E-1 2.28578E-1 8.2694E-2 2.99801E-1 1.94043E-1 1.79628E-1 1.6032E-1 8.05132E-2 3.14278E-2 1.00848E-2 2.34208E-2 1.8926E-2 1.16517E-2 2.31032E-2 1.0386E-2 2.11219E-3 8.0416E-4 6.57146E-4 5.99657E-4 1.58654E-4 4.26858E-5 2.07575E-5 8.83995E-5 1.15659E-3 1.85842E-2 -9999 -9999
0E0 0E0 0E0 0E0 0E0 0E0 0E0 0E0 0E0 0E0 0E0 0E0 0E0 0E0 0E0 0E0 0E0 0E0 0E0 0E0 0E0 0E0 0E0 0E0 0E0 8.15277E-1 6.03844E-1 9.11055E-1 0E0 0E0 8.07585E-1 4.03403E-1 6.04766E-1 5.56593E-1 -9999 -9999 -9999 -9999 -9999 -9999 -9999 -9999 -9999 -9999 -9999 -9999 -9999 -9999 3.53032E-1 5.00549E-1 6.85147E-1 2.61681E-1 5.72282E-2 3.75204E-2 2.91121E-1 1.44666E-1 4.97287E-2 6.96508E-2 1.22367E-1 4.73266E-2 4.78835E-3 1.26676E-2 1.58055E-2 4.10544E-2 1.8356E-2 1.12815E-2 1.50361E-3 6.93718E-4 1.73324E-4 3.40139E-5 1.12213E-5 1.51909E-5 2.4497E-5 2.23061E-4 4.77273E-3 4.96216E-2 3.76124E-2 -9999
0E0 0E0 0E0 0E0 0E0 0E0 0E0 0E0 0E0 0E0 0E0 0E0 0E0 0E0 0E0 0E0 0E0 0E0 0E0 0E0 0E0 0E0 0E0 0E0 0E0 9.04371E-1 8.96833E-1 0E0 0E0 9.91902E-1 8.96945E-1 5.2457E-1 5.06284E-1 6.88474E-1 5.72917E-1 -9999 -9999 -9999 -9999 -9999 -9999 -9999 -9999 -9999 -9999 -9999 -9999 -9999 2.79344E-1 3.26494E-1 5.77122E-1 2.78527E-1 1.00082E-1 3.9172E-2 9.02362E-2 1.2309E-1 4.30667E-2 2.06837E-2 1.74695E-2 4.06515E-2 6.06161E-3 1.05408E-3 1.72397E-2 1.24423E-2 2.07239E-2 3.31183E-2 2.81872E-3 1.0618E-3 4.38917E-4 2.98369E-5 6.51986E-6 8.33678E-6 3.86463E-5 4.97648E-4 1.12776E-2 2.83205E-2 3.23315E-2 -9999
0E0 0E0 0E0 0E0 0E0 0E0 0E0 0E0 0E0 0E0 0E0 0E0 0E0 0E0 0E0 0E0 0E0 0E0 0E0 0E0 0E0 0E0 0E0 0E0 0E0 0E0 0E0 8.09523E-1 0E0 0E0 8.74186E-1 5.82776E-1 9.23849E-1 9.45496E-1 9.306E-1 3.14571E-1 -9999 -9999 -9999 -9999 -9999 -9999 -9999 -9999 -9999 -9999 -9999 -9999 1.21869E-1 4.69859E-1 7.23523E-1 3.98445E-1 6.42986E-2 2.75291E-2 5.2423E-2 3.40734E-2 2.83498E-2 1.22395E-2 7.13897E-3 1.08047E-2 5.30509E-3 5.18449E-4 1.90283E-3 8.44549E-4 4.51555E-3 1.59182E-2 3.17231E-3 6.85949E-4 1.51321E-4 1.53324E-4 3.19171E-5 1.66218E-5 1.38095E-4 1.36773E-3 1.33278E-2 5.70645E-2 7.47855E-2 -9999
0E0 0E0 0E0 0E0 0E0 0E0 0E0 0E0 0E0 0E0 0E0 0E0 0E0 0E0 0E0 0E0 0E0 0E0 0E0 0E0 0E0 0E0 0E0 0E0 0E0 8.84785E-1 8.07736E-1 7.62734E-1 0E0 9.25892E-1 8.96573E-1 0E0 9.26115E-1 9.64246E-1 9.46313E-1 5.68593E-1 5.39478E-1 -9999 -9999 -9999 -9999 -9999 -9999 -9999 -9999 -9999 -9999 -9999 1.43838E-1 3.42528E-1 5.70738E-1 6.11503E-1 2.18807E-1 1.1301E-1 4.41347E-2 2.40703E-2 2.28078E-2 1.21515E-2 5.7787E-3 1.59473E-3 1.62462E-3 1.44796E-3 1.12975E-3 2.59527E-4 1.59237E-3 1.01494E-2 4.16698E-3 1.17372E-3 1.05461E-3 2.29851E-4 5.79354E-5 2.24331E-5 1.11029E-4 5.75781E-4 1.93872E-2 5.88966E-2 -9999 -9999
0E0 0E0 0E0 0E0 0E0 0E0 0E0 0E0 0E0 0E0 0E0 0E0 0E0 0E0 0E0 0E0 0E0 0E0 0E0 0E0 0E0 0E0 0E0 0E0 0E0 7.24427E-1 6.40542E-1 7.40811E-1 8.94864E-1 8.83652E-1 8.91604E-1 0E0 8.60788E-1 9.32924E-1 9.17658E-1 7.90497E-1 5.59661E-1 -9999 -9999 -9999 -9999 -9999 -9999 -9999 -9999 -9999 -9999 -9999 7.29293E-2 3.46661E-1 3.42453E-1 2.91113E-1 2.61435E-1 2.6637E-1 1.43104E-1 5.49201E-2 3.23305E-2 2.55413E-2 2.57604E-2 1.81876E-2 6.74013E-3 1.68156E-2 1.33155E-3 1.87798E-4 9.84583E-4 6.06905E-3 1.00419E-3 2.36039E-4 3.45807E-4 1.29626E-4 6.43593E-5 2.38036E-5 3.2796E-5 1.28393E-3 1.87098E-2 6.80756E-2 -9999 -9999
0E0 0E0 0E0 0E0 0E0 0E0 0E0 0E0 0E0 0E0 0E0 0E0 0E0 0E0 0E0 0E0 0E0 0E0 0E0 0E0 0E0 0E0 0E0 0E0 0E0 7.88792E-1 9.0012E-1 8.72693E-1 0E0 0E0 9.40174E-1 8.57562E-1 8.52412E-1 9.39088E-1 8.92054E-1 5.96018E-1 2.83954E-1 -9999 -9999 -9999 -9999 -9999 -9999 -9999 -9999 -9999 -9999 -9999 2.43918E-2 6.66647E-2 1.36831E-1 9.62245E-2 9.90019E-2 4.24512E-2 3.58004E-2 3.66558E-2 3.36499E-2 1.73583E-2 1.82016E-2 1.01769E-2 9.89717E-3 1.1114E-2 2.00707E-3 2.89003E-4 2.54334E-4 2.71777E-3 7.85027E-4 1.58494E-4 3.21174E-5 1.53366E-5 1.69503E-5 9.79078E-6 1.37218E-4 2.48436E-3 2.51157E-2 5.31454E-2 -9999 -9999
0E0 0E0 0E0 0E0 0E0 0E0 0E0 0E0 0E0 0E0 0E0 0E0 0E0 0E0 0E0 0E0 0E0 0E0 0E0 0E0 0E0 0E0 0E0 0E0 0E0 0E0 9.03081E-1 9.64601E-1 9.62807E-1 9.57252E-1 9.2911E-1 0E0 0E0 8.44885E-1 7.74539E-1 3.22236E-1 3.26053E-1 -9999 -9999 -9999 -9999 -9999 -9999 -9999 -9999 -9999 -9999 -9999 -9999 8.54757E-2 7.51491E-2 5.03607E-2 7.02537E-2 3.91423E-2 1.03308E-2 8.82921E-3 2.36481E-2 1.15735E-2 1.39109E-2 6.75521E-3 3.20606E-3 1.06529E-2 7.52152E-4 1.82053E-4 2.08968E-4 1.39836E-3 9.60845E-4 1.8423E-4 1.47079E-4 1.1716E-5 5.22495E-6 1.89535E-5 1.30472E-4 3.54576E-3 3.50111E-2 5.0774E-2 -9999 -9999
0E0 0E0 0E0 0E0 0E0 0E0 0E0 0E0 0E0 0E0 0E0 0E0 0E0 0E0 0E0 0E0 0E0 0E0 0E0 0E0 0E0 0E0 0E0 0E0 0E0 0E0 9.10532E-1 8.97081E-1 8.76003E-1 0E0 0E0 9.29879E-1 7.92315E-1 7.26392E-1 5.97568E-1 4.57749E-1 5.73676E-1 7.56677E-1 -9999 -9999 -9999 -9999 -9999 -9999 -9999 -9999 -9999 -9999 2.37244E-2 4.8596E-2 4.98753E-2 4.93045E-2 4.0985E-2 3.76286E-2 1.72835E-2 1.09278E-2 6.66643E-3 6.10209E-3 3.57593E-3 1.64766E-3 2.82016E-3 5.80025E-4 9.26983E-5 6.2605E-5 2.53657E-5 2.00077E-4 3.19691E-4 2.19062E-5 1.69443E-5 2.19381E-5 1.70973E-5 3.90037E-5 1.21795E-4 1.05309E-3 7.44547E-3 5.84046E-2 -9999 -9999
0E0 0E0 0E0 0E0 0E0 0E0 0E0 0E0 0E0 0E0 6.98986E-1 0E0 0E0 0E0 0E0 0E0 0E0 0E0 0E0 0E0 0E0 0E0 0E0 0E0 0E0 0E0 9.09827E-1 0E0 8.61593E-1 8.95786E-1 9.20579E-1 0E0 8.75048E-1 8.27104E-1 7.35197E-1 6.70905E-1 6.98049E-1 5.78086E-1 1.5692E-1 -9999 -9999 -9999 -9999 -9999 -9999 -9999 -9999 -9999 2.7403E-2 8.10404E-2 3.50079E-2 3.14996E-2 5.87726E-2 4.67335E-2 4.7351E-2 4.22836E-2 1.68657E-2 1.25894E-2 2.86536E-3 1.64549E-3 2.00015E-3 6.45078E-4 2.53923E-4 5.94428E-4 7.91824E-5 4.82586E-5 8.22792E-5 1.04461E-5 9.54563E-5 2.11839E-4 1.65462E-4 5.10719E-5 1.54296E-4 1.03131E-3 1.76009E-2 5.86137E-2 -9999 -9999
0E0 0E0 0E0 0E0 0E0 0E0 0E0 0E0 0E0 0E0 5.09818E-1 4.6598E-1 0E0 0E0 0E0 0E0 0E0 0E0 0E0 0E0 0E0 0E0 0E0 0E0 0E0 0E0 0E0 0E0 0E0 9.30554E-1 9.44254E-1 8.8314E-1 7.19492E-1 6.69086E-1 6.64615E-1 5.40185E-1 9.71649E-2 3.66409E-2 3.86997E-2 5.20908E-2 -9999 -9999 -9999 -9999 -9999 -9999 -9999 -9999 -9999 2.05473E-1 4.86539E-2 6.30286E-2 6.29545E-2 7.1802E-2 4.34142E-2 7.51226E-2 6.06455E-2 1.5256E-2 1.85072E-2 1.16694E-2 7.04862E-3 3.42471E-3 2.84681E-3 4.5838E-4 5.44015E-5 1.07295E-5 2.03568E-5 2.82052E-5 9.98418E-5 3.68246E-4 1.35489E-4 4.89049E-5 2.75287E-4 5.42098E-4 6.11411E-3 3.43757E-2 -9999 -9999
0E0 0E0 0E0 0E0 0E0 0E0 0E0 0E0 0E0 0E0 6.19312E-1 4.39123E-1 6.23721E-1 7.30709E-1 0E0 0E0 0E0 0E0 0E0 0E0 0E0 0E0 0E0 0E0 0E0 0E0 0E0 8.92621E-1 0E0 0E0 9.2403E-1 8.62383E-1 8.77274E-1 6.99237E-1 4.01768E-1 1.40953E-1 2.62663E-2 4.14997E-2 4.96059E-2 6.90558E-2 -9999 -9999 -9999 -9999 -9999 -9999 -9999 -9999 -9999 -9999 4.80061E-2 5.00588E-2 5.64917E-2 3.9215E-2 8.54934E-2 4.65149E-2 4.54724E-2 3.73026E-2 3.49266E-2 2.88404E-2 1.14251E-2 1.21614E-2 2.0911E-3 1.82694E-4 2.13841E-5 1.96199E-5 7.14092E-5 2.03157E-4 1.9935E-4 7.64426E-4 5.67007E-4 9.56731E-5 4.47298E-4 3.9659E-4 1.53413E-3 2.07513E-2 4.81638E-2 -9999
0E0 0E0 0E0 0E0 0E0 0E0 0E0 0E0 0E0 0E0 7.47532E-1 5.07524E-1 5.44057E-1 6.1607E-1 0E0 0E0 0E0 0E0 0E0 0E0 8.34944E-1 8.71643E-1 0E0 0E0 0E0 0E0 0E0 8.33203E-1 9.05163E-1 9.05658E-1 9.1749E-1 7.58262E-1 4.58363E-1 2.71314E-1 1.73429E-1 5.54382E-2 1.73619E-2 2.35581E-2 4.96438E-2 8.06481E-2 1.01738E-1 -9999 -9999 -9999 -9999 -9999 -9999 -9999 -9999 -9999 -9999 -9999 7.00518E-2 8.83742E-2 7.64662E-2 6.34299E-2 5.14418E-2 2.6919E-2 1.06539E-2 1.32799E-2 4.8067E-3 1.40819E-3 1.14299E-3 2.93312E-4 2.49878E-5 1.85206E-5 2.18652E-4 7.48053E-4 1.61358E-3 1.27232E-3 6.9023E-4 4.30554E-4 1.12998E-3 9.3423E-4 1.47574E-3 2.51637E-2 5.31923E-2 -9999
0E0 0E0 0E0 0E0 0E0 0E0 0E0 0E0 0E0 0E0 0E0 7.21749E-1 5.44684E-1 5.47082E-1 6.99139E-1 8.15999E-1 0E0 0E0 0E0 8.5057E-1 9.23497E-1 9.67393E-1 0E0 0E0 0E0 0E0 0E0 9.07767E-1 9.02937E-1 7.82673E-1 7.53264E-1 5.01768E-1 3.92926E-1 3.56134E-1 2.50644E-1 1.82993E-1 1.66763E-2 3.76812E-2 1.33881E-1 1.51992E-1 4.40789E-1 1.41383E-1 1.95173E-1 -9999 -9999 -9999 -9999 -9999 -9999 -9999 -9999 -9999 -9999 4.94403E-2 3.61342E-2 2.05983E-2 6.69778E-2 6.01852E-2 3.75503E-2 3.12631E-2 1.50662E-2 2.5177E-3 1.27374E-3 3.39144E-4 1.63519E-4 4.73523E-5 3.68792E-5 2.22724E-4 1.5571E-3 3.35379E-3 1.80816E-3 1.28692E-3 4.95499E-3 1.68844E-3 2.96424E-3 3.75781E-2 6.54377E-2 -9999
0E0 0E0 0E0 0E0 0E0 0E0 0E0 0E0 0E0 0E0 0E0 0E0 6.90163E-1 6.49791E-1 7.04999E-1 6.38465E-1 0E0 0E0 0E0 0E0 0E0 0E0 0E0 0E0 0E0 0E0 9.25696E-1 8.21935E-1 6.7825E-1 5.40217E-1 4.02373E-1 3.84801E-1 4.15887E-1 3.36607E-1 2.11886E-1 1.16401E-1 3.36274E-2 1.01139E-1 6.24053E-1 6.79339E-1 7.50162E-1 1.4873E-1 7.42866E-2 1.06458E-1 -9999 -9999 -9999 -9999 -9999 -9999 -9999 -9999 -9999 -9999 2.05683E-2 5.12633E-3 1.55214E-2 2.86008E-2 2.11213E-2 2.3501E-2 2.83821E-2 1.32045E-2 4.53973E-3 2.38424E-3 9.4314E-4 7.11857E-5 2.16523E-5 2.68388E-4 1.08292E-3 4.87599E-3 1.18009E-2 1.46206E-2 8.70807E-3 1.46625E-3 3.59205E-3 4.28553E-2 6.1922E-2 -9999
0E0 0E0 0E0 0E0 0E0 0E0 0E0 0E0 0E0 0E0 0E0 0E0 0E0 8.49032E-1 6.96775E-1 6.51354E-1 8.32522E-1 0E0 0E0 0E0 0E0 0E0 0E0 0E0 0E0 0E0 9.20985E-1 7.49623E-1 5.97943E-1 3.87001E-1 1.98702E-1 2.39417E-1 2.91931E-1 2.71936E-1 1.6714E-1 1.12722E-1 2.12489E-1 4.44142E-1 7.27027E-1 6.07936E-1 2.60494E-1 7.37474E-2 1.17001E-2 2.81268E-2 1.61563E-1 -9999 -9999 -9999 -9999 -9999 -9999 -9999 -9999 -9999 3.40339E-2 4.53923E-3 1.66051E-3 1.93761E-2 8.97653E-3 1.02903E-2 1.45158E-2 8.99064E-3 1.94985E-3 1.18418E-3 3.23308E-4 9.41544E-5 1.02053E-5 3.77397E-5 3.67809E-4 7.98535E-4 9.80423E-3 3.18069E-2 1.28619E-2 1.59982E-3 5.01701E-3 4.33739E-2 7.35832E-2 -9999
0E0 0E0 0E0 0E0 0E0 0E0 0E0 0E0 6.74561E-1 7.66842E-1 0E0 0E0 0E0 6.83855E-1 4.99697E-1 5.65596E-1 8.57137E-1 0E0 0E0 0E0 0E0 0E0 0E0 0E0 0E0 8.70962E-1 6.79686E-1 5.74258E-1 5.00995E-1 4.38026E-1 2.70742E-1 1.53725E-1 2.2009E-1 1.32488E-1 7.19522E-2 1.0016E-1 2.84171E-1 3.38434E-1 4.0247E-1 8.37379E-2 3.12508E-3 5.39544E-3 9.512E-3 8.92313E-3 2.83205E-2 3.94885E-2 -9999 -9999 -9999 -9999 -9999 -9999 -9999 -9999 -9999 7.49259E-3 1.62053E-3 1.39193E-2 6.9907E-3 8.1512E-3 5.55073E-3 1.32057E-2 1.32969E-3 1.37773E-4 5.03622E-5 1.40219E-5 2.31037E-5 2.3203E-4 7.74523E-4 8.09134E-4 1.31125E-3 1.94926E-2 1.01224E-2 9.95256E-3 2.54079E-2 4.95703E-2 1.31293E-1 -9999
0E0 0E0 0E0 0E0 0E0 0E0 0E0 0E0 6.74903E-1 5.96163E-1 6.63366E-1 0E0 0E0 6.80241E-1 6.20483E-1 6.83971E-1 8.74145E-1 0E0 0E0 0E0 0E0 0E0 0E0 0E0 9.03957E-1 6.81087E-1 6.15896E-1 4.67988E-1 3.59842E-1 3.71527E-1 3.71747E-1 1.36006E-1 9.1713E-2 1.11745E-1 4.29121E-2 5.28062E-2 8.5077E-2 6.52045E-2 2.19366E-1 1.2243E-2 6.93816E-4 3.12765E-3 5.44765E-4 1.25435E-3 3.31149E-3 1.67624E-2 3.93665E-2 -9999 -9999 -9999 -9999 -9999 -9999 -9999 -9999 2.71855E-2 6.94726E-3 7.67198E-3 2.06771E-3 3.83175E-3 1.76664E-3 2.60053E-3 1.92277E-3 1.18842E-4 1.99992E-5 7.99932E-6 3.44566E-5 5.72895E-4 2.12929E-3 3.76565E-3 4.20543E-3 2.40146E-2 2.53434E-2 1.5606E-2 5.83212E-2 1.13561E-1 -9999 -9999
0E0 0E0 0E0 0E0 0E0 0E0 0E0 0E0 7.16918E-1 6.35593E-1 6.11457E-1 7.33283E-1 0E0 0E0 0E0 7.78229E-1 8.80764E-1 0E0 0E0 0E0 0E0 0E0 0E0 0E0 9.46226E-1 8.12784E-1 6.14446E-1 4.23296E-1 2.99531E-1 2.44161E-1 1.82749E-1 1.78281E-2 2.16043E-2 5.88752E-2 7.05171E-3 6.00574E-3 1.21829E-2 3.2937E-2 6.84312E-2 1.43869E-3 2.46283E-4 3.1583E-4 5.15432E-5 1.29014E-4 6.89266E-4 1.50494E-3 7.23347E-3 2.71218E-2 4.2887E-2 -9999 -9999 -9999 -9999 -9999 -9999 7.92354E-2 2.67378E-2 2.36346E-2 4.73409E-3 1.67185E-2 3.95244E-3 8.15239E-4 2.08357E-4 2.82726E-5 3.48E-5 1.44008E-5 5.40941E-5 1.11466E-3 6.95353E-3 1.39767E-2 2.15285E-2 2.32357E-2 3.06418E-2 4.85212E-2 6.04588E-2 -9999 -9999 -9999
0E0 0E0 0E0 0E0 0E0 0E0 0E0 0E0 7.06444E-1 6.06631E-1 6.47172E-1 6.65765E-1 8.72588E-1 0E0 0E0 8.77088E-1 9.51831E-1 0E0 0E0 0E0 0E0 0E0 0E0 9.68863E-1 9.2924E-1 6.88241E-1 4.28539E-1 2.5954E-1 2.88716E-1 2.10527E-1 5.91593E-3 4.01893E-2 1.29158E-2 8.98508E-4 2.86595E-4 2.67409E-4 3.48679E-4 1.48175E-3 4.70056E-3 9.52261E-4 1.18277E-4 3.05196E-5 9.31477E-6 4.15898E-5 1.00573E-4 3.68035E-4 4.1166E-3 2.25289E-2 5.2309E-2 2.92134E-2 -9999 1.08481E-1 -9999 -9999 -9999 -9999 -9999 -9999 1.1283E-2 2.50106E-2 4.74329E-3 3.86732E-4 3.62716E-5 1.65161E-5 1.10834E-4 3.34027E-5 9.04796E-4 7.3979E-3 1.26612E-2 4.34003E-2 6.23869E-2 2.41044E-2 3.96023E-2 5.23792E-2 -9999 -9999 -9999 -9999
0E0 0E0 0E0 0E0 0E0 0E0 6.74577E-1 0E0 0E0 7.33571E-1 7.81928E-1 6.2214E-1 7.98813E-1 0E0 0E0 0E0 0E0 0E0 0E0 0E0 0E0 0E0 9.61069E-1 9.54078E-1 8.70616E-1 7.38087E-1 3.39244E-1 2.09647E-1 2.30608E-1 1.99509E-1 1.26572E-1 1.60833E-1 5.2819E-3 8.18395E-4 1.39711E-3 5.52958E-4 2.73584E-4 1.47437E-3 2.36723E-3 4.35036E-4 2.62195E-5 6.24444E-6 7.03826E-6 2.59933E-5 5.11802E-5 2.98378E-4 2.31999E-3 1.85548E-2 3.64539E-2 8.52408E-2 6.33064E-2 3.44317E-1 -9999 -9999 -9999 -9999 -9999 -9999 6.62318E-3 9.69725E-3 1.19571E-3 2.64041E-4 7.88209E-5 1.81148E-5 1.45056E-4 5.9469E-4 1.6786E-3 4.80695E-3 5.2808E-3 1.16588E-2 3.66758E-2 4.94781E-2 -9999 -9999 -9999 -9999 -9999 -9999
0E0 0E0 0E0 0E0 0E0 0E0 6.27965E-1 0E0 0E0 0E0 7.03383E-1 4.52753E-1 5.93244E-1 0E0 0E0 0E0 0E0 0E0 0E0 0E0 0E0 0E0 0E0 9.28623E-1 6.75386E-1 7.02882E-1 5.7613E-1 3.83474E-1 2.64502E-1 2.37335E-1 1.68768E-1 1.14378E-1 1.17131E-2 7.18893E-3 3.17217E-3 5.67285E-4 1.80534E-3 4.44344E-4 3.97031E-4 5.10769E-5 9.3568E-6 6.09105E-6 6.01733E-6 3.01853E-5 4.44392E-4 1.69116E-4 2.7652E-3 1.55606E-2 1.81845E-2 4.79684E-2 1.19893E-1 1.15791E-1 -9999 -9999 -9999 -9999 -9999 -9999 -9999 1.17002E-2 2.73046E-3 1.44538E-4 3.84118E-5 1.24852E-5 7.22359E-5 3.53916E-4 8.5253E-4 3.66493E-4 1.48054E-3 1.00849E-2 4.59907E-2 1.29595E-1 -9999 -9999 -9999 -9999 -9999 -9999
0E0 0E0 0E0 0E0 0E0 0E0 0E0 0E0 0E0 0E0 6.39306E-1 4.15621E-1 7.07995E-1 0E0 0E0 0E0 0E0 0E0 0E0 0E0 0E0 0E0 0E0 9.48535E-1 7.42297E-1 4.6259E-1 4.7366E-1 5.0355E-1 3.95962E-1 2.75374E-1 1.80396E-1 1.56993E-1 2.02567E-1 1.54422E-1 5.80083E-2 9.45533E-3 3.90705E-3 1.70403E-4 1.63703E-5 1.29132E-5 3.81677E-6 5.42795E-6 1.42096E-5 2.17112E-5 3.65454E-4 1.45379E-3 7.52742E-3 3.88567E-3 3.78216E-3 2.6181E-2 4.14928E-2 6.47502E-2 -9999 -9999 -9999 -9999 -9999 -9999 -9999 3.18716E-2 5.19448E-3 5.06971E-4 9.14551E-5 1.75786E-5 6.29642E-6 7.19195E-5 1.71265E-4 3.80246E-4 5.1301E-3 2.58849E-2 7.40796E-2 5.544E-2 -9999 -9999 -9999 -9999 -9999 -9999
0E0 0E0 0E0 0E0 0E0 0E0 0E0 0E0 0E0 6.38139E-1 5.71301E-1 5.59668E-1 7.85795E-1 0E0 0E0 0E0 0E0 0E0 0E0 0E0 0E0 8.82089E-1 0E0 9.38138E-1 8.44245E-1 6.78554E-1 5.721E-1 5.03462E-1 4.01222E-1 4.49943E-1 4.01626E-1 4.4673E-1 3.03023E-1 1.97931E-1 1.10544E-1 4.89573E-2 3.21483E-3 7.04801E-4 6.66102E-5 2.89233E-5 5.37194E-6 1.08656E-5 3.40754E-5 1.37617E-4 3.54125E-4 1.37899E-3 1.11861E-3 2.64614E-4 8.61695E-4 5.01898E-3 4.07507E-2 6.43037E-2 1.25251E-1 -9999 -9999 -9999 -9999 -9999 -9999 -9999 5.23675E-3 2.70116E-4 8.83934E-5 2.67245E-5 1.24133E-5 9.88513E-5 5.11497E-4 1.51173E-3 3.23381E-3 1.21987E-2 7.89101E-2 -9999 -9999 -9999 -9999 -9999 -9999 -9999
0E0 0E0 0E0 0E0 0E0 0E0 0E0 0E0 0E0 5.55474E-1 6.56654E-1 7.54625E-1 0E0 0E0 0E0 0E0 0E0 0E0 0E0 0E0 0E0 0E0 0E0 8.54108E-1 8.52682E-1 7.52709E-1 6.21393E-1 3.6287E-1 2.76217E-1 3.71408E-1 2.91346E-1 2.95924E-1 2.56481E-1 2.29943E-2 1.49534E-2 2.06566E-3 5.38826E-4 7.64997E-4 7.90333E-5 2.83032E-5 1.09908E-5 8.77831E-6 1.70757E-5 4.01831E-5 1.47406E-4 1.40462E-3 4.62225E-4 8.36476E-5 3.19498E-4 1.74788E-2 9.92185E-2 5.58119E-2 4.30555E-2 -9999 -9999 -9999 -9999 -9999 -9999 -9999 1.50963E-3 3.096E-4 5.78087E-5 4.30904E-5 7.78484E-5 6.56374E-4 1.94662E-3 6.88569E-3 2.71288E-3 5.1536E-2 8.32404E-2 -9999 -9999 -9999 -9999 -9999 -9999 -9999
0E0 0E0 0E0 0E0 0E0 0E0 0E0 0E0 0E0 0E0 0E0 0E0 0E0 0E0 0E0 0E0 0E0 0E0 0E0 0E0 0E0 0E0 0E0 8.31164E-1 8.40433E-1 7.00416E-1 5.52386E-1 2.7778E-1 1.89396E-1 7.07203E-2 6.04018E-2 5.77052E-2 1.18889E-1 1.06766E-2 1.99336E-4 9.86532E-5 1.47272E-4 2.48504E-4 2.79582E-4 7.43551E-5 2.7896E-5 1.2203E-5 1.18096E-5 4.3489E-5 1.70238E-4 8.63753E-4 8.85538E-5 9.27734E-5 2.58877E-4 3.32417E-3 9.47559E-3 8.10996E-3 2.43553E-2 1.43449E-2 -9999 -9999 -9999 -9999 -9999 -9999 -9999 2.35623E-4 3.99827E-5 8.11196E-5 6.40625E-4 1.52724E-3 5.13862E-3 1.45246E-2 1.83079E-2 9.75136E-2 -9999 -9999 -9999 -9999 -9999 -9999 -9999 -9999
0E0 0E0 0E0 0E0 0E0 0E0 0E0 0E0 0E0 0E0 0E0 0E0 0E0 0E0 0E0 0E0 0E0 0E0 0E0 0E0 0E0 0E0 0E0 6.66695E-1 6.89586E-1 7.5457E-1 5.1344E-1 3.6692E-1 6.63464E-2 1.10057E-2 5.42992E-3 2.41705E-3 1.53338E-3 3.86884E-4 4.8434E-5 1.51184E-5 2.30617E-5 4.87779E-5 9.67953E-5 1.52314E-4 4.04425E-5 1.13858E-5 1.19491E-5 3.0468E-5 1.32017E-4 6.10469E-4 2.63096E-5 3.62206E-5 1.62679E-5 1.11992E-4 8.3247E-4 8.48953E-4 1.3541E-2 1.91231E-2 4.18461E-2 -9999 -9999 -9999 -9999 -9999 -9999 3.87103E-4 9.78592E-5 2.63277E-4 3.95615E-4 3.52675E-4 5.16207E-3 2.57784E-2 -9999 -9999 -9999 -9999 -9999 -9999 -9999 -9999 -9999 -9999
0E0 0E0 0E0 0E0 0E0 0E0 0E0 0E0 0E0 0E0 0E0 0E0 0E0 0E0 0E0 0E0 7.65064E-1 8.65167E-1 8.14335E-1 8.79682E-1 0E0 0E0 8.48817E-1 5.20241E-1 6.69674E-1 5.75114E-1 6.03553E-1 4.1386E-1 1.41644E-1 1.04459E-1 7.74096E-2 2.88492E-2 8.61901E-4 1.97692E-4 1.70361E-4 7.00415E-5 3.93401E-5 1.47063E-5 7.45128E-5 2.15801E-5 3.42483E-5 2.06806E-5 8.82591E-6 2.0962E-5 2.44849E-4 2.24785E-4 1.23272E-5 3.08558E-5 1.23796E-5 7.55295E-6 2.56857E-5 7.00591E-5 3.85799E-3 3.1069E-2 4.31254E-2 1.90782E-1 -9999 -9999 -9999 -9999 -9999 4.80262E-4 1.22727E-4 3.98293E-4 1.60821E-4 4.35057E-4 4.38574E-3 2.83267E-2 -9999 -9999 -9999 -9999 -9999 -9999 -9999 -9999 -9999 -9999
0E0 0E0 0E0 0E0 0E0 0E0 0E0 0E0 0E0 0E0 0E0 0E0 0E0 0E0 0E0 0E0 5.98058E-1 5.99935E-1 6.47289E-1 0E0 0E0 9.03095E-1 6.55037E-1 3.36455E-1 4.95886E-1 3.25472E-1 5.23224E-1 4.3671E-1 3.4585E-1 3.56856E-1 2.19345E-1 1.38113E-1 1.32128E-2 1.65295E-3 2.981E-4 7.37418E-5 5.02268E-5 1.87628E-5 7.25597E-6 1.3225E-5 1.36881E-5 1.58548E-5 1.39197E-5 4.6943E-5 2.92083E-4 1.47396E-4 6.42209E-6 8.5633E-6 6.38233E-6 6.27712E-6 6.6843E-5 4.62327E-4 1.15791E-2 4.6674E-2 6.92634E-2 9.41831E-2 -9999 -9999 -9999 -9999 -9999 1.64015E-3 1.14177E-3 1.21472E-3 2.383E-3 2.92096E-3 2.1799E-2 -9999 -9999 -9999 -9999 -9999 -9999 9.74459E-2 -9999 -9999 -9999 -9999
0E0 0E0 0E0 0E0 0E0 0E0 0E0 0E0 0E0 0E0 0E0 0E0 0E0 0E0 6.29898E-1 5.69203E-1 6.7072E-1 7.23964E-1 0E0 8.36919E-1 8.57835E-1 8.2063E-1 7.09615E-1 4.23236E-1 3.21009E-1 1.91804E-1 2.69683E-1 3.02386E-1 2.80333E-1 9.77302E-2 1.46098E-2 5.86415E-3 7.23267E-3 1.61576E-3 4.5581E-4 4.7556E-4 2.29416E-4 3.2753E-5 1.3952E-5 1.0923E-5 9.70336E-6 1.05138E-5 1.00731E-5 1.43504E-5 3.77988E-5 8.26399E-5 1.04394E-5 7.07613E-6 1.16552E-5 6.06682E-6 1.54267E-5 3.5163E-4 4.41474E-3 6.99839E-2 7.81552E-2 1.75203E-1 3.33314E-1 -9999 -9999 -9999 -9999 1.19567E-2 1.46987E-2 2.40623E-2 1.35945E-2 -9999 -9999 -9999 -9999 -9999 -9999 -9999 4.9331E-2 7.38685E-2 -9999 -9999 -9999 -9999
0E0 0E0 0E0 0E0 0E0 0E0 0E0 0E0 0E0 0E0 0E0 0E0 0E0 0E0 7.72862E-1 0E0 0E0 0E0 0E0 7.95654E-1 7.76693E-1 7.26311E-1 4.6445E-1 5.79603E-1 5.30826E-1 2.46371E-1 1.30556E-1 8.83848E-2 4.97423E-2 4.19397E-2 5.47012E-3 2.58721E-4 1.28404E-3 2.75575E-3 1.2013E-3 5.62673E-4 4.31928E-4 1.071E-4 4.24984E-5 1.49093E-5 1.2286E-5 1.71827E-5 9.5947E-6 1.43125E-5 6.29675E-6 1.67482E-5 9.38832E-6 1.08027E-5 2.6559E-5 7.77863E-6 1.68785E-5 2.32361E-4 4.35006E-3 4.51805E-2 8.80494E-2 1.5321E-1 2.20752E-1 -9999 -9999 -9999 -9999 3.31057E-2 -9999 -9999 -9999 -9999 -9999 -9999 -9999 -9999 6.09708E-2 6.24425E-2 3.81974E-2 5.80186E-2 -9999 -9999 -9999 1.03096E-2
0E0 0E0 0E0 0E0 0E0 0E0 0E0 0E0 0E0 0E0 0E0 0E0 0E0 0E0 0E0 0E0 0E0 0E0 0E0 0E0 5.79784E-1 4.79684E-1 1.69116E-1 2.82058E-1 5.29652E-1 3.46302E-1 1.65746E-1 1.44117E-1 6.94739E-2 1.4367E-2 5.7452E-3 4.42979E-4 1.37154E-4 5.8406E-4 1.59752E-4 1.69496E-4 7.99552E-5 5.0363E-5 4.41056E-5 1.85468E-5 1.11044E-5 2.22438E-5 1.60566E-5 1.33267E-5 1.00131E-5 9.26597E-6 1.36278E-5 4.44588E-5 1.44772E-5 6.55003E-6 6.3955E-6 5.53316E-5 1.14891E-3 7.40808E-3 6.31969E-2 1.93204E-1 -9999 -9999 -9999 -9999 -9999 -9999 -9999 -9999 -9999 -9999 -9999 -9999 -9999 -9999 6.45761E-2 3.66768E-2 4.8412E-2 4.99733E-2 -9999 -9999 -9999 4.99184E-3
