ENM/Final_Models/M_2_F_q_Set_1_NE/Gustavia_santanderiensis_3_Choco.asc
ncols         367
nrows         963
xllcorner     -78.6
yllcorner     0.65
cellsize      0.00833333333333323
NODATA_value  -9999
[rows 476 to 509 of 963, columns 234 to 311 of 367]
0E0 0E0 0E0 0E0 0E0 0E0 0E0 0E0 0E0 0E0 0E0 0E0 0E0 0E0 0E0 0E0 0E0 0E0 0E0 0E0 0E0 0E0 0E0 0E0 0E0 7.77568E-2 5.05038E-3 3.60163E-2 7.45534E-2 1.26996E-1 5.44072E-2 3.85447E-1 2.74485E-1 1.06232E-1 1.36646E-1 1.74597E-1 2.00244E-1 7.38422E-2 8.58567E-2 5.77902E-2 1.91625E-2 6.4183E-3 1.30474E-3 3.84825E-3 2.57999E-3 1.34929E-3 4.93388E-4 6.94997E-4 1.23434E-3 3.96769E-3 1.23891E-2 3.80666E-3 4.19794E-3 5.0491E-3 4.6273E-3 -9999 -9999 -9999 -9999 -9999 -9999 -9999 -9999 -9999 -9999 -9999 -9999 -9999 -9999 -9999 -9999 -9999 -9999 -9999 -9999 -9999 -9999 -9999
0E0 0E0 0E0 0E0 0E0 0E0 0E0 0E0 0E0 0E0 0E0 0E0 0E0 0E0 0E0 0E0 0E0 0E0 0E0 0E0 0E0 1.28547E-1 8.26824E-2 1.0575E-2 6.56307E-2 7.06014E-3 1.25283E-1 1.16647E-1 2.67487E-1 1.07904E-1 2.12762E-1 1.34409E-1 8.90724E-2 9.6948E-2 3.10762E-1 2.94371E-1 1.06907E-1 1.57035E-1 4.81009E-2 5.02289E-2 1.66867E-2 4.27856E-3 1.17905E-3 2.52686E-3 7.16049E-3 3.87381E-3 1.95132E-3 1.32196E-3 3.64003E-3 1.50983E-2 8.29093E-3 6.95822E-3 9.75028E-3 2.31226E-3 3.90756E-3 -9999 -9999 -9999 -9999 -9999 -9999 -9999 -9999 -9999 -9999 -9999 -9999 -9999 -9999 -9999 -9999 -9999 -9999 -9999 -9999 -9999 -9999 -9999
0E0 0E0 0E0 0E0 0E0 0E0 0E0 0E0 0E0 0E0 0E0 0E0 0E0 0E0 0E0 0E0 0E0 0E0 3.82424E-2 2.28772E-2 1.3631E-1 2.59976E-1 2.32794E-1 2.07886E-1 3.68265E-1 5.44815E-1 4.20152E-2 1.37927E-1 4.6477E-1 3.85065E-1 0E0 3.50041E-1 1.04965E-1 1.70288E-1 2.25643E-1 2.24425E-1 1.05918E-1 8.30324E-2 4.59857E-2 4.15083E-2 8.01332E-3 5.20646E-3 3.86559E-4 1.1814E-3 1.93275E-3 4.553E-4 4.83225E-3 1.65307E-3 1.50454E-3 5.55485E-3 1.32589E-2 7.51638E-3 8.80952E-3 2.88596E-2 3.36164E-2 -9999 -9999 -9999 -9999 -9999 -9999 -9999 -9999 -9999 -9999 -9999 -9999 -9999 -9999 -9999 -9999 -9999 -9999 -9999 -9999 -9999 -9999 -9999
0E0 0E0 0E0 0E0 0E0 0E0 0E0 0E0 0E0 0E0 0E0 0E0 0E0 0E0 0E0 0E0 0E0 5.16421E-1 1.86543E-2 1.66978E-2 2.1436E-2 1.47753E-2 1.08173E-1 3.8955E-1 5.81577E-1 5.10129E-1 4.08007E-1 2.09973E-1 0E0 0E0 0E0 0E0 0E0 4.8599E-1 0E0 5.79314E-1 4.62859E-1 2.0814E-1 8.84464E-2 2.29602E-2 1.06049E-2 8.9641E-4 5.75427E-4 1.0834E-3 1.51921E-3 3.436E-3 2.84244E-3 1.12655E-2 7.90494E-3 9.89529E-3 8.12205E-3 2.37893E-2 1.33017E-2 7.72614E-3 -9999 -9999 -9999 -9999 -9999 -9999 -9999 -9999 -9999 -9999 -9999 -9999 -9999 -9999 -9999 -9999 -9999 -9999 -9999 -9999 -9999 -9999 -9999 -9999
0E0 0E0 0E0 0E0 0E0 0E0 0E0 0E0 0E0 0E0 0E0 0E0 5.81978E-1 6.33132E-1 5.80664E-1 4.9929E-1 4.01781E-1 4.87765E-1 2.69728E-1 2.15712E-1 4.66131E-2 1.16073E-1 6.43992E-2 1.91493E-1 4.93692E-1 9.59118E-2 7.28075E-1 0E0 0E0 0E0 1.24761E-1 7.41139E-2 1.19377E-1 0E0 0E0 1.27332E-1 1.55692E-1 2.11373E-1 3.86355E-2 5.31534E-3 9.72285E-3 2.30311E-3 3.60144E-4 2.3539E-3 2.36601E-3 4.31018E-3 1.1715E-3 2.32569E-3 4.62553E-3 9.50758E-3 4.31027E-3 7.68753E-3 6.90291E-3 6.53276E-3 -9999 -9999 -9999 -9999 -9999 -9999 -9999 -9999 -9999 -9999 -9999 -9999 -9999 -9999 -9999 -9999 -9999 -9999 -9999 -9999 -9999 -9999 -9999 -9999
0E0 0E0 0E0 0E0 0E0 0E0 0E0 0E0 0E0 0E0 0E0 0E0 8.29558E-1 2.02889E-1 1.34584E-1 4.84371E-1 5.45541E-1 7.72655E-1 9.28592E-1 9.73063E-2 2.4429E-1 3.21206E-1 1.97373E-1 9.39351E-2 3.60218E-1 1.72843E-1 2.64553E-1 4.10278E-1 0E0 0E0 2.04691E-1 7.72787E-2 2.05711E-1 0E0 0E0 2.19325E-1 1.08857E-1 7.44095E-2 9.98446E-3 1.35871E-2 7.37696E-3 2.61003E-3 3.70917E-3 2.08223E-3 2.40704E-3 1.83184E-3 3.25343E-3 1.13738E-2 1.08712E-2 4.81665E-3 1.14119E-2 6.96395E-3 2.13028E-2 3.62271E-2 -9999 -9999 -9999 -9999 -9999 -9999 -9999 -9999 -9999 -9999 -9999 -9999 -9999 -9999 -9999 -9999 -9999 -9999 -9999 -9999 -9999 -9999 -9999 -9999
0E0 0E0 0E0 0E0 0E0 0E0 0E0 0E0 0E0 0E0 9.67363E-1 9.23858E-1 8.70156E-1 8.79673E-1 4.19913E-1 3.64793E-1 3.8946E-1 9.91536E-1 7.72261E-1 0E0 8.70877E-1 0E0 2.40459E-1 4.48695E-1 6.80125E-1 3.88738E-1 4.68887E-1 3.27159E-1 0E0 0E0 5.90485E-1 0E0 0E0 0E0 0E0 4.36681E-1 2.61641E-1 2.43579E-1 1.93958E-2 8.23875E-3 9.31419E-3 2.32927E-3 1.67711E-3 8.50376E-4 2.14714E-3 2.83024E-3 7.24036E-3 1.44421E-3 2.7898E-3 1.14894E-2 1.62403E-2 1.06454E-2 3.91403E-2 3.18292E-2 -9999 -9999 -9999 -9999 -9999 -9999 -9999 -9999 -9999 -9999 -9999 -9999 -9999 -9999 -9999 -9999 -9999 -9999 -9999 -9999 -9999 -9999 -9999 -9999
0E0 0E0 0E0 0E0 0E0 0E0 0E0 0E0 0E0 0E0 0E0 0E0 0E0 0E0 0E0 0E0 0E0 0E0 0E0 0E0 0E0 0E0 0E0 0E0 0E0 0E0 2.57589E-1 1.71093E-1 0E0 0E0 7.08457E-1 1.32312E-1 9.37002E-2 8.8292E-2 7.86517E-2 7.58533E-2 1.64488E-1 1.3608E-1 8.77567E-2 2.61175E-2 1.84809E-2 1.55671E-3 6.99917E-3 3.49545E-3 2.32515E-3 2.17913E-3 5.12737E-3 7.67399E-3 1.27031E-2 1.17818E-3 1.72837E-2 6.50899E-3 2.78864E-2 3.98481E-2 -9999 -9999 -9999 -9999 -9999 -9999 -9999 -9999 -9999 -9999 -9999 -9999 -9999 -9999 -9999 -9999 -9999 -9999 -9999 -9999 -9999 -9999 -9999 -9999
0E0 0E0 0E0 0E0 0E0 0E0 0E0 0E0 0E0 0E0 0E0 0E0 0E0 0E0 0E0 0E0 0E0 0E0 0E0 0E0 0E0 0E0 0E0 0E0 0E0 0E0 8.4462E-1 0E0 0E0 1.39385E-1 1.37187E-1 0E0 1.56604E-1 1.82299E-1 3.57295E-1 3.94447E-1 4.39926E-1 9.73044E-2 2.92706E-2 5.50666E-2 5.50309E-4 8.73754E-3 6.42898E-3 6.03339E-3 6.298E-3 8.73358E-3 8.45644E-3 9.83129E-3 1.8605E-2 7.11521E-3 1.38071E-2 1.46915E-2 5.65943E-2 2.56872E-2 -9999 -9999 -9999 -9999 -9999 -9999 -9999 -9999 -9999 -9999 -9999 -9999 -9999 -9999 -9999 -9999 -9999 -9999 -9999 -9999 -9999 -9999 -9999 -9999
0E0 0E0 0E0 0E0 0E0 0E0 0E0 0E0 0E0 0E0 0E0 0E0 0E0 0E0 0E0 0E0 0E0 0E0 0E0 0E0 0E0 4.34659E-1 3.02823E-1 0E0 0E0 0E0 3.81941E-1 6.49873E-1 4.4822E-1 2.37892E-1 0E0 0E0 0E0 0E0 0E0 4.69018E-1 3.49993E-1 6.74932E-2 2.79911E-2 1.84993E-3 1.52643E-3 5.36953E-3 1.8383E-2 4.19067E-3 8.24945E-3 2.17297E-3 3.58065E-3 2.28199E-2 7.57355E-3 1.89662E-2 2.52622E-2 1.37293E-2 2.75821E-2 3.86369E-2 -9999 -9999 -9999 -9999 -9999 -9999 -9999 -9999 -9999 -9999 -9999 -9999 -9999 -9999 -9999 -9999 -9999 -9999 -9999 -9999 -9999 -9999 -9999 -9999
0E0 0E0 0E0 0E0 0E0 0E0 0E0 0E0 0E0 0E0 0E0 0E0 0E0 0E0 0E0 0E0 0E0 0E0 0E0 0E0 0E0 0E0 0E0 4.00996E-1 3.79687E-1 0E0 0E0 3.44614E-1 2.35434E-1 2.47148E-1 2.77186E-1 3.05361E-1 0E0 3.56437E-1 2.69083E-1 1.09471E-1 8.76273E-2 8.25774E-2 2.37814E-2 7.07351E-3 5.02802E-3 4.12779E-3 2.61218E-3 3.64825E-3 2.55505E-3 4.91341E-3 1.45252E-2 9.26446E-3 3.32271E-2 2.84845E-2 6.37867E-3 1.31603E-2 2.38066E-2 2.90912E-2 -9999 -9999 -9999 -9999 -9999 -9999 -9999 -9999 -9999 -9999 -9999 -9999 -9999 -9999 -9999 -9999 -9999 -9999 -9999 -9999 -9999 -9999 -9999 -9999
0E0 0E0 0E0 0E0 0E0 0E0 0E0 0E0 0E0 0E0 0E0 0E0 0E0 0E0 0E0 0E0 0E0 0E0 0E0 1.08105E-1 1.35466E-1 0E0 3.48569E-1 2.23776E-1 7.59693E-2 5.57947E-2 1.23093E-1 2.27144E-1 4.81522E-1 1.65758E-1 1.81345E-1 1.39958E-1 4.48521E-1 2.57711E-1 8.84966E-2 6.67559E-2 2.02609E-2 2.06456E-2 3.69089E-2 3.3015E-3 2.42002E-3 1.86566E-2 3.52224E-2 1.90595E-2 7.23315E-3 6.75567E-3 7.50464E-3 1.54275E-2 3.20625E-2 3.65914E-2 5.58017E-2 5.20552E-2 1.07707E-2 9.74661E-3 -9999 -9999 -9999 -9999 -9999 -9999 -9999 -9999 -9999 -9999 -9999 -9999 -9999 -9999 -9999 -9999 -9999 -9999 -9999 -9999 -9999 -9999 -9999 -9999
0E0 0E0 0E0 0E0 0E0 0E0 0E0 0E0 0E0 0E0 0E0 0E0 0E0 0E0 0E0 0E0 0E0 0E0 0E0 9.48282E-2 5.98226E-2 5.4923E-2 1.05754E-1 5.01756E-2 3.29022E-2 2.42503E-2 1.5432E-1 2.71749E-1 0E0 4.78163E-1 1.94665E-1 1.25762E-1 0E0 2.78487E-1 1.97203E-1 1.03163E-1 4.20251E-2 1.07442E-2 1.07645E-3 1.21958E-3 3.59716E-3 2.0289E-2 4.75948E-2 4.57443E-2 5.04802E-3 1.34079E-2 4.30476E-2 5.40725E-2 4.38657E-2 3.30244E-2 4.67838E-2 2.16762E-2 2.28755E-2 -9999 -9999 -9999 -9999 -9999 -9999 -9999 -9999 -9999 -9999 -9999 -9999 -9999 -9999 -9999 -9999 -9999 -9999 -9999 -9999 -9999 -9999 -9999 -9999 -9999
0E0 0E0 0E0 0E0 0E0 0E0 0E0 0E0 0E0 0E0 0E0 0E0 0E0 0E0 0E0 0E0 0E0 0E0 0E0 0E0 0E0 7.85267E-2 3.60713E-2 1.36689E-2 7.8531E-3 2.58915E-2 2.27712E-1 0E0 0E0 7.42639E-1 6.15723E-1 3.29268E-1 5.84656E-1 1.82611E-1 8.52142E-2 1.98279E-2 1.17743E-2 3.65585E-3 1.42574E-3 2.55427E-3 5.13692E-3 1.6417E-2 1.30885E-2 1.58855E-2 1.27689E-2 1.74054E-2 8.10348E-2 3.18464E-2 1.98404E-2 1.2493E-2 2.71405E-2 4.50655E-3 1.37618E-2 -9999 -9999 -9999 -9999 -9999 -9999 -9999 -9999 -9999 -9999 -9999 -9999 -9999 -9999 -9999 -9999 -9999 -9999 -9999 -9999 -9999 -9999 -9999 -9999 -9999
0E0 0E0 0E0 0E0 0E0 0E0 0E0 0E0 0E0 0E0 0E0 0E0 0E0 0E0 0E0 0E0 0E0 0E0 0E0 0E0 0E0 0E0 9.81987E-2 1.52066E-2 1.41955E-2 4.39027E-2 2.80229E-1 0E0 0E0 0E0 6.42484E-1 3.15955E-1 1.67994E-1 1.38579E-1 2.73201E-2 4.878E-2 2.598E-3 9.82847E-4 1.97966E-3 5.49674E-3 7.78667E-3 1.29472E-2 1.60721E-2 3.2925E-2 1.2728E-2 5.34313E-2 2.64632E-2 1.14463E-2 1.14829E-2 2.13861E-2 2.15571E-2 8.77069E-3 3.73457E-3 -9999 -9999 -9999 -9999 -9999 -9999 -9999 -9999 -9999 -9999 -9999 -9999 -9999 -9999 -9999 -9999 -9999 -9999 -9999 -9999 -9999 -9999 -9999 -9999 -9999
0E0 0E0 0E0 0E0 0E0 0E0 0E0 0E0 0E0 0E0 0E0 0E0 0E0 0E0 0E0 0E0 0E0 0E0 0E0 0E0 0E0 0E0 0E0 9.10647E-2 1.09069E-1 1.27474E-1 4.60893E-1 0E0 0E0 2.79026E-1 2.21456E-1 9.08556E-2 3.33369E-2 4.93913E-2 4.1035E-2 1.81558E-3 1.86274E-3 2.41907E-3 3.81343E-3 1.35636E-2 5.27711E-3 3.65301E-2 3.96887E-2 3.32773E-2 8.12946E-2 9.99753E-2 1.58601E-2 1.42285E-2 1.91554E-3 1.08393E-2 1.88944E-3 2.85226E-3 3.60291E-3 -9999 -9999 -9999 -9999 -9999 -9999 -9999 -9999 -9999 -9999 -9999 -9999 -9999 -9999 -9999 -9999 -9999 -9999 -9999 -9999 -9999 -9999 -9999 -9999 -9999
0E0 0E0 0E0 0E0 0E0 0E0 0E0 0E0 0E0 0E0 0E0 0E0 0E0 0E0 0E0 0E0 0E0 2.11834E-1 7.48814E-2 1.39831E-2 1.08336E-2 2.8186E-2 5.43713E-2 1.23126E-2 3.99473E-2 1.0196E-1 1.0795E-1 0E0 2.77342E-1 1.24308E-1 6.88835E-2 2.56795E-2 7.43236E-3 1.567E-2 2.15839E-2 9.53748E-4 4.47076E-3 2.75654E-3 1.40465E-2 8.98122E-3 2.39198E-2 3.34112E-2 2.7598E-2 2.47105E-2 1.22372E-2 8.59062E-3 3.05455E-3 8.73655E-3 8.98622E-3 1.19722E-2 5.10247E-3 2.6386E-3 -9999 -9999 -9999 -9999 -9999 -9999 -9999 -9999 -9999 -9999 -9999 -9999 -9999 -9999 -9999 -9999 -9999 -9999 -9999 -9999 -9999 -9999 -9999 -9999 -9999 -9999
0E0 0E0 0E0 0E0 0E0 0E0 0E0 0E0 0E0 0E0 0E0 0E0 0E0 0E0 0E0 0E0 0E0 0E0 1.63408E-1 1.55762E-2 1.31156E-2 3.10139E-3 7.62768E-3 7.68808E-3 8.38881E-3 1.84607E-2 3.15069E-2 1.58083E-1 1.75812E-1 9.62498E-2 1.79242E-2 1.57697E-2 1.46792E-2 2.64552E-2 1.25001E-3 8.6923E-4 5.1929E-3 7.77749E-3 1.7678E-2 3.45938E-3 2.5832E-2 5.86712E-2 2.11929E-2 3.22129E-3 1.19842E-2 3.42244E-3 6.09511E-3 5.42879E-3 3.06468E-3 3.01474E-3 1.34691E-3 1.1383E-3 -9999 -9999 -9999 -9999 -9999 -9999 -9999 -9999 -9999 -9999 -9999 -9999 -9999 -9999 -9999 -9999 -9999 -9999 -9999 -9999 -9999 -9999 -9999 -9999 -9999 -9999
0E0 0E0 0E0 0E0 0E0 0E0 0E0 0E0 0E0 0E0 0E0 0E0 0E0 0E0 2.63338E-1 0E0 0E0 0E0 2.29751E-1 8.07077E-2 2.92637E-2 2.86954E-3 4.99397E-3 7.49408E-3 9.14176E-3 1.10132E-2 9.37314E-3 9.39656E-2 5.89501E-2 2.42213E-2 2.75978E-2 1.61208E-2 2.19597E-3 5.40752E-3 1.8652E-3 2.4727E-3 2.58695E-3 2.33982E-2 9.9411E-3 2.12972E-3 1.5305E-2 1.47683E-1 1.44619E-2 3.13493E-3 4.37146E-3 8.54122E-3 6.55682E-3 3.58147E-3 5.04388E-3 3.56059E-3 3.4799E-3 6.30294E-4 -9999 -9999 -9999 -9999 -9999 -9999 -9999 -9999 -9999 -9999 -9999 -9999 -9999 -9999 -9999 -9999 -9999 -9999 -9999 -9999 -9999 -9999 -9999 -9999 -9999 -9999
0E0 0E0 0E0 0E0 0E0 0E0 0E0 0E0 0E0 0E0 0E0 0E0 0E0 8.27367E-2 1.09291E-1 0E0 0E0 2.08906E-1 1.478E-1 4.71631E-2 2.65139E-2 7.4588E-3 9.97583E-3 8.80625E-3 1.21733E-2 2.36465E-2 1.72277E-2 4.25904E-2 7.17478E-3 5.55758E-3 3.64885E-3 5.09555E-4 2.12172E-3 1.44476E-2 9.21515E-3 1.78462E-2 1.17406E-2 4.62327E-3 1.12247E-2 1.32462E-3 5.86322E-2 8.41777E-2 5.72594E-3 6.0878E-3 5.80072E-3 2.24255E-3 4.85044E-3 4.91652E-3 2.53267E-3 6.50308E-3 2.09605E-3 -9999 -9999 -9999 -9999 -9999 -9999 -9999 -9999 -9999 -9999 -9999 -9999 -9999 -9999 -9999 -9999 -9999 -9999 -9999 -9999 -9999 -9999 -9999 -9999 -9999 -9999 -9999
0E0 0E0 0E0 0E0 0E0 0E0 0E0 0E0 0E0 0E0 0E0 0E0 0E0 1.40503E-1 1.92718E-1 0E0 0E0 0E0 3.42716E-1 1.25477E-1 3.70503E-2 2.69227E-2 5.04252E-2 5.36041E-2 6.24431E-2 6.77838E-2 4.42271E-2 7.39122E-3 3.2115E-3 4.27696E-4 2.61363E-3 3.51482E-3 2.88993E-3 1.63147E-2 6.10987E-3 1.77392E-2 1.19877E-2 1.59513E-2 1.94661E-2 7.88641E-3 7.80124E-2 2.69496E-2 1.4051E-2 1.34574E-2 2.85648E-3 5.8362E-3 1.66896E-3 9.73546E-3 1.11458E-2 1.22387E-3 2.17951E-3 -9999 -9999 -9999 -9999 -9999 -9999 -9999 -9999 -9999 -9999 -9999 -9999 -9999 -9999 -9999 -9999 -9999 -9999 -9999 -9999 -9999 -9999 -9999 -9999 -9999 -9999 -9999
0E0 0E0 0E0 0E0 0E0 0E0 0E0 0E0 0E0 0E0 0E0 0E0 0E0 0E0 0E0 0E0 0E0 0E0 0E0 0E0 0E0 2.08471E-1 0E0 1.5085E-1 3.7152E-2 4.93072E-2 1.35929E-2 4.36383E-3 1.22407E-3 1.27917E-3 1.52485E-3 6.17407E-3 1.02131E-2 3.41097E-2 1.15301E-2 1.36246E-2 9.85199E-3 9.2861E-3 4.40408E-3 4.12266E-2 3.59997E-2 5.07275E-2 2.78234E-2 2.18431E-2 3.72173E-3 6.93923E-3 6.88212E-3 1.50713E-2 6.60311E-3 5.62768E-3 5.809E-3 -9999 -9999 -9999 -9999 -9999 -9999 -9999 -9999 -9999 -9999 -9999 -9999 -9999 -9999 -9999 -9999 -9999 -9999 -9999 -9999 -9999 -9999 -9999 -9999 -9999 -9999 -9999
0E0 0E0 0E0 0E0 0E0 0E0 0E0 0E0 0E0 0E0 0E0 0E0 0E0 0E0 0E0 0E0 0E0 0E0 0E0 0E0 6.8281E-2 2.13054E-2 2.49481E-2 7.63836E-2 2.31284E-2 8.67037E-3 2.41979E-2 1.77954E-3 7.80818E-4 3.23339E-3 8.7574E-3 1.04857E-2 2.59055E-2 2.04967E-2 3.24102E-2 5.94404E-3 1.00519E-2 2.10887E-3 3.46239E-2 5.36352E-2 4.83156E-2 1.57071E-2 9.0788E-3 6.66342E-3 5.34786E-3 8.29103E-3 1.09512E-2 9.71978E-3 6.44189E-3 3.00018E-2 4.22839E-2 -9999 -9999 -9999 -9999 -9999 -9999 -9999 -9999 -9999 -9999 -9999 -9999 -9999 -9999 -9999 -9999 -9999 -9999 -9999 -9999 -9999 -9999 -9999 -9999 -9999 -9999 -9999
0E0 0E0 0E0 0E0 0E0 0E0 0E0 0E0 0E0 0E0 0E0 0E0 0E0 0E0 0E0 0E0 0E0 0E0 0E0 0E0 5.11076E-2 7.16964E-3 2.36445E-2 3.78271E-2 1.85456E-2 6.08149E-3 2.16248E-2 2.44747E-2 1.3488E-2 9.37754E-3 1.23014E-2 2.22665E-2 6.99824E-3 4.34324E-3 2.92091E-2 1.65334E-2 1.62063E-2 1.95468E-2 1.03229E-1 2.12515E-2 1.24606E-2 1.48857E-2 8.84951E-3 1.92671E-2 1.70684E-2 2.3364E-3 1.34499E-2 7.3534E-3 2.01108E-2 2.75774E-2 -9999 -9999 -9999 -9999 -9999 -9999 -9999 -9999 -9999 -9999 -9999 -9999 -9999 -9999 -9999 -9999 -9999 -9999 -9999 -9999 -9999 -9999 -9999 -9999 -9999 -9999 -9999 -9999
0E0 0E0 0E0 0E0 0E0 0E0 0E0 0E0 0E0 0E0 0E0 0E0 0E0 0E0 0E0 2.90637E-1 8.83101E-2 6.1011E-2 7.56992E-2 4.1459E-2 3.90547E-2 3.96822E-2 4.29384E-2 1.06074E-2 5.41838E-3 6.65272E-3 2.29035E-2 4.15528E-2 1.00075E-1 1.57269E-2 4.69306E-2 3.90803E-2 1.37124E-2 2.91897E-2 8.10391E-2 9.967E-2 5.93204E-2 3.56587E-2 4.68007E-2 1.09215E-2 4.86995E-3 1.62948E-2 3.46769E-2 3.31795E-2 1.27913E-2 7.49643E-3 4.76459E-3 4.10228E-3 6.30317E-3 1.18523E-2 -9999 -9999 -9999 -9999 -9999 -9999 -9999 -9999 -9999 -9999 -9999 -9999 -9999 -9999 -9999 -9999 -9999 -9999 -9999 -9999 -9999 -9999 -9999 -9999 -9999 -9999 -9999 -9999
0E0 0E0 0E0 0E0 0E0 0E0 0E0 0E0 0E0 0E0 0E0 0E0 0E0 0E0 2.15408E-1 8.55122E-2 2.52164E-2 2.09464E-2 6.01932E-2 2.22008E-2 1.12661E-2 8.48031E-3 2.49921E-2 4.69335E-3 1.29173E-2 3.11374E-2 3.54246E-2 6.63817E-2 1.07768E-1 6.72598E-2 1.30986E-2 2.75361E-2 1.46891E-2 1.23887E-1 1.00147E-1 4.56737E-2 1.68528E-2 9.12561E-3 7.03237E-3 8.93918E-3 1.15927E-3 1.79545E-2 1.83934E-2 2.17414E-2 1.45309E-2 1.48984E-2 6.20982E-3 9.7898E-3 8.37118E-3 1.31686E-2 -9999 -9999 -9999 -9999 -9999 -9999 -9999 -9999 -9999 -9999 -9999 -9999 -9999 -9999 -9999 -9999 -9999 -9999 -9999 -9999 -9999 -9999 -9999 -9999 -9999 -9999 -9999 -9999
0E0 0E0 0E0 0E0 0E0 0E0 0E0 0E0 0E0 0E0 0E0 0E0 0E0 1.30626E-1 1.01446E-1 4.5914E-2 1.80394E-2 1.49221E-2 3.67049E-2 1.62819E-2 2.26861E-2 1.38535E-2 8.67787E-3 9.62398E-3 1.31398E-2 2.79354E-2 5.42459E-2 2.23913E-2 0E0 5.72634E-2 1.4249E-2 5.20717E-2 4.50757E-2 5.11563E-2 6.78181E-2 4.91129E-2 8.97628E-2 9.80803E-3 1.72102E-2 1.59291E-2 2.22571E-2 1.45023E-2 1.32415E-2 8.30714E-3 6.64086E-3 3.62593E-3 7.31858E-3 1.39934E-2 9.9675E-3 -9999 -9999 -9999 -9999 -9999 -9999 -9999 -9999 -9999 -9999 -9999 -9999 -9999 -9999 -9999 -9999 -9999 -9999 -9999 -9999 -9999 -9999 -9999 -9999 -9999 -9999 -9999 -9999 -9999
0E0 0E0 0E0 0E0 0E0 0E0 0E0 0E0 0E0 0E0 0E0 0E0 0E0 0E0 2.65805E-1 5.73367E-2 1.41075E-2 2.02523E-2 2.32431E-2 3.30877E-2 3.10837E-2 4.91366E-2 4.47706E-2 2.03371E-2 2.55231E-2 4.87688E-2 8.97793E-2 3.07833E-2 1.44504E-1 1.03447E-2 6.67287E-2 1.25677E-1 5.14782E-2 2.13754E-3 2.73643E-2 3.18133E-2 7.06615E-3 6.74216E-3 5.73137E-3 3.33991E-2 5.64182E-2 4.22316E-3 1.0645E-2 6.57296E-3 2.86267E-3 4.2408E-3 6.72355E-3 1.52702E-2 -9999 -9999 -9999 -9999 -9999 -9999 -9999 -9999 -9999 -9999 -9999 -9999 -9999 -9999 -9999 -9999 -9999 -9999 -9999 -9999 -9999 -9999 -9999 -9999 -9999 -9999 -9999 -9999 -9999 -9999
0E0 0E0 0E0 0E0 0E0 0E0 0E0 0E0 0E0 0E0 0E0 0E0 0E0 0E0 1.04579E-1 2.909E-2 3.32361E-2 2.98129E-2 4.68329E-2 6.46679E-2 6.85305E-2 3.55474E-2 1.23724E-1 1.20031E-1 3.71825E-2 6.04497E-2 6.1073E-2 1.28953E-1 6.49076E-2 3.845E-1 1.96184E-1 1.22655E-1 4.02107E-2 1.11746E-2 3.81288E-3 5.06574E-3 3.17312E-3 2.74939E-3 4.00552E-3 5.5003E-3 1.99901E-3 1.02238E-2 1.30727E-2 2.35964E-3 1.21679E-3 2.50033E-3 3.64002E-3 -9999 -9999 -9999 -9999 -9999 -9999 -9999 -9999 -9999 -9999 -9999 -9999 -9999 -9999 -9999 -9999 -9999 -9999 -9999 -9999 -9999 -9999 -9999 -9999 -9999 -9999 -9999 -9999 -9999 -9999 -9999
0E0 0E0 0E0 0E0 0E0 0E0 0E0 0E0 0E0 0E0 0E0 0E0 0E0 4.46593E-1 8.04103E-2 2.66765E-2 3.28101E-2 2.95013E-2 1.67582E-1 0E0 1.13945E-1 8.75557E-2 1.50044E-1 1.53287E-1 1.56967E-1 5.92391E-2 6.27295E-2 4.89834E-2 3.47036E-1 2.71233E-1 6.66931E-2 6.99778E-2 4.29034E-2 5.71602E-3 1.91465E-2 2.05335E-3 1.32427E-3 1.33942E-2 1.50398E-3 2.54256E-3 1.12356E-2 4.39434E-3 3.57718E-3 3.29003E-3 1.77882E-3 1.77491E-3 -9999 -9999 -9999 -9999 -9999 -9999 -9999 -9999 -9999 -9999 -9999 -9999 -9999 -9999 -9999 -9999 -9999 -9999 -9999 -9999 -9999 -9999 -9999 -9999 -9999 -9999 -9999 -9999 -9999 -9999 -9999 -9999
0E0 0E0 0E0 0E0 0E0 0E0 0E0 0E0 0E0 0E0 0E0 0E0 0E0 0E0 2.72434E-1 5.97391E-2 2.62333E-2 2.82969E-2 0E0 0E0 7.78653E-2 6.77351E-2 8.34709E-2 1.94362E-1 5.85122E-2 2.74126E-2 6.88475E-2 2.60175E-1 3.0399E-1 1.95516E-1 1.20856E-2 9.91388E-3 8.70339E-3 1.03551E-1 4.53902E-2 1.0218E-2 1.30302E-3 7.65888E-4 2.18209E-3 2.96612E-3 2.03131E-3 2.12462E-3 4.43452E-3 1.74343E-3 -9999 -9999 -9999 -9999 -9999 -9999 -9999 -9999 -9999 -9999 -9999 -9999 -9999 -9999 -9999 -9999 -9999 -9999 -9999 -9999 -9999 -9999 -9999 -9999 -9999 -9999 -9999 -9999 -9999 -9999 -9999 -9999 -9999 -9999
0E0 0E0 0E0 0E0 0E0 0E0 0E0 0E0 0E0 0E0 0E0 0E0 0E0 0E0 1.79502E-1 5.33113E-2 7.83631E-2 6.34021E-2 0E0 0E0 1.2684E-1 7.27987E-2 4.70435E-2 5.03001E-2 4.90333E-2 2.32048E-1 1.72265E-2 3.48872E-1 1.84713E-1 1.59777E-2 1.51549E-2 9.19429E-3 2.10048E-2 2.76426E-2 5.09092E-3 5.72642E-3 1.0482E-3 5.93904E-4 1.14277E-3 4.57686E-3 2.19918E-3 1.83374E-3 2.23609E-3 -9999 -9999 -9999 -9999 -9999 -9999 -9999 -9999 -9999 -9999 -9999 -9999 -9999 -9999 -9999 -9999 -9999 -9999 -9999 -9999 -9999 -9999 -9999 -9999 -9999 -9999 -9999 -9999 -9999 -9999 -9999 -9999 -9999 -9999 -9999
0E0 0E0 0E0 0E0 0E0 0E0 0E0 0E0 0E0 0E0 0E0 0E0 3.48157E-1 3.0069E-1 1.24668E-1 1.39151E-1 4.90015E-1 0E0 0E0 5.58631E-1 1.91934E-1 8.47625E-2 9.83237E-2 3.32128E-2 8.07377E-2 5.43034E-2 2.12374E-1 3.17079E-1 2.52532E-1 1.75878E-2 1.5065E-2 4.39074E-2 3.01627E-2 8.11311E-3 6.1641E-4 2.6211E-4 1.95732E-4 1.04599E-3 3.35343E-3 4.00683E-3 4.62865E-3 1.93253E-3 -9999 -9999 -9999 -9999 -9999 -9999 -9999 -9999 -9999 -9999 -9999 -9999 -9999 -9999 -9999 -9999 -9999 -9999 -9999 -9999 -9999 -9999 -9999 -9999 -9999 -9999 -9999 -9999 -9999 -9999 -9999 -9999 -9999 -9999 -9999 -9999
0E0 0E0 0E0 0E0 0E0 0E0 0E0 0E0 0E0 0E0 0E0 0E0 0E0 0E0 2.87012E-1 1.54944E-1 0E0 0E0 7.29844E-1 6.60726E-2 6.62035E-2 1.49873E-2 2.23786E-2 1.38518E-1 1.48122E-1 1.16843E-1 6.77007E-2 3.54651E-2 3.29291E-2 5.0416E-2 1.14351E-1 1.13395E-1 5.17325E-2 2.82248E-3 2.5685E-3 5.91369E-4 1.40965E-3 2.4381E-3 6.59771E-3 3.72106E-3 4.62066E-3 -9999 -9999 -9999 -9999 -9999 -9999 -9999 -9999 -9999 -9999 -9999 -9999 -9999 -9999 -9999 -9999 -9999 -9999 -9999 -9999 -9999 -9999 -9999 -9999 -9999 -9999 -9999 -9999 -9999 -9999 -9999 -9999 -9999 -9999 -9999 -9999 -9999
