ENM/Final_Models/M_2_F_q_Set_1_NE/Gustavia_santanderiensis_8_Choco.asc
ncols         367
nrows         963
xllcorner     -78.6
yllcorner     0.65
cellsize      0.00833333333333323
NODATA_value  -9999
[rows 884 to 917 of 963, columns 0 to 77 of 367]
-9999 -9999 -9999 -9999 -9999 -9999 -9999 -9999 -9999 -9999 -9999 -9999 -9999 -9999 -9999 -9999 -9999 -9999 -9999 -9999 -9999 1.67103E-1 3.10263E-1 0E0 2.98257E-1 0E0 0E0 0E0 0E0 0E0 0E0 0E0 0E0 0E0 0E0 0E0 0E0 0E0 0E0 0E0 0E0 0E0 0E0 0E0 0E0 0E0 0E0 0E0 0E0 0E0 0E0 0E0 0E0 0E0 0E0 0E0 0E0 0E0 3.27237E-2 2.6373E-2 3.79909E-2 2.75042E-2 9.90075E-3 5.22908E-3 2.20218E-3 1.38492E-3 1.14194E-3 3.72912E-3 9.06221E-3 1.93696E-2 2.46549E-2 3.12867E-2 3.3621E-2 2.1297E-2 1.03867E-2 2.54231E-3 1.7223E-3 4.93067E-3
-9999 -9999 -9999 -9999 -9999 -9999 -9999 -9999 -9999 -9999 -9999 -9999 -9999 -9999 -9999 -9999 -9999 -9999 -9999 -9999 -9999 2.03158E-1 0E0 0E0 0E0 0E0 0E0 0E0 0E0 0E0 0E0 0E0 0E0 0E0 0E0 0E0 0E0 0E0 0E0 0E0 0E0 0E0 0E0 0E0 0E0 0E0 0E0 0E0 0E0 0E0 0E0 0E0 0E0 0E0 0E0 6.19991E-2 0E0 0E0 2.25187E-2 3.92138E-2 4.70489E-2 3.4413E-2 1.75741E-2 1.04539E-2 5.51486E-3 3.11066E-3 3.37073E-3 2.5402E-3 4.33686E-3 6.47744E-3 1.27871E-2 3.77265E-2 3.64179E-2 2.07079E-2 1.53271E-2 6.25143E-3 4.46805E-4 6.71101E-4
-9999 -9999 -9999 -9999 -9999 -9999 -9999 -9999 -9999 -9999 -9999 -9999 -9999 -9999 -9999 -9999 -9999 -9999 -9999 -9999 -9999 2.37468E-1 0E0 0E0 0E0 0E0 0E0 0E0 0E0 0E0 0E0 0E0 0E0 0E0 0E0 0E0 0E0 0E0 0E0 0E0 0E0 0E0 0E0 0E0 0E0 0E0 0E0 0E0 0E0 0E0 0E0 0E0 2.77868E-2 0E0 2.19057E-2 5.68229E-2 0E0 0E0 3.50026E-2 5.75996E-2 6.42384E-2 3.81603E-2 2.23718E-2 1.35588E-2 9.79252E-3 6.27859E-3 3.99112E-3 2.24738E-3 2.9186E-3 5.62628E-3 1.08698E-2 3.1081E-2 2.72799E-2 1.79345E-2 9.05561E-3 8.16997E-3 4.79785E-4 2.42876E-4
-9999 -9999 -9999 -9999 -9999 -9999 -9999 -9999 -9999 -9999 -9999 -9999 -9999 -9999 -9999 -9999 -9999 -9999 -9999 -9999 -9999 -9999 0E0 0E0 0E0 0E0 0E0 0E0 0E0 0E0 0E0 0E0 0E0 0E0 0E0 0E0 0E0 0E0 0E0 0E0 0E0 0E0 0E0 0E0 0E0 0E0 0E0 0E0 0E0 0E0 0E0 0E0 2.58934E-2 2.32465E-2 3.33434E-2 2.39085E-2 0E0 0E0 5.30278E-2 7.06483E-2 6.34314E-2 4.70989E-2 2.04499E-2 9.73852E-3 6.73654E-3 5.82587E-3 3.26375E-3 2.46546E-3 2.46612E-3 4.41806E-3 8.19996E-3 2.01722E-2 1.61919E-2 2.34921E-2 2.00039E-3 1.74259E-3 1.0441E-3 2.57889E-4
-9999 -9999 -9999 -9999 -9999 -9999 -9999 -9999 -9999 -9999 -9999 -9999 -9999 -9999 -9999 -9999 -9999 -9999 -9999 -9999 -9999 -9999 1.83053E-1 0E0 0E0 0E0 0E0 0E0 0E0 0E0 0E0 0E0 0E0 0E0 0E0 0E0 0E0 0E0 0E0 0E0 0E0 0E0 0E0 0E0 0E0 0E0 0E0 0E0 0E0 0E0 0E0 0E0 2.64824E-2 2.81608E-2 3.10564E-2 2.93896E-2 3.63089E-2 4.11259E-2 6.19715E-2 6.51368E-2 6.33855E-2 4.61949E-2 2.32937E-2 1.53355E-2 9.59529E-3 8.39747E-3 6.38958E-3 4.88314E-3 2.25574E-3 2.32568E-3 4.86256E-3 8.92132E-3 6.46193E-3 5.53254E-3 2.59835E-3 2.44146E-4 1.29727E-4 9.7185E-5
-9999 -9999 -9999 -9999 -9999 -9999 -9999 -9999 -9999 -9999 -9999 -9999 -9999 -9999 -9999 -9999 -9999 -9999 -9999 -9999 -9999 -9999 1.20928E-1 0E0 0E0 0E0 0E0 0E0 9.55621E-2 0E0 0E0 0E0 0E0 0E0 0E0 0E0 0E0 0E0 0E0 0E0 0E0 0E0 0E0 0E0 0E0 0E0 0E0 0E0 0E0 0E0 0E0 0E0 2.38902E-2 2.73623E-2 2.70108E-2 1.8223E-2 1.96817E-2 4.07307E-2 6.67255E-2 7.06583E-2 6.99616E-2 5.04468E-2 3.86815E-2 2.84427E-2 1.69137E-2 1.16528E-2 7.79812E-3 5.23265E-3 3.36938E-3 1.798E-3 2.79294E-3 2.13237E-3 5.14104E-3 2.42864E-3 8.90161E-4 1.79671E-4 1.01907E-4 7.88198E-5
-9999 -9999 -9999 -9999 -9999 -9999 -9999 -9999 -9999 -9999 -9999 -9999 -9999 -9999 -9999 -9999 -9999 -9999 -9999 -9999 -9999 -9999 1.19677E-1 0E0 0E0 0E0 0E0 0E0 0E0 1.50362E-1 0E0 0E0 0E0 2.90972E-1 0E0 0E0 0E0 0E0 0E0 0E0 0E0 0E0 0E0 0E0 0E0 0E0 0E0 0E0 0E0 0E0 0E0 0E0 2.79992E-2 3.18228E-2 1.93802E-2 4.41377E-3 9.529E-3 2.81975E-2 7.12071E-2 8.9353E-2 8.65709E-2 4.21107E-2 3.74602E-2 2.96836E-2 1.44985E-2 1.09389E-2 5.40677E-3 5.19267E-3 4.80804E-3 6.15097E-3 8.67795E-3 1.05151E-2 7.64381E-3 7.28114E-3 1.37656E-3 2.09326E-4 1.05123E-4 9.60035E-5
-9999 -9999 -9999 -9999 -9999 -9999 -9999 -9999 -9999 -9999 -9999 -9999 -9999 -9999 -9999 -9999 -9999 -9999 -9999 -9999 -9999 -9999 -9999 1.13686E-1 1.29895E-1 0E0 0E0 1.41163E-1 1.78001E-1 0E0 0E0 0E0 0E0 0E0 0E0 0E0 0E0 0E0 0E0 0E0 0E0 0E0 0E0 0E0 0E0 0E0 0E0 0E0 0E0 0E0 2.21287E-2 2.21019E-2 2.33497E-2 2.855E-2 1.59295E-2 2.30016E-3 1.06987E-2 3.4874E-2 8.58092E-2 6.91938E-2 8.7426E-2 4.70491E-2 1.88577E-2 1.28247E-2 9.463E-3 9.0291E-3 1.80252E-2 1.29137E-2 1.10328E-2 2.43282E-2 1.30094E-2 5.33782E-3 5.34351E-3 5.13769E-3 9.64456E-4 4.66351E-4 1.13201E-4 3.99484E-5
-9999 -9999 -9999 -9999 -9999 -9999 -9999 -9999 -9999 -9999 -9999 -9999 -9999 -9999 -9999 -9999 -9999 -9999 -9999 -9999 -9999 -9999 -9999 1.22632E-1 1.16049E-1 1.0539E-1 0E0 8.76616E-2 1.20336E-1 1.46045E-1 0E0 1.42809E-1 0E0 0E0 1.80598E-1 0E0 0E0 0E0 0E0 0E0 0E0 0E0 0E0 0E0 0E0 0E0 0E0 0E0 0E0 0E0 2.0906E-2 2.61604E-2 2.56756E-2 2.68378E-2 1.36578E-2 3.13156E-3 9.17163E-3 2.70701E-2 7.71703E-2 9.50459E-2 1.08288E-1 6.39909E-2 1.98391E-2 1.30191E-2 2.11887E-2 3.93623E-2 3.85608E-2 3.14642E-2 3.67306E-2 3.51919E-2 2.07564E-2 5.72993E-3 1.51442E-3 2.51619E-3 1.42015E-3 4.06468E-4 7.78923E-5 2.87404E-5
-9999 -9999 -9999 -9999 -9999 -9999 -9999 -9999 -9999 -9999 -9999 -9999 -9999 -9999 -9999 -9999 -9999 -9999 -9999 -9999 -9999 -9999 -9999 -9999 -9999 9.5481E-2 1.10324E-1 0E0 0E0 0E0 0E0 0E0 0E0 1.7979E-1 0E0 0E0 0E0 9.07172E-2 0E0 0E0 0E0 0E0 0E0 1.84055E-1 0E0 0E0 0E0 0E0 0E0 0E0 0E0 2.00122E-2 2.44759E-2 2.90414E-2 1.57499E-2 6.85193E-3 1.96335E-2 3.31951E-2 7.29515E-2 7.40751E-2 1.0601E-1 6.75191E-2 3.2901E-2 2.66807E-2 4.38345E-2 7.25517E-2 5.12766E-2 3.56123E-2 5.21208E-2 4.63362E-2 4.04632E-2 1.90472E-2 1.34568E-2 7.83464E-3 3.08209E-3 1.50506E-3 1.53287E-4 9.63563E-5
-9999 -9999 -9999 -9999 -9999 -9999 -9999 -9999 -9999 -9999 -9999 -9999 -9999 -9999 -9999 -9999 -9999 -9999 -9999 -9999 -9999 1.28982E-1 1.53685E-1 -9999 -9999 8.13698E-2 7.46094E-2 8.60725E-2 0E0 0E0 0E0 0E0 0E0 0E0 1.3934E-1 8.84121E-2 6.62878E-2 0E0 0E0 1.03871E-1 0E0 0E0 1.92232E-1 0E0 0E0 0E0 0E0 0E0 0E0 0E0 0E0 0E0 2.39737E-2 2.58194E-2 1.61107E-2 8.19975E-3 2.10372E-2 4.34047E-2 5.94662E-2 7.61621E-2 1.10053E-1 1.08096E-1 5.06888E-2 8.37703E-2 9.00321E-2 6.36849E-2 6.73748E-2 6.44542E-2 4.03651E-2 2.69117E-2 4.00064E-2 3.46147E-2 2.71211E-2 1.56311E-2 1.2621E-2 6.94183E-3 1.65313E-3 4.8997E-4
-9999 -9999 -9999 -9999 -9999 -9999 -9999 -9999 -9999 -9999 -9999 -9999 -9999 -9999 -9999 -9999 -9999 -9999 -9999 -9999 -9999 1.14762E-1 8.50793E-2 9.23661E-2 1.03576E-1 8.22531E-2 7.54452E-2 5.8698E-2 7.87274E-2 0E0 0E0 6.64651E-2 0E0 0E0 0E0 0E0 6.66308E-2 0E0 0E0 0E0 0E0 0E0 1.00717E-1 2.19385E-1 0E0 0E0 0E0 0E0 0E0 0E0 0E0 2.40747E-2 3.02992E-2 2.73841E-2 9.42118E-3 3.58828E-3 1.40778E-2 3.96902E-2 7.27385E-2 9.32152E-2 8.26963E-2 6.43895E-2 8.29989E-2 5.12643E-2 3.47825E-2 4.96372E-2 3.85041E-2 3.63196E-2 1.05464E-2 3.33337E-3 1.80763E-2 2.32409E-2 3.05282E-2 2.69136E-2 1.01393E-2 3.12695E-3 2.3335E-3 7.54433E-4
-9999 -9999 -9999 -9999 -9999 -9999 -9999 -9999 -9999 -9999 -9999 -9999 -9999 -9999 -9999 -9999 -9999 -9999 -9999 -9999 1.10659E-1 1.05581E-1 8.08962E-2 6.74888E-2 7.11262E-2 6.18003E-2 5.6219E-2 5.62613E-2 4.9263E-2 4.72084E-2 0E0 4.8161E-2 0E0 6.26565E-2 0E0 0E0 0E0 0E0 0E0 0E0 0E0 0E0 0E0 0E0 0E0 0E0 2.82504E-2 2.95666E-2 3.41868E-2 2.53767E-2 2.58281E-2 2.75816E-2 2.75658E-2 2.49559E-2 1.5276E-2 4.00642E-3 1.15555E-2 4.14036E-2 5.49308E-2 8.95638E-2 5.2017E-2 3.68581E-2 2.45568E-2 1.0539E-2 3.45708E-3 9.38773E-3 1.23708E-2 2.61854E-2 1.13117E-2 1.41904E-3 7.6446E-3 2.18037E-2 1.8572E-2 2.4232E-2 2.66736E-2 1.48308E-2 5.70918E-3 5.50644E-4
-9999 -9999 -9999 -9999 -9999 -9999 -9999 -9999 -9999 -9999 -9999 -9999 -9999 -9999 -9999 -9999 -9999 -9999 -9999 -9999 1.6683E-1 1.41407E-1 9.75101E-2 7.91129E-2 5.27065E-2 4.75975E-2 4.28003E-2 3.79251E-2 0E0 0E0 5.26119E-2 4.99455E-2 7.69883E-2 8.7235E-2 0E0 7.84975E-2 0E0 0E0 0E0 0E0 0E0 0E0 0E0 1.17622E-1 0E0 0E0 3.07283E-2 2.80366E-2 2.78237E-2 3.36455E-2 3.14067E-2 2.94674E-2 2.67485E-2 1.84122E-2 6.0226E-3 2.5132E-3 1.07134E-2 3.34426E-2 4.56879E-2 7.55683E-2 7.68852E-2 4.38285E-2 1.93112E-2 3.658E-3 1.66285E-3 1.12091E-3 4.66374E-3 1.35063E-2 9.54034E-3 6.89787E-4 1.62763E-3 1.87825E-2 1.05799E-2 1.5191E-2 2.00929E-2 1.51043E-2 1.99318E-3 2.5839E-3
-9999 -9999 -9999 -9999 -9999 -9999 -9999 -9999 -9999 -9999 -9999 -9999 -9999 -9999 -9999 -9999 -9999 -9999 -9999 -9999 2.56466E-1 2.14795E-1 1.06188E-1 6.55875E-2 4.37585E-2 3.85153E-2 3.63097E-2 4.44444E-2 3.63015E-2 4.80529E-2 8.71381E-2 7.22365E-2 1.01701E-1 7.1392E-2 0E0 1.00324E-1 0E0 0E0 0E0 0E0 0E0 0E0 0E0 0E0 0E0 0E0 2.86872E-2 2.77531E-2 2.63443E-2 2.75342E-2 2.50107E-2 2.65118E-2 2.36974E-2 1.1693E-2 5.29174E-3 1.50687E-3 4.35072E-3 1.63796E-2 3.34306E-2 5.92788E-2 7.43999E-2 4.63763E-2 2.26722E-2 3.79957E-3 2.04979E-3 4.34981E-4 6.9397E-4 3.18593E-3 6.26754E-3 5.48783E-4 1.30842E-3 5.70378E-3 3.52519E-3 5.23307E-3 8.76859E-3 2.45077E-2 1.31238E-2 1.56786E-2
-9999 -9999 -9999 -9999 -9999 -9999 -9999 -9999 -9999 -9999 -9999 -9999 -9999 -9999 -9999 -9999 -9999 -9999 -9999 -9999 -9999 1.9768E-1 1.59837E-1 1.01962E-1 6.10933E-2 4.03435E-2 6.2332E-2 1.13477E-1 1.06418E-1 1.14864E-1 1.05948E-1 1.09974E-1 1.01204E-1 6.51085E-2 5.53792E-2 7.81535E-2 0E0 0E0 0E0 0E0 0E0 0E0 0E0 0E0 0E0 0E0 2.70953E-2 3.4827E-2 2.77629E-2 2.42343E-2 1.97151E-2 1.889E-2 1.30739E-2 7.99093E-3 3.31466E-3 1.44135E-3 2.81515E-3 7.67767E-3 1.77063E-2 2.92412E-2 4.99075E-2 6.85659E-2 3.5559E-2 9.7802E-3 3.56423E-3 1.03969E-3 5.82862E-4 2.32731E-3 3.46603E-3 7.98981E-4 3.25907E-4 1.13343E-3 7.5856E-4 8.96535E-4 3.85771E-3 1.65216E-2 1.9633E-2 9.64254E-3
-9999 -9999 -9999 -9999 -9999 -9999 -9999 -9999 -9999 -9999 -9999 -9999 -9999 -9999 -9999 -9999 -9999 -9999 -9999 -9999 -9999 1.5984E-1 1.4499E-1 1.13279E-1 6.28622E-2 5.84141E-2 1.45085E-1 1.23763E-1 1.17295E-1 6.66987E-2 0E0 0E0 5.90617E-2 0E0 0E0 0E0 0E0 0E0 0E0 0E0 0E0 9.67046E-2 0E0 0E0 0E0 0E0 0E0 4.03572E-2 3.83349E-2 2.86351E-2 1.6589E-2 8.50338E-3 8.20196E-3 4.11253E-3 1.3632E-3 9.2163E-4 9.65111E-4 2.4714E-3 8.52006E-3 2.5506E-2 5.397E-2 6.37728E-2 3.30175E-2 6.84433E-3 4.68868E-3 1.21801E-3 2.36972E-4 1.6812E-3 1.34105E-3 1.14186E-3 1.69296E-3 1.63735E-3 5.69032E-4 6.0136E-4 1.44318E-3 1.02449E-2 1.2479E-2 1.54599E-3
-9999 -9999 -9999 -9999 -9999 -9999 -9999 -9999 -9999 -9999 -9999 -9999 -9999 -9999 -9999 -9999 -9999 -9999 -9999 -9999 1.89719E-1 1.49833E-1 1.18948E-1 1.17444E-1 1.03328E-1 1.6471E-1 1.89722E-1 1.1292E-1 7.5382E-2 4.55273E-2 0E0 0E0 0E0 0E0 0E0 0E0 0E0 0E0 0E0 0E0 0E0 0E0 1.14049E-1 0E0 0E0 0E0 3.16239E-2 3.82737E-2 4.01587E-2 1.98847E-2 9.31344E-3 2.7845E-3 1.27131E-3 7.5543E-4 3.67482E-4 1.96464E-4 4.76099E-4 1.27938E-3 2.59139E-3 1.76433E-2 2.16191E-2 6.15242E-2 5.18485E-2 5.69298E-3 1.35526E-2 2.34712E-3 8.08365E-4 1.04459E-3 2.99679E-3 5.5541E-3 3.70715E-3 2.04632E-3 4.76445E-4 4.12945E-4 8.20208E-4 2.22857E-3 1.05433E-2 4.69355E-3
-9999 -9999 -9999 -9999 -9999 -9999 -9999 -9999 -9999 -9999 -9999 -9999 -9999 -9999 -9999 -9999 -9999 -9999 -9999 -9999 1.59905E-1 1.40806E-1 1.12669E-1 1.17514E-1 2.12977E-1 1.75457E-1 1.52413E-1 1.51859E-1 1.26334E-1 1.08259E-1 9.05199E-2 6.05082E-2 4.82966E-2 0E0 0E0 0E0 1.10616E-1 0E0 0E0 0E0 0E0 1.14973E-1 0E0 0E0 0E0 3.54954E-2 3.43665E-2 3.47882E-2 2.12439E-2 1.86961E-2 5.67347E-3 1.7786E-3 4.71115E-4 3.21879E-4 1.63736E-4 1.14549E-4 1.36267E-4 3.36455E-4 2.72363E-3 3.46575E-3 1.25515E-2 5.9797E-2 5.47264E-2 4.27005E-2 1.68795E-2 1.44531E-2 7.62196E-3 4.72405E-3 9.47833E-3 1.09857E-2 3.3812E-3 1.90164E-3 1.14385E-3 1.34079E-3 1.44914E-3 1.1498E-3 2.44074E-3 8.76431E-3
-9999 -9999 -9999 -9999 -9999 -9999 -9999 -9999 -9999 -9999 -9999 -9999 -9999 -9999 -9999 -9999 -9999 -9999 -9999 -9999 1.45421E-1 1.36324E-1 1.74404E-1 1.44849E-1 9.03958E-2 7.46312E-2 5.7297E-2 8.76524E-2 6.49249E-2 0E0 6.62308E-2 0E0 0E0 0E0 0E0 0E0 1.00115E-1 0E0 0E0 0E0 0E0 0E0 1.28043E-1 5.2562E-2 2.85441E-2 3.88584E-2 4.17418E-2 2.93981E-2 2.41653E-2 1.89909E-2 9.0484E-3 6.10653E-3 1.12433E-3 3.14506E-4 8.86984E-5 7.80828E-5 8.21834E-5 2.58027E-4 2.62406E-3 5.88486E-3 1.90613E-2 3.72762E-2 5.99151E-2 3.6959E-2 3.49093E-2 3.25625E-2 1.12335E-2 1.43666E-2 1.93615E-2 7.02635E-3 3.93397E-3 2.53143E-3 1.93142E-3 1.18456E-3 1.03804E-3 1.1381E-3 1.33018E-3 5.54647E-3
-9999 -9999 -9999 -9999 -9999 -9999 -9999 -9999 -9999 -9999 -9999 -9999 -9999 -9999 -9999 -9999 -9999 -9999 -9999 -9999 -9999 -9999 -9999 -9999 1.24047E-1 1.12768E-1 5.42449E-2 3.73962E-2 0E0 0E0 0E0 0E0 4.084E-2 0E0 2.39317E-2 0E0 9.96868E-2 7.84184E-2 0E0 0E0 0E0 0E0 7.7683E-2 1.22808E-1 3.89702E-2 5.04574E-2 4.84026E-2 3.00055E-2 3.22076E-2 3.22928E-2 2.03206E-2 1.05798E-2 4.85412E-3 2.11014E-3 1.48127E-4 5.29822E-5 5.89277E-5 2.46783E-4 1.80073E-3 9.79917E-3 1.0099E-2 5.54682E-3 2.4931E-2 5.51993E-2 2.3957E-2 1.83163E-2 2.4761E-2 1.6435E-2 1.87613E-2 7.87366E-3 4.18695E-3 2.60268E-3 2.30133E-3 1.9943E-3 6.23639E-4 1.00508E-3 2.58883E-3 3.05332E-3
-9999 -9999 -9999 -9999 -9999 -9999 -9999 -9999 -9999 -9999 -9999 -9999 -9999 -9999 -9999 -9999 -9999 -9999 -9999 -9999 -9999 -9999 -9999 -9999 -9999 1.72841E-1 1.17263E-1 8.20557E-2 9.55166E-2 6.35554E-2 5.42951E-2 0E0 0E0 0E0 2.43186E-2 2.58646E-2 0E0 9.11388E-2 0E0 3.5914E-2 0E0 0E0 5.1621E-2 1.02784E-1 6.5245E-2 3.91995E-2 3.19543E-2 3.68895E-2 4.00377E-2 3.78694E-2 2.68457E-2 1.44219E-2 4.90788E-3 1.69825E-3 3.04765E-4 2.36397E-4 1.67161E-4 2.20476E-4 1.07016E-3 4.28422E-3 1.19977E-3 1.54345E-3 8.48162E-3 3.97807E-2 4.55812E-2 2.07903E-2 1.01758E-2 5.81493E-3 1.10736E-2 1.37912E-2 3.02052E-3 2.80348E-3 5.90314E-3 2.26912E-3 9.96088E-4 7.14144E-4 1.15993E-3 1.67548E-3
-9999 -9999 -9999 -9999 -9999 -9999 -9999 -9999 -9999 -9999 -9999 -9999 -9999 -9999 -9999 -9999 -9999 -9999 -9999 -9999 -9999 -9999 -9999 -9999 -9999 -9999 -9999 -9999 -9999 1.69549E-1 9.54325E-2 7.02414E-2 4.01108E-2 0E0 2.71046E-2 3.18536E-2 0E0 9.01129E-2 7.62118E-2 0E0 3.25832E-2 0E0 4.99295E-2 5.40598E-2 7.46693E-2 5.81265E-2 0E0 3.2046E-2 3.19E-2 4.01825E-2 3.17114E-2 1.60783E-2 1.52203E-2 5.95561E-3 6.53232E-4 4.34964E-4 6.97664E-4 5.64928E-4 6.41549E-4 1.04096E-3 6.29982E-4 9.2355E-4 3.71481E-3 1.2035E-2 9.06865E-3 4.17022E-2 1.43007E-2 4.98181E-3 2.50668E-3 1.29448E-2 1.08302E-2 7.73537E-3 2.75972E-3 3.05558E-3 2.53801E-3 8.33401E-4 8.19893E-4 7.97493E-4
-9999 -9999 -9999 -9999 -9999 -9999 -9999 -9999 -9999 -9999 -9999 -9999 -9999 -9999 -9999 -9999 -9999 -9999 -9999 -9999 -9999 -9999 -9999 -9999 -9999 -9999 -9999 -9999 -9999 -9999 1.62288E-1 7.40126E-2 4.36754E-2 2.64875E-2 2.76192E-2 2.31484E-2 4.53916E-2 0E0 1.04354E-1 6.51921E-2 0E0 3.43781E-2 3.62596E-2 3.68386E-2 0E0 5.79153E-2 6.6766E-2 6.14139E-2 3.29377E-2 3.70749E-2 3.28116E-2 3.19023E-2 3.06022E-2 1.68548E-2 4.32355E-3 2.2132E-3 2.24654E-3 1.14114E-3 5.37283E-4 4.01166E-4 1.00318E-3 2.38073E-3 4.68329E-3 2.75279E-3 2.97653E-3 3.79186E-2 1.10028E-2 4.57528E-3 3.26616E-3 6.74433E-3 2.13615E-3 4.11894E-3 1.44689E-3 6.92986E-4 7.40597E-4 2.42164E-3 3.46131E-4 1.89415E-4
-9999 -9999 -9999 -9999 -9999 -9999 -9999 -9999 -9999 -9999 -9999 -9999 -9999 -9999 -9999 -9999 -9999 -9999 -9999 -9999 -9999 -9999 -9999 -9999 -9999 -9999 -9999 -9999 -9999 -9999 -9999 1.38591E-1 7.43773E-2 0E0 0E0 4.1393E-2 5.57344E-2 6.50991E-2 0E0 0E0 0E0 0E0 0E0 4.51452E-2 4.34861E-2 0E0 5.35436E-2 7.60622E-2 7.27997E-2 8.04569E-2 8.70228E-2 7.87739E-2 5.62548E-2 1.39173E-2 1.13954E-2 7.52119E-3 3.97356E-3 1.48814E-3 2.47801E-4 2.13262E-4 7.05381E-4 3.4371E-3 4.72325E-3 2.02152E-3 2.14836E-3 2.49228E-2 1.40856E-2 1.71495E-3 1.36582E-3 1.59444E-3 7.13812E-4 9.57549E-4 2.69573E-3 5.26708E-4 7.86929E-4 1.18938E-3 2.11734E-4 3.92418E-4
-9999 -9999 -9999 -9999 -9999 -9999 -9999 -9999 -9999 -9999 -9999 -9999 -9999 -9999 -9999 -9999 -9999 -9999 -9999 -9999 -9999 -9999 -9999 -9999 -9999 -9999 -9999 -9999 -9999 -9999 -9999 -9999 6.49042E-2 3.5501E-2 4.38307E-2 3.89202E-2 0E0 5.34362E-2 6.07823E-2 5.21043E-2 0E0 4.84216E-2 0E0 4.26154E-2 3.94553E-2 4.33034E-2 5.41796E-2 6.41621E-2 9.07421E-2 6.84084E-2 5.19894E-2 6.12203E-2 3.59163E-2 3.35515E-2 2.37938E-2 9.73605E-3 3.21412E-3 9.50718E-4 1.16928E-4 1.61983E-4 7.21596E-4 1.71454E-3 3.39603E-3 1.09733E-3 8.85525E-4 1.94051E-2 1.8937E-2 5.89597E-3 1.89247E-3 6.11712E-4 3.9287E-4 2.7583E-4 5.03477E-4 1.50988E-4 2.44003E-4 4.12634E-4 2.1937E-4 1.19852E-4
-9999 -9999 -9999 -9999 -9999 -9999 -9999 -9999 -9999 -9999 -9999 -9999 -9999 -9999 -9999 -9999 -9999 -9999 -9999 -9999 -9999 -9999 -9999 -9999 -9999 -9999 -9999 -9999 -9999 -9999 -9999 -9999 -9999 5.00874E-2 4.15155E-2 4.86524E-2 4.68033E-2 3.70211E-2 0E0 5.93769E-2 5.02091E-2 7.6267E-2 4.20692E-2 5.46479E-2 4.37623E-2 2.62316E-2 2.99058E-2 6.30002E-2 7.34527E-2 8.90977E-2 5.83166E-2 2.5401E-2 2.51013E-2 2.58355E-2 1.00074E-2 4.09221E-3 1.07133E-3 4.27727E-4 1.01833E-4 1.64245E-4 8.8792E-4 2.49489E-3 2.82996E-3 2.47505E-3 1.57551E-3 1.71997E-2 3.53221E-2 1.83825E-2 3.67118E-3 5.12174E-4 2.33101E-4 1.41045E-4 2.31204E-4 2.21862E-4 1.36653E-4 1.80313E-4 1.30013E-4 1.62723E-4
-9999 -9999 -9999 -9999 -9999 -9999 -9999 -9999 -9999 -9999 -9999 -9999 -9999 -9999 -9999 -9999 -9999 -9999 -9999 -9999 -9999 -9999 -9999 -9999 -9999 -9999 -9999 -9999 -9999 -9999 -9999 -9999 -9999 -9999 -9999 3.40345E-2 3.47593E-2 4.7863E-2 5.46413E-2 5.05792E-2 7.91259E-2 7.7798E-2 6.06216E-2 2.57149E-2 3.78598E-2 3.7857E-2 2.00649E-2 5.3837E-2 6.55436E-2 7.5808E-2 9.07157E-2 4.17981E-2 1.7881E-2 1.56154E-2 1.02876E-2 4.23012E-3 3.99753E-3 1.858E-3 7.40444E-4 1.49582E-3 1.00716E-3 6.31055E-4 1.88499E-3 2.77891E-3 2.05312E-3 5.04009E-3 1.62345E-2 3.46769E-2 6.59848E-3 1.50525E-3 3.14336E-4 1.39619E-4 1.03173E-4 1.75327E-4 8.70276E-5 1.32802E-4 1.0001E-4 6.92395E-5
-9999 -9999 -9999 -9999 -9999 -9999 -9999 -9999 -9999 -9999 -9999 -9999 -9999 -9999 -9999 -9999 -9999 -9999 -9999 -9999 -9999 -9999 -9999 -9999 -9999 -9999 -9999 -9999 -9999 -9999 -9999 -9999 -9999 -9999 -9999 -9999 3.54117E-2 7.34426E-2 4.84841E-2 5.114E-2 8.00409E-2 7.14091E-2 7.25462E-2 6.43705E-2 4.46323E-2 4.911E-2 2.97252E-2 3.09717E-2 4.12313E-2 5.7978E-2 8.28831E-2 5.90744E-2 3.26111E-2 4.53285E-2 3.99375E-2 2.86582E-2 7.5295E-3 4.31335E-3 4.17436E-3 4.28797E-3 2.31424E-3 1.58191E-3 7.55601E-4 7.61151E-4 5.51686E-4 4.02136E-3 1.54873E-2 1.99349E-2 4.45032E-3 4.27852E-4 1.41305E-4 9.43016E-5 6.07091E-5 6.91989E-5 9.00282E-5 6.16254E-5 7.66568E-5 1.08131E-4
-9999 -9999 -9999 -9999 -9999 -9999 -9999 -9999 -9999 -9999 -9999 -9999 -9999 -9999 -9999 -9999 -9999 -9999 -9999 -9999 -9999 -9999 -9999 -9999 -9999 -9999 -9999 -9999 -9999 -9999 -9999 -9999 -9999 -9999 -9999 -9999 -9999 5.55731E-2 7.35905E-2 7.08221E-2 7.21841E-2 7.3233E-2 6.68391E-2 6.99307E-2 6.40972E-2 4.30805E-2 2.41409E-2 1.66628E-2 2.16259E-2 3.34206E-2 3.843E-2 8.67266E-2 6.72455E-2 5.32534E-2 5.80393E-2 3.14076E-2 2.21696E-2 1.60474E-2 9.53761E-3 7.36803E-3 4.77715E-3 2.363E-3 7.32548E-4 1.45109E-4 7.15497E-5 4.32441E-4 1.64494E-2 5.76846E-3 1.90611E-3 4.01098E-4 4.28349E-4 1.47498E-4 9.78328E-5 6.1854E-5 5.89909E-5 1.04831E-4 9.38838E-5 1.26127E-4
-9999 -9999 -9999 -9999 -9999 -9999 -9999 -9999 -9999 -9999 -9999 -9999 -9999 -9999 -9999 -9999 -9999 -9999 -9999 -9999 -9999 -9999 -9999 -9999 -9999 -9999 -9999 -9999 -9999 -9999 -9999 -9999 -9999 -9999 -9999 -9999 -9999 -9999 7.21806E-2 7.01919E-2 6.32565E-2 5.15131E-2 4.75858E-2 5.55581E-2 3.14626E-2 1.6E-2 1.53275E-2 6.20125E-3 6.72592E-3 1.74395E-2 3.11819E-2 4.9358E-2 4.94037E-2 1.55819E-2 4.05533E-2 5.65067E-2 2.29365E-2 1.25257E-2 7.79494E-3 5.91108E-3 4.49959E-3 1.21673E-3 2.73982E-4 1.39217E-4 6.29336E-5 7.00105E-4 2.17391E-2 2.85473E-3 6.49249E-4 7.25196E-4 9.74443E-4 1.43309E-4 8.64204E-5 2.58255E-4 3.22136E-4 2.74664E-4 2.48958E-4 7.29547E-5
-9999 -9999 -9999 -9999 -9999 -9999 -9999 -9999 -9999 -9999 -9999 -9999 -9999 -9999 -9999 -9999 -9999 -9999 -9999 -9999 -9999 -9999 -9999 -9999 -9999 -9999 -9999 -9999 -9999 -9999 -9999 -9999 -9999 -9999 -9999 -9999 -9999 -9999 -9999 -9999 7.03126E-2 5.16292E-2 2.55755E-2 2.27558E-2 1.7955E-2 1.14445E-2 9.79471E-3 3.33084E-3 2.57536E-3 1.0772E-2 1.91161E-2 4.85939E-2 4.40204E-2 1.06468E-2 1.29344E-2 5.5342E-2 4.64905E-2 1.4216E-2 3.89539E-3 3.233E-3 3.62878E-3 2.23895E-3 6.68162E-4 2.25761E-4 1.33214E-4 6.35073E-3 2.0672E-2 5.52257E-3 2.43293E-3 2.4956E-3 4.07676E-4 5.82916E-5 2.5108E-4 6.08642E-4 1.22748E-4 2.52153E-4 1.26102E-4 4.45836E-5
-9999 -9999 -9999 -9999 -9999 -9999 -9999 -9999 -9999 -9999 -9999 -9999 -9999 -9999 -9999 -9999 -9999 -9999 -9999 -9999 -9999 -9999 -9999 -9999 -9999 -9999 -9999 -9999 -9999 -9999 -9999 -9999 -9999 -9999 -9999 -9999 -9999 -9999 -9999 -9999 -9999 7.36265E-2 4.19029E-2 4.61216E-2 3.96914E-2 1.35233E-2 4.91634E-3 3.14709E-3 1.04925E-3 5.86241E-3 6.21518E-3 3.99153E-2 4.78167E-2 2.38387E-2 9.8048E-3 1.29807E-2 2.50423E-2 3.15398E-2 6.47314E-3 1.5554E-3 7.94711E-4 9.06079E-4 4.63399E-4 1.63868E-4 6.5907E-4 6.89994E-3 4.90453E-3 5.50597E-3 9.528E-3 5.05716E-3 4.40939E-4 3.84537E-4 1.63099E-3 1.04471E-3 7.13559E-4 4.75951E-4 6.51725E-5 2.06634E-5
-9999 -9999 -9999 -9999 -9999 -9999 -9999 -9999 -9999 -9999 -9999 -9999 -9999 -9999 -9999 -9999 -9999 -9999 -9999 -9999 -9999 -9999 -9999 -9999 -9999 -9999 -9999 -9999 -9999 -9999 -9999 -9999 -9999 -9999 -9999 -9999 -9999 -9999 -9999 -9999 -9999 -9999 6.68574E-2 6.57659E-2 2.66876E-2 1.00415E-2 3.75425E-3 1.68283E-3 5.74829E-4 9.47956E-4 6.9055E-3 4.11861E-2 5.94468E-2 3.83532E-2 2.27907E-2 7.23317E-3 1.63126E-2 2.25565E-2 1.89714E-2 7.74629E-3 3.7975E-3 2.79572E-3 6.17928E-4 2.94849E-4 6.25591E-4 2.08501E-3 1.35138E-3 1.68847E-3 1.93433E-3 1.54624E-3 1.31778E-3 2.44816E-3 5.54712E-4 1.13826E-4 5.26245E-4 8.41833E-4 4.10071E-4 2.3737E-4
