ENM/Final_Models/M_2_F_q_Set_1_NE/Gustavia_santanderiensis_1_Choco.asc
ncols         367
nrows         963
xllcorner     -78.6
yllcorner     0.65
cellsize      0.00833333333333323
NODATA_value  -9999
[rows 238 to 271 of 963, columns 234 to 311 of 367]
0E0 0E0 4.33013E-1 3.57764E-1 1.41296E-1 3.44067E-2 2.20299E-2 1.29277E-1 1.15114E-1 1.36119E-1 3.67351E-1 6.22129E-1 0E0 4.73533E-1 5.28043E-1 5.94426E-1 7.18848E-1 8.24885E-1 9.23593E-1 8.82677E-1 0E0 7.17262E-1 7.36601E-1 8.08213E-1 8.46901E-1 9.36784E-1 9.48335E-1 6.89039E-1 6.3126E-1 4.5983E-1 4.18157E-1 3.83151E-1 3.98021E-1 2.58716E-1 1.98401E-1 1.04712E-1 6.39074E-2 7.35082E-2 6.70806E-2 1.07452E-1 4.65181E-2 3.10997E-2 2.17225E-3 4.81971E-4 2.30152E-3 3.71339E-3 1.9878E-3 8.44726E-4 1.93072E-3 2.65714E-3 1.21867E-3 2.8094E-4 2.39437E-5 1.54626E-6 2.66921E-6 1.8342E-4 3.04885E-5 3.86913E-5 1.14901E-5 7.48332E-5 -9999 -9999 -9999 -9999 -9999 -9999 -9999 -9999 -9999 -9999 -9999 -9999 -9999 -9999 -9999 -9999 -9999 -9999
0E0 0E0 7.67728E-1 5.3751E-1 3.00307E-1 6.29225E-2 2.34677E-2 1.01206E-1 8.81853E-2 1.0477E-1 4.11259E-1 7.13323E-1 0E0 4.29615E-1 4.67426E-1 3.56857E-1 4.51862E-1 8.27645E-1 8.04414E-1 8.94363E-1 6.07693E-1 6.10247E-1 0E0 6.86216E-1 9.07412E-1 9.43359E-1 9.69171E-1 7.68688E-1 6.65513E-1 7.26662E-1 2.75216E-1 2.99416E-1 3.41683E-1 3.88495E-1 1.80903E-1 8.84101E-2 9.79245E-2 9.11836E-2 2.04546E-2 6.87619E-2 2.48523E-2 1.0766E-2 1.23375E-3 1.33619E-3 5.37271E-3 3.61517E-3 1.63863E-3 2.24687E-3 1.60989E-3 6.39668E-4 8.10382E-4 3.06535E-4 8.77876E-6 -9999 -9999 1.22162E-5 2.7276E-6 5.73629E-7 1.52399E-5 -9999 -9999 -9999 -9999 -9999 -9999 -9999 -9999 -9999 -9999 -9999 -9999 -9999 -9999 -9999 -9999 -9999 -9999 -9999
0E0 0E0 0E0 5.53182E-1 4.68625E-1 2.87504E-1 4.67321E-2 3.11961E-2 1.59771E-1 1.83251E-1 3.08825E-1 4.04162E-1 0E0 0E0 6.44776E-1 5.02927E-1 6.12058E-1 6.65456E-1 6.68651E-1 8.11782E-1 6.82975E-1 5.47549E-1 6.19225E-1 8.2044E-1 7.92204E-1 9.55416E-1 9.55222E-1 9.18855E-1 5.90979E-1 5.14851E-1 3.93544E-1 2.3355E-1 3.2905E-1 3.33454E-1 1.32048E-1 1.28603E-1 1.04026E-1 7.54379E-2 2.96901E-2 4.02596E-2 1.69493E-2 9.63523E-3 6.25791E-3 3.44218E-3 5.26566E-3 6.21657E-3 1.48802E-3 8.93002E-4 1.18245E-3 1.33674E-4 1.83519E-5 6.48153E-6 3.8857E-6 3.85033E-6 4.32563E-7 -9999 3.63648E-6 -9999 -9999 -9999 -9999 -9999 -9999 -9999 -9999 -9999 -9999 -9999 -9999 -9999 -9999 -9999 -9999 -9999 -9999 -9999 -9999 -9999
0E0 0E0 0E0 0E0 0E0 3.66841E-1 5.40251E-2 3.8577E-2 1.15656E-1 1.42236E-1 2.40234E-1 4.29603E-1 0E0 0E0 8.32199E-1 6.26344E-1 8.17553E-1 6.78778E-1 6.43333E-1 6.60459E-1 6.31314E-1 4.78477E-1 6.91878E-1 8.40874E-1 8.50104E-1 9.08925E-1 9.78748E-1 8.74843E-1 6.64725E-1 6.72001E-1 4.1821E-1 2.81667E-1 2.29574E-1 2.11527E-1 1.26547E-1 8.00326E-2 6.09667E-2 5.37361E-2 1.72961E-2 1.2631E-2 4.17815E-3 5.00338E-3 7.0974E-3 8.51349E-3 9.91416E-3 2.50037E-3 7.78815E-4 5.45721E-4 2.11826E-3 2.72087E-4 1.99595E-4 4.53694E-5 2.15859E-6 2.60002E-7 2.93904E-7 9.11231E-6 -9999 -9999 -9999 -9999 -9999 -9999 -9999 -9999 -9999 -9999 -9999 -9999 -9999 -9999 -9999 -9999 -9999 -9999 -9999 -9999 -9999 -9999
0E0 0E0 0E0 0E0 0E0 2.89543E-1 2.85435E-2 2.30166E-2 6.0949E-2 1.34052E-1 2.24977E-1 4.77021E-1 0E0 0E0 8.14935E-1 5.08336E-1 6.42892E-1 5.96687E-1 7.66454E-1 6.26736E-1 4.80179E-1 5.20155E-1 8.52582E-1 9.4929E-1 9.78277E-1 9.65264E-1 9.84968E-1 9.05127E-1 8.99508E-1 8.82026E-1 3.4633E-1 2.00945E-1 1.45508E-1 1.48495E-1 1.89604E-1 7.79911E-2 4.50611E-2 2.57421E-2 1.64626E-2 1.49368E-2 1.67522E-3 1.74763E-3 2.24265E-3 5.21423E-3 3.77777E-3 4.98897E-3 4.4859E-3 1.77119E-3 2.71652E-3 1.71574E-3 6.70142E-4 9.15869E-5 3.77413E-6 2.20258E-6 3.42558E-7 2.06371E-6 -9999 -9999 -9999 -9999 -9999 -9999 -9999 -9999 -9999 -9999 -9999 -9999 -9999 -9999 -9999 -9999 -9999 -9999 -9999 -9999 -9999 -9999
0E0 0E0 0E0 0E0 0E0 3.51657E-1 5.03651E-2 2.5728E-2 3.95013E-2 1.03875E-1 1.70824E-1 3.71817E-1 0E0 0E0 8.30206E-1 8.10846E-1 9.09437E-1 8.30576E-1 4.80483E-1 7.74417E-1 6.46482E-1 8.44517E-1 9.14178E-1 9.82446E-1 9.98656E-1 9.93499E-1 9.57488E-1 8.78202E-1 8.64581E-1 9.52622E-1 4.59302E-1 3.11204E-1 1.63917E-1 1.66516E-1 1.86842E-1 6.81265E-2 1.95523E-2 2.15712E-2 5.90508E-3 1.8664E-2 9.96306E-3 2.70604E-3 1.64266E-3 1.26954E-3 1.11744E-2 2.6209E-3 1.63118E-3 1.98495E-3 1.92348E-3 2.39866E-3 1.24174E-3 2.55907E-4 3.00983E-5 3.06282E-5 7.28058E-6 -9999 -9999 -9999 -9999 -9999 -9999 -9999 -9999 -9999 -9999 -9999 -9999 -9999 -9999 -9999 -9999 -9999 -9999 -9999 -9999 -9999 -9999 -9999
0E0 0E0 0E0 0E0 0E0 6.44793E-1 8.04057E-2 6.38254E-2 1.15015E-1 1.71992E-1 2.47935E-1 0E0 0E0 0E0 9.3338E-1 8.6223E-1 9.52981E-1 8.60582E-1 6.67307E-1 8.00401E-1 7.98047E-1 8.99359E-1 9.56722E-1 9.89706E-1 9.93424E-1 9.68827E-1 9.29484E-1 9.35953E-1 9.52701E-1 9.69474E-1 4.17308E-1 2.8121E-1 3.47367E-1 2.8585E-1 1.3853E-1 5.46884E-2 2.99908E-2 3.95436E-2 2.53031E-2 2.02392E-2 1.76213E-2 1.02011E-2 8.65234E-3 3.76865E-4 1.12816E-3 4.42965E-3 3.08108E-3 9.17442E-4 7.00856E-4 9.91026E-4 1.29857E-3 3.24263E-3 1.62746E-3 2.9216E-4 7.33384E-5 8.03016E-6 -9999 -9999 -9999 -9999 -9999 -9999 -9999 -9999 -9999 -9999 -9999 -9999 -9999 -9999 -9999 -9999 -9999 -9999 -9999 -9999 -9999 -9999
0E0 0E0 0E0 0E0 0E0 2.87876E-1 9.7202E-2 5.42542E-2 1.01405E-1 2.27724E-1 2.53391E-1 0E0 0E0 0E0 8.58231E-1 9.153E-1 6.82854E-1 5.83512E-1 7.95872E-1 6.06613E-1 8.38914E-1 9.89273E-1 9.9719E-1 9.92248E-1 9.95012E-1 9.25093E-1 9.58686E-1 9.28822E-1 6.60088E-1 8.07914E-1 5.29245E-1 1.36989E-1 1.67343E-1 5.18386E-1 1.82797E-1 1.48275E-1 1.13037E-1 8.342E-2 3.5881E-2 3.34833E-2 7.55526E-3 5.74623E-3 4.28849E-3 2.33724E-3 3.034E-4 2.35447E-3 1.07595E-3 1.31448E-4 3.05853E-4 4.1614E-4 5.78424E-4 1.89397E-3 8.91378E-4 1.70289E-4 4.27197E-5 4.4128E-6 8.45648E-7 -9999 -9999 -9999 -9999 -9999 -9999 -9999 -9999 -9999 -9999 -9999 -9999 -9999 -9999 -9999 -9999 -9999 -9999 -9999 -9999 -9999
0E0 0E0 0E0 0E0 0E0 1.71318E-1 2.45213E-2 5.90043E-2 1.60397E-1 2.97167E-1 0E0 0E0 0E0 0E0 9.60314E-1 9.80875E-1 7.97119E-1 7.34423E-1 6.84762E-1 8.01939E-1 8.54058E-1 8.43281E-1 8.14533E-1 9.24854E-1 8.86235E-1 9.12464E-1 8.48569E-1 8.09724E-1 6.27336E-1 7.99125E-1 4.12745E-1 1.22106E-1 4.21325E-1 4.78952E-1 1.56856E-1 9.4648E-2 4.32066E-2 1.21788E-2 2.56154E-2 4.21077E-2 1.93931E-2 1.24238E-2 1.29895E-2 1.92846E-3 1.64401E-4 1.36073E-4 3.59895E-5 1.18184E-4 3.92484E-5 1.98819E-5 9.92912E-5 1.88466E-4 5.70423E-4 4.89008E-4 1.05636E-4 6.6299E-5 1.37765E-6 -9999 -9999 -9999 -9999 -9999 -9999 -9999 -9999 -9999 -9999 -9999 -9999 -9999 -9999 -9999 -9999 -9999 -9999 -9999 -9999 -9999
0E0 0E0 0E0 0E0 0E0 2.7252E-1 6.77743E-2 6.35037E-2 1.55179E-1 2.39388E-1 0E0 0E0 0E0 0E0 9.99884E-1 7.95346E-1 5.55352E-1 4.50205E-1 4.69134E-1 7.95782E-1 8.21199E-1 5.7939E-1 5.01457E-1 4.38419E-1 5.18772E-1 5.96097E-1 5.31945E-1 8.41347E-1 8.38151E-1 5.42248E-1 3.34357E-1 2.8292E-1 3.6705E-1 4.16458E-1 3.16708E-1 1.43224E-1 4.99613E-2 2.50805E-2 2.89507E-2 2.01752E-2 1.08372E-2 1.77339E-3 6.02387E-4 7.39156E-4 7.78447E-5 2.73283E-4 1.24699E-5 4.40627E-5 1.01212E-5 5.9594E-6 4.52892E-6 1.41682E-5 3.37465E-6 7.74014E-5 6.61499E-5 3.24179E-5 2.60294E-6 -9999 -9999 -9999 -9999 -9999 -9999 -9999 -9999 -9999 -9999 -9999 -9999 -9999 -9999 -9999 -9999 -9999 -9999 -9999 -9999 -9999
0E0 0E0 0E0 0E0 0E0 0E0 6.70974E-2 1.32328E-1 3.52118E-1 0E0 0E0 0E0 0E0 0E0 9.98925E-1 7.29043E-1 7.55604E-1 3.72891E-1 4.37612E-1 5.3471E-1 8.31772E-1 5.27404E-1 3.75726E-1 3.84356E-1 4.57657E-1 5.43011E-1 3.49362E-1 6.07535E-1 9.16706E-1 4.75616E-1 3.11349E-1 3.09407E-1 3.12232E-1 4.58276E-1 2.97329E-1 4.01975E-1 6.73461E-2 2.79666E-2 3.27409E-2 3.20656E-2 8.03192E-3 9.13292E-4 3.48421E-4 4.60079E-4 9.67913E-5 2.08332E-4 1.89826E-5 1.77405E-4 7.74071E-5 1.25284E-5 3.28307E-6 3.29845E-6 1.36019E-6 8.49504E-6 -9999 -9999 -9999 -9999 -9999 -9999 -9999 -9999 -9999 -9999 -9999 -9999 -9999 -9999 -9999 -9999 -9999 -9999 -9999 -9999 -9999 -9999 -9999 -9999
0E0 0E0 0E0 0E0 0E0 0E0 3.52875E-1 0E0 0E0 0E0 0E0 0E0 0E0 9.09971E-1 9.9967E-1 6.93262E-1 5.95724E-1 4.82932E-1 4.54339E-1 5.83753E-1 5.63198E-1 4.85072E-1 4.7665E-1 7.00292E-1 6.92683E-1 7.5804E-1 5.78841E-1 3.76083E-1 9.16253E-1 6.17685E-1 3.28177E-1 2.21108E-1 3.75912E-1 3.84845E-1 5.53345E-1 5.31385E-1 1.52117E-1 6.56539E-2 3.25218E-2 1.80925E-2 7.35895E-3 3.23867E-3 2.92313E-4 1.87277E-4 2.98315E-4 5.08085E-4 4.15649E-4 9.40723E-4 4.40722E-4 1.34674E-4 1.25845E-5 3.49675E-6 9.556E-7 -9999 -9999 -9999 -9999 -9999 -9999 -9999 -9999 -9999 -9999 -9999 -9999 -9999 -9999 -9999 -9999 -9999 -9999 -9999 -9999 -9999 -9999 -9999 -9999 -9999
0E0 0E0 0E0 0E0 0E0 0E0 0E0 0E0 0E0 0E0 0E0 0E0 0E0 9.98934E-1 9.99358E-1 7.75571E-1 6.73603E-1 8.00213E-1 8.25567E-1 7.53018E-1 7.7734E-1 6.98672E-1 8.83745E-1 5.40953E-1 6.78797E-1 7.7689E-1 7.02044E-1 3.55766E-1 8.23421E-1 4.85259E-1 3.76557E-1 2.96616E-1 1.10009E-1 2.81377E-1 4.88326E-1 4.41349E-1 1.90838E-1 1.15688E-1 2.42862E-2 1.31916E-2 1.42062E-2 3.43793E-3 4.64567E-4 3.50174E-4 6.77655E-4 1.98642E-3 3.3441E-3 2.54993E-3 4.17066E-4 3.40902E-4 1.03823E-4 2.35308E-5 2.39626E-5 -9999 -9999 -9999 -9999 6.82822E-6 3.08163E-6 -9999 -9999 -9999 -9999 -9999 -9999 -9999 -9999 -9999 -9999 -9999 -9999 -9999 -9999 -9999 -9999 -9999 -9999 -9999
0E0 0E0 0E0 0E0 0E0 0E0 0E0 0E0 0E0 0E0 9.84227E-1 0E0 9.25059E-1 5.94109E-1 9.90108E-1 9.54682E-1 6.27176E-1 4.55294E-1 5.22859E-1 6.83666E-1 9.34563E-1 7.56147E-1 7.73395E-1 9.31245E-1 8.83922E-1 9.89318E-1 8.84046E-1 7.58791E-1 8.68538E-1 6.4871E-1 4.33073E-1 9.73527E-2 1.37974E-1 3.14565E-1 4.71495E-1 3.97544E-1 2.38695E-1 1.15606E-1 2.3362E-2 1.26156E-2 1.13902E-2 6.36979E-3 4.20149E-3 5.35239E-3 2.21543E-3 2.39384E-3 3.68755E-3 3.04052E-4 3.91195E-4 2.04265E-4 8.02345E-5 1.98956E-5 -9999 -9999 1.80153E-6 4.14035E-6 4.23863E-6 1.6136E-5 2.31706E-6 -9999 -9999 -9999 -9999 -9999 -9999 -9999 -9999 -9999 -9999 -9999 -9999 -9999 -9999 -9999 -9999 -9999 -9999 -9999
0E0 0E0 0E0 0E0 0E0 0E0 0E0 0E0 0E0 0E0 0E0 0E0 8.74843E-1 7.01529E-1 7.79933E-1 9.90296E-1 8.80477E-1 6.39512E-1 7.40954E-1 6.39466E-1 7.18592E-1 7.7767E-1 9.26405E-1 9.91792E-1 9.97585E-1 9.66238E-1 9.47508E-1 9.73504E-1 7.46415E-1 4.10088E-1 4.70428E-1 1.35299E-1 2.47046E-1 2.53231E-1 6.1731E-1 3.8739E-1 4.26779E-1 2.54412E-1 1.052E-1 6.10699E-2 6.54975E-3 1.02024E-2 1.54584E-2 1.69014E-2 1.04806E-2 3.78831E-3 5.89E-3 3.43519E-4 3.17208E-4 1.07819E-4 5.63253E-5 2.43109E-5 1.35493E-5 1.37629E-5 3.41838E-5 1.71547E-5 3.03347E-5 5.61663E-6 1.51963E-4 4.1402E-5 -9999 -9999 -9999 -9999 -9999 -9999 -9999 -9999 -9999 -9999 -9999 -9999 -9999 -9999 -9999 -9999 -9999 -9999
0E0 0E0 0E0 0E0 0E0 0E0 0E0 0E0 0E0 0E0 0E0 0E0 0E0 8.02736E-1 8.76227E-1 7.84456E-1 9.77333E-1 7.01419E-1 5.87694E-1 7.96352E-1 7.96312E-1 8.24513E-1 9.85627E-1 9.97923E-1 9.92829E-1 9.9706E-1 9.96895E-1 9.44304E-1 6.32364E-1 4.47266E-1 5.33077E-1 5.19833E-1 3.72728E-1 5.22361E-1 5.40194E-1 5.07176E-1 2.99031E-1 3.67055E-1 2.59302E-1 1.38028E-1 4.21043E-2 6.11391E-3 2.95565E-3 1.45309E-2 3.70958E-3 5.94458E-3 1.56877E-3 1.94445E-3 1.37137E-3 4.9864E-4 5.15775E-5 7.84679E-5 1.59556E-4 1.70061E-5 4.30852E-5 6.33269E-5 3.0861E-5 1.2968E-4 1.99992E-5 6.80735E-5 -9999 -9999 -9999 -9999 -9999 -9999 -9999 -9999 -9999 -9999 -9999 -9999 -9999 -9999 -9999 -9999 -9999 -9999
0E0 0E0 0E0 0E0 0E0 0E0 0E0 0E0 0E0 0E0 0E0 0E0 0E0 9.51899E-1 9.9615E-1 8.39541E-1 9.9859E-1 8.81269E-1 8.12199E-1 6.53002E-1 6.04045E-1 7.06103E-1 9.6561E-1 9.98945E-1 9.77279E-1 9.99981E-1 8.39622E-1 9.1253E-1 7.17958E-1 5.51891E-1 3.67143E-1 4.7305E-1 4.45324E-1 5.31379E-1 2.95044E-1 4.51937E-1 3.65847E-1 2.69693E-1 1.45129E-1 2.38137E-1 1.36289E-1 4.68024E-2 7.15235E-3 1.96916E-2 1.77609E-2 2.48252E-3 2.63704E-3 3.1745E-3 6.97815E-4 1.31861E-4 1.9056E-4 1.7422E-4 2.60096E-4 3.45267E-4 1.03761E-4 5.34412E-5 6.35888E-5 7.14299E-5 8.78094E-5 8.17604E-6 2.82375E-5 -9999 -9999 -9999 -9999 -9999 -9999 -9999 -9999 -9999 -9999 -9999 -9999 -9999 -9999 -9999 -9999 -9999
0E0 0E0 0E0 0E0 0E0 0E0 0E0 0E0 2.68308E-1 0E0 0E0 0E0 0E0 0E0 0E0 9.20001E-1 9.93547E-1 9.88112E-1 9.65029E-1 9.72436E-1 9.54688E-1 7.57657E-1 9.11124E-1 9.79921E-1 9.99818E-1 9.99955E-1 7.7421E-1 7.99495E-1 7.72857E-1 4.75164E-1 3.9584E-1 3.90222E-1 4.86116E-1 5.22427E-1 3.23198E-1 2.76241E-1 3.65801E-1 3.84357E-1 1.76423E-1 1.85354E-1 1.5485E-1 8.53081E-2 1.19242E-2 7.27525E-3 3.10663E-3 9.4173E-4 2.40956E-3 1.01279E-3 2.298E-4 2.44778E-4 1.90248E-4 1.45594E-3 5.16496E-4 4.83684E-4 1.18146E-4 4.644E-5 1.26643E-4 3.76792E-4 2.39525E-4 5.39847E-5 9.1741E-6 -9999 -9999 -9999 -9999 -9999 -9999 -9999 -9999 -9999 -9999 -9999 -9999 -9999 -9999 -9999 -9999 -9999
0E0 0E0 0E0 0E0 0E0 0E0 0E0 1.37124E-1 2.21608E-1 3.44484E-1 4.2983E-1 0E0 0E0 0E0 0E0 0E0 9.99997E-1 9.99561E-1 9.82648E-1 9.9906E-1 8.64251E-1 8.71173E-1 8.92167E-1 9.2557E-1 9.85852E-1 9.02328E-1 6.55592E-1 7.92256E-1 7.56742E-1 5.32805E-1 5.43964E-1 4.18022E-1 2.87335E-1 3.79846E-1 2.10676E-1 2.2675E-1 2.69579E-1 2.48513E-1 1.69215E-1 9.68885E-2 7.8639E-2 3.36548E-2 4.24741E-3 9.20272E-4 3.2774E-4 6.63292E-4 5.40907E-4 2.55266E-4 4.30824E-4 5.90538E-4 2.67029E-4 1.20894E-4 5.1007E-5 3.30798E-5 1.45061E-4 1.13955E-4 8.55783E-5 2.24271E-4 2.01395E-4 2.10127E-4 1.24484E-4 1.1981E-4 -9999 -9999 -9999 -9999 -9999 -9999 -9999 -9999 -9999 -9999 -9999 -9999 -9999 -9999 -9999 -9999
0E0 0E0 0E0 0E0 0E0 0E0 2.35901E-1 2.33237E-1 2.88628E-1 5.17859E-1 6.88866E-1 6.59402E-1 0E0 0E0 0E0 0E0 9.9932E-1 7.16951E-1 8.96391E-1 8.89338E-1 6.36452E-1 9.1952E-1 8.74002E-1 9.90626E-1 8.97856E-1 5.88363E-1 5.50255E-1 7.12807E-1 6.41411E-1 3.91797E-1 2.60948E-1 2.08058E-1 2.04365E-1 2.03977E-1 3.44185E-1 3.14019E-1 1.97164E-1 1.29242E-1 1.16018E-1 9.55509E-2 8.48245E-2 3.59478E-2 6.33233E-3 6.05768E-3 7.87604E-3 4.69115E-3 2.55843E-2 1.7391E-3 4.93368E-3 6.88084E-3 2.42796E-3 6.8977E-4 5.04249E-4 9.3331E-5 2.64431E-4 6.21555E-5 1.95768E-4 3.24086E-4 4.75716E-4 5.33672E-4 3.09371E-4 1.56755E-4 1.81894E-4 -9999 -9999 -9999 -9999 -9999 -9999 -9999 -9999 -9999 -9999 -9999 -9999 -9999 -9999 -9999
0E0 0E0 0E0 0E0 0E0 0E0 0E0 1.19656E-1 7.00648E-2 3.50995E-1 7.0107E-1 0E0 0E0 0E0 0E0 0E0 9.91129E-1 7.74555E-1 6.58237E-1 7.76701E-1 5.78947E-1 4.54273E-1 7.81115E-1 8.30134E-1 4.31065E-1 2.6117E-1 2.67096E-1 4.56202E-1 5.12084E-1 3.89375E-1 4.17215E-1 4.09003E-1 3.46503E-1 3.06843E-1 3.0117E-1 3.01235E-1 1.58014E-1 1.94798E-1 1.78552E-1 1.70876E-1 1.55164E-1 7.68404E-2 1.08639E-2 1.3194E-2 1.34325E-2 1.12103E-2 1.07192E-2 1.31696E-2 1.30132E-2 1.00607E-2 2.58783E-3 6.1819E-4 7.09864E-5 1.49726E-4 3.36056E-4 1.58315E-4 5.17118E-4 2.82291E-4 3.75006E-4 1.31722E-4 1.07586E-4 1.23862E-4 8.19499E-5 1.02602E-4 -9999 -9999 -9999 -9999 -9999 -9999 -9999 -9999 -9999 -9999 -9999 -9999 -9999 -9999
0E0 0E0 0E0 0E0 0E0 0E0 0E0 0E0 2.40017E-1 3.45762E-1 3.1868E-1 3.75641E-1 0E0 0E0 0E0 0E0 9.78242E-1 9.99167E-1 9.10407E-1 8.43368E-1 6.77422E-1 2.51025E-1 5.00173E-1 4.40752E-1 2.41439E-1 2.92696E-1 2.46576E-1 3.67078E-1 5.35962E-1 3.77279E-1 3.7342E-1 4.69766E-1 5.48553E-1 3.91022E-1 2.17617E-1 2.22858E-1 1.39729E-1 4.9E-1 5.33151E-1 2.47978E-1 8.41358E-2 8.69475E-2 1.02431E-2 6.95507E-3 2.45593E-3 2.72289E-3 8.52435E-3 8.55947E-3 2.92549E-3 6.56169E-4 2.46209E-4 6.8411E-5 4.22713E-4 4.7819E-4 2.26603E-4 4.41759E-4 5.27679E-4 4.53522E-4 5.47447E-4 7.86384E-4 3.25584E-4 3.22166E-4 3.73226E-4 1.40027E-4 2.59011E-4 -9999 -9999 -9999 -9999 -9999 -9999 -9999 -9999 -9999 -9999 -9999 -9999 -9999
0E0 0E0 0E0 0E0 0E0 0E0 0E0 0E0 5.6538E-1 4.06723E-1 2.91498E-1 3.25012E-1 3.80956E-1 0E0 0E0 0E0 0E0 9.9538E-1 9.78946E-1 9.81446E-1 8.15648E-1 4.01915E-1 3.94018E-1 5.78165E-1 2.91543E-1 2.29516E-1 3.31039E-1 3.97283E-1 6.50304E-1 6.27925E-1 5.60881E-1 4.58291E-1 4.89738E-1 4.54089E-1 3.49532E-1 1.57102E-1 1.76319E-1 3.8708E-1 7.33715E-1 2.45409E-1 6.78769E-2 7.32442E-2 1.159E-2 6.94332E-3 1.45427E-3 1.09019E-3 2.3704E-3 2.81862E-3 2.92458E-3 3.15025E-3 9.15196E-5 4.23E-5 3.85489E-6 3.05614E-4 3.49476E-4 1.93351E-3 1.1558E-3 4.797E-4 3.60977E-4 -9999 -9999 -9999 1.39705E-4 1.70589E-4 2.25279E-4 -9999 -9999 -9999 -9999 -9999 -9999 -9999 -9999 -9999 -9999 -9999 -9999 -9999
0E0 0E0 0E0 0E0 0E0 0E0 0E0 0E0 0E0 3.7413E-1 3.12652E-1 3.30669E-1 3.48053E-1 6.93264E-1 0E0 0E0 0E0 9.52742E-1 9.81065E-1 9.66633E-1 9.59462E-1 5.49562E-1 4.16802E-1 3.9836E-1 2.57188E-1 2.91333E-1 2.8066E-1 4.13038E-1 4.78795E-1 5.63232E-1 4.89827E-1 5.5736E-1 7.68161E-1 6.30077E-1 9.09702E-1 2.07617E-1 2.19002E-1 3.48243E-1 0E0 2.99733E-1 7.44914E-2 4.62191E-2 2.08463E-2 2.03238E-2 1.3018E-2 5.32738E-3 5.40904E-3 1.76851E-3 6.97131E-4 6.49534E-3 1.68764E-4 2.77156E-5 2.7495E-5 3.03732E-4 7.86219E-4 8.45178E-4 1.03235E-3 1.18335E-3 7.10884E-4 4.23001E-4 -9999 -9999 -9999 2.11014E-6 6.15132E-6 -9999 -9999 -9999 -9999 -9999 -9999 -9999 -9999 -9999 -9999 -9999 -9999 -9999
0E0 0E0 0E0 0E0 0E0 0E0 0E0 0E0 0E0 6.55981E-1 1.68507E-1 2.2014E-1 2.64946E-1 4.2679E-1 0E0 0E0 0E0 0E0 9.66256E-1 6.3573E-1 8.05574E-1 7.96752E-1 5.692E-1 4.9999E-1 3.04143E-1 5.6049E-1 3.42778E-1 3.85735E-1 7.20226E-1 7.53365E-1 6.22036E-1 6.59529E-1 8.18581E-1 9.5239E-1 8.25538E-1 2.87746E-1 2.23791E-1 4.24531E-1 4.5106E-1 4.4082E-1 1.1786E-1 6.16913E-2 1.88009E-2 5.54475E-3 7.47779E-3 6.92414E-3 5.20914E-3 1.42596E-3 1.4561E-3 5.00384E-4 3.69907E-4 5.78786E-5 2.1534E-4 7.46758E-4 1.48859E-3 1.11166E-3 1.15951E-3 7.42486E-4 5.78066E-4 1.9044E-4 -9999 -9999 -9999 -9999 -9999 2.01331E-6 -9999 -9999 -9999 -9999 -9999 -9999 -9999 -9999 -9999 -9999 -9999 -9999
0E0 0E0 0E0 0E0 0E0 0E0 0E0 0E0 0E0 0E0 1.25226E-1 3.19334E-1 1.58024E-1 2.97531E-1 0E0 0E0 0E0 0E0 8.46832E-1 7.67711E-1 7.6926E-1 4.76712E-1 5.66296E-1 3.43595E-1 2.75001E-1 2.92401E-1 3.47951E-1 7.49664E-1 6.77503E-1 7.3732E-1 8.82381E-1 9.12521E-1 7.84878E-1 0E0 7.03653E-1 5.82186E-1 2.75304E-1 1.22675E-1 4.69406E-1 4.40821E-1 2.37529E-1 1.51577E-1 4.66235E-2 3.46262E-3 3.28932E-3 2.93306E-3 1.99761E-3 6.85397E-5 1.8973E-4 1.53613E-4 5.45413E-4 8.78669E-4 1.86679E-4 1.48934E-4 1.2601E-3 1.92377E-3 9.67643E-4 6.45493E-4 2.68388E-4 2.04323E-4 1.81196E-5 -9999 -9999 -9999 -9999 -9999 -9999 -9999 -9999 -9999 -9999 -9999 -9999 -9999 -9999 -9999 -9999 -9999
0E0 0E0 0E0 0E0 0E0 0E0 0E0 0E0 0E0 0E0 3.7286E-1 3.16055E-1 1.97314E-1 3.99239E-1 0E0 0E0 0E0 0E0 7.87169E-1 9.48798E-1 9.84957E-1 7.6054E-1 3.60349E-1 3.05741E-1 3.30329E-1 3.91181E-1 5.57096E-1 8.15674E-1 6.42995E-1 6.7773E-1 7.72536E-1 8.28934E-1 8.67962E-1 8.26469E-1 6.32945E-1 5.54679E-1 3.86635E-1 2.25371E-1 2.21476E-1 3.12544E-1 3.52674E-1 1.02261E-1 4.68113E-2 2.88159E-3 4.44594E-3 3.96412E-3 8.07599E-4 1.80452E-2 2.55457E-2 6.89055E-5 1.6413E-3 4.09028E-4 1.16949E-3 5.04927E-4 1.83996E-3 1.3015E-3 1.46575E-3 2.06769E-3 1.9502E-3 -9999 -9999 -9999 -9999 -9999 -9999 -9999 -9999 -9999 -9999 -9999 -9999 -9999 -9999 -9999 -9999 -9999 -9999 -9999
0E0 0E0 0E0 0E0 0E0 0E0 0E0 0E0 0E0 5.38941E-1 1.78065E-1 3.19584E-1 4.02479E-1 0E0 0E0 0E0 0E0 0E0 0E0 9.44258E-1 9.54605E-1 7.84605E-1 4.0919E-1 5.10415E-1 5.02666E-1 5.99456E-1 6.23778E-1 7.34681E-1 8.34494E-1 9.21565E-1 9.59644E-1 9.53732E-1 7.37496E-1 6.38284E-1 6.75801E-1 6.3407E-1 4.5414E-1 2.16846E-1 1.95761E-1 2.77471E-1 0E0 2.54616E-1 1.85712E-1 2.3789E-3 1.68589E-3 2.22291E-3 1.57575E-3 1.82569E-3 1.87637E-2 1.87491E-4 3.71928E-3 1.42855E-3 3.53312E-3 1.22713E-3 1.35602E-3 1.63033E-3 1.57369E-3 1.39405E-3 1.71023E-3 -9999 -9999 -9999 -9999 -9999 -9999 -9999 -9999 -9999 -9999 -9999 -9999 -9999 -9999 -9999 -9999 -9999 -9999 -9999
0E0 0E0 0E0 0E0 0E0 0E0 0E0 0E0 0E0 2.22083E-1 1.03498E-1 2.2727E-1 2.88132E-1 6.56509E-1 7.69199E-1 0E0 0E0 0E0 0E0 9.26812E-1 9.85737E-1 9.52222E-1 5.44473E-1 6.62703E-1 7.47455E-1 8.60072E-1 7.51321E-1 7.76014E-1 6.65509E-1 9.22844E-1 9.219E-1 9.37816E-1 7.26233E-1 0E0 0E0 0E0 6.64504E-1 2.86111E-1 3.50203E-1 2.96301E-1 4.89679E-1 1.95447E-1 1.62801E-1 2.22834E-2 7.58771E-4 2.18218E-3 1.99018E-3 2.5364E-3 4.30982E-4 3.48809E-4 3.65668E-3 1.95948E-3 1.67272E-3 2.01945E-3 3.33693E-3 1.16974E-3 4.10636E-3 1.25039E-3 -9999 -9999 -9999 -9999 -9999 -9999 -9999 -9999 -9999 -9999 -9999 -9999 -9999 -9999 -9999 -9999 -9999 -9999 -9999 -9999
0E0 0E0 0E0 0E0 0E0 0E0 0E0 0E0 0E0 2.29103E-1 4.45252E-2 1.3899E-1 3.86995E-1 5.69362E-1 6.30269E-1 5.65213E-1 0E0 0E0 0E0 7.85612E-1 9.88687E-1 8.85824E-1 4.21383E-1 6.39712E-1 7.65185E-1 7.23408E-1 6.64274E-1 7.19477E-1 7.22035E-1 8.18434E-1 9.32638E-1 9.18313E-1 7.0566E-1 0E0 0E0 0E0 0E0 4.92002E-1 4.64013E-1 5.52076E-1 2.78005E-1 0E0 1.88314E-1 7.37384E-2 7.11827E-2 3.00891E-2 1.09897E-3 3.16885E-3 1.39355E-3 2.3511E-4 3.56402E-3 3.30323E-3 1.89665E-3 3.42268E-3 4.30661E-3 2.88336E-3 8.79428E-4 5.38817E-4 3.72731E-4 -9999 -9999 -9999 -9999 -9999 -9999 -9999 -9999 -9999 -9999 -9999 -9999 -9999 -9999 -9999 -9999 -9999 -9999 -9999
0E0 0E0 0E0 0E0 0E0 0E0 0E0 0E0 0E0 3.20222E-1 1.27559E-1 1.41175E-1 1.6573E-1 1.62736E-1 2.53896E-1 3.17989E-1 5.8553E-1 0E0 0E0 8.92776E-1 9.97756E-1 9.28257E-1 9.52719E-1 8.34146E-1 7.08268E-1 8.79761E-1 8.67977E-1 8.53101E-1 6.48873E-1 8.26342E-1 9.27814E-1 8.12021E-1 8.27271E-1 8.5779E-1 0E0 0E0 0E0 0E0 6.7275E-1 5.28761E-1 6.94057E-1 3.91641E-1 1.26561E-1 3.14688E-2 9.56052E-2 6.25942E-2 3.93698E-2 1.15487E-2 6.07802E-3 1.28468E-3 8.65789E-3 6.00461E-3 6.57972E-3 2.71666E-3 5.98031E-3 1.59778E-3 2.5534E-3 3.28398E-4 1.55655E-4 -9999 -9999 -9999 6.18247E-6 -9999 -9999 -9999 -9999 -9999 -9999 -9999 -9999 -9999 -9999 -9999 -9999 -9999 -9999 -9999
0E0 0E0 0E0 0E0 0E0 0E0 0E0 0E0 0E0 4.63765E-1 2.8491E-1 2.40237E-1 1.17639E-1 7.54688E-2 1.22151E-1 2.83492E-1 7.20083E-1 0E0 0E0 0E0 9.82646E-1 9.96597E-1 9.93111E-1 9.17939E-1 8.63023E-1 9.61744E-1 9.71381E-1 9.48042E-1 6.95443E-1 6.90895E-1 8.00025E-1 7.54E-1 0E0 0E0 0E0 0E0 0E0 0E0 0E0 0E0 0E0 0E0 3.02635E-1 1.31743E-1 1.42178E-1 5.5156E-2 6.76033E-2 1.07512E-1 1.46305E-2 6.63975E-3 1.11686E-2 5.36553E-3 4.39664E-3 3.97076E-3 1.94417E-3 2.28433E-3 4.9903E-4 6.90861E-4 2.60567E-4 -9999 -9999 -9999 6.4617E-6 -9999 -9999 -9999 -9999 -9999 -9999 -9999 -9999 -9999 -9999 -9999 -9999 -9999 -9999 -9999
0E0 0E0 0E0 0E0 0E0 0E0 0E0 0E0 0E0 3.29004E-1 1.1671E-1 5.07621E-2 1.0143E-1 9.82529E-2 1.35729E-1 2.07956E-1 0E0 0E0 0E0 0E0 9.5645E-1 9.83262E-1 9.6513E-1 9.45578E-1 9.18553E-1 9.33189E-1 9.12096E-1 7.83313E-1 7.44656E-1 8.82447E-1 7.52392E-1 0E0 0E0 0E0 0E0 0E0 0E0 0E0 0E0 0E0 0E0 0E0 3.1954E-1 0E0 2.64422E-1 1.83842E-1 1.39687E-1 1.35803E-1 2.08907E-2 8.80663E-3 2.88472E-2 2.5391E-2 1.50115E-2 7.89125E-3 5.30082E-3 1.73866E-3 5.9369E-4 5.49721E-4 3.02387E-4 1.07025E-4 3.00435E-4 5.21383E-5 -9999 -9999 -9999 -9999 -9999 -9999 -9999 -9999 -9999 -9999 -9999 -9999 -9999 -9999 -9999 -9999
0E0 0E0 0E0 0E0 0E0 0E0 0E0 0E0 0E0 1.40521E-1 2.05061E-2 5.03055E-2 7.30299E-2 5.81442E-2 1.34685E-1 1.50153E-1 0E0 0E0 0E0 9.68623E-1 7.39197E-1 9.24196E-1 9.26563E-1 9.49815E-1 9.80131E-1 9.89357E-1 8.98969E-1 8.75029E-1 6.45032E-1 7.99848E-1 7.06098E-1 8.49974E-1 0E0 0E0 0E0 0E0 0E0 0E0 1.27781E-1 2.04835E-1 2.34267E-1 1.77982E-1 0E0 0E0 2.97381E-2 2.23752E-2 3.21682E-2 3.46142E-2 6.90264E-3 2.58322E-2 3.66106E-2 3.13175E-2 1.2746E-2 5.03981E-3 3.81203E-3 4.30382E-3 2.57023E-3 5.74048E-4 5.52929E-4 8.94326E-5 1.27677E-4 1.57301E-5 4.97563E-6 -9999 -9999 -9999 -9999 -9999 -9999 -9999 -9999 -9999 -9999 -9999 -9999 -9999 -9999 -9999
