ENM/Final_Models/M_2_F_q_Set_1_NE/Gustavia_santanderiensis_2_Choco.asc
ncols         367
nrows         963
xllcorner     -78.6
yllcorner     0.65
cellsize      0.00833333333333323
NODATA_value  -9999
[rows 238 to 271 of 963, columns 234 to 311 of 367]
0E0 0E0 1.99671E-1 1.56992E-1 6.78387E-2 1.59231E-2 8.14267E-3 3.90359E-2 2.19487E-2 3.1134E-2 1.0459E-1 2.05628E-1 0E0 2.08684E-1 2.25688E-1 2.4599E-1 3.13108E-1 4.13744E-1 4.23964E-1 3.6962E-1 0E0 3.26286E-1 3.06612E-1 3.55628E-1 4.28751E-1 6.49138E-1 6.36925E-1 4.73326E-1 4.17079E-1 2.76801E-1 2.63186E-1 2.33284E-1 2.40722E-1 1.4542E-1 1.03032E-1 5.17586E-2 2.58185E-2 2.77785E-2 2.44249E-2 4.12212E-2 1.64505E-2 1.01714E-2 8.8173E-4 2.18079E-4 9.62332E-4 1.44251E-3 8.78219E-4 3.87759E-4 8.71723E-4 1.10849E-3 5.24898E-4 1.40108E-4 1.24968E-5 7.77458E-7 1.48433E-6 8.25389E-5 1.38659E-5 1.6346E-5 5.06762E-6 3.36481E-5 -9999 -9999 -9999 -9999 -9999 -9999 -9999 -9999 -9999 -9999 -9999 -9999 -9999 -9999 -9999 -9999 -9999 -9999
0E0 0E0 4.3691E-1 2.71743E-1 1.46397E-1 2.65586E-2 9.96231E-3 3.48904E-2 2.30575E-2 2.47623E-2 8.85936E-2 2.12817E-1 0E0 1.6014E-1 2.44595E-1 1.76664E-1 2.21068E-1 3.42513E-1 3.2891E-1 3.84597E-1 2.37432E-1 2.31685E-1 0E0 3.21804E-1 4.89567E-1 5.91961E-1 7.11802E-1 5.55322E-1 4.56123E-1 4.7095E-1 1.77468E-1 1.82785E-1 2.00202E-1 2.31437E-1 1.04612E-1 4.6471E-2 4.22372E-2 2.95783E-2 7.46003E-3 2.44178E-2 1.06165E-2 4.41838E-3 5.33387E-4 5.84946E-4 2.07E-3 1.56255E-3 7.31601E-4 8.61782E-4 6.84931E-4 2.65679E-4 3.55872E-4 1.40838E-4 4.66377E-6 -9999 -9999 6.06067E-6 1.17614E-6 2.61007E-7 7.25119E-6 -9999 -9999 -9999 -9999 -9999 -9999 -9999 -9999 -9999 -9999 -9999 -9999 -9999 -9999 -9999 -9999 -9999 -9999 -9999
0E0 0E0 0E0 2.67836E-1 2.4415E-1 1.45588E-1 2.05211E-2 1.13183E-2 3.91633E-2 4.00034E-2 6.87975E-2 1.18515E-1 0E0 0E0 2.82397E-1 2.52576E-1 2.63323E-1 2.87733E-1 2.56945E-1 3.68016E-1 2.65228E-1 1.63238E-1 2.29957E-1 4.46641E-1 4.26906E-1 6.50844E-1 6.73886E-1 7.6467E-1 3.93143E-1 3.16513E-1 2.63653E-1 1.47256E-1 1.90539E-1 1.7432E-1 7.70824E-2 6.64762E-2 5.1696E-2 3.02426E-2 1.05411E-2 1.39122E-2 6.77287E-3 3.90605E-3 2.32376E-3 1.48324E-3 2.31702E-3 2.43424E-3 6.08013E-4 3.87436E-4 4.67253E-4 5.97838E-5 9.26535E-6 3.15611E-6 2.19967E-6 2.02478E-6 2.19787E-7 -9999 1.53674E-6 -9999 -9999 -9999 -9999 -9999 -9999 -9999 -9999 -9999 -9999 -9999 -9999 -9999 -9999 -9999 -9999 -9999 -9999 -9999 -9999 -9999
0E0 0E0 0E0 0E0 0E0 1.50221E-1 2.27304E-2 1.54992E-2 3.02116E-2 3.15494E-2 5.44398E-2 1.03309E-1 0E0 0E0 4.6054E-1 3.50163E-1 4.77734E-1 3.9407E-1 2.6584E-1 2.38955E-1 2.47092E-1 1.56277E-1 2.95052E-1 4.4956E-1 4.63958E-1 5.73709E-1 7.38079E-1 6.33611E-1 4.39123E-1 4.78843E-1 2.80035E-1 1.6958E-1 1.43252E-1 1.23798E-1 7.27804E-2 3.98012E-2 2.96E-2 2.25253E-2 5.98584E-3 4.85672E-3 1.67842E-3 1.85027E-3 2.75554E-3 3.27798E-3 3.60877E-3 1.05404E-3 3.26587E-4 2.4933E-4 8.27917E-4 1.08263E-4 7.8599E-5 2.03413E-5 1.0686E-6 1.4429E-7 1.42488E-7 3.60432E-6 -9999 -9999 -9999 -9999 -9999 -9999 -9999 -9999 -9999 -9999 -9999 -9999 -9999 -9999 -9999 -9999 -9999 -9999 -9999 -9999 -9999 -9999
0E0 0E0 0E0 0E0 0E0 1.25999E-1 1.47111E-2 1.12361E-2 1.81822E-2 2.49931E-2 4.10466E-2 9.74313E-2 0E0 0E0 5.35386E-1 3.1462E-1 4.59455E-1 3.7637E-1 3.63603E-1 2.15271E-1 1.425E-1 1.95015E-1 4.73581E-1 6.60428E-1 6.66083E-1 6.48479E-1 7.30566E-1 6.93441E-1 6.74052E-1 6.62767E-1 2.31573E-1 1.205E-1 8.38587E-2 8.12762E-2 1.08666E-1 3.5856E-2 1.773E-2 1.03542E-2 5.86966E-3 5.45883E-3 7.85948E-4 7.12053E-4 9.22964E-4 1.89488E-3 1.53169E-3 1.99829E-3 1.61245E-3 7.08923E-4 1.07056E-3 6.53819E-4 2.70471E-4 3.8378E-5 1.90741E-6 1.2183E-6 1.78962E-7 9.80768E-7 -9999 -9999 -9999 -9999 -9999 -9999 -9999 -9999 -9999 -9999 -9999 -9999 -9999 -9999 -9999 -9999 -9999 -9999 -9999 -9999 -9999 -9999
0E0 0E0 0E0 0E0 0E0 1.47237E-1 2.26403E-2 1.13267E-2 1.09324E-2 1.87822E-2 2.92488E-2 8.16024E-2 0E0 0E0 5.94711E-1 6.07363E-1 7.3499E-1 5.91055E-1 2.66939E-1 3.17922E-1 2.09326E-1 3.38821E-1 5.05022E-1 7.39044E-1 8.68081E-1 7.88684E-1 7.04705E-1 6.59059E-1 5.90319E-1 7.90917E-1 3.0697E-1 2.03667E-1 9.438E-2 9.36989E-2 9.05838E-2 3.14043E-2 7.42507E-3 7.95704E-3 2.21649E-3 7.33757E-3 3.71378E-3 1.13825E-3 7.14986E-4 5.14166E-4 3.8825E-3 1.16656E-3 7.22163E-4 8.18476E-4 7.71486E-4 1.02195E-3 4.93725E-4 1.1313E-4 1.49938E-5 1.59345E-5 3.83855E-6 -9999 -9999 -9999 -9999 -9999 -9999 -9999 -9999 -9999 -9999 -9999 -9999 -9999 -9999 -9999 -9999 -9999 -9999 -9999 -9999 -9999 -9999 -9999
0E0 0E0 0E0 0E0 0E0 3.19168E-1 3.44267E-2 2.28768E-2 3.03864E-2 2.77923E-2 4.38489E-2 0E0 0E0 0E0 7.70302E-1 6.84492E-1 8.20034E-1 6.55336E-1 4.37515E-1 4.52881E-1 3.87871E-1 5.2887E-1 6.62519E-1 8.20759E-1 8.25452E-1 7.69585E-1 7.02039E-1 7.10545E-1 7.60042E-1 8.30187E-1 2.83725E-1 1.71749E-1 1.97847E-1 1.47562E-1 6.68598E-2 2.26285E-2 1.10598E-2 1.49526E-2 9.63766E-3 8.41644E-3 7.09872E-3 3.86985E-3 2.97206E-3 1.72364E-4 4.78821E-4 1.63632E-3 1.16012E-3 4.13185E-4 3.20972E-4 4.32041E-4 5.68596E-4 1.16413E-3 6.90582E-4 1.25276E-4 3.31217E-5 3.64201E-6 -9999 -9999 -9999 -9999 -9999 -9999 -9999 -9999 -9999 -9999 -9999 -9999 -9999 -9999 -9999 -9999 -9999 -9999 -9999 -9999 -9999 -9999
0E0 0E0 0E0 0E0 0E0 1.1892E-1 3.82469E-2 2.13821E-2 2.69653E-2 4.14141E-2 4.82954E-2 0E0 0E0 0E0 6.8551E-1 7.42915E-1 5.13037E-1 4.37933E-1 5.31982E-1 3.86169E-1 5.6935E-1 7.35242E-1 8.50363E-1 8.35927E-1 8.52484E-1 7.1293E-1 8.01063E-1 6.73737E-1 4.24701E-1 5.71871E-1 3.59552E-1 8.65364E-2 1.02133E-1 2.81824E-1 9.83892E-2 7.04533E-2 4.67612E-2 3.02143E-2 1.3609E-2 1.367E-2 3.14593E-3 2.31926E-3 1.81623E-3 8.66562E-4 1.37779E-4 9.62917E-4 4.72061E-4 5.719E-5 1.35258E-4 1.77202E-4 2.66172E-4 7.28411E-4 3.8485E-4 6.7157E-5 1.74707E-5 1.77988E-6 3.58223E-7 -9999 -9999 -9999 -9999 -9999 -9999 -9999 -9999 -9999 -9999 -9999 -9999 -9999 -9999 -9999 -9999 -9999 -9999 -9999 -9999 -9999
0E0 0E0 0E0 0E0 0E0 7.04555E-2 1.04852E-2 1.88969E-2 3.61796E-2 5.45487E-2 0E0 0E0 0E0 0E0 8.68817E-1 9.21723E-1 6.49346E-1 5.53782E-1 5.06064E-1 5.86054E-1 6.58718E-1 6.27879E-1 6.0146E-1 7.1961E-1 6.67489E-1 7.00197E-1 6.11974E-1 5.49587E-1 4.10404E-1 6.11711E-1 2.62707E-1 7.21117E-2 2.44227E-1 2.69718E-1 8.14399E-2 4.00373E-2 1.42426E-2 5.26077E-3 9.95254E-3 1.62095E-2 6.63975E-3 4.78346E-3 4.74684E-3 7.2824E-4 6.5615E-5 5.52979E-5 1.58209E-5 5.27307E-5 1.79361E-5 9.37538E-6 4.59078E-5 7.04976E-5 2.15706E-4 1.80907E-4 4.49413E-5 2.90461E-5 6.52322E-7 -9999 -9999 -9999 -9999 -9999 -9999 -9999 -9999 -9999 -9999 -9999 -9999 -9999 -9999 -9999 -9999 -9999 -9999 -9999 -9999 -9999
0E0 0E0 0E0 0E0 0E0 1.14726E-1 2.91426E-2 1.91777E-2 3.70851E-2 4.29601E-2 0E0 0E0 0E0 0E0 9.96114E-1 6.99846E-1 4.2197E-1 3.3204E-1 3.55528E-1 6.56501E-1 6.78842E-1 4.29543E-1 3.41143E-1 2.9493E-1 3.24361E-1 3.92806E-1 3.54157E-1 6.5286E-1 6.79788E-1 3.98896E-1 2.03975E-1 1.64188E-1 2.07829E-1 2.38209E-1 1.62407E-1 5.96537E-2 1.81763E-2 9.49816E-3 1.07638E-2 7.04045E-3 3.73431E-3 6.10524E-4 2.26721E-4 2.85207E-4 3.18719E-5 1.18936E-4 6.66224E-6 2.13626E-5 4.85559E-6 2.96455E-6 2.4E-6 5.7669E-6 1.45761E-6 3.37004E-5 2.9711E-5 1.28111E-5 1.09404E-6 -9999 -9999 -9999 -9999 -9999 -9999 -9999 -9999 -9999 -9999 -9999 -9999 -9999 -9999 -9999 -9999 -9999 -9999 -9999 -9999 -9999
0E0 0E0 0E0 0E0 0E0 0E0 3.01297E-2 5.28143E-2 9.96977E-2 0E0 0E0 0E0 0E0 0E0 9.84423E-1 6.0164E-1 6.48927E-1 3.13311E-1 3.35962E-1 4.11099E-1 6.76117E-1 4.17884E-1 2.17051E-1 2.26942E-1 2.85454E-1 3.19433E-1 2.04642E-1 4.47545E-1 7.62677E-1 3.19364E-1 1.88754E-1 1.86289E-1 1.84307E-1 2.79637E-1 1.5448E-1 1.77027E-1 2.58739E-2 1.10621E-2 1.18054E-2 1.10294E-2 2.84543E-3 3.37453E-4 1.39692E-4 1.71445E-4 3.91055E-5 8.10314E-5 9.22547E-6 8.59426E-5 3.6117E-5 6.33931E-6 1.5561E-6 1.59463E-6 6.00944E-7 3.58176E-6 -9999 -9999 -9999 -9999 -9999 -9999 -9999 -9999 -9999 -9999 -9999 -9999 -9999 -9999 -9999 -9999 -9999 -9999 -9999 -9999 -9999 -9999 -9999 -9999
0E0 0E0 0E0 0E0 0E0 0E0 1.43869E-1 0E0 0E0 0E0 0E0 0E0 0E0 7.31092E-1 9.94206E-1 5.42665E-1 4.61852E-1 3.66447E-1 3.50704E-1 4.36446E-1 4.18356E-1 3.25529E-1 2.84382E-1 4.3871E-1 4.69946E-1 4.54506E-1 3.65747E-1 2.29093E-1 7.92098E-1 4.70519E-1 2.06898E-1 1.44652E-1 2.62776E-1 2.62428E-1 3.84332E-1 3.1358E-1 7.67421E-2 2.37442E-2 1.14518E-2 6.38396E-3 2.41635E-3 1.17143E-3 1.16028E-4 8.42124E-5 1.25494E-4 2.01632E-4 1.62702E-4 3.682E-4 1.80423E-4 5.7939E-5 5.86588E-6 1.72916E-6 5.0966E-7 -9999 -9999 -9999 -9999 -9999 -9999 -9999 -9999 -9999 -9999 -9999 -9999 -9999 -9999 -9999 -9999 -9999 -9999 -9999 -9999 -9999 -9999 -9999 -9999 -9999
0E0 0E0 0E0 0E0 0E0 0E0 0E0 0E0 0E0 0E0 0E0 0E0 0E0 9.79978E-1 9.95439E-1 6.71566E-1 4.77079E-1 6.64162E-1 7.0679E-1 6.12385E-1 6.18196E-1 4.94067E-1 6.50338E-1 3.1356E-1 4.58757E-1 4.85589E-1 4.24237E-1 2.15261E-1 6.42904E-1 3.88374E-1 3.00678E-1 2.21253E-1 8.33003E-2 1.9059E-1 3.26354E-1 2.69939E-1 8.25325E-2 4.10853E-2 7.5738E-3 4.64187E-3 4.77937E-3 1.19682E-3 1.94169E-4 1.402E-4 2.53443E-4 6.82436E-4 1.24162E-3 1.00431E-3 1.68692E-4 1.35353E-4 4.41556E-5 1.07029E-5 1.06681E-5 -9999 -9999 -9999 -9999 2.6363E-6 1.26107E-6 -9999 -9999 -9999 -9999 -9999 -9999 -9999 -9999 -9999 -9999 -9999 -9999 -9999 -9999 -9999 -9999 -9999 -9999 -9999
0E0 0E0 0E0 0E0 0E0 0E0 0E0 0E0 0E0 0E0 7.89425E-1 0E0 7.66566E-1 3.79706E-1 9.45036E-1 9.20192E-1 4.99493E-1 3.34793E-1 4.0119E-1 5.28898E-1 7.88861E-1 5.69691E-1 5.36806E-1 7.37373E-1 6.91382E-1 8.58564E-1 6.57972E-1 5.75022E-1 7.61342E-1 5.20832E-1 3.43948E-1 7.29174E-2 9.98648E-2 2.03354E-1 3.42575E-1 2.39985E-1 1.11392E-1 4.50791E-2 7.18287E-3 4.8463E-3 4.0626E-3 2.37359E-3 1.59421E-3 2.02171E-3 7.3684E-4 7.95654E-4 1.26743E-3 1.17997E-4 1.51376E-4 8.72018E-5 3.17778E-5 9.72711E-6 -9999 -9999 7.31562E-7 1.77267E-6 1.76784E-6 6.20848E-6 1.00365E-6 -9999 -9999 -9999 -9999 -9999 -9999 -9999 -9999 -9999 -9999 -9999 -9999 -9999 -9999 -9999 -9999 -9999 -9999 -9999
0E0 0E0 0E0 0E0 0E0 0E0 0E0 0E0 0E0 0E0 0E0 0E0 6.18285E-1 4.10842E-1 5.89721E-1 9.59933E-1 8.07666E-1 5.16445E-1 6.02279E-1 5.09072E-1 5.38057E-1 5.90343E-1 6.33485E-1 7.86599E-1 8.7092E-1 7.55207E-1 7.84626E-1 9.22889E-1 6.00074E-1 2.92049E-1 3.74871E-1 1.04604E-1 1.77398E-1 1.67088E-1 4.23797E-1 2.45874E-1 2.2239E-1 1.02329E-1 3.39567E-2 2.15783E-2 2.56148E-3 3.64291E-3 5.56971E-3 5.9758E-3 3.62502E-3 1.28843E-3 1.89537E-3 1.3503E-4 1.27831E-4 4.69415E-5 2.30383E-5 9.47082E-6 5.82893E-6 5.53808E-6 1.40238E-5 6.80854E-6 1.24272E-5 2.55892E-6 5.82432E-5 1.62734E-5 -9999 -9999 -9999 -9999 -9999 -9999 -9999 -9999 -9999 -9999 -9999 -9999 -9999 -9999 -9999 -9999 -9999 -9999
0E0 0E0 0E0 0E0 0E0 0E0 0E0 0E0 0E0 0E0 0E0 0E0 0E0 4.15611E-1 6.90023E-1 6.72828E-1 9.35205E-1 5.30017E-1 4.42064E-1 5.93754E-1 6.16043E-1 6.17823E-1 7.30543E-1 8.83673E-1 8.44004E-1 9.56213E-1 9.74786E-1 8.78803E-1 5.11236E-1 3.26313E-1 4.264E-1 4.0686E-1 3.107E-1 3.69919E-1 3.90505E-1 3.64918E-1 1.77824E-1 1.66147E-1 8.11601E-2 4.47349E-2 1.60965E-2 2.38283E-3 1.14073E-3 5.50109E-3 1.3433E-3 1.94976E-3 5.40288E-4 6.96142E-4 5.05209E-4 2.02628E-4 2.31777E-5 3.10589E-5 6.75811E-5 7.64848E-6 1.90164E-5 2.66091E-5 1.15768E-5 5.31908E-5 7.80709E-6 2.56266E-5 -9999 -9999 -9999 -9999 -9999 -9999 -9999 -9999 -9999 -9999 -9999 -9999 -9999 -9999 -9999 -9999 -9999 -9999
0E0 0E0 0E0 0E0 0E0 0E0 0E0 0E0 0E0 0E0 0E0 0E0 0E0 6.24214E-1 8.88045E-1 7.41164E-1 9.90694E-1 7.45559E-1 6.79682E-1 4.57503E-1 4.08806E-1 4.50941E-1 6.55534E-1 8.74272E-1 8.52969E-1 9.96677E-1 7.08188E-1 7.65922E-1 5.79215E-1 4.19049E-1 2.48527E-1 3.56455E-1 3.65039E-1 3.49056E-1 1.75247E-1 3.19134E-1 2.22338E-1 1.49926E-1 6.33013E-2 7.63218E-2 5.04975E-2 1.74147E-2 2.82255E-3 7.80396E-3 6.32159E-3 8.35553E-4 8.7074E-4 1.08003E-3 2.57658E-4 5.45209E-5 8.23399E-5 7.00018E-5 9.59844E-5 1.43392E-4 4.792E-5 2.30587E-5 2.53532E-5 2.82838E-5 3.79921E-5 3.98702E-6 1.05585E-5 -9999 -9999 -9999 -9999 -9999 -9999 -9999 -9999 -9999 -9999 -9999 -9999 -9999 -9999 -9999 -9999 -9999
0E0 0E0 0E0 0E0 0E0 0E0 0E0 0E0 8.71714E-2 0E0 0E0 0E0 0E0 0E0 0E0 8.54597E-1 9.38737E-1 9.19404E-1 8.65787E-1 8.75703E-1 8.18955E-1 5.62019E-1 6.80616E-1 8.53248E-1 9.95135E-1 9.97663E-1 5.77611E-1 6.28988E-1 5.96024E-1 3.42289E-1 2.7676E-1 2.59709E-1 3.78266E-1 3.85545E-1 1.73883E-1 1.69149E-1 2.20893E-1 2.30685E-1 9.23724E-2 7.32654E-2 6.00596E-2 3.53267E-2 5.10266E-3 2.65279E-3 1.06436E-3 3.36311E-4 8.50801E-4 3.62344E-4 9.56086E-5 9.90383E-5 8.22818E-5 5.50773E-4 2.16267E-4 2.15127E-4 5.16905E-5 1.76969E-5 5.46577E-5 1.49856E-4 1.0034E-4 2.29797E-5 4.49586E-6 -9999 -9999 -9999 -9999 -9999 -9999 -9999 -9999 -9999 -9999 -9999 -9999 -9999 -9999 -9999 -9999 -9999
0E0 0E0 0E0 0E0 0E0 0E0 0E0 2.66555E-2 4.78666E-2 8.10831E-2 1.19243E-1 0E0 0E0 0E0 0E0 0E0 9.99503E-1 9.86147E-1 9.18064E-1 9.88624E-1 6.90332E-1 6.26161E-1 6.54449E-1 7.85324E-1 9.42162E-1 7.48297E-1 4.46778E-1 5.94899E-1 5.89135E-1 4.07076E-1 3.73965E-1 2.63786E-1 1.88272E-1 3.02015E-1 1.17204E-1 1.1914E-1 1.58378E-1 1.52791E-1 9.14731E-2 5.1092E-2 3.79797E-2 1.28372E-2 1.57002E-3 3.48868E-4 1.30099E-4 2.60072E-4 2.18715E-4 9.49518E-5 1.63433E-4 2.19891E-4 1.08734E-4 5.03825E-5 2.17499E-5 1.52032E-5 5.17559E-5 4.31271E-5 3.69922E-5 9.42826E-5 9.9264E-5 9.46969E-5 5.40581E-5 5.26488E-5 -9999 -9999 -9999 -9999 -9999 -9999 -9999 -9999 -9999 -9999 -9999 -9999 -9999 -9999 -9999 -9999
0E0 0E0 0E0 0E0 0E0 0E0 6.79183E-2 6.36811E-2 6.65862E-2 1.3865E-1 2.25993E-1 2.29446E-1 0E0 0E0 0E0 0E0 9.92538E-1 6.07675E-1 8.0197E-1 8.20873E-1 5.05911E-1 7.29561E-1 6.15692E-1 9.26512E-1 8.08579E-1 4.37346E-1 3.77352E-1 5.36861E-1 4.72861E-1 2.81609E-1 1.67391E-1 1.13322E-1 1.30697E-1 1.54664E-1 1.90657E-1 1.6271E-1 1.10831E-1 7.27295E-2 6.20326E-2 4.25977E-2 3.28845E-2 1.37409E-2 2.37656E-3 2.21473E-3 2.6528E-3 1.65348E-3 5.4855E-3 5.90338E-4 1.73253E-3 2.79585E-3 1.07544E-3 2.99768E-4 2.06427E-4 4.5926E-5 1.21508E-4 2.58704E-5 7.36442E-5 1.30745E-4 2.12266E-4 2.35659E-4 1.32796E-4 7.44874E-5 7.9713E-5 -9999 -9999 -9999 -9999 -9999 -9999 -9999 -9999 -9999 -9999 -9999 -9999 -9999 -9999 -9999
0E0 0E0 0E0 0E0 0E0 0E0 0E0 4.37867E-2 2.29365E-2 9.49927E-2 2.2159E-1 0E0 0E0 0E0 0E0 0E0 9.46262E-1 6.84396E-1 5.96969E-1 6.9564E-1 4.52611E-1 3.09843E-1 5.96475E-1 7.37311E-1 3.55484E-1 1.8527E-1 1.83981E-1 3.20111E-1 3.5947E-1 2.75528E-1 2.55774E-1 2.48087E-1 2.07166E-1 2.0987E-1 1.77092E-1 1.64534E-1 8.67725E-2 9.19102E-2 8.08537E-2 7.33488E-2 5.98477E-2 2.87614E-2 3.98887E-3 4.63153E-3 4.5647E-3 3.88931E-3 3.70057E-3 4.39144E-3 4.61483E-3 3.63101E-3 1.06757E-3 2.61312E-4 3.29955E-5 7.53191E-5 1.36891E-4 5.60638E-5 2.1923E-4 1.28902E-4 1.65155E-4 6.34822E-5 5.20385E-5 6.31984E-5 4.19617E-5 4.53948E-5 -9999 -9999 -9999 -9999 -9999 -9999 -9999 -9999 -9999 -9999 -9999 -9999 -9999 -9999
0E0 0E0 0E0 0E0 0E0 0E0 0E0 0E0 7.35318E-2 1.02678E-1 6.30231E-2 7.64471E-2 0E0 0E0 0E0 0E0 9.00905E-1 9.79962E-1 8.24306E-1 7.66061E-1 5.67348E-1 1.68911E-1 3.59618E-1 3.86393E-1 1.74144E-1 2.09075E-1 1.78837E-1 2.62587E-1 3.73723E-1 2.24978E-1 2.21649E-1 2.76368E-1 2.85371E-1 2.53206E-1 1.47504E-1 1.12502E-1 7.55588E-2 1.86377E-1 1.96515E-1 9.22971E-2 2.99055E-2 2.87832E-2 3.81365E-3 2.66401E-3 9.24113E-4 9.7765E-4 3.0056E-3 3.19167E-3 1.30683E-3 2.83706E-4 9.36611E-5 3.13885E-5 1.92423E-4 1.98842E-4 1.01232E-4 1.80158E-4 2.37024E-4 2.11013E-4 2.73462E-4 3.78683E-4 1.5581E-4 1.50263E-4 1.64459E-4 6.32229E-5 1.07889E-4 -9999 -9999 -9999 -9999 -9999 -9999 -9999 -9999 -9999 -9999 -9999 -9999 -9999
0E0 0E0 0E0 0E0 0E0 0E0 0E0 0E0 2.07293E-1 1.15775E-1 5.87698E-2 6.40817E-2 8.79106E-2 0E0 0E0 0E0 0E0 9.6171E-1 9.41594E-1 9.56232E-1 7.15181E-1 2.82455E-1 3.06961E-1 4.62036E-1 2.11057E-1 1.63389E-1 2.24853E-1 2.81082E-1 4.4486E-1 4.01602E-1 3.28959E-1 2.54985E-1 2.3269E-1 2.75044E-1 2.25781E-1 8.84111E-2 9.52092E-2 1.40707E-1 2.52251E-1 7.16387E-2 2.19345E-2 2.48371E-2 3.95614E-3 2.46206E-3 5.57401E-4 4.05007E-4 7.95486E-4 1.095E-3 1.32242E-3 1.27952E-3 3.91974E-5 2.04025E-5 2.1475E-6 1.2256E-4 1.63312E-4 6.76608E-4 5.17378E-4 2.16051E-4 1.72058E-4 -9999 -9999 -9999 5.67311E-5 6.13149E-5 7.99144E-5 -9999 -9999 -9999 -9999 -9999 -9999 -9999 -9999 -9999 -9999 -9999 -9999 -9999
0E0 0E0 0E0 0E0 0E0 0E0 0E0 0E0 0E0 1.13038E-1 6.39187E-2 6.69153E-2 7.64981E-2 2.09623E-1 0E0 0E0 0E0 8.43236E-1 9.18802E-1 9.29674E-1 9.25055E-1 4.47993E-1 3.51633E-1 3.13741E-1 1.89107E-1 2.07627E-1 1.93881E-1 2.46918E-1 3.00543E-1 3.61433E-1 2.93342E-1 2.91837E-1 4.61067E-1 3.80456E-1 7.07133E-1 1.29863E-1 1.2096E-1 1.48187E-1 0E0 9.14508E-2 2.20923E-2 1.58127E-2 7.12988E-3 7.22012E-3 4.94665E-3 1.85459E-3 1.74195E-3 6.35481E-4 3.30383E-4 2.47725E-3 7.53406E-5 1.27681E-5 1.33376E-5 1.36936E-4 3.51626E-4 3.63399E-4 5.07563E-4 5.37157E-4 3.28585E-4 1.89311E-4 -9999 -9999 -9999 8.35261E-7 2.35597E-6 -9999 -9999 -9999 -9999 -9999 -9999 -9999 -9999 -9999 -9999 -9999 -9999 -9999
0E0 0E0 0E0 0E0 0E0 0E0 0E0 0E0 0E0 2.60827E-1 5.8137E-2 4.7766E-2 6.00948E-2 1.05704E-1 0E0 0E0 0E0 0E0 8.57034E-1 5.26084E-1 7.33547E-1 7.19678E-1 4.82798E-1 4.01109E-1 2.41026E-1 4.3875E-1 2.47697E-1 2.38913E-1 4.41923E-1 4.69998E-1 3.80735E-1 3.67428E-1 4.49239E-1 5.67969E-1 6.156E-1 1.79118E-1 1.15083E-1 1.88235E-1 1.32581E-1 1.22252E-1 3.88824E-2 2.30426E-2 6.65167E-3 2.00674E-3 2.75052E-3 2.45419E-3 1.82028E-3 5.54776E-4 5.83978E-4 2.21526E-4 1.63739E-4 3.13254E-5 9.69079E-5 3.05398E-4 6.14447E-4 4.83013E-4 5.39704E-4 3.35829E-4 2.61833E-4 8.66344E-5 -9999 -9999 -9999 -9999 -9999 7.58678E-7 -9999 -9999 -9999 -9999 -9999 -9999 -9999 -9999 -9999 -9999 -9999 -9999
0E0 0E0 0E0 0E0 0E0 0E0 0E0 0E0 0E0 0E0 5.15146E-2 7.88431E-2 3.82387E-2 6.89934E-2 0E0 0E0 0E0 0E0 6.9778E-1 5.83437E-1 6.48954E-1 3.92645E-1 4.68425E-1 2.76862E-1 2.11726E-1 2.24616E-1 2.86092E-1 5.76519E-1 4.13001E-1 4.00018E-1 5.66776E-1 5.14565E-1 3.98536E-1 0E0 4.5091E-1 3.75854E-1 1.67403E-1 6.17121E-2 1.26226E-1 1.41322E-1 8.8318E-2 5.22682E-2 1.7444E-2 1.32526E-3 1.18657E-3 1.09512E-3 7.42139E-4 2.91864E-5 7.27243E-5 6.90614E-5 2.57973E-4 4.07371E-4 9.33391E-5 7.10931E-5 5.85788E-4 8.47024E-4 4.53343E-4 3.20603E-4 1.17622E-4 8.05397E-5 7.3063E-6 -9999 -9999 -9999 -9999 -9999 -9999 -9999 -9999 -9999 -9999 -9999 -9999 -9999 -9999 -9999 -9999 -9999
0E0 0E0 0E0 0E0 0E0 0E0 0E0 0E0 0E0 0E0 1.44017E-1 8.70882E-2 5.08685E-2 9.07894E-2 0E0 0E0 0E0 0E0 6.07747E-1 8.32075E-1 9.43531E-1 6.19819E-1 2.7082E-1 2.33639E-1 2.51451E-1 3.07784E-1 4.1803E-1 6.55335E-1 4.08679E-1 3.83455E-1 4.89179E-1 5.76919E-1 6.5285E-1 5.94115E-1 3.58445E-1 3.49594E-1 2.45874E-1 1.26031E-1 9.86072E-2 1.31922E-1 1.03771E-1 3.35896E-2 1.52791E-2 1.12379E-3 1.5528E-3 1.41033E-3 3.19337E-4 4.22809E-3 5.63284E-3 2.88468E-5 6.75325E-4 2.22832E-4 5.96487E-4 2.54288E-4 9.17126E-4 6.10941E-4 7.08956E-4 9.33381E-4 8.27815E-4 -9999 -9999 -9999 -9999 -9999 -9999 -9999 -9999 -9999 -9999 -9999 -9999 -9999 -9999 -9999 -9999 -9999 -9999 -9999
0E0 0E0 0E0 0E0 0E0 0E0 0E0 0E0 0E0 2.35239E-1 7.36755E-2 1.11348E-1 8.78191E-2 0E0 0E0 0E0 0E0 0E0 0E0 8.10502E-1 8.70464E-1 6.8175E-1 3.18988E-1 4.26873E-1 3.88727E-1 4.27537E-1 4.42632E-1 5.05514E-1 5.35222E-1 6.89654E-1 6.99806E-1 5.57594E-1 3.29508E-1 2.64478E-1 2.85697E-1 3.96768E-1 2.34742E-1 1.04503E-1 8.35913E-2 1.09719E-1 0E0 6.52843E-2 3.24214E-2 8.5307E-4 6.20789E-4 8.04396E-4 5.4956E-4 6.22782E-4 6.56391E-3 7.99419E-5 1.57678E-3 6.86275E-4 1.44764E-3 5.79705E-4 6.69732E-4 7.71324E-4 7.53755E-4 6.40548E-4 7.32804E-4 -9999 -9999 -9999 -9999 -9999 -9999 -9999 -9999 -9999 -9999 -9999 -9999 -9999 -9999 -9999 -9999 -9999 -9999 -9999
0E0 0E0 0E0 0E0 0E0 0E0 0E0 0E0 0E0 8.26082E-2 4.13494E-2 6.90963E-2 7.76882E-2 2.15515E-1 3.18029E-1 0E0 0E0 0E0 0E0 8.15461E-1 9.45093E-1 9.00746E-1 4.28969E-1 5.69288E-1 5.98844E-1 6.83786E-1 5.56075E-1 5.44128E-1 3.8941E-1 5.72017E-1 5.26867E-1 5.67754E-1 3.16753E-1 0E0 0E0 0E0 4.31592E-1 1.44326E-1 1.49593E-1 1.26646E-1 1.33404E-1 5.33416E-2 3.54679E-2 4.54208E-3 3.15097E-4 8.96917E-4 7.27155E-4 9.20902E-4 1.73566E-4 1.48843E-4 1.51693E-3 1.03444E-3 7.7116E-4 1.0556E-3 1.4865E-3 5.81977E-4 1.63773E-3 5.67304E-4 -9999 -9999 -9999 -9999 -9999 -9999 -9999 -9999 -9999 -9999 -9999 -9999 -9999 -9999 -9999 -9999 -9999 -9999 -9999 -9999
0E0 0E0 0E0 0E0 0E0 0E0 0E0 0E0 0E0 9.31458E-2 1.52267E-2 4.65932E-2 1.08235E-1 1.89057E-1 2.63386E-1 1.86545E-1 0E0 0E0 0E0 6.17033E-1 9.55789E-1 7.88196E-1 3.25556E-1 5.53807E-1 6.25275E-1 5.54408E-1 5.27596E-1 5.27439E-1 4.40163E-1 4.51617E-1 4.99064E-1 5.63005E-1 3.30175E-1 0E0 0E0 0E0 0E0 2.82533E-1 2.55399E-1 3.04508E-1 1.26475E-1 0E0 4.50142E-2 1.14255E-2 1.63309E-2 9.88046E-3 4.67062E-4 1.28978E-3 5.73168E-4 1.12901E-4 1.61575E-3 1.55377E-3 1.01355E-3 1.71718E-3 2.02591E-3 1.37926E-3 4.47889E-4 2.84237E-4 1.69619E-4 -9999 -9999 -9999 -9999 -9999 -9999 -9999 -9999 -9999 -9999 -9999 -9999 -9999 -9999 -9999 -9999 -9999 -9999 -9999
0E0 0E0 0E0 0E0 0E0 0E0 0E0 0E0 0E0 1.40038E-1 4.86383E-2 4.47528E-2 4.47573E-2 4.95197E-2 8.26921E-2 1.20574E-1 2.36929E-1 0E0 0E0 7.57033E-1 9.84573E-1 8.41406E-1 8.66882E-1 7.28302E-1 6.08455E-1 7.07118E-1 6.67385E-1 6.62067E-1 3.82356E-1 4.71292E-1 4.64885E-1 3.63601E-1 3.65268E-1 4.07846E-1 0E0 0E0 0E0 0E0 3.66675E-1 2.44081E-1 3.74852E-1 1.37813E-1 3.94951E-2 9.16524E-3 2.08394E-2 1.424E-2 8.66684E-3 4.7177E-3 2.31422E-3 6.1485E-4 3.67503E-3 2.46737E-3 3.22216E-3 1.37108E-3 2.59271E-3 8.39565E-4 1.10666E-3 1.47379E-4 8.85172E-5 -9999 -9999 -9999 2.60468E-6 -9999 -9999 -9999 -9999 -9999 -9999 -9999 -9999 -9999 -9999 -9999 -9999 -9999 -9999 -9999
0E0 0E0 0E0 0E0 0E0 0E0 0E0 0E0 0E0 2.05876E-1 1.29419E-1 8.33047E-2 3.13579E-2 2.21299E-2 3.61635E-2 1.07805E-1 3.25241E-1 0E0 0E0 0E0 9.27552E-1 9.75629E-1 9.64968E-1 8.66389E-1 7.53106E-1 8.53402E-1 8.66087E-1 8.25508E-1 4.69313E-1 3.75597E-1 2.81386E-1 2.96252E-1 0E0 0E0 0E0 0E0 0E0 0E0 0E0 0E0 0E0 0E0 9.13371E-2 2.28451E-2 2.34304E-2 8.66469E-3 1.23741E-2 2.22625E-2 5.15667E-3 2.76934E-3 4.7279E-3 2.67416E-3 2.31528E-3 1.9412E-3 9.40591E-4 1.10988E-3 2.79272E-4 3.38002E-4 1.41878E-4 -9999 -9999 -9999 2.95539E-6 -9999 -9999 -9999 -9999 -9999 -9999 -9999 -9999 -9999 -9999 -9999 -9999 -9999 -9999 -9999
0E0 0E0 0E0 0E0 0E0 0E0 0E0 0E0 0E0 1.35599E-1 5.01165E-2 2.06023E-2 3.17523E-2 2.95787E-2 4.68691E-2 7.88478E-2 0E0 0E0 0E0 0E0 8.68756E-1 9.38156E-1 8.6533E-1 8.84838E-1 8.44061E-1 8.02666E-1 7.88972E-1 5.99612E-1 4.72161E-1 3.70185E-1 1.9421E-1 0E0 0E0 0E0 0E0 0E0 0E0 0E0 0E0 0E0 0E0 0E0 1.01997E-1 0E0 5.33142E-2 5.18639E-2 3.33149E-2 3.34883E-2 7.67947E-3 3.36056E-3 1.23529E-2 1.10183E-2 6.2884E-3 3.42502E-3 2.29863E-3 7.81992E-4 2.93212E-4 3.04906E-4 1.58229E-4 5.21553E-5 1.43644E-4 2.26849E-5 -9999 -9999 -9999 -9999 -9999 -9999 -9999 -9999 -9999 -9999 -9999 -9999 -9999 -9999 -9999 -9999
0E0 0E0 0E0 0E0 0E0 0E0 0E0 0E0 0E0 6.71981E-2 1.07707E-2 1.76976E-2 2.03117E-2 1.45206E-2 3.22683E-2 5.76598E-2 0E0 0E0 0E0 8.72064E-1 5.17391E-1 8.18711E-1 7.96611E-1 8.38762E-1 9.09219E-1 9.2729E-1 7.55774E-1 7.36226E-1 4.59347E-1 3.96261E-1 2.86696E-1 2.82251E-1 0E0 0E0 0E0 0E0 0E0 0E0 6.23621E-2 8.32924E-2 1.01472E-1 7.02146E-2 0E0 0E0 7.4021E-3 9.44471E-3 1.36083E-2 1.26208E-2 3.05716E-3 9.16395E-3 1.51687E-2 1.25622E-2 5.10073E-3 2.13969E-3 1.77784E-3 1.89424E-3 1.33885E-3 3.28361E-4 2.80072E-4 4.30654E-5 6.48063E-5 7.12192E-6 2.25037E-6 -9999 -9999 -9999 -9999 -9999 -9999 -9999 -9999 -9999 -9999 -9999 -9999 -9999 -9999 -9999
