ENM/Final_Models/M_2_F_q_Set_1_NE/Gustavia_santanderiensis_3_Choco.asc
ncols         367
nrows         963
xllcorner     -78.6
yllcorner     0.65
cellsize      0.00833333333333323
NODATA_value  -9999
[rows 816 to 849 of 963, columns 156 to 233 of 367]
1.12636E-2 -9999 -9999 -9999 -9999 -9999 -9999 -9999 -9999 -9999 -9999 -9999 -9999 -9999 -9999 -9999 -9999 -9999 -9999 -9999 -9999 -9999 -9999 -9999 -9999 -9999 -9999 -9999 -9999 -9999 -9999 -9999 -9999 -9999 2.84222E-4 4.39872E-4 3.63827E-4 1.93556E-4 1.09183E-4 6.52507E-5 1.62767E-5 3.24029E-5 6.97452E-5 3.97537E-5 4.24446E-5 2.28746E-5 7.55662E-5 6.13314E-4 7.11646E-4 1.1107E-4 8.39786E-5 3.51022E-5 1.636E-5 9.08107E-6 1.47595E-5 1.11534E-5 1.37437E-5 6.81125E-6 1.63484E-5 4.69098E-5 2.78027E-5 6.4103E-5 4.73025E-5 4.61266E-5 -9999 -9999 -9999 -9999 -9999 -9999 -9999 -9999 -9999 -9999 -9999 -9999 -9999 -9999
-9999 -9999 -9999 -9999 -9999 -9999 -9999 -9999 -9999 -9999 -9999 -9999 -9999 -9999 -9999 -9999 -9999 -9999 -9999 -9999 -9999 -9999 -9999 -9999 -9999 -9999 -9999 -9999 -9999 -9999 -9999 -9999 2.98331E-3 4.55595E-4 1.54115E-3 7.64375E-4 2.5343E-4 2.15472E-4 1.4425E-4 3.15414E-5 8.37796E-6 9.3479E-6 3.80637E-5 2.10366E-5 9.53051E-6 4.50073E-5 2.21956E-5 1.13985E-4 3.07577E-4 1.30682E-4 8.22753E-5 2.95991E-5 3.42427E-6 2.92741E-6 1.01328E-5 3.70032E-5 6.0522E-5 4.5154E-5 1.85567E-5 2.07541E-5 4.9452E-5 3.02532E-5 5.36342E-5 -9999 -9999 -9999 -9999 -9999 -9999 -9999 -9999 -9999 -9999 -9999 -9999 -9999 -9999 -9999
-9999 -9999 -9999 -9999 -9999 -9999 -9999 -9999 -9999 -9999 -9999 -9999 -9999 2.78961E-3 3.8419E-3 2.7943E-3 -9999 -9999 -9999 -9999 -9999 -9999 -9999 -9999 -9999 -9999 -9999 -9999 -9999 -9999 -9999 -9999 -9999 -9999 1.65062E-3 3.09004E-4 1.46729E-4 7.77499E-5 5.37327E-5 1.62843E-5 1.53268E-5 1.21881E-5 7.9416E-6 7.42122E-6 1.70237E-5 3.928E-5 5.58586E-5 2.23825E-5 2.51844E-4 3.2451E-4 1.54914E-4 1.06783E-4 1.74723E-5 3.15158E-5 2.12727E-5 2.19971E-5 3.96666E-5 2.56083E-5 2.04376E-5 3.16402E-5 4.43491E-5 1.12648E-4 4.45167E-5 -9999 -9999 -9999 -9999 -9999 -9999 -9999 -9999 -9999 -9999 -9999 -9999 -9999 -9999 -9999
-9999 -9999 -9999 -9999 -9999 -9999 -9999 -9999 -9999 -9999 -9999 -9999 2.98446E-3 2.38331E-3 4.33505E-3 2.20384E-3 1.74054E-3 -9999 -9999 -9999 -9999 -9999 -9999 -9999 -9999 -9999 -9999 -9999 -9999 -9999 -9999 -9999 -9999 -9999 3.42437E-4 2.61131E-4 7.89937E-5 3.03707E-5 3.21142E-5 4.56292E-5 3.53102E-5 1.13884E-5 4.78635E-6 6.62366E-6 9.15582E-6 2.07704E-5 4.47627E-5 3.34319E-5 5.60108E-5 3.04277E-4 1.30649E-4 1.80134E-4 1.60499E-4 2.67419E-4 1.56825E-4 2.06559E-4 1.47934E-4 1.02655E-4 8.83789E-6 3.47064E-5 3.65365E-5 6.33816E-5 2.03883E-5 -9999 -9999 -9999 -9999 -9999 -9999 -9999 -9999 -9999 -9999 -9999 -9999 -9999 -9999 -9999
-9999 -9999 -9999 -9999 -9999 -9999 -9999 -9999 -9999 -9999 -9999 2.15328E-3 3.72033E-3 2.20228E-3 4.20144E-3 3.95846E-3 3.05605E-3 4.35914E-3 -9999 6.30931E-3 1.2698E-2 -9999 -9999 -9999 -9999 -9999 -9999 -9999 -9999 -9999 -9999 -9999 -9999 1.64806E-3 3.2178E-4 4.59631E-4 9.91354E-5 3.51877E-5 2.69766E-5 5.82627E-5 8.37122E-5 1.45526E-5 7.58018E-6 5.829E-6 3.42139E-6 4.4117E-6 4.85685E-6 7.8285E-6 9.60773E-5 8.05008E-5 7.55942E-5 1.77973E-4 1.26943E-4 3.28435E-5 1.01986E-4 6.22375E-5 2.45838E-5 7.4825E-5 1.04977E-4 9.32857E-5 2.59165E-5 2.60628E-5 6.64205E-5 -9999 -9999 -9999 -9999 -9999 -9999 -9999 -9999 -9999 -9999 -9999 -9999 -9999 -9999 -9999
-9999 -9999 -9999 -9999 -9999 -9999 -9999 -9999 -9999 -9999 -9999 -9999 2.70862E-3 2.44797E-3 4.77061E-3 3.06615E-3 2.89189E-3 2.9583E-3 2.64227E-3 4.82306E-3 1.73176E-2 -9999 -9999 -9999 -9999 -9999 -9999 -9999 -9999 -9999 7.3928E-3 1.03581E-2 7.7935E-3 2.84713E-3 5.25727E-4 3.79417E-4 2.61665E-4 8.72852E-5 8.98586E-5 8.24376E-5 4.13255E-5 1.93209E-5 7.87099E-6 9.74699E-6 8.99961E-6 3.02016E-5 1.62334E-5 5.5855E-6 2.45507E-5 3.37244E-5 2.31746E-5 9.34934E-5 1.31506E-4 4.10642E-5 3.18577E-5 5.47427E-5 2.09221E-5 4.62678E-5 5.20567E-5 2.83856E-5 2.51141E-5 1.89186E-5 1.2971E-5 -9999 -9999 -9999 -9999 -9999 -9999 -9999 -9999 -9999 -9999 -9999 -9999 -9999 -9999 -9999
-9999 -9999 -9999 -9999 -9999 -9999 -9999 -9999 -9999 -9999 -9999 5.46069E-3 8.73529E-3 -9999 -9999 2.67425E-3 4.17142E-3 2.09911E-3 3.30927E-3 1.03457E-2 -9999 -9999 -9999 -9999 -9999 -9999 -9999 -9999 -9999 -9999 -9999 -9999 -9999 -9999 -9999 -9999 1.30127E-4 9.28416E-5 7.0692E-5 1.38587E-4 8.42529E-5 4.73664E-5 1.79071E-5 9.61437E-6 5.98209E-6 4.59217E-5 5.54896E-5 4.02342E-6 1.17992E-5 1.41478E-5 8.15472E-6 1.32913E-5 5.92756E-5 4.84109E-5 1.78944E-5 4.41543E-5 3.29724E-5 2.0367E-5 3.24726E-5 1.54292E-5 4.57122E-6 7.45843E-6 1.57627E-5 -9999 -9999 -9999 -9999 -9999 -9999 -9999 -9999 -9999 -9999 -9999 -9999 -9999 -9999 -9999
-9999 -9999 -9999 -9999 -9999 -9999 -9999 -9999 -9999 -9999 -9999 -9999 -9999 -9999 -9999 2.39064E-3 2.48455E-3 1.7861E-3 5.12443E-3 1.20094E-2 -9999 -9999 -9999 -9999 -9999 -9999 -9999 -9999 -9999 -9999 -9999 -9999 -9999 -9999 -9999 -9999 -9999 2.45394E-4 1.87788E-4 2.4648E-4 6.10865E-5 1.78703E-5 1.34756E-5 1.25323E-5 3.44382E-5 3.26957E-5 1.93944E-5 9.94194E-6 1.58116E-5 2.42664E-5 1.38068E-5 2.26318E-5 1.36123E-5 3.72665E-5 1.69334E-5 2.32065E-5 4.69526E-5 2.73879E-5 3.67082E-5 1.32446E-5 3.25047E-5 3.48958E-5 6.21618E-5 5.43435E-5 -9999 -9999 -9999 -9999 -9999 -9999 -9999 -9999 -9999 -9999 -9999 -9999 -9999 -9999
-9999 -9999 -9999 -9999 -9999 -9999 -9999 -9999 -9999 -9999 -9999 -9999 -9999 -9999 -9999 2.1086E-3 1.9551E-3 1.93644E-3 5.90437E-3 1.90539E-2 -9999 -9999 -9999 -9999 -9999 -9999 -9999 -9999 6.32301E-3 1.18166E-2 1.16664E-2 -9999 -9999 -9999 2.75967E-4 3.32214E-4 1.07041E-3 1.22783E-3 1.03427E-3 1.73022E-4 1.12028E-4 5.38413E-5 2.35349E-5 6.97523E-6 1.3759E-5 1.11615E-5 2.87805E-6 1.2601E-5 2.01429E-5 3.83612E-5 3.10316E-5 1.87364E-5 2.04661E-5 2.13807E-5 2.84789E-5 7.24178E-6 1.86594E-5 1.56961E-5 1.84639E-5 1.34147E-5 2.0762E-5 9.86428E-5 8.14815E-5 6.90524E-5 -9999 -9999 -9999 -9999 -9999 -9999 -9999 -9999 -9999 -9999 -9999 -9999 -9999 -9999
-9999 -9999 -9999 -9999 -9999 -9999 -9999 -9999 -9999 -9999 -9999 -9999 -9999 -9999 6.60934E-3 3.19993E-3 3.2235E-3 2.83511E-3 4.51117E-3 1.62447E-2 -9999 -9999 -9999 -9999 -9999 -9999 -9999 -9999 6.88351E-3 4.71238E-3 1.85314E-3 7.81848E-4 2.80791E-4 3.327E-5 2.98556E-5 2.04378E-4 1.58526E-4 4.38259E-4 3.89216E-4 1.86315E-4 1.41831E-4 2.09426E-4 1.35569E-4 3.82848E-5 1.28862E-5 5.56061E-6 5.90951E-6 1.09155E-5 5.86735E-5 7.72568E-5 2.54305E-5 1.03489E-5 2.35282E-5 1.48114E-5 2.4174E-5 1.72804E-5 8.63862E-6 1.11368E-5 1.61874E-5 4.6481E-5 2.89804E-5 2.30669E-5 4.2533E-5 6.66836E-5 -9999 -9999 -9999 -9999 -9999 -9999 -9999 -9999 -9999 -9999 -9999 -9999 -9999 -9999
-9999 -9999 -9999 -9999 -9999 -9999 -9999 -9999 -9999 -9999 -9999 -9999 -9999 5.65138E-3 4.02191E-3 2.59562E-3 3.08817E-3 4.17665E-3 4.02318E-3 8.48302E-3 -9999 -9999 -9999 -9999 -9999 -9999 -9999 -9999 1.87298E-3 9.97503E-4 4.8816E-4 4.5473E-4 1.65201E-4 8.58689E-5 3.67906E-5 1.26127E-4 3.62652E-5 6.7254E-5 1.73455E-4 9.2382E-5 8.35959E-5 4.61408E-5 2.2387E-5 3.40906E-5 3.04504E-5 3.51263E-5 1.2816E-5 8.5201E-6 2.76369E-5 5.92431E-5 3.27614E-5 1.91094E-5 2.09159E-5 2.53052E-5 2.24239E-5 1.30498E-5 1.5588E-5 1.33309E-5 1.60399E-5 5.38262E-5 5.28646E-5 5.64796E-5 8.25273E-5 8.67375E-5 -9999 -9999 -9999 -9999 -9999 -9999 -9999 -9999 -9999 -9999 -9999 -9999 -9999 -9999
-9999 -9999 -9999 -9999 -9999 -9999 -9999 -9999 -9999 -9999 -9999 -9999 -9999 -9999 -9999 2.53644E-3 3.49574E-3 2.43807E-3 3.95019E-3 9.38167E-3 -9999 -9999 -9999 -9999 -9999 -9999 -9999 -9999 1.30595E-3 4.18307E-4 1.94442E-4 1.15514E-4 4.30211E-5 2.7467E-5 2.7679E-5 1.52048E-4 4.71922E-5 3.69703E-5 9.79117E-5 7.44756E-5 6.6638E-5 1.37771E-4 1.42191E-5 1.18215E-5 1.09914E-5 2.09519E-5 2.7861E-5 3.70336E-5 6.64366E-6 6.20263E-5 4.78548E-5 3.44626E-5 1.92748E-5 2.91015E-5 2.53912E-5 2.80637E-5 4.97504E-5 5.80936E-5 2.27355E-5 6.81447E-5 3.66588E-5 9.01549E-5 6.54311E-5 6.32973E-5 -9999 -9999 -9999 -9999 -9999 -9999 -9999 -9999 -9999 -9999 -9999 -9999 -9999 -9999
-9999 -9999 -9999 -9999 -9999 -9999 -9999 -9999 -9999 -9999 -9999 -9999 -9999 -9999 -9999 -9999 1.39392E-3 1.65754E-3 3.59939E-3 6.83923E-3 -9999 -9999 5.30576E-3 -9999 -9999 -9999 -9999 -9999 1.69284E-3 2.77869E-4 5.33342E-5 3.48311E-5 2.06094E-5 1.91899E-5 3.91943E-5 6.42784E-5 3.55914E-5 1.20263E-5 2.57423E-5 8.17881E-5 3.69852E-5 1.43091E-5 3.0298E-5 9.55141E-6 1.54837E-5 3.6864E-6 3.11573E-5 2.23721E-5 2.47853E-5 1.21182E-4 7.43266E-5 4.28677E-5 7.76445E-6 1.43149E-5 4.25749E-5 1.03241E-5 1.85861E-5 3.85518E-5 7.61499E-5 5.26116E-5 7.24561E-5 5.4841E-5 4.73301E-5 -9999 -9999 -9999 -9999 -9999 -9999 -9999 -9999 -9999 -9999 -9999 -9999 -9999 -9999 -9999
-9999 -9999 -9999 -9999 -9999 -9999 -9999 -9999 -9999 -9999 -9999 -9999 -9999 -9999 -9999 -9999 -9999 1.25685E-3 2.71669E-3 5.76607E-3 -9999 -9999 8.96927E-3 -9999 -9999 -9999 -9999 2.09877E-3 2.07566E-3 4.82711E-4 1.04366E-4 2.20925E-5 1.21382E-5 2.05199E-5 3.89714E-5 2.47449E-5 2.78077E-5 1.33514E-5 1.85275E-5 7.69228E-5 3.26191E-5 6.84494E-6 4.98792E-6 6.20291E-6 6.11375E-5 3.39668E-5 2.43313E-5 1.24058E-5 2.25614E-5 3.3274E-5 7.16721E-5 7.18696E-5 1.79009E-5 7.95427E-6 1.90515E-5 1.83148E-5 3.70372E-5 7.29238E-5 7.66087E-5 7.27513E-5 8.37475E-5 5.8511E-5 -9999 -9999 -9999 -9999 -9999 -9999 -9999 -9999 -9999 -9999 -9999 -9999 -9999 -9999 -9999 -9999
-9999 -9999 -9999 -9999 -9999 -9999 -9999 -9999 -9999 -9999 -9999 -9999 -9999 -9999 1.08432E-2 -9999 -9999 1.71993E-3 1.28757E-3 3.80714E-3 -9999 -9999 -9999 -9999 -9999 7.7393E-4 7.34444E-4 1.54975E-3 5.80749E-4 2.02464E-4 4.3728E-5 2.07268E-5 2.44107E-5 1.7466E-5 2.66896E-5 2.66136E-5 2.58789E-5 2.1195E-5 1.97273E-5 4.4213E-5 9.09813E-6 8.4734E-6 2.99498E-5 1.91297E-5 7.79297E-5 6.8655E-5 3.66723E-5 1.75246E-5 2.5048E-5 1.63812E-5 4.49371E-5 6.86219E-5 2.2706E-5 7.78589E-6 4.08221E-5 2.06112E-5 6.82094E-5 1.5004E-4 7.90161E-5 9.13102E-5 6.88952E-5 6.2741E-5 -9999 -9999 -9999 -9999 -9999 -9999 -9999 -9999 -9999 -9999 -9999 -9999 -9999 -9999 -9999 -9999
-9999 -9999 -9999 -9999 -9999 -9999 -9999 -9999 -9999 1.04087E-2 1.93318E-2 -9999 -9999 7.15034E-3 1.11103E-2 -9999 -9999 2.62715E-3 1.6597E-3 8.85538E-3 3.02619E-3 -9999 -9999 1.86697E-3 3.47411E-4 2.63704E-4 3.27255E-4 2.32559E-4 1.31021E-4 3.43453E-5 6.95834E-5 2.78552E-5 2.14233E-5 1.26357E-5 2.96642E-5 3.35297E-5 1.88142E-5 2.18904E-5 2.22277E-5 5.09896E-5 3.34821E-5 1.19448E-5 3.73131E-5 8.67155E-5 1.45447E-4 4.21056E-5 2.03547E-5 1.62664E-5 3.6715E-5 4.40323E-5 2.84484E-5 4.42924E-5 3.76128E-5 1.29623E-5 6.23516E-5 8.64545E-5 3.01955E-5 5.39412E-5 7.09724E-5 8.78223E-5 7.78101E-5 5.28964E-5 -9999 -9999 -9999 -9999 -9999 -9999 -9999 -9999 -9999 -9999 -9999 -9999 -9999 -9999 -9999 -9999
-9999 -9999 -9999 -9999 -9999 -9999 -9999 -9999 -9999 8.12514E-3 1.0178E-2 -9999 -9999 6.0927E-3 1.15475E-2 -9999 -9999 2.53882E-3 2.05051E-3 4.77133E-3 3.28433E-3 -9999 -9999 9.44322E-4 2.02723E-4 1.37964E-4 5.39023E-5 5.80502E-5 1.1459E-4 8.53729E-5 5.44389E-5 2.90274E-5 1.14449E-5 1.02365E-5 2.28832E-5 1.57269E-5 1.6269E-5 4.38646E-5 5.69803E-5 5.19469E-5 3.65142E-5 1.33581E-5 1.99955E-5 1.01034E-4 8.52992E-5 3.75183E-5 1.30894E-5 1.1836E-5 3.35484E-5 4.32166E-5 3.10265E-5 3.87855E-5 3.84486E-5 4.04353E-5 9.47147E-5 1.44998E-4 8.31326E-5 1.159E-4 7.46429E-5 1.11548E-4 6.8118E-5 1.11063E-4 -9999 -9999 -9999 -9999 -9999 -9999 -9999 -9999 -9999 -9999 -9999 -9999 -9999 -9999 -9999 -9999
-9999 -9999 -9999 -9999 -9999 -9999 -9999 -9999 -9999 8.86977E-3 6.60794E-3 -9999 -9999 6.71195E-3 7.8627E-3 -9999 -9999 2.38773E-3 7.25782E-3 1.26602E-2 4.88459E-3 -9999 -9999 2.10142E-4 8.13648E-5 7.55472E-5 6.58992E-5 1.47273E-4 7.09287E-5 2.86756E-5 1.71992E-5 1.43702E-5 1.11141E-5 7.20749E-6 1.71887E-5 1.50402E-5 5.66763E-6 2.38202E-5 2.96525E-5 1.06027E-4 9.92956E-5 4.49784E-5 4.7646E-5 1.03407E-4 6.71499E-5 4.82014E-5 3.58348E-5 2.45243E-5 4.23732E-5 2.56246E-5 3.71898E-5 6.76556E-5 9.87217E-5 4.22209E-5 6.96415E-5 5.59575E-5 8.91479E-5 8.35632E-5 9.94659E-5 6.79903E-5 7.6621E-5 -9999 -9999 -9999 -9999 -9999 -9999 -9999 -9999 -9999 -9999 -9999 -9999 -9999 -9999 -9999 -9999 -9999
-9999 -9999 -9999 -9999 -9999 -9999 -9999 -9999 1.62499E-3 2.72387E-3 4.92867E-3 -9999 -9999 4.28915E-3 5.97933E-3 2.52034E-3 1.65723E-3 2.90428E-3 4.72393E-3 1.09086E-2 5.61612E-3 -9999 2.32941E-3 2.06953E-4 1.52402E-4 2.82681E-4 2.04427E-4 6.71879E-5 2.77388E-5 1.18263E-5 9.83788E-6 1.65238E-5 1.30393E-5 9.22004E-6 1.13607E-5 1.84887E-5 7.75378E-6 1.70233E-5 2.68839E-5 7.17296E-5 1.1702E-4 1.31153E-4 7.52629E-5 8.18014E-5 1.34902E-4 1.16876E-4 7.51425E-5 5.23365E-5 2.81691E-5 2.52662E-5 3.86984E-5 1.07155E-4 1.45735E-4 7.06799E-5 6.5614E-5 8.95417E-5 8.67878E-5 8.04244E-5 8.06668E-5 1.0227E-4 7.91596E-5 -9999 -9999 -9999 -9999 -9999 -9999 -9999 -9999 -9999 -9999 -9999 -9999 -9999 -9999 -9999 -9999 -9999
-9999 -9999 -9999 -9999 -9999 -9999 -9999 -9999 2.50602E-3 1.05078E-3 1.98224E-3 3.20097E-3 -9999 3.22804E-3 2.31383E-3 3.41959E-3 2.03598E-3 5.17621E-3 6.23433E-3 1.23588E-2 4.4918E-3 4.05779E-3 2.56751E-3 7.95031E-4 4.02745E-4 1.38812E-4 5.15295E-5 3.45828E-5 1.76546E-5 8.39663E-6 1.36943E-5 2.64142E-5 2.19608E-5 1.66453E-5 2.19576E-5 3.43404E-5 2.47197E-5 5.17368E-5 4.30159E-5 1.05129E-4 7.26577E-5 9.07059E-5 5.2264E-5 8.28076E-5 1.8811E-4 1.88064E-4 1.23645E-4 5.81739E-5 4.42031E-5 6.80949E-5 1.04173E-4 1.13965E-4 1.29925E-4 1.12282E-4 6.77829E-5 8.81535E-5 9.24531E-5 9.92439E-5 9.30867E-5 7.30683E-5 6.34152E-5 -9999 -9999 -9999 -9999 -9999 -9999 -9999 -9999 -9999 -9999 -9999 -9999 -9999 -9999 -9999 -9999 -9999
-9999 -9999 -9999 -9999 -9999 6.79986E-3 7.52545E-3 6.51173E-3 3.26967E-3 8.54503E-4 9.12182E-4 1.32892E-3 1.49538E-3 1.82565E-3 1.71531E-3 1.73952E-3 5.96897E-3 5.47381E-3 6.17408E-3 1.26115E-2 5.96176E-3 4.74167E-3 2.73017E-3 7.83973E-4 1.82009E-4 1.37039E-4 5.20379E-5 1.2192E-5 1.44883E-5 1.10155E-5 9.93044E-6 1.41052E-5 1.28017E-5 1.35413E-5 2.60153E-5 2.44526E-5 3.81167E-5 1.46779E-5 1.68973E-5 4.22205E-5 4.2835E-5 3.00909E-5 3.54156E-5 1.27663E-4 1.6661E-4 8.615E-5 9.03062E-5 5.94578E-5 9.07464E-5 1.32472E-4 1.5006E-4 9.75152E-5 1.38742E-4 1.23467E-4 9.43477E-5 1.24483E-4 8.88807E-5 8.69412E-5 7.5839E-5 5.95589E-5 5.38959E-5 -9999 -9999 -9999 -9999 -9999 -9999 -9999 -9999 -9999 -9999 -9999 -9999 -9999 -9999 -9999 -9999 -9999
-9999 -9999 -9999 -9999 -9999 1.95155E-2 1.59531E-2 1.80808E-2 1.77603E-2 5.85682E-3 -9999 1.27414E-3 1.64285E-3 2.57945E-3 2.51901E-3 4.69652E-3 3.1169E-3 4.61794E-3 5.48482E-3 1.02983E-2 7.60266E-3 3.30733E-3 5.74942E-4 4.24289E-4 1.35728E-4 1.32087E-4 1.62088E-4 2.70595E-5 1.62098E-5 1.11925E-5 1.66825E-5 1.46822E-5 2.44628E-5 9.26988E-6 1.34807E-5 2.42494E-5 1.59493E-5 1.25441E-5 2.64821E-5 3.08798E-5 1.33221E-5 2.35048E-5 4.16928E-5 9.89087E-5 6.61301E-5 6.82554E-5 1.00091E-4 1.04639E-4 1.14439E-4 1.68108E-4 1.33218E-4 1.32242E-4 1.30905E-4 1.00772E-4 9.00857E-5 9.31928E-5 5.67111E-5 4.45319E-5 5.59823E-5 4.78884E-5 4.36722E-5 -9999 -9999 -9999 -9999 -9999 -9999 -9999 -9999 -9999 -9999 -9999 -9999 -9999 -9999 -9999 -9999 -9999
-9999 -9999 -9999 -9999 -9999 -9999 2.10453E-2 2.97096E-2 -9999 -9999 -9999 2.26856E-3 -9999 -9999 4.59914E-3 5.79241E-3 4.32991E-3 -9999 -9999 -9999 7.99643E-3 1.07208E-3 3.13354E-4 2.96551E-4 1.76579E-4 2.57217E-4 9.66474E-5 8.86048E-5 1.62918E-5 1.85687E-5 1.6999E-5 2.49589E-5 2.04851E-5 1.27291E-5 1.06662E-5 7.59107E-6 9.17578E-6 1.41881E-5 3.45112E-5 1.21302E-5 1.30089E-5 2.28514E-5 4.24607E-5 5.24627E-5 4.99244E-5 8.09496E-5 1.61125E-4 1.32051E-4 1.46519E-4 1.66657E-4 1.03601E-4 8.29996E-5 1.02299E-4 8.81073E-5 8.54876E-5 -9999 -9999 -9999 5.08781E-5 6.3022E-5 4.10368E-5 -9999 -9999 -9999 -9999 -9999 -9999 -9999 -9999 -9999 -9999 -9999 -9999 -9999 -9999 -9999 -9999 -9999
-9999 -9999 -9999 -9999 -9999 -9999 -9999 -9999 -9999 -9999 -9999 -9999 -9999 -9999 -9999 -9999 -9999 -9999 -9999 -9999 3.65942E-3 2.55004E-3 6.47675E-4 1.10937E-3 7.94652E-4 3.99179E-4 1.73397E-4 2.12713E-4 5.87465E-5 1.68473E-4 9.43211E-5 8.51931E-5 2.07773E-5 1.29395E-5 1.15041E-5 8.09346E-6 1.33102E-5 7.7849E-6 1.00723E-5 1.22433E-5 2.51433E-5 1.50495E-5 1.7073E-5 3.79221E-5 4.56279E-5 1.06436E-4 1.75099E-4 1.26962E-4 1.64602E-4 1.43017E-4 9.04618E-5 5.41654E-5 5.96695E-5 7.59608E-5 -9999 -9999 -9999 -9999 4.82439E-5 2.76538E-5 1.39531E-5 -9999 -9999 -9999 -9999 -9999 -9999 -9999 -9999 -9999 -9999 -9999 -9999 -9999 -9999 -9999 -9999 -9999
-9999 -9999 -9999 -9999 -9999 -9999 -9999 -9999 -9999 -9999 -9999 -9999 -9999 -9999 -9999 -9999 -9999 -9999 -9999 -9999 3.72687E-3 3.05149E-3 2.84373E-3 9.05286E-4 1.54966E-3 5.0344E-4 2.75819E-4 2.49972E-4 3.62076E-4 2.67399E-4 1.46278E-4 1.09704E-4 5.26986E-5 2.32513E-5 1.02499E-5 6.96589E-6 7.39619E-6 1.31985E-5 2.75001E-5 1.3599E-5 1.30656E-5 3.04027E-5 1.44942E-5 2.9792E-5 5.02717E-5 1.18646E-4 1.42038E-4 1.49179E-4 1.4076E-4 1.2655E-4 1.03548E-4 -9999 -9999 -9999 -9999 -9999 -9999 1.86893E-5 1.30957E-5 1.73208E-5 1.79815E-5 -9999 -9999 -9999 -9999 -9999 -9999 -9999 -9999 -9999 -9999 -9999 -9999 -9999 -9999 -9999 -9999 -9999
-9999 -9999 -9999 -9999 -9999 -9999 -9999 -9999 -9999 -9999 -9999 -9999 -9999 -9999 -9999 -9999 -9999 2.60475E-3 3.67392E-3 7.44458E-3 2.24702E-3 1.34244E-3 1.87084E-3 1.13713E-3 6.81423E-4 3.58324E-4 2.38593E-4 5.65696E-4 4.01852E-4 9.16686E-5 1.06361E-5 2.65693E-5 4.95109E-5 2.98009E-5 1.83136E-5 1.42699E-5 1.38418E-5 7.62153E-6 6.62352E-6 9.8803E-6 2.26449E-5 5.93132E-5 2.12457E-5 4.59843E-5 5.41958E-5 9.22523E-5 1.68937E-4 1.294E-4 1.05851E-4 1.1492E-4 9.34588E-5 -9999 -9999 -9999 3.48341E-5 4.65804E-5 4.51263E-5 3.74745E-5 2.0665E-5 1.99648E-5 2.88942E-5 -9999 -9999 -9999 -9999 -9999 -9999 -9999 -9999 -9999 -9999 -9999 -9999 -9999 -9999 -9999 -9999 -9999
-9999 -9999 -9999 -9999 -9999 -9999 -9999 -9999 -9999 -9999 -9999 -9999 -9999 -9999 -9999 4.7094E-3 2.92882E-3 1.79754E-3 3.57007E-3 1.35662E-2 9.58816E-3 5.94048E-3 1.65959E-3 1.02663E-3 6.55649E-4 8.20807E-4 6.14075E-4 1.45269E-4 1.13216E-4 3.36288E-5 1.0081E-5 2.94898E-6 1.04058E-5 1.82596E-5 1.25865E-5 9.10382E-6 3.32128E-6 5.48976E-6 4.87426E-6 1.22326E-5 2.08988E-5 6.0871E-5 5.29406E-5 7.03091E-5 8.86041E-5 1.46525E-4 1.71668E-4 1.45738E-4 1.27477E-4 5.54686E-5 6.87619E-5 -9999 -9999 4.34849E-5 3.83119E-5 5.75624E-5 5.91936E-5 5.63842E-5 6.36381E-5 3.16396E-5 4.84821E-5 -9999 -9999 -9999 -9999 -9999 -9999 -9999 -9999 -9999 -9999 -9999 -9999 -9999 -9999 -9999 -9999 -9999
-9999 -9999 -9999 -9999 -9999 -9999 -9999 -9999 -9999 -9999 -9999 -9999 -9999 -9999 4.22103E-3 1.41832E-3 1.01847E-3 1.19339E-3 1.38502E-3 3.85836E-3 3.52512E-3 3.82385E-3 1.4278E-3 1.10823E-3 2.76303E-3 3.09582E-4 6.38131E-5 4.80794E-5 2.55743E-5 3.56849E-5 8.05294E-6 8.90451E-6 9.32135E-6 9.41263E-6 9.742E-6 9.57321E-6 3.85881E-5 2.81991E-5 7.73043E-6 9.16802E-6 3.7784E-5 3.80324E-5 7.93774E-5 9.44291E-5 1.30782E-4 1.70912E-4 1.49146E-4 1.51993E-4 1.47434E-4 -9999 -9999 -9999 -9999 3.55407E-5 3.76926E-5 7.84377E-5 3.31358E-5 4.56709E-5 7.37674E-5 5.07885E-5 3.55755E-5 -9999 -9999 -9999 -9999 -9999 -9999 -9999 -9999 -9999 -9999 -9999 -9999 -9999 -9999 -9999 -9999 -9999
-9999 -9999 -9999 -9999 -9999 -9999 -9999 -9999 -9999 -9999 -9999 -9999 -9999 2.78274E-3 5.83793E-4 5.08634E-4 6.28103E-4 1.07837E-3 5.00927E-4 1.83632E-3 1.81328E-3 1.24507E-3 5.0655E-3 4.17562E-3 1.1787E-3 5.5914E-5 2.53647E-5 3.66399E-5 2.46836E-5 1.22797E-5 1.47844E-5 1.20989E-5 1.21755E-5 9.10672E-6 8.56371E-6 3.35451E-5 4.83954E-5 1.6957E-5 8.53811E-6 1.51013E-5 3.00698E-5 5.61643E-5 4.66769E-5 7.82292E-5 1.61903E-4 1.21878E-4 9.79773E-5 1.4924E-4 1.51235E-4 -9999 -9999 -9999 -9999 2.50996E-5 3.24738E-5 3.1516E-5 5.69194E-6 1.0936E-5 2.90881E-5 7.41596E-5 9.07392E-5 1.36628E-4 -9999 -9999 -9999 -9999 -9999 -9999 -9999 -9999 -9999 -9999 -9999 -9999 -9999 -9999 -9999 -9999
-9999 -9999 -9999 -9999 -9999 -9999 -9999 -9999 -9999 2.52651E-2 2.58941E-2 -9999 -9999 2.61581E-3 2.38079E-4 1.89616E-4 3.55927E-4 6.17815E-4 6.31376E-4 8.59614E-4 1.64416E-4 3.02413E-4 1.04259E-3 6.9512E-4 5.77385E-4 6.54532E-5 2.79836E-5 2.06836E-5 1.66242E-5 1.42617E-5 1.79605E-5 1.73085E-5 9.80315E-6 1.00047E-5 1.18165E-5 3.39833E-5 3.40332E-5 1.32526E-5 1.47285E-5 1.65182E-5 1.25345E-5 2.12715E-5 6.77974E-5 6.69024E-5 9.27881E-5 1.05759E-4 1.23678E-4 1.85157E-4 1.11978E-4 -9999 -9999 -9999 -9999 -9999 -9999 2.74947E-5 2.2303E-5 1.90789E-5 1.9517E-5 4.02253E-5 8.4116E-5 1.10435E-4 -9999 -9999 -9999 -9999 -9999 -9999 -9999 -9999 -9999 -9999 -9999 -9999 -9999 -9999 -9999 -9999
-9999 -9999 -9999 -9999 -9999 -9999 -9999 -9999 1.35009E-2 1.90816E-2 2.08223E-2 -9999 -9999 1.18256E-3 3.09569E-4 2.24142E-4 3.56784E-4 7.53148E-4 6.60162E-4 5.00915E-4 9.53202E-5 2.29963E-4 8.41012E-4 3.07309E-4 3.81999E-4 1.28505E-4 2.91327E-5 2.13073E-5 1.50304E-5 1.6735E-5 1.70403E-5 3.31372E-5 3.79012E-5 2.33849E-5 2.74282E-5 2.02117E-5 1.87418E-5 2.39404E-5 2.57063E-5 2.06503E-5 3.13551E-5 3.28123E-5 5.56912E-5 5.96166E-5 1.09302E-4 1.34261E-4 1.86541E-4 1.61617E-4 1.40476E-4 -9999 -9999 -9999 -9999 -9999 -9999 1.66438E-5 8.50002E-6 8.07608E-6 2.30983E-5 4.55013E-5 5.84715E-5 1.17511E-4 -9999 -9999 -9999 -9999 -9999 -9999 -9999 -9999 -9999 -9999 -9999 -9999 -9999 -9999 -9999 -9999
-9999 -9999 -9999 -9999 3.7907E-2 2.89323E-2 -9999 -9999 7.41115E-3 1.65762E-2 1.01323E-2 1.7581E-3 2.95169E-4 2.54419E-4 2.33081E-4 4.94636E-5 2.82134E-4 7.35779E-4 7.63687E-4 2.767E-4 1.3935E-4 2.9637E-4 5.164E-4 8.63267E-5 3.23782E-5 7.72743E-5 3.23754E-5 1.6335E-5 1.60824E-5 1.42732E-5 3.38498E-5 7.69359E-5 7.68585E-5 7.73166E-5 3.84292E-5 2.62228E-5 3.46136E-5 6.56979E-5 4.69467E-5 4.21606E-5 4.11168E-5 4.1193E-5 9.80109E-5 9.282E-5 1.07778E-4 1.33635E-4 1.5867E-4 1.66481E-4 1.32196E-4 1.27916E-4 6.42306E-5 6.17698E-5 -9999 -9999 -9999 1.38083E-5 9.14742E-6 1.37923E-5 2.5947E-5 3.91414E-5 5.49795E-5 8.95636E-5 1.48181E-4 -9999 -9999 -9999 -9999 -9999 -9999 -9999 -9999 -9999 -9999 -9999 -9999 -9999 -9999 -9999
1.18498E-2 -9999 -9999 2.50046E-2 4.45013E-2 2.91207E-2 -9999 -9999 7.26015E-3 1.07096E-2 3.47275E-3 8.9769E-4 1.72295E-4 7.42585E-5 1.21878E-4 4.65136E-5 9.14017E-5 2.07126E-4 1.14562E-4 1.13104E-4 5.66959E-5 3.366E-4 2.1154E-4 3.40183E-5 2.27655E-5 3.63988E-5 7.38033E-5 2.55321E-5 2.11919E-5 2.34857E-5 9.08985E-5 1.89317E-4 1.23406E-4 6.06393E-5 2.83206E-5 3.27771E-5 2.81421E-5 3.0144E-5 4.64884E-5 3.27492E-5 4.92962E-5 3.89624E-5 6.65897E-5 7.02535E-5 1.17719E-4 1.53934E-4 1.83346E-4 1.35403E-4 1.60086E-4 1.36324E-4 9.8199E-5 7.77991E-5 7.09983E-5 -9999 -9999 1.87638E-5 5.40689E-6 5.12161E-6 8.23461E-6 2.51855E-5 4.0621E-5 6.57032E-5 1.6159E-4 -9999 -9999 -9999 -9999 -9999 -9999 -9999 -9999 -9999 -9999 -9999 -9999 -9999 -9999 -9999
4.52868E-3 1.79324E-3 8.0297E-3 1.66831E-2 3.37674E-2 1.97203E-2 -9999 6.10813E-3 4.77306E-3 1.70427E-3 7.06592E-4 1.00628E-4 5.75168E-5 5.32255E-5 8.74073E-5 5.19902E-5 3.37422E-5 6.44724E-5 4.98195E-5 5.41012E-5 3.74521E-5 1.5136E-4 2.00204E-4 4.78355E-5 1.91885E-5 3.75907E-5 4.31611E-5 1.62306E-5 2.31596E-5 2.74073E-5 6.92558E-5 8.14663E-5 6.60843E-5 3.46844E-5 2.67016E-5 3.00543E-5 3.94085E-5 2.80416E-5 5.95468E-5 8.57378E-5 7.1878E-5 3.9705E-5 6.12407E-5 6.77838E-5 1.02348E-4 1.40275E-4 1.50693E-4 1.1658E-4 1.45691E-4 1.13598E-4 1.27981E-4 7.76243E-5 6.94111E-5 -9999 -9999 1.61289E-5 9.10921E-6 5.40852E-6 6.0907E-6 4.553E-6 1.98811E-5 4.78937E-5 1.70741E-4 -9999 -9999 -9999 -9999 -9999 -9999 -9999 -9999 -9999 -9999 -9999 -9999 -9999 -9999 -9999
