ENM/Final_Models/M_2_F_q_Set_1_NE/Gustavia_santanderiensis_5_Choco.asc
ncols         367
nrows         963
xllcorner     -78.6
yllcorner     0.65
cellsize      0.00833333333333323
NODATA_value  -9999
[rows 816 to 849 of 963, columns 78 to 155 of 367]
0E0 0E0 0E0 0E0 0E0 0E0 0E0 0E0 0E0 0E0 0E0 0E0 0E0 0E0 0E0 0E0 0E0 0E0 0E0 8.84165E-1 0E0 0E0 0E0 0E0 7.29072E-1 5.23503E-1 4.35025E-1 5.15751E-1 5.37585E-1 9.89685E-1 8.38556E-1 7.57267E-1 9.74141E-1 9.56716E-1 6.61706E-1 2.71499E-1 -9999 -9999 -9999 -9999 9.20954E-1 9.47424E-1 6.58226E-1 -9999 -9999 -9999 -9999 4.40597E-1 5.26469E-1 1.71445E-1 1.41804E-1 2.01253E-1 7.70136E-2 5.78824E-2 5.38688E-2 1.37244E-1 1.39848E-1 1.77946E-1 7.86341E-2 2.76821E-2 1.64705E-2 5.57563E-2 2.59045E-2 1.73578E-2 1.36314E-2 4.02818E-3 4.92137E-3 3.57244E-3 3.67663E-3 2.70477E-3 5.5932E-4 3.16774E-4 1.29809E-4 5.3793E-5 6.41842E-4 5.04495E-3 7.87308E-3 7.90363E-3
0E0 0E0 0E0 0E0 0E0 0E0 0E0 0E0 0E0 0E0 0E0 0E0 0E0 0E0 0E0 0E0 0E0 0E0 0E0 0E0 0E0 0E0 0E0 0E0 6.16875E-1 4.3552E-1 0E0 9.26451E-1 6.75917E-1 9.7981E-1 9.43852E-1 9.74152E-1 9.94654E-1 9.71569E-1 5.64968E-1 3.30564E-1 -9999 -9999 -9999 -9999 -9999 9.05791E-1 -9999 -9999 -9999 -9999 -9999 -9999 4.30326E-1 1.50312E-1 1.7203E-1 3.77025E-1 1.56073E-1 2.24342E-1 3.24847E-1 3.94238E-1 3.40188E-1 3.06603E-2 2.51346E-2 3.13491E-2 1.62811E-2 1.47288E-2 9.83942E-3 6.166E-3 4.68462E-3 1.31972E-3 3.17534E-3 1.36544E-3 9.41796E-4 1.56185E-3 1.3887E-4 7.71605E-5 2.11459E-5 2.52343E-5 4.93492E-4 1.34244E-2 -9999 -9999
0E0 0E0 0E0 0E0 0E0 0E0 0E0 0E0 0E0 0E0 0E0 0E0 0E0 0E0 0E0 0E0 0E0 0E0 0E0 0E0 0E0 0E0 0E0 0E0 0E0 0E0 5.52489E-1 8.08701E-1 0E0 9.74817E-1 9.01139E-1 9.08994E-1 8.62209E-1 7.9883E-1 5.99182E-1 5.17155E-1 -9999 -9999 -9999 -9999 -9999 -9999 -9999 -9999 -9999 -9999 -9999 -9999 5.32186E-1 7.16032E-1 4.68463E-1 6.27026E-1 2.08024E-1 6.43385E-2 2.91346E-1 1.71035E-1 1.52028E-1 1.21425E-1 5.82831E-2 1.86939E-2 5.79386E-3 1.38893E-2 1.15974E-2 7.08005E-3 1.55041E-2 5.71526E-3 1.11538E-3 3.90202E-4 2.96849E-4 2.62715E-4 6.56909E-5 1.81363E-5 8.72597E-6 3.75531E-5 5.04722E-4 8.65241E-3 -9999 -9999
0E0 0E0 0E0 0E0 0E0 0E0 0E0 0E0 0E0 0E0 0E0 0E0 0E0 0E0 0E0 0E0 0E0 0E0 0E0 0E0 0E0 0E0 0E0 0E0 0E0 7.15374E-1 4.49537E-1 8.51549E-1 0E0 0E0 8.03373E-1 3.83038E-1 5.971E-1 5.19522E-1 -9999 -9999 -9999 -9999 -9999 -9999 -9999 -9999 -9999 -9999 -9999 -9999 -9999 -9999 3.32161E-1 5.40158E-1 7.25488E-1 2.5452E-1 4.49634E-2 2.95202E-2 2.63705E-1 1.2296E-1 3.39611E-2 4.38272E-2 8.18139E-2 2.67859E-2 2.63773E-3 6.85278E-3 8.99744E-3 2.55555E-2 1.12148E-2 6.58061E-3 7.91606E-4 3.30679E-4 7.61632E-5 1.47806E-5 5.43002E-6 6.75239E-6 1.05242E-5 1.00402E-4 2.20009E-3 2.32034E-2 1.79688E-2 -9999
0E0 0E0 0E0 0E0 0E0 0E0 0E0 0E0 0E0 0E0 0E0 0E0 0E0 0E0 0E0 0E0 0E0 0E0 0E0 0E0 0E0 0E0 0E0 0E0 0E0 7.98187E-1 8.13489E-1 0E0 0E0 9.94999E-1 8.88815E-1 4.59656E-1 4.63385E-1 6.72952E-1 5.64305E-1 -9999 -9999 -9999 -9999 -9999 -9999 -9999 -9999 -9999 -9999 -9999 -9999 -9999 2.53439E-1 3.21299E-1 6.04128E-1 2.77924E-1 8.37602E-2 2.71141E-2 6.97709E-2 9.8455E-2 2.83767E-2 1.30599E-2 1.05978E-2 2.50324E-2 3.2318E-3 5.22236E-4 9.79892E-3 6.71024E-3 1.16755E-2 1.87506E-2 1.53319E-3 5.32859E-4 1.99469E-4 1.36913E-5 3.04037E-6 3.96006E-6 1.7468E-5 2.09177E-4 5.17711E-3 1.35359E-2 1.60793E-2 -9999
0E0 0E0 0E0 0E0 0E0 0E0 0E0 0E0 0E0 0E0 0E0 0E0 0E0 0E0 0E0 0E0 0E0 0E0 0E0 0E0 0E0 0E0 0E0 0E0 0E0 0E0 0E0 7.24928E-1 0E0 0E0 8.62402E-1 5.31178E-1 8.88914E-1 9.32738E-1 9.14908E-1 2.66632E-1 -9999 -9999 -9999 -9999 -9999 -9999 -9999 -9999 -9999 -9999 -9999 -9999 1.09223E-1 4.46246E-1 7.61644E-1 3.91545E-1 5.36429E-2 1.95292E-2 3.62311E-2 2.29405E-2 1.86657E-2 7.50352E-3 3.98682E-3 6.49866E-3 2.87886E-3 2.66365E-4 9.96351E-4 4.11121E-4 2.32759E-3 9.40256E-3 1.57807E-3 3.13573E-4 6.83241E-5 7.10693E-5 1.38769E-5 7.33011E-6 6.01015E-5 6.28085E-4 6.05257E-3 2.74125E-2 3.86912E-2 -9999
0E0 0E0 0E0 0E0 0E0 0E0 0E0 0E0 0E0 0E0 0E0 0E0 0E0 0E0 0E0 0E0 0E0 0E0 0E0 0E0 0E0 0E0 0E0 0E0 0E0 8.30431E-1 7.22644E-1 6.58904E-1 0E0 9.00545E-1 8.33307E-1 0E0 8.8751E-1 9.4884E-1 9.30625E-1 4.97516E-1 5.33151E-1 -9999 -9999 -9999 -9999 -9999 -9999 -9999 -9999 -9999 -9999 -9999 1.21511E-1 3.33387E-1 5.76249E-1 6.32304E-1 1.87941E-1 8.55912E-2 2.7651E-2 1.5579E-2 1.54459E-2 7.29957E-3 3.2601E-3 7.72829E-4 8.3844E-4 7.17579E-4 5.57608E-4 1.21002E-4 7.97797E-4 5.70632E-3 2.3853E-3 6.36988E-4 5.35069E-4 1.09563E-4 2.53502E-5 9.31803E-6 4.51398E-5 2.4651E-4 9.09684E-3 2.9516E-2 -9999 -9999
0E0 0E0 0E0 0E0 0E0 0E0 0E0 0E0 0E0 0E0 0E0 0E0 0E0 0E0 0E0 0E0 0E0 0E0 0E0 0E0 0E0 0E0 0E0 0E0 0E0 6.26024E-1 5.20881E-1 6.54886E-1 8.54769E-1 8.38503E-1 8.41149E-1 0E0 7.78521E-1 9.10585E-1 8.77146E-1 7.42068E-1 5.64905E-1 -9999 -9999 -9999 -9999 -9999 -9999 -9999 -9999 -9999 -9999 -9999 6.04499E-2 3.17497E-1 3.06316E-1 2.69156E-1 2.16692E-1 2.30434E-1 1.07388E-1 4.01501E-2 2.40964E-2 1.7091E-2 1.61971E-2 1.05862E-2 4.03281E-3 9.47067E-3 6.64909E-4 8.92774E-5 4.75679E-4 3.44441E-3 4.87543E-4 1.11038E-4 1.59966E-4 5.5402E-5 2.75033E-5 9.63228E-6 1.44594E-5 5.69933E-4 8.61015E-3 3.25293E-2 -9999 -9999
0E0 0E0 0E0 0E0 0E0 0E0 0E0 0E0 0E0 0E0 0E0 0E0 0E0 0E0 0E0 0E0 0E0 0E0 0E0 0E0 0E0 0E0 0E0 0E0 0E0 6.78968E-1 8.4885E-1 8.23726E-1 0E0 0E0 9.20089E-1 7.93688E-1 7.96906E-1 9.02616E-1 8.62254E-1 5.28371E-1 2.6487E-1 -9999 -9999 -9999 -9999 -9999 -9999 -9999 -9999 -9999 -9999 -9999 1.75351E-2 6.04717E-2 1.0997E-1 7.68364E-2 7.46662E-2 3.27379E-2 2.37445E-2 2.24808E-2 2.3018E-2 1.07919E-2 1.15084E-2 5.79207E-3 5.4868E-3 6.24676E-3 1.04976E-3 1.44442E-4 1.20156E-4 1.4308E-3 3.74468E-4 7.43138E-5 1.43944E-5 7.1281E-6 7.80217E-6 4.54192E-6 5.78141E-5 1.16121E-3 1.19941E-2 2.52961E-2 -9999 -9999
0E0 0E0 0E0 0E0 0E0 0E0 0E0 0E0 0E0 0E0 0E0 0E0 0E0 0E0 0E0 0E0 0E0 0E0 0E0 0E0 0E0 0E0 0E0 0E0 0E0 0E0 8.67972E-1 9.499E-1 9.50601E-1 9.40964E-1 9.00812E-1 0E0 0E0 7.90426E-1 7.33043E-1 2.70291E-1 3.11498E-1 -9999 -9999 -9999 -9999 -9999 -9999 -9999 -9999 -9999 -9999 -9999 -9999 6.65709E-2 6.01196E-2 3.6547E-2 5.35732E-2 2.76795E-2 6.17338E-3 4.92823E-3 1.52716E-2 7.45348E-3 8.86542E-3 3.98946E-3 1.80221E-3 5.88583E-3 3.71686E-4 8.45987E-5 9.298E-5 6.75201E-4 4.593E-4 8.24022E-5 6.29505E-5 5.33829E-6 2.29158E-6 8.20774E-6 5.2939E-5 1.57644E-3 1.67879E-2 2.60158E-2 -9999 -9999
0E0 0E0 0E0 0E0 0E0 0E0 0E0 0E0 0E0 0E0 0E0 0E0 0E0 0E0 0E0 0E0 0E0 0E0 0E0 0E0 0E0 0E0 0E0 0E0 0E0 0E0 8.85757E-1 8.81197E-1 8.24699E-1 0E0 0E0 8.93293E-1 7.36985E-1 6.64621E-1 5.05028E-1 3.96191E-1 5.00023E-1 7.01783E-1 -9999 -9999 -9999 -9999 -9999 -9999 -9999 -9999 -9999 -9999 1.57289E-2 3.76723E-2 3.79316E-2 3.44981E-2 2.98611E-2 2.69556E-2 1.06313E-2 6.95442E-3 3.7297E-3 3.55371E-3 2.04995E-3 8.6649E-4 1.4477E-3 2.77383E-4 4.24494E-5 2.86788E-5 1.2262E-5 9.079E-5 1.42269E-4 1.03152E-5 7.92889E-6 9.50895E-6 7.5623E-6 1.63342E-5 4.90576E-5 4.2069E-4 3.22932E-3 2.7303E-2 -9999 -9999
0E0 0E0 0E0 0E0 0E0 0E0 0E0 0E0 0E0 0E0 6.21624E-1 0E0 0E0 0E0 0E0 0E0 0E0 0E0 0E0 0E0 0E0 0E0 0E0 0E0 0E0 0E0 8.81894E-1 0E0 8.17097E-1 8.43966E-1 8.77851E-1 0E0 7.69923E-1 7.53719E-1 6.21483E-1 6.05255E-1 6.20842E-1 4.92202E-1 1.21022E-1 -9999 -9999 -9999 -9999 -9999 -9999 -9999 -9999 -9999 2.03065E-2 6.75838E-2 2.61994E-2 2.42315E-2 4.63299E-2 3.64974E-2 3.49116E-2 2.93548E-2 1.08045E-2 7.91543E-3 1.67327E-3 9.15715E-4 1.13819E-3 3.1531E-4 1.17896E-4 2.8164E-4 3.59855E-5 2.11465E-5 3.49769E-5 5.00216E-6 4.28205E-5 9.65806E-5 7.14577E-5 2.20117E-5 5.71913E-5 4.28829E-4 8.16713E-3 2.85125E-2 -9999 -9999
0E0 0E0 0E0 0E0 0E0 0E0 0E0 0E0 0E0 0E0 4.35114E-1 3.91832E-1 0E0 0E0 0E0 0E0 0E0 0E0 0E0 0E0 0E0 0E0 0E0 0E0 0E0 0E0 0E0 0E0 0E0 9.04535E-1 9.05929E-1 8.04066E-1 5.99631E-1 5.57077E-1 5.35283E-1 4.3506E-1 7.12697E-2 2.7363E-2 2.63909E-2 3.9733E-2 -9999 -9999 -9999 -9999 -9999 -9999 -9999 -9999 -9999 1.75456E-1 4.28661E-2 5.58097E-2 5.18795E-2 5.67777E-2 2.96001E-2 5.27368E-2 4.15647E-2 9.90792E-3 1.2181E-2 7.25763E-3 4.04895E-3 1.87908E-3 1.42601E-3 2.28003E-4 2.59936E-5 4.96792E-6 9.94476E-6 1.32362E-5 4.21813E-5 1.67485E-4 6.06859E-5 2.00099E-5 1.08979E-4 2.19306E-4 2.49265E-3 1.61492E-2 -9999 -9999
0E0 0E0 0E0 0E0 0E0 0E0 0E0 0E0 0E0 0E0 5.68495E-1 3.92576E-1 5.80397E-1 6.89399E-1 0E0 0E0 0E0 0E0 0E0 0E0 0E0 0E0 0E0 0E0 0E0 0E0 0E0 8.45396E-1 0E0 0E0 9.08112E-1 8.09965E-1 7.98238E-1 6.01096E-1 2.95547E-1 9.80051E-2 1.81649E-2 2.95799E-2 3.4192E-2 5.03068E-2 -9999 -9999 -9999 -9999 -9999 -9999 -9999 -9999 -9999 -9999 4.06897E-2 4.52291E-2 4.59084E-2 3.05058E-2 6.21267E-2 3.41559E-2 3.17549E-2 2.38026E-2 2.32757E-2 1.80972E-2 7.10219E-3 7.14934E-3 1.02354E-3 8.6056E-5 9.81447E-6 9.82885E-6 3.11993E-5 8.92277E-5 8.94454E-5 3.45958E-4 2.37488E-4 3.84436E-5 1.98579E-4 1.59577E-4 6.40992E-4 9.86572E-3 2.35127E-2 -9999
0E0 0E0 0E0 0E0 0E0 0E0 0E0 0E0 0E0 0E0 7.04711E-1 4.61576E-1 4.73117E-1 5.39684E-1 0E0 0E0 0E0 0E0 0E0 0E0 7.96247E-1 8.65585E-1 0E0 0E0 0E0 0E0 0E0 7.71793E-1 8.74001E-1 8.74381E-1 9.00907E-1 6.89108E-1 3.57079E-1 1.89619E-1 1.13595E-1 3.59241E-2 1.07688E-2 1.51654E-2 3.5649E-2 6.06144E-2 8.69473E-2 -9999 -9999 -9999 -9999 -9999 -9999 -9999 -9999 -9999 -9999 -9999 5.86656E-2 7.4774E-2 6.14538E-2 4.80983E-2 3.80749E-2 1.79758E-2 6.34455E-3 8.3892E-3 2.72765E-3 7.66067E-4 5.91371E-4 1.30765E-4 1.14903E-5 8.72252E-6 1.00303E-4 3.75029E-4 7.65182E-4 6.08259E-4 2.88339E-4 1.67173E-4 4.87567E-4 3.74208E-4 6.36914E-4 1.20853E-2 2.59455E-2 -9999
0E0 0E0 0E0 0E0 0E0 0E0 0E0 0E0 0E0 0E0 0E0 7.09945E-1 4.96373E-1 4.72376E-1 6.91785E-1 8.24271E-1 0E0 0E0 0E0 8.41321E-1 9.17419E-1 9.70227E-1 0E0 0E0 0E0 0E0 0E0 8.74394E-1 8.63448E-1 7.44585E-1 6.97086E-1 4.14787E-1 3.04806E-1 2.80314E-1 1.74698E-1 1.18589E-1 1.08722E-2 2.60969E-2 9.58884E-2 1.01453E-1 3.7127E-1 1.14711E-1 1.61595E-1 -9999 -9999 -9999 -9999 -9999 -9999 -9999 -9999 -9999 -9999 3.66775E-2 2.90714E-2 1.55881E-2 5.15136E-2 4.42197E-2 2.4446E-2 2.01326E-2 9.87502E-3 1.39718E-3 5.91853E-4 1.63063E-4 7.4427E-5 2.05487E-5 1.64809E-5 9.80528E-5 7.30737E-4 1.61963E-3 8.13712E-4 5.48546E-4 2.18465E-3 6.59472E-4 1.17883E-3 1.7284E-2 3.47873E-2 -9999
0E0 0E0 0E0 0E0 0E0 0E0 0E0 0E0 0E0 0E0 0E0 0E0 6.44513E-1 5.98513E-1 6.49053E-1 6.17767E-1 0E0 0E0 0E0 0E0 0E0 0E0 0E0 0E0 0E0 0E0 9.02094E-1 8.00363E-1 6.35218E-1 4.69469E-1 2.9839E-1 2.93622E-1 3.19943E-1 2.38793E-1 1.43587E-1 7.66868E-2 2.14153E-2 6.95966E-2 4.75254E-1 5.85328E-1 6.24E-1 1.01847E-1 5.10903E-2 8.48991E-2 -9999 -9999 -9999 -9999 -9999 -9999 -9999 -9999 -9999 -9999 1.33977E-2 3.13631E-3 1.03392E-2 1.9331E-2 1.45355E-2 1.48155E-2 1.79776E-2 7.64763E-3 2.55301E-3 1.26401E-3 4.21849E-4 3.25414E-5 9.59686E-6 1.16487E-4 4.92217E-4 2.2461E-3 5.56448E-3 6.99253E-3 3.7703E-3 5.53349E-4 1.46898E-3 1.93359E-2 3.19002E-2 -9999
0E0 0E0 0E0 0E0 0E0 0E0 0E0 0E0 0E0 0E0 0E0 0E0 0E0 8.33471E-1 6.80436E-1 5.91098E-1 8.35037E-1 0E0 0E0 0E0 0E0 0E0 0E0 0E0 0E0 0E0 8.95073E-1 6.8382E-1 5.36124E-1 2.99998E-1 1.48744E-1 1.70244E-1 2.25587E-1 1.87015E-1 1.0572E-1 6.90364E-2 1.44167E-1 3.25173E-1 5.80057E-1 4.55505E-1 1.64754E-1 4.67924E-2 6.53723E-3 1.69612E-2 1.1687E-1 -9999 -9999 -9999 -9999 -9999 -9999 -9999 -9999 -9999 2.23202E-2 2.48973E-3 9.67657E-4 1.31133E-2 5.88649E-3 6.83619E-3 9.04531E-3 4.68122E-3 1.01725E-3 5.76865E-4 1.4518E-4 3.86537E-5 4.4998E-6 1.61491E-5 1.55117E-4 3.31584E-4 4.47238E-3 1.48392E-2 5.7395E-3 6.25958E-4 2.13507E-3 2.09209E-2 4.05212E-2 -9999
0E0 0E0 0E0 0E0 0E0 0E0 0E0 0E0 6.5259E-1 7.68665E-1 0E0 0E0 0E0 6.56029E-1 4.45536E-1 5.47761E-1 8.35916E-1 0E0 0E0 0E0 0E0 0E0 0E0 0E0 0E0 8.19991E-1 6.1161E-1 5.24971E-1 4.2767E-1 3.67192E-1 1.93649E-1 1.09294E-1 1.53615E-1 8.15706E-2 4.32582E-2 6.40813E-2 1.93715E-1 2.32764E-1 2.77108E-1 5.09715E-2 1.70617E-3 3.07092E-3 5.31319E-3 4.79248E-3 1.81741E-2 2.472E-2 -9999 -9999 -9999 -9999 -9999 -9999 -9999 -9999 -9999 4.21019E-3 9.26848E-4 8.71016E-3 4.12405E-3 4.90252E-3 3.18077E-3 7.02963E-3 6.7633E-4 6.13904E-5 2.26786E-5 6.69648E-6 1.06314E-5 1.02573E-4 3.29101E-4 3.20037E-4 5.5422E-4 9.06939E-3 4.5762E-3 4.35402E-3 1.19576E-2 2.4498E-2 7.4182E-2 -9999
0E0 0E0 0E0 0E0 0E0 0E0 0E0 0E0 6.69358E-1 5.57042E-1 6.27282E-1 0E0 0E0 6.69756E-1 5.6845E-1 6.71508E-1 8.65176E-1 0E0 0E0 0E0 0E0 0E0 0E0 0E0 8.49671E-1 5.97522E-1 5.33893E-1 4.02348E-1 2.88237E-1 2.8002E-1 2.9455E-1 1.0235E-1 6.13194E-2 7.23041E-2 2.47367E-2 3.17454E-2 5.02007E-2 3.76607E-2 1.50819E-1 6.77034E-3 3.45763E-4 1.77987E-3 2.76146E-4 6.36476E-4 1.71656E-3 1.01513E-2 2.68671E-2 -9999 -9999 -9999 -9999 -9999 -9999 -9999 -9999 1.68812E-2 4.03677E-3 4.41357E-3 1.12108E-3 2.10626E-3 8.64135E-4 1.23943E-3 9.19609E-4 5.44576E-5 9.33618E-6 3.78517E-6 1.48708E-5 2.5441E-4 1.00748E-3 1.70845E-3 1.81945E-3 1.16159E-2 1.21795E-2 7.1466E-3 2.88929E-2 6.22277E-2 -9999 -9999
0E0 0E0 0E0 0E0 0E0 0E0 0E0 0E0 6.94387E-1 5.88782E-1 5.69298E-1 7.23388E-1 0E0 0E0 0E0 7.72699E-1 8.79281E-1 0E0 0E0 0E0 0E0 0E0 0E0 0E0 9.2513E-1 7.41266E-1 5.21183E-1 3.18191E-1 2.16952E-1 1.65507E-1 1.31831E-1 1.21094E-2 1.50308E-2 3.50602E-2 4.25784E-3 3.09959E-3 6.77761E-3 1.9974E-2 4.18358E-2 8.28024E-4 1.15343E-4 1.43446E-4 2.4997E-5 6.01833E-5 3.35054E-4 7.94576E-4 3.98453E-3 1.67313E-2 2.84451E-2 -9999 -9999 -9999 -9999 -9999 -9999 5.73214E-2 1.72428E-2 1.56403E-2 2.6189E-3 9.64276E-3 2.11267E-3 3.76903E-4 9.61357E-5 1.34162E-5 1.59106E-5 6.4972E-6 2.40878E-5 4.75037E-4 3.27502E-3 6.84919E-3 1.0311E-2 1.08238E-2 1.49941E-2 2.31083E-2 3.10475E-2 -9999 -9999 -9999
0E0 0E0 0E0 0E0 0E0 0E0 0E0 0E0 6.76066E-1 5.41918E-1 6.20197E-1 6.57636E-1 8.70563E-1 0E0 0E0 8.53667E-1 9.42595E-1 0E0 0E0 0E0 0E0 0E0 0E0 9.54904E-1 9.18758E-1 6.21712E-1 3.20614E-1 1.73727E-1 2.03165E-1 1.37747E-1 3.57467E-3 2.47153E-2 8.06951E-3 5.48448E-4 1.43888E-4 1.2381E-4 1.57715E-4 8.77339E-4 2.91193E-3 5.11601E-4 5.61681E-5 1.45043E-5 4.57574E-6 2.04157E-5 4.89613E-5 1.82243E-4 2.34962E-3 1.38264E-2 3.46797E-2 2.21489E-2 -9999 8.93376E-2 -9999 -9999 -9999 -9999 -9999 -9999 7.09652E-3 1.54145E-2 2.50537E-3 1.81918E-4 1.66871E-5 7.62139E-6 4.64827E-5 1.45672E-5 3.99141E-4 3.82156E-3 6.25216E-3 2.19304E-2 3.17694E-2 1.17489E-2 2.03439E-2 2.68655E-2 -9999 -9999 -9999 -9999
0E0 0E0 0E0 0E0 0E0 0E0 6.30077E-1 0E0 0E0 7.16144E-1 7.53208E-1 6.07769E-1 7.89314E-1 0E0 0E0 0E0 0E0 0E0 0E0 0E0 0E0 0E0 9.49925E-1 9.35172E-1 8.29382E-1 6.40542E-1 2.31758E-1 1.39446E-1 1.55237E-1 1.38224E-1 8.41669E-2 1.07232E-1 3.23416E-3 4.73066E-4 7.98644E-4 2.7483E-4 1.26389E-4 8.19643E-4 1.3785E-3 2.28706E-4 1.25604E-5 3.29826E-6 3.89446E-6 1.30131E-5 2.35828E-5 1.52784E-4 1.21147E-3 1.17308E-2 2.37009E-2 6.45279E-2 5.30929E-2 3.24465E-1 -9999 -9999 -9999 -9999 -9999 -9999 3.62016E-3 5.5289E-3 6.30193E-4 1.18066E-4 3.71914E-5 8.52614E-6 6.19917E-5 2.71033E-4 8.01401E-4 2.25077E-3 2.36328E-3 5.63833E-3 1.75014E-2 2.55032E-2 -9999 -9999 -9999 -9999 -9999 -9999
0E0 0E0 0E0 0E0 0E0 0E0 5.86936E-1 0E0 0E0 0E0 6.97711E-1 3.94257E-1 5.84527E-1 0E0 0E0 0E0 0E0 0E0 0E0 0E0 0E0 0E0 0E0 9.03921E-1 5.73085E-1 6.01789E-1 4.5803E-1 2.74287E-1 1.88465E-1 1.75051E-1 1.22201E-1 6.99336E-2 6.88549E-3 4.68685E-3 2.02451E-3 3.07659E-4 1.02951E-3 2.07084E-4 1.73372E-4 2.32076E-5 4.71391E-6 3.165E-6 3.07213E-6 1.42253E-5 2.06986E-4 8.28842E-5 1.50577E-3 9.75682E-3 1.08684E-2 3.30051E-2 9.49627E-2 9.84292E-2 -9999 -9999 -9999 -9999 -9999 -9999 -9999 6.90498E-3 1.39404E-3 6.23746E-5 1.75464E-5 6.144E-6 3.05679E-5 1.46309E-4 3.59572E-4 1.45657E-4 5.80261E-4 4.37266E-3 2.08156E-2 6.78566E-2 -9999 -9999 -9999 -9999 -9999 -9999
0E0 0E0 0E0 0E0 0E0 0E0 0E0 0E0 0E0 0E0 6.07826E-1 3.65065E-1 6.71611E-1 0E0 0E0 0E0 0E0 0E0 0E0 0E0 0E0 0E0 0E0 9.39859E-1 6.6806E-1 3.52067E-1 3.521E-1 4.11984E-1 2.8823E-1 1.96461E-1 1.17063E-1 1.07407E-1 1.48398E-1 1.08071E-1 3.69563E-2 5.85981E-3 2.40228E-3 7.57596E-5 8.437E-6 6.30173E-6 1.95939E-6 2.92857E-6 7.34185E-6 1.06263E-5 1.80818E-4 7.642E-4 4.40272E-3 2.03583E-3 2.06856E-3 1.54461E-2 2.6764E-2 5.09033E-2 -9999 -9999 -9999 -9999 -9999 -9999 -9999 1.96608E-2 2.74381E-3 2.34554E-4 4.25368E-5 7.48644E-6 2.91214E-6 3.03814E-5 6.7639E-5 1.48127E-4 2.28587E-3 1.27458E-2 3.82773E-2 3.22739E-2 -9999 -9999 -9999 -9999 -9999 -9999
0E0 0E0 0E0 0E0 0E0 0E0 0E0 0E0 0E0 6.07975E-1 5.4472E-1 5.13205E-1 7.85537E-1 0E0 0E0 0E0 0E0 0E0 0E0 0E0 0E0 8.55491E-1 0E0 9.26407E-1 8.20015E-1 6.03272E-1 4.78887E-1 4.12892E-1 3.11162E-1 3.29456E-1 2.9918E-1 3.31623E-1 2.34564E-1 1.36086E-1 7.56965E-2 3.17105E-2 1.93535E-3 3.49274E-4 3.08486E-5 1.36249E-5 2.80623E-6 5.86911E-6 1.62361E-5 6.49609E-5 1.65216E-4 7.30485E-4 5.93831E-4 1.22803E-4 4.3894E-4 2.66795E-3 2.60284E-2 4.67044E-2 1.07131E-1 -9999 -9999 -9999 -9999 -9999 -9999 -9999 2.70293E-3 1.25723E-4 3.9595E-5 1.24881E-5 5.7236E-6 4.27484E-5 2.18459E-4 6.29092E-4 1.29947E-3 5.97006E-3 4.39119E-2 -9999 -9999 -9999 -9999 -9999 -9999 -9999
0E0 0E0 0E0 0E0 0E0 0E0 0E0 0E0 0E0 5.04286E-1 6.13627E-1 7.19943E-1 0E0 0E0 0E0 0E0 0E0 0E0 0E0 0E0 0E0 0E0 0E0 8.31359E-1 8.1971E-1 6.71289E-1 5.38857E-1 2.65482E-1 1.88633E-1 2.66328E-1 2.14386E-1 2.193E-1 1.7105E-1 1.46599E-2 8.8062E-3 1.20529E-3 3.00435E-4 4.18726E-4 3.91346E-5 1.44688E-5 5.82666E-6 4.89965E-6 9.00557E-6 1.80135E-5 7.21884E-5 7.04381E-4 2.29766E-4 3.77587E-5 1.54117E-4 1.00417E-2 6.54795E-2 3.8304E-2 3.06548E-2 -9999 -9999 -9999 -9999 -9999 -9999 -9999 7.78058E-4 1.40203E-4 2.6966E-5 1.93E-5 3.26575E-5 2.73247E-4 8.25832E-4 3.18199E-3 1.19247E-3 2.65486E-2 4.94524E-2 -9999 -9999 -9999 -9999 -9999 -9999 -9999
0E0 0E0 0E0 0E0 0E0 0E0 0E0 0E0 0E0 0E0 0E0 0E0 0E0 0E0 0E0 0E0 0E0 0E0 0E0 0E0 0E0 0E0 0E0 7.91876E-1 8.04792E-1 6.42926E-1 4.52438E-1 2.01234E-1 1.28496E-1 4.21101E-2 3.99295E-2 3.52809E-2 7.37962E-2 6.23071E-3 1.09554E-4 4.75746E-5 7.55706E-5 1.38308E-4 1.56563E-4 3.61151E-5 1.39504E-5 6.16608E-6 6.38412E-6 2.05819E-5 8.13062E-5 4.18844E-4 4.00217E-5 4.19741E-5 1.19288E-4 1.6492E-3 5.43E-3 4.46343E-3 1.52012E-2 9.65989E-3 -9999 -9999 -9999 -9999 -9999 -9999 -9999 9.85789E-5 1.7635E-5 3.36148E-5 2.74743E-4 6.71525E-4 2.62219E-3 7.07813E-3 8.63489E-3 5.44925E-2 -9999 -9999 -9999 -9999 -9999 -9999 -9999 -9999
0E0 0E0 0E0 0E0 0E0 0E0 0E0 0E0 0E0 0E0 0E0 0E0 0E0 0E0 0E0 0E0 0E0 0E0 0E0 0E0 0E0 0E0 0E0 5.66595E-1 6.22278E-1 6.88552E-1 4.28973E-1 2.6649E-1 3.74369E-2 5.86438E-3 2.95413E-3 1.27238E-3 8.27049E-4 1.93611E-4 2.41138E-5 7.64696E-6 1.22089E-5 2.56937E-5 4.95357E-5 7.75827E-5 2.07266E-5 6.18879E-6 6.352E-6 1.45089E-5 5.63407E-5 2.71246E-4 1.32022E-5 1.71883E-5 7.92783E-6 5.11676E-5 3.65394E-4 4.25049E-4 7.96559E-3 1.32035E-2 2.99847E-2 -9999 -9999 -9999 -9999 -9999 -9999 1.72482E-4 4.13926E-5 1.10731E-4 1.68857E-4 1.50246E-4 2.31595E-3 1.28923E-2 -9999 -9999 -9999 -9999 -9999 -9999 -9999 -9999 -9999 -9999
0E0 0E0 0E0 0E0 0E0 0E0 0E0 0E0 0E0 0E0 0E0 0E0 0E0 0E0 0E0 0E0 7.22317E-1 8.36392E-1 7.71957E-1 8.56039E-1 0E0 0E0 8.0448E-1 4.25904E-1 6.09651E-1 4.79425E-1 4.95928E-1 3.09207E-1 8.76241E-2 6.91794E-2 4.54533E-2 1.70829E-2 4.30871E-4 9.64277E-5 8.69972E-5 3.56484E-5 2.11023E-5 7.69521E-6 3.67597E-5 1.11942E-5 1.782E-5 1.12577E-5 4.60521E-6 1.04294E-5 1.064E-4 9.63175E-5 6.59979E-6 1.5513E-5 6.40327E-6 3.92606E-6 1.32632E-5 3.34777E-5 2.07601E-3 1.96987E-2 3.14608E-2 1.53304E-1 -9999 -9999 -9999 -9999 -9999 2.12982E-4 5.59831E-5 1.71738E-4 6.93945E-5 1.7589E-4 1.93861E-3 1.50444E-2 -9999 -9999 -9999 -9999 -9999 -9999 -9999 -9999 -9999 -9999
0E0 0E0 0E0 0E0 0E0 0E0 0E0 0E0 0E0 0E0 0E0 0E0 0E0 0E0 0E0 0E0 5.39367E-1 5.71111E-1 5.91784E-1 0E0 0E0 8.69528E-1 6.07985E-1 2.54975E-1 4.14986E-1 2.35689E-1 4.19392E-1 3.46032E-1 2.64702E-1 2.58904E-1 1.54432E-1 9.24979E-2 7.71077E-3 9.83656E-4 1.59093E-4 3.74424E-5 2.66605E-5 9.73085E-6 3.87021E-6 6.50357E-6 7.09594E-6 8.38742E-6 7.42946E-6 2.28565E-5 1.29823E-4 6.57487E-5 3.2814E-6 4.9441E-6 3.17501E-6 3.29334E-6 3.102E-5 2.3106E-4 6.70176E-3 2.81808E-2 4.97465E-2 7.01272E-2 -9999 -9999 -9999 -9999 -9999 8.45619E-4 5.30593E-4 5.73667E-4 1.07728E-3 1.33592E-3 1.11112E-2 -9999 -9999 -9999 -9999 -9999 -9999 4.62339E-2 -9999 -9999 -9999 -9999
0E0 0E0 0E0 0E0 0E0 0E0 0E0 0E0 0E0 0E0 0E0 0E0 0E0 0E0 5.66995E-1 4.98054E-1 6.15968E-1 6.82103E-1 0E0 7.91658E-1 8.11994E-1 7.89576E-1 6.53421E-1 3.62877E-1 2.48036E-1 1.39895E-1 1.87542E-1 2.24096E-1 2.02866E-1 6.63424E-2 8.57814E-3 3.16207E-3 4.31994E-3 9.56282E-4 2.58448E-4 2.49244E-4 1.24068E-4 1.72377E-5 7.36934E-6 5.91919E-6 4.4063E-6 4.75009E-6 5.30863E-6 7.35396E-6 1.84347E-5 3.99901E-5 5.20527E-6 3.72275E-6 5.396E-6 3.07522E-6 8.12767E-6 1.70161E-4 2.41936E-3 4.3725E-2 5.19474E-2 1.32208E-1 2.74156E-1 -9999 -9999 -9999 -9999 6.39903E-3 7.48364E-3 1.33132E-2 6.94346E-3 -9999 -9999 -9999 -9999 -9999 -9999 -9999 2.20845E-2 3.6119E-2 -9999 -9999 -9999 -9999
0E0 0E0 0E0 0E0 0E0 0E0 0E0 0E0 0E0 0E0 0E0 0E0 0E0 0E0 7.17535E-1 0E0 0E0 0E0 0E0 7.55678E-1 7.3232E-1 6.79076E-1 3.72671E-1 4.998E-1 4.45265E-1 1.7956E-1 8.1532E-2 5.66219E-2 3.07186E-2 2.42827E-2 2.94683E-3 1.39735E-4 7.14957E-4 1.59232E-3 6.6901E-4 2.89941E-4 2.33489E-4 5.3595E-5 2.27648E-5 7.77289E-6 5.33685E-6 7.21646E-6 4.7078E-6 7.60299E-6 3.50324E-6 8.55024E-6 4.54343E-6 4.8861E-6 1.1434E-5 3.84702E-6 8.75749E-6 1.12279E-4 2.39032E-3 2.63129E-2 5.99834E-2 1.09213E-1 1.73935E-1 -9999 -9999 -9999 -9999 2.00677E-2 -9999 -9999 -9999 -9999 -9999 -9999 -9999 -9999 2.86871E-2 2.71003E-2 1.75911E-2 2.81571E-2 -9999 -9999 -9999 4.18338E-3
0E0 0E0 0E0 0E0 0E0 0E0 0E0 0E0 0E0 0E0 0E0 0E0 0E0 0E0 0E0 0E0 0E0 0E0 0E0 0E0 5.07221E-1 3.90975E-1 1.15917E-1 2.12399E-1 4.53498E-1 2.73166E-1 1.12954E-1 9.95108E-2 4.65166E-2 8.46687E-3 3.33975E-3 2.46487E-4 7.07366E-5 3.10467E-4 8.97244E-5 9.23458E-5 4.18086E-5 2.64998E-5 2.31382E-5 9.80054E-6 5.21704E-6 8.83904E-6 6.73448E-6 7.33193E-6 5.27038E-6 4.23134E-6 6.17035E-6 1.78438E-5 6.33504E-6 3.19157E-6 3.31949E-6 2.58822E-5 5.95201E-4 4.09888E-3 3.85643E-2 1.39869E-1 -9999 -9999 -9999 -9999 -9999 -9999 -9999 -9999 -9999 -9999 -9999 -9999 -9999 -9999 2.78268E-2 1.62355E-2 2.24073E-2 2.39155E-2 -9999 -9999 -9999 2.00176E-3
