ENM/Final_Models/M_2_F_q_Set_1_NE/Gustavia_santanderiensis_9_Choco_novel.asc
ncols         367
nrows         963
xllcorner     -78.6
yllcorner     0.65
cellsize      0.00833333333333323
NODATA_value  -9999
[rows 810 to 839 of 963, columns 68 to 135 of 367]
-7.51269E1 -6.04061E1 -5.93909E1 -6.4467E1 -6.49746E1 -6.49746E1 -7.1066E1 -6.85279E1 -6.54822E1 -6.29442E1 -6.39594E1 -6.39594E1 -6.70051E1 -5.48223E1 -5.88832E1 -5.88832E1 -5.7868E1 -5.53299E1 -4.97462E1 -4.61929E1 -4.97462E1 -4.46701E1 -3.95939E1 -1.67513E1 -1.37056E1 3.99162E-2 9.97904E-2 9.97904E-2 5.98743E-2 1.99581E-2 -1.11675E1 -1.3198E1 -2.28426E1 -1.01523E1 -4.56853E0 -1.01523E1 1.99581E-2 9.97904E-2 1.19749E-1 4.98952E-1 3.87187E0 8.40236E0 1.15757E1 6.38659E0 4.73007E0 4.45065E0 8.04311E0 1.15757E0 2.39497E-1 1.79623E-1 3.99162E-2 7.78365E-1 9.83934E0 1.61661E0 2.39497E-1 3.99162E-2 1.05977E1 2.96777E1 3.3789E1 3.55454E1 3.90779E1 4.49257E1 4.9995E1 4.88774E1 5.60822E1 5.24299E1 5.31085E1 5.44457E1
-6.49746E1 -7.66497E1 -6.04061E1 -7.05584E1 -7.1066E1 -6.70051E1 -7.1066E1 -5.83756E1 -7.1066E1 -6.24365E1 -6.59898E1 -5.68528E1 -5.63452E1 -6.04061E1 -5.7868E1 -5.88832E1 -5.98985E1 -5.63452E1 -4.92386E1 -5.27919E1 -4.92386E1 -3.75635E1 -2.13198E1 -2.03046E0 3.99162E-2 5.98743E-2 1.79623E-1 1.79623E-1 3.99162E-2 3.99162E-2 -9.64467E0 -2.13198E1 -2.79188E1 -2.94416E1 -1.67513E1 -1.72589E1 1.99581E-2 3.99162E-2 1.99581E-2 1.99581E-2 6.18701E-1 1.49686E0 1.43299E1 3.29308E0 2.05568E0 9.77946E0 1.56072E1 2.39697E1 1.51881E1 1.22942E1 9.16076E0 1.21944E1 1.92196E1 1.84413E1 7.18491E0 4.11137E0 1.43299E1 2.85401E1 3.28111E1 4.19319E1 4.85381E1 4.93963E1 4.59435E1 4.67818E1 4.93963E1 5.24299E1 3.94372E1 6.97336E1
-6.80203E1 -6.39594E1 -7.36041E1 -6.24365E1 -7.25888E1 -7.15736E1 -6.59898E1 -5.73604E1 -5.63452E1 -5.53299E1 -5.27919E1 -6.54822E1 -6.04061E1 -6.29442E1 -4.82234E1 -5.07614E1 -5.83756E1 -5.53299E1 -4.36548E1 -4.82234E1 -4.31472E1 -2.2335E1 -5.07614E0 3.99162E-2 5.98743E-2 1.39707E-1 1.79623E-1 1.99581E-2 -1.01523E0 -1.3198E1 -1.5736E1 -3.50254E1 -1.62437E1 -2.50714E0 2.99371E-1 5.58826E-1 1.25736E0 6.02734E0 1.69644E0 1.93593E0 3.19329E-1 1.93593E0 2.05568E0 1.49686E0 2.31514E0 3.93174E0 1.8102E1 2.09959E1 1.99581E1 2.56461E1 3.45275E1 3.45275E1 2.05768E1 1.98783E1 2.73027E1 1.54276E1 1.27931E1 3.07355E1 2.9538E1 3.99761E1 3.80202E1 4.22513E1 5.95949E1 5.13921E1 5.70402E1 4.9995E1 3.68626E1 6.33869E1
-6.39594E1 -6.4467E1 -6.80203E1 -6.75127E1 -6.59898E1 -6.49746E1 -6.4467E1 -6.49746E1 -6.75127E1 -6.70051E1 -6.14213E1 -6.09137E1 -5.48223E1 -5.98985E1 -4.61929E1 -5.02538E1 -5.22843E1 -5.98985E1 -5.38071E1 -4.67005E1 -4.31472E1 -2.28426E1 -1.42132E1 -5.58376E0 3.99162E-2 3.99162E-2 5.98743E-2 -5.07614E0 -1.9797E1 -3.45178E1 -4.06091E1 -1.77665E1 4.39078E-1 5.98743E-2 7.78365E-1 1.49686E0 1.13761E0 4.45065E0 3.87187E0 2.7143E0 1.72438E1 2.31514E0 2.31514E0 1.43698E1 6.30676E0 2.99371E0 4.59036E0 8.92127E0 2.02175E1 1.53677E1 2.94981E1 3.22922E1 2.22333E1 1.11765E1 9.1408E0 1.44097E1 2.77817E1 3.51063E1 2.83405E1 3.65433E1 3.81199E1 3.48069E1 3.13542E1 3.6204E1 3.75811E1 3.51861E1 4.26903E1 6.73785E1
-5.68528E1 -5.58376E1 -4.77157E1 -5.43147E1 -6.04061E1 -5.98985E1 -5.22843E1 -5.1269E1 -6.39594E1 -6.09137E1 -5.1269E1 -5.73604E1 -5.53299E1 -5.32995E1 -4.61929E1 -4.92386E1 -5.1269E1 -5.07614E1 -5.73604E1 -5.48223E1 -5.07614E1 -3.5533E1 -3.14721E1 -2.28426E1 -1.06599E1 -4.56853E0 -9.64467E0 -1.87817E1 -3.95939E1 -3.29949E1 -2.69036E1 -9.64467E0 3.59246E-1 -1.21827E1 -2.53807E0 4.45065E0 4.98952E0 8.18282E-1 1.15757E0 1.63656E0 1.33719E1 2.25526E0 8.94122E0 1.69444E1 1.93593E1 1.21944E1 3.65233E0 2.99371E0 2.9538E0 1.44097E1 3.29109E1 2.08163E1 1.94192E1 9.83934E0 9.1408E0 1.67049E1 2.67239E1 2.08163E1 2.08163E1 3.29109E1 1.79623E1 2.42291E1 4.65822E1 4.53647E1 4.10338E1 5.04141E1 2.68436E1 3.67229E1
-4.8731E1 -4.92386E1 -3.80711E1 -4.61929E1 -5.22843E1 -5.22843E1 -4.56853E1 -5.22843E1 -4.67005E1 -5.68528E1 -6.09137E1 -6.39594E1 -5.48223E1 -5.1269E1 -5.7868E1 -4.82234E1 -4.92386E1 -5.1269E1 -6.04061E1 -5.1269E1 -4.67005E1 -3.35025E1 -2.2335E1 -2.28426E1 -1.42132E1 -2.63959E1 -3.35025E1 -2.84264E1 -8.60044E0 -8.62944E0 1.99581E-2 -2.43655E1 -1.01523E1 -1.62437E1 -1.01523E0 1.99581E-2 2.31514E0 1.79623E0 1.93593E0 1.13761E0 3.5725E0 4.98952E0 1.63656E0 4.67019E0 1.19549E1 2.09959E1 1.34318E1 1.51681E1 2.9538E0 3.65233E0 1.10767E1 9.16076E0 8.40236E0 1.20946E1 6.36663E0 1.44497E1 1.67049E1 2.20736E1 5.30885E0 1.20148E1 1.69843E1 3.07355E1 3.97565E1 5.02345E1 4.78994E1 2.85401E1 3.87386E1 2.84403E1
-4.8731E1 -4.8731E1 -3.85787E1 -3.80711E1 -5.32995E1 -5.27919E1 -3.5533E1 -4.36548E1 -4.61929E1 -5.63452E1 -5.68528E1 -6.34518E1 -6.09137E1 -5.88832E1 -5.83756E1 -5.58376E1 -5.1269E1 -5.07614E1 -5.53299E1 -5.63452E1 -5.43147E1 -3.5533E1 -4.01015E1 -3.65482E1 -3.09645E1 -3.29949E1 -4.56853E1 -3.09645E1 -3.04569E0 9.97904E-2 -2.18274E1 -1.72589E1 -1.3198E1 -1.3198E1 3.99162E-2 3.99162E-2 1.13761E0 4.11137E0 2.7143E0 7.58407E-1 4.11137E0 6.30676E0 8.78156E-1 2.05568E0 6.82567E0 1.53677E1 -9999 -9999 -9999 -9999 6.38659E0 9.95909E0 1.78425E1 -9999 -9999 -9999 -9999 6.40655E0 6.98533E0 2.42291E1 2.41493E1 2.6664E1 3.15937E1 4.5245E1 3.27512E1 3.53258E1 3.30506E1 4.3329E1
-4.92386E1 -3.80711E1 -4.56853E1 -4.46701E1 -4.41624E1 -4.31472E1 -3.40102E1 -3.29949E1 -4.82234E1 -4.61929E1 -5.17766E1 -5.98985E1 -5.98985E1 -5.7868E1 -5.7868E1 -4.8731E1 -4.72081E1 -4.77157E1 -4.56853E1 -4.92386E1 -4.31472E1 -5.22843E1 -4.56853E1 -4.67005E1 -4.2132E1 -3.90863E1 -3.65482E1 -1.3198E1 -1.11675E1 -3.5533E0 -1.21827E1 -1.01523E1 -4.06091E0 -9.13706E0 3.99162E-2 9.97904E-2 -3.5533E0 3.19329E-1 7.78365E-1 8.3824E-1 1.79623E0 1.25736E0 1.25736E0 2.31514E0 1.11765E1 1.67049E1 -9999 -9999 -9999 -9999 -9999 6.82567E0 -9999 -9999 -9999 -9999 -9999 -9999 4.94961E0 1.03183E1 1.79423E1 1.03183E1 3.27512E1 1.88005E1 1.55474E1 2.22533E1 2.85401E1 6.13312E1
-4.97462E1 -3.90863E1 -5.27919E1 -5.38071E1 -5.32995E1 -5.22843E1 -4.26396E1 -3.09645E1 -2.94416E1 -2.94416E1 -2.84264E1 -3.75635E1 -4.41624E1 -5.68528E1 -5.58376E1 -4.77157E1 -4.31472E1 -3.70558E1 -3.29949E1 -3.5533E1 -2.94416E1 -4.11168E1 -4.51777E1 -3.35025E1 -2.8934E1 -1.21827E1 -1.16751E1 -1.3198E1 -1.87817E1 -1.42132E1 -1.01523E1 -2.03046E1 -9.64467E0 -6.09137E0 -5.07614E0 -1.52284E0 1.99581E-2 1.99581E-2 -1.06599E1 1.79623E-1 1.49686E0 2.31514E0 4.11137E0 3.03363E0 9.67967E0 1.19549E1 -9999 -9999 -9999 -9999 -9999 -9999 -9999 -9999 -9999 -9999 -9999 -9999 1.02585E1 5.28889E0 1.44497E1 5.30885E0 2.41493E1 4.06746E1 1.69245E1 2.9538E1 3.65433E1 4.63626E1
-5.53299E1 -5.38071E1 -5.38071E1 -6.24365E1 -6.14213E1 -5.38071E1 -5.48223E1 -4.36548E1 -3.29949E1 -3.29949E1 -4.2132E1 -4.51777E1 -4.51777E1 -5.07614E1 -5.48223E1 -4.72081E1 -4.06091E1 -2.74112E1 -3.09645E1 -2.79188E1 -1.87817E1 -3.09645E1 -3.65482E1 -3.70558E1 -3.75635E1 -2.84264E1 -2.53807E1 -3.09645E1 -3.5533E0 -2.03046E1 -1.26904E1 -1.16751E1 -1.92893E1 -1.62437E1 -3.04569E0 1.99581E-2 5.98743E-2 1.99581E-2 -1.87817E1 -2.69036E1 2.99371E0 1.26734E1 9.67967E0 1.3831E1 -9999 -9999 -9999 -9999 -9999 -9999 -9999 -9999 -9999 -9999 -9999 -9999 -9999 -9999 2.22333E1 4.8099E0 5.28889E0 1.67049E1 3.97565E1 3.63437E1 2.54266E1 3.29907E1 5.49646E1 4.5245E1
-6.09137E1 -6.19289E1 -6.49746E1 -6.39594E1 -5.98985E1 -5.48223E1 -5.48223E1 -6.19289E1 -5.68528E1 -5.02538E1 -4.82234E1 -4.61929E1 -5.27919E1 -5.27919E1 -5.43147E1 -5.17766E1 -4.51777E1 -4.56853E1 -4.2132E1 -3.35025E1 -2.63959E1 -3.04569E1 -4.46701E1 -2.94416E1 -2.13198E1 -2.08122E1 -1.47208E1 -3.19797E1 -2.48731E1 -2.18274E1 -1.87817E1 -1.72589E1 -8.12183E0 -1.77665E1 -4.06091E0 1.99581E-2 1.99581E-2 -3.04569E0 -1.37056E1 1.99581E-2 1.93593E0 1.16555E1 5.36873E0 2.7143E0 9.67967E0 -9999 -9999 -9999 -9999 -9999 -9999 -9999 -9999 -9999 -9999 -9999 -9999 -9999 2.56461E1 1.44097E1 8.18282E0 1.34717E1 3.17533E1 5.02345E1 4.09141E1 3.76809E1 5.1452E1 6.15308E1
-5.7868E1 -6.19289E1 -6.09137E1 -6.04061E1 -4.72081E1 -5.73604E1 -6.24365E1 -6.19289E1 -5.48223E1 -5.53299E1 -5.43147E1 -5.32995E1 -5.68528E1 -5.27919E1 -5.27919E1 -4.97462E1 -4.72081E1 -5.02538E1 -4.16244E1 -3.90863E1 -3.80711E1 -3.19797E1 -3.80711E1 -2.8934E1 -2.48731E1 -3.80711E1 -2.18274E1 -1.5736E1 -1.06599E1 -1.67513E1 -2.84264E1 -2.2335E1 -8.12183E0 -9.13706E0 -9.64467E0 -5.58376E0 -5.58376E0 1.99581E-2 -3.5533E0 -1.37056E1 3.99162E-2 4.39078E-1 3.99162E-2 1.99581E-2 1.99581E-2 7.88344E0 -9999 -9999 -9999 -9999 -9999 -9999 -9999 -9999 -9999 -9999 -9999 -9999 2.45085E1 2.09959E1 4.76998E0 1.27931E1 2.85401E1 4.13532E1 4.03752E1 5.15118E1 5.28091E1 6.17902E1
-6.80203E1 -5.98985E1 -5.38071E1 -5.58376E1 -5.98985E1 -5.98985E1 -5.7868E1 -6.19289E1 -5.38071E1 -4.92386E1 -5.38071E1 -5.17766E1 -5.43147E1 -5.7868E1 -4.51777E1 -4.8731E1 -5.17766E1 -4.51777E1 -3.75635E1 -4.26396E1 -2.99492E1 -2.53807E1 -2.84264E1 -2.28426E1 -2.99492E1 -2.74112E1 -3.09645E1 -1.72589E1 -1.37056E1 -5.07614E0 -1.52284E1 -1.5736E1 -1.42132E1 -1.26904E1 -1.16751E1 1.99581E-2 3.99162E-2 3.99162E-2 -1.52284E0 1.99581E-2 1.99581E-2 -1.01523E0 3.99162E-2 3.99162E-2 1.99581E-2 7.58407E-1 8.18282E0 -9999 -9999 -9999 -9999 -9999 -9999 -9999 -9999 -9999 -9999 -9999 3.12743E1 1.67049E1 1.11765E1 7.5242E0 2.85401E1 3.55653E1 3.77208E1 6.18501E1 5.16116E1 6.07724E1
-7.00508E1 -6.64975E1 -5.48223E1 -5.43147E1 -5.27919E1 -5.73604E1 -5.68528E1 -5.53299E1 -5.32995E1 -4.06091E1 -5.07614E1 -5.27919E1 -5.38071E1 -4.46701E1 -4.46701E1 -4.82234E1 -5.27919E1 -4.51777E1 -2.53807E1 -2.94416E1 -2.63959E1 -3.29949E1 -2.69036E1 -3.60406E1 -3.90863E1 -2.99492E1 -2.53807E1 -1.52284E1 -7.1066E0 -1.82741E1 -2.99492E1 -2.94416E1 -1.37056E1 -2.03046E1 -5.07614E-1 3.99162E-2 3.99162E-2 3.99162E-2 1.99581E-2 1.99581E-2 1.99581E-2 -5.07614E-1 5.98743E-2 5.98743E-2 9.97904E-2 5.58826E-1 5.94751E0 -9999 -9999 -9999 -9999 -9999 -9999 -9999 -9999 -9999 -9999 -9999 3.02565E1 2.47081E1 2.4309E1 1.98783E1 2.79812E1 2.85401E1 3.51063E1 4.85381E1 4.67818E1 6.45245E1
-7.00508E1 -6.80203E1 -6.49746E1 -5.73604E1 -5.68528E1 -5.07614E1 -5.02538E1 -4.92386E1 -4.72081E1 -3.95939E1 -4.92386E1 -4.67005E1 -4.61929E1 -4.56853E1 -4.51777E1 -4.26396E1 -4.8731E1 -3.65482E1 -3.85787E1 -4.46701E1 -3.24873E1 -3.35025E1 -3.75635E1 -3.19797E1 -3.60406E1 -2.38579E1 -2.38579E1 -1.62437E1 -1.3198E1 -1.3198E1 -2.48731E1 -2.28426E1 -2.43655E1 -6.59898E0 -5.07614E-1 3.99162E-2 1.99581E-2 1.99581E-2 -4.56853E0 -4.56853E0 1.99581E-2 3.99162E-2 3.99162E-2 3.99162E-2 5.98743E-2 7.58407E-1 1.34318E1 -9999 -9999 -9999 -9999 -9999 -9999 -9999 -9999 -9999 -9999 -9999 4.91568E1 2.09959E1 3.94372E1 3.45275E1 3.89781E1 3.20527E1 4.43668E1 4.39278E1 5.60822E1 6.60613E1
-6.49746E1 -6.49746E1 -6.54822E1 -6.49746E1 -6.49746E1 -6.34518E1 -6.14213E1 -5.43147E1 -5.32995E1 -4.72081E1 -5.32995E1 -5.17766E1 -5.17766E1 -5.53299E1 -5.22843E1 -3.85787E1 -3.75635E1 -4.26396E1 -4.56853E1 -3.40102E1 -3.19797E1 -2.08122E1 -2.18274E1 -1.92893E1 -3.85787E1 -3.04569E1 -2.18274E1 -6.59898E0 -1.01523E1 -1.67513E1 -1.37056E1 -1.47208E1 -8.62944E0 -7.61421E0 -5.58376E0 -3.04569E0 1.99581E-2 1.99581E-2 1.99581E-2 1.99581E-2 1.99581E-2 -1.01523E0 -6.09137E0 1.99581E-2 3.99162E-2 6.38659E0 1.01786E1 -9999 -9999 -9999 -9999 -9999 -9999 -9999 -9999 -9999 -9999 -9999 -9999 3.7162E1 3.22722E1 4.5225E1 3.80202E1 4.5225E1 6.83565E1 6.4784E1 5.01547E1 5.63616E1
-6.04061E1 -6.54822E1 -6.54822E1 -6.54822E1 -5.7868E1 -6.34518E1 -6.14213E1 -6.24365E1 -5.53299E1 -4.97462E1 -4.72081E1 -5.43147E1 -5.38071E1 -4.26396E1 -4.06091E1 -3.45178E1 -3.80711E1 -4.11168E1 -1.26904E1 -1.01523E1 -1.42132E1 -2.08122E1 -1.47208E1 -2.2335E1 -2.38579E1 -1.92893E1 -1.5736E1 -9.13706E0 -6.09137E0 -1.52284E1 -1.47208E1 -1.37056E1 -9.13706E0 -7.1066E0 -7.61421E0 -2.03046E0 1.99581E-2 7.58407E-1 2.39497E-1 -3.04569E0 -1.01523E0 1.99581E-2 1.99581E-2 1.79623E-1 9.57988E-1 2.99371E0 1.13761E0 9.97904E-2 -9999 -9999 -9999 -9999 -9999 -9999 -9999 -9999 -9999 -9999 4.51652E1 3.2372E1 3.36493E1 3.96567E1 4.1892E1 4.67818E1 5.58028E1 5.7639E1 6.17304E1 5.07135E1
-5.58376E1 -6.19289E1 -5.73604E1 -5.53299E1 -5.83756E1 -5.93909E1 -5.7868E1 -5.58376E1 -4.77157E1 -4.67005E1 -4.01015E1 -4.06091E1 -3.95939E1 -3.09645E1 -3.09645E1 -3.09645E1 -3.04569E1 -2.99492E1 -1.67513E1 -4.56853E0 1.99581E-2 -3.04569E0 -1.52284E1 -2.69036E1 -2.48731E1 -2.53807E1 -2.03046E1 -1.67513E1 -1.06599E1 -1.01523E1 -1.87817E1 -2.03046E1 -1.37056E1 -1.01523E1 -7.61421E0 -1.01523E0 1.99581E-2 -9.13706E0 1.99581E-2 1.99581E-2 1.99581E-2 -3.04569E0 1.99581E-2 3.99162E-2 9.97904E-2 9.97904E-2 9.97904E-2 4.98952E-1 1.61261E1 -9999 -9999 -9999 -9999 -9999 -9999 -9999 -9999 -9999 3.39088E1 3.01766E1 4.06945E1 3.97166E1 3.80202E1 3.80202E1 4.67818E1 4.63028E1 5.43259E1 5.8078E1
-5.63452E1 -5.98985E1 -6.49746E1 -6.14213E1 -5.63452E1 -5.43147E1 -5.17766E1 -4.31472E1 -4.2132E1 -3.50254E1 -2.74112E1 -3.95939E1 -3.60406E1 -3.09645E1 -2.08122E1 -2.8934E1 -3.65482E1 -2.8934E1 -2.79188E1 -1.42132E1 3.99162E-2 5.98743E-2 -1.52284E0 -9.13706E0 -2.2335E1 -2.69036E1 -3.50254E1 -3.24873E1 -2.48731E1 -1.06599E1 -2.13198E1 -1.92893E1 -2.48731E1 -1.52284E1 -1.52284E0 -1.52284E0 -2.53807E0 -4.06091E0 -3.04569E0 1.99581E-2 1.99581E-2 3.99162E-2 9.97904E-2 2.39497E-1 9.97904E-2 1.99581E-1 1.69843E1 3.18731E1 2.79812E1 3.06157E1 -9999 -9999 -9999 -9999 -9999 -9999 -9999 -9999 -9999 2.60852E1 1.99581E1 2.44487E1 3.58647E1 4.16126E1 4.96358E1 3.97366E1 3.97366E1 6.05928E1
-5.07614E1 -5.53299E1 -5.98985E1 -5.83756E1 -5.83756E1 -5.7868E1 -5.32995E1 -4.26396E1 -4.16244E1 -3.65482E1 -2.48731E1 -4.61929E1 -4.26396E1 -3.60406E1 -2.03046E1 -2.13198E1 -3.19797E1 -2.03046E1 -3.04569E1 -1.92893E1 1.99581E-2 5.98743E-2 3.99162E-2 3.99162E-2 -8.62944E0 -1.37056E1 -2.08122E1 -1.77665E1 -1.5736E1 -1.26904E1 -9.64467E0 -9.13706E0 -1.47208E1 -1.3198E1 -1.37056E1 -7.61421E0 -1.37056E1 1.99581E-2 -5.07614E-1 -4.56853E0 1.99581E-2 3.99162E-2 3.99162E-2 2.19539E-1 4.39078E-1 4.45065E0 3.49267E1 3.32701E1 2.62848E1 2.63247E1 -9999 -9999 -9999 -9999 -9999 -9999 -9999 -9999 -9999 -9999 2.87995E1 2.22333E1 3.58647E1 3.94372E1 2.96378E1 3.99761E1 3.50464E1 4.55643E1
-5.27919E1 -5.73604E1 -5.63452E1 -4.92386E1 -5.27919E1 -4.8731E1 -4.46701E1 -3.75635E1 -4.01015E1 -2.94416E1 -4.11168E1 -4.8731E1 -4.16244E1 -2.38579E1 -9.13706E0 -2.08122E1 -3.40102E1 -3.19797E1 -1.5736E1 -1.06599E1 1.99581E-2 5.98743E-2 5.98743E-2 3.99162E-2 -8.12183E0 -1.26904E1 -2.08122E1 -1.9797E1 -1.62437E1 -5.07614E0 1.99581E-2 1.99581E-2 -8.62944E0 -1.47208E1 -1.26904E1 -1.52284E1 -9.64467E0 3.99162E-2 1.99581E-2 3.99162E-2 1.99581E-2 5.98743E-2 3.19329E-1 6.58617E-1 9.57988E-1 1.36513E1 3.59445E1 3.62239E1 2.96777E1 3.00369E1 2.4768E1 -9999 -9999 -9999 -9999 -9999 -9999 -9999 -9999 -9999 -9999 -9999 2.78814E1 3.0935E1 3.58647E1 4.41672E1 4.31893E1 4.40076E1
-5.32995E1 -4.36548E1 -3.85787E1 -4.06091E1 -3.75635E1 -3.5533E1 -3.19797E1 -3.90863E1 -3.50254E1 -3.40102E1 -4.77157E1 -4.82234E1 -3.5533E1 -2.63959E1 -1.52284E1 -1.87817E1 -3.90863E1 -3.60406E1 -2.74112E1 -1.01523E1 -5.07614E-1 1.99581E-2 5.98743E-2 9.97904E-2 1.99581E-2 1.99581E-2 -1.01523E1 -1.87817E1 -1.47208E1 1.99581E-2 1.99581E-2 1.99581E-2 -1.11675E1 -1.21827E1 -4.06091E0 -8.12183E0 -5.07614E-1 1.99581E-2 3.99162E-2 9.97904E-2 9.97904E-2 1.79623E-1 1.79623E-1 3.19329E-1 7.78365E-1 1.13761E0 3.17932E1 2.63846E1 1.05778E1 1.38509E1 1.10767E1 3.29508E1 2.65243E1 -9999 -9999 -9999 -9999 -9999 -9999 -9999 -9999 -9999 -9999 4.28301E1 3.10747E1 3.6184E1 4.06945E1 4.17723E1
-4.11168E1 -3.75635E1 -4.82234E1 -4.26396E1 -3.14721E1 -3.40102E1 -3.50254E1 -2.69036E1 -3.75635E1 -4.61929E1 -4.8731E1 -3.29949E1 -2.28426E1 -2.69036E1 -1.72589E1 -1.77665E1 -3.19797E1 -2.79188E1 -3.14721E1 -3.19797E1 -1.52284E1 -4.06091E0 3.99162E-2 3.99162E-2 5.98743E-2 5.98743E-2 -5.07614E-1 -1.47208E1 -9.13706E0 -2.53807E0 -7.1066E0 -1.21827E1 -1.5736E1 -9.64467E0 -8.12183E0 -5.58376E0 1.99581E-2 1.19749E-1 2.39497E-1 6.58617E-1 4.39078E-1 2.39497E-1 1.79623E-1 3.79204E-1 6.58617E-1 7.08512E0 2.59256E1 1.69245E1 4.39078E-1 3.79204E-1 3.79204E-1 1.60463E1 3.32701E1 3.53258E1 -9999 -9999 -9999 -9999 -9999 -9999 -9999 -9999 -9999 -9999 5.40265E1 6.51033E1 5.43858E1 5.67808E1
-5.43147E1 -5.38071E1 -5.02538E1 -4.56853E1 -4.31472E1 -4.51777E1 -4.67005E1 -3.09645E1 -5.32995E1 -4.41624E1 -2.69036E1 -1.11675E1 -8.12183E0 -1.42132E1 -2.79188E1 -1.77665E1 -1.62437E1 -6.09137E0 -1.06599E1 -1.72589E1 -1.82741E1 -9.64467E0 -8.12183E0 1.99581E-2 3.99162E-2 5.98743E-2 1.99581E-2 -3.04569E0 -7.61421E0 -9.64467E0 -2.48731E1 -2.03046E1 -1.82741E1 -1.42132E1 -1.3198E1 -5.58376E0 1.99581E-2 3.59246E-1 6.58617E-1 8.18282E-1 8.3824E-1 7.58407E-1 6.58617E-1 6.58617E-1 7.58407E-1 1.93593E0 4.11137E0 2.05568E0 1.99581E-1 2.39497E-1 1.13761E0 1.05977E1 5.07135E1 3.92775E1 2.42491E1 -9999 -9999 -9999 -9999 -9999 -9999 -9999 -9999 -9999 4.78196E1 6.22493E1 5.07135E1 5.30087E1
-5.93909E1 -6.14213E1 -5.32995E1 -4.8731E1 -4.56853E1 -5.27919E1 -5.38071E1 -4.72081E1 -5.22843E1 -3.80711E1 -2.74112E1 -2.43655E1 -1.72589E1 -2.38579E1 -2.13198E1 -1.42132E1 -8.62944E0 -2.53807E0 1.99581E-2 1.99581E-2 -6.59898E0 -1.26904E1 -3.04569E0 1.99581E-2 5.98743E-2 5.98743E-2 3.99162E-2 -1.67513E1 -2.2335E1 -2.03046E1 -2.63959E1 -2.99492E1 -2.58883E1 -1.5736E1 -5.58376E0 1.99581E-2 2.19539E-1 4.98952E-1 7.58407E-1 6.78575E-1 5.58826E-1 8.78156E-1 7.58407E-1 1.39707E0 2.05568E0 2.31514E0 7.78365E-1 7.78365E-1 3.59246E-1 1.05977E1 2.59256E1 3.62638E1 3.62638E1 4.07345E1 3.58248E1 4.15527E1 -9999 -9999 -9999 -9999 -9999 -9999 -9999 -9999 -9999 5.76589E1 4.58437E1 5.67408E1
-5.7868E1 -6.09137E1 -6.04061E1 -5.17766E1 -5.38071E1 -5.32995E1 -5.48223E1 -4.8731E1 -4.8731E1 -4.77157E1 -4.26396E1 -3.65482E1 -2.74112E1 -3.95939E1 -2.69036E1 -1.01523E1 -5.07614E-1 -1.52284E0 1.99581E-2 3.99162E-2 1.99581E-2 -4.06091E0 -5.07614E0 1.99581E-2 3.99162E-2 3.99162E-2 1.99581E-2 -1.3198E1 -2.94416E1 -2.94416E1 -2.8934E1 -2.28426E1 -1.87817E1 -7.61421E0 1.99581E-2 1.39707E-1 3.99162E-1 6.78575E-1 9.97904E-1 4.98952E-1 9.97904E-2 5.36873E0 1.13761E0 1.39707E0 5.64814E0 8.40236E0 6.62609E0 4.98952E0 1.13761E0 3.21724E1 1.91797E1 2.59256E1 2.2852E1 2.89392E1 4.07345E1 4.82387E1 4.53248E1 -9999 -9999 -9999 -9999 -9999 -9999 -9999 -9999 4.23111E1 5.65413E1 6.17304E1
-6.04061E1 -6.19289E1 -6.19289E1 -5.83756E1 -5.43147E1 -5.53299E1 -5.88832E1 -5.48223E1 -5.38071E1 -4.51777E1 -4.51777E1 -4.61929E1 -3.29949E1 -3.75635E1 -2.63959E1 -2.28426E1 -9.13706E0 -4.06091E0 1.99581E-2 1.99581E-2 1.99581E-2 1.99581E-2 -8.62944E0 -3.5533E0 -5.07614E-1 3.99162E-2 1.99581E-2 -1.11675E1 -3.40102E1 -3.75635E1 -2.69036E1 -1.87817E1 -1.77665E1 -1.01523E1 1.99581E-2 1.79623E-1 3.99162E-1 7.58407E-1 8.18282E-1 4.39078E-1 3.99162E-1 2.89392E1 2.59256E1 4.45065E0 1.46692E1 1.73436E1 2.00978E1 1.14759E1 1.10568E1 2.00978E1 1.73436E1 1.91797E1 1.46692E1 2.00978E1 2.59256E1 3.62638E1 5.07135E1 3.94571E1 4.94162E1 -9999 -9999 -9999 -9999 -9999 -9999 3.98164E1 4.58836E1 5.24698E1
-6.34518E1 -6.4467E1 -6.34518E1 -6.4467E1 -6.09137E1 -6.04061E1 -5.68528E1 -5.68528E1 -5.58376E1 -4.51777E1 -3.70558E1 -3.85787E1 -4.36548E1 -4.11168E1 -2.08122E1 -1.16751E1 -6.09137E0 -1.01523E0 1.99581E-2 3.99162E-2 1.99581E-2 1.99581E-2 1.99581E-2 -7.61421E0 -6.59898E0 1.99581E-2 1.99581E-2 -2.43655E1 -3.24873E1 -1.62437E1 -5.07614E0 -5.58376E0 -2.53807E0 1.99581E-2 3.99162E-2 2.79413E-1 5.58826E-1 7.78365E-1 7.78365E-1 3.19329E-1 2.59256E1 1.02385E1 2.2852E1 1.46692E1 1.46692E1 1.46692E1 1.46692E1 1.46692E1 2.2852E1 1.73436E1 1.27732E1 1.27732E1 1.27732E1 1.46692E1 1.91797E1 2.89392E1 4.07345E1 4.20916E1 4.59435E1 4.5704E1 -9999 2.1914E1 -9999 -9999 -9999 -9999 -9999 -9999
-6.70051E1 -6.4467E1 -6.19289E1 -6.49746E1 -6.14213E1 -5.68528E1 -5.73604E1 -5.83756E1 -5.63452E1 -5.17766E1 -3.29949E1 -2.69036E1 -1.77665E1 -1.47208E1 -1.42132E1 -4.56853E0 1.99581E-2 -4.06091E0 -1.52284E0 1.99581E-2 1.99581E-2 3.99162E-2 1.99581E-2 -6.59898E0 -1.5736E1 -1.5736E1 -2.38579E1 -3.70558E1 -3.35025E1 -1.67513E1 -1.21827E1 -4.56853E0 1.99581E-2 3.99162E-2 1.39707E-1 2.39497E-1 7.58407E-1 8.3824E-1 7.78365E-1 7.78365E-1 8.3824E-1 8.78156E-1 1.46692E1 1.46692E1 1.46692E1 1.27732E1 1.27732E1 1.27732E1 1.46692E1 1.46692E1 1.12164E1 1.00589E1 1.00589E1 1.27732E1 1.91797E1 2.59256E1 3.62638E1 4.37481E1 4.47061E1 3.24918E1 2.63048E1 1.64654E1 -9999 -9999 -9999 -9999 -9999 -9999
-6.80203E1 -7.05584E1 -6.64975E1 -6.59898E1 -6.59898E1 -6.80203E1 -6.19289E1 -5.93909E1 -5.53299E1 -5.22843E1 -4.67005E1 -2.79188E1 -1.77665E1 -1.01523E1 -9.64467E0 -4.56853E0 1.99581E-2 -4.06091E0 -6.09137E0 -2.53807E0 1.99581E-2 9.97904E-2 5.98743E-2 -2.03046E0 -2.08122E1 -3.40102E1 -4.01015E1 -3.35025E1 -3.24873E1 -2.28426E1 -2.8934E1 -1.67513E1 -4.56853E0 3.99162E-2 1.79623E-1 2.99371E-1 4.39078E-1 7.58407E-1 8.18282E-1 7.78365E-1 8.78156E-1 9.97904E-1 1.46692E1 1.73436E1 1.46692E1 1.27732E1 1.27732E1 1.27732E1 1.27732E1 1.27732E1 1.00589E1 1.00589E1 1.12164E1 1.73436E1 2.59256E1 2.2852E1 4.07345E1 4.89173E1 4.72208E1 4.29298E1 3.06756E1 2.19739E1 -9999 -9999 -9999 -9999 -9999 -9999
