ENM/Final_Models/M_2_F_q_Set_1_NE/Gustavia_santanderiensis_9_Choco_novel.asc
ncols         367
nrows         963
xllcorner     -78.6
yllcorner     0.65
cellsize      0.00833333333333323
NODATA_value  -9999
[rows 450 to 479 of 963, columns 136 to 203 of 367]
-9999 -9999 -9999 -9999 -9999 -9999 -9999 -9999 -9999 -9999 -9999 -9999 -9999 -9999 -9999 -9999 -9999 -9999 -9999 -9999 -9999 -9999 -6.34402E1 -6.80419E1 -7.24532E1 -6.92796E1 -7.09299E1 -7.5119E1 -8.83249E1 -8.88325E1 -9.1463E1 -7.94034E1 -7.72453E1 -8.14979E1 -7.53412E1 -6.81054E1 -8.04189E1 -8.98445E1 -9.13706E1 -9.13706E1 -9.13706E1 -7.01999E1 -7.32149E1 -7.56268E1 -9.18782E1 -7.86734E1 -7.53094E1 -7.47064E1 -8.77182E1 -8.95589E1 -1.12183E2 -1.13198E2 -1.35025E2 -1.41117E2 -1.01523E2 -1.41624E2 -1.36041E2 -1.28934E2 -1.28426E2 -1.29949E2 -1.31472E2 -1.40609E2 -1.32995E2 -1.32487E2 -1.3198E2 -1.3198E2 -1.3198E2 -1.41624E2
-9999 -9999 -9999 -9999 -9999 -9999 -9999 -9999 -9999 -9999 -9999 -9999 -9999 -9999 -9999 -9999 -9999 -9999 -9999 -9999 -9999 -9999 -7.33418E1 -7.76896E1 -8.11488E1 -1.05076E2 -7.5722E1 -1.07107E2 -7.07394E1 -8.88325E1 -8.42907E1 -7.98794E1 -7.404E1 -7.20406E1 -7.08029E1 -6.90355E1 -6.95431E1 -7.38178E1 -8.06093E1 -7.41035E1 -7.43573E1 -6.88988E1 -6.62329E1 -6.80203E1 -9.03553E1 -9.18782E1 -9.39086E1 -9.44162E1 -1.10152E2 -1.11675E2 -1.24365E2 -1.36548E2 -1.3401E2 -1.37563E2 -1.37563E2 -1.19797E2 -1.19797E2 -1.38579E2 -1.36548E2 -1.29442E2 -1.38579E2 -1.40102E2 -1.36548E2 -1.49746E2 -1.3401E2 -1.41624E2 -1.35025E2 -1.3198E2
-9999 -9999 -9999 -9999 -9999 -9999 -9999 -9999 -9999 -9999 -9999 -9999 -9999 -9999 -9999 -9999 -9999 -9999 -9999 -9999 -9999 -9999 -9.08629E1 -7.5595E1 -6.49635E1 -9.23858E1 -8.57868E1 -1.04061E2 -7.04856E1 -8.73096E1 -7.861E1 -8.56236E1 -7.66497E1 -8.78173E1 -8.83249E1 -8.83249E1 -8.88325E1 -7.00508E1 -7.83878E1 -7.27071E1 -7.19137E1 -8.78173E1 -5.56649E1 -7.09616E1 -7.78166E1 -9.18782E1 -9.18782E1 -9.44162E1 -1.11675E2 -1.23858E2 -1.36041E2 -1.24365E2 -1.33503E2 -1.05935E2 -1.03904E2 -1.0203E2 -9.70486E1 -1.38579E2 -1.30457E2 -1.32487E2 -1.4264E2 -1.47208E2 -1.32487E2 -1.32995E2 -1.37563E2 -1.3401E2 -1.34518E2 -1.31472E2
-9999 -9999 -9999 -9999 -9999 -9999 -9999 -9999 -9999 -9999 -9999 -9999 -9999 -9999 -9999 -9999 -9999 -9999 -9999 -9999 -9999 -9999 -9999 -9.08629E1 -5.48223E1 -3.65916E1 -4.1352E1 -5.24278E1 -6.28372E1 -6.29641E1 -8.62944E1 -1.07614E2 -1.1066E2 -1.26396E2 -1.25888E2 -1.25381E2 -1.03046E2 -5.94097E1 -6.30593E1 -6.01396E1 -8.88607E1 -7.41352E1 -7.8007E1 -7.05584E1 -8.04189E1 -9.13706E1 -1.32995E2 -9.49239E1 -9.59391E1 -9.59391E1 -1.3198E2 -1.21827E2 -1.23858E2 -1.04411E2 -1.07363E2 -1.01777E2 -1.03046E2 -1.31472E2 -1.32487E2 -1.16244E2 -1.02538E2 -1.00159E2 -1.2335E2 -1.40102E2 -1.37563E2 -1.32995E2 -1.31472E2 -1.30964E2
-9999 -9999 -9999 -9999 -9999 -9999 -9999 -9999 -9999 -9999 -9999 -9999 -9999 -9999 -9999 -9999 -9999 -9999 -9999 -9999 -9999 -9999 -9999 -5.79181E1 -5.48223E1 -4.16376E1 -4.84608E1 -5.58553E1 -6.6106E1 -6.68994E1 -1.06599E2 -1.01523E2 -9.59391E1 -9.64467E1 -9.79695E1 -9.3401E1 -8.57868E1 -8.57868E1 -6.80203E1 -7.0549E1 -8.26722E1 -8.43859E1 -8.26722E1 -8.88289E1 -8.66392E1 -8.62901E1 -9.91749E1 -1.00952E2 -1.00095E2 -1.00698E2 -1.36548E2 -1.38071E2 -9.98096E1 -1.01269E2 -1.00984E2 -1.01015E2 -1.0203E2 -1.32487E2 -1.21827E2 -1.18274E2 -1.21827E2 -1.2335E2 -1.3198E2 -1.31472E2 -1.40102E2 -1.40609E2 -1.32995E2 -1.33503E2
-9999 -9999 -9999 -9999 -9999 -9999 -9999 -9999 -9999 -9999 -9999 -9999 -9999 -9999 -9999 -9999 -9999 -9999 -9999 -9999 -9999 -9999 -9999 -5.4808E1 -5.99492E1 -9.18782E1 -6.27103E1 -6.62964E1 -6.39162E1 -6.61377E1 -9.44162E1 -6.29959E1 -6.3345E1 -6.3345E1 -4.8731E1 -5.02063E1 -5.90924E1 -9.84772E1 -1E2 -8.93401E1 -8.13393E1 -9.27325E1 -9.33354E1 -8.99397E1 -8.77182E1 -8.79403E1 -8.14345E1 -9.39702E1 -9.54315E1 -1.02698E2 -9.99048E1 -1.36041E2 -1.0054E2 -9.86354E1 -9.80958E1 -1E2 -1.36548E2 -1.35533E2 -1.3198E2 -1.38579E2 -1.46193E2 -1.46701E2 -9.75563E1 -1.10152E2 -1.11675E2 -1.40102E2 -1.40609E2 -1.40609E2
-9999 -9999 -9999 -9999 -9999 -9999 -9999 -9999 -9999 -9999 -9999 -9999 -9999 -9999 -9999 -9999 -9999 -9999 -9999 -9999 -9999 -9999 -9999 -9999 -5.9251E1 -8.37563E1 -1.04061E2 -6.23612E1 -8.4264E1 -8.4264E1 -9.39086E1 -8.32487E1 -8.07107E1 -9.44162E1 -4.76357E1 -4.56998E1 -5.05554E1 -6.55982E1 -1E2 -1.04061E2 -8.93401E1 -9.18121E1 -9.07331E1 -8.9908E1 -9.10505E1 -8.55284E1 -8.50524E1 -1.33503E2 -1.33503E2 -9.63504E1 -1.01523E2 -9.7842E1 -9.8191E1 -9.59695E1 -9.44462E1 -9.14313E1 -1.34518E2 -1.34518E2 -1.42132E2 -1.00159E2 -1.05584E2 -1.06599E2 -9.76198E1 -1.09137E2 -1.39594E2 -1.25888E2 -1.25888E2 -1.40102E2
-9999 -9999 -9999 -9999 -9999 -9999 -9999 -9999 -9999 -9999 -9999 -9999 -9999 -9999 -9999 -9999 -9999 -9999 -9999 -9999 -9999 -9999 -9999 -9999 -5.73469E1 -6.32498E1 -5.88702E1 -6.04887E1 -5.44589E1 -5.03332E1 -5.79499E1 -5.7868E1 -8.12183E1 -9.54315E1 -9.64467E1 -5.38071E1 -5.48223E1 -1.10152E2 -1.1066E2 -1.11168E2 -8.93401E1 -9.26373E1 -9.60647E1 -1.16244E2 -1.28934E2 -9.3145E1 -9.29864E1 -1.3198E2 -1.33503E2 -9.3401E1 -9.44162E1 -9.69851E1 -9.69216E1 -9.69851E1 -9.79695E1 -9.79695E1 -1.32995E2 -1.23858E2 -1.02538E2 -1.03553E2 -1.04569E2 -9.50175E1 -9.79372E1 -1.08122E2 -1.09137E2 -1.25888E2 -1.38071E2 -1.23858E2
-9999 -9999 -9999 -9999 -9999 -9999 -9999 -9999 -9999 -9999 -9999 -9999 -9999 -9999 -9999 -9999 -9999 -9999 -9999 -9999 -9999 -9999 -9999 -9999 -5.39194E1 -5.7569E1 -6.85179E1 -5.65217E1 -5.83307E1 -6.13773E1 -6.1536E1 -6.97874E1 -7.5246E1 -7.15646E1 -8.57868E1 -9.79695E1 -8.83249E1 -8.78173E1 -8.78173E1 -8.88325E1 -1.29949E2 -1.29949E2 -1.26904E2 -1.2335E2 -1.25381E2 -1.31472E2 -9.44462E1 -1.16244E2 -1.20305E2 -9.18782E1 -8.18153E1 -9.58109E1 -9.52079E1 -9.79695E1 -1.30964E2 -9.64467E1 -1.14213E2 -1.01428E2 -1.01523E2 -1.43147E2 -1.03553E2 -8.83846E1 -1.06091E2 -8.69883E1 -1.2335E2 -1.25381E2 -1.1066E2 -1.11675E2
-9999 -9999 -9999 -9999 -9999 -9999 -9999 -9999 -9999 -9999 -9999 -9999 -9999 -9999 -9999 -9999 -9999 -9999 -9999 -9999 -9999 -9999 -9999 -9999 -1.03553E2 -1.04569E2 -8.37563E1 -6.87718E1 -6.60743E1 -6.19803E1 -6.00444E1 -7.13742E1 -7.99429E1 -8.57868E1 -8.62944E1 -8.73096E1 -8.62583E1 -7.06442E1 -8.42907E1 -1.19797E2 -1.15228E2 -1.2132E2 -1.2335E2 -1.24365E2 -1.1269E2 -1.31472E2 -9.13706E1 -9.22564E1 -1.2132E2 -9.10505E1 -9.0384E1 -9.42875E1 -1.04221E2 -9.69543E1 -1.39086E2 -1.3401E2 -1.28934E2 -1.24365E2 -1.37056E2 -1.37563E2 -1.43655E2 -1.03553E2 -1.04569E2 -9.28934E1 -1.22843E2 -1.24873E2 -1.09645E2 -1.1066E2
-9999 -9999 -9999 -9999 -9999 -9999 -9999 -9999 -9999 -9999 -9999 -9999 -9999 -9999 -9999 -9999 -9999 -9999 -9999 -9999 -9999 -9999 -9999 -9999 -9999 -6.79149E1 -9.23858E1 -6.32498E1 -6.63281E1 -6.16312E1 -7.35005E1 -8.57868E1 -8.57868E1 -7.19771E1 -8.01016E1 -7.99111E1 -8.62944E1 -8.92732E1 -8.78173E1 -1.19289E2 -1.26396E2 -1.22843E2 -1.09137E2 -1.12183E2 -1.24365E2 -1.24873E2 -1.21827E2 -9.49857E1 -9.53348E1 -1.00159E2 -9.54618E1 -1.01714E2 -1.04062E2 -9.64467E1 -1.35025E2 -1.36041E2 -1.29442E2 -1.26904E2 -1.20812E2 -1.33503E2 -1.21827E2 -1.21827E2 -1.21827E2 -9.28934E1 -9.28934E1 -9.33354E1 -9.64773E1 -9.74611E1
-9999 -9999 -9999 -9999 -9999 -9999 -9999 -9999 -9999 -9999 -9999 -9999 -9999 -9999 -9999 -9999 -9999 -9999 -9999 -9999 -9999 -9999 -9999 -9999 -7.20724E1 -5.41415E1 -6.40432E1 -5.92828E1 -8.37563E1 -6.5503E1 -1.02538E2 -8.47716E1 -7.77531E1 -7.79752E1 -8.52792E1 -8.73056E1 -8.89241E1 -8.80673E1 -9.09235E1 -9.11774E1 -1.27411E2 -1.15736E2 -1.28934E2 -1.16244E2 -1.23858E2 -1.20812E2 -1.32487E2 -9.64456E1 -9.78102E1 -9.7239E1 -9.32402E1 -9.90479E1 -9.98731E1 -9.44779E1 -9.54315E1 -1.27411E2 -1.30457E2 -1.41117E2 -9.89848E1 -1.2132E2 -1.21827E2 -9.28934E1 -1.21827E2 -9.28934E1 -9.28934E1 -9.60647E1 -1.2335E2 -1.38579E2
-9999 -9999 -9999 -9999 -9999 -9999 -9999 -9999 -9999 -9999 -9999 -9999 -9999 -9999 -9999 -9999 -9999 -9999 -9999 -9999 -9999 -9999 -9999 -9999 -6.60743E1 -5.70295E1 -6.11869E1 -5.86163E1 -6.4467E1 -6.93113E1 -7.51825E1 -1.08629E2 -8.4264E1 -8.4264E1 -8.84799E1 -1.10152E2 -8.52792E1 -7.75309E1 -8.77182E1 -9.10187E1 -1.28934E2 -1.16244E2 -9.3272E1 -1.16751E2 -1.24365E2 -1.3198E2 -1.26396E2 -9.08629E1 -9.08629E1 -9.28277E1 -9.62869E1 -8.84799E1 -9.59378E1 -9.44162E1 -1.33503E2 -1.33503E2 -1.31472E2 -1.41117E2 -1.36548E2 -1.00095E2 -1.37056E2 -1.43147E2 -1.43655E2 -1.22335E2 -9.28934E1 -9.69851E1 -1.23858E2 -1.07107E2
-9999 -9999 -9999 -9999 -9999 -9999 -9999 -9999 -9999 -9999 -9999 -9999 -9999 -9999 -9999 -9999 -9999 -9999 -9999 -9999 -9999 -9999 -9999 -9999 -9999 -7.34053E1 -6.29641E1 -6.42653E1 -1.03553E2 -5.68708E1 -6.59898E1 -1.10152E2 -8.4264E1 -8.37563E1 -1.17259E2 -1.16751E2 -1.16751E2 -8.4264E1 -8.98128E1 -8.79721E1 -8.80355E1 -9.47953E1 -9.31133E1 -1.19289E2 -1.20305E2 -1.3198E2 -1.25888E2 -1.32487E2 -1.33503E2 -9.42558E1 -9.78737E1 -8.83846E1 -9.27959E1 -1.22335E2 -1.27411E2 -1.29442E2 -1.19797E2 -1.31472E2 -1.36548E2 -1.41117E2 -1.3198E2 -1.22335E2 -1.32995E2 -1.21827E2 -9.3401E1 -9.3401E1 -1.2335E2 -1.23858E2
-9999 -9999 -9999 -9999 -9999 -9999 -9999 -9999 -9999 -9999 -9999 -9999 -9999 -9999 -9999 -9999 -9999 -9999 -9999 -9999 -9999 -9999 -9999 -9999 -9999 -7.48017E1 -6.72485E1 -6.69946E1 -1.05076E2 -1.05584E2 -8.37829E1 -7.85465E1 -1.09137E2 -1.1066E2 -1.16751E2 -1.09137E2 -1.09645E2 -8.57868E1 -8.6802E1 -9.20343E1 -1.11675E2 -1.18782E2 -1.18782E2 -1.19797E2 -1.20305E2 -1.20812E2 -1.25888E2 -1.25888E2 -1.27919E2 -1.28426E2 -9.60647E1 -9.18782E1 -9.19391E1 -9.88892E1 -1.32995E2 -1.35533E2 -1.30964E2 -1.31472E2 -1.40609E2 -1.40609E2 -1.20812E2 -1.21827E2 -1.13198E2 -1.13706E2 -1.22843E2 -1.23858E2 -1.15736E2 -1.2335E2
-9999 -9999 -9999 -9999 -9999 -9999 -9999 -9999 -9999 -9999 -9999 -9999 -9999 -9999 -9999 -9999 -9999 -9999 -9999 -9999 -9999 -9999 -9999 -9999 -9999 -7.35957E1 -7.27388E1 -6.41701E1 -6.68994E1 -1.06091E2 -1.16244E2 -8.41955E1 -7.76579E1 -1.15228E2 -1.16244E2 -1.09645E2 -1.10152E2 -1.14721E2 -8.57868E1 -1.18274E2 -1.1066E2 -1.07107E2 -1.07614E2 -1.22843E2 -1.19797E2 -9.59378E1 -1.32487E2 -1.3401E2 -1.25888E2 -1.25888E2 -9.59378E1 -1.20305E2 -1.29949E2 -1.33503E2 -1.34518E2 -1.35025E2 -1.29949E2 -1.20812E2 -1.20812E2 -1.2132E2 -1.20305E2 -1.12183E2 -1.1269E2 -1.21827E2 -1.22335E2 -1.22335E2 -1.15228E2 -1.15228E2
-9999 -9999 -9999 -9999 -9999 -9999 -9999 -9999 -9999 -9999 -9999 -9999 -9999 -9999 -9999 -9999 -9999 -9999 -9999 -9999 -9999 -9999 -9999 -9999 -9999 -7.92764E1 -1.05584E2 -1.06091E2 -1.11168E2 -1.15228E2 -1.14721E2 -1.19797E2 -1.09137E2 -1.08122E2 -1.16751E2 -1.16244E2 -1.09137E2 -8.88325E1 -1.09645E2 -1.09645E2 -1.12183E2 -1.07107E2 -1.06599E2 -1.22335E2 -1.29949E2 -1.18274E2 -1.17259E2 -1.19289E2 -1.17766E2 -1.18274E2 -1.32995E2 -9.03553E1 -1.28934E2 -1.3401E2 -9.35576E1 -9.36528E1 -1.29442E2 -1.29949E2 -1.20305E2 -1.20305E2 -1.26396E2 -1.19797E2 -1.11675E2 -1.07107E2 -1.1066E2 -1.20812E2 -1.12183E2 -1.22335E2
-9999 -9999 -9999 -9999 -9999 -9999 -9999 -9999 -9999 -9999 -9999 -9999 -9999 -9999 -9999 -9999 -9999 -9999 -9999 -9999 -9999 -9999 -9999 -9999 -9999 -8.0292E1 -1.14213E2 -1.14213E2 -1.14213E2 -8.07107E1 -8.61314E1 -8.62583E1 -1.04569E2 -8.37563E1 -8.39733E1 -1.08629E2 -1.09137E2 -1.09645E2 -1.09645E2 -1.10152E2 -1.13706E2 -1.19797E2 -1.20812E2 -1.21827E2 -1.2335E2 -9.52713E1 -9.3875E1 -9.35259E1 -9.33354E1 -9.08918E1 -9.53665E1 -9.28594E1 -1.26396E2 -1.27919E2 -1.28934E2 -1.29442E2 -1.28426E2 -1.27919E2 -1.23858E2 -1.25888E2 -1.18274E2 -1.1066E2 -1.18782E2 -1.16751E2 -1.10152E2 -1.11675E2 -1.2132E2 -1.22335E2
-9999 -9999 -9999 -9999 -9999 -9999 -9999 -9999 -9999 -9999 -9999 -9999 -9999 -9999 -9999 -9999 -9999 -9999 -9999 -9999 -9999 -9999 -9999 -9999 -9999 -8.22335E1 -1.05584E2 -1.14213E2 -1.14213E2 -1.18782E2 -8.07107E1 -8.4264E1 -8.37563E1 -1.02538E2 -1.01015E2 -1.08629E2 -1.09137E2 -1.09137E2 -1.09645E2 -1.10152E2 -7.59441E1 -1.12183E2 -1.19797E2 -1.20812E2 -1.2132E2 -1.15736E2 -9.47001E1 -9.19708E1 -9.28594E1 -9.34307E1 -1.18782E2 -1.19797E2 -1.14213E2 -1.14213E2 -9.08629E1 -9.18782E1 -1.37563E2 -1.21827E2 -9.13706E1 -1.2335E2 -1.28426E2 -1.16751E2 -1.16244E2 -1.21827E2 -1.19289E2 -1.20305E2 -1.20305E2 -1.31472E2
-9999 -9999 -9999 -9999 -9999 -9999 -9999 -9999 -9999 -9999 -9999 -9999 -9999 -9999 -9999 -9999 -9999 -9999 -9999 -9999 -9999 -9999 -9999 -9999 -9999 -8.17259E1 -1.05584E2 -1.1066E2 -1.09645E2 -8.34021E1 -8.07107E1 -8.4264E1 -8.12183E1 -8.37563E1 -7.77848E1 -1.0203E2 -1.08629E2 -1.02538E2 -1.17259E2 -1.09645E2 -7.05808E1 -1.17766E2 -1.19797E2 -1.20812E2 -1.21827E2 -1.23858E2 -9.64773E1 -8.73374E1 -1.17259E2 -1.18274E2 -1.19797E2 -1.2132E2 -1.13198E2 -1.14213E2 -1.36041E2 -9.73659E1 -1.22335E2 -9.57791E1 -9.18782E1 -1.22843E2 -1.22335E2 -1.14721E2 -1.16751E2 -1.21827E2 -1.17766E2 -1.19289E2 -1.19797E2 -1.11675E2
-9999 -9999 -9999 -9999 -9999 -9999 -9999 -9999 -9999 -9999 -9999 -9999 -9999 -9999 -9999 -9999 -9999 -9999 -9999 -9999 -9999 -9999 -9999 -9999 -9999 -1.06091E2 -1.05584E2 -1.06599E2 -1.05584E2 -8.75278E1 -9.49239E1 -9.54315E1 -9.59391E1 -1.15228E2 -1.04569E2 -1.00508E2 -8.78173E1 -1.08629E2 -1.17259E2 -1.17259E2 -1.17259E2 -1.17766E2 -1.04061E2 -1.03553E2 -1.07614E2 -1.07614E2 -1.16751E2 -9.19708E1 -1.18782E2 -9.72072E1 -1.20305E2 -1.20305E2 -1.20305E2 -1.1269E2 -1.35533E2 -1.2132E2 -1.2132E2 -1.2132E2 -9.18782E1 -1.20812E2 -1.24873E2 -1.15736E2 -1.27919E2 -1.28426E2 -1.27919E2 -1.17766E2 -1.09645E2 -1.10152E2
-9999 -9999 -9999 -9999 -9999 -9999 -9999 -9999 -9999 -9999 -9999 -9999 -9999 -9999 -9999 -9999 -9999 -9999 -9999 -9999 -9999 -9999 -9999 -9999 -9999 -9999 -1.05584E2 -1.06091E2 -1.05584E2 -1.13706E2 -8.06728E1 -1.13706E2 -1.15228E2 -1.1269E2 -1.08122E2 -9.69543E1 -9.74619E1 -1.08629E2 -1.16751E2 -1.02538E2 -1.16751E2 -1.0203E2 -1.0203E2 -9.6033E1 -9.94605E1 -1.07107E2 -1.08122E2 -1.31472E2 -9.8794E1 -9.99365E1 -9.83497E1 -1.18274E2 -1.23858E2 -1.19797E2 -1.12183E2 -1.35025E2 -1.33503E2 -1.20812E2 -1.13198E2 -1.20812E2 -1.3401E2 -1.27411E2 -1.15736E2 -1.15736E2 -1.15736E2 -1.20305E2 -1.17259E2 -1.18274E2
-9999 -9999 -9999 -9999 -9999 -9999 -9999 -9999 -9999 -9999 -9999 -9999 -9999 -9999 -9999 -9999 -9999 -9999 -9999 -9999 -9999 -9999 -9999 -9999 -9999 -9999 -1.05584E2 -1.06091E2 -9.39086E1 -1.13706E2 -1.04061E2 -1.16244E2 -1.07107E2 -1.15228E2 -1.14213E2 -1.13706E2 -1.15228E2 -1.15736E2 -1.14213E2 -1.15736E2 -1.15736E2 -9.94924E1 -1.0203E2 -1.05584E2 -1.06633E2 -1.07107E2 -1.18274E2 -1.22843E2 -1.22843E2 -1.17766E2 -1.17766E2 -1.15736E2 -1.18274E2 -1.20305E2 -1.04569E2 -1.23858E2 -1.23858E2 -1.11675E2 -1.06599E2 -1.13198E2 -1.13706E2 -1.13706E2 -1.26396E2 -1.26396E2 -1.15228E2 -1.19797E2 -1.27919E2 -1.28426E2
-9999 -9999 -9999 -9999 -9999 -9999 -9999 -9999 -9999 -9999 -9999 -9999 -9999 -9999 -9999 -9999 -9999 -9999 -9999 -9999 -9999 -9999 -9999 -9999 -9999 -1.1269E2 -1.11675E2 -1.05584E2 -1.06091E2 -1.06091E2 -8.67026E1 -1.07107E2 -1.14721E2 -8.82577E1 -1.14721E2 -9.86988E1 -9.01936E1 -8.99397E1 -9.44145E1 -1.16244E2 -1.14721E2 -1.01523E2 -1.04061E2 -1.05076E2 -1.05584E2 -1.06091E2 -1.06599E2 -1.06599E2 -1.07614E2 -1.16751E2 -1.15228E2 -1.27411E2 -1.19289E2 -1.06599E2 -1.04061E2 -1.10152E2 -1.11168E2 -1.11168E2 -1.24365E2 -1.2335E2 -1.1269E2 -1.06091E2 -1.13198E2 -1.13706E2 -1.07614E2 -1.19797E2 -1.2132E2 -1.0203E2
-9999 -9999 -9999 -9999 -9999 -9999 -9999 -9999 -9999 -9999 -9999 -9999 -9999 -9999 -9999 -9999 -9999 -9999 -9999 -9999 -9999 -9999 -9999 -9999 -9999 -9.95557E1 -1.05076E2 -1.05584E2 -1.13706E2 -1.12183E2 -1.05584E2 -1.04569E2 -1.14213E2 -1.15228E2 -1.13706E2 -1.15736E2 -9.68581E1 -9.47318E1 -9.56839E1 -1.14721E2 -1.15736E2 -1.02538E2 -1.03553E2 -1.04061E2 -1.04569E2 -1.05584E2 -1.03046E2 -1.05584E2 -1.16751E2 -1.19797E2 -1.19797E2 -1.28934E2 -1.19289E2 -1.06599E2 -1.03553E2 -1.10152E2 -1.1066E2 -1.11168E2 -1.24365E2 -1.20812E2 -1.11168E2 -1.10152E2 -1.12183E2 -1.12183E2 -1.14721E2 -1.01015E2 -1.18782E2 -1.19289E2
-9999 -9999 -9999 -9999 -9999 -9999 -9999 -9999 -9999 -9999 -9999 -9999 -9999 -9999 -9999 -9999 -9999 -9999 -9999 -9999 -9999 -9999 -9999 -9999 -9999 -9.82545E1 -8.55284E1 -1.10152E2 -1.1066E2 -1.11168E2 -9.68581E1 -1.06091E2 -1.12183E2 -1.14721E2 -1.15228E2 -1.15736E2 -1.08122E2 -1.08122E2 -1.21827E2 -1.16751E2 -1.25381E2 -1.02538E2 -1.03046E2 -1.18782E2 -1.14213E2 -1.04569E2 -1.04569E2 -1.04569E2 -8.98445E1 -1.04061E2 -1.04061E2 -1.02538E2 -1.04569E2 -1.02538E2 -1.03046E2 -1.22335E2 -1.22843E2 -1.22843E2 -1.22843E2 -1.18782E2 -1.08629E2 -1.09137E2 -1.11168E2 -9.18782E1 -1.25888E2 -7.99746E1 -1.25888E2 -1.18782E2
-9999 -9999 -9999 -9999 -9999 -9999 -9999 -9999 -9999 -9999 -9999 -9999 -9999 -9999 -9999 -9999 -9999 -9999 -9999 -9999 -9999 -9999 -9999 -9999 -9999 -1.04061E2 -1.04061E2 -1.04569E2 -9.56522E1 -1.10152E2 -1.1066E2 -1.11675E2 -1.12183E2 -1.13198E2 -1.14213E2 -1.14721E2 -1.14721E2 -1.14213E2 -1.22843E2 -1.24365E2 -1.16751E2 -1.01523E2 -1.0203E2 -1.02538E2 -1.0203E2 -1.03553E2 -1.03046E2 -1.03046E2 -8.92415E1 -1.01523E2 -1.02538E2 -1.03553E2 -1.04061E2 -1.0203E2 -1.0203E2 -1.06599E2 -1.07107E2 -1.21827E2 -1.09645E2 -1.19289E2 -1.05076E2 -1.11168E2 -1.09645E2 -1.05076E2 -1.20305E2 -1.0203E2 -8.57868E1 -9.39086E1
-9999 -9999 -9999 -9999 -9999 -9999 -9999 -9999 -9999 -9999 -9999 -9999 -9999 -9999 -9999 -9999 -9999 -9999 -9999 -9999 -9999 -9999 -9999 -9999 -9999 -1.08122E2 -9.4351E1 -1.12183E2 -1.09645E2 -1.09645E2 -1.04569E2 -1.07614E2 -1.1269E2 -9.59391E1 -1.01333E2 -1.02126E2 -1.00825E2 -9.84772E1 -1.15228E2 -1.16244E2 -1.15736E2 -1.02507E2 -1E2 -1.00508E2 -1.0203E2 -1.03046E2 -1.0203E2 -1.1269E2 -1.12183E2 -1.16244E2 -1.13706E2 -1.17766E2 -1.17259E2 -1.00508E2 -1.05584E2 -1.06599E2 -1.20305E2 -1.20812E2 -1.2132E2 -1.09645E2 -1.09645E2 -1.10152E2 -1.2335E2 -1.19797E2 -1.24873E2 -1.02538E2 -8.57868E1 -1.18782E2
-9999 -9999 -9999 -9999 -9999 -9999 -9999 -9999 -9999 -9999 -9999 -9999 -9999 -9999 -9999 -9999 -9999 -9999 -9999 -9999 -9999 -9999 -9999 -9999 -9999 -9.56204E1 -9999 -9.91114E1 -1.09645E2 -9.7715E1 -1.14213E2 -8.31799E1 -1.06599E2 -1.11168E2 -1.19289E2 -1.02634E2 -1.1066E2 -1.14213E2 -9.74619E1 -1.13706E2 -1.13198E2 -9.89848E1 -9.94924E1 -1.15228E2 -1.23858E2 -1.01015E2 -1E2 -1.14213E2 -1.15228E2 -1.15228E2 -1.15736E2 -1.17259E2 -1E2 -1.0146E2 -1.04569E2 -1.01523E2 -1.06091E2 -1.07107E2 -1.08122E2 -1.00508E2 -1.03046E2 -1.03553E2 -9.23858E1 -1.1066E2 -1.19289E2 -9.23858E1 -1.11675E2 -9.23858E1
-9999 -9999 -9999 -9999 -9999 -9999 -9999 -9999 -9999 -9999 -9999 -9999 -9999 -9999 -9999 -9999 -9999 -9999 -9999 -9999 -9999 -9999 -9999 -9999 -9999 -8.51158E1 -9.24786E1 -9.66677E1 -9.65725E1 -9.77785E1 -9.67629E1 -9.18756E1 -1.1066E2 -1.1066E2 -1.1066E2 -1.10152E2 -1.20305E2 -1.12183E2 -1.11675E2 -9.64467E1 -9.64467E1 -9.69543E1 -1.22843E2 -1.13706E2 -1.22335E2 -1.15736E2 -9.84772E1 -9.89848E1 -9.84772E1 -9.84772E1 -1.00508E2 -1.0203E2 -1.17259E2 -1.03046E2 -1.03553E2 -1.04061E2 -1.16244E2 -1.19797E2 -1.01523E2 -1.01523E2 -1.01523E2 -1.01523E2 -1.06599E2 -1.08122E2 -1.10152E2 -9.23858E1 -1.16244E2 -1.21827E2
