ENM/Final_Models/M_2_F_q_Set_1_NE/Gustavia_santanderiensis_Choco_avg.asc
ncols         367
nrows         963
xllcorner     -78.6
yllcorner     0.65
cellsize      0.00833333333333323
NODATA_value  -9999
[rows 680 to 713 of 963, columns 156 to 233 of 367]
0E0 0E0 0E0 0E0 0E0 0E0 0E0 0E0 0E0 0E0 0E0 0E0 0E0 0E0 0E0 0E0 0E0 0E0 0E0 0E0 0E0 8.52091E-1 5.26712E-1 4.45219E-1 4.74177E-1 1.99889E-1 0E0 0E0 0E0 0E0 2.83265E-1 0E0 0E0 0E0 0E0 0E0 5.33562E-1 3.98186E-1 2.92154E-1 5.81836E-2 3.04531E-2 1.41257E-2 1.4289E-3 8.36502E-4 1.80831E-4 2.42268E-4 2.70584E-4 1.8275E-3 6.73096E-4 1.27723E-3 4.7796E-4 1.3142E-3 1.72963E-3 1.14253E-3 6.76452E-4 2.14396E-4 4.34337E-5 1.94443E-4 6.52069E-4 1.05236E-3 -9999 -9999 -9999 -9999 -9999 -9999 -9999 -9999 -9999 -9999 -9999 -9999 -9999 -9999 -9999 -9999 -9999 -9999
0E0 0E0 0E0 0E0 0E0 0E0 0E0 0E0 0E0 0E0 0E0 0E0 0E0 0E0 0E0 0E0 0E0 0E0 0E0 0E0 0E0 0E0 0E0 0E0 0E0 0E0 0E0 0E0 0E0 0E0 0E0 0E0 0E0 0E0 0E0 0E0 0E0 0E0 2.45819E-1 1.98077E-1 4.80475E-2 6.82291E-3 1.21263E-2 8.18611E-4 7.75951E-5 3.68966E-5 2.57133E-4 8.41676E-4 7.09299E-4 5.64396E-4 5.76534E-4 4.46227E-4 4.02577E-4 1.66765E-4 7.74204E-5 4.60764E-5 9.52931E-5 2.15684E-4 7.93765E-4 5.5147E-3 -9999 -9999 -9999 -9999 -9999 -9999 -9999 -9999 -9999 -9999 -9999 -9999 -9999 -9999 -9999 -9999 -9999 -9999
0E0 0E0 0E0 0E0 0E0 0E0 0E0 0E0 0E0 0E0 0E0 0E0 0E0 0E0 0E0 0E0 0E0 0E0 0E0 0E0 0E0 0E0 0E0 0E0 0E0 3.84812E-1 0E0 0E0 0E0 0E0 0E0 0E0 0E0 0E0 0E0 0E0 0E0 0E0 3.21859E-1 1.33795E-1 7.32851E-3 2.8917E-3 1.38419E-3 2.50013E-3 1.04814E-4 6.26241E-5 2.50475E-4 1.03536E-3 2.62125E-4 1.59993E-4 1.46305E-4 4.1967E-4 2.95828E-4 7.25777E-5 9.32002E-5 1.41747E-4 1.58538E-4 1.67926E-4 1.68497E-3 3.41767E-3 -9999 -9999 -9999 -9999 -9999 -9999 -9999 -9999 -9999 -9999 -9999 -9999 -9999 -9999 -9999 -9999 -9999 -9999
0E0 0E0 0E0 0E0 0E0 0E0 0E0 0E0 0E0 0E0 0E0 0E0 0E0 0E0 0E0 0E0 0E0 0E0 0E0 0E0 0E0 0E0 0E0 0E0 0E0 3.73079E-1 3.66324E-1 4.01336E-1 0E0 2.40109E-1 2.96678E-1 0E0 0E0 0E0 0E0 0E0 0E0 4.01473E-1 3.27667E-1 2.34452E-2 7.18372E-3 1.35026E-3 5.97002E-4 4.62072E-3 1.05644E-3 1.1379E-3 3.65235E-3 1.16297E-3 7.31125E-4 3.03065E-4 1.0541E-4 1.37363E-4 1.08049E-4 9.4084E-5 2.33971E-4 3.13747E-4 3.64245E-4 1.63783E-4 2.93964E-4 8.04811E-4 -9999 -9999 -9999 -9999 -9999 -9999 -9999 -9999 -9999 -9999 -9999 -9999 -9999 -9999 -9999 -9999 -9999 -9999
0E0 0E0 0E0 0E0 0E0 0E0 0E0 0E0 0E0 0E0 0E0 0E0 0E0 0E0 0E0 0E0 0E0 0E0 0E0 0E0 0E0 0E0 0E0 0E0 0E0 0E0 3.34219E-1 3.60307E-1 3.64969E-1 3.16115E-1 0E0 0E0 0E0 0E0 5.14183E-1 3.52947E-1 3.31416E-1 0E0 1.94041E-1 8.35251E-3 7.27827E-3 2.2176E-3 9.40154E-4 4.53291E-3 1.96396E-3 5.36356E-3 5.67835E-3 2.58704E-3 1.75214E-3 3.82312E-4 1.09595E-4 5.73107E-5 5.90546E-5 7.78448E-5 1.07079E-4 1.24915E-4 3.37206E-4 1.47002E-3 2.98664E-4 5.66845E-4 -9999 -9999 -9999 -9999 -9999 -9999 -9999 -9999 -9999 -9999 -9999 -9999 -9999 -9999 -9999 -9999 -9999 -9999
0E0 0E0 0E0 0E0 0E0 0E0 0E0 0E0 0E0 0E0 0E0 0E0 0E0 0E0 0E0 0E0 0E0 0E0 0E0 0E0 0E0 0E0 0E0 0E0 0E0 0E0 0E0 0E0 3.75922E-1 0E0 0E0 0E0 0E0 0E0 0E0 6.51836E-1 6.3251E-1 5.3773E-1 2.13288E-1 6.03825E-3 3.00509E-3 1.37064E-3 2.04303E-3 1.3902E-2 9.48453E-3 1.20477E-2 6.77603E-3 4.33986E-3 2.06326E-3 6.85247E-4 1.10828E-4 4.92208E-5 6.2076E-5 8.03877E-5 8.74834E-5 7.84091E-5 1.94091E-4 6.61417E-4 1.09322E-3 -9999 -9999 -9999 -9999 -9999 -9999 -9999 -9999 -9999 -9999 -9999 -9999 -9999 -9999 -9999 -9999 -9999 -9999 -9999
0E0 0E0 0E0 0E0 0E0 0E0 0E0 0E0 0E0 0E0 0E0 0E0 0E0 0E0 0E0 0E0 0E0 0E0 0E0 0E0 0E0 0E0 0E0 0E0 0E0 0E0 0E0 0E0 0E0 0E0 0E0 0E0 0E0 0E0 8.59715E-1 8.00027E-1 6.75707E-1 4.41867E-1 1.577E-1 6.79223E-3 1.43479E-3 1.70409E-3 3.80366E-3 1.55286E-2 1.10079E-2 2.32356E-3 5.11364E-4 2.77204E-4 1.88611E-4 1.2281E-4 5.1117E-5 1.50306E-4 1.83168E-4 2.31351E-4 4.89555E-4 1.35421E-4 9.11664E-5 1.81375E-4 4.4969E-4 -9999 -9999 -9999 -9999 -9999 -9999 -9999 -9999 -9999 -9999 -9999 -9999 -9999 -9999 -9999 -9999 -9999 -9999 -9999
0E0 0E0 0E0 0E0 0E0 0E0 0E0 0E0 0E0 0E0 0E0 0E0 0E0 0E0 0E0 0E0 0E0 0E0 0E0 0E0 0E0 0E0 0E0 0E0 0E0 0E0 0E0 0E0 0E0 0E0 0E0 0E0 0E0 7.35948E-1 6.96736E-1 7.97147E-1 6.08993E-1 4.38184E-1 1.87846E-1 2.44264E-2 1.90553E-3 9.02352E-3 1.47443E-2 8.52174E-3 4.49342E-3 4.47354E-4 1.88764E-4 1.47133E-4 1.32103E-4 5.01337E-5 1.04217E-4 1.26187E-4 1.42965E-4 9.0374E-4 1.35938E-3 3.38646E-4 3.39041E-4 2.82187E-4 -9999 -9999 -9999 -9999 -9999 -9999 -9999 -9999 -9999 -9999 -9999 -9999 -9999 -9999 -9999 -9999 -9999 -9999 -9999 -9999
0E0 0E0 0E0 0E0 0E0 0E0 0E0 0E0 0E0 0E0 0E0 0E0 0E0 0E0 0E0 0E0 0E0 0E0 0E0 0E0 0E0 0E0 0E0 0E0 0E0 0E0 0E0 0E0 0E0 0E0 0E0 0E0 0E0 5.58872E-1 4.90574E-1 2.68182E-1 2.19792E-1 3.20872E-1 1.13273E-1 1.94368E-2 2.3172E-3 2.77551E-3 4.7134E-3 3.5798E-3 2.63539E-3 1.6112E-3 2.21581E-3 7.17793E-4 1.02472E-4 9.40019E-5 1.50778E-4 3.11954E-4 5.34096E-4 7.29434E-4 1.07388E-3 1.70574E-3 1.25137E-3 1.06104E-3 -9999 -9999 -9999 -9999 -9999 -9999 -9999 -9999 -9999 -9999 -9999 -9999 -9999 -9999 -9999 -9999 -9999 -9999 -9999 -9999
0E0 0E0 0E0 0E0 0E0 0E0 0E0 0E0 0E0 0E0 0E0 0E0 0E0 0E0 0E0 0E0 0E0 0E0 0E0 0E0 0E0 0E0 0E0 0E0 0E0 0E0 0E0 0E0 0E0 0E0 0E0 8.2099E-1 3.47124E-1 7.65405E-1 4.7046E-1 3.87172E-1 2.33782E-1 1.69982E-1 1.04038E-1 5.79914E-2 2.36254E-3 6.3359E-4 1.74978E-3 6.72732E-3 1.32628E-2 8.78003E-3 4.58785E-3 1.47917E-3 1.62151E-4 2.63016E-4 8.55092E-5 0E0 2.45524E-4 3.08574E-4 1.06494E-3 1.28378E-3 9.08872E-4 -9999 -9999 -9999 -9999 -9999 -9999 -9999 -9999 -9999 -9999 -9999 -9999 -9999 -9999 -9999 -9999 -9999 -9999 -9999 -9999 -9999
0E0 0E0 0E0 0E0 0E0 0E0 0E0 0E0 0E0 0E0 0E0 0E0 0E0 0E0 0E0 0E0 0E0 0E0 0E0 0E0 0E0 0E0 0E0 0E0 0E0 0E0 0E0 0E0 6.45975E-1 5.93172E-1 6.33851E-1 6.30118E-1 6.50816E-1 8.39414E-1 8.29987E-1 7.01038E-1 3.16799E-1 5.03424E-1 2.23581E-1 1.14894E-1 8.51774E-3 4.74468E-4 6.68781E-4 3.61704E-4 5.13338E-3 1.36703E-2 6.67521E-3 3.9469E-3 2.49341E-4 2.27034E-4 1.59506E-4 1.60295E-4 8.25539E-4 1.00011E-3 1.34845E-4 2.3929E-4 1.3979E-3 -9999 -9999 -9999 -9999 -9999 -9999 -9999 -9999 -9999 -9999 -9999 -9999 -9999 -9999 -9999 -9999 -9999 -9999 -9999 -9999 -9999
0E0 0E0 -9999 0E0 0E0 0E0 0E0 0E0 0E0 0E0 0E0 0E0 0E0 0E0 0E0 0E0 0E0 0E0 0E0 0E0 0E0 0E0 0E0 0E0 0E0 0E0 0E0 0E0 5.85363E-1 6.32669E-1 8.02419E-1 5.69887E-1 8.54392E-1 8.4703E-1 8.18721E-1 5.67373E-1 6.50052E-1 6.90373E-1 5.00623E-1 2.31325E-1 1.55986E-1 2.63047E-2 7.12661E-4 4.85868E-4 3.47186E-3 1.60503E-2 5.96051E-3 2.65895E-3 2.44249E-4 2.43576E-4 0E0 1.17843E-4 1.83763E-3 1.09544E-3 2.06697E-4 1.31139E-3 -9999 -9999 -9999 -9999 -9999 -9999 -9999 -9999 -9999 -9999 -9999 -9999 -9999 -9999 -9999 -9999 -9999 -9999 -9999 -9999 -9999 -9999
0E0 0E0 0E0 0E0 0E0 0E0 0E0 0E0 0E0 0E0 0E0 0E0 0E0 0E0 0E0 0E0 0E0 0E0 0E0 0E0 0E0 0E0 0E0 0E0 0E0 0E0 7.38716E-1 8.58484E-1 8.68541E-1 8.59634E-1 7.17764E-1 8.47061E-1 9.09617E-1 9.01933E-1 8.99698E-1 9.19814E-1 9.02138E-1 7.49896E-1 3.47555E-1 1.56527E-1 2.70488E-1 2.09392E-1 7.93835E-3 1.03242E-3 1.12418E-2 1.22152E-2 1.31175E-2 5.11016E-3 2.61506E-4 2.77412E-4 0E0 2.18333E-4 1.38287E-3 5.58095E-4 7.874E-4 3.1323E-4 -9999 -9999 -9999 -9999 -9999 -9999 -9999 -9999 -9999 -9999 -9999 -9999 -9999 -9999 -9999 -9999 -9999 -9999 -9999 -9999 -9999 -9999
0E0 0E0 0E0 0E0 0E0 0E0 0E0 0E0 0E0 0E0 0E0 0E0 0E0 0E0 0E0 0E0 0E0 0E0 0E0 0E0 0E0 0E0 0E0 0E0 0E0 0E0 8.90159E-1 8.42536E-1 6.57282E-1 7.4295E-1 5.35262E-1 7.71301E-1 8.01434E-1 7.74362E-1 8.28331E-1 8.68008E-1 8.41587E-1 6.83014E-1 2.22886E-1 2.17543E-1 2.61478E-1 1.90241E-1 5.00292E-2 2.84232E-2 1.21608E-2 3.82668E-3 3.0028E-3 8.51781E-4 3.85646E-4 1.5677E-4 9.0784E-5 3.18836E-4 8.99761E-4 1.05307E-3 5.67287E-4 -9999 -9999 -9999 -9999 -9999 -9999 -9999 -9999 -9999 -9999 -9999 -9999 -9999 -9999 -9999 -9999 -9999 -9999 -9999 -9999 -9999 -9999 -9999
0E0 0E0 0E0 -9999 0E0 0E0 0E0 0E0 0E0 0E0 0E0 0E0 0E0 0E0 0E0 0E0 0E0 0E0 0E0 0E0 0E0 0E0 8.61429E-1 0E0 0E0 0E0 8.8122E-1 7.30783E-1 5.89569E-1 0E0 0E0 0E0 0E0 0E0 0E0 7.64185E-1 4.68087E-1 4.17062E-1 4.79514E-1 3.55776E-1 1.38826E-1 1.685E-2 1.65644E-3 8.12815E-3 3.87018E-3 2.42905E-3 1.84564E-3 1.75982E-4 1.66662E-4 3.5875E-5 4.8671E-5 3.68091E-4 1.48701E-3 7.54667E-4 4.60375E-4 -9999 -9999 -9999 -9999 -9999 -9999 -9999 -9999 -9999 -9999 -9999 -9999 -9999 -9999 -9999 -9999 -9999 -9999 -9999 -9999 -9999 -9999 -9999
0E0 0E0 0E0 0E0 0E0 0E0 0E0 0E0 0E0 0E0 0E0 0E0 0E0 0E0 0E0 0E0 0E0 0E0 0E0 0E0 0E0 8.27018E-1 7.74859E-1 8.67966E-1 8.55992E-1 0E0 8.80382E-1 6.1756E-1 4.16817E-1 4.63594E-1 0E0 0E0 0E0 0E0 0E0 0E0 0E0 4.60712E-1 2.22652E-1 1.44294E-1 3.32844E-2 1.01608E-2 6.96919E-4 2.20834E-3 2.18617E-3 6.23973E-4 1.20255E-4 1.37253E-4 1.84999E-4 0E0 1.78166E-4 9.29172E-4 1.18419E-3 7.98278E-4 -9999 -9999 -9999 -9999 -9999 -9999 -9999 -9999 -9999 -9999 -9999 -9999 -9999 -9999 -9999 -9999 -9999 -9999 -9999 -9999 -9999 -9999 -9999 -9999
0E0 0E0 0E0 0E0 0E0 0E0 0E0 0E0 0E0 0E0 0E0 0E0 0E0 0E0 0E0 0E0 0E0 0E0 0E0 0E0 0E0 0E0 0E0 8.14652E-1 8.78468E-1 0E0 8.86648E-1 4.73474E-1 3.99125E-1 3.99162E-1 0E0 0E0 0E0 0E0 0E0 0E0 0E0 2.26E-1 4.37324E-2 4.81195E-2 2.09421E-2 1.40835E-3 4.17711E-4 3.76101E-4 9.21085E-4 2.51006E-4 1.52584E-4 1.5096E-4 6.1689E-5 1.93008E-4 2.63024E-4 2.73021E-4 7.04018E-4 8.87217E-4 -9999 -9999 -9999 -9999 -9999 -9999 -9999 -9999 -9999 -9999 -9999 -9999 -9999 -9999 -9999 -9999 -9999 -9999 -9999 -9999 -9999 -9999 -9999 -9999
0E0 0E0 0E0 0E0 0E0 0E0 0E0 0E0 0E0 0E0 0E0 0E0 0E0 0E0 0E0 0E0 0E0 0E0 0E0 0E0 0E0 0E0 0E0 0E0 0E0 8.28949E-1 8.75579E-1 8.59099E-1 5.56227E-1 4.92628E-1 7.80524E-1 7.29288E-1 6.82542E-1 0E0 6.54699E-1 0E0 0E0 1.42482E-1 2.73413E-2 1.24552E-1 1.07883E-1 4.13769E-3 4.47327E-4 1.40025E-3 1.10696E-2 2.04471E-3 1.42053E-4 1.12351E-4 2.96316E-5 3.87547E-4 5.1582E-4 1.04028E-3 9.22192E-4 -9999 -9999 -9999 -9999 -9999 -9999 -9999 -9999 -9999 -9999 -9999 -9999 -9999 -9999 -9999 -9999 -9999 -9999 -9999 -9999 -9999 -9999 -9999 -9999 -9999
0E0 0E0 0E0 0E0 0E0 0E0 0E0 0E0 -9999 0E0 0E0 0E0 0E0 0E0 0E0 0E0 0E0 0E0 0E0 0E0 0E0 0E0 0E0 0E0 0E0 0E0 0E0 8.10457E-1 9.08079E-1 8.78404E-1 8.74925E-1 8.70991E-1 8.12298E-1 8.76577E-1 8.39059E-1 7.40885E-1 3.39574E-1 1.03858E-1 1.15106E-1 8.39076E-2 1.30706E-1 8.18146E-3 3.79106E-4 5.92697E-3 2.01287E-2 2.74427E-3 2.0898E-4 1.32768E-4 6.22014E-5 3.46145E-4 7.75649E-4 2.0301E-3 2.71562E-3 -9999 -9999 -9999 -9999 -9999 -9999 -9999 -9999 -9999 -9999 -9999 -9999 -9999 -9999 -9999 -9999 -9999 -9999 -9999 -9999 -9999 -9999 -9999 -9999 -9999
0E0 0E0 0E0 0E0 0E0 0E0 0E0 0E0 0E0 -9999 0E0 0E0 0E0 0E0 0E0 0E0 0E0 0E0 0E0 0E0 0E0 0E0 0E0 3.47073E-1 0E0 0E0 0E0 0E0 7.3723E-1 6.4242E-1 8.62982E-1 9.21193E-1 9.22596E-1 9.10306E-1 7.82443E-1 5.30351E-1 3.88404E-1 2.93337E-1 2.89364E-1 1.98465E-1 1.64038E-1 3.11229E-3 2.46311E-4 1.11731E-3 4.07338E-3 1.04657E-3 1.03226E-4 7.21892E-5 1.72126E-4 1.24401E-4 1.6721E-4 9.92556E-4 -9999 -9999 -9999 -9999 -9999 -9999 -9999 -9999 -9999 -9999 -9999 -9999 -9999 -9999 -9999 -9999 -9999 -9999 -9999 -9999 -9999 -9999 -9999 -9999 -9999 -9999
0E0 0E0 0E0 0E0 0E0 0E0 0E0 0E0 -9999 0E0 0E0 0E0 0E0 0E0 0E0 0E0 0E0 0E0 0E0 7.10962E-1 0E0 0E0 0E0 0E0 0E0 0E0 0E0 0E0 0E0 6.1644E-1 8.52438E-1 8.92645E-1 9.10074E-1 9.251E-1 8.78329E-1 4.128E-1 1.18714E-1 1.41825E-1 2.16338E-1 1.8482E-1 6.41894E-2 1.09954E-3 2.70309E-4 5.32087E-4 3.848E-4 1.32551E-4 9.22806E-5 1.41788E-4 2.01254E-4 1.33139E-4 1.46992E-4 -9999 -9999 -9999 -9999 -9999 -9999 -9999 -9999 -9999 -9999 -9999 -9999 -9999 -9999 -9999 -9999 -9999 -9999 -9999 -9999 -9999 -9999 -9999 -9999 -9999 -9999 -9999
0E0 0E0 0E0 0E0 0E0 0E0 0E0 0E0 0E0 0E0 8.715E-1 0E0 0E0 0E0 8.54419E-1 0E0 0E0 0E0 0E0 8.31863E-1 0E0 6.16639E-1 0E0 0E0 0E0 0E0 0E0 0E0 0E0 0E0 7.61821E-1 7.92406E-1 8.6421E-1 9.12322E-1 8.12187E-1 4.68287E-1 1.46269E-1 1.12809E-1 2.55894E-1 1.37486E-1 9.53093E-3 6.52932E-4 3.02326E-3 1.68804E-3 5.0896E-4 1.85897E-4 1.37247E-5 1.81776E-4 3.62301E-4 8.49695E-4 2.92681E-4 -9999 -9999 -9999 -9999 -9999 -9999 -9999 -9999 -9999 -9999 -9999 -9999 -9999 -9999 -9999 -9999 -9999 -9999 -9999 -9999 -9999 -9999 -9999 -9999 -9999 -9999 -9999
0E0 0E0 0E0 0E0 0E0 0E0 0E0 0E0 0E0 0E0 8.25358E-1 0E0 0E0 0E0 0E0 0E0 0E0 0E0 8.51021E-1 8.21056E-1 7.94213E-1 8.01401E-1 0E0 0E0 0E0 0E0 0E0 0E0 0E0 0E0 6.96804E-1 6.44937E-1 7.63666E-1 8.88184E-1 5.16597E-1 1.7427E-1 8.84159E-2 1.44206E-1 2.59996E-1 5.68915E-2 4.00909E-3 3.55919E-4 3.43979E-4 3.73027E-4 1.82492E-4 7.24996E-5 9.5786E-5 8.7852E-5 4.56437E-4 3.57471E-4 -9999 -9999 -9999 -9999 -9999 -9999 -9999 -9999 -9999 -9999 -9999 -9999 -9999 -9999 -9999 -9999 -9999 -9999 -9999 -9999 -9999 -9999 -9999 -9999 -9999 -9999 -9999 -9999
0E0 0E0 0E0 0E0 0E0 0E0 0E0 0E0 0E0 0E0 0E0 0E0 8.24646E-1 0E0 0E0 0E0 0E0 8.46571E-1 8.10725E-1 8.44589E-1 0E0 0E0 8.24421E-1 0E0 0E0 0E0 0E0 0E0 0E0 0E0 0E0 7.29288E-1 6.68292E-1 8.15995E-1 1.66734E-1 3.62735E-2 2.70648E-2 5.45199E-2 9.52531E-2 5.0073E-2 2.45493E-3 7.51179E-4 1.27051E-3 7.4396E-4 1.82401E-4 1.68161E-4 7.05492E-5 1.14149E-4 9.57095E-5 2.19859E-4 -9999 -9999 -9999 -9999 -9999 -9999 -9999 -9999 -9999 -9999 -9999 -9999 -9999 -9999 -9999 -9999 -9999 -9999 -9999 -9999 -9999 -9999 -9999 -9999 -9999 -9999 -9999 -9999
0E0 0E0 0E0 0E0 0E0 0E0 0E0 0E0 0E0 0E0 0E0 0E0 0E0 0E0 0E0 0E0 0E0 0E0 0E0 0E0 0E0 8.42145E-1 0E0 0E0 4.97358E-1 0E0 0E0 0E0 0E0 0E0 0E0 0E0 5.53102E-1 4.20633E-1 2.49886E-1 3.59111E-2 1.57311E-2 1.31453E-2 1.88355E-2 6.66996E-2 9.37062E-3 1.40477E-3 1.18109E-3 1.63058E-3 5.39018E-4 1.09153E-4 1.54782E-4 6.59739E-4 4.33025E-4 7.2529E-4 -9999 -9999 -9999 -9999 -9999 -9999 -9999 -9999 -9999 -9999 -9999 -9999 -9999 -9999 -9999 -9999 -9999 -9999 -9999 -9999 -9999 -9999 -9999 -9999 -9999 -9999 -9999 -9999
0E0 0E0 0E0 0E0 0E0 0E0 0E0 0E0 0E0 0E0 0E0 0E0 0E0 0E0 0E0 0E0 0E0 0E0 0E0 0E0 0E0 8.16117E-1 0E0 0E0 3.24393E-1 4.52299E-1 0E0 0E0 0E0 0E0 0E0 0E0 5.71819E-1 2.49915E-1 1.8922E-1 7.18464E-2 1.61631E-2 6.63526E-3 2.35911E-3 1.36275E-2 1.90956E-2 5.28978E-3 4.0078E-4 2.25599E-4 2.21449E-4 1.3926E-4 3.32854E-4 1.78797E-3 1.70939E-3 -9999 -9999 -9999 -9999 -9999 -9999 -9999 -9999 -9999 -9999 -9999 -9999 -9999 -9999 -9999 -9999 -9999 -9999 -9999 -9999 -9999 -9999 -9999 -9999 -9999 -9999 -9999 -9999 -9999
0E0 0E0 0E0 0E0 0E0 0E0 0E0 0E0 0E0 0E0 0E0 0E0 0E0 0E0 0E0 0E0 0E0 0E0 0E0 0E0 0E0 7.03746E-1 6.43684E-1 3.92957E-1 0E0 0E0 0E0 0E0 0E0 0E0 0E0 0E0 6.94208E-1 0E0 2.54536E-1 7.00313E-2 2.8205E-3 2.18596E-3 1.8174E-3 1.33106E-3 3.99494E-3 4.41336E-3 7.63684E-4 1.21654E-4 1.618E-4 1.32133E-3 1.77422E-3 1.25063E-3 1.27034E-3 -9999 -9999 -9999 -9999 -9999 -9999 -9999 -9999 -9999 -9999 -9999 -9999 -9999 -9999 -9999 -9999 -9999 -9999 -9999 -9999 -9999 -9999 -9999 -9999 -9999 -9999 -9999 -9999 -9999
0E0 0E0 0E0 0E0 0E0 0E0 0E0 0E0 0E0 0E0 0E0 0E0 0E0 0E0 0E0 5.41898E-1 0E0 0E0 0E0 0E0 6.69183E-1 7.86973E-1 7.85423E-1 7.08645E-1 5.86099E-1 0E0 0E0 0E0 0E0 0E0 0E0 0E0 0E0 3.40561E-1 1.55172E-1 1.02951E-1 5.30312E-2 5.63762E-2 2.20001E-2 1.24087E-3 7.80251E-4 3.9283E-3 6.16323E-4 2.10599E-4 3.42428E-4 2.47312E-3 6.38285E-3 1.35984E-3 3.21579E-3 -9999 -9999 -9999 -9999 -9999 -9999 -9999 -9999 -9999 -9999 -9999 -9999 -9999 -9999 -9999 -9999 -9999 -9999 -9999 -9999 -9999 -9999 -9999 -9999 -9999 -9999 -9999 -9999 -9999
0E0 0E0 0E0 0E0 0E0 0E0 0E0 0E0 0E0 0E0 0E0 0E0 0E0 0E0 0E0 3.93006E-1 3.99612E-1 3.10492E-1 0E0 0E0 0E0 8.24663E-1 4.44348E-1 5.93741E-1 7.59967E-1 6.75655E-1 5.36513E-1 0E0 0E0 0E0 0E0 0E0 0E0 3.93658E-1 1.38625E-1 4.01454E-1 3.93937E-1 2.51552E-1 6.9638E-2 1.76497E-3 5.80579E-4 1.77858E-4 9.28149E-5 1.63046E-4 1.59279E-3 4.37605E-3 1.84085E-3 7.15361E-3 6.64245E-3 -9999 -9999 -9999 -9999 -9999 -9999 -9999 -9999 -9999 -9999 -9999 -9999 -9999 -9999 -9999 -9999 -9999 -9999 -9999 -9999 -9999 -9999 -9999 -9999 -9999 -9999 -9999 -9999 -9999
0E0 0E0 0E0 0E0 0E0 0E0 0E0 0E0 0E0 0E0 0E0 0E0 0E0 2.81195E-1 1.60598E-1 9.86473E-2 1.88677E-1 3.48244E-1 0E0 0E0 0E0 8.75438E-1 2.61925E-1 3.37633E-1 4.60177E-1 7.59925E-1 5.61434E-1 0E0 0E0 0E0 0E0 6.49102E-1 4.82544E-1 3.41397E-1 1.15687E-1 1.86799E-1 2.5108E-1 5.69329E-2 1.33125E-2 4.11681E-3 4.921E-3 2.52648E-4 1.7146E-4 9.78105E-4 1.34438E-3 1.95328E-3 5.61113E-3 1.03886E-2 7.83622E-3 -9999 -9999 -9999 -9999 -9999 -9999 -9999 -9999 -9999 -9999 -9999 -9999 -9999 -9999 -9999 -9999 -9999 -9999 -9999 -9999 -9999 -9999 -9999 -9999 -9999 -9999 -9999 -9999 -9999
0E0 0E0 0E0 0E0 0E0 0E0 0E0 0E0 0E0 0E0 0E0 0E0 0E0 0E0 0E0 2.41306E-1 0E0 4.97697E-1 0E0 0E0 0E0 8.41404E-1 7.38666E-1 3.87614E-1 5.0327E-1 6.6971E-1 7.64199E-1 6.76093E-1 0E0 6.1512E-1 0E0 1.47036E-1 1.16447E-1 1.02895E-1 1.26919E-1 4.61859E-2 9.93471E-2 5.31493E-2 1.75188E-2 2.36424E-2 4.92797E-3 8.56575E-4 6.09268E-4 4.41653E-3 2.81536E-3 3.36673E-3 3.71889E-3 1.11937E-2 7.00446E-3 -9999 -9999 -9999 -9999 -9999 -9999 -9999 -9999 -9999 -9999 -9999 -9999 -9999 -9999 -9999 -9999 -9999 -9999 -9999 -9999 -9999 -9999 -9999 -9999 -9999 -9999 -9999 -9999 -9999
0E0 0E0 0E0 0E0 0E0 0E0 0E0 0E0 0E0 0E0 6.72985E-1 0E0 0E0 0E0 0E0 0E0 4.1703E-1 0E0 0E0 0E0 0E0 7.36425E-1 0E0 0E0 6.49391E-1 4.84957E-1 4.36865E-1 5.57479E-1 4.58713E-1 4.56434E-1 0E0 2.60332E-1 8.53757E-2 4.54264E-2 4.31654E-2 4.38536E-2 5.95825E-2 4.475E-2 4.80655E-2 1.12068E-2 4.59518E-3 7.76535E-4 3.56717E-4 6.73773E-3 7.47699E-3 8.42541E-3 1.05982E-2 7.69141E-3 7.2754E-3 -9999 -9999 -9999 -9999 -9999 -9999 -9999 -9999 -9999 -9999 -9999 -9999 -9999 -9999 -9999 -9999 -9999 -9999 -9999 -9999 -9999 -9999 -9999 -9999 -9999 -9999 -9999 -9999 -9999
0E0 0E0 0E0 0E0 0E0 0E0 0E0 0E0 0E0 7.01243E-1 5.65891E-1 6.61471E-1 0E0 0E0 0E0 0E0 0E0 0E0 0E0 0E0 0E0 6.11842E-1 6.13035E-1 0E0 0E0 4.72534E-1 4.35883E-1 4.15793E-1 4.86121E-1 2.84887E-1 0E0 3.75395E-1 2.32287E-1 1.65905E-1 1.90051E-2 3.3496E-3 1.0522E-2 4.18148E-2 2.95063E-2 9.96547E-3 1.58386E-3 1.26857E-3 3.33076E-3 2.84164E-3 4.83133E-3 1.35721E-2 1.90443E-2 1.64996E-3 1.22697E-3 -9999 -9999 -9999 -9999 -9999 -9999 -9999 -9999 -9999 -9999 -9999 -9999 -9999 -9999 -9999 -9999 -9999 -9999 -9999 -9999 -9999 -9999 -9999 -9999 -9999 -9999 -9999 -9999 -9999
0E0 0E0 0E0 0E0 0E0 0E0 0E0 0E0 0E0 7.25473E-1 6.9463E-1 6.75505E-1 0E0 0E0 0E0 0E0 0E0 0E0 0E0 0E0 0E0 8.02229E-1 7.84617E-1 0E0 0E0 0E0 4.01714E-1 0E0 0E0 3.75596E-1 0E0 1.87491E-1 1.91284E-1 3.02427E-2 1.17382E-2 3.42555E-3 1.79718E-3 2.1055E-3 2.00181E-3 3.13429E-3 9.50485E-4 3.16027E-3 4.10553E-3 6.93944E-3 1.39952E-2 2.54977E-2 7.35673E-3 7.04622E-4 2.72442E-4 -9999 -9999 -9999 -9999 -9999 -9999 -9999 -9999 -9999 -9999 -9999 -9999 -9999 -9999 -9999 -9999 -9999 -9999 -9999 -9999 -9999 -9999 -9999 -9999 -9999 -9999 -9999 -9999 -9999
