ENM/Final_Models/M_2_F_q_Set_1_NE/Gustavia_santanderiensis_0_Choco.asc
ncols         367
nrows         963
xllcorner     -78.6
yllcorner     0.65
cellsize      0.00833333333333323
NODATA_value  -9999
[rows 238 to 271 of 963, columns 234 to 311 of 367]
0E0 0E0 1.45459E-1 1.1474E-1 5.57056E-2 1.30101E-2 7.1719E-3 3.44806E-2 1.67198E-2 2.69393E-2 9.4202E-2 1.70621E-1 0E0 2.11343E-1 2.03174E-1 2.16704E-1 2.62656E-1 3.74221E-1 3.28841E-1 2.64706E-1 0E0 2.84585E-1 2.65016E-1 2.97887E-1 3.58902E-1 5.9414E-1 5.48398E-1 4.706E-1 4.18011E-1 2.63154E-1 2.72242E-1 2.48825E-1 2.54665E-1 1.5085E-1 1.07189E-1 5.36586E-2 2.57599E-2 3.13237E-2 2.65195E-2 4.3263E-2 1.71032E-2 1.07539E-2 9.40819E-4 2.10279E-4 9.12076E-4 1.61452E-3 9.88196E-4 4.13063E-4 9.47843E-4 1.13189E-3 5.28771E-4 1.27224E-4 1.02918E-5 6.10269E-7 1.12573E-6 6.42737E-5 1.12529E-5 1.29972E-5 3.77167E-6 2.71481E-5 -9999 -9999 -9999 -9999 -9999 -9999 -9999 -9999 -9999 -9999 -9999 -9999 -9999 -9999 -9999 -9999 -9999 -9999
0E0 0E0 3.33522E-1 1.99627E-1 1.17642E-1 2.33268E-2 8.4491E-3 3.16007E-2 2.21522E-2 2.21225E-2 6.33952E-2 1.59591E-1 0E0 1.36182E-1 2.5747E-1 1.85201E-1 2.18011E-1 2.62767E-1 2.72847E-1 2.93473E-1 2.09197E-1 2.05675E-1 0E0 2.77572E-1 4.20088E-1 5.04196E-1 6.41399E-1 5.49064E-1 4.53353E-1 4.71217E-1 1.80633E-1 1.82023E-1 2.04827E-1 2.42684E-1 1.0353E-1 4.72252E-2 4.02604E-2 3.07981E-2 8.13738E-3 2.62437E-2 1.27825E-2 5.25338E-3 5.81563E-4 6.40967E-4 2.2488E-3 1.81076E-3 8.44985E-4 1.01855E-3 7.12803E-4 2.75873E-4 3.44494E-4 1.40344E-4 3.80993E-6 -9999 -9999 4.43595E-6 9.03027E-7 1.88964E-7 5.32542E-6 -9999 -9999 -9999 -9999 -9999 -9999 -9999 -9999 -9999 -9999 -9999 -9999 -9999 -9999 -9999 -9999 -9999 -9999 -9999
0E0 0E0 0E0 1.99818E-1 1.99577E-1 1.23577E-1 1.7008E-2 9.5099E-3 3.45552E-2 3.20534E-2 5.35053E-2 9.20772E-2 0E0 0E0 2.45666E-1 2.50975E-1 2.28719E-1 2.52361E-1 2.28816E-1 2.95893E-1 2.23003E-1 1.1707E-1 1.90233E-1 3.95307E-1 3.72202E-1 5.6727E-1 5.74145E-1 7.6244E-1 3.91138E-1 3.06395E-1 2.70837E-1 1.44437E-1 2.01432E-1 1.85686E-1 7.78151E-2 6.87952E-2 5.31476E-2 3.36548E-2 1.12303E-2 1.5493E-2 7.64026E-3 4.68632E-3 2.79331E-3 1.78558E-3 2.94196E-3 2.94594E-3 6.7718E-4 4.02325E-4 4.69846E-4 5.48029E-5 8.03801E-6 2.58532E-6 1.66732E-6 1.58847E-6 1.59491E-7 -9999 1.20375E-6 -9999 -9999 -9999 -9999 -9999 -9999 -9999 -9999 -9999 -9999 -9999 -9999 -9999 -9999 -9999 -9999 -9999 -9999 -9999 -9999 -9999
0E0 0E0 0E0 0E0 0E0 1.14995E-1 1.82125E-2 1.24889E-2 2.40062E-2 2.52347E-2 4.3559E-2 7.18806E-2 0E0 0E0 4.32232E-1 3.46855E-1 4.04267E-1 3.89051E-1 2.3534E-1 1.98993E-1 1.99689E-1 1.28418E-1 2.46086E-1 3.79477E-1 3.91547E-1 5.19297E-1 6.47552E-1 6.29384E-1 4.31212E-1 4.92914E-1 2.97579E-1 1.75676E-1 1.56424E-1 1.23993E-1 7.45063E-2 4.08612E-2 3.02527E-2 2.40077E-2 6.13575E-3 5.04019E-3 1.92849E-3 2.04053E-3 3.30853E-3 3.94478E-3 4.09794E-3 1.15208E-3 3.46388E-4 2.55896E-4 7.82622E-4 9.75711E-5 6.76726E-5 1.65686E-5 8.37314E-7 1.00197E-7 9.62538E-8 2.65771E-6 -9999 -9999 -9999 -9999 -9999 -9999 -9999 -9999 -9999 -9999 -9999 -9999 -9999 -9999 -9999 -9999 -9999 -9999 -9999 -9999 -9999 -9999
0E0 0E0 0E0 0E0 0E0 9.00526E-2 1.33838E-2 1.01391E-2 1.52011E-2 1.72666E-2 2.99557E-2 6.56935E-2 0E0 0E0 5.31276E-1 3.00955E-1 4.41326E-1 3.77133E-1 3.23408E-1 1.78605E-1 1.10079E-1 1.68425E-1 4.2164E-1 5.75741E-1 5.50886E-1 5.88568E-1 6.53053E-1 7.00273E-1 6.82023E-1 6.71012E-1 2.44472E-1 1.24756E-1 8.36017E-2 7.95826E-2 1.13112E-1 3.78304E-2 1.97026E-2 1.10353E-2 6.03926E-3 6.01553E-3 8.48327E-4 7.13318E-4 1.00736E-3 2.18952E-3 1.89916E-3 2.41007E-3 1.8309E-3 7.99287E-4 1.16027E-3 6.71215E-4 2.51315E-4 3.27743E-5 1.50304E-6 9.08565E-7 1.26908E-7 7.02157E-7 -9999 -9999 -9999 -9999 -9999 -9999 -9999 -9999 -9999 -9999 -9999 -9999 -9999 -9999 -9999 -9999 -9999 -9999 -9999 -9999 -9999 -9999
0E0 0E0 0E0 0E0 0E0 1.08605E-1 1.73958E-2 9.31683E-3 8.61643E-3 1.32816E-2 2.08165E-2 5.63102E-2 0E0 0E0 6.05253E-1 5.8166E-1 7.2083E-1 5.77514E-1 2.61068E-1 2.73735E-1 1.66497E-1 2.46678E-1 4.32596E-1 6.60352E-1 7.78545E-1 7.12897E-1 6.87316E-1 6.765E-1 5.97531E-1 7.97201E-1 3.21943E-1 2.05453E-1 9.98326E-2 9.49199E-2 9.08316E-2 3.25519E-2 7.96567E-3 8.64365E-3 2.28896E-3 8.13692E-3 4.19032E-3 1.28109E-3 7.70414E-4 5.38028E-4 4.4399E-3 1.34143E-3 8.62145E-4 9.26094E-4 8.7357E-4 1.04632E-3 4.622E-4 1.01597E-4 1.29065E-5 1.35794E-5 3.08832E-6 -9999 -9999 -9999 -9999 -9999 -9999 -9999 -9999 -9999 -9999 -9999 -9999 -9999 -9999 -9999 -9999 -9999 -9999 -9999 -9999 -9999 -9999 -9999
0E0 0E0 0E0 0E0 0E0 2.50046E-1 2.75955E-2 1.72705E-2 2.48385E-2 1.85962E-2 2.7171E-2 0E0 0E0 0E0 7.72028E-1 6.96434E-1 7.87497E-1 6.48283E-1 4.4942E-1 4.11463E-1 3.44592E-1 4.7912E-1 6.21004E-1 7.77147E-1 7.53767E-1 7.49049E-1 7.23813E-1 7.33746E-1 7.72929E-1 8.56311E-1 2.9795E-1 1.69293E-1 2.01333E-1 1.55369E-1 6.75266E-2 2.42199E-2 1.20571E-2 1.57217E-2 1.08607E-2 1.01113E-2 8.15967E-3 4.15211E-3 3.32055E-3 1.74942E-4 4.94758E-4 1.79734E-3 1.2165E-3 4.46405E-4 3.53348E-4 4.76763E-4 6.28729E-4 1.11438E-3 6.24272E-4 1.10062E-4 2.71671E-5 2.80636E-6 -9999 -9999 -9999 -9999 -9999 -9999 -9999 -9999 -9999 -9999 -9999 -9999 -9999 -9999 -9999 -9999 -9999 -9999 -9999 -9999 -9999 -9999
0E0 0E0 0E0 0E0 0E0 8.94091E-2 3.20518E-2 1.77233E-2 2.1662E-2 2.66102E-2 3.08903E-2 0E0 0E0 0E0 7.00243E-1 7.04184E-1 5.34874E-1 4.51915E-1 5.03711E-1 3.94905E-1 5.61188E-1 6.20869E-1 7.51647E-1 7.72532E-1 7.92774E-1 7.06736E-1 8.32655E-1 6.79666E-1 4.64221E-1 6.00908E-1 3.70823E-1 9.41558E-2 1.11121E-1 2.90698E-1 9.99603E-2 7.47836E-2 5.23471E-2 3.40394E-2 1.58061E-2 1.68775E-2 3.78581E-3 2.7365E-3 2.04815E-3 9.20484E-4 1.41002E-4 1.04954E-3 5.27483E-4 5.45637E-5 1.27877E-4 1.71907E-4 2.69594E-4 7.04291E-4 3.27797E-4 5.77983E-5 1.3662E-5 1.35966E-6 2.70016E-7 -9999 -9999 -9999 -9999 -9999 -9999 -9999 -9999 -9999 -9999 -9999 -9999 -9999 -9999 -9999 -9999 -9999 -9999 -9999 -9999 -9999
0E0 0E0 0E0 0E0 0E0 6.00132E-2 9.5367E-3 1.55098E-2 2.7458E-2 3.4438E-2 0E0 0E0 0E0 0E0 8.84053E-1 9.16974E-1 6.74229E-1 5.69121E-1 5.30757E-1 5.85929E-1 6.74671E-1 6.20813E-1 6.11147E-1 7.14028E-1 6.89004E-1 7.27732E-1 6.36107E-1 5.64066E-1 4.3562E-1 6.36455E-1 2.67553E-1 7.49805E-2 2.57281E-1 2.8034E-1 8.39948E-2 4.21131E-2 1.52558E-2 5.82374E-3 1.11645E-2 1.7765E-2 7.75863E-3 5.5157E-3 5.37936E-3 7.82892E-4 5.89843E-5 5.31301E-5 1.34107E-5 4.77909E-5 1.51392E-5 7.68289E-6 3.96698E-5 5.30694E-5 1.8082E-4 1.57551E-4 3.77352E-5 2.29528E-5 4.70435E-7 -9999 -9999 -9999 -9999 -9999 -9999 -9999 -9999 -9999 -9999 -9999 -9999 -9999 -9999 -9999 -9999 -9999 -9999 -9999 -9999 -9999
0E0 0E0 0E0 0E0 0E0 8.623E-2 2.7432E-2 1.445E-2 2.53578E-2 2.71641E-2 0E0 0E0 0E0 0E0 9.96298E-1 7.01223E-1 4.35975E-1 3.47564E-1 3.66884E-1 6.75463E-1 7.0116E-1 4.38622E-1 3.27987E-1 2.93742E-1 3.31609E-1 4.01192E-1 3.74693E-1 6.95596E-1 7.01868E-1 4.10447E-1 2.08477E-1 1.65475E-1 2.07112E-1 2.4924E-1 1.55792E-1 5.95062E-2 1.89219E-2 1.01838E-2 1.21171E-2 7.23142E-3 4.04354E-3 6.01034E-4 2.1657E-4 2.72883E-4 2.73512E-5 1.03743E-4 5.55714E-6 1.83227E-5 3.90944E-6 2.47531E-6 1.93538E-6 4.38956E-6 1.08763E-6 2.83451E-5 2.44739E-5 9.85548E-6 8.5153E-7 -9999 -9999 -9999 -9999 -9999 -9999 -9999 -9999 -9999 -9999 -9999 -9999 -9999 -9999 -9999 -9999 -9999 -9999 -9999 -9999 -9999
0E0 0E0 0E0 0E0 0E0 0E0 2.83027E-2 3.73508E-2 6.19006E-2 0E0 0E0 0E0 0E0 0E0 9.81837E-1 6.00505E-1 6.67937E-1 3.07466E-1 3.42816E-1 4.16073E-1 6.92724E-1 4.1214E-1 2.13093E-1 2.2684E-1 2.82894E-1 3.16423E-1 2.03198E-1 4.54271E-1 7.78857E-1 3.32932E-1 1.90636E-1 1.8486E-1 1.92486E-1 2.87655E-1 1.48181E-1 1.70657E-1 2.84133E-2 1.19092E-2 1.32106E-2 1.15309E-2 2.86399E-3 3.20928E-4 1.24826E-4 1.58412E-4 3.43095E-5 7.41054E-5 7.34881E-6 7.81254E-5 3.06216E-5 5.21388E-6 1.21961E-6 1.20475E-6 4.61299E-7 2.65563E-6 -9999 -9999 -9999 -9999 -9999 -9999 -9999 -9999 -9999 -9999 -9999 -9999 -9999 -9999 -9999 -9999 -9999 -9999 -9999 -9999 -9999 -9999 -9999 -9999
0E0 0E0 0E0 0E0 0E0 0E0 1.08506E-1 0E0 0E0 0E0 0E0 0E0 0E0 7.52717E-1 9.94559E-1 5.57837E-1 4.70294E-1 3.6952E-1 3.58733E-1 4.55984E-1 4.25262E-1 3.18635E-1 2.61638E-1 4.29932E-1 4.7434E-1 4.20773E-1 3.56131E-1 2.22755E-1 8.1768E-1 4.76513E-1 2.0655E-1 1.42305E-1 2.50642E-1 2.67905E-1 3.85407E-1 3.04148E-1 8.18051E-2 2.71167E-2 1.16381E-2 6.35497E-3 2.51967E-3 1.10801E-3 1.07159E-4 7.19415E-5 1.12175E-4 1.86019E-4 1.50657E-4 3.49039E-4 1.66043E-4 4.91524E-5 4.88072E-6 1.31776E-6 3.5793E-7 -9999 -9999 -9999 -9999 -9999 -9999 -9999 -9999 -9999 -9999 -9999 -9999 -9999 -9999 -9999 -9999 -9999 -9999 -9999 -9999 -9999 -9999 -9999 -9999 -9999
0E0 0E0 0E0 0E0 0E0 0E0 0E0 0E0 0E0 0E0 0E0 0E0 0E0 9.77231E-1 9.95185E-1 6.74618E-1 4.6501E-1 6.8402E-1 7.25707E-1 6.32112E-1 6.23103E-1 4.73702E-1 6.21046E-1 3.11702E-1 4.58499E-1 4.44004E-1 3.80052E-1 2.08412E-1 6.58625E-1 3.85412E-1 2.89849E-1 2.22161E-1 8.14676E-2 1.88891E-1 3.30601E-1 2.56627E-1 8.16271E-2 4.18007E-2 7.59267E-3 5.0017E-3 5.03977E-3 1.17332E-3 1.69423E-4 1.25567E-4 2.43893E-4 6.58643E-4 1.2189E-3 1.00093E-3 1.53249E-4 1.18573E-4 3.49722E-5 8.58807E-6 7.67733E-6 -9999 -9999 -9999 -9999 2.1701E-6 9.12469E-7 -9999 -9999 -9999 -9999 -9999 -9999 -9999 -9999 -9999 -9999 -9999 -9999 -9999 -9999 -9999 -9999 -9999 -9999 -9999
0E0 0E0 0E0 0E0 0E0 0E0 0E0 0E0 0E0 0E0 7.11228E-1 0E0 7.46146E-1 3.79763E-1 9.34208E-1 9.33328E-1 5.14312E-1 3.43033E-1 4.07634E-1 5.33613E-1 7.88747E-1 5.62334E-1 5.26853E-1 7.44917E-1 6.95809E-1 8.27522E-1 6.33037E-1 5.65992E-1 7.61184E-1 5.21347E-1 3.34995E-1 7.74495E-2 9.83838E-2 1.98605E-1 3.37957E-1 2.32278E-1 1.00842E-1 4.48617E-2 6.61043E-3 5.15431E-3 4.02604E-3 2.5261E-3 1.60893E-3 2.07936E-3 7.06451E-4 7.66652E-4 1.31874E-3 1.05296E-4 1.35983E-4 6.97619E-5 2.56312E-5 7.95984E-6 -9999 -9999 6.03164E-7 1.45246E-6 1.4514E-6 4.6393E-6 7.41012E-7 -9999 -9999 -9999 -9999 -9999 -9999 -9999 -9999 -9999 -9999 -9999 -9999 -9999 -9999 -9999 -9999 -9999 -9999 -9999
0E0 0E0 0E0 0E0 0E0 0E0 0E0 0E0 0E0 0E0 0E0 0E0 5.78416E-1 4.13928E-1 5.87366E-1 9.57754E-1 8.08279E-1 5.19271E-1 6.13866E-1 5.17789E-1 5.10772E-1 5.82931E-1 5.83441E-1 6.90437E-1 7.99639E-1 7.211E-1 7.93651E-1 9.3167E-1 6.09496E-1 2.82343E-1 3.68701E-1 1.05315E-1 1.83594E-1 1.74815E-1 4.2141E-1 2.42466E-1 1.92816E-1 9.76954E-2 3.35043E-2 2.32274E-2 2.59738E-3 3.62906E-3 6.07224E-3 6.16926E-3 3.73158E-3 1.29723E-3 1.8668E-3 1.22162E-4 1.10678E-4 3.8506E-5 1.80415E-5 7.13302E-6 4.80737E-6 4.87585E-6 1.18799E-5 5.28925E-6 9.7351E-6 2.0233E-6 5.2276E-5 1.31988E-5 -9999 -9999 -9999 -9999 -9999 -9999 -9999 -9999 -9999 -9999 -9999 -9999 -9999 -9999 -9999 -9999 -9999 -9999
0E0 0E0 0E0 0E0 0E0 0E0 0E0 0E0 0E0 0E0 0E0 0E0 0E0 3.60733E-1 6.82366E-1 6.42209E-1 9.23003E-1 5.50148E-1 4.51532E-1 5.81056E-1 6.08424E-1 6.05048E-1 6.25455E-1 8.22958E-1 7.74159E-1 9.51414E-1 9.81222E-1 8.80877E-1 5.21754E-1 3.24438E-1 4.26083E-1 4.02341E-1 3.17267E-1 3.67277E-1 3.77402E-1 3.60598E-1 1.84014E-1 1.53962E-1 7.61015E-2 4.4757E-2 1.80855E-2 2.48865E-3 1.19628E-3 5.9092E-3 1.35309E-3 1.95656E-3 5.52668E-4 6.97509E-4 4.90402E-4 1.81062E-4 1.81078E-5 2.49337E-5 5.68818E-5 6.53899E-6 1.59252E-5 2.07211E-5 9.43978E-6 4.40613E-5 6.02996E-6 2.06095E-5 -9999 -9999 -9999 -9999 -9999 -9999 -9999 -9999 -9999 -9999 -9999 -9999 -9999 -9999 -9999 -9999 -9999 -9999
0E0 0E0 0E0 0E0 0E0 0E0 0E0 0E0 0E0 0E0 0E0 0E0 0E0 5.75056E-1 8.27721E-1 7.11628E-1 9.88431E-1 7.58743E-1 6.90025E-1 4.47367E-1 4.09591E-1 4.39784E-1 5.39644E-1 7.64498E-1 8.44337E-1 9.9268E-1 7.2803E-1 7.76384E-1 5.8518E-1 4.19139E-1 2.54995E-1 3.54246E-1 3.75791E-1 3.62833E-1 1.77141E-1 3.16394E-1 2.16881E-1 1.52736E-1 6.36933E-2 7.25785E-2 5.42271E-2 1.83986E-2 2.99047E-3 8.61366E-3 6.90148E-3 8.22153E-4 8.56631E-4 1.13416E-3 2.43749E-4 4.44052E-5 6.59116E-5 5.88154E-5 8.09524E-5 1.28443E-4 4.0026E-5 1.9457E-5 2.067E-5 2.33935E-5 3.06043E-5 3.29981E-6 8.11449E-6 -9999 -9999 -9999 -9999 -9999 -9999 -9999 -9999 -9999 -9999 -9999 -9999 -9999 -9999 -9999 -9999 -9999
0E0 0E0 0E0 0E0 0E0 0E0 0E0 0E0 6.66361E-2 0E0 0E0 0E0 0E0 0E0 0E0 8.58088E-1 9.31468E-1 9.21768E-1 8.64558E-1 8.54893E-1 7.9781E-1 5.55013E-1 6.64838E-1 8.41714E-1 9.9492E-1 9.96512E-1 5.63822E-1 6.52895E-1 5.99411E-1 3.55222E-1 2.70924E-1 2.71285E-1 3.75909E-1 3.83099E-1 1.74087E-1 1.74305E-1 2.14194E-1 2.26395E-1 9.39262E-2 6.88232E-2 6.39516E-2 3.70105E-2 5.20357E-3 2.78967E-3 1.08346E-3 3.02061E-4 8.07113E-4 3.5393E-4 8.07144E-5 8.54669E-5 6.77245E-5 4.98957E-4 1.83179E-4 1.79511E-4 4.42329E-5 1.48816E-5 4.47706E-5 1.27975E-4 7.48935E-5 1.87482E-5 3.63453E-6 -9999 -9999 -9999 -9999 -9999 -9999 -9999 -9999 -9999 -9999 -9999 -9999 -9999 -9999 -9999 -9999 -9999
0E0 0E0 0E0 0E0 0E0 0E0 0E0 1.52854E-2 3.18487E-2 4.94083E-2 7.6954E-2 0E0 0E0 0E0 0E0 0E0 9.99409E-1 9.83216E-1 9.13951E-1 9.88431E-1 6.82202E-1 5.96883E-1 6.52196E-1 7.68276E-1 9.39575E-1 7.45365E-1 4.38168E-1 6.29318E-1 6.08406E-1 4.1197E-1 3.93978E-1 2.80225E-1 1.86923E-1 2.85057E-1 1.19895E-1 1.1903E-1 1.58938E-1 1.47995E-1 9.19318E-2 5.27004E-2 4.05596E-2 1.28235E-2 1.61064E-3 3.40884E-4 1.18689E-4 2.51852E-4 1.9456E-4 8.44347E-5 1.51391E-4 2.05062E-4 9.32651E-5 4.10239E-5 1.65517E-5 1.19326E-5 4.51436E-5 3.72779E-5 2.98875E-5 8.02737E-5 7.98186E-5 7.75855E-5 4.52047E-5 4.2582E-5 -9999 -9999 -9999 -9999 -9999 -9999 -9999 -9999 -9999 -9999 -9999 -9999 -9999 -9999 -9999 -9999
0E0 0E0 0E0 0E0 0E0 0E0 4.39733E-2 4.36063E-2 4.27548E-2 8.70666E-2 1.53584E-1 1.46442E-1 0E0 0E0 0E0 0E0 9.88937E-1 5.98894E-1 8.25049E-1 8.33436E-1 5.19883E-1 7.30857E-1 5.88352E-1 9.16055E-1 8.24788E-1 4.47931E-1 3.98481E-1 5.60837E-1 4.92608E-1 2.84807E-1 1.71298E-1 1.24682E-1 1.33716E-1 1.47792E-1 1.848E-1 1.5655E-1 1.11151E-1 7.28756E-2 6.36172E-2 4.12727E-2 3.40038E-2 1.43665E-2 2.36842E-3 2.13334E-3 2.64716E-3 1.69923E-3 4.15141E-3 5.22263E-4 1.76693E-3 3.17459E-3 1.07183E-3 2.50556E-4 1.72247E-4 3.95039E-5 1.0523E-4 2.09222E-5 6.13535E-5 1.14295E-4 1.8306E-4 2.09052E-4 1.1357E-4 6.06305E-5 6.62119E-5 -9999 -9999 -9999 -9999 -9999 -9999 -9999 -9999 -9999 -9999 -9999 -9999 -9999 -9999 -9999
0E0 0E0 0E0 0E0 0E0 0E0 0E0 2.90682E-2 1.59739E-2 6.56088E-2 1.36645E-1 0E0 0E0 0E0 0E0 0E0 9.31896E-1 6.96505E-1 5.93553E-1 7.04581E-1 4.66284E-1 3.19677E-1 5.86067E-1 7.3866E-1 3.50357E-1 1.83031E-1 1.83136E-1 3.2945E-1 3.71454E-1 2.76233E-1 2.49386E-1 2.3718E-1 1.94533E-1 1.92429E-1 1.71941E-1 1.64592E-1 9.08195E-2 8.57175E-2 7.13994E-2 7.09187E-2 6.08511E-2 3.08709E-2 4.4685E-3 4.87041E-3 4.74177E-3 4.09647E-3 4.01653E-3 4.66564E-3 5.09833E-3 4.19575E-3 1.09985E-3 2.41072E-4 2.79725E-5 6.7093E-5 1.13125E-4 4.46705E-5 1.86661E-4 1.05244E-4 1.42238E-4 5.34146E-5 4.31554E-5 5.07569E-5 3.31361E-5 3.7053E-5 -9999 -9999 -9999 -9999 -9999 -9999 -9999 -9999 -9999 -9999 -9999 -9999 -9999 -9999
0E0 0E0 0E0 0E0 0E0 0E0 0E0 0E0 4.33274E-2 6.55495E-2 3.78374E-2 4.51122E-2 0E0 0E0 0E0 0E0 9.02521E-1 9.76892E-1 8.44424E-1 7.75817E-1 5.75554E-1 1.70432E-1 3.68224E-1 3.75183E-1 1.73684E-1 2.1227E-1 1.76226E-1 2.66006E-1 3.90832E-1 2.19345E-1 2.14971E-1 2.72131E-1 2.89789E-1 2.3266E-1 1.47051E-1 1.14404E-1 7.81711E-2 1.41176E-1 1.51801E-1 8.53947E-2 2.94739E-2 3.09753E-2 3.82619E-3 2.86804E-3 9.56385E-4 9.63616E-4 2.95184E-3 3.45314E-3 1.46972E-3 3.03666E-4 8.50772E-5 2.54131E-5 1.75564E-4 1.66641E-4 8.38562E-5 1.51097E-4 2.07401E-4 1.82444E-4 2.40471E-4 3.3452E-4 1.32484E-4 1.23093E-4 1.35665E-4 5.10977E-5 8.86205E-5 -9999 -9999 -9999 -9999 -9999 -9999 -9999 -9999 -9999 -9999 -9999 -9999 -9999
0E0 0E0 0E0 0E0 0E0 0E0 0E0 0E0 1.31634E-1 7.89089E-2 3.69967E-2 4.11298E-2 5.66495E-2 0E0 0E0 0E0 0E0 9.60325E-1 9.53275E-1 9.61464E-1 7.36778E-1 2.83081E-1 3.03555E-1 4.63998E-1 2.1084E-1 1.6166E-1 2.24568E-1 2.85611E-1 4.36511E-1 3.98138E-1 3.20612E-1 2.49076E-1 2.32484E-1 2.6373E-1 2.12361E-1 8.88826E-2 1.00212E-1 1.17157E-1 1.7238E-1 5.84796E-2 2.24571E-2 2.52681E-2 3.9175E-3 2.58167E-3 5.7186E-4 3.76183E-4 7.86021E-4 1.08062E-3 1.33777E-3 1.21141E-3 3.3587E-5 1.57573E-5 1.69872E-6 1.05612E-4 1.38007E-4 5.29743E-4 4.86961E-4 1.99553E-4 1.55217E-4 -9999 -9999 -9999 4.58181E-5 5.07918E-5 6.51246E-5 -9999 -9999 -9999 -9999 -9999 -9999 -9999 -9999 -9999 -9999 -9999 -9999 -9999
0E0 0E0 0E0 0E0 0E0 0E0 0E0 0E0 0E0 7.29125E-2 3.66337E-2 4.21317E-2 5.39082E-2 1.37115E-1 0E0 0E0 0E0 8.30175E-1 9.31795E-1 9.40416E-1 9.35669E-1 4.53555E-1 3.48247E-1 3.15135E-1 1.88767E-1 2.11213E-1 1.97612E-1 2.43568E-1 2.96145E-1 3.5158E-1 2.86109E-1 2.85307E-1 4.52421E-1 3.58613E-1 6.9271E-1 1.29649E-1 1.27274E-1 1.33888E-1 0E0 7.3909E-2 2.15849E-2 1.62914E-2 7.21913E-3 7.54428E-3 5.53968E-3 2.00241E-3 1.7082E-3 6.32868E-4 3.43533E-4 2.34636E-3 6.4185E-5 1.01013E-5 1.14537E-5 1.11699E-4 3.19716E-4 3.06157E-4 4.63789E-4 5.13391E-4 2.99253E-4 1.66679E-4 -9999 -9999 -9999 6.43644E-7 1.85062E-6 -9999 -9999 -9999 -9999 -9999 -9999 -9999 -9999 -9999 -9999 -9999 -9999 -9999
0E0 0E0 0E0 0E0 0E0 0E0 0E0 0E0 0E0 1.54372E-1 4.12618E-2 2.79445E-2 4.02218E-2 6.84564E-2 0E0 0E0 0E0 0E0 8.36727E-1 5.35896E-1 7.43317E-1 7.2239E-1 4.86015E-1 3.98955E-1 2.35946E-1 4.48765E-1 2.48238E-1 2.31141E-1 4.32665E-1 4.5211E-1 3.76978E-1 3.51318E-1 4.10028E-1 4.60679E-1 6.15941E-1 1.84541E-1 1.2522E-1 1.73772E-1 8.9687E-2 8.24482E-2 3.47493E-2 2.30825E-2 6.73236E-3 1.98327E-3 2.99924E-3 2.62227E-3 1.75567E-3 5.25807E-4 5.48312E-4 1.96914E-4 1.4891E-4 2.55916E-5 8.52322E-5 2.58276E-4 4.73882E-4 4.15425E-4 5.17508E-4 3.19924E-4 2.39614E-4 7.31581E-5 -9999 -9999 -9999 -9999 -9999 6.37393E-7 -9999 -9999 -9999 -9999 -9999 -9999 -9999 -9999 -9999 -9999 -9999 -9999
0E0 0E0 0E0 0E0 0E0 0E0 0E0 0E0 0E0 0E0 3.42372E-2 4.71338E-2 2.58273E-2 4.41109E-2 0E0 0E0 0E0 0E0 6.99367E-1 5.68865E-1 6.18699E-1 3.89836E-1 4.65496E-1 2.69186E-1 2.02113E-1 2.18263E-1 2.73632E-1 5.8424E-1 4.06802E-1 3.81607E-1 5.62637E-1 3.97191E-1 3.21645E-1 0E0 4.46453E-1 3.42204E-1 1.70501E-1 6.60944E-2 8.13153E-2 1.13172E-1 8.53003E-2 5.11814E-2 1.78868E-2 1.41111E-3 1.10412E-3 1.00742E-3 6.64013E-4 2.34491E-5 6.00198E-5 5.50411E-5 2.31671E-4 3.8272E-4 8.55377E-5 5.8039E-5 5.30309E-4 8.12512E-4 4.41416E-4 2.78467E-4 9.94874E-5 6.91182E-5 5.75391E-6 -9999 -9999 -9999 -9999 -9999 -9999 -9999 -9999 -9999 -9999 -9999 -9999 -9999 -9999 -9999 -9999 -9999
0E0 0E0 0E0 0E0 0E0 0E0 0E0 0E0 0E0 0E0 1.00997E-1 5.98708E-2 3.82438E-2 5.60846E-2 0E0 0E0 0E0 0E0 6.06996E-1 8.25598E-1 9.34486E-1 6.19171E-1 2.69121E-1 2.29627E-1 2.50579E-1 3.02968E-1 4.13827E-1 6.34244E-1 3.93311E-1 3.70579E-1 4.96425E-1 5.60381E-1 6.40204E-1 5.82717E-1 3.60942E-1 3.45805E-1 2.58717E-1 1.34401E-1 8.77587E-2 1.34118E-1 8.29006E-2 3.17732E-2 1.53565E-2 1.12506E-3 1.4466E-3 1.31548E-3 2.81877E-4 2.90219E-3 3.7816E-3 2.28265E-5 5.91599E-4 2.05235E-4 5.26634E-4 2.22962E-4 8.41712E-4 5.779E-4 6.48783E-4 7.85355E-4 6.47765E-4 -9999 -9999 -9999 -9999 -9999 -9999 -9999 -9999 -9999 -9999 -9999 -9999 -9999 -9999 -9999 -9999 -9999 -9999 -9999
0E0 0E0 0E0 0E0 0E0 0E0 0E0 0E0 0E0 1.61592E-1 5.69574E-2 8.62565E-2 5.60326E-2 0E0 0E0 0E0 0E0 0E0 0E0 8.02855E-1 8.52974E-1 6.69343E-1 3.1641E-1 4.20395E-1 3.90682E-1 4.14298E-1 4.23547E-1 4.65891E-1 5.28126E-1 6.92436E-1 6.47E-1 4.16802E-1 2.66856E-1 2.07815E-1 2.26028E-1 3.87121E-1 2.19107E-1 1.04657E-1 8.09213E-2 1.04592E-1 0E0 5.65349E-2 2.06293E-2 8.04937E-4 5.72824E-4 7.46662E-4 4.954E-4 5.68016E-4 6.08868E-3 6.32156E-5 1.44624E-3 6.56044E-4 1.27221E-3 5.60373E-4 6.25948E-4 7.33925E-4 6.72741E-4 5.23908E-4 6.17176E-4 -9999 -9999 -9999 -9999 -9999 -9999 -9999 -9999 -9999 -9999 -9999 -9999 -9999 -9999 -9999 -9999 -9999 -9999 -9999
0E0 0E0 0E0 0E0 0E0 0E0 0E0 0E0 0E0 5.59717E-2 3.16302E-2 5.74016E-2 5.8113E-2 1.5839E-1 2.07865E-1 0E0 0E0 0E0 0E0 8.11008E-1 9.45586E-1 8.99204E-1 4.36686E-1 5.61229E-1 5.8351E-1 6.50617E-1 5.40753E-1 5.09382E-1 3.72664E-1 5.2507E-1 4.44631E-1 4.63025E-1 2.79959E-1 0E0 0E0 0E0 4.10145E-1 1.35209E-1 1.43527E-1 1.15973E-1 9.27024E-2 4.39591E-2 2.69923E-2 3.2561E-3 2.74089E-4 9.06086E-4 7.12801E-4 8.28288E-4 1.46262E-4 1.20309E-4 1.3686E-3 1.02953E-3 7.42932E-4 1.00434E-3 1.40178E-3 5.39379E-4 1.42421E-3 5.18514E-4 -9999 -9999 -9999 -9999 -9999 -9999 -9999 -9999 -9999 -9999 -9999 -9999 -9999 -9999 -9999 -9999 -9999 -9999 -9999 -9999
0E0 0E0 0E0 0E0 0E0 0E0 0E0 0E0 0E0 6.08069E-2 1.0273E-2 3.51647E-2 8.32858E-2 1.36409E-1 2.07031E-1 1.29811E-1 0E0 0E0 0E0 6.0785E-1 9.54758E-1 7.89762E-1 3.24672E-1 5.40884E-1 5.95152E-1 5.3824E-1 4.91684E-1 5.08497E-1 4.25918E-1 3.9402E-1 3.52073E-1 5.07051E-1 2.85354E-1 0E0 0E0 0E0 0E0 2.73825E-1 2.40557E-1 2.8128E-1 1.19072E-1 0E0 3.41274E-2 6.32579E-3 1.21968E-2 9.4923E-3 4.38263E-4 1.2396E-3 5.23041E-4 9.30635E-5 1.50331E-3 1.57189E-3 1.01699E-3 1.74389E-3 2.03176E-3 1.31479E-3 3.9244E-4 2.36409E-4 1.29341E-4 -9999 -9999 -9999 -9999 -9999 -9999 -9999 -9999 -9999 -9999 -9999 -9999 -9999 -9999 -9999 -9999 -9999 -9999 -9999
0E0 0E0 0E0 0E0 0E0 0E0 0E0 0E0 0E0 9.94543E-2 3.28799E-2 3.54832E-2 3.33153E-2 4.11172E-2 6.56656E-2 1.05159E-1 1.88352E-1 0E0 0E0 7.5016E-1 9.84872E-1 8.14001E-1 8.52342E-1 7.2765E-1 5.84159E-1 6.80417E-1 6.36412E-1 6.53807E-1 3.6398E-1 4.12765E-1 3.31578E-1 2.87105E-1 2.9211E-1 3.24162E-1 0E0 0E0 0E0 0E0 3.61579E-1 2.26512E-1 3.49132E-1 1.29671E-1 3.87292E-2 8.66577E-3 1.47899E-2 1.08355E-2 6.25591E-3 4.92845E-3 2.14571E-3 5.36649E-4 3.42584E-3 2.44559E-3 3.30793E-3 1.41409E-3 2.25992E-3 8.22521E-4 1.01217E-3 1.1269E-4 7.16542E-5 -9999 -9999 -9999 2.01538E-6 -9999 -9999 -9999 -9999 -9999 -9999 -9999 -9999 -9999 -9999 -9999 -9999 -9999 -9999 -9999
0E0 0E0 0E0 0E0 0E0 0E0 0E0 0E0 0E0 1.37193E-1 1.00699E-1 6.39119E-2 2.31126E-2 1.84999E-2 2.97708E-2 9.35891E-2 2.60315E-1 0E0 0E0 0E0 9.3054E-1 9.71255E-1 9.59917E-1 8.66146E-1 7.32484E-1 8.319E-1 8.47826E-1 7.91701E-1 4.60794E-1 3.53293E-1 1.92024E-1 2.27671E-1 0E0 0E0 0E0 0E0 0E0 0E0 0E0 0E0 0E0 0E0 8.28638E-2 1.3988E-2 1.41364E-2 4.8672E-3 7.72449E-3 1.59948E-2 4.83048E-3 2.5412E-3 4.50773E-3 2.92581E-3 2.40841E-3 1.92226E-3 9.49363E-4 1.01462E-3 2.43843E-4 2.89475E-4 1.12469E-4 -9999 -9999 -9999 2.30342E-6 -9999 -9999 -9999 -9999 -9999 -9999 -9999 -9999 -9999 -9999 -9999 -9999 -9999 -9999 -9999
0E0 0E0 0E0 0E0 0E0 0E0 0E0 0E0 0E0 9.22724E-2 3.84357E-2 1.57519E-2 2.48595E-2 2.7575E-2 4.12002E-2 6.55809E-2 0E0 0E0 0E0 0E0 8.63592E-1 9.34795E-1 8.42114E-1 8.85268E-1 8.37988E-1 7.68945E-1 7.70932E-1 5.73671E-1 4.62547E-1 2.76514E-1 1.24465E-1 0E0 0E0 0E0 0E0 0E0 0E0 0E0 0E0 0E0 0E0 0E0 9.33594E-2 0E0 3.48675E-2 4.34992E-2 2.74012E-2 2.50993E-2 7.08798E-3 3.16735E-3 1.29713E-2 1.16997E-2 6.38838E-3 3.13358E-3 2.10417E-3 6.34384E-4 2.50257E-4 2.64134E-4 1.25824E-4 4.1047E-5 1.16436E-4 1.68873E-5 -9999 -9999 -9999 -9999 -9999 -9999 -9999 -9999 -9999 -9999 -9999 -9999 -9999 -9999 -9999 -9999
0E0 0E0 0E0 0E0 0E0 0E0 0E0 0E0 0E0 4.82666E-2 8.82042E-3 1.50304E-2 1.75548E-2 1.12026E-2 2.42706E-2 4.72244E-2 0E0 0E0 0E0 8.82087E-1 4.85121E-1 8.10817E-1 7.84413E-1 8.32678E-1 8.87766E-1 9.14427E-1 7.16578E-1 7.13095E-1 4.31855E-1 3.41666E-1 2.47942E-1 1.87241E-1 0E0 0E0 0E0 0E0 0E0 0E0 6.73034E-2 8.5783E-2 1.02572E-1 6.47053E-2 0E0 0E0 5.93436E-3 9.95955E-3 1.47977E-2 1.24667E-2 3.01846E-3 8.68569E-3 1.52723E-2 1.21467E-2 4.83537E-3 2.03346E-3 1.48813E-3 1.60716E-3 1.17552E-3 2.80738E-4 2.26627E-4 3.46368E-5 4.84803E-5 4.92614E-6 1.62933E-6 -9999 -9999 -9999 -9999 -9999 -9999 -9999 -9999 -9999 -9999 -9999 -9999 -9999 -9999 -9999
