ENM/Final_Models/M_2_F_q_Set_1_NE/Gustavia_santanderiensis_7_Choco.asc
ncols         367
nrows         963
xllcorner     -78.6
yllcorner     0.65
cellsize      0.00833333333333323
NODATA_value  -9999
[rows 476 to 509 of 963, columns 234 to 311 of 367]
0E0 0E0 0E0 0E0 0E0 0E0 0E0 0E0 0E0 0E0 0E0 0E0 0E0 0E0 0E0 0E0 0E0 0E0 0E0 0E0 0E0 0E0 0E0 0E0 0E0 7.36103E-2 3.84539E-3 4.17231E-2 1.32754E-1 3.05944E-1 1.20525E-1 7.24017E-1 6.99504E-1 3.21361E-1 3.72836E-1 4.5751E-1 5.01933E-1 2.2509E-1 2.80772E-1 1.68865E-1 7.48515E-2 3.54414E-2 7.81833E-3 3.48219E-2 1.85377E-2 9.63686E-3 4.24796E-3 5.22726E-3 7.82598E-3 2.32885E-2 7.72756E-2 2.04956E-2 2.34504E-2 2.92723E-2 1.80958E-2 -9999 -9999 -9999 -9999 -9999 -9999 -9999 -9999 -9999 -9999 -9999 -9999 -9999 -9999 -9999 -9999 -9999 -9999 -9999 -9999 -9999 -9999 -9999
0E0 0E0 0E0 0E0 0E0 0E0 0E0 0E0 0E0 0E0 0E0 0E0 0E0 0E0 0E0 0E0 0E0 0E0 0E0 0E0 0E0 1.39853E-1 1.18869E-1 9.61068E-3 8.02406E-2 6.70643E-3 1.8327E-1 1.45239E-1 4.68068E-1 3.4542E-1 5.26033E-1 3.64677E-1 2.97315E-1 3.0696E-1 6.72904E-1 6.49203E-1 3.05584E-1 4.54906E-1 1.93906E-1 1.96985E-1 6.30364E-2 2.2262E-2 9.09912E-3 1.89438E-2 4.88726E-2 1.90594E-2 1.11379E-2 8.36891E-3 2.0515E-2 8.6413E-2 3.76721E-2 4.03438E-2 4.42119E-2 8.62359E-3 1.32711E-2 -9999 -9999 -9999 -9999 -9999 -9999 -9999 -9999 -9999 -9999 -9999 -9999 -9999 -9999 -9999 -9999 -9999 -9999 -9999 -9999 -9999 -9999 -9999
0E0 0E0 0E0 0E0 0E0 0E0 0E0 0E0 0E0 0E0 0E0 0E0 0E0 0E0 0E0 0E0 0E0 0E0 2.4842E-2 1.90848E-2 1.50702E-1 3.51371E-1 3.0841E-1 2.95833E-1 5.74827E-1 8.65189E-1 7.80662E-2 2.44342E-1 6.32239E-1 6.54994E-1 0E0 6.13815E-1 2.95973E-1 4.07746E-1 4.20244E-1 4.17673E-1 2.66834E-1 2.58686E-1 1.88165E-1 2.2563E-1 3.87046E-2 3.05646E-2 2.81253E-3 9.74435E-3 1.41068E-2 1.98448E-3 2.421E-2 6.86174E-3 6.28966E-3 2.46359E-2 5.10356E-2 3.96734E-2 3.35723E-2 1.21995E-1 1.27689E-1 -9999 -9999 -9999 -9999 -9999 -9999 -9999 -9999 -9999 -9999 -9999 -9999 -9999 -9999 -9999 -9999 -9999 -9999 -9999 -9999 -9999 -9999 -9999
0E0 0E0 0E0 0E0 0E0 0E0 0E0 0E0 0E0 0E0 0E0 0E0 0E0 0E0 0E0 0E0 0E0 4.96505E-1 1.38752E-2 1.96506E-2 2.20036E-2 1.8122E-2 1.63686E-1 5.85599E-1 8.39823E-1 8.17263E-1 6.61683E-1 3.22661E-1 0E0 0E0 0E0 0E0 0E0 7.93721E-1 0E0 8.98738E-1 8.03656E-1 4.4493E-1 2.50243E-1 8.66791E-2 6.00265E-2 6.33529E-3 4.38071E-3 7.35391E-3 8.41188E-3 2.04063E-2 1.55217E-2 6.55942E-2 3.60285E-2 3.76081E-2 2.90321E-2 9.76598E-2 4.73094E-2 2.4975E-2 -9999 -9999 -9999 -9999 -9999 -9999 -9999 -9999 -9999 -9999 -9999 -9999 -9999 -9999 -9999 -9999 -9999 -9999 -9999 -9999 -9999 -9999 -9999 -9999
0E0 0E0 0E0 0E0 0E0 0E0 0E0 0E0 0E0 0E0 0E0 0E0 5.71829E-1 6.92065E-1 6.48531E-1 6.11652E-1 4.10236E-1 5.50617E-1 3.12052E-1 3.41079E-1 5.77547E-2 1.67148E-1 1.22689E-1 3.44606E-1 6.87181E-1 1.57396E-1 9.38237E-1 0E0 0E0 0E0 3.43063E-1 2.58748E-1 3.68326E-1 0E0 0E0 3.58008E-1 4.74087E-1 5.6857E-1 1.19875E-1 1.75368E-2 4.77941E-2 1.60123E-2 2.43174E-3 1.65975E-2 1.598E-2 3.26535E-2 6.77027E-3 1.3688E-2 2.64801E-2 4.73166E-2 1.48573E-2 3.06081E-2 2.83486E-2 2.64742E-2 -9999 -9999 -9999 -9999 -9999 -9999 -9999 -9999 -9999 -9999 -9999 -9999 -9999 -9999 -9999 -9999 -9999 -9999 -9999 -9999 -9999 -9999 -9999 -9999
0E0 0E0 0E0 0E0 0E0 0E0 0E0 0E0 0E0 0E0 0E0 0E0 8.90643E-1 1.83801E-1 1.17076E-1 4.44512E-1 5.80505E-1 8.8448E-1 9.71676E-1 9.97775E-2 2.75071E-1 4.84008E-1 3.72498E-1 1.65504E-1 5.62862E-1 3.71574E-1 6.58695E-1 8.07586E-1 0E0 0E0 4.51703E-1 2.62189E-1 4.66266E-1 0E0 0E0 5.70213E-1 3.33734E-1 2.36967E-1 3.41284E-2 6.56457E-2 3.91374E-2 2.03373E-2 2.81032E-2 1.34898E-2 1.35306E-2 9.01035E-3 1.672E-2 5.43221E-2 5.24981E-2 2.07126E-2 5.07305E-2 2.77799E-2 9.51011E-2 1.47451E-1 -9999 -9999 -9999 -9999 -9999 -9999 -9999 -9999 -9999 -9999 -9999 -9999 -9999 -9999 -9999 -9999 -9999 -9999 -9999 -9999 -9999 -9999 -9999 -9999
0E0 0E0 0E0 0E0 0E0 0E0 0E0 0E0 0E0 0E0 9.62758E-1 9.23972E-1 9.13399E-1 9.30303E-1 3.90069E-1 3.26523E-1 3.95476E-1 9.99425E-1 8.62552E-1 0E0 9.51171E-1 0E0 5.66725E-1 6.35844E-1 8.11273E-1 7.01039E-1 8.25934E-1 7.22938E-1 0E0 0E0 8.41377E-1 0E0 0E0 0E0 0E0 7.23322E-1 5.19452E-1 5.16943E-1 6.25248E-2 2.98382E-2 5.51837E-2 1.76531E-2 1.43469E-2 5.45111E-3 1.39437E-2 1.75964E-2 4.26286E-2 5.98325E-3 9.90101E-3 4.31855E-2 5.87756E-2 3.83775E-2 1.73533E-1 1.32502E-1 -9999 -9999 -9999 -9999 -9999 -9999 -9999 -9999 -9999 -9999 -9999 -9999 -9999 -9999 -9999 -9999 -9999 -9999 -9999 -9999 -9999 -9999 -9999 -9999
0E0 0E0 0E0 0E0 0E0 0E0 0E0 0E0 0E0 0E0 0E0 0E0 0E0 0E0 0E0 0E0 0E0 0E0 0E0 0E0 0E0 0E0 0E0 0E0 0E0 0E0 6.06198E-1 4.43121E-1 0E0 0E0 9.50061E-1 2.18022E-1 1.31931E-1 1.52798E-1 1.55991E-1 1.77607E-1 4.47982E-1 3.39901E-1 2.43408E-1 8.41783E-2 8.91105E-2 8.40682E-3 5.09396E-2 2.2342E-2 1.20985E-2 1.25058E-2 3.54872E-2 4.07828E-2 5.55547E-2 3.87542E-3 7.52722E-2 2.56778E-2 1.24553E-1 1.51749E-1 -9999 -9999 -9999 -9999 -9999 -9999 -9999 -9999 -9999 -9999 -9999 -9999 -9999 -9999 -9999 -9999 -9999 -9999 -9999 -9999 -9999 -9999 -9999 -9999
0E0 0E0 0E0 0E0 0E0 0E0 0E0 0E0 0E0 0E0 0E0 0E0 0E0 0E0 0E0 0E0 0E0 0E0 0E0 0E0 0E0 0E0 0E0 0E0 0E0 0E0 9.7427E-1 0E0 0E0 4.01828E-1 3.34622E-1 0E0 3.23826E-1 4.44489E-1 7.8273E-1 7.12331E-1 7.98218E-1 2.52694E-1 9.52086E-2 2.21605E-1 2.19235E-3 4.9353E-2 3.43899E-2 3.41919E-2 3.39693E-2 6.03248E-2 5.05863E-2 3.82327E-2 7.36333E-2 2.88683E-2 6.62393E-2 6.11895E-2 2.3424E-1 8.71271E-2 -9999 -9999 -9999 -9999 -9999 -9999 -9999 -9999 -9999 -9999 -9999 -9999 -9999 -9999 -9999 -9999 -9999 -9999 -9999 -9999 -9999 -9999 -9999 -9999
0E0 0E0 0E0 0E0 0E0 0E0 0E0 0E0 0E0 0E0 0E0 0E0 0E0 0E0 0E0 0E0 0E0 0E0 0E0 0E0 0E0 7.91138E-1 6.58361E-1 0E0 0E0 0E0 4.59292E-1 8.07216E-1 6.64618E-1 5.45324E-1 0E0 0E0 0E0 0E0 0E0 8.69421E-1 7.11209E-1 2.05486E-1 9.26244E-2 7.13644E-3 8.23211E-3 3.21447E-2 1.01578E-1 1.76893E-2 4.54377E-2 1.09837E-2 1.88685E-2 1.0748E-1 2.62367E-2 7.65938E-2 1.14998E-1 4.90284E-2 9.57548E-2 1.61483E-1 -9999 -9999 -9999 -9999 -9999 -9999 -9999 -9999 -9999 -9999 -9999 -9999 -9999 -9999 -9999 -9999 -9999 -9999 -9999 -9999 -9999 -9999 -9999 -9999
0E0 0E0 0E0 0E0 0E0 0E0 0E0 0E0 0E0 0E0 0E0 0E0 0E0 0E0 0E0 0E0 0E0 0E0 0E0 0E0 0E0 0E0 0E0 7.63456E-1 7.44013E-1 0E0 0E0 5.67659E-1 3.64261E-1 4.30012E-1 4.76787E-1 5.04764E-1 0E0 6.05772E-1 6.06867E-1 3.48331E-1 3.06142E-1 2.51333E-1 9.80894E-2 4.79234E-2 3.15308E-2 1.92398E-2 9.06388E-3 1.56521E-2 1.30022E-2 2.43959E-2 7.00072E-2 3.54554E-2 1.21643E-1 1.09172E-1 2.18077E-2 4.47432E-2 9.1921E-2 1.28594E-1 -9999 -9999 -9999 -9999 -9999 -9999 -9999 -9999 -9999 -9999 -9999 -9999 -9999 -9999 -9999 -9999 -9999 -9999 -9999 -9999 -9999 -9999 -9999 -9999
0E0 0E0 0E0 0E0 0E0 0E0 0E0 0E0 0E0 0E0 0E0 0E0 0E0 0E0 0E0 0E0 0E0 0E0 0E0 1.839E-1 2.1175E-1 0E0 4.9403E-1 3.75905E-1 2.08276E-1 1.88391E-1 3.89931E-1 5.51291E-1 8.31036E-1 2.4161E-1 3.28046E-1 3.04237E-1 7.41149E-1 5.58837E-1 2.63455E-1 2.40974E-1 8.32338E-2 7.95817E-2 2.02834E-1 2.37062E-2 1.49274E-2 1.09609E-1 1.5973E-1 8.31403E-2 3.2952E-2 2.63827E-2 2.68797E-2 5.40591E-2 1.13158E-1 1.4184E-1 2.3925E-1 2.21699E-1 4.20422E-2 3.91478E-2 -9999 -9999 -9999 -9999 -9999 -9999 -9999 -9999 -9999 -9999 -9999 -9999 -9999 -9999 -9999 -9999 -9999 -9999 -9999 -9999 -9999 -9999 -9999 -9999
0E0 0E0 0E0 0E0 0E0 0E0 0E0 0E0 0E0 0E0 0E0 0E0 0E0 0E0 0E0 0E0 0E0 0E0 0E0 1.5469E-1 1.01002E-1 9.86581E-2 1.45647E-1 8.74157E-2 7.72233E-2 7.81831E-2 4.23066E-1 5.81579E-1 0E0 6.72619E-1 3.5673E-1 2.24264E-1 0E0 6.13689E-1 4.74551E-1 3.2145E-1 1.60771E-1 5.61573E-2 6.82315E-3 8.98273E-3 2.27127E-2 1.18826E-1 2.31574E-1 1.81663E-1 1.90061E-2 5.01548E-2 1.59774E-1 1.98166E-1 2.00763E-1 1.43629E-1 2.06392E-1 8.56715E-2 1.08261E-1 -9999 -9999 -9999 -9999 -9999 -9999 -9999 -9999 -9999 -9999 -9999 -9999 -9999 -9999 -9999 -9999 -9999 -9999 -9999 -9999 -9999 -9999 -9999 -9999 -9999
0E0 0E0 0E0 0E0 0E0 0E0 0E0 0E0 0E0 0E0 0E0 0E0 0E0 0E0 0E0 0E0 0E0 0E0 0E0 0E0 0E0 1.24569E-1 6.12645E-2 2.57144E-2 2.00019E-2 7.7949E-2 5.41314E-1 0E0 0E0 9.52883E-1 9.09248E-1 6.68442E-1 9.04467E-1 5.05998E-1 2.75163E-1 8.3216E-2 4.86409E-2 1.67753E-2 8.9215E-3 1.82201E-2 3.31356E-2 8.81062E-2 6.15083E-2 6.15737E-2 4.75066E-2 5.9202E-2 2.84959E-1 1.33101E-1 9.13235E-2 6.9253E-2 1.24918E-1 1.66201E-2 6.60795E-2 -9999 -9999 -9999 -9999 -9999 -9999 -9999 -9999 -9999 -9999 -9999 -9999 -9999 -9999 -9999 -9999 -9999 -9999 -9999 -9999 -9999 -9999 -9999 -9999 -9999
0E0 0E0 0E0 0E0 0E0 0E0 0E0 0E0 0E0 0E0 0E0 0E0 0E0 0E0 0E0 0E0 0E0 0E0 0E0 0E0 0E0 0E0 2.12637E-1 3.41451E-2 4.41206E-2 1.18599E-1 5.98041E-1 0E0 0E0 0E0 9.32694E-1 7.04905E-1 4.85346E-1 4.12586E-1 1.05424E-1 2.67826E-1 1.45482E-2 5.49379E-3 1.18829E-2 2.9295E-2 4.11448E-2 6.00593E-2 7.62906E-2 1.48319E-1 4.35944E-2 1.84022E-1 1.01695E-1 5.21434E-2 5.94609E-2 1.13967E-1 9.28392E-2 4.15812E-2 2.04493E-2 -9999 -9999 -9999 -9999 -9999 -9999 -9999 -9999 -9999 -9999 -9999 -9999 -9999 -9999 -9999 -9999 -9999 -9999 -9999 -9999 -9999 -9999 -9999 -9999 -9999
0E0 0E0 0E0 0E0 0E0 0E0 0E0 0E0 0E0 0E0 0E0 0E0 0E0 0E0 0E0 0E0 0E0 0E0 0E0 0E0 0E0 0E0 0E0 2.65438E-1 3.63672E-1 3.23062E-1 8.02774E-1 0E0 0E0 5.73067E-1 5.02919E-1 2.61843E-1 1.27209E-1 1.58525E-1 1.62603E-1 8.81066E-3 1.45438E-2 1.795E-2 2.37708E-2 6.49832E-2 2.36806E-2 1.79784E-1 1.8924E-1 1.34254E-1 2.81233E-1 3.71795E-1 6.22283E-2 6.19212E-2 8.22557E-3 5.04984E-2 6.67019E-3 1.38056E-2 2.17212E-2 -9999 -9999 -9999 -9999 -9999 -9999 -9999 -9999 -9999 -9999 -9999 -9999 -9999 -9999 -9999 -9999 -9999 -9999 -9999 -9999 -9999 -9999 -9999 -9999 -9999
0E0 0E0 0E0 0E0 0E0 0E0 0E0 0E0 0E0 0E0 0E0 0E0 0E0 0E0 0E0 0E0 0E0 4.17844E-1 1.8428E-1 3.5297E-2 2.21346E-2 4.40632E-2 9.54982E-2 3.26286E-2 1.46756E-1 3.15202E-1 2.91904E-1 0E0 5.55761E-1 3.71397E-1 2.38785E-1 9.12462E-2 3.26136E-2 6.77173E-2 1.07063E-1 3.75782E-3 3.67438E-2 2.1322E-2 8.55582E-2 4.0602E-2 1.1265E-1 1.46995E-1 1.05077E-1 8.59365E-2 4.32965E-2 2.95111E-2 1.13805E-2 4.33036E-2 5.24378E-2 6.18783E-2 2.75286E-2 1.66348E-2 -9999 -9999 -9999 -9999 -9999 -9999 -9999 -9999 -9999 -9999 -9999 -9999 -9999 -9999 -9999 -9999 -9999 -9999 -9999 -9999 -9999 -9999 -9999 -9999 -9999 -9999
0E0 0E0 0E0 0E0 0E0 0E0 0E0 0E0 0E0 0E0 0E0 0E0 0E0 0E0 0E0 0E0 0E0 0E0 3.26219E-1 3.71618E-2 3.77635E-2 6.80249E-3 1.64043E-2 1.85234E-2 2.82594E-2 7.09678E-2 1.00491E-1 4.39657E-1 4.15041E-1 2.80007E-1 6.73861E-2 9.22865E-2 1.04576E-1 1.57613E-1 6.42567E-3 4.74698E-3 4.47995E-2 5.97864E-2 1.17123E-1 1.52862E-2 1.10443E-1 2.27391E-1 6.91325E-2 9.63519E-3 4.32718E-2 1.32089E-2 3.07983E-2 3.56598E-2 1.95967E-2 1.7121E-2 7.14122E-3 7.09635E-3 -9999 -9999 -9999 -9999 -9999 -9999 -9999 -9999 -9999 -9999 -9999 -9999 -9999 -9999 -9999 -9999 -9999 -9999 -9999 -9999 -9999 -9999 -9999 -9999 -9999 -9999
0E0 0E0 0E0 0E0 0E0 0E0 0E0 0E0 0E0 0E0 0E0 0E0 0E0 0E0 3.75667E-1 0E0 0E0 0E0 3.30637E-1 1.48065E-1 6.16634E-2 7.93086E-3 1.54586E-2 2.50822E-2 3.52207E-2 4.65587E-2 3.23798E-2 3.14484E-1 2.00982E-1 9.09279E-2 1.25696E-1 1.07554E-1 1.34901E-2 3.30415E-2 1.09173E-2 1.49201E-2 1.59816E-2 1.44075E-1 4.37779E-2 7.17705E-3 5.82974E-2 5.02214E-1 5.25745E-2 1.08219E-2 1.78996E-2 3.91187E-2 3.78196E-2 2.40817E-2 2.85791E-2 1.90709E-2 2.01917E-2 3.80935E-3 -9999 -9999 -9999 -9999 -9999 -9999 -9999 -9999 -9999 -9999 -9999 -9999 -9999 -9999 -9999 -9999 -9999 -9999 -9999 -9999 -9999 -9999 -9999 -9999 -9999 -9999
0E0 0E0 0E0 0E0 0E0 0E0 0E0 0E0 0E0 0E0 0E0 0E0 0E0 1.65716E-1 1.64436E-1 0E0 0E0 3.35578E-1 2.87063E-1 9.41767E-2 7.26221E-2 2.28811E-2 2.97693E-2 2.76943E-2 3.70081E-2 8.00288E-2 5.98792E-2 1.71883E-1 3.21417E-2 3.02936E-2 2.31169E-2 3.27209E-3 1.27476E-2 8.70617E-2 4.54962E-2 9.20819E-2 5.74402E-2 2.4679E-2 6.95717E-2 4.50427E-3 2.32441E-1 3.22482E-1 2.05945E-2 2.59404E-2 2.47983E-2 1.01784E-2 2.78264E-2 2.93292E-2 1.10413E-2 3.54514E-2 1.11856E-2 -9999 -9999 -9999 -9999 -9999 -9999 -9999 -9999 -9999 -9999 -9999 -9999 -9999 -9999 -9999 -9999 -9999 -9999 -9999 -9999 -9999 -9999 -9999 -9999 -9999 -9999 -9999
0E0 0E0 0E0 0E0 0E0 0E0 0E0 0E0 0E0 0E0 0E0 0E0 0E0 2.60564E-1 2.54858E-1 0E0 0E0 0E0 5.19686E-1 1.96737E-1 6.97284E-2 6.94466E-2 1.18194E-1 1.27948E-1 1.61497E-1 1.90502E-1 1.62132E-1 3.32737E-2 2.08088E-2 3.28057E-3 2.19499E-2 2.18098E-2 1.28912E-2 7.3834E-2 2.18319E-2 7.07746E-2 4.75968E-2 7.85862E-2 9.866E-2 3.38827E-2 3.3517E-1 8.6291E-2 4.87966E-2 5.20281E-2 1.02803E-2 3.16174E-2 7.48884E-3 4.98243E-2 5.61892E-2 5.32702E-3 1.18675E-2 -9999 -9999 -9999 -9999 -9999 -9999 -9999 -9999 -9999 -9999 -9999 -9999 -9999 -9999 -9999 -9999 -9999 -9999 -9999 -9999 -9999 -9999 -9999 -9999 -9999 -9999 -9999
0E0 0E0 0E0 0E0 0E0 0E0 0E0 0E0 0E0 0E0 0E0 0E0 0E0 0E0 0E0 0E0 0E0 0E0 0E0 0E0 0E0 3.6863E-1 0E0 3.84815E-1 1.31991E-1 1.74952E-1 6.26696E-2 2.66078E-2 9.77447E-3 1.18146E-2 1.17166E-2 3.97056E-2 4.47846E-2 1.39258E-1 4.11549E-2 5.3626E-2 3.92387E-2 3.99075E-2 1.4265E-2 1.6268E-1 1.39534E-1 2.16031E-1 1.17404E-1 9.7742E-2 1.61938E-2 3.70801E-2 3.53936E-2 7.48176E-2 3.60709E-2 3.03057E-2 3.20921E-2 -9999 -9999 -9999 -9999 -9999 -9999 -9999 -9999 -9999 -9999 -9999 -9999 -9999 -9999 -9999 -9999 -9999 -9999 -9999 -9999 -9999 -9999 -9999 -9999 -9999 -9999 -9999
0E0 0E0 0E0 0E0 0E0 0E0 0E0 0E0 0E0 0E0 0E0 0E0 0E0 0E0 0E0 0E0 0E0 0E0 0E0 0E0 1.83172E-1 5.73326E-2 7.18007E-2 2.4327E-1 9.2863E-2 4.35314E-2 1.5355E-1 8.6122E-3 4.20575E-3 2.40799E-2 6.09764E-2 6.31901E-2 1.20197E-1 7.23419E-2 1.38513E-1 2.3287E-2 3.40303E-2 6.62237E-3 1.38868E-1 1.85173E-1 1.64679E-1 6.2238E-2 4.07648E-2 3.05478E-2 2.54795E-2 4.34957E-2 5.11682E-2 4.28712E-2 2.67821E-2 1.69708E-1 2.32757E-1 -9999 -9999 -9999 -9999 -9999 -9999 -9999 -9999 -9999 -9999 -9999 -9999 -9999 -9999 -9999 -9999 -9999 -9999 -9999 -9999 -9999 -9999 -9999 -9999 -9999 -9999 -9999
0E0 0E0 0E0 0E0 0E0 0E0 0E0 0E0 0E0 0E0 0E0 0E0 0E0 0E0 0E0 0E0 0E0 0E0 0E0 0E0 1.1011E-1 1.99225E-2 8.1052E-2 1.69612E-1 8.9401E-2 3.77355E-2 1.08707E-1 1.07208E-1 5.94145E-2 4.67057E-2 5.85073E-2 9.60165E-2 2.562E-2 1.34108E-2 1.20365E-1 6.16023E-2 5.01573E-2 5.71514E-2 3.56927E-1 7.4127E-2 4.74686E-2 6.68852E-2 4.51116E-2 9.83787E-2 8.42612E-2 8.45489E-3 6.32086E-2 3.3817E-2 1.02754E-1 1.43928E-1 -9999 -9999 -9999 -9999 -9999 -9999 -9999 -9999 -9999 -9999 -9999 -9999 -9999 -9999 -9999 -9999 -9999 -9999 -9999 -9999 -9999 -9999 -9999 -9999 -9999 -9999 -9999 -9999
0E0 0E0 0E0 0E0 0E0 0E0 0E0 0E0 0E0 0E0 0E0 0E0 0E0 0E0 0E0 5.00185E-1 1.60854E-1 1.35773E-1 1.40113E-1 1.11997E-1 9.41258E-2 9.68898E-2 1.51119E-1 5.01805E-2 3.03866E-2 3.45616E-2 1.06757E-1 1.41414E-1 3.11997E-1 5.98632E-2 1.83525E-1 1.41289E-1 3.91854E-2 9.33878E-2 2.41532E-1 3.06794E-1 1.7958E-1 1.35603E-1 2.22347E-1 4.46335E-2 2.18863E-2 8.97122E-2 1.76958E-1 1.69759E-1 6.3487E-2 3.88578E-2 2.41135E-2 2.29479E-2 3.06883E-2 5.33609E-2 -9999 -9999 -9999 -9999 -9999 -9999 -9999 -9999 -9999 -9999 -9999 -9999 -9999 -9999 -9999 -9999 -9999 -9999 -9999 -9999 -9999 -9999 -9999 -9999 -9999 -9999 -9999 -9999
0E0 0E0 0E0 0E0 0E0 0E0 0E0 0E0 0E0 0E0 0E0 0E0 0E0 0E0 4.53989E-1 2.11005E-1 6.69205E-2 6.7395E-2 1.7469E-1 6.66989E-2 3.97299E-2 2.95988E-2 1.18279E-1 2.58276E-2 6.49584E-2 1.33698E-1 1.60603E-1 2.33922E-1 2.79292E-1 2.06638E-1 3.93747E-2 7.68558E-2 3.25077E-2 3.76132E-1 2.89505E-1 1.67822E-1 6.47671E-2 3.47235E-2 3.43878E-2 4.79018E-2 4.96759E-3 9.05485E-2 8.57112E-2 1.1124E-1 7.1921E-2 8.33398E-2 3.40525E-2 5.08849E-2 4.01916E-2 6.41715E-2 -9999 -9999 -9999 -9999 -9999 -9999 -9999 -9999 -9999 -9999 -9999 -9999 -9999 -9999 -9999 -9999 -9999 -9999 -9999 -9999 -9999 -9999 -9999 -9999 -9999 -9999 -9999 -9999
0E0 0E0 0E0 0E0 0E0 0E0 0E0 0E0 0E0 0E0 0E0 0E0 0E0 2.15547E-1 2.19127E-1 1.25465E-1 5.83957E-2 5.68757E-2 1.31807E-1 6.5761E-2 1.18505E-1 7.23185E-2 4.17881E-2 4.58333E-2 5.94006E-2 1.04868E-1 1.82318E-1 7.98601E-2 0E0 1.21351E-1 4.41197E-2 1.26837E-1 1.46695E-1 1.60727E-1 2.17069E-1 1.63789E-1 3.19628E-1 3.55246E-2 7.68999E-2 7.57042E-2 1.03456E-1 6.4564E-2 5.80088E-2 4.12657E-2 3.70825E-2 1.80551E-2 4.53326E-2 7.82816E-2 5.81792E-2 -9999 -9999 -9999 -9999 -9999 -9999 -9999 -9999 -9999 -9999 -9999 -9999 -9999 -9999 -9999 -9999 -9999 -9999 -9999 -9999 -9999 -9999 -9999 -9999 -9999 -9999 -9999 -9999 -9999
0E0 0E0 0E0 0E0 0E0 0E0 0E0 0E0 0E0 0E0 0E0 0E0 0E0 0E0 4.5887E-1 1.56532E-1 5.0838E-2 9.24658E-2 1.05697E-1 1.34418E-1 1.38837E-1 2.26333E-1 1.73991E-1 7.59451E-2 9.94583E-2 1.70496E-1 2.50658E-1 7.52388E-2 3.89815E-1 1.81162E-2 1.57729E-1 3.2511E-1 1.83132E-1 6.63676E-3 1.21686E-1 1.42033E-1 2.27436E-2 2.18252E-2 2.08609E-2 1.66316E-1 2.71279E-1 1.60843E-2 5.48988E-2 3.73749E-2 1.82058E-2 2.71151E-2 4.11961E-2 9.32661E-2 -9999 -9999 -9999 -9999 -9999 -9999 -9999 -9999 -9999 -9999 -9999 -9999 -9999 -9999 -9999 -9999 -9999 -9999 -9999 -9999 -9999 -9999 -9999 -9999 -9999 -9999 -9999 -9999 -9999 -9999
0E0 0E0 0E0 0E0 0E0 0E0 0E0 0E0 0E0 0E0 0E0 0E0 0E0 0E0 1.84963E-1 7.23776E-2 1.21394E-1 1.1389E-1 1.49604E-1 1.8902E-1 2.34189E-1 1.21159E-1 3.44115E-1 3.54094E-1 1.40226E-1 2.03605E-1 1.56846E-1 2.51614E-1 1.38628E-1 7.20069E-1 4.50186E-1 3.97866E-1 1.72836E-1 4.79281E-2 1.76675E-2 2.61875E-2 1.15397E-2 1.00859E-2 1.70718E-2 2.69892E-2 7.59123E-3 4.87267E-2 7.0532E-2 1.20682E-2 7.37296E-3 1.45112E-2 2.25243E-2 -9999 -9999 -9999 -9999 -9999 -9999 -9999 -9999 -9999 -9999 -9999 -9999 -9999 -9999 -9999 -9999 -9999 -9999 -9999 -9999 -9999 -9999 -9999 -9999 -9999 -9999 -9999 -9999 -9999 -9999 -9999
0E0 0E0 0E0 0E0 0E0 0E0 0E0 0E0 0E0 0E0 0E0 0E0 0E0 6.69506E-1 1.82275E-1 8.38064E-2 1.33573E-1 1.04305E-1 4.14849E-1 0E0 3.17074E-1 2.62537E-1 3.57822E-1 3.81056E-1 4.19793E-1 1.54927E-1 1.68437E-1 1.12351E-1 6.6965E-1 6.55749E-1 2.20631E-1 2.17036E-1 1.64051E-1 2.34656E-2 1.09734E-1 1.1574E-2 6.16529E-3 8.08436E-2 8.52309E-3 1.40422E-2 5.49058E-2 2.09582E-2 1.96516E-2 2.08331E-2 1.17748E-2 1.10735E-2 -9999 -9999 -9999 -9999 -9999 -9999 -9999 -9999 -9999 -9999 -9999 -9999 -9999 -9999 -9999 -9999 -9999 -9999 -9999 -9999 -9999 -9999 -9999 -9999 -9999 -9999 -9999 -9999 -9999 -9999 -9999 -9999
0E0 0E0 0E0 0E0 0E0 0E0 0E0 0E0 0E0 0E0 0E0 0E0 0E0 0E0 4.76685E-1 1.89189E-1 1.08803E-1 9.22327E-2 0E0 0E0 2.46294E-1 2.31414E-1 2.28385E-1 3.39527E-1 1.31813E-1 4.6733E-2 1.59923E-1 5.05481E-1 5.7083E-1 5.00986E-1 3.78734E-2 3.14715E-2 2.51787E-2 4.29308E-1 2.05556E-1 5.45526E-2 7.75927E-3 4.90865E-3 1.35125E-2 1.56206E-2 8.49061E-3 9.98769E-3 2.87197E-2 1.26644E-2 -9999 -9999 -9999 -9999 -9999 -9999 -9999 -9999 -9999 -9999 -9999 -9999 -9999 -9999 -9999 -9999 -9999 -9999 -9999 -9999 -9999 -9999 -9999 -9999 -9999 -9999 -9999 -9999 -9999 -9999 -9999 -9999 -9999 -9999
0E0 0E0 0E0 0E0 0E0 0E0 0E0 0E0 0E0 0E0 0E0 0E0 0E0 0E0 3.94023E-1 1.68255E-1 2.69675E-1 1.68239E-1 0E0 0E0 3.25696E-1 1.68782E-1 1.01894E-1 8.82313E-2 8.335E-2 3.75772E-1 2.35832E-2 6.54459E-1 4.48141E-1 4.46209E-2 5.6993E-2 3.37925E-2 8.28597E-2 1.40017E-1 2.65906E-2 3.57997E-2 8.03717E-3 4.32515E-3 6.38882E-3 2.63925E-2 1.19139E-2 1.11384E-2 1.57138E-2 -9999 -9999 -9999 -9999 -9999 -9999 -9999 -9999 -9999 -9999 -9999 -9999 -9999 -9999 -9999 -9999 -9999 -9999 -9999 -9999 -9999 -9999 -9999 -9999 -9999 -9999 -9999 -9999 -9999 -9999 -9999 -9999 -9999 -9999 -9999
0E0 0E0 0E0 0E0 0E0 0E0 0E0 0E0 0E0 0E0 0E0 0E0 6.44058E-1 5.87815E-1 3.64178E-1 3.96405E-1 7.96372E-1 0E0 0E0 8.69033E-1 3.9439E-1 1.61456E-1 1.64355E-1 4.91653E-2 1.45374E-1 1.1946E-1 5.38023E-1 6.54529E-1 5.7097E-1 3.89939E-2 3.99437E-2 1.65461E-1 1.40984E-1 5.25334E-2 4.10546E-3 1.65603E-3 1.24382E-3 6.51467E-3 2.07477E-2 2.55815E-2 2.84729E-2 1.02481E-2 -9999 -9999 -9999 -9999 -9999 -9999 -9999 -9999 -9999 -9999 -9999 -9999 -9999 -9999 -9999 -9999 -9999 -9999 -9999 -9999 -9999 -9999 -9999 -9999 -9999 -9999 -9999 -9999 -9999 -9999 -9999 -9999 -9999 -9999 -9999 -9999
0E0 0E0 0E0 0E0 0E0 0E0 0E0 0E0 0E0 0E0 0E0 0E0 0E0 0E0 6.2786E-1 3.605E-1 0E0 0E0 8.54056E-1 1.4264E-1 1.23548E-1 2.03351E-2 2.95838E-2 3.03891E-1 3.9842E-1 4.29639E-1 2.17084E-1 6.68683E-2 9.85347E-2 2.03101E-1 3.95805E-1 4.17712E-1 2.30088E-1 1.50529E-2 1.9751E-2 4.48664E-3 9.01219E-3 1.40059E-2 3.83505E-2 1.8847E-2 2.45857E-2 -9999 -9999 -9999 -9999 -9999 -9999 -9999 -9999 -9999 -9999 -9999 -9999 -9999 -9999 -9999 -9999 -9999 -9999 -9999 -9999 -9999 -9999 -9999 -9999 -9999 -9999 -9999 -9999 -9999 -9999 -9999 -9999 -9999 -9999 -9999 -9999 -9999
