ENM/Final_Models/M_2_F_lq_Set_1_E/Gustavia_santanderiensis_Choco_min.asc
ncols         367
nrows         963
xllcorner     -78.6
yllcorner     0.65
cellsize      0.00833333333333323
NODATA_value  -9999
[rows 450 to 479 of 963, columns 134 to 200 of 367]
-9999 -9999 -9999 -9999 -9999 -9999 -9999 -9999 -9999 -9999 -9999 -9999 -9999 -9999 -9999 -9999 -9999 -9999 -9999 -9999 -9999 -9999 -9999 -9999 6.75039E-2 4.76041E-1 2.24282E-2 3.05398E-4 2.92507E-4 1.73787E-4 2.93236E-6 6.73671E-6 8.54873E-5 5.92089E-5 5.07702E-5 2.45991E-3 1.0182E-3 1.1476E-3 1.5307E-3 5.72296E-5 3.74531E-6 3.07765E-6 2.18766E-6 1.39157E-3 7.29816E-5 6.41783E-3 1.97608E-6 2.79681E-4 3.45809E-5 6.50943E-5 3.96534E-5 2.69083E-5 7.10624E-8 4.85742E-8 7.90348E-10 2.22149E-10 4.2674E-7 2.35617E-10 7.55497E-10 2.84836E-9 3.93479E-9 2.4342E-9 2.09878E-9 4.64674E-10 2.57477E-9 2.04911E-9 1.65199E-9
-9999 -9999 -9999 -9999 -9999 -9999 -9999 -9999 -9999 -9999 -9999 -9999 -9999 -9999 -9999 -9999 -9999 -9999 -9999 -9999 -9999 -9999 -9999 -9999 1.62976E-2 1.92701E-2 3.1732E-4 2.71809E-7 3.23254E-4 1.84438E-7 1.90799E-4 3.9899E-6 1.01169E-4 5.45288E-5 3.15993E-5 3.63749E-5 5.44971E-5 5.04407E-5 8.10268E-5 6.17463E-5 8.97811E-5 7.4039E-5 5.39347E-5 1.12454E-3 1.30771E-3 4.56402E-5 1.82603E-6 9.74216E-7 5.28687E-7 1.02341E-6 6.02985E-8 4.54123E-8 5.36166E-9 6.34386E-10 1.2224E-9 5.49417E-10 4.72222E-10 1.51441E-8 1.95447E-8 4.02935E-10 5.81891E-10 3.08193E-9 3.97431E-10 5.28265E-10 1.27255E-9 7.66461E-11 1.31543E-9
-9999 -9999 -9999 -9999 -9999 -9999 -9999 -9999 -9999 -9999 -9999 -9999 -9999 -9999 -9999 -9999 -9999 -9999 -9999 -9999 -9999 -9999 -9999 -9999 2.09142E-6 2.97612E-4 3.28427E-4 1.89877E-6 4.93202E-6 3.07271E-7 1.48456E-4 3.34202E-6 2.03689E-3 1.76649E-3 1.17333E-5 3.36405E-6 3.95291E-6 3.17929E-6 3.60253E-6 4.03367E-5 5.03753E-5 6.81604E-5 6.00285E-5 2.10262E-6 3.898E-4 5.06203E-4 1.13435E-2 7.36578E-7 9.40347E-7 8.29939E-7 5.80232E-8 8.76082E-9 7.43767E-10 6.47466E-9 1.03899E-9 5.20157E-7 4.81145E-7 4.22301E-7 2.87109E-6 5.11279E-10 2.03736E-9 1.1448E-9 1.81004E-10 7.96309E-11 1.46835E-9 1.92755E-9 6.63983E-10
-9999 -9999 -9999 -9999 -9999 -9999 -9999 -9999 -9999 -9999 -9999 -9999 -9999 -9999 -9999 -9999 -9999 -9999 -9999 -9999 -9999 -9999 -9999 -9999 -9999 2.85896E-6 6.4991E-4 6.63804E-3 6.65969E-3 1.01742E-3 4.07222E-4 2.706E-4 4.73426E-6 1.77724E-7 1.09378E-7 4.48821E-9 4.89748E-9 4.73955E-9 3.09927E-7 5.92938E-3 5.15673E-3 4.45403E-3 1.7839E-3 5.83426E-3 1.75537E-3 6.62091E-5 4.63424E-5 1.87416E-6 1.32158E-9 1.20248E-6 1.23702E-6 1.53512E-6 2.02221E-9 9.45417E-9 7.47173E-9 6.62056E-7 4.49503E-7 5.88151E-5 3.7092E-7 1.58427E-9 1.50347E-9 3.78853E-8 4.3394E-7 3.13737E-6 1.33065E-8 5.74317E-10 6.94808E-10
-9999 -9999 -9999 -9999 -9999 -9999 -9999 -9999 -9999 -9999 -9999 -9999 -9999 -9999 -9999 -9999 -9999 -9999 -9999 -9999 -9999 -9999 -9999 -9999 -9999 2.76391E-4 2.85811E-4 1.40924E-2 1.52946E-2 1.77332E-2 2.44956E-4 2.5288E-4 1.27745E-7 2.99456E-7 8.76102E-7 5.15346E-7 4.23846E-7 7.78426E-7 4.56267E-6 4.81008E-6 4.61487E-5 7.8347E-5 8.39843E-5 1.78115E-3 1.19437E-3 6.7156E-5 4.79799E-5 1.38578E-3 1.32831E-3 5.65264E-5 5.37967E-5 1.23377E-6 6.62593E-10 5.1673E-10 9.14484E-7 5.66015E-5 5.69594E-5 6.47453E-7 5.66624E-7 1.62299E-9 7.20889E-9 1.97254E-8 1.38661E-8 1.264E-8 2.09413E-9 2.27404E-9 4.95551E-10
-9999 -9999 -9999 -9999 -9999 -9999 -9999 -9999 -9999 -9999 -9999 -9999 -9999 -9999 -9999 -9999 -9999 -9999 -9999 -9999 -9999 -9999 -9999 -9999 -9999 1.5609E-2 3.48328E-4 1.91889E-6 4.30522E-4 3.33045E-4 3.14482E-4 3.39706E-4 8.29202E-7 1.60689E-4 2.42169E-4 1.64944E-4 3.8038E-4 4.22079E-4 7.70303E-4 6.21096E-7 6.79075E-7 3.50524E-6 4.81509E-5 7.79673E-5 7.42211E-5 7.07338E-5 6.45643E-5 5.74487E-5 6.89797E-5 2.17871E-6 1.72074E-6 1.06509E-6 4.53484E-5 6.04366E-10 1.00698E-6 5.19344E-5 5.23055E-5 8.95783E-7 6.50003E-10 7.60048E-10 1.29917E-9 5.82755E-10 1.32111E-10 1.11892E-10 7.13382E-5 1.70611E-7 1.22488E-7
-9999 -9999 -9999 -9999 -9999 -9999 -9999 -9999 -9999 -9999 -9999 -9999 -9999 -9999 -9999 -9999 -9999 -9999 -9999 -9999 -9999 -9999 -9999 -9999 -9999 -9999 3.66302E-4 8.62054E-6 4.2154E-7 4.06171E-4 5.09981E-6 4.82549E-6 8.38001E-7 4.82951E-6 3.67844E-6 9.23414E-7 1.62458E-2 1.16316E-2 1.84719E-3 1.20052E-3 4.2625E-7 2.66181E-7 1.97043E-6 6.23878E-5 6.15841E-5 5.44343E-5 2.76726E-6 6.73176E-5 5.77644E-5 1.26911E-9 1.1444E-9 5.43688E-5 4.17391E-5 1.31528E-6 1.18057E-6 6.10981E-5 6.1429E-5 6.2327E-5 9.58075E-10 8.13505E-10 2.08179E-10 5.31414E-5 3.27853E-7 3.05377E-7 1.75967E-3 1.95767E-7 5.47527E-10
-9999 -9999 -9999 -9999 -9999 -9999 -9999 -9999 -9999 -9999 -9999 -9999 -9999 -9999 -9999 -9999 -9999 -9999 -9999 -9999 -9999 -9999 -9999 -9999 -9999 -9999 5.37572E-3 8.29891E-3 9.43154E-3 7.39034E-3 4.86732E-3 4.95565E-3 6.06861E-3 1.94618E-4 4.69038E-6 8.15226E-7 1.11317E-6 7.6937E-4 6.58032E-4 1.06322E-7 9.40735E-8 8.14342E-8 2.84085E-6 6.57879E-5 3.70396E-6 2.87299E-8 2.24868E-9 2.57642E-6 2.18827E-6 1.38866E-9 1.16775E-9 2.12919E-6 1.63822E-6 1.24301E-6 5.97056E-5 5.94839E-5 1.08676E-6 8.35443E-7 1.06269E-9 7.74887E-9 5.51087E-7 3.62049E-7 3.62945E-7 5.91194E-5 5.09052E-5 2.24015E-7 1.83277E-7
-9999 -9999 -9999 -9999 -9999 -9999 -9999 -9999 -9999 -9999 -9999 -9999 -9999 -9999 -9999 -9999 -9999 -9999 -9999 -9999 -9999 -9999 -9999 -9999 -9999 -9999 7.48757E-3 1.63852E-1 1.10815E-1 1.74174E-1 6.4355E-3 6.01333E-3 7.01697E-3 4.75523E-5 1.19045E-3 1.59981E-3 5.48143E-6 7.17283E-7 4.86288E-6 3.92271E-6 3.35315E-6 4.63745E-6 2.68453E-9 2.17454E-9 3.02707E-9 8.8531E-9 7.13421E-9 1.55617E-9 2.20144E-6 2.81656E-8 1.7297E-8 1.85489E-6 5.69074E-5 1.32902E-6 1.94974E-3 1.19704E-6 2.2083E-9 1.01512E-6 3.26638E-8 5.63364E-7 5.02473E-7 2.33375E-10 3.5165E-7 6.54371E-5 2.7856E-7 7.85571E-5 1.40675E-8
-9999 -9999 -9999 -9999 -9999 -9999 -9999 -9999 -9999 -9999 -9999 -9999 -9999 -9999 -9999 -9999 -9999 -9999 -9999 -9999 -9999 -9999 -9999 -9999 -9999 -9999 2.50723E-7 2.179E-7 3.98976E-6 3.35301E-3 7.32831E-3 1.18844E-1 4.47222E-3 1.07123E-2 6.32556E-5 5.01988E-6 4.93218E-6 4.65521E-6 5.4171E-5 1.01222E-3 8.35722E-6 1.88383E-8 4.32708E-8 8.65999E-9 7.15036E-9 7.74335E-9 6.8784E-8 1.85877E-9 2.96884E-6 2.64645E-6 1.0684E-8 5.07205E-5 1.10828E-3 5.12047E-5 5.68824E-5 1.52155E-6 4.53909E-10 9.57358E-10 3.08468E-9 7.03167E-9 7.78397E-10 8.87076E-10 1.64895E-10 4.60178E-7 5.14602E-7 3.64098E-6 1.81896E-8
-9999 -9999 -9999 -9999 -9999 -9999 -9999 -9999 -9999 -9999 -9999 -9999 -9999 -9999 -9999 -9999 -9999 -9999 -9999 -9999 -9999 -9999 -9999 -9999 -9999 -9999 -9999 2.65197E-4 9.75482E-7 4.44239E-3 7.7061E-3 5.67695E-3 6.0171E-3 5.19302E-6 7.13984E-6 4.86554E-3 6.85224E-5 6.48315E-5 2.72437E-6 3.68229E-5 3.91458E-6 1.97063E-8 4.60418E-9 1.01414E-8 1.09977E-7 6.54961E-8 7.80006E-9 6.40089E-9 1.03599E-8 2.01038E-6 1.6836E-6 1.47272E-6 3.71176E-5 1.56666E-6 1.33965E-6 1.31637E-6 8.81146E-10 6.78719E-10 2.68983E-9 6.58151E-9 1.81406E-8 1.7232E-9 1.40962E-8 1.51826E-8 1.62586E-8 3.02933E-6 3.09329E-6
-9999 -9999 -9999 -9999 -9999 -9999 -9999 -9999 -9999 -9999 -9999 -9999 -9999 -9999 -9999 -9999 -9999 -9999 -9999 -9999 -9999 -9999 -9999 -9999 -9999 -9999 3.56513E-4 9.03045E-3 3.10207E-3 3.69196E-3 6.18728E-6 6.24826E-5 1.86932E-7 4.89677E-6 4.06902E-5 1.24667E-3 4.42421E-6 4.5583E-6 3.56545E-5 5.06412E-5 5.2165E-5 5.23998E-6 3.52835E-9 2.84837E-8 1.87894E-9 2.12484E-8 6.73804E-9 1.20997E-8 1.16212E-9 2.79888E-6 2.2801E-6 2.24381E-6 4.51108E-5 3.79955E-5 4.18861E-5 4.96136E-5 1.35791E-6 3.65854E-9 3.41781E-9 4.14359E-10 8.81454E-7 1.77311E-8 1.53113E-8 3.85516E-6 2.12701E-8 2.8194E-6 3.1251E-6
-9999 -9999 -9999 -9999 -9999 -9999 -9999 -9999 -9999 -9999 -9999 -9999 -9999 -9999 -9999 -9999 -9999 -9999 -9999 -9999 -9999 -9999 -9999 -9999 -9999 -9999 3.24474E-4 7.18045E-3 5.40605E-3 1.88783E-3 1.46495E-4 4.82574E-5 7.04715E-5 7.76098E-8 5.97811E-6 3.82672E-6 6.2275E-5 9.52214E-8 4.25724E-6 2.32065E-5 5.63583E-5 4.31516E-6 2.90754E-9 3.8751E-8 2.31796E-6 1.72314E-8 6.61155E-9 1.51331E-9 4.4382E-9 3.42957E-6 2.40924E-6 2.3212E-6 1.76259E-6 3.48688E-5 4.21978E-5 1.96444E-6 9.88732E-10 9.84265E-10 2.19108E-9 3.19319E-10 8.87778E-10 1.16627E-6 9.72931E-10 2.98621E-10 2.93611E-10 1.95492E-8 2.77337E-6
-9999 -9999 -9999 -9999 -9999 -9999 -9999 -9999 -9999 -9999 -9999 -9999 -9999 -9999 -9999 -9999 -9999 -9999 -9999 -9999 -9999 -9999 -9999 -9999 -9999 -9999 -9999 9.38797E-3 6.4451E-3 1.38256E-4 2.258E-7 1.2334E-4 6.51135E-5 7.40383E-8 6.40477E-6 4.32319E-6 2.27536E-8 2.24243E-8 2.14669E-8 4.87465E-6 5.23341E-6 5.58827E-6 4.28124E-6 5.0908E-6 3.53896E-6 1.3494E-8 1.57844E-8 2.03091E-9 4.95638E-9 1.25696E-9 1.1859E-9 2.28591E-6 1.6144E-6 2.37495E-5 3.20047E-5 1.23984E-8 4.04872E-9 2.90804E-9 2.21554E-8 1.9605E-9 8.76254E-10 3.47312E-10 2.57436E-9 2.06767E-8 2.45974E-9 1.8419E-8 3.05965E-6
-9999 -9999 -9999 -9999 -9999 -9999 -9999 -9999 -9999 -9999 -9999 -9999 -9999 -9999 -9999 -9999 -9999 -9999 -9999 -9999 -9999 -9999 -9999 -9999 -9999 -9999 -9999 9.77436E-3 1.56141E-4 2.16212E-4 1.83782E-7 9.72637E-8 6.43343E-5 9.37311E-5 9.87951E-8 6.82971E-8 2.15871E-8 7.67285E-8 7.84257E-8 6.09457E-6 6.64386E-6 6.46035E-6 6.47139E-8 1.69066E-8 2.02847E-8 1.82369E-8 1.78094E-8 1.68453E-8 4.85289E-9 5.9174E-9 3.12162E-9 3.17118E-9 3.0714E-5 2.36608E-6 4.48236E-5 2.11455E-6 1.4144E-9 1.08446E-9 2.78267E-9 3.01345E-9 3.70636E-10 5.47442E-10 2.27923E-8 2.70006E-8 1.37068E-7 8.08106E-8 1.38515E-8
-9999 -9999 -9999 -9999 -9999 -9999 -9999 -9999 -9999 -9999 -9999 -9999 -9999 -9999 -9999 -9999 -9999 -9999 -9999 -9999 -9999 -9999 -9999 -9999 -9999 -9999 -9999 8.88056E-3 4.46057E-3 1.62504E-4 2.59923E-4 1.65632E-7 3.01591E-8 8.548E-5 1.18675E-4 3.62153E-8 2.90956E-8 7.18029E-8 7.72919E-8 3.40419E-8 6.58269E-6 2.5078E-8 6.59676E-8 1.81788E-7 1.54995E-7 1.01092E-8 1.76794E-8 4.09434E-6 1.8074E-9 9.87192E-10 5.27028E-9 5.97974E-9 2.15559E-6 1.63075E-8 2.70946E-9 1.51523E-9 1.35137E-9 1.09795E-9 3.42938E-9 1.66725E-8 2.03289E-8 1.69217E-8 2.49424E-8 1.43814E-7 1.29795E-7 2.02515E-8 1.48661E-8
-9999 -9999 -9999 -9999 -9999 -9999 -9999 -9999 -9999 -9999 -9999 -9999 -9999 -9999 -9999 -9999 -9999 -9999 -9999 -9999 -9999 -9999 -9999 -9999 -9999 -9999 -9999 1.19241E-4 1.13055E-7 1.31062E-7 7.15744E-8 4.22501E-8 4.92844E-8 1.62935E-8 9.36579E-8 7.73211E-8 3.05347E-8 3.15733E-8 9.75411E-8 3.41116E-6 6.18915E-8 8.81872E-8 6.13058E-8 1.51066E-7 1.64286E-7 1.1865E-8 2.78935E-9 2.40199E-8 3.29977E-8 1.60243E-8 2.0849E-8 1.88524E-8 1.36093E-9 3.59514E-6 2.63706E-9 1.25611E-9 2.89891E-6 3.14267E-6 3.58988E-9 3.29728E-9 1.68896E-8 2.34428E-8 6.62E-9 2.7593E-8 1.20268E-7 3.65615E-7 1.40666E-7
-9999 -9999 -9999 -9999 -9999 -9999 -9999 -9999 -9999 -9999 -9999 -9999 -9999 -9999 -9999 -9999 -9999 -9999 -9999 -9999 -9999 -9999 -9999 -9999 -9999 -9999 -9999 2.47157E-4 4.13378E-8 7.16052E-8 6.08499E-8 1.09337E-5 8.83402E-6 7.46105E-6 1.82853E-7 7.31499E-6 1.0493E-5 1.39376E-7 1.09088E-7 1.05344E-7 9.94032E-8 8.11288E-8 4.92571E-8 1.68229E-8 1.59429E-8 1.3659E-8 1.02219E-8 2.74098E-6 3.5313E-6 4.00547E-6 4.20472E-6 4.28625E-6 3.36716E-6 2.70858E-6 5.77864E-9 4.00366E-9 3.21061E-9 3.64267E-9 4.62073E-9 4.67279E-9 9.16094E-9 5.72656E-9 2.8686E-8 1.46653E-7 2.49563E-8 3.77631E-8 1.62532E-7
-9999 -9999 -9999 -9999 -9999 -9999 -9999 -9999 -9999 -9999 -9999 -9999 -9999 -9999 -9999 -9999 -9999 -9999 -9999 -9999 -9999 -9999 -9999 -9999 -9999 -9999 -9999 7.61149E-6 1.59398E-7 5.09188E-8 4.746E-8 1.94081E-8 8.34595E-6 5.2686E-6 7.04649E-6 3.36867E-7 3.63837E-7 1.11373E-7 1.23666E-7 1.12738E-7 9.31299E-8 1.20563E-7 6.87363E-3 6.14246E-8 1.81306E-8 1.79246E-8 1.75857E-8 3.51371E-8 5.78051E-6 5.53549E-6 4.11249E-6 3.83781E-6 2.52186E-8 1.80683E-8 8.52871E-8 6.66828E-8 3.62956E-6 3.61972E-6 8.02205E-10 1.09277E-8 3.18832E-6 1.11236E-8 3.82203E-9 4.33304E-8 3.8859E-8 1.57404E-8 2.35433E-8
-9999 -9999 -9999 -9999 -9999 -9999 -9999 -9999 -9999 -9999 -9999 -9999 -9999 -9999 -9999 -9999 -9999 -9999 -9999 -9999 -9999 -9999 -9999 -9999 -9999 -9999 -9999 7.02705E-6 1.95251E-7 5.93633E-8 6.14979E-8 6.87802E-6 5.57386E-6 7.10387E-6 8.61215E-6 6.58932E-6 3.01547E-4 3.85235E-7 1.30528E-7 3.36449E-7 2.61172E-8 1.14906E-7 5.73964E-3 2.46442E-8 1.96546E-8 1.48026E-8 1.28915E-8 9.63827E-9 5.14373E-6 4.48934E-5 3.31851E-8 2.39346E-8 1.90284E-8 1.30358E-8 9.32226E-8 8.371E-8 1.3536E-9 3.4503E-6 1.47621E-8 2.34726E-6 3.69399E-6 8.93277E-9 1.46556E-8 5.09248E-8 3.62586E-8 1.21956E-8 3.53561E-8
-9999 -9999 -9999 -9999 -9999 -9999 -9999 -9999 -9999 -9999 -9999 -9999 -9999 -9999 -9999 -9999 -9999 -9999 -9999 -9999 -9999 -9999 -9999 -9999 -9999 -9999 -9999 1.55424E-7 1.48825E-7 1.88798E-7 1.25284E-7 7.97214E-6 1.08231E-6 1.0438E-6 9.99332E-7 3.14752E-8 1.80889E-7 4.59898E-7 3.46919E-6 1.15944E-7 2.72428E-8 2.25657E-8 3.09563E-8 2.6052E-8 3.21804E-7 3.88687E-7 1.91123E-7 1.81284E-7 2.69734E-8 4.79101E-6 2.69691E-8 3.04098E-6 2.3239E-8 2.00808E-8 2.17416E-8 1.00582E-7 1.16198E-9 1.76924E-8 1.68687E-8 1.49517E-8 3.81119E-6 1.56755E-8 6.69928E-9 5.51825E-8 4.29523E-9 3.72341E-9 5.61276E-9
-9999 -9999 -9999 -9999 -9999 -9999 -9999 -9999 -9999 -9999 -9999 -9999 -9999 -9999 -9999 -9999 -9999 -9999 -9999 -9999 -9999 -9999 -9999 -9999 -9999 -9999 -9999 -9999 1.35393E-7 9.24572E-8 1.41378E-7 3.61337E-8 3.78285E-3 3.06529E-8 3.04003E-8 3.54778E-8 7.72013E-8 6.75821E-7 5.59653E-7 1.3168E-7 3.14441E-8 4.10189E-7 2.83563E-8 4.25679E-7 4.30555E-7 2.8425E-6 2.31217E-6 1.75069E-7 1.50351E-7 1.81647E-9 4.73563E-6 5.23585E-6 5.52246E-6 2.61458E-8 1.15633E-8 2.18606E-8 1.18842E-7 1.13064E-9 1.39287E-9 1.49844E-8 5.4281E-8 1.32557E-8 1.25916E-9 5.25968E-9 3.68364E-8 3.4784E-8 6.56675E-8
-9999 -9999 -9999 -9999 -9999 -9999 -9999 -9999 -9999 -9999 -9999 -9999 -9999 -9999 -9999 -9999 -9999 -9999 -9999 -9999 -9999 -9999 -9999 -9999 -9999 -9999 -9999 -9999 1.50682E-7 1.31836E-7 1.03954E-6 4.71559E-8 1.90355E-7 2.84284E-8 1.26315E-7 3.57224E-8 4.99111E-8 3.92197E-8 3.24319E-8 3.62519E-8 4.84575E-8 4.20869E-8 3.77153E-8 6.31616E-7 4.6844E-7 2.76489E-7 2.09918E-7 1.64452E-7 2.86938E-8 1.52163E-8 1.45497E-8 2.88035E-8 3.33552E-8 3.77412E-8 2.25762E-8 1.77242E-8 3.20846E-7 1.19715E-8 1.25633E-8 1.03266E-7 2.64508E-7 8.74946E-8 5.31356E-8 4.96744E-8 5.30568E-9 5.57257E-9 5.29579E-8
-9999 -9999 -9999 -9999 -9999 -9999 -9999 -9999 -9999 -9999 -9999 -9999 -9999 -9999 -9999 -9999 -9999 -9999 -9999 -9999 -9999 -9999 -9999 -9999 -9999 -9999 -9999 6.09209E-8 5.58502E-8 1.63713E-7 1.41024E-7 1.2994E-7 2.03039E-4 1.27437E-7 2.69068E-8 5.54741E-6 3.40137E-8 8.12438E-6 2.94921E-5 2.92857E-5 8.96903E-6 3.4166E-8 4.31204E-8 5.15898E-7 4.35583E-7 2.25601E-7 2.42344E-7 2.14281E-7 2.72395E-7 2.30631E-7 2.06169E-7 4.10783E-8 4.78674E-8 4.99251E-9 2.11133E-8 1.74716E-7 3.27348E-7 1.79899E-7 1.55959E-7 1.48995E-7 1.16508E-8 1.27777E-8 1.03611E-7 2.80209E-7 7.29505E-8 6.86426E-8 3.40897E-7
-9999 -9999 -9999 -9999 -9999 -9999 -9999 -9999 -9999 -9999 -9999 -9999 -9999 -9999 -9999 -9999 -9999 -9999 -9999 -9999 -9999 -9999 -9999 -9999 -9999 -9999 -9999 1.03008E-5 1.99965E-7 1.77797E-7 4.796E-8 6.73009E-8 1.23287E-7 1.42497E-7 3.7659E-8 3.52888E-8 4.01264E-8 2.941E-8 5.07907E-6 5.3874E-6 6.96345E-6 4.42569E-8 4.55981E-8 5.69288E-7 3.86914E-7 2.73789E-7 2.39717E-7 2.4629E-7 4.39528E-7 2.94304E-7 3.63094E-8 2.14548E-8 2.00608E-8 3.33639E-9 2.21379E-8 2.0291E-7 3.71888E-7 1.31757E-7 1.32417E-7 1.24254E-7 9.39484E-9 1.60179E-8 9.42783E-8 1.20572E-7 9.16653E-8 9.65831E-8 7.5748E-8
-9999 -9999 -9999 -9999 -9999 -9999 -9999 -9999 -9999 -9999 -9999 -9999 -9999 -9999 -9999 -9999 -9999 -9999 -9999 -9999 -9999 -9999 -9999 -9999 -9999 -9999 -9999 9.65554E-6 5.64136E-6 7.60117E-8 7.4117E-8 6.26182E-8 9.26635E-7 1.53979E-7 6.83684E-8 3.83911E-8 3.78932E-8 2.94705E-8 1.23571E-7 1.26058E-7 9.41656E-9 2.70185E-8 7.62236E-9 5.94776E-7 3.50451E-7 2.18734E-8 3.91857E-8 2.71656E-7 3.13998E-7 2.68334E-7 3.79909E-6 3.30915E-7 2.89516E-7 4.27009E-7 3.05427E-7 4.15414E-7 5.06892E-7 1.60227E-8 1.24506E-8 1.31579E-8 1.05123E-8 2.61837E-8 1.48572E-7 1.11877E-7 1.14312E-7 2.76072E-6 1.2291E-8
-9999 -9999 -9999 -9999 -9999 -9999 -9999 -9999 -9999 -9999 -9999 -9999 -9999 -9999 -9999 -9999 -9999 -9999 -9999 -9999 -9999 -9999 -9999 -9999 -9999 -9999 -9999 2.33384E-7 1.67978E-7 2.19214E-7 1.81317E-6 1.03861E-7 9.37523E-8 7.42897E-8 5.94486E-8 4.37283E-8 4.31403E-8 3.82162E-8 3.62759E-8 3.61686E-8 9.21908E-9 7.24492E-9 3.79455E-8 6.48409E-7 6.39211E-7 5.18286E-7 4.48332E-7 3.59495E-7 3.6541E-7 3.61645E-7 3.87152E-6 3.92845E-7 4.12693E-7 3.87716E-7 3.57936E-7 4.82861E-7 4.62554E-7 2.11525E-7 1.76995E-7 1.44354E-8 1.22572E-7 1.91946E-8 2.65228E-7 1.30258E-7 1.50417E-7 3.30023E-7 2.52093E-8
-9999 -9999 -9999 -9999 -9999 -9999 -9999 -9999 -9999 -9999 -9999 -9999 -9999 -9999 -9999 -9999 -9999 -9999 -9999 -9999 -9999 -9999 -9999 -9999 -9999 -9999 -9999 1.29821E-7 1.2167E-5 5.51444E-8 9.23368E-8 9.93388E-8 1.83044E-7 1.1683E-7 7.11113E-8 1.28505E-6 9.37115E-7 9.50492E-7 8.36342E-7 7.63592E-7 4.36388E-8 3.36976E-8 3.65646E-8 4.45073E-7 5.39158E-7 6.11413E-7 3.67426E-7 4.4773E-7 4.11012E-7 5.25411E-8 6.93278E-8 3.99722E-8 4.65297E-8 2.65134E-8 2.91178E-8 7.09549E-7 2.64543E-7 2.18098E-7 1.90255E-8 1.31901E-8 1.08375E-8 1.05994E-7 9.32808E-8 1.20429E-7 1.74244E-8 3.40154E-8 1.59009E-8
-9999 -9999 -9999 -9999 -9999 -9999 -9999 -9999 -9999 -9999 -9999 -9999 -9999 -9999 -9999 -9999 -9999 -9999 -9999 -9999 -9999 -9999 -9999 -9999 -9999 -9999 -9999 1.2256E-5 -9999 1.26571E-5 1.09177E-7 9.96831E-6 3.21369E-8 2.79303E-5 1.20068E-7 7.50745E-8 1.78016E-8 1.09501E-6 9.38455E-8 6.24416E-8 7.3536E-7 4.38381E-8 5.61489E-8 6.74657E-7 6.62743E-7 2.4767E-8 6.85907E-9 6.02034E-7 4.93908E-7 3.83878E-8 3.36121E-8 3.39284E-8 2.96655E-8 2.68775E-8 6.01544E-7 5.84817E-7 3.18185E-7 4.01823E-7 2.35271E-7 1.46724E-7 1.8246E-7 8.49866E-7 3.36199E-7 3.70637E-7 3.01343E-6 1.39887E-7 2.66217E-8
-9999 -9999 -9999 -9999 -9999 -9999 -9999 -9999 -9999 -9999 -9999 -9999 -9999 -9999 -9999 -9999 -9999 -9999 -9999 -9999 -9999 -9999 -9999 -9999 -9999 -9999 -9999 1.21053E-5 4.19718E-5 3.01501E-5 2.5499E-5 1.24648E-5 7.65453E-6 3.07676E-5 5.51773E-8 6.04403E-8 7.93657E-8 1.3394E-7 1.44063E-8 5.11485E-8 6.82284E-8 1.03585E-6 7.65978E-7 9.96052E-7 8.20468E-9 4.0617E-8 8.62129E-9 2.23523E-8 4.77326E-7 4.76329E-7 5.69979E-7 8.29467E-7 5.46024E-7 3.85698E-7 2.70942E-8 3.38381E-7 2.98074E-7 2.98105E-7 3.04937E-8 1.8075E-8 5.85696E-7 7.23044E-7 5.47998E-7 5.40993E-7 2.80643E-7 1.99359E-7 1.57463E-7
