ENM/Final_Models/M_2_F_lq_Set_1_E/Gustavia_santanderiensis_8_Choco.asc
ncols         367
nrows         963
xllcorner     -78.6
yllcorner     0.65
cellsize      0.00833333333333323
NODATA_value  -9999
[rows 544 to 575 of 963, columns 146 to 218 of 367]
-9999 -9999 9.98107E-1 9.9139E-1 9.99802E-1 4.83587E-1 7.63217E-1 9.24422E-1 9.98466E-1 9.97873E-1 9.89484E-1 9.97227E-1 9.87967E-1 8.66615E-1 9.47135E-1 9.3141E-1 9.98097E-1 9.91706E-1 9.24712E-1 9.7261E-1 9.82551E-1 9.88667E-1 9.98691E-1 9.97111E-1 9.98425E-1 9.97974E-1 9.9761E-1 9.92912E-1 9.99692E-1 9.86048E-1 9.95152E-1 9.99311E-1 9.96432E-1 9.9645E-1 9.96858E-1 9.95389E-1 9.98623E-1 9.99945E-1 9.99634E-1 9.98614E-1 9.99621E-1 9.99304E-1 9.99757E-1 9.96929E-1 9.98283E-1 9.48827E-1 9.29344E-1 9.65579E-1 9.92352E-1 9.55852E-1 9.98097E-1 9.86737E-1 9.97685E-1 9.97597E-1 7.80439E-1 9.47334E-1 9.67967E-1 8.8561E-1 9.93803E-1 8.76687E-1 9.72957E-1 9.99567E-1 9.99986E-1 9.99081E-1 9.66702E-1 9.93954E-1 9.99253E-1 9.97471E-1 9.99954E-1 1E0 9.66732E-1 9.99284E-1 9.94581E-1
-9999 -9999 9.87872E-1 9.90395E-1 9.99834E-1 5.82335E-1 9.20812E-1 9.42644E-1 9.9749E-1 9.99552E-1 9.97353E-1 9.10962E-1 9.90573E-1 9.54735E-1 9.31719E-1 9.79318E-1 9.99345E-1 9.88458E-1 9.41856E-1 9.48512E-1 9.79668E-1 9.93237E-1 9.98531E-1 9.83165E-1 9.9927E-1 9.99737E-1 9.99533E-1 9.93015E-1 9.99325E-1 9.96987E-1 9.79775E-1 9.97378E-1 9.86678E-1 9.72079E-1 9.46373E-1 9.59071E-1 9.98542E-1 9.98289E-1 9.99048E-1 9.97022E-1 9.98569E-1 9.96855E-1 9.98715E-1 9.98876E-1 9.9866E-1 9.65416E-1 9.86918E-1 9.67437E-1 9.35407E-1 9.82966E-1 9.81634E-1 9.9945E-1 9.99593E-1 9.92617E-1 9.84196E-1 9.99204E-1 9.56128E-1 8.59316E-1 9.84274E-1 7.85856E-1 9.56118E-1 9.95516E-1 9.99845E-1 9.99739E-1 9.31075E-1 9.99967E-1 9.78896E-1 9.98815E-1 9.99999E-1 1E0 9.99216E-1 9.88171E-1 9.99997E-1
-9999 -9999 9.20084E-1 9.99494E-1 9.99827E-1 9.96321E-1 9.36144E-1 9.2326E-1 9.78397E-1 8.19298E-1 9.27824E-1 7.94548E-1 9.63514E-1 9.38029E-1 9.69422E-1 -9999 9.96387E-1 9.93179E-1 9.94051E-1 9.6093E-1 9.78009E-1 9.96106E-1 9.96342E-1 9.99442E-1 9.96791E-1 9.96376E-1 9.99701E-1 9.95753E-1 9.91744E-1 9.99265E-1 9.99004E-1 9.98211E-1 9.97671E-1 9.69767E-1 9.8082E-1 9.48768E-1 9.71201E-1 9.95332E-1 9.99768E-1 9.88785E-1 9.88417E-1 9.93788E-1 9.8505E-1 9.90032E-1 9.99438E-1 9.72704E-1 9.62899E-1 9.87985E-1 9.57951E-1 9.95901E-1 9.98246E-1 9.88189E-1 9.99034E-1 9.99522E-1 9.91405E-1 9.69856E-1 9.75272E-1 9.97587E-1 7.82241E-1 9.81542E-1 9.96567E-1 9.99772E-1 9.99951E-1 9.99884E-1 9.79487E-1 9.68031E-1 9.84973E-1 9.99024E-1 9.9968E-1 9.99653E-1 9.99988E-1 9.96952E-1 9.98872E-1
-9999 -9999 9.96825E-1 9.99378E-1 9.74561E-1 9.92852E-1 9.99885E-1 9.1833E-1 9.34079E-1 9.68617E-1 6.49949E-1 6.00176E-1 9.8828E-1 9.64126E-1 9.92161E-1 9.99584E-1 9.99982E-1 9.97516E-1 9.66392E-1 9.61402E-1 9.91868E-1 9.93455E-1 9.99666E-1 9.99658E-1 9.97671E-1 9.65277E-1 9.96794E-1 9.96245E-1 9.95087E-1 9.93489E-1 9.93585E-1 9.99375E-1 9.51754E-1 9.83414E-1 9.62037E-1 9.91663E-1 9.88572E-1 9.9976E-1 9.99745E-1 9.98379E-1 9.9592E-1 9.8573E-1 9.92268E-1 9.80307E-1 9.97192E-1 9.93841E-1 9.8989E-1 9.90085E-1 9.94735E-1 9.84637E-1 9.67607E-1 9.56236E-1 9.87271E-1 9.98051E-1 9.9929E-1 9.92216E-1 9.95548E-1 9.97883E-1 8.71924E-1 9.99793E-1 9.99495E-1 9.96226E-1 9.97146E-1 9.89116E-1 9.95082E-1 9.73394E-1 7.74258E-1 8.87111E-1 9.64283E-1 9.99456E-1 9.98526E-1 9.73653E-1 9.82674E-1
-9999 -9999 9.69604E-1 5.93889E-1 6.8818E-1 9.44628E-1 9.80538E-1 5.93162E-1 6.71234E-1 9.63994E-1 8.64036E-1 8.45288E-1 9.9735E-1 -9999 -9999 -9999 9.91849E-1 9.66915E-1 9.78587E-1 9.92684E-1 9.78963E-1 9.99554E-1 9.99711E-1 9.99296E-1 9.8487E-1 9.82412E-1 9.91901E-1 9.98784E-1 9.98425E-1 9.97686E-1 9.94981E-1 9.83251E-1 9.80732E-1 9.86243E-1 9.8541E-1 9.97199E-1 9.77289E-1 9.95352E-1 9.97829E-1 9.91262E-1 9.99689E-1 9.80297E-1 9.92214E-1 9.93038E-1 9.90844E-1 9.86395E-1 9.90941E-1 9.9878E-1 9.92176E-1 9.92406E-1 9.73212E-1 9.98442E-1 9.96307E-1 9.96298E-1 9.97962E-1 9.99087E-1 9.99217E-1 9.44794E-1 9.95162E-1 9.66986E-1 9.9994E-1 9.97795E-1 9.88563E-1 9.99926E-1 9.99905E-1 9.12852E-1 9.98327E-1 9.64022E-1 9.74279E-1 9.73776E-1 8.26239E-1 9.91139E-1 9.97616E-1
-9999 -9999 8.1628E-1 9.69162E-1 9.48555E-1 7.16205E-1 9.89494E-1 9.48261E-1 7.33343E-1 9.99998E-1 9.97869E-1 -9999 -9999 -9999 -9999 -9999 -9999 9.6644E-1 9.89053E-1 9.84505E-1 9.98068E-1 9.98651E-1 9.98913E-1 9.98134E-1 9.8746E-1 9.94772E-1 9.76821E-1 9.83449E-1 9.95462E-1 9.95563E-1 9.84284E-1 9.83739E-1 9.86699E-1 9.85074E-1 9.99063E-1 9.99378E-1 9.86038E-1 9.9452E-1 9.96623E-1 9.93324E-1 9.95423E-1 9.96033E-1 9.95435E-1 9.86143E-1 9.39934E-1 9.86474E-1 9.98821E-1 9.99819E-1 9.99794E-1 9.96176E-1 9.83966E-1 9.93705E-1 9.93528E-1 9.98869E-1 9.95065E-1 9.71558E-1 9.98781E-1 9.82757E-1 9.06302E-1 9.99765E-1 9.96479E-1 9.94703E-1 9.99153E-1 9.99137E-1 9.99991E-1 9.99961E-1 9.56371E-1 9.49847E-1 9.75795E-1 9.16581E-1 9.07674E-1 9.4387E-1 9.23002E-1
-9999 -9999 9.72601E-1 9.99924E-1 9.99989E-1 9.01439E-1 9.92025E-1 9.91812E-1 9.88718E-1 -9999 -9999 -9999 -9999 -9999 -9999 -9999 -9999 -9999 9.98523E-1 9.99739E-1 9.99905E-1 9.9937E-1 9.89214E-1 9.86638E-1 9.9354E-1 9.92558E-1 9.98546E-1 9.66057E-1 9.95629E-1 9.88174E-1 9.93308E-1 9.92096E-1 9.98662E-1 9.955E-1 9.8621E-1 9.83762E-1 9.87649E-1 9.9428E-1 9.90173E-1 9.95407E-1 9.74866E-1 9.85914E-1 9.97001E-1 9.96658E-1 9.66416E-1 9.90702E-1 9.93854E-1 9.9635E-1 9.9836E-1 9.99661E-1 9.97374E-1 9.98793E-1 9.63702E-1 9.94245E-1 9.93186E-1 9.91127E-1 9.86519E-1 9.95506E-1 9.80416E-1 9.95247E-1 9.99879E-1 9.99934E-1 9.99999E-1 9.99983E-1 9.99996E-1 9.99962E-1 9.88876E-1 9.85959E-1 9.17604E-1 9.64691E-1 9.99091E-1 9.00762E-1 9.998E-1
-9999 -9999 9.35711E-1 9.99981E-1 9.99977E-1 9.99994E-1 9.95647E-1 8.58766E-1 -9999 -9999 -9999 -9999 -9999 -9999 -9999 -9999 -9999 -9999 -9999 9.99772E-1 -9999 9.89901E-1 9.94496E-1 9.91671E-1 9.94592E-1 9.96357E-1 9.84753E-1 9.7173E-1 9.87903E-1 9.89272E-1 9.97989E-1 9.87979E-1 9.95548E-1 9.93716E-1 9.67276E-1 9.72138E-1 9.66983E-1 9.86959E-1 9.91165E-1 9.79526E-1 9.95006E-1 9.9483E-1 9.94199E-1 9.95024E-1 9.99302E-1 9.9547E-1 9.96069E-1 9.9764E-1 9.99287E-1 9.99462E-1 9.97285E-1 9.96873E-1 9.93063E-1 9.90651E-1 9.96247E-1 9.90123E-1 9.97195E-1 9.99317E-1 9.97807E-1 9.99873E-1 9.98921E-1 9.96975E-1 1E0 9.99961E-1 9.99791E-1 9.67596E-1 9.9956E-1 9.90863E-1 9.99609E-1 9.94555E-1 1E0 9.2361E-1 9.15543E-1
-9999 -9999 9.99992E-1 1E0 1E0 1E0 9.9993E-1 -9999 -9999 -9999 -9999 -9999 -9999 -9999 -9999 -9999 -9999 -9999 -9999 9.98104E-1 -9999 9.06045E-1 7.44797E-1 6.22414E-1 9.45557E-1 9.96913E-1 9.62626E-1 9.84865E-1 9.88727E-1 9.84483E-1 9.87718E-1 9.73014E-1 9.92592E-1 9.85812E-1 9.63125E-1 9.81471E-1 9.50735E-1 9.93606E-1 9.79524E-1 9.9338E-1 9.95876E-1 9.78927E-1 9.91627E-1 9.90035E-1 9.98123E-1 9.94362E-1 9.84839E-1 9.90179E-1 9.95701E-1 9.90014E-1 9.99619E-1 9.98802E-1 9.95515E-1 9.98592E-1 9.99816E-1 9.99863E-1 9.96905E-1 9.98839E-1 9.99512E-1 9.99415E-1 9.98688E-1 9.99242E-1 9.99994E-1 9.99361E-1 9.87821E-1 9.97449E-1 9.87819E-1 9.65661E-1 9.93523E-1 9.99956E-1 9.99997E-1 9.96529E-1 9.91349E-1
-9999 -9999 -9999 9.99989E-1 9.99365E-1 -9999 -9999 -9999 -9999 -9999 -9999 -9999 -9999 -9999 -9999 -9999 -9999 -9999 -9999 -9999 -9999 -9999 -9999 -9999 9.78515E-1 9.79154E-1 9.93275E-1 9.83108E-1 9.85923E-1 9.81584E-1 9.89227E-1 9.83799E-1 9.96E-1 9.97404E-1 9.89181E-1 9.65909E-1 9.81664E-1 9.94209E-1 9.79001E-1 9.91703E-1 9.9687E-1 9.97958E-1 9.53233E-1 9.93681E-1 9.98789E-1 9.82891E-1 9.84937E-1 9.94476E-1 9.95369E-1 9.94298E-1 9.9857E-1 9.99921E-1 9.99889E-1 9.99163E-1 9.98357E-1 9.99442E-1 9.98393E-1 9.87174E-1 9.9729E-1 9.99899E-1 9.97727E-1 9.97956E-1 9.95107E-1 9.99437E-1 9.99115E-1 9.98333E-1 1E0 1E0 9.86547E-1 9.38695E-1 9.99954E-1 9.98128E-1 9.99636E-1
-9999 -9999 -9999 -9999 -9999 -9999 -9999 -9999 -9999 -9999 -9999 -9999 -9999 -9999 -9999 -9999 -9999 -9999 -9999 -9999 -9999 -9999 -9999 -9999 -9999 9.87785E-1 9.98255E-1 9.82749E-1 9.96725E-1 9.9327E-1 9.96989E-1 9.77682E-1 9.93398E-1 9.92447E-1 9.98615E-1 9.94231E-1 9.98909E-1 9.99714E-1 9.97994E-1 9.854E-1 9.40431E-1 9.72086E-1 9.96531E-1 9.64308E-1 9.96789E-1 9.98975E-1 9.61504E-1 9.96037E-1 9.98357E-1 9.97793E-1 9.84562E-1 9.95494E-1 9.99257E-1 9.98614E-1 9.88838E-1 9.99465E-1 9.98919E-1 9.94017E-1 9.99815E-1 9.99814E-1 9.99093E-1 9.9845E-1 9.9515E-1 9.74319E-1 9.9957E-1 9.98187E-1 9.99997E-1 9.99996E-1 9.91889E-1 9.91443E-1 9.76673E-1 9.99246E-1 8.68983E-1
-9999 -9999 -9999 -9999 -9999 -9999 -9999 -9999 -9999 -9999 -9999 -9999 -9999 -9999 -9999 -9999 -9999 -9999 -9999 -9999 -9999 -9999 -9999 5.77769E-1 8.91958E-1 9.96118E-1 9.86983E-1 9.59891E-1 9.89544E-1 9.85885E-1 9.95422E-1 9.9895E-1 9.72933E-1 9.9519E-1 9.91283E-1 9.98292E-1 9.91529E-1 9.91213E-1 9.89033E-1 9.98303E-1 9.77423E-1 9.69542E-1 9.227E-1 9.60753E-1 9.93474E-1 9.89452E-1 9.8641E-1 9.89924E-1 9.90482E-1 9.92274E-1 9.96455E-1 9.99506E-1 9.9957E-1 9.98219E-1 9.98672E-1 9.99836E-1 9.96482E-1 9.95614E-1 9.82908E-1 9.97848E-1 9.93203E-1 9.9632E-1 9.98685E-1 9.95049E-1 9.85935E-1 9.96023E-1 9.99964E-1 9.99918E-1 9.99216E-1 9.96164E-1 9.81296E-1 9.88473E-1 9.99991E-1
-9999 -9999 -9999 -9999 -9999 -9999 -9999 -9999 -9999 -9999 -9999 -9999 -9999 -9999 -9999 -9999 -9999 -9999 -9999 -9999 -9999 -9999 -9999 9.85062E-1 9.98273E-1 9.05743E-1 9.90593E-1 9.97313E-1 9.88578E-1 9.98597E-1 9.9599E-1 9.9223E-1 9.97707E-1 9.95665E-1 9.87217E-1 9.63041E-1 9.95639E-1 9.9222E-1 9.95997E-1 9.9524E-1 9.85696E-1 9.77807E-1 9.74831E-1 9.6477E-1 9.92126E-1 9.47692E-1 9.89039E-1 9.99126E-1 9.93925E-1 9.87112E-1 9.92944E-1 9.99541E-1 9.99565E-1 9.96101E-1 9.98404E-1 9.99183E-1 9.97959E-1 9.98611E-1 9.92982E-1 8.12691E-1 9.96421E-1 9.99906E-1 9.99057E-1 9.88785E-1 9.99493E-1 9.99442E-1 9.99995E-1 9.99421E-1 9.99906E-1 9.9966E-1 9.94165E-1 9.88977E-1 9.96318E-1
-9999 -9999 -9999 -9999 -9999 -9999 -9999 -9999 -9999 -9999 -9999 -9999 -9999 -9999 -9999 -9999 -9999 -9999 -9999 -9999 -9999 -9999 -9999 9.72111E-1 9.94803E-1 9.53026E-1 9.81236E-1 9.81881E-1 9.98631E-1 9.97011E-1 9.88562E-1 9.9458E-1 9.98437E-1 9.90302E-1 9.91423E-1 9.88661E-1 9.93836E-1 9.93522E-1 9.93326E-1 9.84806E-1 9.84704E-1 9.89826E-1 9.72436E-1 9.8402E-1 9.95129E-1 9.99591E-1 9.99974E-1 9.9747E-1 9.98197E-1 9.9809E-1 9.98342E-1 9.84616E-1 9.99942E-1 9.99202E-1 9.98732E-1 9.98786E-1 9.99953E-1 9.98553E-1 9.95179E-1 7.89205E-1 9.94476E-1 9.98192E-1 9.98375E-1 9.99727E-1 9.99367E-1 9.79167E-1 9.99998E-1 9.99836E-1 9.9977E-1 9.90833E-1 9.99873E-1 9.98942E-1 8.20303E-1
-9999 -9999 -9999 -9999 -9999 -9999 -9999 -9999 -9999 -9999 -9999 -9999 -9999 -9999 -9999 -9999 -9999 -9999 -9999 -9999 -9999 -9999 9.87228E-1 9.92561E-1 9.85322E-1 9.6633E-1 9.74764E-1 9.90386E-1 9.96726E-1 9.97274E-1 9.99914E-1 9.96118E-1 9.8714E-1 9.88774E-1 9.94606E-1 9.97938E-1 9.9583E-1 9.90391E-1 9.95575E-1 9.80553E-1 9.84942E-1 9.75502E-1 9.96388E-1 9.92703E-1 9.89818E-1 9.88675E-1 9.96354E-1 9.914E-1 9.9802E-1 9.97838E-1 9.98367E-1 9.99984E-1 9.99989E-1 9.99663E-1 9.99368E-1 9.99483E-1 9.99915E-1 9.99957E-1 9.95798E-1 9.94574E-1 9.99016E-1 9.93541E-1 9.95951E-1 9.96169E-1 9.99799E-1 9.82818E-1 9.99975E-1 1E0 9.99997E-1 9.97572E-1 9.95973E-1 9.9996E-1 9.81479E-1
-9999 -9999 -9999 -9999 -9999 -9999 -9999 -9999 -9999 -9999 -9999 -9999 -9999 -9999 -9999 -9999 -9999 -9999 -9999 -9999 -9999 9.674E-1 9.12705E-1 8.98271E-1 9.45215E-1 9.81418E-1 9.78689E-1 9.59276E-1 9.88514E-1 9.92957E-1 9.98129E-1 9.93434E-1 9.97916E-1 9.91822E-1 9.96701E-1 9.88878E-1 9.82106E-1 9.89907E-1 9.965E-1 9.75264E-1 9.55184E-1 9.93069E-1 9.91327E-1 9.92531E-1 9.79407E-1 9.95082E-1 9.99259E-1 9.99288E-1 9.97431E-1 9.98563E-1 9.9954E-1 9.99542E-1 9.99971E-1 9.9999E-1 9.99996E-1 9.99989E-1 9.99945E-1 9.99764E-1 9.99942E-1 9.9747E-1 9.97193E-1 9.89771E-1 9.87846E-1 9.96894E-1 9.9945E-1 9.9451E-1 9.99574E-1 9.99142E-1 9.99982E-1 9.99994E-1 9.99975E-1 9.96665E-1 9.99998E-1
-9999 -9999 -9999 -9999 -9999 -9999 -9999 -9999 -9999 -9999 -9999 -9999 -9999 -9999 -9999 -9999 -9999 -9999 -9999 -9999 9.69255E-1 8.47608E-1 9.6691E-1 9.92373E-1 9.9668E-1 9.75809E-1 9.58954E-1 9.68913E-1 9.5007E-1 9.94435E-1 9.85178E-1 9.91128E-1 9.95432E-1 9.86797E-1 9.88518E-1 9.79752E-1 9.78271E-1 9.92514E-1 9.91389E-1 9.53435E-1 9.26395E-1 9.46624E-1 9.69392E-1 9.91638E-1 9.9548E-1 9.97527E-1 9.98827E-1 9.98319E-1 9.99586E-1 9.99631E-1 9.98888E-1 9.99239E-1 9.99741E-1 9.99606E-1 9.99736E-1 9.74743E-1 9.51324E-1 9.90715E-1 9.86215E-1 9.97867E-1 9.84858E-1 9.88353E-1 9.88884E-1 9.96955E-1 9.89693E-1 9.628E-1 9.13974E-1 9.83005E-1 9.83065E-1 9.93536E-1 9.99355E-1 9.96641E-1 9.96913E-1
-9999 -9999 -9999 -9999 -9999 -9999 -9999 -9999 -9999 -9999 -9999 -9999 -9999 -9999 -9999 -9999 -9999 -9999 9.00688E-1 5.03426E-1 6.41078E-1 9.7974E-1 9.64362E-1 9.68767E-1 9.70047E-1 9.80969E-1 9.64274E-1 9.72184E-1 9.65316E-1 9.39179E-1 9.802E-1 9.92297E-1 9.90856E-1 9.98993E-1 9.98057E-1 9.77781E-1 9.65415E-1 9.34648E-1 9.84841E-1 9.88554E-1 9.77828E-1 9.33516E-1 9.68517E-1 9.95602E-1 9.84094E-1 9.99029E-1 9.95276E-1 9.95886E-1 9.99566E-1 9.99438E-1 9.9614E-1 9.9918E-1 9.99967E-1 9.99779E-1 9.95602E-1 9.92932E-1 9.86996E-1 9.97883E-1 9.8863E-1 9.90537E-1 9.78428E-1 9.9944E-1 9.99295E-1 9.9422E-1 6.92274E-1 3.7058E-1 7.70558E-1 1E0 9.99964E-1 9.96819E-1 9.97497E-1 9.99219E-1 9.9999E-1
-9999 -9999 -9999 -9999 -9999 -9999 -9999 -9999 -9999 -9999 -9999 -9999 -9999 -9999 -9999 -9999 -9999 7.44542E-1 6.9436E-1 8.21001E-1 -9999 9.76674E-1 9.92463E-1 9.82363E-1 9.82363E-1 9.76917E-1 9.95263E-1 9.72968E-1 9.36139E-1 9.53956E-1 9.52692E-1 9.95463E-1 9.97763E-1 9.98131E-1 9.95071E-1 9.91166E-1 9.92091E-1 9.86436E-1 9.59017E-1 9.64318E-1 9.56576E-1 9.33298E-1 9.96562E-1 9.94603E-1 9.62057E-1 9.84349E-1 9.9876E-1 9.983E-1 9.92468E-1 9.90924E-1 9.96951E-1 9.99858E-1 9.99261E-1 9.99663E-1 9.99753E-1 9.98227E-1 9.43429E-1 9.98126E-1 9.99865E-1 9.77606E-1 8.54817E-1 9.85252E-1 9.69967E-1 9.99677E-1 9.99682E-1 8.18918E-1 6.72804E-1 9.97554E-1 9.74594E-1 9.67462E-1 9.61244E-1 1E0 1E0
-9999 -9999 -9999 -9999 -9999 -9999 -9999 -9999 -9999 -9999 -9999 -9999 9.02375E-1 9.06853E-1 6.66681E-1 -9999 -9999 -9999 8.30634E-1 -9999 -9999 9.57984E-1 9.86722E-1 9.84994E-1 9.95675E-1 9.92358E-1 9.94931E-1 9.96233E-1 9.81226E-1 9.15797E-1 9.92699E-1 9.97523E-1 9.98291E-1 9.98648E-1 9.92879E-1 9.72998E-1 9.77619E-1 9.80284E-1 9.74053E-1 9.67939E-1 9.14528E-1 9.77306E-1 9.88618E-1 9.85752E-1 9.87395E-1 9.93261E-1 9.88046E-1 9.91129E-1 9.97875E-1 9.99513E-1 9.97558E-1 9.99969E-1 9.99162E-1 9.97061E-1 9.99183E-1 9.93349E-1 9.70836E-1 9.90307E-1 9.98908E-1 9.9727E-1 9.98508E-1 9.95826E-1 9.94992E-1 9.98789E-1 9.8791E-1 9.87903E-1 9.96101E-1 9.99763E-1 9.99886E-1 9.99972E-1 9.92464E-1 9.99529E-1 9.99999E-1
-9999 -9999 -9999 -9999 -9999 -9999 -9999 -9999 -9999 -9999 -9999 -9999 9.44316E-1 8.88026E-1 7.95535E-1 -9999 7.75073E-1 -9999 -9999 8.99889E-1 9.81705E-1 -9999 9.90946E-1 9.55985E-1 9.86641E-1 9.99053E-1 9.93281E-1 9.97793E-1 9.92705E-1 9.60988E-1 9.46747E-1 9.83788E-1 9.83857E-1 9.94081E-1 9.94918E-1 9.89269E-1 9.86384E-1 9.83219E-1 9.51633E-1 9.19612E-1 9.59225E-1 9.72883E-1 9.75158E-1 9.82342E-1 9.63331E-1 9.87196E-1 9.89591E-1 9.95734E-1 9.99417E-1 9.99763E-1 9.9958E-1 9.88653E-1 9.98195E-1 9.97742E-1 9.98738E-1 9.97895E-1 9.88889E-1 9.95998E-1 9.99459E-1 9.99992E-1 9.99961E-1 9.99009E-1 9.97015E-1 9.95106E-1 9.90078E-1 9.97667E-1 9.68358E-1 9.95715E-1 9.92023E-1 9.99717E-1 9.78644E-1 9.95736E-1 9.99417E-1
-9999 -9999 -9999 -9999 -9999 -9999 -9999 -9999 -9999 -9999 -9999 -9999 6.8584E-1 9.08707E-1 -9999 -9999 8.31715E-1 9.40681E-1 9.65466E-1 8.97104E-1 9.91154E-1 -9999 9.84276E-1 9.95232E-1 9.88471E-1 9.88188E-1 9.92662E-1 9.95942E-1 9.93788E-1 9.95471E-1 9.90454E-1 9.7793E-1 9.94538E-1 9.65924E-1 9.9216E-1 9.83563E-1 9.87867E-1 9.93334E-1 9.89891E-1 9.34218E-1 9.67784E-1 9.38359E-1 9.49622E-1 9.37027E-1 9.6846E-1 9.86513E-1 9.90563E-1 9.94517E-1 9.99683E-1 9.99732E-1 9.985E-1 9.9059E-1 9.99337E-1 9.99837E-1 9.99491E-1 9.85249E-1 9.98401E-1 9.99529E-1 9.99164E-1 9.99283E-1 9.9803E-1 9.97428E-1 9.97145E-1 9.97847E-1 9.84695E-1 9.88821E-1 9.88576E-1 9.94348E-1 9.99827E-1 9.99522E-1 8.42523E-1 8.37011E-1 8.74422E-1
-9999 -9999 -9999 -9999 -9999 -9999 -9999 -9999 -9999 5.6759E-1 -9999 3.77003E-1 8.06274E-1 9.23526E-1 9.46102E-1 9.21159E-1 9.55936E-1 9.87611E-1 9.54291E-1 9.59478E-1 9.54003E-1 9.7172E-1 9.86041E-1 9.89713E-1 9.86645E-1 9.93041E-1 9.81535E-1 9.77681E-1 9.67086E-1 9.90047E-1 9.98685E-1 9.81873E-1 9.97668E-1 9.85169E-1 9.53088E-1 9.26157E-1 9.49906E-1 8.82085E-1 9.45225E-1 9.60394E-1 9.70218E-1 9.4735E-1 9.83804E-1 9.68543E-1 9.66301E-1 9.93289E-1 9.95632E-1 9.92673E-1 9.76038E-1 9.94489E-1 9.93813E-1 9.98155E-1 9.99893E-1 9.96627E-1 9.95887E-1 9.99502E-1 9.96356E-1 9.99485E-1 9.9967E-1 9.99683E-1 9.77144E-1 9.95241E-1 9.99886E-1 9.99861E-1 9.93527E-1 9.85792E-1 9.92486E-1 9.38811E-1 9.17094E-1 9.20903E-1 7.65568E-1 8.15273E-1 8.51497E-1
-9999 -9999 -9999 -9999 -9999 -9999 -9999 -9999 -9999 3.78956E-1 -9999 -9999 8.8251E-1 9.8646E-1 8.95676E-1 9.16684E-1 8.82196E-1 9.61589E-1 9.38884E-1 8.24943E-1 9.73509E-1 9.89466E-1 9.97138E-1 9.9402E-1 9.97603E-1 9.96434E-1 9.82372E-1 9.86153E-1 9.79353E-1 9.86775E-1 9.69666E-1 9.92748E-1 9.89027E-1 9.44461E-1 8.54777E-1 8.61324E-1 7.80746E-1 9.35212E-1 6.87641E-1 9.99746E-1 9.25037E-1 9.79837E-1 9.81935E-1 9.68947E-1 9.68978E-1 9.7813E-1 9.93224E-1 9.91406E-1 9.93677E-1 9.99786E-1 9.98241E-1 9.93412E-1 9.99102E-1 9.97581E-1 9.86814E-1 9.99953E-1 9.99069E-1 9.74299E-1 9.99455E-1 9.99957E-1 9.50295E-1 9.915E-1 9.97078E-1 9.98183E-1 9.99031E-1 9.95207E-1 8.84745E-1 9.93916E-1 9.21611E-1 9.99206E-1 9.99933E-1 9.3065E-1 9.67211E-1
-9999 -9999 -9999 -9999 -9999 -9999 -9999 -9999 -9999 -9999 -9999 -9999 9.09373E-1 9.70665E-1 9.67719E-1 8.99996E-1 8.48129E-1 9.846E-1 9.60987E-1 8.17183E-1 9.47088E-1 9.79841E-1 9.83278E-1 9.93225E-1 9.94318E-1 9.91663E-1 9.71585E-1 9.92106E-1 9.73623E-1 9.7374E-1 9.92061E-1 9.73184E-1 9.57474E-1 9.66104E-1 9.18005E-1 7.67061E-1 8.99448E-1 8.67959E-1 8.97292E-1 7.48281E-1 7.27221E-1 8.10313E-1 6.85929E-1 9.77099E-1 9.38285E-1 9.84591E-1 9.9347E-1 9.99815E-1 9.95583E-1 9.99418E-1 9.99336E-1 9.96208E-1 9.98817E-1 9.99762E-1 9.99807E-1 9.9955E-1 9.97911E-1 9.98533E-1 9.87467E-1 9.97944E-1 9.99302E-1 9.99197E-1 9.99563E-1 9.98969E-1 9.99924E-1 9.98626E-1 9.84142E-1 9.90961E-1 9.46619E-1 9.99794E-1 9.99995E-1 8.93539E-1 7.70901E-1
-9999 -9999 -9999 -9999 -9999 -9999 -9999 -9999 -9999 -9999 -9999 -9999 -9999 -9999 -9999 9.39981E-1 9.7476E-1 9.77782E-1 9.95137E-1 9.72235E-1 9.75702E-1 9.5425E-1 9.93291E-1 9.68983E-1 8.50133E-1 9.7836E-1 9.28864E-1 8.7648E-1 9.35736E-1 9.85664E-1 9.61574E-1 9.82175E-1 -9999 -9999 -9999 -9999 -9999 7.74008E-1 8.48581E-1 9.17313E-1 8.14044E-1 7.15145E-1 1.30649E-1 2.62889E-1 3.44609E-1 8.47318E-1 9.94577E-1 9.94698E-1 9.87667E-1 9.9954E-1 9.9981E-1 9.9994E-1 9.99911E-1 9.99737E-1 9.97268E-1 9.98707E-1 9.8816E-1 9.94239E-1 9.97702E-1 9.99141E-1 9.99923E-1 9.9925E-1 9.99999E-1 9.99669E-1 9.9993E-1 9.99971E-1 9.96367E-1 9.86623E-1 7.84552E-1 6.94889E-1 9.99828E-1 9.88773E-1 9.97299E-1
-9999 -9999 -9999 -9999 -9999 -9999 -9999 -9999 -9999 -9999 -9999 -9999 -9999 -9999 -9999 -9999 -9999 9.74951E-1 9.83283E-1 9.89873E-1 9.62446E-1 9.89516E-1 9.20085E-1 9.64661E-1 8.6111E-1 8.9146E-1 9.01475E-1 8.21138E-1 8.98727E-1 9.66639E-1 9.8524E-1 -9999 -9999 5.13016E-1 9.8159E-1 6.14818E-1 9.11779E-1 8.69477E-1 8.56594E-1 9.81296E-1 8.0724E-1 7.28505E-1 5.79006E-1 -9999 8.35366E-2 9.80044E-1 9.97808E-1 9.99487E-1 9.97786E-1 9.99616E-1 9.99731E-1 9.99889E-1 9.99012E-1 9.97461E-1 9.99898E-1 9.87293E-1 9.7633E-1 9.97433E-1 9.98812E-1 9.97387E-1 9.99859E-1 9.97919E-1 9.99785E-1 9.99956E-1 9.99628E-1 9.99648E-1 9.57422E-1 9.90704E-1 8.23061E-1 8.93341E-1 9.87728E-1 9.72778E-1 9.93633E-1
-9999 -9999 -9999 -9999 -9999 -9999 -9999 -9999 -9999 -9999 -9999 -9999 -9999 -9999 -9999 -9999 -9999 9.88464E-1 9.91185E-1 9.97762E-1 9.84476E-1 9.44746E-1 9.45407E-1 9.88836E-1 9.03224E-1 8.19592E-1 9.23308E-1 8.69038E-1 9.79416E-1 9.93375E-1 9.43633E-1 9.59187E-1 5.17587E-1 6.1028E-1 -9999 -9999 -9999 9.82247E-1 7.06801E-1 7.30203E-1 9.71794E-1 -9999 -9999 2.85048E-1 3.26632E-1 -9999 9.97738E-1 9.73794E-1 9.76699E-1 9.99069E-1 9.99945E-1 9.99955E-1 9.94018E-1 9.99902E-1 9.98844E-1 9.96245E-1 9.9882E-1 9.9929E-1 9.97433E-1 9.99626E-1 9.93012E-1 9.97618E-1 9.99657E-1 9.9953E-1 9.98397E-1 9.85499E-1 9.7718E-1 9.64259E-1 8.7434E-1 8.8967E-1 9.89346E-1 9.99656E-1 9.96346E-1
-9999 -9999 -9999 -9999 -9999 -9999 -9999 -9999 -9999 -9999 -9999 -9999 -9999 -9999 -9999 -9999 -9999 -9999 9.38531E-1 9.91026E-1 9.76092E-1 9.10408E-1 9.16016E-1 9.68464E-1 7.94504E-1 8.36939E-1 7.42853E-1 9.51793E-1 9.73605E-1 9.85767E-1 8.10509E-1 7.86405E-1 5.4818E-1 6.61564E-1 -9999 -9999 -9999 9.91389E-1 7.05181E-1 -9999 -9999 -9999 4.67226E-1 2.64973E-1 3.40104E-1 9.70411E-1 9.77392E-1 9.90084E-1 9.8542E-1 9.94925E-1 9.97844E-1 9.99327E-1 9.98718E-1 9.98125E-1 9.87974E-1 9.95145E-1 9.94417E-1 9.89912E-1 9.82222E-1 9.99338E-1 9.95069E-1 9.997E-1 9.9927E-1 9.96338E-1 9.97033E-1 9.70178E-1 9.80212E-1 9.91579E-1 9.32642E-1 9.04606E-1 7.35954E-1 9.18663E-1 9.97411E-1
-9999 -9999 -9999 -9999 -9999 -9999 -9999 -9999 -9999 -9999 -9999 -9999 -9999 -9999 -9999 -9999 -9999 -9999 9.61628E-1 8.19861E-1 7.74012E-1 8.38818E-1 9.80178E-1 9.6379E-1 9.87267E-1 9.90985E-1 9.18945E-1 9.27544E-1 9.23285E-1 -9999 7.16561E-1 7.46487E-1 4.37139E-1 -9999 8.68327E-1 -9999 -9999 -9999 -9999 -9999 -9999 9.27163E-1 4.57284E-1 9.11298E-1 5.7909E-1 9.13783E-1 9.03295E-1 9.95521E-1 9.92706E-1 9.99729E-1 9.99627E-1 9.99747E-1 9.98195E-1 9.74897E-1 9.89248E-1 9.74738E-1 9.69695E-1 9.55487E-1 9.03515E-1 9.84414E-1 9.96479E-1 9.85021E-1 9.99616E-1 9.9979E-1 9.93968E-1 9.75137E-1 9.70039E-1 9.77423E-1 9.82976E-1 8.37097E-1 6.87971E-1 9.28518E-1 9.68513E-1
-9999 -9999 -9999 -9999 -9999 -9999 -9999 -9999 -9999 -9999 -9999 -9999 -9999 -9999 -9999 -9999 -9999 -9999 9.11728E-1 9.11359E-1 9.36426E-1 9.83424E-1 9.82276E-1 9.56869E-1 9.6839E-1 9.85105E-1 9.4836E-1 9.29477E-1 4.46052E-1 9.4556E-1 8.5739E-1 7.67493E-1 6.49637E-1 -9999 -9999 -9999 -9999 -9999 -9999 4.55823E-1 9.01408E-1 -9999 9.83695E-1 9.88617E-1 9.94447E-1 9.90709E-1 9.94517E-1 9.9792E-1 9.98499E-1 9.99784E-1 9.9997E-1 9.9974E-1 9.99542E-1 9.87761E-1 9.54963E-1 9.83336E-1 9.8892E-1 9.44326E-1 9.87247E-1 9.95563E-1 9.74893E-1 9.92427E-1 9.99589E-1 9.96863E-1 9.93426E-1 9.91617E-1 9.77795E-1 9.96614E-1 9.49383E-1 8.08796E-1 3.10788E-1 2.42005E-1 3.07189E-1
-9999 -9999 -9999 -9999 -9999 -9999 -9999 -9999 -9999 -9999 -9999 -9999 -9999 -9999 -9999 -9999 -9999 -9999 8.53542E-1 9.35832E-1 9.73971E-1 9.25022E-1 9.65825E-1 9.82313E-1 8.81027E-1 9.14622E-1 8.39797E-1 7.92028E-1 5.72138E-1 4.8382E-1 9.27674E-1 9.77234E-1 -9999 -9999 -9999 -9999 -9999 -9999 -9999 -9999 -9999 7.09215E-1 8.39076E-1 7.80173E-1 7.85336E-1 9.47065E-1 9.99262E-1 9.9916E-1 9.97903E-1 9.99895E-1 9.99775E-1 9.99408E-1 9.97907E-1 9.36693E-1 9.1921E-1 8.4777E-1 8.93704E-1 9.67855E-1 8.89986E-1 9.30715E-1 9.67079E-1 9.93548E-1 9.99861E-1 9.97783E-1 9.97896E-1 9.88666E-1 9.98681E-1 9.60205E-1 8.05397E-1 6.32339E-1 1.60349E-1 1.48394E-1 8.76594E-2
