ENM/Final_Models/M_2_F_lq_Set_1_E/Gustavia_santanderiensis_Choco_stddev.asc
ncols         367
nrows         963
xllcorner     -78.6
yllcorner     0.65
cellsize      0.00833333333333323
NODATA_value  -9999
[rows 390 to 419 of 963, columns 134 to 200 of 367]
-9999 -9999 -9999 -9999 -9999 -9999 -9999 -9999 -9999 -9999 -9999 -9999 1.65779E-1 3.779E-1 3.58349E-1 3.37366E-1 9.53329E-2 6.71636E-2 6.48737E-2 9.25547E-2 2.55583E-1 3.75291E-1 4.07923E-1 3.94422E-1 2.6848E-1 4.72026E-2 8.35746E-3 3.27516E-3 6.80123E-4 9.60849E-4 2.08662E-3 4.50034E-3 8.60558E-4 1.72001E-3 1.04516E-2 2.54429E-2 4.83694E-2 4.45673E-1 4.48589E-1 4.45488E-1 4.37706E-1 4.15562E-1 4.1953E-1 4.16724E-1 4.38428E-1 4.16155E-1 4.1984E-1 3.55787E-1 3.723E-1 3.80451E-1 4.00281E-1 3.63213E-1 3.73845E-1 4.39559E-1 4.14634E-1 4.14469E-1 3.94257E-1 4.37548E-1 4.52327E-1 4.38397E-1 3.75995E-1 3.81222E-1 4.56839E-1 4.57554E-1 4.58013E-1 4.57885E-1 4.57973E-1
-9999 -9999 -9999 -9999 -9999 -9999 -9999 -9999 -9999 -9999 -9999 -9999 -9999 3.91936E-1 3.88437E-1 4.10367E-1 2.2229E-1 1.51599E-1 1.31886E-1 1.84834E-1 1.54976E-1 3.00217E-1 4.20892E-1 4.12714E-1 4.14572E-1 1.20725E-1 2.41007E-2 3.80803E-3 8.01696E-4 7.14971E-4 3.82721E-4 4.52786E-3 1.26663E-3 1.28355E-3 3.2731E-3 1.30062E-1 2.36142E-1 4.47057E-1 4.48338E-1 4.381E-1 4.39112E-1 4.01052E-1 4.00005E-1 4.13114E-1 4.34761E-1 4.38388E-1 4.00791E-1 3.59287E-1 3.50774E-1 3.60188E-1 3.8534E-1 3.89709E-1 4.13728E-1 4.39305E-1 4.39294E-1 4.38555E-1 4.35538E-1 4.52614E-1 4.36877E-1 3.68513E-1 3.67209E-1 3.77002E-1 4.56521E-1 4.58038E-1 4.57737E-1 4.56877E-1 4.55667E-1
-9999 -9999 -9999 -9999 -9999 -9999 -9999 -9999 -9999 -9999 -9999 -9999 -9999 2.88801E-1 3.71564E-1 3.11313E-1 3.88356E-1 3.88153E-1 1.55943E-1 2.89132E-1 2.86287E-1 3.07446E-1 4.13542E-1 4.1633E-1 3.24293E-1 2.76525E-1 1.1732E-1 3.93293E-3 8.40561E-4 1.78726E-3 2.1857E-3 1.34794E-2 3.50753E-2 3.84865E-2 1.20317E-1 4.11644E-1 4.43878E-1 4.49957E-1 4.46115E-1 4.13221E-1 4.1415E-1 4.15127E-1 3.97355E-1 4.16567E-1 4.49051E-1 4.39037E-1 4.39084E-1 4.3975E-1 4.06231E-1 3.72187E-1 3.81048E-1 3.88817E-1 4.13099E-1 4.39908E-1 4.36385E-1 4.35312E-1 4.52976E-1 4.53068E-1 4.3551E-1 4.32602E-1 4.35615E-1 4.36767E-1 4.57181E-1 4.57858E-1 4.57068E-1 4.56664E-1 4.56507E-1
-9999 -9999 -9999 -9999 -9999 -9999 -9999 -9999 -9999 -9999 -9999 -9999 -9999 -9999 -9999 2.16411E-1 2.45875E-1 3.67709E-1 1.87607E-1 3.1272E-1 3.10335E-1 2.41344E-1 3.16764E-1 2.6277E-1 4.16713E-1 2.96733E-1 2.46124E-2 3.29329E-3 2.33575E-3 7.14933E-3 9.25064E-3 1.63348E-2 1.42765E-1 9.15776E-2 3.23569E-1 4.46956E-1 4.53313E-1 4.49521E-1 4.37989E-1 4.20188E-1 4.20367E-1 4.19322E-1 4.1994E-1 4.38397E-1 4.51763E-1 4.40419E-1 4.40007E-1 4.18706E-1 3.81564E-1 3.99536E-1 3.96938E-1 4.16208E-1 4.15101E-1 4.45719E-1 4.37949E-1 4.37899E-1 4.56386E-1 4.52975E-1 4.52715E-1 4.57576E-1 4.53846E-1 4.53779E-1 4.57254E-1 4.5764E-1 4.57839E-1 4.56985E-1 4.56484E-1
-9999 -9999 -9999 -9999 -9999 -9999 -9999 -9999 -9999 -9999 -9999 -9999 -9999 -9999 -9999 -9999 2.98678E-1 3.07204E-1 2.86184E-1 3.05089E-1 2.90865E-1 2.30851E-1 2.76388E-1 1.91573E-1 8.96757E-2 4.01999E-1 1.9474E-1 3.21368E-2 1.61775E-2 1.75655E-2 1.60682E-2 5.66485E-2 1.64126E-1 2.91136E-1 4.36356E-1 4.48626E-1 4.5173E-1 4.51602E-1 4.38824E-1 4.20582E-1 4.22895E-1 4.22228E-1 4.17364E-1 4.20854E-1 4.21432E-1 4.08753E-1 4.39336E-1 4.13728E-1 4.4067E-1 4.4069E-1 4.08976E-1 3.83506E-1 4.08924E-1 4.38461E-1 4.52148E-1 4.50117E-1 4.52854E-1 4.5697E-1 4.53687E-1 4.50958E-1 4.35821E-1 4.32244E-1 4.29464E-1 4.57817E-1 4.56827E-1 4.56824E-1 4.55599E-1
-9999 -9999 -9999 -9999 -9999 -9999 -9999 -9999 -9999 -9999 -9999 -9999 -9999 -9999 -9999 -9999 -9999 4.03918E-1 4.04828E-1 2.82172E-1 2.96598E-1 3.18146E-1 2.66852E-1 7.55714E-2 4.86811E-2 9.44403E-2 2.04306E-1 2.74455E-1 9.43844E-2 1.04479E-1 1.01975E-1 8.52044E-2 1.18155E-1 2.00914E-1 3.74581E-1 4.15358E-1 4.08706E-1 4.1181E-1 4.38862E-1 4.18198E-1 4.22915E-1 3.95315E-1 3.91589E-1 3.98061E-1 4.2232E-1 4.22298E-1 4.39859E-1 4.08695E-1 4.50221E-1 4.49329E-1 4.49525E-1 4.10205E-1 4.04291E-1 4.38745E-1 4.5241E-1 4.47417E-1 4.48747E-1 4.49833E-1 4.51907E-1 4.39021E-1 3.76629E-1 3.31508E-1 3.89141E-1 4.53938E-1 4.57825E-1 4.54357E-1 4.57882E-1
-9999 -9999 -9999 -9999 -9999 -9999 -9999 -9999 -9999 -9999 -9999 -9999 -9999 -9999 -9999 -9999 -9999 3.98676E-1 4.49678E-1 4.17972E-1 3.04338E-1 1.82219E-1 1.92102E-1 1.1516E-1 2.44317E-2 1.06062E-2 7.63483E-2 1.47909E-1 9.78384E-2 7.09137E-2 6.26867E-2 1.35789E-2 2.0783E-2 6.79309E-2 1.40271E-1 2.40396E-1 4.46432E-1 4.49324E-1 4.48199E-1 4.22499E-1 4.03766E-1 4.04226E-1 4.07532E-1 3.98864E-1 3.99046E-1 3.87753E-1 4.22337E-1 4.16322E-1 4.40424E-1 4.40084E-1 4.38401E-1 3.89599E-1 3.93523E-1 4.51384E-1 4.50809E-1 4.49725E-1 4.49963E-1 4.52995E-1 4.3845E-1 4.39892E-1 4.39314E-1 3.71896E-1 3.68158E-1 4.54081E-1 4.54045E-1 4.54189E-1 4.32595E-1
-9999 -9999 -9999 -9999 -9999 -9999 -9999 -9999 -9999 -9999 -9999 -9999 -9999 -9999 -9999 -9999 -9999 3.21372E-1 4.14861E-1 4.09553E-1 4.13948E-1 2.36193E-1 2.1364E-1 3.19027E-2 8.73969E-3 4.18781E-3 1.30351E-3 9.36718E-3 1.63683E-2 3.055E-2 2.26806E-2 1.03033E-2 1.37054E-2 5.34196E-2 1.61673E-1 3.58717E-1 4.39599E-1 4.459E-1 4.51352E-1 4.39681E-1 4.0499E-1 4.06398E-1 4.04745E-1 4.06144E-1 4.04768E-1 4.23453E-1 4.20332E-1 3.88668E-1 4.02155E-1 3.90576E-1 3.67178E-1 4.00782E-1 3.87026E-1 4.04417E-1 4.40042E-1 4.39451E-1 4.39625E-1 4.38426E-1 4.53622E-1 4.49053E-1 4.39158E-1 4.38333E-1 4.37683E-1 4.31526E-1 4.36864E-1 4.34167E-1 4.34937E-1
-9999 -9999 -9999 -9999 -9999 -9999 -9999 -9999 -9999 -9999 -9999 -9999 -9999 -9999 -9999 -9999 -9999 4.1527E-1 4.13835E-1 4.42669E-1 3.5172E-1 2.94791E-1 3.09962E-1 8.75727E-2 1.00591E-1 4.11349E-2 1.02342E-2 2.20672E-2 5.02152E-2 1.75223E-2 2.25772E-2 3.26765E-2 2.90984E-2 3.29017E-2 1.06135E-1 2.93419E-1 4.08125E-1 4.10316E-1 4.47162E-1 4.39121E-1 4.19591E-1 4.05407E-1 4.07445E-1 4.06229E-1 4.18389E-1 4.22959E-1 4.20029E-1 3.86064E-1 3.85203E-1 3.66736E-1 4.02051E-1 4.38683E-1 4.08296E-1 3.81976E-1 4.0352E-1 4.05893E-1 4.40496E-1 4.40577E-1 4.50592E-1 4.53834E-1 4.3799E-1 4.5422E-1 4.54329E-1 4.5771E-1 4.54517E-1 4.57101E-1 4.57368E-1
-9999 -9999 -9999 -9999 -9999 -9999 -9999 -9999 -9999 -9999 -9999 -9999 -9999 -9999 -9999 -9999 -9999 4.46876E-1 4.11837E-1 4.2859E-1 3.02864E-1 3.02996E-1 3.90105E-1 1.41285E-1 1.12108E-1 2.04276E-1 2.77946E-1 1.2212E-1 1.38423E-1 1.17347E-1 4.84071E-2 5.32305E-2 2.55082E-2 1.68024E-2 6.92087E-2 2.65619E-1 3.22672E-1 4.14274E-1 4.47516E-1 4.48605E-1 4.37481E-1 4.05343E-1 3.98775E-1 4.04779E-1 4.1891E-1 4.03708E-1 3.94006E-1 4.09536E-1 3.74173E-1 3.66262E-1 3.56266E-1 4.03412E-1 4.07794E-1 3.94917E-1 3.47264E-1 3.62796E-1 4.16785E-1 4.10859E-1 4.40638E-1 4.54437E-1 4.51116E-1 4.54381E-1 4.5201E-1 4.53923E-1 4.57655E-1 4.56758E-1 4.57291E-1
-9999 -9999 -9999 -9999 -9999 -9999 -9999 -9999 -9999 -9999 -9999 -9999 -9999 -9999 -9999 -9999 -9999 4.08159E-1 4.10746E-1 4.50259E-1 4.48243E-1 4.1358E-1 4.16075E-1 2.92003E-1 3.05451E-1 3.13661E-1 3.3498E-1 2.09992E-1 1.51447E-1 9.39465E-2 5.52509E-2 5.84788E-2 1.65394E-2 6.02146E-3 3.35018E-2 2.58917E-1 4.10497E-1 4.54538E-1 4.5008E-1 4.39582E-1 4.23228E-1 4.0485E-1 3.96881E-1 4.07126E-1 3.85276E-1 4.10833E-1 3.79887E-1 4.13724E-1 4.08044E-1 3.5794E-1 3.56878E-1 3.98839E-1 4.39683E-1 4.39768E-1 4.40838E-1 4.15767E-1 4.09336E-1 4.0182E-1 4.08302E-1 4.38729E-1 4.5337E-1 4.53357E-1 4.53181E-1 4.54795E-1 4.57541E-1 4.57506E-1 4.54924E-1
-9999 -9999 -9999 -9999 -9999 -9999 -9999 -9999 -9999 -9999 -9999 -9999 -9999 -9999 -9999 -9999 -9999 4.41445E-1 4.40769E-1 4.53564E-1 4.49632E-1 4.15634E-1 3.16219E-1 2.95055E-1 2.37425E-1 1.70477E-1 2.97339E-1 1.2343E-1 5.79673E-2 1.0166E-1 5.26881E-2 2.56532E-2 1.53221E-2 4.44173E-3 1.50103E-2 2.22617E-1 4.42911E-1 4.4245E-1 4.46202E-1 4.45421E-1 4.24229E-1 4.00967E-1 4.01769E-1 4.22568E-1 4.22735E-1 4.19266E-1 3.88351E-1 3.74141E-1 3.78326E-1 3.52928E-1 4.00069E-1 3.99573E-1 4.39222E-1 4.52793E-1 4.43425E-1 4.41746E-1 4.12676E-1 4.41329E-1 3.98956E-1 4.10717E-1 4.50799E-1 4.54841E-1 4.53326E-1 4.54339E-1 4.52989E-1 4.55412E-1 4.35845E-1
-9999 -9999 -9999 -9999 -9999 -9999 -9999 -9999 -9999 -9999 -9999 -9999 -9999 -9999 -9999 -9999 -9999 3.63093E-1 4.04357E-1 4.05852E-1 4.38053E-1 3.38619E-1 3.74423E-1 4.10784E-1 2.92437E-1 2.96337E-1 2.87205E-1 6.89824E-2 1.57488E-2 1.50871E-2 1.31226E-2 1.98027E-2 5.53934E-3 1.31217E-2 5.2019E-2 3.18392E-1 4.05209E-1 4.0932E-1 4.40376E-1 4.40362E-1 4.40396E-1 4.38624E-1 4.23992E-1 4.40282E-1 4.39852E-1 4.49669E-1 4.40744E-1 3.86254E-1 4.0618E-1 4.16013E-1 4.39993E-1 4.39754E-1 4.39782E-1 4.4088E-1 4.13133E-1 4.43799E-1 4.4047E-1 4.39534E-1 3.88131E-1 4.10625E-1 4.53756E-1 4.57364E-1 4.55131E-1 4.57149E-1 4.543E-1 4.54041E-1 4.54106E-1
-9999 -9999 -9999 -9999 -9999 -9999 -9999 -9999 -9999 -9999 -9999 -9999 -9999 -9999 -9999 -9999 -9999 3.92534E-1 4.41615E-1 4.41023E-1 4.07521E-1 4.03849E-1 3.70474E-1 3.92588E-1 1.63347E-1 2.2883E-1 2.43153E-1 5.6508E-2 1.30043E-2 2.01191E-3 1.32478E-3 2.63168E-3 2.07544E-3 3.89696E-3 6.43453E-2 2.37809E-1 4.07132E-1 4.38451E-1 4.21723E-1 4.1464E-1 4.36174E-1 4.46249E-1 4.47075E-1 4.40536E-1 4.40647E-1 4.40759E-1 4.16022E-1 3.87162E-1 3.57267E-1 4.06524E-1 3.91758E-1 4.04911E-1 4.40885E-1 4.10831E-1 3.9592E-1 4.05694E-1 4.49839E-1 4.4053E-1 4.13596E-1 4.40653E-1 4.51936E-1 4.5774E-1 4.55084E-1 4.52734E-1 4.3623E-1 4.55278E-1 4.55415E-1
-9999 -9999 -9999 -9999 -9999 -9999 -9999 -9999 -9999 -9999 -9999 -9999 -9999 -9999 -9999 -9999 -9999 4.17734E-1 4.43392E-1 4.40288E-1 4.42392E-1 4.03976E-1 3.07561E-1 3.1171E-1 1.43411E-1 1.66985E-1 1.70252E-1 5.16476E-2 2.26052E-2 4.67918E-3 1.93323E-3 4.02375E-3 2.70229E-3 4.68413E-3 4.1066E-2 2.99864E-1 4.40738E-1 4.40222E-1 4.22979E-1 4.16737E-1 4.25016E-1 4.40843E-1 4.40176E-1 4.11601E-1 4.17058E-1 4.19375E-1 4.099E-1 4.19207E-1 4.11993E-1 4.10324E-1 4.12941E-1 4.07159E-1 4.07109E-1 3.93561E-1 4.15917E-1 4.39923E-1 4.40303E-1 4.4136E-1 3.81569E-1 3.79106E-1 4.39802E-1 4.51986E-1 4.5441E-1 4.54064E-1 4.51867E-1 4.53384E-1 4.57552E-1
-9999 -9999 -9999 -9999 -9999 -9999 -9999 -9999 -9999 -9999 -9999 -9999 -9999 -9999 -9999 -9999 -9999 4.40056E-1 4.40187E-1 4.46702E-1 4.42468E-1 4.44402E-1 3.8928E-1 3.12645E-1 1.86566E-1 1.65535E-1 1.81099E-1 5.18906E-2 1.51424E-2 7.58302E-3 3.66083E-3 3.60767E-3 2.22453E-3 8.04424E-3 8.95747E-2 4.02313E-1 4.4037E-1 4.36072E-1 4.38773E-1 4.23138E-1 4.19733E-1 4.19396E-1 4.40441E-1 4.20731E-1 4.2277E-1 3.90318E-1 4.14285E-1 4.16906E-1 4.41829E-1 4.40682E-1 4.40201E-1 4.41042E-1 4.06928E-1 4.20305E-1 4.40257E-1 4.39905E-1 4.12146E-1 4.10599E-1 3.75213E-1 3.53682E-1 4.11672E-1 4.40766E-1 4.53639E-1 4.53664E-1 4.51803E-1 4.51001E-1 4.53019E-1
-9999 -9999 -9999 -9999 -9999 -9999 -9999 -9999 -9999 -9999 -9999 -9999 -9999 -9999 -9999 -9999 -9999 4.40166E-1 4.39887E-1 4.40957E-1 4.39971E-1 4.43307E-1 3.91076E-1 3.08981E-1 1.69473E-1 1.52574E-1 9.18302E-2 3.93172E-2 9.05678E-3 1.21653E-2 2.70755E-3 2.75235E-3 5.21544E-3 1.93709E-2 1.56499E-1 4.42184E-1 4.41656E-1 4.14943E-1 4.15077E-1 4.13984E-1 4.02432E-1 4.22788E-1 4.4099E-1 4.4111E-1 4.18665E-1 4.21346E-1 4.1928E-1 4.20417E-1 4.28574E-1 4.40268E-1 4.4904E-1 4.41633E-1 4.1054E-1 4.19727E-1 4.17472E-1 4.49571E-1 4.39608E-1 4.40416E-1 3.83719E-1 4.10629E-1 4.11989E-1 4.38953E-1 4.54563E-1 4.55327E-1 4.53568E-1 4.51494E-1 4.53448E-1
-9999 -9999 -9999 -9999 -9999 -9999 -9999 -9999 -9999 -9999 -9999 -9999 -9999 -9999 -9999 -9999 -9999 4.38386E-1 4.41536E-1 4.41557E-1 4.54816E-1 4.45261E-1 3.88204E-1 2.59621E-1 2.12944E-1 2.00389E-1 8.20462E-2 8.50925E-3 1.08468E-2 5.36041E-3 3.08356E-3 4.75843E-3 8.30571E-3 1.74155E-2 1.99671E-1 3.95493E-1 4.49744E-1 4.39587E-1 4.36211E-1 4.40629E-1 4.2563E-1 4.40726E-1 4.32077E-1 4.41167E-1 4.20926E-1 3.9381E-1 4.41297E-1 4.13038E-1 4.41869E-1 4.41387E-1 4.41045E-1 4.40547E-1 4.41824E-1 4.40597E-1 4.4115E-1 4.4138E-1 4.40839E-1 4.40598E-1 4.01142E-1 3.91039E-1 4.22599E-1 4.39789E-1 4.54822E-1 4.51047E-1 4.52415E-1 4.38868E-1 4.50879E-1
-9999 -9999 -9999 -9999 -9999 -9999 -9999 -9999 -9999 -9999 -9999 -9999 -9999 -9999 -9999 -9999 -9999 4.41124E-1 4.57291E-1 4.57221E-1 4.55789E-1 4.53942E-1 3.80191E-1 1.78489E-1 2.99091E-1 2.79444E-1 8.08729E-2 1.96711E-2 2.07904E-2 1.31616E-2 1.39128E-2 6.82109E-3 1.84191E-2 1.19726E-2 2.19486E-1 4.53725E-1 4.52952E-1 4.46343E-1 4.46255E-1 4.40984E-1 4.40847E-1 4.45116E-1 4.42003E-1 4.40974E-1 4.11978E-1 4.42064E-1 4.41165E-1 4.41564E-1 4.46566E-1 4.46571E-1 4.47845E-1 4.50823E-1 4.41397E-1 4.09062E-1 4.40997E-1 4.52732E-1 4.51929E-1 4.51093E-1 4.4046E-1 4.39849E-1 4.06986E-1 4.39266E-1 4.39549E-1 4.51262E-1 4.5464E-1 4.39647E-1 4.41092E-1
-9999 -9999 -9999 -9999 -9999 -9999 -9999 -9999 -9999 -9999 -9999 -9999 -9999 -9999 -9999 -9999 -9999 4.13874E-1 4.53008E-1 4.56952E-1 3.87834E-1 3.91747E-1 3.96398E-1 2.19096E-1 4.11909E-1 4.05294E-1 3.16841E-1 2.3613E-1 2.23625E-1 1.39972E-1 3.14555E-2 2.01402E-2 7.16618E-2 8.47622E-2 1.60716E-1 4.48938E-1 4.41087E-1 4.20218E-1 4.40858E-1 4.41449E-1 4.45972E-1 4.45498E-1 4.45694E-1 4.41207E-1 4.07574E-1 4.06132E-1 4.4044E-1 4.255E-1 4.40113E-1 4.47908E-1 4.50044E-1 4.48841E-1 4.4739E-1 4.17607E-1 4.19998E-1 4.41516E-1 4.01676E-1 3.67484E-1 4.41186E-1 4.08182E-1 4.02844E-1 4.39721E-1 4.52491E-1 4.39778E-1 4.40356E-1 4.40816E-1 3.95357E-1
-9999 -9999 -9999 -9999 -9999 -9999 -9999 -9999 -9999 -9999 -9999 -9999 -9999 -9999 -9999 -9999 -9999 4.42638E-1 4.55775E-1 4.47639E-1 3.80136E-1 4.09302E-1 3.05502E-1 2.98245E-1 4.11745E-1 3.95298E-1 2.36038E-1 2.20109E-1 2.9221E-1 1.92186E-1 8.27104E-2 4.93491E-2 8.62883E-2 2.50046E-1 3.66933E-1 4.45142E-1 4.41731E-1 4.21898E-1 4.4122E-1 4.41252E-1 4.45516E-1 4.38198E-1 4.41303E-1 4.18448E-1 4.18194E-1 4.41125E-1 4.23956E-1 4.4968E-1 4.48879E-1 4.54943E-1 4.51409E-1 4.56062E-1 4.52664E-1 4.41919E-1 4.41561E-1 4.05819E-1 4.08681E-1 4.02921E-1 4.15007E-1 4.0607E-1 4.39951E-1 3.80013E-1 4.40178E-1 4.43583E-1 4.43601E-1 4.39673E-1 4.39508E-1
-9999 -9999 -9999 -9999 -9999 -9999 -9999 -9999 -9999 -9999 -9999 -9999 -9999 -9999 -9999 -9999 -9999 4.43429E-1 4.51761E-1 4.48196E-1 4.48107E-1 4.00097E-1 2.1613E-1 2.54397E-1 4.10721E-1 2.19771E-1 1.18486E-1 5.69693E-2 1.11022E-1 1.67541E-1 6.96264E-2 6.45944E-2 1.61109E-1 2.59233E-1 4.03044E-1 4.40449E-1 4.40957E-1 4.24691E-1 4.18885E-1 4.18081E-1 4.40602E-1 4.47063E-1 4.46939E-1 4.48834E-1 4.41945E-1 4.41408E-1 4.42203E-1 4.41202E-1 4.50903E-1 4.54998E-1 4.54436E-1 4.53456E-1 4.4253E-1 4.29288E-1 4.44118E-1 4.02817E-1 4.1034E-1 4.16943E-1 4.07649E-1 4.08151E-1 4.0586E-1 4.41144E-1 4.56499E-1 4.48927E-1 4.49391E-1 4.39833E-1 4.37978E-1
-9999 -9999 -9999 -9999 -9999 -9999 -9999 -9999 -9999 -9999 -9999 -9999 -9999 -9999 -9999 -9999 -9999 4.41944E-1 4.07189E-1 3.89175E-1 4.47579E-1 4.04814E-1 2.11604E-1 4.02388E-1 2.80929E-1 2.16785E-1 1.9566E-1 8.33337E-2 4.44734E-2 6.27814E-2 3.84336E-2 1.61006E-1 1.99508E-1 3.37249E-1 4.42979E-1 4.41097E-1 4.22566E-1 4.15579E-1 3.73074E-1 3.9159E-1 4.24909E-1 4.41373E-1 4.46726E-1 4.42149E-1 4.26426E-1 4.29125E-1 4.31838E-1 4.41338E-1 4.48223E-1 4.53051E-1 4.52529E-1 4.55291E-1 4.52596E-1 4.27443E-1 4.44029E-1 4.39435E-1 3.67151E-1 4.17914E-1 4.04916E-1 4.00926E-1 3.98037E-1 4.40616E-1 4.55856E-1 4.43057E-1 4.55054E-1 4.38422E-1 4.37812E-1
-9999 -9999 -9999 -9999 -9999 -9999 -9999 -9999 -9999 -9999 -9999 -9999 -9999 -9999 -9999 -9999 -9999 4.01126E-1 4.08117E-1 4.53279E-1 4.53027E-1 4.53805E-1 3.92486E-1 4.05056E-1 2.95468E-1 1.70166E-1 2.15696E-1 1.9462E-1 2.22297E-1 1.91067E-1 7.85819E-2 7.5866E-2 1.34522E-1 3.92664E-1 4.41498E-1 4.48237E-1 4.40689E-1 4.15211E-1 4.10346E-1 4.1525E-1 4.27481E-1 4.41167E-1 4.41881E-1 4.42235E-1 4.41859E-1 4.41875E-1 4.42034E-1 4.41325E-1 4.49678E-1 4.54343E-1 4.51416E-1 4.51524E-1 4.49645E-1 4.43919E-1 4.50965E-1 4.41549E-1 4.03881E-1 4.4153E-1 4.41749E-1 4.13626E-1 3.93132E-1 4.40306E-1 4.55219E-1 4.45547E-1 4.45666E-1 4.38018E-1 4.40889E-1
-9999 -9999 -9999 -9999 -9999 -9999 -9999 -9999 -9999 -9999 -9999 -9999 -9999 -9999 -9999 -9999 -9999 3.99643E-1 4.04634E-1 4.07853E-1 4.08229E-1 4.43333E-1 4.51692E-1 4.07606E-1 4.03316E-1 3.9684E-1 4.03027E-1 2.82479E-1 3.909E-1 3.99287E-1 3.77719E-1 2.2924E-1 1.94658E-1 4.07574E-1 4.52359E-1 4.49191E-1 4.40929E-1 4.22123E-1 4.19736E-1 4.1973E-1 4.41042E-1 4.32152E-1 3.55132E-1 4.31135E-1 4.41563E-1 4.41434E-1 4.41592E-1 4.41371E-1 4.49453E-1 4.54815E-1 4.5233E-1 4.47264E-1 4.48893E-1 4.47668E-1 4.51283E-1 4.48847E-1 4.40992E-1 4.4139E-1 4.4165E-1 4.12289E-1 4.41784E-1 4.50796E-1 4.54953E-1 4.44234E-1 4.44278E-1 4.41498E-1 4.56177E-1
-9999 -9999 -9999 -9999 -9999 -9999 -9999 -9999 -9999 -9999 -9999 -9999 -9999 -9999 -9999 -9999 -9999 -9999 4.51206E-1 4.44552E-1 3.9062E-1 4.52462E-1 4.56509E-1 4.45681E-1 3.96584E-1 3.87347E-1 2.73484E-1 3.98238E-1 4.43023E-1 4.40426E-1 4.36119E-1 4.49078E-1 4.5362E-1 4.04108E-1 4.43588E-1 4.53045E-1 4.51531E-1 4.40782E-1 4.41636E-1 4.41259E-1 4.45982E-1 4.45889E-1 4.32525E-1 4.26857E-1 4.40909E-1 4.4181E-1 4.46732E-1 4.5044E-1 4.53739E-1 4.48797E-1 4.50873E-1 4.50141E-1 4.42555E-1 4.50178E-1 4.46621E-1 4.49796E-1 4.43457E-1 4.52375E-1 4.49668E-1 4.12169E-1 3.69572E-1 4.4081E-1 4.52261E-1 4.42768E-1 4.42272E-1 4.04166E-1 4.37754E-1
-9999 -9999 -9999 -9999 -9999 -9999 -9999 -9999 -9999 -9999 -9999 -9999 -9999 -9999 -9999 -9999 -9999 -9999 4.41121E-1 4.422E-1 4.42764E-1 4.47113E-1 4.52518E-1 4.56285E-1 4.55505E-1 4.5366E-1 4.54768E-1 4.51244E-1 3.95217E-1 4.01385E-1 4.52041E-1 4.52818E-1 4.54592E-1 4.51018E-1 4.49625E-1 4.52843E-1 4.415E-1 4.41504E-1 4.41759E-1 4.4165E-1 4.41934E-1 4.41608E-1 4.42243E-1 4.42715E-1 4.42459E-1 4.42579E-1 4.47806E-1 4.47771E-1 4.4679E-1 4.54029E-1 4.49017E-1 4.53581E-1 4.42013E-1 4.48097E-1 4.50441E-1 4.50723E-1 4.43552E-1 4.42769E-1 4.41214E-1 4.4054E-1 4.40139E-1 4.52708E-1 4.45904E-1 4.43533E-1 4.09999E-1 4.43038E-1 4.39092E-1
-9999 -9999 -9999 -9999 -9999 -9999 -9999 -9999 -9999 -9999 -9999 -9999 -9999 -9999 -9999 -9999 -9999 -9999 -9999 4.11377E-1 4.23463E-1 4.41716E-1 4.42073E-1 4.51357E-1 4.51811E-1 4.55561E-1 4.5498E-1 4.5465E-1 3.9015E-1 3.87137E-1 4.53725E-1 4.5382E-1 4.49639E-1 4.48756E-1 4.50683E-1 4.52753E-1 4.48283E-1 4.41668E-1 4.41792E-1 4.41517E-1 4.42216E-1 4.42369E-1 4.41278E-1 4.48607E-1 4.42572E-1 4.42729E-1 4.48492E-1 4.42376E-1 4.46978E-1 4.48504E-1 4.46813E-1 4.42171E-1 4.42015E-1 4.47902E-1 4.5354E-1 4.53136E-1 4.52938E-1 4.43059E-1 4.47779E-1 4.42936E-1 4.44521E-1 4.41584E-1 4.4566E-1 4.43446E-1 4.04827E-1 3.91392E-1 4.54404E-1
-9999 -9999 -9999 -9999 -9999 -9999 -9999 -9999 -9999 -9999 -9999 -9999 -9999 -9999 -9999 -9999 -9999 -9999 -9999 3.97794E-1 4.01212E-1 3.91481E-1 4.41973E-1 4.51858E-1 4.41745E-1 4.56459E-1 4.55286E-1 4.54847E-1 4.56177E-1 3.87795E-1 4.53967E-1 4.51968E-1 4.53693E-1 4.49307E-1 4.48687E-1 4.50699E-1 4.52396E-1 4.49531E-1 4.41653E-1 4.4223E-1 4.41392E-1 4.46459E-1 4.41496E-1 4.47422E-1 4.42266E-1 4.42068E-1 4.42493E-1 4.42615E-1 4.49245E-1 4.51976E-1 4.46994E-1 4.4169E-1 4.50242E-1 4.49973E-1 4.48292E-1 4.52612E-1 4.53582E-1 4.54368E-1 4.52781E-1 4.51703E-1 4.44825E-1 4.52293E-1 4.44369E-1 4.43266E-1 4.41694E-1 4.56086E-1 4.57337E-1
-9999 -9999 -9999 -9999 -9999 -9999 -9999 -9999 -9999 -9999 -9999 -9999 -9999 -9999 -9999 -9999 -9999 -9999 -9999 3.91159E-1 3.48476E-1 3.63804E-1 4.12023E-1 4.43533E-1 4.54182E-1 4.57308E-1 4.56754E-1 4.5669E-1 4.56494E-1 4.54072E-1 4.53226E-1 4.52155E-1 4.51976E-1 4.49944E-1 4.49167E-1 4.50239E-1 4.52592E-1 4.49373E-1 4.4568E-1 4.4195E-1 4.41828E-1 4.46369E-1 4.41642E-1 4.41767E-1 4.42404E-1 4.4772E-1 4.47304E-1 4.44314E-1 4.50997E-1 4.47714E-1 4.46376E-1 4.48922E-1 4.50318E-1 4.48808E-1 4.50062E-1 4.51283E-1 4.50501E-1 4.52981E-1 4.51002E-1 4.53571E-1 4.44778E-1 4.43382E-1 4.289E-1 4.00474E-1 4.40161E-1 4.41115E-1 4.56731E-1
