ENM/Final_Models/M_2_F_lq_Set_1_E/Gustavia_santanderiensis_0_Choco_novel.asc
ncols         367
nrows         963
xllcorner     -78.6
yllcorner     0.65
cellsize      0.00833333333333323
NODATA_value  -9999
[rows 840 to 869 of 963, columns 0 to 67 of 367]
-9999 -9999 -9999 -9999 -9999 -9999 -9999 -9999 -9999 -9999 -9999 3.19329E-1 3.19329E-1 2.79413E-1 2.39497E-1 2.19539E-1 1.79623E-1 1.79623E-1 9.97904E-2 5.98743E-2 1.19749E-1 1.99581E-2 -4.69484E-1 1.99581E-2 1.99581E-2 -2.50941E-1 -2.16437E0 -2.66625E0 -5.05019E0 -6.71267E0 -7.99875E0 -8.87704E0 -1.11355E1 -1.20765E1 -1.92488E1 -2.11268E1 -1.87793E1 -2.44131E1 -2.8169E1 -3.00469E1 -3.14554E1 -3.84977E1 -4.03756E1 -4.22535E1 -4.64789E1 -4.60094E1 -4.1784E1 -4.60094E1 -5.11737E1 -4.97653E1 -5.16432E1 -5.68075E1 -5.77465E1 -6.05634E1 -6.43193E1 -7.37089E1 -6.9953E1 -6.24413E1 -6.33803E1 -5.96244E1 -5.39906E1 -6.33803E1 -5.6338E1 -4.88263E1 -5.53991E1 -6.19718E1 -5.6338E1 -5.49296E1
-9999 -9999 -9999 -9999 -9999 -9999 -9999 -9999 -9999 -9999 -9999 -9999 4.39078E-1 5.78785E-1 2.39497E-1 2.19539E-1 1.79623E-1 1.79623E-1 9.97904E-2 1.19749E-1 9.97904E-2 -4.69484E-1 -4.69484E-1 1.99581E-2 1.99581E-2 1.99581E-2 -2.2271E0 -3.76412E0 -4.10916E0 -5.20703E0 -6.08532E0 -7.77917E0 -1.04141E1 -1.17629E1 -1.50235E1 -1.69014E1 -1.48683E1 -2.44131E1 -2.15962E1 -3.19249E1 -2.9108E1 -3.52113E1 -4.03756E1 -4.1784E1 -4.41315E1 -4.60094E1 -4.3662E1 -4.55399E1 -4.55399E1 -5.21127E1 -5.53991E1 -5.30516E1 -5.25822E1 -6.47887E1 -6.24413E1 -6.43193E1 -7.13615E1 -6.94836E1 -5.96244E1 -6.33803E1 -6.19718E1 -5.68075E1 -5.44601E1 -4.64789E1 -5.07042E1 -5.30516E1 -5.44601E1 -5.44601E1
-9999 -9999 -9999 -9999 -9999 -9999 -9999 -9999 -9999 -9999 -9999 -9999 -9999 -9999 2.39497E-1 1.99581E-1 1.79623E-1 1.19749E-1 1.59665E-1 1.19749E-1 9.97904E-2 1.99581E-2 1.99581E-2 1.99581E-2 1.99581E-2 1.99581E-2 -9.09661E-1 -2.76035E0 -5.23839E0 -5.86575E0 -7.34002E0 -7.87327E0 -1.02886E1 -1.18883E1 -1.50235E1 -1.69014E1 -1.83099E1 -1.97183E1 -2.15962E1 -2.723E1 -3.14554E1 -3.52113E1 -3.70892E1 -3.84977E1 -4.03756E1 -4.13146E1 -4.03756E1 -4.41315E1 -4.88263E1 -5.25822E1 -5.16432E1 -5.6338E1 -5.16432E1 -6.43193E1 -6.05634E1 -6.10329E1 -6.38498E1 -6.76056E1 -5.58685E1 -4.92958E1 -5.39906E1 -5.53991E1 -5.21127E1 -5.35211E1 -5.16432E1 -4.88263E1 -4.97653E1 -5.11737E1
-9999 -9999 -9999 -9999 -9999 -9999 -9999 -9999 -9999 -9999 -9999 -9999 -9999 -9999 -9999 -9999 1.79623E-1 1.19749E-1 1.59665E-1 1.19749E-1 1.19749E-1 7.98324E-2 1.99581E-2 1.99581E-2 1.99581E-2 1.99581E-2 -3.13676E-2 -3.32497E0 -4.95609E0 -4.48557E0 -5.83438E0 -6.77541E0 -8.65747E0 -1.04141E1 -1.50235E1 -1.64319E1 -1.40527E1 -1.50235E1 -2.11268E1 -2.723E1 -2.86385E1 -3.23944E1 -3.23944E1 -3.38028E1 -3.56808E1 -3.56808E1 -3.84977E1 -3.94366E1 -4.46009E1 -4.92958E1 -4.97653E1 -5.21127E1 -5.21127E1 -5.21127E1 -5.77465E1 -5.53991E1 -5.7277E1 -6.71361E1 -5.58685E1 -5.21127E1 -6.19718E1 -6.80751E1 -6.05634E1 -4.97653E1 -4.97653E1 -4.78873E1 -4.83568E1 -4.83568E1
-9999 -9999 -9999 -9999 -9999 -9999 -9999 -9999 -9999 -9999 -9999 -9999 -9999 -9999 -9999 -9999 -9999 -9999 -9999 -9999 3.99162E-2 1.99581E-2 3.99162E-2 1.99581E-2 1.99581E-2 -6.27353E-2 -2.94856E0 -3.98369E0 -5.48934E0 -5.11292E0 -4.98745E0 -6.71267E0 -9.81807E0 -1.05082E1 -1.11669E1 -1.1857E1 -1.3615E1 -1.50235E1 -2.11268E1 -2.67606E1 -2.44131E1 -2.58216E1 -3.19249E1 -3.33333E1 -3.70892E1 -3.80282E1 -4.2723E1 -4.22535E1 -4.41315E1 -3.89671E1 -4.55399E1 -4.88263E1 -5.21127E1 -5.16432E1 -5.25822E1 -5.11737E1 -5.7277E1 -5.30516E1 -5.16432E1 -5.68075E1 -5.21127E1 -5.86854E1 -5.30516E1 -5.16432E1 -5.21127E1 -5.49296E1 -5.02347E1 -4.92958E1
-9999 -9999 -9999 -9999 -9999 -9999 -9999 -9999 -9999 -9999 -9999 -9999 -9999 -9999 -9999 -9999 -9999 -9999 -9999 -9999 -9999 1.99581E-2 1.99581E-2 1.99581E-2 1.99581E-2 -6.90088E-1 -1.50565E0 -3.76412E0 -5.16432E0 -5.01882E0 -5.48934E0 -7.08908E0 -7.51174E0 -9.66123E0 -9.97491E0 -1.26098E1 -1.73709E1 -1.92488E1 -1.66876E1 -1.81619E1 -2.8169E1 -2.95775E1 -3.14554E1 -3.23944E1 -3.38028E1 -3.84977E1 -3.33333E1 -3.89671E1 -4.60094E1 -4.74178E1 -4.64789E1 -4.69484E1 -4.78873E1 -5.07042E1 -5.11737E1 -4.64789E1 -4.83568E1 -4.92958E1 -4.88263E1 -5.02347E1 -4.97653E1 -5.96244E1 -6.19718E1 -5.02347E1 -4.78873E1 -4.69484E1 -5.58685E1 -5.25822E1
-9999 -9999 -9999 -9999 -9999 -9999 -9999 -9999 -9999 -9999 -9999 -9999 -9999 -9999 -9999 -9999 -9999 -9999 -9999 -9999 -9999 -9999 1.99581E-2 1.99581E-2 1.99581E-2 1.99581E-2 -2.28984E0 -3.26223E0 -4.83062E0 -5.17566E0 -5.95985E0 -6.27353E0 -8.34379E0 -8.92019E0 -1.03286E1 -1.17371E1 -1.73709E1 -1.87793E1 -2.06573E1 -2.20657E1 -2.34742E1 -2.53521E1 -3.09859E1 -3.42723E1 -3.52113E1 -3.80282E1 -3.66197E1 -4.13146E1 -4.55399E1 -4.55399E1 -4.50704E1 -4.41315E1 -4.64789E1 -4.83568E1 -4.22535E1 -3.84977E1 -4.22535E1 -4.74178E1 -4.41315E1 -4.2723E1 -4.50704E1 -5.02347E1 -5.53991E1 -5.11737E1 -5.07042E1 -4.69484E1 -4.74178E1 -4.74178E1
-9999 -9999 -9999 -9999 -9999 -9999 -9999 -9999 -9999 -9999 -9999 -9999 -9999 -9999 -9999 -9999 -9999 -9999 -9999 -9999 -9999 -9999 -9999 -9999 -3.13676E-2 -4.69484E-1 -1.87793E0 -3.28639E0 -2.72898E0 -4.64241E0 -5.77164E0 -5.6338E0 -7.90464E0 -8.4507E0 -9.85915E0 -1.92488E1 -2.11268E1 -2.25352E1 -2.39437E1 -2.8169E1 -2.9108E1 -2.86385E1 -3.23944E1 -3.38028E1 -3.23944E1 -3.52113E1 -3.94366E1 -4.13146E1 -4.41315E1 -4.50704E1 -4.41315E1 -4.55399E1 -4.22535E1 -4.2723E1 -4.31925E1 -4.08451E1 -4.1784E1 -4.64789E1 -4.2723E1 -4.1784E1 -4.13146E1 -4.88263E1 -4.88263E1 -4.83568E1 -4.97653E1 -4.46009E1 -4.60094E1 -4.55399E1
-9999 -9999 -9999 -9999 -9999 -9999 -9999 -9999 -9999 -9999 -9999 -9999 -9999 -9999 -9999 -9999 -9999 -9999 -9999 -9999 -9999 -9999 -9999 -9999 -9999 -9999 -1.87793E0 -3.3877E0 -3.2936E0 -3.63864E0 -4.51694E0 -5.6338E0 -7.52823E0 -8.6261E0 -9.06524E0 -1.69014E1 -2.30047E1 -2.44131E1 -2.62911E1 -2.95775E1 -3.05164E1 -3.05164E1 -3.14554E1 -3.09859E1 -3.14554E1 -3.47418E1 -3.84977E1 -4.41315E1 -4.3662E1 -4.3662E1 -4.3662E1 -4.3662E1 -4.1784E1 -4.08451E1 -4.64789E1 -4.1784E1 -4.1784E1 -4.78873E1 -3.84977E1 -3.56808E1 -4.03756E1 -4.1784E1 -4.2723E1 -4.78873E1 -4.64789E1 -4.3662E1 -4.55399E1 -4.1784E1
-9999 -9999 -9999 -9999 -9999 -9999 -9999 -9999 -9999 -9999 -9999 -9999 -9999 -9999 -9999 -9999 -9999 -9999 -9999 -9999 -9999 -9999 -9999 -9999 -9999 -9999 -9999 -3.28639E0 -1.72522E0 -3.1054E0 -4.3601E0 -5.6338E0 -7.04225E0 -7.98122E0 -9.38967E0 -1.50235E1 -1.64319E1 -1.78404E1 -2.34742E1 -2.723E1 -2.58216E1 -2.76995E1 -2.8169E1 -2.95775E1 -3.19249E1 -3.66197E1 -3.99061E1 -4.1784E1 -4.2723E1 -4.1784E1 -4.03756E1 -4.13146E1 -4.41315E1 -4.31925E1 -4.2723E1 -4.08451E1 -3.70892E1 -4.31925E1 -3.52113E1 -3.14554E1 -3.52113E1 -4.31925E1 -4.64789E1 -4.92958E1 -4.69484E1 -4.41315E1 -4.31925E1 -3.75587E1
-9999 -9999 -9999 -9999 -9999 -9999 -9999 -9999 -9999 -9999 -9999 -9999 -9999 -9999 -9999 -9999 -9999 -9999 -9999 -9999 -9999 -9999 -9999 -9999 -9999 -9999 -9999 -9999 -9999 -2.19573E0 -4.04642E0 -5.16432E0 -6.57277E0 -7.51174E0 -1.31455E1 -8.24969E0 -1.26412E1 -1.41154E1 -2.30047E1 -2.01878E1 -2.11268E1 -2.30047E1 -2.62911E1 -2.8169E1 -3.38028E1 -3.56808E1 -3.56808E1 -3.75587E1 -4.1784E1 -4.1784E1 -4.41315E1 -4.3662E1 -3.99061E1 -4.2723E1 -4.22535E1 -3.66197E1 -3.38028E1 -3.70892E1 -3.75587E1 -3.14554E1 -4.08451E1 -4.2723E1 -4.41315E1 -4.55399E1 -4.3662E1 -4.64789E1 -4.41315E1 -4.50704E1
-9999 -9999 -9999 -9999 -9999 -9999 -9999 -9999 -9999 -9999 -9999 -9999 -9999 -9999 -9999 -9999 -9999 -9999 -9999 -9999 -9999 -9999 -9999 -9999 -9999 -9999 -9999 -9999 -9999 -9999 -2.76035E0 -3.63864E0 -5.6338E0 -6.36763E0 -8.93977E0 -1.02572E1 -1.5493E1 -1.69014E1 -1.83099E1 -1.5493E1 -1.64319E1 -2.25352E1 -2.20657E1 -2.44131E1 -3.33333E1 -3.28638E1 -3.52113E1 -3.94366E1 -3.80282E1 -4.3662E1 -4.46009E1 -4.13146E1 -4.13146E1 -3.56808E1 -3.52113E1 -3.89671E1 -3.28638E1 -4.03756E1 -3.28638E1 -3.05164E1 -4.13146E1 -3.14554E1 -3.80282E1 -4.64789E1 -4.1784E1 -4.13146E1 -3.75587E1 -3.66197E1
-9999 -9999 -9999 -9999 -9999 -9999 -9999 -9999 -9999 -9999 -9999 -9999 -9999 -9999 -9999 -9999 -9999 -9999 -9999 -9999 -9999 -9999 -9999 -9999 -9999 -9999 -9999 -9999 -9999 -9999 -9999 -9999 -3.45044E0 -4.69484E0 -8.4507E0 -1.05082E1 -1.12676E1 -1.26761E1 -1.83099E1 -2.30047E1 -2.01878E1 -2.11268E1 -2.20657E1 -2.48826E1 -3.52113E1 -3.66197E1 -3.75587E1 -3.94366E1 -3.80282E1 -3.66197E1 -3.61502E1 -3.84977E1 -4.74178E1 -4.46009E1 -4.08451E1 -3.56808E1 -2.8169E1 -3.47418E1 -3.28638E1 -2.62911E1 -3.09859E1 -2.62911E1 -3.09859E1 -4.13146E1 -3.80282E1 -3.38028E1 -3.70892E1 -3.38028E1
-9999 -9999 -9999 -9999 -9999 -9999 -9999 -9999 -9999 -9999 -9999 -9999 -9999 -9999 -9999 -9999 -9999 -9999 -9999 -9999 -9999 -9999 -9999 -9999 -9999 -9999 -9999 -9999 -9999 -9999 -9999 -9999 -9999 -7.51174E0 -8.4507E0 -1.3615E1 -1.12676E1 -1.22066E1 -1.78404E1 -1.87793E1 -2.30047E1 -2.48826E1 -2.9108E1 -3.05164E1 -3.00469E1 -3.47418E1 -3.42723E1 -3.66197E1 -3.52113E1 -3.70892E1 -3.56808E1 -3.05164E1 -3.94366E1 -3.94366E1 -3.89671E1 -3.19249E1 -2.62911E1 -3.52113E1 -2.9108E1 -2.25352E1 -2.9108E1 -2.8169E1 -2.9108E1 -3.80282E1 -3.14554E1 -2.76995E1 -3.89671E1 -3.19249E1
-9999 -9999 -9999 -9999 -9999 -9999 -9999 -9999 -9999 -9999 -9999 -9999 -9999 -9999 -9999 -9999 -9999 -9999 -9999 -9999 -9999 -9999 -9999 -9999 -9999 -9999 -9999 -9999 -9999 -9999 -9999 -9999 -9999 -9999 -9999 -1.69014E1 -1.4554E1 -1.59624E1 -1.73709E1 -2.20657E1 -2.30047E1 -2.44131E1 -2.53521E1 -2.76995E1 -2.9108E1 -3.14554E1 -3.33333E1 -3.09859E1 -3.52113E1 -3.84977E1 -3.89671E1 -3.09859E1 -3.66197E1 -3.66197E1 -3.89671E1 -3.61502E1 -2.06573E1 -3.00469E1 -2.86385E1 -2.15962E1 -2.39437E1 -2.53521E1 -2.48826E1 -2.9108E1 -3.09859E1 -2.86385E1 -3.94366E1 -3.52113E1
-9999 -9999 -9999 -9999 -9999 -9999 -9999 -9999 -9999 -9999 -9999 -9999 -9999 -9999 -9999 -9999 -9999 -9999 -9999 -9999 -9999 -9999 -9999 -9999 -9999 -9999 -9999 -9999 -9999 -9999 -9999 -9999 -9999 -9999 -9999 -9999 -1.4554E1 -1.17371E1 -1.69014E1 -2.15962E1 -2.25352E1 -2.34742E1 -2.48826E1 -2.67606E1 -2.76995E1 -2.8169E1 -3.23944E1 -3.28638E1 -3.28638E1 -3.47418E1 -3.52113E1 -3.42723E1 -3.42723E1 -2.86385E1 -3.75587E1 -3.66197E1 -3.28638E1 -2.34742E1 -2.67606E1 -2.30047E1 -2.20657E1 -2.34742E1 -1.92488E1 -2.76995E1 -2.53521E1 -3.05164E1 -3.56808E1 -2.67606E1
-9999 -9999 -9999 -9999 -9999 -9999 -9999 -9999 -9999 -9999 -9999 -9999 -9999 -9999 -9999 -9999 -9999 -9999 -9999 -9999 -9999 -9999 -9999 -9999 -9999 -9999 -9999 -9999 -9999 -9999 -9999 -9999 -9999 -9999 -9999 -9999 -9999 -1.87793E1 -2.01878E1 -1.78404E1 -1.87793E1 -1.97183E1 -2.06573E1 -2.20657E1 -2.34742E1 -2.76995E1 -2.86385E1 -3.42723E1 -3.23944E1 -3.42723E1 -3.70892E1 -3.56808E1 -3.52113E1 -2.723E1 -3.52113E1 -3.42723E1 -3.52113E1 -2.44131E1 -2.62911E1 -2.11268E1 -1.59624E1 -1.69014E1 -1.69014E1 -2.25352E1 -2.34742E1 -2.723E1 -3.47418E1 -2.723E1
-9999 -9999 -9999 -9999 -9999 -9999 -9999 -9999 -9999 -9999 -9999 -9999 -9999 -9999 -9999 -9999 -9999 -9999 -9999 -9999 -9999 -9999 -9999 -9999 -9999 -9999 -9999 -9999 -9999 -9999 -9999 -9999 -9999 -9999 -9999 -9999 -9999 -9999 -9999 -2.11268E1 -1.87793E1 -1.69014E1 -2.06573E1 -2.53521E1 -2.25352E1 -2.34742E1 -2.62911E1 -3.38028E1 -3.28638E1 -3.09859E1 -3.28638E1 -2.8169E1 -2.53521E1 -2.95775E1 -2.67606E1 -3.66197E1 -2.9108E1 -2.8169E1 -2.11268E1 -2.11268E1 -1.87793E1 -1.22066E1 -1.31455E1 -1.87793E1 -2.25352E1 -3.38028E1 -4.08451E1 -2.34742E1
-9999 -9999 -9999 -9999 -9999 -9999 -9999 -9999 -9999 -9999 -9999 -9999 -9999 -9999 -9999 -9999 -9999 -9999 -9999 -9999 -9999 -9999 -9999 -9999 -9999 -9999 -9999 -9999 -9999 -9999 -9999 -9999 -9999 -9999 -9999 -9999 -9999 -9999 -9999 -9999 -1.5493E1 -1.59624E1 -1.64319E1 -2.11268E1 -2.58216E1 -2.25352E1 -2.30047E1 -3.09859E1 -2.11268E1 -2.8169E1 -2.30047E1 -2.86385E1 -2.8169E1 -2.8169E1 -2.86385E1 -2.44131E1 -3.84977E1 -3.05164E1 -2.53521E1 -1.69014E1 -1.87793E1 -1.64319E1 -1.17371E1 -1.26761E1 -2.11268E1 -3.14554E1 -3.19249E1 -2.723E1
-9999 -9999 -9999 -9999 -9999 -9999 -9999 -9999 -9999 -9999 -9999 -9999 -9999 -9999 -9999 -9999 -9999 -9999 -9999 -9999 -9999 -9999 -9999 -9999 -9999 -9999 -9999 -9999 -9999 -9999 -9999 -9999 -9999 -9999 -9999 -9999 -9999 -9999 -9999 -9999 -1.64319E1 -1.5493E1 -1.97183E1 -2.06573E1 -2.53521E1 -2.15962E1 -2.67606E1 -2.76995E1 -3.09859E1 -2.48826E1 -2.62911E1 -1.97183E1 -2.58216E1 -2.8169E1 -3.38028E1 -2.44131E1 -3.05164E1 -3.14554E1 -2.62911E1 -2.20657E1 -1.59624E1 -1.59624E1 -1.07981E1 -1.22066E1 -2.11268E1 -2.8169E1 -3.61502E1 -3.14554E1
-9999 -9999 -9999 -9999 -9999 -9999 -9999 -9999 -9999 -9999 -9999 -9999 -9999 -9999 -9999 -9999 -9999 -9999 -9999 -9999 -9999 -9999 -9999 -9999 -9999 -9999 -9999 -9999 -9999 -9999 -9999 -9999 -9999 -9999 -9999 -9999 -9999 -9999 -9999 -9999 -1.40845E1 -1.50235E1 -1.92488E1 -2.01878E1 -2.48826E1 -2.95775E1 -2.9108E1 -2.76995E1 -2.67606E1 -2.06573E1 -1.73709E1 -1.69014E1 -1.92488E1 -2.30047E1 -3.00469E1 -2.723E1 -2.20657E1 -2.95775E1 -2.62911E1 -2.95775E1 -1.83099E1 -1.22066E1 -7.04225E0 -1.50235E1 -2.20657E1 -2.62911E1 -2.06573E1 -2.30047E1
-9999 -9999 -9999 -9999 -9999 -9999 -9999 -9999 -9999 -9999 -9999 -9999 -9999 -9999 -9999 -9999 -9999 -9999 -9999 -9999 -9999 -9999 -9999 -9999 -9999 -9999 -9999 -9999 -9999 -9999 -9999 -9999 -9999 -9999 -9999 -9999 -9999 -9999 -9999 -9999 -1.17371E1 -1.40845E1 -1.87793E1 -1.97183E1 -2.34742E1 -1.92488E1 -2.9108E1 -2.95775E1 -2.76995E1 -1.64319E1 -2.25352E1 -2.20657E1 -1.73709E1 -2.39437E1 -2.15962E1 -3.09859E1 -3.05164E1 -3.23944E1 -2.58216E1 -2.8169E1 -2.44131E1 -1.4554E1 -1.07981E1 -1.73709E1 -2.11268E1 -2.48826E1 -2.34742E1 -2.9108E1
-9999 -9999 -9999 -9999 -9999 -9999 -9999 -9999 -9999 -9999 -9999 -9999 -9999 -9999 -9999 -9999 -9999 -9999 -9999 -9999 -9999 -9999 -9999 -9999 -9999 -9999 -9999 -9999 -9999 -9999 -9999 -9999 -9999 -9999 -9999 -9999 -9999 -9999 -1.31455E1 -1.07981E1 -1.4554E1 -1.73709E1 -1.92488E1 -1.83099E1 -2.06573E1 -2.15962E1 -2.8169E1 -2.9108E1 -1.64319E1 -1.73709E1 -2.20657E1 -2.15962E1 -1.40845E1 -1.64319E1 -1.5493E1 -2.25352E1 -2.8169E1 -2.86385E1 -2.67606E1 -2.34742E1 -2.11268E1 -1.83099E1 -1.50235E1 -1.83099E1 -2.11268E1 -2.8169E1 -2.30047E1 -2.53521E1
-9999 -9999 -9999 -9999 -9999 -9999 -9999 -9999 -9999 -9999 -9999 -9999 -9999 -9999 -9999 -9999 -9999 -9999 -9999 -9999 -9999 -9999 -9999 -9999 -9999 -9999 -9999 -9999 -9999 -9999 -9999 -9999 -9999 -9999 -9999 -9999 -9999 -9999 -1.22066E1 -7.51174E0 -1.50235E1 -1.64319E1 -1.83099E1 -1.87793E1 -2.25352E1 -1.78404E1 -2.15962E1 -2.34742E1 -1.64319E1 -1.73709E1 -1.64319E1 -1.83099E1 -1.3615E1 -1.40845E1 -1.59624E1 -1.59624E1 -1.73709E1 -2.48826E1 -2.39437E1 -1.40845E1 -1.40845E1 -1.69014E1 -1.40845E1 -1.64319E1 -1.87793E1 -2.20657E1 -2.58216E1 -2.723E1
-9999 -9999 -9999 -9999 -9999 -9999 -9999 -9999 -9999 -9999 -9999 -9999 -9999 -9999 -9999 -9999 -9999 -9999 -9999 -9999 -9999 -9999 -9999 -9999 -9999 -9999 -9999 -9999 -9999 -9999 -9999 -9999 -9999 -9999 -9999 -9999 -9999 -9999 -1.17371E1 -9.85915E0 -1.31455E1 -1.26761E1 -1.26761E1 -1.3615E1 -1.83099E1 -1.73709E1 -1.40845E1 -1.17371E1 -1.69014E1 -1.5493E1 -1.50235E1 -1.83099E1 -1.5493E1 -1.3615E1 -1.50235E1 -1.26761E1 -1.83099E1 -1.92488E1 -2.30047E1 -1.78404E1 -1.40845E1 -1.4554E1 -1.59624E1 -1.40845E1 -1.59624E1 -2.25352E1 -1.4554E1 -1.92488E1
-9999 -9999 -9999 -9999 -9999 -9999 -9999 -9999 -9999 -9999 -9999 -9999 -9999 -9999 -9999 -9999 -9999 -9999 -9999 -9999 -9999 -9999 -9999 -9999 -9999 -9999 -9999 -9999 -9999 -9999 -9999 -9999 -9999 -9999 -9999 -9999 -9999 -1.07981E1 -1.31455E1 -9.38967E0 -9.85915E0 -1.12676E1 -1.03286E1 -1.50235E1 -1.69014E1 -2.62911E1 -2.8169E1 -1.22066E1 -1.4554E1 -1.4554E1 -1.07981E1 -1.26761E1 -1.31455E1 -1.73709E1 -1.22066E1 -1.22066E1 -1.31455E1 -1.78404E1 -1.5493E1 -1.59624E1 -1.03286E1 -1.40845E1 -1.40845E1 -1.40845E1 -1.4554E1 -1.59624E1 -1.22066E1 -1.59624E1
-9999 -9999 -9999 -9999 -9999 -9999 -9999 -9999 -9999 -9999 -9999 -9999 -9999 -9999 -9999 -9999 -9999 -9999 -9999 -9999 -9999 -9999 -9999 -9999 -9999 -9999 -9999 -9999 -9999 -9999 -9999 -9999 -9999 -9999 -9999 -9999 -7.51174E0 -9.85915E0 -9.85915E0 -1.03286E1 -1.03286E1 -1.07981E1 -9.38967E0 -1.12676E1 -1.78404E1 -1.22066E1 -2.34742E1 -2.53521E1 -1.4554E1 -1.69014E1 -1.64319E1 -1.3615E1 1.79623E-1 -1.5493E1 -1.22066E1 -1.31455E1 -1.4554E1 -1.3615E1 -1.5493E1 -1.3615E1 -1.3615E1 -1.40845E1 -1.31455E1 -1.50235E1 -1.5493E1 -1.22066E1 -1.73709E1 -2.62911E1
-9999 -9999 -9999 -9999 -9999 -9999 -9999 -9999 -9999 -9999 -9999 -9999 -9999 -9999 -9999 -9999 -9999 -9999 -9999 -9999 -9999 -9999 -9999 -9999 -9999 -9999 -9999 -9999 -9999 -9999 -9999 -9999 -9999 -9999 -9999 -9999 -6.10329E0 -4.22535E0 -8.4507E0 -7.04225E0 -7.51174E0 -9.85915E0 -8.92019E0 -1.17371E1 -1.31455E1 -1.87793E1 -1.22066E1 -1.07981E1 -1.31455E1 -1.40845E1 -1.3615E1 -1.26761E1 1.59665E-1 -1.4554E1 -1.12676E1 -8.92019E0 -8.92019E0 -8.4507E0 -1.22066E1 -1.3615E1 -1.22066E1 -1.17371E1 -1.5493E1 -8.92019E0 -9.38967E0 3.19329E-1 -1.26761E1 -1.40845E1
-9999 -9999 -9999 -9999 -9999 -9999 -9999 -9999 -9999 -9999 -9999 -9999 -9999 -9999 -9999 -9999 -9999 -9999 -9999 -9999 -9999 -9999 -9999 -9999 -9999 -9999 -9999 -9999 -9999 -9999 -9999 -9999 -9999 -9999 -9999 -9999 -5.6338E0 -3.28639E0 -6.57277E0 -8.92019E0 -8.92019E0 -9.38967E0 -1.07981E1 -8.92019E0 -9.85915E0 -1.59624E1 -1.50235E1 -1.5493E1 -1.5493E1 -1.31455E1 -1.03286E1 -1.31455E1 -9.85915E0 -1.03286E1 -1.5493E1 -1.31455E1 -1.26761E1 -1.07981E1 -1.31455E1 -1.31455E1 -1.31455E1 -7.51174E0 -1.4554E1 1.99581E-2 3.19329E-1 -1.31455E1 -1.26761E1 1.19749E-1
-9999 -9999 -9999 -9999 -9999 -9999 -9999 -9999 -9999 -9999 -9999 -9999 -9999 -9999 -9999 -9999 -9999 -9999 -9999 -9999 -9999 -9999 -9999 -9999 -9999 -9999 -9999 -9999 -9999 -9999 -9999 -9999 -9999 -9999 -9999 -9999 -2.34742E0 -5.6338E0 -5.6338E0 -6.10329E0 -8.4507E0 -8.92019E0 -7.51174E0 -7.98122E0 -8.92019E0 -1.5493E1 -1.17371E1 -1.17371E1 -1.22066E1 -1.22066E1 -9.85915E0 -1.26761E1 -1.5493E1 -9.85915E0 1.59665E-1 1.79623E-1 -1.12676E1 -1.64319E1 -1.17371E1 -1.40845E1 -1.03286E1 -1.03286E1 -1.31455E1 -5.6338E0 5.1891E-1 -1.07981E1 -1.17371E1 2.39497E-1
