ENM/Final_Models/M_2_F_lq_Set_1_E/Gustavia_santanderiensis_Choco_avg.asc
ncols         367
nrows         963
xllcorner     -78.6
yllcorner     0.65
cellsize      0.00833333333333323
NODATA_value  -9999
[rows 600 to 629 of 963, columns 134 to 200 of 367]
-9999 -9999 -9999 -9999 -9999 -9999 -9999 -9999 -9999 -9999 -9999 -9999 -9999 -9999 -9999 -9999 -9999 -9999 -9999 -9999 -9999 -9999 -9999 -9999 -9999 -9999 -9999 -9999 -9999 -9999 -9999 -9999 -9999 -9999 -9999 -9999 -9999 -9999 5.43553E-1 6.40569E-1 6.68654E-1 6.63009E-1 7.22876E-1 7.25449E-1 7.24432E-1 7.13433E-1 6.7631E-1 7.10349E-1 7.1493E-1 7.34521E-1 7.07159E-1 7.48155E-1 7.31642E-1 6.83548E-1 7.5725E-1 6.45059E-1 5.31711E-1 6.74496E-1 7.24312E-1 7.46403E-1 7.42761E-1 7.00633E-1 7.10144E-1 7.55225E-1 7.90399E-1 4.92428E-1 3.56006E-1
-9999 -9999 -9999 -9999 -9999 -9999 -9999 -9999 -9999 -9999 -9999 -9999 -9999 -9999 -9999 -9999 -9999 -9999 -9999 -9999 -9999 -9999 -9999 -9999 -9999 -9999 -9999 -9999 -9999 -9999 -9999 -9999 -9999 -9999 -9999 -9999 -9999 -9999 6.19468E-1 6.11479E-1 6.26538E-1 -9999 -9999 -9999 7.51051E-1 6.73041E-1 6.95688E-1 7.22381E-1 7.09092E-1 7.04046E-1 7.58617E-1 5.98183E-1 5.50592E-1 6.97826E-1 7.19079E-1 3.50391E-1 4.8741E-1 4.97439E-1 5.73393E-1 6.6256E-1 6.83501E-1 5.57194E-1 4.4139E-1 6.73254E-1 5.8269E-1 7.56952E-1 4.55998E-1
-9999 -9999 -9999 -9999 -9999 -9999 -9999 -9999 -9999 -9999 -9999 -9999 -9999 -9999 -9999 -9999 -9999 -9999 -9999 -9999 -9999 -9999 -9999 -9999 -9999 -9999 -9999 -9999 -9999 -9999 -9999 -9999 -9999 -9999 -9999 -9999 -9999 -9999 7.43896E-1 7.15693E-1 -9999 7.02055E-1 7.28845E-1 7.29845E-1 7.43678E-1 7.32499E-1 6.51588E-1 6.64257E-1 7.21715E-1 7.23365E-1 7.37365E-1 7.51316E-1 7.30172E-1 6.59805E-1 4.70225E-1 5.13717E-1 6.19926E-1 5.786E-1 5.15437E-1 6.02275E-1 6.24375E-1 6.458E-1 3.41933E-1 5.9283E-1 6.94678E-1 5.39914E-1 4.58721E-1
-9999 -9999 -9999 -9999 -9999 -9999 -9999 -9999 -9999 -9999 -9999 -9999 -9999 -9999 -9999 -9999 -9999 -9999 -9999 -9999 -9999 -9999 -9999 -9999 -9999 -9999 -9999 -9999 -9999 -9999 -9999 -9999 -9999 -9999 -9999 8.78872E-1 8.77844E-1 8.40474E-1 -9999 -9999 -9999 7.57944E-1 6.87451E-1 7.10918E-1 7.16997E-1 7.13044E-1 7.1322E-1 6.93845E-1 7.78884E-1 8.0074E-1 7.23543E-1 6.77999E-1 7.49471E-1 7.28844E-1 6.34059E-1 5.26271E-1 6.90435E-1 8.30162E-1 6.33211E-1 6.37701E-1 6.16732E-1 4.21168E-1 2.56593E-1 6.19702E-1 7.00864E-1 6.8374E-1 7.57562E-1
-9999 -9999 -9999 -9999 -9999 -9999 -9999 -9999 -9999 -9999 -9999 -9999 -9999 -9999 -9999 -9999 -9999 -9999 -9999 -9999 -9999 -9999 -9999 -9999 -9999 -9999 -9999 -9999 -9999 -9999 -9999 -9999 -9999 -9999 -9999 -9999 8.41313E-1 7.60888E-1 7.21658E-1 7.8389E-1 7.55056E-1 8.07117E-1 7.35767E-1 7.29445E-1 7.23786E-1 7.97884E-1 7.84028E-1 7.2952E-1 8.37707E-1 6.79904E-1 7.39903E-1 7.79704E-1 7.65611E-1 4.10677E-1 3.95158E-1 6.54511E-1 7.26669E-1 6.48463E-1 5.15688E-1 5.24384E-1 6.77943E-1 6.95134E-1 5.12315E-1 6.3051E-1 7.01285E-1 5.57386E-1 5.91113E-1
-9999 -9999 -9999 -9999 -9999 -9999 -9999 -9999 -9999 -9999 -9999 -9999 -9999 -9999 -9999 -9999 -9999 -9999 -9999 -9999 -9999 -9999 -9999 -9999 -9999 -9999 -9999 -9999 -9999 -9999 -9999 -9999 -9999 -9999 -9999 8.58126E-1 -9999 7.20956E-1 7.36384E-1 7.10299E-1 7.17404E-1 7.38212E-1 7.50062E-1 7.43697E-1 7.27812E-1 7.69931E-1 7.78945E-1 7.55307E-1 6.9979E-1 8.49312E-1 6.64767E-1 8.09103E-1 8.14773E-1 7.94438E-1 8.15657E-1 7.31753E-1 5.8672E-1 6.7186E-1 5.70183E-1 5.25851E-1 7.53651E-1 7.34505E-1 5.30882E-1 5.67801E-1 7.1416E-1 6.44386E-1 4.17757E-1
-9999 -9999 -9999 -9999 -9999 -9999 -9999 -9999 -9999 -9999 -9999 -9999 -9999 -9999 -9999 -9999 -9999 -9999 -9999 -9999 -9999 -9999 -9999 -9999 -9999 -9999 -9999 -9999 -9999 -9999 -9999 -9999 -9999 -9999 -9999 5.02356E-1 6.64537E-1 7.13776E-1 6.90965E-1 6.82355E-1 6.82592E-1 7.07446E-1 7.09651E-1 7.13125E-1 7.20121E-1 7.52842E-1 7.51986E-1 7.50395E-1 7.81237E-1 6.91626E-1 7.2265E-1 7.72702E-1 7.69711E-1 7.15604E-1 8.31572E-1 6.97709E-1 7.67392E-1 6.77786E-1 4.57302E-1 3.8515E-1 6.88426E-1 6.76867E-1 5.95376E-1 4.57012E-1 5.49783E-1 7.1193E-1 6.23198E-1
-9999 -9999 -9999 -9999 -9999 -9999 -9999 -9999 -9999 -9999 -9999 -9999 -9999 -9999 -9999 -9999 -9999 -9999 -9999 -9999 -9999 -9999 -9999 -9999 -9999 -9999 -9999 -9999 -9999 -9999 -9999 -9999 -9999 -9999 -9999 7.4117E-1 7.36089E-1 7.86232E-1 7.45126E-1 7.17041E-1 7.21227E-1 7.00854E-1 7.0611E-1 7.12071E-1 7.2117E-1 7.13395E-1 7.07873E-1 7.52539E-1 7.26016E-1 7.34492E-1 7.43943E-1 7.62709E-1 7.74521E-1 8.49426E-1 8.24177E-1 7.84449E-1 6.76013E-1 6.32954E-1 6.23794E-1 5.92239E-1 6.14823E-1 6.79794E-1 6.53794E-1 5.17577E-1 1.12968E-1 1.32598E-1 6.85423E-1
-9999 -9999 -9999 -9999 -9999 -9999 -9999 -9999 -9999 -9999 -9999 -9999 -9999 -9999 -9999 -9999 -9999 -9999 -9999 -9999 -9999 -9999 -9999 -9999 -9999 -9999 -9999 -9999 -9999 -9999 -9999 -9999 -9999 9.28804E-1 -9999 7.28044E-1 7.61113E-1 7.42611E-1 7.37725E-1 7.02661E-1 7.07113E-1 6.82832E-1 6.81699E-1 7.10655E-1 7.20839E-1 7.07514E-1 7.18854E-1 7.54064E-1 7.51148E-1 7.3631E-1 7.56846E-1 7.73264E-1 7.47333E-1 8.35816E-1 7.49375E-1 5.72546E-1 6.63469E-1 5.8753E-1 5.29689E-1 4.28573E-1 6.63052E-1 6.00405E-1 5.86697E-1 4.11218E-1 3.60964E-1 4.2592E-1 6.58139E-1
-9999 -9999 -9999 -9999 -9999 -9999 -9999 -9999 -9999 -9999 -9999 -9999 -9999 -9999 -9999 -9999 -9999 -9999 -9999 -9999 -9999 -9999 -9999 -9999 -9999 -9999 -9999 -9999 -9999 -9999 -9999 -9999 1.88367E-1 2.85452E-1 6.67732E-1 7.90899E-1 7.75991E-1 7.61083E-1 7.11186E-1 7.06597E-1 7.01879E-1 6.67002E-1 7.04828E-1 7.07871E-1 7.10578E-1 7.32012E-1 7.34051E-1 6.99149E-1 7.45438E-1 6.77334E-1 7.37629E-1 7.77922E-1 7.41991E-1 7.90969E-1 7.18244E-1 7.08665E-1 6.33504E-1 6.56363E-1 7.49989E-1 7.24775E-1 6.03285E-1 4.55824E-1 5.54417E-1 6.11947E-1 4.02107E-1 3.45242E-1 3.09202E-1
-9999 -9999 -9999 -9999 -9999 -9999 -9999 -9999 -9999 -9999 -9999 -9999 -9999 -9999 -9999 -9999 -9999 -9999 -9999 -9999 -9999 -9999 -9999 -9999 -9999 -9999 -9999 -9999 -9999 -9999 -9999 7.21797E-1 4.26308E-1 4.47008E-1 6.75276E-1 7.34627E-1 7.54905E-1 7.07734E-1 6.95446E-1 7.11435E-1 7.17444E-1 7.03937E-1 7.07033E-1 7.13877E-1 6.98629E-1 6.74056E-1 6.48439E-1 7.33726E-1 6.57232E-1 7.17578E-1 7.32481E-1 7.7834E-1 7.75108E-1 7.10378E-1 6.25251E-1 5.73154E-1 5.46326E-1 5.94537E-1 7.3102E-1 7.3524E-1 6.25601E-1 6.02292E-1 6.09248E-1 4.74615E-1 3.09729E-1 1.40217E-1 8.09189E-2
-9999 -9999 -9999 -9999 -9999 -9999 -9999 -9999 -9999 -9999 -9999 -9999 -9999 -9999 -9999 -9999 -9999 -9999 -9999 -9999 -9999 -9999 -9999 -9999 -9999 -9999 -9999 -9999 -9999 -9999 -9999 7.67728E-1 7.23321E-1 7.60778E-1 7.68027E-1 7.15988E-1 7.18762E-1 6.99109E-1 7.04003E-1 7.01386E-1 7.08133E-1 7.05841E-1 6.9786E-1 6.9157E-1 6.9531E-1 7.00786E-1 7.5636E-1 7.48167E-1 8.48247E-1 6.56758E-1 8.17978E-1 6.76762E-1 7.99375E-1 7.83101E-1 8.26247E-1 6.5388E-1 7.79772E-1 6.22389E-1 7.00017E-1 6.29234E-1 7.11263E-1 6.85075E-1 6.19858E-1 3.44528E-1 2.43443E-1 2.53542E-1 7.71126E-2
-9999 -9999 -9999 -9999 -9999 -9999 -9999 -9999 -9999 -9999 -9999 -9999 -9999 -9999 -9999 -9999 -9999 -9999 -9999 -9999 -9999 -9999 -9999 -9999 -9999 -9999 -9999 -9999 -9999 -9999 -9999 7.82755E-1 7.24098E-1 7.43245E-1 7.06355E-1 7.01931E-1 7.33246E-1 7.118E-1 7.0026E-1 7.09062E-1 7.15205E-1 7.0805E-1 7.03241E-1 7.06716E-1 7.34757E-1 7.23939E-1 7.38759E-1 7.6266E-1 7.94595E-1 6.51494E-1 4.80744E-1 6.96996E-1 6.23395E-1 7.73475E-1 8.08933E-1 7.57698E-1 6.92208E-1 6.40253E-1 6.77624E-1 6.95191E-1 6.89333E-1 6.62248E-1 6.17061E-1 2.21048E-1 3.85219E-1 1.34792E-1 1.5465E-1
-9999 -9999 -9999 -9999 -9999 -9999 -9999 -9999 -9999 -9999 -9999 -9999 -9999 -9999 -9999 -9999 -9999 -9999 -9999 -9999 -9999 -9999 -9999 -9999 -9999 -9999 -9999 -9999 -9999 -9999 -9999 7.00987E-1 6.93949E-1 7.11739E-1 7.24293E-1 7.15194E-1 6.98058E-1 6.96649E-1 7.0927E-1 7.11054E-1 6.83167E-1 7.0249E-1 6.98097E-1 6.86868E-1 6.91109E-1 6.97245E-1 7.80911E-1 7.22538E-1 7.54678E-1 5.41902E-1 6.29342E-1 3.68859E-1 8.74093E-1 8.06004E-1 7.64374E-1 7.4971E-1 7.30172E-1 6.29553E-1 6.7177E-1 6.45812E-1 6.42509E-1 6.00713E-1 6.10558E-1 3.60534E-1 3.69744E-1 1.96148E-1 6.69991E-2
-9999 -9999 -9999 -9999 -9999 -9999 -9999 -9999 -9999 -9999 -9999 -9999 -9999 -9999 -9999 -9999 -9999 -9999 -9999 -9999 -9999 -9999 -9999 -9999 -9999 -9999 -9999 -9999 -9999 -9999 -9999 -9999 6.89333E-1 6.93637E-1 6.96619E-1 7.13355E-1 7.1072E-1 7.18162E-1 7.25311E-1 7.209E-1 7.21969E-1 7.15595E-1 7.08161E-1 7.31973E-1 6.25087E-1 7.06559E-1 6.71313E-1 7.18611E-1 6.89366E-1 6.30845E-1 5.13344E-1 6.99106E-1 5.36169E-1 7.00938E-1 8.18856E-1 8.45454E-1 6.9977E-1 6.65399E-1 4.99261E-1 5.91053E-1 5.60544E-1 5.63443E-1 6.98019E-1 6.60545E-1 5.20358E-1 3.01491E-1 3.41976E-1
-9999 -9999 -9999 -9999 -9999 -9999 -9999 -9999 -9999 -9999 -9999 -9999 -9999 -9999 -9999 -9999 -9999 -9999 -9999 -9999 -9999 -9999 -9999 -9999 -9999 -9999 -9999 -9999 -9999 -9999 -9999 -9999 -9999 -9999 7.01269E-1 6.98439E-1 6.93397E-1 6.87613E-1 7.08117E-1 7.0235E-1 7.16189E-1 7.14622E-1 7.23561E-1 7.14066E-1 7.01709E-1 6.23475E-1 6.41234E-1 6.19232E-1 4.69618E-1 6.23625E-1 6.24156E-1 6.01028E-1 8.72003E-1 7.56341E-1 8.11826E-1 7.41121E-1 6.83512E-1 6.8253E-1 6.74095E-1 6.64741E-1 6.50793E-1 5.37181E-1 6.27558E-1 6.29955E-1 5.47288E-1 5.96362E-1 4.2318E-1
-9999 -9999 -9999 -9999 -9999 -9999 -9999 -9999 -9999 -9999 -9999 -9999 -9999 -9999 -9999 -9999 -9999 -9999 -9999 -9999 -9999 -9999 -9999 -9999 -9999 -9999 -9999 -9999 -9999 -9999 -9999 -9999 -9999 -9999 7.08305E-1 7.01821E-1 6.9983E-1 7.04166E-1 6.90558E-1 6.92045E-1 7.35588E-1 7.44021E-1 7.60513E-1 7.8598E-1 6.8752E-1 7.12279E-1 5.90494E-1 5.75903E-1 4.70664E-1 4.13495E-1 4.94687E-1 6.83579E-1 6.70664E-1 6.12211E-1 6.19506E-1 6.10077E-1 6.44838E-1 6.64234E-1 6.85669E-1 7.15637E-1 6.30239E-1 4.16739E-1 6.48269E-1 6.54207E-1 6.12998E-1 4.48285E-1 3.47455E-1
-9999 -9999 -9999 -9999 -9999 -9999 -9999 -9999 -9999 -9999 -9999 -9999 -9999 -9999 -9999 -9999 -9999 -9999 -9999 -9999 -9999 -9999 -9999 -9999 -9999 -9999 -9999 -9999 -9999 -9999 -9999 -9999 -9999 -9999 6.91355E-1 7.06362E-1 7.10918E-1 7.18574E-1 6.89734E-1 6.74724E-1 6.86344E-1 6.84086E-1 7.1737E-1 7.00322E-1 7.09262E-1 7.3423E-1 7.39023E-1 6.14786E-1 3.89681E-1 6.90216E-1 7.1567E-1 6.48594E-1 6.9116E-1 6.34642E-1 6.00376E-1 6.12308E-1 4.00852E-1 5.20714E-1 6.94546E-1 3.35928E-1 1.61678E-1 4.86058E-2 5.38559E-1 6.09554E-1 6.49544E-1 5.92407E-1 5.12576E-1
-9999 -9999 -9999 -9999 -9999 -9999 -9999 -9999 -9999 -9999 -9999 -9999 -9999 -9999 -9999 -9999 -9999 -9999 -9999 -9999 -9999 -9999 -9999 -9999 -9999 -9999 -9999 -9999 -9999 -9999 -9999 -9999 -9999 -9999 6.91132E-1 6.96625E-1 6.74804E-1 7.05108E-1 7.02873E-1 6.76915E-1 6.92074E-1 6.28184E-1 7.07718E-1 6.00393E-1 6.31837E-1 6.79089E-1 7.00107E-1 6.96799E-1 5.35699E-1 5.61615E-1 7.2379E-1 6.59952E-1 6.80826E-1 6.53141E-1 6.48462E-1 4.22653E-1 2.42045E-1 4.40415E-1 6.97738E-1 4.1189E-2 1.56332E-2 1.35328E-1 6.38589E-1 5.45882E-1 5.87009E-1 6.58251E-1 5.13455E-1
-9999 -9999 -9999 -9999 -9999 -9999 -9999 -9999 -9999 -9999 -9999 -9999 -9999 -9999 -9999 -9999 -9999 -9999 -9999 -9999 -9999 -9999 -9999 -9999 -9999 -9999 -9999 -9999 -9999 -9999 -9999 -9999 -9999 -9999 6.96552E-1 7.08882E-1 6.72983E-1 7.03955E-1 7.22448E-1 6.96619E-1 5.8819E-1 5.8771E-1 6.61485E-1 5.52511E-1 6.85048E-1 6.19814E-1 4.05624E-1 2.50693E-1 3.98443E-1 6.51613E-1 6.55638E-1 7.22595E-1 7.00677E-1 6.90425E-1 5.60699E-1 1.5403E-1 1.78206E-1 6.91666E-1 6.89354E-1 3.53022E-1 1.37233E-1 3.86314E-1 6.27707E-1 2.52617E-1 1.5505E-1 3.6427E-1 1.64109E-1
-9999 -9999 -9999 -9999 -9999 -9999 -9999 -9999 -9999 -9999 -9999 -9999 -9999 -9999 -9999 -9999 -9999 -9999 -9999 -9999 -9999 -9999 -9999 -9999 -9999 -9999 -9999 -9999 -9999 -9999 -9999 -9999 -9999 7.17071E-1 7.1768E-1 6.96904E-1 7.31287E-1 7.1869E-1 7.2135E-1 6.77384E-1 6.66762E-1 6.79879E-1 7.31981E-1 6.32109E-1 6.83467E-1 5.66063E-1 6.06163E-1 5.54383E-1 2.92574E-1 6.97752E-1 4.98407E-1 4.95332E-1 6.80777E-1 6.69755E-1 6.28387E-1 3.51878E-1 9.03645E-2 2.8349E-1 3.22157E-1 6.19463E-1 6.99285E-1 1.67666E-1 3.77339E-1 2.02778E-1 1.70578E-1 2.62195E-1 1.67392E-1
-9999 -9999 -9999 -9999 -9999 -9999 -9999 -9999 -9999 -9999 -9999 -9999 -9999 -9999 -9999 -9999 -9999 -9999 -9999 -9999 -9999 -9999 -9999 -9999 -9999 -9999 -9999 -9999 -9999 -9999 -9999 -9999 7.19052E-1 7.09453E-1 6.91933E-1 7.05334E-1 7.05946E-1 7.26674E-1 6.79776E-1 6.82407E-1 6.69341E-1 6.80048E-1 6.53544E-1 5.97477E-1 6.27817E-1 6.71973E-1 5.9176E-1 4.21609E-1 6.43364E-1 6.94167E-1 5.62821E-1 5.36183E-1 6.87972E-1 6.51E-1 4.96011E-1 3.13418E-1 1.48896E-1 1.34892E-1 6.98599E-2 5.09266E-1 6.87589E-1 3.25218E-1 4.74128E-1 4.34112E-1 2.17534E-1 3.02123E-1 3.3981E-1
-9999 -9999 -9999 -9999 -9999 -9999 -9999 -9999 -9999 -9999 -9999 -9999 -9999 -9999 -9999 -9999 -9999 -9999 -9999 -9999 -9999 -9999 -9999 -9999 -9999 -9999 -9999 -9999 -9999 -9999 -9999 -9999 7.2591E-1 7.2343E-1 6.9971E-1 6.908E-1 6.61209E-1 6.13894E-1 6.87437E-1 6.9418E-1 6.73944E-1 6.88705E-1 5.6772E-1 5.57649E-1 5.45435E-1 5.47252E-1 3.50163E-1 2.14999E-1 3.50196E-1 6.50798E-1 4.63824E-1 6.2991E-1 6.52661E-1 4.84534E-1 3.28986E-1 4.93253E-1 5.46284E-1 3.29068E-1 2.83848E-1 4.60798E-1 6.3248E-1 6.64352E-1 6.54663E-1 6.48762E-1 4.74106E-1 4.28174E-1 3.0674E-1
-9999 -9999 -9999 -9999 -9999 -9999 -9999 -9999 -9999 -9999 -9999 -9999 -9999 -9999 -9999 -9999 -9999 -9999 -9999 -9999 -9999 -9999 -9999 -9999 -9999 -9999 -9999 -9999 -9999 -9999 -9999 7.03272E-1 6.9771E-1 7.29293E-1 7.25346E-1 7.39086E-1 6.96098E-1 6.82106E-1 6.23986E-1 6.90424E-1 7.03614E-1 6.39933E-1 6.15894E-1 6.32435E-1 7.14596E-1 7.25089E-1 2.26426E-1 1.08862E-1 1.44091E-1 2.3056E-1 7.01453E-1 6.34906E-1 6.03534E-1 6.62498E-1 6.88298E-1 6.91065E-1 7.01649E-1 5.02809E-1 3.9884E-1 4.43887E-1 5.74439E-1 5.65522E-1 5.51617E-1 6.06398E-1 5.82858E-1 6.04063E-1 5.53574E-1
-9999 -9999 -9999 -9999 -9999 -9999 -9999 -9999 -9999 -9999 -9999 -9999 -9999 -9999 -9999 -9999 -9999 -9999 -9999 -9999 -9999 -9999 -9999 -9999 -9999 -9999 -9999 -9999 -9999 -9999 7.18547E-1 7.17863E-1 7.04872E-1 7.05109E-1 7.10203E-1 7.19589E-1 7.12124E-1 6.36083E-1 7.36103E-1 7.40169E-1 7.03537E-1 6.77076E-1 7.81718E-1 6.30372E-1 7.3288E-1 7.03863E-1 2.89134E-1 2.19706E-1 1.36166E-1 1.22379E-1 2.60816E-1 4.06798E-1 5.48035E-1 5.75255E-1 6.62835E-1 6.99252E-1 6.99906E-1 6.17363E-1 3.99849E-1 4.81794E-1 6.63954E-1 6.90344E-1 5.2558E-1 4.96952E-1 4.48534E-1 4.38279E-1 3.78289E-1
-9999 -9999 -9999 -9999 -9999 -9999 -9999 -9999 -9999 -9999 -9999 -9999 -9999 -9999 -9999 -9999 -9999 -9999 -9999 -9999 -9999 -9999 -9999 -9999 -9999 -9999 -9999 -9999 -9999 -9999 7.08295E-1 7.01198E-1 7.03947E-1 6.9898E-1 7.4057E-1 7.24131E-1 7.03559E-1 6.75271E-1 7.63803E-1 7.5352E-1 6.95451E-1 4.56102E-1 3.79812E-1 5.57095E-1 6.2292E-1 5.02151E-1 2.08896E-1 2.227E-1 1.22642E-1 1.20125E-1 1.39381E-1 4.10411E-1 4.49248E-1 5.49776E-1 6.11032E-1 7.20809E-1 6.75116E-1 6.6758E-1 5.45887E-1 6.02184E-1 6.35374E-1 6.15572E-1 4.0402E-1 3.08097E-1 3.07872E-1 3.63901E-1 3.06602E-1
-9999 -9999 -9999 -9999 -9999 -9999 -9999 -9999 -9999 -9999 -9999 -9999 -9999 -9999 -9999 -9999 -9999 -9999 -9999 -9999 -9999 -9999 -9999 -9999 -9999 -9999 -9999 -9999 -9999 7.10092E-1 7.15201E-1 7.06917E-1 7.04755E-1 7.03086E-1 7.0262E-1 7.14113E-1 7.05589E-1 6.98877E-1 6.78341E-1 7.10408E-1 7.24579E-1 6.406E-1 5.85722E-1 5.11657E-1 3.86349E-1 2.79962E-1 1.52262E-1 1.85136E-1 1.1149E-1 2.11202E-1 1.14627E-1 1.77934E-1 5.51798E-1 6.48417E-1 7.09206E-1 7.27857E-1 5.80202E-1 7.31634E-1 5.78799E-1 6.627E-1 6.4298E-1 5.3083E-1 3.20624E-1 2.08148E-1 1.75036E-1 3.63015E-1 2.36834E-1
-9999 -9999 -9999 -9999 -9999 -9999 -9999 -9999 -9999 -9999 -9999 -9999 -9999 -9999 -9999 -9999 -9999 -9999 -9999 -9999 -9999 -9999 -9999 -9999 -9999 -9999 -9999 -9999 -9999 7.07211E-1 7.26697E-1 7.21741E-1 7.18119E-1 7.0516E-1 6.9052E-1 7.09677E-1 7.16654E-1 7.17989E-1 7.55233E-1 7.47735E-1 7.53662E-1 7.0701E-1 7.19778E-1 5.93934E-1 4.63223E-1 2.04861E-1 1.09164E-1 1.97017E-1 1.36687E-1 7.64893E-2 8.71695E-2 1.37298E-1 7.09245E-1 6.66302E-1 6.97033E-1 6.99757E-1 1.14454E-1 4.22918E-1 3.28103E-1 5.45626E-1 8.42589E-2 6.04002E-1 3.54438E-1 2.42095E-1 1.95002E-1 3.52084E-1 3.19142E-1
-9999 -9999 -9999 -9999 -9999 -9999 -9999 -9999 -9999 -9999 -9999 -9999 -9999 -9999 -9999 -9999 -9999 -9999 -9999 -9999 -9999 -9999 -9999 -9999 -9999 -9999 -9999 -9999 7.04132E-1 7.00997E-1 6.99446E-1 7.15479E-1 7.06311E-1 7.05995E-1 6.95944E-1 7.03178E-1 7.07853E-1 7.01418E-1 7.55372E-1 8.72611E-1 7.70996E-1 5.78843E-1 5.13681E-1 4.73889E-1 3.31064E-1 2.37711E-1 7.72855E-2 1.61257E-1 9.91722E-2 1.05608E-1 2.33641E-1 5.84285E-1 6.09755E-1 7.23822E-1 7.47284E-1 6.88344E-1 3.83348E-1 6.26631E-1 6.15139E-1 6.26357E-1 5.63665E-1 3.42976E-1 4.68558E-1 1.21826E-1 1.08478E-1 1.50512E-1 1.56623E-1
-9999 -9999 -9999 -9999 -9999 -9999 -9999 -9999 -9999 -9999 -9999 -9999 -9999 -9999 -9999 -9999 -9999 -9999 -9999 -9999 -9999 -9999 -9999 -9999 -9999 -9999 -9999 7.09191E-1 7.03771E-1 7.04155E-1 7.09754E-1 6.88766E-1 6.98813E-1 7.21063E-1 7.01452E-1 7.03977E-1 7.12259E-1 7.33861E-1 6.22596E-1 8.02337E-1 7.26934E-1 6.15617E-1 5.48032E-1 3.47958E-1 3.12648E-1 3.15736E-1 9.96355E-2 1.71996E-1 1.17535E-1 4.41879E-1 6.00887E-1 5.82162E-1 6.25663E-1 7.1596E-1 7.05732E-1 6.69219E-1 4.77132E-1 5.66312E-1 5.70908E-1 5.23623E-1 4.24154E-1 3.9379E-1 1.7885E-1 2.12447E-1 3.63571E-2 3.76184E-2 2.08807E-2
