ENM/Final_Models/M_2_F_lq_Set_1_E/Gustavia_santanderiensis_Choco_median.asc
ncols         367
nrows         963
xllcorner     -78.6
yllcorner     0.65
cellsize      0.00833333333333323
NODATA_value  -9999
[rows 864 to 895 of 963, columns 0 to 70 of 367]
-9999 -9999 -9999 -9999 -9999 -9999 -9999 -9999 -9999 -9999 -9999 -9999 -9999 -9999 -9999 -9999 -9999 -9999 -9999 -9999 -9999 -9999 -9999 -9999 -9999 -9999 -9999 -9999 -9999 -9999 -9999 -9999 -9999 -9999 -9999 -9999 -9999 -9999 7.08937E-1 6.46505E-1 6.97654E-1 6.85685E-1 7.14084E-1 7.44062E-1 8.78888E-1 7.88114E-1 6.53895E-1 7.01111E-1 7.21414E-1 6.43582E-1 6.30325E-1 6.53138E-1 6.35976E-1 4.95819E-1 4.31929E-1 4.82721E-1 6.83145E-1 7.69855E-1 8.59667E-1 6.02035E-1 4.48379E-1 6.45011E-1 7.01756E-1 6.69058E-1 8.18873E-1 9.03154E-1 9.11503E-1 9.28503E-1 9.98824E-1 9.93182E-1 9.09838E-1
-9999 -9999 -9999 -9999 -9999 -9999 -9999 -9999 -9999 -9999 -9999 -9999 -9999 -9999 -9999 -9999 -9999 -9999 -9999 -9999 -9999 -9999 -9999 -9999 -9999 -9999 -9999 -9999 -9999 -9999 -9999 -9999 -9999 -9999 -9999 -9999 -9999 6.84237E-1 6.6801E-1 5.60638E-1 6.56952E-1 5.82975E-1 6.82039E-1 7.40819E-1 8.67259E-1 8.95486E-1 8.18294E-1 7.49414E-1 7.19145E-1 7.68517E-1 5.64424E-1 6.09338E-1 4.44286E-1 5.17262E-1 3.99533E-1 3.96201E-1 5.10285E-1 7.01693E-1 7.40316E-1 6.81885E-1 4.30671E-1 4.99293E-1 6.96853E-1 6.15298E-1 7.29737E-1 7.7088E-1 6.49449E-1 7.02725E-1 9.97321E-1 9.56101E-1 8.67836E-1
-9999 -9999 -9999 -9999 -9999 -9999 -9999 -9999 -9999 -9999 -9999 -9999 -9999 -9999 -9999 -9999 -9999 -9999 -9999 -9999 -9999 -9999 -9999 -9999 -9999 -9999 -9999 -9999 -9999 -9999 -9999 -9999 -9999 -9999 -9999 -9999 5.3137E-1 7.07901E-1 6.67913E-1 5.77903E-1 6.01672E-1 5.58006E-1 6.20878E-1 7.4095E-1 9.18724E-1 8.12822E-1 7.18242E-1 7.16038E-1 8.04056E-1 7.29376E-1 5.92356E-1 6.83618E-1 6.48086E-1 4.69111E-1 3.67962E-1 3.88053E-1 5.91178E-1 5.27927E-1 6.56857E-1 6.21765E-1 4.2368E-1 4.39766E-1 5.96469E-1 6.37611E-1 5.61981E-1 6.69357E-1 8.36932E-1 9.88925E-1 9.87336E-1 9.71325E-1 8.60159E-1
-9999 -9999 -9999 -9999 -9999 -9999 -9999 -9999 -9999 -9999 -9999 -9999 -9999 -9999 -9999 -9999 -9999 -9999 -9999 -9999 -9999 -9999 -9999 -9999 -9999 -9999 -9999 -9999 -9999 -9999 -9999 -9999 -9999 -9999 -9999 -9999 5.15446E-1 5.79504E-1 6.86376E-1 5.49852E-1 5.52156E-1 4.92861E-1 5.60597E-1 6.35782E-1 8.392E-1 7.06286E-1 7.41292E-1 6.17854E-1 6.80166E-1 6.75007E-1 6.19468E-1 5.34005E-1 4.51037E-1 4.85129E-1 3.6948E-1 3.23378E-1 5.71922E-1 4.60803E-1 5.43659E-1 3.81817E-1 4.00408E-1 3.91125E-1 5.33032E-1 4.54166E-1 3.42752E-1 3.64736E-1 4.9065E-1 8.96053E-1 9.71578E-1 9.42409E-1 8.90013E-1
-9999 -9999 -9999 -9999 -9999 -9999 -9999 -9999 -9999 -9999 -9999 -9999 -9999 -9999 -9999 -9999 -9999 -9999 -9999 -9999 -9999 -9999 -9999 -9999 -9999 -9999 -9999 -9999 -9999 -9999 -9999 -9999 -9999 -9999 -9999 -9999 4.69693E-1 4.94096E-1 5.26361E-1 4.92925E-1 5.05637E-1 5.21153E-1 5.0869E-1 6.0536E-1 6.84994E-1 8.5015E-1 5.07713E-1 5.86264E-1 7.04143E-1 6.0866E-1 4.86974E-1 4.58999E-1 2.8141E-1 4.24006E-1 4.16265E-1 3.35684E-1 5.3458E-1 4.31137E-1 5.05571E-1 3.89416E-1 3.49413E-1 3.69209E-1 4.01009E-1 3.509E-1 3.5797E-1 5.04411E-1 7.48373E-1 7.03142E-1 9.67131E-1 9.54531E-1 9.42739E-1
-9999 -9999 -9999 -9999 -9999 -9999 -9999 -9999 -9999 -9999 -9999 -9999 -9999 -9999 -9999 -9999 -9999 -9999 -9999 -9999 -9999 -9999 -9999 -9999 -9999 -9999 -9999 -9999 -9999 -9999 -9999 -9999 -9999 -9999 -9999 -9999 4.93924E-1 5.24904E-1 4.9991E-1 4.6185E-1 5.48347E-1 4.68884E-1 4.59097E-1 5.21593E-1 6.59236E-1 8.48112E-1 6.21961E-1 5.56012E-1 5.86102E-1 4.60329E-1 3.703E-1 4.73327E-1 3.88238E-1 4.03549E-1 3.38933E-1 2.69673E-1 3.37491E-1 5.82539E-1 4.69904E-1 3.49417E-1 2.92443E-1 3.38722E-1 4.34609E-1 3.27203E-1 3.01644E-1 4.48663E-1 4.49884E-1 6.24046E-1 8.13351E-1 9.12743E-1 9.5092E-1
-9999 -9999 -9999 -9999 -9999 -9999 -9999 -9999 -9999 -9999 -9999 -9999 -9999 -9999 -9999 -9999 -9999 -9999 -9999 -9999 -9999 -9999 -9999 -9999 -9999 -9999 -9999 -9999 -9999 -9999 -9999 -9999 -9999 -9999 -9999 7.64959E-1 6.83357E-1 5.66338E-1 4.98147E-1 5.10851E-1 5.04465E-1 4.16364E-1 4.34663E-1 4.92622E-1 5.50931E-1 8.37452E-1 8.11578E-1 7.53032E-1 6.25716E-1 5.28126E-1 4.21643E-1 4.67669E-1 3.01446E-1 4.86816E-1 3.8518E-1 3.25601E-1 3.46134E-1 4.80692E-1 4.4338E-1 3.61848E-1 3.08307E-1 2.75497E-1 3.23724E-1 2.74585E-1 3.37644E-1 3.75706E-1 6.08197E-1 7.99868E-1 6.37756E-1 8.05823E-1 8.12427E-1
-9999 -9999 -9999 -9999 -9999 -9999 -9999 -9999 -9999 -9999 -9999 -9999 -9999 -9999 -9999 -9999 -9999 -9999 -9999 -9999 -9999 -9999 -9999 -9999 -9999 -9999 -9999 -9999 -9999 -9999 -9999 -9999 -9999 7.09654E-1 6.24479E-1 5.9881E-1 6.28855E-1 5.72275E-1 5.95524E-1 5.53555E-1 4.99803E-1 4.96648E-1 4.44323E-1 5.04214E-1 5.68431E-1 8.04391E-1 7.1105E-1 5.80181E-1 4.49286E-1 4.44924E-1 3.80209E-1 3.4468E-1 4.56108E-1 2.62535E-1 2.89804E-1 3.15888E-1 3.50257E-1 4.09577E-1 3.91594E-1 3.33572E-1 2.71043E-1 2.63539E-1 2.679E-1 2.28957E-1 2.31222E-1 2.98241E-1 4.8366E-1 4.5498E-1 8.59052E-1 8.18514E-1 8.42372E-1
-9999 -9999 -9999 -9999 -9999 -9999 -9999 -9999 -9999 -9999 -9999 -9999 -9999 -9999 -9999 -9999 -9999 -9999 -9999 -9999 -9999 -9999 -9999 -9999 -9999 -9999 -9999 -9999 -9999 -9999 -9999 -9999 7.54384E-1 7.04159E-1 5.78454E-1 6.15406E-1 5.65227E-1 5.59408E-1 5.63436E-1 5.10088E-1 4.68044E-1 4.79692E-1 4.67008E-1 4.21848E-1 4.50837E-1 6.92065E-1 6.89621E-1 5.15376E-1 4.61765E-1 4.56362E-1 4.2089E-1 3.7872E-1 3.30198E-1 3.22089E-1 3.03353E-1 2.7165E-1 3.02973E-1 2.54774E-1 2.43292E-1 3.02456E-1 2.75477E-1 2.1124E-1 2.62554E-1 2.15148E-1 2.31792E-1 3.01247E-1 4.76254E-1 7.02681E-1 8.64509E-1 7.52058E-1 6.89494E-1
-9999 -9999 -9999 -9999 -9999 -9999 -9999 -9999 -9999 -9999 -9999 -9999 -9999 -9999 -9999 -9999 -9999 -9999 -9999 -9999 -9999 -9999 -9999 -9999 -9999 -9999 -9999 -9999 -9999 -9999 -9999 7.86748E-1 7.85192E-1 7.77442E-1 5.36172E-1 5.24067E-1 6.2509E-1 5.86885E-1 5.64221E-1 5.42505E-1 5.25411E-1 4.78276E-1 4.66697E-1 4.3653E-1 4.40971E-1 5.31779E-1 6.62528E-1 6.09123E-1 6.08303E-1 3.85697E-1 3.64214E-1 3.71639E-1 3.05172E-1 2.67965E-1 2.86235E-1 3.28275E-1 2.81305E-1 2.32271E-1 2.13215E-1 2.53446E-1 2.57836E-1 2.08954E-1 2.44308E-1 2.12673E-1 2.10185E-1 3.66893E-1 6.90679E-1 7.68893E-1 7.84817E-1 7.8332E-1 6.31324E-1
-9999 -9999 -9999 -9999 -9999 -9999 -9999 -9999 -9999 -9999 -9999 -9999 -9999 -9999 -9999 -9999 -9999 -9999 -9999 -9999 -9999 -9999 -9999 -9999 -9999 -9999 -9999 -9999 -9999 -9999 6.42415E-1 6.12364E-1 7.09441E-1 6.11892E-1 8.17532E-1 6.14967E-1 5.83299E-1 6.25418E-1 5.50435E-1 6.13211E-1 6.72561E-1 6.10026E-1 5.61353E-1 4.23579E-1 4.23641E-1 4.52275E-1 6.3125E-1 6.55667E-1 5.10099E-1 4.07293E-1 3.80881E-1 3.18375E-1 2.88026E-1 2.57439E-1 2.59506E-1 2.88275E-1 2.26537E-1 2.03972E-1 1.35259E-1 2.36988E-1 2.27988E-1 2.20752E-1 2.04847E-1 1.93051E-1 2.7054E-1 4.88957E-1 7.44091E-1 6.88322E-1 7.68562E-1 7.41013E-1 5.25211E-1
-9999 -9999 -9999 -9999 -9999 -9999 -9999 -9999 -9999 -9999 -9999 -9999 -9999 -9999 -9999 -9999 -9999 -9999 -9999 -9999 -9999 -9999 -9999 -9999 -9999 -9999 -9999 -9999 -9999 7.45924E-1 6.7246E-1 6.38712E-1 7.48076E-1 6.83405E-1 7.46673E-1 7.72792E-1 7.67237E-1 6.5552E-1 5.13707E-1 5.74621E-1 7.49572E-1 5.59087E-1 6.60472E-1 7.01583E-1 5.25064E-1 4.13823E-1 4.61634E-1 6.06544E-1 4.45306E-1 3.89603E-1 3.45767E-1 3.09851E-1 2.8599E-1 2.44671E-1 2.17402E-1 2.2323E-1 3.05354E-1 3.06441E-1 1.83549E-1 1.96992E-1 1.87987E-1 1.90485E-1 2.41733E-1 3.67483E-1 5.17914E-1 6.88154E-1 6.33621E-1 4.68072E-1 6.09677E-1 6.78193E-1 5.17264E-1
-9999 -9999 -9999 -9999 -9999 -9999 -9999 -9999 -9999 -9999 -9999 -9999 -9999 -9999 -9999 -9999 -9999 -9999 -9999 -9999 -9999 -9999 -9999 -9999 -9999 -9999 -9999 -9999 7.5312E-1 6.22192E-1 6.95758E-1 6.31592E-1 6.28708E-1 6.99539E-1 5.99986E-1 6.20723E-1 7.97856E-1 5.92046E-1 4.6821E-1 4.57489E-1 4.58612E-1 3.89294E-1 4.86283E-1 6.85072E-1 7.5547E-1 4.59187E-1 3.73638E-1 4.32967E-1 4.13619E-1 4.05724E-1 3.32918E-1 2.87872E-1 2.74691E-1 2.43859E-1 2.12784E-1 2.08073E-1 2.49346E-1 2.421E-1 1.8619E-1 1.59123E-1 1.71052E-1 2.24839E-1 3.68027E-1 4.6861E-1 5.61277E-1 6.0812E-1 4.2827E-1 4.34973E-1 3.756E-1 4.80574E-1 3.97102E-1
-9999 -9999 -9999 -9999 -9999 -9999 -9999 -9999 -9999 -9999 -9999 -9999 -9999 -9999 -9999 -9999 -9999 -9999 -9999 -9999 -9999 -9999 -9999 -9999 -9999 -9999 -9999 -9999 8.70988E-1 6.95337E-1 6.32187E-1 6.22826E-1 5.66844E-1 6.90162E-1 6.14355E-1 6.37976E-1 5.85125E-1 5.30105E-1 5.10926E-1 6.2425E-1 5.3721E-1 4.23344E-1 3.58817E-1 4.92099E-1 7.5044E-1 6.82507E-1 5.12632E-1 2.07055E-1 2.6579E-1 3.23904E-1 2.73982E-1 2.7651E-1 2.37206E-1 2.01638E-1 2.24793E-1 2.00403E-1 2.18897E-1 1.94646E-1 1.72061E-1 1.37586E-1 1.74188E-1 2.47443E-1 4.78025E-1 4.34806E-1 3.90999E-1 2.82635E-1 3.587E-1 3.55399E-1 2.15119E-1 4.30551E-1 4.80949E-1
-9999 -9999 -9999 -9999 -9999 -9999 -9999 -9999 -9999 -9999 -9999 -9999 -9999 -9999 -9999 -9999 -9999 -9999 -9999 -9999 -9999 -9999 -9999 -9999 -9999 -9999 -9999 -9999 -9999 -9999 -9999 6.86086E-1 5.76696E-1 5.32226E-1 6.6025E-1 5.43075E-1 4.75735E-1 5.31127E-1 5.90807E-1 5.81004E-1 4.23351E-1 3.92074E-1 3.52365E-1 4.08645E-1 4.22276E-1 6.17824E-1 7.00431E-1 5.2277E-1 5.36025E-1 5.65345E-1 3.534E-1 2.97434E-1 2.45145E-1 2.23108E-1 2.23484E-1 1.76449E-1 1.84876E-1 1.86929E-1 1.42916E-1 1.79872E-1 3.13241E-1 3.58188E-1 4.0049E-1 3.71857E-1 2.20836E-1 1.31465E-1 9.99729E-2 1.35453E-1 7.02882E-2 2.47721E-1 4.0193E-1
-9999 -9999 -9999 -9999 -9999 -9999 -9999 -9999 -9999 -9999 -9999 -9999 -9999 -9999 -9999 -9999 -9999 -9999 -9999 -9999 -9999 -9999 -9999 -9999 -9999 -9999 -9999 -9999 -9999 -9999 -9999 6.25424E-1 5.99023E-1 4.75653E-1 4.66285E-1 5.23523E-1 4.04945E-1 3.97406E-1 3.92757E-1 5.3788E-1 4.63632E-1 3.54416E-1 3.3706E-1 3.19924E-1 3.12193E-1 3.54869E-1 3.97355E-1 2.66611E-1 2.61658E-1 3.59049E-1 5.20926E-1 4.17225E-1 3.22822E-1 2.50956E-1 2.5059E-1 2.245E-1 1.36357E-1 1.66948E-1 1.5669E-1 2.66934E-1 3.37445E-1 2.97727E-1 2.39453E-1 1.4533E-1 6.54751E-2 3.12054E-2 4.46985E-2 3.24064E-2 2.72241E-2 1.35392E-1 3.32924E-1
-9999 -9999 -9999 -9999 -9999 -9999 -9999 -9999 -9999 -9999 -9999 -9999 -9999 -9999 -9999 -9999 -9999 -9999 -9999 -9999 -9999 -9999 -9999 -9999 -9999 -9999 -9999 -9999 -9999 -9999 6.78843E-1 5.30534E-1 5.79924E-1 4.98468E-1 4.49952E-1 4.96462E-1 4.18197E-1 4.00894E-1 3.78755E-1 4.577E-1 5.43202E-1 3.56251E-1 3.09402E-1 2.80866E-1 2.94975E-1 3.44741E-1 3.14795E-1 3.22441E-1 2.41224E-1 2.76029E-1 3.9293E-1 5.62287E-1 4.5212E-1 2.69714E-1 1.48596E-1 2.03566E-1 1.91679E-1 1.48186E-1 1.66474E-1 2.75445E-1 2.74398E-1 1.17872E-1 5.3947E-2 3.78991E-2 1.74479E-2 1.87407E-2 2.5892E-2 2.00263E-2 1.1321E-2 9.79718E-2 3.67619E-1
-9999 -9999 -9999 -9999 -9999 -9999 -9999 -9999 -9999 -9999 -9999 -9999 -9999 -9999 -9999 -9999 -9999 -9999 -9999 -9999 -9999 -9999 -9999 -9999 -9999 -9999 -9999 -9999 -9999 -9999 5.74734E-1 4.61739E-1 4.55502E-1 4.25635E-1 4.27361E-1 4.23586E-1 5.07828E-1 4.05936E-1 3.55422E-1 3.25994E-1 3.66784E-1 3.93284E-1 2.89998E-1 2.9608E-1 2.76469E-1 2.76535E-1 2.96666E-1 2.83513E-1 3.17594E-1 3.48994E-1 3.4284E-1 4.27661E-1 6.59322E-1 5.28007E-1 2.02628E-1 1.6349E-1 1.73394E-1 1.18953E-1 1.4777E-1 2.38749E-1 1.26898E-1 4.29582E-2 1.05559E-2 6.26036E-3 4.88634E-3 5.53855E-3 5.8907E-3 7.09606E-3 1.40214E-2 9.43474E-2 2.73738E-1
-9999 -9999 -9999 -9999 -9999 -9999 -9999 -9999 -9999 -9999 -9999 -9999 -9999 -9999 -9999 -9999 -9999 -9999 -9999 -9999 -9999 -9999 -9999 -9999 -9999 8.53182E-1 7.41791E-1 6.72517E-1 6.7166E-1 7.67259E-1 6.28977E-1 5.1835E-1 4.54108E-1 4.44628E-1 3.84582E-1 3.96052E-1 3.89454E-1 4.41962E-1 4.21641E-1 2.95247E-1 2.74291E-1 3.39989E-1 3.4847E-1 2.95905E-1 2.82925E-1 3.05261E-1 3.10135E-1 2.7077E-1 2.77724E-1 2.36452E-1 2.94233E-1 2.78393E-1 4.88263E-1 4.4026E-1 3.1176E-1 1.44044E-1 1.54905E-1 1.1717E-1 1.31903E-1 2.08615E-1 8.8698E-2 2.36632E-2 4.31417E-3 1.00171E-3 7.69757E-4 4.18187E-4 4.40649E-4 3.97395E-3 4.04448E-2 1.08996E-1 1.64134E-1
-9999 -9999 -9999 -9999 -9999 -9999 -9999 -9999 -9999 -9999 -9999 -9999 -9999 -9999 -9999 -9999 -9999 -9999 -9999 -9999 -9999 -9999 8.25626E-1 7.75505E-1 7.78224E-1 7.92381E-1 8.60041E-1 7.41373E-1 7.01761E-1 7.48708E-1 6.98585E-1 7.25893E-1 5.88638E-1 4.64198E-1 4.14023E-1 3.67534E-1 3.15824E-1 2.85391E-1 3.44143E-1 3.6622E-1 2.54537E-1 2.8373E-1 3.28259E-1 2.55596E-1 2.67118E-1 3.01963E-1 2.67366E-1 2.34591E-1 2.37908E-1 2.26731E-1 2.25658E-1 2.23978E-1 4.95118E-1 6.07405E-1 3.67238E-1 3.50603E-1 3.06188E-1 2.4118E-1 8.16166E-2 1.61696E-1 5.32629E-2 9.92947E-3 1.85117E-3 7.09638E-4 6.21469E-4 2.33163E-4 1.112E-4 1.90081E-3 2.41472E-2 3.21392E-2 5.92642E-2
-9999 -9999 -9999 -9999 -9999 -9999 -9999 -9999 -9999 -9999 -9999 -9999 -9999 -9999 -9999 -9999 -9999 -9999 -9999 -9999 -9999 8.68102E-1 9.87962E-1 9.23319E-1 9.82828E-1 9.78373E-1 8.39184E-1 7.64709E-1 8.63902E-1 6.3848E-1 5.42155E-1 6.18505E-1 4.3484E-1 4.22008E-1 3.67097E-1 3.45896E-1 3.07294E-1 3.01501E-1 3.47856E-1 3.06696E-1 2.65723E-1 2.40129E-1 2.75689E-1 2.69326E-1 2.47602E-1 2.55354E-1 2.69166E-1 2.43457E-1 2.11952E-1 1.95066E-1 2.1442E-1 2.26335E-1 3.57294E-1 3.6175E-1 2.88805E-1 4.68001E-1 3.78618E-1 2.52854E-1 1.27914E-1 1.1104E-1 3.32695E-2 1.89545E-2 4.97212E-3 1.79675E-3 6.57108E-4 4.16146E-4 3.08953E-4 1.48248E-3 4.82216E-3 1.2862E-2 1.76621E-2
-9999 -9999 -9999 -9999 -9999 -9999 -9999 -9999 -9999 -9999 -9999 -9999 -9999 -9999 -9999 -9999 -9999 -9999 -9999 -9999 -9999 9.03231E-1 8.94235E-1 8.81809E-1 9.06648E-1 9.57504E-1 9.8457E-1 9.77944E-1 7.5562E-1 5.43146E-1 5.03068E-1 4.42578E-1 4.32786E-1 5.09999E-1 4.77592E-1 3.59676E-1 3.08834E-1 3.05205E-1 3.24055E-1 2.44508E-1 2.19914E-1 2.4225E-1 2.45377E-1 2.39783E-1 2.46854E-1 2.61246E-1 2.52364E-1 2.04432E-1 2.06927E-1 1.8964E-1 1.69096E-1 1.90304E-1 2.57507E-1 2.76326E-1 2.21766E-1 1.96919E-1 3.42155E-1 2.20676E-1 1.2306E-1 8.27636E-2 5.73393E-2 2.87916E-2 1.21428E-2 5.65647E-3 2.09255E-3 1.12558E-3 1.08177E-3 8.72622E-4 1.78876E-3 2.75981E-3 7.22746E-3
-9999 -9999 -9999 -9999 -9999 -9999 -9999 -9999 -9999 -9999 -9999 -9999 -9999 -9999 -9999 -9999 -9999 -9999 -9999 -9999 -9999 9.51303E-1 8.44231E-1 8.66697E-1 9.13321E-1 9.2061E-1 9.79557E-1 9.77273E-1 9.35551E-1 5.37917E-1 5.73135E-1 5.22812E-1 4.26874E-1 4.65921E-1 4.78692E-1 3.95579E-1 3.25854E-1 2.48139E-1 2.48626E-1 2.62851E-1 2.36005E-1 2.29653E-1 2.24932E-1 2.25766E-1 2.3457E-1 2.56802E-1 2.56902E-1 2.23372E-1 1.82312E-1 1.86502E-1 1.64429E-1 1.81438E-1 1.64963E-1 1.6929E-1 1.27615E-1 1.27898E-1 3.53234E-1 2.676E-1 1.46118E-1 6.74596E-2 8.08738E-2 3.36328E-2 1.57313E-2 7.81728E-3 4.7502E-3 2.44397E-3 1.61127E-3 6.74317E-4 1.04413E-3 2.55109E-3 5.90473E-3
-9999 -9999 -9999 -9999 -9999 -9999 -9999 -9999 -9999 -9999 -9999 -9999 -9999 -9999 -9999 -9999 -9999 -9999 -9999 -9999 -9999 -9999 9.18919E-1 7.36089E-1 8.73314E-1 8.69561E-1 8.69522E-1 9.34308E-1 9.57817E-1 9.23428E-1 8.38463E-1 8.31581E-1 7.66751E-1 5.38646E-1 4.27544E-1 4.58049E-1 3.49561E-1 2.74525E-1 2.39118E-1 2.58562E-1 2.21743E-1 2.13525E-1 2.17778E-1 2.2777E-1 2.38162E-1 2.30903E-1 2.09349E-1 2.12203E-1 1.86784E-1 2.24477E-1 2.11152E-1 1.68184E-1 1.60636E-1 1.54561E-1 1.10087E-1 1.24595E-1 2.1996E-1 3.12611E-1 3.10101E-1 1.93198E-1 8.73102E-2 3.95105E-2 1.36484E-2 4.2365E-3 2.92477E-3 2.59592E-3 1.17573E-3 9.28381E-4 9.50686E-4 1.82174E-3 4.10634E-3
-9999 -9999 -9999 -9999 -9999 -9999 -9999 -9999 -9999 -9999 -9999 -9999 -9999 -9999 -9999 -9999 -9999 -9999 -9999 -9999 -9999 -9999 9.00093E-1 9.12606E-1 7.84116E-1 7.37306E-1 6.47855E-1 6.49948E-1 9.17093E-1 9.88597E-1 9.91961E-1 9.1892E-1 7.71431E-1 4.22756E-1 6.34753E-1 5.25059E-1 3.94272E-1 3.00907E-1 2.52206E-1 2.53642E-1 2.26731E-1 2.31497E-1 3.49621E-1 2.00369E-1 2.04609E-1 2.15935E-1 2.37708E-1 2.67903E-1 2.37954E-1 2.14155E-1 1.91054E-1 1.90684E-1 1.61536E-1 9.59913E-2 3.97863E-2 3.94105E-2 6.69491E-2 1.21253E-1 3.20304E-1 2.02049E-1 1.1509E-1 4.43786E-2 1.63313E-2 9.13581E-3 5.17337E-3 4.1207E-3 3.17445E-3 2.06889E-3 7.45295E-4 8.28217E-4 2.12114E-3
-9999 -9999 -9999 -9999 -9999 -9999 -9999 -9999 -9999 -9999 -9999 -9999 -9999 -9999 -9999 -9999 -9999 -9999 -9999 -9999 -9999 -9999 7.05137E-1 8.76395E-1 8.75507E-1 8.71866E-1 8.60966E-1 6.17326E-1 6.36495E-1 8.13614E-1 9.05008E-1 9.39328E-1 9.0057E-1 6.17966E-1 6.71528E-1 4.72716E-1 4.21523E-1 2.9406E-1 2.72811E-1 2.54571E-1 2.84886E-1 5.23407E-1 3.24909E-1 5.0045E-1 5.40685E-1 5.06603E-1 5.27415E-1 3.54768E-1 2.56306E-1 2.19615E-1 2.37552E-1 1.96398E-1 1.40008E-1 6.59454E-2 1.91356E-2 1.09385E-2 1.34106E-2 5.33931E-2 2.28387E-1 2.51009E-1 1.52886E-1 7.49842E-2 3.52769E-2 2.09563E-2 1.02162E-2 6.04125E-3 3.82607E-3 2.37695E-3 1.20501E-3 5.64091E-4 8.88251E-4
-9999 -9999 -9999 -9999 -9999 -9999 -9999 -9999 -9999 -9999 -9999 -9999 -9999 -9999 -9999 -9999 -9999 -9999 -9999 -9999 -9999 -9999 7.45813E-1 8.6692E-1 8.74396E-1 9.14353E-1 8.64477E-1 7.77731E-1 6.84544E-1 8.26449E-1 8.83721E-1 8.43705E-1 8.94748E-1 9.6646E-1 9.76284E-1 9.65317E-1 8.95467E-1 5.25509E-1 4.25464E-1 3.41691E-1 5.95188E-1 8.05574E-1 6.67001E-1 7.75263E-1 7.61818E-1 7.18468E-1 4.2725E-1 2.44345E-1 2.36637E-1 1.91927E-1 1.58454E-1 1.62005E-1 1.02322E-1 5.04878E-2 1.18725E-2 1.77292E-3 4.93624E-3 2.25412E-2 1.19233E-1 3.11542E-1 2.17296E-1 5.19814E-2 3.05945E-2 2.02155E-2 8.42909E-3 5.64555E-3 2.52185E-3 2.2214E-3 2.19045E-3 2.57183E-3 4.36888E-3
-9999 -9999 -9999 -9999 -9999 -9999 -9999 -9999 -9999 -9999 -9999 -9999 -9999 -9999 -9999 -9999 -9999 -9999 -9999 -9999 -9999 -9999 -9999 6.60997E-1 7.42851E-1 8.7238E-1 8.57801E-1 8.23401E-1 8.49348E-1 7.74527E-1 8.29451E-1 8.6805E-1 8.83011E-1 7.32277E-1 9.36214E-1 9.30636E-1 9.60997E-1 8.81408E-1 7.88858E-1 7.10515E-1 9.63148E-1 9.22442E-1 7.2565E-1 7.65793E-1 4.67672E-1 3.91192E-1 3.35161E-1 2.50809E-1 2.27123E-1 1.61012E-1 9.9981E-2 9.31713E-2 7.81639E-2 3.40086E-2 8.80347E-3 6.45405E-4 5.32658E-3 3.17265E-2 1.52548E-1 3.16791E-1 2.02514E-1 4.78734E-2 1.20122E-2 6.92109E-3 4.99644E-3 4.69147E-3 1.10654E-2 7.34589E-3 5.96182E-3 1.75435E-2 7.69543E-3
-9999 -9999 -9999 -9999 -9999 -9999 -9999 -9999 -9999 -9999 -9999 -9999 -9999 -9999 -9999 -9999 -9999 -9999 -9999 -9999 -9999 -9999 -9999 7.48654E-1 6.80956E-1 6.70339E-1 7.82639E-1 6.16537E-1 7.32136E-1 8.24888E-1 7.89093E-1 7.63119E-1 9.14369E-1 9.1189E-1 8.97651E-1 8.6205E-1 9.06839E-1 9.26753E-1 9.42988E-1 9.58007E-1 9.28597E-1 9.2867E-1 8.7446E-1 5.76483E-1 6.12535E-1 4.48042E-1 6.01707E-1 3.46505E-1 2.21274E-1 1.50107E-1 1.18025E-1 8.69434E-2 4.57956E-2 1.9788E-2 6.95277E-3 1.19566E-3 4.7536E-3 2.16902E-2 1.43671E-1 2.08606E-1 2.6685E-1 7.68166E-2 1.35658E-2 7.63602E-3 1.34555E-2 4.77594E-2 3.57728E-2 2.65138E-2 5.0514E-2 3.28418E-2 1.43935E-2
-9999 -9999 -9999 -9999 -9999 -9999 -9999 -9999 -9999 -9999 -9999 -9999 -9999 -9999 -9999 -9999 -9999 -9999 -9999 -9999 -9999 -9999 -9999 -9999 -9999 6.24524E-1 6.56748E-1 6.71663E-1 5.87356E-1 8.09E-1 7.40989E-1 6.23122E-1 7.85948E-1 8.67801E-1 8.37782E-1 7.87012E-1 7.04433E-1 6.13126E-1 6.41926E-1 9.15653E-1 7.31181E-1 8.50602E-1 9.50424E-1 8.39161E-1 8.25928E-1 6.79716E-1 6.49347E-1 4.39744E-1 2.62962E-1 1.94774E-1 1.53378E-1 1.11575E-1 6.41722E-2 2.38276E-2 8.73569E-3 2.9757E-3 1.23363E-2 2.78045E-2 1.17194E-1 1.4742E-1 2.68787E-1 1.36627E-1 2.63276E-2 1.87648E-2 3.89417E-2 1.05131E-1 6.90829E-2 4.48582E-2 7.61148E-2 6.20265E-2 4.91243E-2
-9999 -9999 -9999 -9999 -9999 -9999 -9999 -9999 -9999 -9999 -9999 -9999 -9999 -9999 -9999 -9999 -9999 -9999 -9999 -9999 -9999 6.97059E-1 7.21815E-1 -9999 -9999 5.57651E-1 5.04818E-1 5.48777E-1 5.64949E-1 5.76569E-1 6.58573E-1 5.60264E-1 6.69212E-1 7.72826E-1 7.61137E-1 5.6293E-1 4.639E-1 4.47793E-1 4.70458E-1 6.73146E-1 4.97907E-1 5.88176E-1 8.20056E-1 9.35526E-1 7.99987E-1 6.59906E-1 5.58074E-1 2.21645E-1 2.75876E-1 2.30559E-1 1.64672E-1 1.21517E-1 6.0644E-2 1.84967E-2 8.78632E-3 3.53148E-3 1.46624E-2 5.25201E-2 1.12083E-1 1.98828E-1 1.8592E-1 1.95615E-1 5.72428E-2 1.16957E-1 1.3088E-1 1.40006E-1 1.08612E-1 8.21014E-2 3.81913E-2 2.00643E-2 4.55438E-2
-9999 -9999 -9999 -9999 -9999 -9999 -9999 -9999 -9999 -9999 -9999 -9999 -9999 -9999 -9999 -9999 -9999 -9999 -9999 -9999 -9999 5.36614E-1 5.18187E-1 5.63176E-1 5.61867E-1 5.14241E-1 4.54898E-1 3.93889E-1 5.05293E-1 4.61769E-1 4.54372E-1 4.5879E-1 5.14572E-1 6.78363E-1 7.64704E-1 5.97854E-1 4.48002E-1 2.79426E-1 2.87858E-1 3.8864E-1 2.30489E-1 3.46972E-1 5.67307E-1 8.44957E-1 6.44324E-1 3.07929E-1 2.57732E-1 1.85185E-1 2.227E-1 2.05885E-1 1.6208E-1 1.16908E-1 4.54147E-2 2.03315E-2 3.65421E-3 1.39219E-3 8.16271E-3 4.22455E-2 1.68835E-1 2.54808E-1 1.04638E-1 1.23357E-1 1.47994E-1 5.73505E-2 4.81661E-2 4.7535E-2 5.67736E-2 4.0715E-2 5.36598E-3 1.23486E-3 1.26365E-2
