ENM/Final_Models/M_2_F_lq_Set_1_E/Gustavia_santanderiensis_Choco_avg.asc
ncols         367
nrows         963
xllcorner     -78.6
yllcorner     0.65
cellsize      0.00833333333333323
NODATA_value  -9999
[rows 300 to 329 of 963, columns 201 to 267 of 367]
7.4371E-1 7.46317E-1 9.07216E-1 7.42347E-1 9.00639E-1 7.74773E-1 7.01065E-1 7.01175E-1 7.01794E-1 7.02164E-1 7.04804E-1 7.02952E-1 7.0388E-1 7.04338E-1 7.0372E-1 7.89336E-1 7.91497E-1 7.98627E-1 7.94832E-1 7.89967E-1 7.77338E-1 8.0389E-1 7.88424E-1 8.02362E-1 7.01363E-1 7.00929E-1 7.00998E-1 7.01442E-1 7.01344E-1 7.01229E-1 7.0681E-1 7.10989E-1 7.11252E-1 7.73612E-1 7.01275E-1 7.05385E-1 7.0657E-1 7.01225E-1 7.05649E-1 7.06713E-1 7.01188E-1 7.03292E-1 7.02821E-1 7.02956E-1 7.03113E-1 7.03064E-1 7.01338E-1 7.06195E-1 7.03488E-1 7.0374E-1 7.30913E-1 5.35092E-1 4.06061E-1 1.34221E-1 1.88389E-1 4.20199E-1 1.29891E-1 2.65439E-2 3.23373E-2 9.6086E-2 4.83763E-1 5.36377E-1 6.52611E-1 6.85486E-1 6.96434E-1 5.99609E-1 5.07832E-1
7.41582E-1 7.51089E-1 8.7574E-1 8.71232E-1 7.46124E-1 7.68095E-1 7.50764E-1 7.61411E-1 7.7964E-1 7.02096E-1 7.75127E-1 7.02225E-1 7.02769E-1 7.01338E-1 7.03422E-1 7.03326E-1 7.01419E-1 7.02139E-1 7.01258E-1 7.01315E-1 7.01117E-1 7.01365E-1 7.75102E-1 7.87886E-1 7.01489E-1 7.02759E-1 7.22095E-1 7.01145E-1 7.01151E-1 7.01161E-1 7.90737E-1 7.7677E-1 7.14009E-1 7.0987E-1 7.09136E-1 7.06347E-1 7.01268E-1 7.05808E-1 7.05409E-1 7.05545E-1 7.01041E-1 7.02383E-1 7.03054E-1 7.0275E-1 7.01496E-1 7.01501E-1 7.01098E-1 7.0108E-1 7.05873E-1 7.0402E-1 7.01541E-1 3.93938E-1 1.32859E-1 8.18267E-2 1.19256E-1 4.92051E-1 1.47683E-1 8.23292E-2 8.39776E-2 1.084E-1 3.53158E-1 6.82699E-1 6.55451E-1 6.97367E-1 7.00654E-1 6.98422E-1 6.4484E-1
7.48254E-1 7.46039E-1 8.84091E-1 8.78659E-1 7.62535E-1 7.60356E-1 7.54456E-1 7.66235E-1 7.69723E-1 7.57173E-1 7.04386E-1 7.04017E-1 7.02527E-1 7.01257E-1 7.79904E-1 7.76579E-1 7.92461E-1 7.014E-1 7.0314E-1 7.03303E-1 7.01104E-1 7.03179E-1 7.04112E-1 7.04503E-1 7.0096E-1 7.01284E-1 7.00835E-1 7.00947E-1 7.01055E-1 7.01163E-1 7.04566E-1 7.74871E-1 7.83658E-1 7.60226E-1 7.77955E-1 7.05379E-1 7.01064E-1 7.05942E-1 7.06019E-1 7.01099E-1 7.02402E-1 7.01181E-1 7.15536E-1 7.03187E-1 7.02988E-1 7.01066E-1 7.0114E-1 7.05287E-1 7.12327E-1 7.05624E-1 7.58152E-1 5.16113E-1 2.04968E-1 6.59116E-2 1.49E-1 5.3546E-1 4.45937E-1 2.93411E-1 1.40315E-1 2.9619E-1 5.80161E-1 6.94481E-1 6.87756E-1 6.93951E-1 7.05241E-1 6.96915E-1 6.72328E-1
7.45308E-1 7.38219E-1 7.4029E-1 7.39857E-1 8.99756E-1 7.46699E-1 7.67319E-1 7.71857E-1 7.79098E-1 7.67504E-1 7.02166E-1 7.02243E-1 7.76832E-1 7.74033E-1 7.79733E-1 7.70984E-1 7.9208E-1 7.84513E-1 7.04845E-1 7.05394E-1 7.02563E-1 7.67591E-1 7.80888E-1 7.01318E-1 7.02353E-1 7.02439E-1 7.28095E-1 7.02067E-1 7.01029E-1 7.05554E-1 7.0581E-1 7.04566E-1 7.06834E-1 7.06732E-1 7.04198E-1 7.04867E-1 7.05902E-1 7.01139E-1 7.05487E-1 7.00996E-1 7.01065E-1 7.01108E-1 7.02769E-1 7.02145E-1 7.01487E-1 7.01606E-1 7.01408E-1 7.04833E-1 7.06207E-1 7.05075E-1 7.47076E-1 7.78191E-1 6.59074E-1 5.95116E-1 6.67322E-1 6.96682E-1 6.04842E-1 1.63674E-1 1.4395E-1 3.97723E-1 6.84649E-1 6.89544E-1 6.95031E-1 7.02422E-1 6.76866E-1 6.57954E-1 6.61423E-1
7.00079E-1 7.3177E-1 7.40435E-1 7.43336E-1 7.39093E-1 8.74031E-1 7.64938E-1 7.60905E-1 7.73999E-1 7.59768E-1 7.00702E-1 7.00748E-1 9.22563E-1 9.2458E-1 9.1329E-1 7.46079E-1 7.57535E-1 7.89352E-1 7.02545E-1 7.03871E-1 7.02928E-1 7.02901E-1 7.02602E-1 7.01092E-1 7.01057E-1 7.01942E-1 7.2075E-1 7.22436E-1 7.00842E-1 7.05194E-1 7.04937E-1 7.04324E-1 7.053E-1 7.05181E-1 7.01069E-1 7.01001E-1 7.00921E-1 7.00947E-1 7.00941E-1 7.01098E-1 7.02726E-1 7.0215E-1 7.02512E-1 7.02275E-1 7.1353E-1 7.01297E-1 7.01059E-1 7.04726E-1 7.03221E-1 7.0409E-1 7.07037E-1 7.65611E-1 7.36707E-1 7.04599E-1 7.48167E-1 5.9641E-1 5.02227E-1 2.15201E-1 4.92236E-1 5.71243E-1 6.97344E-1 6.94678E-1 7.05478E-1 7.18383E-1 7.10119E-1 7.08506E-1 6.96535E-1
7.00773E-1 7.00066E-1 7.00559E-1 7.31354E-1 7.01697E-1 7.54237E-1 7.59604E-1 7.70854E-1 7.69857E-1 7.01436E-1 7.01226E-1 7.00562E-1 8.9322E-1 9.24711E-1 9.26972E-1 7.67381E-1 7.59291E-1 7.71416E-1 7.02573E-1 7.02073E-1 7.02205E-1 7.02229E-1 7.02506E-1 7.02406E-1 7.03716E-1 7.00611E-1 7.18875E-1 7.20376E-1 7.00714E-1 7.0081E-1 7.04788E-1 7.04834E-1 7.00968E-1 7.01048E-1 7.00796E-1 7.0104E-1 7.00953E-1 7.05133E-1 7.00899E-1 7.01792E-1 7.02137E-1 7.10392E-1 7.10305E-1 7.10398E-1 7.02164E-1 7.00878E-1 7.00653E-1 7.00732E-1 7.04159E-1 7.05841E-1 7.06407E-1 7.06985E-1 7.03881E-1 7.11667E-1 7.29333E-1 6.20289E-1 6.23055E-1 6.90681E-1 6.90791E-1 6.94888E-1 6.96689E-1 7.05891E-1 7.30101E-1 7.25744E-1 7.18466E-1 7.03771E-1 7.02892E-1
7.06631E-1 7.00745E-1 7.00749E-1 7.01853E-1 7.02058E-1 7.00854E-1 7.57664E-1 7.52914E-1 7.70382E-1 7.74411E-1 7.01185E-1 7.00866E-1 7.6669E-1 7.57217E-1 7.58982E-1 9.29438E-1 7.7259E-1 7.0103E-1 7.02304E-1 7.5251E-1 7.18936E-1 7.19489E-1 7.59468E-1 7.02235E-1 7.00592E-1 7.03592E-1 7.17053E-1 7.9728E-1 7.22638E-1 7.29525E-1 7.0441E-1 7.00841E-1 7.01219E-1 7.01229E-1 7.04921E-1 7.00921E-1 7.03769E-1 7.0393E-1 7.00722E-1 7.0202E-1 7.02313E-1 7.10136E-1 7.11583E-1 7.02217E-1 7.02269E-1 7.00783E-1 7.00602E-1 7.00561E-1 7.02666E-1 7.03068E-1 7.01919E-1 7.00554E-1 7.20829E-1 7.04636E-1 7.06277E-1 6.90997E-1 6.97652E-1 6.96451E-1 7.07428E-1 7.32476E-1 7.39749E-1 8.02174E-1 8.57877E-1 8.56482E-1 7.97289E-1 7.93469E-1 7.51348E-1
7.00934E-1 7.00857E-1 7.00911E-1 7.01022E-1 7.00854E-1 7.00981E-1 7.58233E-1 7.46775E-1 7.53268E-1 9.1853E-1 7.63573E-1 7.00692E-1 7.51381E-1 7.67088E-1 7.71726E-1 7.46992E-1 7.65071E-1 7.02166E-1 7.0195E-1 7.02056E-1 7.02077E-1 7.01962E-1 7.57789E-1 7.74134E-1 7.01014E-1 7.00569E-1 7.0072E-1 7.01667E-1 7.03534E-1 7.00727E-1 7.01255E-1 7.01258E-1 7.03653E-1 7.02425E-1 7.03421E-1 7.00747E-1 7.04291E-1 7.00876E-1 7.00748E-1 7.00831E-1 7.00953E-1 7.00923E-1 7.01048E-1 7.00907E-1 7.00889E-1 7.03818E-1 7.02809E-1 7.00522E-1 7.33217E-1 7.25141E-1 7.04262E-1 7.00597E-1 7.05217E-1 7.24397E-1 7.1496E-1 6.98506E-1 6.99464E-1 7.03578E-1 7.12378E-1 7.16042E-1 7.70633E-1 8.92608E-1 8.80566E-1 8.84159E-1 7.89484E-1 8.08237E-1 7.79623E-1
7.01073E-1 7.01327E-1 7.01358E-1 7.53967E-1 7.02054E-1 7.3816E-1 7.00662E-1 7.56077E-1 7.01514E-1 7.72091E-1 8.97766E-1 7.01312E-1 7.01896E-1 7.01421E-1 7.01568E-1 7.01434E-1 7.00794E-1 7.02291E-1 7.04202E-1 7.04688E-1 7.04518E-1 7.04515E-1 7.68372E-1 7.0247E-1 7.03371E-1 7.25267E-1 7.00582E-1 7.006E-1 7.03503E-1 7.03622E-1 7.01267E-1 7.04155E-1 7.05869E-1 7.05745E-1 7.006E-1 7.01324E-1 7.00719E-1 7.00747E-1 7.01616E-1 7.01922E-1 7.02122E-1 7.02085E-1 7.02152E-1 7.01911E-1 7.00892E-1 7.00837E-1 7.00658E-1 7.0081E-1 7.00611E-1 7.0072E-1 7.0292E-1 7.01889E-1 7.04788E-1 7.05281E-1 7.07352E-1 7.00507E-1 6.99368E-1 7.06689E-1 7.49251E-1 8.11892E-1 8.64191E-1 9.35714E-1 8.11415E-1 8.61129E-1 8.49894E-1 8.85021E-1 8.2284E-1
7.59112E-1 7.01364E-1 7.0289E-1 7.61217E-1 7.6999E-1 7.01716E-1 7.00951E-1 7.02217E-1 7.02341E-1 7.02678E-1 7.01687E-1 7.02973E-1 7.01537E-1 7.50636E-1 7.49836E-1 7.54936E-1 7.00887E-1 7.01784E-1 7.02301E-1 7.02079E-1 7.04432E-1 7.04486E-1 7.74678E-1 7.00939E-1 7.00519E-1 7.03483E-1 7.00455E-1 7.03265E-1 7.02927E-1 7.0129E-1 7.00973E-1 7.03614E-1 7.00519E-1 7.00467E-1 7.00483E-1 7.0052E-1 7.00681E-1 7.00586E-1 7.00674E-1 7.00846E-1 7.01756E-1 7.00833E-1 7.02067E-1 7.10256E-1 7.0202E-1 7.08595E-1 7.01644E-1 7.01608E-1 7.00914E-1 7.00771E-1 7.02701E-1 7.00675E-1 7.00444E-1 7.00397E-1 7.00435E-1 6.93831E-1 6.98639E-1 7.14736E-1 8.11269E-1 8.19592E-1 8.03539E-1 7.49975E-1 7.02198E-1 7.69957E-1 7.48973E-1 7.35691E-1 7.09524E-1
7.00984E-1 7.00911E-1 7.01202E-1 7.02952E-1 7.05044E-1 7.01203E-1 7.00864E-1 7.48707E-1 7.02108E-1 7.01164E-1 7.0069E-1 7.01409E-1 7.01109E-1 7.01132E-1 7.02343E-1 7.51335E-1 7.00608E-1 7.01358E-1 7.02189E-1 7.02566E-1 7.02499E-1 7.8554E-1 7.71862E-1 7.00817E-1 7.00485E-1 7.01326E-1 7.00491E-1 7.00422E-1 7.00484E-1 7.0049E-1 7.00582E-1 7.00967E-1 7.04494E-1 7.0116E-1 7.0125E-1 7.01339E-1 7.02738E-1 7.05297E-1 7.03268E-1 7.00761E-1 7.00708E-1 7.03832E-1 7.00937E-1 7.1014E-1 7.01544E-1 7.01658E-1 7.00541E-1 7.00569E-1 7.02524E-1 7.02279E-1 7.02672E-1 7.02154E-1 7.04068E-1 7.02225E-1 7.03496E-1 6.98871E-1 7.08817E-1 7.28605E-1 7.08061E-1 7.13816E-1 7.03194E-1 7.13509E-1 7.11987E-1 7.16555E-1 6.98754E-1 7.09168E-1 6.99672E-1
7.00762E-1 7.01013E-1 7.01011E-1 7.0145E-1 7.02179E-1 7.0238E-1 7.00672E-1 7.00872E-1 7.01047E-1 7.00685E-1 7.00547E-1 7.00339E-1 7.00499E-1 7.41313E-1 7.01495E-1 7.01558E-1 7.01421E-1 7.01625E-1 7.00361E-1 7.03843E-1 7.76519E-1 7.67719E-1 7.69316E-1 7.00842E-1 7.00434E-1 7.18621E-1 7.01037E-1 7.00493E-1 7.00506E-1 7.00502E-1 7.00494E-1 7.00919E-1 7.0517E-1 7.0593E-1 7.05162E-1 7.01072E-1 7.02664E-1 7.04199E-1 7.00608E-1 7.03217E-1 7.00674E-1 7.00745E-1 7.00805E-1 7.02001E-1 7.01718E-1 7.01062E-1 7.02372E-1 7.02749E-1 7.00521E-1 7.02802E-1 7.05447E-1 7.2693E-1 7.517E-1 7.48705E-1 7.26466E-1 7.05298E-1 7.03804E-1 7.06594E-1 7.09855E-1 7.00628E-1 5.64164E-1 6.14015E-1 7.05741E-1 7.07636E-1 6.99318E-1 6.76028E-1 6.64105E-1
7.00558E-1 7.00655E-1 7.01735E-1 7.01876E-1 7.01548E-1 7.00971E-1 7.00953E-1 7.00798E-1 7.00775E-1 7.00786E-1 7.0055E-1 7.00565E-1 7.00592E-1 7.01143E-1 7.00254E-1 7.00281E-1 7.68628E-1 7.01527E-1 7.02118E-1 7.02017E-1 7.72373E-1 7.8491E-1 7.83264E-1 7.00902E-1 7.00448E-1 7.01178E-1 7.00996E-1 7.00379E-1 7.00398E-1 7.02489E-1 7.00342E-1 7.00471E-1 7.00588E-1 7.01087E-1 7.01072E-1 7.0048E-1 7.02691E-1 7.02619E-1 7.00528E-1 7.02905E-1 7.00556E-1 7.00572E-1 7.00685E-1 7.00815E-1 7.01837E-1 7.01046E-1 7.03641E-1 7.03249E-1 7.00546E-1 7.01436E-1 6.97526E-1 6.87756E-1 7.19956E-1 7.53575E-1 8.08712E-1 7.09049E-1 7.04621E-1 6.9627E-1 6.7023E-1 6.00664E-1 2.85628E-1 4.30041E-1 6.20447E-1 7.47343E-1 6.98152E-1 6.81476E-1 6.90793E-1
7.00449E-1 7.0119E-1 7.00625E-1 7.00719E-1 7.01408E-1 7.00657E-1 7.00134E-1 7.01071E-1 7.00934E-1 7.01001E-1 7.00658E-1 7.00427E-1 7.00453E-1 7.00233E-1 7.0021E-1 7.00236E-1 7.00685E-1 7.00657E-1 7.00807E-1 7.00801E-1 7.82858E-1 7.73354E-1 7.71137E-1 7.02063E-1 7.02503E-1 7.02552E-1 7.00366E-1 7.0038E-1 7.00392E-1 7.00399E-1 7.00363E-1 7.00323E-1 7.00355E-1 7.00984E-1 7.01014E-1 7.00377E-1 7.00498E-1 7.00553E-1 7.02549E-1 7.00477E-1 7.02658E-1 7.02749E-1 7.00536E-1 7.00486E-1 7.00566E-1 7.00659E-1 7.00582E-1 7.00555E-1 7.00511E-1 7.01208E-1 6.9725E-1 6.65512E-1 5.50619E-1 6.54536E-1 6.71669E-1 7.9519E-1 7.03329E-1 7.01349E-1 7.03616E-1 6.96506E-1 5.90773E-1 7.01526E-1 7.01424E-1 7.01199E-1 6.98087E-1 6.92784E-1 6.95569E-1
7.02081E-1 7.01049E-1 7.01455E-1 7.01531E-1 7.00639E-1 7.00946E-1 7.01227E-1 7.01907E-1 7.0109E-1 7.01076E-1 7.00534E-1 7.00617E-1 7.00656E-1 7.00223E-1 7.00242E-1 7.00259E-1 7.00714E-1 7.00671E-1 7.00806E-1 7.00693E-1 7.67504E-1 7.74301E-1 7.61286E-1 7.0185E-1 7.02418E-1 7.00356E-1 7.00322E-1 7.00345E-1 7.02265E-1 7.03393E-1 7.00315E-1 7.00302E-1 7.02295E-1 7.02035E-1 7.02196E-1 7.00326E-1 7.02103E-1 7.00409E-1 7.03715E-1 7.57302E-1 7.51223E-1 7.59089E-1 7.00521E-1 7.02667E-1 7.00585E-1 7.00735E-1 7.00602E-1 7.00388E-1 7.00872E-1 7.00225E-1 6.9966E-1 7.10384E-1 6.95662E-1 6.98347E-1 7.49203E-1 8.30685E-1 7.0059E-1 7.01586E-1 7.01366E-1 6.97258E-1 6.98278E-1 6.98845E-1 6.89223E-1 6.94587E-1 6.93843E-1 6.91919E-1 6.98096E-1
7.01021E-1 7.01033E-1 7.00779E-1 7.01395E-1 7.00915E-1 7.01326E-1 7.02371E-1 7.01485E-1 7.00607E-1 7.00448E-1 7.00592E-1 7.00545E-1 7.00179E-1 7.00672E-1 7.00216E-1 7.00175E-1 7.00219E-1 7.00621E-1 7.01012E-1 7.00982E-1 7.00608E-1 7.76655E-1 7.70122E-1 9.33506E-1 7.01932E-1 7.02008E-1 7.00744E-1 7.00361E-1 7.00348E-1 7.00309E-1 7.00357E-1 7.00296E-1 7.00366E-1 7.00277E-1 7.01846E-1 7.01847E-1 7.0412E-1 7.02276E-1 7.02077E-1 7.60294E-1 7.53256E-1 7.02106E-1 7.02597E-1 7.02628E-1 7.00522E-1 7.00587E-1 7.00635E-1 7.07885E-1 7.00466E-1 7.00358E-1 7.02797E-1 7.01698E-1 6.99861E-1 7.01707E-1 7.01978E-1 7.01712E-1 7.01519E-1 6.996E-1 7.01415E-1 7.01265E-1 6.98849E-1 6.89834E-1 6.96557E-1 6.97889E-1 7.09876E-1 7.03783E-1 7.10482E-1
7.00423E-1 7.00621E-1 7.00566E-1 7.0028E-1 7.00727E-1 7.42283E-1 7.42366E-1 7.00704E-1 7.00925E-1 7.00948E-1 7.00158E-1 7.0017E-1 7.00426E-1 7.00176E-1 7.00486E-1 7.00504E-1 7.00467E-1 7.00226E-1 7.00562E-1 7.00289E-1 7.00693E-1 7.01665E-1 7.66452E-1 7.72926E-1 7.02014E-1 7.03436E-1 7.01732E-1 7.0061E-1 7.00827E-1 7.00338E-1 7.00552E-1 7.00335E-1 7.02064E-1 7.01928E-1 7.00309E-1 7.01769E-1 7.03376E-1 7.02372E-1 7.01917E-1 7.00587E-1 7.00572E-1 7.02483E-1 7.02529E-1 7.00409E-1 7.00433E-1 7.0048E-1 7.00628E-1 7.00923E-1 7.00821E-1 7.00873E-1 7.00529E-1 7.01167E-1 7.00389E-1 7.00567E-1 7.00747E-1 7.00682E-1 7.00833E-1 6.9383E-1 7.03175E-1 7.03647E-1 6.79024E-1 6.81934E-1 6.95207E-1 7.01674E-1 7.08482E-1 7.22215E-1 7.15042E-1
7.00639E-1 7.00442E-1 7.00087E-1 7.00424E-1 7.00551E-1 7.00914E-1 7.39103E-1 7.00647E-1 7.00136E-1 7.00908E-1 7.00175E-1 7.0011E-1 7.00701E-1 7.01637E-1 7.46018E-1 7.00631E-1 7.00614E-1 7.00588E-1 7.04313E-1 7.00706E-1 7.00249E-1 7.0164E-1 7.63545E-1 7.64356E-1 7.02946E-1 7.01476E-1 7.01765E-1 7.00521E-1 7.00323E-1 7.00804E-1 7.00338E-1 7.00667E-1 7.0159E-1 7.03447E-1 7.51595E-1 7.00543E-1 7.00568E-1 7.02235E-1 7.00349E-1 7.00401E-1 7.00515E-1 7.00383E-1 7.00384E-1 7.00372E-1 7.00462E-1 7.00422E-1 7.00906E-1 7.03908E-1 7.03799E-1 7.00949E-1 7.00468E-1 7.00466E-1 7.07802E-1 7.00713E-1 7.00036E-1 7.00607E-1 6.98639E-1 6.94641E-1 6.99827E-1 7.00933E-1 6.95253E-1 6.93459E-1 6.97975E-1 7.04251E-1 7.13896E-1 7.367E-1 7.47628E-1
7.00134E-1 7.00553E-1 7.00574E-1 7.00518E-1 7.00593E-1 7.00602E-1 7.00403E-1 7.00566E-1 7.00149E-1 7.00866E-1 7.00118E-1 7.00151E-1 7.00471E-1 7.00689E-1 7.61861E-1 7.00191E-1 7.00176E-1 7.00194E-1 7.05054E-1 7.00637E-1 7.00531E-1 7.01552E-1 7.01296E-1 7.01364E-1 7.02318E-1 7.00233E-1 7.01605E-1 7.01558E-1 7.00303E-1 7.00308E-1 7.00304E-1 7.00626E-1 7.0057E-1 7.01768E-1 7.51553E-1 7.01452E-1 7.01509E-1 7.01583E-1 7.00313E-1 7.00644E-1 7.0047E-1 7.00478E-1 7.00384E-1 7.00323E-1 7.01824E-1 7.00405E-1 7.00464E-1 7.00724E-1 7.00723E-1 7.00947E-1 7.00381E-1 7.00339E-1 7.00229E-1 7.00347E-1 7.00521E-1 6.981E-1 6.9181E-1 7.00134E-1 7.01131E-1 7.01457E-1 6.93545E-1 6.9552E-1 6.97163E-1 7.23392E-1 7.20214E-1 7.54012E-1 7.08735E-1
7.00701E-1 7.00714E-1 7.00653E-1 7.00476E-1 7.00573E-1 7.0057E-1 7.01263E-1 7.00745E-1 7.00413E-1 7.00355E-1 7.0008E-1 7.0009E-1 7.00746E-1 7.41751E-1 7.40515E-1 7.00548E-1 7.00892E-1 7.01168E-1 7.03652E-1 7.05088E-1 7.00444E-1 7.00266E-1 7.01348E-1 7.01344E-1 7.0252E-1 7.01485E-1 7.01102E-1 7.01633E-1 7.01588E-1 7.01632E-1 7.00304E-1 7.00645E-1 7.58259E-1 7.01487E-1 7.01665E-1 7.56125E-1 7.47837E-1 8.8447E-1 7.00399E-1 7.00499E-1 7.00514E-1 7.00672E-1 7.00602E-1 7.00331E-1 7.00342E-1 7.00501E-1 7.02145E-1 7.00457E-1 7.0046E-1 7.00693E-1 7.00197E-1 6.99733E-1 7.00323E-1 7.15301E-1 7.12639E-1 6.99517E-1 6.97821E-1 7.00992E-1 7.00803E-1 6.9899E-1 6.98671E-1 6.97639E-1 7.03493E-1 7.08251E-1 6.79978E-1 7.01083E-1 6.89296E-1
7.00729E-1 7.00631E-1 7.00717E-1 7.00665E-1 7.00615E-1 7.01304E-1 7.01073E-1 7.00798E-1 7.00406E-1 7.00286E-1 7.00314E-1 7.00692E-1 7.00259E-1 7.00376E-1 7.58071E-1 7.00474E-1 7.00546E-1 7.01117E-1 7.03179E-1 7.03745E-1 7.00453E-1 7.00565E-1 7.01479E-1 7.01368E-1 7.01294E-1 7.01503E-1 7.01474E-1 7.01084E-1 7.00546E-1 7.00548E-1 7.00566E-1 7.0049E-1 7.00634E-1 7.47775E-1 7.01448E-1 7.0151E-1 7.6321E-1 9.12717E-1 7.5493E-1 7.00636E-1 7.00639E-1 7.0059E-1 7.0061E-1 7.00668E-1 7.00354E-1 7.00662E-1 7.00362E-1 7.00654E-1 7.00631E-1 7.00509E-1 7.00346E-1 7.07375E-1 7.0508E-1 7.06685E-1 7.0898E-1 6.99658E-1 6.97405E-1 7.00292E-1 6.99943E-1 7.03979E-1 7.01834E-1 7.00737E-1 7.02005E-1 7.20728E-1 7.29955E-1 7.14861E-1 6.81502E-1
7.00126E-1 7.0012E-1 7.00124E-1 7.0038E-1 7.00371E-1 7.00576E-1 7.33994E-1 7.00417E-1 7.00351E-1 7.00268E-1 7.00291E-1 7.00152E-1 7.00322E-1 7.00799E-1 7.51968E-1 7.48193E-1 8.99272E-1 7.5368E-1 7.00167E-1 7.00482E-1 7.00421E-1 7.02622E-1 7.02585E-1 7.02515E-1 7.00187E-1 7.0047E-1 7.00459E-1 7.00419E-1 7.00437E-1 7.00417E-1 7.00191E-1 7.00199E-1 7.0044E-1 7.0047E-1 7.44939E-1 7.42446E-1 7.48382E-1 7.56348E-1 7.52289E-1 7.47257E-1 7.00472E-1 7.00481E-1 7.00477E-1 7.00453E-1 7.00538E-1 7.00356E-1 7.00619E-1 7.00273E-1 7.01577E-1 7.00182E-1 6.99804E-1 6.99801E-1 7.20482E-1 7.01075E-1 7.00955E-1 6.99759E-1 7.0042E-1 7.00521E-1 7.00202E-1 7.03367E-1 7.02754E-1 7.02021E-1 6.93844E-1 6.95621E-1 7.09484E-1 6.91507E-1 6.90027E-1
7.00094E-1 7.00109E-1 7.00116E-1 7.00115E-1 7.00113E-1 7.00075E-1 7.00113E-1 7.00293E-1 7.00534E-1 7.0029E-1 7.0004E-1 7.36479E-1 7.00597E-1 7.41413E-1 7.35077E-1 7.48817E-1 7.48634E-1 7.0088E-1 7.00843E-1 7.00415E-1 7.00464E-1 7.00159E-1 7.0109E-1 7.01031E-1 7.00883E-1 7.00138E-1 7.00377E-1 7.02535E-1 7.00416E-1 7.00361E-1 7.00365E-1 7.01135E-1 7.00249E-1 7.36275E-1 7.4673E-1 7.43308E-1 7.40361E-1 7.47745E-1 7.38311E-1 7.45688E-1 7.44353E-1 7.00359E-1 7.00366E-1 7.01636E-1 7.00516E-1 7.00267E-1 7.00274E-1 7.01503E-1 7.01256E-1 7.01194E-1 7.02441E-1 7.02981E-1 7.00561E-1 7.00441E-1 7.00408E-1 7.00229E-1 7.00204E-1 7.00081E-1 7.0011E-1 6.98162E-1 6.98267E-1 6.94942E-1 6.94868E-1 6.95569E-1 6.99451E-1 6.90844E-1 6.91772E-1
7.00327E-1 7.00385E-1 7.00771E-1 7.00559E-1 7.0007E-1 7.0005E-1 7.00605E-1 7.00549E-1 7.00639E-1 7.00108E-1 7.00108E-1 7.51436E-1 7.00505E-1 7.00903E-1 8.67475E-1 7.49027E-1 7.4513E-1 7.01384E-1 7.11123E-1 7.68766E-1 7.02444E-1 7.0017E-1 7.01069E-1 7.01077E-1 7.0021E-1 7.00316E-1 7.00167E-1 7.00238E-1 7.00342E-1 7.00075E-1 7.00402E-1 7.0054E-1 7.39722E-1 7.01004E-1 7.44338E-1 7.47204E-1 7.40071E-1 7.40489E-1 7.39614E-1 8.73775E-1 7.44666E-1 7.00363E-1 7.00368E-1 7.01402E-1 7.00258E-1 7.00297E-1 7.01414E-1 7.01366E-1 7.00298E-1 7.01355E-1 7.02594E-1 7.48528E-1 7.02182E-1 7.04023E-1 7.03462E-1 7.00199E-1 7.00172E-1 6.99496E-1 6.98357E-1 6.9984E-1 6.97702E-1 6.89542E-1 6.53089E-1 6.82097E-1 7.03489E-1 7.09475E-1 6.99892E-1
7.00099E-1 7.00095E-1 7.00631E-1 7.00507E-1 7.0044E-1 7.00068E-1 7.0009E-1 7.00532E-1 7.00641E-1 7.00729E-1 7.00162E-1 7.00393E-1 7.0058E-1 7.48832E-1 8.75589E-1 7.50441E-1 7.47017E-1 7.01063E-1 7.0068E-1 7.68674E-1 7.00376E-1 7.00158E-1 7.00189E-1 7.00188E-1 7.00192E-1 7.00159E-1 7.00345E-1 7.00148E-1 7.00335E-1 7.00131E-1 7.00927E-1 7.00428E-1 7.00745E-1 7.00523E-1 7.29945E-1 8.8826E-1 7.42099E-1 7.38291E-1 7.36592E-1 8.80534E-1 7.35643E-1 7.00341E-1 7.0032E-1 7.01103E-1 7.00983E-1 7.00264E-1 7.00249E-1 7.01324E-1 7.00329E-1 7.00208E-1 7.02804E-1 7.02744E-1 7.004E-1 6.9995E-1 7.00464E-1 6.9865E-1 6.96182E-1 7.03377E-1 7.01094E-1 7.02393E-1 6.98415E-1 6.97202E-1 6.72212E-1 6.90359E-1 6.98184E-1 6.89755E-1 6.97517E-1
7.00092E-1 7.00129E-1 7.00409E-1 7.00499E-1 7.00316E-1 7.00383E-1 7.00514E-1 7.00455E-1 7.00091E-1 7.00659E-1 7.00683E-1 7.00159E-1 7.00293E-1 7.00438E-1 7.01234E-1 7.00629E-1 7.00502E-1 7.00631E-1 7.0054E-1 7.00351E-1 7.00483E-1 7.00392E-1 7.0015E-1 7.00154E-1 7.00184E-1 7.0055E-1 7.00454E-1 7.00373E-1 7.00299E-1 7.00034E-1 7.00666E-1 7.01733E-1 7.00721E-1 7.00726E-1 7.34166E-1 7.3477E-1 7.37139E-1 7.38491E-1 7.35375E-1 7.39937E-1 7.31808E-1 7.01334E-1 7.01206E-1 7.01322E-1 7.00866E-1 6.99825E-1 7.00078E-1 7.00193E-1 7.00197E-1 7.00233E-1 7.00211E-1 7.02237E-1 6.99555E-1 7.00134E-1 6.94105E-1 6.92908E-1 6.92795E-1 6.62019E-1 6.06848E-1 6.85344E-1 7.15407E-1 6.78141E-1 6.78968E-1 6.8014E-1 6.93355E-1 6.94382E-1 6.88256E-1
7.00405E-1 7.00405E-1 6.99997E-1 6.99506E-1 6.9847E-1 6.99771E-1 7.00197E-1 7.00495E-1 7.00224E-1 6.99995E-1 7.00104E-1 7.00045E-1 7.00358E-1 7.00329E-1 7.00135E-1 7.33366E-1 7.00458E-1 7.00554E-1 7.00691E-1 7.00793E-1 7.00141E-1 7.00265E-1 7.00176E-1 7.00132E-1 7.00181E-1 7.00435E-1 7.02285E-1 7.03288E-1 7.03588E-1 7.00709E-1 7.00756E-1 7.0071E-1 7.00276E-1 7.36096E-1 7.3776E-1 7.38453E-1 7.39688E-1 7.01568E-1 7.33059E-1 7.40503E-1 7.3901E-1 7.01551E-1 7.01456E-1 7.01523E-1 7.0155E-1 7.0075E-1 7.0112E-1 7.00986E-1 7.00111E-1 7.00119E-1 6.99085E-1 7.00689E-1 6.99154E-1 6.97432E-1 6.96488E-1 6.75818E-1 4.93362E-1 2.11478E-1 5.15739E-1 7.1482E-1 6.99839E-1 6.97693E-1 6.96063E-1 6.81765E-1 6.89904E-1 6.93718E-1 6.83885E-1
7.00204E-1 7.00146E-1 7.00493E-1 7.00453E-1 6.99294E-1 7.00132E-1 7.00404E-1 7.00443E-1 7.00457E-1 7.00496E-1 7.00051E-1 7.00059E-1 7.00488E-1 7.00445E-1 7.3969E-1 7.33651E-1 7.47126E-1 7.47869E-1 7.00686E-1 7.00717E-1 7.00118E-1 7.00808E-1 7.00859E-1 7.0049E-1 7.0035E-1 7.00425E-1 7.02699E-1 7.02421E-1 7.00339E-1 7.0028E-1 7.00129E-1 7.00775E-1 7.36339E-1 7.44311E-1 8.71505E-1 7.33907E-1 7.44135E-1 7.34799E-1 7.00732E-1 7.00846E-1 7.00152E-1 7.00313E-1 7.01511E-1 7.01547E-1 7.01005E-1 7.00905E-1 7.01124E-1 7.0019E-1 7.00338E-1 7.00325E-1 7.0011E-1 6.99438E-1 6.99005E-1 6.99269E-1 7.40681E-1 6.8602E-1 5.38648E-1 4.13064E-1 7.11375E-1 7.07701E-1 6.99644E-1 7.07538E-1 7.02947E-1 7.35161E-1 7.49399E-1 7.16059E-1 6.87343E-1
6.99207E-1 7.0021E-1 7.00508E-1 7.00496E-1 7.00242E-1 7.0014E-1 7.00177E-1 7.00289E-1 7.00431E-1 7.00068E-1 7.00009E-1 6.9999E-1 7.00389E-1 7.00558E-1 7.00108E-1 7.30137E-1 7.29948E-1 7.306E-1 7.00401E-1 7.00478E-1 7.00741E-1 7.00908E-1 7.0012E-1 7.00167E-1 7.00169E-1 7.01287E-1 7.00394E-1 7.00945E-1 7.01051E-1 7.00132E-1 7.00127E-1 7.00842E-1 7.36526E-1 7.42397E-1 7.3538E-1 7.34244E-1 7.31326E-1 7.0114E-1 7.3042E-1 7.00838E-1 7.00158E-1 7.00149E-1 7.00888E-1 7.00945E-1 7.01241E-1 7.01329E-1 7.01033E-1 7.01031E-1 7.00219E-1 7.00438E-1 7.0016E-1 7.00147E-1 7.00345E-1 6.99073E-1 7.15638E-1 6.54181E-1 6.01064E-1 7.02932E-1 6.95493E-1 6.98839E-1 7.08328E-1 7.08294E-1 7.46309E-1 7.79758E-1 8.63986E-1 8.92822E-1 8.24198E-1
6.9848E-1 6.9991E-1 7.0024E-1 6.99742E-1 6.99657E-1 7.00112E-1 7.00675E-1 6.9957E-1 7.00095E-1 7.00051E-1 7.00075E-1 7.00084E-1 7.0047E-1 7.0087E-1 7.00393E-1 7.0049E-1 7.00004E-1 7.00677E-1 7.00787E-1 7.00735E-1 7.00619E-1 7.00761E-1 7.00378E-1 7.00049E-1 7.00099E-1 7.01237E-1 7.03076E-1 7.00222E-1 7.0074E-1 7.00242E-1 7.00245E-1 7.41618E-1 7.35602E-1 7.39837E-1 7.3986E-1 7.31782E-1 8.59585E-1 7.31722E-1 7.34834E-1 7.01348E-1 7.35106E-1 7.00265E-1 7.00944E-1 7.00745E-1 7.00785E-1 7.01152E-1 7.01177E-1 7.01641E-1 7.01271E-1 7.01427E-1 7.00553E-1 7.00078E-1 6.97835E-1 6.93767E-1 6.92378E-1 6.61613E-1 6.62068E-1 6.9313E-1 6.99373E-1 6.99987E-1 7.29097E-1 7.85983E-1 7.32084E-1 7.28238E-1 8.27959E-1 7.9322E-1 7.51789E-1
