ENM/Final_Models/M_2_F_lq_Set_1_E/Gustavia_santanderiensis_4_Choco.asc
ncols         367
nrows         963
xllcorner     -78.6
yllcorner     0.65
cellsize      0.00833333333333323
NODATA_value  -9999
[rows 759 to 791 of 963, columns 148 to 221 of 367]
1.65618E-5 1.23695E-5 9.27561E-6 8.45585E-6 5.15094E-6 1.7943E-5 5.10691E-5 2.02456E-5 2.94127E-5 3.1942E-6 3.43931E-6 5.88176E-5 1.05129E-4 5.88396E-4 1.50339E-3 2.67264E-2 1.10219E-2 5.94189E-3 3.49123E-3 2.12573E-4 3.88645E-5 1.6544E-5 2.5218E-5 1.76573E-5 1.14659E-5 8.45742E-6 7.36539E-6 1.02588E-5 9.28172E-6 2.17247E-5 2.27901E-5 3.1292E-5 1.21759E-5 2.32658E-5 3.15039E-5 2.51185E-5 4.5338E-6 3.53818E-5 4.71988E-5 8.08381E-4 2.14666E-3 3.07466E-4 2.51533E-5 4.68391E-4 1.13616E-4 1.06793E-3 3.5447E-3 1.82506E-3 2.27685E-4 9.26834E-4 3.70621E-3 2.33567E-2 -9999 6.88895E-2 6.57132E-2 -9999 -9999 -9999 -9999 -9999 -9999 -9999 -9999 -9999 -9999 -9999 -9999 -9999 -9999 1.08168E-2 4.19249E-3 2.84653E-3 1.74837E-3 3.92803E-5
1.247E-5 1.15767E-5 1.54739E-5 1.42608E-5 8.33156E-6 7.05655E-6 1.50704E-5 6.27266E-5 3.74657E-5 2.27593E-5 1.17364E-5 2.05315E-5 9.45637E-4 3.15461E-4 6.23921E-4 2.19537E-2 1.34917E-2 2.60853E-3 1.11967E-3 7.36741E-4 6.40574E-5 5.47711E-5 2.18925E-5 2.13423E-5 1.49004E-5 7.54944E-6 6.98995E-6 1.04432E-5 1.33292E-5 1.70644E-5 1.9499E-5 1.95492E-5 8.84124E-6 2.52621E-5 1.15627E-5 2.49222E-5 2.23688E-5 2.54832E-5 6.86619E-5 5.36811E-4 3.84357E-3 4.56275E-3 2.92732E-3 1.80032E-3 8.67412E-4 3.95042E-3 6.90604E-3 1.42031E-3 4.33536E-4 1.51038E-3 6.38944E-3 2.48759E-2 -9999 8.2509E-2 1.16701E-1 -9999 -9999 -9999 -9999 -9999 -9999 -9999 2.93878E-2 4.6633E-2 6.97769E-2 3.63222E-2 4.75371E-2 3.16626E-2 2.82614E-2 6.07663E-3 7.36107E-3 5.37881E-3 4.18168E-3 4.35581E-4
4.51403E-6 8.52857E-6 1.85502E-5 1.01123E-5 1.69409E-5 1.0075E-5 4.76496E-6 1.02729E-4 8.75382E-5 8.48952E-5 2.74868E-5 5.08785E-5 6.71365E-4 2.34971E-4 3.55416E-3 1.91483E-2 1.24019E-2 1.26248E-3 2.20113E-4 1.5543E-3 7.81809E-5 5.21319E-5 2.67805E-5 1.79395E-5 1.23314E-5 1.24117E-5 9.48298E-6 9.21742E-6 1.05993E-5 1.34893E-5 1.51964E-5 1.36669E-5 1.13806E-5 1.68496E-5 2.0169E-5 3.31246E-5 3.55888E-5 3.87788E-5 5.63438E-5 3.59998E-4 1.39444E-3 1.95831E-3 1.05393E-2 1.25503E-2 1.71383E-2 2.57498E-2 1.38699E-2 5.21342E-4 9.69323E-4 1.70992E-3 1.7232E-2 -9999 -9999 -9999 -9999 -9999 -9999 -9999 -9999 -9999 1.05822E-1 8.8944E-2 7.37379E-2 3.8945E-2 -9999 -9999 -9999 3.00402E-2 1.39294E-2 1.20481E-2 9.20981E-3 8.6575E-3 5.15757E-3 2.93047E-3
6.96012E-6 8.95116E-6 1.34163E-5 1.2428E-5 2.46052E-5 1.06418E-4 3.24614E-4 7.10108E-4 1.9214E-3 2.19781E-3 3.83578E-3 4.14211E-3 5.80763E-3 8.25725E-3 7.63104E-3 2.08104E-2 6.44599E-3 2.94956E-3 3.10854E-4 9.06213E-5 5.41351E-5 5.88811E-5 2.86428E-5 1.67583E-5 1.22331E-5 7.8545E-6 7.03554E-6 1.19816E-5 9.63598E-6 1.07468E-5 1.27409E-5 1.4449E-5 1.7064E-5 1.40223E-5 1.17192E-5 1.26352E-5 3.62789E-5 3.68884E-5 2.37474E-5 7.91816E-5 1.90691E-4 1.72239E-4 1.33278E-3 2.47776E-3 2.57771E-3 -9999 -9999 4.05898E-3 3.75675E-3 7.22443E-3 3.2731E-2 -9999 -9999 -9999 -9999 -9999 -9999 -9999 -9999 -9999 -9999 -9999 -9999 -9999 -9999 -9999 -9999 -9999 4.47419E-2 3.3018E-2 1.47663E-2 1.01739E-2 6.20183E-3 4.83644E-3
6.05919E-6 9.30225E-6 2.19972E-5 9.6766E-6 4.38031E-5 4.94722E-4 6.52538E-4 2.8666E-4 5.13914E-4 3.49211E-4 1.33532E-3 8.66892E-4 9.92848E-4 2.33851E-3 6.88381E-3 1.22392E-2 5.73385E-3 7.10525E-4 1.2915E-4 1.6997E-5 3.43593E-5 2.9532E-5 1.86857E-5 9.3535E-6 9.3971E-6 6.81056E-6 6.07234E-6 8.27931E-6 1.1155E-5 1.89355E-5 2.30902E-5 1.01913E-5 1.13343E-5 8.72886E-6 2.80839E-5 4.37901E-5 4.0249E-5 6.39915E-5 4.43545E-5 2.06954E-4 1.84074E-4 3.12953E-4 4.95659E-4 1.79705E-3 4.71442E-3 -9999 -9999 -9999 2.05591E-2 1.58687E-2 6.17224E-2 -9999 -9999 -9999 -9999 -9999 -9999 -9999 -9999 -9999 -9999 -9999 -9999 -9999 -9999 -9999 -9999 -9999 -9999 5.06741E-2 2.98352E-2 1.72026E-2 1.54955E-2 1.17845E-2
4.7178E-6 1.55637E-5 1.27723E-5 1.48165E-5 1.57863E-5 8.6077E-5 2.54265E-4 3.44247E-5 7.01573E-5 4.78576E-5 6.94691E-5 7.31823E-5 2.68132E-4 1.90583E-3 5.38066E-3 1.31555E-2 4.06315E-3 8.66475E-5 8.91406E-6 4.18491E-5 1.40728E-5 1.25349E-5 1.09233E-5 7.31576E-6 7.48836E-6 6.49784E-6 9.10572E-6 8.92928E-6 1.05555E-5 1.12925E-5 1.10729E-5 4.05111E-5 1.63769E-5 1.99751E-5 1.76298E-5 5.58736E-5 8.69856E-5 1.10355E-4 1.99464E-4 1.38139E-4 4.96036E-4 1.13704E-3 6.54844E-4 3.26621E-3 1.61127E-2 2.4866E-2 -9999 -9999 5.43642E-3 6.76814E-3 -9999 -9999 -9999 -9999 -9999 -9999 -9999 -9999 -9999 -9999 -9999 -9999 1.91374E-2 1.8257E-2 1.28336E-2 1.85774E-2 1.57036E-2 -9999 -9999 1.89932E-2 1.3531E-2 1.29666E-2 5.61349E-3 5.14639E-3
4.9653E-6 1.76862E-5 3.08788E-5 5.09315E-5 6.09348E-5 4.97002E-5 1.7838E-5 1.10591E-5 3.9332E-6 3.00519E-6 5.2568E-6 1.13444E-5 2.2976E-5 8.33968E-4 6.53338E-3 1.00061E-2 1.65013E-3 4.55472E-5 7.09814E-6 3.30875E-5 1.319E-5 1.44397E-5 1.87778E-5 7.09698E-6 7.88623E-6 8.05787E-6 1.65705E-5 1.34375E-5 1.58388E-5 8.26238E-6 1.00455E-5 1.75603E-5 2.49762E-5 2.32105E-5 6.24712E-5 2.11589E-4 1.93118E-4 4.9883E-4 1.54774E-4 3.1895E-4 3.65933E-4 1.80426E-3 1.38556E-3 5.68076E-3 2.23613E-2 4.757E-2 -9999 -9999 5.54582E-3 2.73314E-2 -9999 -9999 -9999 -9999 -9999 -9999 -9999 -9999 -9999 -9999 -9999 2.9993E-2 2.74432E-2 3.00125E-2 2.14455E-2 2.35086E-2 1.69429E-2 6.48183E-3 4.32314E-3 1.78286E-2 5.9442E-3 2.71323E-3 1.45069E-3 4.3198E-3
8.67643E-6 8.21026E-6 1.00944E-5 1.52282E-4 2.89487E-5 1.3248E-5 2.60223E-6 4.86598E-6 7.13334E-6 5.82007E-6 5.31514E-6 9.42178E-6 2.37855E-5 8.32306E-4 8.07875E-3 1.10904E-2 1.84026E-3 1.28728E-4 4.84878E-5 5.86859E-6 6.16289E-5 1.30064E-5 7.85043E-6 1.39339E-5 1.21518E-5 9.44659E-6 1.80311E-5 1.62868E-5 1.50594E-5 8.63791E-6 9.65029E-6 1.57936E-5 5.6675E-5 5.32487E-5 5.25379E-5 8.5537E-5 8.46803E-4 1.25961E-3 7.90197E-4 4.7259E-4 1.17797E-3 3.98321E-3 1.24659E-3 4.30363E-3 2.31446E-2 -9999 -9999 -9999 4.11326E-3 -9999 -9999 -9999 -9999 -9999 -9999 -9999 -9999 -9999 -9999 -9999 -9999 -9999 -9999 -9999 1.97818E-2 1.54041E-2 1.60815E-2 9.01445E-3 6.25287E-3 6.22721E-3 2.62108E-3 1.51588E-3 2.46651E-4 1.35819E-3
4.02627E-6 5.15793E-6 2.55822E-5 5.34848E-5 1.79186E-5 1.29357E-5 3.00267E-6 8.59392E-6 6.19282E-6 1.08231E-5 7.37979E-6 1.69435E-5 1.85788E-5 3.05654E-4 3.03994E-3 1.05782E-2 4.95053E-3 2.13834E-3 1.55727E-3 1.35988E-4 1.20031E-5 5.37714E-5 2.96122E-5 1.70313E-5 1.63432E-5 2.37064E-5 4.69152E-5 8.324E-6 1.62625E-5 1.69374E-5 2.83632E-5 3.01601E-5 3.61076E-4 1.11669E-3 1.11755E-3 1.52196E-4 9.69623E-4 1.64338E-3 1.66329E-3 1.86717E-3 4.04309E-3 9.30105E-3 9.27845E-3 1.59212E-2 2.45662E-2 -9999 -9999 6.73885E-3 1.9999E-2 -9999 -9999 -9999 -9999 -9999 -9999 -9999 -9999 -9999 -9999 -9999 -9999 -9999 -9999 1.84744E-2 2.09942E-2 1.41622E-2 1.09467E-2 7.03204E-3 4.38835E-3 1.91453E-3 1.20676E-3 8.32502E-4 2.13369E-4 1.2051E-5
2.71145E-6 2.86796E-6 1.75037E-5 1.41316E-5 1.18634E-5 1.05621E-5 4.14872E-6 1.4658E-5 1.10658E-5 2.6109E-6 5.58751E-6 2.54419E-5 1.1247E-4 4.76437E-4 7.67081E-3 8.58257E-3 1.6316E-3 1.06272E-4 1.14559E-4 1.18271E-4 1.00046E-5 1.55234E-5 1.29599E-5 6.7759E-6 1.38923E-5 2.55506E-6 1.1832E-5 3.26577E-5 1.80019E-5 1.16836E-4 8.48514E-5 6.3441E-5 2.72845E-4 1.45619E-3 1.64756E-3 2.27124E-3 1.27784E-3 2.4856E-3 1.0506E-2 6.10985E-3 5.24133E-3 4.49446E-3 5.04847E-3 3.70434E-3 1.99373E-2 -9999 -9999 1.6185E-2 -9999 -9999 -9999 -9999 -9999 -9999 -9999 -9999 -9999 -9999 -9999 -9999 -9999 2.33032E-2 2.38348E-2 2.71334E-2 1.81903E-2 1.3042E-2 7.0337E-3 3.66582E-3 1.23889E-3 1.94391E-3 3.6248E-4 4.58302E-5 3.29757E-5 3.36643E-5
3.86345E-6 7.16383E-6 3.59387E-6 3.73086E-6 2.67168E-6 3.08428E-6 2.31206E-6 2.35765E-5 7.57648E-6 1.0619E-5 5.02008E-6 2.51533E-5 2.29054E-4 2.62498E-3 7.72538E-3 2.47388E-3 3.96107E-4 4.03866E-5 2.41656E-5 5.59638E-6 3.99485E-6 5.59315E-6 1.05765E-5 1.14379E-5 1.44658E-5 2.88854E-5 8.6701E-6 1.06862E-5 5.68915E-5 2.07932E-4 3.81774E-5 6.60939E-4 2.34641E-4 3.10715E-4 2.12943E-3 2.18471E-3 2.0089E-3 2.1947E-3 1.72284E-2 6.45208E-3 1.24124E-2 1.5601E-2 6.19875E-3 1.21023E-2 -9999 -9999 -9999 -9999 -9999 -9999 -9999 -9999 -9999 -9999 -9999 -9999 -9999 -9999 -9999 -9999 3.93851E-2 2.25512E-2 3.403E-2 2.59308E-2 2.01325E-2 1.0946E-2 2.00896E-2 1.02575E-2 1.94189E-3 3.70731E-4 2.94782E-5 4.98085E-5 6.78414E-5 6.48832E-5
4.41933E-6 4.80543E-6 7.00073E-6 5.44338E-6 4.30728E-6 2.77649E-6 6.58177E-6 2.41573E-5 1.35205E-5 1.88583E-5 3.60973E-5 4.02227E-5 5.0503E-4 5.44833E-3 3.94399E-3 1.07862E-3 2.56866E-4 2.93698E-5 4.08954E-5 1.56412E-5 1.33005E-5 8.66654E-6 1.07205E-5 1.27536E-5 1.74403E-5 2.62764E-5 3.60756E-5 8.24196E-6 5.15597E-5 3.90664E-5 3.17993E-5 2.61314E-4 1.97779E-3 4.42148E-4 2.93349E-3 4.26538E-3 1.47368E-3 3.01497E-3 6.32554E-3 7.56097E-3 2.0637E-2 -9999 -9999 2.71245E-2 -9999 -9999 -9999 -9999 -9999 -9999 -9999 -9999 -9999 -9999 -9999 -9999 -9999 -9999 -9999 -9999 3.77296E-2 3.50174E-2 2.91829E-2 1.54182E-2 1.22406E-2 1.29523E-2 3.37156E-2 1.30945E-2 5.28413E-3 2.60963E-3 2.64656E-4 8.04024E-5 2.14041E-4 9.13612E-4
1.98781E-6 2.78375E-6 4.62054E-6 3.334E-6 3.67262E-6 3.11548E-6 4.99142E-6 9.06264E-6 9.2601E-6 1.86383E-5 5.58819E-4 1.08536E-3 2.1527E-3 1.27808E-3 8.10137E-4 2.59826E-3 1.23683E-3 4.09374E-5 4.18686E-5 2.07148E-5 2.61035E-5 1.33349E-5 1.4412E-5 1.1971E-5 1.67152E-5 4.74967E-6 3.49826E-6 5.44642E-5 4.18874E-4 4.97677E-4 1.25035E-4 4.44802E-5 1.16234E-3 4.46766E-3 4.64449E-3 1.13858E-2 1.62831E-2 2.19041E-2 -9999 1.37531E-2 3.02503E-2 -9999 -9999 5.15917E-2 -9999 -9999 -9999 -9999 -9999 -9999 -9999 -9999 -9999 -9999 -9999 -9999 -9999 -9999 -9999 -9999 -9999 -9999 3.42891E-2 2.90519E-2 2.3084E-2 1.97326E-2 1.47494E-2 8.5233E-3 1.10959E-2 3.16606E-3 4.2916E-3 1.06474E-3 2.69836E-3 3.98861E-3
3.16532E-6 1.638E-6 3.78812E-6 3.62848E-6 1.69754E-6 2.95297E-6 1.76388E-6 1.94897E-6 1.40272E-5 1.13921E-4 5.72323E-4 3.32564E-4 1.68523E-3 2.74101E-4 1.69315E-4 1.10385E-3 8.07661E-4 1.52658E-4 6.88387E-6 1.05993E-5 1.13876E-5 1.13034E-5 1.64552E-5 8.83512E-6 9.22406E-6 1.01955E-5 2.56744E-5 1.61783E-4 3.28065E-4 2.6775E-4 1.77232E-3 1.9576E-3 3.73803E-3 1.11831E-2 1.48768E-2 1.9027E-2 2.51403E-2 -9999 -9999 -9999 4.60924E-2 -9999 -9999 -9999 -9999 -9999 -9999 -9999 -9999 -9999 -9999 -9999 -9999 -9999 -9999 -9999 -9999 -9999 -9999 -9999 -9999 -9999 -9999 3.02397E-2 3.90543E-2 2.9887E-2 8.21801E-3 5.54405E-3 1.77104E-2 6.16507E-3 6.49489E-3 5.52011E-3 3.29354E-3 8.04316E-3
2.91264E-6 3.86627E-6 3.16946E-6 1.34543E-6 1.88089E-6 3.02553E-6 3.02053E-6 1.31929E-5 5.94387E-5 1.82878E-4 1.15841E-4 8.78953E-5 9.17259E-4 1.5957E-4 4.87516E-5 5.13436E-4 8.35367E-4 1.47911E-4 2.4304E-5 9.64125E-6 1.36268E-5 1.63519E-5 1.9284E-5 1.19672E-5 8.73243E-6 1.87117E-6 2.75591E-5 1.41814E-4 5.03222E-5 4.75869E-5 3.31447E-4 6.20916E-4 1.77769E-3 4.25896E-3 -9999 -9999 -9999 -9999 -9999 2.50468E-2 3.41055E-2 -9999 -9999 -9999 -9999 -9999 -9999 -9999 -9999 -9999 -9999 -9999 -9999 -9999 -9999 -9999 -9999 -9999 -9999 -9999 -9999 -9999 3.73041E-2 2.84114E-2 2.22617E-2 1.04782E-2 6.53181E-3 1.333E-2 1.3956E-2 1.05544E-2 9.02822E-3 5.94999E-3 1.1428E-2 3.02326E-3
3.51112E-6 7.97298E-6 3.04068E-6 2.36056E-6 1.65637E-6 2.69768E-6 4.43182E-6 1.91589E-5 6.72975E-5 7.98827E-5 3.08251E-5 5.31015E-5 2.74074E-4 9.50373E-5 4.36617E-5 1.48392E-4 6.51427E-4 1.34608E-4 4.41726E-5 6.77714E-6 6.00159E-6 1.30175E-5 1.56356E-5 9.41938E-6 9.94868E-6 4.16114E-6 2.96724E-5 9.36242E-5 1.80693E-5 2.50792E-5 3.85074E-5 1.67421E-4 1.49761E-3 -9999 -9999 -9999 -9999 -9999 -9999 2.78639E-2 2.65496E-2 3.08757E-2 -9999 -9999 -9999 -9999 -9999 -9999 -9999 -9999 -9999 -9999 -9999 -9999 -9999 -9999 -9999 -9999 -9999 -9999 -9999 -9999 -9999 -9999 -9999 1.52152E-2 1.20722E-2 1.52668E-2 2.62838E-2 2.53132E-2 2.57917E-2 1.3488E-2 9.92591E-3 7.81126E-3
6.33572E-6 1.14961E-5 1.15984E-5 8.68018E-6 3.61945E-6 4.85137E-6 2.18249E-6 2.04022E-5 3.23882E-5 8.88223E-6 1.18175E-5 3.26836E-5 1.10034E-4 1.75887E-5 4.64971E-6 3.94263E-5 1.22541E-4 3.91146E-5 1.42453E-5 3.58448E-6 6.35691E-6 8.37936E-6 1.16831E-5 6.40391E-6 5.89096E-6 1.34355E-6 2.91199E-5 1.7687E-5 1.65317E-5 2.75141E-5 1.23371E-4 2.09117E-3 5.40558E-3 1.69586E-2 1.85383E-2 -9999 -9999 -9999 -9999 3.27521E-2 2.4315E-2 3.56523E-2 -9999 -9999 -9999 -9999 -9999 -9999 -9999 -9999 -9999 -9999 -9999 3.20982E-2 -9999 -9999 -9999 -9999 -9999 -9999 -9999 -9999 -9999 -9999 -9999 1.09673E-2 9.41796E-3 2.12821E-2 2.37735E-2 2.483E-2 2.13178E-2 1.89473E-2 3.35236E-3 1.12454E-3
4.284E-6 1.05447E-5 7.7629E-6 4.86939E-6 2.97594E-6 5.42009E-6 6.20791E-6 1.40768E-6 1.36025E-5 9.1895E-6 1.73545E-6 1.81268E-6 5.38909E-6 1.93556E-5 1.88014E-5 7.81981E-6 1.34251E-4 2.73348E-5 2.70795E-6 6.1086E-6 8.45984E-6 9.12129E-6 1.0746E-5 1.31599E-5 8.48429E-6 5.79888E-6 4.1936E-6 8.10717E-6 1.02658E-5 3.90598E-5 3.23815E-4 2.53362E-3 1.06985E-2 1.85931E-2 1.36308E-2 -9999 -9999 -9999 -9999 -9999 -9999 -9999 -9999 -9999 -9999 -9999 -9999 -9999 -9999 -9999 -9999 2.29453E-2 1.80888E-2 1.5012E-2 -9999 -9999 -9999 2.61059E-2 9.72032E-3 -9999 -9999 -9999 5.50174E-3 2.03535E-3 5.44837E-3 1.45536E-2 1.19401E-2 1.56453E-2 1.01524E-2 8.00408E-3 1.39322E-2 1.12224E-2 2.58251E-3 8.07088E-5
1.78751E-5 1.0408E-5 1.72174E-5 7.74344E-6 9.94577E-7 3.69255E-6 1.14318E-6 4.502E-6 1.09319E-5 9.02318E-6 5.97725E-6 5.43346E-6 4.24144E-6 7.34148E-6 1.13024E-5 1.68353E-5 4.31236E-6 1.60345E-5 2.54787E-6 2.70419E-6 9.77932E-6 1.3458E-5 1.28011E-5 6.08588E-6 8.26037E-6 7.8812E-6 2.6049E-5 4.60813E-5 9.96642E-5 2.21324E-4 3.63188E-4 2.55078E-3 1.35213E-2 -9999 -9999 -9999 -9999 -9999 -9999 -9999 -9999 -9999 -9999 -9999 -9999 -9999 -9999 -9999 -9999 -9999 -9999 1.57506E-2 1.22169E-2 1.983E-2 -9999 -9999 -9999 8.66025E-3 6.99648E-3 4.75525E-3 9.1507E-3 1.21382E-2 5.91747E-3 4.40866E-3 1.23325E-2 1.95087E-2 9.73945E-3 4.08818E-3 3.34704E-3 5.04488E-3 6.02029E-3 1.72045E-3 7.28463E-4 2.26108E-5
1.56916E-5 1.61133E-5 8.75835E-6 3.48834E-6 1.75322E-6 4.86237E-6 3.26345E-6 2.82937E-6 2.03674E-5 9.33887E-6 9.33496E-6 4.21498E-6 4.83112E-6 6.18281E-6 4.38991E-6 9.87753E-6 6.63841E-6 5.58617E-6 4.76366E-6 2.86269E-6 3.10516E-6 1.28595E-5 1.12025E-5 6.16206E-6 4.19533E-6 9.39678E-6 2.23889E-5 1.17295E-4 2.83599E-4 8.47487E-4 1.25932E-3 5.05015E-3 1.19395E-2 5.16063E-3 -9999 -9999 -9999 -9999 -9999 -9999 -9999 -9999 -9999 -9999 -9999 -9999 -9999 -9999 -9999 -9999 -9999 -9999 1.56357E-2 2.28936E-2 -9999 -9999 1.25274E-2 1.20544E-2 1.04882E-2 7.49946E-3 1.26459E-2 1.10047E-2 8.69131E-3 9.93584E-3 8.78684E-3 7.55047E-3 7.84451E-3 5.108E-3 1.70775E-3 3.0368E-3 8.96525E-4 4.50345E-4 6.59293E-5 1.0489E-5
7.37017E-6 1.19263E-5 3.49417E-5 5.87567E-6 3.70934E-6 2.22131E-6 1.33605E-6 6.77295E-6 8.20445E-6 1.14738E-5 5.85723E-6 5.79182E-6 6.13818E-6 6.47504E-6 5.65146E-6 6.03514E-6 9.38084E-6 2.67664E-6 4.13908E-6 7.48073E-6 1.24364E-5 1.06261E-5 1.01098E-5 3.54719E-6 6.00791E-6 6.96576E-6 1.50597E-5 4.3469E-5 2.09239E-4 8.31948E-4 4.10865E-3 8.09506E-3 -9999 7.07452E-3 -9999 -9999 -9999 -9999 -9999 -9999 -9999 -9999 -9999 -9999 -9999 -9999 -9999 -9999 -9999 -9999 -9999 -9999 9.87296E-3 1.31045E-2 1.14577E-2 1.24849E-2 7.71044E-3 6.57447E-3 5.44967E-3 5.13636E-3 8.69482E-3 5.57416E-3 5.3636E-3 7.54595E-3 4.45367E-3 3.47782E-3 4.09719E-3 4.99576E-3 1.18062E-3 4.64837E-4 1.82176E-4 7.09324E-5 3.93201E-5 3.71296E-5
1.20896E-5 3.50116E-5 2.11274E-5 6.41085E-6 1.06469E-6 3.77176E-6 4.98159E-6 3.2329E-6 3.67306E-6 3.81302E-6 6.90702E-6 4.23854E-6 4.9859E-6 7.37057E-6 5.39141E-6 5.71679E-6 1.52143E-5 9.3269E-6 9.21479E-6 1.38039E-5 1.74038E-5 1.3717E-5 1.23657E-5 3.2521E-6 6.41507E-6 6.61866E-6 1.42652E-5 8.19492E-5 2.59734E-4 1.16019E-3 5.36031E-3 6.99859E-3 -9999 -9999 3.4917E-2 -9999 -9999 -9999 -9999 -9999 -9999 -9999 -9999 -9999 -9999 -9999 -9999 -9999 -9999 -9999 -9999 1.41076E-2 5.55135E-3 1.32646E-2 1.34867E-2 1.07052E-2 1.32243E-2 2.13506E-2 1.32187E-2 1.25825E-2 6.31367E-3 3.23832E-3 6.13003E-3 8.02917E-3 3.31852E-3 4.3438E-3 4.88349E-3 3.07895E-3 2.54165E-3 1.34397E-3 9.41538E-4 2.05189E-4 4.38545E-5 2.66537E-4
3.42069E-5 2.07913E-4 4.18671E-5 7.97471E-6 6.79882E-6 3.47868E-6 3.84179E-6 3.73063E-6 5.57245E-6 4.50846E-6 5.42074E-6 4.02871E-6 5.85297E-6 7.77823E-6 4.59591E-6 6.42886E-6 7.36874E-6 1.11699E-5 1.02641E-5 9.09138E-6 9.71857E-6 1.93E-5 1.09047E-5 8.1303E-6 7.9346E-6 5.83212E-6 1.41225E-5 1.7815E-4 1.38682E-3 3.42499E-3 7.5744E-3 9.38791E-3 -9999 -9999 -9999 -9999 -9999 -9999 -9999 -9999 -9999 -9999 -9999 -9999 -9999 -9999 -9999 -9999 -9999 -9999 1.7198E-2 1.70288E-2 1.44275E-2 1.03721E-2 1.37266E-2 1.8869E-2 1.59044E-2 1.58776E-2 1.43281E-2 9.15177E-3 1.42072E-2 1.3695E-2 1.22544E-2 9.1579E-3 4.79928E-3 4.59949E-3 3.19763E-3 1.35355E-3 1.29053E-3 9.06216E-4 3.58801E-4 5.00601E-4 1.45664E-4 1.25361E-4
3.2619E-4 1.1483E-4 1.2891E-5 3.78173E-6 3.55508E-6 4.2616E-6 5.22839E-6 1.24734E-5 2.1216E-5 1.51146E-5 1.06036E-5 2.24854E-5 2.47044E-5 8.03642E-6 5.87422E-6 7.20153E-6 1.58252E-5 1.5472E-5 7.68688E-6 7.95466E-6 7.63334E-6 6.11649E-6 9.96065E-6 4.56656E-5 2.64346E-5 1.92669E-5 7.57549E-5 7.43762E-4 2.20751E-3 2.74538E-3 1.19197E-2 2.02648E-2 -9999 -9999 -9999 -9999 -9999 -9999 -9999 -9999 -9999 -9999 -9999 -9999 -9999 -9999 -9999 -9999 -9999 1.96508E-2 1.29424E-2 9.91807E-3 1.76572E-2 1.1042E-2 1.30621E-2 2.41391E-2 1.69974E-2 1.17865E-2 8.90484E-3 5.9566E-3 5.86049E-3 7.91172E-3 5.31542E-3 4.47561E-3 4.68619E-3 3.50693E-3 3.8492E-3 3.29389E-3 1.29942E-3 1.38705E-3 9.88224E-4 8.2026E-4 3.45431E-4 2.02463E-4
1.45359E-4 6.95881E-5 4.16353E-6 6.45898E-6 2.45117E-6 2.81511E-6 3.88741E-6 6.77503E-6 8.35694E-6 6.50236E-6 8.08686E-6 6.38945E-6 5.6936E-6 7.11222E-6 8.99995E-6 5.40848E-6 1.05312E-5 7.19197E-6 5.04545E-6 5.53676E-6 4.9816E-6 1.07277E-5 2.32687E-5 6.32145E-5 6.2454E-5 8.44078E-5 2.42969E-4 1.88898E-3 6.15825E-3 1.29415E-2 -9999 -9999 5.07815E-3 -9999 -9999 -9999 -9999 -9999 -9999 -9999 -9999 -9999 -9999 -9999 -9999 -9999 -9999 -9999 2.78255E-2 2.15721E-2 1.9304E-2 8.64023E-3 1.9873E-2 2.24664E-2 2.36626E-2 2.23333E-2 1.36032E-2 4.96054E-3 3.21971E-3 3.32518E-3 4.68626E-3 8.09648E-3 2.40042E-3 1.2553E-3 3.01125E-3 3.84657E-3 2.65074E-3 1.40326E-3 1.52096E-3 1.54871E-3 4.42707E-4 1.87754E-4 1.58057E-4 1.53728E-4
2.1574E-5 6.16444E-5 2.23843E-5 1.42373E-5 7.82983E-6 4.3742E-6 5.4851E-6 4.6538E-6 2.80975E-6 3.40126E-6 3.74163E-6 5.21306E-6 6.0579E-6 6.70243E-6 4.6034E-6 5.71293E-6 1.43839E-5 1.0313E-5 3.97594E-6 5.58849E-6 1.35093E-5 3.12962E-5 4.65616E-5 3.86314E-4 1.16631E-4 6.81925E-4 1.84252E-3 5.56847E-3 1.1956E-2 -9999 -9999 -9999 1.38424E-2 -9999 -9999 -9999 -9999 -9999 -9999 -9999 -9999 -9999 -9999 -9999 -9999 -9999 -9999 1.60702E-2 1.40426E-2 9.81686E-3 1.2105E-2 9.35602E-3 2.53498E-2 2.81933E-2 2.25523E-2 1.06699E-2 4.00137E-3 8.28267E-4 4.90109E-3 2.73566E-3 3.23204E-3 2.58782E-3 5.36709E-3 1.2111E-3 8.92301E-4 3.87062E-4 7.4104E-4 6.68972E-4 4.09572E-4 3.73761E-4 4.93334E-4 2.23858E-4 1.10223E-4 2.62162E-5
1.00934E-5 1.17203E-5 1.11956E-5 1.08644E-5 9.93437E-7 3.25326E-6 4.00426E-6 3.17107E-6 2.20722E-6 6.06346E-6 6.78376E-6 6.70595E-6 4.39636E-6 5.60144E-6 4.86277E-6 1.13338E-5 1.32085E-5 9.08094E-6 6.93479E-6 1.35791E-5 3.59535E-5 7.87036E-5 2.30772E-4 1.09542E-3 4.83405E-5 3.35921E-4 2.11295E-3 9.33688E-3 7.98821E-3 -9999 -9999 -9999 2.55657E-2 -9999 -9999 -9999 -9999 -9999 -9999 -9999 -9999 -9999 -9999 -9999 -9999 -9999 7.9791E-3 8.92328E-3 1.22614E-2 7.90132E-3 7.80718E-3 1.66277E-2 3.00084E-2 2.76915E-2 1.18274E-2 1.13077E-2 1.63432E-3 3.95775E-4 3.36176E-3 2.58702E-3 9.02621E-4 1.02248E-3 5.26109E-3 2.12518E-3 5.1422E-4 3.02753E-4 5.03179E-4 2.22557E-4 6.66692E-5 6.82485E-5 7.32475E-4 3.18027E-4 7.29779E-5 4.51098E-5
1.73951E-5 1.26567E-5 9.37842E-6 6.92669E-6 7.79878E-7 1.01699E-6 1.62228E-6 4.40583E-6 4.5456E-6 7.17015E-6 1.13677E-5 1.52042E-5 4.60612E-6 3.89598E-6 5.49454E-6 1.40267E-5 2.11714E-5 7.78084E-6 1.01048E-5 1.06079E-5 5.49072E-5 1.35497E-4 2.91378E-4 8.29001E-4 5.50149E-5 5.35586E-5 9.00594E-4 2.41517E-3 -9999 -9999 -9999 -9999 -9999 -9999 -9999 -9999 -9999 -9999 -9999 -9999 -9999 -9999 -9999 -9999 -9999 -9999 -9999 1.11843E-2 1.0457E-2 8.49977E-3 1.17132E-2 2.71397E-2 3.03946E-2 1.27665E-2 7.29853E-3 3.48714E-3 1.28086E-3 3.31763E-4 1.6716E-3 1.46832E-3 5.95289E-4 8.74767E-4 4.60137E-3 4.09398E-3 7.597E-4 4.60771E-4 1.00779E-4 8.22972E-5 4.91096E-5 1.00897E-4 2.06697E-4 3.46409E-4 2.70987E-5 2.11687E-5
3.86303E-4 5.57354E-5 2.02643E-5 5.77148E-7 4.05523E-6 4.06229E-6 3.33306E-6 7.1073E-6 4.94651E-6 2.59543E-6 9.5326E-6 5.24025E-5 2.60057E-5 5.86331E-6 8.09689E-6 2.34461E-5 5.54854E-5 7.13086E-6 6.914E-6 1.36796E-5 5.1737E-5 1.14376E-4 3.81833E-4 5.88515E-4 6.52506E-4 5.02953E-5 1.6596E-4 1.56459E-3 -9999 -9999 -9999 -9999 -9999 -9999 -9999 -9999 -9999 -9999 -9999 -9999 -9999 -9999 -9999 -9999 -9999 -9999 -9999 1.68649E-2 1.28782E-2 3.02349E-2 2.4484E-2 4.47178E-2 3.5427E-2 1.84503E-2 1.01028E-2 2.18838E-3 4.28848E-4 2.13975E-4 1.054E-3 1.37218E-3 1.34672E-3 1.43898E-3 5.55227E-3 4.80001E-3 9.24624E-4 2.79477E-4 2.44179E-5 6.85038E-5 2.04433E-5 7.55817E-5 1.78004E-4 3.93612E-5 1.99145E-5 3.18548E-5
2.09807E-4 7.1949E-5 1.19728E-5 2.62918E-6 4.82188E-6 4.92866E-6 4.18734E-6 2.57156E-6 2.82637E-6 2.85629E-6 8.65693E-6 2.52676E-5 1.39317E-5 1.05397E-5 1.59379E-5 3.07346E-5 1.26944E-4 1.99884E-5 2.35534E-6 4.53594E-6 4.03037E-5 1.54031E-4 6.34546E-4 1.70398E-3 5.9701E-4 4.6559E-4 6.8666E-5 1.2238E-3 4.53624E-3 -9999 -9999 -9999 -9999 -9999 -9999 -9999 -9999 -9999 -9999 -9999 -9999 -9999 -9999 -9999 -9999 1.91784E-2 3.19561E-2 2.00509E-2 1.66501E-2 4.22264E-2 4.96858E-2 3.04544E-2 1.59568E-2 1.65011E-2 6.45663E-3 2.47624E-3 9.1798E-5 5.12131E-5 1.00724E-4 3.82657E-4 1.26804E-3 2.26043E-3 2.73969E-3 4.12997E-3 1.73102E-3 1.44768E-4 1.42197E-4 6.55807E-5 4.98843E-5 6.35523E-5 7.44739E-5 1.12286E-4 2.85496E-5 5.82173E-5
3.16352E-5 5.79088E-5 6.46144E-6 1.00907E-6 5.17644E-6 3.73591E-6 2.69527E-6 2.22906E-6 2.56989E-6 4.18981E-6 6.78546E-6 7.86978E-6 3.94604E-6 2.75984E-6 6.96884E-6 1.78543E-5 1.23214E-4 2.45779E-5 6.61655E-6 9.81734E-6 2.42894E-5 4.38688E-4 2.72218E-3 3.74066E-3 2.42055E-3 8.2323E-4 3.84991E-4 2.04141E-3 7.29534E-3 1.32668E-2 -9999 -9999 -9999 -9999 -9999 -9999 -9999 -9999 -9999 -9999 -9999 -9999 -9999 -9999 1.1902E-2 1.85769E-2 3.86837E-2 1.79291E-2 2.8695E-2 3.10131E-2 1.62469E-2 1.22059E-2 1.40335E-2 1.27463E-2 1.34412E-3 1.33249E-3 3.53257E-4 1.37367E-4 4.23298E-5 4.08835E-4 5.74074E-4 1.21671E-3 5.27031E-4 1.18843E-3 1.55168E-3 4.10645E-4 1.96143E-4 7.489E-5 5.20014E-5 4.29593E-5 4.65977E-5 5.76279E-5 4.90518E-5 8.17589E-5
7.37853E-6 1.21937E-5 8.536E-6 3.04065E-6 2.95946E-6 2.26708E-6 8.40613E-7 3.79817E-6 3.29424E-6 7.50225E-6 3.69411E-6 2.78997E-5 1.075E-4 2.96461E-5 7.50192E-5 2.45181E-4 5.56857E-5 2.2693E-5 8.83317E-6 9.19442E-6 1.24499E-4 3.32898E-4 2.30638E-3 8.75976E-3 3.47312E-3 3.20868E-3 3.30578E-3 1.15168E-3 6.28067E-3 -9999 -9999 -9999 -9999 -9999 -9999 -9999 -9999 -9999 -9999 -9999 -9999 -9999 -9999 -9999 1.17335E-2 1.42267E-2 3.77525E-2 3.93219E-2 2.80116E-2 1.3704E-2 5.51465E-3 3.45731E-3 4.07111E-3 5.46396E-3 1.53615E-3 1.30286E-4 1.39331E-4 1.10232E-4 1.06233E-4 2.1763E-4 1.38978E-4 5.87499E-4 2.9945E-4 2.35345E-4 1.62351E-3 4.60541E-4 2.12316E-5 6.43579E-5 4.49037E-5 4.88034E-5 5.1164E-5 5.96303E-5 7.2637E-5 9.43206E-5
1.73024E-6 2.2835E-6 4.23641E-6 8.14208E-7 8.30217E-7 3.99246E-6 5.89045E-6 4.99182E-6 3.45941E-6 5.78319E-6 5.76492E-6 1.1697E-5 1.93619E-4 3.56002E-4 4.05327E-4 6.02314E-4 3.80561E-5 5.96724E-6 8.22658E-6 4.53372E-5 2.40264E-4 5.67165E-4 3.14422E-3 -9999 5.89665E-3 1.06321E-2 5.38554E-3 5.84252E-3 5.52615E-3 -9999 -9999 -9999 -9999 -9999 -9999 -9999 -9999 -9999 -9999 -9999 -9999 -9999 -9999 -9999 1.10772E-2 2.61459E-2 5.1786E-2 4.80716E-2 1.92843E-2 6.16321E-3 3.68057E-3 4.03513E-3 2.16504E-3 1.15414E-3 3.48015E-3 2.40761E-4 1.70961E-4 1.09831E-4 1.34361E-4 8.27063E-5 1.53038E-4 1.93368E-4 8.84323E-5 1.80303E-4 6.78399E-4 4.00543E-4 2.10105E-5 6.45672E-5 3.12821E-5 4.04112E-5 5.59172E-5 5.29855E-5 5.09446E-5 3.69305E-5
