ENM/Final_Models/M_2_F_lq_Set_1_E/Gustavia_santanderiensis_2_Choco.asc
ncols         367
nrows         963
xllcorner     -78.6
yllcorner     0.65
cellsize      0.00833333333333323
NODATA_value  -9999
[rows 210 to 239 of 963, columns 268 to 334 of 367]
1.21635E-2 5.17191E-2 2.82792E-2 4.61827E-2 2.47693E-2 3.35783E-2 1.23943E-2 5.18403E-4 7.1615E-4 2.3666E-3 2.95793E-4 1.84255E-4 1.0635E-3 7.35942E-4 1.00953E-3 1.75628E-3 2.03137E-3 4.34919E-3 1.04945E-3 1.89258E-3 1.91561E-4 7.00022E-4 1.98009E-3 1.2096E-3 3.4319E-4 3.73954E-4 1.77054E-4 4.34614E-4 4.03749E-4 4.34873E-5 8.24538E-5 6.15359E-5 4.10949E-4 1.70043E-4 4.7593E-5 5.98193E-5 2.221E-5 3.88098E-5 2.18203E-5 -9999 -9999 -9999 -9999 -9999 -9999 -9999 -9999 -9999 -9999 -9999 -9999 -9999 -9999 -9999 -9999 -9999 -9999 -9999 -9999 -9999 -9999 -9999 -9999 -9999 -9999 -9999 -9999
1.47372E-2 5.62372E-3 3.74473E-2 2.17719E-2 2.33897E-2 1.6797E-2 5.62648E-3 4.82054E-5 3.41137E-4 1.10564E-3 2.84715E-4 1.11069E-4 5.03285E-5 4.59611E-4 4.82749E-4 1.51287E-3 2.15132E-3 6.62906E-3 2.6568E-3 8.8226E-4 9.11193E-4 1.9344E-3 1.91526E-3 1.46101E-3 1.82771E-3 1.71884E-3 7.23347E-4 1.1758E-3 8.06749E-4 2.33974E-4 1.43658E-4 4.85774E-5 8.54722E-5 8.50592E-5 6.97305E-5 1.16712E-4 8.17203E-5 1.14983E-4 6.92878E-5 -9999 -9999 -9999 -9999 -9999 -9999 -9999 -9999 -9999 -9999 -9999 -9999 -9999 -9999 -9999 -9999 -9999 -9999 -9999 -9999 -9999 -9999 -9999 -9999 -9999 -9999 -9999 -9999
2.25762E-2 1.84912E-2 5.65725E-2 2.28985E-2 3.90662E-2 1.4932E-2 6.22991E-4 1.39877E-4 2.00112E-4 1.39487E-4 1.11874E-4 2.14428E-4 5.6326E-4 7.38447E-4 1.68557E-3 4.19217E-3 5.92172E-3 3.77352E-3 2.61154E-3 2.27072E-3 2.08819E-3 1.36026E-3 4.66075E-3 3.32085E-3 7.91122E-4 1.65841E-3 2.24539E-3 3.3432E-4 1.55272E-4 1.96092E-4 2.73928E-4 1.05824E-4 8.75139E-5 1.05312E-4 1.98078E-4 1.37462E-4 8.61995E-5 7.93451E-5 9.9272E-5 -9999 -9999 -9999 -9999 -9999 -9999 -9999 -9999 -9999 -9999 -9999 -9999 -9999 -9999 -9999 -9999 -9999 -9999 -9999 -9999 -9999 -9999 -9999 -9999 -9999 -9999 -9999 -9999
8.17499E-2 6.76856E-2 3.19408E-2 9.19341E-3 2.68431E-3 2.03614E-3 4.18358E-4 8.51866E-4 8.13658E-4 2.45043E-4 3.21553E-4 8.34869E-4 3.92521E-4 1.12955E-3 1.89765E-3 3.669E-3 9.92239E-3 5.30012E-3 4.76252E-3 1.06911E-3 5.24514E-4 5.65586E-4 1.2573E-3 5.30192E-4 8.87427E-4 2.71646E-3 9.37192E-4 1.92211E-4 6.49135E-5 9.53583E-5 1.85328E-4 8.03826E-5 2.20866E-4 6.31331E-5 1.00322E-4 5.56992E-5 3.93686E-5 4.7549E-5 -9999 -9999 -9999 -9999 -9999 -9999 -9999 -9999 -9999 -9999 -9999 -9999 -9999 -9999 -9999 -9999 -9999 -9999 -9999 -9999 -9999 -9999 -9999 -9999 -9999 -9999 -9999 -9999 -9999
1.25948E-1 3.25435E-2 6.11935E-2 3.59161E-2 1.01198E-2 5.65561E-3 2.57325E-4 3.33769E-4 3.54903E-4 2.34834E-4 7.37624E-4 4.46613E-4 1.17562E-4 1.75364E-3 6.6683E-3 1.0144E-2 8.03134E-3 4.7021E-3 4.6661E-3 2.02159E-3 1.06726E-3 6.5642E-4 7.44635E-4 6.38837E-4 6.32794E-4 3.99747E-3 1.78603E-3 2.99949E-4 1.55801E-4 1.32055E-4 2.92114E-4 8.21973E-5 8.72646E-5 1.34949E-4 9.45797E-5 1.25308E-4 3.23116E-5 8.88931E-5 4.75498E-4 -9999 -9999 -9999 -9999 -9999 -9999 -9999 -9999 -9999 -9999 -9999 -9999 -9999 -9999 -9999 -9999 -9999 -9999 -9999 -9999 -9999 -9999 -9999 -9999 -9999 -9999 -9999 -9999
6.94859E-2 2.10396E-2 8.3779E-3 1.83076E-2 1.00244E-3 1.32357E-3 1.86664E-3 3.86248E-4 1.77846E-4 1.51732E-4 3.48889E-4 1.84188E-4 6.74854E-4 2.53386E-3 4.9993E-3 6.09175E-3 2.62335E-3 2.78079E-3 4.12954E-3 3.50571E-3 3.39664E-3 1.54697E-3 3.1825E-3 3.04658E-3 5.27077E-3 3.17726E-3 1.3813E-3 4.24975E-4 2.00647E-3 8.85298E-4 1.32048E-3 4.71941E-4 4.4323E-4 6.75733E-4 1.62205E-4 1.55809E-4 2.98846E-5 3.28525E-4 1.54012E-3 -9999 -9999 -9999 -9999 -9999 -9999 -9999 -9999 -9999 -9999 -9999 -9999 -9999 -9999 -9999 -9999 -9999 -9999 -9999 -9999 -9999 -9999 -9999 -9999 -9999 -9999 -9999 -9999
3.99335E-2 1.42331E-2 3.64212E-3 8.49052E-3 4.42985E-3 7.66069E-4 2.75638E-3 2.32818E-4 1.36144E-4 5.55151E-4 7.56989E-4 2.70612E-4 1.63926E-3 3.24414E-3 8.59798E-3 9.54259E-3 3.06685E-3 2.40628E-3 2.38788E-3 2.38644E-3 2.05383E-3 5.77165E-4 5.33369E-4 7.71468E-4 1.78056E-3 2.50124E-3 2.92954E-3 7.16912E-4 9.37352E-4 1.05532E-3 1.33845E-3 5.9432E-4 7.03253E-4 2.62636E-4 1.7951E-4 7.35869E-5 2.3001E-5 4.66259E-4 1.3661E-3 -9999 -9999 -9999 -9999 -9999 -9999 -9999 -9999 -9999 -9999 -9999 -9999 -9999 -9999 -9999 -9999 -9999 -9999 -9999 -9999 -9999 -9999 -9999 -9999 -9999 -9999 -9999 -9999
2.94799E-2 2.1156E-2 2.95249E-2 1.71838E-2 8.49478E-3 2.51116E-3 5.18888E-3 7.33994E-4 5.59082E-4 1.44698E-4 3.06307E-4 1.26334E-3 1.73247E-4 1.56681E-3 9.88232E-3 8.77278E-3 6.2825E-3 2.53602E-3 2.72579E-3 1.26936E-3 9.93186E-4 7.50232E-4 4.47449E-4 3.31656E-4 5.59779E-4 1.87198E-3 2.8068E-3 3.00214E-3 1.26346E-3 7.78169E-4 1.14843E-3 8.90194E-4 1.18844E-3 4.84086E-4 1.41265E-4 4.57529E-5 2.90945E-5 7.46157E-4 2.9662E-3 -9999 -9999 -9999 -9999 -9999 -9999 -9999 -9999 -9999 -9999 -9999 -9999 -9999 -9999 -9999 -9999 -9999 -9999 -9999 -9999 -9999 -9999 -9999 -9999 -9999 -9999 -9999 -9999
6.07597E-2 7.79682E-2 5.85714E-2 4.32247E-2 3.52067E-2 3.08581E-3 4.96402E-3 3.56339E-3 1.2895E-3 2.67261E-4 7.37768E-4 1.85765E-4 1.96025E-4 3.69113E-3 5.07746E-3 6.27869E-3 5.73115E-3 4.3605E-3 4.29336E-3 1.76602E-3 1.22131E-3 1.5086E-3 2.088E-3 6.05335E-4 7.22985E-4 1.01384E-3 1.74175E-3 2.00533E-3 1.06084E-3 1.11362E-3 1.00928E-3 6.725E-4 3.82922E-4 8.47496E-4 3.56588E-4 1.73952E-4 1.4165E-4 8.66269E-4 3.58493E-3 -9999 -9999 -9999 -9999 -9999 -9999 -9999 -9999 -9999 -9999 -9999 -9999 -9999 -9999 -9999 -9999 -9999 -9999 -9999 -9999 -9999 -9999 -9999 -9999 -9999 -9999 -9999 -9999
9.17155E-2 9.49082E-2 6.01252E-2 2.38402E-2 4.03642E-3 7.52994E-4 6.48334E-4 3.11946E-3 3.30798E-3 1.23586E-3 3.05808E-4 1.09496E-4 4.1322E-4 1.79297E-3 3.03796E-3 7.3798E-3 7.46025E-3 6.19594E-3 3.84533E-3 4.1826E-3 8.96339E-4 2.78952E-3 5.16873E-3 2.14767E-3 2.08171E-3 9.14995E-4 2.25155E-4 1.63844E-4 5.0849E-4 8.69067E-4 1.97117E-4 2.59533E-4 8.60594E-5 5.95911E-4 1.10459E-4 6.38261E-5 1.47158E-4 3.23503E-4 4.12069E-4 -9999 -9999 -9999 -9999 -9999 -9999 -9999 -9999 -9999 -9999 -9999 -9999 -9999 -9999 -9999 -9999 -9999 -9999 -9999 -9999 -9999 -9999 -9999 -9999 -9999 -9999 -9999 -9999
8.41366E-2 8.8256E-2 1.00907E-1 5.89053E-3 9.96725E-4 3.77904E-4 9.06567E-5 8.64863E-6 4.45912E-5 7.26121E-5 3.10758E-4 3.12845E-4 1.62373E-4 3.54229E-4 5.70522E-3 5.78703E-3 5.07147E-3 2.9485E-3 2.13571E-3 1.95877E-3 3.31975E-4 2.39083E-3 3.38239E-3 1.23055E-3 3.44294E-3 1.40056E-3 1.35797E-4 1.24395E-4 4.38718E-4 5.47412E-4 2.36167E-4 2.06749E-4 1.41895E-4 1.54883E-4 9.04587E-5 2.66152E-5 1.2637E-4 5.20431E-5 3.28272E-5 -9999 -9999 -9999 -9999 -9999 -9999 -9999 -9999 -9999 -9999 -9999 -9999 -9999 -9999 -9999 -9999 -9999 -9999 -9999 -9999 -9999 -9999 -9999 -9999 -9999 -9999 -9999 -9999
9.26046E-2 1.69162E-1 1.75222E-2 3.92012E-3 1.21616E-3 1.37007E-3 7.74294E-5 2.81755E-5 5.71022E-5 7.09024E-5 7.22022E-5 9.75832E-5 1.85268E-4 2.80379E-4 6.35754E-4 2.55132E-3 7.31456E-3 6.19074E-3 2.8755E-3 2.6867E-3 9.69046E-4 1.23698E-3 2.84384E-3 2.17772E-3 2.052E-3 5.42003E-3 1.47848E-3 2.3749E-4 3.32217E-4 3.132E-4 1.21144E-4 2.75152E-4 1.32566E-4 7.34074E-5 3.53207E-5 6.51328E-5 2.41862E-4 1.85536E-4 -9999 -9999 -9999 -9999 -9999 -9999 -9999 -9999 -9999 -9999 -9999 -9999 -9999 -9999 -9999 -9999 -9999 -9999 -9999 -9999 -9999 -9999 -9999 -9999 -9999 -9999 -9999 -9999 -9999
9.89011E-2 1.97885E-1 1.72719E-2 2.04783E-2 2.93721E-3 7.79703E-4 5.48154E-4 2.3605E-4 7.12859E-5 1.08427E-4 1.03363E-4 9.93567E-5 1.70105E-4 5.00231E-4 1.44721E-4 3.58989E-3 6.29369E-3 4.98527E-3 3.68811E-3 6.34048E-3 1.52949E-3 6.17833E-4 1.06285E-3 1.09024E-3 1.4916E-3 4.65966E-3 5.0815E-3 7.49627E-4 5.48963E-4 4.51497E-4 1.32583E-4 2.0369E-4 1.70975E-4 1.03818E-4 6.37221E-5 2.05481E-4 1.31828E-4 8.97947E-5 -9999 -9999 -9999 -9999 -9999 -9999 -9999 -9999 -9999 -9999 -9999 -9999 -9999 -9999 -9999 -9999 -9999 -9999 -9999 -9999 -9999 -9999 -9999 -9999 -9999 -9999 -9999 -9999 -9999
1.09403E-1 1.12097E-1 2.54934E-2 1.17083E-2 5.83904E-3 2.60339E-3 3.40933E-3 1.51238E-3 3.50227E-4 9.15519E-5 8.69296E-5 1.59672E-4 4.75567E-4 1.89644E-3 2.99965E-4 5.54635E-3 6.74117E-3 9.23495E-3 1.12074E-2 8.18596E-3 1.3325E-3 1.18943E-3 9.69788E-4 1.26326E-3 1.38194E-3 2.78218E-3 3.63312E-3 1.48269E-3 5.10637E-4 5.03747E-4 7.18604E-4 1.58585E-4 1.28301E-4 9.6256E-5 1.16016E-4 1.87308E-4 1.32683E-4 4.37222E-5 -9999 -9999 -9999 -9999 -9999 -9999 -9999 -9999 -9999 -9999 -9999 -9999 -9999 -9999 -9999 -9999 -9999 -9999 -9999 -9999 -9999 -9999 -9999 -9999 -9999 -9999 -9999 -9999 -9999
1.33117E-1 4.1795E-2 1.22695E-2 1.50014E-3 2.70635E-3 4.38422E-3 1.99673E-3 3.72331E-4 3.23275E-4 7.897E-5 5.9429E-5 1.48166E-4 4.66606E-4 2.6388E-4 2.12673E-3 1.22114E-2 4.21843E-3 3.40774E-3 3.49267E-3 6.13706E-3 2.003E-3 3.7309E-4 1.23252E-3 1.02435E-3 2.07655E-3 3.72498E-3 2.37144E-3 4.70229E-3 1.46448E-3 4.32739E-4 5.96629E-4 4.92504E-4 1.7316E-4 9.99996E-5 1.18465E-4 1.42947E-4 1.0123E-4 -9999 -9999 -9999 -9999 -9999 -9999 -9999 -9999 -9999 -9999 -9999 -9999 -9999 -9999 -9999 -9999 -9999 -9999 -9999 -9999 -9999 -9999 -9999 -9999 -9999 -9999 -9999 -9999 -9999 -9999
9.0927E-2 4.3758E-2 2.49698E-2 4.9407E-3 7.90897E-4 1.25591E-3 2.40363E-4 1.18053E-4 7.03001E-5 1.10974E-4 1.0344E-4 1.90953E-4 3.35721E-4 9.1942E-4 1.65627E-3 6.85892E-3 3.97304E-3 2.01562E-3 1.30759E-3 5.89583E-3 2.4868E-3 3.82274E-4 1.30914E-3 8.02027E-4 9.48246E-4 1.45637E-3 5.25154E-3 4.81908E-3 1.62582E-3 2.38133E-4 2.50911E-4 4.04052E-4 4.30406E-4 1.6709E-4 1.63613E-4 1.56136E-4 -9999 -9999 -9999 -9999 -9999 -9999 -9999 -9999 -9999 -9999 -9999 -9999 -9999 -9999 -9999 -9999 -9999 -9999 -9999 -9999 -9999 -9999 -9999 -9999 -9999 -9999 -9999 -9999 -9999 -9999 -9999
6.05033E-2 2.22019E-2 4.49949E-3 8.84709E-4 5.66834E-4 5.30023E-4 3.68761E-4 1.96173E-4 4.70496E-5 8.72168E-5 9.55011E-5 1.41061E-4 3.07367E-4 6.42027E-5 9.2694E-4 7.39867E-3 5.41367E-3 5.9931E-3 5.93356E-3 6.39011E-3 2.60252E-3 1.26824E-3 8.50519E-4 1.51171E-3 1.21365E-3 4.50018E-3 6.20705E-3 2.85947E-3 1.41975E-3 5.23546E-4 1.86306E-4 2.44962E-4 1.1646E-4 1.72854E-4 3.06853E-4 2.64358E-4 -9999 -9999 -9999 -9999 -9999 -9999 -9999 -9999 -9999 -9999 -9999 -9999 -9999 -9999 -9999 -9999 -9999 -9999 -9999 -9999 -9999 -9999 -9999 -9999 -9999 -9999 -9999 -9999 -9999 -9999 -9999
5.65803E-2 4.80601E-2 1.72859E-3 4.68297E-4 7.10363E-4 1.47603E-4 8.45469E-5 7.20791E-5 1.09029E-4 1.88518E-4 4.07873E-4 2.95609E-4 2.8753E-4 2.58121E-4 1.74303E-4 1.64393E-3 4.68164E-3 5.00855E-3 8.40894E-3 5.84606E-3 2.86315E-3 2.23227E-3 2.25842E-4 7.59717E-4 8.19518E-3 6.8978E-3 2.70396E-3 2.31578E-3 2.66136E-3 1.3473E-3 8.65448E-4 5.19138E-4 3.98577E-4 7.47805E-4 3.40556E-4 -9999 -9999 -9999 -9999 -9999 -9999 -9999 -9999 -9999 -9999 -9999 -9999 -9999 -9999 -9999 -9999 -9999 -9999 -9999 -9999 -9999 -9999 -9999 -9999 -9999 -9999 -9999 -9999 -9999 -9999 -9999 -9999
5.64108E-2 1.27732E-2 2.94954E-3 5.45129E-4 3.63315E-4 6.81512E-4 9.48356E-5 1.70871E-4 9.98664E-5 1.66818E-4 1.65996E-4 8.56063E-5 1.89402E-4 2.48524E-4 9.17881E-4 4.32803E-4 3.97775E-4 1.4872E-3 8.64716E-3 1.16147E-2 2.73029E-3 9.576E-4 3.19575E-4 5.23385E-4 3.48369E-3 4.98757E-3 1.24329E-3 2.03285E-3 1.90904E-3 4.13142E-3 2.11856E-3 3.06011E-3 1.45087E-3 1.17389E-3 -9999 -9999 -9999 -9999 -9999 -9999 -9999 -9999 -9999 -9999 -9999 -9999 -9999 -9999 -9999 -9999 -9999 -9999 -9999 -9999 -9999 -9999 -9999 -9999 -9999 -9999 -9999 -9999 -9999 -9999 -9999 -9999 -9999
4.81931E-2 3.44944E-2 1.45427E-2 2.98885E-2 3.60418E-3 2.89784E-4 6.11855E-4 1.08393E-3 3.53099E-4 3.21619E-5 1.19185E-4 9.66961E-5 9.42481E-5 4.38553E-4 2.03529E-3 1.39564E-3 1.57778E-4 5.92642E-4 2.80108E-3 7.07521E-3 2.24867E-3 1.50392E-3 5.3965E-4 3.77749E-4 3.40556E-3 4.56727E-3 2.15452E-3 1.61122E-3 1.93693E-3 1.80344E-3 3.13132E-3 3.91052E-3 2.60126E-3 -9999 -9999 -9999 -9999 -9999 -9999 -9999 -9999 -9999 -9999 -9999 -9999 -9999 -9999 -9999 -9999 -9999 -9999 -9999 -9999 -9999 -9999 -9999 -9999 -9999 -9999 -9999 -9999 -9999 -9999 -9999 -9999 -9999 -9999
1.49234E-1 5.29724E-2 2.53697E-2 3.11613E-2 3.09639E-3 3.86367E-3 1.5454E-3 1.02798E-3 9.00494E-4 9.61932E-5 3.43605E-4 1.76103E-4 8.91946E-5 1.30321E-3 8.62137E-4 1.20542E-3 1.23543E-3 9.22135E-5 2.86922E-4 7.44202E-4 2.99222E-3 3.73725E-3 1.27612E-3 9.74651E-4 1.54822E-3 1.9669E-3 2.77645E-3 2.39381E-3 2.80136E-3 3.48767E-3 2.27793E-3 2.53855E-3 -9999 -9999 -9999 -9999 -9999 -9999 -9999 -9999 -9999 -9999 -9999 -9999 -9999 -9999 -9999 -9999 -9999 -9999 -9999 -9999 -9999 -9999 -9999 -9999 -9999 -9999 -9999 -9999 -9999 -9999 -9999 -9999 -9999 -9999 -9999
6.47617E-2 1.42658E-1 1.05943E-1 3.9728E-2 7.92576E-3 4.04572E-3 2.02688E-3 5.99829E-4 5.508E-4 1.27918E-4 1.90036E-4 1.64827E-4 7.09678E-4 1.55577E-3 1.53822E-3 9.50791E-4 3.13959E-4 3.66554E-4 1.002E-3 9.79563E-4 3.16388E-3 8.33675E-4 2.45536E-3 1.17826E-3 2.70193E-3 2.11517E-3 2.26471E-3 2.82357E-3 2.31597E-3 1.49517E-3 8.34786E-4 1.77388E-3 -9999 -9999 -9999 -9999 -9999 -9999 -9999 -9999 -9999 -9999 -9999 -9999 -9999 -9999 -9999 -9999 -9999 -9999 -9999 -9999 -9999 -9999 -9999 -9999 -9999 -9999 -9999 -9999 -9999 -9999 -9999 -9999 -9999 -9999 -9999
1.06029E-1 1.36493E-1 1.72477E-1 7.37795E-2 4.63259E-3 6.62934E-4 8.72812E-4 1.92561E-4 2.99798E-4 4.22372E-5 7.44005E-5 1.13405E-4 2.17757E-4 4.40412E-4 6.36028E-5 1.25364E-4 1.97561E-4 9.65232E-5 3.47403E-4 9.5286E-4 3.34095E-4 6.29304E-4 1.20979E-3 1.40785E-3 1.62797E-3 1.35299E-3 2.19206E-3 1.43369E-3 2.59546E-3 2.62125E-3 2.3538E-3 -9999 -9999 -9999 -9999 -9999 -9999 -9999 -9999 -9999 -9999 -9999 -9999 -9999 -9999 -9999 -9999 -9999 -9999 -9999 -9999 -9999 -9999 -9999 -9999 -9999 -9999 -9999 -9999 -9999 -9999 -9999 -9999 -9999 -9999 -9999 -9999
7.87937E-2 1.40813E-1 6.65112E-2 5.22622E-3 3.55324E-3 2.66959E-3 3.0652E-4 3.96992E-4 1.42695E-4 2.19334E-4 5.37033E-5 6.84804E-5 8.10761E-5 3.35909E-5 2.84224E-5 4.20637E-5 8.52599E-6 3.93639E-6 1.54835E-5 2.08209E-6 4.41429E-4 8.37758E-4 1.91715E-4 2.78664E-4 5.03541E-4 2.44548E-3 9.16047E-4 5.54819E-4 2.09377E-3 5.81018E-4 -9999 -9999 -9999 -9999 -9999 -9999 -9999 -9999 -9999 -9999 -9999 -9999 -9999 -9999 -9999 -9999 -9999 -9999 -9999 -9999 -9999 -9999 -9999 -9999 -9999 -9999 -9999 -9999 -9999 -9999 -9999 -9999 -9999 -9999 -9999 -9999 -9999
1.22501E-1 6.72343E-2 6.50823E-2 6.54323E-2 6.05946E-3 2.48751E-3 5.52915E-4 6.88639E-4 1.73261E-4 6.06762E-5 9.94759E-5 1.9996E-4 9.87522E-5 5.9318E-5 1.08242E-4 5.96773E-5 5.17591E-5 1.01853E-5 1.26152E-6 1.3213E-6 9.80384E-6 1.89997E-4 1.60038E-4 2.22833E-4 5.48236E-4 2.64283E-4 7.67007E-4 3.188E-3 6.24204E-4 -9999 -9999 -9999 -9999 -9999 -9999 -9999 -9999 -9999 -9999 -9999 -9999 -9999 -9999 -9999 -9999 -9999 -9999 -9999 -9999 -9999 -9999 -9999 -9999 -9999 -9999 -9999 -9999 -9999 -9999 -9999 -9999 -9999 -9999 -9999 -9999 -9999 -9999
2.1519E-1 2.21337E-1 1.35006E-1 2.85647E-2 1.56292E-3 1.66625E-3 4.88674E-5 6.76371E-5 6.52735E-4 3.05459E-5 1.03018E-4 1.19069E-3 8.2579E-4 1.56936E-4 8.88164E-5 8.54209E-5 6.11335E-5 7.25843E-6 2.08631E-6 5.79706E-6 7.12371E-5 5.87649E-6 1.26076E-6 7.16703E-6 1.62912E-4 2.0561E-4 1.4444E-4 4.20077E-4 -9999 -9999 -9999 -9999 -9999 -9999 -9999 -9999 -9999 -9999 -9999 -9999 -9999 -9999 -9999 -9999 -9999 -9999 -9999 -9999 -9999 -9999 -9999 -9999 -9999 -9999 -9999 -9999 -9999 -9999 -9999 -9999 -9999 -9999 -9999 -9999 -9999 -9999 -9999
1.85415E-1 1.8271E-1 6.39713E-2 4.30554E-2 2.08871E-3 1.54026E-3 1.29569E-3 1.3638E-3 1.07282E-3 1.12289E-4 9.61423E-5 1.02928E-3 6.74101E-4 1.41893E-4 4.18579E-5 1.07367E-4 2.39982E-5 1.48839E-5 7.54501E-6 5.30969E-6 4.25454E-6 3.76868E-7 5.42815E-7 1.43099E-6 2.89158E-5 2.58362E-4 3.05912E-4 -9999 -9999 -9999 -9999 -9999 -9999 -9999 -9999 -9999 -9999 -9999 -9999 -9999 -9999 -9999 -9999 -9999 -9999 -9999 -9999 -9999 -9999 -9999 -9999 -9999 -9999 -9999 -9999 -9999 -9999 -9999 -9999 -9999 -9999 -9999 -9999 -9999 -9999 -9999 -9999
1.42904E-1 1.13458E-1 7.2197E-2 4.73609E-2 1.1672E-2 1.32177E-2 1.05657E-2 5.35729E-3 4.62773E-3 1.95091E-4 2.44366E-4 9.61349E-4 7.80227E-4 5.50653E-4 5.81201E-4 2.37566E-4 1.12943E-4 1.14027E-5 1.018E-6 1.11105E-6 3.38893E-6 2.95983E-6 5.72618E-7 4.34441E-6 6.41681E-6 3.92175E-6 -9999 -9999 -9999 -9999 -9999 -9999 -9999 -9999 -9999 -9999 -9999 -9999 -9999 -9999 -9999 -9999 -9999 -9999 -9999 -9999 -9999 -9999 -9999 -9999 -9999 -9999 -9999 -9999 -9999 -9999 -9999 -9999 -9999 -9999 -9999 -9999 -9999 -9999 -9999 -9999 -9999
1.19405E-1 5.88286E-2 2.29488E-2 3.57823E-2 2.48153E-2 4.06906E-2 1.56388E-2 9.87033E-3 8.24055E-4 1.51435E-4 8.12784E-4 1.58334E-3 1.01841E-3 3.71742E-4 1.03384E-3 1.18928E-3 4.65179E-4 9.65481E-5 4.38253E-6 1.27907E-7 3.2208E-7 3.26074E-5 2.46371E-6 2.72085E-6 6.68929E-7 9.95659E-6 -9999 -9999 -9999 -9999 -9999 -9999 -9999 -9999 -9999 -9999 -9999 -9999 -9999 -9999 -9999 -9999 -9999 -9999 -9999 -9999 -9999 -9999 -9999 -9999 -9999 -9999 -9999 -9999 -9999 -9999 -9999 -9999 -9999 -9999 -9999 -9999 -9999 -9999 -9999 -9999 -9999
1.10949E-1 4.24654E-2 3.41166E-2 2.91736E-2 7.9721E-3 2.47581E-2 1.47391E-2 5.43401E-3 4.9808E-4 6.27188E-4 2.27866E-3 1.86474E-3 8.44126E-4 9.36983E-4 6.66941E-4 2.0571E-4 2.9035E-4 1.00971E-4 1.49633E-6 -9999 -9999 1.10458E-6 7.66843E-8 1.30802E-8 1.30128E-6 -9999 -9999 -9999 -9999 -9999 -9999 -9999 -9999 -9999 -9999 -9999 -9999 -9999 -9999 -9999 -9999 -9999 -9999 -9999 -9999 -9999 -9999 -9999 -9999 -9999 -9999 -9999 -9999 -9999 -9999 -9999 -9999 -9999 -9999 -9999 -9999 -9999 -9999 -9999 -9999 -9999 -9999
