ENM/Final_Models/M_2_F_lq_Set_1_E/Gustavia_santanderiensis_9_Choco.asc
ncols         367
nrows         963
xllcorner     -78.6
yllcorner     0.65
cellsize      0.00833333333333323
NODATA_value  -9999
[rows 155 to 185 of 963, columns 140 to 209 of 367]
9.25297E-4 1.04044E-3 6.54107E-4 6.41972E-4 5.55008E-4 4.56735E-4 9.80247E-5 1.9315E-4 1.69119E-4 2.37481E-4 9.96454E-4 2.66306E-3 5.70566E-3 8.08127E-3 8.45528E-3 2.32238E-3 7.71672E-3 3.15558E-3 5.0477E-3 2.88335E-2 4.26105E-2 2.92934E-2 8.03014E-3 3.01499E-3 9.84444E-3 1.61851E-2 1.85717E-2 2.59257E-2 1.40023E-2 1.43166E-2 1.65831E-2 9.82139E-3 2.40356E-2 3.00475E-2 3.70224E-2 3.86385E-2 5.70896E-2 3.15729E-2 7.95196E-2 1.27795E-1 2.07348E-1 1.82275E-1 2.14734E-1 4.03501E-1 6.93284E-1 6.99039E-1 8.75388E-1 9.21659E-1 8.99028E-1 8.95862E-1 6.66698E-1 6.65124E-1 6.96624E-1 5.33017E-1 4.13645E-1 3.11128E-1 3.03599E-1 3.85031E-1 4.37084E-1 4.82919E-1 3.89847E-1 4.32226E-1 4.12179E-1 3.24127E-1 3.21176E-1 3.98586E-1 4.21157E-1 5.6941E-1 6.72595E-1 8.59883E-1
6.39086E-4 5.46579E-4 4.16562E-4 3.55969E-4 4.61956E-4 2.33973E-4 1.55459E-4 7.58055E-4 2.13903E-3 1.24517E-3 1.64056E-3 1.28391E-3 3.63782E-3 4.52107E-3 4.38765E-3 3.10936E-3 3.77623E-3 6.55074E-3 1.49471E-2 1.14758E-2 1.18992E-2 2.28217E-2 1.50025E-2 4.48742E-3 1.05796E-2 6.82684E-3 7.25715E-3 2.4214E-2 2.78362E-2 2.12157E-2 2.07592E-2 2.04558E-2 3.68247E-2 3.8094E-2 6.90351E-2 1.83522E-1 1.3584E-1 5.15018E-2 1.11961E-1 1.34343E-1 2.78917E-1 3.04549E-1 2.62516E-1 2.77198E-1 6.03688E-1 6.77473E-1 6.60366E-1 9.53816E-1 9.0137E-1 8.06327E-1 4.97532E-1 4.73682E-1 7.02934E-1 6.70119E-1 5.13503E-1 3.75637E-1 3.24849E-1 3.14144E-1 3.42243E-1 5.04017E-1 5.46449E-1 4.39715E-1 5.65133E-1 6.61163E-1 7.57889E-1 3.95846E-1 5.14592E-1 4.06962E-1 6.85536E-1 9.7045E-1
2.5349E-4 1.22287E-4 1.06541E-3 2.07821E-4 3.80385E-4 3.7054E-4 1.00202E-3 1.36949E-3 1.58955E-3 2.01915E-3 2.13154E-3 3.25531E-3 2.8832E-3 4.34214E-3 5.3599E-3 3.19319E-3 4.63415E-3 3.7771E-3 6.40343E-3 5.38411E-3 7.87233E-3 8.92521E-3 1.06058E-2 1.27872E-2 1.06879E-2 6.84587E-3 1.10292E-2 1.40654E-2 2.16468E-2 2.45445E-2 4.82312E-2 1.69592E-2 2.97778E-2 3.6771E-2 4.44577E-2 5.0338E-2 4.38363E-2 1.2901E-1 1.71185E-1 1.60867E-1 2.40717E-1 1.54616E-1 2.42742E-1 3.92765E-1 6.44783E-1 6.0836E-1 9.44113E-1 8.71333E-1 9.27623E-1 9.31712E-1 4.13761E-1 4.21058E-1 3.93169E-1 4.36106E-1 4.16104E-1 4.39965E-1 5.03615E-1 5.81107E-1 7.54688E-1 6.75574E-1 4.54477E-1 4.15308E-1 4.36341E-1 5.27918E-1 6.32971E-1 6.75325E-1 6.39948E-1 6.56766E-1 8.74236E-1 9.6656E-1
1.86114E-4 1.86543E-4 5.80363E-4 6.34971E-4 7.71542E-4 2.92084E-3 3.61493E-3 1.89E-3 1.89022E-3 1.61077E-3 3.04933E-3 2.83012E-3 3.98947E-3 5.73452E-3 6.71505E-3 9.63893E-3 4.43021E-3 3.20298E-3 4.9565E-3 7.74336E-3 7.43295E-3 8.56381E-3 7.61891E-3 2.13051E-2 2.70449E-2 1.43522E-2 1.31348E-2 1.89992E-2 1.84635E-2 2.73674E-2 5.26978E-2 7.60669E-2 9.075E-2 1.00939E-1 2.90976E-2 5.06257E-2 5.40686E-2 1.09123E-1 1.9358E-1 2.5719E-1 2.154E-1 1.76647E-1 2.47711E-1 3.00134E-1 4.00709E-1 4.58054E-1 5.34086E-1 8.78487E-1 9.5735E-1 7.78963E-1 5.16105E-1 2.46901E-1 3.5205E-1 3.8204E-1 3.53013E-1 3.61741E-1 4.06751E-1 4.71524E-1 5.36269E-1 5.02409E-1 5.28404E-1 4.22539E-1 5.04336E-1 6.04568E-1 7.55618E-1 7.95797E-1 6.55341E-1 8.69999E-1 9.93786E-1 9.97317E-1
1.74545E-4 4.33018E-4 2.82645E-4 1.57233E-3 1.53451E-3 1.31482E-3 2.65881E-3 2.20573E-3 1.1623E-3 1.15181E-3 2.1644E-3 2.71659E-3 5.56097E-3 3.78857E-3 3.39458E-3 6.31147E-3 2.34934E-3 2.69987E-3 4.43891E-3 9.24011E-3 4.63586E-3 8.31873E-3 4.27507E-3 3.01074E-2 3.61783E-2 2.47012E-2 1.31796E-2 1.6576E-2 3.44839E-2 3.38795E-2 4.76318E-2 6.21578E-2 6.95288E-2 9.74073E-2 8.93839E-2 5.47001E-2 1.03605E-1 1.21075E-1 1.63093E-1 1.78314E-1 3.07201E-1 2.27326E-1 2.69312E-1 2.61571E-1 3.81549E-1 5.53436E-1 4.90229E-1 9.30003E-1 9.92138E-1 8.95298E-1 5.58835E-1 2.31897E-1 3.40722E-1 3.74327E-1 3.53128E-1 3.2161E-1 4.89583E-1 3.09207E-1 3.80872E-1 3.64215E-1 5.79622E-1 5.15173E-1 4.92951E-1 6.86548E-1 6.60498E-1 6.58254E-1 7.46332E-1 6.48799E-1 9.46254E-1 9.77045E-1
1.28567E-4 1.97222E-4 3.26316E-4 8.90095E-4 2.2881E-3 9.1649E-4 1.81726E-3 1.50761E-3 2.32034E-3 1.99951E-3 3.41977E-3 3.9347E-3 3.7492E-3 3.27172E-3 2.85654E-3 3.64644E-3 2.83974E-3 4.68603E-3 1.75325E-3 5.90184E-3 4.1418E-3 4.40944E-3 4.66794E-3 2.33106E-2 2.92976E-2 2.68156E-2 2.7288E-2 2.728E-2 3.13732E-2 3.65271E-2 3.26814E-2 8.23564E-2 3.65474E-2 4.35443E-2 6.21668E-2 5.40247E-2 7.70676E-2 1.26853E-1 1.46134E-1 1.74343E-1 2.35281E-1 2.66658E-1 3.11422E-1 2.51519E-1 4.05645E-1 4.44313E-1 5.15904E-1 8.0152E-1 9.70945E-1 8.01841E-1 5.58132E-1 3.45036E-1 3.47389E-1 4.05289E-1 3.04694E-1 3.6131E-1 6.4905E-1 4.12896E-1 3.73655E-1 4.0119E-1 3.83132E-1 5.93172E-1 6.31851E-1 6.33976E-1 7.46732E-1 7.24012E-1 6.86643E-1 6.06187E-1 9.29793E-1 9.51125E-1
1.06201E-4 3.85874E-4 1.49559E-3 1.12066E-3 1.96116E-3 1.08368E-3 2.02427E-3 2.22038E-3 2.94158E-3 8.49171E-3 5.67915E-3 3.82887E-3 1.83509E-3 2.13682E-3 2.1078E-3 2.37766E-3 3.62715E-3 6.91635E-3 2.70313E-3 4.8683E-3 3.42042E-3 3.31247E-3 7.21047E-3 1.78132E-2 2.62697E-2 2.59887E-2 4.27688E-2 4.50705E-2 4.98577E-2 6.51143E-2 7.86148E-2 6.65191E-2 2.38494E-2 2.74333E-2 3.01373E-2 2.54976E-2 5.41876E-2 1.56255E-1 2.03193E-1 1.99184E-1 1.59166E-1 2.7004E-1 4.09903E-1 4.62425E-1 3.38659E-1 4.41085E-1 5.01319E-1 8.40179E-1 8.77742E-1 6.91202E-1 4.13695E-1 4.14337E-1 4.32551E-1 3.56757E-1 4.0254E-1 3.55663E-1 4.7493E-1 6.86796E-1 5.91936E-1 6.52977E-1 3.33922E-1 4.46205E-1 6.68964E-1 6.55787E-1 8.12994E-1 8.99285E-1 8.49948E-1 7.22426E-1 9.08621E-1 9.44351E-1
4.73986E-4 2.1601E-4 4.8355E-4 7.31601E-4 1.14653E-3 1.47424E-3 1.28068E-3 1.8223E-3 2.9024E-3 3.0314E-3 3.0597E-3 2.33934E-3 8.88505E-4 3.28796E-3 3.588E-3 3.62939E-3 5.75185E-3 4.91237E-3 6.35979E-3 5.88204E-3 6.02677E-3 6.3679E-3 7.38921E-3 2.79749E-2 3.0704E-2 2.2047E-2 5.82014E-2 5.88691E-2 6.30121E-2 6.17125E-2 6.86396E-2 9.53894E-2 1.11331E-1 8.01496E-2 7.83529E-2 5.3484E-2 1.03303E-1 1.1527E-1 1.79328E-1 1.87213E-1 1.92627E-1 2.16944E-1 2.81113E-1 6.68765E-1 5.41288E-1 5.01735E-1 6.12627E-1 9.5097E-1 9.6977E-1 7.56212E-1 2.90429E-1 2.45162E-1 3.07308E-1 4.36654E-1 4.18985E-1 5.43386E-1 5.77586E-1 5.24523E-1 6.92087E-1 6.94978E-1 5.9919E-1 6.99357E-1 5.80939E-1 6.61383E-1 7.5706E-1 8.87439E-1 7.9761E-1 8.22525E-1 9.55079E-1 9.89486E-1
4.61414E-4 6.49359E-4 8.07783E-4 5.28124E-4 1.02253E-3 9.97724E-4 1.31762E-3 1.16432E-3 1.04626E-3 3.60829E-3 1.95945E-3 4.04586E-3 2.92094E-3 2.19539E-3 2.24116E-3 4.08635E-3 6.21217E-3 4.16998E-3 4.26726E-3 6.26322E-3 7.08958E-3 7.31573E-3 9.08695E-3 6.83077E-3 1.51148E-2 2.0159E-2 3.85792E-2 5.01236E-2 1.00201E-1 9.66446E-2 1.05599E-1 4.5027E-2 3.13069E-2 1.06996E-1 8.93801E-2 6.04989E-2 9.88742E-2 1.46614E-1 2.20336E-1 3.55487E-1 3.40297E-1 3.11107E-1 2.70485E-1 5.15657E-1 5.93965E-1 8.79327E-1 9.02945E-1 7.07377E-1 6.24545E-1 5.21254E-1 3.65765E-1 5.71947E-1 5.79541E-1 5.08761E-1 5.61038E-1 9.43156E-1 6.61842E-1 7.00105E-1 7.00314E-1 7.37917E-1 8.534E-1 6.84879E-1 5.64273E-1 4.25484E-1 6.82702E-1 9.42378E-1 7.85433E-1 9.57971E-1 9.9015E-1 9.8905E-1
8.00109E-4 3.02283E-4 5.65583E-4 5.87322E-4 8.43175E-4 8.01569E-4 2.2392E-3 2.41388E-3 1.44421E-3 1.97249E-3 2.33107E-3 2.00389E-3 4.26846E-3 4.36646E-3 5.51438E-3 5.52866E-3 5.57917E-3 1.97371E-3 5.20965E-3 1.77321E-3 7.19198E-3 1.01671E-2 1.55581E-2 1.45037E-2 1.8488E-2 2.02336E-2 3.97049E-2 4.4429E-2 7.97577E-2 7.67655E-2 1.56439E-1 8.96745E-2 1.33541E-1 1.66734E-1 2.01789E-1 2.71523E-1 1.54754E-1 1.48128E-1 2.15421E-1 3.53086E-1 3.53577E-1 3.43206E-1 6.7175E-1 7.3402E-1 6.14529E-1 4.72509E-1 5.79528E-1 7.4886E-1 5.62003E-1 7.82793E-1 7.56154E-1 6.72101E-1 6.99948E-1 7.19868E-1 6.54878E-1 7.26037E-1 5.21115E-1 4.21289E-1 4.55181E-1 5.03282E-1 5.48693E-1 6.57752E-1 6.92629E-1 6.83586E-1 7.31099E-1 8.53509E-1 9.28001E-1 9.91425E-1 9.88074E-1 9.42978E-1
4.71621E-4 3.01843E-4 4.96556E-4 5.87599E-4 6.5867E-4 1.64184E-3 3.51732E-3 3.68176E-3 1.58955E-3 2.7207E-3 1.83122E-3 1.65403E-3 3.23447E-3 3.77612E-3 6.1848E-3 3.39424E-3 4.52779E-3 1.84099E-3 4.70275E-3 4.63484E-3 5.85152E-3 5.20364E-3 1.01183E-2 1.05155E-2 2.46017E-2 2.23692E-2 2.5892E-2 2.80056E-2 9.63497E-2 1.26857E-1 1.76611E-1 1.61335E-1 1.92873E-1 1.83331E-1 2.5901E-1 4.00726E-1 2.4204E-1 2.02574E-1 2.28771E-1 2.41669E-1 3.07926E-1 3.85352E-1 4.46504E-1 7.32279E-1 6.99025E-1 6.63897E-1 4.57221E-1 6.56648E-1 6.81369E-1 8.74631E-1 7.49475E-1 6.8759E-1 6.59622E-1 5.49929E-1 5.28343E-1 7.2774E-1 7.78153E-1 6.04511E-1 5.61716E-1 6.1904E-1 6.5407E-1 7.77171E-1 7.77085E-1 8.23105E-1 7.11114E-1 8.16065E-1 8.5049E-1 9.15989E-1 9.27726E-1 9.10006E-1
4.65193E-4 3.93633E-4 4.43161E-4 6.46828E-4 1.22934E-3 2.07334E-3 9.21578E-3 4.96988E-3 2.03818E-3 4.07649E-3 3.53059E-3 2.73806E-3 2.41942E-3 4.89972E-3 4.22219E-3 4.22776E-3 6.80672E-3 4.28487E-3 2.18944E-3 8.01697E-3 8.49093E-3 8.76828E-3 1.07192E-2 1.22546E-2 1.33002E-2 2.16142E-2 2.15583E-2 4.03605E-2 5.57274E-2 9.50905E-2 1.12002E-1 1.38707E-1 1.48039E-1 1.51496E-1 2.93108E-1 3.25994E-1 2.44828E-1 1.58935E-1 2.13744E-1 2.55173E-1 3.06506E-1 3.38653E-1 4.21627E-1 6.67679E-1 6.33898E-1 6.74409E-1 5.607E-1 6.74028E-1 5.12867E-1 5.29263E-1 7.23438E-1 6.79914E-1 6.82861E-1 5.67191E-1 5.37101E-1 7.96507E-1 6.67552E-1 6.56419E-1 5.34983E-1 6.1173E-1 6.45402E-1 7.1611E-1 7.65375E-1 6.34146E-1 6.33559E-1 6.71588E-1 7.80705E-1 6.91091E-1 7.91892E-1 9.22018E-1
8.6235E-4 6.90917E-4 1.33508E-3 1.19809E-3 1.3515E-3 3.02782E-3 4.55684E-3 2.33029E-3 2.26279E-3 3.21014E-3 4.57836E-3 7.19491E-3 3.63082E-3 5.23747E-3 3.68064E-3 7.9617E-3 9.1942E-3 4.6593E-3 2.3381E-3 6.9329E-3 1.12916E-2 1.50811E-2 1.49645E-2 1.15161E-2 1.43272E-2 1.66131E-2 3.89628E-2 3.366E-2 3.2984E-2 7.37169E-2 8.66781E-2 1.17018E-1 1.59187E-1 9.36586E-2 1.83927E-1 2.15282E-1 1.9627E-1 2.37281E-1 3.16576E-1 3.38089E-1 3.81828E-1 3.83516E-1 3.51152E-1 4.68188E-1 5.14547E-1 5.81297E-1 5.30731E-1 5.12525E-1 4.59301E-1 3.76319E-1 5.17604E-1 6.53797E-1 7.01102E-1 5.43255E-1 7.03082E-1 7.57935E-1 6.20984E-1 4.79526E-1 6.47714E-1 4.54145E-1 5.45706E-1 7.42572E-1 6.21662E-1 6.60593E-1 5.27371E-1 4.34962E-1 5.5273E-1 7.42202E-1 8.88002E-1 9.81615E-1
4.22592E-4 3.48535E-4 1.60177E-3 1.86051E-3 1.47021E-3 1.77091E-3 2.91502E-3 2.57921E-3 1.46823E-3 1.71093E-3 1.2637E-2 1.67546E-2 1.35169E-2 1.53383E-2 5.61221E-3 2.41472E-3 3.78184E-3 3.41155E-3 2.81545E-3 4.59726E-3 5.6142E-3 9.97649E-3 1.27641E-2 1.81647E-2 1.76983E-2 1.79088E-2 2.53585E-2 2.36123E-2 2.42119E-2 5.05268E-2 9.04931E-2 1.64372E-1 9.71486E-2 6.219E-2 1.52586E-1 1.51603E-1 1.35724E-1 2.27395E-1 3.51415E-1 2.94958E-1 4.06195E-1 5.46237E-1 7.38375E-1 6.29487E-1 7.00061E-1 4.95493E-1 4.43223E-1 4.72648E-1 4.27868E-1 3.87402E-1 4.79979E-1 5.67357E-1 6.84017E-1 7.08923E-1 6.97756E-1 8.21347E-1 7.14771E-1 6.16345E-1 7.76089E-1 5.77652E-1 6.82473E-1 4.51945E-1 5.58211E-1 3.90295E-1 5.8811E-1 3.54738E-1 4.46913E-1 5.55018E-1 6.2389E-1 9.7306E-1
4.36448E-4 1.81914E-3 1.88239E-3 2.11241E-3 1.53081E-3 3.74801E-3 2.56206E-3 6.36451E-3 1.41499E-2 1.19362E-2 1.1695E-2 1.14946E-2 1.80353E-2 4.54811E-3 4.11284E-3 1.674E-3 2.23472E-3 4.73002E-3 3.97192E-3 3.9256E-3 4.24541E-3 4.12043E-3 4.49082E-3 4.54206E-3 1.0039E-2 1.7401E-2 2.53364E-2 4.84136E-2 5.88203E-2 5.7666E-2 6.19054E-2 8.14013E-2 1.40745E-1 1.58071E-1 2.11967E-1 1.88944E-1 1.21972E-1 2.88552E-1 3.35419E-1 3.25235E-1 4.87725E-1 4.97921E-1 5.49624E-1 4.12433E-1 6.67249E-1 4.80438E-1 2.34732E-1 3.93354E-1 3.11569E-1 5.06822E-1 6.39213E-1 3.56775E-1 6.44558E-1 6.08541E-1 7.00563E-1 8.3901E-1 7.72069E-1 3.45494E-1 5.22375E-1 4.42705E-1 3.882E-1 5.89303E-1 4.78476E-1 4.24162E-1 3.66454E-1 5.31139E-1 6.85623E-1 5.68736E-1 9.14766E-1 8.76096E-1
5.04354E-4 1.2719E-3 5.25872E-4 9.11676E-4 1.22619E-3 1.98747E-3 4.67521E-3 4.95546E-3 5.78181E-3 3.80096E-3 1.02887E-2 7.87571E-3 9.13149E-3 1.27409E-2 5.28074E-3 2.50063E-3 6.35338E-3 6.10647E-3 7.94469E-3 9.13657E-3 6.65473E-3 3.69225E-3 6.15422E-3 8.55834E-3 1.32934E-2 1.07556E-2 3.56059E-2 3.37709E-2 6.17887E-2 7.56931E-2 8.5683E-2 4.78524E-2 1.15697E-1 1.07892E-1 1.59413E-1 2.2785E-1 1.73367E-1 1.93459E-1 2.3138E-1 2.24696E-1 3.12668E-1 3.64369E-1 7.08811E-1 6.79523E-1 3.44432E-1 1.65359E-1 1.72054E-1 4.34271E-1 5.76589E-1 7.58439E-1 9.9335E-1 8.23234E-1 8.76197E-1 7.88352E-1 8.83939E-1 9.43587E-1 9.72792E-1 9.95974E-1 8.8223E-1 8.21563E-1 8.8334E-1 8.14554E-1 7.95301E-1 6.9209E-1 4.56417E-1 7.90111E-1 9.68944E-1 9.69442E-1 8.74152E-1 9.32238E-1
1.63839E-3 2.42345E-3 2.0431E-3 1.1141E-3 2.59829E-3 2.4936E-3 3.29206E-3 7.72306E-3 6.22743E-3 3.07976E-3 6.20707E-3 8.30229E-3 5.79402E-3 6.39666E-3 1.85964E-3 6.08271E-3 1.70498E-3 6.41359E-3 8.47172E-3 1.50576E-2 1.04394E-2 7.42373E-3 7.26826E-3 8.34057E-3 1.45583E-2 8.92129E-3 3.14793E-2 4.84994E-2 7.75518E-2 1.13522E-1 1.37338E-1 7.47713E-2 1.62914E-1 1.67704E-1 2.30274E-1 2.6717E-1 3.11147E-1 2.59807E-1 4.60231E-1 3.31742E-1 5.06846E-1 5.11499E-1 5.92348E-1 7.24182E-1 5.35055E-1 1.73022E-1 3.05108E-1 4.60441E-1 5.61861E-1 5.86932E-1 5.71903E-1 8.39788E-1 8.87581E-1 8.91717E-1 8.97565E-1 9.67425E-1 9.95405E-1 9.69967E-1 8.04802E-1 9.25126E-1 9.32629E-1 9.58415E-1 8.92769E-1 8.19841E-1 6.87913E-1 7.97707E-1 8.89598E-1 8.88148E-1 9.20065E-1 9.90424E-1
2.88477E-3 2.39747E-3 2.33041E-3 1.29641E-3 1.53E-3 2.4655E-3 1.41072E-3 4.82785E-3 6.83892E-3 7.61519E-3 6.94937E-3 9.00666E-3 7.45426E-3 3.79659E-3 2.65267E-3 9.40953E-3 5.95558E-3 6.92257E-3 6.1473E-3 1.1962E-2 1.49488E-2 4.9184E-3 1.20902E-2 1.07552E-2 6.93143E-3 2.67598E-2 5.49455E-2 4.83266E-2 7.99576E-2 9.39856E-2 1.67474E-1 1.64976E-1 1.10019E-1 1.16364E-1 2.37788E-1 1.36494E-1 2.17463E-1 3.9396E-1 4.61489E-1 6.23187E-1 8.52344E-1 8.50358E-1 7.5108E-1 7.62899E-1 5.07514E-1 2.18494E-1 2.84932E-1 4.85408E-1 6.43562E-1 8.00601E-1 5.33146E-1 6.26621E-1 7.0475E-1 9.01723E-1 7.73282E-1 9.26719E-1 9.98411E-1 9.04716E-1 9.26351E-1 9.20209E-1 8.26443E-1 9.08554E-1 7.8308E-1 6.71775E-1 6.12707E-1 8.81974E-1 9.5078E-1 9.51687E-1 9.09478E-1 9.82714E-1
2.12517E-3 2.40882E-3 2.23324E-3 1.40305E-3 1.08683E-3 1.61368E-3 1.88229E-3 3.64782E-3 6.46432E-3 1.97746E-2 1.51446E-2 8.05398E-3 8.99648E-3 1.06557E-2 6.50052E-3 4.93047E-3 1.03062E-2 9.56148E-3 5.3619E-3 8.81764E-3 1.19249E-2 9.35601E-3 1.47201E-2 1.86891E-2 1.42447E-2 2.11077E-2 3.39761E-2 4.04947E-2 7.3335E-2 7.87513E-2 1.40801E-1 2.12764E-1 1.83013E-1 1.18957E-1 2.26015E-1 2.28579E-1 2.87617E-1 3.93159E-1 4.53719E-1 6.7565E-1 8.48073E-1 8.07396E-1 9.32332E-1 9.47654E-1 5.00308E-1 2.00134E-1 4.69927E-1 6.32507E-1 6.16385E-1 5.76846E-1 5.79027E-1 6.49561E-1 6.99346E-1 8.87801E-1 8.85355E-1 9.71344E-1 9.90819E-1 8.87427E-1 8.46995E-1 8.78882E-1 9.55813E-1 9.35575E-1 9.11104E-1 8.57436E-1 6.20676E-1 9.146E-1 9.90583E-1 9.91195E-1 9.50612E-1 9.87375E-1
1.53653E-3 1.41054E-3 6.86033E-4 5.78226E-4 1.12043E-3 1.82366E-3 1.32209E-3 3.669E-3 5.23379E-3 2.3384E-2 3.35158E-2 3.54327E-2 8.68393E-3 5.21487E-3 6.18922E-3 5.23854E-3 7.67754E-3 1.18349E-2 1.16969E-2 1.4368E-2 1.14338E-2 7.57675E-3 8.29895E-3 1.01243E-2 1.83126E-2 1.60411E-2 3.25269E-2 4.7878E-2 8.75575E-2 8.92432E-2 1.86335E-1 1.92833E-1 2.5289E-1 2.39578E-1 2.97931E-1 4.46207E-1 4.32554E-1 5.14366E-1 8.90068E-1 8.86273E-1 9.14619E-1 8.19075E-1 8.12999E-1 9.49589E-1 5.55389E-1 2.81801E-1 3.7638E-1 5.03825E-1 4.94427E-1 6.34581E-1 7.3577E-1 7.53793E-1 8.0584E-1 9.92003E-1 9.97636E-1 9.9591E-1 9.83917E-1 9.57504E-1 8.86242E-1 8.465E-1 8.77522E-1 9.16441E-1 8.9857E-1 9.53058E-1 8.99637E-1 8.64833E-1 8.89506E-1 9.60643E-1 9.63135E-1 9.73325E-1
3.03256E-3 1.52731E-3 7.09798E-4 1.24173E-3 1.49921E-3 1.85773E-3 1.34606E-3 3.00472E-3 1.16805E-2 2.63689E-2 4.55561E-2 1.43582E-2 1.59179E-2 8.91464E-3 1.092E-2 3.8262E-3 3.41037E-3 4.33261E-3 1.8866E-2 3.59181E-3 7.86828E-3 1.52425E-2 1.3063E-2 1.39237E-2 5.0453E-2 3.12134E-2 3.93954E-2 6.39875E-2 9.91177E-2 8.75181E-2 6.1546E-2 1.65308E-1 3.5566E-1 3.04567E-1 4.91983E-1 3.2367E-1 3.3349E-1 8.15845E-1 9.52092E-1 9.18788E-1 8.72019E-1 8.6209E-1 9.72698E-1 9.60299E-1 9.29418E-1 6.16737E-1 3.47632E-1 5.07405E-1 7.51969E-1 7.33293E-1 9.19808E-1 9.48768E-1 7.37204E-1 6.89515E-1 8.83717E-1 9.48106E-1 9.7609E-1 9.93224E-1 9.41438E-1 7.07806E-1 8.13199E-1 8.71713E-1 9.62867E-1 8.83781E-1 9.83078E-1 9.76984E-1 9.8002E-1 9.9029E-1 9.98859E-1 9.96516E-1
1.49033E-3 1.20868E-3 1.31625E-3 1.73752E-3 1.83591E-3 3.50881E-3 6.13208E-3 7.9306E-3 9.58098E-3 6.69345E-3 1.49069E-2 1.10514E-2 8.96103E-3 5.86295E-3 7.73482E-3 9.68119E-3 1.01003E-2 7.21458E-3 7.44084E-3 1.32632E-2 2.1689E-2 1.6799E-2 1.71737E-2 2.24941E-2 3.75892E-2 2.81693E-2 8.61238E-2 6.20102E-2 5.86522E-2 7.89215E-2 1.05857E-1 1.83206E-1 2.75339E-1 3.56997E-1 5.26477E-1 6.89228E-1 4.01498E-1 5.75219E-1 8.95362E-1 9.52396E-1 8.80335E-1 9.82155E-1 9.54783E-1 9.71613E-1 8.1978E-1 6.99483E-1 3.91376E-1 7.93284E-1 8.62822E-1 8.72477E-1 9.05222E-1 8.32368E-1 8.33603E-1 9.82737E-1 9.94222E-1 9.9925E-1 9.98887E-1 9.72108E-1 9.89953E-1 8.59906E-1 8.09962E-1 9.40355E-1 9.26933E-1 9.95207E-1 9.19984E-1 9.87245E-1 9.98351E-1 9.96347E-1 9.98068E-1 9.98362E-1
6.07965E-4 1.13998E-3 2.33571E-3 4.77626E-3 5.54357E-3 6.42832E-3 2.0285E-2 6.53165E-3 6.56263E-3 2.08073E-2 1.96876E-2 2.10296E-2 1.79793E-2 8.27982E-3 8.11188E-3 1.10022E-2 8.59545E-3 8.85284E-3 5.6954E-3 6.26201E-3 2.15725E-2 1.92372E-2 1.71777E-2 3.36558E-2 3.47332E-2 6.56954E-2 8.03209E-2 8.1903E-2 1.53947E-1 1.51219E-1 1.68152E-1 2.47883E-1 2.67089E-1 4.0037E-1 7.35188E-1 8.30209E-1 8.29163E-1 9.49708E-1 9.34041E-1 8.42021E-1 9.08301E-1 9.57305E-1 9.57245E-1 9.78611E-1 6.76635E-1 6.44823E-1 6.73216E-1 8.48567E-1 7.73387E-1 8.11487E-1 7.81432E-1 9.51603E-1 8.79683E-1 9.68271E-1 9.84784E-1 9.89699E-1 9.74517E-1 9.35985E-1 9.43839E-1 9.4132E-1 7.77204E-1 9.83346E-1 9.98973E-1 9.99646E-1 9.9708E-1 9.93605E-1 9.47204E-1 9.9854E-1 9.92995E-1 9.98712E-1
1.06639E-3 7.05049E-3 1.29235E-2 1.65054E-2 9.4803E-3 8.94747E-3 1.98219E-2 8.89528E-3 6.64784E-3 1.5617E-2 1.61095E-2 1.47285E-2 2.20534E-2 1.37984E-2 8.41943E-3 7.08764E-3 6.37904E-3 8.16056E-3 8.82098E-3 7.87846E-3 2.02813E-2 1.89765E-2 1.54261E-2 1.95988E-2 3.51216E-2 6.47031E-2 4.83781E-2 1.03593E-1 1.63938E-1 1.80552E-1 1.45863E-1 1.6114E-1 2.96446E-1 6.91817E-1 7.96695E-1 8.86929E-1 9.61641E-1 9.65423E-1 9.09807E-1 8.61851E-1 9.5902E-1 7.10571E-1 8.80525E-1 9.11311E-1 8.0259E-1 6.93513E-1 6.00776E-1 9.36795E-1 7.20329E-1 7.29704E-1 8.60953E-1 8.58393E-1 6.66517E-1 8.90524E-1 8.70199E-1 9.11749E-1 9.63607E-1 6.52241E-1 7.17748E-1 8.28638E-1 8.69193E-1 9.92065E-1 9.88705E-1 9.99824E-1 9.99997E-1 9.95837E-1 9.90513E-1 9.985E-1 9.98644E-1 9.98232E-1
4.77107E-3 2.09973E-2 1.21512E-2 1.9967E-2 1.41188E-2 1.72787E-2 2.41992E-2 1.77977E-2 1.15645E-2 6.80939E-3 1.21247E-2 6.41288E-3 6.91377E-3 1.03912E-2 1.02392E-2 5.90614E-3 1.17185E-2 9.81148E-3 1.1518E-2 1.07825E-2 3.34471E-2 2.55357E-2 2.72213E-2 3.82401E-2 4.83353E-2 5.30545E-2 8.14976E-2 9.94258E-2 2.02135E-1 2.09857E-1 2.14063E-1 2.15016E-1 3.16145E-1 7.57863E-1 7.18289E-1 8.43065E-1 8.97397E-1 9.00044E-1 9.41605E-1 9.49079E-1 9.57634E-1 9.83991E-1 9.94441E-1 9.88609E-1 8.09851E-1 5.65486E-1 6.2963E-1 9.0247E-1 8.07441E-1 8.08883E-1 8.18709E-1 8.10792E-1 8.17164E-1 8.40855E-1 9.21177E-1 9.80659E-1 9.12379E-1 9.45964E-1 9.52878E-1 9.52908E-1 9.28016E-1 9.90921E-1 9.94225E-1 9.98088E-1 9.88864E-1 9.95597E-1 9.91986E-1 9.9878E-1 9.98871E-1 9.99916E-1
1.20852E-2 2.72572E-2 2.82961E-2 3.13594E-2 1.94087E-2 2.52835E-2 2.18781E-2 1.07072E-2 1.62979E-2 1.24834E-2 6.82294E-3 6.82398E-3 5.53129E-3 6.21964E-3 4.34775E-3 2.99541E-3 9.22016E-3 5.96746E-3 6.54904E-3 4.03971E-2 2.55358E-2 2.42051E-2 4.18121E-2 4.74304E-2 4.27459E-2 7.83215E-2 8.59414E-2 1.56744E-1 2.12966E-1 2.44801E-1 2.42148E-1 3.44758E-1 5.37134E-1 6.69101E-1 4.7703E-1 7.70159E-1 8.16009E-1 8.56018E-1 9.10786E-1 8.93413E-1 7.72812E-1 9.75396E-1 9.87939E-1 9.90802E-1 8.79877E-1 7.02791E-1 5.81271E-1 8.60577E-1 8.32696E-1 8.93209E-1 9.47495E-1 8.51286E-1 9.12428E-1 8.85593E-1 9.52572E-1 9.5633E-1 9.65117E-1 9.18143E-1 9.98786E-1 9.98562E-1 9.99368E-1 9.93436E-1 9.9527E-1 9.84055E-1 9.98732E-1 9.81913E-1 9.98402E-1 9.95505E-1 9.99072E-1 9.92439E-1
1.89042E-2 1.79385E-2 2.62823E-2 2.74687E-2 1.87566E-2 1.82502E-2 1.57483E-2 5.26939E-3 6.1553E-3 4.09749E-3 6.48455E-3 6.98436E-3 9.05082E-3 4.60876E-3 5.44087E-3 7.18849E-3 9.70206E-3 8.48467E-3 8.82712E-3 3.16495E-2 1.52964E-2 1.162E-2 3.16838E-2 5.92073E-2 6.23009E-2 1.5416E-1 2.30846E-1 2.29697E-1 2.9153E-1 5.76349E-1 5.16084E-1 7.66667E-1 9.6429E-1 4.43683E-1 5.06204E-1 6.71757E-1 6.66137E-1 8.40102E-1 9.94007E-1 9.02538E-1 9.48824E-1 8.90708E-1 8.49735E-1 8.45672E-1 9.3814E-1 8.83791E-1 9.59129E-1 8.91173E-1 9.36716E-1 9.83003E-1 8.69062E-1 4.20362E-1 9.09973E-1 9.92823E-1 9.67507E-1 8.96404E-1 9.60455E-1 9.90002E-1 9.99448E-1 9.95968E-1 9.57409E-1 9.81253E-1 9.88962E-1 9.99475E-1 9.98886E-1 9.94245E-1 9.99619E-1 9.98807E-1 9.99475E-1 9.96405E-1
1.57782E-2 2.15867E-2 8.95104E-3 1.64054E-2 1.64223E-2 8.43006E-3 4.96933E-3 7.5614E-3 7.93583E-3 6.10635E-3 1.40546E-3 1.97817E-3 6.38832E-3 5.27718E-3 2.46674E-3 7.1185E-3 1.01352E-2 1.44718E-2 1.24333E-2 2.24641E-2 1.56319E-2 1.05815E-2 3.56102E-2 7.14584E-2 1.3091E-1 1.73737E-1 2.58358E-1 4.49468E-1 6.20358E-1 8.12376E-1 9.26281E-1 8.49169E-1 8.81333E-1 6.94225E-1 5.46784E-1 5.50388E-1 5.94709E-1 8.09132E-1 9.48385E-1 7.62721E-1 7.8608E-1 9.78975E-1 9.76744E-1 9.59537E-1 9.7441E-1 9.35373E-1 9.51194E-1 9.33582E-1 9.11951E-1 9.77747E-1 9.87166E-1 8.45367E-1 9.01747E-1 9.30347E-1 9.75586E-1 9.97047E-1 9.93369E-1 9.99437E-1 9.95984E-1 9.91705E-1 9.88632E-1 9.93576E-1 9.99882E-1 9.99907E-1 9.99995E-1 9.99431E-1 9.99966E-1 9.99993E-1 9.96644E-1 9.94751E-1
1.44737E-2 1.99714E-2 1.60215E-2 1.21092E-2 5.28927E-3 6.55249E-3 6.93853E-3 9.03311E-3 6.2601E-3 3.60741E-3 2.63525E-3 5.02551E-3 3.10515E-3 2.39943E-3 6.50055E-3 8.91079E-3 9.35422E-3 2.33638E-2 1.91576E-2 2.80866E-2 8.21991E-3 2.47791E-2 3.08709E-2 1.23217E-1 1.26245E-1 1.65934E-1 2.95761E-1 7.64116E-1 9.17638E-1 9.44282E-1 9.19672E-1 8.54225E-1 7.3072E-1 7.2357E-1 7.46857E-1 5.89596E-1 6.08063E-1 5.72097E-1 8.75513E-1 9.67984E-1 9.69959E-1 7.84802E-1 7.85711E-1 7.81549E-1 9.84348E-1 9.2231E-1 9.27673E-1 9.03014E-1 9.81078E-1 9.59687E-1 9.50009E-1 9.85757E-1 9.75026E-1 9.78457E-1 9.92725E-1 9.92568E-1 9.96535E-1 9.94004E-1 9.87345E-1 9.91651E-1 9.78682E-1 9.79107E-1 9.94581E-1 9.98505E-1 9.98925E-1 9.99996E-1 9.99999E-1 9.99993E-1 9.99991E-1 9.99846E-1
2.09157E-2 2.0475E-2 1.59498E-2 7.83003E-3 6.25534E-3 8.07203E-3 5.65759E-3 6.36601E-3 2.24658E-3 2.95069E-3 3.00663E-3 2.28609E-3 2.59827E-3 4.97983E-3 5.12407E-3 9.61138E-3 8.85217E-3 1.44682E-2 1.25846E-2 1.20198E-2 1.40378E-2 3.20923E-2 8.34774E-2 1.09315E-1 1.2547E-1 1.45826E-1 2.56824E-1 5.61355E-1 9.06386E-1 9.31969E-1 6.14341E-1 7.75979E-1 7.9293E-1 7.03365E-1 8.76707E-1 7.35793E-1 7.8947E-1 7.74577E-1 8.55912E-1 8.62623E-1 9.88161E-1 9.93797E-1 9.10731E-1 9.2702E-1 9.80456E-1 9.77621E-1 9.44792E-1 7.26696E-1 9.5699E-1 9.47545E-1 9.60509E-1 9.87171E-1 9.89416E-1 9.93769E-1 9.94649E-1 9.15473E-1 8.62865E-1 9.86128E-1 9.96055E-1 9.99629E-1 9.83258E-1 9.89642E-1 8.72782E-1 8.9823E-1 9.98689E-1 9.99995E-1 9.99997E-1 9.99919E-1 9.98739E-1 9.99695E-1
2.0197E-2 1.61271E-2 6.87377E-3 5.72092E-3 8.93457E-3 7.62117E-3 5.71036E-3 3.24399E-3 3.94914E-3 1.66518E-3 1.51278E-3 2.7168E-3 2.51096E-3 4.58642E-3 5.79122E-3 9.27597E-3 8.239E-3 1.03484E-2 8.57294E-3 1.43841E-2 1.45568E-2 2.41981E-2 6.31515E-2 1.4327E-1 1.41367E-1 1.39982E-1 3.21263E-1 4.5885E-1 7.55186E-1 7.28207E-1 6.35273E-1 6.94599E-1 8.4152E-1 7.2403E-1 8.52557E-1 7.70438E-1 8.31284E-1 9.49617E-1 9.35644E-1 9.29136E-1 9.31828E-1 9.68645E-1 9.65168E-1 9.3668E-1 9.60641E-1 9.86984E-1 8.84399E-1 8.96298E-1 9.07718E-1 9.69529E-1 9.39486E-1 9.93214E-1 9.99374E-1 9.98084E-1 9.93353E-1 9.62014E-1 9.86877E-1 9.66325E-1 9.95631E-1 9.98337E-1 9.9779E-1 9.69448E-1 9.69999E-1 9.85917E-1 9.98195E-1 9.98825E-1 9.99981E-1 9.99993E-1 9.98036E-1 9.9952E-1
