ENM/Final_Models/M_2_F_lq_Set_1_E/Gustavia_santanderiensis_Choco_max.asc
ncols         367
nrows         963
xllcorner     -78.6
yllcorner     0.65
cellsize      0.00833333333333323
NODATA_value  -9999
[rows 680 to 713 of 963, columns 150 to 224 of 367]
1E0 1E0 1E0 1E0 1E0 1E0 1E0 1E0 1E0 1E0 1E0 1E0 1E0 1E0 1E0 1E0 1E0 1E0 1E0 1E0 9.99988E-1 1E0 9.99995E-1 1E0 9.99999E-1 1E0 1E0 9.99719E-1 7.93702E-1 6.85471E-1 7.14991E-1 3.3801E-1 9.99721E-1 1E0 9.99994E-1 9.85897E-1 7.64708E-1 9.94064E-1 9.99613E-1 9.3076E-1 9.9219E-1 9.99995E-1 9.90192E-1 8.9434E-1 7.60296E-1 1.28811E-1 5.59334E-2 1.83358E-2 1.12663E-3 5.55526E-4 6.61031E-5 8.7548E-5 1.39934E-4 1.41683E-3 4.72286E-4 1.09026E-3 3.08058E-4 1.02717E-3 1.32145E-3 7.67363E-4 4.05717E-4 8.65678E-5 1.14753E-5 7.74381E-5 3.52004E-4 7.937E-4 -9999 -9999 -9999 -9999 -9999 -9999 -9999 -9999 -9999
1E0 1E0 1E0 1E0 1E0 1E0 1E0 1E0 1E0 1E0 1E0 1E0 1E0 1E0 1E0 1E0 1E0 1E0 1E0 1E0 9.99743E-1 9.99999E-1 1E0 1E0 1E0 1E0 1E0 1E0 1E0 9.91671E-1 9.88216E-1 9.97634E-1 9.99904E-1 1E0 1E0 1E0 9.99999E-1 9.99974E-1 9.99536E-1 9.95813E-1 9.99943E-1 9.99994E-1 9.55954E-1 9.59521E-1 6.23202E-1 5.45842E-1 9.14278E-2 9.46424E-3 1.63284E-2 5.66832E-4 1.28404E-5 4.90725E-6 9.64216E-5 5.4562E-4 4.22906E-4 3.17737E-4 3.30708E-4 2.46417E-4 2.22102E-4 7.27454E-5 2.79014E-5 1.0939E-5 3.28708E-5 1.10467E-4 6.26808E-4 5.7222E-3 -9999 -9999 -9999 -9999 -9999 -9999 -9999 -9999 -9999
1E0 1E0 1E0 1E0 1E0 1E0 1E0 1E0 1E0 1E0 1E0 1E0 1E0 1E0 1E0 9.99999E-1 1E0 1E0 1E0 9.98684E-1 9.9055E-1 9.99346E-1 1E0 1E0 1E0 1E0 1E0 1E0 9.97546E-1 9.66357E-1 9.83978E-1 8.34563E-1 9.91657E-1 9.99993E-1 9.99919E-1 8.07861E-1 8.77378E-1 9.97102E-1 9.87889E-1 9.99981E-1 9.9996E-1 9.99958E-1 9.93125E-1 9.35052E-1 8.07333E-1 2.69655E-1 9.49749E-3 3.14857E-3 1.11494E-3 2.12308E-3 3.58836E-5 1.97584E-5 1.25288E-4 5.94061E-4 1.21266E-4 4.13288E-5 5.2921E-5 1.95277E-4 1.41312E-4 2.3982E-5 3.03571E-5 4.62376E-5 6.10935E-5 7.29483E-5 1.1821E-3 2.81825E-3 -9999 -9999 -9999 -9999 -9999 -9999 -9999 -9999 -9999
1E0 1E0 1E0 1E0 1E0 1E0 1E0 1E0 1E0 1E0 1E0 1E0 1E0 1E0 1E0 1E0 1E0 1E0 1E0 9.99992E-1 9.8693E-1 9.99348E-1 1E0 1E0 1E0 1E0 1E0 1E0 1E0 9.99686E-1 9.98564E-1 8.70525E-1 8.08621E-1 9.00548E-1 9.92351E-1 6.59474E-1 7.8936E-1 9.99249E-1 9.99987E-1 9.99999E-1 9.99969E-1 9.94774E-1 9.34104E-1 9.106E-1 8.31824E-1 3.97892E-2 9.99693E-3 1.10665E-3 4.33426E-4 6.24277E-3 7.85528E-4 7.3597E-4 3.11937E-3 9.70804E-4 4.10153E-4 1.07875E-4 2.83614E-5 4.67231E-5 4.14837E-5 3.1676E-5 9.65566E-5 1.45804E-4 1.85995E-4 6.83769E-5 1.36687E-4 4.80084E-4 -9999 -9999 -9999 -9999 -9999 -9999 -9999 -9999 -9999
1E0 1E0 1E0 1E0 1E0 1E0 1E0 1E0 1E0 1E0 1E0 1E0 1E0 1E0 1E0 1E0 1E0 1E0 1E0 9.99646E-1 9.99856E-1 9.76251E-1 9.99996E-1 1E0 1E0 1E0 1E0 1E0 9.99999E-1 1E0 9.99995E-1 9.92917E-1 8.05859E-1 8.64912E-1 8.90776E-1 7.81593E-1 9.88198E-1 9.97124E-1 1E0 1E0 9.34325E-1 7.26624E-1 6.87109E-1 9.83122E-1 3.59157E-1 1.31218E-2 1.01572E-2 1.98005E-3 7.48041E-4 6.38014E-3 1.894E-3 6.82146E-3 6.83588E-3 2.62433E-3 1.57484E-3 1.94678E-4 3.49215E-5 1.28412E-5 1.46658E-5 2.10571E-5 3.87786E-5 4.70896E-5 2.22414E-4 9.71577E-4 1.42663E-4 2.88934E-4 -9999 -9999 -9999 -9999 -9999 -9999 -9999 -9999 -9999
1E0 1E0 1E0 1E0 1E0 1E0 1E0 1E0 1E0 1E0 1E0 1E0 1E0 1E0 1E0 1E0 1E0 1E0 1E0 9.99945E-1 9.99946E-1 9.98565E-1 9.99772E-1 9.95236E-1 9.99988E-1 1E0 1E0 1E0 1E0 1E0 1E0 9.99994E-1 9.99477E-1 9.92703E-1 8.91621E-1 9.94515E-1 1E0 9.99992E-1 9.99996E-1 1E0 9.99998E-1 9.64814E-1 9.49797E-1 9.47549E-1 3.86895E-1 8.22183E-3 3.59434E-3 1.08851E-3 1.6877E-3 1.82041E-2 1.37026E-2 1.60346E-2 6.86703E-3 4.01925E-3 1.61909E-3 3.91436E-4 4.2092E-5 9.8922E-6 1.14752E-5 1.94063E-5 2.47763E-5 1.79873E-5 8.24576E-5 4.40492E-4 7.98949E-4 -9999 -9999 -9999 -9999 -9999 -9999 -9999 -9999 -9999 -9999
1E0 1E0 1E0 1E0 1E0 1E0 1E0 1E0 1E0 1E0 1E0 1E0 1E0 1E0 1E0 1E0 1E0 1E0 1E0 1E0 9.99987E-1 1E0 9.99963E-1 9.98815E-1 9.99799E-1 1E0 1E0 9.99998E-1 9.99996E-1 1E0 9.99999E-1 1E0 1E0 9.99386E-1 9.68442E-1 9.99941E-1 1E0 1E0 9.99641E-1 9.99931E-1 9.99883E-1 9.87544E-1 9.1329E-1 8.50198E-1 3.04011E-1 1.03598E-2 1.52569E-3 1.66017E-3 4.07558E-3 2.4762E-2 1.51572E-2 1.8962E-3 3.14313E-4 1.52748E-4 9.55538E-5 4.89933E-5 1.42354E-5 3.47425E-5 6.3487E-5 9.45564E-5 2.37414E-4 3.64399E-5 2.82988E-5 7.53466E-5 2.38188E-4 -9999 -9999 -9999 -9999 -9999 -9999 -9999 -9999 -9999 -9999
1E0 1E0 1E0 1E0 1E0 1E0 1E0 1E0 1E0 1E0 1E0 1E0 1E0 1E0 1E0 1E0 1E0 1E0 1E0 1E0 9.99191E-1 9.99912E-1 1E0 1E0 1E0 1E0 1E0 1E0 9.99993E-1 9.96599E-1 9.9987E-1 9.99999E-1 9.99996E-1 9.99721E-1 9.97022E-1 9.99997E-1 1E0 1E0 9.99996E-1 9.70982E-1 9.44548E-1 9.89427E-1 8.81215E-1 7.5209E-1 3.47439E-1 3.74824E-2 1.87057E-3 1.32546E-2 2.53352E-2 1.28739E-2 4.56082E-3 2.73266E-4 9.26186E-5 7.22909E-5 6.39333E-5 1.53744E-5 1.80252E-5 2.36235E-5 4.46065E-5 4.50856E-4 8.75296E-4 1.58042E-4 1.39841E-4 1.51784E-4 -9999 -9999 -9999 -9999 -9999 -9999 -9999 -9999 -9999 -9999 -9999
1E0 1E0 1E0 1E0 1E0 1E0 1E0 1E0 1E0 1E0 1E0 1E0 1E0 1E0 1E0 1E0 1E0 1E0 1E0 1E0 1E0 1E0 1E0 1E0 1E0 1E0 1E0 9.99999E-1 1E0 9.99996E-1 9.99995E-1 1E0 1E0 1E0 9.97108E-1 9.99991E-1 1E0 1E0 9.99993E-1 8.60853E-1 7.59669E-1 4.57611E-1 3.75471E-1 5.40958E-1 2.13969E-1 3.29268E-2 2.27843E-3 3.14808E-3 7.49631E-3 5.20146E-3 2.35421E-3 1.27944E-3 1.83564E-3 4.78341E-4 4.36371E-5 2.69685E-5 2.52687E-5 8.91151E-5 2.44576E-4 4.0763E-4 6.59924E-4 1.1642E-3 7.27529E-4 6.79698E-4 -9999 -9999 -9999 -9999 -9999 -9999 -9999 -9999 -9999 -9999 -9999
1E0 1E0 1E0 1E0 1E0 1E0 1E0 1E0 1E0 1E0 1E0 1E0 1E0 1E0 1E0 1E0 1E0 1E0 9.99845E-1 9.99999E-1 1E0 1E0 1E0 1E0 1E0 9.99966E-1 9.95081E-1 1E0 1E0 1E0 1E0 1E0 1E0 1E0 9.99862E-1 9.99998E-1 1E0 9.99832E-1 5.9656E-1 9.70782E-1 7.07423E-1 6.03242E-1 4.09444E-1 2.98592E-1 1.90814E-1 1.00158E-1 2.52871E-3 4.97297E-4 1.61184E-3 8.21494E-3 1.75942E-2 1.14591E-2 4.78438E-3 1.11055E-3 8.46903E-5 8.63201E-5 1.47197E-5 9.40997E-5 9.87745E-5 1.42741E-4 5.94741E-4 9.06493E-4 5.85978E-4 -9999 -9999 -9999 -9999 -9999 -9999 -9999 -9999 -9999 -9999 -9999 -9999
1E0 1E0 1E0 1E0 1E0 1E0 1E0 1E0 1E0 1E0 1E0 1E0 1E0 1E0 1E0 1E0 1E0 1E0 1E0 9.99999E-1 9.99523E-1 9.99621E-1 9.99977E-1 9.99927E-1 9.99992E-1 9.99332E-1 9.20266E-1 9.87314E-1 9.99944E-1 1E0 1E0 1E0 1E0 1E0 9.72419E-1 9.45641E-1 9.15289E-1 8.96361E-1 8.95847E-1 9.96378E-1 9.91196E-1 9.26838E-1 5.17325E-1 7.31392E-1 3.66122E-1 1.90306E-1 1.29091E-2 4.27778E-4 4.98033E-4 2.65721E-4 6.36295E-3 2.24345E-2 8.28537E-3 3.88153E-3 1.4752E-4 7.49212E-5 3.45245E-5 6.35762E-5 4.6339E-4 5.72155E-4 6.3792E-5 1.98261E-4 1.45407E-3 -9999 -9999 -9999 -9999 -9999 -9999 -9999 -9999 -9999 -9999 -9999 -9999
1E0 1E0 1E0 1E0 1E0 -9999 1E0 1E0 -9999 1E0 1E0 1E0 1E0 1E0 1E0 1E0 1E0 1E0 1E0 9.99994E-1 9.99704E-1 9.99496E-1 1E0 1E0 9.99959E-1 9.98606E-1 9.95429E-1 9.29824E-1 9.99959E-1 1E0 9.99995E-1 1E0 9.9996E-1 9.99985E-1 8.57792E-1 8.98544E-1 9.89936E-1 8.45125E-1 9.98085E-1 9.95954E-1 9.82876E-1 8.27354E-1 8.76343E-1 9.01556E-1 7.09915E-1 3.57194E-1 2.59349E-1 4.22897E-2 6.13937E-4 3.48135E-4 4.63832E-3 2.30615E-2 6.66248E-3 2.42899E-3 1.40973E-4 9.74512E-5 5.70217E-5 5.14946E-5 1.25859E-3 8.95457E-4 1.61424E-4 1.37553E-3 -9999 -9999 -9999 -9999 -9999 -9999 -9999 -9999 -9999 -9999 -9999 -9999 -9999
1E0 1E0 1E0 1E0 1E0 1E0 1E0 1E0 1E0 1E0 1E0 1E0 1E0 1E0 1E0 1E0 1E0 1E0 1E0 1E0 1E0 9.99996E-1 1E0 1E0 9.99986E-1 1E0 9.99477E-1 9.99181E-1 1E0 9.99999E-1 9.99934E-1 9.99596E-1 9.94764E-1 9.99992E-1 9.99949E-1 9.96981E-1 9.36289E-1 9.94678E-1 9.99914E-1 9.99748E-1 9.99389E-1 9.99716E-1 9.9955E-1 9.52227E-1 5.47989E-1 2.77337E-1 4.64605E-1 3.45494E-1 1.09247E-2 1.0411E-3 1.92585E-2 1.82849E-2 1.74758E-2 5.24131E-3 1.59878E-4 1.17829E-4 2.71389E-5 1.19648E-4 8.97349E-4 4.78665E-4 6.67196E-4 3.03894E-4 -9999 -9999 -9999 -9999 -9999 -9999 -9999 -9999 -9999 -9999 -9999 -9999 -9999
1E0 1E0 1E0 1E0 1E0 1E0 1E0 1E0 1E0 1E0 1E0 1E0 1E0 1E0 1E0 1E0 1E0 1E0 1E0 1E0 1E0 1E0 1E0 1E0 1E0 1E0 1E0 9.99948E-1 1E0 9.99997E-1 1E0 1E0 1E0 9.98963E-1 9.40779E-1 9.77451E-1 8.24467E-1 9.81542E-1 9.89127E-1 9.6883E-1 9.90701E-1 9.98578E-1 9.92475E-1 9.16163E-1 3.62421E-1 4.74644E-1 7.17269E-1 4.79355E-1 1.00841E-1 4.58369E-2 1.53806E-2 4.59552E-3 2.71812E-3 6.65546E-4 1.93812E-4 5.19587E-5 2.20578E-5 1.31545E-4 4.57123E-4 5.86327E-4 3.24927E-4 -9999 -9999 -9999 -9999 -9999 -9999 -9999 -9999 -9999 -9999 -9999 -9999 -9999 -9999
1E0 1E0 1E0 1E0 1E0 1E0 1E0 1E0 1E0 -9999 1E0 1E0 1E0 1E0 1E0 1E0 1E0 1E0 1E0 1E0 1E0 1E0 1E0 1E0 1E0 9.99997E-1 1E0 1E0 1E0 1E0 1E0 1E0 1E0 9.84477E-1 9.37291E-1 9.76283E-1 9.98737E-1 1E0 1E0 1E0 1E0 9.99671E-1 7.80998E-1 7.81663E-1 9.222E-1 7.70519E-1 3.54334E-1 2.70262E-2 2.06624E-3 1.2421E-2 4.97415E-3 2.14509E-3 1.58352E-3 8.43696E-5 5.24419E-5 6.95861E-6 1.55089E-5 1.75064E-4 9.26572E-4 5.52302E-4 4.26037E-4 -9999 -9999 -9999 -9999 -9999 -9999 -9999 -9999 -9999 -9999 -9999 -9999 -9999 -9999
1E0 1E0 1E0 1E0 1E0 1E0 1E0 1E0 1E0 1E0 1E0 1E0 1E0 1E0 1E0 1E0 1E0 1E0 9.99999E-1 1E0 1E0 1E0 1E0 1E0 1E0 9.99989E-1 1E0 9.99936E-1 9.96403E-1 9.99998E-1 1E0 1E0 1E0 8.93393E-1 6.6428E-1 9.00355E-1 9.99648E-1 1E0 1E0 1E0 1E0 1E0 9.97153E-1 9.56929E-1 5.58259E-1 3.76774E-1 6.43523E-2 1.25149E-2 5.76241E-4 1.96521E-3 1.94295E-3 4.37568E-4 5.51522E-5 4.14803E-5 4.19748E-5 2.0081E-5 5.13959E-5 4.77296E-4 7.48482E-4 5.36387E-4 -9999 -9999 -9999 -9999 -9999 -9999 -9999 -9999 -9999 -9999 -9999 -9999 -9999 -9999 -9999
1E0 1E0 1E0 1E0 1E0 1E0 1E0 1E0 1E0 1E0 1E0 1E0 1E0 1E0 1E0 1E0 1E0 1E0 1E0 1E0 1E0 1E0 1E0 1E0 1E0 1E0 1E0 9.94346E-1 9.99866E-1 1E0 1E0 1E0 1E0 7.05019E-1 6.37613E-1 7.23059E-1 9.99957E-1 1E0 1E0 1E0 9.99909E-1 1E0 9.94501E-1 5.67005E-1 9.10069E-2 9.43018E-2 3.42145E-2 1.28457E-3 2.91753E-4 2.26976E-4 6.83865E-4 1.49162E-4 4.54251E-5 2.76915E-5 1.15113E-5 5.96864E-5 9.40626E-5 1.10701E-4 3.94995E-4 7.23006E-4 -9999 -9999 -9999 -9999 -9999 -9999 -9999 -9999 -9999 -9999 -9999 -9999 -9999 -9999 -9999
1E0 1E0 1E0 1E0 1E0 1E0 1E0 1E0 1E0 1E0 1E0 1E0 1E0 1E0 1E0 1E0 1E0 1E0 1E0 1E0 1E0 1E0 1E0 1E0 1E0 1E0 1E0 9.97619E-1 9.81835E-1 1E0 1E0 9.99996E-1 1E0 9.99079E-1 8.0414E-1 7.91424E-1 9.87217E-1 9.77471E-1 9.86626E-1 9.92662E-1 9.45054E-1 9.99998E-1 9.98139E-1 3.72079E-1 5.16023E-2 2.57171E-1 1.87991E-1 5.5728E-3 3.02475E-4 1.14942E-3 1.5556E-2 1.77764E-3 6.4933E-5 2.93489E-5 6.72558E-6 2.00114E-4 3.23947E-4 7.34094E-4 6.90057E-4 -9999 -9999 -9999 -9999 -9999 -9999 -9999 -9999 -9999 -9999 -9999 -9999 -9999 -9999 -9999 -9999
1E0 1E0 1E0 1E0 1E0 1E0 1E0 1E0 1E0 1E0 1E0 1E0 1E0 1E0 -9999 1E0 1E0 1E0 1E0 1E0 1E0 1E0 1E0 1E0 1E0 9.98784E-1 1E0 9.99366E-1 9.2944E-1 9.9892E-1 1E0 1E0 9.99994E-1 9.96633E-1 9.99992E-1 9.99535E-1 9.99534E-1 9.98824E-1 9.86855E-1 9.98776E-1 9.88751E-1 9.61634E-1 5.42832E-1 1.90232E-1 1.99482E-1 1.62008E-1 2.17859E-1 1.35619E-2 2.50431E-4 6.87591E-3 3.26268E-2 2.76119E-3 1.04671E-4 4.39987E-5 1.1581E-5 1.33489E-4 4.41239E-4 1.80361E-3 2.99243E-3 -9999 -9999 -9999 -9999 -9999 -9999 -9999 -9999 -9999 -9999 -9999 -9999 -9999 -9999 -9999 -9999
1E0 1E0 1E0 1E0 1E0 1E0 1E0 1E0 1E0 1E0 1E0 1E0 1E0 1E0 1E0 -9999 1E0 1E0 1E0 1E0 1E0 1E0 1E0 1E0 1E0 1E0 9.99864E-1 1E0 9.92531E-1 7.91248E-1 9.99988E-1 1E0 1E0 1E0 9.8731E-1 8.77003E-1 9.96473E-1 9.99969E-1 9.99912E-1 9.99895E-1 9.68333E-1 7.60282E-1 5.95447E-1 4.91388E-1 4.7342E-1 3.30875E-1 2.7917E-1 3.52256E-3 1.51906E-4 9.70931E-4 4.48472E-3 7.00235E-4 4.39875E-5 2.08628E-5 3.36101E-5 3.07529E-5 6.34985E-5 6.48388E-4 -9999 -9999 -9999 -9999 -9999 -9999 -9999 -9999 -9999 -9999 -9999 -9999 -9999 -9999 -9999 -9999 -9999
1E0 1E0 1E0 1E0 1E0 1E0 1E0 1E0 1E0 1E0 1E0 1E0 1E0 1E0 -9999 1E0 1E0 1E0 1E0 1E0 1E0 1E0 1E0 1E0 1E0 9.9111E-1 1E0 1E0 9.99624E-1 9.98597E-1 9.99999E-1 1E0 9.99932E-1 1E0 9.99293E-1 8.93526E-1 9.98066E-1 9.99789E-1 9.99788E-1 9.99948E-1 9.96267E-1 6.38483E-1 2.37779E-1 2.69242E-1 3.80627E-1 3.27359E-1 1.09945E-1 1.10961E-3 2.32005E-4 4.44664E-4 2.31451E-4 5.76705E-5 2.33366E-5 4.24235E-5 7.17296E-5 5.13119E-5 6.22119E-5 -9999 -9999 -9999 -9999 -9999 -9999 -9999 -9999 -9999 -9999 -9999 -9999 -9999 -9999 -9999 -9999 -9999 -9999
1E0 1E0 1E0 1E0 1E0 1E0 1E0 1E0 1E0 1E0 1E0 1E0 1E0 1E0 1E0 1E0 1E0 1E0 1E0 1E0 1E0 1E0 1E0 1E0 1E0 9.99998E-1 1E0 9.44441E-1 9.9996E-1 1E0 9.99996E-1 9.99998E-1 9.99983E-1 9.95552E-1 9.99808E-1 9.96862E-1 9.95104E-1 9.97563E-1 9.98326E-1 9.99668E-1 9.85168E-1 7.17767E-1 2.79179E-1 2.16598E-1 6.60108E-1 3.02677E-1 1.32458E-2 5.64942E-4 4.02874E-3 1.90502E-3 3.75552E-4 8.51777E-5 2.92786E-6 7.36443E-5 1.96138E-4 5.21501E-4 1.84155E-4 -9999 -9999 -9999 -9999 -9999 -9999 -9999 -9999 -9999 -9999 -9999 -9999 -9999 -9999 -9999 -9999 -9999 -9999
1E0 1E0 1E0 1E0 1E0 1E0 1E0 1E0 1E0 1E0 1E0 1E0 1E0 1E0 1E0 1E0 9.99999E-1 1E0 1E0 1E0 1E0 1E0 1E0 1E0 9.99996E-1 9.99801E-1 9.9971E-1 9.99989E-1 9.98872E-1 1E0 1E0 9.99632E-1 9.97627E-1 9.87555E-1 9.99983E-1 1E0 9.975E-1 9.76019E-1 9.88296E-1 9.96322E-1 7.52202E-1 3.20764E-1 1.68686E-1 2.78861E-1 6.8095E-1 1.14615E-1 5.03072E-3 3.12651E-4 3.08447E-4 2.55427E-4 8.64629E-5 1.72665E-5 2.27849E-5 3.60477E-5 2.67833E-4 2.46991E-4 -9999 -9999 -9999 -9999 -9999 -9999 -9999 -9999 -9999 -9999 -9999 -9999 -9999 -9999 -9999 -9999 -9999 -9999 -9999
1E0 1E0 1E0 1E0 1E0 1E0 1E0 1E0 1E0 1E0 1E0 1E0 1E0 1E0 9.98935E-1 1E0 1E0 1E0 9.99996E-1 1E0 1E0 1E0 1E0 1E0 9.98987E-1 9.99977E-1 9.9999E-1 1E0 9.99962E-1 9.99951E-1 9.99999E-1 1E0 9.99996E-1 9.55461E-1 9.97909E-1 1E0 9.99992E-1 9.97487E-1 9.43992E-1 9.8359E-1 2.81982E-1 6.40165E-2 4.7452E-2 1.05834E-1 2.09954E-1 1.05234E-1 2.84812E-3 7.43232E-4 1.04904E-3 6.95213E-4 1.03748E-4 5.43385E-5 2.12394E-5 4.88961E-5 4.80896E-5 1.48155E-4 -9999 -9999 -9999 -9999 -9999 -9999 -9999 -9999 -9999 -9999 -9999 -9999 -9999 -9999 -9999 -9999 -9999 -9999 -9999
1E0 1E0 1E0 1E0 1E0 1E0 1E0 1E0 1E0 1E0 1E0 1E0 1E0 9.96431E-1 9.99869E-1 1E0 1E0 1E0 1E0 1E0 1E0 1E0 1E0 1E0 9.99943E-1 1E0 9.99883E-1 1E0 1E0 9.99996E-1 9.71965E-1 9.88891E-1 9.999E-1 9.65722E-1 9.99937E-1 1E0 1E0 1E0 8.41583E-1 6.48086E-1 4.52903E-1 6.92282E-2 2.82965E-2 2.18397E-2 3.25734E-2 1.50317E-1 1.52036E-2 1.57552E-3 1.20444E-3 2.23112E-3 5.4192E-4 5.18752E-5 7.57556E-5 4.35844E-4 2.83743E-4 6.57097E-4 -9999 -9999 -9999 -9999 -9999 -9999 -9999 -9999 -9999 -9999 -9999 -9999 -9999 -9999 -9999 -9999 -9999 -9999 -9999
1E0 1E0 1E0 1E0 1E0 1E0 1E0 1E0 1E0 1E0 1E0 1E0 1E0 1E0 1E0 1E0 1E0 1E0 1E0 1E0 1E0 9.99999E-1 1E0 1E0 1E0 1E0 1E0 9.99999E-1 9.99466E-1 9.99603E-1 8.16728E-1 9.45765E-1 9.89039E-1 9.3336E-1 9.99066E-1 1E0 1E0 9.99431E-1 9.11154E-1 5.02374E-1 4.13899E-1 1.44992E-1 2.88911E-2 1.01592E-2 2.67998E-3 2.29726E-2 3.39349E-2 6.59062E-3 2.9879E-4 1.49983E-4 1.27954E-4 6.67258E-5 2.23005E-4 1.70834E-3 1.63644E-3 -9999 -9999 -9999 -9999 -9999 -9999 -9999 -9999 -9999 -9999 -9999 -9999 -9999 -9999 -9999 -9999 -9999 -9999 -9999 -9999
1E0 1E0 1E0 1E0 1E0 1E0 1E0 1E0 1E0 1E0 1E0 1E0 1E0 1E0 1E0 1E0 1E0 1E0 1E0 1E0 1E0 1E0 1E0 1E0 1E0 1E0 1E0 9.98638E-1 9.98271E-1 8.45789E-1 9.00251E-1 9.99445E-1 9.81297E-1 9.89732E-1 9.99978E-1 9.99986E-1 9.99787E-1 9.99023E-1 9.98316E-1 9.89687E-1 6.74271E-1 1.68075E-1 3.93291E-3 2.73963E-3 2.15213E-3 1.38572E-3 5.42973E-3 6.03979E-3 6.75924E-4 5.85156E-5 9.01368E-5 1.07225E-3 1.48055E-3 1.18062E-3 1.54352E-3 -9999 -9999 -9999 -9999 -9999 -9999 -9999 -9999 -9999 -9999 -9999 -9999 -9999 -9999 -9999 -9999 -9999 -9999 -9999 -9999
1E0 1E0 1E0 1E0 1E0 1E0 1E0 1E0 1E0 1E0 1E0 1E0 1E0 1E0 1E0 1E0 1E0 1E0 9.88825E-1 9.99662E-1 9.8098E-1 9.85657E-1 9.91584E-1 9.92088E-1 9.9719E-1 1E0 9.79945E-1 9.95991E-1 9.97653E-1 9.65975E-1 9.91347E-1 9.99999E-1 9.81299E-1 9.99989E-1 1E0 1E0 9.98768E-1 9.99497E-1 9.72298E-1 6.57455E-1 4.12464E-1 2.74712E-1 1.10397E-1 1.11562E-1 4.17578E-2 1.27398E-3 6.22261E-4 4.66745E-3 5.05109E-4 1.13583E-4 2.07093E-4 2.29892E-3 7.50309E-3 1.57517E-3 3.64572E-3 -9999 -9999 -9999 -9999 -9999 -9999 -9999 -9999 -9999 -9999 -9999 -9999 -9999 -9999 -9999 -9999 -9999 -9999 -9999 -9999
1E0 1E0 1E0 1E0 1E0 1E0 1E0 1E0 1E0 1E0 9.99949E-1 1E0 1E0 1E0 1E0 9.98738E-1 1E0 9.98885E-1 9.85583E-1 9.34744E-1 9.12747E-1 9.38643E-1 9.46917E-1 8.32878E-1 9.92158E-1 9.99997E-1 9.99998E-1 9.99424E-1 7.42108E-1 8.66778E-1 9.92033E-1 9.90723E-1 9.64754E-1 9.99999E-1 1E0 1E0 1E0 1E0 9.9994E-1 8.34759E-1 2.96286E-1 9.27283E-1 9.15699E-1 6.60572E-1 1.51433E-1 1.8541E-3 4.62602E-4 1.09868E-4 4.98843E-5 9.3625E-5 1.562E-3 5.02955E-3 2.31032E-3 8.82987E-3 8.62727E-3 -9999 -9999 -9999 -9999 -9999 -9999 -9999 -9999 -9999 -9999 -9999 -9999 -9999 -9999 -9999 -9999 -9999 -9999 -9999 -9999
1E0 1E0 1E0 1E0 1E0 1E0 1E0 1E0 1E0 1E0 1E0 1E0 1E0 1E0 9.99924E-1 1E0 9.99152E-1 9.9998E-1 9.93288E-1 7.93893E-1 4.47099E-1 2.33123E-1 5.25025E-1 8.87319E-1 9.98431E-1 9.99996E-1 1E0 9.99974E-1 4.90071E-1 5.92271E-1 7.28457E-1 9.93401E-1 8.7895E-1 9.99351E-1 9.9895E-1 1E0 9.99987E-1 9.80231E-1 8.51109E-1 6.52067E-1 2.18337E-1 3.7443E-1 4.26569E-1 1.05622E-1 1.97157E-2 5.65132E-3 6.81918E-3 2.21442E-4 1.21933E-4 1.00064E-3 1.28756E-3 2.34088E-3 8.68915E-3 1.45898E-2 1.01972E-2 -9999 -9999 -9999 -9999 -9999 -9999 -9999 -9999 -9999 -9999 -9999 -9999 -9999 -9999 -9999 -9999 -9999 -9999 -9999 -9999
9.99999E-1 1E0 1E0 1E0 1E0 1E0 1E0 1E0 1E0 1E0 1E0 1E0 1E0 1E0 1E0 1E0 1E0 1E0 1E0 9.99636E-1 9.94839E-1 6.83322E-1 9.83198E-1 9.84221E-1 1E0 1E0 1E0 9.99995E-1 9.84465E-1 7.02942E-1 7.81874E-1 9.38247E-1 9.87674E-1 9.60283E-1 9.96883E-1 9.90031E-1 9.04193E-1 3.35113E-1 2.49417E-1 2.25507E-1 2.61141E-1 9.55166E-2 2.05836E-1 1.03477E-1 3.24042E-2 4.34286E-2 6.81241E-3 6.89126E-4 5.92558E-4 5.23273E-3 3.39674E-3 4.38988E-3 5.29048E-3 1.62731E-2 8.49345E-3 -9999 -9999 -9999 -9999 -9999 -9999 -9999 -9999 -9999 -9999 -9999 -9999 -9999 -9999 -9999 -9999 -9999 -9999 -9999 -9999
9.98042E-1 9.99999E-1 1E0 1E0 9.99975E-1 1E0 1E0 1E0 1E0 1E0 1E0 1E0 1E0 1E0 1E0 9.99971E-1 9.95084E-1 9.9998E-1 1E0 9.99568E-1 9.99999E-1 9.46132E-1 9.59533E-1 9.93645E-1 1E0 1E0 1E0 9.95258E-1 9.9999E-1 9.82578E-1 9.99075E-1 7.50159E-1 6.95374E-1 8.17687E-1 7.3994E-1 7.98651E-1 9.98928E-1 7.11379E-1 2.11681E-1 9.97085E-2 8.73054E-2 8.77579E-2 1.36875E-1 9.51746E-2 1.01295E-1 1.96156E-2 6.2879E-3 6.23614E-4 3.27986E-4 8.71922E-3 1.07144E-2 1.34617E-2 1.50341E-2 1.14277E-2 8.359E-3 -9999 -9999 -9999 -9999 -9999 -9999 -9999 -9999 -9999 -9999 -9999 -9999 -9999 -9999 -9999 -9999 -9999 -9999 -9999 -9999
9.9988E-1 1E0 9.99998E-1 9.99993E-1 1E0 1E0 1E0 1E0 1E0 1E0 1E0 1E0 1E0 1E0 1E0 9.87573E-1 8.75519E-1 9.91722E-1 9.95717E-1 9.99721E-1 1E0 9.9976E-1 9.90601E-1 9.99966E-1 1E0 1E0 1E0 9.25495E-1 9.93801E-1 9.99471E-1 9.99912E-1 8.25521E-1 7.77045E-1 7.41148E-1 9.23555E-1 6.57285E-1 9.93584E-1 9.05823E-1 6.44001E-1 4.82621E-1 3.50148E-2 4.36147E-3 1.84945E-2 8.85778E-2 5.58508E-2 1.67023E-2 1.86876E-3 1.10328E-3 4.09644E-3 3.61095E-3 7.13183E-3 2.30246E-2 3.05127E-2 2.22121E-3 1.34983E-3 -9999 -9999 -9999 -9999 -9999 -9999 -9999 -9999 -9999 -9999 -9999 -9999 -9999 -9999 -9999 -9999 -9999 -9999 -9999 -9999
1E0 1E0 1E0 1E0 1E0 1E0 1E0 1E0 1E0 1E0 1E0 1E0 1E0 1E0 9.99998E-1 9.93614E-1 9.74662E-1 9.69701E-1 9.94354E-1 9.99739E-1 1E0 9.99974E-1 1E0 1E0 1E0 1E0 1E0 9.9937E-1 9.99908E-1 1E0 9.99973E-1 9.86603E-1 9.15001E-1 9.99991E-1 9.98537E-1 9.11629E-1 9.17348E-1 5.1137E-1 5.0662E-1 5.31506E-2 1.97875E-2 4.44285E-3 1.70669E-3 2.21395E-3 2.23549E-3 3.51493E-3 1.05966E-3 4.24299E-3 6.04791E-3 1.20825E-2 2.30963E-2 4.35738E-2 1.04939E-2 9.19731E-4 2.63173E-4 -9999 -9999 -9999 -9999 -9999 -9999 -9999 -9999 -9999 -9999 -9999 -9999 -9999 -9999 -9999 -9999 -9999 -9999 -9999 -9999
