ENM/Final_Models/M_2_F_lq_Set_1_E/Gustavia_santanderiensis_6_Choco.asc
ncols         367
nrows         963
xllcorner     -78.6
yllcorner     0.65
cellsize      0.00833333333333323
NODATA_value  -9999
[rows 806 to 836 of 963, columns 142 to 212 of 367]
3.05233E-5 5.85433E-6 9.63964E-6 1.66116E-4 4.4114E-4 2.38252E-5 3.1687E-4 1.08598E-3 1.3806E-4 8.43314E-6 6.73247E-7 4.34842E-7 3.32573E-7 3.96129E-6 9.44561E-5 1.82789E-4 2.37049E-3 3.05075E-3 1.30268E-2 -9999 1.32451E-3 1.56419E-2 -9999 -9999 -9999 -9999 -9999 -9999 -9999 -9999 -9999 -9999 -9999 -9999 -9999 -9999 -9999 -9999 -9999 -9999 -9999 -9999 -9999 -9999 -9999 -9999 -9999 -9999 -9999 -9999 -9999 -9999 -9999 -9999 5.16358E-3 2.91487E-3 2.16491E-3 1.75209E-4 3.13506E-5 2.71039E-5 1.35325E-4 6.91717E-5 1.09912E-5 2.91405E-6 2.52262E-6 3.79823E-6 4.08761E-6 7.06412E-6 4.00331E-6 4.49906E-6 3.68895E-6
3.99326E-6 4.60574E-6 9.29595E-5 5.96896E-4 8.45625E-4 4.98117E-4 1.07976E-3 5.03244E-4 5.60424E-5 4.6834E-6 5.62859E-7 4.11503E-7 1.55914E-6 1.45694E-4 3.48778E-4 3.78851E-4 3.31204E-3 3.27648E-3 1.70404E-2 -9999 3.87569E-3 -9999 -9999 -9999 -9999 -9999 -9999 -9999 -9999 -9999 -9999 -9999 -9999 -9999 -9999 -9999 -9999 -9999 -9999 -9999 -9999 -9999 -9999 -9999 -9999 -9999 -9999 -9999 -9999 -9999 -9999 -9999 -9999 -9999 -9999 3.37124E-3 3.18478E-3 6.14642E-4 6.26704E-5 1.22142E-4 1.08218E-4 5.48183E-5 1.58649E-5 6.43791E-6 6.637E-6 4.06101E-6 3.23873E-6 8.97083E-6 6.83401E-6 6.90298E-6 3.82723E-6
5.30934E-6 3.49388E-6 5.38748E-5 1.66664E-3 1.84904E-3 1.75445E-3 1.28058E-3 2.95218E-4 5.22181E-5 4.04829E-6 5.17227E-7 9.34049E-7 4.65779E-6 1.83098E-4 1.11595E-3 1.20736E-3 3.39931E-3 1.60386E-2 -9999 -9999 -9999 -9999 -9999 -9999 -9999 -9999 -9999 -9999 -9999 -9999 -9999 -9999 -9999 -9999 -9999 -9999 -9999 -9999 -9999 -9999 -9999 -9999 -9999 -9999 -9999 -9999 -9999 -9999 -9999 -9999 -9999 -9999 -9999 -9999 -9999 -9999 1.99113E-3 1.21109E-4 2.05878E-4 3.83605E-4 2.33818E-4 6.10252E-5 2.08033E-5 1.15274E-5 1.39252E-5 1.33489E-5 9.14057E-6 4.95978E-6 1.61174E-5 6.12457E-6 3.51993E-6
2.08391E-6 7.04953E-6 5.22949E-5 1.13943E-3 3.64357E-3 1.72932E-3 5.5897E-4 1.69884E-4 6.2221E-5 8.3055E-6 1.24763E-6 4.45499E-7 2.66532E-5 5.8449E-4 1.23111E-3 4.37852E-3 2.29837E-3 6.37948E-3 -9999 -9999 -9999 -9999 -9999 -9999 -9999 -9999 -9999 -9999 -9999 -9999 -9999 -9999 -9999 -9999 -9999 -9999 -9999 -9999 -9999 -9999 -9999 -9999 -9999 -9999 -9999 -9999 -9999 -9999 -9999 -9999 3.45556E-3 2.84956E-3 3.39537E-3 -9999 -9999 -9999 -9999 2.13743E-3 2.60633E-3 1.27311E-3 2.79895E-4 7.07251E-5 1.40828E-5 1.86339E-5 1.80661E-5 4.10634E-5 1.33714E-5 1.09311E-6 7.82361E-6 9.1244E-6 6.20235E-6
1.14543E-6 7.34373E-6 2.23157E-4 3.54941E-3 2.7689E-3 5.36558E-4 7.44615E-5 8.19858E-6 3.56566E-6 1.5986E-6 6.18318E-7 1.22114E-5 1.2284E-4 9.41855E-4 2.9848E-3 8.8155E-3 -9999 -9999 4.66701E-3 -9999 -9999 -9999 -9999 -9999 -9999 -9999 -9999 -9999 -9999 -9999 -9999 -9999 -9999 -9999 -9999 -9999 -9999 -9999 -9999 -9999 -9999 -9999 -9999 -9999 -9999 -9999 -9999 -9999 -9999 -9999 4.20004E-4 4.76614E-4 2.23259E-3 3.29548E-3 3.53062E-3 -9999 -9999 7.72633E-3 5.4291E-3 4.07347E-3 2.4648E-4 3.78189E-5 6.76197E-5 1.10995E-4 1.11148E-4 5.98745E-5 9.39263E-6 1.58593E-6 1.1083E-5 9.78966E-6 4.95981E-6
1.32923E-6 7.97457E-6 4.86926E-4 5.77107E-3 2.25024E-3 4.38594E-4 4.00493E-5 1.19697E-5 1.95834E-6 2.30655E-6 3.94464E-6 8.0168E-5 8.72542E-4 1.30061E-3 5.28884E-3 7.94702E-3 -9999 -9999 7.04418E-3 -9999 -9999 -9999 -9999 -9999 -9999 -9999 -9999 -9999 -9999 -9999 -9999 -9999 -9999 -9999 -9999 -9999 -9999 -9999 -9999 -9999 -9999 -9999 -9999 -9999 -9999 -9999 -9999 -9999 -9999 -9999 3.00516E-4 2.80625E-4 2.29978E-3 1.18682E-3 4.35863E-4 5.12488E-4 1.11056E-3 1.37078E-3 5.16781E-3 3.53772E-3 1.99865E-3 1.72323E-4 2.97726E-4 1.3042E-4 7.69666E-5 2.22938E-5 1.81023E-6 1.354E-6 2.87189E-6 6.09796E-6 5.42805E-6
5.46348E-6 1.37098E-5 7.1813E-4 6.02811E-3 1.82329E-3 4.11299E-4 5.28767E-5 1.37145E-5 7.76177E-6 2.79357E-6 3.7339E-6 7.49288E-5 1.93618E-3 1.84167E-3 6.04436E-3 -9999 -9999 -9999 -9999 -9999 -9999 -9999 -9999 -9999 -9999 -9999 -9999 -9999 -9999 -9999 -9999 -9999 -9999 -9999 -9999 -9999 -9999 -9999 -9999 -9999 -9999 -9999 -9999 -9999 -9999 -9999 -9999 5.33227E-3 6.61841E-3 -9999 -9999 3.03224E-4 4.22734E-4 5.29518E-4 3.79406E-4 1.06321E-4 3.08009E-5 6.18774E-5 1.28504E-3 4.33371E-3 1.53646E-3 1.82602E-3 2.67064E-4 6.73515E-5 2.18472E-5 2.65896E-6 5.44807E-6 7.06616E-6 6.25087E-6 1.05679E-5 4.93272E-6
1.94224E-6 3.06455E-5 1.17051E-3 8.14831E-3 1.81765E-3 1.89559E-4 5.32959E-5 1.92135E-4 3.92326E-4 2.46667E-5 7.57204E-6 1.64689E-4 3.66747E-3 8.84985E-3 2.73384E-3 8.77884E-3 -9999 -9999 -9999 -9999 -9999 -9999 -9999 -9999 -9999 -9999 -9999 -9999 -9999 -9999 -9999 -9999 -9999 -9999 -9999 -9999 -9999 -9999 -9999 -9999 -9999 -9999 -9999 -9999 -9999 -9999 -9999 4.38825E-3 7.8127E-3 -9999 -9999 2.44182E-4 4.24694E-4 6.6136E-5 4.02946E-5 2.18484E-5 5.63249E-5 1.10856E-4 7.81E-4 1.81222E-3 2.45361E-3 2.34355E-3 8.23753E-5 3.51243E-5 7.2938E-6 7.68882E-6 1.47968E-5 2.54923E-5 2.62217E-5 1.19659E-5 4.2562E-6
1.80609E-4 3.93475E-4 2.63418E-3 3.90185E-3 1.54059E-3 8.88921E-5 6.16617E-5 5.63034E-4 6.71759E-5 9.80712E-6 5.5485E-5 1.23666E-3 3.94587E-3 1.03373E-2 -9999 -9999 2.85544E-2 -9999 -9999 -9999 -9999 -9999 -9999 -9999 -9999 -9999 -9999 -9999 -9999 -9999 -9999 -9999 -9999 -9999 -9999 -9999 -9999 -9999 -9999 -9999 -9999 -9999 -9999 -9999 -9999 -9999 -9999 3.19647E-3 7.23955E-3 1.90218E-3 9.64384E-4 3.78416E-4 7.20103E-4 2.69447E-5 4.07359E-6 4.20233E-5 1.67092E-4 8.13442E-4 7.10043E-4 9.42693E-5 1.62403E-4 1.52578E-3 3.67737E-4 1.92559E-4 2.98245E-4 1.30038E-4 5.83446E-5 3.582E-5 3.2816E-5 4.94597E-6 4.45864E-6
2.33258E-3 1.4735E-3 6.84845E-3 4.63662E-3 1.02626E-3 9.01497E-4 1.56293E-3 8.29093E-4 1.18778E-4 2.04154E-5 3.0522E-4 2.51202E-3 4.67901E-3 6.08635E-3 7.84674E-3 -9999 -9999 -9999 -9999 -9999 -9999 -9999 -9999 -9999 -9999 -9999 -9999 -9999 -9999 -9999 -9999 -9999 -9999 -9999 -9999 -9999 -9999 -9999 -9999 -9999 -9999 -9999 -9999 -9999 -9999 -9999 -9999 2.38489E-3 7.42664E-4 1.33927E-3 1.54861E-3 1.00433E-3 2.52363E-4 4.23127E-5 1.1793E-5 6.03225E-5 1.22505E-4 2.18178E-4 1.70846E-4 1.95434E-5 4.38451E-5 7.20736E-4 1.64109E-4 9.1733E-5 9.39175E-5 6.43917E-5 2.33515E-5 9.67411E-6 6.4643E-6 1.28531E-6 2.1191E-6
1.30549E-2 3.57163E-3 4.55016E-3 3.13031E-3 3.52712E-3 2.53046E-3 3.93756E-4 2.04871E-4 7.68819E-5 2.63763E-5 5.25721E-4 5.68979E-3 9.76096E-3 9.49293E-3 1.03161E-2 -9999 -9999 -9999 -9999 -9999 -9999 -9999 -9999 -9999 -9999 -9999 -9999 -9999 -9999 -9999 -9999 -9999 -9999 -9999 -9999 -9999 -9999 -9999 -9999 -9999 -9999 -9999 -9999 -9999 -9999 -9999 -9999 -9999 2.73885E-4 4.26252E-4 3.5992E-4 1.78914E-4 1.08989E-4 2.83382E-5 4.79035E-6 1.56288E-5 7.27435E-5 3.42432E-5 2.63957E-5 1.22954E-5 9.2524E-5 6.71605E-4 8.13635E-4 1.0822E-4 3.86734E-5 1.18373E-5 4.28638E-6 2.0837E-6 3.39071E-6 1.89352E-6 2.63287E-6
3.96107E-3 9.63808E-4 2.61274E-3 1.05897E-3 7.31096E-4 1.29172E-3 7.78126E-5 3.91128E-5 7.31574E-6 9.8159E-6 4.21829E-4 1.66234E-2 -9999 -9999 -9999 -9999 -9999 -9999 -9999 -9999 -9999 -9999 -9999 -9999 -9999 -9999 -9999 -9999 -9999 -9999 -9999 -9999 -9999 -9999 -9999 -9999 -9999 -9999 -9999 -9999 -9999 -9999 -9999 -9999 -9999 -9999 3.52778E-3 4.45413E-4 1.48615E-3 7.37522E-4 1.77646E-4 1.4831E-4 8.89659E-5 9.54953E-6 1.46188E-6 2.47301E-6 1.61257E-5 7.32357E-6 3.22205E-6 3.49698E-5 2.27286E-5 1.27058E-4 3.48155E-4 1.29061E-4 4.25736E-5 8.32908E-6 6.77325E-7 5.39914E-7 1.89823E-6 9.79409E-6 1.74535E-5
1.41934E-2 5.36894E-3 7.99524E-4 2.42753E-4 1.82082E-4 1.67057E-4 2.98275E-5 5.94337E-6 2.23144E-6 1.6252E-5 4.28066E-4 9.93856E-3 -9999 -9999 -9999 -9999 -9999 -9999 -9999 -9999 -9999 -9999 -9999 -9999 -9999 -9999 -9999 2.9468E-3 3.84185E-3 2.77327E-3 -9999 -9999 -9999 -9999 -9999 -9999 -9999 -9999 -9999 -9999 -9999 -9999 -9999 -9999 -9999 -9999 -9999 -9999 1.60653E-3 2.86133E-4 6.9448E-5 3.09064E-5 2.02768E-5 4.22019E-6 3.59236E-6 3.02143E-6 2.10822E-6 1.90602E-6 5.33255E-6 2.07616E-5 4.58404E-5 1.81141E-5 2.65378E-4 3.07969E-4 1.41843E-4 5.67596E-5 4.88091E-6 1.04866E-5 6.49774E-6 6.93847E-6 1.31197E-5
1.05742E-2 6.02263E-3 5.57708E-4 1.84053E-4 3.33397E-5 4.37617E-6 9.48829E-7 1.40387E-6 2.83136E-6 5.6146E-5 2.13393E-3 3.03187E-2 2.3067E-2 -9999 -9999 -9999 -9999 -9999 -9999 -9999 -9999 -9999 -9999 -9999 -9999 -9999 3.23524E-3 2.45092E-3 4.82203E-3 2.25241E-3 1.87824E-3 -9999 -9999 -9999 -9999 -9999 -9999 -9999 -9999 -9999 -9999 -9999 -9999 -9999 -9999 -9999 -9999 -9999 3.11191E-4 2.45301E-4 3.10923E-5 9.12735E-6 8.72923E-6 1.53916E-5 1.17204E-5 3.09267E-6 9.01257E-7 1.25406E-6 2.49959E-6 8.88674E-6 2.65689E-5 1.37301E-5 3.56043E-5 3.49291E-4 1.21134E-4 1.62738E-4 1.29788E-4 2.1853E-4 9.60586E-5 1.24746E-4 7.78185E-5
1.08622E-2 1.94979E-2 1.13355E-3 3.35747E-4 1.04335E-4 3.68152E-6 4.62698E-7 5.96367E-7 5.47735E-6 1.50792E-4 5.85912E-3 1.64585E-2 1.93346E-2 -9999 -9999 -9999 -9999 -9999 -9999 -9999 -9999 -9999 -9999 -9999 -9999 2.13848E-3 3.98609E-3 2.27704E-3 4.97822E-3 4.25614E-3 3.64181E-3 5.70353E-3 -9999 7.85965E-3 1.53338E-2 -9999 -9999 -9999 -9999 -9999 -9999 -9999 -9999 -9999 -9999 -9999 -9999 1.77858E-3 2.95505E-4 4.77445E-4 5.45352E-5 1.25238E-5 8.51509E-6 2.37411E-5 3.26695E-5 3.84715E-6 1.58205E-6 1.08225E-6 7.5868E-7 1.03037E-6 1.15627E-6 1.98296E-6 5.95113E-5 5.23515E-5 3.83695E-5 1.46065E-4 7.96265E-5 1.19743E-5 4.73284E-5 2.38655E-5 7.47086E-6
1.84635E-3 8.59439E-3 1.25817E-3 1.90285E-4 3.1813E-5 2.89917E-5 4.00266E-6 1.62143E-6 2.86702E-5 5.03453E-4 6.94745E-3 3.66048E-2 4.93651E-2 -9999 -9999 -9999 -9999 -9999 -9999 -9999 -9999 -9999 -9999 -9999 -9999 -9999 2.61661E-3 2.60673E-3 5.49551E-3 3.43314E-3 3.10498E-3 3.55276E-3 2.84534E-3 5.20555E-3 1.84358E-2 -9999 -9999 -9999 -9999 -9999 -9999 -9999 -9999 -9999 7.99723E-3 1.15762E-2 8.85886E-3 2.98414E-3 5.09826E-4 3.52915E-4 2.52078E-4 4.2893E-5 4.21752E-5 4.47043E-5 1.57954E-5 6.00905E-6 1.91608E-6 2.38316E-6 2.01804E-6 3.3696E-6 1.92835E-6 1.3439E-6 9.76447E-6 1.14809E-5 7.54256E-6 5.04183E-5 9.96673E-5 1.58595E-5 1.02064E-5 2.25292E-5 4.9817E-6
5.22187E-4 5.088E-3 1.80908E-3 4.24128E-4 3.49405E-4 5.7348E-5 8.97475E-6 2.4771E-6 2.06772E-5 1.82154E-4 1.04633E-2 3.71639E-2 -9999 -9999 -9999 -9999 -9999 -9999 -9999 -9999 -9999 -9999 -9999 -9999 -9999 5.13303E-3 8.25691E-3 -9999 -9999 2.71766E-3 4.55237E-3 2.34198E-3 4.01661E-3 1.10981E-2 -9999 -9999 -9999 -9999 -9999 -9999 -9999 -9999 -9999 -9999 -9999 -9999 -9999 -9999 -9999 -9999 1.17958E-4 6.844E-5 4.49507E-5 9.50028E-5 4.53438E-5 1.96722E-5 5.84444E-6 2.40296E-6 1.17375E-6 3.46847E-6 3.85267E-6 7.56261E-7 3.34715E-6 4.32666E-6 1.9626E-6 4.02406E-6 2.66768E-5 2.39133E-5 4.86054E-6 1.47779E-5 9.48147E-6
2.8684E-4 2.68367E-3 3.12114E-4 5.64633E-5 7.98728E-5 2.42841E-5 9.77807E-6 3.0485E-6 4.93539E-6 4.56703E-4 9.90399E-3 4.37941E-2 -9999 -9999 -9999 -9999 -9999 -9999 -9999 -9999 -9999 -9999 -9999 -9999 -9999 -9999 -9999 -9999 -9999 2.38413E-3 2.61831E-3 1.98711E-3 5.46036E-3 1.16255E-2 -9999 -9999 -9999 -9999 -9999 -9999 -9999 -9999 -9999 -9999 -9999 -9999 -9999 -9999 -9999 -9999 -9999 2.291E-4 1.66924E-4 2.19775E-4 3.08656E-5 5.21027E-6 3.42389E-6 2.95297E-6 4.86655E-6 2.65692E-6 2.26948E-6 1.91808E-6 4.10695E-6 6.48034E-6 3.49758E-6 7.51741E-6 4.05647E-6 1.61989E-5 5.36717E-6 5.71972E-6 1.49054E-5
5.29033E-5 1.07106E-3 2.33804E-4 2.9586E-5 3.95855E-6 1.41296E-6 1.5138E-6 9.22809E-7 2.97897E-5 1.03789E-3 1.40723E-2 3.33129E-2 -9999 -9999 -9999 -9999 -9999 -9999 -9999 -9999 -9999 -9999 -9999 -9999 -9999 -9999 -9999 -9999 -9999 2.28116E-3 1.993E-3 2.1547E-3 7.21291E-3 2.18166E-2 -9999 -9999 -9999 -9999 -9999 -9999 -9999 -9999 7.05761E-3 1.31505E-2 1.25701E-2 -9999 -9999 -9999 2.73672E-4 3.02359E-4 1.10171E-3 1.24915E-3 9.80574E-4 1.54228E-4 7.15281E-5 2.52676E-5 8.42311E-6 1.71286E-6 2.36131E-6 1.84713E-6 5.17361E-7 2.9041E-6 3.83508E-6 6.63792E-6 6.04381E-6 4.19624E-6 5.90957E-6 7.18612E-6 1.09091E-5 1.55864E-6 4.24888E-6
3.68749E-5 4.53529E-4 2.92617E-4 3.52592E-5 2.33844E-5 1.06144E-6 3.65689E-7 1.57229E-6 2.42062E-5 1.47394E-3 2.07907E-2 3.22959E-2 -9999 -9999 -9999 -9999 -9999 -9999 -9999 -9999 -9999 -9999 -9999 -9999 -9999 -9999 -9999 -9999 7.49995E-3 3.54603E-3 3.58471E-3 3.15313E-3 5.50664E-3 1.79492E-2 -9999 -9999 -9999 -9999 -9999 -9999 -9999 -9999 7.18095E-3 4.8655E-3 2.05418E-3 7.27772E-4 2.54405E-4 1.27738E-5 1.14427E-5 2.03359E-4 1.36082E-4 4.19703E-4 3.98102E-4 1.67166E-4 1.16859E-4 2.00373E-4 1.05005E-4 2.02029E-5 3.36847E-6 1.32691E-6 1.54182E-6 2.44515E-6 6.98674E-6 7.48691E-6 4.21239E-6 2.57381E-6 6.2185E-6 3.61659E-6 8.49561E-6 4.32292E-6 1.71185E-6
2.7949E-6 4.20453E-5 7.29514E-5 2.49077E-6 1.98267E-6 3.17899E-6 2.08421E-6 4.52514E-6 2.10258E-5 3.54426E-4 3.437E-3 3.69467E-2 -9999 -9999 -9999 -9999 -9999 -9999 -9999 -9999 -9999 -9999 -9999 -9999 -9999 -9999 -9999 5.42098E-3 4.09041E-3 2.81667E-3 3.43631E-3 4.62268E-3 4.5191E-3 8.63534E-3 -9999 -9999 -9999 -9999 -9999 -9999 -9999 -9999 1.78336E-3 9.0717E-4 4.69557E-4 4.261E-4 1.162E-4 3.96318E-5 1.70081E-5 1.05567E-4 1.80332E-5 4.43344E-5 1.54377E-4 7.09716E-5 5.9088E-5 3.05359E-5 9.39902E-6 1.41007E-5 1.23788E-5 1.53442E-5 4.08542E-6 2.20072E-6 4.13661E-6 4.8666E-6 4.51507E-6 3.41754E-6 4.23229E-6 7.12863E-6 6.67855E-6 2.61806E-6 2.98499E-6
1.20907E-5 6.15409E-6 1.39629E-5 1.06453E-6 1.71674E-5 5.41023E-5 3.64876E-5 7.25217E-6 3.03715E-5 3.52992E-4 9.40598E-3 3.80506E-2 -9999 -9999 -9999 -9999 -9999 -9999 -9999 -9999 -9999 -9999 -9999 -9999 -9999 -9999 -9999 -9999 -9999 2.47495E-3 3.94473E-3 2.7334E-3 4.01015E-3 9.44814E-3 -9999 -9999 -9999 -9999 -9999 -9999 -9999 -9999 1.19751E-3 3.27546E-4 1.26253E-4 6.29763E-5 1.7841E-5 9.46355E-6 1.12909E-5 1.10936E-4 2.31674E-5 1.83652E-5 6.62884E-5 6.26327E-5 3.80409E-5 1.01746E-4 4.70987E-6 2.68693E-6 2.47046E-6 5.91373E-6 1.114E-5 1.20909E-5 1.13372E-6 7.37705E-6 3.88164E-6 3.85982E-6 3.07319E-6 8.46052E-6 6.6738E-6 7.23973E-6 8.43642E-6
8.43971E-6 1.00569E-6 2.1541E-6 3.64117E-6 2.04927E-5 1.13802E-4 3.09529E-5 7.66518E-6 7.05767E-5 1.52208E-4 2.70153E-3 2.05944E-2 -9999 -9999 -9999 -9999 -9999 -9999 -9999 -9999 -9999 -9999 -9999 -9999 -9999 -9999 -9999 -9999 -9999 -9999 1.36909E-3 1.72995E-3 3.69984E-3 6.93637E-3 -9999 -9999 6.07286E-3 -9999 -9999 -9999 -9999 -9999 1.75887E-3 2.02082E-4 2.53855E-5 1.24787E-5 5.73783E-6 5.05887E-6 1.60729E-5 3.66322E-5 1.61085E-5 3.64057E-6 9.83932E-6 5.14354E-5 1.87779E-5 4.8697E-6 1.11623E-5 2.35196E-6 2.2998E-6 6.91992E-7 8.82401E-6 7.17538E-6 5.50341E-6 1.46504E-5 6.41057E-6 5.66497E-6 1.49504E-6 3.33253E-6 1.06175E-5 2.08258E-6 2.56505E-6
2.51373E-6 1.99329E-6 1.11298E-5 4.72642E-5 5.24577E-5 2.68741E-4 1.59668E-4 1.86187E-5 1.38261E-4 1.06315E-4 5.65099E-4 1.12929E-2 3.05926E-2 -9999 -9999 -9999 -9999 -9999 -9999 -9999 -9999 -9999 -9999 -9999 -9999 -9999 -9999 -9999 -9999 -9999 -9999 1.28266E-3 2.88585E-3 5.69781E-3 -9999 -9999 9.26809E-3 -9999 -9999 -9999 -9999 1.97506E-3 1.97049E-3 4.21997E-4 6.45922E-5 6.37522E-6 3.37363E-6 6.15424E-6 1.64405E-5 1.11371E-5 1.14477E-5 3.13381E-6 4.98796E-6 3.63757E-5 1.33185E-5 1.46289E-6 1.24836E-6 1.1198E-6 5.11359E-6 3.72641E-6 4.76414E-6 3.45146E-6 5.84475E-6 6.34333E-6 7.09587E-6 7.99806E-6 2.86841E-6 1.56606E-6 3.80765E-6 3.82918E-6 4.43705E-6
3.06196E-6 2.06459E-6 4.81643E-5 2.43296E-4 6.18866E-4 4.91897E-4 2.10396E-4 1.08826E-4 4.06166E-4 3.02498E-4 5.40922E-4 1.42463E-2 3.41215E-2 -9999 -9999 -9999 -9999 -9999 -9999 -9999 -9999 -9999 -9999 -9999 -9999 -9999 -9999 -9999 9.3826E-3 -9999 -9999 1.75463E-3 1.36941E-3 3.77589E-3 -9999 -9999 -9999 -9999 -9999 7.06366E-4 6.62137E-4 1.48872E-3 5.33616E-4 1.6239E-4 2.0395E-5 5.99529E-6 8.1079E-6 6.42701E-6 1.10492E-5 9.98758E-6 8.6545E-6 4.82482E-6 4.3151E-6 1.6631E-5 2.93037E-6 1.7161E-6 4.82642E-6 2.61096E-6 4.61828E-6 4.71758E-6 5.85697E-6 3.89432E-6 5.57374E-6 3.3824E-6 6.05859E-6 6.30297E-6 2.86328E-6 1.41167E-6 5.96587E-6 4.13258E-6 1.24889E-5
3.27692E-5 6.01866E-6 4.76635E-6 5.31318E-5 5.67281E-4 1.45486E-3 6.88006E-4 4.48161E-4 2.19744E-3 5.89515E-4 1.20062E-3 2.24332E-2 4.39503E-2 -9999 -9999 -9999 -9999 -9999 -9999 -9999 -9999 -9999 -9999 1.09654E-2 1.90413E-2 -9999 -9999 6.70961E-3 1.04471E-2 -9999 -9999 2.96999E-3 1.82912E-3 8.92287E-3 2.93937E-3 -9999 -9999 1.72446E-3 2.43353E-4 1.94078E-4 2.60524E-4 1.74557E-4 9.19725E-5 1.92057E-5 3.55766E-5 1.25607E-5 8.46617E-6 4.70908E-6 1.16185E-5 1.10979E-5 4.47534E-6 4.14823E-6 4.43137E-6 1.8893E-5 1.00736E-5 2.58784E-6 4.31369E-6 5.25288E-6 6.24249E-6 3.25056E-6 3.21779E-6 3.11511E-6 5.14099E-6 8.65471E-6 4.04779E-6 4.57902E-6 4.11336E-6 2.34074E-6 8.34228E-6 9.08603E-6 4.23621E-6
2.8515E-4 1.11619E-5 2.30765E-6 6.44487E-5 3.53869E-4 2.09963E-3 5.9881E-3 7.46696E-3 4.06552E-3 4.91832E-4 1.53713E-3 2.63568E-2 4.2146E-2 -9999 -9999 -9999 -9999 -9999 -9999 -9999 -9999 -9999 -9999 8.62509E-3 9.11907E-3 -9999 -9999 6.48949E-3 1.08579E-2 -9999 -9999 2.78143E-3 2.1186E-3 4.60662E-3 3.66407E-3 -9999 -9999 8.18457E-4 1.31871E-4 7.92608E-5 2.60429E-5 2.79838E-5 6.85952E-5 5.37173E-5 3.15088E-5 1.5019E-5 3.19265E-6 2.49456E-6 7.40303E-6 4.24622E-6 3.50894E-6 9.16188E-6 1.1777E-5 1.35084E-5 8.10408E-6 2.64696E-6 2.42145E-6 5.49595E-6 4.84264E-6 3.54558E-6 1.40876E-6 2.05055E-6 3.95508E-6 5.6458E-6 3.53373E-6 2.98915E-6 4.15148E-6 6.70386E-6 1.37142E-5 1.18563E-5 8.06471E-6
7.48371E-5 1.32503E-5 8.22458E-7 5.00812E-6 8.51474E-5 2.31133E-4 4.64865E-3 1.85899E-2 6.34439E-3 5.92604E-4 2.19669E-3 2.69739E-2 5.05075E-2 -9999 -9999 -9999 -9999 -9999 -9999 -9999 -9999 -9999 -9999 9.28581E-3 6.50422E-3 -9999 -9999 7.35087E-3 8.51463E-3 -9999 -9999 2.44294E-3 8.42194E-3 1.40707E-2 5.23786E-3 -9999 -9999 1.59721E-4 5.30822E-5 4.25428E-5 4.24045E-5 1.05446E-4 4.54226E-5 1.36481E-5 5.85588E-6 4.32972E-6 3.0538E-6 1.30188E-6 3.46997E-6 3.66065E-6 1.05625E-6 4.86754E-6 4.19284E-6 1.05864E-5 7.88115E-6 4.3089E-6 3.31926E-6 4.97516E-6 3.97137E-6 2.83394E-6 3.40172E-6 2.7637E-6 4.4963E-6 2.66816E-6 4.11917E-6 4.64317E-6 8.45977E-6 5.77673E-6 7.25289E-6 3.74146E-6 6.52546E-6
6.31768E-6 1.20995E-6 2.43132E-6 5.10563E-5 2.33632E-4 2.35003E-4 4.51741E-4 1.06947E-2 5.04033E-3 4.86603E-3 1.43502E-2 3.22674E-2 9.75694E-2 -9999 -9999 -9999 -9999 -9999 -9999 -9999 -9999 -9999 1.43297E-3 2.67695E-3 5.02838E-3 -9999 -9999 4.60247E-3 6.37122E-3 2.55728E-3 1.51689E-3 2.84378E-3 5.30899E-3 1.18791E-2 6.04769E-3 -9999 2.24764E-3 1.46015E-4 1.09689E-4 2.23216E-4 1.50701E-4 3.80563E-5 1.13407E-5 2.75319E-6 1.94742E-6 3.39418E-6 2.30298E-6 1.59475E-6 1.92676E-6 3.53553E-6 1.27487E-6 2.67219E-6 3.93404E-6 6.39919E-6 5.11972E-6 5.79568E-6 5.38146E-6 5.49703E-6 6.63303E-6 5.7474E-6 5.18178E-6 4.66948E-6 2.33353E-6 2.19993E-6 3.60221E-6 7.82119E-6 8.53728E-6 5.81127E-6 5.44655E-6 4.42377E-6 4.48528E-6
2.01612E-6 5.42293E-7 4.25101E-6 1.69255E-4 8.67837E-4 1.57574E-3 1.74353E-3 1.37078E-2 1.45376E-2 8.08065E-3 3.82088E-2 8.35847E-2 -9999 -9999 -9999 -9999 -9999 -9999 -9999 -9999 -9999 -9999 2.45591E-3 9.26427E-4 1.85418E-3 3.31385E-3 -9999 3.36749E-3 2.2945E-3 3.25173E-3 1.98864E-3 5.91955E-3 7.10731E-3 1.35983E-2 4.83637E-3 4.37248E-3 2.66887E-3 7.19373E-4 3.33411E-4 9.44482E-5 2.73339E-5 1.17654E-5 5.26577E-6 1.49424E-6 2.74805E-6 4.78868E-6 3.38697E-6 2.68251E-6 3.09057E-6 4.78272E-6 2.89378E-6 5.86389E-6 5.06216E-6 7.45274E-6 5.36202E-6 7.83657E-6 6.25153E-6 7.31372E-6 8.51441E-6 8.77293E-6 6.77029E-6 4.92315E-6 3.2928E-6 3.94021E-6 7.01008E-6 9.1287E-6 7.72318E-6 5.77034E-6 4.15272E-6 3.80637E-6 3.07854E-6
4.21717E-6 1.42234E-6 9.7143E-6 3.61454E-4 3.21554E-3 7.59016E-3 1.20155E-2 1.31138E-2 1.86704E-2 3.05646E-2 4.04875E-2 -9999 -9999 -9999 -9999 -9999 -9999 -9999 -9999 7.11587E-3 8.09583E-3 6.4333E-3 3.3001E-3 7.4375E-4 7.7034E-4 1.17826E-3 1.32938E-3 1.65246E-3 1.66865E-3 1.52719E-3 6.19103E-3 5.51822E-3 6.78592E-3 1.42321E-2 5.77391E-3 4.70489E-3 2.5304E-3 7.2095E-4 1.32474E-4 9.33164E-5 3.47483E-5 2.72972E-6 3.07887E-6 2.05466E-6 1.60128E-6 2.55659E-6 2.54E-6 2.47909E-6 3.45642E-6 3.33569E-6 5.17957E-6 2.66045E-6 2.19387E-6 4.16781E-6 5.16395E-6 4.20106E-6 4.46618E-6 1.01157E-5 1.03199E-5 5.93718E-6 6.00713E-6 5.222E-6 5.64607E-6 5.57858E-6 6.71829E-6 6.40039E-6 7.02296E-6 4.57057E-6 3.48526E-6 3.83094E-6 1.67172E-6
