ENM/Final_Models/M_2_F_lq_Set_1_E/Gustavia_santanderiensis_3_Choco.asc
ncols         367
nrows         963
xllcorner     -78.6
yllcorner     0.65
cellsize      0.00833333333333323
NODATA_value  -9999
[rows 120 to 149 of 963, columns 201 to 267 of 367]
9.31886E-2 2.88157E-1 2.40966E-1 2.33227E-1 1.36929E-1 1.35001E-1 1.41051E-1 7.22873E-2 1.14591E-1 1.97334E-1 2.16118E-1 1.31168E-1 9.91654E-2 1.67427E-1 1.59323E-1 2.98169E-1 3.04213E-1 3.96822E-1 2.9096E-1 3.73047E-1 4.43885E-1 3.65361E-1 4.80735E-1 5.81578E-1 4.65439E-1 4.25524E-1 5.05346E-1 7.18187E-1 3.9854E-1 1.71626E-1 6.94617E-1 9.42692E-1 8.63634E-1 7.96718E-1 7.76223E-1 7.87902E-1 8.58845E-1 8.11596E-1 8.16607E-1 7.22824E-1 7.25562E-1 6.26182E-1 5.31894E-1 2.71934E-1 4.14267E-1 4.23631E-1 3.23362E-1 1.79005E-1 6.28992E-2 6.98178E-2 6.27557E-2 1.73529E-2 5.56734E-3 1.05965E-2 1.03844E-2 1.89216E-2 5.84262E-2 1.45027E-1 3.21399E-1 -9999 -9999 -9999 -9999 -9999 -9999 -9999 9.17515E-2
1.51994E-1 3.33027E-1 1.95858E-1 2.37299E-1 2.04344E-1 1.28157E-1 1.81653E-1 1.16283E-1 7.84111E-2 2.24518E-1 2.28521E-1 2.45567E-1 9.57255E-2 1.64229E-1 1.81415E-1 1.39697E-1 2.04784E-1 1.4905E-1 2.79513E-1 2.79954E-1 3.44429E-1 3.95318E-1 2.92579E-1 4.57768E-1 4.7092E-1 6.19584E-1 4.56874E-1 8.37347E-1 2.29545E-1 1.39838E-1 2.94063E-1 7.78025E-1 8.77993E-1 7.21681E-1 6.34419E-1 6.93516E-1 6.86534E-1 8.48762E-1 7.79803E-1 8.52292E-1 7.20921E-1 5.52191E-1 6.23509E-1 4.46365E-1 4.3099E-1 3.70811E-1 1.56497E-1 1.37087E-1 5.90548E-2 3.39989E-2 2.69222E-2 3.68714E-3 3.34487E-3 4.27808E-3 3.47463E-2 6.60148E-2 1.13101E-1 3.24503E-1 2.02799E-1 1.07873E-1 -9999 -9999 -9999 -9999 -9999 -9999 1.23312E-1
1.64617E-1 1.46805E-1 1.47665E-1 1.54096E-1 2.47571E-1 6.61164E-2 1.15802E-1 1.62574E-1 9.86971E-2 9.18466E-2 1.32155E-1 2.07944E-1 1.14043E-1 8.8059E-2 1.59394E-1 2.09497E-1 1.82991E-1 1.88528E-1 2.21884E-1 1.79222E-1 3.31548E-1 4.66356E-1 3.69647E-1 6.19445E-1 4.89322E-1 4.85333E-1 4.06906E-1 6.34422E-1 6.90021E-1 5.63925E-1 6.55611E-1 9.63302E-1 8.95794E-1 7.5793E-1 5.97124E-1 6.07194E-1 7.23387E-1 7.8613E-1 6.89871E-1 7.1756E-1 6.23755E-1 8.02301E-1 6.79144E-1 4.53466E-1 3.54372E-1 2.88533E-1 7.96902E-2 4.14083E-2 6.93855E-2 4.38921E-2 2.28121E-2 4.90936E-3 5.54709E-4 7.07922E-3 1.33369E-2 1.03769E-1 1.78606E-1 2.7227E-1 9.13941E-2 3.28632E-2 -9999 -9999 -9999 -9999 -9999 -9999 2.00699E-1
1.89663E-1 2.18495E-1 8.61369E-2 1.05693E-1 1.1708E-1 5.72044E-2 1.59192E-1 1.73457E-1 2.057E-1 1.27063E-1 1.66565E-1 1.60382E-1 9.11141E-2 9.69994E-2 1.83354E-1 3.20018E-1 2.11176E-1 1.77364E-1 1.55889E-1 1.89825E-1 4.56064E-1 5.56033E-1 3.37843E-1 5.02501E-1 4.46779E-1 4.0963E-1 3.44135E-1 6.4812E-1 7.55712E-1 6.82773E-1 7.62713E-1 8.01215E-1 7.74594E-1 7.85571E-1 8.40531E-1 5.28441E-1 5.56704E-1 7.14514E-1 7.25474E-1 7.57149E-1 6.43469E-1 7.86114E-1 6.32389E-1 4.44017E-1 3.06028E-1 1.12268E-1 2.7403E-2 3.57201E-2 5.55606E-2 2.06845E-2 1.78528E-2 6.43479E-3 3.19215E-3 2.24176E-2 4.71473E-2 1.07253E-1 2.6602E-1 1.10413E-1 7.44853E-2 1.85982E-2 3.32342E-2 -9999 -9999 -9999 -9999 -9999 1.5233E-1
1.58682E-1 1.9598E-1 1.82899E-1 9.47122E-2 1.42569E-1 1.21897E-1 8.64578E-2 1.96571E-1 1.22771E-1 1.35591E-1 1.2204E-1 2.10941E-1 1.18774E-1 2.4374E-1 2.54647E-1 3.01227E-1 1.85591E-1 1.83005E-1 2.07363E-1 4.11285E-1 4.51202E-1 4.57667E-1 2.10159E-1 2.95914E-1 5.03402E-1 5.2362E-1 5.26554E-1 5.2214E-1 6.64981E-1 5.74299E-1 5.65666E-1 7.31024E-1 9.06866E-1 8.07013E-1 8.29501E-1 5.16543E-1 4.3223E-1 3.77265E-1 5.73337E-1 7.66374E-1 6.78969E-1 6.75747E-1 6.29419E-1 4.00456E-1 3.39021E-1 1.03095E-1 3.87522E-2 4.60722E-2 4.38936E-2 1.38814E-2 3.24489E-3 1.24726E-3 2.96499E-3 1.97311E-2 8.54137E-2 1.45605E-1 3.89751E-1 1.37624E-1 5.10274E-2 4.1145E-2 1.04951E-1 -9999 -9999 -9999 -9999 -9999 1.6133E-1
1.22406E-1 3.13318E-1 8.9536E-2 1.48433E-1 1.24553E-1 8.11977E-2 1.65019E-1 9.92068E-2 1.22434E-1 4.14502E-2 1.30073E-1 1.51518E-1 2.4085E-1 2.4686E-1 2.87331E-1 4.24867E-1 1.51039E-1 1.60268E-1 1.2936E-1 2.84642E-1 4.46725E-1 3.73884E-1 3.10806E-1 3.27916E-1 4.71212E-1 6.21397E-1 5.20877E-1 5.99484E-1 5.76926E-1 5.22209E-1 6.0095E-1 8.22611E-1 8.57775E-1 8.49852E-1 9.17395E-1 6.71001E-1 5.36236E-1 4.33025E-1 6.54193E-1 7.44794E-1 7.3447E-1 6.82423E-1 4.85427E-1 3.4842E-1 4.53217E-1 3.31894E-1 5.79376E-2 3.90655E-2 3.53475E-2 7.50822E-3 6.25421E-3 3.26248E-3 1.91195E-2 1.08673E-2 1.1001E-1 3.90083E-1 2.34356E-1 1.00958E-1 8.69904E-2 3.97335E-2 6.78835E-2 7.97546E-2 -9999 -9999 -9999 -9999 1.76811E-1
1.96356E-1 2.37319E-1 9.92847E-2 1.32381E-1 1.25751E-1 8.98929E-2 2.16886E-1 1.80339E-1 1.7022E-1 2.90218E-1 2.34009E-1 2.45601E-1 4.66147E-1 4.52412E-1 4.94266E-1 4.32483E-1 1.71458E-1 1.87849E-1 1.74157E-1 1.51042E-1 3.87461E-1 4.40616E-1 3.53378E-1 3.83627E-1 3.87613E-1 3.72598E-1 4.07869E-1 4.33861E-1 4.81326E-1 8.39765E-1 8.23293E-1 8.56377E-1 8.49574E-1 9.17627E-1 9.18329E-1 7.27926E-1 6.96878E-1 4.22314E-1 5.05661E-1 6.12352E-1 6.93277E-1 4.80737E-1 4.13461E-1 3.76012E-1 4.09846E-1 1.88994E-1 1.13366E-1 1.07574E-1 2.24866E-2 9.59368E-3 4.98508E-3 2.25864E-2 2.93346E-2 6.87869E-2 2.0992E-1 3.52979E-1 8.35649E-2 5.771E-2 1.62641E-1 7.86533E-2 8.81538E-2 7.29624E-2 -9999 -9999 -9999 2.86737E-1 1.36668E-1
4.49267E-1 3.12597E-1 1.94838E-1 1.44493E-1 1.25525E-1 1.28153E-1 1.42577E-1 2.03031E-1 1.63148E-1 2.64539E-1 4.07495E-1 3.60214E-1 4.7703E-1 4.3226E-1 6.2458E-1 5.41487E-1 3.98814E-1 4.94857E-1 2.07516E-1 1.02176E-1 3.63178E-1 4.27256E-1 4.93051E-1 4.23192E-1 4.35157E-1 4.40096E-1 2.98933E-1 3.32899E-1 4.0481E-1 6.15717E-1 7.12575E-1 8.57603E-1 7.44957E-1 9.24623E-1 9.36936E-1 7.74975E-1 6.8112E-1 6.13947E-1 4.1694E-1 4.24184E-1 4.49019E-1 6.26452E-1 5.10801E-1 3.3522E-1 2.91786E-1 3.11656E-1 1.68687E-1 8.73781E-2 2.05671E-2 7.95656E-3 7.82465E-3 2.87637E-2 3.82554E-2 5.74532E-2 1.86341E-1 3.89304E-1 3.63517E-1 2.13966E-1 1.29775E-1 8.80468E-2 1.16123E-1 1.30714E-1 7.36844E-2 -9999 -9999 3.24695E-1 1.7916E-1
3.79786E-1 3.01561E-1 1.64001E-1 1.15166E-1 1.45568E-1 1.48618E-1 1.19554E-1 2.21239E-1 2.23643E-1 3.0131E-1 2.83239E-1 3.15781E-1 3.62903E-1 4.00132E-1 2.71601E-1 6.70901E-1 5.49959E-1 4.05534E-1 3.00297E-1 1.59643E-1 2.09749E-1 3.92822E-1 2.76387E-1 4.22839E-1 2.45686E-1 3.27799E-1 2.8109E-1 3.48857E-1 3.68873E-1 5.52043E-1 5.49562E-1 6.38168E-1 9.18561E-1 9.28588E-1 9.42088E-1 8.34779E-1 7.0747E-1 5.82002E-1 4.6724E-1 4.27092E-1 4.92774E-1 4.75476E-1 4.90269E-1 2.67117E-1 3.24562E-1 3.93099E-1 8.49829E-2 6.86803E-2 2.108E-2 6.12938E-3 4.82432E-3 1.64939E-2 2.30531E-2 7.13403E-2 1.39575E-1 2.07641E-1 3.25959E-1 2.88159E-1 3.05919E-1 2.62868E-1 1.48796E-1 1.31503E-1 6.39076E-2 -9999 -9999 1.14831E-1 2.06237E-1
2.74344E-1 4.13924E-1 3.07439E-1 2.35311E-1 2.00698E-1 1.53497E-1 2.24198E-1 2.27185E-1 2.6823E-1 2.85292E-1 5.54141E-1 4.75642E-1 3.45286E-1 5.06049E-1 4.80685E-1 4.69193E-1 4.51161E-1 5.77681E-1 4.4821E-1 2.46492E-1 2.16133E-1 2.33514E-1 3.72653E-1 2.47991E-1 2.49437E-1 3.03895E-1 3.9067E-1 5.14216E-1 5.0225E-1 6.14316E-1 7.29253E-1 7.71192E-1 7.53113E-1 7.3535E-1 9.56175E-1 6.72039E-1 7.58196E-1 7.50603E-1 5.10877E-1 5.22905E-1 4.17065E-1 4.49196E-1 5.23539E-1 3.74081E-1 4.96297E-1 4.01502E-1 1.60587E-1 6.73391E-2 2.90639E-2 1.10175E-2 1.25602E-2 1.79423E-2 6.29272E-2 7.01646E-2 4.41148E-2 8.00451E-2 1.99955E-1 1.38247E-1 2.20031E-1 2.76774E-1 3.32438E-1 1.61812E-1 7.63709E-2 -9999 -9999 9.57727E-2 1.2866E-1
2.98033E-1 4.05615E-1 1.27476E-1 3.46385E-1 1.805E-1 2.57095E-1 1.63055E-1 5.22594E-1 5.26468E-1 6.14878E-1 5.70273E-1 4.42824E-1 3.85578E-1 5.69265E-1 4.26981E-1 4.95045E-1 4.20606E-1 4.32056E-1 4.20653E-1 3.20278E-1 4.59184E-1 2.97208E-1 2.52047E-1 1.6705E-1 1.73217E-1 1.75914E-1 3.06379E-1 4.40889E-1 6.67004E-1 6.82488E-1 5.06241E-1 7.28298E-1 7.41744E-1 8.81897E-1 9.33578E-1 7.76194E-1 7.01135E-1 6.66609E-1 5.76836E-1 4.93354E-1 6.0321E-1 5.1108E-1 5.51029E-1 4.17391E-1 4.82565E-1 2.89411E-1 1.52244E-1 5.62604E-2 2.07069E-2 6.18303E-3 1.10504E-2 1.46643E-2 6.48496E-2 7.8298E-2 2.73539E-2 3.41583E-2 9.79258E-2 1.17786E-1 2.29206E-1 2.48285E-1 3.17449E-1 1.48105E-1 9.42756E-2 7.84024E-2 -9999 4.83509E-2 9.24723E-2
3.98379E-1 3.6331E-1 2.68898E-1 1.6725E-1 3.6259E-1 3.85914E-1 2.00369E-1 2.92417E-1 1.9519E-1 4.80858E-1 3.54499E-1 5.25963E-1 5.14644E-1 3.55836E-1 3.60782E-1 5.15038E-1 4.29435E-1 3.06322E-1 3.29874E-1 4.095E-1 4.08032E-1 2.12331E-1 3.75332E-1 3.357E-1 2.78397E-1 1.39648E-1 1.69759E-1 4.01518E-1 5.87512E-1 7.97592E-1 7.13356E-1 6.64216E-1 8.85186E-1 9.06319E-1 8.51672E-1 8.66826E-1 9.09372E-1 7.36584E-1 6.26087E-1 4.70221E-1 3.90056E-1 4.78785E-1 6.23454E-1 5.59473E-1 5.44569E-1 4.94805E-1 2.67363E-1 7.02469E-2 4.80541E-2 1.81699E-2 1.28698E-2 2.00887E-2 2.84006E-2 2.2142E-2 4.86049E-2 6.82249E-2 5.99749E-2 2.72954E-2 1.08262E-1 2.05951E-1 2.61905E-1 1.9742E-1 1.07721E-1 1.00081E-1 -9999 -9999 8.19486E-2
4.28239E-1 2.33792E-1 4.54834E-1 5.11771E-1 4.40238E-1 4.1671E-1 3.89595E-1 4.45249E-1 4.47114E-1 3.35967E-1 3.18935E-1 4.83931E-1 4.94087E-1 3.05006E-1 3.2635E-1 2.77642E-1 3.91233E-1 2.69486E-1 2.57588E-1 2.27058E-1 3.02179E-1 3.12967E-1 4.71811E-1 2.8855E-1 3.85036E-1 3.49148E-1 4.7336E-1 8.36475E-1 8.53257E-1 7.94831E-1 7.14139E-1 7.5997E-1 8.57605E-1 9.20032E-1 9.22741E-1 7.95178E-1 7.59274E-1 7.62435E-1 7.37734E-1 7.35546E-1 6.85982E-1 6.92533E-1 7.09114E-1 7.15087E-1 6.74458E-1 5.6562E-1 2.44257E-1 1.10521E-1 2.81835E-2 1.80993E-2 1.55083E-2 3.39523E-2 3.48282E-2 5.08889E-2 7.12036E-2 1.08778E-1 3.5065E-2 4.36247E-2 3.31941E-2 9.88515E-2 1.33959E-1 2.82538E-1 2.42581E-1 1.28432E-1 1.71527E-1 -9999 1.10604E-1
2.74835E-1 1.50869E-1 2.95621E-1 1.97046E-1 2.27364E-1 3.67682E-1 3.11327E-1 3.70299E-1 3.40668E-1 3.72079E-1 5.70626E-1 5.43169E-1 4.45848E-1 5.05138E-1 5.64888E-1 3.07347E-1 4.23943E-1 4.257E-1 4.08454E-1 3.77771E-1 3.6508E-1 3.13286E-1 3.87757E-1 4.98667E-1 5.76708E-1 4.84321E-1 7.09084E-1 9.08705E-1 8.09645E-1 8.69421E-1 8.45373E-1 8.79369E-1 9.67126E-1 9.41289E-1 9.14984E-1 7.8999E-1 8.91369E-1 8.29013E-1 8.35628E-1 7.70444E-1 7.71921E-1 8.43371E-1 6.59892E-1 6.85792E-1 6.14727E-1 5.99476E-1 4.00273E-1 1.65286E-1 4.10001E-2 1.12547E-2 1.247E-2 1.51003E-2 2.58221E-2 3.0034E-2 6.35717E-2 2.21812E-2 2.85265E-2 4.30725E-2 5.4131E-2 5.56711E-2 9.14122E-2 1.22891E-1 2.91145E-1 2.22473E-1 1.71767E-1 -9999 -9999
3.14827E-1 2.23532E-1 2.09826E-1 3.97832E-1 2.11457E-1 2.70426E-1 4.15736E-1 4.08443E-1 3.3413E-1 4.16476E-1 3.46795E-1 3.12496E-1 2.78193E-1 5.3209E-1 5.98474E-1 2.69162E-1 5.30999E-1 4.97085E-1 4.36747E-1 3.99561E-1 3.96092E-1 3.90136E-1 3.43017E-1 5.04473E-1 4.96328E-1 5.48874E-1 4.71785E-1 7.22357E-1 8.29023E-1 7.50756E-1 9.36324E-1 8.82387E-1 9.58185E-1 9.56835E-1 9.57041E-1 8.63938E-1 9.43557E-1 8.82229E-1 8.62839E-1 8.39396E-1 9.07335E-1 8.70284E-1 7.03244E-1 8.51538E-1 8.26259E-1 7.06356E-1 4.99689E-1 1.63169E-1 6.55374E-2 2.10087E-2 1.08162E-2 1.62814E-2 2.04041E-2 1.52223E-2 3.85477E-2 8.27378E-3 2.66829E-2 5.19995E-2 9.86572E-2 5.19706E-2 5.7723E-2 6.23456E-2 2.59333E-1 1.75647E-1 3.09029E-1 -9999 -9999
3.58896E-1 2.86873E-1 3.03676E-1 3.60147E-1 1.86769E-1 2.75961E-1 4.47515E-1 5.48466E-1 3.4608E-1 4.35864E-1 4.1312E-1 4.53259E-1 7.59885E-1 7.96009E-1 8.18583E-1 6.32931E-1 3.52018E-1 5.29475E-1 4.60096E-1 3.80086E-1 3.63282E-1 3.46801E-1 3.4387E-1 3.71671E-1 4.59342E-1 4.61879E-1 4.65356E-1 6.59613E-1 8.2765E-1 9.13624E-1 9.18402E-1 9.06074E-1 9.34578E-1 9.57704E-1 9.33845E-1 8.18407E-1 9.462E-1 8.27535E-1 8.10482E-1 9.04474E-1 7.64525E-1 9.35435E-1 7.26068E-1 6.12502E-1 6.14379E-1 5.52338E-1 4.47854E-1 2.16403E-1 6.78602E-2 2.97516E-2 2.94412E-2 9.15136E-3 6.46357E-3 4.9506E-3 8.27447E-3 1.02851E-2 3.62027E-2 5.72399E-2 4.00026E-2 4.72882E-2 3.25033E-2 5.23474E-2 2.0751E-1 2.82986E-1 3.0372E-1 2.47689E-1 -9999
4.75688E-1 4.89933E-1 4.59725E-1 3.93536E-1 3.52182E-1 4.88003E-1 5.38886E-1 7.67017E-1 8.01465E-1 5.21897E-1 3.89752E-1 5.40383E-1 7.60791E-1 7.27568E-1 8.43912E-1 6.05241E-1 3.20713E-1 3.90414E-1 4.98614E-1 4.60427E-1 3.40022E-1 2.21603E-1 2.4223E-1 3.60687E-1 5.26755E-1 5.15235E-1 7.15381E-1 7.33652E-1 8.40193E-1 7.84173E-1 8.85502E-1 9.05601E-1 8.98753E-1 9.35509E-1 9.40962E-1 9.37677E-1 9.09879E-1 8.01657E-1 7.73494E-1 6.06397E-1 3.3955E-1 4.91866E-1 6.73239E-1 6.4618E-1 5.52665E-1 4.93028E-1 5.47157E-1 3.50284E-1 1.73689E-1 7.75336E-2 3.59654E-2 1.08987E-2 5.25133E-3 3.37343E-3 2.32698E-3 6.31127E-3 2.20546E-2 1.285E-2 6.53802E-3 4.20897E-2 4.73827E-2 5.10086E-2 2.32986E-1 2.07116E-1 1.63844E-1 1.95744E-1 1.25898E-1
4.39149E-1 2.33487E-1 6.38557E-1 6.30875E-1 4.7722E-1 7.85424E-1 7.90282E-1 8.00722E-1 8.06838E-1 6.01237E-1 6.98511E-1 6.81729E-1 7.33517E-1 7.53345E-1 8.78445E-1 8.12954E-1 6.52748E-1 3.89026E-1 6.35226E-1 6.73405E-1 4.46448E-1 3.73118E-1 5.52145E-1 4.56523E-1 5.29913E-1 5.68272E-1 6.29084E-1 6.64118E-1 8.38724E-1 8.62937E-1 8.55405E-1 8.68238E-1 8.5545E-1 9.32927E-1 7.76437E-1 8.6742E-1 9.08297E-1 8.51825E-1 8.46087E-1 5.75525E-1 2.72887E-1 3.98303E-1 4.73894E-1 4.69706E-1 4.59169E-1 4.10017E-1 4.86405E-1 3.91599E-1 3.87143E-1 2.04108E-1 9.70843E-2 5.5568E-2 1.2454E-2 5.64652E-3 5.17957E-3 2.67565E-3 9.40185E-3 6.22962E-3 5.64066E-3 2.46509E-2 3.1285E-2 3.20841E-2 1.04876E-1 1.53157E-1 1.13959E-1 2.56344E-1 2.76189E-1
4.9603E-1 4.39732E-1 5.36563E-1 9.2004E-1 7.69611E-1 5.71614E-1 5.05408E-1 8.30559E-1 7.81216E-1 8.84453E-1 8.92136E-1 8.60567E-1 8.62805E-1 9.25508E-1 8.55312E-1 9.14161E-1 5.64547E-1 5.96314E-1 5.33519E-1 4.90206E-1 5.94948E-1 7.68854E-1 7.17984E-1 8.00321E-1 7.49476E-1 6.38973E-1 6.63464E-1 5.48734E-1 6.0405E-1 7.80942E-1 8.26782E-1 7.98962E-1 7.88327E-1 7.95246E-1 6.33453E-1 9.17175E-1 9.1402E-1 9.19885E-1 8.78662E-1 6.29084E-1 3.11263E-1 3.10388E-1 3.26636E-1 4.70061E-1 3.96684E-1 2.2955E-1 2.1813E-1 3.95916E-1 6.29791E-1 3.69865E-1 1.56992E-1 7.49548E-2 1.86531E-2 6.51111E-3 3.18385E-3 4.1944E-3 2.52087E-3 3.08134E-3 4.13068E-3 4.64307E-3 1.02363E-2 3.16044E-2 9.04979E-2 1.11913E-1 1.01981E-1 2.33661E-1 2.88182E-1
2.62011E-1 2.66893E-1 5.64758E-1 7.59001E-1 6.67005E-1 5.01565E-1 4.31124E-1 6.8656E-1 8.97076E-1 7.51034E-1 8.96077E-1 8.83367E-1 8.75093E-1 9.0561E-1 8.35497E-1 8.66019E-1 7.13123E-1 6.05116E-1 6.59099E-1 4.7395E-1 5.07494E-1 7.54024E-1 7.96353E-1 7.93553E-1 8.28793E-1 8.16644E-1 7.65731E-1 6.20606E-1 6.68051E-1 4.68761E-1 5.69595E-1 8.02746E-1 8.20064E-1 7.8311E-1 8.29406E-1 6.90701E-1 7.91394E-1 6.28096E-1 8.75778E-1 9.12224E-1 7.64791E-1 6.8869E-1 8.08605E-1 5.65634E-1 5.11784E-1 3.34334E-1 3.38731E-1 4.24817E-1 5.39728E-1 3.79818E-1 1.60837E-1 6.16629E-2 3.66324E-2 8.03139E-3 4.69574E-3 1.94686E-3 2.82836E-3 4.09008E-3 1.06403E-2 1.22249E-2 4.32681E-2 5.66834E-2 8.11274E-2 1.2404E-1 1.85946E-1 2.66176E-1 1.48304E-1
5.06532E-1 3.7676E-1 5.36549E-1 7.63352E-1 6.21355E-1 7.7522E-1 7.82901E-1 7.47228E-1 9.68347E-1 6.86386E-1 8.22528E-1 8.86021E-1 8.77924E-1 8.34451E-1 9.42853E-1 7.64336E-1 7.22666E-1 7.11426E-1 5.26476E-1 6.99916E-1 5.8415E-1 5.69212E-1 8.27585E-1 8.44936E-1 9.07047E-1 8.53633E-1 8.27942E-1 6.24424E-1 5.71654E-1 6.36848E-1 5.33754E-1 8.32257E-1 8.69284E-1 7.89524E-1 6.08221E-1 5.39303E-1 5.60265E-1 4.9885E-1 8.69E-1 9.26971E-1 9.36835E-1 8.84887E-1 8.61483E-1 6.48549E-1 4.88604E-1 4.1105E-1 4.11709E-1 2.04346E-1 2.29353E-1 2.99458E-1 1.04992E-1 3.87113E-2 2.11411E-2 1.07221E-2 6.30324E-3 4.5153E-3 4.0456E-3 4.19084E-3 5.64308E-3 7.97005E-3 3.96536E-2 3.33455E-2 4.12743E-2 1.43291E-1 1.94048E-1 1.70801E-1 1.63105E-1
4.42299E-1 6.82273E-1 7.00753E-1 8.35167E-1 6.74776E-1 8.04802E-1 6.51355E-1 7.79597E-1 7.9732E-1 7.18656E-1 7.57662E-1 9.09192E-1 7.97459E-1 8.85064E-1 8.65938E-1 7.85047E-1 8.30486E-1 7.39869E-1 8.04116E-1 8.33512E-1 7.94108E-1 7.77444E-1 7.92841E-1 8.30933E-1 8.93837E-1 8.6544E-1 8.68046E-1 7.70383E-1 5.30075E-1 6.49652E-1 7.71363E-1 7.76767E-1 7.92539E-1 7.32387E-1 6.75406E-1 6.25713E-1 6.43394E-1 4.72638E-1 9.00482E-1 9.08109E-1 9.35373E-1 9.07335E-1 8.89977E-1 7.74593E-1 5.1049E-1 4.33575E-1 4.2692E-1 3.21782E-1 1.76309E-1 2.19451E-1 8.64258E-2 3.96442E-2 2.44332E-2 1.50837E-2 8.25085E-3 4.88608E-3 2.52361E-3 2.45951E-3 2.86934E-3 6.09871E-3 2.06318E-2 2.94E-2 4.27864E-2 1.01756E-1 1.7623E-1 2.02092E-1 1.69789E-1
8.11162E-1 8.22005E-1 8.00294E-1 8.20472E-1 7.72033E-1 6.4275E-1 7.08014E-1 5.98184E-1 6.86333E-1 8.62362E-1 7.90948E-1 8.76147E-1 8.40173E-1 8.1268E-1 8.15269E-1 7.5761E-1 8.16441E-1 8.36463E-1 8.78233E-1 9.07956E-1 8.75445E-1 8.30397E-1 8.74257E-1 9.28548E-1 8.63127E-1 9.01086E-1 8.87275E-1 8.03404E-1 6.4226E-1 6.70355E-1 8.4228E-1 6.82402E-1 4.04148E-1 4.07938E-1 7.07245E-1 6.46891E-1 6.0241E-1 5.92471E-1 8.12165E-1 7.60391E-1 9.30227E-1 8.77031E-1 8.68372E-1 8.77558E-1 9.10314E-1 8.06437E-1 6.15474E-1 5.06453E-1 2.71958E-1 2.76239E-1 8.25562E-2 9.98874E-2 2.89034E-2 8.63772E-3 1.2345E-3 1.19084E-3 1.09126E-3 7.67121E-4 1.50668E-3 6.80969E-3 1.51759E-2 3.44519E-2 5.49414E-2 8.34532E-2 1.97049E-1 2.6767E-1 2.0119E-1
7.90873E-1 7.98419E-1 7.43755E-1 7.458E-1 8.43748E-1 8.70059E-1 9.11085E-1 6.28701E-1 8.35502E-1 9.22694E-1 9.105E-1 8.39713E-1 8.36231E-1 7.65378E-1 7.79796E-1 8.75032E-1 8.10828E-1 7.87351E-1 8.62606E-1 9.11611E-1 9.48876E-1 8.90119E-1 7.63274E-1 7.45223E-1 7.03408E-1 8.02632E-1 8.93447E-1 7.37707E-1 6.53656E-1 6.95807E-1 8.09829E-1 6.51761E-1 2.8999E-1 3.79674E-1 5.18674E-1 4.03633E-1 4.0442E-1 7.72773E-1 8.36973E-1 7.78621E-1 7.07479E-1 6.6292E-1 7.40566E-1 9.05786E-1 9.33231E-1 7.93968E-1 7.14403E-1 5.20335E-1 3.07976E-1 3.10565E-1 1.39674E-1 4.64307E-2 2.06733E-2 9.38601E-3 3.91073E-3 1.7082E-3 1.52611E-3 5.52272E-4 7.70672E-4 8.47462E-3 2.08324E-2 1.32889E-2 2.42098E-2 5.70391E-2 1.13279E-1 1.75439E-1 2.44483E-1
8.84588E-1 9.00348E-1 8.55693E-1 9.18445E-1 8.29904E-1 7.79666E-1 6.32379E-1 4.26348E-1 6.87797E-1 7.34904E-1 8.92801E-1 7.98696E-1 8.38951E-1 7.7335E-1 8.61074E-1 8.53404E-1 8.57734E-1 7.79409E-1 7.02545E-1 7.49096E-1 6.54754E-1 8.67095E-1 8.45651E-1 6.20535E-1 6.1459E-1 7.72369E-1 8.19938E-1 7.71534E-1 7.44703E-1 5.53796E-1 5.84138E-1 5.13611E-1 3.91748E-1 3.41769E-1 4.80887E-1 4.77473E-1 7.73933E-1 3.43939E-1 4.4934E-1 6.94106E-1 5.241E-1 5.68483E-1 6.3318E-1 8.75052E-1 8.61592E-1 7.68891E-1 6.96617E-1 6.10035E-1 3.05626E-1 2.75068E-1 2.86225E-2 3.55958E-2 2.60661E-2 1.23355E-2 4.33448E-3 5.63571E-3 3.75659E-3 9.65714E-4 4.59288E-4 3.02241E-3 9.72045E-3 1.30441E-2 1.90255E-2 4.40505E-2 7.66207E-2 1.14469E-1 2.59265E-1
7.67809E-1 8.11775E-1 6.69837E-1 8.74126E-1 8.31298E-1 8.1513E-1 7.91019E-1 5.24666E-1 4.38995E-1 4.86813E-1 6.22361E-1 5.79208E-1 7.90966E-1 8.26227E-1 5.96757E-1 8.97903E-1 8.98223E-1 6.83855E-1 6.47483E-1 7.80181E-1 7.7922E-1 7.67335E-1 7.92626E-1 7.36975E-1 6.46321E-1 8.59876E-1 8.91169E-1 7.45995E-1 7.21797E-1 6.92512E-1 4.6989E-1 5.26362E-1 4.87182E-1 6.94162E-1 6.25778E-1 6.54323E-1 7.06403E-1 6.00191E-1 5.31682E-1 3.14673E-1 3.6795E-1 6.86793E-1 7.53726E-1 9.38428E-1 9.21403E-1 6.61044E-1 5.65185E-1 5.5225E-1 5.17077E-1 3.54063E-1 1.05923E-1 5.49739E-2 3.89429E-2 1.19361E-2 1.26448E-2 5.29065E-3 1.53026E-3 1.24532E-3 2.74918E-4 4.98827E-4 1.20967E-2 2.33217E-2 5.0464E-2 1.17301E-1 1.44444E-1 1.97245E-1 2.2625E-1
7.1154E-1 6.65023E-1 7.02788E-1 6.38198E-1 6.85335E-1 7.98868E-1 7.1302E-1 5.2115E-1 2.58149E-1 1.62719E-1 2.53841E-1 4.32224E-1 7.9432E-1 6.27405E-1 7.14121E-1 5.75158E-1 7.29906E-1 5.8371E-1 7.19908E-1 8.16265E-1 8.49342E-1 7.58061E-1 6.2121E-1 6.13836E-1 7.4595E-1 7.28281E-1 9.01913E-1 8.02322E-1 7.75113E-1 6.21318E-1 7.04237E-1 6.86416E-1 8.04331E-1 7.90653E-1 7.58099E-1 7.00578E-1 5.48403E-1 4.7647E-1 5.62944E-1 6.85995E-1 4.72096E-1 7.60319E-1 7.98927E-1 9.17031E-1 9.55137E-1 8.69178E-1 7.67129E-1 4.53457E-1 5.30116E-1 5.50834E-1 2.1485E-1 6.24945E-2 2.16392E-2 2.87727E-2 1.36767E-2 7.31267E-3 6.23872E-3 3.59645E-3 1.85541E-3 1.27094E-3 5.94006E-3 1.16792E-2 3.57592E-2 1.09616E-1 1.2612E-1 1.48806E-1 1.79131E-1
7.59924E-1 6.82446E-1 7.89477E-1 4.65511E-1 6.64138E-1 8.28809E-1 6.85976E-1 6.66181E-1 4.67849E-1 3.5094E-1 1.48354E-1 3.49698E-1 8.17363E-1 5.41175E-1 7.43309E-1 6.12805E-1 4.54481E-1 6.66552E-1 5.58908E-1 6.33117E-1 8.32831E-1 8.41051E-1 7.45713E-1 8.10943E-1 8.6334E-1 5.93966E-1 8.10818E-1 8.10059E-1 6.97587E-1 6.94487E-1 7.3131E-1 8.01818E-1 8.37999E-1 8.01976E-1 8.81335E-1 5.88366E-1 7.16822E-1 5.31327E-1 6.2689E-1 5.69458E-1 5.80476E-1 4.67549E-1 6.28956E-1 8.87785E-1 9.31566E-1 9.37518E-1 8.62115E-1 5.68624E-1 5.9734E-1 7.76314E-1 3.10164E-1 9.51806E-2 4.25547E-2 4.58446E-2 1.09272E-2 1.95789E-2 1.9427E-2 1.28071E-2 6.30143E-3 2.0383E-3 2.20952E-3 2.22561E-2 4.09424E-2 5.24746E-2 9.54082E-2 1.23226E-1 1.31922E-1
7.74465E-1 6.40489E-1 7.66877E-1 6.26222E-1 5.51859E-1 7.20235E-1 5.19355E-1 8.07778E-1 7.99913E-1 4.30077E-1 3.02131E-1 2.28542E-1 6.95753E-1 7.04289E-1 7.13776E-1 5.69299E-1 4.34321E-1 5.84837E-1 5.41228E-1 6.05682E-1 7.63829E-1 7.78653E-1 7.24213E-1 8.01678E-1 8.84682E-1 7.58097E-1 6.87529E-1 6.87989E-1 7.50449E-1 7.69064E-1 5.86613E-1 6.41655E-1 7.77541E-1 7.82728E-1 8.23415E-1 7.94997E-1 6.92714E-1 6.23789E-1 7.05383E-1 7.90531E-1 8.47521E-1 6.02341E-1 5.53478E-1 9.05659E-1 9.26609E-1 9.30691E-1 8.53099E-1 5.68892E-1 4.06085E-1 5.43938E-1 3.32901E-1 1.76296E-1 1.66417E-1 5.93948E-2 4.353E-2 3.40544E-2 2.02189E-2 9.91265E-3 6.97702E-3 2.97751E-3 1.98304E-3 2.29611E-2 2.09754E-2 4.20058E-2 9.01063E-2 1.02686E-1 9.43443E-2
7.09772E-1 5.09688E-1 6.28315E-1 6.73461E-1 6.02439E-1 5.39017E-1 5.14388E-1 6.24752E-1 5.03414E-1 4.55047E-1 7.40894E-1 3.98895E-1 3.04342E-1 4.26296E-1 5.54195E-1 5.16591E-1 5.44562E-1 5.39899E-1 5.39539E-1 6.37775E-1 7.59081E-1 8.02181E-1 8.24584E-1 8.00783E-1 7.50629E-1 5.89361E-1 6.92918E-1 7.19371E-1 5.57603E-1 6.12025E-1 5.96175E-1 4.45646E-1 5.06734E-1 6.86265E-1 7.24267E-1 5.56221E-1 6.91677E-1 5.32788E-1 7.36784E-1 7.01948E-1 6.2807E-1 6.89181E-1 8.81436E-1 9.01092E-1 9.34276E-1 9.12281E-1 7.97573E-1 5.80366E-1 4.44976E-1 5.40201E-1 5.15879E-1 3.88464E-1 2.50306E-1 1.52597E-1 5.18011E-2 2.21592E-2 9.41103E-3 3.21048E-3 1.16078E-2 1.10936E-2 2.85153E-3 3.3466E-3 3.13258E-2 3.04905E-2 3.45874E-2 4.38589E-2 4.22755E-2
