ENM/Final_Models/M_2_F_lq_Set_1_E/Gustavia_santanderiensis_5_Choco.asc
ncols         367
nrows         963
xllcorner     -78.6
yllcorner     0.65
cellsize      0.00833333333333323
NODATA_value  -9999
[rows 150 to 179 of 963, columns 134 to 200 of 367]
9.56764E-4 1.92519E-3 1.29458E-3 1.30217E-3 4.8897E-4 1.23051E-3 1.09614E-3 1.13417E-3 8.7555E-4 6.04673E-4 1.15243E-3 1.02062E-3 1.18871E-3 9.14221E-4 1.09211E-3 1.43702E-3 5.59747E-4 2.91675E-4 2.25567E-3 2.35474E-3 2.6995E-3 2.92892E-3 4.19286E-3 4.1279E-3 1.61607E-2 4.13217E-2 1.86694E-2 3.13853E-2 1.38516E-2 1.81675E-2 6.10696E-3 1.22894E-2 1.76737E-2 1.23063E-2 1.30027E-2 2.19438E-2 1.8363E-2 2.81909E-2 2.60286E-2 3.83957E-2 6.17554E-2 9.79426E-2 1.00806E-1 9.73837E-2 1.22451E-1 1.8148E-1 3.03002E-1 2.94138E-1 3.06757E-1 4.25096E-1 5.38755E-1 6.04915E-1 7.43287E-1 8.02656E-1 9.28223E-1 8.22504E-1 7.00928E-1 7.93976E-1 7.15903E-1 9.59358E-1 9.29224E-1 9.7791E-1 8.70125E-1 7.9993E-1 7.40722E-1 6.62351E-1 4.77704E-1
2.45139E-3 3.01771E-3 1.9538E-3 8.03926E-4 8.69711E-4 7.21733E-4 1.07172E-3 1.49827E-3 1.84684E-3 1.19454E-3 1.37259E-3 8.07896E-4 6.81451E-4 3.96003E-4 6.59115E-4 8.34502E-4 7.18355E-4 3.21912E-4 7.0208E-4 4.07899E-4 5.1209E-3 4.0121E-3 2.47314E-3 6.07182E-3 1.51461E-2 1.40097E-2 2.3245E-2 1.10934E-2 1.61581E-2 1.00871E-2 1.29537E-2 1.67907E-2 1.8811E-2 7.50282E-3 1.53902E-2 1.41327E-2 2.68655E-2 2.67242E-2 2.58367E-2 7.92466E-2 1.12413E-1 7.41478E-2 7.14115E-2 8.22204E-2 8.66125E-2 9.87265E-2 2.34125E-1 3.20957E-1 3.58771E-1 5.01167E-1 4.94365E-1 8.22852E-1 9.43887E-1 9.95457E-1 9.85472E-1 8.30849E-1 9.08452E-1 9.01821E-1 6.64492E-1 8.13099E-1 9.57571E-1 9.21974E-1 7.55069E-1 4.48858E-1 5.60269E-1 5.49085E-1 6.05021E-1
1.51153E-3 1.03233E-3 4.34961E-3 5.97291E-4 7.70713E-4 9.06037E-4 9.7828E-4 5.19032E-4 1.46439E-3 1.22415E-3 6.00766E-4 6.96365E-4 7.71422E-4 9.24622E-4 1.13439E-3 5.25317E-4 3.64124E-4 1.90579E-3 2.80118E-3 3.12039E-3 5.11606E-3 5.27393E-3 2.15805E-3 9.60714E-3 1.63356E-2 2.19955E-2 2.30311E-2 1.56731E-2 8.43856E-3 6.50793E-3 1.18331E-2 1.43233E-2 1.39441E-2 2.18266E-2 1.14861E-2 1.72877E-2 3.23592E-2 3.19903E-2 4.06407E-2 5.03777E-2 6.2172E-2 4.37984E-2 5.07579E-2 1.06922E-1 1.78301E-1 1.79161E-1 1.76932E-1 2.32429E-1 4.17408E-1 4.31178E-1 6.73101E-1 8.84721E-1 8.46008E-1 9.8095E-1 9.01179E-1 7.5765E-1 8.08317E-1 7.3279E-1 6.70573E-1 7.41462E-1 7.10948E-1 7.23302E-1 6.17317E-1 6.19467E-1 5.13033E-1 4.42908E-1 5.14961E-1
1.72598E-3 3.44419E-4 6.59282E-4 1.5082E-3 4.4224E-4 6.75986E-4 6.54302E-4 8.1795E-4 8.6331E-4 9.38625E-4 6.84325E-4 9.54485E-4 1.33244E-3 2.00767E-3 5.20418E-4 2.20845E-4 5.38689E-4 2.45731E-3 5.4014E-3 4.71163E-3 6.94553E-3 9.35199E-3 5.38131E-3 1.31541E-2 3.72077E-2 4.83332E-2 1.22264E-2 2.03624E-2 1.56906E-3 8.91744E-3 1.77691E-2 1.32467E-2 1.7397E-2 1.50619E-2 7.83216E-3 1.83898E-2 3.38563E-2 1.571E-2 1.87841E-2 3.84962E-2 7.37033E-2 3.7531E-2 4.91283E-2 1.05291E-1 2.42478E-1 1.74885E-1 1.23312E-1 1.64375E-1 5.55012E-1 4.4946E-1 7.31276E-1 8.39015E-1 8.81045E-1 9.34821E-1 7.69461E-1 7.33432E-1 8.75499E-1 7.22176E-1 6.23146E-1 6.33539E-1 5.08888E-1 6.46351E-1 6.99504E-1 4.69099E-1 6.14869E-1 6.46122E-1 6.14293E-1
1.33578E-3 1.47733E-3 1.46838E-3 4.88215E-4 9.05317E-4 9.00846E-4 1.25365E-3 1.40904E-3 2.38323E-3 1.1254E-3 9.03141E-4 1.54581E-3 1.43503E-3 1.38262E-3 2.77525E-4 4.67541E-4 4.39178E-4 2.56249E-3 1.13763E-2 1.27346E-2 1.26601E-2 1.32705E-2 5.07687E-3 8.90061E-3 1.73054E-2 2.7166E-2 2.95933E-2 1.27944E-2 1.16063E-2 1.33937E-2 2.3839E-2 2.21148E-2 1.7584E-2 1.68419E-2 2.55886E-2 2.58376E-2 3.05811E-2 1.34431E-2 2.33164E-2 2.14617E-2 6.95777E-2 5.07444E-2 7.80821E-2 1.1588E-1 2.20989E-1 2.0637E-1 2.44131E-1 2.2282E-1 3.17688E-1 4.20454E-1 7.51476E-1 7.5729E-1 8.63989E-1 9.69062E-1 8.01303E-1 6.85495E-1 8.86158E-1 8.3276E-1 5.27318E-1 4.86492E-1 4.73195E-1 3.30862E-1 4.46E-1 3.98403E-1 3.32448E-1 4.17742E-1 4.97051E-1
1.0295E-4 1.26673E-4 6.40809E-4 1.63258E-3 1.56381E-3 1.40339E-3 2.05305E-3 2.20109E-3 1.4411E-3 1.41127E-3 1.17537E-3 9.40807E-4 2.20503E-4 4.35825E-4 3.68058E-4 4.92083E-4 1.94984E-3 4.98064E-3 1.01878E-2 1.38249E-2 1.49042E-2 4.34416E-3 1.25524E-2 5.91465E-3 9.11423E-3 4.30736E-2 6.1935E-2 4.27542E-2 1.30438E-2 4.9851E-3 1.54271E-2 2.3678E-2 2.52827E-2 3.56506E-2 1.95156E-2 2.00542E-2 2.26141E-2 1.40882E-2 3.18263E-2 4.06367E-2 4.83072E-2 4.96336E-2 7.02374E-2 4.18511E-2 9.77152E-2 1.5031E-1 2.37673E-1 2.06208E-1 2.2881E-1 4.1131E-1 6.66442E-1 6.68496E-1 8.44376E-1 8.87147E-1 8.6835E-1 8.85001E-1 6.47766E-1 6.47798E-1 6.60653E-1 5.06376E-1 3.94876E-1 3.20052E-1 3.05685E-1 3.84433E-1 4.26079E-1 4.72456E-1 3.83257E-1
6.91111E-4 5.4695E-4 4.70126E-4 1.31088E-4 1.2744E-3 4.36159E-4 1.39532E-3 1.20266E-3 9.21487E-4 7.36676E-4 1.03774E-3 4.96666E-4 3.64651E-4 1.66523E-3 3.88182E-3 2.36673E-3 2.96374E-3 2.39791E-3 6.21941E-3 7.62244E-3 7.37171E-3 5.37068E-3 6.27426E-3 1.05713E-2 2.32253E-2 1.85567E-2 1.91695E-2 3.49606E-2 2.2071E-2 7.18227E-3 1.62299E-2 1.07057E-2 1.05826E-2 3.28468E-2 3.67958E-2 2.81827E-2 2.69152E-2 2.71107E-2 4.5994E-2 4.72321E-2 8.77817E-2 2.11516E-1 1.64221E-1 6.67595E-2 1.30825E-1 1.55082E-1 3.15663E-1 3.31414E-1 2.75403E-1 2.86025E-1 5.93125E-1 6.52626E-1 6.3348E-1 9.24984E-1 8.6187E-1 7.58004E-1 4.7195E-1 4.64264E-1 6.614E-1 6.50251E-1 4.87867E-1 3.82238E-1 3.36432E-1 3.23888E-1 3.52017E-1 4.86123E-1 5.14769E-1
5.99835E-4 5.34908E-4 3.64087E-4 1.1802E-4 8.42497E-4 5.99701E-4 5.72816E-4 2.86136E-4 1.96847E-3 4.3283E-4 7.71601E-4 7.39237E-4 1.94E-3 2.61674E-3 2.97118E-3 3.55349E-3 3.85662E-3 5.68389E-3 5.01225E-3 7.31856E-3 9.0199E-3 5.46396E-3 7.90741E-3 6.34084E-3 1.084E-2 9.15273E-3 1.33973E-2 1.43578E-2 1.59665E-2 1.92866E-2 1.65791E-2 1.07438E-2 1.63244E-2 2.05458E-2 3.04117E-2 3.1647E-2 5.95668E-2 2.23238E-2 3.8605E-2 4.94597E-2 5.50927E-2 6.14768E-2 5.67265E-2 1.55731E-1 2.00378E-1 1.86291E-1 2.72539E-1 1.71937E-1 2.59048E-1 4.08207E-1 6.39565E-1 6.0546E-1 9.19632E-1 8.31908E-1 8.9277E-1 9.06999E-1 4.11932E-1 4.09368E-1 3.86204E-1 4.44766E-1 4.20378E-1 4.30313E-1 4.94949E-1 5.6048E-1 7.04109E-1 6.35069E-1 4.33035E-1
5.55159E-4 6.15947E-4 1.01185E-3 1.30759E-4 6.12321E-4 2.75127E-4 4.09844E-4 4.00632E-4 1.13651E-3 1.23383E-3 1.48915E-3 5.2383E-3 6.26594E-3 3.25002E-3 3.38842E-3 2.95331E-3 5.12958E-3 4.97503E-3 6.87494E-3 9.84258E-3 1.11509E-2 1.46661E-2 7.32864E-3 5.47204E-3 8.32719E-3 1.23227E-2 1.22489E-2 1.39732E-2 1.23817E-2 2.99877E-2 3.81049E-2 2.08379E-2 1.91568E-2 2.6428E-2 2.60604E-2 3.47722E-2 6.44791E-2 8.99566E-2 1.08204E-1 1.24815E-1 3.96653E-2 6.03201E-2 6.83444E-2 1.3146E-1 2.18639E-1 2.85748E-1 2.4315E-1 1.91856E-1 2.68136E-1 3.17783E-1 4.09616E-1 4.46177E-1 5.28343E-1 8.51669E-1 9.3987E-1 7.72196E-1 4.96166E-1 2.41376E-1 3.24362E-1 3.91597E-1 3.47658E-1 3.66714E-1 3.96378E-1 4.53355E-1 5.07741E-1 4.75534E-1 4.86957E-1
7.08045E-4 4.63242E-4 5.26687E-4 2.4707E-3 6.04061E-4 1.95619E-4 3.82912E-4 9.2765E-4 5.53365E-4 2.84443E-3 2.76623E-3 2.5044E-3 4.74881E-3 3.98285E-3 2.02667E-3 2.0185E-3 3.986E-3 4.7778E-3 9.68614E-3 6.73153E-3 6.06002E-3 1.01434E-2 4.00324E-3 4.43213E-3 7.55986E-3 1.49456E-2 7.52084E-3 1.28408E-2 7.15627E-3 4.1378E-2 4.90572E-2 3.41435E-2 1.90242E-2 2.29408E-2 4.70362E-2 4.35751E-2 5.81982E-2 7.80954E-2 8.79254E-2 1.21771E-1 1.1491E-1 7.02002E-2 1.16348E-1 1.3872E-1 1.90446E-1 2.00912E-1 3.28968E-1 2.39921E-1 2.78956E-1 2.76142E-1 3.88071E-1 5.59277E-1 5.05048E-1 9.15203E-1 9.8463E-1 8.82558E-1 5.56234E-1 2.3184E-1 3.36691E-1 3.52908E-1 3.549E-1 3.09061E-1 4.75014E-1 3.14718E-1 3.88289E-1 3.71266E-1 5.72218E-1
8.6577E-4 5.36944E-4 6.61677E-4 1.48138E-3 1.27457E-3 7.17972E-4 2.90137E-4 4.33746E-4 6.50446E-4 1.63142E-3 4.18282E-3 1.73887E-3 3.22905E-3 2.76438E-3 4.23766E-3 3.50748E-3 5.97147E-3 6.6619E-3 6.57256E-3 5.77036E-3 5.09442E-3 6.28913E-3 4.62942E-3 7.34594E-3 3.12385E-3 9.53363E-3 6.61986E-3 7.28758E-3 7.71795E-3 3.23442E-2 4.223E-2 3.54799E-2 3.62065E-2 3.69663E-2 4.14794E-2 4.78734E-2 4.37213E-2 1.01438E-1 4.84082E-2 5.58666E-2 8.12415E-2 6.68739E-2 9.2293E-2 1.43109E-1 1.64766E-1 1.938E-1 2.49553E-1 2.79497E-1 3.13638E-1 2.63172E-1 4.05565E-1 4.57252E-1 5.15627E-1 7.72435E-1 9.51821E-1 7.84101E-1 5.63332E-1 3.38426E-1 3.40764E-1 4.00696E-1 3.03747E-1 3.52201E-1 6.3534E-1 4.12253E-1 3.76009E-1 4.01742E-1 3.74476E-1
8.43436E-4 8.14781E-4 9.50508E-4 3.90943E-4 8.84449E-4 7.17851E-4 2.50566E-4 8.13404E-4 2.79452E-3 2.01112E-3 3.61151E-3 2.03168E-3 3.7642E-3 4.09936E-3 4.96686E-3 1.43131E-2 9.45823E-3 6.37432E-3 3.20643E-3 3.8019E-3 3.7282E-3 3.88245E-3 5.75747E-3 1.07441E-2 4.49726E-3 7.99722E-3 5.76878E-3 5.57449E-3 1.14611E-2 2.61755E-2 3.7249E-2 3.63596E-2 5.44365E-2 5.7549E-2 6.29213E-2 7.92035E-2 9.20897E-2 8.10378E-2 3.15281E-2 3.78622E-2 3.92139E-2 3.32083E-2 6.67469E-2 1.70902E-1 2.20875E-1 2.15408E-1 1.78376E-1 2.78933E-1 4.04932E-1 4.54176E-1 3.35284E-1 4.46388E-1 5.01805E-1 8.05648E-1 8.35289E-1 6.61656E-1 4.01914E-1 4.11119E-1 4.17289E-1 3.54962E-1 3.95066E-1 3.50897E-1 4.69015E-1 6.61709E-1 5.64949E-1 5.9901E-1 3.29825E-1
1.39336E-3 5.44383E-4 1.35014E-3 2.74418E-4 1.34972E-4 2.94623E-4 1.01754E-3 4.65293E-4 9.77543E-4 1.37611E-3 2.17104E-3 2.7675E-3 2.45323E-3 3.27176E-3 5.38813E-3 5.48821E-3 5.34519E-3 4.34782E-3 1.77892E-3 5.36042E-3 5.79756E-3 6.0687E-3 9.14514E-3 7.52303E-3 1.0002E-2 9.5752E-3 9.70215E-3 9.55552E-3 1.10496E-2 3.99237E-2 4.23071E-2 3.02419E-2 7.39636E-2 7.48224E-2 7.38241E-2 7.39126E-2 7.92543E-2 1.13111E-1 1.31973E-1 9.16079E-2 8.98229E-2 6.42798E-2 1.19509E-1 1.31689E-1 1.9832E-1 1.98866E-1 2.03662E-1 2.29757E-1 2.95537E-1 6.57894E-1 5.36323E-1 4.96445E-1 5.94618E-1 9.24102E-1 9.4216E-1 7.03036E-1 2.93744E-1 2.44302E-1 3.03933E-1 4.30061E-1 4.077E-1 5.15809E-1 5.60016E-1 4.94366E-1 6.70176E-1 6.69148E-1 5.69427E-1
7.22234E-4 1.30973E-3 1.21226E-3 3.23195E-4 5.67392E-4 3.75409E-4 9.35346E-4 1.26005E-3 1.53807E-3 1.03032E-3 1.8671E-3 1.77868E-3 2.48786E-3 2.16817E-3 2.05674E-3 6.00586E-3 3.53334E-3 7.34001E-3 5.12824E-3 3.86911E-3 4.04411E-3 7.05603E-3 1.00361E-2 6.67041E-3 7.21895E-3 1.02771E-2 1.16651E-2 1.19478E-2 1.37109E-2 9.55807E-3 2.10006E-2 2.72363E-2 4.95348E-2 5.93211E-2 1.13588E-1 1.11458E-1 1.23468E-1 5.5296E-2 4.02248E-2 1.20295E-1 1.0228E-1 7.25554E-2 1.16341E-1 1.65423E-1 2.2478E-1 3.69638E-1 3.52945E-1 3.19878E-1 2.82875E-1 5.14094E-1 5.79898E-1 8.53484E-1 8.83833E-1 6.56338E-1 5.8261E-1 5.06252E-1 3.55301E-1 5.31739E-1 5.57231E-1 5.05002E-1 5.44077E-1 9.1165E-1 6.37996E-1 6.70998E-1 6.72359E-1 7.18824E-1 8.17112E-1
7.54726E-4 6.44183E-4 7.29396E-4 4.59588E-4 5.13284E-4 1.05878E-3 1.52315E-3 6.24682E-4 1.14544E-3 1.1041E-3 1.62453E-3 1.55244E-3 3.91967E-3 4.53573E-3 2.65265E-3 3.53535E-3 4.19137E-3 3.68233E-3 7.27519E-3 7.69393E-3 9.5745E-3 9.47248E-3 8.61761E-3 3.23442E-3 8.70715E-3 2.92493E-3 1.13745E-2 1.5229E-2 2.19804E-2 2.04316E-2 2.49036E-2 2.82756E-2 4.77478E-2 5.23646E-2 8.95238E-2 9.0461E-2 1.73524E-1 1.00676E-1 1.49455E-1 1.79299E-1 2.2709E-1 2.82262E-1 1.74953E-1 1.67977E-1 2.22941E-1 3.64893E-1 3.62465E-1 3.48945E-1 6.62671E-1 7.11744E-1 6.26291E-1 4.50767E-1 5.47085E-1 7.19278E-1 5.1198E-1 7.13323E-1 7.28419E-1 6.29566E-1 6.64109E-1 6.75559E-1 6.15687E-1 6.83254E-1 5.03453E-1 4.28505E-1 4.33465E-1 4.75818E-1 5.14772E-1
1.0757E-3 4.3701E-4 3.04545E-4 4.6367E-4 1.61585E-3 4.82787E-4 9.45082E-4 6.2075E-4 1.00032E-3 1.18252E-3 1.32742E-3 3.07493E-3 6.19305E-3 6.58303E-3 2.83345E-3 4.812E-3 3.29109E-3 3.00173E-3 5.63275E-3 6.34011E-3 1.03456E-2 5.6052E-3 7.56914E-3 3.16883E-3 7.5423E-3 7.7028E-3 8.76389E-3 7.71614E-3 1.40513E-2 1.50402E-2 3.29712E-2 3.0359E-2 3.35743E-2 3.29033E-2 1.05196E-1 1.36202E-1 1.95289E-1 1.82863E-1 2.0832E-1 2.01478E-1 2.73086E-1 4.00706E-1 2.64231E-1 2.20868E-1 2.45655E-1 2.53547E-1 3.17642E-1 3.89301E-1 4.46593E-1 7.06148E-1 7.06236E-1 6.32932E-1 4.45932E-1 6.32764E-1 6.31361E-1 8.10387E-1 6.92331E-1 6.53424E-1 6.16797E-1 5.06708E-1 4.95992E-1 6.82973E-1 7.42401E-1 5.65264E-1 5.33889E-1 5.89471E-1 6.30328E-1
1.3143E-3 3.64615E-4 7.5458E-4 4.44237E-4 3.39693E-4 1.4334E-3 9.1512E-4 7.85625E-4 9.11667E-4 1.30238E-3 2.34217E-3 3.60098E-3 1.53289E-2 8.75135E-3 3.68376E-3 7.25385E-3 5.96921E-3 4.88935E-3 4.16638E-3 7.99856E-3 7.06501E-3 7.11976E-3 1.08056E-2 7.08004E-3 3.76117E-3 1.33241E-2 1.343E-2 1.29212E-2 1.53677E-2 1.69987E-2 1.84987E-2 2.89543E-2 2.66017E-2 5.05832E-2 6.74569E-2 1.06368E-1 1.22691E-1 1.60436E-1 1.63654E-1 1.65947E-1 3.05896E-1 3.26194E-1 2.6539E-1 1.75542E-1 2.36171E-1 2.77732E-1 3.2014E-1 3.41821E-1 4.19769E-1 6.4902E-1 6.15608E-1 6.40057E-1 5.35282E-1 6.418E-1 4.85642E-1 4.76696E-1 6.70918E-1 6.51595E-1 6.52578E-1 5.43448E-1 5.09391E-1 7.50644E-1 6.33246E-1 6.33855E-1 5.11409E-1 5.88211E-1 6.20417E-1
6.6534E-4 1.2395E-3 1.12671E-3 1.66833E-3 1.22773E-3 1.16499E-3 1.69531E-3 1.25145E-3 2.30033E-3 2.13682E-3 2.52969E-3 5.41482E-3 7.64892E-3 4.28095E-3 3.90038E-3 5.50184E-3 7.96247E-3 1.23979E-2 6.24371E-3 8.07411E-3 5.95425E-3 1.24748E-2 1.38859E-2 7.51791E-3 3.89859E-3 1.06958E-2 1.73299E-2 2.25192E-2 2.15876E-2 1.55078E-2 1.965E-2 2.29595E-2 4.91101E-2 4.12385E-2 4.02509E-2 8.3474E-2 9.40573E-2 1.22698E-1 1.72235E-1 1.07868E-1 1.98238E-1 2.25637E-1 2.06408E-1 2.45795E-1 3.37455E-1 3.66914E-1 3.90156E-1 3.9036E-1 3.44867E-1 4.55666E-1 5.04773E-1 5.55312E-1 5.31569E-1 5.10385E-1 4.59336E-1 3.69205E-1 4.74868E-1 6.1628E-1 6.62309E-1 4.98067E-1 6.83078E-1 7.21628E-1 6.01148E-1 4.74555E-1 6.25006E-1 4.29315E-1 5.08531E-1
1.02369E-3 6.19323E-4 6.60203E-4 5.6126E-4 7.47594E-4 1.35774E-3 8.57144E-4 7.38038E-4 2.97343E-3 3.42949E-3 2.73246E-3 3.09598E-3 5.18042E-3 4.50011E-3 2.8394E-3 3.05859E-3 2.09684E-2 2.73874E-2 2.0035E-2 2.30186E-2 8.39664E-3 3.86593E-3 5.89233E-3 5.58789E-3 5.03294E-3 7.69735E-3 8.90742E-3 1.52373E-2 1.84721E-2 2.53276E-2 2.50341E-2 2.43194E-2 3.28279E-2 2.93285E-2 3.02495E-2 5.92512E-2 1.04718E-1 1.72846E-1 1.08784E-1 7.22366E-2 1.59191E-1 1.58911E-1 1.54001E-1 2.44298E-1 3.57436E-1 3.10672E-1 4.1816E-1 5.34199E-1 6.96937E-1 6.12457E-1 6.79596E-1 4.83788E-1 4.68862E-1 4.89533E-1 4.34783E-1 3.81883E-1 4.53092E-1 5.24456E-1 6.50214E-1 6.73845E-1 6.78096E-1 7.92783E-1 6.8576E-1 6.0076E-1 7.40885E-1 5.41395E-1 6.39497E-1
6.05822E-4 9.04023E-4 4.40465E-4 5.69142E-4 6.2926E-4 7.25077E-4 8.70179E-4 3.33663E-3 3.48997E-3 3.66954E-3 2.70793E-3 6.22977E-3 4.48376E-3 1.06142E-2 2.03198E-2 1.83467E-2 1.8E-2 1.87706E-2 2.56776E-2 7.28912E-3 6.70508E-3 2.80558E-3 3.61316E-3 7.79152E-3 6.60285E-3 6.53223E-3 6.86259E-3 6.13193E-3 6.64362E-3 6.67922E-3 1.46615E-2 2.38477E-2 3.20059E-2 5.88698E-2 7.05742E-2 6.68146E-2 7.29738E-2 9.08687E-2 1.55927E-1 1.75325E-1 2.14894E-1 1.92421E-1 1.42136E-1 2.94413E-1 3.44716E-1 3.34885E-1 4.79502E-1 4.89578E-1 5.39901E-1 4.16737E-1 6.68605E-1 4.86992E-1 2.53036E-1 4.21021E-1 3.1919E-1 5.0557E-1 6.12171E-1 3.50079E-1 6.00543E-1 5.85487E-1 6.83982E-1 8.0081E-1 7.4789E-1 3.48154E-1 5.18894E-1 4.17061E-1 3.73825E-1
5.16475E-4 6.5869E-4 6.20151E-4 6.45205E-4 6.0706E-4 5.74633E-4 9.99129E-4 2.47302E-3 1.00306E-3 1.64838E-3 2.3346E-3 3.56256E-3 7.87775E-3 7.98023E-3 9.43078E-3 6.36044E-3 1.63602E-2 1.29271E-2 1.44372E-2 1.95536E-2 8.51025E-3 3.94946E-3 9.74995E-3 9.61929E-3 1.20006E-2 1.42816E-2 1.03511E-2 5.754E-3 9.4841E-3 1.21046E-2 1.82954E-2 1.50331E-2 4.44869E-2 4.14732E-2 7.1823E-2 8.78387E-2 9.84458E-2 5.431E-2 1.28519E-1 1.18681E-1 1.68906E-1 2.44303E-1 1.90154E-1 2.11806E-1 2.44976E-1 2.51257E-1 3.32684E-1 3.71222E-1 6.6986E-1 6.62125E-1 3.63537E-1 1.78797E-1 1.91176E-1 4.61628E-1 5.67482E-1 7.22342E-1 9.80429E-1 7.77423E-1 8.49135E-1 7.65546E-1 8.64357E-1 9.29693E-1 9.60125E-1 9.89189E-1 8.54629E-1 7.74836E-1 8.43008E-1
6.36489E-4 1.00992E-3 7.38491E-4 6.1446E-4 8.73524E-4 1.62696E-3 2.94623E-3 4.44484E-3 3.81638E-3 2.15748E-3 4.54273E-3 4.27894E-3 5.86441E-3 1.18085E-2 1.03181E-2 5.32919E-3 9.74069E-3 1.28744E-2 8.81079E-3 9.80584E-3 3.34496E-3 1.06378E-2 3.11113E-3 1.00343E-2 1.37825E-2 2.2539E-2 1.47991E-2 1.12725E-2 1.11041E-2 1.12888E-2 2.03646E-2 1.28238E-2 3.8541E-2 5.95871E-2 8.7885E-2 1.26618E-1 1.52854E-1 8.06701E-2 1.80212E-1 1.83428E-1 2.32975E-1 2.77301E-1 3.1534E-1 2.76541E-1 4.61675E-1 3.55732E-1 5.207E-1 5.15093E-1 5.78335E-1 7.21782E-1 5.42526E-1 1.86975E-1 3.29602E-1 4.57013E-1 5.34419E-1 5.43489E-1 5.35579E-1 7.98209E-1 8.67222E-1 8.65644E-1 8.6555E-1 9.46002E-1 9.87586E-1 9.49843E-1 7.68466E-1 8.96798E-1 9.09499E-1
1.04105E-3 1.08421E-3 1.04351E-3 4.943E-4 1.07781E-3 1.31584E-3 5.39243E-3 4.31567E-3 4.05298E-3 2.41788E-3 2.73374E-3 4.37037E-3 2.6613E-3 8.35385E-3 1.16437E-2 1.19819E-2 1.10973E-2 1.31742E-2 1.12824E-2 5.99762E-3 4.40087E-3 1.4866E-2 1.01805E-2 1.14279E-2 1.02045E-2 1.83236E-2 2.23276E-2 7.15594E-3 1.75042E-2 1.51364E-2 9.63531E-3 3.57605E-2 6.42294E-2 5.77223E-2 8.90856E-2 1.05694E-1 1.82922E-1 1.70901E-1 1.18691E-1 1.24393E-1 2.46665E-1 1.43909E-1 2.30702E-1 3.94231E-1 4.7783E-1 6.2676E-1 8.44368E-1 8.15195E-1 7.20485E-1 7.55456E-1 5.13364E-1 2.18249E-1 3.07697E-1 4.86877E-1 6.16949E-1 7.5431E-1 5.13747E-1 5.85896E-1 6.73942E-1 8.79656E-1 7.56855E-1 8.98625E-1 9.93485E-1 8.67356E-1 8.92137E-1 8.87918E-1 7.95557E-1
8.03274E-4 7.93167E-4 1.13752E-3 1.29255E-3 1.43515E-3 3.59212E-3 3.73965E-3 4.29452E-3 4.20544E-3 2.58511E-3 2.0503E-3 2.83205E-3 3.46491E-3 6.17627E-3 1.07248E-2 2.8051E-2 2.27562E-2 1.26653E-2 1.38147E-2 1.54947E-2 1.02394E-2 8.60192E-3 1.7004E-2 1.56666E-2 9.16663E-3 1.44631E-2 1.77879E-2 1.26979E-2 1.96065E-2 2.45689E-2 1.90551E-2 2.88382E-2 4.23656E-2 4.88108E-2 8.52031E-2 8.97708E-2 1.54884E-1 2.22436E-1 1.93061E-1 1.26987E-1 2.34794E-1 2.37762E-1 2.92168E-1 3.87317E-1 4.37205E-1 6.58396E-1 8.25728E-1 7.82181E-1 8.99572E-1 9.26568E-1 5.00768E-1 2.07571E-1 4.82635E-1 6.31947E-1 5.9646E-1 5.51123E-1 5.49496E-1 6.06668E-1 6.54496E-1 8.53949E-1 8.72181E-1 9.53339E-1 9.78098E-1 8.46079E-1 8.22167E-1 8.5495E-1 9.31553E-1
8.31142E-4 1.23632E-3 1.65763E-3 4.27804E-3 3.7917E-3 5.91228E-3 2.81304E-3 2.67088E-3 1.32258E-3 1.12892E-3 2.10308E-3 3.41329E-3 2.47025E-3 6.46245E-3 8.78686E-3 3.3635E-2 4.54649E-2 5.18047E-2 1.29072E-2 8.88449E-3 9.94607E-3 8.23139E-3 1.23261E-2 1.89332E-2 1.91221E-2 2.27592E-2 1.69984E-2 1.11337E-2 1.28872E-2 1.45851E-2 2.36313E-2 2.1044E-2 3.94945E-2 5.65239E-2 9.76309E-2 9.94604E-2 1.93856E-1 2.05058E-1 2.66554E-1 2.41371E-1 2.9791E-1 4.32927E-1 4.17942E-1 4.93475E-1 8.3977E-1 8.49603E-1 8.82399E-1 7.84938E-1 7.83615E-1 9.22614E-1 5.35712E-1 3.03019E-1 3.83719E-1 4.99446E-1 4.69552E-1 5.97044E-1 6.97568E-1 7.01671E-1 7.53871E-1 9.83192E-1 9.92475E-1 9.8789E-1 9.64236E-1 9.23157E-1 8.60941E-1 8.27074E-1 8.27831E-1
1.35968E-3 2.42838E-3 4.04874E-3 4.2363E-3 4.44984E-3 7.49579E-3 5.05771E-3 2.56012E-3 1.32432E-3 2.36378E-3 2.85263E-3 3.42387E-3 2.44874E-3 5.02512E-3 1.69065E-2 3.56463E-2 5.93859E-2 2.00099E-2 2.35537E-2 1.43106E-2 1.68646E-2 6.93779E-3 6.07466E-3 7.68492E-3 2.91394E-2 6.22605E-3 1.19574E-2 2.16669E-2 1.93685E-2 2.05482E-2 6.34614E-2 3.92114E-2 4.75002E-2 7.22514E-2 1.09402E-1 9.87026E-2 6.88722E-2 1.74383E-1 3.59195E-1 3.12732E-1 4.54273E-1 3.02453E-1 3.20464E-1 7.62327E-1 9.11265E-1 8.84284E-1 8.38615E-1 8.33476E-1 9.61631E-1 9.31506E-1 9.03557E-1 6.14178E-1 3.67323E-1 4.93429E-1 7.30472E-1 7.0558E-1 8.94168E-1 9.25764E-1 7.1566E-1 6.58426E-1 8.55499E-1 9.15544E-1 9.52191E-1 9.79104E-1 9.13677E-1 6.80289E-1 7.5543E-1
1.46237E-3 3.63583E-3 6.62759E-3 4.54609E-3 3.755E-3 2.24482E-3 2.65423E-3 2.24115E-3 2.43866E-3 3.15038E-3 3.48636E-3 6.07276E-3 9.99679E-3 1.22381E-2 1.44459E-2 1.00742E-2 2.21741E-2 1.63509E-2 1.35317E-2 9.11543E-3 1.23318E-2 1.5737E-2 1.57541E-2 1.18195E-2 1.18393E-2 2.02186E-2 3.10548E-2 2.36519E-2 2.47325E-2 3.15002E-2 5.06467E-2 3.73837E-2 9.82836E-2 7.09845E-2 6.69618E-2 8.75479E-2 1.14318E-1 1.84298E-1 2.71125E-1 3.52834E-1 4.91677E-1 6.19489E-1 3.81799E-1 5.2287E-1 8.35065E-1 9.24973E-1 8.40982E-1 9.65279E-1 9.30809E-1 9.42307E-1 7.84535E-1 6.95789E-1 3.94335E-1 7.5263E-1 8.21853E-1 8.44157E-1 8.92701E-1 8.11115E-1 7.99074E-1 9.67216E-1 9.84954E-1 9.96586E-1 9.94122E-1 9.48238E-1 9.76091E-1 8.24278E-1 7.75313E-1
2.94716E-3 4.6185E-3 5.78826E-3 2.5509E-3 2.08852E-3 1.62365E-3 1.24472E-3 2.09365E-3 4.01564E-3 8.24576E-3 9.20656E-3 1.0265E-2 2.93499E-2 9.86782E-3 1.0323E-2 2.9911E-2 2.92139E-2 3.14339E-2 2.6234E-2 1.22876E-2 1.24169E-2 1.75068E-2 1.32904E-2 1.44273E-2 8.95361E-3 9.9053E-3 3.25868E-2 2.75117E-2 2.41635E-2 4.17005E-2 4.67597E-2 8.21345E-2 9.4517E-2 9.14223E-2 1.59105E-1 1.57076E-1 1.68448E-1 2.40517E-1 2.62951E-1 3.93866E-1 6.95042E-1 7.93772E-1 7.82661E-1 9.14628E-1 8.85301E-1 7.79948E-1 8.56542E-1 9.29554E-1 9.26892E-1 9.59922E-1 6.62574E-1 6.32019E-1 6.75816E-1 8.13993E-1 7.35511E-1 7.72393E-1 7.5169E-1 9.35289E-1 8.59339E-1 9.50553E-1 9.7118E-1 9.78213E-1 9.54139E-1 9.06433E-1 9.12073E-1 9.12196E-1 7.1287E-1
2.64428E-3 4.93777E-3 5.7158E-3 2.33561E-3 2.73391E-3 2.70455E-3 1.97236E-3 1.1736E-2 2.05266E-2 2.43899E-2 1.47518E-2 1.39263E-2 2.72115E-2 1.3398E-2 9.93022E-3 2.15633E-2 2.29693E-2 2.20128E-2 3.28589E-2 2.08004E-2 1.31681E-2 1.14768E-2 1.00441E-2 1.22811E-2 1.37296E-2 1.21585E-2 2.99797E-2 2.72136E-2 1.99402E-2 2.51192E-2 4.37961E-2 7.6389E-2 5.73799E-2 1.15526E-1 1.70736E-1 1.79191E-1 1.50302E-1 1.64524E-1 3.0117E-1 6.73165E-1 7.59713E-1 8.5277E-1 9.29634E-1 9.2647E-1 8.62689E-1 8.21435E-1 9.27758E-1 6.74714E-1 8.4815E-1 8.79972E-1 7.58917E-1 6.78329E-1 5.91943E-1 9.06474E-1 6.82721E-1 6.91789E-1 8.01563E-1 8.04199E-1 6.40271E-1 8.46464E-1 8.41907E-1 8.85146E-1 9.4185E-1 6.21994E-1 6.86402E-1 7.88839E-1 7.97021E-1
3.04279E-3 3.10626E-3 3.47617E-3 4.36213E-3 6.22805E-3 4.57765E-3 8.25529E-3 3.06997E-2 1.84483E-2 2.86665E-2 2.08787E-2 2.47559E-2 3.47481E-2 2.51978E-2 1.63197E-2 1.01739E-2 1.86769E-2 9.89348E-3 1.06403E-2 1.54859E-2 1.61369E-2 9.7044E-3 1.79696E-2 1.55478E-2 1.75394E-2 1.65139E-2 4.8541E-2 3.58506E-2 3.6152E-2 5.05746E-2 6.1845E-2 6.29502E-2 9.23419E-2 1.09487E-1 2.10999E-1 2.1029E-1 2.18723E-1 2.1849E-1 3.09404E-1 7.21886E-1 6.60475E-1 7.82423E-1 8.53734E-1 8.51284E-1 9.08252E-1 9.08356E-1 9.29009E-1 9.61021E-1 9.82759E-1 9.72416E-1 7.67254E-1 5.73322E-1 6.11172E-1 8.66008E-1 7.61465E-1 7.66055E-1 7.76638E-1 7.71241E-1 7.7648E-1 8.09589E-1 8.88254E-1 9.66745E-1 8.86079E-1 9.25152E-1 9.19211E-1 9.19708E-1 8.72165E-1
