ENM/Final_Models/M_2_F_lq_Set_1_E/Gustavia_santanderiensis_Choco_max.asc
ncols         367
nrows         963
xllcorner     -78.6
yllcorner     0.65
cellsize      0.00833333333333323
NODATA_value  -9999
[rows 238 to 271 of 963, columns 225 to 299 of 367]
1E0 1E0 1E0 1E0 1E0 1E0 1E0 1E0 1E0 1E0 9.99937E-1 6.27877E-1 5.43194E-1 2.3182E-1 6.36684E-2 4.51459E-2 2.43341E-1 2.23145E-1 2.52362E-1 6.09127E-1 8.64994E-1 8.54039E-1 6.79178E-1 7.36901E-1 8.09586E-1 9.14405E-1 9.68365E-1 9.98436E-1 9.94603E-1 9.66643E-1 9.00508E-1 9.25446E-1 9.6539E-1 9.7387E-1 9.9122E-1 9.95889E-1 7.96159E-1 7.50501E-1 5.83867E-1 5.27208E-1 4.91684E-1 5.06612E-1 3.48619E-1 2.8014E-1 1.52856E-1 1.03492E-1 1.14083E-1 1.11642E-1 1.74084E-1 7.43153E-2 4.74289E-2 2.58909E-3 3.19743E-4 1.86346E-3 4.48445E-3 2.06753E-3 8.38918E-4 1.73975E-3 2.48168E-3 1.08452E-3 2.08982E-4 1.51576E-5 7.69788E-7 1.54497E-6 1.07073E-4 6.78636E-6 8.67926E-6 3.37649E-6 2.91206E-5 -9999 -9999 -9999 -9999 -9999 -9999
9.99985E-1 9.99997E-1 1E0 1E0 1E0 1E0 1E0 1E0 1E0 1E0 9.99894E-1 9.06647E-1 7.24398E-1 4.54566E-1 1.17566E-1 4.62105E-2 1.89783E-1 1.58683E-1 1.97146E-1 7.09131E-1 9.48751E-1 7.84717E-1 6.52779E-1 6.26541E-1 5.03615E-1 6.18835E-1 9.83829E-1 9.7566E-1 9.95908E-1 8.25431E-1 8.32802E-1 8.67319E-1 8.68719E-1 9.93479E-1 9.97271E-1 9.98421E-1 8.60133E-1 7.73712E-1 8.42321E-1 3.53931E-1 3.90153E-1 4.50197E-1 4.9527E-1 2.46622E-1 1.34936E-1 1.56133E-1 1.4777E-1 3.10242E-2 1.1294E-1 3.77676E-2 1.55486E-2 1.51495E-3 1.15896E-3 6.00307E-3 4.63876E-3 1.91568E-3 2.88424E-3 1.65681E-3 6.44609E-4 6.96479E-4 2.69302E-4 6.40602E-6 -9999 -9999 4.46702E-6 3.98353E-7 9.1668E-8 4.70971E-6 -9999 -9999 -9999 -9999 -9999 -9999 -9999
1E0 1E0 1E0 1E0 1E0 1E0 1E0 1E0 1E0 1E0 1E0 9.32538E-1 7.51724E-1 6.4976E-1 4.29988E-1 8.73658E-2 6.36248E-2 2.98254E-1 3.349E-1 5.57562E-1 6.51656E-1 8.31E-1 8.6789E-1 8.45337E-1 6.74817E-1 8.19751E-1 8.77096E-1 8.94662E-1 9.70614E-1 8.97015E-1 8.19226E-1 8.43784E-1 9.53289E-1 9.39644E-1 9.98096E-1 9.97077E-1 9.66827E-1 7.09406E-1 6.43942E-1 4.817E-1 3.0546E-1 4.36591E-1 4.61628E-1 1.86848E-1 1.9221E-1 1.541E-1 1.19947E-1 4.66286E-2 6.54324E-2 2.75432E-2 1.61804E-2 1.02065E-2 4.4975E-3 6.78947E-3 7.96435E-3 1.77465E-3 9.68209E-4 1.05764E-3 9.45715E-5 1.24478E-5 5.29579E-6 2.24289E-6 1.77741E-6 9.39794E-8 -9999 5.57179E-7 -9999 -9999 -9999 -9999 -9999 -9999 -9999 -9999 -9999
1E0 1E0 1E0 1E0 1E0 1E0 1E0 1E0 1E0 1E0 1E0 9.99499E-1 9.11017E-1 7.94368E-1 5.74314E-1 1.03047E-1 7.4915E-2 2.3139E-1 2.64385E-1 4.32642E-1 7.13112E-1 8.16542E-1 9.0769E-1 9.58505E-1 7.88832E-1 9.45327E-1 8.27092E-1 8.62315E-1 8.96106E-1 8.54888E-1 7.25156E-1 8.88501E-1 9.65819E-1 9.73166E-1 9.89008E-1 9.99497E-1 9.51432E-1 7.81744E-1 7.63611E-1 5.0913E-1 3.74355E-1 2.97663E-1 2.88902E-1 1.81261E-1 1.22708E-1 9.52208E-2 8.51723E-2 2.76434E-2 1.6952E-2 6.208E-3 7.56011E-3 1.17024E-2 1.35635E-2 1.40748E-2 2.78561E-3 8.86192E-4 5.41613E-4 2.11103E-3 2.74726E-4 1.76247E-4 2.92292E-5 7.74425E-7 8.48244E-8 6.13649E-8 2.02685E-6 -9999 -9999 -9999 -9999 -9999 -9999 -9999 -9999 -9999 -9999
1E0 1E0 1E0 1E0 1E0 1E0 1E0 1E0 1E0 1E0 1E0 1E0 9.99961E-1 9.85656E-1 4.55023E-1 5.10079E-2 4.19376E-2 1.2275E-1 2.60587E-1 4.32614E-1 8.02762E-1 8.78355E-1 9.78571E-1 9.23867E-1 6.46774E-1 7.55017E-1 7.36672E-1 9.39635E-1 8.78636E-1 7.36772E-1 7.49444E-1 9.69889E-1 9.95574E-1 9.99781E-1 9.99031E-1 9.99842E-1 9.69868E-1 9.61445E-1 9.46319E-1 4.31448E-1 2.73713E-1 2.04153E-1 2.18148E-1 2.62718E-1 1.23456E-1 7.49892E-2 4.19884E-2 2.43161E-2 1.98764E-2 1.94453E-3 2.05767E-3 2.83979E-3 7.73949E-3 5.78006E-3 6.73639E-3 6.25925E-3 2.23195E-3 3.28955E-3 1.97339E-3 6.22133E-4 5.57546E-5 1.53416E-6 9.62344E-7 1.02661E-7 6.42091E-7 -9999 -9999 -9999 -9999 -9999 -9999 -9999 -9999 -9999 -9999
1E0 1E0 1E0 1E0 1E0 1E0 1E0 1E0 1E0 1E0 1E0 1E0 9.99692E-1 9.97394E-1 5.45308E-1 9.34214E-2 4.95425E-2 8.41906E-2 1.95315E-1 3.34214E-1 6.4912E-1 7.96759E-1 9.88296E-1 9.21431E-1 8.97952E-1 9.61836E-1 9.21743E-1 6.35938E-1 9.58777E-1 9.02603E-1 9.88259E-1 9.9442E-1 9.99606E-1 1E0 9.99983E-1 9.9596E-1 9.57648E-1 9.53487E-1 9.83882E-1 5.54865E-1 3.89078E-1 2.26407E-1 2.34907E-1 2.79442E-1 1.05588E-1 2.95887E-2 3.28676E-2 9.18525E-3 2.71939E-2 1.48034E-2 3.4282E-3 1.8495E-3 1.50696E-3 1.59165E-2 3.57545E-3 2.08075E-3 2.57589E-3 2.40993E-3 2.39224E-3 1.11646E-3 1.48613E-4 1.40894E-5 1.71703E-5 3.90326E-6 -9999 -9999 -9999 -9999 -9999 -9999 -9999 -9999 -9999 -9999 -9999
1E0 1E0 1E0 1E0 1E0 1E0 1E0 1E0 1E0 1E0 1E0 1E0 9.9974E-1 9.997E-1 8.37221E-1 1.48666E-1 1.2606E-1 2.27371E-1 3.43861E-1 4.86771E-1 7.77871E-1 9.98908E-1 9.9651E-1 9.7632E-1 9.26725E-1 9.84655E-1 9.33156E-1 7.95153E-1 9.40923E-1 9.5601E-1 9.88574E-1 9.97469E-1 9.99791E-1 9.99953E-1 9.97165E-1 9.86468E-1 9.89472E-1 9.90896E-1 9.91767E-1 5.0284E-1 3.6053E-1 4.53111E-1 3.95097E-1 2.06311E-1 8.54194E-2 4.44544E-2 6.00663E-2 4.05615E-2 3.07492E-2 2.61064E-2 1.54202E-2 1.20281E-2 4.0497E-4 1.31825E-3 6.02499E-3 3.83401E-3 9.30616E-4 7.68191E-4 1.02955E-3 1.28709E-3 2.91758E-3 1.17038E-3 1.70736E-4 3.09089E-5 2.67215E-6 -9999 -9999 -9999 -9999 -9999 -9999 -9999 -9999 -9999 -9999
1E0 1E0 1E0 1E0 1E0 1E0 1E0 1E0 1E0 1E0 1E0 1E0 9.99528E-1 9.7216E-1 4.60323E-1 1.78771E-1 1.03941E-1 1.95731E-1 4.4261E-1 5.00918E-1 8.97759E-1 9.99947E-1 9.98043E-1 9.27023E-1 9.65679E-1 7.76946E-1 6.77428E-1 9.03237E-1 7.39809E-1 9.46198E-1 9.99965E-1 9.99996E-1 9.99881E-1 9.99971E-1 9.78737E-1 9.93178E-1 9.87427E-1 7.80445E-1 8.97591E-1 6.24988E-1 1.83361E-1 2.21514E-1 6.72347E-1 2.5617E-1 2.19414E-1 1.73706E-1 1.33145E-1 6.05486E-2 5.24909E-2 1.22928E-2 8.8569E-3 6.04948E-3 3.14975E-3 3.22118E-4 3.05186E-3 1.2258E-3 1.34824E-4 2.74817E-4 3.62782E-4 5.09447E-4 1.69087E-3 5.37831E-4 5.23212E-5 1.18353E-5 9.91225E-7 1.24038E-7 -9999 -9999 -9999 -9999 -9999 -9999 -9999 -9999 -9999
1E0 1E0 1E0 1E0 1E0 1E0 1E0 1E0 1E0 1E0 1E0 1E0 9.99654E-1 8.49491E-1 2.96366E-1 4.60547E-2 1.20988E-1 3.12317E-1 5.62504E-1 8.94467E-1 8.73288E-1 9.97821E-1 9.96904E-1 9.81685E-1 9.91545E-1 8.6005E-1 8.19056E-1 7.81458E-1 8.93805E-1 9.27145E-1 9.23129E-1 9.06063E-1 9.75876E-1 9.64417E-1 9.71354E-1 9.30028E-1 9.08666E-1 7.48643E-1 8.62212E-1 5.13218E-1 1.6982E-1 5.36659E-1 6.09229E-1 2.30313E-1 1.50129E-1 7.15005E-2 1.69596E-2 4.10809E-2 6.7395E-2 3.18104E-2 1.82188E-2 1.90561E-2 2.62973E-3 1.89241E-4 1.9513E-4 3.47036E-5 9.49322E-5 2.97481E-5 1.3549E-5 8.22063E-5 1.25969E-4 4.03698E-4 2.48271E-4 4.09737E-5 2.34509E-5 4.19675E-7 -9999 -9999 -9999 -9999 -9999 -9999 -9999 -9999 -9999
1E0 1E0 1E0 1E0 1E0 1E0 1E0 1E0 1E0 1E0 1E0 1E0 1E0 9.75173E-1 4.40925E-1 1.20185E-1 1.32972E-1 3.11685E-1 4.67454E-1 8.54913E-1 9.99999E-1 9.99967E-1 9.97205E-1 9.99984E-1 8.34743E-1 6.37712E-1 5.37604E-1 5.46555E-1 8.56213E-1 8.8007E-1 6.74444E-1 6.14022E-1 5.52702E-1 6.5853E-1 7.28953E-1 6.52361E-1 9.12822E-1 8.92612E-1 6.15954E-1 4.31785E-1 3.7818E-1 4.8129E-1 5.32347E-1 4.43882E-1 2.2751E-1 7.41575E-2 3.26205E-2 4.32916E-2 3.47613E-2 1.75186E-2 2.80156E-3 8.63938E-4 1.10556E-3 9.18546E-5 3.00712E-4 8.71165E-6 2.39773E-5 6.86803E-6 2.85847E-6 2.82377E-6 5.84199E-6 1.43883E-6 4.39193E-5 3.00825E-5 1.0155E-5 5.51168E-7 -9999 -9999 -9999 -9999 -9999 -9999 -9999 -9999 -9999
1E0 1E0 1E0 1E0 1E0 1E0 1E0 1E0 1E0 1E0 1E0 1E0 1E0 9.97062E-1 6.23808E-1 1.19219E-1 2.34201E-1 6.01061E-1 8.35789E-1 8.1539E-1 9.99999E-1 9.99955E-1 9.96226E-1 9.997E-1 7.84768E-1 8.00685E-1 4.19919E-1 5.09734E-1 6.15168E-1 8.95476E-1 5.9985E-1 5.1212E-1 5.19244E-1 5.88221E-1 6.97805E-1 4.80223E-1 7.00243E-1 9.5583E-1 5.77576E-1 4.06612E-1 4.01439E-1 4.05937E-1 5.65735E-1 4.19162E-1 5.79826E-1 1.08794E-1 3.98175E-2 4.68356E-2 5.13802E-2 1.2347E-2 1.34476E-3 4.20532E-4 6.35553E-4 1.13685E-4 2.85507E-4 1.49977E-5 9.67417E-5 4.20486E-5 4.89591E-6 1.38746E-6 1.3033E-6 5.08695E-7 3.84855E-6 -9999 -9999 -9999 -9999 -9999 -9999 -9999 -9999 -9999 -9999 -9999 -9999
1E0 1E0 1E0 1E0 1E0 1E0 1E0 1E0 1E0 1E0 1E0 1E0 1E0 9.50073E-1 6.93157E-1 5.53343E-1 8.80493E-1 9.99963E-1 9.77352E-1 9.99997E-1 1E0 9.99955E-1 9.64582E-1 9.99888E-1 7.69018E-1 6.71181E-1 5.63783E-1 5.27753E-1 6.75739E-1 6.53646E-1 6.00697E-1 6.17974E-1 8.3369E-1 8.14621E-1 8.96152E-1 7.21182E-1 4.99614E-1 9.49702E-1 6.86602E-1 4.1836E-1 2.87204E-1 4.48191E-1 4.67738E-1 6.47202E-1 6.70577E-1 2.25151E-1 1.06599E-1 4.57588E-2 2.79621E-2 1.20006E-2 4.62881E-3 3.32992E-4 1.99989E-4 4.08809E-4 7.4007E-4 5.15976E-4 1.01465E-3 4.41734E-4 9.97273E-5 8.61626E-6 1.90319E-6 3.12898E-7 -9999 -9999 -9999 -9999 -9999 -9999 -9999 -9999 -9999 -9999 -9999 -9999 -9999
1E0 1E0 1E0 1E0 1E0 1E0 1E0 1E0 1E0 1E0 1E0 1E0 1E0 1E0 1E0 1E0 1E0 1E0 1E0 1E0 1E0 9.99807E-1 9.99809E-1 9.99472E-1 8.16276E-1 7.77864E-1 8.5491E-1 8.70885E-1 8.20178E-1 8.50349E-1 8.07196E-1 9.56732E-1 6.96622E-1 8.02907E-1 9.05382E-1 8.48002E-1 4.7711E-1 8.87893E-1 5.34145E-1 4.20416E-1 3.4429E-1 1.35475E-1 3.48721E-1 5.86123E-1 5.65672E-1 3.0364E-1 1.90745E-1 4.17667E-2 2.19856E-2 2.37151E-2 5.303E-3 6.00694E-4 4.45994E-4 1.05895E-3 3.21746E-3 4.31409E-3 3.11063E-3 4.82697E-4 3.45485E-4 9.43004E-5 1.68552E-5 1.10591E-5 -9999 -9999 -9999 -9999 9.29455E-7 4.89448E-7 -9999 -9999 -9999 -9999 -9999 -9999 -9999
1E0 1E0 1E0 1E0 1E0 1E0 1E0 1E0 1E0 1E0 1E0 1E0 1E0 1E0 1E0 1E0 1E0 1E0 1E0 9.99113E-1 9.99953E-1 9.7004E-1 7.32606E-1 9.96053E-1 9.57431E-1 6.97603E-1 5.42182E-1 6.01207E-1 7.69315E-1 9.75314E-1 8.45369E-1 8.84681E-1 9.84391E-1 9.48704E-1 9.99613E-1 9.55441E-1 8.38611E-1 9.00108E-1 7.05429E-1 4.85484E-1 1.20295E-1 1.71726E-1 3.97468E-1 5.50016E-1 5.10429E-1 3.59639E-1 1.95879E-1 4.31711E-2 2.11514E-2 1.81368E-2 9.71422E-3 5.32241E-3 6.7629E-3 3.77621E-3 4.19807E-3 5.32916E-3 3.58717E-4 4.07796E-4 1.26461E-4 5.21973E-5 8.01696E-6 -9999 -9999 1.2471E-7 5.00565E-7 5.80176E-7 3.54475E-6 4.75436E-7 -9999 -9999 -9999 -9999 -9999 -9999 -9999
1E0 1E0 1E0 1E0 1E0 1E0 1E0 1E0 1E0 1E0 1E0 1E0 1E0 1E0 1E0 1E0 9.99983E-1 9.99656E-1 1E0 9.98915E-1 9.98583E-1 9.57959E-1 8.55024E-1 8.7221E-1 9.94427E-1 8.98883E-1 7.08769E-1 8.07585E-1 7.19939E-1 8.13947E-1 8.64104E-1 9.92123E-1 9.99962E-1 9.99994E-1 9.96856E-1 9.90154E-1 9.83399E-1 8.0653E-1 4.93252E-1 5.25622E-1 1.63726E-1 3.01251E-1 3.18879E-1 7.23439E-1 4.87952E-1 5.78282E-1 3.96892E-1 1.76337E-1 9.93413E-2 9.83354E-3 1.50058E-2 2.08349E-2 2.25599E-2 1.53393E-2 6.96797E-3 9.09195E-3 4.18231E-4 3.18021E-4 7.81063E-5 2.31094E-5 8.30029E-6 2.56396E-6 1.41438E-6 3.73123E-6 3.38422E-6 5.05676E-6 1.48373E-6 3.60286E-5 9.83493E-6 -9999 -9999 -9999 -9999 -9999 -9999
1E0 1E0 1E0 1E0 1E0 1E0 1E0 1E0 1E0 1E0 1E0 1E0 1E0 1E0 1E0 1E0 1E0 9.97636E-1 9.99989E-1 9.99998E-1 9.99863E-1 9.99762E-1 9.47179E-1 9.43382E-1 8.29329E-1 9.8376E-1 7.86598E-1 6.76299E-1 8.86038E-1 8.73534E-1 9.06454E-1 9.99904E-1 9.99997E-1 9.99897E-1 9.99768E-1 9.99264E-1 9.56785E-1 6.9451E-1 5.24881E-1 5.97255E-1 5.85673E-1 4.11148E-1 6.03964E-1 6.27887E-1 5.97109E-1 3.98002E-1 5.28251E-1 4.18362E-1 2.30837E-1 6.60462E-2 1.05553E-2 5.18392E-3 2.34425E-2 6.6453E-3 1.15949E-2 2.619E-3 2.68592E-3 1.84311E-3 4.89489E-4 2.72607E-5 4.48462E-5 6.53197E-5 3.5672E-6 1.03232E-5 1.83147E-5 6.48656E-6 3.39616E-5 7.1918E-6 2.01583E-5 -9999 -9999 -9999 -9999 -9999 -9999
1E0 1E0 1E0 1E0 1E0 1E0 1E0 1E0 1E0 1E0 1E0 1E0 1E0 1E0 1E0 1E0 9.96745E-1 7.26855E-1 9.89476E-1 9.88465E-1 1E0 9.9222E-1 9.96932E-1 9.99876E-1 8.75704E-1 9.98986E-1 9.26567E-1 8.62492E-1 7.61826E-1 7.26792E-1 8.32142E-1 9.9925E-1 1E0 9.96288E-1 1E0 8.86449E-1 9.53069E-1 7.83839E-1 6.27066E-1 4.53681E-1 5.50196E-1 4.89439E-1 6.40072E-1 3.91995E-1 5.38895E-1 4.79848E-1 3.73685E-1 2.32178E-1 3.99244E-1 2.18955E-1 8.18843E-2 1.31814E-2 3.48673E-2 3.19219E-2 4.53566E-3 4.76607E-3 5.10579E-3 9.22346E-4 1.1283E-4 1.40722E-4 1.40376E-4 1.32292E-4 1.57324E-4 4.36681E-5 1.5152E-5 1.26197E-5 1.74292E-5 3.22001E-5 2.68383E-6 8.74244E-6 -9999 -9999 -9999 -9999 -9999
1E0 1E0 1E0 1E0 1E0 1E0 1E0 1E0 1E0 1E0 1E0 1E0 1E0 1E0 9.99998E-1 9.99396E-1 7.5081E-1 4.63026E-1 7.90004E-1 9.89478E-1 1E0 9.99716E-1 9.57014E-1 9.81861E-1 9.36585E-1 9.98395E-1 9.97185E-1 9.84847E-1 9.88589E-1 9.82596E-1 8.4844E-1 9.75172E-1 9.97243E-1 9.99987E-1 9.99999E-1 8.56679E-1 8.72057E-1 8.49367E-1 5.64526E-1 4.81655E-1 4.8903E-1 5.58717E-1 6.12507E-1 4.43542E-1 3.7004E-1 4.81324E-1 5.03066E-1 2.57477E-1 2.97675E-1 2.57392E-1 1.42659E-1 2.17345E-2 1.37771E-2 5.52182E-3 1.54989E-3 3.87411E-3 1.60057E-3 2.54485E-4 2.75434E-4 1.89908E-4 1.33594E-3 3.77393E-4 2.4854E-4 3.26756E-5 8.44826E-6 3.23913E-5 1.27947E-4 8.96677E-5 2.18062E-5 3.48989E-6 -9999 -9999 -9999 -9999 -9999
1E0 1E0 1E0 1E0 1E0 1E0 1E0 1E0 1E0 1E0 1E0 1E0 1E0 1E0 9.6908E-1 5.21411E-1 2.79651E-1 4.19793E-1 5.99942E-1 7.03569E-1 9.96447E-1 9.99995E-1 9.95884E-1 9.99998E-1 9.61972E-1 1E0 9.99979E-1 9.92597E-1 9.99667E-1 9.24151E-1 9.51485E-1 9.70095E-1 9.6282E-1 9.92003E-1 9.49242E-1 7.64085E-1 8.83403E-1 8.33281E-1 6.14059E-1 6.51236E-1 5.32004E-1 3.82027E-1 4.45467E-1 3.00153E-1 3.28846E-1 3.69909E-1 3.33817E-1 2.47209E-1 1.46791E-1 1.23502E-1 6.0355E-2 8.10374E-3 1.51727E-3 4.90598E-4 9.39197E-4 7.56023E-4 3.47286E-4 5.4363E-4 7.86486E-4 2.94852E-4 1.05533E-4 2.59225E-5 9.91384E-6 2.81441E-5 2.86583E-5 2.17486E-5 7.98293E-5 8.58622E-5 8.87792E-5 4.12376E-5 4.05286E-5 -9999 -9999 -9999 -9999
1E0 1E0 1E0 1E0 1E0 1E0 1E0 1E0 1E0 1E0 1E0 1E0 1E0 9.82714E-1 4.71797E-1 4.25259E-1 4.28158E-1 5.19406E-1 8.0951E-1 9.20523E-1 8.89818E-1 8.95733E-1 9.86696E-1 9.99995E-1 8.92533E-1 9.99694E-1 7.5989E-1 9.21823E-1 8.99534E-1 7.02865E-1 9.76173E-1 9.58072E-1 9.9747E-1 9.23289E-1 6.72363E-1 6.56002E-1 8.0574E-1 7.33044E-1 4.82383E-1 3.48399E-1 3.07222E-1 2.85015E-1 2.6009E-1 4.79865E-1 4.44979E-1 2.85029E-1 1.88665E-1 1.74579E-1 1.55738E-1 1.46264E-1 6.40026E-2 1.05176E-2 7.89469E-3 1.12812E-2 7.25317E-3 4.57349E-2 2.56009E-3 6.84709E-3 8.18289E-3 2.26996E-3 5.17614E-4 2.66868E-4 3.90706E-5 9.54214E-5 1.3681E-5 4.44338E-5 1.13261E-4 2.10581E-4 2.64887E-4 1.16535E-4 7.26981E-5 5.7604E-5 -9999 -9999 -9999
1E0 1E0 1E0 1E0 1E0 1E0 1E0 1E0 1E0 1E0 1E0 1E0 1E0 9.99902E-1 9.10565E-1 7.54481E-1 2.21917E-1 1.38547E-1 6.00596E-1 9.40484E-1 8.79193E-1 9.29756E-1 9.99995E-1 9.9895E-1 9.59278E-1 9.96881E-1 8.1091E-1 6.77422E-1 7.96652E-1 6.46286E-1 5.4806E-1 8.59217E-1 8.60002E-1 4.78994E-1 3.26764E-1 3.35027E-1 5.48346E-1 6.10525E-1 4.80089E-1 5.48518E-1 5.37441E-1 4.67802E-1 3.997E-1 4.05705E-1 4.17483E-1 2.31444E-1 3.04324E-1 2.80363E-1 2.70743E-1 2.47829E-1 1.29087E-1 1.82704E-2 2.15836E-2 2.32485E-2 1.90354E-2 1.74807E-2 2.05734E-2 1.84472E-2 1.34108E-2 2.83906E-3 6.72643E-4 6.91343E-5 1.00209E-4 1.23405E-4 4.40285E-5 1.91147E-4 1.1762E-4 2.16864E-4 7.42519E-5 5.96878E-5 6.34383E-5 3.58834E-5 4.54181E-5 -9999 -9999
1E0 1E0 1E0 1E0 1E0 1E0 1E0 1E0 1E0 1E0 1E0 1E0 1E0 9.99999E-1 9.45373E-1 9.15783E-1 8.41881E-1 4.33828E-1 5.85016E-1 5.86731E-1 6.71889E-1 9.51294E-1 9.99313E-1 9.9999E-1 9.99343E-1 9.92121E-1 9.99896E-1 9.33108E-1 8.62093E-1 7.26715E-1 3.21609E-1 5.87791E-1 4.67353E-1 3.00818E-1 3.65443E-1 3.08041E-1 4.48904E-1 6.39595E-1 5.03486E-1 5.06896E-1 6.15763E-1 7.27654E-1 5.05392E-1 2.90074E-1 3.2968E-1 2.04266E-1 7.06904E-1 7.59237E-1 4.10556E-1 1.45498E-1 1.51157E-1 1.88993E-2 1.2214E-2 4.43375E-3 4.74588E-3 1.27473E-2 1.08314E-2 3.13143E-3 7.67029E-4 3.42697E-4 6.96974E-5 2.74366E-4 2.05575E-4 6.70492E-5 1.99323E-4 2.33101E-4 2.39175E-4 3.19547E-4 4.48674E-4 1.51772E-4 1.17289E-4 1.38609E-4 4.2649E-5 7.54097E-5 -9999
1E0 1E0 1E0 1E0 1E0 1E0 1E0 1E0 1E0 1E0 1E0 1E0 1E0 9.99999E-1 9.95268E-1 9.49009E-1 9.07348E-1 8.06597E-1 6.66849E-1 5.47249E-1 6.04205E-1 6.63989E-1 9.7521E-1 9.99891E-1 9.94585E-1 9.06315E-1 9.98637E-1 9.85465E-1 9.82144E-1 8.50236E-1 4.86277E-1 4.5398E-1 6.38208E-1 3.56886E-1 2.89767E-1 4.17046E-1 4.84946E-1 7.60131E-1 7.61528E-1 7.14659E-1 6.12633E-1 6.78145E-1 5.92151E-1 4.60455E-1 2.29897E-1 2.52787E-1 5.99394E-1 9.48754E-1 4.34277E-1 1.2218E-1 1.30008E-1 2.22683E-2 1.24502E-2 2.49634E-3 1.72735E-3 3.59314E-3 2.95761E-3 2.63675E-3 2.66492E-3 8.88637E-5 3.11398E-5 1.88685E-6 1.05112E-4 1.35969E-4 1.10836E-3 6.80397E-4 3.10618E-4 2.45291E-4 -9999 -9999 -9999 3.5827E-5 3.09888E-5 4.75665E-5 -9999
1E0 1E0 1E0 1E0 1E0 1E0 1E0 1E0 1E0 1E0 1E0 1E0 1E0 1E0 9.99997E-1 9.86514E-1 9.91848E-1 8.95177E-1 6.16825E-1 5.74838E-1 6.10487E-1 6.14847E-1 9.40664E-1 9.89473E-1 9.83757E-1 9.4322E-1 9.79086E-1 9.91613E-1 9.70919E-1 9.62216E-1 6.07267E-1 4.52925E-1 4.52324E-1 3.20353E-1 3.6536E-1 3.57334E-1 5.39569E-1 6.07349E-1 6.92281E-1 6.33362E-1 7.35199E-1 9.04905E-1 7.77289E-1 9.6749E-1 2.79975E-1 3.03597E-1 5.16831E-1 7.78973E-1 5.04128E-1 1.3699E-1 8.45261E-2 4.00227E-2 3.68623E-2 2.19774E-2 8.63302E-3 8.3804E-3 2.46098E-3 6.75325E-4 6.4003E-3 1.4033E-4 1.14378E-5 7.14142E-6 1.07313E-4 3.85981E-4 5.42129E-4 7.08748E-4 8.15653E-4 4.26927E-4 1.98572E-4 -9999 -9999 -9999 1.48873E-7 7.68343E-7 -9999
1E0 1E0 1E0 1E0 1E0 1E0 1E0 1E0 1E0 1E0 1E0 1E0 1E0 1E0 1E0 9.99837E-1 1E0 9.96343E-1 8.65934E-1 3.03476E-1 4.30739E-1 4.81053E-1 7.05311E-1 9.29595E-1 9.99677E-1 9.98773E-1 8.95201E-1 9.8853E-1 6.97967E-1 8.2876E-1 8.1438E-1 6.1077E-1 5.5763E-1 3.55299E-1 6.34702E-1 4.19048E-1 5.01827E-1 8.64209E-1 8.82773E-1 7.68736E-1 8.20801E-1 9.5156E-1 9.98664E-1 9.13837E-1 3.84972E-1 3.18848E-1 5.98332E-1 7.01426E-1 6.96776E-1 2.1034E-1 1.09816E-1 3.6221E-2 1.01915E-2 1.16843E-2 1.08504E-2 7.46099E-3 1.87181E-3 1.65382E-3 4.81983E-4 3.12757E-4 2.5876E-5 7.20073E-5 3.82524E-4 9.59141E-4 7.49533E-4 8.72231E-4 5.26096E-4 3.4288E-4 6.76156E-5 -9999 -9999 -9999 -9999 -9999 7.37928E-8
1E0 1E0 1E0 1E0 1E0 1E0 1E0 1E0 1E0 1E0 1E0 1E0 1E0 1E0 1E0 1E0 1E0 1E0 8.92156E-1 2.19403E-1 5.66822E-1 3.03737E-1 5.40113E-1 9.8108E-1 9.99999E-1 9.98003E-1 9.85071E-1 9.10349E-1 8.5558E-1 8.21628E-1 5.33173E-1 6.14948E-1 3.9745E-1 3.26526E-1 3.50501E-1 3.99201E-1 8.28188E-1 8.14853E-1 8.99036E-1 9.78197E-1 9.9352E-1 9.3623E-1 9.82347E-1 8.38233E-1 7.17242E-1 3.6307E-1 1.84882E-1 7.49449E-1 6.77159E-1 3.82797E-1 2.63828E-1 8.28974E-2 5.96417E-3 4.42763E-3 3.85145E-3 2.44138E-3 7.97516E-5 2.08877E-4 1.26044E-4 3.90348E-4 4.88173E-4 8.29639E-5 7.633E-5 7.67875E-4 1.56574E-3 7.83198E-4 4.47701E-4 1.33602E-4 5.52534E-5 2.6337E-6 -9999 -9999 -9999 -9999 -9999
1E0 1E0 1E0 1E0 1E0 1E0 1E0 1E0 1E0 1E0 1E0 1E0 1E0 1E0 1E0 1E0 1E0 1E0 9.71634E-1 5.83998E-1 5.46536E-1 3.57217E-1 6.82105E-1 9.69279E-1 1E0 9.99357E-1 9.93512E-1 8.77309E-1 9.77773E-1 9.91519E-1 8.19577E-1 4.23326E-1 3.62695E-1 3.97725E-1 4.58624E-1 6.45061E-1 8.83296E-1 7.76238E-1 8.31117E-1 8.99485E-1 9.2576E-1 9.45231E-1 9.2044E-1 7.92137E-1 6.94924E-1 5.0153E-1 3.15532E-1 3.37644E-1 4.72023E-1 5.78532E-1 1.85796E-1 8.68081E-2 4.53416E-3 6.35261E-3 5.29789E-3 1.12454E-3 2.52461E-2 3.42805E-2 7.78274E-5 1.24492E-3 2.19278E-4 7.30402E-4 3.62596E-4 1.34696E-3 1.11954E-3 1.09589E-3 1.3734E-3 1.16055E-3 -9999 -9999 -9999 -9999 -9999 -9999 -9999
1E0 1E0 1E0 1E0 1E0 1E0 1E0 1E0 1E0 1E0 1E0 1E0 1E0 1E0 1E0 1E0 1E0 1E0 7.53672E-1 3.01538E-1 5.13807E-1 7.04836E-1 9.28171E-1 9.99896E-1 9.99982E-1 9.99582E-1 9.91428E-1 8.64677E-1 9.77636E-1 9.74257E-1 8.24434E-1 4.75743E-1 5.59368E-1 5.76212E-1 7.03886E-1 7.2931E-1 8.4422E-1 9.54116E-1 9.88938E-1 9.97634E-1 9.98726E-1 9.1751E-1 8.47003E-1 8.7953E-1 7.80463E-1 6.17053E-1 3.25532E-1 3.06934E-1 4.43457E-1 7.14044E-1 4.54938E-1 3.69419E-1 4.04638E-3 2.57203E-3 3.51098E-3 2.59128E-3 2.84973E-3 2.29581E-2 2.22534E-4 2.76546E-3 1.01167E-3 2.83551E-3 1.09354E-3 1.26619E-3 1.32566E-3 1.07201E-3 8.6069E-4 1.02283E-3 -9999 -9999 -9999 -9999 -9999 -9999 -9999
1E0 1E0 1E0 1E0 1E0 1E0 1E0 1E0 1E0 1E0 1E0 1E0 1E0 1E0 1E0 1E0 1E0 9.99568E-1 3.83239E-1 1.84226E-1 4.0263E-1 4.87718E-1 8.96868E-1 9.44549E-1 9.91522E-1 9.96633E-1 9.88278E-1 9.25499E-1 9.61797E-1 9.9271E-1 9.61703E-1 6.18643E-1 7.03533E-1 8.1864E-1 9.1978E-1 8.4328E-1 8.78135E-1 8.16378E-1 9.94756E-1 9.9546E-1 9.96635E-1 9.12205E-1 8.40778E-1 9.10109E-1 9.85567E-1 7.99856E-1 4.12782E-1 5.22124E-1 4.5479E-1 7.65647E-1 3.56895E-1 3.02244E-1 4.15135E-2 1.09755E-3 3.44966E-3 3.08352E-3 3.41549E-3 5.61111E-4 3.38438E-4 3.06309E-3 1.5066E-3 1.49794E-3 1.88505E-3 3.24798E-3 1.04161E-3 3.42614E-3 8.31512E-4 -9999 -9999 -9999 -9999 -9999 -9999 -9999 -9999
1E0 1E0 1E0 1E0 1E0 1E0 1E0 1E0 1E0 1E0 1E0 1E0 1E0 1E0 1E0 1E0 1E0 9.97978E-1 3.77736E-1 8.97216E-2 2.44365E-1 6.34853E-1 8.29961E-1 8.4716E-1 8.16044E-1 9.99207E-1 9.90508E-1 9.20405E-1 8.70013E-1 9.93643E-1 9.20351E-1 4.91192E-1 6.82154E-1 8.32393E-1 8.03884E-1 7.41997E-1 8.14502E-1 8.65388E-1 9.61761E-1 9.98266E-1 9.91287E-1 8.91134E-1 8.47984E-1 8.68543E-1 9.13764E-1 9.82246E-1 6.44143E-1 6.20292E-1 7.19399E-1 4.23655E-1 6.39327E-1 3.51939E-1 1.42521E-1 1.22362E-1 4.85645E-2 1.66747E-3 4.27156E-3 1.72492E-3 2.26265E-4 3.44699E-3 3.08513E-3 1.69142E-3 3.33807E-3 4.02673E-3 2.43626E-3 6.20505E-4 2.74647E-4 1.85902E-4 -9999 -9999 -9999 -9999 -9999 -9999 -9999
1E0 1E0 1E0 1E0 1E0 1E0 1E0 1E0 1E0 1E0 1E0 1E0 1E0 1E0 1E0 1E0 1E0 9.99033E-1 4.98087E-1 2.28506E-1 2.5055E-1 2.85019E-1 2.82198E-1 4.38206E-1 5.04085E-1 8.11894E-1 9.93904E-1 9.7866E-1 9.43167E-1 9.98933E-1 9.52396E-1 9.72198E-1 8.73464E-1 7.55994E-1 9.35749E-1 9.42862E-1 9.34494E-1 7.91685E-1 9.62767E-1 9.98244E-1 9.68355E-1 9.74211E-1 9.83207E-1 9.85366E-1 8.63481E-1 7.43845E-1 9.74194E-1 8.34292E-1 7.26891E-1 8.53467E-1 6.01485E-1 2.20704E-1 5.6537E-2 1.83415E-1 1.08024E-1 6.71908E-2 1.45376E-2 7.43045E-3 1.22261E-3 8.70041E-3 6.59673E-3 6.85754E-3 2.75641E-3 5.96528E-3 1.23352E-3 1.79158E-3 1.55599E-4 6.44759E-5 -9999 -9999 -9999 6.70788E-7 -9999 -9999 -9999
1E0 1E0 1E0 1E0 1E0 1E0 1E0 1E0 1E0 1E0 1E0 1E0 1E0 1E0 1E0 1E0 9.99068E-1 9.78898E-1 6.69759E-1 4.44431E-1 4.05659E-1 2.14403E-1 1.28025E-1 2.23225E-1 4.52837E-1 9.05298E-1 9.67576E-1 9.99874E-1 9.24305E-1 9.92682E-1 9.98559E-1 9.9633E-1 9.34771E-1 9.02017E-1 9.86354E-1 9.93396E-1 9.84911E-1 8.15129E-1 8.56607E-1 9.82242E-1 9.51137E-1 9.87231E-1 9.87173E-1 9.83064E-1 9.65099E-1 7.08675E-1 8.83441E-1 9.09074E-1 8.61184E-1 9.48269E-1 9.06701E-1 4.95826E-1 2.80522E-1 2.92554E-1 1.12772E-1 1.20443E-1 1.89245E-1 1.91977E-2 7.33518E-3 1.20923E-2 5.68162E-3 4.29086E-3 3.86518E-3 1.84733E-3 1.93159E-3 3.22733E-4 4.46994E-4 1.18086E-4 -9999 -9999 -9999 1.07155E-6 -9999 -9999 -9999
1E0 1E0 1E0 1E0 1E0 1E0 1E0 1E0 1E0 1E0 1E0 1E0 1E0 1E0 1E0 1E0 1E0 9.96744E-1 5.18307E-1 2.03487E-1 9.35015E-2 1.85498E-1 1.65874E-1 2.26996E-1 3.49561E-1 9.96451E-1 9.99998E-1 9.99607E-1 9.84889E-1 9.7873E-1 9.91593E-1 9.84824E-1 9.59326E-1 9.43649E-1 9.72527E-1 9.55551E-1 8.73087E-1 8.82264E-1 9.9608E-1 9.80613E-1 9.98534E-1 9.99943E-1 9.99993E-1 9.61177E-1 9.10872E-1 9.57609E-1 9.72457E-1 8.45879E-1 5.78332E-1 8.03944E-1 5.70365E-1 5.1947E-1 5.03648E-1 4.98849E-1 3.1424E-1 2.47392E-1 2.2607E-1 2.51097E-2 1.0612E-2 3.46012E-2 2.98295E-2 1.57555E-2 7.57574E-3 4.87808E-3 1.35996E-3 4.7988E-4 3.2125E-4 1.36705E-4 2.69356E-5 1.21314E-4 2.16364E-5 -9999 -9999 -9999 -9999
1E0 1E0 1E0 1E0 1E0 1E0 1E0 1E0 1E0 1E0 1E0 1E0 1E0 1E0 1E0 1E0 1E0 9.99975E-1 2.32547E-1 3.59854E-2 9.61021E-2 1.25118E-1 1.05586E-1 2.70693E-1 2.65985E-1 9.89472E-1 9.99981E-1 9.96909E-1 9.89031E-1 8.54005E-1 9.57131E-1 9.63296E-1 9.76863E-1 9.92202E-1 9.97779E-1 9.46265E-1 9.27454E-1 7.48907E-1 9.62845E-1 9.21352E-1 9.94401E-1 9.99172E-1 9.99797E-1 9.92018E-1 9.84938E-1 9.87393E-1 5.76865E-1 1.99661E-1 3.23879E-1 3.62451E-1 3.03043E-1 7.33419E-1 6.95247E-1 5.75377E-2 3.52151E-2 5.17882E-2 5.292E-2 8.10323E-3 3.19439E-2 4.55068E-2 3.75681E-2 1.52231E-2 5.38953E-3 3.13436E-3 3.5322E-3 1.99071E-3 3.30216E-4 2.67461E-4 3.09524E-5 6.64282E-5 6.86691E-6 9.80021E-7 -9999 -9999 -9999
