ENM/Final_Models/M_2_F_lq_Set_1_E/Gustavia_santanderiensis_0_Choco_novel.asc
ncols         367
nrows         963
xllcorner     -78.6
yllcorner     0.65
cellsize      0.00833333333333323
NODATA_value  -9999
[rows 420 to 449 of 963, columns 136 to 203 of 367]
-9999 -9999 -9999 -9999 -9999 -9999 -9999 -9999 -9999 -9999 -9999 -9999 -9999 -9999 -9999 -9999 -9999 -9999 -6.23588E1 -5.94417E1 -5.58344E1 -5.68068E1 -6.80751E1 -7.27102E1 -7.50941E1 -1.06103E2 -1.0892E2 -1.09859E2 -1.11268E2 -1.1784E2 -1.10329E2 -1.0939E2 -8.82371E1 -9.85916E1 -9.29577E1 -8.19322E1 -7.90464E1 -8.55395E1 -8.28419E1 -9.04015E1 -8.86449E1 -8.93664E1 -9.00251E1 -8.93036E1 -9.19072E1 -8.79548E1 -9.1468E1 -8.33752E1 -9.14994E1 -9.38833E1 -9.40088E1 -1.12676E2 -1.11268E2 -9.50753E1 -9.69887E1 -9.48557E1 -9.02133E1 -9.43538E1 -9.47302E1 -8.95859E1 -8.30928E1 -8.50063E1 -9.00878E1 -8.92409E1 -9.50753E1 -1.00627E2 -9.99373E1 -9.57026E1
-9999 -9999 -9999 -9999 -9999 -9999 -9999 -9999 -9999 -9999 -9999 -9999 -9999 -9999 -9999 -9999 -9999 -9999 -6.14492E1 -5.93162E1 -5.49561E1 -4.44166E1 -5.64304E1 -5.9724E1 -6.77227E1 -7.17691E1 -9.62441E1 -9.76526E1 -8.90841E1 -9.35383E1 -8.48181E1 -8.65119E1 -8.53199E1 -9.06211E1 -1.00939E2 -8.54768E1 -8.55709E1 -8.82371E1 -8.72334E1 -8.88959E1 -9.4197E1 -9.19385E1 -8.91782E1 -8.61041E1 -8.73902E1 -9.11543E1 -8.8143E1 -8.82999E1 -9.48243E1 -1.12207E2 -1.13615E2 -1.14554E2 -1.12676E2 -1.15023E2 -1.17371E2 -9.03701E1 -8.4724E1 -8.74843E1 -9.03701E1 -9.43538E1 -9.15621E1 -8.99937E1 -9.68632E1 -9.64555E1 -1.25352E2 -9.77415E1 -1.26291E2 -9.63927E1
-9999 -9999 -9999 -9999 -9999 -9999 -9999 -9999 -9999 -9999 -9999 -9999 -9999 -9999 -9999 -9999 -9999 -9999 -5.02509E1 -5.53011E1 -6.39272E1 -5.80928E1 -5.74341E1 -6.42095E1 -5.69009E1 -5.80301E1 -7.39649E1 -8.36888E1 -8.27792E1 -8.28419E1 -9.01408E1 -7.5E1 -9.85916E1 -8.02698E1 -9.32246E1 -9.13112E1 -8.89272E1 -8.45671E1 -8.29987E1 -9.48357E1 -9.42284E1 -9.30678E1 -9.41656E1 -9.0276E1 -9.00251E1 -9.07152E1 -8.56964E1 -8.9931E1 -9.3946E1 -1.07981E2 -1.08451E2 -1.25822E2 -1.14085E2 -9.41656E1 -9.24404E1 -8.35634E1 -8.06462E1 -7.84191E1 -7.82622E1 -8.4128E1 -9.25972E1 -8.59473E1 -1.23944E2 -1.24413E2 -1.00157E2 -9.24718E1 -1.26761E2 -1.04768E2
-9999 -9999 -9999 -9999 -9999 -9999 -9999 -9999 -9999 -9999 -9999 -9999 -9999 -9999 -9999 -9999 -9999 -9999 -9999 -6.94836E1 -6.90141E1 -5.98181E1 -6.67817E1 -6.56211E1 -7.28356E1 -7.14555E1 -7.11104E1 -7.72585E1 -8.56023E1 -7.95169E1 -7.91092E1 -7.96424E1 -8.78294E1 -1.13615E2 -9.57747E1 -9.63614E1 -9.41029E1 -9.35696E1 -8.87077E1 -8.80489E1 -1.03286E2 -1.05164E2 -9.86826E1 -8.91468E1 -8.69197E1 -8.85508E1 -8.92409E1 -9.4793E1 -9.29736E1 -9.40402E1 -9.36637E1 -1.15493E2 -1.16432E2 -8.47867E1 -9.16248E1 -8.33124E1 -8.24341E1 -8.00816E1 -8.44417E1 -8.54768E1 -9.19385E1 -8.85194E1 -1.23944E2 -1.24883E2 -1.25822E2 -1.34272E2 -1.2723E2 -1.28169E2
-9999 -9999 -9999 -9999 -9999 -9999 -9999 -9999 -9999 -9999 -9999 -9999 -9999 -9999 -9999 -9999 -9999 -9999 -9999 -6.20452E1 -6.90715E1 -6.35822E1 -7.18005E1 -6.42409E1 -6.75031E1 -7.26161E1 -7.10477E1 -7.40903E1 -7.7133E1 -8.16186E1 -8.44417E1 -8.93036E1 -9.38967E1 -1.14085E2 -1.15493E2 -9.27541E1 -9.45734E1 -9.75847E1 -9.35696E1 -9.25659E1 -9.84944E1 -9.93413E1 -9.61418E1 -9.22522E1 -8.76412E1 -9.6079E1 -9.46048E1 -1.00627E2 -1.24883E2 -1.14085E2 -1.15023E2 -1.26761E2 -1.29577E2 -9.59536E1 -8.75157E1 -8.27792E1 -8.3877E1 -8.92095E1 -8.16186E1 -9.18444E1 -9.54517E1 -9.25659E1 -1.24413E2 -9.83375E1 -1.00627E2 -1.00972E2 -1.2723E2 -1.277E2
-9999 -9999 -9999 -9999 -9999 -9999 -9999 -9999 -9999 -9999 -9999 -9999 -9999 -9999 -9999 -9999 -9999 -9999 -9999 -5.75596E1 -6.19511E1 -6.55897E1 -7.18632E1 -6.87578E1 -5.85006E1 -6.12296E1 -6.61857E1 -7.08908E1 -7.79799E1 -8.20577E1 -8.70452E1 -8.85508E1 -8.74529E1 -1.00469E2 -1.15962E2 -9.62986E1 -9.59849E1 -9.46989E1 -9.85571E1 -9.45734E1 -9.41656E1 -1.05164E2 -9.71769E1 -9.27854E1 -8.93036E1 -1.00847E2 -1.10329E2 -1.23944E2 -1.21596E2 -1.12676E2 -1.2723E2 -1.24883E2 -1.25822E2 -1.00941E2 -9.28482E1 -8.68883E1 -8.90213E1 -9.08093E1 -8.94291E1 -9.29736E1 -1.01161E2 -9.266E1 -1.24413E2 -9.17817E1 -9.90903E1 -1.0389E2 -1.016E2 -1.277E2
-9999 -9999 -9999 -9999 -9999 -9999 -9999 -9999 -9999 -9999 -9999 -9999 -9999 -9999 -9999 -9999 -9999 -9999 -9999 -6.9542E1 -6.90715E1 -7.07967E1 -6.34253E1 -6.79423E1 -6.27666E1 -5.33877E1 -6.5276E1 -6.75345E1 -7.56273E1 -8.61669E1 -8.23087E1 -8.52258E1 -8.80489E1 -8.59159E1 -9.27854E1 -9.58595E1 -9.40088E1 -1.02817E2 -9.92785E1 -9.43225E1 -9.19699E1 -9.83061E1 -1.00753E2 -1.01631E2 -9.33814E1 -1.00345E2 -1.09859E2 -1.22066E2 -9.4793E1 -1.12676E2 -1.14085E2 -1.15023E2 -1.28639E2 -1.02509E2 -9.48557E1 -7.99561E1 -8.26851E1 -8.7202E1 -8.73588E1 -9.17189E1 -9.52635E1 -1.23474E2 -1.23944E2 -1.00816E2 -1.03984E2 -1.02321E2 -9.80552E1 -1.277E2
-9999 -9999 -9999 -9999 -9999 -9999 -9999 -9999 -9999 -9999 -9999 -9999 -9999 -9999 -9999 -9999 -9999 -9999 -9999 -6.19197E1 -6.9542E1 -7.35257E1 -7.01694E1 -8.82629E1 -6.94836E1 -6.99812E1 -7.0892E1 -6.59661E1 -7.86073E1 -9.0527E1 -9.23463E1 -8.83626E1 -8.73588E1 -1.14554E2 -9.3946E1 -1.14554E2 -9.73337E1 -1.03756E2 -9.0872E1 -9.42597E1 -9.11857E1 -9.21267E1 -9.36637E1 -9.95609E1 -1.07981E2 -1.0892E2 -1.0276E2 -1.10798E2 -9.77415E1 -1.13615E2 -1.13615E2 -1.15962E2 -1.23944E2 -9.57026E1 -9.79297E1 -8.47553E1 -8.59473E1 -8.06775E1 -8.65433E1 -8.96487E1 -8.78921E1 -1.23474E2 -1.23944E2 -9.89335E1 -1.01412E2 -1.03827E2 -9.56399E1 -1.277E2
-9999 -9999 -9999 -9999 -9999 -9999 -9999 -9999 -9999 -9999 -9999 -9999 -9999 -9999 -9999 -9999 -9999 -9999 -9999 -6.16374E1 -6.61857E1 -6.88833E1 -6.8946E1 -6.24843E1 -8.73239E1 -6.30803E1 -7.13615E1 -7.49373E1 -7.32434E1 -8.45985E1 -8.81117E1 -8.71706E1 -9.05897E1 -9.51694E1 -1.02347E2 -1.14554E2 -1.15962E2 -1.04225E2 -9.25345E1 -1.05164E2 -9.25659E1 -9.69573E1 -1.0276E2 -1.02384E2 -1.00565E2 -1.00847E2 -1.01568E2 -1.01255E2 -1.03639E2 -1.25822E2 -1.15023E2 -1.28169E2 -1.16901E2 -9.22836E1 -9.50126E1 -8.66688E1 -9.09661E1 -8.98369E1 -8.37829E1 -8.6261E1 -9.23777E1 -1.04109E2 -1.23474E2 -1.25352E2 -1.25822E2 -1.25822E2 -1.03231E2 -9.90276E1
-9999 -9999 -9999 -9999 -9999 -9999 -9999 -9999 -9999 -9999 -9999 -9999 -9999 -9999 -9999 -9999 -9999 -9999 -9999 -6.12923E1 -5.41405E1 -5.13174E1 -5.74341E1 -6.68444E1 -8.92019E1 -6.9953E1 -6.9953E1 -7.26474E1 -7.55646E1 -7.39962E1 -8.97114E1 -8.57277E1 -8.69511E1 -9.19699E1 -9.25031E1 -9.56399E1 -1.03286E2 -9.52008E1 -9.44479E1 -9.99373E1 -9.31305E1 -9.36324E1 -9.95922E1 -1.19718E2 -1.19718E2 -1.20188E2 -1.23005E2 -1.12207E2 -9.266E1 -1.13615E2 -9.99373E1 -9.77415E1 -1.16901E2 -9.70514E1 -1.01349E2 -9.47302E1 -9.50126E1 -9.34128E1 -9.21267E1 -9.36951E1 -1.00345E2 -1.03262E2 -1.01192E2 -1.25352E2 -1.25822E2 -1.00596E2 -9.97491E1 -9.73651E1
-9999 -9999 -9999 -9999 -9999 -9999 -9999 -9999 -9999 -9999 -9999 -9999 -9999 -9999 -9999 -9999 -9999 -9999 -6.01631E1 -5.88457E1 -6.05395E1 -5.97553E1 -6.4335E1 -7.21142E1 -6.32371E1 -6.34881E1 -6.40527E1 -7.38394E1 -7.08595E1 -7.64115E1 -8.95232E1 -8.85194E1 -8.63865E1 -9.04015E1 -9.39147E1 -9.38206E1 -9.59222E1 -9.66437E1 -9.67064E1 -9.78043E1 -9.85885E1 -9.78356E1 -9.9404E1 -1.0345E2 -1.01129E2 -9.97177E1 -1.03639E2 -9.35383E1 -1.00784E2 -9.49184E1 -9.82434E1 -9.8808E1 -9.7522E1 -1.17371E2 -1.01631E2 -9.24718E1 -1.03984E2 -9.76161E1 -9.37265E1 -1.30986E2 -1.22066E2 -1.22066E2 -1.03858E2 -1.02698E2 -1.02321E2 -1.0345E2 -9.89649E1 -1.35211E2
-9999 -9999 -9999 -9999 -9999 -9999 -9999 -9999 -9999 -9999 -9999 -9999 -9999 -9999 -9999 -9999 -9999 -9999 -5.39837E1 -6.43977E1 -6.19197E1 -6.48683E1 -5.93789E1 -7.45295E1 -6.97616E1 -5.95358E1 -5.71832E1 -7.13614E1 -7.57215E1 -7.56901E1 -7.65997E1 -9.34442E1 -9.54517E1 -8.41907E1 -8.59159E1 -9.29736E1 -9.06211E1 -8.80176E1 -9.18444E1 -9.30364E1 -9.70514E1 -9.55772E1 -9.47302E1 -1.02729E2 -1.04705E2 -1.00784E2 -9.49184E1 -1.04423E2 -9.46675E1 -9.70201E1 -1.00721E2 -9.91531E1 -9.22208E1 -9.89335E1 -9.62045E1 -1.00345E2 -1.03733E2 -9.87767E1 -9.28168E1 -1.30516E2 -1.20657E2 -1.02729E2 -1.04423E2 -1.03795E2 -1.06462E2 -1.06462E2 -9.65496E1 -1.35211E2
-9999 -9999 -9999 -9999 -9999 -9999 -9999 -9999 -9999 -9999 -9999 -9999 -9999 -9999 -9999 -9999 -9999 -9999 -5.98181E1 -6.08532E1 -5.78105E1 -5.97867E1 -6.3739E1 -6.40841E1 -6.64053E1 -6.50878E1 -6.44291E1 -6.11041E1 -8.10853E1 -8.58846E1 -7.86073E1 -8.65119E1 -8.49122E1 -9.10289E1 -9.13112E1 -8.51317E1 -9.66123E1 -9.61731E1 -9.62673E1 -9.64868E1 -9.9059E1 -9.94354E1 -1.00941E2 -9.78984E1 -9.60477E1 -9.3005E1 -8.98369E1 -1.01913E2 -9.5138E1 -9.33814E1 -9.78984E1 -9.56713E1 -9.44793E1 -9.15935E1 -9.55458E1 -1.1784E2 -9.63614E1 -1.01035E2 -9.80238E1 -1.01066E2 -1.22535E2 -1.23474E2 -9.82434E1 -1.06713E2 -1.03545E2 -9.88394E1 -9.67136E1 -1.31925E2
-9999 -9999 -9999 -9999 -9999 -9999 -9999 -9999 -9999 -9999 -9999 -9999 -9999 -9999 -9999 -9999 -9999 -9999 -6.76056E1 -5.84379E1 -6.25157E1 -4.91217E1 -6.14492E1 -5.18821E1 -6.05395E1 -6.61543E1 -6.96361E1 -7.11104E1 -9.20188E1 -8.84881E1 -9.0527E1 -8.42221E1 -8.78921E1 -9.3256E1 -9.15621E1 -8.19322E1 -9.89335E1 -9.59222E1 -9.1468E1 -8.96801E1 -9.09348E1 -1.07042E2 -9.54517E1 -9.5734E1 -9.37892E1 -9.40088E1 -9.52008E1 -1.02227E2 -9.93727E1 -9.48243E1 -9.89021E1 -1.02949E2 -1.00314E2 -1.03576E2 -8.83626E1 -1.04078E2 -1.30047E2 -1.02415E2 -9.73651E1 -1.00063E2 -1.30516E2 -1.32864E2 -9.62045E1 -1.24413E2 -9.84003E1 -1.01066E2 -1.35211E2 -1.35681E2
-9999 -9999 -9999 -9999 -9999 -9999 -9999 -9999 -9999 -9999 -9999 -9999 -9999 -9999 -9999 -9999 -9999 -9999 -9999 -6.19824E1 -6.0665E1 -4.74906E1 -4.87767E1 -5.35445E1 -5.56462E1 -6.80364E1 -7.39962E1 -7.31807E1 -9.24883E1 -1.11268E2 -8.11794E1 -8.12422E1 -7.27415E1 -8.37829E1 -9.25659E1 -9.25659E1 -9.60477E1 -8.67942E1 -8.75157E1 -8.22146E1 -8.96801E1 -9.73024E1 -9.72083E1 -9.38833E1 -9.45107E1 -9.89649E1 -9.11543E1 -9.28482E1 -9.43538E1 -9.55772E1 -9.41343E1 -1.15493E2 -1.15962E2 -1.16901E2 -9.33814E1 -9.88708E1 -1.02321E2 -1.00659E2 -9.98432E1 -1.02133E2 -1.00941E2 -1.23474E2 -9.94668E1 -1.24413E2 -1.30047E2 -1.34272E2 -1.34742E2 -1.2723E2
-9999 -9999 -9999 -9999 -9999 -9999 -9999 -9999 -9999 -9999 -9999 -9999 -9999 -9999 -9999 -9999 -9999 -9999 -9999 -6.69699E1 -6.23902E1 -6.42723E1 -5.35445E1 -5.40778E1 -5.01882E1 -7.19573E1 -7.51568E1 -7.82309E1 -8.3877E1 -1.11737E2 -9.04015E1 -8.62296E1 -8.88959E1 -8.23087E1 -8.63551E1 -9.35383E1 -9.13425E1 -9.17817E1 -9.16562E1 -8.82058E1 -8.65747E1 -8.61041E1 -9.66437E1 -9.6675E1 -1.04674E2 -1.01161E2 -9.76161E1 -9.44166E1 -9.16876E1 -8.7798E1 -8.91154E1 -1.14085E2 -1.15023E2 -9.71455E1 -1.00533E2 -9.66123E1 -9.2409E1 -9.95609E1 -1.0207E2 -1.0643E2 -1.20657E2 -1.22535E2 -1.23944E2 -1.30047E2 -9.62441E1 -1.34742E2 -1.26761E2 -9.18758E1
-9999 -9999 -9999 -9999 -9999 -9999 -9999 -9999 -9999 -9999 -9999 -9999 -9999 -9999 -9999 -9999 -9999 -9999 -9999 -8.92019E1 -6.95107E1 -7.27729E1 -5.85006E1 -5.5803E1 -6.90141E1 -7.11104E1 -7.23024E1 -7.0892E1 -7.96738E1 -8.76412E1 -7.133E1 -7.06713E1 -8.45985E1 -8.6857E1 -8.78921E1 -8.76725E1 -9.26913E1 -9.17189E1 -9.30364E1 -8.77353E1 -9.14053E1 -8.88331E1 -8.84881E1 -9.33187E1 -1.09859E2 -9.50753E1 -9.14366E1 -8.73275E1 -9.00878E1 -9.08093E1 -8.58846E1 -8.5665E1 -8.61355E1 -8.3187E1 -8.79862E1 -8.89586E1 -9.00878E1 -9.30991E1 -9.01192E1 -9.48243E1 -1.2723E2 -1.32394E2 -9.62986E1 -9.77102E1 -9.71831E1 -1.34742E2 -1.26761E2 -9.26913E1
-9999 -9999 -9999 -9999 -9999 -9999 -9999 -9999 -9999 -9999 -9999 -9999 -9999 -9999 -9999 -9999 -9999 -9999 -9999 -8.36888E1 -8.87324E1 -8.68545E1 -6.08218E1 -5.62422E1 -6.04454E1 -7.6192E1 -7.35257E1 -7.49686E1 -7.7133E1 -8.31242E1 -6.67503E1 -7.29611E1 -8.23087E1 -8.62923E1 -9.05583E1 -9.12484E1 -8.40652E1 -8.79548E1 -9.48243E1 -9.80866E1 -9.73024E1 -9.09661E1 -8.899E1 -9.51067E1 -9.65496E1 -9.20326E1 -9.04642E1 -8.85194E1 -9.06524E1 -9.65182E1 -9.29109E1 -8.61041E1 -8.53199E1 -8.3532E1 -8.08971E1 -8.85194E1 -9.7522E1 -9.39774E1 -9.47302E1 -9.74906E1 -1.19718E2 -1.21127E2 -1.23005E2 -1.23474E2 -9.92785E1 -9.89649E1 -9.09348E1 -9.32246E1
-9999 -9999 -9999 -9999 -9999 -9999 -9999 -9999 -9999 -9999 -9999 -9999 -9999 -9999 -9999 -9999 -9999 -9999 -9999 -8.28105E1 -8.87324E1 -8.77934E1 -6.41468E1 -5.60226E1 -6.90141E1 -8.55082E1 -7.88582E1 -8.57277E1 -8.29046E1 -8.93977E1 -7.57528E1 -7.93915E1 -9.31305E1 -9.43225E1 -9.67378E1 -9.44793E1 -8.77039E1 -9.18758E1 -8.75784E1 -9.03701E1 -9.36637E1 -9.1468E1 -9.62359E1 -9.09975E1 -9.76788E1 -9.5734E1 -9.49498E1 -9.21581E1 -9.4793E1 -9.31932E1 -9.30364E1 -8.4473E1 -8.59159E1 -8.62296E1 -8.31556E1 -8.54768E1 -1.00627E2 -9.67378E1 -9.19699E1 -9.54517E1 -9.28168E1 -1.01788E2 -1.00847E2 -9.53262E1 -1.24413E2 -1.24883E2 -1.26291E2 -9.87453E1
-9999 -9999 -9999 -9999 -9999 -9999 -9999 -9999 -9999 -9999 -9999 -9999 -9999 -9999 -9999 -9999 -9999 -9999 -9999 -9.24883E1 -8.73239E1 -8.73239E1 -8.16901E1 -5.64617E1 -8.26291E1 -8.29674E1 -9.25345E1 -9.25031E1 -7.70075E1 -8.27478E1 -9.24718E1 -9.17817E1 -9.50753E1 -9.38519E1 -9.83061E1 -1.01851E2 -9.98118E1 -8.88959E1 -9.1123E1 -8.80803E1 -8.83312E1 -8.86135E1 -9.73965E1 -9.50753E1 -8.86449E1 -9.72396E1 -9.40715E1 -9.15307E1 -8.83312E1 -9.43538E1 -9.00251E1 -8.61041E1 -8.82999E1 -8.72647E1 -8.77039E1 -8.68256E1 -9.29736E1 -9.25031E1 -9.7271E1 -9.28482E1 -9.01506E1 -9.69573E1 -1.00094E2 -9.61418E1 -1.24413E2 -1.24883E2 -9.34442E1 -1.25822E2
-9999 -9999 -9999 -9999 -9999 -9999 -9999 -9999 -9999 -9999 -9999 -9999 -9999 -9999 -9999 -9999 -9999 -9999 -9999 -7.87955E1 -7.86073E1 -8.01443E1 -6.54329E1 -6.48055E1 -7.33061E1 -7.68507E1 -8.51945E1 -8.52572E1 -8.67942E1 -8.78607E1 -9.35383E1 -8.98996E1 -9.56085E1 -9.44479E1 -1.02817E2 -1.03286E2 -1.16432E2 -9.71769E1 -9.74592E1 -9.36324E1 -9.04329E1 -9.21581E1 -9.266E1 -9.66123E1 -1.03984E2 -9.59536E1 -9.5734E1 -9.45734E1 -9.00251E1 -9.09975E1 -8.95232E1 -9.15935E1 -9.19072E1 -9.24718E1 -9.76788E1 -9.92158E1 -9.52949E1 -9.44479E1 -9.19385E1 -8.82685E1 -1.01694E2 -1.22066E2 -1.32864E2 -1.23005E2 -1.23944E2 -9.46989E1 -9.55458E1 -1.25822E2
-9999 -9999 -9999 -9999 -9999 -9999 -9999 -9999 -9999 -9999 -9999 -9999 -9999 -9999 -9999 -9999 -9999 -9999 -9999 -9999 -7.51174E1 -7.60563E1 -9.01408E1 -8.96714E1 -8.4507E1 -8.35681E1 -8.49765E1 -8.21518E1 -1.10798E2 -8.95859E1 -8.93664E1 -9.18758E1 -9.68946E1 -1.01474E2 -9.48243E1 -1.03756E2 -1.03756E2 -1.04695E2 -9.79611E1 -9.61104E1 -8.93664E1 -8.58846E1 -1.00753E2 -9.47302E1 -9.62673E1 -9.93727E1 -9.99059E1 -9.71769E1 -9.92472E1 -1.01662E2 -9.47302E1 -9.27854E1 -9.6079E1 -9.53576E1 -1.00125E2 -1.02604E2 -9.96863E1 -9.50753E1 -9.42284E1 -9.43662E1 -9.99059E1 -9.42597E1 -9.30991E1 -1.23944E2 -1.1831E2 -9.10602E1 -9.60163E1 -9.30991E1
-9999 -9999 -9999 -9999 -9999 -9999 -9999 -9999 -9999 -9999 -9999 -9999 -9999 -9999 -9999 -9999 -9999 -9999 -9999 -9999 -9.10798E1 -9.15493E1 -9.01408E1 -8.96714E1 -9.15493E1 -1.07042E2 -1.0939E2 -9.24883E1 -9.43662E1 -9.00565E1 -8.76098E1 -9.32873E1 -1.14554E2 -1.15493E2 -1.0091E2 -1.01725E2 -1.03388E2 -9.633E1 -9.56399E1 -9.8808E1 -9.47302E1 -9.09661E1 -9.30991E1 -9.11543E1 -9.24404E1 -9.42284E1 -1.01819E2 -1.03576E2 -1.01349E2 -1.00502E2 -1.02792E2 -9.34442E1 -9.6079E1 -1.24413E2 -1.24413E2 -1.28169E2 -9.31932E1 -9.4793E1 -1.30516E2 -1.19249E2 -1.18779E2 -9.82434E1 -1.18779E2 -1.23005E2 -1.23944E2 -1.1831E2 -1.1784E2 -1.26291E2
-9999 -9999 -9999 -9999 -9999 -9999 -9999 -9999 -9999 -9999 -9999 -9999 -9999 -9999 -9999 -9999 -9999 -9999 -9999 -9999 -1.00939E2 -7.11731E1 -7.44668E1 -6.66562E1 -1.0939E2 -9.38967E1 -9.43662E1 -9.48357E1 -8.16186E1 -8.86135E1 -9.36324E1 -8.58218E1 -9.71142E1 -8.94605E1 -9.19699E1 -9.72083E1 -9.70201E1 -1.01223E2 -8.98683E1 -9.07466E1 -9.92785E1 -8.93036E1 -9.03074E1 -8.83626E1 -9.67064E1 -1.0229E2 -1.11268E2 -9.96863E1 -1.03733E2 -9.60477E1 -9.42284E1 -9.87453E1 -9.70828E1 -1.22066E2 -1.17371E2 -1.23474E2 -9.06103E1 -9.61418E1 -1.30047E2 -1.19718E2 -1.20188E2 -9.33187E1 -1.1831E2 -1.17371E2 -1.1784E2 -1.17371E2 -1.277E2 -1.35211E2
-9999 -9999 -9999 -9999 -9999 -9999 -9999 -9999 -9999 -9999 -9999 -9999 -9999 -9999 -9999 -9999 -9999 -9999 -9999 -9999 -9.24883E1 -7.17691E1 -7.68507E1 -8.77934E1 -7.84038E1 -8.82629E1 -9.62441E1 -8.20264E1 -7.95169E1 -7.92346E1 -8.57277E1 -9.06211E1 -9.61731E1 -9.66123E1 -9.59222E1 -9.68005E1 -9.66437E1 -1.01882E2 -9.77102E1 -8.91154E1 -9.46361E1 -8.78921E1 -9.12171E1 -9.55144E1 -9.76161E1 -9.76788E1 -1.10329E2 -1.23474E2 -1.20657E2 -9.85885E1 -9.44166E1 -1.02854E2 -1.01317E2 -1.01161E2 -1.21127E2 -1.23944E2 -9.10798E1 -1.26761E2 -1.24413E2 -1.23944E2 -1.18779E2 -1.19718E2 -1.22066E2 -1.1784E2 -1.17371E2 -1.16432E2 -1.16432E2 -1.25822E2
-9999 -9999 -9999 -9999 -9999 -9999 -9999 -9999 -9999 -9999 -9999 -9999 -9999 -9999 -9999 -9999 -9999 -9999 -9999 -9999 -7.60665E1 -7.71644E1 -7.78858E1 -6.87265E1 -6.11982E1 -7.87641E1 -8.36888E1 -7.68821E1 -7.6788E1 -7.51882E1 -7.9862E1 -9.29577E1 -9.30678E1 -8.82371E1 -9.35069E1 -9.34128E1 -9.41656E1 -9.7522E1 -9.22836E1 -8.91782E1 -8.96173E1 -9.47302E1 -9.1123E1 -9.47302E1 -1.01161E2 -9.80866E1 -9.63927E1 -9.5138E1 -1.08451E2 -9.93727E1 -9.48243E1 -9.04015E1 -8.73239E1 -8.77934E1 -9.46675E1 -1.26291E2 -1.2723E2 -1.22535E2 -1.24883E2 -1.24883E2 -1.24413E2 -1.20188E2 -1.1831E2 -1.22066E2 -1.16432E2 -1.15023E2 -1.15493E2 -1.15962E2
-9999 -9999 -9999 -9999 -9999 -9999 -9999 -9999 -9999 -9999 -9999 -9999 -9999 -9999 -9999 -9999 -9999 -9999 -9999 -9999 -9999 -8.04893E1 -7.92974E1 -6.98243E1 -6.05395E1 -6.17001E1 -8.09598E1 -6.78795E1 -6.83501E1 -7.32394E1 -8.35947E1 -8.46926E1 -8.37516E1 -8.91782E1 -8.85822E1 -7.95169E1 -8.07089E1 -9.03074E1 -9.32246E1 -8.33124E1 -9.27541E1 -9.26913E1 -9.7271E1 -9.33501E1 -9.12798E1 -9.54831E1 -1.06573E2 -1.06103E2 -9.95305E1 -1.05634E2 -1.07512E2 -1.01878E2 -1.07512E2 -1.05164E2 -1.09859E2 -1.26291E2 -1.22066E2 -1.22535E2 -1.22535E2 -1.16432E2 -1.17371E2 -1.1831E2 -1.18779E2 -1.25352E2 -1.07042E2 -1.20188E2 -1.15962E2 -1.26291E2
-9999 -9999 -9999 -9999 -9999 -9999 -9999 -9999 -9999 -9999 -9999 -9999 -9999 -9999 -9999 -9999 -9999 -9999 -9999 -9999 -9999 -6.92597E1 -7.5596E1 -7.0892E1 -5.65245E1 -5.89398E1 -6.39272E1 -7.2522E1 -7.39335E1 -7.08908E1 -7.54705E1 -7.74467E1 -8.62923E1 -8.52886E1 -8.51945E1 -8.20891E1 -8.06148E1 -8.65747E1 -9.19072E1 -1.05634E2 -8.7798E1 -8.51945E1 -8.7202E1 -8.81117E1 -1.00941E2 -9.61731E1 -7.90464E1 -7.78858E1 -8.21596E1 -9.62441E1 -8.87077E1 -9.38967E1 -7.99874E1 -9.67136E1 -1.20657E2 -1.13146E2 -1.14085E2 -1.22535E2 -1.21596E2 -1.14554E2 -1.14554E2 -1.16901E2 -1.15962E2 -1.17371E2 -1.24883E2 -1.19718E2 -9.87767E1 -1.24413E2
-9999 -9999 -9999 -9999 -9999 -9999 -9999 -9999 -9999 -9999 -9999 -9999 -9999 -9999 -9999 -9999 -9999 -9999 -9999 -9999 -9999 -6.40527E1 -6.35822E1 -6.54956E1 -6.48683E1 -6.69699E1 -6.98557E1 -8.06775E1 -8.05207E1 -7.69762E1 -7.48118E1 -7.08595E1 -7.81681E1 -8.93977E1 -8.92095E1 -8.79862E1 -9.40402E1 -9.04956E1 -8.61041E1 -8.30615E1 -9.0527E1 -8.68883E1 -8.2591E1 -8.16813E1 -8.08971E1 -7.71957E1 -8.18695E1 -8.7798E1 -8.38457E1 -1.00469E2 -1.14554E2 -9.43662E1 -9.62441E1 -9.2064E1 -9.37265E1 -1.15493E2 -1.20657E2 -1.21596E2 -1.20657E2 -1.23005E2 -1.16432E2 -1.15962E2 -1.15493E2 -1.15493E2 -1.24883E2 -1.25352E2 -1.19718E2 -1.23944E2
-9999 -9999 -9999 -9999 -9999 -9999 -9999 -9999 -9999 -9999 -9999 -9999 -9999 -9999 -9999 -9999 -9999 -9999 -9999 -9999 -9999 -6.82246E1 -6.74718E1 -6.80364E1 -7.70703E1 -6.96989E1 -7.31493E1 -7.7133E1 -7.65997E1 -7.56587E1 -8.81117E1 -7.27729E1 -8.43789E1 -8.27478E1 -8.00816E1 -8.32183E1 -8.48494E1 -8.7798E1 -8.98369E1 -7.84038E1 -7.29611E1 -7.1675E1 -7.85132E1 -7.94856E1 -7.7729E1 -8.00502E1 -7.98306E1 -8.61669E1 -8.08344E1 -8.91468E1 -1.19718E2 -1.21596E2 -1.22535E2 -1.11268E2 -9.84944E1 -1.19249E2 -1.19249E2 -1.19249E2 -1.13615E2 -1.14554E2 -1.22535E2 -1.22066E2 -1.30047E2 -1.15023E2 -1.15023E2 -1.1831E2 -1.19249E2 -1.15023E2
