ENM/Final_Models/M_2_F_lq_Set_1_E/Gustavia_santanderiensis_3_Choco.asc
ncols         367
nrows         963
xllcorner     -78.6
yllcorner     0.65
cellsize      0.00833333333333323
NODATA_value  -9999
[rows 750 to 779 of 963, columns 201 to 267 of 367]
7.29303E-5 1.02317E-4 1.49953E-4 2.01957E-4 3.90892E-4 1.61581E-3 6.27621E-3 3.12536E-3 3.26035E-3 1.06997E-3 8.14702E-4 1.98521E-3 5.93107E-4 2.26636E-4 1.22896E-3 1.36638E-3 3.42328E-4 1.71544E-4 1.75299E-4 1.65056E-4 4.88869E-5 3.04025E-5 4.06885E-5 1.07904E-4 1.39243E-4 8.64358E-5 6.62315E-5 7.76717E-5 7.76962E-5 4.60838E-5 6.14929E-5 5.26355E-5 5.51172E-5 4.25307E-5 4.04293E-5 3.46788E-5 9.85109E-5 -9999 -9999 -9999 -9999 -9999 -9999 -9999 -9999 -9999 -9999 -9999 -9999 -9999 -9999 -9999 -9999 -9999 -9999 -9999 -9999 -9999 -9999 -9999 -9999 -9999 -9999 -9999 -9999 -9999 -9999
9.37299E-5 1.45908E-4 2.52465E-4 2.94053E-4 2.04895E-3 5.63044E-3 9.01593E-3 1.08252E-2 8.37535E-3 5.21426E-3 4.20341E-3 4.02737E-3 3.70947E-3 7.21576E-4 3.52113E-3 3.34003E-3 1.72929E-3 2.03512E-4 9.92662E-5 5.68081E-5 4.94879E-5 4.76811E-5 9.54478E-5 1.29127E-4 4.40538E-5 9.16655E-5 9.79546E-5 6.23468E-5 1.18715E-4 9.2557E-5 6.78764E-5 4.11691E-5 2.06927E-5 3.07098E-5 3.15633E-5 4.60179E-5 3.88829E-5 5.98786E-5 -9999 -9999 -9999 -9999 -9999 -9999 -9999 -9999 -9999 -9999 -9999 -9999 -9999 -9999 -9999 -9999 -9999 -9999 -9999 -9999 -9999 -9999 -9999 -9999 -9999 -9999 -9999 -9999 -9999
6.54012E-4 5.85827E-4 4.57837E-4 4.72887E-4 5.41999E-4 6.54044E-3 1.7465E-2 1.66368E-2 1.15612E-2 6.06023E-3 5.07592E-3 1.0585E-2 6.21473E-3 3.99279E-3 8.05439E-3 2.83679E-3 5.56324E-4 1.68548E-4 3.91411E-5 4.96667E-5 3.54904E-5 3.61402E-5 6.83971E-5 5.29836E-5 3.05897E-5 3.7662E-5 5.15084E-5 4.99179E-5 3.46632E-5 2.97904E-5 5.38436E-5 6.73516E-5 2.14563E-5 2.51226E-5 1.48657E-5 2.20957E-5 2.65728E-5 6.7542E-5 4.98218E-5 -9999 -9999 -9999 -9999 -9999 -9999 -9999 -9999 -9999 -9999 -9999 -9999 -9999 -9999 -9999 -9999 -9999 -9999 -9999 -9999 -9999 -9999 -9999 -9999 -9999 -9999 -9999 -9999
4.38816E-3 3.36243E-3 8.16714E-4 4.13437E-4 1.45005E-3 1.21525E-2 1.71366E-2 2.20353E-2 9.38994E-3 4.42813E-3 5.1273E-3 1.68411E-2 1.33284E-2 1.22129E-2 1.22693E-2 3.28985E-3 3.97333E-4 6.28316E-5 4.84828E-5 6.44542E-5 4.01805E-5 2.49622E-5 5.31153E-5 5.04794E-5 2.73349E-5 2.76657E-5 3.67337E-5 2.91254E-5 8.83718E-5 1.78677E-5 1.91119E-5 6.20409E-5 7.60237E-5 3.27595E-5 6.21271E-5 4.93878E-5 2.72776E-5 4.4158E-5 3.41335E-5 2.95595E-5 2.06677E-5 -9999 -9999 -9999 -9999 -9999 -9999 -9999 -9999 -9999 -9999 -9999 -9999 -9999 -9999 -9999 -9999 -9999 -9999 -9999 -9999 -9999 -9999 -9999 -9999 -9999 -9999
9.18935E-3 3.09549E-3 1.00816E-3 4.81691E-4 3.27684E-3 1.22683E-2 2.0792E-2 2.01173E-2 9.82754E-3 6.36518E-3 1.4383E-2 2.57213E-2 2.68885E-2 2.15043E-2 8.93536E-3 2.66456E-3 2.66254E-3 1.728E-3 4.06533E-4 9.82936E-5 5.12793E-5 3.40689E-5 2.44255E-5 1.49885E-5 3.55311E-5 1.50114E-5 2.72224E-5 4.79264E-5 4.15284E-5 5.06592E-5 4.3982E-5 2.53626E-5 2.44345E-5 5.45512E-5 5.70806E-5 2.35517E-5 2.4125E-5 2.50461E-5 2.80612E-5 1.76015E-5 2.13582E-5 2.4731E-5 -9999 -9999 -9999 -9999 -9999 -9999 -9999 -9999 -9999 -9999 -9999 -9999 -9999 -9999 -9999 -9999 -9999 -9999 -9999 -9999 -9999 -9999 -9999 -9999 -9999
7.66583E-3 5.08176E-3 1.41624E-3 2.58919E-3 7.58209E-3 1.54055E-2 2.76081E-2 1.91758E-2 1.35919E-2 1.14111E-2 2.82756E-2 3.92965E-2 2.74464E-2 1.08958E-2 1.30216E-2 9.23358E-3 5.26804E-3 1.12572E-3 1.20233E-3 1.09625E-4 3.99704E-5 3.15943E-5 2.65403E-5 2.56502E-5 1.15738E-5 1.80683E-5 2.71347E-5 5.95502E-5 7.10458E-5 4.03362E-5 6.12974E-5 3.44985E-5 6.10948E-5 2.95111E-5 1.41499E-5 2.97503E-5 4.11719E-5 2.85407E-5 1.48699E-5 3.27285E-5 4.00042E-5 2.05292E-5 1.22612E-5 -9999 -9999 -9999 -9999 -9999 -9999 -9999 -9999 -9999 -9999 -9999 -9999 -9999 -9999 -9999 -9999 -9999 -9999 -9999 -9999 -9999 -9999 -9999 -9999
4.66624E-3 2.55995E-3 1.97058E-3 8.54863E-3 1.48576E-2 -9999 -9999 2.45112E-2 2.70956E-2 1.40258E-2 -9999 -9999 -9999 1.69143E-2 9.6239E-3 4.80486E-3 1.80997E-3 8.91389E-4 6.65892E-4 2.14113E-4 1.15854E-5 9.27129E-6 1.04767E-5 1.25194E-5 2.59447E-5 3.2011E-5 1.41078E-5 4.73896E-5 2.92507E-5 2.35565E-5 2.9997E-5 1.94664E-5 1.55257E-5 1.94394E-5 1.97965E-5 1.80084E-5 1.18716E-5 4.01212E-5 2.98748E-5 2.09317E-5 1.61654E-5 1.05515E-5 7.16616E-6 -9999 -9999 -9999 -9999 -9999 -9999 -9999 -9999 -9999 -9999 -9999 -9999 -9999 -9999 -9999 -9999 -9999 -9999 -9999 -9999 -9999 -9999 -9999 -9999
3.78901E-3 5.74557E-3 5.14077E-3 1.27337E-2 -9999 -9999 -9999 3.99811E-2 4.61956E-2 -9999 -9999 -9999 -9999 -9999 1.02179E-2 5.33419E-3 1.94655E-3 1.88347E-3 6.85438E-4 2.0083E-4 8.27172E-5 1.12382E-5 1.01997E-5 1.53549E-5 2.45573E-5 3.64689E-5 6.16807E-5 4.77183E-5 4.04737E-5 2.44767E-5 1.13777E-5 7.28404E-6 2.13156E-5 3.08735E-5 1.32913E-5 2.33408E-5 2.37427E-5 2.0584E-5 3.31012E-5 1.88823E-5 9.23709E-6 1.02185E-5 7.07309E-6 4.78727E-6 -9999 -9999 -9999 -9999 -9999 -9999 -9999 -9999 -9999 -9999 -9999 -9999 -9999 -9999 -9999 -9999 -9999 -9999 -9999 -9999 -9999 -9999 -9999
9.0349E-3 1.08139E-2 1.90545E-2 -9999 -9999 -9999 6.52448E-2 4.58494E-2 -9999 -9999 -9999 -9999 -9999 -9999 -9999 8.73593E-3 4.72137E-3 2.44821E-3 1.23564E-3 3.63666E-4 1.94518E-5 3.07032E-5 2.10606E-5 2.18142E-5 1.3451E-5 2.01895E-5 1.77632E-5 3.67405E-5 5.03777E-5 3.33099E-5 9.8617E-6 1.07424E-5 9.07617E-6 3.18446E-5 1.8107E-5 2.06989E-5 1.61918E-5 1.73696E-5 1.16577E-5 1.40523E-5 1.72693E-5 1.18432E-5 9.75614E-6 6.68032E-6 -9999 -9999 -9999 -9999 -9999 -9999 -9999 -9999 -9999 -9999 -9999 -9999 -9999 -9999 -9999 -9999 -9999 -9999 -9999 -9999 -9999 -9999 -9999
2.83129E-2 2.93106E-2 -9999 -9999 -9999 -9999 -9999 -9999 -9999 -9999 -9999 -9999 -9999 -9999 -9999 -9999 3.5598E-3 1.27389E-3 7.91453E-4 4.32085E-4 1.42195E-5 1.59715E-5 2.81445E-5 2.47999E-5 1.87106E-5 1.04686E-5 1.23913E-5 1.88411E-5 2.88145E-5 1.99503E-5 1.72561E-5 2.21087E-5 8.04482E-6 2.34368E-5 2.12167E-5 2.58946E-5 2.13189E-5 1.32399E-5 1.07772E-5 9.66968E-6 7.39618E-6 7.69135E-6 5.14548E-6 3.90273E-6 3.04861E-6 -9999 -9999 -9999 -9999 -9999 -9999 -9999 -9999 -9999 -9999 -9999 -9999 -9999 -9999 -9999 -9999 -9999 -9999 -9999 -9999 -9999 -9999
3.87788E-2 6.29094E-2 -9999 -9999 -9999 -9999 -9999 -9999 -9999 1.58748E-2 2.33464E-2 3.24316E-2 1.83027E-2 2.02677E-2 1.22893E-2 8.46761E-3 1.83019E-3 2.51623E-3 1.57488E-3 1.06171E-3 1.40237E-4 1.51961E-5 9.33576E-6 1.72308E-5 1.35312E-5 9.38992E-6 1.54259E-5 1.52203E-5 3.60303E-5 1.76373E-5 2.52607E-5 1.69105E-5 7.50129E-6 1.58289E-5 1.79601E-5 2.41762E-5 2.62908E-5 1.78256E-5 8.24807E-6 8.96508E-6 5.74833E-6 7.82745E-6 6.35868E-6 4.95356E-6 3.33733E-6 -9999 -9999 -9999 -9999 -9999 -9999 -9999 -9999 -9999 -9999 -9999 -9999 -9999 -9999 -9999 -9999 -9999 -9999 -9999 -9999 -9999 -9999
-9999 -9999 -9999 -9999 -9999 -9999 -9999 5.79561E-2 5.18099E-2 4.26816E-2 2.04701E-2 -9999 -9999 -9999 1.39262E-2 4.81976E-3 3.27102E-3 2.34809E-3 2.26044E-3 1.43618E-3 7.99873E-4 2.57749E-4 9.76316E-5 3.98176E-5 2.27595E-5 5.8441E-6 8.33247E-6 2.2666E-5 4.02953E-5 1.16024E-5 7.00624E-6 5.05531E-6 9.18823E-6 1.33613E-5 1.06365E-5 1.66969E-5 1.71435E-5 2.13293E-5 1.45324E-5 2.34299E-5 1.80708E-5 1.955E-5 9.32248E-6 6.338E-6 2.84042E-6 -9999 -9999 -9999 -9999 -9999 -9999 -9999 -9999 -9999 -9999 -9999 -9999 -9999 -9999 -9999 -9999 -9999 -9999 -9999 -9999 -9999 -9999
-9999 -9999 -9999 -9999 -9999 -9999 -9999 -9999 -9999 -9999 -9999 -9999 -9999 -9999 -9999 1.55072E-2 9.55709E-3 4.70556E-3 2.77442E-3 1.70671E-3 1.35555E-3 2.34194E-4 3.67447E-5 3.00052E-5 2.26002E-5 5.2277E-5 4.14373E-5 2.92149E-5 3.05957E-5 5.61664E-6 6.05225E-6 1.21662E-5 1.0451E-5 1.66784E-5 1.65415E-5 1.83769E-5 1.74303E-5 1.5512E-5 4.78333E-6 9.43608E-6 6.32524E-6 5.99195E-6 4.78658E-6 4.13786E-6 2.91978E-6 -9999 -9999 -9999 -9999 -9999 -9999 -9999 -9999 -9999 -9999 -9999 -9999 -9999 -9999 -9999 -9999 -9999 -9999 -9999 -9999 -9999 -9999
-9999 -9999 -9999 -9999 -9999 -9999 -9999 -9999 -9999 -9999 -9999 -9999 -9999 -9999 -9999 -9999 1.85221E-2 1.0457E-2 6.2719E-3 4.7111E-3 3.41167E-3 7.9566E-4 8.62896E-5 2.95829E-5 4.78253E-5 9.71154E-6 7.70467E-6 5.87617E-6 5.88911E-6 6.55409E-6 8.83862E-6 1.32722E-5 1.43308E-5 1.49619E-5 1.66259E-5 2.3071E-5 1.34195E-5 8.86258E-6 4.73136E-6 5.52953E-6 4.17965E-6 2.99294E-6 3.13231E-6 2.86928E-6 1.31693E-6 -9999 -9999 -9999 -9999 -9999 -9999 -9999 -9999 -9999 -9999 -9999 -9999 -9999 -9999 -9999 -9999 -9999 -9999 -9999 -9999 -9999 -9999
-9999 -9999 -9999 -9999 -9999 -9999 -9999 -9999 -9999 9.05064E-3 7.44286E-3 5.59519E-3 6.88908E-3 5.49609E-3 -9999 -9999 7.02834E-3 4.76809E-3 4.99519E-3 2.54911E-3 2.25158E-3 1.74039E-3 6.84702E-4 1.66519E-4 3.38004E-5 5.67468E-5 2.90967E-5 4.2203E-6 3.47963E-6 3.15506E-6 8.40998E-6 1.46039E-5 1.12209E-5 1.41241E-5 1.3555E-5 1.46292E-5 8.04646E-6 5.26699E-6 3.59381E-6 3.60236E-6 3.52369E-6 2.95106E-6 2.53831E-6 2.40277E-6 1.95702E-6 -9999 -9999 -9999 -9999 -9999 -9999 -9999 -9999 -9999 -9999 -9999 -9999 -9999 -9999 -9999 -9999 -9999 -9999 -9999 -9999 -9999 -9999
-9999 -9999 -9999 -9999 -9999 -9999 -9999 -9999 2.02149E-2 1.82945E-2 1.67524E-2 9.91835E-3 9.5332E-3 6.41471E-3 2.13997E-3 1.47372E-3 5.76869E-3 2.19905E-3 1.01569E-3 5.27733E-4 1.37069E-3 1.63954E-3 2.22326E-3 8.11332E-4 4.12867E-4 7.57008E-5 7.92056E-6 1.89861E-5 2.18163E-5 6.56261E-6 1.43334E-5 1.39318E-5 1.22549E-5 1.63576E-5 1.37475E-5 2.08158E-5 1.22953E-5 4.58548E-6 3.31693E-6 3.54714E-6 3.12948E-6 2.58852E-6 2.22141E-6 2.16025E-6 2.41853E-6 -9999 -9999 -9999 -9999 -9999 -9999 -9999 -9999 -9999 -9999 -9999 -9999 -9999 -9999 -9999 -9999 -9999 -9999 -9999 -9999 -9999 -9999
-9999 -9999 -9999 -9999 -9999 -9999 -9999 -9999 -9999 -9999 -9999 8.80954E-3 6.16118E-3 6.04493E-3 3.57068E-3 2.06947E-3 1.82377E-3 9.43152E-4 5.48803E-4 9.33336E-5 4.40972E-4 7.45517E-4 5.43292E-4 8.43735E-4 1.03077E-3 2.95744E-4 8.84509E-5 2.16291E-5 1.88447E-5 7.53338E-6 1.60018E-5 2.24185E-5 1.94968E-5 1.75876E-5 1.35159E-5 1.33357E-5 8.22764E-6 4.79108E-6 2.92044E-6 2.7843E-6 2.74642E-6 3.16387E-6 2.4395E-6 1.51191E-6 1.18369E-6 -9999 -9999 -9999 -9999 -9999 -9999 -9999 -9999 -9999 -9999 -9999 -9999 -9999 -9999 -9999 -9999 -9999 -9999 -9999 -9999 -9999 -9999
-9999 -9999 -9999 -9999 -9999 -9999 -9999 -9999 -9999 -9999 9.52751E-3 9.21856E-3 6.35606E-3 4.19069E-3 2.67073E-3 1.67082E-3 6.41011E-4 3.6537E-4 2.45161E-4 6.92003E-5 5.1961E-6 1.92126E-5 8.02703E-5 3.27555E-4 2.72908E-4 4.4166E-4 2.27002E-4 7.76073E-5 3.08101E-5 1.56746E-5 2.01538E-5 1.72453E-5 2.04339E-5 1.44943E-5 1.18125E-5 1.78434E-5 1.68633E-5 5.05746E-6 2.41626E-6 2.68689E-6 1.81867E-6 1.91191E-6 1.27311E-6 1.23251E-6 1.06478E-6 -9999 -9999 -9999 -9999 -9999 -9999 -9999 -9999 -9999 -9999 -9999 -9999 -9999 -9999 -9999 -9999 -9999 -9999 -9999 -9999 -9999 -9999
-9999 -9999 -9999 -9999 -9999 -9999 -9999 -9999 1.21306E-2 1.28989E-2 1.42787E-2 7.56941E-3 5.87051E-3 3.18154E-3 1.63941E-3 4.99443E-4 5.93788E-4 1.28477E-4 1.41657E-5 1.20088E-5 9.07542E-6 5.5144E-6 3.63603E-5 1.45132E-5 2.28798E-5 4.63755E-4 4.79695E-4 5.26015E-5 6.41569E-6 5.81363E-6 5.06341E-6 1.35793E-5 1.05867E-5 8.09335E-6 4.99099E-6 5.98734E-6 8.37477E-6 1.01371E-5 3.159E-6 2.60104E-6 1.1174E-6 7.61292E-7 5.10373E-7 4.85792E-7 8.50501E-7 -9999 -9999 -9999 -9999 -9999 -9999 -9999 -9999 -9999 -9999 -9999 -9999 -9999 -9999 -9999 -9999 -9999 -9999 -9999 -9999 -9999 -9999
-9999 -9999 -9999 -9999 -9999 -9999 -9999 2.35166E-2 1.05538E-2 1.41226E-2 1.00466E-2 7.98606E-3 4.21275E-3 7.21907E-3 3.54597E-3 6.24894E-4 1.20648E-4 1.34218E-5 1.32251E-5 1.56493E-5 1.97339E-5 3.50791E-5 1.5947E-5 4.61175E-6 6.16267E-6 2.11614E-5 8.98388E-5 9.06961E-5 1.7069E-5 7.60796E-6 6.85212E-6 1.41951E-5 8.6237E-6 5.32045E-6 5.95266E-6 4.77749E-6 5.3848E-6 5.769E-6 3.21899E-6 2.64506E-6 1.6042E-6 9.28156E-7 5.83482E-7 4.14805E-7 6.45059E-7 -9999 -9999 -9999 -9999 -9999 -9999 -9999 -9999 -9999 -9999 -9999 -9999 -9999 -9999 -9999 -9999 -9999 -9999 -9999 -9999 -9999 -9999
-9999 -9999 -9999 -9999 -9999 -9999 -9999 2.53709E-2 2.11833E-2 1.40867E-2 5.45688E-3 5.43575E-3 6.31583E-3 1.28165E-2 5.19212E-3 1.79368E-3 8.75788E-4 1.03325E-4 3.0997E-5 7.66984E-5 3.016E-4 2.5724E-4 1.91191E-5 9.3911E-6 1.5244E-5 6.94489E-6 8.33156E-5 2.52799E-5 3.45663E-5 3.52147E-5 1.07695E-5 6.22153E-6 8.77603E-6 1.10154E-5 7.74931E-6 5.95649E-6 6.99771E-6 3.76644E-6 4.35777E-6 2.40586E-6 2.14828E-6 1.00904E-6 3.52506E-7 2.75126E-7 4.99321E-7 -9999 -9999 -9999 -9999 -9999 -9999 -9999 -9999 -9999 -9999 -9999 -9999 -9999 -9999 -9999 -9999 -9999 -9999 -9999 -9999 -9999 -9999
-9999 -9999 -9999 -9999 -9999 -9999 -9999 -9999 -9999 2.08534E-2 1.2089E-2 1.12302E-2 1.12432E-2 7.45203E-3 3.73604E-3 3.82112E-3 1.25786E-3 1.32314E-3 4.1212E-4 9.26905E-4 1.33932E-3 3.29971E-4 1.28298E-5 1.96642E-5 1.21079E-5 1.65793E-5 1.99601E-5 7.36353E-6 4.4832E-6 6.23356E-6 1.28508E-5 1.17277E-5 1.28756E-5 9.53062E-6 8.2526E-6 1.20874E-5 6.46767E-6 2.68897E-6 3.28464E-6 2.83502E-6 7.79613E-7 3.9717E-7 1.98728E-7 2.49884E-7 6.09839E-7 -9999 -9999 -9999 -9999 -9999 -9999 -9999 -9999 -9999 -9999 -9999 -9999 -9999 -9999 -9999 -9999 -9999 -9999 -9999 -9999 -9999 -9999
-9999 -9999 -9999 -9999 -9999 -9999 -9999 -9999 -9999 -9999 1.993E-2 2.43541E-2 1.53907E-2 3.69817E-3 2.39843E-3 6.7006E-3 2.47718E-3 2.48216E-3 2.00103E-3 1.46693E-3 2.98668E-3 1.36178E-4 1.37757E-5 1.56994E-5 1.48106E-5 1.39665E-5 9.00984E-6 1.95447E-5 1.58143E-5 9.16505E-6 6.00871E-6 1.97631E-5 6.63221E-6 1.06338E-5 9.90103E-6 4.56639E-6 4.49345E-6 2.06342E-6 1.5035E-6 1.01682E-6 7.54748E-7 1.97629E-7 7.44505E-8 2.89407E-7 3.81991E-7 -9999 -9999 -9999 -9999 -9999 -9999 -9999 -9999 -9999 -9999 -9999 -9999 -9999 -9999 -9999 -9999 -9999 -9999 -9999 -9999 -9999 -9999
-9999 -9999 -9999 -9999 -9999 -9999 -9999 -9999 -9999 2.65994E-2 2.32518E-2 1.52621E-2 6.44584E-3 3.66967E-3 6.77993E-3 5.97129E-3 4.21781E-3 4.1894E-3 2.98469E-3 5.00982E-3 1.40738E-3 7.93353E-4 9.23057E-5 9.09913E-5 2.42574E-5 1.12124E-5 6.65429E-6 1.02129E-5 9.43534E-6 1.16446E-5 1.10845E-5 1.43182E-5 7.16267E-6 1.07373E-5 7.17786E-6 4.70491E-6 3.19755E-6 1.98685E-6 1.03098E-6 4.80926E-7 2.76058E-7 9.71773E-8 2.30034E-8 1.2429E-7 -9999 -9999 -9999 -9999 -9999 -9999 -9999 -9999 -9999 -9999 -9999 -9999 -9999 -9999 -9999 -9999 -9999 -9999 -9999 -9999 -9999 -9999 -9999
-9999 -9999 -9999 -9999 -9999 -9999 -9999 -9999 -9999 -9999 -9999 -9999 1.18229E-2 7.93433E-3 7.47874E-3 1.09782E-2 1.06377E-2 1.12561E-2 6.71005E-3 4.51634E-3 3.18973E-3 1.16866E-3 1.18763E-4 1.51169E-5 6.84913E-6 8.22259E-6 8.57423E-6 7.6058E-6 9.19443E-6 8.02953E-6 7.48819E-6 7.50106E-6 1.35637E-5 6.74478E-6 1.06054E-5 5.07163E-6 6.8504E-6 2.04103E-6 5.3772E-7 4.5114E-7 3.48289E-7 1.09355E-7 2.17298E-8 1.31259E-7 -9999 -9999 -9999 -9999 -9999 -9999 -9999 -9999 -9999 -9999 -9999 -9999 -9999 -9999 -9999 -9999 -9999 -9999 -9999 -9999 -9999 -9999 -9999
2.20172E-2 -9999 -9999 -9999 -9999 -9999 -9999 -9999 -9999 -9999 -9999 -9999 7.51536E-3 6.34806E-3 9.8851E-3 1.26116E-2 1.29163E-2 1.1012E-2 8.16611E-3 1.20502E-3 4.49387E-4 2.49818E-4 1.12878E-5 1.24855E-5 8.32471E-6 7.94993E-6 1.15745E-5 9.47325E-6 5.93597E-6 3.96729E-6 3.83843E-6 3.89295E-6 1.3468E-5 7.29651E-6 6.65537E-6 5.78768E-6 6.14771E-6 3.48862E-6 1.62212E-6 5.86585E-7 4.57535E-7 1.4767E-7 3.16103E-8 1.0597E-7 -9999 -9999 -9999 -9999 -9999 -9999 -9999 -9999 -9999 -9999 -9999 -9999 -9999 -9999 -9999 -9999 -9999 -9999 -9999 -9999 -9999 -9999 -9999
1.09431E-2 -9999 -9999 -9999 1.59416E-2 4.93883E-3 -9999 -9999 -9999 2.58852E-3 8.79049E-4 2.47451E-3 7.30197E-3 8.73664E-3 1.01458E-2 6.12988E-3 4.33604E-3 7.25995E-3 4.78075E-3 9.31276E-4 3.4632E-5 1.97023E-5 1.3353E-5 5.87305E-6 9.0617E-6 1.00475E-5 1.31239E-5 9.96199E-6 4.7599E-6 3.80678E-6 3.56314E-6 3.27224E-6 8.71976E-6 7.29903E-6 5.51467E-6 7.77597E-6 3.89299E-6 2.11521E-6 1.06394E-6 -9999 -9999 1.72216E-7 6.8498E-8 -9999 -9999 -9999 -9999 -9999 -9999 -9999 -9999 -9999 -9999 -9999 -9999 -9999 -9999 -9999 -9999 -9999 -9999 -9999 -9999 -9999 -9999 -9999 -9999
1.27407E-2 -9999 -9999 -9999 4.98997E-3 3.47451E-3 2.60246E-3 5.14326E-3 6.45886E-3 2.80574E-3 2.13989E-3 7.56333E-3 1.19087E-2 6.13349E-3 2.12966E-3 1.57582E-3 2.64578E-3 3.19611E-3 8.29925E-4 2.66045E-4 1.01415E-5 1.87859E-5 6.79648E-6 1.24871E-5 7.7799E-6 1.35891E-5 1.64126E-5 1.25238E-5 5.74811E-6 3.58175E-6 3.18441E-6 3.16879E-6 4.19289E-6 4.39177E-6 4.37302E-6 9.19457E-6 6.14756E-6 1.98131E-6 6.4624E-7 -9999 -9999 -9999 -9999 -9999 -9999 -9999 -9999 -9999 -9999 -9999 -9999 -9999 -9999 -9999 -9999 -9999 -9999 -9999 -9999 -9999 -9999 -9999 -9999 -9999 -9999 -9999 -9999
1.59333E-2 -9999 -9999 8.38209E-3 7.69159E-3 5.45158E-3 4.08245E-3 7.07457E-3 5.91762E-3 4.74382E-3 4.60177E-3 3.85088E-3 3.56143E-3 4.3819E-3 2.42987E-3 8.00445E-4 1.44352E-3 4.41761E-4 2.18832E-4 2.79603E-5 4.79599E-6 7.56567E-6 1.17902E-5 1.33803E-5 1.30257E-5 7.20356E-6 1.68469E-5 1.49318E-5 5.22729E-6 5.32948E-6 6.55619E-6 4.30162E-6 2.67625E-6 2.45089E-6 4.00029E-6 6.33952E-6 5.09185E-6 1.20044E-6 4.94692E-7 -9999 -9999 -9999 -9999 -9999 -9999 -9999 -9999 -9999 -9999 -9999 -9999 -9999 -9999 -9999 -9999 -9999 -9999 -9999 -9999 -9999 -9999 -9999 -9999 -9999 -9999 -9999 -9999
8.10474E-3 7.89652E-3 7.90685E-3 5.86355E-3 4.55795E-3 3.83244E-3 3.56546E-3 4.99154E-3 2.75158E-3 2.27314E-3 3.21997E-3 1.94635E-3 1.45168E-3 1.87962E-3 2.03865E-3 5.9108E-4 2.30792E-4 9.089E-5 3.59088E-5 1.56432E-5 1.40949E-5 9.85125E-6 2.0431E-5 2.05399E-5 1.14401E-5 8.82345E-6 1.41756E-5 1.16765E-5 1.0163E-5 8.93109E-6 5.4674E-6 3.07253E-6 2.64137E-6 2.98754E-6 3.55467E-6 2.65483E-6 9.30331E-6 2.05638E-6 9.08778E-7 -9999 -9999 -9999 -9999 -9999 -9999 -9999 -9999 -9999 -9999 -9999 -9999 -9999 -9999 -9999 -9999 -9999 -9999 -9999 -9999 -9999 -9999 -9999 -9999 -9999 -9999 -9999 -9999
