ENM/Final_Models/M_2_F_lq_Set_1_E/Gustavia_santanderiensis_Choco_stddev.asc
ncols         367
nrows         963
xllcorner     -78.6
yllcorner     0.65
cellsize      0.00833333333333323
NODATA_value  -9999
[rows 870 to 899 of 963, columns 134 to 200 of 367]
-9999 -9999 7.7628E-5 6.43584E-5 2.04515E-4 1.5457E-4 6.18244E-6 2.44074E-6 2.78069E-6 2.53504E-6 1.76094E-6 1.42922E-6 9.2435E-7 1.07619E-6 3.31601E-6 2.33088E-5 2.79688E-5 2.89292E-5 7.59605E-5 9.79356E-5 1.99313E-4 4.32415E-3 3.80888E-3 3.93935E-4 5.705E-4 5.88449E-5 2.89502E-4 4.71823E-4 1.01023E-4 5.04156E-5 1.32867E-4 1.39468E-4 8.214E-4 8.53564E-4 3.91252E-4 2.79073E-4 1.81666E-4 3.96616E-4 1.24636E-4 3.07894E-5 1.10798E-4 1.76994E-3 4.87022E-5 6.12637E-5 3.78483E-4 2.07518E-3 1.45748E-3 8.55233E-5 5.11753E-5 3.03322E-5 3.32193E-5 2.34184E-5 6.48243E-5 5.48159E-5 3.53444E-5 5.62466E-5 6.46249E-5 5.81956E-5 6.04064E-5 8.00193E-5 6.55709E-5 5.11221E-5 5.01902E-5 2.52255E-5 -9999 -9999 -9999
-9999 -9999 -9999 6.7713E-5 1.18376E-4 8.11553E-5 7.17431E-6 1.60169E-6 2.2908E-6 4.42456E-6 2.65112E-6 1.49495E-6 7.64258E-7 1.38342E-6 6.766E-6 2.8385E-5 7.81622E-6 1.27525E-5 5.96169E-5 5.65584E-5 1.14272E-4 1.17876E-3 3.99176E-4 1.10442E-4 1.64576E-4 1.02475E-4 3.14163E-4 2.90549E-4 1.22732E-4 3.89148E-5 4.13542E-5 5.68925E-5 4.62475E-5 8.01005E-5 3.92929E-4 1.16728E-4 5.99374E-5 5.34564E-5 6.73913E-4 4.44625E-5 3.6099E-5 9.39513E-4 5.36801E-5 2.83063E-5 6.38864E-5 5.40555E-5 1.59491E-4 4.49123E-4 4.23814E-4 2.53547E-4 3.07625E-5 2.73402E-5 6.83536E-5 3.70704E-5 1.47588E-4 1.48077E-4 2.15406E-4 2.3193E-4 1.38336E-4 8.96285E-5 5.08109E-5 5.77704E-5 1.97012E-5 8.3356E-6 -9999 -9999 -9999
-9999 -9999 -9999 1.49628E-4 2.77481E-4 6.95023E-5 9.59218E-6 2.88418E-6 2.03473E-6 3.71142E-6 3.66252E-6 3.52727E-6 2.10841E-6 1.05054E-6 4.75828E-6 7.88948E-6 4.26859E-6 1.42974E-5 2.42211E-5 1.04978E-4 1.08196E-4 1.44904E-4 1.62747E-4 1.07385E-4 1.19388E-4 9.5783E-5 1.63825E-4 1.44309E-4 9.69032E-5 3.75649E-5 2.38707E-5 1.42058E-5 2.62626E-5 7.80537E-5 9.18165E-5 5.14053E-5 4.2819E-5 5.1615E-5 4.4444E-4 3.88118E-5 3.56216E-5 7.44527E-4 5.55437E-5 2.54767E-5 1.66438E-5 1.63398E-5 2.16867E-5 1.9168E-5 1.8682E-5 9.26332E-5 8.30856E-5 2.6252E-5 4.80772E-5 5.14082E-5 1.43032E-4 1.53999E-4 2.3163E-4 1.08295E-4 6.35215E-5 5.23934E-5 5.81395E-5 4.6233E-5 2.54999E-5 4.78447E-6 9.82411E-7 -9999 -9999
-9999 -9999 -9999 2.28806E-4 7.16209E-4 8.04443E-5 2.77441E-5 3.79693E-6 1.71996E-6 1.65827E-6 3.01338E-6 3.46986E-6 3.52138E-6 1.17507E-6 2.30387E-6 2.19659E-6 3.37387E-6 1.21368E-5 3.09581E-5 8.49313E-5 7.08791E-5 4.5419E-4 1.26552E-4 1.05043E-4 1.37566E-4 6.54397E-5 1.14343E-4 7.50502E-5 4.44668E-5 4.39895E-5 2.28632E-5 1.62051E-5 2.20044E-5 3.0695E-5 4.26463E-5 2.80581E-5 2.70967E-5 2.51657E-5 1.20137E-4 2.91672E-5 4.62564E-5 2.41381E-4 3.92276E-5 1.88578E-5 2.17316E-5 3.0353E-5 2.44437E-5 3.78128E-5 2.15522E-5 6.81596E-5 1.33801E-4 1.932E-4 4.62972E-5 3.30763E-5 1.35832E-4 2.29607E-4 2.40793E-4 6.22844E-5 4.11537E-5 6.74772E-5 3.10918E-5 1.86647E-5 1.19287E-5 -9999 -9999 -9999 -9999
-9999 -9999 -9999 2.86971E-3 1.28119E-3 9.10674E-5 2.32672E-5 1.05942E-5 3.83818E-6 1.23515E-6 2.37561E-6 1.07494E-6 2.11799E-6 1.4418E-6 3.43536E-6 3.64165E-6 7.51186E-6 2.46271E-5 6.83928E-5 5.55091E-5 1.03563E-4 6.31918E-4 2.02289E-4 8.5625E-5 6.6473E-5 3.12825E-5 2.59482E-5 6.65811E-5 3.61883E-5 2.73631E-5 1.9511E-5 1.3633E-5 1.36732E-5 1.51082E-5 3.05034E-5 2.13169E-5 1.76201E-5 2.9281E-5 5.21873E-5 2.97963E-5 1.44641E-4 3.01923E-5 1.6184E-5 2.28367E-5 2.30541E-5 7.63546E-6 2.72136E-5 2.32992E-5 2.48179E-5 3.17934E-5 3.74171E-5 3.2883E-5 4.04204E-5 3.31719E-5 2.29262E-4 1.68403E-4 6.86936E-5 7.10039E-5 5.39397E-5 5.55752E-5 1.29361E-5 3.6427E-6 -9999 -9999 -9999 -9999 -9999
4.4868E-2 -9999 -9999 7.13616E-3 3.33667E-4 4.73423E-5 6.4181E-6 8.9771E-6 6.85221E-6 1.50446E-6 1.08762E-6 5.24235E-7 6.86084E-7 3.85852E-6 1.52011E-5 1.97759E-5 2.03719E-5 4.17863E-5 3.26507E-5 5.88352E-5 9.74704E-5 1.78596E-4 8.41722E-4 1.27681E-4 7.89709E-5 5.52803E-5 1.77397E-5 4.24231E-5 4.30262E-5 2.3136E-5 1.58118E-5 9.14353E-6 9.5782E-6 1.63131E-5 1.43375E-5 1.33907E-5 1.99101E-5 1.58621E-5 3.35716E-5 2.92374E-5 4.37763E-5 1.27064E-5 3.16989E-5 2.73231E-5 6.51187E-6 5.50544E-6 2.42139E-5 3.57983E-5 4.42795E-5 5.26985E-5 3.82357E-5 2.53727E-5 2.76763E-5 3.3914E-5 3.01791E-4 6.18457E-5 6.70302E-5 7.80081E-5 6.85342E-5 6.4494E-5 1.17462E-5 2.85999E-6 -9999 -9999 -9999 -9999 -9999
3.117E-2 -9999 -9999 -9999 -9999 3.07345E-5 1.85415E-6 3.71305E-6 5.37151E-6 5.30544E-6 6.43025E-7 4.4524E-7 6.24712E-7 4.70766E-6 1.27281E-5 1.54217E-5 1.08749E-5 2.6592E-5 3.0685E-5 5.60553E-5 5.99865E-5 9.3409E-5 4.52846E-4 2.13853E-4 3.82337E-5 3.39118E-5 2.19828E-5 2.58087E-5 2.93464E-5 1.55798E-5 8.74429E-6 6.8845E-6 7.29538E-6 1.63465E-5 1.92078E-5 1.88627E-5 2.39774E-5 2.99751E-5 1.97606E-5 3.1649E-5 3.01911E-5 3.46795E-5 2.00224E-5 5.11822E-6 3.68473E-6 3.31856E-5 4.5581E-5 3.4372E-5 2.01382E-5 4.4971E-5 3.56698E-5 7.52145E-5 1.42603E-4 3.43528E-5 1.30471E-4 1.23561E-4 8.40891E-5 8.19621E-5 7.62999E-5 3.55195E-5 1.6269E-5 8.10416E-6 9.71289E-6 8.6538E-6 -9999 -9999 -9999
3.09461E-2 -9999 -9999 -9999 -9999 1.34817E-5 2.36006E-6 2.48164E-6 7.26722E-6 2.53827E-6 5.56364E-7 4.56413E-7 9.4238E-7 7.24997E-6 9.05481E-6 6.19284E-6 1.33691E-5 2.06783E-5 3.85036E-5 5.58617E-5 4.32831E-5 1.22474E-4 6.89733E-4 7.73276E-5 4.02131E-5 2.66266E-5 2.05619E-5 3.3335E-5 2.64137E-5 1.85733E-5 5.29529E-6 2.20241E-6 6.5559E-6 1.47001E-5 2.22207E-5 1.48547E-5 2.63415E-5 2.04766E-5 1.19725E-5 2.68853E-5 2.13313E-5 2.78802E-5 1.42029E-5 6.55815E-6 1.84856E-5 3.03816E-5 2.10308E-5 2.33344E-5 2.79907E-5 6.90037E-5 6.86441E-5 6.11173E-5 9.37568E-5 6.72635E-5 1.77054E-4 1.97203E-4 4.69364E-5 5.39725E-5 6.62006E-5 8.20458E-5 4.4018E-5 1.17631E-5 1.72812E-5 2.05465E-5 1.4784E-5 3.63868E-6 -9999
2.84456E-2 -9999 -9999 -9999 -9999 4.03686E-5 4.73046E-6 1.14815E-6 3.93252E-6 1.27993E-6 4.02437E-7 3.68053E-7 2.08663E-6 4.64046E-6 7.2441E-6 5.09038E-6 8.27264E-6 2.49495E-5 4.26819E-5 5.42481E-5 1.51263E-4 2.08283E-4 2.71659E-4 4.24666E-5 2.63652E-5 3.16519E-5 1.9178E-5 1.8178E-5 1.89048E-5 1.2575E-5 6.18388E-6 1.60502E-6 7.64674E-6 2.16344E-5 1.97268E-5 1.91099E-5 2.36334E-5 2.28212E-5 3.2233E-5 2.66306E-5 5.08565E-5 3.14421E-5 1.76897E-5 1.04148E-5 9.96755E-6 9.60073E-6 1.35092E-5 1.45536E-5 9.5853E-5 1.34047E-4 1.12615E-4 2.43384E-5 1.00703E-4 2.58969E-4 1.35675E-4 4.72366E-4 1.84806E-4 2.7E-4 1.06028E-4 5.5732E-5 1.32653E-5 1.96633E-5 5.82211E-5 7.01911E-5 3.40309E-5 7.76055E-6 -9999
-9999 -9999 1.78014E-2 2.45275E-3 3.09214E-4 8.5991E-5 1.81027E-5 1.49671E-6 2.42285E-6 9.34364E-7 5.076E-7 1.0634E-6 1.16189E-6 3.37536E-6 8.81595E-6 1.44713E-5 2.151E-5 3.97614E-5 5.85331E-5 6.65743E-5 1.55897E-4 9.69398E-5 6.9406E-5 4.44138E-5 2.49534E-5 3.24669E-5 1.39524E-5 2.14798E-5 1.65799E-5 6.48833E-6 5.68512E-6 1.18483E-6 4.35508E-6 1.72622E-5 1.28021E-5 1.46074E-5 5.25E-5 3.75499E-5 4.1297E-5 3.65249E-5 6.2729E-5 1.00462E-4 4.93082E-5 8.54939E-6 2.11705E-5 2.99104E-5 2.43821E-5 3.00626E-5 1.28642E-4 4.45789E-5 2.50587E-5 3.12603E-5 2.42268E-4 2.76088E-4 2.07491E-4 4.49693E-4 4.72475E-4 8.48663E-5 6.88568E-5 7.21056E-5 2.90918E-5 1.07918E-4 8.79966E-5 3.62736E-5 9.19477E-6 2.30872E-6 -9999
-9999 -9999 1.24665E-2 4.53865E-3 3.38321E-4 3.62112E-5 4.70423E-6 1.84487E-6 1.41217E-6 1.21247E-6 8.11783E-7 6.72017E-7 1.70633E-6 2.26193E-6 7.70587E-6 1.24696E-5 1.48813E-5 2.83831E-5 3.31113E-5 4.14924E-5 1.22564E-4 8.69889E-5 4.47906E-5 3.52561E-5 3.01033E-5 1.89658E-5 4.87661E-6 2.02033E-5 7.20958E-6 1.64239E-6 1.4323E-6 1.85249E-6 6.09811E-6 1.91231E-5 1.19645E-5 2.28872E-5 4.7709E-5 9.65443E-6 2.88547E-5 3.89776E-5 7.79571E-5 5.16978E-5 1.34283E-5 1.38422E-5 3.72293E-5 2.8672E-5 9.67814E-6 1.95683E-5 1.88362E-5 3.60707E-5 2.61047E-5 8.61339E-5 1.54798E-4 3.47475E-4 3.23102E-4 4.62616E-4 6.41664E-4 2.87572E-4 8.17318E-5 1.07833E-4 1.03214E-4 1.41137E-4 1.31743E-4 4.11586E-5 6.27749E-6 9.21519E-7 5.10295E-7
-9999 -9999 1.11337E-3 7.31128E-3 7.69135E-4 5.15871E-5 8.96727E-6 5.01984E-6 2.462E-6 1.22489E-6 1.00296E-6 8.07973E-7 1.09386E-6 2.06982E-6 6.651E-6 1.14819E-5 1.95758E-5 1.96662E-5 2.06148E-5 3.35096E-5 9.56033E-5 2.42125E-5 2.90772E-5 2.42475E-5 3.20686E-5 2.34111E-5 4.78034E-6 6.59437E-6 6.63499E-6 1.51959E-6 3.72506E-6 1.98199E-6 1.48164E-5 7.06929E-6 1.65792E-5 1.96213E-5 3.6954E-5 5.5478E-6 1.43042E-5 8.28723E-5 1.05353E-4 4.16681E-5 6.94293E-6 1.98262E-5 1.96592E-5 2.37371E-5 2.78297E-5 2.04918E-5 4.30053E-5 4.56709E-5 2.11564E-5 2.85181E-5 1.22391E-4 5.5605E-5 2.62568E-4 5.77222E-4 5.87886E-4 4.7191E-4 1.54589E-4 4.6535E-4 2.93647E-4 2.01109E-4 8.02634E-5 2.29157E-5 5.96708E-6 1.92834E-6 1.01536E-6
-9999 3.99187E-4 5.13921E-4 2.5951E-3 3.96192E-4 1.41806E-4 4.47451E-5 1.72411E-5 1.95405E-6 7.85405E-7 5.1652E-7 6.11408E-7 5.38465E-7 2.69171E-6 5.08563E-6 1.12274E-5 1.29955E-5 1.66433E-5 2.51392E-5 2.13949E-5 5.01223E-5 5.63137E-5 2.0685E-5 7.55416E-6 3.1396E-5 1.38904E-5 3.89138E-6 3.24384E-6 3.0324E-6 4.99859E-6 9.86567E-6 1.38094E-6 5.38919E-6 6.03853E-6 1.05084E-5 1.59231E-5 3.13281E-5 6.04873E-6 3.54906E-5 9.71157E-5 1.1477E-4 6.56626E-5 1.3249E-5 1.40124E-5 7.20052E-6 2.53357E-5 3.74694E-5 3.90408E-5 4.61646E-5 2.92184E-5 4.72698E-5 2.59221E-5 2.81969E-5 3.18154E-5 2.93091E-4 5.41225E-4 7.13273E-4 9.35609E-4 8.27442E-4 4.57574E-4 1.90778E-4 1.54438E-4 1.03758E-4 3.22704E-5 5.42195E-6 7.22185E-6 2.25131E-6
-9999 2.01151E-4 8.48676E-4 8.98487E-4 6.78916E-5 2.65773E-5 1.22943E-5 2.20794E-5 1.33656E-5 2.33616E-6 1.0474E-6 6.07754E-7 4.50777E-7 9.82475E-7 1.35418E-6 2.53143E-6 7.44296E-6 1.16894E-5 1.58133E-5 5.9999E-5 5.20276E-5 1.79233E-5 1.44593E-5 2.32094E-6 2.08779E-5 6.85599E-6 1.98559E-6 1.6111E-6 1.93006E-6 7.08492E-6 2.24369E-6 2.12269E-6 1.74699E-6 2.48893E-6 9.27815E-6 2.8276E-6 1.59261E-5 2.48347E-5 1.2878E-5 9.21026E-6 9.83207E-5 1.47995E-4 4.18313E-5 1.94914E-5 6.55763E-6 2.38641E-5 3.65109E-5 2.8359E-5 2.94257E-5 3.20819E-5 4.70794E-5 5.32026E-5 4.50531E-5 8.44358E-5 5.59072E-4 1.02045E-4 1.3369E-4 7.50449E-4 3.60751E-4 9.84787E-5 8.93038E-5 8.37501E-5 1.23355E-4 4.92068E-5 7.46441E-6 7.84707E-6 2.4511E-6
-9999 2.34202E-4 3.02384E-4 3.13932E-4 2.59963E-4 4.09523E-5 1.08912E-5 7.72452E-6 1.50672E-5 1.01788E-5 2.99031E-6 2.00984E-6 6.99835E-7 4.47755E-7 6.82855E-7 2.32077E-6 4.97182E-6 2.08307E-5 3.2122E-5 5.34106E-5 7.63258E-5 6.03111E-6 3.16488E-6 2.28554E-6 7.68221E-6 9.57623E-6 1.54518E-6 1.02415E-6 1.68218E-6 6.43498E-6 1.76564E-6 1.24385E-6 3.54688E-6 2.46963E-6 3.52058E-6 1.08191E-5 5.13862E-6 1.78634E-5 6.75808E-6 7.00913E-6 3.76816E-5 8.89679E-5 6.66997E-6 1.20548E-5 1.23921E-5 3.47418E-5 2.55142E-5 1.81075E-5 3.79082E-5 6.28511E-5 4.01503E-5 3.83613E-5 4.39171E-5 3.79622E-4 1.42528E-4 6.56916E-5 9.72342E-5 3.21217E-4 1.20486E-4 1.01101E-4 2.76326E-5 3.90485E-5 2.79193E-5 5.15389E-5 2.30367E-5 6.28485E-6 1.37667E-6
1.10632E-3 2.2707E-4 2.41157E-4 1.43177E-4 9.6787E-5 1.43134E-4 1.34388E-4 2.65281E-5 1.00444E-5 7.18471E-6 1.16746E-5 5.84146E-6 2.73717E-6 8.17416E-7 1.57117E-6 3.76398E-6 7.47712E-6 2.96041E-5 2.59751E-5 1.69045E-5 8.15024E-5 4.1666E-6 1.51687E-6 1.91048E-6 1.7863E-6 4.5535E-6 2.57321E-6 8.30252E-6 1.1437E-5 4.34772E-6 3.46133E-6 9.04796E-6 7.61167E-6 3.81321E-6 2.54656E-6 1.14304E-5 6.59085E-6 1.15422E-5 1.64624E-5 2.30012E-5 1.52175E-5 3.92215E-5 3.46726E-5 6.65803E-6 2.85823E-5 3.34246E-5 3.23679E-5 1.38658E-5 2.20335E-5 3.43655E-5 5.55929E-5 4.21236E-5 1.63576E-4 1.24334E-4 7.1692E-5 7.23458E-5 8.81934E-5 1.32648E-4 1.56414E-4 8.6723E-5 2.86044E-5 2.99271E-6 4.99373E-6 2.30439E-5 1.37455E-5 2.17569E-6 3.80807E-7
4.41114E-4 2.09737E-4 6.62721E-5 9.71582E-5 2.75862E-5 1.06656E-5 3.10253E-5 1.02069E-5 5.99167E-6 4.90645E-6 5.60968E-6 5.27787E-6 2.268E-6 8.75679E-7 1.53861E-6 2.14437E-6 6.09257E-6 1.57712E-5 2.22114E-5 2.3242E-5 7.1067E-5 7.92892E-6 2.20152E-6 2.13507E-6 2.20517E-6 2.064E-6 1.94478E-6 6.95304E-6 1.01168E-5 1.08144E-5 1.60916E-5 1.65687E-5 1.36116E-5 4.16436E-6 8.34618E-6 9.88341E-6 4.7049E-6 1.10423E-5 8.57871E-6 3.25673E-5 5.24055E-6 4.19582E-6 4.36751E-6 5.10816E-6 3.00903E-5 2.48215E-5 2.3563E-5 1.0997E-5 2.96867E-5 4.62059E-5 5.84663E-5 6.69779E-5 4.48945E-5 6.53348E-5 6.41036E-5 5.20775E-5 8.15601E-5 1.2895E-4 1.15683E-4 9.65849E-5 1.15024E-5 3.63916E-6 8.62486E-6 9.17632E-6 2.94224E-6 9.39027E-7 4.91735E-7
2.65127E-4 1.01478E-4 1.89799E-5 4.08049E-5 1.61324E-5 5.64875E-6 3.33475E-6 1.68299E-6 2.09682E-6 2.93674E-6 1.24802E-6 1.14783E-6 1.00254E-6 8.4412E-7 5.57677E-7 1.00678E-6 2.35069E-6 5.19095E-6 7.08105E-6 3.201E-5 2.05618E-5 3.80517E-6 2.52529E-6 1.20655E-6 2.60667E-6 1.41561E-6 2.086E-6 4.44248E-6 1.26908E-5 1.11776E-5 9.12783E-6 2.07911E-5 2.03673E-5 1.83838E-5 2.88793E-5 1.41576E-5 1.19941E-5 4.62905E-6 4.86944E-6 1.80979E-5 2.81934E-5 9.39847E-6 2.21221E-5 1.29749E-5 2.41842E-5 2.73492E-5 8.67305E-6 1.11864E-5 1.87187E-5 2.51909E-5 5.77091E-5 4.11534E-5 4.71602E-5 5.55422E-5 4.75012E-5 6.05744E-5 6.56928E-5 9.77802E-5 8.31568E-5 3.04383E-5 8.89309E-6 1.07138E-5 1.13958E-5 7.94463E-6 4.04746E-6 1.30324E-6 2.81126E-6
3.2596E-4 1.50124E-4 4.05771E-5 6.97306E-6 9.04079E-6 4.65377E-6 3.66197E-6 2.22423E-6 9.49851E-7 1.22172E-6 1.40602E-6 1.27743E-6 1.26126E-6 1.83929E-6 1.16653E-6 5.89395E-7 8.21339E-7 1.80507E-6 2.29771E-6 1.82396E-5 6.0851E-6 1.26586E-6 7.00647E-7 1.68312E-6 3.60467E-6 2.00974E-6 3.62636E-6 8.57957E-6 9.19704E-6 3.86717E-6 6.01984E-6 1.11825E-5 1.47389E-5 2.75866E-5 2.24302E-5 2.52209E-5 1.49948E-5 3.30212E-6 2.03942E-5 3.07347E-5 2.52094E-5 2.40396E-5 2.05448E-5 2.05474E-5 2.73863E-5 3.07387E-5 7.33665E-6 6.5365E-6 1.41852E-5 3.06272E-5 3.78573E-5 1.07954E-5 1.10478E-5 1.9392E-5 4.23992E-5 6.7145E-5 8.64055E-5 8.17473E-5 4.54514E-5 1.36954E-5 1.20094E-5 1.6812E-5 8.81407E-6 1.24532E-5 5.06761E-6 1.93163E-6 3.18072E-5
5.84084E-4 3.52184E-4 9.71399E-5 6.06183E-6 4.01524E-6 2.53099E-6 8.55128E-7 1.39891E-6 1.8998E-6 1.04517E-6 1.61996E-6 1.94636E-6 6.84329E-7 4.98601E-6 2.31394E-6 1.89677E-6 8.52431E-7 6.48988E-7 1.16967E-6 5.74784E-6 1.52419E-5 2.0801E-6 2.82121E-6 2.92186E-6 5.43161E-6 7.09147E-6 1.1236E-5 1.23392E-5 6.20883E-6 8.55933E-6 1.39035E-5 1.3625E-5 1.82406E-5 1.62183E-5 1.46502E-5 1.92651E-5 8.81099E-6 5.9227E-6 2.33359E-5 2.90749E-5 1.54273E-5 2.16269E-5 1.06723E-5 9.5869E-6 2.11241E-5 2.86181E-5 1.0704E-5 5.4828E-6 1.26004E-5 1.61874E-5 1.19561E-5 5.26798E-6 1.27901E-5 3.11192E-5 7.55396E-5 9.09635E-5 9.64657E-5 7.6795E-5 4.24177E-5 3.12167E-5 3.21349E-5 2.84088E-5 1.399E-5 7.03179E-6 2.25368E-5 6.24079E-5 5.40223E-5
4.10341E-4 2.21026E-4 7.97715E-5 2.28068E-5 2.10005E-6 1.22192E-6 1.09082E-6 1.59674E-6 2.46558E-6 4.72918E-6 4.98256E-6 5.5073E-6 2.87989E-6 5.39811E-6 7.97931E-6 5.9599E-6 3.41475E-6 1.20728E-6 1.17012E-6 2.04957E-6 5.11247E-6 6.20697E-6 2.74339E-6 1.04057E-5 1.30136E-5 1.50764E-5 1.43902E-5 1.30287E-5 1.51495E-5 1.62318E-5 1.59094E-5 1.10993E-5 8.68297E-6 6.81071E-6 3.42404E-6 1.48724E-5 1.49668E-5 1.47966E-5 1.45128E-5 1.61283E-5 6.44774E-6 1.11084E-5 6.91202E-6 5.23113E-6 9.71286E-6 1.33405E-5 9.03016E-6 3.55221E-6 4.61374E-6 4.47375E-6 3.81849E-6 4.04149E-6 1.54127E-5 3.91281E-5 6.12757E-5 9.5553E-5 8.17364E-5 8.79728E-5 5.54745E-5 4.87427E-5 3.3917E-5 2.45465E-5 5.11375E-5 4.17459E-5 1.80268E-4 2.93064E-4 1.64383E-4
1.26852E-4 5.08847E-5 2.86256E-5 6.16094E-6 1.48405E-6 1.26888E-6 2.01912E-6 2.29484E-6 6.4472E-6 5.19513E-6 4.21589E-6 -9999 -9999 -9999 3.30443E-6 5.95412E-6 8.27425E-6 8.68892E-6 4.72834E-6 1.43518E-6 1.28325E-6 6.70237E-6 2.43514E-6 3.58547E-6 3.77726E-6 3.15314E-6 7.24695E-6 1.50184E-5 1.6695E-5 1.91873E-5 1.89644E-5 9.02327E-6 8.52802E-6 1.12957E-5 4.01795E-6 9.43664E-6 1.83348E-5 1.32381E-5 5.74913E-6 7.27403E-6 2.96614E-6 2.21942E-6 1.77997E-6 2.42142E-6 3.4058E-6 4.79374E-6 3.67038E-6 1.90885E-6 1.52452E-6 3.05349E-6 3.39621E-6 9.58048E-6 1.5766E-5 3.67408E-5 5.74546E-5 5.24257E-5 4.88425E-5 6.26688E-5 7.2287E-5 6.68507E-5 3.77963E-5 2.63243E-5 4.56192E-5 8.5369E-5 2.19468E-4 -9999 -9999
6.12664E-5 2.01859E-5 5.27683E-6 4.78075E-6 1.39118E-6 1.44754E-6 -9999 -9999 -9999 -9999 -9999 -9999 -9999 -9999 -9999 2.307E-6 6.10373E-6 1.07572E-5 9.76467E-6 5.37592E-6 1.60091E-6 3.91412E-6 2.35901E-6 1.8164E-6 1.62196E-6 1.75737E-6 3.95349E-6 1.38045E-5 1.59073E-5 2.06555E-5 2.16259E-5 1.70957E-5 1.92649E-5 2.2538E-5 6.81216E-6 7.9936E-6 1.61094E-5 2.04881E-5 1.18858E-5 8.52085E-6 2.69437E-6 1.63949E-6 1.14262E-6 1.26965E-6 1.82542E-6 2.6249E-6 2.22911E-6 1.26727E-6 1.22255E-6 3.9098E-6 4.61349E-6 9.71368E-6 1.92465E-5 3.90317E-5 -9999 -9999 -9999 -9999 -9999 -9999 -9999 -9999 9.43267E-5 -9999 -9999 -9999 -9999
4.10158E-5 9.0866E-6 4.77541E-6 2.87348E-6 1.64603E-6 -9999 -9999 -9999 -9999 -9999 -9999 -9999 -9999 -9999 -9999 -9999 1.77714E-6 6.61035E-6 1.25823E-5 1.02359E-5 3.72533E-6 1.54923E-6 2.90656E-6 4.3286E-6 3.37951E-6 2.64491E-6 3.02637E-6 6.26138E-6 9.62066E-6 1.3385E-5 1.81881E-5 2.33181E-5 1.86328E-5 2.58447E-5 1.42137E-5 7.94145E-6 7.46879E-6 1.21687E-5 1.07676E-5 6.76158E-6 2.76372E-6 1.37644E-6 1.18749E-6 1.47401E-6 2.22387E-6 1.66129E-6 1.41997E-6 9.1115E-7 1.07404E-6 1.85361E-6 2.03815E-6 4.11697E-6 1.23503E-5 -9999 -9999 -9999 -9999 -9999 -9999 -9999 -9999 -9999 -9999 -9999 -9999 -9999 -9999
2.03858E-4 1.11873E-4 1.25909E-4 7.4852E-5 2.08379E-5 1.36483E-5 -9999 -9999 -9999 -9999 -9999 -9999 -9999 -9999 -9999 -9999 -9999 3.25734E-6 1.06354E-5 1.03992E-5 6.16968E-6 2.95553E-6 3.01762E-6 8.67757E-6 1.21322E-5 7.49817E-6 6.70041E-6 4.73962E-6 6.88216E-6 1.14888E-5 1.09847E-5 1.76131E-5 1.7128E-5 2.43429E-5 2.26481E-5 1.24158E-5 6.80983E-6 8.46105E-6 8.96504E-6 5.75668E-6 2.92401E-6 2.14281E-6 1.85597E-6 1.50257E-6 1.70625E-6 9.25571E-7 8.98271E-7 6.37244E-7 5.23129E-7 6.98443E-7 9.74766E-7 4.74355E-6 -9999 -9999 -9999 -9999 -9999 -9999 -9999 -9999 -9999 -9999 -9999 -9999 -9999 -9999 -9999
1.30462E-3 9.49921E-4 3.57931E-4 3.43951E-4 1.81792E-4 1.62589E-4 8.08499E-5 -9999 -9999 -9999 -9999 -9999 -9999 -9999 -9999 -9999 -9999 1.98794E-6 8.45599E-6 1.77681E-5 1.2561E-5 6.55636E-6 1.70519E-6 2.92586E-6 9.73816E-6 1.1012E-5 7.0857E-6 1.02629E-5 7.48079E-6 1.30939E-5 1.19845E-5 1.30056E-5 1.42038E-5 1.41219E-5 2.11249E-5 1.91447E-5 1.67043E-5 1.41035E-5 8.37841E-6 3.36652E-6 2.73011E-6 1.93383E-6 1.35789E-6 1.14932E-6 7.58761E-7 4.31498E-7 6.23307E-7 6.71561E-7 6.52341E-7 -9999 -9999 1.87201E-6 -9999 -9999 -9999 -9999 -9999 -9999 -9999 -9999 -9999 -9999 -9999 -9999 -9999 -9999 -9999
3.60607E-3 2.13356E-3 1.28375E-3 5.6432E-4 2.98392E-4 1.5792E-4 1.11574E-4 -9999 -9999 -9999 -9999 -9999 -9999 -9999 -9999 -9999 -9999 1.97199E-6 5.67646E-6 1.3013E-5 1.56997E-5 6.27206E-6 3.20697E-6 2.55962E-6 9.05363E-6 2.10577E-5 1.92455E-5 2.57511E-5 1.31759E-5 1.39773E-5 1.37349E-5 1.65141E-5 9.86218E-6 1.123E-5 1.7856E-5 2.34296E-5 2.36672E-5 1.63256E-5 7.87937E-6 3.13821E-6 1.68685E-6 1.30715E-6 1.83146E-6 1.57896E-6 1.53829E-6 1.36593E-6 9.73634E-7 6.96807E-7 -9999 -9999 -9999 -9999 -9999 -9999 -9999 -9999 -9999 -9999 -9999 -9999 -9999 -9999 -9999 -9999 -9999 -9999 -9999
6.86521E-3 2.11734E-3 2.014E-3 2.98392E-4 1.02114E-4 1.16272E-5 -9999 -9999 -9999 -9999 -9999 -9999 -9999 -9999 -9999 -9999 -9999 2.00405E-6 7.76448E-6 1.56562E-5 9.4714E-6 9.54256E-6 4.04656E-6 2.68054E-6 4.52846E-6 6.24836E-6 1.15731E-5 1.25682E-5 1.25715E-5 1.6437E-5 1.45039E-5 1.36138E-5 1.7106E-5 1.97773E-5 2.15642E-5 2.33445E-5 2.11425E-5 1.15248E-5 4.40223E-6 1.97105E-6 1.24047E-6 1.97427E-6 1.66175E-6 1.04725E-6 1.41233E-6 1.78791E-6 1.95765E-6 1.98907E-6 -9999 -9999 -9999 -9999 -9999 -9999 -9999 -9999 -9999 -9999 -9999 -9999 -9999 -9999 -9999 -9999 -9999 -9999 -9999
1.13571E-2 3.63306E-3 2.2358E-3 -9999 -9999 -9999 -9999 -9999 -9999 -9999 -9999 -9999 -9999 -9999 -9999 -9999 -9999 2.19133E-6 7.329E-6 1.7217E-5 1.64888E-5 1.50493E-5 8.57508E-6 3.35731E-6 3.74871E-6 5.55383E-6 1.22623E-5 1.20308E-5 2.30278E-5 1.36439E-5 1.9499E-5 2.0991E-5 1.97884E-5 1.87365E-5 2.25494E-5 2.05277E-5 1.56836E-5 7.87174E-6 8.19346E-6 3.70481E-6 1.86921E-6 3.53127E-6 2.27354E-6 1.08251E-6 1.34923E-6 1.54724E-6 2.56184E-6 2.14373E-6 -9999 -9999 -9999 -9999 -9999 -9999 -9999 -9999 -9999 -9999 -9999 -9999 -9999 -9999 -9999 -9999 -9999 -9999 -9999
6.01454E-3 4.14228E-3 -9999 -9999 -9999 -9999 -9999 -9999 -9999 -9999 -9999 -9999 -9999 -9999 -9999 6.6722E-7 1.06614E-6 2.22402E-6 6.2052E-6 1.6549E-5 2.89555E-5 1.78362E-5 1.18951E-5 7.1982E-6 6.19722E-6 1.00206E-5 1.49467E-5 1.83371E-5 2.94549E-5 2.33717E-5 2.67077E-5 2.19549E-5 1.27967E-5 1.74916E-5 1.56693E-5 1.50569E-5 8.82356E-6 7.58678E-6 1.84721E-5 1.54976E-5 8.79281E-6 9.50909E-6 5.3344E-6 2.53881E-6 1.77597E-6 2.21331E-6 2.83969E-6 -9999 -9999 -9999 -9999 -9999 -9999 -9999 -9999 -9999 -9999 -9999 -9999 -9999 -9999 -9999 -9999 -9999 -9999 -9999 -9999
