ENM/Final_Models/M_2_F_lq_Set_1_E/Gustavia_santanderiensis_4_Choco.asc
ncols         367
nrows         963
xllcorner     -78.6
yllcorner     0.65
cellsize      0.00833333333333323
NODATA_value  -9999
[rows 825 to 857 of 963, columns 148 to 221 of 367]
1.17387E-6 5.2935E-6 5.82448E-5 2.49093E-3 2.87199E-2 3.77975E-2 -9999 -9999 -9999 -9999 -9999 -9999 -9999 -9999 -9999 -9999 -9999 -9999 -9999 -9999 -9999 -9999 1.11855E-2 5.36387E-3 5.59544E-3 4.86738E-3 8.49962E-3 2.3114E-2 -9999 -9999 -9999 -9999 -9999 -9999 -9999 -9999 1.04175E-2 7.53513E-3 3.6418E-3 1.23047E-3 4.74798E-4 2.60268E-5 2.54544E-5 4.23805E-4 2.59746E-4 8.00245E-4 7.85023E-4 3.26428E-4 2.14642E-4 4.15229E-4 2.28721E-4 5.10988E-5 1.04722E-5 4.40822E-6 4.73509E-6 1.03937E-5 3.96998E-5 4.81086E-5 2.07632E-5 9.36777E-6 2.13123E-5 1.11799E-5 2.39385E-5 1.36786E-5 6.21148E-6 8.47043E-6 1.2523E-5 4.34764E-5 2.40537E-5 2.0256E-5 2.85594E-5 5.06884E-5 -9999 -9999
5.55926E-6 1.32118E-5 5.25632E-5 6.18597E-4 5.44161E-3 4.56839E-2 -9999 -9999 -9999 -9999 -9999 -9999 -9999 -9999 -9999 -9999 -9999 -9999 -9999 -9999 -9999 6.77249E-3 5.79874E-3 4.39032E-3 5.42338E-3 7.27593E-3 6.62781E-3 1.09091E-2 -9999 -9999 -9999 -9999 -9999 -9999 -9999 -9999 2.76909E-3 1.5581E-3 9.14347E-4 8.23026E-4 2.367E-4 9.2747E-5 4.01576E-5 2.19357E-4 3.83956E-5 9.71604E-5 3.16484E-4 1.48268E-4 1.25785E-4 6.15192E-5 2.38591E-5 3.95505E-5 3.46447E-5 4.11929E-5 1.26081E-5 8.39416E-6 2.10148E-5 3.2068E-5 2.57004E-5 1.59542E-5 1.93393E-5 2.44691E-5 2.01165E-5 8.90876E-6 1.36086E-5 1.12937E-5 1.4873E-5 4.3727E-5 3.5744E-5 3.99347E-5 6.37506E-5 5.72097E-5 -9999 -9999
7.90061E-5 1.96013E-5 6.62316E-5 6.12088E-4 1.39806E-2 4.48031E-2 -9999 -9999 -9999 -9999 -9999 -9999 -9999 -9999 -9999 -9999 -9999 -9999 -9999 -9999 -9999 -9999 -9999 3.67736E-3 6.28876E-3 4.30997E-3 5.60768E-3 1.2325E-2 -9999 -9999 -9999 -9999 -9999 -9999 -9999 -9999 1.98777E-3 6.26044E-4 2.71229E-4 1.44388E-4 4.6499E-5 2.53543E-5 2.9103E-5 2.47316E-4 6.01708E-5 4.72692E-5 1.52785E-4 1.33878E-4 8.96074E-5 2.50127E-4 1.35814E-5 1.06731E-5 1.04277E-5 1.95792E-5 3.24996E-5 4.34453E-5 5.03365E-6 4.6156E-5 2.66536E-5 2.266E-5 1.46607E-5 3.07503E-5 2.11764E-5 2.84147E-5 4.22688E-5 4.31108E-5 1.80131E-5 5.99322E-5 2.4044E-5 4.7921E-5 3.81409E-5 2.98216E-5 -9999 -9999
6.41948E-5 1.84696E-5 1.35442E-4 2.98446E-4 4.37442E-3 2.58466E-2 -9999 -9999 -9999 -9999 -9999 -9999 -9999 -9999 -9999 -9999 -9999 -9999 -9999 -9999 -9999 -9999 -9999 -9999 2.08834E-3 2.63369E-3 5.3165E-3 9.1536E-3 -9999 -9999 9.1346E-3 -9999 -9999 -9999 -9999 -9999 3.24938E-3 3.93923E-4 5.92878E-5 3.2325E-5 1.65574E-5 1.46279E-5 4.10874E-5 8.29466E-5 4.05298E-5 1.05766E-5 2.72385E-5 1.29672E-4 4.74069E-5 1.44363E-5 3.16303E-5 8.63958E-6 1.22684E-5 2.5931E-6 3.38795E-5 2.49215E-5 2.65547E-5 8.92228E-5 4.2578E-5 3.19582E-5 6.05916E-6 1.13469E-5 3.93752E-5 7.34729E-6 1.40312E-5 2.22701E-5 4.7475E-5 3.77462E-5 5.77856E-5 3.96437E-5 2.47585E-5 -9999 -9999 -9999
3.19226E-4 4.03236E-5 2.44211E-4 2.08381E-4 9.47652E-4 1.63759E-2 3.3325E-2 -9999 -9999 -9999 -9999 -9999 -9999 -9999 -9999 -9999 -9999 -9999 -9999 -9999 -9999 -9999 -9999 -9999 -9999 1.93311E-3 4.33222E-3 7.55297E-3 -9999 -9999 1.30119E-2 -9999 -9999 -9999 -9999 3.3014E-3 3.54826E-3 8.44945E-4 1.4444E-4 1.69291E-5 9.65113E-6 1.68487E-5 4.1738E-5 2.70415E-5 3.33092E-5 1.06696E-5 1.53765E-5 9.7487E-5 3.50725E-5 5.00925E-6 4.07574E-6 4.49407E-6 3.1585E-5 2.16286E-5 2.37915E-5 1.22181E-5 2.15241E-5 2.94902E-5 4.87071E-5 5.16296E-5 1.43238E-5 5.53734E-6 1.6294E-5 1.51655E-5 2.73341E-5 4.54341E-5 4.64467E-5 4.66818E-5 5.52223E-5 3.61518E-5 -9999 -9999 -9999 -9999
3.9644E-4 2.24943E-4 6.76873E-4 5.4538E-4 9.18222E-4 1.95749E-2 3.73962E-2 -9999 -9999 -9999 -9999 -9999 -9999 -9999 -9999 -9999 -9999 -9999 -9999 -9999 -9999 -9999 1.09E-2 -9999 -9999 2.68433E-3 2.08203E-3 5.22326E-3 -9999 -9999 -9999 -9999 -9999 1.20547E-3 1.15563E-3 2.76969E-3 1.05611E-3 3.33588E-4 4.89423E-5 1.56946E-5 2.30975E-5 1.74262E-5 3.09265E-5 2.84166E-5 2.69167E-5 2.03344E-5 1.60242E-5 5.1033E-5 8.53065E-6 6.97836E-6 2.50273E-5 1.2674E-5 3.54547E-5 3.39001E-5 2.88073E-5 1.50872E-5 2.38393E-5 1.2689E-5 3.16154E-5 4.31838E-5 1.39596E-5 5.43656E-6 2.9408E-5 1.95527E-5 6.57192E-5 1.10846E-4 5.03279E-5 5.4042E-5 3.33476E-5 3.70641E-5 -9999 -9999 -9999 -9999
1.17972E-3 8.03238E-4 3.53277E-3 1.05809E-3 1.91498E-3 2.91716E-2 4.57931E-2 -9999 -9999 -9999 -9999 -9999 -9999 -9999 -9999 -9999 -9999 1.43359E-2 2.23318E-2 -9999 -9999 8.76265E-3 1.25537E-2 -9999 -9999 4.76378E-3 2.86935E-3 1.23278E-2 4.30063E-3 -9999 -9999 2.66947E-3 4.58277E-4 3.9072E-4 5.49284E-4 3.72994E-4 2.0286E-4 4.61135E-5 8.69927E-5 3.08839E-5 2.19112E-5 1.3172E-5 3.47271E-5 3.45106E-5 1.51522E-5 1.82045E-5 1.82135E-5 6.53033E-5 3.39502E-5 1.00271E-5 2.44569E-5 3.92667E-5 5.3231E-5 2.05565E-5 1.46952E-5 1.21848E-5 2.69122E-5 3.75993E-5 1.95905E-5 2.99683E-5 2.27596E-5 1.01668E-5 4.67485E-5 6.08252E-5 2.26741E-5 4.19432E-5 4.41583E-5 4.76024E-5 3.52222E-5 2.69737E-5 -9999 -9999 -9999 -9999
9.42079E-3 1.2379E-2 6.72714E-3 8.916E-4 2.34441E-3 3.17928E-2 3.99697E-2 -9999 -9999 -9999 -9999 -9999 -9999 -9999 -9999 -9999 -9999 1.19638E-2 1.06786E-2 -9999 -9999 8.7926E-3 1.34802E-2 -9999 -9999 4.48625E-3 3.26708E-3 6.34942E-3 5.74273E-3 -9999 -9999 1.35298E-3 2.61186E-4 1.72629E-4 5.99389E-5 6.58885E-5 1.53152E-4 1.20851E-4 7.60629E-5 3.93152E-5 9.35845E-6 7.65099E-6 2.31778E-5 1.32281E-5 1.2871E-5 4.33631E-5 6.03495E-5 6.0504E-5 3.51229E-5 1.14643E-5 1.21399E-5 4.45544E-5 3.76023E-5 2.12598E-5 7.06664E-6 8.7709E-6 2.17086E-5 2.80662E-5 1.66917E-5 2.16074E-5 2.55247E-5 3.4562E-5 8.58992E-5 9.42844E-5 5.82743E-5 7.78898E-5 4.13042E-5 6.49939E-5 3.06315E-5 4.33223E-5 -9999 -9999 -9999 -9999
8.00279E-3 2.66892E-2 1.05613E-2 9.62367E-4 3.50629E-3 3.29294E-2 4.88562E-2 -9999 -9999 -9999 -9999 -9999 -9999 -9999 -9999 -9999 -9999 1.25879E-2 8.7243E-3 -9999 -9999 1.04032E-2 1.17582E-2 -9999 -9999 3.745E-3 1.37235E-2 2.09894E-2 8.09313E-3 -9999 -9999 2.75753E-4 1.03521E-4 8.87386E-5 9.03146E-5 2.20321E-4 1.10632E-4 3.38991E-5 1.65374E-5 1.25496E-5 9.76898E-6 4.62202E-6 1.17667E-5 1.21003E-5 3.41766E-6 2.1369E-5 2.14096E-5 6.71448E-5 5.25335E-5 2.71501E-5 2.22984E-5 4.45375E-5 3.02856E-5 2.03307E-5 2.08257E-5 1.51156E-5 2.71181E-5 1.42533E-5 2.24631E-5 3.67428E-5 6.26016E-5 3.4715E-5 5.08229E-5 3.25641E-5 5.25144E-5 5.1485E-5 5.21978E-5 3.41596E-5 3.43914E-5 -9999 -9999 -9999 -9999 -9999
8.23158E-4 1.57184E-2 7.4842E-3 7.47787E-3 2.06414E-2 3.54857E-2 9.29641E-2 -9999 -9999 -9999 -9999 -9999 -9999 -9999 -9999 -9999 2.13075E-3 3.9045E-3 7.16516E-3 -9999 -9999 6.84342E-3 9.15522E-3 3.84325E-3 2.30875E-3 4.30004E-3 8.56261E-3 1.7858E-2 9.44094E-3 -9999 3.44851E-3 2.56759E-4 1.97139E-4 4.13488E-4 3.08492E-4 8.8632E-5 2.88897E-5 7.69536E-6 5.84721E-6 1.07619E-5 8.73867E-6 6.0372E-6 7.648E-6 1.40726E-5 5.2908E-6 1.17627E-5 1.87389E-5 4.06806E-5 4.40794E-5 5.19099E-5 3.66107E-5 3.93133E-5 5.78375E-5 5.22772E-5 3.67146E-5 2.95169E-5 1.47019E-5 1.4163E-5 2.15794E-5 5.94305E-5 7.70847E-5 4.40407E-5 3.9898E-5 4.16246E-5 4.6182E-5 4.10072E-5 4.00517E-5 3.87657E-5 2.29597E-5 -9999 -9999 -9999 -9999 -9999
3.05352E-3 1.97617E-2 2.028E-2 1.25391E-2 4.53873E-2 8.15469E-2 -9999 -9999 -9999 -9999 -9999 -9999 -9999 -9999 -9999 -9999 3.92041E-3 1.34265E-3 2.65262E-3 4.98853E-3 -9999 5.47621E-3 3.70374E-3 5.11997E-3 3.06235E-3 9.71148E-3 1.15236E-2 2.05078E-2 7.64033E-3 6.9793E-3 4.30864E-3 1.24066E-3 5.80279E-4 1.82125E-4 6.64942E-5 3.0967E-5 1.46851E-5 4.87224E-6 9.10731E-6 1.85236E-5 1.40107E-5 1.12463E-5 1.41147E-5 2.31993E-5 1.49066E-5 3.07555E-5 2.80441E-5 5.22431E-5 3.77707E-5 5.30104E-5 3.48136E-5 5.02017E-5 7.42987E-5 8.47865E-5 5.58447E-5 3.28627E-5 2.3834E-5 3.32484E-5 5.68446E-5 6.62123E-5 7.25012E-5 5.34556E-5 3.81266E-5 4.1141E-5 3.81756E-5 4.29713E-5 3.44698E-5 1.94232E-5 1.80767E-5 -9999 -9999 -9999 -9999 -9999
1.74778E-2 1.85675E-2 2.28948E-2 3.95387E-2 4.28532E-2 -9999 -9999 -9999 -9999 -9999 -9999 -9999 -9999 1.0244E-2 1.18956E-2 9.40321E-3 4.84003E-3 1.14876E-3 1.1852E-3 1.86176E-3 2.18734E-3 2.67123E-3 2.67778E-3 2.32629E-3 9.90282E-3 8.63559E-3 1.10268E-2 2.16331E-2 8.70272E-3 7.37567E-3 3.98036E-3 1.31208E-3 2.40238E-4 1.84673E-4 8.38728E-5 7.42762E-6 9.05961E-6 6.51305E-6 5.51643E-6 8.95372E-6 8.30028E-6 8.7877E-6 1.51882E-5 1.66102E-5 2.3312E-5 1.02686E-5 9.43583E-6 2.38868E-5 2.73572E-5 1.91041E-5 2.1591E-5 7.11539E-5 8.35931E-5 4.57922E-5 4.70411E-5 3.48356E-5 4.6826E-5 5.70017E-5 6.68384E-5 5.37674E-5 6.76626E-5 4.95412E-5 3.8426E-5 4.3543E-5 2.27726E-5 2.70844E-5 2.49879E-5 1.42912E-5 1.53267E-5 -9999 -9999 -9999 -9999 -9999
5.3864E-2 1.9322E-2 3.00322E-2 3.71215E-2 -9999 -9999 -9999 -9999 -9999 -9999 -9999 -9999 -9999 2.65293E-2 2.08856E-2 2.15378E-2 2.19844E-2 7.42545E-3 -9999 1.68128E-3 2.46967E-3 4.12276E-3 3.82434E-3 8.27581E-3 4.41843E-3 8.38483E-3 9.48563E-3 1.77563E-2 1.26664E-2 5.32837E-3 9.59783E-4 5.87857E-4 1.77522E-4 1.65529E-4 2.61476E-4 3.40067E-5 1.43196E-5 6.14391E-6 1.04147E-5 9.822E-6 2.16695E-5 5.05744E-6 7.54688E-6 1.28139E-5 1.01963E-5 7.88512E-6 1.61044E-5 1.89119E-5 8.53804E-6 1.67091E-5 2.56874E-5 4.86469E-5 3.78508E-5 3.55636E-5 5.36799E-5 5.3269E-5 6.13324E-5 7.32279E-5 5.05245E-5 6.16468E-5 5.59806E-5 3.50902E-5 2.98922E-5 2.79852E-5 1.17673E-5 9.03099E-6 1.22159E-5 1.07019E-5 1.30926E-5 -9999 -9999 -9999 -9999 -9999
2.98712E-2 3.56486E-2 -9999 -9999 -9999 -9999 -9999 -9999 -9999 -9999 -9999 -9999 -9999 -9999 2.39463E-2 3.06474E-2 -9999 -9999 -9999 3.0117E-3 -9999 -9999 7.43274E-3 9.37696E-3 6.76842E-3 -9999 -9999 -9999 1.2831E-2 1.74837E-3 4.2388E-4 4.28662E-4 2.30948E-4 3.86341E-4 1.5641E-4 1.43919E-4 1.82863E-5 1.8051E-5 1.57896E-5 2.53123E-5 2.30444E-5 6.96886E-6 6.82063E-6 4.45808E-6 6.44753E-6 9.76695E-6 2.21174E-5 6.93017E-6 9.08818E-6 1.52809E-5 2.51303E-5 3.16402E-5 2.89643E-5 4.94845E-5 7.49179E-5 6.59021E-5 6.95241E-5 7.32813E-5 3.56836E-5 2.99746E-5 3.56184E-5 2.47548E-5 2.08969E-5 -9999 -9999 -9999 1.04589E-5 1.52018E-5 1.05861E-5 -9999 -9999 -9999 -9999 -9999
4.18198E-2 1.07662E-1 -9999 -9999 -9999 -9999 -9999 -9999 -9999 -9999 -9999 -9999 -9999 -9999 -9999 -9999 -9999 -9999 -9999 -9999 -9999 -9999 -9999 -9999 -9999 -9999 -9999 -9999 6.28376E-3 4.08046E-3 9.18967E-4 1.64876E-3 1.31523E-3 6.01595E-4 2.57888E-4 3.43193E-4 9.77759E-5 3.58964E-4 1.78467E-4 1.65682E-4 2.91774E-5 9.36502E-6 7.43324E-6 4.97E-6 1.2904E-5 5.20781E-6 6.49849E-6 8.7488E-6 1.98106E-5 1.00402E-5 1.0204E-5 2.40083E-5 2.88209E-5 6.31473E-5 8.17242E-5 6.12776E-5 7.44641E-5 5.77106E-5 3.04314E-5 1.32855E-5 1.48328E-5 1.46139E-5 -9999 -9999 -9999 -9999 1.02582E-5 6.20334E-6 2.23766E-6 -9999 -9999 -9999 -9999 -9999
5.88106E-2 3.53035E-2 -9999 -9999 -9999 -9999 -9999 -9999 -9999 -9999 -9999 -9999 -9999 -9999 -9999 -9999 -9999 -9999 -9999 -9999 -9999 -9999 -9999 -9999 -9999 -9999 -9999 -9999 6.72651E-3 5.29703E-3 4.67226E-3 1.33615E-3 2.51814E-3 8.47239E-4 4.3124E-4 4.01804E-4 6.61211E-4 5.68725E-4 2.49677E-4 1.83971E-4 9.54936E-5 3.6604E-5 1.43192E-5 8.38833E-6 6.78081E-6 1.57005E-5 3.06067E-5 1.11232E-5 8.64568E-6 2.10913E-5 9.08343E-6 1.73697E-5 3.27738E-5 6.07046E-5 7.70982E-5 6.7455E-5 6.08249E-5 5.79768E-5 3.66093E-5 -9999 -9999 -9999 -9999 -9999 -9999 3.47469E-6 2.49108E-6 3.58629E-6 4.0193E-6 -9999 -9999 -9999 -9999 -9999
5.61184E-2 -9999 -9999 -9999 -9999 -9999 -9999 -9999 -9999 -9999 -9999 -9999 -9999 -9999 -9999 -9999 -9999 -9999 -9999 -9999 -9999 -9999 -9999 -9999 -9999 4.17382E-3 6.27925E-3 1.43606E-2 3.86208E-3 2.03633E-3 3.25584E-3 1.72988E-3 9.98186E-4 5.5662E-4 3.80104E-4 9.88838E-4 8.2091E-4 1.48362E-4 1.57178E-5 3.74139E-5 9.19687E-5 5.36642E-5 3.07034E-5 2.10481E-5 1.63729E-5 6.50263E-6 5.13754E-6 8.89503E-6 1.63512E-5 3.95362E-5 1.25101E-5 3.04801E-5 3.09096E-5 5.32403E-5 8.39328E-5 5.10928E-5 3.2325E-5 3.37183E-5 2.93922E-5 -9999 -9999 -9999 5.68864E-6 1.0573E-5 1.07834E-5 9.45014E-6 5.80262E-6 4.19966E-6 9.76873E-6 -9999 -9999 -9999 -9999 -9999
5.9427E-2 -9999 -9999 -9999 -9999 -9999 -9999 -9999 -9999 -9999 -9999 -9999 -9999 -9999 -9999 -9999 -9999 -9999 -9999 -9999 -9999 -9999 -9999 7.67422E-3 5.12288E-3 3.06248E-3 6.50212E-3 2.27283E-2 1.5327E-2 9.39143E-3 2.37012E-3 1.60038E-3 9.46042E-4 1.31279E-3 1.08726E-3 2.62297E-4 2.31936E-4 6.18012E-5 7.17651E-6 1.30511E-6 1.15695E-5 3.06901E-5 1.39353E-5 9.3384E-6 2.384E-6 3.61514E-6 4.43874E-6 1.25015E-5 1.62572E-5 4.25351E-5 3.54167E-5 4.57686E-5 5.20204E-5 7.7009E-5 8.29456E-5 6.36834E-5 3.41576E-5 9.7169E-6 1.31429E-5 -9999 -9999 8.56897E-6 6.02487E-6 1.41106E-5 1.79769E-5 2.05395E-5 2.51292E-5 1.01117E-5 1.87622E-5 -9999 -9999 -9999 -9999 -9999
-9999 -9999 -9999 -9999 -9999 -9999 -9999 -9999 -9999 -9999 -9999 -9999 -9999 -9999 -9999 -9999 -9999 -9999 -9999 -9999 -9999 -9999 7.0825E-3 2.28951E-3 1.68828E-3 1.83623E-3 2.3445E-3 6.21459E-3 6.08514E-3 6.78517E-3 2.23346E-3 1.73551E-3 4.94386E-3 5.33803E-4 1.19993E-4 8.34906E-5 4.21085E-5 4.85478E-5 5.07376E-6 6.80434E-6 1.24548E-5 1.14863E-5 8.87307E-6 7.17098E-6 2.73619E-5 2.07447E-5 6.90109E-6 8.26075E-6 3.46187E-5 2.80611E-5 6.07185E-5 5.57366E-5 7.79553E-5 9.0152E-5 8.1714E-5 6.79335E-5 4.43718E-5 -9999 -9999 -9999 -9999 5.6791E-6 6.02337E-6 2.04933E-5 6.54654E-6 1.23963E-5 2.98448E-5 1.91077E-5 1.34678E-5 -9999 -9999 -9999 -9999 -9999
-9999 -9999 -9999 -9999 -9999 -9999 -9999 -9999 -9999 -9999 -9999 -9999 -9999 -9999 -9999 -9999 -9999 -9999 -9999 -9999 -9999 4.52443E-3 1.01461E-3 9.32721E-4 1.06565E-3 1.62858E-3 7.64654E-4 2.733E-3 2.88051E-3 2.41248E-3 8.85835E-3 7.42122E-3 2.41172E-3 1.1002E-4 4.40627E-5 7.28162E-5 2.87314E-5 8.16586E-6 1.01886E-5 9.69353E-6 1.27853E-5 8.43071E-6 6.41217E-6 2.84694E-5 4.0108E-5 1.26905E-5 6.04015E-6 1.34391E-5 3.40693E-5 4.76513E-5 3.32164E-5 5.8488E-5 1.03475E-4 8.50433E-5 6.5429E-5 7.68015E-5 6.28819E-5 -9999 -9999 -9999 -9999 2.93136E-6 4.92766E-6 6.60855E-6 6.90606E-7 2.02249E-6 1.00058E-5 3.93837E-5 5.40436E-5 9.20389E-5 -9999 -9999 -9999 -9999
-9999 -9999 -9999 -9999 -9999 -9999 -9999 -9999 -9999 -9999 -9999 -9999 -9999 -9999 -9999 -9999 -9999 3.21864E-2 3.66665E-2 -9999 -9999 4.50762E-3 3.38036E-4 3.16111E-4 5.32854E-4 9.68284E-4 8.79589E-4 1.33886E-3 2.636E-4 5.22858E-4 1.99675E-3 1.40241E-3 1.02193E-3 1.35507E-4 2.36561E-5 2.71483E-5 1.94147E-5 1.12663E-5 1.27092E-5 1.15048E-5 6.24999E-6 6.45253E-6 8.11546E-6 2.41668E-5 2.53278E-5 9.58718E-6 9.67374E-6 1.33959E-5 9.95566E-6 1.78785E-5 5.02941E-5 4.61701E-5 7.04053E-5 7.17468E-5 7.41561E-5 8.18332E-5 4.48738E-5 -9999 -9999 -9999 -9999 -9999 -9999 3.42913E-6 4.2265E-6 4.62991E-6 5.44077E-6 1.33723E-5 4.6681E-5 6.80019E-5 -9999 -9999 -9999 -9999
-9999 -9999 -9999 8.86727E-2 -9999 -9999 -9999 -9999 -9999 -9999 -9999 -9999 -9999 -9999 -9999 -9999 2.09121E-2 2.79333E-2 3.11539E-2 -9999 -9999 2.13848E-3 4.70849E-4 4.68388E-4 6.06399E-4 1.25431E-3 1.12476E-3 8.20108E-4 2.34625E-4 5.09052E-4 1.50115E-3 5.39002E-4 7.54485E-4 3.04357E-4 3.69566E-5 1.87505E-5 1.51223E-5 1.32054E-5 1.17998E-5 2.06523E-5 2.43856E-5 1.44967E-5 1.75965E-5 1.40913E-5 1.57116E-5 1.6418E-5 1.92348E-5 1.52473E-5 3.11276E-5 2.74568E-5 4.6583E-5 4.61189E-5 7.12062E-5 8.29663E-5 9.14874E-5 6.48551E-5 5.77979E-5 -9999 -9999 -9999 -9999 -9999 -9999 1.44104E-6 1.11321E-6 1.26474E-6 7.41427E-6 2.01031E-5 3.39618E-5 7.20393E-5 -9999 -9999 -9999 -9999
-9999 -9999 4.35778E-2 6.44003E-2 -9999 -9999 -9999 -9999 -9999 -9999 -9999 -9999 5.71942E-2 4.23592E-2 -9999 -9999 1.24627E-2 2.95026E-2 1.8686E-2 2.99969E-3 4.88089E-4 5.12964E-4 4.22603E-4 1.09759E-4 5.41287E-4 1.31773E-3 1.32476E-3 5.64629E-4 2.52104E-4 5.6137E-4 9.38799E-4 1.73497E-4 7.0276E-5 1.54417E-4 6.04387E-5 1.1798E-5 1.09211E-5 9.2481E-6 2.11452E-5 4.40185E-5 4.25867E-5 4.40469E-5 2.45507E-5 1.83672E-5 2.48045E-5 4.37173E-5 3.65148E-5 3.11629E-5 3.21938E-5 3.12952E-5 7.56641E-5 6.29012E-5 6.34177E-5 7.78034E-5 8.57525E-5 7.00269E-5 6.73068E-5 4.5846E-5 2.06316E-5 1.1158E-5 -9999 -9999 -9999 1.79185E-6 1.14759E-6 3.37667E-6 8.00941E-6 1.639E-5 2.50799E-5 6.60678E-5 1.02558E-4 -9999 -9999 -9999
5.57297E-2 5.84142E-2 3.21859E-2 4.88518E-2 -9999 -9999 -9999 7.90004E-3 1.67406E-2 -9999 -9999 4.06295E-2 5.89966E-2 4.96534E-2 -9999 -9999 1.13405E-2 1.97317E-2 6.20091E-3 1.54101E-3 3.2889E-4 1.67415E-4 2.41098E-4 1.07884E-4 1.97923E-4 3.91053E-4 2.37911E-4 2.19293E-4 1.38231E-4 5.80822E-4 4.76551E-4 6.54302E-5 1.95573E-5 6.7029E-5 1.57664E-4 1.93234E-5 1.15063E-5 1.46478E-5 4.93986E-5 9.52789E-5 6.79904E-5 3.51546E-5 1.91884E-5 2.20831E-5 1.71618E-5 1.95952E-5 3.26707E-5 2.00617E-5 3.97304E-5 3.14039E-5 5.30134E-5 5.19089E-5 7.60084E-5 9.1895E-5 8.59923E-5 6.59089E-5 8.19898E-5 5.78081E-5 3.5015E-5 2.20568E-5 2.24233E-5 -9999 -9999 2.54738E-6 7.78253E-7 8.1071E-7 1.78132E-6 9.0345E-6 1.65781E-5 4.42133E-5 1.23312E-4 -9999 -9999 -9999
6.10961E-2 3.29864E-2 4.23933E-2 4.56937E-2 -9999 -9999 -9999 3.53322E-3 6.93233E-3 2.60747E-3 1.20185E-2 2.66103E-2 5.07613E-2 3.12574E-2 -9999 1.03681E-2 8.13226E-3 2.5431E-3 1.14763E-3 2.09637E-4 1.01856E-4 1.07336E-4 1.98071E-4 1.47265E-4 9.1432E-5 1.75331E-4 1.40725E-4 1.38733E-4 1.07302E-4 3.46997E-4 4.68536E-4 5.44719E-5 1.46215E-5 5.33467E-5 1.02249E-4 1.43391E-5 1.53667E-5 1.62162E-5 4.39303E-5 4.58407E-5 3.42541E-5 2.01689E-5 1.7309E-5 2.02137E-5 2.51084E-5 1.50027E-5 4.07587E-5 5.84977E-5 4.77689E-5 2.7616E-5 4.4089E-5 4.99064E-5 7.34742E-5 9.3225E-5 9.45045E-5 7.69601E-5 9.09841E-5 6.82206E-5 5.50217E-5 3.00078E-5 2.32026E-5 -9999 -9999 2.19046E-6 1.44354E-6 8.37368E-7 1.23328E-6 9.3191E-7 6.27651E-6 2.3554E-5 1.30168E-4 -9999 -9999 -9999
-9999 -9999 1.37056E-2 9.6974E-3 1.11633E-2 3.36665E-3 4.91671E-4 9.06001E-4 1.87291E-3 9.49532E-4 3.65733E-3 1.55074E-2 4.35156E-2 1.29741E-2 8.8034E-3 3.40623E-3 1.13183E-3 5.20783E-4 4.24437E-4 8.31448E-5 5.45418E-5 6.27417E-5 6.41566E-5 5.6332E-5 2.74075E-5 4.87125E-5 1.72698E-5 6.68345E-5 8.72131E-5 2.37288E-4 1.37583E-4 4.2557E-5 3.59353E-5 2.51281E-5 2.93551E-5 2.30584E-5 1.52247E-5 2.82512E-5 4.36785E-5 5.51985E-5 3.0697E-5 2.52168E-5 3.41986E-5 1.88272E-5 2.01739E-5 2.25082E-5 7.43128E-5 6.77389E-5 7.56719E-5 3.53996E-5 6.15735E-5 6.46689E-5 5.06495E-5 5.61401E-5 7.61571E-5 7.97188E-5 1.02154E-4 6.74966E-5 3.23839E-5 1.32226E-5 -9999 -9999 -9999 4.46553E-6 4.43815E-6 1.66021E-6 1.44138E-6 7.62021E-7 3.28308E-6 2.32324E-5 8.80707E-5 -9999 -9999 -9999
-9999 -9999 1.65227E-3 1.64705E-3 3.59371E-3 1.12156E-3 3.5504E-4 2.89023E-4 6.39517E-4 4.77729E-4 7.46035E-4 6.34661E-3 1.27123E-2 5.3698E-3 1.48389E-3 2.46451E-4 2.4246E-4 1.29566E-4 1.36506E-4 1.97339E-5 1.48166E-5 2.93414E-5 2.2242E-5 6.17422E-5 5.61201E-5 2.88213E-5 1.21569E-5 2.46461E-5 4.50949E-5 1.40739E-4 7.16564E-5 2.13565E-5 4.67891E-5 4.81214E-5 3.29982E-5 1.63062E-5 2.25227E-5 1.576E-5 2.51454E-5 2.70032E-5 4.55491E-5 5.61669E-5 5.66845E-5 2.28698E-5 3.0101E-5 2.97677E-5 4.27474E-5 4.22891E-5 8.62616E-5 7.64329E-5 6.83178E-5 6.14501E-5 6.5734E-5 7.11984E-5 7.02004E-5 1.06594E-4 1.04078E-4 4.63574E-5 -9999 -9999 -9999 -9999 4.20539E-6 2.95397E-6 4.57259E-6 1.12333E-5 1.35085E-5 1.47589E-6 1.47186E-6 1.56837E-5 7.23497E-5 -9999 -9999 -9999
3.48676E-2 1.17464E-2 2.85796E-3 3.88593E-4 2.33834E-4 2.45301E-4 6.52815E-5 1.09392E-4 7.0245E-4 9.43802E-4 8.59405E-4 1.76057E-3 7.43897E-3 2.79239E-3 1.19444E-3 1.12768E-4 4.16844E-5 9.83339E-5 5.66081E-5 6.0797E-6 1.09389E-5 9.02446E-6 1.51699E-5 3.5603E-5 3.17117E-5 1.89281E-5 1.40414E-5 1.2513E-5 1.86373E-5 4.35898E-5 1.87876E-5 1.41724E-5 2.71393E-5 2.47378E-5 3.11427E-5 3.66665E-5 2.9646E-5 2.53805E-5 3.36403E-5 3.78593E-5 3.63794E-5 4.95154E-5 5.50202E-5 6.38344E-5 5.98943E-5 6.41425E-5 4.59051E-5 6.44273E-5 8.82607E-5 1.13641E-4 1.00872E-4 8.39262E-5 8.46373E-5 9.55541E-5 8.81035E-5 1.06454E-4 8.96293E-5 4.33477E-5 -9999 -9999 -9999 -9999 2.49448E-6 1.01751E-6 1.33319E-6 1.32644E-6 1.19234E-5 1.86268E-5 1.31153E-6 5.4788E-6 2.68242E-5 -9999 -9999 -9999
-9999 -9999 3.00979E-4 7.6002E-5 1.07643E-4 1.13847E-4 2.58775E-5 1.30367E-4 2.08618E-4 1.96726E-4 1.35619E-4 7.46819E-4 1.96366E-3 2.31251E-4 2.90021E-4 5.22835E-5 1.57975E-5 1.45253E-5 1.51149E-5 1.09585E-5 5.75694E-6 5.02293E-6 7.66001E-6 1.12811E-5 1.09831E-5 1.05069E-5 6.22056E-6 9.21262E-6 1.38552E-5 1.77201E-5 1.04126E-5 6.43925E-6 2.34336E-5 2.07145E-5 3.44009E-5 5.0986E-5 4.64139E-5 5.53605E-5 9.54002E-5 5.4342E-5 5.80207E-5 4.49889E-5 5.22902E-5 7.70145E-5 9.70498E-5 9.55879E-5 6.62183E-5 7.55379E-5 6.63253E-5 9.56845E-5 1.2449E-4 1.30679E-4 1.14302E-4 1.20944E-4 9.95285E-5 1.15374E-4 8.63763E-5 3.8143E-5 -9999 -9999 -9999 3.64979E-7 1.41045E-6 2.1288E-6 4.05142E-6 5.37737E-6 1.32118E-5 1.80348E-5 5.27749E-6 8.08119E-6 2.56912E-5 -9999 -9999 -9999
-9999 1.97555E-4 4.27679E-5 1.46921E-5 3.38901E-5 4.3676E-5 8.6339E-5 7.39668E-5 2.1075E-4 2.97214E-4 2.02426E-4 1.63504E-4 2.50333E-4 7.66238E-5 3.37525E-5 1.6946E-5 7.30203E-6 5.25155E-6 5.9914E-6 7.8417E-6 6.2835E-6 5.26876E-6 7.12997E-6 5.57069E-6 5.87682E-6 5.70574E-6 4.99141E-6 6.81525E-6 7.55656E-6 7.55934E-6 1.19867E-5 6.06796E-6 1.42878E-5 2.9973E-5 3.09681E-5 5.83143E-5 7.78975E-5 8.60576E-5 7.78317E-5 4.77526E-5 4.11677E-5 5.01028E-5 4.74075E-5 6.62459E-5 7.53672E-5 1.04042E-4 1.10619E-4 1.22978E-4 1.01259E-4 9.5195E-5 1.16289E-4 1.11591E-4 1.3632E-4 1.25184E-4 9.98351E-5 1.0661E-4 5.12715E-5 5.21574E-5 -9999 -9999 2.60836E-6 4.03423E-6 3.22123E-6 8.33118E-7 6.84803E-7 8.60578E-6 1.81732E-5 4.6398E-5 2.23917E-5 9.4467E-5 3.03578E-4 -9999 -9999 -9999
1.64354E-3 1.1029E-4 8.2485E-5 6.06027E-5 4.58535E-5 4.77E-5 2.30759E-4 2.22521E-4 4.45993E-4 1.84594E-3 4.01934E-4 2.13262E-4 8.68139E-5 3.17059E-5 5.75643E-6 4.32518E-6 6.40121E-6 3.08367E-6 2.83969E-6 5.25116E-6 3.80853E-6 3.18641E-6 4.05365E-6 4.65441E-6 6.34825E-6 7.04037E-6 7.14406E-6 9.86026E-6 9.76859E-6 5.76421E-6 7.63467E-6 8.25441E-6 9.75833E-6 1.57917E-5 1.62564E-5 1.53495E-5 4.78686E-5 5.173E-5 5.8597E-5 2.62489E-5 2.86997E-5 5.33349E-5 7.05697E-5 9.64471E-5 1.19149E-4 1.22576E-4 1.34791E-4 1.32716E-4 1.1667E-4 9.8646E-5 7.58103E-5 8.22192E-5 1.15375E-4 1.2673E-4 1.1875E-4 1.26124E-4 4.911E-5 1.86999E-5 1.15071E-5 4.96874E-6 8.3899E-6 5.95166E-6 7.85631E-6 1.25545E-6 4.44267E-7 1.0392E-6 4.44028E-6 2.52291E-5 1.55441E-4 4.5231E-5 1.33667E-4 -9999 -9999 -9999
-9999 1.83998E-4 3.997E-4 1.39171E-4 2.92399E-4 3.40171E-4 5.94874E-4 2.21436E-4 5.13834E-3 4.78775E-3 2.72478E-3 1.4867E-3 2.15072E-4 5.44148E-5 1.65431E-4 1.41001E-5 4.35414E-6 4.04679E-6 2.81629E-6 3.02157E-6 4.31758E-6 2.99159E-6 3.16608E-6 3.34826E-6 4.27942E-6 6.68567E-6 6.7665E-6 8.47789E-6 8.97392E-6 7.66218E-6 7.56924E-6 1.03179E-5 1.07442E-5 7.40273E-6 6.97E-6 8.6641E-6 8.41574E-6 1.1382E-5 1.89858E-5 1.01876E-5 1.78106E-5 3.25762E-5 4.71806E-5 9.02102E-5 1.32684E-4 1.27081E-4 1.20175E-4 1.18213E-4 1.67656E-4 1.11981E-4 7.79409E-5 5.36439E-5 4.9362E-5 1.07306E-4 9.27016E-5 8.1377E-5 7.13251E-5 4.5879E-5 2.6459E-5 1.45197E-5 1.02089E-5 2.24632E-6 4.69457E-6 1.34583E-5 6.8696E-6 1.06475E-6 5.99113E-6 2.37074E-5 7.88722E-5 1.99415E-4 4.69813E-5 -9999 -9999 -9999
-9999 2.96709E-3 4.35138E-3 2.14097E-3 1.34226E-3 2.22004E-3 1.73296E-3 4.40649E-3 1.80324E-2 2.18211E-2 4.41417E-3 2.89172E-3 6.29811E-4 6.52776E-5 5.58026E-5 7.97184E-6 3.13193E-6 4.18508E-6 4.03633E-6 2.69223E-6 2.9256E-6 2.61364E-6 5.43561E-6 3.69556E-6 4.11631E-6 7.07352E-6 8.31791E-6 9.61958E-6 9.07704E-6 1.00887E-5 6.34547E-6 8.24066E-6 9.94237E-6 1.3548E-5 1.65632E-5 1.1543E-5 1.62348E-5 1.35518E-5 1.26404E-5 7.79785E-6 1.46618E-5 2.46095E-5 5.86083E-5 9.53788E-5 1.33594E-4 8.72207E-5 1.07313E-4 9.21613E-5 8.95884E-5 9.90328E-5 5.62445E-5 2.98689E-5 2.6513E-5 6.27386E-5 6.42103E-5 4.66685E-5 3.28753E-5 2.01941E-5 1.21986E-5 8.18262E-6 5.66821E-6 1.75522E-6 6.48502E-6 8.65541E-6 9.68052E-6 1.43717E-5 1.1174E-4 6.11263E-5 1.26868E-4 4.67497E-4 2.12878E-4 -9999 -9999 -9999
