ENM/Final_Models/M_2_F_lq_Set_1_E/Gustavia_santanderiensis_7_Choco.asc
ncols         367
nrows         963
xllcorner     -78.6
yllcorner     0.65
cellsize      0.00833333333333323
NODATA_value  -9999
[rows 924 to 956 of 963, columns 75 to 149 of 367]
2.01078E-6 1.01273E-6 1.01485E-6 6.46801E-7 6.62779E-7 9.39458E-7 7.51314E-7 3.64309E-7 3.48256E-7 2.60651E-7 2.32683E-7 2.80951E-7 3.52334E-7 7.23667E-7 1.03829E-6 1.03259E-6 1.4347E-6 9.95661E-7 9.89971E-7 1.60079E-6 1.2267E-6 1.43731E-6 1.89521E-6 2.20774E-6 3.13201E-6 6.1106E-6 2.1542E-6 2.64201E-6 4.29721E-6 3.39537E-6 3.5689E-6 2.89271E-6 3.18535E-6 2.34855E-6 2.94104E-6 2.43231E-6 3.83759E-6 4.26213E-6 4.24652E-6 3.39746E-6 3.72903E-6 5.66454E-6 6.5781E-6 6.41962E-6 8.30606E-6 4.30159E-6 4.89481E-6 5.12745E-6 6.47906E-6 5.41823E-6 6.69367E-6 8.67352E-6 1.07527E-5 1.12946E-5 1.3082E-5 1.46677E-5 2.20803E-5 2.4619E-5 2.79057E-5 3.13679E-5 8.85968E-5 3.38119E-3 4.24132E-4 1.17891E-4 7.0231E-5 3.26165E-4 1.14109E-4 5.52962E-5 -9999 -9999 -9999 -9999 2.10065E-6 1.34011E-6 5.72627E-6
7.49326E-7 5.47413E-7 5.7713E-7 7.32352E-7 9.92999E-7 7.6142E-7 6.70822E-7 2.89472E-7 2.02012E-7 1.76067E-7 8.29835E-8 1.02804E-7 3.66857E-7 7.16007E-7 9.29102E-7 1.0461E-6 1.63242E-6 1.37641E-6 1.65411E-6 1.90003E-6 1.36713E-6 1.46444E-6 2.01178E-6 2.0372E-6 4.20152E-6 6.48446E-6 3.27643E-6 2.66596E-6 3.55876E-6 3.22281E-6 3.09096E-6 2.91903E-6 2.94581E-6 2.81564E-6 2.69025E-6 3.23644E-6 3.45765E-6 3.00239E-6 4.90587E-6 4.3498E-6 4.23689E-6 5.63257E-6 7.21475E-6 7.24775E-6 6.70705E-6 5.84943E-6 5.37983E-6 5.01204E-6 6.2722E-6 6.8521E-6 7.12124E-6 7.75817E-6 1.1872E-5 1.01658E-5 1.29429E-5 1.64137E-5 1.87682E-5 2.22859E-5 2.65445E-5 2.9562E-5 4.18153E-5 3.2254E-3 5.14912E-4 2.08519E-4 8.81586E-5 1.18414E-4 5.46865E-5 3.01204E-5 -9999 -9999 -9999 -9999 -9999 -9999 -9999
6.87548E-7 6.97801E-7 7.41859E-7 8.42384E-7 6.57362E-7 6.42171E-7 4.63478E-7 2.99643E-7 1.30767E-7 5.94228E-8 4.14504E-8 1.2683E-7 3.90579E-7 7.59992E-7 1.15282E-6 1.40808E-6 1.38548E-6 1.78435E-6 2.11388E-6 2.47826E-6 1.64276E-6 1.94424E-6 2.95139E-6 4.24602E-6 5.52341E-6 8.39997E-6 3.19698E-6 3.36446E-6 2.58238E-6 3.19609E-6 3.28069E-6 3.53369E-6 3.84273E-6 4.31871E-6 4.08718E-6 3.525E-6 3.20493E-6 3.47415E-6 4.04942E-6 4.53187E-6 5.51604E-6 5.03875E-6 7.03936E-6 8.14342E-6 6.9715E-6 7.22833E-6 5.61183E-6 5.29326E-6 6.292E-6 6.67405E-6 8.33451E-6 1.03502E-5 9.90827E-6 1.22271E-5 1.06967E-5 1.27863E-5 2.03341E-5 2.85173E-5 3.6482E-5 4.17368E-5 3.16745E-4 2.35886E-3 1.29562E-4 6.75663E-5 5.62296E-5 7.32879E-5 4.14687E-5 2.23847E-5 -9999 -9999 -9999 -9999 -9999 -9999 -9999
4.15048E-7 7.27608E-7 8.55066E-7 5.30472E-7 4.09671E-7 4.34054E-7 4.9855E-7 3.92346E-7 1.4899E-7 6.57065E-8 1.3716E-7 2.69667E-7 6.12497E-7 1.35208E-6 1.29146E-6 1.59801E-6 1.56307E-6 1.86636E-6 2.58852E-6 2.59895E-6 3.10108E-6 2.90293E-6 5.58601E-6 7.08821E-6 9.05705E-6 8.60725E-6 5.57922E-6 3.61376E-6 3.82131E-6 2.96337E-6 3.56432E-6 3.68002E-6 3.85069E-6 3.40388E-6 4.28679E-6 4.58585E-6 4.19766E-6 4.37087E-6 5.3529E-6 5.55807E-6 5.18607E-6 5.35155E-6 5.67213E-6 8.09807E-6 8.7292E-6 6.79934E-6 8.19735E-6 6.72585E-6 8.12922E-6 8.99768E-6 1.10224E-5 1.40524E-5 1.33559E-5 1.41177E-5 1.39763E-5 1.75173E-5 2.394E-5 2.66157E-5 4.05767E-5 5.89054E-5 1.72126E-3 4.02554E-4 1.27497E-4 6.27062E-5 4.91859E-5 4.67292E-5 2.9343E-5 1.62907E-5 6.49855E-6 -9999 -9999 -9999 -9999 -9999 -9999
8.55411E-7 6.96581E-7 6.50049E-7 5.19888E-7 3.32342E-7 3.79571E-7 4.43355E-7 4.59689E-7 3.00967E-7 2.50385E-7 2.98581E-7 6.88563E-7 1.1322E-6 1.44058E-6 1.20754E-6 1.42949E-6 2.03725E-6 2.64002E-6 2.92967E-6 2.53997E-6 3.74563E-6 4.68617E-6 5.25302E-6 5.66175E-6 6.6475E-6 5.61075E-6 3.21122E-6 3.05445E-6 2.56565E-6 2.77804E-6 3.67746E-6 3.84683E-6 3.36058E-6 3.30954E-6 3.14359E-6 4.08351E-6 6.54727E-6 4.05844E-6 5.29307E-6 5.3097E-6 5.69806E-6 5.67757E-6 5.64732E-6 6.87089E-6 1.0164E-5 9.20344E-6 1.00007E-5 8.7047E-6 9.49419E-6 1.25541E-5 1.17854E-5 1.66267E-5 1.45585E-5 1.72934E-5 2.04541E-5 2.04587E-5 3.56868E-5 3.94431E-5 3.85949E-5 2.58534E-4 1.619E-3 2.44737E-4 1.02132E-4 4.82702E-5 6.31702E-5 4.95368E-5 2.30724E-5 1.25336E-5 5.51754E-6 2.20728E-6 -9999 -9999 -9999 -9999 -9999
5.81884E-7 5.4706E-7 5.46558E-7 5.00413E-7 6.01775E-7 7.49874E-7 5.60373E-7 5.32983E-7 6.21952E-7 6.40041E-7 6.04226E-7 8.78751E-7 1.20832E-6 1.43521E-6 1.97631E-6 1.92636E-6 1.90935E-6 1.76067E-6 2.48764E-6 4.83583E-6 5.14607E-6 6.08458E-6 4.0336E-6 4.37623E-6 4.93193E-6 5.5729E-6 2.56338E-6 2.35626E-6 2.39021E-6 2.54107E-6 2.64362E-6 2.38339E-6 3.30636E-6 4.05527E-6 4.40379E-6 4.89163E-6 4.7522E-6 5.34917E-6 5.49439E-6 6.0562E-6 5.70369E-6 5.38458E-6 6.10617E-6 7.33623E-6 1.03169E-5 1.04132E-5 1.10736E-5 9.79416E-6 1.41454E-5 1.56524E-5 1.99757E-5 2.04305E-5 2.0114E-5 2.09527E-5 3.00578E-5 5.02475E-5 1.03968E-4 3.60312E-4 4.53532E-4 1.96948E-3 2.85109E-4 1.22267E-4 6.79734E-5 2.90218E-5 3.56732E-5 2.81108E-5 1.84269E-5 1.01723E-5 5.08399E-6 3.36509E-6 -9999 -9999 -9999 -9999 -9999
6.86653E-7 4.63752E-7 4.26116E-7 5.04466E-7 4.60614E-7 6.93882E-7 4.85641E-7 4.98951E-7 6.75421E-7 7.84295E-7 1.16434E-6 1.03627E-6 1.31188E-6 1.44768E-6 1.57569E-6 1.83873E-6 2.03069E-6 2.16663E-6 2.3322E-6 5.29077E-6 4.60051E-6 4.86949E-6 5.24374E-6 4.51703E-6 3.79095E-6 2.57853E-6 2.27578E-6 2.34082E-6 2.11985E-6 2.02248E-6 3.06036E-6 3.16018E-6 2.93559E-6 4.21959E-6 4.40374E-6 5.92814E-6 5.83696E-6 5.3062E-6 5.67425E-6 5.87081E-6 6.1953E-6 6.08983E-6 6.75932E-6 6.74093E-6 1.00042E-5 1.66761E-5 1.72945E-5 1.6072E-5 1.55645E-5 3.21618E-5 3.12691E-5 2.68393E-5 2.43714E-5 2.7636E-5 7.79805E-5 3.70967E-4 2.87036E-4 1.28363E-4 2.84765E-4 3.22535E-4 2.10098E-4 7.06358E-5 5.43853E-5 3.24181E-5 1.90037E-5 1.62541E-5 1.09375E-5 1.15913E-5 1.05584E-5 9.45528E-6 -9999 -9999 -9999 -9999 -9999
5.74128E-7 4.30947E-7 4.12873E-7 3.94831E-7 3.43581E-7 5.47974E-7 4.5281E-7 4.26571E-7 6.54836E-7 6.6946E-7 1.13345E-6 1.10525E-6 1.28378E-6 1.32121E-6 2.00453E-6 4.03826E-6 3.14208E-6 2.8487E-6 2.64075E-6 2.95934E-6 4.22591E-6 3.53103E-6 5.53387E-6 3.40397E-6 2.59181E-6 2.67887E-6 2.70822E-6 2.9298E-6 2.44057E-6 2.70363E-6 2.96494E-6 4.12671E-6 3.45935E-6 3.84022E-6 4.70942E-6 5.44129E-6 5.5959E-6 5.3133E-6 6.90966E-6 6.73274E-6 7.47236E-6 7.70319E-6 8.41E-6 7.95339E-6 1.14344E-5 2.75884E-5 2.05051E-5 2.47794E-5 3.69696E-5 4.53648E-5 5.48187E-5 5.46311E-5 4.63304E-5 4.36224E-5 2.67541E-4 9.68436E-5 6.84991E-5 3.85297E-5 6.01117E-5 1.11462E-4 1.48128E-4 9.05487E-5 5.24617E-5 2.9163E-5 1.52303E-5 1.16978E-5 6.73206E-6 8.11593E-6 1.08237E-5 5.45416E-6 -9999 -9999 -9999 -9999 -9999
6.5781E-7 4.38111E-7 4.54075E-7 4.94272E-7 2.95265E-7 2.92929E-7 2.35811E-7 3.75515E-7 5.76903E-7 6.37437E-7 1.08108E-6 1.2413E-6 1.33289E-6 1.45543E-6 2.30316E-6 3.81166E-6 3.39028E-6 3.02416E-6 2.39398E-6 2.27825E-6 2.86889E-6 3.33456E-6 3.9075E-6 2.63842E-6 2.60351E-6 2.5803E-6 2.46374E-6 2.65124E-6 3.07409E-6 3.49071E-6 3.48012E-6 3.70601E-6 4.47426E-6 4.80484E-6 5.15138E-6 5.93829E-6 7.03809E-6 6.02728E-6 6.80572E-6 7.59584E-6 7.93569E-6 8.42834E-6 1.15381E-5 1.12345E-5 1.26542E-5 3.13742E-5 3.2172E-5 2.76672E-5 4.59102E-5 7.68348E-5 1.07773E-4 1.1594E-4 1.00402E-4 1.38546E-4 9.53094E-5 7.90911E-5 5.22052E-5 3.10128E-5 2.41322E-5 2.59002E-5 4.42982E-5 6.45162E-5 5.26161E-5 2.23252E-5 1.54478E-5 8.13282E-6 4.41113E-6 2.74202E-6 4.01528E-6 9.7298E-6 4.76586E-6 -9999 -9999 -9999 1.07669E-6
5.95378E-7 3.96533E-7 4.14199E-7 3.97393E-7 4.88127E-7 2.98791E-7 2.8648E-7 4.8366E-7 6.18071E-7 8.39425E-7 1.1795E-6 1.11227E-6 1.63796E-6 1.62505E-6 1.57903E-6 2.43423E-6 3.33354E-6 3.7574E-6 2.5868E-6 2.3721E-6 2.89787E-6 2.5516E-6 3.98647E-6 2.64919E-6 2.57712E-6 3.12214E-6 3.69241E-6 3.72749E-6 3.24923E-6 3.05868E-6 4.15136E-6 4.03531E-6 4.32455E-6 5.5687E-6 5.4554E-6 5.68722E-6 7.35197E-6 5.48314E-6 6.09044E-6 6.74008E-6 7.32083E-6 8.29277E-6 1.09442E-5 1.71015E-5 1.33699E-5 2.11847E-5 3.90163E-5 4.00964E-5 6.3652E-5 6.88572E-5 8.46179E-5 1.89119E-4 2.19213E-4 1.05443E-4 8.1347E-5 8.43607E-5 6.63376E-5 3.98891E-5 -9999 -9999 2.09741E-5 3.66576E-5 2.72177E-5 1.63289E-5 1.25193E-5 9.56043E-6 5.01975E-6 -9999 -9999 2.69544E-6 -9999 -9999 -9999 1.46598E-6 1.96972E-6
6.57404E-7 5.49488E-7 4.45386E-7 5.9369E-7 4.21158E-7 3.88624E-7 3.16968E-7 5.78373E-7 7.61589E-7 7.13197E-7 8.87262E-7 1.38727E-6 1.73039E-6 1.68562E-6 2.30682E-6 2.17972E-6 3.24045E-6 2.33834E-6 2.46975E-6 2.75058E-6 2.22498E-6 2.14276E-6 2.22263E-6 2.33556E-6 2.31698E-6 2.62114E-6 2.7036E-6 3.02545E-6 2.91471E-6 3.75517E-6 3.85538E-6 4.5332E-6 4.38761E-6 5.14525E-6 4.88474E-6 5.84031E-6 5.74908E-6 5.51798E-6 5.96659E-6 7.14226E-6 7.7811E-6 9.7923E-6 1.32965E-5 1.59203E-5 2.49095E-5 3.41544E-5 4.45862E-5 4.98691E-5 5.39101E-5 6.59856E-5 1.13011E-4 2.57309E-4 1.46996E-4 1.19695E-4 1.08472E-4 9.1193E-5 6.46126E-5 4.09624E-5 -9999 -9999 -9999 -9999 1.66058E-5 1.20879E-5 1.18E-5 -9999 -9999 -9999 -9999 -9999 -9999 -9999 1.67884E-6 2.71349E-6 2.48245E-6
7.74043E-7 5.52282E-7 3.4213E-7 5.12974E-7 4.40548E-7 3.91371E-7 3.95294E-7 4.66995E-7 5.5332E-7 6.25217E-7 7.42637E-7 9.32868E-7 1.55766E-6 2.18613E-6 2.76603E-6 3.33234E-6 3.79918E-6 3.77377E-6 2.73171E-6 2.84522E-6 2.54229E-6 2.48104E-6 2.37861E-6 2.26038E-6 2.43581E-6 2.22567E-6 2.1181E-6 1.97096E-6 2.65521E-6 3.6079E-6 3.80871E-6 4.25788E-6 4.47373E-6 5.23159E-6 5.61616E-6 5.99908E-6 6.12826E-6 6.31011E-6 7.02432E-6 8.34059E-6 6.98032E-6 9.65751E-6 1.31744E-5 1.48425E-5 1.72465E-5 4.0966E-5 4.38388E-5 4.12469E-5 5.05872E-5 8.50285E-5 1.86588E-4 1.39203E-4 1.09731E-4 1.24476E-4 1.85725E-4 1.20035E-4 7.55497E-5 3.79234E-5 4.26291E-5 -9999 -9999 -9999 -9999 -9999 -9999 -9999 -9999 -9999 -9999 -9999 -9999 -9999 1.53129E-6 1.65169E-6 3.42783E-6
8.37881E-7 6.47046E-7 3.98882E-7 3.73459E-7 5.07042E-7 6.50219E-7 5.12543E-7 4.50267E-7 5.18066E-7 7.10233E-7 7.68433E-7 1.16414E-6 1.52544E-6 2.06067E-6 2.70028E-6 3.43501E-6 2.79306E-6 3.85547E-6 2.97086E-6 2.94719E-6 2.94853E-6 2.52727E-6 2.54435E-6 2.78981E-6 2.19966E-6 2.77477E-6 2.42768E-6 2.33915E-6 3.13663E-6 4.17445E-6 4.7937E-6 4.73339E-6 5.16102E-6 5.21264E-6 5.49495E-6 5.04867E-6 6.86685E-6 6.48215E-6 7.36267E-6 7.80542E-6 7.27245E-6 1.02339E-5 9.38799E-6 1.36291E-5 1.98909E-5 3.73651E-5 4.99616E-5 4.5009E-5 7.66038E-5 1.39224E-4 1.20725E-4 8.37522E-5 6.35912E-5 1.07648E-4 1.22428E-4 1.23796E-4 8.95126E-5 5.19804E-5 6.41073E-5 -9999 -9999 -9999 -9999 -9999 -9999 -9999 -9999 -9999 -9999 3.98792E-6 2.30261E-6 3.90744E-6 1.99599E-6 1.44862E-6 1.20288E-6
4.85817E-7 4.71204E-7 6.24904E-7 7.87622E-7 6.39863E-7 7.31067E-7 5.09856E-7 6.65939E-7 5.06387E-7 6.95779E-7 1.00333E-6 1.29225E-6 1.82471E-6 2.08857E-6 2.02036E-6 2.30825E-6 2.17796E-6 3.23068E-6 2.90931E-6 4.26248E-6 2.74636E-6 2.67255E-6 2.7825E-6 2.67399E-6 3.10072E-6 2.73576E-6 2.32323E-6 2.49167E-6 2.97944E-6 3.47519E-6 4.78399E-6 5.39983E-6 6.54E-6 6.50296E-6 7.21734E-6 5.49167E-6 5.5258E-6 7.10279E-6 8.1995E-6 8.991E-6 8.33631E-6 1.00868E-5 1.16564E-5 1.62305E-5 2.40298E-5 3.67981E-5 5.11907E-5 4.40089E-5 5.62188E-5 1.26427E-4 1.5425E-4 1.0946E-4 5.29388E-5 5.94836E-5 6.45405E-5 9.31153E-5 1.09503E-4 9.29877E-5 6.84861E-5 -9999 -9999 -9999 -9999 -9999 -9999 -9999 -9999 -9999 4.32222E-6 4.18991E-6 9.70886E-6 1.10527E-5 1.00741E-5 5.76316E-6 3.49041E-6
-9999 -9999 -9999 -9999 -9999 6.14225E-7 4.67097E-7 7.12655E-7 8.75072E-7 9.52731E-7 1.27269E-6 1.46995E-6 1.26799E-6 1.8966E-6 2.34178E-6 2.76993E-6 2.59477E-6 3.59656E-6 3.31483E-6 3.87191E-6 2.75393E-6 2.81929E-6 2.84533E-6 2.50968E-6 2.2046E-6 2.69728E-6 3.50018E-6 3.85036E-6 4.52426E-6 4.27803E-6 4.3606E-6 6.94176E-6 5.73036E-6 7.74158E-6 9.93162E-6 8.42311E-6 8.0323E-6 1.08553E-5 9.0324E-6 1.03627E-5 1.29428E-5 1.74817E-5 2.03054E-5 2.9393E-5 2.44276E-5 3.43589E-5 2.30654E-5 3.79071E-5 7.68342E-5 8.84923E-5 1.3663E-4 6.83332E-5 4.12305E-5 3.84831E-5 4.50702E-5 7.58008E-5 1.15451E-4 9.52226E-5 6.73483E-5 4.17011E-5 2.28239E-5 1.48556E-5 -9999 -9999 -9999 -9999 -9999 -9999 -9999 -9999 1.70353E-6 5.956E-6 1.13014E-5 2.00382E-5 8.31828E-6
-9999 -9999 -9999 -9999 -9999 -9999 -9999 -9999 8.37398E-7 1.16711E-6 1.24345E-6 1.34825E-6 1.64984E-6 2.18718E-6 2.53981E-6 3.71396E-6 4.49266E-6 3.43989E-6 3.2197E-6 3.08151E-6 3.15518E-6 2.63224E-6 2.90371E-6 3.01486E-6 3.29456E-6 2.83813E-6 3.26526E-6 3.33016E-6 4.07095E-6 3.68013E-6 -9999 -9999 8.4591E-6 8.79015E-6 1.00191E-5 8.6006E-6 1.07486E-5 9.38863E-6 9.72971E-6 1.74848E-5 1.45037E-5 2.03486E-5 2.31691E-5 2.6702E-5 3.68517E-5 3.91907E-5 2.91485E-5 3.69654E-5 6.21353E-5 8.15859E-5 1.14584E-4 5.22543E-5 3.90106E-5 3.31289E-5 2.7877E-5 3.03988E-5 6.61482E-5 7.63191E-5 5.47333E-5 4.81542E-5 4.25928E-5 2.66662E-5 1.79091E-5 -9999 -9999 -9999 -9999 -9999 -9999 -9999 1.40089E-6 1.86225E-6 2.72464E-6 1.15543E-5 5.48054E-5
-9999 -9999 -9999 -9999 -9999 -9999 -9999 -9999 -9999 -9999 1.35277E-6 1.44199E-6 1.67469E-6 1.88862E-6 2.22248E-6 2.85649E-6 2.40607E-6 2.87351E-6 3.48493E-6 3.96917E-6 3.12596E-6 3.27623E-6 2.91603E-6 3.50781E-6 -9999 -9999 -9999 4.35686E-6 4.76965E-6 -9999 -9999 -9999 -9999 -9999 1.22525E-5 9.53928E-6 1.28027E-5 1.12959E-5 1.56008E-5 1.81954E-5 2.29613E-5 2.06612E-5 2.26683E-5 2.6053E-5 3.42232E-5 2.63872E-5 2.40627E-5 3.31164E-5 5.64764E-5 7.95871E-5 8.33237E-5 4.47508E-5 4.1912E-5 3.18864E-5 3.61573E-5 2.58897E-5 4.1033E-5 4.45335E-5 3.48731E-5 3.03071E-5 2.78715E-5 2.30989E-5 1.61979E-5 -9999 -9999 -9999 -9999 -9999 -9999 -9999 2.16985E-6 2.14187E-6 6.75922E-6 1.42856E-5 3.36621E-5
-9999 -9999 -9999 -9999 -9999 -9999 -9999 -9999 -9999 -9999 -9999 -9999 2.28875E-6 2.03721E-6 2.61158E-6 3.35905E-6 2.86523E-6 3.00341E-6 3.7541E-6 4.17381E-6 -9999 -9999 -9999 -9999 -9999 -9999 -9999 -9999 -9999 -9999 -9999 -9999 -9999 -9999 -9999 1.4617E-5 1.43058E-5 1.19158E-5 1.58972E-5 1.80569E-5 1.70562E-5 1.86002E-5 2.62403E-5 2.37213E-5 2.24745E-5 3.35905E-5 3.8664E-5 4.98975E-5 1.05557E-4 9.3593E-5 6.49096E-5 7.31345E-5 6.56494E-5 5.66829E-5 3.20217E-5 3.33266E-5 2.75459E-5 1.52074E-5 1.65113E-5 1.46765E-5 1.654E-5 1.54699E-5 1.27083E-5 -9999 -9999 -9999 -9999 -9999 -9999 2.39674E-6 1.84581E-6 4.68243E-6 8.71226E-6 2.71697E-5 2.81301E-5
-9999 -9999 -9999 -9999 -9999 -9999 -9999 -9999 -9999 -9999 -9999 -9999 2.23064E-6 3.00344E-6 3.27211E-6 2.96534E-6 3.05267E-6 3.15214E-6 3.45869E-6 3.59658E-6 -9999 -9999 -9999 -9999 -9999 -9999 -9999 -9999 -9999 -9999 -9999 -9999 -9999 -9999 -9999 -9999 -9999 2.04389E-5 2.27649E-5 2.82524E-5 2.03325E-5 2.72034E-5 3.08186E-5 2.27867E-5 3.29647E-5 3.47185E-5 4.27766E-5 5.59989E-5 9.48853E-5 6.08698E-5 5.52169E-5 8.36753E-5 6.77212E-5 6.48181E-5 5.67745E-5 3.60491E-5 2.77489E-5 1.81671E-5 1.31576E-5 1.40534E-5 1.09067E-5 7.98075E-6 7.78007E-6 -9999 -9999 -9999 -9999 -9999 -9999 -9999 9.87567E-7 1.60541E-6 6.20636E-6 3.88137E-5 2.44019E-4
-9999 -9999 -9999 -9999 -9999 -9999 -9999 -9999 -9999 -9999 -9999 -9999 -9999 2.46058E-6 4.09473E-6 3.54362E-6 3.4909E-6 3.4418E-6 3.43351E-6 -9999 -9999 -9999 -9999 -9999 -9999 -9999 -9999 -9999 -9999 -9999 -9999 -9999 -9999 -9999 -9999 -9999 -9999 -9999 3.37534E-5 5.21893E-5 3.49994E-5 4.85655E-5 4.11517E-5 3.80064E-5 2.58842E-5 3.79676E-5 5.0104E-5 5.51105E-5 7.5537E-5 4.56107E-5 3.82499E-5 7.32484E-5 6.0671E-5 5.5454E-5 3.45436E-5 2.4256E-5 1.68676E-5 1.44782E-5 1.17846E-5 1.04538E-5 7.421E-6 4.18219E-6 4.56719E-6 -9999 -9999 -9999 -9999 -9999 -9999 -9999 1.07856E-6 1.59229E-6 2.70967E-6 8.8079E-6 1.14113E-4
-9999 -9999 -9999 -9999 -9999 -9999 -9999 -9999 -9999 -9999 -9999 -9999 -9999 2.58306E-6 3.15429E-6 3.63641E-6 3.81467E-6 -9999 -9999 -9999 -9999 -9999 -9999 -9999 -9999 -9999 -9999 -9999 -9999 -9999 -9999 -9999 -9999 -9999 -9999 -9999 -9999 -9999 1.98294E-5 2.6584E-5 3.2563E-5 3.80791E-5 3.08169E-5 4.86826E-5 4.82299E-5 5.16907E-5 5.75361E-5 6.53787E-5 4.44999E-5 2.54027E-5 2.79539E-5 4.82194E-5 4.37444E-5 5.63851E-5 3.62882E-5 1.95719E-5 1.75659E-5 1.16105E-5 5.68086E-6 4.26919E-6 4.18281E-6 3.70901E-6 3.24186E-6 4.55219E-6 -9999 -9999 -9999 -9999 -9999 7.42938E-7 1.45118E-6 3.00929E-6 5.22263E-6 1.46031E-5 9.73767E-5
-9999 -9999 -9999 -9999 -9999 -9999 -9999 -9999 -9999 -9999 -9999 -9999 -9999 -9999 -9999 -9999 -9999 -9999 -9999 -9999 -9999 -9999 -9999 -9999 -9999 -9999 -9999 -9999 -9999 -9999 -9999 -9999 -9999 -9999 -9999 -9999 -9999 -9999 -9999 2.05579E-5 2.29612E-5 2.38126E-5 2.60333E-5 4.23276E-5 3.55006E-5 4.08726E-5 3.74692E-5 5.07334E-5 3.09491E-5 1.99961E-5 2.57001E-5 2.78005E-5 2.96583E-5 3.05827E-5 2.71706E-5 2.20978E-5 1.5619E-5 -9999 -9999 -9999 -9999 -9999 2.33066E-6 2.66568E-6 -9999 -9999 -9999 -9999 2.44865E-6 2.20105E-6 1.54366E-6 5.68521E-6 1.82725E-5 5.47062E-5 2.90851E-4
-9999 -9999 -9999 -9999 -9999 -9999 -9999 -9999 -9999 -9999 -9999 -9999 -9999 -9999 -9999 -9999 -9999 -9999 -9999 -9999 -9999 -9999 -9999 -9999 -9999 -9999 -9999 -9999 -9999 -9999 -9999 -9999 -9999 -9999 -9999 -9999 -9999 -9999 -9999 2.49041E-5 2.50679E-5 2.74137E-5 2.01571E-5 2.73195E-5 2.54974E-5 2.89602E-5 2.85261E-5 4.24777E-5 2.8531E-5 2.06614E-5 2.0432E-5 2.53851E-5 2.38532E-5 2.46607E-5 2.53613E-5 1.53711E-5 1.71314E-5 -9999 -9999 -9999 -9999 -9999 -9999 -9999 -9999 -9999 1.08456E-6 2.28814E-6 5.83468E-6 4.87154E-6 7.25445E-6 1.48117E-5 8.13263E-5 3.48944E-4 -9999
-9999 -9999 -9999 -9999 -9999 -9999 -9999 -9999 -9999 -9999 -9999 -9999 -9999 -9999 -9999 -9999 -9999 -9999 -9999 -9999 -9999 -9999 -9999 -9999 -9999 -9999 -9999 -9999 -9999 -9999 -9999 -9999 -9999 -9999 -9999 -9999 -9999 -9999 1.56377E-5 2.38892E-5 2.00299E-5 1.75759E-5 1.22835E-5 1.40081E-5 1.75604E-5 1.92227E-5 1.97572E-5 1.883E-5 2.86268E-5 2.15621E-5 1.79179E-5 2.0761E-5 2.09141E-5 1.77149E-5 1.81774E-5 1.56248E-5 1.71627E-5 9.53859E-6 3.39872E-6 -9999 -9999 -9999 5.2867E-6 -9999 4.60814E-6 1.25525E-6 2.1761E-6 2.00555E-6 1.02723E-5 1.66818E-5 1.38032E-5 5.32124E-5 2.13329E-4 -9999 -9999
-9999 -9999 -9999 -9999 -9999 -9999 -9999 -9999 -9999 -9999 -9999 -9999 -9999 -9999 -9999 -9999 -9999 -9999 -9999 -9999 -9999 -9999 -9999 -9999 -9999 -9999 -9999 -9999 -9999 -9999 -9999 -9999 -9999 -9999 -9999 -9999 -9999 1.33613E-5 1.3891E-5 1.70978E-5 1.70711E-5 1.59517E-5 1.18616E-5 1.50628E-5 1.60948E-5 1.63569E-5 1.49729E-5 1.78839E-5 1.67076E-5 1.74776E-5 1.71037E-5 1.57118E-5 1.73625E-5 1.16313E-5 1.87838E-5 1.54214E-5 1.42845E-5 9.88762E-6 6.61189E-6 6.34843E-6 6.98587E-6 6.46337E-6 9.1787E-6 7.79317E-6 5.78999E-6 2.03437E-6 -9999 -9999 -9999 -9999 -9999 -9999 -9999 -9999 -9999
-9999 -9999 -9999 -9999 -9999 -9999 -9999 -9999 -9999 -9999 -9999 -9999 -9999 -9999 -9999 -9999 -9999 -9999 -9999 -9999 -9999 -9999 -9999 -9999 -9999 -9999 -9999 -9999 -9999 -9999 -9999 -9999 -9999 -9999 -9999 -9999 9.87932E-6 1.19555E-5 1.27865E-5 1.30086E-5 1.404E-5 1.37035E-5 1.20477E-5 1.27721E-5 1.30506E-5 1.54503E-5 1.69108E-5 1.76606E-5 1.38139E-5 1.34023E-5 1.22023E-5 1.30492E-5 1.45625E-5 1.30329E-5 1.39363E-5 8.99914E-6 7.0748E-6 6.28052E-6 6.33756E-6 9.53977E-6 1.05292E-5 8.71444E-6 1.16904E-5 7.77594E-6 -9999 -9999 -9999 -9999 -9999 -9999 -9999 -9999 -9999 -9999 -9999
-9999 -9999 -9999 -9999 -9999 -9999 -9999 -9999 -9999 -9999 -9999 -9999 -9999 -9999 -9999 -9999 -9999 -9999 -9999 -9999 -9999 -9999 -9999 -9999 -9999 -9999 -9999 -9999 -9999 -9999 -9999 -9999 -9999 -9999 -9999 5.92254E-6 9.12815E-6 9.11577E-6 1.08379E-5 1.11329E-5 1.06807E-5 1.20673E-5 1.14516E-5 1.20094E-5 1.2666E-5 1.39411E-5 1.52135E-5 1.33859E-5 1.18068E-5 8.59167E-6 8.6181E-6 7.62654E-6 9.77753E-6 1.13614E-5 1.21189E-5 1.08828E-5 9.24665E-6 8.5579E-6 1.253E-5 1.64009E-5 1.46779E-5 1.49372E-5 -9999 -9999 -9999 -9999 -9999 -9999 -9999 -9999 -9999 -9999 -9999 -9999 -9999
-9999 -9999 -9999 -9999 -9999 -9999 -9999 -9999 -9999 -9999 -9999 -9999 -9999 -9999 -9999 -9999 -9999 -9999 -9999 -9999 -9999 -9999 -9999 -9999 -9999 -9999 -9999 -9999 -9999 -9999 -9999 -9999 -9999 -9999 4.56588E-6 6.51513E-6 8.01011E-6 8.75774E-6 1.00447E-5 8.87378E-6 9.61388E-6 9.7651E-6 1.0085E-5 1.04132E-5 1.27488E-5 1.28443E-5 1.11583E-5 9.53914E-6 7.97081E-6 7.188E-6 6.58678E-6 4.91351E-6 7.13129E-6 1.27281E-5 1.743E-5 2.05187E-5 1.65781E-5 1.4422E-5 1.4425E-5 1.84815E-5 -9999 -9999 -9999 -9999 -9999 -9999 -9999 -9999 -9999 -9999 -9999 -9999 -9999 -9999 -9999
-9999 -9999 -9999 -9999 -9999 -9999 -9999 -9999 -9999 -9999 -9999 -9999 -9999 -9999 -9999 -9999 -9999 -9999 -9999 -9999 -9999 -9999 -9999 -9999 -9999 -9999 -9999 -9999 -9999 -9999 -9999 -9999 -9999 -9999 -9999 5.94061E-6 7.15105E-6 6.59655E-6 7.38965E-6 7.81215E-6 8.26831E-6 9.02849E-6 8.36069E-6 8.84099E-6 9.42916E-6 1.0342E-5 7.39081E-6 6.36945E-6 6.6897E-6 5.43492E-6 4.54747E-6 4.8741E-6 8.41872E-6 1.10874E-5 1.56279E-5 1.85122E-5 1.84191E-5 2.63917E-5 -9999 -9999 -9999 -9999 -9999 -9999 -9999 -9999 -9999 -9999 -9999 -9999 -9999 -9999 -9999 -9999 -9999
-9999 -9999 -9999 -9999 -9999 -9999 -9999 -9999 -9999 -9999 -9999 -9999 -9999 -9999 -9999 -9999 -9999 -9999 -9999 -9999 -9999 -9999 -9999 -9999 -9999 -9999 -9999 -9999 -9999 -9999 -9999 -9999 -9999 -9999 -9999 -9999 -9999 7.80291E-6 6.29246E-6 6.5143E-6 6.46737E-6 6.04215E-6 7.96898E-6 8.07009E-6 7.60344E-6 1.01171E-5 8.3119E-6 7.73662E-6 4.06686E-6 6.08098E-6 5.6198E-6 9.81134E-6 1.0678E-5 1.67119E-5 2.17726E-5 2.59339E-5 3.50624E-5 -9999 -9999 -9999 -9999 -9999 -9999 -9999 -9999 -9999 -9999 -9999 -9999 -9999 -9999 -9999 -9999 -9999 -9999
-9999 -9999 -9999 -9999 -9999 -9999 -9999 -9999 -9999 -9999 -9999 -9999 -9999 -9999 -9999 -9999 -9999 -9999 -9999 -9999 -9999 -9999 -9999 -9999 -9999 -9999 -9999 -9999 -9999 -9999 -9999 -9999 -9999 -9999 -9999 -9999 -9999 -9999 6.80326E-6 7.20054E-6 7.28228E-6 5.69176E-6 8.64603E-6 9.17929E-6 9.30356E-6 1.1209E-5 1.53824E-5 9.82943E-6 5.76986E-6 6.91138E-6 6.96067E-6 1.56739E-5 2.16577E-5 2.51316E-5 3.78698E-5 -9999 -9999 -9999 -9999 -9999 -9999 -9999 -9999 -9999 -9999 -9999 -9999 -9999 -9999 -9999 -9999 -9999 -9999 -9999 -9999
-9999 -9999 -9999 -9999 -9999 -9999 -9999 -9999 -9999 -9999 -9999 -9999 -9999 -9999 -9999 -9999 -9999 -9999 -9999 -9999 -9999 -9999 -9999 -9999 -9999 -9999 -9999 -9999 -9999 -9999 -9999 -9999 -9999 -9999 -9999 -9999 -9999 -9999 9.78267E-6 8.36176E-6 1.21742E-5 9.95954E-6 9.09417E-6 7.00865E-6 1.01255E-5 1.0604E-5 1.40607E-5 2.02247E-5 1.11334E-5 9.26066E-6 1.57934E-5 2.96393E-5 4.26514E-5 4.27586E-5 6.31615E-5 -9999 -9999 -9999 -9999 -9999 -9999 -9999 -9999 -9999 -9999 -9999 -9999 -9999 -9999 -9999 -9999 -9999 -9999 -9999 -9999
-9999 -9999 -9999 -9999 -9999 -9999 -9999 -9999 -9999 -9999 -9999 -9999 -9999 -9999 -9999 -9999 -9999 -9999 -9999 -9999 -9999 -9999 -9999 -9999 -9999 -9999 -9999 -9999 -9999 -9999 -9999 -9999 -9999 -9999 -9999 -9999 -9999 -9999 -9999 1.54051E-5 1.9402E-5 2.02134E-5 1.63165E-5 7.4398E-6 7.17453E-6 1.06416E-5 1.48358E-5 2.26836E-5 2.29646E-5 1.601E-5 2.73263E-5 5.63335E-5 8.18089E-5 8.93523E-5 -9999 -9999 -9999 -9999 -9999 -9999 -9999 -9999 -9999 -9999 -9999 -9999 -9999 -9999 -9999 -9999 -9999 -9999 -9999 -9999 -9999
