ENM/Final_Models/M_2_F_lq_Set_1_E/Gustavia_santanderiensis_0_Choco.asc
ncols         367
nrows         963
xllcorner     -78.6
yllcorner     0.65
cellsize      0.00833333333333323
NODATA_value  -9999
[rows 450 to 479 of 963, columns 134 to 200 of 367]
-9999 -9999 -9999 -9999 -9999 -9999 -9999 -9999 -9999 -9999 -9999 -9999 -9999 -9999 -9999 -9999 -9999 -9999 -9999 -9999 -9999 -9999 -9999 -9999 2.86717E-1 7.77528E-1 2.55304E-1 2.75752E-2 2.77108E-2 1.90888E-2 2.77332E-3 5.96501E-3 2.0286E-2 1.5136E-2 1.28987E-2 1.06969E-1 4.94959E-2 5.44205E-2 6.62663E-2 1.30607E-2 4.11525E-3 3.39702E-3 2.52343E-3 6.63146E-2 1.59301E-2 1.47852E-1 2.41902E-3 1.96105E-2 6.4379E-3 1.19306E-2 1.03551E-2 7.70426E-3 4.62861E-4 3.68822E-4 4.43491E-5 2.29452E-5 1.16977E-3 2.43186E-5 4.51987E-5 8.81783E-5 1.12485E-4 8.34571E-5 8.38522E-5 4.40101E-5 1.11768E-4 8.77515E-5 7.14634E-5
-9999 -9999 -9999 -9999 -9999 -9999 -9999 -9999 -9999 -9999 -9999 -9999 -9999 -9999 -9999 -9999 -9999 -9999 -9999 -9999 -9999 -9999 -9999 -9999 1.98353E-1 2.32279E-1 3.21822E-2 9.20769E-4 3.37847E-2 7.74119E-4 2.36085E-2 3.80469E-3 2.37216E-2 1.30627E-2 7.84988E-3 9.06426E-3 1.1885E-2 1.11386E-2 1.73141E-2 1.52427E-2 1.83577E-2 1.54567E-2 1.22558E-2 5.12461E-2 5.76025E-2 9.53509E-3 1.95647E-3 1.30106E-3 8.62024E-4 1.59425E-3 3.54647E-4 3.08429E-4 1.12654E-4 4.13998E-5 5.93844E-5 3.8741E-5 3.4223E-5 2.06195E-4 2.58546E-4 3.20841E-5 3.8983E-5 9.94816E-5 3.23801E-5 4.72207E-5 7.96381E-5 1.77711E-5 6.74967E-5
-9999 -9999 -9999 -9999 -9999 -9999 -9999 -9999 -9999 -9999 -9999 -9999 -9999 -9999 -9999 -9999 -9999 -9999 -9999 -9999 -9999 -9999 -9999 -9999 2.34782E-3 2.63399E-2 2.88365E-2 2.33162E-3 3.70884E-3 9.58395E-4 1.74618E-2 2.91101E-3 9.00988E-2 7.9453E-2 4.65247E-3 3.02102E-3 3.59799E-3 2.88641E-3 3.29132E-3 9.86524E-3 1.10528E-2 1.37709E-2 1.2024E-2 1.8773E-3 2.29483E-2 3.56978E-2 1.43276E-1 1.02115E-3 1.22335E-3 1.30292E-3 3.72237E-4 1.65653E-4 4.42073E-5 1.30627E-4 4.98753E-5 1.25521E-3 1.23503E-3 1.21552E-3 3.3798E-3 4.0398E-5 7.29467E-5 4.9324E-5 2.10755E-5 1.53063E-5 6.78E-5 8.69698E-5 4.92847E-5
-9999 -9999 -9999 -9999 -9999 -9999 -9999 -9999 -9999 -9999 -9999 -9999 -9999 -9999 -9999 -9999 -9999 -9999 -9999 -9999 -9999 -9999 -9999 -9999 -9999 3.03326E-3 5.09283E-2 1.11068E-1 1.08105E-1 4.19996E-2 3.17298E-2 2.44768E-2 3.59852E-3 7.45874E-4 6.105E-4 1.03355E-4 1.0614E-4 9.88421E-5 8.83001E-4 9.40435E-2 8.81629E-2 7.833E-2 7.48475E-2 1.0873E-1 8.05767E-2 1.59289E-2 1.13553E-2 2.21406E-3 5.85995E-5 1.91733E-3 2.10096E-3 2.46037E-3 7.90997E-5 1.5645E-4 1.43824E-4 1.57198E-3 1.24851E-3 1.62305E-2 1.15967E-3 6.37115E-5 6.40167E-5 3.4646E-4 1.26136E-3 4.09101E-3 2.43033E-4 5.18554E-5 4.98807E-5
-9999 -9999 -9999 -9999 -9999 -9999 -9999 -9999 -9999 -9999 -9999 -9999 -9999 -9999 -9999 -9999 -9999 -9999 -9999 -9999 -9999 -9999 -9999 -9999 -9999 2.47041E-2 2.54462E-2 1.71196E-1 1.78509E-1 1.86265E-1 2.35605E-2 2.43283E-2 5.10015E-4 8.05224E-4 1.40283E-3 9.15654E-4 8.59624E-4 1.09139E-3 3.31915E-3 3.46695E-3 9.69401E-3 1.62741E-2 1.8722E-2 8.2357E-2 5.93473E-2 1.53718E-2 1.15065E-2 6.57484E-2 6.82843E-2 1.4895E-2 1.42322E-2 1.99521E-3 4.21142E-5 3.73962E-5 1.81277E-3 1.54779E-2 1.5651E-2 1.60625E-3 1.52987E-3 6.84216E-5 1.17452E-4 2.31588E-4 2.1995E-4 2.3125E-4 8.7962E-5 9.15055E-5 4.43397E-5
-9999 -9999 -9999 -9999 -9999 -9999 -9999 -9999 -9999 -9999 -9999 -9999 -9999 -9999 -9999 -9999 -9999 -9999 -9999 -9999 -9999 -9999 -9999 -9999 -9999 1.94134E-1 3.07176E-2 2.2909E-3 3.30526E-2 3.04851E-2 2.91685E-2 3.15457E-2 1.20813E-3 1.68623E-2 2.13665E-2 2.00748E-2 2.31653E-2 2.62738E-2 3.89525E-2 1.24791E-3 1.50486E-3 3.35897E-3 1.21675E-2 1.84896E-2 1.77367E-2 1.70535E-2 1.52074E-2 1.38682E-2 1.62782E-2 2.93896E-3 2.66654E-3 1.81266E-3 1.25798E-2 3.80544E-5 2.05782E-3 1.49964E-2 1.4908E-2 2.0497E-3 4.25297E-5 4.2675E-5 5.45988E-5 4.63965E-5 2.19382E-5 1.98912E-5 2.06104E-2 9.47334E-4 7.68862E-4
-9999 -9999 -9999 -9999 -9999 -9999 -9999 -9999 -9999 -9999 -9999 -9999 -9999 -9999 -9999 -9999 -9999 -9999 -9999 -9999 -9999 -9999 -9999 -9999 -9999 -9999 3.19599E-2 5.182E-3 1.27232E-3 3.85175E-2 3.45816E-3 3.26051E-3 1.20689E-3 2.96955E-3 1.96622E-3 1.32115E-3 1.54915E-1 1.30537E-1 8.6624E-2 6.02723E-2 1.00632E-3 8.60787E-4 2.04875E-3 1.57462E-2 1.60376E-2 1.45278E-2 2.92799E-3 1.4208E-2 1.46236E-2 5.8683E-5 5.28387E-5 1.41004E-2 1.23353E-2 2.35341E-3 2.28356E-3 1.70345E-2 1.68583E-2 1.66996E-2 4.90665E-5 4.30258E-5 2.39728E-5 1.57045E-2 1.24723E-3 1.25614E-3 9.23518E-2 1.01589E-3 4.72674E-5
-9999 -9999 -9999 -9999 -9999 -9999 -9999 -9999 -9999 -9999 -9999 -9999 -9999 -9999 -9999 -9999 -9999 -9999 -9999 -9999 -9999 -9999 -9999 -9999 -9999 -9999 9.72441E-2 1.44268E-1 1.62607E-1 1.36267E-1 9.16333E-2 9.2891E-2 1.0667E-1 2.01301E-2 2.50243E-3 1.30384E-3 1.75729E-3 5.42837E-2 5.0507E-2 5.78526E-4 5.26246E-4 4.80173E-4 2.90288E-3 1.6456E-2 3.91799E-3 2.66168E-4 6.77205E-5 2.72498E-3 2.40203E-3 5.63706E-5 5.38682E-5 2.77723E-3 2.37676E-3 2.07912E-3 1.72918E-2 1.72717E-2 2.10869E-3 1.66874E-3 4.769E-5 1.51758E-4 1.61515E-3 1.18809E-3 1.24555E-3 1.78554E-2 1.57875E-2 1.03749E-3 9.43306E-4
-9999 -9999 -9999 -9999 -9999 -9999 -9999 -9999 -9999 -9999 -9999 -9999 -9999 -9999 -9999 -9999 -9999 -9999 -9999 -9999 -9999 -9999 -9999 -9999 -9999 -9999 1.31814E-1 4.84513E-1 3.68675E-1 4.95435E-1 1.20226E-1 1.13738E-1 1.24526E-1 1.04987E-2 5.64405E-2 7.47762E-2 3.99752E-3 1.40889E-3 4.32192E-3 3.48466E-3 2.92849E-3 4.1667E-3 8.64338E-5 7.45547E-5 7.55387E-5 1.52074E-4 1.47109E-4 6.04798E-5 2.48033E-3 2.69389E-4 2.35103E-4 2.26137E-3 1.50341E-2 2.14715E-3 1.03259E-1 2.34833E-3 8.17706E-5 1.78552E-3 2.65111E-4 1.37711E-3 1.39849E-3 2.79027E-5 1.14202E-3 1.89069E-2 1.09464E-3 2.2272E-2 2.49104E-4
-9999 -9999 -9999 -9999 -9999 -9999 -9999 -9999 -9999 -9999 -9999 -9999 -9999 -9999 -9999 -9999 -9999 -9999 -9999 -9999 -9999 -9999 -9999 -9999 -9999 -9999 7.82888E-4 7.37544E-4 2.70134E-3 7.54488E-2 1.37463E-1 3.92947E-1 9.01978E-2 1.8983E-1 1.49288E-2 3.72997E-3 3.74816E-3 3.87858E-3 1.302E-2 5.09988E-2 4.35511E-3 2.34522E-4 3.68223E-4 1.27796E-4 1.27669E-4 1.47312E-4 4.54446E-4 7.09746E-5 3.33699E-3 2.95386E-3 1.63699E-4 1.26056E-2 5.61608E-2 1.3744E-2 1.69391E-2 2.71973E-3 3.81507E-5 4.76693E-5 9.29194E-5 1.47449E-4 5.11771E-5 5.95207E-5 2.23347E-5 1.44047E-3 1.70367E-3 4.62652E-3 2.99814E-4
-9999 -9999 -9999 -9999 -9999 -9999 -9999 -9999 -9999 -9999 -9999 -9999 -9999 -9999 -9999 -9999 -9999 -9999 -9999 -9999 -9999 -9999 -9999 -9999 -9999 -9999 -9999 2.68402E-2 1.31577E-3 9.38118E-2 1.38715E-1 1.09853E-1 1.20763E-1 3.95374E-3 5.11955E-3 1.00084E-1 1.1642E-2 1.20253E-2 2.29497E-3 9.61211E-3 3.44486E-3 2.33978E-4 1.07793E-4 1.65678E-4 5.40158E-4 4.25023E-4 1.48912E-4 1.30616E-4 1.61533E-4 2.52915E-3 2.26351E-3 2.05105E-3 1.10549E-2 2.43007E-3 2.38033E-3 2.32548E-3 4.87367E-5 4.08545E-5 8.62856E-5 1.60179E-4 2.59311E-4 8.00847E-5 2.24586E-4 2.40828E-4 2.56256E-4 3.96558E-3 4.06102E-3
-9999 -9999 -9999 -9999 -9999 -9999 -9999 -9999 -9999 -9999 -9999 -9999 -9999 -9999 -9999 -9999 -9999 -9999 -9999 -9999 -9999 -9999 -9999 -9999 -9999 -9999 3.72471E-2 1.36966E-1 6.9628E-2 7.99101E-2 3.91495E-3 1.13649E-2 5.73429E-4 3.49311E-3 1.0127E-2 5.92729E-2 3.20402E-3 3.46184E-3 9.66126E-3 1.25727E-2 1.21148E-2 3.57032E-3 9.27526E-5 2.67012E-4 5.88473E-5 2.09289E-4 1.31217E-4 1.76304E-4 5.25075E-5 3.04255E-3 2.4092E-3 2.81136E-3 1.36716E-2 1.22517E-2 1.34943E-2 1.43392E-2 2.21927E-3 9.77266E-5 1.15687E-4 4.08889E-5 1.89816E-3 2.63006E-4 2.51366E-4 4.84356E-3 3.22811E-4 3.74115E-3 4.07855E-3
-9999 -9999 -9999 -9999 -9999 -9999 -9999 -9999 -9999 -9999 -9999 -9999 -9999 -9999 -9999 -9999 -9999 -9999 -9999 -9999 -9999 -9999 -9999 -9999 -9999 -9999 3.06782E-2 1.08072E-1 9.05052E-2 4.67097E-2 2.28553E-2 8.57839E-3 1.24465E-2 3.88373E-4 3.92068E-3 2.75654E-3 1.1337E-2 5.1855E-4 3.12371E-3 5.76843E-3 1.24434E-2 3.45375E-3 8.93232E-5 3.48463E-4 2.22489E-3 1.85459E-4 1.35165E-4 6.22632E-5 1.09454E-4 3.72302E-3 2.76768E-3 2.81532E-3 2.56885E-3 1.21558E-2 1.36664E-2 2.84229E-3 4.92403E-5 4.8324E-5 8.58059E-5 3.26856E-5 5.48458E-5 2.50479E-3 6.25063E-5 3.51392E-5 3.62573E-5 3.1188E-4 3.67818E-3
-9999 -9999 -9999 -9999 -9999 -9999 -9999 -9999 -9999 -9999 -9999 -9999 -9999 -9999 -9999 -9999 -9999 -9999 -9999 -9999 -9999 -9999 -9999 -9999 -9999 -9999 -9999 1.36798E-1 1.02797E-1 1.51371E-2 7.25727E-4 1.37503E-2 1.23158E-2 4.22098E-4 4.23282E-3 2.99014E-3 2.3117E-4 2.16869E-4 2.09331E-4 3.29002E-3 4.05194E-3 4.46397E-3 3.78868E-3 4.24125E-3 3.10192E-3 1.75464E-4 2.12678E-4 8.11237E-5 1.15381E-4 5.36203E-5 5.71062E-5 2.88998E-3 2.35684E-3 8.09066E-3 1.03238E-2 1.9842E-4 1.05659E-4 9.60147E-5 2.91772E-4 7.86641E-5 5.65246E-5 3.4977E-5 1.00835E-4 3.25189E-4 1.09025E-4 2.93541E-4 4.11446E-3
-9999 -9999 -9999 -9999 -9999 -9999 -9999 -9999 -9999 -9999 -9999 -9999 -9999 -9999 -9999 -9999 -9999 -9999 -9999 -9999 -9999 -9999 -9999 -9999 -9999 -9999 -9999 1.54756E-1 1.81996E-2 2.27262E-2 6.74061E-4 4.03489E-4 1.17684E-2 1.53401E-2 4.92135E-4 3.91902E-4 2.2133E-4 3.92959E-4 4.13483E-4 4.40959E-3 5.15277E-3 5.04865E-3 4.11813E-4 2.01686E-4 2.39086E-4 2.36708E-4 2.35893E-4 2.44888E-4 1.16883E-4 1.34513E-4 9.14349E-5 9.7146E-5 1.01775E-2 2.90711E-3 1.32195E-2 2.54034E-3 6.11538E-5 6.09614E-5 1.0214E-4 1.13952E-4 3.54556E-5 4.97181E-5 3.23333E-4 3.93206E-4 9.16589E-4 6.25217E-4 2.47591E-4
-9999 -9999 -9999 -9999 -9999 -9999 -9999 -9999 -9999 -9999 -9999 -9999 -9999 -9999 -9999 -9999 -9999 -9999 -9999 -9999 -9999 -9999 -9999 -9999 -9999 -9999 -9999 1.42187E-1 8.16106E-2 1.78261E-2 2.6597E-2 6.72389E-4 2.87413E-4 1.62634E-2 1.9217E-2 2.94129E-4 2.7592E-4 4.05371E-4 4.37531E-4 2.82294E-4 4.79886E-3 2.72067E-4 3.86451E-4 7.55609E-4 6.84847E-4 1.74068E-4 2.3134E-4 3.83164E-3 7.59458E-5 5.06633E-5 1.22093E-4 1.36349E-4 2.42948E-3 2.24904E-4 9.20334E-5 7.00326E-5 6.73285E-5 6.08987E-5 1.13539E-4 2.50699E-4 2.91142E-4 2.57625E-4 3.40782E-4 9.15531E-4 8.65565E-4 3.07098E-4 2.53021E-4
-9999 -9999 -9999 -9999 -9999 -9999 -9999 -9999 -9999 -9999 -9999 -9999 -9999 -9999 -9999 -9999 -9999 -9999 -9999 -9999 -9999 -9999 -9999 -9999 -9999 -9999 -9999 1.40564E-2 4.67882E-4 5.48797E-4 4.46699E-4 3.63495E-4 3.78642E-4 2.03131E-4 4.69885E-4 3.84224E-4 3.02585E-4 2.96523E-4 4.79367E-4 3.2191E-3 3.35775E-4 4.55869E-4 4.12146E-4 6.43168E-4 6.69492E-4 1.93242E-4 9.08635E-5 2.7962E-4 3.40399E-4 2.0518E-4 2.28076E-4 2.16783E-4 6.04207E-5 3.75597E-3 8.21211E-5 6.24033E-5 3.60742E-3 3.781E-3 1.14199E-4 1.09644E-4 2.42354E-4 3.23068E-4 1.59601E-4 3.56662E-4 7.5455E-4 1.47506E-3 7.97072E-4
-9999 -9999 -9999 -9999 -9999 -9999 -9999 -9999 -9999 -9999 -9999 -9999 -9999 -9999 -9999 -9999 -9999 -9999 -9999 -9999 -9999 -9999 -9999 -9999 -9999 -9999 -9999 2.54524E-2 3.30999E-4 5.38512E-4 4.61959E-4 5.5162E-3 4.58049E-3 4.56828E-3 6.60189E-4 4.72438E-3 5.85808E-3 6.33359E-4 5.37046E-4 5.54185E-4 5.096E-4 4.60061E-4 3.6963E-4 2.15845E-4 2.23938E-4 2.10075E-4 1.85699E-4 2.94727E-3 3.50856E-3 3.73836E-3 3.94667E-3 4.10369E-3 3.61386E-3 2.75643E-3 1.37636E-4 1.12742E-4 9.83897E-5 1.17846E-4 1.29281E-4 1.29309E-4 1.79357E-4 1.37706E-4 3.37845E-4 8.31816E-4 3.01416E-4 3.7852E-4 8.71573E-4
-9999 -9999 -9999 -9999 -9999 -9999 -9999 -9999 -9999 -9999 -9999 -9999 -9999 -9999 -9999 -9999 -9999 -9999 -9999 -9999 -9999 -9999 -9999 -9999 -9999 -9999 -9999 4.4185E-3 6.26419E-4 4.00216E-4 3.73829E-4 2.23207E-4 4.51727E-3 3.755E-3 4.4763E-3 9.77156E-4 9.52399E-4 5.4965E-4 6.04268E-4 5.53138E-4 4.89112E-4 6.38058E-4 1.48439E-1 4.0346E-4 2.3052E-4 2.40463E-4 2.53679E-4 3.2926E-4 4.97928E-3 4.80715E-3 3.83321E-3 3.61251E-3 2.99355E-4 2.35777E-4 6.48106E-4 5.19805E-4 3.98283E-3 4.32028E-3 5.55582E-5 1.7955E-4 3.61006E-3 1.977E-4 1.12115E-4 4.18241E-4 3.77324E-4 2.43757E-4 3.01377E-4
-9999 -9999 -9999 -9999 -9999 -9999 -9999 -9999 -9999 -9999 -9999 -9999 -9999 -9999 -9999 -9999 -9999 -9999 -9999 -9999 -9999 -9999 -9999 -9999 -9999 -9999 -9999 4.01575E-3 7.17415E-4 3.66246E-4 3.51617E-4 4.13533E-3 3.12799E-3 4.75476E-3 4.83996E-3 4.22606E-3 2.90656E-2 1.04608E-3 6.04999E-4 9.57946E-4 2.67662E-4 5.88891E-4 1.279E-1 2.62519E-4 2.50469E-4 2.10209E-4 2.02328E-4 1.79783E-4 4.55677E-3 1.397E-2 3.42268E-4 2.70998E-4 2.5739E-4 2.01704E-4 6.48487E-4 6.37796E-4 7.91479E-5 4.00418E-3 2.41198E-4 3.05102E-3 4.36225E-3 1.58507E-4 2.35157E-4 4.18874E-4 3.61842E-4 2.03913E-4 3.8352E-4
-9999 -9999 -9999 -9999 -9999 -9999 -9999 -9999 -9999 -9999 -9999 -9999 -9999 -9999 -9999 -9999 -9999 -9999 -9999 -9999 -9999 -9999 -9999 -9999 -9999 -9999 -9999 6.33958E-4 5.91094E-4 7.51646E-4 5.10449E-4 4.68709E-3 1.7252E-3 1.67775E-3 1.64724E-3 2.76401E-4 6.61322E-4 1.09665E-3 2.99586E-3 5.52209E-4 2.78545E-4 2.33431E-4 3.0775E-4 2.75883E-4 1.02344E-3 1.19017E-3 8.22669E-4 8.09126E-4 2.75653E-4 4.16402E-3 3.23091E-4 3.87601E-3 3.19799E-4 2.71988E-4 2.97232E-4 6.713E-4 6.54033E-5 2.58276E-4 2.50757E-4 2.32319E-4 4.48568E-3 2.27284E-4 1.38674E-4 4.87783E-4 1.2407E-4 1.14262E-4 1.53413E-4
-9999 -9999 -9999 -9999 -9999 -9999 -9999 -9999 -9999 -9999 -9999 -9999 -9999 -9999 -9999 -9999 -9999 -9999 -9999 -9999 -9999 -9999 -9999 -9999 -9999 -9999 -9999 -9999 5.28304E-4 3.94774E-4 5.62636E-4 2.85773E-4 9.22353E-2 2.51614E-4 2.6562E-4 2.56237E-4 3.89955E-4 1.24357E-3 1.08173E-3 6.16877E-4 3.04627E-4 1.16088E-3 2.76384E-4 1.13735E-3 1.15116E-3 2.71515E-3 2.63218E-3 7.40642E-4 7.20403E-4 7.19783E-5 4.52446E-3 4.77282E-3 4.7739E-3 2.90371E-4 2.15028E-4 2.79696E-4 7.59904E-4 6.07924E-5 6.42912E-5 2.20431E-4 4.07349E-4 1.98776E-4 6.54972E-5 1.43081E-4 3.46789E-4 3.41381E-4 5.75002E-4
-9999 -9999 -9999 -9999 -9999 -9999 -9999 -9999 -9999 -9999 -9999 -9999 -9999 -9999 -9999 -9999 -9999 -9999 -9999 -9999 -9999 -9999 -9999 -9999 -9999 -9999 -9999 -9999 5.80458E-4 5.33926E-4 1.56439E-3 3.5949E-4 6.55587E-4 2.77306E-4 5.57239E-4 3.12797E-4 3.77943E-4 2.98596E-4 2.85858E-4 3.24408E-4 3.64628E-4 3.64064E-4 3.26683E-4 1.3533E-3 1.26604E-3 1.02729E-3 8.48183E-4 7.11797E-4 3.30151E-4 2.48238E-4 2.39444E-4 3.0727E-4 3.56589E-4 3.39247E-4 2.50004E-4 2.3607E-4 1.07981E-3 2.20248E-4 2.24799E-4 6.41647E-4 1.09763E-3 6.27001E-4 4.22835E-4 3.9047E-4 1.35503E-4 1.36919E-4 4.7392E-4
-9999 -9999 -9999 -9999 -9999 -9999 -9999 -9999 -9999 -9999 -9999 -9999 -9999 -9999 -9999 -9999 -9999 -9999 -9999 -9999 -9999 -9999 -9999 -9999 -9999 -9999 -9999 4.18378E-4 3.66496E-4 6.48577E-4 5.6003E-4 5.44758E-4 2.38149E-2 5.53954E-4 2.35124E-4 3.58676E-3 2.80657E-4 4.9909E-3 1.04651E-2 1.03421E-2 5.74201E-3 3.14361E-4 3.43782E-4 1.31559E-3 1.3737E-3 8.11954E-4 8.97838E-4 8.53364E-4 1.06235E-3 9.35359E-4 8.93648E-4 3.98537E-4 4.03257E-4 1.25244E-4 2.53531E-4 7.13024E-4 1.07246E-3 9.46598E-4 8.82109E-4 8.73255E-4 2.29684E-4 2.30326E-4 7.04372E-4 1.10037E-3 5.40781E-4 5.16137E-4 1.43653E-3
-9999 -9999 -9999 -9999 -9999 -9999 -9999 -9999 -9999 -9999 -9999 -9999 -9999 -9999 -9999 -9999 -9999 -9999 -9999 -9999 -9999 -9999 -9999 -9999 -9999 -9999 -9999 5.54901E-3 7.29993E-4 6.8022E-4 3.67678E-4 4.3092E-4 4.98487E-4 5.11273E-4 3.06442E-4 3.02586E-4 3.06595E-4 2.765E-4 3.588E-3 3.6267E-3 4.41939E-3 3.54594E-4 3.98696E-4 1.57454E-3 1.202E-3 9.23805E-4 8.5268E-4 9.07414E-4 1.31523E-3 1.04633E-3 3.57304E-4 2.71994E-4 2.539E-4 9.96596E-5 2.67152E-4 7.8686E-4 1.16238E-3 7.29738E-4 7.48802E-4 7.56535E-4 1.87476E-4 2.36136E-4 5.82412E-4 6.63539E-4 6.16121E-4 6.60971E-4 6.15887E-4
-9999 -9999 -9999 -9999 -9999 -9999 -9999 -9999 -9999 -9999 -9999 -9999 -9999 -9999 -9999 -9999 -9999 -9999 -9999 -9999 -9999 -9999 -9999 -9999 -9999 -9999 -9999 5.23214E-3 3.79672E-3 4.28011E-4 4.39738E-4 3.95405E-4 1.5522E-3 5.98636E-4 4.47999E-4 3.2327E-4 3.23311E-4 2.72365E-4 5.77419E-4 5.90306E-4 1.47936E-4 2.70326E-4 1.628E-4 1.65397E-3 1.03992E-3 2.60659E-4 3.23077E-4 9.43269E-4 1.06426E-3 9.29632E-4 3.66545E-3 1.0506E-3 9.32452E-4 1.16983E-3 1.014E-3 1.19133E-3 1.46727E-3 2.57819E-4 2.09908E-4 2.2744E-4 1.84967E-4 3.15356E-4 7.19787E-4 5.84028E-4 6.9254E-4 3.3205E-3 2.64738E-4
-9999 -9999 -9999 -9999 -9999 -9999 -9999 -9999 -9999 -9999 -9999 -9999 -9999 -9999 -9999 -9999 -9999 -9999 -9999 -9999 -9999 -9999 -9999 -9999 -9999 -9999 -9999 7.75241E-4 5.81754E-4 7.51988E-4 2.42099E-3 5.60606E-4 5.13777E-4 4.6617E-4 4.02876E-4 3.32055E-4 3.45522E-4 3.24088E-4 3.0323E-4 2.93317E-4 1.59191E-4 1.4514E-4 3.66169E-4 1.65195E-3 1.68154E-3 1.4501E-3 1.22949E-3 1.11815E-3 1.0863E-3 1.07745E-3 3.59883E-3 1.01506E-3 1.14329E-3 1.15965E-3 1.13127E-3 1.29831E-3 1.22884E-3 8.24995E-4 7.6855E-4 2.21515E-4 6.61118E-4 2.50413E-4 1.01669E-3 7.86253E-4 7.86071E-4 1.17114E-3 3.4025E-4
-9999 -9999 -9999 -9999 -9999 -9999 -9999 -9999 -9999 -9999 -9999 -9999 -9999 -9999 -9999 -9999 -9999 -9999 -9999 -9999 -9999 -9999 -9999 -9999 -9999 -9999 -9999 5.96666E-4 6.16798E-3 3.65826E-4 4.89969E-4 5.07228E-4 6.30062E-4 5.47772E-4 4.75699E-4 2.07642E-3 1.68816E-3 1.83664E-3 1.63639E-3 1.58298E-3 3.76838E-4 3.20838E-4 3.26501E-4 1.10785E-3 1.26652E-3 1.44345E-3 1.03325E-3 1.3196E-3 1.15823E-3 3.57901E-4 4.33265E-4 3.56549E-4 3.60054E-4 2.80807E-4 2.92082E-4 1.6326E-3 9.77061E-4 8.6333E-4 2.58544E-4 1.97073E-4 1.69743E-4 5.88832E-4 5.2848E-4 6.83943E-4 2.92837E-4 4.27857E-4 3.19488E-4
-9999 -9999 -9999 -9999 -9999 -9999 -9999 -9999 -9999 -9999 -9999 -9999 -9999 -9999 -9999 -9999 -9999 -9999 -9999 -9999 -9999 -9999 -9999 -9999 -9999 -9999 -9999 6.27087E-3 -9999 6.44626E-3 5.66228E-4 5.40746E-3 2.6723E-4 8.1347E-3 5.04601E-4 4.44078E-4 2.1596E-4 1.96033E-3 5.47088E-4 4.77308E-4 1.40614E-3 3.32088E-4 3.9205E-4 1.42876E-3 1.44857E-3 2.24171E-4 1.27962E-4 1.46489E-3 1.1407E-3 3.06713E-4 2.86156E-4 2.89176E-4 2.65411E-4 2.75066E-4 1.38257E-3 1.3739E-3 1.07719E-3 1.08216E-3 9.27326E-4 6.48214E-4 8.69455E-4 2.0066E-3 1.05139E-3 1.18978E-3 3.70567E-3 7.91241E-4 3.4424E-4
-9999 -9999 -9999 -9999 -9999 -9999 -9999 -9999 -9999 -9999 -9999 -9999 -9999 -9999 -9999 -9999 -9999 -9999 -9999 -9999 -9999 -9999 -9999 -9999 -9999 -9999 -9999 5.91615E-3 1.21414E-2 9.62017E-3 8.32824E-3 6.55211E-3 4.47169E-3 8.73481E-3 3.29603E-4 3.66647E-4 4.56665E-4 6.87542E-4 1.98083E-4 3.42572E-4 4.30067E-4 1.76096E-3 1.34581E-3 1.78542E-3 1.40054E-4 3.13922E-4 1.38602E-4 2.05699E-4 1.0032E-3 1.03235E-3 1.18783E-3 1.61513E-3 1.2956E-3 1.05086E-3 2.77403E-4 1.01855E-3 9.51424E-4 9.88021E-4 2.90139E-4 2.34626E-4 1.52346E-3 1.87958E-3 1.45084E-3 1.44669E-3 1.11201E-3 9.28484E-4 8.885E-4
