ENM/Final_Models/M_2_F_lq_Set_1_E/Gustavia_santanderiensis_1_Choco.asc
ncols         367
nrows         963
xllcorner     -78.6
yllcorner     0.65
cellsize      0.00833333333333323
NODATA_value  -9999
[rows 238 to 271 of 963, columns 225 to 299 of 367]
9.99999E-1 1E0 1E0 1E0 1E0 1E0 1E0 1E0 1E0 1E0 9.99932E-1 5.00886E-1 4.36218E-1 1.45487E-1 3.10717E-2 2.22072E-2 1.89717E-1 2.09507E-1 2.29377E-1 5.75163E-1 8.64274E-1 8.3975E-1 6.0748E-1 7.06653E-1 7.9914E-1 9.14405E-1 9.68365E-1 9.98436E-1 9.94603E-1 9.66643E-1 9.00508E-1 9.25446E-1 9.6539E-1 9.7387E-1 9.9122E-1 9.95889E-1 7.59897E-1 7.00485E-1 5.21707E-1 4.43772E-1 4.05844E-1 4.32972E-1 2.81891E-1 2.20655E-1 1.13814E-1 7.29893E-2 8.23832E-2 7.81813E-2 1.3342E-1 5.38057E-2 3.43951E-2 1.28387E-3 1.60474E-4 1.20517E-3 2.39667E-3 9.99284E-4 3.636E-4 9.09628E-4 1.47822E-3 5.72754E-4 9.24513E-5 4.69411E-6 1.51408E-7 3.25548E-7 5.37442E-5 2.89883E-6 3.98874E-6 1.22213E-6 1.3055E-5 -9999 -9999 -9999 -9999 -9999 -9999
9.99773E-1 9.99952E-1 1E0 1E0 1E0 1E0 1E0 1E0 1E0 1E0 9.99888E-1 8.54199E-1 6.33048E-1 3.38146E-1 6.40862E-2 2.15489E-2 1.31951E-1 1.31146E-1 1.68364E-1 7.09131E-1 9.48751E-1 7.5369E-1 6.02112E-1 5.64958E-1 4.37475E-1 5.79495E-1 9.83829E-1 9.7566E-1 9.95908E-1 8.21831E-1 8.29274E-1 8.57787E-1 8.66293E-1 9.93479E-1 9.97271E-1 9.98421E-1 8.39912E-1 7.32169E-1 8.21087E-1 2.69541E-1 3.08891E-1 3.68628E-1 4.31633E-1 1.89362E-1 8.67763E-2 1.16136E-1 1.18072E-1 1.95879E-2 8.25122E-2 2.14118E-2 8.38198E-3 6.38116E-4 5.75129E-4 3.68386E-3 2.20848E-3 8.03873E-4 1.30561E-3 8.34689E-4 2.83962E-4 3.53993E-4 1.07782E-4 1.52097E-6 -9999 -9999 1.51572E-6 1.17372E-7 2.0312E-8 1.71251E-6 -9999 -9999 -9999 -9999 -9999 -9999 -9999
9.99998E-1 9.99999E-1 1E0 1E0 1E0 1E0 9.99999E-1 1E0 1E0 1E0 1E0 8.96384E-1 6.444E-1 5.22843E-1 3.1458E-1 4.45808E-2 3.32625E-2 2.64534E-1 3.25627E-1 5.40993E-1 6.28179E-1 8.01961E-1 8.56582E-1 8.44319E-1 6.37479E-1 8.19751E-1 8.77096E-1 8.94662E-1 9.70614E-1 8.97015E-1 8.19226E-1 8.43784E-1 9.53289E-1 9.39644E-1 9.98096E-1 9.97077E-1 9.6109E-1 6.46772E-1 5.84292E-1 3.96505E-1 2.20683E-1 3.44138E-1 3.85244E-1 1.23053E-1 1.30847E-1 1.10452E-1 8.28254E-2 3.11004E-2 4.46281E-2 1.51785E-2 7.55933E-3 4.76735E-3 2.06318E-3 3.13539E-3 4.25669E-3 7.94333E-4 4.28249E-4 5.63397E-4 3.74851E-5 3.39001E-6 1.17048E-6 5.00436E-7 4.20867E-7 1.78941E-8 -9999 1.71152E-7 -9999 -9999 -9999 -9999 -9999 -9999 -9999 -9999 -9999
1E0 1E0 1E0 1E0 9.99999E-1 1E0 1E0 1E0 1E0 1E0 1E0 9.99354E-1 8.51872E-1 6.8471E-1 4.49275E-1 5.34075E-2 3.98721E-2 1.79825E-1 2.47914E-1 4.25737E-1 7.13112E-1 7.91269E-1 9.0769E-1 9.58505E-1 7.48499E-1 9.45327E-1 8.08005E-1 8.62315E-1 8.96106E-1 8.54888E-1 7.06896E-1 8.87046E-1 9.65819E-1 9.73166E-1 9.89008E-1 9.99497E-1 9.46689E-1 7.28585E-1 7.11775E-1 4.06067E-1 2.7405E-1 2.0492E-1 2.09563E-1 1.17745E-1 8.08672E-2 6.03608E-2 5.55243E-2 1.72153E-2 1.10957E-2 2.87525E-3 3.83639E-3 5.42482E-3 6.75099E-3 8.2733E-3 1.43642E-3 3.69886E-4 2.24782E-4 1.23905E-3 1.12334E-4 7.43477E-5 1.0528E-5 1.75577E-7 1.37817E-8 1.16811E-8 7.36575E-7 -9999 -9999 -9999 -9999 -9999 -9999 -9999 -9999 -9999 -9999
1E0 9.99998E-1 1E0 1E0 1E0 1E0 1E0 1E0 1E0 1E0 1E0 1E0 9.99948E-1 9.78998E-1 3.41125E-1 2.25669E-2 1.92869E-2 8.14519E-2 2.54337E-1 4.32614E-1 8.02762E-1 8.75078E-1 9.78571E-1 9.09735E-1 5.63174E-1 6.94859E-1 6.79534E-1 9.39635E-1 8.78636E-1 7.36772E-1 7.29227E-1 9.69889E-1 9.95574E-1 9.99781E-1 9.99031E-1 9.99842E-1 9.62492E-1 9.57311E-1 9.35461E-1 3.15452E-1 1.8033E-1 1.31264E-1 1.47199E-1 1.89788E-1 8.06292E-2 4.66396E-2 2.44587E-2 1.59415E-2 1.32714E-2 8.83614E-4 1.03307E-3 1.34196E-3 3.91824E-3 2.42485E-3 3.32596E-3 3.24031E-3 9.98599E-4 1.67802E-3 9.92589E-4 3.04738E-4 2.29504E-5 3.79787E-7 2.13095E-7 1.78182E-8 1.62677E-7 -9999 -9999 -9999 -9999 -9999 -9999 -9999 -9999 -9999 -9999
1E0 1E0 1E0 1E0 1E0 1E0 1E0 1E0 1E0 1E0 1E0 1E0 9.99692E-1 9.97042E-1 4.15447E-1 4.68658E-2 2.3503E-2 5.23352E-2 1.92234E-1 3.34214E-1 6.4912E-1 7.75481E-1 9.88296E-1 8.9903E-1 8.78521E-1 9.56366E-1 9.16154E-1 5.82578E-1 9.58777E-1 9.02603E-1 9.88259E-1 9.9442E-1 9.99606E-1 1E0 9.99983E-1 9.9596E-1 9.43388E-1 9.46887E-1 9.82202E-1 4.44273E-1 2.96883E-1 1.50706E-1 1.65183E-1 2.12611E-1 6.95243E-2 1.81801E-2 2.03325E-2 4.75144E-3 1.72027E-2 8.44974E-3 1.63044E-3 8.77799E-4 6.9252E-4 9.68917E-3 1.54189E-3 8.17163E-4 1.1447E-3 1.09621E-3 1.33343E-3 6.29223E-4 7.27666E-5 4.7676E-6 5.49868E-6 9.90152E-7 -9999 -9999 -9999 -9999 -9999 -9999 -9999 -9999 -9999 -9999 -9999
1E0 1E0 1E0 1E0 1E0 1E0 1E0 1E0 1E0 1E0 1E0 1E0 9.99707E-1 9.99699E-1 7.6565E-1 8.09499E-2 7.46332E-2 1.77842E-1 3.43861E-1 4.86771E-1 7.77871E-1 9.98908E-1 9.9651E-1 9.70636E-1 9.09381E-1 9.84655E-1 9.28268E-1 7.6001E-1 9.40923E-1 9.5601E-1 9.88574E-1 9.97469E-1 9.99791E-1 9.99953E-1 9.97165E-1 9.81075E-1 9.84331E-1 9.88228E-1 9.88023E-1 3.8841E-1 2.72811E-1 3.69898E-1 3.22557E-1 1.53384E-1 5.7695E-2 3.03963E-2 4.27551E-2 2.48429E-2 1.76058E-2 1.55158E-2 8.87143E-3 7.17115E-3 1.52307E-4 5.94851E-4 3.20457E-3 2.05378E-3 4.01554E-4 2.97972E-4 4.43492E-4 5.94308E-4 1.98244E-3 7.67196E-4 8.77985E-5 1.34935E-5 8.30081E-7 -9999 -9999 -9999 -9999 -9999 -9999 -9999 -9999 -9999 -9999
1E0 1E0 1E0 1E0 1E0 1E0 1E0 1E0 1E0 1E0 1E0 1E0 9.9923E-1 9.5318E-1 3.61912E-1 1.12311E-1 5.8757E-2 1.56161E-1 4.4261E-1 4.70772E-1 8.97759E-1 9.99947E-1 9.98043E-1 8.8306E-1 9.65679E-1 7.09995E-1 6.06283E-1 8.98148E-1 6.96762E-1 9.40088E-1 9.99965E-1 9.99996E-1 9.99881E-1 9.99971E-1 9.77998E-1 9.87717E-1 9.85141E-1 7.2499E-1 8.53664E-1 5.22015E-1 1.09182E-1 1.4221E-1 6.33195E-1 1.96593E-1 1.65903E-1 1.3089E-1 1.00768E-1 3.66408E-2 3.0976E-2 5.59385E-3 4.15172E-3 2.92047E-3 1.53097E-3 1.15843E-4 1.44262E-3 5.08311E-4 4.53762E-5 1.13546E-4 1.61587E-4 2.2589E-4 1.02322E-3 3.45195E-4 2.88845E-5 5.34208E-6 2.9527E-7 2.85904E-8 -9999 -9999 -9999 -9999 -9999 -9999 -9999 -9999 -9999
1E0 1E0 1E0 1E0 1E0 1E0 1E0 1E0 1E0 1E0 1E0 1E0 9.9962E-1 7.73143E-1 2.0295E-1 2.30997E-2 7.413E-2 2.7795E-1 5.62504E-1 8.94467E-1 8.73288E-1 9.97821E-1 9.96372E-1 9.68326E-1 9.91545E-1 8.16331E-1 7.83149E-1 7.16069E-1 8.7058E-1 9.12626E-1 9.1343E-1 8.90205E-1 9.75401E-1 9.521E-1 9.62467E-1 9.13378E-1 8.92073E-1 6.62462E-1 8.0702E-1 4.07795E-1 1.04519E-1 4.54555E-1 5.58546E-1 1.61583E-1 1.06596E-1 5.0713E-2 9.84225E-3 2.51406E-2 4.52008E-2 1.88833E-2 1.04677E-2 1.13872E-2 1.19232E-3 6.63026E-5 5.59893E-5 1.00951E-5 3.53012E-5 9.5716E-6 4.02287E-6 3.02212E-5 6.32637E-5 2.31659E-4 1.49969E-4 1.97294E-5 1.06776E-5 9.70236E-8 -9999 -9999 -9999 -9999 -9999 -9999 -9999 -9999 -9999
1E0 1E0 1E0 1E0 1E0 1E0 1E0 1E0 1E0 1E0 1E0 1E0 1E0 9.56909E-1 3.33537E-1 7.19676E-2 8.24703E-2 2.58005E-1 4.58139E-1 8.54913E-1 9.99999E-1 9.99967E-1 9.96959E-1 9.99983E-1 7.69982E-1 5.48531E-1 4.31638E-1 4.35945E-1 8.04995E-1 8.37583E-1 5.80965E-1 5.29012E-1 4.45407E-1 5.63482E-1 6.34373E-1 5.38672E-1 8.64912E-1 8.4528E-1 5.1141E-1 3.35562E-1 2.93391E-1 4.11035E-1 4.70109E-1 3.74078E-1 1.76311E-1 5.74813E-2 2.44297E-2 2.92594E-2 2.0712E-2 9.70084E-3 1.21683E-3 3.27354E-4 4.19424E-4 2.82399E-5 1.16541E-4 2.2151E-6 8.40618E-6 1.77255E-6 7.03514E-7 6.27627E-7 1.99149E-6 3.71781E-7 1.79328E-5 1.28044E-5 4.29813E-6 1.48453E-7 -9999 -9999 -9999 -9999 -9999 -9999 -9999 -9999 -9999
1E0 1E0 1E0 1E0 1E0 1E0 1E0 1E0 1E0 1E0 1E0 1E0 1E0 9.95985E-1 5.13518E-1 6.7819E-2 1.59125E-1 5.4458E-1 8.35789E-1 8.1539E-1 9.99999E-1 9.99955E-1 9.95898E-1 9.99656E-1 7.07962E-1 7.18389E-1 3.08067E-1 3.95335E-1 5.11987E-1 8.66845E-1 5.07517E-1 4.14889E-1 4.18136E-1 4.89688E-1 6.01136E-1 3.51121E-1 5.94535E-1 9.32059E-1 4.67061E-1 3.2267E-1 3.22073E-1 3.25676E-1 5.20303E-1 3.4591E-1 5.28675E-1 7.73355E-2 2.76808E-2 3.40382E-2 3.53392E-2 6.90413E-3 5.4129E-4 1.62229E-4 2.39301E-4 3.57401E-5 9.39791E-5 4.2171E-6 4.25829E-5 1.67483E-5 1.47347E-6 3.36672E-7 3.28544E-7 1.09837E-7 1.1702E-6 -9999 -9999 -9999 -9999 -9999 -9999 -9999 -9999 -9999 -9999 -9999 -9999
1E0 1E0 1E0 1E0 1E0 1E0 1E0 1E0 1E0 1E0 1E0 1E0 1E0 9.313E-1 6.17785E-1 4.65723E-1 8.34163E-1 9.99963E-1 9.77352E-1 9.99997E-1 1E0 9.99955E-1 9.39599E-1 9.99852E-1 7.01727E-1 5.91691E-1 4.56062E-1 4.08517E-1 5.84185E-1 5.74377E-1 5.1128E-1 5.54292E-1 8.12512E-1 7.61093E-1 8.65642E-1 6.36837E-1 3.88829E-1 9.27167E-1 5.86075E-1 3.20262E-1 2.01049E-1 3.4964E-1 3.67961E-1 5.90882E-1 6.23934E-1 1.61498E-1 7.62166E-2 3.54707E-2 1.81926E-2 6.44683E-3 2.40001E-3 1.2727E-4 7.39847E-5 1.42456E-4 2.69776E-4 2.00308E-4 4.80245E-4 1.92234E-4 4.08763E-5 2.28668E-6 4.42777E-7 6.62422E-8 -9999 -9999 -9999 -9999 -9999 -9999 -9999 -9999 -9999 -9999 -9999 -9999 -9999
1E0 1E0 1E0 1E0 1E0 1E0 1E0 1E0 1E0 1E0 1E0 1E0 1E0 1E0 1E0 1E0 1E0 1E0 1E0 1E0 1E0 9.9967E-1 9.99723E-1 9.99299E-1 7.3873E-1 7.35976E-1 8.23104E-1 8.33187E-1 7.62161E-1 8.13281E-1 7.61343E-1 9.56732E-1 6.33945E-1 7.4587E-1 8.8199E-1 8.13445E-1 3.70238E-1 8.66915E-1 4.13745E-1 3.11723E-1 2.5299E-1 8.06539E-2 2.52191E-1 5.08708E-1 4.86424E-1 2.30755E-1 1.49207E-1 2.68527E-2 1.21706E-2 1.37115E-2 2.61208E-3 2.36896E-4 1.6844E-4 3.87203E-4 1.42574E-3 2.34964E-3 1.61378E-3 1.94544E-4 1.45719E-4 3.53761E-5 5.12271E-6 4.12777E-6 -9999 -9999 -9999 -9999 3.18366E-7 1.51621E-7 -9999 -9999 -9999 -9999 -9999 -9999 -9999
1E0 1E0 1E0 1E0 1E0 1E0 1E0 1E0 1E0 1E0 1E0 1E0 1E0 1E0 1E0 1E0 1E0 1E0 1E0 9.99113E-1 9.99953E-1 9.51085E-1 6.51211E-1 9.95887E-1 9.21177E-1 6.08619E-1 4.35847E-1 4.9996E-1 6.93905E-1 9.72542E-1 8.13865E-1 8.73035E-1 9.78264E-1 9.33689E-1 9.99613E-1 9.55441E-1 8.03288E-1 8.65687E-1 6.05161E-1 3.77378E-1 6.85791E-2 1.12293E-1 3.26595E-1 4.66393E-1 4.4768E-1 2.90837E-1 1.40188E-1 2.64607E-2 1.11426E-2 1.0567E-2 5.08526E-3 3.00069E-3 3.94117E-3 1.65642E-3 1.81877E-3 2.72738E-3 1.38099E-4 1.74388E-4 6.19249E-5 2.11764E-5 2.68404E-6 -9999 -9999 3.39178E-8 1.51114E-7 1.7366E-7 1.39716E-6 1.31164E-7 -9999 -9999 -9999 -9999 -9999 -9999 -9999
1E0 1E0 1E0 1E0 1E0 1E0 1E0 1E0 1E0 1E0 1E0 1E0 1E0 1E0 1E0 1E0 9.99983E-1 9.99656E-1 1E0 9.98399E-1 9.95514E-1 9.45354E-1 8.23292E-1 8.06253E-1 9.89986E-1 8.48551E-1 6.26477E-1 7.47927E-1 6.30283E-1 7.6281E-1 8.3962E-1 9.92123E-1 9.99962E-1 9.99994E-1 9.96856E-1 9.85817E-1 9.77854E-1 7.38634E-1 4.11077E-1 4.10387E-1 1.00197E-1 2.13085E-1 2.46302E-1 6.6642E-1 4.18229E-1 5.29585E-1 3.41622E-1 1.42595E-1 7.09619E-2 5.19873E-3 9.17774E-3 1.4029E-2 1.59711E-2 9.36122E-3 3.03125E-3 5.03116E-3 1.59658E-4 1.34253E-4 3.13566E-5 1.00022E-5 3.21384E-6 9.29902E-7 5.38428E-7 1.74245E-6 1.33568E-6 2.27115E-6 4.26396E-7 1.95168E-5 4.44201E-6 -9999 -9999 -9999 -9999 -9999 -9999
1E0 1E0 1E0 1E0 1E0 1E0 1E0 1E0 1E0 1E0 1E0 1E0 1E0 1E0 1E0 1E0 1E0 9.97636E-1 9.99989E-1 9.99997E-1 9.99806E-1 9.99762E-1 9.47179E-1 9.15104E-1 7.2929E-1 9.80241E-1 7.29515E-1 5.81198E-1 8.56356E-1 8.47992E-1 8.96214E-1 9.99904E-1 9.99997E-1 9.99897E-1 9.99768E-1 9.98748E-1 9.41234E-1 6.08734E-1 4.50225E-1 4.99362E-1 4.81032E-1 3.00855E-1 5.67799E-1 5.68044E-1 5.29228E-1 3.15095E-1 4.91671E-1 3.97013E-1 1.92515E-1 4.3811E-2 4.83329E-3 2.09769E-3 1.3121E-2 2.87686E-3 5.22672E-3 1.05346E-3 1.26049E-3 8.32211E-4 2.23844E-4 1.06443E-5 1.87599E-5 3.32569E-5 1.28354E-6 4.50713E-6 8.77728E-6 2.8081E-6 1.87383E-5 2.62913E-6 9.60008E-6 -9999 -9999 -9999 -9999 -9999 -9999
1E0 1E0 1E0 1E0 1E0 1E0 1E0 1E0 1E0 1E0 1E0 1E0 1E0 1E0 1E0 1E0 9.96745E-1 6.91226E-1 9.89476E-1 9.86161E-1 1E0 9.91575E-1 9.96932E-1 9.99876E-1 7.86538E-1 9.98951E-1 9.05052E-1 8.27628E-1 6.95403E-1 6.47719E-1 8.19919E-1 9.9925E-1 1E0 9.96288E-1 1E0 8.38874E-1 9.43804E-1 7.21483E-1 5.62477E-1 3.6908E-1 4.6952E-1 3.7683E-1 5.83542E-1 3.24601E-1 4.6361E-1 4.01486E-1 2.97718E-1 1.73446E-1 3.57096E-1 1.7502E-1 5.06093E-2 5.73804E-3 1.79817E-2 1.71009E-2 1.89374E-3 2.04751E-3 2.36323E-3 3.80336E-4 4.45889E-5 6.31489E-5 5.9534E-5 7.13203E-5 8.75941E-5 2.00942E-5 6.68827E-6 6.35951E-6 8.66386E-6 1.54427E-5 7.6363E-7 3.50964E-6 -9999 -9999 -9999 -9999 -9999
1E0 1E0 1E0 1E0 1E0 1E0 1E0 1E0 1E0 1E0 1E0 1E0 1E0 1E0 9.99998E-1 9.99396E-1 7.18121E-1 4.00929E-1 7.90004E-1 9.89478E-1 1E0 9.99716E-1 9.57014E-1 9.67684E-1 8.65564E-1 9.98138E-1 9.96819E-1 9.82841E-1 9.88589E-1 9.82596E-1 8.19524E-1 9.743E-1 9.97172E-1 9.99986E-1 9.99999E-1 8.49302E-1 8.40879E-1 8.05468E-1 4.6481E-1 4.09007E-1 3.9862E-1 4.47286E-1 5.29846E-1 3.86828E-1 2.8571E-1 4.00812E-1 4.32959E-1 1.93439E-1 2.48094E-1 1.94665E-1 9.58938E-2 1E-2 6.117E-3 2.37968E-3 6.07756E-4 1.77418E-3 6.25348E-4 9.7328E-5 1.04955E-4 7.4224E-5 7.70357E-4 2.01781E-4 1.47554E-4 1.6875E-5 3.97457E-6 1.77959E-5 8.0972E-5 5.48025E-5 9.18455E-6 1.01801E-6 -9999 -9999 -9999 -9999 -9999
1E0 1E0 1E0 1E0 1E0 1E0 1E0 1E0 1E0 1E0 1E0 1E0 1E0 1E0 9.6908E-1 4.75037E-1 2.55875E-1 4.03385E-1 5.94116E-1 6.68102E-1 9.96447E-1 9.99995E-1 9.95884E-1 9.99998E-1 9.0834E-1 1E0 9.99979E-1 9.92597E-1 9.99667E-1 9.03131E-1 9.51485E-1 9.65433E-1 9.55085E-1 9.89351E-1 9.43017E-1 7.32449E-1 8.46777E-1 7.90482E-1 5.27028E-1 5.77582E-1 4.5122E-1 2.74881E-1 3.2884E-1 2.24232E-1 2.58589E-1 2.85547E-1 2.55559E-1 1.78079E-1 9.64154E-2 7.96212E-2 3.53795E-2 3.31457E-3 5.57465E-4 1.64881E-4 3.59003E-4 2.9124E-4 1.21954E-4 2.11768E-4 3.13723E-4 1.15226E-4 4.08453E-5 1.0532E-5 4.11245E-6 1.62856E-5 1.48564E-5 1.11072E-5 4.45979E-5 4.55782E-5 4.78892E-5 2.1037E-5 2.1129E-5 -9999 -9999 -9999 -9999
1E0 1E0 1E0 1E0 1E0 1E0 1E0 1E0 1E0 1E0 1E0 1E0 1E0 9.82714E-1 3.86416E-1 3.74563E-1 3.85405E-1 5.19406E-1 8.0951E-1 9.20523E-1 8.74652E-1 8.83643E-1 9.85992E-1 9.99995E-1 7.81754E-1 9.99522E-1 6.50429E-1 8.7302E-1 8.36557E-1 6.03321E-1 9.71121E-1 9.58072E-1 9.9747E-1 8.84229E-1 6.10504E-1 5.80877E-1 7.64815E-1 6.72878E-1 3.79366E-1 2.51421E-1 2.1419E-1 1.90518E-1 1.53261E-1 3.97723E-1 3.75745E-1 2.02409E-1 1.24115E-1 1.13758E-1 1.06976E-1 9.99291E-2 3.73294E-2 5.22889E-3 4.81898E-3 6.81896E-3 3.6614E-3 3.47594E-2 1.21572E-3 3.8247E-3 4.75499E-3 1.32011E-3 2.90394E-4 1.59207E-4 1.71393E-5 5.38885E-5 6.72095E-6 2.75125E-5 6.81759E-5 1.27846E-4 1.56874E-4 6.86183E-5 3.61308E-5 3.22921E-5 -9999 -9999 -9999
1E0 1E0 1E0 1E0 1E0 1E0 1E0 1E0 1E0 1E0 1E0 1E0 1E0 9.99902E-1 8.99806E-1 7.26095E-1 1.54285E-1 9.1972E-2 5.70221E-1 9.40484E-1 8.79193E-1 9.29756E-1 9.99995E-1 9.98468E-1 9.02751E-1 9.94129E-1 6.93079E-1 5.32701E-1 6.76672E-1 5.20789E-1 4.61691E-1 8.3743E-1 7.86162E-1 3.50973E-1 2.33216E-1 2.50757E-1 4.66926E-1 5.34639E-1 3.85669E-1 4.49712E-1 4.59563E-1 3.83448E-1 2.78858E-1 3.35854E-1 3.51124E-1 1.59726E-1 2.28704E-1 2.18101E-1 2.10579E-1 1.98003E-1 8.8501E-2 9.27828E-3 1.23155E-2 1.2973E-2 1.02517E-2 9.51132E-3 1.23385E-2 1.14692E-2 8.0479E-3 1.5343E-3 3.0016E-4 2.23987E-5 4.05364E-5 7.6583E-5 2.51751E-5 1.17889E-4 6.7553E-5 1.18322E-4 3.29189E-5 2.61029E-5 2.92398E-5 1.59701E-5 2.1141E-5 -9999 -9999
1E0 1E0 1E0 1E0 1E0 1E0 1E0 1E0 1E0 1E0 1E0 1E0 1E0 9.99999E-1 9.374E-1 8.99591E-1 8.02315E-1 3.46898E-1 5.38324E-1 5.86731E-1 6.71889E-1 9.51294E-1 9.99313E-1 9.9999E-1 9.98725E-1 9.77985E-1 9.99896E-1 8.87366E-1 7.69598E-1 6.21019E-1 2.29684E-1 5.01271E-1 3.35902E-1 1.97235E-1 2.61524E-1 2.13886E-1 3.4998E-1 5.69425E-1 4.19654E-1 4.04633E-1 5.31716E-1 6.78303E-1 4.03178E-1 1.93203E-1 2.52789E-1 1.42296E-1 6.98196E-1 7.49017E-1 3.35778E-1 1.02055E-1 1.07296E-1 9.10892E-3 5.55151E-3 1.72063E-3 2.02043E-3 7.47972E-3 6.76374E-3 1.59741E-3 2.98308E-4 1.17522E-4 2.2635E-5 1.40147E-4 1.29659E-4 3.81261E-5 1.20384E-4 1.42533E-4 1.3763E-4 1.79806E-4 2.74742E-4 8.48483E-5 6.8462E-5 8.57921E-5 2.33372E-5 4.64196E-5 -9999
1E0 1E0 1E0 1E0 1E0 1E0 1E0 1E0 1E0 1E0 1E0 1E0 1E0 9.99999E-1 9.94457E-1 9.30453E-1 8.8592E-1 7.65688E-1 6.37649E-1 5.47249E-1 6.04205E-1 6.4444E-1 9.7521E-1 9.99891E-1 9.88651E-1 8.16397E-1 9.97051E-1 9.75895E-1 9.67361E-1 7.84489E-1 3.92361E-1 3.36709E-1 5.09638E-1 2.54939E-1 2.05564E-1 3.24102E-1 3.91568E-1 7.27633E-1 7.21529E-1 6.59855E-1 5.45223E-1 6.25631E-1 5.02077E-1 3.47105E-1 1.57582E-1 1.87812E-1 5.59202E-1 9.48754E-1 3.77243E-1 8.27356E-2 8.8829E-2 1.08673E-2 5.82909E-3 9.27556E-4 6.95173E-4 1.70583E-3 1.7411E-3 1.59864E-3 1.80768E-3 3.04208E-5 1.07095E-5 4.37387E-7 6.29246E-5 7.94729E-5 8.7959E-4 4.2585E-4 1.61321E-4 1.19438E-4 -9999 -9999 -9999 1.99597E-5 1.91038E-5 3.02885E-5 -9999
1E0 1E0 1E0 1E0 1E0 1E0 1E0 1E0 1E0 1E0 1E0 1E0 1E0 1E0 9.99997E-1 9.86514E-1 9.91848E-1 8.71659E-1 5.81515E-1 5.74838E-1 6.10487E-1 6.14847E-1 9.40664E-1 9.89473E-1 9.76394E-1 8.78341E-1 9.5655E-1 9.8667E-1 9.44521E-1 9.35926E-1 4.71265E-1 3.15834E-1 3.26099E-1 2.19677E-1 2.64076E-1 2.61291E-1 4.57147E-1 5.3474E-1 6.33384E-1 5.55347E-1 6.89295E-1 8.98994E-1 7.35087E-1 9.55951E-1 2.00412E-1 2.40263E-1 4.71594E-1 7.77493E-1 4.56881E-1 9.77915E-2 5.17293E-2 2.10952E-2 2.01144E-2 1.1299E-2 4.22658E-3 4.58298E-3 1.15075E-3 2.90961E-4 4.73398E-3 5.70188E-5 4.19997E-6 2.72468E-6 6.40071E-5 2.41352E-4 3.34258E-4 4.12901E-4 4.80356E-4 2.46573E-4 1.15065E-4 -9999 -9999 -9999 4.32813E-8 2.56141E-7 -9999
1E0 1E0 1E0 1E0 1E0 1E0 1E0 1E0 1E0 1E0 1E0 1E0 1E0 1E0 1E0 9.99837E-1 1E0 9.95578E-1 8.52127E-1 2.36873E-1 3.94598E-1 4.75775E-1 7.05311E-1 9.29595E-1 9.99677E-1 9.9787E-1 7.90931E-1 9.77673E-1 5.55186E-1 7.18779E-1 7.31121E-1 4.74623E-1 4.21445E-1 2.38847E-1 5.3502E-1 3.22172E-1 4.27622E-1 8.58817E-1 8.78411E-1 7.25196E-1 8.00172E-1 9.5156E-1 9.98664E-1 8.69095E-1 2.89895E-1 2.51125E-1 5.75481E-1 6.95325E-1 6.96776E-1 1.59075E-1 6.94902E-2 1.83883E-2 4.59675E-3 6.05077E-3 5.67646E-3 4.21133E-3 8.68862E-4 8.38771E-4 2.2185E-4 1.41439E-4 1.03246E-5 3.93779E-5 2.48315E-4 6.92666E-4 4.73927E-4 4.92352E-4 2.8292E-4 1.91206E-4 3.67944E-5 -9999 -9999 -9999 -9999 -9999 2.16478E-8
1E0 1E0 1E0 1E0 1E0 1E0 1E0 1E0 1E0 1E0 1E0 1E0 1E0 1E0 1E0 1E0 1E0 1E0 8.49858E-1 1.49267E-1 5.37251E-1 2.70481E-1 5.19072E-1 9.8108E-1 9.99999E-1 9.95525E-1 9.65656E-1 8.41755E-1 7.75354E-1 7.10697E-1 4.12308E-1 5.03054E-1 2.81481E-1 2.32448E-1 2.48514E-1 2.95561E-1 7.98223E-1 8.01667E-1 8.99036E-1 9.73804E-1 9.9352E-1 9.33091E-1 9.82347E-1 7.86626E-1 6.37437E-1 2.90459E-1 1.27657E-1 7.49449E-1 6.68414E-1 3.273E-1 2.04556E-1 5.08352E-2 2.49148E-3 2.42854E-3 2.09651E-3 1.31874E-3 2.46752E-5 8.05952E-5 5.23373E-5 2.01154E-4 2.93478E-4 3.85896E-5 3.58897E-5 4.90976E-4 9.55387E-4 4.09567E-4 2.45743E-4 7.13927E-5 3.22964E-5 1.11112E-6 -9999 -9999 -9999 -9999 -9999
1E0 1E0 1E0 1E0 1E0 1E0 1E0 1E0 1E0 1E0 1E0 1E0 1E0 1E0 1E0 1E0 1E0 1E0 9.6371E-1 5.08566E-1 5.14216E-1 3.3214E-1 6.81488E-1 9.69279E-1 1E0 9.99096E-1 9.87747E-1 7.87627E-1 9.58869E-1 9.83933E-1 7.5476E-1 3.18169E-1 2.50555E-1 2.9508E-1 3.60555E-1 5.62538E-1 8.73118E-1 7.50204E-1 8.21208E-1 8.85021E-1 9.1483E-1 9.30402E-1 8.93164E-1 7.57574E-1 6.10552E-1 4.02125E-1 2.40503E-1 2.86224E-1 4.10555E-1 5.54455E-1 1.3368E-1 5.4688E-2 2.02711E-3 3.56293E-3 3.03824E-3 4.71093E-4 2.18919E-2 3.29359E-2 2.4583E-5 8.11637E-4 1.119E-4 4.46864E-4 1.87686E-4 8.47614E-4 6.13382E-4 6.62567E-4 9.53692E-4 7.93472E-4 -9999 -9999 -9999 -9999 -9999 -9999 -9999
1E0 1E0 1E0 1E0 1E0 1E0 1E0 1E0 1E0 1E0 1E0 1E0 1E0 1E0 1E0 1E0 1E0 1E0 6.85245E-1 2.22039E-1 4.80734E-1 7.04836E-1 9.28171E-1 9.99896E-1 9.99982E-1 9.99582E-1 9.82491E-1 7.65197E-1 9.59798E-1 9.51754E-1 7.46155E-1 3.70881E-1 4.50943E-1 4.87168E-1 6.44556E-1 6.84211E-1 8.30991E-1 9.47559E-1 9.84325E-1 9.97634E-1 9.98726E-1 9.1751E-1 8.41307E-1 8.7953E-1 7.04019E-1 5.62848E-1 2.57015E-1 2.46043E-1 3.72887E-1 7.0767E-1 4.12284E-1 3.55135E-1 1.75499E-3 1.15441E-3 1.61573E-3 1.11765E-3 1.30536E-3 1.77673E-2 8.15885E-5 2.04874E-3 6.00753E-4 2.07476E-3 5.75655E-4 6.77542E-4 7.76137E-4 6.94808E-4 5.83803E-4 7.10606E-4 -9999 -9999 -9999 -9999 -9999 -9999 -9999
1E0 1E0 1E0 1E0 1E0 1E0 1E0 1E0 1E0 1E0 1E0 1E0 1E0 1E0 1E0 1E0 1E0 9.99568E-1 2.92482E-1 1.26156E-1 3.52165E-1 4.81865E-1 8.96868E-1 9.44549E-1 9.91522E-1 9.96633E-1 9.80661E-1 8.58376E-1 9.32228E-1 9.85303E-1 9.4183E-1 5.20222E-1 6.22816E-1 7.7037E-1 9.19138E-1 8.29022E-1 8.72234E-1 8.12843E-1 9.94756E-1 9.9546E-1 9.96635E-1 9.12205E-1 8.31958E-1 9.10109E-1 9.85567E-1 7.32572E-1 3.43148E-1 4.61649E-1 3.88204E-1 7.65647E-1 3.05619E-1 2.81532E-1 3.08256E-2 4.46291E-4 1.44402E-3 1.36924E-3 1.83786E-3 2.23493E-4 1.53115E-4 2.18642E-3 8.5858E-4 8.47772E-4 1.05615E-3 2.06199E-3 5.49518E-4 2.57029E-3 5.14791E-4 -9999 -9999 -9999 -9999 -9999 -9999 -9999 -9999
1E0 1E0 1E0 1E0 1E0 1E0 1E0 1E0 1E0 1E0 1E0 1E0 1E0 1E0 1E0 1E0 1E0 9.97978E-1 2.9877E-1 5.37975E-2 2.03706E-1 6.34853E-1 8.29961E-1 8.30331E-1 8.16044E-1 9.99207E-1 9.89417E-1 8.72239E-1 7.89805E-1 9.87655E-1 8.83062E-1 3.90612E-1 6.14317E-1 8.02461E-1 7.7504E-1 6.9873E-1 7.91981E-1 8.60049E-1 9.61761E-1 9.98266E-1 9.91287E-1 8.80573E-1 8.29698E-1 8.61787E-1 9.13764E-1 9.82246E-1 5.56075E-1 5.53926E-1 6.63238E-1 3.48199E-1 6.14924E-1 3.164E-1 1.3811E-1 1.11661E-1 3.41549E-2 6.63106E-4 2.21572E-3 8.4801E-4 9.22704E-5 2.209E-3 1.85905E-3 8.90571E-4 1.90859E-3 2.55547E-3 1.5351E-3 3.4785E-4 1.53446E-4 1.1159E-4 -9999 -9999 -9999 -9999 -9999 -9999 -9999
1E0 1E0 1E0 1E0 1E0 1E0 1E0 1E0 1E0 1E0 1E0 1E0 1E0 1E0 1E0 1E0 1E0 9.99033E-1 3.97048E-1 1.67081E-1 2.11835E-1 2.74575E-1 2.49605E-1 3.81276E-1 4.50201E-1 7.88996E-1 9.93904E-1 9.68488E-1 9.01617E-1 9.98265E-1 9.39356E-1 9.68711E-1 8.25377E-1 6.99925E-1 9.35381E-1 9.42862E-1 9.27721E-1 7.89686E-1 9.62767E-1 9.98244E-1 9.68355E-1 9.74211E-1 9.83207E-1 9.85366E-1 8.61772E-1 7.20141E-1 9.74194E-1 8.08612E-1 6.85033E-1 8.44854E-1 5.71962E-1 1.7669E-1 3.74031E-2 1.59419E-1 9.64958E-2 5.82339E-2 9.24805E-3 4.73632E-3 6.65741E-4 6.4949E-3 4.27748E-3 4.30462E-3 1.47716E-3 4.34867E-3 6.85053E-4 1.25568E-3 9.21645E-5 3.1593E-5 -9999 -9999 -9999 2.35406E-7 -9999 -9999 -9999
1E0 1E0 1E0 1E0 1E0 1E0 1E0 1E0 1E0 1E0 1E0 1E0 1E0 1E0 1E0 1E0 9.98153E-1 9.63719E-1 5.7867E-1 3.55701E-1 3.56223E-1 1.89925E-1 1.0847E-1 1.84115E-1 4.01942E-1 9.05298E-1 9.65828E-1 9.99874E-1 8.59477E-1 9.856E-1 9.98007E-1 9.9633E-1 9.11889E-1 8.83508E-1 9.86354E-1 9.93396E-1 9.84911E-1 7.9361E-1 8.56607E-1 9.82242E-1 9.51137E-1 9.87231E-1 9.87173E-1 9.83064E-1 9.65099E-1 6.67215E-1 8.78623E-1 9.03994E-1 8.61184E-1 9.48269E-1 9.06701E-1 4.65946E-1 2.49186E-1 2.76215E-1 1.0042E-1 1.16784E-1 1.83247E-1 1.34605E-2 5.05007E-3 8.93793E-3 3.22245E-3 2.48754E-3 2.36266E-3 9.74839E-4 1.19363E-3 1.63091E-4 2.54024E-4 6.44312E-5 -9999 -9999 -9999 3.52704E-7 -9999 -9999 -9999
1E0 1E0 1E0 1E0 1E0 1E0 1E0 1E0 1E0 1E0 1E0 1E0 1E0 1E0 1E0 1E0 1E0 9.96744E-1 4.32002E-1 1.39344E-1 5.8107E-2 1.46468E-1 1.39625E-1 1.92364E-1 2.83795E-1 9.96451E-1 9.99998E-1 9.99607E-1 9.67866E-1 9.64236E-1 9.85334E-1 9.81358E-1 9.44597E-1 9.30493E-1 9.72527E-1 9.49781E-1 8.62631E-1 8.72217E-1 9.9608E-1 9.80613E-1 9.98534E-1 9.99943E-1 9.99993E-1 9.61177E-1 9.10872E-1 9.57609E-1 9.72457E-1 8.19808E-1 5.27384E-1 7.58692E-1 5.28323E-1 4.75432E-1 4.49852E-1 4.78781E-1 2.90043E-1 2.30403E-1 2.2607E-1 2.00713E-2 7.36495E-3 2.66898E-2 2.21484E-2 1.17506E-2 5.71424E-3 3.48052E-3 8.98701E-4 2.43094E-4 1.7234E-4 7.645E-5 1.40442E-5 6.99225E-5 9.28566E-6 -9999 -9999 -9999 -9999
1E0 1E0 1E0 1E0 1E0 1E0 1E0 1E0 1E0 1E0 1E0 1E0 1E0 1E0 1E0 1E0 1E0 9.99975E-1 1.54639E-1 1.73693E-2 6.22011E-2 1.05483E-1 8.76353E-2 2.23656E-1 1.94041E-1 9.89472E-1 9.99981E-1 9.95888E-1 9.82634E-1 8.05486E-1 9.21398E-1 9.51929E-1 9.72226E-1 9.92202E-1 9.97779E-1 9.3902E-1 9.12921E-1 7.22709E-1 9.62845E-1 9.21352E-1 9.94401E-1 9.99172E-1 9.99797E-1 9.92018E-1 9.84938E-1 9.87393E-1 5.25131E-1 1.37328E-1 2.67977E-1 2.98943E-1 2.20955E-1 7.05768E-1 6.59956E-1 3.95158E-2 2.05348E-2 3.12112E-2 3.7952E-2 5.07023E-3 2.66904E-2 3.72398E-2 3.11685E-2 1.10429E-2 3.48716E-3 2.29117E-3 2.66389E-3 1.3284E-3 1.81626E-4 1.51164E-4 1.44515E-5 3.11375E-5 2.39755E-6 3.12409E-7 -9999 -9999 -9999
