ENM/Final_Models/M_2_F_lq_Set_1_E/Gustavia_santanderiensis_Choco_median.asc
ncols         367
nrows         963
xllcorner     -78.6
yllcorner     0.65
cellsize      0.00833333333333323
NODATA_value  -9999
[rows 576 to 607 of 963, columns 142 to 212 of 367]
-9999 -9999 -9999 -9999 -9999 -9999 -9999 -9999 -9999 -9999 -9999 -9999 -9999 -9999 -9999 -9999 -9999 -9999 -9999 -9999 -9999 -9999 8.58751E-1 9.40885E-1 9.60362E-1 9.16762E-1 9.64407E-1 8.53333E-1 7.39117E-1 6.30908E-1 5.62332E-1 7.33495E-1 4.01651E-1 8.09941E-1 -9999 -9999 -9999 -9999 -9999 -9999 -9999 -9999 -9999 -9999 9.5042E-1 9.85511E-1 9.53247E-1 9.73136E-1 9.74373E-1 9.98286E-1 9.9978E-1 9.71028E-1 9.47618E-1 9.99979E-1 9.99956E-1 9.99616E-1 9.95632E-1 9.69834E-1 9.80387E-1 8.89781E-1 8.38806E-1 9.26523E-1 8.7447E-1 8.7099E-1 9.11912E-1 9.94114E-1 9.99386E-1 9.89022E-1 9.76791E-1 9.94206E-1 9.92565E-1
-9999 -9999 -9999 -9999 -9999 -9999 -9999 -9999 -9999 -9999 -9999 -9999 -9999 -9999 -9999 -9999 -9999 -9999 -9999 -9999 -9999 -9999 8.67603E-1 9.28987E-1 9.46074E-1 8.23725E-1 9.46665E-1 9.41947E-1 9.28102E-1 7.64279E-1 8.19659E-1 5.17949E-1 3.05779E-1 -9999 -9999 -9999 -9999 -9999 -9999 -9999 -9999 -9999 -9999 9.96845E-1 9.99725E-1 9.71584E-1 -9999 9.78501E-1 9.46612E-1 7.76569E-1 7.84052E-1 7.80566E-1 9.86317E-1 9.97441E-1 9.9914E-1 9.95964E-1 9.8544E-1 9.74907E-1 8.64592E-1 6.41854E-1 9.03066E-1 7.88285E-1 8.4589E-1 9.72527E-1 9.9768E-1 9.54299E-1 9.76641E-1 9.86677E-1 9.67508E-1 9.88471E-1 9.65997E-1
-9999 -9999 -9999 -9999 -9999 -9999 -9999 -9999 -9999 -9999 -9999 -9999 -9999 -9999 -9999 -9999 -9999 -9999 -9999 -9999 -9999 -9999 6.88426E-1 5.86331E-1 4.23915E-1 9.83614E-1 8.49669E-1 7.97337E-1 7.15749E-1 4.4623E-1 8.76739E-1 -9999 -9999 -9999 -9999 -9999 -9999 -9999 -9999 9.99986E-1 9.99078E-1 9.97097E-1 -9999 9.29333E-1 9.99641E-1 9.48761E-1 9.80236E-1 9.99132E-1 9.8847E-1 9.61275E-1 9.87847E-1 9.91019E-1 9.97835E-1 9.99627E-1 9.96316E-1 9.98171E-1 9.72969E-1 9.16495E-1 7.65845E-1 8.52043E-1 7.65777E-1 7.83017E-1 9.04662E-1 9.11002E-1 9.41082E-1 9.37142E-1 9.78053E-1 8.99316E-1 9.38165E-1 7.87454E-1 9.57157E-1
-9999 -9999 -9999 -9999 -9999 -9999 -9999 -9999 -9999 -9999 -9999 -9999 -9999 -9999 -9999 -9999 -9999 -9999 -9999 -9999 -9999 -9999 -9999 3.323E-1 7.16502E-1 8.63919E-1 9.79881E-1 9.95572E-1 9.97376E-1 -9999 -9999 -9999 -9999 -9999 -9999 -9999 -9999 9.87016E-1 5.56305E-1 6.39784E-1 6.37986E-1 4.99068E-1 8.69858E-1 9.95978E-1 9.68426E-1 9.81103E-1 9.95336E-1 9.97722E-1 9.98512E-1 9.9422E-1 9.99243E-1 9.97717E-1 9.98462E-1 9.97975E-1 9.92286E-1 9.60268E-1 9.65136E-1 9.20383E-1 7.75307E-1 7.27097E-1 9.82768E-1 9.91548E-1 9.96798E-1 9.79262E-1 9.30756E-1 9.81037E-1 8.77577E-1 9.81665E-1 8.17183E-1 7.93688E-1 7.62035E-1
-9999 -9999 -9999 -9999 -9999 -9999 -9999 -9999 -9999 -9999 -9999 -9999 -9999 -9999 -9999 -9999 -9999 -9999 -9999 -9999 -9999 -9999 -9999 -9999 -9999 -9999 -9999 -9999 9.99837E-1 -9999 -9999 -9999 -9999 -9999 -9999 -9999 -9999 8.47836E-1 1.98394E-1 5.55692E-1 7.80788E-1 9.62601E-1 7.2292E-1 8.53478E-1 9.56082E-1 9.77713E-1 9.98617E-1 9.97944E-1 9.97239E-1 9.98673E-1 9.97356E-1 9.96168E-1 9.83731E-1 9.16387E-1 8.74211E-1 8.66032E-1 9.4109E-1 9.12793E-1 9.94801E-1 9.53345E-1 9.93528E-1 9.99089E-1 8.61971E-1 9.80185E-1 9.71366E-1 9.99617E-1 8.35467E-1 8.75677E-1 8.84446E-1 4.39858E-1 2.92484E-1
-9999 -9999 -9999 -9999 -9999 -9999 -9999 -9999 -9999 -9999 -9999 -9999 -9999 -9999 -9999 -9999 -9999 -9999 -9999 -9999 -9999 -9999 -9999 -9999 -9999 -9999 -9999 -9999 -9999 -9999 -9999 -9999 -9999 -9999 -9999 -9999 -9999 9.13744E-1 -9999 5.67705E-1 9.18904E-1 9.64435E-1 9.80267E-1 9.52735E-1 9.98403E-1 9.99024E-1 9.90033E-1 9.98396E-1 9.97633E-1 9.995E-1 9.96688E-1 9.87177E-1 9.92542E-1 9.97052E-1 9.45613E-1 8.75517E-1 7.8964E-1 7.82346E-1 8.62825E-1 9.68056E-1 9.28025E-1 9.67787E-1 9.90562E-1 9.74485E-1 9.88354E-1 8.66673E-1 8.72544E-1 9.09285E-1 8.87238E-1 7.82298E-1 1.99535E-1
-9999 -9999 -9999 -9999 -9999 -9999 -9999 -9999 -9999 -9999 -9999 -9999 -9999 -9999 -9999 -9999 -9999 -9999 -9999 -9999 -9999 -9999 -9999 -9999 -9999 -9999 -9999 -9999 -9999 -9999 -9999 -9999 -9999 -9999 -9999 -9999 -9999 -9999 -9999 4.29575E-1 8.70392E-1 9.94703E-1 9.94099E-1 9.96502E-1 9.89462E-1 9.86568E-1 9.87548E-1 8.94573E-1 9.74882E-1 9.71571E-1 9.94902E-1 9.80711E-1 9.85467E-1 9.99916E-1 9.73392E-1 9.60929E-1 8.77998E-1 9.45542E-1 8.8739E-1 9.76453E-1 9.948E-1 9.91964E-1 9.75107E-1 9.40887E-1 8.32496E-1 7.95022E-1 8.36072E-1 6.86444E-1 6.22183E-1 8.61008E-1 3.93683E-1
-9999 -9999 -9999 -9999 -9999 -9999 -9999 -9999 -9999 -9999 -9999 -9999 -9999 -9999 -9999 -9999 -9999 -9999 -9999 -9999 -9999 -9999 -9999 -9999 -9999 -9999 -9999 -9999 -9999 -9999 -9999 -9999 -9999 -9999 -9999 -9999 -9999 -9999 -9999 5.09656E-1 8.58412E-1 9.92601E-1 9.76576E-1 9.859E-1 9.85039E-1 8.53215E-1 9.5432E-1 9.8073E-1 9.51863E-1 9.67422E-1 9.93373E-1 9.73302E-1 9.94159E-1 9.91722E-1 9.39304E-1 9.10615E-1 7.92857E-1 9.50251E-1 9.28341E-1 9.55091E-1 9.92518E-1 9.77219E-1 9.45389E-1 9.91929E-1 8.75479E-1 7.11155E-1 6.34765E-1 5.25961E-1 5.24043E-1 6.04465E-1 4.27881E-1
-9999 -9999 -9999 -9999 -9999 -9999 -9999 -9999 -9999 -9999 -9999 -9999 -9999 -9999 -9999 -9999 -9999 -9999 -9999 -9999 -9999 -9999 -9999 -9999 -9999 -9999 -9999 -9999 -9999 -9999 -9999 -9999 -9999 -9999 -9999 -9999 -9999 -9999 4.8356E-1 7.80653E-1 9.1132E-1 7.48081E-1 8.80338E-1 9.85369E-1 7.81561E-1 9.89982E-1 9.74513E-1 9.70786E-1 9.7842E-1 9.85586E-1 9.88503E-1 9.95248E-1 9.8786E-1 9.92397E-1 8.02789E-1 6.03302E-1 8.97529E-1 9.82099E-1 9.54666E-1 9.61509E-1 9.58768E-1 9.42413E-1 9.6833E-1 9.81794E-1 8.70004E-1 2.88325E-1 1.1631E-1 4.20577E-2 5.28368E-2 1.31815E-1 1.86593E-1
-9999 -9999 -9999 -9999 -9999 -9999 -9999 -9999 -9999 -9999 -9999 -9999 -9999 -9999 -9999 -9999 -9999 -9999 -9999 -9999 -9999 -9999 -9999 -9999 -9999 -9999 -9999 -9999 -9999 -9999 -9999 -9999 -9999 -9999 -9999 -9999 -9999 -9999 3.75416E-1 7.81888E-1 8.95012E-1 8.21428E-1 8.48133E-1 9.67609E-1 9.8413E-1 9.75893E-1 8.77929E-1 9.63466E-1 9.85651E-1 9.99242E-1 9.97695E-1 9.96262E-1 9.96255E-1 9.76073E-1 9.30284E-1 9.0555E-1 9.61907E-1 9.37808E-1 8.26071E-1 9.236E-1 9.88436E-1 9.86494E-1 9.56949E-1 9.82877E-1 8.9273E-1 1.99276E-1 2.22942E-1 9.02407E-2 8.84532E-2 4.18817E-1 1.62771E-1
-9999 -9999 -9999 -9999 -9999 -9999 -9999 -9999 -9999 -9999 -9999 -9999 -9999 -9999 -9999 -9999 -9999 -9999 -9999 -9999 -9999 -9999 -9999 -9999 -9999 -9999 -9999 -9999 -9999 -9999 -9999 -9999 -9999 -9999 9.31843E-1 -9999 -9999 9.48287E-1 7.85583E-1 9.88813E-1 9.9983E-1 9.90904E-1 9.97811E-1 9.16812E-1 9.90203E-1 9.89089E-1 9.4042E-1 9.76621E-1 9.95938E-1 9.98518E-1 9.88803E-1 9.95523E-1 9.99211E-1 9.73424E-1 9.85027E-1 9.44353E-1 8.00138E-1 8.2475E-1 7.58558E-1 8.48548E-1 8.59704E-1 7.40813E-1 5.7264E-1 5.63127E-1 8.57523E-1 3.97052E-1 3.03522E-1 1.9866E-1 1.33189E-1 1.35281E-1 1.35168E-1
-9999 -9999 -9999 -9999 -9999 -9999 -9999 -9999 -9999 -9999 -9999 -9999 -9999 -9999 -9999 -9999 -9999 -9999 -9999 -9999 -9999 -9999 -9999 -9999 -9999 -9999 -9999 -9999 -9999 -9999 -9999 -9999 -9999 -9999 -9999 7.21727E-1 9.24651E-1 9.45743E-1 9.83674E-1 9.96577E-1 9.99418E-1 9.53849E-1 9.72439E-1 9.52544E-1 9.86542E-1 9.82884E-1 9.6998E-1 9.8591E-1 9.84161E-1 9.92788E-1 9.91544E-1 9.89808E-1 9.90025E-1 9.3772E-1 8.94887E-1 8.06822E-1 9.89773E-1 9.43648E-1 8.91225E-1 9.52416E-1 9.17704E-1 8.82798E-1 6.46669E-1 9.04991E-1 6.87414E-1 2.94156E-1 1.80325E-1 6.26864E-2 7.95007E-2 8.65628E-2 4.63833E-2
-9999 -9999 -9999 -9999 -9999 -9999 -9999 -9999 -9999 -9999 -9999 -9999 -9999 -9999 -9999 -9999 -9999 -9999 -9999 -9999 -9999 -9999 -9999 -9999 -9999 -9999 -9999 -9999 -9999 -9999 -9999 -9999 -9999 -9999 -9999 -9999 9.86619E-1 9.97223E-1 9.93397E-1 9.76779E-1 9.97866E-1 9.32212E-1 9.51317E-1 9.5526E-1 9.48807E-1 9.78943E-1 9.9156E-1 9.98422E-1 9.98929E-1 9.91349E-1 9.81278E-1 9.86234E-1 9.7877E-1 9.82692E-1 9.9788E-1 9.84405E-1 9.92078E-1 8.66802E-1 9.58441E-1 5.98902E-1 8.90896E-1 9.7135E-1 9.93192E-1 8.39668E-1 3.93197E-1 2.30451E-1 2.3197E-1 2.34149E-1 5.82747E-2 9.76335E-2 9.43558E-2
-9999 -9999 -9999 -9999 -9999 -9999 -9999 -9999 -9999 -9999 -9999 -9999 -9999 -9999 -9999 -9999 -9999 -9999 -9999 -9999 -9999 -9999 -9999 -9999 -9999 -9999 -9999 -9999 -9999 -9999 -9999 -9999 -9999 -9999 -9999 6.90477E-1 9.54229E-1 9.86332E-1 9.94432E-1 9.10029E-1 9.4867E-1 9.45876E-1 9.62898E-1 9.72433E-1 9.47081E-1 9.58723E-1 9.97402E-1 9.96461E-1 9.95707E-1 9.93304E-1 9.98296E-1 9.79396E-1 9.76729E-1 8.79302E-1 9.98197E-1 9.76349E-1 8.89751E-1 8.93023E-1 9.1257E-1 7.55796E-1 9.54445E-1 9.77551E-1 9.86131E-1 6.79841E-1 2.62168E-1 3.99083E-1 2.49392E-1 6.40195E-2 4.24574E-2 4.91042E-2 7.94752E-2
-9999 -9999 -9999 -9999 -9999 -9999 -9999 -9999 -9999 -9999 -9999 -9999 -9999 -9999 -9999 -9999 -9999 -9999 -9999 -9999 -9999 -9999 -9999 -9999 -9999 -9999 -9999 -9999 -9999 -9999 9.99602E-1 -9999 -9999 8.88745E-1 9.93776E-1 9.68335E-1 8.73998E-1 9.25293E-1 9.02986E-1 9.78432E-1 8.18815E-1 9.32973E-1 9.82851E-1 9.86485E-1 9.74454E-1 9.64915E-1 9.99182E-1 9.97258E-1 9.937E-1 9.94374E-1 9.9468E-1 9.94612E-1 9.85633E-1 9.75482E-1 9.00118E-1 7.64966E-1 7.82969E-1 8.18343E-1 8.10154E-1 7.82479E-1 9.99719E-1 9.60254E-1 9.01904E-1 4.60837E-1 2.29206E-1 8.75429E-2 9.19969E-2 8.50479E-2 9.40977E-2 1.35305E-2 1.29903E-2
-9999 -9999 -9999 -9999 -9999 -9999 -9999 -9999 -9999 -9999 -9999 -9999 -9999 -9999 -9999 -9999 -9999 -9999 -9999 -9999 -9999 -9999 -9999 -9999 -9999 -9999 -9999 -9999 -9999 -9999 9.94616E-1 9.91678E-1 9.3856E-1 9.62512E-1 9.92086E-1 8.03086E-1 8.62468E-1 8.92985E-1 9.19286E-1 9.20015E-1 9.61418E-1 9.92748E-1 9.95705E-1 9.87875E-1 9.57187E-1 9.83023E-1 9.99361E-1 9.95256E-1 9.8492E-1 9.52306E-1 9.54839E-1 9.13977E-1 8.19751E-1 9.08552E-1 9.41302E-1 6.20344E-1 6.98964E-1 8.13552E-1 6.05711E-1 8.75764E-1 8.87415E-1 4.68374E-1 1.98565E-1 4.16854E-2 1.08047E-1 3.61723E-1 4.78689E-2 3.74304E-2 1.06536E-1 8.72547E-2 2.28852E-2
-9999 -9999 -9999 -9999 -9999 -9999 -9999 -9999 -9999 -9999 -9999 -9999 -9999 -9999 -9999 -9999 -9999 -9999 -9999 -9999 -9999 -9999 -9999 -9999 -9999 -9999 -9999 -9999 -9999 -9999 -9999 9.97857E-1 8.91285E-1 9.79793E-1 -9999 -9999 -9999 7.83067E-1 9.6164E-1 8.45236E-1 6.68342E-1 5.95536E-1 9.94692E-1 8.48922E-1 9.46415E-1 7.73776E-1 9.26752E-1 8.81097E-1 9.69904E-1 8.78222E-1 8.90057E-1 5.11059E-1 8.7722E-1 8.26213E-1 9.7386E-1 9.8322E-1 9.76971E-1 6.558E-1 7.82376E-1 8.96046E-1 7.45359E-1 4.01241E-1 2.50449E-1 2.88648E-1 3.14224E-1 3.02238E-1 1.58391E-2 3.18048E-2 1.91224E-1 7.54816E-2 3.19992E-3
-9999 -9999 -9999 -9999 -9999 -9999 -9999 -9999 -9999 -9999 -9999 -9999 -9999 -9999 -9999 -9999 -9999 -9999 -9999 -9999 -9999 -9999 -9999 -9999 -9999 -9999 -9999 -9999 -9999 -9999 -9999 -9999 9.96023E-1 -9999 -9999 -9999 4.48972E-1 5.15272E-1 6.53182E-1 7.15048E-1 8.9747E-1 9.11613E-1 9.36562E-1 9.60208E-1 9.7265E-1 7.62006E-1 7.31736E-1 7.99943E-1 6.47078E-1 9.84089E-1 9.50871E-1 8.3401E-1 9.16235E-1 8.81057E-1 9.25344E-1 9.96985E-1 9.82922E-1 9.99281E-1 9.81264E-1 9.4308E-1 4.48016E-1 3.36389E-1 1.39961E-1 5.76489E-2 7.06698E-2 2.66815E-1 6.77031E-2 2.24752E-2 4.56283E-2 8.33922E-2 1.53064E-2
-9999 -9999 -9999 -9999 -9999 -9999 -9999 -9999 -9999 -9999 -9999 -9999 -9999 -9999 -9999 -9999 -9999 -9999 -9999 -9999 -9999 -9999 -9999 -9999 -9999 -9999 -9999 -9999 -9999 -9999 -9999 -9999 -9999 -9999 -9999 6.9269E-1 7.23375E-1 4.12423E-1 6.10897E-1 8.57251E-1 9.2433E-1 9.96343E-1 9.86777E-1 9.85954E-1 9.55682E-1 9.77556E-1 9.59912E-1 9.34236E-1 8.95684E-1 9.73638E-1 9.62686E-1 8.14367E-1 9.41712E-1 9.82325E-1 8.72455E-1 9.99908E-1 9.97258E-1 9.99706E-1 9.21068E-1 8.51873E-1 4.9261E-1 9.95987E-2 6.45598E-2 4.24113E-2 5.44791E-2 7.34991E-2 1.0111E-1 9.48927E-2 1.84939E-2 3.91036E-2 1.50015E-2
-9999 -9999 -9999 -9999 -9999 -9999 -9999 -9999 -9999 -9999 -9999 -9999 -9999 -9999 -9999 -9999 -9999 -9999 -9999 -9999 -9999 -9999 -9999 -9999 -9999 -9999 -9999 -9999 -9999 -9999 -9999 -9999 -9999 -9999 -9999 -9999 -9999 6.82932E-1 8.03227E-1 9.64648E-1 9.37555E-1 9.92968E-1 9.98803E-1 9.99993E-1 9.99439E-1 9.55046E-1 9.18981E-1 9.47104E-1 8.42189E-1 9.64449E-1 9.75354E-1 4.45359E-1 9.09147E-1 9.8464E-1 9.5825E-1 9.99696E-1 9.99901E-1 9.58628E-1 9.00599E-1 8.70928E-1 7.89013E-1 2.2698E-1 5.91195E-2 4.67932E-2 1.2756E-1 6.66168E-2 5.58967E-2 2.73236E-2 2.66424E-3 2.25398E-3 1.67577E-3
-9999 -9999 -9999 -9999 -9999 -9999 -9999 -9999 -9999 -9999 -9999 -9999 -9999 -9999 -9999 -9999 -9999 -9999 -9999 -9999 -9999 -9999 -9999 -9999 -9999 -9999 -9999 -9999 -9999 -9999 -9999 -9999 -9999 -9999 -9999 -9999 7.07859E-1 5.40163E-1 6.44766E-1 9.47526E-1 9.51138E-1 9.82641E-1 9.8562E-1 9.93585E-1 9.85927E-1 9.53864E-1 9.86441E-1 9.23598E-1 8.01615E-1 7.84926E-1 7.51252E-1 8.43841E-1 9.54731E-1 9.95435E-1 8.32527E-1 9.7475E-1 9.50105E-1 8.3436E-1 7.78958E-1 8.53178E-1 8.31625E-1 4.81284E-1 2.7176E-1 1.94041E-1 1.12385E-1 9.31303E-2 1.05027E-1 1.02649E-1 1.10404E-2 2.3962E-3 1.86863E-3
-9999 -9999 -9999 -9999 -9999 -9999 -9999 -9999 -9999 -9999 -9999 -9999 -9999 -9999 -9999 -9999 -9999 -9999 -9999 -9999 -9999 -9999 -9999 -9999 -9999 -9999 -9999 -9999 -9999 -9999 -9999 -9999 -9999 -9999 -9999 9.84792E-1 7.21678E-1 8.25309E-1 7.70064E-1 8.71044E-1 9.87738E-1 8.71522E-1 8.93219E-1 8.35083E-1 9.01432E-1 9.55222E-1 8.8148E-1 6.25936E-1 6.2014E-1 8.74336E-1 8.96445E-1 9.94334E-1 9.98325E-1 9.69591E-1 9.7115E-1 9.59362E-1 8.00952E-1 9.23114E-1 9.39905E-1 9.0085E-1 6.73868E-1 5.46542E-1 4.76016E-1 7.25738E-1 7.09446E-1 6.76287E-1 4.93922E-1 2.55553E-1 3.5914E-3 9.2814E-4 2.32607E-3
-9999 -9999 -9999 -9999 -9999 -9999 -9999 -9999 -9999 -9999 -9999 -9999 -9999 -9999 -9999 -9999 -9999 -9999 -9999 -9999 -9999 -9999 -9999 -9999 -9999 -9999 -9999 -9999 -9999 -9999 9.26533E-1 6.79748E-1 7.83325E-1 8.31711E-1 9.50117E-1 9.82816E-1 9.66732E-1 9.81005E-1 9.53143E-1 9.66619E-1 9.50196E-1 9.78175E-1 8.3857E-1 5.06619E-1 7.32576E-1 8.07883E-1 9.73717E-1 7.94907E-1 8.34475E-1 9.03557E-1 9.48979E-1 9.90329E-1 9.76105E-1 9.99844E-1 9.51322E-1 8.23539E-1 8.53725E-1 6.51202E-1 6.46229E-1 8.7796E-1 9.42772E-1 8.8882E-1 6.578E-1 9.19825E-1 8.05794E-1 8.07964E-1 7.61713E-1 5.24138E-1 2.50973E-1 5.01769E-2 1.41947E-1
-9999 -9999 -9999 -9999 -9999 -9999 -9999 -9999 -9999 -9999 -9999 -9999 -9999 -9999 -9999 -9999 -9999 -9999 -9999 -9999 -9999 -9999 -9999 -9999 -9999 -9999 -9999 -9999 -9999 -9999 9.21726E-1 9.60008E-1 8.58127E-1 5.61695E-1 8.84783E-1 9.81665E-1 9.99968E-1 9.89605E-1 9.82825E-1 9.92276E-1 9.68771E-1 8.84643E-1 6.84435E-1 9.34173E-1 9.12378E-1 9.84584E-1 9.61773E-1 6.3218E-1 5.42513E-1 9.89159E-1 9.97036E-1 9.79578E-1 9.98347E-1 9.79362E-1 9.2017E-1 8.79571E-1 7.80735E-1 5.53983E-1 6.94995E-1 2.80503E-1 7.9774E-1 7.07274E-1 6.45815E-1 7.91446E-1 7.38374E-1 8.72095E-1 6.79222E-1 6.67811E-1 4.23385E-1 1.73521E-1 8.03795E-2
-9999 -9999 -9999 -9999 -9999 -9999 -9999 -9999 -9999 -9999 -9999 -9999 -9999 -9999 -9999 -9999 -9999 -9999 -9999 -9999 -9999 -9999 -9999 -9999 -9999 -9999 -9999 -9999 -9999 -9999 6.44244E-1 7.76401E-1 8.20615E-1 8.6897E-1 9.8105E-1 9.99236E-1 9.99343E-1 9.96212E-1 9.59272E-1 9.92609E-1 9.83979E-1 9.9823E-1 9.3854E-1 9.99004E-1 9.84327E-1 9.27678E-1 9.78849E-1 8.04797E-1 6.42348E-1 8.55778E-1 9.67531E-1 9.5976E-1 9.02046E-1 8.54708E-1 8.7478E-1 9.95672E-1 9.93643E-1 5.55522E-1 3.46703E-1 2.78454E-1 4.33817E-1 9.37E-1 7.82208E-1 8.03533E-1 7.06788E-1 7.48466E-1 4.97417E-1 4.12728E-1 4.14231E-1 3.29074E-1 3.24077E-1
-9999 -9999 -9999 -9999 -9999 -9999 -9999 -9999 -9999 -9999 -9999 -9999 -9999 -9999 -9999 -9999 -9999 -9999 -9999 -9999 -9999 -9999 -9999 -9999 -9999 -9999 -9999 -9999 -9999 -9999 7.25388E-1 7.25078E-1 7.78637E-1 -9999 -9999 -9999 1E0 9.44627E-1 9.67296E-1 9.95434E-1 9.83333E-1 9.86694E-1 9.62957E-1 7.59742E-1 6.87459E-1 9.50129E-1 9.11415E-1 4.04692E-1 5.8277E-1 5.84671E-1 6.57573E-1 8.2087E-1 7.92177E-1 6.29749E-1 5.05389E-1 8.20493E-1 6.7793E-1 8.77738E-1 4.54716E-1 1.20837E-1 5.23445E-1 5.43859E-1 6.39447E-1 7.14747E-1 7.78549E-1 8.44555E-1 7.09984E-1 4.73211E-1 2.94111E-1 1.63118E-1 1.18071E-1
-9999 -9999 -9999 -9999 -9999 -9999 -9999 -9999 -9999 -9999 -9999 -9999 -9999 -9999 -9999 -9999 -9999 -9999 -9999 -9999 -9999 -9999 -9999 -9999 -9999 -9999 -9999 -9999 -9999 -9999 8.88032E-1 8.69801E-1 -9999 9.3224E-1 9.96035E-1 9.9988E-1 9.99956E-1 9.99904E-1 9.1358E-1 9.40583E-1 9.93041E-1 9.54414E-1 9.41768E-1 9.99327E-1 9.95058E-1 8.3528E-1 5.51447E-1 6.18261E-1 7.8491E-1 7.02708E-1 5.84821E-1 7.22809E-1 7.15997E-1 7.3769E-1 3.83475E-1 6.68637E-1 8.57263E-1 5.98509E-1 5.00998E-1 4.75864E-1 5.13717E-1 8.6755E-1 8.75493E-1 8.60995E-1 6.28036E-1 5.28563E-1 6.69253E-1 5.86754E-1 4.4179E-1 3.41379E-1 1.52893E-1
-9999 -9999 -9999 -9999 -9999 -9999 -9999 -9999 -9999 -9999 -9999 -9999 -9999 -9999 -9999 -9999 -9999 -9999 -9999 -9999 -9999 -9999 -9999 -9999 -9999 -9999 -9999 9.94995E-1 9.93218E-1 9.84708E-1 -9999 -9999 -9999 9.90283E-1 9.53489E-1 9.94274E-1 9.97811E-1 9.92093E-1 9.92574E-1 9.68898E-1 9.80325E-1 9.91341E-1 9.89757E-1 9.02195E-1 9.86476E-1 9.62083E-1 7.88692E-1 6.45512E-1 8.9923E-1 9.60194E-1 7.26512E-1 7.3573E-1 6.849E-1 4.81113E-1 2.67654E-1 7.93153E-1 8.80865E-1 8.54628E-1 9.35379E-1 7.42553E-1 6.65416E-1 7.11107E-1 3.4293E-1 5.71265E-1 5.85601E-1 3.96733E-1 4.49448E-1 3.987E-1 2.64448E-1 2.96933E-1 1.58104E-1
-9999 -9999 -9999 -9999 -9999 -9999 -9999 -9999 -9999 -9999 -9999 -9999 -9999 -9999 -9999 -9999 -9999 -9999 -9999 -9999 -9999 -9999 -9999 -9999 -9999 -9999 -9999 -9999 9.79413E-1 9.10609E-1 9.35943E-1 9.99943E-1 9.99993E-1 9.99944E-1 9.99437E-1 9.98309E-1 9.98983E-1 9.99608E-1 9.97148E-1 9.97113E-1 9.99996E-1 8.76757E-1 9.76764E-1 9.88317E-1 9.92957E-1 4.86525E-1 4.65572E-1 8.40113E-1 9.12267E-1 8.22685E-1 5.95555E-1 5.95295E-1 8.10674E-1 8.56553E-1 5.70287E-1 8.10387E-1 9.62999E-1 7.27179E-1 7.53551E-1 7.72545E-1 8.65918E-1 7.56444E-1 7.92832E-1 4.81124E-1 3.96923E-1 5.57482E-1 5.66779E-1 5.39343E-1 5.16285E-1 2.38177E-1 1.39449E-1
-9999 -9999 -9999 -9999 -9999 -9999 -9999 -9999 -9999 -9999 -9999 -9999 -9999 -9999 -9999 -9999 -9999 -9999 -9999 -9999 -9999 -9999 -9999 -9999 -9999 -9999 -9999 9.96352E-1 -9999 8.71552E-1 9.99894E-1 9.97627E-1 9.98332E-1 9.99785E-1 9.99975E-1 9.9993E-1 9.97215E-1 9.97311E-1 9.98433E-1 9.87193E-1 9.78811E-1 9.99998E-1 8.73604E-1 9.97554E-1 9.98343E-1 9.83931E-1 9.92027E-1 9.20036E-1 6.46466E-1 8.512E-1 6.63227E-1 6.04313E-1 9.51834E-1 9.8636E-1 6.68366E-1 7.12945E-1 9.50691E-1 8.4827E-1 4.86094E-1 4.14143E-1 7.33809E-1 8.29088E-1 5.34003E-1 3.60094E-1 3.81046E-1 5.94623E-1 2.74428E-1 2.91997E-1 5.04292E-1 4.3883E-1 2.49664E-1
-9999 -9999 -9999 -9999 -9999 -9999 -9999 -9999 -9999 -9999 -9999 -9999 -9999 -9999 -9999 -9999 -9999 -9999 -9999 -9999 -9999 -9999 -9999 -9999 -9999 -9999 -9999 5.90109E-1 8.03618E-1 9.54078E-1 9.7954E-1 9.7635E-1 9.73503E-1 9.97043E-1 9.94724E-1 9.96978E-1 9.97505E-1 9.91813E-1 9.89342E-1 9.9986E-1 9.9671E-1 9.26284E-1 9.54877E-1 9.92185E-1 9.87423E-1 9.38885E-1 9.96446E-1 8.6079E-1 9.53814E-1 9.08037E-1 5.4312E-1 4.3168E-1 8.79283E-1 9.21326E-1 7.72735E-1 5.87076E-1 7.08902E-1 9.76345E-1 8.44354E-1 7.0427E-1 7.0267E-1 8.86315E-1 4.9798E-1 6.15082E-1 5.49001E-1 8.91273E-2 7.16152E-2 5.60712E-2 5.34802E-2 2.65939E-2 2.20231E-2
-9999 -9999 -9999 -9999 -9999 -9999 -9999 -9999 -9999 -9999 -9999 -9999 -9999 -9999 -9999 -9999 -9999 -9999 -9999 -9999 -9999 -9999 -9999 -9999 -9999 -9999 -9999 8.98417E-1 9.0946E-1 9.99946E-1 9.99986E-1 9.97885E-1 9.9883E-1 9.93466E-1 9.94519E-1 9.95014E-1 9.98571E-1 9.98491E-1 9.97199E-1 9.99963E-1 9.9967E-1 9.97244E-1 9.96203E-1 9.87151E-1 9.94258E-1 9.99207E-1 9.99475E-1 9.79829E-1 8.66764E-1 8.06874E-1 7.90902E-1 7.36633E-1 7.70927E-1 9.18674E-1 8.75626E-1 6.42544E-1 1.16111E-1 1.3969E-1 9.37214E-1 9.64513E-1 9.93696E-1 9.15747E-1 6.60154E-1 6.16014E-1 2.53734E-2 9.58717E-3 2.09841E-2 3.27858E-2 4.47037E-3 5.26391E-3 3.26195E-3
