ENM/Final_Models/M_0.8_F_q_Set_1_EC/Gustavia_santanderiensis_6_Choco_novel.asc
ncols         367
nrows         963
xllcorner     -78.6
yllcorner     0.65
cellsize      0.00833333333333323
NODATA_value  -9999
[rows 90 to 119 of 963, columns 204 to 271 of 367]
-9999 -9999 -9999 -9999 -9999 -9999 -9999 -9999 -9999 -9999 -9999 -9999 -9999 -9999 -9999 -9999 -9999 -9999 -9999 -9999 -9999 -9999 -9999 -9999 -9999 -9999 -9999 -9999 -9999 -9999 -9999 -9999 -9999 -9999 -9999 -9999 -9999 -9999 -9999 3.47375E0 2.61529E0 3.03454E0 3.47375E0 3.47375E0 4.05271E0 3.47375E0 5.58994E0 5.58994E0 4.87123E0 4.05271E0 3.47375E0 4.87123E0 4.87123E0 4.87123E0 4.05271E0 4.05271E0 4.87123E0 -9999 -9999 -9999 -9999 -9999 -9999 -9999 -9999 -9999 -9999 -9999
-9999 -9999 -9999 -9999 -9999 -9999 -9999 -9999 -9999 -9999 -9999 -9999 -9999 -9999 -9999 -9999 -9999 -9999 -9999 -9999 -9999 -9999 4.87123E0 -9999 -9999 -9999 -9999 -9999 -9999 -9999 -9999 -9999 -9999 -9999 -9999 -9999 -9999 -9999 -9999 4.05271E0 3.47375E0 3.03454E0 3.47375E0 3.47375E0 3.47375E0 4.05271E0 5.58994E0 6.44839E0 4.87123E0 4.05271E0 4.05271E0 4.87123E0 4.87123E0 4.05271E0 4.05271E0 4.87123E0 -9999 -9999 -9999 -9999 -9999 -9999 -9999 -9999 -9999 -9999 -9999 -9999
-9999 -9999 -9999 -9999 -9999 -9999 -9999 -9999 -9999 -9999 -9999 -9999 -9999 -9999 -9999 -9999 -9999 -9999 -9999 -9999 -9999 -9999 4.87123E0 -9999 -9999 -9999 -9999 -9999 -9999 -9999 -9999 -9999 -9999 -9999 -9999 -9999 -9999 -9999 -9999 3.47375E0 1.4973E0 3.03454E0 3.47375E0 3.47375E0 3.47375E0 4.05271E0 4.87123E0 5.58994E0 4.87123E0 4.05271E0 4.87123E0 4.05271E0 4.87123E0 4.87123E0 4.05271E0 4.05271E0 -9999 -9999 -9999 -9999 -9999 -9999 -9999 -9999 -9999 -9999 -9999 -9999
-9999 -9999 -9999 -9999 -9999 -9999 -9999 -9999 -9999 -9999 -9999 -9999 -9999 -9999 -9999 -9999 -9999 -9999 -9999 -9999 -9999 4.87123E0 4.87123E0 4.87123E0 -9999 -9999 -9999 -9999 -9999 -9999 -9999 -9999 -9999 -9999 -9999 -9999 -9999 -9999 -9999 4.05271E0 3.47375E0 3.47375E0 3.47375E0 3.47375E0 4.05271E0 4.87123E0 4.87123E0 5.58994E0 4.87123E0 4.87123E0 4.05271E0 4.87123E0 4.87123E0 4.87123E0 4.87123E0 -9999 -9999 -9999 -9999 -9999 -9999 -9999 -9999 -9999 -9999 -9999 -9999 -9999
-9999 -9999 -9999 -9999 -9999 -9999 -9999 -9999 -9999 -9999 -9999 -9999 -9999 -9999 -9999 -9999 -9999 -9999 -9999 -9999 4.87123E0 4.87123E0 4.87123E0 5.58994E0 5.58994E0 -9999 -9999 -9999 -9999 -9999 -9999 -9999 -9999 -9999 -9999 -9999 -9999 -9999 1.73687E0 -9999 1.97644E0 2.29587E0 3.47375E0 4.05271E0 4.05271E0 4.05271E0 4.87123E0 6.44839E0 5.58994E0 4.87123E0 4.05271E0 4.87123E0 4.87123E0 4.87123E0 5.58994E0 -9999 -9999 -9999 -9999 -9999 -9999 -9999 -9999 -9999 -9999 -9999 -9999 -9999
-9999 -9999 -9999 -9999 -9999 -9999 -9999 -9999 -9999 -9999 -9999 -9999 -9999 -9999 -9999 -9999 -9999 -9999 -9999 4.05271E0 4.87123E0 4.87123E0 5.58994E0 5.58994E0 5.58994E0 5.58994E0 -9999 -9999 -9999 -9999 -9999 -9999 -9999 -9999 -9999 -9999 -9999 -9999 -9999 -9999 3.47375E0 2.61529E0 3.47375E0 3.17429E0 4.87123E0 4.87123E0 5.58994E0 5.58994E0 4.87123E0 4.87123E0 4.87123E0 5.58994E0 6.44839E0 6.44839E0 5.58994E0 -9999 -9999 -9999 -9999 -9999 -9999 -9999 -9999 -9999 -9999 -9999 -9999 -9999
-9999 -9999 -9999 -9999 -9999 -9999 -9999 -9999 -9999 -9999 -9999 -9999 -9999 -9999 -9999 -9999 -9999 4.05271E0 4.87123E0 4.87123E0 4.87123E0 5.58994E0 5.58994E0 5.58994E0 5.58994E0 6.44839E0 6.44839E0 -9999 -9999 -9999 -9999 -9999 -9999 -9999 -9999 -9999 -9999 -9999 -9999 -9999 3.47375E0 3.47375E0 3.47375E0 3.47375E0 4.05271E0 4.87123E0 5.58994E0 4.87123E0 4.87123E0 5.58994E0 4.87123E0 6.44839E0 7.06728E0 6.44839E0 4.87123E0 -9999 -9999 -9999 -9999 -9999 -9999 -9999 -9999 -9999 -9999 -9999 -9999 -9999
-9999 -9999 -9999 -9999 -9999 -9999 -9999 -9999 -9999 -9999 -9999 -9999 -9999 -9999 4.05271E0 4.87123E0 4.87123E0 4.87123E0 4.87123E0 4.87123E0 5.58994E0 5.58994E0 5.58994E0 5.58994E0 6.44839E0 6.44839E0 6.44839E0 7.06728E0 -9999 -9999 -9999 -9999 -9999 -9999 -9999 -9999 -9999 -9999 -9999 4.05271E0 3.47375E0 3.47375E0 4.05271E0 4.05271E0 4.05271E0 4.87123E0 6.44839E0 4.87123E0 4.87123E0 4.87123E0 4.87123E0 6.44839E0 7.06728E0 6.44839E0 -9999 -9999 -9999 -9999 -9999 -9999 -9999 -9999 -9999 -9999 -9999 -9999 -9999 -9999
-9999 -9999 -9999 -9999 -9999 -9999 -9999 -9999 -9999 -9999 -9999 4.05271E0 4.05271E0 4.05271E0 4.05271E0 4.87123E0 4.87123E0 5.58994E0 5.58994E0 5.58994E0 5.58994E0 5.58994E0 6.44839E0 6.44839E0 6.44839E0 6.44839E0 6.44839E0 7.06728E0 7.06728E0 -9999 -9999 -9999 -9999 -9999 -9999 -9999 -9999 -9999 -9999 4.05271E0 3.47375E0 3.47375E0 3.47375E0 3.47375E0 4.05271E0 4.87123E0 5.58994E0 5.58994E0 4.87123E0 4.87123E0 4.87123E0 6.44839E0 7.06728E0 -9999 -9999 -9999 -9999 -9999 -9999 -9999 -9999 -9999 -9999 -9999 -9999 -9999 -9999 -9999
-9999 -9999 -9999 -9999 -9999 -9999 -9999 -9999 4.05271E0 4.05271E0 4.05271E0 4.05271E0 4.05271E0 4.87123E0 4.87123E0 4.05271E0 5.58994E0 5.58994E0 5.58994E0 5.58994E0 5.58994E0 6.44839E0 6.44839E0 6.44839E0 6.44839E0 6.44839E0 6.44839E0 7.06728E0 7.06728E0 7.06728E0 -9999 -9999 -9999 -9999 -9999 -9999 -9999 -9999 -9999 3.47375E0 3.47375E0 3.47375E0 3.47375E0 3.47375E0 4.05271E0 5.58994E0 4.87123E0 4.87123E0 4.87123E0 4.87123E0 5.58994E0 6.44839E0 6.44839E0 -9999 -9999 -9999 -9999 -9999 -9999 -9999 -9999 -9999 -9999 -9999 -9999 -9999 -9999 -9999
-9999 5.58994E0 4.87123E0 4.87123E0 4.05271E0 4.05271E0 4.05271E0 4.05271E0 4.05271E0 3.47375E0 4.05271E0 4.87123E0 4.87123E0 4.87123E0 4.87123E0 4.87123E0 5.58994E0 5.58994E0 5.58994E0 6.44839E0 6.44839E0 6.44839E0 6.44839E0 6.44839E0 6.44839E0 7.06728E0 7.06728E0 7.06728E0 7.06728E0 7.06728E0 7.06728E0 -9999 -9999 -9999 -9999 -9999 -9999 -9999 -9999 3.47375E0 1.0581E0 3.47375E0 3.47375E0 4.05271E0 4.05271E0 5.58994E0 5.58994E0 4.87123E0 4.05271E0 4.87123E0 6.44839E0 6.44839E0 5.58994E0 -9999 -9999 -9999 -9999 -9999 -9999 -9999 -9999 -9999 -9999 -9999 -9999 -9999 -9999 -9999
6.44839E0 5.58994E0 4.87123E0 4.87123E0 4.87123E0 4.05271E0 4.05271E0 4.05271E0 4.05271E0 3.47375E0 4.87123E0 4.87123E0 4.87123E0 4.87123E0 4.87123E0 4.87123E0 5.58994E0 5.58994E0 6.44839E0 6.44839E0 6.44839E0 6.44839E0 6.44839E0 6.44839E0 6.44839E0 7.06728E0 7.06728E0 7.06728E0 7.06728E0 7.06728E0 7.06728E0 6.44839E0 -9999 -9999 -9999 -9999 -9999 -9999 -9999 -9999 3.47375E0 3.47375E0 3.17429E0 4.05271E0 4.05271E0 5.58994E0 5.58994E0 4.87123E0 4.87123E0 5.58994E0 7.06728E0 6.44839E0 6.44839E0 4.87123E0 -9999 -9999 -9999 -9999 -9999 -9999 -9999 -9999 -9999 -9999 -9999 -9999 -9999 -9999
6.44839E0 5.58994E0 4.87123E0 4.87123E0 4.87123E0 4.87123E0 3.47375E0 4.05271E0 3.47375E0 3.47375E0 4.87123E0 4.87123E0 4.87123E0 5.58994E0 4.87123E0 5.58994E0 5.58994E0 5.58994E0 6.44839E0 6.44839E0 6.44839E0 6.44839E0 6.44839E0 7.06728E0 7.06728E0 7.06728E0 7.06728E0 7.06728E0 7.06728E0 7.06728E0 6.44839E0 6.44839E0 6.44839E0 -9999 -9999 -9999 -9999 -9999 -9999 -9999 4.05271E0 4.05271E0 4.05271E0 2.63526E0 4.05271E0 4.87123E0 5.58994E0 4.87123E0 4.87123E0 6.44839E0 7.06728E0 6.44839E0 5.58994E0 -9999 -9999 -9999 -9999 -9999 -9999 -9999 -9999 -9999 -9999 -9999 -9999 -9999 -9999 -9999
5.58994E0 5.58994E0 4.87123E0 4.87123E0 4.87123E0 4.87123E0 4.05271E0 4.05271E0 4.05271E0 4.05271E0 4.05271E0 4.05271E0 4.05271E0 4.87123E0 4.87123E0 5.58994E0 6.44839E0 6.44839E0 6.44839E0 6.44839E0 6.44839E0 6.44839E0 7.06728E0 7.06728E0 7.06728E0 7.06728E0 7.06728E0 7.06728E0 7.06728E0 7.06728E0 6.44839E0 6.44839E0 6.44839E0 5.58994E0 5.58994E0 -9999 -9999 -9999 -9999 -9999 3.47375E0 2.35576E0 4.05271E0 4.05271E0 4.87123E0 4.87123E0 4.87123E0 4.05271E0 5.58994E0 6.44839E0 7.86584E0 6.44839E0 6.44839E0 -9999 -9999 -9999 -9999 -9999 -9999 -9999 -9999 -9999 -9999 -9999 -9999 -9999 -9999 -9999
5.58994E0 5.58994E0 4.87123E0 4.87123E0 4.05271E0 4.05271E0 4.05271E0 4.05271E0 4.05271E0 4.05271E0 4.05271E0 4.87123E0 4.87123E0 4.87123E0 4.87123E0 6.44839E0 6.44839E0 6.44839E0 6.44839E0 6.44839E0 6.44839E0 6.44839E0 6.44839E0 7.06728E0 7.86584E0 7.86584E0 7.86584E0 7.06728E0 7.06728E0 7.06728E0 7.06728E0 6.44839E0 5.58994E0 6.44839E0 4.87123E0 4.87123E0 -9999 -9999 -9999 -9999 4.05271E0 4.05271E0 4.87123E0 4.87123E0 4.87123E0 4.87123E0 4.87123E0 4.87123E0 5.58994E0 7.06728E0 6.14893E0 6.44839E0 -9999 -9999 -9999 -9999 -9999 -9999 -9999 -9999 -9999 -9999 -9999 -9999 -9999 -9999 -9999 -9999
5.58994E0 4.87123E0 5.58994E0 4.87123E0 4.05271E0 4.05271E0 4.05271E0 4.05271E0 4.05271E0 4.05271E0 4.05271E0 4.87123E0 5.58994E0 4.87123E0 6.44839E0 6.44839E0 6.44839E0 6.44839E0 6.44839E0 6.44839E0 6.44839E0 7.06728E0 7.06728E0 7.06728E0 7.86584E0 7.86584E0 7.86584E0 7.86584E0 7.86584E0 7.06728E0 6.44839E0 6.44839E0 6.44839E0 5.58994E0 5.58994E0 4.87123E0 4.87123E0 4.87123E0 -9999 -9999 -9999 -9999 -9999 4.87123E0 4.87123E0 4.87123E0 4.87123E0 4.87123E0 6.44839E0 3.334E0 5.66979E0 7.06728E0 -9999 -9999 -9999 -9999 -9999 -9999 -9999 -9999 -9999 -9999 -9999 -9999 -9999 -9999 -9999 -9999
5.58994E0 5.58994E0 4.87123E0 4.87123E0 4.87123E0 4.87123E0 4.05271E0 4.87123E0 4.05271E0 4.05271E0 4.87123E0 4.05271E0 5.58994E0 5.58994E0 6.44839E0 6.44839E0 6.44839E0 6.44839E0 6.44839E0 6.44839E0 6.44839E0 7.06728E0 7.06728E0 7.86584E0 7.86584E0 7.86584E0 7.86584E0 7.86584E0 7.86584E0 7.06728E0 6.44839E0 6.44839E0 6.44839E0 6.44839E0 5.58994E0 5.58994E0 5.58994E0 4.87123E0 4.87123E0 -9999 -9999 -9999 -9999 5.58994E0 5.58994E0 5.58994E0 4.87123E0 4.87123E0 6.44839E0 7.06728E0 7.06728E0 6.44839E0 -9999 -9999 -9999 -9999 -9999 -9999 -9999 -9999 -9999 -9999 -9999 -9999 -9999 -9999 -9999 -9999
5.58994E0 5.58994E0 5.58994E0 4.87123E0 4.87123E0 4.87123E0 4.87123E0 4.87123E0 4.87123E0 4.87123E0 4.87123E0 4.87123E0 5.58994E0 4.87123E0 5.58994E0 5.58994E0 6.44839E0 6.44839E0 6.44839E0 7.06728E0 7.06728E0 7.06728E0 7.86584E0 7.86584E0 7.86584E0 7.86584E0 7.86584E0 7.06728E0 7.06728E0 7.06728E0 7.06728E0 7.06728E0 6.44839E0 6.44839E0 5.58994E0 6.44839E0 5.58994E0 5.58994E0 4.87123E0 5.58994E0 -9999 -9999 -9999 -9999 -9999 -9999 5.58994E0 5.58994E0 5.58994E0 7.06728E0 7.06728E0 -9999 -9999 -9999 -9999 -9999 -9999 -9999 -9999 -9999 -9999 -9999 -9999 -9999 -9999 -9999 -9999 -9999
7.06728E0 5.58994E0 5.58994E0 5.58994E0 4.87123E0 4.87123E0 4.87123E0 4.87123E0 4.87123E0 4.87123E0 4.87123E0 4.87123E0 4.87123E0 5.58994E0 5.58994E0 5.58994E0 6.44839E0 6.44839E0 7.06728E0 7.06728E0 7.06728E0 7.06728E0 7.06728E0 7.86584E0 7.86584E0 7.86584E0 7.06728E0 7.06728E0 7.86584E0 7.06728E0 7.06728E0 7.06728E0 6.44839E0 6.44839E0 6.44839E0 5.58994E0 5.58994E0 5.58994E0 5.58994E0 5.58994E0 3.79317E0 -9999 -9999 -9999 -9999 5.58994E0 6.44839E0 7.06728E0 6.44839E0 7.06728E0 7.06728E0 -9999 -9999 -9999 -9999 -9999 -9999 -9999 -9999 -9999 -9999 -9999 -9999 -9999 -9999 -9999 -9999 -9999
7.06728E0 6.44839E0 5.58994E0 5.58994E0 5.58994E0 5.58994E0 5.58994E0 5.58994E0 5.58994E0 5.58994E0 5.58994E0 5.58994E0 4.87123E0 5.58994E0 5.58994E0 5.58994E0 5.58994E0 7.06728E0 7.06728E0 7.06728E0 7.06728E0 7.06728E0 7.06728E0 7.06728E0 7.86584E0 7.86584E0 7.86584E0 7.86584E0 7.86584E0 7.06728E0 7.06728E0 7.06728E0 6.44839E0 7.06728E0 6.44839E0 6.44839E0 6.44839E0 6.44839E0 3.43382E0 6.44839E0 4.93112E0 4.31224E0 6.44839E0 -9999 -9999 5.58994E0 7.06728E0 7.86584E0 7.86584E0 7.06728E0 7.06728E0 -9999 -9999 -9999 -9999 -9999 -9999 -9999 -9999 -9999 -9999 -9999 -9999 -9999 -9999 -9999 -9999 -9999
7.06728E0 6.44839E0 6.44839E0 6.44839E0 6.44839E0 6.44839E0 5.58994E0 5.58994E0 5.58994E0 5.58994E0 5.58994E0 5.58994E0 5.58994E0 5.58994E0 5.58994E0 5.58994E0 6.44839E0 6.44839E0 7.06728E0 7.06728E0 7.06728E0 7.06728E0 7.06728E0 7.86584E0 7.06728E0 7.86584E0 7.86584E0 7.86584E0 7.86584E0 7.86584E0 7.06728E0 7.86584E0 7.06728E0 6.44839E0 7.06728E0 7.06728E0 7.06728E0 6.44839E0 5.66979E0 6.44839E0 7.06728E0 5.05091E0 6.44839E0 6.44839E0 6.44839E0 7.06728E0 7.06728E0 8.76422E0 8.76422E0 7.86584E0 7.06728E0 -9999 -9999 -9999 -9999 -9999 -9999 -9999 -9999 -9999 -9999 -9999 -9999 -9999 -9999 -9999 6.44839E0 -9999
7.06728E0 7.06728E0 6.44839E0 6.44839E0 6.44839E0 6.44839E0 6.44839E0 6.44839E0 6.44839E0 6.44839E0 5.58994E0 5.58994E0 5.58994E0 5.58994E0 5.58994E0 5.58994E0 6.44839E0 6.44839E0 6.44839E0 7.06728E0 7.86584E0 7.86584E0 7.86584E0 7.86584E0 7.86584E0 7.86584E0 7.86584E0 7.86584E0 7.86584E0 7.86584E0 7.06728E0 7.86584E0 7.06728E0 7.06728E0 7.06728E0 7.06728E0 7.06728E0 7.06728E0 4.39209E0 7.06728E0 7.06728E0 7.06728E0 7.06728E0 6.44839E0 7.06728E0 7.06728E0 7.86584E0 7.86584E0 8.76422E0 7.86584E0 7.06728E0 7.06728E0 -9999 -9999 -9999 -9999 -9999 -9999 -9999 -9999 -9999 -9999 -9999 -9999 -9999 6.44839E0 6.44839E0 -9999
7.06728E0 7.06728E0 7.06728E0 6.44839E0 6.44839E0 6.44839E0 6.44839E0 6.44839E0 6.44839E0 6.44839E0 6.44839E0 6.44839E0 6.44839E0 6.44839E0 6.44839E0 6.44839E0 6.44839E0 6.44839E0 6.44839E0 7.86584E0 7.86584E0 7.86584E0 7.86584E0 7.86584E0 7.86584E0 8.76422E0 7.06728E0 7.06728E0 7.86584E0 7.06728E0 7.06728E0 7.06728E0 7.06728E0 7.06728E0 7.06728E0 7.06728E0 7.06728E0 7.06728E0 7.06728E0 4.39209E0 6.44839E0 6.30864E0 6.44839E0 6.44839E0 7.06728E0 7.06728E0 7.86584E0 8.76422E0 1.01417E1 8.76422E0 7.86584E0 7.86584E0 -9999 -9999 -9999 -9999 -9999 -9999 -9999 -9999 -9999 -9999 -9999 -9999 -9999 7.06728E0 6.44839E0 -9999
7.06728E0 7.06728E0 7.06728E0 6.44839E0 6.44839E0 6.44839E0 6.44839E0 6.44839E0 6.44839E0 6.44839E0 6.44839E0 6.44839E0 6.44839E0 6.44839E0 6.44839E0 6.44839E0 6.44839E0 6.44839E0 7.06728E0 7.06728E0 7.86584E0 7.86584E0 7.86584E0 7.86584E0 7.86584E0 7.86584E0 7.86584E0 7.06728E0 7.86584E0 7.06728E0 7.06728E0 7.06728E0 7.06728E0 7.06728E0 7.06728E0 7.06728E0 3.45378E0 5.05091E0 7.06728E0 6.44839E0 6.44839E0 4.93112E0 6.44839E0 6.44839E0 7.06728E0 7.86584E0 7.86584E0 7.86584E0 1.01417E1 1.01417E1 8.76422E0 7.86584E0 1.01417E1 -9999 -9999 -9999 -9999 -9999 -9999 -9999 -9999 -9999 -9999 -9999 7.86584E0 7.06728E0 7.06728E0 6.44839E0
7.06728E0 7.06728E0 7.06728E0 7.06728E0 7.06728E0 7.06728E0 6.44839E0 6.44839E0 6.44839E0 6.44839E0 6.44839E0 6.44839E0 6.44839E0 6.44839E0 6.44839E0 6.44839E0 6.44839E0 6.44839E0 7.06728E0 7.86584E0 7.86584E0 7.86584E0 7.86584E0 7.86584E0 7.86584E0 7.86584E0 7.86584E0 7.06728E0 7.86584E0 7.06728E0 7.06728E0 7.86584E0 7.06728E0 7.06728E0 7.06728E0 7.06728E0 7.06728E0 7.06728E0 6.30864E0 6.44839E0 6.44839E0 5.58994E0 6.44839E0 6.44839E0 6.44839E0 7.06728E0 7.06728E0 8.76422E0 1.17588E1 1.17588E1 1.17588E1 8.76422E0 6.14893E0 -9999 -9999 -9999 -9999 -9999 -9999 -9999 7.86584E0 7.86584E0 -9999 -9999 7.06728E0 6.44839E0 7.06728E0 7.06728E0
7.06728E0 7.06728E0 7.06728E0 7.06728E0 7.06728E0 7.06728E0 6.44839E0 7.06728E0 6.44839E0 6.44839E0 6.44839E0 7.06728E0 6.44839E0 7.06728E0 7.06728E0 6.44839E0 7.06728E0 7.06728E0 7.06728E0 7.06728E0 7.86584E0 7.86584E0 7.86584E0 7.86584E0 7.86584E0 7.86584E0 7.86584E0 7.86584E0 7.86584E0 7.06728E0 7.06728E0 7.06728E0 7.06728E0 7.86584E0 7.06728E0 7.86584E0 7.06728E0 5.05091E0 6.44839E0 6.44839E0 5.58994E0 5.58994E0 5.58994E0 6.44839E0 7.06728E0 7.06728E0 7.86584E0 6.78778E0 1.01417E1 1.17588E1 1.17588E1 1.01417E1 7.86584E0 -9999 -9999 -9999 -9999 -9999 -9999 -9999 7.86584E0 7.86584E0 8.76422E0 -9999 7.06728E0 7.06728E0 7.06728E0 6.44839E0
7.06728E0 7.06728E0 7.86584E0 7.86584E0 7.06728E0 7.06728E0 6.44839E0 7.06728E0 7.06728E0 7.06728E0 7.06728E0 7.06728E0 7.06728E0 7.06728E0 7.06728E0 7.06728E0 7.06728E0 7.06728E0 7.06728E0 7.06728E0 7.86584E0 7.86584E0 7.86584E0 7.86584E0 7.86584E0 7.86584E0 7.86584E0 7.86584E0 7.86584E0 7.06728E0 7.06728E0 7.06728E0 7.06728E0 7.86584E0 7.86584E0 7.86584E0 7.06728E0 6.30864E0 6.44839E0 6.44839E0 5.58994E0 6.44839E0 5.58994E0 5.58994E0 7.06728E0 7.06728E0 7.86584E0 6.14893E0 3.87303E0 8.92394E0 1.17588E1 1.01417E1 8.76422E0 7.86584E0 -9999 -9999 -9999 -9999 -9999 -9999 -9999 7.86584E0 7.86584E0 7.86584E0 7.06728E0 7.06728E0 7.06728E0 7.06728E0
7.06728E0 7.86584E0 7.06728E0 7.06728E0 7.06728E0 7.06728E0 7.06728E0 7.06728E0 7.06728E0 7.06728E0 7.06728E0 7.06728E0 7.06728E0 7.06728E0 7.06728E0 7.06728E0 7.06728E0 7.06728E0 7.06728E0 7.06728E0 7.06728E0 7.86584E0 7.86584E0 7.86584E0 7.86584E0 7.86584E0 7.86584E0 7.86584E0 7.86584E0 7.86584E0 7.06728E0 7.06728E0 7.06728E0 7.06728E0 6.3885E0 7.06728E0 5.05091E0 6.30864E0 6.44839E0 6.44839E0 5.58994E0 6.44839E0 5.58994E0 6.44839E0 6.44839E0 7.86584E0 7.06728E0 5.17069E0 1.39748E0 2.29587E0 5.17069E0 6.12897E0 8.76422E0 7.86584E0 -9999 -9999 -9999 -9999 -9999 -9999 -9999 8.76422E0 7.86584E0 7.86584E0 7.06728E0 7.06728E0 7.86584E0 6.44839E0
7.06728E0 7.86584E0 7.06728E0 7.86584E0 7.06728E0 7.06728E0 7.06728E0 7.06728E0 7.06728E0 7.06728E0 7.06728E0 7.06728E0 7.06728E0 7.06728E0 7.06728E0 7.06728E0 7.06728E0 7.06728E0 7.06728E0 7.06728E0 7.06728E0 7.06728E0 7.86584E0 7.86584E0 7.86584E0 7.86584E0 7.86584E0 7.86584E0 6.3885E0 7.86584E0 7.86584E0 7.06728E0 7.06728E0 6.3885E0 5.09084E0 7.06728E0 4.39209E0 6.30864E0 6.44839E0 6.44839E0 6.44839E0 5.58994E0 6.44839E0 6.44839E0 6.44839E0 7.06728E0 7.86584E0 1.03813E0 7.58634E-1 2.01637E0 3.17429E0 6.44839E0 8.76422E0 8.76422E0 -9999 -9999 -9999 -9999 -9999 -9999 -9999 -9999 8.76422E0 7.86584E0 7.06728E0 7.06728E0 7.06728E0 6.44839E0
7.06728E0 7.86584E0 7.86584E0 7.86584E0 7.06728E0 7.06728E0 7.06728E0 7.06728E0 6.44839E0 7.06728E0 7.06728E0 7.06728E0 7.06728E0 7.06728E0 7.06728E0 7.06728E0 7.06728E0 7.06728E0 7.06728E0 7.06728E0 7.06728E0 5.09084E0 7.86584E0 7.86584E0 7.86584E0 7.86584E0 7.86584E0 5.09084E0 4.47195E0 7.86584E0 7.86584E0 5.72969E0 7.06728E0 7.06728E0 6.3885E0 7.86584E0 4.39209E0 5.66979E0 4.93112E0 7.06728E0 7.06728E0 6.44839E0 6.44839E0 6.44839E0 7.06728E0 7.06728E0 1.39748E0 1.03813E0 3.57357E0 2.17608E0 7.82591E0 1.07806E1 1.17588E1 1.01417E1 7.86584E0 7.06728E0 -9999 -9999 -9999 -9999 -9999 -9999 -9999 8.76422E0 7.86584E0 7.06728E0 7.06728E0 7.06728E0
