ENM/Final_Models/M_0.8_F_q_Set_1_EC/Gustavia_santanderiensis_Choco_max.asc
ncols         367
nrows         963
xllcorner     -78.6
yllcorner     0.65
cellsize      0.00833333333333323
NODATA_value  -9999
[rows 210 to 244 of 963, columns 234 to 311 of 367]
1E0 1E0 1E0 1E0 1E0 1E0 1E0 1E0 1E0 1E0 1E0 1E0 1E0 1E0 1E0 1E0 1E0 1E0 1E0 1E0 9.99998E-1 1E0 1E0 1E0 1E0 1E0 9.98938E-1 1E0 1E0 9.99998E-1 9.9997E-1 9.99988E-1 8.81181E-1 7.75162E-1 2.32308E-1 9.94806E-1 9.94603E-1 9.89579E-1 9.93041E-1 3.2321E-1 2.2953E-1 7.83447E-3 4.82748E-3 1.39893E-2 1.43867E-3 7.93639E-4 4.12966E-3 2.43492E-3 3.26257E-3 3.94547E-3 4.14192E-3 7.68771E-3 3.13311E-3 5.05718E-3 1.27257E-3 2.93742E-3 7.30452E-3 3.96868E-3 1.6468E-3 1.81801E-3 8.75604E-4 1.59178E-3 1.6198E-3 2.8347E-4 4.88391E-4 4.00564E-4 1.72955E-3 9.12238E-4 2.81321E-4 3.38834E-4 1.58855E-4 2.69268E-4 1.584E-4 -9999 -9999 -9999 -9999 -9999
1E0 1E0 1E0 1E0 1E0 1E0 1E0 1E0 1E0 1E0 1E0 1E0 1E0 1E0 1E0 1E0 1E0 1E0 1E0 1E0 9.97808E-1 1E0 1E0 1E0 1E0 1E0 1E0 1E0 1E0 9.99639E-1 9.93085E-1 9.86651E-1 9.88221E-1 9.81225E-1 2.15173E-1 7.42583E-1 9.37001E-1 9.38952E-1 9.4828E-1 2.4571E-1 1.07872E-1 6.80863E-4 1.47479E-3 4.04077E-3 1.29105E-3 6.24889E-4 3.75275E-4 1.74585E-3 1.89168E-3 4.84238E-3 5.32993E-3 1.03961E-2 5.21686E-3 2.45032E-3 3.26229E-3 6.63955E-3 5.59817E-3 4.13356E-3 5.35717E-3 5.61701E-3 2.69135E-3 2.94909E-3 2.32709E-3 8.98873E-4 6.3232E-4 3.4633E-4 5.48053E-4 4.72652E-4 4.09432E-4 6.27089E-4 4.59028E-4 5.86574E-4 4.10935E-4 -9999 -9999 -9999 -9999 -9999
1E0 1E0 1E0 1E0 1E0 1E0 1E0 1E0 1E0 1E0 1E0 1E0 1E0 1E0 1E0 1E0 1E0 1E0 1E0 1E0 1E0 1E0 1E0 1E0 1E0 9.99913E-1 1E0 1E0 1E0 9.49583E-1 8.99178E-1 9.14045E-1 1E0 9.82057E-1 9.99893E-1 9.99437E-1 9.83564E-1 9.32477E-1 6.47906E-1 2.70709E-1 8.61456E-3 9.50707E-4 9.32782E-4 6.52426E-4 6.61276E-4 8.84086E-4 2.31683E-3 2.40917E-3 6.02726E-3 1.03272E-2 1.05755E-2 8.2744E-3 5.15865E-3 4.4138E-3 3.94743E-3 3.02594E-3 1.06179E-2 7.30532E-3 1.87272E-3 4.36031E-3 5.33525E-3 1.32565E-3 8.15923E-4 7.90387E-4 9.51618E-4 5.12246E-4 5.00104E-4 5.47056E-4 9.73769E-4 6.71692E-4 4.70485E-4 4.42637E-4 4.97097E-4 -9999 -9999 -9999 -9999 -9999
1E0 1E0 1E0 1E0 1E0 1E0 1E0 1E0 1E0 1E0 1E0 1E0 1E0 1E0 1E0 1E0 1E0 1E0 1E0 1E0 1E0 1E0 1E0 9.99856E-1 9.99301E-1 9.99997E-1 1E0 1E0 1E0 9.99894E-1 9.55662E-1 9.29465E-1 9.99929E-1 1E0 1E0 9.99993E-1 8.07285E-1 4.64042E-1 9.93798E-2 3.64148E-2 1.00702E-2 6.19924E-3 3.41923E-3 1.35455E-3 1.4325E-3 3.70057E-3 1.57526E-3 3.72011E-3 4.55128E-3 7.50965E-3 1.85056E-2 1.35189E-2 9.98387E-3 3.41223E-3 1.38257E-3 1.36128E-3 2.98483E-3 1.39285E-3 2.90291E-3 7.6515E-3 3.04322E-3 8.04164E-4 3.62492E-4 4.89296E-4 8.01027E-4 4.24631E-4 9.90642E-4 3.83822E-4 5.08128E-4 3.4643E-4 2.72363E-4 2.87183E-4 -9999 -9999 -9999 -9999 -9999 -9999
1E0 1E0 9.91533E-1 9.99999E-1 1E0 1E0 1E0 1E0 1E0 1E0 1E0 1E0 1E0 1E0 1E0 1E0 1E0 1E0 1E0 1E0 1E0 1E0 1E0 1E0 9.99999E-1 1E0 1E0 1E0 1E0 9.64744E-1 7.98934E-1 8.14623E-1 9.00508E-1 9.9982E-1 1E0 1E0 9.87212E-1 5.54487E-1 1.4174E-1 4.88684E-2 4.20388E-3 1.53552E-3 2.78157E-3 1.27764E-3 2.70639E-3 1.72674E-3 5.08516E-4 4.88621E-3 1.45051E-2 2.30618E-2 2.24985E-2 1.38764E-2 1.25886E-2 6.24247E-3 3.04247E-3 2.14182E-3 2.57412E-3 2.04552E-3 1.68362E-3 9.38346E-3 6.39014E-3 1.45512E-3 8.01736E-4 7.21077E-4 1.33522E-3 4.44131E-4 4.79864E-4 6.97937E-4 5.38687E-4 7.01631E-4 2.05377E-4 4.62012E-4 2.00925E-3 -9999 -9999 -9999 -9999 -9999
1E0 7.89321E-1 6.7094E-1 9.73305E-1 1E0 1E0 1E0 1E0 1E0 1E0 1E0 1E0 1E0 1E0 1E0 1E0 1E0 1E0 1E0 1E0 1E0 1E0 1E0 1E0 1E0 1E0 1E0 1E0 9.99999E-1 9.78079E-1 7.42074E-1 7.00428E-1 7.128E-1 8.31089E-1 1E0 9.45069E-1 2.2834E-1 4.55192E-1 2.72761E-2 2.86189E-2 1.12147E-2 2.98017E-3 1.03236E-3 7.56947E-4 1.52174E-3 8.85798E-4 2.90677E-3 6.68082E-3 1.13733E-2 1.6675E-2 8.58729E-3 8.47799E-3 1.31966E-2 1.11838E-2 9.53084E-3 5.51246E-3 8.58153E-3 8.12872E-3 1.31901E-2 7.37863E-3 4.31318E-3 1.99503E-3 7.78663E-3 3.27732E-3 4.77594E-3 2.10619E-3 1.80406E-3 2.99951E-3 9.4973E-4 8.97386E-4 2.0665E-4 1.31192E-3 4.6254E-3 -9999 -9999 -9999 -9999 -9999
9.99945E-1 5.93536E-1 2.10756E-1 6.24682E-1 1E0 1E0 1E0 1E0 1E0 1E0 1E0 1E0 1E0 1E0 1E0 1E0 1E0 1E0 1E0 1E0 1E0 1E0 1E0 1E0 1E0 1E0 1E0 1E0 1E0 9.99994E-1 9.23704E-1 8.77137E-1 7.25094E-1 9.99737E-1 9.99499E-1 8.31363E-1 3.71425E-2 1.35115E-1 8.54373E-2 1.83177E-2 2.13971E-2 1.88974E-3 9.67185E-4 2.16493E-3 2.8631E-3 1.07981E-3 5.27255E-3 8.75602E-3 1.84577E-2 2.34676E-2 9.96719E-3 7.83171E-3 8.68059E-3 7.25992E-3 6.55242E-3 2.48439E-3 2.41001E-3 2.90803E-3 6.18461E-3 6.48545E-3 7.20377E-3 2.53839E-3 3.49076E-3 3.87414E-3 4.90304E-3 2.40529E-3 2.7456E-3 1.31996E-3 8.99468E-4 4.47962E-4 1.57281E-4 1.85201E-3 4.97683E-3 -9999 -9999 -9999 -9999 -9999
9.96717E-1 8.85271E-1 5.11247E-1 4.34002E-1 8.67461E-1 1E0 1E0 1E0 1E0 1E0 1E0 1E0 1E0 1E0 1E0 1E0 1E0 1E0 1E0 1E0 1E0 1E0 1E0 1E0 1E0 1E0 1E0 1E0 1E0 1E0 9.9986E-1 9.75996E-1 9.01947E-1 9.0825E-1 1E0 9.96939E-1 3.58863E-1 2.59806E-1 1.54842E-1 6.09946E-2 5.27644E-2 2.97401E-3 3.37914E-3 9.81656E-4 1.56561E-3 6.09111E-3 7.72579E-4 5.1128E-3 2.64673E-2 2.27562E-2 1.5875E-2 1.02042E-2 9.30626E-3 4.93573E-3 3.74737E-3 3.09121E-3 1.92233E-3 1.55313E-3 2.41628E-3 5.78309E-3 7.01904E-3 7.11452E-3 3.74852E-3 3.38646E-3 4.46907E-3 3.5119E-3 4.24099E-3 2.14268E-3 7.45124E-4 3.18953E-4 1.9104E-4 2.79393E-3 9.53349E-3 -9999 -9999 -9999 -9999 -9999
1E0 9.98996E-1 9.96453E-1 9.95895E-1 3.08546E-1 9.99999E-1 1E0 1E0 1E0 1E0 1E0 1E0 1E0 1E0 1E0 1E0 1E0 1E0 1E0 1E0 1E0 1E0 1E0 1E0 1E0 1E0 1E0 1E0 1E0 1E0 9.99752E-1 8.99329E-1 8.65411E-1 9.40655E-1 9.97725E-1 9.99994E-1 9.99864E-1 8.11416E-1 4.52164E-1 7.29944E-2 7.4153E-2 2.37447E-2 4.40804E-3 1.34648E-3 2.60365E-3 9.83855E-4 8.13476E-4 1.57605E-2 1.4145E-2 2.08957E-2 1.58494E-2 1.67355E-2 1.34745E-2 7.25175E-3 4.87675E-3 5.17455E-3 7.88412E-3 2.49211E-3 2.93488E-3 4.41238E-3 5.40691E-3 6.07955E-3 3.15435E-3 3.57277E-3 3.93778E-3 2.68416E-3 1.94563E-3 3.35433E-3 1.59871E-3 8.39619E-4 7.07743E-4 3.25762E-3 1.2712E-2 -9999 -9999 -9999 -9999 -9999
1E0 9.99996E-1 9.99998E-1 1E0 1E0 1E0 1E0 1E0 1E0 1E0 1E0 1E0 1E0 1E0 1E0 1E0 1E0 1E0 1E0 1E0 1E0 1E0 1E0 1E0 1E0 1E0 1E0 1E0 1E0 1E0 9.73356E-1 9.20068E-1 8.37838E-1 9.84918E-1 9.99799E-1 1E0 9.99997E-1 4.26029E-1 5.83635E-2 5.75731E-3 5.64411E-3 2.3121E-2 2.02583E-2 8.04709E-3 1.6201E-3 5.96045E-4 1.54579E-3 6.86669E-3 1.01031E-2 2.34654E-2 2.14128E-2 2.43598E-2 1.50902E-2 1.69075E-2 3.93836E-3 9.82311E-3 1.81915E-2 7.46401E-3 6.93076E-3 4.43136E-3 1.13213E-3 8.88259E-4 1.71693E-3 2.84427E-3 1.06554E-3 1.4703E-3 5.15874E-4 2.64778E-3 6.44413E-4 3.68104E-4 8.2141E-4 1.58868E-3 1.62859E-3 -9999 -9999 -9999 -9999 -9999
1E0 1E0 1E0 1E0 1E0 1E0 1E0 1E0 1E0 1E0 1E0 1E0 1E0 1E0 1E0 1E0 1E0 1E0 1E0 1E0 1E0 1E0 1E0 1E0 1E0 1E0 1E0 1E0 1E0 9.98713E-1 9.11719E-1 9.96495E-1 9.94693E-1 1E0 1E0 9.99999E-1 9.9721E-1 1.24648E-1 1.06049E-2 4.24084E-3 6.01483E-4 9.07967E-5 5.17451E-4 3.67451E-4 2.18212E-3 1.59116E-3 7.99086E-4 1.36117E-3 2.00756E-2 2.16716E-2 1.43332E-2 1.01562E-2 7.4907E-3 8.4169E-3 1.55756E-3 8.06324E-3 1.10664E-2 4.43041E-3 1.15806E-2 4.96321E-3 7.17266E-4 7.01634E-4 1.74672E-3 1.90644E-3 9.94747E-4 1.07656E-3 7.71194E-4 7.97953E-4 4.88138E-4 1.78129E-4 8.1899E-4 3.47574E-4 2.03826E-4 -9999 -9999 -9999 -9999 -9999
1E0 1E0 1E0 1E0 1E0 1E0 1E0 1E0 1E0 1E0 1E0 1E0 1E0 1E0 1E0 1E0 1E0 1E0 1E0 1E0 1E0 1E0 1E0 1E0 1E0 1E0 1E0 1E0 1E0 9.95076E-1 4.33778E-1 6.62336E-1 5.93261E-1 9.99856E-1 1E0 9.99769E-1 3.67934E-1 6.06628E-2 2.48999E-2 1.39661E-2 6.74064E-4 1.93452E-4 3.53314E-4 6.32583E-4 4.69898E-4 5.27319E-4 8.9503E-4 1.44841E-3 2.72705E-3 9.53901E-3 2.17188E-2 2.00352E-2 1.01065E-2 1.09848E-2 3.61207E-3 6.31896E-3 1.32137E-2 9.75084E-3 8.69595E-3 2.01713E-2 5.68457E-3 1.17907E-3 1.43636E-3 1.33102E-3 6.14639E-4 1.05455E-3 6.06312E-4 4.06555E-4 2.21332E-4 3.92677E-4 1.08434E-3 9.4211E-4 -9999 -9999 -9999 -9999 -9999 -9999
1E0 1E0 1E0 1E0 1E0 1E0 1E0 1E0 1E0 1E0 1E0 1E0 1E0 1E0 1E0 1E0 1E0 1E0 1E0 1E0 1E0 1E0 1E0 1E0 1E0 1E0 1E0 1E0 9.99918E-1 9.97806E-1 3.96687E-1 4.01352E-1 7.31145E-1 9.94929E-1 1E0 9.99657E-1 2.39396E-1 5.77309E-1 4.53126E-2 1.57987E-2 4.10442E-3 1.57759E-3 4.84927E-4 6.52395E-4 9.44103E-4 5.88954E-4 9.62203E-4 1.71689E-3 6.72784E-4 1.33131E-2 2.17359E-2 1.59591E-2 1.30666E-2 2.38032E-2 5.73526E-3 2.77015E-3 5.54181E-3 5.70247E-3 6.83107E-3 1.83707E-2 1.63964E-2 3.02437E-3 2.30918E-3 1.82509E-3 6.61751E-4 1.03013E-3 6.86412E-4 5.21486E-4 3.63595E-4 9.56596E-4 6.58553E-4 4.9394E-4 -9999 -9999 -9999 -9999 -9999 -9999
1E0 1E0 1E0 1E0 1E0 1E0 1E0 1E0 1E0 1E0 1E0 1E0 1E0 1E0 1E0 1E0 1E0 1E0 1E0 1E0 1E0 1E0 1E0 1E0 1E0 1E0 1E0 1E0 9.99657E-1 9.99901E-1 5.72326E-1 5.63469E-1 9.92095E-1 9.86021E-1 1E0 9.99682E-1 2.71664E-1 4.03933E-1 9.36639E-2 6.30682E-2 4.68859E-2 1.34352E-2 2.5665E-3 5.95302E-4 9.39841E-4 1.09474E-3 2.40686E-3 8.05884E-3 1.10919E-3 1.8023E-2 3.08372E-2 3.47969E-2 3.89502E-2 3.82733E-2 5.24306E-3 4.42382E-3 4.68074E-3 7.71421E-3 6.31469E-3 1.29056E-2 1.23494E-2 5.24508E-3 2.0799E-3 2.50664E-3 2.59712E-3 8.51969E-4 6.43946E-4 4.96299E-4 5.62015E-4 8.53803E-4 6.69276E-4 2.52524E-4 -9999 -9999 -9999 -9999 -9999 -9999
1E0 1E0 1E0 1E0 1E0 1E0 1E0 1E0 1E0 1E0 1E0 1E0 1E0 1E0 1E0 1E0 1E0 1E0 1E0 1E0 1E0 1E0 1E0 1E0 1E0 1E0 1E0 1E0 1E0 9.9777E-1 8.80243E-1 9.73167E-1 9.98217E-1 1E0 1E0 1E0 2.50217E-1 2.26345E-2 5.33747E-2 8.22124E-2 2.90181E-2 2.53647E-3 1.78714E-3 5.2818E-4 6.08746E-4 1.02153E-3 2.01301E-3 1.07073E-3 6.62844E-3 4.45296E-2 1.61013E-2 1.10012E-2 1.22894E-2 2.26759E-2 7.66878E-3 1.79941E-3 5.56181E-3 4.76903E-3 9.09982E-3 1.56548E-2 1.25203E-2 1.61509E-2 5.50452E-3 1.83295E-3 2.49402E-3 2.15608E-3 8.55375E-4 5.19231E-4 6.18868E-4 7.71115E-4 5.77852E-4 -9999 -9999 -9999 -9999 -9999 -9999 -9999
1E0 1E0 1E0 1E0 1E0 1E0 1E0 1E0 1E0 1E0 1E0 1E0 1E0 1E0 1E0 1E0 1E0 1E0 1E0 1E0 1E0 1E0 1E0 1E0 1E0 1E0 1E0 1E0 1E0 9.99999E-1 9.87519E-1 9.86621E-1 9.93505E-1 9.96378E-1 1E0 1E0 5.4795E-1 1.09175E-1 8.76313E-3 1.39605E-2 2.06192E-3 6.36522E-4 6.39856E-4 9.78748E-4 7.59691E-4 9.89756E-4 1.4788E-3 2.91634E-3 6.10709E-3 2.4777E-2 1.38104E-2 9.21759E-3 5.16598E-3 2.14512E-2 8.8887E-3 1.80588E-3 6.13551E-3 3.72912E-3 4.65947E-3 7.7721E-3 2.74879E-2 1.79908E-2 6.30516E-3 1.14664E-3 1.12443E-3 1.82137E-3 2.21795E-3 8.51332E-4 9.16083E-4 8.2872E-4 -9999 -9999 -9999 -9999 -9999 -9999 -9999 -9999
1E0 1E0 1E0 1E0 1E0 1E0 1E0 1E0 1E0 1E0 1E0 1E0 1E0 1E0 1E0 1E0 1E0 1E0 1E0 1E0 9.99452E-1 1E0 1E0 1E0 1E0 1E0 1E0 1E0 1E0 9.80008E-1 7.92363E-1 5.84592E-1 9.06402E-1 9.99936E-1 1E0 1E0 1.06363E-1 2.03014E-2 4.05758E-3 2.30654E-3 1.65615E-3 9.79968E-4 4.01625E-4 7.61458E-4 5.40285E-4 7.26325E-4 1.23795E-3 3.12766E-4 3.19994E-3 2.72088E-2 1.88451E-2 1.96499E-2 2.10925E-2 2.73311E-2 9.1847E-3 5.11705E-3 3.26082E-3 5.40058E-3 5.48612E-3 2.11549E-2 2.60995E-2 1.00935E-2 5.6554E-3 2.22384E-3 8.72878E-4 1.12084E-3 6.07951E-4 9.34893E-4 1.40787E-3 1.13107E-3 -9999 -9999 -9999 -9999 -9999 -9999 -9999 -9999
1E0 1E0 1E0 1E0 1E0 1E0 1E0 1E0 1E0 1E0 1E0 1E0 1E0 1E0 1E0 1E0 1E0 1E0 1E0 1E0 1E0 1E0 1E0 1E0 1E0 1E0 1E0 1E0 1E0 9.94377E-1 9.99465E-1 8.19757E-1 1E0 1E0 1E0 9.99722E-1 2.84517E-2 7.1712E-3 3.85E-3 8.64594E-4 4.3442E-4 3.79889E-4 6.05618E-4 1.11078E-3 2.71002E-3 1.97238E-3 1.085E-3 1.26374E-3 7.62551E-4 5.5851E-3 1.65502E-2 1.68328E-2 3.00655E-2 2.48112E-2 1.14491E-2 8.23766E-3 1.05327E-3 3.09944E-3 2.76622E-2 2.97213E-2 1.09812E-2 8.79256E-3 9.41352E-3 4.52448E-3 2.79736E-3 1.88401E-3 1.70518E-3 3.11002E-3 1.54796E-3 -9999 -9999 -9999 -9999 -9999 -9999 -9999 -9999 -9999
9.99986E-1 9.99992E-1 1E0 1E0 1E0 1E0 1E0 1E0 1E0 1E0 1E0 1E0 1E0 1E0 1E0 1E0 1E0 1E0 1E0 1E0 1E0 1E0 1E0 1E0 1E0 1E0 1E0 1E0 1E0 1E0 9.98442E-1 9.16408E-1 1E0 1E0 1E0 1E0 1.08722E-1 1.41308E-2 1.32977E-2 4.56476E-3 5.37217E-4 7.57733E-4 5.05447E-4 8.65798E-4 1.30631E-3 5.18689E-4 8.87638E-4 1.13511E-3 3.88821E-3 1.59428E-3 1.37607E-3 6.88865E-3 2.79083E-2 3.76103E-2 1.33049E-2 3.89788E-3 1.48427E-3 2.34744E-3 1.14939E-2 1.88828E-2 4.53546E-3 6.65038E-3 6.23933E-3 1.38683E-2 6.08957E-3 9.46173E-3 4.83265E-3 4.15648E-3 -9999 -9999 -9999 -9999 -9999 -9999 -9999 -9999 -9999 -9999
9.99997E-1 9.99799E-1 9.99993E-1 1E0 1E0 1E0 1E0 1E0 1E0 1E0 1E0 1E0 1E0 1E0 1E0 1E0 1E0 1E0 1E0 1E0 1E0 1E0 1E0 1E0 1E0 1E0 1E0 1E0 1E0 9.96029E-1 9.99071E-1 8.58257E-1 9.95081E-1 1E0 1E0 1E0 9.93833E-1 9.72447E-1 7.12139E-2 1.07067E-2 6.98053E-3 4.43339E-3 2.04653E-3 2.00225E-4 6.83331E-4 5.07173E-4 5.09706E-4 1.5298E-3 6.1792E-3 4.86179E-3 7.29704E-4 2.11781E-3 9.21724E-3 2.60854E-2 1.10162E-2 6.95108E-3 2.14338E-3 1.6932E-3 1.03073E-2 1.67981E-2 8.8723E-3 5.60183E-3 6.62774E-3 5.35363E-3 9.48873E-3 1.13453E-2 8.29163E-3 -9999 -9999 -9999 -9999 -9999 -9999 -9999 -9999 -9999 -9999 -9999
1E0 9.99999E-1 9.99372E-1 9.78452E-1 9.99993E-1 1E0 1E0 1E0 1E0 1E0 1E0 1E0 1E0 1E0 1E0 1E0 1E0 1E0 1E0 1E0 1E0 1E0 1E0 1E0 1E0 1E0 1E0 1E0 9.99968E-1 9.97721E-1 9.9833E-1 9.86407E-1 9.9226E-1 9.62051E-1 9.93653E-1 1E0 1E0 9.99919E-1 8.39709E-2 8.16785E-2 3.6444E-2 4.36884E-3 4.25921E-3 4.20791E-4 1.81863E-3 8.56734E-4 4.11024E-4 4.11347E-3 3.06363E-3 4.73866E-3 4.31647E-3 4.74998E-4 1.22128E-3 3.27567E-3 1.52044E-2 1.46707E-2 4.6927E-3 3.3114E-3 5.94161E-3 7.22827E-3 8.42762E-3 8.17324E-3 9.79285E-3 1.07108E-2 6.66808E-3 6.86356E-3 -9999 -9999 -9999 -9999 -9999 -9999 -9999 -9999 -9999 -9999 -9999 -9999
1E0 9.99977E-1 9.91057E-1 9.9336E-1 9.94759E-1 9.99975E-1 1E0 1E0 1E0 1E0 1E0 1E0 1E0 1E0 1E0 1E0 1E0 1E0 1E0 1E0 1E0 1E0 1E0 1E0 1E0 1E0 1E0 1E0 1E0 9.86446E-1 9.97776E-1 8.13071E-1 5.7973E-1 4.95891E-1 4.98403E-1 9.85558E-1 9.99996E-1 9.86296E-1 1.4093E-1 5.99839E-2 4.11375E-2 2.85822E-3 3.80287E-3 5.83357E-4 9.94014E-4 8.33012E-4 2.74167E-3 9.55895E-3 5.77478E-3 4.0177E-3 1.18542E-3 1.61787E-3 4.12055E-3 3.25511E-3 9.43124E-3 2.60759E-3 7.52143E-3 4.31874E-3 8.34402E-3 7.37553E-3 7.11144E-3 9.92637E-3 7.62756E-3 4.98374E-3 3.53285E-3 6.19319E-3 -9999 -9999 -9999 -9999 -9999 -9999 -9999 -9999 -9999 -9999 -9999 -9999
1E0 1E0 9.96529E-1 9.99865E-1 9.99995E-1 9.99998E-1 1E0 1E0 1E0 1E0 1E0 1E0 1E0 1E0 1E0 1E0 1E0 1E0 1E0 1E0 1E0 1E0 1E0 1E0 1E0 1E0 1E0 1E0 9.99989E-1 9.98202E-1 8.19399E-1 9.05748E-1 6.96636E-1 8.5416E-1 7.39266E-1 9.73476E-1 1E0 9.92026E-1 6.88412E-2 2.63089E-3 5.71482E-3 8.00857E-4 1.69365E-3 2.95056E-4 5.06146E-4 7.05049E-4 9.96922E-4 1.65689E-3 3.62875E-4 6.44329E-4 8.28466E-4 5.67373E-4 1.1784E-3 2.94864E-3 1.60857E-3 2.73524E-3 3.61222E-3 4.34784E-3 5.22233E-3 5.08544E-3 7.44139E-3 4.80284E-3 7.65392E-3 8.24302E-3 7.85539E-3 -9999 -9999 -9999 -9999 -9999 -9999 -9999 -9999 -9999 -9999 -9999 -9999 -9999
9.9074E-1 9.10518E-1 8.81381E-1 9.11999E-1 9.79843E-1 9.98949E-1 9.99941E-1 1E0 1E0 1E0 1E0 1E0 1E0 1E0 1E0 1E0 1E0 1E0 1E0 1E0 1E0 1E0 1E0 1E0 1E0 1E0 1E0 1E0 1E0 9.52026E-1 8.95038E-1 6.66991E-1 6.69413E-1 5.51521E-1 6.22881E-1 9.75024E-1 1E0 9.99571E-1 5.61262E-2 9.9326E-3 1.21087E-3 1.67742E-3 6.32655E-4 1.18864E-3 3.7777E-4 4.3604E-4 4.0688E-4 2.06848E-4 1.75393E-4 2.04653E-4 6.95055E-5 5.09403E-5 1.48989E-4 2.5597E-5 1.83925E-3 3.00447E-3 8.42663E-4 1.14277E-3 1.68346E-3 6.92783E-3 3.38918E-3 2.32802E-3 7.23271E-3 2.29612E-3 -9999 -9999 -9999 -9999 -9999 -9999 -9999 -9999 -9999 -9999 -9999 -9999 -9999 -9999
9.97775E-1 6.00389E-1 4.31707E-1 7.16949E-1 8.3619E-1 8.84261E-1 9.73166E-1 9.93787E-1 9.99959E-1 1E0 1E0 1E0 1E0 1E0 1E0 1E0 1E0 9.9778E-1 1E0 1E0 1E0 1E0 1E0 1E0 1E0 1E0 1E0 9.99105E-1 8.95173E-1 9.44573E-1 7.61747E-1 7.3582E-1 7.432E-1 5.21397E-1 4.63423E-1 8.37992E-1 1E0 9.9992E-1 3.11864E-1 4.15806E-2 3.05799E-3 3.46851E-3 7.84926E-4 3.93206E-4 6.01307E-4 1.05174E-3 5.46062E-4 3.8736E-4 4.76234E-4 3.5961E-4 2.97147E-4 8.01447E-5 1.87307E-5 1.91811E-5 9.21206E-5 8.24933E-4 6.7446E-4 7.92134E-4 1.75573E-3 1.08901E-3 2.33997E-3 9.57626E-3 2.57663E-3 -9999 -9999 -9999 -9999 -9999 -9999 -9999 -9999 -9999 -9999 -9999 -9999 -9999 -9999 -9999
1E0 7.76832E-1 5.89373E-1 4.65487E-1 9.11971E-1 8.87412E-1 9.24555E-1 9.96464E-1 9.99952E-1 1E0 1E0 1E0 1E0 1E0 1E0 1E0 1E0 1E0 9.83765E-1 1E0 1E0 1E0 1E0 1E0 1E0 1E0 1E0 9.26544E-1 9.23785E-1 9.93701E-1 9.74233E-1 5.85201E-1 6.14518E-1 7.05835E-1 6.07189E-1 5.97309E-1 8.96841E-1 1E0 7.39682E-2 1.66474E-2 4.31629E-4 1.21288E-3 5.02014E-3 1.94682E-4 4.66553E-4 7.18053E-3 2.96791E-3 7.58184E-4 5.05287E-4 4.42193E-4 3.22237E-4 9.2421E-5 3.14698E-5 6.61395E-5 4.67549E-4 4.70563E-5 1.91241E-5 8.35596E-5 1.05303E-3 8.67599E-4 6.95541E-4 1.46279E-3 -9999 -9999 -9999 -9999 -9999 -9999 -9999 -9999 -9999 -9999 -9999 -9999 -9999 -9999 -9999 -9999
1E0 1E0 5.72691E-1 2.82805E-1 4.61854E-1 8.73935E-1 9.87242E-1 9.96211E-1 9.9928E-1 9.99967E-1 1E0 1E0 1E0 9.99998E-1 1E0 1E0 1E0 1E0 1E0 1E0 1E0 1E0 1E0 1E0 1E0 1E0 1E0 9.86682E-1 9.91515E-1 9.97874E-1 9.89879E-1 6.53064E-1 4.87137E-1 5.93202E-1 5.05622E-1 4.61332E-1 5.67654E-1 9.05037E-1 4.10507E-2 1.8964E-2 2.36989E-2 2.81092E-2 1.39647E-2 6.96512E-4 5.97808E-4 4.01995E-3 3.40702E-3 7.20846E-4 2.80723E-4 6.34179E-4 1.69874E-4 1.4981E-4 7.74058E-5 6.6082E-5 5.0442E-5 8.34674E-6 1.05741E-5 2.45876E-5 1.77056E-4 9.17004E-4 1.08368E-3 -9999 -9999 -9999 -9999 -9999 -9999 -9999 -9999 -9999 -9999 -9999 -9999 -9999 -9999 -9999 -9999 -9999
1E0 1E0 8.03289E-1 6.65908E-1 3.80355E-1 2.22387E-1 3.86559E-1 9.34854E-1 9.59712E-1 9.74794E-1 9.9976E-1 1E0 1E0 9.95234E-1 1E0 1E0 1E0 1E0 1E0 1E0 1E0 1E0 1E0 1E0 1E0 1E0 1E0 9.38539E-1 9.81507E-1 9.87017E-1 7.1339E-1 7.89421E-1 5.83067E-1 6.1282E-1 4.18016E-1 4.04596E-1 5.44973E-1 7.93246E-1 9.50871E-2 1.79028E-1 1.53748E-1 8.48235E-2 4.30765E-2 9.22194E-4 1.26066E-3 3.80109E-3 3.53117E-3 3.66343E-3 3.43269E-3 1.33806E-3 5.97958E-4 8.91592E-5 1.50827E-5 1.3369E-5 3.32516E-5 4.83392E-5 1.28933E-5 6.40976E-5 7.33785E-5 4.52381E-5 -9999 -9999 -9999 -9999 -9999 -9999 -9999 -9999 -9999 -9999 -9999 -9999 -9999 -9999 -9999 -9999 -9999 -9999
1E0 1E0 9.99726E-1 9.96219E-1 6.26793E-1 1.85126E-1 1.7196E-1 8.84637E-1 9.95695E-1 9.80189E-1 9.99998E-1 1E0 1E0 9.99632E-1 9.99944E-1 1E0 1E0 1E0 1E0 1E0 1E0 1E0 1E0 1E0 1E0 1E0 1E0 9.43819E-1 9.1943E-1 7.73659E-1 6.51687E-1 6.03751E-1 6.07226E-1 4.30784E-1 3.90983E-1 2.1342E-1 2.23728E-1 3.04649E-1 3.14908E-1 4.30269E-1 1.96622E-1 1.42075E-1 4.19545E-3 8.07045E-4 4.08561E-3 7.75091E-3 3.98739E-3 1.46923E-3 3.94477E-3 4.68941E-3 2.03852E-3 4.5462E-4 3.98034E-5 2.823E-6 4.52998E-6 2.94055E-4 5.33322E-5 6.88331E-5 2.02239E-5 1.25339E-4 -9999 -9999 -9999 -9999 -9999 -9999 -9999 -9999 -9999 -9999 -9999 -9999 -9999 -9999 -9999 -9999 -9999 -9999
1E0 1E0 1E0 9.99932E-1 9.43846E-1 3.88214E-1 1.48806E-1 6.9465E-1 7.80771E-1 9.27612E-1 1E0 1E0 1E0 9.99983E-1 9.63404E-1 8.86121E-1 9.68054E-1 1E0 1E0 1E0 1E0 1E0 1E0 1E0 1E0 1E0 1E0 9.72997E-1 9.17345E-1 9.78267E-1 3.77713E-1 4.53052E-1 5.65227E-1 5.90429E-1 2.84246E-1 1.8984E-1 3.24956E-1 5.09489E-1 7.5221E-2 3.08843E-1 6.15144E-2 2.69066E-2 2.07249E-3 2.80933E-3 1.10256E-2 6.73726E-3 3.24087E-3 4.99506E-3 2.68677E-3 1.11785E-3 1.35644E-3 5.21536E-4 1.49835E-5 -9999 -9999 2.01853E-5 5.2176E-6 1.11697E-6 2.56452E-5 -9999 -9999 -9999 -9999 -9999 -9999 -9999 -9999 -9999 -9999 -9999 -9999 -9999 -9999 -9999 -9999 -9999 -9999 -9999
1E0 1E0 1E0 9.99999E-1 9.9856E-1 8.93385E-1 2.79315E-1 2.6697E-1 9.88517E-1 9.99077E-1 1E0 1E0 1E0 1E0 1E0 9.84877E-1 9.99998E-1 1E0 1E0 1E0 1E0 1E0 1E0 1E0 1E0 1E0 1E0 9.97063E-1 8.77493E-1 8.36688E-1 5.10263E-1 3.30636E-1 5.56554E-1 6.66206E-1 2.25294E-1 2.90469E-1 2.34896E-1 2.89714E-1 1.27132E-1 1.83027E-1 5.14031E-2 3.04632E-2 2.11375E-2 6.86262E-3 1.23353E-2 1.38218E-2 2.62917E-3 1.49705E-3 2.20749E-3 2.31441E-4 3.17409E-5 1.14758E-5 6.39536E-6 6.66893E-6 7.98968E-7 -9999 7.09103E-6 -9999 -9999 -9999 -9999 -9999 -9999 -9999 -9999 -9999 -9999 -9999 -9999 -9999 -9999 -9999 -9999 -9999 -9999 -9999 -9999 -9999
1E0 1E0 1E0 1E0 1E0 9.99596E-1 3.80676E-1 2.73041E-1 9.49516E-1 9.92397E-1 9.99966E-1 1E0 1E0 1E0 1E0 9.97192E-1 1E0 9.98007E-1 1E0 1E0 1E0 1E0 1E0 1E0 1E0 1E0 1E0 9.9967E-1 9.49255E-1 8.58678E-1 5.59892E-1 4.60445E-1 3.11667E-1 3.50447E-1 2.19016E-1 1.86764E-1 1.56404E-1 1.88267E-1 7.44837E-2 3.27206E-2 1.01162E-2 1.52171E-2 2.32135E-2 2.52039E-2 2.9549E-2 4.41773E-3 1.33836E-3 9.04988E-4 3.94298E-3 4.99901E-4 3.40658E-4 7.67952E-5 3.92636E-6 4.60225E-7 5.43486E-7 1.70213E-5 -9999 -9999 -9999 -9999 -9999 -9999 -9999 -9999 -9999 -9999 -9999 -9999 -9999 -9999 -9999 -9999 -9999 -9999 -9999 -9999 -9999 -9999
1E0 1E0 1E0 1E0 1E0 9.86097E-1 1.14507E-1 9.21766E-2 5.97056E-1 9.99217E-1 1E0 1E0 1E0 1E0 9.99993E-1 9.30887E-1 9.37441E-1 9.64114E-1 1E0 1E0 1E0 1E0 1E0 1E0 1E0 1E0 1E0 9.99572E-1 9.99694E-1 9.98374E-1 4.87836E-1 3.29881E-1 2.39904E-1 3.05062E-1 3.24945E-1 2.22935E-1 1.8034E-1 9.81632E-2 6.16257E-2 4.41545E-2 2.66197E-3 3.4362E-3 4.40721E-3 1.67913E-2 9.62934E-3 1.11196E-2 1.31591E-2 3.60322E-3 5.63861E-3 3.80997E-3 1.12245E-3 1.59483E-4 6.74799E-6 3.74572E-6 6.26118E-7 3.6747E-6 -9999 -9999 -9999 -9999 -9999 -9999 -9999 -9999 -9999 -9999 -9999 -9999 -9999 -9999 -9999 -9999 -9999 -9999 -9999 -9999 -9999 -9999
1E0 1E0 1E0 1E0 1E0 9.99181E-1 3.26438E-1 1.49179E-1 5.08445E-1 9.94722E-1 9.99997E-1 1E0 1E0 1E0 9.99766E-1 9.95147E-1 9.99655E-1 9.99051E-1 9.46477E-1 1E0 1E0 1E0 1E0 1E0 1E0 1E0 1E0 9.9811E-1 9.99693E-1 9.99932E-1 6.4935E-1 4.06476E-1 2.59639E-1 2.96025E-1 4.73142E-1 2.03305E-1 7.13309E-2 8.90327E-2 2.09566E-2 5.18719E-2 3.04111E-2 4.88591E-3 2.71129E-3 2.30258E-3 3.83653E-2 4.60361E-3 3.19813E-3 3.7709E-3 3.72752E-3 3.91029E-3 2.05333E-3 4.34284E-4 5.19388E-5 5.12637E-5 1.24439E-5 -9999 -9999 -9999 -9999 -9999 -9999 -9999 -9999 -9999 -9999 -9999 -9999 -9999 -9999 -9999 -9999 -9999 -9999 -9999 -9999 -9999 -9999 -9999
1E0 1E0 1E0 1E0 1E0 1E0 5.47962E-1 5.6617E-1 9.49998E-1 1E0 1E0 1E0 1E0 1E0 9.99993E-1 9.93079E-1 9.99873E-1 9.96924E-1 9.70885E-1 1E0 1E0 1E0 1E0 1E0 1E0 1E0 9.99995E-1 9.99991E-1 9.9999E-1 9.99984E-1 5.615E-1 4.01209E-1 5.74074E-1 5.77277E-1 3.42707E-1 1.75305E-1 1.06286E-1 1.38552E-1 9.01997E-2 5.37688E-2 4.59905E-2 3.0891E-2 3.07201E-2 6.31645E-4 1.89761E-3 1.19752E-2 7.38955E-3 1.63104E-3 1.19077E-3 1.86341E-3 2.55182E-3 6.83058E-3 2.7406E-3 4.98167E-4 1.2551E-4 1.44475E-5 -9999 -9999 -9999 -9999 -9999 -9999 -9999 -9999 -9999 -9999 -9999 -9999 -9999 -9999 -9999 -9999 -9999 -9999 -9999 -9999 -9999 -9999
