ENM/Final_Models/M_0.8_F_q_Set_1_EC/Gustavia_santanderiensis_3_Choco_novel.asc
ncols         367
nrows         963
xllcorner     -78.6
yllcorner     0.65
cellsize      0.00833333333333323
NODATA_value  -9999
[rows 600 to 629 of 963, columns 136 to 203 of 367]
-9999 -9999 -9999 -9999 -9999 -9999 -9999 -9999 -9999 -9999 -9999 -9999 -9999 -9999 -9999 -9999 -9999 -9999 -9999 -9999 -9999 -9999 -9999 -9999 -9999 -9999 -9999 -9999 -9999 -9999 -9999 -9999 -9999 -9999 -9999 -9999 1.79712E-1 1.39776E-1 1.99681E-2 -5.28846E0 -1.63497E1 -2.74847E1 -2.75767E1 -2.99693E1 -3.39877E1 -3.24847E1 -2.58589E1 -3.22393E1 -2.73006E1 -1.77885E1 -1.2362E1 -1.24233E1 -5.46012E0 -1.96319E0 -5.2454E0 1.99681E-2 -8.65385E0 -2.36196E0 1.99681E-2 -1.00307E1 -1.90184E0 -1.20192E1 -3.37423E0 1.39776E-1 5.99042E-2 1.99681E-2 5.99042E-2 2.39617E-1
-9999 -9999 -9999 -9999 -9999 -9999 -9999 -9999 -9999 -9999 -9999 -9999 -9999 -9999 -9999 -9999 -9999 -9999 -9999 -9999 -9999 -9999 -9999 -9999 -9999 -9999 -9999 -9999 -9999 -9999 -9999 -9999 -9999 -9999 -9999 -9999 1.99681E-1 1.39776E-1 1.99681E-2 -9999 -9999 -9999 -2.78528E1 -3.53374E1 -2.9908E1 -3.29755E1 -3.0092E1 -2.70245E1 -2.38344E1 -1.27301E1 -1.5E1 -1.29808E1 -7.51534E0 1.99681E-2 1.99681E-2 1.99681E-2 -3.09816E0 1.99681E-2 3.99361E-2 -7.08589E0 -8.19018E0 5.99042E-2 7.98722E-2 1.99681E-1 2.19649E-1 7.98722E-1 5.99042E-2 1.99681E-2
-9999 -9999 -9999 -9999 -9999 -9999 -9999 -9999 -9999 -9999 -9999 -9999 -9999 -9999 -9999 -9999 -9999 -9999 -9999 -9999 -9999 -9999 -9999 -9999 -9999 -9999 -9999 -9999 -9999 -9999 -9999 -9999 -9999 -9999 -9999 -9999 1.99681E-1 1.39776E-1 -9999 -6.25E0 -2.11538E1 -2.74038E1 -3.64417E1 -3.29755E1 -3.52761E1 -3.53067E1 -3.34356E1 -2.67178E1 -2.75153E1 -1.82692E1 -1.78834E1 -1.04294E1 -2.51534E0 1.99681E-2 1.99681E-2 1.99681E-2 -3.12883E0 -1.71779E0 -1.93252E0 -5E0 -1.48466E1 5.99042E-2 -2.36196E0 5.99042E-2 2.39617E-1 9.98403E-2 2.19649E-1 -1.31288E1
-9999 -9999 -9999 -9999 -9999 -9999 -9999 -9999 -9999 -9999 -9999 -9999 -9999 -9999 -9999 -9999 -9999 -9999 -9999 -9999 -9999 -9999 -9999 -9999 -9999 -9999 -9999 -9999 -9999 -9999 -9999 -9999 -9999 1.99681E-1 2.39617E-1 1.39776E-1 -9999 -9999 -9999 -6.73077E0 -2.16346E1 -2.69231E1 -3.39571E1 -4.07362E1 -3.99387E1 -3.68098E1 -3.06748E1 -2.65337E1 -2.49387E1 -1.78221E1 -1.59816E1 -9.81595E0 -1.22699E0 1.99681E-2 -1.44231E0 7.98722E-2 -2.85276E0 -1.04294E0 -2.97546E0 -1.26687E1 -1.10736E1 -1.58589E1 -2.6227E1 -2.20859E0 5.99042E-2 1.39776E-1 1.59744E-1 1.99681E-1
-9999 -9999 -9999 -9999 -9999 -9999 -9999 -9999 -9999 -9999 -9999 -9999 -9999 -9999 -9999 -9999 -9999 -9999 -9999 -9999 -9999 -9999 -9999 -9999 -9999 -9999 -9999 -9999 -9999 -9999 -9999 -9999 -9999 -9999 2.39617E-1 2.39617E-1 -8.19018E0 -1.15385E1 -2.25962E1 -7.21154E0 -2.3589E1 -2.83129E1 -2.74038E1 -2.67791E1 -2.49693E1 -3.22699E1 -2.30675E1 -3.01534E1 -3.01534E1 -1.72699E1 -1.7454E1 -1.21472E1 -1.50307E0 1.99681E-2 -2.79141E0 -5.58282E0 -8.43558E0 -5E0 5.99042E-2 -5.7362E0 -9.66258E0 -1.6135E1 -2.80982E1 1.99681E-2 -3.36538E0 -6.25E0 -5.52147E0 2.79553E-1
-9999 -9999 -9999 -9999 -9999 -9999 -9999 -9999 -9999 -9999 -9999 -9999 -9999 -9999 -9999 -9999 -9999 -9999 -9999 -9999 -9999 -9999 -9999 -9999 -9999 -9999 -9999 -9999 -9999 -9999 -9999 -9999 -9999 1.39776E-1 -9999 -6.47239E0 -2.40385E1 -3.03988E1 -2.88462E1 -2.83742E1 -2.97239E1 -3.31902E1 -3.75153E1 -3.37423E1 -3.48466E1 -2.56442E1 -3.30061E1 -2.2362E1 -1.98466E1 -1.80675E1 -1.77301E1 -1.5E1 -1.47239E0 1.99681E-2 -7.08589E0 -1.22393E1 -5.7362E0 -3.55828E0 -6.65644E0 -1.79141E1 -1.10429E0 -6.71779E0 -1.47853E1 1.99681E-2 1.99681E-2 9.98403E-2 1.99681E-2 1.99681E-2
-9999 -9999 -9999 -9999 -9999 -9999 -9999 -9999 -9999 -9999 -9999 -9999 -9999 -9999 -9999 -9999 -9999 -9999 -9999 -9999 -9999 -9999 -9999 -9999 -9999 -9999 -9999 -9999 -9999 -9999 -9999 -9999 -9999 1.99681E-1 -3.12883E0 -1.93558E1 -3.56748E1 -3.53988E1 -3.44479E1 -3.68405E1 -3.7546E1 -3.89264E1 -4.00613E1 -3.55828E1 -3.46626E1 -3.15644E1 -2.78834E1 -2.96626E1 -2.07669E1 -1.72699E1 -1.53067E1 -1.92025E1 -6.53374E0 -4.60123E0 -5.58282E0 -1.56442E1 -1.27914E1 -8.68098E0 -1.65644E1 -2.20859E1 -1.53374E0 1.99681E-2 1.99681E-2 -1.53846E1 -1.44231E0 1.99681E-2 -5.28846E0 -1.92308E0
-9999 -9999 -9999 -9999 -9999 -9999 -9999 -9999 -9999 -9999 -9999 -9999 -9999 -9999 -9999 -9999 -9999 -9999 -9999 -9999 -9999 -9999 -9999 -9999 -9999 -9999 -9999 -9999 -9999 -9999 -9999 -9999 -9999 3.99361E-2 -1.43558E1 -2.6319E1 -3.14724E1 -3.79141E1 -3.86503E1 -4.1135E1 -4.42638E1 -4.71779E1 -4.3681E1 -4.69939E1 -4.66564E1 -3.65644E1 -3.42331E1 -2.92025E1 -2.06442E1 -1.76074E1 -1.61656E1 -1.26994E1 -1.21472E1 -7.36196E0 -9.41718E0 -2.03681E1 -1.76687E1 -1.17485E1 -1.72393E1 -1.58282E1 -9.13461E0 1.99681E-2 2.79553E-1 6.1901E-1 -9.13461E0 -1.94785E1 -2.41411E1 -1.7454E1
-9999 -9999 -9999 -9999 -9999 -9999 -9999 -9999 -9999 -9999 -9999 -9999 -9999 -9999 -9999 -9999 -9999 -9999 -9999 -9999 -9999 -9999 -9999 -9999 -9999 -9999 -9999 -9999 -9999 -9999 -9999 1.47764E0 -9999 -1.65644E0 -1.54601E1 -3.2638E1 -3.32822E1 -3.91718E1 -3.87117E1 -4.68098E1 -4.35276E1 -4.23313E1 -4.19632E1 -4.42945E1 -4.58896E1 -4.08589E1 -2.67791E1 -2.42945E1 -2.32209E1 -1.71472E1 -1.16564E1 -1.75767E1 -1.76074E1 -1.15644E1 -1.52147E1 -1.89877E1 -2.10736E1 -1.36196E1 -1.76994E1 -8.17308E0 -4.04908E0 1.99681E-2 9.98403E-2 -4.80769E-1 -6.25E0 -7.69231E0 1.99681E-2 3.59425E-1
-9999 -9999 -9999 -9999 -9999 -9999 -9999 -9999 -9999 -9999 -9999 -9999 -9999 -9999 -9999 -9999 -9999 -9999 -9999 -9999 -9999 -9999 -9999 -9999 -9999 -9999 -9999 -9999 -9999 -9999 4.59265E-1 4.79233E-1 1.99681E-1 -1.55828E1 -2.93865E1 -3.44172E1 -4.15644E1 -4.19325E1 -3.77914E1 -4.29755E1 -4.95706E1 -4.6227E1 -3.96319E1 -3.93865E1 -4.00613E1 -3.32822E1 -2.58282E1 -2.43558E1 -1.53681E1 -2.18098E1 -2.09202E1 -1.60429E1 -2.14724E1 -1.50307E1 -1.01227E1 -1.15951E1 -1.47546E1 -4.0184E0 -8.17308E0 1.99681E-2 1.99681E-2 1.99681E-2 1.99681E-2 1.99681E-2 1.19808E-1 1.39776E-1 1.99681E-1 2.79553E-1
-9999 -9999 -9999 -9999 -9999 -9999 -9999 -9999 -9999 -9999 -9999 -9999 -9999 -9999 -9999 -9999 -9999 -9999 -9999 -9999 -9999 -9999 -9999 -9999 -9999 -9999 -9999 -9999 -9999 7.98722E-2 3.19489E-1 3.59425E-1 -6.38037E0 -2.39877E1 -3.72699E1 -3.84356E1 -4.26687E1 -4.48466E1 -4.42331E1 -4.84969E1 -4.81902E1 -4.61963E1 -4.03374E1 -3.14724E1 -2.96626E1 -2.49693E1 -1.76687E1 -1.90184E1 -1.34969E1 -1.87117E1 -2.07055E1 -1.82515E1 -1.53067E1 -1.12883E1 -1.50613E1 -1.54601E1 -1.39423E1 -1.15385E1 -5.28846E0 -8.65385E0 1.99681E-2 1.99681E-2 1.39776E-1 7.1885E-1 8.38658E-1 4.59265E-1 5.79073E-1 1.39776E-1
-9999 -9999 -9999 -9999 -9999 -9999 -9999 -9999 -9999 -9999 -9999 -9999 -9999 -9999 -9999 -9999 -9999 -9999 -9999 -9999 -9999 -9999 -9999 -9999 -9999 -9999 -9999 -9999 -9999 -1.09816E1 -1.27914E1 -2.31595E1 -2.32209E1 -3.47546E1 -4.0092E1 -4.76074E1 -4.70859E1 -4.50613E1 -4.07362E1 -4.46012E1 -4.27914E1 -3.53681E1 -3.08282E1 -2.95706E1 -2.61656E1 -1.83129E1 -1.7546E1 -1.10736E1 -5.4908E0 -9.7546E0 -1.20552E1 -1.17485E1 -8.65031E0 -5.88957E0 -5.9816E0 -1.02761E1 -1.20192E1 -1.20192E1 -1.53846E1 -1.49038E1 -1.44231E0 1.39776E-1 5.79073E-1 8.1869E-1 5.79073E-1 9.1853E-1 8.78594E-1 4.79233E-1
-9999 -9999 -9999 -9999 -9999 -9999 -9999 -9999 -9999 -9999 -9999 -9999 -9999 -9999 -9999 -9999 -9999 -9999 -9999 -9999 -9999 -9999 -9999 -9999 -9999 -9999 -9999 -9999 -9999 -3.04908E1 -3.56748E1 -3.33742E1 -3.94785E1 -3.98773E1 -4.4816E1 -4.07362E1 -4.54294E1 -4.83436E1 -3.77301E1 -4.58282E1 -4.21166E1 -3.06135E1 -3.15644E1 -3.23313E1 -2.3589E1 -1.63497E1 -8.49693E0 -8.19018E0 -4.20245E0 -1.16564E0 1.99681E-1 1.99681E-2 -3.37423E-1 -2.54601E0 1.99681E-2 -2.79141E0 -1.30675E1 -1.39423E1 -1.58654E1 -1.60123E1 -1.44231E0 1.99681E-1 6.38978E-1 9.1853E-1 1.99681E-1 8.1869E-1 1.7472E1 8.1869E-1
-9999 -9999 -9999 -9999 -9999 -9999 -9999 -9999 -9999 -9999 -9999 -9999 -9999 -9999 -9999 -9999 -9999 -9999 -9999 -9999 -9999 -9999 -9999 -9999 -9999 -9999 -9999 -9999 -9999 -4.46319E1 -4.52147E1 -3.73006E1 -3.39877E1 -3.76994E1 -4.38344E1 -4.21779E1 -4.42638E1 -4.23313E1 -3.86503E1 -4.21166E1 -4.19018E1 -2.68405E1 -3.07669E1 -3.00613E1 -1.55215E1 -1.69939E1 -8.74233E0 -1.19632E0 1.99681E-2 3.39457E-1 1.99681E-1 2.39617E-1 7.98722E-2 -1.10429E0 1.99681E-2 1.99681E-2 -7.76074E0 -1.25E1 -8.17308E0 -8.98773E0 -3.36538E0 1.79712E-1 3.79393E-1 7.58786E-1 5.79073E-1 1.47764E0 2.24042E1 1.23802E0
-9999 -9999 -9999 -9999 -9999 -9999 -9999 -9999 -9999 -9999 -9999 -9999 -9999 -9999 -9999 -9999 -9999 -9999 -9999 -9999 -9999 -9999 -9999 -9999 -9999 -9999 -9999 -9999 -9999 -9999 -4.54294E1 -4.49387E1 -4.39571E1 -3.79141E1 -4.27914E1 -4.06442E1 -4.35583E1 -3.84049E1 -4.10736E1 -4.12883E1 -4.3681E1 -3.09509E1 -2.74847E1 -2.32515E1 -1.29448E1 -1.04601E1 -4.93865E0 -2.88344E0 1.19808E-1 5.79073E-1 2.01677E0 6.38978E-1 1.39776E-1 1.99681E-2 1.39776E-1 3.99361E-2 1.99681E-2 -1.68269E1 -1.20192E1 -8.65385E0 -1.15644E1 -4.32692E0 2.99521E-1 1.79712E-1 1.19808E-1 2.99521E-1 1.31589E1 6.1901E-1
-9999 -9999 -9999 -9999 -9999 -9999 -9999 -9999 -9999 -9999 -9999 -9999 -9999 -9999 -9999 -9999 -9999 -9999 -9999 -9999 -9999 -9999 -9999 -9999 -9999 -9999 -9999 -9999 -9999 -9999 -9999 -9999 -4.65337E1 -4.4816E1 -4.6319E1 -4.59202E1 -4.47239E1 -4.84049E1 -3.95706E1 -3.58896E1 -3.31902E1 -2.70552E1 -2.1227E1 -2.33742E1 -1.38344E1 -7.42331E0 -7.88344E0 -1.44172E0 1.99681E-2 6.1901E-1 6.1901E-1 1.99681E-1 7.98722E-2 -5.09202E0 -5.55215E0 -1.39423E1 -8.17308E0 -1.47546E1 -1.00962E1 -4.80769E-1 -7.69939E0 -2.40385E0 1.99681E-2 1.99681E-2 1.39776E-1 2.97524E0 1.88498E1 4.59265E-1
-9999 -9999 -9999 -9999 -9999 -9999 -9999 -9999 -9999 -9999 -9999 -9999 -9999 -9999 -9999 -9999 -9999 -9999 -9999 -9999 -9999 -9999 -9999 -9999 -9999 -9999 -9999 -9999 -9999 -9999 -9999 -9999 -4.55828E1 -5.17178E1 -4.81902E1 -4.80675E1 -4.53067E1 -4.38037E1 -3.78221E1 -3.88957E1 -2.79448E1 -2.34663E1 -2.19325E1 -1.90491E1 -1.77885E1 -1.68269E1 -6.80982E0 1.99681E-2 -6.13497E-1 -1.31902E0 -8.80368E0 -7.14724E0 -1.03067E1 -6.10429E0 -1.03067E1 -6.73077E0 -1.3865E1 -1.34615E1 -1.20192E1 5.99042E-2 -4.32515E0 -4.32692E0 1.99681E-2 1.99681E-2 1.39776E-1 1.99681E-1 6.1901E-1 7.1885E-1
-9999 -9999 -9999 -9999 -9999 -9999 -9999 -9999 -9999 -9999 -9999 -9999 -9999 -9999 -9999 -9999 -9999 -9999 -9999 -9999 -9999 -9999 -9999 -9999 -9999 -9999 -9999 -9999 -9999 -9999 -9999 -9999 -4.92331E1 -4.07669E1 -4.17178E1 -5.18712E1 -5.05828E1 -3.4816E1 -3.16258E1 -3.125E1 -2.53988E1 -2.66564E1 -2.39264E1 -1.97115E1 -9.78528E0 -1.19018E1 -3.83436E0 5.99042E-2 -4.66258E0 -1.00307E1 -2.15951E1 -1.39877E1 -1.3589E1 -7.69231E0 1.39776E-1 1.99681E-2 -1.69325E1 -7.36196E-1 7.58786E-1 1.59545E1 1.99681E-2 1.99681E-2 -3.36538E0 1.99681E-2 1.99681E-2 2.39617E-1 1.99681E-1 7.38818E-1
-9999 -9999 -9999 -9999 -9999 -9999 -9999 -9999 -9999 -9999 -9999 -9999 -9999 -9999 -9999 -9999 -9999 -9999 -9999 -9999 -9999 -9999 -9999 -9999 -9999 -9999 -9999 -9999 -9999 -9999 -9999 -9999 -4.46319E1 -4.25153E1 -4.4816E1 -4.73926E1 -3.26994E1 -2.66258E1 -2.36503E1 -2.56135E1 -2.84049E1 -2.21779E1 -2.19632E1 -2.93269E1 -1.92308E1 -1.73077E1 -9.78528E0 -1.0184E1 -4.81595E0 -8.15951E0 -2.07975E1 -1.54908E1 -7.76074E0 1.39776E-1 4.19329E-1 2.59585E-1 -1.15385E1 1.877E0 2.36422E1 2.4361E0 1.99681E-2 5.99042E-2 1.99681E-2 1.99681E-2 1.19808E-1 1.39776E-1 1.39776E-1 3.59425E-1
-9999 -9999 -9999 -9999 -9999 -9999 -9999 -9999 -9999 -9999 -9999 -9999 -9999 -9999 -9999 -9999 -9999 -9999 -9999 -9999 -9999 -9999 -9999 -9999 -9999 -9999 -9999 -9999 -9999 -9999 -9999 -9999 -4.58282E1 -4.69939E1 -4.21166E1 -3.70859E1 -2.71166E1 -2.47239E1 -2.30368E1 -2.22393E1 -2.78221E1 -2.69325E1 -2.04908E1 -1.66871E1 -1.57669E1 -1.6135E1 -8.06748E0 -4.81595E0 -9.81595E0 -1.45399E1 -1.875E1 -1.39423E1 1.99681E-2 1.01837E0 3.33466E0 1.39776E0 -7.21154E0 1.99681E-1 1.0623E1 1.99681E-2 1.99681E-2 1.19808E-1 5.79073E-1 1.39776E-1 6.1901E-1 1.99681E-1 3.59425E-1 4.7524E0
-9999 -9999 -9999 -9999 -9999 -9999 -9999 -9999 -9999 -9999 -9999 -9999 -9999 -9999 -9999 -9999 -9999 -9999 -9999 -9999 -9999 -9999 -9999 -9999 -9999 -9999 -9999 -9999 -9999 -9999 -9999 -4.88957E1 -4.84049E1 -4.31288E1 -4.21166E1 -4.03988E1 -2.73313E1 -2.55828E1 -2.44479E1 -2.55521E1 -2.76074E1 -2.54908E1 -2.16346E1 -1.34356E1 -1.53988E1 -1.40184E1 -5.52147E0 -4.53988E0 -1.09202E1 -1.07669E1 -1.58589E1 -1.26994E1 -5.28846E0 8.78594E-1 3.33466E0 3.33466E0 5.79073E-1 1.99681E-2 -2.88462E0 4.7524E0 1.19808E-1 5.19169E-1 4.59265E-1 1.99681E-1 2.99521E-1 2.99521E-1 6.72923E0 2.07867E1
-9999 -9999 -9999 -9999 -9999 -9999 -9999 -9999 -9999 -9999 -9999 -9999 -9999 -9999 -9999 -9999 -9999 -9999 -9999 -9999 -9999 -9999 -9999 -9999 -9999 -9999 -9999 -9999 -9999 -9999 -4.47239E1 -4.75153E1 -4.70245E1 -4.67178E1 -3.8681E1 -3.99693E1 -3.3681E1 -2.80982E1 -2.23313E1 -2.42331E1 -2.37117E1 -2.57669E1 -2.16346E1 -1.23926E1 -6.01227E0 1.99681E-2 1.99681E-2 -2.97546E0 -1.45399E1 -1.26074E1 -1.91104E1 -7.33129E0 1.99681E-2 1.877E0 2.29633E0 3.57428E0 2.97524E0 9.98403E-2 -3.84615E0 9.98403E-2 1.99681E-2 1.99681E-2 5.19169E-1 1.39776E-1 1.19808E-1 1.41973E1 2.94129E1 3.02915E1
-9999 -9999 -9999 -9999 -9999 -9999 -9999 -9999 -9999 -9999 -9999 -9999 -9999 -9999 -9999 -9999 -9999 -9999 -9999 -9999 -9999 -9999 -9999 -9999 -9999 -9999 -9999 -9999 -9999 -9999 -3.77301E1 -4.24233E1 -4.16258E1 -4.15951E1 -3.61043E1 -3.05828E1 -3.54908E1 -3.15644E1 -2.73313E1 -2.32515E1 -3.11656E1 -2.40491E1 -1.44231E1 5.99042E-2 4.59265E-1 5.19169E-1 7.98722E-2 -2.76074E-1 -1.09509E1 -1.67485E1 -7.42331E0 1.99681E-2 2.99521E-1 8.38658E-1 1.01837E0 1.75719E0 3.19489E-1 2.79553E-1 1.19808E-1 -2.40385E0 -5.76923E0 1.99681E-2 9.98403E-2 1.19808E-1 1.99681E-1 2.99521E-1 2.58586E1 2.08866E1
-9999 -9999 -9999 -9999 -9999 -9999 -9999 -9999 -9999 -9999 -9999 -9999 -9999 -9999 -9999 -9999 -9999 -9999 -9999 -9999 -9999 -9999 -9999 -9999 -9999 -9999 -9999 -9999 -9999 -4.52454E1 -4.77301E1 -4.23313E1 -3.53988E1 -3.22115E1 -3.18405E1 -2.99693E1 -1.84969E1 -2.68405E1 -2.63497E1 -2.3865E1 -2.3865E1 -1.15031E1 -1.82692E1 -1.73077E1 4.79233E-1 1.59744E0 1.877E0 9.58466E-1 -1.10577E1 -2.01923E1 -1.15385E1 -1.00962E1 -8.68098E0 -6.73077E0 3.59425E-1 5.39137E-1 1.39776E-1 1.39776E-1 1.99681E-2 1.99681E-2 1.99681E-2 -1.92308E0 1.99681E-2 1.99681E-2 1.99681E-2 9.98403E-2 2.97324E1 2.28235E1
-9999 -9999 -9999 -9999 -9999 -9999 -9999 -9999 -9999 -9999 -9999 -9999 -9999 -9999 -9999 -9999 -9999 -9999 -9999 -9999 -9999 -9999 -9999 -9999 -9999 -9999 -9999 -9999 -4.96319E1 -5.38957E1 -4.9908E1 -5.20552E1 -4.77914E1 -4.14724E1 -3.94231E1 -3.28528E1 -2.69325E1 -2.16346E1 -1.44785E1 -1.78834E1 -2.3865E1 -1.58282E1 -6.25E0 -3.36538E0 4.59265E-1 1.47764E0 1.75719E0 1.75719E0 1.47764E0 3.19489E-1 -1.67791E1 -1.33436E1 -1.40491E1 -1.28834E1 -2.06442E1 -6.84049E0 1.99681E-2 2.39617E-1 -4.80769E0 -4.32692E0 1.99681E-2 1.99681E-2 1.99681E-2 1.99681E-2 9.98403E-2 1.39776E-1 1.99681E-1 1.33786E1
-9999 -9999 -9999 -9999 -9999 -9999 -9999 -9999 -9999 -9999 -9999 -9999 -9999 -9999 -9999 -9999 -9999 -9999 -9999 -9999 -9999 -9999 -9999 -9999 -9999 -9999 -9999 -9999 -4.81595E1 -4.95706E1 -4.88037E1 -4.93252E1 -4.69939E1 -4.65951E1 -3.94231E1 -3.11963E1 -2.00307E1 -2.21154E1 -2.74038E1 -5.3681E0 -4.47853E0 -1.41104E0 1.99681E-2 1.99681E-2 9.58466E-1 1.27796E0 1.39776E0 1.47764E0 1.877E0 4.59265E-1 -7.82209E0 -4.57055E0 -2.66871E0 -1.96319E1 -1.07975E1 -3.09816E0 1.99681E-2 -8.65385E0 -8.17308E0 -5.28846E0 9.98403E-2 1.39776E-1 1.19808E-1 9.98403E-2 1.39776E-1 3.59425E-1 2.99521E-1 7.82748E0
-9999 -9999 -9999 -9999 -9999 -9999 -9999 -9999 -9999 -9999 -9999 -9999 -9999 -9999 -9999 -9999 -9999 -9999 -9999 -9999 -9999 -9999 -9999 -9999 -9999 -9999 -9999 -5.09202E1 -4.41104E1 -4.99693E1 -4.45706E1 -4.77607E1 -5.08282E1 -5.14417E1 -4.26687E1 -2.80982E1 -2.2546E1 -3.94231E1 -1.15385E1 -3.03681E0 -2.76074E-1 1.99681E-2 1.99681E-2 3.99361E-1 8.38658E-1 1.33786E0 1.39776E0 1.39776E0 1.47764E0 7.1885E-1 -4.80769E0 -1.07669E1 -1.92638E1 -1.77914E1 -7.21154E0 1.99681E-2 1.39776E-1 1.99681E-2 9.98403E-2 -4.80769E-1 1.19808E-1 1.99681E-1 1.59744E-1 9.98403E-2 1.99681E-1 3.8738E0 2.53395E1 2.46605E1
-9999 -9999 -9999 -9999 -9999 -9999 -9999 -9999 -9999 -9999 -9999 -9999 -9999 -9999 -9999 -9999 -9999 -9999 -9999 -9999 -9999 -9999 -9999 -9999 -9999 -9999 -9999 -5.2454E1 -4.74233E1 -4.65644E1 -4.69632E1 -4.65951E1 -4.47853E1 -4.68712E1 -4.25153E1 -2.98077E1 -1.92025E1 -2.08589E1 -3.52761E0 -1.99387E0 -2.05521E0 1.99681E-2 5.99042E-2 7.58786E-1 3.59425E-1 1.03834E0 1.13818E0 8.78594E-1 1.39776E0 6.1901E-1 -1.49038E1 -2.54808E1 -2.88462E1 -2.45192E1 4.13339E0 5.19169E-1 6.98882E-1 1.99681E-2 4.13339E0 1.99681E-1 9.98403E-2 5.79073E-1 1.99681E-1 1.39776E-1 1.39776E-1 2.99521E-1 2.79553E1 2.31629E1
-9999 -9999 -9999 -9999 -9999 -9999 -9999 -9999 -9999 -9999 -9999 -9999 -9999 -9999 -9999 -9999 -9999 -9999 -9999 -9999 -9999 -9999 -9999 -9999 -9999 -9999 -5.38037E1 -5.20552E1 -5.15337E1 -4.65031E1 -4.45399E1 -4.85583E1 -4.57975E1 -4.57669E1 -4.62577E1 -3.71472E1 -3.41718E1 -1.43252E1 -8.61963E0 -1.22699E0 1.99681E-2 1.39776E-1 7.98722E-2 3.59425E-1 7.38818E-1 1.03834E0 1.23802E0 5.19169E-1 6.38978E-1 1.39776E-1 -3.06748E-1 -1.7454E1 -1.76074E1 -1.92308E1 3.99361E-1 7.98722E-2 1.99681E-2 1.99681E-2 1.39776E-1 1.39776E-1 7.98722E-2 2.39617E-1 3.19489E-1 5.39137E-1 5.79073E-1 1.33786E0 1.10024E1 1.94089E1
-9999 -9999 -9999 -9999 -9999 -9999 -9999 -9999 -9999 -9999 -9999 -9999 -9999 -9999 -9999 -9999 -9999 -9999 -9999 -9999 -9999 -9999 -9999 -9999 -9999 -5.13804E1 -4.98773E1 -4.99693E1 -4.95092E1 -4.66258E1 -4.50307E1 -4.30675E1 -4.69632E1 -4.8865E1 -4.96012E1 -3.60736E1 -2.15951E1 -5.70552E0 -2.63804E0 5.99042E-2 2.59585E-1 1.39776E-1 3.59425E-1 4.19329E-1 7.38818E-1 1.01837E0 1.23802E0 7.98722E-2 -6.84049E0 1.99681E-2 -4.80769E0 -2.09816E1 -2.11538E1 -1.25E1 -4.80769E-1 1.99681E-2 1.99681E-2 1.99681E-2 9.98403E-2 7.98722E-2 3.59425E-1 1.99681E-1 6.98882E-1 5.19169E-1 1.94888E1 2.4361E1 2.84944E1 2.17652E0
