ENM/Final_Models/M_0.8_F_q_Set_1_EC/Gustavia_santanderiensis_3_Choco.asc
ncols         367
nrows         963
xllcorner     -78.6
yllcorner     0.65
cellsize      0.00833333333333323
NODATA_value  -9999
[rows 810 to 839 of 963, columns 136 to 203 of 367]
1.29428E-2 5.8994E-3 3.19953E-3 9.79942E-4 7.99362E-5 3.65214E-5 2.26576E-5 7.62961E-5 9.52743E-4 8.66273E-3 7.15253E-3 2.04048E-3 4.23556E-4 8.87323E-5 5.13556E-5 2.86883E-5 1.24229E-5 1.36208E-4 7.84213E-4 3.63596E-3 9.23922E-3 2.28133E-2 -9999 -9999 1.2739E-2 -9999 -9999 -9999 -9999 -9999 -9999 -9999 -9999 -9999 -9999 -9999 -9999 -9999 -9999 -9999 -9999 -9999 -9999 -9999 -9999 -9999 -9999 -9999 -9999 -9999 -9999 -9999 -9999 -9999 -9999 -9999 1.9829E-3 2.16578E-3 7.5156E-3 1.01279E-2 1.12718E-2 -9999 -9999 2.18284E-2 1.65934E-2 1.23565E-2 1.19158E-3 2.66477E-4
1.88956E-2 4.89024E-3 1.63897E-3 2.63369E-4 4.13469E-5 1.37701E-5 2.19408E-5 7.52332E-5 1.78889E-3 1.29912E-2 6.27745E-3 1.70504E-3 2.53496E-4 1.11253E-4 2.98005E-5 4.16117E-5 5.17563E-5 4.83046E-4 3.40236E-3 4.57939E-3 1.49164E-2 2.0762E-2 -9999 -9999 1.86081E-2 -9999 -9999 -9999 -9999 -9999 -9999 -9999 -9999 -9999 -9999 -9999 -9999 -9999 -9999 -9999 -9999 -9999 -9999 -9999 -9999 -9999 -9999 -9999 -9999 -9999 -9999 -9999 -9999 -9999 -9999 -9999 1.46271E-3 1.34757E-3 7.77993E-3 4.43698E-3 1.92393E-3 2.31283E-3 4.33039E-3 5.2861E-3 1.56406E-2 1.14354E-2 7.22984E-3 9.03004E-4
1.5918E-2 1.19348E-2 4.63155E-3 1.72309E-3 6.28537E-5 1.28674E-5 6.7269E-5 1.05928E-4 2.34433E-3 1.29697E-2 5.20492E-3 1.58929E-3 3.27818E-4 1.35178E-4 8.28423E-5 4.16223E-5 4.65305E-5 4.02867E-4 6.13854E-3 6.18728E-3 1.61249E-2 -9999 -9999 -9999 -9999 -9999 -9999 -9999 -9999 -9999 -9999 -9999 -9999 -9999 -9999 -9999 -9999 -9999 -9999 -9999 -9999 -9999 -9999 -9999 -9999 -9999 -9999 -9999 -9999 -9999 -9999 -9999 -9999 1.50733E-2 1.73909E-2 -9999 -9999 1.35418E-3 1.99821E-3 2.54565E-3 1.9337E-3 7.48906E-4 2.44831E-4 4.32227E-4 4.88838E-3 1.32146E-2 5.67345E-3 6.60809E-3
1.70089E-2 2.08699E-2 1.20635E-2 2.79957E-3 1.4449E-4 1.40649E-5 2.50145E-5 2.06403E-4 3.44774E-3 1.69456E-2 5.15193E-3 8.48194E-4 4.01746E-4 9.76024E-4 1.79837E-3 2.06354E-4 7.78744E-5 8.58493E-4 1.04865E-2 2.32796E-2 8.53935E-3 2.08815E-2 -9999 -9999 -9999 -9999 -9999 -9999 -9999 -9999 -9999 -9999 -9999 -9999 -9999 -9999 -9999 -9999 -9999 -9999 -9999 -9999 -9999 -9999 -9999 -9999 -9999 -9999 -9999 -9999 -9999 -9999 -9999 1.33515E-2 2.01873E-2 -9999 -9999 1.08783E-3 1.94157E-3 4.87244E-4 3.14357E-4 1.84193E-4 4.25571E-4 6.26506E-4 3.02915E-3 6.57451E-3 8.11565E-3 8.12268E-3
4.10622E-2 8.76343E-3 2.3544E-3 1.73652E-3 2.70296E-3 1.60502E-3 9.60237E-4 1.55666E-3 6.78289E-3 8.91737E-3 4.52921E-3 4.45174E-4 3.32425E-4 2.05928E-3 3.46223E-4 9.04038E-5 3.99706E-4 4.42515E-3 1.1252E-2 2.47866E-2 -9999 -9999 6.1508E-2 -9999 -9999 -9999 -9999 -9999 -9999 -9999 -9999 -9999 -9999 -9999 -9999 -9999 -9999 -9999 -9999 -9999 -9999 -9999 -9999 -9999 -9999 -9999 -9999 -9999 -9999 -9999 -9999 -9999 -9999 9.79516E-3 1.9824E-2 6.37547E-3 3.48559E-3 1.58026E-3 3.13327E-3 2.14529E-4 4.43758E-5 3.25823E-4 9.12438E-4 3.41913E-3 2.9122E-3 6.23031E-4 1.00457E-3 5.55132E-3
8.45823E-2 3.81148E-2 1.42593E-2 1.20229E-2 7.17442E-3 1.04454E-2 6.37789E-3 4.11239E-3 1.47E-2 1.08907E-2 3.35843E-3 3.34933E-3 4.77091E-3 3.01126E-3 6.66217E-4 1.82462E-4 1.42337E-3 7.38962E-3 1.35587E-2 1.54416E-2 1.88526E-2 -9999 -9999 -9999 -9999 -9999 -9999 -9999 -9999 -9999 -9999 -9999 -9999 -9999 -9999 -9999 -9999 -9999 -9999 -9999 -9999 -9999 -9999 -9999 -9999 -9999 -9999 -9999 -9999 -9999 -9999 -9999 -9999 8.00219E-3 2.88441E-3 5.73562E-3 6.12738E-3 4.23316E-3 1.41631E-3 3.15586E-4 1.09927E-4 4.56317E-4 7.57602E-4 1.18531E-3 1.10606E-3 1.70232E-4 3.41314E-4 3.02057E-3
1.0524E-1 4.19302E-2 2.76583E-2 8.8799E-2 4.33439E-2 3.05152E-2 2.42105E-2 8.45644E-3 1.07171E-2 8.2929E-3 9.3196E-3 7.3159E-3 1.65675E-3 9.93812E-4 5.20264E-4 2.21515E-4 2.10724E-3 1.46024E-2 2.56101E-2 2.27787E-2 2.44531E-2 -9999 -9999 -9999 -9999 -9999 -9999 -9999 -9999 -9999 -9999 -9999 -9999 -9999 -9999 -9999 -9999 -9999 -9999 -9999 -9999 -9999 -9999 -9999 -9999 -9999 -9999 -9999 -9999 -9999 -9999 -9999 -9999 -9999 1.48543E-3 2.20593E-3 1.80312E-3 1.00276E-3 7.24184E-4 2.29374E-4 5.39272E-5 1.36908E-4 5.35367E-4 2.77992E-4 2.18163E-4 1.10108E-4 6.07585E-4 2.85937E-3
4.77657E-2 5.76951E-2 3.12149E-2 2.74186E-2 1.71926E-2 1.10645E-2 8.7654E-3 3.03619E-3 6.93959E-3 3.60264E-3 2.88153E-3 4.43385E-3 4.64338E-4 3.09141E-4 8.84303E-5 1.08175E-4 1.89362E-3 3.75974E-2 -9999 -9999 -9999 -9999 -9999 -9999 -9999 -9999 -9999 -9999 -9999 -9999 -9999 -9999 -9999 -9999 -9999 -9999 -9999 -9999 -9999 -9999 -9999 -9999 -9999 -9999 -9999 -9999 -9999 -9999 -9999 -9999 -9999 -9999 1.13378E-2 1.98278E-3 5.89897E-3 3.31646E-3 1.16389E-3 9.78638E-4 6.20579E-4 1.02134E-4 2.91317E-5 3.36268E-5 1.49386E-4 7.83805E-5 3.69697E-5 2.84809E-4 1.82621E-4 7.11406E-4
8.42596E-2 3.76119E-2 1.25837E-2 2.83206E-2 2.24062E-2 1.39784E-2 2.56887E-2 1.33155E-2 2.89992E-3 1.19649E-3 1.03273E-3 9.60827E-4 2.71551E-4 7.28681E-5 3.61632E-5 1.49082E-4 1.78485E-3 2.47414E-2 -9999 -9999 -9999 -9999 -9999 -9999 -9999 -9999 -9999 -9999 -9999 -9999 -9999 -9999 -9999 9.21076E-3 1.1612E-2 8.61327E-3 -9999 -9999 -9999 -9999 -9999 -9999 -9999 -9999 -9999 -9999 -9999 -9999 -9999 -9999 -9999 -9999 -9999 -9999 5.81013E-3 1.5958E-3 5.14066E-4 2.52455E-4 1.77065E-4 5.43509E-5 5.09637E-5 4.17574E-5 2.98745E-5 2.90114E-5 6.07202E-5 1.82111E-4 3.51811E-4 1.45621E-4
1.33128E-1 5.82956E-2 6.28871E-3 1.63721E-2 1.96502E-2 4.72056E-2 2.17046E-2 1.3842E-2 2.06198E-3 1.0497E-3 2.83546E-4 5.72861E-5 1.79422E-5 2.56054E-5 4.17585E-5 3.55404E-4 6.66709E-3 6.46462E-2 4.85626E-2 -9999 -9999 -9999 -9999 -9999 -9999 -9999 -9999 -9999 -9999 -9999 -9999 -9999 1.01728E-2 7.8961E-3 1.45444E-2 7.32735E-3 6.19303E-3 -9999 -9999 -9999 -9999 -9999 -9999 -9999 -9999 -9999 -9999 -9999 -9999 -9999 -9999 -9999 -9999 -9999 1.45387E-3 1.46293E-3 2.66942E-4 9.62342E-5 9.51586E-5 1.45268E-4 1.12791E-4 3.93725E-5 1.82183E-5 2.59361E-5 3.47126E-5 8.42177E-5 2.14321E-4 1.22329E-4
2.0683E-2 4.73594E-2 8.15521E-3 1.54967E-3 2.15588E-2 1.62439E-2 2.59392E-2 4.03853E-2 3.72499E-3 1.53011E-3 6.89783E-4 4.85614E-5 1.08129E-5 1.35497E-5 6.31081E-5 8.08121E-4 1.5525E-2 3.66128E-2 4.0527E-2 -9999 -9999 -9999 -9999 -9999 -9999 -9999 -9999 -9999 -9999 -9999 -9999 6.82616E-3 1.20431E-2 7.3739E-3 1.45195E-2 1.29816E-2 1.14172E-2 1.65892E-2 -9999 2.29555E-2 3.85835E-2 -9999 -9999 -9999 -9999 -9999 -9999 -9999 -9999 -9999 -9999 -9999 -9999 6.00334E-3 1.37357E-3 2.35268E-3 4.04907E-4 1.13612E-4 8.35903E-5 1.93907E-4 2.69688E-4 4.65813E-5 2.55217E-5 2.16076E-5 1.35657E-5 1.65466E-5 1.82106E-5 2.8033E-5
9.23634E-3 1.32043E-2 7.09844E-3 7.54678E-4 2.65648E-3 1.26388E-3 6.23311E-3 1.92545E-2 4.46614E-3 1.07212E-3 2.46371E-4 2.42443E-4 5.40328E-5 2.83175E-5 2.27561E-4 2.00415E-3 1.81221E-2 7.26905E-2 9.06335E-2 -9999 -9999 -9999 -9999 -9999 -9999 -9999 -9999 -9999 -9999 -9999 -9999 -9999 8.38307E-3 8.2574E-3 1.66885E-2 1.0999E-2 9.58898E-3 1.13795E-2 9.42953E-3 1.47951E-2 4.34673E-2 -9999 -9999 -9999 -9999 -9999 -9999 -9999 -9999 -9999 2.09211E-2 2.81324E-2 2.21899E-2 8.77731E-3 1.97806E-3 1.65268E-3 1.4322E-3 3.22704E-4 3.19395E-4 3.20726E-4 1.32689E-4 5.9669E-5 2.57016E-5 3.20061E-5 3.5737E-5 9.93938E-5 5.60613E-5 2.21517E-5
7.46022E-3 2.39778E-3 2.33312E-3 2.13261E-3 1.68399E-3 4.08716E-4 2.31908E-3 1.29001E-2 5.28716E-3 1.58881E-3 1.50743E-3 3.5609E-4 9.72191E-5 3.96079E-5 1.92205E-4 9.14076E-4 2.60177E-2 7.24832E-2 -9999 -9999 -9999 -9999 -9999 -9999 -9999 -9999 -9999 -9999 -9999 -9999 -9999 1.47313E-2 2.23164E-2 -9999 -9999 8.884E-3 1.37158E-2 7.65775E-3 1.28611E-2 2.90008E-2 -9999 -9999 -9999 -9999 -9999 -9999 -9999 -9999 -9999 -9999 -9999 -9999 -9999 -9999 -9999 -9999 6.52908E-4 4.5088E-4 3.1147E-4 6.09101E-4 3.12944E-4 1.57896E-4 5.8325E-5 3.2404E-5 2.23536E-5 1.56688E-4 2.02482E-4 1.50258E-5
2.99317E-2 2.24885E-2 8.40484E-3 2.13751E-2 1.9525E-3 2.94022E-4 1.48947E-3 7.71384E-3 1.50181E-3 3.68817E-4 5.43637E-4 2.19546E-4 1.09917E-4 4.2822E-5 5.46456E-5 1.93665E-3 2.54155E-2 8.66142E-2 -9999 -9999 -9999 -9999 -9999 -9999 -9999 -9999 -9999 -9999 -9999 -9999 -9999 -9999 -9999 -9999 -9999 8.00582E-3 8.625E-3 6.76828E-3 1.64683E-2 2.95748E-2 -9999 -9999 -9999 -9999 -9999 -9999 -9999 -9999 -9999 -9999 -9999 -9999 -9999 -9999 -9999 -9999 -9999 1.18432E-3 8.82605E-4 1.29093E-3 2.2846E-4 5.78701E-5 4.478E-5 4.70835E-5 1.16837E-4 1.06852E-4 6.68684E-5 3.82249E-5
2.11443E-2 1.29775E-2 1.29555E-2 1.4225E-2 2.82488E-3 4.32623E-4 3.97572E-4 3.74765E-3 1.19295E-3 2.50456E-4 5.33417E-5 2.52164E-5 2.78442E-5 1.61248E-5 2.30897E-4 3.50373E-3 3.29925E-2 6.82426E-2 -9999 -9999 -9999 -9999 -9999 -9999 -9999 -9999 -9999 -9999 -9999 -9999 -9999 -9999 -9999 -9999 -9999 7.44242E-3 6.90419E-3 7.36193E-3 2.09134E-2 5.14564E-2 -9999 -9999 -9999 -9999 -9999 -9999 -9999 -9999 1.88366E-2 3.01221E-2 3.03329E-2 -9999 -9999 -9999 1.50549E-3 1.49664E-3 4.25151E-3 4.3671E-3 3.58027E-3 9.17518E-4 4.77548E-4 1.96749E-4 8.22528E-5 2.43339E-5 4.84892E-5 4.04104E-5 1.0677E-5 5.04793E-5
1.63141E-2 8.47305E-3 4.26863E-3 1.39245E-2 1.13313E-3 2.90297E-4 3.42108E-4 2.08645E-3 1.45413E-3 2.99487E-4 2.47515E-4 1.95903E-5 9.08323E-6 3.22856E-5 2.2428E-4 5.19621E-3 4.56937E-2 6.27124E-2 -9999 -9999 -9999 -9999 -9999 -9999 -9999 -9999 -9999 -9999 -9999 -9999 -9999 -9999 -9999 -9999 2.07839E-2 1.10025E-2 1.16045E-2 1.03522E-2 1.66484E-2 4.42898E-2 -9999 -9999 -9999 -9999 -9999 -9999 -9999 -9999 1.97829E-2 1.44771E-2 8.01479E-3 3.16903E-3 1.37508E-3 1.19664E-4 1.09928E-4 1.24364E-3 8.20698E-4 2.12075E-3 1.99189E-3 9.28616E-4 6.44394E-4 1.1366E-3 6.78999E-4 1.62049E-4 4.67902E-5 2.08665E-5 2.16745E-5 4.46289E-5
4.67773E-3 2.34451E-3 4.03854E-3 8.97681E-4 1.51716E-4 1.02757E-4 4.0735E-5 3.24003E-4 5.20922E-4 3.56714E-5 2.79608E-5 3.7898E-5 2.90435E-5 6.76211E-5 2.12337E-4 1.72016E-3 1.06953E-2 7.61002E-2 -9999 -9999 -9999 -9999 -9999 -9999 -9999 -9999 -9999 -9999 -9999 -9999 -9999 -9999 -9999 1.42917E-2 1.16512E-2 9.32923E-3 1.11533E-2 1.45293E-2 1.4055E-2 2.30655E-2 -9999 -9999 -9999 -9999 -9999 -9999 -9999 -9999 5.9464E-3 3.91985E-3 2.47828E-3 2.25367E-3 7.22467E-4 3.30632E-4 1.58929E-4 6.78288E-4 1.51798E-4 3.19357E-4 9.27868E-4 4.81957E-4 3.9705E-4 2.23077E-4 8.84631E-5 1.32741E-4 1.18278E-4 1.42462E-4 4.87731E-5 3.40139E-5
3.69536E-3 2.22759E-3 2.65082E-3 9.81743E-4 4.06724E-4 9.22385E-4 1.30469E-4 8.2109E-5 1.41885E-4 1.71324E-5 1.56995E-4 3.38797E-4 2.75096E-4 8.61412E-5 2.84794E-4 1.64254E-3 2.38394E-2 7.50327E-2 -9999 -9999 -9999 -9999 -9999 -9999 -9999 -9999 -9999 -9999 -9999 -9999 -9999 -9999 -9999 -9999 -9999 8.25101E-3 1.27206E-2 9.13112E-3 1.23153E-2 2.41696E-2 -9999 -9999 -9999 -9999 -9999 -9999 -9999 -9999 4.9067E-3 1.83122E-3 8.577E-4 4.87395E-4 1.76934E-4 1.04121E-4 1.17479E-4 7.67466E-4 2.17688E-4 1.6323E-4 4.77553E-4 4.25271E-4 2.91398E-4 6.96091E-4 5.53708E-5 4.79972E-5 4.71415E-5 8.08253E-5 1.12359E-4 1.436E-4
2.11537E-2 1.3967E-2 8.9948E-3 4.61719E-3 4.09997E-3 6.90815E-4 8.71937E-5 1.81059E-5 3.24864E-5 4.60812E-5 1.72162E-4 5.74505E-4 2.18931E-4 8.56157E-5 4.74597E-4 9.09319E-4 9.29808E-3 4.53464E-2 -9999 -9999 -9999 -9999 -9999 -9999 -9999 -9999 -9999 -9999 -9999 -9999 -9999 -9999 -9999 -9999 -9999 -9999 4.83054E-3 6.06032E-3 1.16509E-2 1.91722E-2 -9999 -9999 1.73533E-2 -9999 -9999 -9999 -9999 -9999 7.30987E-3 1.23075E-3 2.31168E-4 1.35527E-4 7.4228E-5 6.84565E-5 1.64386E-4 2.95413E-4 1.57502E-4 4.91409E-5 1.04007E-4 3.85996E-4 1.68229E-4 5.86707E-5 1.20025E-4 3.76964E-5 5.54151E-5 1.45347E-5 1.24579E-4 8.72566E-5
3.91107E-2 3.39001E-2 1.36403E-2 1.50812E-2 3.08797E-3 2.89457E-4 3.58892E-5 3.09235E-5 1.21489E-4 3.38201E-4 3.22069E-4 1.1733E-3 9.35658E-4 1.67728E-4 6.98962E-4 6.70234E-4 2.4134E-3 2.7408E-2 6.16578E-2 -9999 -9999 -9999 -9999 -9999 -9999 -9999 -9999 -9999 -9999 -9999 -9999 -9999 -9999 -9999 -9999 -9999 -9999 4.62974E-3 9.20889E-3 1.61134E-2 -9999 -9999 2.4612E-2 -9999 -9999 -9999 -9999 6.92743E-3 7.57226E-3 2.25616E-3 4.71158E-4 8.0085E-5 4.68872E-5 8.03626E-5 1.63264E-4 1.09247E-4 1.26272E-4 5.14107E-5 6.89178E-5 3.28609E-4 1.35439E-4 2.61982E-5 1.99774E-5 2.4149E-5 2.12638E-4 1.17679E-4 9.56957E-5 4.8737E-5
1.32212E-2 1.57436E-2 6.22549E-3 1.9348E-3 1.64073E-3 4.81001E-4 4.17652E-5 3.05977E-5 3.53028E-4 1.08952E-3 2.35557E-3 1.83235E-3 1.12651E-3 7.50411E-4 1.74409E-3 1.54232E-3 2.23589E-3 3.28712E-2 6.79447E-2 -9999 -9999 -9999 -9999 -9999 -9999 -9999 -9999 -9999 -9999 -9999 -9999 -9999 -9999 -9999 2.34976E-2 -9999 -9999 6.06402E-3 4.94472E-3 1.06107E-2 -9999 -9999 -9999 -9999 -9999 3.03023E-3 2.94796E-3 6.28042E-3 2.75918E-3 1.01195E-3 1.97093E-4 7.66075E-5 9.69696E-5 7.74169E-5 1.219E-4 1.16556E-4 1.07782E-4 8.36933E-5 7.63677E-5 1.8395E-4 3.74851E-5 3.50239E-5 1.10914E-4 6.6896E-5 3.19445E-4 2.65983E-4 1.31726E-4 6.64285E-5
4.28192E-2 3.58891E-2 1.72625E-2 3.37162E-3 1.97797E-3 5.2503E-4 2.6625E-4 8.15424E-5 6.20397E-5 3.64818E-4 2.29135E-3 4.69307E-3 2.6838E-3 2.00005E-3 7.21087E-3 2.79209E-3 4.68523E-3 4.9925E-2 7.98106E-2 -9999 -9999 -9999 -9999 -9999 -9999 -9999 -9999 -9999 -9999 2.70963E-2 4.25044E-2 -9999 -9999 1.81129E-2 2.48794E-2 -9999 -9999 9.798E-3 6.19506E-3 2.36381E-2 9.48631E-3 -9999 -9999 6.032E-3 1.46044E-3 1.18022E-3 1.51229E-3 1.11587E-3 6.54548E-4 1.78252E-4 3.20789E-4 1.36988E-4 9.83463E-5 5.62083E-5 1.33101E-4 1.38739E-4 7.21954E-5 8.17353E-5 8.22126E-5 2.27603E-4 1.31131E-4 4.6019E-5 1.27383E-4 3.41969E-4 6.39694E-4 1.46265E-4 7.59529E-5 5.87694E-5
2.33569E-2 2.76894E-2 3.28591E-2 1.64459E-2 5.92613E-3 3.28336E-3 1.50355E-3 1.16254E-4 3.69332E-5 4.43657E-4 1.65337E-3 7.00765E-3 1.61463E-2 1.97623E-2 1.27307E-2 2.49063E-3 5.52669E-3 5.75938E-2 7.77876E-2 -9999 -9999 -9999 -9999 -9999 -9999 -9999 -9999 -9999 -9999 2.23955E-2 2.26499E-2 -9999 -9999 1.62103E-2 2.66841E-2 -9999 -9999 9.30547E-3 7.22557E-3 1.28353E-2 1.15794E-2 -9999 -9999 3.5115E-3 8.81903E-4 6.41558E-4 2.49157E-4 2.69236E-4 5.06889E-4 4.11113E-4 2.79225E-4 1.54216E-4 4.53927E-5 3.86142E-5 9.83364E-5 6.31076E-5 6.17136E-5 1.73496E-4 2.28291E-4 2.20414E-4 1.48818E-4 5.62165E-5 6.88631E-5 4.29214E-4 3.43389E-4 1.30563E-4 4.39284E-5 4.53548E-5
1.03616E-2 1.17984E-2 1.71961E-2 1.22142E-2 2.73991E-3 1.75338E-3 5.26036E-4 1.65729E-4 1.77079E-5 6.47446E-5 6.11442E-4 1.30117E-3 1.3836E-2 4.26553E-2 1.82921E-2 2.63569E-3 7.4112E-3 5.60677E-2 8.84501E-2 -9999 -9999 -9999 -9999 -9999 -9999 -9999 -9999 -9999 -9999 2.4131E-2 1.74462E-2 -9999 -9999 1.91935E-2 2.16881E-2 -9999 -9999 8.4827E-3 2.47575E-2 3.67377E-2 1.56982E-2 -9999 -9999 8.37426E-4 3.75728E-4 3.49953E-4 3.26941E-4 7.09664E-4 3.70194E-4 1.46934E-4 7.38745E-5 5.87174E-5 4.49256E-5 2.63722E-5 6.10428E-5 6.03538E-5 2.06772E-5 9.30163E-5 1.08862E-4 3.84976E-4 3.6554E-4 1.65325E-4 1.75559E-4 4.80657E-4 2.70552E-4 1.92456E-4 1.24447E-4 8.29392E-5
8.80288E-3 1.00832E-2 7.1693E-3 1.74797E-2 1.9069E-3 2.27961E-4 8.43421E-5 2.2889E-5 3.80899E-5 3.7762E-4 1.24824E-3 1.35979E-3 2.04876E-3 2.65064E-2 1.41278E-2 1.42582E-2 3.37903E-2 6.34354E-2 1.55426E-1 -9999 -9999 -9999 -9999 -9999 -9999 -9999 -9999 -9999 5.406E-3 8.45229E-3 1.4278E-2 -9999 -9999 1.36025E-2 1.72972E-2 8.81778E-3 5.36885E-3 9.73561E-3 1.65814E-2 3.12351E-2 1.79606E-2 -9999 7.87017E-3 8.49145E-4 6.4133E-4 1.22123E-3 9.47648E-4 3.52828E-4 1.29811E-4 4.1692E-5 3.40221E-5 5.58757E-5 4.60454E-5 3.29152E-5 3.98374E-5 6.86978E-5 2.76598E-5 6.19454E-5 9.54928E-5 2.62147E-4 5.26764E-4 6.18306E-4 2.86003E-4 3.24936E-4 6.35765E-4 5.94216E-4 2.92235E-4 1.88645E-4
2.85522E-3 5.15078E-3 2.63103E-3 3.89959E-3 2.85466E-3 1.9251E-4 3.30045E-5 1.32389E-5 5.93306E-5 9.0605E-4 3.02945E-3 5.43827E-3 6.26496E-3 3.17686E-2 3.34567E-2 2.14957E-2 7.41561E-2 1.36889E-1 -9999 -9999 -9999 -9999 -9999 -9999 -9999 -9999 -9999 -9999 8.86841E-3 3.30974E-3 5.91664E-3 1.03869E-2 -9999 1.14578E-2 8.22076E-3 1.1181E-2 7.25402E-3 1.84778E-2 2.18051E-2 3.55363E-2 1.41715E-2 1.36179E-2 8.77001E-3 3.05928E-3 1.60652E-3 5.95758E-4 2.66536E-4 1.42146E-4 6.9671E-5 2.68607E-5 4.57381E-5 8.61347E-5 7.1976E-5 5.62541E-5 7.22097E-5 1.1565E-4 8.25874E-5 1.68835E-4 1.46588E-4 4.00812E-4 2.81125E-4 3.29291E-4 1.7634E-4 3.08997E-4 8.63749E-4 9.96061E-4 5.47715E-4 2.18809E-4
6.30154E-3 2.09859E-2 5.37861E-3 1.27974E-3 3.35615E-4 4.57162E-5 5.76965E-5 2.44299E-5 9.03343E-5 1.76794E-3 9.63357E-3 1.85063E-2 2.8613E-2 3.13511E-2 3.99215E-2 6.3539E-2 7.55881E-2 -9999 -9999 -9999 -9999 -9999 -9999 -9999 -9999 1.91518E-2 2.21888E-2 1.74044E-2 1.01055E-2 3.01497E-3 3.05921E-3 4.62234E-3 5.16528E-3 6.25433E-3 6.0915E-3 5.49665E-3 1.94748E-2 1.77461E-2 2.0244E-2 3.6873E-2 1.70978E-2 1.50595E-2 8.87725E-3 3.249E-3 7.57163E-4 6.30497E-4 3.08703E-4 4.06306E-5 4.77822E-5 3.5281E-5 3.14612E-5 4.61851E-5 4.37012E-5 4.51656E-5 8.08003E-5 8.15871E-5 1.19862E-4 5.0158E-5 5.41481E-5 1.39652E-4 1.42124E-4 9.92855E-5 1.14564E-4 4.92412E-4 7.58943E-4 3.68827E-4 3.91354E-4 2.21989E-4
1.34167E-2 2.97509E-2 6.47594E-3 6.10446E-4 6.03197E-5 2.75083E-5 1.9154E-4 5.71335E-5 1.41772E-3 9.64083E-3 1.67547E-2 5.51332E-2 7.84039E-2 3.14916E-2 4.99336E-2 6.56593E-2 -9999 -9999 -9999 -9999 -9999 -9999 -9999 -9999 -9999 4.48742E-2 3.7699E-2 3.86128E-2 3.8791E-2 1.47709E-2 -9999 4.38113E-3 5.70202E-3 9.247E-3 8.29674E-3 1.58885E-2 9.83283E-3 1.60112E-2 1.84138E-2 3.12637E-2 2.16519E-2 1.08968E-2 2.54989E-3 1.70038E-3 6.06175E-4 5.67891E-4 8.06014E-4 1.49256E-4 6.92473E-5 3.63843E-5 5.39999E-5 5.03953E-5 9.66819E-5 2.93248E-5 4.13385E-5 7.16809E-5 5.12939E-5 4.13822E-5 8.38949E-5 1.00049E-4 4.46241E-5 7.97084E-5 1.35135E-4 4.01047E-4 2.42601E-4 2.49778E-4 4.32785E-4 5.18303E-4
8.81791E-3 1.24414E-2 1.69283E-3 4.34245E-4 1.27132E-4 2.95921E-5 2.45613E-4 9.2368E-4 2.40114E-3 6.84739E-3 7.67119E-3 1.56387E-2 4.8367E-2 6.23863E-2 -9999 -9999 -9999 -9999 -9999 -9999 -9999 -9999 -9999 -9999 -9999 -9999 4.34046E-2 5.42079E-2 -9999 -9999 -9999 6.69876E-3 -9999 -9999 1.42286E-2 1.75672E-2 1.35656E-2 -9999 -9999 -9999 2.30419E-2 4.05489E-3 1.30076E-3 1.26608E-3 7.07864E-4 1.14573E-3 5.26745E-4 4.66318E-4 8.18521E-5 8.71793E-5 7.19344E-5 1.1057E-4 9.56823E-5 3.95263E-5 3.46102E-5 2.37392E-5 3.11846E-5 4.55734E-5 1.09474E-4 3.67562E-5 4.33177E-5 7.23442E-5 1.40514E-4 1.80042E-4 1.5523E-4 3.02618E-4 7.64845E-4 6.54019E-4
-9999 1.44588E-2 3.88983E-3 2.45771E-4 6.39649E-5 1.98959E-5 1.23743E-4 5.99979E-4 1.38758E-3 6.30625E-4 2.45734E-3 1.47618E-2 6.25265E-2 1.58566E-1 -9999 -9999 -9999 -9999 -9999 -9999 -9999 -9999 -9999 -9999 -9999 -9999 -9999 -9999 -9999 -9999 -9999 -9999 -9999 -9999 -9999 -9999 -9999 -9999 -9999 -9999 1.22095E-2 8.39998E-3 2.44632E-3 4.08295E-3 3.21994E-3 1.69846E-3 7.61551E-4 1.03174E-3 3.32742E-4 9.93304E-4 5.47893E-4 4.901E-4 1.11433E-4 4.70386E-5 3.93628E-5 2.66952E-5 5.40183E-5 2.62407E-5 3.21474E-5 4.1112E-5 8.1685E-5 4.66721E-5 5.36498E-5 1.16992E-4 1.4449E-4 4.52221E-4 9.60134E-4 6.58119E-4
