ENM/Final_Models/M_0.8_F_q_Set_1_EC/Gustavia_santanderiensis_0_Choco.asc
ncols         367
nrows         963
xllcorner     -78.6
yllcorner     0.65
cellsize      0.00833333333333323
NODATA_value  -9999
[rows 713 to 743 of 963, columns 69 to 137 of 367]
-9999 -9999 -9999 -9999 -9999 -9999 -9999 -9999 -9999 -9999 -9999 -9999 -9999 -9999 -9999 -9999 -9999 -9999 -9999 -9999 -9999 -9999 -9999 -9999 -9999 -9999 -9999 -9999 -9999 -9999 -9999 -9999 -9999 -9999 -9999 -9999 -9999 -9999 -9999 -9999 -9999 1E0 1E0 1E0 1E0 1E0 1E0 1E0 1E0 1E0 1E0 1E0 1E0 1E0 1E0 1E0 1E0 1E0 1E0 9.99999E-1 9.99998E-1 9.99978E-1 9.99996E-1 9.99966E-1 9.99999E-1 9.99999E-1 1E0 1E0 9.99993E-1
-9999 -9999 -9999 -9999 -9999 -9999 -9999 -9999 -9999 -9999 -9999 -9999 -9999 -9999 -9999 -9999 -9999 -9999 -9999 -9999 -9999 -9999 -9999 -9999 -9999 -9999 -9999 -9999 -9999 -9999 -9999 -9999 -9999 -9999 -9999 -9999 -9999 -9999 -9999 -9999 -9999 9.99999E-1 1E0 1E0 1E0 9.99999E-1 1E0 1E0 1E0 9.99999E-1 1E0 1E0 1E0 1E0 1E0 1E0 1E0 9.99973E-1 9.99999E-1 9.99998E-1 1E0 1E0 9.99998E-1 1E0 1E0 9.9992E-1 9.99999E-1 9.99977E-1 1E0
-9999 -9999 -9999 -9999 -9999 -9999 -9999 -9999 -9999 -9999 -9999 -9999 -9999 -9999 -9999 -9999 -9999 -9999 -9999 -9999 -9999 -9999 -9999 -9999 -9999 -9999 -9999 -9999 -9999 -9999 -9999 -9999 -9999 -9999 -9999 -9999 -9999 -9999 -9999 -9999 9.99996E-1 1E0 1E0 1E0 9.99998E-1 1E0 1E0 1E0 1E0 9.99999E-1 1E0 1E0 1E0 1E0 9.99997E-1 1E0 1E0 1E0 1E0 1E0 1E0 1E0 1E0 1E0 1E0 1E0 9.99996E-1 9.99998E-1 9.99998E-1
-9999 -9999 -9999 -9999 -9999 -9999 -9999 -9999 -9999 -9999 -9999 -9999 -9999 -9999 -9999 -9999 -9999 -9999 -9999 -9999 -9999 -9999 -9999 -9999 -9999 -9999 -9999 -9999 -9999 -9999 -9999 -9999 -9999 -9999 -9999 -9999 -9999 -9999 -9999 1E0 9.99978E-1 1E0 1E0 1E0 1E0 1E0 1E0 1E0 1E0 1E0 1E0 1E0 1E0 1E0 1E0 1E0 1E0 1E0 1E0 1E0 1E0 1E0 1E0 1E0 1E0 9.99997E-1 9.99995E-1 9.99985E-1 9.99818E-1
-9999 -9999 -9999 -9999 -9999 -9999 -9999 -9999 -9999 -9999 -9999 -9999 -9999 -9999 -9999 -9999 -9999 -9999 -9999 -9999 -9999 -9999 -9999 -9999 -9999 -9999 -9999 -9999 -9999 -9999 -9999 -9999 -9999 -9999 -9999 -9999 -9999 -9999 -9999 1E0 9.99999E-1 1E0 1E0 1E0 1E0 1E0 9.99998E-1 1E0 1E0 1E0 1E0 1E0 1E0 1E0 1E0 1E0 1E0 1E0 1E0 1E0 1E0 1E0 1E0 1E0 1E0 1E0 9.99997E-1 9.99905E-1 9.99938E-1
-9999 -9999 -9999 -9999 -9999 -9999 -9999 -9999 -9999 -9999 -9999 -9999 -9999 -9999 -9999 -9999 -9999 -9999 -9999 -9999 -9999 -9999 -9999 -9999 -9999 -9999 -9999 -9999 -9999 -9999 -9999 -9999 -9999 -9999 -9999 -9999 -9999 -9999 1E0 1E0 1E0 1E0 1E0 1E0 1E0 1E0 1E0 1E0 1E0 1E0 1E0 1E0 1E0 1E0 1E0 1E0 1E0 1E0 1E0 1E0 1E0 1E0 1E0 1E0 9.99998E-1 9.99997E-1 9.99537E-1 9.99871E-1 9.99139E-1
-9999 -9999 -9999 -9999 -9999 -9999 -9999 -9999 -9999 -9999 -9999 -9999 -9999 -9999 -9999 -9999 -9999 -9999 -9999 -9999 -9999 -9999 -9999 -9999 -9999 -9999 -9999 -9999 -9999 -9999 -9999 -9999 -9999 -9999 -9999 -9999 -9999 1E0 1E0 9.99999E-1 1E0 1E0 1E0 1E0 1E0 1E0 1E0 1E0 1E0 1E0 1E0 1E0 1E0 1E0 1E0 9.99999E-1 1E0 9.99902E-1 1E0 1E0 9.99991E-1 9.99994E-1 1E0 1E0 1E0 1E0 9.99943E-1 9.99992E-1 9.99853E-1
-9999 -9999 -9999 -9999 -9999 -9999 -9999 -9999 -9999 -9999 -9999 -9999 -9999 -9999 -9999 -9999 -9999 -9999 -9999 -9999 -9999 -9999 -9999 -9999 -9999 -9999 -9999 -9999 -9999 -9999 -9999 -9999 -9999 -9999 -9999 -9999 1E0 1E0 1E0 1E0 1E0 9.99997E-1 1E0 1E0 1E0 1E0 1E0 1E0 1E0 1E0 1E0 9.99999E-1 1E0 1E0 1E0 1E0 1E0 9.99917E-1 1E0 1E0 9.99995E-1 1E0 1E0 9.99889E-1 9.99944E-1 1E0 9.99998E-1 1E0 9.99985E-1
-9999 -9999 -9999 -9999 -9999 -9999 -9999 -9999 -9999 -9999 -9999 -9999 -9999 -9999 -9999 -9999 -9999 -9999 -9999 -9999 -9999 -9999 -9999 -9999 -9999 -9999 -9999 -9999 -9999 -9999 -9999 -9999 -9999 -9999 -9999 9.99999E-1 9.99993E-1 1E0 1E0 1E0 1E0 1E0 1E0 1E0 1E0 1E0 1E0 1E0 1E0 1E0 1E0 1E0 1E0 1E0 1E0 9.99999E-1 9.99996E-1 9.99931E-1 9.99969E-1 9.99985E-1 9.99991E-1 1E0 1E0 9.9943E-1 9.99985E-1 9.99998E-1 1E0 9.99947E-1 9.99997E-1
-9999 -9999 -9999 -9999 -9999 -9999 -9999 -9999 -9999 -9999 -9999 -9999 -9999 -9999 -9999 -9999 -9999 -9999 -9999 -9999 -9999 -9999 -9999 -9999 -9999 -9999 -9999 -9999 -9999 -9999 -9999 -9999 -9999 -9999 1E0 9.99998E-1 9.99999E-1 9.99999E-1 1E0 1E0 1E0 1E0 1E0 1E0 1E0 1E0 1E0 1E0 1E0 1E0 1E0 1E0 1E0 1E0 1E0 9.99989E-1 9.99956E-1 9.99995E-1 9.99617E-1 9.99303E-1 1E0 9.99947E-1 9.99999E-1 9.99952E-1 9.99999E-1 1E0 1E0 9.99997E-1 1E0
-9999 -9999 -9999 -9999 -9999 -9999 -9999 -9999 -9999 -9999 -9999 -9999 -9999 -9999 -9999 -9999 -9999 -9999 -9999 -9999 -9999 -9999 -9999 -9999 -9999 -9999 -9999 -9999 -9999 -9999 -9999 1E0 1E0 1E0 1E0 1E0 1E0 1E0 1E0 1E0 1E0 1E0 1E0 1E0 1E0 1E0 1E0 1E0 1E0 1E0 1E0 1E0 1E0 1E0 1E0 1E0 9.99969E-1 9.99994E-1 9.99667E-1 9.99926E-1 9.99584E-1 9.89918E-1 9.96286E-1 9.99748E-1 1E0 1E0 1E0 9.99999E-1 9.97924E-1
-9999 -9999 -9999 -9999 -9999 -9999 -9999 -9999 -9999 -9999 -9999 -9999 -9999 -9999 -9999 -9999 -9999 -9999 -9999 -9999 -9999 -9999 -9999 -9999 -9999 -9999 -9999 -9999 -9999 9.99999E-1 9.99999E-1 1E0 1E0 1E0 1E0 1E0 1E0 1E0 1E0 1E0 1E0 1E0 1E0 1E0 1E0 9.99999E-1 1E0 1E0 1E0 1E0 1E0 9.99999E-1 9.99998E-1 1E0 9.99993E-1 9.99998E-1 1E0 9.99999E-1 9.99972E-1 1E0 9.99371E-1 9.9873E-1 9.93798E-1 9.9427E-1 9.99431E-1 1E0 1E0 9.99977E-1 9.97166E-1
-9999 -9999 -9999 -9999 -9999 -9999 -9999 -9999 -9999 -9999 -9999 -9999 -9999 -9999 -9999 -9999 -9999 -9999 -9999 -9999 -9999 -9999 -9999 -9999 -9999 -9999 -9999 1E0 1E0 1E0 1E0 1E0 1E0 1E0 1E0 1E0 1E0 1E0 1E0 1E0 1E0 1E0 1E0 1E0 1E0 1E0 1E0 1E0 1E0 1E0 1E0 1E0 9.99993E-1 9.99995E-1 9.99984E-1 1E0 1E0 9.99999E-1 9.9631E-1 9.99989E-1 9.99719E-1 9.97829E-1 9.90553E-1 9.9698E-1 9.99973E-1 9.99986E-1 9.99984E-1 9.99911E-1 9.9999E-1
-9999 -9999 -9999 -9999 -9999 -9999 -9999 -9999 -9999 -9999 -9999 -9999 -9999 -9999 -9999 -9999 -9999 -9999 -9999 -9999 -9999 -9999 -9999 -9999 -9999 -9999 -9999 1E0 1E0 1E0 1E0 1E0 1E0 1E0 1E0 1E0 1E0 1E0 1E0 1E0 1E0 1E0 1E0 1E0 1E0 1E0 1E0 1E0 1E0 9.99997E-1 1E0 9.99999E-1 9.99998E-1 9.99999E-1 9.99997E-1 1E0 1E0 9.99996E-1 9.84436E-1 9.96449E-1 9.85044E-1 9.98574E-1 9.99952E-1 9.99996E-1 9.98463E-1 9.9819E-1 9.9933E-1 9.99329E-1 9.99962E-1
-9999 -9999 -9999 -9999 -9999 -9999 -9999 -9999 -9999 -9999 -9999 -9999 -9999 -9999 -9999 -9999 -9999 -9999 -9999 -9999 -9999 -9999 -9999 -9999 -9999 -9999 -9999 1E0 1E0 1E0 1E0 1E0 1E0 -9999 1E0 1E0 1E0 1E0 1E0 1E0 1E0 1E0 1E0 1E0 1E0 1E0 1E0 1E0 1E0 1E0 1E0 9.99961E-1 9.99968E-1 9.99888E-1 9.99959E-1 1E0 1E0 9.99616E-1 9.9963E-1 9.99689E-1 9.96522E-1 9.85468E-1 9.99681E-1 9.99989E-1 9.99966E-1 9.99995E-1 9.93055E-1 9.99491E-1 9.74996E-1
-9999 -9999 -9999 -9999 -9999 -9999 -9999 -9999 -9999 -9999 -9999 -9999 -9999 -9999 -9999 -9999 -9999 -9999 -9999 -9999 -9999 -9999 -9999 -9999 -9999 -9999 -9999 -9999 1E0 1E0 1E0 1E0 1E0 1E0 1E0 1E0 1E0 1E0 1E0 1E0 1E0 1E0 1E0 1E0 1E0 1E0 1E0 1E0 1E0 1E0 1E0 9.99983E-1 9.99763E-1 9.99998E-1 9.99477E-1 9.99822E-1 9.99996E-1 9.99981E-1 9.96473E-1 9.99285E-1 9.96585E-1 9.99996E-1 9.99942E-1 9.99979E-1 9.98591E-1 9.99773E-1 9.9441E-1 9.98593E-1 9.67771E-1
-9999 -9999 -9999 -9999 -9999 -9999 -9999 -9999 -9999 -9999 -9999 -9999 -9999 -9999 -9999 1E0 1E0 -9999 -9999 -9999 -9999 -9999 -9999 -9999 -9999 -9999 -9999 -9999 -9999 1E0 1E0 1E0 1E0 1E0 1E0 1E0 1E0 1E0 1E0 1E0 1E0 1E0 1E0 1E0 1E0 1E0 1E0 1E0 9.99999E-1 9.99994E-1 1E0 9.99996E-1 1E0 1E0 9.9929E-1 9.99595E-1 9.98388E-1 9.98582E-1 9.79201E-1 9.71208E-1 9.98053E-1 9.99867E-1 9.99999E-1 9.99942E-1 9.97133E-1 9.90174E-1 9.98433E-1 9.97996E-1 9.68903E-1
-9999 -9999 -9999 -9999 -9999 -9999 -9999 -9999 -9999 -9999 -9999 -9999 1E0 1E0 1E0 1E0 -9999 -9999 -9999 -9999 -9999 -9999 -9999 -9999 -9999 -9999 -9999 -9999 -9999 1E0 1E0 1E0 1E0 1E0 1E0 1E0 1E0 1E0 1E0 1E0 1E0 1E0 1E0 1E0 1E0 1E0 1E0 1E0 1E0 9.99984E-1 9.99209E-1 9.99999E-1 9.99927E-1 1E0 9.99416E-1 9.99132E-1 9.99981E-1 9.99771E-1 9.99914E-1 9.93071E-1 9.99287E-1 9.99972E-1 9.99878E-1 9.99358E-1 9.97598E-1 9.98398E-1 9.98513E-1 9.86717E-1 9.46086E-1
-9999 -9999 -9999 -9999 -9999 -9999 -9999 -9999 -9999 -9999 1E0 1E0 1E0 1E0 1E0 1E0 -9999 -9999 -9999 -9999 -9999 -9999 -9999 -9999 -9999 -9999 -9999 -9999 -9999 1E0 1E0 1E0 1E0 1E0 1E0 1E0 1E0 1E0 1E0 1E0 1E0 1E0 1E0 1E0 1E0 9.99999E-1 9.99996E-1 1E0 1E0 1E0 9.99994E-1 9.99991E-1 9.99611E-1 9.9968E-1 9.99989E-1 9.99927E-1 9.99981E-1 9.99999E-1 9.99994E-1 9.99043E-1 9.99833E-1 9.99831E-1 9.99231E-1 9.99832E-1 9.92809E-1 9.99339E-1 9.9747E-1 9.95239E-1 9.45889E-1
-9999 -9999 -9999 -9999 -9999 -9999 -9999 -9999 1E0 1E0 1E0 1E0 1E0 1E0 1E0 1E0 1E0 -9999 -9999 -9999 -9999 -9999 -9999 -9999 -9999 -9999 -9999 -9999 -9999 -9999 1E0 1E0 1E0 1E0 1E0 1E0 1E0 1E0 1E0 1E0 1E0 1E0 1E0 1E0 1E0 9.99987E-1 1E0 9.99999E-1 9.99996E-1 9.99995E-1 9.99992E-1 9.99782E-1 9.99798E-1 1E0 1E0 9.99989E-1 9.99594E-1 9.98035E-1 9.99575E-1 9.99853E-1 9.98351E-1 9.99669E-1 9.98492E-1 9.98867E-1 9.9458E-1 9.93145E-1 9.97642E-1 8.46444E-1 6.56014E-1
-9999 -9999 -9999 -9999 -9999 -9999 -9999 1E0 1E0 1E0 1E0 1E0 1E0 1E0 1E0 1E0 1E0 1E0 -9999 -9999 -9999 -9999 -9999 -9999 -9999 -9999 -9999 -9999 -9999 -9999 1E0 1E0 1E0 1E0 1E0 1E0 1E0 1E0 1E0 1E0 1E0 1E0 1E0 1E0 1E0 9.99999E-1 9.99524E-1 9.99881E-1 9.99937E-1 1E0 1E0 9.9999E-1 9.99996E-1 9.99992E-1 9.99997E-1 9.99803E-1 9.99512E-1 9.98123E-1 9.93871E-1 9.99843E-1 9.99975E-1 9.99778E-1 9.98525E-1 9.99637E-1 9.95213E-1 9.58875E-1 8.46036E-1 6.21321E-1 6.43827E-1
-9999 -9999 -9999 -9999 -9999 -9999 1E0 1E0 1E0 1E0 1E0 1E0 1E0 1E0 1E0 1E0 1E0 1E0 1E0 -9999 -9999 -9999 -9999 1E0 1E0 1E0 1E0 -9999 1E0 1E0 1E0 1E0 1E0 1E0 1E0 1E0 1E0 9.99997E-1 1E0 1E0 1E0 1E0 1E0 1E0 1E0 9.99942E-1 9.9588E-1 9.99499E-1 9.99962E-1 1E0 9.99985E-1 1E0 9.99983E-1 9.99233E-1 9.9964E-1 9.98254E-1 9.99138E-1 9.98E-1 9.81689E-1 9.99627E-1 9.99181E-1 9.99281E-1 9.97414E-1 9.97728E-1 9.98081E-1 9.25E-1 7.07887E-1 8.22529E-1 7.67462E-1
-9999 -9999 -9999 -9999 1E0 1E0 1E0 1E0 1E0 1E0 1E0 1E0 1E0 1E0 1E0 1E0 1E0 1E0 1E0 1E0 1E0 1E0 1E0 1E0 1E0 1E0 1E0 1E0 1E0 1E0 1E0 1E0 1E0 1E0 1E0 1E0 1E0 1E0 1E0 1E0 1E0 1E0 1E0 1E0 1E0 9.99764E-1 9.97468E-1 9.99959E-1 9.99996E-1 9.99943E-1 9.99999E-1 1E0 9.99997E-1 9.99821E-1 9.99905E-1 9.9953E-1 9.86949E-1 9.96808E-1 9.89736E-1 9.9996E-1 9.99799E-1 9.98705E-1 9.97649E-1 9.97957E-1 9.88645E-1 9.74545E-1 7.84474E-1 7.4899E-1 6.93209E-1
-9999 1E0 1E0 1E0 1E0 1E0 1E0 1E0 1E0 1E0 1E0 1E0 1E0 1E0 1E0 1E0 1E0 1E0 1E0 1E0 1E0 1E0 1E0 1E0 1E0 1E0 1E0 1E0 1E0 1E0 1E0 1E0 1E0 1E0 1E0 1E0 1E0 1E0 1E0 1E0 1E0 9.99999E-1 1E0 9.99993E-1 9.99928E-1 9.99995E-1 9.99757E-1 1E0 9.99956E-1 9.97771E-1 9.93654E-1 9.99997E-1 9.99981E-1 9.86188E-1 9.72231E-1 9.94889E-1 9.58588E-1 9.69973E-1 9.90679E-1 9.99137E-1 9.96014E-1 9.89973E-1 9.89206E-1 9.71742E-1 9.73036E-1 9.58593E-1 9.24323E-1 8.27483E-1 7.4708E-1
1E0 1E0 1E0 1E0 1E0 1E0 1E0 1E0 1E0 1E0 1E0 1E0 1E0 1E0 1E0 1E0 1E0 1E0 1E0 1E0 1E0 1E0 1E0 1E0 1E0 1E0 1E0 1E0 1E0 1E0 1E0 1E0 1E0 1E0 1E0 1E0 1E0 1E0 1E0 1E0 1E0 1E0 1E0 9.99789E-1 9.99644E-1 1E0 9.99924E-1 1E0 9.98165E-1 9.97619E-1 9.99989E-1 9.98241E-1 9.99756E-1 9.96136E-1 9.70401E-1 9.88942E-1 9.72433E-1 9.80287E-1 9.46524E-1 9.95962E-1 9.91108E-1 9.95008E-1 9.98312E-1 9.63666E-1 9.61147E-1 8.44931E-1 8.78924E-1 6.84327E-1 8.4931E-1
1E0 1E0 1E0 1E0 1E0 1E0 1E0 1E0 1E0 1E0 1E0 1E0 1E0 1E0 1E0 1E0 1E0 1E0 1E0 1E0 1E0 1E0 1E0 1E0 1E0 1E0 1E0 1E0 1E0 1E0 1E0 1E0 1E0 1E0 1E0 1E0 1E0 1E0 1E0 1E0 1E0 1E0 9.99999E-1 9.99998E-1 9.99967E-1 1E0 9.99994E-1 9.99971E-1 9.99811E-1 9.99663E-1 9.99958E-1 9.99898E-1 9.99343E-1 9.99443E-1 9.89466E-1 9.87998E-1 9.58267E-1 9.63589E-1 9.7368E-1 9.9629E-1 9.96906E-1 9.98316E-1 9.52732E-1 8.88159E-1 8.47048E-1 8.90905E-1 7.41625E-1 6.00794E-1 3.32679E-1
1E0 1E0 1E0 1E0 1E0 1E0 1E0 1E0 1E0 1E0 1E0 1E0 1E0 1E0 1E0 1E0 1E0 1E0 1E0 1E0 1E0 1E0 1E0 1E0 1E0 1E0 1E0 1E0 1E0 1E0 1E0 1E0 1E0 1E0 1E0 1E0 1E0 1E0 1E0 1E0 1E0 1E0 1E0 1E0 1E0 1E0 9.99999E-1 1E0 9.99934E-1 9.99949E-1 9.99585E-1 9.99997E-1 9.99937E-1 9.97608E-1 9.99988E-1 9.98811E-1 9.98999E-1 9.98598E-1 9.55457E-1 9.93484E-1 9.99673E-1 9.90589E-1 8.76302E-1 9.37993E-1 8.6754E-1 8.07235E-1 5.12442E-1 3.18628E-1 5.4441E-1
9.99994E-1 1E0 1E0 1E0 1E0 1E0 1E0 1E0 1E0 1E0 1E0 1E0 1E0 1E0 1E0 1E0 1E0 1E0 1E0 1E0 1E0 1E0 1E0 1E0 1E0 1E0 1E0 1E0 1E0 1E0 1E0 1E0 1E0 1E0 1E0 1E0 1E0 1E0 1E0 1E0 1E0 1E0 1E0 1E0 1E0 1E0 1E0 9.99941E-1 9.92018E-1 9.97089E-1 1E0 1E0 9.98586E-1 9.99727E-1 9.99863E-1 9.99036E-1 9.98586E-1 9.99509E-1 9.93113E-1 9.97081E-1 9.99702E-1 9.92465E-1 9.58756E-1 9.54917E-1 7.95512E-1 5.58776E-1 3.24146E-1 2.15196E-1 3.43614E-1
1E0 1E0 1E0 1E0 1E0 1E0 1E0 1E0 1E0 1E0 1E0 1E0 1E0 1E0 1E0 1E0 1E0 1E0 1E0 1E0 1E0 1E0 1E0 1E0 1E0 1E0 1E0 1E0 1E0 1E0 1E0 1E0 -9999 1E0 1E0 1E0 1E0 1E0 1E0 1E0 1E0 1E0 1E0 1E0 9.99997E-1 1E0 1E0 9.99999E-1 9.99885E-1 9.74469E-1 9.99208E-1 9.99929E-1 9.99973E-1 9.93097E-1 9.99994E-1 9.99708E-1 9.99998E-1 9.9943E-1 9.86336E-1 9.9684E-1 9.97408E-1 9.97674E-1 9.888E-1 9.43257E-1 5.91757E-1 4.94319E-1 3.74177E-1 1.34651E-1 2.05874E-1
1E0 1E0 1E0 1E0 1E0 1E0 1E0 1E0 1E0 1E0 1E0 1E0 1E0 1E0 1E0 1E0 1E0 1E0 1E0 1E0 1E0 1E0 1E0 1E0 1E0 1E0 1E0 1E0 1E0 1E0 1E0 1E0 1E0 1E0 1E0 1E0 1E0 1E0 1E0 1E0 1E0 1E0 1E0 9.99993E-1 1E0 9.99996E-1 9.99988E-1 9.99996E-1 9.99877E-1 9.99142E-1 9.99453E-1 9.98788E-1 9.99985E-1 9.86712E-1 9.99764E-1 9.98758E-1 9.98271E-1 9.85802E-1 9.24847E-1 9.94419E-1 9.99451E-1 9.94242E-1 9.88878E-1 7.97409E-1 8.41455E-1 6.08319E-1 3.86086E-1 2.27264E-1 1.96875E-1
1E0 1E0 1E0 1E0 1E0 1E0 1E0 1E0 1E0 1E0 1E0 9.99999E-1 1E0 1E0 1E0 1E0 1E0 1E0 1E0 1E0 1E0 1E0 1E0 1E0 1E0 1E0 1E0 1E0 1E0 1E0 1E0 1E0 1E0 1E0 1E0 1E0 1E0 1E0 1E0 1E0 9.99999E-1 1E0 1E0 9.99999E-1 9.99998E-1 9.99998E-1 9.99999E-1 1E0 1E0 9.99584E-1 9.96991E-1 9.90762E-1 9.85611E-1 9.93099E-1 9.94367E-1 9.99881E-1 9.94514E-1 9.45023E-1 9.93865E-1 9.98654E-1 9.88602E-1 9.92026E-1 9.38809E-1 5.45204E-1 4.58494E-1 5.76056E-1 5.15902E-1 3.22671E-1 1.14286E-1
