ENM/Final_Models/M_0.8_F_q_Set_1_EC/Gustavia_santanderiensis_6_Choco_novel.asc
ncols         367
nrows         963
xllcorner     -78.6
yllcorner     0.65
cellsize      0.00833333333333323
NODATA_value  -9999
[rows 750 to 779 of 963, columns 204 to 271 of 367]
2.91675E1 3.05251E1 2.71312E1 2.04632E1 2.04632E1 2.39968E1 2.71312E1 3.0565E1 2.71312E1 3.0565E1 1.93053E1 2.71312E1 2.67918E1 1.57117E1 1.7249E1 1.48932E1 1.46536E1 1.79477E1 1.32561E1 1.51128E1 1.48932E1 1.20783E1 1.40347E1 9.50289E0 9.14354E0 9.88221E0 5.55001E0 8.02555E0 6.50829E0 7.14714E0 6.82771E0 3.15432E0 3.39389E0 3.63346E0 -9999 -9999 -9999 -9999 -9999 -9999 -9999 -9999 -9999 -9999 -9999 -9999 -9999 -9999 -9999 -9999 -9999 -9999 -9999 -9999 -9999 -9999 -9999 -9999 -9999 -9999 -9999 -9999 -9999 -9999 -9999 -9999 -9999 -9999
3.03653E1 2.71312E1 2.04632E1 1.76882E1 1.76882E1 2.04632E1 2.71312E1 2.39968E1 2.39968E1 2.39968E1 2.51747E1 2.71312E1 2.71312E1 2.77301E1 2.04632E1 1.98243E1 1.64105E1 1.46936E1 1.75284E1 1.06408E1 1.01417E1 1.48932E1 1.06608E1 6.92753E0 9.2234E0 7.14714E0 8.76422E0 1.01417E1 5.90936E0 3.11439E0 7.24696E0 3.85306E0 3.85306E0 4.51188E0 3.11439E0 -9999 -9999 -9999 -9999 -9999 -9999 -9999 -9999 -9999 -9999 -9999 -9999 -9999 -9999 -9999 -9999 -9999 -9999 -9999 -9999 -9999 -9999 -9999 -9999 -9999 -9999 -9999 -9999 -9999 -9999 -9999 -9999 -9999
3.40787E1 3.38591E1 1.76882E1 1.46137E1 1.46137E1 2.04632E1 2.39968E1 2.39968E1 2.39968E1 2.39968E1 2.71312E1 2.39968E1 2.71312E1 2.57337E1 1.76682E1 1.99641E1 1.9465E1 1.56319E1 1.35756E1 1.32561E1 1.64504E1 1.55919E1 1.32761E1 8.18527E0 9.2234E0 7.32681E0 1.41346E1 5.27051E0 5.35037E0 7.64624E0 5.96926E0 4.19245E0 3.11439E0 8.02555E0 3.89299E0 4.09263E0 -9999 -9999 -9999 -9999 -9999 -9999 -9999 -9999 -9999 -9999 -9999 -9999 -9999 -9999 -9999 -9999 -9999 -9999 -9999 -9999 -9999 -9999 -9999 -9999 -9999 -9999 -9999 -9999 -9999 -9999 -9999 -9999
3.62148E1 2.39968E1 1.46137E1 1.26373E1 1.26373E1 2.04632E1 2.39968E1 2.39968E1 2.04632E1 2.04632E1 2.04632E1 2.39968E1 3.0565E1 3.21821E1 1.82272E1 1.55919E1 1.9465E1 1.91256E1 1.75284E1 1.64105E1 1.05211E1 1.27171E1 7.92573E0 9.9421E0 6.44839E0 1.41346E1 8.02555E0 6.92753E0 7.64624E0 5.90936E0 5.58994E0 3.85306E0 8.76422E0 4.85127E0 3.39389E0 5.41026E0 3.47375E0 6.92753E0 -9999 -9999 -9999 -9999 -9999 -9999 -9999 -9999 -9999 -9999 -9999 -9999 -9999 -9999 -9999 -9999 -9999 -9999 -9999 -9999 -9999 -9999 -9999 -9999 -9999 -9999 -9999 -9999 -9999 -9999
3.0565E1 2.04632E1 1.26373E1 1.10801E1 1.26373E1 1.76882E1 2.39968E1 1.76882E1 1.46137E1 1.46137E1 1.76882E1 2.71312E1 3.38591E1 3.0565E1 3.0565E1 2.71511E1 1.73288E1 1.91256E1 1.75284E1 1.41346E1 1.56319E1 1.86265E1 1.37552E1 1.01417E1 9.42304E0 7.64624E0 6.82771E0 7.32681E0 5.96926E0 5.55001E0 5.90936E0 4.35217E0 8.36494E0 8.42484E0 5.8894E0 5.35037E0 6.96746E0 7.1671E0 6.86764E0 -9999 -9999 -9999 -9999 -9999 -9999 -9999 -9999 -9999 -9999 -9999 -9999 -9999 -9999 -9999 -9999 -9999 -9999 -9999 -9999 -9999 -9999 -9999 -9999 -9999 -9999 -9999 -9999 -9999
2.04632E1 1.46137E1 9.92214E0 9.92214E0 1.10801E1 1.26373E1 1.46137E1 1.26373E1 1.26373E1 1.76882E1 2.04632E1 2.04632E1 2.39968E1 2.71312E1 3.0565E1 3.0565E1 2.19605E1 1.95049E1 1.75284E1 1.93053E1 1.37153E1 1.23777E1 1.74087E1 1.18587E1 9.88221E0 9.58275E0 1.11799E1 9.14354E0 7.92573E0 6.92753E0 1.19984E1 1.05211E1 5.27051E0 6.50829E0 5.47015E0 6.92753E0 6.54821E0 6.70793E0 6.50829E0 1.83669E0 -9999 -9999 -9999 -9999 -9999 -9999 -9999 -9999 -9999 -9999 -9999 -9999 -9999 -9999 -9999 -9999 -9999 -9999 -9999 -9999 -9999 -9999 -9999 -9999 -9999 -9999 -9999 -9999
1.46137E1 1.10801E1 -9999 -9999 8.62448E0 9.92214E0 1.10801E1 -9999 -9999 -9999 1.76882E1 2.39968E1 2.71312E1 3.38591E1 3.26013E1 3.0565E1 2.30984E1 1.91256E1 1.40747E1 1.96047E1 1.67299E1 1.70493E1 1.18587E1 1.35756E1 8.40487E0 8.62448E0 6.54821E0 5.58994E0 1.19984E1 8.4448E0 8.42484E0 7.58634E0 7.62627E0 6.82771E0 5.56997E0 6.82771E0 5.56997E0 7.58634E0 9.58275E0 1.4973E0 -9999 -9999 -9999 -9999 -9999 -9999 -9999 -9999 -9999 -9999 -9999 -9999 -9999 -9999 -9999 -9999 -9999 -9999 -9999 -9999 -9999 -9999 -9999 -9999 -9999 -9999 -9999 -9999
1.10801E1 -9999 -9999 -9999 7.6662E0 8.62448E0 -9999 -9999 -9999 -9999 -9999 2.39968E1 2.71312E1 3.0565E1 3.0565E1 3.0565E1 2.7231E1 2.10821E1 1.42543E1 1.97445E1 1.34757E1 1.27171E1 1.06608E1 1.13795E1 8.40487E0 1.21581E1 9.14354E0 9.14354E0 1.01417E1 9.58275E0 6.76782E0 9.50289E0 8.40487E0 6.52825E0 1.15991E1 6.82771E0 7.96566E0 3.85306E0 2.13615E0 3.23418E0 6.3885E-1 -9999 -9999 -9999 -9999 -9999 -9999 -9999 -9999 -9999 -9999 -9999 -9999 -9999 -9999 -9999 -9999 -9999 -9999 -9999 -9999 -9999 -9999 -9999 -9999 -9999 -9999 -9999
-9999 -9999 -9999 6.98742E0 6.98742E0 -9999 -9999 -9999 -9999 -9999 -9999 -9999 2.39968E1 2.71312E1 3.0565E1 3.0565E1 2.96067E1 1.89259E1 2.08026E1 2.02236E1 1.85466E1 1.69695E1 1.34757E1 1.46936E1 1.24775E1 1.19984E1 1.27171E1 1.32761E1 7.24696E0 5.55001E0 1.00819E1 9.14354E0 1.03613E1 8.34498E0 5.47015E0 7.96566E0 1.11799E1 3.89299E0 2.2759E0 2.07626E0 4.79138E-1 -9999 -9999 -9999 -9999 -9999 -9999 -9999 -9999 -9999 -9999 -9999 -9999 -9999 -9999 -9999 -9999 -9999 -9999 -9999 -9999 -9999 -9999 -9999 -9999 -9999 -9999 -9999
-9999 -9999 -9999 -9999 -9999 -9999 -9999 -9999 -9999 -9999 -9999 -9999 -9999 2.71312E1 3.38591E1 3.38591E1 2.8868E1 1.89858E1 1.91256E1 1.67299E1 1.88461E1 1.35356E1 1.78678E1 1.21581E1 1.57916E1 8.34498E0 9.7225E0 8.4448E0 8.42484E0 8.34498E0 7.1671E0 7.62627E0 7.42663E0 9.52286E0 1.07806E1 6.1689E0 1.29766E0 1.61709E0 1.29766E0 8.18527E-1 3.99281E-2 5.98922E-1 -9999 -9999 -9999 -9999 -9999 -9999 -9999 -9999 -9999 -9999 -9999 -9999 -9999 -9999 -9999 -9999 -9999 -9999 -9999 -9999 -9999 -9999 -9999 -9999 -9999 -9999
-9999 -9999 -9999 -9999 -9999 -9999 8.62448E0 9.92214E0 1.10801E1 1.10801E1 1.46137E1 1.76882E1 2.39968E1 3.0565E1 3.0565E1 3.0565E1 3.38591E1 2.92274E1 1.87463E1 2.03633E1 1.48133E1 1.19984E1 1.41545E1 1.35356E1 9.68257E0 1.24775E1 1.29367E1 9.14354E0 7.24696E0 9.52286E0 8.42484E0 1.26572E1 1.32561E1 1.06408E1 7.28688E0 2.73508E0 1.61709E0 9.98203E-2 2.19605E-1 5.98922E-1 4.79138E-1 2.2759E0 -9999 -9999 -9999 -9999 -9999 -9999 -9999 -9999 -9999 -9999 -9999 -9999 -9999 -9999 -9999 -9999 -9999 -9999 -9999 -9999 -9999 -9999 -9999 -9999 -9999 -9999
-9999 -9999 -9999 -9999 5.96926E0 6.98742E0 8.62448E0 9.92214E0 -9999 -9999 -9999 1.76882E1 2.39968E1 3.0565E1 3.0565E1 3.0565E1 3.38591E1 3.34997E1 2.71511E1 2.52346E1 2.09822E1 1.64105E1 1.93452E1 1.29367E1 1.4454E1 9.68257E0 1.2797E1 1.19984E1 1.8347E1 1.06408E1 9.02376E0 9.7225E0 9.02376E0 1.1679E1 1.22779E1 1.73687E0 1.7768E0 3.59353E-1 3.99281E-2 5.98922E-1 9.78239E-1 5.19066E0 -9999 -9999 -9999 -9999 -9999 -9999 -9999 -9999 -9999 -9999 -9999 -9999 -9999 -9999 -9999 -9999 -9999 -9999 -9999 -9999 -9999 -9999 -9999 -9999 -9999 -9999
-9999 -9999 -9999 -9999 -9999 -9999 -9999 -9999 -9999 -9999 -9999 -9999 1.76882E1 2.71312E1 3.0565E1 3.38591E1 3.38591E1 3.0565E1 2.89679E1 2.00838E1 1.46137E1 1.46137E1 1.89259E1 1.51727E1 1.40347E1 1.46536E1 1.41346E1 1.55919E1 9.7225E0 1.46137E1 1.51128E1 1.18587E1 1.18587E1 1.23777E1 1.30565E1 5.98922E-2 1.73687E0 9.98203E-2 8.18527E-1 2.43562E0 1.57716E0 9.78239E-1 -9999 -9999 -9999 -9999 -9999 -9999 -9999 -9999 -9999 -9999 -9999 -9999 -9999 -9999 -9999 -9999 -9999 -9999 -9999 -9999 -9999 -9999 -9999 -9999 -9999 -9999
-9999 -9999 -9999 -9999 -9999 -9999 -9999 -9999 -9999 -9999 -9999 -9999 -9999 1.76882E1 2.39968E1 2.39968E1 2.71312E1 3.0565E1 3.62148E1 2.43562E1 1.75883E1 1.21781E1 1.14394E1 1.21581E1 1.75883E1 1.29966E1 1.14394E1 9.36315E0 1.24775E1 1.21781E1 8.40487E0 1.24775E1 1.4454E1 7.92573E0 7.58634E-1 -3.07486E-1 4.79138E-1 3.19425E-1 9.98203E-2 6.3885E-1 2.2759E0 4.8912E0 -9999 -9999 -9999 -9999 -9999 -9999 -9999 -9999 -9999 -9999 -9999 -9999 -9999 -9999 -9999 -9999 -9999 -9999 -9999 -9999 -9999 -9999 -9999 -9999 -9999 -9999
-9999 -9999 -9999 -9999 -9999 -9999 1.46137E1 1.46137E1 2.04632E1 2.04632E1 2.39968E1 -9999 -9999 2.39968E1 3.0565E1 2.71312E1 3.0565E1 3.0565E1 3.38591E1 3.78519E1 3.33999E1 2.26592E1 1.90657E1 1.55919E1 1.41545E1 1.18587E1 1.88461E1 1.55919E1 1.51128E1 1.14394E1 1.24775E1 1.11399E1 9.14354E0 5.1108E0 9.18347E-1 5.98922E-2 7.98563E-2 4.19245E-1 1.99641E0 2.43562E0 2.43562E0 6.18886E0 -9999 -9999 -9999 -9999 -9999 -9999 -9999 -9999 -9999 -9999 -9999 -9999 -9999 -9999 -9999 -9999 -9999 -9999 -9999 -9999 -9999 -9999 -9999 -9999 -9999 -9999
-9999 -9999 -9999 -9999 -9999 8.62448E0 9.92214E0 1.10801E1 1.76882E1 2.04632E1 2.39968E1 3.38591E1 3.78519E1 3.0565E1 3.38591E1 3.62148E1 3.78519E1 3.62148E1 3.38591E1 3.0565E1 3.38591E1 3.78519E1 2.52346E1 1.68896E1 1.32761E1 1.7249E1 1.32761E1 1.48932E1 1.47534E1 1.37153E1 1.40747E1 7.46656E0 2.2759E0 1.99641E0 6.18886E-1 3.99281E-2 6.18886E-1 4.59174E-1 1.5572E0 4.53184E0 3.0545E0 1.81673E0 -9999 -9999 -9999 -9999 -9999 -9999 -9999 -9999 -9999 -9999 -9999 -9999 -9999 -9999 -9999 -9999 -9999 -9999 -9999 -9999 -9999 -9999 -9999 -9999 -9999 -9999
-9999 -9999 -9999 -9999 -9999 -9999 -9999 -9999 1.76882E1 2.39968E1 2.39968E1 3.38591E1 3.62148E1 4.26233E1 4.26233E1 4.26233E1 3.33999E1 4.15652E1 3.62148E1 4.26233E1 3.78519E1 3.38591E1 3.40787E1 2.43562E1 1.93452E1 1.53923E1 1.35356E1 9.52286E0 1.05211E1 1.64105E1 1.06608E1 8.20523E0 3.0545E0 1.17788E0 5.98922E-2 3.59353E-1 7.58634E-1 5.19066E-1 1.73687E0 5.33041E0 3.89299E0 2.13615E0 -9999 -9999 -9999 -9999 -9999 -9999 -9999 -9999 -9999 -9999 -9999 -9999 -9999 -9999 -9999 -9999 -9999 -9999 -9999 -9999 -9999 -9999 -9999 -9999 -9999 -9999
-9999 -9999 -9999 -9999 -9999 -9999 -9999 1.76882E1 2.04632E1 2.71312E1 3.0565E1 3.78519E1 3.62148E1 5.2246E1 4.446E1 3.87702E1 2.57337E1 2.81693E1 2.75105E1 2.46955E1 3.53164E1 3.80914E1 3.62148E1 3.51966E1 2.01238E1 2.10621E1 1.62507E1 1.24775E1 7.24696E0 8.64444E0 6.44839E0 1.93651E0 1.09802E0 3.59353E-1 5.98922E-2 5.98922E-2 1.17788E0 6.04911E0 4.41206E0 4.45199E0 2.99461E0 2.79497E0 -9999 -9999 -9999 -9999 -9999 -9999 -9999 -9999 -9999 -9999 -9999 -9999 -9999 -9999 -9999 -9999 -9999 -9999 -9999 -9999 -9999 -9999 -9999 -9999 -9999 -9999
-9999 -9999 -9999 -9999 -9999 1.46137E1 1.46137E1 1.76882E1 2.39968E1 2.71312E1 3.0565E1 4.26233E1 4.83729E1 5.24057E1 4.11459E1 3.60551E1 2.53144E1 2.8888E1 2.46955E1 3.07047E1 2.37373E1 2.74306E1 4.25035E1 3.74526E1 2.31583E1 1.74686E1 1.79677E1 1.15193E1 9.28329E0 3.01457E0 1.17788E0 2.19605E-1 4.79138E-1 7.98563E-2 7.98563E-2 7.98563E-2 1.01817E0 5.8894E0 1.63705E0 9.58275E-1 4.25235E0 4.21242E0 -9999 -9999 -9999 -9999 -9999 -9999 -9999 -9999 -9999 -9999 -9999 -9999 -9999 -9999 -9999 -9999 -9999 -9999 -9999 -9999 -9999 -9999 -9999 -9999 -9999 -9999
-9999 -9999 -9999 -9999 9.92214E0 1.76882E1 2.04632E1 2.04632E1 2.39968E1 3.0565E1 3.0565E1 3.78519E1 5.63186E1 3.99481E1 2.51747E1 2.53943E1 2.69914E1 2.79497E1 3.47774E1 2.89679E1 3.0026E1 2.45558E1 2.45957E1 3.28209E1 3.10242E1 2.47754E1 1.92054E1 1.59912E1 1.22779E1 2.37572E0 4.59174E-1 2.21601E0 1.99641E-2 3.59353E-1 1.09802E0 5.98922E-2 1.73687E0 8.20523E0 4.39209E0 1.83669E0 1.69695E0 2.21601E0 -9999 -9999 -9999 -9999 -9999 -9999 -9999 -9999 -9999 -9999 -9999 -9999 -9999 -9999 -9999 -9999 -9999 -9999 -9999 -9999 -9999 -9999 -9999 -9999 -9999 -9999
-9999 -9999 -9999 -9999 9.92214E0 1.10801E1 1.76882E1 2.71312E1 2.39968E1 2.71312E1 2.71312E1 3.38591E1 4.26233E1 5.46616E1 3.78718E1 3.19026E1 3.75324E1 4.7195E1 4.52585E1 2.64524E1 2.23797E1 2.80695E1 2.20204E1 2.56938E1 2.33979E1 2.70313E1 2.22E1 1.91256E1 2.00838E1 9.58275E0 3.81314E0 9.50289E0 9.18347E-1 1.01817E0 9.18347E-1 4.59174E-1 3.6135E0 2.37572E0 4.29227E0 5.13076E0 1.47734E0 2.35576E0 -9999 -9999 -9999 -9999 -9999 -9999 -9999 -9999 -9999 -9999 -9999 -9999 -9999 -9999 -9999 -9999 -9999 -9999 -9999 -9999 -9999 -9999 -9999 -9999 -9999 -9999
-9999 -9999 -9999 -9999 -9999 -9999 1.26373E1 2.04632E1 2.04632E1 2.04632E1 2.39968E1 3.0565E1 3.78519E1 4.26233E1 4.83729E1 5.46616E1 4.83729E1 4.83729E1 5.34837E1 2.80894E1 2.56339E1 2.91675E1 2.62727E1 2.27391E1 2.78499E1 2.51747E1 2.26592E1 2.28988E1 2.02236E1 1.6111E1 1.40347E1 8.64444E0 4.27231E0 1.11799E0 4.19245E-1 1.23777E0 6.98742E-1 4.85127E0 5.15073E0 1.69695E0 8.18527E-1 1.25774E0 -9999 -9999 -9999 -9999 -9999 -9999 -9999 -9999 -9999 -9999 -9999 -9999 -9999 -9999 -9999 -9999 -9999 -9999 -9999 -9999 -9999 -9999 -9999 -9999 -9999 -9999
-9999 -9999 -9999 -9999 -9999 -9999 -9999 1.26373E1 1.46137E1 1.76882E1 3.0565E1 3.38591E1 3.38591E1 3.78519E1 3.78519E1 4.26233E1 4.26233E1 3.62148E1 5.43422E1 2.56938E1 2.27391E1 2.54342E1 2.66321E1 2.70912E1 2.36375E1 2.4975E1 1.97445E1 2.00838E1 1.8327E1 1.94051E1 9.14354E0 1.99641E0 9.18347E-1 6.18886E-1 4.27231E0 2.87483E0 2.79497E0 2.25594E0 4.29227E0 2.75504E0 7.18706E-1 4.27231E0 -9999 -9999 -9999 -9999 -9999 -9999 -9999 -9999 -9999 -9999 -9999 -9999 -9999 -9999 -9999 -9999 -9999 -9999 -9999 -9999 -9999 -9999 -9999 -9999 -9999 -9999
-9999 -9999 -9999 -9999 -9999 -9999 1.10801E1 1.10801E1 1.46137E1 2.04632E1 2.39968E1 2.39968E1 3.0565E1 3.38591E1 2.71312E1 3.38591E1 3.0565E1 3.78519E1 4.83729E1 3.96287E1 3.84508E1 2.88281E1 2.86684E1 1.89858E1 2.14015E1 1.62507E1 8.62448E0 1.02216E1 5.55001E0 1.43342E1 1.2198E1 4.79138E-1 1.99641E-2 1.99641E-1 3.81314E0 4.29227E0 2.0563E0 1.51727E0 3.37393E0 1.97644E0 1.29766E0 -9999 -9999 -9999 -9999 -9999 -9999 -9999 -9999 -9999 -9999 -9999 -9999 -9999 -9999 -9999 -9999 -9999 -9999 -9999 -9999 -9999 -9999 -9999 -9999 -9999 -9999 -9999
-9999 -9999 -9999 -9999 -9999 -9999 -9999 -9999 -9999 1.26373E1 1.76882E1 2.71312E1 2.71312E1 2.39968E1 2.71312E1 2.71312E1 3.0565E1 3.78519E1 4.83729E1 4.32621E1 3.11639E1 2.87083E1 3.10242E1 2.46556E1 5.86943E0 1.38551E1 4.05271E0 1.83669E0 3.01457E0 1.6111E1 9.14354E0 6.76782E0 1.01817E0 3.19425E-1 3.15432E0 7.30685E0 6.18886E0 1.71691E0 3.37393E0 1.97644E0 7.58634E-1 -9999 -9999 -9999 -9999 -9999 -9999 -9999 -9999 -9999 -9999 -9999 -9999 -9999 -9999 -9999 -9999 -9999 -9999 -9999 -9999 -9999 -9999 -9999 -9999 -9999 -9999 -9999
-9999 -9999 -9999 -9999 -9999 -9999 -9999 -9999 -9999 1.76882E1 1.76882E1 2.39968E1 2.39968E1 2.04632E1 2.39968E1 3.0565E1 4.83729E1 5.46616E1 4.9471E1 3.32601E1 2.66321E1 3.08445E1 2.28988E1 2.51348E1 8.70433E0 2.85486E0 4.79138E-1 8.58455E-1 5.98922E-1 1.25774E1 5.1108E0 6.54821E0 2.43562E0 8.18527E-1 1.7768E0 3.87303E0 7.04731E0 2.0563E0 3.51368E0 2.07626E0 3.59353E-1 -9999 -9999 -9999 -9999 -9999 -9999 -9999 -9999 -9999 -9999 -9999 -9999 -9999 -9999 -9999 -9999 -9999 -9999 -9999 -9999 -9999 -9999 -9999 -9999 -9999 -9999 -9999
-9999 1.26373E1 2.04632E1 -9999 -9999 -9999 2.71312E1 3.38591E1 3.0565E1 2.39968E1 1.46137E1 1.76882E1 2.04632E1 2.71312E1 2.71312E1 3.0565E1 4.83729E1 3.45578E1 2.94071E1 3.0026E1 2.43562E1 1.8327E1 1.96646E1 2.03633E1 1.48732E1 2.85486E0 5.3903E-1 5.98922E-2 6.58814E-1 5.55001E0 1.93651E0 4.71152E0 7.54642E0 4.19245E-1 5.19066E0 7.32681E0 -9999 -9999 7.18706E-1 1.33759E0 -9999 -9999 -9999 -9999 -9999 -9999 -9999 -9999 -9999 -9999 -9999 -9999 -9999 -9999 -9999 -9999 -9999 -9999 -9999 -9999 -9999 -9999 -9999 -9999 -9999 -9999 -9999 -9999
-9999 2.04632E1 2.39968E1 2.39968E1 2.39968E1 2.39968E1 2.71312E1 3.0565E1 2.04632E1 2.04632E1 2.04632E1 3.0565E1 3.78519E1 3.0565E1 3.0565E1 4.26233E1 5.42224E1 3.78718E1 3.67339E1 3.07447E1 2.62128E1 2.33979E1 2.35177E1 2.0543E1 4.93112E0 4.93112E0 5.3903E-1 1.79677E-1 6.58814E-1 1.0581E0 6.18886E-1 1.09802E0 4.71152E0 1.01817E0 9.10361E0 7.48652E0 -9999 -9999 -9999 -9999 -9999 -9999 -9999 -9999 -9999 -9999 -9999 -9999 -9999 -9999 -9999 -9999 -9999 -9999 -9999 -9999 -9999 -9999 -9999 -9999 -9999 -9999 -9999 -9999 -9999 -9999 -9999 -9999
1.26373E1 1.46137E1 2.04632E1 2.04632E1 2.04632E1 2.04632E1 2.39968E1 2.39968E1 3.0565E1 3.0565E1 2.39968E1 3.38591E1 4.26233E1 4.26233E1 4.26233E1 5.46616E1 4.08465E1 4.29028E1 3.75324E1 2.93072E1 3.53564E1 2.74306E1 2.91675E1 2.77301E1 1.19585E1 1.61709E0 3.67339E0 5.51008E0 4.47195E0 1.37752E0 4.17249E0 1.17788E0 2.67518E0 1.45738E0 9.18347E0 6.44839E0 -9999 -9999 -9999 -9999 -9999 -9999 -9999 -9999 -9999 -9999 -9999 -9999 -9999 -9999 -9999 -9999 -9999 -9999 -9999 -9999 -9999 -9999 -9999 -9999 -9999 -9999 -9999 -9999 -9999 -9999 -9999 -9999
1.26373E1 1.76882E1 2.04632E1 2.04632E1 2.39968E1 3.0565E1 3.38591E1 3.0565E1 3.38591E1 3.62148E1 3.78519E1 4.26233E1 4.83729E1 5.46616E1 5.37433E1 4.92114E1 3.74526E1 3.889E1 3.27011E1 3.19026E1 3.25215E1 3.29806E1 2.92873E1 2.77301E1 2.00838E1 1.96247E1 1.77481E1 5.51008E0 2.13615E0 1.37752E0 1.17788E0 1.71691E0 2.2759E0 1.23777E0 2.43562E0 1.04212E1 -9999 -9999 -9999 -9999 -9999 -9999 -9999 -9999 -9999 -9999 -9999 -9999 -9999 -9999 -9999 -9999 -9999 -9999 -9999 -9999 -9999 -9999 -9999 -9999 -9999 -9999 -9999 -9999 -9999 -9999 -9999 -9999
