ENM/Final_Models/M_0.8_F_q_Set_1_EC/Gustavia_santanderiensis_5_Choco_clamping.asc
ncols         367
nrows         963
xllcorner     -78.6
yllcorner     0.65
cellsize      0.00833333333333323
NODATA_value  -9999
[rows 620 to 650 of 963, columns 142 to 212 of 367]
-9999 -9999 -9999 -9999 -9999 -9999 -9999 -9999 -9999 -9999 -9999 -9999 -9999 -9999 -9999 -9999 -9999 -9999 -9999 -9999 -9999 -9999 -9999 -9999 -9999 2.48747E-1 2.51435E-1 2.26492E-1 2.09446E-1 2.05806E-1 1.32107E-1 1.22778E-1 1.13662E-1 1.22788E-1 1.37994E-1 1.11562E-1 9.13876E-2 4.27159E-2 5.40485E-2 4.54593E-2 8.20942E-3 2.06807E-2 2.98667E-2 2.93519E-2 7.32504E-2 5.21092E-2 0E0 0E0 0E0 0E0 0E0 0E0 0E0 0E0 0E0 0E0 0E0 0E0 0E0 0E0 0E0 0E0 0E0 0E0 0E0 0E0 0E0 0E0 0E0 0E0 0E0
-9999 -9999 -9999 -9999 -9999 -9999 -9999 -9999 -9999 -9999 -9999 -9999 -9999 -9999 -9999 -9999 -9999 -9999 -9999 -9999 -9999 -9999 -9999 -9999 1.5543E-1 1.83699E-1 2.452E-1 2.08435E-1 1.82764E-1 1.83178E-1 1.64563E-1 1.39131E-1 1.06164E-1 1.19214E-1 1.08744E-1 1.01437E-1 6.42173E-2 5.44944E-2 2.03973E-2 0E0 0E0 1.32108E-2 4.4035E-2 3.35127E-2 8.81648E-2 2.6738E-2 0E0 0E0 0E0 0E0 0E0 0E0 0E0 0E0 0E0 0E0 0E0 0E0 0E0 0E0 0E0 0E0 0E0 0E0 0E0 0E0 0E0 0E0 0E0 0E0 0E0
-9999 -9999 -9999 -9999 -9999 -9999 -9999 -9999 -9999 -9999 -9999 -9999 -9999 -9999 -9999 -9999 -9999 -9999 -9999 -9999 -9999 -9999 -9999 -9999 1.7255E-1 1.87018E-1 2.16529E-1 2.1769E-1 1.83272E-1 1.31281E-1 1.81517E-1 1.56424E-1 1.34835E-1 1.13147E-1 1.11052E-1 8.31029E-2 4.38496E-2 0E0 0E0 0E0 0E0 1.01235E-3 2.64511E-2 6.11466E-2 2.78585E-2 0E0 0E0 0E0 0E0 0E0 0E0 0E0 0E0 0E0 0E0 0E0 0E0 0E0 0E0 0E0 0E0 0E0 0E0 0E0 0E0 0E0 0E0 0E0 0E0 0E0 0E0
-9999 -9999 -9999 -9999 -9999 -9999 -9999 -9999 -9999 -9999 -9999 -9999 -9999 -9999 -9999 -9999 -9999 -9999 -9999 -9999 -9999 -9999 -9999 2.00137E-1 2.40497E-1 1.98346E-1 9.74453E-2 3.40969E-2 1.62179E-1 1.48761E-1 7.94025E-2 1.34558E-1 1.24165E-1 9.92989E-2 9.89228E-2 4.50908E-2 2.28277E-2 3.25654E-2 0E0 0E0 0E0 0E0 3.5941E-2 5.71723E-2 2.51787E-2 5.47194E-3 3.62878E-2 0E0 0E0 0E0 0E0 0E0 0E0 0E0 0E0 0E0 0E0 0E0 0E0 0E0 0E0 0E0 0E0 0E0 0E0 0E0 0E0 0E0 0E0 0E0 0E0
-9999 -9999 -9999 -9999 -9999 -9999 -9999 -9999 -9999 -9999 -9999 -9999 -9999 -9999 -9999 -9999 -9999 -9999 -9999 -9999 -9999 -9999 1.75964E-1 1.98365E-1 2.47513E-1 2.40926E-1 1.77477E-1 2.01047E-1 8.81229E-2 1.42452E-1 9.81104E-2 4.93393E-2 6.81307E-2 8.35526E-2 1.08658E-1 6.42287E-2 2.20832E-2 8.68673E-3 0E0 0E0 0E0 0E0 0E0 0E0 4.55983E-2 3.59164E-2 5.77129E-2 5.51549E-2 9.64326E-2 2.1537E-2 0E0 0E0 1.78088E-3 6.70352E-3 0E0 0E0 0E0 0E0 0E0 0E0 0E0 0E0 0E0 0E0 0E0 0E0 0E0 0E0 0E0 0E0 0E0
-9999 -9999 -9999 -9999 -9999 -9999 -9999 -9999 -9999 -9999 -9999 -9999 -9999 -9999 -9999 -9999 -9999 -9999 -9999 -9999 -9999 -9999 1.76572E-1 2.46934E-1 2.16538E-1 2.49287E-1 2.09044E-1 2.40863E-1 1.50763E-1 1.58342E-1 9.61223E-2 2.71486E-2 6.07877E-2 1.55474E-2 9.1747E-3 4.23099E-3 0E0 0E0 0E0 0E0 0E0 0E0 0E0 0E0 1.58357E-2 1.23693E-2 8.24606E-3 9.54365E-2 4.233E-2 1.17586E-2 0E0 1.0476E-2 2.44421E-3 0E0 0E0 0E0 0E0 0E0 0E0 0E0 0E0 0E0 0E0 0E0 0E0 0E0 0E0 0E0 0E0 0E0 0E0
-9999 -9999 -9999 -9999 -9999 -9999 -9999 -9999 -9999 -9999 -9999 -9999 -9999 -9999 -9999 -9999 -9999 -9999 -9999 -9999 -9999 1.47196E-1 1.81821E-1 1.75217E-1 2.10237E-1 2.11084E-1 2.25168E-1 1.87622E-1 1.82914E-1 1.41417E-1 1.10524E-1 6.3191E-2 2.98124E-2 1.11422E-2 9.33205E-4 0E0 0E0 0E0 0E0 0E0 0E0 0E0 0E0 0E0 5.92994E-3 3.71915E-2 9.00033E-2 8.26322E-2 3.3806E-3 0E0 0E0 0E0 0E0 0E0 0E0 0E0 0E0 0E0 0E0 0E0 0E0 0E0 0E0 0E0 0E0 0E0 0E0 0E0 0E0 0E0 0E0
-9999 -9999 -9999 -9999 -9999 -9999 -9999 -9999 -9999 -9999 -9999 -9999 -9999 -9999 -9999 -9999 -9999 -9999 -9999 -9999 -9999 1.35126E-1 7.27879E-2 1.65432E-1 1.58024E-1 2.175E-1 2.33404E-1 2.17443E-1 1.6562E-1 1.01718E-1 9.39266E-2 9.40776E-2 1.53138E-2 8.70117E-3 8.96924E-3 0E0 0E0 0E0 0E0 0E0 0E0 0E0 0E0 0E0 2.89984E-2 6.42434E-2 1.23876E-1 5.90249E-2 0E0 0E0 0E0 0E0 0E0 0E0 0E0 0E0 0E0 0E0 0E0 0E0 0E0 0E0 0E0 0E0 0E0 0E0 0E0 0E0 0E0 0E0 0E0
-9999 -9999 -9999 -9999 -9999 -9999 -9999 -9999 -9999 -9999 -9999 -9999 -9999 -9999 -9999 -9999 -9999 -9999 -9999 -9999 1.60495E-1 2.26812E-1 2.30582E-1 1.67601E-1 2.05659E-1 2.14632E-1 2.3403E-1 2.03674E-1 1.74846E-1 1.91906E-1 1.74837E-1 6.61667E-2 3.91478E-2 4.14258E-3 0E0 0E0 0E0 0E0 0E0 0E0 0E0 0E0 0E0 0E0 9.42425E-4 8.21602E-2 8.52191E-2 4.06704E-2 0E0 0E0 0E0 0E0 0E0 0E0 0E0 0E0 0E0 0E0 0E0 0E0 0E0 0E0 0E0 0E0 0E0 0E0 0E0 0E0 0E0 0E0 0E0
-9999 -9999 -9999 -9999 -9999 -9999 -9999 -9999 -9999 -9999 -9999 -9999 -9999 -9999 -9999 -9999 -9999 -9999 -9999 1.71114E-1 1.66165E-1 1.89228E-1 1.5791E-1 2.46466E-1 2.2146E-1 2.12428E-1 2.25647E-1 2.41619E-1 1.91702E-1 1.57401E-1 8.30314E-2 2.64547E-2 1.14888E-2 0E0 0E0 0E0 0E0 0E0 0E0 0E0 0E0 0E0 1.95231E-2 0E0 0E0 1.0311E-1 9.82547E-2 1.4893E-2 0E0 0E0 0E0 0E0 0E0 0E0 0E0 0E0 0E0 0E0 0E0 0E0 0E0 0E0 0E0 0E0 0E0 0E0 0E0 0E0 0E0 0E0 0E0
-9999 -9999 -9999 -9999 -9999 -9999 -9999 -9999 -9999 -9999 -9999 -9999 -9999 -9999 -9999 -9999 -9999 -9999 -9999 1.47675E-1 1.13686E-1 1.4888E-1 2.14592E-1 2.35559E-1 2.13321E-1 2.28434E-1 2.37519E-1 2.11064E-1 2.30509E-1 1.65389E-1 1.08094E-1 2.45701E-2 3.03547E-3 3.72915E-3 0E0 0E0 0E0 0E0 0E0 1.59875E-3 0E0 1.22771E-2 1.37796E-2 0E0 4.12715E-3 4.48061E-2 6.86839E-2 2.03969E-3 0E0 0E0 0E0 0E0 0E0 0E0 0E0 0E0 0E0 0E0 0E0 0E0 0E0 0E0 0E0 0E0 0E0 0E0 0E0 0E0 0E0 0E0 0E0
-9999 -9999 -9999 -9999 -9999 -9999 -9999 -9999 -9999 -9999 -9999 -9999 -9999 -9999 -9999 -9999 -9999 -9999 2.09201E-1 1.89446E-1 2.47308E-1 2.49798E-1 2.62852E-1 2.09467E-1 1.91051E-1 2.16292E-1 2.2234E-1 2.3032E-1 2.02805E-1 2.16336E-1 2.18153E-1 9.30237E-2 7.60154E-3 6.24353E-3 0E0 0E0 0E0 0E0 0E0 3.70876E-3 1.72133E-3 1.05076E-2 1.02968E-1 7.42333E-2 7.98983E-4 9.56569E-3 1.40981E-2 9.08601E-3 0E0 0E0 0E0 0E0 0E0 0E0 0E0 0E0 0E0 0E0 0E0 0E0 0E0 0E0 0E0 0E0 0E0 0E0 0E0 0E0 0E0 0E0 0E0
-9999 -9999 -9999 -9999 -9999 -9999 -9999 -9999 -9999 -9999 -9999 -9999 -9999 -9999 -9999 -9999 -9999 -9999 1.55881E-1 1.78E-1 1.28159E-1 1.53277E-1 2.00128E-1 2.48272E-1 1.77978E-1 1.8877E-1 1.99172E-1 2.09555E-1 2.40352E-1 2.24879E-1 1.97339E-1 1.15527E-1 5.41505E-2 2.09455E-3 0E0 0E0 0E0 0E0 0E0 5.55252E-3 2.81048E-3 6.42982E-2 1.11421E-1 9.42051E-2 3.946E-2 9.46653E-3 0E0 0E0 0E0 0E0 0E0 0E0 0E0 0E0 0E0 0E0 0E0 0E0 0E0 0E0 0E0 0E0 0E0 0E0 0E0 0E0 0E0 0E0 0E0 0E0 0E0
-9999 -9999 -9999 -9999 -9999 -9999 -9999 -9999 -9999 -9999 -9999 -9999 -9999 -9999 -9999 -9999 -9999 1.92875E-1 1.66442E-1 1.93359E-1 1.19167E-1 1.62854E-1 1.50623E-1 2.29154E-1 1.7015E-1 2.01141E-1 1.77805E-1 2.05972E-1 2.10274E-1 2.19465E-1 1.6634E-1 1.58856E-1 7.73914E-2 2.46308E-2 1.82136E-2 0E0 0E0 0E0 0E0 0E0 0E0 1.62985E-2 5.30127E-2 4.5886E-2 5.45988E-2 0E0 0E0 0E0 0E0 0E0 0E0 0E0 0E0 0E0 0E0 0E0 0E0 0E0 0E0 0E0 0E0 0E0 0E0 0E0 0E0 0E0 0E0 0E0 0E0 0E0 0E0
-9999 -9999 -9999 -9999 -9999 -9999 -9999 -9999 -9999 -9999 -9999 -9999 -9999 -9999 -9999 -9999 -9999 2.07912E-1 1.53888E-1 1.6238E-1 1.24384E-1 1.14598E-1 1.67334E-1 1.80032E-1 1.241E-1 1.8669E-1 1.73378E-1 1.75554E-1 2.01992E-1 2.18825E-1 1.65718E-1 1.48417E-1 7.54952E-2 3.80667E-2 2.43304E-2 0E0 0E0 0E0 0E0 0E0 2.61932E-2 1.26913E-3 4.34849E-2 5.61767E-2 1.45078E-2 0E0 0E0 0E0 0E0 0E0 0E0 0E0 0E0 0E0 0E0 0E0 0E0 0E0 0E0 0E0 0E0 0E0 0E0 0E0 0E0 0E0 0E0 0E0 0E0 0E0 0E0
-9999 -9999 -9999 -9999 -9999 -9999 -9999 -9999 -9999 -9999 -9999 -9999 -9999 -9999 -9999 -9999 -9999 1.41415E-1 1.57065E-1 1.84677E-1 1.45429E-1 2.02824E-1 1.47094E-1 1.98945E-1 1.7624E-1 1.8173E-1 1.84593E-1 1.49677E-1 2.03079E-1 1.85506E-1 1.57038E-1 9.34291E-2 3.05536E-2 2.34249E-2 0E0 0E0 0E0 0E0 0E0 2.89608E-2 7.86759E-2 1.27789E-1 9.08915E-2 1.65453E-2 0E0 0E0 0E0 0E0 0E0 0E0 0E0 0E0 0E0 0E0 0E0 0E0 0E0 0E0 0E0 0E0 0E0 0E0 0E0 0E0 0E0 0E0 0E0 0E0 0E0 0E0 0E0
-9999 -9999 -9999 -9999 -9999 -9999 -9999 -9999 -9999 -9999 -9999 -9999 -9999 -9999 -9999 -9999 1.59999E-1 1.54978E-1 1.11419E-1 1.12361E-1 1.97504E-1 1.95403E-1 2.19404E-1 1.85142E-1 1.93385E-1 1.05792E-1 2.07172E-1 1.94467E-1 1.87654E-1 1.37547E-1 9.09066E-2 7.31357E-2 1.27439E-2 0E0 0E0 0E0 0E0 0E0 0E0 0E0 0E0 6.28486E-3 4.34464E-2 4.40212E-2 0E0 0E0 0E0 0E0 0E0 0E0 0E0 0E0 0E0 0E0 0E0 0E0 0E0 0E0 0E0 0E0 0E0 0E0 0E0 0E0 0E0 0E0 0E0 0E0 0E0 0E0 0E0
-9999 -9999 -9999 -9999 -9999 -9999 -9999 -9999 -9999 -9999 -9999 -9999 -9999 -9999 -9999 1.44698E-1 9.14504E-2 1.26763E-1 1.56916E-1 1.01959E-1 1.83941E-1 1.99454E-1 1.84828E-1 1.87307E-1 2.11808E-1 2.28127E-1 2.2259E-1 1.15271E-1 1.34595E-1 1.16108E-1 9.4734E-2 4.51753E-2 0E0 0E0 0E0 0E0 0E0 0E0 0E0 0E0 0E0 0E0 0E0 0E0 0E0 0E0 0E0 0E0 0E0 0E0 0E0 0E0 0E0 0E0 0E0 0E0 0E0 0E0 0E0 0E0 0E0 0E0 0E0 0E0 0E0 0E0 0E0 0E0 0E0 0E0 0E0
-9999 -9999 -9999 -9999 -9999 -9999 -9999 -9999 -9999 -9999 -9999 -9999 -9999 -9999 -9999 1.47041E-1 1.24E-1 1.01953E-1 1.67313E-1 1.12132E-1 1.62468E-1 1.74347E-1 1.61115E-1 1.5929E-1 2.19779E-1 1.72645E-1 1.09571E-1 1.49489E-1 1.12495E-1 1.12038E-1 9.18838E-2 5.76157E-3 0E0 0E0 0E0 0E0 0E0 0E0 0E0 3.8608E-3 3.6682E-2 2.10052E-2 3.26528E-2 0E0 0E0 0E0 0E0 0E0 0E0 0E0 0E0 0E0 0E0 0E0 0E0 0E0 0E0 0E0 0E0 0E0 0E0 0E0 0E0 0E0 0E0 0E0 0E0 0E0 0E0 0E0 0E0
-9999 -9999 -9999 -9999 -9999 -9999 -9999 -9999 -9999 -9999 -9999 -9999 -9999 -9999 1.27299E-1 9.11904E-2 1.42547E-1 1.35989E-1 6.48292E-2 1.6309E-1 1.37513E-1 1.37931E-1 1.86433E-1 1.91309E-1 2.12992E-1 1.71981E-1 9.77768E-2 1.03941E-1 9.92031E-2 5.61723E-2 4.93788E-2 0E0 0E0 0E0 0E0 0E0 1.06797E-2 1.38838E-3 0E0 9.77579E-3 9.84882E-2 8.69109E-2 2.74363E-3 2.18624E-2 0E0 0E0 0E0 0E0 0E0 0E0 0E0 0E0 0E0 0E0 0E0 0E0 0E0 0E0 0E0 0E0 0E0 0E0 0E0 0E0 0E0 0E0 0E0 0E0 0E0 0E0 0E0
-9999 -9999 -9999 -9999 -9999 -9999 -9999 -9999 -9999 -9999 -9999 -9999 -9999 1.72573E-1 9.4362E-2 1.43893E-1 1.01908E-1 1.21861E-1 1.07524E-1 1.2472E-1 1.25736E-1 1.44737E-1 1.98613E-1 2.18359E-1 2.20132E-1 2.34386E-1 1.90298E-1 1.08696E-1 1.2745E-1 6.99851E-2 3.83141E-2 1.21449E-3 0E0 0E0 0E0 0E0 6.4938E-5 0E0 1.3186E-2 9.1516E-2 1.55468E-1 9.39446E-2 0E0 0E0 0E0 0E0 0E0 0E0 0E0 0E0 0E0 0E0 0E0 0E0 0E0 0E0 0E0 0E0 0E0 0E0 0E0 0E0 0E0 0E0 0E0 0E0 0E0 0E0 0E0 0E0 0E0
-9999 -9999 -9999 -9999 -9999 -9999 -9999 -9999 -9999 -9999 -9999 -9999 -9999 1.06558E-1 8.15069E-2 1.12055E-1 1.78609E-1 1.32785E-1 7.93567E-2 1.76396E-1 1.81524E-1 1.93369E-1 1.86619E-1 1.68484E-1 2.1446E-1 2.12743E-1 2.13968E-1 1.54366E-1 1.21937E-1 6.54982E-2 2.5198E-2 5.8188E-3 2.93909E-2 7.99596E-3 0E0 0E0 0E0 1.1575E-2 1.20118E-1 4.06374E-2 6.98774E-2 8.16629E-2 4.9792E-3 0E0 0E0 0E0 0E0 0E0 0E0 0E0 0E0 0E0 0E0 0E0 0E0 0E0 0E0 0E0 0E0 0E0 0E0 0E0 0E0 0E0 0E0 0E0 0E0 0E0 0E0 0E0 0E0
-9999 -9999 -9999 -9999 -9999 -9999 -9999 -9999 -9999 -9999 -9999 -9999 7.65899E-2 1.4059E-1 9.39E-2 1.10247E-1 1.00173E-1 1.0168E-1 1.25684E-1 1.18936E-1 1.84381E-1 1.93588E-1 1.82793E-1 2.05704E-1 2.18656E-1 2.06526E-1 1.77352E-1 8.9617E-2 9.94306E-2 4.23313E-2 2.16573E-2 5.74519E-3 2.64697E-2 1.50554E-2 0E0 0E0 1.87211E-2 4.86426E-2 8.16268E-2 4.42732E-2 1.00438E-1 1.31442E-1 3.14454E-2 0E0 0E0 0E0 0E0 0E0 0E0 0E0 0E0 0E0 0E0 0E0 0E0 0E0 0E0 0E0 0E0 0E0 0E0 0E0 0E0 0E0 0E0 0E0 0E0 0E0 0E0 0E0 -9999
-9999 -9999 -9999 -9999 -9999 -9999 -9999 -9999 -9999 -9999 -9999 -9999 1.43523E-1 8.13753E-2 1.03864E-1 1.11691E-1 7.75429E-2 1.03812E-1 1.51712E-1 1.20898E-1 1.75884E-1 1.27795E-1 1.59243E-1 1.75027E-1 2.34821E-1 1.34182E-1 1.19703E-1 1.35661E-1 1.35744E-1 6.46708E-2 0E0 0E0 1.23021E-2 5.22899E-2 1.0243E-1 9.67322E-2 8.84778E-2 4.103E-2 6.27243E-2 9.47054E-2 1.52345E-1 1.18018E-1 6.00998E-2 1.33628E-2 0E0 0E0 0E0 0E0 0E0 0E0 0E0 0E0 0E0 0E0 0E0 0E0 0E0 0E0 0E0 0E0 0E0 0E0 0E0 0E0 0E0 0E0 0E0 0E0 0E0 -9999 -9999
-9999 -9999 -9999 -9999 -9999 -9999 -9999 -9999 -9999 -9999 -9999 1.39519E-1 8.14172E-2 1.31926E-1 1.01042E-1 1.34991E-1 1.64308E-1 1.26772E-1 1.95711E-1 1.44954E-1 1.14878E-1 1.7625E-1 1.88903E-1 1.643E-1 1.74352E-1 1.45395E-1 1.16294E-1 1.18509E-1 7.92056E-2 5.38095E-2 1.43796E-2 0E0 8.82092E-3 4.3076E-2 1.5192E-1 1.59494E-1 1.05726E-1 1.22239E-1 7.91163E-2 3.68592E-2 9.68568E-2 1.11865E-1 1.08802E-1 9.49463E-2 2.35544E-2 0E0 0E0 0E0 0E0 0E0 0E0 0E0 0E0 0E0 0E0 0E0 0E0 0E0 0E0 0E0 0E0 0E0 0E0 0E0 0E0 0E0 0E0 0E0 0E0 -9999 -9999
-9999 -9999 -9999 -9999 -9999 -9999 -9999 -9999 -9999 -9999 -9999 9.69384E-2 9.62116E-2 6.94378E-2 1.28957E-1 1.48601E-1 1.46118E-1 1.35872E-1 1.63764E-1 1.5759E-1 1.08157E-1 1.74148E-1 1.79639E-1 1.21152E-1 5.92069E-2 9.12175E-2 9.01293E-2 9.83843E-2 8.58963E-2 2.49595E-2 1.5113E-2 0E0 1.99112E-2 5.56983E-2 1.54989E-1 1.27432E-1 9.69495E-2 1.1307E-1 4.58376E-2 1.15268E-2 0E0 4.2533E-2 4.97454E-2 7.34412E-2 6.70107E-2 2.37332E-2 0E0 0E0 0E0 0E0 0E0 0E0 0E0 0E0 0E0 0E0 0E0 0E0 0E0 0E0 0E0 0E0 0E0 0E0 0E0 0E0 0E0 0E0 0E0 -9999 -9999
-9999 -9999 -9999 -9999 -9999 -9999 -9999 -9999 -9999 -9999 5.73137E-2 9.42811E-2 7.1212E-2 5.87932E-2 8.17358E-2 1.55106E-1 8.89492E-2 1.53607E-1 1.81799E-1 1.8532E-1 1.3814E-1 1.38816E-1 1.97756E-1 5.40147E-2 1.10101E-1 9.86364E-2 8.64826E-2 6.5887E-2 3.25371E-2 3.03379E-2 4.07711E-2 2.74448E-3 2.32068E-2 4.11618E-2 1.04798E-1 1.14666E-1 5.43533E-2 1.13489E-1 7.80943E-2 5.30955E-2 0E0 3.06744E-3 4.96305E-2 3.65037E-2 5.61672E-3 0E0 0E0 0E0 0E0 0E0 0E0 0E0 0E0 0E0 0E0 0E0 0E0 0E0 0E0 0E0 0E0 0E0 0E0 0E0 0E0 0E0 0E0 0E0 -9999 -9999 -9999
-9999 -9999 -9999 -9999 -9999 -9999 -9999 -9999 -9999 -9999 9.06868E-2 1.23194E-1 8.45589E-2 9.76714E-2 8.67457E-2 1.53843E-1 1.67324E-1 2.02068E-1 9.77597E-2 1.42179E-1 1.95185E-1 1.51836E-1 1.49583E-1 6.30243E-2 1.14711E-1 6.50941E-2 6.2324E-2 6.76305E-2 4.04616E-2 0E0 0E0 0E0 9.37665E-3 2.05005E-2 4.28866E-2 5.3676E-2 1.07903E-1 5.93807E-2 6.67703E-3 3.55572E-2 5.83187E-2 1.00248E-1 1.00318E-1 1.00406E-1 5.81182E-2 1.77143E-2 0E0 0E0 0E0 0E0 0E0 0E0 0E0 0E0 0E0 0E0 0E0 0E0 0E0 0E0 0E0 0E0 0E0 0E0 0E0 0E0 0E0 0E0 -9999 -9999 -9999
-9999 -9999 -9999 -9999 -9999 -9999 -9999 -9999 -9999 1.33091E-1 9.75994E-2 1.78919E-1 1.19803E-1 1.11116E-1 6.14859E-2 1.10238E-1 1.42242E-1 1.94933E-1 1.10466E-1 6.5105E-2 1.66724E-1 1.06939E-1 1.16594E-1 1.45539E-1 1.17967E-1 5.37616E-2 1.18406E-1 4.61576E-2 4.2947E-2 2.99168E-2 9.0239E-3 8.7847E-3 1.82643E-2 1.51566E-2 4.50045E-3 0E0 1.20914E-2 7.4803E-2 1.518E-2 4.79307E-2 7.64198E-2 1.06218E-1 3.86114E-2 6.12967E-2 5.45503E-2 4.41916E-2 3.056E-2 0E0 0E0 0E0 0E0 0E0 0E0 0E0 0E0 0E0 0E0 0E0 0E0 0E0 0E0 0E0 0E0 0E0 0E0 0E0 0E0 0E0 -9999 -9999 -9999
-9999 -9999 -9999 -9999 -9999 -9999 -9999 -9999 6.80443E-2 1.48908E-1 1.71112E-1 1.11885E-1 8.9104E-2 1.42555E-1 1.19007E-1 1.41941E-1 9.01415E-2 1.26183E-1 9.16723E-2 1.01052E-1 1.36544E-1 1.05854E-1 1.72471E-1 1.36261E-1 9.68821E-2 1.12869E-1 1.31519E-1 9.86171E-2 8.52452E-2 4.92415E-2 2.36097E-2 4.69082E-3 5.14824E-2 2.26088E-3 0E0 0E0 4.83484E-4 5.16304E-2 4.37476E-2 2.39168E-2 0E0 0E0 0E0 1.36348E-2 0E0 1.39338E-3 5.60674E-2 3.91692E-3 0E0 0E0 0E0 0E0 0E0 0E0 0E0 0E0 0E0 0E0 0E0 0E0 0E0 0E0 0E0 0E0 0E0 0E0 0E0 0E0 -9999 -9999 -9999
-9999 -9999 -9999 -9999 -9999 -9999 -9999 2.13017E-1 8.36182E-2 1.39529E-1 1.45599E-1 1.03772E-1 7.74447E-2 1.38967E-1 1.53157E-1 1.20152E-1 8.40848E-2 2.0921E-1 1.9808E-1 1.26204E-1 1.47558E-1 7.53376E-2 5.08485E-2 3.25424E-2 6.01509E-2 7.86801E-2 7.49094E-2 7.45465E-2 8.92353E-2 4.84801E-2 3.91807E-2 6.20424E-2 4.71618E-2 1.90292E-4 0E0 0E0 0E0 0E0 2.67985E-2 3.18971E-2 8.89755E-2 4.39217E-2 0E0 1.1917E-2 0E0 0E0 0E0 0E0 0E0 0E0 0E0 0E0 0E0 0E0 0E0 0E0 0E0 0E0 0E0 0E0 0E0 0E0 0E0 0E0 0E0 0E0 0E0 0E0 -9999 -9999 -9999
