ENM/Final_Models/M_0.8_F_q_Set_1_EC/Gustavia_santanderiensis_Choco_min.asc
ncols         367
nrows         963
xllcorner     -78.6
yllcorner     0.65
cellsize      0.00833333333333323
NODATA_value  -9999
[rows 270 to 299 of 963, columns 201 to 267 of 367]
9.89758E-1 9.80013E-1 9.97078E-1 9.94402E-1 9.95514E-1 9.98821E-1 9.96224E-1 9.9494E-1 9.89927E-1 9.98262E-1 9.8978E-1 9.69153E-1 9.97987E-1 9.69595E-1 9.56403E-1 8.85814E-1 9.9861E-1 9.99944E-1 9.89588E-1 9.05596E-1 7.93389E-1 7.58762E-1 8.13327E-1 9.66514E-1 9.70336E-1 9.80523E-1 9.98009E-1 9.87002E-1 9.66881E-1 9.7151E-1 9.8303E-1 9.76386E-1 9.71856E-1 9.77485E-1 9.5666E-1 9.30816E-1 9.7936E-1 9.59996E-1 9.85159E-1 7.68689E-1 2.51231E-1 9.73464E-2 5.58277E-2 3.09911E-2 1.3441E-2 1.96926E-2 1.61312E-2 2.59681E-2 5.3671E-2 2.64346E-1 2.01856E-1 4.53835E-1 7.50156E-1 8.00148E-1 8.89916E-1 8.17885E-1 8.15886E-1 7.21922E-1 6.62491E-1 6.3237E-1 4.09533E-1 3.15164E-1 2.68878E-1 1.39664E-1 1.1323E-1 1.45776E-1 1.47884E-1
9.90271E-1 9.86188E-1 9.97333E-1 9.78445E-1 9.81283E-1 9.96262E-1 9.9877E-1 9.98761E-1 9.94531E-1 9.96027E-1 9.95806E-1 9.98211E-1 9.98396E-1 9.65096E-1 9.24167E-1 7.38705E-1 7.12553E-1 9.97473E-1 9.97927E-1 9.9717E-1 8.03072E-1 8.17801E-1 7.94915E-1 9.87439E-1 9.85589E-1 9.87911E-1 9.90894E-1 9.88183E-1 9.8107E-1 9.57348E-1 9.86104E-1 9.76666E-1 9.5885E-1 9.73362E-1 9.41837E-1 9.44876E-1 9.82417E-1 9.87718E-1 9.798E-1 8.27957E-1 2.26048E-1 1.29348E-1 2.86455E-2 6.71899E-3 1.15515E-2 1.08141E-2 7.94475E-3 2.40642E-2 4.12517E-2 7.00617E-2 4.50458E-1 5.1109E-1 7.78252E-1 4.14154E-1 7.42015E-1 7.11483E-1 7.62602E-1 8.45699E-1 8.61922E-1 6.22805E-1 5.9003E-1 2.95114E-1 2.701E-1 1.88086E-1 1.89391E-1 1.03068E-1 1.19305E-1
9.89896E-1 9.95845E-1 9.96991E-1 9.94362E-1 9.87928E-1 9.94198E-1 9.95692E-1 9.98287E-1 9.94593E-1 9.9101E-1 9.98457E-1 9.89611E-1 9.90182E-1 9.94552E-1 9.18583E-1 8.01561E-1 8.11285E-1 9.99691E-1 7.35457E-1 8.10827E-1 7.66341E-1 9.59774E-1 9.30003E-1 9.65575E-1 9.90367E-1 9.96896E-1 9.95005E-1 9.95827E-1 9.94037E-1 9.91082E-1 9.96576E-1 9.86233E-1 9.90263E-1 9.80673E-1 9.79101E-1 9.79226E-1 9.72886E-1 9.84659E-1 9.66909E-1 9.64382E-1 2.6098E-1 1.34012E-1 1.02887E-1 6.79183E-3 7.43553E-3 1.38151E-2 6.98793E-3 1.6053E-2 7.54086E-3 5.45517E-2 1.80585E-1 5.79175E-1 8.36126E-1 5.471E-1 6.80781E-1 6.88721E-1 6.75488E-1 5.3648E-1 3.39559E-1 4.40344E-1 5.01548E-1 7.24183E-1 3.53276E-1 3.39675E-1 2.15932E-1 3.06815E-1 1.68887E-1
9.69894E-1 9.88194E-1 9.94186E-1 9.97295E-1 9.95727E-1 9.98301E-1 9.97253E-1 9.98381E-1 9.954E-1 9.88883E-1 9.98621E-1 9.92555E-1 9.97134E-1 9.98475E-1 9.05702E-1 8.51228E-1 9.16034E-1 8.94121E-1 9.95786E-1 7.86035E-1 9.16235E-1 9.63327E-1 9.92203E-1 5.99773E-1 9.79088E-1 9.89589E-1 9.96011E-1 9.96861E-1 9.94579E-1 9.93995E-1 9.92429E-1 9.79273E-1 9.80006E-1 9.90217E-1 9.67165E-1 9.54456E-1 9.80514E-1 9.81323E-1 9.82058E-1 9.64795E-1 6.75111E-1 1.4486E-1 7.76324E-2 6.60207E-3 5.92715E-3 2.24393E-2 6.50984E-3 6.42743E-3 9.00535E-3 1.86842E-2 6.86325E-2 2.13965E-1 5.24746E-1 7.88057E-1 5.82497E-1 6.42789E-1 8.49343E-1 5.50033E-1 2.94897E-1 2.50966E-1 3.21258E-1 4.78094E-1 6.41723E-1 4.84553E-1 4.13942E-1 3.13032E-1 3.50212E-1
9.68569E-1 9.95409E-1 9.96662E-1 9.9806E-1 9.99018E-1 9.96368E-1 9.96331E-1 9.9241E-1 9.92925E-1 9.95549E-1 9.8831E-1 9.95753E-1 9.92632E-1 9.74725E-1 9.63687E-1 9.62386E-1 8.40762E-1 8.16622E-1 7.75329E-1 8.2645E-1 8.96205E-1 9.05919E-1 8.99012E-1 8.75331E-1 9.05546E-1 9.62698E-1 9.74516E-1 9.87536E-1 9.97828E-1 9.92728E-1 9.89699E-1 9.84043E-1 9.82139E-1 8.7076E-1 9.58369E-1 9.78628E-1 9.45943E-1 9.88974E-1 9.8925E-1 9.83294E-1 7.95132E-1 3.00381E-1 7.5084E-2 2.67991E-2 7.96045E-3 3.46844E-2 2.77016E-2 9.05662E-3 2.42591E-2 2.2994E-2 4.34991E-2 1.24836E-1 6.90724E-1 7.99204E-1 5.46161E-1 6.91891E-1 7.19309E-1 4.77477E-1 3.5788E-1 4.98568E-1 4.49958E-1 3.442E-1 3.75656E-1 6.91598E-1 7.09603E-1 4.09025E-1 4.8583E-1
9.84586E-1 9.81539E-1 9.91727E-1 9.95983E-1 9.98305E-1 9.9891E-1 9.90025E-1 9.93675E-1 9.9465E-1 9.9151E-1 9.94841E-1 9.94318E-1 9.91397E-1 9.94228E-1 9.9681E-1 9.85918E-1 9.03301E-1 9.11686E-1 9.20895E-1 9.02028E-1 9.2803E-1 9.11466E-1 9.7632E-1 9.46255E-1 9.68286E-1 9.73165E-1 9.67586E-1 9.39771E-1 9.6299E-1 9.84539E-1 9.97445E-1 9.80886E-1 9.47885E-1 9.21781E-1 9.62052E-1 9.94432E-1 9.88929E-1 9.95203E-1 9.8819E-1 8.81204E-1 7.80556E-1 3.04533E-1 1.84597E-1 5.06676E-2 1.88782E-2 1.07081E-2 2.57674E-2 1.26125E-2 1.39192E-2 4.41494E-2 4.45306E-2 1.84959E-1 5.74614E-1 5.61555E-1 6.76379E-1 6.73702E-1 7.27819E-1 7.44887E-1 4.93618E-1 5.61305E-1 4.4757E-1 2.50163E-1 3.30859E-1 6.39763E-1 4.84119E-1 2.88143E-1 2.10406E-1
9.77328E-1 9.97334E-1 9.95839E-1 9.90876E-1 9.87665E-1 9.85886E-1 9.87549E-1 9.96946E-1 9.97938E-1 9.96755E-1 9.89741E-1 9.91508E-1 9.82423E-1 9.83587E-1 9.70365E-1 9.81683E-1 9.27006E-1 9.08554E-1 8.67114E-1 9.53619E-1 9.46254E-1 8.71101E-1 9.73827E-1 8.9743E-1 7.67514E-1 7.48798E-1 8.5779E-1 9.2052E-1 9.91313E-1 9.87193E-1 9.94572E-1 9.94576E-1 9.74328E-1 9.53481E-1 9.91969E-1 9.89316E-1 9.71256E-1 9.8433E-1 9.87244E-1 9.58435E-1 8.04385E-1 9.1212E-1 3.96134E-1 1.01169E-1 1.37015E-2 1.19513E-2 2.48689E-2 9.83952E-3 8.37789E-3 2.50648E-2 6.85522E-2 1.38767E-1 4.77312E-1 6.4604E-1 6.23068E-1 6.06601E-1 7.53589E-1 9.38522E-1 6.28534E-1 7.48315E-1 3.99696E-1 3.62372E-1 1.34782E-1 3.2601E-1 3.0762E-1 2.75137E-1 1.97226E-1
9.88373E-1 9.95562E-1 9.79431E-1 9.61438E-1 9.85087E-1 9.85245E-1 9.96676E-1 9.97071E-1 9.96727E-1 9.95374E-1 9.9022E-1 9.89981E-1 9.88857E-1 9.87226E-1 9.92213E-1 9.56172E-1 8.33279E-1 8.5572E-1 8.63117E-1 8.8576E-1 7.29755E-1 9.88673E-1 9.82648E-1 9.61902E-1 8.9012E-1 9.65648E-1 9.85297E-1 9.80728E-1 9.91425E-1 9.9582E-1 9.97135E-1 9.96561E-1 9.92805E-1 9.9376E-1 9.87093E-1 9.86868E-1 9.82853E-1 9.90621E-1 9.74868E-1 9.18204E-1 9.12729E-1 5.15699E-1 3.67048E-1 7.40861E-2 2.34314E-2 3.54142E-2 4.62071E-2 2.22091E-2 9.40747E-3 3.14954E-2 6.86813E-2 9.09956E-2 6.01934E-1 7.01232E-1 5.61748E-1 5.47111E-1 8.08369E-1 8.54903E-1 7.61636E-1 5.75934E-1 2.92328E-1 2.01606E-1 1.36129E-1 2.0663E-1 2.18368E-1 1.29002E-1 1.34843E-1
9.70155E-1 9.71347E-1 9.97103E-1 9.9074E-1 9.92589E-1 9.95845E-1 9.90263E-1 9.94766E-1 9.96414E-1 9.94391E-1 9.9383E-1 9.92387E-1 9.91593E-1 9.95033E-1 9.94801E-1 9.94826E-1 7.17179E-1 8.2909E-1 8.90443E-1 9.24156E-1 9.23959E-1 9.83677E-1 9.4137E-1 9.28237E-1 7.10585E-1 9.91245E-1 9.71371E-1 9.82836E-1 9.9135E-1 9.97991E-1 9.98244E-1 9.89683E-1 9.95585E-1 9.86322E-1 9.63026E-1 9.77568E-1 9.72421E-1 9.92697E-1 9.73981E-1 9.5387E-1 9.56858E-1 5.88757E-1 4.23049E-1 7.3997E-2 1.78565E-2 2.60003E-2 2.57945E-2 1.74822E-2 8.88661E-3 1.25094E-2 4.89135E-2 1.40699E-1 6.13147E-1 8.38634E-1 6.92868E-1 5.50934E-1 7.19767E-1 8.03015E-1 9.17679E-1 6.98194E-1 4.55815E-1 3.04873E-1 1.71397E-1 1.56005E-1 1.16132E-1 5.70604E-2 2.93584E-2
9.93395E-1 9.86768E-1 9.89542E-1 9.88304E-1 9.9505E-1 9.91607E-1 9.91861E-1 9.62682E-1 9.71156E-1 9.50016E-1 9.43231E-1 9.97281E-1 9.9326E-1 9.93004E-1 9.90049E-1 9.75109E-1 8.20767E-1 7.3149E-1 8.51037E-1 9.12293E-1 9.46994E-1 9.60658E-1 9.03404E-1 7.07286E-1 8.32865E-1 9.70621E-1 9.89932E-1 9.97225E-1 9.92241E-1 9.91518E-1 9.98244E-1 9.87919E-1 9.95456E-1 9.92573E-1 9.6357E-1 9.44573E-1 9.67212E-1 9.88829E-1 9.64684E-1 8.6965E-1 8.64418E-1 6.84305E-1 3.85965E-1 1.00295E-1 6.13123E-2 8.03132E-2 2.17355E-2 8.23309E-3 5.81469E-3 4.703E-3 4.69375E-2 3.65565E-2 6.63317E-1 8.23963E-1 7.92431E-1 5.55722E-1 5.90636E-1 8.90566E-1 8.48352E-1 6.71952E-1 2.67122E-1 2.54998E-1 1.44014E-1 1.20883E-1 1.48289E-1 4.75844E-2 2.49078E-2
9.85163E-1 9.88117E-1 9.93187E-1 9.86149E-1 9.84627E-1 9.95588E-1 9.91107E-1 9.92612E-1 9.87044E-1 9.81088E-1 9.75273E-1 9.95807E-1 9.92207E-1 9.90785E-1 9.91208E-1 9.95704E-1 8.47703E-1 8.21689E-1 6.82331E-1 8.50101E-1 9.65917E-1 9.61575E-1 9.67085E-1 9.6047E-1 6.64289E-1 9.66103E-1 9.85186E-1 9.90802E-1 9.7515E-1 9.6622E-1 9.91059E-1 9.88549E-1 9.88942E-1 9.80213E-1 9.90226E-1 9.87241E-1 9.84605E-1 9.33607E-1 9.68808E-1 9.48766E-1 7.52243E-1 7.3002E-1 5.87688E-1 2.83866E-1 1.32316E-1 4.38323E-2 1.98516E-2 1.488E-2 1.05287E-2 1.78122E-2 6.15642E-2 6.68146E-2 7.89654E-1 8.40336E-1 8.66327E-1 8.10279E-1 8.53966E-1 8.38401E-1 7.29076E-1 6.79542E-1 3.67329E-1 3.02228E-1 9.70333E-2 1.23649E-1 1.20453E-1 6.27059E-2 3.27664E-2
9.92144E-1 9.82305E-1 9.77144E-1 9.77494E-1 9.76682E-1 9.94418E-1 9.85946E-1 9.93961E-1 9.94927E-1 9.91335E-1 9.94309E-1 9.96949E-1 9.80192E-1 9.85995E-1 9.78908E-1 9.95202E-1 9.5932E-1 9.40826E-1 9.08112E-1 9.62588E-1 8.949E-1 8.17059E-1 9.96374E-1 9.96814E-1 8.48931E-1 9.60588E-1 9.71193E-1 9.96433E-1 9.82795E-1 9.84605E-1 9.71502E-1 9.7437E-1 9.86667E-1 9.89379E-1 9.93992E-1 9.91239E-1 9.88829E-1 9.58567E-1 9.6194E-1 9.64683E-1 9.28427E-1 8.82249E-1 8.58167E-1 4.08374E-1 1.71144E-1 1.4971E-2 6.1565E-3 1.05577E-2 1.32619E-2 3.74218E-2 1.47628E-1 2.07853E-1 8.3653E-1 6.36695E-1 8.26915E-1 6.91593E-1 7.52794E-1 7.46018E-1 4.84851E-1 6.31115E-1 3.28541E-1 1.42961E-1 1.43357E-1 1.16521E-1 1.52911E-1 6.57445E-2 5.02554E-2
9.19822E-1 9.83833E-1 9.71334E-1 9.83881E-1 9.80911E-1 9.73835E-1 9.63054E-1 9.40171E-1 9.8326E-1 9.0886E-1 8.78301E-1 9.16267E-1 9.14707E-1 8.88084E-1 9.64624E-1 9.96528E-1 9.9469E-1 9.73707E-1 9.49403E-1 7.94157E-1 8.70827E-1 8.69747E-1 9.96228E-1 8.3513E-1 8.01944E-1 9.68774E-1 9.32214E-1 9.87972E-1 9.89066E-1 9.90914E-1 9.95107E-1 9.91962E-1 9.89217E-1 9.92434E-1 9.91373E-1 9.89228E-1 9.85938E-1 9.71835E-1 9.91235E-1 9.65187E-1 9.57306E-1 8.0145E-1 6.94749E-1 3.19736E-1 7.01261E-2 1.85369E-2 8.78341E-3 4.07266E-3 9.71853E-3 3.75307E-2 1.54052E-1 1.48983E-1 8.64744E-1 8.64543E-1 7.1927E-1 5.94663E-1 5.721E-1 5.20419E-1 4.17702E-1 4.02038E-1 3.43021E-1 8.43396E-2 4.02369E-2 5.07743E-2 1.1803E-1 7.13045E-2 3.70753E-2
9.72213E-1 9.8094E-1 9.09934E-1 9.21466E-1 9.04263E-1 9.79352E-1 9.78321E-1 9.58958E-1 7.89772E-1 9.88202E-1 9.14172E-1 9.19872E-1 8.33603E-1 9.27075E-1 9.74808E-1 9.83212E-1 9.91355E-1 9.67995E-1 9.69699E-1 8.69409E-1 8.6589E-1 6.59709E-1 6.90025E-1 8.10108E-1 8.82921E-1 9.85961E-1 9.70021E-1 9.82087E-1 9.37836E-1 8.73433E-1 9.17398E-1 9.88565E-1 9.80817E-1 9.74468E-1 9.91076E-1 9.90595E-1 9.89375E-1 9.87586E-1 9.92677E-1 9.75813E-1 9.12969E-1 9.4843E-1 6.45491E-1 4.71798E-1 1.31421E-1 1.11746E-2 2.79058E-2 1.11154E-2 1.49516E-2 4.35528E-2 1.94233E-1 2.17835E-1 8.45747E-1 9.26687E-1 6.41588E-1 3.49445E-1 5.15809E-1 6.31028E-1 7.01728E-1 4.97201E-1 5.03175E-1 5.63818E-2 1.97236E-2 2.49985E-2 4.68553E-2 4.20536E-2 3.66143E-2
9.81271E-1 9.88243E-1 9.77504E-1 8.91311E-1 8.76598E-1 8.13177E-1 9.77774E-1 9.82135E-1 9.74342E-1 8.73499E-1 8.25671E-1 8.73037E-1 7.94301E-1 9.05728E-1 8.27381E-1 9.81891E-1 9.8082E-1 9.93414E-1 9.80761E-1 9.82133E-1 9.50034E-1 8.60464E-1 7.9543E-1 9.12744E-1 9.49975E-1 9.8168E-1 9.88601E-1 9.8626E-1 9.81157E-1 9.71729E-1 9.72287E-1 9.02903E-1 9.60931E-1 9.72231E-1 9.85765E-1 9.92911E-1 9.92105E-1 9.94487E-1 9.77735E-1 9.57148E-1 9.28823E-1 8.10723E-1 4.65259E-1 2.52992E-1 9.61704E-2 1.11901E-2 1.5007E-2 1.29297E-2 2.61292E-2 5.27444E-2 2.14969E-1 3.35905E-1 9.50277E-1 9.66663E-1 6.25612E-1 5.09587E-1 6.09154E-1 5.60768E-1 4.60264E-1 3.11085E-1 5.42267E-1 8.10736E-2 5.58832E-2 4.59035E-2 1.60192E-2 4.46847E-2 4.67494E-2
9.60343E-1 9.60493E-1 9.28082E-1 9.14382E-1 9.90498E-1 9.81623E-1 9.54996E-1 9.7118E-1 9.81383E-1 8.78017E-1 9.32511E-1 8.99915E-1 8.75688E-1 7.59914E-1 8.25016E-1 8.78952E-1 9.90601E-1 9.81075E-1 9.7815E-1 9.9163E-1 9.96436E-1 9.70945E-1 9.04562E-1 8.60559E-1 9.40978E-1 9.82587E-1 9.92436E-1 9.79366E-1 9.79167E-1 9.57757E-1 9.56293E-1 8.3891E-1 9.41213E-1 9.64269E-1 9.79954E-1 9.89619E-1 9.9099E-1 9.90366E-1 9.84109E-1 9.59156E-1 9.08623E-1 8.35374E-1 7.73341E-1 5.52957E-1 1.70197E-1 1.33278E-2 1.84481E-2 1.23676E-2 1.40668E-2 1.33858E-2 8.91765E-2 3.56539E-1 9.04654E-1 8.79696E-1 5.54331E-1 4.48411E-1 4.17763E-1 6.61167E-1 5.82467E-1 4.13022E-1 4.26964E-1 1.07369E-1 8.83119E-2 4.02647E-2 2.41929E-2 8.80065E-2 1.15754E-1
9.67167E-1 9.30099E-1 8.72038E-1 8.90437E-1 9.54986E-1 9.66664E-1 9.63159E-1 9.70209E-1 8.87546E-1 8.33272E-1 9.04672E-1 9.15592E-1 8.29869E-1 8.14945E-1 7.20673E-1 8.94517E-1 9.97223E-1 9.4684E-1 9.62965E-1 9.86498E-1 9.89055E-1 9.7713E-1 9.92993E-1 8.88346E-1 8.84569E-1 9.74642E-1 9.87615E-1 9.82202E-1 9.91829E-1 9.78321E-1 9.24145E-1 7.50098E-1 9.3571E-1 9.85301E-1 9.74944E-1 9.86237E-1 9.77067E-1 9.73876E-1 9.86741E-1 9.68641E-1 7.7801E-1 8.00048E-1 9.07591E-1 5.14737E-1 2.32082E-1 1.43891E-2 2.52974E-2 1.79415E-2 1.41376E-2 2.15188E-2 1.74483E-1 2.23742E-1 9.12029E-1 7.07751E-1 8.75186E-1 4.88124E-1 4.6941E-1 8.54469E-1 6.27795E-1 6.02177E-1 5.27513E-1 1.09757E-1 5.20731E-2 2.40107E-2 1.20884E-2 6.27114E-2 3.35814E-2
9.53249E-1 8.81898E-1 7.4443E-1 8.70035E-1 8.73633E-1 8.8221E-1 9.49542E-1 9.64375E-1 9.60779E-1 9.41484E-1 9.77843E-1 9.80501E-1 9.07324E-1 9.03426E-1 8.8435E-1 8.45845E-1 9.80416E-1 9.90633E-1 9.81503E-1 9.60315E-1 9.96545E-1 9.85521E-1 9.92569E-1 9.88028E-1 9.54865E-1 9.86443E-1 9.73908E-1 9.8236E-1 9.91596E-1 9.42526E-1 9.41166E-1 9.33617E-1 9.41394E-1 9.87699E-1 9.76685E-1 9.67347E-1 9.68021E-1 9.80819E-1 9.67281E-1 9.88933E-1 9.79813E-1 9.19341E-1 8.72043E-1 8.09464E-1 2.4878E-1 4.19045E-2 1.41614E-2 2.38953E-2 1.99103E-2 2.82771E-2 1.694E-1 4.78567E-1 8.87997E-1 6.48109E-1 7.53455E-1 7.53422E-1 8.85368E-1 6.58494E-1 8.11E-1 8.31787E-1 5.26997E-1 1.29582E-1 3.92506E-2 6.41684E-2 2.46113E-2 4.65324E-2 3.4717E-2
9.28515E-1 7.58592E-1 7.98836E-1 7.84989E-1 7.90032E-1 8.93023E-1 9.34295E-1 8.43849E-1 7.73672E-1 8.49009E-1 9.88294E-1 9.66757E-1 8.68753E-1 8.75392E-1 8.23429E-1 8.41555E-1 9.93863E-1 9.79072E-1 9.67758E-1 9.73218E-1 9.96621E-1 9.94043E-1 9.72925E-1 9.61823E-1 9.43005E-1 9.95139E-1 9.95039E-1 9.86195E-1 9.78037E-1 9.82361E-1 9.80736E-1 9.54114E-1 9.86682E-1 9.88958E-1 9.75912E-1 9.83087E-1 9.51594E-1 9.28247E-1 9.68633E-1 9.70216E-1 9.82755E-1 9.43182E-1 8.47536E-1 8.07668E-1 3.53992E-1 1.68859E-1 2.16355E-2 2.14385E-2 1.79244E-2 1.86582E-2 1.09028E-1 3.51343E-1 5.84626E-1 8.42415E-1 9.58412E-1 9.67961E-1 9.74299E-1 6.73396E-1 7.30341E-1 7.67356E-1 2.17147E-1 2.11859E-1 1.71429E-1 1.06044E-1 3.08399E-2 3.89123E-2 3.13755E-2
8.1742E-1 7.82496E-1 7.44123E-1 7.91716E-1 7.58982E-1 8.35267E-1 8.59644E-1 8.32886E-1 8.46848E-1 7.88244E-1 8.58597E-1 8.72472E-1 9.10732E-1 8.3908E-1 8.13952E-1 9.74578E-1 9.66746E-1 9.66641E-1 9.80341E-1 9.89691E-1 9.94185E-1 9.87721E-1 9.9142E-1 8.37313E-1 7.53103E-1 8.48018E-1 9.83265E-1 9.86066E-1 9.82361E-1 9.65766E-1 9.59864E-1 9.58381E-1 9.49519E-1 9.64266E-1 9.81863E-1 9.69338E-1 9.78933E-1 9.78502E-1 9.76387E-1 8.93166E-1 8.37627E-1 8.18213E-1 8.24014E-1 7.91831E-1 6.63937E-1 2.23605E-1 4.13363E-2 1.88641E-2 1.42625E-2 1.55633E-2 7.46985E-2 3.67187E-1 9.2703E-1 6.48851E-1 9.06695E-1 8.1805E-1 8.09123E-1 6.71502E-1 5.76488E-1 7.79116E-1 7.80826E-1 3.19481E-1 9.78213E-2 6.16869E-2 1.1203E-1 6.5422E-2 6.11771E-2
6.37387E-1 7.30953E-1 9.23549E-1 9.56188E-1 7.77523E-1 8.29691E-1 8.79913E-1 9.35423E-1 9.11779E-1 7.57486E-1 9.31036E-1 8.27931E-1 8.71648E-1 9.7124E-1 9.48699E-1 8.59395E-1 9.20945E-1 9.91802E-1 9.49252E-1 9.91599E-1 9.7194E-1 9.82248E-1 9.66717E-1 9.72992E-1 9.87852E-1 9.892E-1 9.85772E-1 9.86066E-1 9.81329E-1 9.72864E-1 8.72452E-1 8.15645E-1 9.72168E-1 9.58208E-1 9.65414E-1 9.51789E-1 9.76E-1 9.77688E-1 9.03141E-1 8.53473E-1 6.53347E-1 8.13317E-1 7.7568E-1 6.54692E-1 4.90278E-1 2.72243E-1 7.6722E-2 3.09275E-2 8.55551E-3 1.33233E-1 1.863E-1 5.35484E-1 6.13242E-1 9.57251E-1 9.03548E-1 9.12076E-1 8.23147E-1 8.26611E-1 7.42873E-1 8.2325E-1 6.42917E-1 7.59044E-1 3.68215E-1 3.67655E-1 8.92975E-2 3.75329E-2 4.13365E-2
7.30647E-1 7.94746E-1 9.50931E-1 9.39432E-1 8.46118E-1 8.49038E-1 8.3924E-1 9.61328E-1 9.57758E-1 7.44607E-1 9.40839E-1 9.24514E-1 7.61974E-1 7.65135E-1 7.80941E-1 9.09333E-1 9.63001E-1 9.94559E-1 9.83332E-1 9.62501E-1 9.23188E-1 9.6535E-1 9.84536E-1 9.85788E-1 9.84417E-1 9.83716E-1 9.82537E-1 9.76553E-1 9.68361E-1 9.71432E-1 9.26274E-1 9.19703E-1 8.82837E-1 8.75324E-1 9.7624E-1 9.7061E-1 9.55817E-1 8.46641E-1 8.4648E-1 7.95545E-1 7.04407E-1 9.39968E-1 9.66824E-1 8.18169E-1 6.63914E-1 7.39994E-1 1.48431E-1 9.22281E-2 4.43817E-2 2.38907E-1 3.08288E-1 4.66381E-1 3.16289E-1 6.31891E-1 8.31885E-1 8.3011E-1 7.26103E-1 8.45892E-1 8.49504E-1 7.55251E-1 7.03417E-1 7.18522E-1 8.70482E-1 7.06281E-1 2.32912E-1 1.4512E-1 1.36733E-1
8.16039E-1 6.78847E-1 7.99751E-1 9.25541E-1 7.45775E-1 5.22401E-1 6.8032E-1 7.08578E-1 8.79599E-1 7.48551E-1 7.23124E-1 9.0409E-1 9.36665E-1 7.73544E-1 8.28101E-1 9.07022E-1 8.11012E-1 9.82186E-1 9.24056E-1 9.14846E-1 9.10671E-1 9.22605E-1 9.76489E-1 9.82413E-1 9.87144E-1 9.80924E-1 9.80276E-1 9.74851E-1 9.70609E-1 9.69118E-1 9.64486E-1 9.59043E-1 9.43028E-1 9.60535E-1 9.8675E-1 9.70316E-1 9.78004E-1 8.48187E-1 8.42168E-1 8.40489E-1 8.4125E-1 8.77752E-1 9.56918E-1 9.42754E-1 7.99176E-1 7.17375E-1 2.33287E-1 9.39398E-2 1.39242E-1 3.43659E-1 3.97429E-1 3.31654E-1 3.32097E-1 4.1349E-1 8.57707E-1 7.78024E-1 8.33982E-1 8.26198E-1 9.01685E-1 4.16979E-1 6.36622E-1 5.60725E-1 8.22909E-1 7.50925E-1 5.77927E-1 2.19336E-1 2.80068E-1
8.54779E-1 7.73826E-1 7.51176E-1 7.75567E-1 7.93998E-1 7.07664E-1 5.83106E-1 6.51946E-1 7.66445E-1 8.67525E-1 9.18555E-1 8.97269E-1 8.96111E-1 9.7691E-1 8.22527E-1 7.96828E-1 8.28546E-1 9.60188E-1 9.68546E-1 9.49395E-1 8.31663E-1 9.37634E-1 9.85014E-1 9.8717E-1 9.85299E-1 9.85285E-1 9.7945E-1 9.78747E-1 9.59505E-1 8.53282E-1 9.44033E-1 9.66096E-1 9.70669E-1 8.93641E-1 8.40151E-1 9.76845E-1 9.64866E-1 9.36556E-1 7.12946E-1 9.10209E-1 9.25352E-1 7.22917E-1 8.28749E-1 8.76067E-1 9.37539E-1 7.64547E-1 4.10165E-1 7.38974E-2 1.74311E-1 5.83256E-1 6.73746E-1 4.70453E-1 6.23336E-1 3.79316E-1 8.79511E-1 5.85747E-1 6.63114E-1 7.1921E-1 5.66464E-1 2.32151E-1 5.61391E-1 5.44604E-1 7.65674E-1 6.03645E-1 5.97393E-1 3.18215E-1 2.87758E-1
8.35553E-1 5.29581E-1 6.11089E-1 7.31053E-1 7.94713E-1 7.20454E-1 6.59309E-1 8.24414E-1 7.25765E-1 8.69104E-1 8.82522E-1 9.56356E-1 9.74454E-1 9.69596E-1 8.25075E-1 7.93275E-1 7.71942E-1 8.26939E-1 9.04839E-1 8.16314E-1 9.16251E-1 8.65938E-1 9.8854E-1 9.81254E-1 9.84227E-1 9.8325E-1 9.8121E-1 9.70692E-1 9.30169E-1 8.74913E-1 9.59002E-1 9.58044E-1 9.74594E-1 9.48689E-1 9.72998E-1 9.69905E-1 9.59302E-1 9.60527E-1 9.5243E-1 9.17002E-1 9.53288E-1 8.52275E-1 9.32171E-1 9.27646E-1 9.58976E-1 8.67635E-1 5.85056E-1 9.76581E-2 2.6257E-1 6.2207E-1 8.2669E-1 8.47085E-1 4.44139E-1 5.63774E-1 5.77935E-1 6.70273E-1 5.70715E-1 3.89613E-1 4.58901E-1 3.16341E-1 5.61982E-1 6.7796E-1 5.98205E-1 3.92512E-1 2.84105E-1 4.43987E-1 2.67559E-1
8.26685E-1 7.05624E-1 4.88796E-1 7.35619E-1 8.1704E-1 9.06605E-1 8.89884E-1 8.79314E-1 8.11136E-1 9.70428E-1 8.92436E-1 9.47359E-1 9.62407E-1 9.4006E-1 8.62069E-1 7.25412E-1 9.93061E-1 6.73536E-1 9.72844E-1 6.04397E-1 6.94564E-1 9.65693E-1 9.65081E-1 9.77344E-1 9.85708E-1 9.64118E-1 9.7826E-1 9.78946E-1 9.86097E-1 9.8214E-1 9.61201E-1 9.33413E-1 9.4505E-1 8.52702E-1 9.53985E-1 9.31456E-1 9.33678E-1 9.00749E-1 8.91667E-1 9.47203E-1 9.30602E-1 7.69056E-1 9.48715E-1 9.69485E-1 9.33109E-1 8.90916E-1 7.15071E-1 3.32129E-1 2.88602E-1 4.0568E-1 2.29763E-1 5.24248E-1 5.7925E-1 6.16973E-1 5.55682E-1 3.15139E-1 2.94237E-1 3.09086E-1 4.30226E-1 3.22509E-1 1.67535E-1 1.91399E-1 2.63923E-1 3.79475E-1 3.1637E-1 3.25053E-1 4.43105E-1
6.54577E-1 6.05378E-1 6.55618E-1 8.47906E-1 7.79838E-1 6.50648E-1 5.63843E-1 8.14107E-1 8.9684E-1 9.08517E-1 8.51194E-1 9.41461E-1 9.51167E-1 9.35278E-1 9.53606E-1 6.7118E-1 9.88891E-1 9.65568E-1 9.69896E-1 7.28608E-1 8.46528E-1 9.57006E-1 9.71233E-1 9.84241E-1 9.84116E-1 9.67351E-1 9.82107E-1 9.7531E-1 9.61314E-1 9.83711E-1 9.64079E-1 9.59359E-1 9.59875E-1 9.73275E-1 9.47662E-1 9.50495E-1 9.52895E-1 9.77251E-1 9.25715E-1 9.13821E-1 9.5629E-1 8.88372E-1 9.57327E-1 8.93399E-1 9.62319E-1 8.94244E-1 7.28269E-1 5.93135E-1 5.66123E-1 4.00361E-1 5.72936E-1 5.78876E-1 4.82045E-1 2.9865E-1 2.99467E-1 2.06148E-1 1.19017E-1 9.8811E-2 2.07975E-1 1.64823E-1 5.13653E-1 3.32412E-1 2.33254E-1 1.82677E-1 1.74487E-1 9.39899E-2 1.68911E-1
6.2382E-1 6.97568E-1 7.43745E-1 9.25621E-1 7.80003E-1 7.64363E-1 6.04109E-1 8.12939E-1 8.3851E-1 7.88813E-1 8.84952E-1 8.76944E-1 8.43476E-1 8.95678E-1 7.63619E-1 8.59511E-1 8.56756E-1 6.55967E-1 9.6791E-1 6.67624E-1 7.28548E-1 9.03487E-1 9.67462E-1 9.65753E-1 9.69547E-1 9.88912E-1 9.79865E-1 9.79173E-1 9.73109E-1 9.71044E-1 9.66955E-1 9.63963E-1 9.55017E-1 9.37755E-1 9.47267E-1 9.66657E-1 9.75178E-1 9.73075E-1 7.79422E-1 9.14817E-1 9.60617E-1 9.48047E-1 9.48995E-1 9.67254E-1 9.74949E-1 9.77389E-1 9.205E-1 7.50837E-1 5.71319E-1 8.78192E-1 6.10553E-1 5.56641E-1 2.78098E-1 1.13943E-1 1.40019E-1 7.10493E-2 5.36999E-2 2.50382E-2 4.20384E-2 3.15572E-2 6.88261E-2 7.24178E-2 6.68323E-2 7.17582E-2 6.31263E-2 6.73319E-2 4.7679E-2
5.47388E-1 7.06643E-1 6.41619E-1 6.65417E-1 7.58558E-1 8.12353E-1 8.52873E-1 8.6326E-1 9.44672E-1 8.13505E-1 8.99839E-1 9.46916E-1 8.3643E-1 8.35699E-1 7.65982E-1 8.67626E-1 8.74039E-1 7.07994E-1 9.86208E-1 7.09705E-1 7.91996E-1 7.39518E-1 9.74541E-1 9.5825E-1 9.83632E-1 9.79698E-1 9.88558E-1 9.73399E-1 9.74926E-1 9.72911E-1 9.68753E-1 9.60033E-1 9.77068E-1 8.26767E-1 9.02128E-1 9.68438E-1 9.46478E-1 9.41775E-1 8.73485E-1 9.04139E-1 9.62575E-1 9.62469E-1 8.87281E-1 9.50072E-1 9.3666E-1 9.79602E-1 9.42967E-1 7.09437E-1 7.21507E-1 4.37385E-1 3.76632E-1 2.23811E-1 3.90146E-1 1.19544E-1 6.18433E-2 1.54597E-1 1.01199E-1 7.45227E-2 7.71993E-2 1.10454E-1 5.18869E-2 1.43266E-1 6.38374E-2 4.38891E-2 2.33559E-2 7.29455E-2 2.89571E-2
5.28694E-1 7.72918E-1 6.75329E-1 5.49638E-1 4.72768E-1 7.22347E-1 8.57176E-1 8.54613E-1 7.53031E-1 8.03419E-1 9.05563E-1 9.40914E-1 9.65099E-1 8.49385E-1 9.05215E-1 8.79666E-1 7.76158E-1 8.02132E-1 6.42899E-1 7.13147E-1 7.90266E-1 9.0725E-1 8.98974E-1 9.80386E-1 9.83632E-1 9.8157E-1 9.74926E-1 9.75465E-1 9.74713E-1 9.86604E-1 9.84742E-1 9.79627E-1 9.77975E-1 9.71205E-1 9.24472E-1 9.70218E-1 9.72978E-1 9.23891E-1 9.1257E-1 9.52201E-1 9.82119E-1 9.58078E-1 9.74273E-1 9.18388E-1 9.24504E-1 9.68525E-1 9.78862E-1 9.34571E-1 8.14792E-1 6.26102E-1 4.26141E-1 2.76646E-1 9.7006E-2 8.82004E-2 2.83277E-2 1.24591E-1 9.0129E-2 5.04146E-2 4.75827E-2 1.04705E-1 5.70981E-2 7.01982E-2 7.09037E-2 6.65399E-2 9.81602E-2 5.38642E-2 3.53624E-2
