ENM/Final_Models/M_0.8_F_q_Set_1_EC/Gustavia_santanderiensis_2_Choco.asc
ncols         367
nrows         963
xllcorner     -78.6
yllcorner     0.65
cellsize      0.00833333333333323
NODATA_value  -9999
[rows 720 to 749 of 963, columns 67 to 133 of 367]
-9999 -9999 -9999 -9999 -9999 -9999 -9999 -9999 -9999 -9999 -9999 -9999 -9999 -9999 -9999 -9999 -9999 -9999 -9999 -9999 -9999 -9999 -9999 -9999 -9999 -9999 -9999 -9999 -9999 -9999 -9999 -9999 -9999 -9999 -9999 -9999 -9999 -9999 9.9601E-1 9.96833E-1 9.9966E-1 9.98797E-1 9.94411E-1 9.90513E-1 9.99215E-1 9.99203E-1 9.97255E-1 9.99869E-1 9.99755E-1 9.99801E-1 9.99587E-1 9.99154E-1 9.99594E-1 9.93504E-1 9.99199E-1 9.97591E-1 9.99594E-1 9.99388E-1 9.97897E-1 9.83272E-1 9.97807E-1 9.99174E-1 9.93944E-1 9.985E-1 9.97795E-1 9.89523E-1 9.9106E-1
-9999 -9999 -9999 -9999 -9999 -9999 -9999 -9999 -9999 -9999 -9999 -9999 -9999 -9999 -9999 -9999 -9999 -9999 -9999 -9999 -9999 -9999 -9999 -9999 -9999 -9999 -9999 -9999 -9999 -9999 -9999 -9999 -9999 -9999 -9999 -9999 -9999 9.9468E-1 9.91998E-1 9.94287E-1 9.99801E-1 9.99115E-1 9.96632E-1 9.96851E-1 9.99289E-1 9.9735E-1 9.99299E-1 9.99328E-1 9.99929E-1 9.9959E-1 9.9978E-1 9.99835E-1 9.99477E-1 9.99675E-1 9.9934E-1 9.9801E-1 9.99204E-1 9.94549E-1 9.93637E-1 9.84956E-1 9.86196E-1 9.90868E-1 9.93285E-1 9.98698E-1 9.98277E-1 9.6639E-1 9.9216E-1
-9999 -9999 -9999 -9999 -9999 -9999 -9999 -9999 -9999 -9999 -9999 -9999 -9999 -9999 -9999 -9999 -9999 -9999 -9999 -9999 -9999 -9999 -9999 -9999 -9999 -9999 -9999 -9999 -9999 -9999 -9999 -9999 -9999 -9999 -9999 -9999 9.99938E-1 9.93884E-1 9.95329E-1 9.93804E-1 9.9691E-1 9.98695E-1 9.99727E-1 9.99124E-1 9.99204E-1 9.99169E-1 9.98611E-1 9.98427E-1 9.99165E-1 9.98478E-1 9.99246E-1 9.99892E-1 9.99167E-1 9.97256E-1 9.99194E-1 9.98244E-1 9.99781E-1 9.92807E-1 9.86251E-1 9.94141E-1 9.77962E-1 9.66598E-1 9.96478E-1 9.86869E-1 9.94989E-1 9.88168E-1 9.98036E-1
-9999 -9999 -9999 -9999 -9999 -9999 -9999 -9999 -9999 -9999 -9999 -9999 -9999 -9999 -9999 -9999 -9999 -9999 -9999 -9999 -9999 -9999 -9999 -9999 -9999 -9999 -9999 -9999 -9999 -9999 -9999 -9999 -9999 9.99907E-1 9.99965E-1 9.99923E-1 9.99548E-1 9.98915E-1 9.9773E-1 9.98761E-1 9.98209E-1 9.99527E-1 9.99609E-1 9.99682E-1 9.99775E-1 9.99738E-1 9.99279E-1 9.98651E-1 9.97372E-1 9.98973E-1 9.99768E-1 9.9838E-1 9.98469E-1 9.99414E-1 9.9909E-1 9.97316E-1 9.996E-1 9.98961E-1 9.87306E-1 9.93836E-1 9.81572E-1 9.86536E-1 9.78558E-1 9.1446E-1 9.33205E-1 9.80701E-1 9.98505E-1
-9999 -9999 -9999 -9999 -9999 -9999 -9999 -9999 -9999 -9999 -9999 -9999 -9999 -9999 -9999 -9999 -9999 -9999 -9999 -9999 -9999 -9999 -9999 -9999 -9999 -9999 -9999 -9999 -9999 -9999 -9999 9.94994E-1 9.96021E-1 9.99537E-1 9.99972E-1 9.99915E-1 9.99974E-1 9.99582E-1 9.99086E-1 9.99083E-1 9.97568E-1 9.99585E-1 9.99221E-1 9.99581E-1 9.99363E-1 9.9959E-1 9.99289E-1 9.94498E-1 9.99469E-1 9.99723E-1 9.99583E-1 9.99641E-1 9.99207E-1 9.96672E-1 9.96106E-1 9.98393E-1 9.93232E-1 9.9483E-1 9.96425E-1 9.9704E-1 9.92633E-1 9.98524E-1 9.68632E-1 9.53678E-1 9.10486E-1 9.39228E-1 9.74091E-1
-9999 -9999 -9999 -9999 -9999 -9999 -9999 -9999 -9999 -9999 -9999 -9999 -9999 -9999 -9999 -9999 -9999 -9999 -9999 -9999 -9999 -9999 -9999 -9999 -9999 -9999 -9999 -9999 -9999 9.9868E-1 9.99676E-1 9.99681E-1 9.99197E-1 9.99922E-1 9.99889E-1 9.99861E-1 9.99978E-1 9.99095E-1 9.99615E-1 9.99455E-1 9.97726E-1 9.99606E-1 9.99655E-1 9.98702E-1 9.95475E-1 9.989E-1 9.99732E-1 9.97817E-1 9.98378E-1 9.99335E-1 9.98682E-1 9.99086E-1 9.99388E-1 9.98396E-1 9.92201E-1 9.92884E-1 9.92027E-1 9.97925E-1 9.99407E-1 9.9679E-1 9.5389E-1 9.90731E-1 9.80485E-1 9.49346E-1 9.19834E-1 9.41542E-1 9.91113E-1
-9999 -9999 -9999 -9999 -9999 -9999 -9999 -9999 -9999 -9999 -9999 -9999 -9999 -9999 -9999 -9999 -9999 -9999 -9999 -9999 -9999 -9999 -9999 -9999 -9999 -9999 -9999 -9999 -9999 9.99586E-1 9.97036E-1 9.99649E-1 9.99626E-1 9.99785E-1 9.99822E-1 9.9987E-1 9.99734E-1 9.99046E-1 9.99876E-1 9.99914E-1 9.99214E-1 9.99082E-1 9.99745E-1 9.99583E-1 9.98857E-1 9.98909E-1 9.99245E-1 9.99381E-1 9.98372E-1 9.98612E-1 9.98891E-1 9.93708E-1 9.97244E-1 9.95611E-1 9.95292E-1 9.96618E-1 9.93431E-1 9.98895E-1 9.98494E-1 9.94146E-1 9.00928E-1 9.36656E-1 8.9865E-1 9.56388E-1 9.84311E-1 9.94036E-1 9.62065E-1
-9999 -9999 -9999 -9999 -9999 -9999 -9999 -9999 -9999 -9999 -9999 -9999 -9999 -9999 -9999 -9999 -9999 -9999 -9999 -9999 -9999 -9999 -9999 -9999 -9999 -9999 -9999 -9999 -9999 9.99146E-1 9.99214E-1 9.99919E-1 9.98763E-1 9.99175E-1 9.99978E-1 -9999 9.99976E-1 9.99846E-1 9.992E-1 9.99798E-1 9.99394E-1 9.99134E-1 9.99668E-1 9.99539E-1 9.99629E-1 9.9855E-1 9.99195E-1 9.9937E-1 9.98042E-1 9.98512E-1 9.98613E-1 9.98554E-1 9.97627E-1 9.86204E-1 9.88429E-1 9.84572E-1 9.87471E-1 9.96778E-1 9.98375E-1 9.75014E-1 9.7746E-1 9.75994E-1 9.446E-1 8.94922E-1 9.7134E-1 9.88393E-1 9.89422E-1
-9999 -9999 -9999 -9999 -9999 -9999 -9999 -9999 -9999 -9999 -9999 -9999 -9999 -9999 -9999 -9999 -9999 -9999 -9999 -9999 -9999 -9999 -9999 -9999 -9999 -9999 -9999 -9999 -9999 -9999 9.9878E-1 9.9994E-1 9.99961E-1 9.99633E-1 9.99648E-1 9.99986E-1 9.99996E-1 9.99942E-1 9.99879E-1 9.99612E-1 9.99802E-1 9.97757E-1 9.98875E-1 9.98805E-1 9.97308E-1 9.99055E-1 9.96999E-1 9.9771E-1 9.966E-1 9.96608E-1 9.98144E-1 9.99265E-1 9.98264E-1 9.86643E-1 9.79222E-1 9.94191E-1 9.70719E-1 9.75706E-1 9.94113E-1 9.90716E-1 9.36203E-1 9.65108E-1 9.50244E-1 9.94069E-1 9.87674E-1 9.88973E-1 9.4513E-1
-9999 -9999 -9999 -9999 -9999 -9999 -9999 -9999 -9999 -9999 -9999 -9999 -9999 -9999 -9999 -9999 -9999 9.99914E-1 9.99999E-1 -9999 -9999 -9999 -9999 -9999 -9999 -9999 -9999 -9999 -9999 -9999 -9999 9.99205E-1 9.99994E-1 9.99899E-1 9.99983E-1 9.99976E-1 9.99993E-1 9.99959E-1 9.99974E-1 9.99804E-1 9.99879E-1 9.99789E-1 9.99816E-1 9.99663E-1 9.99267E-1 9.99763E-1 9.99847E-1 9.98627E-1 9.98112E-1 9.94954E-1 9.94327E-1 9.92583E-1 9.95292E-1 9.92164E-1 9.97408E-1 9.99189E-1 9.69552E-1 9.70989E-1 9.54868E-1 9.51667E-1 8.79974E-1 8.39167E-1 9.4372E-1 9.81001E-1 9.97142E-1 9.88712E-1 9.46934E-1
-9999 -9999 -9999 -9999 -9999 -9999 -9999 -9999 -9999 -9999 -9999 -9999 -9999 -9999 9.99878E-1 9.99955E-1 9.99991E-1 9.9997E-1 -9999 -9999 -9999 -9999 -9999 -9999 -9999 -9999 -9999 -9999 -9999 -9999 -9999 9.99923E-1 9.99966E-1 9.99986E-1 9.9999E-1 9.99988E-1 9.99948E-1 9.99992E-1 9.99994E-1 9.99833E-1 9.99969E-1 9.99548E-1 9.9924E-1 9.99383E-1 9.99699E-1 9.99955E-1 9.99747E-1 9.99794E-1 9.99027E-1 9.98286E-1 9.96978E-1 9.85444E-1 9.66049E-1 9.92053E-1 9.83641E-1 9.97709E-1 9.72095E-1 9.54645E-1 9.8815E-1 9.75241E-1 9.78519E-1 9.08548E-1 9.6051E-1 9.83627E-1 9.81871E-1 9.62055E-1 9.36416E-1
-9999 -9999 -9999 -9999 -9999 -9999 -9999 -9999 -9999 -9999 -9999 -9999 9.99869E-1 9.99602E-1 9.99909E-1 9.99829E-1 9.99939E-1 9.99955E-1 -9999 -9999 -9999 -9999 -9999 -9999 -9999 -9999 -9999 -9999 -9999 -9999 -9999 9.99998E-1 9.99995E-1 9.99996E-1 9.99998E-1 9.99923E-1 9.99979E-1 9.99984E-1 9.9993E-1 9.99975E-1 9.99912E-1 9.99768E-1 9.99659E-1 9.98977E-1 9.9938E-1 9.97549E-1 9.99248E-1 9.97259E-1 9.93495E-1 9.98762E-1 9.98877E-1 9.95892E-1 9.91741E-1 9.88497E-1 9.57924E-1 9.71397E-1 9.88155E-1 9.81806E-1 9.89283E-1 9.93826E-1 9.91727E-1 9.57215E-1 9.76665E-1 9.72303E-1 9.56925E-1 9.66722E-1 9.17693E-1
-9999 -9999 -9999 -9999 -9999 -9999 -9999 -9999 -9999 -9999 9.99891E-1 9.99957E-1 9.98922E-1 9.99862E-1 9.99737E-1 9.99392E-1 9.99904E-1 9.99953E-1 9.99691E-1 -9999 -9999 -9999 -9999 -9999 -9999 -9999 -9999 -9999 -9999 -9999 -9999 -9999 9.99987E-1 9.99999E-1 1E0 9.99985E-1 9.99964E-1 9.99978E-1 9.99874E-1 9.9804E-1 9.99624E-1 9.99758E-1 9.99908E-1 9.99962E-1 9.99551E-1 9.99102E-1 9.99145E-1 9.89677E-1 9.97163E-1 9.93089E-1 9.93403E-1 9.90432E-1 9.87327E-1 9.71406E-1 9.67926E-1 9.97564E-1 9.96794E-1 9.87076E-1 9.62689E-1 9.43699E-1 9.59176E-1 9.78978E-1 9.41984E-1 9.58651E-1 9.3378E-1 9.30422E-1 8.98714E-1
-9999 -9999 -9999 -9999 -9999 -9999 -9999 -9999 -9999 9.99654E-1 9.97861E-1 9.99811E-1 9.97832E-1 9.9957E-1 9.99906E-1 9.999E-1 9.99997E-1 9.99995E-1 9.99914E-1 9.99957E-1 -9999 -9999 -9999 -9999 -9999 -9999 -9999 -9999 -9999 -9999 -9999 -9999 9.99971E-1 9.99999E-1 9.99998E-1 9.99998E-1 9.99973E-1 9.9999E-1 9.99937E-1 9.99273E-1 9.9972E-1 9.99351E-1 9.99678E-1 9.9971E-1 9.98217E-1 9.98325E-1 9.9773E-1 9.93521E-1 9.66703E-1 9.79377E-1 9.79197E-1 9.9644E-1 9.98239E-1 9.89029E-1 9.90454E-1 9.89078E-1 9.93677E-1 9.73874E-1 9.54004E-1 9.3564E-1 9.08271E-1 9.74007E-1 9.79756E-1 9.73904E-1 9.45307E-1 9.54848E-1 8.68623E-1
-9999 -9999 -9999 -9999 -9999 -9999 -9999 -9999 9.99975E-1 9.99767E-1 9.9952E-1 9.99557E-1 9.99915E-1 9.98696E-1 9.99545E-1 9.98352E-1 9.99984E-1 9.99977E-1 9.99654E-1 9.99958E-1 9.99987E-1 -9999 -9999 -9999 -9999 9.9993E-1 9.9977E-1 9.9974E-1 9.99754E-1 -9999 9.99826E-1 9.99723E-1 9.99997E-1 9.99999E-1 9.99994E-1 9.99973E-1 9.99962E-1 9.9999E-1 9.99934E-1 9.91123E-1 9.94609E-1 9.99752E-1 9.97441E-1 9.99593E-1 9.98691E-1 9.99626E-1 9.99909E-1 9.80969E-1 9.30452E-1 9.71082E-1 9.85367E-1 9.95967E-1 9.8873E-1 9.99392E-1 9.87491E-1 9.47998E-1 9.63839E-1 9.45433E-1 9.47527E-1 9.38972E-1 8.73251E-1 9.6012E-1 9.48102E-1 9.42814E-1 9.12873E-1 9.07276E-1 8.83842E-1
-9999 -9999 -9999 -9999 -9999 -9999 9.99987E-1 9.99966E-1 9.99686E-1 9.99873E-1 9.99927E-1 9.99976E-1 9.99799E-1 9.98446E-1 9.98722E-1 9.99578E-1 9.99956E-1 9.99938E-1 9.99994E-1 9.99974E-1 9.99971E-1 9.99995E-1 9.99997E-1 9.99979E-1 9.99988E-1 9.99969E-1 9.99953E-1 9.99917E-1 9.99733E-1 9.99812E-1 9.99697E-1 9.99306E-1 9.9999E-1 9.99989E-1 9.99824E-1 9.9964E-1 9.99972E-1 9.99992E-1 9.99862E-1 9.99809E-1 9.99341E-1 9.99908E-1 9.99061E-1 9.99644E-1 9.99944E-1 9.99438E-1 9.9952E-1 9.80815E-1 9.4429E-1 9.89974E-1 9.93858E-1 9.82931E-1 9.96784E-1 9.99321E-1 9.90077E-1 9.71263E-1 9.72759E-1 9.56686E-1 8.87871E-1 9.17176E-1 8.83228E-1 9.79029E-1 9.61954E-1 9.34147E-1 8.88973E-1 8.95098E-1 8.35676E-1
-9999 -9999 -9999 9.99983E-1 9.99961E-1 9.99726E-1 9.9994E-1 9.99809E-1 9.99894E-1 9.99989E-1 9.99842E-1 9.99943E-1 9.9997E-1 9.97308E-1 9.99718E-1 9.99888E-1 9.99946E-1 9.9976E-1 9.998E-1 9.99932E-1 9.99978E-1 9.99954E-1 9.99495E-1 9.9994E-1 9.99829E-1 9.99857E-1 9.99934E-1 9.99985E-1 9.99967E-1 9.99928E-1 9.99996E-1 9.99969E-1 1E0 9.99996E-1 9.99237E-1 9.99847E-1 9.99991E-1 9.99915E-1 9.99997E-1 9.99892E-1 9.99546E-1 9.99675E-1 9.99827E-1 9.96335E-1 9.98558E-1 9.91574E-1 9.86722E-1 9.93654E-1 9.76731E-1 9.9734E-1 9.86435E-1 9.35359E-1 9.21266E-1 9.91803E-1 9.8453E-1 8.78133E-1 8.26654E-1 9.20551E-1 8.24591E-1 8.30974E-1 8.92876E-1 9.43281E-1 8.87793E-1 8.63801E-1 8.31845E-1 7.3496E-1 7.15694E-1
-9999 9.99032E-1 9.9923E-1 9.99589E-1 9.99894E-1 9.99979E-1 9.99745E-1 9.99885E-1 9.99784E-1 9.99913E-1 9.99446E-1 9.99776E-1 9.99325E-1 9.98181E-1 9.9961E-1 9.99863E-1 9.97925E-1 9.99881E-1 9.99835E-1 9.99969E-1 9.99953E-1 9.9996E-1 9.99972E-1 9.99983E-1 9.9966E-1 9.99877E-1 9.99388E-1 9.9992E-1 9.99981E-1 9.99972E-1 9.99975E-1 9.99999E-1 9.99997E-1 9.99897E-1 9.99914E-1 9.99956E-1 9.99969E-1 9.99959E-1 9.9999E-1 9.9986E-1 9.9985E-1 9.99965E-1 9.99797E-1 9.97887E-1 9.97909E-1 9.78703E-1 9.71606E-1 9.96842E-1 9.81162E-1 9.98789E-1 9.41916E-1 9.43631E-1 9.87419E-1 9.37668E-1 9.70024E-1 9.19665E-1 8.24617E-1 8.66823E-1 8.34603E-1 8.36848E-1 7.68583E-1 8.9296E-1 8.69294E-1 8.42563E-1 8.68922E-1 7.2525E-1 6.6778E-1
9.9938E-1 9.99871E-1 9.9957E-1 9.99753E-1 9.99797E-1 9.99853E-1 9.99959E-1 9.99779E-1 9.99821E-1 9.9997E-1 9.99775E-1 9.99844E-1 9.99846E-1 9.99191E-1 9.99041E-1 9.98574E-1 9.98533E-1 9.98493E-1 9.99774E-1 9.99937E-1 9.99997E-1 9.99805E-1 9.99965E-1 9.99944E-1 9.99667E-1 9.99339E-1 9.99426E-1 9.99892E-1 9.99943E-1 9.99971E-1 9.99993E-1 9.99995E-1 9.9996E-1 9.99954E-1 9.99904E-1 9.99998E-1 9.99998E-1 9.98174E-1 9.99737E-1 9.99106E-1 9.99928E-1 9.99605E-1 9.9947E-1 9.99969E-1 9.93701E-1 9.92817E-1 9.85604E-1 9.99202E-1 9.9289E-1 9.84888E-1 9.74691E-1 9.73016E-1 9.88461E-1 9.7577E-1 9.59359E-1 9.54695E-1 8.89139E-1 8.93331E-1 8.12361E-1 8.00011E-1 8.35989E-1 9.07172E-1 8.92624E-1 8.88423E-1 6.98462E-1 5.84541E-1 5.14328E-1
9.99647E-1 9.99895E-1 9.99034E-1 9.99702E-1 9.99567E-1 9.9973E-1 9.99294E-1 9.99952E-1 9.9992E-1 9.99882E-1 9.99885E-1 9.99949E-1 9.98749E-1 9.9967E-1 9.98453E-1 9.97448E-1 9.96904E-1 9.98011E-1 9.99852E-1 9.99986E-1 9.99337E-1 9.99328E-1 9.99891E-1 9.99959E-1 9.99919E-1 9.98266E-1 9.98843E-1 9.9974E-1 9.9994E-1 9.99987E-1 9.99982E-1 9.99998E-1 9.99871E-1 9.99978E-1 9.99995E-1 9.99989E-1 9.99913E-1 9.99843E-1 9.99347E-1 9.99436E-1 9.99693E-1 9.99466E-1 9.99868E-1 9.98432E-1 9.99981E-1 9.99776E-1 9.99109E-1 9.98351E-1 9.97031E-1 9.98114E-1 9.84267E-1 9.84225E-1 9.69539E-1 9.95147E-1 9.82317E-1 9.36613E-1 9.84299E-1 9.45776E-1 9.4023E-1 9.25038E-1 7.97365E-1 8.89845E-1 9.33967E-1 8.14764E-1 5.69083E-1 6.00434E-1 5.31125E-1
9.99785E-1 9.99487E-1 9.95027E-1 9.98879E-1 9.99259E-1 9.99791E-1 9.99782E-1 9.99898E-1 9.99819E-1 9.99828E-1 9.99753E-1 9.98686E-1 9.99341E-1 9.9992E-1 9.99975E-1 9.99078E-1 9.98061E-1 9.99017E-1 9.99705E-1 9.99783E-1 9.99213E-1 9.99544E-1 9.99388E-1 9.99848E-1 9.99949E-1 9.99211E-1 9.98793E-1 9.99689E-1 9.99918E-1 9.9997E-1 9.9999E-1 9.99996E-1 9.99985E-1 9.99821E-1 9.99973E-1 9.99578E-1 9.99865E-1 9.99713E-1 9.99672E-1 9.9997E-1 9.99889E-1 9.99918E-1 9.99971E-1 9.99417E-1 9.99932E-1 9.98465E-1 9.99023E-1 9.99971E-1 9.98775E-1 9.85508E-1 9.17475E-1 9.3504E-1 9.96921E-1 9.98172E-1 9.56232E-1 9.58826E-1 9.70971E-1 9.53813E-1 9.24699E-1 9.50888E-1 9.09934E-1 9.2498E-1 9.51643E-1 8.63827E-1 6.79004E-1 6.12588E-1 4.24384E-1
9.99758E-1 9.99929E-1 9.9988E-1 9.99739E-1 9.99741E-1 9.989E-1 9.99779E-1 9.99882E-1 9.99918E-1 9.99804E-1 9.99645E-1 9.99679E-1 9.9991E-1 9.99841E-1 9.99963E-1 9.9974E-1 9.98693E-1 9.99732E-1 9.99943E-1 9.99668E-1 9.99535E-1 9.99171E-1 9.99569E-1 9.99881E-1 9.99911E-1 9.99283E-1 9.9978E-1 9.99904E-1 9.99902E-1 9.99984E-1 9.99997E-1 9.99999E-1 9.99995E-1 9.99904E-1 -9999 9.99817E-1 9.9983E-1 9.99805E-1 9.99545E-1 9.99974E-1 9.99924E-1 9.98653E-1 9.99418E-1 9.99742E-1 9.99533E-1 9.99232E-1 9.94015E-1 9.99431E-1 9.99871E-1 9.948E-1 9.67726E-1 8.37161E-1 9.4493E-1 9.68595E-1 9.78244E-1 8.91774E-1 9.90125E-1 9.72725E-1 9.93357E-1 9.51312E-1 8.68914E-1 9.25175E-1 9.00762E-1 8.9344E-1 7.54062E-1 5.93536E-1 3.13234E-1
9.9993E-1 9.99453E-1 9.99797E-1 9.99838E-1 9.99847E-1 9.99974E-1 9.99935E-1 9.999E-1 9.99888E-1 9.99893E-1 9.99634E-1 9.98964E-1 9.99673E-1 9.99784E-1 9.99552E-1 9.99936E-1 9.99767E-1 9.99621E-1 9.99368E-1 9.99824E-1 9.99752E-1 9.99933E-1 9.99855E-1 9.99909E-1 9.99632E-1 9.98725E-1 9.99859E-1 9.99962E-1 9.99974E-1 9.99917E-1 9.99987E-1 9.99997E-1 9.99995E-1 9.99975E-1 9.99928E-1 9.99802E-1 9.99846E-1 9.99755E-1 9.99585E-1 9.99661E-1 9.97849E-1 9.96158E-1 9.96891E-1 9.98804E-1 9.99182E-1 9.94878E-1 9.9747E-1 9.92865E-1 9.91193E-1 9.94283E-1 9.81153E-1 9.52056E-1 9.55048E-1 9.29134E-1 9.76971E-1 8.45879E-1 9.61836E-1 9.43947E-1 9.28214E-1 8.15093E-1 6.90346E-1 8.91442E-1 9.36023E-1 8.36835E-1 7.4803E-1 3.96634E-1 4.23266E-1
9.999E-1 9.98289E-1 9.99756E-1 9.99752E-1 9.99771E-1 9.99837E-1 9.99934E-1 9.99527E-1 9.99973E-1 9.99976E-1 9.9984E-1 9.99944E-1 9.99941E-1 9.95152E-1 9.98377E-1 9.99669E-1 9.99865E-1 9.99925E-1 9.99893E-1 9.99912E-1 9.99749E-1 9.99793E-1 9.99919E-1 9.99871E-1 9.99224E-1 9.99364E-1 9.99782E-1 9.99991E-1 9.99997E-1 9.99993E-1 9.99989E-1 9.99995E-1 9.99764E-1 9.99847E-1 9.99877E-1 9.99806E-1 9.99054E-1 9.98989E-1 9.99925E-1 9.9834E-1 9.99302E-1 9.99257E-1 9.96746E-1 9.98842E-1 9.99877E-1 9.96744E-1 9.94536E-1 9.93089E-1 9.93239E-1 9.97368E-1 9.97682E-1 9.59602E-1 9.22321E-1 8.69737E-1 8.32037E-1 8.76329E-1 9.13848E-1 9.63767E-1 8.81049E-1 6.2829E-1 7.87478E-1 8.9757E-1 8.15339E-1 8.17158E-1 5.62927E-1 1.77731E-1 1.40102E-1
9.99772E-1 9.99965E-1 9.99952E-1 9.99944E-1 9.99973E-1 9.99725E-1 9.99975E-1 9.99878E-1 9.9986E-1 9.9979E-1 9.99915E-1 9.99982E-1 9.99948E-1 9.99739E-1 9.99963E-1 9.9985E-1 9.99822E-1 9.99873E-1 9.99339E-1 9.99593E-1 9.99957E-1 9.99985E-1 9.99992E-1 9.99968E-1 9.99877E-1 9.9925E-1 9.99809E-1 9.99989E-1 9.99992E-1 9.99993E-1 9.99999E-1 9.99984E-1 9.99997E-1 9.99982E-1 9.99673E-1 9.99934E-1 9.99527E-1 9.99847E-1 9.99811E-1 9.99837E-1 9.9705E-1 9.98727E-1 9.96493E-1 9.96814E-1 9.99154E-1 9.99314E-1 9.99713E-1 9.98187E-1 9.77098E-1 9.75079E-1 9.95466E-1 9.87449E-1 7.59362E-1 8.02506E-1 7.39654E-1 7.7219E-1 7.48249E-1 7.58325E-1 7.21597E-1 5.52421E-1 7.42351E-1 7.43424E-1 6.08209E-1 6.13002E-1 5.16258E-1 2.21304E-1 7.03555E-2
9.99994E-1 9.99994E-1 9.99901E-1 9.99934E-1 9.99983E-1 9.99186E-1 9.99965E-1 9.99957E-1 9.99725E-1 9.99566E-1 9.99894E-1 9.99971E-1 9.99902E-1 9.99734E-1 9.99979E-1 9.99964E-1 9.99929E-1 9.99964E-1 9.99962E-1 9.99941E-1 9.99954E-1 9.99853E-1 9.99605E-1 9.9957E-1 9.99939E-1 9.99603E-1 9.99963E-1 9.99968E-1 9.99978E-1 9.99998E-1 1E0 9.99997E-1 9.99999E-1 9.99882E-1 9.98475E-1 9.99403E-1 9.99927E-1 9.99952E-1 9.99909E-1 9.9994E-1 9.97815E-1 9.98437E-1 9.98531E-1 9.93987E-1 9.93762E-1 9.99889E-1 9.92059E-1 9.98197E-1 9.99347E-1 9.9885E-1 9.98205E-1 9.83285E-1 9.0995E-1 8.74793E-1 6.82801E-1 6.82003E-1 6.09912E-1 5.78908E-1 6.82118E-1 5.94347E-1 7.62628E-1 7.07501E-1 7.04879E-1 4.17668E-1 4.80387E-1 1.77775E-1 5.26428E-2
9.9999E-1 9.99853E-1 9.99826E-1 9.9994E-1 9.99736E-1 9.99918E-1 9.99643E-1 9.99982E-1 9.99973E-1 9.9986E-1 9.99891E-1 9.99984E-1 9.99991E-1 9.99932E-1 9.99956E-1 9.9999E-1 9.9999E-1 9.99974E-1 9.99932E-1 9.99956E-1 9.99538E-1 9.99808E-1 9.99719E-1 9.99778E-1 9.99453E-1 9.99753E-1 9.99849E-1 9.99999E-1 9.99997E-1 9.99991E-1 9.99929E-1 9.99952E-1 9.9998E-1 9.99388E-1 9.99665E-1 9.99956E-1 9.99967E-1 9.99709E-1 9.99823E-1 9.99266E-1 9.99518E-1 9.98419E-1 9.9883E-1 9.93602E-1 9.9905E-1 9.85488E-1 9.95889E-1 9.95868E-1 9.86637E-1 9.98803E-1 9.95619E-1 9.92132E-1 9.47638E-1 9.44513E-1 7.93999E-1 5.78018E-1 6.18891E-1 5.19933E-1 5.18498E-1 4.76652E-1 7.16295E-1 4.56709E-1 2.08901E-1 2.51266E-1 2.65865E-1 7.26503E-2 3.18972E-2
9.99985E-1 9.99548E-1 9.99042E-1 9.98188E-1 9.98597E-1 9.99937E-1 9.99756E-1 9.9994E-1 9.99988E-1 9.99874E-1 9.99946E-1 9.99818E-1 9.9993E-1 9.99925E-1 9.99993E-1 9.9999E-1 9.99981E-1 9.99963E-1 9.99949E-1 9.99561E-1 9.99648E-1 9.99426E-1 9.99601E-1 9.99415E-1 9.99196E-1 9.99596E-1 9.9992E-1 9.99919E-1 9.99974E-1 9.99954E-1 9.99917E-1 9.99777E-1 9.99943E-1 9.99874E-1 9.9996E-1 9.99806E-1 9.99821E-1 9.98941E-1 9.99667E-1 9.98575E-1 9.9681E-1 9.92101E-1 9.98269E-1 9.98032E-1 9.98435E-1 9.91275E-1 9.86137E-1 9.48803E-1 9.56143E-1 9.98781E-1 9.94278E-1 9.49928E-1 8.10006E-1 8.36272E-1 7.1307E-1 5.12431E-1 4.91833E-1 4.899E-1 3.77461E-1 3.78964E-1 5.88731E-1 1.73621E-1 5.82629E-2 1.83613E-1 2.59653E-1 1.34771E-1 5.7644E-2
9.99975E-1 9.99509E-1 9.99364E-1 9.98831E-1 9.99328E-1 9.99151E-1 9.99964E-1 9.99869E-1 9.99957E-1 9.99974E-1 9.99954E-1 9.99989E-1 9.99995E-1 9.99952E-1 9.99969E-1 9.99967E-1 9.99976E-1 9.99946E-1 9.9996E-1 9.99881E-1 9.999E-1 9.99687E-1 9.9968E-1 9.99518E-1 9.99847E-1 9.99939E-1 9.99921E-1 9.99972E-1 9.99979E-1 9.99964E-1 9.99975E-1 9.99311E-1 9.99388E-1 9.9993E-1 9.99945E-1 9.99795E-1 9.99499E-1 9.99556E-1 9.91735E-1 9.99401E-1 9.99524E-1 9.99697E-1 9.87851E-1 9.98471E-1 9.98914E-1 9.99729E-1 9.97715E-1 9.95382E-1 9.93583E-1 9.80882E-1 9.83745E-1 9.80963E-1 9.54965E-1 9.14928E-1 7.84532E-1 7.58668E-1 6.61556E-1 5.30681E-1 4.37139E-1 3.87961E-1 2.68008E-1 5.41863E-2 7.83305E-3 1.4078E-2 1.10676E-2 4.81113E-2 7.79668E-2
9.99693E-1 9.99853E-1 9.99922E-1 9.99966E-1 9.99737E-1 9.99807E-1 9.99944E-1 9.99971E-1 9.99942E-1 9.99965E-1 9.99995E-1 9.99905E-1 9.99988E-1 9.99974E-1 9.9994E-1 9.99502E-1 9.98859E-1 9.99878E-1 9.99855E-1 9.99899E-1 9.99899E-1 9.99901E-1 9.9995E-1 9.99719E-1 9.99626E-1 9.99995E-1 9.99997E-1 9.99986E-1 9.99991E-1 9.99849E-1 9.9983E-1 9.99026E-1 9.99429E-1 9.99969E-1 9.99634E-1 9.99948E-1 9.99992E-1 9.99912E-1 9.98272E-1 9.98782E-1 9.99476E-1 9.99426E-1 9.99035E-1 9.81686E-1 9.98804E-1 9.99629E-1 9.99847E-1 9.97393E-1 9.9739E-1 9.79413E-1 9.67746E-1 9.88793E-1 9.86756E-1 9.80555E-1 9.61372E-1 9.09316E-1 8.61983E-1 7.31495E-1 3.57384E-1 4.0906E-1 2.98867E-1 1.633E-1 3.42755E-2 8.11045E-3 2.35334E-3 2.0976E-3 3.26403E-3
