ENM/Final_Models/M_0.8_F_q_Set_1_EC/Gustavia_santanderiensis_Choco_min.asc
ncols         367
nrows         963
xllcorner     -78.6
yllcorner     0.65
cellsize      0.00833333333333323
NODATA_value  -9999
[rows 360 to 389 of 963, columns 268 to 334 of 367]
2.78103E-1 3.18699E-1 4.32319E-1 4.93377E-1 5.1144E-1 3.64584E-1 4.20519E-1 3.16679E-1 3.19573E-1 2.66559E-1 1.67893E-1 5.14731E-2 4.54326E-2 3.24762E-2 8.88501E-3 5.72334E-3 1.25362E-2 1.2374E-2 6.16924E-3 1.00744E-2 3.41982E-3 8.324E-4 3.30705E-3 5.37682E-5 2.64301E-5 1.18114E-5 3.58804E-4 2.49181E-4 1.10607E-5 1.22817E-5 2.53384E-7 -9999 -9999 -9999 -9999 -9999 -9999 -9999 -9999 -9999 -9999 -9999 -9999 -9999 -9999 -9999 -9999 -9999 -9999 -9999 -9999 -9999 -9999 -9999 -9999 -9999 -9999 -9999 -9999 -9999 -9999 -9999 -9999 -9999 -9999 -9999 -9999
4.25905E-1 4.33929E-1 5.48135E-1 5.30975E-1 4.97836E-1 4.70368E-1 5.0318E-1 4.38163E-1 3.23549E-1 2.33984E-1 6.16669E-2 2.88667E-2 1.91849E-2 1.74708E-2 6.30203E-3 1.09292E-2 1.52525E-2 9.8168E-3 1.69359E-2 1.90143E-2 9.16228E-3 1.2503E-3 1.87948E-4 4.49735E-5 6.29068E-5 4.64405E-5 4.86553E-5 -9999 -9999 -9999 -9999 -9999 -9999 -9999 -9999 -9999 -9999 -9999 -9999 -9999 -9999 -9999 -9999 -9999 -9999 -9999 -9999 -9999 -9999 -9999 -9999 -9999 -9999 -9999 -9999 -9999 -9999 -9999 -9999 -9999 -9999 -9999 -9999 -9999 -9999 -9999 -9999
3.93072E-1 5.15929E-1 5.41548E-1 4.49673E-1 5.28355E-1 5.90922E-1 4.99083E-1 4.73341E-1 2.29867E-1 1.88818E-1 7.63267E-2 1.202E-2 1.28366E-2 2.7102E-3 1.73528E-2 1.45083E-2 1.22797E-2 1.14359E-2 1.61508E-2 2.63025E-2 2.00605E-2 9.73446E-4 1.28913E-4 9.65053E-5 6.22482E-5 4.03929E-5 -9999 -9999 -9999 -9999 -9999 -9999 -9999 -9999 -9999 -9999 -9999 -9999 -9999 -9999 -9999 -9999 -9999 -9999 -9999 -9999 -9999 -9999 -9999 -9999 -9999 -9999 -9999 -9999 -9999 -9999 -9999 -9999 -9999 -9999 -9999 -9999 -9999 -9999 -9999 -9999 -9999
5.35437E-1 5.19609E-1 5.01264E-1 5.44915E-1 5.23714E-1 5.23617E-1 4.24134E-1 3.74975E-1 2.67237E-1 2.13701E-1 8.62187E-2 5.79741E-2 1.04113E-2 3.8432E-3 2.20131E-2 4.63563E-2 2.39831E-2 2.5719E-2 1.68285E-2 2.17051E-2 1.80865E-2 1.3788E-3 1.18025E-3 3.85826E-4 6.6377E-5 1.47295E-5 2.93129E-6 1.71743E-5 1.43425E-5 -9999 -9999 -9999 -9999 -9999 -9999 -9999 -9999 -9999 -9999 -9999 -9999 -9999 -9999 -9999 -9999 -9999 -9999 -9999 -9999 -9999 -9999 -9999 -9999 -9999 -9999 -9999 -9999 -9999 -9999 -9999 -9999 -9999 -9999 -9999 -9999 -9999 -9999
6.72761E-1 6.89705E-1 5.49973E-1 6.11657E-1 4.20137E-1 2.78911E-1 2.13583E-1 3.82542E-1 3.18712E-1 1.3518E-1 5.59711E-2 2.38373E-2 6.37713E-3 1.70999E-2 6.01121E-2 5.56911E-2 4.36661E-2 5.63794E-2 2.42979E-2 2.52989E-2 9.3628E-3 1.22646E-3 5.07923E-4 8.55399E-5 2.9712E-5 2.72536E-5 1.30311E-4 1.05487E-4 3.01732E-5 6.18378E-5 -9999 -9999 2.16093E-5 -9999 -9999 -9999 -9999 -9999 -9999 -9999 -9999 -9999 -9999 -9999 -9999 -9999 -9999 -9999 -9999 -9999 -9999 -9999 -9999 -9999 -9999 -9999 -9999 -9999 -9999 -9999 -9999 -9999 -9999 -9999 -9999 -9999 -9999
5.66624E-1 6.15122E-1 5.76206E-1 6.01081E-1 4.83587E-1 5.19533E-1 4.49888E-1 5.05288E-1 3.05572E-1 1.50098E-1 4.56714E-2 2.11921E-2 3.61367E-2 3.85777E-2 2.42465E-2 1.6666E-2 1.80348E-2 1.86604E-2 2.56613E-2 2.5359E-2 4.70043E-2 6.79184E-3 2.41787E-4 1.53817E-5 6.9903E-5 1.5434E-5 4.16927E-5 6.13975E-4 1.87131E-4 3.39356E-4 7.00399E-4 1.03226E-4 5.793E-5 8.06128E-5 -9999 -9999 -9999 -9999 -9999 -9999 -9999 -9999 -9999 -9999 -9999 -9999 -9999 -9999 -9999 -9999 -9999 -9999 -9999 -9999 -9999 -9999 -9999 -9999 -9999 -9999 -9999 -9999 -9999 -9999 -9999 -9999 -9999
4.4944E-1 5.6169E-1 5.81619E-1 4.76317E-1 6.12081E-1 5.5229E-1 4.4957E-1 4.29743E-1 3.72463E-1 2.31292E-1 6.72182E-2 2.46675E-2 5.23115E-2 6.48097E-2 8.44877E-2 6.85086E-2 1.03453E-1 1.31907E-2 2.30711E-2 1.6825E-2 7.96402E-3 3.55629E-4 1.18962E-3 3.25888E-4 3.42611E-4 7.25115E-4 5.04641E-4 7.60498E-4 7.40406E-4 1.72218E-4 6.07485E-5 4.74859E-4 2.01892E-5 9.73805E-4 -9999 -9999 -9999 -9999 -9999 -9999 -9999 -9999 -9999 -9999 -9999 -9999 -9999 -9999 -9999 -9999 -9999 -9999 -9999 -9999 -9999 -9999 -9999 -9999 -9999 -9999 -9999 -9999 -9999 -9999 -9999 -9999 -9999
5.37464E-1 6.17699E-1 5.39043E-1 4.50823E-1 3.5497E-1 4.57671E-1 3.17833E-1 2.12006E-1 2.32496E-1 1.4708E-1 8.5303E-2 6.01344E-2 1.03411E-1 7.78985E-2 2.54489E-2 2.57511E-2 1.77974E-2 4.45067E-2 5.78205E-2 3.85667E-2 9.18411E-3 6.25188E-4 1.71132E-3 1.64623E-3 1.26487E-3 2.10343E-3 1.63708E-3 1.26414E-3 1.84578E-3 4.53977E-4 9.31469E-4 3.85646E-4 1.67757E-4 3.94525E-4 4.52437E-3 -9999 -9999 -9999 -9999 -9999 -9999 -9999 -9999 -9999 -9999 -9999 -9999 -9999 -9999 -9999 -9999 -9999 -9999 -9999 -9999 -9999 -9999 -9999 -9999 -9999 -9999 -9999 -9999 -9999 -9999 -9999 -9999
3.69322E-1 4.67213E-1 5.41774E-1 5.10793E-1 3.4863E-1 4.30102E-1 3.21321E-1 1.91609E-1 1.11448E-1 1.16955E-1 1.58654E-1 1.67484E-1 1.47948E-1 1.19395E-1 4.65944E-2 2.47466E-2 3.88634E-2 5.27897E-2 4.00364E-2 2.58967E-2 1.96433E-2 3.83841E-3 3.76445E-3 2.34567E-3 3.32434E-3 3.83476E-3 1.25236E-3 2.41588E-3 1.12522E-3 6.42929E-4 7.06598E-4 6.37422E-4 1.46264E-3 1.99006E-3 5.14645E-4 7.55148E-4 -9999 -9999 -9999 -9999 -9999 -9999 -9999 -9999 -9999 -9999 -9999 -9999 -9999 -9999 -9999 -9999 -9999 -9999 -9999 -9999 -9999 -9999 -9999 -9999 -9999 -9999 -9999 -9999 -9999 -9999 -9999
4.2312E-1 4.46082E-1 3.49696E-1 3.11019E-1 2.9866E-1 2.42092E-1 2.15961E-1 1.49288E-1 5.05995E-2 1.12131E-1 1.76304E-1 1.53896E-1 9.44218E-2 5.03546E-2 2.81496E-2 4.57769E-2 6.58812E-2 1.5486E-2 1.65738E-2 1.41536E-2 2.62379E-2 1.27753E-2 1.85817E-3 1.74818E-3 2.01258E-3 5.98521E-3 4.07758E-3 2.94764E-3 2.43712E-3 7.83454E-4 6.41208E-4 2.71005E-3 3.41879E-3 3.11908E-3 2.57921E-3 8.65793E-3 3.56385E-3 -9999 -9999 -9999 -9999 -9999 -9999 -9999 -9999 -9999 -9999 -9999 -9999 -9999 -9999 -9999 -9999 -9999 -9999 -9999 -9999 -9999 -9999 -9999 -9999 -9999 -9999 -9999 -9999 -9999 -9999
4.37868E-1 2.98118E-1 3.82261E-1 3.3478E-1 3.4722E-1 3.48071E-1 2.86601E-1 2.61335E-1 1.288E-1 1.11398E-1 1.05167E-1 1.08665E-1 7.00853E-2 3.21597E-2 2.82183E-2 5.51056E-2 3.35031E-2 4.01391E-2 8.30293E-3 2.09302E-2 4.98552E-2 2.54917E-2 1.49917E-3 4.21523E-3 3.44884E-3 4.64336E-3 8.59968E-3 2.59259E-3 1.04864E-3 7.70449E-4 5.30436E-3 1.81549E-2 2.37748E-2 1.05361E-2 5.10825E-3 1.83304E-3 1.07106E-4 -9999 -9999 -9999 -9999 -9999 -9999 -9999 -9999 -9999 -9999 -9999 -9999 -9999 -9999 -9999 -9999 -9999 -9999 -9999 -9999 -9999 -9999 -9999 -9999 -9999 -9999 -9999 -9999 -9999 -9999
5.08421E-1 3.22254E-1 3.24103E-1 3.43228E-1 4.32216E-1 3.7707E-1 3.78019E-1 2.41062E-1 2.23938E-1 1.07249E-1 7.41655E-2 6.6905E-2 4.64044E-2 2.3631E-2 2.48129E-2 2.60132E-2 5.75172E-2 2.97865E-2 3.36879E-2 8.57589E-2 8.07192E-2 3.07446E-2 3.01758E-3 1.24914E-3 1.16826E-3 2.75035E-3 3.7026E-3 3.78775E-3 1.44557E-3 4.34539E-4 5.16587E-3 6.40862E-3 2.42906E-2 1.07693E-2 1.69228E-3 2.47304E-4 2.63454E-4 2.04865E-5 -9999 -9999 -9999 -9999 -9999 -9999 -9999 -9999 -9999 -9999 -9999 -9999 -9999 -9999 -9999 -9999 -9999 -9999 -9999 -9999 -9999 -9999 -9999 -9999 -9999 -9999 -9999 -9999 -9999
4.99529E-1 3.35701E-1 2.29388E-1 3.86345E-1 4.13618E-1 2.57945E-1 2.2315E-1 1.86023E-1 1.93734E-1 1.35272E-1 1.43529E-1 6.54002E-2 2.93408E-2 4.00187E-2 3.31753E-2 4.42997E-2 4.38429E-2 3.00427E-2 8.81775E-2 1.20715E-1 7.74823E-2 4.31269E-2 1.26001E-2 1.6169E-3 1.18753E-3 1.4877E-3 9.85848E-3 6.17196E-3 4.2856E-3 1.36456E-3 7.46088E-3 1.8461E-2 1.85393E-2 1.17167E-2 2.96275E-3 4.88891E-4 5.7404E-4 1.53407E-4 1.57539E-6 -9999 -9999 -9999 -9999 -9999 -9999 -9999 -9999 -9999 -9999 -9999 -9999 -9999 -9999 -9999 -9999 -9999 -9999 -9999 -9999 -9999 -9999 -9999 -9999 -9999 -9999 -9999 -9999
5.55346E-1 4.26949E-1 4.51484E-1 4.33459E-1 3.01531E-1 2.30571E-1 2.11996E-1 1.77012E-1 1.28656E-1 1.2857E-1 1.40648E-1 5.35982E-2 4.3175E-2 3.9539E-2 3.97506E-2 6.58994E-2 3.59617E-2 4.46738E-2 1.26382E-1 9.25357E-2 8.60301E-2 7.52209E-2 8.29939E-3 1.7933E-3 8.15787E-3 3.46315E-3 8.18331E-3 5.9855E-3 7.34272E-3 8.7551E-3 1.67348E-2 4.70031E-3 8.24015E-3 3.36283E-3 4.66874E-4 1.03549E-3 1.4572E-3 2.45028E-4 7.33113E-5 -9999 -9999 -9999 -9999 -9999 -9999 -9999 -9999 -9999 -9999 -9999 -9999 -9999 -9999 -9999 -9999 -9999 -9999 -9999 -9999 -9999 -9999 -9999 -9999 -9999 -9999 -9999 -9999
2.8196E-1 3.84047E-1 3.4972E-1 2.14035E-1 1.75655E-1 3.4408E-1 1.40131E-1 1.11796E-1 9.83843E-2 9.22555E-2 1.15947E-1 4.64919E-2 3.44205E-2 4.57713E-2 3.26215E-2 7.63167E-2 8.30175E-2 3.54054E-2 1.10642E-1 7.54868E-2 3.42688E-2 8.86817E-2 3.78957E-2 6.95789E-3 3.96879E-2 2.73353E-2 1.29656E-2 6.97185E-3 9.89431E-3 2.11289E-2 5.2627E-3 4.22799E-3 2.26812E-3 1.04366E-3 8.33093E-5 7.12638E-5 5.14245E-4 9.29562E-5 4.10419E-5 1.52947E-5 -9999 -9999 -9999 -9999 -9999 -9999 -9999 -9999 -9999 -9999 -9999 -9999 -9999 -9999 -9999 -9999 -9999 -9999 -9999 -9999 -9999 -9999 -9999 -9999 -9999 -9999 -9999
2.5819E-1 2.8785E-1 2.37578E-1 2.5546E-1 2.35838E-1 1.65244E-1 4.82141E-2 8.09947E-2 8.71263E-2 8.19447E-2 6.92596E-2 6.41775E-2 3.11173E-2 6.1647E-2 5.51387E-2 5.69235E-2 6.49189E-2 4.04401E-2 1.16088E-1 4.83323E-2 1.97814E-2 1.94621E-2 2.49758E-2 1.74442E-2 1.56781E-2 1.26947E-2 1.44812E-2 1.39978E-2 1.77977E-2 1.14574E-2 8.88362E-3 2.68045E-3 3.98974E-3 5.59396E-3 2.08599E-3 1.54232E-4 7.19109E-5 1.0294E-4 6.55097E-5 5.00557E-6 4.32045E-6 -9999 -9999 -9999 -9999 -9999 -9999 -9999 -9999 -9999 -9999 -9999 -9999 -9999 -9999 -9999 -9999 -9999 -9999 -9999 -9999 -9999 -9999 -9999 -9999 -9999 -9999
1.56863E-1 1.7326E-1 1.82332E-1 1.06359E-1 9.6012E-2 7.84772E-2 4.65211E-2 2.9203E-2 3.7647E-2 8.84215E-2 1.24201E-1 9.98751E-2 4.90222E-2 9.10783E-2 8.28779E-2 6.15032E-2 3.90433E-2 7.28346E-2 4.38702E-2 3.20194E-2 1.50564E-1 1.02053E-1 3.18044E-2 8.47727E-3 1.65869E-2 1.30283E-2 6.65377E-3 1.45884E-2 9.14675E-3 1.42632E-3 1.39162E-3 9.47249E-4 9.99599E-4 1.74275E-4 2.32404E-4 3.35776E-4 2.83216E-4 1.63116E-3 6.28118E-4 2.6295E-5 2.52942E-6 -9999 -9999 -9999 -9999 -9999 -9999 -9999 -9999 -9999 -9999 -9999 -9999 -9999 -9999 -9999 -9999 -9999 -9999 -9999 -9999 -9999 -9999 -9999 -9999 -9999 -9999
1.72174E-1 2.06963E-1 2.32979E-1 1.29823E-1 6.69947E-2 3.04374E-2 2.53407E-2 2.08871E-2 2.23378E-2 1.06058E-1 1.36165E-1 1.16051E-1 8.67896E-2 5.23994E-2 1.01028E-1 1.10765E-1 9.01025E-2 2.12696E-1 2.81066E-2 9.38223E-2 5.029E-2 8.24131E-2 1.50451E-2 2.13566E-2 9.07752E-3 3.07097E-2 2.36896E-2 2.79005E-2 1.71296E-2 1.37474E-2 8.9826E-3 9.04238E-4 4.34494E-4 4.03676E-4 2.87214E-4 6.75435E-4 9.37738E-4 4.34725E-3 4.90596E-3 2.06901E-4 2.74334E-5 5.6417E-6 -9999 -9999 -9999 -9999 -9999 -9999 -9999 -9999 -9999 -9999 -9999 -9999 -9999 -9999 -9999 -9999 -9999 -9999 -9999 -9999 -9999 -9999 -9999 -9999 -9999
4.06225E-1 2.03258E-1 1.28927E-1 1.08227E-1 7.02204E-2 3.21896E-2 2.72289E-2 1.16854E-1 1.03442E-1 2.18859E-1 1.54487E-1 9.43413E-2 1.17766E-1 1.10201E-1 2.05874E-1 1.39274E-1 8.83812E-2 1.1105E-1 5.05676E-2 2.9517E-1 2.56048E-1 1.68488E-1 2.96677E-2 1.43426E-2 4.4725E-3 2.59899E-2 2.53226E-2 2.23798E-2 9.17491E-3 2.82176E-2 3.70737E-2 4.20622E-3 1.87669E-3 2.45048E-3 1.48832E-4 5.51948E-4 3.02008E-3 5.56106E-3 9.24141E-4 1.20869E-3 1.1682E-3 3.42798E-4 -9999 -9999 -9999 -9999 -9999 -9999 -9999 -9999 -9999 -9999 -9999 -9999 -9999 -9999 -9999 -9999 -9999 -9999 -9999 -9999 -9999 -9999 -9999 -9999 -9999
3.38724E-1 2.55478E-1 2.22552E-1 2.29966E-1 2.60756E-1 1.02472E-1 5.54217E-2 1.00357E-1 8.32569E-2 1.13331E-1 1.6869E-1 5.31842E-2 3.79716E-2 9.7349E-2 1.63663E-1 9.40927E-2 5.42936E-2 2.19206E-1 4.79406E-1 2.2329E-1 2.77102E-1 1.78548E-1 1.27667E-1 1.3675E-1 5.77415E-2 4.63517E-2 3.62046E-2 3.4034E-2 1.93444E-2 1.68619E-2 1.50423E-2 1.1634E-2 1.07141E-2 4.81444E-3 3.35707E-4 4.16988E-4 2.0168E-3 1.22862E-2 1.9951E-3 6.10066E-4 2.51555E-4 3.71163E-4 -9999 -9999 -9999 -9999 -9999 -9999 -9999 -9999 -9999 -9999 -9999 -9999 -9999 -9999 -9999 -9999 -9999 -9999 -9999 -9999 -9999 -9999 -9999 -9999 -9999
4.74265E-1 3.22425E-1 2.66477E-1 2.53087E-1 2.79163E-1 1.06871E-1 7.78809E-2 1.27295E-1 9.64485E-2 1.73712E-1 1.89532E-1 6.55662E-2 4.31439E-2 5.10455E-2 6.95619E-2 1.3338E-1 5.84618E-2 2.3468E-1 1.28513E-1 1.0316E-1 2.7269E-1 1.97043E-1 3.12824E-1 8.67765E-2 9.32588E-2 1.85641E-1 5.68724E-2 2.48331E-2 2.76225E-2 5.77413E-3 2.89371E-2 2.03877E-2 9.51903E-3 4.36576E-3 7.9161E-4 4.67529E-4 1.59064E-3 4.39746E-3 1.28989E-2 1.86527E-3 1.03017E-3 3.94662E-4 -9999 -9999 -9999 -9999 -9999 -9999 -9999 -9999 -9999 -9999 -9999 -9999 -9999 -9999 -9999 -9999 -9999 -9999 -9999 -9999 -9999 -9999 -9999 -9999 -9999
3.88134E-1 3.58807E-1 2.37187E-1 3.1253E-1 3.65172E-1 1.29452E-1 6.03083E-2 5.3006E-2 6.20197E-2 2.05791E-1 2.25294E-1 1.69819E-1 4.1862E-2 3.81164E-2 1.12505E-1 7.29106E-2 1.33814E-1 5.08707E-1 2.2629E-1 9.32899E-2 9.32126E-2 1.91495E-1 2.89084E-1 1.2545E-2 2.71743E-2 8.05824E-2 2.73273E-2 3.31043E-2 2.20501E-2 5.1095E-2 3.3488E-2 9.37863E-3 3.43768E-3 2.20875E-3 3.37804E-4 7.28852E-4 8.74288E-4 2.21155E-3 9.70228E-3 2.49059E-3 2.03164E-3 5.25046E-4 -9999 -9999 -9999 -9999 -9999 -9999 -9999 -9999 -9999 -9999 -9999 -9999 -9999 -9999 -9999 -9999 -9999 -9999 -9999 -9999 -9999 -9999 -9999 -9999 -9999
2.74304E-1 2.20305E-1 1.7245E-1 2.10837E-1 2.00016E-1 1.23804E-1 5.25551E-2 3.77041E-2 7.56418E-2 1.50864E-1 1.65868E-1 8.34508E-2 3.25683E-2 2.23498E-2 1.81919E-1 8.33878E-2 2.06386E-1 2.10983E-1 3.81273E-2 6.88826E-2 3.13382E-2 2.31035E-1 7.07494E-2 2.88283E-1 1.32744E-1 4.80953E-2 2.09799E-3 4.67551E-2 2.34256E-2 1.45222E-2 1.58124E-2 7.67376E-3 6.80841E-3 7.93578E-4 1.6674E-4 1.32226E-3 2.53161E-3 6.1993E-3 1.87919E-2 3.28505E-2 2.12466E-2 -9999 -9999 -9999 -9999 -9999 -9999 -9999 -9999 -9999 -9999 -9999 -9999 -9999 -9999 -9999 -9999 -9999 -9999 -9999 -9999 -9999 -9999 -9999 -9999 -9999 -9999
3.017E-1 2.59772E-1 1.46004E-1 7.06415E-2 1.45448E-1 1.60581E-1 1.25536E-1 4.62718E-2 9.51109E-2 1.40573E-1 2.59941E-2 2.09449E-2 4.27458E-2 1.60821E-1 2.57776E-1 2.32155E-1 2.71229E-1 4.97849E-2 4.50585E-2 1.32771E-1 4.91235E-2 1.59289E-1 3.07371E-1 6.65322E-2 7.36205E-2 5.47533E-1 4.44743E-1 1.23363E-1 1.21699E-2 9.42998E-3 6.59436E-2 9.1749E-3 1.71012E-3 5.89194E-4 2.28394E-4 1.10659E-3 4.4599E-3 8.60591E-3 1.23744E-2 2.16885E-2 1.16938E-2 -9999 -9999 -9999 -9999 -9999 -9999 -9999 -9999 -9999 -9999 -9999 -9999 -9999 -9999 -9999 -9999 -9999 -9999 -9999 -9999 -9999 -9999 -9999 -9999 -9999 -9999
2.70198E-1 1.26962E-1 2.57284E-2 2.53916E-2 3.95013E-2 1.6412E-1 1.95965E-1 4.00804E-2 7.44638E-2 1.02664E-1 5.8145E-2 6.81972E-2 2.4784E-2 1.75149E-1 1.49416E-2 1.90605E-2 1.6079E-2 3.43463E-2 1.33433E-1 7.7351E-2 8.69233E-3 2.59066E-1 2.48127E-1 1.46784E-1 3.54895E-1 3.64626E-1 3.82541E-1 3.43785E-1 2.81868E-1 1.67033E-1 8.65488E-3 2.60915E-2 2.87723E-3 2.35524E-3 8.12071E-4 1.07844E-3 3.72041E-3 1.18486E-2 3.22563E-2 1.65915E-2 -9999 -9999 -9999 -9999 -9999 -9999 -9999 -9999 -9999 -9999 -9999 -9999 -9999 -9999 -9999 -9999 -9999 -9999 -9999 -9999 -9999 -9999 -9999 -9999 -9999 -9999 -9999
3.66957E-1 3.25835E-1 2.23174E-1 1.35326E-1 1.59975E-1 2.49793E-1 1.6761E-1 1.06817E-1 7.71202E-2 8.01384E-2 1.47394E-2 2.98769E-2 6.99002E-2 1.84031E-1 4.27051E-2 3.95433E-2 1.86632E-2 2.01474E-1 1.13452E-2 3.8994E-1 1.63486E-1 4.62508E-1 3.86359E-1 8.07465E-2 1.1917E-1 7.4063E-2 1.20352E-1 2.65393E-1 1.7784E-1 1.35271E-1 8.71787E-3 7.2556E-3 1.51723E-2 6.33146E-3 2.40738E-3 9.92296E-3 4.36876E-3 1.12668E-2 3.26655E-3 -9999 -9999 -9999 -9999 -9999 -9999 -9999 -9999 -9999 -9999 -9999 -9999 -9999 -9999 -9999 -9999 -9999 -9999 -9999 -9999 -9999 -9999 -9999 -9999 -9999 -9999 -9999 -9999
4.0236E-1 3.15865E-1 2.25307E-1 1.16586E-1 2.03281E-1 2.8699E-1 1.76705E-1 1.09007E-1 1.42346E-1 1.25799E-1 4.23325E-2 1.46298E-2 2.52665E-1 5.27611E-1 1.02316E-1 1.56522E-1 8.4786E-1 1.75972E-1 1.58093E-1 2.27072E-1 3.72888E-1 2.68114E-1 3.37731E-1 1.94378E-1 1.1553E-1 4.30848E-2 1.63546E-2 2.07397E-2 1.87508E-2 1.96519E-2 2.79886E-2 1.75929E-2 1.77073E-2 3.6923E-3 3.8685E-3 2.20827E-2 1.97239E-2 1.37411E-2 -9999 -9999 -9999 -9999 -9999 -9999 -9999 -9999 -9999 -9999 -9999 -9999 -9999 -9999 -9999 -9999 -9999 -9999 -9999 -9999 -9999 -9999 -9999 -9999 -9999 -9999 -9999 -9999 -9999
4.23566E-1 2.60453E-1 1.9833E-1 1.17495E-1 1.75085E-1 1.69346E-1 1.5293E-1 1.431E-1 5.85235E-2 5.01869E-2 6.37762E-2 2.20103E-2 2.39556E-1 7.70503E-1 9.70083E-1 9.40077E-1 8.36054E-1 4.85226E-1 2.29664E-2 5.65138E-1 5.58691E-1 2.28287E-1 2.46149E-1 3.84884E-1 9.42853E-2 1.54364E-2 2.80538E-2 2.03241E-2 2.48859E-2 1.90229E-2 3.00261E-2 9.98774E-3 1.17558E-2 2.88805E-3 3.51751E-3 4.15974E-2 1.35408E-2 3.76107E-2 -9999 -9999 -9999 4.53512E-3 6.55794E-3 6.07021E-4 6.39302E-5 5.30064E-4 -9999 -9999 -9999 -9999 -9999 -9999 -9999 -9999 -9999 -9999 -9999 -9999 -9999 -9999 -9999 -9999 -9999 -9999 -9999 -9999 -9999
4.50057E-1 3.71072E-1 2.6157E-1 1.24401E-1 1.0795E-1 1.7278E-1 2.01792E-1 1.75052E-1 4.35715E-2 6.92713E-2 2.84095E-2 1.07402E-1 2.37366E-1 5.97582E-1 9.51315E-1 9.06263E-1 8.73456E-1 5.40681E-1 6.69763E-1 3.96044E-1 3.72838E-1 7.01486E-2 3.86922E-1 1.50507E-1 4.88048E-2 4.13862E-2 1.77285E-2 3.78813E-2 2.35388E-2 2.13628E-2 9.15432E-3 1.56157E-2 1.53892E-2 6.94166E-3 9.71075E-3 4.59012E-2 4.04945E-2 4.55283E-3 3.3416E-3 2.73052E-3 1.7957E-3 7.89688E-3 7.20259E-3 8.17958E-4 2.85777E-4 4.17772E-4 9.9944E-6 2.08204E-5 -9999 -9999 -9999 -9999 -9999 -9999 -9999 -9999 -9999 -9999 -9999 -9999 -9999 -9999 -9999 -9999 -9999 -9999 -9999
3.33223E-1 2.64993E-1 1.63122E-1 6.90465E-2 9.36676E-2 1.30482E-1 3.38113E-1 2.02433E-1 1.3158E-1 1.05189E-1 8.97117E-2 9.34418E-2 3.51051E-1 4.28525E-1 4.49581E-1 1.55503E-1 3.63544E-1 5.02829E-1 1.73469E-1 7.37934E-1 6.01369E-1 3.96246E-1 8.08127E-2 5.44792E-2 6.27026E-2 1.67059E-2 5.05072E-3 1.18228E-2 1.4388E-2 1.72521E-2 1.56484E-2 1.67419E-2 5.83517E-3 6.80168E-3 1.5402E-2 2.70937E-2 2.79167E-3 1.91475E-2 8.4983E-3 8.28908E-3 5.11287E-3 3.48089E-3 4.38719E-3 6.75453E-3 1.68016E-3 5.9725E-4 4.94468E-4 2.16187E-4 6.20479E-4 -9999 -9999 -9999 -9999 -9999 -9999 -9999 -9999 -9999 -9999 -9999 -9999 -9999 -9999 -9999 -9999 -9999 -9999
