ENM/Final_Models/M_0.8_F_q_Set_1_EC/Gustavia_santanderiensis_Choco_median.asc
ncols         367
nrows         963
xllcorner     -78.6
yllcorner     0.65
cellsize      0.00833333333333323
NODATA_value  -9999
[rows 155 to 185 of 963, columns 69 to 137 of 367]
-9999 -9999 -9999 -9999 -9999 -9999 -9999 -9999 -9999 -9999 -9999 -9999 -9999 -9999 -9999 -9999 -9999 -9999 -9999 -9999 -9999 -9999 -9999 -9999 -9999 4.79714E-4 2.24229E-4 1.89453E-4 2.26948E-4 3.27253E-4 2.52084E-4 3.28082E-4 1.88142E-4 2.11997E-4 2.36541E-4 5.65352E-4 1.63431E-4 2.404E-4 -9999 -9999 -9999 2.52148E-3 8.45354E-3 8.9942E-3 4.86242E-3 4.74147E-3 6.92101E-3 6.27255E-2 9.97516E-2 1.3489E-1 3.60811E-2 1.04455E-2 1.33776E-2 1.43058E-3 3.71438E-3 3.12898E-3 1.57492E-3 1.32257E-4 3.21955E-4 4.49374E-4 5.48033E-4 1.13688E-3 4.63558E-4 1.48696E-4 1.68101E-4 1.32518E-4 1.56989E-4 8.1218E-4 2.14484E-3
-9999 -9999 -9999 -9999 -9999 -9999 -9999 -9999 -9999 -9999 -9999 -9999 -9999 -9999 -9999 -9999 -9999 -9999 -9999 -9999 -9999 -9999 -9999 -9999 -9999 4.10727E-4 2.30554E-4 8.42644E-5 9.38004E-5 1.5439E-4 1.74386E-4 2.31231E-4 2.16176E-4 2.14553E-4 2.03339E-4 3.90695E-4 2.37942E-4 5.24954E-4 -9999 -9999 -9999 2.96226E-3 3.59004E-3 2.18574E-3 2.16952E-3 8.32992E-3 2.88385E-2 3.98599E-2 4.77914E-2 3.31719E-2 1.56663E-2 6.93546E-3 1.65781E-3 7.31697E-4 1.1208E-3 1.08779E-3 1.53225E-4 4.12352E-4 1.26054E-4 9.57904E-5 1.0424E-3 6.75617E-4 7.55662E-4 5.5605E-4 7.24216E-4 8.86865E-4 7.73186E-4 6.75452E-4 1.72981E-4
-9999 -9999 -9999 -9999 -9999 -9999 -9999 -9999 -9999 -9999 -9999 -9999 -9999 -9999 -9999 -9999 -9999 -9999 -9999 -9999 -9999 -9999 -9999 -9999 1.03018E-3 9.82556E-4 2.75147E-4 1.08434E-4 2.27195E-4 7.27579E-4 5.91857E-4 4.23879E-4 2.48276E-4 4.39825E-4 3.8504E-4 2.82294E-4 1.7147E-4 3.17837E-4 4.52044E-4 -9999 -9999 -9999 2.43325E-3 3.04872E-3 4.71744E-3 3.60109E-3 5.03237E-3 1.94153E-2 5.05342E-2 5.46121E-2 3.23025E-2 9.94435E-3 1.44089E-3 9.09993E-4 5.26283E-4 1.33015E-4 7.85858E-5 6.67615E-4 7.26457E-4 6.6536E-4 5.01878E-4 8.88729E-4 5.42042E-4 1.77019E-3 1.47863E-3 7.86225E-4 7.17451E-4 4.93333E-4 1.21101E-4
-9999 -9999 -9999 -9999 -9999 -9999 -9999 -9999 -9999 -9999 -9999 -9999 -9999 -9999 -9999 -9999 -9999 -9999 -9999 -9999 -9999 -9999 -9999 -9999 2.80965E-4 2.21093E-4 4.96413E-4 1.7315E-4 2.48053E-4 2.89795E-4 3.18853E-4 1.90421E-4 5.89281E-4 5.80228E-4 5.04131E-4 7.06215E-4 3.09192E-4 4.83959E-4 1.52625E-3 -9999 -9999 -9999 1.33876E-3 1.55327E-3 3.9263E-3 3.24249E-3 8.465E-3 1.0637E-2 3.02392E-2 8.01549E-2 2.28296E-2 7.52626E-3 1.94715E-3 1.15624E-3 6.63546E-4 1.0653E-3 3.51137E-4 4.32458E-4 1.15553E-3 1.10878E-3 5.11474E-4 1.17797E-3 1.19058E-3 1.15208E-3 2.1821E-3 7.84545E-4 8.36976E-4 1.29123E-3 1.27128E-4
-9999 -9999 -9999 -9999 -9999 -9999 -9999 -9999 -9999 -9999 -9999 -9999 -9999 -9999 -9999 -9999 -9999 -9999 -9999 -9999 -9999 -9999 -9999 1.94549E-3 4.69827E-4 1.2017E-4 2.70334E-3 4.16483E-4 4.54474E-4 5.33655E-4 9.55508E-4 3.94087E-4 7.54886E-4 6.38779E-4 1.11536E-3 5.37571E-4 6.21459E-4 9.56755E-4 8.0674E-4 -9999 -9999 -9999 1.95849E-3 2.79168E-3 1.95896E-3 3.55319E-3 7.76378E-3 1.05793E-2 1.99212E-2 5.17281E-2 2.11215E-2 8.27841E-3 8.47555E-4 7.37723E-4 8.77043E-4 1.06418E-3 5.59908E-4 1.33487E-3 1.14225E-3 1.50226E-3 2.48733E-3 1.1826E-3 2.37405E-3 1.01366E-3 1.16382E-3 1.02179E-3 6.76537E-4 6.82905E-4 3.13625E-3
-9999 -9999 -9999 -9999 -9999 -9999 -9999 -9999 -9999 -9999 -9999 -9999 -9999 -9999 -9999 -9999 -9999 -9999 -9999 -9999 -9999 -9999 -9999 2.00543E-3 1.0449E-3 3.73846E-4 5.71546E-4 1.77608E-4 1.04663E-4 3.68209E-4 3.28383E-4 2.35876E-4 8.58152E-4 7.09492E-4 2.10874E-3 5.69081E-4 1.125E-3 9.96848E-4 2.17994E-3 1.15138E-3 -9999 -9999 9.84947E-4 3.04553E-3 2.86344E-3 2.81685E-3 4.49562E-3 7.57976E-3 1.17017E-2 2.64865E-2 1.52539E-2 1.07255E-2 1.94841E-3 1.05224E-3 1.71643E-3 1.38231E-3 1.04741E-3 1.23136E-3 1.29445E-3 1.54923E-3 1.97568E-3 1.5121E-3 1.81098E-3 5.61989E-4 6.7679E-4 1.33002E-3 7.85019E-4 9.37619E-4 1.90569E-3
-9999 -9999 -9999 -9999 -9999 -9999 -9999 -9999 -9999 -9999 -9999 -9999 -9999 -9999 -9999 -9999 -9999 -9999 -9999 -9999 -9999 -9999 2.56371E-3 1.52686E-3 1.61896E-3 7.56223E-4 2.22707E-4 3.51573E-4 2.28469E-4 2.47493E-4 1.47599E-4 1.10957E-4 2.46075E-4 4.63164E-4 2.94271E-4 2.98935E-4 8.37067E-4 1.14064E-3 1.0619E-3 6.30202E-4 9.15827E-4 3.42717E-4 1.48975E-3 1.02093E-3 1.9436E-3 3.43978E-3 5.06851E-3 7.31386E-3 1.22885E-2 4.57428E-3 5.3003E-3 3.52293E-3 1.03784E-3 1.12341E-3 1.64552E-3 8.39476E-4 1.13334E-3 1.35864E-3 1.18918E-3 1.43637E-3 1.24872E-3 1.29496E-3 1.11375E-3 2.18663E-3 5.17536E-4 1.21946E-3 1.10016E-3 1.33311E-3 5.11958E-4
-9999 -9999 -9999 -9999 -9999 -9999 -9999 -9999 -9999 -9999 -9999 -9999 -9999 -9999 -9999 -9999 -9999 -9999 -9999 -9999 -9999 -9999 1.46794E-3 1.29226E-3 1.22219E-3 5.99515E-4 4.31906E-4 3.28882E-4 3.23991E-4 2.53263E-4 1.2351E-4 3.48864E-4 6.70289E-4 9.18153E-4 4.53541E-4 3.78227E-4 1.14297E-3 1.08916E-3 1.21279E-3 1.01876E-3 1.0161E-3 4.42426E-4 6.85215E-4 2.32782E-3 1.74736E-3 2.87961E-3 1.01875E-3 1.22138E-3 2.30422E-3 4.08183E-3 1.87653E-3 1.37733E-3 9.38739E-4 4.58437E-4 6.80239E-4 3.88213E-3 1.84295E-3 2.57196E-3 1.99221E-3 1.90775E-3 1.26106E-3 1.23721E-3 1.84507E-3 1.4306E-3 1.79329E-3 2.21376E-3 7.50295E-4 1.99143E-3 3.48986E-4
-9999 -9999 -9999 -9999 -9999 -9999 -9999 -9999 -9999 -9999 -9999 -9999 -9999 -9999 -9999 -9999 -9999 -9999 -9999 -9999 -9999 -9999 6.0774E-4 9.03494E-4 2.42571E-3 9.01737E-4 8.43587E-4 3.68437E-4 2.67979E-4 5.43859E-4 1.47973E-4 4.48233E-4 4.29642E-4 4.63164E-4 9.05866E-4 8.6987E-4 7.76887E-4 1.39789E-3 1.71547E-3 1.37199E-3 1.45894E-3 7.16542E-4 2.91193E-4 2.56811E-4 1.85733E-3 7.65943E-4 7.42495E-4 1.31722E-3 1.19811E-3 1.98442E-3 2.3516E-3 3.03807E-3 1.51524E-3 7.5972E-4 1.19773E-3 1.43881E-3 1.55418E-3 3.53374E-3 1.3318E-3 8.47473E-4 1.35113E-3 4.28373E-3 1.23087E-3 1.25995E-3 1.43823E-3 1.00612E-3 1.85148E-3 1.72843E-3 4.04518E-4
-9999 -9999 -9999 -9999 -9999 -9999 -9999 -9999 -9999 -9999 -9999 -9999 -9999 -9999 -9999 -9999 -9999 -9999 -9999 -9999 -9999 4.66862E-4 4.68994E-4 1.83449E-3 1.31707E-3 8.70761E-4 7.11927E-4 3.57034E-4 1.24974E-3 1.39936E-3 8.38569E-4 1.4322E-3 1.54191E-3 9.34042E-4 5.68607E-4 4.67136E-4 3.22319E-3 4.52144E-3 2.73956E-3 3.16313E-3 2.13605E-3 2.22509E-3 1.03298E-3 9.39915E-4 2.02844E-3 1.91421E-3 1.35085E-3 1.1525E-3 1.13814E-3 1.46268E-3 1.49038E-3 1.68017E-3 1.85065E-3 1.17767E-3 1.0952E-3 8.59768E-4 1.01273E-3 2.6263E-3 1.76499E-3 1.39272E-3 2.27202E-3 5.74554E-3 2.47623E-3 9.84327E-4 6.74932E-4 1.12405E-3 1.03414E-3 1.08645E-3 6.98826E-4
-9999 -9999 -9999 -9999 -9999 -9999 -9999 -9999 -9999 -9999 -9999 -9999 -9999 -9999 -9999 -9999 -9999 -9999 -9999 -9999 -9999 1.55787E-3 9.6982E-4 1.28044E-3 1.70342E-3 6.19054E-4 7.03748E-4 5.58131E-4 6.95292E-4 5.49316E-4 1.01767E-3 6.26623E-4 9.74744E-4 3.62358E-4 7.11315E-4 6.54692E-4 9.58937E-4 5.85686E-3 1.96474E-3 1.3118E-3 6.81698E-4 6.7756E-4 3.81803E-4 4.71708E-4 1.41655E-3 1.02815E-3 1.18397E-3 1.61607E-3 1.80715E-3 1.7765E-3 1.31107E-3 1.48297E-3 1.41099E-3 2.20637E-3 2.6064E-3 1.55257E-3 2.24063E-3 2.6824E-3 3.07798E-3 1.16076E-3 2.07685E-3 2.02676E-3 4.02229E-3 1.69881E-3 9.5883E-4 1.64308E-3 7.45245E-4 4.13633E-4 6.97043E-4
-9999 -9999 -9999 -9999 -9999 -9999 -9999 -9999 -9999 -9999 -9999 -9999 -9999 -9999 -9999 -9999 -9999 -9999 -9999 -9999 8.55833E-4 6.01569E-4 8.56482E-4 6.41046E-4 1.3835E-3 7.89328E-4 7.69476E-4 7.67559E-4 5.54267E-4 7.41308E-4 6.20219E-4 7.93197E-4 1.97543E-3 5.6387E-4 2.69366E-4 6.42823E-4 7.45981E-4 2.04453E-3 1.85826E-3 1.77443E-3 5.79338E-4 5.22908E-4 1.10489E-3 1.09152E-3 1.10539E-3 6.84608E-4 1.13901E-3 1.18722E-3 1.48589E-3 6.53206E-4 1.37167E-3 1.81886E-3 1.33195E-3 2.51393E-3 3.21462E-3 2.11251E-3 1.43257E-3 3.34827E-3 3.45004E-3 1.7813E-3 2.13015E-3 1.83547E-3 2.27554E-3 4.53437E-3 1.04676E-3 2.08109E-3 5.86266E-4 1.16987E-3 6.67713E-4
-9999 -9999 -9999 -9999 -9999 -9999 -9999 -9999 -9999 -9999 -9999 -9999 -9999 -9999 -9999 -9999 -9999 -9999 -9999 -9999 1.01588E-3 1.0796E-3 1.31198E-3 1.10589E-3 2.35659E-3 1.42136E-3 1.33353E-3 8.19308E-4 3.98448E-4 4.79313E-4 7.53562E-4 5.45548E-4 1.91215E-3 5.9243E-4 5.52988E-4 4.17632E-4 1.02421E-3 1.42645E-3 1.60814E-3 4.64629E-3 1.88888E-3 1.35669E-3 2.07477E-3 2.94543E-3 6.35536E-3 3.13119E-3 8.59241E-4 7.90763E-4 5.36127E-4 7.44057E-4 8.59292E-4 7.59592E-4 1.62398E-3 2.08392E-3 4.2871E-3 3.09033E-3 1.654E-3 4.09259E-3 2.35383E-3 2.62655E-3 5.54261E-3 3.43102E-3 2.90314E-3 1.86061E-3 1.30895E-3 1.0409E-3 1.9369E-3 1.72982E-3 2.60814E-3
-9999 -9999 -9999 -9999 -9999 -9999 -9999 -9999 -9999 -9999 -9999 -9999 -9999 -9999 -9999 -9999 -9999 -9999 -9999 3.81365E-4 7.40522E-4 7.30822E-4 1.91506E-3 3.92374E-3 3.98446E-3 2.67235E-3 1.66463E-3 9.43109E-4 3.88212E-4 7.44502E-4 1.03888E-3 5.00232E-4 5.65511E-4 6.89412E-4 3.876E-4 5.57636E-4 8.24673E-4 9.51205E-4 2.23785E-3 2.60089E-3 2.34147E-3 2.68523E-3 3.71447E-3 3.43233E-3 2.00151E-3 1.57138E-3 8.16471E-4 1.17339E-3 7.95325E-4 1.00315E-3 1.56221E-3 6.22991E-4 5.74647E-4 3.14274E-3 2.99643E-3 3.81732E-3 2.45008E-3 5.26948E-3 3.90799E-3 1.1995E-3 3.31369E-3 1.93912E-3 1.65346E-3 1.36475E-3 2.3856E-3 1.71394E-3 1.00996E-3 1.03729E-3 8.81931E-4
-9999 -9999 -9999 -9999 -9999 -9999 -9999 -9999 -9999 -9999 -9999 -9999 -9999 -9999 -9999 -9999 -9999 -9999 -9999 5.56602E-5 2.89511E-4 8.66436E-4 8.06937E-4 1.81435E-3 5.96974E-3 2.79477E-3 2.42103E-4 1.01024E-3 1.31105E-3 1.3414E-3 1.03191E-3 3.18777E-4 4.39343E-4 4.66485E-4 4.8329E-4 2.92969E-4 3.70805E-4 1.92996E-3 2.78777E-3 5.51119E-3 2.80492E-3 3.19528E-3 4.52132E-3 4.02965E-3 3.99057E-3 3.03808E-3 1.83113E-3 2.04006E-3 2.084E-3 1.94771E-3 1.85347E-3 1.45982E-3 1.44193E-3 3.13977E-3 4.77922E-3 5.09635E-3 1.58387E-3 4.03501E-3 2.57897E-3 2.02431E-3 4.18595E-3 3.1087E-3 1.24847E-3 6.46811E-4 8.71614E-4 9.97219E-4 1.50611E-3 7.21351E-4 8.9218E-4
-9999 -9999 -9999 -9999 -9999 -9999 -9999 -9999 -9999 -9999 -9999 -9999 -9999 -9999 -9999 -9999 -9999 -9999 2.88686E-6 1.49824E-5 2.22534E-4 3.70952E-4 1.0405E-3 1.52671E-3 3.19388E-3 5.11179E-3 3.59564E-3 4.42381E-4 3.4574E-4 2.64453E-4 2.04167E-4 3.02929E-4 5.967E-4 3.78847E-4 3.80319E-4 8.12836E-4 7.84257E-4 2.69257E-3 2.88812E-3 1.27076E-3 1.07433E-3 2.11208E-3 2.36441E-3 2.33462E-3 1.54208E-3 2.97519E-3 2.93377E-3 2.46883E-3 2.04275E-3 2.6034E-3 3.68825E-3 4.01812E-3 3.41288E-3 4.30098E-3 5.53521E-3 3.11263E-3 3.32619E-3 6.28222E-3 2.42526E-3 1.5848E-3 1.79656E-3 2.15417E-3 1.81824E-3 1.18098E-3 1.19557E-3 7.9281E-4 1.10019E-3 1.03896E-3 1.08063E-3
-9999 -9999 -9999 -9999 -9999 -9999 -9999 -9999 -9999 -9999 -9999 -9999 -9999 -9999 -9999 -9999 -9999 -9999 3.49315E-6 7.56296E-6 4.95617E-5 7.08563E-4 7.07561E-4 1.24177E-3 1.3522E-3 2.88835E-3 1.56136E-3 5.00154E-4 3.19778E-4 3.57761E-4 3.12043E-4 3.21449E-4 3.82141E-4 7.78741E-4 1.6022E-3 1.9908E-3 1.93852E-3 2.37624E-3 3.46136E-4 1.78065E-4 8.81066E-5 5.8653E-4 9.77651E-4 1.80808E-3 1.32242E-3 3.96931E-3 4.599E-3 2.78354E-3 2.83998E-3 2.24198E-3 5.50119E-3 4.84295E-3 5.69819E-3 5.34696E-3 5.43162E-3 3.5991E-3 4.88317E-3 2.21264E-3 3.28959E-3 6.76991E-4 1.21329E-3 1.50878E-3 1.44017E-3 7.97013E-4 1.41867E-3 9.69142E-4 1.66012E-3 1.22629E-3 9.45988E-4
-9999 -9999 -9999 -9999 -9999 -9999 -9999 -9999 -9999 -9999 -9999 -9999 -9999 -9999 -9999 -9999 -9999 1.15847E-4 1.38554E-5 1.41155E-5 4.87502E-5 4.40671E-4 9.21068E-4 1.22207E-3 1.13379E-3 1.21099E-3 6.65729E-4 4.89497E-4 3.18478E-4 4.66462E-4 3.23359E-4 4.0135E-4 2.11145E-4 1.28677E-3 2.77719E-3 2.92621E-3 9.64347E-4 6.42922E-4 1.54106E-4 3.25978E-4 1.02908E-4 8.43858E-5 1.81254E-4 9.41338E-4 4.51721E-4 1.94967E-3 3.45167E-3 3.11856E-3 3.23939E-3 3.38528E-3 3.87207E-3 4.21783E-3 3.69317E-3 3.00113E-3 2.66403E-3 2.52029E-3 3.18905E-3 2.44132E-3 2.82166E-3 1.44434E-3 1.87843E-3 2.04328E-3 9.26812E-4 8.33876E-4 1.86237E-3 1.68566E-3 1.72362E-3 1.73614E-3 7.38647E-4
-9999 -9999 -9999 -9999 -9999 -9999 -9999 -9999 -9999 -9999 -9999 -9999 -9999 -9999 -9999 -9999 -9999 6.95357E-4 1.8072E-4 8.21398E-5 4.55492E-5 2.21214E-4 1.00049E-3 7.81858E-4 3.68073E-4 1.38798E-3 3.28788E-4 2.236E-4 3.82266E-4 4.29327E-4 4.37605E-4 3.50316E-4 4.39509E-4 1.02006E-3 3.0082E-3 2.90954E-3 9.95993E-4 3.45217E-4 1.3803E-4 2.12909E-4 1.41358E-4 7.54047E-5 1.68676E-4 2.18071E-4 5.39447E-4 1.20751E-3 4.09976E-3 4.99252E-3 4.3333E-3 2.23287E-3 3.80788E-3 5.11631E-3 3.07731E-3 3.84893E-3 2.26764E-3 2.29448E-3 5.37963E-3 3.69867E-3 3.12545E-3 1.87715E-3 1.23061E-3 5.39481E-4 6.36355E-4 1.40054E-3 1.14454E-3 1.26065E-3 1.38685E-3 2.00757E-3 2.15091E-3
-9999 -9999 -9999 -9999 -9999 -9999 -9999 -9999 -9999 -9999 -9999 -9999 -9999 -9999 -9999 -9999 -9999 4.18707E-3 2.7401E-3 5.82113E-4 4.456E-4 4.3836E-4 7.13527E-4 1.64821E-3 1.2175E-3 4.60616E-4 4.81954E-4 5.22879E-4 4.5711E-4 3.70211E-4 4.09588E-4 1.95527E-3 6.29821E-4 1.01936E-3 3.84021E-3 3.38576E-3 1.74448E-3 2.82495E-4 3.01356E-5 2.57038E-5 3.74536E-5 5.75361E-5 7.28727E-5 3.55185E-5 4.77307E-5 2.77586E-4 1.39052E-3 1.63343E-3 3.75702E-3 3.91581E-3 5.44514E-3 3.09422E-3 2.5868E-3 5.98844E-4 5.46063E-3 5.25182E-3 5.67697E-3 1.79461E-3 1.59217E-3 2.33371E-3 2.03664E-3 9.22066E-4 8.75383E-4 1.17782E-3 8.83889E-4 1.4003E-3 2.03104E-3 2.56028E-3 8.27435E-3
-9999 -9999 -9999 -9999 -9999 -9999 -9999 -9999 -9999 -9999 -9999 -9999 -9999 -9999 -9999 -9999 -9999 -9999 3.40501E-3 4.69712E-3 1.48031E-3 6.19103E-4 9.17375E-4 1.24412E-3 1.16816E-3 1.42861E-4 7.23868E-4 3.3777E-4 5.46159E-4 4.94134E-4 7.46069E-4 1.71587E-3 1.31444E-3 2.97365E-3 2.37946E-3 8.46056E-3 3.76045E-4 5.46168E-4 9.58369E-5 4.0224E-5 9.5373E-5 3.0492E-5 3.7891E-5 2.76083E-5 6.57375E-5 1.91105E-4 2.99318E-4 5.31696E-4 1.35563E-3 1.44442E-3 1.63971E-3 2.33698E-3 1.95661E-3 3.71459E-3 9.1693E-3 8.44099E-3 6.08208E-3 2.64041E-3 2.06983E-3 3.55406E-3 2.79009E-3 7.72925E-4 8.84122E-4 2.59506E-3 1.72991E-3 2.41986E-3 4.36555E-3 7.73739E-3 8.02237E-3
-9999 -9999 -9999 -9999 -9999 -9999 -9999 -9999 -9999 -9999 -9999 -9999 -9999 -9999 -9999 -9999 -9999 -9999 -9999 2.91545E-3 4.02828E-3 2.30148E-3 2.11052E-3 1.35612E-3 1.49018E-3 7.73536E-4 4.1123E-4 5.44344E-4 3.74084E-4 1.10274E-3 9.32088E-4 1.21546E-3 1.25733E-3 3.14964E-3 4.91509E-3 8.2579E-3 1.07397E-3 6.14729E-4 2.64448E-4 3.94626E-4 2.78861E-4 1.61919E-4 1.55003E-4 2.55753E-4 6.15651E-5 5.81954E-5 1.31819E-4 9.72447E-5 1.863E-4 5.68641E-4 7.67508E-4 1.25235E-3 1.14593E-3 8.51234E-3 6.98311E-3 5.37306E-3 5.01414E-3 8.57004E-4 1.70822E-3 2.23586E-3 2.18048E-3 1.82028E-3 1.5169E-3 9.85936E-4 2.0266E-3 2.79751E-3 6.86684E-3 1.26612E-2 8.81484E-3
-9999 -9999 -9999 -9999 -9999 -9999 -9999 -9999 -9999 -9999 -9999 -9999 -9999 -9999 -9999 -9999 -9999 -9999 -9999 5.95162E-4 1.72365E-3 2.33078E-3 3.55988E-3 1.1012E-3 1.04919E-3 1.69851E-3 4.54092E-4 3.97733E-4 4.63969E-4 9.06652E-4 1.42027E-3 9.56454E-4 1.29925E-3 2.78021E-3 8.03538E-3 6.06872E-3 1.23752E-3 8.95775E-4 1.22856E-3 6.2966E-4 9.34009E-4 4.48191E-4 4.23901E-4 4.14362E-4 1.46869E-4 9.51124E-5 9.17968E-5 8.30236E-5 1.19343E-4 2.81109E-4 2.9175E-4 6.84889E-4 6.0252E-4 4.12627E-3 3.23968E-3 3.89713E-3 2.12515E-3 1.46499E-3 1.57649E-3 2.88853E-3 2.52691E-3 1.59878E-3 1.96435E-3 1.31979E-3 2.359E-3 5.68008E-3 8.6935E-3 1.06635E-2 4.91428E-3
-9999 -9999 -9999 -9999 -9999 -9999 -9999 -9999 -9999 -9999 -9999 -9999 -9999 -9999 -9999 -9999 -9999 -9999 -9999 -9999 -9999 1.57736E-3 1.10349E-3 1.31473E-3 1.33872E-3 1.60621E-3 6.00289E-4 2.27034E-4 4.75907E-4 1.01319E-3 6.41859E-4 8.34621E-4 1.42885E-3 3.02115E-3 2.23521E-3 3.97163E-3 2.19373E-3 1.33809E-3 1.23194E-3 1.17673E-3 1.70869E-3 5.40499E-4 3.39535E-4 2.79328E-4 2.74143E-4 1.06059E-4 1.00268E-4 5.22093E-5 1.43123E-4 2.07649E-4 3.28245E-4 4.58164E-4 3.84222E-4 5.90967E-4 1.66533E-3 2.14822E-3 4.38504E-3 2.19591E-3 2.1566E-3 2.58831E-3 1.48554E-3 2.34525E-3 2.7581E-3 2.29823E-3 2.54325E-3 5.1982E-3 9.40006E-3 1.05105E-2 4.22084E-3
-9999 -9999 -9999 -9999 -9999 -9999 -9999 -9999 -9999 -9999 -9999 -9999 -9999 -9999 -9999 -9999 -9999 -9999 -9999 -9999 -9999 -9999 7.50049E-4 9.30069E-4 1.15337E-3 1.54376E-3 9.06547E-4 3.47624E-4 4.41505E-4 5.3026E-4 3.54332E-4 6.67176E-4 1.58421E-3 1.83905E-3 2.22782E-3 2.67986E-3 3.17706E-3 1.57046E-3 1.38464E-3 9.11312E-4 3.59778E-3 1.18584E-3 8.4499E-4 2.44126E-4 2.30917E-4 1.89701E-4 1.22872E-4 2.63849E-5 5.23435E-5 2.30472E-4 2.71155E-4 2.9075E-4 3.27945E-4 1.04319E-3 2.74973E-3 4.32925E-3 2.2933E-3 2.06114E-3 1.88638E-3 3.57431E-3 1.54195E-3 1.63584E-3 2.18902E-3 2.08771E-3 3.06555E-3 5.96861E-3 5.43942E-3 6.05669E-3 8.61908E-3
-9999 -9999 -9999 -9999 -9999 -9999 -9999 -9999 -9999 -9999 -9999 -9999 -9999 -9999 -9999 -9999 -9999 -9999 -9999 -9999 -9999 -9999 -9999 1.00691E-3 1.27233E-3 1.061E-3 9.58572E-4 4.78586E-4 9.51417E-4 1.10145E-3 9.85699E-4 8.15077E-4 9.0724E-4 1.02842E-3 2.50449E-3 9.22819E-3 5.64062E-3 1.80221E-3 1.30626E-3 2.48906E-3 5.17363E-3 1.70815E-3 1.89195E-3 8.42352E-4 1.0102E-3 3.57085E-4 4.0969E-4 1.15464E-4 2.07632E-4 1.18214E-4 1.87449E-4 2.55686E-4 2.49581E-4 1.66911E-3 1.95779E-3 4.29605E-3 3.49274E-3 2.15347E-3 1.71273E-3 2.13869E-3 1.75362E-3 9.76205E-4 1.87153E-3 1.98217E-3 2.57079E-3 3.65691E-3 3.91928E-3 1.43952E-2 1.32972E-2
-9999 -9999 -9999 -9999 -9999 -9999 -9999 -9999 -9999 -9999 -9999 -9999 -9999 -9999 -9999 -9999 -9999 -9999 -9999 -9999 -9999 -9999 -9999 7.6582E-4 7.96027E-4 1.38994E-3 9.48123E-4 1.10021E-3 6.68047E-4 1.01254E-3 1.60697E-3 9.89485E-4 1.38286E-3 1.38344E-3 6.17637E-3 2.00273E-2 1.76606E-2 1.16888E-2 5.50632E-3 2.76957E-3 4.57053E-3 4.71418E-3 1.79229E-3 3.41013E-3 4.04387E-3 3.36315E-3 1.13267E-3 3.22304E-4 1.7379E-4 2.45263E-4 3.45999E-4 2.51943E-4 6.6233E-4 3.54625E-3 8.82147E-3 3.74679E-3 5.45742E-3 4.42617E-3 1.90777E-3 1.16628E-3 7.55751E-4 1.12276E-3 3.16124E-3 4.52784E-3 3.11968E-3 2.37129E-3 6.97259E-3 1.38171E-2 2.1247E-2
-9999 -9999 -9999 -9999 -9999 -9999 -9999 -9999 -9999 -9999 -9999 -9999 -9999 -9999 -9999 -9999 -9999 -9999 -9999 -9999 -9999 -9999 -9999 -9999 1.48042E-3 1.36628E-3 6.89757E-4 4.58197E-4 2.45832E-4 2.99418E-4 6.27152E-4 7.48053E-4 9.24369E-4 1.97703E-3 4.70476E-3 1.03166E-2 1.08766E-2 6.42167E-3 6.73864E-3 5.17851E-3 3.42452E-3 1.3501E-3 1.24575E-3 9.74703E-4 2.28613E-3 1.57626E-3 1.31744E-3 1.0979E-3 1.12806E-3 5.64452E-4 8.14251E-4 9.85102E-4 3.18921E-3 5.15197E-3 7.80447E-3 2.37827E-3 4.77907E-3 3.04672E-3 2.5914E-3 7.8125E-4 5.8148E-4 8.04395E-4 3.41293E-3 5.49651E-3 2.89762E-3 2.71532E-3 1.06439E-2 1.72309E-2 3.29508E-2
-9999 -9999 -9999 -9999 -9999 -9999 -9999 -9999 -9999 -9999 -9999 -9999 -9999 -9999 -9999 -9999 -9999 -9999 -9999 -9999 -9999 -9999 -9999 -9999 -9999 -9999 -9999 -9999 3.62238E-4 5.37061E-4 4.46544E-4 7.61485E-4 1.01494E-3 1.14017E-3 2.61272E-3 4.21418E-3 1.34733E-2 1.21183E-2 9.34073E-3 9.0216E-3 6.77085E-3 6.42462E-3 2.55088E-3 1.42029E-3 1.73702E-3 6.36777E-4 1.3745E-3 3.18468E-3 6.75389E-3 2.66247E-3 2.64869E-3 4.39405E-3 4.20491E-3 3.02766E-3 3.37677E-3 3.81365E-3 5.20851E-3 7.51518E-3 2.30749E-3 2.24198E-3 1.29247E-3 1.3409E-3 1.84288E-3 2.12617E-3 5.51256E-3 7.97911E-3 1.23138E-2 1.1479E-2 3.52416E-2
-9999 -9999 -9999 -9999 -9999 -9999 -9999 -9999 -9999 -9999 -9999 -9999 -9999 -9999 -9999 -9999 -9999 -9999 -9999 -9999 -9999 -9999 -9999 -9999 -9999 -9999 -9999 -9999 -9999 -9999 -9999 -9999 -9999 -9999 2.62661E-3 5.59491E-3 1.26023E-2 1.29461E-2 1.15558E-2 2.06328E-2 1.37009E-2 1.10225E-2 4.58624E-3 1.84986E-3 2.82955E-3 1.42896E-3 3.70172E-3 4.17588E-3 5.52907E-3 5.35574E-3 7.06971E-3 1.25306E-2 8.42995E-3 3.06108E-3 2.62952E-3 4.29132E-3 4.62058E-3 4.59324E-3 3.29551E-3 4.75415E-3 2.25367E-3 2.07788E-3 1.84895E-3 1.14323E-3 3.91492E-3 7.07202E-3 4.00296E-3 1.20578E-2 2.19662E-2
-9999 -9999 -9999 -9999 -9999 -9999 -9999 -9999 -9999 -9999 -9999 -9999 -9999 -9999 -9999 -9999 -9999 -9999 -9999 -9999 -9999 -9999 -9999 -9999 -9999 -9999 -9999 -9999 -9999 -9999 -9999 -9999 -9999 -9999 -9999 -9999 -9999 1.74311E-2 2.57486E-2 2.08702E-2 1.62324E-2 1.41078E-2 1.40401E-2 3.46089E-3 3.69169E-3 3.62961E-3 4.90723E-3 6.82873E-3 1.32224E-2 1.13056E-2 8.40818E-3 1.41093E-2 1.21956E-2 2.78004E-3 2.96523E-3 5.22218E-3 3.50521E-3 3.74616E-3 3.49054E-3 5.36818E-3 6.93684E-3 3.18309E-3 4.7753E-3 2.92397E-3 5.34513E-3 1.48163E-2 1.05506E-2 2.16516E-2 3.82722E-2
