ENM/Final_Models/M_0.8_F_q_Set_1_EC/Gustavia_santanderiensis_2_Choco_clamping.asc
ncols         367
nrows         963
xllcorner     -78.6
yllcorner     0.65
cellsize      0.00833333333333323
NODATA_value  -9999
[rows 768 to 799 of 963, columns 71 to 141 of 367]
5.29667E-2 4.90672E-2 9.4974E-2 6.73762E-2 9.28507E-2 8.28161E-2 7.07763E-2 5.8054E-2 6.12488E-2 2.83038E-2 4.55158E-2 3.64003E-2 4.26051E-2 4.67774E-2 2.70265E-2 3.91692E-2 3.1612E-2 4.77158E-2 8.03985E-2 8.00089E-2 9.30042E-2 7.23575E-2 6.23195E-2 2.10466E-1 3.90711E-2 3.41713E-2 2.45717E-2 3.69612E-2 3.649E-2 9.21009E-3 9.04582E-3 2.72807E-2 2.80686E-2 4.57787E-2 1.58061E-2 5.07193E-2 9.00331E-2 5.37599E-2 6.95776E-2 2.02955E-2 2.22331E-1 2.18501E-1 3.07936E-1 1.92889E-1 8.3132E-2 1.36474E-1 1.3444E-1 9.90718E-2 0E0 4.11908E-3 0E0 0E0 0E0 0E0 0E0 0E0 0E0 0E0 0E0 0E0 0E0 0E0 0E0 0E0 0E0 0E0 0E0 0E0 0E0 0E0 0E0
5.1563E-2 1.29266E-1 1.14311E-1 1.53446E-1 4.98029E-2 3.03286E-2 3.7103E-2 1.43466E-1 1.25539E-1 3.73486E-2 1.30341E-2 1.16685E-2 1.21666E-1 1.28944E-1 2.79188E-2 2.42331E-2 2.95835E-2 3.16134E-2 1.54345E-1 1.5645E-1 1.752E-1 8.42828E-2 7.58658E-2 1.68017E-1 1.13909E-1 9.70713E-2 1.30312E-1 9.83899E-2 6.08204E-2 5.20538E-3 7.61311E-3 2.08291E-2 4.82098E-2 2.75361E-2 2.2911E-2 1.75686E-2 2.32326E-2 2.00657E-2 5.92957E-2 8.84519E-2 3.0157E-1 4.79565E-2 5.77247E-2 2.50966E-1 1.12119E-1 8.917E-2 1.27437E-1 1.71601E-1 7.55688E-2 1.90759E-2 2.20969E-2 6.38171E-3 0E0 0E0 0E0 0E0 0E0 0E0 0E0 0E0 0E0 0E0 0E0 0E0 0E0 0E0 0E0 0E0 0E0 0E0 0E0
6.91578E-2 6.40885E-2 6.35026E-2 3.85014E-2 6.66004E-2 7.80099E-2 7.88184E-2 1.24007E-1 8.99933E-2 8.99456E-2 1.54448E-2 8.02945E-3 4.32206E-2 6.58156E-2 1.1818E-1 3.83689E-2 3.19159E-2 2.93976E-2 6.15936E-2 1.48763E-1 1.39239E-1 1.76659E-1 9.05616E-2 3.32254E-2 3.7465E-2 6.35775E-2 9.89158E-2 3.69078E-2 6.01378E-3 8.71355E-3 1.57058E-2 1.87939E-2 2.24401E-2 2.47938E-2 2.096E-2 4.08492E-2 2.65738E-2 2.41438E-2 3.75013E-2 5.49223E-2 1.55756E-2 5.64572E-2 9.81528E-2 9.65983E-2 8.22955E-2 1.09953E-1 6.93456E-2 1.24518E-1 6.64388E-2 6.04417E-2 1.95255E-2 2.98329E-3 0E0 0E0 0E0 0E0 0E0 0E0 0E0 0E0 0E0 0E0 0E0 0E0 0E0 0E0 0E0 0E0 0E0 0E0 0E0
4.58059E-2 3.26592E-2 8.63152E-2 6.91596E-2 9.94245E-2 9.14794E-2 1.13608E-1 7.01336E-2 1.28057E-1 8.71807E-2 9.69397E-2 1.69626E-2 2.99119E-2 6.69994E-2 1.39021E-1 6.75486E-2 3.43154E-2 3.60906E-2 4.5077E-2 9.02229E-2 8.67288E-2 1.25115E-1 1.04789E-1 3.39802E-2 8.27994E-2 1.19999E-1 1.17099E-1 2.40604E-2 5.24304E-2 2.013E-2 4.21467E-3 8.0385E-3 7.77202E-3 9.20392E-3 9.24668E-3 2.07856E-2 3.66433E-2 2.25738E-2 6.41843E-2 5.75131E-2 6.0032E-2 3.9127E-2 9.31299E-2 8.04727E-2 1.77004E-2 4.16839E-2 2.21158E-2 5.73446E-2 3.16163E-2 1.71545E-2 1.22366E-3 0E0 0E0 0E0 0E0 0E0 0E0 0E0 0E0 0E0 0E0 0E0 0E0 0E0 0E0 0E0 0E0 0E0 0E0 0E0 0E0
6.61252E-2 5.20384E-2 1.04172E-1 4.2775E-2 8.95427E-2 8.34273E-2 8.72193E-2 8.94553E-2 5.57739E-2 1.52971E-1 1.05604E-1 2.82692E-2 2.14321E-2 5.71543E-2 6.84978E-2 1.22934E-1 7.40567E-2 4.51536E-2 3.33678E-2 4.71955E-2 6.12438E-2 1.15395E-1 1.29612E-1 8.12632E-2 2.28793E-1 1.36689E-1 4.70937E-2 1.39143E-2 5.50679E-2 2.39789E-2 7.69346E-3 5.2501E-3 2.86749E-3 8.47555E-3 6.06085E-3 2.48085E-2 9.81768E-2 6.00016E-2 6.3701E-2 1.0517E-1 5.99283E-2 5.70019E-2 1.16903E-1 4.67631E-2 1.19716E-1 9.9892E-2 4.38376E-2 5.58551E-2 4.66518E-2 5.90103E-3 0E0 0E0 0E0 0E0 0E0 0E0 0E0 0E0 0E0 0E0 0E0 0E0 0E0 0E0 0E0 0E0 0E0 0E0 0E0 0E0 0E0
4.1907E-2 2.40884E-2 1.51617E-1 9.30665E-2 1.25844E-1 1.06871E-1 1.31995E-1 1.22992E-1 1.13202E-1 8.04716E-2 9.05484E-2 5.3312E-2 1.85626E-2 2.9685E-2 4.57788E-2 6.28656E-2 5.70102E-2 5.86035E-2 6.04848E-2 8.45301E-2 5.42394E-2 1.22142E-1 5.26678E-2 1.00988E-1 1.27793E-1 1.14855E-1 5.51208E-2 3.63645E-2 4.59104E-2 5.55546E-2 1.70811E-2 5.17643E-3 8.27941E-3 2.73182E-3 2.15641E-3 2.61196E-2 4.91306E-2 1.16342E-1 5.19549E-2 3.07569E-2 4.62435E-2 3.10281E-2 7.10053E-2 5.74822E-2 8.42538E-2 1.2791E-1 7.37086E-2 8.46E-2 0E0 0E0 0E0 0E0 0E0 0E0 0E0 0E0 0E0 0E0 0E0 0E0 0E0 0E0 0E0 0E0 0E0 0E0 0E0 0E0 0E0 0E0 0E0
3.91435E-2 5.3007E-2 8.63737E-2 1.07025E-1 1.07407E-1 1.28652E-1 8.7005E-2 1.33727E-1 1.18862E-1 1.05174E-1 7.42034E-2 1.05052E-1 6.59304E-2 8.57494E-3 4.72227E-2 6.74198E-2 3.33513E-2 7.0213E-2 6.53826E-2 6.77581E-2 6.15366E-2 9.67769E-2 8.25193E-2 1.21516E-1 1.2711E-1 1.39656E-1 2.15877E-1 2.47977E-1 2.10059E-2 3.33572E-2 1.94318E-2 7.2837E-3 5.82356E-2 8.68467E-3 1.61085E-2 2.23684E-2 1.90491E-2 3.86683E-2 1.97455E-2 5.31421E-3 1.85877E-2 2.94268E-2 9.31356E-2 1.34937E-1 1.49395E-1 1.03302E-1 1.13501E-1 0E0 0E0 0E0 0E0 0E0 0E0 0E0 0E0 0E0 0E0 0E0 0E0 0E0 0E0 0E0 0E0 0E0 0E0 0E0 0E0 0E0 0E0 0E0 0E0
3.75523E-2 6.65418E-2 5.19798E-2 8.67545E-2 1.25406E-1 7.73801E-2 1.04653E-1 1.46206E-1 9.81916E-2 1.24003E-1 1.30473E-1 5.16358E-2 7.7079E-2 2.71598E-2 3.92812E-2 3.85891E-2 5.83626E-2 7.31505E-2 6.93908E-2 8.41315E-2 6.19003E-2 4.54775E-2 5.02444E-2 9.91447E-2 1.94474E-1 1.58275E-1 2.00448E-1 2.12948E-1 1.88357E-1 7.00592E-2 1.33903E-2 2.52238E-3 2.6201E-2 6.39769E-2 1.22138E-2 7.94564E-2 5.68129E-2 9.22549E-3 6.8441E-3 1.28031E-2 4.30774E-2 5.71006E-2 4.73337E-2 6.41537E-2 6.71015E-2 1.91121E-1 2.15454E-1 1.03549E-1 0E0 0E0 0E0 0E0 0E0 0E0 0E0 0E0 0E0 0E0 0E0 0E0 0E0 0E0 0E0 0E0 0E0 0E0 0E0 0E0 0E0 0E0 0E0
4.80663E-2 2.65033E-2 4.50839E-2 1.05853E-1 1.6468E-1 1.10785E-1 1.218E-1 1.29823E-1 1.75664E-1 1.43651E-1 1.27464E-1 3.5103E-2 3.33736E-2 2.17982E-2 2.31507E-2 6.1648E-2 6.3603E-2 5.73781E-2 1.50967E-1 2.57995E-1 2.01063E-1 7.65586E-2 9.13755E-2 2.52058E-1 2.60931E-1 1.86138E-1 1.78111E-1 5.3788E-2 9.87711E-3 3.20241E-2 1.07451E-2 4.23823E-2 9.66947E-2 2.11507E-2 4.53573E-2 3.75506E-2 1.35638E-2 3.96032E-2 8.28089E-2 8.27065E-2 9.81289E-2 6.68244E-2 1.03401E-1 1.12562E-1 1.02823E-1 1.08799E-1 9.84714E-2 1.08998E-1 0E0 0E0 0E0 0E0 0E0 0E0 0E0 0E0 0E0 0E0 0E0 0E0 0E0 0E0 0E0 0E0 0E0 0E0 0E0 0E0 0E0 0E0 0E0
5.79211E-2 5.13449E-2 6.59841E-2 8.73121E-2 1.4518E-1 1.14259E-1 1.11378E-1 1.1807E-1 1.15047E-1 1.00298E-1 9.74895E-2 3.04091E-2 3.39786E-2 2.93876E-2 1.70435E-2 4.93808E-2 4.73767E-2 1.21565E-1 8.29899E-2 1.61202E-1 2.50208E-1 2.28656E-1 1.42839E-1 6.64027E-2 8.89643E-2 1.9824E-1 1.76453E-1 6.29353E-2 6.59754E-2 5.99673E-2 6.82265E-2 1.97835E-2 1.54683E-2 8.77395E-2 1.53776E-1 5.46883E-2 3.9934E-2 1.19594E-1 2.19566E-1 2.91539E-1 2.66157E-1 2.55943E-1 2.22407E-1 1.29089E-2 6.00883E-2 1.73067E-2 0E0 1.20391E-1 0E0 0E0 0E0 0E0 0E0 0E0 0E0 0E0 0E0 0E0 0E0 0E0 0E0 0E0 0E0 0E0 0E0 0E0 0E0 0E0 0E0 0E0 0E0
9.29097E-2 7.2028E-2 1.51829E-1 1.07005E-1 1.20237E-1 1.36961E-1 1.44169E-1 7.62461E-2 5.91371E-2 8.02445E-2 7.6555E-2 4.74017E-2 8.23888E-2 1.1067E-1 5.51306E-2 3.6556E-2 4.7628E-2 4.10007E-2 7.30078E-2 9.42002E-2 1.43382E-1 1.56423E-1 9.27786E-2 6.6931E-2 6.75882E-2 1.1127E-1 7.09724E-2 9.85513E-2 5.86094E-2 2.32133E-2 3.94646E-2 5.917E-2 7.06655E-2 7.79872E-2 1.55076E-1 1.23539E-1 1.28238E-1 8.80952E-2 2.24108E-1 2.63968E-1 2.47944E-1 1.5304E-1 1.14138E-1 1.31568E-1 6.23232E-2 5.23653E-2 4.41857E-2 5.89766E-2 0E0 0E0 0E0 0E0 0E0 0E0 0E0 0E0 0E0 0E0 0E0 0E0 0E0 0E0 0E0 0E0 0E0 0E0 0E0 0E0 0E0 0E0 0E0
1.1225E-1 6.9555E-2 1.20083E-1 1.20274E-1 1.47009E-1 9.45913E-2 6.48512E-2 7.89416E-2 1.34411E-1 8.04645E-2 4.7869E-2 5.63987E-2 1.01169E-1 7.91069E-2 2.99216E-2 2.89992E-2 3.70481E-2 3.79865E-2 7.43219E-2 5.17706E-2 8.08336E-2 2.36858E-1 2.27783E-1 1.65613E-1 1.36279E-1 9.44199E-2 7.63432E-2 6.0201E-2 2.39849E-2 5.35355E-2 1.40525E-1 5.11341E-2 7.87854E-2 8.72275E-2 1.32374E-1 1.2546E-1 1.07748E-1 1.67727E-1 2.20882E-1 2.47164E-1 2.31059E-1 1.15219E-1 8.92583E-2 5.22318E-2 0E0 0E0 4.17743E-2 2.86189E-2 0E0 0E0 0E0 0E0 0E0 0E0 0E0 0E0 0E0 0E0 0E0 0E0 0E0 0E0 0E0 0E0 0E0 0E0 0E0 0E0 0E0 0E0 0E0
8.48673E-2 1.24085E-1 1.27578E-1 9.85837E-2 1.20685E-1 3.85723E-2 7.35606E-2 8.12623E-2 1.33928E-1 1.00283E-1 5.04242E-2 4.14156E-2 1.4377E-1 1.40971E-1 1.73001E-1 5.55161E-2 7.93463E-2 7.20127E-3 2.97925E-2 4.02302E-2 5.23449E-2 2.2683E-1 2.36248E-1 2.38213E-1 1.25684E-1 1.51362E-1 1.39164E-1 6.08383E-2 4.05775E-2 3.55079E-2 7.31927E-2 1.65929E-1 8.4067E-2 9.04246E-2 1.57677E-1 1.03784E-1 1.45182E-1 1.46634E-1 2.2432E-1 2.50227E-1 2.14021E-1 0E0 0E0 0E0 9.7205E-2 7.44061E-2 1.76939E-2 0E0 0E0 0E0 0E0 0E0 0E0 0E0 0E0 0E0 0E0 0E0 0E0 0E0 0E0 0E0 0E0 0E0 0E0 0E0 0E0 0E0 0E0 0E0 0E0
1.15996E-1 9.5864E-2 4.71812E-2 1.15471E-1 9.13699E-2 7.09874E-2 1.48858E-1 1.41269E-1 1.28973E-1 1.25522E-1 6.51104E-2 4.15942E-2 1.14413E-1 6.43371E-2 1.38385E-1 1.47974E-1 1.39254E-1 4.49926E-2 2.80091E-2 2.03585E-2 3.44457E-2 1.21746E-1 1.2368E-1 3.73348E-2 9.69119E-2 9.70431E-2 1.10321E-1 2.12204E-2 1.03675E-2 1.76888E-2 8.09199E-2 8.60641E-2 1.04026E-1 8.12903E-2 1.04631E-1 2.08236E-1 2.3701E-1 1.31397E-1 1.24631E-1 1.3062E-1 0E0 0E0 8.66518E-3 1.26127E-2 0E0 0E0 0E0 0E0 0E0 0E0 0E0 0E0 0E0 0E0 0E0 0E0 0E0 0E0 0E0 0E0 0E0 0E0 0E0 0E0 0E0 0E0 0E0 0E0 0E0 0E0 0E0
1.31129E-1 1.61118E-1 9.88715E-2 6.81754E-2 1.11986E-1 6.90379E-2 1.15288E-1 1.17948E-1 1.40756E-1 1.48574E-1 1.48566E-1 6.04625E-2 4.61371E-2 1.44293E-1 1.37889E-1 1.75126E-1 2.66221E-1 5.57197E-2 5.10242E-2 4.7087E-2 5.69642E-2 2.22532E-2 6.44067E-2 8.05407E-2 4.59953E-2 4.24122E-2 6.12203E-2 7.31855E-2 2.8209E-2 1.83943E-2 6.27471E-2 6.12424E-2 1.05156E-1 1.09085E-1 1.59327E-1 2.43615E-1 2.30123E-1 1.43892E-1 2.15134E-1 1.97077E-1 3.40435E-2 0E0 3.35582E-2 1.30311E-1 1.24977E-1 5.75386E-2 1.61985E-2 6.1585E-3 0E0 0E0 0E0 0E0 0E0 0E0 0E0 0E0 0E0 0E0 0E0 0E0 0E0 0E0 0E0 0E0 0E0 0E0 0E0 0E0 0E0 0E0 0E0
1.0902E-1 1.20986E-1 1.28086E-1 7.34119E-2 5.34058E-2 1.24859E-1 6.5743E-2 9.29611E-2 9.64395E-2 8.92681E-2 8.42692E-2 1.39394E-1 6.10288E-2 5.21769E-2 6.18024E-2 1.23642E-1 1.36235E-1 3.84535E-2 9.54128E-2 6.29078E-2 6.05667E-2 4.08219E-2 1.11283E-2 1.58343E-2 2.13046E-2 3.48292E-2 7.07076E-2 1.21212E-1 9.48542E-2 3.39648E-2 6.01209E-2 6.20924E-2 1.57551E-1 1.66156E-1 1.68172E-1 2.41473E-1 2.972E-1 8.8249E-2 6.94003E-2 3.80529E-2 1.65271E-2 0E0 4.86824E-2 9.71824E-2 3.58085E-2 0E0 6.87036E-3 0E0 0E0 1.55535E-3 8.37095E-3 2.53416E-2 0E0 0E0 0E0 0E0 0E0 0E0 0E0 0E0 0E0 0E0 0E0 0E0 0E0 0E0 0E0 0E0 0E0 0E0 0E0
4.44728E-2 5.83811E-2 5.32132E-2 1.27344E-1 1.65476E-1 1.03749E-1 1.14448E-1 1.10504E-1 1.12241E-1 1.19056E-1 8.22853E-2 9.20102E-2 1.16974E-1 7.65089E-2 5.77333E-2 8.19002E-2 1.17213E-1 1.34335E-1 5.87682E-2 4.30245E-2 3.45633E-2 3.8574E-2 1.21826E-2 7.76337E-3 9.11909E-3 1.79454E-2 2.24768E-2 7.58625E-2 4.4304E-2 1.8048E-2 4.5659E-2 4.96686E-2 1.31776E-1 1.465E-1 1.5609E-1 1.96371E-1 2.417E-1 1.90178E-1 1.05783E-1 1.08434E-1 7.55573E-2 1.1071E-1 7.47487E-2 0E0 6.92961E-2 5.18245E-2 1.46931E-2 0E0 0E0 0E0 3.04942E-2 1.32321E-2 0E0 0E0 0E0 0E0 0E0 0E0 0E0 0E0 0E0 0E0 0E0 0E0 0E0 0E0 0E0 0E0 0E0 0E0 0E0
1.08731E-1 9.41306E-2 6.06664E-2 1.2792E-1 2.68847E-1 2.36027E-1 9.96004E-2 1.19575E-1 1.15857E-1 1.17207E-1 8.98827E-2 1.1343E-1 1.1454E-1 1.37323E-1 1.27812E-1 1.68524E-1 7.77784E-2 2.06463E-1 1.24362E-1 8.30728E-2 6.94081E-2 5.84746E-2 1.72388E-2 9.78997E-3 1.52787E-2 2.16037E-2 2.6542E-2 2.84936E-2 2.90129E-2 2.06364E-2 3.13842E-2 6.14479E-2 6.19076E-2 1.23731E-1 9.81044E-2 1.35124E-1 1.19046E-1 2.07301E-1 5.44585E-2 6.87533E-2 6.55182E-2 1.26788E-1 1.03132E-1 5.64144E-3 0E0 0E0 0E0 0E0 0E0 0E0 0E0 0E0 0E0 0E0 0E0 0E0 0E0 0E0 0E0 0E0 0E0 0E0 0E0 0E0 0E0 0E0 0E0 0E0 0E0 0E0 0E0
1.30503E-1 1.24685E-1 1.4758E-1 1.30151E-1 2.5109E-1 2.05198E-1 1.51244E-1 7.83545E-2 9.98399E-2 1.483E-1 1.70553E-1 8.13201E-2 1.90217E-1 2.01715E-1 1.42283E-1 1.02443E-1 1.29594E-1 1.83541E-1 2.83972E-1 1.43517E-1 1.58146E-1 8.53762E-2 4.05735E-2 4.84842E-3 1.00843E-2 2.78992E-2 1.60534E-2 1.72052E-2 1.83012E-2 3.35493E-2 2.48129E-2 3.53041E-2 3.96267E-2 2.95146E-2 4.68647E-2 1.20752E-1 2.04582E-1 2.58003E-1 2.17695E-1 2.31128E-1 5.56996E-3 6.88027E-2 4.68922E-2 5.64316E-2 0E0 0E0 0E0 0E0 0E0 0E0 0E0 0E0 0E0 0E0 0E0 0E0 0E0 0E0 0E0 0E0 0E0 0E0 0E0 0E0 0E0 0E0 0E0 0E0 0E0 0E0 0E0
1.47173E-1 1.32043E-1 1.49044E-1 1.67682E-1 2.23788E-1 7.65924E-2 1.45614E-1 1.41294E-1 8.30585E-2 2.05421E-1 4.08336E-2 1.74417E-1 1.44741E-1 1.57306E-1 1.7371E-1 1.42637E-1 9.24523E-2 1.10043E-1 2.46879E-1 2.19558E-1 1.35571E-1 1.07396E-1 8.72375E-2 6.00488E-3 6.1063E-3 2.12657E-2 1.69235E-2 3.83864E-2 1.54758E-2 3.4721E-2 3.66324E-2 1.46507E-2 1.48271E-2 3.15839E-2 1.69647E-2 2.52061E-1 2.55896E-1 1.98683E-1 1.24957E-1 9.11866E-2 1.03138E-2 2.65687E-2 1.01614E-2 0E0 0E0 0E0 0E0 0E0 0E0 0E0 0E0 0E0 0E0 0E0 0E0 0E0 0E0 0E0 0E0 0E0 0E0 0E0 0E0 0E0 0E0 0E0 0E0 0E0 0E0 0E0 0E0
2.12523E-1 2.32866E-1 1.55821E-1 2.35039E-1 9.12785E-2 1.21918E-1 7.28618E-2 9.38162E-2 2.11936E-1 1.99709E-1 8.38238E-2 1.75352E-1 1.3571E-1 1.43188E-1 1.18939E-1 2.33663E-1 1.37116E-1 1.32387E-1 9.65933E-2 1.41957E-1 2.29452E-1 7.91917E-2 1.15524E-2 1.31609E-2 1.51324E-2 8.31598E-2 8.19124E-2 2.30272E-2 3.2761E-2 2.78768E-2 4.66698E-2 1.44086E-2 2.67943E-2 6.92747E-2 4.84342E-2 2.38375E-1 1.88576E-1 8.10259E-3 0E0 0E0 0E0 0E0 0E0 0E0 0E0 0E0 0E0 0E0 0E0 0E0 0E0 0E0 0E0 0E0 0E0 0E0 0E0 0E0 0E0 0E0 0E0 0E0 0E0 0E0 0E0 0E0 0E0 0E0 0E0 0E0 0E0
1.88573E-1 2.50205E-1 1.60936E-1 7.46072E-2 8.59025E-2 1.53625E-1 1.52407E-1 1.3275E-1 8.908E-2 5.70238E-2 3.83506E-2 4.69969E-2 1.7094E-1 2.44539E-1 2.4027E-1 2.06418E-1 2.94819E-1 1.80944E-1 1.88575E-1 1.91839E-1 1.6875E-1 2.77121E-2 4.50501E-2 1.98637E-2 3.28166E-2 2.7558E-2 2.6205E-2 2.80206E-2 2.39125E-2 9.65513E-3 3.29295E-2 6.09553E-2 4.37166E-2 1.41402E-1 1.2415E-1 1.09853E-1 4.5211E-2 4.3306E-2 0E0 0E0 0E0 0E0 0E0 0E0 0E0 0E0 0E0 0E0 0E0 0E0 0E0 0E0 0E0 0E0 0E0 0E0 0E0 0E0 0E0 0E0 0E0 0E0 0E0 0E0 0E0 0E0 0E0 0E0 0E0 0E0 0E0
1.66168E-1 1.46654E-1 1.72602E-1 2.08347E-1 1.6382E-1 1.8548E-1 1.26669E-1 1.23558E-1 1.35049E-1 2.74204E-2 6.6556E-2 6.1E-2 1.88418E-1 2.15894E-1 2.23209E-1 2.26651E-1 1.1839E-1 2.28746E-1 1.82029E-1 9.67838E-2 1.30955E-1 7.47705E-2 6.98154E-2 3.14946E-2 2.6193E-2 1.84799E-2 2.30821E-2 5.29458E-2 4.8726E-2 6.55826E-2 5.34346E-2 6.80311E-2 1.35218E-1 1.23125E-1 1.4731E-1 9.31199E-2 3.89899E-2 1.74642E-2 0E0 0E0 0E0 0E0 0E0 0E0 0E0 0E0 0E0 0E0 0E0 0E0 0E0 0E0 0E0 0E0 0E0 0E0 0E0 0E0 0E0 0E0 0E0 0E0 0E0 0E0 0E0 0E0 0E0 0E0 0E0 0E0 0E0
1.16409E-1 1.14959E-1 6.31119E-2 1.35998E-1 9.37341E-2 2.44116E-1 2.17916E-1 1.27984E-1 1.14538E-1 2.37222E-2 5.16181E-2 6.32783E-2 1.87663E-1 1.99677E-1 1.67932E-1 2.90185E-1 1.85206E-1 1.64092E-1 2.11032E-1 6.48945E-2 5.86803E-2 4.78443E-2 1.15504E-1 1.49908E-1 3.4934E-2 4.11121E-2 1.41135E-2 1.87043E-2 1.79639E-2 1.14538E-2 1.8589E-2 2.81971E-2 2.66426E-2 7.61847E-2 1.37115E-1 2.63107E-2 0E0 0E0 0E0 0E0 0E0 0E0 0E0 0E0 0E0 0E0 0E0 0E0 0E0 0E0 0E0 0E0 0E0 0E0 0E0 0E0 0E0 0E0 0E0 0E0 0E0 0E0 0E0 0E0 0E0 0E0 0E0 0E0 0E0 0E0 0E0
1.63114E-1 1.58171E-1 1.05622E-1 1.43569E-1 1.55876E-1 1.97894E-1 1.28796E-1 1.48364E-1 2.04089E-1 4.49153E-2 3.94966E-2 1.15437E-1 2.83449E-1 2.56072E-1 2.78849E-1 2.5482E-1 2.05599E-1 1.70091E-1 1.86049E-1 4.59066E-2 2.91258E-2 5.84099E-2 9.1252E-2 8.8948E-2 2.40817E-2 3.95134E-2 1.51156E-2 2.48311E-2 4.24893E-2 3.98769E-2 1.06805E-1 8.46757E-2 1.05363E-1 8.65177E-2 1.07018E-1 8.79649E-2 0E0 0E0 0E0 0E0 0E0 0E0 0E0 0E0 0E0 0E0 0E0 0E0 0E0 0E0 0E0 0E0 0E0 0E0 0E0 0E0 0E0 0E0 0E0 0E0 0E0 0E0 0E0 0E0 0E0 0E0 0E0 0E0 0E0 0E0 0E0
1.434E-1 2.00307E-1 1.45011E-1 9.88135E-2 6.63754E-2 2.96952E-1 1.57021E-1 7.75387E-2 1.52414E-1 2.48162E-1 1.49874E-1 1.75908E-1 2.76926E-1 1.88075E-1 1.98713E-1 1.76482E-1 2.31275E-1 2.24397E-1 1.2538E-1 2.00824E-1 2.0037E-1 2.00963E-1 1.28964E-1 6.32246E-2 8.84462E-2 5.46655E-2 4.84733E-2 3.51515E-2 9.19228E-2 6.24295E-2 1.97209E-1 1.93788E-1 1.2094E-1 8.54918E-2 2.38084E-2 5.54558E-3 0E0 0E0 0E0 0E0 0E0 0E0 0E0 0E0 0E0 0E0 0E0 0E0 0E0 0E0 0E0 0E0 0E0 0E0 0E0 0E0 0E0 0E0 0E0 0E0 0E0 0E0 0E0 0E0 0E0 0E0 0E0 0E0 0E0 0E0 0E0
1.45253E-1 2.39412E-1 2.63748E-1 2.15874E-1 1.58278E-1 1.81763E-1 1.78219E-1 1.24749E-1 2.22647E-1 2.05684E-1 1.98487E-1 2.72781E-1 3.21741E-1 2.23041E-1 2.56284E-1 2.48417E-1 2.23278E-1 1.05763E-1 2.38555E-1 1.16576E-1 1.11818E-1 1.0754E-1 6.81957E-2 8.51917E-2 9.96663E-2 8.3842E-2 1.51674E-1 1.20569E-1 1.01446E-1 1.85377E-1 1.7413E-1 1.18356E-1 9.59544E-2 1.37176E-1 6.70615E-2 1.40367E-1 0E0 0E0 0E0 0E0 0E0 0E0 0E0 0E0 0E0 0E0 0E0 0E0 0E0 0E0 0E0 0E0 0E0 0E0 0E0 0E0 0E0 0E0 0E0 0E0 0E0 0E0 0E0 0E0 0E0 0E0 0E0 0E0 0E0 0E0 0E0
1.2667E-1 1.90257E-1 2.07732E-1 2.5683E-1 2.07557E-1 8.20125E-2 1.70671E-1 2.77174E-1 2.64094E-1 3.34144E-1 3.41691E-1 3.41524E-1 3.28642E-1 2.35784E-1 2.45583E-1 3.02154E-1 2.39476E-1 1.69325E-1 1.54645E-1 2.13685E-1 1.30171E-1 1.75587E-1 1.30705E-1 7.83287E-2 8.02649E-2 1.07871E-1 9.98622E-2 9.99484E-2 1.08812E-1 1.22399E-1 1.03275E-1 8.36839E-2 1.51108E-1 1.52362E-1 1.26857E-1 9.32323E-2 2.02531E-2 0E0 0E0 0E0 0E0 0E0 0E0 0E0 0E0 0E0 0E0 0E0 0E0 0E0 0E0 0E0 0E0 0E0 0E0 0E0 0E0 0E0 0E0 0E0 0E0 0E0 0E0 0E0 0E0 0E0 0E0 0E0 0E0 0E0 0E0
2.24907E-1 1.37438E-1 2.44192E-1 3.02363E-1 2.8388E-1 2.92752E-1 2.12085E-1 2.6486E-1 2.82774E-1 3.66788E-1 3.3187E-1 3.03021E-1 3.35676E-1 3.49141E-1 3.29328E-1 2.43999E-1 1.95596E-1 3.25346E-1 2.58426E-1 1.69388E-1 1.26099E-1 1.76359E-1 2.01849E-1 5.65627E-2 1.11847E-1 1.52622E-1 9.85551E-2 1.0043E-1 8.51166E-2 6.89981E-2 8.69409E-2 2.19963E-1 2.03424E-1 1.5448E-1 9.0853E-2 1.35241E-2 0E0 0E0 0E0 0E0 0E0 0E0 0E0 0E0 0E0 0E0 0E0 0E0 0E0 0E0 0E0 0E0 0E0 0E0 0E0 0E0 0E0 0E0 0E0 0E0 0E0 0E0 0E0 0E0 0E0 0E0 0E0 0E0 0E0 0E0 0E0
1.22712E-1 1.44526E-1 2.12807E-1 3.29391E-1 3.12558E-1 2.69766E-1 3.40923E-1 2.89496E-1 3.38521E-1 2.87994E-1 2.65984E-1 3.14047E-1 2.31097E-1 2.50043E-1 2.53157E-1 2.60825E-1 2.10906E-1 1.63048E-1 1.89449E-1 1.22991E-1 1.81254E-1 1.52696E-1 8.24068E-2 7.31224E-2 8.73414E-2 1.57566E-1 1.09603E-1 1.01349E-1 5.83974E-2 1.18788E-1 1.86359E-1 2.1538E-1 2.29421E-1 3.63981E-2 3.97502E-2 0E0 0E0 0E0 0E0 0E0 0E0 0E0 0E0 0E0 0E0 0E0 0E0 0E0 0E0 0E0 0E0 0E0 0E0 0E0 0E0 0E0 0E0 0E0 0E0 0E0 0E0 0E0 0E0 0E0 0E0 0E0 0E0 0E0 0E0 0E0 0E0
1.41986E-1 1.91061E-1 2.19711E-1 1.90523E-1 3.14535E-1 3.37619E-1 2.95401E-1 3.46659E-1 3.74004E-1 3.02012E-1 2.9097E-1 2.65221E-1 3.0548E-1 3.01533E-1 2.51265E-1 2.56855E-1 2.15882E-1 1.5778E-1 2.06439E-1 1.77251E-1 2.03973E-1 2.08396E-1 1.74063E-1 1.79542E-1 1.11208E-1 9.46209E-2 1.21849E-1 1.51611E-1 2.2115E-2 1.46857E-1 2.23508E-1 1.81448E-1 1.94706E-1 2.94542E-2 4.35164E-2 0E0 0E0 0E0 0E0 0E0 0E0 0E0 0E0 0E0 0E0 0E0 0E0 0E0 0E0 0E0 0E0 0E0 0E0 0E0 0E0 0E0 0E0 0E0 0E0 0E0 0E0 0E0 0E0 0E0 0E0 0E0 0E0 0E0 0E0 0E0 0E0
1.80281E-1 1.82248E-1 1.47322E-1 1.83051E-1 3.45514E-1 3.68921E-1 1.80484E-1 3.64807E-1 3.81908E-1 3.83297E-1 3.32624E-1 3.0148E-1 2.64962E-1 2.40385E-1 2.24618E-1 3.00924E-1 3.13391E-1 2.26973E-1 1.88251E-1 2.88498E-1 1.33674E-1 1.58826E-1 1.55098E-1 1.06105E-1 1.81614E-1 7.36669E-2 1.05963E-1 7.65551E-2 3.13645E-2 1.63584E-1 2.07377E-1 1.92778E-1 1.54362E-1 1.25486E-1 1.45076E-1 0E0 0E0 0E0 0E0 0E0 0E0 0E0 0E0 0E0 0E0 0E0 0E0 0E0 0E0 0E0 0E0 0E0 0E0 0E0 0E0 0E0 0E0 0E0 0E0 0E0 0E0 0E0 0E0 0E0 0E0 0E0 0E0 0E0 0E0 0E0 0E0
