ENM/Final_Models/M_0.8_F_q_Set_1_EC/Gustavia_santanderiensis_6_Choco.asc
ncols         367
nrows         963
xllcorner     -78.6
yllcorner     0.65
cellsize      0.00833333333333323
NODATA_value  -9999
[rows 900 to 929 of 963, columns 67 to 133 of 367]
1.90544E-3 1.33547E-3 1.00892E-3 1.59929E-3 1.59116E-3 5.00213E-4 4.61732E-4 1.37171E-3 1.04331E-2 9.38681E-3 1.5241E-3 8.39617E-4 5.39423E-4 1.06834E-3 2.05966E-3 4.34045E-3 2.90181E-4 5.02406E-4 1.36876E-4 2.51813E-5 1.20525E-5 1.02322E-5 1.15026E-5 1.92277E-5 2.58078E-5 1.54243E-5 1.44211E-5 1.06295E-5 1.63643E-5 1.80067E-5 2.58801E-5 3.25647E-5 -9999 -9999 -9999 -9999 -9999 -9999 -9999 -9999 -9999 7.79926E-6 1.07445E-5 1.0215E-5 1.14019E-5 1.56173E-5 1.49325E-5 1.75011E-5 2.02397E-5 2.359E-5 3.3467E-5 2.4198E-5 1.35743E-5 1.42972E-5 2.89601E-5 9.91336E-5 7.35499E-5 4.31781E-5 2.92112E-5 2.0901E-5 6.30749E-5 2.82529E-4 5.98577E-4 2.21005E-4 9.34321E-4 5.54055E-4 9.15095E-4
1.06035E-3 2.90528E-3 4.64846E-3 2.92984E-3 1.80957E-3 3.92323E-4 3.19298E-4 6.72703E-4 1.86254E-3 9.36893E-3 4.91538E-3 2.44306E-3 1.62093E-3 2.97858E-4 3.29937E-4 2.08641E-3 3.90404E-3 1.56048E-3 8.09962E-4 6.16689E-4 7.76728E-5 6.90018E-5 1.00094E-5 9.47971E-6 9.39782E-6 1.02081E-5 2.71121E-5 -9999 -9999 -9999 -9999 -9999 -9999 -9999 -9999 -9999 7.39535E-5 -9999 -9999 -9999 -9999 1.09045E-5 8.91379E-6 7.74046E-6 1.05876E-5 1.03849E-5 5.91118E-6 7.0862E-6 1.64442E-5 2.98669E-5 1.10483E-4 6.73629E-5 2.00237E-5 1.34298E-5 5.75105E-5 1.91775E-4 7.33611E-5 4.90384E-5 1.70878E-5 1.8864E-5 4.01184E-5 1.51942E-4 1.21267E-4 1.42321E-4 6.30942E-4 2.59242E-4 3.54662E-3
4.6028E-3 7.53912E-3 1.03703E-2 3.24549E-3 2.11826E-3 1.22835E-3 1.45192E-3 1.14222E-3 1.0946E-3 2.06059E-3 8.68536E-3 3.54027E-3 1.18403E-3 5.89201E-4 3.14656E-4 2.43545E-4 5.90674E-4 7.3689E-4 4.55913E-4 8.85621E-4 6.20609E-4 2.0157E-4 2.69085E-5 2.51536E-5 9.41369E-6 6.72309E-6 9.88203E-6 -9999 -9999 -9999 -9999 -9999 -9999 -9999 -9999 5.3967E-5 2.58256E-5 4.82507E-5 -9999 -9999 -9999 -9999 1.15847E-5 7.72634E-6 1.52668E-5 8.86908E-6 8.87326E-6 1.59279E-5 2.01002E-5 3.95255E-5 2.27787E-4 2.92159E-4 1.72937E-4 1.15223E-4 1.53005E-4 1.54645E-4 7.87621E-5 5.22294E-5 3.45193E-5 2.07556E-5 2.04807E-5 1.015E-4 8.90011E-5 1.40095E-4 1.52736E-4 2.42499E-4 7.76223E-3
8.65775E-3 1.7392E-2 6.0994E-3 4.21066E-3 2.10352E-3 1.89509E-3 1.08996E-3 9.27232E-4 1.36187E-3 1.06781E-3 6.35521E-3 1.08833E-3 2.26957E-4 2.00842E-4 2.42235E-4 2.41179E-4 1.60945E-4 7.34568E-5 9.46346E-5 1.2771E-4 3.46964E-4 1.48575E-4 1.40805E-4 3.64355E-5 1.09366E-5 8.75096E-6 4.50357E-6 1.94838E-5 6.75722E-5 -9999 -9999 -9999 -9999 -9999 2.2213E-5 2.70253E-5 2.33319E-5 2.55954E-5 -9999 -9999 -9999 -9999 1.20579E-5 1.38703E-5 1.467E-5 1.51613E-5 1.31088E-5 1.64159E-5 2.11559E-5 7.78331E-5 1.3797E-4 1.89792E-4 2.25392E-4 1.72099E-4 9.51576E-5 9.10129E-5 7.58096E-5 7.20721E-5 1.91277E-5 1.87652E-5 2.38702E-5 4.08044E-5 2.65038E-5 5.18715E-5 4.08646E-5 6.56296E-4 3.98804E-3
1.38195E-2 1.65567E-2 5.32282E-3 3.44793E-3 2.55134E-3 2.75919E-3 1.95303E-3 4.77793E-4 8.39361E-4 2.4638E-3 3.40415E-3 1.77547E-3 1.31588E-4 2.28581E-5 4.14737E-5 1.2518E-4 1.05796E-4 3.60405E-5 3.02104E-5 9.10531E-5 2.09868E-4 5.3532E-4 1.37195E-4 3.54659E-5 1.28582E-5 6.82905E-6 6.64828E-6 1.03679E-5 3.32864E-5 3.36121E-5 2.79186E-5 4.53749E-5 4.1895E-5 1.40282E-5 1.98181E-5 3.50313E-5 1.79696E-5 3.09846E-5 -9999 -9999 -9999 -9999 -9999 1.57906E-5 1.71574E-5 1.68899E-5 1.45054E-5 2.4693E-5 4.13443E-5 1.02154E-4 1.5119E-4 1.2185E-4 1.31778E-4 1.51381E-4 8.84153E-5 6.1715E-5 7.40101E-5 6.08004E-5 4.57621E-5 2.68313E-5 1.92191E-5 2.07354E-5 2.65369E-5 5.2014E-5 5.11115E-5 3.00924E-4 2.59732E-3
4.80865E-3 7.63717E-3 1.31117E-2 3.20005E-3 2.5482E-3 5.82844E-3 2.22548E-3 9.0965E-4 5.9345E-4 9.99178E-4 1.80053E-3 1.71495E-3 3.86671E-4 2.21791E-5 2.276E-5 3.4332E-5 7.71083E-5 3.27666E-5 2.41554E-5 3.98349E-5 4.3969E-5 2.02965E-4 2.7595E-4 7.46277E-5 2.63087E-5 3.97708E-6 6.98554E-6 1.27363E-5 1.22571E-5 1.39467E-5 2.15842E-5 2.69133E-5 2.83723E-5 1.67704E-5 2.69972E-5 3.08014E-5 2.39444E-5 -9999 -9999 -9999 -9999 -9999 -9999 4.94396E-5 3.1554E-5 3.61278E-5 2.64293E-5 3.02924E-5 7.67472E-5 1.00384E-4 1.44813E-4 1.67249E-4 1.98674E-4 2.03079E-4 1.29588E-4 4.86452E-5 8.43238E-5 7.8879E-5 3.3419E-5 3.71182E-5 2.97288E-5 2.41492E-5 4.35626E-5 3.12265E-5 4.07303E-5 2.14192E-4 1.09403E-3
4.14928E-3 2.1023E-3 9.58384E-3 7.9663E-3 7.37837E-3 2.81671E-3 2.93919E-3 2.37039E-3 6.89016E-4 7.28562E-4 6.62171E-4 1.59667E-3 5.58533E-4 5.80409E-5 1.07065E-5 9.19164E-6 2.70107E-5 4.02289E-5 1.56712E-5 2.39614E-5 2.62645E-5 6.88204E-5 1.13148E-4 1.25042E-4 7.782E-5 9.90716E-6 9.08881E-6 1.23986E-5 1.68995E-5 1.3779E-5 1.60077E-5 2.38351E-5 1.68099E-5 1.47242E-5 2.10179E-5 3.69285E-5 -9999 -9999 -9999 -9999 -9999 -9999 -9999 1.28045E-4 1.09651E-4 4.42478E-5 3.97808E-5 5.94171E-5 1.2987E-4 1.11046E-4 1.75054E-4 1.82146E-4 2.50384E-4 1.97236E-4 1.24437E-4 7.26208E-5 1.17159E-4 9.79726E-5 5.27978E-5 3.46749E-5 3.41824E-5 5.00367E-5 3.21431E-5 2.79041E-5 3.95101E-5 3.77027E-5 9.82258E-4
4.17085E-3 2.91965E-3 7.0698E-3 1.82921E-3 4.24235E-3 1.40785E-3 6.15315E-4 5.55472E-4 2.63227E-3 2.97338E-4 1.19319E-4 7.49023E-4 1.58357E-4 5.09943E-5 1.8249E-5 1.52554E-5 1.2988E-5 4.05091E-5 3.26254E-5 2.5006E-5 2.28346E-5 1.02703E-5 3.64202E-5 1.71245E-4 2.08802E-4 3.60982E-5 3.549E-5 3.02337E-5 2.31218E-5 1.87443E-5 2.06251E-5 1.95947E-5 1.67472E-5 2.89189E-5 1.99866E-5 5.27396E-5 -9999 -9999 -9999 -9999 -9999 -9999 -9999 1.47882E-4 6.14211E-5 4.95905E-5 4.76246E-5 4.43212E-5 9.50528E-5 9.57048E-5 1.24413E-4 1.17578E-4 1.88383E-4 1.70674E-4 1.19523E-4 9.32063E-5 8.32584E-5 1.2335E-4 9.80498E-5 5.7053E-5 7.52234E-5 7.28441E-5 3.84012E-5 4.71675E-5 4.88613E-5 1.52444E-4 2.00407E-3
1.44876E-3 1.20587E-3 1.89685E-3 5.93426E-4 9.80088E-4 2.82028E-3 3.76348E-4 7.59721E-4 1.2545E-3 1.49134E-4 2.89696E-4 4.66432E-4 1.00228E-4 5.19627E-5 2.20814E-5 1.96679E-5 1.87943E-5 1.93044E-5 1.67223E-5 2.03292E-5 2.40491E-5 1.53695E-5 1.89183E-5 2.90044E-5 4.88016E-5 7.89853E-5 6.29155E-5 1.33887E-4 5.7227E-5 1.44536E-5 2.30674E-5 1.62753E-5 1.23059E-5 1.1624E-5 1.54799E-5 2.69574E-5 1.22643E-4 -9999 -9999 -9999 -9999 -9999 1.74465E-4 1.11359E-4 1.67011E-4 6.58783E-5 1.21225E-4 1.34406E-4 1.26276E-4 1.0863E-4 9.71781E-5 7.1945E-5 7.89455E-5 7.56769E-5 5.67456E-5 7.27152E-5 7.7925E-5 1.0551E-4 9.61262E-5 1.30551E-4 1.66553E-4 1.35108E-4 1.55704E-4 6.01497E-5 4.51011E-5 6.62677E-5 4.56298E-5
5.01782E-3 1.55948E-3 6.11639E-4 3.08025E-4 2.28613E-4 4.44443E-4 9.50774E-5 2.06141E-4 2.72879E-4 1.50993E-4 7.57291E-5 2.18981E-4 1.22983E-4 1.31509E-4 3.30095E-5 2.48787E-5 2.44181E-5 2.39852E-5 2.23179E-5 1.8297E-5 1.42079E-5 1.94036E-5 1.74155E-5 1.27725E-5 1.17932E-5 3.34351E-5 6.01058E-5 2.4033E-5 1.08605E-5 1.40354E-5 1.48071E-5 8.80065E-6 8.77172E-6 5.41614E-6 5.52325E-6 6.04105E-6 1.38543E-4 -9999 -9999 -9999 -9999 -9999 1.59429E-4 1.17965E-4 8.2294E-5 1.05629E-4 9.14032E-5 7.9033E-5 7.70195E-5 7.74618E-5 1.00918E-4 8.2219E-5 5.79444E-5 5.54765E-5 8.25659E-5 6.88791E-5 9.74221E-5 1.04846E-4 1.30347E-4 1.53925E-4 1.66233E-4 1.95476E-4 1.18426E-4 4.17131E-5 4.55965E-5 3.61995E-5 1.29885E-4
1.70128E-2 3.18011E-3 3.8051E-4 1.77158E-4 1.06892E-4 1.50617E-4 1.89746E-4 1.11429E-4 1.10061E-4 7.88326E-5 1.04727E-4 1.00108E-4 3.27094E-5 4.03678E-5 5.24902E-5 3.65424E-5 2.03708E-5 2.54625E-5 1.72259E-5 1.4634E-5 1.76997E-5 1.09053E-5 1.08555E-5 6.77584E-6 6.66192E-6 1.03802E-5 1.48689E-5 7.15625E-6 1.34456E-5 1.23108E-5 1.35586E-5 8.02104E-6 9.07803E-6 8.49273E-6 6.10603E-6 2.0195E-5 -9999 -9999 -9999 -9999 -9999 -9999 1.89275E-4 1.63496E-4 1.06643E-4 1.09342E-4 5.94283E-5 4.95526E-5 6.31942E-5 6.47722E-5 9.97698E-5 1.16785E-4 9.18941E-5 7.73349E-5 8.10067E-5 7.9983E-5 7.92373E-5 1.02933E-4 8.47617E-5 1.65617E-4 1.95874E-4 1.63434E-4 1.18316E-4 8.07752E-5 5.0176E-5 7.29258E-5 3.58061E-4
3.93812E-2 5.24952E-3 1.22283E-3 2.27299E-4 1.01841E-4 6.17108E-5 1.39848E-4 6.69619E-5 1.00269E-4 7.63227E-5 3.89695E-5 4.38594E-5 2.39438E-5 1.2979E-5 1.91763E-5 1.9222E-5 1.46755E-5 1.64288E-5 1.96885E-5 1.35389E-5 1.54475E-5 9.57803E-6 5.07296E-6 1.24304E-5 6.99338E-6 1.17318E-5 9.54018E-6 8.88469E-6 7.1716E-6 6.31662E-6 4.49392E-6 7.45415E-6 1.08372E-5 9.67341E-6 5.23368E-6 1.68898E-5 -9999 -9999 -9999 -9999 -9999 -9999 1.46998E-4 1.31176E-4 9.35213E-5 1.13447E-4 5.88689E-5 5.66399E-5 4.90532E-5 8.75841E-5 1.42511E-4 8.91874E-5 9.85443E-5 9.11076E-5 6.20364E-5 1.21903E-4 9.23184E-5 6.7756E-5 8.56393E-5 1.86196E-4 2.29156E-4 1.44551E-4 7.00582E-5 4.11812E-5 8.03029E-5 8.58895E-5 3.84269E-4
1.47798E-2 3.32687E-3 3.04854E-4 9.53613E-5 5.39593E-5 3.44923E-5 4.97814E-5 5.72903E-5 3.48321E-5 5.61465E-5 7.94366E-5 7.77207E-5 2.0815E-5 1.10529E-5 1.54532E-5 2.32995E-5 2.00448E-5 1.79174E-5 1.98702E-5 2.55628E-5 2.22735E-5 1.56107E-5 9.57654E-6 1.53177E-5 7.89791E-6 7.05219E-6 5.48533E-6 1.43502E-5 5.98567E-6 6.33139E-6 6.78257E-6 8.13631E-6 8.9028E-6 1.22306E-5 1.00158E-5 1.78901E-5 6.63001E-5 -9999 -9999 -9999 -9999 -9999 1.252E-4 8.90273E-5 1.13178E-4 4.96436E-5 5.66569E-5 4.20667E-5 5.7248E-5 1.07221E-4 1.24192E-4 7.38973E-5 7.56388E-5 6.92126E-5 8.15823E-5 1.09075E-4 6.11227E-5 3.67503E-5 7.04783E-5 1.44578E-4 1.4512E-4 9.99151E-5 5.6368E-5 4.59074E-5 6.88407E-5 9.84093E-5 3.1519E-4
4.56656E-3 1.54898E-3 2.86443E-4 3.59543E-4 1.14851E-4 6.05652E-5 3.55226E-5 3.18783E-5 6.96272E-5 6.15238E-5 8.59176E-5 1.48066E-4 4.45526E-5 1.96758E-5 1.55407E-5 2.11192E-5 2.04833E-5 1.6186E-5 2.52281E-5 1.93208E-5 1.76111E-5 1.07279E-5 2.03397E-5 2.99857E-5 2.8647E-5 8.85492E-6 1.03569E-5 1.11242E-5 4.38548E-6 6.05567E-6 6.3724E-6 5.72604E-6 1.31254E-5 5.28716E-6 2.39093E-5 2.50286E-5 7.65469E-5 7.91083E-5 -9999 -9999 -9999 -9999 7.88454E-5 8.18678E-5 6.64801E-5 6.00012E-5 6.80665E-5 6.06967E-5 9.10366E-5 8.79928E-5 5.70395E-5 6.8165E-5 6.23275E-5 8.65934E-5 9.38113E-5 9.19752E-5 1.01415E-4 1.36896E-4 7.24927E-5 6.43452E-5 6.47284E-5 1.55089E-4 2.06243E-4 6.20274E-4 1.09349E-4 8.92471E-5 2.81239E-4
2.64177E-3 5.15382E-4 5.46714E-4 8.1236E-4 1.0363E-4 4.89933E-5 2.10506E-4 2.80429E-4 2.01252E-4 2.15411E-4 4.58713E-5 1.10346E-4 2.3237E-5 1.08111E-5 1.24955E-5 1.47515E-5 1.34053E-5 2.03083E-5 1.07326E-5 7.98154E-6 6.52104E-6 1.29832E-5 9.95215E-6 1.78886E-5 4.64522E-5 1.00827E-5 8.62074E-6 6.59034E-6 8.01875E-6 4.80022E-6 6.98864E-6 1.696E-5 1.28808E-5 2.20335E-5 3.32983E-5 3.0958E-5 5.33328E-5 6.33985E-5 8.72076E-5 -9999 -9999 -9999 6.99474E-5 6.17597E-5 4.81924E-5 4.76004E-5 7.53666E-5 7.31293E-5 9.47374E-5 7.74039E-5 7.83196E-5 1.019E-4 7.95078E-5 9.63294E-5 1.13068E-4 1.39779E-4 1.41025E-4 1.5001E-4 1.60925E-4 1.5737E-4 1.19182E-4 8.52933E-5 1.01311E-4 1.2754E-3 1.08123E-4 9.37529E-5 1.24339E-4
3.72682E-3 2.22718E-3 1.83884E-3 2.67251E-4 2.8732E-5 1.77659E-4 6.20654E-4 9.45838E-5 1.67905E-4 6.97392E-5 3.39684E-5 5.92186E-5 1.74216E-5 1.74906E-5 1.11146E-5 9.96255E-6 1.55942E-5 1.64639E-5 1.06939E-5 7.78518E-6 5.95015E-6 8.55872E-6 5.18766E-6 1.57439E-5 5.58266E-5 1.83831E-5 1.40435E-5 9.7932E-6 1.87105E-5 1.04861E-5 2.21548E-5 2.83636E-5 4.18941E-5 3.21008E-5 2.12241E-5 2.6017E-5 3.94982E-5 5.59736E-5 8.40434E-5 8.14738E-5 -9999 -9999 7.74046E-5 3.6728E-5 4.82471E-5 5.35366E-5 6.8122E-5 8.61178E-5 1.23095E-4 7.82022E-5 9.84882E-5 1.35183E-4 1.11481E-4 1.18718E-4 1.60642E-4 1.30974E-4 1.90584E-4 1.20256E-4 1.3191E-4 1.58695E-4 1.55331E-4 9.42423E-5 7.43662E-5 1.6129E-3 9.92868E-5 1.81429E-4 1.11162E-4
4.46491E-3 6.36372E-3 4.41838E-3 3.38146E-4 2.87327E-4 1.4737E-3 1.10341E-3 7.09755E-4 3.93604E-4 3.64202E-5 1.30892E-5 8.19338E-5 4.53013E-5 1.48512E-4 1.05076E-4 6.96316E-5 2.58751E-5 5.32205E-6 6.56351E-6 6.07962E-6 7.31261E-6 1.07462E-5 1.10017E-5 1.45037E-5 7.37252E-5 9.86775E-5 4.42932E-5 4.94166E-5 3.21782E-5 8.31424E-6 7.10059E-5 1.19295E-4 4.25837E-5 2.45291E-5 2.86685E-5 3.5022E-5 6.61471E-5 8.48281E-5 4.90157E-5 6.58875E-5 6.72848E-5 5.41713E-5 6.42586E-5 5.30743E-5 5.77416E-5 5.64247E-5 7.50141E-5 8.47053E-5 1.01293E-4 6.76825E-5 7.31019E-5 1.44833E-4 1.11957E-4 1.07905E-4 1.20367E-4 1.12904E-4 1.2789E-4 1.47256E-4 1.50788E-4 1.49032E-4 1.57292E-4 1.32991E-4 1.14755E-4 3.44421E-3 5.09109E-4 1.53979E-4 1.47543E-4
1.47562E-3 1.32643E-3 1.27643E-3 8.36111E-4 2.04913E-3 4.21126E-4 8.01343E-5 4.46668E-4 7.26614E-4 3.36711E-4 1.94917E-4 1.26381E-4 3.17943E-4 2.42553E-4 2.29875E-5 5.30603E-5 1.61413E-5 7.7151E-6 7.28892E-6 9.26033E-6 1.8151E-5 1.32621E-5 2.68888E-5 3.52128E-5 1.2465E-4 1.44249E-4 9.51877E-5 7.59223E-5 2.23027E-5 1.4384E-5 1.12052E-4 1.04404E-4 1.1279E-4 6.5774E-5 8.40547E-5 8.77746E-5 5.52506E-5 5.09322E-5 5.17313E-5 6.0449E-5 4.2653E-5 5.91806E-5 6.97152E-5 6.88494E-5 5.5812E-5 1.01996E-4 1.10957E-4 5.18888E-5 5.76506E-5 8.35045E-5 9.05302E-5 9.38828E-5 1.05098E-4 1.04452E-4 9.28894E-5 1.06249E-4 1.47082E-4 1.07805E-4 1.26804E-4 1.33198E-4 1.66753E-4 1.3383E-4 1.37695E-4 5.49989E-4 6.1617E-3 5.4478E-3 8.34635E-3
5.6881E-4 1.90276E-4 8.36491E-5 6.8286E-5 9.89805E-4 1.40668E-4 2.42448E-5 5.7357E-5 4.74617E-4 4.15657E-4 2.15249E-4 5.61106E-5 9.45417E-6 1.6897E-5 1.16844E-5 1.06916E-5 1.07801E-5 9.40516E-6 9.27121E-6 6.76237E-6 1.10874E-5 1.52661E-5 4.63056E-5 8.58503E-5 1.30072E-4 1.08834E-4 9.54997E-5 6.47445E-5 1.83647E-5 2.84637E-5 1.25493E-4 1.41332E-4 8.06403E-5 6.41824E-5 5.91169E-5 6.9366E-5 4.34748E-5 3.68099E-5 4.45676E-5 4.38906E-5 4.37809E-5 7.01141E-5 6.10406E-5 6.60745E-5 9.44773E-5 9.3472E-5 9.50469E-5 7.9964E-5 8.90724E-5 7.97343E-5 9.362E-5 1.02141E-4 1.20002E-4 1.48872E-4 1.40844E-4 1.1152E-4 1.18255E-4 1.60881E-4 1.16088E-4 2.07678E-4 2.12296E-4 2.26475E-4 1.27466E-4 1.25965E-4 1.23677E-3 6.00323E-3 6.64867E-3
2.51661E-4 5.03453E-5 2.14801E-5 6.46831E-5 8.0282E-4 2.46083E-4 2.57286E-5 3.52075E-5 2.02125E-4 4.76283E-4 1.51634E-4 6.5088E-6 8.07775E-6 1.06643E-5 7.52919E-6 4.30606E-5 3.11121E-5 9.5743E-6 1.04632E-5 1.18596E-5 9.87541E-6 1.77043E-5 2.36541E-5 5.43881E-5 1.10216E-4 1.27456E-4 1.35397E-4 1.28193E-4 1.04093E-4 8.69226E-5 1.20531E-4 9.53465E-5 8.37549E-5 5.90496E-5 5.80582E-5 6.41671E-5 6.11325E-5 7.46618E-5 5.46695E-5 7.62423E-5 7.80153E-5 6.29318E-5 6.06422E-5 8.47137E-5 8.99349E-5 1.20559E-4 1.2679E-4 9.74311E-5 1.54813E-4 1.62527E-4 1.70539E-4 1.3623E-4 2.16694E-4 2.43289E-4 1.77957E-4 1.72782E-4 1.39289E-4 1.71413E-4 1.79057E-4 2.15779E-4 2.55651E-4 2.00453E-4 1.04743E-4 1.28856E-4 1.80038E-4 5.18986E-4 5.88738E-3
8.76599E-5 2.80987E-5 1.47404E-5 9.16079E-5 3.25461E-4 1.49502E-4 2.5259E-4 3.03618E-5 2.52667E-5 6.61609E-5 1.93659E-4 5.94607E-6 7.2439E-6 6.67196E-6 7.29699E-6 2.83468E-5 2.39193E-5 1.39541E-5 7.51751E-6 1.57686E-5 1.67176E-5 2.72405E-5 2.53166E-5 4.10072E-5 9.04981E-5 8.47301E-5 8.88718E-5 1.26517E-4 1.48905E-4 1.65373E-4 1.12163E-4 9.05817E-5 1.08788E-4 1.52764E-4 8.75391E-5 5.49183E-5 6.29637E-5 7.28548E-5 4.78434E-5 5.13811E-5 6.51239E-5 6.0234E-5 7.09451E-5 9.5117E-5 8.80384E-5 1.21052E-4 1.11494E-4 1.3895E-4 1.95499E-4 2.34145E-4 2.71009E-4 2.16863E-4 1.77747E-4 2.22721E-4 1.9402E-4 1.15072E-4 2.1489E-4 1.5372E-4 1.62811E-4 2.19652E-4 3.32806E-4 2.38663E-4 1.39452E-4 1.82206E-4 2.01535E-4 3.27143E-4 3.0382E-3
3.87509E-5 2.21608E-5 1.94728E-5 8.53699E-5 4.20819E-5 1.36787E-4 2.60883E-4 9.34844E-5 7.36343E-5 2.15475E-4 2.25802E-4 1.40749E-5 7.80827E-6 1.30163E-5 1.24822E-5 9.45577E-6 1.04947E-5 1.39219E-5 1.73306E-5 1.23697E-5 3.7344E-5 4.45162E-5 6.75065E-5 4.99155E-5 6.24203E-5 6.23071E-5 6.36785E-5 9.12714E-5 1.28899E-4 1.5012E-4 1.22276E-4 1.32214E-4 1.60478E-4 1.6724E-4 1.55412E-4 1.52068E-4 1.23841E-4 5.5959E-5 5.92585E-5 5.59098E-5 5.55804E-5 1.11502E-4 1.25987E-4 8.0601E-5 1.13069E-4 1.12977E-4 9.53507E-5 1.46061E-4 1.82308E-4 2.7929E-4 2.06598E-4 1.89778E-4 2.57432E-4 1.82242E-4 1.72099E-4 1.88255E-4 1.73054E-4 1.76986E-4 1.86224E-4 1.73078E-4 2.42916E-4 2.44701E-4 1.98238E-4 1.84731E-4 2.02919E-4 1.77293E-4 3.52457E-4
3.06025E-5 1.41271E-5 2.46771E-5 1.95932E-5 2.01499E-5 2.36963E-5 9.29391E-5 6.04289E-5 3.33364E-5 2.9632E-5 3.43418E-5 3.4138E-5 2.73645E-5 2.13998E-5 1.27388E-5 1.72504E-5 1.59093E-5 1.75428E-5 1.94149E-5 4.10085E-5 4.57924E-5 7.29001E-5 6.71103E-5 5.73636E-5 5.34349E-5 8.68552E-5 9.13651E-5 1.1726E-4 1.41102E-4 1.84767E-4 1.43388E-4 1.58015E-4 1.30951E-4 9.07988E-5 5.45541E-5 9.00145E-5 6.96134E-5 6.99811E-5 6.92545E-5 6.30407E-5 6.3265E-5 1.23088E-4 1.16096E-4 8.67171E-5 1.06311E-4 1.12306E-4 1.03824E-4 9.79463E-5 1.40961E-4 2.51368E-4 2.164E-4 2.12635E-4 2.79134E-4 2.14411E-4 2.22971E-4 2.91012E-4 2.52617E-4 2.56081E-4 2.1689E-4 1.7274E-4 1.97706E-4 3.83878E-4 2.61953E-4 2.98895E-4 3.46007E-4 2.06417E-4 1.94044E-4
2.89984E-5 1.55366E-5 1.1035E-5 7.36939E-6 1.37039E-5 1.9531E-5 4.76775E-5 3.14957E-5 1.57037E-5 9.85691E-6 1.37045E-5 1.07208E-5 1.30399E-5 1.62145E-5 1.5617E-5 4.00827E-5 3.18609E-5 5.09811E-5 4.52658E-5 9.04217E-5 8.20341E-5 9.39582E-5 9.28829E-5 7.79203E-5 9.33577E-5 1.31032E-4 1.97731E-4 1.70065E-4 1.90968E-4 2.01988E-4 2.12601E-4 1.8132E-4 1.38861E-4 1.40413E-4 5.6177E-5 6.42723E-5 6.96093E-5 7.53458E-5 6.66318E-5 8.82345E-5 7.82606E-5 7.51759E-5 8.06857E-5 1.01036E-4 1.21655E-4 1.26839E-4 1.23777E-4 1.27884E-4 1.75402E-4 2.23701E-4 2.80272E-4 2.2819E-4 3.67582E-4 2.34379E-4 3.10097E-4 2.73521E-4 2.57091E-4 2.05211E-4 2.70818E-4 1.72336E-4 1.93076E-4 2.78614E-4 2.5486E-4 4.06281E-4 5.45288E-4 4.63884E-4 3.11303E-4
1.38749E-5 1.56573E-5 1.17469E-5 1.50734E-5 1.40006E-5 1.4866E-5 2.86638E-5 1.67131E-5 1.41455E-5 1.38034E-5 1.65776E-5 1.54891E-5 1.79957E-5 4.92556E-5 5.63251E-5 4.75295E-5 5.7789E-5 7.68483E-5 1.249E-4 1.2396E-4 8.38831E-5 9.91123E-5 1.32101E-4 9.04448E-5 1.3217E-4 1.11915E-4 1.32886E-4 1.63306E-4 1.55307E-4 1.96142E-4 1.94161E-4 1.56E-4 1.63133E-4 2.80301E-4 6.48007E-5 7.65897E-5 1.21037E-4 9.03681E-5 1.02477E-4 9.10708E-5 9.9844E-5 6.45665E-5 8.75589E-5 7.22612E-5 1.27868E-4 1.47204E-4 1.54117E-4 1.19028E-4 1.59357E-4 2.57719E-4 3.88157E-4 3.3321E-4 3.94046E-4 2.64379E-4 3.11687E-4 2.96048E-4 3.18258E-4 2.4706E-4 2.60388E-4 2.60193E-4 2.70537E-4 2.55526E-4 3.2256E-4 3.29054E-4 4.91357E-4 4.19109E-4 3.69431E-4
1.66145E-5 9.57013E-6 7.1047E-6 1.37447E-5 1.06148E-5 1.41552E-5 1.81358E-5 1.61762E-5 1.55521E-5 9.65635E-6 1.70303E-5 4.46394E-5 6.64589E-5 7.29814E-5 1.01716E-4 6.98541E-5 9.89432E-5 1.4823E-4 1.65446E-4 1.42798E-4 1.53131E-4 1.46155E-4 1.45325E-4 1.12272E-4 1.46542E-4 1.11044E-4 1.41762E-4 1.75631E-4 1.4964E-4 1.71994E-4 1.47462E-4 1.09806E-4 2.16773E-4 2.92623E-4 1.06856E-4 7.42496E-5 1.03452E-4 1.00071E-4 1.0211E-4 9.95016E-5 9.50177E-5 8.30405E-5 8.55252E-5 1.00887E-4 1.07862E-4 9.69393E-5 1.786E-4 1.71227E-4 1.66914E-4 2.52572E-4 3.35376E-4 3.2046E-4 3.24515E-4 3.17554E-4 3.01694E-4 2.96844E-4 3.4487E-4 3.79372E-4 3.16553E-4 2.71405E-4 3.68015E-4 2.77916E-4 3.8324E-4 4.36234E-4 3.58115E-4 3.55408E-4 4.05878E-4
1.65389E-5 1.21805E-5 2.47429E-5 1.25506E-5 9.18464E-6 1.5851E-5 1.16943E-5 1.82367E-5 2.43492E-5 1.93598E-5 6.06328E-5 1.44182E-4 6.69758E-5 8.45702E-5 1.02538E-4 1.33921E-4 1.49949E-4 1.76232E-4 1.53447E-4 1.97959E-4 1.62395E-4 1.72982E-4 1.83611E-4 1.74565E-4 1.33062E-4 1.50896E-4 1.71757E-4 2.17256E-4 1.8602E-4 1.77746E-4 1.78733E-4 2.43711E-4 2.71099E-4 3.45526E-4 1.00535E-4 9.82591E-5 7.58564E-5 1.09368E-4 1.17858E-4 1.25244E-4 1.36307E-4 1.66686E-4 1.45754E-4 1.21631E-4 1.02912E-4 1.24341E-4 1.50373E-4 1.75182E-4 2.18907E-4 1.91177E-4 2.93098E-4 3.4581E-4 3.02157E-4 3.4473E-4 3.15726E-4 3.11911E-4 3.42907E-4 3.31979E-4 3.68089E-4 3.71791E-4 3.39452E-4 4.05824E-4 3.47504E-4 3.53064E-4 4.60714E-4 5.51383E-4 5.3082E-4
1.00568E-5 1.25514E-5 1.74496E-5 1.90817E-5 2.022E-5 1.80876E-5 2.96341E-5 2.75743E-5 1.81233E-5 3.01323E-5 4.63455E-5 8.39965E-5 4.89677E-5 5.66975E-5 1.21094E-4 2.16499E-4 1.97687E-4 1.68194E-4 2.15725E-4 1.72841E-4 1.85303E-4 2.73479E-4 1.90146E-4 1.89483E-4 1.50172E-4 1.65945E-4 2.14017E-4 2.74278E-4 2.48882E-4 1.9549E-4 2.90127E-4 3.20514E-4 4.17714E-4 3.54672E-4 1.93429E-4 1.08817E-4 1.24623E-4 1.16356E-4 1.31811E-4 1.32763E-4 1.39604E-4 1.23211E-4 1.69357E-4 1.83524E-4 1.58582E-4 1.54645E-4 2.19542E-4 2.06367E-4 1.82922E-4 1.93927E-4 2.01376E-4 3.1588E-4 3.9166E-4 3.20533E-4 3.82418E-4 3.30672E-4 3.89179E-4 3.19698E-4 4.4505E-4 4.75032E-4 4.84934E-4 5.3358E-4 4.65965E-4 5.09174E-4 6.01169E-4 5.10745E-4 7.46639E-4
3.9171E-5 6.75855E-5 2.28102E-5 1.87956E-5 1.43182E-5 1.38586E-5 4.66926E-5 4.64527E-5 5.8021E-5 5.85986E-5 7.47154E-5 7.98113E-5 4.1299E-5 5.66985E-5 9.23244E-5 1.94497E-4 2.04557E-4 1.59991E-4 1.83089E-4 1.97921E-4 2.25983E-4 2.15373E-4 1.67103E-4 1.4677E-4 1.89835E-4 2.22342E-4 2.61225E-4 2.40305E-4 2.88346E-4 2.49947E-4 2.3095E-4 2.22775E-4 2.67142E-4 2.00911E-4 9.72979E-5 9.45006E-5 7.99339E-5 1.11955E-4 1.46435E-4 1.40401E-4 1.28411E-4 1.20747E-4 1.20361E-4 1.62794E-4 2.81538E-4 1.4313E-4 2.1491E-4 1.88441E-4 1.96105E-4 1.98224E-4 1.90073E-4 2.38167E-4 4.14865E-4 3.41123E-4 3.6797E-4 3.78001E-4 3.56085E-4 4.63798E-4 3.73097E-4 5.25104E-4 5.08584E-4 6.17114E-4 6.40247E-4 5.97062E-4 8.69903E-4 8.39613E-4 6.14283E-4
5.47416E-5 2.8616E-5 2.97433E-5 2.31364E-5 1.58844E-5 2.72769E-5 2.40114E-5 2.00424E-5 1.57232E-5 4.22935E-5 7.45002E-5 9.83985E-5 9.36039E-5 1.29931E-4 1.25357E-4 1.7534E-4 2.09309E-4 1.82926E-4 1.91108E-4 1.92299E-4 1.84512E-4 2.20877E-4 2.36417E-4 1.62548E-4 1.4748E-4 1.13419E-4 1.60447E-4 3.06554E-4 2.89843E-4 2.82519E-4 1.62484E-4 1.56677E-4 1.7405E-4 1.92457E-4 6.95986E-5 6.8908E-5 7.92982E-5 1.00454E-4 1.02916E-4 8.10676E-5 1.27347E-4 1.5028E-4 1.76634E-4 2.13647E-4 1.70498E-4 1.91634E-4 2.18092E-4 2.12555E-4 1.89927E-4 1.89735E-4 2.13076E-4 2.5579E-4 3.37578E-4 3.47809E-4 3.49399E-4 3.32135E-4 4.35602E-4 4.60567E-4 6.07881E-4 6.15673E-4 6.1483E-4 5.71807E-4 7.5573E-4 8.3616E-4 1.05935E-3 2.36135E-3 3.20949E-3
