ENM/Final_Models/M_0.8_F_q_Set_1_EC/Gustavia_santanderiensis_4_Choco.asc
ncols         367
nrows         963
xllcorner     -78.6
yllcorner     0.65
cellsize      0.00833333333333323
NODATA_value  -9999
[rows 805 to 839 of 963, columns 78 to 155 of 367]
1E0 1E0 1E0 1E0 1E0 1E0 1E0 1E0 1E0 1E0 1E0 1E0 1E0 1E0 1E0 1E0 1E0 1E0 1E0 1E0 1E0 1E0 1E0 1E0 1E0 1E0 1E0 1E0 1E0 1E0 1E0 9.99977E-1 8.80156E-1 9.99306E-1 1E0 1E0 1E0 9.99992E-1 5.71729E-1 9.96171E-1 1E0 8.43138E-1 6.04936E-1 3.51863E-1 3.98372E-1 3.40316E-1 2.45603E-1 1.98242E-1 1.82081E-1 1.56054E-1 1.44577E-1 9.98445E-2 7.36738E-2 1.40387E-2 1.75453E-3 4.45965E-4 1.38245E-3 1.36283E-3 1.5214E-3 3.97993E-3 4.97519E-3 1.61435E-3 7.47379E-4 4.34897E-5 5.2633E-5 7.55924E-6 2.65686E-6 1.20536E-4 2.54508E-4 5.68958E-5 1.09037E-4 5.28585E-4 2.38618E-4 5.34472E-5 6.38785E-6 2.84788E-6 9.86901E-7 2.23299E-6
1E0 1E0 1E0 1E0 1E0 1E0 1E0 1E0 1E0 1E0 1E0 1E0 1E0 1E0 1E0 1E0 1E0 1E0 1E0 1E0 1E0 1E0 1E0 1E0 1E0 1E0 1E0 9.99986E-1 1E0 1E0 9.99982E-1 9.97516E-1 5.04441E-1 8.12931E-1 9.99464E-1 1E0 1E0 1E0 9.19351E-1 5.19345E-1 9.87405E-1 1E0 4.92836E-1 2.90992E-1 2.8907E-1 1.99497E-1 1.70254E-1 2.87037E-1 2.16342E-1 7.0953E-2 2.71522E-2 5.92239E-2 2.04922E-2 1.2022E-2 2.47684E-3 2.62457E-3 6.50742E-3 6.68582E-3 1.12087E-2 1.09603E-2 7.30585E-3 1.53313E-3 6.2796E-4 2.74094E-4 7.20704E-5 1.62408E-5 2.08705E-5 2.70645E-4 4.98934E-4 4.59734E-5 2.59797E-4 7.90513E-4 2.2729E-4 1.91095E-5 1.87686E-6 1.52473E-6 1.14249E-6 1.24139E-5
1E0 1E0 1E0 1E0 1E0 1E0 1E0 1E0 1E0 1E0 1E0 1E0 1E0 1E0 1E0 1E0 1E0 1E0 1E0 1E0 1E0 1E0 1E0 1E0 1E0 1E0 1E0 9.9976E-1 9.99999E-1 1E0 9.99994E-1 4.03915E-1 2.69295E-1 2.78595E-1 9.99745E-1 1E0 1E0 9.99999E-1 3.70829E-1 3.14383E-1 9.90262E-1 1E0 1E0 2.63407E-1 7.39407E-2 8.48792E-2 1.20163E-1 2.28544E-1 1.35486E-1 4.88253E-2 3.50045E-2 2.35383E-2 9.73474E-3 5.29659E-3 3.87574E-3 3.8417E-3 7.26906E-3 4.0878E-3 1.97892E-2 7.02538E-3 1.33953E-3 3.97722E-4 7.25447E-5 4.13266E-5 1.02669E-5 1.43867E-5 1.95146E-4 5.58775E-4 7.85679E-4 5.02273E-4 7.08029E-4 4.96125E-4 7.56284E-5 1.34828E-5 1.84274E-6 1.31973E-6 5.5357E-6 2.63589E-4
1E0 1E0 1E0 1E0 1E0 1E0 1E0 1E0 1E0 1E0 1E0 1E0 1E0 1E0 1E0 1E0 1E0 1E0 9.99976E-1 1E0 1E0 1E0 1E0 1E0 1E0 1E0 1E0 9.97076E-1 9.9968E-1 9.98051E-1 9.7504E-1 2.0685E-1 1.24873E-1 3.83429E-1 9.85215E-1 1E0 1E0 9.97238E-1 1.32668E-1 9.796E-2 9.99999E-1 9.99937E-1 1E0 7.93784E-1 2.92438E-1 3.74637E-1 5.48568E-1 1.2107E-1 1.94335E-1 8.3044E-2 4.5931E-2 2.46979E-2 1.21913E-2 2.022E-3 2.93574E-3 6.77697E-3 5.89755E-3 4.7197E-3 1.07541E-2 3.84847E-3 1.62375E-3 2.75938E-4 2.12578E-4 4.35668E-5 1.24004E-5 7.79129E-6 9.05364E-5 1.42917E-3 1.50326E-3 1.19668E-3 8.74052E-4 2.77342E-4 7.51268E-5 9.37194E-6 1.83642E-6 3.17823E-6 1.37972E-5 3.13992E-4
1E0 1E0 1E0 1E0 1E0 1E0 1E0 1E0 1E0 1E0 1E0 1E0 1E0 1E0 1E0 1E0 9.99981E-1 1E0 9.99869E-1 1E0 1E0 1E0 1E0 1E0 1E0 1E0 1E0 1E0 1E0 1E0 9.48829E-1 3.28493E-1 2.48315E-1 5.68876E-1 6.73476E-1 9.74219E-1 9.6111E-1 9.937E-1 3.59606E-1 8.94573E-1 9.97706E-1 9.98694E-1 8.68694E-1 9.81143E-1 9.95697E-1 1E0 5.122E-1 1.17218E-1 1.56507E-1 8.41937E-2 3.01642E-2 2.46309E-2 1.07919E-2 2.85218E-3 2.75712E-3 6.96083E-3 1.06151E-2 5.1318E-3 6.97059E-3 4.44892E-3 5.36788E-3 1.11069E-3 7.25815E-4 3.29207E-5 5.60251E-6 1.72558E-5 8.89256E-5 9.90201E-4 2.01785E-3 1.22168E-3 5.63485E-4 2.91964E-4 1.43321E-4 2.67615E-5 4.63987E-6 2.09323E-6 1.00829E-4 8.70876E-4
1E0 1E0 1E0 1E0 1E0 1E0 1E0 1E0 1E0 1E0 1E0 1E0 1E0 1E0 1E0 1E0 9.99945E-1 9.99028E-1 9.99857E-1 1E0 1E0 1E0 1E0 1E0 1E0 1E0 1E0 9.97131E-1 9.9965E-1 8.84583E-1 6.36177E-1 5.43119E-1 5.09396E-1 5.27526E-1 9.25874E-1 8.45012E-1 6.53784E-1 5.55498E-1 9.42627E-1 9.99064E-1 1E0 9.80297E-1 6.83185E-1 6.66738E-1 9.92887E-1 1E0 5.1616E-1 1.7326E-1 7.55618E-2 9.5472E-2 4.66216E-2 1.99009E-2 1.1839E-2 2.55489E-3 6.99303E-3 1.30872E-2 1.86165E-2 1.51865E-2 4.59756E-3 2.39642E-3 1.24157E-3 3.3432E-4 1.3867E-5 5.68142E-6 3.4193E-6 1.63343E-5 2.44976E-4 2.24318E-3 1.61138E-3 5.4735E-4 1.15631E-4 2.37604E-5 9.04587E-6 5.97006E-6 2.27866E-6 3.65874E-5 3.20428E-4 9.27958E-4
1E0 1E0 1E0 1E0 1E0 1E0 1E0 1E0 1E0 1E0 1E0 1E0 1E0 1E0 1E0 1E0 9.99587E-1 9.99772E-1 1E0 1E0 1E0 1E0 1E0 1E0 1E0 1E0 1E0 1E0 1E0 1E0 9.86977E-1 9.84204E-1 4.39461E-1 6.31951E-1 9.45914E-1 6.55801E-1 2.93291E-1 8.95133E-2 2.70087E-1 4.25673E-1 5.34017E-1 5.43576E-1 4.48925E-1 4.01602E-1 6.86975E-1 9.61302E-1 5.97984E-1 9.22378E-2 6.61359E-2 3.73085E-2 1.67305E-2 6.21498E-3 4.54573E-3 2.51743E-3 1.06872E-2 1.60728E-2 3.66268E-2 1.50514E-2 9.25975E-3 2.19674E-3 5.97609E-4 5.92119E-5 6.79868E-6 2.12251E-6 3.01563E-6 1.4455E-5 5.11786E-4 3.14067E-3 1.64864E-3 4.08174E-4 8.14817E-5 3.39885E-5 5.32286E-6 7.53176E-6 1.44513E-5 1.68516E-4 1.10039E-3 1.13389E-3
1E0 1E0 1E0 1E0 1E0 1E0 1E0 1E0 1E0 1E0 1E0 1E0 1E0 1E0 9.99996E-1 9.99984E-1 9.99999E-1 1E0 1E0 1E0 1E0 1E0 1E0 1E0 1E0 1E0 1E0 9.52775E-1 9.917E-1 9.74342E-1 9.9988E-1 8.9188E-1 8.5876E-1 9.06363E-1 9.31059E-1 8.76895E-1 2.69825E-1 1.27531E-1 1.14165E-1 1.10138E-1 7.7164E-2 7.02365E-2 3.75683E-1 2.43653E-1 2.66689E-1 4.20477E-1 2.62095E-1 6.13966E-2 5.20173E-2 3.47948E-2 1.48384E-2 4.74108E-3 2.17229E-3 1.85908E-3 5.20334E-3 1.29843E-2 6.42709E-2 1.95985E-2 6.91224E-3 5.39023E-3 1.44097E-3 6.39927E-4 1.17713E-5 1.66134E-6 1.21318E-5 2.31389E-5 6.20459E-4 3.35894E-3 1.21983E-3 4.39759E-4 8.86591E-5 3.32496E-5 1.89853E-5 9.31154E-6 1.06605E-5 1.24367E-4 1.55026E-3 1.65206E-3
1E0 1E0 1E0 1E0 1E0 1E0 1E0 1E0 1E0 1E0 1E0 1E0 1E0 1E0 1E0 1E0 1E0 1E0 1E0 1E0 1E0 1E0 1E0 1E0 9.99992E-1 9.94597E-1 9.98107E-1 8.40942E-1 8.93939E-1 9.07604E-1 4.3676E-1 8.92009E-1 8.40291E-1 3.26418E-1 3.37894E-1 7.29526E-1 6.92836E-1 6.97712E-1 3.00929E-1 1.39829E-1 7.62384E-2 9.43639E-2 2.01344E-1 4.70496E-1 4.93623E-1 6.43502E-1 1.56633E-1 5.56087E-2 7.73149E-2 2.3114E-2 6.17817E-2 6.58381E-2 3.90006E-2 1.01495E-2 1.42068E-2 3.81716E-2 5.72572E-2 1.68865E-2 7.19871E-3 8.89034E-3 5.2503E-3 8.83695E-4 3.0195E-5 1.9573E-6 4.3916E-6 5.44513E-5 8.23113E-4 4.43368E-3 1.09155E-3 2.04043E-4 1.20107E-4 3.08359E-4 5.49524E-4 7.04157E-5 2.50137E-5 3.27262E-4 2.57406E-3 5.80974E-3
1E0 1E0 1E0 1E0 1E0 1E0 1E0 1E0 1E0 1E0 1E0 1E0 1E0 1E0 1E0 1E0 1E0 1E0 1E0 1E0 1E0 1E0 1E0 1E0 1E0 6.77924E-1 7.45764E-1 9.99863E-1 9.99097E-1 8.98362E-1 2.75205E-1 8.89914E-1 6.08078E-1 2.54299E-1 2.7577E-1 3.59014E-1 5.30637E-1 9.59726E-1 6.40801E-1 3.98314E-1 1.10332E-1 3.09437E-1 4.05112E-1 6.02827E-1 4.74013E-1 2.92241E-1 7.19934E-2 4.88701E-2 1.25154E-1 1.20081E-1 8.82037E-2 4.69341E-2 4.09883E-2 2.15428E-2 3.11261E-2 3.79859E-2 6.41939E-2 3.24672E-2 1.87007E-2 2.94725E-3 6.44307E-4 5.28756E-4 8.05438E-4 4.8477E-4 2.76217E-4 4.40691E-4 1.69035E-3 2.12733E-3 1.04317E-3 1.1794E-4 7.98675E-5 5.79857E-4 9.32254E-5 2.44525E-5 1.47204E-4 1.15578E-3 2.89857E-3 5.98215E-3
1E0 1E0 1E0 1E0 1E0 1E0 1E0 1E0 1E0 1E0 1E0 1E0 1E0 1E0 1E0 1E0 1E0 1E0 1E0 1E0 1E0 1E0 1E0 1E0 1E0 1E0 8.81779E-1 7.82091E-1 9.56491E-1 9.98369E-1 7.82658E-1 7.29254E-1 8.00394E-1 4.5978E-1 3.39756E-1 1.32218E-1 1.71683E-1 4.95553E-1 7.02466E-1 8.42152E-1 7.23717E-1 7.79325E-1 8.58452E-1 8.27582E-1 5.57502E-1 1.8206E-1 3.2209E-2 5.52271E-2 1.15385E-1 2.37694E-1 2.26951E-1 1.51999E-1 3.98959E-2 1.23746E-2 1.96616E-2 5.32079E-2 1.74704E-2 1.19033E-1 3.99351E-2 1.60754E-2 4.7897E-3 3.93562E-3 2.05963E-3 3.06947E-3 1.64328E-3 1.10026E-3 4.35586E-3 3.06742E-3 7.11463E-4 9.66642E-4 9.75446E-4 7.34962E-4 2.05908E-4 5.34622E-5 4.45917E-4 1.92966E-3 3.36319E-3 3.41074E-3
1E0 1E0 1E0 1E0 1E0 1E0 1E0 1E0 1E0 1E0 1E0 1E0 1E0 1E0 1E0 1E0 1E0 1E0 1E0 1E0 1E0 1E0 1E0 1E0 1E0 1E0 9.61025E-1 8.13178E-1 7.69656E-1 9.99993E-1 8.61774E-1 6.67749E-1 9.40552E-1 9.6218E-1 4.74804E-1 1.59345E-1 -9999 -9999 -9999 -9999 9.26638E-1 9.00234E-1 5.91573E-1 -9999 -9999 -9999 -9999 1.5163E-1 2.13676E-1 6.94343E-2 5.4144E-2 8.28545E-2 2.94073E-2 2.76501E-2 1.74643E-2 6.72464E-2 6.74119E-2 9.10046E-2 5.38532E-2 1.75217E-2 1.04993E-2 3.87003E-2 1.52352E-2 9.93569E-3 8.15978E-3 2.3841E-3 3.00824E-3 1.91676E-3 2.62388E-3 2.08163E-3 3.95472E-4 2.53261E-4 1.74768E-4 6.72644E-5 4.88177E-4 3.80847E-3 6.81988E-3 5.91217E-3
1E0 1E0 1E0 1E0 1E0 1E0 1E0 1E0 1E0 1E0 1E0 1E0 1E0 1E0 1E0 1E0 1E0 1E0 1E0 1E0 1E0 1E0 1E0 1E0 1E0 9.99968E-1 1E0 1E0 9.74582E-1 9.99979E-1 9.67363E-1 9.81119E-1 9.98907E-1 9.43334E-1 3.84583E-1 2.03137E-1 -9999 -9999 -9999 -9999 -9999 8.08425E-1 -9999 -9999 -9999 -9999 -9999 -9999 1.18725E-1 3.76649E-2 5.36473E-2 1.22445E-1 6.64479E-2 7.35166E-2 1.13468E-1 1.94617E-1 1.46117E-1 1.58762E-2 2.06022E-2 2.54103E-2 1.32567E-2 1.07799E-2 5.78201E-3 3.08934E-3 2.28121E-3 7.21917E-4 1.63474E-3 1.01025E-3 8.52714E-4 1.11418E-3 1.11776E-4 8.8164E-5 2.33628E-5 3.19657E-5 6.84247E-4 9.79076E-3 -9999 -9999
1E0 1E0 1E0 1E0 1E0 1E0 1E0 1E0 1E0 1E0 1E0 1E0 1E0 1E0 1E0 1E0 1E0 1E0 1E0 1E0 1E0 1E0 1E0 1E0 1E0 1E0 1E0 1E0 1E0 1E0 9.73765E-1 8.78528E-1 8.08326E-1 6.39032E-1 4.36637E-1 3.59148E-1 -9999 -9999 -9999 -9999 -9999 -9999 -9999 -9999 -9999 -9999 -9999 -9999 2.07967E-1 3.02085E-1 2.2452E-1 2.52223E-1 7.44206E-2 2.4891E-2 9.72536E-2 6.47953E-2 6.52883E-2 7.79261E-2 3.63496E-2 1.63012E-2 4.08976E-3 1.02178E-2 6.6661E-3 4.0797E-3 7.01365E-3 4.06859E-3 7.96611E-4 3.59369E-4 3.29633E-4 3.09347E-4 7.6398E-5 1.56151E-5 8.77146E-6 4.16444E-5 5.69631E-4 5.51837E-3 -9999 -9999
1E0 1E0 1E0 1E0 1E0 1E0 1E0 1E0 1E0 1E0 1E0 1E0 1E0 1E0 1E0 1E0 1E0 1E0 1E0 1E0 1E0 1E0 1E0 1E0 1E0 1E0 9.9999E-1 1E0 1E0 1E0 9.19213E-1 3.12497E-1 4.64838E-1 4.43851E-1 -9999 -9999 -9999 -9999 -9999 -9999 -9999 -9999 -9999 -9999 -9999 -9999 -9999 -9999 1.58392E-1 1.74904E-1 3.24005E-1 8.15531E-2 1.75239E-2 9.94928E-3 1.09674E-1 5.46557E-2 1.94995E-2 3.72538E-2 7.40547E-2 3.0232E-2 2.38699E-3 6.29592E-3 7.13501E-3 1.7233E-2 6.8822E-3 4.24328E-3 5.57316E-4 2.96489E-4 7.74145E-5 1.23018E-5 2.97586E-6 5.14478E-6 8.97712E-6 9.80031E-5 1.47624E-3 1.71208E-2 1.43077E-2 -9999
1E0 1E0 1E0 1E0 1E0 1E0 1E0 1E0 1E0 1E0 1E0 1E0 1E0 1E0 1E0 1E0 1E0 1E0 1E0 1E0 1E0 1E0 1E0 1E0 1E0 1E0 1E0 1E0 1E0 1E0 9.79112E-1 5.60098E-1 5.90724E-1 7.27281E-1 4.97314E-1 -9999 -9999 -9999 -9999 -9999 -9999 -9999 -9999 -9999 -9999 -9999 -9999 -9999 1.26031E-1 1.38015E-1 3.0796E-1 9.95998E-2 3.35437E-2 1.60089E-2 3.32186E-2 4.41608E-2 1.89728E-2 1.10612E-2 1.0804E-2 2.40532E-2 3.19789E-3 4.93241E-4 7.68135E-3 7.31355E-3 1.10281E-2 1.42627E-2 9.79421E-4 4.20787E-4 1.90521E-4 8.74827E-6 1.93436E-6 2.42114E-6 1.18176E-5 2.44402E-4 4.22851E-3 9.1499E-3 1.05359E-2 -9999
1E0 1E0 1E0 1E0 1E0 1E0 1E0 1E0 1E0 1E0 1E0 1E0 1E0 1E0 1E0 1E0 1E0 1E0 1E0 1E0 1E0 1E0 1E0 1E0 1E0 1E0 1E0 1E0 1E0 1E0 1E0 9.08924E-1 1E0 1E0 1E0 3.17418E-1 -9999 -9999 -9999 -9999 -9999 -9999 -9999 -9999 -9999 -9999 -9999 -9999 5.15881E-2 2.79486E-1 3.96173E-1 1.51506E-1 1.90433E-2 8.60932E-3 2.1155E-2 1.36204E-2 1.28556E-2 5.38674E-3 3.73315E-3 5.00738E-3 2.82118E-3 2.11664E-4 8.99259E-4 4.28351E-4 2.4199E-3 6.34945E-3 1.44631E-3 3.52957E-4 7.73757E-5 4.93732E-5 1.01066E-5 6.32775E-6 5.67808E-5 4.13122E-4 4.27605E-3 2.3412E-2 2.59298E-2 -9999
1E0 1E0 1E0 1E0 1E0 1E0 1E0 1E0 1E0 1E0 1E0 1E0 1E0 1E0 1E0 1E0 1E0 1E0 1E0 1E0 1E0 1E0 1E0 1E0 1E0 1E0 1E0 1E0 1E0 1E0 1E0 1E0 1E0 1E0 1E0 8.65281E-1 4.38305E-1 -9999 -9999 -9999 -9999 -9999 -9999 -9999 -9999 -9999 -9999 -9999 7.17897E-2 1.83542E-1 3.06198E-1 2.93477E-1 8.78826E-2 4.34894E-2 2.07536E-2 1.1939E-2 9.88033E-3 6.2259E-3 3.17034E-3 1.17553E-3 8.96565E-4 8.35823E-4 6.20925E-4 1.07171E-4 8.87864E-4 4.53257E-3 1.33558E-3 3.94579E-4 3.6646E-4 8.41845E-5 2.02134E-5 9.31859E-6 5.21946E-5 2.44573E-4 6.75088E-3 1.91468E-2 -9999 -9999
1E0 1E0 1E0 1E0 1E0 1E0 1E0 1E0 1E0 1E0 1E0 1E0 1E0 1E0 1E0 1E0 1E0 1E0 1E0 1E0 1E0 1E0 1E0 1E0 1E0 1E0 9.99985E-1 9.99999E-1 1E0 1E0 1E0 1E0 1E0 1E0 1E0 9.82635E-1 5.39151E-1 -9999 -9999 -9999 -9999 -9999 -9999 -9999 -9999 -9999 -9999 -9999 3.19272E-2 2.14311E-1 1.60887E-1 1.17114E-1 1.17583E-1 1.08533E-1 6.62076E-2 2.2986E-2 1.3033E-2 1.37485E-2 1.52781E-2 1.16375E-2 3.23554E-3 9.07663E-3 7.1133E-4 7.35564E-5 5.66502E-4 2.10146E-3 5.079E-4 1.04607E-4 1.41614E-4 5.74041E-5 2.52655E-5 1.16444E-5 1.10544E-5 4.70039E-4 6.17827E-3 2.49918E-2 -9999 -9999
1E0 1E0 1E0 1E0 1E0 1E0 1E0 1E0 1E0 1E0 1E0 1E0 1E0 1E0 1E0 1E0 1E0 1E0 1E0 1E0 1E0 1E0 1E0 1E0 1E0 1E0 1E0 1E0 1E0 1E0 1E0 1E0 1E0 1E0 9.99999E-1 9.17932E-1 2.02328E-1 -9999 -9999 -9999 -9999 -9999 -9999 -9999 -9999 -9999 -9999 -9999 1.19204E-2 2.75572E-2 6.22717E-2 3.75397E-2 4.08999E-2 1.20107E-2 1.50654E-2 1.95514E-2 1.65337E-2 9.50996E-3 1.02206E-2 6.53585E-3 6.03445E-3 5.68477E-3 9.35898E-4 9.07767E-5 1.06236E-4 1.25965E-3 4.23416E-4 6.27375E-5 1.14775E-5 4.69086E-6 5.3001E-6 3.12294E-6 7.23491E-5 7.81012E-4 8.22409E-3 1.88668E-2 -9999 -9999
1E0 1E0 1E0 1E0 1E0 1E0 1E0 1E0 1E0 1E0 1E0 1E0 1E0 1E0 1E0 1E0 1E0 1E0 1E0 1E0 1E0 1E0 1E0 1E0 1E0 1E0 1E0 1E0 1E0 1E0 1E0 1E0 1E0 1E0 9.99996E-1 3.6103E-1 2.15039E-1 -9999 -9999 -9999 -9999 -9999 -9999 -9999 -9999 -9999 -9999 -9999 -9999 4.1327E-2 3.21594E-2 2.14214E-2 2.7248E-2 1.35504E-2 5.16065E-3 5.21003E-3 1.11554E-2 5.10252E-3 7.17442E-3 3.23611E-3 1.52824E-3 6.0472E-3 4.04855E-4 7.05482E-5 9.88614E-5 7.56663E-4 5.22741E-4 8.41061E-5 6.78322E-5 4.09998E-6 2.24287E-6 8.24355E-6 6.70368E-5 1.43559E-3 1.26885E-2 1.77235E-2 -9999 -9999
1E0 1E0 1E0 1E0 1E0 1E0 1E0 1E0 1E0 1E0 1E0 1E0 1E0 1E0 1E0 1E0 1E0 1E0 1E0 1E0 1E0 1E0 1E0 1E0 1E0 1E0 1E0 9.97891E-1 9.99949E-1 1E0 1E0 1E0 1E0 9.96594E-1 8.79647E-1 4.96436E-1 7.90615E-1 9.99882E-1 -9999 -9999 -9999 -9999 -9999 -9999 -9999 -9999 -9999 -9999 1.1192E-2 1.92322E-2 1.83262E-2 2.08158E-2 1.39683E-2 1.33685E-2 7.49847E-3 4.82951E-3 3.93977E-3 2.84516E-3 1.68354E-3 9.1498E-4 1.66356E-3 3.05525E-4 3.88901E-5 2.48329E-5 8.52055E-6 9.74121E-5 1.81675E-4 7.39898E-6 5.61349E-6 9.72643E-6 6.3191E-6 1.98803E-5 6.77232E-5 6.07471E-4 2.59596E-3 2.34325E-2 -9999 -9999
1E0 1E0 1E0 1E0 1E0 1E0 1E0 1E0 1E0 1E0 1E0 1E0 1E0 1E0 1E0 1E0 1E0 1E0 1E0 1E0 1E0 1E0 1E0 1E0 1E0 1E0 1E0 1E0 1E0 1E0 1E0 1E0 1E0 9.99998E-1 9.99752E-1 9.90273E-1 9.98742E-1 9.17111E-1 1.40437E-1 -9999 -9999 -9999 -9999 -9999 -9999 -9999 -9999 -9999 1.00629E-2 3.36367E-2 1.54856E-2 1.0096E-2 2.11729E-2 1.6675E-2 1.78776E-2 1.7644E-2 7.52378E-3 5.64451E-3 1.32215E-3 7.97087E-4 8.94106E-4 3.15267E-4 1.21549E-4 3.03762E-4 3.41081E-5 2.23404E-5 4.3772E-5 3.48293E-6 3.91803E-5 9.59587E-5 8.13819E-5 2.29504E-5 1.29716E-4 5.26344E-4 6.57968E-3 2.45097E-2 -9999 -9999
1E0 1E0 1E0 1E0 1E0 1E0 1E0 1E0 1E0 1E0 9.94138E-1 9.90768E-1 1E0 1E0 1E0 1E0 1E0 1E0 1E0 1E0 1E0 1E0 1E0 1E0 1E0 1E0 1E0 1E0 1E0 1E0 1E0 1E0 9.9984E-1 9.90281E-1 9.99078E-1 9.65086E-1 6.60769E-2 1.69253E-2 2.00314E-2 2.23975E-2 -9999 -9999 -9999 -9999 -9999 -9999 -9999 -9999 -9999 1.18519E-1 1.50322E-2 1.87792E-2 2.31551E-2 2.88475E-2 2.03705E-2 3.40089E-2 3.00709E-2 6.84315E-3 9.2159E-3 5.59954E-3 4.0096E-3 1.75567E-3 1.57877E-3 2.17661E-4 1.95068E-5 4.24431E-6 5.58418E-6 9.32859E-6 5.67722E-5 1.71532E-4 5.76347E-5 2.48559E-5 1.65671E-4 3.44879E-4 2.67252E-3 1.30848E-2 -9999 -9999
1E0 1E0 1E0 1E0 1E0 1E0 1E0 1E0 1E0 1E0 9.9973E-1 9.45428E-1 9.99017E-1 9.99998E-1 1E0 1E0 1E0 1E0 1E0 1E0 1E0 1E0 1E0 1E0 1E0 1E0 1E0 1E0 1E0 1E0 1E0 1E0 1E0 9.92718E-1 7.74123E-1 1.63878E-1 1.29599E-2 2.31296E-2 2.50511E-2 3.38462E-2 -9999 -9999 -9999 -9999 -9999 -9999 -9999 -9999 -9999 -9999 1.46303E-2 1.47177E-2 1.78589E-2 1.23691E-2 3.52501E-2 1.63967E-2 1.93377E-2 1.81055E-2 1.7614E-2 1.7177E-2 5.06201E-3 6.02112E-3 1.18796E-3 8.13583E-5 7.39689E-6 5.29894E-6 2.99646E-5 1.08821E-4 1.01089E-4 3.67573E-4 3.17709E-4 5.40861E-5 1.88941E-4 2.34265E-4 7.4621E-4 6.36314E-3 2.02661E-2 -9999
1E0 1E0 1E0 1E0 1E0 1E0 1E0 1E0 1E0 1E0 1E0 9.83584E-1 9.95562E-1 9.99608E-1 1E0 1E0 1E0 1E0 1E0 1E0 1E0 1E0 1E0 1E0 1E0 1E0 1E0 1E0 1E0 1E0 1E0 9.99819E-1 8.65376E-1 5.51197E-1 3.36821E-1 3.63249E-2 1.04158E-2 1.40409E-2 2.6036E-2 4.53755E-2 5.55022E-2 -9999 -9999 -9999 -9999 -9999 -9999 -9999 -9999 -9999 -9999 -9999 1.97614E-2 2.51668E-2 2.29085E-2 2.26143E-2 1.87056E-2 1.19241E-2 5.75946E-3 6.43438E-3 2.65752E-3 6.7697E-4 4.65294E-4 1.53305E-4 8.33817E-6 6.25881E-6 9.64738E-5 2.69408E-4 6.09955E-4 4.67281E-4 3.69778E-4 2.82882E-4 4.87141E-4 5.25996E-4 5.35937E-4 8.29648E-3 2.29308E-2 -9999
1E0 1E0 1E0 1E0 1E0 1E0 1E0 1E0 1E0 1E0 1E0 9.99996E-1 9.90219E-1 9.95941E-1 9.99948E-1 1E0 1E0 1E0 1E0 1E0 1E0 1E0 1E0 1E0 1E0 1E0 1E0 1E0 1E0 9.99771E-1 9.99551E-1 9.49031E-1 8.7401E-1 7.09072E-1 4.99951E-1 3.70002E-1 8.04029E-3 1.95937E-2 8.20334E-2 1.39998E-1 3.7358E-1 1.04257E-1 1.39158E-1 -9999 -9999 -9999 -9999 -9999 -9999 -9999 -9999 -9999 -9999 1.57367E-2 8.91082E-3 5.56634E-3 2.18372E-2 2.12961E-2 2.3662E-2 1.64941E-2 6.04969E-3 1.2334E-3 8.22145E-4 1.3129E-4 7.45943E-5 1.93976E-5 1.22762E-5 9.29986E-5 5.55901E-4 1.18034E-3 6.49381E-4 5.50845E-4 1.99943E-3 1.00291E-3 1.47978E-3 1.44462E-2 3.02792E-2 -9999
1E0 1E0 1E0 1E0 1E0 1E0 1E0 1E0 1E0 1E0 1E0 1E0 9.99979E-1 9.99722E-1 9.99985E-1 9.95906E-1 1E0 1E0 1E0 1E0 1E0 1E0 1E0 1E0 1E0 1E0 1E0 9.99543E-1 9.89214E-1 8.51182E-1 8.47747E-1 8.61763E-1 9.12971E-1 8.17293E-1 5.05595E-1 9.98899E-2 2.47079E-2 7.9822E-2 9.95027E-1 9.88525E-1 9.99523E-1 1.32076E-1 6.06462E-2 6.32099E-2 -9999 -9999 -9999 -9999 -9999 -9999 -9999 -9999 -9999 -9999 7.51584E-3 1.89548E-3 5.24188E-3 1.16096E-2 7.51074E-3 1.14802E-2 1.29875E-2 5.63636E-3 1.92908E-3 9.16749E-4 5.75614E-4 2.44843E-5 8.00799E-6 1.29086E-4 4.72875E-4 1.92326E-3 4.30364E-3 4.9986E-3 3.58206E-3 9.32222E-4 1.79704E-3 2.01211E-2 3.70214E-2 -9999
1E0 1E0 1E0 1E0 1E0 1E0 1E0 1E0 1E0 1E0 1E0 1E0 1E0 1E0 9.99862E-1 9.99913E-1 1E0 1E0 1E0 1E0 1E0 1E0 1E0 1E0 1E0 1E0 1E0 9.9596E-1 9.13611E-1 7.26343E-1 3.26561E-1 5.1362E-1 5.76258E-1 6.72447E-1 4.3408E-1 2.19075E-1 3.67965E-1 8.06082E-1 9.99995E-1 9.99175E-1 6.137E-1 9.45804E-2 1.05777E-2 2.30344E-2 1.21907E-1 -9999 -9999 -9999 -9999 -9999 -9999 -9999 -9999 -9999 1.34272E-2 2.15267E-3 6.36767E-4 6.57747E-3 2.97355E-3 3.52222E-3 5.19515E-3 4.83795E-3 8.02647E-4 4.61276E-4 1.57158E-4 4.4719E-5 4.24665E-6 1.55944E-5 1.97109E-4 4.35358E-4 3.97292E-3 1.29004E-2 5.23613E-3 9.93874E-4 1.90914E-3 1.79344E-2 3.63336E-2 -9999
1E0 1E0 1E0 1E0 1E0 1E0 1E0 1E0 1E0 1E0 1E0 1E0 1E0 9.99993E-1 9.84483E-1 9.82837E-1 1E0 1E0 1E0 1E0 1E0 1E0 1E0 1E0 1E0 1E0 9.9614E-1 8.94915E-1 8.57971E-1 7.87114E-1 6.43916E-1 2.66306E-1 5.11674E-1 2.84685E-1 1.15527E-1 1.64551E-1 7.05626E-1 7.73476E-1 9.39099E-1 1.24E-1 1.62616E-3 3.62744E-3 5.6524E-3 6.04659E-3 1.58508E-2 2.78193E-2 -9999 -9999 -9999 -9999 -9999 -9999 -9999 -9999 -9999 3.43094E-3 5.98179E-4 5.74263E-3 3.11333E-3 3.23319E-3 2.30257E-3 8.04894E-3 4.82957E-4 6.19692E-5 1.74822E-5 4.08752E-6 6.89954E-6 9.64912E-5 3.95383E-4 4.73453E-4 5.63901E-4 7.7491E-3 3.55071E-3 4.03915E-3 9.61875E-3 2.40732E-2 7.13059E-2 -9999
1E0 1E0 1E0 1E0 1E0 1E0 1E0 1E0 9.99993E-1 9.9937E-1 9.99997E-1 1E0 1E0 9.99941E-1 9.99629E-1 9.99397E-1 1E0 1E0 1E0 1E0 1E0 1E0 1E0 1E0 1E0 9.99371E-1 9.69536E-1 8.00179E-1 6.17304E-1 8.23254E-1 9.38301E-1 1.50769E-1 1.93745E-1 1.97803E-1 4.45076E-2 5.37522E-2 1.09465E-1 1.0958E-1 4.5303E-1 9.75645E-3 3.24593E-4 1.39006E-3 2.18457E-4 7.09006E-4 2.39041E-3 1.03059E-2 2.19923E-2 -9999 -9999 -9999 -9999 -9999 -9999 -9999 -9999 1.17323E-2 2.6863E-3 3.23016E-3 9.08207E-4 1.62948E-3 9.80247E-4 1.66785E-3 8.89802E-4 4.64668E-5 5.87975E-6 2.5689E-6 1.30626E-5 2.52717E-4 7.59465E-4 1.37766E-3 1.74221E-3 9.4119E-3 9.47339E-3 5.55556E-3 2.67421E-2 6.52305E-2 -9999 -9999
1E0 1E0 1E0 1E0 1E0 1E0 1E0 1E0 1E0 9.99973E-1 9.99981E-1 1E0 1E0 1E0 1E0 9.99998E-1 1E0 1E0 1E0 1E0 1E0 1E0 1E0 1E0 1E0 9.99993E-1 9.84884E-1 8.61447E-1 6.27657E-1 6.52028E-1 4.86762E-1 8.79222E-3 1.16151E-2 8.7678E-2 3.25943E-3 3.60022E-3 6.90043E-3 2.86635E-2 6.84904E-2 6.46283E-4 1.1591E-4 1.73581E-4 1.82701E-5 5.95777E-5 3.40587E-4 8.4801E-4 4.58676E-3 1.60146E-2 2.50398E-2 -9999 -9999 -9999 -9999 -9999 -9999 3.16229E-2 1.06335E-2 8.71045E-3 2.2672E-3 8.34183E-3 1.77367E-3 4.36289E-4 8.61593E-5 8.93799E-6 1.03173E-5 5.05376E-6 2.01161E-5 5.05767E-4 2.42378E-3 5.21505E-3 8.07707E-3 9.22436E-3 1.30569E-2 2.08969E-2 2.91653E-2 -9999 -9999 -9999
1E0 1E0 1E0 1E0 1E0 1E0 1E0 1E0 1E0 9.99978E-1 9.99992E-1 9.99965E-1 1E0 1E0 1E0 1E0 1E0 1E0 1E0 1E0 1E0 1E0 1E0 1E0 1E0 9.95028E-1 8.90475E-1 6.47038E-1 6.89201E-1 7.05276E-1 2.57973E-3 4.1541E-2 7.52289E-3 3.10309E-4 1.29217E-4 1.3753E-4 2.04994E-4 6.03594E-4 2.72939E-3 4.20498E-4 4.72581E-5 1.19023E-5 2.94844E-6 1.34277E-5 3.75743E-5 1.68011E-4 1.995E-3 1.20452E-2 3.1297E-2 1.08046E-2 -9999 5.06407E-2 -9999 -9999 -9999 -9999 -9999 -9999 4.87527E-3 1.36636E-2 2.20482E-3 1.88893E-4 1.41165E-5 4.96254E-6 4.61343E-5 1.29033E-5 3.68907E-4 2.09495E-3 4.5202E-3 1.62304E-2 2.53844E-2 8.60384E-3 1.65454E-2 2.30611E-2 -9999 -9999 -9999 -9999
1E0 1E0 1E0 1E0 1E0 1E0 1E0 1E0 1E0 1E0 1E0 9.99459E-1 1E0 1E0 1E0 1E0 1E0 1E0 1E0 1E0 1E0 1E0 1E0 1E0 9.99999E-1 9.9983E-1 8.11347E-1 5.02913E-1 5.89767E-1 4.72345E-1 2.7988E-1 3.70635E-1 2.39229E-3 3.08348E-4 5.98422E-4 2.92366E-4 1.43598E-4 6.90343E-4 9.39493E-4 1.8987E-4 9.14776E-6 1.4668E-6 1.4092E-6 7.88044E-6 2.12474E-5 1.2109E-4 1.22897E-3 8.95765E-3 2.01868E-2 4.22886E-2 2.59787E-2 1.65418E-1 -9999 -9999 -9999 -9999 -9999 -9999 3.42155E-3 4.5987E-3 4.84906E-4 1.45906E-4 2.57524E-5 5.05398E-6 5.70293E-5 2.12608E-4 5.31814E-4 1.95861E-3 2.21134E-3 3.9192E-3 1.62787E-2 2.3538E-2 -9999 -9999 -9999 -9999 -9999 -9999
1E0 1E0 1E0 1E0 1E0 1E0 1E0 1E0 1E0 1E0 1E0 9.76204E-1 9.90627E-1 1E0 1E0 1E0 1E0 1E0 1E0 1E0 1E0 1E0 1E0 1E0 9.99133E-1 9.9924E-1 9.88158E-1 8.57674E-1 5.84332E-1 4.97631E-1 3.20891E-1 2.73601E-1 9.02704E-3 3.58075E-3 1.23894E-3 2.66034E-4 8.17982E-4 2.66522E-4 2.56929E-4 2.60365E-5 2.71889E-6 1.4199E-6 1.5749E-6 1.19867E-5 2.36601E-4 7.18523E-5 1.37138E-3 7.48675E-3 1.12267E-2 2.36164E-2 5.67406E-2 5.16804E-2 -9999 -9999 -9999 -9999 -9999 -9999 -9999 5.22433E-3 1.24459E-3 7.31476E-5 1.44589E-5 3.45256E-6 3.01045E-5 1.82958E-4 4.0771E-4 2.07875E-4 9.22555E-4 4.74564E-3 2.24539E-2 7.66828E-2 -9999 -9999 -9999 -9999 -9999 -9999
