ENM/Final_Models/M_0.8_F_q_Set_1_EC/Gustavia_santanderiensis_5_Choco.asc
ncols         367
nrows         963
xllcorner     -78.6
yllcorner     0.65
cellsize      0.00833333333333323
NODATA_value  -9999
[rows 390 to 419 of 963, columns 201 to 267 of 367]
9.99996E-1 9.99979E-1 9.98896E-1 9.99833E-1 9.99998E-1 9.99734E-1 9.99948E-1 9.99997E-1 9.99999E-1 9.99996E-1 9.99804E-1 9.99998E-1 9.99615E-1 9.99542E-1 9.98468E-1 9.99963E-1 9.92021E-1 9.99418E-1 9.9435E-1 9.99829E-1 9.99533E-1 9.99984E-1 9.99954E-1 9.99756E-1 9.99997E-1 1E0 9.99975E-1 9.99968E-1 9.99985E-1 9.99987E-1 9.99454E-1 9.95126E-1 9.94972E-1 9.83314E-1 9.51461E-1 9.99849E-1 9.98342E-1 9.99524E-1 9.92104E-1 9.77598E-1 9.83489E-1 9.99417E-1 9.99543E-1 9.90223E-1 9.9588E-1 9.99523E-1 9.81082E-1 9.95476E-1 9.96531E-1 9.99815E-1 9.96928E-1 9.91302E-1 9.97724E-1 9.97986E-1 9.98777E-1 9.99318E-1 9.99294E-1 9.99963E-1 9.98214E-1 9.9981E-1 9.99969E-1 9.9989E-1 9.99843E-1 9.99054E-1 9.99443E-1 9.96529E-1 9.91618E-1
9.99718E-1 1E0 9.99733E-1 9.99953E-1 9.98873E-1 9.98929E-1 9.99865E-1 9.9994E-1 9.99972E-1 9.99999E-1 1E0 9.99998E-1 9.99738E-1 9.99924E-1 9.99945E-1 9.96091E-1 9.99653E-1 9.99374E-1 9.96781E-1 9.99522E-1 9.99861E-1 9.99253E-1 9.99912E-1 9.99983E-1 9.99984E-1 9.99983E-1 9.99955E-1 1E0 9.99996E-1 9.81221E-1 9.99153E-1 9.9309E-1 9.94846E-1 9.98326E-1 9.9504E-1 9.98268E-1 9.99737E-1 9.99924E-1 9.99583E-1 9.9997E-1 9.9936E-1 9.82155E-1 9.99091E-1 9.931E-1 9.99956E-1 9.98949E-1 9.99368E-1 9.99573E-1 9.95342E-1 9.99711E-1 9.99246E-1 9.99293E-1 9.9886E-1 9.79631E-1 9.98976E-1 9.98902E-1 9.96053E-1 9.98552E-1 9.99827E-1 9.99938E-1 9.99846E-1 9.99965E-1 9.99744E-1 9.95936E-1 9.99379E-1 9.98828E-1 9.94819E-1
9.99953E-1 9.99979E-1 9.99996E-1 9.99989E-1 9.99954E-1 9.87095E-1 9.99343E-1 9.99988E-1 9.99954E-1 9.99995E-1 1E0 9.99997E-1 9.99615E-1 9.99438E-1 9.99949E-1 9.9452E-1 9.99996E-1 9.99987E-1 9.99964E-1 9.98996E-1 9.97725E-1 9.99999E-1 9.99958E-1 9.99976E-1 9.99692E-1 9.99987E-1 9.99997E-1 9.99997E-1 9.99998E-1 9.99918E-1 9.99771E-1 9.99541E-1 9.99902E-1 9.99825E-1 9.92262E-1 9.98426E-1 9.64283E-1 9.99953E-1 9.99326E-1 9.89119E-1 9.91261E-1 9.99161E-1 9.99633E-1 9.95945E-1 9.99987E-1 9.99646E-1 9.92547E-1 9.97979E-1 9.99813E-1 9.99708E-1 9.96917E-1 9.93956E-1 9.99038E-1 9.91721E-1 9.93744E-1 9.89614E-1 9.96922E-1 9.97921E-1 9.99681E-1 9.99662E-1 9.9994E-1 9.99346E-1 9.9955E-1 9.98613E-1 9.99692E-1 9.97124E-1 9.9762E-1
9.97648E-1 9.96751E-1 9.98456E-1 9.99313E-1 9.99907E-1 9.99961E-1 9.99831E-1 9.9749E-1 9.99687E-1 9.99997E-1 9.99998E-1 9.95313E-1 9.98699E-1 9.99692E-1 9.99753E-1 9.96594E-1 9.80233E-1 9.99897E-1 9.9986E-1 9.65731E-1 9.99288E-1 9.99969E-1 9.99958E-1 1E0 9.99615E-1 9.99562E-1 9.99999E-1 9.99997E-1 9.99992E-1 9.9961E-1 9.99129E-1 9.99971E-1 9.99974E-1 9.99939E-1 9.99764E-1 9.99704E-1 9.99161E-1 9.88118E-1 9.99142E-1 9.77994E-1 9.81388E-1 9.98919E-1 9.98114E-1 9.76416E-1 9.96436E-1 9.94474E-1 9.99748E-1 9.95557E-1 9.94582E-1 9.99147E-1 9.98665E-1 9.90728E-1 9.99635E-1 9.95403E-1 9.76892E-1 9.7819E-1 9.94643E-1 9.97557E-1 9.92225E-1 9.9957E-1 9.98845E-1 9.96687E-1 9.99944E-1 9.99938E-1 9.99808E-1 9.97396E-1 9.95602E-1
9.97931E-1 9.97605E-1 9.99971E-1 9.99895E-1 9.99991E-1 9.99688E-1 9.99996E-1 9.99999E-1 9.99995E-1 9.99626E-1 9.99592E-1 9.9951E-1 9.70919E-1 9.99877E-1 9.99929E-1 9.90209E-1 9.98788E-1 9.99521E-1 9.99915E-1 9.99705E-1 9.99802E-1 9.95371E-1 9.99935E-1 9.99994E-1 9.99696E-1 9.99815E-1 9.99851E-1 9.99998E-1 9.99978E-1 9.99997E-1 9.99215E-1 9.99933E-1 9.99913E-1 9.99907E-1 9.99876E-1 9.99774E-1 9.92694E-1 9.99668E-1 8.99133E-1 9.79039E-1 9.97484E-1 9.90259E-1 9.92284E-1 9.88279E-1 9.96605E-1 9.93483E-1 9.99933E-1 9.99992E-1 9.99847E-1 9.99894E-1 9.9962E-1 9.9866E-1 9.99061E-1 9.95159E-1 9.9489E-1 9.92313E-1 9.97011E-1 9.92976E-1 9.97191E-1 9.98697E-1 9.94243E-1 9.98308E-1 9.97623E-1 9.99831E-1 9.95673E-1 9.99084E-1 9.86052E-1
9.9984E-1 9.99385E-1 9.98201E-1 9.98648E-1 9.99596E-1 9.99448E-1 9.99811E-1 9.99999E-1 9.9998E-1 9.99999E-1 9.99939E-1 9.99687E-1 9.99736E-1 9.99929E-1 9.99834E-1 9.99226E-1 9.99543E-1 9.96652E-1 9.99786E-1 9.9582E-1 9.99936E-1 9.99608E-1 9.99936E-1 9.99998E-1 9.99988E-1 9.99441E-1 9.99865E-1 9.99966E-1 9.9993E-1 9.99898E-1 9.99911E-1 9.99931E-1 9.9982E-1 9.99782E-1 9.99623E-1 9.99956E-1 9.99992E-1 9.99879E-1 9.99969E-1 9.99767E-1 9.99981E-1 9.85085E-1 9.85575E-1 9.94646E-1 9.98815E-1 9.98477E-1 9.97678E-1 9.99957E-1 9.99965E-1 9.99884E-1 9.99573E-1 9.99754E-1 9.99769E-1 9.98144E-1 9.90016E-1 9.97207E-1 9.98826E-1 9.98566E-1 9.9918E-1 9.97705E-1 9.72872E-1 9.99417E-1 9.99447E-1 9.95588E-1 9.87784E-1 9.94939E-1 9.44307E-1
9.90641E-1 9.9451E-1 9.99901E-1 9.99961E-1 9.99968E-1 9.99996E-1 9.99908E-1 9.99979E-1 9.99911E-1 9.99962E-1 9.99935E-1 9.99978E-1 9.99339E-1 9.91309E-1 9.93533E-1 9.9951E-1 9.92577E-1 9.97477E-1 9.8721E-1 9.92981E-1 9.93533E-1 9.99791E-1 9.98633E-1 9.99436E-1 9.99718E-1 9.99977E-1 9.99798E-1 9.99987E-1 9.99947E-1 9.99067E-1 9.94439E-1 9.87544E-1 9.99844E-1 9.97454E-1 9.94796E-1 9.97546E-1 9.99114E-1 9.86596E-1 9.72732E-1 9.87392E-1 9.8592E-1 9.72486E-1 9.99656E-1 9.99675E-1 9.99764E-1 9.99987E-1 9.97288E-1 9.99854E-1 9.99875E-1 9.9997E-1 9.99983E-1 9.99776E-1 9.99954E-1 9.96515E-1 9.85732E-1 9.9524E-1 9.94175E-1 9.82303E-1 9.94746E-1 9.98348E-1 9.88258E-1 9.96234E-1 9.96722E-1 9.98357E-1 9.93641E-1 9.93091E-1 9.47284E-1
9.93544E-1 9.97534E-1 9.99951E-1 9.99631E-1 9.99809E-1 9.99789E-1 9.99982E-1 9.99956E-1 9.99983E-1 9.96496E-1 9.99898E-1 9.99977E-1 9.99987E-1 9.93165E-1 9.88431E-1 9.9821E-1 9.99859E-1 9.99624E-1 9.94225E-1 9.86813E-1 9.92395E-1 9.99998E-1 9.99995E-1 9.99995E-1 9.99665E-1 9.99556E-1 9.99725E-1 9.99767E-1 9.99635E-1 9.93145E-1 9.99913E-1 9.75099E-1 9.98457E-1 9.94763E-1 9.99797E-1 9.49601E-1 9.68522E-1 9.85067E-1 9.77711E-1 9.99673E-1 9.99905E-1 9.98767E-1 9.95258E-1 9.99691E-1 9.996E-1 9.98271E-1 9.96335E-1 9.85103E-1 9.99668E-1 9.99459E-1 9.99848E-1 9.9968E-1 9.99342E-1 9.9682E-1 9.82153E-1 9.79296E-1 9.77973E-1 9.75737E-1 9.95969E-1 9.82898E-1 9.96751E-1 9.97105E-1 9.60966E-1 9.99081E-1 9.98971E-1 9.85414E-1 9.83641E-1
9.94983E-1 9.96806E-1 9.99493E-1 9.94936E-1 9.99993E-1 9.99987E-1 9.99428E-1 9.99984E-1 9.99752E-1 9.9992E-1 9.99982E-1 9.99566E-1 9.96386E-1 9.97665E-1 9.85044E-1 9.98123E-1 9.9984E-1 9.80899E-1 9.96587E-1 9.99911E-1 1E0 9.98535E-1 9.93266E-1 9.98745E-1 9.99341E-1 9.99449E-1 9.98022E-1 9.99997E-1 9.99987E-1 9.99833E-1 9.95863E-1 9.99996E-1 9.99126E-1 9.99929E-1 9.99724E-1 9.98334E-1 9.9512E-1 9.99607E-1 9.99754E-1 9.99917E-1 9.95473E-1 9.99696E-1 9.98078E-1 9.97092E-1 9.99704E-1 9.99936E-1 9.9995E-1 9.99975E-1 9.98952E-1 9.9904E-1 9.95468E-1 9.99188E-1 9.98187E-1 9.89099E-1 9.8817E-1 9.96093E-1 9.62145E-1 9.96755E-1 9.97944E-1 9.62903E-1 9.92813E-1 9.92481E-1 9.80881E-1 9.87595E-1 9.97114E-1 9.98104E-1 9.98079E-1
9.999E-1 9.99577E-1 9.98369E-1 9.99913E-1 9.99998E-1 9.99979E-1 9.99934E-1 9.99946E-1 1E0 9.99926E-1 9.98229E-1 9.96796E-1 9.99512E-1 9.98161E-1 9.7122E-1 9.60983E-1 9.75162E-1 9.9851E-1 9.63652E-1 9.99905E-1 9.99929E-1 9.99186E-1 9.99999E-1 9.99243E-1 9.9936E-1 9.97152E-1 9.99834E-1 9.99953E-1 9.99995E-1 9.9907E-1 9.99935E-1 9.99932E-1 9.98386E-1 9.99975E-1 9.95943E-1 9.99923E-1 9.97937E-1 9.99789E-1 9.99829E-1 9.98196E-1 9.99373E-1 9.99978E-1 9.7086E-1 9.9558E-1 9.99574E-1 9.98808E-1 9.99789E-1 9.99931E-1 9.99627E-1 9.98226E-1 9.98566E-1 9.98692E-1 9.99719E-1 9.75727E-1 9.60223E-1 9.55809E-1 9.71947E-1 9.82525E-1 9.54375E-1 9.78591E-1 9.9769E-1 9.95718E-1 9.54423E-1 9.97188E-1 9.79661E-1 9.99267E-1 9.96464E-1
9.999E-1 9.97806E-1 9.99841E-1 1E0 9.99999E-1 9.99994E-1 9.99995E-1 9.99896E-1 9.97584E-1 9.99995E-1 9.99269E-1 9.98663E-1 9.99808E-1 9.99357E-1 9.58351E-1 9.93365E-1 9.97946E-1 9.98305E-1 9.86004E-1 9.99859E-1 9.92072E-1 9.99586E-1 9.99999E-1 9.99822E-1 9.99952E-1 9.99969E-1 9.96701E-1 9.9844E-1 9.9965E-1 9.99984E-1 9.98473E-1 9.88589E-1 9.92001E-1 9.99828E-1 9.99644E-1 9.82833E-1 9.85041E-1 9.9009E-1 9.99123E-1 9.9581E-1 9.97656E-1 9.99494E-1 9.90625E-1 9.96333E-1 9.97077E-1 9.99037E-1 9.99218E-1 9.94156E-1 9.99831E-1 9.95909E-1 9.97257E-1 9.99034E-1 9.95016E-1 9.76452E-1 9.84549E-1 9.87036E-1 9.94776E-1 9.90077E-1 9.65973E-1 9.90462E-1 9.96713E-1 9.95806E-1 9.74444E-1 9.97615E-1 9.98318E-1 9.97654E-1 9.98491E-1
9.99631E-1 9.97875E-1 9.99969E-1 9.99983E-1 1E0 9.99999E-1 9.99999E-1 9.99983E-1 9.99991E-1 9.9991E-1 9.99991E-1 9.94572E-1 9.757E-1 9.57198E-1 9.50818E-1 9.5764E-1 9.89348E-1 9.82011E-1 9.99979E-1 9.9995E-1 9.86826E-1 9.90075E-1 9.99988E-1 9.99998E-1 9.9999E-1 9.99977E-1 9.99935E-1 9.99906E-1 9.99671E-1 9.95342E-1 9.99496E-1 9.99689E-1 9.99878E-1 9.99853E-1 9.96506E-1 9.87465E-1 9.99551E-1 9.95115E-1 9.9554E-1 9.99894E-1 9.9863E-1 9.99441E-1 9.96408E-1 9.99908E-1 9.99779E-1 9.9816E-1 9.98295E-1 9.98164E-1 9.9983E-1 9.97025E-1 9.95533E-1 9.94529E-1 9.9329E-1 9.99482E-1 9.92426E-1 9.85168E-1 9.85823E-1 9.75948E-1 9.87665E-1 9.95254E-1 9.98678E-1 9.9113E-1 9.94584E-1 9.98834E-1 9.96686E-1 9.99179E-1 9.98727E-1
9.99761E-1 9.99834E-1 9.99987E-1 9.99999E-1 9.99998E-1 1E0 1E0 9.99874E-1 9.99998E-1 9.99913E-1 9.99596E-1 9.95223E-1 9.98256E-1 9.99719E-1 7.73465E-1 8.63724E-1 9.6907E-1 9.87462E-1 9.95823E-1 9.99974E-1 9.97388E-1 9.99175E-1 9.96037E-1 9.97502E-1 9.99984E-1 9.99661E-1 9.99677E-1 9.99452E-1 9.99834E-1 9.99752E-1 9.9959E-1 9.95969E-1 9.98893E-1 9.99315E-1 9.93973E-1 7.80995E-1 9.95646E-1 9.98921E-1 9.99917E-1 9.99598E-1 9.99601E-1 9.99755E-1 9.73204E-1 9.93992E-1 9.94102E-1 9.98997E-1 9.99494E-1 9.97175E-1 9.99629E-1 9.9609E-1 9.85059E-1 9.97836E-1 9.95584E-1 9.98948E-1 9.99709E-1 9.99654E-1 9.98859E-1 9.97055E-1 9.86377E-1 9.97538E-1 9.96631E-1 9.99239E-1 9.96901E-1 9.99569E-1 9.98703E-1 9.98902E-1 9.99001E-1
9.99996E-1 9.99996E-1 1E0 9.99999E-1 9.9999E-1 9.99999E-1 9.99935E-1 9.99921E-1 9.99731E-1 9.99821E-1 9.97678E-1 9.9806E-1 9.84159E-1 9.93958E-1 9.82217E-1 9.75323E-1 9.98174E-1 9.99337E-1 9.99938E-1 9.75029E-1 9.99975E-1 9.99995E-1 9.99935E-1 9.99893E-1 9.99995E-1 9.9994E-1 9.99993E-1 9.99991E-1 9.99876E-1 9.99952E-1 9.9992E-1 9.99959E-1 9.9277E-1 9.96155E-1 9.87929E-1 9.02013E-1 9.99373E-1 9.97039E-1 9.99947E-1 9.99426E-1 9.99904E-1 9.99304E-1 9.99243E-1 9.99501E-1 9.99777E-1 9.99889E-1 9.9983E-1 9.91969E-1 9.88915E-1 9.97476E-1 9.94386E-1 9.8954E-1 9.96463E-1 9.99726E-1 9.99854E-1 9.99914E-1 9.99705E-1 9.98729E-1 9.92036E-1 9.92833E-1 9.95396E-1 9.92326E-1 9.94433E-1 9.95038E-1 9.99837E-1 9.98617E-1 9.79581E-1
9.99997E-1 9.99997E-1 1E0 9.99954E-1 9.99977E-1 9.99913E-1 9.99909E-1 9.9959E-1 9.99989E-1 9.99139E-1 9.98668E-1 9.88562E-1 9.79126E-1 9.52965E-1 9.63422E-1 8.71017E-1 9.92959E-1 9.99972E-1 9.99016E-1 9.9925E-1 9.77356E-1 9.84106E-1 9.98911E-1 9.98849E-1 9.9914E-1 9.97424E-1 9.99299E-1 9.99861E-1 9.99587E-1 9.99941E-1 9.9657E-1 9.99977E-1 9.97515E-1 9.99646E-1 9.99565E-1 9.8103E-1 9.99138E-1 9.98795E-1 9.98674E-1 9.99874E-1 9.99538E-1 9.99587E-1 9.98679E-1 9.98274E-1 9.97028E-1 9.95563E-1 9.83246E-1 9.96965E-1 9.9943E-1 9.98611E-1 9.95873E-1 9.9804E-1 9.99591E-1 9.9996E-1 9.99653E-1 9.99898E-1 9.99586E-1 9.99196E-1 9.99927E-1 9.99757E-1 9.98607E-1 9.99727E-1 9.99724E-1 9.99675E-1 9.99619E-1 9.96265E-1 9.82121E-1
9.99965E-1 9.9999E-1 1E0 9.99994E-1 9.99999E-1 9.99969E-1 9.99749E-1 9.99742E-1 9.99909E-1 9.99693E-1 9.99614E-1 9.81486E-1 9.98474E-1 9.87122E-1 9.41914E-1 9.47598E-1 8.79721E-1 9.91253E-1 9.99848E-1 9.99705E-1 9.72342E-1 8.75876E-1 9.88874E-1 9.99878E-1 9.99977E-1 9.99559E-1 9.99958E-1 9.99929E-1 9.99985E-1 9.99936E-1 9.99565E-1 9.99925E-1 9.93621E-1 9.99922E-1 9.99889E-1 9.93149E-1 9.93222E-1 9.98796E-1 9.8768E-1 9.9977E-1 9.99912E-1 9.97534E-1 9.99427E-1 9.99174E-1 9.98791E-1 9.99679E-1 9.99756E-1 9.97269E-1 9.97831E-1 9.99534E-1 9.97027E-1 9.97519E-1 9.97871E-1 9.97123E-1 9.93743E-1 9.94349E-1 9.93921E-1 9.93604E-1 9.98859E-1 9.92557E-1 9.99353E-1 9.99185E-1 9.98311E-1 9.98137E-1 9.99815E-1 9.9977E-1 9.96023E-1
9.9994E-1 9.99928E-1 9.99901E-1 9.99988E-1 1E0 9.99911E-1 9.99026E-1 9.9986E-1 9.99996E-1 9.99987E-1 9.98172E-1 9.98129E-1 9.73379E-1 9.89419E-1 9.99512E-1 9.99546E-1 9.39547E-1 9.92083E-1 9.77931E-1 9.99812E-1 9.9841E-1 8.82152E-1 9.99997E-1 9.9992E-1 9.95564E-1 9.99908E-1 9.99936E-1 9.9992E-1 9.9999E-1 9.9999E-1 9.93927E-1 9.95065E-1 9.9345E-1 9.9572E-1 9.84768E-1 9.98435E-1 9.97272E-1 9.98879E-1 9.90461E-1 9.96223E-1 9.99796E-1 9.97407E-1 9.98804E-1 9.9696E-1 9.99808E-1 9.98703E-1 9.99278E-1 9.9977E-1 9.98536E-1 9.997E-1 9.9956E-1 9.9746E-1 9.92027E-1 9.88535E-1 9.59446E-1 9.81089E-1 9.92643E-1 9.78457E-1 9.99557E-1 9.984E-1 9.99313E-1 9.99647E-1 9.94758E-1 9.98764E-1 9.8185E-1 9.87492E-1 9.9905E-1
9.99843E-1 9.99966E-1 9.99955E-1 9.99993E-1 9.99998E-1 9.99826E-1 9.99978E-1 9.99405E-1 9.99898E-1 9.99998E-1 9.99396E-1 9.93493E-1 9.98399E-1 9.90221E-1 9.90367E-1 9.99673E-1 9.72495E-1 9.92527E-1 9.31673E-1 7.33875E-1 9.95371E-1 9.94197E-1 9.2104E-1 9.97098E-1 9.99918E-1 9.99795E-1 9.99981E-1 9.99901E-1 9.99711E-1 9.99899E-1 9.96726E-1 9.99334E-1 9.99967E-1 9.98828E-1 9.99973E-1 9.96661E-1 9.94735E-1 9.99475E-1 9.99895E-1 9.99754E-1 9.99916E-1 9.98733E-1 9.97002E-1 9.99032E-1 9.98905E-1 9.98102E-1 9.98926E-1 9.99792E-1 9.98399E-1 9.99644E-1 9.99911E-1 9.9763E-1 9.92463E-1 9.5919E-1 9.87327E-1 9.95968E-1 9.99559E-1 9.96845E-1 9.97574E-1 9.92876E-1 9.99697E-1 9.95937E-1 9.95293E-1 9.98294E-1 9.97663E-1 9.78542E-1 9.95529E-1
9.97907E-1 9.99917E-1 9.99781E-1 9.99966E-1 9.99887E-1 9.99998E-1 9.99948E-1 9.99907E-1 9.99216E-1 9.98376E-1 9.95723E-1 9.86758E-1 9.50042E-1 9.79669E-1 9.92747E-1 8.94899E-1 9.72832E-1 9.9851E-1 9.89525E-1 9.87772E-1 9.58175E-1 9.98865E-1 9.98685E-1 9.62895E-1 9.99527E-1 9.99438E-1 9.99998E-1 9.99989E-1 9.99995E-1 9.98663E-1 9.97925E-1 9.97119E-1 9.99995E-1 9.93684E-1 9.98108E-1 9.99892E-1 9.99966E-1 9.96895E-1 9.99931E-1 9.99725E-1 9.99647E-1 9.9951E-1 9.99919E-1 9.9951E-1 9.99906E-1 9.99985E-1 9.99914E-1 9.99906E-1 9.99919E-1 9.99824E-1 9.99457E-1 9.9983E-1 9.99049E-1 9.99425E-1 9.99408E-1 9.98958E-1 9.99549E-1 9.9414E-1 9.97784E-1 9.91935E-1 9.92365E-1 9.96468E-1 9.7125E-1 9.90491E-1 9.96728E-1 7.32212E-1 8.97419E-1
9.89776E-1 9.9995E-1 9.99999E-1 9.99999E-1 9.99971E-1 9.99948E-1 9.99893E-1 9.99916E-1 9.98414E-1 9.90871E-1 9.99325E-1 9.74993E-1 9.73135E-1 8.76055E-1 9.98518E-1 9.85671E-1 9.04492E-1 9.64526E-1 9.3736E-1 9.40492E-1 9.52373E-1 8.90821E-1 9.761E-1 9.95706E-1 9.99997E-1 9.99997E-1 9.99632E-1 9.99621E-1 9.98815E-1 9.99319E-1 9.97293E-1 9.99744E-1 9.99533E-1 9.98648E-1 9.99422E-1 9.99888E-1 9.99738E-1 9.99984E-1 9.99938E-1 9.9924E-1 9.97232E-1 9.9999E-1 9.99902E-1 9.99911E-1 9.9995E-1 9.96318E-1 9.99774E-1 9.9971E-1 9.99869E-1 9.99856E-1 9.97916E-1 9.99871E-1 9.9863E-1 9.99649E-1 9.99297E-1 9.99497E-1 9.99387E-1 9.98185E-1 9.95729E-1 9.99602E-1 9.99516E-1 9.87739E-1 9.68502E-1 8.53821E-1 7.1776E-1 5.65858E-1 3.08844E-1
9.99822E-1 9.99967E-1 9.99835E-1 9.99913E-1 9.99999E-1 9.99866E-1 9.9999E-1 9.99993E-1 9.9922E-1 9.9644E-1 9.97384E-1 9.83648E-1 6.87925E-1 9.97775E-1 9.66047E-1 9.19357E-1 8.33849E-1 7.38805E-1 8.88652E-1 9.66607E-1 9.5455E-1 9.945E-1 9.97316E-1 9.94395E-1 9.99988E-1 9.99997E-1 9.9993E-1 9.99961E-1 9.99885E-1 9.97553E-1 9.99974E-1 9.99917E-1 9.99887E-1 9.99799E-1 9.99294E-1 9.99808E-1 9.99987E-1 9.99986E-1 9.99936E-1 9.99886E-1 9.99769E-1 9.99864E-1 9.99962E-1 9.99755E-1 9.99977E-1 9.92275E-1 9.99968E-1 9.99946E-1 9.99644E-1 9.99607E-1 9.9858E-1 9.9709E-1 9.99709E-1 9.99493E-1 9.98658E-1 9.98804E-1 9.98828E-1 9.95517E-1 9.9406E-1 9.97456E-1 9.92416E-1 9.06278E-1 9.86597E-1 7.22378E-1 6.28385E-1 4.40916E-2 1.66016E-2
9.99962E-1 9.99151E-1 9.99682E-1 9.99669E-1 9.99951E-1 9.99992E-1 9.99977E-1 9.99956E-1 9.99893E-1 9.98518E-1 9.99611E-1 9.76321E-1 8.81465E-1 9.02691E-1 9.34249E-1 8.42133E-1 8.71265E-1 6.95687E-1 8.53754E-1 9.5203E-1 9.8815E-1 9.87517E-1 9.97469E-1 9.9931E-1 9.99672E-1 9.91282E-1 9.99299E-1 9.99136E-1 9.98408E-1 9.99639E-1 9.99983E-1 9.99747E-1 9.99964E-1 9.99961E-1 9.98001E-1 9.9924E-1 9.99885E-1 9.9999E-1 9.9986E-1 9.99976E-1 9.99996E-1 9.9994E-1 9.99326E-1 9.99884E-1 9.96833E-1 9.99306E-1 9.99694E-1 9.99197E-1 9.9977E-1 9.99831E-1 9.99531E-1 9.9431E-1 9.94039E-1 9.93846E-1 9.96522E-1 9.98379E-1 9.95595E-1 9.9352E-1 9.91396E-1 9.65374E-1 8.48157E-1 5.62981E-1 1.41958E-1 1.12162E-1 8.74497E-2 5.66513E-2 2.68384E-2
9.99987E-1 9.99926E-1 9.99354E-1 9.99892E-1 9.99979E-1 9.99984E-1 9.91163E-1 9.99999E-1 9.99955E-1 9.94407E-1 9.93258E-1 9.27668E-1 8.39526E-1 9.46288E-1 8.988E-1 7.65682E-1 8.35632E-1 8.28031E-1 9.49257E-1 9.95937E-1 9.93437E-1 9.92715E-1 9.99477E-1 9.99985E-1 9.99976E-1 9.99601E-1 9.99893E-1 9.99236E-1 9.98449E-1 9.99756E-1 9.99995E-1 9.97474E-1 9.99724E-1 9.99611E-1 9.99864E-1 9.99967E-1 9.99994E-1 9.99991E-1 9.99955E-1 9.9981E-1 9.99475E-1 9.98502E-1 9.99984E-1 9.99391E-1 9.99099E-1 9.97634E-1 9.97986E-1 9.99379E-1 9.9871E-1 9.9819E-1 9.98104E-1 9.95021E-1 9.97172E-1 9.73129E-1 9.21265E-1 9.97547E-1 9.95996E-1 9.89153E-1 9.93657E-1 9.80202E-1 7.22518E-1 1.64303E-1 8.88886E-2 2.80201E-2 1.75686E-2 7.75773E-3 1.33772E-2
9.99522E-1 9.9922E-1 9.99972E-1 9.9997E-1 9.99929E-1 9.99993E-1 9.99896E-1 9.99988E-1 9.99994E-1 9.94182E-1 9.95812E-1 9.36948E-1 9.81024E-1 9.66954E-1 9.90239E-1 8.89408E-1 8.98233E-1 9.248E-1 9.83885E-1 9.12142E-1 9.61717E-1 9.79749E-1 9.93693E-1 9.99992E-1 9.98756E-1 9.99944E-1 9.96124E-1 9.9979E-1 9.99957E-1 9.98586E-1 9.98737E-1 9.61385E-1 9.99898E-1 9.98619E-1 9.95988E-1 9.9846E-1 9.99932E-1 9.99647E-1 9.99997E-1 9.99999E-1 9.99945E-1 9.91872E-1 9.99836E-1 9.99979E-1 9.99438E-1 9.99406E-1 9.97159E-1 9.97512E-1 9.95217E-1 9.99356E-1 9.96024E-1 9.96487E-1 9.94228E-1 9.88991E-1 9.92484E-1 9.86633E-1 9.89906E-1 9.96122E-1 9.73816E-1 9.96457E-1 8.97327E-1 2.93911E-1 1.80082E-2 4.61877E-3 1.02248E-2 7.07548E-3 6.48509E-3
9.99931E-1 9.99993E-1 9.99702E-1 9.99971E-1 9.99634E-1 9.99992E-1 9.99997E-1 9.99995E-1 9.99935E-1 9.99077E-1 9.99306E-1 9.81118E-1 9.96898E-1 9.60335E-1 9.08602E-1 9.92307E-1 9.86362E-1 9.80639E-1 9.89377E-1 9.97569E-1 9.83496E-1 9.9469E-1 9.99519E-1 9.62154E-1 9.94505E-1 9.99675E-1 9.99948E-1 9.37551E-1 9.91693E-1 9.94238E-1 9.99649E-1 9.74948E-1 9.99845E-1 9.99923E-1 9.99883E-1 9.99819E-1 9.99832E-1 9.99993E-1 9.99995E-1 9.99948E-1 9.99608E-1 9.99729E-1 9.98692E-1 9.99833E-1 9.99956E-1 9.98862E-1 9.99161E-1 9.88113E-1 9.89427E-1 9.95033E-1 9.97017E-1 9.92015E-1 9.91061E-1 9.95718E-1 9.96291E-1 9.89735E-1 9.44243E-1 9.83958E-1 9.84774E-1 9.91911E-1 9.49423E-1 7.05023E-1 1.97038E-2 2.3214E-3 2.57095E-3 3.3954E-3 1.60809E-3
9.99994E-1 9.99678E-1 9.99097E-1 9.91553E-1 9.99017E-1 9.9975E-1 9.99993E-1 9.99997E-1 9.99944E-1 9.98764E-1 9.9943E-1 9.96526E-1 9.86012E-1 9.80108E-1 9.85275E-1 9.84189E-1 9.99712E-1 9.99466E-1 9.95616E-1 9.91018E-1 9.99435E-1 9.81519E-1 9.9663E-1 9.27038E-1 9.91318E-1 9.98254E-1 9.99891E-1 9.99446E-1 9.99716E-1 9.99984E-1 9.97834E-1 9.99929E-1 9.99294E-1 9.96784E-1 9.99885E-1 9.99951E-1 9.99995E-1 9.99977E-1 9.999E-1 9.99888E-1 9.99969E-1 9.9999E-1 9.99986E-1 9.99959E-1 9.99308E-1 9.61881E-1 9.96638E-1 9.90515E-1 9.84253E-1 9.72006E-1 9.81869E-1 9.6901E-1 9.71974E-1 9.88236E-1 9.94195E-1 9.88917E-1 9.92193E-1 9.94823E-1 9.93935E-1 9.92247E-1 7.80249E-1 4.15306E-1 1.17456E-2 9.34738E-3 3.52285E-3 2.42669E-3 3.69349E-3
9.99971E-1 1E0 9.99716E-1 9.80759E-1 9.97412E-1 9.99877E-1 9.99971E-1 9.99825E-1 9.94547E-1 9.99394E-1 9.92016E-1 9.97088E-1 9.99473E-1 9.49901E-1 9.80799E-1 9.87806E-1 9.62091E-1 9.88997E-1 9.87876E-1 9.7712E-1 9.2257E-1 9.7497E-1 9.81342E-1 8.82065E-1 9.49592E-1 9.87093E-1 9.99832E-1 9.99538E-1 9.99793E-1 9.991E-1 9.99874E-1 9.99834E-1 9.99424E-1 9.94772E-1 9.99978E-1 9.99977E-1 9.99999E-1 9.99981E-1 9.99999E-1 9.99687E-1 9.99991E-1 9.99999E-1 9.99945E-1 9.99783E-1 9.8625E-1 9.99509E-1 9.9877E-1 9.30893E-1 9.51382E-1 9.90156E-1 9.94691E-1 9.97145E-1 9.64713E-1 9.26499E-1 9.8031E-1 9.99021E-1 9.99112E-1 9.98002E-1 9.96492E-1 9.44377E-1 8.11816E-1 4.31238E-1 1.02405E-1 6.46841E-2 3.54512E-2 4.28924E-3 1.36804E-2
9.99951E-1 9.9998E-1 9.99933E-1 9.99802E-1 9.9996E-1 1E0 9.99996E-1 9.99982E-1 9.96565E-1 9.76021E-1 9.9205E-1 9.98786E-1 9.94237E-1 9.8283E-1 9.88176E-1 9.97846E-1 9.98739E-1 9.90783E-1 9.57149E-1 9.44478E-1 9.06737E-1 9.76912E-1 9.10622E-1 8.75297E-1 9.55477E-1 9.06682E-1 9.97943E-1 9.99836E-1 9.99931E-1 9.99993E-1 9.99949E-1 9.99968E-1 9.99651E-1 9.99996E-1 9.99963E-1 9.99965E-1 9.99999E-1 9.99994E-1 9.99996E-1 9.99996E-1 9.99986E-1 9.99975E-1 9.99831E-1 9.99994E-1 9.98712E-1 9.99886E-1 9.98007E-1 9.36886E-1 9.86343E-1 9.82712E-1 9.85668E-1 9.59222E-1 9.84336E-1 9.88559E-1 9.85162E-1 9.99254E-1 9.99739E-1 9.99531E-1 9.91172E-1 9.03518E-1 5.63476E-1 6.88734E-1 6.06899E-1 2.46364E-1 9.09999E-2 7.3223E-2 3.01991E-2
9.99999E-1 9.99207E-1 9.99732E-1 9.99861E-1 9.99995E-1 9.99865E-1 9.99903E-1 9.98154E-1 9.99752E-1 9.98711E-1 9.92651E-1 9.86526E-1 9.86733E-1 9.63205E-1 9.91651E-1 9.98807E-1 9.92454E-1 9.97402E-1 9.89725E-1 8.72095E-1 8.56186E-1 9.98714E-1 8.94127E-1 8.46326E-1 9.51284E-1 9.6192E-1 9.93203E-1 9.96973E-1 9.99939E-1 9.99998E-1 9.99987E-1 9.99879E-1 9.99988E-1 9.99999E-1 9.99995E-1 9.98826E-1 9.99998E-1 9.99908E-1 9.99992E-1 9.99946E-1 9.99919E-1 9.99994E-1 9.99994E-1 9.99269E-1 9.9982E-1 9.91184E-1 9.95401E-1 9.50867E-1 9.75616E-1 9.74763E-1 9.66211E-1 9.91548E-1 9.96711E-1 9.96881E-1 9.93585E-1 9.89226E-1 9.99788E-1 9.99496E-1 9.98789E-1 9.45212E-1 7.50099E-1 7.4216E-1 6.61311E-1 4.84145E-1 6.58107E-2 2.25866E-2 8.02878E-3
9.99872E-1 9.99622E-1 9.99967E-1 9.99728E-1 9.99838E-1 9.99997E-1 1E0 9.99581E-1 9.99985E-1 9.99772E-1 9.98387E-1 9.90564E-1 9.93794E-1 9.97548E-1 9.9758E-1 9.99582E-1 9.91619E-1 9.90621E-1 9.87462E-1 9.82704E-1 9.86239E-1 9.99475E-1 8.82952E-1 8.95867E-1 9.8042E-1 9.81852E-1 9.9962E-1 9.99542E-1 9.99988E-1 9.99974E-1 9.99993E-1 9.99822E-1 9.99993E-1 9.99999E-1 9.99999E-1 9.99968E-1 9.99984E-1 9.99975E-1 9.99678E-1 9.99653E-1 9.99818E-1 9.99833E-1 9.98877E-1 9.99846E-1 9.99799E-1 9.99622E-1 9.95983E-1 9.86674E-1 9.28184E-1 9.28933E-1 9.22038E-1 9.99169E-1 9.99798E-1 9.99411E-1 9.98342E-1 9.96609E-1 9.9952E-1 9.74367E-1 9.48969E-1 8.47353E-1 8.83377E-1 7.55057E-1 8.66723E-1 7.11709E-1 3.50038E-1 9.00476E-2 5.16851E-2
