ENM/Final_Models/M_0.8_F_q_Set_1_EC/Gustavia_santanderiensis_0_Choco_clamping.asc
ncols         367
nrows         963
xllcorner     -78.6
yllcorner     0.65
cellsize      0.00833333333333323
NODATA_value  -9999
[rows 713 to 743 of 963, columns 70 to 139 of 367]
-9999 -9999 -9999 -9999 -9999 -9999 -9999 -9999 -9999 -9999 -9999 -9999 -9999 -9999 -9999 -9999 -9999 -9999 -9999 -9999 -9999 -9999 -9999 -9999 -9999 -9999 -9999 -9999 -9999 -9999 -9999 -9999 -9999 -9999 -9999 -9999 -9999 -9999 -9999 -9999 1.65409E-1 1.5252E-2 2.06847E-2 2.21235E-1 1.51244E-2 4.65462E-3 1.4467E-1 3.10452E-3 1.96679E-3 6.01143E-2 1.58579E-3 6.46024E-2 8.95835E-2 2.94093E-8 7.60011E-7 3.06184E-7 1.24415E-7 1.44077E-5 1.43412E-6 2.10114E-6 2.24414E-5 3.8327E-6 3.3946E-5 9.94797E-7 1.10355E-6 1.67193E-8 3.78874E-7 4.5875E-6 2.16488E-7 1.36504E-6
-9999 -9999 -9999 -9999 -9999 -9999 -9999 -9999 -9999 -9999 -9999 -9999 -9999 -9999 -9999 -9999 -9999 -9999 -9999 -9999 -9999 -9999 -9999 -9999 -9999 -9999 -9999 -9999 -9999 -9999 -9999 -9999 -9999 -9999 -9999 -9999 -9999 -9999 -9999 -9999 9.30117E-3 1.7255E-3 5.13408E-3 2.10308E-2 7.06918E-7 1.26752E-2 1.27226E-2 7.43307E-8 8.56113E-7 6.78376E-3 2.08207E-2 4.59665E-7 2.97696E-10 1.40243E-6 3.31609E-8 8.04076E-7 2.69363E-5 7.89686E-7 2.34383E-6 2.88015E-7 4.25102E-5 1.04119E-4 3.2688E-7 1.22019E-8 7.52246E-5 7.57895E-7 2.17752E-5 6.94931E-8 3.15453E-6 3.83251E-5
-9999 -9999 -9999 -9999 -9999 -9999 -9999 -9999 -9999 -9999 -9999 -9999 -9999 -9999 -9999 -9999 -9999 -9999 -9999 -9999 -9999 -9999 -9999 -9999 -9999 -9999 -9999 -9999 -9999 -9999 -9999 -9999 -9999 -9999 -9999 -9999 -9999 -9999 -9999 3.43903E-2 1.94867E-3 3.49389E-3 4.23773E-3 3.20255E-7 7.77888E-3 1.00521E-7 8.48282E-3 5.23976E-9 5.90967E-7 1.74681E-8 1.73033E-2 2.2792E-8 3.4853E-7 3.09756E-6 3.67029E-10 3.58374E-9 2.83831E-7 1.5631E-9 3.76554E-7 2.67779E-9 4.59532E-9 1.81212E-7 6.13478E-8 1.43451E-9 3.70572E-9 3.69611E-6 1.74058E-6 1.74988E-6 3.28503E-5 2.37547E-3
-9999 -9999 -9999 -9999 -9999 -9999 -9999 -9999 -9999 -9999 -9999 -9999 -9999 -9999 -9999 -9999 -9999 -9999 -9999 -9999 -9999 -9999 -9999 -9999 -9999 -9999 -9999 -9999 -9999 -9999 -9999 -9999 -9999 -9999 -9999 -9999 -9999 -9999 1.72004E-3 2.11252E-2 2.16425E-3 7.67176E-2 1.57638E-2 1.35136E-7 2.75271E-2 3.78959E-10 3.10455E-9 5.41151E-8 4.21738E-9 1.05315E-9 1.6909E-9 5.96145E-9 8.8224E-9 2.61851E-6 2.80364E-6 7.87495E-7 2.2537E-8 1.02653E-7 1.18854E-8 6.79062E-8 4.517E-11 8.33071E-11 8.84633E-10 1.7794E-8 1.61659E-6 4.44327E-6 9.74171E-6 1.57884E-4 2.39168E-4 8.91237E-6
-9999 -9999 -9999 -9999 -9999 -9999 -9999 -9999 -9999 -9999 -9999 -9999 -9999 -9999 -9999 -9999 -9999 -9999 -9999 -9999 -9999 -9999 -9999 -9999 -9999 -9999 -9999 -9999 -9999 -9999 -9999 -9999 -9999 -9999 -9999 -9999 -9999 -9999 5.93714E-3 1.61787E-2 1.3857E-1 7.0237E-4 3.14888E-3 1.96857E-3 7.42466E-10 5.33056E-6 3.88431E-2 6.67927E-2 6.24929E-2 4.52936E-6 2.14078E-2 2.42924E-9 6.7665E-7 4.24676E-2 1.58832E-2 4.84145E-2 8.89271E-2 5.86182E-7 3.21546E-6 8.47078E-7 2.54672E-6 1.71344E-5 8.00699E-5 5.0509E-8 2.86178E-8 2.13546E-6 1.73809E-4 7.26835E-5 5.0838E-4 9.85958E-4
-9999 -9999 -9999 -9999 -9999 -9999 -9999 -9999 -9999 -9999 -9999 -9999 -9999 -9999 -9999 -9999 -9999 -9999 -9999 -9999 -9999 -9999 -9999 -9999 -9999 -9999 -9999 -9999 -9999 -9999 -9999 -9999 -9999 -9999 -9999 -9999 -9999 5.20299E-8 2.62153E-6 3.97796E-8 6.91882E-2 6.26621E-2 9.7275E-2 1.20822E-1 3.82425E-2 2.71234E-7 2.11995E-7 5.22732E-3 9.59573E-3 6.69155E-3 1.34505E-8 2.80601E-2 4.26335E-2 7.13426E-2 1.31611E-1 9.21559E-2 2.30882E-1 2.01333E-1 5.52625E-6 9.8392E-2 5.14051E-5 1.77626E-7 6.70433E-5 1.74226E-6 6.94709E-7 9.48579E-4 9.10612E-4 1.38317E-2 2.15403E-3 1.0037E-2
-9999 -9999 -9999 -9999 -9999 -9999 -9999 -9999 -9999 -9999 -9999 -9999 -9999 -9999 -9999 -9999 -9999 -9999 -9999 -9999 -9999 -9999 -9999 -9999 -9999 -9999 -9999 -9999 -9999 -9999 -9999 -9999 -9999 -9999 -9999 -9999 1.61502E-6 6.21928E-11 7.4417E-7 2.39586E-9 1.2199E-7 3.18777E-8 6.9611E-14 1.7182E-10 6.33485E-10 6.52464E-3 1.92168E-8 1.56136E-2 7.15554E-2 2.04935E-2 4.67789E-5 7.02688E-2 2.27561E-5 6.29799E-2 1.152E-1 2.83993E-2 4.99038E-3 3.00131E-1 8.9567E-2 2.0134E-1 2.95641E-1 1.5681E-1 1.78769E-1 5.13501E-9 6.9478E-10 1.79228E-5 3.63183E-5 1.27726E-3 3.29366E-3 5.79462E-3
-9999 -9999 -9999 -9999 -9999 -9999 -9999 -9999 -9999 -9999 -9999 -9999 -9999 -9999 -9999 -9999 -9999 -9999 -9999 -9999 -9999 -9999 -9999 -9999 -9999 -9999 -9999 -9999 -9999 -9999 -9999 -9999 -9999 -9999 -9999 4.02121E-7 4.03764E-7 8.45002E-3 1.05114E-8 4.85864E-7 3.05185E-6 2.08646E-8 1.36369E-8 7.77665E-8 9.41404E-11 9.09177E-9 8.3551E-8 1.60976E-6 2.38652E-6 3.5986E-8 1.23629E-6 5.7004E-2 3.27434E-5 6.28953E-2 4.97933E-2 4.80243E-2 3.73476E-3 9.64931E-2 1.03391E-4 4.55031E-4 6.00961E-4 5.4635E-4 9.97316E-5 1.06224E-5 4.15715E-10 1.58996E-6 6.2537E-9 6.1181E-6 2.85928E-5 1.77136E-5
-9999 -9999 -9999 -9999 -9999 -9999 -9999 -9999 -9999 -9999 -9999 -9999 -9999 -9999 -9999 -9999 -9999 -9999 -9999 -9999 -9999 -9999 -9999 -9999 -9999 -9999 -9999 -9999 -9999 -9999 -9999 -9999 -9999 -9999 6.7796E-7 6.86931E-6 4.86571E-7 9.122E-3 3.74139E-8 7.64387E-8 1.12526E-7 9.21508E-11 3.01811E-8 5.35002E-8 1.1134E-7 1.9417E-9 2.29493E-9 4.922E-7 2.61854E-8 9.42465E-6 5.40851E-2 5.57844E-7 4.58074E-8 5.25739E-2 5.11894E-3 1.35885E-2 6.66295E-5 3.13911E-5 1.19966E-2 4.79836E-3 2.02075E-1 4.74833E-1 4.02007E-4 8.63266E-6 2.08935E-6 8.56406E-11 1.01305E-4 5.46898E-5 2.07896E-5 4.69977E-4
-9999 -9999 -9999 -9999 -9999 -9999 -9999 -9999 -9999 -9999 -9999 -9999 -9999 -9999 -9999 -9999 -9999 -9999 -9999 -9999 -9999 -9999 -9999 -9999 -9999 -9999 -9999 -9999 -9999 -9999 -9999 -9999 -9999 9.78593E-4 1.9326E-6 9.86495E-7 6.52216E-7 3.34981E-8 9.99449E-9 4.43501E-12 8.99134E-10 2.14636E-10 6.52882E-10 9.52425E-9 2.76101E-9 9.10983E-9 2.49445E-5 1.60205E-5 2.66526E-7 8.21541E-6 4.21177E-5 9.75159E-7 2.52416E-8 5.52339E-2 1.91032E-3 4.2671E-5 4.66818E-6 4.18325E-3 3.07549E-4 2.96668E-6 1.33397E-2 3.60947E-1 2.92601E-5 2.8508E-6 2.35203E-6 1.04607E-8 2.4435E-6 2.33714E-8 2.30515E-4 4.8463E-4
-9999 -9999 -9999 -9999 -9999 -9999 -9999 -9999 -9999 -9999 -9999 -9999 -9999 -9999 -9999 -9999 -9999 -9999 -9999 -9999 -9999 -9999 -9999 -9999 -9999 -9999 -9999 -9999 -9999 -9999 9.12603E-14 8.25467E-3 9.14158E-3 1.0325E-1 1.50283E-7 1.59175E-8 3.65858E-9 1.70873E-8 9.1847E-9 2.83071E-11 4.00159E-11 1.20193E-12 6.30673E-12 6.40205E-10 1.59202E-8 7.45421E-8 5.05915E-6 2.39321E-2 1.17991E-7 4.24925E-8 1.84319E-10 8.72641E-6 9.01845E-5 1.00479E-1 1.06593E-1 3.6442E-3 6.0942E-4 3.19531E-4 1.46794E-4 4.78799E-3 1.14006E-2 4.92539E-3 3.50484E-4 2.22542E-7 4.78095E-7 2.31853E-7 9.15688E-7 2.07581E-3 9.12209E-4 2.54597E-3
-9999 -9999 -9999 -9999 -9999 -9999 -9999 -9999 -9999 -9999 -9999 -9999 -9999 -9999 -9999 -9999 -9999 -9999 -9999 -9999 -9999 -9999 -9999 -9999 -9999 -9999 -9999 -9999 3.36041E-4 1.04856E-4 2.94096E-7 5.83541E-3 2.32506E-2 3.82381E-2 1.16372E-11 4.61955E-9 1.09682E-9 1.22311E-7 7.42574E-8 4.83267E-7 8.30482E-11 1.31982E-9 3.74392E-10 6.67083E-10 6.82006E-7 3.14462E-9 9.06836E-11 7.92234E-6 6.0198E-2 7.06253E-6 8.93512E-7 9.63238E-4 9.13107E-5 2.57978E-3 1.42918E-1 9.5916E-2 2.61281E-1 2.43364E-5 3.24045E-7 4.48278E-3 8.93806E-4 1.15981E-2 1.78552E-3 1.52847E-4 1.3504E-5 3.43118E-6 2.34062E-5 2.83293E-3 9.87661E-3 1.95699E-2
-9999 -9999 -9999 -9999 -9999 -9999 -9999 -9999 -9999 -9999 -9999 -9999 -9999 -9999 -9999 -9999 -9999 -9999 -9999 -9999 -9999 -9999 -9999 -9999 -9999 -9999 1.66552E-9 1.34276E-11 2.05708E-2 3.95246E-2 1.12422E-2 8.70122E-3 5.10745E-7 1.30072E-2 4.14847E-9 2.42645E-11 2.03215E-10 8.24078E-8 2.92403E-11 1.81143E-6 1.46902E-8 2.96526E-7 1.95364E-9 5.38208E-11 2.55714E-8 5.23834E-8 5.26898E-10 9.64452E-9 1.23299E-2 8.05455E-3 3.22811E-5 7.05037E-6 5.31096E-6 1.39935E-5 4.27217E-7 1.04592E-9 3.694E-3 5.38021E-2 1.41709E-4 7.85179E-4 2.4556E-2 2.60558E-3 1.23885E-2 1.01638E-3 2.40687E-5 2.31838E-4 1.87885E-3 9.77841E-6 1.21865E-4 1.83744E-2
-9999 -9999 -9999 -9999 -9999 -9999 -9999 -9999 -9999 -9999 -9999 -9999 -9999 -9999 -9999 -9999 -9999 -9999 -9999 -9999 -9999 -9999 -9999 -9999 -9999 -9999 1.79837E-11 6.19782E-8 5.31408E-12 4.03584E-2 2.25315E-2 2.34071E-2 3.24205E-8 1.23526E-6 3.22606E-9 5.93836E-12 2.75779E-13 1.50274E-9 8.24862E-10 1.26492E-11 2.26754E-10 2.65317E-8 7.37625E-10 6.21517E-9 3.45098E-10 4.81785E-8 2.85334E-8 3.29038E-8 6.75856E-4 1.91463E-4 5.43737E-7 1.86621E-6 1.28675E-7 4.05308E-6 2.28123E-7 3.85577E-6 9.59101E-5 1.50792E-2 1.19761E-2 3.84208E-2 9.71578E-3 5.47734E-3 1.32722E-3 1.70047E-2 5.13031E-3 2.00228E-4 2.00268E-4 3.24717E-4 6.87996E-3 1.15338E-2
-9999 -9999 -9999 -9999 -9999 -9999 -9999 -9999 -9999 -9999 -9999 -9999 -9999 -9999 -9999 -9999 -9999 -9999 -9999 -9999 -9999 -9999 -9999 -9999 -9999 -9999 1.65193E-10 2.00075E-10 7.43849E-15 1.37963E-6 5.34679E-2 5.91069E-3 -9999 4.26029E-10 1.30338E-6 3.00032E-9 1.55664E-12 7.40474E-10 4.55356E-10 2.86616E-11 4.7875E-11 4.20927E-11 5.14845E-9 5.30558E-10 1.15177E-9 9.45054E-8 1.17536E-8 1.24513E-8 3.87062E-9 3.44098E-8 3.36883E-5 1.27222E-5 3.74046E-4 1.65288E-4 3.42935E-7 5.97084E-6 1.62005E-3 3.91231E-3 3.05697E-3 1.18259E-2 7.82217E-2 2.30648E-2 2.7001E-3 3.27124E-3 2.13305E-4 3.61084E-4 3.07149E-4 1.61761E-2 1.16929E-2 8.21439E-4
-9999 -9999 -9999 -9999 -9999 -9999 -9999 -9999 -9999 -9999 -9999 -9999 -9999 -9999 -9999 -9999 -9999 -9999 -9999 -9999 -9999 -9999 -9999 -9999 -9999 -9999 -9999 3.08617E-8 5.72209E-13 1.36282E-9 1.2708E-6 7.6778E-7 1.05684E-2 6.77209E-3 3.75591E-8 5.8098E-13 3.51332E-11 1.76485E-11 2.41657E-7 4.75649E-9 1.06098E-9 6.28582E-8 5.50843E-10 1.0305E-7 9.11013E-8 1.20932E-7 6.00051E-9 9.33194E-9 3.15173E-6 5.06031E-5 2.44655E-8 1.92094E-5 2.61594E-6 2.3169E-4 2.6199E-4 3.48373E-6 7.74502E-5 1.54806E-2 3.97445E-3 9.90999E-3 5.07334E-4 2.51373E-3 1.49332E-3 3.61751E-3 2.43569E-4 1.26217E-2 2.36987E-3 4.98243E-2 6.21151E-2 1.87706E-3
-9999 -9999 -9999 -9999 -9999 -9999 -9999 -9999 -9999 -9999 -9999 -9999 -9999 -9999 1.69659E-1 4.47592E-2 -9999 -9999 -9999 -9999 -9999 -9999 -9999 -9999 -9999 -9999 -9999 -9999 4.84076E-9 6.37812E-3 3.37159E-2 1.03269E-2 5.82283E-10 2.58459E-3 5.29082E-8 1.43411E-8 7.17345E-11 4.38205E-13 1.41098E-11 2.45315E-12 3.38894E-10 1.47165E-10 5.19584E-12 3.0419E-12 5.25375E-9 2.73889E-8 3.67225E-7 4.94693E-7 2.04497E-6 2.64598E-7 1.36496E-6 1.66634E-7 1.47019E-9 1.48137E-3 3.76197E-4 2.34248E-3 9.47505E-4 4.3907E-2 6.03204E-2 3.10831E-3 5.30015E-4 1.11241E-4 1.84345E-3 1.85823E-2 1.35503E-2 6.64304E-4 2.00551E-3 3.24674E-2 5.03494E-2 8.88049E-5
-9999 -9999 -9999 -9999 -9999 -9999 -9999 -9999 -9999 -9999 -9999 2.01991E-1 1.79968E-1 1.2125E-1 6.72263E-2 -9999 -9999 -9999 -9999 -9999 -9999 -9999 -9999 -9999 -9999 -9999 -9999 -9999 5.92859E-14 3.24663E-2 8.47552E-2 1.20865E-2 1.35174E-2 4.74357E-2 4.16542E-3 4.5239E-3 6.56948E-7 5.22127E-9 1.10671E-10 4.26912E-10 9.10843E-10 9.35793E-11 6.00631E-14 1.08384E-10 1.34617E-10 8.48985E-9 1.1927E-8 6.25939E-7 2.80206E-4 5.39029E-3 2.92015E-6 5.71266E-5 3.91798E-6 2.27769E-3 7.48926E-4 8.91116E-5 6.9785E-4 1.29854E-3 1.89331E-2 7.21965E-6 5.951E-6 1.00213E-3 5.15073E-3 1.23776E-2 1.75393E-3 8.16237E-4 4.68594E-3 1.24705E-2 4.7258E-3 2.97127E-3
-9999 -9999 -9999 -9999 -9999 -9999 -9999 -9999 -9999 3.00979E-2 1.35407E-1 6.37425E-2 9.2985E-2 1.71158E-1 2.06116E-1 -9999 -9999 -9999 -9999 -9999 -9999 -9999 -9999 -9999 -9999 -9999 -9999 -9999 6.88642E-3 1.73502E-2 4.72246E-2 2.80105E-2 5.82757E-7 1.1915E-9 9.43441E-2 1.0453E-1 8.09807E-9 7.10099E-8 1.14829E-11 6.42527E-11 1.81526E-8 2.0807E-10 6.82865E-8 2.18581E-10 3.11223E-6 2.99678E-5 9.03378E-8 3.50671E-8 1.6321E-7 4.47408E-6 3.68953E-5 1.58011E-3 7.12107E-5 7.29733E-6 1.71134E-4 1.03028E-3 2.33992E-4 7.11962E-5 2.95262E-4 1.59244E-2 1.36571E-4 1.5946E-3 4.98948E-4 4.5559E-3 2.07878E-2 2.33206E-2 4.5364E-1 4.76983E-1 5.18387E-1 4.94671E-1
-9999 -9999 -9999 -9999 -9999 -9999 -9999 1.02476E-1 6.5049E-2 2.77267E-1 2.31941E-1 1.21838E-1 1.98321E-4 1.94968E-1 1.67637E-2 3.10412E-2 -9999 -9999 -9999 -9999 -9999 -9999 -9999 -9999 -9999 -9999 -9999 -9999 -9999 2.94727E-2 3.27669E-2 2.22314E-2 2.10758E-2 9.62684E-2 2.73045E-2 1.39069E-6 3.30271E-8 5.31256E-11 2.26178E-11 2.6279E-13 7.43849E-15 8.11112E-11 2.44933E-9 6.45937E-9 4.67469E-6 1.65474E-6 5.27431E-7 2.34518E-6 3.41199E-6 9.06326E-6 1.37573E-3 2.95593E-3 1.64612E-5 3.41536E-5 7.52149E-4 3.13055E-3 9.37209E-3 1.93497E-2 8.61939E-3 1.09352E-3 1.2393E-4 7.77068E-4 5.27713E-4 4.04996E-3 3.132E-2 6.02897E-1 3.84998E-1 6.93357E-2 1.40256E-1 2.23586E-1
-9999 -9999 -9999 -9999 -9999 -9999 3.7218E-4 7.10502E-3 3.12644E-4 7.46109E-7 7.10986E-4 9.13206E-2 8.16338E-2 1.74991E-2 9.12722E-2 1.25041E-1 2.88187E-1 -9999 -9999 -9999 -9999 -9999 -9999 -9999 -9999 -9999 -9999 -9999 -9999 3.80517E-2 6.49542E-3 7.87652E-3 6.0713E-3 1.90975E-2 5.2624E-2 9.45183E-8 2.22462E-10 1.48925E-11 9.24276E-11 4.77809E-11 7.85469E-11 3.09553E-7 1.49241E-7 2.3419E-8 8.95919E-6 1.05317E-2 7.99693E-4 2.0772E-4 1.10379E-7 3.61035E-7 1.13264E-5 1.89692E-4 1.60025E-3 1.23691E-3 7.64515E-3 1.68038E-3 2.78137E-3 2.29197E-3 1.08633E-1 2.46823E-1 6.1831E-3 1.57438E-2 3.14995E-1 4.37206E-1 4.86878E-1 1.13998E-1 5.15701E-2 0E0 1.80608E-2 2.77753E-2
-9999 -9999 -9999 -9999 -9999 6.07164E-2 2.71005E-8 3.18294E-7 6.9589E-7 6.89829E-11 4.2915E-7 4.18362E-4 4.28725E-3 5.14776E-2 6.8815E-2 3.09846E-1 1.17782E-1 2.00399E-6 -9999 -9999 -9999 -9999 1.80788E-11 1.74227E-10 6.29485E-11 2.4436E-12 -9999 4.87776E-12 2.92056E-11 1.9795E-2 7.45971E-3 2.28485E-2 2.77665E-8 3.70556E-2 4.32782E-2 5.09851E-2 1.78516E-6 2.99143E-7 1.02153E-11 5.49745E-8 1.00569E-10 4.54712E-10 8.33858E-10 2.89258E-6 9.63499E-4 2.76947E-3 1.29819E-2 1.63585E-4 2.78875E-5 5.46272E-4 7.7692E-4 1.00496E-3 2.24512E-2 1.22629E-2 4.89142E-2 5.38812E-3 1.03786E-2 3.18609E-3 3.92426E-1 3.6916E-1 3.05169E-1 4.14459E-1 4.38499E-1 6.17235E-1 4.18201E-1 1.36677E-2 2.8318E-3 3.23513E-2 0E0 1.60464E-2
-9999 -9999 -9999 6.67888E-2 1.16332E-1 1.60191E-3 7.33285E-4 2.3734E-10 1.17754E-5 1.98915E-9 6.65145E-7 2.73196E-3 5.78894E-4 5.83477E-2 2.16061E-5 9.95086E-2 8.69517E-2 2.68609E-6 2.38217E-8 0E0 5.51781E-14 3.93019E-14 7.4607E-14 6.55032E-15 4.20775E-14 1.27727E-11 6.96943E-12 2.01641E-10 1.48849E-9 1.85363E-7 2.55053E-7 1.48407E-5 1.02523E-6 3.95218E-2 1.79763E-2 1.11145E-5 7.97894E-6 4.72889E-5 6.61836E-2 5.31469E-5 1.08595E-10 4.21885E-15 1.62217E-9 1.41308E-10 9.74205E-4 1.01446E-2 1.51112E-3 8.76909E-5 3.07027E-3 6.34141E-4 7.3424E-6 4.30789E-4 7.06458E-4 1.03793E-2 1.56831E-2 3.24857E-2 8.8745E-3 2.79735E-3 2.9838E-1 3.1317E-1 3.66563E-1 3.78773E-1 6.00604E-1 6.6109E-1 4.86827E-1 6.50872E-2 1.0698E-1 0E0 0E0 0E0
1.19351E-5 2.50545E-4 1.26993E-7 6.15916E-10 2.9998E-8 6.44921E-9 3.45803E-2 1.4733E-8 9.29645E-5 2.16801E-4 4.27083E-5 2.61072E-4 1.14408E-1 1.86882E-1 1.39074E-4 1.29857E-1 7.24161E-2 6.89793E-7 6.56142E-14 4.17233E-12 4.40503E-12 7.78899E-12 9.76996E-15 7.68572E-7 2.59168E-2 4.89862E-2 7.6285E-2 2.25934E-2 4.77396E-14 5.88577E-3 1.93185E-2 9.88621E-5 6.84895E-2 1.54664E-2 1.2841E-5 1.083E-2 1.67591E-1 2.55602E-1 2.72413E-1 7.20292E-2 4.76262E-7 1.09744E-8 8.5734E-6 7.35627E-4 1.31319E-4 2.53895E-3 2.19461E-5 1.82968E-3 1.57586E-2 2.45381E-2 8.53577E-4 1.42511E-2 2.45547E-2 1.04355E-1 2.60674E-2 4.74511E-2 3.91419E-2 1.05187E-1 4.30498E-1 4.74139E-1 4.72855E-1 6.67876E-1 4.63944E-1 3.28481E-1 6.96756E-1 3.74698E-1 8.98486E-2 5.01052E-2 0E0 0E0
1.17582E-7 2.98693E-4 2.31964E-11 1.07181E-7 2.22782E-9 4.67179E-8 4.11759E-10 3.82757E-8 1.4673E-7 3.15568E-6 4.04937E-6 6.38448E-9 3.67307E-5 6.01837E-7 7.61335E-5 2.13192E-5 4.91468E-6 2.33813E-13 2.25264E-13 1.11022E-16 1.46549E-14 2.92589E-10 3.72213E-12 5.28115E-4 1.6977E-1 1.0932E-1 1.43642E-1 1.02004E-1 6.53004E-2 8.90019E-9 1.2374E-6 5.61483E-2 3.25212E-2 2.16552E-7 1.76194E-7 2.06352E-2 5.8545E-2 1.77183E-1 2.15953E-1 1.86597E-1 4.06513E-4 8.39563E-4 4.76644E-4 1.54114E-3 1.32244E-5 3.2886E-4 9.37673E-6 1.50677E-2 1.36875E-2 1.03971E-3 1.78796E-4 7.71172E-3 2.35309E-2 1.44509E-1 2.80723E-2 2.40187E-2 7.62766E-3 1.13116E-2 2.83635E-1 4.72749E-1 4.24238E-1 6.59064E-1 5.69874E-1 5.25698E-1 4.3493E-1 0E0 2.21114E-2 6.49154E-2 3.34468E-2 0E0
1.5642E-3 6.78791E-4 5.4499E-4 1.4127E-9 5.18877E-7 1.90948E-7 1.56108E-11 2.13758E-7 7.63538E-9 6.34248E-8 8.93028E-6 6.43423E-7 2.87072E-6 6.94027E-6 1.98159E-6 2.02477E-9 4.83275E-5 1.3371E-7 2.17877E-8 1.01708E-12 2.9454E-11 2.35035E-10 1.59057E-9 1.4496E-10 7.66668E-2 1.49916E-1 1.52285E-1 1.39985E-1 1.8219E-1 5.90617E-6 3.52185E-12 7.09668E-11 2.64909E-2 2.70849E-2 2.62959E-8 6.50749E-11 1.35164E-4 7.0807E-2 1.2631E-1 4.9278E-4 6.38085E-6 1.6381E-6 2.39833E-5 1.89552E-3 4.05846E-5 5.83562E-3 1.35531E-2 2.82284E-2 4.45745E-3 1.23953E-3 1.69079E-3 1.84241E-2 4.45053E-2 3.05E-2 2.82174E-2 4.0818E-2 1.2476E-1 6.2227E-2 4.74125E-1 4.11467E-1 6.80618E-1 4.05786E-1 4.73555E-1 1.30139E-1 1.03992E-1 0E0 1.36021E-1 1.23907E-2 0E0 0E0
1.17427E-1 2.64112E-3 9.75368E-7 2.71362E-5 1.13957E-8 1.87343E-9 1.57776E-8 6.0168E-8 1.26462E-4 4.45759E-3 1.17776E-3 6.41746E-7 4.18388E-6 3.69558E-5 8.78791E-6 1.57078E-8 1.50132E-6 1.18407E-3 1.14594E-7 4.71958E-10 2.46067E-11 2.00931E-11 1.08783E-7 4.82841E-10 8.9611E-2 4.80125E-2 1.08856E-1 2.39293E-1 8.46315E-2 1.71382E-5 3.33067E-15 0E0 2.55656E-6 1.10526E-5 5.40187E-5 2.68024E-4 8.07948E-11 5.00709E-5 3.40395E-9 3.59351E-11 1.56728E-6 8.76729E-11 2.48597E-7 3.9034E-5 1.48135E-4 2.65395E-4 8.7999E-4 7.21637E-4 2.83256E-5 6.53182E-4 9.03312E-4 9.85793E-3 4.85031E-2 6.8372E-2 9.72377E-3 2.10792E-3 1.52758E-3 2.23696E-2 5.45115E-1 5.49632E-1 6.38165E-1 4.24897E-1 3.84475E-1 1.55656E-1 0E0 0E0 0E0 1.455E-1 1.9263E-1 2.13191E-1
1.99662E-1 7.41171E-3 5.7158E-7 8.6682E-7 4.94488E-7 9.28682E-8 2.51537E-7 2.70853E-7 7.83717E-5 1.1758E-3 2.77247E-4 9.78662E-2 1.87753E-3 8.64391E-6 2.54389E-7 9.87297E-7 7.1182E-8 2.24895E-3 6.03709E-8 1.57422E-7 6.62624E-9 1.43253E-10 1.45961E-8 2.2346E-8 1.11169E-4 1.21524E-1 3.40134E-2 1.0262E-1 8.54677E-2 6.75427E-8 6.65258E-5 3.05285E-5 1.25392E-8 1.7581E-5 3.11326E-4 4.15504E-4 1.80173E-6 3.55273E-5 3.98795E-11 7.1867E-12 2.92565E-6 1.80297E-8 1.5175E-4 6.5265E-5 2.67413E-7 2.5555E-3 4.23704E-3 1.1615E-1 9.35504E-5 2.84088E-3 9.81352E-4 3.91575E-2 8.2245E-3 3.61188E-2 1.60721E-3 2.41655E-3 3.96964E-3 6.33224E-4 4.87373E-1 4.03329E-1 6.45924E-1 3.65331E-1 2.67036E-1 2.84632E-1 0E0 0E0 0E0 0E0 6.56991E-2 1.06588E-1
8.12653E-2 1.06477E-1 9.63157E-3 1.03902E-6 4.26429E-7 2.07178E-7 1.16164E-6 4.94854E-7 2.6123E-3 2.99625E-4 8.8842E-4 1.34486E-1 4.42597E-4 2.36925E-6 2.05351E-8 2.32299E-9 6.59985E-7 4.2312E-4 2.15688E-6 2.79259E-8 8.71503E-9 1.08644E-9 4.65557E-4 9.59467E-11 2.90998E-5 3.09535E-5 5.82957E-2 3.20342E-2 8.46826E-2 1.90269E-2 5.54937E-5 -9999 1.29693E-8 2.83007E-9 1.09866E-9 1.77402E-4 1.12729E-5 4.43602E-10 1.37679E-6 1.51112E-8 3.08058E-6 5.94689E-7 1.52012E-6 1.1885E-3 5.89525E-5 2.56519E-5 3.92048E-3 2.3529E-2 1.75903E-2 4.28517E-2 1.16876E-2 1.49577E-3 1.05771E-2 1.18272E-2 5.34007E-4 2.57653E-4 2.6174E-3 2.70799E-2 8.20043E-2 4.73798E-1 6.85058E-1 4.82465E-1 3.37252E-1 1.43437E-1 0E0 0E0 0E0 0E0 0E0 0E0
1.20115E-1 8.30403E-2 2.13833E-1 1.98819E-3 2.05769E-7 4.04535E-8 1.1867E-7 1.4799E-5 2.29091E-5 2.07308E-3 2.37133E-8 5.84046E-4 1.64414E-1 5.26722E-4 4.44348E-8 3.48021E-7 1.74576E-9 1.97054E-8 8.76401E-5 2.12337E-4 7.62511E-5 3.66555E-8 1.22223E-7 1.40975E-4 1.05179E-5 8.06735E-6 1.89392E-5 1.28692E-1 4.09442E-2 1.32483E-6 1.42131E-12 8.24953E-9 2.85903E-7 1.76679E-8 1.6519E-10 9.38392E-5 9.13523E-5 3.01157E-3 2.66369E-6 1.29831E-6 5.97236E-7 8.40585E-6 9.4558E-5 1.48853E-5 3.46298E-4 3.68315E-3 6.62489E-3 2.998E-2 2.20687E-2 2.88677E-2 7.57854E-3 1.32906E-2 1.15394E-1 5.04686E-2 4.45377E-3 1.80265E-3 6.84491E-3 2.01274E-2 7.9546E-2 5.05005E-1 3.99446E-1 2.46647E-1 1.90376E-1 1.26919E-1 2.56197E-2 0E0 0E0 0E0 0E0 0E0
8.14343E-2 7.68654E-2 3.97842E-3 1.25897E-8 4.15395E-6 1.42114E-8 9.23395E-10 1.00479E-7 1.64647E-1 3.26438E-3 4.06924E-4 1.56521E-5 6.17734E-3 1.89234E-1 1.34035E-1 1.36546E-4 2.40498E-4 4.83635E-8 9.55501E-8 4.70798E-4 4.27045E-4 2.15795E-8 2.04393E-8 1.81052E-9 6.70366E-2 4.64466E-2 8.91223E-2 1.11127E-1 2.99374E-2 1.07382E-9 8.77098E-8 1.04956E-7 1.92099E-7 3.88139E-6 8.75654E-8 5.41896E-6 1.37853E-3 1.9903E-4 6.71113E-4 6.49937E-6 4.42144E-7 1.37421E-3 3.75375E-5 3.74031E-4 1.54479E-4 1.50095E-4 4.88029E-4 7.94965E-4 3.2106E-3 3.86254E-2 6.13144E-2 1.84263E-2 8.33098E-4 5.33527E-2 1.26229E-2 1.72748E-3 1.27681E-2 5.93058E-2 4.62664E-1 3.89588E-1 3.77291E-1 1.59061E-1 0E0 0E0 0E0 0E0 0E0 0E0 0E0 0E0
