ENM/Final_Models/M_0.8_F_q_Set_1_EC/Gustavia_santanderiensis_1_Choco.asc
ncols         367
nrows         963
xllcorner     -78.6
yllcorner     0.65
cellsize      0.00833333333333323
NODATA_value  -9999
[rows 396 to 428 of 963, columns 222 to 295 of 367]
1E0 1E0 1E0 1E0 1E0 1E0 1E0 1E0 1E0 9.9999E-1 9.99937E-1 1E0 9.99998E-1 9.99993E-1 9.99998E-1 1E0 9.99853E-1 9.98911E-1 9.99893E-1 9.99835E-1 9.99562E-1 1E0 1E0 1E0 1E0 9.99999E-1 1E0 1E0 1E0 1E0 1E0 1E0 9.99997E-1 9.99919E-1 9.99996E-1 9.99994E-1 9.99857E-1 9.99994E-1 1E0 9.99946E-1 9.99999E-1 9.99999E-1 1E0 9.99992E-1 9.99991E-1 9.99676E-1 9.88798E-1 7.2361E-1 9.74235E-1 9.98316E-1 9.97954E-1 8.49511E-1 9.1578E-1 8.94807E-1 6.33421E-1 8.27025E-1 6.6138E-1 1.82345E-1 9.20522E-1 7.6001E-1 6.76768E-1 4.6104E-1 5.60617E-1 8.02812E-1 9.68685E-1 9.1629E-1 7.71903E-1 3.4077E-1 9.15369E-2 3.30152E-2 7.06874E-2 1.69451E-1 2.54783E-1 8.8012E-2
1E0 1E0 1E0 1E0 1E0 1E0 1E0 1E0 9.99988E-1 1E0 9.99415E-1 9.99999E-1 9.99993E-1 1E0 9.97485E-1 9.99432E-1 9.99831E-1 9.99514E-1 1E0 1E0 1E0 9.99996E-1 1E0 1E0 1E0 9.99997E-1 9.99873E-1 1E0 1E0 1E0 1E0 1E0 9.99998E-1 9.99865E-1 9.99758E-1 9.99772E-1 9.99573E-1 9.99998E-1 9.99883E-1 9.99999E-1 1E0 9.99377E-1 1E0 1E0 9.9994E-1 9.99969E-1 9.99779E-1 7.44192E-1 7.66841E-1 9.95475E-1 9.97553E-1 9.96016E-1 9.99922E-1 9.42972E-1 9.25596E-1 7.12953E-1 9.36441E-1 9.27217E-1 9.76376E-1 8.45054E-1 8.64158E-1 8.79414E-1 9.9079E-1 8.04808E-1 9.76832E-1 8.78037E-1 1.26411E-1 1.62515E-1 4.00704E-1 1.68445E-1 1.42893E-1 6.59755E-2 7.90589E-3 4.56738E-2
1E0 9.99983E-1 1E0 1E0 1E0 9.99999E-1 1E0 1E0 1E0 9.99995E-1 1E0 1E0 1E0 1E0 1E0 9.99995E-1 1E0 1E0 1E0 9.99995E-1 1E0 9.99999E-1 9.99997E-1 1E0 1E0 1E0 1E0 1E0 1E0 9.99997E-1 1E0 1E0 9.99961E-1 9.99911E-1 9.99997E-1 9.99189E-1 9.99999E-1 1E0 9.9899E-1 9.99991E-1 9.99992E-1 9.99884E-1 9.99949E-1 9.99999E-1 9.99999E-1 1E0 9.99107E-1 8.07215E-1 5.1969E-1 6.41717E-1 6.60156E-1 8.83238E-1 9.97466E-1 9.99461E-1 9.82531E-1 9.29069E-1 9.87759E-1 8.93172E-1 9.35795E-1 7.7101E-1 6.93238E-1 4.54165E-1 3.20986E-1 3.3905E-1 1.58474E-1 2.17446E-1 1.25854E-1 2.64644E-1 5.32368E-2 5.31245E-2 9.59289E-1 1.08545E-1 1.1013E-2 1.20806E-2
1E0 1E0 1E0 1E0 9.99998E-1 1E0 1E0 1E0 1E0 1E0 1E0 9.99999E-1 1E0 9.99997E-1 1E0 9.99999E-1 1E0 1E0 1E0 1E0 1E0 9.99447E-1 9.99994E-1 1E0 1E0 1E0 1E0 1E0 1E0 1E0 1E0 1E0 9.99599E-1 9.99224E-1 9.98852E-1 9.99761E-1 9.99873E-1 9.99286E-1 9.99877E-1 1E0 9.99999E-1 9.99106E-1 9.99999E-1 9.99792E-1 1E0 9.99997E-1 9.98744E-1 8.63987E-1 3.01455E-1 1.66675E-1 8.70084E-2 3.46791E-1 9.7884E-1 9.97504E-1 9.90397E-1 9.99945E-1 9.98792E-1 9.96631E-1 5.5325E-1 6.00838E-1 8.04443E-2 1.50672E-1 1.38155E-2 1.95044E-2 2.64047E-2 5.60924E-1 1.7251E-1 3.50203E-1 7.95812E-1 3.84858E-1 4.11159E-1 5.79363E-1 4.52125E-1 6.76058E-1
1E0 1E0 1E0 1E0 1E0 9.99998E-1 1E0 1E0 1E0 9.99999E-1 9.99954E-1 9.99975E-1 1E0 1E0 9.99873E-1 9.99889E-1 9.99968E-1 1E0 9.99996E-1 9.99998E-1 1E0 9.99968E-1 9.99997E-1 9.99999E-1 1E0 1E0 9.99993E-1 1E0 9.99996E-1 9.99999E-1 1E0 9.99998E-1 9.99704E-1 9.99934E-1 9.99941E-1 9.99996E-1 9.99968E-1 9.99128E-1 9.99978E-1 9.99998E-1 9.99998E-1 9.99702E-1 9.99999E-1 1E0 9.99998E-1 1E0 9.99723E-1 8.84943E-1 5.45879E-1 1.81228E-1 2.23204E-1 7.55629E-1 9.99552E-1 9.97989E-1 9.94052E-1 9.96454E-1 9.99068E-1 9.92849E-1 4.97537E-1 6.42717E-1 5.09968E-2 2.06783E-2 3.72075E-2 2.99116E-2 2.47583E-1 1.49857E-2 1.15602E-2 9.94867E-2 4.28281E-2 4.76595E-2 6.00686E-2 1.97094E-1 3.45663E-2 9.99186E-3
9.99959E-1 1E0 1E0 1E0 1E0 1E0 1E0 1E0 9.99994E-1 1E0 1E0 1E0 1E0 9.99999E-1 9.99942E-1 1E0 9.99993E-1 9.99996E-1 1E0 1E0 1E0 9.99997E-1 1E0 1E0 1E0 1E0 9.99999E-1 1E0 9.99998E-1 9.99996E-1 9.99995E-1 9.99991E-1 1E0 9.99975E-1 9.99893E-1 9.99928E-1 9.99708E-1 9.99952E-1 9.99997E-1 1E0 9.99974E-1 9.99995E-1 1E0 9.99996E-1 1E0 1E0 9.9778E-1 9.52469E-1 9.78999E-1 9.16829E-1 6.54285E-1 9.50916E-1 9.96272E-1 9.98641E-1 9.99468E-1 9.69164E-1 2.42063E-1 1.82066E-1 9.8582E-2 3.16429E-1 9.51909E-2 4.7608E-1 1.83557E-1 2.32061E-1 3.19998E-1 1.0712E-1 6.26876E-2 2.92804E-1 3.38771E-1 4.29805E-1 5.20654E-1 4.47615E-1 4.74937E-1 2.79853E-1
1E0 9.99996E-1 9.99999E-1 1E0 1E0 1E0 1E0 1E0 1E0 1E0 9.99998E-1 1E0 1E0 9.99989E-1 9.41206E-1 9.99994E-1 1E0 1E0 1E0 1E0 1E0 9.99494E-1 9.99993E-1 9.99987E-1 1E0 1E0 9.99999E-1 1E0 9.99997E-1 9.99893E-1 1E0 9.99997E-1 1E0 1E0 1E0 1E0 9.99997E-1 9.9989E-1 1E0 9.99997E-1 1E0 9.99997E-1 1E0 1E0 1E0 1E0 9.99955E-1 9.98828E-1 9.6252E-1 9.91348E-1 9.76452E-1 9.99725E-1 9.99961E-1 9.98449E-1 5.90879E-1 3.84277E-1 2.72833E-1 7.57002E-1 3.68165E-1 5.67396E-1 2.73412E-1 3.56206E-1 7.01531E-3 2.0073E-2 7.8242E-2 2.89517E-1 9.06174E-1 5.48227E-1 5.61485E-1 4.71309E-1 3.58264E-1 2.02734E-1 3.52755E-1 5.38489E-1
1E0 1E0 1E0 1E0 1E0 1E0 1E0 1E0 1E0 1E0 1E0 9.99991E-1 9.99998E-1 9.99946E-1 9.91179E-1 1E0 9.99998E-1 1E0 1E0 1E0 1E0 1E0 1E0 1E0 1E0 1E0 9.9998E-1 9.99959E-1 9.99999E-1 9.99996E-1 9.99949E-1 9.99998E-1 1E0 1E0 1E0 1E0 1E0 9.99993E-1 9.99984E-1 9.99991E-1 9.99963E-1 9.99983E-1 9.9999E-1 1E0 1E0 9.99969E-1 9.99439E-1 9.99938E-1 9.03415E-1 5.1088E-1 8.01728E-1 8.12488E-1 1.97621E-1 7.31882E-1 3.41907E-1 6.81207E-1 5.07752E-1 5.0385E-1 5.4382E-1 1.87212E-1 1.41177E-1 8.87983E-2 4.02022E-1 4.24899E-1 8.10764E-1 8.60094E-1 8.91884E-1 8.03819E-1 5.25504E-1 1.86893E-1 7.66666E-2 7.69837E-2 2.48775E-1 6.06702E-2
9.99925E-1 1E0 1E0 1E0 9.99999E-1 1E0 1E0 1E0 1E0 9.99998E-1 1E0 1E0 1E0 1E0 9.99833E-1 1E0 1E0 1E0 1E0 1E0 1E0 1E0 1E0 9.99998E-1 9.99996E-1 9.99905E-1 9.99999E-1 1E0 1E0 9.99997E-1 9.99999E-1 1E0 1E0 1E0 1E0 1E0 1E0 1E0 1E0 1E0 1E0 1E0 1E0 1E0 9.99996E-1 9.99983E-1 9.92933E-1 9.10595E-1 8.78507E-1 9.97804E-1 7.21173E-1 4.97854E-1 2.15228E-1 1.7512E-1 2.12724E-1 4.03785E-1 2.18422E-1 5.94726E-1 7.80484E-1 4.76575E-1 7.75846E-1 6.64811E-1 4.99117E-1 7.12523E-1 9.39044E-1 6.89647E-1 4.46779E-1 1.15747E-1 3.10447E-2 2.07146E-2 1.15156E-2 2.44427E-2 7.26315E-2 4.96245E-2
9.89033E-1 9.99986E-1 1E0 1E0 1E0 1E0 1E0 1E0 1E0 1E0 1E0 9.99986E-1 1E0 1E0 9.99988E-1 9.99994E-1 1E0 9.99958E-1 1E0 1E0 9.99999E-1 1E0 1E0 1E0 1E0 1E0 9.99999E-1 1E0 1E0 9.99997E-1 9.99997E-1 9.99999E-1 9.99999E-1 9.99986E-1 9.99991E-1 9.99992E-1 9.9999E-1 1E0 9.99986E-1 1E0 1E0 9.99999E-1 1E0 1E0 1E0 9.99997E-1 9.99999E-1 9.99998E-1 9.99982E-1 1E0 9.99995E-1 9.86691E-1 9.80685E-1 7.60396E-1 8.87735E-1 8.70742E-1 6.9136E-1 7.13596E-1 7.21562E-1 8.26994E-1 9.2003E-1 9.24607E-1 8.52099E-1 7.48754E-1 8.2063E-1 1.40336E-1 7.49628E-2 4.89998E-2 9.07182E-3 3.37967E-2 1.47599E-2 1.14932E-2 1.33306E-1 1.04963E-1
9.91422E-1 1E0 1E0 9.99996E-1 1E0 1E0 1E0 1E0 1E0 9.99987E-1 9.99994E-1 9.99994E-1 9.99998E-1 9.99918E-1 1E0 9.99999E-1 1E0 9.9998E-1 9.99998E-1 1E0 9.99999E-1 1E0 9.99999E-1 1E0 1E0 1E0 1E0 1E0 1E0 1E0 9.99997E-1 9.99976E-1 9.99968E-1 9.99052E-1 9.9991E-1 9.99983E-1 9.99735E-1 1E0 1E0 1E0 1E0 9.99992E-1 1E0 9.99906E-1 9.99988E-1 1E0 9.99999E-1 9.99993E-1 9.99642E-1 9.91954E-1 9.97802E-1 9.99623E-1 8.32335E-1 9.66024E-1 7.8899E-1 9.02566E-1 7.10927E-1 7.57193E-1 5.69185E-1 8.84569E-1 9.701E-1 9.68442E-1 7.86298E-1 4.57738E-1 3.87098E-1 1.49891E-1 7.48933E-2 2.93468E-2 3.63666E-2 1.57951E-2 5.79573E-2 1.08655E-1 2.91392E-2 5.79545E-2
9.99997E-1 9.9582E-1 9.99999E-1 1E0 1E0 1E0 1E0 1E0 1E0 9.99998E-1 1E0 1E0 1E0 1E0 9.99999E-1 9.99994E-1 1E0 1E0 1E0 1E0 1E0 9.99998E-1 1E0 1E0 1E0 1E0 1E0 9.99999E-1 1E0 1E0 9.99998E-1 9.99983E-1 9.98832E-1 9.99936E-1 9.99994E-1 1E0 9.99993E-1 9.99997E-1 9.99978E-1 1E0 9.99996E-1 9.99998E-1 1E0 1E0 9.99969E-1 9.99999E-1 1E0 1E0 9.95681E-1 9.99274E-1 9.96001E-1 9.98425E-1 9.37097E-1 6.04525E-1 6.57498E-1 8.5678E-1 5.55766E-1 8.07709E-1 8.40768E-1 8.70684E-1 9.6042E-1 9.42191E-1 6.78487E-1 3.52023E-1 2.34431E-1 7.83603E-2 3.33973E-2 2.81767E-2 8.5407E-3 9.24944E-3 3.41917E-2 7.41703E-2 3.17334E-2 9.92882E-3
1E0 1E0 9.99457E-1 1E0 1E0 1E0 1E0 1E0 1E0 1E0 9.99999E-1 1E0 9.99994E-1 1E0 1E0 1E0 9.99998E-1 1E0 1E0 1E0 1E0 1E0 1E0 1E0 1E0 1E0 1E0 1E0 1E0 1E0 1E0 1E0 1E0 1E0 1E0 1E0 9.99991E-1 9.99999E-1 9.99971E-1 9.99957E-1 9.99997E-1 9.99849E-1 9.99994E-1 9.99999E-1 9.34438E-1 9.95693E-1 9.99908E-1 9.96884E-1 9.91573E-1 9.16022E-1 9.63955E-1 9.84739E-1 9.99437E-1 9.69303E-1 3.90921E-1 9.24496E-1 5.70553E-1 4.95742E-1 6.38037E-1 8.16918E-1 7.49695E-1 8.99107E-1 2.62902E-1 3.93943E-2 3.62678E-2 5.82543E-3 2.91738E-2 2.17599E-1 4.31519E-3 1.14573E-3 3.88677E-3 9.59066E-3 7.5043E-3 2.48801E-3
9.92588E-1 9.99844E-1 9.99997E-1 1E0 1E0 1E0 1E0 1E0 1E0 1E0 1E0 1E0 1E0 1E0 1E0 1E0 1E0 1E0 1E0 9.99998E-1 1E0 1E0 1E0 1E0 9.99994E-1 1E0 1E0 1E0 1E0 9.99999E-1 1E0 1E0 1E0 1E0 1E0 1E0 9.99999E-1 9.99994E-1 1E0 1E0 9.99949E-1 9.99845E-1 9.90544E-1 9.41781E-1 8.80254E-1 6.05599E-1 5.26329E-1 3.43907E-1 2.42157E-1 2.09418E-1 1.7417E-1 9.00036E-1 9.1812E-1 9.68927E-1 9.86191E-1 7.92024E-1 6.2498E-1 7.42373E-1 7.30295E-1 7.7122E-1 8.83567E-1 8.37693E-1 1.25642E-1 2.19621E-2 1.9217E-2 2.01851E-2 3.07371E-2 1.71875E-1 4.35435E-2 1.36491E-2 1.58977E-2 9.61413E-3 1.98278E-2 4.40666E-3
9.99997E-1 1E0 9.99995E-1 1E0 1E0 1E0 1E0 1E0 9.99999E-1 1E0 1E0 1E0 1E0 1E0 1E0 1E0 1E0 1E0 1E0 1E0 1E0 1E0 1E0 1E0 9.9999E-1 1E0 1E0 1E0 1E0 1E0 9.99998E-1 1E0 1E0 1E0 1E0 1E0 9.99994E-1 9.99995E-1 9.99999E-1 9.99991E-1 9.96523E-1 9.99989E-1 9.58127E-1 9.14353E-1 9.90644E-2 4.49864E-2 6.16833E-2 2.64311E-2 2.1716E-2 3.35437E-2 1.18619E-2 4.64194E-2 7.95008E-2 1.7316E-1 9.84999E-1 9.68015E-1 9.49117E-1 7.47968E-1 6.2658E-1 6.65468E-1 8.62746E-1 7.42218E-1 2.67067E-1 2.39905E-2 9.09253E-3 1.96448E-2 6.26385E-3 1.46115E-1 1.6025E-1 4.10478E-2 2.72204E-2 2.66942E-2 2.80926E-2 5.22876E-3
9.99962E-1 1E0 1E0 1E0 9.99991E-1 1E0 1E0 1E0 1E0 1E0 1E0 1E0 1E0 1E0 1E0 1E0 1E0 1E0 1E0 1E0 1E0 1E0 1E0 9.99999E-1 1E0 1E0 1E0 1E0 1E0 1E0 9.99995E-1 9.99996E-1 9.99995E-1 9.99999E-1 1E0 9.99999E-1 9.99999E-1 9.99991E-1 9.99699E-1 9.95488E-1 8.66772E-1 2.90819E-1 2.37139E-1 1.64569E-1 1.203E-1 6.09671E-2 3.79142E-2 1.94466E-2 3.52004E-3 7.10549E-3 2.76743E-3 4.16603E-3 6.45361E-3 9.71098E-3 2.68578E-1 9.94262E-1 9.46147E-1 9.60113E-1 7.06588E-1 5.24898E-1 5.5614E-1 6.50866E-1 3.44156E-1 3.01409E-2 2.26985E-2 4.18435E-2 3.05309E-1 8.15325E-2 2.28816E-1 8.40953E-2 2.45467E-2 8.54379E-3 2.04932E-3 5.26117E-4
9.99992E-1 1E0 1E0 1E0 1E0 1E0 1E0 1E0 1E0 1E0 1E0 1E0 1E0 1E0 1E0 1E0 1E0 1E0 1E0 1E0 1E0 1E0 1E0 1E0 1E0 1E0 1E0 1E0 1E0 1E0 9.99998E-1 1E0 9.99815E-1 9.96853E-1 1E0 9.99999E-1 9.99997E-1 9.99999E-1 9.99965E-1 9.77956E-1 3.69069E-1 2.28186E-1 6.83526E-2 4.00079E-2 1.34545E-2 2.7056E-2 3.16699E-2 6.17275E-3 2.16778E-3 2.67094E-3 4.81341E-3 1.75575E-3 2.25283E-3 4.94217E-3 9.71062E-2 9.78849E-1 7.93575E-1 9.13062E-1 6.70203E-1 1.67569E-1 3.37285E-1 6.04958E-1 4.27719E-1 3.74161E-2 2.58216E-2 2.61151E-2 3.14421E-2 1.80522E-1 5.40615E-2 1.5518E-1 8.9093E-2 4.41661E-3 2.29574E-3 3.26269E-4
9.99919E-1 9.99994E-1 1E0 1E0 1E0 9.99999E-1 1E0 1E0 1E0 1E0 9.9913E-1 1E0 1E0 9.99998E-1 1E0 1E0 1E0 1E0 1E0 1E0 9.99974E-1 1E0 1E0 1E0 1E0 1E0 1E0 9.99999E-1 1E0 1E0 1E0 9.99999E-1 9.9999E-1 9.99995E-1 9.9999E-1 9.99998E-1 1E0 9.99952E-1 1E0 9.99117E-1 6.32737E-1 4.86822E-2 1.14821E-2 2.69071E-2 1.35207E-2 1.6109E-2 2.30373E-2 1.51097E-2 1.03295E-2 7.21841E-3 5.75156E-3 6.03143E-3 3.30857E-3 3.16114E-3 1.78162E-2 8.84721E-1 9.65882E-1 8.50416E-1 6.15889E-1 1.95626E-1 4.46172E-1 4.7938E-1 6.4938E-1 3.88449E-1 8.89249E-2 5.06323E-2 3.98946E-2 1.75363E-1 6.05151E-2 3.55204E-2 5.5285E-2 5.76597E-2 2.4227E-3 1.9402E-4
9.99998E-1 1E0 9.99467E-1 9.99997E-1 1E0 1E0 9.98001E-1 9.9999E-1 9.99997E-1 1E0 9.99767E-1 1E0 1E0 1E0 1E0 1E0 1E0 1E0 1E0 1E0 1E0 1E0 1E0 1E0 1E0 1E0 9.9998E-1 9.9999E-1 9.99999E-1 1E0 9.99999E-1 9.99999E-1 1E0 1E0 9.99995E-1 9.99618E-1 9.99981E-1 9.99992E-1 9.99998E-1 9.9983E-1 9.7935E-1 4.39429E-2 5.3805E-3 8.47399E-3 7.90814E-3 5.14914E-3 8.0361E-2 1.7302E-1 5.47376E-2 2.39854E-2 1.09848E-1 5.89695E-3 5.37935E-3 7.61132E-3 5.64095E-2 9.24332E-1 9.37653E-1 8.118E-1 3.15408E-1 2.78558E-1 3.70063E-1 1.80399E-1 3.10337E-1 1.1712E-1 3.16229E-2 2.34648E-2 1.98741E-2 3.7987E-2 5.66095E-2 7.48495E-2 1.99726E-1 7.52728E-2 3.61189E-3 2.91238E-4
9.99954E-1 9.99999E-1 9.96753E-1 9.9999E-1 1E0 1E0 1E0 1E0 1E0 1E0 1E0 1E0 9.99999E-1 1E0 1E0 1E0 1E0 1E0 1E0 1E0 1E0 1E0 1E0 1E0 9.99045E-1 9.99999E-1 9.99996E-1 9.99983E-1 9.99865E-1 9.99956E-1 9.99888E-1 9.99966E-1 9.99998E-1 1E0 9.99997E-1 9.99998E-1 9.99998E-1 9.99999E-1 9.99999E-1 9.85728E-1 8.09126E-1 3.62608E-2 4.04322E-2 1.67056E-2 9.94426E-3 1.85964E-2 5.6916E-2 1.00149E-1 8.13572E-2 8.97347E-3 2.32824E-2 2.84684E-2 2.39471E-2 4.17666E-2 1.11583E-1 9.66029E-1 9.63358E-1 7.65112E-1 1.4686E-1 3.38118E-1 8.83772E-2 1.51764E-1 1.26529E-1 5.88388E-2 1.49626E-2 1.62764E-2 8.31709E-3 2.01599E-2 2.50678E-2 1.69376E-2 1.3885E-2 1.14323E-2 3.68819E-3 2.06328E-4
9.99904E-1 9.99952E-1 9.90087E-1 9.98627E-1 9.99983E-1 1E0 1E0 1E0 1E0 1E0 1E0 1E0 9.99997E-1 1E0 1E0 1E0 1E0 1E0 1E0 1E0 1E0 1E0 1E0 9.99975E-1 1E0 1E0 9.9772E-1 9.99354E-1 9.99994E-1 9.99999E-1 1E0 9.99945E-1 9.99518E-1 9.9996E-1 1E0 1E0 1E0 9.99999E-1 9.99683E-1 9.96808E-1 8.79454E-1 3.27092E-1 2.8973E-1 1.63055E-1 1.91821E-2 7.97938E-2 1.16707E-1 7.73787E-2 9.86922E-2 5.30611E-2 1.97229E-2 8.04979E-3 2.18104E-2 4.92007E-2 1.02649E-1 9.13631E-1 6.3129E-1 7.66908E-1 2.29184E-1 1.64931E-1 5.48423E-2 6.378E-2 4.53331E-2 3.78254E-2 1.53742E-2 2.36476E-2 1.52437E-2 1.94276E-2 1.27888E-2 8.95408E-3 2.79354E-3 9.68987E-4 1.61434E-4 1.8994E-4
9.99931E-1 9.96935E-1 9.91649E-1 9.99171E-1 9.93955E-1 1E0 1E0 1E0 1E0 1E0 1E0 1E0 1E0 1E0 1E0 1E0 1E0 1E0 1E0 1E0 1E0 1E0 1E0 1E0 1E0 1E0 9.99061E-1 9.99992E-1 9.99986E-1 9.99996E-1 9.99857E-1 9.99997E-1 9.99997E-1 9.99941E-1 1E0 1E0 1E0 9.9999E-1 9.99443E-1 9.55271E-1 9.85294E-1 9.70786E-1 6.99382E-1 3.4584E-1 3.48745E-1 1.6574E-1 3.73761E-2 3.32564E-2 1.05373E-1 2.68033E-1 1.67127E-1 6.47279E-2 3.69773E-2 5.07178E-2 1.94048E-1 9.0707E-1 8.42827E-1 5.42269E-1 2.32886E-1 9.03529E-2 4.97E-2 1.59181E-2 1.89722E-2 2.06377E-2 7.3338E-3 1.6278E-2 3.3682E-2 2.65923E-2 9.35469E-2 1.00776E-2 3.20823E-4 2.13069E-6 2.39059E-6 1.54797E-5
1E0 9.95214E-1 9.77245E-1 9.99017E-1 9.99583E-1 9.99996E-1 9.99999E-1 1E0 1E0 1E0 1E0 1E0 1E0 1E0 1E0 1E0 1E0 1E0 1E0 1E0 1E0 1E0 1E0 1E0 9.99993E-1 1E0 9.99623E-1 9.99975E-1 9.99991E-1 9.99974E-1 9.99999E-1 1E0 9.99999E-1 9.99991E-1 9.99966E-1 1E0 1E0 1E0 9.99904E-1 9.95142E-1 9.90187E-1 9.84636E-1 9.36341E-1 2.9685E-1 1.30143E-1 4.48917E-2 4.77152E-2 5.96333E-2 2.60172E-1 4.72637E-1 3.17752E-1 8.33512E-2 6.49901E-2 5.18252E-2 1.55612E-1 8.20374E-1 9.17575E-1 6.0934E-1 2.66964E-1 9.5706E-2 3.69025E-2 2.33227E-2 2.72151E-2 1.06215E-2 1.56708E-2 3.25124E-2 1.31268E-2 1.65112E-2 9.20611E-2 4.58581E-2 6.81183E-5 4.46728E-7 3.97625E-7 1.42811E-6
1E0 9.91478E-1 9.92361E-1 9.99944E-1 9.99958E-1 1E0 1E0 1E0 1E0 1E0 1E0 1E0 1E0 1E0 1E0 1E0 1E0 1E0 1E0 1E0 1E0 1E0 1E0 1E0 1E0 9.99999E-1 9.99994E-1 9.99306E-1 9.99607E-1 9.99382E-1 1E0 1E0 1E0 1E0 9.99999E-1 1E0 9.99992E-1 9.9992E-1 9.98449E-1 9.9932E-1 9.91187E-1 9.98665E-1 9.88643E-1 8.33064E-1 4.20174E-1 2.82776E-1 4.94822E-1 1.94664E-1 2.60348E-1 7.13682E-1 6.69176E-1 4.04971E-1 3.32558E-1 3.02525E-1 3.92669E-1 6.70883E-1 8.46599E-1 5.72351E-1 2.90992E-1 1.74867E-1 8.63998E-2 1.17614E-2 1.26933E-2 4.49698E-3 9.65093E-3 1.84337E-2 1.11753E-2 8.7425E-3 1.40152E-2 1.911E-2 8.22125E-3 6.43351E-5 9.61978E-6 8.17559E-6
9.99996E-1 9.99809E-1 9.99983E-1 1E0 1E0 1E0 1E0 1E0 1E0 1E0 1E0 1E0 1E0 1E0 1E0 1E0 1E0 1E0 1E0 1E0 1E0 1E0 1E0 1E0 1E0 1E0 1E0 1E0 9.99999E-1 9.99988E-1 1E0 1E0 1E0 1E0 9.9992E-1 9.99995E-1 9.95409E-1 9.86381E-1 9.82998E-1 9.99745E-1 9.99808E-1 9.77854E-1 9.98632E-1 9.66632E-1 8.34472E-1 9.0459E-1 7.62545E-1 6.55811E-1 6.18754E-1 8.26322E-1 8.5369E-1 5.28467E-1 4.08659E-1 3.3822E-1 3.1893E-1 4.36492E-1 6.79141E-1 5.39598E-1 4.27326E-1 1.93613E-1 8.09663E-2 1.78828E-2 3.52453E-2 1.52141E-2 3.09694E-3 2.66524E-3 5.18303E-3 2.16963E-2 1.96509E-2 2.25275E-2 8.05287E-3 5.81082E-3 5.92635E-3 4.586E-3
1E0 1E0 1E0 9.99996E-1 1E0 1E0 1E0 9.98757E-1 9.99945E-1 1E0 1E0 1E0 1E0 1E0 1E0 9.99998E-1 1E0 1E0 1E0 1E0 1E0 1E0 1E0 1E0 1E0 1E0 1E0 9.99812E-1 9.6572E-1 1E0 1E0 1E0 1E0 9.99965E-1 9.99817E-1 9.6268E-1 9.01773E-1 9.83885E-1 9.94384E-1 9.996E-1 9.99864E-1 9.97485E-1 9.87581E-1 9.03096E-1 8.40652E-1 8.26843E-1 7.52864E-1 8.21333E-1 7.3303E-1 7.35692E-1 4.88837E-1 4.57786E-1 2.36469E-1 1.76417E-1 2.60104E-1 5.28208E-1 5.10021E-1 6.74801E-1 5.05847E-1 3.74701E-1 8.44248E-2 2.67326E-2 5.29963E-2 7.44841E-2 7.92927E-2 4.86426E-2 2.18927E-2 3.10571E-2 9.53867E-3 1.10114E-2 8.21166E-3 7.57809E-3 6.5588E-3 5.8904E-3
9.99995E-1 1E0 1E0 1E0 1E0 1E0 9.99999E-1 8.90391E-1 8.88349E-1 1E0 1E0 1E0 1E0 1E0 9.99999E-1 9.99852E-1 1E0 1E0 1E0 1E0 1E0 1E0 1E0 1E0 1E0 9.99999E-1 9.99999E-1 9.99963E-1 9.94941E-1 9.99255E-1 9.99337E-1 9.99998E-1 9.99996E-1 9.94815E-1 9.57752E-1 9.10383E-1 9.66104E-1 9.99641E-1 9.9998E-1 9.99995E-1 9.99917E-1 9.98601E-1 9.91913E-1 9.69833E-1 9.7368E-1 3.97033E-1 5.62824E-1 3.52255E-1 8.51827E-1 7.21126E-1 4.5646E-1 3.03387E-1 1.26508E-1 6.12713E-2 1.47959E-1 2.23197E-1 2.50583E-1 6.17813E-1 2.77604E-1 1.34955E-1 6.66497E-2 6.12035E-3 1.04183E-2 9.4492E-2 4.60867E-2 3.14535E-2 4.16749E-2 5.20537E-2 4.29484E-2 2.96376E-2 3.24375E-3 2.73133E-3 1.33846E-3 4.51134E-4
9.99999E-1 9.99995E-1 9.99999E-1 1E0 1E0 1E0 1E0 9.99999E-1 9.99698E-1 1E0 1E0 1E0 1E0 1E0 1E0 1E0 1E0 1E0 1E0 9.99999E-1 1E0 1E0 1E0 1E0 1E0 9.99179E-1 9.9999E-1 9.9962E-1 9.99762E-1 9.99098E-1 9.746E-1 9.99991E-1 9.99983E-1 9.75691E-1 8.65263E-1 9.91849E-1 9.73517E-1 9.94038E-1 9.97218E-1 9.9988E-1 9.29642E-1 8.95919E-1 9.98857E-1 9.93617E-1 9.98068E-1 9.80813E-1 9.5931E-1 8.55485E-1 7.95848E-1 7.42955E-1 4.19484E-1 3.59551E-1 4.12643E-1 1.49047E-1 2.28443E-1 8.90563E-2 3.44308E-1 4.50416E-1 1.84155E-1 8.98722E-2 1.09124E-2 2.03279E-2 1.23086E-2 8.1431E-3 3.5905E-3 6.98412E-3 2.38684E-3 3.3847E-3 5.62762E-4 2.83035E-3 3.50131E-3 9.15951E-3 2.66422E-3 1.09797E-3
9.99999E-1 1E0 1E0 1E0 1E0 1E0 1E0 1E0 1E0 1E0 1E0 1E0 1E0 1E0 1E0 1E0 1E0 1E0 1E0 1E0 1E0 1E0 1E0 1E0 1E0 1E0 9.99994E-1 9.99498E-1 9.99997E-1 9.99998E-1 9.99896E-1 1E0 9.99971E-1 9.91587E-1 9.94449E-1 9.90602E-1 9.99999E-1 9.99997E-1 9.87541E-1 7.28228E-1 4.14014E-1 7.79139E-1 9.93442E-1 9.52472E-1 9.21032E-1 6.86928E-1 2.18659E-1 2.24258E-1 7.91652E-2 4.74969E-2 5.19885E-2 4.93451E-2 1.87935E-1 1.26238E-1 7.8959E-2 6.51979E-2 1.52401E-1 1.58928E-1 3.61596E-2 9.36716E-3 1.31855E-2 1.73813E-2 2.78593E-2 4.19499E-3 3.1196E-3 2.24855E-2 8.91432E-3 1.02777E-2 5.32119E-3 3.45349E-3 1.36964E-2 3.55132E-3 1.14806E-3 2.81399E-4
1E0 9.99994E-1 1E0 9.99995E-1 1E0 1E0 1E0 1E0 1E0 1E0 1E0 1E0 9.99999E-1 9.99999E-1 1E0 1E0 1E0 1E0 1E0 1E0 9.99966E-1 9.99381E-1 1E0 1E0 1E0 9.99991E-1 9.99889E-1 9.99997E-1 1E0 9.99976E-1 9.99994E-1 1E0 9.9956E-1 9.99333E-1 9.99866E-1 9.83945E-1 9.91425E-1 9.9943E-1 9.15136E-1 5.34354E-1 2.92296E-1 6.21194E-1 9.1715E-1 9.93739E-1 7.88045E-1 2.35409E-1 3.50931E-2 5.43803E-2 3.24653E-2 4.61328E-2 3.98248E-2 5.44919E-2 3.86669E-2 7.90529E-2 4.59821E-2 5.46938E-2 6.04374E-2 3.21028E-2 2.25467E-2 9.97624E-3 2.2592E-2 2.1896E-2 1.60486E-2 2.33658E-3 3.76985E-3 3.08692E-2 1.54514E-2 8.10981E-3 3.80412E-3 1.32968E-3 3.20323E-3 2.00126E-3 3.21251E-4 9.35549E-5
1E0 1E0 1E0 1E0 1E0 1E0 1E0 1E0 1E0 1E0 1E0 1E0 1E0 1E0 1E0 9.99985E-1 1E0 1E0 1E0 9.99992E-1 1E0 1E0 9.99999E-1 1E0 1E0 1E0 9.99996E-1 1E0 1E0 1E0 1E0 9.99831E-1 1E0 9.99999E-1 9.98098E-1 9.68313E-1 9.98672E-1 9.99568E-1 9.98447E-1 3.64651E-1 3.8892E-1 4.47091E-1 8.33629E-1 9.93132E-1 8.60844E-1 3.09825E-1 2.8478E-2 2.38634E-2 1.10096E-2 4.48717E-2 1.32727E-1 7.22179E-2 1.08279E-1 7.55323E-2 4.96324E-2 5.29492E-2 4.53867E-2 1.91207E-2 6.6408E-3 1.15596E-2 2.0398E-2 3.6605E-2 1.16754E-2 1.87721E-2 1.77419E-2 1.61937E-2 1.19497E-2 4.79762E-3 3.37335E-3 1.24294E-3 1.17138E-3 3.89441E-4 6.21527E-4 1.71925E-4
1E0 1E0 1E0 1E0 1E0 1E0 1E0 1E0 1E0 1E0 1E0 1E0 1E0 1E0 1E0 1E0 1E0 1E0 1E0 1E0 1E0 9.99999E-1 9.99999E-1 9.99995E-1 9.99992E-1 1E0 9.99997E-1 9.99998E-1 9.99967E-1 9.99866E-1 9.99959E-1 9.99997E-1 9.9981E-1 9.98674E-1 9.84233E-1 9.95148E-1 9.99998E-1 9.97521E-1 9.99964E-1 5.69248E-1 4.51265E-1 4.40232E-1 8.94988E-1 7.12108E-1 7.31812E-1 2.59127E-1 6.20944E-2 4.74303E-2 6.10018E-2 1.94153E-1 1.26454E-1 1.52208E-1 1.62454E-1 4.96964E-2 3.19455E-2 1.81687E-2 1.60111E-2 8.8194E-3 7.10284E-3 2.7965E-3 5.64989E-3 1.53451E-2 1.41607E-2 4.49604E-2 1.70686E-2 5.41609E-4 6.30219E-4 1.54314E-4 4.04814E-5 1.39566E-4 8.07217E-5 2.66443E-5 2.71891E-5 7.58398E-5
1E0 1E0 1E0 1E0 1E0 1E0 1E0 1E0 1E0 1E0 1E0 1E0 1E0 9.99999E-1 1E0 1E0 1E0 1E0 1E0 1E0 1E0 1E0 1E0 1E0 1E0 1E0 1E0 9.99411E-1 9.98871E-1 9.99824E-1 9.99998E-1 9.3969E-1 9.73098E-1 9.10515E-1 9.82721E-1 9.9501E-1 9.99909E-1 9.98376E-1 9.84988E-1 9.79271E-1 9.54286E-1 8.63619E-1 7.62805E-1 6.88782E-1 8.70169E-1 6.21409E-1 2.87865E-1 6.21672E-2 1.29531E-1 2.89073E-1 1.39556E-1 1.21327E-1 4.77301E-2 3.56977E-2 2.49755E-2 7.34136E-2 7.73754E-2 2.01901E-2 1.3755E-2 5.66778E-2 2.93519E-2 5.14281E-3 2.30007E-2 1.05914E-2 7.61605E-3 9.70721E-4 5.44156E-4 5.78462E-4 8.0825E-4 3.05349E-4 2.22302E-4 2.79553E-4 3.59675E-4 4.29807E-4
