ENM/Final_Models/M_0.8_F_q_Set_1_EC/Gustavia_santanderiensis_2_Choco_clamping.asc
ncols         367
nrows         963
xllcorner     -78.6
yllcorner     0.65
cellsize      0.00833333333333323
NODATA_value  -9999
[rows 416 to 447 of 963, columns 142 to 212 of 367]
-9999 -9999 -9999 -9999 -9999 -9999 -9999 -9999 -9999 -9999 3.11044E-1 2.28805E-1 1.70443E-1 4.60119E-1 2.68527E-1 6.02413E-1 5.49007E-1 5.40432E-1 5.15503E-1 5.26172E-1 8.85777E-2 1.02836E-1 5.86327E-1 6.77997E-1 6.11075E-1 6.68343E-1 7.51595E-1 3.17465E-1 2.16756E-1 2.69201E-1 3.72982E-1 3.67332E-1 3.77394E-1 3.51773E-1 3.6546E-1 3.49142E-1 2.90488E-1 2.15313E-1 4.58753E-1 4.55048E-1 4.90526E-1 6.70663E-1 5.13074E-1 3.99041E-1 3.12535E-1 5.08542E-1 7.7931E-1 4.05289E-1 3.14047E-1 3.98588E-1 3.57259E-1 3.17542E-1 2.38599E-1 3.97056E-1 1.04696E-1 1.54974E-1 9.59097E-2 1.55932E-1 4.96963E-2 7.10294E-1 6.44625E-1 2.54364E-1 3.28086E-1 2.00434E-1 1.10114E-1 3.52424E-1 4.17911E-1 8.48772E-1 7.2022E-1 7.54423E-1 7.73699E-1
-9999 -9999 -9999 -9999 -9999 -9999 -9999 -9999 -9999 -9999 -9999 4.95486E-2 1.90863E-1 3.04408E-1 2.79188E-1 2.95299E-1 2.99384E-1 6.40258E-1 7.04754E-1 6.93914E-1 7.34625E-2 6.24049E-2 5.20748E-1 6.35484E-1 7.1879E-1 7.51931E-1 7.59485E-1 7.16624E-1 4.43625E-1 2.76995E-1 3.77516E-1 3.55973E-1 3.56011E-1 3.71314E-1 3.53414E-1 4.49195E-1 3.92437E-1 3.23102E-1 4.38401E-1 3.07367E-1 5.16906E-1 4.5069E-1 5.75161E-1 3.80036E-1 3.85839E-1 4.89206E-1 7.10799E-1 3.61468E-1 3.41643E-1 2.58643E-1 4.86318E-1 2.54978E-1 2.39492E-1 3.3986E-1 2.71964E-1 2.22974E-1 8.23954E-2 2.84521E-2 4.21157E-1 7.93879E-1 2.80104E-1 3.4704E-1 4.47803E-1 7.61676E-1 7.20656E-1 3.0371E-1 3.36512E-1 8.03175E-1 8.06684E-1 7.90163E-1 7.50238E-1
-9999 -9999 -9999 -9999 -9999 -9999 -9999 -9999 -9999 -9999 -9999 7.83366E-2 9.0619E-2 6.70731E-2 2.89491E-1 3.25746E-1 1.60314E-1 5.36508E-1 4.6274E-1 5.17374E-1 4.65236E-1 6.36357E-2 5.1241E-1 6.71461E-1 6.41009E-1 7.33133E-1 4.45863E-1 3.42457E-1 6.07391E-1 4.31739E-1 3.85831E-1 2.31852E-1 3.52421E-1 5.05376E-1 3.71514E-1 4.8875E-1 3.6404E-1 3.13478E-1 3.03015E-1 3.04365E-1 4.11505E-1 3.43523E-1 4.83566E-1 3.68492E-1 4.91741E-1 5.07569E-1 4.90427E-1 6.35457E-1 7.412E-1 2.54132E-1 7.53842E-1 3.5747E-1 1.36996E-1 3.65609E-1 3.20525E-1 2.19612E-1 9.79761E-2 3.19978E-1 7.42657E-1 7.15244E-1 9.41324E-2 3.90488E-1 7.73906E-1 7.35851E-1 7.79058E-1 3.77258E-1 4.85705E-1 7.34036E-1 7.97033E-1 5.95852E-1 8.00087E-1
-9999 -9999 -9999 -9999 -9999 -9999 -9999 -9999 -9999 -9999 -9999 6.71823E-2 1.57651E-2 1.66684E-2 6.23603E-2 1.34554E-1 1.27459E-1 5.24448E-1 5.6635E-1 3.82242E-1 4.08311E-1 5.01974E-1 5.26998E-1 7.12662E-1 7.04508E-1 7.59557E-1 4.0691E-1 3.86695E-1 7.18511E-1 3.6183E-1 4.4028E-1 3.83426E-1 3.69487E-1 4.99677E-1 3.70347E-1 3.55968E-1 3.62272E-1 4.39565E-1 4.78066E-1 2.02087E-1 3.81455E-1 4.98314E-1 5.25469E-1 5.03449E-1 4.93315E-1 5.56542E-1 5.1547E-1 7.67274E-1 3.93089E-1 3.84327E-1 4.07757E-1 2.99527E-1 5.09679E-2 2.49521E-1 8.34747E-2 5.19774E-2 6.72056E-2 8.20776E-2 2.55162E-1 7.56856E-1 4.14655E-1 3.23473E-1 3.99894E-1 3.88869E-1 7.52296E-1 7.54355E-1 8.23734E-1 6.91222E-1 6.85302E-1 7.52849E-1 7.97998E-1
-9999 -9999 -9999 -9999 -9999 -9999 -9999 -9999 -9999 -9999 -9999 -9999 5.64028E-2 7.66935E-2 8.80923E-2 1.28073E-1 4.04582E-1 2.47665E-1 2.80513E-1 6.62157E-1 6.42209E-1 5.91308E-1 5.9308E-1 6.03516E-1 6.74742E-1 7.27517E-1 4.08244E-1 6.55048E-1 6.6233E-1 4.76025E-1 1.84485E-1 2.97461E-1 2.85692E-1 3.68005E-1 3.6395E-1 3.18289E-1 4.43285E-1 5.05754E-1 5.05934E-1 4.11784E-1 4.62391E-1 4.92434E-1 5.52868E-1 5.17672E-1 5.71363E-1 7.41311E-1 7.22317E-1 5.09013E-1 4.72375E-1 4.69261E-1 2.33087E-1 1.281E-1 1.50872E-1 2.24418E-1 1.4524E-1 7.33633E-2 3.09528E-1 3.19007E-1 3.05847E-1 3.86132E-1 4.39071E-1 3.25238E-1 7.79474E-1 7.60093E-1 7.15685E-1 7.6812E-1 8.36521E-1 8.28909E-1 7.48636E-1 8.03429E-1 7.64123E-1
-9999 -9999 -9999 -9999 -9999 -9999 -9999 -9999 -9999 -9999 -9999 -9999 9.32144E-2 0E0 0E0 8.4239E-2 1.16719E-1 1.18544E-1 6.0017E-2 3.04664E-1 4.78534E-1 3.82796E-1 2.06246E-1 2.5515E-1 4.70712E-1 4.79461E-1 4.92758E-1 4.87943E-1 5.26555E-1 2.62018E-1 1.29477E-1 2.71177E-1 3.62856E-1 4.93942E-1 4.94401E-1 3.24518E-1 3.12096E-1 2.58575E-1 2.20175E-1 3.25089E-1 2.42363E-1 2.475E-1 4.87996E-1 7.21334E-1 7.26096E-1 7.43488E-1 7.56443E-1 7.22284E-1 7.08287E-1 5.66765E-1 1.42154E-1 1.12313E-1 2.0601E-1 1.6152E-1 2.09439E-1 6.33883E-2 2.71204E-1 2.75603E-1 7.0941E-1 2.81451E-1 8.14594E-1 2.21858E-1 8.26535E-1 8.0574E-1 7.69138E-1 8.22239E-1 8.48135E-1 8.33007E-1 6.78949E-1 7.30101E-1 6.83379E-1
-9999 -9999 -9999 -9999 -9999 -9999 -9999 -9999 -9999 -9999 -9999 -9999 0E0 8.46855E-2 3.15822E-1 3.31523E-1 3.31846E-1 3.02844E-1 9.95168E-2 9.95942E-2 2.12498E-1 3.44114E-1 2.09086E-1 3.88832E-1 5.69537E-1 8.04066E-2 6.08544E-1 1.30724E-1 3.47546E-1 4.63628E-1 3.63604E-1 4.83106E-1 5.2834E-1 7.12772E-1 4.62361E-1 5.25096E-1 3.80542E-1 2.37042E-1 2.56109E-1 5.09183E-1 3.44613E-1 2.55459E-1 4.46807E-1 7.36787E-1 6.90535E-1 7.16945E-1 7.62332E-1 4.03578E-1 2.4599E-1 2.82576E-1 1.47633E-1 2.28444E-1 1.08023E-1 1.40162E-1 8.98767E-2 7.94795E-2 7.44123E-1 7.51392E-1 3.66125E-1 4.07538E-1 7.9254E-1 3.80409E-1 8.00047E-1 7.36331E-1 7.76997E-1 7.3729E-1 8.61445E-1 8.45296E-1 7.36459E-1 7.58494E-1 7.77255E-1
-9999 -9999 -9999 -9999 -9999 -9999 -9999 -9999 -9999 -9999 -9999 -9999 -9999 2.51774E-1 3.69483E-1 2.91007E-1 2.96088E-1 2.26173E-1 1.68008E-1 9.1623E-2 2.6872E-1 3.1346E-1 1.2429E-1 3.54176E-1 3.72173E-1 3.63022E-1 4.03651E-1 6.71232E-1 5.32591E-1 4.64384E-1 5.34983E-1 3.81511E-1 2.0856E-1 3.40435E-1 7.2935E-1 7.08893E-1 4.90544E-1 2.06069E-1 2.22264E-1 1.48722E-1 2.30176E-1 2.48192E-1 3.29363E-1 3.69681E-1 4.09474E-1 6.5421E-1 6.4033E-1 2.0176E-1 2.46737E-1 1.75329E-1 2.57192E-1 3.10545E-1 1.1921E-1 2.26038E-1 2.20904E-1 2.81296E-1 6.9511E-1 7.4425E-1 7.05076E-1 8.28447E-1 7.80668E-1 7.95036E-1 7.54847E-1 8.07656E-1 7.67565E-1 8.30785E-1 6.61066E-1 7.71363E-1 7.28946E-1 7.22102E-1 7.17173E-1
-9999 -9999 -9999 -9999 -9999 -9999 -9999 -9999 -9999 -9999 -9999 -9999 -9999 3.3687E-1 3.1E-1 9.66757E-2 1.89173E-1 1.80723E-1 2.26545E-1 4.5163E-1 9.34278E-2 7.81225E-2 1.30191E-1 3.03135E-1 2.6481E-1 4.05955E-1 5.17945E-1 5.85472E-1 6.42162E-1 4.51264E-1 5.36044E-1 4.64782E-1 4.92513E-1 5.04733E-1 6.87569E-1 3.87148E-1 2.82411E-1 9.09064E-2 1.91017E-1 1.98247E-1 3.7819E-1 4.61549E-1 7.62971E-1 6.80709E-1 6.42075E-1 7.93702E-1 7.60484E-1 2.14007E-1 2.02839E-1 1.8968E-1 1.01982E-1 1.11661E-1 3.25571E-1 1.9887E-1 1.93913E-1 1.78397E-1 7.42452E-1 3.14612E-1 4.07762E-1 2.60922E-1 7.88276E-1 7.82816E-1 7.618E-1 8.34668E-1 8.55054E-1 8.3758E-1 7.66315E-1 6.95787E-1 7.17015E-1 6.67603E-1 7.01379E-1
-9999 -9999 -9999 -9999 -9999 -9999 -9999 -9999 -9999 -9999 -9999 -9999 -9999 3.16529E-1 1.07194E-1 5.34873E-2 2.36061E-1 2.12474E-1 1.0721E-1 1.54263E-1 1.1442E-1 0E0 5.2589E-2 2.1165E-1 3.35651E-1 1.66698E-1 3.9937E-1 4.68686E-1 6.56944E-1 4.56492E-1 4.25801E-1 5.07201E-1 5.59389E-1 5.14633E-1 5.13031E-1 7.47627E-1 4.44891E-1 2.03313E-1 1.16957E-1 2.95576E-1 7.43436E-1 7.61205E-1 7.67885E-1 7.50193E-1 8.05647E-1 8.09815E-1 8.15638E-1 2.01526E-1 1.78158E-1 1.88604E-1 1.03367E-1 1.70721E-1 2.03772E-1 1.43266E-1 2.36829E-1 1.87189E-1 7.11304E-1 2.04638E-1 2.66477E-1 3.50389E-1 2.76593E-1 7.45085E-1 6.85899E-1 7.11905E-1 8.50055E-1 8.43021E-1 7.27969E-1 7.33749E-1 7.22234E-1 6.58149E-1 6.86704E-1
-9999 -9999 -9999 -9999 -9999 -9999 -9999 -9999 -9999 -9999 -9999 -9999 -9999 3.43051E-1 3.39448E-1 2.38091E-1 2.70649E-1 3.24608E-1 2.82732E-1 1.23433E-1 1.048E-1 0E0 5.0682E-2 7.98355E-2 1.94197E-1 1.39279E-1 2.84751E-1 2.66063E-1 2.61012E-1 3.677E-1 4.43808E-1 6.89653E-1 4.74439E-1 5.58656E-1 5.20646E-1 4.52032E-1 5.41141E-1 4.66863E-1 4.74989E-1 4.4706E-1 7.11938E-1 8.153E-1 5.57574E-1 7.41442E-1 7.18447E-1 7.26819E-1 7.76022E-1 3.73565E-1 1.11863E-1 2.38804E-1 1.31191E-1 2.24201E-1 3.18613E-1 2.00288E-1 2.59027E-1 6.86974E-1 7.51444E-1 2.86726E-1 3.88874E-1 3.8784E-1 1.65882E-1 7.64802E-1 3.76042E-1 6.36384E-1 8.01954E-1 7.51066E-1 6.89008E-1 6.74279E-1 7.13665E-1 7.57915E-1 7.78504E-1
-9999 -9999 -9999 -9999 -9999 -9999 -9999 -9999 -9999 -9999 -9999 -9999 -9999 9.91122E-2 3.35156E-1 3.1734E-1 3.32913E-1 5.52173E-1 4.21769E-1 3.25475E-1 3.48073E-1 1.11804E-1 3.5014E-1 2.36879E-1 3.66509E-1 2.32065E-1 3.60769E-1 6.89789E-1 3.2499E-1 7.87199E-1 3.96144E-1 6.91969E-1 4.53512E-1 4.67499E-1 5.06415E-1 3.29891E-1 2.61927E-1 4.03615E-1 7.26976E-1 6.75822E-1 5.078E-1 7.60271E-1 4.58023E-1 6.70153E-1 6.97124E-1 6.55513E-1 7.26385E-1 2.89923E-1 2.6069E-1 1.59823E-1 1.58561E-1 1.39248E-1 3.84619E-1 2.87497E-1 2.53051E-1 7.12004E-1 7.89552E-1 3.88658E-1 4.24984E-1 4.24802E-1 1.81819E-1 7.08194E-1 7.90232E-1 7.6449E-1 7.57827E-1 7.42001E-1 7.6237E-1 7.35049E-1 6.57866E-1 6.9076E-1 5.70066E-1
-9999 -9999 -9999 -9999 -9999 -9999 -9999 -9999 -9999 -9999 -9999 -9999 -9999 0E0 9.10393E-2 2.51215E-1 9.1187E-2 4.31504E-2 5.57804E-1 8.39707E-2 4.04215E-1 4.61361E-1 3.34468E-1 3.49513E-1 2.30321E-1 2.92761E-1 2.30029E-1 2.84035E-1 5.62605E-1 7.63048E-1 7.29978E-1 6.80457E-1 4.87538E-1 6.86471E-1 3.63931E-1 5.28228E-1 4.81429E-1 4.33396E-1 5.14799E-1 4.98996E-1 5.01162E-1 4.06058E-1 3.13755E-1 7.76274E-1 7.29379E-1 7.85819E-1 5.92556E-1 2.30136E-1 4.25852E-1 3.70725E-1 8.04979E-2 2.65207E-1 2.92855E-1 1.49319E-1 3.16983E-1 4.93058E-1 7.7989E-1 7.76048E-1 7.66093E-1 7.33799E-1 5.26831E-1 4.15182E-1 7.25115E-1 7.54151E-1 7.93494E-1 7.74977E-1 7.35643E-1 6.60514E-1 7.94558E-1 7.57679E-1 7.84098E-1
-9999 -9999 -9999 -9999 -9999 -9999 -9999 -9999 -9999 -9999 -9999 -9999 -9999 8.57445E-2 8.60808E-2 9.83567E-2 1.06611E-1 3.40699E-1 5.21587E-1 4.82679E-1 5.19381E-1 3.09429E-1 2.15453E-1 2.50146E-1 7.79843E-2 2.51825E-1 2.10053E-1 2.65754E-1 3.64166E-1 3.89483E-1 5.91207E-1 3.25865E-1 3.31332E-1 5.26719E-1 4.403E-1 3.84101E-1 5.2639E-1 7.60397E-1 7.85922E-1 7.66951E-1 7.38655E-1 6.66337E-1 3.08975E-1 6.84424E-1 3.10733E-1 3.26258E-1 6.50205E-1 2.78356E-1 4.97238E-1 5.40067E-1 2.90203E-1 3.74072E-1 3.37741E-1 4.10321E-1 5.55126E-1 5.59611E-1 4.44495E-1 6.96774E-1 7.10554E-1 4.72268E-1 4.9109E-1 3.78306E-1 7.79411E-1 7.26992E-1 7.2763E-1 7.12331E-1 7.06349E-1 6.48835E-1 7.21443E-1 8.15532E-1 7.7193E-1
-9999 -9999 -9999 -9999 -9999 -9999 -9999 -9999 -9999 -9999 -9999 -9999 8.87609E-2 8.56209E-2 8.9815E-2 5.96537E-2 8.46917E-2 7.44413E-2 2.82677E-1 3.07075E-1 2.89936E-1 6.30368E-2 1.29716E-1 1.47828E-1 1.37566E-1 1.90431E-1 2.28068E-1 2.73841E-1 3.21275E-1 3.0499E-1 2.02491E-1 4.04953E-1 3.35905E-1 3.33742E-1 3.50744E-1 5.08499E-1 4.44909E-1 4.64689E-1 5.01505E-1 4.25913E-1 4.58168E-1 3.5824E-1 3.36784E-1 2.74339E-1 3.37487E-1 3.47161E-1 3.21623E-1 6.72629E-1 4.00046E-1 4.68204E-1 5.21731E-1 4.56229E-1 3.96415E-1 7.87909E-1 6.84847E-1 7.59154E-1 4.50168E-1 4.27996E-1 3.96299E-1 3.9041E-1 4.08618E-1 7.18866E-1 6.7794E-1 6.71627E-1 6.34455E-1 7.36033E-1 7.76045E-1 7.6892E-1 8.18539E-1 7.36726E-1 2.66429E-1
-9999 -9999 -9999 -9999 -9999 -9999 -9999 -9999 -9999 -9999 -9999 -9999 8.97442E-2 9.32821E-2 8.89162E-2 2.98415E-1 2.92619E-1 6.92286E-2 7.17416E-2 2.99666E-1 2.71047E-1 2.38423E-1 2.3723E-1 2.36716E-1 3.8961E-2 1.15258E-1 9.84891E-2 1.26051E-1 7.1705E-2 1.23044E-1 9.39881E-2 1.76142E-1 2.504E-1 2.17802E-1 2.28959E-1 4.8679E-1 4.59216E-1 5.424E-1 4.48836E-1 4.03942E-1 4.31679E-1 5.64426E-1 3.43325E-1 1.69065E-1 2.20613E-1 4.51119E-1 2.31772E-1 2.58417E-1 2.93674E-1 2.79486E-1 4.78642E-1 4.83647E-1 3.8416E-1 8.39854E-1 7.24634E-1 4.56003E-1 2.12934E-1 4.64838E-1 5.48918E-1 5.13089E-1 3.15447E-1 7.48504E-1 6.87092E-1 6.11047E-1 6.96721E-1 6.49013E-1 7.16786E-1 7.25568E-1 8.31136E-1 7.65837E-1 3.12828E-1
-9999 -9999 -9999 -9999 -9999 -9999 -9999 -9999 -9999 -9999 -9999 -9999 8.11265E-2 0E0 0E0 8.3179E-2 6.82699E-2 8.90445E-2 3.40745E-1 2.69593E-1 1.02082E-1 2.74658E-1 2.80908E-1 4.45952E-1 1.60422E-1 1.06445E-1 2.27511E-1 2.0214E-1 1.99698E-1 3.73325E-2 4.08273E-2 2.8493E-1 5.1762E-1 2.78676E-1 4.29503E-1 4.58793E-1 5.13722E-1 4.5376E-1 4.4021E-1 1.89065E-1 3.40867E-1 5.172E-1 2.99231E-1 1.82776E-1 4.36148E-1 2.49032E-1 2.10029E-1 2.62018E-1 3.95809E-1 7.66622E-1 4.39015E-1 5.57585E-1 2.83973E-1 4.89307E-1 7.31939E-1 7.24866E-1 1.54768E-1 1.85267E-1 1.7366E-1 4.42682E-1 2.7892E-1 7.18328E-1 6.79921E-1 6.344E-1 6.60105E-1 7.0646E-1 7.97687E-1 7.94675E-1 7.99417E-1 2.38296E-1 2.79531E-1
-9999 -9999 -9999 -9999 -9999 -9999 -9999 -9999 -9999 -9999 -9999 -9999 4.44466E-1 5.46301E-2 5.4199E-2 0E0 7.532E-2 8.00066E-2 8.26082E-2 2.88192E-1 3.3109E-1 2.36603E-1 4.98421E-1 2.39641E-1 2.11269E-1 1.26596E-1 2.2372E-1 2.07319E-1 1.72211E-1 6.37793E-2 8.25231E-2 1.86088E-1 2.06934E-1 2.27739E-1 3.49412E-1 6.4532E-1 5.23859E-1 2.54879E-1 3.03326E-1 3.0968E-1 4.77011E-1 4.7831E-1 4.72039E-1 3.07588E-1 3.26406E-1 4.20624E-1 3.3462E-1 3.93071E-1 2.83125E-1 4.89748E-1 7.90307E-1 5.15551E-1 4.62609E-1 4.16893E-1 7.51183E-1 7.71004E-1 3.50507E-1 6.98644E-1 3.81204E-1 4.54334E-1 7.31263E-1 7.19872E-1 6.85197E-1 7.09025E-1 7.21122E-1 7.90886E-1 7.48149E-1 7.19555E-1 7.85471E-1 6.25321E-1 6.33966E-1
-9999 -9999 -9999 -9999 -9999 -9999 -9999 -9999 -9999 -9999 -9999 -9999 -9999 2.30312E-1 2.74562E-1 2.97227E-1 0E0 0E0 0E0 7.03054E-2 7.48513E-2 5.73112E-2 4.33278E-1 6.03268E-1 3.88389E-1 6.13276E-2 7.77986E-2 1.59729E-1 1.84063E-1 9.66404E-2 1.28672E-1 1.57691E-1 8.57637E-2 3.53157E-1 2.90633E-1 2.97316E-1 1.60015E-1 2.86933E-1 3.91583E-1 2.46707E-1 1.91387E-1 2.98811E-1 2.53556E-1 1.45352E-1 1.97457E-1 6.18168E-1 7.1451E-1 7.29115E-1 2.68559E-1 4.09337E-1 2.19363E-1 4.02258E-1 3.91153E-1 4.34834E-1 3.64461E-1 6.37496E-1 2.81957E-1 6.27153E-1 6.78432E-1 7.07889E-1 7.46636E-1 6.75542E-1 6.74235E-1 7.18268E-1 6.11989E-1 6.32661E-1 6.91664E-1 7.44451E-1 7.72031E-1 7.80718E-1 6.63099E-1
-9999 -9999 -9999 -9999 -9999 -9999 -9999 -9999 -9999 -9999 -9999 -9999 -9999 2.92978E-1 3.09964E-1 7.37377E-2 6.75249E-2 6.9536E-2 7.34289E-2 2.50376E-1 2.03956E-1 2.30329E-1 1.78321E-1 5.34685E-1 2.04217E-1 1.2315E-1 1.57576E-1 1.7069E-1 2.04402E-1 2.34851E-1 2.81696E-1 2.96965E-1 1.60027E-1 1.54549E-1 3.71437E-1 2.25245E-1 2.7179E-1 3.74811E-1 3.57938E-1 3.78526E-1 4.50613E-1 4.41464E-1 3.70279E-1 1.22471E-1 2.3879E-1 7.06547E-1 6.82876E-1 4.81945E-1 3.91479E-1 3.80883E-1 1.00655E-1 1.45031E-1 4.78426E-1 4.89897E-1 7.09023E-1 7.23055E-1 6.61936E-1 7.02392E-1 3.31268E-1 7.48536E-1 6.6969E-1 1.83603E-1 2.01091E-1 7.11892E-1 7.00501E-1 6.983E-1 6.91173E-1 6.9052E-1 6.97397E-1 7.94504E-1 7.00444E-1
-9999 -9999 -9999 -9999 -9999 -9999 -9999 -9999 -9999 -9999 -9999 -9999 -9999 6.41943E-1 2.89373E-1 2.46874E-1 2.76031E-1 9.99297E-2 5.11243E-1 1.93096E-1 4.57272E-1 4.43686E-1 3.1589E-1 2.01559E-1 2.03284E-1 1.31344E-1 3.51475E-2 1.52846E-1 2.3001E-1 3.59842E-1 3.92475E-1 2.979E-1 3.56399E-1 3.5422E-1 4.06541E-1 2.80214E-1 2.26579E-1 3.86954E-1 6.21077E-1 4.99202E-1 5.14292E-1 3.69702E-1 4.00748E-1 3.25589E-1 1.54264E-1 3.05871E-1 3.70591E-1 2.22446E-1 3.34756E-1 2.23762E-1 1.55691E-1 1.75514E-1 5.49012E-1 5.59659E-1 8.1444E-1 7.43283E-1 3.97297E-1 3.56813E-1 3.96727E-1 7.59961E-1 6.9281E-1 8.42787E-2 3.19694E-1 6.35994E-1 6.25816E-1 6.49771E-1 7.23274E-1 7.08971E-1 7.23247E-1 7.53521E-1 7.42926E-1
-9999 -9999 -9999 -9999 -9999 -9999 -9999 -9999 -9999 -9999 -9999 -9999 -9999 2.56294E-1 5.07818E-1 5.47475E-1 2.89887E-1 9.59286E-2 3.07048E-1 2.6008E-1 2.39008E-1 3.46958E-1 3.04984E-1 8.36536E-2 1.26144E-1 9.79928E-2 5.12142E-2 7.94888E-2 1.41707E-1 4.65311E-1 3.87216E-1 1.43702E-1 4.58526E-1 3.60165E-1 4.59664E-1 2.95009E-1 2.13809E-1 2.24787E-1 3.95001E-1 5.08307E-1 4.14621E-1 3.10753E-1 2.81224E-1 3.01805E-1 3.07422E-1 1.84169E-1 1.66889E-1 1.93456E-1 7.77234E-2 1.03416E-1 1.64342E-1 1.15855E-1 1.39063E-1 2.62472E-1 7.55503E-1 6.79898E-1 6.90984E-1 7.29777E-1 3.75662E-1 3.74765E-1 1.998E-1 7.30608E-2 1.95604E-1 6.89318E-1 5.13065E-1 5.70132E-1 5.0267E-1 5.33123E-1 6.29873E-1 6.76236E-1 6.48994E-1
-9999 -9999 -9999 -9999 -9999 -9999 -9999 -9999 -9999 -9999 -9999 -9999 -9999 4.16538E-1 5.4698E-1 5.59787E-1 7.22371E-2 9.5737E-2 5.10896E-1 3.05141E-1 3.11957E-1 2.53801E-1 3.71241E-1 8.19791E-2 5.05712E-2 6.3774E-2 2.25688E-1 2.49979E-1 2.61065E-1 3.17645E-1 3.03877E-1 3.05234E-1 4.00019E-1 3.83369E-1 3.16155E-1 3.39573E-1 4.44994E-1 3.69469E-1 4.63127E-1 4.18829E-1 4.28185E-1 3.05784E-1 1.36902E-1 2.71472E-1 2.23505E-1 2.01465E-1 1.7478E-1 2.56885E-1 1.82999E-1 3.37481E-1 5.58459E-1 2.62947E-1 1.47988E-1 2.3452E-1 4.23858E-1 3.32307E-1 3.10707E-1 3.24706E-1 7.15334E-1 7.36324E-1 7.30958E-1 2.07778E-1 2.51754E-1 7.34689E-1 7.51123E-1 7.631E-1 5.32692E-1 5.38246E-1 6.09683E-1 7.75148E-1 7.60301E-1
-9999 -9999 -9999 -9999 -9999 -9999 -9999 -9999 -9999 -9999 -9999 -9999 -9999 5.44565E-1 6.41705E-1 6.13617E-1 5.76906E-1 7.01351E-2 4.76747E-1 3.01625E-1 2.38811E-1 2.22763E-1 5.17835E-1 1.82065E-1 8.777E-2 1.30222E-1 2.63055E-1 3.21913E-1 4.11809E-1 3.83189E-1 3.84714E-1 4.26961E-1 3.60478E-1 1.89151E-1 1.79191E-1 1.46093E-1 4.91854E-1 1.8377E-1 7.49669E-2 4.21618E-1 5.05763E-1 1.19934E-1 1.10643E-1 2.53509E-1 4.96279E-1 2.58282E-1 2.55226E-1 2.85922E-1 4.01353E-1 5.05477E-1 5.90242E-1 1.99485E-1 2.26716E-1 2.2531E-1 3.17686E-1 2.60275E-1 1.87363E-1 2.66302E-1 6.95391E-1 6.52731E-1 7.11163E-2 7.1091E-1 7.10125E-1 7.02499E-1 7.32196E-1 7.00727E-1 5.28307E-1 7.59445E-1 8.03004E-1 5.24526E-1 7.62878E-1
-9999 -9999 -9999 -9999 -9999 -9999 -9999 -9999 -9999 -9999 -9999 -9999 -9999 1.409E-1 2.06452E-1 5.35392E-1 2.63169E-1 7.9087E-2 3.40323E-1 3.91928E-1 2.64893E-1 2.93226E-1 3.74649E-1 2.61093E-1 1.45174E-1 9.78575E-2 2.78102E-1 2.87666E-1 4.84985E-1 6.31728E-1 6.4943E-1 3.49455E-1 3.3504E-1 1.52533E-1 1.17951E-1 1.86175E-1 2.71175E-1 2.04712E-1 2.91449E-1 2.2397E-1 1.80965E-1 8.30305E-2 1.11028E-1 1.38725E-1 2.52622E-1 3.74668E-1 4.26374E-1 2.78084E-1 3.53688E-1 4.73171E-1 5.01544E-1 1.33281E-1 6.41137E-2 1.06689E-1 5.13198E-1 6.17487E-1 7.28201E-1 6.1522E-1 6.96044E-1 3.15399E-1 2.11601E-1 7.56775E-1 4.87397E-1 7.48636E-1 7.4854E-1 6.85021E-1 4.92279E-1 7.05596E-1 7.25472E-1 2.01309E-2 5.25527E-1
-9999 -9999 -9999 -9999 -9999 -9999 -9999 -9999 -9999 -9999 -9999 -9999 -9999 -9999 4.9418E-1 4.62416E-1 5.05572E-1 5.19264E-1 5.71998E-1 5.35575E-1 6.05786E-1 5.48852E-1 5.98394E-1 2.44584E-1 1.61034E-1 1.84667E-1 3.74739E-1 3.05798E-1 4.55517E-1 5.93548E-1 6.29644E-1 6.4866E-1 2.51339E-1 1.9604E-1 1.43088E-1 2.66061E-1 5.39226E-1 3.39468E-1 2.32958E-1 2.3018E-1 3.43417E-1 2.59166E-1 4.40703E-1 1.99902E-1 1.63139E-1 2.23314E-1 4.62038E-1 4.92929E-1 3.75938E-1 4.6219E-1 4.80922E-1 3.73685E-1 3.64538E-1 4.27677E-1 3.38481E-1 1.11124E-1 3.06862E-1 6.81604E-1 6.37274E-1 1.19461E-1 2.37221E-1 3.17909E-1 7.27301E-1 6.64706E-1 7.58724E-1 6.11768E-1 7.77062E-1 5.11848E-1 7.87073E-1 7.08624E-2 5.40419E-1
-9999 -9999 -9999 -9999 -9999 -9999 -9999 -9999 -9999 -9999 -9999 -9999 -9999 -9999 6.09986E-1 5.35642E-1 5.71644E-1 5.12158E-1 5.40542E-1 6.70726E-1 6.38297E-1 5.14396E-1 5.30617E-1 2.28428E-1 1.76634E-1 3.60591E-1 6.67231E-1 6.00523E-1 3.05223E-1 3.72826E-1 6.40132E-1 2.20527E-1 2.63341E-1 2.70959E-1 1.16377E-1 2.78167E-1 5.76534E-1 6.02204E-1 2.03234E-1 2.13868E-1 3.80295E-1 1.89407E-1 3.65755E-1 8.54274E-2 3.70195E-1 1.34993E-1 3.1138E-1 6.98163E-1 7.72499E-1 7.64824E-1 1.64951E-1 4.39041E-1 7.64727E-1 7.21982E-1 7.82994E-1 4.06049E-1 6.32169E-1 6.94078E-1 6.68296E-1 5.73029E-1 6.46971E-1 7.50722E-1 6.74988E-1 7.29638E-1 5.55804E-1 3.38451E-1 3.54593E-1 2.19433E-1 2.93209E-1 6.36382E-1 6.89827E-1
-9999 -9999 -9999 -9999 -9999 -9999 -9999 -9999 -9999 -9999 -9999 -9999 -9999 -9999 5.60818E-1 2.16135E-1 4.7429E-1 7.80759E-2 5.84678E-1 4.77436E-1 5.19644E-1 5.11342E-1 2.86532E-1 2.24455E-1 3.1593E-1 4.31926E-1 3.3876E-1 3.34701E-1 2.13915E-1 2.89534E-1 3.32264E-1 2.452E-1 3.35663E-1 2.97072E-1 1.81691E-1 1.5076E-1 2.18801E-1 3.36795E-1 2.66537E-1 3.65772E-1 5.50666E-1 5.21634E-1 4.02816E-1 8.05349E-2 5.03166E-1 2.04897E-1 1.43107E-1 7.28041E-1 6.77857E-1 7.64501E-1 4.17858E-1 4.76242E-1 7.52801E-1 7.07344E-1 7.25536E-1 2.29567E-1 7.24759E-1 7.46003E-1 5.9055E-1 6.80946E-1 6.99997E-1 7.14259E-1 6.31942E-1 3.30063E-1 5.84752E-1 2.74666E-1 1.10274E-1 1.03995E-1 2.20599E-1 7.2667E-1 7.58115E-1
-9999 -9999 -9999 -9999 -9999 -9999 -9999 -9999 -9999 -9999 -9999 -9999 -9999 -9999 5.32641E-1 1.66363E-1 1.29152E-1 5.31672E-1 4.66162E-1 4.24353E-1 3.77593E-1 1.86231E-1 2.87159E-1 1.09952E-1 3.24654E-1 4.78731E-1 3.26721E-1 2.74656E-1 1.77948E-1 1.72463E-1 2.00682E-1 1.33239E-1 2.14699E-1 2.00467E-1 1.52925E-1 1.29596E-1 1.40133E-1 1.06288E-1 1.08875E-1 1.93124E-1 6.08786E-1 7.6736E-1 7.76089E-1 3.27255E-1 2.97018E-1 4.80865E-1 4.9553E-1 5.3873E-1 7.82596E-1 7.46725E-1 3.91762E-1 8.32955E-1 7.83482E-1 6.99038E-1 7.03896E-1 6.93129E-1 6.59018E-1 7.50592E-1 6.08338E-1 6.38048E-1 6.58711E-1 7.20034E-1 5.56269E-1 6.74725E-1 6.52415E-1 3.61838E-1 3.73714E-1 1.98466E-1 7.47896E-1 6.55039E-1 6.89796E-1
-9999 -9999 -9999 -9999 -9999 -9999 -9999 -9999 -9999 -9999 -9999 -9999 -9999 -9999 1.29203E-1 4.35559E-2 9.01583E-2 2.271E-1 2.87114E-1 3.20509E-1 1.87148E-1 2.82125E-1 3.71619E-1 2.25422E-1 4.18204E-1 5.68529E-1 4.18683E-1 6.33038E-2 2.02279E-1 2.36174E-1 2.33432E-1 2.9245E-1 2.45539E-1 2.32751E-1 1.6293E-1 2.39353E-1 2.54367E-1 1.4359E-1 1.49887E-1 2.21307E-1 4.34658E-1 5.69232E-1 7.41238E-1 5.64707E-1 4.8001E-1 2.29828E-1 3.90604E-1 4.66892E-1 5.20742E-1 8.07197E-1 7.8036E-1 7.49654E-1 7.52295E-1 7.62425E-1 7.47541E-1 6.87858E-1 6.05385E-1 7.06013E-1 6.33996E-1 6.21906E-1 6.52385E-1 6.18237E-1 7.08153E-1 6.11969E-1 8.2378E-2 1.05653E-1 5.38532E-1 7.32736E-1 5.48283E-1 4.90302E-1 5.6857E-1
-9999 -9999 -9999 -9999 -9999 -9999 -9999 -9999 -9999 -9999 -9999 -9999 -9999 -9999 -9999 2.52171E-1 2.43343E-1 2.55193E-1 3.09829E-1 1.18708E-1 3.55804E-2 2.77201E-1 2.51206E-1 4.26617E-1 1.56979E-1 1.49084E-1 2.36442E-1 1.36396E-1 1.57852E-1 2.72546E-1 3.30062E-1 4.50376E-1 3.89345E-1 3.27022E-1 2.92279E-1 2.80962E-1 1.74442E-1 1.51952E-1 1.84502E-1 2.77533E-1 7.64309E-1 7.68795E-1 7.44811E-1 6.49583E-1 7.18207E-1 5.82118E-1 7.37293E-1 7.30456E-1 6.43189E-1 7.53435E-1 7.71344E-1 7.37511E-1 7.07862E-1 7.16316E-1 6.66095E-1 6.53305E-1 5.64422E-1 6.42816E-1 5.39311E-1 6.29355E-1 5.98961E-1 7.4402E-1 6.62444E-1 6.93118E-1 6.213E-1 6.28768E-1 6.18044E-1 6.67095E-1 7.06527E-1 4.23738E-1 5.3439E-1
-9999 -9999 -9999 -9999 -9999 -9999 -9999 -9999 -9999 -9999 -9999 -9999 -9999 -9999 -9999 4.34008E-2 1.82133E-1 4.67395E-1 0E0 5.77714E-2 2.82797E-1 2.06076E-1 1.9122E-1 2.42041E-1 1.73197E-1 1.73816E-1 1.36653E-1 1.54945E-1 1.76315E-1 1.25205E-1 1.22211E-1 1.89277E-1 2.6052E-1 5.03922E-1 3.44716E-1 2.01816E-1 6.01937E-2 1.59035E-1 3.57434E-1 5.98622E-1 2.77972E-1 2.88763E-1 6.2813E-1 7.25779E-1 6.05944E-1 6.68092E-1 4.40231E-1 5.91686E-1 7.59697E-1 7.19684E-1 7.42836E-1 7.73338E-1 7.59863E-1 7.33647E-1 6.40492E-1 7.21349E-1 6.81789E-1 6.97229E-1 7.42054E-1 7.28384E-1 2.64488E-1 7.023E-1 5.68114E-1 7.80843E-1 5.18975E-1 4.64116E-1 5.90368E-1 6.43676E-1 5.0297E-1 4.69944E-1 6.20091E-1
