ENM/Final_Models/M_0.8_F_q_Set_1_EC/Gustavia_santanderiensis_5_Choco_clamping.asc
ncols         367
nrows         963
xllcorner     -78.6
yllcorner     0.65
cellsize      0.00833333333333323
NODATA_value  -9999
[rows 744 to 774 of 963, columns 0 to 70 of 367]
-9999 -9999 -9999 -9999 -9999 -9999 -9999 -9999 -9999 -9999 -9999 -9999 -9999 -9999 -9999 -9999 -9999 -9999 -9999 -9999 -9999 -9999 -9999 -9999 -9999 -9999 -9999 -9999 -9999 -9999 -9999 -9999 -9999 -9999 -9999 -9999 -9999 -9999 -9999 -9999 -9999 -9999 -9999 -9999 -9999 -9999 -9999 -9999 -9999 -9999 -9999 -9999 -9999 -9999 -9999 -9999 -9999 5.61545E-3 3.0936E-4 5.85004E-5 6.91503E-6 1.44685E-4 2.24154E-4 7.84397E-4 2.38152E-4 8.04283E-4 3.48357E-4 1.37429E-4 2.4603E-5 2.51186E-5 4.66955E-5
-9999 -9999 -9999 -9999 -9999 -9999 -9999 -9999 -9999 -9999 -9999 -9999 -9999 -9999 -9999 -9999 -9999 -9999 -9999 -9999 -9999 -9999 -9999 -9999 -9999 -9999 -9999 -9999 -9999 -9999 -9999 -9999 -9999 -9999 -9999 -9999 -9999 -9999 -9999 -9999 -9999 -9999 -9999 -9999 -9999 -9999 -9999 -9999 -9999 -9999 -9999 -9999 -9999 -9999 -9999 -9999 1.22744E-2 6.51933E-3 2.00847E-3 -9999 1.32855E-3 1.22563E-4 9.46126E-5 4.64986E-4 3.13432E-4 -9999 4.94882E-5 3.66711E-6 5.32462E-6 9.33091E-5 1.35939E-5
-9999 -9999 -9999 -9999 -9999 -9999 -9999 -9999 -9999 -9999 -9999 -9999 -9999 -9999 -9999 -9999 -9999 -9999 -9999 -9999 -9999 -9999 -9999 -9999 -9999 -9999 -9999 -9999 -9999 -9999 -9999 -9999 -9999 -9999 -9999 -9999 -9999 -9999 -9999 -9999 -9999 -9999 -9999 -9999 -9999 -9999 -9999 -9999 -9999 -9999 -9999 -9999 -9999 -9999 -9999 7.53999E-4 1.61202E-4 4.02503E-4 3.12615E-3 1.36096E-4 1.49988E-5 1.19224E-4 5.88464E-5 5.85386E-5 1.11671E-4 5.38709E-4 1.75056E-5 5.11607E-6 1.82076E-4 2.07902E-4 2.06539E-5
-9999 -9999 -9999 -9999 -9999 -9999 -9999 -9999 -9999 -9999 -9999 -9999 -9999 -9999 -9999 -9999 -9999 -9999 -9999 -9999 -9999 -9999 -9999 -9999 -9999 -9999 -9999 -9999 -9999 -9999 -9999 -9999 -9999 -9999 -9999 -9999 -9999 -9999 -9999 -9999 -9999 -9999 -9999 -9999 -9999 -9999 -9999 -9999 -9999 -9999 -9999 -9999 -9999 -9999 3.65086E-4 1.41835E-4 8.93647E-4 5.22726E-4 8.10288E-4 1.33648E-4 -9999 1.80142E-4 4.59889E-5 4.18123E-5 1.21768E-4 2.62976E-5 1.02542E-5 3.26876E-5 3.13788E-4 9.72366E-4 2.22232E-3
-9999 -9999 -9999 -9999 -9999 -9999 -9999 -9999 -9999 -9999 -9999 -9999 -9999 -9999 -9999 -9999 -9999 -9999 -9999 -9999 -9999 -9999 -9999 -9999 -9999 -9999 -9999 -9999 -9999 -9999 -9999 -9999 -9999 -9999 -9999 -9999 -9999 -9999 -9999 -9999 -9999 -9999 -9999 -9999 -9999 -9999 -9999 -9999 -9999 -9999 -9999 -9999 -9999 2.55177E-3 5.9469E-3 1.4101E-3 3.59366E-4 3.70013E-4 2.62707E-4 2.03419E-4 1.32312E-5 8.23602E-5 3.51127E-5 2.59854E-4 1.07372E-4 6.20642E-5 1.26915E-4 1.59338E-5 5.03365E-4 5.72151E-4 1.28805E-3
-9999 -9999 -9999 -9999 -9999 -9999 -9999 -9999 -9999 -9999 -9999 -9999 -9999 -9999 -9999 -9999 -9999 -9999 -9999 0E0 0E0 0E0 -9999 -9999 -9999 -9999 -9999 -9999 -9999 -9999 2.41342E-3 -9999 -9999 -9999 -9999 -9999 -9999 -9999 -9999 -9999 -9999 -9999 -9999 -9999 -9999 -9999 -9999 -9999 -9999 -9999 -9999 -9999 -9999 1.15154E-3 3.05188E-3 3.60399E-4 2.38921E-3 1.52545E-3 -9999 5.79187E-5 2.39193E-4 1.75382E-4 3.93754E-4 4.3153E-5 9.89855E-5 8.53948E-5 2.99714E-4 7.27289E-4 1.82631E-4 1.20632E-4 1.55386E-5
-9999 -9999 -9999 -9999 -9999 -9999 -9999 -9999 -9999 -9999 -9999 -9999 -9999 -9999 -9999 -9999 -9999 0E0 0E0 0E0 0E0 0E0 0E0 0E0 -9999 -9999 -9999 -9999 2.60239E-3 8.3977E-3 7.26075E-3 1.17679E-3 -9999 -9999 -9999 -9999 -9999 -9999 -9999 -9999 -9999 -9999 -9999 -9999 -9999 -9999 -9999 -9999 -9999 -9999 -9999 -9999 4.28705E-3 2.03906E-3 4.19124E-4 2.31766E-4 4.70319E-5 3.65463E-5 2.31345E-4 2.89728E-5 7.54229E-5 5.84177E-5 7.27742E-5 5.61494E-6 2.26399E-5 4.45963E-5 1.68132E-5 1.24401E-4 2.46189E-5 4.41227E-4 8.66504E-4
-9999 -9999 -9999 -9999 -9999 -9999 -9999 -9999 -9999 -9999 -9999 -9999 -9999 -9999 -9999 0E0 -9999 0E0 0E0 0E0 0E0 0E0 0E0 0E0 0E0 0E0 0E0 6.29637E-4 1.92642E-3 5.01607E-3 8.1581E-3 1.25238E-3 1.22819E-3 -9999 -9999 -9999 -9999 -9999 -9999 -9999 -9999 -9999 -9999 -9999 -9999 -9999 -9999 -9999 -9999 -9999 7.61025E-4 7.44597E-4 1.00141E-3 1.84832E-4 8.81262E-5 1.67896E-4 5.84796E-4 1.32914E-4 -9999 3.4853E-4 2.30726E-5 1.30771E-5 8.08081E-5 3.54962E-5 2.16419E-5 5.87472E-7 9.68286E-5 7.20504E-5 9.55716E-6 6.14224E-4 1.54781E-3
-9999 -9999 -9999 -9999 -9999 -9999 -9999 -9999 -9999 -9999 -9999 -9999 -9999 -9999 0E0 0E0 0E0 0E0 0E0 0E0 0E0 0E0 0E0 0E0 0E0 0E0 0E0 0E0 1.94928E-3 5.51823E-3 7.57526E-3 5.53054E-3 4.5067E-3 -9999 -9999 -9999 -9999 -9999 8.08049E-5 -9999 -9999 -9999 -9999 -9999 -9999 -9999 -9999 -9999 -9999 9.27058E-4 6.51514E-4 1.10352E-4 3.15197E-5 1.36271E-4 9.65844E-5 1.27692E-4 1.13099E-4 2.23223E-4 1.18026E-4 8.26949E-5 4.4016E-5 7.52249E-5 8.50952E-5 9.5119E-6 9.94117E-8 1.41455E-6 7.63044E-5 9.76206E-4 5.28828E-5 1.52098E-3 3.87314E-4
-9999 -9999 -9999 -9999 -9999 -9999 -9999 -9999 -9999 -9999 -9999 -9999 -9999 0E0 0E0 0E0 0E0 0E0 0E0 0E0 0E0 0E0 0E0 0E0 0E0 0E0 0E0 6.3276E-5 1.63253E-3 3.96071E-3 5.33927E-3 -9999 -9999 -9999 -9999 1.19083E-3 9.30939E-4 3.60632E-4 1.31733E-4 2.59129E-4 4.91198E-4 3.12942E-3 5.59873E-4 -9999 -9999 -9999 -9999 -9999 1.05632E-4 1.29714E-4 2.12937E-4 5.70531E-4 2.91749E-4 7.76645E-5 2.23533E-4 3.91751E-4 2.15729E-4 -9999 5.22504E-4 2.41435E-4 6.89434E-5 2.02144E-5 8.56663E-6 1.59649E-5 1.97881E-7 9.27801E-6 4.4298E-4 6.23587E-5 4.5734E-5 2.77416E-5 6.91062E-5
-9999 -9999 -9999 -9999 -9999 -9999 -9999 -9999 -9999 -9999 -9999 -9999 -9999 0E0 0E0 0E0 0E0 0E0 0E0 0E0 0E0 0E0 0E0 0E0 0E0 0E0 0E0 3.24752E-4 6.12865E-3 3.19537E-3 7.36573E-3 3.07967E-3 -9999 -9999 1.1226E-3 6.38549E-4 8.07474E-4 2.19079E-3 1.71169E-3 1.22339E-3 2.19697E-3 1.22922E-3 2.92714E-3 2.00111E-3 5.4002E-4 4.50958E-4 2.06145E-3 3.49336E-3 6.60682E-4 5.87167E-4 4.14449E-4 9.31259E-5 2.00728E-4 4.46531E-4 2.03782E-4 1.99265E-4 1.32327E-4 1.41563E-4 4.3087E-4 4.304E-4 2.245E-4 5.33065E-4 2.05289E-5 4.23014E-6 3.70755E-6 1.26318E-7 2.15691E-5 2.18176E-5 1.13002E-4 5.29877E-5 1.23659E-4
-9999 -9999 -9999 -9999 -9999 -9999 -9999 -9999 -9999 -9999 -9999 -9999 0E0 0E0 0E0 0E0 0E0 0E0 0E0 0E0 0E0 0E0 0E0 0E0 0E0 0E0 0E0 1.17223E-4 4.69282E-3 2.80132E-3 5.65274E-3 3.7797E-3 3.24181E-3 -9999 8.13046E-4 1.29425E-3 1.09225E-3 3.47587E-3 4.72394E-3 6.24415E-3 2.87234E-3 1.46712E-3 2.73208E-3 4.09599E-4 2.21695E-3 8.43257E-4 2.16887E-3 6.20345E-3 5.13049E-4 1.08803E-3 1.54254E-4 2.83461E-4 1.97935E-4 1.77172E-4 4.00379E-4 2.32692E-5 4.45309E-5 1.15771E-5 7.49211E-5 6.54005E-4 3.361E-4 1.74485E-4 2.11649E-5 5.14525E-7 2.37698E-6 5.43256E-6 2.08393E-4 2.32101E-4 9.83933E-5 1.42364E-4 1.82906E-4
-9999 -9999 -9999 -9999 -9999 -9999 -9999 -9999 -9999 -9999 -9999 0E0 0E0 0E0 0E0 0E0 0E0 0E0 0E0 0E0 0E0 0E0 0E0 0E0 4.56443E-5 6.65724E-4 1.90044E-3 5.33052E-3 6.00783E-3 6.23277E-3 3.06254E-3 1.79975E-3 3.48945E-4 3.43875E-4 1.25029E-3 3.32854E-3 3.84284E-3 1.16033E-2 1.6455E-2 4.69392E-3 1.76736E-2 3.77291E-3 2.01275E-3 4.27824E-4 2.4389E-3 1.17051E-3 1.33214E-4 4.46091E-4 4.00988E-3 9.68261E-4 4.26331E-4 3.36721E-4 4.90737E-5 5.39296E-5 2.45604E-5 1.53861E-5 1.13181E-5 4.89867E-5 3.04966E-4 8.36739E-4 6.75072E-4 1.61854E-4 2.31522E-4 1.52044E-4 5.61828E-4 1.78891E-5 4.32526E-4 7.01455E-4 1.99854E-3 1.19947E-4 2.9011E-4
-9999 -9999 -9999 -9999 -9999 -9999 -9999 -9999 -9999 -9999 -9999 0E0 0E0 0E0 0E0 0E0 0E0 0E0 0E0 0E0 0E0 0E0 0E0 0E0 2.00773E-3 3.03156E-3 3.78233E-3 3.17833E-3 3.90808E-3 1.05565E-2 1.81469E-3 1.64431E-3 4.46901E-4 9.47798E-4 4.25848E-3 1.05768E-3 2.89594E-3 2.38184E-3 3.79952E-3 2.37652E-3 4.04731E-3 1.42378E-3 5.49486E-4 2.80917E-3 7.69492E-3 4.38372E-3 1.01018E-4 2.19714E-3 6.49803E-4 1.6657E-4 1.52493E-5 1.24481E-4 6.02635E-5 3.24637E-5 5.75184E-5 1.12808E-4 9.1751E-7 3.88071E-6 4.10844E-4 8.01371E-5 4.79722E-4 4.46177E-4 7.61958E-4 3.04451E-4 3.49076E-5 6.85787E-5 3.70976E-3 8.51247E-4 2.54144E-4 3.50828E-4 5.58563E-5
-9999 -9999 -9999 -9999 -9999 -9999 -9999 -9999 -9999 -9999 0E0 0E0 0E0 0E0 0E0 0E0 0E0 0E0 0E0 0E0 0E0 0E0 0E0 0E0 1.93609E-3 1.15741E-3 2.3137E-3 1.24576E-3 1.85853E-3 2.15152E-3 7.74023E-4 5.46202E-4 2.54472E-4 2.85098E-4 1.64034E-3 1.65467E-3 6.33157E-3 1.82456E-3 2.06018E-3 6.35862E-4 4.33687E-4 6.47338E-4 1.54015E-3 4.46953E-4 8.52004E-4 1.08955E-3 2.34942E-4 1.94388E-4 1.84642E-3 5.83044E-4 1.12718E-4 2.71935E-5 1.67331E-4 6.47084E-5 5.82807E-5 2.95353E-5 4.20873E-5 6.79753E-5 1.00798E-4 1.46572E-4 5.14903E-4 1.20442E-4 4.38125E-5 1.27447E-4 4.49944E-4 6.07489E-5 1.82929E-3 5.46707E-4 7.8325E-4 1.46863E-4 2.62322E-4
-9999 -9999 -9999 -9999 -9999 -9999 -9999 -9999 -9999 -9999 0E0 0E0 0E0 0E0 0E0 0E0 0E0 0E0 0E0 0E0 0E0 0E0 0E0 1.06233E-3 0E0 1.49819E-3 3.03859E-3 2.96317E-3 2.2563E-3 2.13986E-3 7.87236E-4 7.83369E-4 2.05761E-3 1.92675E-3 7.76662E-4 3.95159E-4 3.44689E-4 6.76432E-4 9.86052E-4 1.11182E-3 5.53124E-4 2.28244E-3 2.3316E-3 9.56907E-4 9.37397E-5 1.73698E-4 8.40534E-4 1.37267E-4 2.44526E-4 6.28114E-4 5.6241E-5 7.44907E-5 4.54452E-5 6.7787E-5 2.03464E-4 2.05532E-4 4.96792E-6 2.44215E-4 2.58181E-4 1.05437E-4 6.5098E-5 1.67604E-5 5.03539E-5 5.51196E-5 3.50982E-4 1.36201E-5 6.28232E-4 5.56325E-5 1.72168E-4 2.36784E-4 5.15379E-4
-9999 -9999 -9999 -9999 -9999 -9999 -9999 -9999 -9999 0E0 0E0 0E0 0E0 0E0 0E0 0E0 0E0 0E0 0E0 0E0 0E0 0E0 0E0 0E0 0E0 3.20641E-3 2.58043E-3 1.53605E-3 4.41842E-3 2.1055E-3 9.07707E-4 2.73697E-4 4.27418E-4 2.46569E-4 5.8045E-4 1.23173E-3 7.51082E-4 5.25324E-4 1.04256E-4 1.25699E-3 1.0849E-3 1.07947E-3 1.20413E-3 8.85149E-4 5.65714E-4 1.13043E-4 2.85631E-4 5.56539E-4 7.9653E-4 5.1551E-4 1.27206E-4 5.29321E-5 1.1679E-4 1.94124E-4 4.36568E-4 1.16921E-4 1.94414E-5 9.85174E-5 1.235E-4 1.96984E-6 1.13369E-4 9.33977E-5 1.46482E-5 7.05514E-5 1.79744E-4 1.87318E-5 7.24573E-5 8.12507E-5 2.12846E-4 8.50337E-4 1.11955E-4
-9999 -9999 -9999 -9999 -9999 -9999 -9999 -9999 0E0 0E0 0E0 0E0 0E0 0E0 0E0 0E0 0E0 0E0 0E0 0E0 0E0 0E0 0E0 0E0 0E0 3.33089E-3 6.42778E-3 6.90126E-3 5.61019E-3 4.19229E-3 1.05154E-3 2.46845E-3 1.48568E-3 5.31436E-4 7.65949E-4 7.32637E-4 2.2752E-3 4.12362E-4 7.53366E-5 3.05588E-4 1.50006E-3 3.32301E-4 3.04286E-4 5.15394E-4 3.05215E-4 1.03702E-3 7.56193E-4 9.7037E-4 7.95882E-4 4.69148E-5 1.96031E-4 3.28496E-4 2.00707E-4 3.20558E-4 4.75188E-5 1.33659E-4 9.60373E-5 3.25498E-4 2.86181E-5 5.46215E-5 1.5258E-4 9.743E-5 1.48113E-4 2.58097E-4 2.19108E-5 4.39321E-5 4.69959E-5 7.1441E-5 5.39667E-4 1.70962E-4 7.4426E-4
-9999 -9999 -9999 -9999 -9999 -9999 -9999 -9999 0E0 0E0 0E0 0E0 0E0 0E0 0E0 0E0 0E0 0E0 0E0 0E0 0E0 0E0 0E0 0E0 6.13664E-4 2.049E-3 4.27359E-3 4.21247E-3 6.32446E-3 1.09051E-3 1.7794E-3 3.8045E-3 3.41486E-4 7.51742E-4 1.0277E-3 9.55507E-4 9.49101E-4 1.28672E-4 1.46691E-3 2.32187E-3 3.36351E-3 4.83487E-4 6.1345E-4 3.33997E-4 1.4155E-4 1.21883E-4 1.91177E-4 1.21775E-3 6.80507E-4 4.19033E-4 1.12281E-4 1.70911E-4 2.30125E-4 2.23808E-4 2.88879E-4 3.17392E-4 5.97856E-5 7.71191E-5 1.25625E-5 1.69146E-6 2.53138E-5 4.25306E-5 4.28343E-4 5.56744E-4 5.85701E-5 1.24242E-4 1.32835E-4 3.09194E-4 1.04589E-4 9.28299E-6 4.33669E-4
-9999 -9999 -9999 -9999 -9999 -9999 -9999 -9999 0E0 0E0 0E0 0E0 0E0 0E0 0E0 0E0 0E0 0E0 0E0 0E0 0E0 0E0 0E0 0E0 0E0 1.61885E-3 2.42875E-3 3.11846E-3 5.68115E-3 2.00744E-3 5.30212E-4 9.34987E-4 1.44505E-3 7.14195E-4 1.19675E-3 1.62287E-3 1.03071E-3 7.88922E-5 7.6207E-4 1.41463E-3 1.25273E-3 1.58756E-3 3.26566E-3 7.17154E-4 6.63558E-4 8.91158E-4 9.08363E-4 8.8843E-4 1.73245E-3 2.44683E-4 4.69744E-4 5.17139E-5 2.20149E-4 1.64574E-4 3.40222E-4 4.91789E-4 5.63612E-5 3.26931E-4 4.77081E-4 3.04274E-4 2.63322E-4 2.62373E-5 1.16806E-4 7.87929E-5 1.9377E-4 3.25799E-4 6.44777E-4 8.55399E-5 5.44382E-5 1.15199E-3 1.56631E-3
-9999 -9999 -9999 -9999 -9999 -9999 -9999 0E0 0E0 0E0 0E0 0E0 0E0 0E0 0E0 0E0 0E0 0E0 0E0 1.25135E-5 5.28419E-4 0E0 0E0 0E0 0E0 8.89503E-4 2.35812E-3 3.49586E-3 7.42231E-3 7.86016E-4 9.51834E-5 1.70734E-4 4.93244E-4 1.21953E-3 1.46306E-3 3.83772E-3 4.50127E-3 1.67087E-4 7.34593E-4 9.83751E-4 4.23005E-3 2.09573E-3 4.85822E-3 1.22789E-3 5.36007E-4 2.81866E-4 2.70973E-4 1.49479E-4 5.9344E-4 7.84355E-4 7.29368E-5 7.08185E-5 1.19129E-4 1.53528E-4 2.82131E-4 3.77176E-4 9.34537E-5 2.5853E-4 1.14255E-4 2.73068E-4 4.14973E-4 8.59954E-5 1.95832E-4 5.30534E-5 2.44849E-4 3.71908E-4 9.49431E-5 1.97278E-4 5.49707E-4 5.30506E-4 2.98898E-4
-9999 -9999 -9999 -9999 -9999 -9999 -9999 0E0 0E0 0E0 0E0 0E0 0E0 0E0 0E0 0E0 0E0 0E0 0E0 0E0 0E0 0E0 0E0 0E0 1.90748E-4 2.24358E-3 2.14906E-3 3.26698E-3 5.45532E-3 1.24055E-3 7.81625E-4 8.0342E-4 1.50365E-3 2.70807E-3 1.02754E-3 1.14369E-3 1.26669E-3 7.43823E-3 3.19929E-4 5.11466E-4 4.75418E-3 1.43708E-3 4.547E-4 1.19894E-3 2.33115E-4 2.65072E-4 3.41637E-4 5.20871E-4 1.20664E-3 3.83772E-4 3.84155E-4 4.51484E-5 2.09059E-4 2.41052E-4 3.22117E-4 8.20912E-4 1.11207E-4 1.43625E-4 5.626E-5 2.56463E-4 3.87573E-4 3.9216E-4 2.25009E-4 4.6219E-5 5.36267E-5 2.3783E-4 2.28343E-5 2.04972E-5 2.4525E-4 5.59993E-4 8.69191E-4
-9999 -9999 -9999 -9999 -9999 -9999 0E0 0E0 0E0 0E0 0E0 0E0 0E0 0E0 0E0 0E0 0E0 0E0 0E0 0E0 0E0 0E0 0E0 0E0 2.77564E-3 4.39195E-3 3.00261E-4 1.16588E-3 3.53624E-3 5.2178E-4 4.12648E-4 1.85642E-3 3.07471E-3 1.29657E-3 1.15683E-3 5.19777E-4 1.44316E-3 3.39364E-3 2.25426E-3 1.77006E-4 4.66647E-3 1.02073E-3 3.53124E-3 1.75307E-3 1.97968E-4 4.81658E-4 4.80807E-4 5.47302E-4 1.12952E-3 1.07749E-3 1.14766E-3 4.6423E-4 2.29673E-4 2.42111E-4 5.18549E-4 6.37633E-4 1.18555E-4 2.43467E-5 7.30689E-5 1.02072E-4 1.89117E-4 6.4187E-4 9.45826E-5 2.36718E-5 7.47745E-4 1.55928E-3 3.67511E-4 3.08129E-4 1.57152E-4 1.62674E-4 2.35401E-3
-9999 -9999 -9999 -9999 -9999 -9999 0E0 0E0 0E0 0E0 0E0 0E0 0E0 0E0 0E0 0E0 0E0 0E0 0E0 0E0 0E0 0E0 0E0 1.13624E-3 1.75792E-3 3.61551E-3 6.87233E-4 7.86889E-4 6.6636E-3 4.59571E-4 1.33707E-3 1.4864E-3 7.64091E-5 8.84256E-4 5.26536E-4 1.31237E-3 1.23249E-3 2.04522E-3 1.47301E-3 6.26969E-3 2.0976E-3 6.088E-3 1.36742E-3 3.11356E-3 1.19057E-3 5.21603E-4 5.38298E-4 1.84553E-3 1.27253E-3 3.24319E-3 1.0909E-3 6.74541E-4 4.24114E-4 4.82985E-4 2.31064E-4 2.1329E-4 1.49599E-4 1.46725E-4 2.67917E-5 2.66323E-4 3.06718E-4 3.33431E-4 5.71851E-4 2.56171E-5 5.54291E-4 5.42337E-4 5.5024E-4 4.37667E-4 1.84683E-4 2.08938E-3 1.25357E-3
-9999 -9999 -9999 -9999 -9999 3.09075E-3 4.85534E-3 4.64444E-3 4.91528E-3 5.24027E-3 0E0 3.60932E-3 0E0 0E0 0E0 0E0 0E0 0E0 0E0 0E0 0E0 0E0 0E0 1.78654E-4 8.19487E-4 0E0 0E0 5.08868E-4 2.89947E-3 5.19618E-4 3.84526E-4 4.48952E-4 1.02192E-3 1.23948E-3 4.37146E-4 6.86859E-4 2.66372E-3 7.10531E-4 2.14728E-3 4.94211E-3 3.32736E-3 7.0689E-3 1.84551E-3 1.53573E-3 6.37406E-3 3.0245E-3 3.14666E-3 1.21512E-3 4.91829E-3 4.19641E-3 1.26096E-3 8.3735E-4 2.93991E-3 2.07159E-4 3.02469E-4 7.32033E-4 1.89517E-4 2.82023E-4 8.50953E-4 1.53061E-3 9.03708E-5 4.30279E-4 1.74728E-4 5.86127E-4 1.38804E-5 1.44921E-5 1.22024E-3 2.30276E-4 2.87983E-4 1.34066E-3 8.00965E-4
-9999 -9999 -9999 -9999 -9999 3.67657E-3 4.79555E-3 5.01737E-3 0E0 0E0 5.31655E-3 3.40306E-3 0E0 0E0 0E0 0E0 0E0 0E0 0E0 0E0 0E0 0E0 0E0 2.37813E-4 1.14485E-3 2.25408E-3 7.62463E-4 1.82339E-3 1.16757E-3 6.72766E-4 9.98098E-4 3.82091E-4 3.47389E-3 4.98266E-3 9.19869E-4 9.51194E-4 9.41359E-4 4.68834E-3 1.13058E-3 7.94485E-4 6.25782E-4 1.66854E-3 3.2908E-3 2.66243E-3 4.20248E-3 5.12268E-3 3.79942E-3 2.98376E-3 5.79279E-3 6.6656E-3 2.12046E-3 2.25087E-3 2.34048E-3 3.1172E-4 4.49733E-4 1.06447E-3 1.69971E-4 3.28876E-4 1.37255E-3 1.48984E-4 8.84201E-5 3.29039E-5 1.12967E-4 1.49556E-4 7.67801E-4 4.8699E-5 5.17968E-4 1.24107E-3 2.18954E-5 8.48017E-4 3.31486E-4
-9999 -9999 -9999 -9999 -9999 2.89196E-3 4.61681E-3 5.89879E-3 0E0 0E0 3.99472E-3 0E0 0E0 0E0 0E0 0E0 0E0 0E0 0E0 0E0 0E0 0E0 0E0 0E0 1.67069E-3 1.44151E-3 7.50905E-4 8.80979E-4 1.14908E-3 3.3196E-4 2.29095E-3 9.2729E-4 1.89025E-3 1.92543E-3 3.02858E-3 2.8413E-3 4.90718E-3 2.2866E-3 3.89743E-3 2.67599E-3 5.98024E-4 7.69815E-4 2.36553E-3 3.89069E-3 3.11511E-3 3.49235E-3 3.64999E-3 1.00798E-3 1.01901E-3 2.26884E-3 2.44045E-3 9.47301E-5 1.09924E-4 6.48969E-4 1.539E-4 1.35062E-3 4.33273E-4 1.01414E-3 1.21202E-3 4.08094E-4 4.54756E-5 8.78102E-5 4.03028E-4 4.01028E-4 5.54785E-4 1.09251E-4 3.63598E-4 2.45811E-4 6.68531E-4 1.61896E-4 2.6689E-4
-9999 -9999 -9999 -9999 -9999 4.66714E-3 4.43651E-3 5.26053E-3 5.28239E-3 3.72966E-3 0E0 0E0 0E0 0E0 0E0 0E0 0E0 0E0 0E0 0E0 0E0 0E0 0E0 0E0 2.93186E-3 7.29962E-4 4.60875E-4 4.50948E-4 6.13099E-5 2.60338E-4 5.18904E-4 1.89248E-3 1.42488E-3 5.53257E-4 7.74552E-4 3.01034E-3 6.12583E-3 3.20572E-3 2.52295E-3 2.24973E-3 8.6615E-4 9.4317E-4 4.91387E-3 5.34147E-3 1.99402E-3 9.02437E-4 1.2835E-3 1.83256E-3 1.47194E-3 1.71943E-3 1.96742E-3 4.20241E-4 5.41348E-4 1.05093E-3 4.56833E-3 3.98151E-4 2.86553E-4 3.63582E-4 6.45962E-4 3.05676E-5 3.23145E-5 8.14426E-5 1.97259E-4 5.64799E-4 1.29007E-4 1.67447E-4 6.34405E-5 4.23312E-4 3.44672E-4 1.05445E-3 1.29072E-4
-9999 -9999 -9999 -9999 3.6967E-3 4.10951E-3 2.93869E-3 4.70201E-3 0E0 0E0 0E0 0E0 0E0 0E0 0E0 0E0 0E0 0E0 0E0 0E0 0E0 0E0 0E0 0E0 1.3759E-3 1.62412E-3 1.4022E-3 3.42018E-4 1.81301E-4 7.99035E-5 5.86578E-4 1.16358E-4 1.32122E-3 2.24398E-3 3.32616E-3 3.43272E-3 2.31537E-3 4.92902E-3 4.17301E-3 4.03977E-3 2.76091E-3 2.56267E-3 4.21408E-3 6.70854E-3 1.54966E-3 1.51415E-3 1.84014E-3 1.5345E-4 2.62833E-3 1.2838E-3 1.14751E-3 4.25738E-4 1.04686E-3 2.03863E-3 1.88855E-3 1.20748E-3 5.11945E-4 1.00007E-4 1.43817E-3 2.18048E-5 3.9806E-5 3.63521E-4 2.41981E-3 7.23858E-4 1.51088E-3 6.46847E-4 1.8488E-4 6.31209E-4 4.55166E-4 1.71239E-3 5.62059E-4
-9999 -9999 -9999 -9999 2.28981E-3 0E0 0E0 5.50051E-3 5.80284E-3 5.51411E-3 0E0 0E0 0E0 0E0 0E0 0E0 0E0 0E0 0E0 0E0 0E0 0E0 0E0 1.1711E-3 8.0845E-4 2.6995E-3 1.18486E-3 5.62951E-4 3.67561E-4 4.36544E-4 6.12554E-4 1.08243E-4 1.87319E-4 3.31572E-3 3.1436E-3 5.11475E-3 1.60994E-3 6.74582E-3 3.18002E-3 4.03767E-3 2.6016E-3 2.30921E-3 2.97224E-3 3.20578E-3 4.13025E-3 2.97713E-3 2.52535E-3 7.09856E-4 7.18175E-4 6.41105E-4 7.56572E-4 7.76375E-4 4.78973E-4 8.92074E-4 4.48114E-4 9.57919E-5 3.49302E-5 1.02093E-4 3.11935E-4 2.14459E-5 5.49124E-5 2.25004E-4 2.36617E-4 4.74765E-4 2.37341E-4 8.70654E-4 7.70659E-4 2.80717E-4 4.68219E-4 1.16454E-3 1.64954E-4
-9999 -9999 -9999 -9999 3.6263E-3 4.41839E-3 2.82138E-3 0E0 0E0 0E0 0E0 0E0 0E0 0E0 0E0 0E0 0E0 0E0 0E0 0E0 0E0 0E0 0E0 0E0 0E0 8.10062E-4 6.95554E-4 8.26319E-4 2.20692E-4 6.60277E-4 1.68124E-3 1.41674E-3 3.87801E-4 1.71914E-3 4.6116E-3 3.06253E-3 1.28396E-3 2.60627E-3 3.40285E-3 7.79496E-3 2.79046E-3 1.29634E-3 3.73492E-3 4.17808E-3 8.92518E-4 2.32613E-3 4.92272E-4 1.63692E-3 9.76665E-4 1.18983E-3 2.05482E-4 1.09562E-3 8.60582E-4 1.34301E-3 1.08476E-3 4.31204E-4 2.27949E-4 7.13962E-5 2.56035E-4 2.20869E-5 5.84414E-5 5.53133E-4 1.07852E-4 4.9025E-4 2.74439E-4 1.42964E-4 4.34617E-4 1.80955E-4 6.06106E-4 1.18176E-3 1.38E-4
