ENM/Final_Models/M_0.8_F_q_Set_1_EC/Gustavia_santanderiensis_7_Choco.asc
ncols         367
nrows         963
xllcorner     -78.6
yllcorner     0.65
cellsize      0.00833333333333323
NODATA_value  -9999
[rows 782 to 815 of 963, columns 76 to 151 of 367]
1E0 1E0 1E0 1E0 1E0 1E0 1E0 1E0 1E0 1E0 1E0 1E0 1E0 1E0 1E0 1E0 1E0 1E0 1E0 1E0 1E0 1E0 1E0 1E0 1E0 1E0 1E0 1E0 1E0 1E0 1E0 1E0 1E0 1E0 1E0 9.99199E-1 9.73278E-1 9.98554E-1 1E0 9.99997E-1 9.99405E-1 9.86872E-1 9.74693E-1 7.25417E-1 9.30175E-1 9.42909E-1 9.13083E-1 9.64822E-1 6.56184E-1 7.70443E-1 1.51639E-1 4.57736E-3 6.55424E-4 1.18409E-4 1.5164E-3 1.89287E-3 4.00798E-4 2.04011E-4 4.25303E-4 5.92735E-3 2.96135E-2 2.20946E-2 6.71503E-3 2.03106E-3 5.66705E-4 7.79546E-4 1.71889E-3 1.84064E-3 1.18624E-3 2.035E-3 1.18284E-3 5.62084E-4 4.22491E-4 1.63375E-4 2.05607E-5 8.78211E-6
1E0 1E0 1E0 1E0 1E0 1E0 1E0 1E0 1E0 1E0 1E0 1E0 1E0 1E0 1E0 1E0 1E0 1E0 1E0 1E0 1E0 1E0 1E0 1E0 1E0 1E0 1E0 1E0 1E0 1E0 1E0 1E0 1E0 1E0 9.99997E-1 9.99969E-1 9.99242E-1 1E0 1E0 9.99999E-1 9.98858E-1 9.98329E-1 9.94662E-1 7.87226E-1 9.78327E-1 9.96351E-1 9.99479E-1 5.66736E-1 5.23418E-1 8.91986E-1 6.41509E-1 4.76905E-3 2.84502E-4 1.29767E-4 1.13936E-3 4.67683E-3 2.09888E-3 2.76955E-3 6.44099E-3 1.53429E-2 1.48823E-2 2.44611E-2 6.10097E-3 8.8897E-3 3.50057E-3 4.19781E-4 3.70762E-4 1.04434E-3 3.54421E-4 2.56422E-4 1.10985E-3 5.18757E-4 1.93754E-4 1.09677E-4 8.68903E-6 1.40463E-5
1E0 1E0 1E0 1E0 1E0 1E0 1E0 1E0 1E0 1E0 1E0 1E0 1E0 1E0 1E0 1E0 1E0 1E0 1E0 1E0 1E0 1E0 1E0 1E0 1E0 1E0 1E0 1E0 1E0 1E0 1E0 1E0 1E0 1E0 1E0 1E0 1E0 1E0 1E0 1E0 1E0 9.99998E-1 9.80984E-1 6.48864E-1 7.07824E-1 9.9871E-1 9.98149E-1 7.46152E-1 7.38591E-1 9.46141E-1 7.50978E-1 1.32972E-2 9.02019E-4 6.08569E-4 1.55009E-3 4.74321E-3 1.46205E-2 3.28109E-2 7.74396E-3 7.02646E-3 3.17764E-2 1.01708E-2 2.38741E-3 5.41575E-3 1.06955E-2 2.71394E-3 7.40322E-5 1.2543E-4 2.5718E-4 7.03386E-5 3.38813E-5 3.94675E-5 3.56856E-5 9.76132E-5 3.5721E-5 1.91525E-5
1E0 1E0 1E0 1E0 1E0 1E0 1E0 1E0 1E0 1E0 1E0 1E0 1E0 1E0 1E0 1E0 1E0 1E0 1E0 1E0 1E0 1E0 1E0 1E0 1E0 1E0 1E0 1E0 1E0 1E0 1E0 1E0 1E0 1E0 1E0 1E0 1E0 1E0 1E0 9.86951E-1 9.47084E-1 9.97378E-1 9.50662E-1 8.41002E-1 8.96804E-1 8.63355E-1 7.35138E-1 6.42853E-1 9.78168E-1 9.50237E-1 5.5686E-1 1.09544E-2 1.69013E-3 2.88781E-3 6.42525E-3 1.39965E-2 1.49578E-2 4.37698E-2 3.66104E-2 4.47052E-2 3.44573E-2 2.2096E-2 6.58787E-3 3.40963E-3 7.47214E-3 4.83788E-3 5.72592E-4 9.64977E-4 8.60006E-4 1.49202E-4 1.41735E-4 3.17325E-5 1.63292E-5 2.19587E-5 1.90788E-5 1.76617E-5
1E0 1E0 1E0 1E0 1E0 1E0 1E0 1E0 1E0 1E0 1E0 1E0 1E0 1E0 1E0 1E0 1E0 1E0 1E0 1E0 1E0 1E0 1E0 1E0 1E0 1E0 1E0 1E0 1E0 1E0 1E0 1E0 1E0 1E0 1E0 9.99983E-1 9.99935E-1 9.99167E-1 9.99986E-1 9.24419E-1 8.72183E-1 7.71067E-1 8.02523E-1 9.08261E-1 9.70024E-1 8.68965E-1 6.90538E-1 9.47652E-1 9.21111E-1 8.08962E-1 3.63389E-1 1.12365E-2 1.42709E-3 3.49412E-3 1.79824E-2 8.79766E-2 2.40219E-2 6.59503E-2 6.06496E-2 2.30306E-2 8.58676E-3 1.65127E-2 3.52133E-2 1.44799E-2 1.64405E-2 1.79561E-2 2.37496E-2 9.85251E-3 7.954E-3 3.65174E-3 8.44612E-4 1.87441E-4 2.93615E-5 1.88292E-5 1.41495E-5 1.33939E-5
1E0 1E0 1E0 1E0 1E0 1E0 1E0 1E0 1E0 1E0 1E0 1E0 1E0 1E0 1E0 1E0 1E0 1E0 1E0 1E0 1E0 1E0 1E0 1E0 1E0 1E0 1E0 1E0 1E0 1E0 1E0 1E0 1E0 9.99998E-1 9.99867E-1 9.67959E-1 9.97968E-1 9.85583E-1 8.76782E-1 4.37417E-1 2.82057E-1 2.67378E-1 5.68037E-1 8.36757E-1 9.25416E-1 6.06988E-1 3.45925E-1 3.19411E-1 1.27621E-1 2.75747E-1 7.34715E-2 5.3844E-3 3.85897E-3 6.00981E-3 1.49945E-2 1.30742E-1 6.26819E-2 4.29641E-2 4.04893E-2 1.73384E-2 1.6544E-2 7.9346E-3 1.48316E-2 2.60084E-2 1.13518E-2 4.9327E-3 2.00622E-2 1.0165E-2 4.23317E-3 2.9532E-3 3.66276E-3 1.30867E-3 4.45575E-4 7.6096E-5 3.23697E-5 1.97085E-6
1E0 1E0 1E0 1E0 1E0 1E0 1E0 1E0 1E0 1E0 1E0 1E0 1E0 1E0 1E0 1E0 1E0 1E0 1E0 1E0 1E0 1E0 1E0 1E0 1E0 1E0 1E0 1E0 1E0 1E0 1E0 1E0 9.99911E-1 9.44811E-1 8.56323E-1 8.4843E-1 7.67774E-1 6.38022E-1 3.99583E-1 4.17588E-1 1.9036E-1 1.26679E-1 3.15786E-1 7.48405E-1 9.21657E-1 5.80314E-1 3.10447E-1 1.54401E-1 5.34096E-2 1.08859E-1 4.25358E-2 1.81001E-2 8.26584E-3 1.39E-2 3.97723E-2 1.29549E-1 1.18695E-1 4.0823E-2 5.53941E-2 1.9365E-2 7.53512E-3 7.83566E-3 4.5668E-3 7.17554E-3 2.10301E-2 3.55788E-3 2.67406E-3 5.57563E-3 2.46382E-3 2.44111E-4 1.96427E-4 1.15923E-4 2.59542E-4 9.41099E-5 1.9959E-5 6.60238E-6
1E0 1E0 1E0 1E0 1E0 1E0 1E0 1E0 1E0 1E0 1E0 1E0 1E0 1E0 1E0 1E0 1E0 1E0 1E0 1E0 1E0 1E0 1E0 1E0 1E0 1E0 1E0 1E0 1E0 1E0 1E0 1E0 9.99759E-1 9.94985E-1 9.82737E-1 9.12243E-1 7.31312E-1 3.88833E-1 1.74243E-1 5.3041E-2 8.22503E-2 9.86695E-2 3.03997E-1 4.65902E-1 8.83841E-1 9.06225E-1 6.18314E-1 1.95446E-1 1.25799E-1 1.62406E-1 3.81025E-2 4.46158E-2 2.49541E-2 3.08709E-2 1.10831E-1 3.99148E-2 6.91799E-2 7.58845E-2 1.46731E-2 3.45439E-3 1.19096E-3 2.51136E-3 1.42334E-3 1.52094E-3 7.07537E-3 4.25167E-3 5.74798E-4 4.41772E-4 2.5852E-3 7.93932E-4 7.43008E-5 5.67191E-5 4.95661E-5 7.70451E-5 9.94227E-6 4.59298E-6
1E0 1E0 1E0 1E0 1E0 1E0 1E0 1E0 1E0 1E0 1E0 1E0 1E0 1E0 1E0 1E0 1E0 1E0 1E0 1E0 1E0 1E0 1E0 1E0 1E0 1E0 1E0 1E0 1E0 1E0 1E0 1E0 9.99993E-1 9.61606E-1 8.60148E-1 8.26368E-1 7.25197E-1 7.68639E-1 1.81203E-1 5.49045E-2 1.16886E-1 1.05598E-1 1.05759E-1 3.92691E-1 8.50275E-1 8.14399E-1 2.01268E-1 1.73005E-1 2.99105E-1 2.62839E-1 1.07095E-1 1.17432E-1 1.46472E-1 1.83998E-1 5.71167E-2 1.59565E-2 1.95781E-2 1.78111E-2 1.82111E-2 1.64381E-2 6.40571E-3 1.50346E-3 3.22079E-4 4.68343E-4 1.44661E-3 1.62868E-3 5.6002E-4 7.95238E-5 6.75398E-5 3.81028E-4 1.30505E-4 1.0451E-5 1.10022E-5 2.08765E-5 1.40252E-5 1.08681E-5
1E0 1E0 1E0 1E0 1E0 1E0 1E0 1E0 1E0 1E0 1E0 1E0 1E0 1E0 1E0 1E0 1E0 1E0 1E0 1E0 1E0 1E0 1E0 1E0 1E0 1E0 1E0 1E0 1E0 1E0 9.99999E-1 9.99664E-1 9.95291E-1 7.97275E-1 5.58973E-1 4.63018E-1 4.88813E-1 5.7261E-1 1.40317E-1 5.24335E-2 7.86566E-2 5.6548E-2 8.09243E-2 2.98137E-1 8.05786E-1 7.29183E-1 2.97174E-1 3.38886E-1 5.21108E-1 4.24345E-1 2.17854E-1 2.47686E-1 1.07369E-1 7.94636E-2 2.22633E-2 3.79241E-3 1.88689E-2 1.92806E-2 1.27453E-2 1.21338E-2 5.46662E-3 2.46392E-3 9.22238E-4 1.89999E-4 2.85609E-4 4.69244E-4 1.29392E-4 4.03224E-5 1.72236E-5 2.74542E-5 3.82211E-5 1.44975E-5 5.40106E-6 4.20081E-6 6.79446E-6 3.36485E-6
1E0 1E0 1E0 1E0 1E0 1E0 1E0 1E0 1E0 1E0 1E0 1E0 1E0 1E0 1E0 1E0 1E0 1E0 1E0 1E0 1E0 1E0 1E0 1E0 1E0 1E0 1E0 1E0 1E0 9.99995E-1 9.99997E-1 9.72518E-1 9.81799E-1 8.28484E-1 4.36342E-1 2.14759E-1 1.93275E-1 1.50525E-1 2.22248E-1 1.29229E-1 2.15981E-1 1.80217E-1 9.86003E-2 3.89937E-1 8.80415E-1 8.00249E-1 7.07127E-1 6.40751E-1 7.18917E-1 2.54092E-1 6.45442E-2 8.82547E-2 6.60547E-2 1.94599E-2 7.16316E-3 6.39855E-3 1.11552E-2 7.72126E-3 9.92568E-3 5.45025E-3 1.71208E-3 6.2167E-4 2.9773E-4 1.00021E-4 4.95454E-5 5.73275E-5 3.49345E-5 1.53944E-5 9.75481E-6 8.11307E-6 1.26503E-5 9.06284E-6 8.08838E-6 2.35979E-6 2.65178E-6 5.62882E-6
1E0 1E0 1E0 1E0 1E0 1E0 1E0 1E0 1E0 1E0 1E0 1E0 1E0 1E0 1E0 1E0 1E0 1E0 1E0 1E0 1E0 1E0 1E0 1E0 1E0 1E0 1E0 1E0 9.99998E-1 9.99858E-1 9.99981E-1 9.96201E-1 8.80617E-1 9.62043E-1 8.50373E-1 6.90323E-1 4.02319E-1 2.83481E-2 6.92628E-2 3.37624E-1 5.43755E-1 6.57107E-1 2.48714E-1 3.15291E-1 7.3517E-1 9.35992E-1 5.65767E-1 4.13903E-1 6.22627E-1 2.74549E-1 4.41577E-2 5.21303E-2 2.86966E-2 6.18779E-3 1.49896E-3 2.35026E-3 7.32228E-3 9.14745E-3 3.48134E-3 1.84989E-3 2.5705E-3 9.8806E-4 3.5155E-4 3.82052E-5 3.96016E-5 8.64115E-5 4.11421E-5 1.43991E-4 1.10666E-4 2.34674E-5 1.815E-5 6.57132E-5 3.91458E-6 1.019E-5 1.02826E-5 7.9915E-6
1E0 1E0 1E0 1E0 1E0 1E0 1E0 1E0 1E0 1E0 1E0 1E0 1E0 1E0 1E0 1E0 1E0 1E0 1E0 1E0 1E0 1E0 1E0 1E0 1E0 1E0 1E0 1E0 1E0 1E0 1E0 9.94495E-1 8.62413E-1 6.13813E-1 5.56646E-1 5.4299E-1 3.68385E-1 4.37325E-2 1.25678E-1 5.80317E-1 7.08825E-1 7.5298E-1 3.76891E-1 1.59356E-1 3.938E-1 8.34282E-1 2.86437E-1 1.56469E-1 3.69809E-1 1.40004E-1 3.3846E-2 1.35434E-2 1.35214E-2 9.17422E-3 8.63137E-4 2.5762E-3 2.65741E-3 4.06418E-3 3.11978E-3 4.39984E-3 8.32799E-3 1.71315E-3 5.45813E-4 6.01682E-5 1.12049E-4 6.12718E-4 2.17698E-4 1.15105E-3 1.76048E-4 1.1702E-4 1.97463E-4 1.45885E-4 2.71198E-6 1.02819E-5 4.78927E-6 1.44818E-5
1E0 1E0 1E0 1E0 1E0 1E0 1E0 1E0 1E0 1E0 1E0 1E0 1E0 1E0 1E0 1E0 1E0 1E0 1E0 1E0 1E0 1E0 1E0 1E0 1E0 1E0 1E0 1E0 1E0 1E0 9.99991E-1 9.99986E-1 9.53824E-1 7.86087E-1 3.79508E-1 4.99819E-1 4.52114E-1 1.02661E-1 5.04198E-1 9.06447E-1 9.6858E-1 9.79986E-1 2.39979E-1 1.73576E-1 5.76536E-1 8.5153E-1 5.22894E-1 1.53428E-1 1.71457E-1 2.46562E-1 4.6962E-2 8.62804E-3 5.15851E-3 6.19988E-3 1.97834E-3 3.9447E-3 7.20237E-3 2.17476E-2 2.50117E-2 4.1426E-2 3.04571E-2 1.21645E-2 2.70901E-2 5.62871E-4 4.19661E-4 3.01951E-3 1.6548E-3 2.02427E-3 1.70701E-3 9.16653E-4 5.83335E-4 6.95056E-5 7.65422E-6 1.14872E-5 5.93325E-6 7.42153E-6
1E0 1E0 1E0 1E0 1E0 1E0 1E0 1E0 1E0 1E0 1E0 1E0 1E0 1E0 1E0 1E0 1E0 1E0 1E0 1E0 1E0 1E0 1E0 1E0 9.99859E-1 9.99982E-1 1E0 1E0 1E0 9.99867E-1 9.9915E-1 9.97166E-1 9.80699E-1 5.78432E-1 2.17921E-1 3.42787E-1 2.4103E-1 6.93629E-2 5.69265E-1 8.64277E-1 6.53693E-1 4.17618E-1 8.03439E-1 4.35608E-1 4.67128E-1 7.07944E-1 3.93974E-1 1.92799E-1 3.12466E-1 2.25568E-1 7.06748E-2 1.58443E-2 6.23933E-3 5.7753E-3 6.50508E-3 1.06978E-2 3.5401E-2 1.44936E-2 1.44267E-2 2.4804E-2 1.33554E-2 5.88003E-3 1.99151E-2 3.05201E-3 4.29627E-3 9.23111E-3 5.22755E-3 2.91575E-3 7.52065E-4 2.40776E-4 6.75979E-5 2.11139E-5 8.14352E-6 3.69556E-6 5.12322E-6 4.84068E-6
1E0 1E0 1E0 1E0 1E0 1E0 1E0 1E0 1E0 1E0 1E0 1E0 1E0 1E0 1E0 1E0 1E0 1E0 1E0 1E0 1E0 1E0 1E0 9.99997E-1 9.99999E-1 1E0 1E0 1E0 9.99971E-1 9.98083E-1 9.80533E-1 9.92009E-1 9.55509E-1 7.4949E-1 4.78585E-1 4.39517E-1 3.06204E-1 7.45475E-2 2.95007E-1 3.69755E-1 2.69123E-1 4.56076E-1 6.99142E-1 5.45303E-1 3.1663E-1 4.99901E-1 6.74833E-1 5.91203E-1 5.54512E-1 3.46319E-1 1.55165E-1 5.53924E-2 1.23049E-2 1.6115E-2 1.98734E-2 2.64138E-2 4.98755E-2 4.53579E-2 2.45266E-2 2.96481E-2 2.06143E-2 1.88303E-2 9.6495E-3 1.16666E-2 1.72358E-2 1.89366E-2 6.61704E-3 3.66906E-3 1.58576E-3 8.53723E-5 1.04357E-5 4.04084E-6 4.63461E-6 3.2813E-6 2.38496E-6 2.0657E-6
1E0 1E0 1E0 1E0 1E0 1E0 1E0 1E0 1E0 1E0 1E0 1E0 1E0 1E0 1E0 1E0 1E0 1E0 1E0 1E0 1E0 1E0 1E0 9.99851E-1 1E0 1E0 1E0 1E0 9.99845E-1 9.98534E-1 9.82979E-1 9.07937E-1 8.2751E-1 7.64777E-1 5.04703E-1 4.41492E-1 2.53528E-1 5.82424E-2 2.18433E-1 2.28261E-1 1.94879E-1 7.10292E-1 9.62919E-1 4.88301E-1 4.48818E-1 6.41699E-1 6.60317E-1 6.73336E-1 5.25015E-1 5.03517E-1 2.45549E-1 1.06681E-1 2.47197E-2 1.43462E-2 3.6341E-2 6.1677E-2 1.03658E-1 1.18755E-1 1.06742E-1 6.40251E-2 3.80617E-2 3.42102E-2 3.04149E-2 1.35633E-2 3.94143E-3 1.21254E-3 4.11988E-4 1.27702E-4 9.56901E-5 3.56772E-5 1.32824E-5 5.41917E-6 3.28412E-6 9.42675E-6 3.52826E-6 2.69036E-6
1E0 1E0 1E0 1E0 1E0 1E0 1E0 1E0 1E0 1E0 1E0 1E0 1E0 1E0 1E0 1E0 1E0 1E0 1E0 1E0 1E0 1E0 1E0 9.99923E-1 1E0 1E0 1E0 1E0 1E0 9.99996E-1 9.99508E-1 8.44214E-1 7.93721E-1 6.66965E-1 4.84781E-1 2.87761E-1 1.13411E-1 1.53552E-1 3.68904E-1 2.24754E-1 1.14594E-1 3.10084E-1 7.5823E-1 6.88776E-1 2.86725E-1 5.24606E-1 5.17077E-1 5.71896E-1 4.38303E-1 3.901E-1 4.89969E-1 1.57462E-1 1.12898E-1 7.10735E-2 7.87967E-2 1.70189E-1 9.94805E-2 1.45834E-1 1.30482E-1 7.98558E-2 3.47432E-2 3.91504E-2 2.84207E-2 8.02824E-3 1.20081E-3 2.44374E-4 6.02654E-5 2.55706E-5 5.82918E-6 5.78658E-6 8.5304E-6 6.34999E-6 6.52094E-6 2.32864E-5 1.03973E-5 3.12294E-5
1E0 1E0 1E0 1E0 1E0 1E0 1E0 1E0 1E0 1E0 1E0 1E0 1E0 1E0 1E0 1E0 1E0 1E0 1E0 1E0 1E0 1E0 9.99586E-1 9.98774E-1 1E0 1E0 9.99997E-1 1E0 9.9943E-1 9.99948E-1 9.99493E-1 7.93246E-1 5.53716E-1 6.0975E-1 6.251E-1 3.76582E-1 2.43646E-1 2.47921E-1 6.08353E-1 1.45623E-1 5.17279E-2 3.16522E-1 8.96604E-1 9.89758E-1 3.54792E-1 1.47981E-1 4.97167E-1 6.27941E-1 5.23531E-1 5.09914E-1 4.02563E-1 3.06639E-1 1.73894E-1 1.92381E-1 2.20507E-1 2.87398E-1 7.65636E-2 1.17068E-1 3.86445E-2 5.43674E-2 1.05732E-1 7.43143E-2 2.51436E-2 1.69058E-2 1.66904E-3 9.79752E-4 1.5462E-4 2.4616E-5 9.66972E-6 5.24362E-6 8.23359E-6 6.03812E-6 1.12656E-5 3.43472E-5 7.39383E-5 2.23013E-5
1E0 1E0 1E0 1E0 1E0 1E0 1E0 1E0 1E0 1E0 1E0 1E0 1E0 1E0 1E0 1E0 1E0 1E0 1E0 1E0 1E0 9.99978E-1 9.87903E-1 9.83046E-1 9.9999E-1 9.99897E-1 9.9991E-1 9.99995E-1 9.9955E-1 9.99765E-1 9.93544E-1 6.84867E-1 5.12654E-1 4.60527E-1 5.19178E-1 2.50968E-1 4.62382E-1 7.42454E-1 6.9712E-1 3.79469E-1 4.63962E-2 1.44925E-1 6.69786E-1 6.23699E-1 2.22298E-1 3.22626E-1 4.66023E-1 5.5055E-1 5.68974E-1 3.84324E-1 3.88411E-1 4.02414E-1 3.92786E-1 2.92808E-1 1.44873E-1 1.18548E-1 6.56643E-2 1.57508E-1 6.07541E-2 3.41529E-2 4.18292E-2 7.53996E-2 7.40473E-3 2.32188E-3 2.81966E-4 1.96257E-4 6.58123E-5 2.16923E-5 7.86382E-6 3.57201E-6 4.78621E-6 5.76705E-6 1.08759E-4 1.63348E-4 8.98947E-5 1.48898E-5
1E0 1E0 1E0 1E0 1E0 1E0 1E0 1E0 1E0 1E0 1E0 1E0 1E0 1E0 1E0 1E0 1E0 1E0 1E0 1E0 1E0 9.99848E-1 9.58777E-1 9.79453E-1 9.99251E-1 9.97321E-1 9.92762E-1 9.99999E-1 9.99914E-1 9.97864E-1 9.9496E-1 7.5567E-1 5.44119E-1 2.9709E-1 1.92213E-1 2.44421E-1 6.96978E-1 7.7257E-1 8.02483E-1 4.93862E-1 1.12672E-1 2.50215E-1 7.51672E-1 9.3063E-1 3.58189E-1 3.29146E-1 4.83327E-1 4.87024E-1 5.77807E-1 2.27155E-1 3.92959E-1 3.91731E-1 3.71039E-1 1.72641E-1 7.96764E-2 4.99963E-2 5.09186E-2 3.32339E-2 3.01914E-2 1.17089E-2 9.85892E-3 1.28053E-2 4.41984E-3 5.25695E-4 1.35486E-4 4.78871E-5 2.36913E-5 7.67513E-6 2.72147E-6 6.19201E-6 1.27436E-5 1.39442E-5 2.86571E-5 2.70196E-4 8.87489E-5 1.8698E-5
1E0 1E0 1E0 1E0 1E0 1E0 1E0 1E0 1E0 1E0 1E0 1E0 1E0 1E0 1E0 1E0 1E0 1E0 1E0 1E0 1E0 9.99921E-1 9.81026E-1 9.8946E-1 9.9461E-1 9.83943E-1 9.72183E-1 9.99993E-1 9.99957E-1 9.99894E-1 9.95134E-1 9.50826E-1 7.03534E-1 1.2012E-1 1.20642E-1 5.10134E-1 7.49043E-1 8.00406E-1 7.91314E-1 4.24001E-1 1.78401E-1 5.13366E-1 9.09071E-1 9.08531E-1 3.36338E-1 4.72768E-1 4.71466E-1 4.79975E-1 3.88255E-1 1.0298E-1 1.56125E-1 2.72096E-1 2.4124E-1 1.50578E-1 3.5215E-2 2.72599E-2 2.05787E-2 1.77633E-2 8.05971E-3 2.22822E-3 3.19397E-3 2.40129E-3 5.82571E-4 5.0076E-4 4.22967E-4 2.63393E-4 2.54967E-5 3.26532E-6 2.01746E-6 1.17549E-5 1.29731E-4 5.22061E-5 4.84905E-5 2.36364E-4 3.58225E-4 1.1565E-4
1E0 1E0 1E0 1E0 1E0 1E0 1E0 1E0 1E0 1E0 1E0 1E0 1E0 1E0 1E0 1E0 1E0 1E0 1E0 1E0 1E0 1E0 9.99646E-1 9.96708E-1 9.99741E-1 9.99423E-1 9.96911E-1 9.99918E-1 9.97814E-1 9.99838E-1 9.95761E-1 9.64391E-1 8.37961E-1 3.17007E-1 2.75915E-1 7.75315E-1 9.20645E-1 9.90408E-1 9.28396E-1 4.56892E-1 1.49228E-1 5.24739E-1 9.82021E-1 6.77564E-1 4.60606E-1 6.17921E-1 3.51122E-1 2.94461E-1 3.96691E-1 1.48843E-1 1.48901E-1 1.84185E-1 1.7691E-1 7.62656E-2 3.95382E-2 2.33349E-2 7.27936E-3 3.88892E-3 4.26276E-3 1.32464E-3 1.56621E-3 1.2287E-3 1.40867E-3 2.27114E-3 6.57261E-4 7.52933E-5 4.0121E-5 5.85257E-6 2.24228E-6 3.81935E-5 4.56831E-4 1.00635E-4 3.38148E-5 3.14965E-4 3.57487E-4 1.03377E-4
1E0 1E0 1E0 1E0 1E0 1E0 1E0 1E0 1E0 1E0 1E0 1E0 1E0 1E0 1E0 1E0 1E0 1E0 1E0 9.99598E-1 9.99995E-1 1E0 1E0 9.99511E-1 9.99999E-1 9.9995E-1 9.98965E-1 9.98328E-1 9.81836E-1 9.80049E-1 9.97635E-1 9.87359E-1 9.42357E-1 7.07901E-1 4.49712E-1 7.77341E-1 9.86839E-1 9.99036E-1 9.34562E-1 7.8579E-1 2.3718E-1 6.15504E-1 9.4708E-1 6.76729E-1 5.68198E-1 3.84571E-1 4.24243E-1 3.56575E-1 3.13127E-1 2.53253E-1 2.18047E-1 1.90939E-1 1.83892E-1 1.36762E-1 9.24878E-2 1.9205E-2 2.68936E-3 7.69825E-4 1.95391E-3 2.12945E-3 2.12098E-3 4.91524E-3 5.9478E-3 2.23121E-3 9.30929E-4 8.28745E-5 9.06823E-5 1.63853E-5 7.31001E-6 1.74921E-4 4.54016E-4 1.01043E-4 1.85719E-4 8.59962E-4 4.26838E-4 8.27468E-5
1E0 1E0 1E0 1E0 1E0 1E0 1E0 1E0 1E0 1E0 1E0 1E0 1E0 1E0 1E0 1E0 1E0 1E0 9.99965E-1 9.9702E-1 9.98983E-1 9.99499E-1 9.99689E-1 9.99966E-1 9.99994E-1 9.99995E-1 9.99958E-1 9.9977E-1 9.7014E-1 8.0485E-1 9.32759E-1 9.89796E-1 8.12978E-1 6.18069E-1 3.36022E-1 5.78447E-1 9.02244E-1 9.9949E-1 9.92575E-1 9.81447E-1 4.82157E-1 2.18777E-1 6.37539E-1 9.95975E-1 4.57877E-1 3.01072E-1 3.054E-1 2.2674E-1 2.13082E-1 3.37553E-1 2.45857E-1 9.73398E-2 4.21149E-2 8.12842E-2 3.18888E-2 1.72307E-2 3.52643E-3 3.75904E-3 7.65027E-3 7.63498E-3 1.26248E-2 1.32358E-2 8.34317E-3 2.07051E-3 9.32768E-4 3.72795E-4 1.20392E-4 3.20891E-5 4.30947E-5 4.28358E-4 8.33919E-4 8.82112E-5 5.2159E-4 1.37964E-3 3.44294E-4 3.73159E-5
1E0 1E0 1E0 1E0 1E0 1E0 1E0 1E0 1E0 1E0 1E0 1E0 1E0 1E0 1E0 1E0 1E0 9.99935E-1 9.89552E-1 9.8531E-1 8.44719E-1 9.34582E-1 9.96426E-1 9.99771E-1 1E0 9.99993E-1 9.98709E-1 9.89646E-1 9.3623E-1 7.0085E-1 7.97403E-1 8.94489E-1 8.14817E-1 3.14204E-1 2.03662E-1 2.28496E-1 8.95266E-1 9.99964E-1 9.99994E-1 8.59815E-1 1.59415E-1 1.39378E-1 6.24496E-1 9.86893E-1 9.55924E-1 2.33855E-1 8.81617E-2 9.62276E-2 1.53319E-1 2.62153E-1 1.7174E-1 7.11771E-2 4.68134E-2 3.55576E-2 1.69065E-2 7.44276E-3 5.36462E-3 5.89024E-3 9.76631E-3 5.79521E-3 2.18813E-2 8.79531E-3 1.97E-3 5.49404E-4 1.28704E-4 7.82231E-5 2.36346E-5 2.82933E-5 2.92701E-4 9.98254E-4 1.30994E-3 8.53851E-4 1.36713E-3 8.33609E-4 1.51212E-4 2.6242E-5
1E0 1E0 1E0 1E0 1E0 1E0 1E0 1E0 1E0 1E0 1E0 1E0 1E0 1E0 1E0 1E0 1E0 9.99708E-1 9.20461E-1 8.72947E-1 7.20599E-1 8.21288E-1 9.95415E-1 9.99987E-1 9.99994E-1 9.99999E-1 9.84701E-1 9.68291E-1 9.26039E-1 6.2382E-1 6.64266E-1 6.70387E-1 6.73655E-1 1.91569E-1 1.31892E-1 2.67071E-1 7.39777E-1 9.96872E-1 9.99935E-1 7.08048E-1 8.11542E-2 8.55149E-2 8.47359E-1 8.38708E-1 9.22592E-1 4.78253E-1 1.75322E-1 2.65292E-1 3.98762E-1 1.63821E-1 2.42735E-1 1.1803E-1 7.27916E-2 3.57349E-2 1.71012E-2 3.26472E-3 4.77137E-3 1.05667E-2 9.30314E-3 6.79042E-3 1.53737E-2 5.87157E-3 2.36504E-3 4.02186E-4 3.34784E-4 8.51449E-5 2.77389E-5 1.98744E-5 1.73142E-4 2.31528E-3 2.40296E-3 2.18634E-3 1.60291E-3 5.31764E-4 1.49999E-4 2.143E-5
1E0 1E0 1E0 1E0 1E0 1E0 1E0 1E0 1E0 1E0 1E0 1E0 1E0 1E0 1E0 1E0 9.99967E-1 9.98428E-1 8.15909E-1 8.19111E-1 6.51297E-1 9.53205E-1 9.98573E-1 9.99722E-1 9.99996E-1 9.99984E-1 9.55098E-1 9.62433E-1 8.9769E-1 9.20949E-1 8.18033E-1 8.06724E-1 6.52485E-1 2.95373E-1 2.37766E-1 4.90828E-1 5.48627E-1 9.01687E-1 8.12674E-1 6.42997E-1 1.68101E-1 4.406E-1 7.50225E-1 8.63264E-1 5.62664E-1 5.79102E-1 5.79205E-1 9.59655E-1 4.11244E-1 1.56618E-1 1.8901E-1 1.14138E-1 4.44008E-2 3.5882E-2 1.78665E-2 4.87305E-3 4.61596E-3 1.15417E-2 1.74606E-2 9.10925E-3 1.0307E-2 6.20917E-3 6.8415E-3 1.88211E-3 1.01229E-3 6.20852E-5 1.43355E-5 3.65895E-5 1.72387E-4 1.74145E-3 3.79586E-3 2.14138E-3 9.5036E-4 4.36554E-4 2.12365E-4 4.51982E-5
1E0 1E0 1E0 1E0 1E0 1E0 1E0 1E0 1E0 1E0 1E0 1E0 1E0 1E0 1E0 9.99994E-1 9.99975E-1 9.91049E-1 7.62716E-1 5.73777E-1 6.28356E-1 9.61469E-1 9.99873E-1 9.99981E-1 1E0 9.99951E-1 9.98279E-1 9.99945E-1 9.46539E-1 6.25738E-1 7.00092E-1 4.05719E-1 4.31465E-1 5.05857E-1 4.35527E-1 4.62016E-1 8.64777E-1 8.03989E-1 6.09257E-1 3.08926E-1 4.87031E-1 7.62258E-1 9.10772E-1 7.62747E-1 5.61847E-1 3.9264E-1 6.33665E-1 9.89567E-1 4.5611E-1 2.19979E-1 9.66125E-2 1.22216E-1 7.12693E-2 3.30393E-2 1.93908E-2 4.69342E-3 1.09087E-2 2.19409E-2 3.2174E-2 2.58057E-2 7.46653E-3 3.4606E-3 1.8603E-3 5.06178E-4 3.40464E-5 1.51295E-5 9.56333E-6 3.63754E-5 4.83161E-4 4.08075E-3 3.05026E-3 9.45899E-4 2.13628E-4 4.28233E-5 2.0928E-5 1.33149E-5
1E0 1E0 1E0 1E0 1E0 1E0 1E0 1E0 1E0 1E0 1E0 1E0 1E0 1E0 1E0 9.97803E-1 9.63867E-1 9.60567E-1 7.2425E-1 7.4716E-1 9.70831E-1 9.94598E-1 1E0 1E0 1E0 1E0 1E0 1E0 9.95711E-1 9.05879E-1 9.95841E-1 9.48066E-1 7.29003E-1 9.14797E-1 3.97372E-1 6.121E-1 9.0793E-1 6.34822E-1 2.88504E-1 9.69768E-2 2.49553E-1 3.74519E-1 4.51412E-1 4.82407E-1 4.41426E-1 3.42641E-1 5.33377E-1 8.46771E-1 5.92599E-1 1.36955E-1 8.65904E-2 5.59562E-2 2.55817E-2 9.74868E-3 8.04083E-3 4.8023E-3 1.69181E-2 2.62005E-2 6.75524E-2 2.13336E-2 1.1249E-2 2.87703E-3 8.99555E-4 1.21628E-4 1.80724E-5 6.13796E-6 9.49128E-6 3.58274E-5 9.21844E-4 5.8037E-3 2.81831E-3 7.72102E-4 1.46097E-4 5.93595E-5 1.33208E-5 1.74205E-5
1E0 1E0 1E0 1E0 1E0 1E0 1E0 1E0 1E0 1E0 1E0 1E0 1E0 1E0 9.99846E-1 9.79012E-1 8.64136E-1 7.94002E-1 8.46408E-1 9.94269E-1 9.99804E-1 1E0 1E0 1E0 1E0 1E0 1E0 9.99985E-1 9.98631E-1 7.61003E-1 9.07183E-1 8.31577E-1 8.97919E-1 7.98237E-1 8.10667E-1 8.68132E-1 9.02274E-1 8.64274E-1 3.15553E-1 1.68633E-1 1.51328E-1 1.41595E-1 9.97159E-2 9.05466E-2 3.93385E-1 2.91967E-1 2.86673E-1 4.84781E-1 3.53494E-1 9.82731E-2 8.50709E-2 5.32126E-2 2.40918E-2 8.33766E-3 3.38604E-3 3.29971E-3 8.42439E-3 2.23726E-2 1.03142E-1 2.7751E-2 9.57425E-3 6.791E-3 2.49799E-3 9.3291E-4 2.8765E-5 5.52296E-6 2.88745E-5 5.46405E-5 1.19632E-3 6.45264E-3 2.27407E-3 7.76025E-4 1.66743E-4 6.21906E-5 3.8854E-5 1.93358E-5
1E0 1E0 1E0 1E0 1E0 1E0 1E0 1E0 1E0 1E0 1E0 1E0 1E0 1E0 9.99985E-1 9.92893E-1 8.99607E-1 8.35511E-1 8.45875E-1 9.99865E-1 1E0 1E0 1E0 1E0 9.99534E-1 9.99998E-1 9.87193E-1 9.38052E-1 9.70122E-1 7.02813E-1 8.12535E-1 8.2462E-1 4.09253E-1 8.60511E-1 8.20468E-1 3.66187E-1 4.20024E-1 7.46786E-1 7.45063E-1 7.38327E-1 3.57839E-1 2.04454E-1 1.03318E-1 1.18649E-1 2.60433E-1 5.56337E-1 5.94512E-1 7.05268E-1 2.18254E-1 7.63163E-2 1.22304E-1 3.98743E-2 9.25994E-2 9.24672E-2 5.02465E-2 1.5914E-2 2.11559E-2 5.50915E-2 9.37618E-2 2.75104E-2 1.20023E-2 1.27277E-2 6.85162E-3 1.34994E-3 6.64189E-5 6.65687E-6 1.25046E-5 1.15961E-4 1.67252E-3 8.28877E-3 2.15659E-3 4.07209E-4 1.87437E-4 4.84651E-4 8.00511E-4 1.07409E-4
1E0 1E0 1E0 1E0 1E0 1E0 1E0 1E0 1E0 1E0 1E0 1E0 1E0 1E0 1E0 9.99997E-1 9.99345E-1 9.94424E-1 9.97959E-1 9.99998E-1 1E0 1E0 1E0 1E0 9.98658E-1 1E0 9.99984E-1 4.27371E-1 6.33422E-1 9.93207E-1 9.87849E-1 8.78424E-1 3.11129E-1 8.51671E-1 6.31222E-1 2.96628E-1 3.03181E-1 3.85084E-1 6.10259E-1 9.38794E-1 7.39487E-1 4.84619E-1 1.49712E-1 3.7412E-1 4.69198E-1 6.40427E-1 5.88501E-1 3.87941E-1 1.14878E-1 9.08396E-2 1.98177E-1 1.72507E-1 1.54918E-1 8.60257E-2 5.80602E-2 3.11519E-2 4.96004E-2 5.82551E-2 1.11372E-1 6.4342E-2 2.55588E-2 4.73904E-3 1.25523E-3 9.26958E-4 1.30945E-3 7.69262E-4 4.69233E-4 7.97224E-4 3.22351E-3 4.43961E-3 1.98579E-3 2.39855E-4 1.73136E-4 9.80333E-4 1.92203E-4 4.74619E-5
1E0 1E0 1E0 1E0 1E0 1E0 1E0 1E0 1E0 1E0 1E0 1E0 1E0 1E0 9.99721E-1 9.98827E-1 9.98786E-1 9.991E-1 1E0 1E0 1E0 1E0 1E0 1E0 1E0 1E0 9.99449E-1 9.84545E-1 6.88015E-1 6.58468E-1 8.99958E-1 9.88336E-1 7.92018E-1 7.47367E-1 8.31436E-1 5.47925E-1 4.05889E-1 1.73665E-1 2.32015E-1 5.26209E-1 7.67834E-1 8.85204E-1 7.79387E-1 7.8447E-1 8.81805E-1 8.62283E-1 7.05242E-1 2.98847E-1 7.2915E-2 1.07777E-1 2.39365E-1 3.80399E-1 3.44217E-1 2.19935E-1 6.61878E-2 2.038E-2 3.42928E-2 9.53708E-2 3.76431E-2 1.87421E-1 5.67602E-2 2.13735E-2 7.26076E-3 6.54234E-3 3.69522E-3 5.10856E-3 3.06694E-3 2.15795E-3 7.93143E-3 5.50353E-3 1.38776E-3 1.46365E-3 1.85357E-3 1.23721E-3 3.33777E-4 8.84752E-5
