ENM/Final_Models/M_0.8_F_q_Set_1_EC/Gustavia_santanderiensis_5_Choco.asc
ncols         367
nrows         963
xllcorner     -78.6
yllcorner     0.65
cellsize      0.00833333333333323
NODATA_value  -9999
[rows 750 to 779 of 963, columns 201 to 267 of 367]
2.02701E-4 2.64711E-4 3.49124E-4 4.31286E-4 8.92921E-4 3.66264E-3 1.25493E-2 6.89648E-3 6.06125E-3 2.23145E-3 1.8295E-3 3.97564E-3 1.21209E-3 5.72603E-4 3.10505E-3 3.67122E-3 1.00067E-3 5.05766E-4 4.85924E-4 3.85316E-4 9.92123E-5 5.19855E-5 7.41812E-5 2.37507E-4 2.93801E-4 1.82222E-4 1.28303E-4 1.67597E-4 1.59049E-4 8.67362E-5 1.17898E-4 9.09894E-5 9.11389E-5 6.76679E-5 7.08946E-5 5.64499E-5 1.72711E-4 -9999 -9999 -9999 -9999 -9999 -9999 -9999 -9999 -9999 -9999 -9999 -9999 -9999 -9999 -9999 -9999 -9999 -9999 -9999 -9999 -9999 -9999 -9999 -9999 -9999 -9999 -9999 -9999 -9999 -9999
2.44493E-4 3.7325E-4 7.20303E-4 6.58831E-4 4.71295E-3 1.08008E-2 1.66912E-2 2.30642E-2 1.8048E-2 1.07025E-2 1.15822E-2 8.9198E-3 7.01594E-3 1.65883E-3 7.38246E-3 8.60671E-3 4.67296E-3 6.13081E-4 2.38628E-4 1.21516E-4 1.04822E-4 9.62519E-5 2.08216E-4 3.29414E-4 8.32894E-5 1.95368E-4 2.05289E-4 1.32962E-4 2.50178E-4 1.73641E-4 1.41604E-4 7.78258E-5 2.96943E-5 5.2272E-5 4.86427E-5 7.48988E-5 6.46395E-5 1.08724E-4 -9999 -9999 -9999 -9999 -9999 -9999 -9999 -9999 -9999 -9999 -9999 -9999 -9999 -9999 -9999 -9999 -9999 -9999 -9999 -9999 -9999 -9999 -9999 -9999 -9999 -9999 -9999 -9999 -9999
1.2014E-3 1.13189E-3 1.03108E-3 1.38742E-3 1.01925E-3 1.34215E-2 3.03834E-2 3.24526E-2 2.14915E-2 1.1895E-2 1.1046E-2 1.97749E-2 1.26796E-2 9.53817E-3 1.78977E-2 7.71536E-3 1.23847E-3 3.41833E-4 6.49115E-5 9.94663E-5 6.88268E-5 7.57599E-5 1.41583E-4 1.04291E-4 5.62001E-5 6.66166E-5 9.44547E-5 9.90106E-5 5.99423E-5 5.5188E-5 8.90609E-5 1.22216E-4 3.26513E-5 4.00853E-5 2.04143E-5 3.52732E-5 3.93196E-5 1.21885E-4 9.0758E-5 -9999 -9999 -9999 -9999 -9999 -9999 -9999 -9999 -9999 -9999 -9999 -9999 -9999 -9999 -9999 -9999 -9999 -9999 -9999 -9999 -9999 -9999 -9999 -9999 -9999 -9999 -9999 -9999
7.88171E-3 4.96771E-3 1.62751E-3 1.12625E-3 2.75386E-3 2.2897E-2 2.55252E-2 4.04457E-2 1.76777E-2 1.07369E-2 1.07104E-2 3.17209E-2 2.63414E-2 2.81583E-2 2.43047E-2 8.21121E-3 8.42006E-4 1.16188E-4 9.13476E-5 1.5229E-4 8.35166E-5 4.98234E-5 1.11129E-4 1.04649E-4 5.03031E-5 4.87823E-5 6.8874E-5 4.62777E-5 1.97664E-4 2.68549E-5 2.99239E-5 1.16089E-4 1.41398E-4 5.23945E-5 1.10122E-4 8.12558E-5 4.33238E-5 7.64709E-5 5.73074E-5 6.33218E-5 3.84971E-5 -9999 -9999 -9999 -9999 -9999 -9999 -9999 -9999 -9999 -9999 -9999 -9999 -9999 -9999 -9999 -9999 -9999 -9999 -9999 -9999 -9999 -9999 -9999 -9999 -9999 -9999
1.36478E-2 4.92802E-3 1.8184E-3 1.09694E-3 6.51077E-3 1.86156E-2 2.89639E-2 3.47198E-2 1.72793E-2 1.26622E-2 2.78435E-2 4.78306E-2 4.73558E-2 3.82353E-2 1.78351E-2 6.35449E-3 5.34519E-3 3.6152E-3 7.81167E-4 2.13297E-4 1.04339E-4 6.92843E-5 4.77452E-5 2.52953E-5 7.12727E-5 2.56296E-5 4.88072E-5 9.14928E-5 7.40094E-5 9.33773E-5 7.19725E-5 4.12818E-5 3.48296E-5 9.2253E-5 1.00343E-4 3.72649E-5 3.68862E-5 4.86219E-5 5.60215E-5 3.18649E-5 4.3778E-5 5.81128E-5 -9999 -9999 -9999 -9999 -9999 -9999 -9999 -9999 -9999 -9999 -9999 -9999 -9999 -9999 -9999 -9999 -9999 -9999 -9999 -9999 -9999 -9999 -9999 -9999 -9999
1.02416E-2 9.1815E-3 2.70575E-3 4.51982E-3 1.17859E-2 2.09993E-2 3.85553E-2 2.69389E-2 1.81549E-2 1.93241E-2 4.81531E-2 5.70321E-2 4.35336E-2 2.27158E-2 2.59172E-2 2.02918E-2 1.12647E-2 2.08668E-3 2.62793E-3 2.11994E-4 7.85588E-5 6.07179E-5 5.05523E-5 4.88461E-5 1.89718E-5 2.97595E-5 4.78984E-5 1.14659E-4 1.33471E-4 7.32964E-5 1.03974E-4 6.26407E-5 1.18803E-4 5.05927E-5 2.30588E-5 5.14169E-5 8.24861E-5 5.80972E-5 2.61933E-5 5.98805E-5 8.35644E-5 4.14179E-5 2.38379E-5 -9999 -9999 -9999 -9999 -9999 -9999 -9999 -9999 -9999 -9999 -9999 -9999 -9999 -9999 -9999 -9999 -9999 -9999 -9999 -9999 -9999 -9999 -9999 -9999
8.03362E-3 5.72133E-3 4.4037E-3 1.43488E-2 1.86618E-2 -9999 -9999 3.11933E-2 3.68828E-2 1.80684E-2 -9999 -9999 -9999 3.14379E-2 1.72277E-2 1.04709E-2 3.37776E-3 1.69245E-3 1.33837E-3 3.79498E-4 1.75651E-5 1.33845E-5 1.63827E-5 1.87275E-5 4.72711E-5 5.44632E-5 2.20901E-5 8.99915E-5 4.74067E-5 3.79594E-5 5.0107E-5 3.02132E-5 2.7523E-5 3.38374E-5 4.20077E-5 3.60243E-5 1.86181E-5 8.1429E-5 5.37517E-5 3.88614E-5 2.96647E-5 1.92104E-5 1.83979E-5 -9999 -9999 -9999 -9999 -9999 -9999 -9999 -9999 -9999 -9999 -9999 -9999 -9999 -9999 -9999 -9999 -9999 -9999 -9999 -9999 -9999 -9999 -9999 -9999
6.92124E-3 9.79302E-3 9.64722E-3 1.71754E-2 -9999 -9999 -9999 4.6447E-2 5.71261E-2 -9999 -9999 -9999 -9999 -9999 1.66061E-2 1.11252E-2 3.30112E-3 3.29598E-3 1.50722E-3 4.12257E-4 1.43778E-4 1.77602E-5 1.50558E-5 2.30294E-5 4.34501E-5 6.45926E-5 1.22404E-4 8.66935E-5 7.32031E-5 4.2769E-5 1.53657E-5 1.00726E-5 3.56945E-5 5.83044E-5 2.28374E-5 4.9998E-5 4.24655E-5 3.51174E-5 6.12012E-5 3.50586E-5 1.86083E-5 1.7103E-5 1.51244E-5 1.81518E-5 -9999 -9999 -9999 -9999 -9999 -9999 -9999 -9999 -9999 -9999 -9999 -9999 -9999 -9999 -9999 -9999 -9999 -9999 -9999 -9999 -9999 -9999 -9999
1.49137E-2 1.24604E-2 2.28115E-2 -9999 -9999 -9999 7.2049E-2 4.9915E-2 -9999 -9999 -9999 -9999 -9999 -9999 -9999 1.16944E-2 7.37425E-3 4.03666E-3 2.13559E-3 7.04755E-4 2.91762E-5 5.15283E-5 3.84069E-5 4.00948E-5 1.95846E-5 3.07837E-5 2.87486E-5 6.06886E-5 8.31821E-5 5.42333E-5 1.25704E-5 1.54014E-5 1.26638E-5 5.89613E-5 3.43054E-5 3.80906E-5 3.31341E-5 3.34619E-5 2.13945E-5 2.56761E-5 2.81803E-5 2.98118E-5 2.79991E-5 1.88354E-5 -9999 -9999 -9999 -9999 -9999 -9999 -9999 -9999 -9999 -9999 -9999 -9999 -9999 -9999 -9999 -9999 -9999 -9999 -9999 -9999 -9999 -9999 -9999
4.1744E-2 3.99876E-2 -9999 -9999 -9999 -9999 -9999 -9999 -9999 -9999 -9999 -9999 -9999 -9999 -9999 -9999 6.03891E-3 2.143E-3 1.47012E-3 8.27549E-4 1.93069E-5 2.6859E-5 5.07304E-5 4.91465E-5 2.90023E-5 1.42045E-5 1.69995E-5 2.89986E-5 4.76017E-5 3.31211E-5 2.64996E-5 3.47262E-5 1.00425E-5 4.1058E-5 3.55576E-5 4.93337E-5 4.53784E-5 2.18973E-5 1.69158E-5 1.4985E-5 1.34894E-5 1.47433E-5 1.52665E-5 8.8306E-6 1.6077E-5 -9999 -9999 -9999 -9999 -9999 -9999 -9999 -9999 -9999 -9999 -9999 -9999 -9999 -9999 -9999 -9999 -9999 -9999 -9999 -9999 -9999 -9999
5.00155E-2 7.42662E-2 -9999 -9999 -9999 -9999 -9999 -9999 -9999 1.91687E-2 2.80575E-2 3.80264E-2 2.2115E-2 2.56976E-2 1.68504E-2 1.44598E-2 3.35982E-3 3.8542E-3 2.88164E-3 2.0401E-3 2.43165E-4 2.27769E-5 1.39705E-5 2.97352E-5 1.94077E-5 1.34032E-5 2.24119E-5 2.28067E-5 5.79072E-5 2.41734E-5 4.52716E-5 2.59713E-5 1.13344E-5 2.32323E-5 2.64576E-5 5.14418E-5 5.06312E-5 3.7587E-5 1.5753E-5 1.68119E-5 1.34905E-5 1.45202E-5 2.22175E-5 2.23891E-5 3.22443E-5 -9999 -9999 -9999 -9999 -9999 -9999 -9999 -9999 -9999 -9999 -9999 -9999 -9999 -9999 -9999 -9999 -9999 -9999 -9999 -9999 -9999 -9999
-9999 -9999 -9999 -9999 -9999 -9999 -9999 7.11715E-2 5.82887E-2 4.31498E-2 2.31624E-2 -9999 -9999 -9999 1.59451E-2 7.81684E-3 6.18156E-3 5.05693E-3 4.68053E-3 2.56195E-3 1.46226E-3 4.6633E-4 1.48226E-4 7.03792E-5 3.38797E-5 7.56501E-6 1.17818E-5 3.9273E-5 7.70569E-5 1.6836E-5 9.0587E-6 6.66368E-6 1.40533E-5 2.02995E-5 1.73457E-5 3.00101E-5 3.14753E-5 4.78071E-5 3.98058E-5 5.40056E-5 5.55249E-5 4.9486E-5 4.32291E-5 6.62933E-5 4.90814E-5 -9999 -9999 -9999 -9999 -9999 -9999 -9999 -9999 -9999 -9999 -9999 -9999 -9999 -9999 -9999 -9999 -9999 -9999 -9999 -9999 -9999 -9999
-9999 -9999 -9999 -9999 -9999 -9999 -9999 -9999 -9999 -9999 -9999 -9999 -9999 -9999 -9999 2.49992E-2 1.64741E-2 7.33764E-3 4.97454E-3 3.13189E-3 2.59601E-3 4.10578E-4 5.69341E-5 4.50637E-5 3.56654E-5 8.97826E-5 7.9284E-5 4.80204E-5 5.86816E-5 7.05394E-6 7.34101E-6 1.88341E-5 1.78768E-5 2.97633E-5 2.83356E-5 3.79154E-5 3.636E-5 3.41705E-5 1.25806E-5 2.60962E-5 1.68727E-5 2.12737E-5 3.27181E-5 1.00078E-4 9.3593E-5 -9999 -9999 -9999 -9999 -9999 -9999 -9999 -9999 -9999 -9999 -9999 -9999 -9999 -9999 -9999 -9999 -9999 -9999 -9999 -9999 -9999 -9999
-9999 -9999 -9999 -9999 -9999 -9999 -9999 -9999 -9999 -9999 -9999 -9999 -9999 -9999 -9999 -9999 2.85216E-2 1.61888E-2 9.60253E-3 7.80683E-3 5.96391E-3 1.36292E-3 1.35283E-4 4.8329E-5 9.8766E-5 1.47838E-5 9.8376E-6 7.12447E-6 7.68197E-6 8.66743E-6 1.36143E-5 2.30198E-5 2.67039E-5 2.99106E-5 3.01764E-5 5.22212E-5 2.72508E-5 2.11316E-5 1.66395E-5 1.77132E-5 1.16339E-5 1.14812E-5 1.56462E-5 4.08196E-5 4.83947E-5 -9999 -9999 -9999 -9999 -9999 -9999 -9999 -9999 -9999 -9999 -9999 -9999 -9999 -9999 -9999 -9999 -9999 -9999 -9999 -9999 -9999 -9999
-9999 -9999 -9999 -9999 -9999 -9999 -9999 -9999 -9999 1.12336E-2 1.14738E-2 7.08488E-3 1.04815E-2 8.76539E-3 -9999 -9999 1.11639E-2 7.16079E-3 7.37905E-3 3.11557E-3 2.81658E-3 2.27796E-3 9.35949E-4 2.3694E-4 4.70211E-5 7.88214E-5 4.70772E-5 5.46282E-6 3.86209E-6 3.55819E-6 1.18326E-5 2.45331E-5 1.81948E-5 2.62838E-5 2.50768E-5 2.8384E-5 1.58375E-5 1.04264E-5 7.41614E-6 1.14221E-5 1.17544E-5 2.4397E-5 2.8227E-5 2.97029E-5 4.65984E-5 -9999 -9999 -9999 -9999 -9999 -9999 -9999 -9999 -9999 -9999 -9999 -9999 -9999 -9999 -9999 -9999 -9999 -9999 -9999 -9999 -9999 -9999
-9999 -9999 -9999 -9999 -9999 -9999 -9999 -9999 1.97012E-2 1.74425E-2 1.91494E-2 1.23965E-2 1.28844E-2 9.82494E-3 3.56139E-3 2.35688E-3 1.02258E-2 3.40874E-3 1.56976E-3 8.64861E-4 2.28434E-3 2.38683E-3 3.66631E-3 1.29515E-3 5.26952E-4 1.02597E-4 1.07745E-5 3.26767E-5 3.59706E-5 8.78036E-6 2.19241E-5 2.56602E-5 2.1772E-5 3.15417E-5 2.85209E-5 4.55341E-5 2.76882E-5 1.06837E-5 6.71286E-6 1.46784E-5 1.4104E-5 2.72515E-5 5.80315E-5 6.08111E-5 7.97556E-5 -9999 -9999 -9999 -9999 -9999 -9999 -9999 -9999 -9999 -9999 -9999 -9999 -9999 -9999 -9999 -9999 -9999 -9999 -9999 -9999 -9999 -9999
-9999 -9999 -9999 -9999 -9999 -9999 -9999 -9999 -9999 -9999 -9999 1.21175E-2 9.27179E-3 9.69229E-3 4.93828E-3 3.43305E-3 3.52834E-3 1.55939E-3 9.36783E-4 1.50561E-4 7.08558E-4 1.47682E-3 9.23825E-4 1.34555E-3 1.66684E-3 3.99571E-4 1.34506E-4 2.8101E-5 3.14873E-5 1.2495E-5 3.30917E-5 5.07932E-5 4.32414E-5 3.16879E-5 2.82434E-5 2.93714E-5 1.97151E-5 1.14892E-5 9.52642E-6 1.36867E-5 1.97013E-5 3.60693E-5 6.1088E-5 4.95137E-5 5.82213E-5 -9999 -9999 -9999 -9999 -9999 -9999 -9999 -9999 -9999 -9999 -9999 -9999 -9999 -9999 -9999 -9999 -9999 -9999 -9999 -9999 -9999 -9999
-9999 -9999 -9999 -9999 -9999 -9999 -9999 -9999 -9999 -9999 1.11387E-2 1.24977E-2 8.03634E-3 6.27337E-3 3.82673E-3 2.64614E-3 1.07796E-3 6.61248E-4 4.54967E-4 1.30237E-4 6.72775E-6 3.35566E-5 1.37996E-4 6.31228E-4 4.41937E-4 6.55308E-4 3.27041E-4 1.11072E-4 4.28775E-5 2.75148E-5 4.70637E-5 5.09587E-5 4.83847E-5 3.41754E-5 2.68014E-5 4.21819E-5 6.54405E-5 1.37497E-5 9.34998E-6 2.78875E-5 3.73979E-5 4.90447E-5 4.81446E-5 5.9389E-5 6.07662E-5 -9999 -9999 -9999 -9999 -9999 -9999 -9999 -9999 -9999 -9999 -9999 -9999 -9999 -9999 -9999 -9999 -9999 -9999 -9999 -9999 -9999 -9999
-9999 -9999 -9999 -9999 -9999 -9999 -9999 -9999 1.4505E-2 1.48674E-2 1.55137E-2 1.10087E-2 7.98734E-3 4.38279E-3 2.14043E-3 7.97507E-4 1.09532E-3 1.98067E-4 2.32445E-5 1.87009E-5 1.57986E-5 8.66585E-6 6.68061E-5 2.33493E-5 3.45019E-5 7.92641E-4 7.66942E-4 7.84682E-5 7.96654E-6 6.46468E-6 7.337E-6 2.89884E-5 2.13939E-5 1.97397E-5 1.40883E-5 1.36814E-5 1.7608E-5 4.16407E-5 1.45684E-5 3.21723E-5 3.50356E-5 5.39671E-5 4.48574E-5 3.80229E-5 4.72154E-5 -9999 -9999 -9999 -9999 -9999 -9999 -9999 -9999 -9999 -9999 -9999 -9999 -9999 -9999 -9999 -9999 -9999 -9999 -9999 -9999 -9999 -9999
-9999 -9999 -9999 -9999 -9999 -9999 -9999 2.63204E-2 1.37276E-2 1.95176E-2 1.58579E-2 1.21883E-2 6.47275E-3 1.15477E-2 5.89618E-3 1.02591E-3 2.08554E-4 1.71154E-5 2.22515E-5 3.11865E-5 3.66201E-5 6.49131E-5 2.59125E-5 5.70041E-6 7.89872E-6 2.92111E-5 1.14628E-4 1.30642E-4 2.00012E-5 1.04795E-5 1.08762E-5 2.62059E-5 1.81753E-5 1.19071E-5 1.33638E-5 1.14701E-5 1.43249E-5 2.75955E-5 1.75822E-5 2.73936E-5 3.54785E-5 3.6703E-5 4.27477E-5 3.72922E-5 4.94385E-5 -9999 -9999 -9999 -9999 -9999 -9999 -9999 -9999 -9999 -9999 -9999 -9999 -9999 -9999 -9999 -9999 -9999 -9999 -9999 -9999 -9999 -9999
-9999 -9999 -9999 -9999 -9999 -9999 -9999 2.45728E-2 2.19867E-2 1.75368E-2 8.89035E-3 7.47922E-3 7.39173E-3 1.8514E-2 7.4254E-3 2.98737E-3 1.45341E-3 1.54513E-4 4.42165E-5 1.33894E-4 5.1387E-4 4.40478E-4 3.29722E-5 1.75571E-5 2.68422E-5 1.05196E-5 1.48117E-4 3.85962E-5 4.83347E-5 5.06951E-5 1.37321E-5 7.892E-6 1.51207E-5 1.79121E-5 1.1997E-5 1.32374E-5 2.63763E-5 1.73992E-5 5.15586E-5 5.66543E-5 5.90015E-5 4.49487E-5 2.42266E-5 3.94464E-5 4.8159E-5 -9999 -9999 -9999 -9999 -9999 -9999 -9999 -9999 -9999 -9999 -9999 -9999 -9999 -9999 -9999 -9999 -9999 -9999 -9999 -9999 -9999 -9999
-9999 -9999 -9999 -9999 -9999 -9999 -9999 -9999 -9999 2.11807E-2 1.71768E-2 1.29203E-2 1.12625E-2 9.04386E-3 5.15322E-3 6.16503E-3 1.86517E-3 2.3251E-3 6.02087E-4 1.51554E-3 2.08321E-3 4.69851E-4 1.81474E-5 3.69762E-5 2.62643E-5 2.57556E-5 3.5113E-5 1.12288E-5 5.8614E-6 7.65256E-6 1.67997E-5 1.57707E-5 2.171E-5 1.24745E-5 1.24386E-5 2.56028E-5 1.51251E-5 1.38564E-5 5.71792E-5 8.6557E-5 3.94083E-5 2.75596E-5 3.09838E-5 4.52471E-5 5.84054E-5 -9999 -9999 -9999 -9999 -9999 -9999 -9999 -9999 -9999 -9999 -9999 -9999 -9999 -9999 -9999 -9999 -9999 -9999 -9999 -9999 -9999 -9999
-9999 -9999 -9999 -9999 -9999 -9999 -9999 -9999 -9999 -9999 1.89973E-2 2.27244E-2 1.82143E-2 4.80835E-3 3.25646E-3 9.46693E-3 3.47564E-3 3.73424E-3 2.91539E-3 1.76247E-3 4.28164E-3 1.82892E-4 1.85792E-5 2.39704E-5 2.7943E-5 2.81819E-5 1.6397E-5 3.87992E-5 2.79731E-5 1.35925E-5 8.30451E-6 3.46782E-5 9.58118E-6 1.63131E-5 1.66693E-5 1.53924E-5 1.93027E-5 2.66929E-5 4.4492E-5 4.84518E-5 5.08712E-5 2.42255E-5 1.77589E-5 4.64167E-5 3.68999E-5 -9999 -9999 -9999 -9999 -9999 -9999 -9999 -9999 -9999 -9999 -9999 -9999 -9999 -9999 -9999 -9999 -9999 -9999 -9999 -9999 -9999 -9999
-9999 -9999 -9999 -9999 -9999 -9999 -9999 -9999 -9999 2.37391E-2 1.81755E-2 1.34691E-2 6.41049E-3 4.26605E-3 7.95314E-3 7.74833E-3 5.94557E-3 5.60337E-3 3.40232E-3 6.41017E-3 1.79227E-3 1.24524E-3 1.14796E-4 1.32411E-4 4.04227E-5 1.92521E-5 1.35232E-5 2.39256E-5 1.91724E-5 2.81332E-5 2.24671E-5 3.10146E-5 9.32684E-6 1.37037E-5 1.0862E-5 1.16852E-5 1.33404E-5 3.43758E-5 3.64922E-5 3.90518E-5 3.77949E-5 1.6614E-5 8.08004E-6 3.44145E-5 -9999 -9999 -9999 -9999 -9999 -9999 -9999 -9999 -9999 -9999 -9999 -9999 -9999 -9999 -9999 -9999 -9999 -9999 -9999 -9999 -9999 -9999 -9999
-9999 -9999 -9999 -9999 -9999 -9999 -9999 -9999 -9999 -9999 -9999 -9999 1.00762E-2 7.58308E-3 8.39374E-3 1.45446E-2 1.43318E-2 1.40261E-2 7.67196E-3 5.63687E-3 4.17843E-3 1.5034E-3 1.55481E-4 1.77834E-5 7.82929E-6 1.39228E-5 2.2251E-5 2.45113E-5 2.51612E-5 2.44907E-5 1.53062E-5 1.77831E-5 1.7694E-5 8.31252E-6 1.87673E-5 9.2405E-6 2.38015E-5 4.20858E-5 2.01567E-5 2.77478E-5 4.04574E-5 1.95167E-5 8.37167E-6 3.45075E-5 -9999 -9999 -9999 -9999 -9999 -9999 -9999 -9999 -9999 -9999 -9999 -9999 -9999 -9999 -9999 -9999 -9999 -9999 -9999 -9999 -9999 -9999 -9999
2.09962E-2 -9999 -9999 -9999 -9999 -9999 -9999 -9999 -9999 -9999 -9999 -9999 7.03446E-3 6.13079E-3 1.19895E-2 1.30498E-2 1.48594E-2 1.17853E-2 1.00149E-2 1.68046E-3 5.83193E-4 3.62997E-4 1.47982E-5 1.87533E-5 1.56102E-5 1.37016E-5 2.29937E-5 2.69915E-5 1.84539E-5 1.04916E-5 1.05595E-5 9.75267E-6 2.28674E-5 1.17101E-5 1.28836E-5 1.01846E-5 1.81182E-5 3.87278E-5 4.73745E-5 2.87767E-5 4.3647E-5 2.861E-5 1.14678E-5 4.06117E-5 -9999 -9999 -9999 -9999 -9999 -9999 -9999 -9999 -9999 -9999 -9999 -9999 -9999 -9999 -9999 -9999 -9999 -9999 -9999 -9999 -9999 -9999 -9999
1.02883E-2 -9999 -9999 -9999 1.74501E-2 6.61517E-3 -9999 -9999 -9999 3.68059E-3 1.38269E-3 3.44791E-3 8.75972E-3 8.06262E-3 9.82947E-3 6.51816E-3 4.77247E-3 7.65408E-3 6.24388E-3 1.35912E-3 4.71829E-5 2.73984E-5 2.12178E-5 8.64919E-6 2.36425E-5 2.23195E-5 4.2553E-5 3.04882E-5 1.51801E-5 1.44116E-5 1.23148E-5 1.12329E-5 1.7887E-5 2.25711E-5 1.05093E-5 1.60492E-5 1.61527E-5 3.9965E-5 3.19254E-5 -9999 -9999 4.35968E-5 2.76511E-5 -9999 -9999 -9999 -9999 -9999 -9999 -9999 -9999 -9999 -9999 -9999 -9999 -9999 -9999 -9999 -9999 -9999 -9999 -9999 -9999 -9999 -9999 -9999 -9999
1.35835E-2 -9999 -9999 -9999 5.64848E-3 4.71501E-3 3.36391E-3 5.95012E-3 7.53773E-3 3.9733E-3 2.78878E-3 7.86177E-3 1.13716E-2 6.06311E-3 2.56941E-3 1.91293E-3 3.08771E-3 3.52638E-3 9.6054E-4 3.69143E-4 1.39863E-5 2.84043E-5 9.22301E-6 2.18228E-5 1.2562E-5 2.71823E-5 3.83405E-5 3.23513E-5 1.9875E-5 1.48504E-5 1.38498E-5 1.55805E-5 1.32249E-5 1.62145E-5 9.97412E-6 2.45434E-5 2.17053E-5 4.04583E-5 2.71002E-5 -9999 -9999 -9999 -9999 -9999 -9999 -9999 -9999 -9999 -9999 -9999 -9999 -9999 -9999 -9999 -9999 -9999 -9999 -9999 -9999 -9999 -9999 -9999 -9999 -9999 -9999 -9999 -9999
1.50264E-2 -9999 -9999 8.56948E-3 7.97463E-3 7.03923E-3 5.2993E-3 8.32614E-3 7.43774E-3 5.81224E-3 6.59437E-3 5.38223E-3 4.55274E-3 5.09078E-3 3.03886E-3 1.00058E-3 1.6162E-3 5.55605E-4 2.5525E-4 3.6601E-5 5.99729E-6 9.09232E-6 1.3471E-5 2.04428E-5 2.10877E-5 9.78087E-6 2.97946E-5 4.32648E-5 1.76082E-5 1.77185E-5 1.72954E-5 1.24642E-5 1.17848E-5 2.10599E-5 1.00209E-5 2.14235E-5 2.4159E-5 3.59687E-5 3.00654E-5 -9999 -9999 -9999 -9999 -9999 -9999 -9999 -9999 -9999 -9999 -9999 -9999 -9999 -9999 -9999 -9999 -9999 -9999 -9999 -9999 -9999 -9999 -9999 -9999 -9999 -9999 -9999 -9999
8.4726E-3 7.37055E-3 8.45789E-3 5.37683E-3 4.45103E-3 3.70305E-3 3.66052E-3 5.64742E-3 3.55253E-3 3.46171E-3 4.82239E-3 2.86916E-3 2.17771E-3 2.3774E-3 2.6876E-3 6.82911E-4 2.7756E-4 1.00823E-4 3.82652E-5 1.94544E-5 1.81962E-5 1.00513E-5 2.87432E-5 2.84354E-5 1.54195E-5 1.11508E-5 2.37709E-5 3.05751E-5 2.3742E-5 2.2112E-5 1.82633E-5 1.59408E-5 1.13149E-5 1.62951E-5 1.76016E-5 2.12157E-5 4.46748E-5 1.5187E-5 2.35202E-5 -9999 -9999 -9999 -9999 -9999 -9999 -9999 -9999 -9999 -9999 -9999 -9999 -9999 -9999 -9999 -9999 -9999 -9999 -9999 -9999 -9999 -9999 -9999 -9999 -9999 -9999 -9999 -9999
