ENM/Final_Models/M_0.8_F_q_Set_1_EC/Gustavia_santanderiensis_0_Choco_clamping.asc
ncols         367
nrows         963
xllcorner     -78.6
yllcorner     0.65
cellsize      0.00833333333333323
NODATA_value  -9999
[rows 558 to 588 of 963, columns 140 to 209 of 367]
-9999 -9999 -9999 -9999 -9999 -9999 -9999 -9999 -9999 -9999 -9999 -9999 -9999 -9999 -9999 -9999 -9999 -9999 -9999 -9999 -9999 -9999 -9999 -9999 -9999 -9999 -9999 -9999 5.50844E-2 5.14462E-2 9.39939E-2 1.20238E-1 1.1309E-1 2.62471E-2 1.45109E-1 2.50178E-1 9.0093E-2 3.61201E-2 4.75778E-2 5.82438E-2 2.89719E-2 1.0748E-1 4.99741E-2 7.95505E-2 3.86178E-2 1.30674E-1 1.11064E-1 1.37875E-1 3.80206E-2 3.86898E-2 2.0561E-1 2.44688E-1 3.83584E-2 6.14143E-2 1.83474E-2 1.7477E-2 9.18062E-3 1.42349E-1 3.93153E-4 9.40615E-2 9.7736E-5 2.95779E-3 1.12463E-1 1.3224E-1 8.63145E-3 3.33423E-1 1.36372E-1 6.9773E-2 3.30737E-1 3.36632E-1
-9999 -9999 -9999 -9999 -9999 -9999 -9999 -9999 -9999 -9999 -9999 -9999 -9999 -9999 -9999 -9999 -9999 -9999 -9999 -9999 -9999 -9999 -9999 -9999 -9999 -9999 -9999 1.30335E-1 1.60706E-1 2.28636E-1 2.15718E-1 6.40514E-2 9.88089E-2 9.3094E-2 3.15472E-1 6.92369E-3 2.52459E-1 4.4324E-2 1.97044E-2 8.20044E-3 1.03521E-2 6.31176E-2 9.54609E-2 8.36906E-2 3.70795E-2 1.32033E-1 2.28704E-1 6.94536E-2 6.52878E-2 5.49283E-2 7.03116E-2 3.59969E-2 1.4767E-2 1.57576E-2 2.46328E-2 1.25586E-2 7.36431E-3 7.02787E-2 1.14989E-3 2.84461E-2 2.26016E-1 1.63752E-1 2.39064E-1 2.34416E-1 2.38029E-1 4.01453E-2 1.20743E-1 1.34569E-1 1.64106E-1 4.04888E-2
-9999 -9999 -9999 -9999 -9999 -9999 -9999 -9999 -9999 -9999 -9999 -9999 -9999 -9999 -9999 -9999 -9999 -9999 -9999 -9999 -9999 -9999 -9999 -9999 -9999 -9999 1.15187E-2 1.50255E-1 1.08662E-1 6.84962E-2 4.93783E-2 1.30924E-1 1.83034E-1 2.08994E-2 1.3852E-1 2.67983E-1 5.80928E-2 5.04823E-2 5.04232E-2 5.8422E-2 1.04762E-2 6.52334E-2 8.38056E-2 6.53059E-2 7.28303E-2 1.98932E-1 2.74498E-1 2.33495E-1 1.7537E-1 6.5373E-2 4.63762E-2 3.71277E-2 2.12479E-2 1.74175E-1 8.8734E-3 7.86229E-3 1.69635E-2 1.35727E-2 1.26268E-2 1.42625E-1 3.14124E-1 9.3749E-2 1.38705E-1 2.21761E-1 1.20767E-1 1.60097E-1 1.98958E-2 1.3929E-2 6.46384E-2 2.30805E-1
-9999 -9999 -9999 -9999 -9999 -9999 -9999 -9999 -9999 -9999 -9999 -9999 -9999 -9999 -9999 -9999 -9999 -9999 -9999 -9999 -9999 -9999 -9999 -9999 2.18437E-1 1.8099E-1 3.1453E-1 1.89552E-2 1.49493E-1 1.56068E-1 1.62181E-1 1.09385E-1 9.01179E-2 2.72175E-2 9.5666E-2 4.84704E-2 2.68703E-2 3.64504E-2 4.21863E-2 8.75037E-3 1.93703E-2 5.64168E-2 8.54129E-2 2.52701E-1 8.98205E-2 9.96163E-2 1.49878E-1 2.68503E-1 1.85991E-1 5.02754E-2 9.83174E-2 1.65165E-2 5.22316E-2 4.24756E-2 8.5852E-3 1.52978E-2 3.46655E-2 1.71225E-2 5.13316E-2 2.31054E-2 1.08354E-2 5.08711E-2 1.24383E-1 3.69309E-1 1.05843E-1 5.07621E-3 3.09381E-3 1.37115E-1 1.67257E-1 4.5795E-2
-9999 -9999 -9999 -9999 -9999 -9999 -9999 -9999 -9999 -9999 -9999 -9999 -9999 -9999 -9999 -9999 -9999 -9999 -9999 -9999 -9999 -9999 -9999 3.21975E-1 4.82539E-1 2.2982E-1 -9999 9.60876E-2 5.29561E-2 1.03671E-1 1.00207E-1 1.03419E-1 4.06935E-2 5.59846E-2 4.07247E-2 5.48629E-2 5.83331E-2 2.81004E-1 3.14312E-1 1.55776E-2 3.93485E-2 7.06942E-2 7.14846E-2 1.0215E-1 2.32557E-1 1.81687E-1 2.05423E-1 2.68473E-1 4.17384E-2 6.68873E-2 1.9319E-1 7.60464E-2 2.53638E-2 1.68294E-2 1.3862E-2 3.50455E-2 1.96668E-1 3.658E-4 4.28925E-3 6.02545E-3 2.70398E-1 7.89695E-3 1.27583E-1 5.76916E-2 2.42416E-3 1.51313E-1 3.39546E-1 6.28239E-2 5.89724E-2 1.11283E-2
-9999 -9999 -9999 -9999 -9999 -9999 -9999 -9999 -9999 -9999 -9999 -9999 -9999 -9999 -9999 -9999 -9999 -9999 2.22148E-1 2.43984E-1 3.37429E-1 -9999 -9999 -9999 3.32543E-1 -9999 -9999 1.59591E-1 6.87885E-2 9.29178E-2 4.67107E-2 5.20516E-2 1.67578E-2 1.5291E-2 1.64696E-2 2.602E-2 4.16007E-2 2.15085E-1 1.76847E-2 1.65185E-2 6.73489E-2 1.54901E-1 1.30605E-1 1.36404E-1 1.62195E-1 1.93925E-1 3.31439E-1 1.73462E-1 9.78724E-2 1.12719E-1 1.20049E-1 6.56241E-2 7.81372E-2 5.3731E-2 3.64019E-1 3.28312E-1 1.74322E-2 1.81984E-1 1.09883E-2 2.55213E-2 6.27514E-3 1.36335E-2 7.49421E-2 5.96688E-2 5.50678E-3 5.54029E-2 2.01112E-2 5.15375E-2 7.28064E-2 2.63609E-2
-9999 -9999 -9999 -9999 -9999 -9999 -9999 -9999 -9999 -9999 -9999 -9999 -9999 -9999 -9999 -9999 -9999 -9999 1.6933E-1 1.92363E-1 3.0639E-1 -9999 4.06488E-1 -9999 -9999 2.78047E-1 1.03131E-1 -9999 1.88774E-1 1.34595E-1 7.31456E-2 1.15951E-1 3.34769E-2 5.43448E-3 2.93377E-1 3.62965E-1 4.27132E-3 2.89325E-1 3.17848E-2 4.51254E-2 4.94431E-2 9.54522E-2 1.03759E-1 1.32007E-1 2.03646E-1 3.18393E-1 2.41498E-1 1.65087E-1 1.55045E-1 1.46436E-1 2.06801E-1 1.02733E-1 9.23541E-2 4.12897E-2 1.37785E-2 4.10601E-1 2.79861E-1 6.40176E-2 2.5165E-2 1.69409E-2 9.93444E-3 2.77261E-2 6.41206E-2 4.94147E-2 3.72772E-2 2.85339E-1 1.8705E-3 2.0626E-2 5.95112E-2 6.46161E-2
-9999 -9999 -9999 -9999 -9999 -9999 -9999 -9999 -9999 -9999 -9999 -9999 -9999 -9999 -9999 -9999 -9999 -9999 4.96621E-1 1.88052E-1 -9999 -9999 3.80001E-1 2.08796E-1 1.27226E-1 1.98512E-1 5.1997E-2 -9999 7.14715E-2 3.41353E-2 7.44558E-2 5.53904E-2 7.2663E-3 1.35022E-2 1.73082E-2 3.84326E-1 2.12252E-2 4.17926E-2 4.62504E-2 1.81093E-1 7.5242E-2 1.19799E-1 1.09197E-1 9.04091E-2 9.21281E-2 2.68649E-1 1.93323E-1 2.58994E-1 2.52823E-1 2.82463E-1 1.98781E-1 1.12535E-1 9.03269E-2 8.0638E-2 9.79683E-3 7.7905E-3 3.00448E-1 3.58882E-2 1.45821E-2 1.59951E-1 9.80399E-3 9.12999E-2 1.59922E-2 4.09353E-3 1.05861E-2 8.15506E-2 7.28558E-2 3.70201E-2 5.19908E-2 4.35845E-2
-9999 -9999 -9999 -9999 -9999 -9999 -9999 -9999 -9999 -9999 -9999 -9999 -9999 -9999 -9999 6.01193E-1 -9999 5.52163E-1 3.61899E-1 2.21147E-1 1.92017E-1 2.53974E-1 1.61922E-1 3.20083E-2 1.29747E-2 2.15085E-2 1.60004E-1 6.46104E-2 8.40014E-2 8.1517E-2 5.92882E-2 2.46509E-2 9.25697E-2 4.06876E-2 3.70427E-1 2.9006E-2 1.69036E-1 9.03739E-2 2.23638E-2 1.13704E-1 2.05172E-1 2.2844E-1 2.31151E-1 3.4316E-1 2.29714E-1 2.15634E-1 1.93808E-1 2.29269E-1 1.24337E-1 1.70062E-1 1.51608E-1 6.19857E-2 5.91303E-2 5.12465E-2 1.52674E-1 2.56474E-2 1.81391E-1 2.32916E-2 1.61738E-1 4.3762E-2 2.08285E-2 7.91789E-4 4.21699E-2 1.9806E-3 1.43173E-2 7.59833E-2 6.43209E-2 4.92293E-2 4.9542E-3 6.23469E-3
-9999 -9999 -9999 -9999 -9999 -9999 -9999 -9999 -9999 -9999 -9999 -9999 -9999 -9999 -9999 4.47308E-1 -9999 -9999 3.08018E-1 6.27968E-2 2.85777E-1 2.68273E-1 2.75975E-1 2.08598E-2 5.67288E-2 1.76407E-1 5.73443E-3 6.8347E-2 2.56284E-2 4.33031E-2 1.17326E-1 1.64791E-1 4.00646E-1 2.48644E-2 5.62707E-2 7.51522E-2 1.19863E-1 7.12456E-2 9.00263E-2 2.47452E-1 3.79983E-1 3.89774E-1 3.78374E-1 2.54553E-1 4.75283E-1 1.64503E-2 2.86788E-1 1.57412E-1 1.66073E-1 1.78847E-1 1.89465E-1 1.54034E-1 7.68562E-2 8.94567E-2 7.09168E-2 7.41402E-3 2.30467E-2 5.81219E-2 2.87642E-1 1.57959E-2 5.44857E-2 2.46687E-3 2.16963E-2 1.14192E-1 4.58953E-3 1.53157E-1 9.75273E-2 4.63513E-2 4.06732E-2 3.13168E-2
-9999 -9999 -9999 -9999 -9999 -9999 -9999 -9999 -9999 -9999 -9999 -9999 -9999 -9999 -9999 -9999 -9999 -9999 2.63099E-1 1.19606E-1 1.26193E-1 1.72424E-1 2.13024E-1 2.47991E-2 2.06489E-3 1.13811E-1 1.55709E-1 1.01075E-1 8.99616E-2 3.41192E-2 3.12523E-2 3.52407E-2 1.06378E-1 5.84746E-2 1.10225E-1 1.32031E-1 5.38876E-2 1.61206E-1 1.68394E-1 1.81112E-1 1.90958E-1 3.94258E-1 3.36299E-1 3.98493E-1 3.24256E-1 4.61565E-1 4.94366E-1 4.43095E-1 5.64855E-1 1.69458E-1 2.72617E-1 1.20696E-1 9.85328E-2 1.80884E-1 5.21598E-2 1.59032E-1 2.32026E-1 3.81188E-2 2.3688E-1 1.30145E-1 2.07927E-1 1.06239E-2 4.09937E-2 2.20417E-2 9.6902E-2 1.61809E-2 2.92737E-1 5.84767E-3 2.13564E-2 2.24257E-2
-9999 -9999 -9999 -9999 -9999 -9999 -9999 -9999 -9999 -9999 -9999 -9999 -9999 -9999 -9999 -9999 -9999 -9999 -9999 -9999 -9999 2.24367E-1 1.3211E-1 1.25096E-1 1.85888E-2 1.72554E-2 9.10569E-2 8.28024E-2 5.06792E-2 8.8023E-2 1.62751E-1 3.81572E-2 9.66916E-2 1.32636E-1 2.02776E-1 8.1628E-2 1.98341E-1 1.29955E-1 -9999 -9999 -9999 -9999 -9999 2.41784E-1 2.55821E-1 2.68371E-1 2.72432E-1 1.16669E-1 1.68954E-1 2.93607E-1 2.12135E-1 3.82506E-1 7.51424E-2 7.31438E-3 9.27746E-2 1.47735E-1 1.30032E-1 6.67159E-2 9.82721E-2 2.19352E-1 3.32751E-2 1.86465E-2 1.02044E-1 5.40178E-2 3.69105E-2 1.36665E-2 4.53922E-3 6.23222E-2 8.0916E-3 2.84364E-2
-9999 -9999 -9999 -9999 -9999 -9999 -9999 -9999 -9999 -9999 -9999 -9999 -9999 -9999 -9999 -9999 -9999 -9999 -9999 -9999 -9999 -9999 -9999 4.71405E-2 2.54888E-3 7.74961E-2 1.63176E-1 6.03352E-2 1.6888E-1 1.25424E-1 2.3172E-1 1.93486E-1 1.26121E-1 6.58418E-3 2.39956E-1 1.76619E-1 9.29952E-2 -9999 -9999 6.43455E-1 1.28783E-1 2.51642E-1 7.64146E-2 9.26353E-2 1.09422E-1 6.90835E-2 5.67551E-2 0E0 0E0 -9999 2.83153E-2 1.69597E-1 2.0772E-2 1.84487E-2 1.26933E-1 1.7162E-1 1.83633E-1 5.72593E-3 2.61299E-2 4.14136E-2 5.54789E-3 9.73802E-2 1.3958E-1 5.42082E-2 2.23041E-3 2.61818E-2 6.31341E-3 5.66234E-2 1.43718E-1 1.59051E-1
-9999 -9999 -9999 -9999 -9999 -9999 -9999 -9999 -9999 -9999 -9999 -9999 -9999 -9999 -9999 -9999 -9999 -9999 -9999 -9999 -9999 -9999 -9999 9.60487E-2 5.58859E-2 2.67398E-2 8.48055E-2 1.95169E-1 7.18922E-2 7.43632E-2 1.62748E-1 1.50791E-1 1.35407E-1 1.40714E-1 1.26648E-1 6.2397E-2 2.25574E-1 1.60636E-1 6.32374E-1 5.09293E-1 -9999 -9999 -9999 0E0 0E0 0E0 4.24846E-2 -9999 -9999 0E0 2.10455E-2 -9999 5.39209E-2 1.54655E-1 1.11006E-1 7.30899E-2 4.02784E-2 3.26059E-3 5.66023E-2 6.1083E-3 1.22025E-2 5.61391E-2 2.01049E-2 5.45604E-3 2.30936E-2 3.66971E-3 5.26044E-2 1.77216E-1 2.0989E-1 2.45738E-1
-9999 -9999 -9999 -9999 -9999 -9999 -9999 -9999 -9999 -9999 -9999 -9999 -9999 -9999 -9999 -9999 -9999 -9999 -9999 -9999 -9999 -9999 -9999 -9999 1.30314E-1 3.94848E-2 1.18935E-2 2.23704E-2 4.85876E-2 7.8939E-2 8.19198E-2 8.19836E-2 1.5474E-1 7.76171E-3 1.55352E-1 1.08774E-1 3.56301E-1 3.54093E-1 6.95959E-1 3.46014E-1 -9999 -9999 -9999 0E0 0E0 -9999 -9999 -9999 0E0 0E0 3.32228E-2 1.30801E-1 1.14223E-1 1.0887E-1 1.0275E-1 6.97018E-2 3.34384E-2 2.31978E-2 3.28777E-2 4.2267E-2 6.20095E-2 1.69535E-2 1.15594E-2 1.7569E-3 9.28005E-2 8.44168E-3 3.23321E-3 8.37972E-3 1.54294E-2 2.58931E-2
-9999 -9999 -9999 -9999 -9999 -9999 -9999 -9999 -9999 -9999 -9999 -9999 -9999 -9999 -9999 -9999 -9999 -9999 -9999 -9999 -9999 -9999 -9999 -9999 5.90487E-2 1.53536E-1 9.36394E-2 2.04066E-1 1.16858E-1 4.33311E-2 1.00937E-1 7.95171E-2 2.78694E-1 2.7579E-1 2.58721E-1 -9999 4.36482E-1 4.02746E-1 1.87942E-1 -9999 0E0 -9999 -9999 -9999 -9999 -9999 -9999 0E0 2.05135E-2 6.63578E-2 1.43052E-1 1.37999E-1 1.86104E-1 6.12826E-2 7.97811E-2 1.38357E-2 9.81418E-3 1.90108E-2 3.31346E-2 1.38647E-1 8.86813E-2 1.19394E-1 1.41642E-1 1.53062E-1 2.19187E-1 1.23453E-1 5.08318E-2 4.73498E-2 8.92633E-3 6.94469E-3
-9999 -9999 -9999 -9999 -9999 -9999 -9999 -9999 -9999 -9999 -9999 -9999 -9999 -9999 -9999 -9999 -9999 -9999 -9999 -9999 -9999 -9999 -9999 -9999 2.14452E-1 2.23364E-1 2.2989E-1 1.10306E-1 1.14555E-1 1.75907E-1 1.80675E-1 9.88651E-2 2.48285E-1 2.59225E-1 5.36515E-1 1.04633E-1 1.83851E-1 7.3736E-2 1.17901E-1 -9999 -9999 -9999 -9999 -9999 -9999 0E0 2.32843E-1 -9999 6.52777E-2 2.97002E-1 2.86092E-1 9.22849E-2 6.73474E-2 2.03577E-2 1.09126E-2 1.01353E-2 1.13982E-1 1.20684E-2 2.07551E-2 1.12405E-1 1.80028E-1 1.0575E-1 8.75516E-2 1.96483E-1 1.06753E-1 7.2536E-2 1.51279E-1 1.9699E-3 2.35025E-2 7.90406E-2
-9999 -9999 -9999 -9999 -9999 -9999 -9999 -9999 -9999 -9999 -9999 -9999 -9999 -9999 -9999 -9999 -9999 -9999 -9999 -9999 -9999 -9999 -9999 -9999 2.9089E-1 2.27913E-1 1.29259E-1 2.47992E-1 1.84381E-1 1.09999E-1 3.61194E-1 2.72735E-1 3.86271E-1 1.21894E-1 3.64733E-1 1.06674E-1 0E0 0E0 -9999 -9999 -9999 -9999 -9999 -9999 -9999 -9999 -9999 8.07951E-2 0E0 0E0 0E0 0E0 0E0 3.5455E-1 1.82982E-1 3.35889E-1 2.71578E-2 2.54178E-2 4.76859E-2 2.42918E-1 2.881E-1 3.77257E-1 2.9321E-1 1.42342E-1 2.2262E-1 3.18257E-1 1.54003E-1 2.48242E-3 5.44673E-3 2.77434E-3
-9999 -9999 -9999 -9999 -9999 -9999 -9999 -9999 -9999 -9999 -9999 -9999 -9999 -9999 -9999 -9999 -9999 -9999 -9999 -9999 -9999 -9999 -9999 -9999 2.92772E-1 2.35983E-1 1.78287E-1 2.79143E-1 1.85728E-1 3.74703E-1 5.32079E-1 6.68532E-1 3.72956E-1 2.48102E-1 1.96009E-2 0E0 -9999 -9999 -9999 -9999 -9999 -9999 -9999 -9999 -9999 -9999 2.26421E-1 2.32016E-2 1.30599E-1 1.28008E-2 0E0 0E0 0E0 0E0 1.71095E-2 3.64155E-1 2.35746E-2 1.77846E-2 5.14803E-2 1.96036E-1 1.61534E-1 3.17783E-1 3.76338E-1 2.75312E-1 3.95649E-1 1.88433E-1 1.79205E-1 9.00922E-2 1.03902E-2 3.12455E-2
-9999 -9999 -9999 -9999 -9999 -9999 -9999 -9999 -9999 -9999 -9999 -9999 -9999 -9999 -9999 -9999 -9999 -9999 -9999 -9999 -9999 -9999 -9999 -9999 3.28191E-1 2.53183E-1 2.14545E-1 4.256E-1 2.21001E-1 1.84872E-1 2.452E-1 4.3085E-1 3.2746E-1 8.00421E-2 0E0 -9999 -9999 -9999 -9999 -9999 -9999 -9999 -9999 -9999 -9999 3.00543E-1 1.04889E-1 1.49521E-1 -9999 1.22738E-2 7.89405E-2 1.63014E-2 0E0 0E0 8.08475E-3 1.11558E-1 3.06278E-2 7.56537E-2 1.3269E-1 1.39811E-1 3.74133E-1 4.81164E-1 2.91663E-1 3.46079E-1 2.04214E-1 1.53743E-1 6.93957E-3 1.20232E-1 1.1668E-1 6.58751E-2
-9999 -9999 -9999 -9999 -9999 -9999 -9999 -9999 -9999 -9999 -9999 -9999 -9999 -9999 -9999 -9999 -9999 -9999 -9999 -9999 -9999 -9999 -9999 -9999 3.67641E-1 2.97113E-1 2.88159E-1 4.64024E-2 2.86263E-1 5.30239E-2 1.02849E-1 0E0 0E0 -9999 -9999 -9999 -9999 -9999 -9999 -9999 -9999 0E0 0E0 1.16045E-2 -9999 1.19346E-1 1.25544E-2 1.33421E-1 1.47331E-1 5.76666E-2 1.60675E-1 1.80963E-1 3.01655E-2 6.27451E-2 6.51842E-3 2.11262E-2 7.4949E-2 4.87696E-2 1.71041E-1 2.18766E-1 4.23308E-1 1.43634E-1 4.16683E-1 3.38301E-1 2.12068E-1 3.03926E-1 2.08015E-1 2.71888E-1 1.67197E-1 3.13722E-1
-9999 -9999 -9999 -9999 -9999 -9999 -9999 -9999 -9999 -9999 -9999 -9999 -9999 -9999 -9999 -9999 -9999 -9999 -9999 -9999 -9999 -9999 -9999 -9999 -9999 3.33223E-1 9.40924E-2 3.45429E-2 6.05712E-2 0E0 0E0 -9999 -9999 -9999 -9999 -9999 -9999 -9999 -9999 0E0 0E0 0E0 6.24263E-3 1.30543E-1 2.14027E-1 1.78019E-2 1.35602E-1 1.69559E-1 7.48416E-2 5.30997E-2 6.182E-2 8.15336E-2 3.07067E-2 3.83008E-2 6.06423E-2 5.23095E-2 1.07871E-1 1.93749E-1 2.17505E-1 2.6368E-1 4.47948E-1 3.72682E-1 1.25469E-1 1.0528E-1 4.4549E-2 1.70983E-1 2.63719E-1 5.08129E-2 9.97033E-2 1.56661E-1
-9999 -9999 -9999 -9999 -9999 -9999 -9999 -9999 -9999 -9999 -9999 -9999 -9999 -9999 -9999 -9999 -9999 -9999 -9999 -9999 -9999 -9999 -9999 -9999 -9999 -9999 -9999 -9999 -9999 -9999 0E0 -9999 -9999 -9999 -9999 -9999 -9999 -9999 -9999 0E0 0E0 5.30692E-3 1.07341E-1 1.7667E-1 4.2721E-2 1.00282E-2 2.12328E-2 1.65697E-1 3.61266E-2 5.02734E-2 5.68477E-2 3.54924E-2 5.25601E-2 5.86782E-2 1.6239E-1 2.7119E-1 2.7908E-1 1.3248E-1 2.39467E-1 3.50299E-1 5.08005E-2 1.78856E-1 9.43451E-2 2.72597E-2 1.63571E-1 9.20522E-2 1.89669E-1 2.4087E-3 7.93256E-2 1.06528E-1
-9999 -9999 -9999 -9999 -9999 -9999 -9999 -9999 -9999 -9999 -9999 -9999 -9999 -9999 -9999 -9999 -9999 -9999 -9999 -9999 -9999 -9999 -9999 -9999 -9999 -9999 -9999 -9999 -9999 -9999 -9999 -9999 -9999 -9999 -9999 -9999 -9999 -9999 -9999 0E0 -9999 3.51131E-2 2.34277E-2 7.06824E-3 2.59898E-2 8.20366E-2 6.82377E-3 8.06652E-3 6.81618E-2 4.92104E-2 6.80343E-2 2.14518E-2 5.34176E-2 1.48018E-1 9.468E-2 4.26349E-2 2.86101E-1 3.06558E-1 4.41747E-1 4.47242E-1 1.67289E-1 1.65322E-1 2.10235E-1 1.7295E-1 8.32781E-2 5.69762E-2 6.6677E-2 4.74895E-2 2.95506E-2 2.34637E-2
-9999 -9999 -9999 -9999 -9999 -9999 -9999 -9999 -9999 -9999 -9999 -9999 -9999 -9999 -9999 -9999 -9999 -9999 -9999 -9999 -9999 -9999 -9999 -9999 -9999 -9999 -9999 -9999 -9999 -9999 -9999 -9999 -9999 -9999 -9999 -9999 -9999 -9999 -9999 -9999 -9999 0E0 3.93193E-3 9.84072E-5 4.28407E-3 5.00473E-2 4.64993E-2 1.33165E-1 1.03251E-1 1.17042E-1 1.2154E-1 1.53241E-1 7.79104E-2 1.36414E-1 7.71383E-2 4.17081E-3 1.97217E-1 2.36488E-1 3.2854E-1 2.03036E-1 3.2102E-1 1.92094E-1 1.04732E-1 1.32202E-1 1.17454E-1 1.70221E-1 1.11242E-1 8.16537E-2 2.52905E-2 1.61738E-2
-9999 -9999 -9999 -9999 -9999 -9999 -9999 -9999 -9999 -9999 -9999 -9999 -9999 -9999 -9999 -9999 -9999 -9999 -9999 -9999 -9999 -9999 -9999 -9999 -9999 -9999 -9999 -9999 -9999 -9999 -9999 -9999 -9999 -9999 -9999 -9999 -9999 -9999 -9999 -9999 -9999 7.37706E-3 2.38596E-2 8.4256E-2 2.70071E-2 8.43594E-2 1.15626E-1 2.66238E-1 7.75289E-2 6.63601E-2 1.27075E-1 1.06038E-1 6.96918E-2 1.69598E-1 6.65343E-2 6.34775E-2 1.96794E-1 1.78637E-1 3.72203E-1 1.82182E-1 2.99422E-1 2.64933E-1 9.25101E-2 1.8449E-1 1.96339E-1 1.07286E-1 7.67648E-2 1.11295E-2 0E0 0E0
-9999 -9999 -9999 -9999 -9999 -9999 -9999 -9999 -9999 -9999 -9999 -9999 -9999 -9999 -9999 -9999 -9999 -9999 -9999 -9999 -9999 -9999 -9999 -9999 -9999 -9999 -9999 -9999 -9999 -9999 -9999 -9999 -9999 -9999 -9999 -9999 -9999 -9999 -9999 -9999 3.76355E-3 1.43922E-1 6.49098E-2 4.50196E-1 3.49681E-1 8.19204E-2 2.31357E-1 1.14331E-1 1.40826E-1 1.12361E-1 1.30523E-1 9.45989E-2 1.19869E-1 9.61113E-2 1.07104E-1 8.81071E-2 2.96061E-1 4.37937E-1 3.77586E-1 1.65927E-1 2.46423E-1 2.66326E-1 2.58667E-1 1.995E-1 2.03676E-1 1.42681E-1 4.87558E-2 0E0 0E0 0E0
-9999 -9999 -9999 -9999 -9999 -9999 -9999 -9999 -9999 -9999 -9999 -9999 -9999 -9999 -9999 -9999 -9999 -9999 -9999 -9999 -9999 -9999 -9999 -9999 -9999 -9999 -9999 -9999 -9999 -9999 -9999 -9999 -9999 -9999 -9999 -9999 -9999 -9999 -9999 -9999 0E0 4.0069E-1 3.69937E-1 1.75856E-1 8.63993E-3 2.43682E-1 1.9883E-1 1.74846E-1 4.19117E-1 1.73026E-1 1.39874E-1 2.41711E-2 5.56244E-2 8.89622E-2 6.35239E-2 2.05719E-1 2.41448E-1 2.2057E-1 2.30265E-1 1.22916E-1 2.75449E-1 3.1187E-1 1.63009E-1 1.57147E-1 1.09731E-1 9.43784E-2 1.89252E-1 0E0 0E0 0E0
-9999 -9999 -9999 -9999 -9999 -9999 -9999 -9999 -9999 -9999 -9999 -9999 -9999 -9999 -9999 -9999 -9999 -9999 -9999 -9999 -9999 -9999 -9999 -9999 -9999 -9999 -9999 -9999 -9999 -9999 -9999 -9999 -9999 -9999 -9999 -9999 8.48148E-3 -9999 -9999 6.46736E-2 2.55554E-1 7.4972E-2 2.22843E-3 1.24693E-1 4.19552E-2 3.60161E-1 1.16651E-1 1.13298E-1 2.30191E-1 1.79297E-1 9.41673E-2 3.6444E-2 1.38002E-1 1.02721E-1 2.62981E-2 1.8462E-1 1.26111E-1 2.50514E-1 1.21009E-1 2.8836E-1 2.57579E-1 3.31135E-1 1.36381E-1 3.40967E-1 1.22263E-1 2.05008E-1 8.09706E-2 0E0 0E0 0E0
-9999 -9999 -9999 -9999 -9999 -9999 -9999 -9999 -9999 -9999 -9999 -9999 -9999 -9999 -9999 -9999 -9999 -9999 -9999 -9999 -9999 -9999 -9999 -9999 -9999 -9999 -9999 -9999 -9999 -9999 -9999 -9999 -9999 -9999 -9999 -9999 -9999 4.86637E-2 7.38923E-2 3.38301E-2 3.15712E-2 4.46273E-2 1.57046E-3 2.69953E-1 1.91513E-1 2.7163E-1 1.1939E-1 1.84961E-1 2.06322E-1 1.61905E-1 1.78584E-1 8.00918E-2 9.57228E-2 1.03006E-1 9.84451E-2 1.85365E-1 1.59744E-1 3.53705E-1 9.21942E-2 2.07017E-1 3.10651E-1 1.96333E-1 1.0782E-1 2.5984E-1 3.03873E-1 8.96974E-2 2.94652E-2 0E0 0E0 0E0
-9999 -9999 -9999 -9999 -9999 -9999 -9999 -9999 -9999 -9999 -9999 -9999 -9999 -9999 -9999 -9999 -9999 -9999 -9999 -9999 -9999 -9999 -9999 -9999 -9999 -9999 -9999 -9999 -9999 -9999 -9999 -9999 -9999 -9999 -9999 -9999 -9999 -9999 7.72736E-2 1.59953E-1 1.33885E-2 1.48788E-1 3.81202E-2 3.06029E-1 2.5988E-1 2.76081E-1 2.2386E-1 1.79242E-1 1.25259E-1 3.85753E-2 5.00043E-2 1.00765E-1 1.46879E-1 9.87035E-2 1.83059E-1 1.65105E-1 6.65151E-2 1.61882E-1 1.273E-1 3.28162E-1 2.01697E-1 3.95898E-1 2.94416E-1 1.24771E-1 1.38181E-1 4.68159E-2 0E0 0E0 0E0 0E0
