ENM/Final_Models/M_0.8_F_q_Set_1_EC/Gustavia_santanderiensis_Choco_avg.asc
ncols         367
nrows         963
xllcorner     -78.6
yllcorner     0.65
cellsize      0.00833333333333323
NODATA_value  -9999
[rows 450 to 479 of 963, columns 134 to 200 of 367]
-9999 -9999 -9999 -9999 -9999 -9999 -9999 -9999 -9999 -9999 -9999 -9999 -9999 -9999 -9999 -9999 -9999 -9999 -9999 -9999 -9999 -9999 -9999 -9999 8.49549E-1 9.46017E-1 9.24054E-1 9.16406E-1 9.12748E-1 9.07869E-1 9.35154E-1 9.58134E-1 9.5356E-1 9.3605E-1 9.3479E-1 9.39308E-1 8.98373E-1 9.07395E-1 9.14374E-1 9.24405E-1 9.5023E-1 9.44323E-1 9.33582E-1 9.15003E-1 9.32038E-1 9.07051E-1 9.21507E-1 8.19991E-1 8.1278E-1 8.98426E-1 9.05013E-1 9.01064E-1 9.40538E-1 9.28604E-1 9.40566E-1 9.39924E-1 9.32074E-1 9.53062E-1 9.48886E-1 9.41994E-1 9.48871E-1 9.42598E-1 9.4439E-1 9.58288E-1 9.65951E-1 9.54859E-1 9.42957E-1
-9999 -9999 -9999 -9999 -9999 -9999 -9999 -9999 -9999 -9999 -9999 -9999 -9999 -9999 -9999 -9999 -9999 -9999 -9999 -9999 -9999 -9999 -9999 -9999 9.12206E-1 9.20393E-1 9.31872E-1 9.50618E-1 9.3276E-1 9.49869E-1 9.21988E-1 9.42519E-1 9.54855E-1 9.27907E-1 9.01188E-1 9.14528E-1 9.10817E-1 9.19115E-1 9.39866E-1 9.28048E-1 9.40476E-1 9.3036E-1 9.10097E-1 8.9813E-1 9.03725E-1 8.96874E-1 9.16643E-1 8.9033E-1 8.81127E-1 9.1641E-1 9.16869E-1 9.18564E-1 9.29978E-1 9.39514E-1 9.49923E-1 9.47116E-1 9.39738E-1 9.32942E-1 9.39901E-1 9.44439E-1 9.35205E-1 9.46022E-1 9.41193E-1 9.5867E-1 9.61227E-1 9.71202E-1 9.49294E-1
-9999 -9999 -9999 -9999 -9999 -9999 -9999 -9999 -9999 -9999 -9999 -9999 -9999 -9999 -9999 -9999 -9999 -9999 -9999 -9999 -9999 -9999 -9999 -9999 9.3608E-1 9.15005E-1 9.08206E-1 9.41399E-1 9.34915E-1 9.48991E-1 9.13159E-1 9.3195E-1 9.35516E-1 9.32937E-1 9.08671E-1 9.27781E-1 9.3562E-1 9.33106E-1 9.41297E-1 9.14752E-1 9.18595E-1 9.14058E-1 9.13241E-1 9.03249E-1 8.29482E-1 8.91275E-1 8.31753E-1 8.68631E-1 8.95792E-1 9.14866E-1 9.32571E-1 9.43639E-1 9.50065E-1 9.39497E-1 9.40971E-1 9.29238E-1 9.37371E-1 9.32111E-1 9.34852E-1 9.46016E-1 9.42067E-1 9.35953E-1 9.44234E-1 9.49679E-1 9.39333E-1 9.56996E-1 9.44928E-1
-9999 -9999 -9999 -9999 -9999 -9999 -9999 -9999 -9999 -9999 -9999 -9999 -9999 -9999 -9999 -9999 -9999 -9999 -9999 -9999 -9999 -9999 -9999 -9999 -9999 9.46625E-1 9.36315E-1 8.68884E-1 8.81301E-1 8.84165E-1 9.20052E-1 8.98289E-1 9.38971E-1 9.51904E-1 9.48709E-1 9.51263E-1 9.51493E-1 9.4529E-1 9.35405E-1 8.25162E-1 8.23075E-1 7.95688E-1 9.18052E-1 8.63296E-1 9.20312E-1 9.29171E-1 9.11435E-1 9.1912E-1 9.41699E-1 9.28192E-1 9.32552E-1 9.44302E-1 9.53433E-1 9.30755E-1 9.3909E-1 9.36537E-1 9.33121E-1 9.29311E-1 9.34237E-1 9.40284E-1 9.38925E-1 9.36284E-1 9.39676E-1 9.45657E-1 9.51313E-1 9.59601E-1 9.53828E-1
-9999 -9999 -9999 -9999 -9999 -9999 -9999 -9999 -9999 -9999 -9999 -9999 -9999 -9999 -9999 -9999 -9999 -9999 -9999 -9999 -9999 -9999 -9999 -9999 -9999 9.03564E-1 9.05942E-1 8.856E-1 8.92229E-1 8.96601E-1 9.06395E-1 9.20013E-1 9.40243E-1 9.28714E-1 9.40425E-1 9.23962E-1 9.15728E-1 9.0199E-1 9.26184E-1 9.26671E-1 8.97972E-1 9.30794E-1 9.35037E-1 9.26942E-1 9.08535E-1 9.25485E-1 9.13616E-1 9.1106E-1 9.13668E-1 9.2794E-1 9.27139E-1 9.32098E-1 9.42596E-1 9.50476E-1 9.36394E-1 9.31643E-1 9.30471E-1 9.45936E-1 9.46303E-1 9.42889E-1 9.14E-1 9.28072E-1 9.463E-1 9.51416E-1 9.49316E-1 9.47516E-1 9.6207E-1
-9999 -9999 -9999 -9999 -9999 -9999 -9999 -9999 -9999 -9999 -9999 -9999 -9999 -9999 -9999 -9999 -9999 -9999 -9999 -9999 -9999 -9999 -9999 -9999 -9999 9.06305E-1 9.18242E-1 9.35725E-1 9.22734E-1 9.19551E-1 9.28903E-1 9.25543E-1 9.28375E-1 8.94342E-1 8.97409E-1 9.11101E-1 8.58339E-1 8.70054E-1 8.88238E-1 9.3396E-1 9.46056E-1 9.37591E-1 9.25806E-1 9.41574E-1 9.37423E-1 9.37144E-1 9.30978E-1 9.23019E-1 9.30381E-1 9.455E-1 9.45414E-1 9.33606E-1 9.26859E-1 9.40118E-1 9.42797E-1 9.28876E-1 9.31011E-1 9.42959E-1 9.39487E-1 9.45627E-1 9.30777E-1 9.48822E-1 9.6135E-1 9.57095E-1 9.43057E-1 9.50209E-1 9.53051E-1
-9999 -9999 -9999 -9999 -9999 -9999 -9999 -9999 -9999 -9999 -9999 -9999 -9999 -9999 -9999 -9999 -9999 -9999 -9999 -9999 -9999 -9999 -9999 -9999 -9999 -9999 9.20124E-1 9.4724E-1 9.57183E-1 9.35813E-1 9.26748E-1 9.24333E-1 9.18613E-1 9.15804E-1 8.62824E-1 9.23831E-1 8.28247E-1 8.08912E-1 9.30128E-1 9.22163E-1 9.29708E-1 9.40236E-1 9.16707E-1 9.35849E-1 9.28524E-1 9.22125E-1 9.27895E-1 9.20938E-1 9.25362E-1 9.48382E-1 9.46432E-1 9.29737E-1 9.2212E-1 9.42548E-1 9.4486E-1 9.35585E-1 9.30221E-1 9.32283E-1 9.4045E-1 9.33956E-1 9.40119E-1 9.36253E-1 9.4328E-1 9.45501E-1 9.27245E-1 9.42669E-1 9.5647E-1
-9999 -9999 -9999 -9999 -9999 -9999 -9999 -9999 -9999 -9999 -9999 -9999 -9999 -9999 -9999 -9999 -9999 -9999 -9999 -9999 -9999 -9999 -9999 -9999 -9999 -9999 8.69267E-1 9.09082E-1 9.18554E-1 9.11137E-1 8.73094E-1 8.73692E-1 8.83484E-1 9.0017E-1 8.92876E-1 9.22148E-1 9.4618E-1 9.40021E-1 9.38058E-1 9.41479E-1 9.46974E-1 9.43837E-1 9.22962E-1 9.38777E-1 9.46343E-1 9.3861E-1 9.36286E-1 9.29878E-1 9.29709E-1 9.36927E-1 9.47166E-1 9.41006E-1 9.38524E-1 9.36722E-1 9.38196E-1 9.35435E-1 9.40678E-1 9.31252E-1 9.31324E-1 9.34606E-1 9.41328E-1 9.34257E-1 9.46814E-1 9.31742E-1 9.26827E-1 9.48931E-1 9.4546E-1
-9999 -9999 -9999 -9999 -9999 -9999 -9999 -9999 -9999 -9999 -9999 -9999 -9999 -9999 -9999 -9999 -9999 -9999 -9999 -9999 -9999 -9999 -9999 -9999 -9999 -9999 9.03671E-1 9.06546E-1 8.61622E-1 9.08932E-1 9.03949E-1 8.85289E-1 8.9321E-1 9.14954E-1 9.09379E-1 9.34242E-1 9.35067E-1 9.35088E-1 9.41489E-1 9.29396E-1 9.295E-1 9.46791E-1 9.54154E-1 9.38219E-1 9.33812E-1 9.45664E-1 9.51559E-1 9.39469E-1 9.2646E-1 9.32505E-1 9.4264E-1 9.21671E-1 9.24154E-1 9.36039E-1 9.26049E-1 9.4495E-1 9.45582E-1 9.28201E-1 9.18991E-1 9.29574E-1 9.31756E-1 9.6017E-1 9.38762E-1 9.39589E-1 9.45573E-1 9.4506E-1 9.57358E-1
-9999 -9999 -9999 -9999 -9999 -9999 -9999 -9999 -9999 -9999 -9999 -9999 -9999 -9999 -9999 -9999 -9999 -9999 -9999 -9999 -9999 -9999 -9999 -9999 -9999 -9999 9.40331E-1 9.42029E-1 9.16835E-1 8.33933E-1 9.13826E-1 8.56089E-1 8.71627E-1 9.33554E-1 9.4452E-1 9.33108E-1 9.37369E-1 9.36918E-1 9.3658E-1 9.13634E-1 9.21225E-1 9.52162E-1 9.4094E-1 9.32754E-1 9.3852E-1 9.48626E-1 9.44623E-1 9.44766E-1 9.39973E-1 9.39495E-1 9.38939E-1 9.12153E-1 9.07738E-1 9.29046E-1 9.37503E-1 9.46319E-1 9.432E-1 9.38233E-1 9.40258E-1 9.36855E-1 9.56536E-1 9.6423E-1 9.41818E-1 9.44696E-1 9.54043E-1 9.50784E-1 9.63614E-1
-9999 -9999 -9999 -9999 -9999 -9999 -9999 -9999 -9999 -9999 -9999 -9999 -9999 -9999 -9999 -9999 -9999 -9999 -9999 -9999 -9999 -9999 -9999 -9999 -9999 -9999 -9999 9.23382E-1 9.17699E-1 8.90664E-1 9.01115E-1 9.00998E-1 9.11764E-1 9.32483E-1 9.43681E-1 8.87316E-1 8.98706E-1 9.11988E-1 9.05258E-1 9.14621E-1 9.31169E-1 9.49073E-1 9.40778E-1 9.48998E-1 9.39191E-1 9.40065E-1 9.46951E-1 9.4294E-1 9.44498E-1 9.36165E-1 9.32235E-1 9.1999E-1 9.14412E-1 9.38793E-1 9.38942E-1 9.37348E-1 9.43986E-1 9.41977E-1 9.4074E-1 9.58415E-1 9.4794E-1 9.55614E-1 9.45437E-1 9.45418E-1 9.46779E-1 9.42931E-1 9.43744E-1
-9999 -9999 -9999 -9999 -9999 -9999 -9999 -9999 -9999 -9999 -9999 -9999 -9999 -9999 -9999 -9999 -9999 -9999 -9999 -9999 -9999 -9999 -9999 -9999 -9999 -9999 9.41072E-1 8.9687E-1 8.60601E-1 8.53513E-1 9.35045E-1 9.03103E-1 9.17466E-1 9.25701E-1 9.192E-1 9.19663E-1 9.24318E-1 9.27375E-1 9.18521E-1 9.27091E-1 9.18251E-1 9.17972E-1 9.39703E-1 9.2904E-1 9.33531E-1 9.29946E-1 9.30399E-1 9.37342E-1 9.35916E-1 9.39213E-1 9.15354E-1 9.38341E-1 9.35248E-1 9.30913E-1 9.31347E-1 9.33815E-1 9.34337E-1 9.37288E-1 9.55477E-1 9.57277E-1 9.41564E-1 9.50405E-1 9.3912E-1 9.50692E-1 9.55858E-1 9.39994E-1 9.43131E-1
-9999 -9999 -9999 -9999 -9999 -9999 -9999 -9999 -9999 -9999 -9999 -9999 -9999 -9999 -9999 -9999 -9999 -9999 -9999 -9999 -9999 -9999 -9999 -9999 -9999 -9999 9.29071E-1 8.75722E-1 8.26563E-1 7.82903E-1 9.34489E-1 8.71652E-1 9.09345E-1 9.28138E-1 9.30043E-1 8.99965E-1 9.03849E-1 9.41125E-1 9.18648E-1 8.61985E-1 9.2955E-1 9.31582E-1 9.4199E-1 9.52283E-1 9.16878E-1 9.18248E-1 9.33566E-1 9.43096E-1 9.40923E-1 9.40188E-1 9.26784E-1 9.36549E-1 9.37063E-1 9.24329E-1 9.27938E-1 9.41897E-1 9.29969E-1 9.31836E-1 9.49486E-1 9.48401E-1 9.59006E-1 9.42225E-1 9.60793E-1 9.66664E-1 9.6697E-1 9.58331E-1 9.39557E-1
-9999 -9999 -9999 -9999 -9999 -9999 -9999 -9999 -9999 -9999 -9999 -9999 -9999 -9999 -9999 -9999 -9999 -9999 -9999 -9999 -9999 -9999 -9999 -9999 -9999 -9999 -9999 8.79067E-1 8.49751E-1 8.74778E-1 9.31814E-1 8.6133E-1 9.12373E-1 9.30048E-1 9.31251E-1 9.02357E-1 9.43359E-1 9.36308E-1 9.33097E-1 9.16416E-1 9.31338E-1 9.43839E-1 9.32775E-1 9.33349E-1 9.29607E-1 9.27463E-1 9.46783E-1 9.53285E-1 9.43045E-1 9.46417E-1 9.43681E-1 9.40885E-1 9.2744E-1 9.16864E-1 9.16229E-1 9.51163E-1 9.45909E-1 9.39337E-1 9.46885E-1 9.44353E-1 9.49512E-1 9.51665E-1 9.59876E-1 9.62355E-1 9.57314E-1 9.46775E-1 9.45562E-1
-9999 -9999 -9999 -9999 -9999 -9999 -9999 -9999 -9999 -9999 -9999 -9999 -9999 -9999 -9999 -9999 -9999 -9999 -9999 -9999 -9999 -9999 -9999 -9999 -9999 -9999 -9999 9.01331E-1 9.03707E-1 9.10167E-1 9.34739E-1 9.14754E-1 9.07775E-1 9.03962E-1 9.38472E-1 9.36884E-1 9.29347E-1 9.29068E-1 9.31564E-1 9.38294E-1 9.44503E-1 9.41371E-1 9.33429E-1 9.35515E-1 9.38342E-1 9.41193E-1 9.49233E-1 9.41565E-1 9.35154E-1 9.49135E-1 9.3862E-1 9.38758E-1 9.23063E-1 9.33667E-1 9.36874E-1 9.35025E-1 9.49753E-1 9.59239E-1 9.53273E-1 9.59391E-1 9.52498E-1 9.64129E-1 9.50181E-1 9.70336E-1 9.66565E-1 9.44052E-1 9.42655E-1
-9999 -9999 -9999 -9999 -9999 -9999 -9999 -9999 -9999 -9999 -9999 -9999 -9999 -9999 -9999 -9999 -9999 -9999 -9999 -9999 -9999 -9999 -9999 -9999 -9999 -9999 -9999 8.96056E-1 8.0058E-1 8.75145E-1 9.18171E-1 9.31648E-1 9.388E-1 9.2011E-1 9.18315E-1 9.45583E-1 9.36122E-1 9.23255E-1 9.35773E-1 9.39081E-1 9.38066E-1 9.48614E-1 9.29245E-1 9.39212E-1 9.35614E-1 9.41995E-1 9.39878E-1 9.38201E-1 9.54303E-1 9.4368E-1 9.43624E-1 9.47607E-1 9.22103E-1 9.41884E-1 9.44817E-1 9.52157E-1 9.6002E-1 9.48442E-1 9.57379E-1 9.38004E-1 9.49855E-1 9.46368E-1 9.50275E-1 9.57569E-1 9.54851E-1 9.6024E-1 9.43061E-1
-9999 -9999 -9999 -9999 -9999 -9999 -9999 -9999 -9999 -9999 -9999 -9999 -9999 -9999 -9999 -9999 -9999 -9999 -9999 -9999 -9999 -9999 -9999 -9999 -9999 -9999 -9999 8.76018E-1 9.15734E-1 9.25719E-1 9.35633E-1 9.42613E-1 9.52743E-1 9.47308E-1 9.36301E-1 9.17084E-1 9.397E-1 9.38333E-1 9.38063E-1 9.28549E-1 9.23035E-1 9.36643E-1 9.30679E-1 9.34938E-1 9.33808E-1 9.43907E-1 9.53615E-1 9.38671E-1 9.49526E-1 9.40103E-1 9.38884E-1 9.37966E-1 9.47634E-1 9.39928E-1 9.41527E-1 9.50393E-1 9.42396E-1 9.48933E-1 9.56379E-1 9.54079E-1 9.3711E-1 9.45587E-1 9.47914E-1 9.52158E-1 9.46072E-1 9.56797E-1 9.43626E-1
-9999 -9999 -9999 -9999 -9999 -9999 -9999 -9999 -9999 -9999 -9999 -9999 -9999 -9999 -9999 -9999 -9999 -9999 -9999 -9999 -9999 -9999 -9999 -9999 -9999 -9999 -9999 9.15885E-1 9.41454E-1 9.55433E-1 9.48244E-1 9.31901E-1 9.14411E-1 9.331E-1 9.2532E-1 9.28058E-1 9.39138E-1 9.47271E-1 9.4047E-1 9.36844E-1 9.42193E-1 9.28818E-1 9.39091E-1 9.42413E-1 9.4543E-1 9.47514E-1 9.43655E-1 9.21633E-1 9.27195E-1 9.29305E-1 9.39397E-1 9.41592E-1 9.33875E-1 9.27549E-1 9.50597E-1 9.47329E-1 9.48223E-1 9.49884E-1 9.59834E-1 9.47764E-1 9.38889E-1 9.35285E-1 9.40593E-1 9.51507E-1 9.41733E-1 9.35622E-1 9.48912E-1
-9999 -9999 -9999 -9999 -9999 -9999 -9999 -9999 -9999 -9999 -9999 -9999 -9999 -9999 -9999 -9999 -9999 -9999 -9999 -9999 -9999 -9999 -9999 -9999 -9999 -9999 -9999 9.28824E-1 9.28497E-1 9.44169E-1 9.41434E-1 9.46013E-1 9.14143E-1 9.21681E-1 9.34639E-1 9.3262E-1 9.2554E-1 9.33611E-1 9.45837E-1 9.4235E-1 9.39579E-1 9.48818E-1 9.1472E-1 9.35811E-1 9.45607E-1 9.56323E-1 9.50284E-1 9.36888E-1 9.38114E-1 9.36846E-1 9.29355E-1 9.27141E-1 9.42417E-1 9.44636E-1 9.59288E-1 9.515E-1 9.43316E-1 9.45697E-1 9.5636E-1 9.34064E-1 9.41226E-1 9.51702E-1 9.44732E-1 9.47376E-1 9.36172E-1 9.45227E-1 9.41765E-1
-9999 -9999 -9999 -9999 -9999 -9999 -9999 -9999 -9999 -9999 -9999 -9999 -9999 -9999 -9999 -9999 -9999 -9999 -9999 -9999 -9999 -9999 -9999 -9999 -9999 -9999 -9999 9.23246E-1 9.41567E-1 9.26002E-1 9.21738E-1 9.17328E-1 9.02529E-1 9.36871E-1 9.19169E-1 9.32424E-1 9.22681E-1 9.38998E-1 9.4515E-1 9.3889E-1 9.43762E-1 9.45531E-1 9.07498E-1 9.43196E-1 9.46742E-1 9.44145E-1 9.43646E-1 9.53818E-1 9.36102E-1 9.31971E-1 9.42183E-1 9.45692E-1 9.39645E-1 9.44076E-1 9.56165E-1 9.58634E-1 9.60188E-1 9.43437E-1 9.51555E-1 9.33088E-1 9.44072E-1 9.40857E-1 9.48088E-1 9.40878E-1 9.42501E-1 9.31111E-1 9.44727E-1
-9999 -9999 -9999 -9999 -9999 -9999 -9999 -9999 -9999 -9999 -9999 -9999 -9999 -9999 -9999 -9999 -9999 -9999 -9999 -9999 -9999 -9999 -9999 -9999 -9999 -9999 -9999 9.32174E-1 9.29161E-1 9.47619E-1 9.19213E-1 9.2474E-1 9.28565E-1 9.36348E-1 9.38238E-1 9.38148E-1 9.23668E-1 9.37509E-1 9.28942E-1 9.37687E-1 9.43108E-1 9.4073E-1 9.4952E-1 9.45054E-1 9.40212E-1 9.41671E-1 9.49888E-1 9.41838E-1 9.35401E-1 9.29289E-1 9.45573E-1 9.40797E-1 9.49211E-1 9.51791E-1 9.47908E-1 9.55482E-1 9.5967E-1 9.54241E-1 9.48961E-1 9.38309E-1 9.45502E-1 9.3762E-1 9.42294E-1 9.48775E-1 9.40398E-1 9.38497E-1 9.52397E-1
-9999 -9999 -9999 -9999 -9999 -9999 -9999 -9999 -9999 -9999 -9999 -9999 -9999 -9999 -9999 -9999 -9999 -9999 -9999 -9999 -9999 -9999 -9999 -9999 -9999 -9999 -9999 -9999 9.31368E-1 9.19926E-1 9.25413E-1 9.28895E-1 8.99014E-1 9.24985E-1 9.39691E-1 9.28754E-1 9.15483E-1 9.2797E-1 9.25399E-1 9.4431E-1 9.4544E-1 9.40547E-1 9.40392E-1 9.38121E-1 9.37269E-1 9.22955E-1 9.25412E-1 9.44215E-1 9.36431E-1 9.48348E-1 9.32452E-1 9.42912E-1 9.42871E-1 9.50097E-1 9.50474E-1 9.50024E-1 9.5387E-1 9.54704E-1 9.49877E-1 9.40314E-1 9.33217E-1 9.32025E-1 9.40429E-1 9.42806E-1 9.37935E-1 9.28258E-1 9.53813E-1
-9999 -9999 -9999 -9999 -9999 -9999 -9999 -9999 -9999 -9999 -9999 -9999 -9999 -9999 -9999 -9999 -9999 -9999 -9999 -9999 -9999 -9999 -9999 -9999 -9999 -9999 -9999 -9999 9.33798E-1 9.3321E-1 9.22957E-1 9.37022E-1 9.2592E-1 9.3646E-1 9.29808E-1 9.3712E-1 9.4978E-1 9.377E-1 9.3772E-1 9.45601E-1 9.50586E-1 9.48039E-1 9.46382E-1 9.38581E-1 9.43116E-1 9.45381E-1 9.46996E-1 9.41775E-1 9.46325E-1 9.63747E-1 9.61377E-1 9.48761E-1 9.46602E-1 9.3874E-1 9.37467E-1 9.42588E-1 9.41131E-1 9.53186E-1 9.60184E-1 9.45034E-1 9.39513E-1 9.44941E-1 9.32353E-1 9.35207E-1 9.35997E-1 9.42983E-1 9.38844E-1
-9999 -9999 -9999 -9999 -9999 -9999 -9999 -9999 -9999 -9999 -9999 -9999 -9999 -9999 -9999 -9999 -9999 -9999 -9999 -9999 -9999 -9999 -9999 -9999 -9999 -9999 -9999 9.42875E-1 9.348E-1 9.3011E-1 9.36196E-1 9.2544E-1 9.21003E-1 9.37777E-1 9.27722E-1 9.12004E-1 9.40194E-1 9.36333E-1 9.33748E-1 9.34741E-1 9.46505E-1 9.4503E-1 9.44296E-1 9.44717E-1 9.53543E-1 9.44181E-1 9.47946E-1 9.40225E-1 9.56314E-1 9.43647E-1 9.51569E-1 9.48272E-1 9.43113E-1 9.47995E-1 9.43447E-1 9.31807E-1 9.38181E-1 9.54474E-1 9.61397E-1 9.49367E-1 9.49652E-1 9.51614E-1 9.46992E-1 9.39558E-1 9.38248E-1 9.44123E-1 9.60913E-1
-9999 -9999 -9999 -9999 -9999 -9999 -9999 -9999 -9999 -9999 -9999 -9999 -9999 -9999 -9999 -9999 -9999 -9999 -9999 -9999 -9999 -9999 -9999 -9999 -9999 -9999 -9999 9.3071E-1 9.36591E-1 9.35748E-1 9.40423E-1 9.49345E-1 9.21521E-1 9.25973E-1 9.341E-1 9.44949E-1 9.37361E-1 9.34574E-1 9.25586E-1 9.24095E-1 9.27953E-1 9.46834E-1 9.4579E-1 9.5202E-1 9.47327E-1 9.37159E-1 9.37014E-1 9.49372E-1 9.45381E-1 9.55376E-1 9.47177E-1 9.48941E-1 9.47594E-1 9.46243E-1 9.45297E-1 9.45655E-1 9.39716E-1 9.45311E-1 9.5168E-1 9.4366E-1 9.49418E-1 9.43867E-1 9.34992E-1 9.39146E-1 9.40041E-1 9.4036E-1 9.51611E-1
-9999 -9999 -9999 -9999 -9999 -9999 -9999 -9999 -9999 -9999 -9999 -9999 -9999 -9999 -9999 -9999 -9999 -9999 -9999 -9999 -9999 -9999 -9999 -9999 -9999 -9999 -9999 9.29433E-1 9.24988E-1 9.35357E-1 9.35879E-1 9.32641E-1 9.28043E-1 9.38409E-1 9.41162E-1 9.39963E-1 9.4649E-1 9.38269E-1 9.41861E-1 9.39508E-1 9.38822E-1 9.4265E-1 9.55786E-1 9.53768E-1 9.48195E-1 9.48883E-1 9.38774E-1 9.42831E-1 9.44686E-1 9.38941E-1 9.3856E-1 9.43359E-1 9.37769E-1 9.39412E-1 9.40187E-1 9.3683E-1 9.48653E-1 9.5099E-1 9.51433E-1 9.44456E-1 9.43676E-1 9.46472E-1 9.37174E-1 9.30763E-1 9.40575E-1 9.37915E-1 9.66394E-1
-9999 -9999 -9999 -9999 -9999 -9999 -9999 -9999 -9999 -9999 -9999 -9999 -9999 -9999 -9999 -9999 -9999 -9999 -9999 -9999 -9999 -9999 -9999 -9999 -9999 -9999 -9999 9.37031E-1 9.26587E-1 9.38923E-1 9.41565E-1 9.4621E-1 9.51974E-1 9.44064E-1 9.37451E-1 9.3506E-1 9.43782E-1 9.40696E-1 9.42604E-1 9.37993E-1 9.46717E-1 9.46862E-1 9.54266E-1 9.53887E-1 9.5657E-1 9.52352E-1 9.4455E-1 9.45775E-1 9.42863E-1 9.41653E-1 9.36439E-1 9.34791E-1 9.39686E-1 9.44867E-1 9.42231E-1 9.42453E-1 9.45559E-1 9.47345E-1 9.34593E-1 9.50382E-1 9.40586E-1 9.39742E-1 9.30598E-1 9.47094E-1 9.43486E-1 9.47266E-1 9.5239E-1
-9999 -9999 -9999 -9999 -9999 -9999 -9999 -9999 -9999 -9999 -9999 -9999 -9999 -9999 -9999 -9999 -9999 -9999 -9999 -9999 -9999 -9999 -9999 -9999 -9999 -9999 -9999 9.44728E-1 9.37257E-1 9.40214E-1 9.42132E-1 9.4741E-1 9.36433E-1 9.32564E-1 9.54073E-1 9.4745E-1 9.44107E-1 9.47525E-1 9.44884E-1 9.41939E-1 9.49414E-1 9.47364E-1 9.4792E-1 9.35608E-1 9.39772E-1 9.47801E-1 9.37083E-1 9.50885E-1 9.33592E-1 9.3886E-1 9.44775E-1 9.49437E-1 9.31079E-1 9.45081E-1 9.44601E-1 9.45831E-1 9.42225E-1 9.48311E-1 9.43828E-1 9.3225E-1 9.36023E-1 9.35421E-1 9.3234E-1 9.40743E-1 9.68331E-1 9.58005E-1 9.6412E-1
-9999 -9999 -9999 -9999 -9999 -9999 -9999 -9999 -9999 -9999 -9999 -9999 -9999 -9999 -9999 -9999 -9999 -9999 -9999 -9999 -9999 -9999 -9999 -9999 -9999 -9999 -9999 9.35459E-1 -9999 9.3647E-1 9.47288E-1 9.29983E-1 9.32386E-1 9.10149E-1 9.33257E-1 9.44985E-1 9.5125E-1 9.4533E-1 9.43719E-1 9.55358E-1 9.35864E-1 9.40148E-1 9.45656E-1 9.41006E-1 9.45454E-1 9.32181E-1 9.45277E-1 9.49008E-1 9.37043E-1 9.31404E-1 9.40123E-1 9.38105E-1 9.3922E-1 9.42267E-1 9.38527E-1 9.44229E-1 9.42169E-1 9.34936E-1 9.39424E-1 9.35845E-1 9.38213E-1 9.49019E-1 9.34156E-1 9.38735E-1 9.48535E-1 9.55195E-1 9.44294E-1
-9999 -9999 -9999 -9999 -9999 -9999 -9999 -9999 -9999 -9999 -9999 -9999 -9999 -9999 -9999 -9999 -9999 -9999 -9999 -9999 -9999 -9999 -9999 -9999 -9999 -9999 -9999 9.34626E-1 9.41104E-1 9.38964E-1 9.33661E-1 9.38155E-1 9.24353E-1 9.1595E-1 9.34703E-1 9.31417E-1 9.4002E-1 9.57487E-1 9.43863E-1 9.39276E-1 9.37805E-1 9.40865E-1 9.32065E-1 9.37975E-1 9.46004E-1 9.32659E-1 9.4456E-1 9.31313E-1 9.26986E-1 9.29998E-1 9.29155E-1 9.45445E-1 9.3796E-1 9.3968E-1 9.43603E-1 9.36139E-1 9.33228E-1 9.37146E-1 9.40993E-1 9.46894E-1 9.43956E-1 9.42471E-1 9.39471E-1 9.36714E-1 9.43659E-1 9.41421E-1 9.43644E-1
