ENM/Final_Models/M_0.8_F_q_Set_1_EC/Gustavia_santanderiensis_3_Choco_novel.asc
ncols         367
nrows         963
xllcorner     -78.6
yllcorner     0.65
cellsize      0.00833333333333323
NODATA_value  -9999
[rows 480 to 509 of 963, columns 136 to 203 of 367]
-9999 -9999 -9999 -9999 -9999 -9999 -9999 -9999 -9999 -9999 -9999 -9999 -9999 -9999 -9999 -9999 -9999 -9999 -9999 -9999 -9999 -9999 -9999 -9999 -9999 -8.12883E1 -7.83742E1 -8.56442E1 -8.46626E1 -9999 -8.13497E1 -1.00962E2 -1.01442E2 -1.01442E2 -8.2454E1 -7.7362E1 -1.01923E2 -9.95192E1 -9.95192E1 -8.85276E1 -8.76994E1 -9.95192E1 -1E2 -1E2 -1.00481E2 -1.00962E2 -1.01442E2 -8.70192E1 -8.55769E1 -8.98773E1 -9.15337E1 -9.28834E1 -9.03846E1 -9.08654E1 -9.08654E1 -1.05288E2 -1.01923E2 -1.03365E2 -9.32692E1 -9.32692E1 -1.04808E2 -1.04327E2 -9.51923E1 -8.125E1 -8.07692E1 -1.05769E2 -1.06731E2 -1.08173E2
-9999 -9999 -9999 -9999 -9999 -9999 -9999 -9999 -9999 -9999 -9999 -9999 -9999 -9999 -9999 -9999 -9999 -9999 -9999 -9999 -9999 -9999 -9999 -9999 -9999 -8.02454E1 -7.99693E1 -8.45705E1 -8.65644E1 -8.39877E1 -7.73926E1 -7.47546E1 -7.58896E1 -7.69939E1 -7.60429E1 -6.53067E1 -7.01227E1 -7.04601E1 -7.18405E1 -7.59509E1 -8.9908E1 -9.85577E1 -9.90385E1 -1.02404E2 -8.50962E1 -8.55769E1 -8.60577E1 -8.8773E1 -8.7546E1 -9.29755E1 -9.02147E1 -8.96933E1 -8.92945E1 -9.24847E1 -1.03846E2 -1.03846E2 -1.03846E2 -1.04808E2 -1.01923E2 -1.05288E2 -1.03846E2 -1.03846E2 -8.07692E1 -6.71472E1 -6.82692E1 -8.00307E1 -1.05769E2 -8.16871E1
-9999 -9999 -9999 -9999 -9999 -9999 -9999 -9999 -9999 -9999 -9999 -9999 -9999 -9999 -9999 -9999 -9999 -9999 -9999 -9999 -9999 -9999 -9999 -9999 -9999 -7.12577E1 -7.57975E1 -8.26687E1 -8.40491E1 -8.65644E1 -7.17178E1 -7.95705E1 -7.92025E1 -7.40491E1 -7.89264E1 -7.84663E1 -7.34049E1 -7.23926E1 -7.22699E1 -9.80769E1 -8.73313E1 -8.51227E1 -8.41346E1 -9.85577E1 -9.90385E1 -9.95192E1 -8.34356E1 -1.00481E2 -8.6135E1 -9.23313E1 -9.43252E1 -9.30675E1 -9.32209E1 -9.20245E1 -9.06135E1 -1.02404E2 -8.89423E1 -8.94231E1 -1.04808E2 -1.05288E2 -1.16346E2 -1.03365E2 -8.07692E1 -6.98159E1 -6.82692E1 -7.65951E1 -8.22393E1 -7.8773E1
-9999 -9999 -9999 -9999 -9999 -9999 -9999 -9999 -9999 -9999 -9999 -9999 -9999 -9999 -9999 -9999 -9999 -9999 -9999 -9999 -9999 -9999 -9999 -9999 -9999 -7.89571E1 -7.79141E1 -7.47546E1 -7.22699E1 -8.64417E1 -8.7362E1 -7.94479E1 -7.54601E1 -8.03067E1 -7.26074E1 -8.15951E1 -1.03365E2 -7.21779E1 -7.34663E1 -8.22115E1 -8.60736E1 -8.36538E1 -8.31731E1 -8.31731E1 -1.02885E2 -1.08173E2 -9.95192E1 -9.95192E1 -1.01923E2 -1.02885E2 -9.78221E1 -1.02885E2 -1.00962E2 -8.79808E1 -8.79808E1 -1.01923E2 -8.84615E1 -8.89423E1 -9.08654E1 -9.08654E1 -1.05288E2 -1.03846E2 -8.17308E1 -7.32515E1 -7.2638E1 -7.87117E1 -8.07692E1 -7.18712E1
-9999 -9999 -9999 -9999 -9999 -9999 -9999 -9999 -9999 -9999 -9999 -9999 -9999 -9999 -9999 -9999 -9999 -9999 -9999 -9999 -9999 -9999 -9999 -9999 -9999 -7.5E1 -7.26687E1 -7.41718E1 -7.25153E1 -8.38344E1 -8.55215E1 -8.67791E1 -8.79755E1 -1.00481E2 -7.45092E1 -8.00307E1 -1.01442E2 -8.125E1 -6.65031E1 -9.71154E1 -8.24847E1 -8.26923E1 -8.17308E1 -8.22115E1 -8.26923E1 -8.31731E1 -9.90385E1 -8.6135E1 -1.02404E2 -8.96012E1 -1.02404E2 -1.01923E2 -8.75E1 -8.70192E1 -1.00962E2 -1.00962E2 -1.00962E2 -1.03365E2 -1.01923E2 -1.04327E2 -1.04808E2 -1.03846E2 -8.125E1 -7.35583E1 -7.27301E1 -7.54601E1 -8.07692E1 -1.01442E2
-9999 -9999 -9999 -9999 -9999 -9999 -9999 -9999 -9999 -9999 -9999 -9999 -9999 -9999 -9999 -9999 -9999 -9999 -9999 -9999 -9999 -9999 -9999 -9999 -9999 -7.66564E1 -7.54908E1 -6.92638E1 -7.83742E1 -8E1 -9.02147E1 -9.56731E1 -9.66346E1 -1.03365E2 -1.04808E2 -1.05288E2 -9.03067E1 -8.90491E1 -8.60123E1 -9.11963E1 -9.75962E1 -1.02885E2 -9.71154E1 -8.45705E1 -9.75962E1 -1.07692E2 -8.61963E1 -1.11058E2 -1.01442E2 -1.00481E2 -1.11058E2 -1.11058E2 -8.60577E1 -8.60577E1 -8.70192E1 -8.70192E1 -1.00962E2 -1.02885E2 -1.03846E2 -1.02885E2 -1.05288E2 -1.03846E2 -8.125E1 -8.17308E1 -6.96012E1 -6.68269E1 -7.11538E1 -7.01923E1
-9999 -9999 -9999 -9999 -9999 -9999 -9999 -9999 -9999 -9999 -9999 -9999 -9999 -9999 -9999 -9999 -9999 -9999 -9999 -9999 -9999 -9999 -9999 -9999 -9999 -7.81288E1 -7.64724E1 -6.97546E1 -7.83436E1 -8.93865E1 -1.01923E2 -9.375E1 -7.83654E1 -7.88462E1 -9.47115E1 -1.04327E2 -8.23313E1 -9.66346E1 -9.66346E1 -1.03365E2 -8.59816E1 -9.04908E1 -1.03365E2 -1.06731E2 -9.71154E1 -9.80769E1 -8.79448E1 -1.11058E2 -1.00481E2 -9.90385E1 -1E2 -1E2 -1.00962E2 -1.01442E2 -1.00481E2 -1.01442E2 -1.00481E2 -1.01923E2 -1.02404E2 -1.03846E2 -1.03365E2 -1.03365E2 -8.02885E1 -8.125E1 -6.73077E1 -6.38037E1 -6.85583E1 -7.02147E1
-9999 -9999 -9999 -9999 -9999 -9999 -9999 -9999 -9999 -9999 -9999 -9999 -9999 -9999 -9999 -9999 -9999 -9999 -9999 -9999 -9999 -9999 -9999 -9999 -9999 -8.46626E1 -9.80769E1 -8.1411E1 -7.7454E1 -1E2 -9.42308E1 -8.38344E1 -8E1 -7.94172E1 -9.32692E1 -9.42308E1 -9.03846E1 -9.03846E1 -8.8589E1 -8.76687E1 -9.61538E1 -9.66346E1 -1.01442E2 -1.03365E2 -9.71154E1 -9.42331E1 -1.10577E2 -1.10577E2 -1E2 -9.18712E1 -1.00481E2 -1.00481E2 -1.11538E2 -1.12019E2 -1.11058E2 -1.125E2 -1.01442E2 -1.01442E2 -1.13942E2 -8.84615E1 -8.1411E1 -7.25767E1 -8.02885E1 -7.71472E1 -5.81902E1 -6.05215E1 -6.73313E1 -7.23313E1
-9999 -9999 -9999 -9999 -9999 -9999 -9999 -9999 -9999 -9999 -9999 -9999 -9999 -9999 -9999 -9999 -9999 -9999 -9999 -9999 -9999 -9999 -9999 -9999 -9999 -8.06135E1 -9.80769E1 -9.08654E1 -7.61656E1 -1.01442E2 -9.375E1 -8.74233E1 -7.92945E1 -9.32692E1 -9.32692E1 -8.10429E1 -7.00307E1 -7.7362E1 -8.03988E1 -8.66564E1 -8.68712E1 -8.48159E1 -7.92638E1 -9.61538E1 -9.47115E1 -9.90385E1 -9.90385E1 -1.08654E2 -9.80769E1 -9.28834E1 -1E2 -1.00962E2 -1.12019E2 -7.70245E1 -1.07212E2 -1.00962E2 -1.11538E2 -1.00481E2 -8.84615E1 -8.79808E1 -6.53846E1 -7.40184E1 -6.20552E1 -6.1227E1 -6.14724E1 -6.20552E1 -6.62883E1 -7.38037E1
-9999 -9999 -9999 -9999 -9999 -9999 -9999 -9999 -9999 -9999 -9999 -9999 -9999 -9999 -9999 -9999 -9999 -9999 -9999 -9999 -9999 -9999 -9999 -9999 -9.66346E1 -9.85577E1 -9.18269E1 -9.08654E1 -7.85583E1 -9.27885E1 -1.01923E2 -9.43252E1 -9.375E1 -9.41718E1 -1.02404E2 -9.44785E1 -9.32692E1 -7.76074E1 -8.05521E1 -8.18405E1 -1.00481E2 -8.79808E1 -8.39571E1 -8.64417E1 -9.47115E1 -1.02885E2 -1.09615E2 -9.85577E1 -9.85577E1 -9.85577E1 -8.6411E1 -1.00481E2 -1.00481E2 -9.90385E1 -8.55769E1 -8.55769E1 -1E2 -8.55769E1 -8.84615E1 -7.47546E1 -7.31902E1 -6.93252E1 -6.42638E1 -5.79755E1 -6.26994E1 -6.71472E1 -6.65644E1 -7.98077E1
-9999 -9999 -9999 -9999 -9999 -9999 -9999 -9999 -9999 -9999 -9999 -9999 -9999 -9999 -9999 -9999 -9999 -9999 -9999 -9999 -9999 -9999 -9999 -9999 -9.03846E1 -9.13462E1 -8.08589E1 -8.03681E1 -7.6227E1 -7.36503E1 -1.01442E2 -1.01442E2 -9.32692E1 -1.02404E2 -1E2 -1.02404E2 -8.20859E1 -7.96012E1 -7.62577E1 -7.55828E1 -9.32692E1 -8.68098E1 -8.51227E1 -9.42308E1 -8.16871E1 -1.09135E2 -1.09135E2 -9.80769E1 -9.75962E1 -9.33129E1 -9.95192E1 -9.95192E1 -9.95192E1 -1E2 -8.46154E1 -8.31731E1 -8.17308E1 -7.66564E1 -7.71166E1 -6.98773E1 -7.17485E1 -6.82692E1 -5.68712E1 -6.73077E1 -7.22086E1 -7.04601E1 -7.93269E1 -8.04295E1
-9999 -9999 -9999 -9999 -9999 -9999 -9999 -9999 -9999 -9999 -9999 -9999 -9999 -9999 -9999 -9999 -9999 -9999 -9999 -9999 -9999 -9999 -9999 -9999 -8.65031E1 -7.75767E1 -8.51534E1 -8.26687E1 -7.89264E1 -7.54601E1 -8.07055E1 -9.18269E1 -9.32822E1 -9.45705E1 -8.90184E1 -8.32822E1 -7.88344E1 -7.7638E1 -7.60123E1 -7.4908E1 -9.27885E1 -8.7454E1 -8.45092E1 -1.06731E2 -1.02404E2 -1.02404E2 -1.02404E2 -8.66564E1 -9.75962E1 -9.80769E1 -1.09135E2 -8.36538E1 -8.36538E1 -8.31731E1 -8.41346E1 -9.90385E1 -7.5E1 -7.59615E1 -7.71472E1 -6.69632E1 -6.89264E1 -6.10577E1 -7.01227E1 -7.93269E1 -7.3773E1 -7.37117E1 -7.98077E1 -7.74847E1
-9999 -9999 -9999 -9999 -9999 -9999 -9999 -9999 -9999 -9999 -9999 -9999 -9999 -9999 -9999 -9999 -9999 -9999 -9999 -9999 -9999 -9999 -9999 -9999 -8.69632E1 -8.99038E1 -8.7454E1 -8.51227E1 -8.21166E1 -7.80675E1 -7.66258E1 -8.72086E1 -8.0092E1 -8.11656E1 -8.52454E1 -8.21779E1 -7.8865E1 -7.7638E1 -7.55521E1 -7.1319E1 -9.27885E1 -9.51923E1 -1.05769E2 -9.90385E1 -1.07212E2 -9.09509E1 -8.89264E1 -9.14417E1 -1.08173E2 -8.125E1 -9.75962E1 -8.26923E1 -8.26923E1 -9.85577E1 -9.85577E1 -8.03067E1 -7.66871E1 -7.30675E1 -7.66871E1 -8.17485E1 -7.86503E1 -8.17308E1 -7.0092E1 -7.27607E1 -7.93269E1 -7.98077E1 -8.41346E1 -7.88462E1
-9999 -9999 -9999 -9999 -9999 -9999 -9999 -9999 -9999 -9999 -9999 -9999 -9999 -9999 -9999 -9999 -9999 -9999 -9999 -9999 -9999 -9999 -9999 -8.92638E1 -8.79808E1 -8.59816E1 -8.69632E1 -8.92638E1 -9.01227E1 -9.95192E1 -1E2 -9.04601E1 -8.15951E1 -1.00962E2 -8.89423E1 -8.44479E1 -7.66871E1 -7.46626E1 -7.60123E1 -7.57055E1 -8.29141E1 -1.04808E2 -1.05769E2 -9.95192E1 -1E2 -1.07692E2 -9.75962E1 -9.66346E1 -8.54295E1 -8.07692E1 -8.19325E1 -8.54601E1 -8.59509E1 -8.31731E1 -9.95192E1 -7.92025E1 -8.2638E1 -7.95399E1 -7.80982E1 -7.93865E1 -7.42331E1 -7.78846E1 -7.93269E1 -7.93269E1 -8.55769E1 -8.60577E1 -7.93269E1 -7.83654E1
-9999 -9999 -9999 -9999 -9999 -9999 -9999 -9999 -9999 -9999 -9999 -9999 -9999 -9999 -9999 -9999 -9999 -9999 -9999 -9999 -9999 -9999 -9999 -9.04908E1 -8.79808E1 -9.66346E1 -8.65951E1 -8.69325E1 -8.42025E1 -9.05828E1 -9.85577E1 -9.85577E1 -9.95192E1 -7.91104E1 -7.85276E1 -8.45092E1 -7.5E1 -7.6135E1 -7.84049E1 -7.84969E1 -8.65031E1 -9.02147E1 -9.01534E1 -9.95192E1 -1E2 -1.06731E2 -1.07212E2 -8.48466E1 -8.35276E1 -8.04295E1 -8.6411E1 -8.19939E1 -8.11043E1 -9.61538E1 -9.80769E1 -8.13804E1 -7.8681E1 -7.81902E1 -7.35276E1 -7.6135E1 -7.18712E1 -9.71154E1 -7.93269E1 -7.20859E1 -7.88462E1 -9.95192E1 -7.30675E1 -7.04601E1
-9999 -9999 -9999 -9999 -9999 -9999 -9999 -9999 -9999 -9999 -9999 -9999 -9999 -9999 -9999 -9999 -9999 -9999 -9999 -9999 -9999 -9999 -9999 -8.93252E1 -8.94231E1 -7.3589E1 -7.7454E1 -7.73006E1 -8.68405E1 -9.03374E1 -9.01841E1 -8.94172E1 -9.90385E1 -9.95192E1 -8.99038E1 -1.00481E2 -7.50613E1 -7.44479E1 -8.20859E1 -7.75767E1 -7.92945E1 -9E1 -1.05288E2 -1.04808E2 -9.95192E1 -9.47115E1 -9.51923E1 -7.93269E1 -7.70552E1 -8.11043E1 -9.56731E1 -9.61538E1 -8.24847E1 -9.66346E1 -1.02404E2 -1.02885E2 -7.96012E1 -7.71472E1 -7.14417E1 -7.33129E1 -7.55521E1 -8.31731E1 -7.83654E1 -7.88462E1 -9.85577E1 -9.90385E1 -7.78846E1 -7.78846E1
-9999 -9999 -9999 -9999 -9999 -9999 -9999 -9999 -9999 -9999 -9999 -9999 -9999 -9999 -9999 -9999 -9999 -9999 -9999 -9999 -9999 -9999 -9999 -8.63804E1 -7.58589E1 -7.1319E1 -7.33742E1 -8.75E1 -9.03067E1 -9.35583E1 -8.90184E1 -9.18269E1 -8.84615E1 -8.61043E1 -9.03374E1 -7.14417E1 -1.00481E2 -9.18269E1 -9.18269E1 -8.08589E1 -7.36503E1 -8.70859E1 -1.03846E2 -1.04808E2 -1.04808E2 -9.32692E1 -8.21472E1 -8.09202E1 -7.8589E1 -8.36196E1 -8.48159E1 -9.47115E1 -8.23006E1 -9.71154E1 -7.98466E1 -7.80675E1 -7.52147E1 -7.95092E1 -7.75153E1 -7.92945E1 -1E2 -8.26923E1 -7.39264E1 -7.93269E1 -7.88462E1 -7.88462E1 -7.78846E1 -7.83654E1
-9999 -9999 -9999 -9999 -9999 -9999 -9999 -9999 -9999 -9999 -9999 -9999 -9999 -9999 -9999 -9999 -9999 -9999 -9999 -9999 -9999 -9999 -9999 -8.84615E1 -7.92025E1 -8.82515E1 -9.18405E1 -8.8681E1 -8.97853E1 -9.75962E1 -7.81902E1 -7.84356E1 -8.85276E1 -8.49693E1 -8.53988E1 -9.95192E1 -9.85577E1 -9.13462E1 -7.87423E1 -9.95192E1 -1E2 -1.03846E2 -9.23077E1 -9.19939E1 -8.16871E1 -8.19632E1 -8.51841E1 -8.27301E1 -8.11656E1 -8.15644E1 -8.73926E1 -8.08589E1 -8.55769E1 -8.60577E1 -7.30982E1 -7.46933E1 -7.51227E1 -8.10123E1 -7.51534E1 -7.3589E1 -7.74038E1 -7.74038E1 -7.11963E1 -7.36503E1 -7.46933E1 -7.78846E1 -7.83654E1 -7.36503E1
-9999 -9999 -9999 -9999 -9999 -9999 -9999 -9999 -9999 -9999 -9999 -9999 -9999 -9999 -9999 -9999 -9999 -9999 -9999 -9999 -9999 -9999 -8.50962E1 -6.69018E1 -6.97546E1 -7.10123E1 -9.56731E1 -7.21472E1 -9.66346E1 -9.71154E1 -9.71154E1 -8.75E1 -7.7638E1 -8.24233E1 -8.49693E1 -8.84615E1 -9.95192E1 -8.31902E1 -8.32209E1 -7.94479E1 -7.79755E1 -7.80368E1 -8.46012E1 -8.05215E1 -9.13462E1 -8.11656E1 -7.88462E1 -8.12883E1 -9.27885E1 -1E2 -1.05288E2 -1.07692E2 -8.60736E1 -7.94785E1 -7.25767E1 -7.00307E1 -6.43865E1 -6.86503E1 -7.19325E1 -6.99387E1 -7.12883E1 -7.64423E1 -7.78528E1 -7.3865E1 -7.78846E1 -7.83654E1 -7.88462E1 -7.88462E1
-9999 -9999 -9999 -9999 -9999 -9999 -9999 -9999 -9999 -9999 -9999 -9999 -9999 -9999 -9999 -9999 -9999 -9999 -9999 -9999 -9999 -9999 -7.97239E1 -7.53067E1 -6.18405E1 -6.77914E1 -8.65385E1 -8.39877E1 -9.71154E1 -8.70192E1 -7.78834E1 -7.82209E1 -8.28834E1 -8.46319E1 -8.5E1 -8.99387E1 -8.84615E1 -8.66871E1 -8.30061E1 -8.51841E1 -8.43558E1 -8.15951E1 -9.03846E1 -8.53988E1 -8.52454E1 -8.30982E1 -7.67178E1 -7.64417E1 -7.22699E1 -9.18269E1 -8.20552E1 -1.05769E2 -8.43558E1 -8.34356E1 -7.46319E1 -7.52147E1 -7.04908E1 -6.8773E1 -6.92638E1 -6.97853E1 -7.64423E1 -7.98077E1 -1.00962E2 -7.74038E1 -9.56731E1 -1.01442E2 -1.01923E2 -6.68269E1
-9999 -9999 -9999 -9999 -9999 -9999 -9999 -9999 -9999 -9999 -9999 -9999 -9999 -9999 -9999 -9999 -9999 -9999 -9999 -9999 -9999 -9.18269E1 -9.23077E1 -7.3865E1 -6.64724E1 -6.63804E1 -6.72086E1 -7.13497E1 -7.34356E1 -9.61538E1 -8.60577E1 -7.83129E1 -8.84049E1 -8.7454E1 -8.73926E1 -8.62577E1 -8.79808E1 -8.51534E1 -7.37423E1 -7.44479E1 -7.61656E1 -7.53988E1 -8.94231E1 -8.84969E1 -8.34969E1 -7.74847E1 -6.92331E1 -7.46012E1 -7.95705E1 -9.90385E1 -7.69632E1 -8.32515E1 -8.6411E1 -8.85276E1 -1.01923E2 -1.01923E2 -8.60577E1 -6.76074E1 -7.03067E1 -6.88037E1 -7.88462E1 -8.125E1 -1.07692E2 -9.51923E1 -9.56731E1 -1.01923E2 -1.01923E2 -6.68269E1
-9999 -9999 -9999 -9999 -9999 -9999 -9999 -9999 -9999 -9999 -9999 -9999 -9999 -9999 -9999 -9999 -9999 -9999 -9999 -9999 -9999 -8.39264E1 -9.23077E1 -7.84049E1 -6.74847E1 -6.50613E1 -6.69018E1 -7.69325E1 -7.8681E1 -9.61538E1 -9.05215E1 -8.80675E1 -8.8773E1 -8.88344E1 -8.83436E1 -8.77914E1 -8.79808E1 -8.72393E1 -8.84615E1 -7.89264E1 -7.91411E1 -8.12577E1 -7.26074E1 -7.72086E1 -7.99387E1 -8.41104E1 -7.41411E1 -7.33436E1 -8.22393E1 -9.13462E1 -9.85577E1 -8.87423E1 -8.72393E1 -8.8589E1 -1.07212E2 -7.76994E1 -7.83742E1 -7.01841E1 -6.46933E1 -6.91104E1 -6.9908E1 -8.125E1 -1.00962E2 -1.00962E2 -9.51923E1 -9.61538E1 -9.61538E1 -6.77885E1
-9999 -9999 -9999 -9999 -9999 -9999 -9999 -9999 -9999 -9999 -9999 -9999 -9999 -9999 -9999 -9999 -9999 -9999 -9999 -9999 -9999 -8.22115E1 -8.99038E1 -9.07055E1 -8.62577E1 -8.83129E1 -6.89571E1 -8.50962E1 -8.55769E1 -9.39571E1 -9.42638E1 -9.29448E1 -8.89877E1 -9.1319E1 -9.08589E1 -9.31595E1 -9.25767E1 -9.16258E1 -8.85583E1 -8.8865E1 -8.36503E1 -7.62883E1 -7.99693E1 -7.32209E1 -8.24847E1 -8.33436E1 -7.48466E1 -7.42945E1 -8.89423E1 -8.94231E1 -8.28528E1 -8.84663E1 -8.64724E1 -8.72393E1 -1.0625E2 -7.89877E1 -6.96012E1 -6.83129E1 -6.60736E1 -6.71779E1 -7.43865E1 -6.92331E1 -1.00481E2 -7.88462E1 -7.83654E1 -9.51923E1 -7.93269E1 -8.22115E1
-9999 -9999 -9999 -9999 -9999 -9999 -9999 -9999 -9999 -9999 -9999 -9999 -9999 -9999 -9999 -9999 -9999 -9999 -9999 -9999 -9999 -9.13462E1 -8.22115E1 -7.99693E1 -8.35583E1 -9.27885E1 -9.27885E1 -8.50307E1 -8.8773E1 -8.6135E1 -8.77301E1 -9.37117E1 -9.03681E1 -8.99693E1 -9.03374E1 -9.71154E1 -8.95092E1 -8.92638E1 -8.88037E1 -8.60736E1 -8.58896E1 -8.0092E1 -8.26994E1 -8.11656E1 -8.29141E1 -8.43558E1 -8.84615E1 -8.89423E1 -8.89423E1 -8.57975E1 -9.18269E1 -8.7546E1 -9.09816E1 -8.84356E1 -8.58589E1 -7.3773E1 -9999 -5.77301E1 -6.64724E1 -7.49387E1 -6.81595E1 -6.61963E1 -6.59816E1 -6.88344E1 -7.88462E1 -7.98077E1 -7.93269E1 -7.88462E1
-9999 -9999 -9999 -9999 -9999 -9999 -9999 -9999 -9999 -9999 -9999 -9999 -9999 -9999 -9999 -9999 -9999 -9999 -9999 -9999 -8.56442E1 -8.39264E1 -8.19632E1 -7.81902E1 -6.7362E1 -7.61656E1 -8.17308E1 -7.84049E1 -7.78528E1 -8.06442E1 -8.41346E1 -9.38957E1 -9.5E1 -9.66346E1 -8.96626E1 -9.18405E1 -8.92025E1 -7.61963E1 -8.65951E1 -8.60123E1 -8.74847E1 -8.8773E1 -8.26074E1 -8.37423E1 -7.58896E1 -7.90798E1 -8.48159E1 -8.5E1 -8.91718E1 -8.84615E1 -9.08654E1 -8.70859E1 -9.07362E1 -9.22086E1 -7.87117E1 -9999 -6.05215E1 -6.1319E1 -6.45399E1 -6.69939E1 -1.02885E2 -6.61963E1 -6.65644E1 -7.00307E1 -1.02885E2 -1.02885E2 -7.11963E1 -7.83654E1
-9999 -9999 -9999 -9999 -9999 -9999 -9999 -9999 -9999 -9999 -9999 -9999 -9999 -9999 -9999 -9999 -9999 -9999 -9999 -9999 -8.94231E1 -8.94231E1 -9.13462E1 -9.03846E1 -6.48159E1 -6.88344E1 -8.125E1 -8.17308E1 -8.42025E1 -8.22115E1 -7.46933E1 -9.51923E1 -9.56731E1 -9.56731E1 -9.38957E1 -9.03988E1 -8.59509E1 -8E1 -8.39264E1 -8.66871E1 -8.93865E1 -8.62577E1 -8.26994E1 -8.13497E1 -8.38344E1 -8.95705E1 -8.35276E1 -8.52761E1 -9.16564E1 -1.01442E2 -1.02404E2 -9.14724E1 -8.04295E1 -9.95192E1 -8E1 -6.85583E1 -5.4816E1 -5.33654E1 -6.54908E1 -1.01923E2 -1.01442E2 -6.98466E1 -6.99387E1 -7.16564E1 -1.06731E2 -9.375E1 -9.32692E1 -7.83654E1
-9999 -9999 -9999 -9999 -9999 -9999 -9999 -9999 -9999 -9999 -9999 -9999 -9999 -9999 -9999 -9999 -9999 -9999 -9999 -9999 -8.89423E1 -9.03846E1 -8.44172E1 -8.73006E1 -8.79808E1 -6.86196E1 -8.23926E1 -8.40798E1 -8.33129E1 -8.78528E1 -9.09202E1 -9.20245E1 -9.47115E1 -8.99693E1 -8.97239E1 -8.7362E1 -8.49387E1 -8.39264E1 -8.39571E1 -8.81595E1 -8.72699E1 -8.95092E1 -8.55769E1 -8.6135E1 -9.71154E1 -8.75E1 -8.75E1 -8.84615E1 -8.89423E1 -1.02404E2 -8.60736E1 -8.41411E1 -8.56442E1 -8.31288E1 -8.07669E1 -9999 -5.57692E1 -6.875E1 -7.74038E1 -9.13462E1 -7.98077E1 -7.31288E1 -1.00962E2 -1E2 -1.02885E2 -9.27885E1 -8.06748E1 -7.78846E1
-9999 -9999 -9999 -9999 -9999 -9999 -9999 -9999 -9999 -9999 -9999 -9999 -9999 -9999 -9999 -9999 -9999 -9999 -9999 -9999 -8.94231E1 -8.99038E1 -9.03846E1 -8.61963E1 -7.98773E1 -7.30061E1 -8.44785E1 -8.16564E1 -8.1135E1 -8.41411E1 -8.79141E1 -8.47853E1 -8.42025E1 -8.36538E1 -8.7638E1 -8.75153E1 -8.86196E1 -8.65337E1 -8.88957E1 -8.66564E1 -8.45092E1 -8.26074E1 -8.48159E1 -8.44479E1 -9.75962E1 -8.88037E1 -9.75962E1 -1.00481E2 -1.00962E2 -8.64417E1 -8.08896E1 -8.6135E1 -8.15951E1 -1.00962E2 -7.81288E1 -7.20552E1 -6.82692E1 -9999 -8.31731E1 -9.85577E1 -6.83742E1 -7.26074E1 -7.93269E1 -8.31731E1 -7.93269E1 -7.83654E1 -7.69231E1 -9.23077E1
-9999 -9999 -9999 -9999 -9999 -9999 -9999 -9999 -9999 -9999 -9999 -9999 -9999 -9999 -9999 -9999 -9999 -9999 -9999 -9999 -8.89423E1 -8.94231E1 -8.89423E1 -8.38037E1 -8.84615E1 -8.02885E1 -8.07055E1 -8.42025E1 -8.19325E1 -8.42638E1 -8.7454E1 -8.34049E1 -7.90798E1 -8.17308E1 -9.47115E1 -8.84969E1 -8.91411E1 -8.82822E1 -8.65644E1 -8.72393E1 -8.46154E1 -8.84969E1 -8.94231E1 -9.71154E1 -9.95192E1 -9.95192E1 -9.80769E1 -1.00481E2 -1.00481E2 -8.56748E1 -8.19018E1 -8.42025E1 -8.08589E1 -7.67791E1 -8.04601E1 -6.90798E1 -9999 -5.09509E1 -5.91346E1 -7.11043E1 -7.05828E1 -7.12883E1 -1E2 -1E2 -7.88462E1 -7.88462E1 -7.88462E1 -9.85577E1
-9999 -9999 -9999 -9999 -9999 -9999 -9999 -9999 -9999 -9999 -9999 -9999 -9999 -9999 -9999 -9999 -9999 -9999 -9999 -9999 -8.48466E1 -8.01841E1 -8.1227E1 -8.16258E1 -8.23926E1 -8.47546E1 -8.89571E1 -8.45092E1 -8.01534E1 -8.02885E1 -9.18269E1 -9.0092E1 -8.04908E1 -8.23006E1 -9.375E1 -8.8681E1 -8.46933E1 -8.36538E1 -8.66564E1 -8.71779E1 -8.40798E1 -8.54295E1 -9.71154E1 -8.61963E1 -8.47853E1 -8.29141E1 -8.52147E1 -8.98159E1 -8.66564E1 -8.69325E1 -7.85583E1 -7.80982E1 -7.69632E1 -8.2362E1 -8.10123E1 -7.23006E1 -5.7454E1 -6.15385E1 -6.10577E1 -6.7454E1 -6.62883E1 -6.8865E1 -6.70552E1 -8.36538E1 -6.58654E1 -6.53846E1 -4.59202E1 -5.54601E1
