ENM/Final_Models/M_0.8_F_q_Set_1_EC/Gustavia_santanderiensis_Choco_avg.asc
ncols         367
nrows         963
xllcorner     -78.6
yllcorner     0.65
cellsize      0.00833333333333323
NODATA_value  -9999
[rows 150 to 179 of 963, columns 201 to 267 of 367]
6.9591E-1 5.66822E-1 5.2576E-1 5.70858E-1 3.43911E-1 5.01238E-1 6.14054E-1 6.22524E-1 5.57749E-1 3.98477E-1 5.46324E-1 6.01775E-1 2.53699E-1 2.07438E-1 2.18536E-1 3.17278E-1 3.15964E-1 4.74629E-1 3.81008E-1 3.60367E-1 5.31434E-1 4.83615E-1 3.75813E-1 6.03568E-1 4.08798E-1 5.19044E-1 7.65919E-1 8.79671E-1 6.72434E-1 5.50508E-1 2.71846E-1 4.01274E-1 3.7253E-1 5.0758E-1 5.61261E-1 3.32867E-1 4.25415E-1 6.31248E-1 5.81404E-1 6.51849E-1 4.23994E-1 5.60357E-1 5.32815E-1 7.16887E-1 7.52591E-1 9.6651E-1 9.30335E-1 7.31518E-1 5.57149E-1 4.90018E-1 5.33996E-1 6.34081E-1 5.29193E-1 1.80172E-1 7.68811E-2 4.28506E-2 4.61077E-2 5.87155E-2 6.65916E-2 6.92563E-2 1.86428E-2 4.55526E-2 3.18162E-1 2.5931E-1 2.97497E-1 3.3346E-1 3.43106E-1
5.01235E-1 5.71474E-1 6.50082E-1 2.85549E-1 2.87516E-1 3.21018E-1 4.6582E-1 5.70247E-1 4.56614E-1 6.60105E-1 5.97253E-1 4.84726E-1 3.7796E-1 4.92784E-1 5.0498E-1 4.71362E-1 3.40671E-1 2.57608E-1 4.11142E-1 4.75536E-1 6.51434E-1 6.28461E-1 6.49584E-1 6.44071E-1 5.64112E-1 5.52502E-1 7.88679E-1 8.09502E-1 8.04752E-1 6.05175E-1 3.77302E-1 5.42503E-1 8.6623E-1 8.35724E-1 9.25473E-1 8.53389E-1 6.88358E-1 7.2632E-1 7.95326E-1 4.24868E-1 3.62867E-1 5.37144E-1 8.0816E-1 5.65484E-1 5.0975E-1 6.35228E-1 6.04488E-1 5.87831E-1 5.63248E-1 3.9008E-1 4.82301E-1 5.82928E-1 6.75258E-1 2.54456E-1 7.58931E-2 6.86325E-2 3.64474E-2 4.32003E-2 6.39998E-2 5.98575E-2 1.98334E-2 2.91117E-2 2.57444E-1 2.19286E-1 4.79985E-1 3.84184E-1 3.30957E-1
5.52804E-1 5.59363E-1 3.78183E-1 2.79477E-1 2.73888E-1 3.04767E-1 3.02591E-1 5.95983E-1 8.09264E-1 8.55605E-1 8.88924E-1 6.39127E-1 5.31043E-1 6.31115E-1 3.78574E-1 3.33044E-1 2.99385E-1 3.36118E-1 6.42504E-1 6.36963E-1 7.89158E-1 7.63493E-1 7.91118E-1 6.90876E-1 7.70066E-1 7.07737E-1 6.55366E-1 7.36026E-1 8.7247E-1 7.98256E-1 5.65454E-1 5.87038E-1 7.87798E-1 8.98711E-1 8.92399E-1 8.2478E-1 8.40859E-1 8.10833E-1 7.33468E-1 5.61951E-1 4.48156E-1 5.08767E-1 6.71813E-1 8.13603E-1 6.29108E-1 8.99151E-1 7.73911E-1 7.24107E-1 3.05502E-1 2.97216E-1 4.75809E-1 4.88603E-1 6.70055E-1 4.52819E-1 4.28331E-1 3.27743E-1 2.4492E-1 2.41384E-1 6.87103E-2 4.69192E-2 4.00131E-2 2.95913E-2 3.45109E-2 8.30282E-2 2.70462E-1 2.23092E-1 2.49525E-1
5.77332E-1 3.95655E-1 2.28127E-1 2.91188E-1 3.17337E-1 3.65881E-1 3.26668E-1 7.09749E-1 9.42796E-1 9.55812E-1 9.87412E-1 9.62175E-1 6.83784E-1 6.51327E-1 4.93275E-1 3.96878E-1 3.86255E-1 4.136E-1 8.9216E-1 8.00383E-1 8.0426E-1 7.22072E-1 7.14867E-1 7.66798E-1 7.2578E-1 7.91052E-1 7.86842E-1 8.72707E-1 9.33743E-1 6.35127E-1 8.69879E-1 8.6972E-1 6.23104E-1 8.49408E-1 9.31606E-1 9.26882E-1 8.25938E-1 8.73222E-1 7.31005E-1 6.04675E-1 3.63058E-1 2.41887E-1 5.48907E-1 6.94022E-1 6.89804E-1 7.42377E-1 8.85886E-1 8.14002E-1 3.5546E-1 2.49953E-1 6.2862E-1 4.81298E-1 6.28021E-1 5.63041E-1 5.47335E-1 5.31486E-1 1.87277E-1 8.91229E-2 8.68161E-2 9.89959E-2 1.03727E-1 4.22392E-2 2.53011E-2 5.64289E-2 1.27645E-1 1.62311E-1 2.25511E-1
5.1528E-1 4.45628E-1 2.90351E-1 3.38749E-1 4.59124E-1 3.54794E-1 4.1938E-1 5.32795E-1 9.51254E-1 9.64402E-1 9.92135E-1 9.41001E-1 9.46425E-1 6.88069E-1 5.91013E-1 7.68027E-1 7.71751E-1 8.8424E-1 8.90739E-1 8.41963E-1 7.37817E-1 7.36977E-1 7.2696E-1 8.00822E-1 8.68633E-1 9.1493E-1 9.2267E-1 8.51871E-1 8.09015E-1 7.80971E-1 9.71499E-1 9.66722E-1 8.8188E-1 8.02651E-1 9.57609E-1 8.87517E-1 8.02204E-1 8.73429E-1 9.03985E-1 5.43604E-1 4.4891E-1 5.03115E-1 4.59891E-1 4.15613E-1 5.99451E-1 6.1183E-1 8.20494E-1 8.66633E-1 4.61315E-1 3.26032E-1 6.46232E-1 7.07898E-1 8.3948E-1 6.61712E-1 4.4272E-1 2.60715E-1 2.32774E-1 2.04855E-1 1.33271E-1 1.99014E-1 1.27121E-1 6.66385E-2 2.95925E-2 4.37775E-2 2.67802E-2 5.10534E-2 2.90085E-1
5.39093E-1 5.2999E-1 4.14633E-1 3.69266E-1 4.70444E-1 5.3327E-1 6.47857E-1 7.82747E-1 9.0844E-1 9.35524E-1 9.94781E-1 9.59983E-1 9.75304E-1 6.90535E-1 7.83059E-1 7.17344E-1 7.97247E-1 8.85932E-1 8.796E-1 8.73388E-1 6.70152E-1 7.61257E-1 8.90883E-1 8.88028E-1 9.75013E-1 9.71889E-1 9.615E-1 9.25901E-1 9.07372E-1 9.86112E-1 9.25041E-1 9.09226E-1 6.16353E-1 9.0992E-1 8.3963E-1 8.21405E-1 8.44116E-1 8.69865E-1 8.64364E-1 7.29197E-1 5.34385E-1 5.9516E-1 6.9704E-1 4.10156E-1 4.03475E-1 5.86114E-1 7.24076E-1 8.01879E-1 7.66415E-1 7.65817E-1 5.11926E-1 6.2997E-1 5.83662E-1 2.26468E-1 2.13542E-1 1.28117E-1 8.54977E-2 7.91781E-2 1.58621E-1 1.5317E-1 1.76558E-1 1.20118E-1 9.31028E-2 9.89216E-2 5.15459E-2 3.56338E-2 1.57311E-2
5.46976E-1 6.78703E-1 7.51238E-1 8.54978E-1 5.1355E-1 6.36422E-1 5.16635E-1 7.69374E-1 9.747E-1 9.80596E-1 9.67135E-1 9.93967E-1 5.58068E-1 4.14773E-1 4.16856E-1 8.02598E-1 7.81137E-1 6.49804E-1 6.40916E-1 6.98736E-1 6.81318E-1 8.91895E-1 8.61535E-1 9.53759E-1 9.8025E-1 8.72597E-1 9.61851E-1 9.27892E-1 9.39631E-1 9.32879E-1 9.56451E-1 9.57516E-1 8.56483E-1 6.69767E-1 6.88945E-1 7.37082E-1 6.62576E-1 6.47913E-1 7.50225E-1 8.13079E-1 7.86912E-1 8.05305E-1 7.42607E-1 8.34949E-1 5.00408E-1 4.78498E-1 7.61625E-1 8.45266E-1 8.65217E-1 9.02804E-1 7.62934E-1 2.66806E-1 3.56378E-1 2.73042E-1 1.76974E-1 8.81764E-2 7.87867E-2 4.72776E-2 1.46986E-1 1.27213E-1 1.31106E-1 8.97445E-2 7.90003E-2 8.51669E-2 4.44967E-2 2.87906E-2 9.3029E-3
4.9882E-1 5.28159E-1 6.73058E-1 7.39632E-1 7.69131E-1 7.35308E-1 7.33591E-1 9.11194E-1 9.72007E-1 9.90597E-1 9.91498E-1 9.52255E-1 7.33256E-1 5.23557E-1 5.14737E-1 7.92697E-1 7.40852E-1 5.32181E-1 8.84843E-1 9.70655E-1 9.53814E-1 9.42646E-1 9.47681E-1 9.92306E-1 9.95812E-1 9.94707E-1 8.96255E-1 8.7661E-1 8.57528E-1 8.99944E-1 9.15879E-1 9.12573E-1 6.94195E-1 7.41415E-1 6.50739E-1 8.32502E-1 8.75613E-1 8.46783E-1 8.33976E-1 7.39239E-1 8.40547E-1 5.40537E-1 5.36666E-1 6.55469E-1 4.74027E-1 6.10449E-1 8.58419E-1 9.57128E-1 8.36716E-1 8.4006E-1 9.14221E-1 7.98219E-1 6.84824E-1 6.06572E-1 3.43783E-1 2.1839E-1 2.13643E-1 1.09106E-1 1.28332E-1 1.51744E-1 1.96476E-1 1.24506E-1 6.70277E-2 2.82056E-2 1.93433E-2 1.89617E-2 1.57428E-2
5.09266E-1 6.51535E-1 7.11244E-1 8.32855E-1 8.57237E-1 7.80597E-1 9.14301E-1 9.94776E-1 9.96816E-1 9.86103E-1 9.9555E-1 9.68872E-1 9.13132E-1 6.88475E-1 7.84221E-1 9.45984E-1 8.1293E-1 7.39432E-1 7.66274E-1 9.6551E-1 9.72738E-1 9.685E-1 9.67106E-1 9.61329E-1 9.79989E-1 9.79602E-1 9.04578E-1 9.14902E-1 8.82081E-1 9.08132E-1 7.4974E-1 9.41899E-1 9.09103E-1 8.65629E-1 7.76204E-1 8.16785E-1 7.53325E-1 8.03706E-1 8.29529E-1 8.01153E-1 8.17252E-1 7.68475E-1 7.59467E-1 5.73958E-1 5.4122E-1 7.82278E-1 9.39415E-1 8.52021E-1 8.52253E-1 8.62418E-1 9.51858E-1 9.08936E-1 7.12201E-1 8.16993E-1 6.59865E-1 6.12994E-1 5.19535E-1 1.25277E-1 8.93574E-2 1.18954E-1 1.98106E-1 1.32153E-1 7.68756E-2 8.28533E-2 5.29454E-2 1.62996E-2 1.12264E-2
6.45588E-1 5.95052E-1 7.77713E-1 7.48408E-1 7.81242E-1 8.32882E-1 7.4641E-1 9.59268E-1 9.86494E-1 9.52649E-1 9.48104E-1 9.21043E-1 9.51092E-1 9.56351E-1 9.8901E-1 9.95777E-1 9.37391E-1 9.29771E-1 9.15412E-1 9.61358E-1 9.56222E-1 9.74034E-1 9.78584E-1 9.69249E-1 9.5179E-1 9.46789E-1 9.30133E-1 9.22492E-1 8.96727E-1 9.02949E-1 8.43697E-1 8.45387E-1 9.75302E-1 8.89609E-1 9.15349E-1 9.10403E-1 8.95855E-1 8.04766E-1 9.1187E-1 9.18353E-1 8.6441E-1 8.62006E-1 8.48841E-1 7.36194E-1 5.66179E-1 5.12863E-1 7.44613E-1 7.94898E-1 7.67204E-1 8.5585E-1 8.92759E-1 9.58361E-1 8.94162E-1 8.77105E-1 7.76394E-1 7.62001E-1 7.93468E-1 5.54739E-1 2.46956E-1 1.64328E-1 8.87592E-2 1.44046E-1 1.01292E-1 1.05134E-1 3.2231E-2 3.28731E-2 3.06546E-2
7.23568E-1 7.32487E-1 7.31575E-1 8.55693E-1 8.15902E-1 7.80944E-1 6.90488E-1 9.48316E-1 9.73586E-1 9.62969E-1 9.77638E-1 9.29022E-1 9.47349E-1 9.64154E-1 9.88052E-1 9.74939E-1 9.72795E-1 9.67403E-1 9.47658E-1 9.78161E-1 9.89823E-1 9.7521E-1 9.82847E-1 9.88894E-1 9.14785E-1 8.87764E-1 9.57472E-1 9.40463E-1 8.97225E-1 9.03437E-1 8.99075E-1 8.04902E-1 8.59698E-1 9.47082E-1 8.69821E-1 8.8408E-1 8.98547E-1 8.72108E-1 8.82613E-1 9.21569E-1 8.54646E-1 8.77913E-1 9.05177E-1 8.12999E-1 4.53043E-1 5.06505E-1 6.34575E-1 7.13726E-1 7.10979E-1 8.46346E-1 9.25453E-1 8.24595E-1 9.31451E-1 9.54873E-1 8.87063E-1 9.40607E-1 6.12089E-1 1.18719E-1 9.59444E-2 8.88821E-2 8.42327E-2 1.06854E-1 8.22723E-2 1.1582E-1 5.46652E-2 6.7912E-2 2.31328E-2
5.99615E-1 7.49152E-1 7.19423E-1 8.59237E-1 9.41958E-1 8.91264E-1 7.8167E-1 9.36285E-1 9.69511E-1 9.6614E-1 9.84199E-1 9.70951E-1 8.80108E-1 9.45004E-1 9.83817E-1 9.7215E-1 9.63101E-1 9.65928E-1 9.64217E-1 9.72439E-1 9.67943E-1 8.58486E-1 8.2128E-1 8.20841E-1 9.72834E-1 9.56634E-1 8.93345E-1 9.73354E-1 8.11255E-1 8.37932E-1 8.26958E-1 8.50865E-1 9.25588E-1 9.08947E-1 8.96815E-1 9.08488E-1 8.58257E-1 9.26593E-1 9.32473E-1 9.40522E-1 7.34908E-1 8.84442E-1 8.87121E-1 8.94239E-1 6.24371E-1 5.27454E-1 5.99224E-1 8.10386E-1 8.78295E-1 8.55705E-1 9.159E-1 9.61832E-1 9.84767E-1 9.57919E-1 8.94871E-1 8.04244E-1 9.14603E-1 2.94223E-1 8.09522E-2 3.60325E-2 5.78535E-2 1.03675E-1 1.20158E-1 1.04205E-1 9.10727E-2 4.41759E-2 4.20879E-2
8.15686E-1 6.78179E-1 7.42779E-1 8.07877E-1 9.19307E-1 8.50585E-1 8.50445E-1 9.52381E-1 9.90162E-1 9.86077E-1 9.91761E-1 9.92917E-1 9.15553E-1 9.64015E-1 9.97146E-1 9.8178E-1 9.77226E-1 9.9437E-1 9.87005E-1 9.73844E-1 9.32692E-1 9.6859E-1 9.21825E-1 9.78007E-1 9.80663E-1 8.81027E-1 9.49606E-1 9.40009E-1 9.5057E-1 9.68688E-1 9.32192E-1 7.64849E-1 7.9334E-1 6.19492E-1 6.91091E-1 8.85786E-1 7.91387E-1 7.41105E-1 8.32565E-1 9.19776E-1 8.00794E-1 8.38921E-1 9.12886E-1 8.96186E-1 8.60964E-1 8.95853E-1 8.8285E-1 8.47076E-1 9.46251E-1 9.39149E-1 9.50665E-1 9.19958E-1 8.8303E-1 9.41468E-1 9.54538E-1 8.78002E-1 7.928E-1 8.3584E-1 8.18177E-1 7.66718E-1 3.12789E-1 2.40917E-1 1.66779E-1 1.93211E-2 4.31454E-2 4.7961E-2 2.03826E-2
7.48349E-1 6.58699E-1 5.16245E-1 7.54398E-1 9.41686E-1 8.4347E-1 9.53647E-1 9.814E-1 9.90255E-1 9.91647E-1 9.81611E-1 9.85824E-1 9.94772E-1 9.98705E-1 9.99491E-1 9.82439E-1 9.92306E-1 9.97269E-1 9.98127E-1 9.91076E-1 9.90691E-1 9.95986E-1 9.72165E-1 9.47626E-1 9.41213E-1 9.27561E-1 9.17884E-1 9.60735E-1 9.82436E-1 8.74956E-1 9.03511E-1 9.07859E-1 7.23937E-1 7.83287E-1 7.58339E-1 7.92477E-1 8.72012E-1 8.29322E-1 7.99978E-1 9.09067E-1 9.01224E-1 8.01165E-1 7.7257E-1 8.05906E-1 6.94974E-1 7.39966E-1 9.51444E-1 9.5896E-1 9.13499E-1 8.72931E-1 8.92518E-1 9.2973E-1 8.48275E-1 9.45548E-1 9.72247E-1 9.88111E-1 9.67398E-1 9.56314E-1 9.61454E-1 9.02197E-1 6.22939E-1 3.88694E-1 2.7071E-1 1.95358E-1 1.93069E-1 2.72304E-2 3.53541E-2
7.93938E-1 7.7796E-1 7.54519E-1 8.30998E-1 8.92551E-1 9.38476E-1 9.83325E-1 9.78696E-1 9.49128E-1 9.86154E-1 9.83066E-1 9.90045E-1 9.81339E-1 9.98492E-1 9.9994E-1 9.78785E-1 9.99666E-1 9.99739E-1 9.99903E-1 9.99581E-1 9.96834E-1 9.96049E-1 9.91196E-1 8.8086E-1 8.76832E-1 9.61862E-1 9.8159E-1 9.5621E-1 9.7101E-1 9.35351E-1 9.52886E-1 7.43301E-1 6.73109E-1 7.39438E-1 7.85687E-1 9.05646E-1 8.89783E-1 9.43465E-1 8.02713E-1 8.35431E-1 7.77025E-1 7.43869E-1 4.81733E-1 5.44213E-1 6.11084E-1 6.88336E-1 8.20266E-1 9.20978E-1 8.39163E-1 8.65515E-1 8.53013E-1 8.28559E-1 8.89199E-1 9.49451E-1 9.79849E-1 9.97171E-1 9.83374E-1 9.54869E-1 9.48919E-1 9.38592E-1 7.11557E-1 5.53979E-1 4.44267E-1 2.18521E-1 1.57634E-1 1.235E-1 7.65128E-2
8.81434E-1 8.75981E-1 8.75119E-1 8.06329E-1 8.69171E-1 8.81846E-1 9.2759E-1 9.39001E-1 9.25701E-1 7.93905E-1 9.94E-1 9.98352E-1 9.95079E-1 9.90487E-1 9.99621E-1 9.99779E-1 9.98282E-1 9.99869E-1 9.99925E-1 9.96444E-1 9.9596E-1 9.97226E-1 9.98383E-1 9.74433E-1 9.69488E-1 9.40566E-1 9.42198E-1 9.45355E-1 7.3865E-1 8.62267E-1 8.83344E-1 8.1748E-1 7.51365E-1 7.84451E-1 4.83978E-1 8.16274E-1 8.33001E-1 8.24244E-1 9.12966E-1 9.17331E-1 7.65947E-1 8.08956E-1 5.91737E-1 5.46098E-1 3.63078E-1 4.14377E-1 6.09285E-1 6.81989E-1 8.27145E-1 8.58215E-1 8.01857E-1 7.95353E-1 9.25188E-1 8.86486E-1 9.71679E-1 9.92817E-1 9.97498E-1 9.8733E-1 9.11872E-1 9.28783E-1 9.28903E-1 5.03212E-1 3.60803E-1 2.99397E-1 2.12377E-1 2.21542E-1 8.7969E-2
8.36141E-1 8.60145E-1 7.94622E-1 7.64599E-1 7.7747E-1 8.44042E-1 7.66466E-1 8.35903E-1 9.44213E-1 9.9148E-1 9.97049E-1 9.97511E-1 9.89229E-1 9.92566E-1 9.99718E-1 9.99836E-1 9.98292E-1 9.99701E-1 9.9983E-1 9.99027E-1 9.97038E-1 9.85706E-1 9.97437E-1 9.67065E-1 8.60128E-1 8.96208E-1 9.59907E-1 9.37355E-1 9.58357E-1 9.12254E-1 8.51884E-1 8.05018E-1 7.44161E-1 8.56869E-1 7.73441E-1 9.16076E-1 8.66415E-1 9.06054E-1 9.80126E-1 9.01656E-1 8.21399E-1 7.49934E-1 6.6258E-1 7.99466E-1 5.46172E-1 5.22566E-1 3.6793E-1 6.00774E-1 8.16751E-1 7.85192E-1 9.11963E-1 9.53766E-1 9.57028E-1 8.75782E-1 9.54793E-1 9.70914E-1 9.86599E-1 9.84779E-1 9.80176E-1 9.58651E-1 8.80074E-1 8.77404E-1 6.59054E-1 3.6173E-1 3.45505E-1 4.14194E-1 3.56534E-2
8.53712E-1 7.49977E-1 7.69514E-1 6.20296E-1 5.20086E-1 6.0932E-1 8.15575E-1 9.16997E-1 9.86848E-1 9.96899E-1 9.98595E-1 9.96454E-1 9.855E-1 9.94809E-1 9.82089E-1 9.80847E-1 9.91341E-1 9.91674E-1 9.99496E-1 9.95421E-1 9.95555E-1 9.35302E-1 9.65815E-1 9.07772E-1 8.86119E-1 8.98865E-1 8.7215E-1 7.45106E-1 8.78181E-1 9.69723E-1 9.8908E-1 8.48276E-1 8.03119E-1 8.46073E-1 8.90074E-1 9.02714E-1 9.33391E-1 9.32388E-1 9.83494E-1 9.82195E-1 9.72573E-1 8.16047E-1 8.48724E-1 8.74551E-1 8.34461E-1 7.43518E-1 5.34067E-1 5.02757E-1 6.43405E-1 7.68915E-1 6.8362E-1 8.62386E-1 6.79652E-1 7.00958E-1 8.3248E-1 9.6849E-1 9.67432E-1 9.90372E-1 9.72046E-1 9.29305E-1 9.59216E-1 9.35417E-1 8.13184E-1 5.35814E-1 6.10783E-1 5.21528E-1 4.86183E-2
6.32867E-1 7.05151E-1 5.15908E-1 6.91711E-1 4.98384E-1 5.62818E-1 6.81938E-1 7.38559E-1 9.81673E-1 9.8654E-1 9.81834E-1 9.65162E-1 9.55788E-1 9.7403E-1 9.54464E-1 9.97135E-1 9.88703E-1 9.96427E-1 9.9134E-1 9.95632E-1 9.92958E-1 9.79477E-1 9.49863E-1 9.82038E-1 9.59177E-1 9.75337E-1 9.0044E-1 9.08338E-1 9.70608E-1 9.97913E-1 9.76935E-1 9.24604E-1 8.0882E-1 9.00141E-1 8.783E-1 6.92825E-1 7.93936E-1 8.77038E-1 8.78011E-1 9.62411E-1 9.50816E-1 9.67545E-1 8.2225E-1 6.47838E-1 7.19311E-1 8.23515E-1 8.24609E-1 6.77245E-1 4.25395E-1 3.40483E-1 3.30416E-1 6.32842E-1 6.34021E-1 8.19113E-1 9.69026E-1 9.50447E-1 9.92473E-1 9.93233E-1 9.31067E-1 9.17375E-1 9.43E-1 9.61213E-1 8.89986E-1 7.66494E-1 7.70346E-1 5.21022E-1 4.18947E-1
7.60426E-1 6.39324E-1 5.71101E-1 5.28393E-1 6.40433E-1 8.2095E-1 7.07203E-1 9.46822E-1 9.32193E-1 9.5009E-1 9.19593E-1 8.97669E-1 8.89889E-1 9.91524E-1 9.30551E-1 9.95485E-1 9.92219E-1 9.914E-1 9.97978E-1 9.90591E-1 9.88563E-1 9.86637E-1 9.99696E-1 9.95011E-1 9.92871E-1 9.78767E-1 9.94046E-1 9.39335E-1 9.92641E-1 9.98548E-1 9.82926E-1 9.87305E-1 8.82675E-1 8.06053E-1 9.23984E-1 7.1511E-1 9.00124E-1 8.8333E-1 8.64754E-1 9.70376E-1 9.801E-1 9.49661E-1 4.23614E-1 5.1234E-1 5.36209E-1 7.49046E-1 6.42593E-1 6.43004E-1 6.66257E-1 6.76096E-1 4.89745E-1 5.32992E-1 4.07907E-1 6.86502E-1 9.76423E-1 9.93659E-1 9.88589E-1 9.95307E-1 9.64848E-1 8.97948E-1 9.71968E-1 9.61334E-1 9.7266E-1 9.79914E-1 9.26189E-1 9.06309E-1 8.33093E-1
9.10361E-1 8.97231E-1 8.11459E-1 5.91891E-1 8.6877E-1 9.86296E-1 9.75716E-1 9.38412E-1 9.68266E-1 9.96151E-1 9.8961E-1 9.713E-1 9.73003E-1 9.5568E-1 9.76204E-1 9.88319E-1 9.99645E-1 9.74555E-1 9.94144E-1 9.94913E-1 9.86771E-1 9.95539E-1 9.99404E-1 9.98423E-1 9.98319E-1 9.9943E-1 9.99443E-1 9.93386E-1 9.9887E-1 9.97416E-1 9.92514E-1 9.97805E-1 9.32813E-1 6.92576E-1 8.525E-1 9.57184E-1 8.92471E-1 9.83369E-1 9.60067E-1 9.70817E-1 9.74618E-1 9.24445E-1 7.87476E-1 6.59531E-1 6.95741E-1 8.74041E-1 9.51423E-1 9.65506E-1 7.9602E-1 8.2699E-1 8.54381E-1 8.25809E-1 7.17514E-1 8.67426E-1 9.67739E-1 9.86469E-1 9.92425E-1 9.92849E-1 9.69871E-1 9.3008E-1 8.25448E-1 9.31759E-1 9.77995E-1 9.63164E-1 9.70724E-1 9.3161E-1 8.11752E-1
9.81465E-1 9.43071E-1 9.0762E-1 8.0952E-1 8.77902E-1 9.50243E-1 9.50053E-1 9.61748E-1 9.95353E-1 9.93762E-1 9.97222E-1 9.64972E-1 9.58021E-1 9.82671E-1 9.97641E-1 9.95581E-1 9.98314E-1 9.78623E-1 9.92089E-1 9.96335E-1 9.97998E-1 9.98803E-1 9.92599E-1 9.81591E-1 9.99556E-1 9.99838E-1 9.99833E-1 9.99478E-1 9.89894E-1 9.99582E-1 9.97097E-1 9.9873E-1 9.70727E-1 7.79777E-1 8.58812E-1 9.39935E-1 9.25303E-1 8.83703E-1 9.58685E-1 8.61046E-1 8.72623E-1 8.57935E-1 7.12755E-1 7.60184E-1 7.33434E-1 8.01678E-1 8.70672E-1 9.08723E-1 8.68013E-1 8.85699E-1 9.7605E-1 9.82493E-1 9.36405E-1 9.789E-1 9.93665E-1 9.96846E-1 9.91829E-1 9.95113E-1 9.75826E-1 9.62663E-1 7.47262E-1 6.63548E-1 6.96496E-1 8.74912E-1 9.02569E-1 9.38969E-1 8.71892E-1
9.65066E-1 8.68787E-1 8.15953E-1 7.70299E-1 9.55495E-1 9.79763E-1 9.81111E-1 9.6194E-1 9.91459E-1 9.98039E-1 9.98062E-1 9.95307E-1 9.93552E-1 9.95007E-1 9.95928E-1 9.96072E-1 9.96915E-1 9.83945E-1 9.95205E-1 9.96865E-1 9.90531E-1 9.98973E-1 9.97044E-1 9.76364E-1 9.9851E-1 9.9871E-1 9.99524E-1 9.98223E-1 9.85453E-1 9.95618E-1 9.98606E-1 9.95115E-1 9.98312E-1 9.36815E-1 9.27003E-1 8.0636E-1 8.26908E-1 9.09855E-1 9.14998E-1 8.80357E-1 6.33896E-1 7.21636E-1 9.06553E-1 7.91174E-1 8.77978E-1 7.68665E-1 7.55688E-1 9.48086E-1 7.50257E-1 8.07058E-1 9.12203E-1 8.94015E-1 9.56216E-1 9.97361E-1 9.83784E-1 9.79378E-1 9.30713E-1 9.21096E-1 9.80892E-1 7.31755E-1 8.36834E-1 6.05282E-1 5.79254E-1 6.54069E-1 8.81077E-1 8.65792E-1 9.19469E-1
9.64233E-1 9.65748E-1 9.45042E-1 7.94246E-1 9.63083E-1 9.96223E-1 9.95976E-1 9.76948E-1 9.94445E-1 9.98591E-1 9.98239E-1 9.97534E-1 9.96751E-1 9.98442E-1 9.9684E-1 9.99637E-1 9.98244E-1 9.96616E-1 9.80604E-1 9.85943E-1 9.97591E-1 9.97285E-1 9.86019E-1 9.88074E-1 9.92904E-1 9.90156E-1 9.99836E-1 9.99089E-1 9.96792E-1 9.90804E-1 9.99142E-1 9.9965E-1 9.77429E-1 9.74622E-1 8.04529E-1 9.33696E-1 7.79726E-1 9.47985E-1 9.44146E-1 9.05912E-1 8.43722E-1 8.85637E-1 8.66506E-1 9.12437E-1 8.92374E-1 8.13215E-1 9.6238E-1 9.55759E-1 9.7096E-1 9.43398E-1 9.93209E-1 9.62106E-1 9.51003E-1 9.87835E-1 9.61574E-1 9.84781E-1 9.72573E-1 9.47729E-1 9.74169E-1 7.34361E-1 4.6786E-1 3.72306E-1 5.32062E-1 8.61461E-1 8.91327E-1 9.24978E-1 7.56376E-1
9.68549E-1 9.59797E-1 9.69845E-1 9.59836E-1 9.41182E-1 9.53585E-1 9.77967E-1 9.82721E-1 9.88467E-1 9.98933E-1 9.98976E-1 9.99427E-1 9.97245E-1 9.97852E-1 9.99544E-1 9.96458E-1 9.99631E-1 9.93036E-1 9.99548E-1 9.99783E-1 9.95716E-1 9.98887E-1 9.96829E-1 9.94165E-1 9.95076E-1 9.99887E-1 9.99646E-1 9.99432E-1 9.99436E-1 9.93926E-1 9.94733E-1 9.39165E-1 9.36666E-1 9.61583E-1 9.87512E-1 9.94066E-1 8.76491E-1 9.76114E-1 9.80723E-1 9.58604E-1 9.82223E-1 8.65221E-1 6.4285E-1 9.47551E-1 9.5232E-1 9.9283E-1 9.91217E-1 9.56337E-1 9.99311E-1 8.97991E-1 9.22965E-1 8.96856E-1 9.33523E-1 9.1636E-1 8.31174E-1 9.5383E-1 9.32781E-1 9.37307E-1 9.44603E-1 9.35496E-1 4.12814E-1 5.31452E-1 4.81152E-1 7.35367E-1 7.89863E-1 8.87229E-1 7.98881E-1
9.35799E-1 9.76329E-1 9.4759E-1 9.90373E-1 9.91075E-1 9.9332E-1 9.96267E-1 9.99784E-1 9.98468E-1 9.99675E-1 9.95287E-1 9.97631E-1 9.99188E-1 9.97255E-1 9.97316E-1 9.96247E-1 9.98328E-1 9.92957E-1 9.86126E-1 9.90394E-1 9.96175E-1 9.98894E-1 9.94311E-1 9.92867E-1 9.98431E-1 9.99881E-1 9.99557E-1 9.99063E-1 9.89593E-1 9.99668E-1 9.58936E-1 9.96028E-1 9.94959E-1 9.91046E-1 9.88739E-1 9.99198E-1 9.9667E-1 9.85178E-1 9.90191E-1 9.80552E-1 9.72799E-1 9.84648E-1 8.60458E-1 8.71314E-1 9.89451E-1 9.69853E-1 9.86325E-1 9.88989E-1 9.88857E-1 9.87556E-1 8.84306E-1 8.00487E-1 8.54956E-1 7.86277E-1 9.2597E-1 9.69703E-1 9.69914E-1 9.4788E-1 9.65716E-1 9.94343E-1 6.49451E-1 3.69347E-1 5.58061E-1 8.76871E-1 7.97934E-1 8.54918E-1 8.27093E-1
9.76119E-1 9.58101E-1 9.96952E-1 9.50213E-1 9.95254E-1 9.99665E-1 9.99247E-1 9.99046E-1 9.99246E-1 9.99339E-1 9.9632E-1 9.94806E-1 9.92909E-1 9.92103E-1 9.97573E-1 9.99861E-1 9.97367E-1 9.97062E-1 9.96187E-1 9.4248E-1 9.86195E-1 9.89931E-1 9.99413E-1 9.98412E-1 9.99547E-1 9.97417E-1 9.99173E-1 9.95682E-1 9.80616E-1 9.98875E-1 9.94682E-1 9.6555E-1 9.61001E-1 9.95477E-1 9.9845E-1 9.80574E-1 9.86964E-1 9.72769E-1 9.85022E-1 9.89843E-1 9.95926E-1 9.84233E-1 9.42201E-1 9.55989E-1 8.2268E-1 8.16823E-1 9.9045E-1 9.89509E-1 9.95792E-1 9.83906E-1 9.98035E-1 9.88586E-1 8.96974E-1 9.63277E-1 9.7902E-1 9.89111E-1 9.13789E-1 9.62733E-1 9.80466E-1 9.5469E-1 6.56386E-1 6.53392E-1 7.89655E-1 8.53016E-1 6.72874E-1 7.37646E-1 7.61647E-1
9.90339E-1 9.99511E-1 9.994E-1 9.97982E-1 9.97318E-1 9.79313E-1 9.99657E-1 9.98195E-1 9.99248E-1 9.96742E-1 9.89764E-1 9.91929E-1 9.91402E-1 9.92839E-1 9.99421E-1 9.96945E-1 9.98704E-1 9.87072E-1 9.8804E-1 9.89905E-1 9.98766E-1 9.99246E-1 9.99776E-1 9.99979E-1 9.99579E-1 9.98747E-1 9.98734E-1 9.98611E-1 9.9778E-1 9.99957E-1 9.95039E-1 9.88794E-1 9.89358E-1 9.9352E-1 9.99554E-1 9.99362E-1 9.96849E-1 9.96803E-1 9.96506E-1 9.97657E-1 9.93168E-1 9.98681E-1 9.55722E-1 9.60258E-1 9.51113E-1 9.09239E-1 9.91328E-1 9.93436E-1 9.94261E-1 9.95105E-1 9.77801E-1 9.80361E-1 9.74217E-1 8.98899E-1 9.37657E-1 9.73741E-1 9.39034E-1 9.12008E-1 9.11784E-1 8.74308E-1 5.07801E-1 6.6636E-1 7.3638E-1 8.88397E-1 9.09726E-1 8.39689E-1 6.33851E-1
9.97353E-1 9.96435E-1 9.99529E-1 9.99982E-1 9.99215E-1 9.95001E-1 9.9889E-1 9.99115E-1 9.98911E-1 9.99368E-1 9.8478E-1 9.91195E-1 9.94199E-1 9.96761E-1 9.97597E-1 9.91899E-1 9.94683E-1 9.80523E-1 9.76506E-1 9.99609E-1 9.99956E-1 9.98745E-1 9.99711E-1 9.9941E-1 9.98338E-1 9.99104E-1 9.99987E-1 9.99532E-1 9.99539E-1 9.99612E-1 9.98852E-1 9.94552E-1 9.87592E-1 9.67086E-1 9.92131E-1 9.98094E-1 9.99297E-1 9.99241E-1 9.99671E-1 9.99345E-1 9.98769E-1 9.95814E-1 9.78773E-1 9.71312E-1 9.63719E-1 9.67336E-1 9.77647E-1 9.95994E-1 9.94777E-1 9.95275E-1 9.94544E-1 9.88568E-1 9.95824E-1 9.45997E-1 9.57958E-1 9.83864E-1 9.72323E-1 9.63486E-1 7.30244E-1 7.57312E-1 5.75077E-1 6.94099E-1 8.2594E-1 6.70055E-1 8.1688E-1 5.2917E-1 5.90135E-1
9.95907E-1 9.97335E-1 9.98225E-1 9.94442E-1 9.9857E-1 9.96826E-1 9.99415E-1 9.99546E-1 9.99866E-1 9.9755E-1 9.79479E-1 9.99175E-1 9.99007E-1 9.98815E-1 9.97507E-1 9.93716E-1 9.92328E-1 9.92289E-1 9.93064E-1 9.9731E-1 9.97974E-1 9.99962E-1 9.98238E-1 9.99865E-1 9.98515E-1 9.99198E-1 9.99821E-1 9.97698E-1 9.97961E-1 9.98848E-1 9.99947E-1 9.99807E-1 9.94171E-1 9.9733E-1 9.99508E-1 9.96489E-1 9.96848E-1 9.98955E-1 9.9971E-1 9.99585E-1 9.99835E-1 9.98224E-1 9.97178E-1 9.90912E-1 9.66089E-1 9.51624E-1 9.48651E-1 9.88752E-1 9.9718E-1 9.77982E-1 9.97183E-1 9.9505E-1 9.77296E-1 9.62296E-1 9.7244E-1 9.90139E-1 9.62637E-1 9.56513E-1 8.20454E-1 5.89884E-1 5.79176E-1 3.94632E-1 5.69084E-1 3.5572E-1 5.62404E-1 5.64975E-1 5.27526E-1
