ENM/Final_Models/M_0.8_F_q_Set_1_EC/Gustavia_santanderiensis_9_Choco.asc
ncols         367
nrows         963
xllcorner     -78.6
yllcorner     0.65
cellsize      0.00833333333333323
NODATA_value  -9999
[rows 480 to 509 of 963, columns 207 to 275 of 367]
9.99993E-1 9.99999E-1 1E0 9.99998E-1 1E0 9.99998E-1 9.99981E-1 1E0 1E0 9.99996E-1 9.99979E-1 1E0 1E0 9.99996E-1 1E0 9.99992E-1 1E0 9.99935E-1 9.99934E-1 9.99705E-1 9.99583E-1 9.99896E-1 9.99825E-1 9.99679E-1 9.99926E-1 9.99932E-1 9.99943E-1 9.99732E-1 9.84094E-1 9.74611E-1 9.55453E-1 8.57866E-1 8.80154E-1 8.83282E-1 6.50194E-1 3.49698E-1 4.14479E-1 3.77062E-1 6.45206E-1 4.60958E-1 5.23782E-1 4.89167E-1 4.25934E-1 3.18422E-1 4.63481E-1 2.46611E-1 2.2388E-1 4.60496E-2 1.19616E-1 7.73123E-2 2.08881E-1 5.20837E-1 1.07842E-1 6.81274E-1 6.6641E-1 9.2949E-1 6.20169E-1 1.08592E-1 7.30107E-2 1.02676E-1 2.87446E-1 3.24911E-1 1.07535E-1 1.43441E-1 1.79994E-1 3.76018E-2 6.79046E-3 1.25067E-2 3.06694E-3
9.99942E-1 9.99993E-1 9.99994E-1 1E0 9.99999E-1 1E0 1E0 1E0 1E0 9.99975E-1 9.99998E-1 1E0 1E0 1E0 1E0 9.99997E-1 9.99955E-1 9.99955E-1 9.99945E-1 1E0 9.99993E-1 9.99974E-1 9.99999E-1 9.99661E-1 9.99953E-1 9.98519E-1 9.99981E-1 9.99785E-1 9.96368E-1 9.97948E-1 9.90213E-1 8.92625E-1 7.51556E-1 8.46698E-1 5.22515E-1 8.39053E-1 3.13864E-1 4.67529E-1 7.42399E-1 7.61253E-1 1.64903E-1 1.05973E-1 3.82396E-1 4.64678E-1 7.27709E-1 8.59316E-1 8.78096E-2 1.86912E-1 3.07734E-1 2.0915E-1 1.01719E-1 3.90143E-1 1.78214E-1 2.56826E-1 3.56513E-1 8.34853E-1 8.54228E-1 1.6505E-1 7.58017E-2 1.64156E-1 4.80728E-1 5.31907E-1 1.89358E-1 9.68337E-2 6.70708E-2 1.20653E-2 1.61852E-2 8.9907E-3 3.54681E-3
9.99992E-1 9.99998E-1 9.99999E-1 1E0 1E0 9.99998E-1 1E0 1E0 9.99999E-1 9.99994E-1 9.99996E-1 9.99986E-1 9.99993E-1 1E0 1E0 9.99998E-1 9.99984E-1 9.99977E-1 9.99985E-1 9.99996E-1 9.99836E-1 9.99996E-1 9.99982E-1 9.99945E-1 9.99927E-1 9.98969E-1 9.99658E-1 9.99977E-1 9.75338E-1 9.95745E-1 9.99136E-1 8.01882E-1 8.69945E-1 4.87395E-1 5.94713E-1 8.51998E-1 7.74196E-1 8.89655E-1 8.2061E-1 8.06991E-1 8.19269E-1 3.3835E-1 2.91317E-1 3.23815E-1 9.75684E-1 6.54534E-1 7.97038E-1 7.37292E-1 5.86634E-1 2.37391E-1 3.50927E-1 5.67793E-1 3.59059E-1 4.13481E-1 2.83276E-1 7.57543E-1 9.52912E-1 4.84321E-1 2.102E-1 4.16069E-1 5.59684E-1 5.28883E-1 3.35683E-1 2.03413E-1 1.93784E-1 2.32762E-2 9.11436E-3 1.11106E-2 3.03426E-3
1E0 9.99997E-1 9.99998E-1 1E0 9.99999E-1 1E0 1E0 9.99999E-1 9.99989E-1 9.9999E-1 9.99993E-1 9.99997E-1 9.99998E-1 9.99988E-1 1E0 1E0 9.99999E-1 9.99996E-1 9.99998E-1 1E0 9.93068E-1 9.99986E-1 9.999E-1 9.99995E-1 9.99947E-1 9.99995E-1 9.99976E-1 9.99884E-1 9.98533E-1 9.90717E-1 9.89232E-1 9.88051E-1 7.04966E-1 6.58622E-1 6.96028E-1 9.54736E-1 8.13206E-1 5.63529E-1 6.88618E-1 8.95227E-1 7.36322E-1 9.4298E-1 9.67662E-1 9.60565E-1 9.05008E-1 9.89769E-1 9.6085E-1 6.97185E-1 4.13838E-1 6.60104E-1 9.8497E-1 9.49684E-1 3.93489E-1 2.22896E-1 1.46682E-1 5.21536E-1 5.25351E-1 6.22413E-1 1.18863E-1 8.15659E-2 8.72633E-2 8.15273E-2 7.82616E-2 1.67515E-1 1.13012E-1 8.01892E-2 2.58065E-2 2.14526E-2 1.99358E-3
9.99995E-1 9.99997E-1 9.9999E-1 9.99974E-1 1E0 1E0 1E0 1E0 9.99999E-1 1E0 9.99999E-1 9.99999E-1 9.99997E-1 1E0 1E0 1E0 1E0 1E0 1E0 1E0 1E0 9.99995E-1 9.98733E-1 9.97777E-1 9.98869E-1 9.99745E-1 9.99714E-1 9.79248E-1 9.37666E-1 9.99326E-1 9.98838E-1 8.94973E-1 9.01605E-1 9.18938E-1 7.18154E-1 8.92785E-1 8.49854E-1 6.11908E-1 8.51095E-1 9.65853E-1 9.92844E-1 9.76934E-1 9.92638E-1 9.99988E-1 9.99917E-1 9.53368E-1 9.85426E-1 8.40337E-1 2.89224E-1 3.52355E-1 9.11187E-1 9.84257E-1 7.39192E-1 6.92226E-1 4.83218E-1 4.37457E-1 1.22851E-1 1.14531E-1 6.25476E-1 1.39982E-1 1.87011E-1 3.42473E-1 3.30082E-1 3.7383E-1 8.28144E-2 2.8188E-2 5.32322E-2 7.51414E-4 1.06642E-2
1E0 1E0 9.99995E-1 1E0 1E0 9.99997E-1 1E0 9.99999E-1 1E0 1E0 1E0 1E0 9.99996E-1 1E0 1E0 1E0 9.99995E-1 9.99949E-1 9.99959E-1 9.99952E-1 9.99998E-1 9.99999E-1 9.99773E-1 9.99782E-1 9.9835E-1 9.99193E-1 9.98976E-1 8.87866E-1 9.95929E-1 9.84465E-1 9.99407E-1 9.99986E-1 9.87206E-1 9.55191E-1 9.33183E-1 8.94667E-1 9.4137E-1 8.9898E-1 9.57143E-1 9.97759E-1 9.82984E-1 9.67989E-1 9.35767E-1 9.99853E-1 9.96929E-1 9.99979E-1 9.99828E-1 9.04617E-1 3.25019E-1 2.40078E-1 5.79954E-1 9.61997E-1 8.99843E-1 2.74255E-1 5.17796E-1 3.23599E-1 1.95527E-1 4.08451E-1 3.70254E-1 2.90789E-1 3.29136E-1 4.20403E-1 3.81747E-1 2.76457E-1 6.34535E-2 2.78534E-2 2.25461E-3 1.96358E-3 7.14531E-3
9.99398E-1 9.99996E-1 9.99999E-1 1E0 9.99997E-1 1E0 1E0 9.99989E-1 9.99989E-1 1E0 1E0 1E0 1E0 1E0 9.99999E-1 9.99994E-1 9.99719E-1 9.99927E-1 9.99976E-1 9.99997E-1 9.99975E-1 1E0 9.99982E-1 9.99977E-1 9.99587E-1 9.99883E-1 9.99985E-1 9.99436E-1 9.97521E-1 9.99614E-1 9.5792E-1 9.25313E-1 9.23144E-1 9.09647E-1 7.42478E-1 8.40445E-1 9.14852E-1 8.78069E-1 9.40199E-1 9.94999E-1 9.95318E-1 9.96144E-1 9.99923E-1 9.9999E-1 9.95254E-1 9.64847E-1 9.77443E-1 8.55373E-1 6.3917E-1 4.73655E-1 3.10055E-1 2.96796E-1 4.72408E-1 7.72703E-1 2.75374E-1 2.04636E-1 2.39688E-1 2.55929E-1 2.58876E-1 7.83445E-1 2.63886E-1 2.23709E-1 1.0823E-1 8.3903E-2 7.44059E-2 2.43513E-2 8.56675E-3 6.62604E-3 5.36E-3
1E0 1E0 1E0 1E0 1E0 9.99984E-1 9.99904E-1 9.99957E-1 9.99964E-1 1E0 1E0 1E0 1E0 9.99999E-1 9.999E-1 9.99665E-1 9.99681E-1 9.99858E-1 9.99968E-1 9.99999E-1 9.99999E-1 9.99983E-1 9.99997E-1 1E0 1E0 9.99999E-1 9.99772E-1 9.66689E-1 9.75511E-1 9.9894E-1 9.97978E-1 9.83613E-1 8.0923E-1 8.84249E-1 6.1435E-1 5.82138E-1 9.33357E-1 9.2388E-1 9.34127E-1 9.05848E-1 9.62209E-1 9.93651E-1 9.99844E-1 9.99899E-1 9.02431E-1 2.65663E-1 8.76225E-2 1.00206E-1 2.76749E-1 2.42565E-1 1.6253E-1 7.17482E-2 5.08713E-2 1.17939E-1 1.92975E-1 4.05616E-1 1.38306E-1 1.73832E-1 1.49863E-1 3.88511E-1 2.20154E-1 8.27034E-2 6.6183E-2 2.04293E-2 2.01089E-2 4.2216E-2 4.29505E-3 3.12182E-3 2.455E-2
9.99944E-1 1E0 1E0 1E0 9.99999E-1 9.99968E-1 9.99981E-1 9.99988E-1 9.99995E-1 1E0 1E0 1E0 1E0 9.99998E-1 9.99994E-1 9.99987E-1 9.99998E-1 9.99948E-1 9.99969E-1 9.99992E-1 9.99999E-1 9.99999E-1 9.99997E-1 9.99994E-1 1E0 1E0 9.99949E-1 9.94523E-1 9.40327E-1 9.98663E-1 9.28776E-1 9.36E-1 9.34023E-1 6.95398E-1 6.4782E-1 5.60962E-1 9.9609E-1 9.13011E-1 9.7817E-1 9.80018E-1 9.95771E-1 9.83986E-1 9.99687E-1 9.99982E-1 9.31787E-1 4.81019E-1 7.18033E-2 4.83564E-2 4.672E-2 7.78022E-2 4.17693E-2 3.13366E-2 2.46157E-2 1.38797E-1 2.20427E-1 5.90696E-1 3.96215E-1 1.7254E-1 1.12958E-1 4.73727E-1 2.51776E-1 1.69765E-1 9.60466E-2 4.2683E-2 1.14425E-2 1.46656E-3 1.66233E-3 4.47953E-3 2.58279E-2
9.99833E-1 9.99999E-1 9.99995E-1 9.99999E-1 9.99995E-1 9.99987E-1 9.99997E-1 9.99997E-1 1E0 1E0 1E0 1E0 9.99963E-1 9.99883E-1 9.99981E-1 9.99997E-1 1E0 9.99995E-1 9.99995E-1 9.99996E-1 1E0 1E0 9.99986E-1 9.99995E-1 9.99994E-1 9.99999E-1 1E0 9.97774E-1 9.72712E-1 9.85507E-1 9.53546E-1 9.25829E-1 8.41279E-1 9.56503E-1 6.97579E-1 5.97655E-1 9.11809E-1 9.22086E-1 9.77772E-1 9.89018E-1 9.88272E-1 9.94175E-1 9.95827E-1 9.99587E-1 9.86301E-1 9.76696E-1 9.83586E-1 3.65955E-1 6.01839E-2 3.11456E-2 1.32176E-2 8.23046E-3 2.4989E-2 1.85029E-1 4.34661E-1 5.7872E-1 6.38491E-1 5.36358E-1 3.01829E-1 5.12419E-1 1.80166E-1 8.24505E-2 2.16965E-2 1.30545E-2 4.16715E-3 1.69631E-3 3.49538E-3 6.80989E-3 2.02035E-2
1E0 9.99999E-1 1E0 9.9998E-1 9.99999E-1 9.99993E-1 9.99993E-1 9.99989E-1 9.99998E-1 9.99999E-1 9.99994E-1 9.99983E-1 9.99991E-1 9.9998E-1 9.99988E-1 9.9994E-1 1E0 1E0 9.99999E-1 9.99997E-1 9.99991E-1 9.99997E-1 9.99988E-1 9.99929E-1 1E0 1E0 1E0 9.97516E-1 9.91225E-1 9.50089E-1 7.4826E-1 8.82546E-1 5.68629E-1 8.20642E-1 8.99886E-1 5.73063E-1 9.72395E-1 9.97319E-1 9.93308E-1 9.97991E-1 9.99935E-1 9.99876E-1 9.6968E-1 9.98301E-1 9.99987E-1 9.99029E-1 9.99807E-1 9.96782E-1 9.32128E-1 8.75584E-2 1.46607E-2 1.4908E-2 3.89208E-2 2.21008E-1 5.72227E-1 7.4482E-1 6.73516E-1 5.33223E-1 2.91312E-1 1.71236E-1 1.34398E-1 3.00261E-2 5.41295E-2 3.11105E-3 1.23497E-3 2.45517E-3 6.52742E-3 9.61978E-3 1.7229E-2
1E0 9.99997E-1 9.9998E-1 9.99999E-1 9.99988E-1 1E0 1E0 9.99997E-1 9.99996E-1 1E0 1E0 1E0 9.99977E-1 9.99958E-1 9.98633E-1 9.99987E-1 9.99976E-1 9.99989E-1 1E0 9.99999E-1 9.99992E-1 9.99999E-1 1E0 9.99999E-1 9.99999E-1 9.99999E-1 9.99998E-1 9.99967E-1 9.73326E-1 9.54043E-1 7.81787E-1 5.45986E-1 6.2781E-1 6.71986E-1 9.34113E-1 5.65236E-1 9.78027E-1 9.99285E-1 9.91164E-1 9.40988E-1 8.29316E-1 9.91528E-1 9.03603E-1 6.53692E-1 6.78678E-1 3.05295E-1 3.17776E-1 5.23025E-1 6.46062E-1 4.38394E-1 8.31881E-2 1.06547E-1 1.0689E-1 3.54227E-1 5.53355E-1 4.39348E-1 2.30794E-1 1.95363E-1 8.33976E-2 3.45867E-2 4.92383E-2 4.17887E-2 2.17918E-3 2.60786E-3 3.35131E-3 4.96228E-3 1.59873E-2 7.25208E-3 4.56627E-2
9.99974E-1 9.99997E-1 9.99999E-1 9.99984E-1 9.99998E-1 9.99997E-1 9.99996E-1 9.99341E-1 9.99998E-1 9.99999E-1 9.99999E-1 1E0 9.99996E-1 9.99997E-1 9.96609E-1 9.99212E-1 9.99995E-1 1E0 9.99999E-1 9.99999E-1 9.99997E-1 1E0 1E0 1E0 1E0 1E0 9.99994E-1 9.83784E-1 8.78459E-1 7.44847E-1 7.00456E-1 8.16019E-1 5.52545E-1 7.51939E-1 3.55266E-1 8.41913E-1 9.98535E-1 9.99973E-1 9.99949E-1 9.98982E-1 9.92924E-1 9.9862E-1 9.96516E-1 3.99989E-1 1.77923E-1 6.91519E-2 1.51299E-2 1.19791E-2 2.6942E-2 4.71324E-2 1.17159E-2 4.22643E-2 9.48826E-2 9.96464E-2 2.41622E-1 2.08178E-1 1.1915E-1 6.57963E-2 2.5245E-2 8.32265E-3 1.69432E-2 2.47015E-2 1.21914E-3 5.82748E-3 3.64918E-3 1.7328E-2 1.19676E-2 3.55512E-2 4.50333E-2
9.99998E-1 9.99965E-1 9.99991E-1 1E0 9.99989E-1 9.99996E-1 9.99992E-1 9.99842E-1 9.99994E-1 1E0 1E0 9.99999E-1 1E0 9.99997E-1 9.99807E-1 9.96253E-1 9.99981E-1 1E0 9.99993E-1 1E0 9.99997E-1 1E0 1E0 1E0 1E0 9.99998E-1 9.99996E-1 9.99557E-1 9.7174E-1 9.54967E-1 9.37583E-1 9.03965E-1 7.76364E-1 7.04488E-1 5.31876E-1 9.97481E-1 9.99796E-1 9.99812E-1 9.99917E-1 9.99956E-1 9.96761E-1 9.85647E-1 9.94126E-1 8.6598E-1 5.24285E-1 1.3288E-1 1.66994E-2 1.52652E-2 3.55926E-3 8.00515E-3 8.1974E-3 8.88411E-3 1.90803E-2 3.01759E-2 1.44902E-1 1.45436E-1 9.08944E-2 1.85874E-2 1.79628E-2 1.787E-2 2.81816E-2 1.56652E-3 1.10298E-3 6.93227E-3 1.00067E-2 2.26907E-2 4.74718E-3 3.39493E-2 8.23143E-2
9.99988E-1 9.99991E-1 9.99981E-1 9.99888E-1 9.99957E-1 1E0 9.99999E-1 9.99997E-1 9.99992E-1 9.99996E-1 1E0 1E0 1E0 9.99917E-1 9.99999E-1 9.99269E-1 9.99918E-1 9.99998E-1 1E0 9.99995E-1 1E0 1E0 1E0 1E0 9.99985E-1 1E0 1E0 9.99995E-1 9.98789E-1 9.9369E-1 8.89531E-1 9.54166E-1 6.75381E-1 5.8628E-1 8.45398E-1 9.97069E-1 9.99995E-1 9.98922E-1 9.9894E-1 9.96184E-1 7.80156E-1 1.90135E-1 6.0557E-1 9.76082E-1 7.58812E-1 1.73876E-1 7.2481E-2 2.85298E-2 3.4522E-3 5.05277E-3 7.84908E-3 9.7561E-3 1.18077E-2 1.01382E-2 9.15412E-2 5.85471E-2 2.45859E-2 2.89113E-2 1.82635E-2 2.82192E-3 6.66684E-3 2.42902E-3 3.06663E-3 3.30068E-3 2.72221E-2 1.21512E-2 2.89786E-3 2.05848E-2 2.03338E-1
9.99981E-1 9.99931E-1 9.99981E-1 9.99979E-1 9.99929E-1 1E0 9.99992E-1 9.99998E-1 9.9995E-1 9.99999E-1 1E0 9.99999E-1 1E0 1E0 9.99994E-1 9.99186E-1 9.99477E-1 9.99999E-1 1E0 1E0 1E0 1E0 1E0 9.99995E-1 1E0 1E0 1E0 9.99997E-1 9.99933E-1 9.90507E-1 9.35771E-1 9.43012E-1 6.16001E-1 6.46679E-1 8.59867E-1 9.99941E-1 9.99917E-1 9.98163E-1 9.48417E-1 3.76923E-1 7.07726E-2 9.02176E-2 3.08658E-1 8.72326E-1 1.60074E-1 1.26582E-1 4.52307E-2 3.03507E-2 8.5646E-3 1.00923E-2 9.82951E-3 1.26518E-2 2.42823E-2 1.72999E-2 4.07875E-2 7.82981E-3 6.50123E-3 4.49821E-3 7.32389E-4 2.75357E-3 1.75199E-2 1.06715E-2 2.0856E-2 1.39927E-2 5.88104E-3 1.4606E-2 1.91709E-3 8.37109E-2 1.22516E-1
9.99806E-1 9.99948E-1 9.99996E-1 1E0 9.99997E-1 1E0 9.99987E-1 9.99981E-1 9.99997E-1 9.99995E-1 1E0 1E0 1E0 1E0 1E0 1E0 9.99998E-1 9.99994E-1 9.99937E-1 9.99999E-1 1E0 1E0 1E0 1E0 1E0 1E0 1E0 9.99998E-1 9.99964E-1 9.71843E-1 9.82454E-1 9.66551E-1 9.64113E-1 9.95534E-1 9.97082E-1 9.99763E-1 9.98256E-1 9.81311E-1 8.40153E-1 4.31246E-1 1.10761E-1 1.50926E-1 5.35319E-1 7.41936E-1 4.17926E-1 2.7288E-1 1.11539E-1 3.63385E-2 2.70037E-2 4.72962E-2 4.88481E-2 5.68665E-2 6.09075E-2 4.18387E-2 8.06408E-3 3.92016E-3 6.19916E-4 3.48899E-3 4.42673E-3 3.66981E-3 1.87296E-2 6.9668E-3 2.02003E-2 1.48413E-2 1.94335E-2 2.54133E-2 1.07135E-2 1.17974E-1 3.89676E-2
9.999E-1 9.99992E-1 9.99963E-1 9.99986E-1 9.99968E-1 9.99987E-1 1E0 1E0 9.99984E-1 1E0 9.99996E-1 1E0 1E0 1E0 9.99997E-1 1E0 9.99997E-1 9.99629E-1 9.99893E-1 9.97052E-1 9.92276E-1 9.98384E-1 9.99953E-1 9.9996E-1 9.99991E-1 9.99999E-1 9.99995E-1 9.99999E-1 9.99999E-1 9.99292E-1 9.80279E-1 9.98986E-1 9.96591E-1 9.9787E-1 9.99535E-1 9.9994E-1 9.98962E-1 9.9657E-1 9.53274E-1 7.6895E-1 9.29137E-1 9.87083E-1 9.99741E-1 9.95293E-1 9.94425E-1 9.96965E-1 9.14262E-1 3.93505E-1 1.6356E-1 3.02494E-1 1.27119E-1 3.67939E-2 4.56617E-2 1.42923E-2 5.42348E-3 1.75549E-3 1.86212E-3 2.18847E-3 8.53514E-3 1.27152E-2 4.13569E-2 1.4792E-2 1.81658E-2 1.32574E-2 1.16154E-2 6.03649E-3 5.67337E-2 5.68744E-2 7.8011E-2
9.99989E-1 9.99932E-1 9.99902E-1 9.99956E-1 9.99932E-1 9.99992E-1 1E0 1E0 9.99994E-1 9.99999E-1 9.99996E-1 1E0 1E0 1E0 1E0 1E0 9.99995E-1 9.99829E-1 9.97682E-1 9.99987E-1 9.99974E-1 9.99593E-1 9.99982E-1 9.99919E-1 9.99907E-1 9.99975E-1 9.99994E-1 9.99917E-1 1E0 9.91493E-1 9.91186E-1 9.91015E-1 9.99321E-1 9.99639E-1 9.99493E-1 9.9964E-1 9.99995E-1 9.99982E-1 9.79036E-1 9.48236E-1 9.95257E-1 9.98782E-1 9.78061E-1 9.88921E-1 9.86814E-1 8.62374E-1 6.90058E-1 6.91958E-2 2.30655E-2 2.62415E-2 7.49513E-2 2.41899E-2 9.56109E-3 2.67657E-2 2.32026E-3 1.01946E-3 4.35325E-3 1.12571E-2 1.37181E-2 3.22513E-2 2.66119E-2 4.57516E-2 9.24047E-3 1.49773E-2 3.08175E-3 5.15085E-2 8.0292E-2 6.7246E-2 2.33325E-2
9.99998E-1 9.99998E-1 9.99998E-1 9.99999E-1 9.99997E-1 1E0 1E0 1E0 9.99998E-1 1E0 9.99999E-1 9.99999E-1 1E0 1E0 1E0 1E0 1E0 9.99992E-1 9.99997E-1 9.99698E-1 9.99421E-1 9.9936E-1 9.98906E-1 9.99863E-1 9.99767E-1 9.99988E-1 9.99998E-1 9.99983E-1 9.99709E-1 9.82411E-1 9.661E-1 9.99448E-1 9.99278E-1 9.98861E-1 9.99461E-1 9.99958E-1 9.99993E-1 9.9999E-1 9.99638E-1 9.99706E-1 9.99692E-1 9.96912E-1 9.70286E-1 7.7369E-1 8.19331E-1 8.36033E-1 5.61679E-1 5.06426E-2 8.29536E-3 2.47023E-2 4.08415E-2 1.95864E-2 7.49752E-3 2.35047E-2 2.65313E-2 1.48638E-2 1.09186E-2 1.43934E-2 2.71159E-2 9.02276E-3 6.52688E-3 4.53932E-2 2.32156E-2 2.46488E-2 2.89576E-2 1.49144E-1 3.2566E-2 1.77467E-2 1.94392E-2
1E0 1E0 9.99999E-1 9.99978E-1 9.99963E-1 1E0 1E0 1E0 9.99999E-1 1E0 9.99995E-1 9.99999E-1 1E0 1E0 9.99999E-1 9.99998E-1 9.99997E-1 9.99998E-1 9.99969E-1 9.99996E-1 9.99999E-1 9.99835E-1 9.99541E-1 9.9979E-1 9.99922E-1 9.98928E-1 9.99122E-1 9.99995E-1 9.99858E-1 8.90018E-1 9.4266E-1 9.65694E-1 9.85686E-1 9.99909E-1 9.99734E-1 9.997E-1 9.98408E-1 9.99946E-1 9.99805E-1 9.98997E-1 9.74621E-1 5.09576E-1 2.23318E-1 7.43415E-2 6.14105E-2 6.68607E-2 4.42343E-2 3.90843E-2 3.87019E-2 4.48948E-2 1.17313E-2 6.34755E-3 7.65978E-3 2.54181E-2 4.10089E-2 9.52241E-2 1.85097E-2 5.28587E-2 4.67116E-2 1.80022E-2 4.4002E-2 1.08096E-1 1.37998E-1 8.41781E-2 5.17739E-2 6.39346E-2 1.40064E-2 6.12315E-3 2.11679E-2
9.99999E-1 9.99998E-1 9.99999E-1 9.99996E-1 1E0 1E0 1E0 1E0 1E0 9.99999E-1 1E0 9.99999E-1 1E0 1E0 1E0 1E0 9.99968E-1 9.99986E-1 9.99996E-1 9.9992E-1 9.99997E-1 9.99911E-1 9.92693E-1 9.99809E-1 9.99986E-1 9.99911E-1 9.98883E-1 9.99997E-1 9.99082E-1 9.41968E-1 7.42718E-1 9.78551E-1 9.79534E-1 9.97237E-1 9.97983E-1 9.99807E-1 9.98265E-1 9.57338E-1 8.50544E-1 8.64459E-1 5.04439E-1 1.78508E-1 8.44723E-2 2.76735E-2 2.3749E-2 6.72627E-2 2.51296E-2 1.32384E-2 9.83057E-3 2.66386E-2 5.73666E-3 1.48814E-2 3.29826E-2 3.96537E-2 6.81167E-2 9.82232E-2 7.2358E-2 1.69475E-2 3.80699E-2 2.1084E-2 1.71831E-1 1.46859E-1 7.11396E-2 2.56343E-2 1.22642E-2 9.40063E-3 1.08928E-2 1.52497E-3 2.31683E-2
9.99997E-1 9.99996E-1 1E0 9.99976E-1 9.99997E-1 9.99999E-1 9.99998E-1 9.99998E-1 9.99998E-1 1E0 1E0 1E0 9.99997E-1 1E0 1E0 1E0 9.9999E-1 9.99983E-1 9.99998E-1 9.99792E-1 9.99918E-1 9.99826E-1 9.99999E-1 9.9998E-1 9.99986E-1 9.99986E-1 9.99937E-1 9.99943E-1 9.99998E-1 8.88751E-1 7.49862E-1 9.62131E-1 9.98581E-1 9.97382E-1 9.99768E-1 9.9991E-1 9.97212E-1 9.32681E-1 6.64484E-1 3.56158E-1 1.0813E-1 9.77219E-2 5.33467E-2 2.10011E-2 1.86242E-2 4.1417E-2 1.90366E-2 2.61289E-2 1.58781E-2 1.01955E-2 1.1533E-2 1.4263E-2 2.97318E-2 5.66499E-2 2.37382E-2 1.33217E-1 5.99635E-2 2.06427E-2 7.24924E-2 6.9294E-2 7.64433E-2 9.41724E-2 7.22468E-2 1.32785E-1 1.56987E-2 2.41748E-2 2.30227E-2 2.91644E-2 2.0772E-2
9.99979E-1 9.99953E-1 1E0 1E0 9.99998E-1 1E0 9.99999E-1 1E0 9.99998E-1 9.99988E-1 1E0 1E0 1E0 1E0 1E0 9.99999E-1 1E0 9.99993E-1 1E0 9.99999E-1 9.99996E-1 9.99998E-1 9.99999E-1 9.99958E-1 9.96884E-1 9.99003E-1 9.98905E-1 9.99031E-1 9.99193E-1 9.53505E-1 9.5813E-1 9.99451E-1 9.99999E-1 1E0 9.99883E-1 9.99898E-1 9.99789E-1 9.21978E-1 9.73313E-1 7.93395E-1 8.58485E-1 2.41344E-1 6.56108E-2 1.68031E-2 2.36816E-2 2.85768E-2 3.69148E-2 3.47451E-2 5.55765E-2 4.66688E-2 2.22745E-2 2.59852E-2 4.65185E-2 8.41988E-2 3.12658E-2 1.50215E-1 1.3628E-2 8.61089E-2 1.82984E-1 7.79104E-2 3.13066E-3 4.20118E-2 4.294E-2 1.05701E-2 1.03874E-2 8.23488E-3 4.67132E-2 7.51771E-2 5.486E-3
9.9972E-1 9.99894E-1 9.99966E-1 9.99999E-1 9.99987E-1 1E0 9.99999E-1 1E0 1E0 9.99996E-1 9.99999E-1 9.99935E-1 9.99989E-1 9.97991E-1 9.99994E-1 9.9971E-1 1E0 9.99965E-1 9.99999E-1 1E0 9.99984E-1 9.99964E-1 9.99783E-1 1E0 9.99995E-1 9.99991E-1 9.99975E-1 9.99982E-1 9.99667E-1 9.98471E-1 9.99989E-1 9.99942E-1 1E0 9.99988E-1 9.9804E-1 9.99636E-1 9.98196E-1 9.97747E-1 9.96703E-1 8.98745E-1 8.74171E-1 9.56507E-2 3.14036E-2 3.66555E-2 3.11508E-2 4.8806E-2 6.32063E-2 7.06617E-2 3.73227E-2 1.15688E-1 1.12468E-1 3.84996E-2 6.23906E-2 6.00663E-2 1.17744E-1 7.73672E-2 4.70974E-1 2.64936E-1 1.78354E-1 5.96085E-2 1.56322E-2 5.14967E-3 7.00586E-3 4.29038E-3 3.80764E-3 5.29889E-3 7.03263E-3 2.96048E-3 1.41121E-2
9.9999E-1 9.99993E-1 9.99813E-1 9.99999E-1 9.99917E-1 9.9941E-1 9.99999E-1 9.99999E-1 9.99999E-1 9.99997E-1 9.99996E-1 9.99927E-1 9.99999E-1 1E0 1E0 1E0 1E0 1E0 1E0 1E0 9.99854E-1 9.97476E-1 9.95129E-1 9.97807E-1 9.94587E-1 9.98473E-1 9.99618E-1 9.9981E-1 9.99443E-1 9.99561E-1 9.99103E-1 9.99882E-1 9.99999E-1 9.99977E-1 9.99949E-1 9.98685E-1 9.7759E-1 9.99066E-1 9.88146E-1 7.67298E-1 3.5522E-1 8.49352E-2 3.08194E-2 3.70033E-2 3.14424E-2 1.53874E-1 2.53706E-1 1.07349E-1 8.31965E-2 1.38891E-1 1.36131E-1 1.46383E-1 5.79947E-2 7.50216E-2 6.01684E-2 4.29975E-1 3.5832E-1 1.01048E-1 1.0011E-1 6.37995E-2 7.90769E-3 2.36639E-2 2.73158E-3 1.81245E-3 1.68286E-2 2.06726E-3 3.51611E-3 1.48778E-2 6.37647E-3
9.99993E-1 9.99004E-1 9.99724E-1 9.9996E-1 9.99995E-1 9.99464E-1 9.99822E-1 9.99936E-1 9.99995E-1 1E0 9.99974E-1 9.9567E-1 1E0 1E0 9.99997E-1 1E0 9.99999E-1 9.99948E-1 1E0 9.99998E-1 1E0 1E0 9.99989E-1 9.99988E-1 9.99951E-1 9.9478E-1 9.70872E-1 9.95184E-1 9.99491E-1 9.99471E-1 9.99821E-1 9.9915E-1 1E0 1E0 9.99998E-1 1E0 9.9906E-1 9.99498E-1 9.98387E-1 9.01298E-1 7.14795E-1 2.30332E-1 6.67923E-2 3.0472E-2 3.09422E-2 2.67316E-1 4.15648E-1 8.11465E-2 7.25215E-2 8.03016E-2 1.60188E-1 6.63584E-2 2.88353E-2 9.11584E-2 3.24068E-1 3.62313E-1 2.51533E-1 1.67863E-2 1.38314E-2 1.16829E-2 1.21817E-1 5.2306E-2 1.20151E-2 1.74701E-3 1.03624E-3 2.86366E-3 3.99154E-3 2.71884E-3 2.82445E-3
9.99938E-1 9.99601E-1 9.99849E-1 9.99902E-1 9.99999E-1 9.99968E-1 9.99905E-1 9.99804E-1 9.99889E-1 9.99941E-1 9.9903E-1 9.97357E-1 1E0 1E0 9.99983E-1 1E0 1E0 9.99985E-1 9.99998E-1 1E0 1E0 1E0 1E0 1E0 9.99994E-1 9.95144E-1 9.35255E-1 9.4417E-1 9.77942E-1 9.99812E-1 9.9942E-1 9.99238E-1 9.9994E-1 9.99948E-1 9.99999E-1 9.99874E-1 9.96469E-1 9.89746E-1 8.9728E-1 5.60684E-1 4.88344E-1 1.59199E-1 5.6137E-2 8.34576E-2 6.17315E-2 5.16355E-1 5.09382E-1 1.15189E-1 6.75434E-2 4.61913E-2 5.08343E-2 5.93875E-2 2.49259E-1 2.38834E-2 4.38706E-1 2.43319E-1 2.34301E-2 2.2267E-2 1.20226E-2 2.66752E-2 3.31327E-2 6.29345E-3 7.41619E-3 1.50968E-3 8.47197E-4 1.47928E-3 6.20168E-3 2.97202E-3 2.56354E-3
9.99914E-1 9.99591E-1 9.99867E-1 9.99987E-1 9.99981E-1 1E0 9.99929E-1 9.99512E-1 9.99815E-1 9.99998E-1 9.99983E-1 9.99993E-1 9.99986E-1 9.9954E-1 9.99967E-1 9.99885E-1 1E0 9.99836E-1 9.99997E-1 1E0 1E0 1E0 1E0 1E0 9.99987E-1 9.99863E-1 9.9466E-1 9.98917E-1 9.88717E-1 9.99755E-1 9.99723E-1 9.99962E-1 9.99899E-1 9.99791E-1 9.94605E-1 9.99581E-1 9.52902E-1 9.7576E-1 8.99471E-1 2.98739E-1 2.62805E-1 1.24022E-1 1.34864E-1 3.87248E-1 4.48574E-1 8.67947E-1 4.63693E-1 1.62E-1 8.39261E-2 9.91862E-2 4.08069E-2 1.05409E-1 7.60693E-2 2.91315E-1 4.05197E-1 3.29798E-1 2.33821E-2 2.11931E-2 5.61873E-2 3.52029E-2 1.0314E-2 8.18003E-4 3.7618E-4 2.98513E-4 1.34953E-3 4.1808E-3 5.48172E-3 6.39448E-3 2.62859E-3
9.98333E-1 9.9994E-1 9.9986E-1 9.99674E-1 9.99829E-1 9.99999E-1 9.99999E-1 9.98122E-1 9.98408E-1 9.99335E-1 9.99566E-1 9.97072E-1 9.99981E-1 9.97867E-1 9.99785E-1 9.99648E-1 9.99915E-1 9.98741E-1 9.96665E-1 9.99949E-1 9.99997E-1 9.99992E-1 9.99988E-1 9.99829E-1 9.99955E-1 9.99919E-1 9.94027E-1 9.93388E-1 9.99952E-1 9.95943E-1 9.99299E-1 9.99972E-1 9.99914E-1 9.99696E-1 9.76237E-1 9.63184E-1 7.78951E-1 7.31216E-1 8.61086E-1 7.85737E-1 5.03819E-1 2.53695E-1 1.40163E-1 4.16118E-1 6.40174E-1 5.80689E-1 7.06589E-2 7.3287E-2 1.88182E-2 2.89331E-2 1.88183E-1 2.03139E-1 1.65914E-1 9.53786E-2 4.67856E-2 4.73655E-2 6.88388E-2 1.33969E-1 1.36469E-1 6.0409E-2 3.51018E-3 3.36867E-3 8.53158E-4 1.82532E-3 3.32647E-3 8.7283E-3 4.91388E-3 6.35097E-3 -9999
