ENM/Final_Models/M_0.8_F_q_Set_1_EC/Gustavia_santanderiensis_5_Choco_novel.asc
ncols         367
nrows         963
xllcorner     -78.6
yllcorner     0.65
cellsize      0.00833333333333323
NODATA_value  -9999
[rows 120 to 149 of 963, columns 136 to 203 of 367]
-9999 -9999 -9999 -9999 -9999 -9999 -9999 -9999 -9999 -9999 -9999 1.581E1 1.581E1 1.26959E1 9.80138E0 9.80138E0 7.22627E0 8.86316E0 5.48957E0 7.22627E0 3.01427E0 6.84699E0 9.50195E0 4.17207E0 7.60555E0 1.22767E1 2.05609E1 2.14393E1 1.75866E1 2.14393E1 2.14393E1 1.90837E1 1.19373E1 1.90837E1 1.53508E1 1.90837E1 1.40932E1 1.40932E1 1.40932E1 1.40333E1 1.40932E1 1.40932E1 1.40932E1 1.40932E1 1.40932E1 1.17577E1 1.17577E1 1.17577E1 1.17577E1 1.17577E1 1.01407E1 1.01407E1 1.01407E1 1.01407E1 8.76335E0 8.76335E0 8.76335E0 8.76335E0 7.86506E0 7.86506E0 7.86506E0 7.86506E0 7.86506E0 7.86506E0 7.86506E0 7.86506E0 7.86506E0 7.86506E0
-9999 -9999 -9999 -9999 -9999 -9999 -9999 -9999 -9999 -9999 1.26959E1 1.26959E1 9.80138E0 9.80138E0 9.80138E0 1.85248E1 5.68919E0 1.43727E0 7.22627E0 1.32947E1 7.22627E0 7.22627E0 7.22627E0 9.82134E0 1.26959E1 2.43537E1 2.14393E1 2.14393E1 1.78461E1 2.14393E1 2.14393E1 1.90837E1 1.90837E1 1.90837E1 1.90837E1 1.87244E1 1.65286E1 1.65286E1 1.40932E1 1.40932E1 1.33546E1 1.40932E1 1.40932E1 1.40932E1 1.17577E1 1.17577E1 1.17577E1 1.17577E1 1.17577E1 1.17577E1 1.17577E1 1.01407E1 1.01407E1 1.01407E1 1.01407E1 8.76335E0 8.76335E0 8.76335E0 8.76335E0 8.76335E0 7.86506E0 7.86506E0 7.86506E0 7.86506E0 7.86506E0 7.86506E0 7.86506E0 7.86506E0
-9999 -9999 -9999 -9999 -9999 -9999 -9999 -9999 -9999 1.26959E1 1.24963E1 9.80138E0 9.80138E0 9.80138E0 9.80138E0 1.26959E1 1.17976E1 1.17976E1 1.26959E1 4.45154E0 9.50195E0 7.22627E0 5.90877E0 7.22627E0 7.22627E0 1.26959E1 2.14393E1 1.4752E1 1.17976E1 2.14393E1 2.14393E1 1.90837E1 1.90837E1 1.90837E1 1.90837E1 1.90837E1 1.90837E1 1.65286E1 1.40932E1 1.40932E1 1.40932E1 1.10989E1 1.40932E1 1.40932E1 1.17577E1 1.17577E1 1.17577E1 1.17577E1 1.17577E1 1.17577E1 1.17577E1 1.01407E1 1.01407E1 1.01407E1 1.01407E1 8.76335E0 8.76335E0 8.76335E0 8.76335E0 8.76335E0 8.76335E0 8.76335E0 8.76335E0 8.76335E0 8.76335E0 8.76335E0 8.76335E0 7.86506E0
-9999 -9999 -9999 -9999 -9999 -9999 -9999 -9999 -9999 1.40333E1 9.80138E0 9.80138E0 9.80138E0 9.80138E0 9.80138E0 1.24164E1 1.61294E1 1.26959E1 9.80138E0 9.80138E0 7.22627E0 3.59317E0 1.34944E1 7.366E0 1.83851E1 1.49316E1 3.19393E0 1.90837E1 1.90837E1 1.96626E1 1.90837E1 1.90837E1 1.90837E1 1.90837E1 1.90837E1 1.65286E1 1.65286E1 1.40932E1 1.40932E1 1.40932E1 1.40932E1 1.40932E1 1.12786E1 1.08394E1 1.17577E1 1.17577E1 1.17577E1 1.17577E1 1.17577E1 1.17577E1 1.17577E1 1.17577E1 1.01407E1 1.01407E1 1.01407E1 8.76335E0 8.76335E0 8.76335E0 8.76335E0 8.76335E0 7.86506E0 8.76335E0 8.76335E0 8.76335E0 8.76335E0 8.76335E0 8.76335E0 8.76335E0
-9999 -9999 -9999 -9999 -9999 -9999 -9999 -9999 1.581E1 2.14393E1 1.26959E1 1.85248E1 1.85248E1 9.80138E0 9.80138E0 9.60176E0 1.26959E1 1.17177E1 5.60934E0 9.80138E0 9.80138E0 7.16638E0 7.22627E0 6.26809E0 1.95029E1 7.22627E0 7.22627E0 1.64288E1 1.55904E1 2.14393E1 1.90837E1 1.581E1 1.90837E1 1.90837E1 1.90837E1 1.65286E1 1.40932E1 1.40932E1 1.01607E1 1.40932E1 1.40932E1 1.40932E1 1.40932E1 1.40932E1 1.17577E1 1.17577E1 1.17577E1 1.17577E1 1.17577E1 1.17577E1 1.17577E1 1.17577E1 1.01407E1 1.01407E1 1.01407E1 1.01407E1 8.76335E0 8.76335E0 8.76335E0 8.76335E0 8.76335E0 8.66354E0 8.76335E0 8.76335E0 8.76335E0 8.76335E0 8.76335E0 8.76335E0
-9999 -9999 -9999 -9999 -9999 -9999 -9999 1.26959E1 1.581E1 2.17387E1 1.581E1 1.26959E1 1.31151E1 9.02286E0 9.80138E0 9.80138E0 1.26959E1 1.91037E1 1.26959E1 1.02405E1 1.26959E1 7.22627E0 6.88691E0 1.581E1 2.14393E1 1.44525E1 1.45124E1 1.56503E1 5.48957E0 1.90837E1 1.90837E1 1.90837E1 1.90837E1 1.90837E1 1.90837E1 1.65286E1 1.40932E1 1.40932E1 1.16379E1 1.19573E1 1.40932E1 1.30352E1 1.40932E1 1.40932E1 1.40932E1 1.40932E1 1.17577E1 1.17577E1 1.17577E1 1.17577E1 1.17577E1 1.17577E1 1.01407E1 1.01407E1 1.01407E1 1.01407E1 8.76335E0 8.76335E0 8.76335E0 8.76335E0 8.76335E0 8.76335E0 8.76335E0 8.76335E0 8.76335E0 8.76335E0 8.76335E0 8.76335E0
-9999 -9999 -9999 -9999 -9999 7.16638E0 4.4715E0 1.24164E1 1.581E1 2.17387E1 1.581E1 1.97026E1 1.21369E1 9.24244E0 1.26959E1 4.93063E0 7.40593E0 1.26959E1 1.26959E1 1.26959E1 1.26959E1 8.34415E0 5.01048E0 7.22627E0 5.11029E0 4.31181E0 1.0001E1 1.24563E1 4.55135E0 1.90837E1 1.65286E1 1.65286E1 1.90837E1 1.90837E1 1.65286E1 1.65286E1 1.40932E1 1.29354E1 9.18255E0 1.17377E1 1.40932E1 1.39335E1 1.40932E1 1.40932E1 1.40932E1 1.40932E1 1.40932E1 1.17577E1 1.17577E1 1.17577E1 1.17577E1 1.17577E1 1.01407E1 1.01407E1 1.01407E1 1.01407E1 8.76335E0 8.76335E0 8.76335E0 8.76335E0 8.76335E0 8.76335E0 8.76335E0 8.76335E0 8.76335E0 8.76335E0 8.76335E0 1.01407E1
-9999 -9999 1.90837E1 1.15381E1 1.64088E1 1.90837E1 1.85248E1 1.581E1 2.17387E1 1.37738E1 1.96227E1 1.16579E1 1.37539E1 9.82134E0 9.80138E0 5.74908E0 4.27188E0 1.01407E1 1.27558E1 1.8405E1 1.08594E1 5.48957E0 5.9487E0 7.26619E0 8.30422E0 6.40782E0 7.6854E0 3.95249E0 1.81854E1 1.90837E1 1.65286E1 1.90837E1 1.90837E1 1.90837E1 1.65286E1 1.40932E1 1.40932E1 1.40932E1 1.40932E1 1.40932E1 1.40932E1 1.40932E1 1.40932E1 1.40932E1 1.40932E1 1.40932E1 1.40932E1 1.17577E1 1.17577E1 1.17577E1 1.17577E1 1.17577E1 1.01407E1 1.01407E1 1.01407E1 1.01407E1 1.01407E1 8.76335E0 8.76335E0 8.76335E0 8.76335E0 1.01407E1 1.01407E1 8.76335E0 8.76335E0 1.01407E1 1.01407E1 1.01407E1
-9999 1.90837E1 1.90837E1 8.5238E0 2.14393E1 2.14393E1 1.85248E1 1.581E1 2.17387E1 1.581E1 1.581E1 1.52909E1 1.65685E1 1.45124E1 5.03044E0 3.6331E0 9.14263E0 1.581E1 1.05999E1 1.43927E1 1.26959E1 9.14263E0 6.54756E0 1.85647E0 6.9468E0 1.54307E1 7.22627E0 7.22627E0 1.2117E1 1.90837E1 1.65286E1 1.90837E1 1.90837E1 1.90837E1 1.65286E1 1.65286E1 1.39136E1 1.40932E1 1.40932E1 1.40932E1 1.40932E1 1.40932E1 1.40932E1 1.40932E1 1.40932E1 1.40932E1 1.17577E1 1.17577E1 1.17577E1 1.17577E1 1.17577E1 1.17577E1 1.01407E1 1.01407E1 1.01407E1 1.01407E1 1.01407E1 1.01407E1 1.01407E1 8.76335E0 8.76335E0 1.01407E1 8.76335E0 8.76335E0 1.01407E1 8.76335E0 8.76335E0 1.01407E1
1.65286E1 1.90837E1 1.90837E1 9.34225E0 2.14393E1 1.90837E1 1.581E1 1.26959E1 1.581E1 1.26959E1 9.80138E0 1.581E1 2.06408E1 1.65286E1 9.30233E0 5.11029E0 5.98862E0 6.54756E0 8.34415E0 6.30801E0 1.26959E1 9.80138E0 9.14263E0 9.80138E0 7.22627E0 7.22627E0 7.22627E0 5.74908E0 9.44206E0 1.60894E1 1.65286E1 1.90837E1 1.90837E1 1.70276E1 1.65286E1 1.65286E1 1.65286E1 1.40932E1 1.40932E1 1.40932E1 1.40932E1 1.40932E1 1.40932E1 1.40932E1 1.40932E1 1.40932E1 1.17577E1 1.17577E1 1.17577E1 1.17577E1 1.09791E1 1.10191E1 1.01407E1 1.01407E1 1.01407E1 1.01407E1 1.01407E1 1.01407E1 1.01407E1 1.01407E1 1.01407E1 8.76335E0 8.76335E0 8.76335E0 1.01407E1 1.01407E1 1.01407E1 1.01407E1
1.90837E1 1.90837E1 1.07995E1 1.5271E1 1.90837E1 1.85248E1 1.581E1 1.581E1 1.26959E1 1.581E1 1.26959E1 9.80138E0 4.09222E0 4.31181E0 1.581E1 4.93063E0 7.76525E0 9.90119E0 2.17387E1 2.14393E1 2.75477E0 2.27568E0 2.77473E0 9.80138E0 4.17207E0 9.80138E0 8.1046E0 7.64547E0 1.581E1 1.27957E1 1.90837E1 1.90837E1 1.90837E1 1.65286E1 1.65286E1 1.65286E1 1.18375E1 1.40932E1 1.40932E1 1.40932E1 1.11788E1 1.40932E1 1.40932E1 1.40932E1 1.40932E1 1.40932E1 1.17577E1 1.00808E1 1.10191E1 1.09991E1 1.17577E1 9.92115E0 8.2643E0 1.01407E1 8.30422E0 5.82893E0 6.68729E0 1.01407E1 1.01407E1 1.01407E1 1.01407E1 8.76335E0 8.76335E0 1.01407E1 1.01407E1 8.76335E0 8.76335E0 8.76335E0
1.90837E1 1.90837E1 1.42928E1 1.87045E1 1.581E1 1.26959E1 2.14393E1 1.581E1 1.26959E1 2.43537E1 1.581E1 1.2636E1 6.14832E0 7.22627E0 9.80138E0 1.581E1 2.09203E1 6.72722E0 9.02286E0 1.26959E1 5.44965E0 9.80138E0 6.24813E0 3.09412E0 5.17018E0 7.6854E0 3.99241E0 7.22627E0 1.63889E1 1.90837E1 1.90837E1 1.90837E1 1.90837E1 1.65286E1 1.65286E1 1.65286E1 1.65286E1 1.65286E1 1.40932E1 1.40932E1 1.40932E1 1.40932E1 1.40932E1 1.40932E1 1.17577E1 1.40932E1 1.17577E1 1.17577E1 1.17577E1 1.09791E1 6.50764E0 6.98673E0 9.46202E0 8.30422E0 6.92684E0 7.86506E0 9.34225E0 1.01407E1 1.01407E1 1.01407E1 1.01407E1 1.01407E1 1.01407E1 1.01407E1 1.01407E1 8.76335E0 8.76335E0 1.01407E1
1.90837E1 2.08005E1 2.14393E1 6.30801E0 1.68879E1 1.85248E1 2.14393E1 1.26959E1 1.26959E1 1.04801E1 2.14393E1 1.581E1 5.34984E0 6.24813E0 1.4233E1 1.27158E1 6.14832E0 1.29554E1 1.05599E1 9.80138E0 6.26809E0 3.19393E0 9.80138E0 4.59128E0 3.4734E0 9.80138E0 9.80138E0 1.581E1 1.90837E1 1.90837E1 1.90837E1 1.90837E1 1.90837E1 1.65286E1 1.58299E1 1.65286E1 1.65286E1 1.58299E1 1.40932E1 1.40932E1 1.40932E1 1.40932E1 1.40932E1 1.40932E1 1.17577E1 1.40932E1 1.28356E1 1.17577E1 1.17577E1 1.13385E1 1.07596E1 9.54187E0 9.04282E0 8.1046E0 7.82513E0 9.38217E0 1.01407E1 1.01407E1 1.01407E1 9.46202E0 1.01407E1 1.01407E1 1.01407E1 1.01407E1 1.01407E1 1.01407E1 8.62362E0 9.04282E0
1.90837E1 2.14393E1 1.97026E1 2.14393E1 1.8924E1 1.85248E1 1.85248E1 1.581E1 1.26959E1 1.26959E1 2.14393E1 2.14393E1 1.02605E1 1.581E1 1.581E1 1.39735E1 1.23366E1 1.38736E1 1.3135E1 1.25761E1 6.40782E0 2.97435E0 9.80138E0 4.45154E0 5.68919E0 9.80138E0 1.30153E1 1.4193E1 1.90837E1 1.44326E1 1.09193E1 1.90837E1 1.90837E1 1.65286E1 1.65286E1 1.65286E1 1.65286E1 1.65286E1 1.40932E1 1.40932E1 1.40932E1 1.40932E1 1.40932E1 1.40932E1 1.17577E1 1.40932E1 1.40932E1 1.3694E1 1.15181E1 1.17577E1 1.17577E1 1.06597E1 1.04002E1 7.54566E0 8.00479E0 1.01407E1 1.01407E1 1.01407E1 1.0021E1 1.17577E1 1.01407E1 1.01407E1 1.01407E1 1.01407E1 1.01407E1 1.01407E1 8.06468E0 1.01407E1
1.90837E1 1.90837E1 1.52909E1 1.6848E1 1.94231E1 1.85248E1 1.581E1 1.581E1 1.26959E1 1.26959E1 1.48518E1 1.9982E1 1.8924E1 2.14393E1 2.14393E1 2.14393E1 1.77862E1 1.35942E1 9.30233E0 1.47719E0 1.49716E0 6.40782E0 6.64737E0 7.04661E0 8.90308E0 8.34415E0 9.08274E0 2.14393E1 1.90837E1 1.41731E1 1.09392E1 1.43927E1 1.90837E1 1.65286E1 1.65286E1 1.65286E1 1.65286E1 1.5271E1 1.65286E1 1.40932E1 1.40932E1 1.40932E1 1.40932E1 1.40932E1 1.40932E1 1.40932E1 1.21769E1 9.4221E0 1.29753E1 1.3694E1 1.30352E1 1.10191E1 8.08464E0 8.66354E0 7.86506E0 8.82324E0 1.12786E1 9.88123E0 1.01407E1 1.01407E1 1.01407E1 1.01407E1 1.01407E1 1.01407E1 1.01407E1 1.01407E1 1.01407E1 1.01407E1
1.65286E1 2.14393E1 1.3175E1 7.74528E0 1.59098E1 1.85248E1 1.581E1 1.26959E1 1.26959E1 9.36221E0 4.71105E0 8.90308E0 7.1065E0 1.68081E1 1.581E1 1.87643E1 1.40533E1 1.66284E1 1.14982E1 5.11029E0 2.21579E0 4.83082E0 2.49526E0 9.18255E0 7.54566E0 3.07416E0 4.13215E0 1.84649E1 2.14393E1 1.10191E1 1.27558E1 1.38138E1 1.90239E1 1.65286E1 1.65286E1 1.65286E1 1.65286E1 1.65286E1 1.65286E1 1.65286E1 1.40932E1 1.40932E1 1.40932E1 1.40932E1 1.40932E1 1.40932E1 1.40932E1 9.76145E0 1.11788E1 9.44206E0 1.02206E1 1.3175E1 1.04801E1 9.04282E0 1.03004E1 1.17577E1 1.17577E1 1.07995E1 1.17577E1 9.44206E0 9.94111E0 1.01407E1 1.01407E1 1.01407E1 1.01407E1 1.01407E1 1.01407E1 9.34225E0
1.65286E1 1.76265E1 1.8405E1 4.31181E0 1.26959E1 2.14393E1 1.581E1 1.581E1 1.26959E1 3.77283E0 6.02855E0 1.7347E1 1.1039E1 1.29554E1 1.581E1 2.14393E1 1.26759E1 1.1598E1 8.92305E0 9.80138E0 9.80138E0 9.80138E0 3.4734E0 1.07795E1 1.8425E1 1.581E1 9.80138E0 1.581E1 1.77263E1 1.56303E1 9.52191E0 1.13983E1 1.90837E1 1.65286E1 1.41132E1 1.60295E1 1.65286E1 1.65286E1 1.65286E1 1.65286E1 1.65286E1 1.40932E1 1.40932E1 1.40932E1 1.40932E1 1.40932E1 1.28356E1 1.00808E1 9.88123E0 8.70346E0 1.09991E1 8.94301E0 1.04002E1 1.40932E1 1.24364E1 1.28356E1 1.17577E1 9.24244E0 1.16579E1 1.17577E1 1.17577E1 1.01407E1 1.00409E1 1.01407E1 1.01407E1 1.01407E1 9.44206E0 8.06468E0
1.65286E1 1.6329E1 1.85248E1 1.581E1 1.581E1 1.581E1 1.581E1 1.581E1 1.26959E1 8.64358E0 7.16638E0 1.27957E1 1.88043E1 2.14393E1 2.14393E1 2.14393E1 1.01607E1 5.60934E0 1.75666E0 5.11029E0 2.21579E0 5.01048E0 9.14263E0 1.581E1 1.581E1 1.67282E1 2.14393E1 2.14393E1 2.14393E1 1.63689E1 9.70157E0 1.60894E1 1.5271E1 1.50913E1 1.65286E1 9.46202E0 1.20571E1 1.50115E1 1.65286E1 1.65286E1 1.65286E1 1.12786E1 1.40932E1 1.29354E1 1.40932E1 1.10989E1 1.10989E1 1.14582E1 8.00479E0 8.70346E0 8.00479E0 7.56563E0 7.24623E0 8.92305E0 9.52191E0 1.02206E1 9.86126E0 1.20771E1 1.17577E1 1.17577E1 1.17577E1 1.17577E1 1.17577E1 1.13983E1 8.12456E0 8.2643E0 9.28236E0 9.14263E0
1.66284E1 1.41731E1 1.29953E1 1.85248E1 1.581E1 1.26959E1 1.85248E1 2.02815E1 1.71674E1 2.12197E1 1.44126E1 1.82653E1 2.02415E1 1.84649E1 2.14393E1 2.14393E1 2.13794E1 1.83252E1 1.59297E1 1.26959E1 1.17377E1 1.26959E1 5.48957E0 9.80138E0 1.90837E1 1.91237E1 1.17776E1 1.44126E1 1.63689E1 1.30352E1 1.17377E1 1.08394E1 1.14383E1 1.60695E1 1.09392E1 1.49117E1 1.46322E1 1.65286E1 1.65286E1 1.14582E1 1.17377E1 1.40333E1 1.65286E1 1.1578E1 1.40932E1 1.33347E1 1.40932E1 1.29354E1 1.1578E1 1.14383E1 1.14383E1 9.86126E0 1.40932E1 8.12456E0 6.64737E0 7.06657E0 8.2643E0 9.46202E0 1.17577E1 1.17577E1 1.17577E1 1.14383E1 1.17577E1 1.10191E1 1.17577E1 1.17577E1 9.02286E0 6.16828E0
1.83651E1 1.77862E1 2.14393E1 2.04412E1 1.581E1 1.26959E1 1.26959E1 1.581E1 1.581E1 1.8964E1 1.27158E1 1.90837E1 1.71674E1 1.8425E1 2.08204E1 2.14393E1 2.12995E1 1.61094E1 1.51512E1 9.44206E0 3.81276E0 5.26999E0 1.26959E1 9.80138E0 1.85248E1 1.53109E1 1.50115E1 1.5271E1 1.49716E1 1.7906E1 1.18974E1 1.46921E1 1.36541E1 1.26759E1 1.29354E1 1.47919E1 1.65286E1 1.65286E1 1.65286E1 1.65286E1 1.65286E1 1.18375E1 1.58299E1 1.16379E1 1.09193E1 1.40932E1 1.40932E1 1.40932E1 9.70157E0 7.58559E0 8.12456E0 8.30422E0 1.20571E1 8.70346E0 8.24434E0 5.34984E0 6.62741E0 7.22627E0 8.82324E0 9.04282E0 9.38217E0 1.17577E1 1.04002E1 1.17377E1 8.30422E0 8.94301E0 9.94111E0 8.1046E0
1.41132E1 1.8924E1 2.14393E1 2.2657E1 1.581E1 1.26959E1 1.26959E1 1.581E1 1.581E1 9.02286E0 1.54706E1 2.24374E1 1.61493E1 1.61493E1 2.14393E1 2.14393E1 1.581E1 2.11997E1 3.61314E0 3.11408E0 5.44965E0 5.44965E0 5.2101E0 9.80138E0 9.80138E0 2.14393E1 1.34345E1 1.36541E1 6.34794E0 1.1059E1 1.07596E1 1.5271E1 1.58299E1 1.65286E1 1.56303E1 1.20771E1 1.58299E1 1.65286E1 1.65286E1 1.65286E1 1.65286E1 1.65286E1 1.04002E1 8.94301E0 9.88123E0 1.40932E1 1.34345E1 9.82134E0 5.74908E0 6.68729E0 9.38217E0 4.85078E0 4.55135E0 7.86506E0 1.03004E1 5.19014E0 4.87075E0 5.76904E0 6.30801E0 8.1046E0 5.70915E0 1.04002E1 1.17577E1 9.88123E0 9.04282E0 9.4221E0 7.54566E0 9.44206E0
1.4213E1 1.04801E1 1.70875E1 1.85248E1 1.26959E1 1.26959E1 1.26959E1 1.26959E1 1.581E1 8.34415E0 1.581E1 2.17387E1 1.83851E1 1.52111E1 2.14393E1 2.14393E1 1.581E1 9.50195E0 9.14263E0 3.77283E0 1.3674E1 1.45124E1 1.26959E1 9.80138E0 1.85248E1 1.65885E1 1.88242E1 1.6329E1 1.04002E1 1.30352E1 1.24364E1 1.37139E1 1.43727E1 1.33746E1 1.60295E1 1.37139E1 1.33946E1 1.65286E1 1.65286E1 1.65286E1 1.65286E1 1.65286E1 1.13584E1 9.54187E0 9.76145E0 1.40932E1 1.40932E1 1.40932E1 1.37139E1 1.2117E1 9.88123E0 5.76904E0 4.55135E0 4.19204E0 7.54566E0 8.14453E0 5.70915E0 8.66354E0 8.70346E0 9.34225E0 8.98293E0 8.04471E0 1.17577E1 6.84699E0 6.84699E0 7.44585E0 8.20441E0 8.2643E0
1.06597E1 1.10191E1 9.2624E0 1.85248E1 1.26959E1 1.26959E1 1.26959E1 1.26959E1 1.26959E1 9.80138E0 1.26959E1 5.98862E0 8.74339E0 1.26959E1 1.26959E1 1.26959E1 1.26959E1 1.26959E1 7.16638E0 9.80138E0 1.26959E1 9.80138E0 1.85248E1 1.20571E1 9.80138E0 1.14582E1 1.65885E1 1.77263E1 1.43527E1 1.90837E1 1.80457E1 1.21769E1 1.7367E1 1.07995E1 9.44206E0 9.4221E0 1.18974E1 1.16579E1 1.61493E1 1.62092E1 1.30352E1 1.04601E1 1.43527E1 1.21769E1 1.07596E1 1.40932E1 1.06597E1 1.40932E1 1.40932E1 1.052E1 8.00479E0 6.62741E0 2.99431E0 4.11219E0 7.22627E0 5.72911E0 7.44585E0 9.16259E0 9.44206E0 6.62741E0 8.30422E0 9.86126E0 1.13584E1 9.34225E0 7.86506E0 7.76525E0 7.366E0 9.92115E0
1.20172E1 1.85248E1 1.26959E1 1.26959E1 6.64737E0 7.22627E0 9.4221E0 1.21769E1 9.80138E0 9.80138E0 1.15181E1 1.45723E1 2.07007E1 1.04002E1 4.17207E0 9.80138E0 1.26959E1 9.80138E0 1.85248E1 1.27558E1 1.99022E1 1.52311E1 1.37139E1 1.32548E1 1.77263E1 1.20571E1 1.04601E1 1.17577E1 1.28356E1 1.90837E1 1.81455E1 1.41132E1 1.16579E1 1.34544E1 1.49516E1 1.08394E1 1.15181E1 1.09193E1 1.3175E1 9.8413E0 1.19972E1 1.15181E1 1.04801E1 1.49516E1 1.65286E1 1.39335E1 1.08194E1 1.21769E1 9.28236E0 6.14832E0 6.60745E0 4.65116E0 2.11598E0 2.59507E0 3.55325E0 5.60934E0 6.2082E0 4.57131E0 1.01607E1 8.12456E0 8.62362E0 5.68919E0 6.3679E0 8.2643E0 1.01407E1 8.94301E0 8.74339E0 7.44585E0
2.14393E1 1.581E1 1.26959E1 1.26959E1 7.64547E0 1.05999E1 9.50195E0 9.80138E0 2.0002E1 2.14393E1 1.25362E1 2.43537E1 1.8405E1 8.24434E0 1.9463E1 1.77662E1 1.74069E1 1.56503E1 6.86695E0 1.26959E1 1.88841E1 1.19573E1 1.3694E1 1.56902E1 1.46322E1 1.88841E1 1.43927E1 1.60295E1 1.62092E1 1.8924E1 1.77862E1 1.07396E1 1.90837E1 8.76335E0 1.18974E1 1.33546E1 1.5271E1 1.65286E1 1.65286E1 1.0001E1 6.76714E0 9.28236E0 1.50115E1 1.53708E1 1.60096E1 1.65286E1 1.65286E1 1.40932E1 1.37139E1 1.12586E1 5.34984E0 5.66923E0 4.01238E0 2.33556E0 5.68919E0 4.01238E0 4.19204E0 4.83082E0 6.3679E0 5.54946E0 5.54946E0 5.76904E0 4.01238E0 3.93253E0 4.0523E0 8.1046E0 8.08464E0 7.54566E0
2.14393E1 1.43527E1 1.01008E1 8.02475E0 1.24563E1 1.04002E1 1.26959E1 1.26959E1 2.17187E1 1.96427E1 8.46392E0 1.85248E1 1.68879E1 7.54566E0 7.1065E0 1.83851E1 1.77064E1 1.76465E1 1.85248E1 1.84849E1 1.38138E1 1.18974E1 1.20571E1 1.56902E1 1.29953E1 1.23964E1 2.14393E1 1.7367E1 1.59098E1 1.66683E1 1.80058E1 1.84849E1 1.06997E1 1.09791E1 1.22168E1 1.16579E1 1.17577E1 1.62092E1 1.65286E1 1.65286E1 1.65286E1 1.65286E1 1.65286E1 1.65286E1 1.65286E1 1.6329E1 1.65286E1 1.40932E1 1.04402E1 1.09392E1 7.90498E0 6.2082E0 6.14832E0 4.89071E0 5.26999E0 4.57131E0 5.34984E0 4.39166E0 5.56942E0 4.19204E0 5.50953E0 3.8926E0 6.50764E0 4.57131E0 6.64737E0 6.90688E0 6.72722E0 2.95439E0
1.83052E1 1.26959E1 7.26619E0 7.22627E0 8.50384E0 8.90308E0 1.26959E1 9.80138E0 9.80138E0 1.71275E1 1.24563E1 1.581E1 1.56902E1 2.43537E1 2.01817E1 2.43537E1 2.14393E1 2.14393E1 1.69877E1 1.12187E1 1.42928E1 1.08993E1 1.14383E1 1.06398E1 1.17776E1 1.13584E1 1.71275E1 1.76465E1 1.50913E1 1.72872E1 1.18974E1 1.33347E1 1.49117E1 1.39335E1 1.59098E1 1.59896E1 8.2643E0 1.65086E1 1.65286E1 1.65286E1 1.65286E1 1.65286E1 1.65286E1 1.56902E1 1.41731E1 1.26759E1 1.54706E1 1.59098E1 1.04402E1 9.60176E0 1.0001E1 5.34984E0 6.44775E0 6.72722E0 5.82893E0 5.54946E0 4.99052E0 2.7348E0 4.89071E0 6.46771E0 6.44775E0 8.00479E0 4.01238E0 5.72911E0 6.14832E0 6.66733E0 8.12456E0 5.86885E0
1.38138E1 1.15381E1 7.1065E0 7.26619E0 7.1065E0 1.04002E1 9.80138E0 9.80138E0 1.49915E1 1.04402E1 1.61493E1 9.80138E0 1.43727E1 1.85248E1 2.43537E1 8.88312E0 2.14393E1 2.14393E1 1.64288E1 1.13983E1 1.16579E1 1.12187E1 1.21769E1 1.06597E1 1.04002E1 1.13584E1 1.3694E1 1.53109E1 1.61493E1 1.07596E1 9.44206E0 1.16579E1 1.75067E1 1.65286E1 1.65286E1 1.65286E1 1.41132E1 1.65286E1 1.61493E1 1.37938E1 1.6329E1 1.41731E1 1.65286E1 1.19573E1 1.13385E1 1.38138E1 1.27358E1 1.16379E1 1.03004E1 9.52191E0 8.62362E0 5.54946E0 5.72911E0 5.82893E0 1.0021E1 6.14832E0 4.09222E0 3.41351E0 4.73101E0 3.81276E0 4.01238E0 7.1065E0 5.17018E0 6.06847E0 6.50764E0 5.96866E0 7.28616E0 1.03004E1
1.25961E1 1.36341E1 1.17377E1 9.36221E0 9.80138E0 9.80138E0 9.18255E0 9.80138E0 9.80138E0 9.80138E0 9.80138E0 1.26959E1 1.26959E1 1.85248E1 2.18185E1 6.72722E0 2.21978E1 2.09003E1 1.65286E1 1.32548E1 1.32548E1 1.24963E1 1.17577E1 1.18974E1 9.76145E0 9.88123E0 1.07596E1 1.21769E1 1.34345E1 1.43927E1 1.46322E1 8.24434E0 1.76465E1 1.65286E1 1.65286E1 1.65286E1 1.65286E1 1.65286E1 1.39335E1 1.30352E1 1.20172E1 1.5271E1 1.13983E1 9.88123E0 8.1046E0 1.11388E1 1.19573E1 9.8413E0 9.44206E0 8.78331E0 6.56752E0 4.55135E0 6.14832E0 4.61124E0 4.65116E0 7.9449E0 3.29374E0 3.37359E0 5.92874E0 2.79469E0 4.85078E0 5.42968E0 5.26999E0 6.68729E0 8.00479E0 8.00479E0 1.1059E1 9.44206E0
2.17387E1 1.49316E1 1.45124E1 2.12197E1 1.26959E1 9.80138E0 4.91067E0 7.60555E0 9.80138E0 9.80138E0 9.02286E0 9.80138E0 1.581E1 1.18774E1 7.34604E0 1.17177E1 2.13993E1 1.89839E1 1.2636E1 1.60295E1 1.07995E1 1.29953E1 1.44326E1 1.59896E1 1.75067E1 1.5271E1 1.579E1 1.36541E1 1.40333E1 1.34345E1 1.50913E1 1.5271E1 1.65286E1 1.65286E1 1.65286E1 1.65286E1 1.52909E1 1.20571E1 1.24963E1 1.02605E1 1.22168E1 1.14383E1 1.40932E1 8.54377E0 9.44206E0 1.10191E1 9.44206E0 9.10271E0 9.14263E0 6.92684E0 5.789E0 3.85268E0 3.93253E0 4.19204E0 4.23196E0 2.7348E0 4.01238E0 3.87264E0 3.41351E0 5.96866E0 5.76904E0 6.00858E0 6.76714E0 5.60934E0 7.16638E0 7.46582E0 8.70346E0 1.04402E1
