ENM/Final_Models/M_0.8_F_q_Set_1_EC/Gustavia_santanderiensis_7_Choco.asc
ncols         367
nrows         963
xllcorner     -78.6
yllcorner     0.65
cellsize      0.00833333333333323
NODATA_value  -9999
[rows 612 to 645 of 963, columns 152 to 227 of 367]
-9999 -9999 -9999 -9999 -9999 -9999 -9999 -9999 -9999 -9999 -9999 -9999 -9999 1E0 1E0 1E0 1E0 1E0 1E0 1E0 1E0 1E0 1E0 1E0 1E0 1E0 1E0 1E0 1E0 1E0 1E0 9.40585E-1 8.53792E-1 9.98323E-1 9.92149E-1 9.99934E-1 9.99769E-1 9.99354E-1 9.99774E-1 9.99905E-1 9.99965E-1 9.99997E-1 9.99994E-1 9.99888E-1 9.92626E-1 3.66269E-1 5.15868E-1 2.07178E-1 2.75329E-1 3.01206E-2 7.31411E-3 8.22329E-2 3.60089E-1 9.02957E-1 9.43657E-1 9.99966E-1 2.50057E-1 1.89277E-2 1.35913E-2 2.80811E-2 2.45218E-2 1.53981E-2 4.71722E-3 9.37844E-3 1.14553E-2 2.91508E-2 2.64429E-2 1.04261E-2 9.30453E-3 6.82412E-3 1.54566E-3 7.28718E-4 1.47618E-3 2.92264E-3 2.78679E-2 2.76963E-2
-9999 -9999 -9999 -9999 -9999 -9999 -9999 -9999 -9999 -9999 -9999 -9999 -9999 1E0 1E0 1E0 1E0 1E0 1E0 1E0 1E0 1E0 1E0 1E0 1E0 1E0 1E0 1E0 1E0 1E0 1E0 9.71353E-1 9.81514E-1 8.10866E-1 9.99991E-1 9.99413E-1 9.99232E-1 9.99995E-1 9.99964E-1 9.99579E-1 9.99689E-1 9.99896E-1 9.9965E-1 9.97368E-1 9.95557E-1 6.03705E-1 6.03341E-1 3.00246E-1 1.09808E-1 2.01766E-2 2.31442E-3 5.74269E-2 2.16634E-1 4.43173E-1 7.06648E-1 9.98293E-1 3.13551E-1 1.38756E-2 4.54441E-2 1.29076E-1 5.20331E-2 1.66311E-2 1.07232E-2 2.6443E-2 1.49586E-2 2.14212E-2 1.26237E-2 1.11058E-2 1.25884E-2 1.64249E-2 3.62028E-3 2.42282E-3 1.44388E-3 2.0122E-3 1.74803E-2 4.63372E-3
-9999 -9999 -9999 -9999 -9999 -9999 -9999 -9999 -9999 -9999 -9999 -9999 -9999 -9999 1E0 1E0 1E0 1E0 1E0 1E0 1E0 1E0 1E0 1E0 1E0 1E0 9.99974E-1 1E0 9.99998E-1 1E0 9.9999E-1 9.94647E-1 9.72184E-1 9.70555E-1 8.03566E-1 9.54107E-1 9.99972E-1 9.99998E-1 9.95753E-1 9.98122E-1 9.61576E-1 9.99587E-1 9.9527E-1 9.93402E-1 9.9995E-1 9.99111E-1 8.45127E-1 5.39948E-1 6.15594E-1 2.63312E-1 8.54545E-3 1.08244E-1 5.81519E-1 8.29576E-1 7.7516E-1 9.14353E-1 2.81424E-2 1.90453E-2 5.72652E-2 1.36076E-1 6.05593E-2 2.02193E-2 2.5141E-2 2.13277E-2 2.77399E-2 2.74085E-2 1.56982E-2 2.30382E-2 1.29834E-2 5.57592E-3 2.0324E-3 9.90086E-4 2.94512E-3 5.78057E-3 3.43078E-3 1.34224E-2
-9999 -9999 -9999 -9999 -9999 -9999 -9999 -9999 -9999 -9999 -9999 -9999 -9999 -9999 -9999 -9999 1E0 1E0 1E0 1E0 1E0 1E0 1E0 1E0 1E0 1E0 1E0 9.99964E-1 9.99985E-1 9.9996E-1 9.95712E-1 9.99483E-1 9.9804E-1 9.54078E-1 9.97493E-1 9.97667E-1 9.99838E-1 9.99959E-1 9.99372E-1 9.99969E-1 9.99864E-1 9.9996E-1 9.99944E-1 9.81667E-1 9.98838E-1 9.98739E-1 9.54558E-1 9.69707E-1 7.4221E-1 1.46296E-1 7.52521E-3 1.25834E-1 5.41817E-1 4.65565E-1 9.00794E-1 8.85236E-2 5.64475E-2 1.5019E-2 1.14644E-1 1.29381E-1 2.14616E-1 1.64073E-1 1.13719E-2 2.38845E-2 1.90223E-2 1.97128E-2 8.8469E-3 2.49719E-2 4.48627E-2 4.33302E-3 3.35165E-3 7.34347E-4 2.46596E-3 4.61336E-3 3.28324E-3 4.85635E-3
-9999 -9999 -9999 -9999 -9999 -9999 -9999 -9999 -9999 -9999 -9999 -9999 -9999 -9999 -9999 -9999 1E0 1E0 1E0 1E0 1E0 1E0 1E0 1E0 1E0 1E0 9.99999E-1 1E0 9.99943E-1 9.99842E-1 9.94262E-1 9.79902E-1 9.91902E-1 9.9997E-1 9.98218E-1 9.89221E-1 9.98079E-1 9.94775E-1 9.9886E-1 9.99541E-1 9.9995E-1 1E0 9.9906E-1 8.52477E-1 9.99638E-1 9.99426E-1 9.92763E-1 8.4615E-1 6.62023E-1 2.31733E-1 5.54863E-2 5.10014E-2 2.03916E-1 3.5619E-1 6.93887E-1 8.94305E-2 1.06163E-1 4.41148E-2 8.6749E-2 1.46538E-1 3.16527E-2 1.12149E-2 1.06275E-2 1.55918E-2 5.22514E-2 1.06686E-1 7.85156E-2 1.63775E-1 3.91628E-2 9.90188E-3 4.50555E-3 1.28194E-3 2.3571E-3 2.79332E-3 7.68085E-4 1.70478E-3
-9999 -9999 -9999 -9999 -9999 -9999 -9999 -9999 -9999 -9999 -9999 -9999 -9999 -9999 -9999 -9999 1E0 1E0 1E0 1E0 1E0 1E0 1E0 1E0 1E0 1E0 1E0 1E0 1E0 9.9991E-1 9.57279E-1 9.99016E-1 9.99999E-1 9.99962E-1 9.99989E-1 9.99375E-1 9.96994E-1 9.9817E-1 8.0664E-1 9.49337E-1 9.99984E-1 8.77613E-1 3.17324E-1 6.16507E-2 9.90505E-1 9.8059E-1 9.98108E-1 9.73719E-1 8.97354E-1 4.0968E-1 3.77153E-1 9.34884E-2 2.34507E-2 9.88513E-2 2.89898E-1 2.26609E-1 4.47112E-2 5.01045E-2 5.79572E-2 4.23559E-2 2.47658E-2 9.43483E-3 1.04003E-2 1.61908E-2 7.4282E-2 2.01702E-1 1.2202E-1 9.7652E-2 2.16845E-2 9.03271E-3 1.51918E-2 1.00994E-3 3.79028E-3 3.92203E-3 3.63548E-3 4.55926E-3
-9999 -9999 -9999 -9999 -9999 -9999 -9999 -9999 -9999 -9999 -9999 -9999 -9999 -9999 -9999 -9999 1E0 1E0 1E0 1E0 1E0 1E0 1E0 9.99992E-1 1E0 9.99877E-1 9.99985E-1 1E0 1E0 1E0 9.98787E-1 9.9941E-1 9.99997E-1 9.99924E-1 9.99998E-1 9.99933E-1 9.98758E-1 8.27435E-1 4.47773E-1 7.54785E-1 9.99983E-1 9.02537E-2 2.24765E-2 1.77336E-1 9.97043E-1 8.65049E-1 9.56714E-1 9.90637E-1 8.14198E-1 6.75261E-1 6.08557E-1 2.20906E-1 7.843E-2 5.16493E-2 4.62151E-2 1.50099E-1 9.41507E-2 4.67215E-2 2.91811E-2 2.20948E-2 1.11713E-2 5.4044E-3 7.16052E-3 1.22444E-2 6.87418E-2 8.38454E-2 7.56425E-2 5.03255E-2 3.95359E-2 2.53309E-3 5.21424E-3 9.27364E-4 5.76638E-3 1.08279E-2 7.89277E-3 1.67071E-3
-9999 -9999 -9999 -9999 -9999 -9999 -9999 -9999 -9999 -9999 -9999 -9999 -9999 -9999 -9999 -9999 1E0 1E0 1E0 1E0 1E0 1E0 9.99931E-1 9.99933E-1 9.99998E-1 9.99448E-1 9.99999E-1 9.99889E-1 9.87782E-1 8.4007E-1 9.12102E-1 9.9975E-1 9.99924E-1 1E0 9.99999E-1 9.99975E-1 9.6923E-1 2.302E-1 2.20933E-1 7.4959E-1 9.99864E-1 7.75616E-1 1.85154E-1 7.66081E-1 9.94331E-1 4.9257E-1 2.5549E-1 6.41653E-1 2.52364E-1 4.30363E-1 2.03563E-1 1.11799E-1 7.97961E-2 4.69123E-2 1.2958E-1 1.77033E-1 7.0247E-2 1.91121E-2 2.06E-2 8.70224E-2 1.29826E-2 2.4101E-2 2.63107E-2 5.98307E-3 3.84842E-3 1.44969E-2 6.37157E-3 5.75778E-3 2.58502E-2 2.59874E-3 1.0119E-3 1.37302E-3 8.49963E-4 2.0446E-3 9.01167E-4 1.07456E-3
-9999 -9999 -9999 -9999 -9999 -9999 -9999 -9999 -9999 -9999 -9999 -9999 -9999 -9999 -9999 1E0 1E0 1E0 1E0 1E0 1E0 9.99999E-1 9.99997E-1 9.99999E-1 1E0 9.99987E-1 1E0 9.99032E-1 9.99597E-1 9.98663E-1 8.62147E-1 9.99997E-1 9.94286E-1 9.82645E-1 9.99972E-1 9.99771E-1 9.92379E-1 4.69323E-1 1.22363E-1 3.17482E-1 4.56816E-1 9.78218E-1 9.99833E-1 1.79497E-1 6.15348E-1 3.1375E-1 2.81367E-1 4.67138E-1 2.62124E-1 1.65286E-1 2.89073E-2 7.89472E-3 1.4776E-2 3.18635E-2 8.54738E-2 1.21613E-1 3.7045E-2 1.80488E-2 3.32463E-2 6.8276E-2 2.08742E-2 1.95412E-2 3.91508E-2 9.06862E-3 1.43442E-3 6.69979E-3 8.56464E-3 4.65525E-3 1.47518E-3 3.73542E-3 1.03694E-3 9.68134E-4 2.03803E-3 2.05942E-3 3.86406E-3 2.34912E-3
-9999 -9999 -9999 -9999 -9999 -9999 -9999 -9999 -9999 -9999 -9999 -9999 -9999 -9999 1E0 1E0 1E0 1E0 1E0 1E0 1E0 1E0 9.99999E-1 1E0 9.99995E-1 9.99909E-1 9.99956E-1 9.99986E-1 9.98116E-1 9.70693E-1 9.99518E-1 9.99991E-1 9.96841E-1 9.90764E-1 9.99974E-1 9.98039E-1 9.11415E-1 3.81378E-1 1.86762E-1 1.51104E-1 9.42516E-2 8.58748E-1 9.99506E-1 5.97369E-1 8.47489E-1 8.1903E-1 3.19974E-1 5.57802E-1 5.64894E-1 5.22554E-2 4.73188E-3 7.99433E-4 1.26827E-2 2.18491E-2 9.22253E-2 6.39077E-2 2.46515E-2 1.6085E-2 1.33867E-2 6.35221E-2 2.84798E-2 3.68972E-2 2.17926E-2 1.97469E-2 3.40949E-3 2.85606E-3 7.81124E-3 2.9314E-3 1.24424E-3 2.36129E-3 1.23131E-3 1.09106E-3 1.97162E-3 1.81245E-3 1.06231E-3 2.90569E-3
-9999 -9999 -9999 -9999 -9999 -9999 -9999 -9999 -9999 -9999 -9999 -9999 -9999 -9999 1E0 1E0 1E0 1E0 1E0 9.99985E-1 1E0 1E0 1E0 1E0 9.99642E-1 9.99531E-1 9.99177E-1 9.61977E-1 8.22644E-1 5.25235E-1 8.22057E-1 9.98659E-1 9.84931E-1 9.99048E-1 9.98659E-1 9.13113E-1 5.81213E-1 6.16944E-1 6.92528E-1 4.02706E-1 4.31619E-1 7.64476E-1 9.67143E-1 9.97145E-1 9.97946E-1 9.93579E-1 8.37488E-1 7.21545E-1 5.45062E-1 1.99587E-1 5.8569E-3 1.96093E-3 8.24258E-3 2.25078E-2 3.91553E-2 7.50767E-2 2.74376E-2 3.14632E-2 3.08469E-2 5.51432E-2 6.88543E-2 8.55499E-2 2.5211E-2 1.82707E-2 3.79164E-3 2.13463E-3 1.7968E-3 2.74145E-3 9.01062E-4 1.33339E-3 2.2639E-3 3.55658E-3 2.99337E-3 1.46829E-3 3.9953E-3 3.27552E-3
-9999 -9999 -9999 -9999 -9999 -9999 -9999 -9999 -9999 -9999 -9999 -9999 -9999 1E0 1E0 1E0 1E0 1E0 1E0 1E0 9.99986E-1 1E0 9.99994E-1 9.99885E-1 9.99957E-1 9.99912E-1 1E0 1E0 6.48267E-1 2.90176E-1 3.60172E-1 4.89446E-1 9.99986E-1 9.99157E-1 9.95435E-1 9.97937E-1 9.99819E-1 9.9965E-1 9.64756E-1 7.11957E-1 6.37747E-1 7.31865E-1 9.33423E-1 9.54426E-1 9.73177E-1 9.90373E-1 9.67998E-1 9.70929E-1 9.12323E-1 6.80992E-1 4.15957E-3 6.4037E-3 1.0606E-2 3.51191E-2 3.62135E-2 9.0627E-2 3.4059E-2 4.56138E-2 9.77612E-2 3.73668E-2 6.91733E-2 3.00134E-1 1.01847E-1 9.07398E-2 1.35475E-2 6.29716E-4 1.08696E-3 8.17176E-4 7.94178E-4 4.43779E-3 3.19315E-3 1.43446E-3 7.53216E-4 4.82568E-4 1.65457E-3 1.76032E-3
-9999 -9999 -9999 -9999 -9999 -9999 -9999 -9999 -9999 -9999 -9999 -9999 1E0 1E0 1E0 1E0 1E0 1E0 1E0 9.99991E-1 1E0 1E0 9.99998E-1 9.99997E-1 9.99423E-1 9.99816E-1 1E0 9.99997E-1 7.01024E-1 4.66429E-1 3.12272E-1 3.35836E-1 4.82765E-1 7.90949E-1 9.72911E-1 9.73742E-1 9.99802E-1 9.99896E-1 9.99991E-1 9.96877E-1 7.94286E-1 8.42342E-1 9.99346E-1 9.99927E-1 9.38197E-1 8.9598E-1 8.61473E-1 8.40727E-1 6.91424E-1 4.9532E-1 4.7374E-1 1.23083E-2 9.13802E-3 9.38952E-3 1.07255E-2 3.47121E-2 3.54656E-2 5.41946E-2 2.71045E-2 2.33665E-2 3.11007E-2 5.70302E-2 9.86463E-2 5.71078E-2 1.40129E-2 1.37643E-4 2.38636E-4 1.9424E-3 1.22175E-3 5.96456E-3 1.23032E-3 8.81394E-4 4.63197E-4 5.48832E-4 1.19393E-3 1.44014E-3
-9999 -9999 -9999 -9999 -9999 -9999 -9999 -9999 -9999 -9999 -9999 -9999 1E0 1E0 1E0 1E0 1E0 1E0 1E0 1E0 1E0 1E0 1E0 9.96858E-1 9.61018E-1 9.81469E-1 9.98771E-1 9.79593E-1 5.09281E-1 5.67076E-1 3.27165E-1 3.22522E-1 3.32848E-1 7.51802E-1 8.91815E-1 9.80615E-1 9.95538E-1 9.99999E-1 9.99584E-1 9.99149E-1 9.69038E-1 9.97436E-1 9.98909E-1 9.96128E-1 7.26211E-1 4.90859E-1 5.75163E-1 6.63917E-1 5.38877E-1 1.51292E-1 2.03028E-1 5.82486E-2 1.04325E-2 3.04495E-3 5.77175E-3 1.42941E-2 2.03179E-2 3.64973E-2 3.45776E-2 2.81073E-2 2.23324E-2 3.65773E-2 3.07152E-2 2.13867E-2 9.04729E-3 3.00625E-3 1.05396E-3 8.05232E-3 3.35649E-3 1.31386E-3 1.47316E-3 6.18685E-4 3.95697E-4 1.05082E-3 8.33662E-4 1.38498E-3
-9999 -9999 -9999 -9999 -9999 -9999 -9999 -9999 -9999 -9999 -9999 1E0 1E0 1E0 1E0 1E0 1E0 1E0 1E0 1E0 1E0 1E0 1E0 9.97548E-1 9.94984E-1 9.77033E-1 9.62646E-1 7.43277E-1 4.41312E-1 4.51706E-1 2.85108E-1 4.87853E-1 3.08503E-1 4.10516E-1 9.85954E-1 9.98126E-1 9.99994E-1 9.99989E-1 9.94863E-1 9.98812E-1 9.47501E-1 9.89002E-1 9.61612E-1 9.50757E-1 5.79318E-1 3.49072E-1 3.07693E-1 6.47809E-1 3.88068E-1 1.75003E-1 1.19939E-2 1.01791E-2 5.92665E-3 6.87739E-3 1.01631E-2 1.41092E-2 1.80493E-2 2.15481E-2 5.27174E-2 3.15316E-2 1.44336E-2 1.89466E-2 1.77611E-2 1.33255E-2 9.80475E-3 2.08725E-3 3.11425E-3 6.5092E-3 3.00886E-3 1.5242E-3 1.01349E-3 3.18379E-4 2.93507E-4 2.81338E-4 1.83577E-4 3.93752E-4
-9999 -9999 -9999 -9999 -9999 -9999 -9999 -9999 -9999 -9999 -9999 1E0 1E0 1E0 1E0 1E0 1E0 1E0 1E0 1E0 1E0 1E0 9.99433E-1 9.99882E-1 9.99865E-1 9.93921E-1 9.67999E-1 5.48886E-1 4.59995E-1 5.25429E-1 4.08011E-1 2.73336E-1 2.43827E-1 3.89054E-1 1E0 9.99955E-1 1E0 1E0 1.96804E-1 7.55395E-1 5.7187E-1 9.68211E-1 1.1797E-1 8.03379E-1 6.30429E-1 2.90216E-1 3.24647E-1 6.28033E-1 5.69505E-1 3.09241E-1 1.2159E-2 5.43616E-3 3.19328E-3 5.15277E-3 1.04225E-2 1.5409E-2 2.05816E-2 2.68191E-2 5.61409E-2 8.98343E-3 7.38477E-3 2.06821E-2 1.25752E-2 1.16655E-2 7.18483E-3 7.24438E-3 8.99847E-3 1.45802E-2 4.37353E-3 1.10688E-3 4.23933E-4 3.8484E-4 3.18865E-4 2.96996E-4 9.9315E-5 1.16085E-4
-9999 -9999 -9999 -9999 -9999 -9999 -9999 -9999 -9999 -9999 1E0 1E0 1E0 1E0 1E0 1E0 1E0 1E0 1E0 1E0 1E0 9.99999E-1 9.99841E-1 9.91854E-1 9.7231E-1 9.42084E-1 9.05625E-1 6.88741E-1 2.85798E-1 4.19119E-1 3.07034E-1 3.41068E-1 5.22762E-1 9.42422E-1 9.94373E-1 9.99997E-1 9.99999E-1 9.99945E-1 6.24939E-1 9.38169E-1 9.86314E-1 9.86245E-1 8.17143E-1 6.16897E-1 7.83187E-1 2.05601E-1 1.9081E-1 2.32727E-1 2.56089E-1 8.17294E-2 5.35955E-2 2.45839E-3 1.64219E-3 3.81706E-3 6.6079E-3 1.1974E-2 1.46793E-2 1.76718E-2 3.12378E-2 2.0526E-2 1.26831E-2 6.43844E-3 4.44032E-3 8.03966E-3 6.50082E-3 9.57683E-3 3.86099E-3 1.18881E-2 3.00875E-3 1.13831E-3 3.48242E-4 1.93715E-4 1.25447E-4 2.38695E-4 9.65376E-5 1.99033E-5
-9999 -9999 -9999 -9999 -9999 -9999 -9999 -9999 -9999 1E0 1E0 1E0 1E0 1E0 1E0 1E0 1E0 1E0 1E0 1E0 9.98268E-1 9.99958E-1 9.9964E-1 9.74949E-1 9.59137E-1 8.0576E-1 7.94214E-1 7.13822E-1 3.47453E-1 4.67009E-1 3.33699E-1 8.25803E-1 9.91977E-1 9.79102E-1 9.93531E-1 1E0 1E0 9.99277E-1 9.01584E-1 9.5471E-1 9.65959E-1 8.74419E-1 6.73569E-1 6.7672E-1 3.07837E-1 3.73499E-1 6.04887E-2 6.19726E-2 2.20966E-2 5.60462E-3 5.57409E-3 3.39229E-2 3.16244E-3 1.61606E-3 1.61935E-3 2.0917E-3 1.07156E-2 1.0724E-2 3.26779E-2 1.53153E-2 8.48614E-3 1.02202E-2 5.10943E-3 4.57126E-3 6.06655E-3 7.39043E-3 9.16145E-3 2.99224E-3 1.24318E-3 3.88376E-4 8.29666E-4 2.72283E-4 1.18261E-4 1.1479E-4 6.83227E-5 3.85464E-6
-9999 -9999 -9999 -9999 -9999 -9999 -9999 -9999 -9999 1E0 1E0 1E0 1E0 1E0 1E0 1E0 1E0 1E0 1E0 1E0 1E0 9.97236E-1 9.87647E-1 9.74539E-1 8.92411E-1 7.85526E-1 7.80028E-1 6.44451E-1 8.25329E-1 9.90218E-1 9.32595E-1 6.91021E-1 9.74263E-1 9.93832E-1 9.98448E-1 9.99972E-1 1E0 9.93344E-1 9.30901E-1 9.85607E-1 9.69745E-1 7.34744E-1 3.40678E-1 1.42007E-1 1.44557E-1 1.19082E-1 3.76491E-2 3.52484E-3 6.05121E-3 5.72446E-3 1.65644E-3 4.9407E-3 2.17095E-3 5.90597E-3 2.10957E-3 2.50539E-3 1.11421E-2 1.48506E-2 1.58599E-2 1.54877E-2 1.3769E-2 3.57353E-3 3.82157E-3 4.58734E-3 4.36783E-3 2.92034E-3 8.31331E-3 3.69414E-3 2.2747E-3 1.32813E-3 1.61155E-3 5.66577E-4 4.01472E-4 1.75092E-4 9.58976E-5 7.8315E-6
-9999 -9999 -9999 -9999 -9999 -9999 -9999 -9999 1E0 1E0 1E0 1E0 1E0 1E0 1E0 1E0 1E0 1E0 1E0 1E0 1E0 1E0 1E0 9.98771E-1 9.99166E-1 9.60834E-1 4.7597E-1 5.86899E-1 6.34132E-1 9.81754E-1 8.71677E-1 8.60507E-1 9.99992E-1 9.9984E-1 9.8555E-1 9.88498E-1 9.98866E-1 9.96933E-1 9.97477E-1 9.95951E-1 9.92864E-1 9.33113E-1 5.38883E-1 2.60247E-1 4.34396E-1 3.89596E-1 1.39374E-1 1.48051E-2 7.21517E-2 7.75414E-2 4.65155E-2 4.44852E-2 5.44388E-3 1.5976E-3 2.03635E-3 4.39537E-3 2.6341E-2 2.41862E-2 1.17479E-2 9.7505E-3 8.63733E-3 6.5938E-3 1.06269E-2 9.38397E-3 2.19151E-3 1.96664E-3 1.15248E-3 2.01893E-3 2.1558E-3 1.38169E-3 1.7378E-3 1.91068E-3 1.55956E-3 2.53337E-4 3.16038E-5 1.41101E-5
-9999 -9999 -9999 -9999 -9999 -9999 -9999 -9999 1E0 1E0 1E0 1E0 1E0 1E0 1E0 1E0 1E0 1E0 1E0 1E0 1E0 9.99997E-1 9.9994E-1 9.99893E-1 9.82146E-1 9.4366E-1 3.38233E-1 3.57225E-1 4.79136E-1 8.38219E-1 7.70723E-1 9.98885E-1 9.99994E-1 1E0 9.99918E-1 9.97961E-1 9.98756E-1 5.70497E-1 9.14773E-1 9.9939E-1 9.94774E-1 9.96694E-1 9.48219E-1 8.67174E-1 8.15106E-1 6.26411E-1 3.80989E-1 6.578E-2 2.27761E-1 3.25669E-1 1.34765E-1 6.36837E-2 1.59155E-2 1.59927E-3 2.81491E-3 1.1686E-2 5.81001E-2 2.04305E-2 1.49835E-2 1.53619E-2 1.14584E-2 1.17081E-2 1.54744E-2 2.82847E-2 8.62518E-3 1.08386E-2 4.72152E-3 7.09004E-3 3.54087E-3 1.35671E-3 1.45201E-3 6.42928E-4 1.23333E-3 2.42275E-4 8.41454E-5 5.65487E-5
-9999 -9999 -9999 -9999 -9999 -9999 -9999 1E0 1E0 1E0 1E0 1E0 1E0 1E0 1E0 1E0 1E0 1E0 1E0 1E0 1E0 1E0 9.99912E-1 9.99973E-1 9.99556E-1 9.24779E-1 3.87848E-1 4.67857E-1 4.33785E-1 8.50432E-1 9.31714E-1 8.74798E-1 9.99818E-1 9.9989E-1 1E0 9.999E-1 9.82351E-1 2.49563E-1 2.2484E-1 9.53154E-1 9.58738E-1 9.43108E-1 6.58629E-1 5.57432E-1 2.28627E-1 5.50884E-1 4.7478E-1 4.33005E-1 3.07526E-1 1.57795E-1 1.46083E-2 7.20466E-2 2.9419E-2 2.10362E-3 1.50964E-3 5.0132E-3 1.72001E-2 2.1193E-2 1.61947E-2 9.52539E-3 1.37759E-2 4.73149E-3 9.28406E-3 6.57402E-3 1.04765E-2 3.47269E-3 -9999 -9999 2.47006E-3 7.68973E-4 3.06397E-4 9.463E-5 2.69715E-4 1.92082E-4 4.14069E-5 2.30526E-5
-9999 -9999 -9999 -9999 -9999 -9999 -9999 1E0 1E0 1E0 1E0 1E0 1E0 1E0 1E0 1E0 1E0 1E0 1E0 1E0 1E0 1E0 9.99968E-1 1E0 9.99999E-1 9.95923E-1 3.84468E-1 4.32733E-1 5.68902E-1 6.12396E-1 9.28437E-1 9.12879E-1 9.99383E-1 9.99948E-1 9.92751E-1 9.99372E-1 9.90732E-1 1.07523E-1 2.96206E-1 9.68291E-1 9.93372E-1 9.93378E-1 8.99069E-1 6.87165E-1 2.9905E-1 3.11755E-1 3.29492E-1 2.96942E-1 2.46862E-1 2.41637E-2 6.6334E-3 8.70374E-3 1.34396E-2 2.14827E-3 7.66696E-4 1.5664E-3 2.26155E-3 7.9712E-3 9.90249E-3 2.63707E-2 1.41422E-2 4.87731E-3 1.97321E-3 1.2489E-3 6.7712E-3 -9999 -9999 -9999 5.32934E-4 4.85118E-4 8.69249E-5 5.43383E-5 9.02229E-5 7.60913E-5 5.43667E-5 1.59009E-5
-9999 -9999 -9999 -9999 -9999 -9999 -9999 1E0 1E0 1E0 1E0 1E0 1E0 1E0 1E0 1E0 1E0 1E0 1E0 1E0 1E0 9.99999E-1 9.83166E-1 9.99963E-1 9.99377E-1 8.99217E-1 7.57709E-1 4.02007E-1 2.65463E-1 9.30927E-1 9.9952E-1 1E0 9.99989E-1 9.99881E-1 9.98398E-1 9.39963E-1 9.9158E-1 9.88097E-1 9.97179E-1 9.92669E-1 9.63042E-1 9.01351E-1 6.3631E-1 7.20556E-1 6.23309E-1 1.83288E-1 1.72188E-1 5.98964E-2 1.28043E-2 8.73043E-3 2.2509E-2 6.93734E-3 2.39867E-3 2.01435E-3 6.33213E-4 7.53866E-4 6.3468E-4 1.9613E-3 5.4726E-3 4.23745E-3 1.08151E-2 3.17752E-3 3.59424E-4 2.45832E-4 -9999 -9999 -9999 -9999 1.80854E-4 1.52677E-4 1.94776E-4 7.3632E-5 1.84985E-5 1.38994E-5 2.24406E-5 7.20735E-6
-9999 -9999 -9999 -9999 -9999 -9999 1E0 1E0 1E0 1E0 1E0 1E0 1E0 1E0 1E0 1E0 1E0 1E0 1E0 1E0 1E0 9.99965E-1 9.97408E-1 9.84726E-1 9.3912E-1 9.66354E-1 7.53315E-1 7.44811E-1 4.2858E-1 3.21416E-1 2.5163E-1 8.5913E-1 9.99176E-1 9.99986E-1 9.94255E-1 9.58592E-1 8.1025E-1 9.2038E-1 9.45616E-1 9.97286E-1 9.78295E-1 6.40932E-1 3.71009E-1 5.82738E-1 7.56538E-1 6.48587E-1 5.60621E-1 1.79199E-1 1.17671E-2 1.37916E-2 7.54422E-2 1.78121E-2 4.99271E-3 2.08537E-3 6.57835E-4 6.51484E-4 6.58845E-4 1.26045E-3 5.74934E-3 1.28953E-3 3.91058E-3 3.77677E-3 6.20855E-4 5.32119E-4 -9999 -9999 -9999 7.61056E-5 6.78358E-5 1.30471E-4 1.24874E-4 2.98546E-5 3.63003E-5 9.21407E-6 9.41656E-6 1.06748E-5
-9999 -9999 -9999 -9999 -9999 1E0 1E0 1E0 1E0 1E0 1E0 1E0 1E0 1E0 1E0 1E0 1E0 1E0 1E0 1E0 1E0 9.99299E-1 9.96837E-1 9.69118E-1 9.07736E-1 6.46885E-1 7.20935E-1 6.36262E-1 4.88634E-1 3.38074E-1 5.92043E-1 3.91429E-1 7.69777E-1 2.10131E-1 7.99527E-1 9.29263E-1 9.56744E-1 4.63284E-1 7.7199E-1 9.77232E-1 9.96604E-1 9.79595E-1 7.93793E-1 8.56752E-1 8.08238E-1 6.0815E-1 7.23166E-1 5.13024E-1 3.56255E-1 7.76893E-2 7.42909E-2 2.55906E-2 1.59629E-2 9.32943E-3 4.2944E-3 6.42547E-4 1.80442E-4 6.8781E-4 1.32163E-3 1.33025E-3 1.96708E-3 2.77403E-3 4.45941E-4 -9999 -9999 -9999 3.36957E-5 1.20396E-5 1.18799E-5 6.46011E-5 2.35345E-5 1.86315E-5 1.10483E-5 3.76152E-6 1.7843E-5 2.6264E-5
-9999 -9999 -9999 -9999 -9999 1E0 1E0 1E0 1E0 1E0 1E0 1E0 1E0 1E0 1E0 1E0 1E0 1E0 9.99999E-1 9.99874E-1 9.99596E-1 8.60013E-1 6.48222E-1 4.06156E-1 6.33308E-1 8.71241E-1 6.51523E-1 6.21922E-1 6.4735E-1 9.46745E-1 8.92782E-1 8.63976E-1 9.98989E-1 9.95307E-1 9.02376E-1 6.8866E-1 7.82747E-1 2.95604E-1 8.77477E-1 9.77758E-1 9.81928E-1 7.05235E-1 6.19214E-1 8.96211E-1 6.59714E-1 3.71972E-1 5.5674E-1 4.61386E-1 3.47419E-1 2.13975E-1 2.31795E-1 5.54021E-2 8.5489E-2 4.23518E-2 8.4599E-3 1.5935E-3 3.88814E-4 1.80298E-4 6.95067E-4 5.21796E-4 1.06583E-3 5.62163E-4 -9999 -9999 -9999 -9999 4.11768E-5 2.43769E-5 1.91764E-5 2.09254E-5 1.16607E-5 1.5502E-5 4.97016E-6 4.55673E-5 5.12036E-5 4.09776E-5
-9999 -9999 -9999 -9999 1E0 1E0 1E0 1E0 1E0 1E0 1E0 1E0 1E0 1E0 1E0 1E0 1E0 1E0 1E0 9.9318E-1 9.55799E-1 6.73886E-1 7.9432E-1 8.65109E-1 6.9958E-1 8.45524E-1 9.90386E-1 8.59617E-1 8.55265E-1 7.47492E-1 9.96052E-1 9.99176E-1 9.9324E-1 9.99776E-1 8.65857E-1 5.29876E-1 2.70005E-1 1.4074E-1 3.28903E-1 9.26373E-1 7.12809E-1 8.55777E-1 3.70027E-1 3.92441E-1 5.68122E-1 3.22041E-1 2.71912E-1 1.37104E-1 5.40078E-2 5.85986E-2 6.23757E-2 3.34559E-2 2.96849E-2 1.33409E-2 9.24521E-3 6.0435E-4 1.61898E-4 1.38187E-4 3.26353E-4 1.66897E-4 3.99699E-4 1.23523E-4 -9999 -9999 -9999 -9999 2.84423E-5 1.90129E-5 4.4097E-5 6.65881E-5 2.76173E-5 3.83634E-6 3.37329E-5 4.01048E-5 2.25075E-5 2.66479E-5
-9999 -9999 -9999 1E0 1E0 1E0 1E0 1E0 1E0 1E0 1E0 1E0 1E0 1E0 1E0 1E0 1E0 1E0 1E0 9.97448E-1 9.57852E-1 9.59506E-1 8.9642E-1 9.55357E-1 5.40797E-1 5.81138E-1 7.81229E-1 9.3769E-1 9.99796E-1 9.99995E-1 1E0 9.99997E-1 9.98736E-1 9.93118E-1 7.14371E-1 3.75336E-2 2.45822E-2 3.99125E-2 1.49458E-1 3.02587E-1 2.83715E-1 3.55707E-1 6.49598E-1 4.01051E-1 2.08382E-1 8.37022E-2 2.04247E-2 1.58009E-2 5.48194E-3 3.37625E-3 4.24993E-3 1.50676E-2 1.73396E-2 3.9689E-3 2.57008E-3 5.84374E-4 1.54855E-4 8.08206E-5 1.60387E-4 5.26237E-5 1.52537E-4 -9999 -9999 -9999 -9999 -9999 5.67108E-5 3.18821E-5 3.37768E-5 4.28891E-5 3.08437E-5 2.99525E-6 2.86649E-5 3.23922E-5 3.02438E-5 2.83391E-5
-9999 -9999 -9999 1E0 1E0 1E0 1E0 1E0 1E0 1E0 1E0 1E0 1E0 1E0 1E0 1E0 1E0 1E0 1E0 9.95692E-1 9.32956E-1 9.77277E-1 9.87151E-1 9.68925E-1 9.22186E-1 8.55165E-1 8.24847E-1 9.50431E-1 9.99999E-1 9.98738E-1 9.99992E-1 1E0 9.99143E-1 8.54558E-1 6.47023E-1 3.65902E-2 1.10521E-2 3.95983E-3 3.80183E-3 1.25793E-2 1.32318E-2 1.15827E-1 4.95911E-1 3.46888E-1 4.19534E-2 1.21217E-2 4.73641E-3 2.17391E-3 4.07261E-4 1.41617E-3 6.34875E-4 4.15809E-3 2.17562E-3 5.94323E-4 8.33656E-4 8.44912E-4 2.84589E-4 1.6445E-4 9.78276E-5 4.58909E-5 1.08172E-4 -9999 -9999 -9999 -9999 -9999 9.35677E-5 1.02294E-4 6.14566E-5 2.18709E-5 3.97217E-6 1.03777E-5 2.18075E-5 3.13263E-5 4.32972E-5 4.17742E-5
-9999 -9999 1E0 1E0 1E0 1E0 1E0 1E0 1E0 1E0 1E0 1E0 1E0 1E0 1E0 1E0 1E0 1E0 1E0 9.93055E-1 9.81615E-1 9.43993E-1 9.53274E-1 9.99169E-1 9.78745E-1 9.87426E-1 9.98849E-1 9.94181E-1 9.99949E-1 9.99826E-1 9.99997E-1 1E0 9.99627E-1 8.64277E-1 9.02687E-1 9.42738E-1 8.4597E-2 9.07163E-3 4.30934E-3 1.30869E-2 1.12627E-2 1.23938E-2 5.30429E-2 3.58466E-2 6.79776E-3 4.90166E-3 1.03305E-3 7.69384E-4 2.7597E-4 1.63156E-4 5.6072E-4 1.63047E-3 4.01995E-4 2.41755E-4 2.01011E-4 2.07353E-4 9.90933E-5 7.42207E-5 6.24175E-5 5.94161E-5 -9999 -9999 -9999 -9999 -9999 -9999 5.92172E-5 2.07462E-5 2.73814E-5 2.88066E-5 5.0233E-6 2.094E-5 2.71674E-5 5.13257E-5 4.72535E-5 3.14142E-5
-9999 -9999 1E0 1E0 1E0 1E0 1E0 1E0 1E0 1E0 1E0 1E0 1E0 1E0 1E0 1E0 9.999E-1 9.99996E-1 9.99992E-1 9.97463E-1 7.46557E-1 6.22075E-1 7.90652E-1 9.97317E-1 1E0 1E0 9.99995E-1 9.98293E-1 9.99988E-1 9.99999E-1 1E0 1E0 9.9999E-1 9.99723E-1 9.98388E-1 8.27793E-1 6.07974E-1 1.48716E-1 2.08119E-2 6.08609E-2 1.1591E-1 2.70438E-2 4.65321E-2 1.7497E-2 2.34609E-2 1.00178E-2 1.26341E-3 1.37809E-3 1.08119E-3 7.86414E-4 1.13764E-3 2.7717E-4 3.8593E-4 1.23395E-3 3.44673E-4 1.92084E-4 1.65767E-4 9.43525E-5 8.15888E-5 -9999 -9999 -9999 -9999 -9999 -9999 -9999 4.83144E-5 3.86681E-5 7.09364E-6 6.85618E-6 3.9244E-6 1.76866E-5 3.0771E-5 2.29528E-5 8.18642E-5 5.18012E-5
-9999 1E0 1E0 1E0 1E0 1E0 1E0 1E0 1E0 1E0 1E0 1E0 1E0 1E0 1E0 9.99997E-1 9.99999E-1 9.99949E-1 9.96812E-1 9.63488E-1 8.99117E-1 8.62382E-1 9.26494E-1 9.91804E-1 1E0 1E0 9.99912E-1 9.99975E-1 9.99996E-1 9.99785E-1 9.99998E-1 1E0 1E0 9.99997E-1 9.99923E-1 9.85965E-1 9.84452E-1 4.56492E-1 7.48698E-1 8.98032E-1 9.85173E-1 3.10635E-1 1.13747E-1 5.09957E-2 4.54759E-2 2.03106E-2 2.6863E-3 5.35698E-3 9.16373E-4 3.13946E-3 2.02102E-3 1.54717E-3 9.65647E-4 2.97348E-3 8.58704E-4 3.58561E-4 2.83898E-4 5.66991E-5 9.30393E-5 -9999 -9999 -9999 -9999 -9999 -9999 8.03473E-5 1.18853E-4 9.00972E-6 1.36039E-5 1.55854E-5 1.73262E-5 4.24664E-6 5.80153E-5 7.81077E-5 5.22323E-5 5.5415E-5
-9999 1E0 1E0 1E0 1E0 1E0 1E0 1E0 1E0 1E0 1E0 1E0 1E0 1E0 1E0 1E0 1E0 9.9994E-1 9.99923E-1 9.67064E-1 9.74378E-1 9.9633E-1 9.76006E-1 9.99377E-1 1E0 1E0 1E0 1E0 1E0 9.9766E-1 9.96176E-1 1E0 9.99993E-1 9.99998E-1 9.99996E-1 9.99993E-1 9.99988E-1 9.72913E-1 9.99478E-1 9.51844E-1 6.50872E-1 8.08607E-1 2.20583E-1 6.17669E-2 3.01898E-2 5.38335E-2 1.18565E-2 7.12907E-3 1.03942E-2 2.84308E-2 2.03014E-2 9.26387E-3 7.39658E-3 2.89325E-3 1.60019E-3 5.50329E-4 2.33745E-4 2.47105E-4 2.61519E-4 -9999 -9999 -9999 -9999 -9999 9.00329E-5 7.85685E-5 4.29675E-5 2.05695E-5 3.50902E-5 3.10284E-5 2.51076E-5 2.29102E-5 5.46636E-6 5.47667E-6 2.07981E-4 9.66608E-5
