ENM/Final_Models/M_0.8_F_q_Set_1_EC/Gustavia_santanderiensis_9_Choco.asc
ncols         367
nrows         963
xllcorner     -78.6
yllcorner     0.65
cellsize      0.00833333333333323
NODATA_value  -9999
[rows 120 to 149 of 963, columns 207 to 275 of 367]
1.02134E-1 4.76597E-2 8.25446E-2 1.51042E-1 1.69434E-1 8.29616E-2 5.93964E-2 1.14873E-1 1.01842E-1 2.06155E-1 2.1091E-1 2.95053E-1 1.94636E-1 2.50716E-1 3.04736E-1 2.32856E-1 3.29635E-1 3.9896E-1 3.05926E-1 2.74325E-1 3.86314E-1 6.31738E-1 2.83114E-1 1.03852E-1 6.17125E-1 8.99304E-1 7.85589E-1 7.24089E-1 7.06365E-1 7.19778E-1 8.20243E-1 7.25149E-1 7.85919E-1 6.94019E-1 6.76794E-1 5.88221E-1 5.41263E-1 3.44304E-1 4.56696E-1 4.84663E-1 3.65309E-1 2.65139E-1 1.37943E-1 1.72711E-1 1.77005E-1 8.65469E-2 5.19017E-2 9.6836E-2 1.10452E-1 1.19853E-1 1.91869E-1 1.98162E-1 3.34926E-1 -9999 -9999 -9999 -9999 -9999 -9999 -9999 2.82086E-1 3.07612E-1 2.2587E-1 2.45809E-1 1.13316E-1 2.35249E-1 1.40135E-1 -9999 -9999
1.3165E-1 7.85068E-2 5.37595E-2 1.52212E-1 1.75331E-1 1.90976E-1 6.66986E-2 1.07125E-1 1.20411E-1 8.87793E-2 1.42225E-1 9.46429E-2 1.8877E-1 1.82689E-1 2.2893E-1 2.56998E-1 1.80879E-1 3.06517E-1 3.0708E-1 4.5032E-1 2.97377E-1 7.56817E-1 1.58668E-1 1.13612E-1 2.49864E-1 6.87627E-1 8.10741E-1 6.28943E-1 5.28288E-1 6.2282E-1 5.96063E-1 7.7189E-1 7.26592E-1 8.10354E-1 6.03467E-1 4.63717E-1 6.44608E-1 5.21379E-1 4.87085E-1 4.75291E-1 2.0644E-1 2.18288E-1 1.14914E-1 9.09334E-2 9.6843E-2 2.7182E-2 4.448E-2 4.76624E-2 1.56106E-1 1.71327E-1 2.54928E-1 3.51151E-1 2.43822E-1 1.58938E-1 -9999 -9999 -9999 -9999 -9999 -9999 3.59703E-1 2.70447E-1 2.6519E-1 1.02184E-1 8.42692E-2 1.2079E-1 8.0969E-2 -9999 -9999
8.2732E-2 1.14866E-1 6.71111E-2 6.12032E-2 8.83332E-2 1.32886E-1 8.22699E-2 4.92405E-2 9.99983E-2 1.37303E-1 1.2206E-1 1.22123E-1 1.48628E-1 1.12422E-1 2.18263E-1 3.2139E-1 2.45635E-1 4.44973E-1 3.26989E-1 3.26194E-1 2.58463E-1 5.35134E-1 6.14557E-1 4.01606E-1 4.7768E-1 9.20493E-1 8.13017E-1 6.51886E-1 4.80705E-1 4.6417E-1 6.07383E-1 7.10175E-1 6.08205E-1 6.59222E-1 5.01621E-1 7.79829E-1 6.88267E-1 5.46746E-1 4.71837E-1 3.32387E-1 1.3936E-1 1.47444E-1 1.76309E-1 1.29235E-1 1.3821E-1 5.02701E-2 5.12779E-3 6.73398E-2 7.54583E-2 3.12573E-1 2.681E-1 3.29721E-1 1.66678E-1 7.18855E-2 -9999 -9999 -9999 -9999 -9999 -9999 4.86277E-1 2.84745E-1 3.05426E-1 2.37103E-1 1.09143E-1 1.78192E-1 -9999 -9999 -9999
1.19033E-1 1.21494E-1 1.45138E-1 8.38331E-2 1.13329E-1 1.10944E-1 5.56129E-2 5.67694E-2 1.13046E-1 2.38084E-1 1.42298E-1 1.12416E-1 9.44597E-2 1.15693E-1 3.16736E-1 4.49062E-1 2.41387E-1 3.44277E-1 2.97753E-1 2.96565E-1 2.33214E-1 5.01996E-1 6.89736E-1 6.04863E-1 7.18301E-1 7.54028E-1 6.56305E-1 7.17316E-1 7.46315E-1 3.92305E-1 4.61293E-1 6.27598E-1 6.4549E-1 6.97447E-1 5.59392E-1 7.98612E-1 6.33068E-1 5.15416E-1 4.70957E-1 1.44546E-1 7.03885E-2 1.37583E-1 1.88519E-1 1.29419E-1 1.3212E-1 5.01333E-2 1.63765E-2 1.25061E-1 1.60688E-1 2.56861E-1 3.87862E-1 1.96887E-1 1.82857E-1 6.38844E-2 7.28856E-2 -9999 -9999 -9999 -9999 -9999 4.00929E-1 2.67782E-1 2.82688E-1 2.20326E-1 1.61255E-1 2.40432E-1 -9999 -9999 -9999
5.48702E-2 1.49483E-1 7.35491E-2 9.51748E-2 7.49381E-2 1.37027E-1 7.82699E-2 1.68364E-1 1.7795E-1 1.84416E-1 1.19715E-1 1.31223E-1 1.25486E-1 2.71331E-1 3.07232E-1 3.1256E-1 1.41451E-1 2.09265E-1 3.89065E-1 3.92062E-1 3.86197E-1 3.69144E-1 5.03277E-1 4.0135E-1 4.277E-1 5.95016E-1 8.51041E-1 7.11536E-1 7.2382E-1 3.77152E-1 2.98961E-1 2.98085E-1 4.54327E-1 7.32018E-1 6.51205E-1 6.03346E-1 5.5924E-1 4.25579E-1 4.72798E-1 1.57895E-1 8.50151E-2 1.24584E-1 1.18949E-1 7.83446E-2 3.20355E-2 1.16048E-2 1.75267E-2 6.85457E-2 1.73378E-1 2.84277E-1 6.00706E-1 2.32793E-1 1.61151E-1 1.70338E-1 2.72388E-1 -9999 -9999 -9999 -9999 -9999 4.00831E-1 3.654E-1 3.28154E-1 2.44719E-1 2.29168E-1 1.15221E-1 -9999 -9999 -9999
1.03628E-1 6.17958E-2 7.94508E-2 2.47326E-2 8.90749E-2 1.05224E-1 1.84379E-1 1.81665E-1 1.9211E-1 3.17145E-1 8.06527E-2 8.7527E-2 7.04542E-2 1.85828E-1 3.01875E-1 2.50432E-1 1.96507E-1 2.09073E-1 3.60516E-1 5.23967E-1 3.9165E-1 4.56483E-1 4.21072E-1 3.60531E-1 4.15572E-1 6.86492E-1 7.53544E-1 7.76558E-1 8.96489E-1 6.06131E-1 4.383E-1 3.25359E-1 5.14226E-1 6.45755E-1 6.50381E-1 6.04955E-1 4.11159E-1 3.92029E-1 4.93009E-1 4.5553E-1 9.21951E-2 7.2522E-2 8.39075E-2 3.73168E-2 7.64876E-2 3.0709E-2 1.28206E-1 3.53148E-2 2.65327E-1 6.65765E-1 3.47575E-1 2.89786E-1 2.40985E-1 1.26824E-1 1.72871E-1 1.87904E-1 -9999 -9999 -9999 -9999 4.70125E-1 3.16625E-1 3.38746E-1 3.05458E-1 1.64268E-1 1.21712E-1 -9999 -9999 -9999
1.36439E-1 1.23959E-1 1.11198E-1 2.04781E-1 1.65306E-1 1.77901E-1 3.7245E-1 3.38541E-1 3.62203E-1 3.22809E-1 9.46176E-2 1.1599E-1 9.79117E-2 9.02743E-2 2.89028E-1 2.99626E-1 2.32849E-1 2.52196E-1 2.8061E-1 2.64082E-1 2.88828E-1 3.10434E-1 3.38583E-1 7.13794E-1 7.1186E-1 8.05342E-1 7.59465E-1 8.58684E-1 9.00513E-1 6.24706E-1 5.56367E-1 3.45371E-1 4.0002E-1 5.82265E-1 5.94591E-1 3.85E-1 3.5449E-1 3.7781E-1 5.80096E-1 2.47394E-1 1.44096E-1 2.06966E-1 9.19132E-2 7.35038E-2 5.02073E-2 1.44219E-1 1.22687E-1 1.86042E-1 3.78027E-1 5.17952E-1 1.80056E-1 1.69932E-1 3.15492E-1 1.96322E-1 2.54602E-1 2.67035E-1 -9999 -9999 -9999 5.58619E-1 4.45118E-1 3.42009E-1 2.0025E-1 2.23075E-1 4.76467E-1 3.01866E-1 -9999 -9999 3.97657E-2
9.83004E-2 1.45234E-1 1.1016E-1 1.95838E-1 3.13907E-1 2.49305E-1 3.51548E-1 3.21389E-1 4.76199E-1 4.0214E-1 2.56014E-1 3.36212E-1 1.28219E-1 5.96328E-2 2.43924E-1 2.91242E-1 3.4909E-1 2.8794E-1 2.99667E-1 3.27682E-1 2.04901E-1 2.2282E-1 2.80421E-1 5.02522E-1 5.73542E-1 8.07651E-1 6.29364E-1 9.01837E-1 9.35239E-1 6.69491E-1 5.79693E-1 4.7956E-1 3.22827E-1 3.32854E-1 4.06375E-1 5.89581E-1 5.52204E-1 3.73572E-1 3.62342E-1 3.91084E-1 2.59582E-1 1.66726E-1 9.95234E-2 8.47906E-2 5.63796E-2 1.29901E-1 1.15047E-1 1.59118E-1 3.45897E-1 5.39007E-1 5.15156E-1 4.0361E-1 2.59104E-1 1.81627E-1 2.00234E-1 2.49098E-1 1.85727E-1 -9999 -9999 5.40635E-1 4.24233E-1 3.07902E-1 1.73264E-1 1.8371E-1 2.92254E-1 3.23376E-1 -9999 -9999 7.892E-2
7.91004E-2 1.5735E-1 1.66552E-1 2.20292E-1 2.05359E-1 2.30568E-1 2.48459E-1 2.78488E-1 1.82803E-1 5.57877E-1 3.70293E-1 2.55557E-1 1.83851E-1 1.0167E-1 1.37045E-1 2.92545E-1 1.92141E-1 3.05895E-1 1.80955E-1 2.52918E-1 1.9575E-1 2.41887E-1 2.62559E-1 4.3943E-1 3.96952E-1 4.90875E-1 8.66542E-1 8.99079E-1 9.33093E-1 7.7051E-1 5.76013E-1 4.73329E-1 3.66112E-1 3.29902E-1 4.23297E-1 4.05478E-1 4.70118E-1 3.26251E-1 4.6989E-1 4.53088E-1 1.21051E-1 1.55491E-1 1.12691E-1 4.08087E-2 4.64393E-2 9.79203E-2 8.72546E-2 2.01615E-1 2.79308E-1 3.93038E-1 4.87406E-1 4.76322E-1 4.94215E-1 3.56411E-1 2.2424E-1 2.49163E-1 1.65518E-1 -9999 -9999 2.41493E-1 3.69903E-1 3.9165E-1 3.25054E-1 2.55199E-1 1.72004E-1 2.58821E-1 1.81571E-1 5.03239E-2 3.96635E-2
1.55988E-1 1.63097E-1 1.88071E-1 1.97811E-1 4.29316E-1 3.66741E-1 2.55192E-1 4.05993E-1 3.79511E-1 3.45747E-1 3.34361E-1 4.52307E-1 3.38838E-1 1.59464E-1 1.51381E-1 1.73095E-1 2.87996E-1 1.85031E-1 1.8359E-1 2.09746E-1 2.80174E-1 3.90362E-1 4.00281E-1 4.74392E-1 5.95159E-1 6.25589E-1 6.40444E-1 6.08866E-1 9.13247E-1 6.41707E-1 7.06134E-1 6.99512E-1 4.08149E-1 4.36472E-1 3.2781E-1 3.74736E-1 4.90234E-1 3.90123E-1 5.94874E-1 5.35576E-1 2.06781E-1 1.44131E-1 1.14653E-1 9.04389E-2 1.04694E-1 8.46458E-2 2.17461E-1 1.93577E-1 1.51425E-1 2.35017E-1 3.74556E-1 3.10298E-1 3.23675E-1 4.21699E-1 4.57464E-1 2.89722E-1 2.06643E-1 -9999 -9999 2.18777E-1 2.67479E-1 3.44543E-1 3.31266E-1 3.27465E-1 1.96332E-1 3.00332E-1 1.75756E-1 4.14239E-2 4.82223E-2
1.08221E-1 4.04678E-1 3.97973E-1 4.87246E-1 4.36053E-1 3.19435E-1 2.72982E-1 4.42256E-1 3.24498E-1 3.78873E-1 3.17288E-1 3.46757E-1 3.01256E-1 2.28497E-1 3.48393E-1 2.0799E-1 1.79085E-1 1.13297E-1 1.11785E-1 1.14791E-1 2.13447E-1 3.44122E-1 5.78746E-1 5.91569E-1 3.69023E-1 5.98369E-1 6.41992E-1 8.17446E-1 9.27807E-1 7.45039E-1 6.74031E-1 6.5493E-1 4.78296E-1 3.98073E-1 5.22588E-1 5.10533E-1 5.01706E-1 3.97482E-1 5.38634E-1 4.09222E-1 1.99482E-1 1.00687E-1 7.41424E-2 3.09416E-2 4.25962E-2 5.00293E-2 2.49901E-1 2.71283E-1 1.23197E-1 1.11424E-1 1.88696E-1 2.92333E-1 3.87286E-1 4.35871E-1 4.28405E-1 3.41892E-1 2.66704E-1 1.78247E-1 -9999 1.41306E-1 2.11443E-1 1.71434E-1 1.67358E-1 2.58397E-1 2.264E-1 2.23973E-1 1.01927E-1 1.20742E-1 7.31016E-2
1.23623E-1 2.02628E-1 1.26427E-1 3.54803E-1 2.4449E-1 3.98744E-1 3.80932E-1 2.51498E-1 2.50366E-1 3.81638E-1 3.06944E-1 2.10705E-1 2.36564E-1 3.20334E-1 3.17556E-1 1.52269E-1 3.00846E-1 2.51563E-1 2.28865E-1 9.84375E-2 1.13565E-1 2.74532E-1 4.62548E-1 6.64283E-1 5.55295E-1 5.22393E-1 8.17915E-1 8.39249E-1 7.73693E-1 8.59907E-1 9.13037E-1 7.41588E-1 5.40917E-1 3.83781E-1 3.30061E-1 4.21801E-1 5.89336E-1 5.40675E-1 6.18622E-1 4.9482E-1 3.40281E-1 9.95257E-2 1.22177E-1 7.31023E-2 4.87649E-2 7.45344E-2 1.32138E-1 1.0863E-1 1.78342E-1 1.68448E-1 1.60589E-1 9.8745E-2 2.69983E-1 4.11169E-1 3.93872E-1 3.11887E-1 2.49895E-1 2.84638E-1 -9999 -9999 2.83282E-1 1.876E-1 2.0437E-1 2.48416E-1 4.10802E-1 3.08665E-1 1.24737E-1 2.96437E-1 2.13455E-1
2.84436E-1 3.51048E-1 3.1681E-1 2.298E-1 2.1972E-1 3.75564E-1 3.86073E-1 2.04547E-1 2.16497E-1 1.79927E-1 2.71963E-1 1.72792E-1 1.70973E-1 1.54337E-1 2.20543E-1 2.29403E-1 3.64132E-1 2.03125E-1 2.90689E-1 2.50605E-1 3.61282E-1 7.68186E-1 7.77739E-1 7.10458E-1 5.85936E-1 6.18693E-1 7.75465E-1 8.71295E-1 9.28508E-1 7.6648E-1 7.42516E-1 7.11578E-1 6.6224E-1 6.54627E-1 6.38598E-1 6.90231E-1 6.86955E-1 6.89663E-1 7.55249E-1 7.05127E-1 3.06991E-1 1.88484E-1 7.02332E-2 8.19382E-2 9.28209E-2 1.43613E-1 1.53394E-1 1.73548E-1 1.94039E-1 3.67355E-1 1.6151E-1 1.62386E-1 9.76048E-2 2.11015E-1 2.45498E-1 4.55202E-1 4.96357E-1 3.48546E-1 4.17181E-1 -9999 3.41237E-1 2.31066E-1 2.31492E-1 2.89771E-1 2.67005E-1 3.65818E-1 2.36511E-1 3.35184E-1 1.76833E-1
2.26698E-1 2.8017E-1 2.45121E-1 2.79298E-1 4.63559E-1 4.36676E-1 3.58979E-1 4.16063E-1 4.40792E-1 2.21259E-1 2.98919E-1 2.93596E-1 2.81119E-1 2.58059E-1 2.58995E-1 2.34174E-1 2.78237E-1 3.67764E-1 4.39527E-1 3.55622E-1 5.73831E-1 8.46372E-1 7.12582E-1 7.7674E-1 7.58609E-1 7.89806E-1 9.65092E-1 9.33874E-1 8.69351E-1 7.85257E-1 8.75335E-1 8.26929E-1 8.10338E-1 7.71745E-1 8.16041E-1 8.61921E-1 6.45562E-1 7.06699E-1 6.67043E-1 7.26085E-1 5.25176E-1 2.74497E-1 1.12757E-1 4.53705E-2 7.34354E-2 8.55357E-2 1.07064E-1 1.12141E-1 2.03593E-1 1.43666E-1 2.32728E-1 2.57966E-1 2.31311E-1 1.57743E-1 2.00522E-1 2.43727E-1 5.72717E-1 5.1939E-1 4.3017E-1 -9999 -9999 3.02905E-1 2.34709E-1 2.62798E-1 3.31695E-1 2.44843E-1 2.26938E-1 2.91E-1 3.26118E-1
3.37289E-1 3.06529E-1 2.35263E-1 3.1991E-1 2.50719E-1 2.2408E-1 2.01787E-1 4.21141E-1 4.66924E-1 1.87302E-1 4.08324E-1 3.75626E-1 3.28074E-1 2.99114E-1 3.00296E-1 3.07013E-1 2.32672E-1 4.00216E-1 3.92595E-1 4.40024E-1 3.60845E-1 6.31988E-1 7.47873E-1 6.50481E-1 9.2364E-1 8.48897E-1 9.66697E-1 9.61169E-1 9.52092E-1 8.53979E-1 9.43165E-1 8.8686E-1 8.58313E-1 8.23795E-1 9.53379E-1 9.01471E-1 7.16593E-1 8.74262E-1 8.88427E-1 8.27793E-1 6.68188E-1 2.03325E-1 1.34883E-1 5.61994E-2 4.04773E-2 5.35792E-2 7.55302E-2 7.13986E-2 2.19872E-1 7.4152E-2 2.04703E-1 2.79278E-1 3.73834E-1 1.65103E-1 1.66674E-1 1.95935E-1 5.05443E-1 4.46148E-1 6.27862E-1 -9999 -9999 -9999 2.24264E-1 2.98811E-1 3.45755E-1 3.64907E-1 2.50453E-1 3.2896E-1 1.94515E-1
3.63788E-1 4.35038E-1 2.67681E-1 3.4611E-1 3.03025E-1 3.66447E-1 6.83821E-1 7.24169E-1 8.05932E-1 4.98523E-1 2.49605E-1 4.03718E-1 3.45503E-1 2.77058E-1 2.56525E-1 2.48608E-1 2.54885E-1 2.699E-1 3.44672E-1 3.46833E-1 3.51594E-1 5.54641E-1 7.52806E-1 8.56126E-1 9.19318E-1 8.96177E-1 9.40452E-1 9.60505E-1 9.01211E-1 7.87791E-1 9.39815E-1 8.0886E-1 8.22529E-1 9.18653E-1 7.65532E-1 9.71643E-1 7.81697E-1 6.16604E-1 6.52154E-1 6.71131E-1 6.30666E-1 2.32471E-1 1.3328E-1 5.89921E-2 5.78375E-2 2.61301E-2 2.3185E-2 2.51097E-2 5.18873E-2 8.08237E-2 2.05949E-1 2.58793E-1 2.72347E-1 2.74718E-1 1.60458E-1 1.82636E-1 4.48066E-1 5.53265E-1 6.5275E-1 5.50575E-1 -9999 -9999 -9999 3.89804E-1 4.1309E-1 3.78571E-1 2.12901E-1 2.32458E-1 2.02899E-1
4.35777E-1 6.92159E-1 7.2543E-1 4.26875E-1 3.0444E-1 4.19586E-1 7.77239E-1 7.42951E-1 8.33661E-1 5.10459E-1 2.2303E-1 2.79813E-1 4.02547E-1 3.49173E-1 2.35421E-1 1.46464E-1 1.64313E-1 2.5812E-1 4.10843E-1 4.0009E-1 5.91092E-1 6.36722E-1 7.85393E-1 7.10122E-1 8.19127E-1 8.34415E-1 8.33536E-1 9.00305E-1 9.04588E-1 9.02943E-1 9.06615E-1 7.98517E-1 7.69814E-1 5.78269E-1 2.7398E-1 4.11802E-1 6.36847E-1 6.54067E-1 5.16421E-1 5.85355E-1 6.26828E-1 5.11093E-1 2.47699E-1 1.0977E-1 7.11449E-2 3.11275E-2 2.1668E-2 1.67265E-2 1.13278E-2 2.93695E-2 1.36921E-1 9.93753E-2 7.5249E-2 2.68783E-1 2.70211E-1 1.90775E-1 4.9193E-1 5.3353E-1 4.60429E-1 3.3082E-1 3.05416E-1 -9999 -9999 4.26105E-1 4.3737E-1 4.4128E-1 2.40002E-1 3.05959E-1 4.14043E-1
7.40908E-1 7.34207E-1 7.90117E-1 5.67276E-1 6.59716E-1 6.22861E-1 7.84909E-1 8.06343E-1 9.08893E-1 8.30557E-1 5.5093E-1 2.77868E-1 5.02341E-1 5.73837E-1 3.355E-1 2.65475E-1 4.3185E-1 3.64065E-1 4.46687E-1 4.84761E-1 5.44729E-1 5.77139E-1 7.57095E-1 8.40697E-1 7.59885E-1 7.67758E-1 8.09195E-1 9.38986E-1 6.5891E-1 7.71963E-1 8.38516E-1 7.80673E-1 8.52119E-1 4.51078E-1 2.029E-1 3.25971E-1 4.17648E-1 4.17485E-1 4.09373E-1 3.71257E-1 5.91885E-1 5.25831E-1 4.51458E-1 2.56393E-1 1.48177E-1 9.14058E-2 3.5094E-2 2.18294E-2 2.16929E-2 1.38803E-2 8.40464E-2 8.23942E-2 6.54666E-2 1.92036E-1 2.50187E-1 1.88108E-1 3.62974E-1 4.19676E-1 3.4657E-1 5.63333E-1 5.68912E-1 -9999 -9999 -9999 2.8026E-1 3.27024E-1 3.8561E-1 1.98578E-1 2.16608E-1
4.16484E-1 8.31088E-1 8.43254E-1 9.39991E-1 9.24505E-1 8.90829E-1 8.91256E-1 9.46148E-1 8.78395E-1 9.12418E-1 5.44227E-1 5.47538E-1 4.50275E-1 3.93069E-1 5.17292E-1 6.9842E-1 7.04546E-1 7.51982E-1 6.87225E-1 5.53706E-1 5.82772E-1 4.30383E-1 4.78517E-1 6.91458E-1 7.5342E-1 6.89407E-1 7.2444E-1 7.07556E-1 5.35924E-1 8.5607E-1 8.42785E-1 8.90336E-1 8.48314E-1 5.34345E-1 2.21844E-1 2.49114E-1 2.75907E-1 4.10433E-1 3.65091E-1 2.19075E-1 2.24195E-1 4.47446E-1 7.92709E-1 4.35047E-1 2.0269E-1 1.32137E-1 5.20824E-2 2.10897E-2 1.6886E-2 4.19099E-2 3.52299E-2 3.37234E-2 4.0015E-2 9.28507E-2 1.32714E-1 3.33907E-1 3.91179E-1 4.88784E-1 3.60537E-1 5.20155E-1 5.79638E-1 -9999 -9999 -9999 2.57526E-1 3.24581E-1 2.49302E-1 3.35493E-1 2.0292E-1
3.886E-1 7.46235E-1 9.2726E-1 7.71663E-1 9.42771E-1 9.15556E-1 9.00283E-1 9.24872E-1 8.57068E-1 8.78317E-1 6.38799E-1 4.93898E-1 5.82908E-1 3.85038E-1 4.28892E-1 6.96293E-1 7.47447E-1 7.0759E-1 7.50564E-1 7.48632E-1 6.89491E-1 5.2942E-1 5.74594E-1 3.51676E-1 4.40948E-1 6.87689E-1 7.06171E-1 6.81766E-1 7.37463E-1 5.88368E-1 6.95761E-1 5.06467E-1 8.20252E-1 9.18358E-1 7.76474E-1 6.79007E-1 8.08243E-1 4.82063E-1 4.53819E-1 3.20402E-1 3.54837E-1 4.4198E-1 7.5184E-1 5.66175E-1 2.21216E-1 1.04541E-1 7.8108E-2 2.53403E-2 2.07606E-2 1.49959E-2 3.53005E-2 4.98323E-2 9.13306E-2 1.20875E-1 3.13475E-1 3.90635E-1 3.39842E-1 4.0755E-1 5.13162E-1 5.89163E-1 4.29509E-1 -9999 -9999 -9999 -9999 3.64377E-1 3.84878E-1 2.58687E-1 2.06196E-1
8.82414E-1 8.15843E-1 9.90675E-1 6.2547E-1 8.30184E-1 9.33569E-1 9.20069E-1 8.17958E-1 9.62948E-1 7.50054E-1 7.12889E-1 6.38494E-1 4.17413E-1 6.36121E-1 5.02947E-1 4.93228E-1 7.61453E-1 7.8763E-1 8.85373E-1 7.95197E-1 7.64618E-1 5.17254E-1 4.40549E-1 5.01777E-1 3.98851E-1 7.07395E-1 7.98516E-1 6.96924E-1 5.00752E-1 4.62908E-1 4.93777E-1 4.13858E-1 8.12378E-1 8.92056E-1 9.46959E-1 8.90478E-1 8.94012E-1 5.88842E-1 4.39513E-1 3.9617E-1 3.92155E-1 2.34427E-1 3.19355E-1 4.81995E-1 1.72864E-1 6.16295E-2 4.16701E-2 3.47593E-2 2.87992E-2 2.74924E-2 4.21219E-2 5.6175E-2 6.99861E-2 8.69667E-2 2.89199E-1 2.36455E-1 2.30331E-1 4.39969E-1 5.25611E-1 4.59206E-1 5.00894E-1 4.93376E-1 -9999 -9999 -9999 -9999 3.47852E-1 2.91826E-1 2.9429E-1
6.74479E-1 7.94947E-1 7.77911E-1 6.66601E-1 6.89845E-1 9.15117E-1 7.10049E-1 9.21171E-1 9.25477E-1 8.37344E-1 8.76705E-1 7.69075E-1 8.40993E-1 8.47277E-1 8.03355E-1 7.40351E-1 7.11693E-1 7.88831E-1 8.94202E-1 8.02915E-1 8.02512E-1 6.78612E-1 4.15664E-1 5.01547E-1 6.70247E-1 6.76757E-1 6.77399E-1 6.31612E-1 5.54803E-1 5.14191E-1 5.68118E-1 3.87762E-1 8.4011E-1 8.53372E-1 9.00616E-1 9.2871E-1 8.93896E-1 7.2378E-1 4.65567E-1 3.84619E-1 3.77228E-1 3.20655E-1 2.36386E-1 3.79237E-1 1.48655E-1 8.00091E-2 5.80809E-2 5.43129E-2 3.12622E-2 1.99294E-2 3.41207E-2 4.29436E-2 4.76787E-2 7.28664E-2 1.97884E-1 2.29049E-1 2.37114E-1 3.94517E-1 4.91585E-1 5.50641E-1 5.27897E-1 4.84974E-1 6.68604E-1 -9999 -9999 -9999 4.37392E-1 3.20104E-1 3.73152E-1
7.15107E-1 6.45433E-1 7.34686E-1 9.01064E-1 7.8157E-1 8.26251E-1 7.60029E-1 8.2259E-1 8.22225E-1 8.0659E-1 8.09943E-1 8.30882E-1 9.09263E-1 9.35867E-1 9.03817E-1 8.59583E-1 8.85305E-1 9.2805E-1 8.20776E-1 8.4549E-1 8.5001E-1 7.04868E-1 5.24335E-1 5.53419E-1 7.46528E-1 5.59863E-1 2.9668E-1 2.99921E-1 5.81295E-1 5.11133E-1 5.23084E-1 4.92829E-1 7.33005E-1 6.64584E-1 8.84848E-1 8.41148E-1 8.33535E-1 8.45961E-1 9.05804E-1 7.91862E-1 5.77326E-1 5.06904E-1 3.44686E-1 4.46214E-1 2.04381E-1 1.89719E-1 9.75241E-2 4.52068E-2 6.74846E-3 6.92961E-3 1.43607E-2 1.35703E-2 2.51602E-2 9.91396E-2 1.83012E-1 2.27756E-1 2.75094E-1 3.78299E-1 5.57278E-1 6.1399E-1 5.43114E-1 3.84597E-1 4.64628E-1 4.25628E-1 -9999 -9999 4.20837E-1 3.72517E-1 2.56008E-1
9.18576E-1 7.12327E-1 9.52407E-1 9.73553E-1 9.44339E-1 8.15479E-1 7.92764E-1 7.01728E-1 7.18089E-1 9.05244E-1 8.30224E-1 8.1076E-1 8.82102E-1 9.31809E-1 9.64384E-1 8.93993E-1 7.49067E-1 6.79137E-1 6.02599E-1 7.09082E-1 8.50979E-1 6.16848E-1 5.36121E-1 5.69159E-1 6.98756E-1 5.10361E-1 1.98309E-1 2.6639E-1 3.92457E-1 3.10675E-1 3.41357E-1 6.73738E-1 7.30676E-1 6.82836E-1 6.02032E-1 5.50342E-1 6.59023E-1 8.77271E-1 9.38917E-1 8.32085E-1 7.01302E-1 5.65794E-1 3.75674E-1 4.69918E-1 2.73682E-1 1.22693E-1 8.06272E-2 5.98875E-2 3.30925E-2 1.17226E-2 1.69251E-2 1.05292E-2 1.759E-2 1.25465E-1 2.14154E-1 1.45873E-1 1.57294E-1 2.85889E-1 3.68629E-1 5.60283E-1 6.12297E-1 3.62827E-1 2.78238E-1 2.54949E-1 -9999 -9999 3.40336E-1 3.27328E-1 4.04952E-1
6.15825E-1 4.92482E-1 7.49582E-1 8.04801E-1 8.87632E-1 7.33412E-1 7.78744E-1 7.20387E-1 8.75269E-1 8.96681E-1 8.83406E-1 7.74672E-1 6.8137E-1 7.27036E-1 6.34573E-1 8.82675E-1 8.33328E-1 5.15993E-1 5.07894E-1 7.06881E-1 7.38911E-1 6.6906E-1 6.02981E-1 4.28401E-1 4.51944E-1 3.83169E-1 2.77448E-1 2.58377E-1 3.78635E-1 3.70178E-1 7.13683E-1 2.75365E-1 3.58787E-1 5.79252E-1 4.0939E-1 4.59882E-1 5.39738E-1 8.25363E-1 8.31215E-1 7.05937E-1 6.49245E-1 6.38481E-1 4.03099E-1 3.28317E-1 5.22154E-2 9.68556E-2 1.11465E-1 7.40078E-2 2.75966E-2 2.92316E-2 2.01078E-2 8.25737E-3 7.49326E-3 5.47007E-2 1.53273E-1 1.07066E-1 1.75742E-1 2.2814E-1 3.32098E-1 4.38204E-1 6.66794E-1 4.12366E-1 3.33045E-1 3.37167E-1 1.97026E-1 2.63733E-1 2.57144E-1 3.60916E-1 3.56941E-1
7.91018E-1 5.24823E-1 7.08171E-1 7.04991E-1 7.17096E-1 5.46024E-1 7.08006E-1 8.574E-1 6.54799E-1 9.22219E-1 9.1637E-1 6.11536E-1 6.21201E-1 7.95525E-1 6.99979E-1 6.82739E-1 7.67869E-1 7.02274E-1 5.64178E-1 7.9527E-1 8.23511E-1 6.33589E-1 6.42795E-1 5.85476E-1 3.59518E-1 4.19306E-1 3.82336E-1 5.90986E-1 5.15778E-1 5.74376E-1 6.32776E-1 5.15665E-1 4.42863E-1 2.30425E-1 2.8053E-1 5.93896E-1 6.67557E-1 9.35194E-1 9.34625E-1 5.97042E-1 4.9449E-1 5.54192E-1 6.38344E-1 5.73309E-1 1.6988E-1 1.08189E-1 1.06495E-1 6.067E-2 5.41408E-2 1.85384E-2 7.32467E-3 6.58263E-3 2.00782E-3 3.93022E-3 1.24214E-1 1.57085E-1 2.61776E-1 4.50761E-1 5.15507E-1 5.76086E-1 5.69702E-1 4.59343E-1 5.10486E-1 2.76277E-1 2.07254E-1 3.27181E-1 3.1344E-1 2.74982E-1 2.72166E-1
7.69017E-1 6.11337E-1 3.79455E-1 2.80775E-1 3.72294E-1 5.13543E-1 7.4397E-1 7.06826E-1 7.5994E-1 5.51717E-1 6.38644E-1 4.84317E-1 6.98866E-1 8.28095E-1 8.52038E-1 6.92777E-1 5.44094E-1 5.60804E-1 6.86901E-1 6.28606E-1 8.372E-1 7.3658E-1 6.76459E-1 5.02855E-1 5.89202E-1 5.78047E-1 7.19722E-1 7.26018E-1 6.85436E-1 6.55958E-1 4.65421E-1 3.88756E-1 4.68202E-1 5.90852E-1 3.71045E-1 6.62804E-1 7.2973E-1 9.11142E-1 9.71965E-1 8.89044E-1 7.88392E-1 4.714E-1 6.09612E-1 7.9624E-1 2.78227E-1 1.07185E-1 6.38856E-2 9.00699E-2 4.07313E-2 2.89539E-2 2.54862E-2 1.46703E-2 1.1049E-2 6.8298E-3 3.9884E-2 1.14334E-1 2.16989E-1 4.34735E-1 4.44579E-1 4.77599E-1 4.42522E-1 3.14172E-1 2.78699E-1 3.74319E-1 1.94611E-1 2.29394E-1 3.25844E-1 2.13283E-1 3.07021E-1
6.6964E-1 6.93551E-1 4.93517E-1 3.46511E-1 1.77341E-1 3.76869E-1 8.87955E-1 5.50427E-1 7.74043E-1 5.96181E-1 3.45957E-1 5.73315E-1 4.69963E-1 5.72706E-1 8.23985E-1 7.69783E-1 6.28374E-1 7.92974E-1 8.11963E-1 4.76592E-1 7.02803E-1 7.48356E-1 5.90009E-1 5.8124E-1 6.26838E-1 7.31839E-1 7.46839E-1 7.20436E-1 8.45667E-1 5.51158E-1 6.86326E-1 4.29238E-1 5.2384E-1 4.62132E-1 4.68617E-1 3.81184E-1 5.73357E-1 8.77211E-1 9.51571E-1 9.37838E-1 9.07501E-1 6.45073E-1 6.9136E-1 8.72815E-1 3.74745E-1 1.41969E-1 1.05435E-1 9.55778E-2 3.20606E-2 5.13238E-2 5.34775E-2 3.98596E-2 2.46866E-2 1.03685E-2 1.18574E-2 1.61364E-1 2.1602E-1 2.59559E-1 3.06751E-1 3.42668E-1 3.44607E-1 2.49682E-1 2.11274E-1 2.81499E-1 2.84002E-1 1.87758E-1 1.74859E-1 2.96827E-1 3.27281E-1
4.46605E-1 8.16646E-1 8.16008E-1 4.07403E-1 2.78805E-1 1.86287E-1 6.83571E-1 7.00649E-1 6.43652E-1 4.68593E-1 3.25688E-1 5.16283E-1 4.39504E-1 5.2781E-1 6.98112E-1 7.5453E-1 6.91875E-1 7.75203E-1 8.31433E-1 6.9323E-1 5.79234E-1 6.10362E-1 6.71885E-1 6.98264E-1 4.95938E-1 5.47909E-1 6.96274E-1 7.31903E-1 7.71991E-1 7.45943E-1 6.56157E-1 5.2734E-1 6.35192E-1 6.9931E-1 7.69697E-1 4.85437E-1 4.60236E-1 9.05496E-1 9.44373E-1 9.46428E-1 8.89408E-1 6.20521E-1 4.79042E-1 6.784E-1 5.56968E-1 2.74873E-1 2.43269E-1 1.56493E-1 9.30543E-2 6.16635E-2 5.78854E-2 3.12665E-2 2.4728E-2 1.24692E-2 8.11104E-3 1.21368E-1 1.23291E-1 2.15568E-1 2.943E-1 2.68621E-1 2.74942E-1 3.23162E-1 2.11502E-1 2.8089E-1 3.13701E-1 2.43963E-1 2.05534E-1 2.14376E-1 2.53191E-1
4.76704E-1 5.6404E-1 4.2525E-1 4.61297E-1 7.15039E-1 3.14099E-1 2.47946E-1 3.66428E-1 4.4147E-1 4.12243E-1 4.3141E-1 4.10692E-1 4.32149E-1 5.205E-1 7.29217E-1 7.72106E-1 8.23092E-1 7.65976E-1 6.84857E-1 5.44956E-1 6.1564E-1 6.30994E-1 4.5803E-1 5.1228E-1 5.2658E-1 3.56193E-1 4.08396E-1 5.83556E-1 6.5946E-1 4.4518E-1 6.93801E-1 4.55785E-1 6.67371E-1 6.22839E-1 5.2684E-1 6.01265E-1 8.27576E-1 9.00413E-1 9.17243E-1 9.21816E-1 8.41796E-1 6.32326E-1 4.44338E-1 5.75302E-1 7.32391E-1 4.82418E-1 3.43101E-1 2.12763E-1 1.10981E-1 4.75362E-2 2.33531E-2 1.20017E-2 3.48181E-2 4.28597E-2 1.44868E-2 2.08661E-2 1.86844E-1 2.33714E-1 1.85589E-1 2.09091E-1 1.86339E-1 2.3573E-1 2.91009E-1 2.75872E-1 3.15141E-1 3.33614E-1 2.31326E-1 2.78339E-1 3.60772E-1
