ENM/Final_Models/M_0.8_F_q_Set_1_EC/Gustavia_santanderiensis_5_Choco_novel.asc
ncols         367
nrows         963
xllcorner     -78.6
yllcorner     0.65
cellsize      0.00833333333333323
NODATA_value  -9999
[rows 180 to 209 of 963, columns 272 to 339 of 367]
6.7871E0 1.47719E0 2.07406E1 2.53319E1 3.06019E1 2.14393E1 1.90837E1 2.14393E1 1.90837E1 2.14393E1 1.90837E1 1.17577E1 8.76335E0 7.86506E0 8.76335E0 1.17577E1 1.65286E1 2.43537E1 2.14393E1 3.06019E1 2.75876E1 1.90837E1 1.01407E1 8.76335E0 1.01407E1 2.14393E1 3.44346E1 2.43537E1 1.65286E1 1.01407E1 1.17577E1 1.01407E1 1.01407E1 1.17577E1 1.40932E1 1.90837E1 2.75876E1 2.75876E1 2.14393E1 1.90837E1 2.43537E1 3.44346E1 2.43537E1 2.14393E1 1.65286E1 1.01407E1 6.28805E0 8.58369E0 -9999 -9999 -9999 -9999 -9999 -9999 -9999 -9999 -9999 -9999 -9999 -9999 -9999 -9999 -9999 -9999 -9999 -9999 -9999 -9999
9.38217E0 1.10989E1 2.22777E1 2.5811E1 3.44346E1 2.75876E1 3.06019E1 2.14393E1 2.43537E1 3.06019E1 2.14393E1 1.40932E1 8.76335E0 7.86506E0 1.17577E1 1.40932E1 1.65286E1 1.90837E1 1.40932E1 2.43537E1 2.43537E1 1.40932E1 1.01407E1 7.86506E0 1.17577E1 1.90837E1 2.75876E1 1.90837E1 1.40932E1 8.76335E0 7.86506E0 7.86506E0 1.17577E1 1.40932E1 1.40932E1 1.65286E1 2.14393E1 1.90837E1 1.40932E1 1.17577E1 -9999 -9999 1.90837E1 1.17577E1 1.17577E1 9.54187E0 4.93063E0 5.76904E0 -9999 -9999 -9999 -9999 -9999 -9999 -9999 -9999 -9999 -9999 -9999 -9999 -9999 -9999 -9999 -9999 -9999 -9999 -9999 -9999
2.6849E1 2.11798E1 1.75067E1 2.22178E1 4.29983E1 4.29983E1 3.85468E1 3.06019E1 3.44346E1 3.85468E1 3.06019E1 2.43537E1 1.17577E1 8.76335E0 8.76335E0 1.01407E1 1.17577E1 1.40932E1 1.65286E1 2.43537E1 2.14393E1 1.01407E1 7.06657E0 7.06657E0 8.76335E0 1.40932E1 2.14393E1 1.65286E1 1.01407E1 1.17577E1 8.76335E0 1.17577E1 1.90837E1 2.14393E1 1.65286E1 1.65286E1 1.90837E1 1.65286E1 1.01407E1 1.01407E1 -9999 -9999 1.17577E1 6.42779E0 7.72532E0 5.80896E0 5.76904E0 -9999 -9999 -9999 -9999 -9999 -9999 -9999 -9999 -9999 -9999 -9999 -9999 -9999 -9999 -9999 -9999 -9999 -9999 -9999 -9999 -9999
1.59297E1 1.59297E1 2.03014E1 3.93253E1 4.29983E1 3.44346E1 3.85468E1 4.29983E1 4.29983E1 3.44346E1 2.43537E1 1.65286E1 1.40932E1 8.76335E0 7.86506E0 8.76335E0 8.76335E0 8.76335E0 1.17577E1 1.65286E1 1.65286E1 1.01407E1 7.06657E0 7.06657E0 8.76335E0 1.17577E1 1.40932E1 1.40932E1 1.17577E1 1.40932E1 1.01407E1 1.40932E1 1.90837E1 3.06019E1 2.43537E1 1.65286E1 2.43537E1 2.14393E1 1.17577E1 -9999 -9999 -9999 1.37339E1 4.75097E0 3.93253E0 4.37169E0 -9999 -9999 -9999 -9999 -9999 -9999 -9999 -9999 -9999 -9999 -9999 -9999 -9999 -9999 -9999 -9999 -9999 -9999 -9999 -9999 -9999 -9999
2.69887E1 2.82863E1 2.85857E1 3.74488E1 3.85468E1 3.06019E1 2.75876E1 3.85468E1 3.85468E1 3.85468E1 2.75876E1 2.14393E1 1.40932E1 1.01407E1 1.01407E1 7.86506E0 8.76335E0 8.76335E0 8.76335E0 1.01407E1 1.01407E1 8.76335E0 6.38786E0 6.04851E0 8.76335E0 1.17577E1 1.01407E1 1.01407E1 1.40932E1 1.90837E1 1.65286E1 1.90837E1 3.06019E1 3.78082E1 2.75876E1 1.65286E1 2.75876E1 2.75876E1 2.14393E1 -9999 -9999 8.5238E0 6.90688E0 4.45154E0 3.03424E0 -9999 -9999 -9999 -9999 -9999 -9999 -9999 -9999 -9999 -9999 -9999 -9999 -9999 -9999 -9999 -9999 -9999 -9999 -9999 -9999 -9999 -9999 -9999
4.06827E1 3.78082E1 3.95449E1 4.29983E1 3.85468E1 2.43537E1 1.65286E1 2.75876E1 2.43537E1 2.14393E1 2.43537E1 1.90837E1 2.14393E1 1.65286E1 1.65286E1 1.01407E1 1.01407E1 1.17577E1 7.86506E0 7.86506E0 7.86506E0 7.04661E0 6.44775E0 7.00669E0 1.01407E1 1.65286E1 1.17577E1 1.40932E1 2.14393E1 1.90837E1 2.14393E1 3.44346E1 3.44346E1 4.06627E1 2.75876E1 2.75876E1 3.2658E1 3.53928E1 -9999 -9999 -9999 8.58369E0 4.25192E0 -9999 -9999 -9999 -9999 -9999 -9999 -9999 -9999 -9999 -9999 -9999 -9999 -9999 -9999 -9999 -9999 -9999 -9999 -9999 -9999 -9999 -9999 -9999 -9999 -9999
4.29983E1 4.80287E1 4.36371E1 4.29983E1 3.44346E1 1.90837E1 1.40932E1 1.65286E1 1.40932E1 1.40932E1 1.40932E1 1.65286E1 2.43537E1 3.06019E1 2.43537E1 1.90837E1 2.14393E1 1.90837E1 1.01407E1 8.76335E0 8.76335E0 7.86506E0 1.01407E1 7.86506E0 1.40932E1 2.14393E1 1.90837E1 1.90837E1 2.75876E1 2.43537E1 2.14393E1 3.70496E1 4.34175E1 4.33776E1 4.14612E1 3.91855E1 3.7389E1 -9999 -9999 -9999 -9999 8.18445E0 -9999 -9999 -9999 -9999 -9999 -9999 -9999 -9999 -9999 -9999 -9999 -9999 -9999 -9999 -9999 -9999 -9999 -9999 -9999 -9999 -9999 -9999 -9999 -9999 -9999 -9999
3.50334E1 3.51931E1 4.0503E1 4.80287E1 3.85468E1 3.44346E1 1.90837E1 1.90837E1 1.01407E1 1.01407E1 1.65286E1 1.65286E1 2.75876E1 4.15011E1 3.80876E1 3.85468E1 3.06019E1 2.14393E1 1.40932E1 1.65286E1 1.65286E1 1.17577E1 1.17577E1 1.17577E1 1.40932E1 2.14393E1 2.75876E1 2.43537E1 3.44346E1 3.44346E1 3.44346E1 3.67701E1 4.62322E1 4.72303E1 4.17407E1 4.08624E1 3.97046E1 -9999 -9999 -9999 -9999 -9999 -9999 -9999 -9999 -9999 -9999 -9999 -9999 -9999 -9999 -9999 -9999 -9999 -9999 -9999 -9999 -9999 -9999 -9999 -9999 -9999 -9999 -9999 -9999 -9999 -9999 -9999
3.17197E1 3.156E1 3.19992E1 4.19802E1 5.20212E1 3.85468E1 2.14393E1 2.43537E1 1.65286E1 1.90837E1 2.75876E1 3.44346E1 2.75876E1 4.16209E1 4.68709E1 4.30782E1 4.00838E1 3.88662E1 2.43537E1 2.14393E1 2.75876E1 2.14393E1 1.65286E1 2.43537E1 1.90837E1 1.90837E1 3.62711E1 3.44346E1 3.74688E1 3.8926E1 4.47949E1 4.57331E1 5.1043E1 4.53938E1 3.37159E1 3.27977E1 3.64308E1 -9999 -9999 -9999 -9999 -9999 -9999 -9999 -9999 -9999 -9999 -9999 -9999 -9999 -9999 -9999 -9999 -9999 -9999 -9999 -9999 -9999 -9999 -9999 -9999 -9999 -9999 -9999 -9999 -9999 -9999 -9999
2.6849E1 1.8425E1 2.88851E1 4.49945E1 3.44146E1 4.85278E1 2.75876E1 2.75876E1 2.43537E1 2.43537E1 4.17008E1 4.58928E1 3.85468E1 4.4196E1 5.07835E1 4.38766E1 4.10021E1 4.88871E1 4.21599E1 4.14013E1 3.88662E1 2.43537E1 2.14393E1 3.44346E1 3.44346E1 2.75876E1 3.76085E1 4.13015E1 4.13015E1 4.13015E1 5.1602E1 5.27598E1 4.67312E1 3.94451E1 3.29374E1 2.43537E1 3.06019E1 2.43537E1 -9999 -9999 -9999 -9999 -9999 -9999 -9999 -9999 -9999 -9999 -9999 -9999 -9999 -9999 -9999 -9999 -9999 -9999 -9999 -9999 -9999 -9999 -9999 -9999 -9999 -9999 -9999 -9999 -9999 -9999
2.28765E1 2.60705E1 3.14802E1 4.72103E1 4.85677E1 4.38966E1 4.22597E1 3.85468E1 3.44346E1 3.44346E1 4.83881E1 5.55544E1 4.63519E1 4.8428E1 5.35383E1 3.94451E1 3.96048E1 5.15021E1 5.36581E1 4.72901E1 3.80876E1 3.80078E1 3.93253E1 4.36571E1 4.1042E1 3.77084E1 4.46751E1 4.45354E1 4.66114E1 4.80287E1 5.45164E1 4.5274E1 3.70097E1 3.55525E1 2.75876E1 2.14393E1 2.43537E1 1.65286E1 1.21569E1 -9999 -9999 -9999 -9999 -9999 -9999 -9999 -9999 -9999 -9999 -9999 -9999 -9999 -9999 -9999 -9999 -9999 -9999 -9999 -9999 -9999 -9999 -9999 -9999 -9999 -9999 -9999 -9999 -9999
1.33347E1 2.17387E1 3.69498E1 4.19004E1 5.12626E1 4.56333E1 5.10231E1 4.62322E1 4.19802E1 4.59727E1 5.31989E1 3.54926E1 5.60136E1 5.38976E1 5.49955E1 4.24593E1 4.62122E1 5.44765E1 5.60136E1 4.62322E1 3.44346E1 4.12217E1 5.07037E1 5.29394E1 4.47749E1 4.44755E1 4.98453E1 4.90468E1 5.50953E1 5.57341E1 5.0524E1 4.04432E1 3.44346E1 3.49935E1 3.86066E1 3.53129E1 3.06019E1 2.43537E1 1.90837E1 9.38217E0 -9999 -9999 -9999 -9999 -9999 -9999 -9999 -9999 -9999 -9999 -9999 -9999 -9999 -9999 -9999 -9999 -9999 -9999 -9999 -9999 -9999 -9999 -9999 -9999 -9999 -9999 -9999 -9999
2.88452E1 2.96038E1 3.99042E1 5.12626E1 5.12626E1 4.56333E1 5.81495E1 5.31989E1 4.88073E1 5.13225E1 5.54746E1 4.2639E1 5.45563E1 6.19822E1 5.35383E1 4.46751E1 5.34784E1 5.60934E1 5.12626E1 4.29185E1 4.28586E1 4.40763E1 5.29195E1 5.81495E1 5.22607E1 5.51352E1 5.35383E1 5.38976E1 5.63529E1 4.85278E1 4.32378E1 4.25192E1 4.40763E1 4.30582E1 3.93852E1 3.28975E1 2.75876E1 2.14393E1 1.29753E1 7.78521E0 -9999 -9999 -9999 -9999 -9999 -9999 -9999 -9999 -9999 -9999 -9999 -9999 -9999 -9999 -9999 -9999 -9999 -9999 -9999 -9999 -9999 -9999 -9999 -9999 -9999 -9999 -9999 -9999
2.27368E1 4.71504E1 5.12626E1 5.12626E1 5.32588E1 5.55145E1 6.24813E1 5.44166E1 5.3698E1 5.44166E1 4.27388E1 4.2639E1 6.07246E1 6.16229E1 4.92664E1 5.30193E1 6.12636E1 5.51951E1 5.28795E1 4.88272E1 5.18215E1 5.16219E1 5.55544E1 6.20421E1 5.86086E1 5.64527E1 5.5774E1 5.97465E1 5.22407E1 4.93862E1 5.0524E1 4.59727E1 3.85268E1 3.90259E1 3.22986E1 2.75876E1 2.72682E1 1.65286E1 1.05599E1 1.12985E1 -9999 -9999 -9999 -9999 -9999 -9999 -9999 -9999 -9999 -9999 -9999 -9999 -9999 -9999 -9999 -9999 -9999 -9999 -9999 -9999 -9999 -9999 -9999 -9999 -9999 -9999 -9999 -9999
1.89041E1 3.99042E1 5.12626E1 5.38377E1 4.48149E1 3.16798E1 4.34974E1 5.74708E1 5.51951E1 4.86476E1 4.25392E1 4.18605E1 5.15221E1 5.90079E1 5.16219E1 5.71913E1 5.86885E1 6.28007E1 5.35982E1 5.13624E1 5.58339E1 5.12426E1 5.26599E1 5.66923E1 5.53349E1 3.8926E1 3.83871E1 5.62132E1 5.46961E1 4.91865E1 4.75497E1 4.39764E1 3.94451E1 3.44346E1 2.75876E1 3.03424E1 3.43747E1 2.64697E1 1.53708E1 -9999 -9999 -9999 -9999 -9999 -9999 -9999 -9999 -9999 -9999 -9999 -9999 -9999 -9999 -9999 -9999 -9999 -9999 -9999 -9999 -9999 -9999 -9999 -9999 -9999 -9999 -9999 -9999 -9999
1.33347E1 1.2636E1 3.99042E1 4.87873E1 5.1063E1 6.01258E1 5.24603E1 5.1063E1 4.16209E1 3.95449E1 6.17626E1 3.0023E1 5.36181E1 5.50554E1 5.23206E1 5.4736E1 6.5795E1 5.92275E1 5.46961E1 5.75107E1 4.7909E1 4.59327E1 4.09222E1 2.8925E1 3.71095E1 3.82673E1 5.61932E1 5.30193E1 4.87673E1 4.09422E1 4.40363E1 3.67302E1 3.48139E1 3.14203E1 2.75876E1 3.54926E1 3.82074E1 2.8446E1 1.82853E1 -9999 -9999 -9999 -9999 -9999 -9999 -9999 -9999 -9999 -9999 -9999 -9999 -9999 -9999 -9999 -9999 -9999 -9999 -9999 -9999 -9999 -9999 -9999 -9999 -9999 -9999 -9999 -9999 -9999
1.59297E1 2.88452E1 3.34165E1 4.5274E1 6.32199E1 5.10829E1 2.41341E1 4.9466E1 5.76505E1 6.1563E1 5.36181E1 2.71484E1 5.94471E1 5.37778E1 6.02056E1 7.48178E1 5.8948E1 5.80497E1 6.53159E1 4.14612E1 4.33177E1 4.78092E1 4.71305E1 4.50145E1 4.53339E1 4.99651E1 5.44765E1 4.45753E1 3.9485E1 3.68101E1 3.81276E1 3.06019E1 2.43537E1 2.43537E1 3.60315E1 4.1581E1 3.91257E1 3.01627E1 3.12406E1 -9999 -9999 -9999 -9999 -9999 -9999 -9999 -9999 -9999 -9999 -9999 -9999 -9999 -9999 -9999 -9999 -9999 -9999 -9999 -9999 -9999 -9999 -9999 -9999 -9999 -9999 -9999 -9999 -9999
2.91247E1 3.01827E1 4.54337E1 5.16818E1 6.17826E1 4.79888E1 4.20401E1 5.51951E1 5.6832E1 6.29604E1 5.8948E1 3.0023E1 5.66524E1 5.34984E1 5.66723E1 6.78511E1 6.93482E1 6.99671E1 6.43976E1 5.06637E1 4.4216E1 4.75497E1 4.87873E1 4.19403E1 4.1062E1 4.64318E1 5.99461E1 4.7909E1 4.69308E1 4.4196E1 4.32778E1 3.35962E1 2.14393E1 2.43537E1 3.71095E1 4.46352E1 4.24194E1 3.66703E1 4.17008E1 -9999 -9999 -9999 -9999 -9999 -9999 -9999 -9999 -9999 -9999 -9999 -9999 -9999 -9999 -9999 -9999 -9999 -9999 -9999 -9999 -9999 -9999 -9999 -9999 -9999 -9999 -9999 -9999 -9999
3.09013E1 4.6292E1 3.90259E1 4.6292E1 2.71484E1 4.37968E1 4.98653E1 2.71484E1 5.74309E1 4.04432E1 4.04432E1 5.06238E1 6.8969E1 6.84899E1 6.65935E1 6.17826E1 7.19832E1 7.17237E1 5.86486E1 5.27398E1 5.09831E1 5.22208E1 5.22208E1 5.24603E1 4.84879E1 4.21E1 5.9467E1 5.5774E1 5.57141E1 4.92864E1 4.08424E1 3.44545E1 2.43537E1 3.39355E1 3.96846E1 4.51941E1 4.7909E1 4.72901E1 -9999 -9999 -9999 -9999 -9999 -9999 -9999 -9999 -9999 -9999 -9999 -9999 -9999 -9999 -9999 -9999 -9999 -9999 -9999 -9999 -9999 -9999 -9999 -9999 -9999 -9999 -9999 -9999 -9999 -9999
4.95459E1 5.39974E1 4.60924E1 4.77692E1 6.01657E1 3.81874E1 3.97245E1 4.60126E1 4.7869E1 6.07246E1 6.50764E1 5.07037E1 6.02855E1 6.30602E1 6.55554E1 5.89081E1 5.86885E1 5.98463E1 5.63729E1 5.35782E1 5.26599E1 5.16818E1 5.25601E1 5.30792E1 4.71504E1 5.29195E1 4.34574E1 5.84689E1 4.91865E1 4.10021E1 3.53129E1 3.33167E1 3.04422E1 3.82074E1 4.4196E1 4.95259E1 5.28995E1 4.5793E1 -9999 -9999 -9999 -9999 -9999 -9999 -9999 -9999 -9999 -9999 -9999 -9999 -9999 -9999 -9999 -9999 -9999 -9999 -9999 -9999 -9999 -9999 -9999 -9999 -9999 -9999 -9999 -9999 -9999 -9999
1.59297E1 3.95848E1 3.683E1 4.40563E1 6.06647E1 3.76684E1 2.35952E1 2.88053E1 5.29394E1 6.93283E1 7.59158E1 6.5795E1 5.44565E1 6.36191E1 6.36191E1 6.09841E1 6.02256E1 5.83691E1 5.11229E1 5.6293E1 5.34784E1 4.45753E1 4.95459E1 4.73101E1 5.15021E1 5.50554E1 4.83282E1 5.59737E1 4.75097E1 4.92664E1 4.56333E1 4.06428E1 3.33167E1 3.96447E1 4.78291E1 5.33786E1 5.32788E1 4.60325E1 -9999 -9999 -9999 -9999 -9999 -9999 -9999 -9999 -9999 -9999 -9999 -9999 -9999 -9999 -9999 -9999 -9999 -9999 -9999 -9999 -9999 -9999 -9999 -9999 -9999 -9999 -9999 -9999 -9999 -9999
1.54906E1 6.14832E0 4.71903E1 5.83691E1 6.38587E1 5.83691E1 3.72492E1 3.82673E1 3.79479E1 3.8926E1 4.54936E1 5.04042E1 7.13444E1 5.55544E1 6.02056E1 5.90877E1 5.4756E1 5.09632E1 4.54736E1 5.30193E1 4.66114E1 4.33776E1 4.21998E1 4.06827E1 4.82483E1 5.51352E1 6.41781E1 4.84879E1 5.61733E1 5.14223E1 4.10221E1 3.83871E1 3.96447E1 4.53738E1 5.25801E1 5.54746E1 4.69508E1 -9999 -9999 -9999 -9999 -9999 -9999 -9999 -9999 -9999 -9999 -9999 -9999 -9999 -9999 -9999 -9999 -9999 -9999 -9999 -9999 -9999 -9999 -9999 -9999 -9999 -9999 -9999 -9999 -9999 -9999 -9999
1.13784E0 5.68919E0 3.60715E1 5.54147E1 6.16429E1 4.08624E1 4.67512E1 5.24603E1 5.77702E1 3.39754E1 4.61723E1 6.88492E1 6.09442E1 4.96257E1 5.55544E1 4.91267E1 5.67721E1 5.38776E1 4.57131E1 4.35373E1 3.74688E1 3.94451E1 3.49336E1 4.02635E1 4.76095E1 5.5774E1 6.02256E1 4.4196E1 4.64118E1 4.81884E1 4.44356E1 4.82084E1 4.4196E1 5.36581E1 5.78301E1 5.32788E1 -9999 -9999 -9999 -9999 -9999 -9999 -9999 -9999 -9999 -9999 -9999 -9999 -9999 -9999 -9999 -9999 -9999 -9999 -9999 -9999 -9999 -9999 -9999 -9999 -9999 -9999 -9999 -9999 -9999 -9999 -9999 -9999
5.17018E0 5.72911E0 1.96227E1 5.91875E1 5.58539E1 6.20621E1 4.53339E1 3.99241E1 5.29195E1 4.65915E1 4.77692E1 7.11049E1 6.21419E1 5.59537E1 5.29394E1 5.32588E1 5.18215E1 4.98852E1 4.98852E1 4.4216E1 3.80078E1 3.06019E1 3.60116E1 4.17008E1 4.8947E1 5.37978E1 5.72313E1 4.35373E1 4.23396E1 3.47739E1 3.82673E1 3.91257E1 3.70696E1 5.06039E1 5.57141E1 4.90867E1 -9999 -9999 -9999 -9999 -9999 -9999 -9999 -9999 -9999 -9999 -9999 -9999 -9999 -9999 -9999 -9999 -9999 -9999 -9999 -9999 -9999 -9999 -9999 -9999 -9999 -9999 -9999 -9999 -9999 -9999 -9999 -9999
8.78331E-1 4.19204E0 8.18445E0 4.38966E1 5.55544E1 6.31201E1 5.54147E1 2.92444E1 5.47959E1 5.84689E1 5.92275E1 6.45773E1 7.34405E1 5.70716E1 6.31001E1 5.26599E1 4.98054E1 4.38766E1 4.72901E1 4.28985E1 3.67701E1 3.79479E1 3.90458E1 3.96846E1 4.26789E1 4.56333E1 5.34584E1 4.77692E1 4.25591E1 4.06827E1 3.9984E1 3.9465E1 4.36571E1 4.71903E1 5.20212E1 4.62521E1 -9999 -9999 -9999 -9999 -9999 -9999 -9999 -9999 -9999 -9999 -9999 -9999 -9999 -9999 -9999 -9999 -9999 -9999 -9999 -9999 -9999 -9999 -9999 -9999 -9999 -9999 -9999 -9999 -9999 -9999 -9999 -9999
1.59297E1 1.87643E0 3.87264E0 2.99631E1 4.95459E1 3.14802E1 3.81076E1 4.85478E1 4.76694E1 6.43378E1 6.94081E1 6.06248E1 7.97086E1 6.80707E1 5.95469E1 5.4756E1 4.77892E1 3.99241E1 4.21998E1 4.03833E1 4.4196E1 4.62122E1 4.58728E1 5.03443E1 4.62122E1 4.28985E1 4.98453E1 5.14223E1 5.35383E1 3.80277E1 3.81874E1 5.43368E1 5.4716E1 5.48757E1 5.01248E1 4.0503E1 -9999 -9999 -9999 -9999 -9999 -9999 -9999 -9999 -9999 -9999 -9999 -9999 -9999 -9999 -9999 -9999 -9999 -9999 -9999 -9999 -9999 -9999 -9999 -9999 -9999 -9999 -9999 -9999 -9999 -9999 -9999 -9999
1.23765E0 2.29564E0 2.01617E0 8.1046E0 2.28765E1 5.08434E1 6.27009E1 4.54936E1 4.65915E1 5.28196E1 6.21819E1 4.76495E1 6.86895E1 6.51562E1 6.20421E1 5.40573E1 5.01847E1 4.38367E1 4.51941E1 4.4216E1 4.69708E1 5.35782E1 4.88871E1 5.45963E1 5.34984E1 4.90468E1 5.20411E1 5.25402E1 4.77493E1 5.11828E1 4.79489E1 5.11029E1 5.35582E1 5.07835E1 4.68709E1 3.96447E1 -9999 -9999 -9999 -9999 -9999 -9999 -9999 -9999 -9999 -9999 -9999 -9999 -9999 -9999 -9999 -9999 -9999 -9999 -9999 -9999 -9999 -9999 -9999 -9999 -9999 -9999 -9999 -9999 -9999 -9999 -9999 -9999
2.01617E0 2.17587E0 1.01807E0 6.14832E0 2.60705E1 5.45563E1 6.02655E1 4.7869E1 5.34784E1 4.19004E1 6.17826E1 6.27208E1 7.23825E1 5.54147E1 5.50554E1 5.80297E1 5.81894E1 5.0524E1 5.51352E1 5.34784E1 5.45563E1 5.02046E1 5.44765E1 5.9467E1 5.81096E1 5.7371E1 5.44565E1 5.69318E1 5.5774E1 4.85078E1 3.93053E1 4.74099E1 4.89869E1 5.03044E1 4.92864E1 4.62122E1 -9999 -9999 -9999 -9999 -9999 -9999 -9999 -9999 -9999 -9999 -9999 -9999 -9999 -9999 -9999 -9999 -9999 -9999 -9999 -9999 -9999 -9999 -9999 -9999 -9999 -9999 -9999 -9999 -9999 -9999 -9999 -9999
8.78331E-1 9.44206E0 6.46771E0 8.2643E0 3.48338E1 4.19004E1 5.70716E1 6.69728E1 6.50764E1 5.42369E1 7.09652E1 6.17427E1 6.80507E1 6.76714E1 5.90478E1 6.25811E1 5.22607E1 5.15021E1 6.1044E1 5.45364E1 6.16628E1 5.89081E1 5.95069E1 6.02855E1 4.77293E1 4.53538E1 4.58728E1 5.65526E1 5.33985E1 5.07436E1 4.37569E1 4.48747E1 5.35383E1 5.262E1 5.4197E1 5.20611E1 -9999 -9999 -9999 -9999 -9999 -9999 -9999 -9999 -9999 -9999 -9999 -9999 -9999 -9999 -9999 -9999 -9999 -9999 -9999 -9999 -9999 -9999 -9999 -9999 -9999 -9999 -9999 -9999 -9999 -9999 -9999 -9999
9.18255E-1 1.5271E1 1.39335E1 1.03004E1 4.19004E1 4.97255E1 5.33586E1 6.26609E1 6.35792E1 5.06637E1 6.72323E1 6.59347E1 6.54956E1 6.01258E1 5.82493E1 6.25811E1 5.74508E1 5.62132E1 6.16229E1 6.35592E1 6.07845E1 5.89081E1 5.45364E1 5.17217E1 4.24993E1 4.11818E1 4.91267E1 5.44965E1 5.56942E1 5.04442E1 5.06637E1 5.13225E1 5.60136E1 5.30193E1 4.4196E1 -9999 -9999 -9999 -9999 -9999 -9999 -9999 -9999 -9999 -9999 -9999 -9999 -9999 -9999 -9999 -9999 -9999 -9999 -9999 -9999 -9999 -9999 -9999 -9999 -9999 -9999 -9999 -9999 -9999 -9999 -9999 -9999 -9999
