ENM/Final_Models/M_0.8_F_q_Set_1_EC/Gustavia_santanderiensis_4_Choco.asc
ncols         367
nrows         963
xllcorner     -78.6
yllcorner     0.65
cellsize      0.00833333333333323
NODATA_value  -9999
[rows 665 to 699 of 963, columns 156 to 233 of 367]
1E0 1E0 1E0 1E0 1E0 1E0 1E0 1E0 1E0 1E0 1E0 1E0 1E0 1E0 1E0 1E0 1E0 1E0 1E0 1E0 1E0 1E0 1E0 1E0 1E0 1E0 1E0 1E0 1E0 9.99991E-1 9.89761E-1 8.80033E-1 3.9708E-1 9.99947E-1 6.31153E-1 5.60783E-1 6.4487E-1 9.06643E-1 9.98062E-1 4.75204E-1 3.62056E-1 3.43235E-1 4.37681E-1 5.6066E-1 9.27288E-1 8.68032E-1 7.75352E-1 3.51149E-1 3.62777E-1 6.24301E-1 2.85669E-1 1.96307E-1 3.55555E-1 2.10748E-1 2.82444E-1 5.06961E-2 1.41736E-2 2.81685E-4 2.00377E-4 6.44085E-4 1.50926E-3 1.78338E-3 -9999 -9999 -9999 -9999 -9999 -9999 -9999 -9999 -9999 -9999 -9999 -9999 -9999 -9999 -9999 -9999
1E0 1E0 1E0 1E0 1E0 1E0 1E0 1E0 1E0 1E0 1E0 1E0 1E0 1E0 1E0 1E0 1E0 1E0 1E0 1E0 1E0 1E0 1E0 1E0 1E0 1E0 1E0 1E0 9.9986E-1 1E0 1.28581E-1 7.99482E-3 4.59094E-2 9.98557E-1 6.92586E-1 7.55624E-1 4.94261E-1 2.83719E-1 9.53531E-1 9.51413E-1 9.34361E-1 7.79789E-1 6.47002E-1 8.97246E-1 9.67824E-1 6.95276E-1 8.23068E-1 5.68952E-1 6.24346E-1 3.92002E-1 4.15412E-1 2.66101E-1 2.66563E-1 2.3264E-1 1.42592E-1 1.46432E-2 2.27839E-3 1.00563E-4 4.60932E-5 1.47731E-3 1.90712E-3 6.73394E-3 -9999 -9999 -9999 -9999 -9999 -9999 -9999 -9999 -9999 -9999 -9999 -9999 -9999 -9999 -9999 -9999
1E0 1E0 1E0 1E0 1E0 1E0 1E0 1E0 1E0 1E0 1E0 1E0 1E0 1E0 1E0 1E0 1E0 1E0 1E0 1E0 1E0 1E0 1E0 1E0 1E0 1E0 1E0 9.76434E-2 6.15734E-2 3.81374E-2 5.30175E-3 2.46103E-3 1.48134E-2 9.98657E-1 9.92709E-1 9.96388E-1 4.95984E-1 3.48923E-1 7.04627E-1 9.11812E-1 7.66744E-1 9.56277E-1 7.77083E-1 9.7716E-1 8.49765E-1 3.77554E-1 2.88593E-1 2.03886E-1 1.56053E-1 2.11054E-1 4.43518E-1 2.4425E-1 2.14047E-1 7.7894E-2 5.61297E-2 3.15587E-3 1.17589E-3 2.05615E-5 6.11575E-5 1.87672E-4 4.8025E-4 -9999 -9999 -9999 -9999 -9999 -9999 -9999 -9999 -9999 -9999 -9999 -9999 -9999 -9999 -9999 -9999 -9999
1E0 1E0 1E0 1E0 1E0 1E0 1E0 1E0 1E0 1E0 1E0 1E0 1E0 1E0 1E0 1E0 1E0 1E0 1E0 9.99994E-1 1E0 1E0 1E0 1E0 1E0 1E0 4.52864E-1 6.20161E-2 1.3802E-2 3.45214E-3 4.65788E-4 7.19212E-3 2.42842E-2 9.91508E-1 1E0 9.99994E-1 3.07616E-1 5.05683E-1 8.18751E-1 9.38165E-1 5.3778E-1 6.73434E-1 8.55075E-1 9.86535E-1 8.50099E-1 3.44071E-1 4.71438E-1 2.05789E-1 1.77119E-1 1.54108E-1 3.4757E-1 1.46748E-1 1.13602E-1 7.38133E-2 2.22182E-2 8.47798E-3 2.99764E-3 4.0842E-5 1.47093E-5 5.61437E-5 8.81416E-4 -9999 -9999 -9999 -9999 -9999 -9999 -9999 -9999 -9999 -9999 -9999 -9999 -9999 -9999 -9999 -9999 -9999
1E0 1E0 1E0 1E0 1E0 1E0 1E0 1E0 1E0 1E0 1E0 1E0 1E0 1E0 1E0 1E0 1E0 1E0 1E0 9.9959E-1 1E0 1E0 1E0 1E0 1E0 1E0 1.94477E-1 4.43053E-2 4.85589E-2 1.60017E-2 1.29516E-3 1.03781E-2 6.28566E-2 9.99964E-1 8.66999E-1 9.34632E-1 4.17526E-1 7.51433E-1 5.78658E-1 8.11176E-1 7.86092E-1 5.00268E-1 5.4938E-1 7.60798E-1 9.65242E-1 7.76305E-1 4.47521E-1 3.86295E-1 3.51684E-1 1.05458E-1 3.52441E-2 2.66349E-2 2.22145E-2 1.57789E-2 9.69791E-3 3.09074E-3 1.5195E-3 6.82939E-5 5.40523E-5 1.50476E-5 4.82441E-4 -9999 -9999 -9999 -9999 -9999 -9999 -9999 -9999 -9999 -9999 -9999 -9999 -9999 -9999 -9999 -9999 -9999
1E0 1E0 1E0 1E0 1E0 1E0 1E0 1E0 1E0 1E0 1E0 1E0 1E0 1E0 1E0 1E0 1E0 1E0 1E0 1E0 1E0 1E0 1E0 1E0 1E0 1E0 1.4503E-1 6.89239E-2 2.242E-2 1.21789E-2 8.56529E-4 2.10208E-2 5.24743E-2 4.25993E-1 4.32625E-1 4.45763E-1 4.78236E-1 6.28604E-1 5.19554E-1 5.24499E-1 6.50288E-1 5.4823E-1 4.27044E-1 4.46771E-1 8.52561E-1 9.1587E-1 6.63253E-1 4.74101E-1 3.49754E-1 2.81378E-1 4.39936E-2 5.64578E-3 2.0502E-2 7.48471E-3 2.06032E-3 2.87256E-3 4.01054E-3 2.43353E-4 1.32828E-4 1.95865E-4 3.42722E-4 -9999 -9999 -9999 -9999 -9999 -9999 -9999 -9999 -9999 -9999 -9999 -9999 -9999 -9999 -9999 -9999 -9999
1E0 1E0 1E0 1E0 1E0 1E0 1E0 1E0 1E0 1E0 1E0 1E0 1E0 1E0 1E0 1E0 1E0 1E0 1E0 1E0 1E0 1E0 1E0 1E0 1E0 1E0 3.3854E-2 1.69366E-2 1.20411E-2 3.71571E-3 5.98921E-4 2.4463E-3 5.0574E-2 2.44306E-1 4.90528E-1 4.98627E-1 3.13743E-1 5.47143E-1 4.74175E-1 5.41076E-1 1.83218E-1 4.19327E-1 3.7757E-1 2.53068E-1 4.51115E-1 5.60251E-1 6.42173E-1 6.60436E-1 4.57305E-1 2.89547E-1 4.51056E-2 2.21791E-2 3.56394E-2 2.38883E-2 1.42966E-2 1.45232E-2 9.81493E-3 3.48469E-3 1.47477E-4 7.15078E-4 4.88143E-4 -9999 -9999 -9999 -9999 -9999 -9999 -9999 -9999 -9999 -9999 -9999 -9999 -9999 -9999 -9999 -9999 -9999
1E0 1E0 1E0 1E0 1E0 1E0 1E0 1E0 1E0 1E0 1E0 1E0 1E0 1E0 1E0 1E0 1E0 1E0 1E0 1E0 1E0 1E0 1E0 1E0 1E0 7.51696E-1 8.22837E-2 1.11683E-1 7.10375E-2 7.51902E-3 9.16186E-4 1.81621E-3 3.60602E-2 2.82255E-1 4.13286E-1 4.59601E-1 1.82603E-1 2.27689E-1 3.80481E-1 4.71188E-1 2.33339E-1 4.09991E-1 3.10625E-1 3.17332E-1 3.49237E-1 1.75966E-1 3.01156E-1 1.99952E-1 3.42172E-1 2.8198E-1 1.83331E-1 1.23699E-1 6.23044E-2 6.17053E-2 4.42897E-2 2.4004E-2 1.86522E-2 5.77238E-3 2.95263E-5 2.74859E-5 3.21294E-4 -9999 -9999 -9999 -9999 -9999 -9999 -9999 -9999 -9999 -9999 -9999 -9999 -9999 -9999 -9999 -9999 -9999
1E0 1E0 1E0 1E0 1E0 1E0 1E0 1E0 1E0 1E0 1E0 1E0 1E0 1E0 1E0 1E0 1E0 1E0 1E0 1E0 1E0 1E0 1E0 1E0 1E0 8.15379E-1 7.69228E-2 2.30995E-2 4.83175E-2 5.91384E-3 3.78999E-4 1.52256E-3 4.86887E-2 4.42613E-1 3.95672E-1 2.43968E-1 5.73247E-2 8.82531E-2 2.86142E-1 2.05368E-1 1.77758E-1 3.58038E-1 3.88839E-1 2.28795E-1 2.16188E-1 1.99673E-1 3.45362E-1 3.26887E-1 3.03057E-1 3.99023E-1 1.65665E-1 3.00993E-1 2.48368E-1 3.75157E-1 1.83537E-1 5.16743E-2 2.03289E-2 6.40063E-3 3.92564E-5 4.32816E-5 3.98323E-4 -9999 -9999 -9999 -9999 -9999 -9999 -9999 -9999 -9999 -9999 -9999 -9999 -9999 -9999 -9999 -9999 -9999
1E0 1E0 1E0 1E0 1E0 1E0 1E0 1E0 1E0 1E0 1E0 1E0 1E0 1E0 1E0 1E0 1E0 1E0 1E0 1E0 1E0 1E0 1E0 1E0 1E0 1E0 1.66715E-1 5.08171E-1 8.41872E-2 4.6013E-2 1.38505E-3 2.02918E-4 9.53051E-3 1.59314E-1 9.84618E-1 9.96799E-1 8.39801E-1 9.60641E-1 2.58333E-1 2.78037E-1 8.68058E-2 1.73577E-1 1.86149E-1 4.13404E-1 1.93221E-1 1.55654E-1 2.43924E-1 3.09947E-1 2.534E-1 2.17405E-1 1.79623E-1 1.65294E-1 1.51005E-1 2.3943E-1 2.04606E-1 1.4763E-1 2.35717E-2 2.73957E-3 6.54477E-5 3.35367E-5 7.13456E-4 -9999 -9999 -9999 -9999 -9999 -9999 -9999 -9999 -9999 -9999 -9999 -9999 -9999 -9999 -9999 -9999 -9999
1E0 1E0 1E0 1E0 1E0 1E0 1E0 1E0 1E0 1E0 1E0 1E0 1E0 1E0 1E0 1E0 1E0 1E0 1E0 1E0 1E0 1E0 1E0 1E0 1E0 9.99887E-1 1E0 1.92593E-1 5.47681E-2 5.28401E-3 1.79198E-3 9.82497E-3 1.48571E-2 1.52517E-1 7.18704E-1 6.20088E-1 7.00377E-1 8.69188E-1 3.41541E-1 1.36054E-1 1.97925E-1 1.90675E-1 3.52919E-1 1.74335E-1 7.88883E-2 1.80173E-1 2.3631E-1 1.9414E-1 2.69109E-1 1.44477E-1 2.17884E-2 1.84243E-2 1.41003E-1 1.43972E-1 5.79749E-2 1.07955E-1 1.73227E-2 3.80328E-3 1.20179E-4 3.35648E-5 1.39218E-4 -9999 -9999 -9999 -9999 -9999 -9999 -9999 -9999 -9999 -9999 -9999 -9999 -9999 -9999 -9999 -9999 -9999
1E0 1E0 1E0 1E0 1E0 1E0 1E0 1E0 1E0 1E0 1E0 1E0 1E0 1E0 1E0 1E0 1E0 1E0 1E0 1E0 1E0 1E0 1E0 1E0 1E0 1E0 9.99556E-1 8.57218E-2 7.19787E-2 1.62543E-2 1.33239E-2 2.72041E-2 1.57873E-1 8.57447E-1 1.01469E-1 1.33225E-1 7.89373E-2 4.20616E-1 1.85748E-1 7.8161E-2 1.92449E-1 8.38433E-2 1.11431E-1 9.51562E-2 5.57692E-2 3.13507E-2 5.1363E-2 3.03502E-2 1.7282E-1 5.91164E-2 1.07559E-2 4.43136E-3 5.73786E-2 2.02226E-2 7.04684E-3 8.34067E-3 2.57535E-3 4.18515E-3 6.28695E-5 1.62508E-4 1.1056E-3 -9999 -9999 -9999 -9999 -9999 -9999 -9999 -9999 -9999 -9999 -9999 -9999 -9999 -9999 -9999 -9999 -9999
1E0 1E0 1E0 1E0 1E0 1E0 1E0 1E0 1E0 1E0 1E0 1E0 1E0 1E0 1E0 1E0 1E0 1E0 1E0 1E0 1E0 1E0 1E0 1E0 1E0 1E0 1E0 8.26794E-2 1.45829E-1 1.86263E-1 5.83418E-2 2.83766E-1 1E0 8.44099E-1 1.40113E-1 3.81473E-1 2.9454E-1 1.71728E-1 3.64418E-2 4.38572E-2 7.84079E-2 6.36635E-2 7.70818E-2 1.17572E-1 1.62063E-2 9.1883E-3 2.23552E-3 7.0853E-3 2.49145E-2 7.63168E-2 4.29128E-2 5.24393E-3 1.34107E-2 6.21909E-3 3.75644E-3 4.97521E-3 2.79328E-4 7.40307E-5 1.16509E-4 4.93935E-4 2.08868E-3 -9999 -9999 -9999 -9999 -9999 -9999 -9999 -9999 -9999 -9999 -9999 -9999 -9999 -9999 -9999 -9999 -9999
1E0 1E0 1E0 1E0 1E0 1E0 1E0 1E0 1E0 1E0 1E0 1E0 1E0 1E0 1E0 1E0 1E0 1E0 1E0 1E0 1E0 1E0 1E0 1E0 1E0 1E0 1E0 1E0 1E0 9.98852E-1 8.25503E-1 9.99995E-1 1E0 9.97335E-1 9.7023E-1 9.99758E-1 9.08679E-1 1.83742E-1 1.94175E-2 7.75776E-2 2.21063E-2 3.65956E-2 3.04344E-2 2.53799E-2 7.77553E-3 1.7438E-3 1.39435E-3 1.65314E-3 2.03655E-2 4.34166E-2 2.59578E-2 4.04742E-2 1.05411E-2 8.29576E-3 2.03715E-3 2.19873E-3 8.89935E-5 2.3857E-5 1.3362E-4 1.35569E-3 1.12153E-3 -9999 -9999 -9999 -9999 -9999 -9999 -9999 -9999 -9999 -9999 -9999 -9999 -9999 -9999 -9999 -9999 -9999
1E0 1E0 1E0 1E0 1E0 1E0 1E0 1E0 1E0 1E0 1E0 1E0 1E0 1E0 1E0 1E0 1E0 1E0 1E0 1E0 1E0 1E0 1E0 1E0 1E0 1E0 1E0 1E0 1E0 1E0 9.41823E-1 1E0 1E0 9.99841E-1 1E0 1E0 1E0 9.90444E-1 9.07807E-1 3.83897E-1 2.08461E-2 1.28664E-2 3.65022E-2 8.33913E-2 6.08084E-4 1.61575E-4 8.16396E-4 2.90787E-3 7.12926E-3 1.002E-2 4.57444E-3 8.53887E-3 7.02467E-3 1.14647E-2 8.03258E-3 6.33933E-4 2.02738E-5 3.81493E-5 3.91277E-4 9.78137E-3 -9999 -9999 -9999 -9999 -9999 -9999 -9999 -9999 -9999 -9999 -9999 -9999 -9999 -9999 -9999 -9999 -9999 -9999
1E0 1E0 1E0 1E0 1E0 1E0 1E0 1E0 1E0 1E0 1E0 1E0 1E0 1E0 1E0 1E0 1E0 1E0 1E0 1E0 1E0 1E0 8.43005E-1 7.27603E-1 7.91969E-1 3.36439E-1 1E0 1E0 1E0 1E0 1E0 1E0 1E0 1E0 1E0 1E0 1E0 1E0 9.99998E-1 5.54278E-1 1.78265E-1 3.52571E-2 1.07509E-3 4.98779E-4 4.26408E-5 8.50241E-5 1.29536E-4 2.13498E-3 6.76703E-4 1.66618E-3 4.95338E-4 2.0064E-3 2.3202E-3 9.95465E-4 7.02825E-4 1.06734E-4 1.34451E-5 6.895E-5 4.5791E-4 1.15803E-3 -9999 -9999 -9999 -9999 -9999 -9999 -9999 -9999 -9999 -9999 -9999 -9999 -9999 -9999 -9999 -9999 -9999 -9999
1E0 1E0 1E0 1E0 1E0 1E0 1E0 1E0 1E0 1E0 1E0 1E0 1E0 1E0 1E0 1E0 1E0 1E0 1E0 1E0 1E0 1E0 1E0 1E0 1E0 1E0 1E0 1E0 1E0 1E0 1E0 1E0 1E0 1E0 1E0 1E0 1E0 1E0 9.98041E-1 9.96978E-1 2.07662E-1 1.14253E-2 3.16797E-2 9.88676E-4 4.29087E-5 2.96035E-5 1.01583E-4 8.39061E-4 6.6612E-4 4.55783E-4 5.59868E-4 4.74109E-4 3.4863E-4 7.80575E-5 2.27152E-5 1.55334E-5 2.17777E-5 1.62902E-4 1.03934E-3 1.11969E-2 -9999 -9999 -9999 -9999 -9999 -9999 -9999 -9999 -9999 -9999 -9999 -9999 -9999 -9999 -9999 -9999 -9999 -9999
1E0 1E0 1E0 1E0 1E0 1E0 1E0 1E0 1E0 1E0 1E0 1E0 1E0 1E0 1E0 1E0 1E0 1E0 1E0 1E0 1E0 1E0 1E0 1E0 1E0 9.99953E-1 1E0 1E0 1E0 1E0 1E0 1E0 1E0 1E0 1E0 1E0 1E0 1E0 9.99999E-1 5.36362E-1 1.00246E-2 4.05399E-3 1.27029E-3 2.61957E-3 3.95397E-5 1.84746E-5 1.32656E-4 1.02669E-3 1.41555E-4 7.46214E-5 5.09569E-5 2.62605E-4 2.11468E-4 2.93101E-5 2.48247E-5 3.83674E-5 5.25734E-5 8.57453E-5 1.59128E-3 4.31858E-3 -9999 -9999 -9999 -9999 -9999 -9999 -9999 -9999 -9999 -9999 -9999 -9999 -9999 -9999 -9999 -9999 -9999 -9999
1E0 1E0 1E0 1E0 1E0 1E0 1E0 1E0 1E0 1E0 1E0 1E0 1E0 1E0 1E0 1E0 1E0 1E0 1E0 1E0 1E0 1E0 1E0 1E0 1E0 1E0 9.9997E-1 1E0 1E0 9.99897E-1 1E0 1E0 1E0 1E0 1E0 1E0 1E0 1E0 1E0 4.64657E-2 1.38742E-2 1.4115E-3 4.5006E-4 1.13277E-2 7.73915E-4 9.48685E-4 6.56692E-3 1.88171E-3 4.99358E-4 1.23261E-4 3.47132E-5 3.54095E-5 5.44725E-5 3.61476E-5 1.15066E-4 1.52422E-4 2.2458E-4 7.14714E-5 1.38947E-4 7.64732E-4 -9999 -9999 -9999 -9999 -9999 -9999 -9999 -9999 -9999 -9999 -9999 -9999 -9999 -9999 -9999 -9999 -9999 -9999
1E0 1E0 1E0 1E0 1E0 1E0 1E0 1E0 1E0 1E0 1E0 1E0 1E0 1E0 1E0 1E0 1E0 1E0 1E0 1E0 1E0 1E0 1E0 1E0 1E0 1E0 9.99997E-1 1E0 1E0 9.99961E-1 1E0 1E0 1E0 1E0 1E0 9.94376E-1 9.88E-1 1E0 5.01755E-1 1.5255E-2 1.41868E-2 2.29351E-3 1.19611E-3 1.26741E-2 3.76645E-3 1.62411E-2 1.72401E-2 5.72298E-3 3.06905E-3 3.30542E-4 3.25708E-5 2.19938E-5 2.04548E-5 2.47836E-5 4.63139E-5 5.59486E-5 4.90503E-4 2.10229E-3 1.8691E-4 4.24728E-4 -9999 -9999 -9999 -9999 -9999 -9999 -9999 -9999 -9999 -9999 -9999 -9999 -9999 -9999 -9999 -9999 -9999 -9999
1E0 1E0 1E0 1E0 1E0 1E0 1E0 1E0 1E0 1E0 1E0 1E0 1E0 1E0 1E0 1E0 1E0 1E0 1E0 1E0 1E0 1E0 1E0 1E0 1E0 1E0 1E0 1E0 1E0 1E0 1E0 1E0 1E0 1E0 1E0 9.99999E-1 9.9997E-1 1E0 5.28845E-1 7.64958E-3 4.90331E-3 9.60565E-4 2.45448E-3 3.01275E-2 2.78531E-2 3.50674E-2 1.31123E-2 9.06768E-3 3.02453E-3 6.52553E-4 5.97531E-5 1.62255E-5 2.09445E-5 2.1746E-5 2.47556E-5 2.37611E-5 1.14922E-4 7.50746E-4 1.29217E-3 -9999 -9999 -9999 -9999 -9999 -9999 -9999 -9999 -9999 -9999 -9999 -9999 -9999 -9999 -9999 -9999 -9999 -9999 -9999
1E0 1E0 1E0 1E0 1E0 1E0 1E0 1E0 1E0 1E0 1E0 1E0 1E0 1E0 1E0 1E0 1E0 1E0 1E0 1E0 1E0 1E0 1E0 1E0 1E0 1E0 1E0 1E0 1E0 1E0 1E0 1E0 1E0 1E0 1E0 1E0 9.95707E-1 9.98261E-1 4.95654E-1 1.31409E-2 1.45972E-3 1.83349E-3 5.37754E-3 4.11382E-2 2.68524E-2 3.57896E-3 3.50497E-4 1.98638E-4 1.35587E-4 4.60559E-5 1.23617E-5 4.6152E-5 6.3442E-5 8.72636E-5 3.19179E-4 3.55782E-5 2.61006E-5 7.42433E-5 3.91691E-4 -9999 -9999 -9999 -9999 -9999 -9999 -9999 -9999 -9999 -9999 -9999 -9999 -9999 -9999 -9999 -9999 -9999 -9999 -9999
1E0 1E0 1E0 1E0 1E0 1E0 1E0 1E0 1E0 1E0 1E0 1E0 1E0 1E0 1E0 1E0 1E0 1E0 1E0 1E0 1E0 1E0 1E0 1E0 1E0 1E0 1E0 1E0 1E0 1E0 1E0 1E0 1E0 9.99999E-1 9.99812E-1 9.99985E-1 9.81618E-1 9.38787E-1 4.79795E-1 4.9746E-2 1.93268E-3 1.42883E-2 3.23052E-2 1.7261E-2 7.60052E-3 2.56488E-4 9.53847E-5 8.90512E-5 8.77323E-5 1.24586E-5 3.45704E-5 5.40128E-5 4.66466E-5 7.44066E-4 2.2893E-3 2.84005E-4 2.04423E-4 2.3958E-4 -9999 -9999 -9999 -9999 -9999 -9999 -9999 -9999 -9999 -9999 -9999 -9999 -9999 -9999 -9999 -9999 -9999 -9999 -9999 -9999
1E0 1E0 1E0 1E0 1E0 1E0 1E0 1E0 1E0 1E0 1E0 1E0 1E0 1E0 1E0 1E0 1E0 1E0 1E0 1E0 1E0 1E0 1E0 1E0 1E0 1E0 1E0 1E0 1E0 1E0 1E0 1E0 1E0 9.99695E-1 9.58482E-1 5.53459E-1 3.76573E-1 6.64569E-1 2.91093E-1 3.86672E-2 2.14553E-3 4.3367E-3 1.22045E-2 7.42086E-3 3.48944E-3 1.52053E-3 2.99317E-3 6.26947E-4 5.87654E-5 2.69346E-5 7.75142E-5 1.16789E-4 3.26736E-4 5.21875E-4 1.59849E-3 2.19134E-3 1.22982E-3 1.08578E-3 -9999 -9999 -9999 -9999 -9999 -9999 -9999 -9999 -9999 -9999 -9999 -9999 -9999 -9999 -9999 -9999 -9999 -9999 -9999 -9999
1E0 1E0 1E0 1E0 1E0 1E0 1E0 1E0 1E0 1E0 1E0 1E0 1E0 1E0 1E0 1E0 1E0 1E0 1E0 1E0 1E0 1E0 1E0 1E0 1E0 1E0 1E0 1E0 1E0 1E0 1E0 1E0 8.72275E-1 9.99871E-1 8.40213E-1 6.86457E-1 4.73326E-1 2.90947E-1 1.88149E-1 1.02391E-1 2.39731E-3 5.16454E-4 1.79903E-3 1.41494E-2 3.23254E-2 2.30734E-2 9.45104E-3 2.03288E-3 9.81397E-5 7.99244E-5 3.25198E-5 9.57724E-5 1.34972E-4 1.75488E-4 1.0295E-3 1.84546E-3 1.16607E-3 -9999 -9999 -9999 -9999 -9999 -9999 -9999 -9999 -9999 -9999 -9999 -9999 -9999 -9999 -9999 -9999 -9999 -9999 -9999 -9999 -9999
1E0 1E0 1E0 1E0 1E0 1E0 1E0 1E0 1E0 1E0 1E0 1E0 1E0 1E0 1E0 1E0 1E0 1E0 1E0 1E0 1E0 1E0 1E0 1E0 1E0 1E0 1E0 1E0 1E0 1E0 9.9981E-1 9.99382E-1 9.93657E-1 1E0 9.99943E-1 9.95637E-1 6.33024E-1 7.8399E-1 3.41269E-1 1.37254E-1 1.49849E-2 3.8478E-4 4.41515E-4 2.61168E-4 1.05903E-2 4.96462E-2 1.40355E-2 5.91462E-3 2.00594E-4 8.1792E-5 6.24723E-5 7.29339E-5 9.84331E-4 1.18183E-3 1.12796E-4 4.134E-4 3.48539E-3 -9999 -9999 -9999 -9999 -9999 -9999 -9999 -9999 -9999 -9999 -9999 -9999 -9999 -9999 -9999 -9999 -9999 -9999 -9999 -9999 -9999
1E0 1E0 -9999 1E0 1E0 1E0 1E0 1E0 1E0 1E0 1E0 1E0 1E0 1E0 1E0 1E0 1E0 1E0 1E0 1E0 1E0 1E0 1E0 1E0 1E0 1E0 1E0 1E0 9.93454E-1 9.94252E-1 9.99997E-1 9.93174E-1 1E0 9.99979E-1 9.97536E-1 9.47234E-1 9.61552E-1 9.60025E-1 7.07397E-1 2.7764E-1 2.09803E-1 5.27086E-2 5.8126E-4 3.08121E-4 7.23264E-3 4.88896E-2 1.1603E-2 4.39368E-3 1.95342E-4 9.17015E-5 5.18065E-5 9.37044E-5 3.25782E-3 2.03708E-3 3.63105E-4 3.2612E-3 -9999 -9999 -9999 -9999 -9999 -9999 -9999 -9999 -9999 -9999 -9999 -9999 -9999 -9999 -9999 -9999 -9999 -9999 -9999 -9999 -9999 -9999
1E0 1E0 1E0 1E0 1E0 1E0 1E0 1E0 1E0 1E0 1E0 1E0 1E0 1E0 1E0 1E0 1E0 1E0 1E0 1E0 1E0 1E0 1E0 1E0 1E0 1E0 1E0 1E0 1E0 9.99975E-1 9.53483E-1 9.99848E-1 1E0 1E0 9.99998E-1 9.99999E-1 1E0 9.66847E-1 5.28074E-1 2.76148E-1 5.2972E-1 3.1794E-1 1.48552E-2 1.4246E-3 3.41175E-2 3.84178E-2 4.07643E-2 9.97739E-3 2.26969E-4 8.88931E-5 2.45064E-5 2.43823E-4 1.97973E-3 8.69505E-4 1.68564E-3 8.07418E-4 -9999 -9999 -9999 -9999 -9999 -9999 -9999 -9999 -9999 -9999 -9999 -9999 -9999 -9999 -9999 -9999 -9999 -9999 -9999 -9999 -9999 -9999
1E0 1E0 1E0 1E0 1E0 1E0 1E0 1E0 1E0 1E0 1E0 1E0 1E0 1E0 1E0 1E0 1E0 1E0 1E0 1E0 1E0 1E0 1E0 1E0 1E0 1E0 1E0 1E0 9.8944E-1 9.93331E-1 8.70507E-1 9.99652E-1 9.99656E-1 9.72535E-1 9.98298E-1 9.99997E-1 9.99678E-1 9.40098E-1 2.6174E-1 8.32745E-1 9.99994E-1 9.75342E-1 2.59679E-1 9.90651E-2 2.64488E-2 7.23359E-3 5.65836E-3 1.14512E-3 1.40393E-4 4.07633E-5 3.01307E-5 1.60958E-4 5.61808E-4 1.42821E-3 5.88355E-4 -9999 -9999 -9999 -9999 -9999 -9999 -9999 -9999 -9999 -9999 -9999 -9999 -9999 -9999 -9999 -9999 -9999 -9999 -9999 -9999 -9999 -9999 -9999
1E0 1E0 1E0 -9999 1E0 1E0 1E0 1E0 1E0 1E0 1E0 1E0 1E0 1E0 1E0 1E0 1E0 1E0 1E0 1E0 1E0 1E0 1E0 1E0 1E0 1E0 1E0 9.99999E-1 9.99139E-1 1E0 1E0 1E0 1E0 1E0 1E0 1E0 9.80046E-1 9.89452E-1 9.99416E-1 9.9681E-1 9.03084E-1 4.29101E-2 2.08832E-3 2.1746E-2 8.88694E-3 3.03342E-3 3.02645E-3 6.45736E-5 4.67651E-5 1.73913E-5 2.07289E-5 3.15904E-4 1.88643E-3 1.10248E-3 7.40728E-4 -9999 -9999 -9999 -9999 -9999 -9999 -9999 -9999 -9999 -9999 -9999 -9999 -9999 -9999 -9999 -9999 -9999 -9999 -9999 -9999 -9999 -9999 -9999
1E0 1E0 1E0 1E0 1E0 1E0 1E0 1E0 1E0 1E0 1E0 1E0 1E0 1E0 1E0 1E0 1E0 1E0 1E0 1E0 1E0 1E0 1E0 1E0 1E0 1E0 1E0 9.92048E-1 7.26624E-1 9.99898E-1 1E0 1E0 1E0 1E0 1E0 1E0 1E0 1E0 9.93452E-1 9.55346E-1 1.03456E-1 1.76372E-2 6.08857E-4 2.37973E-3 2.47351E-3 6.81132E-4 5.9758E-5 3.97985E-5 7.76622E-5 4.84244E-5 7.0007E-5 9.93655E-4 1.40765E-3 1.14182E-3 -9999 -9999 -9999 -9999 -9999 -9999 -9999 -9999 -9999 -9999 -9999 -9999 -9999 -9999 -9999 -9999 -9999 -9999 -9999 -9999 -9999 -9999 -9999 -9999
1E0 1E0 1E0 1E0 1E0 1E0 1E0 1E0 1E0 1E0 1E0 1E0 1E0 1E0 1E0 1E0 1E0 1E0 1E0 1E0 1E0 1E0 1E0 1E0 1E0 1E0 1E0 7.91336E-1 6.69577E-1 9.58244E-1 1E0 1E0 1E0 1E0 1E0 1E0 1E0 9.93836E-1 3.05312E-1 1.98571E-1 4.13669E-2 1.45211E-3 2.49636E-4 2.40613E-4 8.98503E-4 2.03844E-4 4.21206E-5 8.23073E-5 3.47051E-5 7.77484E-5 1.0847E-4 1.59048E-4 6.86239E-4 1.41909E-3 -9999 -9999 -9999 -9999 -9999 -9999 -9999 -9999 -9999 -9999 -9999 -9999 -9999 -9999 -9999 -9999 -9999 -9999 -9999 -9999 -9999 -9999 -9999 -9999
1E0 1E0 1E0 1E0 1E0 1E0 1E0 1E0 1E0 1E0 1E0 1E0 1E0 1E0 1E0 1E0 1E0 1E0 1E0 1E0 1E0 1E0 1E0 1E0 1E0 1E0 1E0 1E0 9.40931E-1 9.90466E-1 1E0 9.99999E-1 1E0 1E0 1E0 1E0 1E0 9.67828E-1 1.13944E-1 5.08999E-1 1.8752E-1 6.81797E-3 2.40492E-4 1.51103E-3 3.16026E-2 2.76424E-3 6.23543E-5 4.51566E-5 1.07129E-5 2.40292E-4 6.00817E-4 1.6806E-3 1.49382E-3 -9999 -9999 -9999 -9999 -9999 -9999 -9999 -9999 -9999 -9999 -9999 -9999 -9999 -9999 -9999 -9999 -9999 -9999 -9999 -9999 -9999 -9999 -9999 -9999 -9999
1E0 1E0 1E0 1E0 1E0 1E0 1E0 1E0 -9999 1E0 1E0 1E0 1E0 1E0 1E0 1E0 1E0 1E0 1E0 1E0 1E0 1E0 1E0 1E0 1E0 1E0 1E0 9.99999E-1 1E0 1E0 1E0 1E0 9.99973E-1 1E0 9.99922E-1 9.99894E-1 6.435E-1 2.05884E-1 1.87484E-1 1.77871E-1 1.76238E-1 1.86607E-2 2.60957E-4 1.01856E-2 6.48782E-2 4.37911E-3 1.13951E-4 3.35477E-5 1.60507E-5 1.21846E-4 6.60043E-4 4.49969E-3 7.88694E-3 -9999 -9999 -9999 -9999 -9999 -9999 -9999 -9999 -9999 -9999 -9999 -9999 -9999 -9999 -9999 -9999 -9999 -9999 -9999 -9999 -9999 -9999 -9999 -9999 -9999
1E0 1E0 1E0 1E0 1E0 1E0 1E0 1E0 1E0 -9999 1E0 1E0 1E0 1E0 1E0 1E0 1E0 1E0 1E0 1E0 1E0 1E0 1E0 9.99985E-1 1E0 1E0 1E0 1E0 9.99989E-1 9.02407E-1 9.99946E-1 1E0 1E0 1E0 9.96686E-1 7.58827E-1 5.9131E-1 5.44575E-1 5.44533E-1 3.28988E-1 2.67177E-1 4.33636E-3 1.5862E-4 1.57449E-3 8.30038E-3 1.12524E-3 2.97504E-5 1.64884E-5 5.71799E-5 3.60595E-5 6.03897E-5 1.53415E-3 -9999 -9999 -9999 -9999 -9999 -9999 -9999 -9999 -9999 -9999 -9999 -9999 -9999 -9999 -9999 -9999 -9999 -9999 -9999 -9999 -9999 -9999 -9999 -9999 -9999 -9999
