ENM/Final_Models/M_0.8_F_q_Set_1_EC/Gustavia_santanderiensis_Choco_stddev.asc
ncols         367
nrows         963
xllcorner     -78.6
yllcorner     0.65
cellsize      0.00833333333333323
NODATA_value  -9999
[rows 840 to 869 of 963, columns 67 to 133 of 367]
1.48412E-1 1.61343E-1 1.80443E-1 1.77083E-1 1.7623E-1 1.79646E-1 1.89624E-1 2.3335E-1 2.3296E-1 2.37106E-1 2.92552E-1 2.26336E-1 2.3366E-1 2.47043E-1 2.47307E-1 2.64353E-1 2.95929E-1 2.7966E-1 3.078E-1 3.17789E-1 3.14248E-1 2.96847E-1 2.52768E-1 2.91363E-1 3.0359E-1 2.95657E-1 2.49168E-1 2.71926E-1 2.45367E-1 2.42444E-1 2.80619E-1 2.89305E-1 2.96245E-1 2.76007E-1 2.57801E-1 2.57816E-1 2.35622E-1 2.48612E-1 2.3243E-1 2.19806E-1 1.7467E-1 1.17028E-1 8.20524E-2 1.2696E-1 9.56981E-2 2.72442E-2 3.41097E-3 1.53414E-3 9.92921E-5 7.77446E-6 6.34227E-6 1.84266E-6 2.5346E-6 6.71549E-6 1.0441E-5 1.73191E-4 6.45489E-4 2.88131E-3 1.68998E-3 1.53231E-3 8.42382E-3 1.26009E-2 1.6142E-2 -9999 -9999 -9999 -9999
1.6448E-1 1.63049E-1 1.41274E-1 1.49042E-1 1.72399E-1 1.70159E-1 1.99619E-1 2.15068E-1 2.2246E-1 2.60634E-1 2.74758E-1 2.31552E-1 2.27088E-1 2.56011E-1 2.34654E-1 2.60699E-1 2.97121E-1 2.76217E-1 3.06677E-1 3.16079E-1 3.05898E-1 2.93512E-1 2.84665E-1 3.10737E-1 2.81534E-1 2.40909E-1 2.6758E-1 2.23218E-1 2.11537E-1 2.26804E-1 3.04621E-1 3.2698E-1 3.00231E-1 2.72282E-1 2.62165E-1 2.58443E-1 2.55556E-1 2.44525E-1 2.3445E-1 2.26223E-1 2.54959E-1 2.40078E-1 2.68949E-1 1.67807E-1 1.30976E-1 6.10565E-2 1.95724E-2 1.30872E-3 3.80394E-4 3.53503E-5 1.46884E-5 2.55983E-6 5.01488E-6 1.69376E-5 6.94655E-5 1.76866E-4 5.64991E-4 4.5416E-4 1.2746E-4 3.6813E-4 2.10935E-3 1.14988E-2 1.7306E-2 3.12445E-2 -9999 -9999 -9999
1.89094E-1 2.00316E-1 1.85852E-1 1.6242E-1 1.67256E-1 1.93718E-1 2.11452E-1 2.07752E-1 2.24683E-1 2.70311E-1 2.78624E-1 2.47198E-1 2.64273E-1 2.8308E-1 2.41913E-1 2.30667E-1 2.88764E-1 3.10226E-1 3.01306E-1 3.18812E-1 2.89751E-1 3.05442E-1 3.04413E-1 3.13553E-1 2.73324E-1 2.46186E-1 3.02727E-1 2.76566E-1 2.30635E-1 2.31317E-1 2.94736E-1 3.01412E-1 2.81269E-1 2.80711E-1 2.76568E-1 2.55208E-1 2.53026E-1 2.46538E-1 2.15768E-1 1.91762E-1 2.43756E-1 2.46378E-1 2.18389E-1 1.82873E-1 8.01179E-3 6.26766E-3 9.03077E-4 2.43434E-4 3.53384E-4 3.89925E-5 1.34873E-5 5.13458E-6 3.9745E-6 7.93436E-6 2.0892E-5 7.01464E-5 6.50126E-4 2.09452E-4 4.13647E-5 1.54418E-4 6.17706E-3 2.79391E-2 1.62735E-2 1.21113E-2 -9999 -9999 -9999
2.0965E-1 2.27986E-1 1.96065E-1 1.90582E-1 1.92135E-1 1.73165E-1 2.43346E-1 2.70918E-1 2.59588E-1 2.62195E-1 2.80253E-1 2.73888E-1 2.67184E-1 2.70307E-1 2.3505E-1 2.61102E-1 2.43043E-1 2.81385E-1 2.91232E-1 3.10442E-1 3.16461E-1 3.27354E-1 3.14626E-1 2.86171E-1 2.45209E-1 2.64779E-1 3.20937E-1 3.15696E-1 2.75511E-1 2.9981E-1 3.02769E-1 2.77294E-1 2.98061E-1 3.16525E-1 2.96817E-1 2.7094E-1 2.5674E-1 2.49676E-1 1.66519E-1 1.23671E-1 3.01996E-2 3.06978E-2 3.52277E-2 7.69875E-2 4.42447E-3 8.69689E-5 4.9008E-5 6.97567E-5 1.08589E-4 1.21915E-4 3.67799E-5 1.33511E-5 5.79217E-6 5.382E-6 2.16768E-5 8.35119E-5 4.18765E-4 4.47269E-5 4.68195E-5 1.29817E-4 1.57786E-3 3.41579E-3 3.08129E-3 8.39048E-3 4.36028E-3 -9999 -9999
2.17064E-1 2.24793E-1 2.24324E-1 1.88272E-1 2.23978E-1 1.99299E-1 2.67741E-1 2.7794E-1 2.68018E-1 2.5981E-1 2.73091E-1 3.06641E-1 3.03953E-1 2.93244E-1 2.73741E-1 2.63916E-1 2.55866E-1 2.40574E-1 3.02157E-1 3.30051E-1 3.10774E-1 2.85904E-1 2.7344E-1 2.41866E-1 2.58197E-1 3.07235E-1 3.21412E-1 3.17113E-1 3.0069E-1 3.20218E-1 3.04955E-1 2.6497E-1 3.04136E-1 3.20785E-1 2.85413E-1 2.69544E-1 2.58295E-1 2.45934E-1 2.43507E-1 3.601E-2 4.92148E-3 2.23686E-3 1.0941E-3 7.16376E-4 1.94862E-4 2.31109E-5 7.1712E-6 1.06612E-5 2.24494E-5 4.56217E-5 7.24201E-5 1.89455E-5 5.16131E-6 5.48064E-6 1.49606E-5 7.11541E-5 3.38918E-4 1.233E-5 1.75726E-5 7.69275E-6 5.64595E-5 4.75126E-4 3.85915E-4 4.67835E-3 5.57039E-3 1.15842E-2 -9999
1.84207E-1 1.78142E-1 1.96652E-1 1.95952E-1 2.25444E-1 2.2825E-1 2.31609E-1 2.70062E-1 2.62548E-1 2.90113E-1 2.76863E-1 2.90733E-1 3.02174E-1 2.86995E-1 2.74636E-1 2.90176E-1 2.90518E-1 2.7102E-1 2.90213E-1 3.12344E-1 2.93102E-1 2.55085E-1 2.51872E-1 2.43781E-1 2.81751E-1 3.01114E-1 3.21671E-1 3.09392E-1 3.00146E-1 3.00949E-1 2.98665E-1 2.81266E-1 2.81084E-1 3.0126E-1 2.72455E-1 2.8887E-1 2.59258E-1 2.61823E-1 2.43362E-1 8.60951E-2 4.815E-2 4.65562E-2 1.29068E-2 4.45428E-4 9.88996E-5 8.31559E-5 3.35992E-5 1.79751E-5 6.87509E-6 3.61471E-5 1.00461E-5 1.56713E-5 9.21362E-6 4.10323E-6 9.97473E-6 1.34747E-4 1.23177E-4 5.59036E-6 1.44398E-5 5.71478E-6 3.50074E-6 1.17629E-5 3.35596E-5 1.55951E-3 9.81048E-3 1.17563E-2 4.68218E-2
1.82614E-1 1.87074E-1 1.72905E-1 1.75807E-1 2.24088E-1 2.58531E-1 2.50984E-1 2.79526E-1 2.74724E-1 2.77567E-1 2.55065E-1 2.61486E-1 2.73143E-1 2.63615E-1 2.61343E-1 2.56556E-1 2.50845E-1 2.41969E-1 2.0058E-1 2.58728E-1 2.63025E-1 2.53612E-1 2.55567E-1 2.82037E-1 3.13572E-1 3.25514E-1 3.13813E-1 2.86099E-1 2.81169E-1 2.94338E-1 3.14581E-1 3.01869E-1 2.97374E-1 2.86138E-1 2.36695E-1 2.61937E-1 2.01577E-1 2.53449E-1 2.38828E-1 2.0459E-1 2.27887E-1 1.57413E-1 8.86677E-2 5.64636E-3 6.92886E-4 1.37237E-4 3.46159E-5 2.29191E-5 8.75394E-6 3.3521E-6 6.35845E-6 6.37024E-6 7.29235E-6 6.27673E-6 2.21721E-5 1.56066E-4 7.82131E-5 3.01E-6 3.7723E-6 3.01263E-6 2.90885E-6 3.34917E-5 2.05022E-4 4.38052E-3 1.56695E-2 1.90907E-2 2.47601E-2
2.46683E-1 2.13057E-1 2.00706E-1 1.93213E-1 2.01476E-1 2.16853E-1 2.46891E-1 2.49078E-1 2.35318E-1 2.69954E-1 2.76562E-1 2.5971E-1 2.51381E-1 2.53522E-1 2.51444E-1 2.51149E-1 2.69635E-1 2.62924E-1 2.19634E-1 2.17848E-1 2.27531E-1 2.05679E-1 2.27965E-1 2.87824E-1 3.28367E-1 2.99142E-1 2.86851E-1 3.0208E-1 3.065E-1 3.21197E-1 2.95949E-1 2.89657E-1 2.89442E-1 2.83118E-1 2.42269E-1 2.01556E-1 1.16552E-1 1.93749E-1 1.98286E-1 2.08303E-1 5.3149E-2 5.82574E-3 2.81764E-3 3.07533E-3 6.97578E-4 2.01926E-4 2.32165E-4 1.04975E-4 1.51113E-5 6.43222E-6 4.93761E-6 4.90354E-6 5.33662E-6 4.66238E-6 6.72023E-6 1.81104E-5 3.9821E-5 4.95808E-6 3.26231E-6 5.64854E-6 2.84654E-6 7.08289E-6 1.68259E-4 1.74902E-3 2.04644E-2 1.99456E-2 4.06972E-2
2.40079E-1 2.19477E-1 2.18128E-1 1.97223E-1 1.97735E-1 2.07205E-1 2.40699E-1 2.37212E-1 2.59314E-1 2.92317E-1 2.86154E-1 2.68785E-1 2.68009E-1 2.60587E-1 2.63656E-1 2.66447E-1 2.7588E-1 2.56312E-1 2.53003E-1 2.55971E-1 2.32467E-1 2.065E-1 2.32445E-1 2.3697E-1 3.09166E-1 3.13399E-1 3.1976E-1 3.04604E-1 2.93972E-1 3.14069E-1 2.9883E-1 2.9374E-1 2.88107E-1 2.6561E-1 2.73432E-1 2.70189E-1 1.70268E-1 8.25516E-2 4.13018E-2 2.31169E-2 2.0265E-2 2.51465E-3 1.20439E-4 6.06685E-4 1.24418E-3 5.59492E-4 2.86635E-4 2.05658E-4 5.25313E-5 1.92923E-5 6.91545E-6 6.40474E-6 9.09821E-6 4.61317E-6 6.57914E-6 2.87529E-6 7.83444E-6 4.51941E-6 5.30692E-6 1.34165E-5 3.67802E-6 7.7825E-6 1.09307E-4 1.7E-3 1.50114E-2 2.29343E-2 3.79294E-2
2.36238E-1 1.94903E-1 2.23691E-1 2.14785E-1 2.20949E-1 1.92629E-1 2.04223E-1 2.22872E-1 2.33621E-1 2.62312E-1 3.03092E-1 2.92448E-1 2.90161E-1 3.10344E-1 3.14876E-1 2.79758E-1 2.73709E-1 2.79771E-1 2.85891E-1 2.60283E-1 2.92541E-1 2.52807E-1 2.32335E-1 2.24136E-1 2.53497E-1 2.80335E-1 2.43E-1 2.43288E-1 2.60673E-1 3.06696E-1 3.12589E-1 2.73337E-1 2.67862E-1 1.10346E-1 2.06455E-1 2.81081E-1 2.30591E-1 1.15674E-1 8.75532E-2 2.97382E-2 5.8936E-3 2.4417E-3 2.00993E-4 6.66756E-5 2.79187E-4 7.11125E-5 7.82257E-5 3.77119E-5 2.32783E-5 2.03995E-5 8.52636E-6 5.48421E-6 1.25068E-5 8.43658E-6 6.00381E-6 4.58151E-6 4.63276E-6 6.7903E-6 2.3691E-5 7.29311E-6 3.13905E-6 2.9569E-6 2.66196E-5 5.11749E-4 2.7094E-3 1.95324E-2 4.75403E-2
1.94689E-1 2.07871E-1 2.10914E-1 2.25595E-1 2.27514E-1 2.09015E-1 2.02281E-1 2.30719E-1 2.47067E-1 2.53709E-1 3.01728E-1 2.7622E-1 2.83394E-1 3.29523E-1 3.22136E-1 2.79264E-1 2.72767E-1 2.93313E-1 2.71818E-1 3.17852E-1 3.28113E-1 3.09451E-1 2.86008E-1 2.49097E-1 2.33732E-1 2.87782E-1 3.01776E-1 2.92353E-1 2.6011E-1 3.23155E-1 3.0057E-1 2.62885E-1 2.53432E-1 6.2577E-2 1.99122E-1 2.64526E-1 2.47437E-1 1.07216E-1 7.14748E-2 9.31283E-3 2.53722E-3 7.03766E-4 2.84019E-4 8.51746E-5 3.83159E-5 1.8483E-5 3.91659E-5 1.34943E-5 9.56876E-6 8.0953E-6 5.57016E-6 3.64023E-6 1.13447E-5 8.39281E-6 4.06499E-6 8.70082E-6 1.38052E-5 4.49308E-5 3.66338E-5 3.07603E-6 2.9008E-6 2.52971E-6 2.48211E-6 4.31045E-5 1.20392E-3 6.20654E-3 1.81777E-2
2.77187E-1 2.44584E-1 2.26349E-1 2.56273E-1 2.88561E-1 2.96901E-1 2.55926E-1 2.50657E-1 2.49987E-1 2.93342E-1 2.88517E-1 2.52448E-1 2.83562E-1 3.09321E-1 3.24987E-1 3.03523E-1 2.66739E-1 2.82039E-1 3.27815E-1 3.3308E-1 3.33104E-1 3.22889E-1 2.69053E-1 2.79113E-1 3.06309E-1 3.26116E-1 3.30577E-1 3.30736E-1 3.07787E-1 3.06807E-1 3.11384E-1 3.06738E-1 6.63276E-2 1.21345E-2 3.13845E-2 7.72227E-2 3.15312E-2 1.72433E-2 1.78888E-2 1.37991E-2 4.57831E-3 9.91147E-4 3.01045E-4 7.32161E-5 1.06606E-5 4.56984E-6 7.61168E-6 3.39725E-6 2.82853E-6 4.41486E-6 3.08806E-6 7.63778E-6 1.16071E-5 1.20906E-5 7.90879E-6 4.1592E-5 5.15901E-5 4.78089E-5 9.18652E-6 1.73184E-6 1.06644E-5 1.70308E-5 4.87706E-6 2.3451E-5 3.81069E-4 2.41577E-3 8.8977E-3
2.88783E-1 2.40305E-1 2.17834E-1 1.94209E-1 2.74629E-1 2.8323E-1 2.61022E-1 2.94072E-1 2.78167E-1 2.88115E-1 3.10863E-1 2.90548E-1 3.23134E-1 3.38149E-1 3.35511E-1 3.08374E-1 2.77468E-1 2.84368E-1 3.27618E-1 3.31692E-1 3.13499E-1 2.91062E-1 2.36493E-1 2.72127E-1 3.05451E-1 3.30175E-1 3.25614E-1 3.31978E-1 2.87382E-1 2.95091E-1 3.18447E-1 3.03779E-1 2.33023E-2 4.16765E-3 7.08609E-3 5.83765E-3 6.26052E-3 7.37953E-3 1.0243E-2 3.47192E-3 2.1398E-3 2.54044E-3 4.87514E-4 3.18461E-5 1.20293E-5 1.36811E-5 1.58993E-5 1.09762E-5 6.18203E-6 2.32422E-6 2.8871E-6 3.83141E-6 7.44506E-6 2.45877E-5 4.46518E-5 3.96388E-5 4.34831E-5 2.76306E-5 9.98274E-6 3.52397E-6 1.5497E-6 3.70382E-5 7.73909E-5 5.46003E-5 7.81709E-4 5.77057E-3 2.08719E-2
2.90226E-1 2.38787E-1 2.2299E-1 2.4608E-1 2.95367E-1 2.95028E-1 2.69341E-1 2.82107E-1 2.73577E-1 2.58458E-1 2.80391E-1 3.10356E-1 3.24979E-1 3.40289E-1 3.3181E-1 3.21518E-1 3.1104E-1 3.15656E-1 3.18729E-1 3.25351E-1 2.83834E-1 2.676E-1 2.71808E-1 2.86345E-1 3.16695E-1 3.27862E-1 3.31946E-1 3.31542E-1 2.99319E-1 2.95326E-1 3.17335E-1 2.89137E-1 2.13826E-1 4.5691E-2 1.19697E-2 3.53514E-3 4.44252E-3 3.25868E-3 3.31754E-3 1.71196E-3 2.08081E-3 1.6987E-3 4.40112E-4 3.2416E-4 1.21437E-4 3.231E-5 2.68765E-5 1.55491E-5 5.94686E-6 4.86035E-6 3.36272E-6 2.22022E-6 5.05885E-6 1.17687E-5 2.81629E-5 2.14191E-5 1.33686E-5 8.45657E-6 6.58819E-6 3.12523E-6 2.45446E-6 4.94413E-5 3.0758E-4 3.41525E-4 2.64954E-3 1.3882E-2 1.66505E-2
2.79385E-1 2.27564E-1 2.27539E-1 2.56294E-1 2.87196E-1 3.11201E-1 2.99711E-1 2.968E-1 3.03765E-1 2.65529E-1 2.44055E-1 2.71608E-1 2.74791E-1 3.05384E-1 3.12984E-1 3.34769E-1 3.3228E-1 3.337E-1 2.92919E-1 2.92604E-1 2.59694E-1 2.71884E-1 3.09015E-1 2.96427E-1 2.64278E-1 3.26374E-1 3.30431E-1 3.30028E-1 3.22291E-1 3.14733E-1 3.28234E-1 2.83524E-1 1.84993E-1 1.30084E-1 1.43639E-1 6.07022E-3 8.98435E-4 2.53371E-3 2.04848E-3 1.58754E-3 1.22684E-3 1.15028E-3 4.27008E-4 1.87104E-4 8.0921E-5 6.28903E-5 2.67663E-5 2.97155E-5 8.11485E-6 4.15264E-6 3.3725E-6 2.69639E-6 2.03097E-6 3.67076E-6 4.66548E-6 1.02182E-5 3.77159E-6 1.98734E-6 2.0787E-6 3.92087E-6 8.9249E-6 2.23247E-5 1.43254E-4 1.19937E-3 4.48848E-3 1.03019E-2 4.70499E-3
3.00479E-1 3.01586E-1 2.6204E-1 2.20264E-1 2.64234E-1 2.91391E-1 3.09462E-1 2.76207E-1 2.63306E-1 2.57186E-1 2.37721E-1 2.95629E-1 3.03608E-1 2.76001E-1 3.02002E-1 3.32706E-1 3.24886E-1 3.32308E-1 2.93641E-1 2.77531E-1 3.27436E-1 3.32271E-1 2.92935E-1 2.94638E-1 3.01287E-1 3.19159E-1 3.26772E-1 3.27397E-1 3.10911E-1 3.18168E-1 3.12984E-1 2.72498E-1 2.48926E-1 2.74216E-1 2.48129E-1 5.57299E-2 3.78786E-3 1.83501E-3 1.03105E-3 5.73725E-4 8.36478E-4 5.60829E-4 2.52697E-4 3.05915E-4 1.1375E-4 2.71499E-5 1.39562E-5 1.68148E-5 1.19454E-5 9.13631E-6 6.35837E-6 3.94486E-6 2.86352E-6 2.81121E-6 3.59351E-6 1.13972E-5 3.57225E-6 2.24732E-6 1.72276E-6 5.97625E-6 4.19215E-5 8.02735E-5 9.83092E-5 3.18328E-4 3.89796E-3 7.10196E-3 1.5122E-3
2.96418E-1 3.03181E-1 2.65103E-1 2.47535E-1 2.92664E-1 3.27352E-1 3.08942E-1 3.08145E-1 2.95461E-1 2.77449E-1 2.45771E-1 2.69556E-1 3.18729E-1 3.08172E-1 3.20132E-1 3.37232E-1 3.29782E-1 3.16222E-1 3.01667E-1 3.04944E-1 3.31844E-1 3.22676E-1 2.82382E-1 3.22658E-1 3.29716E-1 3.23675E-1 3.22206E-1 3.29302E-1 2.93763E-1 2.73847E-1 3.09555E-1 3.01544E-1 2.95489E-1 2.87699E-1 2.70955E-1 2.42349E-1 1.93468E-1 3.14289E-2 3.94805E-3 1.16373E-3 3.44488E-4 5.10766E-4 6.24348E-4 1.51109E-4 8.30837E-5 6.71204E-5 8.80423E-5 5.17982E-5 3.79294E-5 8.18037E-5 1.91291E-5 9.41041E-6 4.74882E-6 2.3954E-6 5.21107E-6 1.14194E-5 4.80598E-6 2.18491E-6 8.71947E-6 3.3231E-5 4.6522E-5 6.20734E-5 1.69694E-4 8.913E-4 1.26334E-3 5.95374E-4 3.04063E-4
3.02193E-1 2.9114E-1 2.35455E-1 2.93473E-1 3.42881E-1 3.43718E-1 3.43123E-1 3.14348E-1 2.81212E-1 2.64472E-1 2.80979E-1 2.6666E-1 3.07191E-1 2.98969E-1 3.17653E-1 3.34046E-1 3.19386E-1 2.94002E-1 3.24109E-1 3.27256E-1 3.30229E-1 3.31997E-1 2.97012E-1 2.97011E-1 3.15052E-1 3.13728E-1 3.27884E-1 3.27773E-1 2.8906E-1 2.89076E-1 3.08484E-1 3.04369E-1 3.05178E-1 2.74271E-1 2.73772E-1 3.43871E-2 1.33308E-1 1.30071E-1 7.17505E-3 1.14584E-3 7.42681E-4 1.94704E-3 1.79031E-3 1.21219E-3 5.8379E-4 2.91946E-4 1.33827E-4 1.47804E-4 5.90073E-5 7.20063E-6 4.9613E-6 4.26547E-6 3.96118E-6 5.45692E-6 8.58348E-6 4.59075E-6 2.24662E-6 2.80438E-6 1.94892E-6 3.87916E-6 3.25771E-6 1.27699E-5 1.56865E-5 9.38591E-5 7.25963E-4 2.11915E-3 2.84934E-3
2.75374E-1 2.42106E-1 2.27851E-1 2.3165E-1 2.89985E-1 3.3216E-1 3.40512E-1 3.02722E-1 2.70815E-1 2.63522E-1 2.78136E-1 2.7114E-1 2.93944E-1 3.15904E-1 2.98498E-1 3.26563E-1 2.9399E-1 2.87797E-1 3.18606E-1 3.25729E-1 3.16524E-1 3.28209E-1 2.73247E-1 3.24737E-1 3.10482E-1 3.27759E-1 3.22212E-1 3.23647E-1 3.23952E-1 3.26085E-1 3.06964E-1 2.99858E-1 2.79673E-1 2.74777E-1 1.92728E-1 7.09502E-2 1.61051E-2 8.90236E-3 5.35465E-3 3.52649E-3 1.77714E-3 3.11781E-3 2.14611E-3 1.39795E-3 2.62277E-4 1.081E-4 9.71702E-5 2.96683E-5 6.25935E-5 1.23237E-5 5.88472E-6 3.81963E-6 3.12922E-6 5.9951E-6 9.42492E-6 4.27418E-6 2.14198E-6 2.23143E-6 1.52057E-6 3.22936E-6 6.50338E-6 2.02449E-5 1.33111E-5 2.41377E-4 6.34665E-3 -9999 -9999
2.85404E-1 2.45476E-1 2.01044E-1 2.50259E-1 2.86624E-1 3.31969E-1 3.30316E-1 2.97316E-1 2.74388E-1 2.8204E-1 2.64169E-1 2.82357E-1 3.2107E-1 3.00676E-1 3.24099E-1 3.25441E-1 3.05112E-1 3.16758E-1 3.27678E-1 3.28296E-1 2.98562E-1 2.94308E-1 2.80316E-1 3.23531E-1 3.2702E-1 3.26889E-1 3.2531E-1 3.23613E-1 3.14667E-1 3.30026E-1 3.13022E-1 3.00306E-1 2.25706E-1 1.6538E-1 9.83168E-2 2.0318E-2 2.40107E-2 9.95232E-3 4.52901E-3 5.16778E-3 5.17027E-3 2.72346E-3 2.12478E-3 1.91674E-3 7.84909E-4 1.14521E-4 6.95383E-5 4.29239E-5 9.56166E-6 1.85744E-5 6.6797E-6 2.91011E-6 1.99098E-6 8.37897E-6 1.67778E-5 3.95788E-6 1.86009E-6 1.38596E-6 4.17958E-6 1.3829E-5 2.91844E-5 6.43873E-5 8.46449E-5 1.92089E-3 2.68913E-3 -9999 -9999
2.91592E-1 2.36611E-1 2.31176E-1 2.82462E-1 3.16547E-1 3.29058E-1 3.19951E-1 3.03552E-1 2.76656E-1 2.9273E-1 2.59186E-1 3.21406E-1 3.3818E-1 3.25796E-1 3.35546E-1 3.34539E-1 3.16051E-1 3.32963E-1 3.23273E-1 2.63177E-1 2.74649E-1 3.1902E-1 3.07597E-1 3.16525E-1 3.02533E-1 3.30371E-1 3.25383E-1 3.09717E-1 2.81845E-1 3.02177E-1 2.68757E-1 2.47069E-1 1.52044E-1 6.08818E-2 1.8751E-2 7.17798E-3 2.38518E-2 1.03705E-2 4.92958E-3 4.28759E-3 1.28284E-3 8.42155E-4 1.39004E-3 6.8517E-4 8.9358E-4 1.22107E-4 1.6787E-5 2.06569E-5 1.21939E-5 5.21497E-6 4.78819E-6 2.46909E-6 2.50235E-6 1.24622E-5 1.64731E-5 2.29111E-5 8.85833E-6 3.77119E-6 1.52873E-6 1.95107E-6 2.90487E-5 2.95092E-5 8.5915E-5 6.71627E-4 2.39861E-3 1.68754E-2 5.32831E-2
2.07665E-1 2.14981E-1 2.27833E-1 2.82061E-1 3.07185E-1 3.24374E-1 3.1596E-1 3.11667E-1 3.32227E-1 3.0886E-1 2.71062E-1 3.01691E-1 3.33233E-1 3.3022E-1 3.35586E-1 3.2735E-1 3.30308E-1 3.34986E-1 2.73104E-1 2.80463E-1 2.96143E-1 2.87454E-1 3.19879E-1 3.27127E-1 3.0746E-1 3.32277E-1 3.29137E-1 3.19296E-1 1.91072E-1 1.91849E-1 1.11957E-1 1.32579E-1 1.29862E-1 3.34737E-2 5.63279E-3 4.00495E-3 1.19737E-2 9.11331E-3 6.00599E-3 4.71703E-3 3.28562E-3 2.54318E-3 2.5083E-3 1.3816E-3 7.89279E-4 1.18615E-4 7.53713E-6 4.78477E-6 5.7439E-6 4.01496E-6 2.95889E-6 2.49286E-6 3.01929E-6 3.58365E-6 6.00791E-6 7.39416E-6 1.24251E-5 3.11698E-6 2.52961E-6 2.24622E-6 7.18522E-6 4.49436E-5 2.07708E-4 2.13209E-3 2.54491E-2 4.04659E-2 2.92619E-2
2.46252E-1 2.09955E-1 2.24939E-1 2.58846E-1 3.07629E-1 3.28192E-1 3.36167E-1 3.3876E-1 3.34686E-1 3.36208E-1 3.08884E-1 3.21717E-1 3.20913E-1 3.32668E-1 3.22782E-1 2.8987E-1 3.21849E-1 3.27038E-1 2.87703E-1 2.90377E-1 3.0159E-1 2.97722E-1 2.95032E-1 3.1009E-1 3.17421E-1 3.34627E-1 3.16523E-1 3.0904E-1 2.95267E-1 2.72868E-1 1.41852E-1 3.62128E-2 8.57131E-3 7.75627E-3 5.48381E-3 1.13857E-2 1.57662E-2 5.94596E-3 1.40832E-3 9.9687E-4 1.98625E-3 4.05538E-3 3.76342E-3 1.64128E-3 4.00753E-4 1.0031E-4 1.58003E-5 5.83447E-6 3.11862E-6 1.91646E-6 2.54151E-6 4.87914E-6 3.21859E-6 3.34885E-6 2.8471E-6 2.44453E-6 3.17204E-6 1.06838E-6 1.01246E-5 5.35004E-6 3.03752E-5 1.42898E-4 1.18015E-3 6.23027E-3 2.76837E-2 1.83796E-2 -9999
2.85098E-1 2.35755E-1 2.39608E-1 2.8382E-1 3.19728E-1 3.38874E-1 3.35189E-1 3.39627E-1 3.27879E-1 2.98845E-1 3.1534E-1 3.36147E-1 3.33682E-1 3.35165E-1 3.13668E-1 3.24619E-1 3.34124E-1 3.30211E-1 3.30386E-1 2.75928E-1 2.76603E-1 2.79489E-1 2.43712E-1 2.39371E-1 2.82764E-1 2.74634E-1 3.10394E-1 3.01684E-1 3.10091E-1 3.14015E-1 1.78122E-1 3.43243E-2 2.63828E-2 3.50974E-2 1.879E-2 1.71113E-2 7.64145E-3 1.99594E-3 7.22817E-4 5.27327E-4 8.24113E-4 2.43634E-3 9.74066E-4 8.97774E-4 5.02817E-4 1.20716E-4 3.07946E-5 1.47755E-5 5.58038E-6 1.8683E-6 1.80846E-6 3.06737E-6 3.50141E-6 2.7122E-6 2.58241E-6 1.87766E-6 1.90597E-6 3.50765E-6 1.12621E-5 1.76083E-5 5.01585E-5 1.89743E-4 7.54319E-3 2.89274E-2 4.6643E-2 -9999 -9999
3.0295E-1 2.35237E-1 2.62462E-1 3.06582E-1 3.32171E-1 3.11966E-1 3.3738E-1 3.34429E-1 3.22923E-1 3.25814E-1 3.35378E-1 3.05923E-1 3.36386E-1 3.35246E-1 3.28294E-1 3.25695E-1 3.34856E-1 3.24931E-1 3.31308E-1 3.22083E-1 3.08665E-1 2.70737E-1 2.5902E-1 2.74293E-1 2.84003E-1 2.78144E-1 3.18297E-1 3.27122E-1 3.28349E-1 3.06784E-1 2.67035E-1 5.97097E-2 1.78938E-2 1.46271E-1 1.91756E-1 1.6899E-1 5.95056E-3 4.30887E-3 2.30518E-3 6.05668E-4 6.64949E-4 1.59015E-3 5.27144E-4 1.99697E-4 1.4134E-4 6.71581E-5 4.14001E-5 2.36843E-5 6.94574E-6 3.91029E-6 2.07691E-6 2.09044E-6 3.27202E-6 2.56286E-6 3.69452E-6 2.94411E-6 3.09231E-6 1.05483E-5 2.96702E-5 4.4599E-5 1.85982E-4 5.04481E-4 2.58515E-3 3.29411E-2 -9999 -9999 -9999
3.31297E-1 2.48281E-1 2.85871E-1 3.16799E-1 3.40846E-1 3.42253E-1 3.28549E-1 3.15528E-1 3.27129E-1 3.24163E-1 3.02682E-1 2.9268E-1 3.16344E-1 3.14376E-1 2.91545E-1 3.07252E-1 3.34901E-1 3.13058E-1 2.86975E-1 3.19445E-1 3.26657E-1 2.69956E-1 2.43308E-1 2.54519E-1 2.25553E-1 2.4135E-1 3.19686E-1 2.81849E-1 3.33209E-1 3.23919E-1 2.79819E-1 1.8842E-2 6.2119E-3 1.09987E-1 2.29062E-1 2.00739E-1 3.96759E-2 4.49346E-3 4.28138E-4 1.22632E-4 2.73841E-4 8.00869E-4 3.66815E-4 4.25929E-4 1.45603E-4 1.08444E-4 5.46304E-5 1.51635E-5 4.58119E-6 2.73423E-6 1.72378E-6 3.6178E-6 4.19291E-6 2.80129E-6 3.64428E-6 8.66914E-6 2.81086E-5 1.03461E-4 1.7501E-4 1.37754E-4 6.51962E-4 5.18316E-3 1.44382E-2 -9999 -9999 -9999 -9999
2.66422E-1 2.48197E-1 2.20641E-1 2.61999E-1 3.27881E-1 2.83287E-1 2.8193E-1 2.79784E-1 2.51787E-1 3.3721E-1 2.96872E-1 3.18954E-1 3.32293E-1 2.84892E-1 3.02217E-1 3.19959E-1 3.39133E-1 3.27298E-1 2.97434E-1 2.90679E-1 3.34046E-1 2.91977E-1 2.70412E-1 2.43233E-1 2.34233E-1 2.2191E-1 2.21669E-1 2.27696E-1 2.33942E-1 2.73747E-1 2.86983E-1 1.93658E-2 1.3855E-2 2.02315E-1 2.41298E-1 1.54656E-1 3.68642E-2 3.99068E-3 2.7541E-4 9.28096E-5 3.56017E-4 5.18013E-4 7.02807E-4 2.22671E-4 1.42402E-4 1.17147E-4 8.3151E-5 3.66746E-5 5.06734E-6 1.85325E-6 1.70828E-6 3.14545E-6 3.11827E-6 2.72071E-6 3.5224E-6 6.77659E-6 1.33853E-4 1.14163E-3 3.46679E-3 3.82463E-3 4.99343E-3 9.94209E-3 -9999 -9999 -9999 -9999 3.21215E-2
3.09246E-1 2.53252E-1 2.38102E-1 2.53047E-1 2.93234E-1 2.709E-1 2.84594E-1 2.78409E-1 2.37241E-1 3.17934E-1 3.01312E-1 3.06475E-1 3.25086E-1 3.03793E-1 2.75516E-1 2.87685E-1 3.23472E-1 3.12299E-1 2.98675E-1 2.94992E-1 3.30351E-1 3.32969E-1 2.96907E-1 2.32539E-1 2.3275E-1 1.87762E-1 2.07715E-1 2.05259E-1 2.05656E-1 2.07067E-1 3.02369E-1 4.21819E-2 5.12911E-2 2.64128E-1 3.98131E-2 1.05984E-1 2.3364E-2 2.6505E-3 1.25972E-4 1.37871E-4 2.08209E-4 1.37148E-4 1.52833E-4 1.40933E-4 1.42741E-4 1.03645E-4 1.56391E-4 2.14271E-5 5.94406E-6 2.74741E-6 1.79937E-6 2.37517E-6 4.27572E-6 5.0697E-6 4.03466E-6 1.73906E-5 8.90789E-5 5.97581E-4 2.22948E-3 1.65766E-2 1.94628E-2 -9999 -9999 -9999 -9999 6.13108E-3 5.62892E-2
3.0433E-1 2.52502E-1 2.37946E-1 2.32577E-1 2.64567E-1 2.76414E-1 2.90088E-1 3.35083E-1 3.27366E-1 3.43322E-1 2.76838E-1 3.32712E-1 3.24517E-1 1.58072E-1 3.87145E-2 2.67223E-1 3.2451E-1 3.32417E-1 2.93548E-1 3.0599E-1 3.3977E-1 3.36954E-1 3.30529E-1 2.54246E-1 2.16701E-1 1.54096E-1 1.40633E-1 1.6166E-1 1.69585E-1 1.89558E-1 2.61107E-1 8.60468E-2 6.40744E-2 2.07857E-2 3.25614E-3 5.13868E-3 9.40264E-3 9.24697E-4 2.03513E-4 1.06515E-4 7.87952E-5 6.36337E-5 5.00023E-5 5.6579E-5 9.70704E-5 8.02535E-5 6.27837E-5 2.02015E-5 6.2966E-6 2.1535E-6 1.82341E-6 2.39528E-6 2.76556E-6 8.46842E-6 1.54966E-5 4.86179E-5 5.79591E-4 2.21242E-3 8.33903E-3 1.09267E-2 -9999 -9999 -9999 2.87017E-3 1.0538E-3 1.9902E-2 6.90538E-2
2.82002E-1 2.75158E-1 2.42716E-1 2.21785E-1 2.55021E-1 2.76402E-1 3.09505E-1 3.271E-1 3.34691E-1 3.4766E-1 3.29825E-1 3.16038E-1 3.21023E-1 3.20542E-1 2.84541E-1 2.98324E-1 2.98293E-1 3.03891E-1 3.01473E-1 3.02374E-1 2.78195E-1 3.29541E-1 3.00862E-1 3.26508E-1 2.166E-1 1.73496E-1 1.22287E-1 2.06039E-1 1.90165E-1 2.2823E-1 2.58551E-1 2.91248E-1 2.88203E-1 8.48311E-2 4.54801E-3 5.82932E-3 3.58692E-3 8.62069E-4 8.4797E-4 3.08414E-4 1.14744E-4 1.33379E-4 2.66121E-5 2.36446E-5 3.7255E-5 5.61325E-5 1.23412E-5 7.25677E-6 8.56542E-6 2.15491E-6 2.15518E-6 2.69128E-6 2.65526E-6 7.2324E-6 2.43653E-5 2.10875E-4 1.12456E-3 5.7506E-3 1.22886E-2 3.57219E-3 -9999 -9999 3.23443E-4 3.18691E-4 9.63741E-4 2.6735E-2 6.31999E-2
