ENM/Final_Models/M_1_F_lqp_Set_1_EC/Gustavia_santanderiensis_5_Choco.asc
ncols         367
nrows         963
xllcorner     -78.6
yllcorner     0.65
cellsize      0.00833333333333323
NODATA_value  -9999
[rows 651 to 681 of 963, columns 140 to 209 of 367]
-9999 -9999 -9999 -9999 -9999 -9999 -9999 9.99985E-1 9.99941E-1 9.99661E-1 9.9997E-1 9.99867E-1 9.99799E-1 9.99786E-1 9.99928E-1 9.99902E-1 9.99884E-1 9.99966E-1 9.9997E-1 9.99996E-1 9.99832E-1 9.99581E-1 9.99885E-1 9.99989E-1 9.99996E-1 9.9998E-1 9.99458E-1 9.85183E-1 9.78797E-1 9.75472E-1 9.97391E-1 9.98564E-1 9.99743E-1 9.97215E-1 9.79907E-1 9.67056E-1 9.83591E-1 9.94816E-1 9.87938E-1 9.54214E-1 9.38991E-1 9.98317E-1 9.99767E-1 9.63912E-1 6.15047E-1 7.48666E-1 6.15613E-1 4.65048E-1 8.94089E-1 8.94635E-1 9.54912E-1 8.74601E-1 9.68126E-2 7.63862E-2 4.56177E-2 1.01482E-2 3.13152E-3 4.77073E-3 5.42305E-4 3.23244E-3 3.534E-2 3.25243E-2 4.34752E-2 5.66998E-2 1.08691E-2 4.42621E-3 6.96718E-3 4.47367E-3 3.06012E-3 4.28187E-3
-9999 -9999 -9999 -9999 -9999 -9999 9.99996E-1 9.99978E-1 9.99954E-1 9.99958E-1 9.9994E-1 9.99893E-1 9.99943E-1 9.99909E-1 9.99923E-1 9.99767E-1 9.99994E-1 9.99919E-1 9.99975E-1 9.99984E-1 9.99992E-1 9.99962E-1 9.99992E-1 9.99153E-1 9.99986E-1 9.99999E-1 9.99971E-1 9.89992E-1 9.87921E-1 9.8552E-1 9.96068E-1 9.99199E-1 9.93931E-1 9.97864E-1 9.82516E-1 9.42577E-1 9.46174E-1 9.867E-1 9.22525E-1 9.98179E-1 9.99468E-1 9.98894E-1 9.86402E-1 8.51994E-1 2.68372E-1 2.69277E-1 3.40168E-1 4.81361E-1 5.14947E-1 4.75712E-1 5.84462E-1 6.32883E-1 1.91418E-1 1.67542E-1 1.00694E-1 3.6051E-2 5.97398E-3 7.41942E-3 6.17266E-3 9.44936E-3 1.42696E-2 2.94603E-2 6.042E-2 5.44782E-2 5.3446E-3 4.79046E-3 2.07499E-2 8.98691E-3 6.46321E-3 3.18699E-3
-9999 -9999 -9999 -9999 -9999 9.99999E-1 9.99998E-1 9.99991E-1 9.99982E-1 9.99952E-1 9.99945E-1 9.99947E-1 9.99959E-1 9.99692E-1 9.99392E-1 9.99993E-1 9.99941E-1 9.99941E-1 9.99924E-1 9.99963E-1 9.99996E-1 9.99994E-1 9.99998E-1 9.99983E-1 9.99993E-1 9.99913E-1 9.99966E-1 9.90649E-1 9.90695E-1 9.65744E-1 9.65947E-1 9.92022E-1 9.5152E-1 9.99773E-1 9.9722E-1 9.33762E-1 9.7678E-1 9.74715E-1 9.63857E-1 9.99255E-1 9.99775E-1 9.99228E-1 9.85604E-1 8.3421E-1 5.30656E-1 1.06628E-1 5.67454E-2 1.02912E-1 5.72094E-2 1.03896E-1 2.16619E-1 3.61731E-1 3.97628E-2 5.75974E-2 1.42766E-1 8.27273E-2 3.08635E-2 2.20722E-2 1.06109E-2 9.48506E-3 1.56162E-2 1.91109E-2 9.40471E-2 8.67598E-2 2.82833E-2 3.13392E-2 6.20524E-2 2.17843E-2 8.66816E-3 7.26864E-3
-9999 -9999 -9999 -9999 -9999 9.99995E-1 9.99972E-1 9.9998E-1 9.99999E-1 9.99991E-1 9.99985E-1 9.99959E-1 9.99692E-1 9.99734E-1 9.99456E-1 9.99945E-1 9.99975E-1 9.99995E-1 9.99985E-1 9.99985E-1 9.99981E-1 9.99183E-1 9.99972E-1 9.99924E-1 9.99994E-1 9.9999E-1 9.99883E-1 9.98072E-1 9.91031E-1 9.66059E-1 8.91021E-1 8.95728E-1 9.83341E-1 9.66114E-1 9.87598E-1 9.53411E-1 9.99442E-1 9.96338E-1 9.92043E-1 9.99626E-1 9.98436E-1 9.99722E-1 9.68722E-1 9.50396E-1 7.25732E-1 2.252E-1 3.16476E-2 2.88254E-2 3.54614E-2 3.79248E-2 6.72288E-2 4.58869E-2 3.68712E-3 2.23301E-2 5.33754E-2 9.62757E-2 4.93619E-2 3.50959E-2 2.8422E-2 1.16525E-2 9.56513E-3 2.09818E-2 1.55786E-1 1.58012E-1 8.15704E-2 7.03202E-2 1.02406E-1 5.61913E-2 6.08245E-2 6.3908E-2
-9999 -9999 -9999 -9999 -9999 1E0 1E0 9.99999E-1 9.99998E-1 9.99998E-1 9.99996E-1 9.99999E-1 9.99987E-1 9.99917E-1 9.99865E-1 9.99909E-1 9.9994E-1 9.99988E-1 1E0 9.99973E-1 9.99888E-1 9.99979E-1 9.99992E-1 9.99954E-1 9.99649E-1 9.99748E-1 9.9998E-1 9.65114E-1 9.99364E-1 9.94029E-1 9.10619E-1 8.92011E-1 9.58049E-1 9.68195E-1 9.95662E-1 9.99226E-1 9.99187E-1 9.99603E-1 9.93108E-1 9.80539E-1 9.95118E-1 9.99734E-1 9.96845E-1 9.50925E-1 8.98378E-1 5.24868E-1 2.22165E-1 6.59289E-2 2.56542E-2 1.43342E-2 7.83474E-3 2.50468E-3 2.59392E-3 4.35898E-3 1.83214E-2 2.0721E-2 2.71424E-2 3.96721E-2 3.66436E-2 1.90732E-2 3.54336E-2 4.82094E-2 1.78135E-1 2.23534E-1 1.81465E-1 2.61848E-1 1.61991E-1 1.83765E-1 1.83169E-1 1.23673E-1
-9999 -9999 -9999 1E0 1E0 1E0 1E0 1E0 9.99997E-1 9.99998E-1 9.99995E-1 9.99996E-1 9.99997E-1 9.99983E-1 9.99945E-1 9.9996E-1 9.99977E-1 9.99995E-1 9.99712E-1 9.99777E-1 9.99982E-1 9.99969E-1 9.99946E-1 1E0 9.99999E-1 9.99999E-1 9.98568E-1 9.95368E-1 9.96153E-1 9.95458E-1 9.66224E-1 8.80339E-1 9.70105E-1 9.81244E-1 9.95466E-1 9.93881E-1 9.98592E-1 9.99229E-1 9.93592E-1 9.94282E-1 9.99571E-1 9.9852E-1 9.99667E-1 9.9883E-1 9.82419E-1 7.10922E-1 3.6412E-1 2.2428E-1 1.33043E-1 1.51299E-2 5.11577E-3 8.55836E-3 3.6511E-3 2.76491E-2 3.35777E-2 1.57118E-2 9.84125E-3 1.15601E-2 1.74368E-2 1.3547E-2 2.6864E-2 2.11374E-1 2.6493E-1 2.32144E-1 2.36756E-1 3.29848E-1 2.35568E-1 5.37348E-2 4.33152E-2 2.3447E-2
-9999 -9999 -9999 9.99998E-1 9.99996E-1 1E0 1E0 1E0 9.99999E-1 9.9998E-1 9.99961E-1 9.99988E-1 9.99998E-1 9.99997E-1 9.99908E-1 9.99936E-1 9.99979E-1 9.99989E-1 9.99993E-1 9.99995E-1 9.99991E-1 9.9999E-1 9.99961E-1 9.99982E-1 1E0 1E0 9.99655E-1 9.99585E-1 9.98041E-1 9.99979E-1 9.98623E-1 9.69683E-1 9.85666E-1 9.93049E-1 9.99857E-1 9.99823E-1 9.99123E-1 9.79593E-1 9.46171E-1 9.96584E-1 9.9955E-1 9.99599E-1 9.99826E-1 9.89549E-1 7.9835E-1 4.75742E-1 5.72173E-1 4.99849E-1 4.59469E-1 1.60388E-1 1.2699E-2 3.21789E-2 8.86815E-2 2.85412E-1 1.68653E-1 5.69284E-2 3.6204E-2 1.37039E-2 1.67368E-2 3.88939E-2 4.19521E-2 1.69798E-1 3.08398E-1 2.60754E-1 1.8441E-1 1.19232E-1 7.07431E-2 8.29447E-2 3.04554E-2 4.08738E-3
-9999 -9999 9.99999E-1 9.99999E-1 9.99989E-1 1E0 1E0 1E0 9.99992E-1 9.99939E-1 9.99992E-1 9.99996E-1 9.9999E-1 9.99999E-1 9.99949E-1 9.99954E-1 9.99996E-1 9.99996E-1 9.99998E-1 9.99997E-1 9.99972E-1 9.99991E-1 9.99985E-1 9.99983E-1 9.99996E-1 9.99999E-1 9.86523E-1 9.95997E-1 9.99685E-1 9.99977E-1 9.56022E-1 8.56939E-1 8.88587E-1 9.97642E-1 9.90521E-1 9.93931E-1 9.87164E-1 9.51002E-1 9.48979E-1 9.87045E-1 9.89767E-1 9.99999E-1 9.99995E-1 9.94579E-1 9.14263E-1 5.42593E-1 8.21331E-1 8.99911E-1 6.79458E-1 6.39195E-1 5.94245E-2 1.40342E-1 4.75131E-1 4.75658E-1 2.47477E-1 8.25981E-2 6.1913E-2 6.68498E-2 1.29022E-1 1.74529E-1 9.17732E-2 1.86783E-1 3.23436E-1 2.58976E-1 1.05672E-1 4.07402E-2 2.75466E-2 3.62571E-2 1.46808E-2 3.45246E-3
-9999 9.99998E-1 9.99999E-1 9.99999E-1 9.99996E-1 1E0 1E0 1E0 1E0 9.99997E-1 9.99995E-1 9.99996E-1 9.99988E-1 1E0 1E0 9.99998E-1 9.99997E-1 9.99998E-1 9.99992E-1 9.99999E-1 9.99999E-1 9.99997E-1 9.99997E-1 9.99999E-1 9.99997E-1 9.99999E-1 9.98461E-1 9.98592E-1 9.99877E-1 9.99423E-1 9.89742E-1 9.50335E-1 9.14871E-1 9.94272E-1 9.98431E-1 9.4723E-1 9.67052E-1 8.66508E-1 9.15597E-1 9.94753E-1 9.92835E-1 9.99981E-1 1E0 9.99968E-1 9.99006E-1 9.03851E-1 9.68784E-1 9.72451E-1 9.43241E-1 9.42064E-1 2.6664E-1 4.95494E-1 7.93082E-1 4.05598E-1 1.29218E-1 8.53544E-2 7.23192E-2 1.7838E-1 4.80493E-1 4.31812E-1 2.36123E-1 1.76042E-1 3.30675E-1 1.72335E-1 9.29692E-2 3.0312E-2 6.32566E-3 3.90964E-3 3.96849E-3 2.27498E-3
9.99997E-1 9.99998E-1 9.99996E-1 1E0 9.99999E-1 9.99999E-1 9.99999E-1 1E0 1E0 9.99999E-1 9.99995E-1 1E0 1E0 1E0 9.99987E-1 9.9992E-1 9.96064E-1 9.9999E-1 1E0 1E0 9.99967E-1 9.99975E-1 9.99993E-1 9.99997E-1 9.99981E-1 9.99882E-1 9.99559E-1 9.93738E-1 9.94952E-1 9.95564E-1 9.86562E-1 9.93519E-1 9.98735E-1 9.43888E-1 9.90525E-1 9.99679E-1 9.61871E-1 9.14996E-1 9.74032E-1 9.98057E-1 8.50587E-1 9.91324E-1 9.98914E-1 9.9195E-1 9.96081E-1 9.83368E-1 9.93067E-1 9.69275E-1 9.71678E-1 9.481E-1 3.1439E-1 4.16232E-1 4.29279E-1 1.69164E-1 1.00679E-1 7.83797E-2 5.73307E-2 1.31123E-1 2.51587E-1 1.33211E-1 3.43549E-1 2.50919E-1 3.95774E-1 3.30491E-1 1.61428E-1 4.14747E-2 1.48214E-2 3.92376E-3 1.3125E-3 1.63742E-3
9.99999E-1 1E0 1E0 9.99999E-1 1E0 1E0 1E0 9.99999E-1 1E0 9.99999E-1 9.99988E-1 9.99895E-1 9.99993E-1 9.99999E-1 9.99999E-1 1E0 9.98537E-1 9.9941E-1 9.99861E-1 9.99492E-1 9.99986E-1 9.99915E-1 9.99947E-1 9.99997E-1 9.99946E-1 9.99979E-1 9.98287E-1 9.9933E-1 9.77563E-1 9.92947E-1 9.65617E-1 9.99501E-1 9.88693E-1 8.06804E-1 9.18358E-1 9.99395E-1 9.9996E-1 9.99642E-1 9.97239E-1 9.79902E-1 9.01915E-1 9.63733E-1 9.87064E-1 9.99466E-1 8.50088E-1 9.63908E-1 9.29463E-1 8.32974E-1 5.8913E-1 3.25032E-1 9.84806E-2 1.79625E-1 3.00202E-1 1.27272E-1 7.46186E-2 4.87618E-2 7.63526E-2 1.68967E-1 2.6002E-1 3.54771E-1 4.2638E-1 3.04666E-1 6.2274E-1 4.51073E-1 1.45177E-1 6.56351E-2 1.9725E-2 5.99209E-3 9.96666E-4 2.51023E-3
1E0 9.99999E-1 1E0 9.99996E-1 9.99996E-1 1E0 9.99999E-1 1E0 1E0 9.99999E-1 9.99999E-1 9.9994E-1 9.9992E-1 9.99999E-1 9.99993E-1 9.99904E-1 9.99993E-1 9.99987E-1 9.9994E-1 9.99484E-1 9.9996E-1 9.99978E-1 9.9999E-1 9.99837E-1 9.99894E-1 9.99985E-1 9.99887E-1 9.98216E-1 9.98279E-1 9.82619E-1 9.97341E-1 9.75716E-1 9.91718E-1 9.88677E-1 9.98447E-1 9.99848E-1 9.99989E-1 9.99994E-1 9.99992E-1 9.99993E-1 9.8552E-1 9.85197E-1 9.55064E-1 7.29115E-1 7.03198E-1 5.68339E-1 9.55941E-1 8.50364E-1 6.48317E-1 7.22948E-1 9.30482E-1 8.89324E-1 8.83381E-1 2.92833E-1 3.61506E-1 1.1845E-1 1.9944E-1 2.6763E-1 3.65606E-1 6.23562E-1 5.1116E-1 5.14705E-1 6.38966E-1 2.11443E-1 1.36127E-1 6.55735E-2 1.35179E-2 5.49077E-3 2.17218E-3 5.37915E-3
9.99981E-1 9.99987E-1 9.99997E-1 1E0 9.99999E-1 1E0 1E0 1E0 9.99999E-1 1E0 1E0 1E0 9.99995E-1 9.99997E-1 9.99992E-1 9.99997E-1 9.99996E-1 1E0 9.99999E-1 1E0 1E0 9.99755E-1 9.997E-1 9.99996E-1 9.99881E-1 9.99996E-1 9.9999E-1 9.9986E-1 9.99994E-1 9.99961E-1 9.98641E-1 9.99755E-1 9.99732E-1 9.99703E-1 9.99792E-1 9.99908E-1 9.99186E-1 9.99995E-1 1E0 9.96453E-1 9.65973E-1 9.65398E-1 9.51257E-1 6.44631E-1 4.13278E-1 4.53011E-1 7.56338E-1 5.10115E-1 7.99927E-1 6.70046E-1 2.12749E-1 6.40971E-1 8.95538E-1 8.5704E-1 3.27129E-1 7.72388E-2 1.87836E-1 5.21758E-1 7.49227E-1 7.60232E-1 6.42891E-1 8.54781E-1 5.14083E-1 3.88501E-1 1.82125E-1 8.53363E-2 1.42869E-2 1.68732E-2 8.96967E-3 2.22363E-2
9.99998E-1 9.99998E-1 9.99999E-1 1E0 1E0 1E0 9.99999E-1 1E0 9.99989E-1 9.99999E-1 1E0 1E0 1E0 9.99999E-1 1E0 1E0 1E0 1E0 9.99995E-1 1E0 1E0 9.99562E-1 9.9981E-1 9.96822E-1 9.99884E-1 9.99756E-1 9.99891E-1 9.99958E-1 9.99921E-1 9.96976E-1 9.99921E-1 9.99707E-1 9.99666E-1 9.99977E-1 9.99778E-1 9.6966E-1 9.00569E-1 9.99995E-1 9.99981E-1 9.99442E-1 9.92241E-1 8.03853E-1 7.12075E-1 4.16094E-1 2.06877E-1 3.45547E-1 4.5286E-1 4.83735E-1 2.7997E-1 2.71656E-1 2.24073E-1 5.17539E-1 8.10348E-1 9.40538E-1 8.15393E-1 2.94759E-1 2.65372E-1 4.45469E-1 6.55561E-1 7.37983E-1 9.31871E-1 7.16589E-1 2.58684E-1 2.94577E-1 3.90909E-1 1.71202E-1 1.13771E-1 1.09349E-1 1.71269E-2 3.00932E-2
9.99994E-1 9.99996E-1 9.99997E-1 9.99999E-1 9.99999E-1 1E0 1E0 1E0 9.99999E-1 9.99999E-1 9.99999E-1 1E0 1E0 1E0 1E0 1E0 1E0 9.99999E-1 9.99999E-1 9.99997E-1 1E0 1E0 9.99782E-1 9.85954E-1 9.99495E-1 9.99882E-1 9.96599E-1 9.9962E-1 9.96986E-1 9.99788E-1 9.99913E-1 9.99987E-1 9.99989E-1 9.99698E-1 9.97719E-1 8.27495E-1 8.5897E-1 9.99986E-1 9.99999E-1 9.99999E-1 9.97562E-1 9.13169E-1 9.41046E-1 7.8086E-1 4.53996E-1 1.94575E-1 1.02397E-1 7.31651E-2 2.62325E-2 1.23906E-1 3.03883E-1 3.15777E-1 5.3129E-1 8.11449E-1 9.65248E-1 4.87417E-1 4.73313E-1 3.93077E-1 4.42991E-1 5.29984E-1 9.20654E-1 8.86214E-1 7.20928E-1 3.75273E-1 3.51215E-1 4.71195E-1 2.25401E-1 1.2561E-1 1.65852E-1 9.14494E-2
9.99991E-1 9.99997E-1 1E0 1E0 9.99998E-1 1E0 1E0 1E0 9.99995E-1 9.99986E-1 9.99998E-1 1E0 1E0 1E0 1E0 1E0 9.99999E-1 9.99998E-1 1E0 9.99999E-1 9.99998E-1 9.9999E-1 9.99992E-1 9.99509E-1 9.99932E-1 9.97995E-1 9.99306E-1 9.90978E-1 9.99511E-1 9.99558E-1 9.99993E-1 9.99995E-1 9.99973E-1 9.99188E-1 9.75731E-1 7.23564E-1 8.66387E-1 9.998E-1 9.99926E-1 9.98462E-1 9.96283E-1 9.06436E-1 5.91898E-1 3.48333E-1 1.48176E-1 1.75143E-1 1.15601E-2 1.35181E-3 6.1239E-3 1.04699E-1 2.16681E-1 2.8748E-1 3.72507E-1 2.85258E-1 8.66919E-1 8.94663E-1 9.03115E-1 7.61589E-1 6.57055E-1 8.93957E-1 9.34894E-1 6.53685E-1 7.93177E-1 5.94585E-1 5.63281E-1 3.4808E-1 2.62042E-1 1.08332E-1 8.34363E-2 7.66698E-2
9.99993E-1 9.99993E-1 9.99999E-1 1E0 9.99999E-1 1E0 1E0 1E0 1E0 9.99996E-1 1E0 1E0 1E0 1E0 1E0 1E0 9.99936E-1 9.99976E-1 9.99999E-1 9.99999E-1 1E0 9.99794E-1 1E0 9.99999E-1 9.98908E-1 9.9943E-1 9.99397E-1 9.99598E-1 9.99995E-1 9.99926E-1 9.99998E-1 9.99167E-1 9.99191E-1 9.93765E-1 9.33221E-1 7.84357E-1 8.40696E-1 9.99386E-1 9.90371E-1 7.85547E-1 9.3208E-1 9.16648E-1 6.81777E-1 3.17281E-2 1.56754E-2 1.12828E-2 1.08385E-3 6.9605E-4 3.20146E-3 1.21373E-1 2.33188E-1 2.79729E-1 2.13192E-1 2.34634E-1 6.58243E-1 8.95706E-1 7.81374E-1 9.28799E-1 8.66539E-1 9.62305E-1 7.90387E-1 3.19787E-1 2.38356E-1 1.63533E-1 1.26436E-1 1.20446E-1 2.32238E-1 7.65611E-2 4.34456E-2 2.38244E-2
9.99965E-1 9.99958E-1 1E0 1E0 1E0 1E0 1E0 1E0 1E0 9.99997E-1 9.99999E-1 1E0 1E0 1E0 1E0 1E0 9.99996E-1 9.99953E-1 1E0 9.99964E-1 9.99957E-1 1E0 1E0 1E0 9.99911E-1 9.7128E-1 9.63174E-1 9.9643E-1 9.99903E-1 9.99858E-1 9.9955E-1 9.9991E-1 9.98139E-1 9.4643E-1 8.62E-1 5.44141E-1 7.14978E-1 9.99087E-1 9.90333E-1 7.56821E-1 8.42052E-1 6.71239E-1 1.3856E-1 1.87385E-2 4.59624E-3 1.13345E-3 1.50138E-4 1.96523E-3 5.38611E-3 1.06347E-1 2.53527E-1 2.37469E-1 1.11891E-1 4.08851E-1 7.28979E-1 9.09523E-1 5.17311E-1 6.86905E-1 8.46619E-1 9.6951E-1 7.857E-1 2.6051E-1 2.73835E-1 1.07671E-1 7.34993E-2 3.66939E-2 1.26687E-1 4.16846E-2 3.64425E-2 1.95185E-2
9.99987E-1 9.99948E-1 9.99906E-1 1E0 1E0 9.99999E-1 1E0 1E0 1E0 1E0 1E0 1E0 1E0 1E0 1E0 9.99995E-1 9.99997E-1 9.99921E-1 9.99957E-1 9.99998E-1 1E0 1E0 1E0 9.9999E-1 9.96758E-1 9.9896E-1 9.99748E-1 9.85475E-1 9.98105E-1 9.98168E-1 9.99469E-1 9.98588E-1 9.85056E-1 9.16057E-1 6.51594E-1 3.80377E-1 6.7743E-1 9.76137E-1 9.97648E-1 9.17563E-1 7.89667E-1 4.01697E-1 6.59367E-2 1.18467E-2 1.12801E-2 3.44068E-3 5.3512E-4 2.86038E-3 1.23582E-2 1.64363E-1 1.41164E-1 2.30944E-1 2.5009E-1 5.40834E-1 4.92082E-1 7.60313E-1 7.64831E-1 4.69244E-1 5.76717E-1 7.4575E-1 9.42115E-1 7.92391E-1 3.80011E-1 2.7658E-1 1.31081E-1 3.07544E-2 1.14241E-2 8.05191E-3 5.51288E-3 4.37694E-3
1E0 9.99999E-1 9.99997E-1 9.99984E-1 9.99993E-1 9.99999E-1 9.99999E-1 9.99999E-1 1E0 1E0 1E0 1E0 1E0 1E0 1E0 9.99998E-1 9.99999E-1 9.99968E-1 9.99997E-1 9.99999E-1 1E0 9.99973E-1 1E0 1E0 9.99999E-1 9.99999E-1 9.99999E-1 9.98597E-1 9.74005E-1 9.99277E-1 9.93601E-1 9.9767E-1 9.88238E-1 9.03657E-1 7.08999E-1 8.2267E-1 8.2258E-1 8.81823E-1 7.90956E-1 5.73128E-1 8.63075E-1 4.58379E-1 4.68622E-2 1.4438E-2 5.79265E-3 3.30361E-3 3.18793E-4 4.08885E-3 1.04495E-2 7.3922E-2 1.35327E-1 2.87093E-1 2.86597E-1 3.97099E-1 2.98376E-1 5.16627E-1 6.10828E-1 6.03479E-1 4.1617E-1 3.37477E-1 7.6717E-1 8.88657E-1 7.5594E-1 4.90103E-1 2.23262E-1 1.06299E-1 1.29339E-2 2.1115E-3 5.89732E-3 2.38481E-3
9.99999E-1 9.99994E-1 9.99917E-1 9.99995E-1 9.99629E-1 1E0 9.99997E-1 9.99997E-1 1E0 1E0 1E0 1E0 1E0 1E0 1E0 1E0 9.99999E-1 9.99996E-1 9.99998E-1 9.99999E-1 9.99999E-1 9.99997E-1 1E0 1E0 1E0 9.99925E-1 9.99854E-1 9.91843E-1 9.96258E-1 9.98841E-1 9.95817E-1 9.99913E-1 9.99797E-1 9.73317E-1 9.91183E-1 9.99148E-1 9.9966E-1 9.98755E-1 9.199E-1 9.37026E-1 9.89172E-1 6.65626E-1 1.25568E-2 5.13005E-3 2.94954E-3 1.14189E-3 2.71321E-4 8.82341E-4 1.00783E-2 4.44172E-2 1.71432E-1 2.31534E-1 1.45234E-1 2.01548E-1 1.99364E-1 3.73788E-1 1.15171E-1 3.61407E-1 3.16684E-1 1.96725E-1 4.84472E-1 5.20258E-1 6.20357E-1 6.54213E-1 4.68431E-1 1.86419E-1 1.50292E-2 6.5836E-3 1.3181E-2 8.78543E-3
9.99999E-1 9.99999E-1 9.99928E-1 9.99983E-1 9.99993E-1 9.99999E-1 9.99999E-1 9.99999E-1 1E0 1E0 1E0 1E0 1E0 1E0 1E0 1E0 9.99999E-1 9.99999E-1 1E0 9.99981E-1 9.99973E-1 9.99987E-1 1E0 1E0 9.99998E-1 9.99482E-1 9.96702E-1 9.97095E-1 9.83943E-1 9.87591E-1 9.93938E-1 9.99853E-1 9.98514E-1 9.99384E-1 9.90801E-1 9.99095E-1 9.99931E-1 9.99701E-1 9.9308E-1 9.96984E-1 9.88028E-1 3.84347E-1 2.58247E-2 2.84866E-2 1.51037E-2 2.94995E-3 3.26149E-4 7.24523E-4 8.68106E-3 4.86904E-2 1.59611E-1 1.95286E-1 6.27412E-2 7.56079E-2 1.77845E-1 2.88435E-1 1.13968E-1 3.07444E-1 2.24126E-1 1.89193E-1 2.8881E-1 1.66049E-1 2.18428E-1 1.63952E-1 2.64608E-1 2.18905E-1 6.90574E-2 4.54888E-2 2.41474E-2 2.03523E-2
9.99973E-1 9.99996E-1 9.99983E-1 9.99981E-1 1E0 1E0 1E0 1E0 1E0 1E0 1E0 1E0 1E0 1E0 1E0 1E0 1E0 1E0 9.99999E-1 9.99958E-1 9.99944E-1 9.99978E-1 9.9996E-1 9.99999E-1 1E0 9.99386E-1 9.87126E-1 9.93072E-1 9.95914E-1 9.96147E-1 9.99556E-1 9.96569E-1 9.98607E-1 9.61104E-1 9.99295E-1 9.96855E-1 9.99972E-1 9.99247E-1 9.99701E-1 9.97748E-1 9.92363E-1 4.32799E-1 2.84364E-2 7.46001E-3 1.03624E-2 1.92783E-3 2.09615E-4 6.07901E-4 1.1816E-2 5.76568E-2 6.48997E-2 7.92419E-2 2.06684E-2 3.21996E-2 1.41387E-1 8.9014E-2 7.63176E-2 2.302E-1 2.40768E-1 1.28566E-1 1.24881E-1 8.58827E-2 1.29083E-1 1.75491E-1 2.65386E-1 2.56475E-1 1.00196E-1 1.67875E-1 8.98062E-2 1.05425E-1
9.99996E-1 9.99958E-1 9.99991E-1 9.99997E-1 1E0 1E0 1E0 1E0 1E0 1E0 1E0 9.99999E-1 1E0 1E0 1E0 1E0 1E0 9.99992E-1 9.99959E-1 9.99993E-1 9.99979E-1 9.99977E-1 9.99999E-1 9.99985E-1 9.99948E-1 9.99709E-1 9.97674E-1 9.99489E-1 9.95836E-1 9.99862E-1 9.9936E-1 9.9356E-1 9.97889E-1 9.67157E-1 9.78458E-1 9.97639E-1 9.99876E-1 9.479E-1 9.16156E-1 8.9399E-1 7.62841E-1 8.56807E-1 1.04908E-1 1.4481E-1 4.32987E-2 1.34744E-2 7.32022E-4 1.46686E-4 3.33083E-3 2.35416E-2 1.38857E-1 1.47291E-1 8.5514E-2 1.08995E-1 8.45796E-2 9.53156E-2 2.62445E-2 7.71919E-2 9.08763E-2 9.78025E-2 4.93133E-2 2.41572E-2 6.28016E-2 1.35201E-1 1.27748E-1 7.02765E-2 4.15204E-2 5.27516E-2 5.09502E-2 6.92561E-2
9.99999E-1 9.99999E-1 1E0 9.99999E-1 1E0 1E0 1E0 1E0 1E0 1E0 9.99999E-1 1E0 9.99999E-1 9.99999E-1 9.99999E-1 1E0 1E0 1E0 1E0 9.99996E-1 9.99999E-1 9.99981E-1 9.99989E-1 9.99999E-1 9.99999E-1 9.99994E-1 9.99856E-1 9.99908E-1 9.99806E-1 1E0 9.97162E-1 9.98841E-1 9.7407E-1 9.91825E-1 9.95594E-1 9.99956E-1 9.9991E-1 9.94623E-1 8.04732E-1 7.6028E-1 4.61417E-1 2.53638E-1 5.11649E-1 9.05756E-2 1.97828E-2 2.25728E-3 6.66386E-4 3.31594E-3 5.2013E-3 1.82412E-2 4.83032E-2 4.28801E-2 4.73163E-2 9.56534E-2 7.16821E-2 3.32588E-2 3.18302E-2 4.08904E-2 7.5098E-2 3.35813E-2 1.53673E-2 2.27402E-2 3.87327E-2 3.62569E-2 5.14651E-2 3.47112E-2 5.76689E-3 5.01924E-3 4.08962E-2 3.01238E-2
1E0 1E0 1E0 1E0 1E0 1E0 1E0 1E0 1E0 9.99999E-1 9.99956E-1 9.99979E-1 9.99994E-1 9.99991E-1 9.99978E-1 9.99991E-1 1E0 1E0 9.99975E-1 9.99997E-1 9.99999E-1 1E0 9.99999E-1 9.99997E-1 1E0 9.99997E-1 9.99883E-1 9.99943E-1 9.99983E-1 9.99999E-1 9.99999E-1 9.99707E-1 9.48903E-1 9.99697E-1 9.99975E-1 9.99993E-1 9.99578E-1 9.96194E-1 8.45785E-1 9.57613E-1 9.14864E-1 4.97486E-1 2.46932E-1 5.39522E-2 3.0544E-2 7.39239E-3 5.48207E-3 1.14729E-2 2.58014E-2 6.66348E-2 1.04837E-2 1.18986E-2 1.12726E-2 3.4301E-2 2.93637E-2 1.52122E-2 2.79142E-2 1.69183E-2 2.6089E-2 2.64618E-2 8.79235E-3 5.25704E-3 6.9632E-3 6.76662E-3 3.31838E-2 1.35304E-2 2.71211E-3 1.22739E-3 1.32409E-2 4.79595E-3
9.99995E-1 9.99997E-1 1E0 1E0 1E0 1E0 1E0 1E0 9.99999E-1 9.99996E-1 9.99665E-1 1E0 1E0 9.99943E-1 9.99979E-1 1E0 9.99998E-1 9.99998E-1 9.99999E-1 9.99999E-1 9.99995E-1 1E0 1E0 1E0 9.99999E-1 9.99993E-1 9.99919E-1 9.99979E-1 9.99999E-1 1E0 9.98983E-1 9.9995E-1 9.95009E-1 9.97075E-1 9.99607E-1 9.96172E-1 9.92269E-1 9.82673E-1 9.82846E-1 9.73595E-1 9.59487E-1 8.62083E-1 7.13553E-1 6.69583E-2 9.48702E-2 4.52685E-2 9.73607E-3 5.63E-2 2.88348E-1 6.14608E-2 1.47099E-2 2.56465E-2 2.43108E-2 1.76711E-2 8.17761E-3 8.6189E-3 1.24287E-2 9.89622E-3 1.65097E-2 1.98001E-2 3.69669E-3 1.70628E-3 8.10954E-4 1.72438E-3 6.1504E-3 1.42986E-2 1.01294E-2 1.51828E-3 2.89513E-3 1.56936E-3
9.99999E-1 9.99998E-1 1E0 1E0 1E0 1E0 1E0 1E0 1E0 9.99997E-1 9.99983E-1 9.9999E-1 9.99999E-1 9.99998E-1 9.99995E-1 9.99999E-1 9.99997E-1 9.99997E-1 9.99972E-1 9.99992E-1 9.99998E-1 9.9997E-1 9.9992E-1 9.99997E-1 1E0 1E0 1E0 9.99998E-1 9.99999E-1 1E0 9.99994E-1 9.97489E-1 9.9991E-1 9.99166E-1 9.86918E-1 9.70063E-1 9.40478E-1 9.74251E-1 9.99708E-1 9.99802E-1 9.9947E-1 9.51474E-1 9.5641E-1 8.29147E-1 4.22913E-1 2.25743E-1 7.1612E-2 2.70162E-1 3.83714E-1 2.64267E-1 1.23092E-1 1.97721E-1 1.08056E-1 2.23079E-2 5.01558E-3 9.55757E-3 4.53645E-3 5.1086E-3 7.03578E-3 8.02521E-3 2.01433E-3 6.74068E-4 5.30769E-4 6.78538E-4 4.56306E-3 8.50173E-3 6.93347E-3 8.70333E-3 2.45532E-3 1.94256E-3
1E0 1E0 1E0 1E0 1E0 1E0 1E0 1E0 1E0 1E0 1E0 9.99996E-1 9.99999E-1 9.99973E-1 9.99995E-1 9.99904E-1 9.99998E-1 9.99901E-1 9.99989E-1 9.99999E-1 9.99974E-1 9.99983E-1 9.99937E-1 9.99999E-1 9.99997E-1 1E0 9.99994E-1 9.99983E-1 1E0 9.99986E-1 9.99711E-1 9.98492E-1 9.91763E-1 9.95797E-1 9.70144E-1 9.6581E-1 9.98432E-1 9.69749E-1 9.997E-1 9.99805E-1 9.99543E-1 9.97762E-1 8.41431E-1 5.49467E-1 5.88975E-1 4.29932E-1 1.21486E-1 4.51172E-1 6.86913E-1 3.32927E-1 3.60684E-1 7.34258E-1 5.1497E-1 2.46964E-1 8.32372E-2 2.98077E-2 6.21289E-3 3.53605E-3 3.95303E-3 8.46756E-3 3.78444E-4 1.04947E-4 3.37873E-4 8.79587E-4 1.68825E-3 2.53884E-3 1.14748E-3 1.85071E-3 1.91142E-3 2.02874E-3
1E0 1E0 -9999 9.99994E-1 1E0 9.99998E-1 9.99971E-1 1E0 9.99999E-1 1E0 1E0 9.99998E-1 9.99999E-1 9.99999E-1 9.99985E-1 9.99997E-1 9.99995E-1 9.99954E-1 9.99999E-1 9.99931E-1 9.99526E-1 9.99974E-1 9.99607E-1 9.99961E-1 9.997E-1 9.99967E-1 9.99981E-1 1E0 1E0 9.99794E-1 9.96092E-1 9.9993E-1 9.96943E-1 9.99575E-1 9.89553E-1 9.90165E-1 9.93912E-1 9.92998E-1 6.77749E-1 5.39917E-1 6.1051E-1 2.76577E-1 9.62915E-1 9.94389E-1 9.67403E-1 7.53171E-1 3.85866E-1 7.78264E-1 9.09558E-1 5.98452E-1 8.00674E-1 9.75758E-1 7.71847E-1 5.46386E-1 3.89608E-1 5.09065E-2 2.52985E-2 8.84106E-3 6.46856E-4 3.09614E-4 3.68654E-5 4.22592E-5 8.60262E-5 7.57094E-4 2.65658E-4 5.63269E-4 1.74018E-4 4.90646E-4 6.56938E-4 4.02462E-4
1E0 9.99998E-1 1E0 1E0 1E0 9.99998E-1 1E0 1E0 1E0 9.99999E-1 1E0 1E0 9.99977E-1 9.99992E-1 9.99998E-1 9.99991E-1 9.99987E-1 9.99552E-1 9.99943E-1 9.99922E-1 9.99935E-1 9.99845E-1 9.9922E-1 9.99982E-1 9.99919E-1 9.99962E-1 9.99723E-1 9.99956E-1 9.99935E-1 9.9957E-1 9.80372E-1 9.98226E-1 9.9593E-1 9.99961E-1 9.99868E-1 9.94469E-1 9.99947E-1 9.99255E-1 9.7315E-1 7.5267E-1 7.39346E-1 8.37748E-1 9.29772E-1 9.87964E-1 9.98459E-1 9.85458E-1 9.7101E-1 9.61785E-1 9.14818E-1 8.42434E-1 9.63749E-1 9.78881E-1 6.67192E-1 7.07588E-1 3.11504E-1 2.33227E-1 4.3794E-2 5.30957E-3 7.26264E-3 3.1248E-4 6.09107E-6 2.51836E-6 4.6151E-5 2.90518E-4 2.16179E-4 1.56674E-4 1.69855E-4 1.33919E-4 1.28189E-4 4.40471E-5
