ENM/Final_Models/M_1_F_lqp_Set_1_EC/Gustavia_santanderiensis_8_Choco.asc
ncols         367
nrows         963
xllcorner     -78.6
yllcorner     0.65
cellsize      0.00833333333333323
NODATA_value  -9999
[rows 96 to 127 of 963, columns 288 to 359 of 367]
1.43066E-1 1.16695E-1 1.657E-1 2.34062E-1 2.50273E-1 5.58781E-1 6.24153E-1 5.0145E-1 2.40259E-1 1.69492E-1 2.49534E-1 4.43824E-1 3.65121E-1 4.9698E-1 4.1657E-1 1.1539E-1 1.23669E-2 6.56565E-3 6.46938E-3 2.8179E-3 2.88466E-3 3.98791E-3 2.08664E-2 6.60946E-3 2.51627E-3 4.27816E-3 2.36412E-3 3.00308E-3 4.75469E-3 6.34181E-3 1.1651E-2 5.22544E-3 1.30477E-2 6.54314E-3 8.5741E-3 6.69859E-3 1.00027E-2 1.09174E-2 -9999 -9999 -9999 -9999 -9999 -9999 -9999 -9999 -9999 -9999 -9999 -9999 -9999 -9999 -9999 -9999 -9999 -9999 -9999 -9999 -9999 -9999 -9999 -9999 -9999 -9999 -9999 -9999 -9999 -9999 -9999 -9999 -9999 -9999
1.16284E-1 2.77671E-1 3.29046E-1 2.40625E-1 2.00475E-1 2.60654E-1 3.51252E-1 2.74311E-1 1.06441E-1 1.12468E-1 2.08208E-1 3.21398E-1 4.51961E-1 4.56684E-1 5.0999E-1 1.06103E-1 1.78088E-2 2.41812E-2 2.10843E-3 4.2226E-3 2.45804E-3 6.2269E-3 7.89796E-3 2.64067E-3 4.08405E-3 2.08573E-3 3.52746E-3 1.63906E-3 1.40152E-3 4.26065E-3 9.19432E-3 1.03037E-2 1.23773E-2 2.195E-2 7.337E-3 5.46897E-3 1.93247E-2 1.54938E-2 -9999 -9999 -9999 -9999 -9999 -9999 -9999 -9999 -9999 -9999 -9999 -9999 -9999 -9999 -9999 -9999 -9999 -9999 -9999 -9999 -9999 -9999 -9999 -9999 -9999 -9999 -9999 -9999 -9999 -9999 -9999 -9999 -9999 -9999
-9999 9.18364E-2 8.71243E-2 5.52135E-2 6.2823E-2 1.46864E-1 1.67896E-1 1.62338E-1 8.11965E-2 1.01907E-1 2.06186E-1 3.52545E-1 2.24676E-1 2.41414E-1 1.11792E-1 3.90504E-2 1.83349E-2 1.59063E-2 5.77191E-3 7.53055E-3 1.76655E-3 2.70751E-3 4.38577E-3 3.79424E-3 4.48448E-3 2.13108E-2 1.16686E-2 4.62809E-3 5.58928E-3 4.56874E-2 7.21978E-2 2.24507E-2 5.7439E-2 4.68266E-2 5.44001E-2 1.32731E-2 1.57005E-2 -9999 -9999 -9999 -9999 -9999 -9999 -9999 -9999 -9999 -9999 -9999 -9999 -9999 -9999 -9999 -9999 -9999 -9999 -9999 -9999 -9999 -9999 -9999 -9999 -9999 -9999 -9999 -9999 -9999 -9999 -9999 -9999 -9999 -9999 -9999
1.09924E-1 4.94544E-2 4.56468E-2 6.27416E-2 6.08984E-2 4.5305E-2 7.55072E-2 7.33932E-2 7.94659E-2 1.22889E-1 5.65161E-2 9.9338E-2 1.11916E-1 3.30821E-2 6.21976E-2 4.81687E-2 1.84857E-2 8.67654E-3 3.6982E-3 3.31734E-3 7.26332E-3 8.92763E-3 6.72492E-3 1.38937E-2 4.5324E-3 2.65139E-2 3.86129E-2 1.42174E-2 6.97671E-3 1.76476E-2 2.68071E-2 2.03715E-2 4.89099E-2 5.52287E-2 1.02128E-2 9.92786E-3 -9999 -9999 -9999 -9999 -9999 -9999 -9999 -9999 -9999 -9999 -9999 -9999 -9999 -9999 -9999 -9999 -9999 -9999 -9999 -9999 -9999 -9999 -9999 -9999 -9999 -9999 -9999 -9999 -9999 -9999 -9999 -9999 -9999 -9999 -9999 -9999
9.52021E-2 8.05255E-2 8.78138E-2 8.11837E-2 1.18004E-1 1.04728E-1 6.62438E-2 7.30513E-2 4.57569E-2 2.98946E-2 5.34257E-2 6.94593E-2 7.26684E-2 7.21687E-2 1.4796E-2 9.08808E-3 1.26235E-2 3.13186E-3 2.59157E-3 4.50179E-3 1.47337E-2 1.73214E-2 1.52278E-2 2.9597E-2 4.1388E-2 1.09963E-1 1.32141E-2 4.23693E-3 2.73895E-2 1.11579E-1 1.37917E-1 2.90568E-2 1.27993E-2 8.8933E-3 1.93926E-2 1.69304E-2 -9999 -9999 -9999 -9999 -9999 -9999 -9999 -9999 -9999 -9999 -9999 -9999 -9999 -9999 -9999 -9999 -9999 -9999 -9999 -9999 -9999 -9999 -9999 -9999 -9999 -9999 -9999 -9999 -9999 -9999 -9999 -9999 -9999 -9999 -9999 -9999
2.15487E-1 1.04041E-1 1.17798E-1 1.14246E-1 1.12379E-1 1.32052E-1 3.26179E-1 2.50369E-1 1.60121E-1 7.38691E-2 4.18752E-2 7.95352E-2 6.00168E-2 4.79174E-2 4.32203E-2 3.02383E-2 6.13654E-3 3.28977E-3 5.02494E-3 9.26409E-3 2.08352E-2 2.63595E-2 3.16239E-2 6.38451E-2 1.66488E-2 7.29927E-2 1.11849E-1 4.58777E-2 8.30593E-2 1.98574E-1 4.24034E-2 6.80164E-2 1.13756E-2 1.81092E-2 8.50955E-3 -9999 -9999 -9999 -9999 -9999 -9999 -9999 -9999 -9999 -9999 -9999 -9999 -9999 -9999 -9999 -9999 -9999 -9999 -9999 -9999 -9999 -9999 -9999 -9999 -9999 -9999 -9999 -9999 -9999 -9999 -9999 -9999 -9999 -9999 -9999 -9999 -9999
1.49323E-1 1.9524E-1 1.46267E-1 1.48585E-1 1.29064E-1 1.91178E-1 3.4217E-1 3.67372E-1 2.96999E-1 1.54079E-1 1.06435E-1 6.82592E-2 3.07933E-2 2.47489E-2 1.6217E-2 2.68209E-2 2.11525E-2 6.70421E-3 7.22436E-3 9.85134E-3 1.23713E-2 1.6433E-2 2.93306E-2 8.85067E-2 4.11641E-2 1.4521E-1 3.36365E-1 4.95308E-2 5.43103E-2 2.1975E-2 3.06437E-2 4.19357E-2 7.53959E-3 2.9316E-2 2.80776E-2 -9999 -9999 -9999 -9999 -9999 -9999 -9999 -9999 -9999 -9999 -9999 -9999 -9999 -9999 -9999 -9999 -9999 -9999 -9999 -9999 -9999 -9999 -9999 -9999 -9999 -9999 -9999 -9999 -9999 -9999 -9999 -9999 -9999 -9999 -9999 -9999 -9999
1.49954E-1 1.11926E-1 2.24118E-1 1.98182E-1 1.25144E-1 2.16895E-1 3.45501E-1 3.5007E-1 2.96406E-1 4.19417E-1 1.43019E-1 1.16657E-1 3.79995E-2 2.42826E-2 1.088E-2 2.90294E-2 2.43958E-2 5.17951E-3 7.07668E-3 1.10639E-2 1.402E-2 1.94808E-2 1.66819E-2 1.10168E-1 5.20009E-2 1.16032E-1 3.95862E-1 9.98155E-2 2.01634E-1 1.6813E-1 8.27382E-2 7.99402E-2 1.81447E-2 1.82504E-2 1.68693E-2 -9999 -9999 -9999 -9999 -9999 -9999 -9999 -9999 -9999 -9999 -9999 -9999 -9999 -9999 -9999 -9999 -9999 -9999 -9999 -9999 -9999 -9999 -9999 -9999 -9999 -9999 -9999 -9999 -9999 -9999 -9999 -9999 -9999 -9999 -9999 -9999 -9999
2.20555E-1 1.98254E-1 2.98592E-1 2.96719E-1 2.42435E-1 3.51778E-1 5.67724E-1 6.21934E-1 6.31253E-1 5.01457E-1 3.82402E-1 1.64379E-1 4.60017E-2 4.35634E-2 3.02428E-2 2.49979E-2 1.90618E-2 3.81221E-3 1.14185E-2 5.01625E-3 1.09624E-2 6.79215E-3 7.29752E-3 1.41022E-1 5.08439E-2 4.8341E-2 4.52824E-1 1.9993E-1 2.75833E-1 1.39874E-1 3.82559E-2 8.63193E-2 1.57603E-2 1.28826E-2 -9999 -9999 -9999 -9999 -9999 -9999 -9999 -9999 -9999 -9999 -9999 -9999 -9999 -9999 -9999 -9999 -9999 -9999 -9999 -9999 -9999 -9999 -9999 -9999 -9999 -9999 -9999 -9999 3.11852E-2 -9999 -9999 -9999 -9999 -9999 -9999 -9999 -9999 -9999
-9999 -9999 -9999 2.38111E-1 4.41572E-1 4.03589E-1 4.83972E-1 4.85059E-1 5.04795E-1 4.09205E-1 4.96162E-1 2.27304E-1 1.42311E-1 2.10772E-2 7.0066E-2 3.63731E-2 3.31412E-2 8.00009E-3 8.09859E-3 9.6716E-3 9.57038E-3 2.20686E-2 3.87419E-2 8.94649E-2 6.61894E-2 3.41704E-2 3.21089E-1 5.17619E-2 7.29216E-2 6.40188E-2 6.66228E-2 1.01747E-2 1.04973E-2 1.99739E-2 -9999 -9999 -9999 -9999 -9999 -9999 -9999 -9999 -9999 -9999 -9999 -9999 -9999 -9999 -9999 -9999 -9999 -9999 -9999 -9999 -9999 -9999 -9999 -9999 -9999 -9999 -9999 -9999 3.56477E-2 -9999 -9999 -9999 -9999 -9999 -9999 4.26477E-2 4.94735E-2 1.44884E-1
-9999 -9999 -9999 -9999 6.8876E-1 6.65337E-1 3.6666E-1 4.45698E-1 5.54492E-1 5.61019E-1 3.16465E-1 6.39398E-1 1.98825E-1 6.16513E-2 7.02494E-2 3.23117E-2 3.61474E-2 8.20403E-3 2.39783E-2 1.24791E-2 1.55337E-2 8.00184E-3 9.15556E-3 4.61303E-2 4.27431E-2 1.04478E-1 5.16948E-2 3.51087E-2 1.92604E-2 2.52224E-2 8.97382E-3 4.72452E-3 7.73409E-3 2.44907E-2 -9999 -9999 2.27489E-2 5.60079E-2 -9999 -9999 -9999 -9999 -9999 -9999 -9999 -9999 -9999 -9999 -9999 -9999 -9999 -9999 -9999 -9999 -9999 -9999 -9999 -9999 -9999 -9999 -9999 -9999 1.56007E-2 -9999 -9999 -9999 1.13181E-1 1.91179E-1 1.65383E-1 1.17861E-1 9.53597E-2 7.80435E-2
-9999 -9999 -9999 -9999 4.19941E-1 6.3827E-1 5.23897E-1 3.68289E-1 4.52513E-1 5.95834E-1 6.10047E-1 4.53915E-1 2.56992E-1 7.69095E-2 4.89104E-2 6.02406E-2 5.16388E-2 1.55877E-2 4.15393E-2 9.44549E-3 2.10611E-2 1.84675E-2 2.62997E-2 2.19573E-2 1.31226E-2 7.18366E-2 4.03132E-2 3.57486E-2 7.66286E-3 1.19007E-2 8.18074E-3 1.06541E-2 2.64161E-2 -9999 -9999 -9999 1.82666E-2 4.75864E-2 -9999 -9999 -9999 -9999 -9999 -9999 -9999 -9999 -9999 -9999 -9999 -9999 -9999 -9999 -9999 -9999 -9999 -9999 -9999 -9999 -9999 7.02968E-2 7.67916E-2 -9999 1.44253E-2 -9999 1.11948E-2 2.8421E-2 5.95007E-2 5.53894E-2 7.5074E-2 1.27793E-1 7.38031E-2 1.09383E-1
-9999 -9999 -9999 1.87519E-1 2.36628E-1 3.39304E-1 7.42916E-1 4.75008E-1 4.04552E-1 3.28952E-1 3.04856E-1 2.04075E-1 1.4835E-1 1.41952E-1 8.78806E-2 1.36019E-1 1.23159E-1 3.75356E-2 6.82266E-2 3.65727E-2 1.4122E-2 1.6606E-2 6.45192E-3 7.26133E-3 6.98118E-3 9.86057E-3 1.12249E-2 1.52493E-2 1.31378E-2 1.1298E-2 1.0941E-2 1.53198E-2 1.44101E-2 -9999 -9999 -9999 2.42328E-2 3.74775E-2 -9999 -9999 -9999 -9999 -9999 -9999 -9999 -9999 -9999 -9999 -9999 -9999 -9999 -9999 -9999 -9999 -9999 -9999 -9999 -9999 -9999 3.53757E-2 7.4804E-2 6.88873E-2 2.21681E-2 1.18014E-2 4.52952E-2 7.24032E-2 3.6142E-2 2.13876E-2 5.24046E-2 8.85895E-2 9.33695E-2 8.25381E-2
-9999 -9999 -9999 1.23104E-1 1.42138E-1 2.43239E-1 3.56139E-1 3.76741E-1 3.91712E-1 2.80964E-1 2.62775E-1 5.1327E-1 3.48255E-1 1.54957E-1 3.02097E-1 2.71666E-1 1.52571E-1 1.53999E-1 5.98371E-2 2.38336E-2 2.12975E-2 9.09297E-3 5.05746E-3 5.32991E-3 1.05606E-2 4.87042E-3 3.58547E-3 7.58861E-3 5.73684E-3 6.11563E-3 1.5604E-2 1.24216E-2 2.00582E-2 -9999 -9999 1.38024E-2 9.97707E-3 4.91023E-2 -9999 -9999 -9999 -9999 -9999 -9999 -9999 -9999 -9999 -9999 -9999 -9999 -9999 -9999 -9999 -9999 -9999 -9999 -9999 -9999 -9999 2.35183E-2 9.21977E-2 6.99815E-2 5.50142E-2 2.31179E-2 4.17863E-2 5.95869E-2 7.67025E-2 5.00493E-2 1.98141E-1 1.46686E-1 5.42156E-2 6.16305E-2
-9999 -9999 -9999 -9999 9.51848E-2 2.2981E-1 2.92128E-1 5.85167E-1 3.96909E-1 3.7393E-1 4.08306E-1 3.09516E-1 1.71575E-1 2.74581E-1 6.51912E-1 6.30232E-1 1.99073E-1 1.78762E-1 9.89464E-2 1.34067E-1 2.1842E-2 2.33281E-2 3.02483E-3 3.6817E-3 8.17249E-3 1.37637E-2 9.41673E-3 4.82638E-3 1.11235E-2 1.28149E-2 2.51737E-2 1.79862E-2 -9999 -9999 2.59874E-2 3.69274E-2 9.46923E-3 1.79137E-2 -9999 -9999 -9999 -9999 -9999 -9999 -9999 -9999 -9999 -9999 -9999 -9999 -9999 -9999 -9999 -9999 -9999 -9999 -9999 -9999 5.57413E-2 8.24267E-2 4.60878E-2 1.16091E-1 8.71897E-2 5.94263E-2 2.84554E-2 1.0297E-1 7.449E-2 1.81717E-1 1.45237E-1 1.00606E-1 8.06758E-2 3.99659E-2
-9999 -9999 -9999 -9999 -9999 3.86806E-2 4.76163E-2 9.33474E-2 1.93999E-1 1.7362E-1 1.41375E-1 1.7085E-1 1.3144E-1 2.43908E-1 2.95755E-1 4.67367E-1 3.88072E-1 2.9727E-1 1.6758E-1 1.1373E-1 1.10642E-2 9.8486E-3 5.60466E-3 1.95145E-2 5.80163E-3 1.24017E-2 2.25338E-2 2.67727E-2 2.30125E-2 1.18867E-2 2.47101E-2 2.30616E-2 -9999 -9999 2.21925E-2 2.70179E-2 1.87818E-2 2.78191E-2 3.07778E-2 -9999 -9999 -9999 -9999 -9999 -9999 -9999 -9999 -9999 -9999 -9999 -9999 -9999 3.12858E-2 -9999 -9999 -9999 -9999 -9999 5.50321E-2 1.14102E-1 2.11114E-1 3.81224E-2 4.83503E-2 5.02931E-2 2.22069E-2 2.58809E-2 1.20409E-1 6.27703E-2 5.19436E-2 5.26465E-2 8.11692E-2 3.88737E-2
-9999 -9999 -9999 -9999 -9999 2.57601E-2 3.33773E-2 3.69948E-2 5.33111E-2 5.79147E-2 4.7722E-2 6.74914E-2 1.08919E-1 5.07316E-2 6.64222E-2 5.06214E-2 3.33929E-2 7.10962E-2 3.25758E-2 1.14175E-2 2.62108E-2 2.13487E-2 1.6962E-2 1.38499E-2 6.4671E-3 5.03238E-2 3.36764E-2 2.18549E-2 7.68462E-3 1.46335E-2 1.97242E-2 3.89595E-2 -9999 1.87897E-2 5.96622E-2 6.34376E-2 7.07621E-2 3.00143E-2 8.7851E-2 -9999 -9999 -9999 -9999 -9999 -9999 -9999 -9999 -9999 -9999 -9999 1.14122E-2 9.10655E-3 1.08297E-2 -9999 -9999 7.79023E-2 -9999 -9999 6.87564E-2 1.15191E-1 2.72352E-2 4.30956E-2 4.25562E-2 4.4071E-2 3.02495E-2 4.63806E-2 5.96973E-2 5.53683E-2 7.14913E-2 7.55217E-2 3.27943E-2 4.06368E-2
-9999 -9999 -9999 -9999 -9999 -9999 -9999 -9999 3.67858E-2 2.10571E-2 9.83494E-3 1.32861E-2 2.64101E-2 2.881E-2 3.43169E-2 1.93439E-2 3.37954E-2 5.07698E-2 3.16703E-2 2.23032E-2 3.02638E-2 2.54999E-2 2.57761E-2 2.19941E-2 1.54365E-2 2.11621E-2 5.56498E-2 4.87987E-2 3.49737E-2 1.94631E-2 3.7192E-2 -9999 -9999 3.0912E-2 4.246E-2 8.12152E-2 6.02683E-2 4.19423E-2 6.75975E-2 -9999 -9999 -9999 -9999 -9999 -9999 -9999 -9999 -9999 -9999 -9999 7.97318E-3 1.13555E-2 3.33909E-2 -9999 -9999 3.13038E-2 -9999 3.08724E-2 9.90685E-2 1.0222E-1 8.27467E-2 1.53367E-1 1.61239E-1 9.01841E-2 3.24876E-2 8.01829E-2 2.77921E-2 1.03686E-1 1.3577E-1 3.34886E-2 1.47106E-2 7.33892E-2
-9999 -9999 -9999 -9999 -9999 -9999 -9999 -9999 1.54036E-2 1.08031E-2 3.40202E-2 2.5057E-2 2.13945E-2 2.25155E-2 3.06538E-2 3.2425E-2 2.66279E-2 5.35243E-2 4.55492E-2 4.39477E-2 2.94162E-2 1.7828E-2 8.67867E-2 9.15183E-2 4.14915E-2 3.84564E-2 3.90931E-2 4.63338E-2 6.21444E-2 5.27061E-2 7.19098E-2 4.92668E-2 -9999 3.05796E-2 3.86303E-2 5.81029E-2 6.70639E-2 5.40711E-2 1.10301E-1 -9999 -9999 -9999 -9999 -9999 -9999 -9999 -9999 -9999 -9999 -9999 8.13817E-2 3.3226E-2 3.04569E-2 9.25841E-2 6.86022E-2 6.3741E-2 3.64012E-2 3.47521E-2 4.43773E-2 1.86035E-1 2.13153E-1 3.21876E-1 3.90606E-1 6.067E-2 4.50267E-2 1.03457E-1 9.25029E-2 1.05927E-1 1.19557E-1 4.93442E-2 3.91996E-2 2.35768E-2
-9999 -9999 -9999 -9999 -9999 -9999 -9999 1.96032E-2 1.63105E-2 1.01084E-2 2.15396E-2 2.42963E-2 1.68948E-2 2.89477E-2 5.18404E-2 2.7348E-2 2.93606E-2 3.84263E-2 3.94522E-2 2.61129E-2 4.46838E-2 5.14866E-2 1.17923E-1 1.23062E-1 1.03763E-1 4.50843E-2 2.69082E-2 2.0623E-2 4.91942E-2 3.6868E-2 6.52669E-2 1.03876E-1 7.91822E-2 7.91375E-2 1.32362E-1 1.36898E-1 1.398E-1 5.87674E-2 7.86045E-2 -9999 -9999 -9999 -9999 -9999 -9999 -9999 -9999 -9999 -9999 5.08336E-2 9.29694E-2 7.43651E-2 3.95404E-2 4.9564E-2 4.64516E-2 2.60149E-2 2.7073E-2 4.65988E-2 2.88571E-2 1.57462E-1 2.75363E-1 4.14667E-1 4.83182E-1 8.78296E-2 1.03788E-1 6.28624E-2 1.60516E-1 8.81508E-2 9.12293E-2 6.65796E-2 1.39373E-1 1.08263E-2
-9999 -9999 -9999 -9999 -9999 -9999 -9999 2.05727E-2 2.84067E-2 1.13846E-2 2.18882E-2 2.05923E-2 1.57694E-2 1.55872E-2 3.97074E-2 3.69762E-2 5.08958E-2 2.78086E-2 3.30986E-2 4.82272E-2 4.95598E-2 7.77442E-2 1.7168E-1 7.98603E-2 7.02985E-2 3.72152E-2 1.51136E-2 3.50363E-3 7.23948E-3 2.69856E-2 6.77168E-2 6.45021E-2 8.39411E-2 8.09879E-2 9.32706E-2 1.0723E-1 1.16148E-1 1.79143E-2 7.4629E-2 -9999 -9999 -9999 -9999 -9999 -9999 -9999 -9999 -9999 2.20854E-2 6.67789E-2 6.78015E-2 2.25774E-2 4.7283E-2 1.23171E-1 3.13515E-2 1.8445E-2 3.3067E-2 1.83481E-2 1.16498E-1 4.39516E-2 1.0884E-1 3.7044E-1 1.54997E-1 8.28844E-2 1.05269E-1 7.60619E-2 6.73984E-2 1.65397E-1 4.33233E-2 2.51392E-1 1.37708E-1 1.81662E-2
-9999 -9999 -9999 -9999 -9999 -9999 2.10439E-2 1.86691E-2 3.22026E-2 2.27981E-2 1.57468E-2 1.90209E-2 2.41268E-2 2.42154E-2 2.89158E-2 4.06944E-2 4.57027E-2 4.46555E-2 3.9065E-2 4.5173E-2 3.60544E-2 2.09875E-1 1.73382E-1 5.43586E-2 4.43567E-2 5.28599E-2 1.97248E-2 5.91982E-3 4.07692E-2 3.03294E-2 4.47228E-2 8.62459E-2 7.72473E-2 4.66863E-2 5.91111E-2 5.22636E-2 2.41327E-2 4.90559E-2 -9999 -9999 -9999 -9999 -9999 -9999 -9999 -9999 -9999 4.28397E-2 3.5506E-2 2.82522E-2 5.41309E-2 9.37755E-2 1.5846E-1 1.08359E-1 7.51338E-2 1.20721E-1 9.16681E-2 3.14595E-2 6.01719E-2 2.72467E-2 1.47826E-1 7.86508E-2 5.52764E-2 6.93189E-2 5.9843E-2 3.53433E-2 5.76525E-2 2.15889E-1 9.54731E-2 4.77189E-2 4.41088E-2 5.71536E-2
-9999 -9999 -9999 -9999 -9999 -9999 -9999 -9999 -9999 -9999 -9999 -9999 3.5701E-2 1.59106E-2 2.29113E-2 1.0822E-2 3.77141E-2 2.4499E-2 5.67403E-2 2.40802E-2 8.74897E-2 4.08978E-2 8.64862E-2 1.38828E-1 3.96856E-1 3.05856E-1 2.70512E-1 9.84753E-2 4.59348E-2 5.09648E-2 5.32286E-2 7.41796E-2 1.28112E-1 2.89779E-2 8.21701E-2 5.4829E-2 7.33748E-2 -9999 -9999 -9999 -9999 -9999 -9999 7.96436E-3 9.05467E-3 1.56906E-2 4.41566E-2 4.79287E-2 3.41648E-2 2.62811E-2 2.52147E-2 1.39552E-1 6.24522E-2 8.94664E-2 2.613E-1 9.86906E-2 1.1952E-1 5.72764E-2 1.37473E-1 1.25351E-1 8.96398E-2 7.9984E-2 5.51316E-2 1.27337E-1 1.68911E-2 5.4085E-2 1.84489E-1 4.85123E-2 2.07084E-2 1.05282E-2 5.85655E-2 1.51096E-1
-9999 -9999 -9999 -9999 -9999 -9999 -9999 -9999 -9999 -9999 -9999 -9999 -9999 -9999 1.80995E-2 5.3983E-2 1.61601E-2 2.84968E-2 1.90445E-2 2.23153E-2 5.21681E-2 3.37579E-2 1.07317E-1 3.81416E-1 4.03267E-1 3.44797E-1 2.37902E-1 2.37497E-1 3.55219E-2 8.1839E-2 6.4726E-2 1.01578E-1 1.53799E-1 1.7082E-1 8.31878E-2 -9999 -9999 -9999 -9999 -9999 -9999 -9999 -9999 -9999 4.17215E-2 9.74512E-2 1.57735E-1 1.48177E-1 1.36045E-1 1.58121E-1 1.36113E-1 1.01143E-1 6.91755E-2 9.63464E-2 1.36417E-1 2.53096E-1 2.9767E-1 2.15538E-1 2.92416E-1 3.70175E-1 6.29023E-2 3.22242E-2 1.04873E-1 1.18754E-1 1.80983E-2 6.92281E-2 6.24232E-2 2.81697E-2 1.64826E-2 1.32196E-2 7.417E-2 1.97341E-2
-9999 -9999 -9999 -9999 -9999 -9999 -9999 -9999 -9999 -9999 -9999 -9999 -9999 -9999 3.51183E-2 3.1808E-2 2.33684E-2 3.42962E-2 1.9411E-2 3.98551E-2 7.62602E-2 4.26577E-2 1.0068E-1 3.81722E-1 5.25799E-1 4.25988E-1 2.42425E-1 8.13593E-2 9.99758E-2 6.37993E-2 5.34308E-2 9.6463E-2 1.22124E-1 9.25687E-2 1.09446E-1 -9999 -9999 -9999 -9999 -9999 -9999 -9999 5.07756E-2 -9999 -9999 -9999 1.99053E-1 2.67631E-1 9.02599E-2 1.13743E-1 1.64683E-1 2.90526E-1 2.00177E-1 4.26607E-1 3.36199E-1 3.2221E-1 2.26277E-1 1.24416E-1 1.2094E-1 5.13187E-2 4.98716E-2 2.84031E-2 3.8837E-2 2.01528E-2 3.35199E-2 9.31913E-2 8.38965E-2 5.67607E-2 1.29099E-2 1.69265E-2 5.5241E-2 2.47615E-2
-9999 -9999 -9999 -9999 -9999 -9999 -9999 -9999 -9999 -9999 -9999 -9999 -9999 3.67277E-2 4.28418E-2 3.7819E-2 2.20513E-2 2.31129E-2 4.05854E-2 4.01682E-2 9.82703E-2 8.5771E-2 8.35912E-2 1.38797E-1 4.6066E-1 5.71363E-1 2.04228E-1 1.1469E-1 7.6023E-2 6.95148E-2 5.7559E-2 9.50561E-2 4.74485E-2 5.52611E-2 6.48196E-2 -9999 -9999 -9999 -9999 -9999 -9999 -9999 7.12334E-2 -9999 -9999 -9999 4.88746E-1 1.74009E-1 2.69597E-1 1.0202E-1 1.13337E-1 1.11059E-1 2.43501E-1 2.76271E-1 4.22209E-1 2.57055E-1 1.53484E-1 3.03044E-1 1.67875E-1 1.3669E-1 1.5867E-1 7.19273E-2 6.11667E-2 3.01771E-2 1.14166E-2 8.88494E-2 9.71718E-2 3.98804E-2 4.3629E-2 2.63141E-2 3.92156E-2 9.73823E-3
-9999 -9999 -9999 -9999 -9999 -9999 -9999 -9999 -9999 -9999 -9999 -9999 1.93159E-2 3.09131E-2 4.11604E-2 2.31618E-2 2.01445E-2 2.63016E-2 3.79063E-2 3.29192E-2 7.33478E-2 7.29684E-2 5.57499E-2 9.40077E-2 1.58705E-1 3.29343E-1 3.83667E-1 2.94955E-1 5.24032E-2 4.29867E-2 1.90664E-1 1.66488E-1 5.88812E-2 5.60355E-2 -9999 -9999 -9999 -9999 -9999 -9999 -9999 -9999 -9999 1.61689E-1 -9999 -9999 -9999 3.13388E-1 2.30618E-1 2.48719E-1 1.30438E-1 8.83836E-2 1.26189E-1 3.32607E-1 2.01847E-1 1.66049E-1 1.89522E-1 2.29918E-1 1.38157E-1 1.33106E-1 1.60079E-1 4.82181E-2 6.04396E-2 6.64669E-2 6.29528E-2 7.20488E-2 1.12753E-1 5.17973E-2 4.61428E-2 2.48326E-2 2.79194E-2 -9999
-9999 -9999 -9999 -9999 -9999 -9999 -9999 -9999 -9999 -9999 -9999 -9999 -9999 4.14703E-2 2.05794E-2 3.1153E-2 3.61365E-2 3.25385E-2 7.05589E-2 4.19584E-2 4.07687E-2 3.49248E-2 5.25652E-2 2.91571E-2 9.83603E-2 1.69506E-1 1.23859E-1 3.68588E-1 9.12654E-2 3.84956E-2 1.44368E-1 1.25277E-1 1.26551E-1 8.42944E-2 -9999 -9999 -9999 -9999 -9999 -9999 -9999 -9999 -9999 5.45115E-2 1.67387E-1 -9999 -9999 2.94335E-1 2.13171E-1 2.18852E-1 1.49883E-1 1.01631E-1 1.25526E-1 2.02058E-1 1.09678E-1 9.7658E-2 2.63173E-1 2.17412E-1 8.24525E-2 7.50221E-2 1.62798E-1 5.02538E-2 6.33446E-2 9.18562E-2 3.64181E-2 2.9967E-2 5.06387E-2 5.19278E-2 3.95654E-2 5.95474E-2 8.74968E-2 -9999
-9999 -9999 -9999 -9999 -9999 -9999 -9999 -9999 -9999 -9999 -9999 -9999 -9999 2.31042E-2 2.37574E-2 3.26708E-2 4.72939E-2 4.5804E-2 3.46201E-2 1.96611E-2 3.98816E-2 5.3325E-2 8.61355E-2 7.00273E-2 9.19948E-2 1.35468E-1 1.13221E-1 1.60448E-1 6.67178E-2 3.83787E-2 2.88534E-2 4.7619E-2 2.89668E-2 7.86586E-2 -9999 -9999 -9999 -9999 -9999 7.834E-2 1.09626E-1 -9999 -9999 1.11727E-1 2.9253E-1 3.17019E-1 6.84284E-1 3.44698E-1 1.4326E-1 3.21862E-1 1.55467E-1 1.02869E-1 1.18235E-1 1.50296E-1 8.8459E-2 2.24216E-1 1.16241E-1 1.47E-1 7.04055E-2 4.25869E-2 3.97552E-2 1.10706E-1 6.84544E-2 1.98526E-1 1.16185E-1 2.04253E-2 9.14349E-3 8.62755E-2 1.53895E-2 1.43311E-2 -9999 -9999
-9999 -9999 -9999 -9999 -9999 -9999 -9999 -9999 -9999 -9999 -9999 -9999 -9999 1.67411E-2 4.16748E-2 3.52465E-2 4.27457E-2 3.37272E-2 2.41486E-2 5.02887E-2 4.98953E-2 4.42537E-2 4.43274E-2 7.12545E-2 9.98873E-2 1.3372E-1 9.44976E-2 2.80034E-1 3.46976E-1 3.99791E-1 4.00097E-1 3.42663E-1 3.64342E-1 4.0351E-1 -9999 -9999 -9999 -9999 -9999 6.83996E-2 9.17364E-2 5.31867E-2 -9999 -9999 1.84084E-1 3.40216E-1 5.37138E-1 4.04331E-1 5.16119E-1 2.24996E-1 1.15609E-1 7.58066E-2 1.17807E-1 5.9613E-2 8.61623E-2 1.59029E-1 2.39383E-1 1.86109E-1 1.08295E-1 1.30403E-1 7.94534E-2 1.25087E-1 1.41626E-1 1.38638E-1 2.19722E-1 9.12974E-2 2.98176E-1 2.09637E-1 1.08385E-1 5.58869E-2 -9999 -9999
-9999 -9999 -9999 -9999 -9999 -9999 -9999 -9999 -9999 -9999 -9999 -9999 -9999 2.00411E-2 7.59617E-2 5.32492E-2 3.92154E-2 1.98696E-2 2.34537E-2 1.79011E-2 4.73781E-2 6.35588E-2 1.24977E-1 1.18947E-1 1.09312E-1 1.32399E-1 1.59112E-1 3.11761E-1 5.99556E-1 2.47487E-1 9.67733E-2 1.98213E-1 4.80188E-1 2.75819E-1 -9999 -9999 -9999 -9999 -9999 1.10955E-1 1.29759E-1 4.60713E-2 -9999 -9999 1.84252E-2 2.76687E-2 1.74822E-1 6.21652E-2 2.41179E-1 1.39362E-1 6.92183E-2 5.27453E-2 1.90293E-2 2.78741E-2 4.75832E-2 9.54051E-2 1.80266E-1 3.27715E-1 2.5884E-1 3.69438E-1 2.06903E-1 2.10447E-1 1.65232E-1 1.24202E-1 2.27191E-1 2.69692E-1 2.32122E-1 4.1108E-2 2.83623E-1 -9999 -9999 -9999
-9999 -9999 -9999 -9999 -9999 -9999 -9999 -9999 -9999 -9999 -9999 -9999 -9999 -9999 2.94505E-2 5.85781E-2 1.0185E-1 5.63991E-2 2.91117E-2 1.50812E-2 1.57035E-2 4.34832E-2 9.49848E-2 9.20464E-2 1.19571E-1 3.35826E-1 4.07586E-1 5.76124E-1 6.9812E-1 3.62328E-1 2.29648E-1 2.42779E-1 1.92448E-1 -9999 -9999 -9999 1.39192E-1 9.87151E-2 -9999 1.14667E-1 8.9966E-3 2.11515E-2 2.6592E-2 2.90494E-2 3.7821E-2 4.81373E-2 4.66958E-2 1.007E-1 7.74281E-2 1.39121E-1 9.49733E-3 2.04013E-4 9.81833E-4 1.01792E-3 3.39577E-3 8.38363E-2 1.64508E-1 3.61171E-1 2.48556E-1 2.45718E-1 2.2607E-1 1.51502E-1 1.38176E-1 1.44756E-1 3.04242E-1 4.62086E-1 3.0484E-1 3.24604E-2 1.73943E-1 -9999 -9999 -9999
