ENM/Final_Models/M_1_F_lqp_Set_1_EC/Gustavia_santanderiensis_Choco_avg.asc
ncols         367
nrows         963
xllcorner     -78.6
yllcorner     0.65
cellsize      0.00833333333333323
NODATA_value  -9999
[rows 420 to 449 of 963, columns 134 to 200 of 367]
-9999 -9999 -9999 -9999 -9999 -9999 -9999 -9999 -9999 -9999 -9999 -9999 -9999 -9999 -9999 -9999 -9999 -9999 -9999 -9999 8.49649E-1 8.63669E-1 8.57404E-1 8.80035E-1 8.94622E-1 9.06436E-1 9.05856E-1 9.09769E-1 9.09522E-1 9.13368E-1 9.13303E-1 9.15958E-1 9.10678E-1 9.05911E-1 8.99091E-1 9.03231E-1 8.9484E-1 8.86324E-1 8.99702E-1 8.85165E-1 8.8739E-1 8.67307E-1 8.72845E-1 8.82111E-1 8.93809E-1 8.85697E-1 8.86136E-1 9.02649E-1 8.91018E-1 8.89862E-1 8.69354E-1 8.95107E-1 8.89525E-1 9.06162E-1 9.08301E-1 8.997E-1 8.94442E-1 8.95598E-1 8.97899E-1 9.04391E-1 8.90665E-1 8.93387E-1 8.92146E-1 8.92564E-1 9.07454E-1 9.07184E-1 9.13394E-1
-9999 -9999 -9999 -9999 -9999 -9999 -9999 -9999 -9999 -9999 -9999 -9999 -9999 -9999 -9999 -9999 -9999 -9999 -9999 -9999 8.54663E-1 8.41414E-1 7.96337E-1 6.4644E-1 7.78878E-1 8.07222E-1 8.84769E-1 9.02429E-1 9.10919E-1 9.15647E-1 9.09882E-1 9.078E-1 8.92249E-1 8.91597E-1 8.88961E-1 8.89831E-1 9.11204E-1 9.09096E-1 8.81245E-1 8.89208E-1 8.68724E-1 8.86035E-1 8.86962E-1 8.8053E-1 8.8354E-1 8.95237E-1 8.98111E-1 8.8055E-1 8.93284E-1 8.92777E-1 8.97826E-1 9.05484E-1 9.06223E-1 9.04275E-1 9.04433E-1 9.08811E-1 9.09588E-1 8.78221E-1 8.74049E-1 8.83113E-1 8.96502E-1 9.00305E-1 8.96436E-1 8.9615E-1 9.10385E-1 9.10338E-1 9.14147E-1
-9999 -9999 -9999 -9999 -9999 -9999 -9999 -9999 -9999 -9999 -9999 -9999 -9999 -9999 -9999 -9999 -9999 -9999 -9999 -9999 8.66367E-1 8.66081E-1 8.76557E-1 8.69804E-1 8.72221E-1 8.81201E-1 8.58299E-1 8.63298E-1 8.95831E-1 9.01603E-1 8.97695E-1 9.01058E-1 9.02823E-1 8.81516E-1 9.05791E-1 9.05423E-1 9.00814E-1 8.93833E-1 8.6832E-1 8.87038E-1 8.72773E-1 8.85209E-1 8.92118E-1 8.80148E-1 8.62276E-1 8.95499E-1 8.93989E-1 8.85652E-1 8.74141E-1 8.9262E-1 9.01503E-1 9.01898E-1 9.05358E-1 9.15225E-1 9.03992E-1 9.00519E-1 8.95509E-1 8.86986E-1 9.0074E-1 8.93612E-1 8.97728E-1 9.03841E-1 9.06879E-1 9.08377E-1 9.10801E-1 9.10437E-1 9.03122E-1
-9999 -9999 -9999 -9999 -9999 -9999 -9999 -9999 -9999 -9999 -9999 -9999 -9999 -9999 -9999 -9999 -9999 -9999 -9999 -9999 -9999 9.07887E-1 9.00101E-1 8.84864E-1 8.83581E-1 8.94659E-1 9.00082E-1 8.6785E-1 8.9143E-1 9.04371E-1 9.04822E-1 9.03587E-1 9.02545E-1 9.0356E-1 9.01112E-1 9.12264E-1 9.06707E-1 8.88594E-1 8.70085E-1 8.60422E-1 8.39664E-1 8.80152E-1 8.98219E-1 9.03757E-1 8.88116E-1 8.48107E-1 8.20052E-1 8.77506E-1 8.96527E-1 8.94306E-1 9.04136E-1 9.02352E-1 9.00032E-1 9.13462E-1 9.13259E-1 8.99722E-1 9.09161E-1 9.00452E-1 8.92978E-1 8.81661E-1 9.07019E-1 9.10796E-1 9.1371E-1 9.09627E-1 9.15137E-1 9.11538E-1 9.15132E-1
-9999 -9999 -9999 -9999 -9999 -9999 -9999 -9999 -9999 -9999 -9999 -9999 -9999 -9999 -9999 -9999 -9999 -9999 -9999 -9999 -9999 8.70343E-1 8.79025E-1 8.54588E-1 8.99004E-1 8.99078E-1 8.94806E-1 8.93729E-1 8.66229E-1 8.78415E-1 9.04152E-1 9.06175E-1 9.08038E-1 9.00071E-1 9.07696E-1 9.14456E-1 9.13288E-1 8.96447E-1 8.85551E-1 8.96387E-1 8.95146E-1 8.94581E-1 8.95769E-1 8.99343E-1 8.90144E-1 8.92414E-1 8.61893E-1 8.5641E-1 9.00995E-1 8.99652E-1 9.10164E-1 9.08366E-1 9.11414E-1 9.07974E-1 9.12862E-1 8.9883E-1 9.00948E-1 9.0048E-1 8.97043E-1 9.06817E-1 9.05428E-1 9.13636E-1 9.1364E-1 9.1338E-1 9.11663E-1 9.0677E-1 9.01219E-1
-9999 -9999 -9999 -9999 -9999 -9999 -9999 -9999 -9999 -9999 -9999 -9999 -9999 -9999 -9999 -9999 -9999 -9999 -9999 -9999 -9999 7.40213E-1 7.27096E-1 8.85535E-1 8.94375E-1 8.96925E-1 8.89545E-1 8.75607E-1 8.49256E-1 8.58091E-1 8.99569E-1 9.11664E-1 9.04071E-1 9.0211E-1 9.01401E-1 9.13418E-1 9.1279E-1 8.97134E-1 9.00939E-1 8.91803E-1 8.81418E-1 8.93137E-1 8.8473E-1 8.97715E-1 9.01361E-1 8.9978E-1 8.89412E-1 8.87513E-1 9.02203E-1 9.10096E-1 9.09057E-1 9.03409E-1 9.07851E-1 9.06683E-1 9.06604E-1 9.00077E-1 9.0214E-1 9.01104E-1 9.08336E-1 9.02639E-1 8.99084E-1 9.05509E-1 9.10743E-1 9.14008E-1 9.14319E-1 9.1308E-1 9.09322E-1
-9999 -9999 -9999 -9999 -9999 -9999 -9999 -9999 -9999 -9999 -9999 -9999 -9999 -9999 -9999 -9999 -9999 -9999 -9999 -9999 -9999 8.4903E-1 8.53666E-1 8.88607E-1 8.83625E-1 8.59031E-1 8.88466E-1 8.14703E-1 8.55203E-1 8.45425E-1 8.99166E-1 9.08959E-1 8.99377E-1 9.05262E-1 9.08582E-1 9.07981E-1 9.09226E-1 9.02894E-1 8.99061E-1 9.02859E-1 8.89846E-1 8.84124E-1 8.82511E-1 8.93743E-1 8.90882E-1 8.99611E-1 9.00265E-1 9.02146E-1 9.05782E-1 9.04606E-1 8.92389E-1 9.04123E-1 9.06936E-1 9.07424E-1 9.11656E-1 9.01699E-1 9.06846E-1 8.93126E-1 9.04185E-1 8.96237E-1 9.05714E-1 9.01702E-1 9.10106E-1 9.16177E-1 9.10775E-1 9.08271E-1 9.02278E-1
-9999 -9999 -9999 -9999 -9999 -9999 -9999 -9999 -9999 -9999 -9999 -9999 -9999 -9999 -9999 -9999 -9999 -9999 -9999 -9999 -9999 8.25931E-1 8.37341E-1 8.62713E-1 8.64335E-1 9.02226E-1 8.97602E-1 9.0438E-1 9.02782E-1 8.46403E-1 9.03065E-1 9.09253E-1 9.0298E-1 8.97396E-1 9.03439E-1 9.10177E-1 9.06333E-1 9.00665E-1 9.01425E-1 9.02046E-1 8.93278E-1 8.91612E-1 8.86002E-1 8.81326E-1 8.93559E-1 9.04392E-1 9.03284E-1 9.07504E-1 8.97906E-1 9.00004E-1 8.95828E-1 9.09768E-1 9.08318E-1 9.10546E-1 9.11972E-1 9.06743E-1 8.93849E-1 9.00936E-1 9.01154E-1 9.04065E-1 9.03652E-1 8.88875E-1 8.92234E-1 9.1373E-1 9.06496E-1 9.12507E-1 9.10152E-1
-9999 -9999 -9999 -9999 -9999 -9999 -9999 -9999 -9999 -9999 -9999 -9999 -9999 -9999 -9999 -9999 -9999 -9999 -9999 -9999 -9999 7.34062E-1 8.31272E-1 8.88521E-1 8.42307E-1 8.8969E-1 9.03238E-1 8.68472E-1 8.9788E-1 8.92043E-1 9.04107E-1 9.0231E-1 8.96191E-1 9.07853E-1 9.11033E-1 9.06298E-1 9.08816E-1 9.04096E-1 9.07864E-1 9.02756E-1 8.85994E-1 9.01973E-1 9.04744E-1 8.80014E-1 8.97418E-1 9.01797E-1 8.95565E-1 8.97053E-1 8.971E-1 8.99527E-1 8.89441E-1 9.10761E-1 9.05147E-1 9.08842E-1 9.15985E-1 9.10567E-1 8.98266E-1 8.70879E-1 9.08406E-1 8.91507E-1 8.90095E-1 9.02822E-1 9.06917E-1 9.05645E-1 9.06978E-1 9.10731E-1 9.1175E-1
-9999 -9999 -9999 -9999 -9999 -9999 -9999 -9999 -9999 -9999 -9999 -9999 -9999 -9999 -9999 -9999 -9999 -9999 -9999 -9999 -9999 8.3745E-1 8.35342E-1 8.15642E-1 7.65186E-1 8.63065E-1 9.05518E-1 8.86156E-1 8.79033E-1 8.71731E-1 8.94177E-1 9.08457E-1 9.07618E-1 8.90526E-1 8.98455E-1 8.89189E-1 8.99429E-1 8.98682E-1 9.08201E-1 9.02823E-1 8.82297E-1 8.89774E-1 8.94902E-1 8.64985E-1 8.92071E-1 9.06744E-1 9.05905E-1 9.07793E-1 9.10459E-1 9.09523E-1 9.06084E-1 9.08076E-1 9.06397E-1 9.0544E-1 9.12189E-1 9.07824E-1 8.90758E-1 8.85039E-1 9.07016E-1 9.12037E-1 9.11888E-1 9.08628E-1 9.00707E-1 9.01446E-1 9.09606E-1 9.16572E-1 9.16535E-1
-9999 -9999 -9999 -9999 -9999 -9999 -9999 -9999 -9999 -9999 -9999 -9999 -9999 -9999 -9999 -9999 -9999 -9999 -9999 -9999 8.23985E-1 8.34245E-1 8.30386E-1 8.71298E-1 8.39015E-1 8.5438E-1 8.79026E-1 8.72829E-1 8.77488E-1 8.71424E-1 9.04554E-1 9.04881E-1 9.04967E-1 8.99552E-1 8.9644E-1 8.89884E-1 8.82431E-1 8.86697E-1 8.97292E-1 9.0145E-1 8.81408E-1 8.82532E-1 8.76138E-1 8.84186E-1 9.00118E-1 8.99233E-1 8.97389E-1 9.03625E-1 9.01284E-1 9.02553E-1 8.79858E-1 8.91825E-1 9.03977E-1 9.03627E-1 9.05197E-1 9.11803E-1 9.00248E-1 8.95514E-1 9.00944E-1 9.06098E-1 9.1019E-1 9.12106E-1 9.14994E-1 9.10642E-1 9.08359E-1 9.1063E-1 9.11175E-1
-9999 -9999 -9999 -9999 -9999 -9999 -9999 -9999 -9999 -9999 -9999 -9999 -9999 -9999 -9999 -9999 -9999 -9999 -9999 -9999 7.52951E-1 8.18464E-1 7.99068E-1 8.71779E-1 8.7748E-1 8.58689E-1 8.55105E-1 8.72472E-1 8.78996E-1 8.87777E-1 8.9474E-1 8.95078E-1 9.0204E-1 8.87258E-1 8.90466E-1 8.8081E-1 8.97431E-1 8.86653E-1 8.91913E-1 9.01654E-1 8.95501E-1 8.98127E-1 8.96199E-1 8.89567E-1 8.92943E-1 8.91343E-1 9.00034E-1 9.04616E-1 9.03708E-1 8.91244E-1 8.79971E-1 8.8646E-1 8.97753E-1 8.95482E-1 9.11317E-1 9.09858E-1 9.07105E-1 9.07473E-1 9.04018E-1 9.05401E-1 9.09966E-1 9.06905E-1 9.11343E-1 9.09457E-1 8.97699E-1 9.08251E-1 9.03743E-1
-9999 -9999 -9999 -9999 -9999 -9999 -9999 -9999 -9999 -9999 -9999 -9999 -9999 -9999 -9999 -9999 -9999 -9999 -9999 -9999 8.03687E-1 8.02321E-1 7.68412E-1 8.12684E-1 8.51995E-1 8.25135E-1 8.47391E-1 8.80448E-1 8.25461E-1 8.78184E-1 8.81961E-1 8.94902E-1 8.75989E-1 8.89584E-1 8.96638E-1 8.97927E-1 8.98785E-1 8.95278E-1 8.9103E-1 8.91654E-1 8.80832E-1 8.90694E-1 8.9468E-1 8.9911E-1 8.83722E-1 8.9348E-1 8.95428E-1 9.0018E-1 8.8225E-1 8.86902E-1 8.89919E-1 9.01086E-1 8.97302E-1 8.95531E-1 8.99182E-1 9.08928E-1 9.01046E-1 9.03995E-1 9.06966E-1 8.99533E-1 8.90005E-1 9.05558E-1 9.11215E-1 9.10819E-1 9.01352E-1 8.99123E-1 9.00911E-1
-9999 -9999 -9999 -9999 -9999 -9999 -9999 -9999 -9999 -9999 -9999 -9999 -9999 -9999 -9999 -9999 -9999 -9999 -9999 -9999 8.88243E-1 8.68463E-1 8.6926E-1 7.47852E-1 7.35908E-1 8.37408E-1 8.16921E-1 8.75368E-1 8.29636E-1 8.87259E-1 9.06275E-1 9.08957E-1 8.99313E-1 8.86367E-1 8.9696E-1 8.99341E-1 9.02053E-1 8.84813E-1 8.93387E-1 9.00683E-1 8.99461E-1 8.97893E-1 8.78938E-1 9.065E-1 8.92332E-1 8.94228E-1 9.05816E-1 9.06392E-1 8.92633E-1 8.92496E-1 8.92219E-1 8.84956E-1 8.85441E-1 8.98349E-1 9.0469E-1 9.00254E-1 9.07558E-1 9.02574E-1 9.10265E-1 9.01878E-1 9.06126E-1 9.08738E-1 9.13203E-1 9.14326E-1 9.04197E-1 9.1569E-1 9.13601E-1
-9999 -9999 -9999 -9999 -9999 -9999 -9999 -9999 -9999 -9999 -9999 -9999 -9999 -9999 -9999 -9999 -9999 -9999 -9999 -9999 -9999 8.86588E-1 8.77946E-1 8.65753E-1 6.31923E-1 6.6089E-1 6.89871E-1 8.57602E-1 8.43292E-1 8.65974E-1 9.1071E-1 9.12896E-1 9.00288E-1 8.9939E-1 8.96923E-1 9.03404E-1 9.01324E-1 8.9318E-1 8.86858E-1 9.03809E-1 8.92689E-1 8.75199E-1 8.90474E-1 8.88326E-1 8.7519E-1 8.91924E-1 9.04919E-1 8.94861E-1 9.00579E-1 8.89562E-1 8.95336E-1 9.0428E-1 9.00073E-1 9.13605E-1 9.07062E-1 9.06135E-1 9.14216E-1 9.08419E-1 8.96544E-1 9.0844E-1 9.09132E-1 9.07906E-1 9.11741E-1 9.1641E-1 9.08728E-1 9.18414E-1 9.17388E-1
-9999 -9999 -9999 -9999 -9999 -9999 -9999 -9999 -9999 -9999 -9999 -9999 -9999 -9999 -9999 -9999 -9999 -9999 -9999 -9999 -9999 8.53358E-1 8.33577E-1 7.74611E-1 8.19132E-1 7.50705E-1 7.92451E-1 8.8499E-1 8.91744E-1 8.88123E-1 8.96315E-1 9.17394E-1 8.99572E-1 9.06632E-1 9.03998E-1 9.01893E-1 9.00125E-1 8.97657E-1 8.92611E-1 8.88977E-1 8.74925E-1 8.75943E-1 8.75154E-1 8.99243E-1 8.9335E-1 9.01774E-1 9.06376E-1 9.07036E-1 9.03121E-1 9.04667E-1 9.02899E-1 9.0606E-1 8.96051E-1 9.07572E-1 9.09127E-1 9.03952E-1 9.08185E-1 9.10494E-1 8.90675E-1 9.04144E-1 9.06235E-1 9.06378E-1 9.10978E-1 9.11176E-1 9.16661E-1 9.17613E-1 9.16047E-1
-9999 -9999 -9999 -9999 -9999 -9999 -9999 -9999 -9999 -9999 -9999 -9999 -9999 -9999 -9999 -9999 -9999 -9999 -9999 -9999 -9999 8.92101E-1 8.69592E-1 8.80997E-1 8.68664E-1 7.88449E-1 8.79572E-1 8.9234E-1 8.93509E-1 8.94385E-1 9.06318E-1 9.11271E-1 8.9883E-1 9.05075E-1 9.04177E-1 9.04855E-1 8.98372E-1 9.05236E-1 8.98138E-1 8.86665E-1 8.75882E-1 8.78485E-1 8.58827E-1 8.92198E-1 8.97489E-1 9.00898E-1 9.09005E-1 8.98649E-1 8.87909E-1 8.78801E-1 8.6705E-1 8.87358E-1 9.03159E-1 8.91342E-1 8.78503E-1 8.9782E-1 8.8616E-1 8.97422E-1 9.04789E-1 8.75695E-1 9.03045E-1 9.02101E-1 9.07539E-1 9.17194E-1 9.13448E-1 9.15E-1 9.16157E-1
-9999 -9999 -9999 -9999 -9999 -9999 -9999 -9999 -9999 -9999 -9999 -9999 -9999 -9999 -9999 -9999 -9999 -9999 -9999 -9999 -9999 8.92763E-1 9.04734E-1 9.0132E-1 8.6846E-1 7.97979E-1 8.63063E-1 8.79359E-1 8.97314E-1 9.04111E-1 9.05403E-1 9.08782E-1 8.8439E-1 8.89473E-1 9.02204E-1 8.96696E-1 8.85082E-1 8.9777E-1 8.98529E-1 9.03001E-1 8.91733E-1 8.99613E-1 8.92613E-1 8.89449E-1 8.97902E-1 8.96811E-1 9.05441E-1 8.98553E-1 9.05785E-1 8.90523E-1 8.92576E-1 8.88111E-1 8.87895E-1 8.86642E-1 8.89298E-1 9.01049E-1 8.83856E-1 8.91013E-1 9.02827E-1 8.88836E-1 8.83687E-1 8.94211E-1 9.08129E-1 9.14743E-1 9.15412E-1 9.11765E-1 9.15175E-1
-9999 -9999 -9999 -9999 -9999 -9999 -9999 -9999 -9999 -9999 -9999 -9999 -9999 -9999 -9999 -9999 -9999 -9999 -9999 -9999 -9999 8.93164E-1 9.03724E-1 9.01797E-1 8.62872E-1 7.99784E-1 8.77469E-1 9.0542E-1 8.86319E-1 9.07492E-1 9.00852E-1 9.08257E-1 8.99976E-1 8.97496E-1 8.98465E-1 8.96042E-1 8.94233E-1 8.87921E-1 9.06929E-1 8.86901E-1 8.63769E-1 8.72632E-1 8.84041E-1 8.81847E-1 9.01653E-1 9.07091E-1 9.008E-1 9.04887E-1 9.04574E-1 8.88427E-1 8.82406E-1 8.91097E-1 8.9714E-1 8.85668E-1 8.89576E-1 8.97911E-1 8.71683E-1 8.84253E-1 9.00974E-1 8.95632E-1 8.84993E-1 8.97804E-1 9.01058E-1 9.05926E-1 9.06777E-1 9.06943E-1 9.12764E-1
-9999 -9999 -9999 -9999 -9999 -9999 -9999 -9999 -9999 -9999 -9999 -9999 -9999 -9999 -9999 -9999 -9999 -9999 -9999 -9999 -9999 9.04822E-1 8.87313E-1 8.91903E-1 8.90204E-1 8.70676E-1 9.03534E-1 9.047E-1 8.97019E-1 8.98616E-1 8.85043E-1 9.00196E-1 9.07831E-1 9.0456E-1 8.93532E-1 8.87722E-1 9.00387E-1 9.0178E-1 9.01186E-1 8.99804E-1 8.77626E-1 8.6628E-1 8.71589E-1 8.81235E-1 8.87968E-1 9.01987E-1 8.97154E-1 9.03025E-1 8.98638E-1 8.87294E-1 8.88212E-1 8.95073E-1 8.9178E-1 8.96848E-1 8.97825E-1 8.60528E-1 8.74338E-1 8.91679E-1 8.98024E-1 9.01357E-1 8.97624E-1 8.97666E-1 9.08017E-1 9.11323E-1 9.12901E-1 9.10584E-1 9.1611E-1
-9999 -9999 -9999 -9999 -9999 -9999 -9999 -9999 -9999 -9999 -9999 -9999 -9999 -9999 -9999 -9999 -9999 -9999 -9999 -9999 -9999 8.98447E-1 8.9052E-1 8.86049E-1 8.75124E-1 8.61939E-1 9.02399E-1 8.98099E-1 8.92721E-1 8.90661E-1 9.02661E-1 9.07199E-1 9.02847E-1 9.06758E-1 9.06628E-1 9.06352E-1 9.11976E-1 9.05301E-1 9.1297E-1 9.0551E-1 8.83567E-1 8.78221E-1 8.59811E-1 8.69751E-1 8.9296E-1 9.00138E-1 8.91953E-1 8.98925E-1 9.01677E-1 8.94075E-1 8.8961E-1 8.83291E-1 8.96514E-1 9.02911E-1 8.9966E-1 8.94063E-1 8.8569E-1 8.95234E-1 9.04856E-1 9.05444E-1 8.9822E-1 8.90086E-1 9.0594E-1 9.17998E-1 9.17167E-1 9.16451E-1 9.13547E-1
-9999 -9999 -9999 -9999 -9999 -9999 -9999 -9999 -9999 -9999 -9999 -9999 -9999 -9999 -9999 -9999 -9999 -9999 -9999 -9999 -9999 -9999 8.92193E-1 8.96835E-1 9.0562E-1 9.05692E-1 8.94581E-1 9.00173E-1 8.91744E-1 8.89448E-1 9.12886E-1 9.09597E-1 9.04371E-1 9.00839E-1 9.02153E-1 9.0526E-1 8.96314E-1 9.0732E-1 9.05323E-1 9.04649E-1 8.96288E-1 8.66108E-1 8.85095E-1 8.94742E-1 8.9172E-1 8.87476E-1 8.98486E-1 8.98097E-1 8.84945E-1 8.954E-1 8.97898E-1 9.01066E-1 9.0312E-1 8.99279E-1 9.05111E-1 9.0414E-1 9.10012E-1 9.0687E-1 9.05993E-1 9.12676E-1 9.13678E-1 9.1015E-1 9.05084E-1 9.08266E-1 9.06675E-1 9.13289E-1 9.12964E-1
-9999 -9999 -9999 -9999 -9999 -9999 -9999 -9999 -9999 -9999 -9999 -9999 -9999 -9999 -9999 -9999 -9999 -9999 -9999 -9999 -9999 -9999 8.98592E-1 9.04768E-1 9.0025E-1 9.06302E-1 9.04964E-1 9.09136E-1 9.11389E-1 9.05449E-1 9.0444E-1 8.97162E-1 9.03339E-1 9.03672E-1 9.0876E-1 9.1398E-1 9.06262E-1 9.03107E-1 9.04211E-1 8.98802E-1 8.94221E-1 8.94553E-1 8.91203E-1 8.95256E-1 8.86259E-1 8.80071E-1 9.0161E-1 8.98881E-1 9.06082E-1 9.01067E-1 9.08696E-1 9.08794E-1 9.09387E-1 9.06374E-1 9.12703E-1 9.1444E-1 9.0892E-1 9.13157E-1 9.03582E-1 9.09759E-1 9.13269E-1 9.09944E-1 9.04206E-1 9.01658E-1 9.14502E-1 9.1433E-1 9.16784E-1
-9999 -9999 -9999 -9999 -9999 -9999 -9999 -9999 -9999 -9999 -9999 -9999 -9999 -9999 -9999 -9999 -9999 -9999 -9999 -9999 -9999 -9999 9.09881E-1 8.90777E-1 8.89988E-1 8.7009E-1 9.12069E-1 9.10272E-1 9.05443E-1 9.05912E-1 9.05136E-1 8.95978E-1 9.04568E-1 8.99106E-1 9.04639E-1 9.03919E-1 9.1096E-1 9.07668E-1 9.04945E-1 8.96878E-1 8.86993E-1 8.93469E-1 8.76732E-1 8.83849E-1 8.58051E-1 8.88319E-1 8.95846E-1 9.08029E-1 9.14931E-1 8.98407E-1 9.06945E-1 8.9454E-1 9.00068E-1 9.00989E-1 9.04997E-1 9.11561E-1 9.11002E-1 9.10259E-1 9.11332E-1 9.07069E-1 9.14303E-1 9.09876E-1 9.09745E-1 9.11586E-1 9.08059E-1 9.0446E-1 9.1738E-1
-9999 -9999 -9999 -9999 -9999 -9999 -9999 -9999 -9999 -9999 -9999 -9999 -9999 -9999 -9999 -9999 -9999 -9999 -9999 -9999 -9999 -9999 9.05493E-1 8.97134E-1 9.01521E-1 9.00901E-1 8.99227E-1 9.07971E-1 9.13435E-1 8.92677E-1 8.78273E-1 8.89319E-1 8.88941E-1 8.93073E-1 9.04646E-1 9.07567E-1 9.01861E-1 9.03205E-1 9.01565E-1 8.86474E-1 9.00051E-1 9.02153E-1 8.84405E-1 8.91027E-1 8.85763E-1 8.9055E-1 8.90984E-1 9.02215E-1 9.12419E-1 9.09388E-1 9.05548E-1 8.90206E-1 8.92895E-1 9.02648E-1 9.03773E-1 9.01335E-1 9.08163E-1 9.11292E-1 9.12005E-1 9.06105E-1 9.085E-1 9.14413E-1 9.11755E-1 9.136E-1 9.14921E-1 9.04834E-1 9.14774E-1
-9999 -9999 -9999 -9999 -9999 -9999 -9999 -9999 -9999 -9999 -9999 -9999 -9999 -9999 -9999 -9999 -9999 -9999 -9999 -9999 -9999 -9999 8.99624E-1 8.82343E-1 9.04544E-1 8.87237E-1 8.62652E-1 9.04023E-1 8.88897E-1 8.65892E-1 8.76549E-1 8.88388E-1 8.99748E-1 9.01184E-1 8.99006E-1 8.98705E-1 9.00956E-1 8.98505E-1 8.98478E-1 8.93573E-1 8.99483E-1 9.01611E-1 8.82787E-1 8.98462E-1 8.95688E-1 8.83824E-1 8.83562E-1 8.6345E-1 9.03812E-1 8.94016E-1 9.01188E-1 8.95738E-1 9.03746E-1 9.00046E-1 9.0906E-1 9.05554E-1 9.03125E-1 9.08129E-1 9.11129E-1 9.08998E-1 9.10572E-1 9.10179E-1 9.1106E-1 9.12915E-1 9.165E-1 9.12942E-1 9.13813E-1
-9999 -9999 -9999 -9999 -9999 -9999 -9999 -9999 -9999 -9999 -9999 -9999 -9999 -9999 -9999 -9999 -9999 -9999 -9999 -9999 -9999 -9999 -9999 8.82635E-1 8.8322E-1 8.79494E-1 8.38547E-1 8.02517E-1 8.66773E-1 8.68343E-1 8.77634E-1 8.98281E-1 9.05063E-1 9.0565E-1 8.96416E-1 8.84039E-1 8.80153E-1 8.95493E-1 8.89057E-1 8.99376E-1 9.04909E-1 9.04777E-1 9.0656E-1 9.06661E-1 9.03244E-1 8.84137E-1 8.7961E-1 8.95042E-1 8.98274E-1 8.9679E-1 8.83833E-1 9.07015E-1 9.06256E-1 9.09571E-1 9.00187E-1 8.99696E-1 9.09913E-1 9.12858E-1 9.08069E-1 9.10529E-1 9.13298E-1 9.08555E-1 9.13055E-1 9.13667E-1 9.16317E-1 9.17384E-1 9.14661E-1
-9999 -9999 -9999 -9999 -9999 -9999 -9999 -9999 -9999 -9999 -9999 -9999 -9999 -9999 -9999 -9999 -9999 -9999 -9999 -9999 -9999 -9999 -9999 8.8176E-1 8.92484E-1 8.88842E-1 7.13764E-1 7.5977E-1 8.63931E-1 8.87724E-1 8.90728E-1 8.95719E-1 9.03343E-1 9.03171E-1 9.06938E-1 8.82702E-1 8.77683E-1 8.87938E-1 8.90791E-1 9.01493E-1 9.10359E-1 9.13029E-1 8.83389E-1 8.66324E-1 9.01781E-1 8.82225E-1 8.86308E-1 8.67747E-1 8.28333E-1 8.36627E-1 8.81208E-1 8.83694E-1 8.86019E-1 8.96522E-1 8.96631E-1 9.06102E-1 9.08633E-1 9.06863E-1 9.04577E-1 9.07899E-1 9.10144E-1 9.07777E-1 9.11853E-1 9.07344E-1 9.11062E-1 9.12136E-1 9.12706E-1
-9999 -9999 -9999 -9999 -9999 -9999 -9999 -9999 -9999 -9999 -9999 -9999 -9999 -9999 -9999 -9999 -9999 -9999 -9999 -9999 -9999 -9999 -9999 8.6421E-1 8.58649E-1 8.69434E-1 8.57421E-1 8.35655E-1 8.57222E-1 8.91837E-1 8.89584E-1 8.92242E-1 9.00404E-1 8.85668E-1 8.92581E-1 9.023E-1 9.00984E-1 8.93286E-1 8.96019E-1 9.00589E-1 9.05758E-1 9.01653E-1 9.01178E-1 8.90695E-1 9.03935E-1 8.79863E-1 8.48852E-1 7.82102E-1 8.1828E-1 8.66787E-1 8.71566E-1 8.90885E-1 8.8908E-1 8.96597E-1 9.04495E-1 9.06222E-1 9.08443E-1 9.02891E-1 9.03445E-1 9.06564E-1 9.04772E-1 9.10574E-1 9.09754E-1 9.10622E-1 9.07238E-1 9.06469E-1 9.12009E-1
-9999 -9999 -9999 -9999 -9999 -9999 -9999 -9999 -9999 -9999 -9999 -9999 -9999 -9999 -9999 -9999 -9999 -9999 -9999 -9999 -9999 -9999 -9999 8.55524E-1 8.34858E-1 8.62112E-1 8.90621E-1 8.73758E-1 8.46043E-1 8.74295E-1 8.8395E-1 9.06498E-1 8.9979E-1 8.97185E-1 8.99268E-1 8.9665E-1 8.97905E-1 8.8841E-1 8.76385E-1 9.01473E-1 9.10857E-1 9.09209E-1 8.9828E-1 8.94675E-1 9.04061E-1 8.87191E-1 8.54115E-1 8.48672E-1 7.99887E-1 8.66696E-1 8.6694E-1 8.85571E-1 8.98054E-1 9.04843E-1 9.06424E-1 9.0866E-1 8.99944E-1 9.09648E-1 9.01817E-1 9.08627E-1 9.05032E-1 9.13466E-1 9.1064E-1 9.10159E-1 9.10403E-1 9.14406E-1 9.11701E-1
