ENM/Final_Models/M_1_F_lqp_Set_1_EC/Gustavia_santanderiensis_3_Choco_clamping.asc
ncols         367
nrows         963
xllcorner     -78.6
yllcorner     0.65
cellsize      0.00833333333333323
NODATA_value  -9999
[rows 279 to 309 of 963, columns 210 to 279 of 367]
3.72753E-1 3.59377E-1 5.26493E-1 5.19554E-1 5.47117E-1 5.41826E-1 4.62335E-1 1.96153E-1 1.58341E-1 2.27207E-1 3.15119E-1 3.66895E-1 4.12921E-1 3.11463E-1 1.62239E-1 2.16005E-1 4.64878E-1 5.93951E-1 6.05279E-1 5.47045E-1 5.75006E-1 5.94701E-1 5.7579E-1 5.85229E-1 5.79195E-1 4.3885E-1 3.85626E-1 4.3018E-1 5.62082E-1 5.23978E-1 2.22364E-1 1.88581E-1 1.69188E-1 5.15659E-2 6.16913E-4 0E0 0E0 0E0 0E0 0E0 0E0 0E0 1.83777E-3 9.5291E-2 0E0 0E0 0E0 0E0 0E0 0E0 0E0 0E0 0E0 1.16218E-3 9.63318E-3 1.4703E-2 3.39622E-3 1.43265E-3 6.01007E-4 4.11302E-4 7.56183E-4 1.52505E-3 7.02422E-4 7.71267E-4 0E0 0E0 0E0 0E0 0E0 0E0
4.45274E-1 4.38246E-1 5.29518E-1 5.09859E-1 5.59438E-1 5.60751E-1 5.88565E-1 2.33826E-1 2.27964E-1 1.34413E-1 2.36663E-1 4.29591E-1 4.13122E-1 4.52261E-1 4.41598E-1 4.84427E-2 4.48292E-1 5.52639E-1 5.65916E-1 4.90345E-1 4.85116E-1 5.91083E-1 5.69396E-1 5.54957E-1 5.58293E-1 5.67268E-1 5.68602E-1 5.62084E-1 4.16818E-1 5.15546E-1 4.15107E-1 1.55448E-1 1.94918E-1 1.37526E-1 3.30957E-2 3.77491E-4 0E0 0E0 0E0 0E0 0E0 0E0 5.52072E-3 9.01321E-2 1.3409E-4 0E0 0E0 0E0 0E0 0E0 0E0 0E0 0E0 2.59484E-3 3.94331E-3 1.45773E-2 4.63102E-3 2.21394E-3 2.04334E-3 1.31598E-3 6.87548E-4 1.05516E-3 1.53584E-4 0E0 1.12552E-5 0E0 0E0 0E0 0E0 0E0
5.12307E-1 5.17982E-1 5.27004E-1 4.62789E-1 5.09155E-1 4.79374E-1 5.92959E-1 3.99065E-1 3.54582E-1 2.88506E-1 3.87873E-1 2.89084E-1 8.26734E-2 1.23142E-1 1.39162E-1 7.47295E-2 4.42481E-1 4.99657E-1 5.94882E-1 5.57596E-1 5.46614E-1 5.01429E-1 5.27104E-1 5.49963E-1 5.41387E-1 5.62558E-1 5.53382E-1 5.62084E-1 4.78446E-1 5.03215E-1 4.40483E-1 3.99606E-1 2.87681E-1 2.58282E-1 5.64573E-2 2.25058E-3 0E0 0E0 0E0 0E0 0E0 9.76758E-4 2.42403E-2 1.02251E-1 2.93881E-3 0E0 0E0 0E0 0E0 0E0 0E0 0E0 1.76245E-3 3.75306E-3 1.27285E-2 1.61656E-2 5.32304E-3 3.53523E-3 2.30266E-3 3.18411E-3 1.16629E-3 1.14043E-3 0E0 0E0 0E0 0E0 0E0 0E0 0E0 0E0
2.91204E-1 2.5691E-1 2.99467E-1 3.03425E-1 2.62813E-1 4.0086E-1 5.65319E-1 5.86652E-1 4.44485E-1 3.82303E-1 6.97437E-2 2.47904E-1 8.99162E-2 1.21885E-1 7.63909E-2 6.46252E-2 4.56666E-1 4.08722E-1 5.45748E-1 5.60862E-1 5.50301E-1 5.57538E-1 5.60045E-1 5.58173E-1 5.58174E-1 5.59868E-1 5.57294E-1 5.62084E-1 5.29546E-1 5.48166E-1 4.59264E-1 4.33004E-1 2.0221E-1 1.43026E-1 4.22289E-2 1.41576E-4 0E0 0E0 0E0 0E0 0E0 1.4803E-3 8.60484E-3 1.19821E-1 0E0 0E0 0E0 0E0 0E0 0E0 0E0 0E0 1.55978E-3 2.1377E-3 4.20772E-3 1.0997E-2 5.76952E-3 2.35285E-3 2.8636E-3 3.58114E-3 2.79398E-3 2.07767E-3 2.37757E-3 1.52128E-3 0E0 0E0 0E0 0E0 0E0 0E0
5.14144E-1 2.76805E-1 3.03426E-1 1.2107E-2 3.03667E-1 4.56978E-1 5.03351E-1 5.56318E-1 4.2111E-1 4.28946E-1 2.63169E-1 2.53047E-1 4.86182E-2 5.66224E-2 2.2115E-1 2.92975E-1 5.08629E-1 5.09583E-1 5.53233E-1 4.16741E-1 3.15222E-1 3.42614E-1 5.5556E-1 5.34559E-1 5.01419E-1 5.60423E-1 5.54834E-1 5.56067E-1 5.54605E-1 5.58208E-1 5.35272E-1 3.95651E-1 3.86314E-1 1.26194E-1 6.99944E-2 1.32676E-3 0E0 0E0 0E0 0E0 0E0 2.79153E-3 1.53772E-2 6.80046E-2 0E0 0E0 0E0 0E0 0E0 0E0 0E0 5.97387E-3 1.8493E-3 8.77895E-4 1.60821E-3 3.45756E-3 2.83444E-3 2.99632E-3 2.48298E-3 1.98133E-3 9.73171E-4 1.42752E-5 0E0 0E0 0E0 0E0 0E0 0E0 0E0 0E0
2.3556E-1 2.12424E-1 2.40506E-1 1.23325E-2 2.70009E-1 2.23187E-1 4.9549E-1 4.66213E-1 5.63725E-1 4.77859E-1 4.87109E-1 3.8305E-1 2.53276E-1 2.04702E-1 3.18238E-1 4.03784E-1 5.41479E-1 5.60862E-1 5.55068E-1 5.38884E-1 5.20261E-1 4.88824E-1 3.25958E-1 5.13003E-1 5.09152E-1 5.40321E-1 5.53762E-1 5.64766E-1 5.56634E-1 5.02964E-1 4.66205E-1 3.88826E-1 2.63075E-1 6.73666E-2 2.39377E-2 6.54658E-4 0E0 0E0 0E0 0E0 0E0 3.42262E-3 4.66889E-2 7.45665E-2 4.57422E-3 0E0 0E0 0E0 0E0 0E0 0E0 0E0 6.15352E-3 5.29724E-3 4.39638E-3 9.69499E-4 3.686E-3 4.32025E-3 1.20586E-3 7.71295E-4 3.82839E-4 2.07963E-4 0E0 0E0 0E0 0E0 0E0 0E0 0E0 0E0
2.62427E-1 2.86995E-1 2.82415E-1 2.34252E-1 1.71903E-1 1.95513E-1 2.66183E-1 5.16772E-1 4.49584E-1 4.56361E-1 5.54312E-1 5.70833E-1 4.47808E-1 3.33466E-1 2.938E-1 3.94189E-1 5.39099E-1 5.46493E-1 5.48901E-1 5.37022E-1 4.38152E-1 4.31411E-1 2.61049E-1 4.45416E-1 5.1717E-1 5.3109E-1 5.47547E-1 5.47547E-1 5.42612E-1 5.51286E-1 4.55236E-1 3.88248E-1 2.39308E-1 2.07319E-1 1.16537E-1 3.86846E-3 0E0 0E0 0E0 0E0 0E0 6.85648E-4 5.51754E-2 7.52724E-2 1.89314E-2 0E0 0E0 0E0 0E0 0E0 0E0 0E0 1.06536E-2 1.0216E-2 3.7865E-3 1.39258E-3 0E0 0E0 0E0 1.2935E-3 0E0 0E0 0E0 0E0 0E0 0E0 0E0 0E0 0E0 0E0
2.27954E-1 2.72701E-1 3.04666E-1 2.22548E-1 1.91522E-1 1.37503E-1 2.837E-1 5.68329E-1 3.61641E-1 3.65513E-1 5.4287E-1 5.38891E-1 4.74268E-1 5.55819E-1 3.02891E-1 2.98251E-1 5.0408E-1 5.50698E-1 5.42039E-1 5.52458E-1 5.23391E-1 4.09274E-1 2.27476E-1 4.46439E-1 5.28922E-1 5.16742E-1 5.20549E-1 5.19075E-1 5.21707E-1 5.46301E-1 5.19982E-1 2.42521E-1 2.02451E-1 3.21795E-1 9.87769E-2 8.35606E-3 0E0 0E0 0E0 0E0 0E0 3.37213E-3 3.15889E-2 1.08667E-1 2.7989E-2 0E0 0E0 0E0 0E0 0E0 0E0 0E0 1.5254E-2 5.24435E-3 1.65222E-3 7.58836E-4 0E0 0E0 0E0 0E0 0E0 0E0 0E0 0E0 0E0 0E0 0E0 0E0 0E0 0E0
3.50058E-1 4.59827E-1 4.73207E-1 2.63442E-1 2.76475E-1 2.68791E-1 9.36069E-5 4.53888E-1 5.41215E-1 5.09096E-1 4.37747E-1 5.517E-1 5.48618E-1 5.57468E-1 5.51365E-1 4.26145E-1 5.50698E-1 5.34596E-1 5.33843E-1 5.53365E-1 4.29987E-1 4.26796E-1 4.41786E-1 4.19531E-1 5.28922E-1 5.20549E-1 5.11581E-1 5.17763E-1 5.23089E-1 5.14686E-1 5.443E-1 5.33822E-1 3.22451E-1 2.94351E-1 2.28743E-1 3.05405E-2 0E0 0E0 0E0 0E0 2.48915E-4 3.54557E-3 8.58025E-2 1.29648E-1 2.98494E-2 0E0 0E0 0E0 0E0 0E0 0E0 0E0 1.41046E-2 4.16655E-3 7.14872E-3 1.84976E-3 0E0 0E0 0E0 8.92255E-4 4.81011E-4 0E0 0E0 0E0 0E0 0E0 0E0 0E0 0E0 0E0
2.35943E-1 4.8867E-1 3.83676E-1 2.65181E-1 2.64703E-1 1.37551E-2 2.3599E-1 5.34463E-1 5.00422E-1 4.50552E-1 4.83084E-1 5.517E-1 5.48831E-1 4.60429E-1 4.33687E-1 4.0811E-1 5.5669E-1 5.49538E-1 5.4835E-1 5.19598E-1 5.14062E-1 5.14093E-1 4.41699E-1 5.24535E-1 5.28035E-1 5.20549E-1 5.23089E-1 4.60855E-1 4.0649E-1 4.91993E-1 5.09205E-1 5.33822E-1 4.0293E-1 2.69599E-1 2.33131E-1 5.38413E-2 8.00591E-3 0E0 0E0 0E0 1.45547E-4 8.98287E-3 5.44909E-2 4.61296E-2 3.94257E-2 0E0 0E0 0E0 0E0 0E0 0E0 0E0 0E0 2.72234E-2 1.58374E-2 2.66319E-3 3.90496E-3 2.73693E-3 5.84057E-3 8.06575E-3 3.66789E-3 9.64043E-4 0E0 0E0 0E0 0E0 0E0 0E0 0E0 0E0
9.82332E-3 2.4185E-1 2.61957E-1 2.60976E-1 2.31068E-1 2.12411E-1 4.35571E-1 3.85867E-1 4.34558E-1 5.14553E-1 5.40492E-1 5.46185E-1 5.3476E-1 5.30272E-1 2.52339E-1 9.84919E-2 2.40531E-1 5.09704E-1 5.10632E-1 5.14062E-1 4.8781E-1 5.00754E-1 4.55749E-1 4.39253E-1 4.98567E-1 5.23089E-1 5.19344E-1 5.23089E-1 5.14686E-1 5.33822E-1 3.25139E-1 2.62988E-1 2.57003E-1 2.34933E-1 2.34744E-1 1.48623E-1 2.09835E-2 0E0 0E0 0E0 8.97915E-4 7.06679E-3 6.5996E-2 9.50604E-2 2.52777E-2 0E0 0E0 0E0 0E0 0E0 0E0 0E0 0E0 8.94444E-3 5.6589E-3 1.49016E-2 8.96663E-3 7.77859E-3 9.80784E-3 1.32632E-2 7.80844E-3 4.32639E-3 1.13446E-3 1.54701E-3 0E0 0E0 0E0 0E0 0E0 0E0
4.62632E-3 3.00348E-1 2.4987E-1 2.61126E-1 3.98747E-1 3.49443E-1 2.51217E-1 3.254E-1 5.21232E-1 4.12857E-1 5.31745E-1 4.57416E-1 5.27169E-1 4.64786E-1 4.8606E-1 5.2013E-1 5.15648E-1 5.15823E-1 5.10632E-1 5.04733E-1 5.13681E-1 2.91536E-1 2.37145E-1 5.11398E-1 4.63443E-1 5.02595E-1 4.6909E-1 5.19591E-1 5.22235E-1 3.6685E-1 3.03149E-1 5.6883E-2 2.63738E-1 7.59322E-2 1.26855E-1 7.49976E-2 3.62477E-2 6.77328E-3 0E0 2.63642E-4 1.49424E-2 2.41458E-2 1.01383E-1 3.09233E-2 2.72087E-2 0E0 0E0 0E0 0E0 0E0 0E0 0E0 0E0 0E0 0E0 0E0 3.76258E-3 3.78704E-3 2.94215E-3 1.16415E-2 9.26217E-3 5.49099E-3 3.74172E-3 0E0 0E0 0E0 0E0 0E0 0E0 0E0
1.77365E-1 3.5324E-1 3.16028E-1 1.75991E-1 1.78512E-1 1.90974E-1 2.74489E-1 4.34609E-1 5.32163E-1 5.19405E-1 3.98915E-1 3.39235E-1 4.8469E-1 5.22699E-1 5.2013E-1 5.23172E-1 5.17366E-1 5.12743E-1 5.12743E-1 5.08999E-1 4.94411E-1 3.70433E-1 3.74417E-1 3.22297E-1 3.30148E-1 5.14053E-1 4.96592E-1 4.7876E-1 3.16013E-1 3.06981E-1 2.57744E-1 7.41214E-2 3.72436E-1 4.60277E-1 2.29213E-1 1.68533E-1 1.92278E-1 1.25253E-2 8.26922E-3 4.18754E-3 3.32651E-2 4.32495E-2 8.5015E-2 4.7382E-2 6.38359E-3 0E0 0E0 0E0 0E0 0E0 0E0 0E0 0E0 0E0 0E0 0E0 0E0 0E0 0E0 2.41054E-3 1.8122E-3 1.26955E-3 1.23256E-3 1.02672E-3 7.44924E-4 0E0 0E0 0E0 0E0 0E0
1.79597E-1 1.60732E-1 2.99123E-1 3.12602E-1 1.64237E-1 2.39379E-1 2.66566E-1 2.21268E-1 4.4503E-1 3.5241E-1 3.37138E-1 2.94882E-1 3.4072E-1 4.94383E-1 5.00333E-1 5.2013E-1 5.12709E-1 5.13734E-1 5.06382E-1 4.95917E-1 4.85799E-1 4.6446E-1 4.56424E-1 4.2283E-1 4.86499E-1 5.14349E-1 5.06509E-1 5.02906E-1 3.0694E-1 2.95997E-1 2.74534E-1 2.63811E-1 2.96517E-1 4.49364E-1 4.20905E-1 2.26313E-1 1.99201E-1 2.53497E-2 8.43525E-3 1.65201E-2 5.25007E-2 6.55635E-2 5.35141E-2 4.86884E-2 2.4712E-3 0E0 0E0 0E0 0E0 0E0 0E0 0E0 0E0 0E0 0E0 0E0 0E0 0E0 0E0 0E0 0E0 0E0 1.52177E-4 2.29703E-4 1.26483E-3 0E0 0E0 0E0 0E0 0E0
2.71234E-1 3.11819E-1 2.90233E-1 2.85529E-1 4.60709E-1 1.93816E-1 1.75759E-1 2.31263E-1 4.24033E-1 4.51757E-1 4.1426E-1 2.59763E-1 3.68498E-1 5.14325E-1 5.19282E-1 5.16458E-1 5.11893E-1 5.03896E-1 4.89896E-1 4.95917E-1 3.03939E-1 4.17228E-1 4.82481E-1 4.96845E-1 3.43568E-1 2.97032E-1 4.93644E-1 4.78335E-1 4.18201E-1 2.05216E-1 3.91989E-1 4.20452E-1 2.07063E-1 2.60396E-1 3.20746E-1 4.06892E-1 2.1813E-1 6.49391E-2 6.76866E-3 1.92225E-2 9.80409E-2 1.5158E-1 9.34991E-2 1.25493E-1 6.2572E-3 0E0 0E0 0E0 0E0 0E0 0E0 0E0 0E0 0E0 0E0 0E0 0E0 0E0 0E0 0E0 0E0 0E0 0E0 0E0 8.09085E-4 2.23858E-3 0E0 0E0 0E0 0E0
2.77509E-1 2.73173E-1 3.92851E-1 4.25145E-1 4.08891E-1 2.6512E-1 2.14094E-1 1.95662E-1 2.33396E-1 3.0899E-1 2.47979E-1 3.47748E-1 2.8019E-1 5.16258E-1 5.14743E-1 5.11768E-1 5.11893E-1 5.00038E-1 4.95262E-1 4.07103E-1 3.20965E-1 4.563E-1 4.55946E-1 4.96377E-1 4.47031E-1 4.8833E-1 4.8992E-1 4.80725E-1 4.80725E-1 4.74115E-1 4.04627E-1 4.67943E-1 3.00424E-1 4.21135E-1 4.30817E-1 4.43164E-1 3.0283E-1 1.25787E-1 9.20639E-3 3.57182E-2 1.08567E-1 2.2744E-1 2.37096E-1 4.19277E-2 1.66694E-2 0E0 0E0 0E0 0E0 0E0 0E0 0E0 0E0 0E0 0E0 4.42476E-3 1.42031E-2 1.19681E-2 4.547E-2 5.16092E-4 0E0 0E0 0E0 1.95966E-3 3.03347E-3 1.78488E-3 0E0 0E0 0E0 0E0
3.91591E-1 2.63358E-1 3.74164E-1 4.13319E-1 3.98822E-1 2.31607E-1 3.55903E-2 2.43083E-1 2.83214E-2 2.85013E-1 3.39527E-2 3.23015E-2 4.60137E-1 4.74388E-1 4.79612E-1 5.14743E-1 4.73092E-1 4.98856E-1 4.84807E-1 5.05817E-1 5.00001E-1 4.65993E-1 3.89213E-1 4.44735E-1 3.10386E-1 4.83899E-1 4.41607E-1 4.29657E-1 3.82434E-1 3.63638E-1 4.47062E-1 3.94878E-1 2.09841E-1 4.57705E-1 4.71574E-1 3.80312E-1 3.20362E-1 1.90874E-1 5.23544E-2 4.4236E-2 7.14102E-2 1.84131E-2 3.49317E-2 3.47138E-2 4.24648E-2 7.76326E-2 1.528E-2 2.02173E-2 1.68271E-2 6.75354E-2 1.63456E-2 3.13526E-3 3.7791E-3 1.90873E-2 2.46149E-2 1.44368E-2 1.58693E-2 4.76583E-2 3.18552E-3 3.27991E-4 1.19421E-2 4.01209E-3 1.46699E-3 2.11231E-3 3.52647E-3 9.29263E-5 6.43778E-4 0E0 0E0 0E0
2.67085E-1 2.20276E-1 3.64447E-1 3.8654E-1 3.14863E-1 3.90272E-1 2.32662E-2 2.46568E-1 3.04855E-1 2.99142E-1 4.04725E-2 2.73094E-1 4.50388E-1 4.7354E-1 5.02369E-1 4.95436E-1 4.63388E-1 4.84849E-1 4.72326E-1 4.75503E-1 5.00154E-1 4.68432E-1 4.83862E-1 4.75078E-1 4.68063E-1 4.17659E-1 4.24841E-1 4.3681E-1 4.96944E-1 4.27282E-1 4.14115E-1 4.4884E-1 3.21783E-1 4.17023E-1 3.46215E-1 4.5403E-1 3.48751E-1 2.14592E-1 1.22715E-1 1.12955E-1 6.40849E-2 4.17631E-2 4.97587E-2 3.50878E-2 1.46046E-2 2.05611E-2 8.97166E-3 3.25067E-3 3.05314E-3 1.3606E-2 2.03307E-2 1.03789E-1 5.19506E-2 1.04372E-2 6.8467E-3 6.03914E-3 9.40628E-3 5.00542E-3 0E0 0E0 2.17034E-3 2.3305E-3 0E0 0E0 0E0 0E0 0E0 0E0 0E0 0E0
2.16741E-1 3.01806E-1 2.77563E-1 2.47592E-1 2.58836E-1 3.24779E-2 2.95144E-1 2.96397E-1 2.89046E-2 2.96701E-1 3.17184E-2 5.63487E-2 3.1419E-1 4.39207E-1 4.64062E-1 4.71643E-1 5.11104E-1 4.82724E-1 4.71627E-1 4.70089E-1 4.5811E-1 4.66511E-1 4.50907E-1 4.49254E-1 4.1374E-1 4.16685E-1 4.59493E-1 4.74854E-1 4.66937E-1 2.60066E-1 4.04988E-1 4.52953E-1 4.09021E-1 4.15009E-1 4.39212E-1 4.44642E-1 4.47821E-1 3.53632E-1 2.22158E-1 1.2726E-1 1.3558E-1 7.87732E-2 6.30635E-2 2.52508E-2 1.51362E-2 1.71593E-2 7.62024E-3 3.3115E-4 1.0304E-4 5.30643E-4 1.9667E-3 5.63938E-3 6.1478E-3 6.48678E-3 8.16713E-3 7.25649E-3 7.83412E-3 4.42567E-3 0E0 0E0 2.40872E-3 2.86047E-3 0E0 0E0 0E0 0E0 0E0 0E0 0E0 0E0
2.21264E-1 3.06719E-1 3.9642E-1 2.36909E-1 2.64335E-1 4.68857E-2 2.66201E-1 2.73547E-1 3.92314E-2 2.55305E-1 5.04106E-2 5.61941E-2 6.5495E-2 4.66246E-1 4.16795E-1 4.80192E-1 4.87271E-1 5.01379E-1 4.81543E-1 4.74293E-1 4.62432E-1 4.50373E-1 4.49254E-1 4.70489E-1 2.65857E-1 3.60293E-1 4.67398E-1 4.58055E-1 4.41361E-1 3.42805E-1 3.86829E-1 4.46284E-1 4.38114E-1 3.51348E-1 4.27909E-1 4.27909E-1 4.52129E-1 4.32042E-1 1.67511E-1 1.76788E-1 6.82079E-2 3.82333E-2 2.18848E-2 6.77328E-2 4.08576E-3 0E0 2.84685E-3 1.47062E-3 0E0 0E0 4.59504E-4 5.5774E-3 1.86677E-2 8.22687E-3 4.44258E-3 2.38272E-3 8.60967E-3 2.55917E-3 3.51E-3 3.1382E-3 4.88432E-4 5.44792E-4 0E0 0E0 0E0 0E0 0E0 0E0 0E0 0E0
2.16011E-1 3.04885E-1 3.77015E-1 4.18134E-1 2.78722E-1 3.0369E-1 2.80156E-1 2.14758E-1 2.45675E-1 4.24007E-2 5.42559E-2 6.08852E-2 3.12267E-1 3.00984E-1 4.76014E-1 4.80192E-1 4.5743E-1 4.74293E-1 4.81391E-1 4.66704E-1 4.67217E-1 4.65475E-1 4.68179E-1 4.7217E-1 4.70892E-1 3.98254E-1 4.52564E-1 4.69979E-1 4.2066E-1 4.07273E-1 4.15171E-1 4.55205E-1 4.22981E-1 4.27683E-1 4.03837E-1 4.17615E-1 4.31552E-1 4.38898E-1 3.68648E-1 2.59367E-1 1.50453E-1 8.95034E-2 4.93475E-2 1.21715E-2 1.88129E-3 0E0 2.04185E-4 0E0 0E0 0E0 0E0 7.23603E-3 8.57134E-3 8.93904E-3 6.14084E-3 1.04973E-2 5.73018E-3 4.00188E-3 8.05437E-3 6.52023E-3 5.46801E-3 1.15403E-3 0E0 0E0 0E0 0E0 0E0 0E0 0E0 0E0
2.87049E-1 2.81464E-1 3.87517E-1 4.17531E-1 4.19583E-1 4.48774E-1 2.92311E-1 2.81166E-1 3.32912E-1 3.21918E-1 2.87692E-1 2.25417E-1 3.76049E-1 3.11355E-1 3.63875E-1 4.66246E-1 4.69314E-1 4.71627E-1 4.70644E-1 4.68276E-1 4.72265E-1 4.75711E-1 4.73534E-1 4.66196E-1 2.28578E-1 4.65535E-1 4.28376E-1 4.69979E-1 4.56415E-1 4.33404E-1 4.55205E-1 4.32752E-1 4.30099E-1 4.06283E-1 3.98052E-1 4.30317E-1 4.03549E-1 3.99585E-1 3.75084E-1 2.29574E-1 1.54997E-1 8.53845E-3 3.90591E-3 4.242E-4 0E0 0E0 0E0 0E0 0E0 0E0 0E0 1.77743E-4 4.70294E-3 1.48074E-2 1.02794E-2 1.23754E-2 2.32001E-3 3.50086E-3 5.34224E-3 3.85978E-3 4.39401E-3 6.88742E-5 0E0 0E0 0E0 0E0 0E0 0E0 0E0 0E0
2.69108E-1 2.15634E-1 2.92073E-1 3.39727E-1 4.19583E-1 4.45647E-1 4.21096E-1 4.45369E-1 4.36752E-1 4.38822E-1 4.32005E-1 3.8369E-1 4.45136E-1 2.21381E-1 2.85563E-1 4.63841E-1 4.52382E-1 3.54591E-1 4.68276E-1 4.69712E-1 4.69712E-1 3.37245E-1 2.71181E-1 4.42567E-1 4.50777E-1 4.03226E-1 4.68777E-1 4.56747E-1 4.51572E-1 4.42689E-1 4.33791E-1 3.93673E-1 3.51754E-1 4.30099E-1 3.42682E-1 3.96284E-1 3.69099E-1 3.21898E-1 3.2131E-1 3.51146E-1 9.84517E-2 7.99046E-3 3.399E-3 0E0 0E0 0E0 7.98236E-4 0E0 0E0 0E0 0E0 9.83131E-5 2.87331E-2 1.68226E-2 3.26619E-2 2.98818E-2 3.49166E-2 1.37837E-2 2.19161E-2 1.04914E-2 1.65379E-3 3.8458E-4 0E0 1.47114E-3 1.31021E-3 1.96895E-3 1.58992E-4 0E0 0E0 0E0
1.44581E-1 3.04595E-1 2.9271E-1 3.54279E-1 4.16469E-1 2.33632E-1 2.20194E-1 3.13399E-1 4.35874E-1 3.82912E-1 4.06972E-1 4.17744E-1 3.44431E-1 4.47821E-1 4.69303E-1 4.63841E-1 4.44364E-1 4.76462E-1 4.74847E-1 4.69712E-1 4.66864E-1 4.53668E-1 2.56289E-1 3.16433E-1 1.9381E-1 3.00371E-1 4.70096E-1 4.58543E-1 4.67236E-1 4.55205E-1 4.55205E-1 4.15943E-1 4.51082E-1 3.79916E-1 4.332E-1 3.98875E-1 3.2479E-1 3.51426E-1 3.80864E-1 3.16454E-1 2.62189E-1 4.49168E-2 1.77983E-3 0E0 0E0 0E0 2.05157E-4 2.6175E-3 0E0 0E0 0E0 5.31336E-3 5.21892E-2 4.48659E-2 3.69014E-2 4.41662E-2 3.61318E-2 2.01542E-2 7.41192E-3 7.5929E-3 7.00438E-3 1.74585E-3 1.27057E-2 1.34933E-2 8.40163E-3 3.60005E-3 0E0 0E0 0E0 0E0
1.88733E-1 3.23191E-1 3.29783E-1 2.41258E-1 2.21843E-1 2.46734E-1 2.04474E-1 3.11762E-1 2.70992E-1 3.11661E-1 3.57386E-1 3.2298E-1 2.18354E-1 2.90046E-1 4.43587E-1 4.45918E-1 4.43719E-1 4.44364E-1 4.63684E-1 4.63462E-1 4.65275E-1 4.62155E-1 4.59931E-1 3.60377E-1 3.63294E-1 4.09253E-1 4.49879E-1 4.70096E-1 4.68585E-1 4.70126E-1 4.71786E-1 4.55205E-1 4.51082E-1 4.59544E-1 3.70105E-1 4.09895E-1 4.34053E-1 4.30029E-1 3.53398E-1 2.64599E-1 2.32933E-1 4.02071E-2 2.3856E-2 1.14405E-2 6.15303E-3 1.24024E-2 5.38845E-3 8.84921E-4 0E0 0E0 1.74042E-3 3.91417E-2 4.64357E-2 6.60004E-2 7.95653E-2 2.73237E-2 1.87179E-2 1.66446E-2 8.0868E-3 1.18023E-2 1.68078E-2 2.11864E-2 2.68164E-2 2.14211E-2 1.37477E-2 2.82191E-3 0E0 0E0 0E0 0E0
1.58966E-1 2.52322E-1 2.74561E-1 4.92127E-2 4.66749E-2 3.87686E-2 1.02269E-1 1.41218E-1 3.09546E-1 3.44558E-1 2.53318E-1 3.79193E-1 3.80567E-1 3.48223E-1 4.07959E-1 4.26405E-1 4.34856E-1 3.29606E-1 3.45891E-1 4.44406E-1 4.62155E-1 4.59875E-1 4.59875E-1 4.83422E-1 4.78481E-1 4.79048E-1 4.61221E-1 4.16033E-1 4.66385E-1 4.82008E-1 4.82008E-1 4.54407E-1 4.20738E-1 4.45201E-1 4.19807E-1 4.47049E-1 4.23494E-1 3.90476E-1 3.60887E-1 2.72908E-1 1.86841E-1 2.03821E-1 5.6273E-2 4.13056E-2 1.88799E-2 4.78037E-2 3.48297E-4 7.4996E-5 9.04664E-7 3.19658E-3 5.26147E-3 6.27477E-2 6.35938E-2 7.5392E-2 7.39152E-2 4.99054E-2 4.88468E-2 3.39853E-2 2.94361E-2 2.13414E-2 1.97864E-2 2.68776E-2 2.44884E-2 1.10019E-2 5.7547E-3 0E0 4.88824E-3 0E0 1.18174E-3 0E0
2.4013E-1 1.96715E-1 2.10328E-1 2.79923E-2 5.01141E-2 5.05981E-2 1.95908E-1 1.72798E-1 2.31921E-1 3.97895E-1 2.89894E-1 3.09691E-1 3.21752E-1 3.69978E-1 3.20479E-1 4.21744E-1 4.19182E-1 3.14823E-1 3.18029E-1 4.38782E-1 4.63048E-1 4.5457E-1 4.55196E-1 4.4115E-1 4.76178E-1 4.44121E-1 4.66381E-1 4.7756E-1 4.81437E-1 4.70364E-1 3.84368E-1 4.69267E-1 4.20187E-1 3.75121E-1 3.95156E-1 3.9145E-1 3.44252E-1 2.51955E-1 3.11223E-1 3.4117E-1 3.04958E-1 1.99325E-1 1.48385E-1 7.21899E-2 6.79287E-2 3.75777E-2 7.54356E-3 8.31356E-3 2.80716E-2 4.15594E-2 5.23738E-2 7.60401E-2 7.09829E-2 3.90227E-2 3.5679E-2 4.30293E-2 2.95186E-2 3.52999E-2 2.35173E-2 2.36385E-2 3.93843E-2 4.56342E-2 3.02285E-2 1.08224E-2 5.51612E-3 3.81374E-3 9.81669E-3 1.06046E-3 0E0 8.17427E-4
2.6334E-1 2.01131E-1 3.12348E-1 2.10378E-1 1.61558E-1 1.64141E-1 5.30486E-2 2.3761E-1 4.20746E-1 3.59444E-1 1.47389E-1 1.3559E-1 1.38584E-1 1.89029E-1 3.21072E-1 4.19638E-1 4.15947E-1 2.76426E-1 1.79633E-1 3.85143E-1 4.34541E-1 4.4115E-1 4.42806E-1 4.14117E-1 4.35592E-1 4.4485E-1 4.4344E-1 4.06741E-1 4.19304E-1 4.07139E-1 4.6148E-1 4.56629E-1 4.38616E-1 4.3936E-1 4.25386E-1 3.95785E-1 3.50234E-1 2.85975E-1 2.09227E-1 2.51726E-1 1.77031E-1 9.90646E-2 6.72803E-2 7.79724E-2 1.43741E-1 5.05181E-2 3.49835E-2 7.57926E-2 7.3258E-2 8.71977E-2 5.11201E-2 5.05795E-2 1.38438E-2 5.21338E-2 4.61777E-2 8.97702E-3 7.96643E-3 1.53715E-2 1.1127E-2 1.16183E-2 2.48483E-2 2.25472E-2 1.72732E-2 2.28585E-2 1.59301E-2 1.31202E-2 9.74671E-3 3.20758E-3 2.12951E-4 1.44244E-3
3.92873E-2 2.08042E-1 2.35655E-1 1.32402E-1 1.8839E-1 2.14964E-1 1.07913E-1 1.8009E-1 3.2662E-1 3.06692E-1 3.2905E-1 3.08417E-1 2.8759E-1 1.84214E-1 2.77561E-1 4.21675E-1 4.39746E-1 4.51372E-1 4.49696E-1 4.49696E-1 4.44369E-1 4.37606E-1 4.4115E-1 4.43841E-1 2.95305E-1 4.28821E-1 4.24659E-1 4.42715E-1 4.30755E-1 4.64826E-1 4.76493E-1 4.6937E-1 4.47306E-1 4.41658E-1 4.19906E-1 3.76299E-1 3.41956E-1 2.46192E-1 2.15914E-1 1.66474E-1 1.20355E-1 1.4973E-1 6.84794E-2 9.66382E-2 1.10735E-1 7.50567E-2 8.11463E-2 1.20234E-1 8.42674E-2 5.39906E-2 2.91159E-2 2.01977E-2 6.98733E-2 4.5172E-2 4.10552E-2 3.35417E-2 2.34501E-2 5.3296E-3 1.85536E-2 1.08358E-2 4.95416E-3 6.38164E-3 1.72733E-2 1.18095E-2 6.94449E-3 1.25268E-2 5.35994E-3 1.70184E-3 4.92883E-3 3.28809E-3
2.21407E-1 3.05232E-2 2.34053E-1 3.34817E-1 2.43107E-1 2.72941E-1 3.31581E-1 3.19861E-1 3.94593E-1 3.68047E-1 3.92792E-1 3.89844E-1 3.69835E-1 2.45217E-1 3.79461E-1 4.19182E-1 4.34962E-1 4.51372E-1 4.51372E-1 4.49696E-1 4.4115E-1 4.4115E-1 4.35737E-1 4.39763E-1 4.2503E-1 4.07135E-1 3.92276E-1 4.01406E-1 4.63491E-1 4.67349E-1 4.24651E-1 4.23207E-1 4.4338E-1 4.19785E-1 4.19906E-1 4.11709E-1 3.66563E-1 2.93499E-1 3.427E-1 2.99336E-1 2.6026E-1 2.74978E-1 1.90519E-1 2.35636E-1 1.88225E-1 5.69562E-2 5.97865E-2 9.55413E-2 1.34139E-1 6.33342E-2 1.81397E-2 3.55988E-2 8.17855E-2 9.88721E-2 8.64958E-2 3.85967E-2 3.64912E-2 1.6142E-2 3.65838E-2 4.29718E-2 1.83422E-3 1.98309E-2 1.18334E-2 1.21838E-2 8.1866E-3 4.06414E-3 1.34455E-3 4.06108E-4 5.2598E-4 2.72472E-3
2.70225E-1 3.40729E-1 2.98413E-1 3.29297E-1 1.31008E-1 1.33766E-1 1.57351E-1 3.95912E-1 3.16044E-1 4.1699E-1 3.64167E-1 3.97233E-1 4.04682E-1 2.76331E-1 4.23118E-1 4.40838E-1 4.43911E-1 4.35498E-1 4.51372E-1 4.49696E-1 4.35139E-1 4.37606E-1 4.318E-1 4.07135E-1 4.20321E-1 4.01955E-1 4.12341E-1 4.25796E-1 4.28428E-1 4.22422E-1 4.16971E-1 4.09422E-1 4.22926E-1 4.26775E-1 2.74776E-1 4.03535E-1 4.19791E-1 3.7209E-1 3.31787E-1 3.73566E-1 3.50055E-1 2.46585E-1 2.83531E-1 2.289E-1 1.95118E-1 9.4283E-2 5.5032E-2 7.96918E-2 5.9498E-2 2.83219E-2 3.42139E-2 2.83248E-2 1.47633E-2 9.58376E-3 1.25742E-2 1.63981E-2 4.57075E-2 4.54297E-2 5.50163E-2 3.38583E-2 1.89001E-2 1.48879E-2 1.44063E-2 1.18125E-2 8.45241E-3 7.85085E-3 6.1151E-3 4.05063E-3 5.26415E-3 5.87482E-3
