ENM/Final_Models/M_1_F_lqp_Set_1_EC/Gustavia_santanderiensis_Choco_max.asc
ncols         367
nrows         963
xllcorner     -78.6
yllcorner     0.65
cellsize      0.00833333333333323
NODATA_value  -9999
[rows 825 to 857 of 963, columns 0 to 73 of 367]
-9999 -9999 -9999 -9999 -9999 9.9991E-1 9.99903E-1 9.99767E-1 9.99938E-1 9.99756E-1 9.99718E-1 9.99289E-1 9.98183E-1 9.98187E-1 9.98471E-1 9.92175E-1 9.99754E-1 9.99634E-1 9.99951E-1 9.99079E-1 9.9987E-1 9.99818E-1 9.98695E-1 9.99016E-1 9.99813E-1 9.99987E-1 9.99969E-1 9.99929E-1 9.99945E-1 9.99996E-1 9.99998E-1 9.99999E-1 9.99999E-1 1E0 9.99994E-1 1E0 9.99994E-1 1E0 1E0 9.99999E-1 9.99999E-1 1E0 9.99999E-1 1E0 1E0 9.99997E-1 9.99997E-1 1E0 1E0 1E0 1E0 1E0 1E0 9.99996E-1 9.99997E-1 1E0 1E0 1E0 1E0 1E0 1E0 1E0 1E0 1E0 1E0 1E0 1E0 1E0 1E0 9.99982E-1 9.99985E-1 1E0 9.99999E-1 9.99999E-1
-9999 -9999 -9999 -9999 -9999 9.99412E-1 9.99907E-1 9.99706E-1 9.99309E-1 9.96035E-1 9.88235E-1 9.98674E-1 9.96277E-1 9.99335E-1 9.98409E-1 9.99199E-1 9.96575E-1 9.98578E-1 9.99656E-1 9.99966E-1 9.99743E-1 9.99865E-1 9.99927E-1 9.9992E-1 9.99884E-1 9.99978E-1 9.99983E-1 9.9995E-1 9.99959E-1 9.99993E-1 9.99981E-1 9.99995E-1 9.99999E-1 1E0 9.99992E-1 1E0 1E0 9.99997E-1 1E0 1E0 1E0 1E0 1E0 1E0 9.99997E-1 9.99995E-1 1E0 1E0 1E0 1E0 1E0 1E0 1E0 1E0 1E0 1E0 1E0 1E0 1E0 1E0 1E0 1E0 1E0 1E0 1E0 9.99999E-1 1E0 1E0 1E0 9.99997E-1 1E0 9.99999E-1 9.99998E-1 9.99996E-1
-9999 -9999 -9999 -9999 -9999 9.99168E-1 9.99763E-1 9.9867E-1 9.98634E-1 9.79243E-1 9.80282E-1 9.97001E-1 9.91135E-1 9.90878E-1 9.96318E-1 9.9936E-1 9.95986E-1 9.95629E-1 9.9963E-1 9.9958E-1 9.99686E-1 9.99778E-1 9.99974E-1 9.99996E-1 9.99999E-1 9.99956E-1 9.99977E-1 9.99981E-1 9.99973E-1 9.99962E-1 9.99944E-1 9.99964E-1 9.99994E-1 9.99996E-1 9.9999E-1 1E0 1E0 1E0 1E0 1E0 9.99999E-1 9.99997E-1 9.99989E-1 9.99999E-1 1E0 1E0 1E0 1E0 1E0 1E0 9.99999E-1 1E0 1E0 1E0 1E0 1E0 1E0 1E0 1E0 1E0 1E0 1E0 1E0 1E0 9.99999E-1 9.99999E-1 1E0 1E0 1E0 1E0 1E0 9.99998E-1 9.99998E-1 1E0
-9999 -9999 -9999 -9999 -9999 9.9865E-1 9.9474E-1 9.94091E-1 9.88609E-1 9.24356E-1 9.58168E-1 9.93112E-1 9.62207E-1 9.80444E-1 9.93464E-1 9.98942E-1 9.98838E-1 9.99485E-1 9.97904E-1 9.99685E-1 9.97629E-1 9.99564E-1 9.99997E-1 9.99983E-1 9.99974E-1 9.99987E-1 9.99993E-1 9.99973E-1 9.99998E-1 9.99924E-1 9.99984E-1 9.99965E-1 1E0 9.9999E-1 9.99995E-1 1E0 9.99994E-1 9.99999E-1 1E0 9.99998E-1 1E0 1E0 9.99977E-1 1E0 9.99999E-1 9.99992E-1 9.99994E-1 1E0 1E0 1E0 1E0 1E0 1E0 1E0 1E0 1E0 9.99999E-1 1E0 1E0 1E0 1E0 1E0 1E0 1E0 1E0 1E0 1E0 9.99999E-1 9.99981E-1 9.99999E-1 1E0 1E0 1E0 9.99999E-1
-9999 -9999 -9999 -9999 -9999 9.99903E-1 9.93764E-1 9.88544E-1 9.522E-1 8.47497E-1 9.09335E-1 9.68342E-1 9.63031E-1 9.77026E-1 9.91174E-1 9.74533E-1 9.99666E-1 9.99719E-1 9.99498E-1 9.99692E-1 9.98845E-1 9.99378E-1 9.99742E-1 9.99386E-1 9.99942E-1 9.99915E-1 9.99982E-1 9.9995E-1 9.99983E-1 9.99986E-1 9.99995E-1 9.99874E-1 9.99992E-1 9.99999E-1 9.99999E-1 9.99997E-1 1E0 1E0 9.99998E-1 9.99998E-1 1E0 1E0 1E0 1E0 1E0 1E0 9.99997E-1 1E0 1E0 1E0 1E0 1E0 1E0 1E0 1E0 1E0 9.99998E-1 1E0 1E0 1E0 9.99998E-1 1E0 1E0 1E0 1E0 1E0 1E0 9.99989E-1 9.99999E-1 1E0 1E0 9.99997E-1 9.99999E-1 1E0
-9999 -9999 -9999 -9999 -9999 9.76888E-1 9.95632E-1 9.3207E-1 9.18955E-1 8.75112E-1 9.39142E-1 9.7017E-1 8.79638E-1 9.55212E-1 9.62555E-1 9.9255E-1 9.95171E-1 9.99811E-1 9.99761E-1 9.99379E-1 9.97143E-1 9.99711E-1 9.99762E-1 9.98919E-1 9.99759E-1 9.99977E-1 9.99959E-1 9.99864E-1 9.99772E-1 9.99943E-1 9.99996E-1 9.99852E-1 9.99998E-1 9.99999E-1 9.99999E-1 9.99993E-1 9.9999E-1 9.9999E-1 1E0 1E0 9.99994E-1 1E0 1E0 1E0 1E0 1E0 9.99991E-1 1E0 1E0 1E0 1E0 1E0 1E0 1E0 9.99999E-1 1E0 1E0 9.99996E-1 1E0 1E0 1E0 1E0 1E0 1E0 1E0 1E0 9.99999E-1 9.99996E-1 9.9999E-1 1E0 1E0 1E0 1E0 9.99997E-1
-9999 -9999 -9999 -9999 -9999 9.84714E-1 9.75142E-1 9.62948E-1 9.2522E-1 9.19015E-1 9.25969E-1 9.29302E-1 9.30371E-1 9.72786E-1 9.87624E-1 9.96424E-1 9.99055E-1 9.96962E-1 9.99749E-1 9.99798E-1 9.97737E-1 9.99406E-1 9.99868E-1 9.99848E-1 9.99912E-1 9.99692E-1 9.9948E-1 9.99865E-1 9.99835E-1 9.99955E-1 9.99955E-1 9.99997E-1 9.99936E-1 9.99996E-1 9.99998E-1 9.99999E-1 9.99994E-1 9.99995E-1 9.99999E-1 9.99997E-1 9.99999E-1 1E0 1E0 1E0 1E0 1E0 9.99997E-1 1E0 9.99998E-1 1E0 1E0 1E0 1E0 1E0 1E0 1E0 1E0 1E0 1E0 1E0 9.99999E-1 1E0 1E0 1E0 1E0 9.99998E-1 9.99999E-1 9.99999E-1 9.99999E-1 1E0 1E0 9.99997E-1 9.99997E-1 9.99993E-1
-9999 -9999 -9999 -9999 -9999 9.43515E-1 9.07E-1 8.35269E-1 9.47395E-1 9.09996E-1 9.2503E-1 9.42717E-1 9.70358E-1 9.73378E-1 9.89056E-1 9.91699E-1 9.98166E-1 9.99779E-1 9.99856E-1 9.96461E-1 9.98883E-1 9.99265E-1 9.98029E-1 9.99782E-1 9.99709E-1 9.99827E-1 9.99841E-1 9.99758E-1 9.99992E-1 9.9996E-1 9.99996E-1 9.99975E-1 9.99999E-1 9.99932E-1 9.99985E-1 9.99995E-1 1E0 1E0 1E0 1E0 1E0 1E0 1E0 1E0 1E0 1E0 1E0 1E0 1E0 1E0 1E0 1E0 9.99999E-1 1E0 9.99999E-1 9.99999E-1 9.99973E-1 1E0 1E0 1E0 1E0 1E0 1E0 1E0 1E0 1E0 1E0 9.99997E-1 9.99985E-1 1E0 1E0 1E0 9.99999E-1 9.99996E-1
-9999 -9999 -9999 -9999 -9999 8.55626E-1 8.80536E-1 8.61111E-1 9.4621E-1 9.8653E-1 9.92045E-1 9.67722E-1 9.75131E-1 9.78026E-1 9.89787E-1 9.9713E-1 9.90339E-1 9.98163E-1 9.95894E-1 9.95289E-1 9.99337E-1 9.98611E-1 9.99742E-1 9.98755E-1 9.99638E-1 9.99483E-1 9.99828E-1 9.99939E-1 9.9991E-1 9.99991E-1 9.99943E-1 9.99893E-1 9.99939E-1 9.99996E-1 9.9997E-1 9.99964E-1 9.9999E-1 9.99982E-1 9.99999E-1 1E0 9.99999E-1 1E0 1E0 1E0 1E0 1E0 9.99998E-1 9.99999E-1 9.99994E-1 9.99999E-1 9.99999E-1 9.99999E-1 9.99994E-1 1E0 9.99998E-1 9.99997E-1 9.99999E-1 9.99995E-1 1E0 1E0 9.99979E-1 1E0 9.99995E-1 1E0 1E0 9.99998E-1 1E0 9.99996E-1 9.99992E-1 1E0 1E0 1E0 9.99996E-1 9.99986E-1
-9999 -9999 -9999 -9999 -9999 7.81869E-1 7.92563E-1 8.60856E-1 9.20986E-1 9.86421E-1 9.95335E-1 9.95974E-1 9.81996E-1 9.35065E-1 9.77741E-1 9.9151E-1 9.8835E-1 9.92243E-1 9.97836E-1 9.97704E-1 9.98718E-1 9.99849E-1 9.99669E-1 9.99977E-1 9.9987E-1 9.99764E-1 9.99831E-1 9.99949E-1 9.99767E-1 9.99993E-1 9.99866E-1 9.99952E-1 9.99998E-1 9.99993E-1 9.99994E-1 9.99993E-1 9.99999E-1 9.99997E-1 9.9998E-1 9.99998E-1 1E0 9.99994E-1 1E0 1E0 1E0 9.99997E-1 1E0 1E0 1E0 1E0 9.99999E-1 1E0 9.99999E-1 9.99998E-1 9.99998E-1 1E0 1E0 1E0 9.99975E-1 9.99987E-1 1E0 1E0 1E0 1E0 9.99994E-1 1E0 9.99998E-1 9.99998E-1 1E0 1E0 9.99998E-1 9.99949E-1 9.99954E-1 9.99995E-1
-9999 -9999 -9999 -9999 -9999 7.77149E-1 7.91358E-1 8.82857E-1 9.23309E-1 9.73766E-1 9.88277E-1 9.91127E-1 9.92535E-1 9.69908E-1 9.8877E-1 9.9162E-1 9.94771E-1 9.95432E-1 9.97608E-1 9.98392E-1 9.99188E-1 9.99894E-1 9.99807E-1 9.99978E-1 9.99889E-1 9.99244E-1 9.99898E-1 9.99992E-1 9.99951E-1 9.99905E-1 9.99984E-1 9.99983E-1 9.99987E-1 9.99985E-1 9.99998E-1 9.99994E-1 9.99996E-1 9.99978E-1 9.99997E-1 9.99994E-1 9.99999E-1 9.99998E-1 9.99998E-1 9.99973E-1 9.99998E-1 9.99997E-1 1E0 9.99999E-1 1E0 9.99999E-1 1E0 1E0 9.99999E-1 1E0 9.99999E-1 9.99999E-1 9.99998E-1 9.99998E-1 9.99995E-1 1E0 1E0 1E0 1E0 1E0 1E0 1E0 9.99999E-1 1E0 1E0 1E0 1E0 9.99995E-1 9.99996E-1 9.99999E-1
-9999 -9999 -9999 -9999 -9999 7.77099E-1 8.28315E-1 9.21282E-1 8.98787E-1 9.65073E-1 9.79391E-1 9.81864E-1 9.7876E-1 9.43055E-1 9.78489E-1 9.89981E-1 9.95342E-1 9.92805E-1 9.96701E-1 9.99549E-1 9.98472E-1 9.97725E-1 9.99727E-1 9.99616E-1 9.99227E-1 9.99476E-1 9.9986E-1 9.99865E-1 9.99979E-1 9.99924E-1 9.99843E-1 9.99951E-1 9.99988E-1 9.99999E-1 9.99993E-1 9.99995E-1 1E0 9.99998E-1 9.99996E-1 9.99989E-1 9.99999E-1 9.9999E-1 9.99993E-1 9.99998E-1 9.99992E-1 1E0 1E0 9.99988E-1 1E0 1E0 9.99976E-1 1E0 1E0 1E0 1E0 1E0 9.99987E-1 9.99992E-1 9.99996E-1 1E0 1E0 1E0 1E0 1E0 1E0 1E0 9.99996E-1 1E0 1E0 1E0 1E0 1E0 9.99999E-1 9.99985E-1
-9999 -9999 -9999 -9999 -9999 7.54261E-1 7.61706E-1 9.26519E-1 9.33704E-1 9.55796E-1 9.90954E-1 9.97006E-1 9.70507E-1 9.69416E-1 9.84503E-1 9.97386E-1 9.98454E-1 9.99218E-1 9.98602E-1 9.98767E-1 9.99929E-1 9.98313E-1 9.99923E-1 9.9987E-1 9.99885E-1 9.99781E-1 9.9984E-1 9.99831E-1 9.99961E-1 9.99951E-1 9.99904E-1 9.99867E-1 9.9982E-1 9.99992E-1 9.99997E-1 9.99999E-1 9.99998E-1 9.99999E-1 9.99995E-1 1E0 1E0 9.99999E-1 9.99998E-1 1E0 9.99999E-1 1E0 1E0 9.99994E-1 1E0 9.99994E-1 9.99998E-1 1E0 1E0 9.99998E-1 1E0 1E0 1E0 9.99999E-1 1E0 1E0 1E0 1E0 1E0 1E0 1E0 1E0 1E0 1E0 1E0 1E0 1E0 1E0 1E0 9.99999E-1
-9999 -9999 -9999 -9999 -9999 -9999 -9999 8.66907E-1 9.77294E-1 9.3709E-1 9.73816E-1 9.34717E-1 9.71527E-1 9.86406E-1 9.67507E-1 9.96435E-1 9.84262E-1 9.95392E-1 9.97437E-1 9.97768E-1 9.99409E-1 9.98457E-1 9.98823E-1 9.9965E-1 9.99451E-1 9.99826E-1 9.99991E-1 9.9998E-1 9.9993E-1 9.99849E-1 9.99967E-1 9.99778E-1 9.99974E-1 9.99985E-1 9.99974E-1 1E0 1E0 1E0 1E0 1E0 9.99999E-1 1E0 9.99998E-1 1E0 1E0 1E0 1E0 1E0 1E0 1E0 1E0 1E0 9.99999E-1 1E0 1E0 1E0 1E0 1E0 9.99999E-1 1E0 1E0 1E0 1E0 1E0 1E0 1E0 1E0 1E0 1E0 1E0 1E0 1E0 1E0 9.99995E-1
-9999 -9999 -9999 -9999 -9999 -9999 -9999 -9999 -9999 9.87702E-1 9.68118E-1 9.5067E-1 9.76651E-1 9.69361E-1 9.92623E-1 9.97066E-1 9.97461E-1 9.99832E-1 9.98125E-1 9.99576E-1 9.99803E-1 9.99745E-1 9.99751E-1 9.99605E-1 9.99709E-1 9.9969E-1 9.99853E-1 9.9998E-1 9.99493E-1 9.99937E-1 9.99936E-1 9.99968E-1 9.99997E-1 9.99986E-1 9.99997E-1 9.99999E-1 9.99994E-1 1E0 1E0 9.99997E-1 1E0 1E0 9.99996E-1 1E0 1E0 1E0 1E0 1E0 1E0 1E0 1E0 1E0 1E0 1E0 1E0 1E0 1E0 1E0 1E0 1E0 1E0 1E0 1E0 1E0 1E0 1E0 1E0 1E0 1E0 1E0 1E0 1E0 1E0 1E0
-9999 -9999 -9999 -9999 -9999 -9999 -9999 -9999 -9999 -9999 -9999 9.73339E-1 9.85023E-1 9.8944E-1 9.91596E-1 9.93501E-1 9.99478E-1 9.9975E-1 9.99808E-1 9.99495E-1 9.99237E-1 9.99446E-1 9.99602E-1 9.99912E-1 9.99932E-1 9.99799E-1 9.99108E-1 9.99156E-1 9.99858E-1 9.99471E-1 9.99933E-1 9.99826E-1 9.99982E-1 9.99991E-1 9.99992E-1 9.99993E-1 1E0 9.99997E-1 1E0 1E0 1E0 1E0 1E0 1E0 1E0 1E0 1E0 1E0 1E0 1E0 1E0 1E0 1E0 1E0 1E0 1E0 1E0 1E0 1E0 1E0 1E0 1E0 1E0 1E0 1E0 1E0 1E0 1E0 1E0 1E0 1E0 1E0 1E0 1E0
-9999 -9999 -9999 -9999 -9999 -9999 -9999 -9999 -9999 -9999 -9999 -9999 9.72716E-1 9.68692E-1 9.9177E-1 9.96883E-1 9.97176E-1 9.99431E-1 9.99908E-1 9.99804E-1 9.9847E-1 9.99259E-1 9.99796E-1 9.99851E-1 9.99834E-1 9.99873E-1 9.99921E-1 9.9994E-1 9.99901E-1 9.99849E-1 9.99944E-1 9.99899E-1 9.99988E-1 9.99971E-1 9.99993E-1 9.99996E-1 9.9998E-1 9.99995E-1 9.99996E-1 9.99998E-1 9.99999E-1 1E0 9.99999E-1 1E0 1E0 1E0 9.99999E-1 1E0 1E0 1E0 1E0 1E0 1E0 1E0 1E0 1E0 1E0 1E0 1E0 1E0 1E0 1E0 1E0 9.99999E-1 9.99999E-1 1E0 1E0 1E0 1E0 1E0 1E0 1E0 1E0 1E0
-9999 -9999 -9999 -9999 -9999 -9999 -9999 -9999 -9999 -9999 -9999 -9999 -9999 -9999 9.96856E-1 9.95169E-1 9.99241E-1 9.9992E-1 9.99235E-1 9.99276E-1 9.99735E-1 9.99839E-1 9.99854E-1 9.99734E-1 9.99549E-1 9.99872E-1 9.99626E-1 9.99964E-1 9.99791E-1 9.99406E-1 9.99826E-1 9.99813E-1 9.99916E-1 9.99974E-1 9.99996E-1 9.99976E-1 9.99996E-1 9.99995E-1 1E0 9.99999E-1 1E0 9.99989E-1 9.99995E-1 1E0 1E0 1E0 9.99999E-1 9.99997E-1 1E0 1E0 9.99999E-1 1E0 1E0 1E0 1E0 1E0 9.99998E-1 1E0 1E0 1E0 1E0 1E0 1E0 1E0 9.99997E-1 1E0 1E0 1E0 1E0 1E0 1E0 1E0 1E0 9.99999E-1
-9999 -9999 -9999 -9999 -9999 -9999 -9999 -9999 -9999 -9999 -9999 -9999 -9999 -9999 -9999 -9999 9.98174E-1 9.99964E-1 9.97912E-1 9.98463E-1 9.99875E-1 9.99604E-1 9.99958E-1 9.99913E-1 9.99944E-1 9.99643E-1 9.99791E-1 9.99949E-1 9.99915E-1 9.99845E-1 9.99701E-1 9.99755E-1 9.99941E-1 9.99816E-1 9.99971E-1 9.99993E-1 9.99994E-1 9.99995E-1 9.99978E-1 9.99999E-1 9.99993E-1 1E0 1E0 1E0 1E0 9.99993E-1 9.99996E-1 9.99994E-1 9.99994E-1 9.99996E-1 9.99997E-1 1E0 1E0 1E0 1E0 1E0 1E0 9.99999E-1 1E0 1E0 1E0 1E0 1E0 1E0 9.99999E-1 9.99997E-1 1E0 1E0 1E0 1E0 1E0 1E0 1E0 9.99998E-1
-9999 -9999 -9999 -9999 -9999 -9999 -9999 -9999 -9999 -9999 -9999 -9999 -9999 -9999 -9999 -9999 -9999 -9999 -9999 -9999 9.99942E-1 9.99965E-1 9.99917E-1 9.9998E-1 9.9992E-1 9.99932E-1 9.99931E-1 9.99945E-1 9.99915E-1 9.99746E-1 9.99591E-1 9.99906E-1 9.99882E-1 9.9995E-1 9.9998E-1 9.99992E-1 9.99959E-1 9.99933E-1 9.99993E-1 9.99999E-1 9.99985E-1 9.99999E-1 9.99999E-1 9.99999E-1 1E0 9.99999E-1 9.99997E-1 9.99999E-1 1E0 1E0 9.99993E-1 9.99996E-1 1E0 9.99994E-1 1E0 1E0 1E0 1E0 9.99999E-1 9.99999E-1 1E0 1E0 1E0 1E0 1E0 1E0 1E0 1E0 1E0 1E0 1E0 1E0 1E0 9.99849E-1
-9999 -9999 -9999 -9999 -9999 -9999 -9999 -9999 -9999 -9999 -9999 -9999 -9999 -9999 -9999 -9999 -9999 -9999 -9999 -9999 -9999 9.99918E-1 9.99941E-1 9.99872E-1 9.99953E-1 9.99942E-1 9.99906E-1 9.99709E-1 9.99869E-1 9.99921E-1 9.99788E-1 9.99865E-1 9.99873E-1 9.99893E-1 9.99847E-1 9.99941E-1 9.99847E-1 9.99989E-1 9.9999E-1 9.99967E-1 1E0 1E0 9.99994E-1 9.99997E-1 1E0 1E0 1E0 9.99995E-1 1E0 9.99984E-1 1E0 9.99977E-1 1E0 1E0 9.99991E-1 1E0 1E0 9.99985E-1 9.99999E-1 1E0 9.99999E-1 1E0 1E0 1E0 1E0 1E0 1E0 1E0 1E0 1E0 1E0 9.99997E-1 9.99999E-1 9.99998E-1
-9999 -9999 -9999 -9999 -9999 -9999 -9999 -9999 -9999 -9999 -9999 -9999 -9999 -9999 -9999 -9999 -9999 -9999 -9999 -9999 -9999 -9999 9.99841E-1 9.99983E-1 9.99987E-1 9.99986E-1 9.99905E-1 9.99954E-1 9.99734E-1 9.99847E-1 9.99954E-1 9.99922E-1 9.99961E-1 9.99447E-1 9.99788E-1 9.9994E-1 9.99757E-1 9.99976E-1 9.99999E-1 9.99997E-1 9.99996E-1 9.99997E-1 1E0 1E0 1E0 1E0 9.99999E-1 1E0 1E0 9.99998E-1 1E0 1E0 9.99999E-1 9.99993E-1 9.99993E-1 9.99964E-1 9.99919E-1 9.99999E-1 9.99991E-1 9.99983E-1 9.99999E-1 9.99998E-1 1E0 1E0 1E0 1E0 1E0 1E0 1E0 1E0 1E0 9.99997E-1 9.9988E-1 9.9997E-1
-9999 -9999 -9999 -9999 -9999 -9999 -9999 -9999 -9999 -9999 -9999 -9999 -9999 -9999 -9999 -9999 -9999 -9999 -9999 -9999 -9999 -9999 -9999 -9999 9.99959E-1 9.99992E-1 9.99956E-1 9.99992E-1 9.99814E-1 9.99667E-1 9.99984E-1 9.99907E-1 9.99784E-1 9.99915E-1 9.99954E-1 9.99911E-1 9.99994E-1 9.99986E-1 9.99979E-1 9.99999E-1 1E0 9.99999E-1 9.99999E-1 9.99949E-1 9.99997E-1 9.99997E-1 1E0 1E0 1E0 1E0 9.99999E-1 9.99998E-1 9.99998E-1 9.99998E-1 9.99984E-1 9.99922E-1 9.99996E-1 1E0 9.99957E-1 9.99996E-1 9.99982E-1 1E0 9.99999E-1 1E0 1E0 9.99998E-1 1E0 9.99999E-1 1E0 1E0 1E0 1E0 9.99998E-1 9.99977E-1
-9999 -9999 -9999 -9999 -9999 -9999 -9999 -9999 -9999 -9999 -9999 -9999 -9999 -9999 -9999 -9999 -9999 -9999 -9999 -9999 -9999 -9999 -9999 -9999 -9999 -9999 9.99955E-1 9.99997E-1 9.99959E-1 9.99755E-1 9.99644E-1 9.99869E-1 9.99544E-1 9.99961E-1 9.99909E-1 9.99989E-1 9.99974E-1 9.99993E-1 9.99991E-1 9.99999E-1 9.99996E-1 9.99999E-1 9.99948E-1 9.99995E-1 9.99977E-1 9.99999E-1 1E0 1E0 1E0 1E0 1E0 9.99995E-1 9.99996E-1 9.99977E-1 9.99998E-1 9.99826E-1 9.99834E-1 1E0 9.99967E-1 9.99809E-1 1E0 1E0 1E0 1E0 1E0 9.99998E-1 1E0 9.99998E-1 1E0 9.99999E-1 1E0 1E0 1E0 9.99993E-1
-9999 -9999 -9999 -9999 -9999 -9999 -9999 -9999 -9999 -9999 -9999 -9999 -9999 -9999 -9999 -9999 -9999 -9999 -9999 -9999 -9999 -9999 -9999 -9999 -9999 -9999 -9999 9.99975E-1 9.99987E-1 9.99971E-1 9.99975E-1 9.9969E-1 9.99596E-1 9.99845E-1 9.99948E-1 9.99945E-1 9.99959E-1 9.99997E-1 9.99979E-1 9.99998E-1 9.99992E-1 9.99998E-1 9.99993E-1 1E0 9.99954E-1 9.99999E-1 1E0 1E0 1E0 1E0 1E0 9.99995E-1 9.99992E-1 9.99953E-1 9.99872E-1 9.99634E-1 9.99786E-1 9.99994E-1 9.99982E-1 9.99886E-1 9.99997E-1 9.99999E-1 1E0 9.99999E-1 9.99999E-1 1E0 9.99999E-1 9.99998E-1 1E0 9.99997E-1 1E0 9.99999E-1 1E0 1E0
-9999 -9999 -9999 -9999 -9999 -9999 -9999 -9999 -9999 -9999 -9999 -9999 -9999 -9999 -9999 -9999 -9999 -9999 -9999 -9999 -9999 -9999 -9999 -9999 -9999 -9999 -9999 -9999 -9999 9.99848E-1 9.99868E-1 9.99885E-1 9.99976E-1 9.99999E-1 9.99978E-1 9.99991E-1 9.99937E-1 9.99394E-1 9.99973E-1 9.99837E-1 9.99987E-1 9.99992E-1 9.99977E-1 9.99977E-1 9.99999E-1 1E0 9.99999E-1 1E0 1E0 1E0 9.99998E-1 1E0 9.99988E-1 9.99728E-1 9.99982E-1 9.99965E-1 9.99755E-1 9.99996E-1 9.99916E-1 9.99725E-1 9.99995E-1 9.99997E-1 9.99996E-1 1E0 9.99995E-1 1E0 1E0 1E0 1E0 1E0 9.99999E-1 9.99998E-1 1E0 1E0
-9999 -9999 -9999 -9999 -9999 -9999 -9999 -9999 -9999 -9999 -9999 -9999 -9999 -9999 -9999 -9999 -9999 -9999 -9999 -9999 -9999 -9999 -9999 -9999 -9999 -9999 -9999 -9999 -9999 -9999 9.99929E-1 9.99953E-1 9.99996E-1 9.9997E-1 9.99836E-1 9.99647E-1 9.99952E-1 9.99962E-1 9.99802E-1 9.99097E-1 9.99211E-1 9.99877E-1 9.99787E-1 9.99988E-1 9.99999E-1 9.99999E-1 9.9998E-1 9.99999E-1 1E0 1E0 9.99999E-1 1E0 9.99999E-1 9.99967E-1 9.98914E-1 9.99979E-1 9.99635E-1 9.99992E-1 9.99984E-1 9.99642E-1 9.99993E-1 9.99901E-1 9.99988E-1 9.99992E-1 9.99993E-1 9.9999E-1 9.99893E-1 9.99843E-1 9.99991E-1 1E0 9.99981E-1 9.99641E-1 9.979E-1 9.99977E-1
-9999 -9999 -9999 -9999 -9999 -9999 -9999 -9999 -9999 -9999 -9999 -9999 -9999 -9999 -9999 -9999 -9999 -9999 -9999 -9999 -9999 -9999 -9999 -9999 -9999 -9999 -9999 -9999 -9999 -9999 -9999 -9999 9.99825E-1 9.99952E-1 9.99964E-1 9.99904E-1 9.99958E-1 9.99994E-1 9.99962E-1 9.99685E-1 9.99533E-1 9.99941E-1 9.99897E-1 9.99995E-1 9.99999E-1 1E0 9.99992E-1 9.99986E-1 9.99999E-1 9.99999E-1 9.99989E-1 9.99971E-1 9.99996E-1 9.99999E-1 9.99812E-1 9.99893E-1 9.99633E-1 9.99972E-1 9.99952E-1 9.97695E-1 9.99998E-1 9.98027E-1 9.99973E-1 9.99999E-1 9.99927E-1 9.9997E-1 9.99989E-1 9.99299E-1 9.99997E-1 9.99999E-1 1E0 9.99902E-1 9.99546E-1 9.99942E-1
-9999 -9999 -9999 -9999 -9999 -9999 -9999 -9999 -9999 -9999 -9999 -9999 -9999 -9999 -9999 -9999 -9999 -9999 -9999 -9999 -9999 -9999 -9999 -9999 -9999 -9999 -9999 -9999 -9999 -9999 -9999 -9999 -9999 9.99118E-1 9.99898E-1 9.99972E-1 9.99991E-1 9.99885E-1 9.99987E-1 9.99878E-1 9.99491E-1 9.99831E-1 9.9998E-1 9.99826E-1 9.99999E-1 9.99981E-1 9.99997E-1 9.99985E-1 9.99992E-1 1E0 9.99996E-1 9.99855E-1 9.99957E-1 9.99996E-1 9.99995E-1 9.9908E-1 9.96874E-1 9.99961E-1 9.99941E-1 9.99355E-1 9.9994E-1 9.99572E-1 9.99756E-1 9.99999E-1 9.99991E-1 9.99878E-1 9.99995E-1 9.99001E-1 9.99993E-1 1E0 9.99978E-1 9.99286E-1 9.98252E-1 9.99866E-1
-9999 -9999 -9999 -9999 -9999 -9999 -9999 -9999 -9999 -9999 -9999 -9999 -9999 -9999 -9999 -9999 -9999 -9999 -9999 -9999 -9999 -9999 -9999 -9999 -9999 -9999 -9999 -9999 -9999 -9999 -9999 -9999 -9999 -9999 -9999 9.99969E-1 9.99911E-1 9.99939E-1 9.99815E-1 9.99803E-1 9.96897E-1 9.99903E-1 9.99961E-1 9.99998E-1 9.99999E-1 9.99941E-1 9.99987E-1 9.99984E-1 9.9983E-1 1E0 9.99996E-1 9.99744E-1 9.9996E-1 9.99926E-1 9.99994E-1 9.99508E-1 9.93145E-1 9.99866E-1 9.99953E-1 9.97787E-1 9.99827E-1 9.95965E-1 9.97032E-1 9.99776E-1 9.99943E-1 9.99636E-1 9.99713E-1 9.99681E-1 9.99998E-1 9.99996E-1 9.99933E-1 9.99343E-1 9.93594E-1 9.97874E-1
-9999 -9999 -9999 -9999 -9999 -9999 -9999 -9999 -9999 -9999 -9999 -9999 -9999 -9999 -9999 -9999 -9999 -9999 -9999 -9999 -9999 -9999 -9999 -9999 -9999 -9999 -9999 -9999 -9999 -9999 -9999 -9999 -9999 -9999 -9999 -9999 9.99658E-1 9.99948E-1 9.99712E-1 9.97529E-1 9.98305E-1 9.99792E-1 9.9997E-1 9.99997E-1 9.99994E-1 9.99253E-1 9.9999E-1 9.99943E-1 9.99885E-1 9.99987E-1 9.99998E-1 9.99966E-1 9.99825E-1 9.96846E-1 9.99995E-1 9.99966E-1 9.98545E-1 9.93763E-1 9.99935E-1 9.99319E-1 9.98795E-1 9.98411E-1 9.92854E-1 9.99732E-1 9.98922E-1 9.99958E-1 9.99933E-1 9.98135E-1 9.98859E-1 9.9999E-1 9.99999E-1 9.99937E-1 9.99349E-1 9.95258E-1
-9999 -9999 -9999 -9999 -9999 -9999 -9999 -9999 -9999 -9999 -9999 -9999 -9999 -9999 -9999 -9999 -9999 -9999 -9999 -9999 -9999 -9999 -9999 -9999 -9999 -9999 -9999 -9999 -9999 -9999 -9999 -9999 -9999 -9999 -9999 -9999 -9999 9.99765E-1 9.99762E-1 9.94726E-1 9.99378E-1 9.99437E-1 9.99332E-1 9.99845E-1 9.99534E-1 9.99861E-1 9.99557E-1 9.99723E-1 9.99454E-1 9.99109E-1 9.99305E-1 9.97683E-1 9.99865E-1 9.99047E-1 9.99601E-1 9.99694E-1 9.993E-1 9.96345E-1 9.98337E-1 9.9768E-1 9.86707E-1 9.74556E-1 9.81055E-1 9.98242E-1 9.97661E-1 9.99807E-1 9.99989E-1 9.99207E-1 9.99034E-1 9.99978E-1 9.99979E-1 9.98617E-1 9.8672E-1 9.94974E-1
-9999 -9999 -9999 -9999 -9999 -9999 -9999 -9999 -9999 -9999 -9999 -9999 -9999 -9999 -9999 -9999 -9999 -9999 -9999 -9999 -9999 -9999 -9999 -9999 -9999 -9999 -9999 -9999 -9999 -9999 -9999 -9999 -9999 -9999 -9999 -9999 -9999 -9999 -9999 9.8939E-1 9.92288E-1 9.9284E-1 9.97634E-1 9.99879E-1 9.9985E-1 9.99406E-1 9.97125E-1 9.99665E-1 9.98894E-1 9.97697E-1 9.98345E-1 9.97322E-1 9.9583E-1 9.99484E-1 9.99335E-1 9.99894E-1 9.99208E-1 9.97073E-1 9.92099E-1 9.99279E-1 9.87803E-1 9.67743E-1 9.74911E-1 9.94268E-1 9.97629E-1 9.99956E-1 9.99998E-1 9.99421E-1 9.99145E-1 9.99999E-1 9.99148E-1 9.44013E-1 9.31467E-1 9.27776E-1
