ENM/Final_Models/M_1_F_lqp_Set_1_EC/Gustavia_santanderiensis_5_Choco.asc
ncols         367
nrows         963
xllcorner     -78.6
yllcorner     0.65
cellsize      0.00833333333333323
NODATA_value  -9999
[rows 465 to 495 of 963, columns 140 to 209 of 367]
-9999 -9999 -9999 -9999 -9999 -9999 -9999 -9999 -9999 -9999 -9999 -9999 -9999 -9999 -9999 -9999 -9999 -9999 -9999 -9999 -9999 9.90555E-1 9.27136E-1 9.85895E-1 9.98473E-1 9.99958E-1 9.99991E-1 9.99457E-1 9.99373E-1 9.99981E-1 9.99981E-1 9.99778E-1 9.99947E-1 9.99963E-1 9.99974E-1 9.99998E-1 9.99863E-1 9.99992E-1 9.99986E-1 9.99998E-1 9.99997E-1 9.99982E-1 1E0 9.99999E-1 9.99998E-1 9.99999E-1 9.99719E-1 9.99998E-1 1E0 1E0 1E0 1E0 1E0 1E0 1E0 1E0 1E0 1E0 1E0 1E0 1E0 1E0 1E0 1E0 1E0 1E0 1E0 1E0 1E0 1E0
-9999 -9999 -9999 -9999 -9999 -9999 -9999 -9999 -9999 -9999 -9999 -9999 -9999 -9999 -9999 -9999 -9999 -9999 -9999 -9999 -9999 9.79137E-1 9.9914E-1 9.99783E-1 9.99982E-1 9.99998E-1 9.99998E-1 9.99995E-1 9.99937E-1 9.99163E-1 9.99996E-1 9.9999E-1 9.99944E-1 9.99888E-1 9.99364E-1 9.99932E-1 9.99975E-1 9.99968E-1 9.99958E-1 9.99999E-1 1E0 9.99998E-1 1E0 9.9999E-1 9.99979E-1 9.99979E-1 9.99999E-1 9.99995E-1 9.99996E-1 1E0 9.99999E-1 1E0 1E0 1E0 9.99999E-1 1E0 1E0 1E0 1E0 1E0 1E0 1E0 1E0 1E0 1E0 1E0 1E0 1E0 1E0 1E0
-9999 -9999 -9999 -9999 -9999 -9999 -9999 -9999 -9999 -9999 -9999 -9999 -9999 -9999 -9999 -9999 -9999 -9999 -9999 -9999 -9999 9.98169E-1 9.99989E-1 1E0 1E0 9.99791E-1 9.98688E-1 9.99839E-1 9.99821E-1 9.99866E-1 9.9996E-1 9.99994E-1 9.99976E-1 9.99984E-1 9.99975E-1 9.99947E-1 9.9999E-1 9.99996E-1 9.99999E-1 9.99999E-1 1E0 9.99873E-1 9.99954E-1 9.9996E-1 9.99989E-1 9.99996E-1 9.9999E-1 9.99816E-1 1E0 1E0 1E0 1E0 1E0 1E0 1E0 9.99999E-1 1E0 1E0 1E0 9.99999E-1 1E0 1E0 1E0 1E0 1E0 1E0 1E0 1E0 1E0 1E0
-9999 -9999 -9999 -9999 -9999 -9999 -9999 -9999 -9999 -9999 -9999 -9999 -9999 -9999 -9999 -9999 -9999 -9999 -9999 -9999 -9999 9.9967E-1 9.99893E-1 9.99998E-1 9.99995E-1 9.99995E-1 9.98848E-1 9.99548E-1 9.99864E-1 9.99961E-1 9.99805E-1 9.99961E-1 9.99994E-1 9.99985E-1 9.99965E-1 9.99999E-1 9.98849E-1 9.99975E-1 9.99998E-1 1E0 1E0 9.99995E-1 9.99996E-1 9.99995E-1 9.99967E-1 9.99944E-1 1E0 9.99999E-1 1E0 1E0 9.99999E-1 1E0 1E0 9.99996E-1 9.99997E-1 1E0 1E0 1E0 9.99999E-1 1E0 1E0 1E0 1E0 1E0 1E0 1E0 1E0 1E0 1E0 9.99976E-1
-9999 -9999 -9999 -9999 -9999 -9999 -9999 -9999 -9999 -9999 -9999 -9999 -9999 -9999 -9999 -9999 -9999 -9999 -9999 -9999 -9999 9.99167E-1 9.99979E-1 9.99858E-1 9.99547E-1 9.99129E-1 9.93782E-1 9.99947E-1 9.99452E-1 9.99789E-1 9.9893E-1 9.99977E-1 9.99991E-1 9.9996E-1 9.99994E-1 9.99994E-1 9.97191E-1 9.99995E-1 9.99999E-1 9.99998E-1 9.99999E-1 1E0 9.99992E-1 9.99983E-1 9.99999E-1 9.99998E-1 9.99999E-1 9.99999E-1 1E0 1E0 1E0 9.99999E-1 1E0 9.99992E-1 1E0 9.99996E-1 1E0 9.99999E-1 1E0 9.99998E-1 1E0 1E0 1E0 1E0 1E0 1E0 1E0 1E0 9.99993E-1 9.99118E-1
-9999 -9999 -9999 -9999 -9999 -9999 -9999 -9999 -9999 -9999 -9999 -9999 -9999 -9999 -9999 -9999 -9999 -9999 -9999 -9999 -9999 9.99932E-1 9.99824E-1 9.99994E-1 9.99512E-1 9.99678E-1 9.99873E-1 9.99932E-1 9.9994E-1 9.99973E-1 9.99801E-1 9.99943E-1 9.9975E-1 9.99972E-1 9.99996E-1 9.99975E-1 9.99999E-1 9.99997E-1 9.99993E-1 9.99998E-1 9.99999E-1 9.99998E-1 9.99989E-1 9.9997E-1 1E0 1E0 1E0 1E0 1E0 1E0 1E0 1E0 1E0 9.99999E-1 1E0 9.99999E-1 9.99998E-1 1E0 1E0 1E0 1E0 1E0 1E0 1E0 1E0 1E0 1E0 9.99999E-1 9.93475E-1 9.73063E-1
-9999 -9999 -9999 -9999 -9999 -9999 -9999 -9999 -9999 -9999 -9999 -9999 -9999 -9999 -9999 -9999 -9999 -9999 -9999 -9999 -9999 -9999 9.99755E-1 9.98664E-1 9.9976E-1 9.999E-1 9.90907E-1 9.9975E-1 9.99967E-1 9.99627E-1 9.99263E-1 9.99699E-1 9.99379E-1 9.99991E-1 9.99997E-1 9.99994E-1 9.99991E-1 9.99984E-1 9.99984E-1 9.99548E-1 9.99859E-1 9.99995E-1 9.99996E-1 1E0 9.99995E-1 9.99998E-1 9.99997E-1 9.99999E-1 1E0 1E0 1E0 1E0 1E0 9.99999E-1 9.99992E-1 9.99996E-1 1E0 1E0 9.99998E-1 9.99995E-1 1E0 1E0 1E0 1E0 1E0 1E0 1E0 1E0 9.99998E-1 9.91442E-1
-9999 -9999 -9999 -9999 -9999 -9999 -9999 -9999 -9999 -9999 -9999 -9999 -9999 -9999 -9999 -9999 -9999 -9999 -9999 -9999 -9999 -9999 9.99878E-1 9.99821E-1 9.99589E-1 9.99988E-1 9.99744E-1 9.99988E-1 9.99902E-1 9.99989E-1 9.99997E-1 9.99948E-1 9.99976E-1 9.99996E-1 9.99995E-1 9.99999E-1 9.99995E-1 9.9997E-1 9.99995E-1 9.99999E-1 9.99998E-1 9.99993E-1 1E0 1E0 1E0 9.99999E-1 1E0 9.99995E-1 9.99991E-1 9.99999E-1 9.99998E-1 1E0 1E0 1E0 1E0 1E0 9.99997E-1 9.99994E-1 9.99999E-1 1E0 1E0 1E0 1E0 1E0 1E0 1E0 1E0 1E0 9.99934E-1 9.98663E-1
-9999 -9999 -9999 -9999 -9999 -9999 -9999 -9999 -9999 -9999 -9999 -9999 -9999 -9999 -9999 -9999 -9999 -9999 -9999 -9999 -9999 9.99995E-1 9.99948E-1 9.99925E-1 9.99902E-1 9.99771E-1 9.98969E-1 9.99944E-1 9.99803E-1 9.98502E-1 9.99965E-1 9.99923E-1 9.99961E-1 9.99956E-1 9.99992E-1 9.99997E-1 9.99992E-1 9.99995E-1 1E0 9.99988E-1 9.99998E-1 9.99996E-1 1E0 9.99999E-1 1E0 1E0 9.99999E-1 1E0 9.99998E-1 9.99974E-1 9.99996E-1 1E0 1E0 1E0 1E0 1E0 1E0 1E0 1E0 1E0 1E0 1E0 1E0 1E0 9.99983E-1 9.99856E-1 9.99305E-1 9.99997E-1 9.99974E-1 9.99999E-1
-9999 -9999 -9999 -9999 -9999 -9999 -9999 -9999 -9999 -9999 -9999 -9999 -9999 -9999 -9999 -9999 -9999 -9999 -9999 -9999 -9999 9.99863E-1 9.99963E-1 9.9996E-1 9.99993E-1 9.99996E-1 9.99456E-1 9.99383E-1 9.99964E-1 9.99991E-1 9.99963E-1 9.9998E-1 9.99541E-1 9.99379E-1 9.99733E-1 9.99995E-1 1E0 1E0 9.99999E-1 9.99987E-1 9.99982E-1 9.99998E-1 9.99999E-1 1E0 1E0 1E0 9.99999E-1 9.99999E-1 9.99999E-1 9.99995E-1 9.99997E-1 1E0 1E0 1E0 1E0 1E0 9.99998E-1 9.99998E-1 1E0 1E0 1E0 1E0 1E0 1E0 1E0 1E0 1E0 1E0 1E0 1E0
-9999 -9999 -9999 -9999 -9999 -9999 -9999 -9999 -9999 -9999 -9999 -9999 -9999 -9999 -9999 -9999 -9999 -9999 -9999 -9999 -9999 9.99791E-1 9.9956E-1 9.99952E-1 9.99972E-1 9.9995E-1 9.99835E-1 9.99935E-1 9.99994E-1 9.99988E-1 9.99996E-1 9.99983E-1 9.99983E-1 9.99983E-1 9.99985E-1 9.99992E-1 1E0 1E0 9.99994E-1 9.99999E-1 9.99981E-1 9.99994E-1 9.99998E-1 9.99991E-1 9.99986E-1 9.99996E-1 9.99984E-1 9.9999E-1 9.99995E-1 9.99993E-1 1E0 1E0 1E0 1E0 9.99999E-1 1E0 9.99996E-1 9.99981E-1 1E0 9.99995E-1 1E0 1E0 1E0 1E0 1E0 9.99972E-1 1E0 1E0 1E0 9.99999E-1
-9999 -9999 -9999 -9999 -9999 -9999 -9999 -9999 -9999 -9999 -9999 -9999 -9999 -9999 -9999 -9999 -9999 -9999 -9999 -9999 -9999 9.99954E-1 9.99554E-1 9.9996E-1 9.99983E-1 9.99996E-1 9.99997E-1 9.99995E-1 9.99983E-1 9.99965E-1 9.99994E-1 9.99992E-1 9.99986E-1 9.99961E-1 9.99997E-1 9.99999E-1 1E0 1E0 1E0 1E0 9.99995E-1 9.99998E-1 9.99994E-1 9.99991E-1 9.99969E-1 9.99933E-1 9.9999E-1 9.99997E-1 9.99998E-1 9.99996E-1 9.99995E-1 9.99997E-1 9.99993E-1 1E0 9.99998E-1 9.99999E-1 9.99996E-1 1E0 1E0 1E0 1E0 1E0 1E0 1E0 1E0 9.99999E-1 1E0 1E0 9.9995E-1 9.99999E-1
-9999 -9999 -9999 -9999 -9999 -9999 -9999 -9999 -9999 -9999 -9999 -9999 -9999 -9999 -9999 -9999 -9999 -9999 -9999 -9999 -9999 9.99988E-1 9.99925E-1 9.99971E-1 9.9998E-1 9.99989E-1 9.99865E-1 9.99943E-1 9.99999E-1 9.99995E-1 9.99983E-1 9.99998E-1 9.99991E-1 9.99991E-1 9.99999E-1 9.99998E-1 9.99998E-1 9.99958E-1 9.99977E-1 9.99996E-1 9.99977E-1 9.99999E-1 9.99988E-1 9.99962E-1 9.99991E-1 9.99999E-1 9.99978E-1 9.99997E-1 9.99997E-1 9.99998E-1 9.99997E-1 9.99998E-1 1E0 9.99995E-1 9.99991E-1 9.99994E-1 9.99981E-1 9.99999E-1 1E0 1E0 1E0 1E0 1E0 1E0 1E0 1E0 1E0 9.99999E-1 1E0 1E0
-9999 -9999 -9999 -9999 -9999 -9999 -9999 -9999 -9999 -9999 -9999 -9999 -9999 -9999 -9999 -9999 -9999 -9999 -9999 -9999 -9999 9.99928E-1 -9999 9.99943E-1 9.99996E-1 9.99818E-1 9.99924E-1 9.97559E-1 9.99846E-1 9.9999E-1 9.99996E-1 9.99996E-1 9.99997E-1 1E0 9.99933E-1 9.99981E-1 9.99994E-1 9.99984E-1 9.99991E-1 9.99819E-1 9.99992E-1 9.99998E-1 9.9993E-1 9.99946E-1 9.99973E-1 9.99974E-1 9.99966E-1 9.99994E-1 9.99984E-1 9.99993E-1 9.99997E-1 9.99969E-1 9.99998E-1 9.99975E-1 1E0 1E0 9.99986E-1 9.99998E-1 9.99999E-1 1E0 1E0 1E0 1E0 1E0 9.99999E-1 9.99987E-1 9.99999E-1 1E0 1E0 1E0
-9999 -9999 -9999 -9999 -9999 -9999 -9999 -9999 -9999 -9999 -9999 -9999 -9999 -9999 -9999 -9999 -9999 -9999 -9999 -9999 -9999 9.99862E-1 9.99968E-1 9.999E-1 9.99695E-1 9.99968E-1 9.99519E-1 9.98463E-1 9.99822E-1 9.99872E-1 9.99982E-1 1E0 9.99996E-1 9.99946E-1 9.99983E-1 9.99977E-1 9.99773E-1 9.99981E-1 9.99991E-1 9.99952E-1 9.99981E-1 9.99776E-1 9.99449E-1 9.99678E-1 9.9983E-1 9.99989E-1 9.9998E-1 9.99973E-1 9.99995E-1 9.99981E-1 9.99975E-1 9.99989E-1 9.99993E-1 9.99999E-1 9.99999E-1 1E0 9.99997E-1 9.99997E-1 1E0 1E0 1E0 9.99999E-1 9.99999E-1 1E0 1E0 9.99991E-1 1E0 9.99999E-1 9.99999E-1 1E0
-9999 -9999 -9999 -9999 -9999 -9999 -9999 -9999 -9999 -9999 -9999 -9999 -9999 -9999 -9999 -9999 -9999 -9999 -9999 -9999 -9999 9.7075E-1 9.80609E-1 9.97384E-1 9.99236E-1 -9999 9.99091E-1 9.99942E-1 9.99914E-1 9.99992E-1 9.99927E-1 9.99247E-1 9.99992E-1 9.99988E-1 9.9999E-1 9.99444E-1 9.99742E-1 9.99967E-1 9.99784E-1 9.99967E-1 9.9996E-1 9.99939E-1 9.99855E-1 9.99871E-1 9.99917E-1 9.99977E-1 9.99987E-1 9.99995E-1 9.99992E-1 9.99998E-1 9.99996E-1 1E0 9.99973E-1 9.99978E-1 9.99999E-1 1E0 9.99999E-1 1E0 1E0 1E0 1E0 9.99999E-1 1E0 1E0 1E0 1E0 1E0 9.99999E-1 1E0 1E0
-9999 -9999 -9999 -9999 -9999 -9999 -9999 -9999 -9999 -9999 -9999 -9999 -9999 -9999 -9999 -9999 -9999 -9999 -9999 -9999 -9999 9.59658E-1 9.93978E-1 9.97052E-1 9.99703E-1 9.99893E-1 9.96025E-1 9.99956E-1 9.99938E-1 9.99342E-1 9.97625E-1 9.94726E-1 9.82885E-1 9.85644E-1 9.94062E-1 9.95731E-1 9.98857E-1 9.99824E-1 9.99813E-1 9.9965E-1 9.9988E-1 9.99833E-1 9.99442E-1 9.99847E-1 9.99962E-1 9.99974E-1 9.99997E-1 9.99998E-1 1E0 9.99978E-1 9.99997E-1 9.99983E-1 9.99997E-1 9.99999E-1 9.99972E-1 9.99997E-1 9.99999E-1 1E0 9.99996E-1 1E0 9.99999E-1 9.99996E-1 1E0 1E0 1E0 1E0 1E0 9.99995E-1 1E0 1E0
-9999 -9999 -9999 -9999 -9999 -9999 -9999 -9999 -9999 -9999 -9999 -9999 -9999 -9999 -9999 -9999 -9999 -9999 -9999 -9999 -9999 9.78978E-1 9.97441E-1 9.97747E-1 9.99789E-1 9.99846E-1 9.99638E-1 9.99821E-1 9.99803E-1 9.99059E-1 9.98736E-1 9.98188E-1 9.98998E-1 9.94982E-1 9.94998E-1 9.99831E-1 9.9974E-1 9.99927E-1 9.99977E-1 9.98819E-1 9.9954E-1 9.99605E-1 9.99128E-1 9.99933E-1 9.99992E-1 9.99992E-1 9.99994E-1 9.99992E-1 9.9998E-1 9.99963E-1 9.99963E-1 9.99982E-1 9.99948E-1 9.99951E-1 9.99999E-1 9.99999E-1 9.99998E-1 9.99999E-1 1E0 9.99996E-1 9.99997E-1 9.99976E-1 1E0 9.99999E-1 1E0 1E0 1E0 9.99998E-1 1E0 1E0
-9999 -9999 -9999 -9999 -9999 -9999 -9999 -9999 -9999 -9999 -9999 -9999 -9999 -9999 -9999 -9999 -9999 -9999 -9999 -9999 -9999 9.95921E-1 9.9238E-1 9.81732E-1 9.96841E-1 9.98343E-1 9.99763E-1 9.99561E-1 9.97962E-1 9.99803E-1 9.95271E-1 9.9745E-1 9.9983E-1 9.97312E-1 9.72555E-1 9.99465E-1 9.99991E-1 9.99994E-1 9.99699E-1 9.99003E-1 9.99772E-1 9.9996E-1 9.99791E-1 9.99953E-1 9.99998E-1 9.99997E-1 9.99984E-1 9.99998E-1 9.99994E-1 9.99997E-1 9.99921E-1 9.99999E-1 9.99996E-1 9.99997E-1 9.99999E-1 9.99998E-1 1E0 1E0 1E0 9.99982E-1 9.99996E-1 9.9998E-1 1E0 9.99972E-1 1E0 1E0 9.99998E-1 1E0 1E0 1E0
-9999 -9999 -9999 -9999 -9999 -9999 -9999 -9999 -9999 -9999 -9999 -9999 -9999 -9999 -9999 -9999 -9999 -9999 -9999 -9999 -9999 9.64368E-1 9.45035E-1 9.77133E-1 9.97516E-1 9.92268E-1 9.97585E-1 9.97411E-1 9.98279E-1 9.99976E-1 9.9956E-1 9.99564E-1 9.99982E-1 9.9997E-1 9.99018E-1 9.99914E-1 9.99987E-1 9.99961E-1 9.99994E-1 9.99817E-1 9.99671E-1 9.99848E-1 9.99986E-1 9.99973E-1 9.99999E-1 9.99976E-1 9.99999E-1 1E0 9.99981E-1 9.99988E-1 9.99999E-1 9.99999E-1 9.99992E-1 9.99999E-1 1E0 1E0 1E0 1E0 1E0 1E0 9.99985E-1 9.99962E-1 9.99999E-1 1E0 9.99998E-1 9.99999E-1 9.99999E-1 1E0 1E0 1E0
-9999 -9999 -9999 -9999 -9999 -9999 -9999 -9999 -9999 -9999 -9999 -9999 -9999 -9999 -9999 -9999 -9999 -9999 -9999 -9999 -9999 9.59082E-1 9.69915E-1 9.83056E-1 9.69557E-1 9.92299E-1 9.99515E-1 9.99812E-1 9.9946E-1 9.99989E-1 9.99998E-1 9.99998E-1 9.99881E-1 9.99915E-1 9.99954E-1 9.99958E-1 9.99989E-1 9.99941E-1 9.99984E-1 9.99968E-1 9.9992E-1 9.99977E-1 9.99958E-1 9.99999E-1 9.99997E-1 9.99998E-1 1E0 9.99999E-1 9.99998E-1 9.99898E-1 9.99992E-1 9.9994E-1 9.99972E-1 9.99992E-1 1E0 9.99999E-1 1E0 1E0 1E0 1E0 9.99993E-1 9.99935E-1 9.99994E-1 9.99994E-1 9.99996E-1 9.99998E-1 9.99994E-1 1E0 1E0 1E0
-9999 -9999 -9999 -9999 -9999 -9999 -9999 -9999 -9999 -9999 -9999 -9999 -9999 -9999 -9999 -9999 -9999 -9999 -9999 -9999 -9999 9.88185E-1 9.89585E-1 9.87754E-1 9.87586E-1 9.98626E-1 9.99988E-1 9.99985E-1 9.99995E-1 9.99838E-1 9.99886E-1 9.99977E-1 9.99785E-1 9.99995E-1 9.99953E-1 9.99948E-1 9.99347E-1 9.99683E-1 9.99715E-1 9.99962E-1 9.99972E-1 9.99989E-1 9.99994E-1 1E0 9.99993E-1 9.99994E-1 9.99999E-1 9.99994E-1 9.99997E-1 9.99996E-1 1E0 1E0 9.99982E-1 9.99999E-1 1E0 1E0 1E0 9.99999E-1 9.99965E-1 9.99998E-1 9.99996E-1 9.98966E-1 9.99997E-1 1E0 1E0 1E0 1E0 9.9989E-1 1E0 1E0
-9999 -9999 -9999 -9999 -9999 -9999 -9999 -9999 -9999 -9999 -9999 -9999 -9999 -9999 -9999 -9999 -9999 -9999 -9999 -9999 -9999 9.9819E-1 9.99559E-1 9.95574E-1 9.97789E-1 9.99863E-1 9.99517E-1 9.99922E-1 9.99976E-1 9.99858E-1 9.99918E-1 9.99936E-1 9.9565E-1 9.97585E-1 9.96481E-1 9.97268E-1 9.99645E-1 9.99799E-1 9.99774E-1 9.99739E-1 9.99971E-1 9.9988E-1 9.99999E-1 1E0 9.99999E-1 9.99981E-1 9.99994E-1 9.99997E-1 1E0 1E0 1E0 1E0 1E0 1E0 1E0 9.99999E-1 1E0 9.99873E-1 9.99992E-1 9.99972E-1 9.9995E-1 9.99714E-1 9.90989E-1 1E0 1E0 9.99999E-1 1E0 1E0 1E0 1E0
-9999 -9999 -9999 -9999 -9999 -9999 -9999 -9999 -9999 -9999 -9999 -9999 -9999 -9999 -9999 -9999 -9999 -9999 -9999 -9999 -9999 9.97759E-1 9.98767E-1 9.97157E-1 9.96963E-1 9.99899E-1 9.99825E-1 9.99606E-1 9.99526E-1 9.99959E-1 9.9982E-1 9.9997E-1 9.4245E-1 9.59284E-1 9.97778E-1 9.95088E-1 9.96199E-1 9.99471E-1 9.96904E-1 9.9992E-1 9.99988E-1 9.99984E-1 9.99996E-1 9.99998E-1 9.99991E-1 9.99996E-1 9.99998E-1 1E0 1E0 9.99875E-1 1E0 1E0 1E0 9.99989E-1 1E0 9.99996E-1 9.99994E-1 9.97405E-1 9.98433E-1 9.96093E-1 9.91105E-1 9.98654E-1 9.99604E-1 9.99998E-1 1E0 9.99926E-1 9.99959E-1 9.99994E-1 1E0 1E0
-9999 -9999 -9999 -9999 -9999 -9999 -9999 -9999 -9999 -9999 -9999 -9999 -9999 -9999 -9999 -9999 -9999 -9999 -9999 -9999 9.98325E-1 9.99897E-1 9.985E-1 9.978E-1 9.8957E-1 9.99586E-1 9.99865E-1 9.99948E-1 9.99996E-1 9.99988E-1 9.9992E-1 9.99817E-1 9.99101E-1 9.9184E-1 9.92851E-1 9.95614E-1 9.99191E-1 9.9607E-1 9.89208E-1 9.99004E-1 9.99984E-1 9.9999E-1 9.99995E-1 9.99995E-1 9.99995E-1 9.9999E-1 9.99999E-1 1E0 1E0 9.99998E-1 1E0 1E0 1E0 9.9998E-1 9.99994E-1 9.9997E-1 9.99725E-1 9.97634E-1 9.99554E-1 9.865E-1 9.94752E-1 9.99823E-1 9.99992E-1 1E0 1E0 9.99978E-1 9.99974E-1 9.99987E-1 1E0 1E0
-9999 -9999 -9999 -9999 -9999 -9999 -9999 -9999 -9999 -9999 -9999 -9999 -9999 -9999 -9999 -9999 -9999 -9999 -9999 -9999 9.99852E-1 9.99675E-1 9.97887E-1 9.95467E-1 9.9667E-1 9.9814E-1 9.99802E-1 9.99959E-1 9.99973E-1 9.99965E-1 9.99954E-1 9.99889E-1 9.94186E-1 9.94322E-1 9.87707E-1 9.87399E-1 9.97668E-1 9.96785E-1 9.97243E-1 9.9996E-1 9.99888E-1 9.99999E-1 9.99998E-1 9.99992E-1 9.99994E-1 9.99987E-1 9.99997E-1 9.99999E-1 9.99999E-1 1E0 9.99999E-1 9.99996E-1 9.99979E-1 9.99691E-1 9.99844E-1 9.99979E-1 9.99953E-1 9.99932E-1 9.97218E-1 9.9892E-1 9.99998E-1 9.99997E-1 1E0 9.99999E-1 1E0 1E0 1E0 1E0 1E0 1E0
-9999 -9999 -9999 -9999 -9999 -9999 -9999 -9999 -9999 -9999 -9999 -9999 -9999 -9999 -9999 -9999 -9999 -9999 -9999 -9999 9.98681E-1 9.70278E-1 9.9661E-1 9.96981E-1 9.89357E-1 9.89408E-1 9.75245E-1 9.98886E-1 9.99874E-1 9.99884E-1 9.96405E-1 9.94118E-1 9.90979E-1 9.96127E-1 9.64758E-1 9.74732E-1 9.99575E-1 9.95886E-1 9.99013E-1 9.99988E-1 9.99997E-1 9.99999E-1 1E0 9.99997E-1 1E0 9.99983E-1 9.99999E-1 9.99998E-1 9.99998E-1 9.99996E-1 9.99986E-1 1E0 9.99992E-1 9.99981E-1 9.9997E-1 9.99308E-1 9.97573E-1 9.54455E-1 9.99383E-1 9.99995E-1 9.99992E-1 9.99994E-1 9.99972E-1 1E0 1E0 1E0 1E0 1E0 1E0 9.99999E-1
-9999 -9999 -9999 -9999 -9999 -9999 -9999 -9999 -9999 -9999 -9999 -9999 -9999 -9999 -9999 -9999 -9999 -9999 -9999 -9999 9.96428E-1 9.98368E-1 9.95138E-1 9.86359E-1 9.94522E-1 9.98357E-1 9.96182E-1 9.95904E-1 9.98211E-1 9.99031E-1 9.99434E-1 9.96942E-1 9.85717E-1 9.7903E-1 9.74243E-1 9.83037E-1 9.98841E-1 9.9946E-1 9.99962E-1 9.99981E-1 1E0 9.99997E-1 9.99996E-1 9.99993E-1 1E0 9.99999E-1 9.99999E-1 9.99997E-1 9.99999E-1 1E0 9.99997E-1 9.99999E-1 9.99992E-1 9.9996E-1 9.99999E-1 9.99976E-1 9.99871E-1 9.99981E-1 9.9962E-1 9.9995E-1 1E0 1E0 1E0 1E0 1E0 1E0 1E0 9.99999E-1 1E0 1E0
-9999 -9999 -9999 -9999 -9999 -9999 -9999 -9999 -9999 -9999 -9999 -9999 -9999 -9999 -9999 -9999 -9999 -9999 -9999 9.98815E-1 9.98252E-1 9.97184E-1 9.95223E-1 9.9732E-1 9.95821E-1 9.99861E-1 9.99634E-1 9.99276E-1 9.98229E-1 9.99678E-1 9.95853E-1 9.99629E-1 9.95096E-1 9.83155E-1 9.93489E-1 9.93849E-1 9.99465E-1 9.99951E-1 9.9998E-1 9.99998E-1 9.99991E-1 9.99999E-1 9.99998E-1 1E0 9.99999E-1 9.99999E-1 9.99994E-1 9.99996E-1 1E0 1E0 1E0 1E0 9.99988E-1 9.99993E-1 9.99996E-1 9.99992E-1 9.9996E-1 9.99984E-1 1E0 9.99993E-1 9.99999E-1 9.99999E-1 1E0 9.99996E-1 1E0 1E0 1E0 1E0 9.99998E-1 1E0
-9999 -9999 -9999 -9999 -9999 -9999 -9999 -9999 -9999 -9999 -9999 -9999 -9999 -9999 -9999 -9999 -9999 -9999 -9999 9.9971E-1 9.98947E-1 9.99348E-1 9.94372E-1 9.95214E-1 9.99039E-1 9.99398E-1 9.99452E-1 9.98571E-1 9.99153E-1 9.89926E-1 9.93183E-1 9.98354E-1 9.98378E-1 9.96633E-1 9.92306E-1 9.92642E-1 9.99745E-1 9.99547E-1 9.99812E-1 9.99999E-1 9.99985E-1 9.99999E-1 9.99999E-1 9.99999E-1 9.99997E-1 9.99998E-1 9.99999E-1 9.99996E-1 9.99994E-1 9.99997E-1 1E0 1E0 9.99996E-1 9.9999E-1 9.99492E-1 9.99996E-1 9.99949E-1 9.99991E-1 1E0 9.99994E-1 1E0 9.99998E-1 9.99997E-1 9.99999E-1 1E0 1E0 9.99996E-1 9.99999E-1 1E0 9.99999E-1
-9999 -9999 -9999 -9999 -9999 -9999 -9999 -9999 -9999 -9999 -9999 -9999 -9999 -9999 -9999 -9999 -9999 -9999 -9999 9.98355E-1 9.97928E-1 9.24598E-1 9.84028E-1 9.85638E-1 9.94331E-1 9.99572E-1 9.9818E-1 9.97304E-1 9.99465E-1 9.99248E-1 9.99627E-1 9.99118E-1 9.97679E-1 9.89383E-1 9.90617E-1 9.92108E-1 9.94384E-1 9.99688E-1 9.99933E-1 9.99992E-1 9.99974E-1 9.99908E-1 9.99988E-1 9.99976E-1 9.9997E-1 9.99937E-1 9.99999E-1 9.99991E-1 9.99948E-1 1E0 1E0 1E0 9.99996E-1 9.99997E-1 9.99968E-1 9.99999E-1 9.99963E-1 9.99984E-1 9.99998E-1 9.99994E-1 1E0 1E0 9.99993E-1 9.99998E-1 9.99999E-1 1E0 9.99999E-1 9.99999E-1 9.99995E-1 1E0
