ENM/Final_Models/M_1_F_lqp_Set_1_EC/Gustavia_santanderiensis_Choco_min.asc
ncols         367
nrows         963
xllcorner     -78.6
yllcorner     0.65
cellsize      0.00833333333333323
NODATA_value  -9999
[rows 480 to 509 of 963, columns 134 to 200 of 367]
-9999 -9999 -9999 -9999 -9999 -9999 -9999 -9999 -9999 -9999 -9999 -9999 -9999 -9999 -9999 -9999 -9999 -9999 -9999 -9999 -9999 -9999 -9999 -9999 -9999 -9999 -9999 1.14131E-2 1.39718E-2 2.47665E-2 3.24444E-2 -9999 3.20639E-2 5.35385E-2 4.93891E-2 7.31294E-2 5.49037E-2 3.52273E-2 7.26247E-2 6.72371E-2 6.99161E-2 3.83991E-2 4.44967E-2 6.17744E-2 4.47337E-2 6.09649E-2 5.89657E-2 5.62299E-2 4.82553E-2 5.02493E-2 5.3962E-2 6.3808E-2 6.69437E-2 7.12381E-2 6.94642E-2 7.82624E-2 7.65973E-2 9.76844E-2 5.97547E-2 6.00575E-2 9.07225E-2 1.07231E-1 8.9259E-2 1.1102E-1 1.09213E-1 1.09209E-1 9.85873E-2
-9999 -9999 -9999 -9999 -9999 -9999 -9999 -9999 -9999 -9999 -9999 -9999 -9999 -9999 -9999 -9999 -9999 -9999 -9999 -9999 -9999 -9999 -9999 -9999 -9999 -9999 -9999 1.01807E-2 2.00412E-2 2.48534E-2 3.97316E-2 4.74598E-2 2.31982E-2 5.54604E-2 5.24027E-2 3.4996E-2 2.68477E-2 2.24538E-2 1.5214E-2 1.60953E-2 2.13539E-2 2.35786E-2 3.30521E-2 4.69635E-2 4.64607E-2 4.14498E-2 4.96356E-2 4.70347E-2 3.76459E-2 4.87767E-2 6.00326E-2 6.13612E-2 7.76525E-2 8.42104E-2 9.54568E-2 5.96337E-2 7.81121E-2 6.41191E-2 7.81868E-2 8.73436E-2 5.96999E-2 7.65483E-2 8.81416E-2 1.00014E-1 6.87422E-2 8.1155E-2 7.90398E-2
-9999 -9999 -9999 -9999 -9999 -9999 -9999 -9999 -9999 -9999 -9999 -9999 -9999 -9999 -9999 -9999 -9999 -9999 -9999 -9999 -9999 -9999 -9999 -9999 -9999 -9999 -9999 1.40849E-2 2.7027E-2 2.70675E-2 4.37816E-2 4.76808E-2 4.0472E-2 4.49307E-2 4.59054E-2 3.2439E-2 3.12256E-2 2.951E-2 3.49135E-2 2.2888E-2 2.29129E-2 4.81724E-2 4.42482E-2 5.5313E-2 6.6117E-2 3.19609E-2 4.03678E-2 4.15906E-2 3.49767E-2 5.54894E-2 7.4421E-2 6.8169E-2 6.93509E-2 6.62008E-2 6.30621E-2 5.5948E-2 5.58894E-2 6.44853E-2 5.7145E-2 5.69633E-2 8.49087E-2 9.39689E-2 8.24288E-2 8.84861E-2 9.03987E-2 6.35894E-2 6.98143E-2
-9999 -9999 -9999 -9999 -9999 -9999 -9999 -9999 -9999 -9999 -9999 -9999 -9999 -9999 -9999 -9999 -9999 -9999 -9999 -9999 -9999 -9999 -9999 -9999 -9999 -9999 -9999 2.4167E-2 2.00065E-2 1.4957E-2 2.49494E-2 2.93177E-2 4.47367E-2 3.96572E-2 2.86736E-2 4.69186E-2 2.29864E-2 2.73532E-2 4.77668E-2 2.64166E-2 1.25538E-2 3.85277E-2 7.08838E-2 8.02725E-2 4.20525E-2 3.58162E-2 4.49033E-2 6.10769E-2 4.67765E-2 5.8637E-2 8.38326E-2 7.37721E-2 6.21464E-2 7.93059E-2 7.4859E-2 7.82834E-2 5.15954E-2 9.95385E-2 8.06147E-2 8.43412E-2 8.4549E-2 8.10544E-2 1.01284E-1 1.16563E-1 1.10772E-1 5.24001E-2 6.53256E-2
-9999 -9999 -9999 -9999 -9999 -9999 -9999 -9999 -9999 -9999 -9999 -9999 -9999 -9999 -9999 -9999 -9999 -9999 -9999 -9999 -9999 -9999 -9999 -9999 -9999 -9999 -9999 1.11086E-2 9.49518E-3 1.36711E-2 2.74192E-2 1.91796E-2 2.82275E-2 2.7007E-2 2.9305E-2 6.38547E-2 3.95128E-2 4.02087E-2 6.62981E-2 6.08353E-2 3.35432E-2 5.31896E-2 7.19582E-2 5.99961E-2 8.13097E-2 4.89503E-2 4.38312E-2 4.94388E-2 6.75377E-2 6.15771E-2 8.468E-2 5.84744E-2 9.11893E-2 9.66812E-2 6.20376E-2 7.04119E-2 9.15178E-2 9.76849E-2 7.28881E-2 8.75379E-2 9.91819E-2 1.21174E-1 1.39394E-1 1.06152E-1 8.42552E-2 8.93326E-2 5.64059E-2
-9999 -9999 -9999 -9999 -9999 -9999 -9999 -9999 -9999 -9999 -9999 -9999 -9999 -9999 -9999 -9999 -9999 -9999 -9999 -9999 -9999 -9999 -9999 -9999 -9999 -9999 -9999 1.0809E-2 1.24602E-2 1.61278E-2 1.25839E-2 1.993E-2 3.98348E-2 4.6338E-2 3.65665E-2 6.89624E-2 8.47018E-2 8.685E-2 4.88341E-2 5.15689E-2 5.72147E-2 5.68871E-2 7.08604E-2 5.65772E-2 6.92283E-2 6.62191E-2 5.72406E-2 6.41035E-2 5.96545E-2 8.70504E-2 7.48245E-2 8.62989E-2 1.03222E-1 8.68365E-2 8.38329E-2 5.142E-2 7.15396E-2 5.3153E-2 6.36171E-2 6.99503E-2 9.45856E-2 8.72722E-2 1.4372E-1 1.34125E-1 9.61923E-2 9.56804E-2 6.33028E-2
-9999 -9999 -9999 -9999 -9999 -9999 -9999 -9999 -9999 -9999 -9999 -9999 -9999 -9999 -9999 -9999 -9999 -9999 -9999 -9999 -9999 -9999 -9999 -9999 -9999 -9999 -9999 1.79889E-2 1.7848E-2 1.80636E-2 1.74911E-2 3.10809E-2 7.19872E-2 6.93554E-2 7.70541E-2 4.66385E-2 5.02791E-2 6.21737E-2 4.5955E-2 7.54015E-2 5.819E-2 5.63569E-2 3.55372E-2 4.39171E-2 4.34029E-2 6.04851E-2 6.69575E-2 7.10945E-2 7.21034E-2 1.19864E-1 6.98161E-2 7.78104E-2 8.85075E-2 7.19126E-2 7.94218E-2 7.15525E-2 1.06329E-1 1.33486E-1 6.356E-2 8.42656E-2 1.18919E-1 1.15754E-1 1.5397E-1 8.27989E-2 5.18828E-2 7.20712E-2 6.35816E-2
-9999 -9999 -9999 -9999 -9999 -9999 -9999 -9999 -9999 -9999 -9999 -9999 -9999 -9999 -9999 -9999 -9999 -9999 -9999 -9999 -9999 -9999 -9999 -9999 -9999 -9999 -9999 3.07673E-2 4.02901E-2 2.4791E-2 2.82127E-2 5.08219E-2 3.73778E-2 5.23202E-2 6.21665E-2 4.90917E-2 5.59454E-2 5.55985E-2 2.36387E-2 2.76354E-2 2.45793E-2 2.6374E-2 4.30092E-2 4.77154E-2 4.53638E-2 4.56047E-2 6.38151E-2 4.78249E-2 9.27748E-2 1.04084E-1 9.28762E-2 6.51957E-2 7.18612E-2 7.93648E-2 1.16184E-1 1.0844E-1 1.12665E-1 1.33076E-1 1.07935E-1 9.58905E-2 9.8971E-2 8.00338E-2 1.02534E-1 4.40772E-2 6.47808E-2 5.17286E-2 4.53867E-2
-9999 -9999 -9999 -9999 -9999 -9999 -9999 -9999 -9999 -9999 -9999 -9999 -9999 -9999 -9999 -9999 -9999 -9999 -9999 -9999 -9999 -9999 -9999 -9999 -9999 -9999 -9999 2.85771E-2 3.28234E-2 2.77419E-2 2.51709E-2 4.92832E-2 4.51377E-2 4.00256E-2 3.80477E-2 6.12833E-2 4.86851E-2 6.44999E-2 8.86036E-3 1.09073E-2 2.91484E-2 2.29629E-2 2.4669E-2 3.97864E-2 2.57827E-2 5.28198E-2 6.85043E-2 6.2731E-2 7.39887E-2 8.3958E-2 7.29813E-2 7.69065E-2 7.88045E-2 9.40211E-2 1.0925E-1 4.79119E-2 1.04495E-1 1.20969E-1 1.17967E-1 6.54363E-2 8.8955E-2 7.1407E-2 6.18491E-2 2.35204E-2 2.49306E-2 2.04974E-2 1.50345E-2
-9999 -9999 -9999 -9999 -9999 -9999 -9999 -9999 -9999 -9999 -9999 -9999 -9999 -9999 -9999 -9999 -9999 -9999 -9999 -9999 -9999 -9999 -9999 -9999 -9999 -9999 2.94339E-2 5.07077E-2 2.91298E-2 2.81646E-2 1.76009E-2 3.84452E-2 4.8109E-2 5.81176E-2 7.89933E-2 7.1604E-2 5.39531E-2 4.85569E-2 3.5874E-2 2.03822E-2 2.12868E-2 2.45119E-2 3.65246E-2 2.44504E-2 1.79355E-2 3.46921E-2 6.48323E-2 6.62849E-2 7.18839E-2 7.38664E-2 7.40147E-2 6.91887E-2 8.84198E-2 1.05542E-1 9.55345E-2 8.60262E-2 9.869E-2 9.30365E-2 1.04285E-1 6.16217E-2 6.68528E-2 5.19069E-2 3.61746E-2 2.37798E-2 3.05639E-2 1.26541E-2 1.78585E-2
-9999 -9999 -9999 -9999 -9999 -9999 -9999 -9999 -9999 -9999 -9999 -9999 -9999 -9999 -9999 -9999 -9999 -9999 -9999 -9999 -9999 -9999 -9999 -9999 -9999 -9999 4.98486E-2 4.15801E-2 2.77455E-2 2.21369E-2 2.3351E-2 2.86163E-2 4.47829E-2 5.86901E-2 6.15051E-2 6.17608E-2 5.79067E-2 5.12133E-2 2.15855E-2 2.24598E-2 1.7399E-2 1.74063E-2 2.84929E-2 2.63489E-2 2.7417E-2 5.82833E-2 4.76929E-2 8.21608E-2 8.45363E-2 7.0585E-2 7.33618E-2 6.50684E-2 7.32899E-2 8.66732E-2 9.214E-2 1.01573E-1 8.56572E-2 7.71471E-2 6.19233E-2 3.45967E-2 3.98376E-2 5.45701E-2 4.92011E-2 4.28668E-2 2.13474E-2 2.76251E-2 7.19723E-2
-9999 -9999 -9999 -9999 -9999 -9999 -9999 -9999 -9999 -9999 -9999 -9999 -9999 -9999 -9999 -9999 -9999 -9999 -9999 -9999 -9999 -9999 -9999 -9999 -9999 -9999 3.24663E-2 1.18275E-2 2.46442E-2 2.53336E-2 1.74466E-2 1.68032E-2 1.27471E-2 3.37125E-2 5.12598E-2 5.08357E-2 2.44854E-2 2.1512E-2 1.88412E-2 2.48816E-2 1.16465E-2 1.37588E-2 4.15036E-2 2.46364E-2 3.34466E-2 6.89596E-2 7.48098E-2 9.46949E-2 1.03881E-1 8.0777E-2 9.76077E-2 6.30229E-2 8.96544E-2 8.27232E-2 8.05538E-2 7.49024E-2 6.29505E-2 1.09898E-1 6.55429E-2 5.38022E-2 5.17856E-2 3.05466E-2 2.20703E-2 8.10061E-3 3.01183E-2 6.74374E-2 6.27033E-2
-9999 -9999 -9999 -9999 -9999 -9999 -9999 -9999 -9999 -9999 -9999 -9999 -9999 -9999 -9999 -9999 -9999 -9999 -9999 -9999 -9999 -9999 -9999 -9999 -9999 -9999 2.58511E-2 2.96532E-2 2.32462E-2 1.63067E-2 2.13905E-2 3.05848E-2 2.39913E-2 2.45031E-2 3.00443E-2 3.42741E-2 3.80409E-2 2.58161E-2 1.71466E-2 1.4578E-2 1.34618E-2 1.56877E-2 3.36707E-2 3.74466E-2 5.89326E-2 6.39307E-2 1.03309E-1 7.45675E-2 7.46411E-2 7.27535E-2 1.16132E-1 8.60457E-2 8.76018E-2 7.25735E-2 9.07634E-2 1.03624E-1 7.59924E-2 8.08582E-2 5.99658E-2 5.15917E-2 7.64659E-2 5.3989E-2 4.20429E-2 5.68775E-2 3.5054E-2 5.30398E-2 9.43323E-2
-9999 -9999 -9999 -9999 -9999 -9999 -9999 -9999 -9999 -9999 -9999 -9999 -9999 -9999 -9999 -9999 -9999 -9999 -9999 -9999 -9999 -9999 -9999 -9999 -9999 3.36306E-2 3.09205E-2 2.71432E-2 2.35172E-2 2.63879E-2 2.42993E-2 5.07276E-2 4.25879E-2 3.74971E-2 3.01763E-2 4.37739E-2 2.46274E-2 4.17817E-2 2.36339E-2 1.57997E-2 2.1645E-2 2.20182E-2 3.99628E-2 5.68391E-2 6.50655E-2 8.48075E-2 6.88135E-2 8.30188E-2 8.00317E-2 1.09762E-1 9.08084E-2 9.63804E-2 7.20663E-2 7.35233E-2 1.01371E-1 9.32028E-2 1.48221E-1 1.04138E-1 5.72207E-2 6.60142E-2 6.86729E-2 6.12791E-2 5.21046E-2 6.10721E-2 8.81746E-2 6.40542E-2 7.67566E-2
-9999 -9999 -9999 -9999 -9999 -9999 -9999 -9999 -9999 -9999 -9999 -9999 -9999 -9999 -9999 -9999 -9999 -9999 -9999 -9999 -9999 -9999 -9999 -9999 -9999 4.42389E-2 3.39812E-2 3.84729E-2 2.34264E-2 2.40125E-2 3.59779E-2 3.91835E-2 4.19385E-2 3.33281E-2 3.69303E-2 1.89351E-2 2.1441E-2 3.23345E-2 3.18586E-2 2.61048E-2 2.05609E-2 2.08155E-2 4.57957E-2 4.10978E-2 4.3751E-2 8.70616E-2 6.47766E-2 9.43001E-2 9.44595E-2 8.53563E-2 7.65257E-2 8.11342E-2 8.63535E-2 7.56115E-2 7.41063E-2 8.04412E-2 1.18086E-1 8.36118E-2 6.63902E-2 6.13304E-2 3.2476E-2 7.10906E-2 4.92528E-2 6.87115E-2 9.61116E-2 6.61511E-2 9.01351E-2
-9999 -9999 -9999 -9999 -9999 -9999 -9999 -9999 -9999 -9999 -9999 -9999 -9999 -9999 -9999 -9999 -9999 -9999 -9999 -9999 -9999 -9999 -9999 -9999 -9999 3.04759E-2 2.91712E-2 7.82581E-3 1.73452E-2 1.76356E-2 2.29903E-2 4.43122E-2 3.12812E-2 2.85541E-2 4.14649E-2 3.73706E-2 4.29989E-2 3.6125E-2 2.88663E-2 1.82735E-2 1.93454E-2 2.03649E-2 2.18954E-2 4.2299E-2 5.33305E-2 7.29616E-2 5.97115E-2 5.08098E-2 6.77219E-2 6.0493E-2 5.95395E-2 5.12789E-2 8.86199E-2 6.89636E-2 5.61707E-2 1.06221E-1 9.17251E-2 1.01844E-1 6.69288E-2 7.10731E-2 5.23627E-2 8.50618E-2 5.36067E-2 6.1774E-2 7.96413E-2 6.57215E-2 1.06195E-1
-9999 -9999 -9999 -9999 -9999 -9999 -9999 -9999 -9999 -9999 -9999 -9999 -9999 -9999 -9999 -9999 -9999 -9999 -9999 -9999 -9999 -9999 -9999 -9999 -9999 2.08201E-2 1.34417E-2 1.24607E-2 2.30849E-2 2.5489E-2 3.05362E-2 3.57045E-2 3.35447E-2 2.67469E-2 3.57722E-2 3.39059E-2 4.70139E-2 1.60192E-2 2.45259E-2 3.62967E-2 3.88068E-2 1.88716E-2 2.39213E-2 3.86419E-2 7.17083E-2 6.99291E-2 6.12318E-2 5.65504E-2 5.52562E-2 6.95482E-2 5.77378E-2 7.4223E-2 5.41418E-2 8.38151E-2 5.53817E-2 7.46517E-2 1.11712E-1 7.21954E-2 3.83242E-2 9.39705E-2 9.05653E-2 7.14467E-2 9.59211E-2 5.72351E-2 4.48343E-2 6.73257E-2 6.46762E-2
-9999 -9999 -9999 -9999 -9999 -9999 -9999 -9999 -9999 -9999 -9999 -9999 -9999 -9999 -9999 -9999 -9999 -9999 -9999 -9999 -9999 -9999 -9999 -9999 -9999 2.6354E-2 2.03274E-2 2.87285E-2 3.00299E-2 2.27721E-2 3.16122E-2 5.65688E-2 2.5543E-2 1.7179E-2 3.25124E-2 1.56903E-2 2.18424E-2 3.55172E-2 3.69682E-2 4.63388E-2 3.43114E-2 4.36785E-2 5.4532E-2 5.67422E-2 6.21655E-2 5.35759E-2 3.97361E-2 3.32867E-2 4.92151E-2 5.55576E-2 7.30336E-2 4.64119E-2 6.24391E-2 4.94877E-2 6.85708E-2 9.41358E-2 5.74314E-2 5.22831E-2 3.60618E-2 5.30602E-2 6.10628E-2 5.87339E-2 8.53714E-2 7.87387E-2 5.15285E-2 6.57941E-2 7.34497E-2
-9999 -9999 -9999 -9999 -9999 -9999 -9999 -9999 -9999 -9999 -9999 -9999 -9999 -9999 -9999 -9999 -9999 -9999 -9999 -9999 -9999 -9999 -9999 -9999 4.1463E-2 1.00423E-2 1.52624E-2 4.20121E-3 2.59264E-2 1.69205E-2 4.2974E-2 5.19379E-2 3.0985E-2 2.12647E-2 1.0707E-2 1.41051E-2 2.02525E-2 3.60345E-2 4.61411E-2 2.03165E-2 1.87877E-2 1.96637E-2 2.17646E-2 5.27517E-2 4.49148E-2 3.93607E-2 5.65787E-2 4.04772E-2 4.01465E-2 3.55562E-2 5.3045E-2 7.07493E-2 8.11968E-2 9.16434E-2 6.86745E-2 6.96601E-2 5.77893E-2 3.67739E-2 2.46892E-2 4.20556E-2 4.75123E-2 5.04483E-2 6.59654E-2 6.40443E-2 5.88312E-2 7.04554E-2 4.56162E-2
-9999 -9999 -9999 -9999 -9999 -9999 -9999 -9999 -9999 -9999 -9999 -9999 -9999 -9999 -9999 -9999 -9999 -9999 -9999 -9999 -9999 -9999 -9999 -9999 1.80181E-2 9.14463E-3 4.90369E-3 1.30183E-2 2.81786E-2 1.73997E-2 3.53387E-2 4.27969E-2 2.0562E-2 1.25851E-2 1.87252E-2 2.02694E-2 2.00357E-2 2.89874E-2 3.45648E-2 4.0833E-2 4.31874E-2 1.8236E-2 1.67966E-2 2.37159E-2 4.41349E-2 4.71186E-2 3.55567E-2 2.6019E-2 2.34393E-2 3.82536E-2 3.37884E-2 4.82551E-2 3.13264E-2 7.36208E-2 4.84762E-2 6.22285E-2 4.6986E-2 3.12582E-2 2.12155E-2 5.41841E-2 6.02015E-2 6.82437E-2 7.25442E-2 6.09888E-2 6.78952E-2 7.44303E-2 1.04427E-1
-9999 -9999 -9999 -9999 -9999 -9999 -9999 -9999 -9999 -9999 -9999 -9999 -9999 -9999 -9999 -9999 -9999 -9999 -9999 -9999 -9999 -9999 -9999 5.48022E-2 3.38509E-2 1.26587E-2 6.15407E-3 1.59785E-2 5.02099E-3 5.287E-3 1.21448E-2 4.28971E-2 2.09956E-2 1.76201E-2 2.63446E-2 2.59095E-2 2.58441E-2 2.55052E-2 3.44667E-2 3.72701E-2 1.91706E-2 1.85286E-2 2.72589E-2 2.83806E-2 5.13053E-2 3.97234E-2 4.21379E-2 2.84152E-2 2.06914E-2 2.59819E-2 3.25251E-2 4.99611E-2 4.10135E-2 4.8906E-2 5.71231E-2 7.08025E-2 9.21833E-2 8.58845E-2 5.15292E-2 3.50347E-2 4.33001E-2 4.92064E-2 4.05091E-2 5.29213E-2 1.10711E-1 8.1343E-2 1.07943E-1
-9999 -9999 -9999 -9999 -9999 -9999 -9999 -9999 -9999 -9999 -9999 -9999 -9999 -9999 -9999 -9999 -9999 -9999 -9999 -9999 -9999 -9999 -9999 4.11218E-2 3.80284E-2 1.3844E-2 1.00647E-2 7.80462E-3 5.42062E-3 1.69458E-2 1.34659E-2 3.4789E-2 3.77632E-2 2.94246E-2 2.22137E-2 2.31483E-2 2.21792E-2 2.23072E-2 2.80252E-2 3.0204E-2 4.10805E-2 2.9467E-2 3.15288E-2 2.83374E-2 2.8033E-2 2.43829E-2 3.55451E-2 4.03556E-2 3.43147E-2 3.4211E-2 3.45043E-2 3.86812E-2 5.70013E-2 4.78129E-2 6.5797E-2 7.34361E-2 8.59727E-2 6.47984E-2 6.46618E-2 2.23345E-2 3.61213E-2 3.65717E-2 4.04473E-2 5.58242E-2 9.31155E-2 9.47635E-2 1.23885E-1
-9999 -9999 -9999 -9999 -9999 -9999 -9999 -9999 -9999 -9999 -9999 -9999 -9999 -9999 -9999 -9999 -9999 -9999 -9999 -9999 -9999 -9999 -9999 5.06139E-2 2.94724E-2 3.56046E-2 2.95351E-2 3.18414E-2 1.49186E-2 3.21196E-2 4.70733E-2 4.15625E-2 3.8971E-2 3.85186E-2 2.25408E-2 2.94318E-2 3.06483E-2 3.64785E-2 4.17638E-2 4.20082E-2 4.29626E-2 3.38807E-2 3.10064E-2 1.51365E-2 1.93571E-2 1.48125E-2 2.20118E-2 3.64756E-2 2.67653E-2 2.65067E-2 5.12317E-2 5.0642E-2 4.6411E-2 5.23937E-2 6.28722E-2 6.48717E-2 1.00134E-1 6.71494E-2 3.82483E-2 1.92683E-2 4.03961E-2 4.9456E-2 4.52825E-2 4.54571E-2 7.28575E-2 6.71251E-2 8.18862E-2
-9999 -9999 -9999 -9999 -9999 -9999 -9999 -9999 -9999 -9999 -9999 -9999 -9999 -9999 -9999 -9999 -9999 -9999 -9999 -9999 -9999 -9999 -9999 4.85365E-2 4.15707E-2 1.42376E-2 2.02201E-2 3.16522E-2 3.70832E-2 4.25156E-2 4.37305E-2 4.03675E-2 3.00267E-2 3.67729E-2 3.07978E-2 3.10701E-2 3.08949E-2 4.73282E-2 4.04157E-2 4.18389E-2 3.57657E-2 3.51981E-2 3.42936E-2 3.0641E-2 1.95454E-2 2.05223E-2 1.95947E-2 3.98195E-2 5.57512E-2 5.58174E-2 6.07058E-2 4.85817E-2 5.73343E-2 4.58025E-2 5.78922E-2 4.81694E-2 6.77097E-2 3.84985E-2 -9999 1.23997E-2 3.51922E-2 3.22787E-2 6.55037E-2 5.92436E-2 3.12957E-2 4.60737E-2 6.85848E-2
-9999 -9999 -9999 -9999 -9999 -9999 -9999 -9999 -9999 -9999 -9999 -9999 -9999 -9999 -9999 -9999 -9999 -9999 -9999 -9999 -9999 -9999 2.60863E-2 1.6976E-2 2.1515E-2 2.53745E-2 4.9009E-3 1.86588E-2 2.34603E-2 1.99746E-2 1.7919E-2 1.08568E-2 3.27852E-2 5.09996E-2 4.41834E-2 6.22368E-2 5.81277E-2 5.41053E-2 3.89105E-2 2.57579E-2 2.69742E-2 2.5992E-2 3.55542E-2 2.89531E-2 1.24744E-2 2.09516E-2 1.32261E-2 3.29795E-2 3.29561E-2 3.70716E-2 6.51986E-2 6.623E-2 6.57454E-2 4.95076E-2 5.87786E-2 6.19018E-2 5.49763E-2 -9999 4.79283E-2 2.333E-2 5.16318E-2 6.61249E-2 9.91737E-2 2.77061E-2 4.50868E-2 6.87948E-2 1.3281E-1
-9999 -9999 -9999 -9999 -9999 -9999 -9999 -9999 -9999 -9999 -9999 -9999 -9999 -9999 -9999 -9999 -9999 -9999 -9999 -9999 -9999 -9999 3.72525E-2 2.93858E-2 4.86492E-2 3.56372E-2 7.27226E-3 9.75379E-3 1.55771E-2 3.04862E-2 2.15625E-2 2.29422E-2 1.70948E-2 4.98066E-2 5.84348E-2 5.65116E-2 4.94714E-2 3.83231E-2 3.46848E-2 2.70017E-2 2.86728E-2 3.22304E-2 3.48144E-2 3.77363E-2 2.08904E-2 2.39375E-2 1.96289E-2 4.2319E-2 5.43856E-2 7.42512E-2 5.66614E-2 8.54282E-2 7.13748E-2 7.10469E-2 8.41442E-2 1.15548E-1 9.42008E-2 5.00982E-2 3.42882E-2 3.14763E-2 3.66552E-2 7.63769E-2 8.14937E-2 5.83207E-2 7.5686E-2 6.80828E-2 1.45689E-1
-9999 -9999 -9999 -9999 -9999 -9999 -9999 -9999 -9999 -9999 -9999 -9999 -9999 -9999 -9999 -9999 -9999 -9999 -9999 -9999 -9999 -9999 4.20593E-2 3.78917E-2 3.08358E-2 2.93589E-2 1.95026E-2 6.45362E-3 2.3329E-2 2.52851E-2 2.97179E-2 3.21633E-2 3.21259E-2 3.90321E-2 5.04597E-2 3.89437E-2 3.7405E-2 3.4616E-2 2.50685E-2 2.86884E-2 2.75518E-2 3.80932E-2 3.94579E-2 2.878E-2 3.28418E-2 2.57195E-2 3.12542E-2 6.88336E-2 6.00022E-2 7.41506E-2 8.31499E-2 1.08177E-1 7.0109E-2 6.60166E-2 6.1707E-2 6.13994E-2 5.48353E-2 -9999 5.09271E-2 5.37712E-2 7.94808E-2 1.01056E-1 9.21922E-2 6.05905E-2 1.07587E-1 1.04888E-1 1.34123E-1
-9999 -9999 -9999 -9999 -9999 -9999 -9999 -9999 -9999 -9999 -9999 -9999 -9999 -9999 -9999 -9999 -9999 -9999 -9999 -9999 -9999 -9999 3.69457E-2 2.04941E-2 3.56667E-2 3.91036E-2 2.1292E-2 8.70193E-3 2.43931E-2 2.38827E-2 2.09181E-2 2.61903E-2 2.45777E-2 3.79339E-2 5.16822E-2 2.88953E-2 3.04095E-2 2.59982E-2 3.66679E-2 4.25326E-2 4.22255E-2 3.37356E-2 1.94502E-2 1.71952E-2 1.89893E-2 1.98705E-2 5.94087E-2 6.77404E-2 6.26784E-2 8.96254E-2 8.54289E-2 7.70042E-2 6.60774E-2 5.41805E-2 5.39899E-2 1.25288E-1 5.45035E-2 3.31202E-2 6.61158E-2 -9999 7.81215E-2 1.25234E-1 9.75138E-2 1.19195E-1 7.7223E-2 8.05855E-2 1.01782E-1
-9999 -9999 -9999 -9999 -9999 -9999 -9999 -9999 -9999 -9999 -9999 -9999 -9999 -9999 -9999 -9999 -9999 -9999 -9999 -9999 -9999 -9999 5.00085E-2 3.86566E-2 3.61161E-2 2.06823E-2 2.6104E-2 2.89805E-2 2.4583E-2 1.8755E-2 2.02966E-2 2.74356E-2 2.29332E-2 2.01862E-2 1.71149E-2 2.27028E-2 3.5798E-2 2.91919E-2 3.4014E-2 3.95949E-2 3.70404E-2 4.17881E-2 4.18497E-2 3.65567E-2 2.50204E-2 3.67676E-2 5.4652E-2 6.84963E-2 6.52912E-2 7.23658E-2 7.43511E-2 6.99356E-2 7.95305E-2 6.01977E-2 5.38811E-2 8.33411E-2 6.0031E-2 6.62341E-2 -9999 3.21614E-2 4.64254E-2 1.03466E-1 8.54908E-2 1.1183E-1 9.01723E-2 1.01958E-1 8.4502E-2
-9999 -9999 -9999 -9999 -9999 -9999 -9999 -9999 -9999 -9999 -9999 -9999 -9999 -9999 -9999 -9999 -9999 -9999 -9999 -9999 -9999 -9999 2.4012E-2 2.02576E-2 1.97822E-2 2.07483E-2 2.12828E-2 2.03134E-2 3.52759E-2 2.27754E-2 1.8288E-2 2.46024E-2 3.36879E-2 3.10205E-2 2.29355E-2 3.09996E-2 4.99527E-2 4.50076E-2 3.47077E-2 4.88875E-2 3.46411E-2 4.64183E-2 2.70542E-2 2.84534E-2 3.70262E-2 4.83224E-2 5.3743E-2 3.93838E-2 5.296E-2 5.05588E-2 5.88496E-2 6.24004E-2 4.70981E-2 4.34563E-2 3.82359E-2 5.26714E-2 5.88555E-2 9.32842E-2 5.934E-2 3.74702E-2 1.89356E-2 5.64285E-2 5.44715E-2 1.2143E-1 9.02943E-2 7.67936E-2 4.94352E-2
