ENM/Final_Models/M_1_F_lqp_Set_1_EC/Gustavia_santanderiensis_0_Choco_novel.asc
ncols         367
nrows         963
xllcorner     -78.6
yllcorner     0.65
cellsize      0.00833333333333323
NODATA_value  -9999
[rows 780 to 809 of 963, columns 0 to 67 of 367]
-9999 3.99202E-2 -1.03093E0 3.99202E-2 3.99202E-2 3.99202E-2 -1.03093E0 -1.03093E0 3.99202E-2 3.99202E-2 9.98004E-2 9.98004E-2 5.98802E-2 3.99202E-2 7.98403E-2 7.98403E-2 5.98802E-2 1.99601E-2 3.99202E-2 -9.23077E0 1.99601E-2 -3.07692E0 -5.41229E0 -8.78701E0 -8.21394E0 -1.4359E1 -3.4359E1 -2.71795E1 -2.76923E1 -2.87179E1 -3.84615E1 -3.02564E1 -3.12821E1 -1.37536E1 -1.53454E1 -2.15385E1 -2.25641E1 -1.67144E1 -2.35897E1 -3.64103E1 -2.51282E1 -3.74359E1 -3.84615E1 -3.89744E1 -5.02564E1 -5.28205E1 -5.17949E1 -5.23077E1 -5.28205E1 -5.58974E1 -5.69231E1 -5.74359E1 -6.46154E1 -7.07692E1 -6.35897E1 -6.41026E1 -5.74359E1 -6.46154E1 -6.51282E1 -6.51282E1 -6.41026E1 -5.02564E1 -6.30769E1 -6.51282E1 -7.12821E1 -5.4359E1 -6.41026E1 -6.41026E1
-9999 3.99202E-2 3.99202E-2 3.99202E-2 -1.03093E0 3.99202E-2 -1.03091E0 3.99202E-2 3.99202E-2 3.99202E-2 3.99202E-2 9.98004E-2 5.98802E-2 9.98004E-2 3.99202E-2 3.99202E-2 5.98802E-2 1.99601E-2 5.98802E-2 3.99202E-2 -2.5641E0 -3.07692E0 -5.57147E0 -8.05476E0 -1.33333E1 -2.51282E1 -3.38462E1 -1.53846E1 -1.64103E1 -2.82051E1 -2.97436E1 -3.02564E1 -1.94872E1 -3.17949E1 -3.23077E1 -3.33333E1 -3.38462E1 -1.60458E1 -1.68418E1 -1.73512E1 -2.51282E1 -3.74359E1 -3.79487E1 -3.89744E1 -4.97436E1 -5.07692E1 -5.28205E1 -5.38462E1 -5.38462E1 -5.53846E1 -5.64103E1 -5.69231E1 -6.41026E1 -6.51282E1 -6.35897E1 -6E1 -6.51282E1 -6.46154E1 -6.46154E1 -7.23077E1 -6.92308E1 -6.51282E1 -6.20513E1 -5.79487E1 -4.5641E1 -6.20513E1 -6.35897E1 -6.41026E1
-9999 -1.03093E0 -1.03093E0 -1.03093E0 -1.03093E0 -1.03093E0 3.99202E-2 3.99202E-2 3.99202E-2 3.99202E-2 9.98004E-2 5.98802E-2 9.98004E-2 -3.07692E0 3.99202E-2 3.99202E-2 5.98802E-2 5.98802E-2 -7.95925E-1 -1.53846E0 -9.74359E0 -1.02564E1 -1.12821E1 -1.23077E1 -2.35897E1 -1.38462E1 -2.5641E1 -2.61538E1 -2.71795E1 -2.82051E1 -2.87179E1 -3.02564E1 -3.07692E1 -3.12821E1 -3.23077E1 -1.4645E1 -1.43903E1 -1.59503E1 -2.35897E1 -2.41026E1 -2.51282E1 -2.5641E1 -3.79487E1 -3.84615E1 -3.94872E1 -4E1 -5.12821E1 -5.17949E1 -5.4359E1 -5.4359E1 -5.58974E1 -5.58974E1 -5.64103E1 -4.82051E1 -5.79487E1 -5.64103E1 -5.17949E1 -5.17949E1 -5.17949E1 -6.46154E1 -7.64103E1 -6.41026E1 -6.41026E1 -5.02564E1 -6.35897E1 -6.35897E1 -5.69231E1 -5.69231E1
-9999 -1.03093E0 -1.03093E0 3.99202E-2 3.99202E-2 -1.03093E0 3.99202E-2 3.99202E-2 1.39721E-1 3.99202E-2 3.99202E-2 5.98802E-2 5.98802E-2 5.98802E-2 3.99202E-2 1.99601E-2 5.98802E-2 5.98802E-2 -1.17797E0 -8.20513E0 -1.89744E1 -2E1 -1.07692E1 -1.17949E1 -1.28205E1 -1.33333E1 -1.4359E1 -1.53846E1 -1.64103E1 -1.74359E1 -2.87179E1 -2.97436E1 -3.02564E1 -2E1 -2.05128E1 -1.49316E1 -2.20513E1 -1.48718E1 -1.56001E1 -2.41026E1 -2.46154E1 -2.5641E1 -2.61538E1 -3.84615E1 -3.89744E1 -4E1 -5.74359E1 -5.79487E1 -5.38462E1 -5.48718E1 -5.53846E1 -5.64103E1 -5.64103E1 -5.69231E1 -5.53846E1 -5.58974E1 -6.05128E1 -5.23077E1 -5.17949E1 -5.17949E1 -6.51282E1 -5.12821E1 -5.12821E1 -5.12821E1 -6.41026E1 -5.74359E1 -5.69231E1 -5.69231E1
-9999 3.99202E-2 3.99202E-2 3.99202E-2 3.99202E-2 -1.03093E0 3.99202E-2 3.99202E-2 9.98004E-2 3.99202E-2 7.98403E-2 -5.12821E-1 -1.53846E0 -2.5641E0 -3.07692E0 -4.10256E0 -5.12821E0 1.99601E-2 -7.17949E0 -8.20513E0 -8.71795E0 -9.74359E0 -1.07692E1 -5.73066E0 -1.23077E1 -2.35897E1 -2.41026E1 -1.48718E1 -1.58974E1 -1.69231E1 -2.82051E1 -1.84615E1 -1.89744E1 -2E1 -2.05128E1 -3.23077E1 -3.28205E1 -2.25641E1 -2.30769E1 -2.41026E1 -2.46154E1 -2.51282E1 -2.5641E1 -2.66667E1 -3.89744E1 -4.97436E1 -5.74359E1 -5.79487E1 -5.84615E1 -6.05128E1 -6.15385E1 -6.05128E1 -5.69231E1 -5.74359E1 -5.84615E1 -5.94872E1 -6E1 -5.28205E1 -5.28205E1 -5.64103E1 -5.23077E1 -6.46154E1 -5.12821E1 -5.12821E1 -5.12821E1 -6.30769E1 -6.35897E1 -6.46154E1
-9999 3.99202E-2 3.99202E-2 3.99202E-2 3.99202E-2 3.99202E-2 3.99202E-2 2.59481E-1 3.99202E-2 9.98004E-2 7.98403E-2 1.99601E-2 -1.02564E0 5.98802E-2 3.99202E-2 3.99202E-2 1.99601E-2 -5.12821E0 -1.58974E1 -1.79487E1 -2.45145E0 -4.23432E0 -1.02564E1 -1.12821E1 -4.61538E0 -1.28205E1 -1.38462E1 -1.48718E1 -1.53846E1 -1.64103E1 -9.23077E0 -1.14932E1 -1.2703E1 -1.94872E1 -2.05128E1 -3.23077E1 -4.20513E1 -3.38462E1 -2.46154E1 -2.41026E1 -2.46154E1 -1.42311E1 -2.5641E1 -2.66667E1 -2.71795E1 -4.92308E1 -5.12821E1 -5.23077E1 -6.46154E1 -6.5641E1 -6.5641E1 -6.20513E1 -5.64103E1 -5.74359E1 -5.69231E1 -5.53846E1 -5.58974E1 -5.33333E1 -5.33333E1 -5.28205E1 -6.41026E1 -5.69231E1 -5.64103E1 -5.17949E1 -5.17949E1 -5.12821E1 -5.07692E1 -6.41026E1
-9999 3.99202E-2 3.99202E-2 3.99202E-2 3.99202E-2 3.99202E-2 3.99202E-2 3.99202E-2 3.99202E-2 9.98004E-2 9.98004E-2 3.99202E-2 -5.12821E-1 -1.53846E0 5.98802E-2 3.99202E-2 1.99601E-2 1.99601E-2 -6.66667E0 -1.64103E1 -8.20513E0 -9.23077E0 -9.74359E0 -3.58974E0 -4.61538E0 -5.38045E0 -1.38462E1 -1.4359E1 -1.53846E1 -8.71795E0 -9.58294E0 -1.74359E1 -1.84615E1 -1.94872E1 -2E1 -3.17949E1 -4.10256E1 -3.38462E1 -3.4359E1 -3.53846E1 -3.58974E1 -1.69231E1 -2.5641E1 -2.61538E1 -3.84615E1 -4.92308E1 -5.02564E1 -5.17949E1 -6.41026E1 -6.51282E1 -6.66667E1 -5.53846E1 -5.64103E1 -5.69231E1 -5.79487E1 -5.74359E1 -5.58974E1 -4.51282E1 -5.58974E1 -5.64103E1 -6.30769E1 -5.58974E1 -6.30769E1 -5.17949E1 -6.41026E1 -6.46154E1 -6.46154E1 -6.35897E1
3.99202E-2 3.99202E-2 3.99202E-2 3.99202E-2 3.99202E-2 3.99202E-2 3.99202E-2 2.79441E-1 9.98004E-2 9.98004E-2 9.98004E-2 1.99601E-2 -5.12821E-1 -1.53846E0 -2.05128E0 -2.5641E0 9.98004E-2 1.99601E-2 3.99202E-2 -3.1837E-1 -7.69231E0 -8.71795E0 -9.74359E0 -3.58974E0 -9.86947E-1 -5.12821E0 -3.50207E0 -6.1127E0 -6.81312E0 -1.58974E1 -1.69231E1 -2.82051E1 -1.79487E1 -1.89744E1 -2E1 -3.17949E1 -4.05128E1 -4.20513E1 -4.25641E1 -3.48718E1 -3.58974E1 -2.51282E1 -2.5641E1 -3.79487E1 -4.92308E1 -4.97436E1 -5.07692E1 -5.17949E1 -5.28205E1 -5.89744E1 -6.61538E1 -6.10256E1 -5.58974E1 -5.69231E1 -6.35897E1 -6.20513E1 -5.53846E1 -4.51282E1 -5.58974E1 -6E1 -5.64103E1 -5.64103E1 -5.64103E1 -6.35897E1 -5.64103E1 -5.38462E1 -5.4359E1 -5.64103E1
3.99202E-2 3.99202E-2 3.99202E-2 3.99202E-2 3.99202E-2 3.99202E-2 3.99202E-2 3.99202E-2 3.99202E-2 9.98004E-2 9.98004E-2 7.98403E-2 1.99601E-2 -1.02564E0 -2.05128E0 3.99202E-2 3.99202E-2 7.98403E-2 3.99202E-2 -5.64103E0 -7.69231E0 -8.71795E0 -2.76982E0 -1.07692E1 -4.10256E0 -3.31105E0 -5.64103E0 -7.227E0 -8.18211E0 -1.58974E1 -1.69231E1 -1.74359E1 -2.92308E1 -1.89744E1 -2E1 -3.17949E1 -4E1 -4.20513E1 -4.30769E1 -4.30769E1 -3.58974E1 -4.46154E1 -3.79487E1 -3.89744E1 -3.84615E1 -5.48718E1 -5.02564E1 -5.02564E1 -5.79487E1 -5.12821E1 -5.38462E1 -5.38462E1 -5.4359E1 -5.53846E1 -5.74359E1 -5.79487E1 -4.92308E1 -4.97436E1 -4.51282E1 -5.07692E1 -6E1 -6.05128E1 -6.30769E1 -6.35897E1 -6.41026E1 -5.74359E1 -6.35897E1 -6.35897E1
3.99202E-2 3.99202E-2 3.99202E-2 3.99202E-2 3.99202E-2 3.99202E-2 3.99202E-2 1.39721E-1 3.99202E-2 1.1976E-1 3.99202E-2 1.99601E-2 1.99601E-2 -5.12821E-1 -5.12821E-1 -1.53846E0 5.98802E-2 1.99601E-2 1.99601E-2 -5.12821E0 -1.27348E0 -7.17949E0 -1.52818E0 -1.75103E0 -1.94872E1 -1.23077E1 -1.28205E1 -1.38462E1 -1.48718E1 -1.53846E1 -2.71795E1 -2.76923E1 -1.84615E1 -2.97436E1 -3.07692E1 -3.07692E1 -3.23077E1 -4.15385E1 -4.25641E1 -4.25641E1 -3.58974E1 -4.46154E1 -4.5641E1 -3.79487E1 -3.94872E1 -4.82051E1 -5.02564E1 -4.97436E1 -5.07692E1 -5.17949E1 -5.23077E1 -5.33333E1 -5.4359E1 -5.48718E1 -5.58974E1 -5.79487E1 -5.84615E1 -5.94872E1 -5.53846E1 -5.07692E1 -6.15385E1 -6.66667E1 -6.41026E1 -5.69231E1 -5.69231E1 -6.51282E1 -6.46154E1 -6.41026E1
3.99202E-2 3.99202E-2 3.99202E-2 3.99202E-2 3.99202E-2 3.99202E-2 3.99202E-2 3.99202E-2 9.98004E-2 9.98004E-2 3.99202E-2 1.99601E-2 1.99601E-2 1.99601E-2 1.99601E-2 -1.02564E0 3.99202E-2 -4.10256E0 -1.4359E1 -6.15385E0 -6.15385E0 1.99601E-2 -7.69231E0 -8.71795E0 -9.74359E0 -2.05128E1 -2.30769E1 -2.35897E1 -2.46154E1 -8.30946E0 -2.66667E1 -3.38462E1 -2.87179E1 -2.97436E1 -3.02564E1 -3.07692E1 -2.15385E1 -3.33333E1 -4.20513E1 -4.30769E1 -4.41026E1 -4.41026E1 -4.5641E1 -3.74359E1 -4.76923E1 -4.87179E1 -4.87179E1 -4.97436E1 -5.02564E1 -5.23077E1 -5.23077E1 -5.33333E1 -5.53846E1 -5.58974E1 -5.53846E1 -5.64103E1 -5.69231E1 -5.89744E1 -5.84615E1 -5.89744E1 -5.69231E1 -7.07692E1 -6.87179E1 -6.35897E1 -6.51282E1 -6.5641E1 -6.51282E1 -6.51282E1
-9999 3.99202E-2 3.99202E-2 3.99202E-2 3.99202E-2 3.99202E-2 2.59481E-1 2.39521E-1 9.98004E-2 5.98802E-2 3.99202E-2 -5.12821E0 -7.17949E0 -8.20513E0 -5.12821E-1 5.98802E-2 3.99202E-2 -3.58974E0 -4.61538E0 -4.61538E0 -5.64103E0 -6.66667E0 -2.05128E0 -3.07692E0 -9.74359E0 -2E1 -2.25641E1 -2.35897E1 -2.46154E1 -8.20513E0 -1.64103E1 -3.4359E1 -2.82051E1 -2.82051E1 -2E1 -3.12821E1 -2.15385E1 -2.20513E1 -4.82051E1 -5.17949E1 -5.28205E1 -4.97436E1 -5.07692E1 -4.66667E1 -5.28205E1 -4.87179E1 -4.97436E1 -4.92308E1 -5.02564E1 -5.23077E1 -5.33333E1 -5.38462E1 -5.48718E1 -5.58974E1 -5.53846E1 -5.58974E1 -6.41026E1 -5.89744E1 -5.94872E1 -6.05128E1 -6.30769E1 -6.82051E1 -6.92308E1 -6.97436E1 -7.02564E1 -6.46154E1 -5.79487E1 -7.17949E1
-9999 3.99202E-2 3.99202E-2 3.99202E-2 3.99202E-2 3.99202E-2 2.79441E-1 3.99202E-2 9.98004E-2 9.98004E-2 3.99202E-2 3.99202E-2 -5.12821E0 -6.15385E0 -5.12821E-1 -1.53846E0 3.99202E-2 3.99202E-2 -4.61538E0 -4.10256E0 -5.12821E0 -7.69231E0 -8.71795E0 -2.5641E0 -9.23077E0 -1.17949E1 -2.05128E1 -1.33333E1 -1.4359E1 -1.53846E1 -2.61538E1 -1.74359E1 -2.66667E1 -2.92308E1 -2.87179E1 -3.12821E1 -3.84615E1 -3.28205E1 -4.61538E1 -4.71795E1 -4.97436E1 -5.38462E1 -5.02564E1 -4.61538E1 -4.71795E1 -4.82051E1 -4.82051E1 -4.92308E1 -4.97436E1 -5.74359E1 -5.84615E1 -5.94872E1 -5.48718E1 -5.53846E1 -5.48718E1 -5.58974E1 -5.64103E1 -5.84615E1 -5.53846E1 -6E1 -6.25641E1 -6.82051E1 -6.97436E1 -6.97436E1 -7.02564E1 -6.35897E1 -6.41026E1 -7.17949E1
-9999 3.99202E-2 3.99202E-2 3.99202E-2 3.99202E-2 3.79242E-1 1.1976E-1 3.79242E-1 1.79641E-1 9.98004E-2 -3.58974E0 3.99202E-2 1.99601E-2 1.99601E-2 1.99601E-2 1.99601E-2 7.98403E-2 -1.53846E0 -4.10256E0 -8.59599E-1 -6.15385E0 -7.17949E0 -1.53846E1 -9.23077E0 -8.71795E0 -1.12821E1 -1.23077E1 -1.33333E1 -1.4359E1 -2.30769E1 -3.12821E1 -2.5641E1 -1.69231E1 -3.48718E1 -3.58974E1 -3.69231E1 -3.79487E1 -3.28205E1 -4.10256E1 -4.20513E1 -4.76923E1 -4.87179E1 -4.97436E1 -4.61538E1 -4.61538E1 -4.71795E1 -4.76923E1 -4.97436E1 -4.97436E1 -5.17949E1 -5.28205E1 -5.89744E1 -5.84615E1 -5.28205E1 -5.48718E1 -5.38462E1 -5.48718E1 -5.84615E1 -6.15385E1 -6.97436E1 -7.38462E1 -6.25641E1 -7.02564E1 -6.30769E1 -6.30769E1 -7.02564E1 -7.02564E1 -7.17949E1
-9999 3.99202E-2 3.99202E-2 3.99202E-2 9.98004E-2 3.99202E-2 3.39321E-1 9.98004E-2 -1.02564E0 -2.05128E0 -8.20513E0 3.99202E-2 1.99601E-2 7.98403E-2 9.98004E-2 1.99601E-2 7.98403E-2 5.98802E-2 -4.10256E0 -7.00414E-1 -2.10124E0 -8.91436E-1 -3.08819E0 -9.23077E0 -1.74359E1 -9.74359E0 -5.98535E0 -1.17949E1 -5.12821E0 -1.38462E1 -2.41026E1 -2.51282E1 -3.33333E1 -2.87179E1 -3.64103E1 -3.74359E1 -4.25641E1 -4.5641E1 -4.15385E1 -4.25641E1 -4.35897E1 -4.97436E1 -4.51282E1 -4.46154E1 -3.79487E1 -3.89744E1 -4.76923E1 -4.87179E1 -5.53846E1 -5.64103E1 -5.79487E1 -5.17949E1 -5.4359E1 -5.38462E1 -5.4359E1 -6E1 -5.4359E1 -6.10256E1 -6.10256E1 -6.92308E1 -6.20513E1 -6.97436E1 -6.30769E1 -6.35897E1 -7.02564E1 -6.25641E1 -5.53846E1 -6.35897E1
-9999 -9999 3.99202E-2 9.98004E-2 3.99202E-2 9.98004E-2 2.39521E-1 9.98004E-2 1.99601E-2 5.98802E-2 5.98802E-2 3.99202E-2 9.98004E-2 7.98403E-2 1.99601E-2 -5.12821E-1 5.98802E-2 3.99202E-2 -3.58974E0 -4.61538E0 -5.64103E0 -5.12821E-1 -1.30532E0 -7.17949E0 -1.69231E1 -9.23077E0 -6.49475E0 -1.12821E1 -2.15385E1 -2.25641E1 -2.35897E1 -3.17949E1 -3.38462E1 -3.48718E1 -3.58974E1 -4.10256E1 -4.25641E1 -4.35897E1 -4.46154E1 -4.15385E1 -4.71795E1 -4.82051E1 -4.35897E1 -3.69231E1 -4.5641E1 -5.23077E1 -5.33333E1 -5.48718E1 -5.53846E1 -5.64103E1 -5.69231E1 -5.33333E1 -5.38462E1 -6.05128E1 -5.89744E1 -6.71795E1 -6.87179E1 -6.05128E1 -6.10256E1 -5.48718E1 -6.20513E1 -6.92308E1 -6.25641E1 -6.30769E1 -6.30769E1 -6.20513E1 -5.53846E1 -5.53846E1
-9999 -9999 3.99202E-2 1.1976E-1 3.99202E-2 3.39321E-1 9.98004E-2 9.98004E-2 7.98403E-2 9.98004E-2 5.98802E-2 5.98802E-2 3.99202E-2 7.98403E-2 3.99202E-2 1.99601E-2 1.99601E-2 -5.12821E-1 -3.58974E0 -4.61538E0 -1.17949E1 -4.61538E0 -5.64103E0 -6.66667E0 -7.69231E0 -1.74359E1 -1.89744E1 -2E1 -2.10256E1 -2.20513E1 -2.30769E1 -1.53846E1 -3.23077E1 -3.38462E1 -3.58974E1 -3.69231E1 -3.79487E1 -3.79487E1 -4E1 -4.10256E1 -4.25641E1 -4.76923E1 -4.87179E1 -4.5641E1 -5.12821E1 -5.23077E1 -5.33333E1 -4.92308E1 -5.53846E1 -5.12821E1 -5.07692E1 -5.28205E1 -5.79487E1 -5.84615E1 -5.89744E1 -5.94872E1 -6.05128E1 -6.41026E1 -5.89744E1 -6.10256E1 -6.20513E1 -5.53846E1 -5.53846E1 -5.53846E1 -4.61538E1 -5.58974E1 -5.48718E1 -5.48718E1
-9999 -9999 -9999 3.99202E-2 3.79242E-1 3.79242E-1 2.59481E-1 9.98004E-2 9.98004E-2 7.98403E-2 5.98802E-2 5.98802E-2 -2.05128E0 9.98004E-2 9.98004E-2 9.98004E-2 1.99601E-2 -7.69231E0 -9.23077E0 -1.28205E1 -1.12821E1 1.99601E-2 -1.4645E0 -2.10124E0 -3.40656E0 -1.74359E1 -2.10256E1 -2.61538E1 -2.35897E1 -2.20513E1 -1.4359E1 -1.53846E1 -2.51282E1 -2.61538E1 -3.4359E1 -3.53846E1 -3.64103E1 -3.74359E1 -4E1 -4.10256E1 -4.10256E1 -4.30769E1 -4.87179E1 -4.51282E1 -5.07692E1 -5.69231E1 -4.82051E1 -4.76923E1 -4.87179E1 -4.97436E1 -5.07692E1 -5.12821E1 -5.38462E1 -5.84615E1 -5.89744E1 -5.94872E1 -6E1 -6.35897E1 -7.12821E1 -7.23077E1 -6.92308E1 -6.10256E1 -6.15385E1 -6.20513E1 -4.5641E1 -6.92308E1 -6.20513E1 -6.10256E1
-9999 -9999 -9999 3.79242E-1 4.19162E-1 3.39321E-1 2.79441E-1 9.98004E-2 1.99601E-2 7.98403E-2 5.98802E-2 5.98802E-2 3.99202E-2 9.98004E-2 7.98403E-2 1.99601E-2 1.99601E-2 1.99601E-2 -3.07692E0 -9.74359E0 -1.12821E1 -6.15385E0 -5.12821E0 -6.15385E0 -3.07692E0 -1.69231E1 -2.10256E1 -2.20513E1 -1.38462E1 -2.15385E1 -2.25641E1 -2.35897E1 -2.76923E1 -3.28205E1 -2.71795E1 -2.82051E1 -2.92308E1 -3.02564E1 -3.94872E1 -4.05128E1 -4.20513E1 -4.30769E1 -4.41026E1 -4.35897E1 -5.07692E1 -5.17949E1 -4.82051E1 -4.76923E1 -4.87179E1 -4.97436E1 -5.02564E1 -5.28205E1 -5.23077E1 -5.23077E1 -5.28205E1 -5.94872E1 -5.38462E1 -5.79487E1 -7.07692E1 -6.10256E1 -6.15385E1 -6.15385E1 -6.76923E1 -6.15385E1 -5.53846E1 -6.15385E1 -6.10256E1 -6.76923E1
-9999 -9999 -9999 1.39721E-1 1.1976E-1 9.98004E-2 9.98004E-2 3.99202E-2 3.99202E-2 1.99601E-2 1.99601E-2 5.98802E-2 5.98802E-2 9.98004E-2 9.98004E-2 9.98004E-2 9.98004E-2 9.98004E-2 -2.5641E0 -9.23077E0 -1.69231E1 -1.17949E1 -1.28205E1 -6.15385E0 -7.17949E0 -1.07692E1 -1.17949E1 -1.89744E1 -1.38462E1 -1.48718E1 -1.58974E1 -2.61538E1 -3.12821E1 -3.23077E1 -2.66667E1 -2.76923E1 -2.92308E1 -3.02564E1 -3.12821E1 -3.94872E1 -4.05128E1 -4.15385E1 -4.35897E1 -4.35897E1 -4.5641E1 -4.71795E1 -4.66667E1 -4.76923E1 -4.87179E1 -4.92308E1 -5.02564E1 -5.28205E1 -5.38462E1 -4.41026E1 -4.46154E1 -5.33333E1 -5.38462E1 -5.4359E1 -6.05128E1 -6.10256E1 -6.87179E1 -6.97436E1 -6.92308E1 -5.53846E1 -4.61538E1 -5.53846E1 -6.15385E1 -6.71795E1
-9999 -9999 9.98004E-2 9.98004E-2 9.98004E-2 3.79242E-1 9.98004E-2 9.98004E-2 3.99202E-2 1.99601E-2 7.98403E-2 9.98004E-2 5.98802E-2 3.99202E-2 9.98004E-2 7.98403E-2 9.98004E-2 9.98004E-2 3.99202E-2 1.99601E-2 -5.12821E0 -6.15385E0 -1.28205E1 -1.38462E1 -6.66667E0 -7.69231E0 -9.23077E0 -1.84615E1 -1.38462E1 -2.10256E1 -2.51282E1 -3.07692E1 -2.41026E1 -2.82051E1 -2.66667E1 -2.76923E1 -2.87179E1 -2.97436E1 -3.12821E1 -1.59822E1 -3.33333E1 -3.4359E1 -3.69231E1 -3.79487E1 -2.87179E1 -3.94872E1 -4.76923E1 -4.71795E1 -4.97436E1 -5.07692E1 -5.17949E1 -5.12821E1 -5.17949E1 -5.28205E1 -5.28205E1 -4.51282E1 -5.38462E1 -5.4359E1 -5.4359E1 -6.87179E1 -6.87179E1 -7.28205E1 -6.92308E1 -6.20513E1 -6E1 -6.25641E1 -6.15385E1 -6.25641E1
-9999 -9999 -9999 3.99202E-2 3.99202E-2 7.98403E-2 9.98004E-2 9.98004E-2 5.98802E-2 3.99202E-2 1.99601E-2 9.98004E-2 9.98004E-2 9.98004E-2 1.1976E-1 9.98004E-2 9.98004E-2 9.98004E-2 7.98403E-2 7.98403E-2 5.98802E-2 1.99601E-2 -5.12821E-1 -1.33333E1 -9.23077E0 -7.69231E0 -1.17949E1 -9.74359E0 -2.5641E1 -2.71795E1 -1.58974E1 -2.92308E1 -3.07692E1 -1.69231E1 -2.61538E1 -2.76923E1 -2.87179E1 -2.10256E1 -2.20513E1 -2.30769E1 -3.28205E1 -3.4359E1 -3.69231E1 -3.79487E1 -3.89744E1 -2.92308E1 -4.76923E1 -4.87179E1 -4.97436E1 -5.07692E1 -5.17949E1 -5.12821E1 -5.79487E1 -5.94872E1 -5.53846E1 -5.33333E1 -5.69231E1 -5.79487E1 -6.15385E1 -7.12821E1 -7.23077E1 -7.33333E1 -6.92308E1 -6.92308E1 -6.92308E1 -6.92308E1 -6.76923E1 -6.20513E1
-9999 -9999 -9999 9.98004E-2 3.99202E-2 1.99601E-2 1.99601E-2 5.98802E-2 5.98802E-2 1.99601E-2 1.99601E-2 9.98004E-2 1.1976E-1 9.98004E-2 1.39721E-1 1.1976E-1 9.98004E-2 1.39721E-1 1.1976E-1 9.98004E-2 5.98802E-2 -2.5641E0 -5.12821E-1 -1.53846E0 -3.85228E0 -2.0694E0 -8.71795E0 -9.74359E0 -2.25641E1 -2.35897E1 -2.51282E1 -2.61538E1 -2.71795E1 -2.51282E1 -2E1 -2.71795E1 -2.87179E1 -2.97436E1 -3.07692E1 -3.17949E1 -4.20513E1 -4.30769E1 -3.69231E1 -3.79487E1 -3.89744E1 -3.94872E1 -4.05128E1 -4.87179E1 -4.82051E1 -4.92308E1 -5.64103E1 -5.28205E1 -5.33333E1 -5.4359E1 -5.53846E1 -5.64103E1 -5.69231E1 -5.4359E1 -6E1 -6.20513E1 -6.15385E1 -6.87179E1 -6.15385E1 -6.92308E1 -6.92308E1 -5.58974E1 -6.20513E1 -6.20513E1
-9999 -9999 -9999 9.98004E-2 3.99202E-2 1.99601E-2 1.99601E-2 7.98403E-2 3.99202E-2 1.1976E-1 9.98004E-2 1.39721E-1 1.1976E-1 9.98004E-2 9.98004E-2 1.1976E-1 9.98004E-2 9.98004E-2 1.1976E-1 7.98403E-2 1.99601E-2 3.99202E-2 3.99202E-2 1.99601E-2 1.99601E-2 5.98802E-2 -9.86947E-1 -3.94779E0 -4.26616E0 -5.18943E0 -2.10256E1 -2.25641E1 -2.35897E1 -1.64103E1 -2.61538E1 -2.71795E1 -3.12821E1 -3.74359E1 -3.74359E1 -4E1 -3.53846E1 -3.64103E1 -3.74359E1 -2.82051E1 -2.92308E1 -2.97436E1 -3.07692E1 -4.71795E1 -4.82051E1 -4.92308E1 -5.07692E1 -5.28205E1 -5.33333E1 -5.94872E1 -6.05128E1 -5.38462E1 -5.4359E1 -5.4359E1 -5.53846E1 -6.20513E1 -6.20513E1 -6.87179E1 -6.10256E1 -6.20513E1 -6.20513E1 -5.58974E1 -5.58974E1 -6.25641E1
-9999 -9999 -9999 9.98004E-2 3.99202E-2 1.99601E-2 1.99601E-2 7.98403E-2 9.98004E-2 1.1976E-1 2.59481E-1 1.79641E-1 1.39721E-1 9.98004E-2 3.39321E-1 1.1976E-1 9.98004E-2 9.98004E-2 9.98004E-2 7.98403E-2 1.99601E-2 1.99601E-2 3.99202E-2 1.99601E-2 1.99601E-2 -1.52818E0 -1.53846E0 -2.26043E0 -3.85228E0 -5.12821E0 -2.10256E1 -2.20513E1 -1.53846E1 -9.23077E0 -1.74359E1 -1.89744E1 -3.48718E1 -3.74359E1 -3.69231E1 -3.94872E1 -4.10256E1 -4.20513E1 -2.76923E1 -2.87179E1 -2.97436E1 -3.02564E1 -4.05128E1 -4.87179E1 -4.97436E1 -5.02564E1 -5.12821E1 -5.17949E1 -5.33333E1 -6.51282E1 -6.61538E1 -5.38462E1 -5.4359E1 -5.4359E1 -5.53846E1 -5.94872E1 -6.10256E1 -6.25641E1 -6.15385E1 -6.10256E1 -5.58974E1 -5.58974E1 -5.58974E1 -5.58974E1
-9999 -9999 3.99202E-2 9.98004E-2 5.98802E-2 7.98403E-2 7.98403E-2 5.98802E-2 9.98004E-2 1.1976E-1 9.98004E-2 1.79641E-1 1.39721E-1 9.98004E-2 9.98004E-2 1.1976E-1 9.98004E-2 9.98004E-2 7.98403E-2 3.99202E-2 5.98802E-2 5.98802E-2 3.99202E-2 -1.53846E0 -3.07692E0 -4.10256E0 -5.12821E0 -2.86533E0 -1.79487E1 -1.94872E1 -2.05128E1 -2.20513E1 -1.53846E1 -1.64103E1 -1.74359E1 -1.89744E1 -3.17949E1 -3.74359E1 -3.69231E1 -3.79487E1 -3.94872E1 -4.05128E1 -3.79487E1 -2.92308E1 -2.97436E1 -3.02564E1 -4.10256E1 -4.15385E1 -4.25641E1 -4.20513E1 -5.12821E1 -5.17949E1 -5.33333E1 -5.4359E1 -5.53846E1 -5.64103E1 -5.4359E1 -4.66667E1 -5.48718E1 -5.58974E1 -5.58974E1 -5.58974E1 -5.58974E1 -5.53846E1 -5.58974E1 -5.58974E1 -6.20513E1 -6.20513E1
-9999 -9999 9.98004E-2 9.98004E-2 5.98802E-2 1.1976E-1 9.98004E-2 2.79441E-1 1.79641E-1 1.1976E-1 9.98004E-2 9.98004E-2 2.79441E-1 2.39521E-1 1.39721E-1 9.98004E-2 9.98004E-2 9.98004E-2 7.98403E-2 7.98403E-2 1.99601E-2 5.98802E-2 3.99202E-2 1.99601E-2 -3.07692E0 -4.10256E0 -5.12821E0 -9.23077E0 -5.22127E0 -6.14454E0 -1.28205E1 -2.15385E1 -2.30769E1 -2.41026E1 -2.05128E1 -2.15385E1 -3.17949E1 -3.69231E1 -3.84615E1 -3.94872E1 -3.58974E1 -3.69231E1 -3.79487E1 -3.84615E1 -3.94872E1 -4.05128E1 -4.61538E1 -4E1 -4.10256E1 -4.20513E1 -5.02564E1 -5.17949E1 -5.17949E1 -5.28205E1 -5.33333E1 -6.15385E1 -6E1 -6.05128E1 -6.05128E1 -5.58974E1 -5.58974E1 -4.82051E1 -5.64103E1 -6.92308E1 -6.15385E1 -6.15385E1 -6.97436E1 -7.02564E1
-9999 -9999 1.39721E-1 1.1976E-1 5.98802E-2 9.98004E-2 3.39321E-1 4.39122E-1 3.99202E-1 3.39321E-1 2.59481E-1 9.98004E-2 1.39721E-1 1.1976E-1 9.98004E-2 9.98004E-2 9.98004E-2 9.98004E-2 9.98004E-2 7.98403E-2 5.98802E-2 1.99601E-2 -5.12821E-1 -1.53846E0 -3.07692E0 -1.02564E1 -5.12821E0 -2.64247E0 -1.74359E1 -1.89744E1 -1.28205E1 -2.15385E1 -2.30769E1 -2.41026E1 -2.51282E1 -2.66667E1 -3.4359E1 -2.10256E1 -1.84615E1 -1.94872E1 -3.28205E1 -3.38462E1 -3.48718E1 -4.41026E1 -4E1 -4.66667E1 -4.76923E1 -4.87179E1 -4.97436E1 -5.07692E1 -5.17949E1 -5.07692E1 -5.38462E1 -5.94872E1 -6.05128E1 -6.15385E1 -6.20513E1 -5.79487E1 -5.89744E1 -5.53846E1 -5.64103E1 -6.20513E1 -6.15385E1 -6.87179E1 -6.82051E1 -6.82051E1 -6.97436E1 -7.02564E1
-9999 -9999 3.99202E-2 7.98403E-2 7.98403E-2 5.98802E-2 1.1976E-1 4.39122E-1 2.39521E-1 9.98004E-2 9.98004E-2 9.98004E-2 1.39721E-1 1.1976E-1 9.98004E-2 9.98004E-2 9.98004E-2 9.98004E-2 7.98403E-2 7.98403E-2 5.98802E-2 5.98802E-2 3.99202E-2 1.99601E-2 -3.07692E0 1.99601E-2 -5.64103E0 -1.28205E1 -1.74359E1 -2.46154E1 -2.61538E1 -2.76923E1 -2.25641E1 -2.41026E1 -2.97436E1 -3.07692E1 -2.76923E1 -2.10256E1 -2.25641E1 -3.12821E1 -3.28205E1 -2.5641E1 -2.92308E1 -3.58974E1 -4E1 -4.46154E1 -4.76923E1 -5.28205E1 -5.4359E1 -5.07692E1 -5.17949E1 -5.28205E1 -5.33333E1 -5.48718E1 -5.53846E1 -6.15385E1 -5.74359E1 -5.79487E1 -5.89744E1 -6.10256E1 -6.92308E1 -6.20513E1 -6.20513E1 -6.92308E1 -6.87179E1 -6.20513E1 -6.20513E1 -6.20513E1
-9999 -9999 9.98004E-2 1.39721E-1 1.1976E-1 5.98802E-2 7.98403E-2 9.98004E-2 9.98004E-2 7.98403E-2 5.98802E-2 7.98403E-2 7.98403E-2 9.98004E-2 9.98004E-2 9.98004E-2 5.98802E-2 1.99601E-2 -8.20513E0 -2.5641E0 1.99601E-2 1.99601E-2 3.99202E-2 -2.86533E-1 -4.77555E-1 -4.10256E0 -1.17949E1 -1.28205E1 -2.25641E1 -2.35897E1 -2.51282E1 -2.10256E1 -2.25641E1 -2E1 -2.10256E1 -2.25641E1 -2.76923E1 -2.10256E1 -2.25641E1 -2.66667E1 -2.10256E1 -2.20513E1 -2.71795E1 -3.02564E1 -3.74359E1 -4.46154E1 -4.76923E1 -5.28205E1 -5.53846E1 -5.07692E1 -5.17949E1 -5.74359E1 -5.33333E1 -5.38462E1 -5.38462E1 -5.64103E1 -6E1 -5.53846E1 -6.10256E1 -6.46154E1 -6.5641E1 -6.66667E1 -6.82051E1 -6.76923E1 -6.20513E1 -5.58974E1 -6.15385E1 -6.15385E1
