ENM/Final_Models/M_1_F_lqp_Set_1_EC/Gustavia_santanderiensis_5_Choco_novel.asc
ncols         367
nrows         963
xllcorner     -78.6
yllcorner     0.65
cellsize      0.00833333333333323
NODATA_value  -9999
[rows 930 to 959 of 963, columns 68 to 135 of 367]
3.69298E0 5.25002E0 5.54946E0 4.73101E0 6.48767E0 6.38786E0 6.92684E0 6.28805E0 3.15401E0 2.33556E0 4.19204E-1 5.789E-1 7.78521E-1 1.59697E-1 1.79659E-1 6.18824E-1 8.58369E-1 1.27757E0 8.98293E-1 1.33746E0 1.79659E0 2.41541E0 3.23386E0 3.75287E0 3.57321E0 4.212E0 4.71105E0 4.69109E0 4.59128E0 4.53139E0 3.85268E0 3.21389E0 2.65496E0 2.55515E0 2.3156E0 2.65496E0 3.37359E0 3.39355E0 3.11408E0 2.63499E0 2.63499E0 3.27378E0 3.37359E0 3.0542E0 2.75477E0 3.07416E0 3.11408E0 3.07416E0 3.21389E0 3.43348E0 3.67302E0 4.31181E0 4.69109E0 4.73101E0 4.13215E0 4.53139E0 4.39166E0 4.51143E0 4.39166E0 4.51143E0 4.93063E0 6.9468E0 8.00479E0 8.60365E0 7.5257E0 8.98293E0 9.00289E0 8.1046E0
4.59128E0 4.49147E0 4.59128E0 4.59128E0 5.19014E0 5.34984E0 6.38786E0 5.0504E0 2.53518E0 2.23575E0 3.39355E-1 1.59697E-1 1.39735E-1 9.98104E-2 1.19772E-1 2.79469E-1 4.19204E-1 1.71674E0 1.55704E0 1.59697E0 2.55515E0 3.11408E0 3.57321E0 4.07226E0 4.0523E0 4.31181E0 3.97245E0 3.97245E0 3.97245E0 4.212E0 3.11408E0 2.67492E0 2.65496E0 2.55515E0 2.4753E0 2.87454E0 3.19393E0 3.39355E0 3.3137E0 2.91446E0 3.0542E0 3.67302E0 3.3137E0 3.01427E0 3.15401E0 2.91446E0 3.11408E0 3.07416E0 3.15401E0 3.37359E0 3.77283E0 4.09222E0 4.61124E0 4.41162E0 3.97245E0 4.93063E0 5.789E0 6.92684E0 6.38786E0 5.0504E0 5.58938E0 7.88502E0 6.9468E0 2.95439E0 2.4753E0 3.19393E0 7.40593E0 7.88502E0
2.59507E0 2.75477E0 3.81276E0 3.21389E0 3.97245E0 5.58938E0 7.34604E0 5.46961E0 2.55515E0 1.99621E0 1.23765E0 2.79469E-1 1.99621E-2 -7.4323E-1 7.98483E-2 1.39735E-1 2.79469E-1 1.3175E0 2.13594E0 2.17587E0 2.55515E0 3.15401E0 3.6331E0 4.23196E0 4.09222E0 3.61314E0 3.67302E0 3.51332E0 3.67302E0 3.69298E0 2.91446E0 2.67492E0 2.35552E0 2.63499E0 2.4753E0 2.33556E0 3.01427E0 3.27378E0 3.27378E0 3.07416E0 3.01427E0 3.27378E0 3.39355E0 3.97245E0 2.87454E0 2.63499E0 2.87454E0 3.0542E0 3.11408E0 3.37359E0 3.39355E0 3.39355E0 4.39166E0 4.13215E0 3.67302E0 5.25002E0 7.00669E0 7.34604E0 7.5257E0 7.60555E0 8.38407E0 7.06657E0 4.33177E0 2.17587E0 2.91446E0 2.35552E0 2.11598E0 1.85647E0
2.3156E0 3.67302E0 2.87454E0 2.51522E0 4.41162E0 6.90688E0 7.12646E0 4.75097E0 2.27568E0 1.55704E0 9.18255E-1 6.7871E-1 1.19772E-1 3.99241E-2 1.19772E-1 2.39545E-1 6.98673E-1 1.35742E0 1.11788E0 2.11598E0 2.45533E0 2.97435E0 3.67302E0 4.23196E0 4.39166E0 3.61314E0 3.43348E0 3.61314E0 3.11408E0 3.27378E0 2.4753E0 2.39545E0 2.35552E0 2.63499E0 2.55515E0 2.53518E0 2.97435E0 3.13405E0 3.27378E0 2.91446E0 2.53518E0 2.67492E0 3.07416E0 4.09222E0 2.97435E0 2.53518E0 2.65496E0 2.67492E0 3.11408E0 3.15401E0 3.19393E0 3.19393E0 3.21389E0 4.49147E0 5.07037E0 5.98862E0 7.44585E0 8.18445E0 8.24434E0 8.98293E0 7.48578E0 6.38786E0 5.2101E0 2.57511E0 2.53518E0 -9999 -9999 9.38217E-1
3.51332E0 2.4753E0 2.91446E0 2.67492E0 4.212E0 7.14642E0 4.93063E0 3.43348E0 1.51712E0 9.58179E-1 6.98673E-1 1.99621E-1 7.98483E-2 7.98483E-2 2.99431E-1 6.7871E-1 6.7871E-1 8.58369E-1 1.01807E0 1.37738E0 2.41541E0 3.3137E0 3.69298E0 4.13215E0 3.39355E0 3.85268E0 3.13405E0 3.07416E0 3.11408E0 2.39545E0 2.33556E0 2.33556E0 2.65496E0 2.65496E0 2.69488E0 2.67492E0 2.65496E0 2.97435E0 2.97435E0 2.87454E0 2.87454E0 3.0542E0 3.11408E0 3.11408E0 3.15401E0 2.91446E0 2.91446E0 2.65496E0 2.97435E0 3.0542E0 3.11408E0 3.39355E0 4.59128E0 5.19014E0 5.34984E0 5.76904E0 6.44775E0 8.66354E0 8.04471E0 8.02475E0 8.2643E0 7.16638E0 6.66733E0 4.55135E0 3.01427E0 -9999 -9999 -9999
1.81655E0 1.63689E0 1.577E0 2.21579E0 2.55515E0 5.15021E0 7.14642E0 3.77283E0 1.55704E0 1.59697E-1 3.19393E-1 1.79659E-1 1.19772E-1 7.98483E-2 7.98483E-2 1.19772E-1 2.39545E-1 4.19204E-1 9.58179E-1 1.1578E0 2.25571E0 3.0542E0 3.79279E0 3.85268E0 4.39166E0 3.43348E0 3.3137E0 2.91446E0 2.91446E0 2.59507E0 2.77473E0 2.29564E0 2.33556E0 2.91446E0 2.63499E0 3.0542E0 2.91446E0 2.63499E0 2.91446E0 3.11408E0 3.0542E0 3.0542E0 2.97435E0 2.59507E0 2.87454E0 2.69488E0 2.67492E0 2.91446E0 3.07416E0 3.13405E0 2.87454E0 3.39355E0 4.93063E0 5.789E0 4.73101E0 5.42968E0 6.80707E0 7.76525E0 5.13025E0 3.07416E0 5.76904E0 6.16828E0 6.38786E0 5.44965E0 2.41541E0 1.67681E0 -9999 -9999
-9999 -9999 1.49716E0 2.59507E0 3.97245E0 3.85268E0 6.2082E0 5.19014E0 1.43727E0 9.98104E-2 7.98483E-2 1.59697E-1 4.19204E-1 1.19772E-1 9.98104E-2 2.99431E-1 6.98673E-1 6.7871E-1 1.01807E0 1.43727E0 2.51522E0 3.17397E0 3.41351E0 3.03424E0 3.93253E0 3.51332E0 3.39355E0 3.0542E0 3.0542E0 2.75477E0 3.11408E0 2.87454E0 2.35552E0 3.0542E0 2.55515E0 3.0542E0 3.11408E0 3.0542E0 3.3137E0 3.39355E0 3.15401E0 3.27378E0 2.69488E0 2.51522E0 2.65496E0 2.75477E0 2.77473E0 2.67492E0 3.01427E0 3.13405E0 3.13405E0 3.3137E0 4.59128E0 5.90877E0 5.19014E0 6.92684E0 7.06657E0 7.40593E0 3.53329E0 1.63689E0 2.11598E0 3.0542E0 5.76904E0 5.88881E0 4.0523E0 1.45723E0 -9999 -9999
-9999 -9999 -9999 3.51332E0 4.53139E0 5.07037E0 6.06847E0 4.77094E0 1.63689E0 9.58179E-1 8.58369E-1 5.38976E-1 7.18635E-1 1.59697E-1 3.59317E-1 1.59697E-1 5.58938E-1 1.21769E0 1.3175E0 2.07606E0 2.07606E0 2.4753E0 3.03424E0 3.0542E0 3.93253E0 3.43348E0 3.57321E0 3.19393E0 3.0542E0 3.0542E0 3.0542E0 3.0542E0 2.59507E0 2.91446E0 2.69488E0 2.77473E0 3.11408E0 3.07416E0 3.37359E0 3.0542E0 3.07416E0 3.07416E0 3.11408E0 2.67492E0 2.65496E0 2.65496E0 2.91446E0 3.57321E0 2.87454E0 2.91446E0 3.13405E0 3.21389E0 4.09222E0 4.77094E0 4.77094E0 5.86885E0 7.06657E0 7.12646E0 2.09602E0 1.47719E0 1.1578E0 1.05799E0 2.07606E0 4.81086E0 3.97245E0 1.79659E0 -9999 -9999
-9999 -9999 -9999 -9999 5.42968E0 4.69109E0 -9999 -9999 -9999 -9999 -9999 -9999 7.18635E-1 1.79659E-1 5.789E-1 6.7871E-1 8.58369E-1 1.11788E0 1.13784E0 1.3175E0 2.1559E0 2.83461E0 3.03424E0 3.53329E0 3.8926E0 4.13215E0 4.01238E0 3.39355E0 3.19393E0 3.15401E0 2.97435E0 3.11408E0 3.61314E0 3.0542E0 2.87454E0 3.19393E0 3.39355E0 3.15401E0 3.3137E0 3.21389E0 3.39355E0 3.69298E0 3.0542E0 2.77473E0 3.0542E0 2.55515E0 2.87454E0 3.51332E0 3.81276E0 3.85268E0 3.57321E0 3.51332E0 4.69109E0 4.09222E0 4.71105E0 5.90877E0 6.7871E0 6.58748E0 3.59317E0 2.19583E0 1.87643E0 1.41731E0 9.38217E-1 2.35552E0 4.39166E0 2.23575E0 1.03803E0 9.78142E-1
-9999 -9999 -9999 -9999 -9999 -9999 -9999 -9999 -9999 -9999 -9999 -9999 -9999 -9999 -9999 9.18255E-1 1.51712E0 1.67681E0 1.85647E0 2.17587E0 2.55515E0 3.01427E0 3.8926E0 3.39355E0 3.67302E0 4.13215E0 3.97245E0 3.43348E0 3.51332E0 3.81276E0 3.19393E0 3.37359E0 3.8926E0 4.39166E0 4.07226E0 3.81276E0 3.69298E0 -9999 -9999 4.09222E0 3.8926E0 3.57321E0 3.11408E0 3.11408E0 2.67492E0 2.59507E0 3.57321E0 3.19393E0 3.75287E0 3.77283E0 4.77094E0 4.77094E0 4.81086E0 4.212E0 4.61124E0 5.76904E0 5.34984E0 5.90877E0 3.57321E0 2.75477E0 1.77662E0 1.69678E0 1.49716E0 7.78521E-1 1.75666E0 1.51712E0 1.7367E0 1.19772E0
-9999 -9999 -9999 -9999 -9999 -9999 -9999 -9999 -9999 -9999 -9999 -9999 -9999 -9999 -9999 -9999 -9999 1.67681E0 2.53518E0 2.67492E0 3.03424E0 3.15401E0 3.11408E0 3.19393E0 3.85268E0 3.77283E0 3.97245E0 4.09222E0 4.91067E0 4.69109E0 4.69109E0 -9999 -9999 -9999 4.51143E0 4.39166E0 -9999 -9999 -9999 -9999 -9999 3.97245E0 3.39355E0 3.51332E0 3.0542E0 3.61314E0 4.0523E0 4.09222E0 3.81276E0 3.97245E0 3.97245E0 4.59128E0 4.39166E0 4.09222E0 4.75097E0 5.58938E0 5.72911E0 5.64927E0 3.65306E0 2.85458E0 2.09602E0 1.67681E0 1.69678E0 6.7871E-1 1.51712E0 1.33746E0 1.03803E0 1.19772E0
-9999 -9999 -9999 -9999 -9999 -9999 -9999 -9999 -9999 -9999 -9999 -9999 -9999 -9999 -9999 -9999 -9999 -9999 -9999 3.0542E0 2.67492E0 3.11408E0 3.67302E0 3.97245E0 4.09222E0 3.97245E0 4.59128E0 -9999 -9999 -9999 -9999 -9999 -9999 -9999 -9999 -9999 -9999 -9999 -9999 -9999 -9999 -9999 4.59128E0 3.69298E0 3.15401E0 3.51332E0 3.69298E0 3.51332E0 3.97245E0 3.75287E0 3.8926E0 4.01238E0 4.212E0 4.81086E0 4.87075E0 5.46961E0 5.9487E0 5.90877E0 5.54946E0 4.17207E0 1.87643E0 1.67681E0 1.11788E0 1.11788E0 2.13594E0 1.87643E0 1.41731E0 6.18824E-1
-9999 -9999 -9999 -9999 -9999 -9999 -9999 -9999 -9999 -9999 -9999 -9999 -9999 -9999 -9999 -9999 -9999 -9999 -9999 2.23575E0 3.67302E0 4.09222E0 3.97245E0 4.07226E0 4.09222E0 4.0523E0 4.81086E0 -9999 -9999 -9999 -9999 -9999 -9999 -9999 -9999 -9999 -9999 -9999 -9999 -9999 -9999 -9999 -9999 -9999 4.09222E0 4.212E0 4.69109E0 3.97245E0 4.01238E0 4.09222E0 3.97245E0 4.51143E0 4.31181E0 4.51143E0 4.77094E0 5.34984E0 4.67112E0 3.81276E0 4.23196E0 2.19583E0 1.67681E0 9.38217E-1 9.98104E-1 7.38597E-1 1.41731E0 9.38217E-1 6.38786E-1 7.38597E-1
-9999 -9999 -9999 -9999 -9999 -9999 -9999 -9999 -9999 -9999 -9999 -9999 -9999 -9999 -9999 -9999 -9999 -9999 -9999 -9999 3.21389E0 4.69109E0 4.53139E0 4.51143E0 4.31181E0 4.95059E0 -9999 -9999 -9999 -9999 -9999 -9999 -9999 -9999 -9999 -9999 -9999 -9999 -9999 -9999 -9999 -9999 -9999 -9999 -9999 4.91067E0 4.75097E0 4.53139E0 4.69109E0 4.73101E0 4.95059E0 4.09222E0 4.49147E0 4.53139E0 4.69109E0 5.64927E0 4.65116E0 3.13405E0 2.55515E0 1.45723E0 1.63689E0 7.58559E-1 9.78142E-1 1.45723E0 8.38407E-1 4.39166E-1 2.59507E-1 2.39545E-1
-9999 -9999 -9999 -9999 -9999 -9999 -9999 -9999 -9999 -9999 -9999 -9999 -9999 -9999 -9999 -9999 -9999 -9999 -9999 -9999 3.07416E0 4.73101E0 4.89071E0 4.73101E0 -9999 -9999 -9999 -9999 -9999 -9999 -9999 -9999 -9999 -9999 -9999 -9999 -9999 -9999 -9999 -9999 -9999 -9999 -9999 -9999 -9999 4.39166E0 4.49147E0 4.71105E0 4.69109E0 4.212E0 5.25002E0 5.19014E0 4.87075E0 4.73101E0 4.95059E0 3.4734E0 3.91257E0 2.53518E0 1.37738E0 1.39735E0 1.09791E0 5.38976E-1 6.18824E-1 3.79279E-1 2.99431E-1 2.79469E-1 2.19583E-1 3.79279E-1
-9999 -9999 -9999 -9999 -9999 -9999 -9999 -9999 -9999 -9999 -9999 -9999 -9999 -9999 -9999 -9999 -9999 -9999 -9999 -9999 -9999 -9999 -9999 -9999 -9999 -9999 -9999 -9999 -9999 -9999 -9999 -9999 -9999 -9999 -9999 -9999 -9999 -9999 -9999 -9999 -9999 -9999 -9999 -9999 -9999 -9999 3.69298E0 3.97245E0 3.81276E0 4.01238E0 4.77094E0 5.07037E0 4.13215E0 4.57131E0 4.33177E0 2.55515E0 3.87264E0 2.91446E0 2.09602E0 4.7909E-1 7.78521E-1 8.58369E-1 3.79279E-1 2.99431E-1 -9999 -9999 -9999 -9999
-9999 -9999 -9999 -9999 -9999 -9999 -9999 -9999 -9999 -9999 -9999 -9999 -9999 -9999 -9999 -9999 -9999 -9999 -9999 -9999 -9999 -9999 -9999 -9999 -9999 -9999 -9999 -9999 -9999 -9999 -9999 -9999 -9999 -9999 -9999 -9999 -9999 -9999 -9999 -9999 -9999 -9999 -9999 -9999 -9999 -9999 4.31181E0 4.77094E0 4.51143E0 3.75287E0 4.69109E0 4.09222E0 3.65306E0 3.17397E0 3.99241E0 2.17587E0 2.55515E0 1.79659E0 9.38217E-1 3.79279E-1 2.99431E-1 2.19583E-1 2.99431E-1 5.98862E-2 -9999 -9999 -9999 -9999
-9999 -9999 -9999 -9999 -9999 -9999 -9999 -9999 -9999 -9999 -9999 -9999 -9999 -9999 -9999 -9999 -9999 -9999 -9999 -9999 -9999 -9999 -9999 -9999 -9999 -9999 -9999 -9999 -9999 -9999 -9999 -9999 -9999 -9999 -9999 -9999 -9999 -9999 -9999 -9999 -9999 -9999 -9999 -9999 -9999 4.09222E0 4.77094E0 4.39166E0 4.09222E0 4.212E0 4.09222E0 4.39166E0 4.69109E0 3.93253E0 2.63499E0 2.09602E0 1.41731E0 1.25761E0 7.18635E-1 3.79279E-1 4.99052E-1 2.79469E-1 1.79659E-1 -1.22365E-1 1.19772E-1 2.83461E0 -9999 -9999
-9999 -9999 -9999 -9999 -9999 -9999 -9999 -9999 -9999 -9999 -9999 -9999 -9999 -9999 -9999 -9999 -9999 -9999 -9999 -9999 -9999 -9999 -9999 -9999 -9999 -9999 -9999 -9999 -9999 -9999 -9999 -9999 -9999 -9999 -9999 -9999 -9999 -9999 -9999 -9999 -9999 -9999 -9999 -9999 4.71105E0 4.212E0 4.41162E0 4.59128E0 4.39166E0 4.73101E0 4.39166E0 4.29185E0 3.23386E0 2.69488E0 2.55515E0 2.37549E0 1.13784E0 7.78521E-1 6.58748E-1 2.79469E-1 1.99621E-1 5.98862E-2 1.19772E-1 7.98483E-2 1.99621E-1 1.41731E0 3.45344E0 3.49336E0
-9999 -9999 -9999 -9999 -9999 -9999 -9999 -9999 -9999 -9999 -9999 -9999 -9999 -9999 -9999 -9999 -9999 -9999 -9999 -9999 -9999 -9999 -9999 -9999 -9999 -9999 -9999 -9999 -9999 -9999 -9999 -9999 -9999 -9999 -9999 -9999 -9999 -9999 -9999 -9999 -9999 -9999 -9999 4.33177E0 5.0504E0 4.81086E0 4.59128E0 4.53139E0 4.41162E0 4.93063E0 4.35173E0 3.65306E0 2.03613E0 2.55515E0 2.07606E0 1.07795E0 4.99052E-1 2.79469E-1 2.99431E-1 1.19772E-1 1.19772E-1 7.98483E-2 2.59507E-1 6.18824E-1 2.21579E0 3.27378E0 2.09602E0 3.4734E0
-9999 -9999 -9999 -9999 -9999 -9999 -9999 -9999 -9999 -9999 -9999 -9999 -9999 -9999 -9999 -9999 -9999 -9999 -9999 -9999 -9999 -9999 -9999 -9999 -9999 -9999 -9999 -9999 -9999 -9999 -9999 -9999 -9999 -9999 -9999 -9999 -9999 -9999 -9999 -9999 -9999 -9999 2.79469E0 4.0523E0 5.46961E0 4.65116E0 5.19014E0 4.57131E0 4.55135E0 4.19204E0 3.13405E0 1.87643E0 2.09602E0 1.33746E0 9.38217E-1 6.38786E-1 2.59507E-1 1.99621E-1 1.39735E-1 3.99241E-2 5.98862E-2 1.19772E-1 2.79469E-1 9.38217E-1 1.69678E0 1.77662E0 1.37738E0 3.17397E0
-9999 -9999 -9999 -9999 -9999 -9999 -9999 -9999 -9999 -9999 -9999 -9999 -9999 -9999 -9999 -9999 -9999 -9999 -9999 -9999 -9999 -9999 -9999 -9999 -9999 -9999 -9999 -9999 -9999 -9999 -9999 -9999 -9999 -9999 -9999 -9999 -9999 -9999 -9999 -9999 -9999 4.81086E0 5.60934E0 4.0523E0 2.79469E0 2.57511E0 2.19583E0 2.09602E0 1.93632E0 1.8964E0 2.01617E0 1.61693E0 1.11788E0 6.38786E-1 4.19204E-1 4.39166E-1 1.99621E-1 1.19772E-1 1.39735E-1 5.98862E-2 -2.02649E-1 1.19772E-1 2.59507E-1 1.05799E0 2.55515E0 2.8945E0 1.87643E0 -9999
-9999 -9999 -9999 -9999 -9999 -9999 -9999 -9999 -9999 -9999 -9999 -9999 -9999 -9999 -9999 -9999 -9999 -9999 -9999 -9999 -9999 -9999 -9999 -9999 -9999 -9999 -9999 -9999 -9999 -9999 -9999 -9999 -9999 -9999 -9999 -9999 -9999 -9999 -9999 -9999 -9999 -9999 2.13594E0 1.41731E0 2.09602E0 1.37738E0 9.98104E-1 9.18255E-1 8.38407E-1 7.98483E-1 6.98673E-1 6.18824E-1 4.7909E-1 1.99621E-1 1.79659E-1 1.99621E-1 1.99621E-1 9.98104E-2 5.98862E-2 -3.29659E-1 7.98483E-2 4.7909E-1 1.41731E0 2.87454E0 1.45723E0 -9999 -9999 -9999
-9999 -9999 -9999 -9999 -9999 -9999 -9999 -9999 -9999 -9999 -9999 -9999 -9999 -9999 -9999 -9999 -9999 -9999 -9999 -9999 -9999 -9999 -9999 -9999 -9999 -9999 -9999 -9999 -9999 -9999 -9999 -9999 -9999 -9999 -9999 -9999 -9999 -9999 -9999 -9999 -9999 -9999 -9999 -9999 9.38217E-1 6.38786E-1 6.18824E-1 4.59128E-1 2.99431E-1 2.99431E-1 2.99431E-1 2.19583E-1 3.39355E-1 2.79469E-1 1.99621E-1 2.19583E-1 3.99241E-2 2.39545E-1 -4.45753E-3 2.79469E-1 2.79469E-1 5.58938E-1 1.19772E0 2.13594E0 -9999 -9999 -9999 -9999
-9999 -9999 -9999 -9999 -9999 -9999 -9999 -9999 -9999 -9999 -9999 -9999 -9999 -9999 -9999 -9999 -9999 -9999 -9999 -9999 -9999 -9999 -9999 -9999 -9999 -9999 -9999 -9999 -9999 -9999 -9999 -9999 -9999 -9999 -9999 -9999 -9999 -9999 -9999 -9999 -9999 -9999 -9999 -9999 -9999 3.79279E-1 6.18824E-1 4.59128E-1 1.99621E-1 1.19772E-1 2.79469E-1 4.39166E-1 6.18824E-1 3.99241E-1 2.79469E-1 1.19772E-1 3.59317E-1 6.18824E-1 1.59697E-1 1.99621E-1 1.99621E-1 2.99431E-1 -9999 -9999 -9999 -9999 -9999 -9999
-9999 -9999 -9999 -9999 -9999 -9999 -9999 -9999 -9999 -9999 -9999 -9999 -9999 -9999 -9999 -9999 -9999 -9999 -9999 -9999 -9999 -9999 -9999 -9999 -9999 -9999 -9999 -9999 -9999 -9999 -9999 -9999 -9999 -9999 -9999 -9999 -9999 -9999 -9999 -9999 -9999 -9999 -9999 -9999 -9999 1.1578E0 6.18824E-1 1.07795E0 3.59317E-1 1.99621E-1 1.99621E-1 3.79279E-1 8.98293E-1 2.99431E-1 4.59128E-1 1.19772E-1 3.59317E-1 1.09791E0 2.39545E-1 2.79469E-1 1.19772E-1 1.19772E-1 -9999 -9999 -9999 -9999 -9999 -9999
-9999 -9999 -9999 -9999 -9999 -9999 -9999 -9999 -9999 -9999 -9999 -9999 -9999 -9999 -9999 -9999 -9999 -9999 -9999 -9999 -9999 -9999 -9999 -9999 -9999 -9999 -9999 -9999 -9999 -9999 -9999 -9999 -9999 -9999 -9999 -9999 -9999 -9999 -9999 -9999 -9999 -9999 -9999 -9999 -9999 -9999 2.93442E0 2.55515E0 1.55704E0 7.38597E-1 2.99431E-1 3.59317E-1 4.19204E-1 2.79469E-1 2.99431E-1 1.99621E-1 1.99621E-1 4.7909E-1 2.99431E-1 3.79279E-1 4.59128E-1 -9999 -9999 -9999 -9999 -9999 -9999 -9999
-9999 -9999 -9999 -9999 -9999 -9999 -9999 -9999 -9999 -9999 -9999 -9999 -9999 -9999 -9999 -9999 -9999 -9999 -9999 -9999 -9999 -9999 -9999 -9999 -9999 -9999 -9999 -9999 -9999 -9999 -9999 -9999 -9999 -9999 -9999 -9999 -9999 -9999 -9999 -9999 -9999 -9999 -9999 -9999 -9999 -9999 -9999 -9999 -9999 1.41731E0 6.7871E-1 2.59507E-1 2.99431E-1 1.59697E-1 1.19772E-1 1.99621E-1 1.79659E-1 1.99621E-1 2.79469E-1 2.79469E-1 -9999 -9999 -9999 -9999 -9999 -9999 -9999 -9999
-9999 -9999 -9999 -9999 -9999 -9999 -9999 -9999 -9999 -9999 -9999 -9999 -9999 -9999 -9999 -9999 -9999 -9999 -9999 -9999 -9999 -9999 -9999 -9999 -9999 -9999 -9999 -9999 -9999 -9999 -9999 -9999 -9999 -9999 -9999 -9999 -9999 -9999 -9999 -9999 -9999 -9999 -9999 -9999 -9999 -9999 -9999 -9999 -9999 -9999 1.33746E0 6.58748E-1 4.39166E-1 3.59317E-1 2.39545E-1 1.39735E-1 1.59697E-1 1.59697E-1 2.39545E-1 -9999 -9999 -9999 -9999 -9999 -9999 -9999 -9999 -9999
-9999 -9999 -9999 -9999 -9999 -9999 -9999 -9999 -9999 -9999 -9999 -9999 -9999 -9999 -9999 -9999 -9999 -9999 -9999 -9999 -9999 -9999 -9999 -9999 -9999 -9999 -9999 -9999 -9999 -9999 -9999 -9999 -9999 -9999 -9999 -9999 -9999 -9999 -9999 -9999 -9999 -9999 -9999 -9999 -9999 -9999 -9999 -9999 -9999 -9999 -9999 -9999 2.99431E-1 1.19772E-1 1.19772E-1 1.19772E-1 1.19772E-1 2.79469E-1 2.79469E-1 -9999 -9999 -9999 -9999 -9999 -9999 -9999 -9999 -9999
