ENM/Final_Models/M_1_F_lqp_Set_1_EC/Gustavia_santanderiensis_3_Choco.asc
ncols         367
nrows         963
xllcorner     -78.6
yllcorner     0.65
cellsize      0.00833333333333323
NODATA_value  -9999
[rows 630 to 659 of 963, columns 134 to 200 of 367]
-9999 -9999 -9999 -9999 -9999 -9999 -9999 -9999 -9999 -9999 -9999 -9999 -9999 -9999 -9999 -9999 -9999 -9999 -9999 -9999 -9999 -9999 -9999 -9999 -9999 -9999 -9999 3.39841E-2 4.45787E-2 3.78769E-2 1.95558E-2 2.47147E-2 2.20353E-2 1.54266E-2 2.46293E-2 2.42561E-2 2.21585E-2 2.27414E-2 1.33968E-2 1.97514E-2 1.15413E-2 5.32343E-2 7.0414E-2 4.36324E-2 4.3009E-2 3.01295E-2 6.25526E-2 2.77904E-1 2.28045E-1 1.51535E-1 4.95309E-3 6.93558E-3 8.9825E-3 1.48131E-2 2.16679E-2 6.61263E-3 3.91461E-3 6.61269E-3 4.43667E-2 3.86743E-2 3.26277E-2 1.56522E-2 1.90397E-2 3.51293E-3 9.54281E-3 2.58169E-3 3.33278E-3
-9999 -9999 -9999 -9999 -9999 -9999 -9999 -9999 -9999 -9999 -9999 -9999 -9999 -9999 -9999 -9999 -9999 -9999 -9999 -9999 -9999 -9999 -9999 -9999 -9999 -9999 2.72033E-2 3.17471E-2 2.07744E-2 1.7921E-2 2.01092E-2 2.54969E-2 2.86382E-2 2.72381E-2 2.87393E-2 2.43895E-2 2.43134E-2 2.0737E-2 1.68958E-2 7.94124E-3 7.45452E-3 1.00009E-2 4.25793E-3 2.78367E-3 8.07676E-3 1.37704E-2 1.80955E-2 4.53349E-2 2.84006E-2 8.08976E-2 1.08809E-2 1.07767E-2 4.65043E-3 6.50856E-3 8.60652E-3 8.30928E-3 9.68416E-3 9.0588E-3 8.76305E-3 5.67812E-3 2.14981E-2 2.70063E-2 4.46114E-3 2.71734E-2 3.78768E-3 5.21335E-3 1.17658E-3
-9999 -9999 -9999 -9999 -9999 -9999 -9999 -9999 -9999 -9999 -9999 -9999 -9999 -9999 -9999 -9999 -9999 -9999 -9999 -9999 -9999 -9999 -9999 -9999 -9999 -9999 3.79447E-2 2.98567E-2 3.56273E-2 3.17414E-2 2.80833E-2 1.96496E-2 2.68695E-2 2.79352E-2 2.788E-2 2.73695E-2 2.28884E-2 1.4161E-2 2.02802E-2 6.14433E-3 3.88262E-3 9.35728E-3 2.20164E-2 8.43447E-3 5.76102E-3 7.57803E-3 1.17524E-2 4.75357E-2 4.70434E-2 5.42036E-3 9.52183E-3 1.44467E-2 1.00262E-2 6.57953E-3 8.77227E-3 1.4146E-2 4.026E-3 9.16312E-3 7.31763E-3 8.96545E-3 4.39448E-3 3.0677E-3 9.45988E-3 9.54985E-3 9.61053E-3 5.0826E-3 9.15287E-3
-9999 -9999 -9999 -9999 -9999 -9999 -9999 -9999 -9999 -9999 -9999 -9999 -9999 -9999 -9999 -9999 -9999 -9999 -9999 -9999 -9999 -9999 -9999 -9999 -9999 2.83946E-2 3.21817E-2 3.0171E-2 4.08688E-2 3.49395E-2 3.39874E-2 1.89705E-2 3.00457E-2 2.61829E-2 2.6667E-2 2.11199E-2 2.58442E-2 2.90357E-2 2.64642E-2 1.1601E-2 3.19716E-3 1.10335E-2 1.21882E-2 8.08783E-3 8.37728E-3 1.35932E-2 1.91714E-2 1.30157E-1 1.94478E-1 1.10677E-1 6.66507E-3 8.48037E-3 1.97737E-2 2.35279E-2 1.55802E-1 4.83953E-2 1.32708E-1 3.96122E-3 4.05251E-3 4.14388E-3 1.90527E-3 2.67434E-3 4.16858E-3 5.36987E-3 1.00202E-2 2.77374E-3 9.1633E-3
-9999 -9999 -9999 -9999 -9999 -9999 -9999 -9999 -9999 -9999 -9999 -9999 -9999 -9999 -9999 -9999 -9999 -9999 -9999 -9999 -9999 -9999 -9999 -9999 -9999 2.76295E-2 3.4179E-2 2.63884E-2 3.95065E-2 3.78369E-2 3.26526E-2 2.86828E-2 3.60161E-2 2.47308E-2 2.00778E-2 2.07206E-2 1.997E-2 1.90997E-2 2.89932E-2 1.52911E-2 4.32727E-3 2.15649E-2 1.9202E-2 6.64918E-3 3.78627E-3 8.91987E-3 1.31856E-2 2.68905E-2 1.27899E-1 4.57494E-3 8.67928E-3 9.66105E-3 5.90298E-3 8.73432E-3 6.47016E-3 1.48487E-2 3.36916E-2 4.00844E-3 6.37326E-3 7.44174E-3 3.67108E-3 3.84721E-3 6.884E-3 1.01366E-2 8.39912E-3 5.06333E-3 7.18121E-3
-9999 -9999 -9999 -9999 -9999 -9999 -9999 -9999 -9999 -9999 -9999 -9999 -9999 -9999 -9999 -9999 -9999 -9999 -9999 -9999 -9999 -9999 -9999 -9999 -9999 4.17363E-2 3.38245E-2 2.92831E-2 3.13363E-2 2.66285E-2 3.7543E-2 2.2786E-2 3.34061E-2 2.92721E-2 1.99221E-2 2.94239E-2 1.43835E-2 1.28662E-2 1.74004E-2 5.94749E-3 9.22115E-4 1.07656E-2 6.73628E-3 2.78621E-3 4.36766E-3 5.49475E-3 3.87899E-3 1.80239E-2 5.29869E-3 1.50118E-2 1.43719E-2 1.44886E-2 8.10842E-3 3.82193E-3 6.1922E-3 4.39002E-3 6.5704E-3 5.48112E-3 4.95958E-3 3.59196E-3 3.0239E-3 3.25781E-3 4.03675E-3 3.51343E-3 5.0687E-3 3.8614E-3 1.8218E-3
-9999 -9999 -9999 -9999 -9999 -9999 -9999 -9999 -9999 -9999 -9999 -9999 -9999 -9999 -9999 -9999 -9999 -9999 -9999 -9999 -9999 -9999 -9999 -9999 3.2851E-2 3.78925E-2 4.04827E-2 3.53968E-2 2.40401E-2 1.99318E-2 2.17148E-2 2.69121E-2 2.11911E-2 4.66072E-2 2.6033E-2 2.18607E-2 1.3078E-2 2.20655E-2 1.5738E-2 4.48443E-3 5.69449E-3 3.08877E-3 1.06158E-3 3.54129E-3 3.1671E-3 1.08803E-2 9.43801E-3 6.4236E-3 1.18778E-2 6.87167E-3 8.10237E-3 1.47817E-2 6.68857E-3 4.46086E-3 2.28412E-3 3.83466E-3 3.55517E-3 7.05977E-3 4.57386E-3 3.08521E-3 2.26551E-3 3.19305E-3 3.60173E-3 5.40177E-3 1.55674E-2 7.03307E-3 1.31251E-3
-9999 -9999 -9999 -9999 -9999 -9999 -9999 -9999 -9999 -9999 -9999 -9999 -9999 -9999 -9999 -9999 -9999 -9999 -9999 -9999 -9999 -9999 -9999 3.283E-2 3.97054E-2 4.11243E-2 2.86673E-2 4.7033E-2 2.77189E-2 2.93947E-2 2.64821E-2 2.41326E-2 2.9809E-2 2.21957E-2 2.05271E-2 3.47289E-2 3.24573E-2 2.82863E-2 1.83225E-2 2.56779E-3 3.12474E-3 3.16302E-3 1.52881E-3 6.97416E-4 1.85168E-3 2.10928E-3 1.15234E-2 9.03792E-3 5.1419E-2 1.94654E-2 1.76735E-2 1.22395E-2 2.30333E-3 4.60534E-3 4.59067E-3 3.75577E-3 2.84951E-3 4.46286E-3 5.75202E-3 5.03347E-3 4.04898E-3 3.90139E-3 3.80795E-3 2.8915E-3 4.46475E-3 2.74846E-3 4.81728E-3
-9999 -9999 -9999 -9999 -9999 -9999 -9999 -9999 -9999 -9999 -9999 -9999 -9999 -9999 -9999 -9999 -9999 -9999 -9999 -9999 -9999 -9999 -9999 3.51201E-2 3.35047E-2 3.93058E-2 2.59016E-2 3.71915E-2 3.47835E-2 2.5715E-2 2.99814E-2 3.46619E-2 2.34926E-2 2.89246E-2 4.40048E-2 1.60405E-2 3.95549E-2 1.10407E-1 2.01035E-2 2.81383E-3 1.25773E-3 7.90501E-4 3.88221E-4 1.3325E-3 2.55702E-3 2.80102E-3 9.74205E-3 1.11335E-1 2.76533E-2 6.36624E-2 9.28828E-3 2.16345E-2 3.93675E-3 3.10303E-3 3.74202E-3 3.46178E-3 1.46903E-2 4.51726E-3 4.35705E-3 2.39011E-2 2.59911E-2 2.29135E-3 3.1627E-3 3.1877E-3 5.23827E-3 5.07879E-3 2.31131E-3
-9999 -9999 -9999 -9999 -9999 -9999 -9999 -9999 -9999 -9999 -9999 -9999 -9999 -9999 -9999 -9999 -9999 -9999 -9999 -9999 -9999 -9999 4.30004E-2 4.82056E-2 3.62054E-2 3.92227E-2 4.82416E-2 2.99607E-2 4.08841E-2 3.09328E-2 2.39907E-2 2.33691E-2 2.22786E-2 3.08572E-2 4.52832E-2 3.13003E-2 2.90685E-2 1.00297E-2 2.22325E-2 1.46415E-2 2.45505E-3 4.7952E-3 1.13469E-2 4.85321E-3 5.23219E-3 8.16711E-3 1.11104E-2 7.80111E-3 5.15571E-2 8.48154E-3 6.41525E-3 1.16189E-2 3.00665E-3 2.36696E-3 3.30161E-3 2.65556E-3 6.94827E-3 9.40972E-3 2.37846E-3 2.04755E-3 2.49191E-2 2.34252E-2 2.94229E-3 4.88391E-3 6.28813E-3 4.6108E-3 2.64542E-3
-9999 -9999 -9999 -9999 -9999 -9999 -9999 -9999 -9999 -9999 -9999 -9999 -9999 -9999 -9999 -9999 -9999 -9999 -9999 -9999 -9999 3.03276E-2 4.74103E-2 3.86287E-2 3.9887E-2 3.9639E-2 4.37703E-2 3.5376E-2 4.01833E-2 2.90591E-2 2.65379E-2 1.70628E-2 1.61573E-2 1.60268E-2 2.96457E-2 2.66721E-2 1.97055E-2 9.01664E-3 2.54629E-2 7.04172E-2 2.25445E-2 6.81927E-2 1.48383E-2 9.70779E-3 1.02169E-3 9.97793E-3 9.46924E-3 1.90809E-2 3.68812E-2 1.93586E-2 9.6422E-3 8.96554E-3 5.91168E-3 1.57708E-2 4.63503E-3 1.4101E-3 2.45287E-3 2.99217E-2 1.82604E-3 2.6234E-3 3.36743E-3 4.17286E-2 3.0495E-2 4.3403E-2 1.35618E-2 7.73139E-3 3.73036E-3
-9999 -9999 -9999 -9999 -9999 -9999 -9999 -9999 -9999 -9999 -9999 -9999 -9999 -9999 -9999 -9999 -9999 -9999 -9999 -9999 -9999 4.69356E-2 5.32214E-2 3.76863E-2 3.18276E-2 3.39766E-2 4.16983E-2 2.87897E-2 3.16815E-2 2.1221E-2 1.72076E-2 2.55912E-2 1.99446E-2 1.89809E-2 1.74986E-2 1.01705E-2 1.02858E-2 9.29632E-3 1.90116E-2 4.59334E-2 4.21189E-2 7.04621E-2 3.50911E-2 5.5231E-3 4.86044E-3 1.68825E-3 1.85135E-2 8.02174E-3 1.6105E-2 2.0676E-2 9.49172E-3 2.98121E-3 1.34476E-3 1.41259E-2 7.47302E-3 2.38041E-3 2.18404E-3 8.42836E-3 4.5765E-3 3.08341E-3 8.29716E-3 2.06412E-3 1.05531E-2 6.71212E-3 1.2109E-3 4.21327E-4 5.79076E-5
-9999 -9999 -9999 -9999 -9999 -9999 -9999 -9999 -9999 -9999 -9999 -9999 -9999 -9999 -9999 -9999 -9999 -9999 -9999 -9999 5.08206E-2 4.3142E-2 4.6748E-2 3.68045E-2 4.49835E-2 4.60637E-2 3.77803E-2 3.50231E-2 2.55769E-2 1.77599E-2 1.88605E-2 2.53717E-2 2.8041E-2 1.85803E-2 1.35269E-2 3.65695E-2 2.37178E-2 8.94971E-3 4.08378E-2 5.43354E-2 3.13759E-2 4.17355E-3 2.053E-3 3.2907E-3 7.06662E-3 5.22335E-3 1.50509E-2 1.22099E-2 1.61924E-2 2.0891E-2 1.04008E-2 2.77506E-3 3.09807E-3 3.05363E-3 6.37255E-2 5.0826E-3 2.22068E-3 6.17794E-3 3.28955E-3 4.00756E-3 8.56094E-3 2.05763E-2 3.00242E-3 1.33243E-3 1.98344E-4 1.33531E-4 4.79246E-5
-9999 -9999 -9999 -9999 -9999 -9999 -9999 -9999 -9999 -9999 -9999 -9999 -9999 -9999 -9999 -9999 -9999 -9999 -9999 -9999 4.18055E-2 4.77565E-2 3.34548E-2 4.24516E-2 4.33967E-2 4.21415E-2 2.93169E-2 3.21628E-2 1.85284E-2 3.2097E-2 2.37618E-2 2.86304E-2 2.27408E-2 1.99761E-2 1.51779E-2 1.87683E-2 2.3475E-2 6.363E-2 1.35659E-2 1.24109E-2 2.09793E-2 3.62076E-3 1.40696E-2 1.41955E-2 7.48951E-3 5.53883E-3 1.5583E-2 2.19388E-2 2.55251E-2 2.18057E-2 1.52316E-2 1.18851E-2 6.78097E-3 2.26866E-3 5.73021E-3 1.69505E-2 1.0373E-2 2.94964E-2 7.82589E-2 1.19827E-2 2.47758E-2 1.12558E-2 1.47096E-2 4.62674E-3 1.7251E-4 2.09252E-4 1.74577E-4
-9999 -9999 -9999 -9999 -9999 -9999 -9999 -9999 -9999 -9999 -9999 -9999 -9999 -9999 -9999 -9999 -9999 -9999 -9999 4.78036E-2 6.02782E-2 4.04728E-2 4.35785E-2 3.08626E-2 2.62893E-2 3.22425E-2 3.06879E-2 3.88374E-2 4.54163E-2 2.7582E-2 2.2377E-2 2.64579E-2 8.00622E-3 1.61898E-2 1.09219E-1 8.9654E-2 3.96791E-2 4.83166E-2 2.19981E-2 3.10443E-2 2.03049E-2 1.46439E-2 1.92525E-2 2.60923E-2 4.40108E-2 6.1561E-2 2.00199E-2 1.14677E-2 1.95188E-2 3.22766E-2 2.45022E-2 1.69241E-2 1.24665E-2 5.00427E-3 4.74164E-3 2.64638E-3 2.61408E-3 2.70099E-3 4.78244E-3 3.61617E-2 5.67446E-2 2.82286E-2 2.55147E-2 1.00855E-2 5.42096E-4 1.02499E-3 1.61565E-4
-9999 -9999 -9999 -9999 -9999 -9999 -9999 -9999 -9999 -9999 -9999 -9999 -9999 -9999 -9999 -9999 -9999 -9999 -9999 4.69214E-2 5.73643E-2 5.36893E-2 3.96378E-2 3.8627E-2 2.62724E-2 3.55983E-2 3.35464E-2 3.90039E-2 3.76405E-2 1.95795E-2 2.00014E-2 2.84632E-2 3.7561E-2 2.62681E-2 1.71076E-1 8.57055E-2 1.17326E-2 2.2534E-2 2.44242E-2 4.69112E-2 3.11623E-2 2.33445E-2 1.8452E-2 3.82746E-2 3.6768E-2 2.53435E-2 2.90393E-2 8.65955E-3 7.95289E-3 2.17794E-2 1.5791E-2 1.58856E-2 1.60758E-2 1.35615E-2 1.42226E-2 4.91351E-3 9.45373E-3 3.1721E-3 1.92909E-3 1.69977E-3 4.91076E-2 1.78622E-2 9.2699E-3 2.64066E-2 3.21658E-3 1.63143E-3 2.21176E-3
-9999 -9999 -9999 -9999 -9999 -9999 -9999 -9999 -9999 -9999 -9999 -9999 -9999 -9999 -9999 -9999 -9999 -9999 6.01129E-2 5.10227E-2 6.13902E-2 6.11887E-2 5.18713E-2 4.07279E-2 4.12202E-2 2.80867E-2 2.69049E-2 2.80099E-2 2.97637E-2 2.1463E-2 1.78401E-2 4.44168E-2 1.69743E-2 1.9799E-2 2.24099E-2 7.47052E-3 4.53633E-3 4.31892E-3 6.07989E-3 4.87385E-3 2.39473E-2 6.0604E-2 1.05072E-2 1.96055E-2 6.31057E-2 2.78525E-2 3.67766E-2 1.33168E-2 9.07432E-3 1.35685E-2 3.4337E-2 1.4423E-2 9.4438E-3 8.18937E-3 1.36125E-2 5.44211E-3 6.52635E-3 8.0001E-3 1.93221E-3 2.52604E-3 8.0649E-2 2.15896E-2 4.81088E-3 1.61616E-2 5.78179E-3 1.08389E-2 9.1665E-3
-9999 -9999 -9999 -9999 -9999 -9999 -9999 -9999 -9999 -9999 -9999 -9999 -9999 -9999 -9999 -9999 -9999 -9999 4.57321E-2 4.63357E-2 5.42611E-2 4.86637E-2 4.37857E-2 3.47541E-2 2.87749E-2 1.9168E-2 3.73111E-2 3.434E-2 1.83318E-2 2.01926E-2 2.09827E-2 4.63042E-2 2.4441E-2 3.21991E-2 3.05591E-2 8.43638E-3 9.17285E-3 5.289E-3 7.84905E-3 9.40343E-3 1.20928E-2 1.23375E-2 8.42387E-3 7.89901E-3 2.90398E-2 5.34202E-2 2.69221E-2 1.29367E-2 1.45289E-2 3.49327E-2 3.75345E-2 3.60032E-2 1.43562E-2 1.27647E-2 5.78238E-3 5.06849E-3 1.2335E-2 6.22254E-3 6.50273E-3 3.49638E-2 1.10033E-2 2.7774E-3 2.15927E-3 1.49564E-3 1.41999E-2 6.36143E-2 2.09195E-2
-9999 -9999 -9999 -9999 -9999 -9999 -9999 -9999 -9999 -9999 -9999 -9999 -9999 -9999 -9999 -9999 -9999 3.64621E-2 5.03772E-2 3.48765E-2 4.56389E-2 4.65785E-2 5.75986E-2 3.42182E-2 3.04129E-2 2.58924E-2 3.56331E-2 4.08392E-2 2.07471E-2 3.17816E-2 2.40647E-2 1.39631E-2 1.76295E-2 4.71635E-2 2.31878E-2 4.07991E-3 7.50967E-3 2.82551E-3 2.08626E-2 3.79655E-3 2.82015E-3 4.29235E-3 3.77881E-3 3.70208E-3 4.81975E-3 1.71324E-2 1.28865E-2 1.75183E-2 3.89327E-2 3.84274E-2 1.34517E-2 1.91339E-2 2.55134E-2 3.94904E-2 2.78036E-2 9.77806E-3 1.69375E-2 6.56892E-3 3.96321E-2 2.72301E-2 4.6211E-2 3.40313E-2 9.23853E-4 8.1908E-4 2.22563E-3 1.20675E-3 7.12025E-4
-9999 -9999 -9999 -9999 -9999 -9999 -9999 -9999 -9999 -9999 -9999 -9999 -9999 -9999 -9999 -9999 5.29086E-2 3.66736E-2 2.85306E-2 4.46196E-2 3.83638E-2 4.0857E-2 3.7653E-2 3.51791E-2 4.07712E-2 3.47341E-2 4.04732E-2 3.04711E-2 2.52012E-2 2.69932E-2 2.08003E-2 2.02219E-2 2.7728E-2 2.11355E-2 1.48888E-2 5.71016E-3 1.33264E-2 3.88221E-3 9.74809E-3 6.16276E-3 2.36319E-2 2.52728E-3 3.63596E-3 1.32189E-2 6.36385E-3 1.04425E-2 1.42126E-2 3.42199E-3 7.6111E-3 1.56998E-2 4.76939E-2 2.98647E-2 8.03127E-3 1.64415E-2 1.83261E-2 1.55174E-2 1.47049E-2 4.08895E-2 4.9298E-2 7.11243E-3 5.23489E-3 2.58893E-3 1.56779E-3 6.02366E-4 5.7851E-4 1.54826E-3 1.64927E-3
-9999 -9999 -9999 -9999 -9999 -9999 -9999 -9999 -9999 -9999 -9999 -9999 -9999 -9999 -9999 2.57332E-2 4.93579E-2 3.94775E-2 3.36153E-2 4.58798E-2 4.50673E-2 3.53205E-2 3.15074E-2 3.53998E-2 4.39171E-2 2.29426E-2 2.63334E-2 3.24605E-2 2.02358E-2 3.84447E-2 4.93732E-2 6.30552E-2 3.15355E-2 1.96483E-2 5.38951E-3 1.52334E-2 1.02818E-2 6.12577E-3 8.63346E-3 7.92822E-3 2.57428E-2 3.78101E-3 1.82068E-2 2.19081E-2 1.14343E-2 5.10433E-2 6.19773E-2 7.82304E-3 2.8284E-2 2.5552E-2 1.12269E-2 1.10264E-2 3.09828E-3 3.73752E-3 5.73557E-3 5.81942E-3 8.59905E-3 8.56275E-2 2.27523E-2 8.75376E-3 5.13923E-3 3.7934E-3 2.03372E-3 1.55016E-4 9.71226E-5 5.92688E-4 2.17191E-3
-9999 -9999 -9999 -9999 -9999 -9999 -9999 -9999 -9999 -9999 -9999 -9999 -9999 4.8956E-2 4.09358E-2 3.0259E-2 4.27741E-2 3.40122E-2 3.29326E-2 3.26673E-2 3.85042E-2 3.44075E-2 3.44944E-2 4.14824E-2 4.12418E-2 5.01642E-2 3.16558E-2 2.74091E-2 3.3818E-2 4.44132E-2 5.19552E-2 4.35625E-2 2.62551E-2 1.13429E-2 1.03502E-2 9.74348E-3 2.05912E-2 2.47817E-2 3.3255E-2 2.13288E-2 2.53863E-2 8.45348E-3 1.78204E-2 2.77444E-2 1.84685E-2 1.44066E-2 3.31591E-2 2.81594E-2 4.19114E-2 1.38146E-2 3.34369E-3 5.6308E-3 3.73353E-3 7.21663E-3 9.65367E-3 8.71169E-3 1.33399E-2 8.53737E-3 6.89227E-2 8.61106E-2 3.26324E-2 8.13049E-3 1.631E-3 3.93377E-3 1.70649E-4 2.18406E-3 3.42312E-2
-9999 -9999 -9999 -9999 -9999 -9999 -9999 -9999 -9999 -9999 -9999 -9999 5.57763E-2 4.45821E-2 4.05048E-2 4.20245E-2 3.99428E-2 3.49183E-2 3.96341E-2 3.80658E-2 3.94786E-2 3.11033E-2 5.24407E-2 3.82565E-2 4.19984E-2 4.35011E-2 4.79439E-2 3.98787E-2 5.04132E-2 2.35933E-2 4.71205E-2 6.1293E-2 4.15398E-2 1.25327E-2 1.20382E-2 1.17438E-2 1.84457E-2 2.74255E-2 1.5863E-2 2.14388E-2 1.1917E-2 6.70122E-3 7.6112E-3 1.22013E-2 7.30795E-3 2.18028E-2 3.94282E-2 4.10614E-2 2.0256E-2 6.75178E-3 1.75383E-3 2.29069E-3 2.8557E-3 5.10038E-3 6.81669E-3 6.90742E-3 3.07737E-3 3.61062E-3 1.48631E-1 1.14953E-1 7.84E-2 2.33103E-2 3.13432E-3 3.97588E-3 4.25821E-3 7.02649E-3 1.2378E-2
-9999 -9999 -9999 -9999 -9999 -9999 -9999 -9999 -9999 -9999 -9999 6.49232E-2 6.08132E-2 5.08845E-2 4.80967E-2 3.97371E-2 3.94918E-2 4.08113E-2 4.30561E-2 3.13115E-2 2.78303E-2 5.37654E-2 4.12063E-2 3.79128E-2 3.50171E-2 3.86206E-2 5.15732E-2 4.98201E-2 5.82016E-2 4.71518E-2 4.92061E-2 3.51573E-2 4.25686E-2 1.28879E-2 1.35764E-2 8.41656E-3 8.24623E-3 1.49702E-2 7.59115E-3 3.4604E-2 2.10254E-2 8.33306E-3 1.28939E-2 3.28597E-2 1.41668E-2 2.82923E-2 4.19905E-2 3.56573E-2 1.90218E-2 7.22121E-3 2.94204E-3 1.99821E-3 1.59247E-3 3.13848E-3 2.66777E-3 3.87203E-3 2.01374E-3 2.34475E-3 3.05097E-2 3.93026E-2 1.07147E-1 5.6553E-2 1.83212E-2 1.3158E-2 6.46365E-3 4.88472E-3 9.43537E-3
-9999 -9999 -9999 -9999 -9999 -9999 -9999 -9999 -9999 -9999 -9999 5.03757E-2 4.1683E-2 4.61263E-2 6.92352E-2 5.13503E-2 4.72159E-2 4.21372E-2 3.174E-2 3.15071E-2 2.89547E-2 4.32022E-2 4.46849E-2 5.53735E-2 4.46625E-2 4.30635E-2 4.11784E-2 2.29752E-2 4.30794E-2 3.90881E-2 5.31963E-2 4.97916E-2 3.59863E-2 1.99597E-2 1.31189E-2 8.46576E-3 4.76533E-3 4.84528E-3 1.22746E-2 8.80993E-3 1.43121E-2 8.10611E-3 3.008E-2 1.95533E-2 1.66907E-2 4.36788E-2 3.09383E-2 3.99221E-2 1.60985E-2 1.35809E-2 4.56465E-3 5.05796E-3 1.07479E-3 7.76326E-3 1.18592E-2 1.69547E-3 1.46908E-2 1.04929E-2 1.91062E-3 1.88353E-2 4.45735E-2 8.43941E-2 3.26993E-2 2.43023E-2 2.1749E-2 5.65053E-3 6.99039E-3
-9999 -9999 -9999 -9999 -9999 -9999 -9999 -9999 -9999 -9999 -9999 8.08766E-2 7.26374E-2 6.68179E-2 5.94249E-2 6.03435E-2 5.54932E-2 6.39462E-2 5.06759E-2 3.86654E-2 3.65676E-2 3.99649E-2 4.02301E-2 4.64372E-2 7.82119E-2 4.15083E-2 3.28245E-2 4.21303E-2 4.78329E-2 4.07877E-2 2.84274E-2 3.01409E-2 4.91851E-2 8.1548E-3 2.67326E-2 1.59018E-2 5.33485E-3 4.71596E-3 7.84092E-3 9.46212E-3 1.8965E-2 2.84733E-2 3.02978E-2 3.33356E-2 1.9803E-2 1.63224E-2 2.3066E-2 3.81825E-2 2.67153E-2 1.43396E-2 1.02533E-2 7.97826E-3 5.90848E-3 3.22743E-2 1.54574E-2 8.87871E-3 4.63711E-3 1.13171E-3 1.90955E-3 2.66086E-3 1.13499E-2 1.47832E-2 1.94709E-2 3.26766E-2 3.13511E-2 1.84052E-2 3.7471E-2
-9999 -9999 -9999 -9999 -9999 -9999 -9999 -9999 -9999 7.80281E-2 7.34135E-2 6.94543E-2 7.98998E-2 7.17547E-2 5.68859E-2 5.99341E-2 5.29132E-2 5.29061E-2 5.51699E-2 4.61609E-2 4.01543E-2 4.20874E-2 4.66207E-2 5.27091E-2 2.78593E-2 3.01083E-2 4.27765E-2 4.23228E-2 3.78954E-2 8.78335E-2 6.82016E-2 6.43218E-2 2.22697E-2 1.65438E-2 1.80904E-2 1.72762E-2 8.76913E-3 4.23167E-3 9.68405E-3 1.17065E-2 1.99408E-2 1.7865E-2 2.42504E-2 3.30223E-2 2.63754E-2 2.09294E-2 3.98737E-2 2.88101E-2 3.73001E-2 3.33875E-2 1.94406E-2 5.38144E-3 1.83174E-3 3.93471E-3 2.59371E-3 8.75935E-3 3.61661E-3 5.07935E-3 1.84297E-3 6.31397E-3 1.53524E-2 1.08451E-2 7.25543E-3 8.60987E-3 1.92032E-2 7.11553E-3 1.57935E-2
-9999 -9999 -9999 -9999 -9999 -9999 -9999 -9999 -9999 6.41581E-2 5.52576E-2 7.51076E-2 8.25773E-2 8.24611E-2 6.00817E-2 4.38877E-2 4.07202E-2 4.82254E-2 6.31983E-2 5.52555E-2 3.51382E-2 3.83072E-2 4.46256E-2 4.97246E-2 5.34005E-2 5.34655E-2 4.55789E-2 4.63555E-2 3.86002E-2 4.64641E-2 7.60999E-2 7.31622E-2 3.02693E-2 3.12089E-2 2.18702E-2 4.92002E-2 2.33903E-2 8.87979E-3 1.21759E-2 1.67417E-2 3.76263E-2 3.7149E-2 2.96415E-2 1.46747E-2 3.92419E-2 2.19968E-2 3.72947E-2 3.82603E-2 4.44548E-2 2.43035E-2 7.33925E-3 2.39408E-3 3.04713E-3 4.05543E-3 3.46289E-3 3.44234E-3 6.91993E-3 2.41549E-2 2.17441E-2 3.13347E-3 6.03565E-2 5.54504E-2 3.00527E-2 1.1407E-2 9.17517E-3 1.3573E-2 3.12468E-2
-9999 -9999 -9999 -9999 -9999 -9999 -9999 -9999 6.48931E-2 6.20941E-2 4.64509E-2 7.6559E-2 7.94636E-2 6.92002E-2 4.85498E-2 3.80633E-2 4.89706E-2 5.65624E-2 5.15721E-2 6.94916E-2 3.76162E-2 3.83148E-2 5.43859E-2 5.43471E-2 5.9149E-2 5.58418E-2 4.18904E-2 5.0077E-2 4.55451E-2 4.46134E-2 5.72558E-2 6.69308E-2 1.18794E-2 1.70495E-2 3.26519E-2 4.88175E-2 7.88792E-3 1.13534E-2 4.77995E-3 2.21686E-2 1.46414E-2 1.49366E-2 1.52626E-2 9.06463E-3 1.17145E-2 1.34708E-2 1.36136E-2 7.76814E-2 6.91308E-2 2.6226E-2 1.13633E-2 3.06166E-3 7.85606E-3 1.13141E-2 4.72323E-3 4.94621E-3 2.10944E-2 3.48562E-2 2.24683E-3 4.55043E-2 1.57111E-1 8.04495E-2 2.73761E-2 1.84396E-2 4.00301E-3 8.25799E-3 8.26359E-2
-9999 -9999 -9999 -9999 -9999 -9999 -9999 6.35505E-2 6.48055E-2 6.5392E-2 5.3512E-2 6.95596E-2 9.92605E-2 6.45599E-2 7.66238E-2 5.26958E-2 5.34015E-2 5.42433E-2 4.7508E-2 7.18116E-2 6.91661E-2 5.81858E-2 5.28081E-2 5.50252E-2 4.83698E-2 5.93428E-2 6.43676E-2 5.80898E-2 5.52074E-2 6.67779E-2 5.55607E-2 6.16048E-2 2.09706E-2 2.24479E-2 3.55325E-2 2.83102E-2 1.34606E-2 7.37156E-3 5.1844E-3 1.57435E-2 2.23769E-2 6.14461E-3 1.11854E-2 3.19549E-2 2.26467E-2 1.86297E-2 1.83558E-2 5.35845E-2 1.09197E-1 5.60403E-2 3.79994E-2 9.79068E-3 1.79972E-2 1.85305E-2 1.43538E-2 1.46976E-2 2.43468E-3 2.44041E-3 6.4189E-3 2.22123E-1 9.59856E-2 7.95275E-2 6.16733E-2 3.29395E-2 2.30356E-3 7.2601E-2 2.12357E-1
