ENM/Final_Models/M_1_F_lqp_Set_1_EC/Gustavia_santanderiensis_5_Choco_clamping.asc
ncols         367
nrows         963
xllcorner     -78.6
yllcorner     0.65
cellsize      0.00833333333333323
NODATA_value  -9999
[rows 620 to 650 of 963, columns 140 to 209 of 367]
-9999 -9999 -9999 -9999 -9999 -9999 -9999 -9999 -9999 -9999 -9999 -9999 -9999 -9999 -9999 -9999 -9999 -9999 -9999 -9999 -9999 -9999 -9999 -9999 -9999 -9999 -9999 2.53113E-3 2.60052E-3 7.14142E-3 2.3334E-3 3.02788E-3 2.78782E-3 8.67033E-3 1.12851E-2 9.56854E-3 2.86505E-3 1.66924E-2 5.02537E-3 1.37369E-2 1.2959E-2 1.60489E-2 9.0647E-3 3.56562E-3 1.55689E-2 1.64313E-2 7.66731E-3 7.931E-3 0E0 0E0 0E0 0E0 0E0 0E0 7.4185E-4 0E0 0E0 0E0 0E0 0E0 0E0 0E0 0E0 0E0 0E0 0E0 0E0 0E0 0E0 0E0
-9999 -9999 -9999 -9999 -9999 -9999 -9999 -9999 -9999 -9999 -9999 -9999 -9999 -9999 -9999 -9999 -9999 -9999 -9999 -9999 -9999 -9999 -9999 -9999 -9999 -9999 1.04078E-4 5.30626E-4 2.74916E-3 9.81321E-4 1.12557E-3 1.89303E-3 1.06928E-2 8.70849E-3 9.01808E-3 8.64456E-3 1.19902E-2 2.05806E-2 9.87434E-3 7.34977E-3 7.56313E-3 3.16062E-3 1.52171E-3 2.89836E-3 1.64865E-2 1.63908E-2 6.52978E-3 7.91836E-3 0E0 0E0 0E0 0E0 0E0 0E0 0E0 0E0 0E0 0E0 0E0 0E0 0E0 0E0 0E0 0E0 0E0 0E0 0E0 0E0 0E0 0E0
-9999 -9999 -9999 -9999 -9999 -9999 -9999 -9999 -9999 -9999 -9999 -9999 -9999 -9999 -9999 -9999 -9999 -9999 -9999 -9999 -9999 -9999 -9999 -9999 -9999 -9999 1.25789E-3 1.60272E-3 5.64778E-3 3.05654E-3 1.05328E-2 1.83479E-2 8.67823E-3 7.0451E-3 1.00232E-2 7.75509E-3 2.72679E-2 2.28307E-2 1.4202E-2 1.64329E-3 0E0 0E0 5.50995E-4 2.57629E-3 1.70598E-2 1.55193E-2 7.83366E-3 0E0 0E0 0E0 0E0 0E0 0E0 0E0 0E0 0E0 0E0 0E0 0E0 0E0 0E0 0E0 0E0 0E0 0E0 0E0 0E0 0E0 0E0 0E0
-9999 -9999 -9999 -9999 -9999 -9999 -9999 -9999 -9999 -9999 -9999 -9999 -9999 -9999 -9999 -9999 -9999 -9999 -9999 -9999 -9999 -9999 -9999 -9999 -9999 1.12561E-3 1.49766E-3 8.67863E-4 2.9119E-5 5.63112E-7 5.64065E-3 8.8431E-3 1.33389E-2 3.88263E-3 1.08043E-2 1.71923E-2 1.61842E-2 8.75817E-3 9.41918E-4 7.66867E-4 0E0 0E0 0E0 0E0 3.11112E-3 1.17723E-2 9.96138E-3 2.99135E-3 5.12637E-3 0E0 0E0 0E0 0E0 0E0 0E0 0E0 0E0 0E0 0E0 0E0 0E0 0E0 0E0 0E0 0E0 0E0 0E0 0E0 0E0 0E0
-9999 -9999 -9999 -9999 -9999 -9999 -9999 -9999 -9999 -9999 -9999 -9999 -9999 -9999 -9999 -9999 -9999 -9999 -9999 -9999 -9999 -9999 -9999 -9999 1.15106E-4 1.31371E-4 8.94806E-4 6.70874E-4 1.21038E-4 1.90393E-3 6.37661E-5 1.6826E-2 1.90586E-4 1.16668E-4 7.4292E-3 1.13935E-2 9.58271E-3 1.34172E-2 1.28883E-3 1.87748E-3 0E0 0E0 0E0 0E0 0E0 0E0 2.0821E-2 1.62227E-2 8.68739E-3 4.94188E-3 4.8425E-3 8.19649E-3 0E0 0E0 2.64504E-3 2.70584E-3 0E0 0E0 0E0 0E0 0E0 0E0 0E0 0E0 0E0 0E0 0E0 0E0 0E0 0E0
-9999 -9999 -9999 -9999 -9999 -9999 -9999 -9999 -9999 -9999 -9999 -9999 -9999 -9999 -9999 -9999 -9999 -9999 -9999 -9999 -9999 -9999 -9999 -9999 1.79735E-4 1.39672E-3 4.4029E-4 8.94564E-4 2.76283E-4 1.94078E-3 3.80001E-4 9.10133E-3 3.36978E-3 1.09843E-5 2.08484E-3 9.0639E-3 8.93118E-3 4.63207E-3 0E0 0E0 0E0 0E0 0E0 0E0 0E0 0E0 1.29011E-2 8.11925E-3 5.22019E-3 1.92497E-3 8.41011E-3 4.56083E-3 0E0 5.83285E-3 3.21523E-3 0E0 0E0 0E0 0E0 0E0 0E0 0E0 0E0 0E0 0E0 0E0 0E0 0E0 0E0 0E0
-9999 -9999 -9999 -9999 -9999 -9999 -9999 -9999 -9999 -9999 -9999 -9999 -9999 -9999 -9999 -9999 -9999 -9999 -9999 -9999 -9999 -9999 -9999 6.59793E-5 2.54655E-4 2.04188E-4 8.64305E-4 5.7508E-4 4.52753E-4 1.26393E-4 1.49395E-4 3.41596E-3 6.4386E-3 1.12917E-4 1.39303E-3 4.69732E-3 3.22618E-3 2.68986E-3 0E0 0E0 0E0 0E0 0E0 0E0 0E0 0E0 5.79173E-3 9.8267E-3 8.02803E-3 5.40593E-3 3.94587E-3 1.52259E-3 0E0 0E0 0E0 0E0 0E0 0E0 0E0 0E0 0E0 0E0 0E0 0E0 0E0 0E0 0E0 0E0 0E0 0E0
-9999 -9999 -9999 -9999 -9999 -9999 -9999 -9999 -9999 -9999 -9999 -9999 -9999 -9999 -9999 -9999 -9999 -9999 -9999 -9999 -9999 -9999 -9999 1.10378E-4 9.0339E-6 5.12894E-5 1.32237E-4 7.38569E-4 2.33773E-3 4.8608E-4 1.26828E-4 2.95083E-4 3.82935E-3 7.24618E-4 3.13448E-3 2.87657E-3 2.65518E-3 2.01643E-3 0E0 0E0 0E0 0E0 0E0 0E0 0E0 0E0 1.90674E-3 6.39585E-3 2.4029E-3 2.17922E-3 0E0 0E0 0E0 0E0 0E0 0E0 0E0 0E0 0E0 0E0 0E0 0E0 0E0 0E0 0E0 0E0 0E0 0E0 0E0 0E0
-9999 -9999 -9999 -9999 -9999 -9999 -9999 -9999 -9999 -9999 -9999 -9999 -9999 -9999 -9999 -9999 -9999 -9999 -9999 -9999 -9999 -9999 1.62023E-4 3.45211E-4 6.4665E-4 1.94834E-4 8.08606E-4 5.95444E-4 1.23599E-3 4.89024E-4 1.75065E-4 5.0738E-3 4.09558E-3 1.17917E-3 4.38507E-3 4.24923E-3 2.89011E-3 0E0 0E0 0E0 0E0 0E0 0E0 0E0 0E0 0E0 3.33267E-3 4.66889E-3 2.74206E-3 3.59247E-3 0E0 0E0 0E0 0E0 0E0 0E0 0E0 0E0 0E0 0E0 0E0 0E0 0E0 0E0 0E0 0E0 0E0 0E0 0E0 0E0
-9999 -9999 -9999 -9999 -9999 -9999 -9999 -9999 -9999 -9999 -9999 -9999 -9999 -9999 -9999 -9999 -9999 -9999 -9999 -9999 -9999 2.45761E-4 2.40856E-4 2.2541E-4 7.60591E-5 2.39514E-3 8.07742E-4 1.44558E-3 9.41217E-4 5.80009E-4 4.13862E-5 6.72026E-4 1.90629E-2 2.3528E-3 3.19936E-3 1.77085E-3 0E0 0E0 0E0 0E0 0E0 0E0 0E0 1.03006E-4 8.88286E-3 1.42004E-3 2.28737E-3 2.5781E-3 2.71144E-3 3.7778E-3 0E0 0E0 0E0 0E0 0E0 0E0 0E0 0E0 0E0 0E0 0E0 0E0 0E0 0E0 0E0 0E0 0E0 0E0 0E0 0E0
-9999 -9999 -9999 -9999 -9999 -9999 -9999 -9999 -9999 -9999 -9999 -9999 -9999 -9999 -9999 -9999 -9999 -9999 -9999 -9999 -9999 1.13319E-4 2.60771E-5 6.29451E-5 1.61092E-3 8.00799E-4 1.25692E-3 3.80594E-3 5.19856E-4 4.91703E-4 6.31182E-4 5.32728E-4 1.82563E-3 8.50224E-3 4.41249E-3 4.36956E-3 7.0258E-4 0E0 0E0 0E0 0E0 2.60883E-3 2.61392E-3 1.29666E-2 9.41283E-3 1.13803E-3 3.1765E-3 3.43521E-3 1.49584E-3 3.70339E-3 0E0 0E0 0E0 0E0 0E0 0E0 0E0 0E0 0E0 0E0 0E0 0E0 0E0 0E0 0E0 0E0 0E0 0E0 0E0 0E0
-9999 -9999 -9999 -9999 -9999 -9999 -9999 -9999 -9999 -9999 -9999 -9999 -9999 -9999 -9999 -9999 -9999 -9999 -9999 -9999 2.98391E-4 1.82672E-4 1.22339E-3 1.90817E-3 1.33493E-3 5.47459E-4 3.66873E-4 4.03294E-4 3.04296E-4 6.73891E-4 5.99176E-4 9.18476E-4 1.32327E-3 5.55594E-3 1.28362E-3 3.49132E-3 2.19068E-3 0E0 0E0 0E0 0E0 4.05765E-3 4.62799E-3 8.88205E-3 7.60123E-3 8.53241E-3 3.9745E-3 6.41298E-3 5.40943E-3 5.16678E-3 1.48997E-3 0E0 0E0 0E0 0E0 0E0 0E0 0E0 0E0 0E0 0E0 0E0 0E0 0E0 0E0 0E0 0E0 0E0 0E0 0E0
-9999 -9999 -9999 -9999 -9999 -9999 -9999 -9999 -9999 -9999 -9999 -9999 -9999 -9999 -9999 -9999 -9999 -9999 -9999 -9999 3.6449E-5 1.99983E-4 5.91127E-5 1.2356E-4 2.69502E-4 1.27396E-3 5.04803E-4 5.23935E-4 4.09637E-4 4.14448E-4 8.8448E-4 3.2393E-3 6.87495E-4 1.06004E-2 1.05446E-2 2.02968E-3 1.94084E-4 0E0 0E0 0E0 0E0 6.96976E-3 5.42419E-3 1.47056E-2 8.60414E-3 4.0438E-3 5.84763E-3 4.76734E-3 0E0 0E0 0E0 1.67171E-3 0E0 0E0 0E0 0E0 0E0 0E0 0E0 0E0 0E0 0E0 0E0 0E0 0E0 0E0 0E0 0E0 0E0 0E0
-9999 -9999 -9999 -9999 -9999 -9999 -9999 -9999 -9999 -9999 -9999 -9999 -9999 -9999 -9999 -9999 -9999 -9999 -9999 2.43636E-4 1.5776E-4 2.43945E-4 2.46869E-5 6.47746E-5 1.1034E-4 1.63608E-3 3.13373E-4 6.64878E-4 6.71848E-4 1.1663E-3 3.63838E-4 1.93988E-4 2.39719E-4 3.76845E-3 1.68032E-2 3.5132E-3 4.6479E-3 0E0 0E0 0E0 0E0 0E0 3.01153E-3 1.12615E-2 9.71199E-3 7.17267E-3 1.85934E-3 0E0 0E0 0E0 0E0 0E0 0E0 0E0 0E0 0E0 0E0 0E0 0E0 0E0 0E0 0E0 0E0 0E0 0E0 0E0 0E0 0E0 0E0 0E0
-9999 -9999 -9999 -9999 -9999 -9999 -9999 -9999 -9999 -9999 -9999 -9999 -9999 -9999 -9999 -9999 -9999 -9999 -9999 3.27802E-4 1.12345E-4 4.62349E-4 5.58995E-5 6.05086E-5 1.34999E-4 2.45579E-4 8.29078E-5 5.77775E-4 1.45468E-3 1.30707E-3 1.05108E-3 1.17567E-3 1.99246E-4 1.81686E-3 1.22133E-2 9.58199E-4 1.4373E-3 5.34165E-4 0E0 0E0 0E0 2.61112E-3 1.25294E-2 4.55346E-3 7.74359E-3 7.65971E-3 7.81996E-3 0E0 0E0 0E0 0E0 0E0 0E0 0E0 0E0 0E0 0E0 0E0 0E0 0E0 0E0 0E0 0E0 0E0 0E0 0E0 0E0 0E0 0E0 0E0
-9999 -9999 -9999 -9999 -9999 -9999 -9999 -9999 -9999 -9999 -9999 -9999 -9999 -9999 -9999 -9999 -9999 -9999 -9999 2.25675E-5 1.30564E-4 2.9308E-4 2.32555E-4 3.7715E-4 9.2072E-5 9.67136E-4 1.47542E-4 2.15192E-4 1.36887E-3 2.28936E-4 3.37586E-3 3.83241E-3 1.19701E-3 9.94781E-3 1.93436E-2 2.56923E-3 1.48558E-3 0E0 0E0 0E0 0E0 1.72415E-2 1.44526E-2 4.138E-3 5.58085E-3 2.75019E-3 2.56449E-3 0E0 0E0 0E0 0E0 0E0 0E0 0E0 0E0 0E0 0E0 0E0 0E0 0E0 0E0 0E0 0E0 0E0 0E0 0E0 0E0 0E0 0E0 0E0
-9999 -9999 -9999 -9999 -9999 -9999 -9999 -9999 -9999 -9999 -9999 -9999 -9999 -9999 -9999 -9999 -9999 -9999 1.51226E-4 5.42351E-5 3.4719E-5 9.09484E-5 7.88915E-4 1.40984E-3 1.13516E-3 4.98903E-4 1.72502E-3 1.50468E-5 4.46524E-4 8.60555E-4 4.0745E-3 6.21376E-4 1.41545E-3 1.22603E-2 6.06708E-3 0E0 0E0 0E0 0E0 0E0 0E0 0E0 0E0 8.30932E-3 9.66066E-3 3.77731E-3 0E0 0E0 0E0 0E0 0E0 0E0 0E0 0E0 0E0 0E0 0E0 0E0 0E0 0E0 0E0 0E0 0E0 0E0 0E0 0E0 0E0 0E0 0E0 0E0
-9999 -9999 -9999 -9999 -9999 -9999 -9999 -9999 -9999 -9999 -9999 -9999 -9999 -9999 -9999 -9999 -9999 1.47344E-4 5.15755E-5 3.45413E-5 2.86429E-4 1.06362E-5 3.70922E-4 3.64656E-4 6.95941E-4 8.60105E-4 3.85611E-4 1.31201E-3 1.11551E-3 1.09782E-4 1.6697E-4 2.05408E-4 8.42693E-4 1.60238E-2 0E0 0E0 0E0 0E0 0E0 0E0 0E0 0E0 0E0 0E0 0E0 0E0 0E0 0E0 0E0 0E0 0E0 0E0 0E0 0E0 0E0 0E0 0E0 0E0 0E0 0E0 0E0 0E0 0E0 0E0 0E0 0E0 0E0 0E0 0E0 0E0
-9999 -9999 -9999 -9999 -9999 -9999 -9999 -9999 -9999 -9999 -9999 -9999 -9999 -9999 -9999 -9999 -9999 1.03812E-4 1.33193E-4 4.93516E-5 3.52112E-4 5.43001E-5 1.33015E-4 5.02038E-4 3.11896E-4 2.04267E-4 1.08237E-3 3.47016E-4 2.12367E-5 2.44165E-3 4.15028E-3 7.57945E-3 1.2351E-2 8.03635E-3 0E0 0E0 0E0 0E0 0E0 0E0 0E0 4.2584E-3 2.31082E-2 1.50396E-2 8.41976E-3 0E0 0E0 0E0 0E0 0E0 0E0 0E0 0E0 0E0 0E0 0E0 0E0 0E0 0E0 0E0 0E0 0E0 0E0 0E0 0E0 0E0 0E0 0E0 0E0 0E0
-9999 -9999 -9999 -9999 -9999 -9999 -9999 -9999 -9999 -9999 -9999 -9999 -9999 -9999 -9999 -9999 3.49072E-5 1.50482E-5 1.03624E-4 7.50031E-5 8.34651E-6 2.50279E-4 7.01443E-5 2.75281E-4 8.6932E-4 9.67423E-4 1.19568E-3 2.71277E-4 2.6103E-5 2.16864E-4 2.51558E-4 1.95831E-2 2.50257E-2 2.18695E-3 0E0 0E0 0E0 0E0 7.19821E-3 4.77915E-3 0E0 1.22436E-2 1.63239E-2 1.27501E-2 4.5907E-3 5.01031E-3 0E0 0E0 0E0 0E0 0E0 0E0 0E0 0E0 0E0 0E0 0E0 0E0 0E0 0E0 0E0 0E0 0E0 0E0 0E0 0E0 0E0 0E0 0E0 0E0
-9999 -9999 -9999 -9999 -9999 -9999 -9999 -9999 -9999 -9999 -9999 -9999 -9999 -9999 -9999 2.30609E-4 1.20432E-5 4.42421E-5 5.1996E-5 6.88926E-5 3.3967E-5 8.97893E-5 5.29684E-5 4.44396E-4 7.77258E-4 3.27945E-3 3.97642E-3 3.82767E-3 2.82188E-4 4.61338E-4 1.00978E-3 1.97959E-2 1.89911E-2 3.84528E-3 0E0 0E0 0E0 0E0 3.48361E-3 1.34982E-3 2.49729E-3 2.47945E-3 1.59919E-4 2.5664E-3 1.93386E-3 0E0 0E0 0E0 0E0 0E0 0E0 0E0 0E0 0E0 0E0 0E0 0E0 0E0 0E0 0E0 0E0 0E0 0E0 0E0 0E0 0E0 0E0 0E0 0E0 0E0
-9999 -9999 -9999 -9999 -9999 -9999 -9999 -9999 -9999 -9999 -9999 -9999 -9999 -9999 -9999 1.33594E-5 5.41819E-6 6.3614E-5 1.61312E-4 1.27645E-4 4.46526E-5 4.24367E-4 2.34002E-4 1.31349E-3 3.71766E-3 8.81356E-4 2.05424E-3 2.06874E-3 2.5035E-3 8.47293E-3 6.32913E-3 1.9702E-2 1.64911E-2 4.98657E-3 1.00337E-2 5.59852E-3 0E0 0E0 0E0 1.0731E-2 2.33095E-3 9.7795E-3 3.15581E-3 1.75685E-3 3.35988E-3 0E0 0E0 0E0 0E0 0E0 0E0 0E0 0E0 0E0 0E0 0E0 0E0 0E0 0E0 0E0 0E0 0E0 0E0 0E0 0E0 0E0 0E0 0E0 0E0 0E0
-9999 -9999 -9999 -9999 -9999 -9999 -9999 -9999 -9999 -9999 -9999 -9999 -9999 -9999 7.45481E-6 1.53579E-5 1.23827E-5 6.11189E-5 1.81651E-5 2.53783E-5 7.4358E-5 1.22021E-4 8.94687E-4 3.16244E-3 3.25054E-3 7.80855E-4 3.91272E-4 1.8342E-3 4.4397E-3 7.8238E-5 6.429E-4 1.41657E-2 9.43306E-3 5.88744E-3 1.3842E-2 5.98146E-3 6.82111E-4 0E0 5.78914E-3 1.64112E-2 4.61548E-3 6.09702E-3 4.21364E-3 1.53926E-3 6.35875E-3 0E0 0E0 0E0 0E0 0E0 0E0 0E0 0E0 0E0 0E0 0E0 0E0 0E0 0E0 0E0 0E0 0E0 0E0 0E0 0E0 0E0 0E0 0E0 0E0 0E0
-9999 -9999 -9999 -9999 -9999 -9999 -9999 -9999 -9999 -9999 -9999 -9999 -9999 -9999 1.97989E-5 1.04074E-5 9.75197E-5 2.32977E-5 1.98776E-5 2.77795E-5 3.66236E-4 2.63055E-4 2.35732E-3 2.40172E-4 1.3658E-3 5.25577E-4 8.22542E-4 1.08028E-3 1.11635E-2 6.87838E-3 6.3182E-3 9.50583E-3 2.13052E-3 0E0 1.28577E-2 1.76146E-2 2.57576E-3 2.5526E-3 8.92604E-3 1.11267E-2 4.25407E-3 1.74806E-3 5.84642E-4 1.27587E-3 3.68508E-3 3.8287E-3 0E0 0E0 0E0 0E0 0E0 0E0 0E0 0E0 0E0 0E0 0E0 0E0 0E0 0E0 0E0 0E0 0E0 0E0 0E0 0E0 0E0 0E0 0E0 0E0
-9999 -9999 -9999 -9999 -9999 -9999 -9999 -9999 -9999 -9999 -9999 -9999 -9999 7.11522E-6 1.43833E-6 2.46565E-5 1.52849E-5 1.96728E-4 4.2981E-4 2.14648E-4 2.82387E-4 1.05608E-4 3.55385E-5 3.42887E-4 1.16715E-3 4.81746E-4 1.14833E-2 6.56096E-3 2.10177E-3 5.28136E-3 1.68833E-2 2.04687E-2 1.13346E-2 1.6717E-3 8.31236E-3 1.22341E-2 1.70749E-3 4.59957E-4 5.89087E-3 3.61025E-3 2.19287E-3 6.50559E-3 2.91809E-3 3.02079E-4 8.2252E-4 3.7468E-3 4.10019E-3 0E0 0E0 0E0 0E0 0E0 0E0 0E0 0E0 0E0 0E0 0E0 0E0 0E0 0E0 0E0 0E0 0E0 0E0 0E0 0E0 0E0 0E0 0E0
-9999 -9999 -9999 -9999 -9999 -9999 -9999 -9999 -9999 -9999 -9999 -9999 -9999 1.16922E-5 1.26639E-6 2.56546E-6 2.92326E-5 5.14113E-5 3.52033E-4 1.0647E-4 1.61293E-4 8.7731E-5 6.05851E-5 1.555E-3 1.34196E-3 2.65005E-4 3.96778E-5 1.54827E-3 4.82382E-4 5.41994E-3 9.89022E-3 1.24898E-2 8.66028E-3 1.9305E-3 9.84467E-3 7.14331E-3 2.02594E-3 6.52692E-5 7.91431E-5 5.93419E-4 7.87849E-4 5.65777E-3 1.87698E-3 1.41835E-3 3.07009E-3 3.76371E-3 3.80304E-3 2.90323E-3 9.20678E-4 0E0 0E0 0E0 0E0 0E0 0E0 0E0 0E0 0E0 0E0 0E0 0E0 0E0 0E0 0E0 0E0 0E0 0E0 0E0 0E0 0E0
-9999 -9999 -9999 -9999 -9999 -9999 -9999 -9999 -9999 -9999 -9999 -9999 2.71239E-6 6.63446E-6 1.88762E-6 1.32904E-6 4.08525E-6 4.42668E-5 2.88728E-5 3.08244E-4 5.11622E-4 3.93609E-4 2.04594E-4 8.86521E-4 1.52229E-3 1.40574E-5 1.2564E-3 2.10137E-3 2.50024E-3 1.31196E-2 8.19148E-3 1.37377E-2 7.07424E-3 2.85297E-3 1.18555E-2 6.7133E-3 6.75867E-3 1.2669E-3 3.70549E-6 4.73077E-4 1.7627E-4 7.2616E-3 1.21823E-3 1.44398E-3 1.4969E-4 3.38406E-3 3.7603E-3 0E0 0E0 0E0 0E0 0E0 0E0 0E0 0E0 0E0 0E0 0E0 0E0 0E0 0E0 0E0 0E0 0E0 0E0 0E0 0E0 0E0 0E0 0E0
-9999 -9999 -9999 -9999 -9999 -9999 -9999 -9999 -9999 -9999 -9999 -9999 1.33445E-5 1.67633E-5 4.1938E-6 6.89085E-6 1.63408E-5 9.57837E-5 2.95208E-4 1.92812E-3 7.9256E-5 7.01688E-5 1.88025E-3 9.83957E-4 7.6218E-4 1.13999E-5 3.23203E-4 8.56488E-5 1.25071E-4 4.92505E-3 8.77823E-3 0E0 0E0 2.42535E-3 9.40019E-3 6.41148E-3 5.06044E-3 6.72274E-3 2.86252E-4 2.54732E-5 5.32923E-4 5.93011E-3 5.0885E-3 2.60948E-4 1.53009E-4 1.50185E-4 4.7092E-3 3.20454E-3 0E0 0E0 0E0 0E0 0E0 0E0 0E0 0E0 0E0 0E0 0E0 0E0 0E0 0E0 0E0 0E0 0E0 0E0 0E0 0E0 0E0 0E0
-9999 -9999 -9999 -9999 -9999 -9999 -9999 -9999 -9999 -9999 -9999 9.19642E-5 1.06701E-5 9.18838E-5 1.67846E-5 9.32935E-6 1.91004E-6 6.45496E-5 1.28829E-4 3.71642E-4 6.02346E-5 2.53805E-5 8.80042E-4 8.66214E-5 3.52882E-4 2.81671E-3 1.5788E-3 1.09556E-5 4.99849E-4 1.07073E-2 1.00514E-2 1.36734E-2 8.43064E-3 7.90969E-3 9.71677E-3 5.79136E-3 5.98447E-3 0E0 5.08644E-3 1.60994E-3 2.68732E-3 2.12723E-3 1.26917E-4 1.16385E-4 3.98819E-3 2.42E-3 1.06059E-3 1.42785E-4 4.86548E-4 0E0 0E0 0E0 0E0 0E0 0E0 0E0 0E0 0E0 0E0 0E0 0E0 0E0 0E0 0E0 0E0 0E0 0E0 0E0 0E0 0E0
-9999 -9999 -9999 -9999 -9999 -9999 -9999 -9999 -9999 -9999 6.52964E-6 9.02627E-5 3.20634E-4 2.12632E-5 5.18875E-5 3.0167E-5 4.47881E-5 6.95852E-5 3.10276E-5 6.83706E-5 2.29572E-5 1.06767E-4 2.88785E-4 2.37998E-4 9.49018E-4 1.04861E-3 2.39249E-4 7.82273E-4 3.27709E-3 1.48108E-2 2.72428E-3 1.42589E-2 1.58928E-2 3.41314E-3 1.80199E-3 4.25923E-3 2.30009E-3 2.73713E-3 4.0893E-3 4.0528E-3 2.30291E-3 1.26035E-2 0E0 0E0 0E0 4.12405E-4 0E0 1.26085E-3 2.12518E-3 1.27038E-3 8.05654E-4 0E0 0E0 0E0 0E0 0E0 0E0 0E0 0E0 0E0 0E0 0E0 0E0 0E0 0E0 0E0 0E0 0E0 0E0 0E0
-9999 -9999 -9999 -9999 -9999 -9999 -9999 -9999 -9999 4.70343E-4 8.05643E-6 4.26144E-5 1.34942E-4 1.74554E-5 1.7418E-5 6.70688E-5 1.62436E-4 5.51738E-5 9.74231E-6 5.86863E-4 3.30801E-4 9.41806E-5 6.80639E-4 2.82387E-5 4.10769E-6 9.64306E-7 1.47723E-4 8.40146E-4 1.28948E-2 1.72769E-3 8.40559E-3 1.31859E-2 4.0175E-3 7.46755E-3 3.00603E-4 3.44874E-3 0E0 2.31237E-3 1.58118E-3 1.95385E-3 5.05872E-3 4.98528E-3 5.19676E-4 1.0291E-3 1.62887E-3 3.64903E-3 0E0 0E0 0E0 0E0 1.71502E-3 0E0 0E0 0E0 0E0 0E0 0E0 0E0 0E0 0E0 0E0 0E0 0E0 0E0 0E0 0E0 0E0 0E0 0E0 0E0
