ENM/Final_Models/M_1_F_lqp_Set_1_EC/Gustavia_santanderiensis_7_Choco.asc
ncols         367
nrows         963
xllcorner     -78.6
yllcorner     0.65
cellsize      0.00833333333333323
NODATA_value  -9999
[rows 544 to 575 of 963, columns 216 to 287 of 367]
9.997E-1 9.99973E-1 9.99846E-1 9.97786E-1 9.99507E-1 9.99701E-1 9.31638E-1 9.96166E-1 9.9971E-1 9.99575E-1 9.99479E-1 9.99967E-1 9.99856E-1 9.99987E-1 9.99583E-1 9.93208E-1 9.96711E-1 9.92867E-1 9.78086E-1 5.88224E-1 7.21167E-1 5.32132E-1 9.80537E-2 5.00341E-2 4.99323E-2 1.32076E-2 9.92833E-3 8.55457E-3 2.30533E-3 6.37592E-3 5.07771E-2 3.10884E-2 1.18886E-2 4.16862E-4 1.94651E-4 2.82595E-5 4.45653E-5 1.68153E-4 6.63894E-4 -9999 -9999 -9999 -9999 -9999 -9999 -9999 -9999 -9999 -9999 -9999 -9999 -9999 -9999 -9999 -9999 -9999 -9999 -9999 -9999 -9999 -9999 -9999 -9999 -9999 -9999 -9999 -9999 -9999 -9999 -9999 -9999 -9999
9.99895E-1 9.99896E-1 9.99999E-1 9.99978E-1 9.99938E-1 9.99802E-1 9.98469E-1 9.85729E-1 9.97118E-1 9.62476E-1 9.99076E-1 9.9367E-1 9.99405E-1 9.99823E-1 9.99957E-1 9.99954E-1 9.97929E-1 9.48868E-1 8.45191E-1 8.12099E-1 8.52815E-1 1.47024E-1 7.17651E-2 2.2229E-2 3.09609E-2 4.92834E-2 1.54832E-2 7.32382E-3 2.66653E-3 8.5548E-3 2.65404E-2 7.82427E-3 4.65306E-3 1.42403E-3 1.80996E-4 2.9906E-5 1.62018E-5 1.15127E-4 -9999 -9999 -9999 -9999 -9999 -9999 -9999 -9999 -9999 -9999 -9999 -9999 -9999 -9999 -9999 -9999 -9999 -9999 -9999 -9999 -9999 -9999 -9999 -9999 -9999 -9999 -9999 -9999 -9999 -9999 -9999 -9999 -9999 -9999
9.99995E-1 9.99936E-1 9.99953E-1 9.99967E-1 9.99977E-1 9.99896E-1 9.99941E-1 9.99524E-1 9.99361E-1 9.94356E-1 9.99772E-1 9.99744E-1 9.99779E-1 9.94358E-1 9.9969E-1 9.99943E-1 9.99873E-1 9.99653E-1 9.93451E-1 9.9796E-1 9.21126E-1 4.81834E-1 2.74442E-1 7.27484E-2 3.00483E-2 1.14321E-2 1.90781E-2 1.0707E-2 2.44757E-3 2.33636E-3 5.81134E-3 1.67177E-2 1.41875E-3 1.79407E-4 6.36799E-5 1.73433E-5 1.16502E-5 5.07079E-5 -9999 -9999 -9999 -9999 -9999 -9999 -9999 -9999 -9999 -9999 -9999 -9999 -9999 -9999 -9999 -9999 -9999 -9999 -9999 -9999 -9999 -9999 -9999 -9999 -9999 -9999 -9999 -9999 -9999 -9999 -9999 -9999 -9999 -9999
9.99967E-1 9.98077E-1 9.99536E-1 9.9973E-1 9.99986E-1 9.99765E-1 9.99255E-1 9.99935E-1 9.99897E-1 9.96328E-1 9.98241E-1 9.98826E-1 9.99647E-1 9.82368E-1 9.4492E-1 9.46998E-1 9.90515E-1 9.91048E-1 9.91957E-1 9.85733E-1 3.17954E-1 9.30562E-2 4.28467E-2 3.72939E-2 2.47675E-2 5.14364E-3 1.4689E-3 1.02134E-3 1.96994E-3 4.29728E-4 9.99468E-4 2.24674E-3 9.44327E-4 4.79489E-4 5.01087E-5 3.98359E-6 2.41122E-6 -9999 -9999 -9999 -9999 -9999 -9999 -9999 -9999 -9999 -9999 -9999 -9999 -9999 -9999 -9999 -9999 -9999 -9999 -9999 -9999 -9999 -9999 -9999 -9999 -9999 -9999 -9999 -9999 -9999 -9999 -9999 -9999 -9999 -9999 -9999
9.89563E-1 9.99903E-1 9.9906E-1 9.99847E-1 9.99458E-1 9.99964E-1 9.99874E-1 9.99509E-1 9.99514E-1 9.97817E-1 9.92158E-1 9.96613E-1 9.93538E-1 9.77991E-1 8.03608E-1 3.08166E-1 2.67414E-1 1.80839E-1 2.74054E-1 7.72489E-1 4.00825E-1 5.5016E-1 1.02326E-1 3.58115E-2 7.04971E-3 5.10483E-3 2.18208E-4 8.40475E-5 1.10248E-3 2.91412E-4 3.75233E-4 1.11672E-3 9.35167E-4 1.33182E-4 9.95074E-6 2.20127E-6 4.71436E-6 -9999 -9999 -9999 -9999 -9999 -9999 -9999 -9999 -9999 -9999 -9999 -9999 -9999 -9999 -9999 -9999 -9999 -9999 -9999 -9999 -9999 -9999 -9999 -9999 -9999 -9999 -9999 -9999 -9999 -9999 -9999 -9999 -9999 -9999 -9999
9.96263E-1 9.97522E-1 9.94374E-1 9.99115E-1 9.76097E-1 9.93127E-1 9.98446E-1 9.99919E-1 9.95589E-1 9.87261E-1 9.95636E-1 9.93767E-1 9.9127E-1 9.76629E-1 9.37116E-1 5.3704E-1 4.6904E-1 4.08811E-1 3.5421E-1 2.06172E-1 3.09188E-1 2.40987E-1 1.20341E-1 3.09232E-2 6.11396E-3 2.23518E-3 1.92523E-4 1.12066E-4 1.72124E-4 3.04125E-5 7.37752E-5 1.02275E-3 9.27526E-5 1.61969E-5 1.32714E-6 5.4712E-7 1.35453E-6 1.26794E-5 -9999 -9999 -9999 -9999 -9999 -9999 -9999 -9999 -9999 -9999 -9999 -9999 -9999 -9999 -9999 -9999 -9999 -9999 -9999 -9999 -9999 -9999 -9999 -9999 -9999 -9999 -9999 -9999 -9999 -9999 -9999 -9999 -9999 -9999
9.99987E-1 9.97479E-1 9.9999E-1 9.99962E-1 9.58124E-1 9.99947E-1 9.99898E-1 9.9941E-1 9.98001E-1 9.79693E-1 9.94969E-1 9.94261E-1 9.81905E-1 9.75823E-1 9.74872E-1 9.30805E-1 8.001E-1 4.18806E-1 3.53972E-1 2.63408E-1 1.81666E-1 2.46436E-1 1.63238E-1 9.07775E-3 4.37277E-3 5.24865E-3 2.42738E-3 3.28961E-4 3.6214E-5 2.48335E-6 2.61656E-5 1.71659E-4 3.03089E-6 1.39538E-6 5.0882E-7 5.76311E-7 1.59226E-6 1.35086E-5 -9999 -9999 -9999 -9999 -9999 -9999 -9999 -9999 -9999 -9999 -9999 -9999 -9999 -9999 -9999 -9999 -9999 -9999 -9999 -9999 -9999 -9999 -9999 -9999 -9999 -9999 -9999 -9999 -9999 -9999 -9999 -9999 -9999 -9999
1E0 9.98481E-1 9.96733E-1 9.89816E-1 8.92855E-1 9.99983E-1 9.99572E-1 9.9544E-1 9.99597E-1 9.98039E-1 9.97366E-1 9.93001E-1 9.96643E-1 9.84991E-1 9.67331E-1 9.20973E-1 7.51969E-1 2.16644E-1 1.02946E-1 1.76627E-1 3.42169E-1 3.93407E-1 1.63607E-1 2.74554E-2 1.15993E-2 7.36622E-3 1.28525E-3 2.84403E-4 7.49285E-5 7.33867E-6 7.36703E-5 1.28439E-5 5.70485E-6 2.30693E-7 6.16511E-7 1.36083E-6 2.45974E-6 1.17063E-5 6.38096E-5 -9999 -9999 -9999 -9999 -9999 -9999 -9999 -9999 -9999 -9999 -9999 -9999 -9999 -9999 -9999 -9999 -9999 -9999 -9999 -9999 -9999 -9999 -9999 -9999 -9999 -9999 -9999 -9999 -9999 -9999 -9999 -9999 -9999
9.99999E-1 9.99948E-1 9.99921E-1 9.99989E-1 9.95312E-1 9.96361E-1 9.59294E-1 9.98254E-1 9.99516E-1 9.99787E-1 9.93168E-1 9.75706E-1 9.9271E-1 9.87649E-1 9.22255E-1 5.14144E-1 3.28094E-1 6.62836E-2 2.95676E-2 3.79924E-2 1.71993E-1 2.01043E-1 1.56688E-1 7.8422E-2 1.64537E-2 4.10195E-3 2.68249E-3 3.46149E-3 1.82535E-3 1.29475E-5 1.60156E-6 1.87014E-5 1.92048E-6 1.09625E-7 5.49997E-7 1.56547E-6 2.24393E-6 8.04241E-6 2.82539E-5 1.76481E-5 -9999 -9999 -9999 -9999 -9999 -9999 -9999 -9999 -9999 -9999 -9999 -9999 -9999 -9999 -9999 -9999 -9999 -9999 -9999 -9999 -9999 -9999 -9999 -9999 -9999 -9999 -9999 -9999 -9999 -9999 -9999 -9999
9.99997E-1 9.99966E-1 9.99984E-1 9.99996E-1 9.99849E-1 9.99553E-1 7.24944E-1 9.84371E-1 9.99675E-1 9.99498E-1 9.95549E-1 9.94676E-1 9.97256E-1 9.86307E-1 9.56109E-1 8.52934E-1 3.83443E-1 7.62174E-2 2.95208E-2 1.79099E-2 3.95337E-2 2.19549E-1 1.30147E-1 5.26071E-2 2.99774E-2 1.77137E-2 1.09806E-2 9.4707E-3 5.58701E-4 3.22214E-4 2.85461E-5 3.27437E-6 1.67802E-6 1.31572E-6 1.22002E-6 1.22091E-6 3.33539E-6 3.12754E-5 1.27696E-4 1.82902E-5 2.39633E-4 -9999 -9999 -9999 -9999 -9999 -9999 -9999 -9999 -9999 -9999 -9999 -9999 -9999 -9999 -9999 -9999 -9999 -9999 -9999 -9999 -9999 -9999 -9999 -9999 -9999 -9999 -9999 -9999 -9999 -9999 -9999
9.9968E-1 9.99978E-1 9.9528E-1 9.02221E-1 9.9748E-1 9.02469E-1 9.09248E-1 9.68554E-1 9.98406E-1 9.99728E-1 9.98504E-1 9.9732E-1 9.98207E-1 8.80029E-1 5.31349E-1 4.90378E-1 1.45248E-1 2.2344E-1 7.68159E-2 2.09541E-2 1.0633E-2 3.61295E-2 2.4344E-1 1.16966E-1 9.50482E-3 2.11779E-3 2.17292E-3 2.77242E-3 8.76865E-5 1.75784E-5 4.36273E-5 5.41855E-6 2.06771E-6 1.59493E-6 6.8039E-6 8.14871E-7 6.97452E-6 1.81428E-5 5.63605E-5 1.37563E-4 1.8599E-4 -9999 -9999 -9999 -9999 -9999 -9999 -9999 -9999 -9999 -9999 -9999 -9999 -9999 -9999 -9999 -9999 -9999 -9999 -9999 -9999 -9999 -9999 -9999 -9999 -9999 -9999 -9999 -9999 -9999 -9999 -9999
9.98885E-1 9.99778E-1 9.99998E-1 9.99996E-1 9.99812E-1 9.99403E-1 9.76482E-1 9.56075E-1 9.92308E-1 9.99222E-1 9.95E-1 9.94602E-1 8.84749E-1 2.24543E-1 1.22454E-1 2.49298E-1 4.64919E-2 5.93441E-2 7.8458E-2 3.80251E-2 3.06631E-3 7.55878E-3 3.71485E-2 6.03668E-2 5.70591E-3 3.05291E-3 2.39794E-3 1.65391E-4 1.21362E-5 4.58626E-6 2.87336E-6 1.52676E-6 3.14395E-6 5.74348E-6 6.26904E-5 4.9024E-5 1.21521E-5 6.25689E-5 1.06677E-4 8.25565E-4 -9999 -9999 -9999 -9999 -9999 -9999 -9999 -9999 -9999 -9999 -9999 -9999 -9999 -9999 -9999 -9999 -9999 -9999 -9999 -9999 -9999 -9999 -9999 -9999 -9999 -9999 -9999 -9999 -9999 -9999 -9999 -9999
9.99958E-1 9.99908E-1 9.99941E-1 9.99953E-1 9.97766E-1 9.93302E-1 9.62367E-1 9.55092E-1 9.99075E-1 9.98521E-1 9.92156E-1 9.97143E-1 9.82129E-1 4.85351E-1 6.29342E-2 7.9593E-2 1.31739E-1 5.70813E-2 3.31841E-2 3.0449E-2 1.02782E-2 7.40972E-3 2.80831E-2 1.33849E-2 2.37892E-2 1.42933E-2 2.15702E-4 2.52212E-6 4.88375E-6 7.85197E-6 3.10793E-6 2.98845E-6 2.62342E-5 1.02938E-5 1.17964E-4 2.45704E-5 4.89225E-5 1.0222E-4 1.42364E-4 3.75079E-4 -9999 -9999 -9999 -9999 -9999 -9999 -9999 -9999 -9999 -9999 -9999 -9999 -9999 -9999 -9999 -9999 -9999 -9999 -9999 -9999 -9999 -9999 -9999 -9999 -9999 -9999 -9999 -9999 -9999 -9999 -9999 -9999
9.99994E-1 9.99858E-1 9.83502E-1 9.83149E-1 9.57796E-1 9.96647E-1 8.76901E-1 9.85936E-1 9.99565E-1 9.98212E-1 9.97163E-1 9.84798E-1 9.40133E-1 9.15985E-1 6.97194E-1 5.25994E-1 3.98266E-1 6.94389E-2 2.00979E-2 2.24432E-3 1.71386E-3 2.97378E-3 1.25123E-2 4.32908E-3 9.21175E-3 1.94871E-3 3.81635E-5 1.00825E-4 5.7596E-5 4.1661E-5 2.32035E-6 4.79689E-6 3.24178E-5 1.13149E-5 3.81098E-4 4.51509E-4 3.6222E-4 3.64074E-4 3.59662E-4 8.83129E-4 9.84067E-4 -9999 -9999 -9999 -9999 -9999 -9999 -9999 -9999 -9999 -9999 -9999 -9999 -9999 -9999 -9999 -9999 -9999 -9999 -9999 -9999 -9999 -9999 -9999 -9999 -9999 -9999 -9999 -9999 -9999 -9999 -9999
9.99938E-1 9.99998E-1 9.9855E-1 9.99852E-1 9.99717E-1 9.99035E-1 9.95028E-1 9.80529E-1 9.99893E-1 9.99682E-1 9.98052E-1 9.86315E-1 8.94702E-1 2.5737E-1 5.10577E-1 3.4431E-1 3.40225E-1 5.68252E-2 1.99649E-2 1.83174E-3 3.41516E-4 1.76188E-3 4.24255E-3 5.50744E-3 2.81545E-3 3.42534E-3 3.73567E-4 3.93896E-5 3.8474E-5 1.41197E-5 5.233E-6 1.82126E-6 2.27245E-5 4.55252E-6 2.56614E-4 2.48432E-4 1.09234E-3 1.08446E-3 5.66525E-4 8.98906E-4 1.7522E-3 -9999 -9999 -9999 -9999 -9999 -9999 -9999 -9999 -9999 -9999 -9999 -9999 -9999 -9999 -9999 -9999 -9999 -9999 -9999 -9999 -9999 -9999 -9999 -9999 -9999 -9999 -9999 -9999 -9999 -9999 -9999
9.99989E-1 9.99871E-1 9.99984E-1 9.99898E-1 9.99649E-1 9.97243E-1 9.99381E-1 9.99931E-1 9.99992E-1 9.99485E-1 9.9099E-1 9.95925E-1 6.96767E-1 6.70832E-2 7.70952E-2 1.28497E-1 1.51035E-1 6.61588E-2 5.24699E-2 5.19953E-3 3.51904E-4 4.60212E-5 4.90463E-4 8.36465E-4 3.37844E-4 3.80399E-4 2.43088E-4 1.68212E-5 2.61298E-6 1.32181E-6 1.85062E-6 1.95277E-6 1.59527E-5 2.89221E-6 1.94044E-4 5.14311E-4 1.59898E-3 6.03482E-4 1.57037E-3 2.0825E-3 5.41878E-3 -9999 -9999 -9999 -9999 -9999 -9999 -9999 -9999 -9999 -9999 -9999 -9999 -9999 -9999 -9999 -9999 -9999 -9999 -9999 -9999 -9999 -9999 -9999 -9999 -9999 -9999 -9999 -9999 -9999 -9999 -9999
9.99985E-1 9.99644E-1 9.99764E-1 9.99715E-1 9.98545E-1 9.94404E-1 9.99858E-1 9.99247E-1 9.9947E-1 9.99086E-1 9.97231E-1 9.74809E-1 8.60442E-1 1.51016E-1 7.78137E-2 3.03132E-2 1.8973E-2 1.41271E-2 1.00223E-2 6.90595E-3 7.54116E-3 2.12954E-3 5.78537E-5 1.03807E-4 2.67825E-5 1.21864E-4 2.11007E-4 1.01512E-4 8.80735E-6 4.67685E-6 4.35868E-6 1.45084E-5 1.65137E-5 8.75585E-5 1.98129E-4 4.6482E-4 1.11766E-3 1.90004E-3 3.30851E-3 1.8837E-3 1.64733E-3 -9999 -9999 -9999 -9999 -9999 -9999 -9999 -9999 -9999 -9999 -9999 -9999 -9999 -9999 -9999 -9999 -9999 -9999 -9999 -9999 -9999 -9999 -9999 -9999 -9999 -9999 -9999 -9999 -9999 -9999 -9999
9.99914E-1 9.99976E-1 9.99989E-1 9.99294E-1 9.72105E-1 9.83488E-1 9.95989E-1 9.99016E-1 9.99033E-1 9.99105E-1 9.96152E-1 9.92767E-1 9.78492E-1 7.49819E-1 2.85925E-1 1.11656E-1 2.99559E-2 8.7297E-3 2.04212E-3 2.45542E-3 1.27152E-2 4.74355E-3 2.48646E-3 1.92616E-4 5.79251E-5 2.98185E-5 1.2622E-4 8.21354E-5 4.3357E-5 4.01844E-5 6.20016E-5 1.0582E-4 3.44687E-4 4.97103E-5 2.36119E-4 1.3372E-3 1.29494E-3 1.05331E-3 2.15349E-3 8.14639E-3 1.38018E-3 -9999 -9999 -9999 -9999 -9999 -9999 -9999 -9999 -9999 -9999 -9999 -9999 -9999 -9999 -9999 -9999 -9999 -9999 -9999 -9999 -9999 -9999 -9999 -9999 -9999 -9999 -9999 -9999 -9999 -9999 -9999
9.99445E-1 1E0 9.99999E-1 9.96571E-1 9.97272E-1 9.92836E-1 9.92306E-1 9.99439E-1 9.977E-1 9.93833E-1 9.39512E-1 9.18873E-1 8.97173E-1 8.68877E-1 6.10629E-1 3.61772E-1 5.80704E-2 1.4881E-2 4.598E-2 9.25296E-3 4.12884E-3 1.37637E-2 1.37233E-2 6.80023E-3 1.51834E-4 7.78788E-6 2.82498E-5 9.58644E-5 2.91635E-5 3.03835E-5 1.99884E-4 1.0322E-4 2.61447E-4 2.4961E-5 1.30866E-4 4.22277E-4 1.58764E-4 3.85601E-4 1.14209E-3 5.25501E-3 1.00103E-3 2.08103E-3 -9999 -9999 -9999 -9999 -9999 -9999 -9999 -9999 -9999 -9999 -9999 -9999 -9999 -9999 -9999 -9999 -9999 -9999 -9999 -9999 -9999 -9999 -9999 -9999 -9999 -9999 -9999 -9999 -9999 -9999
9.99849E-1 9.99947E-1 9.99979E-1 9.99963E-1 9.9981E-1 9.99963E-1 9.99643E-1 9.93549E-1 9.94082E-1 9.89292E-1 5.80949E-1 3.90999E-1 2.48691E-1 4.11991E-1 3.26946E-1 1.76E-1 3.08192E-2 9.05084E-2 8.29687E-2 1.70987E-1 2.43769E-3 4.47211E-3 1.5074E-3 2.83284E-4 6.87927E-5 1.09438E-5 9.45933E-6 1.24918E-4 2.34649E-4 2.08209E-4 3.99773E-4 6.85148E-4 1.24944E-4 3.24024E-5 1.23983E-4 1.5319E-4 2.96081E-4 1.66854E-3 1.91961E-3 5.38322E-3 4.08286E-4 2.92261E-3 -9999 -9999 -9999 -9999 -9999 -9999 -9999 -9999 -9999 -9999 -9999 -9999 -9999 -9999 -9999 -9999 -9999 -9999 -9999 -9999 -9999 -9999 -9999 -9999 -9999 -9999 -9999 -9999 -9999 -9999
9.99469E-1 9.99062E-1 9.96369E-1 9.99553E-1 9.97967E-1 9.99952E-1 9.99746E-1 9.9612E-1 9.83991E-1 9.70755E-1 9.71147E-1 7.8178E-1 1.40778E-1 7.7303E-2 9.00226E-2 8.50802E-2 6.39052E-2 2.25978E-1 8.64038E-2 4.3354E-2 4.92788E-4 5.41101E-4 1.95124E-4 1.89453E-5 8.65046E-6 6.98964E-6 3.47947E-5 1.83682E-4 2.42404E-4 9.4735E-4 3.40749E-3 5.30381E-4 3.41853E-4 1.70155E-4 2.06492E-4 5.53374E-4 9.21266E-4 1.44625E-3 3.02007E-3 9.00808E-3 9.99373E-4 6.34286E-3 -9999 -9999 -9999 -9999 -9999 -9999 -9999 -9999 -9999 -9999 -9999 -9999 -9999 -9999 -9999 -9999 -9999 -9999 -9999 -9999 -9999 -9999 -9999 -9999 -9999 -9999 -9999 -9999 -9999 -9999
9.897E-1 9.65306E-1 9.60063E-1 9.6886E-1 9.79943E-1 9.97512E-1 9.99098E-1 9.97335E-1 9.96872E-1 9.89711E-1 9.73551E-1 8.86011E-1 2.39057E-1 1.48421E-1 1.18009E-1 2.62839E-1 2.18988E-1 3.36254E-1 7.21569E-2 7.76221E-3 5.5526E-4 4.97171E-4 8.04285E-5 1.23565E-5 2.56028E-5 1.04801E-4 1.81045E-4 2.67929E-4 3.61164E-4 6.44501E-4 1.12643E-3 6.31066E-4 1.12203E-4 1.94466E-5 5.13907E-4 7.66267E-4 1.03232E-3 1.71812E-3 1.48895E-2 1.23847E-3 4.32546E-3 5.26247E-3 -9999 -9999 -9999 -9999 -9999 -9999 -9999 -9999 -9999 -9999 -9999 -9999 -9999 -9999 -9999 -9999 -9999 -9999 -9999 -9999 -9999 -9999 -9999 -9999 -9999 -9999 -9999 -9999 -9999 -9999
9.77501E-1 9.6516E-1 9.69265E-1 9.52534E-1 9.62765E-1 9.77455E-1 9.98405E-1 9.98895E-1 9.97667E-1 9.74964E-1 9.75983E-1 9.52036E-1 8.7035E-1 3.47671E-1 3.10477E-1 7.44318E-1 2.83685E-2 3.60364E-2 2.03308E-2 3.66643E-3 2.84749E-3 9.62731E-4 7.14015E-4 1.30281E-4 2.23051E-4 3.75041E-4 8.68894E-4 4.05359E-4 1.44674E-3 1.80249E-3 3.00946E-3 1.06597E-3 1.00655E-4 3.36616E-4 1.03259E-3 1.36376E-3 1.23696E-3 1.27715E-2 4.09247E-3 3.47848E-3 1.07243E-2 1.00597E-2 -9999 -9999 -9999 -9999 -9999 -9999 -9999 -9999 -9999 -9999 -9999 -9999 -9999 -9999 -9999 -9999 -9999 -9999 -9999 -9999 -9999 -9999 -9999 -9999 -9999 -9999 -9999 -9999 -9999 -9999
9.99853E-1 9.91671E-1 9.93182E-1 9.92221E-1 9.90567E-1 9.95159E-1 9.96123E-1 9.98031E-1 9.76467E-1 9.74791E-1 9.85249E-1 9.75834E-1 9.35466E-1 8.54358E-1 5.70636E-1 8.33475E-1 2.79771E-1 5.0341E-2 3.0935E-2 3.6335E-3 2.93595E-3 2.24749E-3 5.05377E-4 3.11344E-4 1.18505E-3 3.64004E-3 2.35299E-3 2.73453E-3 5.50986E-3 4.67762E-3 3.05136E-3 7.0497E-4 2.68007E-4 8.4039E-4 9.33431E-4 4.72668E-3 1.98269E-2 5.00623E-3 8.74139E-4 9.22625E-3 1.27987E-2 2.4093E-2 -9999 -9999 -9999 -9999 -9999 -9999 -9999 -9999 -9999 -9999 -9999 -9999 -9999 -9999 -9999 -9999 -9999 -9999 -9999 -9999 -9999 -9999 -9999 -9999 -9999 -9999 -9999 -9999 -9999 -9999
9.99985E-1 9.9371E-1 9.80386E-1 9.84788E-1 9.94411E-1 9.98656E-1 9.97237E-1 9.92432E-1 9.8366E-1 9.08545E-1 9.68051E-1 9.1725E-1 9.47895E-1 9.70328E-1 5.47309E-2 3.28934E-1 2.39429E-1 5.50904E-2 1.47874E-2 5.19458E-3 6.44651E-3 2.71381E-3 8.65549E-4 2.56183E-3 5.48255E-3 7.66931E-3 3.06966E-3 6.5292E-3 1.90622E-2 2.99737E-3 1.11783E-3 1.64437E-4 3.04512E-4 8.76731E-4 1.56065E-3 2.33371E-3 1.64276E-3 1.00725E-3 8.0194E-3 1.23193E-2 3.08217E-2 3.48705E-2 -9999 -9999 -9999 -9999 -9999 -9999 -9999 -9999 -9999 -9999 -9999 -9999 -9999 -9999 -9999 -9999 -9999 -9999 -9999 -9999 -9999 -9999 -9999 -9999 -9999 -9999 -9999 -9999 -9999 -9999
9.99855E-1 9.99229E-1 9.99457E-1 9.97285E-1 9.97728E-1 9.91994E-1 9.92382E-1 9.83761E-1 9.39371E-1 9.24535E-1 9.62141E-1 8.57722E-1 5.08734E-1 6.69955E-1 1.53059E-1 1.43251E-1 6.34106E-1 5.97595E-2 1.51536E-2 4.86996E-3 7.64334E-3 1.14191E-2 5.09821E-3 8.95522E-3 2.21776E-2 1.27562E-2 1.00904E-2 1.75229E-2 6.26377E-3 1.03262E-3 3.0854E-4 3.79917E-5 7.7357E-4 1.5612E-3 4.95867E-3 1.06368E-3 4.01303E-3 1.11044E-2 2.93694E-2 3.43571E-2 5.33902E-2 -9999 -9999 -9999 -9999 -9999 -9999 -9999 -9999 -9999 -9999 -9999 -9999 -9999 -9999 -9999 -9999 -9999 -9999 -9999 -9999 -9999 -9999 -9999 -9999 -9999 -9999 -9999 -9999 -9999 -9999 -9999
9.93442E-1 9.96464E-1 9.99087E-1 9.98395E-1 9.96644E-1 9.55216E-1 9.81658E-1 9.79698E-1 8.7942E-1 8.15949E-1 8.83915E-1 7.22309E-1 2.31776E-1 1.93999E-1 7.63777E-2 2.11884E-2 1.83723E-1 5.19543E-2 5.16282E-2 5.87655E-3 1.08292E-2 2.57977E-2 1.63584E-2 1.60801E-2 2.26269E-2 1.86361E-2 3.18061E-2 1.24468E-2 4.93415E-3 5.25936E-4 2.60662E-4 2.2616E-4 2.72875E-3 4.26912E-3 1.30638E-3 1.28696E-3 1.62108E-2 2.99864E-2 4.2149E-2 1.89756E-2 9.38146E-3 -9999 -9999 -9999 -9999 -9999 -9999 -9999 -9999 -9999 -9999 -9999 -9999 -9999 -9999 -9999 -9999 -9999 -9999 -9999 -9999 -9999 -9999 -9999 -9999 -9999 -9999 -9999 -9999 -9999 -9999 -9999
9.96997E-1 9.99718E-1 9.9949E-1 9.97773E-1 9.95612E-1 9.71128E-1 9.35626E-1 8.37288E-1 5.64237E-1 5.4212E-1 3.37697E-1 3.21275E-1 1.69131E-1 7.20237E-2 1.21771E-1 4.13455E-2 3.95183E-2 6.14656E-2 6.17032E-2 4.98802E-2 2.19432E-2 3.19248E-2 1.38886E-2 1.13846E-2 1.30494E-2 9.69969E-3 3.90208E-3 3.54818E-3 6.41378E-4 5.04423E-4 7.86864E-4 1.26481E-3 4.55378E-3 2.12841E-3 7.93606E-4 1.04081E-2 1.95514E-2 9.21143E-3 8.60669E-3 8.72234E-3 -9999 -9999 -9999 -9999 -9999 -9999 -9999 -9999 -9999 -9999 -9999 -9999 -9999 -9999 -9999 -9999 -9999 -9999 -9999 -9999 -9999 -9999 -9999 -9999 -9999 -9999 -9999 -9999 -9999 -9999 -9999 -9999
9.19175E-1 9.83649E-1 9.99356E-1 9.92839E-1 9.67206E-1 8.88682E-1 7.36545E-1 1.43467E-1 1.63213E-1 1.70586E-1 1.18472E-1 1.05081E-1 1.36598E-1 9.79098E-2 1.85686E-2 1.3903E-2 1.95698E-2 1.4738E-1 3.49178E-1 3.0682E-1 5.14411E-2 7.06375E-2 3.51439E-2 2.6494E-2 2.16635E-2 5.13753E-3 3.30109E-3 1.05043E-3 8.36938E-4 2.3302E-4 5.631E-4 2.84778E-3 1.80058E-3 3.21832E-3 1.33364E-2 4.60096E-3 1.40987E-2 1.51995E-2 1.21511E-2 -9999 -9999 -9999 -9999 -9999 -9999 -9999 -9999 -9999 -9999 -9999 -9999 -9999 -9999 -9999 -9999 -9999 -9999 -9999 -9999 -9999 -9999 -9999 -9999 -9999 -9999 -9999 -9999 -9999 -9999 -9999 -9999 -9999
8.6031E-1 9.81339E-1 9.95785E-1 9.84159E-1 8.45218E-1 5.31866E-1 2.88718E-1 7.1014E-2 5.81851E-2 1.04723E-1 2.20051E-1 1.65137E-1 1.10976E-1 5.23764E-2 1.20699E-2 1.20943E-2 1.84429E-2 1.72175E-1 4.25999E-1 3.87243E-2 6.97396E-2 2.18368E-2 1.71558E-2 3.47116E-2 8.04689E-3 4.87362E-3 2.45063E-3 3.02487E-3 1.19168E-3 5.52518E-4 1.79519E-3 1.53592E-3 1.70928E-2 4.47075E-3 1.24333E-2 9.48004E-3 1.2224E-2 1.12885E-2 1.43216E-2 1.92683E-2 -9999 -9999 -9999 -9999 -9999 -9999 -9999 -9999 -9999 -9999 -9999 -9999 -9999 -9999 -9999 -9999 -9999 -9999 -9999 -9999 -9999 -9999 -9999 -9999 -9999 -9999 -9999 -9999 -9999 -9999 -9999 -9999
6.08533E-1 5.41391E-1 5.15905E-1 5.58287E-1 3.74282E-1 1.34503E-1 9.88086E-2 5.8233E-2 3.45468E-2 2.94446E-2 8.72713E-2 3.43321E-1 1.56737E-1 4.32221E-2 5.78712E-3 8.48459E-3 2.08629E-2 3.64072E-1 4.21237E-1 9.4151E-2 7.78612E-2 4.23487E-2 8.28476E-2 4.02262E-2 3.07751E-2 4.59163E-2 1.07948E-2 2.0255E-2 3.82789E-3 1.82091E-3 3.25042E-3 2.11345E-3 1.35666E-2 1.25508E-2 1.21523E-2 1.00168E-2 2.25841E-2 2.5935E-2 1.68429E-2 1.66139E-2 -9999 -9999 -9999 -9999 -9999 -9999 -9999 -9999 -9999 -9999 -9999 -9999 -9999 -9999 -9999 -9999 -9999 -9999 -9999 -9999 -9999 -9999 -9999 -9999 -9999 -9999 -9999 -9999 -9999 -9999 -9999 -9999
3.67923E-1 2.69668E-1 2.1826E-1 2.53209E-1 8.94763E-2 5.16974E-2 3.72149E-2 2.83567E-2 7.93154E-2 4.99999E-2 9.64549E-2 1.92245E-1 1.31834E-1 2.68169E-2 9.55801E-3 3.43225E-3 5.76691E-3 4.26611E-3 4.54714E-2 1.8318E-1 6.71697E-2 2.25489E-2 8.77375E-2 1.65798E-2 9.5346E-3 1.57282E-2 2.88766E-2 6.74819E-3 1.60789E-2 8.38602E-3 1.0464E-2 8.74852E-3 9.49929E-3 8.92098E-3 9.84544E-3 7.6108E-3 2.02467E-2 2.0005E-2 4.57484E-3 -9999 -9999 -9999 -9999 -9999 -9999 -9999 -9999 -9999 -9999 -9999 -9999 -9999 -9999 -9999 -9999 -9999 -9999 -9999 -9999 -9999 -9999 -9999 -9999 -9999 -9999 -9999 -9999 -9999 -9999 -9999 -9999 -9999
