ENM/Final_Models/M_1_F_lqp_Set_1_EC/Gustavia_santanderiensis_6_Choco_clamping.asc
ncols         367
nrows         963
xllcorner     -78.6
yllcorner     0.65
cellsize      0.00833333333333323
NODATA_value  -9999
[rows 496 to 526 of 963, columns 140 to 209 of 367]
-9999 -9999 -9999 -9999 -9999 -9999 -9999 -9999 -9999 -9999 -9999 -9999 -9999 -9999 -9999 -9999 -9999 -9999 -9999 4.42757E-7 3.91872E-5 2.35423E-5 8.83152E-7 5.04151E-7 6.33594E-7 1.07296E-6 1.24948E-6 1.42248E-6 3.02163E-7 4.04532E-7 1.23282E-9 6.80298E-6 8.01532E-7 4.46228E-8 2.9598E-8 2.00042E-6 1.78889E-7 1.5449E-8 2.90376E-11 1.94364E-10 1.12346E-10 1.38907E-9 8.52036E-10 6.00653E-12 1.81578E-8 2.70984E-11 4.33564E-8 1.81954E-10 7.57932E-8 9.76429E-11 2.55984E-11 2.8383E-9 3.73255E-7 3.30112E-9 4.42324E-10 1.56244E-7 8.7159E-9 3.5164E-8 5.31234E-7 4.71095E-8 2.77917E-8 3.55759E-9 1.82398E-7 6.02866E-8 2.11541E-6 3.39552E-8 4.10866E-9 6.23578E-6 3.31345E-6 1.80182E-7
-9999 -9999 -9999 -9999 -9999 -9999 -9999 -9999 -9999 -9999 -9999 -9999 -9999 -9999 -9999 -9999 -9999 -9999 -9999 9.39541E-7 4.03438E-6 7.84828E-7 5.74158E-7 2.1254E-6 1.03783E-6 5.78686E-9 6.98806E-7 1.9635E-5 6.1201E-7 6.15205E-6 1.69487E-7 1.07853E-8 1.69273E-8 1.73783E-9 4.21256E-8 3.26892E-9 5.03899E-9 6.01327E-10 6.26423E-9 3.98386E-10 8.321E-9 1.92245E-6 1.69966E-9 5.63923E-9 3.1917E-10 6.50761E-8 2.63748E-8 9.57509E-8 7.39831E-9 3.22617E-11 4.25642E-9 3.20283E-8 4.32327E-7 1.05173E-7 6.99187E-8 1.33968E-8 5.7003E-9 3.83996E-8 1.49948E-7 5.34378E-8 2.61094E-8 4.51425E-7 3.12381E-7 5.98197E-7 6.75588E-8 8.54308E-8 1.92668E-6 5.24422E-6 7.14002E-8 3.43738E-6
-9999 -9999 -9999 -9999 -9999 -9999 -9999 -9999 -9999 -9999 -9999 -9999 -9999 -9999 -9999 -9999 -9999 -9999 1.01292E-8 6.63558E-5 2.77105E-5 9.97495E-3 1.32209E-6 6.7348E-6 9.18131E-7 9.92235E-9 6.73288E-7 8.28623E-6 1.39917E-4 1.03809E-5 3.84118E-7 1.62358E-8 1.79037E-9 5.65784E-7 1.74828E-6 6.91506E-7 1.56289E-8 1.3915E-10 3.21966E-8 1.10595E-8 2.9756E-9 2.5006E-8 2.9644E-8 4.57639E-8 2.3235E-7 4.58002E-9 1.95738E-9 8.35166E-10 6.54997E-9 3.47864E-10 2.19742E-8 1.14414E-7 3.46102E-6 1.22396E-8 1.06543E-8 3.33311E-7 9.88495E-7 9.45905E-7 6.83843E-7 7.88514E-9 4.19226E-7 5.07999E-8 7.13917E-7 7.62694E-8 1.99946E-8 3.50212E-8 1.88644E-9 1.36577E-6 4.00314E-6 1.32536E-6
-9999 -9999 -9999 -9999 -9999 -9999 -9999 -9999 -9999 -9999 -9999 -9999 -9999 -9999 -9999 -9999 -9999 -9999 3.1306E-6 1.22205E-4 5.0106E-3 3.59184E-5 5.16723E-7 4.34416E-6 8.94805E-8 3.87923E-8 1.10174E-5 1.5841E-4 1.17452E-5 2.72648E-6 2.89598E-6 4.46983E-7 1.29472E-8 4.81988E-8 1.2446E-8 1.08657E-6 6.47296E-6 3.16652E-7 5.08615E-9 6.09768E-8 5.79837E-8 3.33925E-7 1.66802E-6 2.03753E-6 2.32785E-7 3.98151E-8 6.93933E-7 4.76411E-9 1.05482E-7 2.7497E-8 4.05382E-8 3.3831E-7 3.20256E-6 4.20258E-8 3.71446E-7 1.19166E-8 1.58336E-7 4.9548E-8 1.32345E-8 2.10498E-8 1.12152E-8 1.93917E-8 2.76877E-8 3.08528E-6 7.03457E-6 6.04923E-7 1.40294E-7 6.62399E-7 3.07569E-8 1.53394E-7
-9999 -9999 -9999 -9999 -9999 -9999 -9999 -9999 -9999 -9999 -9999 -9999 -9999 -9999 -9999 -9999 -9999 3.08784E-8 4.3232E-7 6.06057E-5 1.09077E-3 5.81743E-6 4.79232E-3 2.74429E-3 6.34417E-5 4.84524E-8 1.76733E-5 5.44775E-6 4.73249E-7 1.0254E-6 8.45126E-7 9.08352E-7 1.65822E-7 7.00113E-8 3.33607E-6 1.22868E-6 1.37399E-7 1.62908E-7 6.04033E-10 5.16758E-7 9.55323E-9 1.34401E-7 3.16181E-5 8.42831E-6 5.8943E-6 8.8313E-7 2.79189E-7 9.46656E-7 2.17509E-7 1.74946E-9 8.43247E-11 2.54691E-9 5.59348E-8 8.45808E-7 3.98807E-7 2.91902E-7 1.0025E-6 1.32026E-7 4.70374E-9 1.87483E-8 7.55223E-9 5.94038E-8 1.72037E-9 3.31952E-6 1.93439E-7 5.42824E-7 1.83422E-8 9.73139E-9 1.71277E-8 1.46685E-7
-9999 -9999 -9999 -9999 -9999 -9999 -9999 -9999 -9999 -9999 -9999 -9999 -9999 -9999 -9999 -9999 -9999 1.83557E-8 1.0915E-7 4.15781E-5 1.80956E-4 6.87495E-4 2.44737E-3 3.64455E-6 4.95415E-5 1.68516E-7 1.32256E-6 9.34054E-7 1.30423E-5 1.87226E-6 7.92946E-7 1.86389E-6 6.19261E-7 4.13366E-8 9.3409E-9 3.26415E-7 2.87483E-9 3.79462E-8 1.00077E-7 2.34906E-7 1.88307E-8 6.85727E-8 9.48858E-8 8.84092E-8 4.55454E-6 2.25593E-7 6.28993E-8 9.69838E-7 1.17534E-9 1.22288E-9 3.79752E-9 1.91711E-8 1.15563E-9 9.25679E-6 1.4869E-6 1.48815E-5 2.066E-5 1.10106E-7 1.89928E-9 1.46773E-8 8.06674E-9 3.16718E-8 1.80637E-7 6.48533E-7 8.09004E-8 1.34591E-7 4.47412E-7 1.81974E-7 1.00953E-7 1.51878E-7
-9999 -9999 -9999 -9999 -9999 -9999 -9999 -9999 -9999 -9999 -9999 -9999 -9999 -9999 -9999 -9999 -9999 3.74441E-8 7.49789E-7 1.60349E-7 2.56894E-7 3.93041E-7 1.01454E-5 7.19561E-7 7.43649E-9 1.01581E-7 8.62262E-8 1.87168E-9 1.06588E-5 9.96496E-8 7.12816E-8 1.18942E-7 2.67085E-9 6.61527E-9 5.09473E-9 1.83758E-7 2.43964E-7 7.52773E-6 9.788E-7 3.70116E-6 6.49953E-7 6.59922E-8 4.49347E-7 1.48494E-6 1.02198E-6 1.49047E-6 6.27359E-7 4.46136E-8 2.05823E-9 1.2533E-8 2.50789E-9 4.72346E-8 7.90375E-8 7.24315E-5 7.64234E-7 3.44786E-7 8.61396E-6 1.78719E-7 7.7453E-8 4.03987E-8 5.54218E-8 9.54671E-8 7.10889E-9 1.57167E-8 9.30993E-8 4.42148E-9 4.09055E-7 3.2202E-8 1.37737E-7 1.65427E-7
-9999 -9999 -9999 -9999 -9999 -9999 -9999 -9999 -9999 -9999 -9999 -9999 -9999 -9999 -9999 -9999 -9999 4.80478E-8 4.23129E-10 3.15508E-5 1.33445E-6 1.01513E-6 8.86012E-8 4.61323E-8 1.6145E-8 3.12678E-7 5.1554E-8 1.32564E-8 7.14675E-6 2.47514E-7 1.47949E-7 1.43878E-9 1.02441E-9 3.02546E-9 1.35357E-8 2.02669E-7 5.80762E-8 1.0817E-8 4.28195E-7 3.19402E-7 2.06609E-6 2.20236E-8 6.13585E-9 5.56846E-9 4.36644E-8 7.04791E-8 9.12216E-10 1.78861E-7 7.27345E-9 1.31187E-8 3.71968E-10 6.0244E-8 -9999 1.19369E-4 5.50026E-6 1.76218E-6 4.18506E-8 1.61794E-7 7.00357E-6 4.85587E-8 5.76505E-9 1.53715E-9 3.32972E-9 4.30215E-9 2.98738E-8 8.47775E-7 4.98778E-6 2.5974E-6 5.65561E-7 2.16673E-9
-9999 -9999 -9999 -9999 -9999 -9999 -9999 -9999 -9999 -9999 -9999 -9999 -9999 -9999 -9999 -9999 7.0482E-7 4.37085E-7 8.87788E-8 1.42776E-6 3.84084E-3 5.42288E-6 1.77952E-6 2.67502E-6 2.07345E-5 3.63372E-5 1.74008E-8 3.31279E-9 5.15879E-9 4.84783E-10 1.94088E-9 4.72931E-9 1.42294E-7 1.84032E-6 1.44846E-6 1.08038E-6 4.53753E-8 1.09057E-6 3.50134E-5 6.153E-6 1.48355E-5 1.91779E-7 1.26471E-6 2.78432E-8 1.41394E-8 1.73188E-8 9.94416E-9 5.56189E-9 1.26564E-8 1.51171E-8 7.90746E-8 -9999 2.77596E-8 8.68172E-6 1.25941E-6 9.29702E-8 3.04818E-8 6.5903E-7 1.4229E-6 8.17685E-9 5.54159E-11 3.82445E-11 1.50879E-7 4.39875E-9 3.55753E-7 9.17789E-7 3.77578E-5 1.11888E-5 1.72498E-6 3.9168E-7
-9999 -9999 -9999 -9999 -9999 -9999 -9999 -9999 -9999 -9999 -9999 -9999 -9999 -9999 -9999 -9999 9.42596E-8 2.64501E-7 3.43864E-10 3.48535E-9 1.51052E-4 2.24216E-4 1.10081E-5 2.66136E-7 8.26569E-6 1.47283E-7 7.16192E-5 6.6088E-9 4.84324E-10 9.2696E-9 1.29586E-8 7.18421E-8 1.30133E-7 1.08366E-6 1.05088E-6 5.61566E-7 2.99899E-7 2.63167E-7 2.86738E-7 3.22685E-6 1.6962E-6 3.56706E-7 9.76964E-8 1.37442E-9 3.10006E-8 2.2423E-9 2.21534E-8 6.68668E-10 7.22268E-10 2.79854E-12 2.83062E-11 1.28722E-8 2.9545E-7 1.28836E-6 5.19477E-6 9.8335E-8 7.22354E-10 4.07616E-7 1.32828E-7 1.55843E-7 3.70209E-11 5.57291E-11 1.08814E-6 3.08426E-8 8.72132E-9 2.5763E-8 4.23545E-7 2.16136E-7 3.45408E-7 3.41931E-7
-9999 -9999 -9999 -9999 -9999 -9999 -9999 -9999 -9999 -9999 -9999 -9999 -9999 -9999 -9999 -9999 7.28112E-9 9.27232E-10 5.15702E-9 2.46298E-6 5.29166E-6 1.01632E-3 1.17873E-6 6.31207E-6 2.23878E-6 1.95517E-7 1.72392E-7 5.11274E-9 3.11341E-7 4.55953E-8 1.57992E-7 1.17404E-7 8.30851E-7 3.90862E-7 9.69011E-7 1.54417E-8 6.229E-9 6.17455E-8 2.91636E-8 2.59384E-6 1.62128E-6 2.77924E-9 5.90865E-9 3.26872E-10 1.20704E-9 6.33804E-12 2.63104E-8 4.44328E-10 2.12791E-8 7.61956E-9 2.05838E-7 -9999 4.10041E-8 3.05572E-8 5.40049E-8 2.01205E-8 1.42941E-8 7.26698E-9 2.61127E-8 1.69938E-8 3.376E-11 1.71441E-10 3.24286E-9 9.29131E-8 7.69953E-7 9.19774E-7 8.20484E-8 7.44202E-8 4.04525E-6 5.74143E-7
-9999 -9999 -9999 -9999 -9999 -9999 -9999 -9999 -9999 -9999 -9999 -9999 -9999 -9999 -9999 -9999 7.91293E-10 2.46278E-7 1.17405E-8 1.05772E-9 1.35757E-7 3.47756E-4 5.43543E-6 3.54505E-7 2.10398E-6 1.40551E-5 3.43529E-8 2.95173E-8 1.202E-9 9.33474E-8 7.73239E-8 5.11868E-8 1.55048E-9 8.92163E-10 2.92916E-8 7.24149E-8 6.18597E-7 1.71081E-5 1.10881E-5 7.90557E-6 3.64781E-9 2.8422E-9 5.9614E-9 7.06187E-10 4.36091E-9 2.66356E-10 5.51323E-10 1.08198E-8 1.32211E-8 4.19775E-13 8.48595E-9 1.01072E-6 8.53124E-9 -9999 6.5521E-7 4.62206E-9 7.42761E-9 1.15225E-10 7.32873E-8 2.48871E-8 2.20032E-10 1.03023E-7 9.01402E-9 8.00141E-8 2.11538E-9 4.09631E-8 2.89745E-5 3.65784E-7 4.92888E-7 3.87367E-7
-9999 -9999 -9999 -9999 -9999 -9999 -9999 -9999 -9999 -9999 -9999 -9999 -9999 -9999 -9999 -9999 7.18799E-11 2.33629E-9 4.47005E-7 1.78409E-5 1.59014E-7 6.2396E-8 2.98949E-8 3.69443E-6 2.46232E-6 1.2455E-5 9.88906E-6 6.82245E-7 3.10456E-6 6.43217E-7 9.60322E-8 3.54021E-7 9.27678E-8 2.058E-8 5.03843E-9 7.80868E-10 1.13638E-7 1.48932E-7 2.97325E-6 2.34159E-8 6.97587E-10 1.92997E-9 3.65409E-9 4.15139E-9 4.56693E-9 9.56265E-11 1.06756E-10 1.71939E-8 5.02507E-8 1.03177E-11 2.81518E-8 1.50131E-8 -9999 1.34023E-6 3.88446E-7 3.15664E-9 1.43644E-8 9.50635E-9 7.07218E-8 1.42242E-8 1.68405E-7 3.06641E-10 1.31022E-8 5.66421E-8 1.3895E-7 1.4135E-6 9.27101E-7 6.12222E-7 4.76857E-6 2.98182E-7
-9999 -9999 -9999 -9999 -9999 -9999 -9999 -9999 -9999 -9999 -9999 -9999 -9999 -9999 -9999 -9999 1.19702E-7 2.11601E-7 3.86548E-6 5.06342E-7 8.01029E-8 4.2402E-7 9.92556E-9 5.16977E-7 5.89472E-6 1.29793E-6 6.8663E-7 1.04292E-6 1.27084E-7 2.8163E-8 1.17656E-8 2.70538E-8 1.25143E-8 7.50245E-11 2.60975E-9 1.73524E-8 7.73725E-8 2.58243E-8 8.58759E-9 2.68216E-9 2.64993E-9 1.30503E-7 2.28458E-8 2.47977E-8 3.43832E-8 9.7398E-10 1.2725E-7 3.53406E-8 5.24526E-7 4.15239E-10 5.0545E-9 7.12587E-10 4.12274E-8 1.81579E-7 1.83371E-5 1.26516E-7 3.61508E-7 2.49469E-9 3.04778E-8 1.57761E-7 1.96343E-6 2.29512E-5 1.98749E-7 5.55647E-7 2.9748E-8 4.57348E-8 2.49487E-6 1.06529E-5 1.62525E-7 3.18913E-6
-9999 -9999 -9999 -9999 -9999 -9999 -9999 -9999 -9999 -9999 -9999 -9999 -9999 -9999 -9999 -9999 5.00278E-9 4.70767E-3 3.89064E-4 4.641E-5 3.82189E-6 5.57561E-7 6.9894E-7 4.68147E-8 2.10266E-7 1.25869E-8 9.41568E-10 1.13271E-8 2.92652E-8 2.58117E-6 4.58619E-6 5.9725E-6 3.93461E-9 8.22549E-8 6.80537E-8 1.39191E-6 9.03139E-7 1.64399E-8 2.65455E-9 1.42402E-9 4.3086E-9 5.22004E-9 9.19479E-11 2.44085E-8 7.19475E-7 7.30509E-9 5.84841E-9 3.28961E-8 1.25414E-9 2.12145E-9 3.47503E-8 2.63743E-9 -9999 1.39951E-6 1.91193E-8 1.00079E-8 4.99117E-8 2.05947E-7 1.83664E-10 9.73532E-8 1.49094E-8 2.46535E-7 4.60421E-7 1.26127E-8 6.05822E-5 6.66812E-7 2.46235E-7 2.7802E-5 1.684E-5 1.19365E-7
-9999 -9999 -9999 -9999 -9999 -9999 -9999 -9999 -9999 -9999 -9999 -9999 -9999 -9999 -9999 -9999 9.8656E-9 2.44601E-4 1.62413E-4 3.41543E-5 2.54113E-3 1.78626E-4 3.03462E-6 4.10965E-8 4.86039E-7 1.6466E-5 2.94328E-6 5.83105E-6 1.22988E-7 5.34888E-7 1.02323E-6 7.51869E-7 3.21684E-5 1.7416E-5 4.05862E-6 3.0387E-6 1.78909E-7 1.49971E-6 2.46179E-7 4.64314E-10 5.88813E-8 1.0348E-9 5.50986E-9 1.3413E-9 7.80938E-10 1.07035E-8 1.2092E-8 7.35274E-9 2.59035E-8 1.00043E-7 8.76747E-8 -9999 7.83272E-5 1.4397E-6 1.56279E-6 4.12426E-7 1.33479E-5 1.16854E-6 2.01204E-7 1.42847E-8 1.05062E-10 7.00116E-9 2.05488E-8 1.27708E-7 4.00264E-7 3.47795E-6 9.22044E-7 2.0429E-5 6.30066E-7 1.46244E-5
-9999 -9999 -9999 -9999 -9999 -9999 -9999 -9999 -9999 -9999 -9999 -9999 -9999 -9999 -9999 -9999 6.84777E-5 4.31034E-4 8.63573E-4 6.48145E-6 8.34293E-5 1.35606E-4 1.85604E-4 3.66065E-5 6.41477E-8 1.24238E-7 4.7387E-8 4.65851E-9 1.6575E-5 1.02029E-6 2.23985E-4 3.2563E-5 2.31992E-5 1.06377E-7 4.40235E-6 2.22402E-6 6.61255E-5 2.80759E-5 1.41095E-9 4.84675E-9 5.13124E-9 4.03903E-8 7.18243E-9 2.94946E-10 1.08364E-7 1.34286E-8 4.86268E-9 4.24975E-10 1.00201E-9 1.01237E-8 2.85385E-8 1.00886E-9 4.06044E-7 2.32426E-8 3.88076E-7 3.14796E-8 1.61266E-7 1.95168E-9 3.86202E-8 7.7418E-9 3.97376E-7 7.4234E-9 4.03388E-7 5.60974E-8 2.75559E-7 8.76264E-8 8.51294E-7 1.92506E-6 3.24134E-5 6.38793E-5
-9999 -9999 -9999 -9999 -9999 -9999 -9999 -9999 -9999 -9999 -9999 -9999 -9999 -9999 -9999 -9999 1.80005E-6 2.9263E-5 5.34896E-4 4.06309E-4 8.39039E-3 1.52765E-5 7.91622E-5 1.52373E-5 4.15691E-6 7.38978E-8 1.05142E-7 2.74557E-7 1.21665E-5 3.12301E-5 3.17754E-6 3.5268E-4 8.3835E-4 9.39641E-6 1.444E-6 2.08811E-6 3.65668E-7 4.94565E-6 4.78036E-10 1.48347E-7 3.39167E-9 2.73757E-7 1.23156E-8 8.80348E-11 2.85268E-10 1.60224E-8 3.02036E-8 2.11961E-7 6.77435E-9 1.29592E-8 3.50302E-9 3.66185E-9 2.67169E-8 1.64931E-5 5.5297E-6 1.33379E-5 2.51712E-6 4.659E-7 5.989E-7 2.73085E-7 1.43535E-7 2.65839E-8 4.11605E-6 5.31815E-8 4.88557E-7 3.62924E-7 5.61467E-6 3.23345E-6 4.56208E-6 2.49586E-5
-9999 -9999 -9999 -9999 -9999 -9999 -9999 -9999 -9999 -9999 -9999 -9999 -9999 -9999 -9999 -9999 1.27606E-6 1.03121E-5 1.12709E-4 2.92717E-5 1.17058E-5 2.57035E-6 5.80363E-7 1.76389E-4 7.13311E-7 1.2612E-5 1.37565E-7 1.10307E-7 4.11151E-6 7.24108E-5 3.25158E-6 3.62094E-6 1.38775E-3 2.05525E-6 3.75913E-7 8.28999E-8 1.52683E-6 4.30132E-6 2.79302E-8 7.34099E-7 1.77824E-8 1.58766E-8 1.53619E-8 7.90424E-8 1.14218E-9 3.97292E-8 1.48577E-7 1.63811E-7 4.66257E-8 1.30891E-8 1.43848E-8 2.05447E-7 7.95085E-9 3.0965E-6 7.90604E-7 1.81491E-7 5.06987E-8 1.03239E-7 6.8283E-7 2.36305E-6 7.71369E-7 1.92267E-8 2.39538E-7 1.56249E-6 1.12196E-6 1.08407E-6 3.35728E-7 9.46153E-7 9.09473E-6 7.76978E-7
-9999 -9999 -9999 -9999 -9999 -9999 -9999 -9999 -9999 -9999 -9999 -9999 -9999 -9999 -9999 -9999 2.46083E-6 2.06716E-5 1.31878E-2 1.32411E-5 4.8598E-3 1.13646E-2 4.27908E-6 4.92493E-7 6.06817E-6 4.83453E-6 1.30625E-6 7.93337E-7 1.27756E-7 9.88438E-4 6.05913E-5 8.7819E-4 6.34065E-5 8.61238E-6 1.71736E-8 4.05679E-6 2.45685E-8 3.16282E-7 1.57555E-7 8.56187E-8 8.079E-7 5.88857E-8 4.54892E-7 1.52439E-7 1.09449E-6 1.45217E-6 5.21556E-8 3.30375E-7 9.67081E-8 1.7552E-10 1.1421E-8 7.90418E-8 2.8845E-9 9.85237E-5 3.26518E-7 4.55284E-7 9.56218E-8 2.88734E-7 2.53228E-6 6.19114E-8 5.80623E-6 8.18956E-8 2.29095E-6 6.2732E-7 1.252E-7 3.1305E-7 9.49196E-7 6.7835E-7 1.2421E-6 3.14267E-6
-9999 -9999 -9999 -9999 -9999 -9999 -9999 -9999 -9999 -9999 -9999 -9999 -9999 -9999 -9999 -9999 1.54863E-2 5.17398E-4 6.71938E-2 1.43235E-1 1.16353E-5 1.57052E-6 1.28865E-5 2.10102E-4 1.3129E-6 6.62857E-8 1.55686E-5 1.94909E-5 1.90251E-7 8.92307E-6 9.18491E-4 5.28415E-3 3.0173E-4 4.91343E-5 3.60855E-6 1.65722E-4 1.48592E-5 1.21392E-6 7.07729E-7 1.23852E-7 8.7475E-7 3.1535E-6 6.7992E-7 4.77485E-7 2.94671E-6 1.07527E-5 4.10054E-6 5.7891E-8 2.58004E-6 3.20539E-10 3.45162E-8 9.16321E-9 2.98444E-5 1.41115E-4 1.37089E-5 1.57582E-7 8.30754E-6 2.48287E-6 4.6966E-8 5.76703E-8 3.30925E-5 2.15775E-7 4.72365E-7 2.34328E-6 2.50277E-7 1.31E-5 3.26454E-5 2.96223E-5 3.61876E-5 1.4426E-5
-9999 -9999 -9999 -9999 -9999 -9999 -9999 -9999 -9999 -9999 -9999 -9999 -9999 -9999 -9999 -9999 5.08764E-6 1.44563E-3 6.52601E-5 3.57487E-6 3.25104E-7 2.31888E-6 3.21181E-6 1.16467E-5 4.98445E-6 3.46407E-6 4.05968E-6 1.98544E-5 1.55548E-6 1.86694E-4 1.08707E-2 2.25609E-2 2.71731E-3 5.41868E-3 2.49707E-5 2.88728E-6 1.82755E-8 2.18427E-7 9.69657E-8 6.82492E-8 1.74288E-7 4.86216E-7 1.69652E-6 1.02971E-6 3.06541E-7 1.18955E-7 4.7399E-7 4.18662E-8 2.8392E-7 3.53019E-8 1.77598E-5 2.13443E-8 1.34042E-5 1.34156E-4 5.91234E-4 3.2469E-6 6.50482E-8 7.23899E-7 1.13754E-4 6.0929E-4 5.38845E-5 9.32821E-6 8.67794E-7 1.77076E-5 1.40598E-5 6.8002E-5 5.77142E-6 1.53795E-6 4.53834E-5 2.59074E-5
-9999 -9999 -9999 -9999 -9999 -9999 -9999 -9999 -9999 -9999 -9999 -9999 -9999 -9999 -9999 -9999 2.51794E-6 5.74582E-7 7.20787E-6 2.13616E-6 7.63617E-7 1.95196E-6 5.03965E-6 7.6479E-5 4.69263E-6 9.60865E-7 1.7718E-6 9.53277E-7 9.69204E-5 9.23046E-4 2.89267E-5 1.40473E-4 8.45608E-5 1.68232E-3 4.908E-5 1.36246E-7 2.70948E-7 5.11118E-6 3.59271E-8 3.25245E-7 9.34037E-6 9.11163E-6 2.07476E-6 3.10343E-7 3.21016E-9 1.48639E-7 1.44796E-7 1.27296E-8 1.33712E-7 7.19988E-10 3.4725E-5 -9999 1.55829E-5 9.64097E-6 4.86463E-7 1.83866E-7 2.14343E-7 5.19225E-7 2.17566E-7 7.26197E-5 1.96555E-5 7.80465E-5 5.14409E-6 3.12764E-7 1.07053E-5 9.2588E-5 3.29959E-7 2.82003E-6 5.86323E-6 1.20396E-5
-9999 -9999 -9999 -9999 -9999 -9999 -9999 -9999 -9999 -9999 -9999 -9999 -9999 -9999 -9999 -9999 1.74724E-7 4.92024E-9 1.09177E-7 1.11295E-5 1.04926E-5 2.52415E-6 5.06417E-6 1.22267E-4 4.70612E-4 7.42349E-7 1.18849E-6 4.91398E-6 3.59219E-5 7.24995E-4 2.6693E-5 1.33095E-7 5.26185E-6 5.71371E-6 1.56438E-6 1.73501E-5 4.82756E-6 5.96451E-9 1.99532E-8 2.48974E-7 1.14319E-7 7.02561E-8 3.10869E-7 1.18667E-6 5.20059E-8 3.15136E-8 1.57718E-7 2.19638E-10 6.6809E-9 2.84376E-9 1.86676E-3 2.72083E-3 5.87208E-4 1.83457E-5 9.96774E-9 2.37397E-6 5.20413E-8 1.1948E-7 6.61174E-7 7.2007E-6 3.2246E-5 4.3438E-7 9.08345E-7 4.66345E-6 1.3774E-4 7.42417E-6 2.34392E-5 1.37881E-4 1.54874E-4 2.40889E-5
-9999 -9999 -9999 -9999 -9999 -9999 -9999 -9999 -9999 -9999 -9999 -9999 -9999 -9999 -9999 -9999 1.96449E-5 3.31963E-6 1.04735E-6 4.0134E-6 3.85391E-5 5.80603E-5 1.56524E-5 2.11314E-4 3.20558E-4 7.14282E-6 5.24528E-6 2.61761E-5 7.07122E-4 1.53978E-4 2.43372E-4 3.84623E-6 1.68718E-6 5.75083E-7 4.27192E-6 1.44011E-6 3.11307E-7 5.66443E-9 8.37328E-8 3.05225E-7 4.41837E-5 3.39721E-8 3.37561E-7 7.88575E-8 1.4013E-7 8.17466E-8 4.46109E-7 3.36234E-8 1.27816E-7 5.13585E-6 -9999 3.32938E-4 3.45927E-4 1.22742E-6 6.05059E-7 8.57652E-8 4.33272E-7 2.31057E-6 1.51083E-7 7.79146E-5 2.75647E-6 4.88395E-6 1.36769E-5 3.70959E-5 1.40449E-5 3.31107E-5 1.02607E-4 3.42511E-6 1.68781E-5 4.11719E-4
-9999 -9999 -9999 -9999 -9999 -9999 -9999 -9999 -9999 -9999 -9999 -9999 -9999 -9999 -9999 -9999 2.09542E-8 1.14441E-5 6.1103E-6 5.4509E-8 1.03717E-6 3.1297E-6 6.45921E-5 4.64081E-6 3.13885E-6 2.93805E-3 2.62222E-3 2.34867E-5 1.35689E-5 1.05722E-6 7.78712E-5 1.92174E-4 7.4385E-6 5.01087E-5 8.65462E-6 2.67897E-6 1.1523E-7 1.46811E-6 1.58699E-6 7.08794E-6 3.50957E-8 3.65229E-6 1.68655E-7 3.54142E-7 3.85771E-8 1.45155E-8 2.40691E-7 7.20846E-8 -9999 1.22738E-3 1.71327E-6 2.1701E-4 3.81907E-6 5.17132E-5 3.77004E-5 5.01956E-7 7.63479E-7 2.18717E-6 1.34521E-5 7.52571E-6 8.78358E-7 1.9463E-5 1.05821E-6 7.44789E-7 8.56639E-6 8.06423E-5 1.51091E-5 1.13028E-5 1.12353E-4 3.48436E-3
-9999 -9999 -9999 -9999 -9999 -9999 -9999 -9999 -9999 -9999 -9999 -9999 -9999 -9999 -9999 -9999 1.51891E-5 5.90423E-6 7.65636E-7 2.4139E-5 2.36491E-4 8.46397E-7 3.14877E-7 1.64156E-5 5.35443E-6 8.74368E-4 7.9653E-3 2.14091E-3 1.21804E-5 1.92082E-3 5.05647E-7 2.1975E-6 1.83836E-5 3.17924E-6 3.67443E-6 1.10765E-6 3.90368E-6 2.83679E-5 3.78826E-6 1.8128E-4 3.425E-5 5.29098E-8 1.56569E-7 4.5049E-6 1.26647E-5 2.30276E-8 4.40619E-8 5.73923E-7 1.18476E-5 1.03178E-3 4.36312E-6 1.98324E-6 4.1414E-9 3.56542E-7 4.4783E-6 4.40664E-7 1.641E-6 3.43497E-6 1.22283E-7 7.72678E-5 5.06961E-5 2.29201E-6 9.24237E-6 2.98424E-6 9.28871E-6 5.43937E-6 7.84603E-6 5.56748E-5 3.55077E-5 6.5965E-5
-9999 -9999 -9999 -9999 -9999 -9999 -9999 -9999 -9999 -9999 -9999 -9999 -9999 -9999 -9999 -9999 1.91078E-5 8.99362E-7 1.83341E-5 1.11739E-6 5.85544E-6 1.89633E-5 2.30892E-6 7.2918E-4 7.81304E-4 7.18581E-5 5.49783E-4 5.27032E-3 1.01663E-5 4.68128E-4 3.84819E-6 5.33386E-6 5.19714E-6 1.93356E-7 8.85571E-7 5.13808E-7 2.89431E-6 6.38845E-7 1.47382E-5 8.7575E-7 4.99402E-6 2.94545E-6 4.17006E-6 9.77691E-7 2.74703E-6 6.57319E-6 2.0094E-7 6.60862E-8 -9999 -9999 7.73838E-8 8.79092E-6 3.93467E-6 8.3744E-7 1.32093E-5 1.85564E-6 3.90548E-6 7.82972E-5 1.55489E-3 9.78689E-6 3.13382E-5 8.59531E-7 1.13883E-4 4.56937E-6 3.41442E-6 6.53266E-6 5.60836E-7 2.12028E-6 1.27775E-5 1.53032E-4
-9999 -9999 -9999 -9999 -9999 -9999 -9999 -9999 -9999 -9999 -9999 -9999 -9999 -9999 -9999 -9999 4.57751E-7 1.46339E-4 1.24203E-4 1.15364E-4 1.64463E-5 7.46955E-6 1.67316E-6 5.0907E-5 2.39115E-7 9.18646E-6 4.90696E-6 9.75788E-4 1.54719E-5 1.01687E-4 8.15171E-5 1.06476E-5 3.6806E-6 8.84127E-7 1.11803E-6 1.30664E-6 8.31325E-7 1.39203E-6 2.58585E-6 9.80994E-6 2.52748E-6 4.69241E-6 6.92836E-6 2.35162E-6 1.85001E-6 1.22469E-6 3.70441E-7 3.33481E-7 7.69579E-9 1.04271E-8 2.08036E-7 6.20815E-7 2.52459E-4 7.87184E-5 2.31529E-6 3.40258E-5 4.93003E-7 1.11187E-6 2.67292E-5 2.9566E-6 2.52492E-6 1.51069E-5 1.51002E-4 1.86791E-5 9.33201E-6 1.22469E-5 3.67526E-6 3.25033E-4 2.03141E-4 6.42558E-5
-9999 -9999 -9999 -9999 -9999 -9999 -9999 -9999 -9999 -9999 -9999 -9999 -9999 -9999 -9999 7.7231E-6 1.48901E-3 7.45062E-4 6.68792E-5 1.98611E-6 5.87137E-7 3.55059E-5 1.6208E-5 7.31691E-7 5.38473E-5 1.43648E-6 1.02705E-5 7.76617E-7 5.4355E-7 3.22214E-5 8.33304E-7 1.62037E-5 8.63673E-6 7.11305E-6 3.74239E-5 1.10806E-5 3.09882E-6 3.81261E-6 7.80873E-6 4.41288E-6 1.31405E-5 2.30317E-6 3.38521E-5 4.2517E-6 2.66263E-6 5.99582E-7 4.48682E-6 8.10584E-6 -9999 4.20825E-10 4.65336E-7 3.48339E-5 5.72572E-3 9.45009E-4 2.76585E-4 8.97102E-6 8.7183E-5 7.5762E-5 9.8776E-6 2.88201E-4 7.91416E-5 2.1363E-5 8.30453E-5 7.10213E-5 3.12508E-5 8.25061E-5 2.48286E-5 1.35559E-5 1.95691E-5 6.72841E-5
-9999 -9999 -9999 -9999 -9999 -9999 -9999 -9999 -9999 -9999 -9999 -9999 -9999 -9999 -9999 4.8111E-6 2.0465E-2 7.69943E-4 1.53502E-6 2.8747E-6 2.83559E-7 8.07751E-6 9.09427E-6 2.66027E-6 3.99719E-4 8.31017E-6 1.9725E-6 3.54267E-6 1.95136E-6 3.8262E-8 2.80276E-7 8.20146E-6 5.86969E-5 6.77377E-6 1.18689E-5 6.80939E-6 1.48489E-6 1.54587E-6 1.0896E-5 1.42176E-5 4.22021E-5 3.13832E-5 1.25189E-5 1.60361E-6 1.08958E-5 3.00677E-5 1.56459E-6 1.4302E-5 5.13686E-7 2.57844E-8 -9999 1.42115E-2 1.28676E-2 3.86662E-3 2.81614E-4 5.50638E-5 1.69328E-4 8.26168E-7 1.00253E-6 7.50511E-4 5.18949E-4 2.69174E-5 6.18004E-7 1.67302E-5 5.27485E-5 3.56461E-5 3.54007E-4 1.61833E-4 6.62526E-5 2.09065E-4
