ENM/Final_Models/M_1_F_lqp_Set_1_EC/Gustavia_santanderiensis_Choco_median.asc
ncols         367
nrows         963
xllcorner     -78.6
yllcorner     0.65
cellsize      0.00833333333333323
NODATA_value  -9999
[rows 93 to 123 of 963, columns 142 to 212 of 367]
-9999 -9999 -9999 -9999 -9999 -9999 -9999 -9999 -9999 -9999 -9999 -9999 -9999 -9999 6.90731E-3 4.12557E-3 2.16629E-3 1.56967E-3 4.82377E-3 1.92973E-2 1.33131E-2 1.32596E-2 1.9659E-2 1.46456E-2 2.30202E-3 3.42888E-3 2.23712E-3 8.53616E-4 6.36109E-4 7.31827E-4 4.58426E-3 9.16254E-3 8.94941E-3 2.73473E-3 1.83044E-3 2.67545E-3 4.69629E-3 3.37648E-3 2.20547E-3 2.62458E-3 2.91575E-3 1.54926E-2 3.012E-3 1.16227E-2 1.70998E-2 1.84885E-2 5.98487E-3 1.47541E-2 9.9809E-3 2.91035E-2 1.29278E-1 1.3374E-1 -9999 -9999 -9999 -9999 -9999 -9999 -9999 -9999 -9999 -9999 -9999 -9999 -9999 -9999 -9999 -9999 -9999 -9999 -9999
-9999 -9999 -9999 -9999 -9999 -9999 -9999 -9999 -9999 -9999 -9999 -9999 -9999 4.41783E-3 6.30509E-3 7.49575E-3 8.83867E-3 4.85279E-3 7.03146E-3 3.47473E-3 5.05405E-3 1.07735E-2 8.00452E-3 1.04854E-2 1.47286E-2 5.54657E-3 2.28484E-3 4.22384E-4 4.83807E-4 5.17413E-4 8.23978E-4 2.22416E-3 2.90395E-3 1.56231E-3 3.26608E-3 2.25962E-3 1.95085E-3 2.79839E-3 1.74654E-3 2.77841E-3 5.95956E-3 8.91521E-3 8.51014E-3 2.79975E-3 3.05736E-2 2.95578E-2 -9999 2.95521E-3 1.21638E-2 2.99267E-2 1.61306E-1 2.18309E-1 -9999 -9999 -9999 -9999 -9999 -9999 -9999 -9999 -9999 -9999 -9999 -9999 -9999 -9999 -9999 -9999 -9999 -9999 -9999
-9999 -9999 -9999 -9999 -9999 -9999 -9999 -9999 -9999 -9999 -9999 -9999 4.27197E-3 3.66191E-3 8.46871E-3 1.05135E-2 6.72203E-3 3.33592E-3 5.03578E-3 8.45842E-3 7.7383E-3 9.34058E-3 2.30294E-2 1.58922E-2 4.27719E-3 1.34862E-2 1.07719E-2 3.65789E-3 5.25565E-4 5.06126E-4 1.45907E-3 3.69945E-3 5.77484E-3 5.62608E-3 1.18265E-3 1.44721E-3 1.14442E-3 3.96055E-3 6.3618E-3 6.24202E-3 6.85333E-3 9.45998E-3 3.8063E-3 6.71187E-3 4.79616E-3 5.12124E-3 9.54356E-3 5.64485E-3 2.18709E-2 8.0657E-2 4.18139E-1 3.00107E-1 -9999 -9999 -9999 -9999 -9999 -9999 -9999 -9999 -9999 -9999 -9999 -9999 -9999 -9999 -9999 -9999 -9999 -9999 -9999
-9999 -9999 -9999 -9999 -9999 -9999 -9999 -9999 -9999 -9999 -9999 -9999 9.57206E-3 8.17426E-3 1.16841E-2 1.2027E-2 4.78796E-3 3.31066E-3 1.62033E-2 2.28914E-2 2.00915E-2 2.09229E-2 2.10025E-2 2.60834E-2 3.42007E-2 5.8088E-2 3.10181E-2 1.18407E-2 5.73237E-3 7.70603E-4 1.80359E-3 2.86492E-3 5.52324E-3 1.65014E-2 6.59677E-3 2.54662E-3 3.5031E-3 2.11761E-3 3.05131E-3 3.95134E-3 8.97212E-3 3.25185E-3 9.61513E-3 1.18235E-2 1.62972E-3 2.47338E-3 3.03114E-3 5.51979E-3 2.25191E-2 5.92132E-2 3.32001E-1 1.82639E-1 3.67461E-1 -9999 -9999 -9999 -9999 -9999 -9999 -9999 -9999 -9999 -9999 -9999 -9999 -9999 -9999 -9999 -9999 -9999 -9999
-9999 -9999 -9999 -9999 -9999 -9999 -9999 -9999 -9999 -9999 -9999 -9999 6.53359E-3 6.71573E-3 5.48134E-3 5.56191E-3 4.43628E-3 3.02212E-3 1.48907E-2 1.55815E-2 1.71901E-2 2.51207E-2 1.01764E-2 1.5651E-2 2.47255E-2 2.17599E-2 3.84961E-2 2.35629E-2 4.41916E-3 1.93493E-3 4.50727E-3 5.86091E-3 7.83112E-3 7.37801E-3 5.42081E-3 2.41179E-3 2.55926E-3 6.33088E-3 5.6906E-3 1.99662E-3 4.5829E-3 1.4708E-2 6.07124E-3 1.74799E-2 2.68787E-3 1.04923E-3 1.46335E-3 5.67801E-3 2.65613E-2 4.36207E-2 1.37973E-1 2.20042E-1 2.4859E-1 -9999 -9999 -9999 -9999 -9999 -9999 -9999 -9999 -9999 -9999 -9999 -9999 -9999 -9999 -9999 -9999 -9999 -9999
-9999 -9999 -9999 -9999 -9999 -9999 -9999 -9999 -9999 -9999 -9999 4.14711E-3 4.93853E-3 2.83033E-3 2.59963E-3 2.43089E-3 7.94383E-3 3.3132E-3 9.51108E-3 6.69606E-2 3.3184E-2 2.22636E-2 1.56744E-2 1.7947E-2 1.80116E-2 3.07707E-2 3.6941E-2 2.78601E-2 7.07249E-3 3.30306E-3 7.46225E-3 7.25008E-3 6.56441E-3 3.37765E-3 6.24415E-3 4.67884E-3 4.13548E-3 1.19171E-2 1.74882E-3 8.24866E-4 4.48754E-3 1.79305E-2 7.93144E-3 -9999 8.84552E-3 3.46428E-3 -9999 3.92931E-3 1.21337E-2 4.39536E-2 2.66959E-1 3.24742E-1 2.12754E-1 2.27217E-1 -9999 -9999 -9999 -9999 -9999 -9999 -9999 -9999 -9999 -9999 -9999 -9999 -9999 -9999 -9999 -9999 -9999
-9999 -9999 -9999 -9999 -9999 -9999 -9999 -9999 -9999 4.88016E-3 5.51119E-3 1.8025E-3 5.0508E-3 4.74594E-3 3.28779E-3 5.24002E-3 5.17922E-3 2.99601E-3 3.77588E-3 5.52519E-2 3.92234E-2 3.95721E-2 1.83431E-2 1.21531E-2 2.98953E-2 2.16176E-2 3.53321E-3 2.31202E-3 1.46934E-3 1.665E-3 1.94994E-3 7.05651E-3 5.88726E-3 5.95518E-3 6.94361E-3 9.17808E-3 8.29208E-3 2.87383E-3 8.19545E-4 8.69145E-4 -9999 7.56786E-2 2.57635E-2 5.86186E-3 6.76225E-3 -9999 2.29465E-3 6.27302E-3 2.6259E-2 8.55713E-2 3.20737E-1 2.82143E-1 3.2769E-1 2.50872E-1 1.99739E-1 -9999 -9999 -9999 -9999 -9999 -9999 -9999 -9999 -9999 -9999 -9999 -9999 -9999 -9999 -9999 9.18458E-4
-9999 -9999 -9999 -9999 -9999 -9999 -9999 -9999 2.68025E-3 3.05468E-3 2.71311E-3 4.29527E-3 3.24556E-3 3.78102E-3 5.58507E-3 5.96417E-3 2.05032E-2 7.64938E-3 1.52741E-3 6.33073E-3 8.72032E-3 9.59245E-3 3.14552E-2 2.18642E-2 2.91561E-2 3.10766E-2 1.0147E-2 1.05425E-2 2.86335E-3 1.24971E-3 7.30149E-4 1.76566E-3 3.2635E-3 3.13852E-3 5.09988E-3 5.66594E-3 2.44044E-3 1.44364E-3 1.9181E-3 1.37815E-3 5.78553E-3 6.16529E-3 3.98728E-3 3.44201E-3 5.65632E-3 -9999 -9999 5.03451E-3 3.63158E-2 4.03745E-1 3.82573E-1 3.94135E-1 3.74202E-1 2.66258E-1 3.58701E-1 7.82598E-2 8.60482E-2 1.51704E-2 1.4509E-2 8.76528E-3 6.27789E-3 6.74326E-3 -9999 1.25815E-3 1.70222E-3 1.31333E-3 2.53102E-3 3.20457E-3 2.64639E-3 2.04483E-3 1.53188E-3
-9999 -9999 -9999 -9999 -9999 -9999 -9999 -9999 7.452E-4 8.69675E-4 4.16993E-3 2.58396E-3 4.39231E-3 3.85384E-3 3.92988E-3 3.77962E-3 9.20463E-3 2.91511E-3 1.94415E-3 8.56324E-3 1.76503E-2 1.43222E-2 1.05963E-2 4.19935E-2 4.09208E-2 2.34655E-2 2.53051E-2 7.72205E-3 3.94652E-3 4.74423E-3 1.97183E-3 1.57787E-3 3.25026E-3 1.32938E-2 3.46681E-3 2.15279E-3 -9999 4.58343E-3 4.39285E-3 3.30144E-3 6.57472E-3 3.60427E-3 7.63336E-3 4.70395E-3 4.87899E-3 -9999 7.88142E-3 1.51649E-2 6.56134E-2 4.09027E-1 3.23167E-1 3.45598E-1 3.73861E-1 3.04248E-1 3.28588E-1 1.05255E-1 7.30512E-2 5.14813E-2 2.03488E-2 1.46126E-2 6.04219E-3 3.53227E-3 6.05297E-3 4.88548E-3 4.78909E-3 3.26905E-3 3.09383E-3 1.44083E-3 4.75983E-3 4.09826E-3 2.65384E-3
-9999 -9999 -9999 -9999 -9999 -9999 -9999 -9999 -9999 -9999 1.76885E-3 1.619E-3 2.17342E-3 4.69112E-3 3.35E-3 3.44287E-3 6.04783E-3 2.09992E-3 7.94549E-4 9.05874E-3 1.73514E-2 2.02686E-2 1.59807E-2 2.49254E-2 4.72879E-2 1.74482E-2 2.85452E-2 1.31022E-2 5.34362E-3 1.13342E-2 7.01386E-3 3.15502E-3 1.92374E-3 1.32572E-3 1.61027E-3 1.24883E-3 9.04072E-3 6.84495E-3 2.92619E-3 1.07914E-2 5.51356E-3 1.59605E-2 6.65639E-3 2.06825E-2 7.96798E-3 7.96307E-3 1.31034E-2 7.88174E-3 5.34838E-2 1.70929E-1 2.76057E-1 4.09749E-1 3.95005E-1 3.67788E-1 3.84786E-1 1.57542E-1 1.15055E-1 2.51895E-2 2.81193E-2 1.28558E-2 9.8714E-3 3.71904E-3 4.76438E-3 5.46423E-3 6.70551E-3 8.98541E-3 5.15961E-3 6.95206E-3 6.90593E-3 5.28525E-3 3.41206E-3
-9999 -9999 -9999 -9999 -9999 -9999 -9999 -9999 -9999 -9999 -9999 2.00999E-3 2.07803E-3 2.15755E-3 2.74667E-3 2.77655E-3 8.36989E-3 2.896E-3 8.36415E-4 1.94435E-3 6.01157E-3 9.09434E-3 9.62221E-3 1.55157E-2 5.45981E-2 4.28382E-2 2.05717E-2 1.29023E-2 9.62987E-3 1.78628E-2 7.52028E-3 3.17527E-3 4.75826E-3 6.94252E-3 4.67034E-3 1.41807E-3 6.22603E-3 1.60139E-2 5.27263E-3 4.93587E-3 5.72378E-3 1.73086E-2 8.67534E-3 8.22195E-3 1.31807E-2 1.7057E-2 1.54636E-2 2.64884E-2 1.22018E-1 1.29176E-1 2.95323E-1 4.67523E-1 5.25975E-1 5.11183E-1 3.11528E-1 1.35757E-1 1.10283E-1 1.98093E-1 2.41263E-2 1.96816E-2 7.27135E-3 4.05997E-3 3.93269E-3 3.94102E-3 1.23622E-2 3.40349E-3 5.65659E-3 4.42807E-3 9.74274E-3 5.32575E-3 4.72269E-3
-9999 -9999 -9999 -9999 -9999 -9999 -9999 -9999 -9999 -9999 4.53299E-3 5.1852E-3 3.17926E-3 1.90671E-3 8.01035E-4 1.07368E-3 1.66504E-3 2.68616E-3 9.9373E-4 6.02642E-4 6.27352E-4 1.28132E-3 9.7445E-4 2.54028E-3 2.20423E-2 1.18109E-2 1.23327E-2 1.55356E-2 5.73415E-3 4.49453E-3 7.75631E-3 1.47246E-2 1.61507E-3 1.70528E-3 2.75437E-3 3.10165E-3 2.34671E-3 6.74783E-3 1.01389E-2 4.29512E-3 4.37531E-3 5.18818E-3 5.54307E-3 -9999 2.342E-2 3.27055E-2 1.47452E-1 1.72106E-1 5.46921E-1 2.97914E-1 4.78316E-1 4.68149E-1 4.00907E-1 4.87696E-1 2.98062E-1 3.35983E-1 3.28219E-1 1.35721E-1 1.6098E-2 1.59277E-2 1.02355E-2 5.02666E-3 4.54684E-3 5.37472E-3 6.38823E-3 3.94568E-3 4.95982E-3 5.15592E-3 5.58297E-3 1.07155E-2 1.56106E-2
-9999 -9999 -9999 -9999 -9999 -9999 -9999 -9999 -9999 8.01652E-4 3.34228E-3 3.80971E-3 2.70533E-3 2.76925E-3 1.67632E-3 1.67234E-3 1.5715E-3 5.03763E-3 3.40648E-3 4.86554E-3 1.63733E-3 9.59478E-4 1.77676E-3 4.40607E-3 1.20984E-2 2.2344E-2 2.14647E-2 1.03215E-2 1.26266E-2 5.43278E-3 2.77469E-3 6.13209E-3 2.83955E-3 2.26675E-3 2.14819E-3 3.26705E-3 1.79355E-3 5.94824E-3 1.7436E-2 1.17482E-2 1.40756E-2 5.93981E-3 1.17791E-2 3.74643E-3 9.77686E-3 3.95395E-2 1.752E-1 2.00484E-1 3.15928E-1 4.95778E-1 4.60822E-1 4.25163E-1 3.22857E-1 3.03528E-1 1.5272E-1 3.04027E-1 2.61484E-1 3.54106E-1 5.32637E-2 3.77303E-2 2.67278E-2 7.43082E-3 4.24111E-3 5.7537E-3 7.07633E-3 1.75158E-2 3.87038E-3 4.51831E-3 6.37153E-3 5.96904E-3 1.21345E-2
-9999 -9999 -9999 -9999 -9999 -9999 -9999 -9999 -9999 1.34452E-3 2.28854E-3 2.27078E-3 8.10484E-4 1.51118E-3 2.58192E-3 2.15593E-3 1.70277E-3 1.06576E-3 4.07388E-3 8.62093E-3 4.17766E-3 1.24102E-2 8.7899E-3 1.52002E-2 8.0843E-3 2.09778E-2 4.22219E-2 6.43498E-3 5.15271E-3 6.62326E-3 2.39172E-3 2.40574E-3 2.42837E-3 8.16956E-3 1.24434E-2 -9999 8.71852E-3 1.36786E-2 7.07182E-3 1.0838E-2 1.36056E-2 7.95952E-3 9.45178E-3 -9999 2.55798E-2 2.63566E-2 1.37909E-1 7.11845E-2 3.60918E-1 2.77561E-1 4.26286E-1 3.38761E-1 1.699E-1 2.39715E-1 1.74565E-1 2.84823E-1 1.91693E-1 2.37247E-1 5.10218E-2 4.02625E-2 3.50556E-2 8.35808E-3 4.7125E-3 6.90366E-3 5.5227E-3 2.04265E-2 9.131E-3 9.30468E-3 8.65217E-3 1.68432E-2 7.04579E-3
-9999 -9999 -9999 -9999 -9999 -9999 -9999 -9999 -9999 2.629E-3 5.68535E-3 1.81264E-3 1.16691E-3 1.45336E-3 1.28409E-3 1.24976E-3 7.7203E-4 1.17156E-3 1.14357E-3 6.72044E-3 4.94022E-3 5.15586E-3 5.61809E-3 7.77338E-3 5.514E-3 1.11321E-2 1.60271E-2 1.01793E-2 1.0126E-2 1.33301E-2 2.09577E-3 3.10479E-3 1.99699E-3 8.1981E-3 6.80837E-3 5.63565E-3 1.07611E-2 2.36304E-2 1.36987E-2 8.96741E-3 1.20274E-2 6.327E-3 5.21661E-3 -9999 -9999 -9999 -9999 -9999 3.44725E-2 2.35105E-1 2.60946E-1 2.4744E-1 2.47235E-1 3.61272E-1 4.77984E-1 5.78978E-1 2.41025E-1 3.20349E-1 1.0473E-1 6.6802E-2 3.71711E-2 2.70657E-2 1.89546E-2 1.13048E-2 6.84887E-3 1.47342E-2 1.16111E-2 9.62375E-3 6.32154E-2 3.25645E-2 1.24741E-2
-9999 -9999 -9999 -9999 -9999 -9999 -9999 -9999 -9999 2.36004E-3 4.93245E-3 6.65749E-3 4.45963E-3 4.31897E-3 2.5622E-3 3.23789E-3 1.69328E-3 9.76934E-4 9.75398E-4 8.39607E-4 2.49513E-3 2.78684E-3 2.65208E-3 2.39902E-3 2.42276E-3 2.46816E-3 1.39392E-3 1.47512E-3 1.60287E-3 2.28515E-3 1.78579E-3 5.78583E-3 1.87586E-3 4.40957E-3 8.39684E-3 5.86725E-3 3.28339E-3 1.48352E-2 1.20441E-2 7.1114E-3 5.54752E-3 6.35149E-3 -9999 -9999 -9999 -9999 -9999 -9999 6.3903E-2 2.62337E-1 3.13623E-1 2.01745E-1 3.32467E-1 3.19994E-1 3.75943E-1 4.93833E-1 3.19189E-1 2.90941E-1 1.09509E-1 5.30721E-2 3.93853E-2 2.01616E-2 9.13432E-3 1.09404E-2 9.77695E-3 1.07E-2 2.32132E-2 1.34292E-2 1.14139E-2 1.90342E-2 6.26244E-2
-9999 -9999 -9999 -9999 -9999 -9999 -9999 -9999 -9999 -9999 2.34812E-3 7.94837E-3 4.42231E-3 7.20375E-3 3.92814E-3 3.52711E-3 2.07732E-3 8.51155E-4 7.52724E-4 3.02799E-3 9.65041E-4 5.65205E-3 3.05521E-3 5.67909E-3 1.20974E-3 1.77345E-3 1.04495E-3 1.73642E-3 2.40894E-3 2.18569E-3 3.90374E-3 2.13753E-3 6.43212E-4 8.96026E-4 1.13559E-2 5.63025E-3 1.12678E-2 1.50265E-2 1.0977E-2 9.10407E-3 1.63929E-2 1.17863E-2 3.38694E-3 -9999 -9999 -9999 -9999 -9999 6.25899E-2 1.8924E-1 1.8802E-1 3.23644E-1 3.05599E-1 5.97953E-1 4.98282E-1 5.44259E-1 5.23521E-1 3.30163E-1 1.62206E-1 1.93994E-2 1.93072E-2 1.11009E-2 7.43232E-3 8.14348E-3 1.57022E-2 2.01159E-2 1.0885E-2 1.70337E-2 2.72885E-2 3.66236E-2 6.34495E-2
-9999 -9999 -9999 -9999 -9999 -9999 -9999 -9999 -9999 -9999 1.24397E-3 2.62778E-3 3.52552E-3 2.95742E-3 3.01232E-3 2.5865E-3 2.31459E-3 1.04619E-3 2.04268E-3 4.5031E-3 1.5506E-3 6.48563E-3 7.0629E-3 5.64234E-3 3.7381E-3 1.86036E-3 1.92872E-3 4.14078E-3 2.31022E-3 1.83339E-3 2.05339E-3 3.57299E-3 3.0298E-3 3.21467E-3 1.07095E-2 7.83816E-3 1.66268E-2 1.99406E-2 3.17795E-2 2.8912E-2 4.226E-2 2.7881E-2 8.43474E-3 2.6741E-3 -9999 8.53441E-3 2.54472E-2 5.85003E-2 8.28115E-2 2.65602E-1 2.11109E-1 2.26355E-1 2.27644E-1 5.26103E-1 5.38971E-1 6.88706E-1 4.3101E-1 2.80057E-1 1.20693E-1 4.2655E-2 4.96461E-2 3.87536E-2 1.92289E-2 1.28569E-2 8.27127E-3 1.19036E-2 3.61187E-2 4.45555E-2 7.72227E-2 6.34343E-2 5.6762E-2
-9999 -9999 -9999 -9999 -9999 -9999 -9999 -9999 -9999 -9999 -9999 9.24228E-4 2.33033E-3 2.4813E-3 1.01027E-3 4.17581E-3 3.9476E-3 1.51588E-3 1.18029E-3 1.99847E-3 2.03055E-3 8.88481E-3 9.17474E-3 8.64484E-3 6.21238E-3 2.50356E-3 2.57786E-3 5.15818E-3 5.20177E-3 5.10243E-3 1.63985E-3 9.35348E-4 2.2983E-3 6.12665E-3 3.26E-3 3.50673E-3 1.11913E-2 2.76625E-2 8.51672E-2 3.8788E-2 1.86558E-2 1.39892E-2 1.08567E-2 1.42251E-2 1.78656E-2 8.32378E-3 2.092E-2 4.84062E-2 3.28262E-2 2.32979E-1 2.69371E-1 2.21528E-1 3.71539E-1 4.54984E-1 4.88568E-1 7.05098E-1 7.72121E-1 1.1243E-1 1.25118E-1 4.19632E-2 5.75479E-2 5.53564E-2 5.67964E-2 1.49467E-2 7.95121E-3 7.65682E-3 5.39252E-2 2.96208E-2 8.94953E-2 1.02924E-1 4.94045E-2
-9999 -9999 -9999 -9999 -9999 -9999 -9999 -9999 -9999 -9999 -9999 2.93432E-3 1.87285E-3 1.26914E-3 1.49986E-3 1.06615E-3 1.0088E-3 9.27011E-4 1.24282E-3 6.34785E-4 4.63985E-3 4.67076E-3 4.68505E-3 4.81558E-3 4.74116E-3 3.31247E-3 2.58835E-3 6.68978E-3 4.06314E-3 8.23713E-3 1.22315E-2 2.7816E-3 6.01681E-3 1.09751E-2 1.19665E-2 1.44931E-2 2.55275E-2 2.93733E-2 4.66859E-2 9.22509E-2 5.04558E-2 2.11241E-2 1.31184E-2 1.53044E-2 -9999 -9999 4.5401E-2 1.43369E-1 3.46031E-1 2.05316E-1 4.7173E-1 5.59454E-1 6.97379E-1 6.61249E-1 7.00016E-1 5.61556E-1 6.84183E-1 3.92201E-1 9.13773E-2 2.80378E-2 3.50256E-2 3.31045E-2 5.37957E-2 7.19553E-2 4.29251E-2 2.66293E-2 1.32183E-1 9.36726E-2 9.26188E-2 9.10662E-2 7.42244E-2
-9999 -9999 -9999 -9999 -9999 -9999 -9999 -9999 -9999 -9999 -9999 -9999 1.926E-3 2.7701E-3 3.54035E-3 2.70087E-3 8.82536E-4 1.05715E-3 3.05577E-4 5.82125E-4 3.91175E-4 6.99518E-4 3.40405E-3 3.52041E-3 8.56026E-3 1.08255E-2 9.52091E-3 9.9026E-3 9.21656E-3 4.36448E-3 2.97603E-3 6.44764E-3 4.98268E-3 3.60691E-3 6.9955E-3 9.28334E-3 2.75083E-2 4.82376E-2 4.01764E-2 3.4555E-2 3.45982E-2 2.26553E-2 1.89852E-2 1.78506E-2 -9999 -9999 4.25163E-2 1.50324E-1 1.59755E-1 3.19125E-1 2.98156E-1 5.82504E-1 7.88919E-1 7.16037E-1 7.58373E-1 6.73049E-1 5.8127E-1 2.65256E-1 1.50923E-1 3.71576E-2 1.26154E-1 4.7224E-2 4.98042E-2 5.52989E-2 1.14246E-2 2.25688E-2 1.13867E-1 1.00543E-1 8.27104E-2 7.02274E-2 8.13895E-2
-9999 -9999 -9999 -9999 -9999 -9999 -9999 -9999 -9999 -9999 -9999 -9999 -9999 -9999 2.08472E-3 1.76389E-3 2.58987E-3 1.59075E-3 3.85862E-4 2.32886E-3 1.08005E-3 7.15846E-4 7.82001E-3 6.21816E-3 3.31723E-3 1.66336E-2 1.9273E-2 1.19667E-2 1.2799E-2 2.10762E-2 1.45441E-2 1.19161E-2 5.30145E-3 2.68081E-3 1.13488E-2 3.33356E-2 3.45624E-2 3.35256E-2 6.01678E-2 3.44699E-2 5.65366E-2 1.69011E-2 1.62774E-2 1.86535E-2 -9999 -9999 6.20897E-2 4.06034E-1 2.58492E-1 2.33312E-1 4.72436E-1 7.15962E-1 8.44186E-1 7.17795E-1 7.58726E-1 5.57902E-1 4.99688E-1 2.47585E-1 1.60319E-1 2.64965E-1 2.10562E-1 1.02748E-1 5.66777E-2 8.83854E-2 6.44669E-2 3.5765E-2 1.3319E-1 1.48526E-1 1.28103E-1 7.35942E-2 2.82182E-2
-9999 -9999 -9999 -9999 -9999 -9999 -9999 -9999 -9999 -9999 -9999 -9999 -9999 -9999 1.93026E-3 1.62732E-3 2.72135E-3 1.48698E-3 1.30654E-3 9.77964E-4 1.33954E-3 2.53063E-3 1.051E-2 6.4695E-3 1.44053E-2 9.6399E-3 7.87034E-3 1.14602E-2 6.25421E-3 1.69152E-2 1.43588E-2 9.30382E-3 2.00714E-2 4.72822E-3 1.60614E-2 1.41034E-1 1.42913E-1 1.60308E-1 4.5566E-2 3.21259E-2 3.809E-2 1.99673E-2 2.49757E-2 2.62647E-2 -9999 1.64376E-2 7.07661E-2 1.6859E-1 4.22017E-1 2.95799E-1 3.08241E-1 4.49781E-1 6.13629E-1 5.58563E-1 4.76117E-1 3.81142E-1 2.93184E-1 2.92187E-1 2.78993E-1 2.09207E-1 2.30323E-1 2.30826E-1 9.42417E-2 1.32768E-1 8.81523E-2 6.21484E-2 7.91976E-2 7.1136E-2 6.67725E-2 1.3757E-1 8.43738E-2
-9999 -9999 -9999 -9999 -9999 -9999 -9999 -9999 -9999 -9999 -9999 -9999 -9999 -9999 3.5313E-3 2.69733E-3 5.71478E-4 7.05272E-4 5.9885E-4 5.69589E-4 6.64854E-4 5.75627E-4 6.01035E-3 7.92199E-3 5.88877E-3 1.45733E-2 7.81402E-3 4.26706E-3 7.76078E-3 1.74817E-2 2.46855E-2 1.78292E-2 2.76705E-2 1.87642E-2 4.14945E-2 7.75449E-2 7.76795E-2 1.38192E-1 1.49176E-1 7.5298E-2 5.9102E-2 1.83964E-2 1.31831E-2 1.34054E-2 9.526E-3 1.50022E-2 3.63513E-2 1.93395E-1 2.83429E-1 2.91217E-1 2.76912E-1 4.36709E-1 6.96155E-1 6.61236E-1 5.38046E-1 6.35261E-1 3.24865E-1 3.14917E-1 1.86536E-1 1.64489E-1 1.6889E-1 1.53823E-1 1.23251E-1 6.31553E-2 1.01972E-1 5.38386E-2 6.05793E-2 4.66438E-2 6.09931E-2 8.38805E-2 3.11012E-2
-9999 -9999 -9999 -9999 -9999 -9999 -9999 -9999 -9999 -9999 -9999 -9999 -9999 -9999 3.53793E-3 3.11153E-3 1.71932E-3 1.73856E-3 5.11824E-4 2.55331E-3 2.06748E-3 1.45512E-3 4.13007E-3 1.97141E-3 2.94935E-3 1.49989E-2 1.12367E-2 4.77515E-3 7.13989E-3 2.30729E-2 3.28635E-2 2.37672E-2 5.87512E-2 6.83901E-2 8.44266E-2 1.55484E-1 1.74968E-1 2.5849E-1 2.69257E-1 1.27792E-1 9.58132E-2 4.54557E-2 4.11967E-2 4.41322E-2 5.05108E-2 4.9825E-2 3.03772E-2 1.05239E-1 1.56169E-1 1.58264E-1 2.51813E-1 2.8358E-1 6.08099E-1 6.71934E-1 7.38408E-1 6.62039E-1 7.57009E-1 3.65522E-1 2.88489E-1 3.29613E-1 2.20941E-1 1.402E-1 2.72672E-1 1.05401E-1 8.68399E-2 6.45571E-2 5.32678E-2 3.40232E-2 3.68647E-2 7.9325E-2 5.63896E-2
-9999 -9999 -9999 -9999 -9999 -9999 -9999 -9999 -9999 -9999 -9999 -9999 2.30601E-3 1.08057E-3 9.04065E-4 4.82803E-4 4.07467E-4 3.36811E-4 1.07515E-3 7.86918E-4 1.8143E-3 8.22523E-4 9.78259E-4 2.74411E-3 3.8646E-3 2.26814E-2 4.7011E-3 3.85876E-3 3.99052E-3 1.13568E-2 3.06975E-2 6.49294E-2 1.03943E-1 1.51805E-1 1.68234E-1 1.614E-1 2.98245E-1 2.40144E-1 2.17705E-1 3.27983E-1 3.28973E-2 4.43983E-2 2.54417E-2 2.36637E-2 6.07438E-2 6.428E-2 2.84438E-1 8.9745E-2 2.28852E-1 9.69064E-2 2.20749E-1 5.43346E-1 5.25808E-1 6.51035E-1 6.07586E-1 7.19299E-1 5.47996E-1 4.50498E-1 1.71848E-1 3.71832E-1 2.18534E-1 1.53942E-1 1.12058E-1 1.32116E-1 6.82627E-2 9.5626E-2 2.64843E-1 1.30951E-1 3.68606E-2 2.50822E-2 3.43735E-2
-9999 -9999 -9999 -9999 -9999 -9999 -9999 -9999 2.35737E-3 4.06654E-4 5.73664E-4 7.42602E-4 6.79409E-4 5.88096E-4 3.88385E-4 2.30745E-4 4.264E-4 7.8025E-4 1.98316E-3 1.88423E-3 1.84491E-3 2.59498E-3 3.49264E-3 2.81331E-3 3.6915E-3 2.12143E-3 3.70059E-3 1.19523E-3 2.5058E-3 1.04132E-2 2.03584E-2 1.8404E-2 1.05327E-1 3.212E-2 1.26492E-1 9.22835E-2 1.43714E-1 1.42804E-1 1.67036E-1 2.84582E-1 9.42441E-2 1.75991E-2 1.87606E-2 2.32839E-2 2.73415E-2 7.49446E-2 2.98419E-1 2.74945E-1 3.64052E-1 2.29452E-1 2.5111E-1 3.8963E-1 5.15976E-1 5.56889E-1 5.45651E-1 4.45289E-1 4.99572E-1 5.33072E-1 1.98712E-1 2.39519E-1 2.08589E-1 8.10716E-2 6.94216E-2 1.84077E-1 9.48808E-2 1.00511E-1 1.17477E-1 6.32341E-2 4.97599E-2 3.43507E-2 2.24803E-2
-9999 -9999 -9999 -9999 -9999 3.81634E-3 3.08299E-3 4.76894E-3 4.3326E-3 3.10948E-3 7.00134E-4 7.64664E-4 4.61434E-4 8.68492E-4 2.66912E-4 5.83002E-4 8.77767E-4 3.78566E-4 7.08309E-4 1.29592E-3 2.69478E-3 7.42676E-3 2.13322E-3 4.38063E-3 4.72249E-3 6.33364E-3 1.28046E-3 4.56206E-3 1.80023E-3 4.40605E-3 4.02574E-3 1.00964E-2 2.95719E-2 1.35964E-1 1.73825E-1 1.251E-1 1.52392E-1 1.81005E-1 1.3883E-1 1.19294E-1 5.91189E-2 1.2913E-2 4.15866E-2 4.15948E-2 2.9755E-2 6.39699E-2 2.46021E-1 3.01127E-1 4.42408E-1 2.38176E-1 2.48367E-1 3.5657E-1 4.17652E-1 4.82319E-1 2.60235E-1 4.78468E-1 4.82174E-1 3.82247E-1 1.22563E-1 6.13129E-2 2.18549E-1 1.80335E-1 1.58153E-1 9.173E-2 8.7953E-2 9.63688E-2 4.04451E-2 7.59614E-2 1.42306E-1 1.58885E-1 6.94591E-2
-9999 -9999 -9999 -9999 1.34579E-3 1.40609E-3 4.51836E-3 7.30015E-3 3.89436E-3 2.46857E-3 4.78614E-4 1.24487E-4 7.97403E-4 1.33059E-3 1.08774E-3 2.66121E-3 3.55531E-3 9.68125E-4 1.56072E-3 5.13334E-3 5.94028E-3 4.87238E-3 2.18297E-3 1.14789E-2 4.85844E-3 4.71962E-3 3.53674E-3 4.61815E-3 5.78229E-3 2.4172E-3 1.25966E-2 1.35174E-2 5.43149E-2 1.2649E-1 9.98642E-2 9.09762E-2 2.50125E-1 1.72211E-1 1.10799E-1 1.31166E-1 2.04141E-2 1.89872E-2 2.53333E-2 2.40594E-2 2.51912E-2 8.54518E-2 3.14552E-1 3.72043E-1 3.65399E-1 3.4158E-1 3.98577E-1 2.92877E-1 3.93251E-1 6.44286E-1 3.13522E-1 2.00382E-1 2.41351E-1 5.28467E-1 1.67632E-1 1.07818E-1 2.20421E-1 1.40626E-1 1.80836E-1 1.36792E-1 8.50455E-2 1.18386E-1 7.45841E-2 4.92232E-2 1.45997E-1 1.63883E-1 1.79255E-1
-9999 -9999 -9999 3.71218E-3 8.91429E-4 1.86723E-3 2.77319E-3 4.02406E-3 3.32954E-3 2.03431E-3 1.04293E-3 1.0652E-3 1.66625E-3 3.92624E-4 8.61698E-4 2.14215E-3 5.36973E-4 7.4688E-4 7.61544E-4 1.45828E-3 3.26028E-3 1.67268E-3 1.26223E-3 7.12307E-3 7.01558E-3 7.26357E-3 6.99905E-3 6.69342E-3 1.25913E-2 8.2945E-3 1.41918E-2 1.80862E-2 9.67739E-2 1.46009E-1 2.58911E-1 1.11743E-1 2.72816E-1 3.33352E-1 1.39088E-1 1.84049E-1 9.39373E-2 2.29142E-2 3.52388E-2 2.91426E-2 3.1509E-2 8.5067E-2 2.2998E-1 3.5451E-1 5.55115E-1 4.95013E-1 3.12149E-1 4.53161E-1 5.98547E-1 5.453E-1 5.88579E-1 4.87886E-1 2.92566E-1 2.21797E-1 1.02757E-1 1.22464E-1 1.04384E-1 9.63023E-2 9.97756E-2 1.78741E-1 4.00153E-2 7.67641E-2 1.04491E-1 6.27713E-2 5.73528E-2 8.23487E-2 1.29139E-1
-9999 -9999 -9999 1.04968E-3 1.74237E-3 1.12261E-3 1.11588E-3 2.36729E-3 1.5375E-3 1.09528E-3 1.59318E-3 1.26272E-3 1.61821E-3 3.4112E-3 2.87315E-3 3.23451E-4 1.43249E-3 6.85697E-4 2.26797E-3 1.64551E-3 2.97995E-4 3.01752E-3 5.99126E-3 5.94042E-3 5.02823E-3 4.52952E-3 6.03015E-3 4.47599E-3 1.06787E-2 5.5746E-3 1.92527E-2 2.18894E-2 1.23728E-1 1.05239E-1 1.94171E-1 1.06572E-1 1.272E-1 1.69484E-1 6.33631E-2 4.68065E-2 7.27706E-2 3.65423E-2 3.67061E-2 2.77677E-2 4.55898E-2 2.13381E-1 2.11601E-1 4.85686E-1 4.25507E-1 4.46397E-1 4.47957E-1 5.97083E-1 4.66348E-1 6.99409E-1 2.8971E-1 3.23051E-1 3.1856E-1 1.23288E-1 1.61346E-1 1.1536E-1 1.63194E-1 5.61345E-2 7.26046E-2 8.11158E-2 3.59975E-2 1.11775E-1 1.17717E-1 1.39761E-1 7.96821E-2 1.10782E-1 1.09094E-1
