ENM/Final_Models/M_1_F_lqp_Set_1_EC/Gustavia_santanderiensis_3_Choco_novel.asc
ncols         367
nrows         963
xllcorner     -78.6
yllcorner     0.65
cellsize      0.00833333333333323
NODATA_value  -9999
[rows 690 to 719 of 963, columns 136 to 203 of 367]
-6.87179E1 -6.30769E1 -8.30769E1 -8.41026E1 -7.38462E1 -7.4359E1 -9.33333E1 -7.53846E1 -8E1 -9.38462E1 -8.51282E1 -5.68927E1 -5.63833E1 -5.78478E1 -5.28494E1 -5.43776E1 -8.20513E1 -8.30769E1 -5.33333E1 -5.28205E1 -5.33333E1 -5.17949E1 -4.60363E1 -3.74359E1 -3.64103E1 -3.07692E1 -3.4359E1 -3.69231E1 -3.33333E1 -2.05128E1 -1.84615E1 -1.84615E1 -1.53846E1 -1.52818E1 -4.61538E0 -1.79487E1 -2.20513E1 -2.30769E1 -2.05128E1 -6.55842E0 -7.35435E0 -1.36899E0 -8.21394E0 -3.23077E1 -2.5641E1 -4.82051E1 -5.38462E1 -5.53846E1 1.79623E-1 1.39707E-1 3.79204E-1 3.99162E-1 5.1891E-1 4.39078E-1 5.38868E-1 8.18282E-1 1.79623E0 3.25317E0 8.68177E0 1.91198E1 2.35905E1 2.76619E1 1.70841E1 2.60852E1 2.95579E1 2.85001E1 2.63247E1 2.34308E1
-6.25641E1 -6.92308E1 -6.97436E1 -7.38462E1 -7.4359E1 -9.23077E1 -9.12821E1 -7.89744E1 -8E1 -7.94872E1 -6.00127E1 -5.78478E1 -5.84527E1 -5.43457E1 -5.53009E1 -5.82299E1 -8.15385E1 -8.20513E1 -5.4359E1 -9999 -8.41026E1 -5.4359E1 -9999 -3.89744E1 -3.79487E1 -3.38462E1 -3.4359E1 -3.84615E1 -3.38462E1 -1.69231E1 -1.84615E1 -2E1 -1.74359E1 -1.53846E1 -8.20513E0 -6.17638E0 -3.33333E1 -2.20513E1 -1.79487E1 -9.13722E0 -2.26043E0 -1.67463E1 -2.37186E1 -2.85896E1 -1.64103E1 -3.58974E1 -1.81471E1 -1.67781E1 9.18072E-1 6.18701E-1 4.78994E-1 4.39078E-1 4.1912E-1 5.1891E-1 9.3803E-1 1.53677E0 1.25736E0 1.79623E0 8.02315E0 1.59066E1 1.91198E1 2.24928E1 2.59655E1 1.5228E1 3.01766E1 2.11955E1 2.29318E1 2.38898E1
-6.46291E1 -6.30769E1 -8.30769E1 -8.51282E1 -7.48718E1 -1.00513E2 -8.51282E1 -8.51282E1 -8.41026E1 -7.74359E1 -5.96307E1 -8.15385E1 -5.60331E1 -8E1 -8E1 -7.94872E1 -5.88348E1 -5.80388E1 -5.29768E1 -5.56192E1 -8.25641E1 -8.10256E1 -5.48718E1 -3.94872E1 -3.79487E1 -3.69231E1 -3.74359E1 -3.94872E1 -3.38462E1 -1.48718E1 -1.12821E1 -3.07692E1 -2.66667E1 -9.23077E0 -1.4359E1 -2.46154E1 -4.87179E1 -3.48718E1 -2.30769E1 -3.48718E1 -1.38462E1 -5.69882E0 -3.07692E0 -1.02564E1 -8.71795E0 -3.07692E0 5.98743E-2 7.98324E-2 1.19749E-1 6.18701E-1 1.87606E0 6.38659E-1 4.39078E-1 4.78994E-1 6.18701E-1 7.18491E-1 6.18701E-1 2.57459E0 8.68177E0 1.16156E1 5.20906E0 1.49087E1 2.84203E1 2.62249E1 2.35905E1 2.13352E1 1.82617E1 2.13352E1
-6.92308E1 -8.41026E1 -8.41026E1 -8.46154E1 -8.20513E1 -8.30769E1 -8.51282E1 -9.33333E1 -9.23077E1 -5.29768E1 -8.05128E1 -5.26584E1 -5.43139E1 -8E1 -9.02564E1 -8.97436E1 -5.49188E1 -9.38462E1 -9.4359E1 -8.25641E1 -5.40911E1 -4.57816E1 -5.4359E1 -3.12821E1 -4.25641E1 -4.20513E1 -4.05128E1 -3.74359E1 -2.15385E1 -3.07692E1 -3.17949E1 -2.86851E1 -3.80452E1 -3.64103E1 -4.05128E1 -2.20513E1 -2.61538E1 -4.76923E1 -4.92308E1 -5.38462E1 -3.58974E1 -2.26043E1 -2.35897E1 -5.64103E0 -6.15385E0 -1.02564E0 9.97904E-2 3.39287E-1 1.29728E0 1.7164E0 1.7164E0 6.18701E-1 7.18491E-1 1.79623E0 1.07774E0 7.18491E-1 7.18491E-1 2.21535E0 1.49087E1 1.15757E0 7.98324E-2 4.1912E-1 3.25317E0 1.49087E1 1.92995E1 2.61651E1 1.49087E1 1.69644E1
-8.35897E1 -8.46154E1 -7.02564E1 -7.17949E1 -8.35897E1 -7.94872E1 -7.64103E1 -7.89744E1 -6.14454E1 -7.89744E1 -7.94872E1 -6.01719E1 -5.53009E1 -5.60013E1 -8.10256E1 -7.89744E1 -5.57466E1 -5.75613E1 -5.89303E1 -6.00764E1 -5.55874E1 -5.59376E1 -5.58974E1 -9999 -3.69231E1 -3.74359E1 -3.64103E1 -2.82051E1 -2.10256E1 -1.4359E1 -4.17383E1 -2.97436E1 -2.82076E1 -3.74359E1 -4.87179E1 -6.51282E1 -4.66667E1 -2.73161E1 -2.71795E1 -1.12821E1 -1.94872E1 -1.1907E1 1.99581E-2 -6.15385E0 -5.64103E0 -3.58974E0 5.98743E-2 1.79623E-1 4.39078E-1 -4.61538E0 -5.12821E0 -3.4359E1 -2.66667E1 -1.89744E1 -8.20513E0 9.97904E-2 5.1891E-1 4.1912E-1 2.39497E-1 4.39078E-1 3.39287E-1 2.60453E1 3.45275E1 3.15537E1 2.69434E1 2.36104E1 1.81619E1 2.0956E0
-8.41026E1 -8.46154E1 -8.46154E1 -7.94872E1 -7.58974E1 -8E1 -7.94872E1 -8.5641E1 -8.66667E1 -8E1 -7.89744E1 -5.68927E1 -5.75931E1 -5.37408E1 -7.94872E1 -8E1 -5.62878E1 -5.54919E1 -5.68609E1 -5.89621E1 -5.95033E1 -5.78478E1 -4.81375E1 -4.15385E1 -3.69231E1 -3.69231E1 -3.79487E1 -3.23077E1 -2.76923E1 -1.48718E1 -3.02564E1 -3.48718E1 -1.89744E1 -3.33333E1 -5.4359E1 -5.53846E1 -5.33333E1 -7.07692E1 -4.71795E1 -1.80197E1 -1.12066E1 9.97904E-2 4.1912E-1 9.97904E-2 1.99581E-2 -3.07692E0 7.98324E-2 8.18282E-1 5.72797E0 3.39287E-1 -1.84615E1 -2.76923E1 -3.17949E1 -3.89744E1 -2.10256E1 -3.58974E1 -4.61538E0 7.98324E-2 3.39287E-1 2.59455E-1 1.16156E1 1.7623E1 2.13352E1 2.2393E1 1.81619E1 8.02315E0 6.60613E0 3.99162E-1
-8.46154E1 -8.61538E1 -7.84615E1 -6.45973E1 -5.72111E1 -8E1 -7.74359E1 -7.84615E1 -9.48718E1 -8.71795E1 -8.10256E1 -5.38364E1 -5.36453E1 -5.17949E1 -5.12821E1 -5.76568E1 -5.72748E1 -5.54282E1 -6.17319E1 -6.04903E1 -6.13499E1 -6.22413E1 -4.91563E1 -4.41026E1 -3.17949E1 -3.23077E1 -3.33333E1 -3.28205E1 -2.97436E1 -2.87179E1 -3.4359E1 -2.92308E1 -2.66667E1 -2.94492E1 -3.28205E1 -4.87179E1 -4.76923E1 -6.35897E1 -7.38462E1 -3.53846E1 -1.84615E1 -1.02564E0 -1.58974E1 1.99581E-2 1.99581E-2 -1.53846E0 7.98324E-2 1.87606E0 3.25317E0 1.29728E0 -1.94872E1 -3.79487E1 -4E1 -3.64103E1 -3.58974E0 -3.74359E1 -2.5641E0 3.39287E-1 8.18282E-1 3.73216E0 2.79214E1 2.82407E1 1.70841E1 1.7144E1 2.58258E1 2.30117E1 7.98324E-2 1.07774E0
-7.07692E1 -8.51282E1 -7.94872E1 -8E1 -7.69231E1 -5.62241E1 -5.37408E1 -8.05128E1 -8.76923E1 -8.05128E1 -6.17001E1 -5.82617E1 -5.36772E1 -5.14804E1 -5.23077E1 -5.35498E1 -5.43139E1 -5.12257E1 -5.76886E1 -5.61923E1 -6.54887E1 -6.02356E1 -5.81025E1 -4.33302E1 -4.05128E1 -3.53846E1 -3.48718E1 -3.89744E1 -3.02564E1 -2.92308E1 -3.38462E1 -2.97436E1 -2.87179E1 -2.71795E1 -2.82051E1 -4.35897E1 -6.46154E1 -7.23077E1 -6.61538E1 -2.53104E1 -2.76923E1 -1.53846E1 -8.20513E0 -3.94872E1 -9.23077E0 7.98324E-2 9.97904E-2 4.1912E-1 1.25736E0 7.18491E-1 6.18701E-1 2.39497E-1 7.98324E-2 -2.64247E0 1.19749E-1 -1.94872E1 -1.02564E1 2.59455E-1 2.39497E0 2.79413E0 2.16346E1 3.26115E1 1.31524E1 2.79812E1 2.48478E1 2.44886E1 5.50843E0 3.19329E-1
-8.51282E1 -8.61538E1 -7.64103E1 -8.05128E1 -7.74359E1 -8.92308E1 -5.28205E1 -5.28205E1 -8.15385E1 -8.15385E1 -8.15385E1 -5.60968E1 -5.91213E1 -5.37727E1 -4.98567E1 -5.30723E1 -5.22763E1 -4.96657E1 -5.8007E1 -5.53645E1 -5.8389E1 -9.38462E1 -8.25641E1 -8E1 -5.4359E1 -5.07692E1 -5.28205E1 -5.23077E1 -9999 -2.92308E1 -3.58974E1 -3.23077E1 -2.51282E1 -2.46154E1 -2.30769E1 -2.5641E1 -3.38462E1 -2.51282E1 -2.20513E1 -9.96498E0 -4.10256E1 -1.53846E1 -2.5641E0 -2E1 -4.10256E1 -3.89744E1 -1.12821E1 3.39287E-1 1.39707E-1 4.39078E-1 3.39287E-1 3.99162E-1 5.1891E-1 4.39078E-1 8.58198E-1 7.18491E-1 3.03363E0 2.03573E1 1.96587E1 9.95909E0 2.2393E1 2.46482E1 2.28321E1 2.49277E1 2.51671E1 2.5227E1 8.50215E0 2.39497E-1
-7.53846E1 -7.94872E1 -8E1 -8E1 -7.74359E1 -7.84615E1 -5.95033E1 -5.86756E1 -5.5269E1 -8.20513E1 -8.15385E1 -8.15385E1 -7.94872E1 -7.79487E1 -4.81375E1 -5.1767E1 -5.07692E1 -4.97436E1 -5.59376E1 -5.4359E1 -5.33333E1 -7.94872E1 -7.69231E1 -9.02564E1 -8.05128E1 -1.07692E2 -1.06667E2 -5.28205E1 -5.74359E1 -9999 -2.82051E1 -3.28205E1 -3.02564E1 -2E1 -2.25641E1 -2E1 -1.4359E1 -2.15385E1 -2.10256E1 -1.79487E1 -1.33333E1 -3.89744E1 -7.69231E0 9.97904E-2 -2.66667E1 -3.79487E1 -3.94872E1 -2.41026E1 4.39078E-1 3.45275E0 8.18282E-1 3.99162E-1 4.1912E-1 3.99162E-1 1.11765E0 4.71011E0 7.145E0 7.145E0 5.20906E0 1.24738E1 2.03573E1 2.73426E1 2.04171E1 1.69644E1 2.2393E1 2.41493E1 5.98743E-1 3.99162E-2
-5.4696E1 -5.39E1 -5.53964E1 -8E1 -7.74359E1 -7.84615E1 -5.6638E1 -5.78797E1 -5.53009E1 -5.28494E1 -5.43139E1 -5.17949E1 -5.23077E1 -5.28205E1 -5.07692E1 -7.58974E1 -7.69231E1 -7.58974E1 -5.4359E1 -5.17949E1 -7.58974E1 -8.5641E1 -7.64103E1 -8.30769E1 -6.70487E1 -8.71795E1 -5.89744E1 -5.17949E1 -9999 -2.92308E1 -2.25641E1 -1.69231E1 -2.61538E1 -2.05128E1 -1.58974E1 -2E1 -1.58974E1 -1.64103E1 -1.64103E1 5.98743E-2 -2.20513E1 -4.05128E1 -1.69231E1 -1.07692E1 -2.15385E1 -2.71795E1 -2.51282E1 -3.23077E1 -1.17949E1 9.77946E-1 5.1891E-1 4.39078E-1 4.78994E-1 4.39078E-1 1.07774E0 9.95909E0 8.02315E0 8.02315E0 7.58407E0 1.07175E1 2.27921E1 3.15537E1 2.93783E1 2.41493E1 1.51482E1 1.21744E0 1.63656E0 3.59246E-1
-5.55874E1 -5.74021E1 -5.64788E1 -5.23077E1 -5.24674E1 -5.60968E1 -5.546E1 -5.77205E1 -5.15441E1 -5.57147E1 -5.11621E1 -4.62592E1 -5.28205E1 -5.33333E1 -8.05128E1 -8E1 -7.84615E1 -7.84615E1 -7.89744E1 -7.84615E1 -7.89744E1 -8.30769E1 -8.15385E1 -6.40879E1 -8.66667E1 -5.58974E1 -5.33333E1 -5.12821E1 -4.30769E1 -2.51282E1 3.99162E-2 -6.15385E0 -2.05128E1 -3.58974E0 1.99581E-2 -7.17949E0 -1.4359E1 -1.12821E1 -6.66667E0 1.99581E-2 -4.61538E0 1.39707E-1 -1.84615E1 -3.58974E1 -2.10256E1 -2.25641E1 -1.89744E1 -1.38462E1 -2.15385E1 -3.59758E0 9.97904E-2 1.19749E-1 6.18701E-1 5.1891E-1 1.15757E0 2.39497E0 6.08722E0 9.40026E0 1.39707E-1 1.15757E0 2.67438E1 2.96777E1 3.05558E1 3.19529E1 9.40026E0 2.79413E-1 8.58198E-1 2.07564E0
-5.38045E1 -5.89939E1 -5.15123E1 -5.35498E1 -5.16396E1 -5.63515E1 -5.27539E1 -5.67972E1 -5.27221E1 -5.6638E1 -5.31359E1 -5.51735E1 -8.10256E1 -8E1 -9.07692E1 -5.28205E1 -5.38462E1 -8.05128E1 -7.84615E1 -7.94872E1 -8.15385E1 -5.58974E1 -6.35466E1 -5.59058E1 -5.84615E1 -4E1 -3.64852E1 -3.89744E1 -3.17949E1 -1.12821E1 3.99162E-2 -1.74359E1 -1.74359E1 -1.12821E1 -6.66667E0 -8.71795E0 -1.94872E1 -2.5641E0 7.98324E-2 9.97904E-2 7.98324E-2 1.99581E-2 -1.20025E1 -2.5641E1 -3.38462E1 -1.74359E1 -1.17949E1 -5.64103E0 -1.69231E1 -3.94872E1 1.99581E-2 9.97904E-2 2.59455E-1 1.15757E0 5.72797E0 9.95909E0 1.39507E1 5.72797E0 9.97904E-2 1.11765E0 1.91198E1 2.73426E1 2.73426E1 9.40026E0 3.99162E-1 9.97904E-1 1.89602E0 1.15757E0
-5.65425E1 -5.80388E1 -5.36453E1 -5.20216E1 -5.04298E1 -5.41866E1 -4.92518E1 -4.71188E1 -5.05571E1 -5.42821E1 -5.09074E1 -4.83286E1 -5.07692E1 -7.79487E1 -7.89744E1 -5.12821E1 -5.23077E1 -5.17949E1 -5.23082E1 -5.24992E1 -5.70201E1 -8.5641E1 -6.27189E1 -5.14804E1 -5.84615E1 -5.23077E1 -3.28205E1 -2.87179E1 -5.12821E0 -1.79487E1 -2.76923E1 -1.23077E1 5.98743E-2 -1.23077E1 -1.38462E1 -2.92308E1 -2.41026E1 1.99581E-2 1.39707E-1 9.97904E-2 -3.58974E0 -5.64103E0 9.97904E-2 -1.4359E1 -2.30769E1 -3.64103E1 -2.20513E1 -3.58974E0 -1.02564E1 -3.33333E1 -2.51282E1 9.97904E-2 4.1912E-1 1.53677E0 1.69644E1 2.35905E1 2.46482E1 2.13352E1 2.57459E0 3.03363E0 2.79812E1 1.2853E1 2.2393E1 2.35905E1 7.62399E0 1.89602E0 4.59036E-1 2.41493E0
-5.33588E1 -5.11621E1 -5.34543E1 -5.74658E1 -5.36772E1 -5.47278E1 -5.01433E1 -4.85833E1 -4.76918E1 -5.32315E1 -5.13849E1 -4.83286E1 -5.78478E1 -5.00478E1 -5.24037E1 -4.66094E1 -3.91595E1 -4.24706E1 -5.29768E1 -5.4359E1 -5.64103E1 -4.89016E1 -4.05128E1 -4.15385E1 -4.15385E1 -4.15385E1 -2.09806E1 -7.44986E0 -2E1 -3.53846E1 -7.02564E1 -6.41026E1 -3.84615E1 -4.46154E1 -2.20513E1 -1.28205E1 -2.46154E1 -1.69231E1 -1.48718E1 -1.4359E1 -6.15385E0 -5.12821E-1 -5.12821E0 -1.48718E1 1.99581E-2 -3.07692E0 -2.61538E1 -6.15385E0 -1.64103E1 -3.23077E1 -2.97436E1 -1.4359E1 7.18491E-1 5.72797E0 8.02315E0 2.13352E1 1.81619E1 1.91198E1 1.91198E1 2.07564E0 3.26115E1 1.59066E1 2.46482E1 3.12344E1 2.93783E1 3.77208E0 1.21345E1 2.22932E1
-5.74021E1 -4.922E1 -5.37408E1 -5.29768E1 -4.35848E1 -4.59408E1 -4.98886E1 -4.9602E1 -5.08755E1 -5.14167E1 -4.45718E1 -4.28526E1 -7.69231E1 -7.89744E1 -5.02564E1 -4.14199E1 -5.02564E1 -5.07692E1 -5.38462E1 -5.33333E1 -5.53846E1 -5.74339E1 -5.4359E1 -3.64103E1 -5.07692E1 -3.69231E1 -3.23077E1 -3.02564E1 -2.66667E1 -7.17949E1 -6.30769E1 -3.64103E1 -3.38462E1 -3.89744E1 -4.15385E1 -2.40051E1 -2.10256E1 -2.10256E1 -1.07692E1 -1.64103E1 -1.94872E1 1.99581E-2 -1.02564E1 -1.02564E1 3.99162E-2 1.99581E-2 -1.02564E1 -2.05128E0 -1.38462E1 -3.38462E1 -2.41026E1 -8.20513E0 5.38868E-1 1.11765E0 9.77946E-1 7.58407E0 1.39507E1 1.69644E1 2.03573E1 1.49087E1 3.26115E1 2.03573E1 2.05369E1 1.66251E1 1.66251E1 1.06576E1 2.61251E1 2.50075E1
-5.94078E1 -5.48551E1 -5.36453E1 -4.96975E1 -4.59726E1 -4.50493E1 -5.1767E1 -5.78797E1 -4.67685E1 -4.39987E1 -3.79487E1 -4.17701E1 -5.02564E1 -4.82012E1 -4.73416E1 -4.53996E1 -3.74359E1 -3.33333E1 -5.38462E1 -5.48718E1 -8.35897E1 -5.88666E1 -5.23719E1 -6.35897E1 -6.66667E1 -3.69231E1 -2.92308E1 -2.40369E1 -3.53846E1 -5.79487E1 -5.74359E1 -4.61538E1 -4.10256E1 -4.71795E1 -4E1 -3.38462E1 -4.05128E1 -3.38462E1 -2.92308E1 -4.15385E1 -2.5641E1 7.98324E-2 1.99581E-2 9.97904E-2 -4.61538E0 -1.84615E1 -5.64103E0 -2.5641E0 -2.15385E1 -2.10256E1 -1.64103E1 -3.58974E0 5.98743E-2 -5.64103E0 9.97904E-2 5.1891E-1 3.26115E1 2.9977E1 3.42481E1 2.78615E1 3.55653E1 3.18731E1 2.70033E1 5.92755E0 5.96747E0 2.41493E1 2.61651E1 2.63048E1
-5.26584E1 -5.14167E1 -4.91882E1 -5.22763E1 -5.39637E1 -5.20535E1 -5.40592E1 -5.18943E1 -4.75008E1 -3.90322E1 -3.48718E1 -4.30769E1 -5.17949E1 -4.97931E1 -4.17701E1 -4.1993E1 -4.10256E1 -2.83349E1 -3.89744E1 -5.53846E1 -5.48718E1 -4.12926E1 -3.53846E1 -5.64103E1 -4.66667E1 -5.89744E1 -6.66667E1 -5.07692E1 -2.617E1 -4.46154E1 -5.53846E1 -3.74359E1 -4.61538E0 -1.4359E1 -2.05128E0 1.99581E-2 -1.12821E1 -8.71795E0 -1.79487E1 -3.23077E1 7.98324E-2 3.39287E-1 9.97904E-2 1.15757E0 1.99581E-2 -3.17949E1 -7.69231E0 -1.58974E1 -3.33333E1 -2.71795E1 -1.58974E1 -1.33333E1 -3.07692E0 1.25736E0 9.97904E-2 9.97904E-2 9.77946E-1 4.15128E0 1.39507E1 2.57459E1 8.68177E0 1.91198E1 2.65243E1 3.51262E0 2.06566E1 2.78615E1 2.39697E1 2.56861E1
-4.97931E1 -4.54951E1 -5.12894E1 -5.01751E1 -4.91245E1 -5.64788E1 -4.86151E1 -4.2375E1 -4E1 -3.74359E1 -3.84615E1 -3.69231E1 -5.02564E1 -4.27889E1 -4.06877E1 -3.69231E1 -4E1 -4.10256E1 -3.84615E1 -3.72493E1 -3.89744E1 -3.40019E1 -3.28205E1 -5.02564E1 -2.51282E1 -3.69231E1 -6.76923E1 -8.51282E1 -1.89744E1 -7.17949E0 -4.41026E1 -1.58974E1 -8.20513E0 -1.53846E0 -3.58974E0 1.99581E-2 1.99581E-2 1.99581E-2 -1.12821E1 -3.17949E1 -7.69231E0 9.97904E-2 8.58198E-1 4.78994E-1 2.39497E-1 9.97904E-2 5.98743E-2 -2.5641E1 -4.05128E1 -3.58974E1 -2.76923E1 -2.66667E1 -1.69231E1 1.19749E-1 1.61661E0 1.99581E-2 5.98743E-2 9.97904E-2 2.79413E0 2.79812E1 1.22942E1 7.70382E0 4.49057E0 9.08093E0 2.75821E1 2.84403E1 3.05758E1 2.44087E1
-5.11621E1 -5.17351E1 -4.87424E1 -4.81057E1 -5.07163E1 -4.96339E1 -4E1 -4.03375E1 -4.05128E1 -4.10256E1 -3.34925E1 -3.23077E1 -3.79487E1 -3.94872E1 -3.58974E1 -3.04998E1 -3.38462E1 -3.79487E1 -3.53846E1 -4.97436E1 -3.62305E1 -2.83349E1 -3.48718E1 -5.74359E1 -3.23077E1 -4.51282E1 -8.76923E1 -6.41026E1 -8.71795E0 -1.69231E1 -2.41026E1 -2E1 -1.02564E1 -5.12821E-1 9.97904E-2 4.1912E-1 9.97904E-2 3.99162E-2 -1.23077E1 -2.41026E1 -2.87179E1 3.79204E-1 2.87396E0 1.87606E0 1.53677E0 1.39707E-1 3.99162E-1 -3.07692E0 -6.55842E0 -3.53846E1 -6.66667E0 4.1912E-1 7.18491E-1 5.1891E-1 5.72797E0 2.21535E0 1.07175E1 2.35505E1 2.54865E1 2.69434E1 2.6644E1 2.35705E1 2.05369E1 2.2872E1 3.05758E1 2.98773E1 2.35905E1 2.58856E1
-4.43171E1 -4.6673E1 -5.05571E1 -5.10665E1 -5.17033E1 -4.58134E1 -4.18338E1 -3.69231E1 -3.84615E1 -4.10256E1 -3.69231E1 -3.26648E1 -3.4575E1 -3.48718E1 -3.00223E1 -2.61538E1 -3.23077E1 -4E1 -3.18688E1 -7.4359E1 -6.97436E1 -3.69231E1 -5.79487E1 -5.48718E1 -5.28205E1 -6E1 -8.46154E1 -3.79487E1 -2.97436E1 -2.41026E1 -1.33333E1 -4.41026E1 -2.5641E1 -1.48718E1 -1.33333E1 7.98324E-2 -7.17949E0 3.99162E-2 -2.5641E1 -3.64103E1 -5.28205E1 9.97904E-2 8.18282E-1 2.21535E0 2.57459E0 5.38868E-1 2.79413E-1 1.79623E-1 -3.75677E0 1.99581E-2 -1.53846E0 1.07774E0 2.21535E0 2.21535E0 3.73216E0 9.95909E0 5.20906E0 2.30915E1 3.26115E1 3.7601E1 2.87396E1 2.61251E1 2.27123E1 2.93384E1 2.59256E1 2.82407E1 2.74025E1 2.68835E1
-4.91245E1 -4.92518E1 -5.39E1 -4.56224E1 -4.60681E1 -4.56224E1 -4.66412E1 -4.71506E1 -4.9029E1 -3.69231E1 -3.94872E1 -2.82051E1 -2.56925E1 -3.06272E1 -2.91308E1 -3.11047E1 -2.84623E1 -3.28205E1 -2.71795E1 -3.69231E1 -3.64103E1 -6.76923E1 -5.79487E1 -6.35897E1 -7.64103E1 -7.23077E1 -3.97644E1 -2.41026E1 -3.94872E1 -1.64103E1 1.99581E-2 -1.89744E1 -2.41026E1 -1.84615E1 -2.05128E1 -3.58974E0 1.99581E-2 -2.05128E0 -3.12821E1 -4.46154E1 -5.89744E1 9.97904E-2 -2.05128E0 -4.61538E0 1.99581E-2 1.11765E0 2.07564E0 1.53677E0 1.07774E0 1.25736E0 -8.71795E0 5.98743E-2 3.39287E-1 8.18282E-1 3.03363E0 2.57459E0 7.18491E-1 8.02315E0 1.07175E1 4.02954E1 2.68237E1 2.21335E1 2.29518E1 2.55663E1 2.69434E1 2.93783E1 2.63846E1 2.42092E1
-4.94747E1 -4.71506E1 -5.0589E1 -4.0624E1 -4.28844E1 -4.8042E1 -4.08469E1 -4.85514E1 -4.83286E1 -4.55906E1 -4.57498E1 -4.59726E1 -3.79487E1 -2.70614E1 -2.97994E1 -3.41293E1 -3.22509E1 -2.41026E1 -7.53846E1 -6.41026E1 -6.82051E1 -7.12821E1 -7.28205E1 -6.5641E1 -6.82051E1 -5.58974E1 -2.51282E1 -2.82051E1 -1.84615E1 9.97904E-2 6.18701E-1 9.97904E-2 -6.15385E0 -7.69231E0 -3.53846E1 -1.64103E1 -1.53846E0 -1.28205E1 -3.4359E1 -5.17949E1 -2.59472E1 5.1891E-1 5.98743E-2 -1.23077E1 -1.58974E1 1.07774E0 1.11765E0 6.18701E-1 9.97904E-2 3.39287E-1 -7.69231E0 -5.12821E-1 7.98324E-2 7.98324E-2 1.2853E1 3.42481E1 7.145E0 1.15757E0 3.25317E0 2.58258E1 2.55663E1 2.22932E1 2.57459E1 2.45684E1 2.40495E1 2.9518E1 2.37302E1 2.10558E1
-4.73416E1 -4.65457E1 -4.05285E1 -5.27221E1 -4.75008E1 -4.766E1 -4.50812E1 -4.46673E1 -4.32665E1 -4.88698E1 -5.06527E1 -5.12894E1 -3.84591E1 -3.82681E1 -4.13244E1 -3.77587E1 -4.07514E1 -3.0659E1 -2.71795E1 -6.35897E1 -6.87179E1 -5.84615E1 -6.61538E1 -6E1 -5.74359E1 -6E1 -3.69231E1 -4.82051E1 -1.53846E0 1.99581E-2 9.97904E-2 2.39497E-1 -8.71795E0 -1.17949E1 -2.76923E1 -2.10256E1 -3.23077E1 -4E1 -3.12821E1 -4.20513E1 -1.48718E1 9.97904E-2 5.98743E-2 -1.58974E1 -1.69231E1 -5.64103E0 5.98743E-2 -1.12821E1 -5.12821E0 1.99581E-2 -5.12821E0 9.97904E-2 1.19749E-1 2.54066E1 3.15537E1 3.63237E1 3.15537E1 2.73226E1 2.57459E1 2.63048E1 2.13352E1 2.3351E1 2.25526E1 2.69434E1 2.50674E1 2.15947E1 2.22134E1 1.90201E1
-5.1958E1 -4.72143E1 -3.98281E1 -4.9029E1 -4.54314E1 -4.96975E1 -4.69277E1 -4.4922E1 -4.5113E1 -4.26616E1 -5.21172E1 -4.74371E1 -3.49889E1 -4.41026E1 -4.76923E1 -4.81694E1 -4.55587E1 -3.89744E1 -7.02564E1 -6.46154E1 -5.07692E1 -2.71795E1 -4.41026E1 -4.05128E1 -2.30769E1 -2.92308E1 -1.69231E1 -3.17949E1 7.98324E-2 1.99581E-2 -2.5641E0 1.99581E-2 3.99162E-2 5.98743E-2 -1.49634E0 -6.33556E0 -7.227E0 -2.30769E1 -1.32442E1 -6.20821E0 3.79204E-1 8.58198E-1 8.58198E-1 9.97904E-2 -1.33333E1 -6.66667E0 9.97904E-2 9.97904E-2 -2.05128E0 9.97904E-2 1.11765E0 3.26115E1 3.26115E1 3.30306E1 2.73426E1 2.82008E1 2.46482E1 2.85001E1 2.85001E1 2.41692E1 2.42092E1 2.77018E1 2.3351E1 2.36703E1 2.2872E1 2.12753E1 2.00978E1 1.91198E1
-5.24037E1 -5.078E1 -3.93824E1 -4.68322E1 -4.45081E1 -4.6291E1 -4.27571E1 -4.30436E1 -4.0815E1 -4.88061E1 -5.06845E1 -4.91882E1 -3.32697E1 -4.0624E1 -3.98281E1 -4.30769E1 -3.64103E1 -4.61538E1 -2.05128E1 -1.58974E1 -1.53846E0 -8.71795E0 -2.76923E1 -3.79487E1 -2.76923E1 -1.53846E1 -1.4359E1 -3.48718E1 -1.34034E1 1.99581E-2 7.98324E-2 5.98743E-2 1.99581E-2 1.99581E-2 1.99581E-2 -5.12821E-1 -3.07692E0 1.99581E-2 9.97904E-2 -1.62369E0 1.07774E0 7.145E0 1.79623E0 4.39078E-1 7.98324E-2 -1.02564E1 5.98743E-2 9.97904E-2 4.1912E-1 2.21535E0 1.39507E1 3.42481E1 3.4308E1 3.13142E1 2.89991E1 2.82008E1 2.72029E1 2.79214E1 3.01766E1 2.9538E1 2.63846E1 2.41493E1 3.06556E1 3.05758E1 2.50075E1 1.87007E1 1.72637E1 1.77228E1
-4.4731E1 -4.3362E1 -4.28526E1 -4.10379E1 -4.54314E1 -4.56224E1 -4.3553E1 -4.10061E1 -4.02738E1 -3.68036E1 -4.86469E1 -4.15154E1 -3.8077E1 -4.01465E1 -3.45431E1 -3.74359E1 -6.82051E1 -3.69231E1 -8.53231E0 5.98743E-2 2.59455E-1 -5.12821E-1 -2.41026E1 -3.02564E1 -2.51282E1 -2.5641E0 -1.4359E1 -3.84615E1 -3.58974E1 8.18282E-1 5.1891E-1 2.39497E-1 9.97904E-2 9.97904E-2 3.79204E-1 1.39707E-1 1.99581E-2 4.1912E-1 1.79623E-1 1.79623E-1 2.57459E0 6.08722E0 6.18701E-1 3.99162E-2 4.78994E-1 1.99581E-2 9.97904E-2 7.98324E-2 5.20906E0 3.42481E1 3.42481E1 3.93573E1 2.58856E1 2.03573E1 3.01766E1 3.01766E1 2.43688E1 2.89791E1 2.73027E1 2.79812E1 3.47071E1 2.90789E1 2.90789E1 2.39297E1 2.07963E1 2.10358E1 1.8102E1 1.75831E1
-4.1611E1 -4.3171E1 -4.3171E1 -2.87179E1 -4.12926E1 -3.89744E1 -3.96052E1 -3.34925E1 -3.6135E1 -3.53709E1 -3.95734E1 -3.69231E1 -3.48718E1 -3.79497E1 -3.82362E1 -3.48718E1 -4.71795E1 -2E1 3.99162E-2 3.39287E-1 4.39078E-1 -3.58974E0 -7.69231E0 -1.4359E1 -1.17949E1 5.98743E-2 -1.28205E1 -3.58974E1 -3.69231E1 -1.53846E0 7.18491E-1 5.38868E-1 7.18491E-1 6.38659E-1 9.77946E-1 1.15757E0 1.79623E-1 1.11765E0 2.79413E-1 4.39078E-1 6.54625E0 1.81619E1 5.72797E0 1.25736E0 1.07774E0 4.39078E0 6.54625E0 2.87396E0 1.39507E1 3.75611E1 4.42471E1 2.85001E1 3.01766E1 2.85001E1 3.59246E1 3.69624E1 2.6185E1 2.8081E1 2.9518E1 3.79802E1 3.46073E1 2.55264E1 3.05159E1 2.15947E1 2.39697E1 1.8581E1 1.82018E1 1.97785E1
-3.95097E1 -3.74359E1 -3.82681E1 -3.48718E1 -3.33333E1 -3.94779E1 -3.94872E1 -3.8077E1 -3.09774E1 -3.04362E1 -3.41293E1 -3.23077E1 -3.78223E1 -3.28205E1 -2.53741E1 -3.4359E1 -2.46154E1 -1.02564E0 9.97904E-2 4.1912E-1 4.1912E-1 9.97904E-2 5.1891E-1 2.59455E-1 9.97904E-2 -6.15385E0 -2.76923E1 -4.05128E1 -4.20513E1 -3.4359E1 -1.53846E1 -1.12821E1 1.19749E-1 5.38868E-1 2.21535E0 1.11765E0 3.79204E-1 9.97904E-2 3.79204E-1 1.87606E0 5.72797E0 2.03573E1 1.91198E1 1.81619E1 2.83405E1 2.13352E1 1.59066E1 6.54625E0 2.46482E1 4.10937E1 3.26115E1 3.42481E1 3.01766E1 3.42481E1 2.85001E1 2.85001E1 3.08352E1 2.78814E1 3.12943E1 3.68227E1 3.15537E1 3.38689E1 2.97575E1 2.62648E1 2.41493E1 1.68247E1 1.77627E1 8.58198E-1
-3.98918E1 -3.72811E1 -3.69231E1 -3.74359E1 -2.76923E1 -3.75358E1 -3.53846E1 -3.84615E1 -3.25374E1 -3.48718E1 -3.15186E1 -3.15186E1 -4.05128E1 -4.51282E1 -3.74359E1 -5.84615E1 -1.94872E1 5.98743E-2 2.39497E-1 -5.12821E-1 3.39287E-1 9.97904E-2 9.97904E-2 9.97904E-2 7.98324E-2 -3.23077E1 -3.12821E1 -3.69231E1 -4E1 -1.48718E1 -1.02564E1 -7.69231E0 -2.15385E1 -2.05128E1 -1.4359E1 4.1912E-1 7.18491E-1 9.97904E-2 9.97904E-2 1.53677E0 1.91198E1 2.35905E1 1.69644E1 1.91198E1 2.46482E1 1.49087E1 3.03363E0 5.20906E0 1.07175E1 2.58856E1 2.46482E1 3.15537E1 2.85001E1 2.85001E1 2.29718E1 2.73426E1 2.99371E1 3.73017E1 3.9058E1 3.82597E1 3.77208E1 2.55264E1 2.8081E1 2.53667E1 2.22533E1 2.07165E1 1.63058E1 1.24339E1
