ENM/Final_Models/M_1_F_lqp_Set_1_EC/Gustavia_santanderiensis_9_Choco_clamping.asc
ncols         367
nrows         963
xllcorner     -78.6
yllcorner     0.65
cellsize      0.00833333333333323
NODATA_value  -9999
[rows 527 to 557 of 963, columns 140 to 209 of 367]
-9999 -9999 -9999 -9999 -9999 -9999 -9999 -9999 -9999 -9999 -9999 -9999 -9999 -9999 -9999 5.08757E-1 4.14244E-1 3.3183E-1 5.18498E-1 5.18202E-1 5.28888E-1 4.90705E-1 4.56873E-1 5.31323E-1 5.98921E-1 5.45817E-1 7.09747E-1 7.18597E-1 7.11602E-1 7.3396E-1 5.72171E-1 7.24487E-1 7.2837E-1 5.7137E-1 6.72102E-1 7.29562E-1 5.72766E-1 7.25723E-1 7.10005E-1 7.10405E-1 6.21262E-1 6.07438E-1 6.97996E-1 7.02942E-1 6.03707E-1 6.15383E-1 6.53909E-1 6.58908E-1 6.4196E-1 7.79826E-1 5.38631E-1 -9999 2.46311E-1 4.30908E-1 3.98223E-1 3.78987E-1 4.72451E-1 5.39843E-1 5.62032E-1 3.94085E-1 6.15426E-1 5.6366E-1 4.95178E-1 5.55832E-1 5.35698E-1 5.33239E-1 5.52356E-1 5.37348E-1 3.30398E-1 5.24353E-1
-9999 -9999 -9999 -9999 -9999 -9999 -9999 -9999 -9999 -9999 -9999 -9999 -9999 -9999 -9999 5.64195E-1 4.99686E-1 4.19142E-1 4.24304E-1 4.23968E-1 4.84066E-1 5.602E-1 6.01483E-1 6.16793E-1 5.32835E-1 4.86677E-1 4.8009E-1 5.52305E-1 7.34482E-1 7.38019E-1 7.2824E-1 5.69536E-1 6.41112E-1 5.67832E-1 7.23866E-1 7.27448E-1 7.28457E-1 5.61363E-1 7.27412E-1 7.28661E-1 7.53138E-1 7.06858E-1 7.46651E-1 7.10244E-1 7.51635E-1 5.97705E-1 6.19625E-1 4.54765E-1 3.23578E-1 3.41337E-1 5.2715E-1 3.11721E-1 3.28948E-1 3.41569E-1 4.39807E-1 3.92097E-1 5.47009E-1 5.93701E-1 5.78484E-1 4.03976E-1 3.91608E-1 5.17044E-1 5.57637E-1 5.27121E-1 5.51428E-1 5.62296E-1 5.32787E-1 5.40548E-1 3.69577E-1 5.32659E-1
-9999 -9999 -9999 -9999 -9999 -9999 -9999 -9999 -9999 -9999 -9999 -9999 -9999 -9999 -9999 5.8639E-1 5.48611E-1 6.14482E-1 4.72408E-1 4.20559E-1 6.80307E-1 4.84948E-1 4.8509E-1 5.09659E-1 5.09851E-1 5.44388E-1 6.06413E-1 5.14113E-1 5.44923E-1 5.73349E-1 6.90362E-1 6.83917E-1 5.62652E-1 5.64952E-1 5.65318E-1 7.20043E-1 8.16022E-1 7.2409E-1 7.58615E-1 7.50484E-1 7.21848E-1 7.06461E-1 7.09521E-1 6.96142E-1 6.69246E-1 4.3466E-1 6.65964E-1 4.56819E-1 3.21775E-1 3.13921E-1 -9999 3.60069E-1 3.56718E-1 3.98822E-1 4.33584E-1 4.44115E-1 4.32297E-1 2.50312E-1 2.27443E-1 3.65572E-1 5.34719E-1 3.89463E-1 3.89422E-1 5.89805E-1 5.42155E-1 5.59502E-1 5.66209E-1 5.62397E-1 4.99753E-1 5.65952E-1
-9999 -9999 -9999 -9999 -9999 -9999 -9999 -9999 -9999 -9999 -9999 -9999 -9999 -9999 -9999 4.56816E-1 7.35091E-1 6.45022E-1 6.85758E-1 7.79088E-1 7.61604E-1 7.89425E-1 7.95071E-1 8.00638E-1 7.00046E-1 5.47868E-1 5.44579E-1 5.43749E-1 6.17184E-1 6.43959E-1 6.84281E-1 6.84458E-1 6.15673E-1 6.08865E-1 5.56905E-1 7.16167E-1 6.07637E-1 8.1243E-1 7.31337E-1 7.14551E-1 6.06385E-1 6.99745E-1 6.9041E-1 5.87995E-1 4.16383E-1 4.16829E-1 4.21941E-1 6.58274E-1 4.42001E-1 -9999 3.89459E-1 2.65693E-1 2.65313E-1 3.43152E-1 4.2354E-1 3.98917E-1 5.33328E-1 5.58272E-1 5.32989E-1 5.79426E-1 3.79672E-1 3.44855E-1 4.00689E-1 5.81901E-1 5.43132E-1 5.35448E-1 5.38277E-1 5.25842E-1 5.2003E-1 5.24188E-1
-9999 -9999 -9999 -9999 -9999 -9999 -9999 -9999 -9999 -9999 -9999 -9999 -9999 -9999 -9999 4.26986E-1 7.2186E-1 6.83591E-1 7.80271E-1 7.84879E-1 7.91387E-1 7.92574E-1 7.99668E-1 6.96628E-1 7.15666E-1 5.39765E-1 6.24177E-1 6.2907E-1 6.70143E-1 6.62618E-1 6.46532E-1 5.5741E-1 5.59099E-1 5.52786E-1 7.18494E-1 5.54504E-1 7.09878E-1 7.07688E-1 7.16922E-1 7.11428E-1 7.55514E-1 6.15087E-1 6.09093E-1 5.7217E-1 6.48585E-1 6.5184E-1 6.62663E-1 6.40518E-1 6.4636E-1 -9999 5.07857E-1 2.56714E-1 2.542E-1 2.79139E-1 1.70206E-1 3.69278E-1 4.28333E-1 5.09332E-1 5.39747E-1 4.12189E-1 4.06157E-1 4.24187E-1 6.0788E-1 5.75316E-1 5.55094E-1 5.5406E-1 5.11575E-1 5.25132E-1 5.21729E-1 4.92444E-1
-9999 -9999 -9999 -9999 -9999 -9999 -9999 -9999 -9999 -9999 -9999 -9999 -9999 -9999 -9999 5.13943E-1 6.2127E-1 6.10075E-1 7.00353E-1 7.908E-1 7.96927E-1 6.22009E-1 7.98318E-1 7.05742E-1 5.19668E-1 6.77712E-1 6.68431E-1 5.2477E-1 6.57313E-1 6.36811E-1 6.24412E-1 5.43948E-1 5.53874E-1 5.53158E-1 5.45739E-1 5.56479E-1 6.06252E-1 6.39247E-1 7.09643E-1 7.5456E-1 7.07465E-1 7.06637E-1 5.41329E-1 6.59911E-1 4.61565E-1 6.66269E-1 6.63109E-1 6.0453E-1 6.67184E-1 5.22336E-1 4.3131E-1 2.58114E-1 2.56946E-1 7.58941E-2 2.63046E-1 2.49854E-1 5.96503E-1 5.90775E-1 5.70394E-1 5.56382E-1 5.71596E-1 6.05865E-1 5.78797E-1 5.49861E-1 5.59541E-1 5.43991E-1 5.07894E-1 4.60748E-1 5.26921E-1 4.95206E-1
-9999 -9999 -9999 -9999 -9999 -9999 -9999 -9999 -9999 -9999 -9999 -9999 -9999 -9999 6.81951E-1 6.25174E-1 -9999 -9999 7.8508E-1 -9999 6.99182E-1 7.34247E-1 7.08739E-1 7.44793E-1 6.70446E-1 6.89487E-1 6.9081E-1 6.9581E-1 4.63088E-1 5.04667E-1 7.11504E-1 7.08365E-1 5.30133E-1 5.46569E-1 5.50463E-1 5.28266E-1 5.49286E-1 5.56158E-1 5.54901E-1 7.04093E-1 7.14199E-1 -9999 7.54356E-1 5.79208E-1 6.6735E-1 6.58573E-1 6.55803E-1 6.07649E-1 5.59517E-1 4.98896E-1 5.19249E-1 -9999 2.27538E-1 2.51016E-1 2.6073E-1 2.62562E-1 3.56132E-1 4.01568E-1 3.7245E-1 5.81875E-1 5.53303E-1 5.81056E-1 5.72976E-1 5.84848E-1 5.77037E-1 5.59947E-1 5.35086E-1 5.43807E-1 4.94063E-1 5.17094E-1
-9999 -9999 -9999 -9999 -9999 -9999 -9999 -9999 -9999 -9999 4.45475E-1 -9999 -9999 -9999 -9999 -9999 -9999 -9999 -9999 6.91839E-1 4.93645E-1 6.96199E-1 6.99953E-1 7.90992E-1 6.97432E-1 6.91397E-1 5.77107E-1 2.96623E-1 4.13113E-1 7.42878E-1 7.75738E-1 5.23464E-1 5.33529E-1 6.20924E-1 6.31737E-1 7.20343E-1 7.09537E-1 5.49173E-1 5.54169E-1 5.28984E-1 5.65658E-1 6.8057E-1 6.09575E-1 5.53259E-1 4.28341E-1 6.59883E-1 6.66566E-1 6.59271E-1 6.06235E-1 -9999 6.30499E-1 2.05603E-1 3.71525E-1 2.1086E-1 1.73395E-1 3.35984E-1 3.3324E-1 3.53919E-1 3.06408E-1 3.77815E-1 3.85912E-1 5.67233E-1 4.93346E-1 6.32671E-1 5.76706E-1 5.6683E-1 5.4822E-1 5.21265E-1 5.27913E-1 6.23832E-1
-9999 -9999 -9999 -9999 -9999 -9999 -9999 -9999 -9999 -9999 -9999 -9999 -9999 -9999 -9999 -9999 -9999 -9999 6.77701E-1 4.66784E-1 4.83587E-1 4.9633E-1 6.94994E-1 7.26502E-1 7.79763E-1 6.86033E-1 6.76884E-1 4.67605E-1 6.02306E-1 6.09522E-1 6.16142E-1 5.25111E-1 7.05488E-1 5.12239E-1 6.9322E-1 7.03114E-1 7.8707E-1 7.15321E-1 5.45273E-1 -9999 7.0325E-1 7.14953E-1 -9999 6.8248E-1 -9999 -9999 5.779E-1 6.50068E-1 6.54226E-1 5.88473E-1 4.33065E-1 4.25762E-1 3.87028E-1 2.92001E-1 2.83529E-1 3.64947E-1 6.0232E-1 3.91328E-1 3.04135E-1 5.4819E-1 5.07315E-1 5.44884E-1 3.93287E-1 6.3607E-1 5.88316E-1 5.63748E-1 6.16016E-1 5.21063E-1 4.72797E-1 5.31435E-1
-9999 -9999 -9999 -9999 -9999 -9999 -9999 -9999 -9999 -9999 -9999 -9999 -9999 -9999 -9999 -9999 -9999 -9999 4.62161E-1 4.66628E-1 4.43541E-1 4.39116E-1 6.59845E-1 7.51033E-1 6.82857E-1 6.71765E-1 6.41814E-1 6.75512E-1 6.80674E-1 7.38302E-1 6.83614E-1 7.59452E-1 7.83178E-1 7.79559E-1 7.79114E-1 7.84838E-1 7.9402E-1 7.87294E-1 5.82007E-1 6.01666E-1 7.83633E-1 6.71794E-1 6.01306E-1 6.81064E-1 7.90304E-1 6.6248E-1 -9999 -9999 4.42063E-1 3.64105E-1 4.61868E-1 5.17007E-1 6.35575E-1 5.56993E-1 5.9151E-1 4.19296E-1 6.01627E-1 5.56581E-1 4.19437E-1 3.92068E-1 3.19451E-1 5.41906E-1 6.79117E-1 5.50916E-1 5.60768E-1 5.27627E-1 5.06027E-1 6.20619E-1 5.41344E-1 3.92879E-1
-9999 -9999 -9999 -9999 -9999 -9999 -9999 -9999 -9999 -9999 -9999 -9999 -9999 -9999 -9999 -9999 -9999 -9999 4.59194E-1 5.89794E-1 4.27952E-1 4.70274E-1 6.80884E-1 7.49895E-1 6.6642E-1 6.60834E-1 6.22903E-1 6.32833E-1 6.95958E-1 5.81625E-1 7.56805E-1 7.868E-1 5.95273E-1 6.08762E-1 5.9812E-1 6.01721E-1 7.87341E-1 6.08227E-1 6.95365E-1 7.05624E-1 6.07172E-1 7.9132E-1 7.57155E-1 7.84575E-1 6.89499E-1 6.13339E-1 6.17453E-1 6.24812E-1 4.41882E-1 4.694E-1 6.12833E-1 5.09328E-1 6.7822E-1 5.81827E-1 5.72663E-1 5.96843E-1 6.1832E-1 4.23352E-1 3.98336E-1 4.09514E-1 2.43269E-1 3.90684E-1 5.10674E-1 3.38219E-1 5.47254E-1 5.5691E-1 5.39734E-1 5.39945E-1 5.38802E-1 4.94728E-1
-9999 -9999 -9999 -9999 -9999 -9999 -9999 -9999 3.65693E-1 3.73384E-1 3.84434E-1 4.62644E-1 -9999 -9999 -9999 -9999 -9999 -9999 6.61386E-1 4.57662E-1 4.47381E-1 4.58695E-1 6.71233E-1 7.65648E-1 7.64049E-1 7.66274E-1 6.03197E-1 4.86599E-1 4.70734E-1 5.63804E-1 6.93272E-1 6.06288E-1 4.76252E-1 6.10855E-1 6.00126E-1 7.13872E-1 6.129E-1 6.72052E-1 4.69959E-1 6.98015E-1 -9999 6.04794E-1 6.03428E-1 6.90672E-1 6.90886E-1 6.93313E-1 6.90115E-1 7.37959E-1 -9999 -9999 5.68353E-1 6.12814E-1 1.97438E-1 1.92764E-1 5.74074E-1 6.16001E-1 2.43893E-1 5.22219E-1 2.25998E-1 2.1566E-1 4.10404E-1 2.9687E-1 2.66338E-1 2.6501E-1 3.52238E-1 2.46172E-1 2.28798E-1 5.30365E-1 5.97411E-1 5.82383E-1
-9999 -9999 -9999 -9999 -9999 -9999 -9999 4.66556E-1 3.33066E-1 3.33239E-1 3.7764E-1 3.64852E-1 6.45398E-1 -9999 -9999 -9999 -9999 -9999 4.52605E-1 5.44192E-1 4.43938E-1 4.49997E-1 -9999 7.65743E-1 7.61566E-1 7.65075E-1 7.43698E-1 7.536E-1 6.02243E-1 6.90884E-1 -9999 7.00238E-1 7.04096E-1 -9999 6.04568E-1 -9999 -9999 6.95331E-1 4.67053E-1 4.64459E-1 -9999 5.99987E-1 6.00529E-1 6.86845E-1 6.85174E-1 6.84222E-1 6.81886E-1 7.54683E-1 6.87327E-1 -9999 4.07631E-1 6.02664E-1 5.86266E-1 5.68711E-1 5.86158E-1 6.15079E-1 5.64605E-1 5.78896E-1 5.97075E-1 5.9193E-1 5.84699E-1 3.1112E-1 3.82063E-1 2.71664E-1 3.26181E-1 3.59359E-1 3.4296E-1 4.64285E-1 5.74604E-1 4.4097E-1
-9999 -9999 -9999 -9999 -9999 -9999 -9999 3.43521E-1 2.88893E-1 2.61026E-1 2.84742E-1 4.23015E-1 4.43317E-1 6.43409E-1 -9999 -9999 7.4498E-1 6.23111E-1 4.37028E-1 6.12002E-1 6.11022E-1 5.60152E-1 4.49257E-1 -9999 6.59406E-1 7.58142E-1 7.40934E-1 -9999 5.9439E-1 -9999 6.85178E-1 4.71517E-1 6.92283E-1 6.03423E-1 5.86893E-1 6.96166E-1 6.94664E-1 4.53901E-1 4.64138E-1 4.66256E-1 6.7662E-1 5.96516E-1 6.83671E-1 7.77131E-1 7.75692E-1 5.77195E-1 5.79904E-1 5.73167E-1 7.67341E-1 5.67643E-1 5.85789E-1 6.15255E-1 5.35302E-1 5.40591E-1 6.83167E-1 5.79802E-1 5.41934E-1 4.75504E-1 3.55526E-1 2.13577E-1 2.11406E-1 5.75626E-1 5.06696E-1 3.40319E-1 3.58516E-1 4.78461E-1 4.57147E-1 4.76653E-1 4.66433E-1 4.525E-1
-9999 -9999 -9999 -9999 -9999 -9999 3.56919E-1 4.33142E-1 3.90486E-1 3.88486E-1 2.8132E-1 3.92382E-1 4.02416E-1 6.04396E-1 5.14066E-1 6.46026E-1 5.93736E-1 4.27601E-1 3.91237E-1 2.81158E-1 5.46072E-1 5.49121E-1 4.28284E-1 6.35994E-1 -9999 7.56642E-1 7.38479E-1 7.20456E-1 7.20263E-1 6.65183E-1 6.66512E-1 6.73465E-1 7.69718E-1 5.96569E-1 5.48826E-1 6.81913E-1 4.46991E-1 6.72012E-1 5.90932E-1 5.81382E-1 5.90285E-1 7.69778E-1 6.75674E-1 7.78845E-1 5.73958E-1 6.31174E-1 5.70612E-1 5.80064E-1 5.69955E-1 5.63704E-1 5.70349E-1 5.81155E-1 5.95644E-1 5.8153E-1 5.63493E-1 5.73122E-1 5.8532E-1 3.39049E-1 5.6633E-1 5.84667E-1 5.64428E-1 4.04916E-1 5.52243E-1 3.72232E-1 5.47903E-1 4.82907E-1 4.92503E-1 4.33147E-1 4.99338E-1 4.82258E-1
-9999 -9999 -9999 -9999 -9999 -9999 5.44642E-1 5.19998E-1 5.70412E-1 4.20722E-1 4.50178E-1 5.06766E-1 4.12911E-1 4.02329E-1 2.72819E-1 2.00461E-1 2.61282E-1 3.02865E-1 3.98201E-1 3.46594E-1 4.18175E-1 4.40055E-1 3.97701E-1 5.02094E-1 5.13014E-1 7.18999E-1 5.71919E-1 5.62956E-1 5.82302E-1 6.63252E-1 6.62315E-1 6.64839E-1 7.63603E-1 7.66016E-1 7.60573E-1 4.56414E-1 4.59803E-1 6.69444E-1 5.8145E-1 5.86063E-1 5.85618E-1 5.82776E-1 7.57825E-1 5.84435E-1 6.43775E-1 6.30493E-1 5.69319E-1 5.46874E-1 5.49831E-1 4.30723E-1 6.16018E-1 6.1101E-1 5.82487E-1 5.78856E-1 5.82984E-1 6.58891E-1 6.67804E-1 5.67312E-1 5.73038E-1 4.15223E-1 4.05352E-1 5.63999E-2 2.07671E-1 7.0483E-2 4.88991E-1 3.44869E-1 3.05305E-1 7.48473E-2 3.87463E-1 3.91189E-1
-9999 -9999 -9999 -9999 -9999 -9999 -9999 4.16432E-1 4.00193E-1 4.05676E-1 4.83332E-1 4.08359E-1 4.33506E-1 4.11374E-1 3.02823E-1 2.98876E-1 4.35466E-1 5.70408E-1 4.47593E-1 3.86075E-1 5.16638E-1 3.88892E-1 6.1143E-1 3.79546E-1 4.86488E-1 5.03646E-1 5.53265E-1 5.49068E-1 5.68286E-1 5.70337E-1 5.76453E-1 6.8613E-1 5.69732E-1 5.72116E-1 7.55348E-1 6.54729E-1 6.48068E-1 5.8114E-1 5.79839E-1 5.79439E-1 7.03976E-1 7.0603E-1 6.37296E-1 7.68262E-1 5.71019E-1 7.42175E-1 6.45265E-1 6.40476E-1 5.6563E-1 5.54698E-1 5.6526E-1 6.06716E-1 4.31514E-1 4.30953E-1 5.67272E-1 6.69252E-1 6.47009E-1 5.63088E-1 5.6838E-1 6.57045E-2 2.18627E-1 1.72704E-1 4.88813E-2 3.31794E-1 5.3872E-1 5.21409E-1 3.70903E-1 5.62297E-1 4.89868E-1 4.92588E-1
-9999 -9999 -9999 -9999 -9999 -9999 -9999 -9999 4.11558E-1 4.11315E-1 3.74259E-1 1.12921E-1 2.9538E-1 4.46286E-1 4.13239E-1 5.33274E-1 4.45633E-1 5.23841E-1 5.11975E-1 3.54037E-1 3.78034E-1 3.73616E-1 7.05689E-1 6.36048E-1 4.53315E-1 6.32853E-1 6.24751E-1 5.41777E-1 5.55351E-1 5.59079E-1 7.35649E-1 7.34315E-1 7.29229E-1 5.62971E-1 7.45862E-1 5.66218E-1 6.34006E-1 7.52976E-1 6.89782E-1 6.54395E-1 6.53911E-1 6.51003E-1 6.50463E-1 6.17799E-1 7.53545E-1 6.43777E-1 7.60497E-1 7.52633E-1 7.44276E-1 5.55143E-1 5.41537E-1 5.74936E-1 4.19764E-1 5.86098E-1 5.9167E-1 5.52053E-1 5.40334E-1 5.58361E-1 5.35068E-1 5.59546E-1 1.98421E-1 2.01358E-1 4.37398E-2 1.92622E-1 2.89448E-1 1.67731E-1 1.46271E-1 5.73182E-1 3.75659E-1 4.74459E-1
-9999 -9999 -9999 -9999 -9999 -9999 -9999 -9999 4.04634E-1 4.03036E-1 2.19772E-1 1.04709E-1 3.61519E-1 3.55075E-1 5.15305E-1 5.69857E-1 5.69862E-1 4.4168E-1 5.64725E-1 4.65136E-1 3.68808E-1 5.57351E-1 7.04931E-1 5.35222E-1 4.85939E-1 4.95325E-1 5.31436E-1 5.48848E-1 5.51254E-1 5.42391E-1 7.2393E-1 7.26004E-1 7.26591E-1 5.51048E-1 7.41123E-1 6.2835E-1 5.50981E-1 6.40042E-1 6.35892E-1 4.7377E-1 4.61414E-1 4.68724E-1 6.38008E-1 6.49396E-1 7.48006E-1 6.42853E-1 7.55717E-1 6.41213E-1 7.49905E-1 7.48014E-1 5.78516E-1 4.185E-1 5.88465E-1 5.81546E-1 5.44682E-1 5.77368E-1 5.50889E-1 5.37452E-1 5.02947E-1 5.63844E-1 3.98319E-1 3.35217E-1 3.88734E-1 1.98673E-1 1.57494E-1 2.60379E-2 1.53815E-1 5.06724E-1 2.34137E-1 2.37921E-1
-9999 -9999 -9999 -9999 -9999 -9999 -9999 -9999 2.4794E-1 2.35651E-1 2.22134E-1 2.70394E-1 2.63649E-1 1.96597E-1 3.87771E-1 2.18323E-1 2.48465E-1 2.95554E-1 4.72853E-1 3.75921E-1 5.3471E-1 -9999 5.39528E-1 5.37584E-1 5.40139E-1 5.45004E-1 5.24736E-1 5.50325E-1 5.47439E-1 7.24654E-1 6.08425E-1 4.23066E-1 7.20677E-1 5.42361E-1 6.04234E-1 6.05722E-1 5.34954E-1 7.30739E-1 6.96806E-1 4.62381E-1 6.15732E-1 4.56877E-1 4.75795E-1 6.37276E-1 7.34599E-1 6.35049E-1 6.41513E-1 6.37074E-1 7.32556E-1 5.53949E-1 5.51498E-1 4.18631E-1 5.67747E-1 5.78761E-1 5.31944E-1 5.66092E-1 5.52904E-1 3.86815E-1 5.31387E-1 5.08613E-1 5.54973E-1 3.90384E-1 5.41422E-1 5.22283E-1 1.67755E-1 3.76525E-1 5.08568E-1 4.17265E-1 1.97382E-1 2.18632E-1
-9999 -9999 -9999 -9999 -9999 -9999 -9999 -9999 2.61521E-1 1.31587E-1 1.58019E-1 2.68481E-1 3.49014E-1 2.53943E-1 2.52218E-1 2.62755E-1 2.45775E-1 2.15638E-1 3.97829E-1 3.84835E-1 5.75427E-1 5.88784E-1 6.97353E-1 5.87653E-1 5.45428E-1 5.01193E-1 5.37767E-1 6.63224E-1 7.16623E-1 6.64098E-1 5.98172E-1 4.12113E-1 6.01733E-1 7.09008E-1 6.01156E-1 6.0615E-1 5.47883E-1 7.23402E-1 5.19652E-1 6.20097E-1 4.51799E-1 6.22036E-1 6.30688E-1 7.2661E-1 6.03843E-1 6.22988E-1 7.32439E-1 5.53856E-1 6.83363E-1 5.52326E-1 5.75945E-1 5.42413E-1 5.76537E-1 7.09801E-1 7.27281E-1 5.40039E-1 3.45667E-1 3.41581E-1 5.29E-1 6.2797E-1 6.18908E-1 6.25662E-1 5.28546E-1 5.05601E-1 1.74557E-1 4.19687E-1 2.73022E-1 3.2618E-1 2.46222E-1 9.90172E-2
-9999 -9999 -9999 -9999 -9999 -9999 -9999 -9999 3.84081E-1 1.35042E-1 1.55863E-1 3.73943E-1 3.92609E-1 1.08372E-1 1.76381E-1 2.70818E-1 2.36021E-1 3.23716E-1 3.91397E-1 -9999 -9999 -9999 5.72654E-1 5.34308E-1 4.12537E-1 5.72312E-1 5.15739E-1 7.13345E-1 7.14E-1 7.01793E-1 5.75677E-1 5.18613E-1 6.4439E-1 7.121E-1 5.3926E-1 5.40168E-1 5.88454E-1 5.83542E-1 5.36711E-1 6.07187E-1 7.07571E-1 7.26699E-1 4.53739E-1 6.13936E-1 7.27686E-1 5.39652E-1 7.28182E-1 6.24326E-1 6.76745E-1 5.81546E-1 5.78521E-1 5.73951E-1 3.98573E-1 5.42078E-1 5.63118E-1 5.59986E-1 4.00795E-1 5.2735E-1 5.11137E-1 6.85407E-1 6.81411E-1 6.66479E-1 4.70811E-1 5.22479E-1 5.11303E-1 4.98968E-1 2.33196E-1 2.99184E-1 3.3738E-1 3.79841E-1
-9999 -9999 -9999 -9999 -9999 -9999 -9999 -9999 2.9685E-1 4.52199E-1 4.33165E-1 2.48765E-1 4.13111E-1 4.26592E-1 2.89948E-1 2.65105E-1 3.95382E-1 -9999 -9999 -9999 -9999 -9999 -9999 3.54001E-1 3.64954E-1 4.16765E-1 5.78732E-1 5.22233E-1 7.04998E-1 6.8922E-1 5.69637E-1 6.23793E-1 6.14821E-1 5.31656E-1 5.31104E-1 5.31352E-1 5.73369E-1 5.64053E-1 5.68983E-1 5.34608E-1 7.13055E-1 7.22775E-1 6.01493E-1 7.12138E-1 7.2494E-1 5.32676E-1 5.29663E-1 5.32211E-1 5.32773E-1 5.40572E-1 5.23081E-1 5.4019E-1 6.11603E-1 7.14187E-1 7.14312E-1 5.33082E-1 5.42982E-1 5.17886E-1 5.78902E-1 6.83517E-1 6.84806E-1 5.90966E-1 4.7903E-1 5.23345E-1 4.91451E-1 4.25594E-1 2.51281E-1 2.56826E-1 2.19585E-1 4.04505E-1
-9999 -9999 -9999 -9999 -9999 -9999 -9999 -9999 4.57285E-1 4.3552E-1 4.56792E-1 4.03586E-1 4.79413E-1 4.68773E-1 5.05031E-1 -9999 -9999 -9999 -9999 -9999 -9999 -9999 -9999 -9999 3.99096E-1 5.35029E-1 5.17326E-1 5.60402E-1 5.61119E-1 5.05576E-1 6.1544E-1 6.55071E-1 6.92958E-1 5.00904E-1 5.64545E-1 5.62076E-1 5.63472E-1 5.7021E-1 5.18556E-1 5.63215E-1 5.29254E-1 5.28962E-1 5.31355E-1 5.35114E-1 5.35512E-1 7.15449E-1 5.32757E-1 7.15484E-1 7.25923E-1 6.59684E-1 5.38534E-1 6.5551E-1 6.52022E-1 5.25599E-1 5.03419E-1 4.73371E-1 5.05534E-1 6.93011E-1 5.74971E-1 5.7312E-1 5.61154E-1 5.4331E-1 5.36646E-1 4.95959E-1 5.06769E-1 4.91823E-1 3.96862E-1 3.90451E-1 2.78343E-1 3.25339E-1
-9999 -9999 -9999 -9999 -9999 -9999 -9999 -9999 2.23429E-1 4.08377E-1 4.0858E-1 4.17796E-1 4.79705E-1 3.75484E-1 -9999 -9999 -9999 -9999 -9999 -9999 -9999 -9999 -9999 -9999 -9999 2.70495E-1 -9999 3.56101E-1 5.5585E-1 5.46467E-1 5.03463E-1 6.17188E-1 5.10242E-1 5.34178E-1 5.47868E-1 5.49735E-1 5.4688E-1 4.1457E-1 5.52678E-1 5.52791E-1 4.15042E-1 3.58836E-1 4.15603E-1 5.28445E-1 5.30667E-1 5.98382E-1 5.26379E-1 6.63365E-1 6.63152E-1 6.13049E-1 5.84295E-1 6.06922E-1 6.4571E-1 6.61172E-1 6.45119E-1 4.69221E-1 4.97249E-1 6.30763E-1 5.9823E-1 4.42E-1 4.2603E-1 5.42979E-1 5.985E-1 6.03364E-1 4.69759E-1 4.0721E-1 4.55027E-1 4.55665E-1 2.45193E-1 3.54768E-1
-9999 -9999 -9999 -9999 -9999 -9999 -9999 -9999 4.17217E-1 3.37975E-1 3.8594E-1 3.21248E-1 1.62479E-1 -9999 -9999 -9999 -9999 -9999 -9999 -9999 -9999 -9999 -9999 -9999 -9999 3.30807E-1 -9999 3.19549E-1 2.82741E-1 2.44822E-1 4.95047E-1 4.85303E-1 4.88084E-1 4.97081E-1 5.36788E-1 5.34918E-1 3.94843E-1 5.33738E-1 5.44274E-1 5.42552E-1 4.14603E-1 4.15254E-1 4.10671E-1 5.472E-1 5.2595E-1 7.19217E-1 5.24174E-1 5.35999E-1 5.31653E-1 6.51487E-1 5.02959E-1 6.49857E-1 5.25611E-1 5.3958E-1 5.33878E-1 5.35296E-1 6.32949E-1 6.13769E-1 5.85788E-1 5.60109E-1 5.2667E-1 4.35244E-1 4.8784E-1 6.01436E-1 5.59894E-1 4.33496E-1 4.45717E-1 4.34821E-1 3.0244E-1 4.01907E-1
-9999 -9999 -9999 -9999 -9999 -9999 -9999 -9999 -9999 5.21589E-1 5.74104E-1 -9999 -9999 -9999 -9999 -9999 -9999 -9999 -9999 -9999 -9999 -9999 -9999 -9999 -9999 -9999 -9999 -9999 -9999 -9999 3.93374E-1 5.10845E-1 5.01509E-1 4.97172E-1 5.30858E-1 5.31293E-1 5.31301E-1 5.26841E-1 5.10108E-1 5.02604E-1 5.3541E-1 5.25415E-1 5.34757E-1 5.1535E-1 5.28351E-1 5.42964E-1 5.22818E-1 5.26018E-1 5.2933E-1 5.18622E-1 4.97972E-1 5.29157E-1 5.30799E-1 5.21987E-1 5.13714E-1 5.11715E-1 6.55333E-1 5.7605E-1 6.60713E-1 4.59554E-1 4.78604E-1 4.40892E-1 3.24003E-1 4.96619E-1 5.47892E-1 5.98539E-1 4.52527E-1 4.44682E-1 4.55184E-1 3.85481E-1
-9999 -9999 -9999 -9999 -9999 -9999 -9999 -9999 -9999 -9999 -9999 -9999 -9999 -9999 -9999 -9999 -9999 -9999 -9999 -9999 -9999 -9999 -9999 -9999 -9999 -9999 -9999 -9999 -9999 -9999 -9999 3.31676E-1 5.12854E-1 5.24705E-1 4.98381E-1 4.98049E-1 5.24969E-1 5.2654E-1 6.79503E-1 6.80071E-1 6.8654E-1 5.12976E-1 5.04849E-1 6.98287E-1 7.0742E-1 5.38174E-1 3.60112E-1 4.08035E-1 3.07196E-1 4.05774E-1 5.05078E-1 4.96229E-1 5.08917E-1 4.98647E-1 6.50118E-1 4.95567E-1 5.18988E-1 5.00111E-1 4.67663E-1 3.21062E-1 3.64821E-1 4.48682E-1 4.64996E-1 4.85637E-1 5.68581E-1 6.01463E-1 4.28571E-1 4.23461E-1 2.51996E-1 2.70168E-1
-9999 -9999 -9999 -9999 -9999 -9999 -9999 -9999 -9999 -9999 -9999 -9999 -9999 -9999 -9999 -9999 -9999 -9999 -9999 -9999 -9999 -9999 -9999 -9999 -9999 -9999 -9999 -9999 -9999 1.68907E-1 3.23308E-1 3.24348E-1 5.12297E-1 4.8099E-1 6.47492E-1 6.43888E-1 6.65812E-1 6.71788E-1 3.97327E-1 6.7441E-1 6.72589E-1 6.88106E-1 5.74766E-1 5.14034E-1 6.94812E-1 7.04139E-1 5.18429E-1 5.08958E-1 4.92735E-1 5.137E-1 3.85645E-1 5.18115E-1 5.09946E-1 5.06014E-1 5.05809E-1 5.08275E-1 4.88495E-1 4.54593E-1 4.43233E-1 4.72842E-1 4.66349E-1 4.25985E-1 4.77507E-1 4.65017E-1 4.74191E-1 5.98923E-1 4.55695E-1 4.48159E-1 4.09388E-1 4.22508E-1
-9999 -9999 -9999 -9999 -9999 -9999 -9999 -9999 -9999 -9999 -9999 -9999 -9999 -9999 -9999 -9999 -9999 -9999 -9999 -9999 -9999 -9999 -9999 -9999 -9999 -9999 -9999 -9999 -9999 3.46088E-1 3.09129E-1 3.67476E-1 4.75257E-1 6.60231E-1 4.9572E-1 6.70248E-1 4.96806E-1 4.9988E-1 6.74075E-1 4.91914E-1 5.03402E-1 6.3089E-1 6.82828E-1 5.06887E-1 5.08305E-1 5.1145E-1 3.9339E-1 5.16741E-1 5.14327E-1 5.13317E-1 5.07987E-1 4.99293E-1 5.03549E-1 6.07003E-1 6.25153E-1 4.96582E-1 4.95683E-1 5.36555E-1 5.87902E-1 4.83923E-1 4.58761E-1 4.39303E-1 4.64566E-1 5.79375E-1 4.69895E-1 4.26098E-2 5.46982E-1 5.12873E-1 4.1182E-1 4.33554E-1
-9999 -9999 -9999 -9999 -9999 -9999 -9999 -9999 -9999 -9999 -9999 -9999 -9999 -9999 -9999 -9999 -9999 -9999 -9999 -9999 -9999 -9999 -9999 -9999 -9999 -9999 -9999 -9999 -9999 3.36479E-1 3.20026E-1 4.84509E-1 5.02142E-1 3.75742E-1 6.54588E-1 6.64366E-1 4.94375E-1 5.08661E-1 5.00762E-1 4.92842E-1 5.12225E-1 5.01883E-1 5.09846E-1 3.8799E-1 3.82441E-1 3.92946E-1 3.4066E-1 3.33814E-1 3.88523E-1 4.9445E-1 6.28337E-1 5.06187E-1 3.73597E-1 6.24096E-1 6.78476E-1 6.427E-1 4.67986E-1 4.86362E-1 5.86587E-1 5.86979E-1 4.48608E-1 4.44969E-1 5.3075E-1 5.73507E-1 4.52608E-1 4.09075E-2 5.11217E-1 4.85418E-1 4.75655E-1 4.91529E-1
