ENM/Final_Models/M_1_F_lqp_Set_1_EC/Gustavia_santanderiensis_5_Choco_novel.asc
ncols         367
nrows         963
xllcorner     -78.6
yllcorner     0.65
cellsize      0.00833333333333323
NODATA_value  -9999
[rows 900 to 929 of 963, columns 68 to 135 of 367]
1.07596E1 1.07596E1 1.07596E1 1.24563E1 1.24563E1 1.07596E1 1.24563E1 1.24563E1 1.07596E1 1.24563E1 1.24563E1 1.44525E1 1.69478E1 1.69478E1 2.22178E1 1.69478E1 1.69478E1 1.44525E1 1.24563E1 1.24563E1 1.07596E1 1.07596E1 1.24563E1 1.05599E1 1.07596E1 1.14982E1 1.24563E1 1.22567E1 7.40593E0 4.85078E0 5.74908E0 -9999 -9999 -9999 -9999 -9999 -9999 -9999 -9999 -9999 1.03603E1 1.27358E1 1.4712E1 1.47919E1 1.4712E1 1.47919E1 1.44326E1 1.11987E1 8.98293E0 6.30801E0 7.00669E0 8.44396E0 8.16449E0 5.72911E0 5.30991E0 8.16449E0 1.18974E1 1.35143E1 1.40533E1 1.24563E1 6.70726E0 4.89071E0 3.23386E0 5.17018E0 4.03234E0 3.03424E0 1.90837E1 2.34355E1
1.07596E1 9.4221E0 9.4221E0 1.07596E1 1.07596E1 1.07596E1 1.07596E1 1.07596E1 1.07596E1 1.24563E1 1.24563E1 1.24563E1 1.24563E1 1.69478E1 1.97625E1 2.52919E1 2.22178E1 2.22178E1 2.22178E1 1.88642E1 1.69478E1 1.37938E1 1.39136E1 1.29554E1 1.24563E1 9.86126E0 -9999 -9999 -9999 -9999 -9999 -9999 -9999 -9999 -9999 3.37359E0 -9999 -9999 -9999 -9999 8.80327E0 1.0021E1 1.48518E1 1.35143E1 1.4712E1 1.22966E1 1.27957E1 1.054E1 7.38597E0 4.41162E0 4.51143E0 6.68729E0 7.46582E0 5.74908E0 4.65116E0 7.98483E0 1.1598E1 1.22966E1 1.18375E1 1.20571E1 7.74528E0 1.02405E1 9.28236E0 4.29185E0 3.6331E0 3.62511E1 1.34944E1 2.23775E1
9.4221E0 9.4221E0 1.07596E1 1.07596E1 1.07596E1 1.07596E1 9.4221E0 1.07596E1 9.4221E0 1.07596E1 1.24563E1 1.44525E1 1.44525E1 1.69478E1 1.97625E1 2.22178E1 2.52919E1 2.82663E1 2.82663E1 2.70686E1 1.40134E1 1.10989E1 1.28755E1 1.29554E1 1.21569E1 8.14453E0 -9999 -9999 -9999 -9999 -9999 -9999 -9999 -9999 4.59128E0 4.85078E0 3.85268E0 -9999 -9999 -9999 -9999 1.24763E1 1.37139E1 1.12786E1 1.32149E1 1.28955E1 1.18974E1 9.00289E0 7.00669E0 3.57321E0 3.39355E0 4.51143E0 5.48957E0 5.38976E0 4.59128E0 8.2643E0 1.27558E1 1.29155E1 1.17377E1 1.22966E1 1.16379E1 1.11189E1 7.1065E0 4.71105E0 4.29185E0 2.95039E1 1.41531E1 1.86446E1
9.4221E0 9.4221E0 1.07596E1 9.4221E0 9.4221E0 9.4221E0 9.4221E0 1.07596E1 9.4221E0 1.07596E1 1.07596E1 1.07596E1 1.44525E1 1.69478E1 2.22178E1 1.87045E1 1.62092E1 1.63689E1 2.14193E1 3.53329E1 1.8425E1 1.16778E1 8.8432E0 1.32947E1 1.11189E1 1.02006E1 5.74908E0 3.39355E0 -9999 -9999 -9999 -9999 -9999 5.74908E0 6.04851E0 4.89071E0 4.29185E0 -9999 -9999 -9999 -9999 1.16579E1 1.03204E1 1.03204E1 1.09991E1 9.96107E0 1.09791E1 7.98483E0 5.48957E0 4.81086E0 3.95249E0 3.87264E0 4.11219E0 5.23006E0 6.28805E0 9.48198E0 1.24963E1 1.2636E1 1.16179E1 1.07795E1 1.07596E1 1.09193E1 1.15181E1 1.29155E1 3.4734E0 2.59707E1 2.75477E1 2.46132E1
9.4221E0 8.44396E0 9.4221E0 9.4221E0 1.07596E1 9.4221E0 9.4221E0 9.4221E0 9.4221E0 1.07596E1 1.07596E1 1.07596E1 1.07596E1 1.44525E1 1.88642E1 1.81056E1 1.4712E1 1.02405E1 1.1558E1 1.22966E1 2.67492E1 1.62092E1 7.40593E0 1.11189E1 1.11388E1 1.03603E1 7.24623E0 4.81086E0 4.35173E0 4.91067E0 3.69298E0 5.09033E0 6.9468E0 7.22627E0 5.64927E0 4.85078E0 3.93253E0 -9999 -9999 -9999 -9999 -9999 7.00669E0 9.22248E0 9.06278E0 9.38217E0 9.38217E0 7.54566E0 6.66733E0 5.38976E0 4.71105E0 4.43158E0 4.23196E0 5.38976E0 8.14453E0 1.03603E1 1.23765E1 1.27957E1 1.28356E1 1.11388E1 1.08194E1 1.04801E1 1.08194E1 1.11388E1 6.2082E0 1.2616E1 3.19194E1 2.70686E1
8.44396E0 9.4221E0 1.07596E1 9.4221E0 9.4221E0 9.4221E0 9.4221E0 9.4221E0 9.4221E0 1.07596E1 1.07596E1 1.24563E1 1.07596E1 1.44326E1 1.34145E1 1.54706E1 1.44326E1 1.1578E1 1.12386E1 7.62551E0 2.04611E1 2.35153E1 1.14383E1 1.17377E1 1.1578E1 1.14183E1 1.054E1 8.56373E0 7.56563E0 6.38786E0 7.40593E0 7.54566E0 8.48388E0 7.00669E0 5.13025E0 3.79279E0 -9999 -9999 -9999 -9999 -9999 -9999 5.9487E0 6.2082E0 6.44775E0 9.4221E0 8.8432E0 6.32798E0 5.42968E0 4.39166E0 3.55325E0 3.91257E0 3.83272E0 4.81086E0 8.2643E0 9.96107E0 1.08793E1 1.19373E1 1.20571E1 1.11588E1 1.01407E1 1.05599E1 1.04801E1 1.08793E1 6.68729E0 2.83461E0 3.35562E1 2.66693E1
9.4221E0 8.44396E0 8.44396E0 9.4221E0 9.4221E0 9.4221E0 9.4221E0 9.4221E0 9.4221E0 9.4221E0 1.07596E1 1.24563E1 1.07596E1 1.24563E1 1.34145E1 1.17577E1 1.16379E1 1.21369E1 1.25961E1 1.14383E1 9.34225E0 2.0002E1 1.34544E1 9.56183E0 1.13784E1 1.11588E1 1.25362E1 1.28955E1 1.03803E1 9.44206E0 9.62172E0 1.05799E1 1.08394E1 8.38407E0 4.91067E0 -9999 -9999 -9999 -9999 -9999 -9999 -9999 3.57321E0 4.59128E0 6.16828E0 7.76525E0 7.62551E0 5.9487E0 4.65116E0 3.67302E0 4.39166E0 3.81276E0 4.81086E0 5.11029E0 7.00669E0 9.10271E0 1.06997E1 1.08793E1 1.06997E1 1.05E1 1.00609E1 1.01407E1 1.02805E1 1.11987E1 1.04601E1 2.91446E0 3.13604E1 4.4715E0
9.4221E0 9.4221E0 9.4221E0 9.4221E0 9.4221E0 9.4221E0 8.44396E0 9.4221E0 9.4221E0 8.44396E0 1.07596E1 1.07596E1 1.07596E1 1.24563E1 1.11588E1 1.11388E1 1.24563E1 1.21369E1 1.16179E1 1.17377E1 1.05799E1 6.68729E0 1.06997E1 1.22966E1 6.48767E0 8.30422E0 1.16179E1 1.24963E1 1.25362E1 1.29155E1 1.11987E1 1.21369E1 1.06797E1 7.12646E0 4.39166E0 -9999 -9999 -9999 -9999 -9999 -9999 -9999 2.7348E0 5.0504E0 5.9487E0 5.86885E0 5.58938E0 5.09033E0 4.83082E0 4.85078E0 5.52949E0 4.69109E0 5.74908E0 6.34794E0 7.82513E0 7.84509E0 9.86126E0 1.07795E1 9.98104E0 1.05E1 1.03603E1 1.02805E1 1.06797E1 1.00609E1 8.12456E0 2.71484E0 2.32758E1 5.03044E0
9.4221E0 1.07596E1 9.4221E0 9.4221E0 9.4221E0 8.44396E0 9.4221E0 9.4221E0 8.44396E0 8.44396E0 9.4221E0 9.4221E0 1.07596E1 1.07596E1 1.11987E1 1.11189E1 1.21369E1 1.14582E1 1.17377E1 1.19573E1 1.12386E1 1.1578E1 8.48388E0 5.66923E0 8.8432E0 6.12836E0 4.61124E0 4.71105E0 1.07795E1 1.06997E1 1.04202E1 1.07596E1 1.04601E1 6.92684E0 4.71105E0 1.91636E0 -9999 -9999 -9999 -9999 -9999 9.58179E-1 1.95628E0 3.0542E0 4.43158E0 4.81086E0 4.85078E0 5.46961E0 5.9487E0 5.789E0 6.38786E0 6.16828E0 6.22817E0 6.44775E0 7.96487E0 8.30422E0 8.70346E0 9.58179E0 8.60365E0 8.18445E0 9.86126E0 1.01607E1 1.01407E1 1.04801E1 9.92115E0 8.54377E0 4.99052E-1 1.82653E1
9.4221E0 1.07596E1 9.4221E0 9.4221E0 9.4221E0 8.44396E0 9.4221E0 8.44396E0 8.44396E0 8.44396E0 9.4221E0 1.07596E1 1.24563E1 1.24563E1 1.11189E1 1.11987E1 1.24963E1 1.21569E1 1.17377E1 1.14582E1 1.00609E1 1.03603E1 1.07795E1 1.01807E1 7.28616E0 6.12836E0 7.1065E0 5.82893E0 8.2643E0 8.1046E0 8.80327E0 1.01807E1 9.86126E0 7.82513E0 5.15021E0 2.4753E0 -9999 -9999 -9999 -9999 -9999 9.58179E-1 1.21769E0 2.59507E0 4.11219E0 4.69109E0 5.23006E0 6.08843E0 5.789E0 6.28805E0 5.9487E0 5.64927E0 6.28805E0 6.84699E0 7.88502E0 8.14453E0 8.00479E0 8.24434E0 8.66354E0 8.1046E0 9.72153E0 9.86126E0 1.05599E1 9.34225E0 8.00479E0 8.06468E0 3.17397E0 2.2118E1
9.4221E0 9.4221E0 9.4221E0 9.4221E0 8.44396E0 9.4221E0 9.4221E0 8.44396E0 8.44396E0 8.44396E0 9.4221E0 9.4221E0 1.07596E1 1.27957E1 1.11987E1 1.06398E1 1.11388E1 1.06398E1 9.76145E0 1.01807E1 7.96487E0 7.00669E0 8.24434E0 9.12267E0 1.01807E1 1.01607E1 9.96107E0 9.92115E0 9.72153E0 7.84509E0 7.84509E0 8.00479E0 5.9487E0 4.59128E0 3.99241E0 -9999 -9999 -9999 -9999 -9999 -9999 1.1578E0 1.85647E0 3.35363E0 4.43158E0 5.38976E0 6.04851E0 6.38786E0 6.28805E0 6.80707E0 6.92684E0 6.68729E0 6.06847E0 6.68729E0 8.60365E0 9.30233E0 9.80138E0 9.86126E0 8.82324E0 8.1046E0 9.50195E0 1.00409E1 1.00609E1 9.92115E0 8.46392E0 4.15211E0 1.67681E0 2.3675E1
9.4221E0 9.4221E0 9.4221E0 9.4221E0 8.44396E0 9.4221E0 9.4221E0 9.4221E0 9.4221E0 8.44396E0 9.4221E0 9.4221E0 1.07596E1 1.06997E1 9.40214E0 1.01607E1 1.09193E1 9.50195E0 6.7871E0 9.00289E0 8.02475E0 6.32798E0 5.19014E0 7.48578E0 9.92115E0 1.00409E1 1.07396E1 1.00609E1 9.58179E0 7.76525E0 7.48578E0 7.14642E0 6.38786E0 5.07037E0 4.71105E0 -9999 -9999 -9999 -9999 -9999 -9999 1.95628E0 3.19393E0 4.53139E0 5.09033E0 5.70915E0 6.38786E0 6.9468E0 6.9468E0 7.84509E0 7.14642E0 7.62551E0 7.16638E0 7.60555E0 8.2643E0 9.92115E0 9.90119E0 1.00609E1 8.24434E0 8.28426E0 9.16259E0 9.80138E0 1.04801E1 1.00609E1 8.86316E0 9.38217E0 1.67681E0 4.19204E-1
9.4221E0 1.07596E1 9.4221E0 8.44396E0 8.44396E0 9.2624E0 8.44396E0 8.30422E0 9.4221E0 9.4221E0 9.4221E0 9.4221E0 9.4221E0 1.01807E1 1.04601E1 1.00609E1 1.01607E1 8.78331E0 5.9487E0 5.19014E0 6.76714E0 5.58938E0 5.42968E0 4.95059E0 7.40593E0 8.90308E0 1.04202E1 9.34225E0 8.00479E0 6.66733E0 7.12646E0 5.9487E0 5.58938E0 4.71105E0 4.81086E0 3.8926E0 -9999 -9999 -9999 -9999 -9999 3.37359E0 4.39166E0 4.59128E0 6.28805E0 6.68729E0 7.00669E0 7.58559E0 7.34604E0 7.60555E0 7.14642E0 6.90688E0 6.2082E0 6.9468E0 8.98293E0 9.30233E0 1.01807E1 1.03603E1 9.10271E0 8.30422E0 8.90308E0 1.03404E1 1.06797E1 9.38217E0 8.66354E0 9.50195E0 3.6331E0 3.03424E0
1.07596E1 1.07596E1 1.07596E1 9.4221E0 8.44396E0 8.44396E0 8.44396E0 8.44396E0 8.44396E0 8.44396E0 9.4221E0 9.4221E0 1.01607E1 9.98104E0 9.80138E0 9.80138E0 9.90119E0 9.2624E0 5.34984E0 4.75097E0 5.90877E0 4.77094E0 4.35173E0 3.93253E0 5.25002E0 8.80327E0 9.12267E0 7.44585E0 6.92684E0 5.90877E0 4.59128E0 4.09222E0 4.81086E0 4.59128E0 5.0504E0 4.41162E0 3.71295E0 -9999 -9999 -9999 -9999 4.65116E0 4.77094E0 4.49147E0 4.75097E0 5.58938E0 7.28616E0 7.16638E0 7.44585E0 6.92684E0 6.76714E0 7.12646E0 6.38786E0 7.78521E0 8.78331E0 8.80327E0 8.82324E0 9.76145E0 1.05E1 1.00609E1 9.62172E0 9.72153E0 9.68161E0 9.96107E0 9.34225E0 8.80327E0 4.37169E0 2.09602E0
1.24563E1 1.07596E1 1.07596E1 9.4221E0 8.44396E0 9.4221E0 9.4221E0 8.44396E0 9.4221E0 8.44396E0 9.4221E0 9.4221E0 9.86126E0 9.92115E0 9.12267E0 9.16259E0 9.58179E0 9.24244E0 8.54377E0 8.00479E0 8.08464E0 5.789E0 4.49147E0 3.0542E0 5.54946E0 7.48578E0 5.25002E0 4.75097E0 7.44585E0 4.69109E0 3.51332E0 3.13405E0 4.81086E0 5.86885E0 5.42968E0 4.49147E0 4.49147E0 4.11219E0 -9999 -9999 -9999 5.0504E0 4.69109E0 4.39166E0 4.91067E0 5.80896E0 6.68729E0 7.28616E0 6.9468E0 6.66733E0 6.62741E0 6.9468E0 7.00669E0 7.44585E0 8.78331E0 8.22437E0 7.76525E0 7.28616E0 7.44585E0 8.14453E0 8.80327E0 9.58179E0 4.37169E0 9.98104E0 1.07596E1 8.98293E0 9.30233E0 8.1046E0
1.24563E1 1.07596E1 1.07596E1 8.00479E0 1.07596E1 1.24563E1 1.07596E1 9.4221E0 8.44396E0 8.60365E0 1.07596E1 9.04282E0 8.38407E0 8.14453E0 9.12267E0 9.34225E0 9.72153E0 8.70346E0 8.54377E0 8.78331E0 8.06468E0 6.62741E0 4.49147E0 2.67492E0 4.49147E0 4.81086E0 3.85268E0 3.85268E0 4.77094E0 3.11408E0 4.37169E0 5.09033E0 5.42968E0 4.73101E0 4.73101E0 3.8926E0 4.49147E0 4.69109E0 4.73101E0 -9999 -9999 4.31181E0 4.71105E0 4.91067E0 5.15021E0 5.90877E0 6.80707E0 7.06657E0 6.58748E0 6.7871E0 6.48767E0 6.44775E0 7.40593E0 7.60555E0 7.44585E0 6.62741E0 6.16828E0 7.06657E0 7.00669E0 7.60555E0 9.06278E0 9.72153E0 3.69298E0 9.80138E0 7.96487E0 9.06278E0 8.86316E0 8.54377E0
1.07596E1 1.24563E1 1.24563E1 1.24563E1 1.24563E1 1.44525E1 1.44525E1 1.24563E1 9.30233E0 7.12646E0 9.2624E0 8.1046E0 9.92115E0 9.34225E0 1.09193E1 9.30233E0 8.90308E0 8.60365E0 7.16638E0 6.28805E0 4.39166E0 4.91067E0 4.39166E0 1.79659E0 1.79659E0 3.67302E0 3.79279E0 4.11219E0 4.77094E0 3.23386E0 3.11408E0 4.59128E0 3.61314E0 3.77283E0 3.8926E0 4.07226E0 4.0523E0 4.09222E0 4.212E0 3.97245E0 4.09222E0 4.49147E0 4.73101E0 4.95059E0 5.07037E0 5.789E0 6.32798E0 6.28805E0 5.9487E0 5.25002E0 5.72911E0 5.80896E0 5.15021E0 5.72911E0 5.9487E0 6.44775E0 6.80707E0 6.28805E0 6.92684E0 7.14642E0 8.78331E0 9.00289E0 1.8964E0 9.34225E0 8.30422E0 8.28426E0 8.30422E0 9.16259E0
1.24563E1 1.44525E1 1.24563E1 1.44525E1 1.44525E1 9.2624E0 1.44525E1 1.44525E1 1.44525E1 1.22168E1 1.44525E1 1.44525E1 1.32947E1 7.62551E0 8.86316E0 8.14453E0 8.08464E0 8.00479E0 5.9487E0 3.97245E0 4.09222E0 4.41162E0 4.11219E0 1.35742E0 8.18445E-1 1.51712E0 2.07606E0 4.59128E0 4.71105E0 2.23575E0 2.09602E0 3.65306E0 4.39166E0 4.49147E0 4.31181E0 4.13215E0 4.53139E0 4.13215E0 4.09222E0 4.41162E0 4.59128E0 4.69109E0 4.89071E0 4.87075E0 5.76904E0 6.06847E0 5.15021E0 4.95059E0 4.93063E0 4.59128E0 4.09222E0 4.77094E0 4.51143E0 4.81086E0 5.0504E0 5.19014E0 6.66733E0 6.28805E0 6.84699E0 7.14642E0 7.78521E0 8.90308E0 9.58179E0 4.99052E-1 1.27757E0 1.59697E-1 4.59128E-1 5.19014E-1
1.07795E1 9.76145E0 9.72153E0 1.69478E1 1.06997E1 5.80896E0 7.84509E0 1.69478E1 1.69478E1 1.20571E1 7.44585E0 6.58748E0 6.7871E0 5.19014E0 7.72532E0 8.1046E0 8.08464E0 6.7871E0 6.32798E0 4.07226E0 5.19014E0 4.11219E0 2.97435E0 1.61693E0 1.37738E0 8.58369E-1 2.11598E0 4.41162E0 4.49147E0 1.37738E0 1.35742E0 3.85268E0 4.39166E0 4.39166E0 4.13215E0 3.97245E0 4.09222E0 4.09222E0 3.97245E0 4.59128E0 4.61124E0 4.73101E0 4.75097E0 4.77094E0 5.19014E0 5.19014E0 3.97245E0 3.85268E0 4.01238E0 4.59128E0 4.41162E0 4.41162E0 4.89071E0 4.69109E0 4.87075E0 4.77094E0 6.28805E0 6.32798E0 6.38786E0 6.90688E0 6.58748E0 8.08464E0 8.80327E0 3.85268E0 5.19014E-1 1.59697E-1 2.63499E0 3.6331E0
6.92684E0 6.80707E0 8.08464E0 1.69478E1 1.19373E1 5.58938E0 5.76904E0 9.24244E0 1.44326E1 9.72153E0 4.53139E0 4.75097E0 4.89071E0 3.97245E0 3.01427E0 3.15401E0 6.92684E0 6.06847E0 5.90877E0 6.28805E0 5.9487E0 4.0523E0 3.85268E0 3.09412E0 9.58179E-1 6.98673E-1 8.58369E-1 2.4753E0 2.43537E0 8.58369E-1 2.11598E0 3.99241E0 4.73101E0 4.53139E0 4.69109E0 4.41162E0 4.39166E0 4.0523E0 3.75287E0 4.39166E0 4.69109E0 4.75097E0 4.49147E0 4.69109E0 4.73101E0 4.07226E0 4.39166E0 4.95059E0 4.93063E0 4.81086E0 5.15021E0 5.0504E0 4.59128E0 5.42968E0 4.95059E0 4.59128E0 5.46961E0 6.44775E0 6.68729E0 6.68729E0 6.74718E0 8.46392E0 9.20252E0 7.96487E0 8.00479E0 1.79659E-1 6.18824E-1 3.4734E0
6.38786E0 6.16828E0 1.01807E1 1.37938E1 1.18375E1 1.27558E1 6.84699E0 7.72532E0 7.78521E0 1.12386E1 4.53139E0 3.37359E0 4.09222E0 3.21389E0 2.55515E0 3.11408E0 4.39166E0 3.0542E0 3.37359E0 3.81276E0 4.71105E0 3.39355E0 3.39355E0 2.61503E0 3.01427E0 2.59507E0 1.27757E0 1.13784E0 1.11788E0 1.51712E0 2.13594E0 3.23386E0 4.03234E0 4.53139E0 4.39166E0 4.49147E0 4.07226E0 4.09222E0 3.85268E0 4.07226E0 4.09222E0 4.07226E0 4.0523E0 3.81276E0 3.51332E0 3.57321E0 4.212E0 4.81086E0 4.11219E0 3.15401E0 4.35173E0 4.81086E0 4.03234E0 4.73101E0 5.25002E0 4.91067E0 4.61124E0 5.07037E0 6.38786E0 6.22817E0 6.60745E0 7.88502E0 7.82513E0 8.24434E0 7.5257E0 1.75666E0 3.99241E-1 8.78331E-1
5.72911E0 5.0504E0 1.04202E1 9.20252E0 1.04801E1 1.32947E1 7.76525E0 9.34225E0 1.00609E1 8.18445E0 4.0523E0 4.51143E0 4.87075E0 5.789E0 4.01238E0 4.75097E0 4.59128E0 2.27568E0 2.69488E0 2.91446E0 3.97245E0 3.75287E0 3.39355E0 3.75287E0 3.75287E0 3.41351E0 2.7348E0 1.17776E0 1.03803E0 1.37738E0 1.33746E0 2.8945E0 3.19393E0 4.95059E0 5.54946E0 4.77094E0 4.01238E0 3.8926E0 3.97245E0 4.09222E0 3.67302E0 3.69298E0 3.19393E0 3.51332E0 3.43348E0 3.67302E0 3.97245E0 4.71105E0 3.81276E0 2.67492E0 3.0542E0 3.3137E0 3.29374E0 4.33177E0 4.45154E0 4.87075E0 4.212E0 4.71105E0 4.81086E0 5.07037E0 6.80707E0 6.38786E0 6.2082E0 8.00479E0 7.76525E0 7.78521E0 5.52949E0 1.19772E-1
5.64927E0 5.54946E0 8.18445E0 8.82324E0 9.22248E0 1.06797E1 9.96107E0 9.22248E0 8.2643E0 8.24434E0 5.0504E0 5.9487E0 5.9487E0 6.48767E0 3.85268E0 3.21389E0 2.23575E0 1.63689E0 2.23575E0 2.53518E0 3.01427E0 3.37359E0 3.57321E0 3.51332E0 3.55325E0 3.11408E0 1.79659E0 9.78142E-1 9.58179E-1 9.58179E-1 1.95628E0 3.69298E0 4.07226E0 4.01238E0 4.75097E0 4.39166E0 4.09222E0 3.67302E0 3.51332E0 3.77283E0 3.69298E0 3.21389E0 3.11408E0 3.97245E0 3.19393E0 3.39355E0 4.0523E0 4.87075E0 4.09222E0 2.37549E0 1.87643E0 3.85268E0 3.25382E0 3.67302E0 4.03234E0 4.71105E0 5.19014E0 5.46961E0 4.73101E0 5.19014E0 5.0504E0 6.38786E0 6.38786E0 6.84699E0 7.44585E0 7.76525E0 1.05599E1 3.99241E-1
7.62551E0 8.00479E0 9.12267E0 8.2643E0 8.08464E0 9.58179E0 7.58559E0 7.06657E0 8.06468E0 7.82513E0 7.76525E0 7.14642E0 6.06847E0 4.31181E0 3.21389E0 3.19393E0 1.71674E0 1.41731E0 9.58179E-1 9.18255E-1 1.51712E0 2.27568E0 3.11408E0 3.03424E0 1.59697E0 9.58179E-1 9.58179E-1 1.33746E0 9.58179E-1 1.55704E0 3.03424E0 4.19204E0 4.93063E0 3.97245E0 4.0523E0 4.01238E0 4.07226E0 3.39355E0 2.91446E0 3.13405E0 3.07416E0 3.0542E0 2.87454E0 3.57321E0 3.57321E0 3.21389E0 4.13215E0 4.51143E0 4.29185E0 2.09602E0 2.09602E0 4.33177E0 3.45344E0 3.0542E0 4.69109E0 5.48957E0 4.75097E0 4.91067E0 4.81086E0 5.46961E0 5.07037E0 5.19014E0 5.54946E0 5.25002E0 6.06847E0 7.28616E0 8.00479E0 4.61124E0
7.48578E0 8.24434E0 8.2643E0 8.00479E0 7.62551E0 7.12646E0 6.60745E0 6.74718E0 8.1046E0 7.88502E0 6.06847E0 5.86885E0 4.37169E0 2.91446E0 1.41731E0 8.58369E-1 2.19583E-1 3.99241E-2 7.98483E-2 2.99431E-1 1.03803E0 1.43727E0 2.57511E0 2.59507E0 1.55704E0 1.1578E0 2.27568E0 1.37738E0 1.33746E0 2.33556E0 3.53329E0 4.71105E0 5.48957E0 4.09222E0 4.01238E0 4.53139E0 3.57321E0 3.0542E0 2.3156E0 2.69488E0 3.0542E0 3.0542E0 3.0542E0 3.21389E0 3.3137E0 3.67302E0 4.01238E0 4.81086E0 4.71105E0 3.77283E0 3.23386E0 4.83082E0 3.21389E0 2.55515E0 3.93253E0 4.81086E0 4.81086E0 5.19014E0 4.39166E0 4.51143E0 4.75097E0 5.25002E0 5.58938E0 4.95059E0 5.9487E0 6.48767E0 7.16638E0 7.96487E0
7.84509E0 8.00479E0 7.60555E0 8.1046E0 7.06657E0 6.92684E0 7.96487E0 6.84699E0 6.66733E0 4.89071E0 3.0542E0 3.71295E0 2.59507E0 1.3175E0 3.79279E-1 5.98862E-2 -1.96425E0 -6.86604E0 -5.13183E0 7.98483E-2 5.38976E-1 9.58179E-1 1.95628E0 2.67492E0 2.97435E0 3.01427E0 2.99431E0 1.87643E0 1.71674E0 3.37359E0 3.81276E0 4.53139E0 4.95059E0 4.09222E0 4.01238E0 3.97245E0 2.91446E0 2.69488E0 3.0542E0 2.63499E0 2.75477E0 2.75477E0 2.87454E0 3.13405E0 3.39355E0 3.3137E0 3.8926E0 4.39166E0 4.59128E0 5.09033E0 5.42968E0 4.69109E0 3.59317E0 3.59317E0 1.77662E0 3.19393E0 2.77473E0 5.30991E0 4.77094E0 4.49147E0 4.61124E0 4.93063E0 5.0504E0 5.19014E0 6.32798E0 6.38786E0 6.66733E0 8.14453E0
7.00669E0 5.76904E0 6.32798E0 6.90688E0 7.60555E0 8.14453E0 6.16828E0 4.73101E0 5.86885E0 3.15401E0 1.23765E0 2.21579E0 1.67681E0 5.789E-1 7.98483E-2 -3.85772E0 -8.84799E0 -1.06176E1 -5.75119E0 7.98483E-2 4.19204E-1 9.58179E-1 1.55704E0 2.4753E0 3.0542E0 3.13405E0 3.13405E0 1.75666E0 2.57511E0 4.11219E0 4.69109E0 4.69109E0 5.19014E0 3.97245E0 3.97245E0 2.77473E0 2.65496E0 3.19393E0 3.01427E0 2.33556E0 2.33556E0 2.4753E0 3.0542E0 3.01427E0 3.13405E0 3.67302E0 3.97245E0 3.77283E0 4.01238E0 4.59128E0 4.51143E0 4.59128E0 4.55135E0 2.35552E0 2.57511E0 3.6331E0 2.75477E0 4.57131E0 5.25002E0 5.0504E0 5.58938E0 5.25002E0 4.91067E0 4.89071E0 4.77094E0 5.789E0 5.9487E0 9.22248E0
5.64927E0 6.06847E0 6.60745E0 7.12646E0 7.12646E0 4.09222E0 2.33556E0 2.39545E0 4.71105E0 3.67302E0 1.1578E0 1.47719E0 1.37738E0 4.19204E-1 3.99241E-2 -4.86639E0 -8.3879E0 -5.60963E0 -1.15024E0 1.59697E-1 6.98673E-1 1.19772E0 1.79659E0 2.51522E0 2.99431E0 3.13405E0 2.35552E0 3.11408E0 3.37359E0 4.71105E0 5.15021E0 5.72911E0 5.25002E0 4.09222E0 3.51332E0 3.39355E0 3.01427E0 3.0542E0 2.75477E0 2.29564E0 2.63499E0 2.69488E0 3.15401E0 3.15401E0 3.13405E0 3.57321E0 3.39355E0 3.51332E0 3.8926E0 3.51332E0 3.69298E0 4.77094E0 4.55135E0 4.0523E0 3.49336E0 3.99241E0 5.54946E0 5.46961E0 5.54946E0 5.34984E0 3.67302E0 5.74908E0 5.54946E0 6.06847E0 4.95059E0 5.07037E0 6.7871E0 7.84509E0
5.0504E0 4.51143E0 5.15021E0 6.66733E0 7.16638E0 3.95249E0 3.21389E0 3.57321E0 2.97435E0 1.85647E0 9.58179E-1 1.3175E0 1.01807E0 6.7871E-1 7.98483E-2 -4.60095E-1 -5.30879E-1 -1.06176E-1 2.39545E-1 5.789E-1 9.98104E-1 1.33746E0 2.23575E0 3.01427E0 3.09412E0 2.97435E0 1.51712E0 3.23386E0 4.65116E0 5.38976E0 4.93063E0 4.77094E0 4.69109E0 3.11408E0 2.87454E0 2.91446E0 3.27378E0 3.0542E0 2.69488E0 3.0542E0 2.4753E0 2.87454E0 3.69298E0 3.61314E0 3.67302E0 3.69298E0 3.13405E0 3.19393E0 3.97245E0 3.69298E0 3.8926E0 4.53139E0 4.89071E0 5.46961E0 5.40972E0 5.72911E0 4.87075E0 4.91067E0 5.34984E0 5.72911E0 4.55135E0 4.13215E0 5.56942E0 5.44965E0 4.95059E0 5.34984E0 8.54377E0 5.26999E0
4.51143E0 4.51143E0 4.75097E0 5.19014E0 7.14642E0 6.68729E0 5.9487E0 4.95059E0 2.35552E0 1.33746E0 6.7871E-1 1.09791E0 8.58369E-1 3.99241E-1 1.59697E-1 1.79659E-1 2.99431E-1 1.79659E-1 5.789E-1 1.17776E0 1.23765E0 1.95628E0 3.01427E0 3.19393E0 3.53329E0 3.67302E0 4.11219E0 4.61124E0 5.07037E0 4.13215E0 4.41162E0 4.09222E0 3.67302E0 3.0542E0 2.29564E0 2.65496E0 3.11408E0 3.15401E0 3.01427E0 2.91446E0 2.65496E0 3.0542E0 3.75287E0 3.0542E0 3.0542E0 3.51332E0 3.13405E0 3.21389E0 3.51332E0 3.85268E0 3.67302E0 4.07226E0 4.13215E0 4.39166E0 4.13215E0 4.53139E0 4.212E0 4.69109E0 4.69109E0 4.81086E0 5.19014E0 5.19014E0 5.86885E0 7.78521E0 8.62362E0 8.70346E0 4.57131E0 8.80327E0
