ENM/Final_Models/M_1_F_lqp_Set_1_EC/Gustavia_santanderiensis_7_Choco_clamping.asc
ncols         367
nrows         963
xllcorner     -78.6
yllcorner     0.65
cellsize      0.00833333333333323
NODATA_value  -9999
[rows 589 to 619 of 963, columns 140 to 209 of 367]
-9999 -9999 -9999 -9999 -9999 -9999 -9999 -9999 -9999 -9999 -9999 -9999 -9999 -9999 -9999 -9999 -9999 -9999 -9999 -9999 -9999 -9999 -9999 -9999 -9999 -9999 -9999 -9999 -9999 -9999 -9999 -9999 -9999 -9999 -9999 -9999 -9999 3.21724E-2 7.92272E-4 1.35017E-4 6.95924E-5 2.09096E-3 5.92359E-4 9.03533E-4 3.95027E-4 2.24623E-4 1.08626E-3 7.35495E-4 3.05841E-5 5.60852E-5 6.80057E-5 1.24057E-4 2.41999E-5 2.95553E-4 2.92994E-4 5.73072E-3 3.58497E-5 4.33841E-4 5.11881E-3 4.23379E-3 1.20949E-3 1.25284E-2 0E0 8.22132E-4 1.29253E-3 2.76671E-2 6.1923E-3 0E0 0E0 0E0
-9999 -9999 -9999 -9999 -9999 -9999 -9999 -9999 -9999 -9999 -9999 -9999 -9999 -9999 -9999 -9999 -9999 -9999 -9999 -9999 -9999 -9999 -9999 -9999 -9999 -9999 -9999 -9999 -9999 -9999 -9999 -9999 0E0 -9999 -9999 2.334E-3 6.38797E-5 4.37108E-4 5.30079E-3 1.88647E-3 2.96058E-3 5.02243E-5 9.07108E-3 1.54872E-3 1.38319E-4 1.26394E-4 3.61792E-4 4.93624E-4 1.24139E-5 3.37188E-5 1.08784E-4 8.77027E-5 6.07755E-5 1.15543E-4 1.96141E-4 2.50264E-4 4.35956E-3 1.80044E-2 2.04087E-2 1.29114E-2 1.29344E-2 1.83607E-2 1.25691E-4 3.36246E-3 9.02377E-3 2.10557E-2 0E0 0E0 0E0 0E0
-9999 -9999 -9999 -9999 -9999 -9999 -9999 -9999 -9999 -9999 -9999 -9999 -9999 -9999 -9999 -9999 -9999 -9999 -9999 -9999 -9999 -9999 -9999 -9999 -9999 -9999 -9999 -9999 -9999 -9999 -9999 -9999 0E0 0E0 0E0 3.03816E-4 7.38278E-5 1.10322E-2 6.45606E-3 4.15375E-3 2.1851E-3 2.17996E-3 5.92864E-4 1.00934E-5 2.52204E-5 8.38332E-5 6.97853E-4 1.66611E-4 1.10739E-5 3.02602E-5 1.75434E-4 1.07458E-3 8.41462E-4 2.41213E-3 1.18734E-2 2.64665E-3 1.10231E-3 3.15395E-2 1.2521E-2 6.01542E-3 5.77049E-2 5.75995E-3 7.22226E-3 1.75254E-2 0E0 0E0 0E0 0E0 0E0 0E0
-9999 -9999 -9999 -9999 -9999 -9999 -9999 -9999 -9999 -9999 -9999 -9999 -9999 -9999 -9999 -9999 -9999 -9999 -9999 -9999 -9999 -9999 -9999 -9999 -9999 -9999 -9999 -9999 -9999 -9999 -9999 -9999 -9999 0E0 0E0 1.30952E-4 -9999 -9999 -9999 1.68879E-2 5.11768E-4 8.90749E-3 3.84605E-2 5.80145E-2 4.93665E-6 5.72928E-3 1.11385E-3 1.8899E-2 2.14004E-3 5.6211E-3 3.4783E-4 1.4427E-3 0E0 1.0617E-1 4.62424E-4 0E0 1.72519E-4 2.12812E-4 2.91303E-4 3.13981E-2 1.43969E-2 6.22132E-3 2.08405E-2 4.11446E-2 0E0 0E0 0E0 0E0 0E0 0E0
-9999 -9999 -9999 -9999 -9999 -9999 -9999 -9999 -9999 -9999 -9999 -9999 -9999 -9999 -9999 -9999 -9999 -9999 -9999 -9999 -9999 -9999 -9999 -9999 -9999 -9999 -9999 -9999 -9999 -9999 -9999 -9999 -9999 -9999 0E0 -9999 -9999 -9999 1.3678E-1 9.87943E-2 4.53457E-2 2.89331E-2 2.82897E-3 2.63491E-3 1.37967E-3 6.07394E-4 3.34253E-4 2.32115E-2 2.86319E-2 1.6849E-2 5.44502E-2 2.08896E-4 9.88659E-4 9.31721E-3 0E0 0E0 1.85924E-3 4.00745E-5 2.89158E-4 3.72051E-5 8.53218E-4 5.02549E-3 3.13352E-2 6.0237E-3 0E0 0E0 0E0 0E0 0E0 0E0
-9999 -9999 -9999 -9999 -9999 -9999 -9999 -9999 -9999 -9999 -9999 -9999 -9999 -9999 -9999 -9999 -9999 -9999 -9999 -9999 -9999 -9999 -9999 -9999 -9999 -9999 -9999 -9999 -9999 -9999 -9999 -9999 -9999 -9999 -9999 -9999 -9999 3.35879E-2 2.66176E-2 1.74244E-1 6.43813E-2 7.56224E-3 2.10127E-3 2.65066E-5 1.20968E-4 1.42818E-4 8.32356E-4 2.08728E-4 7.25844E-4 1.70241E-3 4.09636E-3 2.55751E-4 4.35466E-4 1.20259E-2 8.28058E-4 7.25716E-5 1.59295E-3 5.45718E-6 1.14381E-4 3.55224E-6 0E0 1.43837E-2 2.38582E-2 0E0 0E0 0E0 0E0 0E0 0E0 0E0
-9999 -9999 -9999 -9999 -9999 -9999 -9999 -9999 -9999 -9999 -9999 -9999 -9999 -9999 -9999 -9999 -9999 -9999 -9999 -9999 -9999 -9999 -9999 -9999 -9999 -9999 -9999 -9999 -9999 -9999 -9999 -9999 -9999 -9999 -9999 -9999 -9999 -9999 -9999 3.82034E-2 1.37843E-2 4.58451E-4 1.36477E-3 5.96174E-5 1.76796E-5 3.19069E-7 6.87901E-6 9.03382E-4 2.36159E-3 1.1046E-3 9.67564E-3 3.5685E-4 1.47891E-4 1.36574E-1 3.51843E-3 8.03067E-5 4.26977E-4 8.78417E-6 1.01725E-5 0E0 0E0 9.45182E-3 1.90942E-2 0E0 0E0 0E0 0E0 0E0 0E0 0E0
-9999 -9999 -9999 -9999 -9999 -9999 -9999 -9999 -9999 -9999 -9999 -9999 -9999 -9999 -9999 -9999 -9999 -9999 -9999 -9999 -9999 -9999 -9999 -9999 -9999 -9999 -9999 -9999 -9999 -9999 -9999 -9999 -9999 -9999 -9999 -9999 -9999 -9999 2.90601E-2 8.93512E-2 5.27162E-2 9.51571E-4 8.1864E-4 1.47087E-4 8.63403E-5 4.19311E-5 1.08827E-4 8.05721E-4 8.10822E-5 1.98329E-3 1.2702E-2 1.52529E-2 2.04151E-2 9.84823E-3 8.8587E-4 4.77186E-5 9.57985E-3 0E0 0E0 0E0 0E0 1.64527E-2 1.44891E-2 0E0 0E0 0E0 0E0 0E0 0E0 0E0
-9999 -9999 -9999 -9999 -9999 -9999 -9999 -9999 -9999 -9999 -9999 -9999 -9999 -9999 -9999 -9999 -9999 -9999 -9999 -9999 -9999 -9999 -9999 -9999 -9999 -9999 -9999 -9999 -9999 -9999 -9999 -9999 -9999 -9999 -9999 -9999 -9999 1.32473E-4 2.97946E-2 1.08969E-2 2.11195E-2 6.36815E-3 7.29547E-5 6.05518E-3 3.73718E-3 2.99344E-3 3.43254E-3 6.10861E-4 4.34578E-3 5.40538E-2 5.60775E-2 5.7893E-3 3.85484E-3 8.22241E-5 2.53498E-5 2.17932E-4 1.95443E-4 0E0 0E0 0E0 0E0 9.36915E-3 1.22311E-2 8.94133E-3 0E0 2.69032E-2 0E0 0E0 0E0 0E0
-9999 -9999 -9999 -9999 -9999 -9999 -9999 -9999 -9999 -9999 -9999 -9999 -9999 -9999 -9999 -9999 -9999 -9999 -9999 -9999 -9999 -9999 -9999 -9999 -9999 -9999 -9999 -9999 -9999 -9999 -9999 -9999 0E0 0E0 2.22356E-3 5.25108E-3 8.4872E-4 1.84636E-4 4.01271E-4 1.37646E-4 9.00828E-4 4.00554E-4 9.25925E-4 1.61652E-4 9.25471E-3 1.03182E-1 2.41106E-2 1.35822E-2 2.55747E-4 1.35137E-2 8.36061E-3 2.6456E-3 6.43323E-4 2.45055E-4 0E0 1.18228E-5 0E0 3.67662E-3 0E0 0E0 0E0 1.42293E-2 7.09188E-3 1.56983E-2 2.15833E-2 1.27841E-2 9.92691E-3 1.75011E-2 1.29667E-2 4.64715E-3
-9999 -9999 -9999 -9999 -9999 -9999 -9999 -9999 -9999 -9999 -9999 -9999 -9999 -9999 -9999 -9999 -9999 -9999 -9999 -9999 -9999 -9999 -9999 -9999 -9999 -9999 -9999 -9999 -9999 -9999 -9999 -9999 0E0 0E0 0E0 7.28323E-2 4.58129E-3 1.94529E-4 1.04545E-6 8.01672E-5 1.2361E-4 6.82644E-5 3.94219E-4 4.53845E-3 3.7496E-2 1.36541E-3 1.21994E-3 1.06987E-4 3.66302E-4 3.7561E-2 6.02767E-2 9.77976E-5 3.06386E-5 3.96079E-4 0E0 2.78804E-4 2.23069E-3 0E0 1.43211E-2 2.4936E-2 0E0 0E0 0E0 1.2553E-3 0E0 1.63871E-2 2.13679E-2 3.39418E-3 9.62111E-3 8.691E-3
-9999 -9999 -9999 -9999 -9999 -9999 -9999 -9999 -9999 -9999 -9999 -9999 -9999 -9999 -9999 -9999 -9999 -9999 -9999 -9999 -9999 -9999 -9999 -9999 -9999 -9999 -9999 -9999 -9999 -9999 -9999 -9999 1.96926E-2 7.14076E-3 6.68965E-3 5.37788E-3 1.69753E-4 1.41279E-5 7.8147E-6 2.60441E-5 6.1411E-4 6.94698E-5 2.19775E-4 1.45713E-5 1.30121E-3 1.34968E-5 1.9333E-4 1.79792E-3 1.47769E-4 9.86687E-3 3.73457E-2 5.58119E-3 5.46292E-4 6.11846E-4 0E0 7.47587E-4 7.59801E-4 7.93183E-5 8.04266E-5 2.2705E-2 0E0 0E0 0E0 0E0 0E0 7.8389E-3 1.94562E-2 1.51206E-2 0E0 0E0
-9999 -9999 -9999 -9999 -9999 -9999 -9999 -9999 -9999 -9999 -9999 -9999 -9999 -9999 -9999 -9999 -9999 -9999 -9999 -9999 -9999 -9999 -9999 -9999 -9999 -9999 -9999 -9999 -9999 -9999 -9999 -9999 5.45334E-3 1.14191E-2 1.49406E-2 -9999 -9999 -9999 6.0478E-8 1.07944E-3 4.0214E-4 3.03836E-5 1.49114E-4 1.24845E-4 2.99622E-4 2.02124E-2 3.68429E-2 8.87583E-4 1.92152E-3 1.35812E-1 5.73127E-2 4.71525E-2 0E0 4.58769E-3 0E0 0E0 5.2812E-2 3.94803E-3 2.93333E-3 0E0 0E0 0E0 0E0 6.84401E-3 0E0 9.57881E-3 2.06315E-2 1.67905E-2 3.32808E-3 0E0
-9999 -9999 -9999 -9999 -9999 -9999 -9999 -9999 -9999 -9999 -9999 -9999 -9999 -9999 -9999 -9999 -9999 -9999 -9999 -9999 -9999 -9999 -9999 -9999 -9999 -9999 -9999 -9999 -9999 -9999 -9999 -9999 0E0 6.67094E-4 -9999 1.55489E-3 4.35844E-5 2.79046E-6 1.46363E-6 2.01747E-6 2.75232E-3 1.19937E-3 6.88063E-5 6.11767E-4 7.19251E-4 9.31369E-6 3.01993E-5 7.65818E-3 6.53107E-2 4.47979E-2 1.35278E-2 2.48644E-2 1.38723E-2 1.3962E-2 0E0 0E0 1.05556E-1 0E0 3.5093E-4 0E0 0E0 0E0 0E0 0E0 8.86637E-3 1.28033E-2 7.72696E-3 0E0 1.80289E-3 1.47363E-2
-9999 -9999 -9999 -9999 -9999 -9999 -9999 -9999 -9999 -9999 -9999 -9999 -9999 -9999 -9999 -9999 -9999 -9999 -9999 -9999 -9999 -9999 -9999 -9999 -9999 -9999 -9999 -9999 -9999 0E0 0E0 0E0 -9999 -9999 -9999 7.89708E-5 8.51664E-4 5.51067E-5 3.42723E-5 9.85547E-5 8.29628E-5 3.47325E-4 1.20921E-4 4.5874E-5 1.14971E-4 3.15384E-3 7.50552E-5 5.04481E-4 1.18724E-2 4.51743E-2 2.67498E-3 0E0 0E0 0E0 0E0 5.05698E-2 9.18054E-2 1.27339E-2 5.36853E-4 0E0 0E0 0E0 0E0 0E0 0E0 1.39822E-2 0E0 0E0 0E0 0E0
-9999 -9999 -9999 -9999 -9999 -9999 -9999 -9999 -9999 -9999 -9999 -9999 -9999 -9999 -9999 -9999 -9999 -9999 -9999 -9999 -9999 -9999 -9999 -9999 -9999 -9999 -9999 -9999 -9999 -9999 0E0 0E0 1.07216E-3 2.35162E-6 9.24098E-7 3.24434E-6 6.70338E-6 1.51246E-5 1.29627E-5 6.67929E-6 3.50667E-5 2.18199E-5 4.36006E-7 4.39862E-3 2.56137E-4 5.09404E-5 5.49718E-5 9.70126E-2 1.16619E-1 7.04207E-3 8.86129E-4 8.08191E-3 1.7085E-2 0E0 0E0 8.73848E-4 0E0 1.37571E-2 1.68863E-3 1.57078E-2 2.51644E-2 2.19153E-2 8.13536E-3 0E0 8.24095E-3 0E0 0E0 0E0 0E0 9.40435E-3
-9999 -9999 -9999 -9999 -9999 -9999 -9999 -9999 -9999 -9999 -9999 -9999 -9999 -9999 -9999 -9999 -9999 -9999 -9999 -9999 -9999 -9999 -9999 -9999 -9999 -9999 -9999 -9999 -9999 0E0 -9999 0E0 9.2655E-7 1.61316E-5 2.36654E-5 4.09969E-6 2.45131E-6 7.85222E-7 4.30754E-5 3.06268E-5 1.30118E-5 1.00349E-4 1.57661E-4 6.58746E-7 4.9483E-3 1.76252E-5 1.12889E-5 3.0718E-5 8.35052E-6 8.35361E-4 0E0 6.00135E-3 7.23896E-3 9.09878E-4 6.3724E-4 1.27533E-3 2.01817E-2 2.41122E-2 5.08838E-3 9.14886E-3 0E0 0E0 1.93141E-2 5.88253E-3 1.11955E-2 0E0 0E0 0E0 0E0 0E0
-9999 -9999 -9999 -9999 -9999 -9999 -9999 -9999 -9999 -9999 -9999 -9999 -9999 -9999 -9999 -9999 -9999 -9999 -9999 -9999 -9999 -9999 -9999 -9999 -9999 -9999 -9999 -9999 -9999 2.53824E-2 1.06465E-3 6.07013E-4 1.49411E-4 1.95545E-4 2.35487E-4 2.64154E-5 4.35184E-5 6.11818E-5 1.73389E-5 6.64824E-5 9.36551E-5 3.75321E-6 3.85522E-5 1.75793E-3 6.26575E-4 8.04684E-5 1.55544E-4 1.12712E-3 6.23903E-6 2.33394E-3 0E0 2.61761E-3 7.03907E-2 8.30516E-2 2.70435E-3 5.52647E-3 1.83006E-2 1.5144E-2 1.97538E-2 2.98175E-3 1.75872E-2 6.0147E-3 3.49313E-2 1.24343E-2 2.49393E-3 0E0 0E0 0E0 0E0 0E0
-9999 -9999 -9999 -9999 -9999 -9999 -9999 -9999 -9999 -9999 -9999 -9999 -9999 -9999 -9999 -9999 -9999 -9999 -9999 -9999 -9999 -9999 -9999 -9999 -9999 -9999 -9999 -9999 -9999 0E0 0E0 6.93367E-7 4.88117E-7 1.08485E-5 4.83159E-6 6.04897E-5 4.28936E-5 8.73692E-5 2.99684E-5 1.59541E-5 1.82482E-5 9.90729E-7 3.83849E-6 4.45188E-5 3.67965E-5 1.26372E-4 6.62205E-5 7.98259E-6 2.75935E-5 0E0 3.51507E-3 9.71084E-3 1.38188E-2 1.7285E-2 1.04188E-2 7.78174E-3 1.70484E-2 1.87655E-2 0E0 0E0 9.96274E-3 4.06775E-3 1.03094E-3 5.64456E-3 0E0 0E0 0E0 0E0 0E0 0E0
-9999 -9999 -9999 -9999 -9999 -9999 -9999 -9999 -9999 -9999 -9999 -9999 -9999 -9999 -9999 -9999 -9999 -9999 -9999 -9999 -9999 -9999 -9999 -9999 -9999 -9999 -9999 0E0 -9999 0E0 0E0 8.61142E-7 1.08468E-7 6.01667E-5 4.05232E-5 2.05681E-4 5.43471E-4 9.32925E-5 3.77224E-5 6.28107E-5 6.21992E-6 1.05304E-6 1.03993E-5 2.15474E-5 7.2165E-5 5.9603E-5 6.07897E-4 6.62089E-6 2.10943E-4 2.1492E-2 4.52871E-3 1.56084E-2 4.41551E-2 7.17499E-2 9.00423E-3 2.50096E-2 1.82226E-2 0E0 0E0 3.13122E-2 1.31576E-2 8.55018E-3 9.76828E-3 0E0 0E0 0E0 0E0 0E0 0E0 0E0
-9999 -9999 -9999 -9999 -9999 -9999 -9999 -9999 -9999 -9999 -9999 -9999 -9999 -9999 -9999 -9999 -9999 -9999 -9999 -9999 -9999 -9999 -9999 -9999 -9999 -9999 8.57673E-2 4.72103E-2 9.92272E-4 3.47843E-6 1.72414E-5 9.87937E-6 1.73724E-5 6.01984E-5 8.91241E-5 9.20133E-4 8.37103E-5 8.18859E-5 1.51347E-4 5.91796E-5 4.24746E-5 3.11089E-4 3.46416E-5 3.09348E-3 3.71552E-4 2.58379E-5 2.35794E-4 6.99948E-5 8.46674E-4 1.2083E-3 7.29502E-3 4.49137E-3 4.99844E-4 2.48356E-3 2.48389E-2 1.03583E-2 1.49709E-2 1.29201E-2 0E0 0E0 0E0 0E0 0E0 0E0 0E0 0E0 0E0 0E0 0E0 0E0
-9999 -9999 -9999 -9999 -9999 -9999 -9999 -9999 -9999 -9999 -9999 -9999 -9999 -9999 -9999 -9999 -9999 -9999 -9999 -9999 -9999 -9999 -9999 -9999 -9999 1.04397E-3 9.20772E-3 3.7033E-3 3.67956E-3 1.4979E-4 7.87076E-6 5.99137E-5 1.04336E-4 1.73196E-5 1.8613E-5 1.05525E-4 9.35261E-5 6.7028E-5 2.43798E-4 2.4967E-3 6.53418E-3 3.27159E-4 5.66617E-3 7.91817E-4 5.42347E-4 7.70744E-5 9.89367E-5 0E0 2.1497E-3 1.1368E-2 2.65741E-2 1.68575E-2 4.21225E-4 1.94061E-3 1.74516E-2 2.86121E-2 1.18055E-2 0E0 0E0 0E0 0E0 0E0 0E0 0E0 0E0 0E0 0E0 0E0 0E0 0E0
-9999 -9999 -9999 -9999 -9999 -9999 -9999 -9999 -9999 -9999 -9999 -9999 -9999 -9999 -9999 -9999 -9999 -9999 -9999 -9999 -9999 -9999 -9999 -9999 -9999 4.73117E-5 2.61574E-4 2.63505E-5 2.82938E-6 1.37006E-5 9.06415E-6 3.99808E-5 5.04736E-5 3.42745E-5 2.96165E-5 4.76796E-5 2.17013E-4 5.9747E-4 1.89383E-3 6.49985E-4 7.66644E-5 3.5044E-4 0E0 1.34555E-4 0E0 0E0 0E0 0E0 0E0 5.84383E-4 1.7477E-4 1.1719E-2 3.6958E-3 1.75634E-2 2.87522E-3 7.08034E-3 1.32278E-2 0E0 0E0 0E0 0E0 0E0 0E0 0E0 0E0 0E0 1.61313E-3 0E0 0E0 0E0
-9999 -9999 -9999 -9999 -9999 -9999 -9999 -9999 -9999 -9999 -9999 -9999 -9999 -9999 -9999 -9999 -9999 -9999 -9999 -9999 -9999 -9999 -9999 -9999 -9999 2.32448E-7 1.78879E-6 2.22112E-7 2.75204E-5 4.80485E-5 4.44622E-5 2.40545E-5 8.15442E-5 9.81255E-6 9.06365E-6 2.44873E-5 6.44223E-5 4.92633E-5 3.19741E-4 4.57464E-4 2.32992E-4 2.88423E-4 0E0 0E0 0E0 0E0 0E0 0E0 0E0 0E0 8.29922E-4 7.50462E-3 2.98495E-3 2.47311E-3 3.26355E-3 7.09352E-3 1.64873E-2 0E0 0E0 0E0 0E0 0E0 0E0 0E0 0E0 2.16984E-2 0E0 1.99771E-3 0E0 0E0
-9999 -9999 -9999 -9999 -9999 -9999 -9999 -9999 -9999 -9999 -9999 -9999 -9999 -9999 -9999 -9999 -9999 -9999 -9999 -9999 -9999 -9999 -9999 -9999 -9999 2.7098E-5 3.39331E-5 2.02225E-5 4.48522E-6 4.93027E-5 7.70182E-5 1.75975E-4 1.41091E-5 7.66782E-5 4.854E-4 5.31975E-5 3.10447E-4 6.00762E-4 3.97217E-4 1.09052E-3 7.56955E-5 9.20802E-4 5.29598E-4 0E0 0E0 0E0 0E0 0E0 0E0 4.4061E-4 4.59436E-4 9.13082E-3 2.97136E-3 7.03972E-3 9.77231E-3 1.77078E-2 1.86662E-2 0E0 0E0 0E0 0E0 0E0 0E0 0E0 0E0 0E0 0E0 6.47823E-3 0E0 0E0
-9999 -9999 -9999 -9999 -9999 -9999 -9999 -9999 -9999 -9999 -9999 -9999 -9999 -9999 -9999 -9999 -9999 -9999 -9999 -9999 -9999 -9999 -9999 -9999 -9999 -9999 8.00431E-5 8.07941E-5 1.15772E-4 2.77912E-5 6.25511E-5 1.90593E-4 1.48958E-5 2.90666E-5 3.06465E-5 6.60529E-5 8.37821E-5 1.88614E-4 9.91526E-3 1.31384E-3 3.81456E-3 4.68803E-4 2.48411E-3 0E0 1.13143E-2 0E0 0E0 0E0 0E0 0E0 0E0 0E0 5.78755E-3 1.51781E-2 2.56923E-2 2.58172E-2 6.68333E-3 1.27309E-2 0E0 0E0 0E0 0E0 0E0 0E0 0E0 0E0 0E0 0E0 0E0 0E0
-9999 -9999 -9999 -9999 -9999 -9999 -9999 -9999 -9999 -9999 -9999 -9999 -9999 -9999 -9999 -9999 -9999 -9999 -9999 -9999 -9999 -9999 -9999 -9999 -9999 -9999 -9999 -9999 6.43058E-5 1.39217E-4 3.13333E-4 3.70248E-4 4.94353E-5 6.86743E-5 6.84078E-5 8.68203E-5 5.50361E-5 5.45252E-4 9.46636E-4 1.10253E-2 7.54779E-3 1.24061E-2 6.59356E-2 1.16369E-2 4.59967E-3 0E0 0E0 0E0 0E0 0E0 0E0 5.88771E-3 7.7459E-3 4.99429E-3 5.84137E-3 1.89899E-2 1.46113E-2 1.29743E-2 1.95736E-2 5.13834E-3 0E0 0E0 0E0 0E0 0E0 0E0 3.335E-3 0E0 0E0 0E0
-9999 -9999 -9999 -9999 -9999 -9999 -9999 -9999 -9999 -9999 -9999 -9999 -9999 -9999 -9999 -9999 -9999 -9999 -9999 -9999 -9999 -9999 -9999 -9999 -9999 -9999 -9999 -9999 3.91223E-5 1.00247E-4 1.76598E-4 1.03568E-4 2.1619E-4 3.63887E-4 2.77292E-4 1.30998E-4 9.4923E-8 7.63665E-6 2.57154E-3 4.54268E-4 1.73586E-2 2.34513E-2 6.61172E-2 9.44597E-2 4.5529E-2 1.93437E-3 0E0 0E0 5.52448E-3 1.61258E-3 1.37291E-2 1.24873E-2 6.68305E-3 1.36905E-3 1.5711E-2 0E0 8.93471E-3 1.12451E-2 9.5965E-3 0E0 0E0 0E0 0E0 0E0 0E0 0E0 0E0 0E0 0E0 0E0
-9999 -9999 -9999 -9999 -9999 -9999 -9999 -9999 -9999 -9999 -9999 -9999 -9999 -9999 -9999 -9999 -9999 -9999 -9999 -9999 -9999 -9999 -9999 -9999 -9999 -9999 -9999 -9999 1.95417E-4 4.67941E-5 3.70939E-5 1.46286E-5 1.85788E-4 7.98361E-4 3.83831E-4 3.96456E-4 1.13767E-4 7.80128E-4 9.6417E-4 8.10768E-5 3.55337E-4 1.3801E-2 6.62855E-2 0E0 9.86718E-4 5.83147E-3 2.33129E-3 5.59943E-3 4.37112E-3 1.83906E-2 0E0 3.35469E-3 5.69749E-3 6.59676E-2 0E0 0E0 1.43178E-2 8.88481E-3 1.25599E-2 9.83663E-3 3.68245E-3 0E0 0E0 0E0 0E0 0E0 0E0 0E0 0E0 0E0
-9999 -9999 -9999 -9999 -9999 -9999 -9999 -9999 -9999 -9999 -9999 -9999 -9999 -9999 -9999 -9999 -9999 -9999 -9999 -9999 -9999 -9999 -9999 -9999 -9999 -9999 -9999 -9999 2.98565E-4 1.8155E-4 4.45524E-4 2.56394E-5 1.81575E-4 1.23363E-3 4.74837E-4 7.21213E-3 4.716E-4 1.82082E-2 7.67733E-3 6.24763E-4 5.82937E-4 7.64396E-4 3.69272E-2 2.83202E-2 4.78541E-4 4.4921E-3 2.17773E-3 6.7997E-3 1.40836E-2 0E0 0E0 0E0 5.63971E-3 0E0 0E0 0E0 7.5369E-3 0E0 7.85711E-3 5.92201E-3 0E0 0E0 0E0 0E0 0E0 0E0 0E0 0E0 0E0 0E0
-9999 -9999 -9999 -9999 -9999 -9999 -9999 -9999 -9999 -9999 -9999 -9999 -9999 -9999 -9999 -9999 -9999 -9999 -9999 -9999 -9999 -9999 -9999 -9999 -9999 -9999 -9999 -9999 5.73674E-5 3.76164E-5 5.27432E-4 1.91211E-4 1.6783E-4 9.02785E-4 2.07544E-2 1.98305E-2 4.03398E-3 3.49565E-2 1.77427E-3 1.25857E-2 1.13861E-1 1.3698E-1 5.50984E-3 6.4612E-3 5.36601E-3 1.06939E-3 2.58705E-3 6.62456E-3 5.61097E-3 0E0 0E0 0E0 9.87037E-3 0E0 0E0 0E0 9.82904E-3 0E0 0E0 0E0 0E0 0E0 0E0 0E0 0E0 0E0 0E0 0E0 0E0 0E0
