ENM/Final_Models/M_1_F_lqp_Set_1_EC/Gustavia_santanderiensis_1_Choco_clamping.asc
ncols         367
nrows         963
xllcorner     -78.6
yllcorner     0.65
cellsize      0.00833333333333323
NODATA_value  -9999
[rows 620 to 650 of 963, columns 140 to 209 of 367]
-9999 -9999 -9999 -9999 -9999 -9999 -9999 -9999 -9999 -9999 -9999 -9999 -9999 -9999 -9999 -9999 -9999 -9999 -9999 -9999 -9999 -9999 -9999 -9999 -9999 -9999 -9999 3.72506E-1 3.61041E-1 3.14228E-1 3.04558E-1 3.3412E-1 3.17965E-1 2.45505E-1 1.88862E-1 1.98891E-1 2.44365E-1 1.58777E-1 3.37759E-1 8.65212E-2 1.01466E-1 6.61699E-2 7.35104E-5 1.03055E-1 4.94489E-2 1.59033E-4 2.48654E-1 2.03159E-1 1.16138E-1 0E0 0E0 0E0 0E0 3.84361E-2 1.26559E-1 0E0 0E0 0E0 0E0 0E0 0E0 0E0 0E0 0E0 0E0 0E0 0E0 0E0 0E0 0E0
-9999 -9999 -9999 -9999 -9999 -9999 -9999 -9999 -9999 -9999 -9999 -9999 -9999 -9999 -9999 -9999 -9999 -9999 -9999 -9999 -9999 -9999 -9999 -9999 -9999 -9999 6.20411E-1 5.9388E-1 5.01657E-1 5.61523E-1 5.29604E-1 3.61418E-1 2.24274E-1 2.61414E-1 2.42168E-1 2.53339E-1 2.17607E-1 1.44116E-1 2.51069E-1 1.38553E-1 1.34152E-4 2.68539E-5 4.2648E-2 1.06389E-1 9.51511E-2 7.34974E-2 2.87306E-1 1.20164E-1 2.35725E-2 0E0 0E0 0E0 0E0 0E0 1.33101E-1 0E0 0E0 0E0 0E0 0E0 0E0 0E0 0E0 0E0 0E0 0E0 0E0 0E0 0E0 0E0
-9999 -9999 -9999 -9999 -9999 -9999 -9999 -9999 -9999 -9999 -9999 -9999 -9999 -9999 -9999 -9999 -9999 -9999 -9999 -9999 -9999 -9999 -9999 -9999 -9999 -9999 4.03597E-1 4.01069E-1 3.44388E-1 4.68734E-1 3.84119E-1 2.86765E-1 2.85243E-1 2.65878E-1 2.58424E-1 2.17616E-1 1.59193E-1 1.2874E-1 1.51066E-1 2.73876E-5 0E0 0E0 4.88916E-6 2.16513E-2 4.42322E-2 9.55196E-2 1.31469E-1 2.53164E-2 0E0 0E0 0E0 0E0 0E0 0E0 0E0 1.03581E-1 1.35989E-1 6.30886E-2 0E0 0E0 0E0 0E0 0E0 0E0 0E0 0E0 0E0 0E0 0E0 0E0
-9999 -9999 -9999 -9999 -9999 -9999 -9999 -9999 -9999 -9999 -9999 -9999 -9999 -9999 -9999 -9999 -9999 -9999 -9999 -9999 -9999 -9999 -9999 -9999 -9999 5.62064E-1 5.44667E-1 4.15885E-1 6.37422E-1 6.46028E-1 3.24777E-1 2.54961E-1 1.87061E-1 4.11424E-1 3.30995E-2 2.2552E-2 2.08638E-1 1.33538E-1 3.4789E-1 3.58705E-1 0E0 0E0 0E0 0E0 2.31983E-1 2.44815E-1 1.56299E-1 1.7995E-1 1.84415E-1 1.65177E-1 0E0 0E0 0E0 0E0 2.86829E-2 3.61607E-2 3.20369E-2 7.99509E-2 3.83169E-2 6.11402E-2 1.18544E-2 0E0 0E0 0E0 0E0 0E0 0E0 0E0 0E0 0E0
-9999 -9999 -9999 -9999 -9999 -9999 -9999 -9999 -9999 -9999 -9999 -9999 -9999 -9999 -9999 -9999 -9999 -9999 -9999 -9999 -9999 -9999 -9999 -9999 6.19548E-1 6.05208E-1 5.47992E-1 5.85048E-1 6.68542E-1 3.93289E-1 6.89673E-1 2.12403E-1 4.79807E-1 4.82168E-1 3.31439E-2 2.5337E-2 6.37871E-4 1.64322E-2 1.89976E-1 1.33655E-1 0E0 0E0 0E0 0E0 0E0 0E0 2.91419E-4 2.37628E-4 2.25217E-1 2.09745E-1 2.89808E-1 1.09303E-1 7.54262E-3 0E0 1.31895E-1 1.44817E-1 1.49155E-2 0E0 1.44298E-2 2.88824E-3 0E0 0E0 0E0 0E0 0E0 0E0 0E0 0E0 0E0 0E0
-9999 -9999 -9999 -9999 -9999 -9999 -9999 -9999 -9999 -9999 -9999 -9999 -9999 -9999 -9999 -9999 -9999 -9999 -9999 -9999 -9999 -9999 -9999 -9999 6.71793E-1 5.40177E-1 6.30737E-1 5.89075E-1 4.3313E-1 3.58044E-1 6.53136E-1 3.43635E-1 5.42172E-2 4.94933E-1 4.23114E-1 1.05168E-2 6.42448E-5 7.80045E-5 0E0 0E0 0E0 0E0 0E0 0E0 0E0 0E0 1.51892E-4 9.75285E-5 7.33455E-2 3.36691E-1 8.13785E-2 5.14799E-2 1.59697E-2 1.35576E-1 1.49582E-1 1.1493E-1 0E0 0E0 0E0 0E0 0E0 0E0 0E0 0E0 0E0 0E0 0E0 0E0 0E0 0E0
-9999 -9999 -9999 -9999 -9999 -9999 -9999 -9999 -9999 -9999 -9999 -9999 -9999 -9999 -9999 -9999 -9999 -9999 -9999 -9999 -9999 -9999 -9999 7.10955E-1 5.93351E-1 6.72066E-1 5.68152E-1 6.23175E-1 6.38446E-1 6.40717E-1 6.78318E-1 3.89185E-1 3.37971E-1 6.6749E-1 2.73703E-1 1.13238E-4 5.88052E-5 3.80189E-5 0E0 0E0 0E0 0E0 0E0 0E0 0E0 0E0 8.77042E-2 6.30227E-2 1.07504E-1 1.04197E-1 1.13908E-1 6.01243E-5 0E0 0E0 0E0 5.30489E-2 0E0 0E0 0E0 0E0 0E0 0E0 0E0 0E0 0E0 0E0 0E0 0E0 0E0 0E0
-9999 -9999 -9999 -9999 -9999 -9999 -9999 -9999 -9999 -9999 -9999 -9999 -9999 -9999 -9999 -9999 -9999 -9999 -9999 -9999 -9999 -9999 -9999 7.15711E-1 6.55715E-1 6.3368E-1 6.19396E-1 5.7914E-1 5.38887E-1 5.73808E-1 6.2629E-1 5.52441E-1 6.01988E-2 3.15482E-1 1.48344E-4 1.05173E-4 1.08306E-4 3.69666E-5 0E0 0E0 0E0 0E0 0E0 0E0 0E0 0E0 3.02642E-1 3.26025E-1 4.4757E-1 4.03331E-1 0E0 0E0 0E0 1.21616E-2 0E0 0E0 0E0 0E0 0E0 0E0 0E0 0E0 0E0 0E0 0E0 0E0 0E0 0E0 0E0 0E0
-9999 -9999 -9999 -9999 -9999 -9999 -9999 -9999 -9999 -9999 -9999 -9999 -9999 -9999 -9999 -9999 -9999 -9999 -9999 -9999 -9999 -9999 7.13167E-1 6.62174E-1 6.38496E-1 6.18301E-1 5.66545E-1 5.97887E-1 5.75153E-1 6.30785E-1 6.69223E-1 3.36463E-1 1.0009E-1 3.57343E-4 2.64331E-4 8.03114E-5 4.37815E-5 0E0 0E0 0E0 0E0 0E0 0E0 0E0 0E0 0E0 5.55286E-2 1.52112E-1 1.49199E-1 3.08985E-1 0E0 0E0 2.41598E-2 5.04008E-3 0E0 0E0 0E0 0E0 0E0 0E0 0E0 0E0 0E0 0E0 0E0 0E0 0E0 0E0 0E0 0E0
-9999 -9999 -9999 -9999 -9999 -9999 -9999 -9999 -9999 -9999 -9999 -9999 -9999 -9999 -9999 -9999 -9999 -9999 -9999 -9999 -9999 6.45438E-1 6.93655E-1 6.85457E-1 7.07059E-1 5.40731E-1 6.03418E-1 4.16221E-1 5.78566E-1 5.85707E-1 6.96177E-1 4.11748E-1 4.94742E-4 1.98856E-4 1.26294E-4 3.93499E-5 0E0 0E0 0E0 0E0 0E0 0E0 0E0 1.39157E-6 1.01618E-1 4.62147E-2 1.1067E-1 3.42656E-1 3.85772E-1 2.10613E-1 4.42617E-2 2.4588E-2 5.28346E-2 1.44058E-2 0E0 0E0 0E0 0E0 0E0 0E0 0E0 0E0 0E0 0E0 0E0 0E0 0E0 0E0 0E0 0E0
-9999 -9999 -9999 -9999 -9999 -9999 -9999 -9999 -9999 -9999 -9999 -9999 -9999 -9999 -9999 -9999 -9999 -9999 -9999 -9999 -9999 7.2792E-1 7.4398E-1 7.15745E-1 5.59021E-1 5.79321E-1 5.71874E-1 3.81551E-1 5.93529E-1 6.05635E-1 5.75171E-1 4.48985E-1 4.46322E-1 1.81628E-4 6.53134E-5 8.67627E-5 1.16169E-5 0E0 0E0 0E0 0E0 7.99808E-5 5.72086E-5 1.91416E-4 4.67199E-2 9.51796E-2 1.24726E-1 2.42431E-1 3.3325E-1 1.04579E-1 1.85332E-2 8.4985E-2 0E0 0E0 0E0 0E0 0E0 0E0 0E0 0E0 0E0 0E0 0E0 0E0 0E0 0E0 0E0 0E0 0E0 0E0
-9999 -9999 -9999 -9999 -9999 -9999 -9999 -9999 -9999 -9999 -9999 -9999 -9999 -9999 -9999 -9999 -9999 -9999 -9999 -9999 6.43275E-1 6.56332E-1 5.81835E-1 5.56754E-1 5.78062E-1 6.33429E-1 6.2529E-1 4.73697E-1 6.45008E-1 6.09278E-1 5.89985E-1 6.01315E-1 5.45249E-1 2.76201E-1 5.66015E-2 8.54542E-5 4.34544E-5 0E0 0E0 0E0 0E0 8.58243E-5 6.09012E-5 1.48384E-4 1.7016E-1 2.78864E-1 7.46548E-2 9.9787E-2 1.77852E-1 1.51423E-1 1.62058E-1 9.83772E-2 6.8816E-2 0E0 0E0 0E0 0E0 0E0 0E0 0E0 0E0 0E0 0E0 0E0 0E0 0E0 0E0 0E0 0E0 0E0
-9999 -9999 -9999 -9999 -9999 -9999 -9999 -9999 -9999 -9999 -9999 -9999 -9999 -9999 -9999 -9999 -9999 -9999 -9999 -9999 7.52754E-1 6.91718E-1 7.11055E-1 6.89276E-1 6.58368E-1 4.58255E-1 4.85655E-1 6.09359E-1 6.51431E-1 6.46667E-1 6.04583E-1 4.92119E-1 6.20953E-1 2.30593E-1 5.78835E-2 7.05755E-5 3.58259E-6 0E0 0E0 0E0 0E0 9.70335E-5 7.28291E-5 3.35186E-4 3.76461E-1 1.94821E-1 1.23201E-1 1.09901E-1 9.93204E-2 0E0 0E0 1.78452E-1 8.70455E-2 1.05201E-1 2.07706E-2 0E0 0E0 0E0 0E0 0E0 0E0 0E0 0E0 0E0 0E0 0E0 0E0 0E0 0E0 0E0
-9999 -9999 -9999 -9999 -9999 -9999 -9999 -9999 -9999 -9999 -9999 -9999 -9999 -9999 -9999 -9999 -9999 -9999 -9999 6.50812E-1 7.33798E-1 7.14925E-1 7.26798E-1 7.03999E-1 6.94815E-1 4.54202E-1 4.96017E-1 6.41594E-1 6.00877E-1 4.3784E-1 6.51996E-1 6.147E-1 5.95668E-1 4.62538E-1 5.42741E-2 1.74689E-4 1.4406E-4 0E0 0E0 0E0 0E0 0E0 6.69287E-5 2.01145E-4 2.09898E-1 1.99551E-1 4.42138E-1 0E0 0E0 0E0 0E0 3.72882E-2 7.72418E-2 5.8727E-2 0E0 0E0 0E0 0E0 0E0 0E0 0E0 0E0 0E0 0E0 0E0 0E0 0E0 0E0 0E0 0E0
-9999 -9999 -9999 -9999 -9999 -9999 -9999 -9999 -9999 -9999 -9999 -9999 -9999 -9999 -9999 -9999 -9999 -9999 -9999 6.55277E-1 7.4291E-1 6.81811E-1 7.12456E-1 7.19026E-1 5.39288E-1 5.10099E-1 5.12146E-1 4.92362E-1 4.50614E-1 4.50202E-1 6.01511E-1 6.03558E-1 6.58217E-1 5.43739E-1 6.08178E-2 2.68532E-4 1.86642E-4 9.40112E-6 0E0 0E0 0E0 2.89714E-5 2.70728E-4 3.98347E-5 1.36343E-1 1.71908E-1 8.98025E-2 1.29183E-1 2.21565E-2 0E0 0E0 4.15416E-2 1.169E-1 5.70171E-2 0E0 0E0 0E0 0E0 0E0 0E0 0E0 0E0 0E0 0E0 0E0 0E0 0E0 0E0 0E0 0E0
-9999 -9999 -9999 -9999 -9999 -9999 -9999 -9999 -9999 -9999 -9999 -9999 -9999 -9999 -9999 -9999 -9999 -9999 -9999 6.79442E-1 7.36977E-1 6.86228E-1 7.18285E-1 6.9636E-1 7.26977E-1 4.96232E-1 7.60059E-1 7.37609E-1 4.57381E-1 4.87748E-1 3.98674E-1 3.84933E-1 4.24254E-1 2.30056E-1 2.00992E-2 1.69638E-4 3.76846E-5 0E0 0E0 0E0 0E0 2.41593E-4 3.34799E-2 3.43879E-1 2.18803E-1 2.65869E-1 1.25083E-1 2.56255E-2 1.34578E-1 7.12321E-2 8.73231E-2 1.17991E-1 4.69403E-2 0E0 0E0 0E0 0E0 0E0 0E0 0E0 0E0 0E0 0E0 0E0 0E0 0E0 0E0 0E0 0E0 0E0
-9999 -9999 -9999 -9999 -9999 -9999 -9999 -9999 -9999 -9999 -9999 -9999 -9999 -9999 -9999 -9999 -9999 -9999 6.66301E-1 7.63759E-1 7.43013E-1 7.51195E-1 6.64207E-1 5.88261E-1 5.87586E-1 5.2408E-1 6.51184E-1 8.19882E-1 4.98753E-1 4.84662E-1 4.21475E-1 4.58423E-1 3.4887E-1 2.12004E-1 1.02715E-4 0E0 0E0 0E0 0E0 0E0 0E0 0E0 0E0 7.08563E-5 1.39788E-1 2.06492E-1 1.0615E-1 6.35239E-2 2.80327E-3 2.86624E-2 2.87968E-2 8.14542E-2 4.4553E-2 0E0 0E0 0E0 0E0 0E0 0E0 0E0 0E0 0E0 0E0 0E0 0E0 0E0 0E0 0E0 0E0 0E0
-9999 -9999 -9999 -9999 -9999 -9999 -9999 -9999 -9999 -9999 -9999 -9999 -9999 -9999 -9999 -9999 -9999 6.87031E-1 7.77082E-1 7.44537E-1 7.09367E-1 7.5112E-1 6.49682E-1 6.84658E-1 6.5935E-1 5.19598E-1 7.17431E-1 4.70063E-1 4.7802E-1 7.43838E-1 6.38779E-1 5.82595E-1 5.37642E-1 5.70963E-2 0E0 0E0 0E0 0E0 0E0 0E0 0E0 0E0 0E0 0E0 0E0 0E0 0E0 2.38232E-2 2.90782E-2 0E0 0E0 5.78264E-2 7.39295E-2 3.96779E-2 0E0 0E0 0E0 0E0 0E0 0E0 0E0 0E0 0E0 0E0 0E0 0E0 0E0 0E0 0E0 0E0
-9999 -9999 -9999 -9999 -9999 -9999 -9999 -9999 -9999 -9999 -9999 -9999 -9999 -9999 -9999 -9999 -9999 7.56192E-1 7.56157E-1 7.73604E-1 6.89821E-1 7.40529E-1 6.6986E-1 6.2223E-1 6.15572E-1 7.00662E-1 6.12921E-1 5.32113E-1 6.44574E-1 1.87335E-1 6.0948E-4 5.99957E-4 5.10014E-4 5.52013E-5 0E0 0E0 0E0 0E0 0E0 0E0 0E0 9.46562E-5 3.28172E-4 2.21762E-4 1.79549E-1 0E0 8.36037E-2 0E0 0E0 0E0 0E0 3.66818E-2 2.16899E-2 0E0 0E0 6.29646E-3 0E0 0E0 0E0 0E0 0E0 0E0 0E0 0E0 0E0 0E0 0E0 0E0 0E0 0E0
-9999 -9999 -9999 -9999 -9999 -9999 -9999 -9999 -9999 -9999 -9999 -9999 -9999 -9999 -9999 -9999 7.73015E-1 7.81577E-1 7.54777E-1 7.5157E-1 7.65202E-1 5.71575E-1 7.39465E-1 6.39031E-1 6.10191E-1 5.20305E-1 5.00327E-1 5.42639E-1 6.45584E-1 1.95691E-1 2.05297E-1 3.24023E-4 3.58803E-4 1.97607E-5 0E0 0E0 0E0 0E0 8.95205E-5 4.4081E-5 0E0 1.03418E-4 6.15496E-4 1.27572E-2 8.71273E-2 2.43846E-1 1.8802E-2 0E0 0E0 0E0 0E0 0E0 0E0 0E0 0E0 0E0 0E0 0E0 0E0 0E0 0E0 0E0 0E0 0E0 0E0 0E0 0E0 0E0 0E0 0E0
-9999 -9999 -9999 -9999 -9999 -9999 -9999 -9999 -9999 -9999 -9999 -9999 -9999 -9999 -9999 6.84413E-1 7.96223E-1 7.78163E-1 7.73319E-1 7.55222E-1 7.42548E-1 7.4008E-1 7.65455E-1 6.74162E-1 6.39492E-1 4.54741E-1 5.32935E-1 4.47226E-1 7.41941E-1 2.14036E-1 2.02506E-1 3.85169E-4 2.94302E-4 7.2605E-5 0E0 0E0 0E0 0E0 1.72523E-5 1.50026E-5 7.51153E-2 4.54411E-1 6.82476E-1 4.68437E-1 1.23366E-1 1.67618E-1 0E0 0E0 0E0 0E0 0E0 0E0 0E0 0E0 0E0 0E0 0E0 0E0 0E0 0E0 0E0 0E0 0E0 0E0 0E0 0E0 0E0 0E0 0E0 0E0
-9999 -9999 -9999 -9999 -9999 -9999 -9999 -9999 -9999 -9999 -9999 -9999 -9999 -9999 -9999 8.01799E-1 7.83166E-1 7.79158E-1 7.26824E-1 6.08549E-1 7.44385E-1 6.9458E-1 6.55544E-1 5.3025E-1 4.53001E-1 5.15258E-1 4.81246E-1 4.7539E-1 5.37674E-1 1.80248E-1 1.73638E-1 3.64205E-4 2.01205E-4 9.72029E-5 2.34347E-4 1.16146E-4 0E0 0E0 0E0 7.39047E-5 4.92471E-1 1.73381E-1 2.92981E-1 3.31485E-1 2.31303E-1 3.75752E-2 1.54701E-2 0E0 0E0 0E0 0E0 0E0 0E0 0E0 0E0 0E0 0E0 0E0 0E0 0E0 0E0 0E0 0E0 0E0 0E0 0E0 0E0 0E0 0E0 0E0
-9999 -9999 -9999 -9999 -9999 -9999 -9999 -9999 -9999 -9999 -9999 -9999 -9999 -9999 7.91812E-1 7.78899E-1 7.83034E-1 6.31887E-1 7.70068E-1 7.79131E-1 7.36964E-1 7.40169E-1 5.38579E-1 6.12141E-1 6.00049E-1 5.28273E-1 5.6472E-1 4.97768E-1 4.79879E-1 6.41607E-1 5.51415E-1 2.60802E-4 1.87428E-4 9.82019E-5 2.2243E-4 1.03037E-1 6.96618E-3 0E0 1.35184E-4 2.65149E-4 2.67659E-1 3.02696E-1 4.15325E-1 5.06023E-1 2.73172E-1 2.68445E-2 2.03343E-2 5.23626E-2 0E0 0E0 0E0 0E0 0E0 0E0 0E0 0E0 0E0 0E0 0E0 0E0 0E0 0E0 0E0 0E0 0E0 0E0 0E0 0E0 0E0 0E0
-9999 -9999 -9999 -9999 -9999 -9999 -9999 -9999 -9999 -9999 -9999 -9999 -9999 -9999 8.01795E-1 7.93673E-1 7.67051E-1 7.74011E-1 7.78874E-1 7.90082E-1 6.9815E-1 6.98816E-1 5.02006E-1 5.94573E-1 5.14821E-1 5.46886E-1 5.34467E-1 2.58082E-1 6.2985E-4 7.05881E-4 7.15168E-4 4.16682E-4 2.11255E-5 0E0 1.37765E-4 9.59567E-2 4.50349E-1 4.70877E-1 1.36556E-1 7.34831E-2 3.89205E-1 4.54054E-1 4.4404E-1 3.88887E-1 3.81194E-1 2.06419E-1 1.51617E-1 2.86487E-3 0E0 0E0 0E0 0E0 0E0 0E0 0E0 0E0 0E0 0E0 0E0 0E0 0E0 0E0 0E0 0E0 0E0 0E0 0E0 0E0 0E0 0E0
-9999 -9999 -9999 -9999 -9999 -9999 -9999 -9999 -9999 -9999 -9999 -9999 -9999 8.0206E-1 8.33558E-1 8.04854E-1 8.10025E-1 7.04279E-1 6.48928E-1 7.32177E-1 5.92508E-1 7.13613E-1 7.48354E-1 5.92779E-1 5.422E-1 5.76289E-1 2.15962E-1 7.48794E-4 5.78548E-4 6.26303E-4 4.90967E-4 4.37269E-4 1.46333E-4 2.0562E-5 1.02286E-4 2.81379E-4 5.10268E-1 5.8683E-1 5.8593E-4 6.50559E-4 3.84748E-1 2.77886E-1 4.22396E-1 5.80006E-1 5.62462E-1 3.35123E-1 2.33284E-1 7.45868E-2 5.89239E-2 0E0 0E0 0E0 2.79939E-2 0E0 0E0 0E0 0E0 0E0 0E0 0E0 0E0 0E0 0E0 0E0 0E0 0E0 0E0 0E0 0E0 0E0
-9999 -9999 -9999 -9999 -9999 -9999 -9999 -9999 -9999 -9999 -9999 -9999 -9999 6.68943E-1 8.12842E-1 8.35367E-1 8.02764E-1 7.6086E-1 6.25191E-1 7.36238E-1 7.2462E-1 7.29506E-1 7.59427E-1 5.55983E-1 5.51468E-1 5.95427E-1 2.90981E-1 5.39077E-4 4.02403E-4 5.33859E-4 4.49381E-4 2.02494E-4 1.40816E-4 6.09529E-5 1.71924E-4 3.35935E-4 4.93385E-1 6.1668E-1 6.10577E-1 1.79725E-1 5.51569E-1 2.00314E-1 1.49708E-1 3.72481E-1 3.25019E-1 3.24138E-1 3.09873E-1 2.60448E-1 2.27324E-1 5.03073E-2 1.24149E-1 1.14235E-2 0E0 0E0 0E0 0E0 0E0 0E0 0E0 0E0 0E0 0E0 0E0 0E0 0E0 0E0 0E0 0E0 0E0 0E0
-9999 -9999 -9999 -9999 -9999 -9999 -9999 -9999 -9999 -9999 -9999 -9999 8.13125E-1 6.94005E-1 8.08407E-1 8.13727E-1 6.74027E-1 6.65388E-1 6.74033E-1 6.24416E-1 6.76731E-1 6.99732E-1 7.29769E-1 5.8616E-1 5.31653E-1 7.92374E-1 3.6932E-1 5.68133E-4 4.80898E-4 3.48797E-4 5.34776E-2 1.70361E-4 4.65442E-2 1.61028E-2 1.97337E-4 2.89706E-4 2.05652E-1 5.17406E-1 7.56674E-1 1.80287E-1 4.45696E-1 3.07235E-1 1.61337E-1 2.86701E-1 5.24882E-1 2.89934E-1 1.41772E-1 1.05422E-1 1.65741E-1 8.26398E-2 5.61322E-2 0E0 0E0 0E0 0E0 0E0 0E0 0E0 0E0 0E0 0E0 0E0 0E0 0E0 0E0 0E0 0E0 0E0 0E0 0E0
-9999 -9999 -9999 -9999 -9999 -9999 -9999 -9999 -9999 -9999 -9999 -9999 6.87859E-1 6.7485E-1 6.73146E-1 6.8161E-1 6.9408E-1 6.52934E-1 6.23466E-1 5.48597E-1 7.63618E-1 7.5618E-1 5.44096E-1 5.84958E-1 5.88086E-1 7.66387E-1 4.02595E-1 3.14E-1 3.82814E-1 1.03101E-1 2.4092E-4 0E0 0E0 2.2379E-5 9.91921E-5 1.54446E-4 1.65509E-1 3.39688E-1 5.06987E-1 6.63888E-1 3.73528E-1 2.90919E-1 2.83828E-1 5.07309E-1 5.24177E-1 5.50549E-1 3.04221E-1 2.34638E-1 1.073E-1 7.1956E-2 2.02569E-1 6.39703E-2 9.84106E-2 0E0 0E0 0E0 0E0 0E0 0E0 0E0 0E0 0E0 0E0 0E0 0E0 0E0 0E0 0E0 0E0 0E0
-9999 -9999 -9999 -9999 -9999 -9999 -9999 -9999 -9999 -9999 -9999 6.92145E-1 7.1175E-1 6.66211E-1 7.97733E-1 8.09916E-1 8.22104E-1 7.02481E-1 6.82752E-1 6.24224E-1 7.74415E-1 7.91817E-1 5.92009E-1 7.87998E-1 6.25693E-1 3.45772E-1 8.84016E-2 7.73347E-1 6.25159E-1 6.62023E-2 2.37853E-4 1.55195E-4 1.0742E-4 7.55886E-5 2.45334E-2 2.59523E-2 5.63829E-5 0E0 1.05759E-2 2.18666E-1 5.97037E-2 1.18988E-1 7.16563E-1 7.23519E-1 2.65233E-1 4.19668E-1 3.89385E-1 5.64931E-1 3.91522E-1 1.2252E-1 2.72985E-1 8.1908E-2 0E0 0E0 0E0 0E0 0E0 0E0 0E0 0E0 0E0 0E0 0E0 0E0 0E0 0E0 0E0 0E0 0E0 0E0
-9999 -9999 -9999 -9999 -9999 -9999 -9999 -9999 -9999 -9999 8.38044E-1 7.76636E-1 6.47517E-1 8.02896E-1 7.98516E-1 7.96854E-1 7.91891E-1 6.77388E-1 8.62547E-1 6.73753E-1 7.98776E-1 7.48948E-1 7.2097E-1 6.35617E-1 5.80242E-1 3.71786E-1 1.09912E-1 3.54129E-1 3.39632E-1 1.84882E-1 8.96117E-2 3.37196E-2 1.77652E-4 7.28285E-5 3.20755E-4 7.96832E-3 4.69483E-3 2.91468E-5 2.96339E-5 3.79511E-1 1.64008E-1 1.42559E-4 0E0 0E0 0E0 4.54027E-1 1.1123E-1 2.55949E-1 4.44795E-1 2.62787E-1 3.33731E-1 0E0 0E0 0E0 0E0 0E0 0E0 0E0 0E0 0E0 0E0 0E0 0E0 0E0 0E0 0E0 0E0 0E0 0E0 0E0
-9999 -9999 -9999 -9999 -9999 -9999 -9999 -9999 -9999 7.26472E-1 8.31857E-1 7.1844E-1 6.95775E-1 8.08669E-1 6.99709E-1 6.89905E-1 6.64601E-1 7.88438E-1 8.13336E-1 6.17625E-1 6.56217E-1 7.49173E-1 6.0541E-1 6.68272E-1 6.74835E-1 6.86873E-1 8.2139E-2 8.8298E-2 5.16891E-2 1.01455E-1 4.67035E-4 2.5621E-4 7.44673E-2 5.04842E-2 7.1378E-2 4.25699E-5 0E0 3.28481E-5 5.61846E-5 6.82487E-5 2.07632E-4 1.27273E-1 4.56409E-1 4.5549E-1 2.50911E-1 2.5935E-1 5.71712E-2 3.51361E-2 8.09853E-2 8.61978E-2 1.64373E-1 0E0 0E0 0E0 0E0 0E0 0E0 0E0 0E0 0E0 0E0 0E0 0E0 0E0 0E0 0E0 0E0 0E0 0E0 0E0
