ENM/Final_Models/M_1_F_lqp_Set_1_EC/Gustavia_santanderiensis_Choco_min.asc
ncols         367
nrows         963
xllcorner     -78.6
yllcorner     0.65
cellsize      0.00833333333333323
NODATA_value  -9999
[rows 150 to 179 of 963, columns 268 to 334 of 367]
6.79577E-2 4.89875E-2 8.20339E-2 2.04465E-1 1.41471E-1 1.13079E-1 1.36241E-1 1.76907E-1 2.85993E-1 9.85778E-2 6.47831E-2 5.27754E-2 3.7333E-2 5.21626E-2 2.36784E-1 4.06775E-1 2.02497E-1 1.79587E-1 2.12351E-1 4.47044E-2 4.49849E-2 1.33202E-1 1.49399E-1 9.87269E-2 1.28649E-1 5.6886E-2 6.06811E-2 6.22436E-3 1.06681E-2 3.86775E-2 1.81363E-1 1.07308E-1 1.99747E-1 1.99936E-1 1.1544E-1 4.59552E-2 1.4911E-1 1.12117E-1 1.01251E-1 3.06149E-1 7.45652E-1 5.93149E-1 4.25685E-1 1.97965E-1 1.24079E-1 2.39057E-1 1.76821E-1 1.11462E-1 1.57088E-1 1.30821E-2 9.52372E-3 5.90964E-2 4.69907E-2 8.99524E-2 5.15316E-3 2.3546E-3 2.61567E-4 1.13374E-5 5.29197E-4 3.08014E-3 1.21915E-3 2.4866E-3 3.344E-4 2.55946E-4 1.3702E-6 1.93869E-6 2.53495E-6
2.2722E-2 4.00344E-2 1.23629E-1 1.25178E-1 8.26999E-2 9.18185E-2 1.88736E-1 1.64005E-1 1.79351E-1 1.68732E-1 2.0462E-1 6.41016E-2 4.15103E-2 6.93304E-2 1.1077E-1 1.91675E-1 1.41351E-1 1.55874E-2 3.10748E-2 1.38152E-2 1.52209E-2 1.91567E-1 2.62567E-1 1.56203E-1 1.34363E-1 7.76783E-2 3.28558E-2 8.22988E-2 3.69267E-3 1.53769E-2 7.41126E-2 4.05208E-2 1.14643E-1 1.37855E-1 1.92379E-1 1.11988E-1 2.64333E-1 1.2747E-1 2.27837E-1 1.7861E-1 4.34491E-1 4.08812E-1 3.12608E-1 2.29332E-1 2.05391E-1 1.77441E-1 5.73757E-1 1.40484E-1 1.53697E-1 9.67218E-3 9.5523E-3 2.1642E-2 4.6905E-2 7.53075E-2 9.01559E-3 1.17655E-4 3.73543E-6 1.73449E-5 5.0891E-4 1.20957E-2 4.0444E-4 1.08441E-4 2.38518E-5 8.69325E-7 2.26087E-6 9.1851E-7 6.74643E-6
4.79459E-3 4.07418E-2 1.03021E-1 9.42683E-2 6.3649E-2 1.24263E-1 1.51538E-1 6.4678E-2 5.47884E-2 9.61768E-2 2.04465E-1 1.88135E-1 1.15067E-1 4.57469E-2 1.00917E-1 2.25646E-1 2.31133E-1 1.71897E-2 1.20544E-2 9.04316E-3 1.38562E-1 2.10133E-1 3.37266E-1 1.03506E-1 1.13196E-1 3.74944E-2 5.5964E-2 1.31287E-1 2.69913E-2 1.44212E-2 7.47989E-2 1.94798E-1 1.28574E-1 1.31235E-1 1.35068E-1 1.57511E-1 1.30543E-1 1.26696E-2 1.47879E-2 1.94297E-1 2.39825E-1 3.11995E-1 3.24094E-1 5.86238E-2 3.43455E-2 6.64934E-2 4.87678E-1 7.7552E-2 9.24255E-2 5.14753E-2 7.24112E-3 1.01032E-2 1.07875E-2 1.09173E-2 8.25227E-3 3.63868E-5 9.7546E-5 5.09918E-5 3.45436E-5 1.076E-4 3.71595E-4 2.9589E-5 1.06523E-6 2.78147E-7 1.37305E-6 8.01885E-7 4.11043E-4
3.67135E-3 1.22479E-2 8.10297E-3 5.87765E-2 6.84449E-2 1.31605E-1 1.2991E-1 6.37283E-2 4.20068E-2 6.70819E-2 7.38598E-2 1.45981E-1 1.26096E-1 4.78456E-2 8.51122E-2 1.41181E-1 1.58676E-1 3.1341E-2 7.78369E-3 3.15339E-2 1.11047E-1 1.09624E-1 1.76084E-1 1.09647E-1 1.15502E-1 3.19062E-2 2.82462E-2 2.4147E-1 8.64092E-2 4.33852E-2 4.5002E-2 8.32181E-2 3.17788E-1 3.8302E-1 8.49211E-2 8.45411E-2 2.6444E-2 7.78004E-3 1.59521E-2 2.65887E-1 1.07736E-1 1.68965E-1 3.40951E-1 1.88158E-2 5.99696E-2 1.06543E-1 4.60607E-1 1.13982E-1 1.14615E-1 1.47885E-1 4.63932E-3 2.24988E-3 1.32447E-3 1.73686E-2 3.70604E-3 9.62189E-5 4.48265E-6 2.46935E-5 4.1214E-6 3.77639E-5 1.15731E-4 1.70861E-5 7.73394E-7 6.70229E-7 6.32654E-6 8.02758E-6 2.88553E-4
3.62825E-2 5.11478E-3 6.3667E-3 2.4875E-2 6.06062E-2 1.73678E-1 1.89026E-1 2.08935E-1 1.14214E-1 5.60217E-2 2.73061E-2 5.12431E-2 9.71639E-2 3.30938E-2 6.44875E-2 1.19609E-1 5.5928E-2 1.1996E-2 3.36906E-2 9.65345E-2 6.41466E-2 4.64147E-2 1.46503E-2 1.44797E-1 1.75218E-1 8.29975E-2 2.35941E-1 2.00108E-1 6.78803E-2 5.27292E-2 2.24298E-2 4.32098E-2 1.5506E-1 2.23918E-1 1.65793E-1 2.16072E-1 3.28711E-2 9.16735E-3 4.87395E-2 3.462E-1 2.15358E-1 8.12508E-2 1.43987E-2 1.77085E-2 7.27784E-2 6.3598E-2 1.52659E-1 2.46179E-1 1.44744E-1 4.75881E-2 1.5133E-3 2.32905E-3 7.89089E-4 1.19291E-2 9.59379E-3 1.06453E-5 1.71994E-5 9.80823E-6 1.12151E-5 8.75847E-5 3.60636E-4 3.51027E-5 6.49099E-7 1.50384E-7 2.94572E-6 9.23181E-6 2.31475E-4
2.24118E-2 2.99314E-3 8.07058E-3 1.9859E-3 6.9401E-3 8.62869E-2 9.39501E-2 1.27314E-1 5.37938E-2 2.31188E-2 1.69024E-2 4.88192E-2 7.44914E-2 4.14805E-2 3.56254E-2 3.98466E-2 2.70339E-2 2.37677E-2 9.28413E-3 9.91054E-3 4.59157E-3 5.80441E-3 2.18717E-3 1.00117E-2 3.65361E-2 3.60853E-2 9.76644E-2 1.58939E-1 5.80185E-2 3.27021E-1 6.46141E-2 8.82117E-2 1.49267E-1 5.62773E-2 5.92262E-2 1.5444E-1 2.34015E-1 5.78852E-2 1.38933E-1 1.27011E-1 9.00394E-2 4.52159E-2 4.24561E-2 3.66218E-3 2.44637E-3 5.38367E-2 1.14619E-1 2.02861E-1 8.15224E-2 3.66036E-2 3.83978E-3 6.313E-3 5.58201E-4 6.4267E-3 3.96174E-6 9.83598E-6 2.89311E-7 3.81373E-7 4.32613E-6 1.33427E-4 5.59383E-4 1.84078E-5 8.55603E-6 4.92088E-7 1.56338E-6 7.74291E-7 9.76275E-6
3.19601E-4 1.31666E-4 1.31035E-3 1.15427E-3 3.0504E-3 3.35147E-3 1.61202E-2 1.58811E-2 6.89838E-2 6.07685E-2 5.48867E-3 1.9533E-2 1.12186E-1 4.91054E-2 1.98605E-2 1.0495E-2 5.55743E-4 2.06081E-2 1.68311E-2 4.55095E-3 1.86073E-3 3.1993E-3 9.29194E-3 3.0544E-3 6.11773E-3 5.57697E-2 1.83003E-1 8.79636E-2 9.13691E-2 5.53131E-2 2.57968E-2 3.55956E-2 4.84649E-2 3.69492E-2 5.53532E-2 7.52889E-2 5.12691E-2 1.41272E-1 2.16432E-1 6.53312E-2 1.04902E-1 2.20344E-2 3.73636E-2 1.50536E-4 7.01293E-3 1.48028E-2 1.03462E-1 1.32526E-1 1.75351E-2 1.38599E-1 6.30586E-2 1.56117E-2 1.35187E-3 4.52049E-4 1.26849E-4 2.14962E-5 4.01937E-6 7.01285E-7 3.69985E-7 3.03493E-6 5.92663E-5 3.00439E-5 1.27009E-6 7.81369E-8 3.97682E-7 2.77054E-6 5.14823E-5
4.90608E-4 1.468E-5 1.22989E-4 2.76385E-2 2.81951E-3 6.02131E-3 9.78284E-4 2.21023E-3 1.54753E-3 1.15999E-2 1.22474E-2 3.43553E-2 1.00515E-1 5.49155E-2 2.18298E-2 3.61116E-3 3.5099E-3 6.10325E-3 8.77317E-4 9.40686E-4 7.43249E-4 1.24123E-3 4.62151E-3 3.28629E-2 1.92223E-2 1.41756E-1 2.59496E-1 3.59297E-2 1.72369E-2 1.48607E-2 1.23935E-2 3.67903E-3 4.0709E-2 5.71468E-2 1.24227E-1 1.61802E-1 6.75341E-2 3.81555E-2 3.60156E-2 6.65514E-2 4.60473E-2 3.00229E-2 2.34306E-3 1.98354E-3 7.14925E-3 1.49954E-2 6.75459E-2 3.98031E-2 1.78134E-3 1.0622E-3 2.84787E-2 4.04658E-2 3.71287E-2 1.57744E-3 5.13739E-4 9.08393E-5 3.88189E-5 6.91767E-7 3.838E-7 1.40178E-6 6.26645E-6 3.43937E-7 1.25276E-7 4.62126E-8 1.36616E-6 6.07713E-7 1.16635E-4
5.87748E-4 3.80585E-5 1.3002E-4 8.76042E-3 8.19335E-3 2.42089E-3 1.25389E-3 8.62359E-4 1.72973E-3 4.30415E-3 1.4781E-2 2.18424E-2 1.75584E-2 4.05103E-2 9.06935E-2 2.26201E-2 2.52982E-3 4.69014E-4 4.64916E-4 4.52433E-4 6.10186E-4 1.84683E-3 2.48969E-3 5.21994E-2 2.07916E-2 3.16331E-2 1.80906E-2 3.82094E-2 3.90123E-3 2.15189E-2 2.0539E-2 8.32497E-3 4.83817E-2 4.98273E-2 1.28437E-1 2.53977E-2 1.63604E-2 7.64579E-2 6.79012E-2 7.1581E-2 1.3901E-2 1.18639E-2 3.77673E-4 1.25847E-3 1.53562E-3 1.46679E-2 4.46325E-2 8.69877E-2 2.24612E-3 7.56474E-4 2.15603E-3 1.67479E-2 2.84478E-2 3.48979E-2 2.60244E-2 4.40875E-3 3.44097E-4 1.75289E-6 1.28998E-6 2.0289E-5 8.27461E-7 5.66298E-7 3.33538E-8 2.66901E-7 1.34534E-7 1.06853E-6 2.60648E-6
8.69656E-4 1.26188E-4 1.60934E-4 4.96452E-4 1.99522E-3 3.77083E-4 1.67673E-4 2.1174E-4 9.79322E-4 6.29118E-4 7.77447E-3 1.33734E-3 1.47088E-2 2.47609E-2 2.73822E-2 1.11682E-2 2.16E-3 6.93545E-4 2.7306E-4 2.75771E-4 2.38197E-3 1.82206E-3 6.62848E-3 4.69339E-2 1.48328E-1 2.22489E-2 2.16928E-2 3.51924E-2 3.85792E-3 4.53664E-3 6.47151E-3 1.20676E-2 5.09578E-2 1.7904E-2 8.21869E-2 2.37712E-2 7.76983E-3 1.82297E-2 1.28172E-2 9.49087E-2 1.54029E-2 1.95396E-3 1.86025E-3 1.2448E-3 1.93996E-3 1.31567E-3 2.97878E-2 7.76101E-2 9.18146E-4 5.34703E-4 9.65706E-3 1.65373E-2 3.78637E-3 4.19742E-4 7.05366E-4 1.04965E-3 5.39294E-5 9.60076E-7 4.62056E-7 2.54785E-6 5.31935E-7 1.51068E-7 1.53257E-8 2.89103E-8 6.25223E-8 2.82675E-7 5.83633E-7
1.01831E-3 4.82145E-4 1.22192E-4 8.19964E-5 2.84884E-4 6.88168E-5 1.21335E-4 9.88925E-5 4.67216E-4 3.31232E-4 2.15717E-3 2.632E-4 4.73032E-4 6.9946E-3 9.70242E-2 3.02328E-2 2.3104E-3 5.79912E-4 1.05396E-3 1.08005E-3 2.32734E-3 3.80258E-3 6.38691E-3 8.23708E-2 1.27803E-1 1.46773E-2 2.34622E-2 1.03315E-2 2.11553E-3 4.81544E-2 5.2734E-3 4.16063E-3 4.65342E-2 2.77099E-2 3.62686E-2 1.98317E-2 1.96199E-2 3.13748E-2 1.49454E-2 1.19035E-2 1.01867E-2 5.26432E-3 2.04387E-4 2.80911E-4 2.98701E-3 3.40258E-2 5.34925E-2 3.24661E-2 1.90143E-3 1.94986E-3 2.48074E-3 3.13211E-3 7.29E-3 3.41585E-5 2.78472E-5 1.98129E-4 7.94017E-4 1.83566E-5 3.78385E-6 2.60189E-6 5.08471E-7 2.03822E-8 1.47666E-8 2.6736E-8 7.03782E-8 5.89334E-7 1.29522E-6
1.53324E-3 1.24812E-3 1.21824E-4 1.76491E-5 1.34652E-5 5.54003E-4 1.12242E-4 1.3861E-4 3.57298E-4 9.38921E-5 5.33225E-4 1.47031E-4 1.54472E-3 1.42932E-2 5.71449E-2 2.82409E-2 2.49276E-4 1.62856E-5 5.92536E-5 4.17826E-3 1.77187E-2 5.43825E-2 3.61838E-2 6.24019E-3 4.60364E-3 1.36582E-3 2.60191E-3 2.13696E-3 1.23517E-3 1.8204E-2 1.57859E-2 2.4322E-3 2.60081E-2 7.32837E-2 5.84545E-3 6.29032E-3 1.16332E-2 1.18246E-1 8.25816E-2 2.72619E-2 6.521E-3 4.60641E-3 1.42063E-3 3.2998E-4 4.25503E-3 3.62206E-2 5.63979E-2 1.9482E-3 2.0176E-3 1.26923E-3 3.00914E-3 8.81321E-4 1.87835E-3 1.54681E-4 1.36292E-5 2.94038E-5 6.13805E-4 5.06145E-6 4.44638E-6 4.74218E-7 1.71417E-7 9.30532E-9 9.74201E-9 4.97295E-8 1.5534E-7 7.03319E-7 2.88388E-7
4.18464E-3 1.64981E-3 1.58741E-3 1.47369E-4 4.95787E-6 1.35464E-5 1.40359E-4 4.96486E-4 1.98662E-4 1.8503E-4 6.89634E-4 1.86297E-4 3.22239E-3 9.2825E-3 4.74236E-3 4.44607E-4 5.56713E-5 8.69039E-6 6.0362E-5 3.56965E-3 1.24061E-2 7.96711E-3 3.29893E-3 1.94194E-3 1.85736E-3 1.60828E-3 4.63681E-3 2.17038E-3 5.57474E-3 7.06129E-4 5.83219E-3 2.0038E-2 3.47588E-2 3.62822E-2 3.90685E-3 1.00685E-2 2.90501E-3 2.06011E-2 3.13578E-2 3.54901E-2 2.61594E-3 2.73559E-3 7.11328E-4 6.09612E-4 2.11843E-3 3.14132E-2 3.30029E-2 9.14871E-4 8.54182E-4 1.28899E-3 1.61495E-3 1.63033E-3 1.47248E-3 3.60645E-4 6.60601E-6 2.39042E-6 3.29114E-5 4.79956E-6 4.72178E-6 9.29506E-7 2.84587E-7 1.02274E-8 9.98645E-9 1.2722E-7 4.08406E-7 1.07442E-6 5.84727E-7
5.59929E-3 5.56191E-3 2.89143E-3 6.87146E-4 5.03324E-6 1.26132E-6 1.27205E-5 1.15017E-4 8.14728E-5 1.77841E-4 1.04298E-3 1.96429E-3 4.64109E-3 4.4726E-3 3.43008E-4 1.83132E-4 2.00518E-5 8.68436E-7 1.99199E-5 2.91506E-4 2.49827E-4 5.31123E-4 7.28035E-3 7.73185E-4 2.74219E-3 4.46172E-3 6.52222E-3 3.9228E-3 1.60216E-3 1.77313E-3 1.44303E-3 7.94611E-3 2.60199E-2 3.11965E-2 2.68468E-3 9.14259E-3 4.04632E-4 3.66697E-4 4.73503E-3 4.68417E-3 2.48579E-3 2.69128E-3 1.39179E-3 7.07103E-4 1.77352E-3 3.46933E-2 8.06733E-2 8.24774E-4 4.98847E-4 4.28693E-4 7.96155E-4 3.76469E-3 2.40423E-3 1.49681E-4 8.75935E-5 4.28889E-5 2.22844E-6 3.97576E-5 2.14587E-5 1.90767E-6 1.24267E-7 1.21003E-8 3.39443E-8 1.42804E-7 -9999 -9999 -9999
4.81045E-3 3.64305E-3 1.64384E-3 1.53403E-6 2.6393E-6 3.43219E-6 1.24577E-5 6.34178E-5 2.10592E-5 2.19806E-5 2.53974E-5 1.32106E-3 1.52452E-3 5.82431E-4 1.37194E-4 7.32871E-5 4.93883E-6 1.17458E-5 5.26633E-6 2.11402E-5 2.26807E-4 1.39023E-3 7.38812E-3 3.90785E-3 2.46484E-3 5.81438E-3 1.04351E-3 1.14755E-3 2.56718E-3 6.15026E-4 5.4881E-4 1.53444E-3 7.43916E-3 9.73339E-3 1.00635E-2 3.36425E-3 4.28709E-3 6.01497E-4 1.34368E-3 3.29979E-3 6.63906E-3 5.43378E-3 1.60268E-3 7.10287E-4 7.187E-3 1.99173E-2 6.84403E-3 7.59606E-4 1.59969E-4 4.15854E-4 3.31293E-4 5.9093E-4 2.13618E-4 2.17651E-3 1.12731E-4 1.15392E-4 3.44116E-6 2.58526E-6 1.30031E-6 7.01574E-7 4.69292E-8 4.32657E-8 -9999 -9999 -9999 -9999 -9999
7.22743E-3 5.0987E-3 6.55221E-5 7.03688E-6 6.47352E-6 2.84245E-6 5.29249E-7 5.25741E-6 8.07672E-6 2.37836E-6 1.52352E-6 7.54458E-5 3.69045E-4 6.92393E-4 1.50658E-4 2.99192E-5 2.18416E-5 1.79628E-4 6.95598E-4 2.13912E-4 1.52835E-4 1.57771E-3 4.05455E-3 7.37335E-2 4.54307E-3 1.07513E-3 5.45321E-4 8.82689E-4 3.22353E-3 3.16244E-3 1.53829E-4 2.78447E-4 4.31254E-3 2.93893E-2 2.52634E-2 6.17707E-3 8.27296E-4 5.55843E-4 1.32803E-3 1.4902E-3 4.82237E-3 3.87205E-3 9.69273E-4 1.76928E-3 1.85433E-3 5.40992E-3 5.51371E-3 3.19726E-3 6.31143E-5 2.23222E-4 5.51104E-4 3.57015E-4 4.70686E-4 2.05468E-4 7.84711E-4 1.07948E-3 3.44713E-5 8.88418E-7 1.17238E-7 1.24261E-7 -9999 -9999 -9999 -9999 -9999 -9999 -9999
6.5925E-3 1.06141E-2 5.53403E-4 1.23976E-5 1.62233E-5 1.07348E-5 4.0292E-6 2.66116E-6 1.11993E-6 5.62872E-7 6.31369E-6 2.73463E-5 1.09467E-4 5.4513E-5 1.97762E-5 1.73669E-5 5.71323E-6 3.7289E-4 4.18545E-3 1.34027E-3 4.55381E-4 3.20937E-3 6.6193E-2 5.42919E-3 6.62476E-3 4.20636E-4 1.34648E-4 1.56127E-4 1.90597E-3 6.55545E-3 1.11465E-4 3.02866E-4 3.25608E-3 4.07433E-2 6.99812E-2 5.02016E-3 3.22595E-3 1.04021E-4 1.60101E-3 6.25089E-4 4.262E-4 3.58264E-3 1.39934E-3 3.03475E-3 2.36293E-3 7.57347E-3 3.8293E-3 3.07923E-4 4.08361E-5 6.92361E-5 3.56139E-5 4.05082E-5 8.46612E-5 2.68453E-5 6.06464E-5 8.04465E-5 1.25087E-4 1.00874E-6 -9999 -9999 -9999 -9999 -9999 -9999 -9999 -9999 -9999
9.21071E-3 9.723E-3 7.30278E-3 9.8402E-5 4.31313E-5 3.57488E-4 8.98845E-7 1.27289E-6 5.0797E-6 6.63372E-7 4.43455E-7 2.54338E-6 1.3187E-5 6.87645E-6 1.6685E-4 6.88454E-5 1.80923E-5 4.41381E-5 1.32168E-3 6.90008E-3 2.95518E-3 2.4964E-3 6.40824E-3 1.11849E-3 4.20645E-4 3.9509E-4 2.30357E-5 2.69829E-4 4.39184E-4 4.5012E-3 5.85976E-4 8.08894E-5 3.27993E-3 9.02524E-3 5.95665E-2 2.42486E-2 4.17206E-4 8.58297E-4 8.2955E-4 2.39703E-4 5.01787E-4 3.06599E-3 1.72241E-3 1.1443E-3 5.77031E-3 8.17612E-3 1.00408E-3 1.92502E-4 4.56171E-4 2.34022E-5 7.02879E-5 1.28427E-5 9.93552E-6 6.67097E-6 2.37648E-4 8.58427E-6 4.69754E-6 -9999 -9999 -9999 -9999 -9999 -9999 -9999 -9999 -9999 -9999
2.58442E-1 1.43869E-1 9.5134E-2 1.16104E-2 4.2892E-4 5.78828E-5 2.11204E-6 1.11951E-6 2.32771E-6 1.81205E-6 8.23963E-7 5.17194E-6 5.06706E-5 1.46052E-4 1.17248E-3 3.37005E-3 2.72152E-3 1.28572E-3 2.0094E-3 4.10435E-3 3.36848E-4 2.59833E-4 3.80826E-4 7.60295E-5 2.01361E-4 6.79166E-5 4.19493E-5 4.2703E-3 1.18267E-3 2.02689E-4 2.12189E-4 6.73795E-5 7.92569E-4 7.07592E-3 3.26953E-2 9.23443E-2 2.38984E-2 2.90056E-3 3.33078E-4 2.39287E-4 3.91011E-4 1.83086E-3 2.85915E-3 2.16225E-4 1.9071E-4 1.48708E-3 6.24647E-4 1.51823E-4 1.40756E-4 3.7592E-5 3.94335E-5 4.23826E-5 9.34147E-6 4.0859E-5 1.65018E-4 1.53659E-5 1.26674E-5 -9999 -9999 -9999 -9999 -9999 -9999 -9999 -9999 -9999 -9999
4.83791E-1 2.90642E-1 1.83273E-1 7.78695E-2 9.82104E-3 2.41683E-4 9.61874E-6 4.76511E-6 5.29015E-6 1.45253E-6 1.41855E-6 1.02123E-6 4.40698E-6 3.1313E-4 8.23201E-4 1.94495E-3 5.08461E-4 5.39991E-4 2.78643E-4 1.67233E-4 1.39132E-4 1.95374E-4 5.36459E-5 3.46899E-5 2.89941E-4 4.33244E-5 1.02573E-4 1.88237E-3 2.0413E-3 2.77305E-5 3.22913E-6 1.21551E-5 1.95923E-5 8.2057E-4 1.25941E-3 1.00353E-2 9.65282E-3 3.41948E-3 5.40347E-3 2.97493E-4 3.68284E-4 1.2862E-3 1.11522E-3 5.75442E-5 2.31049E-5 1.67555E-4 2.54795E-4 5.80001E-4 1.77536E-4 6.88538E-5 1.52964E-5 2.71426E-5 1.35954E-6 8.15043E-7 1.77554E-5 4.6769E-6 6.23707E-7 -9999 -9999 -9999 -9999 -9999 -9999 -9999 -9999 -9999 -9999
4.30759E-1 5.38051E-1 2.50674E-1 4.73419E-2 3.07747E-2 3.25944E-3 1.80436E-3 1.37062E-4 2.63261E-6 6.06064E-7 7.86008E-7 1.13181E-6 1.3127E-6 5.47991E-5 4.1024E-4 4.76124E-4 2.98096E-4 9.58102E-5 5.98393E-5 1.00926E-4 8.50797E-5 2.4387E-4 6.76397E-4 5.32431E-5 9.72198E-5 4.0769E-5 8.30654E-5 7.18846E-4 3.51437E-4 3.33407E-4 4.17429E-5 2.5941E-6 4.48667E-6 4.69351E-4 7.75106E-4 3.36411E-2 4.08808E-2 4.94875E-3 1.25018E-4 3.89382E-5 2.19769E-4 5.0726E-3 2.18196E-3 1.39695E-4 5.52203E-5 1.71294E-4 6.29992E-4 4.43078E-4 4.75213E-4 3.09258E-5 5.23306E-6 1.14172E-5 7.04507E-7 3.95318E-7 2.60155E-6 6.63873E-6 4.66086E-7 -9999 -9999 -9999 -9999 -9999 -9999 -9999 -9999 -9999 -9999
3.16096E-1 4.50809E-1 4.16241E-1 1.422E-1 2.38235E-1 3.4436E-2 3.33339E-3 1.96755E-3 1.48194E-5 2.80467E-7 5.73198E-7 1.07551E-6 2.0814E-6 1.38111E-4 5.64683E-4 2.29172E-3 6.21133E-4 3.7974E-4 3.95685E-4 7.39766E-5 4.08337E-5 9.16594E-5 2.66963E-4 3.4883E-5 2.34648E-4 1.41806E-3 1.81747E-4 9.51033E-5 1.32088E-4 1.38493E-4 2.62061E-5 2.24455E-6 2.68165E-5 8.09267E-4 3.7266E-4 2.67969E-2 1.70116E-2 4.09683E-3 2.23163E-4 2.22619E-5 5.44015E-5 4.48464E-3 4.37826E-3 3.74286E-4 3.25659E-5 1.04168E-5 3.3499E-5 1.47169E-3 4.24971E-4 2.7868E-5 7.93156E-6 4.7096E-7 1.79717E-7 3.06667E-7 1.08025E-6 8.68949E-6 3.38271E-7 -9999 -9999 -9999 -9999 -9999 -9999 -9999 -9999 -9999 -9999
5.01654E-1 1.92057E-1 2.98002E-1 2.65681E-1 1.88347E-1 2.07225E-1 1.19161E-2 3.35222E-3 3.95946E-4 7.06141E-7 2.37621E-6 6.85147E-7 1.1128E-5 1.48033E-4 4.44333E-4 1.69902E-3 5.65465E-4 7.13953E-5 1.67568E-4 5.20767E-5 4.48484E-6 2.34505E-5 3.20972E-4 2.24816E-4 3.29586E-4 2.6721E-3 3.64894E-4 4.37068E-5 9.05069E-5 1.70926E-4 1.15159E-5 4.83697E-6 2.87019E-5 1.23485E-3 1.725E-2 8.47229E-3 1.55529E-2 5.39885E-3 1.99903E-4 2.06303E-5 2.09513E-4 3.39475E-3 4.80662E-3 3.54351E-4 8.69161E-6 7.19573E-7 1.13105E-4 3.53057E-4 3.02302E-4 5.84588E-5 4.92764E-5 5.84574E-7 4.48222E-8 1.40825E-7 7.95088E-7 5.82131E-6 2.70641E-6 -9999 -9999 -9999 -9999 -9999 -9999 -9999 -9999 -9999 -9999
4.022E-1 1.04337E-1 1.0565E-1 9.8841E-2 5.64356E-2 8.62048E-2 5.24899E-2 1.4926E-2 1.33934E-4 7.21154E-8 1.97063E-6 2.54798E-7 1.46778E-6 8.76355E-5 4.01624E-4 3.26278E-4 2.91092E-4 1.10095E-4 2.46769E-5 5.74811E-5 2.3679E-6 1.92893E-6 3.40701E-5 3.80477E-4 9.42578E-4 1.33339E-3 4.62403E-4 3.12825E-5 2.73517E-4 8.19627E-4 9.76683E-5 4.01587E-6 6.12556E-6 1.9908E-4 2.04746E-3 1.0951E-2 5.49038E-3 9.08267E-4 5.42746E-5 3.6799E-4 9.76942E-4 2.99012E-3 2.31066E-3 1.67793E-4 6.9071E-7 6.64779E-7 2.73088E-5 3.31785E-4 9.57926E-5 4.5261E-6 3.4363E-5 1.98536E-6 7.13746E-7 4.79669E-8 8.08674E-8 3.35996E-7 -9999 -9999 -9999 -9999 -9999 -9999 -9999 -9999 -9999 -9999 -9999
3.95121E-1 8.74837E-2 3.65954E-2 2.92991E-2 5.52908E-2 4.40102E-2 7.29865E-2 2.56707E-2 6.21089E-4 1.34387E-7 1.31049E-6 1.822E-7 7.90778E-7 5.83707E-5 5.87205E-5 1.1179E-4 2.45608E-4 2.08457E-5 3.41647E-6 1.72154E-5 7.28412E-6 5.96298E-7 5.89856E-6 2.16445E-4 2.85276E-3 5.96934E-4 6.71236E-4 1.78025E-4 2.5579E-4 3.69335E-4 3.10271E-4 2.95431E-5 2.22955E-6 3.22319E-6 1.40554E-4 2.221E-3 1.08058E-3 9.27408E-4 5.4493E-5 1.3508E-5 5.59055E-5 1.09768E-3 1.59936E-3 5.66135E-6 1.60693E-7 4.78066E-7 2.4334E-5 4.93334E-5 4.1751E-6 5.79697E-6 1.50398E-5 1.68189E-6 2.75239E-7 4.22372E-8 5.71425E-8 6.4054E-8 -9999 -9999 -9999 -9999 -9999 -9999 -9999 -9999 -9999 -9999 -9999
4.58414E-1 1.66887E-1 3.11271E-2 1.87656E-2 1.42713E-2 2.06127E-2 3.17676E-2 2.46281E-2 3.12773E-4 9.8497E-7 1.13078E-7 1.3693E-7 2.52532E-7 8.39388E-5 1.38377E-5 2.91247E-5 1.64295E-5 1.18231E-5 2.14515E-7 1.1713E-6 1.65114E-6 5.98573E-7 2.37253E-6 8.53799E-6 2.06903E-4 1.62885E-4 2.93626E-4 2.57463E-5 2.57351E-5 8.10178E-5 1.60074E-4 1.52461E-4 1.23717E-4 2.75409E-6 5.3721E-6 3.86436E-5 2.51043E-5 8.22431E-6 1.80171E-5 1.96262E-6 3.68075E-5 4.88591E-4 4.47093E-4 2.11067E-5 3.58179E-7 1.65643E-6 6.56203E-5 2.69421E-5 1.51995E-6 2.59875E-7 1.68085E-6 1.5716E-6 2.86183E-7 7.0385E-8 2.53407E-8 4.67174E-8 -9999 -9999 -9999 -9999 -9999 -9999 -9999 -9999 -9999 -9999 -9999
2.94106E-1 1.04178E-1 1.39342E-1 9.35641E-2 3.48545E-2 6.15561E-3 1.20034E-2 9.16017E-3 2.15556E-3 3.96334E-6 1.78915E-8 7.87052E-7 2.30597E-6 1.33173E-5 1.65288E-6 1.65227E-6 2.9301E-6 1.00902E-6 7.07342E-8 2.25706E-7 7.40434E-7 6.97253E-7 6.97219E-6 1.03898E-6 8.31405E-5 4.4434E-5 1.90301E-6 1.62403E-6 7.74642E-7 4.11861E-5 2.56369E-5 4.01905E-5 1.74747E-5 1.01742E-5 1.00884E-6 2.393E-6 5.76896E-6 8.15634E-7 2.60136E-6 4.29987E-7 7.02328E-6 1.90739E-4 3.95502E-5 3.59139E-5 2.26443E-6 5.36877E-6 9.70834E-6 5.00001E-5 5.05829E-6 1.66134E-7 3.1747E-8 7.29085E-7 1.75519E-7 3.23332E-8 8.67958E-9 -9999 -9999 -9999 -9999 -9999 -9999 -9999 -9999 -9999 -9999 -9999 -9999
1.25489E-1 1.5903E-1 1.00748E-1 4.90132E-2 5.55322E-2 4.20178E-3 6.51566E-3 2.84508E-3 2.00417E-4 5.05389E-7 5.8431E-7 7.22464E-7 1.80032E-6 1.6965E-6 5.26713E-7 5.00471E-8 2.22712E-7 2.09718E-7 3.0984E-8 7.84313E-8 2.55676E-7 1.44842E-6 1.34202E-5 4.23898E-5 4.82045E-5 4.25827E-6 9.00626E-7 1.02434E-6 2.05474E-7 5.23779E-6 2.963E-5 1.42838E-5 2.41103E-6 9.11615E-7 9.81067E-7 5.3742E-7 2.81179E-7 2.44866E-7 1.38448E-6 2.55545E-6 1.70015E-5 1.59744E-4 6.33216E-5 3.26109E-5 2.94533E-5 3.95236E-6 2.51674E-6 2.04159E-6 3.26164E-6 7.81587E-8 9.8359E-9 5.63877E-8 6.24128E-8 8.90656E-9 1.57676E-8 -9999 -9999 -9999 -9999 -9999 -9999 -9999 -9999 -9999 -9999 -9999 -9999
1.60917E-1 1.23622E-1 9.38391E-2 1.21824E-1 7.0802E-2 7.68698E-3 6.11506E-5 1.67136E-4 1.41247E-5 9.31396E-7 3.91419E-7 5.96693E-7 1.54914E-6 1.42265E-6 9.70579E-8 1.14665E-8 1.28964E-7 5.73914E-8 1.42202E-8 4.09827E-8 9.53422E-8 1.06727E-6 1.27239E-6 8.19301E-6 1.0689E-5 1.63868E-6 5.27708E-8 6.40152E-7 1.90899E-6 1.86364E-5 3.77377E-5 3.94896E-6 7.5027E-6 4.86708E-7 1.22206E-7 1.3849E-7 2.37701E-8 4.95439E-8 6.92943E-7 1.23125E-6 1.07193E-5 1.3268E-5 6.57275E-6 1.1287E-5 3.13086E-5 7.28412E-6 1.71374E-6 3.12297E-7 3.80928E-8 1.43747E-8 3.71594E-9 8.1079E-9 3.53772E-8 8.88733E-9 -9999 -9999 -9999 -9999 -9999 -9999 -9999 -9999 -9999 -9999 -9999 -9999 -9999
1.58708E-1 3.26276E-1 1.71228E-1 1.08138E-1 1.34819E-1 3.5588E-2 8.03401E-4 1.98013E-4 3.11208E-6 3.79513E-7 6.1056E-7 5.19401E-7 5.18794E-7 4.62916E-7 5.294E-8 3.69685E-8 1.14137E-8 4.1844E-9 3.77546E-9 6.07607E-8 2.00318E-7 1.07472E-6 1.47203E-5 1.213E-5 2.10465E-6 3.0351E-7 4.62923E-8 3.39079E-8 1.31551E-6 3.91726E-6 2.30611E-5 3.368E-6 6.24554E-7 6.827E-8 1.77403E-8 2.54082E-8 2.29289E-8 2.21658E-8 6.87268E-8 1.30137E-6 4.9391E-6 5.03388E-6 2.62276E-6 5.56475E-7 4.56797E-7 4.60771E-7 5.91719E-7 4.35527E-8 9.93073E-10 3.57455E-10 9.09034E-10 2.78787E-9 9.40588E-9 -9999 -9999 -9999 -9999 -9999 -9999 -9999 -9999 -9999 -9999 -9999 -9999 -9999 -9999
