ENM/Final_Models/M_1_F_lqp_Set_1_EC/Gustavia_santanderiensis_Choco_stddev.asc
ncols         367
nrows         963
xllcorner     -78.6
yllcorner     0.65
cellsize      0.00833333333333323
NODATA_value  -9999
[rows 540 to 569 of 963, columns 134 to 200 of 367]
-9999 -9999 -9999 -9999 -9999 -9999 -9999 -9999 -9999 -9999 -9999 -9999 -9999 2.93888E-1 2.92044E-1 2.90581E-1 2.92215E-1 2.95575E-1 2.94654E-1 2.84507E-1 -9999 -9999 2.85827E-1 2.83639E-1 2.90508E-1 2.89348E-1 2.90112E-1 2.91588E-1 2.91248E-1 -9999 2.88525E-1 2.87498E-1 2.87553E-1 -9999 2.91774E-1 -9999 2.90054E-1 2.92116E-1 2.87565E-1 2.91418E-1 2.94145E-1 2.90382E-1 2.90178E-1 2.9057E-1 2.9397E-1 2.94981E-1 2.92439E-1 2.92207E-1 2.90239E-1 2.8678E-1 2.85565E-1 2.899E-1 2.91037E-1 2.89427E-1 2.86365E-1 2.89546E-1 2.92976E-1 2.89699E-1 2.86557E-1 2.87044E-1 2.9113E-1 2.92765E-1 2.85798E-1 2.8139E-1 2.95618E-1 3.01069E-1 2.9701E-1
-9999 -9999 -9999 -9999 -9999 -9999 -9999 -9999 -9999 -9999 -9999 -9999 2.95525E-1 2.95245E-1 2.95421E-1 2.95452E-1 2.92038E-1 2.95797E-1 2.94354E-1 2.93736E-1 2.95561E-1 2.93692E-1 2.9394E-1 2.93682E-1 2.95335E-1 2.90912E-1 2.88545E-1 2.88432E-1 2.89288E-1 2.8648E-1 -9999 2.86805E-1 2.88391E-1 2.91484E-1 2.91288E-1 2.90729E-1 2.86324E-1 2.86709E-1 2.86807E-1 2.90631E-1 2.84632E-1 2.88486E-1 2.89632E-1 2.87601E-1 2.91354E-1 2.89E-1 2.90769E-1 2.87821E-1 2.91256E-1 2.88311E-1 2.90066E-1 2.88018E-1 2.90049E-1 2.92026E-1 2.90514E-1 2.89399E-1 2.95623E-1 2.86844E-1 2.88465E-1 2.8737E-1 2.86351E-1 2.92295E-1 2.90342E-1 2.88301E-1 2.88893E-1 2.95446E-1 2.94867E-1
-9999 -9999 -9999 -9999 -9999 -9999 -9999 -9999 -9999 -9999 -9999 -9999 2.93466E-1 2.94877E-1 2.87676E-1 2.90682E-1 2.92109E-1 2.96237E-1 2.95329E-1 2.95652E-1 2.9231E-1 2.82459E-1 2.90416E-1 2.93288E-1 2.9534E-1 2.94908E-1 2.91433E-1 2.88299E-1 2.95871E-1 2.95879E-1 2.96161E-1 2.89976E-1 2.92726E-1 2.91945E-1 2.9107E-1 2.89044E-1 2.90079E-1 2.8833E-1 2.8624E-1 2.86598E-1 2.84774E-1 2.94795E-1 2.94228E-1 2.90073E-1 2.93646E-1 2.92697E-1 2.9303E-1 2.91058E-1 2.84623E-1 2.92275E-1 2.9127E-1 2.93356E-1 2.91051E-1 2.88489E-1 2.88659E-1 2.9435E-1 2.91159E-1 2.8989E-1 2.94075E-1 2.92482E-1 2.79752E-1 2.87865E-1 2.91151E-1 2.95298E-1 2.90832E-1 2.96993E-1 2.95645E-1
-9999 -9999 -9999 -9999 -9999 -9999 -9999 -9999 -9999 -9999 -9999 -9999 -9999 2.9535E-1 2.94963E-1 2.94834E-1 2.92927E-1 2.95349E-1 2.93195E-1 2.95288E-1 2.93544E-1 2.92198E-1 2.95269E-1 2.89349E-1 2.92269E-1 2.95261E-1 2.94089E-1 2.95884E-1 2.89772E-1 2.94291E-1 2.96315E-1 2.95857E-1 2.91952E-1 2.93707E-1 2.91453E-1 2.92625E-1 2.9013E-1 2.90256E-1 2.88922E-1 2.89135E-1 2.86302E-1 2.90604E-1 2.91844E-1 2.9144E-1 2.91389E-1 2.91026E-1 2.8855E-1 2.89974E-1 2.86352E-1 2.87152E-1 2.91279E-1 2.84044E-1 2.88058E-1 2.88207E-1 2.92874E-1 2.8463E-1 2.93061E-1 2.93857E-1 2.96534E-1 2.95711E-1 2.94981E-1 2.8946E-1 2.87211E-1 2.95554E-1 2.98126E-1 2.68384E-1 2.98951E-1
-9999 -9999 -9999 -9999 -9999 -9999 -9999 -9999 -9999 -9999 -9999 -9999 -9999 -9999 2.90151E-1 2.92917E-1 2.85759E-1 2.76587E-1 2.92996E-1 2.96365E-1 2.89804E-1 2.89687E-1 2.93661E-1 2.90835E-1 2.9389E-1 2.94865E-1 2.95561E-1 2.95886E-1 2.89704E-1 2.93389E-1 2.95527E-1 2.95367E-1 2.94587E-1 2.93822E-1 2.89843E-1 2.91096E-1 2.89791E-1 2.90216E-1 2.90368E-1 2.92832E-1 2.87296E-1 2.94135E-1 2.91939E-1 2.88356E-1 2.91115E-1 2.91317E-1 2.90551E-1 2.91187E-1 2.89378E-1 2.8515E-1 2.86386E-1 2.88875E-1 2.87333E-1 2.88602E-1 2.86832E-1 2.91293E-1 2.90164E-1 2.97587E-1 2.98267E-1 2.96587E-1 2.92983E-1 2.97277E-1 2.90374E-1 2.94162E-1 2.90303E-1 2.90763E-1 2.99498E-1
-9999 -9999 -9999 -9999 -9999 -9999 -9999 -9999 -9999 -9999 -9999 -9999 -9999 -9999 2.9365E-1 2.93596E-1 2.85588E-1 2.8541E-1 2.96247E-1 2.95336E-1 2.90795E-1 2.87242E-1 2.90368E-1 2.96378E-1 2.93362E-1 2.95883E-1 2.95696E-1 2.94825E-1 2.87905E-1 2.9367E-1 2.96159E-1 2.96119E-1 2.94889E-1 2.92791E-1 2.901E-1 2.94448E-1 2.88798E-1 2.86977E-1 2.88463E-1 2.92367E-1 2.87938E-1 2.9095E-1 2.94879E-1 2.90582E-1 2.93861E-1 2.95531E-1 2.97057E-1 2.96459E-1 2.88616E-1 2.90588E-1 2.88032E-1 2.91E-1 2.88438E-1 2.9134E-1 2.87876E-1 2.88684E-1 2.89436E-1 2.9645E-1 2.94425E-1 2.9636E-1 2.98082E-1 2.94845E-1 2.95141E-1 2.8811E-1 2.87758E-1 2.92849E-1 2.95063E-1
-9999 -9999 -9999 -9999 -9999 -9999 -9999 -9999 -9999 -9999 -9999 -9999 -9999 -9999 2.95079E-1 2.87398E-1 2.8575E-1 2.91727E-1 2.96175E-1 2.94971E-1 2.94708E-1 2.9442E-1 2.95517E-1 2.94394E-1 2.95714E-1 2.962E-1 2.95442E-1 -9999 2.91311E-1 2.93116E-1 2.9225E-1 2.95918E-1 2.9507E-1 2.91974E-1 2.91272E-1 2.88191E-1 2.91439E-1 2.91387E-1 2.87703E-1 2.91799E-1 2.92966E-1 2.88258E-1 2.88941E-1 2.89438E-1 2.90119E-1 2.95708E-1 2.94837E-1 2.97144E-1 2.95438E-1 2.9094E-1 2.86359E-1 2.93306E-1 2.93226E-1 2.91439E-1 2.93643E-1 2.93323E-1 2.87496E-1 2.96006E-1 2.96836E-1 2.94581E-1 2.97178E-1 2.92741E-1 2.90455E-1 2.94061E-1 2.89331E-1 2.88307E-1 2.93441E-1
-9999 -9999 -9999 -9999 -9999 -9999 -9999 -9999 -9999 -9999 -9999 -9999 -9999 -9999 2.90764E-1 2.87744E-1 2.94968E-1 2.92379E-1 2.84922E-1 2.95528E-1 2.95168E-1 2.95209E-1 2.90129E-1 2.85766E-1 2.93689E-1 2.95556E-1 2.92925E-1 2.87411E-1 2.8459E-1 2.90849E-1 2.9572E-1 2.95802E-1 2.9322E-1 2.92279E-1 2.87769E-1 2.881E-1 2.91017E-1 2.95843E-1 2.91257E-1 2.91336E-1 2.91822E-1 2.92457E-1 2.92181E-1 2.88824E-1 2.96737E-1 2.94269E-1 2.96304E-1 2.92687E-1 2.93299E-1 2.84907E-1 2.87504E-1 2.90071E-1 2.90185E-1 2.93374E-1 2.92991E-1 2.95087E-1 2.90711E-1 2.92205E-1 2.94017E-1 2.93474E-1 2.92516E-1 2.94876E-1 2.96574E-1 2.9742E-1 2.94524E-1 2.90905E-1 2.89247E-1
-9999 -9999 -9999 -9999 -9999 -9999 -9999 -9999 -9999 -9999 -9999 -9999 -9999 -9999 2.9514E-1 2.85303E-1 2.90558E-1 2.95822E-1 2.94791E-1 2.85726E-1 2.88106E-1 2.95497E-1 2.94171E-1 2.94833E-1 2.90127E-1 -9999 -9999 -9999 2.92834E-1 2.95659E-1 2.95171E-1 2.93046E-1 2.95114E-1 2.87421E-1 2.87321E-1 2.88638E-1 2.94397E-1 2.94558E-1 2.92898E-1 2.89608E-1 2.90375E-1 2.90618E-1 2.92433E-1 2.94352E-1 2.94695E-1 2.93889E-1 2.9376E-1 2.90995E-1 2.94951E-1 2.90835E-1 2.89321E-1 2.92095E-1 2.86878E-1 2.94523E-1 2.92871E-1 2.9279E-1 2.93406E-1 2.94201E-1 2.93381E-1 2.89193E-1 2.93077E-1 2.93745E-1 2.96368E-1 2.9011E-1 2.91702E-1 2.91715E-1 2.91125E-1
-9999 -9999 -9999 -9999 -9999 -9999 -9999 -9999 -9999 -9999 -9999 -9999 -9999 -9999 2.92144E-1 2.95127E-1 2.95781E-1 2.88928E-1 2.93099E-1 2.9571E-1 2.90327E-1 2.78923E-1 2.90469E-1 -9999 -9999 -9999 -9999 -9999 -9999 2.95832E-1 2.93809E-1 2.9455E-1 2.89897E-1 2.89215E-1 2.88818E-1 2.9015E-1 2.93981E-1 2.92409E-1 2.95126E-1 2.94355E-1 2.92194E-1 2.92314E-1 2.94177E-1 2.9482E-1 2.94016E-1 2.94033E-1 2.89463E-1 2.88636E-1 2.94594E-1 2.92252E-1 2.90001E-1 2.92459E-1 2.91922E-1 2.91423E-1 2.91528E-1 2.94407E-1 2.98155E-1 2.94562E-1 2.89893E-1 2.86939E-1 2.87137E-1 2.90907E-1 2.94456E-1 2.93094E-1 2.93275E-1 2.89372E-1 2.91526E-1
-9999 -9999 -9999 -9999 -9999 -9999 -9999 -9999 -9999 -9999 -9999 -9999 -9999 -9999 2.95024E-1 2.85037E-1 2.82943E-1 2.95436E-1 2.92826E-1 2.93166E-1 2.93319E-1 -9999 -9999 -9999 -9999 -9999 -9999 -9999 -9999 -9999 2.90098E-1 2.86674E-1 2.84908E-1 2.89223E-1 2.93446E-1 2.94317E-1 2.93052E-1 2.93336E-1 2.89239E-1 2.95864E-1 2.92295E-1 2.93691E-1 2.92583E-1 2.926E-1 2.89599E-1 2.91434E-1 2.94473E-1 2.94731E-1 2.93976E-1 2.92689E-1 2.93385E-1 2.91751E-1 2.95524E-1 2.9386E-1 2.90403E-1 2.91561E-1 2.96487E-1 2.93011E-1 2.92935E-1 2.91731E-1 2.90064E-1 2.87834E-1 2.90966E-1 2.89745E-1 2.97107E-1 2.93082E-1 2.93941E-1
-9999 -9999 -9999 -9999 -9999 -9999 -9999 -9999 -9999 -9999 -9999 -9999 -9999 -9999 2.95404E-1 2.83634E-1 2.83618E-1 2.83306E-1 2.92098E-1 2.95264E-1 -9999 -9999 -9999 -9999 -9999 -9999 -9999 -9999 -9999 -9999 -9999 2.85966E-1 -9999 2.94017E-1 2.92186E-1 2.9312E-1 2.9209E-1 2.91939E-1 2.94207E-1 2.9558E-1 2.93936E-1 2.93554E-1 2.90636E-1 2.94205E-1 2.91666E-1 2.92538E-1 2.96176E-1 2.95728E-1 2.96085E-1 2.93512E-1 2.93307E-1 2.95098E-1 2.91414E-1 2.91837E-1 2.92276E-1 2.92628E-1 2.88828E-1 2.92183E-1 2.92086E-1 2.90756E-1 2.88812E-1 2.8873E-1 2.91001E-1 2.91467E-1 2.93182E-1 2.94157E-1 2.92335E-1
-9999 -9999 -9999 -9999 -9999 -9999 -9999 -9999 -9999 -9999 -9999 -9999 -9999 -9999 2.82072E-1 2.6768E-1 2.70844E-1 2.7602E-1 2.85565E-1 -9999 -9999 -9999 -9999 -9999 -9999 -9999 -9999 -9999 -9999 -9999 -9999 2.90872E-1 -9999 2.95731E-1 2.92463E-1 2.89592E-1 2.96915E-1 2.91498E-1 2.96154E-1 2.94528E-1 2.93865E-1 2.9438E-1 2.94319E-1 2.95641E-1 2.92922E-1 2.94313E-1 2.96501E-1 2.94994E-1 2.97073E-1 2.92655E-1 2.95123E-1 2.92393E-1 2.91773E-1 2.95663E-1 2.93801E-1 2.92946E-1 2.90408E-1 2.9257E-1 2.94755E-1 2.94137E-1 2.92582E-1 2.94262E-1 2.88265E-1 2.89594E-1 2.92331E-1 2.89647E-1 2.87111E-1
-9999 -9999 -9999 -9999 -9999 -9999 -9999 -9999 -9999 -9999 -9999 -9999 -9999 -9999 -9999 2.83171E-1 2.88776E-1 -9999 -9999 -9999 -9999 -9999 -9999 -9999 -9999 -9999 -9999 -9999 -9999 -9999 -9999 -9999 -9999 -9999 -9999 -9999 2.95278E-1 2.95249E-1 2.93306E-1 2.94504E-1 2.94349E-1 2.94677E-1 2.94073E-1 2.94766E-1 2.91757E-1 2.90706E-1 2.93759E-1 2.96291E-1 2.94987E-1 2.92328E-1 2.94947E-1 2.92912E-1 2.90282E-1 2.90567E-1 2.97423E-1 2.92744E-1 2.88866E-1 2.95282E-1 2.94916E-1 2.92323E-1 2.92864E-1 2.93126E-1 2.9074E-1 2.86711E-1 2.86093E-1 2.89358E-1 2.90712E-1
-9999 -9999 -9999 -9999 -9999 -9999 -9999 -9999 -9999 -9999 -9999 -9999 -9999 -9999 -9999 -9999 -9999 -9999 -9999 -9999 -9999 -9999 -9999 -9999 -9999 -9999 -9999 -9999 -9999 -9999 -9999 -9999 -9999 -9999 -9999 -9999 -9999 2.93941E-1 2.89523E-1 2.94628E-1 2.92048E-1 2.93214E-1 2.91229E-1 2.95155E-1 2.92671E-1 2.93015E-1 2.90185E-1 2.92686E-1 2.89789E-1 2.87629E-1 2.90853E-1 2.93958E-1 2.98184E-1 2.96248E-1 2.91614E-1 2.96811E-1 2.9207E-1 2.89633E-1 2.97137E-1 2.92215E-1 2.90933E-1 2.91295E-1 2.95193E-1 2.92567E-1 2.89696E-1 2.90282E-1 2.94638E-1
-9999 -9999 -9999 -9999 -9999 -9999 -9999 -9999 -9999 -9999 -9999 -9999 -9999 -9999 -9999 -9999 -9999 -9999 -9999 -9999 -9999 -9999 -9999 -9999 -9999 -9999 -9999 -9999 -9999 -9999 -9999 -9999 -9999 -9999 -9999 2.87048E-1 2.97872E-1 2.91804E-1 2.94397E-1 2.96367E-1 2.93835E-1 2.94246E-1 2.91556E-1 2.89453E-1 2.95829E-1 2.92091E-1 2.93548E-1 2.90543E-1 2.93454E-1 2.93151E-1 2.93717E-1 2.90019E-1 2.95312E-1 2.96532E-1 2.98808E-1 2.97178E-1 2.93203E-1 2.94072E-1 2.95186E-1 2.94624E-1 2.94481E-1 2.94032E-1 2.92589E-1 2.89065E-1 2.88424E-1 2.90995E-1 2.90667E-1
-9999 -9999 -9999 -9999 -9999 -9999 -9999 -9999 -9999 -9999 -9999 -9999 -9999 -9999 -9999 -9999 -9999 -9999 -9999 -9999 -9999 -9999 -9999 -9999 -9999 -9999 -9999 -9999 -9999 -9999 -9999 -9999 -9999 -9999 -9999 2.94679E-1 2.90324E-1 2.97782E-1 2.93834E-1 2.91073E-1 2.93924E-1 2.89221E-1 2.91988E-1 2.93027E-1 2.9089E-1 2.91789E-1 2.94335E-1 2.96645E-1 2.9236E-1 2.93194E-1 2.92361E-1 2.92186E-1 2.94402E-1 2.95667E-1 2.95926E-1 2.9689E-1 2.93945E-1 2.9791E-1 2.94355E-1 2.8914E-1 2.93348E-1 2.95116E-1 2.93785E-1 2.8918E-1 2.88977E-1 2.92855E-1 2.91004E-1
-9999 -9999 -9999 -9999 -9999 -9999 -9999 -9999 -9999 -9999 -9999 -9999 -9999 -9999 -9999 -9999 -9999 -9999 -9999 -9999 -9999 -9999 -9999 -9999 -9999 -9999 -9999 -9999 -9999 -9999 -9999 -9999 -9999 -9999 -9999 2.95679E-1 2.92255E-1 2.96489E-1 2.94908E-1 2.94716E-1 2.89323E-1 2.90947E-1 2.93681E-1 2.9212E-1 2.90421E-1 2.93666E-1 2.93951E-1 2.94018E-1 2.93069E-1 2.93264E-1 2.93021E-1 2.94709E-1 2.94762E-1 2.94388E-1 2.96452E-1 2.94562E-1 2.9256E-1 2.87651E-1 2.84681E-1 2.91444E-1 2.91193E-1 2.91271E-1 2.91052E-1 2.95551E-1 2.86704E-1 2.90141E-1 2.90625E-1
-9999 -9999 -9999 -9999 -9999 -9999 -9999 -9999 -9999 -9999 -9999 -9999 -9999 -9999 -9999 -9999 -9999 -9999 -9999 -9999 -9999 -9999 -9999 -9999 -9999 -9999 -9999 -9999 -9999 -9999 -9999 -9999 -9999 -9999 2.93944E-1 2.93246E-1 2.94391E-1 2.96006E-1 2.95459E-1 2.93479E-1 2.9149E-1 2.90906E-1 2.85732E-1 2.92167E-1 2.94647E-1 2.94498E-1 2.92905E-1 2.91223E-1 2.91814E-1 2.93811E-1 2.92739E-1 2.95406E-1 2.94971E-1 2.96124E-1 2.92069E-1 2.93548E-1 2.94421E-1 2.9466E-1 2.91904E-1 2.94128E-1 2.91099E-1 2.9167E-1 2.91354E-1 2.8625E-1 2.85183E-1 2.88428E-1 2.89379E-1
-9999 -9999 -9999 -9999 -9999 -9999 -9999 -9999 -9999 -9999 -9999 -9999 -9999 -9999 -9999 -9999 -9999 -9999 -9999 -9999 -9999 -9999 -9999 -9999 -9999 -9999 -9999 -9999 -9999 -9999 -9999 -9999 -9999 2.95907E-1 2.97441E-1 2.96694E-1 2.97094E-1 2.94907E-1 2.95111E-1 2.96538E-1 2.93624E-1 2.93232E-1 2.90861E-1 2.92817E-1 2.91052E-1 2.93663E-1 2.92041E-1 2.94436E-1 2.95385E-1 2.93922E-1 2.92093E-1 2.96253E-1 2.97591E-1 2.93258E-1 2.94044E-1 2.93851E-1 2.95963E-1 2.92796E-1 2.8935E-1 2.89181E-1 2.91451E-1 2.9113E-1 2.89235E-1 2.88998E-1 2.86167E-1 2.84611E-1 2.83983E-1
-9999 -9999 -9999 -9999 -9999 -9999 -9999 -9999 -9999 -9999 -9999 -9999 -9999 -9999 -9999 -9999 -9999 -9999 -9999 -9999 -9999 -9999 -9999 -9999 -9999 -9999 -9999 -9999 -9999 -9999 -9999 -9999 2.95734E-1 2.9843E-1 2.95934E-1 2.93167E-1 2.90949E-1 2.95451E-1 2.96483E-1 2.95964E-1 2.96936E-1 2.93254E-1 2.94851E-1 2.93679E-1 2.91957E-1 2.94759E-1 2.94752E-1 2.9589E-1 2.95698E-1 2.9343E-1 2.93938E-1 2.9766E-1 2.99012E-1 2.9817E-1 2.96784E-1 2.94362E-1 2.9288E-1 2.91342E-1 2.90574E-1 2.90352E-1 2.88489E-1 2.88339E-1 2.9041E-1 2.89771E-1 2.88113E-1 2.88855E-1 2.88181E-1
-9999 -9999 -9999 -9999 -9999 -9999 -9999 -9999 -9999 -9999 -9999 -9999 -9999 -9999 -9999 -9999 -9999 -9999 -9999 -9999 -9999 -9999 -9999 -9999 -9999 -9999 -9999 -9999 -9999 -9999 2.96445E-1 2.78733E-1 2.90897E-1 2.94989E-1 2.96074E-1 2.95885E-1 2.95873E-1 2.95038E-1 2.96219E-1 2.95857E-1 2.96236E-1 2.97535E-1 2.95344E-1 2.93566E-1 2.93908E-1 2.9068E-1 2.91091E-1 2.95978E-1 2.96833E-1 2.98506E-1 2.95302E-1 2.94363E-1 2.95873E-1 2.98894E-1 2.96915E-1 2.92716E-1 2.95517E-1 2.90163E-1 2.92824E-1 2.92719E-1 2.89237E-1 2.88706E-1 2.92318E-1 2.89821E-1 2.84561E-1 2.88155E-1 2.934E-1
-9999 -9999 -9999 -9999 -9999 -9999 -9999 -9999 -9999 -9999 -9999 -9999 -9999 -9999 -9999 -9999 -9999 -9999 -9999 -9999 -9999 -9999 -9999 -9999 -9999 -9999 -9999 -9999 -9999 2.95211E-1 2.92944E-1 2.96539E-1 -9999 2.95212E-1 2.92991E-1 2.94737E-1 2.94688E-1 2.9547E-1 2.9256E-1 2.95846E-1 2.97503E-1 2.96925E-1 2.97082E-1 2.92226E-1 2.9077E-1 2.91717E-1 2.92958E-1 2.93834E-1 2.93474E-1 2.94881E-1 2.97426E-1 2.97146E-1 2.9768E-1 2.98908E-1 2.92553E-1 2.9298E-1 2.976E-1 2.95556E-1 2.90059E-1 2.91057E-1 2.94549E-1 2.94504E-1 2.9236E-1 2.88589E-1 2.90283E-1 2.88729E-1 2.88086E-1
-9999 -9999 -9999 -9999 -9999 -9999 -9999 -9999 -9999 -9999 -9999 -9999 -9999 -9999 -9999 -9999 -9999 -9999 -9999 -9999 -9999 -9999 -9999 -9999 2.95309E-1 2.96006E-1 2.91996E-1 -9999 -9999 -9999 2.96891E-1 -9999 -9999 2.9639E-1 2.94215E-1 2.94421E-1 2.92034E-1 2.92998E-1 2.92673E-1 2.92101E-1 2.94924E-1 2.97884E-1 2.93826E-1 2.9188E-1 2.91414E-1 2.91008E-1 2.93566E-1 2.96544E-1 2.96204E-1 2.95748E-1 2.96451E-1 2.96927E-1 3.00213E-1 2.95924E-1 2.9483E-1 2.95348E-1 2.94661E-1 2.94068E-1 2.94516E-1 2.947E-1 2.91703E-1 2.88949E-1 2.91913E-1 2.85178E-1 2.90425E-1 2.92604E-1 2.90974E-1
-9999 -9999 -9999 -9999 -9999 -9999 -9999 -9999 -9999 -9999 -9999 -9999 -9999 -9999 -9999 -9999 -9999 -9999 -9999 -9999 -9999 -9999 -9999 -9999 2.95966E-1 2.96775E-1 2.94009E-1 -9999 2.94462E-1 -9999 -9999 2.9738E-1 2.94941E-1 -9999 2.93187E-1 2.96632E-1 2.94568E-1 2.89775E-1 2.93324E-1 2.91392E-1 2.93077E-1 2.9673E-1 2.97358E-1 2.94993E-1 2.94914E-1 2.93312E-1 2.93115E-1 2.94173E-1 2.94949E-1 2.95231E-1 2.98001E-1 2.99893E-1 2.97721E-1 2.96748E-1 2.9667E-1 2.95529E-1 2.97709E-1 2.95366E-1 2.94885E-1 2.92746E-1 2.8922E-1 2.87011E-1 2.88039E-1 2.95739E-1 2.92124E-1 2.92463E-1 2.91184E-1
-9999 -9999 -9999 -9999 -9999 -9999 -9999 -9999 -9999 -9999 -9999 -9999 -9999 -9999 -9999 -9999 -9999 -9999 -9999 -9999 -9999 -9999 -9999 -9999 2.90322E-1 2.97784E-1 -9999 -9999 2.96974E-1 2.96791E-1 2.962E-1 2.97722E-1 2.93412E-1 -9999 2.94599E-1 2.92533E-1 2.94131E-1 2.94193E-1 2.93402E-1 2.92071E-1 2.93064E-1 2.93021E-1 2.94414E-1 2.95732E-1 2.92561E-1 2.96882E-1 2.93818E-1 2.95279E-1 2.94397E-1 2.92701E-1 2.9441E-1 2.9907E-1 2.97134E-1 2.99007E-1 2.98619E-1 2.99337E-1 2.97194E-1 2.95379E-1 2.9482E-1 2.92818E-1 2.88244E-1 2.88675E-1 2.90671E-1 2.9474E-1 2.90098E-1 2.8841E-1 2.89735E-1
-9999 -9999 -9999 -9999 -9999 -9999 -9999 -9999 -9999 -9999 -9999 -9999 -9999 -9999 -9999 -9999 -9999 -9999 -9999 -9999 -9999 2.84458E-1 -9999 2.45964E-1 2.95171E-1 2.96866E-1 2.9653E-1 2.97099E-1 2.9636E-1 2.93932E-1 2.96703E-1 2.96391E-1 2.96632E-1 2.95806E-1 2.94469E-1 2.93509E-1 2.94454E-1 2.92902E-1 2.9527E-1 2.95578E-1 2.96339E-1 2.94423E-1 2.90661E-1 2.95395E-1 2.91872E-1 2.94968E-1 2.97669E-1 2.97887E-1 2.9817E-1 2.99853E-1 2.98472E-1 2.97867E-1 2.97127E-1 2.98661E-1 2.95746E-1 2.97479E-1 2.97553E-1 2.93904E-1 2.93106E-1 2.94568E-1 2.96978E-1 2.94359E-1 2.93663E-1 2.92095E-1 2.87073E-1 2.92798E-1 2.9372E-1
-9999 -9999 -9999 -9999 -9999 -9999 -9999 -9999 -9999 -9999 -9999 -9999 -9999 -9999 -9999 -9999 -9999 -9999 -9999 -9999 -9999 2.42057E-1 -9999 -9999 2.97217E-1 2.94632E-1 2.97552E-1 2.97772E-1 2.98365E-1 2.96294E-1 2.97072E-1 2.97411E-1 2.95735E-1 2.93927E-1 2.91448E-1 2.92931E-1 2.913E-1 2.91994E-1 2.95193E-1 2.94679E-1 2.95617E-1 2.94965E-1 2.96652E-1 2.93448E-1 2.94442E-1 2.98158E-1 2.99437E-1 3.00321E-1 2.99808E-1 2.98809E-1 2.97929E-1 2.86679E-1 2.99709E-1 2.96136E-1 2.95666E-1 2.97524E-1 2.97443E-1 2.9632E-1 2.94082E-1 2.94083E-1 2.9396E-1 2.88887E-1 2.91231E-1 2.94113E-1 2.9042E-1 2.91989E-1 2.9591E-1
-9999 -9999 -9999 -9999 -9999 -9999 -9999 -9999 -9999 -9999 -9999 -9999 -9999 -9999 -9999 -9999 -9999 -9999 -9999 -9999 -9999 -9999 -9999 -9999 2.97251E-1 2.95714E-1 2.95897E-1 2.96758E-1 2.98326E-1 2.94838E-1 2.96449E-1 2.97541E-1 2.96877E-1 2.95258E-1 2.95018E-1 2.92904E-1 2.92938E-1 2.92955E-1 2.96274E-1 2.9399E-1 2.96192E-1 2.96198E-1 2.94175E-1 2.96262E-1 2.9731E-1 2.96986E-1 2.99331E-1 2.99815E-1 3.00242E-1 3.01408E-1 3.00908E-1 3.01306E-1 3.00664E-1 3.02671E-1 2.99427E-1 2.96709E-1 2.99621E-1 2.95438E-1 2.93206E-1 2.87974E-1 2.9308E-1 2.89971E-1 2.89517E-1 2.9276E-1 2.91093E-1 2.87978E-1 2.88342E-1
-9999 -9999 -9999 -9999 -9999 -9999 -9999 -9999 -9999 -9999 -9999 -9999 -9999 -9999 -9999 -9999 -9999 -9999 -9999 -9999 -9999 -9999 -9999 -9999 -9999 -9999 -9999 2.96894E-1 2.95613E-1 2.95308E-1 2.92565E-1 2.95863E-1 2.95584E-1 2.96804E-1 2.93308E-1 2.96271E-1 2.99118E-1 2.95737E-1 2.97539E-1 2.97902E-1 2.97673E-1 2.95368E-1 2.97093E-1 2.95276E-1 -9999 -9999 -9999 -9999 -9999 2.9994E-1 3.00846E-1 3.00604E-1 3.02861E-1 2.72693E-1 1.56957E-1 2.2052E-1 2.55264E-1 3.02915E-1 2.9382E-1 2.93574E-1 2.95859E-1 2.89746E-1 2.87422E-1 2.87151E-1 2.86906E-1 2.89053E-1 2.92896E-1
