ENM/Final_Models/M_1_F_lqp_Set_1_EC/Gustavia_santanderiensis_2_Choco.asc
ncols         367
nrows         963
xllcorner     -78.6
yllcorner     0.65
cellsize      0.00833333333333323
NODATA_value  -9999
[rows 480 to 511 of 963, columns 213 to 283 of 367]
9.99995E-1 1E0 1E0 1E0 9.99996E-1 1E0 1E0 9.99999E-1 1E0 9.99998E-1 1E0 9.99935E-1 9.99965E-1 9.997E-1 9.9945E-1 9.99952E-1 9.99877E-1 9.99616E-1 9.99977E-1 9.9999E-1 9.99995E-1 9.99909E-1 9.71391E-1 9.48283E-1 9.09373E-1 7.1659E-1 7.50344E-1 7.75853E-1 4.46869E-1 1.59685E-1 2.11867E-1 1.80378E-1 4.05286E-1 2.40681E-1 3.21915E-1 2.82397E-1 2.44633E-1 1.49883E-1 2.37932E-1 9.89293E-2 9.22737E-2 1.17234E-2 4.07761E-2 2.14749E-2 9.16755E-2 3.19893E-1 3.29784E-2 5.85966E-1 5.54618E-1 9.56596E-1 5.66591E-1 3.59967E-2 1.95998E-2 3.40085E-2 1.69476E-1 2.04941E-1 3.6425E-2 5.6349E-2 8.42956E-2 8.56696E-3 8.38103E-4 1.62627E-3 1.31733E-4 8.37063E-6 1.08544E-4 1.17492E-4 2.48368E-4 4.44031E-5 1.58864E-4 4.4441E-4 1.70713E-3
1E0 1E0 1E0 9.99995E-1 1E0 1E0 1E0 1E0 1E0 1E0 9.99977E-1 9.99974E-1 9.99937E-1 1E0 1E0 9.99994E-1 1E0 9.99499E-1 9.99986E-1 9.97577E-1 9.99996E-1 9.999E-1 9.95247E-1 9.98222E-1 9.85217E-1 7.76932E-1 5.6554E-1 7.02562E-1 2.95274E-1 6.88251E-1 1.32699E-1 2.5345E-1 5.30703E-1 5.6816E-1 5.80251E-2 3.24991E-2 1.80489E-1 2.54962E-1 5.41336E-1 7.55882E-1 2.29277E-2 7.79996E-2 1.461E-1 8.7394E-2 3.09936E-2 2.06293E-1 7.45683E-2 1.43096E-1 2.42618E-1 8.53096E-1 8.62202E-1 6.77701E-2 2.08224E-2 6.55948E-2 3.71824E-1 4.54647E-1 9.00751E-2 3.17055E-2 1.92794E-2 1.65806E-3 2.41121E-3 9.65925E-4 1.42878E-4 2.48777E-4 1.49641E-4 1.98439E-4 1.56986E-4 3.50544E-4 2.08111E-3 1.93173E-3 6.5365E-4
1E0 1E0 1E0 1E0 1E0 9.99998E-1 9.99999E-1 1E0 1E0 1E0 9.99996E-1 9.9999E-1 9.99993E-1 1E0 9.99814E-1 1E0 9.99995E-1 9.99982E-1 9.99966E-1 9.9797E-1 9.996E-1 9.99996E-1 9.48447E-1 9.93622E-1 9.98637E-1 6.31473E-1 7.42301E-1 2.6482E-1 3.51506E-1 7.04959E-1 5.62393E-1 7.47797E-1 6.48718E-1 6.15491E-1 6.61087E-1 1.48634E-1 1.18863E-1 1.40186E-1 9.70903E-1 4.70985E-1 6.8685E-1 6.14734E-1 4.82668E-1 1.13789E-1 1.95002E-1 3.85312E-1 2.13997E-1 2.80229E-1 1.71224E-1 7.63799E-1 9.74611E-1 3.42186E-1 9.98766E-2 2.71307E-1 4.13107E-1 4.11131E-1 1.99311E-1 9.59882E-2 9.05273E-2 4.15404E-3 1.25028E-3 1.10663E-3 1.11573E-4 6.17849E-5 3.56837E-5 1.24399E-4 2.29974E-4 9.98165E-4 1.23174E-4 3.85433E-4 2.45838E-3
1E0 1E0 9.99999E-1 9.99999E-1 1E0 1E0 1E0 9.99997E-1 1E0 1E0 1E0 1E0 1E0 1E0 9.76425E-1 9.99997E-1 9.99915E-1 9.99999E-1 9.99979E-1 1E0 9.99995E-1 9.99969E-1 9.99018E-1 9.80775E-1 9.72504E-1 9.75284E-1 4.9014E-1 4.22616E-1 4.39896E-1 8.876E-1 6.21232E-1 3.09933E-1 4.81832E-1 8.00606E-1 5.23494E-1 8.86204E-1 9.54304E-1 9.24162E-1 8.47337E-1 9.94434E-1 9.84938E-1 6.82223E-1 3.06129E-1 6.50071E-1 9.98934E-1 9.73768E-1 2.61724E-1 1.15836E-1 5.78121E-2 4.28063E-1 4.29492E-1 5.38796E-1 4.01725E-2 2.43664E-2 2.52582E-2 2.32129E-2 2.25792E-2 6.97754E-2 4.10596E-2 2.47417E-2 5.10916E-3 3.5297E-3 9.85934E-5 6.23562E-4 2.93457E-4 1.5571E-4 1.21337E-4 4.08836E-4 1.06609E-3 2.56862E-3 1.15204E-4
1E0 1E0 1E0 1E0 1E0 1E0 1E0 1E0 1E0 1E0 1E0 1E0 1E0 1E0 1E0 9.99999E-1 9.97521E-1 9.96036E-1 9.97547E-1 9.99859E-1 9.99869E-1 9.56017E-1 8.85478E-1 9.9981E-1 9.99163E-1 7.82361E-1 7.54972E-1 8.14439E-1 4.94577E-1 7.91206E-1 7.0157E-1 3.91049E-1 7.38753E-1 9.45553E-1 9.91403E-1 9.61977E-1 9.93373E-1 1E0 9.99999E-1 9.61379E-1 9.9658E-1 8.35864E-1 1.68695E-1 2.25581E-1 9.59277E-1 9.97917E-1 6.46896E-1 6.44502E-1 3.80869E-1 3.16937E-1 4.47315E-2 3.96357E-2 6.28701E-1 5.33015E-2 7.9146E-2 2.25609E-1 2.03913E-1 2.50087E-1 2.68998E-2 5.57034E-3 1.37237E-2 3.52915E-5 1.10182E-3 7.70612E-4 7.58599E-4 8.53274E-4 9.15135E-4 1.19947E-3 1.81606E-3 4.73565E-3 1.19472E-3
1E0 1E0 1E0 1E0 1E0 1E0 1E0 1E0 1E0 1E0 9.99999E-1 9.99958E-1 9.9998E-1 9.99959E-1 1E0 1E0 9.99744E-1 9.99761E-1 9.97541E-1 9.98991E-1 9.98562E-1 7.56231E-1 9.95062E-1 9.70736E-1 9.99617E-1 1E0 9.80839E-1 9.08475E-1 8.65875E-1 7.79335E-1 8.84521E-1 8.05902E-1 9.34151E-1 9.99101E-1 9.74733E-1 9.4054E-1 9.00293E-1 9.99995E-1 9.99117E-1 1E0 9.99999E-1 9.36206E-1 2.15273E-1 1.26697E-1 5.00297E-1 9.8981E-1 9.31504E-1 1.32506E-1 3.57221E-1 1.88019E-1 9.14093E-2 2.8873E-1 2.40146E-1 1.59589E-1 1.86662E-1 2.99811E-1 2.98952E-1 1.67013E-1 1.72422E-2 5.41131E-3 1.76309E-4 9.7927E-5 6.30452E-4 4.15809E-3 5.48753E-4 1.03225E-3 1.4274E-4 3.72756E-4 5.76319E-3 1.65317E-3 5.39789E-3
1E0 9.99998E-1 9.99999E-1 1E0 1E0 1E0 1E0 1E0 1E0 9.99999E-1 9.99766E-1 9.99953E-1 9.99987E-1 1E0 9.99984E-1 1E0 9.99995E-1 9.99992E-1 9.99604E-1 9.99948E-1 9.99999E-1 9.9968E-1 9.97143E-1 9.99852E-1 9.07689E-1 8.55144E-1 8.42646E-1 8.1215E-1 5.20809E-1 6.59658E-1 8.15512E-1 7.39791E-1 8.83026E-1 9.95406E-1 9.98541E-1 9.97748E-1 1E0 1E0 9.99688E-1 9.7607E-1 9.8584E-1 8.37106E-1 5.69724E-1 3.52377E-1 1.96911E-1 1.83208E-1 3.63962E-1 8.15887E-1 1.46271E-1 8.72379E-2 1.08146E-1 1.27756E-1 1.27069E-1 8.18374E-1 1.40708E-1 1.18137E-1 3.77042E-2 2.67599E-2 2.25458E-2 4.25055E-3 6.50479E-4 5.21985E-4 5.37436E-4 3.66702E-4 4.45638E-4 2.14077E-4 6.01896E-4 2.91889E-3 2.00683E-3 1.1557E-2 9.94683E-3
9.99951E-1 9.99985E-1 9.99988E-1 1E0 1E0 1E0 1E0 1E0 9.99948E-1 9.99638E-1 9.99621E-1 9.99913E-1 9.99994E-1 1E0 1E0 9.99995E-1 1E0 1E0 1E0 1E0 9.99851E-1 9.13971E-1 9.51482E-1 9.99208E-1 9.9775E-1 9.68605E-1 6.04218E-1 7.37821E-1 3.77715E-1 3.33317E-1 8.59781E-1 8.20297E-1 8.51379E-1 8.11329E-1 9.48516E-1 9.97546E-1 1E0 1E0 9.43044E-1 1.37882E-1 2.41125E-2 3.3328E-2 1.38984E-1 1.17119E-1 6.9197E-2 1.9642E-2 1.34798E-2 4.29254E-2 8.9441E-2 2.8763E-1 4.97624E-2 6.87731E-2 5.4113E-2 2.41328E-1 1.10619E-1 2.46172E-2 1.7318E-2 3.35205E-3 3.44933E-3 8.90775E-3 2.13782E-4 1.73723E-4 3.94662E-3 1.07669E-2 4.85855E-3 1.11801E-3 1.16776E-3 1.50053E-3 4.33227E-3 1.21515E-2 1.39534E-2
9.99996E-1 9.99998E-1 9.99999E-1 1E0 1E0 1E0 1E0 1E0 1E0 9.99999E-1 1E0 9.99994E-1 9.99996E-1 1E0 1E0 1E0 1E0 9.99999E-1 1E0 1E0 9.99987E-1 9.92259E-1 8.57311E-1 9.98678E-1 8.38516E-1 8.73373E-1 8.31926E-1 4.59384E-1 3.80776E-1 3.07996E-1 9.92183E-1 7.85734E-1 9.41318E-1 9.61121E-1 9.99348E-1 9.9425E-1 9.99996E-1 1E0 9.71483E-1 4.04062E-1 1.99166E-2 1.1889E-2 1.17955E-2 2.31818E-2 9.85226E-3 6.35823E-3 4.54766E-3 5.40589E-2 1.11521E-1 5.16934E-1 2.23807E-1 7.01007E-2 3.9279E-2 3.75242E-1 1.33336E-1 7.36396E-2 3.17696E-2 9.33619E-3 1.26944E-3 5.00753E-5 4.99912E-5 2.80514E-4 4.3209E-3 1.6228E-2 1.67391E-2 8.25854E-4 3.34752E-3 1.76137E-2 2.49728E-2 1.79626E-2 1.16391E-2
1E0 1E0 1E0 1E0 1E0 1E0 9.9999E-1 9.99932E-1 9.99998E-1 1E0 1E0 1E0 1E0 1E0 1E0 1E0 9.99997E-1 1E0 9.99999E-1 1E0 1E0 9.96652E-1 9.33236E-1 9.67173E-1 8.839E-1 8.17208E-1 6.63869E-1 8.75347E-1 4.46886E-1 3.44378E-1 7.87515E-1 8.2493E-1 9.55655E-1 9.82029E-1 9.82212E-1 9.98224E-1 9.99551E-1 9.99987E-1 9.96117E-1 9.94461E-1 9.96886E-1 2.0451E-1 1.66199E-2 6.73803E-3 2.0457E-3 1.04251E-3 4.96296E-3 8.86502E-2 3.26238E-1 4.55571E-1 5.64644E-1 4.36508E-1 1.73322E-1 4.14516E-1 7.78216E-2 2.46407E-2 3.52647E-3 1.7401E-3 3.20324E-4 5.79196E-5 1.68373E-4 5.28145E-4 3.16274E-3 2.505E-3 4.04426E-3 3.19759E-3 5.23621E-3 4.21346E-2 1.1384E-2 5.31607E-3 2.76393E-3
9.99999E-1 9.99999E-1 1E0 1E0 9.99999E-1 9.99992E-1 9.99998E-1 9.99996E-1 9.99998E-1 9.99968E-1 1E0 1E0 1E0 1E0 1E0 1E0 9.99998E-1 9.99967E-1 1E0 1E0 1E0 9.94444E-1 9.8353E-1 8.60358E-1 5.01077E-1 7.36171E-1 3.10721E-1 6.22245E-1 7.50867E-1 3.21514E-1 9.47481E-1 9.9796E-1 9.95962E-1 9.99848E-1 9.99999E-1 1E0 9.93912E-1 9.99961E-1 1E0 9.99988E-1 1E0 9.99719E-1 9.55021E-1 2.68911E-2 2.36577E-3 2.23044E-3 9.27417E-3 1.13926E-1 5.37994E-1 7.42269E-1 6.37076E-1 4.56648E-1 1.73966E-1 7.22962E-2 5.14877E-2 5.68276E-3 1.26272E-2 1.81219E-4 4.50907E-5 1.15242E-4 5.8017E-4 1.08548E-3 2.75981E-3 3.65077E-3 9.57103E-3 3.266E-3 2.39714E-2 8.9137E-3 2.42936E-3 2.19623E-3 5.45476E-3
1E0 1E0 1E0 1E0 1E0 1E0 9.99992E-1 9.99983E-1 9.97039E-1 9.99999E-1 9.99996E-1 9.99999E-1 1E0 1E0 1E0 1E0 1E0 1E0 1E0 1E0 1E0 9.99991E-1 9.32141E-1 8.87334E-1 5.75891E-1 2.94693E-1 3.57054E-1 4.31657E-1 8.42961E-1 3.15175E-1 9.52158E-1 9.9994E-1 9.98603E-1 9.68908E-1 7.79312E-1 9.95224E-1 8.93442E-1 5.0894E-1 5.04326E-1 1.54801E-1 1.64893E-1 3.74233E-1 5.10688E-1 2.98778E-1 2.59619E-2 3.66314E-2 3.84779E-2 2.36898E-1 4.92077E-1 3.23662E-1 1.1517E-1 8.74955E-2 2.55201E-2 6.72778E-3 1.14971E-2 9.33235E-3 1.26698E-4 8.73125E-5 1.43322E-4 3.42934E-4 2.38291E-3 8.12942E-4 1.09066E-2 1.47125E-2 1.13183E-2 4.10711E-2 5.62841E-2 4.08656E-3 3.39765E-3 2.00904E-4 2.1983E-3
1E0 9.98942E-1 1E0 1E0 1E0 1E0 9.99999E-1 1E0 9.95057E-1 9.9915E-1 1E0 1E0 1E0 1E0 1E0 1E0 1E0 1E0 1E0 1E0 9.99999E-1 9.55286E-1 7.20942E-1 4.91553E-1 4.73708E-1 6.26281E-1 3.11183E-1 5.30908E-1 1.40751E-1 6.65921E-1 9.98694E-1 1E0 9.99998E-1 9.99932E-1 9.98931E-1 9.99904E-1 9.99421E-1 2.37607E-1 6.79912E-2 1.83865E-2 2.34979E-3 1.78005E-3 5.10851E-3 1.16697E-2 1.85722E-3 9.293E-3 3.0699E-2 3.24202E-2 1.23473E-1 1.07189E-1 4.37782E-2 1.87354E-2 4.69092E-3 8.73405E-4 2.45246E-3 4.01374E-3 7.05418E-5 2.94331E-4 1.48973E-4 2.21485E-3 1.72158E-3 7.36454E-3 1.08808E-2 9.03404E-3 8.38929E-3 3.24468E-3 1.82356E-3 4.22993E-4 1.52281E-3 1.3604E-3 2.3315E-3
1E0 9.99871E-1 1E0 1E0 1E0 1E0 1E0 1E0 9.99882E-1 9.91031E-1 9.99996E-1 1E0 1E0 1E0 1E0 1E0 1E0 1E0 1E0 1E0 1E0 9.99527E-1 9.22881E-1 8.79321E-1 8.33922E-1 7.84161E-1 5.50482E-1 4.55526E-1 2.78464E-1 9.98605E-1 9.99996E-1 9.99985E-1 9.99996E-1 1E0 9.99855E-1 9.94603E-1 9.9927E-1 8.81384E-1 3.86754E-1 4.81919E-2 2.64391E-3 2.31819E-3 3.56403E-4 1.06347E-3 1.08555E-3 1.13214E-3 2.97623E-3 6.12844E-3 5.7521E-2 5.92465E-2 2.84111E-2 2.95625E-3 2.16209E-3 1.92545E-3 4.35873E-3 7.28967E-5 3.85971E-5 3.57457E-4 7.65775E-4 3.13352E-3 4.70243E-4 7.69412E-3 2.64524E-2 6.84894E-3 5.59856E-4 2.89683E-3 4.8765E-4 9.6278E-4 6.024E-4 2.59271E-4 2.57086E-4
1E0 1E0 1E0 1E0 1E0 1E0 1E0 9.99937E-1 1E0 9.98949E-1 9.99978E-1 1E0 1E0 1E0 1E0 1E0 1E0 1E0 9.99998E-1 1E0 1E0 1E0 9.97656E-1 9.83708E-1 7.19864E-1 8.91543E-1 4.32863E-1 3.30364E-1 6.83512E-1 9.9834E-1 1E0 9.99828E-1 9.99966E-1 9.99782E-1 7.1802E-1 7.84572E-2 4.24633E-1 9.87292E-1 6.96926E-1 6.54143E-2 2.00624E-2 5.84343E-3 3.14536E-4 5.55675E-4 9.94258E-4 1.24391E-3 1.5239E-3 1.33045E-3 2.96256E-2 1.5019E-2 4.39052E-3 5.2897E-3 2.03525E-3 1.31544E-4 5.125E-4 1.14755E-4 1.55512E-4 1.68274E-4 4.33898E-3 1.74171E-3 2.821E-4 3.99151E-3 1.00486E-1 3.92506E-3 4.76292E-4 6.51675E-4 1.55403E-3 9.06004E-4 2.95628E-4 5.75693E-4 3.63715E-4
1E0 1E0 9.99993E-1 1E0 1E0 1E0 1E0 1E0 9.99999E-1 9.98679E-1 9.99379E-1 1E0 1E0 1E0 1E0 1E0 1E0 1E0 1E0 1E0 1E0 1E0 9.99963E-1 9.81207E-1 8.49799E-1 8.72872E-1 3.77702E-1 4.08009E-1 6.98022E-1 9.99999E-1 9.99996E-1 9.99797E-1 9.63169E-1 2.17653E-1 1.83344E-2 2.5021E-2 1.36855E-1 8.4778E-1 6.09465E-2 4.41927E-2 1.06246E-2 5.91576E-3 1.05704E-3 1.37192E-3 1.25338E-3 1.85877E-3 4.46389E-3 2.86996E-3 9.11563E-3 7.99329E-4 5.15174E-4 2.54663E-4 1.66093E-5 1.32768E-4 2.10202E-3 1.2472E-3 3.20637E-3 1.83125E-3 4.80265E-4 1.69925E-3 1.58527E-4 2.63492E-2 4.58335E-2 1.09281E-3 1.0251E-3 8.7877E-4 2.02116E-4 4.55676E-4 5.33795E-4 2.66591E-4 9.37623E-4
9.99999E-1 9.99999E-1 1E0 1E0 1E0 1E0 1E0 1E0 1E0 1E0 1E0 1E0 9.99983E-1 1E0 1E0 1E0 1E0 1E0 1E0 1E0 1E0 1E0 9.99995E-1 9.27958E-1 9.74992E-1 9.29147E-1 9.42045E-1 9.94299E-1 9.95708E-1 9.99993E-1 9.99697E-1 9.90938E-1 8.03307E-1 2.99865E-1 3.6889E-2 5.1886E-2 3.23468E-1 6.15952E-1 2.53963E-1 1.27647E-1 3.46019E-2 7.77957E-3 5.16387E-3 1.07684E-2 1.19887E-2 1.51054E-2 1.69423E-2 9.49473E-3 8.24392E-4 2.00309E-4 8.88998E-6 1.17164E-4 2.69446E-4 2.94172E-4 2.88593E-3 8.20074E-4 3.49588E-3 2.30901E-3 2.87894E-3 4.55116E-3 1.47939E-3 4.17294E-2 9.5515E-3 3.92063E-3 3.50913E-3 4.19007E-4 7.73841E-4 1.46287E-4 1.68304E-3 2.13333E-3 1.084E-4
1E0 1E0 9.99999E-1 1E0 1E0 1E0 1E0 1E0 1E0 1E0 1E0 9.9949E-1 9.99956E-1 9.93781E-1 9.84656E-1 9.96949E-1 9.99988E-1 9.99992E-1 1E0 1E0 1E0 1E0 1E0 9.99206E-1 9.58594E-1 9.99638E-1 9.97547E-1 9.99038E-1 9.99832E-1 9.99997E-1 9.99879E-1 9.98911E-1 9.54443E-1 7.04698E-1 9.65761E-1 9.96433E-1 9.99999E-1 9.99529E-1 9.98826E-1 9.99848E-1 9.30774E-1 2.29151E-1 6.60314E-2 1.72044E-1 4.81408E-2 7.47278E-3 1.06199E-2 1.81608E-3 3.5267E-4 4.70953E-5 3.74224E-5 7.05256E-5 7.42991E-4 1.73831E-3 9.21771E-3 2.32317E-3 3.01639E-3 1.95981E-3 1.63553E-3 7.85975E-4 1.55612E-2 1.44825E-2 2.31817E-2 8.78212E-3 5.99876E-3 4.80091E-4 9.17548E-4 1.09583E-3 3.34951E-3 1.02544E-3 7.49566E-4
1E0 1E0 1E0 1E0 1E0 1E0 1E0 1E0 1E0 1E0 1E0 9.99924E-1 9.96529E-1 9.99999E-1 9.99995E-1 9.99714E-1 9.99998E-1 9.9998E-1 9.99978E-1 9.99996E-1 1E0 9.99952E-1 1E0 9.81067E-1 9.87635E-1 9.85391E-1 9.99844E-1 9.99945E-1 9.99989E-1 9.99972E-1 1E0 1E0 9.85256E-1 9.54231E-1 9.98815E-1 9.99773E-1 9.88374E-1 9.96523E-1 9.94799E-1 8.48045E-1 6.64994E-1 1.77635E-2 3.91425E-3 4.91073E-3 2.10122E-2 4.11794E-3 9.8197E-4 3.74555E-3 1.43066E-4 3.52187E-5 2.16415E-4 1.02651E-3 1.63844E-3 6.31761E-3 5.32576E-3 1.05583E-2 1.20911E-3 2.45399E-3 3.15337E-4 1.29735E-2 2.428E-2 2.0328E-2 4.42942E-3 1.79058E-3 1.04699E-3 6.88629E-4 1.28697E-3 2.26363E-3 1.95083E-3 1.11826E-3 9.30636E-3
1E0 1E0 1E0 1E0 1E0 1E0 1E0 1E0 1E0 1E0 1E0 1E0 1E0 9.99779E-1 9.99244E-1 9.99379E-1 9.98359E-1 9.99956E-1 9.99881E-1 1E0 1E0 9.99999E-1 9.99881E-1 9.61693E-1 9.19701E-1 9.99724E-1 9.99771E-1 9.99702E-1 9.99995E-1 9.99999E-1 1E0 1E0 9.99983E-1 9.99983E-1 9.99987E-1 9.99836E-1 9.89133E-1 7.53195E-1 7.8941E-1 7.78436E-1 4.15903E-1 1.15093E-2 9.92721E-4 4.4167E-3 8.06001E-3 2.80212E-3 5.47315E-4 3.71868E-3 4.51412E-3 1.97233E-3 1.22503E-3 1.92591E-3 4.89971E-3 1.14651E-3 8.16001E-4 1.0517E-2 4.49496E-3 4.92286E-3 6.26443E-3 6.00547E-2 6.97686E-3 3.11925E-3 3.32028E-3 1.54052E-3 4.54468E-3 3.98097E-3 3.13817E-4 2.88952E-3 1.26973E-3 5.34072E-3 8.9396E-3
1E0 1E0 1E0 1E0 1E0 1E0 1E0 1E0 1E0 1E0 1E0 1E0 9.99995E-1 1E0 1E0 9.9994E-1 9.99765E-1 9.99907E-1 9.99983E-1 9.99132E-1 9.99415E-1 1E0 9.99989E-1 7.33201E-1 8.7708E-1 9.22729E-1 9.78111E-1 9.99997E-1 9.99998E-1 9.99993E-1 9.99845E-1 1E0 9.99997E-1 9.99956E-1 9.90297E-1 3.62332E-1 9.84276E-2 1.97765E-2 1.40772E-2 1.74362E-2 9.55719E-3 8.3034E-3 8.49326E-3 9.76953E-3 1.31349E-3 4.64801E-4 7.08628E-4 4.37002E-3 9.22917E-3 3.07487E-2 3.00896E-3 1.30863E-2 1.0979E-2 3.24499E-3 1.05655E-2 4.01152E-2 5.4987E-2 2.72315E-2 1.34396E-2 1.75306E-2 2.19462E-3 6.4608E-4 3.39806E-3 1.16125E-2 1.03009E-2 2.57934E-3 1.26977E-3 6.09539E-4 5.11896E-4 1.02322E-3 2.65231E-3
1E0 1E0 1E0 1E0 1E0 1E0 1E0 1E0 1E0 1E0 9.99994E-1 9.99998E-1 1E0 9.99964E-1 1E0 9.99969E-1 9.8648E-1 9.99924E-1 1E0 9.99987E-1 9.98874E-1 1E0 9.99255E-1 8.5796E-1 5.14859E-1 9.62951E-1 9.51799E-1 9.98555E-1 9.99938E-1 9.99996E-1 9.9986E-1 9.72472E-1 8.31685E-1 8.46611E-1 3.58183E-1 7.46402E-2 2.27556E-2 4.88292E-3 4.08056E-3 1.72452E-2 4.35756E-3 1.75892E-3 1.17511E-3 4.41507E-3 4.0278E-4 1.78106E-3 6.46704E-3 7.94129E-3 1.91902E-2 3.35329E-2 2.18547E-2 2.94135E-3 8.70118E-3 4.00912E-3 7.5279E-2 5.65353E-2 2.0318E-2 4.9653E-3 1.95006E-3 1.10079E-3 1.26997E-3 9.33301E-5 4.18273E-3 4.99308E-3 5.77119E-3 3.28171E-3 3.0274E-3 8.18213E-4 1.81709E-3 1.56178E-3 2.92493E-3
1E0 1E0 1E0 1E0 1E0 1E0 1E0 1E0 1E0 1E0 9.99999E-1 9.99999E-1 1E0 9.99814E-1 9.99939E-1 9.99938E-1 1E0 9.99999E-1 1E0 1E0 9.99994E-1 9.99994E-1 1E0 7.5191E-1 5.32615E-1 9.07072E-1 9.98513E-1 9.98681E-1 9.99987E-1 9.99999E-1 9.99511E-1 9.42329E-1 4.93558E-1 1.85677E-1 3.30625E-2 2.93173E-2 1.19247E-2 3.40641E-3 2.61306E-3 8.49034E-3 2.64956E-3 3.9021E-3 1.91263E-3 1.06044E-3 1.25253E-3 1.81819E-3 5.57322E-3 1.42232E-2 4.28701E-3 5.25577E-2 1.62847E-2 3.78908E-3 2.18742E-2 1.92858E-2 2.28531E-2 3.27588E-2 2.16461E-2 5.02301E-2 2.51772E-3 4.49469E-3 4.0019E-3 5.91023E-3 3.59221E-3 3.0953E-3 1.4772E-3 1.03969E-3 4.28392E-4 1.02146E-3 2.92854E-3 1.64931E-3 -9999
1E0 1E0 1E0 9.99997E-1 1E0 1E0 1E0 1E0 1E0 1E0 1E0 9.99999E-1 1E0 1E0 1E0 1E0 1E0 9.99992E-1 9.95605E-1 9.99018E-1 9.99018E-1 9.98943E-1 9.9928E-1 8.9747E-1 9.1952E-1 9.99851E-1 1E0 1E0 9.99997E-1 9.99997E-1 9.99998E-1 9.11112E-1 9.72238E-1 6.65148E-1 8.19848E-1 1.05363E-1 1.62353E-2 2.31291E-3 3.54839E-3 4.53301E-3 7.09312E-3 6.07751E-3 1.22455E-2 1.04323E-2 3.52055E-3 4.51421E-3 1.08395E-2 2.56249E-2 6.72304E-3 6.03177E-2 2.34801E-3 2.95675E-2 7.31921E-2 2.3197E-2 3.18939E-4 9.45845E-3 1.04005E-2 1.58872E-3 1.51377E-3 1.10651E-3 1.13695E-2 2.35202E-2 6.46897E-4 2.03026E-3 9.20535E-4 2.40441E-4 4.21441E-4 9.59598E-4 3.40011E-3 -9999 -9999
1E0 1E0 1E0 1E0 1E0 9.99967E-1 9.99998E-1 9.94359E-1 1E0 9.99704E-1 1E0 9.99986E-1 1E0 1E0 9.99997E-1 9.99994E-1 9.99924E-1 1E0 1E0 1E0 9.99998E-1 9.99999E-1 9.99868E-1 9.99525E-1 1E0 1E0 1E0 1E0 9.99772E-1 9.99999E-1 9.99931E-1 9.99667E-1 9.99243E-1 8.50545E-1 8.6761E-1 2.87365E-2 6.03131E-3 6.94427E-3 5.59613E-3 1.06243E-2 1.61559E-2 1.80469E-2 7.13624E-3 4.04484E-2 3.87648E-2 7.82542E-3 1.55878E-2 1.55599E-2 4.27658E-2 2.36858E-2 3.00633E-1 1.30109E-1 7.51854E-2 1.58114E-2 2.45967E-3 4.99191E-4 7.1471E-4 4.63079E-4 3.83502E-4 5.57919E-4 7.47117E-4 2.54475E-4 2.0385E-3 2.51352E-3 2.12665E-4 7.07678E-5 2.20717E-4 3.8181E-4 -9999 -9999 -9999
1E0 1E0 1E0 1E0 1E0 9.99954E-1 1E0 1E0 1E0 1E0 1E0 1E0 1E0 1E0 9.99883E-1 9.9483E-1 9.89184E-1 9.97078E-1 9.90415E-1 9.98069E-1 9.99756E-1 9.99953E-1 9.9979E-1 9.99911E-1 9.99959E-1 9.99999E-1 1E0 1E0 1E0 9.99913E-1 9.86811E-1 9.99939E-1 9.95748E-1 6.79489E-1 1.92364E-1 2.21337E-2 5.46859E-3 6.7527E-3 5.7585E-3 5.77544E-2 1.22058E-1 3.37099E-2 2.45994E-2 4.85588E-2 5.15135E-2 5.55905E-2 1.48318E-2 2.11384E-2 1.69699E-2 2.59608E-1 2.18446E-1 3.3577E-2 3.33763E-2 1.75233E-2 9.05863E-4 3.64349E-3 1.60081E-4 1.09725E-4 2.12916E-3 1.04549E-4 2.43598E-4 2.19722E-3 6.35793E-4 4.03292E-4 3.08136E-4 1.10089E-4 1.18626E-4 -9999 -9999 -9999 -9999
9.9981E-1 9.99949E-1 1E0 1E0 9.9999E-1 9.86387E-1 1E0 1E0 1E0 1E0 1E0 9.9998E-1 1E0 1E0 1E0 1E0 9.99999E-1 1E0 9.99996E-1 9.89697E-1 9.21105E-1 9.90655E-1 9.99567E-1 9.99821E-1 9.99994E-1 9.99967E-1 1E0 1E0 1E0 1E0 9.99866E-1 9.99973E-1 9.99896E-1 8.72379E-1 5.94563E-1 1.00188E-1 1.56834E-2 4.99476E-3 5.48137E-3 1.37701E-1 2.85145E-1 2.15425E-2 1.8335E-2 2.33603E-2 6.3782E-2 1.74932E-2 6.31426E-3 2.87922E-2 1.69185E-1 2.11008E-1 1.28829E-1 2.805E-3 2.16328E-3 1.79239E-3 4.769E-2 1.32205E-2 1.40919E-3 7.21308E-5 2.82355E-5 1.40557E-4 3.0278E-4 2.22253E-4 2.07905E-4 4.28777E-4 9.90207E-5 -9999 -9999 -9999 -9999 -9999 -9999
9.9995E-1 9.99698E-1 9.99853E-1 9.99933E-1 9.97769E-1 9.92495E-1 1E0 1E0 9.9999E-1 1E0 1E0 9.99997E-1 1E0 1E0 1E0 1E0 1E0 1E0 1E0 9.9357E-1 8.37012E-1 8.71074E-1 9.40817E-1 9.99996E-1 9.99941E-1 9.99952E-1 9.99999E-1 1E0 1E0 9.99999E-1 9.99181E-1 9.94597E-1 9.09848E-1 4.0073E-1 3.18691E-1 6.10159E-2 1.2956E-2 2.36278E-2 1.56512E-2 3.72267E-1 3.85446E-1 4.05202E-2 1.80079E-2 1.11123E-2 1.30126E-2 1.52593E-2 1.14795E-1 4.46083E-3 2.58651E-1 1.17415E-1 4.38392E-3 3.77662E-3 1.7529E-3 4.89573E-3 6.16905E-3 5.50852E-4 5.90888E-4 3.83416E-5 1.64369E-5 6.19577E-5 5.31068E-4 1.90325E-4 1.30536E-4 1.37113E-4 -9999 -9999 -9999 -9999 -9999 -9999 -9999
9.99938E-1 9.98979E-1 9.9982E-1 1E0 9.99994E-1 9.99999E-1 9.99992E-1 9.99167E-1 9.99987E-1 9.99881E-1 1E0 9.99874E-1 1E0 1E0 1E0 1E0 1E0 1E0 1E0 9.99971E-1 9.89247E-1 9.98588E-1 9.76849E-1 9.9997E-1 9.99949E-1 1E0 9.99997E-1 9.99991E-1 9.99029E-1 9.99982E-1 9.54257E-1 9.87567E-1 9.2831E-1 1.54174E-1 1.25923E-1 4.19581E-2 4.76359E-2 2.46982E-1 3.12397E-1 8.69754E-1 3.46256E-1 6.66479E-2 2.42066E-2 3.22292E-2 9.57216E-3 3.28761E-2 2.1546E-2 1.50263E-1 2.40821E-1 1.79473E-1 4.65074E-3 3.79653E-3 1.42157E-2 7.24001E-3 9.13148E-4 1.79175E-5 6.23076E-6 4.51031E-6 4.28642E-5 2.54115E-4 4.02622E-4 5.03374E-4 1.65537E-4 -9999 -9999 -9999 -9999 -9999 -9999 -9999 -9999
1E0 9.94359E-1 9.96211E-1 9.98738E-1 9.99607E-1 9.90988E-1 9.99996E-1 9.94832E-1 9.99751E-1 9.99413E-1 9.99925E-1 9.97858E-1 9.93023E-1 9.99986E-1 1E0 1E0 9.99999E-1 9.999E-1 9.99995E-1 9.99989E-1 9.89402E-1 9.864E-1 9.99998E-1 9.95927E-1 9.99787E-1 1E0 1E0 9.99998E-1 9.92922E-1 9.76912E-1 7.23783E-1 6.49812E-1 8.96838E-1 7.7398E-1 3.78545E-1 1.27565E-1 4.9726E-2 2.70453E-1 5.06819E-1 4.08631E-1 1.86187E-2 1.97705E-2 3.64312E-3 5.7589E-3 7.3974E-2 8.89179E-2 7.11335E-2 3.12967E-2 1.07886E-2 1.12003E-2 1.89132E-2 5.32443E-2 5.32691E-2 1.57504E-2 2.33157E-4 1.32683E-4 1.59148E-5 7.02735E-5 2.0539E-4 8.28849E-4 4.34778E-4 5.9383E-4 -9999 -9999 -9999 -9999 -9999 -9999 -9999 -9999 -9999
1E0 1E0 1E0 9.98554E-1 9.75413E-1 9.99996E-1 9.99965E-1 9.99938E-1 9.9101E-1 9.90071E-1 9.99995E-1 9.97172E-1 9.98622E-1 9.85134E-1 9.98633E-1 9.98984E-1 9.11845E-1 9.99762E-1 9.9997E-1 8.40291E-1 9.78939E-1 9.92007E-1 9.99937E-1 9.99992E-1 9.9982E-1 9.99971E-1 9.98801E-1 9.49108E-1 4.74292E-1 1.38942E-1 2.4246E-1 6.10426E-1 9.07939E-1 8.68342E-1 5.58907E-1 3.06262E-1 3.17875E-2 4.88923E-2 1.35213E-2 3.7958E-3 4.38268E-2 2.82064E-2 8.31445E-2 3.03168E-1 2.3421E-1 6.26719E-2 2.57316E-3 1.28926E-3 5.02722E-3 6.58923E-3 2.07416E-2 3.46492E-2 4.89944E-3 1.17211E-2 3.53593E-3 9.86034E-5 5.91872E-5 4.41077E-5 3.49229E-4 1.17993E-3 5.473E-4 -9999 -9999 -9999 -9999 -9999 -9999 -9999 -9999 -9999 -9999
1E0 1E0 1E0 1E0 9.61241E-1 9.77156E-1 9.82531E-1 9.98304E-1 9.99999E-1 9.99995E-1 9.99972E-1 9.93321E-1 1E0 9.99101E-1 9.99853E-1 9.87546E-1 9.96162E-1 9.98945E-1 9.99576E-1 9.99986E-1 9.99798E-1 9.68612E-1 9.99314E-1 1E0 1E0 9.99997E-1 9.99789E-1 9.9315E-1 5.83402E-1 1.21858E-1 3.82256E-1 9.01977E-1 9.98501E-1 9.85349E-1 7.84928E-1 4.53029E-2 1.83818E-1 7.27159E-2 2.0143E-2 1.50784E-1 1.40764E-1 2.00325E-1 1.66202E-1 3.10517E-3 2.26478E-3 5.00628E-2 2.2328E-2 1.29466E-2 5.48972E-3 3.15565E-2 2.88813E-2 8.90639E-3 2.65349E-3 2.19025E-3 1.07865E-3 9.23911E-5 1.98521E-4 8.1363E-5 3.06006E-4 1.53584E-3 -9999 -9999 -9999 -9999 -9999 -9999 -9999 -9999 -9999 -9999 -9999
