ENM/Final_Models/M_1_F_lqp_Set_1_EC/Gustavia_santanderiensis_7_Choco_clamping.asc
ncols         367
nrows         963
xllcorner     -78.6
yllcorner     0.65
cellsize      0.00833333333333323
NODATA_value  -9999
[rows 496 to 526 of 963, columns 210 to 279 of 367]
3.75907E-8 4.18962E-7 8.38534E-8 6.95494E-7 1.06015E-6 8.35949E-7 5.7264E-7 2.41174E-8 9.06055E-8 1.86435E-8 1.07318E-7 1.98154E-8 3.02031E-8 3.10627E-7 1.40172E-7 1.26455E-6 2.88293E-7 6.91029E-8 1.11417E-7 9.00886E-8 1.42812E-7 1.22987E-7 8.26957E-8 1.3717E-8 1.21901E-7 3.32011E-7 3.4259E-4 1.39002E-4 3.38777E-4 5.36027E-4 5.49309E-5 2.41623E-5 1.00434E-4 7.87442E-4 2.56945E-3 1.15886E-2 0E0 0E0 0E0 0E0 1.873E-2 1.59216E-2 0E0 0E0 0E0 0E0 0E0 0E0 0E0 0E0 0E0 0E0 0E0 0E0 0E0 0E0 0E0 0E0 0E0 0E0 0E0 0E0 0E0 0E0 0E0 0E0 0E0 0E0 0E0 0E0
1.58599E-6 1.52E-6 6.76061E-7 1.82548E-7 2.48409E-7 9.63758E-7 3.48436E-7 2.01221E-7 3.32931E-7 1.45814E-7 3.62508E-8 5.98513E-7 6.52067E-8 4.14793E-7 4.83716E-6 8.79628E-7 1.80527E-5 3.11831E-5 1.53539E-5 9.96936E-7 1.86994E-6 5.12916E-7 8.97905E-8 1.64611E-7 9.19837E-8 2.84231E-7 1.03883E-5 1.79848E-4 5.1371E-5 1.53743E-4 3.28837E-5 1.25259E-5 4.9197E-6 7.27173E-5 1.75634E-4 4.09959E-3 4.89618E-2 1.14814E-2 1.49331E-3 5.51019E-5 6.49687E-4 2.15877E-3 9.49048E-4 4.47058E-3 0E0 0E0 5.11905E-3 0E0 0E0 0E0 0E0 0E0 0E0 0E0 0E0 0E0 0E0 0E0 0E0 0E0 0E0 0E0 0E0 0E0 0E0 0E0 0E0 0E0 0E0 0E0
1.57218E-6 3.3137E-6 5.48428E-7 1.33806E-7 2.23887E-7 6.17944E-7 3.29154E-7 5.96854E-7 6.98853E-8 6.24897E-8 6.56E-9 3.04366E-7 9.48947E-8 4.72687E-7 1.72394E-6 1.36549E-5 6.21116E-7 1.25918E-6 4.50476E-6 5.27851E-7 9.79727E-7 2.18663E-6 1.43809E-6 2.5151E-7 1.32474E-6 2.30055E-8 5.70191E-5 0E0 1.04539E-4 1.06168E-5 9.46712E-6 3.45172E-5 1.42148E-5 8.65061E-7 9.23387E-6 1.53529E-3 3.74843E-3 1.94516E-4 8.84028E-5 1.67599E-3 9.50885E-4 4.36158E-4 1.14578E-2 6.15095E-2 0E0 0E0 0E0 0E0 0E0 0E0 0E0 0E0 0E0 0E0 0E0 0E0 0E0 0E0 0E0 0E0 0E0 0E0 0E0 0E0 0E0 0E0 0E0 0E0 0E0 0E0
2.82351E-7 6.89863E-7 3.25217E-7 3.81019E-7 1.6616E-7 2.20113E-7 1.49847E-7 5.34077E-8 5.2948E-7 1.33418E-7 1.12906E-7 2.60688E-7 1.53951E-7 1.30198E-7 2.07918E-7 2.33867E-7 5.55308E-6 7.09356E-6 6.11578E-6 1.26944E-5 1.55931E-6 5.44653E-6 9.17064E-7 1.2144E-7 3.54581E-7 3.39736E-6 3.03147E-5 3.77176E-5 9.1634E-6 7.67519E-6 3.21254E-5 1.03465E-4 3.43296E-5 2.96098E-6 2.40527E-6 2.07387E-5 1.77163E-5 2.93719E-5 6.32688E-4 6.17151E-3 2.0427E-2 1.46733E-2 1.4117E-2 3.59385E-2 0E0 0E0 0E0 0E0 0E0 0E0 0E0 0E0 0E0 0E0 0E0 0E0 0E0 0E0 0E0 0E0 0E0 0E0 0E0 0E0 0E0 0E0 0E0 0E0 0E0 0E0
9.81497E-7 1.61722E-6 1.09541E-7 3.25217E-7 2.90419E-7 6.96295E-7 1.45255E-7 4.08405E-7 1.68306E-7 1.10471E-7 2.93485E-7 4.86681E-7 2.83759E-7 6.39233E-7 1.24249E-7 9.8562E-7 1.82177E-7 2.11323E-7 2.48562E-6 3.87343E-6 2.2843E-6 3.10111E-6 9.71091E-6 6.07829E-6 1.06445E-6 2.4366E-6 0E0 0E0 4.87486E-4 1.03331E-4 5.01694E-6 8.43571E-5 1.51454E-4 1.66326E-4 2.91838E-5 7.20111E-5 1.99867E-4 2.99156E-3 1.88524E-3 0E0 0E0 0E0 0E0 0E0 0E0 0E0 0E0 0E0 0E0 0E0 0E0 0E0 0E0 0E0 0E0 0E0 0E0 0E0 0E0 0E0 0E0 0E0 0E0 0E0 0E0 0E0 0E0 0E0 0E0 0E0
7.21556E-7 3.78033E-7 3.28209E-7 2.54014E-7 1.20671E-7 1.34179E-7 2.30927E-7 3.72534E-8 1.30717E-7 3.85126E-8 2.63994E-8 7.81889E-8 2.21607E-7 1.29231E-6 1.14967E-6 4.48576E-7 2.10278E-6 2.18706E-7 1.8398E-6 4.89997E-5 3.39273E-6 6.16754E-7 2.29668E-6 1.70393E-5 9.20336E-7 6.49683E-6 0E0 0E0 1.16006E-4 1.77282E-4 3.49588E-5 3.17051E-4 7.76064E-5 8.4613E-5 7.0318E-3 1.02909E-2 9.4151E-3 1.90768E-3 0E0 0E0 0E0 0E0 0E0 0E0 0E0 0E0 0E0 0E0 0E0 0E0 0E0 0E0 0E0 0E0 0E0 0E0 0E0 0E0 0E0 0E0 0E0 0E0 0E0 0E0 0E0 0E0 0E0 0E0 0E0 0E0
1.09484E-6 4.8369E-7 1.00365E-7 8.34671E-7 1.95429E-7 2.39182E-7 1.73312E-7 1.53253E-7 4.70669E-8 4.6986E-7 3.70363E-8 8.24033E-8 2.21842E-7 5.31479E-7 5.46293E-7 2.92679E-7 2.31461E-6 1.81138E-6 1.54635E-6 1.38145E-7 3.17821E-7 6.19331E-7 9.7542E-7 1.04701E-6 9.7101E-7 7.63351E-8 0E0 0E0 0E0 1.1937E-5 3.35639E-5 8.69422E-6 7.30708E-6 2.2145E-4 1.12254E-2 2.87722E-2 0E0 0E0 0E0 0E0 0E0 0E0 0E0 0E0 0E0 0E0 0E0 0E0 0E0 0E0 0E0 0E0 1.12529E-2 0E0 0E0 0E0 0E0 0E0 0E0 0E0 0E0 0E0 0E0 0E0 0E0 0E0 0E0 0E0 0E0 0E0
4.13301E-8 1.98962E-7 7.34588E-8 4.4502E-7 1.23915E-7 3.02536E-7 6.76181E-7 2.03599E-7 3.59707E-8 7.18206E-9 1.56939E-8 5.90352E-8 1.63561E-7 8.91573E-8 5.34098E-7 9.42282E-8 2.01931E-7 1.81433E-7 3.64273E-7 7.79175E-8 1.37622E-6 1.72804E-5 8.17647E-6 2.0741E-6 2.02717E-6 1.66661E-6 0E0 0E0 1.93341E-5 4.32334E-7 6.56471E-7 6.44288E-6 1.48064E-5 9.33653E-5 8.49235E-3 1.04112E-3 8.62161E-4 8.01242E-3 0E0 0E0 0E0 0E0 0E0 0E0 0E0 0E0 0E0 0E0 0E0 0E0 0E0 0E0 0E0 0E0 0E0 0E0 0E0 0E0 0E0 0E0 0E0 0E0 0E0 0E0 0E0 0E0 0E0 0E0 0E0 0E0
9.14066E-8 8.72579E-7 2.54014E-7 5.27755E-7 1.04713E-7 1.60417E-7 4.83038E-7 1.10545E-7 8.8536E-7 4.15379E-7 1.57733E-5 2.01209E-7 2.27155E-6 5.77792E-8 1.401E-6 1.8867E-7 2.72582E-8 3.33309E-7 4.25451E-7 8.3868E-7 5.5776E-8 4.18025E-7 1.46014E-7 2.69515E-7 2.12711E-7 3.5304E-6 1.79746E-5 2.2895E-6 2.58196E-5 6.09399E-7 6.77362E-6 1.95671E-4 7.09218E-5 4.64911E-4 1.75783E-4 2.13284E-4 4.97918E-3 7.75743E-3 0E0 0E0 0E0 0E0 0E0 0E0 0E0 0E0 0E0 0E0 0E0 0E0 0E0 0E0 0E0 0E0 0E0 0E0 0E0 0E0 0E0 0E0 0E0 0E0 0E0 0E0 0E0 0E0 0E0 0E0 0E0 0E0
1.06619E-7 2.43262E-6 5.21112E-6 2.1048E-7 1.73827E-7 2.07645E-7 1.72297E-7 1.59882E-7 1.13114E-6 3.10503E-8 1.53693E-7 1.77845E-8 2.82955E-8 4.33101E-8 7.86686E-8 8.90167E-8 1.13654E-7 1.535E-6 8.59923E-6 1.65564E-5 6.43082E-6 1.31064E-5 4.56136E-6 8.70766E-7 1.84122E-6 8.22936E-6 1.32141E-5 1.40849E-4 6.67519E-5 3.52558E-7 5.88458E-6 6.00101E-6 1.62202E-4 1.26333E-3 7.64661E-5 5.67448E-4 0E0 0E0 0E0 0E0 0E0 0E0 0E0 3.66437E-2 0E0 0E0 0E0 0E0 0E0 0E0 0E0 0E0 0E0 0E0 0E0 0E0 0E0 0E0 0E0 0E0 0E0 0E0 0E0 0E0 0E0 0E0 0E0 0E0 0E0 0E0
6.45664E-7 2.62681E-7 3.99777E-6 2.42641E-6 9.4241E-7 1.9797E-7 1.4429E-7 6.0853E-7 2.63914E-5 1.19319E-7 1.2102E-8 3.08009E-7 7.1657E-8 1.01434E-7 5.22794E-7 8.70274E-8 2.22783E-7 4.38447E-8 5.68194E-8 6.17723E-7 3.86588E-7 1.12821E-6 1.26163E-5 0E0 7.61404E-6 6.97744E-6 9.69488E-6 2.63243E-5 1.06933E-4 6.49973E-7 9.41387E-7 5.95128E-7 4.16516E-7 2.86525E-5 2.51711E-5 2.23188E-4 0E0 0E0 0E0 0E0 0E0 0E0 8.08795E-3 7.0241E-2 0E0 0E0 0E0 0E0 0E0 0E0 0E0 0E0 0E0 0E0 0E0 0E0 0E0 0E0 0E0 0E0 0E0 0E0 0E0 0E0 0E0 0E0 0E0 0E0 -9999 -9999
1.20549E-6 1.28261E-7 7.04446E-7 6.45805E-7 2.6469E-6 1.69427E-6 1.35659E-6 5.41996E-6 1.3524E-5 1.66014E-7 9.96573E-8 6.98374E-7 6.51307E-8 2.51246E-8 2.80487E-7 2.80382E-7 5.75817E-8 4.38447E-8 6.95497E-8 6.81363E-8 6.32478E-8 6.13089E-7 5.84522E-6 1.6927E-4 9.07103E-5 1.92247E-4 7.14254E-6 1.39586E-5 5.55636E-5 6.04921E-6 9.6714E-6 1.29936E-6 4.6036E-5 1.71308E-4 5.05409E-4 1.83685E-2 0E0 0E0 0E0 0E0 0E0 0E0 6.6738E-2 5.46891E-2 0E0 0E0 0E0 0E0 0E0 0E0 0E0 0E0 0E0 0E0 0E0 0E0 0E0 0E0 0E0 0E0 0E0 0E0 0E0 0E0 0E0 0E0 0E0 -9999 -9999 -9999
5.94424E-7 3.99571E-7 6.89834E-8 1.13356E-6 4.17911E-6 1.42629E-6 1.72783E-7 5.79311E-7 1.63337E-7 7.00617E-7 3.00143E-6 6.52722E-7 1.80345E-6 1.42333E-7 1.84929E-6 3.59588E-7 9.6489E-8 2.0936E-8 5.64715E-8 1.02324E-7 8.84113E-8 4.70837E-7 2.58605E-6 8.37159E-6 1.33674E-5 1.25452E-4 4.95022E-6 4.95361E-6 3.76487E-6 1.32146E-5 2.82231E-5 6.72596E-4 2.19286E-4 4.10476E-3 1.5562E-3 2.16918E-2 0E0 0E0 0E0 0E0 0E0 1.88126E-2 1.46712E-2 0E0 0E0 0E0 0E0 0E0 0E0 0E0 0E0 0E0 0E0 0E0 0E0 0E0 0E0 0E0 0E0 0E0 0E0 0E0 0E0 0E0 0E0 0E0 -9999 -9999 -9999 -9999
2.67506E-6 1.51363E-6 1.29653E-7 1.30799E-7 1.4744E-5 1.02185E-5 5.52224E-6 2.00342E-6 2.29044E-5 2.50747E-7 1.22867E-5 3.03223E-6 6.98837E-6 3.31654E-6 8.56881E-6 2.03671E-5 1.12234E-6 1.47449E-7 4.01695E-7 9.299E-7 3.32729E-6 7.11428E-7 2.02783E-6 4.30984E-5 5.41453E-5 1.28111E-6 5.36484E-5 9.30813E-6 3.20406E-6 2.14004E-5 7.10911E-5 3.68604E-3 5.23487E-3 3.34552E-2 3.85701E-2 2.628E-2 4.19917E-2 6.86208E-2 0E0 0E0 7.12929E-2 0E0 0E0 0E0 0E0 0E0 0E0 0E0 0E0 0E0 0E0 0E0 0E0 0E0 0E0 0E0 0E0 0E0 0E0 0E0 0E0 0E0 0E0 0E0 0E0 -9999 -9999 -9999 -9999 -9999
1.44067E-5 4.02568E-7 2.25865E-7 1.38409E-8 5.73584E-8 4.85106E-8 0E0 6.13096E-5 5.13403E-7 1.141E-6 1.75184E-6 3.22728E-5 3.60021E-5 3.43804E-7 1.11126E-5 7.4494E-6 3.8202E-5 3.21394E-6 2.2492E-6 2.90293E-4 4.5435E-6 1.41573E-6 2.37998E-4 9.21847E-5 4.14862E-5 1.87914E-6 2.99687E-6 2.26688E-5 2.61162E-5 2.03591E-4 9.41379E-3 1.25054E-2 4.21671E-2 0E0 4.33271E-2 8.47705E-3 6.4826E-3 3.40974E-2 2.6145E-2 0E0 0E0 0E0 0E0 0E0 0E0 0E0 0E0 0E0 0E0 0E0 0E0 0E0 0E0 0E0 0E0 0E0 0E0 0E0 0E0 0E0 0E0 0E0 0E0 0E0 -9999 -9999 -9999 -9999 -9999 -9999
8.20054E-6 9.72956E-6 4.40425E-7 4.39351E-8 2.6136E-7 1.85544E-8 6.21679E-8 0E0 3.71815E-5 0E0 0E0 5.15482E-7 9.64315E-7 7.46014E-7 1.9226E-5 1.04034E-7 5.68131E-6 1.2368E-6 2.89926E-5 1.18789E-5 3.62586E-6 2.73984E-6 1.19756E-6 6.30153E-6 1.13001E-4 5.11351E-6 1.00121E-6 2.75547E-6 4.76532E-6 1.19976E-4 3.83991E-3 0E0 4.44229E-2 6.68974E-2 1.30923E-2 4.53185E-4 9.98878E-4 6.54345E-3 0E0 0E0 0E0 0E0 0E0 0E0 0E0 0E0 0E0 0E0 0E0 0E0 0E0 0E0 0E0 0E0 0E0 0E0 0E0 0E0 0E0 0E0 0E0 0E0 0E0 -9999 -9999 -9999 -9999 -9999 -9999 -9999
1.48718E-6 5.74086E-7 6.80028E-6 1.61498E-5 9.79954E-7 1.13367E-7 1.38054E-7 2.38653E-6 1.80077E-5 7.81606E-6 2.69137E-6 2.0894E-6 2.27436E-7 5.37422E-6 4.16812E-6 9.33697E-8 8.40691E-8 8.54632E-6 4.73649E-5 5.30889E-7 1.40209E-6 7.16865E-7 2.07871E-6 1.98895E-6 2.90714E-4 2.96221E-4 3.53537E-5 1.88156E-5 1.20795E-4 2.40708E-3 4.42539E-2 6.58779E-2 1.29614E-2 5.10508E-2 9.81741E-3 1.62584E-5 2.06303E-3 2.27971E-2 0E0 0E0 0E0 0E0 0E0 0E0 0E0 0E0 0E0 0E0 0E0 0E0 1.71942E-3 0E0 0E0 0E0 0E0 0E0 0E0 0E0 0E0 0E0 0E0 0E0 0E0 -9999 -9999 -9999 -9999 -9999 -9999 -9999
1.22373E-6 3.03373E-6 2.82018E-6 4.55548E-6 2.52152E-6 7.27526E-7 1.55873E-7 1.95326E-5 4.30654E-7 1.44426E-7 1.2431E-7 1.39362E-7 3.8863E-8 9.18125E-7 1.2494E-6 1.59975E-7 2.01038E-7 6.11944E-5 0E0 1.43958E-5 6.85534E-5 4.12262E-6 3.20417E-5 2.55101E-6 5.51733E-5 9.59597E-5 3.28364E-5 8.41709E-7 4.04452E-5 1.55379E-3 3.20252E-2 2.71326E-2 2.42778E-2 1.75587E-2 4.28974E-4 0E0 0E0 0E0 0E0 0E0 0E0 0E0 0E0 0E0 0E0 0E0 0E0 0E0 0E0 0E0 0E0 0E0 0E0 0E0 0E0 0E0 0E0 0E0 0E0 0E0 0E0 0E0 0E0 -9999 -9999 -9999 -9999 -9999 -9999 -9999
1.04718E-6 3.31868E-7 1.41632E-6 2.71909E-6 3.13635E-6 1.65327E-7 4.6808E-7 1.09245E-7 3.60438E-7 3.21896E-7 2.22701E-6 4.29113E-7 3.76409E-7 4.50685E-7 9.95356E-7 1.92209E-7 9.2927E-8 1.30458E-6 4.56584E-7 5.56008E-7 1.39098E-5 3.50015E-5 1.82343E-6 4.62491E-6 3.4899E-4 1.5893E-4 2.42799E-6 1.42709E-5 1.5131E-6 5.39874E-4 3.13394E-2 1.3753E-2 1.3508E-2 0E0 0E0 0E0 0E0 0E0 0E0 0E0 0E0 0E0 0E0 0E0 0E0 0E0 0E0 0E0 0E0 0E0 0E0 0E0 0E0 0E0 0E0 0E0 0E0 0E0 0E0 0E0 0E0 0E0 0E0 -9999 -9999 -9999 -9999 -9999 -9999 -9999
1.85316E-6 1.06703E-5 1.58838E-6 3.57839E-6 1.35956E-6 1.53688E-6 4.71034E-7 5.74344E-7 2.75881E-6 2.49331E-7 4.85177E-6 2.00757E-7 4.57584E-7 1.31585E-7 1.14629E-7 6.12051E-8 1.11362E-6 1.33889E-7 1.42211E-7 2.16605E-7 1.88101E-7 4.72198E-5 1.02065E-5 1.67834E-6 5.52021E-5 1.14844E-4 1.97E-5 4.03523E-7 6.27301E-6 7.6019E-4 1.98345E-3 0E0 0E0 1.15819E-1 0E0 0E0 0E0 0E0 0E0 0E0 0E0 1.44756E-2 0E0 0E0 1.94436E-3 1.44982E-2 0E0 0E0 0E0 0E0 0E0 0E0 0E0 0E0 0E0 0E0 0E0 0E0 0E0 0E0 0E0 0E0 0E0 -9999 -9999 -9999 -9999 -9999 -9999 -9999
3.10053E-6 1.06466E-5 2.91993E-6 4.84617E-6 9.71205E-7 1.06495E-6 7.01356E-7 6.79192E-7 6.55648E-8 1.9601E-6 1.1237E-6 4.85035E-8 2.53362E-7 1.50967E-7 2.83534E-8 3.98569E-6 5.46805E-7 1.72066E-6 1.88841E-7 7.36869E-7 1.16159E-6 1.5004E-6 2.29608E-5 1.30006E-5 5.45895E-5 1.10915E-4 3.11014E-5 2.27875E-6 1.98063E-6 8.10932E-5 0E0 0E0 0E0 0E0 0E0 0E0 0E0 0E0 0E0 0E0 0E0 1.50897E-2 0E0 0E0 0E0 0E0 0E0 0E0 0E0 0E0 0E0 0E0 0E0 0E0 0E0 0E0 0E0 0E0 0E0 0E0 0E0 0E0 0E0 -9999 -9999 -9999 -9999 -9999 -9999 -9999
1.87144E-5 1.23958E-5 3.9354E-6 1.22718E-6 9.43598E-7 4.84815E-5 8.60995E-6 1.25016E-6 1.31461E-6 4.8368E-6 4.39884E-7 1.193E-7 2.11577E-7 3.93013E-7 4.05943E-8 2.53005E-5 8.52019E-6 2.03044E-6 2.73535E-7 1.80383E-7 9.14811E-7 1.13684E-6 3.16085E-6 8.37286E-6 5.35196E-6 2.37899E-5 8.92713E-5 1.08097E-5 5.99556E-7 1.87368E-6 1.81208E-5 1.18192E-4 4.98501E-4 5.0084E-3 2.15787E-2 5.86453E-2 4.76712E-3 2.68227E-2 5.42276E-3 1.67173E-3 8.9841E-3 0E0 0E0 0E0 0E0 0E0 0E0 0E0 0E0 0E0 0E0 0E0 0E0 0E0 0E0 0E0 0E0 0E0 0E0 0E0 0E0 0E0 0E0 -9999 -9999 -9999 -9999 -9999 -9999 -9999
5.55273E-5 2.80963E-5 1.22664E-6 9.53927E-6 9.12329E-6 1.05062E-5 6.2951E-6 1.74626E-5 1.1549E-5 8.98862E-7 1.6446E-7 2.88779E-6 8.51596E-7 1.67458E-6 5.83102E-7 2.96275E-6 2.46226E-7 3.14316E-6 6.27468E-6 5.87869E-6 6.47538E-6 8.05666E-7 1.62098E-6 8.23404E-7 2.14717E-6 1.09651E-5 4.48761E-5 7.25433E-5 1.34424E-6 1.28608E-5 2.00146E-4 3.36993E-3 1.50529E-2 0E0 3.27154E-2 0E0 0E0 1.11185E-2 5.22822E-2 3.08114E-2 1.40634E-2 0E0 0E0 0E0 0E0 0E0 0E0 0E0 0E0 0E0 0E0 0E0 0E0 0E0 0E0 0E0 0E0 0E0 0E0 0E0 0E0 0E0 0E0 0E0 -9999 -9999 -9999 -9999 -9999 -9999
2.80458E-5 3.9957E-6 2.75691E-5 1.79287E-6 7.74918E-7 1.82958E-4 2.15793E-4 6.73292E-5 2.84303E-5 1.18739E-5 1.04777E-6 8.90699E-6 8.09498E-6 1.29742E-6 1.01407E-6 7.57397E-7 1.96353E-7 3.77281E-6 3.9896E-5 5.27673E-5 1.30752E-5 8.1965E-7 2.4481E-6 3.60875E-5 7.78074E-5 8.25761E-6 3.63551E-6 3.7939E-5 5.25324E-5 1.86732E-5 3.26339E-5 5.26395E-3 3.84822E-2 0E0 0E0 0E0 0E0 0E0 0E0 0E0 3.20681E-2 1.44668E-2 0E0 0E0 0E0 0E0 0E0 0E0 0E0 0E0 0E0 0E0 0E0 0E0 0E0 0E0 0E0 0E0 0E0 0E0 0E0 0E0 0E0 0E0 -9999 -9999 -9999 -9999 -9999 -9999
3.4771E-4 6.12619E-5 1.60242E-5 3.8304E-6 6.04708E-6 4.90991E-4 3.18371E-4 4.82569E-5 4.26515E-7 2.63497E-6 1.70423E-6 8.25312E-7 3.0808E-6 3.94011E-7 2.01926E-7 2.95522E-7 7.33989E-7 6.71616E-7 9.19712E-7 8.49845E-7 0E0 1.40169E-5 2.11699E-5 1.84878E-6 1.80716E-6 3.95759E-6 1.1555E-5 4.37735E-5 1.14737E-4 3.20184E-4 9.3811E-4 1.60586E-2 0E0 0E0 0E0 0E0 0E0 0E0 0E0 0E0 4.57176E-2 9.89193E-3 2.8768E-2 0E0 0E0 0E0 0E0 0E0 0E0 0E0 0E0 0E0 0E0 0E0 0E0 0E0 0E0 0E0 0E0 0E0 0E0 0E0 0E0 0E0 0E0 -9999 -9999 -9999 -9999 -9999
1.28481E-3 3.39336E-3 6.86554E-5 2.07074E-5 1.46587E-5 9.40406E-6 6.08442E-6 1.37422E-4 3.06254E-6 2.59025E-7 7.37307E-8 2.22426E-7 2.22533E-6 5.89307E-6 1.48775E-6 1.33203E-7 1.75614E-7 2.68341E-6 4.83036E-7 2.77582E-6 2.53808E-6 1.59236E-5 1.70342E-5 1.6824E-5 4.41252E-5 4.75758E-5 0E0 1.89292E-5 1.70091E-5 1.67408E-4 5.45426E-4 1.37091E-2 8.80919E-3 0E0 0E0 0E0 0E0 0E0 0E0 0E0 3.54224E-2 1.11637E-2 0E0 0E0 0E0 0E0 0E0 0E0 0E0 0E0 0E0 0E0 0E0 0E0 0E0 0E0 0E0 0E0 0E0 0E0 0E0 0E0 0E0 0E0 0E0 -9999 -9999 -9999 -9999 -9999
3.16224E-6 9.03683E-3 5.25353E-4 2.98166E-5 5.32761E-6 4.41225E-6 3.91653E-6 1.33066E-5 3.63762E-6 3.13682E-7 4.35469E-7 6.31839E-7 9.76154E-7 9.9652E-6 1.8575E-6 1.92749E-7 3.61173E-7 4.6989E-8 1.01265E-6 3.00033E-6 1.37562E-5 0E0 1.04118E-4 1.58149E-5 0E0 0E0 0E0 2.55387E-5 7.04524E-5 3.83777E-5 5.40162E-5 7.506E-4 2.59549E-2 2.89848E-2 5.7882E-2 0E0 0E0 0E0 0E0 0E0 0E0 0E0 3.76802E-2 0E0 0E0 0E0 0E0 0E0 0E0 0E0 0E0 0E0 0E0 0E0 0E0 0E0 0E0 0E0 0E0 0E0 0E0 0E0 0E0 0E0 0E0 -9999 -9999 -9999 -9999 -9999
2.04023E-4 1.92714E-4 5.07752E-4 9.82008E-5 1.32483E-5 1.17259E-5 3.37068E-5 1.15099E-5 8.51259E-6 8.59513E-6 6.45175E-6 1.51068E-5 2.53016E-5 3.35451E-6 6.20144E-6 1.37198E-5 8.73657E-8 1.39468E-6 3.25558E-7 3.78082E-6 7.86564E-6 1.27802E-4 0E0 1.10246E-4 3.47113E-5 6.57851E-5 1.08334E-3 7.12908E-5 3.31724E-4 1.559E-4 1.80021E-4 1.0801E-3 2.62521E-2 2.47299E-3 3.84441E-2 5.92949E-2 6.06714E-2 0E0 0E0 0E0 0E0 0E0 0E0 0E0 0E0 0E0 0E0 0E0 0E0 0E0 0E0 0E0 0E0 0E0 0E0 0E0 0E0 0E0 0E0 0E0 0E0 0E0 0E0 0E0 0E0 -9999 -9999 -9999 -9999 -9999
3.57907E-4 1.89072E-4 2.59133E-4 6.08676E-5 7.01555E-5 3.18171E-6 1.1596E-6 5.4111E-6 6.72296E-6 1.8675E-5 6.80284E-5 4.20331E-6 3.49661E-6 2.16843E-6 1.94744E-6 4.30909E-6 1.01543E-6 1.48511E-5 3.97329E-6 6.0994E-6 0E0 8.80593E-4 2.69266E-3 2.4801E-4 1.53828E-4 2.49744E-4 2.4835E-4 5.08219E-5 3.09034E-4 7.56002E-4 1.16956E-3 3.69325E-3 2.94711E-3 1.45533E-3 4.31712E-2 2.66352E-2 2.74397E-2 0E0 0E0 0E0 0E0 0E0 0E0 0E0 0E0 0E0 0E0 0E0 0E0 0E0 0E0 0E0 0E0 0E0 0E0 0E0 0E0 0E0 0E0 0E0 0E0 0E0 0E0 0E0 0E0 0E0 -9999 -9999 -9999 -9999
1.92691E-4 3.85261E-4 8.85028E-4 6.38511E-6 1.47436E-5 1.67319E-5 1.51308E-6 5.77775E-6 7.02363E-6 8.01862E-6 6.39886E-5 8.69497E-6 4.05672E-6 3.752E-6 1.1017E-5 9.23063E-6 8.89054E-6 4.81925E-6 5.76155E-6 2.06853E-5 4.04638E-5 2.63601E-4 3.29084E-5 8.50818E-5 2.08426E-5 1.1903E-5 1.48731E-5 6.31861E-6 1.10635E-4 1.81544E-5 1.34722E-4 2.25988E-4 4.65742E-3 1.52809E-3 2.59228E-2 8.22996E-2 0E0 0E0 0E0 0E0 0E0 0E0 0E0 0E0 0E0 0E0 0E0 0E0 0E0 0E0 0E0 0E0 0E0 0E0 0E0 0E0 0E0 0E0 0E0 0E0 0E0 0E0 0E0 0E0 0E0 0E0 -9999 -9999 -9999 -9999
1.34821E-3 7.30135E-4 2.57594E-4 9.55392E-6 3.5834E-5 3.9557E-5 4.55597E-5 4.34285E-5 1.14399E-4 2.26866E-4 1.17494E-4 3.40202E-5 7.4343E-6 1.9421E-6 1.44207E-6 1.56571E-5 1.46852E-5 6.2232E-6 2.39547E-5 4.53588E-5 8.21349E-6 1.87309E-6 1.02077E-5 1.63755E-5 0E0 7.098E-6 3.10451E-5 9.2731E-5 8.33937E-4 3.35379E-4 2.59636E-5 4.43207E-3 2.21099E-2 5.00269E-3 6.86857E-3 2.49702E-2 0E0 0E0 0E0 0E0 0E0 0E0 0E0 0E0 0E0 0E0 0E0 0E0 0E0 0E0 0E0 0E0 0E0 0E0 0E0 0E0 0E0 0E0 0E0 0E0 0E0 0E0 0E0 0E0 0E0 0E0 -9999 -9999 -9999 -9999
