ENM/Final_Models/M_1_F_lqp_Set_1_EC/Gustavia_santanderiensis_3_Choco.asc
ncols         367
nrows         963
xllcorner     -78.6
yllcorner     0.65
cellsize      0.00833333333333323
NODATA_value  -9999
[rows 330 to 359 of 963, columns 134 to 200 of 367]
-9999 -9999 -9999 -9999 -9999 -9999 -9999 -9999 -9999 -9999 -9999 -9999 -9999 -9999 -9999 -9999 -9999 -9999 -9999 -9999 -9999 9.61279E-2 1.77132E-1 1.61293E-2 1.47112E-2 1.74604E-2 7.79013E-2 2.09658E-2 2.42895E-2 4.85429E-2 6.53858E-3 5.37977E-3 2.5048E-2 1.51497E-1 1.42403E-1 8.44726E-2 7.60769E-2 7.63626E-2 3.89745E-2 3.76671E-2 3.82479E-2 3.97241E-2 1.79523E-2 1.87896E-2 1.13793E-2 1.46178E-2 9.63763E-3 9.52843E-3 3.86746E-2 8.83385E-2 3.05667E-2 1.73073E-2 1.55686E-2 5.82397E-3 1.57949E-2 4.53262E-2 4.09483E-2 4.23095E-2 3.94333E-2 5.97305E-2 9.75315E-2 1.19915E-1 1.12015E-1 1.12801E-1 1.63336E-1 1.63286E-1 1.19983E-1
-9999 -9999 -9999 -9999 -9999 -9999 -9999 -9999 -9999 -9999 -9999 -9999 -9999 -9999 -9999 -9999 -9999 -9999 -9999 -9999 -9999 7.10721E-2 1.63384E-1 1.96375E-1 9.82048E-3 1.47205E-2 3.60908E-2 3.82007E-2 3.90645E-2 1.95895E-2 2.84231E-3 3.48009E-3 2.92233E-2 6.7377E-2 6.60547E-2 7.9505E-2 5.89506E-2 9.82516E-2 4.34892E-2 2.01938E-2 1.87387E-2 9.7977E-3 1.40491E-2 1.26498E-2 1.962E-2 3.82011E-2 3.21825E-2 2.15097E-2 3.24953E-2 8.85761E-2 2.12329E-2 2.10016E-2 1.59285E-2 1.25653E-2 1.93184E-2 2.10296E-2 2.54082E-2 1.0228E-2 2.66478E-2 1.97889E-2 3.67457E-2 1.1515E-1 1.09137E-1 1.09474E-1 1.61599E-1 1.53999E-1 1.26377E-1
-9999 -9999 -9999 -9999 -9999 -9999 -9999 -9999 -9999 -9999 -9999 -9999 -9999 -9999 -9999 -9999 -9999 -9999 -9999 -9999 -9999 1.63382E-1 3.4661E-1 1.32531E-1 1.25887E-2 2.51471E-2 2.57289E-2 1.9882E-2 1.86523E-2 1.76287E-2 6.69575E-3 1.76577E-3 4.60051E-3 7.52494E-2 7.89553E-2 6.4243E-2 6.24821E-2 1.72695E-1 1.26818E-1 1.94073E-2 1.40854E-2 1.0399E-2 3.36764E-2 1.28524E-2 2.62622E-2 6.30816E-2 6.21425E-2 4.98326E-2 4.54078E-2 2.79952E-2 3.01965E-2 5.95863E-2 7.92862E-2 5.8413E-2 5.85247E-3 7.00503E-3 4.43916E-3 1.68944E-2 3.60706E-2 2.15942E-2 6.33744E-2 1.2533E-1 9.34955E-2 1.2622E-1 1.65364E-1 1.33544E-1 1.42335E-1
-9999 -9999 -9999 -9999 -9999 -9999 -9999 -9999 -9999 -9999 -9999 -9999 -9999 -9999 -9999 -9999 -9999 -9999 -9999 -9999 -9999 1.3017E-1 1.77929E-1 3.54578E-2 3.67644E-2 6.99004E-2 1.38041E-2 2.1657E-2 2.42693E-2 3.65724E-2 2.45766E-2 5.92563E-2 6.57661E-2 8.28335E-2 7.28247E-2 6.05893E-2 8.78971E-2 1.39844E-1 2.4899E-1 3.77319E-2 1.27074E-2 2.05992E-2 3.23839E-2 1.18796E-2 1.56621E-2 4.6141E-2 6.5034E-2 4.52837E-2 5.29529E-2 2.0048E-2 9.5019E-3 1.2377E-1 1.36899E-1 9.76565E-2 5.22906E-2 2.9184E-2 8.47668E-3 2.54262E-2 8.07794E-2 3.4733E-2 3.64632E-2 7.06821E-2 8.68035E-2 9.29806E-2 1.23475E-1 1.20057E-1 1.4259E-1
-9999 -9999 -9999 -9999 -9999 -9999 -9999 -9999 -9999 -9999 -9999 -9999 -9999 -9999 -9999 -9999 -9999 -9999 -9999 -9999 -9999 -9999 1.68455E-1 4.80374E-1 9.28587E-3 1.68593E-2 1.00162E-2 1.4876E-2 1.17259E-2 1.81786E-2 2.24505E-2 9.96395E-2 6.63902E-2 7.093E-2 7.26262E-2 8.15792E-2 1.43092E-1 1.1911E-1 4.25165E-2 3.67596E-2 6.94577E-2 3.05239E-2 1.75436E-2 6.07406E-2 3.69224E-2 4.07697E-2 4.72157E-2 2.3376E-2 3.00698E-2 9.68365E-3 1.04026E-2 8.82904E-2 2.91302E-2 2.03776E-2 8.04447E-3 1.37388E-2 3.25762E-2 6.6676E-2 9.70896E-2 7.04326E-2 7.68746E-2 7.24058E-2 1.01256E-1 1.73979E-1 1.79682E-1 1.76714E-1 1.71771E-1
-9999 -9999 -9999 -9999 -9999 -9999 -9999 -9999 -9999 -9999 -9999 -9999 -9999 -9999 -9999 -9999 -9999 -9999 -9999 -9999 -9999 -9999 1.80866E-1 5.67903E-1 4.50918E-2 2.06672E-2 3.27595E-2 9.32788E-2 1.51157E-2 1.89719E-2 6.72392E-2 1.58063E-1 8.62484E-2 7.98933E-2 5.53461E-2 6.61841E-2 5.63707E-2 1.3864E-1 1.14225E-1 3.53751E-2 1.76839E-1 1.62166E-1 1.08545E-1 1.63526E-1 1.95383E-2 4.07715E-2 2.11867E-2 1.52749E-2 1.44529E-2 8.30237E-3 7.89795E-3 2.80998E-2 1.60793E-2 4.10076E-2 2.15182E-2 2.22391E-2 5.08308E-2 8.87139E-2 1.24711E-1 3.39832E-2 4.67068E-2 1.10137E-1 1.54239E-1 1.7315E-1 1.59176E-1 1.8357E-1 1.80445E-1
-9999 -9999 -9999 -9999 -9999 -9999 -9999 -9999 -9999 -9999 -9999 -9999 -9999 -9999 -9999 -9999 -9999 -9999 -9999 -9999 -9999 -9999 1.92792E-1 3.68528E-1 5.39535E-2 1.3497E-2 4.43827E-2 1.53264E-1 2.61618E-2 2.15714E-2 6.1953E-2 1.66114E-1 8.05861E-2 7.43993E-2 9.54778E-2 9.23721E-2 4.37635E-2 7.457E-2 1.336E-1 1.07165E-1 4.2892E-2 3.61028E-2 1.28746E-1 8.14922E-2 1.86077E-2 1.70005E-2 1.01853E-2 5.64091E-2 3.82878E-2 8.76349E-3 8.42104E-3 3.64436E-2 1.97971E-2 6.49575E-2 3.40365E-2 1.01306E-2 8.27869E-3 1.69994E-2 9.34907E-2 9.84025E-2 4.64456E-2 1.11625E-1 9.35204E-2 1.2065E-1 1.48017E-1 1.73917E-1 1.75706E-1
-9999 -9999 -9999 -9999 -9999 -9999 -9999 -9999 -9999 -9999 -9999 -9999 -9999 -9999 -9999 -9999 -9999 -9999 -9999 -9999 -9999 -9999 -9999 2.93163E-1 2.00896E-1 -9999 -9999 -9999 -9999 6.15389E-2 5.55267E-2 1.43044E-1 9.07712E-2 6.93112E-2 9.21403E-2 1.07554E-1 1.0755E-1 1.00477E-1 7.30686E-2 1.14152E-1 1.88561E-1 1.47653E-1 1.11556E-1 3.96812E-2 2.07054E-2 2.28605E-2 9.16044E-3 1.1764E-2 9.94445E-3 1.39083E-2 1.42537E-2 4.1607E-2 1.05834E-2 3.9638E-2 2.55097E-2 1.61104E-2 5.26241E-3 4.73555E-3 4.97482E-2 1.32843E-1 8.82897E-2 1.38059E-1 1.04122E-1 1.06347E-1 1.15254E-1 1.37695E-1 1.72208E-1
-9999 -9999 -9999 -9999 -9999 -9999 -9999 -9999 -9999 -9999 -9999 -9999 -9999 -9999 -9999 -9999 -9999 -9999 -9999 -9999 -9999 -9999 -9999 4.55014E-2 -9999 -9999 -9999 -9999 -9999 -9999 2.78037E-1 2.87029E-2 1.0532E-1 1.26714E-1 1.20906E-1 8.70913E-2 1.2956E-1 1.19673E-1 8.07509E-2 8.9709E-2 1.3994E-1 9.88465E-2 9.1744E-2 5.09164E-2 1.49009E-2 1.29945E-2 1.64383E-2 5.66234E-2 6.12549E-2 1.8192E-2 1.84059E-2 1.06546E-2 4.72209E-2 1.71815E-2 9.26323E-3 1.38404E-2 1.40156E-2 6.47228E-3 1.47367E-2 8.96589E-2 4.62941E-2 9.55755E-2 3.66723E-2 1.17714E-1 1.40731E-1 1.67127E-1 1.46299E-1
-9999 -9999 -9999 -9999 -9999 -9999 -9999 -9999 -9999 -9999 -9999 -9999 -9999 -9999 -9999 -9999 -9999 -9999 -9999 -9999 -9999 -9999 -9999 -9999 -9999 -9999 -9999 -9999 -9999 -9999 -9999 1.55939E-2 1.48073E-1 1.68907E-1 5.23139E-2 3.38943E-2 5.87265E-2 1.02393E-2 6.95809E-3 7.41591E-2 2.98162E-2 2.0423E-2 1.0906E-2 1.24221E-2 5.16116E-2 2.41386E-2 4.71136E-2 2.09038E-1 2.35463E-1 4.91238E-2 1.25292E-2 1.46013E-1 2.07134E-1 1.18655E-2 1.01653E-2 1.4833E-2 1.67201E-2 3.21166E-2 4.4701E-2 5.66414E-2 2.49839E-2 3.33347E-2 6.30097E-2 1.33893E-1 1.00356E-1 1.15777E-1 1.16422E-1
-9999 -9999 -9999 -9999 -9999 -9999 -9999 -9999 -9999 -9999 -9999 -9999 -9999 -9999 -9999 -9999 -9999 -9999 -9999 -9999 -9999 -9999 -9999 -9999 -9999 -9999 -9999 -9999 -9999 -9999 -9999 5.46156E-2 2.40944E-1 2.05328E-1 9.98422E-2 1.78879E-2 1.54079E-2 1.0373E-2 1.08464E-2 1.45163E-2 1.14491E-2 4.4796E-2 1.3662E-2 3.94341E-2 2.06144E-1 1.18412E-1 8.40432E-2 4.02903E-2 1.56346E-1 5.53891E-2 1.17365E-1 2.327E-2 3.4655E-2 5.85167E-2 1.66497E-2 1.98257E-2 2.98994E-2 6.93554E-2 2.53577E-2 1.82092E-2 2.60389E-2 4.82436E-2 7.81441E-2 9.34609E-2 1.2723E-1 1.06072E-1 1.25946E-1
-9999 -9999 -9999 -9999 -9999 -9999 -9999 -9999 -9999 -9999 -9999 -9999 -9999 -9999 -9999 -9999 -9999 -9999 -9999 -9999 -9999 -9999 -9999 -9999 -9999 -9999 -9999 -9999 -9999 -9999 -9999 -9999 -9999 2.59382E-1 2.91753E-2 1.49035E-2 1.06394E-2 6.96822E-3 8.37085E-3 1.60152E-2 3.2976E-2 2.98395E-2 2.28832E-2 5.99455E-2 5.82104E-2 1.51463E-1 8.76026E-3 1.20418E-2 8.48308E-3 8.21262E-3 2.74845E-2 1.2095E-1 2.82181E-2 1.41774E-2 3.20049E-2 4.00983E-2 2.81318E-2 3.711E-2 1.86578E-2 9.70791E-3 6.32174E-3 4.28932E-2 1.04034E-1 5.16869E-2 1.07748E-1 1.2981E-1 1.15533E-1
-9999 -9999 -9999 -9999 -9999 -9999 -9999 -9999 -9999 -9999 -9999 -9999 -9999 -9999 -9999 -9999 -9999 -9999 -9999 -9999 -9999 -9999 -9999 -9999 -9999 -9999 -9999 -9999 -9999 -9999 -9999 -9999 -9999 1.46652E-1 2.75403E-2 1.91325E-2 1.35833E-2 5.6524E-3 4.21408E-2 2.27905E-2 2.24792E-2 3.28764E-2 2.98774E-2 1.05332E-2 7.45439E-3 9.55314E-3 1.98403E-2 1.78354E-2 1.67424E-2 1.53267E-2 1.44997E-2 7.94447E-2 5.48953E-2 1.76004E-2 5.71651E-2 5.55357E-2 2.96388E-2 2.21489E-2 1.93081E-2 1.24852E-2 3.24222E-2 4.93152E-2 4.06114E-2 4.08856E-2 7.58115E-2 4.77275E-2 1.50775E-1
-9999 -9999 -9999 -9999 -9999 -9999 -9999 -9999 -9999 -9999 -9999 -9999 -9999 -9999 -9999 -9999 -9999 -9999 -9999 -9999 -9999 -9999 -9999 -9999 -9999 -9999 -9999 -9999 -9999 -9999 -9999 -9999 -9999 -9999 4.45689E-2 2.02764E-2 1.40008E-2 1.23478E-2 1.87122E-2 3.74785E-2 3.89249E-2 3.54433E-2 2.92529E-2 1.34634E-2 2.22392E-2 1.25513E-2 2.25804E-2 1.29838E-2 1.53385E-2 1.9636E-2 9.32429E-3 9.69921E-3 1.1987E-2 1.4274E-2 4.66272E-2 3.68332E-2 2.58458E-2 2.40728E-2 3.88134E-2 3.10085E-2 7.33744E-2 7.82275E-2 6.84237E-2 4.76653E-2 1.16155E-1 1.01671E-1 1.55587E-1
-9999 -9999 -9999 -9999 -9999 -9999 -9999 -9999 -9999 -9999 -9999 -9999 -9999 -9999 -9999 -9999 -9999 -9999 -9999 -9999 -9999 -9999 -9999 -9999 -9999 -9999 -9999 -9999 -9999 -9999 -9999 -9999 -9999 -9999 3.79511E-2 1.32281E-2 1.20607E-2 2.0516E-2 2.06542E-2 4.32262E-2 5.03713E-2 4.81248E-2 5.29021E-2 2.08222E-2 2.53733E-2 4.21113E-2 1.86148E-2 9.38448E-3 1.23138E-2 1.309E-2 4.87035E-2 3.29392E-2 2.58898E-2 1.25053E-2 5.30371E-2 4.37313E-2 7.60463E-3 1.83539E-2 5.91296E-2 1.02191E-1 4.79386E-2 5.01758E-2 8.12838E-2 5.03915E-2 1.14854E-1 1.44993E-1 7.88815E-2
-9999 -9999 -9999 -9999 -9999 -9999 -9999 -9999 -9999 -9999 -9999 -9999 -9999 -9999 -9999 -9999 -9999 -9999 -9999 -9999 -9999 -9999 -9999 -9999 -9999 -9999 -9999 -9999 -9999 -9999 -9999 -9999 -9999 -9999 1.23805E-1 2.01338E-1 2.3601E-1 1.19412E-2 1.7328E-2 4.40681E-2 4.75361E-2 3.85438E-2 2.86416E-2 3.24955E-2 3.14005E-2 4.17004E-2 3.29235E-2 1.94831E-2 9.64291E-2 9.48266E-2 1.3972E-1 1.20235E-1 1.04635E-2 1.29121E-2 3.11428E-2 3.58208E-2 8.58068E-3 1.5487E-2 4.09309E-2 4.72469E-2 2.29711E-2 3.16064E-2 3.77899E-2 8.63902E-2 1.60467E-1 1.66927E-1 1.0313E-1
-9999 -9999 -9999 -9999 -9999 -9999 -9999 -9999 -9999 -9999 -9999 -9999 -9999 -9999 -9999 -9999 -9999 -9999 -9999 -9999 -9999 -9999 -9999 -9999 -9999 -9999 -9999 -9999 -9999 -9999 -9999 -9999 -9999 -9999 3.62631E-2 1.4285E-2 1.46157E-2 2.35319E-2 3.46842E-2 5.70378E-2 3.86414E-2 6.26169E-2 8.45729E-2 2.27514E-2 3.28089E-2 4.63207E-2 6.33089E-2 2.73915E-2 1.6278E-2 3.40607E-2 1.43681E-1 1.29298E-1 1.25334E-2 1.18742E-2 2.99534E-2 4.17199E-2 3.14132E-2 2.87178E-2 3.66039E-2 1.39343E-2 4.17859E-2 1.03974E-1 8.5065E-2 5.23669E-2 8.98773E-2 1.68418E-1 1.2212E-1
-9999 -9999 -9999 -9999 -9999 -9999 -9999 -9999 -9999 -9999 -9999 -9999 -9999 -9999 -9999 -9999 -9999 -9999 -9999 -9999 -9999 -9999 -9999 -9999 -9999 -9999 -9999 -9999 -9999 -9999 -9999 -9999 -9999 -9999 2.40439E-2 1.67585E-2 2.13849E-2 2.86865E-2 8.21735E-2 6.4843E-2 4.3264E-2 3.72262E-2 4.95035E-2 5.5247E-2 5.75561E-2 3.75997E-2 5.0253E-2 2.14563E-2 1.91468E-2 9.11475E-3 6.39736E-3 1.67353E-2 2.65301E-1 1.25154E-2 2.94268E-2 2.769E-2 3.3281E-2 3.27609E-2 3.79882E-2 2.2842E-2 4.90873E-2 8.12843E-2 1.21502E-1 4.94E-2 5.4999E-2 9.75511E-2 1.03216E-1
-9999 -9999 -9999 -9999 -9999 -9999 -9999 -9999 -9999 -9999 -9999 -9999 -9999 -9999 -9999 -9999 -9999 -9999 -9999 -9999 -9999 -9999 -9999 -9999 -9999 -9999 -9999 -9999 -9999 -9999 -9999 -9999 -9999 -9999 1.67404E-2 1.55097E-2 1.20753E-2 1.57893E-2 2.92903E-2 3.57489E-2 4.10957E-2 1.48998E-2 2.33271E-2 3.13904E-2 5.70465E-2 4.78256E-2 3.32253E-2 2.91232E-2 2.59183E-2 2.06413E-2 8.81191E-3 2.34119E-2 6.51145E-3 9.24712E-3 4.27817E-2 5.79234E-2 4.03722E-2 2.50143E-2 3.75771E-2 6.47472E-2 8.97332E-2 3.89146E-2 5.158E-2 6.90154E-2 5.42033E-2 6.15499E-2 7.84786E-2
-9999 -9999 -9999 -9999 -9999 -9999 -9999 -9999 -9999 -9999 -9999 -9999 -9999 -9999 -9999 -9999 -9999 -9999 -9999 -9999 -9999 -9999 -9999 -9999 -9999 -9999 -9999 -9999 -9999 -9999 -9999 -9999 -9999 -9999 2.01657E-2 1.60493E-2 2.19368E-2 2.20866E-2 2.99037E-2 2.62057E-2 6.52421E-2 2.14213E-2 2.51434E-2 3.28866E-2 7.25996E-2 7.73441E-2 6.21151E-2 3.00515E-2 6.54601E-2 3.20636E-2 1.77469E-2 8.29334E-3 1.29076E-2 1.00017E-2 5.86523E-2 6.53572E-2 5.76379E-2 4.63385E-2 6.20371E-2 8.68765E-2 1.04074E-1 9.59102E-2 9.24695E-2 7.38439E-2 4.53622E-2 4.72E-2 8.83768E-2
-9999 -9999 -9999 -9999 -9999 -9999 -9999 -9999 -9999 -9999 -9999 -9999 -9999 -9999 -9999 -9999 -9999 -9999 -9999 -9999 -9999 -9999 -9999 -9999 -9999 -9999 -9999 -9999 -9999 -9999 -9999 -9999 -9999 -9999 3.22019E-2 3.22152E-2 1.91216E-2 2.11928E-2 3.14084E-2 2.82252E-2 3.67785E-2 2.35737E-2 3.24193E-2 4.33237E-2 4.85282E-2 4.5399E-2 4.14871E-2 4.04665E-2 3.81293E-2 3.59587E-2 2.46984E-2 1.84238E-2 1.0746E-2 1.6897E-2 5.20228E-2 1.21333E-1 7.00122E-2 4.86466E-2 5.65722E-2 6.17795E-2 6.03112E-2 7.5411E-2 5.78299E-2 5.35274E-2 6.39141E-2 3.8339E-2 9.44476E-2
-9999 -9999 -9999 -9999 -9999 -9999 -9999 -9999 -9999 -9999 -9999 -9999 -9999 -9999 -9999 -9999 -9999 -9999 -9999 -9999 -9999 -9999 -9999 -9999 -9999 -9999 -9999 -9999 -9999 -9999 -9999 -9999 -9999 -9999 1.14982E-2 2.25726E-2 2.9502E-2 2.83003E-2 1.96705E-2 2.39047E-2 5.4439E-2 2.7015E-2 1.65164E-2 2.28876E-2 2.21644E-2 3.30622E-2 2.37076E-2 2.1815E-2 3.0977E-2 2.54236E-2 2.86309E-2 1.55089E-2 7.45396E-3 1.06844E-2 1.74188E-2 1.15185E-1 8.55114E-2 5.25429E-2 2.73267E-2 4.42089E-2 4.3152E-2 2.24106E-2 2.16078E-2 5.42671E-2 5.09447E-2 8.30803E-2 7.53558E-2
-9999 -9999 -9999 -9999 -9999 -9999 -9999 -9999 -9999 -9999 -9999 -9999 -9999 -9999 -9999 -9999 -9999 -9999 -9999 -9999 -9999 -9999 -9999 -9999 -9999 -9999 -9999 -9999 -9999 -9999 -9999 -9999 -9999 -9999 1.1186E-2 1.57689E-2 2.06222E-2 2.31099E-2 2.26619E-2 4.4963E-2 2.69616E-2 3.35007E-2 1.71939E-2 2.35193E-2 1.92399E-2 3.2307E-2 2.83749E-2 3.75862E-2 6.12452E-2 7.15874E-2 4.17841E-2 1.68224E-2 9.9444E-3 1.44362E-2 2.80591E-2 6.60761E-2 5.80594E-2 8.65413E-2 2.50573E-2 5.06589E-2 6.78407E-2 4.62401E-2 4.46067E-2 6.90348E-2 3.21387E-2 6.41291E-2 7.16185E-2
-9999 -9999 -9999 -9999 -9999 -9999 -9999 -9999 -9999 -9999 -9999 -9999 -9999 -9999 -9999 -9999 -9999 -9999 -9999 -9999 -9999 -9999 -9999 -9999 -9999 -9999 -9999 -9999 -9999 -9999 -9999 -9999 -9999 8.12325E-3 2.77531E-2 2.53122E-2 4.04341E-2 3.21712E-2 4.28294E-2 3.9536E-2 3.51842E-2 5.51229E-2 4.83581E-2 3.59038E-2 2.94597E-2 2.71949E-2 2.2038E-2 1.61059E-2 7.04301E-2 6.73015E-2 4.8698E-2 2.53329E-2 1.87869E-2 1.4634E-2 3.35174E-2 4.60251E-2 4.77384E-2 5.07494E-2 2.07142E-2 2.60101E-2 4.28308E-2 7.90921E-2 3.66873E-2 7.55815E-2 1.17605E-1 1.15499E-1 6.05883E-2
-9999 -9999 -9999 -9999 -9999 -9999 -9999 -9999 -9999 -9999 -9999 -9999 -9999 -9999 -9999 -9999 -9999 -9999 -9999 -9999 -9999 -9999 -9999 -9999 -9999 -9999 -9999 -9999 -9999 -9999 -9999 -9999 -9999 1.42472E-2 4.51116E-2 3.63115E-2 4.81666E-2 5.86139E-2 2.88236E-2 2.40093E-2 2.98997E-2 5.43391E-2 4.29945E-2 3.47001E-2 2.15493E-2 2.04302E-2 8.47201E-3 1.14645E-2 2.80424E-2 3.97172E-2 4.64459E-2 3.4613E-2 1.77326E-2 1.33643E-2 1.61324E-2 2.00864E-2 2.47987E-2 3.03819E-2 3.79692E-2 6.97487E-2 6.77241E-2 3.25482E-2 4.52847E-2 3.73364E-2 1.06503E-1 9.45743E-2 1.19352E-1
-9999 -9999 -9999 -9999 -9999 -9999 -9999 -9999 -9999 -9999 -9999 -9999 -9999 -9999 -9999 -9999 -9999 -9999 -9999 -9999 -9999 -9999 -9999 -9999 -9999 -9999 -9999 -9999 -9999 -9999 -9999 -9999 -9999 9.41502E-3 3.1397E-2 2.0896E-2 8.51131E-2 4.3331E-2 5.226E-2 4.57707E-2 3.93172E-2 3.23001E-2 4.21451E-2 3.4327E-2 3.12555E-2 1.18336E-2 1.18446E-2 3.38194E-2 4.67654E-2 6.29852E-2 4.41532E-2 4.41505E-2 2.0328E-2 1.52802E-2 2.21797E-2 2.2106E-2 4.62819E-2 1.5737E-2 4.15975E-2 6.83787E-2 9.28659E-2 1.29442E-1 4.80317E-2 4.37714E-2 7.19574E-2 8.59522E-2 7.02295E-2
-9999 -9999 -9999 -9999 -9999 -9999 -9999 -9999 -9999 -9999 -9999 -9999 -9999 -9999 -9999 -9999 -9999 -9999 -9999 -9999 -9999 -9999 -9999 -9999 -9999 -9999 -9999 -9999 -9999 -9999 -9999 -9999 9.28414E-3 1.64195E-2 2.21289E-2 1.49881E-2 3.61932E-2 1.90251E-2 1.68013E-2 3.64361E-2 3.30951E-2 4.05117E-2 5.62086E-2 5.8862E-2 4.5597E-2 1.50893E-2 1.44705E-2 2.24401E-2 7.7572E-2 1.04689E-1 4.22161E-2 3.6069E-2 1.78661E-2 2.85984E-2 3.11493E-2 2.86558E-2 3.40223E-2 3.39251E-2 5.1983E-2 6.19473E-2 1.02285E-1 1.67201E-1 1.68697E-1 4.21049E-2 4.4932E-2 9.3705E-2 6.70682E-2
-9999 -9999 -9999 -9999 -9999 -9999 -9999 -9999 -9999 -9999 -9999 -9999 -9999 -9999 -9999 -9999 -9999 -9999 -9999 -9999 -9999 -9999 -9999 -9999 -9999 -9999 -9999 -9999 -9999 -9999 -9999 -9999 1.11141E-2 1.81923E-2 3.01661E-2 2.74284E-2 9.66507E-3 1.45816E-2 9.50555E-3 1.68436E-2 9.93189E-3 1.28747E-2 2.33848E-2 3.32497E-2 2.65729E-2 1.40315E-2 7.99398E-3 1.68363E-2 4.83415E-2 7.51812E-2 2.50396E-2 3.28669E-2 2.51375E-2 5.46893E-2 3.42552E-2 2.67672E-2 7.78529E-2 1.12721E-1 1.07179E-1 8.24943E-2 1.307E-1 2.11456E-1 1.92408E-1 8.53892E-2 5.25899E-2 8.57915E-2 3.85434E-2
-9999 -9999 -9999 -9999 -9999 -9999 -9999 -9999 -9999 -9999 -9999 -9999 -9999 -9999 -9999 -9999 -9999 -9999 -9999 -9999 -9999 -9999 -9999 -9999 -9999 -9999 -9999 -9999 -9999 -9999 -9999 1.36997E-2 1.71796E-2 2.33808E-2 3.32794E-2 2.3657E-2 2.23611E-2 3.12542E-2 1.90989E-2 1.59653E-2 1.13179E-2 1.18666E-2 4.72403E-3 5.86208E-3 4.7385E-3 5.91781E-3 1.61447E-3 2.45153E-3 2.38125E-2 1.19673E-1 3.59343E-2 2.66313E-2 2.10875E-2 2.01946E-2 2.15062E-2 1.65112E-2 4.19561E-2 4.00376E-2 1.53754E-1 1.80379E-1 1.52391E-1 1.28192E-1 1.0611E-1 7.33533E-2 5.56442E-2 4.17413E-2 6.28677E-2
-9999 -9999 -9999 -9999 -9999 -9999 -9999 -9999 -9999 -9999 -9999 -9999 -9999 -9999 -9999 -9999 -9999 -9999 -9999 -9999 -9999 -9999 -9999 -9999 -9999 -9999 -9999 -9999 -9999 -9999 -9999 2.47261E-2 2.12903E-2 2.87588E-2 3.62247E-2 2.3304E-2 3.53682E-2 1.75253E-2 1.11684E-2 9.70166E-3 6.39987E-3 5.29198E-2 4.38233E-2 5.23365E-3 2.98148E-3 3.24836E-3 5.58021E-3 2.81639E-3 8.96107E-3 3.1107E-2 3.10587E-2 2.09798E-2 1.68413E-2 1.3982E-2 1.39436E-2 1.78314E-2 4.7799E-2 4.32953E-2 1.94015E-1 1.90861E-1 1.9115E-1 1.4982E-1 2.12454E-1 1.18911E-1 5.39723E-2 3.55263E-2 7.27973E-2
