ENM/Final_Models/M_1_F_lqp_Set_1_EC/Gustavia_santanderiensis_3_Choco_clamping.asc
ncols         367
nrows         963
xllcorner     -78.6
yllcorner     0.65
cellsize      0.00833333333333323
NODATA_value  -9999
[rows 744 to 774 of 963, columns 70 to 139 of 367]
9.73874E-2 9.89682E-2 7.19405E-2 1.02798E-1 8.40285E-2 8.52584E-2 7.72165E-2 9.55473E-2 1.17489E-1 1.0432E-1 8.16457E-2 1.04387E-1 8.71737E-2 8.83494E-2 9.39892E-2 7.31617E-2 7.88486E-2 1.06242E-1 1.18674E-1 1.35561E-1 1.12092E-1 9.06179E-2 6.62666E-2 8.57228E-2 1.19325E-1 1.24267E-1 1.29848E-1 1.57517E-1 1.29042E-1 1.42617E-1 1.08125E-1 8.33544E-2 8.7565E-2 8.1975E-2 9.58226E-2 1.02922E-1 1.14914E-1 6.09364E-2 7.44905E-2 6.5005E-2 7.34479E-2 9.43271E-2 8.85435E-2 1.09365E-1 8.69794E-2 4.69555E-2 4.39051E-2 7.01939E-2 6.52627E-2 1.9607E-2 2.57796E-2 2.51461E-2 2.82712E-2 2.12051E-2 2.78002E-2 3.32577E-2 2.15756E-2 3.7593E-2 3.39283E-2 2.1397E-2 2.01073E-2 0E0 0E0 0E0 0E0 0E0 0E0 0E0 0E0 0E0
8.67593E-2 1.09145E-1 5.94405E-2 1.03206E-1 9.60212E-2 7.19245E-2 7.1028E-2 9.77314E-2 1.10921E-1 9.19891E-2 7.74907E-2 1.28036E-1 1.06537E-1 1.04637E-1 1.2305E-1 1.22548E-1 1.08575E-1 1.05941E-1 9.34016E-2 8.35164E-2 8.00932E-2 1.01386E-1 8.40179E-2 1.16522E-1 1.16346E-1 1.19234E-1 1.48568E-1 1.64258E-1 1.35485E-1 1.5147E-1 9.02349E-2 6.11362E-2 6.3067E-2 9.80706E-2 1.1514E-1 1.1234E-1 1.06923E-1 7.57588E-2 7.45405E-2 7.5605E-2 6.46515E-2 6.66252E-2 1.13444E-1 5.79099E-2 8.87176E-2 1.0773E-1 1.09738E-1 1.04775E-1 7.38819E-2 4.14219E-2 3.55212E-2 2.07991E-2 2.07736E-2 1.96677E-2 1.78893E-2 2.69467E-2 3.4629E-2 4.63535E-2 3.94705E-2 4.15219E-2 1.74656E-2 2.54836E-2 0E0 0E0 0E0 0E0 0E0 0E0 0E0 0E0
9.123E-2 7.4997E-2 8.66212E-2 7.22065E-2 1.05841E-1 9.89551E-2 8.59021E-2 8.39694E-2 1.15151E-1 1.21614E-1 1.09072E-1 1.04516E-1 1.34815E-1 1.34955E-1 1.20279E-1 1.11508E-1 1.13663E-1 8.28294E-2 9.04163E-2 8.0557E-2 8.05411E-2 7.92409E-2 8.87036E-2 9.1537E-2 1.57248E-1 1.49387E-1 1.242E-1 9.62268E-2 1.01071E-1 1.1255E-1 7.53333E-2 9.49669E-2 1.1052E-1 1.04362E-1 8.22409E-2 1.02733E-1 7.77268E-2 9.47543E-2 8.90087E-2 9.15864E-2 7.67102E-2 9.53311E-2 4.43687E-2 6.79995E-2 6.94784E-2 6.38942E-2 1.15486E-1 8.80744E-2 8.4984E-2 4.27157E-2 4.46081E-2 2.56309E-2 1.66888E-2 2.1188E-2 1.80327E-2 1.7078E-2 2.24206E-2 4.42991E-2 2.1113E-2 0E0 0E0 1.26481E-2 0E0 0E0 0E0 0E0 0E0 0E0 0E0 0E0
5.42514E-2 5.59563E-2 9.5726E-2 7.35024E-2 8.98738E-2 1.10793E-1 8.18997E-2 1.0187E-1 7.88689E-2 9.76724E-2 9.67827E-2 1.37903E-1 1.30761E-1 1.22297E-1 1.12962E-1 1.09064E-1 8.14456E-2 8.60149E-2 7.08338E-2 7.30379E-2 7.62635E-2 7.64181E-2 8.13349E-2 9.75464E-2 9.52553E-2 1.05676E-1 9.87816E-2 9.16274E-2 7.72236E-2 9.45664E-2 9.81835E-2 1.07647E-1 8.80144E-2 8.42929E-2 7.32795E-2 9.14926E-2 7.28082E-2 5.39852E-2 4.971E-2 8.60736E-2 8.54787E-2 8.79331E-2 6.11854E-2 5.13044E-2 3.68896E-2 3.33505E-2 1.11489E-1 9.42775E-2 5.50055E-2 3.11437E-2 3.53737E-2 2.76593E-2 1.55832E-2 1.43056E-2 1.76478E-2 9.86503E-3 1.59414E-2 3.39854E-2 0E0 0E0 0E0 9.78759E-3 1.68951E-3 0E0 0E0 0E0 0E0 0E0 0E0 0E0
6.45742E-2 6.46928E-2 6.22996E-2 1.13983E-1 8.61893E-2 9.58926E-2 1.02773E-1 1.03481E-1 1.15543E-1 1.31088E-1 1.11802E-1 1.16971E-1 1.12645E-1 1.14727E-1 1.07419E-1 1.13953E-1 9.8858E-2 9.91394E-2 8.29012E-2 8.66659E-2 7.89603E-2 1.0265E-1 1.05746E-1 9.77618E-2 1.02682E-1 1.08158E-1 1.05753E-1 1.05037E-1 8.03864E-2 8.25821E-2 1.11711E-1 9.92863E-2 8.77009E-2 8.74986E-2 8.11015E-2 5.27622E-2 8.1511E-2 1.02021E-1 1.02244E-1 4.76092E-2 8.46846E-2 9.588E-2 1.09453E-1 7.99793E-2 7.47576E-2 6.64768E-2 5.47865E-2 6.22249E-2 6.26759E-2 5.42539E-2 4.87552E-2 3.56655E-2 3.43065E-2 2.43714E-2 2.09251E-2 1.36885E-2 1.85681E-2 9.8372E-3 0E0 0E0 0E0 0E0 0E0 0E0 0E0 0E0 0E0 0E0 0E0 0E0
1.05715E-1 7.90068E-2 8.40904E-2 1.0372E-1 1.04965E-1 9.17916E-2 1.06292E-1 1.33761E-1 8.69536E-2 1.19475E-1 1.10425E-1 1.07178E-1 7.41689E-2 6.39223E-2 9.58345E-2 9.48018E-2 9.5654E-2 9.86575E-2 1.06009E-1 1.10139E-1 8.68319E-2 8.18124E-2 1.38404E-1 1.48467E-1 1.1792E-1 1.20253E-1 9.83906E-2 8.49602E-2 6.99852E-2 7.52254E-2 1.09605E-1 8.12683E-2 9.24613E-2 1.3577E-1 1.21969E-1 7.48576E-2 8.39955E-2 9.08545E-2 9.76133E-2 9.60862E-2 5.2363E-2 9.60411E-2 1.29642E-1 1.29856E-1 7.73978E-2 1.00219E-1 5.27709E-2 5.23556E-2 6.55878E-2 7.51364E-2 7.51486E-2 6.54179E-2 5.42931E-2 4.99097E-2 4.38898E-2 1.01013E-2 2.22404E-2 1.58198E-2 0E0 0E0 0E0 0E0 0E0 0E0 0E0 0E0 0E0 0E0 0E0 0E0
7.27542E-2 8.52301E-2 8.05402E-2 1.05576E-1 8.51721E-2 7.95091E-2 9.58622E-2 8.16467E-2 9.68993E-2 1.20392E-1 1.13025E-1 1.02111E-1 8.33045E-2 9.11637E-2 7.49104E-2 9.87942E-2 1.09292E-1 1.13349E-1 6.28965E-2 5.27394E-2 8.52572E-2 9.14876E-2 9.77836E-2 1.0623E-1 9.68594E-2 7.28815E-2 1.10015E-1 7.40371E-2 9.22215E-2 8.42401E-2 9.5578E-2 1.09706E-1 1.07981E-1 1.10084E-1 1.5033E-1 1.03597E-1 7.19208E-2 6.40002E-2 7.16709E-2 7.37502E-2 3.89535E-2 7.19578E-2 5.93878E-2 1.06253E-1 1.07684E-1 1.05519E-1 6.38741E-2 3.96684E-2 6.16807E-2 5.35493E-2 6.64975E-2 1.03194E-1 3.93113E-2 3.83944E-2 2.70503E-2 1.67694E-2 1.19403E-2 7.43881E-3 0E0 0E0 0E0 0E0 0E0 0E0 0E0 0E0 0E0 0E0 0E0 0E0
7.22173E-2 9.75113E-2 6.27591E-2 1.16528E-1 1.05103E-1 1.27958E-1 1.47168E-1 1.01702E-1 9.83581E-2 1.38868E-1 1.24655E-1 1.08973E-1 1.18747E-1 1.22294E-1 1.14455E-1 1.17534E-1 1.19755E-1 1.01119E-1 7.63796E-2 7.26576E-2 6.13532E-2 9.25541E-2 7.6117E-2 1.03748E-1 8.24227E-2 5.56364E-2 8.26831E-2 8.39367E-2 9.03246E-2 8.73126E-2 8.29877E-2 7.85454E-2 8.28954E-2 1.04579E-1 1.06192E-1 7.0385E-2 9.30052E-2 7.79443E-2 8.96613E-2 6.60647E-2 5.04851E-2 9.18269E-2 8.69351E-2 1.08046E-1 1.17154E-1 6.55654E-2 8.29032E-2 5.80736E-2 6.61248E-2 7.12419E-2 7.36136E-2 8.84112E-2 4.83508E-2 2.17386E-2 0E0 2.00143E-2 3.45442E-3 0E0 0E0 1.49337E-3 0E0 0E0 0E0 0E0 0E0 0E0 0E0 0E0 0E0 0E0
8.05777E-2 9.61681E-2 6.98187E-2 5.81497E-2 7.70001E-2 8.01823E-2 1.05853E-1 9.3281E-2 8.87339E-2 8.40594E-2 9.77532E-2 1.18528E-1 1.04678E-1 1.09147E-1 1.25508E-1 1.07428E-1 7.69409E-2 9.74969E-2 6.77659E-2 7.19074E-2 6.75607E-2 6.34975E-2 9.56106E-2 9.31861E-2 9.61094E-2 8.52375E-2 5.888E-2 9.18231E-2 8.01115E-2 7.288E-2 7.72924E-2 1.12526E-1 9.56015E-2 1.17893E-1 9.42485E-2 1.01743E-1 7.35441E-2 8.3656E-2 1.16387E-1 5.53532E-2 1.31046E-1 1.02349E-1 6.75991E-2 4.48395E-2 4.94318E-2 4.9967E-2 1.03177E-1 6.20694E-2 6.11229E-2 7.27798E-2 5.73947E-2 7.16217E-2 4.28112E-2 1.83652E-2 0E0 8.05598E-4 0E0 0E0 2.05498E-4 6.7035E-3 1.45729E-3 0E0 0E0 0E0 0E0 0E0 0E0 0E0 0E0 0E0
1.01411E-1 8.59348E-2 7.35097E-2 7.25049E-2 8.49294E-2 1.16394E-1 9.43749E-2 1.21643E-1 1.03197E-1 7.6376E-2 8.23931E-2 1.02353E-1 1.12564E-1 9.87743E-2 9.06308E-2 1.21406E-1 9.29695E-2 1.13129E-1 9.79842E-2 8.85537E-2 1.07037E-1 6.81201E-2 1.03885E-1 1.0558E-1 9.67155E-2 7.58972E-2 7.48781E-2 7.23952E-2 6.68235E-2 6.74822E-2 8.32573E-2 1.21326E-1 9.7334E-2 6.95068E-2 6.4919E-2 1.06781E-1 7.82266E-2 1.06149E-1 1.27778E-1 1.1743E-1 1.24442E-1 9.39049E-2 9.23232E-2 5.48027E-2 6.46931E-2 6.66259E-2 7.47481E-2 4.81551E-2 6.95654E-2 6.84619E-2 3.87029E-2 7.75048E-2 4.45222E-2 4.08678E-2 0E0 0E0 0E0 0E0 7.89662E-3 0E0 1.23859E-3 0E0 0E0 0E0 0E0 0E0 0E0 0E0 0E0 0E0
9.16907E-2 9.29946E-2 7.75817E-2 7.61784E-2 6.86104E-2 1.13636E-1 9.96072E-2 1.07517E-1 1.12946E-1 8.41471E-2 1.05104E-1 1.01515E-1 1.18397E-1 1.4595E-1 1.29395E-1 1.22786E-1 1.14817E-1 8.21667E-2 1.10682E-1 1.13048E-1 9.50207E-2 7.65871E-2 1.25133E-1 1.08445E-1 8.6016E-2 6.55118E-2 7.30573E-2 7.04403E-2 6.40148E-2 5.91192E-2 7.39948E-2 1.03047E-1 8.23E-2 8.68601E-2 6.85069E-2 9.61341E-2 7.9437E-2 1.25394E-1 1.11028E-1 1.17933E-1 1.14245E-1 1.07148E-1 7.82663E-2 6.60123E-2 6.74597E-2 6.67392E-2 6.38807E-2 5.87798E-2 6.33863E-2 7.28586E-2 5.48808E-2 4.58606E-2 4.63738E-2 1.98772E-2 0E0 0E0 0E0 0E0 4.87732E-4 4.02759E-3 0E0 0E0 0E0 0E0 0E0 0E0 0E0 0E0 0E0 0E0
8.16576E-2 9.26794E-2 8.93217E-2 8.71508E-2 8.39915E-2 8.91896E-2 9.66021E-2 1.47821E-1 1.1598E-1 7.08613E-2 9.51799E-2 1.25578E-1 1.20125E-1 1.14562E-1 1.20927E-1 9.41907E-2 1.15371E-1 1.01149E-1 7.58266E-2 1.10615E-1 8.62523E-2 1.37229E-1 1.0616E-1 7.89935E-2 6.63628E-2 6.34061E-2 5.377E-2 5.91714E-2 1.05525E-1 8.54444E-2 1.04381E-1 1.01891E-1 6.85893E-2 7.09195E-2 1.31269E-1 1.33132E-1 1.18064E-1 9.25784E-2 1.05506E-1 8.07883E-2 7.66603E-2 1.07115E-1 8.93148E-2 9.78708E-2 9.64968E-2 7.31383E-2 6.93718E-2 5.6267E-2 4.73011E-2 4.07532E-2 2.24834E-2 1.10365E-2 1.39505E-2 5.31524E-3 1.05044E-2 1.26165E-2 8.94469E-3 6.3016E-3 0E0 3.07984E-4 0E0 0E0 0E0 0E0 0E0 0E0 0E0 0E0 0E0 0E0
8.41086E-2 1.03062E-1 1.03288E-1 9.08971E-2 7.23993E-2 7.99919E-2 8.23525E-2 1.28087E-1 1.04346E-1 9.94159E-2 9.31062E-2 7.29489E-2 1.01079E-1 1.24248E-1 9.20019E-2 1.26157E-1 1.02442E-1 1.08743E-1 1.06562E-1 7.23763E-2 1.0509E-1 1.02333E-1 1.52447E-1 9.50257E-2 7.07945E-2 9.29641E-2 9.2813E-2 8.46892E-2 8.92338E-2 9.45633E-2 1.15798E-1 1.00141E-1 6.87622E-2 6.34146E-2 7.77913E-2 1.21191E-1 1.38724E-1 9.99141E-2 6.23683E-2 7.51325E-2 7.21442E-2 7.93284E-2 7.04817E-2 8.54729E-2 7.75878E-2 6.81691E-2 4.38472E-2 4.00726E-2 3.85297E-2 3.10915E-2 2.20007E-2 8.0607E-3 0E0 0E0 1.11361E-2 1.43647E-2 1.08617E-2 2.989E-3 0E0 0E0 0E0 0E0 0E0 0E0 0E0 0E0 0E0 0E0 0E0 0E0
1.05489E-1 8.57149E-2 7.68769E-2 7.22141E-2 9.18684E-2 9.93206E-2 1.27388E-1 1.40845E-1 1.20987E-1 1.06198E-1 1.55631E-1 9.33949E-2 8.61439E-2 9.21983E-2 9.06872E-2 8.70625E-2 1.0016E-1 8.89493E-2 1.04323E-1 9.29906E-2 1.0389E-1 9.60239E-2 1.28077E-1 1.15255E-1 5.88104E-2 8.2103E-2 9.09812E-2 8.43629E-2 9.52533E-2 9.88002E-2 1.21802E-1 1.29202E-1 1.18992E-1 1.0748E-1 1.07625E-1 4.09068E-2 7.53561E-2 1.1026E-1 9.67293E-2 8.57873E-2 1.22679E-1 7.69732E-2 6.85239E-2 6.26651E-2 6.13868E-2 5.927E-2 5.96496E-2 4.80471E-2 3.94161E-2 4.08471E-2 2.86382E-2 1.69538E-2 0E0 0E0 0E0 0E0 0E0 0E0 0E0 0E0 0E0 0E0 0E0 0E0 0E0 0E0 0E0 0E0 0E0 0E0
9.58512E-2 6.77905E-2 7.77895E-2 7.33568E-2 7.55921E-2 1.18209E-1 1.07239E-1 1.35185E-1 1.09952E-1 8.22784E-2 1.05455E-1 7.51562E-2 9.49198E-2 9.39814E-2 1.07881E-1 9.01073E-2 9.30127E-2 1.19193E-1 1.14451E-1 1.2524E-1 8.60258E-2 9.2062E-2 1.26374E-1 9.65585E-2 7.37455E-2 9.51321E-2 1.20325E-1 9.82307E-2 9.11115E-2 1.16418E-1 1.42521E-1 1.04926E-1 9.09168E-2 9.02331E-2 1.18252E-1 8.70946E-2 1.06272E-1 5.41819E-2 6.46876E-2 8.02869E-2 9.44713E-2 1.01025E-1 8.76643E-2 9.35261E-2 7.31975E-2 5.35579E-2 4.75485E-2 3.69267E-2 3.63428E-2 2.77196E-2 1.34236E-2 8.03592E-3 1.35285E-2 1.45689E-3 0E0 0E0 0E0 0E0 0E0 0E0 0E0 0E0 0E0 0E0 0E0 0E0 0E0 0E0 0E0 0E0
8.24861E-2 7.08465E-2 7.59647E-2 9.06761E-2 6.4072E-2 1.04591E-1 9.69831E-2 1.05435E-1 1.14347E-1 1.32658E-1 7.17707E-2 8.90675E-2 7.64142E-2 1.221E-1 1.20987E-1 1.1488E-1 7.89443E-2 8.32197E-2 1.01882E-1 8.68176E-2 8.86226E-2 1.06901E-1 1.03734E-1 8.56101E-2 7.93176E-2 1.2963E-1 1.2294E-1 9.89305E-2 1.03869E-1 7.88628E-2 1.28529E-1 1.09897E-1 1.01031E-1 1.21288E-1 1.35145E-1 1.15587E-1 1.18267E-1 8.64645E-2 7.28231E-2 8.79485E-2 8.72092E-2 9.27158E-2 8.07445E-2 4.22426E-2 6.4506E-2 4.51562E-2 5.12098E-2 5.67626E-2 5.91324E-2 4.21785E-2 2.75883E-2 2.46757E-2 1.86517E-2 8.15469E-4 0E0 0E0 0E0 0E0 0E0 0E0 0E0 0E0 0E0 0E0 0E0 0E0 0E0 0E0 0E0 0E0
8.61732E-2 8.544E-2 8.00536E-2 8.8963E-2 8.50002E-2 1.17724E-1 1.09629E-1 1.21772E-1 1.11836E-1 1.37656E-1 1.2149E-1 1.08533E-1 8.22326E-2 9.81245E-2 1.04024E-1 8.15091E-2 9.91268E-2 9.42795E-2 9.65746E-2 8.56495E-2 7.67318E-2 1.08525E-1 1.02528E-1 7.84293E-2 7.04165E-2 1.31477E-1 1.26703E-1 9.35011E-2 1.09989E-1 1.23198E-1 1.11386E-1 1.11827E-1 1.27209E-1 1.44725E-1 1.27614E-1 1.16683E-1 1.28816E-1 1.1456E-1 9.49854E-2 1.00915E-1 9.47088E-2 9.04457E-2 7.5506E-2 4.40066E-2 5.52577E-2 7.74122E-2 4.78959E-2 5.62665E-2 4.75739E-2 3.26877E-2 4.45104E-2 4.0983E-2 2.35854E-2 9.29524E-4 0E0 0E0 0E0 1.56563E-3 0E0 0E0 0E0 0E0 0E0 0E0 0E0 0E0 0E0 0E0 0E0 0E0
6.10158E-2 7.41913E-2 9.40693E-2 9.18804E-2 1.04213E-1 1.35654E-1 1.084E-1 1.01278E-1 1.13134E-1 1.08372E-1 1.26478E-1 1.12121E-1 8.79499E-2 7.62594E-2 7.70709E-2 8.42593E-2 9.11967E-2 7.49191E-2 9.34378E-2 7.03166E-2 6.81725E-2 7.49806E-2 1.11902E-1 8.51206E-2 8.6819E-2 8.00822E-2 7.51625E-2 8.62467E-2 9.33061E-2 5.5587E-2 1.09341E-1 1.01577E-1 1.00849E-1 1.299E-1 1.19177E-1 9.63812E-2 9.63764E-2 1.22692E-1 1.01399E-1 1.01321E-1 1.14511E-1 1.01706E-1 8.14975E-2 6.29163E-2 7.06095E-2 5.10933E-2 4.98951E-2 3.95581E-2 3.27401E-2 3.69986E-2 3.62396E-2 3.5E-2 1.77167E-2 0E0 0E0 0E0 0E0 7.55299E-3 5.79996E-3 4.72539E-3 0E0 0E0 0E0 0E0 0E0 0E0 0E0 0E0 0E0 0E0
7.41801E-2 7.43716E-2 1.12942E-1 8.86661E-2 7.77214E-2 6.69448E-2 6.79842E-2 8.36386E-2 9.33152E-2 8.15969E-2 8.19014E-2 1.03337E-1 7.23921E-2 6.67983E-2 6.06394E-2 8.38982E-2 7.97068E-2 6.75975E-2 7.51919E-2 6.89658E-2 8.07798E-2 7.36204E-2 8.50391E-2 7.76551E-2 1.14469E-1 1.15863E-1 1.11579E-1 1.0045E-1 8.16537E-2 6.01349E-2 8.1396E-2 9.15322E-2 1.18283E-1 1.18504E-1 1.0014E-1 8.70991E-2 1.13066E-1 1.02371E-1 7.24016E-2 1.0374E-1 1.12624E-1 1.34078E-1 1.25885E-1 1.19845E-1 7.50073E-2 6.10036E-2 5.21344E-2 2.23405E-2 3.85777E-2 4.21326E-2 2.17239E-2 1.02786E-2 0E0 0E0 0E0 0E0 3.21093E-3 2.3471E-3 3.29556E-3 2.77614E-3 4.08296E-3 8.17555E-4 0E0 0E0 0E0 0E0 0E0 0E0 0E0 0E0
7.07676E-2 7.54157E-2 8.88976E-2 9.47739E-2 8.13048E-2 8.32736E-2 8.45145E-2 9.07114E-2 9.56114E-2 8.52611E-2 8.09496E-2 6.88231E-2 8.59958E-2 6.21639E-2 5.68893E-2 5.89239E-2 7.1168E-2 6.73815E-2 8.08647E-2 9.06875E-2 1.05149E-1 9.95748E-2 1.11855E-1 6.48214E-2 8.01652E-2 1.02312E-1 1.04803E-1 8.76701E-2 7.69026E-2 8.87224E-2 7.01176E-2 6.0065E-2 6.9385E-2 1.04348E-1 1.16497E-1 9.52283E-2 1.14574E-1 1.04368E-1 1.03017E-1 1.27166E-1 1.56922E-1 1.14248E-1 1.26733E-1 9.0666E-2 7.71853E-2 8.18876E-2 5.73736E-2 2.52848E-2 4.85498E-2 2.20762E-2 0E0 0E0 0E0 0E0 0E0 0E0 0E0 0E0 0E0 0E0 0E0 0E0 0E0 0E0 0E0 0E0 0E0 0E0 0E0 0E0
7.16942E-2 7.09994E-2 8.27481E-2 7.31787E-2 7.16847E-2 5.82191E-2 9.38361E-2 8.94141E-2 1.14146E-1 9.71179E-2 6.04636E-2 6.09084E-2 6.22853E-2 6.18176E-2 5.56116E-2 5.20847E-2 7.16288E-2 7.79198E-2 9.40471E-2 9.82438E-2 9.04951E-2 9.38695E-2 9.72174E-2 9.49543E-2 5.44946E-2 9.84296E-2 9.9471E-2 6.5762E-2 7.89409E-2 7.26679E-2 9.77888E-2 7.01757E-2 1.06137E-1 1.03796E-1 1.09927E-1 7.51092E-2 6.70043E-2 1.24522E-1 1.36696E-1 1.35009E-1 1.27959E-1 1.31406E-1 1.14733E-1 1.06126E-1 1.1025E-1 1.02754E-1 3.12835E-2 2.20312E-2 3.19945E-2 8.02648E-3 0E0 0E0 0E0 0E0 0E0 0E0 0E0 0E0 0E0 0E0 0E0 0E0 0E0 0E0 0E0 0E0 0E0 0E0 0E0 0E0
6.13481E-2 6.27803E-2 7.15423E-2 9.37529E-2 6.91799E-2 7.63565E-2 1.04085E-1 9.41408E-2 9.40844E-2 1.07014E-1 7.8176E-2 6.96909E-2 7.74879E-2 5.15136E-2 5.28627E-2 5.57065E-2 7.62744E-2 7.04657E-2 7.42327E-2 7.86603E-2 7.57011E-2 1.0831E-1 7.05872E-2 6.44555E-2 5.51653E-2 5.92812E-2 5.34086E-2 6.58782E-2 7.86967E-2 8.80407E-2 1.35811E-1 1.40087E-1 1.21519E-1 1.12308E-1 1.12068E-1 1.19031E-1 1.25596E-1 1.22939E-1 1.20732E-1 1.2494E-1 1.222E-1 1.25617E-1 1.31563E-1 1.16965E-1 1.0581E-1 7.68182E-2 4.16465E-2 3.0743E-2 5.80093E-3 0E0 0E0 0E0 0E0 0E0 0E0 0E0 0E0 0E0 0E0 0E0 0E0 0E0 0E0 0E0 0E0 0E0 0E0 0E0 0E0 0E0
5.20087E-2 4.52942E-2 6.75561E-2 8.96905E-2 8.05094E-2 6.67701E-2 1.00731E-1 1.03245E-1 6.21757E-2 1.12228E-1 9.79643E-2 8.03407E-2 5.40809E-2 7.54971E-2 8.41315E-2 1.05997E-1 7.17711E-2 6.91614E-2 5.60307E-2 6.6437E-2 7.54749E-2 9.82557E-2 6.53667E-2 7.41916E-2 8.26582E-2 5.95664E-2 6.72887E-2 7.66996E-2 6.53853E-2 1.25386E-1 1.36987E-1 8.74979E-2 8.05241E-2 9.14885E-2 8.5251E-2 1.17225E-1 1.22969E-1 1.18978E-1 1.1719E-1 9.77354E-2 1.17722E-1 1.31267E-1 1.18761E-1 1.03037E-1 9.46778E-2 8.42115E-2 4.88096E-2 3.61058E-2 8.46468E-3 0E0 0E0 0E0 0E0 0E0 0E0 0E0 0E0 0E0 0E0 0E0 0E0 0E0 0E0 0E0 0E0 0E0 0E0 0E0 0E0 0E0
5.85249E-2 5.65004E-2 6.87107E-2 8.72303E-2 7.07014E-2 6.78772E-2 8.51786E-2 6.09955E-2 1.02934E-1 1.03738E-1 9.23188E-2 8.24932E-2 6.84893E-2 5.52071E-2 6.33246E-2 5.98025E-2 6.43216E-2 8.11351E-2 5.38878E-2 6.78419E-2 5.93156E-2 9.08018E-2 5.9968E-2 7.29676E-2 7.86982E-2 6.74421E-2 6.54312E-2 9.28312E-2 6.46099E-2 6.49865E-2 1.21687E-1 1.15255E-1 1.10872E-1 1.04209E-1 9.32553E-2 7.82682E-2 8.1505E-2 1.03454E-1 1.17671E-1 8.97953E-2 9.87112E-2 1.02858E-1 1.10988E-1 8.2055E-2 6.65858E-2 5.03967E-2 3.47878E-2 1.99018E-2 5.30511E-3 0E0 0E0 0E0 0E0 0E0 3.56362E-4 0E0 0E0 0E0 0E0 0E0 0E0 0E0 0E0 0E0 0E0 0E0 0E0 0E0 0E0 0E0
6.54176E-2 6.17133E-2 8.507E-2 9.81085E-2 7.57967E-2 6.58962E-2 4.38565E-2 4.55348E-2 8.12118E-2 8.17355E-2 6.78931E-2 8.25128E-2 8.94525E-2 8.66487E-2 8.23236E-2 9.40789E-2 9.03277E-2 6.4311E-2 5.95489E-2 7.17532E-2 7.0256E-2 6.28362E-2 7.40737E-2 8.07685E-2 7.95629E-2 9.68554E-2 9.91899E-2 6.75142E-2 5.5877E-2 5.87823E-2 1.13973E-1 1.14511E-1 9.29538E-2 9.28148E-2 7.25408E-2 6.99598E-2 5.71727E-2 6.01433E-2 8.15095E-2 7.40131E-2 1.00018E-1 7.19504E-2 7.78845E-2 6.6022E-2 4.11741E-2 2.46009E-2 3.4494E-2 4.66329E-2 3.29263E-2 0E0 6.85463E-3 2.02816E-3 3.81566E-3 2.99037E-3 0E0 0E0 0E0 0E0 0E0 0E0 0E0 0E0 0E0 0E0 0E0 0E0 0E0 0E0 0E0 0E0
7.44125E-2 5.43118E-2 9.95009E-2 8.10776E-2 6.78138E-2 5.64555E-2 6.97781E-2 7.0764E-2 8.01143E-2 8.56841E-2 9.27981E-2 7.79539E-2 8.48461E-2 1.19233E-1 1.27822E-1 1.04156E-1 7.56186E-2 6.98974E-2 7.32955E-2 9.35116E-2 9.14048E-2 8.08935E-2 6.86364E-2 7.29464E-2 1.00186E-1 1.11716E-1 1.00961E-1 7.81603E-2 6.33601E-2 7.43867E-2 1.26579E-1 1.20067E-1 8.9895E-2 7.3227E-2 7.57118E-2 3.86542E-2 4.40419E-2 7.0405E-2 1.05414E-1 8.92699E-2 8.5611E-2 7.13351E-2 6.24462E-2 4.14494E-2 4.88403E-2 3.35353E-2 4.16593E-2 3.28863E-2 4.88628E-2 2.06126E-2 9.83639E-3 1.07578E-2 7.58879E-3 2.80529E-3 5.81136E-4 0E0 0E0 0E0 0E0 0E0 0E0 0E0 0E0 0E0 0E0 0E0 0E0 0E0 0E0 0E0
7.93917E-2 7.90625E-2 8.08029E-2 5.65149E-2 6.29196E-2 7.97873E-2 7.02078E-2 7.02397E-2 9.23461E-2 9.22482E-2 9.67563E-2 8.70708E-2 9.31212E-2 8.64255E-2 7.75697E-2 9.54075E-2 6.57031E-2 8.26473E-2 8.24895E-2 8.4683E-2 8.64519E-2 9.13263E-2 7.84947E-2 6.62759E-2 9.59286E-2 9.81894E-2 7.97038E-2 6.17035E-2 6.60879E-2 1.15037E-1 1.01453E-1 1.03948E-1 9.95752E-2 8.84821E-2 9.85032E-2 9.42812E-2 7.67541E-2 8.04204E-2 1.12325E-1 9.18109E-2 1.04575E-1 1.03355E-1 7.96757E-2 5.20077E-2 5.49357E-2 2.93427E-2 3.38987E-2 1.8394E-2 2.86676E-2 2.02586E-2 1.85315E-2 1.07965E-2 5.46442E-3 1.39279E-3 0E0 0E0 0E0 0E0 0E0 0E0 0E0 0E0 0E0 0E0 0E0 0E0 0E0 0E0 0E0 0E0
8.42557E-2 8.97609E-2 6.87264E-2 6.34252E-2 7.68252E-2 9.51907E-2 9.9914E-2 6.6918E-2 5.96461E-2 6.72381E-2 1.09115E-1 1.0374E-1 1.13407E-1 9.9587E-2 7.44205E-2 9.02146E-2 7.90173E-2 8.13141E-2 8.12055E-2 5.91554E-2 6.87573E-2 6.77499E-2 7.82662E-2 9.07453E-2 9.4725E-2 8.32873E-2 5.67899E-2 5.8388E-2 8.35896E-2 6.75056E-2 8.92407E-2 1.25688E-1 1.06424E-1 1.13951E-1 1.20885E-1 1.18516E-1 1.1668E-1 9.52066E-2 1.04044E-1 4.94323E-2 8.7192E-2 8.83846E-2 9.12972E-2 5.7959E-2 3.62867E-2 2.46581E-2 1.95858E-2 1.04772E-2 1.92464E-2 1.60822E-2 1.17227E-2 5.58628E-3 4.24434E-3 1.70601E-3 0E0 0E0 0E0 0E0 0E0 0E0 0E0 0E0 0E0 0E0 0E0 0E0 0E0 0E0 0E0 0E0
8.13997E-2 9.35504E-2 7.89944E-2 5.4189E-2 5.99975E-2 1.01755E-1 6.80246E-2 6.51192E-2 7.61352E-2 6.30932E-2 7.73463E-2 9.3223E-2 1.08734E-1 7.10392E-2 5.09553E-2 9.10799E-2 1.03521E-1 5.66334E-2 7.83275E-2 7.06433E-2 6.32286E-2 5.65252E-2 5.75491E-2 9.19879E-2 7.62831E-2 7.31775E-2 5.08432E-2 5.72159E-2 8.74033E-2 6.9919E-2 8.90311E-2 1.19885E-1 1.23037E-1 1.28032E-1 1.08549E-1 1.13537E-1 1.04529E-1 4.51238E-2 4.78878E-2 4.20492E-2 6.07683E-2 9.36062E-2 5.06657E-2 4.40348E-2 5.19481E-2 4.56017E-2 2.48034E-2 1.59715E-2 1.84687E-2 1.70242E-2 7.34142E-3 2.6646E-3 0E0 0E0 0E0 0E0 0E0 0E0 0E0 0E0 0E0 0E0 0E0 0E0 0E0 0E0 0E0 0E0 0E0 0E0
8.00679E-2 6.18441E-2 7.31598E-2 5.06668E-2 6.81433E-2 8.82632E-2 8.62911E-2 5.19543E-2 6.33458E-2 6.74786E-2 8.98905E-2 8.20006E-2 8.62715E-2 8.016E-2 6.80797E-2 9.56959E-2 8.21137E-2 5.31752E-2 5.65647E-2 5.99259E-2 5.37788E-2 5.65765E-2 5.42793E-2 8.55155E-2 6.19493E-2 5.49286E-2 6.06857E-2 9.00774E-2 5.74976E-2 7.19586E-2 6.01803E-2 1.15366E-1 1.35495E-1 1.23421E-1 1.25174E-1 1.2863E-1 8.30911E-2 5.92344E-2 6.36117E-2 9.17206E-2 1.02115E-1 9.24951E-2 9.88849E-2 6.03724E-2 4.21321E-2 3.26797E-2 2.80403E-2 2.69874E-2 2.68261E-2 5.72538E-3 0E0 0E0 0E0 0E0 0E0 0E0 0E0 0E0 0E0 0E0 0E0 0E0 0E0 0E0 0E0 0E0 0E0 0E0 0E0 0E0
9.73982E-2 9.33223E-2 6.37604E-2 4.21479E-2 6.71973E-2 6.88105E-2 8.05097E-2 6.99691E-2 8.24545E-2 6.78973E-2 7.16038E-2 7.1933E-2 9.36749E-2 7.36139E-2 1.03953E-1 9.62703E-2 8.34796E-2 7.38862E-2 9.05721E-2 5.72449E-2 6.49635E-2 5.33945E-2 6.13896E-2 6.37105E-2 5.70514E-2 5.22713E-2 5.73549E-2 7.61308E-2 7.24771E-2 7.16009E-2 8.2011E-2 1.14275E-1 1.36697E-1 1.23492E-1 1.11788E-1 9.59317E-2 8.677E-2 8.96521E-2 1.03101E-1 1.12083E-1 1.1139E-1 9.93769E-2 7.8177E-2 4.5478E-2 5.03086E-2 3.6217E-2 2.29888E-2 3.72596E-2 0E0 0E0 0E0 0E0 0E0 0E0 0E0 0E0 0E0 0E0 0E0 0E0 0E0 0E0 0E0 0E0 0E0 0E0 0E0 0E0 0E0 0E0
