ENM/Final_Models/M_1_F_lqp_Set_1_EC/Gustavia_santanderiensis_4_Choco.asc
ncols         367
nrows         963
xllcorner     -78.6
yllcorner     0.65
cellsize      0.00833333333333323
NODATA_value  -9999
[rows 384 to 415 of 963, columns 144 to 215 of 367]
9.98408E-1 9.85069E-1 9.41153E-1 9.73979E-1 9.46107E-1 9.9602E-1 9.99164E-1 9.99965E-1 2.71754E-1 8.32681E-2 4.64951E-1 9.75899E-1 7.76597E-1 9.71225E-1 8.45896E-1 7.40413E-1 4.20922E-1 4.94415E-1 5.51018E-1 5.52134E-1 1.09978E-1 5.28714E-2 3.51871E-2 9.76131E-3 2.35528E-2 7.44222E-2 2.8963E-1 2.12938E-1 9.61398E-1 9.99983E-1 9.99998E-1 9.99906E-1 9.99703E-1 9.99752E-1 9.99326E-1 9.98104E-1 9.99964E-1 9.9998E-1 9.99848E-1 9.99352E-1 9.99954E-1 9.99999E-1 9.99457E-1 9.97263E-1 9.86E-1 1E0 9.99532E-1 9.9993E-1 9.99884E-1 9.99972E-1 9.6959E-1 9.99634E-1 9.99998E-1 1E0 9.9997E-1 9.99998E-1 1E0 1E0 1E0 9.99994E-1 9.99999E-1 9.99978E-1 1E0 1E0 1E0 1E0 1E0 1E0 1E0 1E0 1E0 1E0
8.69535E-1 9.25879E-1 8.9797E-1 9.88746E-1 9.9982E-1 9.9671E-1 9.98851E-1 9.525E-1 5.42646E-1 1.20242E-1 3.86509E-1 7.50212E-1 9.64371E-1 8.28211E-1 3.36224E-1 1.37361E-1 1.25877E-1 1.58679E-1 3.56677E-1 1.1264E-1 7.75807E-3 6.74129E-3 1.31383E-3 3.88612E-3 3.95849E-2 5.63772E-2 5.01347E-2 5.90747E-1 9.80675E-1 9.99417E-1 9.9999E-1 9.9982E-1 9.99715E-1 9.95557E-1 9.69317E-1 9.33354E-1 9.97259E-1 9.61144E-1 9.94123E-1 9.99548E-1 9.99686E-1 9.99968E-1 9.99483E-1 9.84561E-1 9.86392E-1 9.96079E-1 9.99653E-1 9.99984E-1 9.98137E-1 9.98775E-1 9.95524E-1 9.99526E-1 1E0 1E0 9.99994E-1 1E0 1E0 1E0 1E0 1E0 1E0 9.99996E-1 9.99999E-1 9.99999E-1 1E0 1E0 1E0 1E0 1E0 1E0 1E0 1E0
3.49835E-1 4.30036E-1 7.53049E-1 7.94579E-1 9.52235E-1 9.99994E-1 9.66123E-1 5.62767E-1 1.46166E-1 7.66929E-2 2.28432E-1 7.78989E-1 9.61657E-1 7.51141E-1 1.88523E-1 1.89222E-2 1.82415E-2 5.12065E-2 4.0683E-2 3.581E-2 1.79062E-3 1.01486E-3 1.78685E-3 3.31574E-3 3.57153E-2 2.25822E-1 4.44434E-1 9.02567E-1 9.94769E-1 9.95853E-1 9.99971E-1 9.98938E-1 9.91183E-1 9.70905E-1 9.14823E-1 9.73294E-1 9.87859E-1 9.97165E-1 9.99937E-1 1E0 1E0 9.99999E-1 9.99616E-1 9.70922E-1 9.8599E-1 9.90285E-1 9.98575E-1 9.99829E-1 9.98177E-1 9.87213E-1 9.99337E-1 9.96146E-1 1E0 1E0 1E0 1E0 1E0 1E0 1E0 1E0 1E0 1E0 1E0 1E0 1E0 1E0 1E0 1E0 1E0 1E0 1E0 1E0
-9999 -9999 2.61575E-1 6.8018E-1 8.24598E-1 9.99999E-1 9.5961E-1 2.56782E-1 6.01871E-2 6.14097E-3 3.05525E-1 9.91955E-1 9.66193E-1 9.00053E-1 1.65784E-1 2.40108E-2 3.15602E-3 1.21343E-2 1.28825E-2 8.77982E-3 5.98238E-4 2.60504E-4 5.77073E-3 3.47559E-3 5.94461E-2 3.70078E-1 5.18377E-1 9.42688E-1 9.92772E-1 9.79696E-1 9.99963E-1 9.97793E-1 9.85654E-1 8.83966E-1 9.0169E-1 9.67624E-1 9.99894E-1 9.99898E-1 9.9999E-1 1E0 1E0 9.99996E-1 9.98294E-1 9.99018E-1 9.75695E-1 9.9006E-1 9.94786E-1 9.99683E-1 9.99933E-1 9.96539E-1 9.99686E-1 9.99919E-1 9.99994E-1 1E0 1E0 1E0 1E0 1E0 1E0 1E0 1E0 1E0 1E0 1E0 1E0 1E0 1E0 1E0 1E0 1E0 1E0 1E0
-9999 6.0278E-1 5.23203E-1 6.17722E-1 8.9291E-1 9.90108E-1 9.49982E-1 8.01673E-1 8.11445E-2 2.99665E-2 2.84412E-1 9.89522E-1 9.94983E-1 9.68793E-1 9.7769E-2 1.71834E-2 8.35761E-3 7.5914E-3 4.402E-3 2.19291E-3 5.92997E-4 2.79471E-4 7.18379E-4 1.23605E-2 4.24714E-2 4.9237E-1 7.79841E-1 9.98513E-1 9.99491E-1 9.94957E-1 9.91302E-1 9.36231E-1 9.32222E-1 8.2292E-1 8.36478E-1 9.91756E-1 9.95316E-1 9.97979E-1 9.99907E-1 9.99995E-1 1E0 1E0 9.97388E-1 9.97136E-1 9.23077E-1 9.94605E-1 9.99684E-1 9.96382E-1 9.99931E-1 1E0 1E0 1E0 1E0 1E0 1E0 1E0 1E0 1E0 1E0 1E0 1E0 1E0 1E0 1E0 1E0 1E0 1E0 1E0 1E0 1E0 1E0 1E0
-9999 -9999 7.40569E-1 4.70689E-1 6.09612E-1 7.1347E-1 2.0329E-1 3.06534E-1 5.53492E-2 7.12255E-2 4.80652E-1 9.21347E-1 9.65097E-1 8.56159E-1 1.88183E-1 6.49491E-3 2.06935E-3 1.47159E-3 3.22449E-3 1.03208E-3 5.27889E-4 3.22182E-4 5.6606E-4 7.51489E-3 1.03575E-2 1.37404E-1 5.05678E-1 9.99987E-1 9.99999E-1 9.99826E-1 9.88941E-1 9.86834E-1 9.58283E-1 9.38128E-1 9.31698E-1 9.90931E-1 9.97801E-1 9.98918E-1 9.99442E-1 9.99753E-1 9.99716E-1 9.99057E-1 9.97625E-1 9.98149E-1 9.93004E-1 9.96924E-1 9.99254E-1 9.99978E-1 9.99943E-1 9.99999E-1 1E0 1E0 1E0 1E0 1E0 1E0 1E0 1E0 1E0 1E0 1E0 1E0 1E0 1E0 1E0 1E0 1E0 1E0 1E0 1E0 1E0 1E0
-9999 -9999 5.37006E-1 9.06173E-1 6.31731E-1 7.35426E-1 1.41741E-1 9.26472E-2 7.94404E-2 1.14815E-1 4.11713E-1 9.03625E-1 8.71841E-1 7.8858E-1 3.5162E-1 5.21233E-2 8.82356E-3 3.62699E-3 4.90854E-4 7.05309E-4 2.089E-3 4.89218E-3 6.68545E-4 1.9984E-3 1.63779E-2 2.82618E-2 6.14139E-2 9.94126E-1 9.99982E-1 9.9902E-1 9.97609E-1 8.69468E-1 9.48735E-1 8.81783E-1 9.79964E-1 9.88573E-1 9.864E-1 9.99879E-1 9.96945E-1 9.97873E-1 9.99906E-1 9.99802E-1 9.97472E-1 9.99793E-1 9.85435E-1 9.9259E-1 9.99936E-1 1E0 1E0 1E0 1E0 9.99999E-1 1E0 1E0 1E0 1E0 1E0 1E0 1E0 1E0 1E0 1E0 1E0 1E0 1E0 1E0 1E0 1E0 1E0 1E0 1E0 1E0
-9999 -9999 -9999 9.69864E-1 9.91319E-1 9.27262E-1 3.94815E-1 2.21853E-1 1.78812E-1 2.68563E-1 2.3834E-1 5.13385E-1 9.68897E-1 9.0064E-1 9.53711E-1 1.53686E-1 2.84474E-2 3.24651E-3 5.8077E-4 4.79309E-4 2.73715E-4 4.93635E-3 1.06165E-3 1.24049E-3 3.18387E-3 1.6032E-1 3.55676E-1 9.96959E-1 9.99992E-1 9.99305E-1 9.96648E-1 9.21011E-1 8.96584E-1 8.66423E-1 9.31637E-1 9.92031E-1 9.60121E-1 9.98417E-1 9.99383E-1 9.99221E-1 9.87034E-1 9.80939E-1 9.95203E-1 9.92357E-1 9.99973E-1 1E0 1E0 1E0 1E0 1E0 1E0 1E0 1E0 1E0 1E0 1E0 1E0 1E0 1E0 1E0 1E0 1E0 1E0 1E0 1E0 1E0 1E0 1E0 1E0 1E0 1E0 1E0
-9999 -9999 -9999 6.13643E-1 7.68284E-1 4.81719E-1 7.99507E-1 7.85894E-1 2.95313E-1 6.24911E-1 6.01636E-1 6.92405E-1 9.21035E-1 9.41564E-1 9.03261E-1 5.17634E-1 1.49648E-1 3.70001E-3 7.12571E-4 1.69968E-3 2.16137E-3 1.62458E-2 4.27294E-2 4.60574E-2 1.51627E-1 9.19683E-1 9.95623E-1 9.99979E-1 9.99501E-1 9.96815E-1 9.96769E-1 8.82285E-1 8.62058E-1 9.18802E-1 9.99886E-1 9.99395E-1 9.99183E-1 9.9943E-1 9.9947E-1 9.9872E-1 9.97131E-1 9.8183E-1 9.95725E-1 9.99901E-1 1E0 1E0 1E0 1E0 1E0 1E0 1E0 1E0 1E0 1E0 1E0 1E0 1E0 1E0 1E0 1E0 1E0 1E0 9.99999E-1 1E0 1E0 1E0 1E0 1E0 1E0 1E0 1E0 1E0
-9999 -9999 -9999 -9999 -9999 3.82025E-1 4.70825E-1 7.2531E-1 2.76546E-1 8.09904E-1 9.48902E-1 8.23599E-1 7.3388E-1 4.92828E-1 8.69081E-1 4.23036E-1 2.745E-2 3.56607E-3 2.50725E-3 9.11389E-3 1.02273E-2 1.75874E-2 1.70206E-1 1.3567E-1 5.0156E-1 9.97831E-1 1E0 9.99998E-1 9.99159E-1 9.71319E-1 9.78109E-1 9.7629E-1 9.80865E-1 9.67671E-1 9.99999E-1 9.99963E-1 9.99927E-1 9.68907E-1 9.9486E-1 9.999E-1 9.99969E-1 9.86965E-1 9.89903E-1 9.96594E-1 9.99939E-1 1E0 1E0 1E0 1E0 1E0 1E0 1E0 1E0 1E0 1E0 1E0 1E0 1E0 1E0 1E0 1E0 1E0 1E0 1E0 1E0 1E0 1E0 1E0 1E0 1E0 1E0 1E0
-9999 -9999 -9999 -9999 -9999 -9999 9.5067E-1 7.45549E-1 6.17164E-1 9.52663E-1 9.71349E-1 6.72822E-1 5.59444E-1 3.84011E-1 1.08568E-1 8.45737E-1 2.95856E-1 4.57997E-2 2.05436E-2 2.24115E-2 1.98107E-2 7.77219E-2 1.78587E-1 5.08863E-1 9.64653E-1 9.99645E-1 9.99996E-1 9.99999E-1 9.99968E-1 9.88298E-1 9.66928E-1 9.67958E-1 8.68265E-1 9.77155E-1 9.53556E-1 9.98848E-1 9.99996E-1 9.9717E-1 9.999E-1 9.99979E-1 9.9818E-1 9.97644E-1 9.98568E-1 9.99935E-1 1E0 1E0 1E0 1E0 1E0 1E0 1E0 1E0 1E0 1E0 1E0 1E0 1E0 1E0 1E0 1E0 1E0 1E0 1E0 1E0 1E0 1E0 1E0 1E0 1E0 9.99956E-1 1E0 1E0
-9999 -9999 -9999 -9999 -9999 -9999 -9999 9.99149E-1 9.9849E-1 9.88412E-1 9.64379E-1 8.60049E-1 5.19093E-1 1.00711E-1 6.4953E-2 1.47216E-1 3.10034E-1 5.17939E-1 1.39699E-1 1.58675E-1 1.26632E-1 8.35791E-2 1.4095E-1 2.54975E-1 6.77093E-1 9.35564E-1 9.9872E-1 9.88455E-1 9.99775E-1 9.89443E-1 9.44301E-1 7.83635E-1 7.65666E-1 8.28113E-1 9.58519E-1 9.6375E-1 9.89803E-1 9.99595E-1 9.99991E-1 9.99981E-1 9.99984E-1 9.99652E-1 9.99857E-1 9.99952E-1 1E0 9.99875E-1 9.99982E-1 9.99992E-1 9.99999E-1 9.99569E-1 9.99999E-1 9.99991E-1 9.99987E-1 1E0 1E0 1E0 1E0 1E0 1E0 1E0 1E0 1E0 1E0 1E0 1E0 1E0 1E0 1E0 1E0 1E0 1E0 1E0
-9999 -9999 -9999 -9999 -9999 -9999 -9999 9.9994E-1 9.99976E-1 9.78497E-1 7.27611E-1 8.23545E-1 6.22895E-1 1.99486E-1 3.25536E-2 1.30497E-2 1.11952E-1 2.03905E-1 1.50939E-1 1.17202E-1 8.78228E-2 1.47371E-2 1.95453E-2 7.46461E-2 1.69282E-1 3.95808E-1 9.96432E-1 9.99879E-1 9.99946E-1 9.77083E-1 8.51169E-1 8.87273E-1 9.27369E-1 8.181E-1 8.47742E-1 6.67469E-1 9.25749E-1 9.95296E-1 9.99637E-1 9.99856E-1 9.99998E-1 9.99999E-1 9.99985E-1 1E0 9.99999E-1 9.99991E-1 9.99993E-1 1E0 1E0 9.99999E-1 1E0 1E0 1E0 1E0 1E0 1E0 1E0 9.99997E-1 9.99999E-1 1E0 1E0 1E0 1E0 1E0 1E0 1E0 1E0 1E0 1E0 1E0 9.99999E-1 1E0
-9999 -9999 -9999 -9999 -9999 -9999 -9999 9.95121E-1 9.94788E-1 9.10208E-1 9.50876E-1 8.54595E-1 5.56445E-1 4.93667E-2 1.19298E-2 5.73271E-3 1.12646E-3 9.69664E-3 1.80716E-2 3.68992E-2 2.68608E-2 1.04621E-2 1.43516E-2 5.637E-2 2.20037E-1 5.91295E-1 9.67911E-1 9.95444E-1 9.99993E-1 9.99995E-1 9.24376E-1 9.29897E-1 8.69587E-1 9.06836E-1 8.88297E-1 9.78337E-1 9.82147E-1 9.95887E-1 9.99956E-1 1E0 9.99731E-1 9.99918E-1 1E0 9.99795E-1 9.99427E-1 9.98355E-1 9.97566E-1 1E0 1E0 9.99997E-1 1E0 9.99998E-1 9.99999E-1 1E0 1E0 1E0 1E0 9.99999E-1 1E0 1E0 1E0 1E0 1E0 1E0 1E0 1E0 1E0 1E0 1E0 1E0 1E0 9.99999E-1
-9999 -9999 -9999 -9999 -9999 -9999 -9999 9.92792E-1 9.77407E-1 9.95189E-1 6.17578E-1 6.74474E-1 8.32132E-1 1.41359E-1 1.67575E-1 6.86156E-2 1.05259E-2 2.58539E-2 6.68885E-2 2.00304E-2 2.68605E-2 4.07065E-2 2.95404E-2 3.32912E-2 1.29681E-1 5.64536E-1 8.69499E-1 8.90537E-1 9.99551E-1 9.99891E-1 9.92101E-1 8.87262E-1 9.455E-1 9.74107E-1 9.96872E-1 9.88734E-1 9.89388E-1 9.95157E-1 9.98502E-1 9.99925E-1 9.9992E-1 9.99983E-1 9.9985E-1 1E0 9.99879E-1 9.99803E-1 9.99837E-1 9.9998E-1 9.99999E-1 1E0 9.99991E-1 1E0 1E0 1E0 1E0 1E0 1E0 1E0 1E0 1E0 1E0 1E0 1E0 1E0 1E0 1E0 1E0 1E0 1E0 1E0 1E0 9.99995E-1
-9999 -9999 -9999 -9999 -9999 -9999 -9999 9.99494E-1 9.90991E-1 9.84044E-1 7.32144E-1 7.31222E-1 7.94453E-1 2.66645E-1 2.64031E-1 3.29845E-1 4.42452E-1 1.56863E-1 1.90807E-1 1.5433E-1 6.3815E-2 7.17024E-2 2.4559E-2 1.86787E-2 9.87706E-2 4.65536E-1 7.94594E-1 9.42212E-1 9.99246E-1 9.99976E-1 9.54504E-1 9.70758E-1 9.8429E-1 9.55928E-1 9.92391E-1 9.81669E-1 9.80626E-1 9.98713E-1 9.99716E-1 9.99884E-1 9.99983E-1 9.99945E-1 9.99569E-1 9.99989E-1 9.99986E-1 9.99418E-1 9.94856E-1 9.99265E-1 9.99539E-1 1E0 1E0 1E0 1E0 1E0 1E0 1E0 1E0 1E0 1E0 1E0 1E0 1E0 1E0 1E0 1E0 1E0 1E0 1E0 1E0 1E0 1E0 9.99948E-1
-9999 -9999 -9999 -9999 -9999 -9999 -9999 9.93795E-1 9.8549E-1 1E0 9.9975E-1 9.52907E-1 9.85736E-1 6.64269E-1 7.39744E-1 8.59383E-1 6.83013E-1 3.15528E-1 2.1542E-1 1.42974E-1 7.61821E-2 8.23117E-2 1.83703E-2 6.31522E-3 4.20596E-2 4.58157E-1 9.96775E-1 9.99999E-1 9.99932E-1 9.99929E-1 9.5579E-1 9.59252E-1 9.95179E-1 9.33011E-1 9.98003E-1 9.99792E-1 9.96406E-1 9.98848E-1 9.99369E-1 9.99964E-1 9.99991E-1 9.9999E-1 1E0 1E0 9.99963E-1 9.95803E-1 9.98992E-1 9.99886E-1 9.98892E-1 1E0 1E0 1E0 1E0 1E0 1E0 1E0 1E0 1E0 1E0 1E0 1E0 1E0 1E0 1E0 1E0 1E0 1E0 1E0 1E0 1E0 1E0 9.99933E-1
-9999 -9999 -9999 -9999 -9999 -9999 -9999 9.99999E-1 1E0 1E0 9.99962E-1 9.90155E-1 9.09148E-1 9.48664E-1 9.96599E-1 9.74073E-1 6.58897E-1 1.67727E-1 8.38931E-2 1.56633E-1 8.34262E-2 3.65727E-2 2.03188E-2 4.60868E-3 1.80349E-2 3.5681E-1 9.99888E-1 9.97829E-1 9.99116E-1 9.97013E-1 9.61995E-1 9.85132E-1 9.79529E-1 9.84392E-1 9.80421E-1 9.92689E-1 9.97654E-1 9.99057E-1 9.99157E-1 9.99997E-1 9.99984E-1 9.99973E-1 1E0 1E0 9.99956E-1 9.99957E-1 9.98877E-1 9.99997E-1 9.99994E-1 9.98094E-1 1E0 1E0 1E0 1E0 1E0 1E0 1E0 1E0 1E0 1E0 1E0 1E0 1E0 1E0 1E0 1E0 1E0 1E0 1E0 9.99994E-1 9.99899E-1 9.9989E-1
-9999 -9999 -9999 -9999 -9999 -9999 -9999 9.99978E-1 9.99986E-1 9.99997E-1 9.86924E-1 9.70949E-1 7.21965E-1 9.31442E-1 9.68756E-1 9.5352E-1 9.55594E-1 1.02952E-1 2.07567E-2 1.95889E-2 1.45108E-2 2.29823E-2 5.5798E-3 1.82603E-2 7.47105E-2 4.80155E-1 8.92349E-1 9.04088E-1 9.9591E-1 9.9828E-1 9.97392E-1 9.61039E-1 9.64452E-1 9.98977E-1 9.99612E-1 9.99996E-1 9.98604E-1 9.94835E-1 9.99947E-1 9.97269E-1 9.99998E-1 1E0 1E0 9.99999E-1 9.98709E-1 9.99962E-1 9.99991E-1 9.99997E-1 1E0 9.98953E-1 1E0 1E0 1E0 1E0 1E0 1E0 1E0 1E0 1E0 1E0 1E0 1E0 1E0 1E0 1E0 1E0 1E0 1E0 1E0 1E0 1E0 9.81729E-1
-9999 -9999 -9999 -9999 -9999 -9999 -9999 9.95347E-1 9.98931E-1 9.98607E-1 9.47738E-1 9.98227E-1 7.03985E-1 8.09992E-1 3.44415E-1 7.03544E-1 7.71253E-1 8.47198E-2 1.73362E-2 2.12515E-3 1.22222E-3 2.66208E-3 2.06348E-3 4.51119E-3 1.10472E-1 5.93714E-1 8.77752E-1 9.81508E-1 9.74917E-1 9.98889E-1 9.30645E-1 9.99111E-1 9.99847E-1 9.91917E-1 9.94098E-1 9.95622E-1 9.97854E-1 9.94869E-1 9.99991E-1 9.99829E-1 9.96821E-1 9.99855E-1 9.99999E-1 9.99441E-1 9.85473E-1 9.99869E-1 9.99999E-1 9.99974E-1 9.98149E-1 9.99787E-1 1E0 1E0 1E0 1E0 1E0 1E0 1E0 1E0 1E0 1E0 1E0 1E0 1E0 1E0 1E0 1E0 1E0 1E0 1E0 9.99997E-1 1E0 9.99995E-1
-9999 -9999 -9999 -9999 -9999 -9999 -9999 9.97055E-1 9.99987E-1 9.9404E-1 9.95893E-1 9.94387E-1 8.40392E-1 8.68432E-1 2.81983E-1 3.60834E-1 3.64499E-1 7.48457E-2 2.85324E-2 5.11201E-3 1.94516E-3 4.41526E-3 2.98433E-3 5.67165E-3 6.03407E-2 6.1621E-1 9.91278E-1 9.90868E-1 9.8133E-1 9.98377E-1 9.8405E-1 9.99508E-1 9.99671E-1 9.99683E-1 9.98055E-1 9.93667E-1 9.99841E-1 9.95815E-1 9.98724E-1 9.99608E-1 9.99413E-1 9.99867E-1 9.99814E-1 9.92924E-1 9.96312E-1 1E0 9.99962E-1 9.99985E-1 9.96504E-1 9.9825E-1 9.99994E-1 1E0 1E0 1E0 1E0 1E0 1E0 1E0 1E0 1E0 1E0 1E0 1E0 1E0 1E0 1E0 1E0 1E0 9.99998E-1 9.99992E-1 9.99778E-1 9.99925E-1
-9999 -9999 -9999 -9999 -9999 -9999 -9999 9.99827E-1 9.98858E-1 9.99872E-1 9.96293E-1 9.9902E-1 9.99997E-1 9.31411E-1 4.07608E-1 3.35292E-1 3.97148E-1 7.27547E-2 1.72243E-2 1.0793E-2 4.32781E-3 4.03375E-3 2.49159E-3 9.3338E-3 1.04547E-1 8.68031E-1 9.91781E-1 9.55559E-1 9.79101E-1 9.90156E-1 9.94917E-1 9.94069E-1 9.9515E-1 9.94473E-1 9.88197E-1 9.95978E-1 9.99014E-1 9.97059E-1 9.99948E-1 9.93672E-1 9.9947E-1 9.99715E-1 9.99978E-1 9.93813E-1 9.99923E-1 9.99943E-1 9.98185E-1 9.98752E-1 9.98476E-1 9.99988E-1 9.99364E-1 9.98288E-1 1E0 1E0 1E0 9.99999E-1 1E0 1E0 1E0 1E0 1E0 1E0 1E0 1E0 1E0 1E0 1E0 1E0 9.99997E-1 1E0 9.99998E-1 9.99818E-1
-9999 -9999 -9999 -9999 -9999 -9999 -9999 9.99277E-1 9.95832E-1 9.98997E-1 9.99964E-1 9.97345E-1 9.99974E-1 8.84026E-1 3.58293E-1 2.97425E-1 1.42384E-1 5.29062E-2 9.40342E-3 1.6106E-2 2.95738E-3 3.18484E-3 7.22075E-3 3.36987E-2 1.99665E-1 9.97659E-1 9.99456E-1 8.79428E-1 8.74597E-1 9.99094E-1 9.87156E-1 9.8961E-1 9.97984E-1 9.99727E-1 9.96606E-1 9.88675E-1 9.96245E-1 9.93514E-1 9.98809E-1 9.97418E-1 9.99997E-1 9.99471E-1 9.99683E-1 9.96511E-1 9.95451E-1 9.99997E-1 9.99999E-1 9.99993E-1 9.96245E-1 9.9844E-1 9.98463E-1 9.99928E-1 1E0 1E0 1E0 1E0 1E0 1E0 1E0 1E0 1E0 1E0 1E0 1E0 1E0 1E0 1E0 1E0 1E0 9.99966E-1 9.99995E-1 1E0
-9999 -9999 -9999 -9999 -9999 -9999 -9999 9.96882E-1 9.99977E-1 9.99998E-1 1E0 9.9999E-1 9.9996E-1 9.92691E-1 5.56497E-1 4.73905E-1 1.23553E-1 9.70208E-3 1.47786E-2 6.26113E-3 3.4389E-3 5.78542E-3 1.04944E-2 2.3747E-2 3.05638E-1 9.99195E-1 9.99983E-1 9.85006E-1 9.48065E-1 9.95465E-1 9.70523E-1 9.96137E-1 9.76891E-1 9.99487E-1 9.94968E-1 9.87012E-1 9.99832E-1 9.9952E-1 9.99815E-1 9.99839E-1 1E0 9.97732E-1 9.99852E-1 9.99375E-1 9.99691E-1 9.9995E-1 9.99998E-1 1E0 9.99987E-1 9.94885E-1 9.85869E-1 9.99996E-1 1E0 1E0 1E0 1E0 9.99998E-1 1E0 1E0 1E0 1E0 1E0 1E0 1E0 1E0 1E0 1E0 1E0 9.99999E-1 1E0 9.99999E-1 9.99999E-1
-9999 -9999 -9999 -9999 -9999 -9999 -9999 9.9998E-1 1E0 1E0 1E0 1E0 1E0 9.99961E-1 9.25486E-1 5.84059E-1 1.49127E-1 2.91791E-2 3.16274E-2 1.77023E-2 1.76203E-2 8.7593E-3 2.78947E-2 1.22172E-2 3.45232E-1 9.99999E-1 1E0 9.99714E-1 9.99357E-1 9.96458E-1 9.97602E-1 9.92926E-1 9.92223E-1 9.99088E-1 9.99624E-1 9.99999E-1 9.98388E-1 9.98946E-1 9.99629E-1 9.99645E-1 9.99936E-1 1E0 9.99459E-1 9.99914E-1 9.99192E-1 1E0 1E0 9.99999E-1 9.99872E-1 9.99994E-1 9.99788E-1 9.99994E-1 1E0 1E0 1E0 9.99999E-1 9.99998E-1 1E0 1E0 1E0 1E0 1E0 1E0 1E0 1E0 1E0 1E0 1E0 9.99998E-1 9.99631E-1 9.99984E-1 1E0
-9999 -9999 -9999 -9999 -9999 -9999 -9999 9.99774E-1 1E0 1E0 9.99994E-1 9.99904E-1 9.99811E-1 9.98541E-1 9.96954E-1 9.03125E-1 6.46955E-1 6.31491E-1 6.10446E-1 2.611E-1 5.11942E-2 2.9825E-2 1.10599E-1 1.30877E-1 4.12379E-1 9.99745E-1 9.97722E-1 9.96569E-1 9.9952E-1 9.93325E-1 9.99224E-1 9.93334E-1 9.96169E-1 9.96785E-1 9.24537E-1 9.50188E-1 9.67287E-1 9.73627E-1 9.99744E-1 9.99973E-1 1E0 9.99995E-1 9.99925E-1 9.96512E-1 9.95976E-1 9.9996E-1 9.99992E-1 9.99952E-1 9.92592E-1 9.99594E-1 9.99966E-1 9.99997E-1 1E0 9.99964E-1 9.99966E-1 9.99948E-1 9.99935E-1 9.99991E-1 1E0 1E0 1E0 1E0 1E0 1E0 1E0 1E0 1E0 1E0 9.99977E-1 9.99982E-1 9.95627E-1 1E0
-9999 -9999 -9999 -9999 -9999 -9999 -9999 9.99972E-1 1E0 9.99996E-1 9.99996E-1 9.89184E-1 8.6503E-1 9.41862E-1 9.95922E-1 8.33581E-1 4.2168E-1 6.04558E-1 6.60302E-1 3.8159E-1 1.24723E-1 6.93117E-2 1.35519E-1 4.55879E-1 6.57004E-1 9.99967E-1 9.98358E-1 9.95099E-1 9.98304E-1 9.98784E-1 9.98023E-1 9.50325E-1 9.96414E-1 9.98704E-1 9.97746E-1 9.97394E-1 9.86288E-1 9.99996E-1 9.99996E-1 1E0 1E0 1E0 1E0 9.99811E-1 9.98302E-1 9.99981E-1 9.99648E-1 9.84094E-1 9.99038E-1 9.99681E-1 9.99991E-1 1E0 1E0 1E0 9.99993E-1 9.99904E-1 9.99999E-1 1E0 1E0 1E0 1E0 1E0 1E0 1E0 1E0 1E0 1E0 1E0 9.9999E-1 9.27181E-1 1E0 9.99919E-1
-9999 -9999 -9999 -9999 -9999 -9999 -9999 9.99991E-1 9.99999E-1 1E0 1E0 9.99503E-1 9.9836E-1 5.02133E-1 9.7645E-1 5.83024E-1 2.51094E-1 9.53889E-2 1.8398E-1 2.54516E-1 9.82657E-2 8.78294E-2 2.88564E-1 7.20659E-1 9.95987E-1 9.88425E-1 9.98608E-1 9.86932E-1 9.97752E-1 9.99497E-1 9.975E-1 9.99764E-1 9.99913E-1 9.99993E-1 9.99991E-1 9.99637E-1 9.94031E-1 9.9603E-1 9.99999E-1 1E0 1E0 1E0 9.99908E-1 9.99877E-1 9.99992E-1 9.99992E-1 9.99722E-1 9.94169E-1 9.99814E-1 9.99847E-1 9.99734E-1 1E0 1E0 9.99977E-1 9.99993E-1 1E0 1E0 1E0 1E0 1E0 1E0 1E0 1E0 1E0 1E0 1E0 1E0 1E0 9.99967E-1 9.96529E-1 9.98469E-1 9.99135E-1
-9999 -9999 -9999 -9999 -9999 -9999 -9999 9.98328E-1 9.95456E-1 9.99986E-1 9.99997E-1 9.97504E-1 9.98797E-1 9.95193E-1 9.69696E-1 8.26521E-1 4.71881E-1 1.6142E-1 7.81218E-2 1.13061E-1 5.41973E-2 3.02152E-1 3.99147E-1 8.3087E-1 9.99168E-1 9.95232E-1 9.90865E-1 9.99686E-1 9.99945E-1 9.98088E-1 9.87237E-1 9.98689E-1 9.99716E-1 9.99975E-1 9.99978E-1 9.99082E-1 9.93533E-1 9.99501E-1 9.99986E-1 1E0 1E0 1E0 1E0 9.99948E-1 9.99998E-1 9.99747E-1 9.99967E-1 9.97744E-1 9.99966E-1 9.99995E-1 9.99989E-1 9.99998E-1 1E0 1E0 1E0 1E0 1E0 1E0 1E0 1E0 1E0 1E0 1E0 9.99999E-1 1E0 1E0 1E0 1E0 9.99493E-1 9.9049E-1 9.99766E-1 9.98758E-1
-9999 -9999 -9999 -9999 -9999 -9999 -9999 9.98918E-1 9.93628E-1 1E0 1E0 1E0 9.99876E-1 9.86954E-1 9.12298E-1 9.58209E-1 7.90385E-1 4.65952E-1 3.96842E-1 3.23591E-1 1.30883E-1 9.36644E-2 1.77657E-1 8.72127E-1 9.97871E-1 9.99979E-1 9.99904E-1 9.99806E-1 9.99957E-1 9.99642E-1 9.74201E-1 9.89647E-1 9.97834E-1 9.99729E-1 9.99887E-1 9.99669E-1 9.95741E-1 9.96702E-1 9.99999E-1 1E0 1E0 1E0 9.99999E-1 9.99998E-1 9.99999E-1 1E0 9.99932E-1 9.99994E-1 9.99997E-1 9.99125E-1 9.99999E-1 9.99964E-1 1E0 1E0 1E0 1E0 1E0 1E0 1E0 1E0 1E0 1E0 1E0 1E0 1E0 1E0 1E0 1E0 9.99558E-1 9.99985E-1 9.99922E-1 9.99996E-1
-9999 -9999 -9999 -9999 -9999 -9999 -9999 9.99303E-1 9.96452E-1 9.88601E-1 9.68753E-1 9.99997E-1 9.99997E-1 9.61763E-1 9.95999E-1 9.99519E-1 9.38408E-1 6.17507E-1 8.4233E-1 9.62527E-1 7.43052E-1 3.74019E-1 2.86176E-1 9.81162E-1 9.99998E-1 9.99997E-1 9.97164E-1 9.97553E-1 9.9866E-1 9.98459E-1 9.86464E-1 9.87544E-1 8.03777E-1 9.9517E-1 9.92619E-1 9.93133E-1 9.93721E-1 9.97002E-1 9.99998E-1 1E0 9.99999E-1 9.99723E-1 9.99895E-1 9.99982E-1 1E0 9.99986E-1 9.99877E-1 9.98779E-1 9.97523E-1 9.9823E-1 1E0 1E0 1E0 9.99995E-1 9.99993E-1 1E0 1E0 1E0 1E0 1E0 1E0 1E0 1E0 1E0 1E0 1E0 1E0 1E0 9.99967E-1 1E0 9.99814E-1 9.98729E-1
-9999 -9999 -9999 -9999 -9999 -9999 -9999 -9999 9.99995E-1 9.99993E-1 9.99727E-1 1E0 1E0 9.99995E-1 9.99347E-1 9.99959E-1 9.38543E-1 9.95025E-1 9.99928E-1 9.97184E-1 9.85702E-1 9.99428E-1 9.99991E-1 9.97957E-1 9.99991E-1 1E0 1E0 9.99717E-1 9.9947E-1 9.91779E-1 9.99157E-1 9.96829E-1 9.90032E-1 9.61331E-1 9.87657E-1 9.99033E-1 9.9983E-1 1E0 1E0 9.99992E-1 9.99998E-1 9.99997E-1 9.98347E-1 9.99999E-1 9.99759E-1 9.99997E-1 9.99796E-1 1E0 9.99995E-1 9.99676E-1 9.99842E-1 1E0 1E0 9.99958E-1 9.99988E-1 9.99832E-1 1E0 1E0 1E0 1E0 9.99996E-1 1E0 1E0 1E0 1E0 1E0 1E0 1E0 1E0 9.99992E-1 9.99984E-1 9.99996E-1
