ENM/Final_Models/M_1_F_lqp_Set_1_EC/Gustavia_santanderiensis_6_Choco_clamping.asc
ncols         367
nrows         963
xllcorner     -78.6
yllcorner     0.65
cellsize      0.00833333333333323
NODATA_value  -9999
[rows 186 to 216 of 963, columns 140 to 209 of 367]
0E0 0E0 0E0 0E0 0E0 0E0 0E0 0E0 0E0 0E0 0E0 0E0 0E0 0E0 0E0 0E0 0E0 0E0 0E0 0E0 0E0 0E0 0E0 0E0 1.00043E-3 9.31515E-4 4.9395E-4 1.79237E-3 2.98138E-3 2.63178E-3 6.32946E-4 2.95895E-4 1.74733E-3 3.8492E-3 6.36608E-3 4.19047E-3 7.24719E-4 2.25527E-5 0E0 0E0 0E0 0E0 0E0 0E0 0E0 0E0 0E0 0E0 0E0 0E0 0E0 0E0 0E0 1.59839E-4 0E0 0E0 0E0 0E0 0E0 0E0 4.63889E-6 2.61768E-5 8.47288E-4 8.2127E-4 3.83824E-6 0E0 0E0 5.59771E-7 8.31195E-8 0E0
0E0 0E0 0E0 0E0 0E0 0E0 0E0 0E0 0E0 0E0 0E0 0E0 0E0 0E0 0E0 0E0 0E0 0E0 0E0 0E0 0E0 0E0 0E0 0E0 2.55136E-4 3.57924E-3 1.36284E-3 0E0 1.68012E-3 0E0 5.58635E-4 0E0 2.02542E-3 1.97799E-3 6.17358E-3 4.19881E-3 6.7755E-4 0E0 0E0 0E0 0E0 0E0 0E0 0E0 0E0 3.85904E-4 0E0 0E0 0E0 0E0 0E0 1.85034E-4 0E0 0E0 2.24346E-4 0E0 0E0 0E0 0E0 0E0 2.8448E-5 0E0 3.0688E-9 1.06605E-11 2.10736E-10 4.34511E-11 1.80417E-10 6.12844E-7 3.07264E-11 2.89216E-9
0E0 0E0 0E0 0E0 0E0 0E0 0E0 0E0 0E0 0E0 0E0 0E0 0E0 0E0 0E0 0E0 0E0 0E0 0E0 0E0 0E0 0E0 0E0 0E0 0E0 0E0 0E0 0E0 3.52075E-4 1.74459E-3 0E0 2.31668E-4 0E0 1.45348E-3 1.39994E-3 3.46934E-3 8.42434E-4 1.29118E-3 1.21931E-3 3.89985E-4 0E0 0E0 0E0 0E0 0E0 0E0 2.22834E-5 7.02584E-5 0E0 0E0 0E0 0E0 0E0 1.38635E-5 0E0 0E0 0E0 0E0 0E0 0E0 1.38373E-11 0E0 4.51227E-9 0E0 7.20823E-8 6.71589E-7 2.00561E-5 1.28949E-7 2.49682E-9 7.24437E-11
0E0 0E0 0E0 0E0 0E0 0E0 0E0 0E0 0E0 0E0 0E0 0E0 0E0 0E0 0E0 0E0 0E0 0E0 0E0 0E0 0E0 0E0 0E0 0E0 0E0 0E0 0E0 0E0 3.80265E-3 3.07135E-3 8.86384E-4 0E0 2.82704E-3 6.94063E-3 6.80981E-3 2.03934E-3 4.16071E-3 2.31557E-3 1.8078E-4 0E0 0E0 1.45334E-4 0E0 0E0 0E0 7.98157E-4 7.64277E-4 1.52525E-4 0E0 0E0 0E0 0E0 0E0 0E0 0E0 0E0 6.62045E-8 3.49041E-8 0E0 0E0 1.30216E-8 6.37393E-8 0E0 9.85408E-6 1.559E-5 7.99482E-7 3.6068E-5 9.12856E-7 5.33961E-7 3.13549E-12
0E0 0E0 0E0 0E0 0E0 0E0 0E0 0E0 0E0 0E0 0E0 0E0 0E0 0E0 0E0 0E0 0E0 0E0 0E0 0E0 0E0 0E0 0E0 0E0 0E0 0E0 0E0 1.92423E-3 7.08316E-3 3.72068E-3 0E0 0E0 1.4426E-3 2.55865E-3 4.7408E-3 4.23645E-3 6.0634E-3 1.79832E-3 0E0 0E0 0E0 0E0 0E0 0E0 0E0 0E0 0E0 0E0 0E0 0E0 0E0 0E0 0E0 0E0 7.48162E-4 0E0 2.70778E-5 0E0 0E0 1.07444E-6 1.35526E-6 9.53882E-9 0E0 0E0 0E0 0E0 9.56528E-10 2.88287E-7 1.30259E-10 3.65283E-11
0E0 0E0 0E0 0E0 0E0 0E0 0E0 0E0 0E0 0E0 0E0 0E0 0E0 0E0 0E0 0E0 0E0 0E0 0E0 0E0 0E0 0E0 0E0 0E0 2.13991E-3 0E0 0E0 1.45467E-3 4.53001E-3 0E0 0E0 5.73725E-4 9.25977E-4 2.31832E-3 6.94572E-3 3.43339E-3 1.9161E-3 1.75228E-3 0E0 0E0 2.13525E-3 0E0 0E0 9.99565E-5 0E0 0E0 0E0 3.02109E-4 0E0 0E0 0E0 0E0 0E0 8.74794E-7 0E0 6.02346E-4 0E0 0E0 0E0 0E0 4.13942E-5 3.1937E-8 1.32993E-6 0E0 0E0 0E0 3.04208E-11 2.22268E-7 7.90924E-8 1.65915E-8
0E0 0E0 0E0 0E0 0E0 0E0 0E0 0E0 0E0 0E0 0E0 0E0 0E0 0E0 0E0 0E0 0E0 0E0 0E0 0E0 0E0 0E0 0E0 0E0 0E0 0E0 0E0 5.41867E-3 4.21871E-3 9.15467E-4 0E0 8.4422E-4 3.03853E-3 6.57206E-4 2.56E-3 1.75447E-3 2.21122E-3 1.22662E-3 0E0 0E0 1.30313E-3 8.81867E-4 0E0 1.2547E-5 2.70517E-4 4.28856E-4 3.01932E-4 0E0 0E0 0E0 0E0 4.16246E-6 0E0 0E0 0E0 4.49283E-4 5.19384E-5 0E0 0E0 0E0 0E0 8.26728E-12 3.40469E-8 1.83604E-6 7.36826E-8 0E0 6.0596E-13 1.90475E-9 1.38568E-9 4.16311E-12
0E0 0E0 0E0 0E0 0E0 0E0 0E0 0E0 0E0 0E0 0E0 0E0 0E0 0E0 0E0 0E0 0E0 0E0 0E0 0E0 0E0 0E0 0E0 5.78746E-4 3.94994E-4 3.44302E-3 3.848E-3 3.71815E-3 5.96251E-4 6.3036E-3 5.82088E-4 7.5213E-4 4.79236E-4 4.51213E-3 2.76434E-3 1.30607E-3 1.48134E-4 0E0 2.583E-4 4.94656E-4 1.58242E-4 7.1215E-4 1.8665E-4 3.755E-4 0E0 0E0 7.42635E-4 1.58468E-4 2.84098E-4 9.86297E-7 9.52344E-8 0E0 0E0 0E0 0E0 1.13893E-6 1.28661E-4 0E0 1.8189E-4 1.6993E-4 0E0 0E0 5.28132E-5 1.43422E-5 3.41893E-8 0E0 3.53817E-12 2.19844E-11 6.39588E-12 7.77156E-14
0E0 0E0 0E0 0E0 0E0 0E0 0E0 0E0 0E0 0E0 0E0 0E0 0E0 0E0 0E0 0E0 0E0 0E0 0E0 0E0 0E0 0E0 0E0 1.09171E-3 1.14929E-3 3.97612E-3 1.43295E-3 9.32881E-3 7.58141E-4 5.80759E-3 0E0 0E0 0E0 2.07823E-3 3.04158E-3 1.24156E-3 5.4507E-3 0E0 0E0 0E0 0E0 4.99177E-4 0E0 0E0 0E0 0E0 1.59817E-5 3.43782E-5 5.88468E-4 8.96346E-6 3.28716E-6 0E0 0E0 0E0 5.9896E-6 5.97973E-4 5.15426E-5 0E0 0E0 3.13486E-5 0E0 6.30129E-7 4.38236E-5 2.0677E-11 1.4108E-11 9.1019E-10 4.56524E-13 3.88301E-12 6.00631E-14 0E0
0E0 0E0 0E0 0E0 0E0 0E0 0E0 0E0 0E0 0E0 0E0 0E0 0E0 0E0 0E0 0E0 0E0 0E0 0E0 0E0 0E0 0E0 4.88567E-4 1.19089E-3 3.19789E-3 3.12286E-3 3.86734E-3 1.47304E-3 3.20051E-3 1.6034E-3 0E0 0E0 0E0 1.452E-3 4.2201E-3 4.76945E-3 1.96054E-3 5.25786E-3 0E0 0E0 0E0 0E0 0E0 3.06996E-3 1.1633E-3 1.06862E-3 0E0 3.16384E-7 1.39017E-6 4.34929E-5 1.54099E-7 7.18695E-8 5.55795E-8 0E0 2.87707E-5 1.87306E-9 3.33755E-10 1.11222E-12 6.95555E-13 8.89836E-9 1.33461E-6 1.15852E-5 6.48454E-4 1.86711E-5 9.0597E-11 3.2343E-10 5.33218E-12 1.45028E-11 2.20934E-14 0E0
0E0 0E0 0E0 0E0 0E0 0E0 0E0 0E0 0E0 0E0 0E0 0E0 0E0 0E0 0E0 1.10526E-4 0E0 0E0 0E0 0E0 0E0 1.98576E-3 3.37757E-3 4.02396E-3 2.6373E-3 1.44447E-3 2.70133E-3 1.34714E-3 8.97278E-3 1.23043E-3 0E0 0E0 1.87752E-4 2.52334E-3 6.13753E-3 8.41595E-3 2.25927E-3 2.23137E-3 6.8228E-4 3.30576E-4 1.20697E-4 0E0 0E0 6.96588E-4 0E0 9.80782E-5 5.78937E-4 8.76495E-5 6.60016E-5 5.97837E-5 3.60278E-5 1.29061E-5 5.99393E-5 5.02025E-5 1.32784E-8 5.04929E-10 4.34628E-11 1.52798E-10 2.49265E-10 2.39419E-9 6.63798E-5 2.5636E-4 2.22318E-7 4.84254E-7 1.21425E-11 6.9692E-12 6.67244E-13 0E0 4.44089E-16 0E0
0E0 0E0 0E0 0E0 0E0 0E0 0E0 0E0 0E0 0E0 0E0 0E0 0E0 0E0 0E0 1.4123E-3 1.37103E-3 2.49849E-3 7.80895E-4 2.3268E-4 2.93797E-3 4.25249E-3 3.16667E-3 4.10758E-3 1.81063E-3 1.37577E-3 2.42759E-3 1.86743E-3 7.05003E-3 4.54287E-3 3.05105E-4 1.87708E-3 0E0 1.10915E-3 3.04692E-3 5.47385E-4 3.50416E-3 4.25798E-3 5.8613E-5 2.11066E-3 8.56928E-4 3.89008E-4 1.71825E-3 4.28109E-4 1.29331E-3 7.00437E-5 3.30117E-5 9.64767E-8 1.40215E-7 3.51059E-5 0E0 0E0 0E0 1.44236E-3 4.89409E-11 1.85627E-11 2.21688E-11 5.63726E-9 6.64611E-9 5.24745E-9 2.14608E-4 1.60326E-4 7.48394E-9 3.18452E-9 2.14216E-11 1.48614E-11 0E0 0E0 2.22045E-16 0E0
0E0 0E0 0E0 0E0 0E0 0E0 0E0 0E0 0E0 0E0 0E0 0E0 0E0 0E0 0E0 2.69186E-3 2.24168E-3 1.99932E-3 7.48785E-4 0E0 0E0 6.61976E-4 4.37144E-3 1.18802E-3 7.16501E-4 5.09505E-4 6.60825E-3 9.94987E-3 9.59488E-3 1.5916E-3 1.03144E-3 8.42866E-4 1.08489E-3 1.54889E-3 2.13611E-3 1.0134E-2 4.61668E-3 3.98863E-3 1.04534E-3 1.94579E-3 2.13709E-3 5.23089E-5 1.04987E-3 2.9668E-4 1.37427E-3 8.48511E-5 8.42817E-5 1.16657E-7 4.90757E-6 4.90137E-4 1.31339E-5 7.66954E-5 2.70608E-5 0E0 1.94658E-10 3.50975E-10 2.15902E-8 4.21486E-10 1.53703E-9 9.9148E-11 2.0703E-4 1.13568E-5 3.3054E-6 9.65894E-8 7.23333E-12 4.94826E-13 3.10862E-15 0E0 5.55112E-16 1.11022E-16
0E0 0E0 0E0 0E0 0E0 0E0 0E0 0E0 0E0 0E0 0E0 0E0 2.91505E-4 0E0 3.63727E-4 3.49707E-3 6.40635E-3 3.71486E-3 3.16396E-3 2.83156E-3 2.72695E-3 8.25952E-4 1.37189E-3 3.28262E-3 3.05732E-3 8.13933E-3 1.06171E-2 9.61915E-3 7.76626E-4 1.02873E-4 8.02426E-5 2.74062E-4 6.08437E-4 4.74467E-4 1.33474E-3 1.12707E-2 6.02835E-3 7.47324E-3 3.03098E-3 2.39414E-3 5.9537E-4 5.87599E-4 8.82154E-5 8.84053E-5 1.42068E-3 2.56696E-4 8.69518E-5 1.54702E-4 8.75369E-4 4.40803E-6 3.88366E-4 2.40019E-4 6.24205E-5 1.45894E-6 6.30052E-13 7.42739E-14 1.0103E-14 6.26461E-10 3.96003E-10 2.93899E-11 7.61328E-8 1.74042E-10 1.06241E-7 2.75335E-14 1.53995E-10 7.6949E-11 1.94672E-10 9.65894E-15 0E0 2.22045E-16
0E0 0E0 0E0 0E0 0E0 0E0 0E0 0E0 0E0 0E0 0E0 0E0 1.428E-4 4.36617E-4 0E0 3.88602E-4 2.22899E-3 4.40685E-3 1.81537E-3 4.19641E-3 1.89034E-3 5.54938E-4 3.57826E-3 3.74977E-3 6.71569E-3 7.86702E-3 3.39408E-3 1.44074E-3 2.06738E-4 3.23625E-7 7.42099E-6 2.2724E-5 5.21978E-5 6.26577E-3 5.50954E-4 6.72248E-4 8.01647E-3 1.31784E-3 3.1649E-3 2.33239E-3 1.56847E-4 2.09587E-5 9.95606E-6 5.30932E-4 2.50637E-6 8.0771E-5 1.47478E-4 1.94969E-6 9.87192E-7 3.60828E-7 4.05466E-8 0E0 0E0 2.19822E-10 9.59233E-14 3.33067E-15 1.11022E-16 3.63953E-12 1.11022E-16 2.84084E-12 4.96381E-13 2.96675E-10 5.82945E-11 1.09238E-11 7.14995E-12 3.37307E-11 4.44089E-16 2.55351E-15 1.87628E-14 1.4766E-14
0E0 0E0 0E0 0E0 0E0 0E0 0E0 0E0 0E0 0E0 0E0 0E0 4.31266E-3 3.22192E-3 3.45267E-3 5.95827E-3 5.89498E-3 7.41026E-3 4.7821E-3 5.06114E-3 3.49945E-3 5.24989E-3 9.67573E-4 5.33144E-3 4.17687E-3 3.38878E-3 5.47963E-3 4.06498E-3 2.72385E-4 2.53869E-5 6.37552E-10 1.2439E-5 1.74607E-3 5.64968E-3 3.35561E-3 5.17636E-3 9.9281E-3 7.71727E-4 4.9571E-4 5.53507E-4 5.75705E-4 1.03109E-4 8.1232E-10 2.95053E-7 1.90132E-4 2.34637E-5 1.504E-4 9.1329E-5 5.80833E-5 5.14079E-8 8.36965E-10 1.14401E-6 3.36707E-7 4.16759E-8 2.55517E-9 3.15603E-12 9.21119E-12 3.15303E-14 2.37166E-12 4.79817E-11 2.80602E-6 6.35936E-8 1.9984E-15 1.11192E-10 2.48468E-13 3.28737E-13 2.22045E-16 1.83187E-14 1.11022E-16 7.21645E-15
0E0 0E0 0E0 0E0 0E0 0E0 0E0 0E0 0E0 0E0 0E0 0E0 1.82158E-3 2.73273E-3 6.18306E-3 1.09114E-2 1.08542E-2 4.94202E-3 5.01755E-3 7.88903E-3 5.32813E-3 7.22892E-3 9.38145E-3 6.06574E-3 8.98594E-3 4.84388E-3 2.20418E-3 1.91051E-3 1.23968E-5 6.88177E-8 3.10923E-7 3.79788E-6 1.96054E-3 2.20729E-3 2.80606E-3 6.63971E-4 4.81107E-3 1.5994E-4 1.98884E-3 2.7007E-4 6.28969E-4 3.03376E-4 2.58932E-5 2.92837E-5 2.63562E-4 3.2496E-5 6.32424E-4 4.37026E-4 5.68167E-4 9.28576E-7 1.59479E-8 5.19069E-6 2.99631E-8 1.45018E-8 4.86652E-9 8.58602E-12 3.01645E-11 1.86021E-9 2.60295E-10 1.05612E-10 3.25662E-12 4.44689E-9 1.06667E-11 0E0 1.11022E-15 1.88738E-15 6.43929E-15 0E0 1.11022E-16 4.44089E-16
0E0 0E0 0E0 0E0 0E0 0E0 0E0 0E0 0E0 0E0 0E0 5.44859E-4 4.15598E-3 6.18893E-3 3.36798E-3 4.53642E-3 5.91493E-3 6.18817E-3 6.18845E-3 5.99253E-3 9.1671E-3 1.17248E-2 9.84193E-3 6.7611E-3 8.00714E-3 1.02808E-2 1.35034E-3 1.13126E-4 1.25531E-6 4.41625E-8 3.56799E-10 9.72234E-9 3.12623E-4 2.1372E-3 3.08782E-3 1.22408E-4 2.07756E-3 1.47799E-3 1.84974E-3 2.94929E-5 2.40661E-3 1.34404E-3 7.98934E-4 1.13095E-5 1.06001E-5 4.96007E-4 3.3569E-5 2.61086E-5 1.20015E-4 1.09546E-9 3.96045E-6 2.30292E-6 3.5281E-5 8.10783E-6 6.83505E-10 7.20427E-10 1.5381E-12 1.13243E-14 7.46014E-12 3.31908E-8 1.73206E-12 7.36633E-13 2.88658E-15 0E0 4.38568E-11 1.68754E-14 2.29861E-12 0E0 0E0 0E0
0E0 0E0 0E0 0E0 0E0 0E0 0E0 0E0 0E0 0E0 0E0 1.43555E-3 4.32E-3 6.12419E-3 3.38603E-3 2.90989E-3 2.28468E-3 9.82582E-3 6.33792E-3 7.18334E-3 7.18982E-3 1.02897E-2 8.15158E-3 5.13288E-3 9.2079E-3 9.77183E-3 2.70734E-3 2.04924E-6 1.19809E-6 5.93229E-9 3.80051E-9 5.84891E-7 9.08084E-4 4.37293E-3 3.77159E-3 3.63082E-3 5.36122E-3 6.63916E-3 7.78827E-3 2.53532E-3 9.75383E-4 1.57412E-4 1.74928E-4 3.61381E-6 4.82519E-6 1.87609E-5 1.09616E-5 2.67281E-5 6.3614E-5 3.14157E-6 5.84788E-6 4.25459E-8 2.23543E-8 4.88665E-9 5.87308E-14 2.58375E-10 6.62242E-11 2.60469E-10 1.034E-11 3.32332E-6 1.61827E-8 3.26628E-13 4.44089E-16 0E0 0E0 8.43769E-15 3.9968E-15 0E0 0E0 0E0
0E0 0E0 0E0 0E0 0E0 0E0 0E0 0E0 0E0 0E0 0E0 0E0 0E0 2.85094E-3 3.28762E-3 3.19572E-3 8.8132E-3 1.04609E-2 9.57256E-3 1.101E-2 6.85058E-3 5.85549E-3 5.53047E-3 1.19282E-2 1.53166E-2 7.25145E-3 1.35132E-4 7.33985E-6 8.22579E-6 6.5689E-8 2.16357E-8 5.1788E-7 3.45857E-4 3.17888E-3 1.93629E-3 4.13401E-3 3.45131E-3 8.20172E-3 7.66031E-3 2.33419E-4 3.21309E-4 8.43422E-4 1.10473E-4 5.58978E-7 6.67306E-5 7.91339E-7 3.92328E-6 9.80386E-6 1.0258E-3 2.93453E-7 1.2165E-7 1.81395E-11 1.10004E-8 3.75145E-10 1.9688E-8 6.06618E-7 3.28233E-10 0E0 2.88658E-15 2.76446E-14 2.70867E-9 1.11022E-16 0E0 5.55112E-16 0E0 6.00187E-13 3.21965E-15 0E0 0E0 1.11022E-16
0E0 0E0 0E0 0E0 0E0 0E0 0E0 0E0 0E0 0E0 0E0 0E0 0E0 7.22851E-6 2.08964E-3 3.05671E-3 3.71417E-3 1.14545E-2 8.71497E-3 5.16958E-3 9.14602E-3 1.16529E-2 1.19282E-2 1.10429E-2 6.91715E-3 1.06383E-2 4.52353E-5 3.76663E-6 1.88185E-6 7.04067E-9 3.89751E-7 3.96609E-5 1.02789E-2 3.41974E-3 2.22147E-3 7.73586E-3 6.77001E-3 8.16944E-3 2.98124E-3 1.09102E-3 1.65134E-3 1.44547E-3 6.67087E-4 5.31129E-4 2.29898E-5 1.04701E-3 2.91765E-6 6.21239E-5 3.46577E-6 4.0138E-8 1.68521E-10 1.30746E-9 7.97526E-9 2.26489E-7 3.22073E-8 2.92295E-11 1.33227E-15 7.38596E-10 1.38967E-12 3.62089E-11 6.72018E-12 0E0 0E0 1.11022E-16 1.34515E-12 5.60219E-13 0E0 1.11022E-16 7.77156E-16 3.33067E-16
0E0 0E0 0E0 0E0 0E0 0E0 0E0 0E0 0E0 0E0 0E0 0E0 0E0 9.25788E-5 1.00688E-3 3.78462E-3 6.31809E-3 1.17758E-2 6.41361E-3 1.19522E-2 8.89267E-3 1.07097E-2 1.29884E-2 1.24749E-2 6.45238E-3 3.09646E-5 4.20094E-6 1.50857E-9 2.01949E-9 2.01758E-10 2.25168E-9 5.41737E-8 5.66078E-3 4.49138E-3 7.73916E-3 1.86699E-3 3.48909E-4 2.8877E-3 8.96496E-4 1.41341E-7 1.87513E-3 3.79644E-3 2.28713E-3 5.24361E-5 4.1281E-6 5.34439E-3 3.06507E-3 7.40662E-4 3.01776E-7 5.64743E-11 7.58023E-10 5.39568E-14 4.84231E-10 4.3386E-8 1.02831E-11 9.50129E-13 2.9976E-15 0E0 1.44329E-15 2.14495E-12 1.50346E-12 8.77076E-13 1.9984E-15 0E0 0E0 1.28472E-11 2.22045E-16 7.88258E-15 0E0 0E0
0E0 0E0 0E0 0E0 0E0 0E0 0E0 0E0 0E0 0E0 0E0 0E0 0E0 0E0 0E0 1.1787E-3 3.14626E-3 6.6373E-3 1.05616E-2 1.14138E-2 1.04759E-2 1.30485E-2 6.75435E-3 1.19895E-2 8.90223E-4 1.76379E-7 7.90264E-10 0E0 1.11022E-16 0E0 8.99281E-15 5.29614E-4 1.22051E-2 6.64274E-3 2.40097E-3 1.64874E-3 4.2254E-4 2.91932E-3 7.15828E-5 9.04458E-10 3.03373E-4 3.17795E-4 2.52519E-5 2.91545E-7 2.12078E-9 2.22354E-9 1.83307E-4 3.34382E-6 6.68105E-7 1.45039E-8 1.33227E-14 7.77156E-16 4.34097E-14 1.68133E-11 1.35759E-10 0E0 0E0 1.9984E-15 0E0 0E0 0E0 0E0 4.36318E-14 1.94444E-12 3.20863E-11 1.4575E-12 2.22045E-16 1.44329E-15 0E0 0E0
0E0 0E0 0E0 0E0 0E0 0E0 0E0 0E0 0E0 0E0 0E0 0E0 0E0 0E0 0E0 2.37371E-3 1.98308E-3 6.64341E-3 8.16615E-3 7.07549E-3 4.89086E-3 1.09195E-2 2.42119E-3 1.13614E-3 3.12429E-5 2.90814E-7 0E0 0E0 0E0 0E0 1.017E-10 3.36689E-8 1.68176E-3 4.76921E-3 3.42362E-3 2.78742E-3 6.54601E-4 3.30414E-6 1.48645E-6 7.74861E-7 2.94256E-3 2.0601E-3 1.91301E-3 4.34166E-7 5.78777E-11 4.37697E-7 6.46584E-7 9.50573E-13 2.37685E-11 1.74772E-9 2.22045E-15 2.10942E-15 1.88738E-15 0E0 4.44089E-16 0E0 1.73417E-13 0E0 0E0 0E0 0E0 0E0 5.77871E-13 0E0 5.05929E-13 4.44089E-16 1.07914E-13 9.02056E-12 1.36557E-13 1.87628E-14
0E0 0E0 0E0 0E0 0E0 0E0 0E0 0E0 0E0 0E0 0E0 0E0 0E0 0E0 0E0 5.9255E-3 5.684E-3 2.0284E-3 5.55139E-3 7.42054E-3 5.94486E-3 7.37084E-3 2.72208E-3 1.59868E-3 3.71838E-5 8.29843E-7 0E0 0E0 0E0 0E0 7.87616E-11 1.2151E-8 4.16558E-5 7.99539E-3 5.63962E-3 7.49444E-3 2.54239E-4 1.41533E-6 3.37193E-7 4.78165E-8 1.63901E-4 4.21661E-3 1.2201E-4 8.25356E-9 9.79811E-7 1.43004E-6 3.46011E-4 0E0 2.10054E-13 8.24699E-11 5.27356E-14 4.88498E-15 2.22045E-16 0E0 0E0 0E0 1.25455E-14 3.86358E-14 1.9984E-15 0E0 0E0 0E0 0E0 0E0 1.37856E-12 6.32827E-15 8.41438E-13 1.16186E-11 7.48068E-13 1.87517E-13
0E0 0E0 0E0 0E0 0E0 0E0 0E0 0E0 0E0 0E0 0E0 0E0 0E0 0E0 0E0 4.76465E-4 0E0 6.59652E-3 7.43269E-3 7.93191E-3 1.28202E-2 6.45115E-3 3.08437E-3 6.37541E-4 1.07019E-7 9.87317E-8 0E0 0E0 0E0 0E0 2.01222E-9 4.10695E-6 1.69245E-3 2.803E-3 9.34508E-4 1.42162E-3 2.01153E-3 2.0146E-5 2.93571E-7 2.97824E-6 5.7529E-6 2.31725E-6 1.34557E-7 2.67338E-9 4.18458E-8 1.7753E-9 7.25723E-9 2.27746E-10 7.35634E-12 5.82867E-14 3.33067E-16 3.33067E-16 2.22045E-16 8.71525E-14 0E0 0E0 0E0 0E0 3.21965E-15 0E0 1.11022E-15 0E0 0E0 0E0 2.22045E-16 2.39553E-12 1.57994E-11 2.81325E-11 1.91281E-10 0E0
0E0 0E0 0E0 0E0 0E0 0E0 0E0 0E0 0E0 0E0 0E0 0E0 0E0 0E0 1.80156E-3 1.93068E-3 3.88393E-3 5.73442E-3 7.43993E-3 8.50901E-4 2.21371E-3 4.01262E-3 1.6872E-5 4.43751E-7 3.76205E-8 7.14167E-9 0E0 0E0 1.26565E-14 1.11022E-16 1.71527E-8 4.44755E-4 7.87248E-4 2.34088E-3 2.2853E-3 1.04294E-4 2.04893E-5 2.19623E-4 1.08708E-5 2.9071E-8 1.30491E-8 2.27117E-9 1.52515E-9 4.21615E-9 4.06537E-9 4.99174E-9 2.55563E-4 5.90067E-7 2.25816E-6 4.42036E-8 1.14949E-10 9.32729E-10 4.88498E-15 4.44089E-16 3.33067E-16 1.58196E-12 2.22045E-16 0E0 0E0 2.22045E-16 0E0 0E0 0E0 1.11022E-16 3.33067E-16 3.66374E-15 1.19238E-13 2.02072E-11 1.7774E-11 0E0
0E0 0E0 0E0 0E0 0E0 0E0 0E0 0E0 0E0 0E0 0E0 0E0 0E0 3.20048E-4 5.66571E-4 4.82198E-3 7.46559E-3 1.19258E-2 8.30278E-3 4.40911E-3 1.55394E-4 0E0 8.73575E-5 2.63381E-5 1.07202E-7 1.76825E-7 0E0 0E0 0E0 3.63335E-10 3.07195E-11 2.25131E-8 4.33926E-3 6.26472E-4 3.71457E-4 2.82732E-11 1.21083E-7 2.72069E-7 9.79217E-14 2.36906E-10 1.46247E-5 7.24187E-11 2.07276E-10 2.78555E-13 3.86002E-12 2.08556E-7 1.45772E-13 2.9976E-15 1.4625E-12 3.08531E-13 1.43663E-13 5.37348E-14 1.09912E-14 2.66454E-15 5.77316E-15 9.78106E-14 2.10942E-15 2.37334E-10 3.89688E-12 0E0 1.77636E-15 0E0 0E0 0E0 4.98379E-13 5.77316E-15 1.87628E-14 6.88338E-15 3.44169E-15 0E0
0E0 0E0 0E0 0E0 0E0 0E0 0E0 0E0 0E0 0E0 0E0 0E0 0E0 6.71071E-4 5.20504E-3 6.1608E-3 6.33206E-3 8.6052E-3 8.23581E-3 3.57878E-3 0E0 1.22089E-4 3.49608E-4 0E0 1.52822E-8 0E0 0E0 0E0 0E0 1.31571E-11 1.12558E-11 3.02844E-5 2.95375E-3 9.29268E-6 8.34807E-9 4.61832E-7 2.8024E-10 5.47976E-8 1.15463E-13 1.26898E-13 1.84048E-8 1.66083E-8 4.58447E-11 2.56571E-9 2.62124E-13 1.08208E-11 3.32623E-13 3.13701E-5 1.94318E-7 3.88078E-11 0E0 6.55032E-15 8.12767E-11 3.33067E-16 2.37588E-14 3.57492E-14 2.16493E-13 2.27807E-12 3.33067E-16 0E0 0E0 0E0 0E0 0E0 0E0 1.10467E-13 2.55564E-11 1.9762E-14 3.9968E-15 5.99898E-12
0E0 0E0 0E0 0E0 0E0 0E0 0E0 0E0 0E0 0E0 0E0 0E0 0E0 1.1881E-3 6.02518E-3 9.26028E-3 6.20455E-3 7.21677E-3 4.2653E-3 1.44694E-3 0E0 0E0 1.37239E-4 4.66996E-9 2.60127E-8 0E0 0E0 0E0 5.43481E-9 2.00959E-10 3.78922E-9 3.3483E-4 1.72332E-3 3.87105E-6 3.85799E-7 2.97333E-11 1.02425E-10 4.71733E-9 3.2093E-9 2.45429E-11 1.53245E-10 1.02729E-11 1.42365E-8 5.48088E-11 4.55585E-9 1.37457E-11 2.9976E-14 1.23157E-9 1.02819E-8 7.90267E-10 9.78895E-12 0E0 3.20854E-14 5.90861E-13 3.33067E-16 3.33067E-16 0E0 1.02331E-9 3.14786E-11 1.64313E-14 0E0 0E0 0E0 0E0 3.33067E-16 1.00475E-12 0E0 2.68141E-12 2.36589E-12 0E0
0E0 0E0 0E0 0E0 0E0 0E0 0E0 0E0 0E0 0E0 0E0 0E0 1.83018E-4 1.47907E-3 9.80081E-5 3.92453E-3 6.26256E-3 7.55046E-3 3.42808E-4 0E0 0E0 0E0 2.46502E-7 6.16588E-10 4.95248E-11 0E0 0E0 0E0 3.94018E-13 8.51813E-7 1.04473E-6 3.79731E-3 6.60252E-4 2.39798E-4 1.05691E-8 8.82501E-10 6.19381E-10 2.01041E-7 6.11924E-10 3.84026E-10 5.39435E-12 3.15203E-12 5.63993E-14 9.77995E-13 3.51907E-12 2.55576E-11 1.69231E-12 6.76185E-10 0E0 0E0 0E0 5.10703E-15 1.11022E-16 6.48703E-13 3.33067E-16 7.77156E-16 2.22045E-16 1.25566E-13 2.35678E-12 0E0 0E0 0E0 0E0 0E0 0E0 4.06342E-14 0E0 8.88178E-16 0E0 5.55112E-16
