ENM/Final_Models/M_1_F_lqp_Set_1_EC/Gustavia_santanderiensis_9_Choco.asc
ncols         367
nrows         963
xllcorner     -78.6
yllcorner     0.65
cellsize      0.00833333333333323
NODATA_value  -9999
[rows 240 to 269 of 963, columns 134 to 200 of 367]
-9999 -9999 -9999 -9999 -9999 -9999 -9999 -9999 -9999 -9999 -9999 -9999 -9999 -9999 -9999 -9999 -9999 -9999 9.20706E-1 9.53248E-1 9.88239E-1 9.78118E-1 9.49799E-1 7.81318E-1 8.11798E-1 7.67106E-1 8.06632E-1 7.58304E-1 6.81691E-1 7.89807E-1 8.32412E-1 6.67197E-1 7.59188E-1 9.36299E-1 9.52485E-1 9.24186E-1 9.96354E-1 9.99409E-1 9.9987E-1 9.99541E-1 9.99943E-1 9.99944E-1 9.99919E-1 9.99795E-1 9.99958E-1 9.99971E-1 9.99978E-1 9.99818E-1 9.99392E-1 1E0 1E0 1E0 1E0 1E0 1E0 1E0 1E0 1E0 1E0 1E0 1E0 1E0 1E0 1E0 1E0 1E0 1E0
-9999 -9999 -9999 -9999 -9999 -9999 -9999 -9999 -9999 -9999 -9999 -9999 -9999 -9999 -9999 -9999 -9999 -9999 8.88296E-1 8.94489E-1 9.80729E-1 9.48859E-1 9.23332E-1 7.85027E-1 8.53018E-1 6.80851E-1 8.61561E-1 8.89169E-1 6.8836E-1 6.78287E-1 8.81503E-1 5.49793E-1 9.12999E-1 9.93181E-1 9.96713E-1 9.93329E-1 9.97602E-1 9.99674E-1 9.9957E-1 9.99948E-1 9.9997E-1 9.99929E-1 9.99617E-1 9.99609E-1 9.99052E-1 9.99994E-1 1E0 9.99976E-1 1E0 1E0 1E0 1E0 1E0 1E0 1E0 1E0 1E0 1E0 1E0 1E0 1E0 1E0 1E0 1E0 1E0 1E0 1E0
-9999 -9999 -9999 -9999 -9999 -9999 -9999 -9999 -9999 -9999 -9999 -9999 -9999 -9999 -9999 -9999 -9999 -9999 9.07858E-1 9.68782E-1 9.61417E-1 9.05669E-1 7.26529E-1 7.26439E-1 6.83726E-1 7.29256E-1 9.32127E-1 9.469E-1 9.26201E-1 9.23259E-1 9.53935E-1 7.74171E-1 9.51229E-1 9.95341E-1 9.95457E-1 9.96527E-1 9.97944E-1 9.97104E-1 9.99884E-1 9.99954E-1 9.99943E-1 9.99673E-1 9.95473E-1 9.9794E-1 9.9957E-1 9.99998E-1 1E0 1E0 1E0 1E0 1E0 1E0 1E0 1E0 1E0 1E0 1E0 1E0 1E0 1E0 1E0 1E0 1E0 1E0 1E0 1E0 1E0
-9999 -9999 -9999 -9999 -9999 -9999 -9999 -9999 -9999 -9999 -9999 -9999 -9999 -9999 -9999 -9999 -9999 -9999 9.32223E-1 9.80461E-1 9.72442E-1 9.40328E-1 8.40972E-1 7.18473E-1 7.41737E-1 7.08408E-1 8.02717E-1 8.71676E-1 9.84711E-1 9.6236E-1 9.76279E-1 9.81757E-1 9.95219E-1 9.93845E-1 9.88433E-1 9.93922E-1 9.99307E-1 9.96303E-1 9.99946E-1 9.99936E-1 9.99873E-1 9.9781E-1 9.99957E-1 9.99991E-1 9.99991E-1 9.99997E-1 1E0 1E0 1E0 1E0 1E0 1E0 1E0 1E0 1E0 1E0 1E0 1E0 1E0 1E0 1E0 1E0 1E0 1E0 1E0 9.99999E-1 9.99999E-1
-9999 -9999 -9999 -9999 -9999 -9999 -9999 -9999 -9999 -9999 -9999 -9999 -9999 -9999 -9999 -9999 -9999 -9999 -9999 9.03626E-1 9.48439E-1 9.45247E-1 9.37461E-1 6.15117E-1 5.89996E-1 7.38564E-1 9.03519E-1 9.30115E-1 9.50119E-1 9.55061E-1 9.8409E-1 9.96592E-1 9.97888E-1 9.97656E-1 9.98767E-1 9.99658E-1 9.9739E-1 9.98725E-1 9.9991E-1 9.99083E-1 9.98194E-1 9.98931E-1 9.99954E-1 9.99997E-1 1E0 1E0 1E0 1E0 9.99227E-1 1E0 1E0 1E0 1E0 1E0 1E0 1E0 1E0 1E0 1E0 1E0 1E0 1E0 1E0 1E0 1E0 1E0 1E0
-9999 -9999 -9999 -9999 -9999 -9999 -9999 -9999 -9999 -9999 -9999 -9999 -9999 -9999 -9999 -9999 -9999 -9999 -9999 8.27183E-1 7.22658E-1 7.12144E-1 5.41387E-1 5.32468E-1 4.41426E-1 7.18014E-1 7.95283E-1 9.02255E-1 8.20409E-1 9.76908E-1 9.85601E-1 9.92487E-1 9.9699E-1 9.98346E-1 9.99282E-1 9.98952E-1 9.99613E-1 9.9976E-1 9.99981E-1 9.99441E-1 9.99895E-1 9.98512E-1 9.99674E-1 1E0 1E0 1E0 1E0 1E0 1E0 1E0 1E0 1E0 1E0 1E0 1E0 1E0 1E0 1E0 1E0 1E0 1E0 1E0 1E0 1E0 1E0 1E0 1E0
-9999 -9999 -9999 -9999 -9999 -9999 -9999 -9999 -9999 -9999 -9999 -9999 -9999 -9999 -9999 -9999 -9999 -9999 -9999 -9999 6.55283E-1 4.82069E-1 4.14145E-1 4.733E-1 5.86179E-1 5.63304E-1 5.97484E-1 6.49712E-1 8.6797E-1 9.7906E-1 9.95676E-1 9.86598E-1 9.97623E-1 9.90748E-1 9.98242E-1 9.99301E-1 9.99377E-1 9.99759E-1 9.99896E-1 1E0 1E0 1E0 1E0 1E0 1E0 1E0 1E0 1E0 1E0 1E0 1E0 1E0 1E0 1E0 1E0 1E0 1E0 1E0 1E0 1E0 1E0 1E0 1E0 1E0 1E0 1E0 1E0
-9999 -9999 -9999 -9999 -9999 -9999 -9999 -9999 -9999 -9999 -9999 -9999 -9999 -9999 -9999 -9999 -9999 -9999 -9999 -9999 4.41163E-1 3.89447E-1 3.65255E-1 5.57221E-1 4.2124E-1 4.86162E-1 5.11665E-1 5.07344E-1 6.95876E-1 9.81671E-1 9.95566E-1 9.96071E-1 9.98955E-1 9.94404E-1 9.97223E-1 9.93432E-1 9.97593E-1 9.97152E-1 9.99993E-1 1E0 1E0 1E0 1E0 1E0 1E0 1E0 1E0 1E0 1E0 1E0 1E0 1E0 1E0 1E0 1E0 1E0 1E0 1E0 1E0 1E0 1E0 1E0 1E0 1E0 1E0 1E0 1E0
-9999 -9999 -9999 -9999 -9999 -9999 -9999 -9999 -9999 -9999 -9999 -9999 -9999 -9999 -9999 -9999 -9999 -9999 -9999 -9999 2.56022E-1 4.26813E-1 4.50813E-1 6.11815E-1 4.64991E-1 7.54747E-1 5.37915E-1 6.68533E-1 7.75721E-1 9.76265E-1 9.97685E-1 9.96642E-1 9.98518E-1 9.99573E-1 9.93599E-1 9.83025E-1 9.9962E-1 9.99429E-1 9.99947E-1 9.99971E-1 1E0 1E0 1E0 1E0 1E0 1E0 1E0 1E0 1E0 1E0 1E0 1E0 1E0 1E0 1E0 1E0 1E0 1E0 1E0 1E0 1E0 1E0 1E0 1E0 1E0 1E0 1E0
-9999 -9999 -9999 -9999 -9999 -9999 -9999 -9999 -9999 -9999 -9999 -9999 -9999 -9999 -9999 -9999 -9999 -9999 -9999 -9999 2.77033E-1 3.8695E-1 4.39867E-1 5.63895E-1 5.1575E-1 5.67909E-1 3.93784E-1 5.193E-1 8.01722E-1 9.9325E-1 9.7894E-1 9.98753E-1 9.9954E-1 9.99659E-1 9.99335E-1 9.9964E-1 9.9857E-1 9.99983E-1 9.99923E-1 9.99989E-1 9.99998E-1 9.99999E-1 1E0 1E0 1E0 1E0 1E0 1E0 1E0 1E0 1E0 1E0 1E0 1E0 1E0 1E0 1E0 1E0 1E0 1E0 1E0 1E0 1E0 1E0 1E0 1E0 1E0
-9999 -9999 -9999 -9999 -9999 -9999 -9999 -9999 -9999 -9999 -9999 -9999 -9999 -9999 -9999 -9999 -9999 -9999 -9999 2.929E-1 4.0824E-1 3.34054E-1 3.36589E-1 5.37791E-1 5.58133E-1 4.87615E-1 3.17467E-1 8.20854E-1 9.56742E-1 9.93659E-1 9.94072E-1 9.94314E-1 9.98682E-1 9.98289E-1 9.9988E-1 9.99946E-1 9.99953E-1 9.99044E-1 9.99511E-1 9.99999E-1 1E0 9.9996E-1 1E0 1E0 1E0 1E0 1E0 1E0 1E0 1E0 1E0 1E0 1E0 1E0 1E0 1E0 1E0 1E0 1E0 1E0 1E0 1E0 1E0 1E0 1E0 1E0 1E0
-9999 -9999 -9999 -9999 -9999 -9999 -9999 -9999 -9999 -9999 -9999 -9999 -9999 -9999 -9999 -9999 -9999 -9999 -9999 4.46281E-1 3.6143E-1 2.9E-1 4.01312E-1 4.40202E-1 6.39302E-1 3.0923E-1 4.5093E-1 8.531E-1 7.78537E-1 9.65147E-1 9.74272E-1 9.91015E-1 9.98086E-1 9.99965E-1 9.99615E-1 9.99238E-1 9.99864E-1 9.9986E-1 1E0 1E0 1E0 1E0 1E0 1E0 1E0 1E0 1E0 1E0 1E0 1E0 1E0 1E0 1E0 1E0 1E0 1E0 1E0 1E0 1E0 1E0 1E0 1E0 1E0 1E0 1E0 1E0 1E0
-9999 -9999 -9999 -9999 -9999 -9999 -9999 -9999 -9999 -9999 -9999 -9999 -9999 -9999 -9999 -9999 -9999 -9999 -9999 2.76537E-1 3.76459E-1 3.4664E-1 3.98624E-1 7.09446E-1 7.03621E-1 5.9753E-1 6.56359E-1 4.16498E-1 8.43425E-1 9.57154E-1 9.48483E-1 9.92765E-1 9.99436E-1 9.99992E-1 9.97378E-1 9.99855E-1 9.99968E-1 9.98366E-1 1E0 9.99999E-1 1E0 1E0 1E0 1E0 1E0 1E0 1E0 1E0 1E0 1E0 1E0 1E0 1E0 1E0 1E0 1E0 1E0 1E0 1E0 1E0 1E0 1E0 1E0 1E0 1E0 1E0 1E0
-9999 -9999 -9999 -9999 -9999 -9999 -9999 -9999 -9999 -9999 -9999 -9999 -9999 -9999 -9999 -9999 -9999 -9999 5.92954E-1 3.40203E-1 2.2293E-1 3.15408E-1 2.11995E-1 5.14519E-1 7.97485E-1 7.83415E-1 6.12958E-1 4.65709E-1 7.91011E-1 8.93044E-1 9.46621E-1 9.28961E-1 9.92717E-1 9.99249E-1 9.97978E-1 9.99942E-1 9.99999E-1 1E0 1E0 9.99998E-1 1E0 1E0 9.99996E-1 1E0 1E0 1E0 1E0 1E0 1E0 1E0 1E0 1E0 1E0 1E0 1E0 1E0 1E0 1E0 1E0 1E0 1E0 1E0 1E0 1E0 1E0 1E0 1E0
-9999 -9999 -9999 -9999 -9999 -9999 -9999 -9999 -9999 -9999 -9999 -9999 -9999 -9999 -9999 -9999 -9999 -9999 -9999 3.21718E-1 3.17016E-1 3.51593E-1 6.1084E-1 5.634E-1 5.84099E-1 9.39668E-1 6.44542E-1 6.89303E-1 8.83732E-1 8.1577E-1 7.46759E-1 9.65515E-1 9.87308E-1 9.99288E-1 9.95774E-1 9.99981E-1 9.99992E-1 1E0 9.99997E-1 9.99927E-1 1E0 1E0 9.99851E-1 9.99997E-1 1E0 1E0 1E0 1E0 1E0 1E0 1E0 1E0 1E0 1E0 1E0 1E0 1E0 1E0 1E0 1E0 1E0 1E0 1E0 1E0 1E0 1E0 1E0
-9999 -9999 -9999 -9999 -9999 -9999 -9999 -9999 -9999 -9999 -9999 -9999 -9999 -9999 -9999 -9999 -9999 -9999 -9999 4.66244E-1 3.25914E-1 3.54088E-1 8.91526E-1 8.95636E-1 8.30868E-1 9.60569E-1 9.64636E-1 8.8523E-1 7.36578E-1 6.47867E-1 5.83227E-1 9.23852E-1 9.96065E-1 9.95068E-1 9.9932E-1 9.99177E-1 9.99989E-1 1E0 1E0 9.99999E-1 1E0 9.99906E-1 9.99553E-1 9.99175E-1 1E0 1E0 1E0 1E0 1E0 1E0 1E0 1E0 1E0 1E0 1E0 1E0 1E0 1E0 1E0 1E0 1E0 1E0 1E0 1E0 1E0 1E0 1E0
-9999 -9999 -9999 -9999 -9999 -9999 -9999 -9999 -9999 -9999 -9999 -9999 -9999 -9999 -9999 -9999 -9999 -9999 6.56196E-1 3.98661E-1 4.15578E-1 6.0333E-1 8.27421E-1 6.76072E-1 8.58467E-1 9.06255E-1 6.97437E-1 7.88113E-1 7.82905E-1 8.66066E-1 7.86352E-1 6.56126E-1 7.96503E-1 9.39635E-1 9.22512E-1 9.54799E-1 9.9682E-1 1E0 1E0 1E0 1E0 9.99999E-1 9.99419E-1 9.99988E-1 1E0 1E0 1E0 1E0 1E0 1E0 1E0 1E0 1E0 1E0 1E0 1E0 1E0 1E0 1E0 1E0 1E0 1E0 1E0 1E0 1E0 1E0 1E0
-9999 -9999 -9999 -9999 -9999 -9999 -9999 -9999 -9999 -9999 -9999 -9999 -9999 -9999 -9999 -9999 -9999 -9999 5.45851E-1 3.29374E-1 5.52484E-1 6.75137E-1 3.82991E-1 3.67462E-1 7.58886E-1 6.62291E-1 6.09113E-1 9.46103E-1 9.1643E-1 8.70783E-1 8.59572E-1 4.54077E-1 9.42707E-1 6.56143E-1 6.93407E-1 8.09398E-1 9.63785E-1 9.97594E-1 9.99957E-1 9.9999E-1 9.995E-1 9.99942E-1 9.99983E-1 9.99964E-1 1E0 1E0 1E0 1E0 1E0 1E0 1E0 1E0 1E0 1E0 1E0 1E0 1E0 1E0 1E0 1E0 1E0 1E0 1E0 1E0 1E0 1E0 1E0
-9999 -9999 -9999 -9999 -9999 -9999 -9999 -9999 -9999 -9999 -9999 -9999 -9999 -9999 -9999 -9999 -9999 -9999 3.8477E-1 1.01187E-1 5.88246E-1 4.3381E-1 3.11278E-1 1.98414E-1 2.44254E-1 5.8249E-1 8.29469E-1 8.94978E-1 9.76985E-1 8.14118E-1 5.38315E-1 3.73866E-1 7.74028E-1 2.3499E-1 3.22737E-1 5.17233E-1 8.64774E-1 9.98712E-1 9.99651E-1 9.97623E-1 9.97214E-1 9.98905E-1 9.84702E-1 9.78617E-1 9.99998E-1 9.99999E-1 1E0 1E0 1E0 1E0 1E0 1E0 1E0 1E0 1E0 1E0 1E0 1E0 1E0 1E0 1E0 1E0 1E0 1E0 1E0 1E0 1E0
-9999 -9999 -9999 -9999 -9999 -9999 -9999 -9999 -9999 -9999 -9999 -9999 -9999 -9999 -9999 -9999 -9999 -9999 3.948E-1 8.9205E-2 1.99404E-1 1.39571E-1 8.46923E-2 4.2204E-2 9.6214E-2 1.48126E-1 5.27496E-1 9.06571E-1 8.57355E-1 5.31238E-1 2.9406E-1 5.26584E-1 5.03823E-1 3.76532E-1 5.15073E-1 7.43851E-1 9.97311E-1 9.99874E-1 9.91666E-1 9.78247E-1 9.99699E-1 9.99999E-1 1E0 1E0 1E0 1E0 1E0 1E0 1E0 1E0 1E0 1E0 1E0 1E0 1E0 1E0 1E0 1E0 1E0 1E0 1E0 1E0 1E0 1E0 1E0 1E0 1E0
-9999 -9999 -9999 -9999 -9999 -9999 -9999 -9999 -9999 -9999 -9999 -9999 -9999 -9999 -9999 -9999 -9999 6.46805E-1 3.05939E-1 1.03785E-1 1.72699E-1 9.22875E-2 4.76352E-2 5.30381E-2 1.36364E-1 1.90718E-1 4.15967E-1 5.81696E-1 5.25544E-1 3.58032E-1 3.79391E-1 6.03076E-1 6.61044E-1 6.96775E-1 8.30667E-1 9.64203E-1 9.99917E-1 9.99989E-1 9.97169E-1 9.99322E-1 9.99999E-1 1E0 1E0 1E0 1E0 1E0 1E0 1E0 1E0 1E0 1E0 1E0 1E0 1E0 1E0 1E0 1E0 1E0 1E0 1E0 1E0 1E0 1E0 1E0 1E0 1E0 1E0
-9999 -9999 -9999 -9999 -9999 -9999 -9999 -9999 -9999 -9999 -9999 -9999 -9999 -9999 -9999 -9999 -9999 5.17703E-1 2.43772E-1 6.01699E-2 4.70325E-2 1.25576E-1 8.99836E-2 1.04561E-1 1.09767E-1 1.30368E-1 3.05752E-1 5.80714E-1 6.37691E-1 5.62027E-1 4.90966E-1 9.15255E-1 9.32102E-1 8.84773E-1 9.97847E-1 9.94474E-1 9.99931E-1 9.99998E-1 9.99975E-1 1E0 1E0 1E0 1E0 1E0 1E0 1E0 1E0 1E0 1E0 1E0 1E0 1E0 1E0 1E0 1E0 1E0 1E0 1E0 1E0 1E0 1E0 1E0 1E0 1E0 1E0 1E0 1E0
-9999 -9999 -9999 -9999 -9999 -9999 -9999 -9999 -9999 -9999 -9999 -9999 -9999 -9999 -9999 -9999 5.1432E-1 3.79386E-1 1.80103E-1 1.72916E-2 3.87447E-2 1.22474E-1 1.06526E-1 8.29285E-2 1.07299E-1 1.60129E-1 5.45119E-1 8.94651E-1 9.96015E-1 9.99554E-1 9.97372E-1 9.99878E-1 9.82972E-1 9.63455E-1 9.01532E-1 8.84418E-1 9.91805E-1 9.99571E-1 9.99998E-1 9.99939E-1 1E0 9.99998E-1 1E0 9.99999E-1 1E0 1E0 1E0 1E0 1E0 1E0 1E0 1E0 1E0 1E0 1E0 1E0 1E0 1E0 1E0 1E0 1E0 1E0 1E0 1E0 1E0 1E0 1E0
-9999 -9999 -9999 -9999 -9999 -9999 -9999 -9999 -9999 -9999 -9999 -9999 -9999 -9999 -9999 1.90372E-1 3.82613E-1 2.31856E-1 1.7655E-1 7.51655E-2 1.09829E-1 1.81291E-1 3.08654E-2 1.61245E-2 3.94016E-2 3.62941E-1 7.42776E-1 9.40128E-1 9.92798E-1 9.76975E-1 9.28323E-1 9.87276E-1 8.74402E-1 3.90252E-1 1.77729E-1 6.0621E-1 9.20247E-1 9.92213E-1 9.99927E-1 9.99899E-1 9.99983E-1 9.99997E-1 1E0 1E0 1E0 1E0 1E0 1E0 1E0 1E0 1E0 1E0 1E0 1E0 1E0 1E0 1E0 1E0 1E0 1E0 1E0 1E0 1E0 1E0 1E0 1E0 1E0
-9999 -9999 -9999 -9999 -9999 -9999 -9999 -9999 -9999 -9999 -9999 -9999 -9999 -9999 -9999 -9999 4.29403E-1 1.45835E-1 8.39158E-2 1.89478E-1 2.89403E-1 1.27972E-1 2.05204E-1 2.17258E-1 2.06089E-1 3.65016E-1 4.50135E-1 7.51977E-1 4.77154E-1 5.30855E-1 4.74804E-1 5.36297E-1 5.87439E-1 1.92237E-1 1.05684E-1 1.05101E-1 6.47081E-1 9.65874E-1 9.99298E-1 1E0 9.99949E-1 9.99999E-1 9.99996E-1 1E0 1E0 1E0 1E0 1E0 1E0 1E0 1E0 1E0 1E0 1E0 1E0 1E0 1E0 1E0 1E0 1E0 1E0 1E0 1E0 1E0 1E0 1E0 1E0
-9999 -9999 -9999 -9999 -9999 -9999 -9999 -9999 -9999 -9999 -9999 -9999 -9999 -9999 -9999 -9999 4.3133E-1 3.60833E-1 2.18504E-1 2.08153E-1 3.16357E-1 1.14982E-1 9.21232E-2 1.65986E-1 5.20561E-1 4.40405E-1 6.76077E-1 2.24741E-1 1.25034E-1 1.76028E-1 2.71866E-1 1.401E-1 1.96473E-1 5.32021E-1 8.73462E-1 5.28347E-1 9.54901E-1 9.99962E-1 1E0 1E0 9.99996E-1 9.99999E-1 9.99998E-1 1E0 1E0 1E0 1E0 1E0 1E0 1E0 1E0 1E0 1E0 1E0 1E0 1E0 1E0 1E0 1E0 1E0 1E0 1E0 1E0 1E0 1E0 1E0 1E0
-9999 -9999 -9999 -9999 -9999 -9999 -9999 -9999 -9999 -9999 -9999 -9999 -9999 -9999 -9999 5.90378E-1 4.66687E-1 6.24272E-1 4.05604E-1 3.44461E-1 2.66604E-1 2.32662E-1 8.06067E-2 9.9431E-2 1.70479E-1 2.10435E-1 3.51434E-1 1.02137E-1 1.03336E-1 9.95035E-2 1.27071E-1 1.82708E-1 4.77882E-1 9.37194E-1 9.92922E-1 9.94164E-1 9.99384E-1 1E0 1E0 1E0 1E0 1E0 1E0 1E0 1E0 1E0 1E0 1E0 1E0 1E0 1E0 1E0 1E0 1E0 1E0 1E0 1E0 1E0 1E0 1E0 1E0 1E0 1E0 1E0 1E0 1E0 1E0
-9999 -9999 -9999 -9999 -9999 -9999 -9999 -9999 -9999 -9999 -9999 -9999 -9999 -9999 -9999 4.12125E-1 3.73327E-1 5.78456E-1 4.49046E-1 5.40445E-1 5.64639E-1 1.60433E-1 9.53097E-2 9.19377E-2 1.67422E-1 2.31985E-1 4.48778E-1 2.10716E-1 1.93956E-1 2.59608E-1 1.46669E-1 2.0627E-1 6.78161E-1 8.921E-1 9.20102E-1 8.72933E-1 9.72794E-1 9.99989E-1 9.99998E-1 9.99995E-1 1E0 1E0 1E0 1E0 1E0 1E0 1E0 1E0 1E0 1E0 1E0 1E0 1E0 1E0 1E0 1E0 1E0 1E0 1E0 1E0 1E0 1E0 1E0 1E0 1E0 1E0 1E0
-9999 -9999 -9999 -9999 -9999 -9999 -9999 -9999 -9999 -9999 -9999 -9999 -9999 -9999 -9999 2.40248E-1 3.89101E-1 3.39524E-1 1.84203E-1 1.5172E-1 1.51254E-1 1.35059E-1 8.16742E-2 1.22531E-1 2.61888E-1 3.35958E-1 6.74676E-1 3.96544E-1 4.83199E-1 6.25923E-1 5.66562E-1 5.55246E-1 7.70577E-1 4.9569E-1 3.00249E-1 3.14328E-1 9.17666E-1 9.99986E-1 9.99965E-1 9.99994E-1 1E0 1E0 1E0 1E0 1E0 1E0 1E0 1E0 1E0 1E0 1E0 1E0 1E0 1E0 1E0 1E0 1E0 1E0 1E0 1E0 1E0 1E0 1E0 1E0 1E0 1E0 1E0
-9999 -9999 -9999 -9999 -9999 -9999 -9999 -9999 -9999 -9999 -9999 -9999 -9999 -9999 6.54416E-1 1.91373E-1 3.30242E-1 1.41767E-1 2.10579E-1 2.01581E-1 3.01683E-2 5.84535E-2 1.08368E-1 3.52691E-1 3.9819E-1 4.98564E-1 4.28164E-1 8.01248E-1 6.21555E-1 6.16436E-1 6.1622E-1 7.43976E-1 6.70547E-1 3.13029E-1 1.59175E-1 2.74401E-1 8.63787E-1 9.99995E-1 9.99655E-1 9.99999E-1 9.99998E-1 1E0 1E0 1E0 1E0 1E0 1E0 1E0 1E0 1E0 1E0 1E0 1E0 1E0 1E0 1E0 1E0 1E0 1E0 1E0 1E0 1E0 1E0 1E0 1E0 1E0 1E0
