ENM/Final_Models/M_1_F_lqp_Set_1_EC/Gustavia_santanderiensis_Choco_median.asc
ncols         367
nrows         963
xllcorner     -78.6
yllcorner     0.65
cellsize      0.00833333333333323
NODATA_value  -9999
[rows 155 to 185 of 963, columns 142 to 212 of 367]
1.92601E-3 1.8893E-3 1.60079E-3 1.34593E-3 3.21655E-4 6.08573E-4 5.29096E-4 7.36405E-4 2.70295E-3 6.14516E-3 1.35112E-2 1.66733E-2 1.90056E-2 6.13886E-3 1.74792E-2 8.09614E-3 1.24861E-2 5.73696E-2 8.32592E-2 5.90621E-2 1.85512E-2 7.16036E-3 2.08977E-2 3.23727E-2 3.03566E-2 3.98025E-2 2.2974E-2 2.32826E-2 2.77133E-2 1.68746E-2 3.83634E-2 4.8595E-2 6.64757E-2 6.27263E-2 8.56737E-2 5.33572E-2 1.21355E-1 1.9285E-1 3.07943E-1 2.73678E-1 3.07783E-1 5.2903E-1 8.13048E-1 8.14134E-1 9.2645E-1 9.57408E-1 9.39571E-1 9.45605E-1 7.60807E-1 7.58535E-1 8.08133E-1 6.33729E-1 5.30882E-1 4.19078E-1 3.86042E-1 4.85862E-1 5.36189E-1 5.82556E-1 4.9988E-1 5.48459E-1 5.33345E-1 4.21035E-1 4.08554E-1 5.02474E-1 5.35302E-1 6.73126E-1 7.57498E-1 9.07656E-1 9.24245E-1 9.95197E-1 9.51457E-1
1.2641E-3 1.04224E-3 1.41452E-3 7.14393E-4 5.12826E-4 2.34185E-3 5.58149E-3 3.36617E-3 4.40435E-3 3.51803E-3 8.54864E-3 1.02968E-2 9.84863E-3 7.83756E-3 9.75105E-3 1.50895E-2 3.20407E-2 2.52404E-2 2.59176E-2 4.42376E-2 2.80733E-2 1.03639E-2 1.94713E-2 1.33531E-2 1.26878E-2 3.72778E-2 4.35739E-2 3.44494E-2 3.48092E-2 3.35829E-2 6.56675E-2 6.73349E-2 1.19371E-1 2.71965E-1 1.89859E-1 8.65385E-2 1.77492E-1 2.09929E-1 3.89801E-1 4.22098E-1 3.65184E-1 3.83706E-1 7.18687E-1 7.80832E-1 7.55895E-1 9.71765E-1 9.35418E-1 8.69266E-1 6.06627E-1 6.06514E-1 7.96313E-1 7.70831E-1 6.31378E-1 4.9009E-1 4.31051E-1 4.19597E-1 4.42359E-1 6.16096E-1 6.5662E-1 5.5851E-1 6.58819E-1 7.49435E-1 8.42017E-1 5.18261E-1 6.37443E-1 5.30931E-1 7.63811E-1 9.7335E-1 9.77977E-1 9.63766E-1 9.9364E-1
2.85474E-3 6.40796E-4 1.12203E-3 1.09158E-3 2.76671E-3 3.66208E-3 4.36005E-3 5.23207E-3 5.69922E-3 8.27971E-3 7.38561E-3 1.07025E-2 1.30492E-2 7.98318E-3 1.11658E-2 9.02246E-3 1.4814E-2 1.17896E-2 1.66015E-2 2.0453E-2 2.13779E-2 2.69221E-2 2.1706E-2 1.33522E-2 1.98279E-2 2.38238E-2 3.54258E-2 3.97844E-2 7.31317E-2 3.21071E-2 5.50632E-2 6.05866E-2 7.69157E-2 8.43975E-2 7.45737E-2 1.84538E-1 2.58086E-1 2.43477E-1 3.42785E-1 2.32818E-1 3.37189E-1 5.15355E-1 7.49353E-1 7.13465E-1 9.60117E-1 9.08947E-1 9.4787E-1 9.53766E-1 5.58826E-1 5.54572E-1 5.14344E-1 5.56176E-1 5.30726E-1 5.52835E-1 6.21999E-1 6.84136E-1 8.42587E-1 7.69997E-1 5.70226E-1 5.14683E-1 5.46846E-1 6.48955E-1 7.23271E-1 7.54084E-1 7.24539E-1 7.40376E-1 9.13445E-1 9.74705E-1 9.88923E-1 9.90697E-1 9.45704E-1
1.64514E-3 1.79859E-3 2.16217E-3 7.43576E-3 9.03112E-3 4.76871E-3 5.30418E-3 4.72485E-3 7.56694E-3 7.33095E-3 9.91142E-3 1.39736E-2 1.60246E-2 2.06004E-2 1.15355E-2 8.44098E-3 1.19827E-2 1.72817E-2 1.7209E-2 1.92052E-2 1.60458E-2 3.9663E-2 4.63815E-2 2.50707E-2 2.26558E-2 3.14077E-2 3.16948E-2 4.35703E-2 8.05048E-2 1.13021E-1 1.45042E-1 1.65233E-1 5.57399E-2 8.51788E-2 8.47943E-2 1.59171E-1 2.96456E-1 3.76374E-1 3.16126E-1 2.60292E-1 3.36956E-1 3.95266E-1 5.08221E-1 5.82181E-1 6.61289E-1 9.47899E-1 9.82647E-1 8.76493E-1 6.36956E-1 3.36555E-1 4.75094E-1 5.04022E-1 4.61582E-1 4.78304E-1 5.3049E-1 5.88292E-1 6.49255E-1 5.97236E-1 6.42241E-1 5.28865E-1 6.23745E-1 7.06333E-1 8.23018E-1 8.54638E-1 7.52023E-1 9.02738E-1 9.96065E-1 9.97763E-1 9.84E-1 9.97497E-1 9.53545E-1
8.35722E-4 4.18222E-3 4.11452E-3 3.60038E-3 7.26823E-3 6.38201E-3 3.09741E-3 3.03617E-3 6.51063E-3 7.04263E-3 1.38245E-2 9.47647E-3 8.4457E-3 1.47717E-2 6.37518E-3 6.64769E-3 1.08725E-2 2.09675E-2 1.04511E-2 1.78185E-2 1.03594E-2 4.82677E-2 5.89339E-2 4.15726E-2 2.28668E-2 2.80906E-2 5.51945E-2 5.51524E-2 7.45074E-2 1.00328E-1 1.22539E-1 1.62385E-1 1.40355E-1 8.89615E-2 1.5832E-1 1.82516E-1 2.39725E-1 2.73866E-1 4.25571E-1 3.2275E-1 3.7684E-1 3.72456E-1 4.85074E-1 6.75502E-1 6.16873E-1 9.71541E-1 9.9652E-1 9.43138E-1 6.77405E-1 3.21305E-1 4.60218E-1 4.85231E-1 4.72634E-1 4.31943E-1 6.12828E-1 4.19862E-1 5.01328E-1 4.8269E-1 6.86845E-1 6.38101E-1 6.01595E-1 7.7632E-1 7.43285E-1 7.52138E-1 8.17154E-1 7.39092E-1 9.53843E-1 9.85019E-1 9.49639E-1 9.34137E-1 8.91773E-1
9.56699E-4 2.46332E-3 6.16363E-3 2.57024E-3 4.98266E-3 4.87506E-3 7.07331E-3 5.10283E-3 9.62583E-3 9.949E-3 9.59713E-3 1.0418E-2 9.16893E-3 1.04267E-2 7.57483E-3 1.08817E-2 4.59064E-3 1.31939E-2 9.03854E-3 1.03966E-2 1.07378E-2 3.87532E-2 4.91296E-2 4.53766E-2 4.63856E-2 4.41563E-2 5.07493E-2 5.81243E-2 5.3657E-2 1.31764E-1 6.85862E-2 7.77899E-2 1.05268E-1 8.25126E-2 1.14705E-1 1.98765E-1 2.09738E-1 2.67154E-1 3.30054E-1 3.68727E-1 4.33514E-1 3.63006E-1 5.21351E-1 5.73632E-1 6.45115E-1 8.97252E-1 9.81085E-1 8.71525E-1 6.77935E-1 4.66693E-1 4.69102E-1 5.22804E-1 4.16188E-1 4.67979E-1 7.61786E-1 5.44502E-1 4.98316E-1 5.19582E-1 5.07189E-1 6.96921E-1 7.24001E-1 7.30191E-1 8.3456E-1 8.10567E-1 7.65484E-1 7.07972E-1 9.50244E-1 9.74231E-1 9.64929E-1 9.76216E-1 9.09808E-1
4.15413E-3 3.08567E-3 5.4511E-3 3.17996E-3 5.70337E-3 7.49284E-3 9.22206E-3 2.38873E-2 1.36184E-2 9.27522E-3 4.70208E-3 6.62581E-3 6.28799E-3 5.99303E-3 8.56576E-3 1.538E-2 6.54646E-3 1.16432E-2 8.46236E-3 8.15276E-3 1.5305E-2 3.17399E-2 4.49876E-2 4.53953E-2 6.87272E-2 7.16348E-2 7.87253E-2 1.08626E-1 1.37057E-1 1.04826E-1 4.13258E-2 4.55439E-2 4.80089E-2 4.18293E-2 8.57733E-2 2.30756E-1 3.05672E-1 2.8678E-1 2.39699E-1 3.86606E-1 5.48382E-1 5.93883E-1 4.54012E-1 5.76363E-1 6.33626E-1 9.18259E-1 9.10106E-1 7.97755E-1 5.30591E-1 5.56964E-1 5.65721E-1 4.73476E-1 5.25258E-1 4.72991E-1 6.03442E-1 7.78538E-1 6.96128E-1 7.3348E-1 4.54647E-1 5.83751E-1 7.4913E-1 7.3912E-1 8.68385E-1 9.38063E-1 8.99396E-1 7.98067E-1 9.35594E-1 9.67853E-1 9.63921E-1 9.83273E-1 9.69951E-1
1.43672E-3 2.33769E-3 3.26732E-3 4.57263E-3 4.4797E-3 5.54229E-3 9.37275E-3 9.75324E-3 7.79061E-3 6.65272E-3 2.74096E-3 9.63688E-3 9.743E-3 1.06225E-2 1.42948E-2 1.1225E-2 1.48803E-2 1.39548E-2 1.40029E-2 1.26696E-2 1.35561E-2 4.78158E-2 5.35671E-2 4.04741E-2 9.83301E-2 9.92282E-2 1.06252E-1 9.79038E-2 1.15613E-1 1.51731E-1 1.77507E-1 1.26825E-1 1.24633E-1 8.34536E-2 1.52447E-1 1.69734E-1 2.60409E-1 2.80817E-1 2.87664E-1 3.23868E-1 3.88058E-1 7.86484E-1 6.68674E-1 6.3395E-1 7.29068E-1 9.75752E-1 9.74301E-1 8.23131E-1 3.92163E-1 3.32063E-1 4.06597E-1 5.53344E-1 5.47148E-1 6.59842E-1 6.91625E-1 6.39291E-1 7.81751E-1 7.81508E-1 7.13716E-1 8.0667E-1 6.70834E-1 7.43422E-1 8.08234E-1 9.20818E-1 8.57531E-1 8.65099E-1 9.51571E-1 9.93806E-1 9.90696E-1 9.93905E-1 9.93155E-1
2.44157E-3 1.83871E-3 3.42972E-3 2.61857E-3 4.61572E-3 3.89494E-3 3.80266E-3 9.42194E-3 5.40983E-3 1.19158E-2 8.82688E-3 6.97125E-3 7.23613E-3 1.23917E-2 1.61903E-2 9.99708E-3 1.03768E-2 1.44222E-2 1.60074E-2 1.58752E-2 1.76652E-2 1.33143E-2 2.86057E-2 3.82447E-2 6.81999E-2 8.40587E-2 1.66772E-1 1.63073E-1 1.61627E-1 7.73664E-2 5.73504E-2 1.63333E-1 1.31564E-1 9.15669E-2 1.50385E-1 2.30113E-1 3.23649E-1 4.98514E-1 4.81825E-1 4.508E-1 3.93561E-1 6.49485E-1 7.22714E-1 9.31421E-1 9.60172E-1 7.93849E-1 7.33355E-1 6.47518E-1 4.80166E-1 6.63983E-1 6.85421E-1 6.23303E-1 6.73123E-1 9.68917E-1 7.59153E-1 7.87503E-1 7.90505E-1 8.22059E-1 8.8503E-1 7.55778E-1 6.5801E-1 5.23899E-1 7.62972E-1 9.46772E-1 8.38817E-1 9.53209E-1 9.85295E-1 9.93609E-1 9.94786E-1 9.85445E-1 9.8923E-1
1.92731E-3 1.62678E-3 3.18104E-3 3.00542E-3 7.09707E-3 7.92496E-3 4.73013E-3 6.33517E-3 7.1867E-3 6.27842E-3 1.23409E-2 1.31248E-2 1.6096E-2 1.52689E-2 1.26093E-2 4.85825E-3 1.24828E-2 4.36463E-3 1.61121E-2 2.07532E-2 2.99146E-2 2.73372E-2 3.44436E-2 3.7552E-2 6.7633E-2 7.46085E-2 1.29545E-1 1.17545E-1 2.44399E-1 1.46663E-1 2.14798E-1 2.51513E-1 3.05161E-1 3.72065E-1 2.38437E-1 2.27397E-1 3.04011E-1 4.94973E-1 5.03757E-1 4.95532E-1 7.90565E-1 8.40243E-1 7.46249E-1 6.05323E-1 6.86434E-1 8.3266E-1 6.73143E-1 8.5674E-1 8.41994E-1 7.50776E-1 7.70852E-1 7.88401E-1 7.4624E-1 7.96973E-1 6.39064E-1 5.51408E-1 5.75322E-1 6.30108E-1 6.62798E-1 7.52688E-1 7.71748E-1 7.5857E-1 8.10482E-1 8.8722E-1 9.42319E-1 9.86917E-1 9.82665E-1 9.53316E-1 9.90029E-1 9.88105E-1 9.91934E-1
1.62797E-3 1.70478E-3 2.11514E-3 5.54863E-3 1.0978E-2 1.15203E-2 5.19047E-3 8.30092E-3 5.91969E-3 5.16989E-3 9.59653E-3 1.07268E-2 1.78474E-2 8.1298E-3 1.2203E-2 4.79338E-3 1.12306E-2 1.04709E-2 1.20515E-2 1.14532E-2 2.05875E-2 2.04835E-2 4.32211E-2 4.1531E-2 4.76606E-2 5.17092E-2 1.55458E-1 1.99059E-1 2.69444E-1 2.58837E-1 2.92204E-1 2.78579E-1 3.59981E-1 5.12214E-1 3.42381E-1 3.05437E-1 3.33862E-1 3.57642E-1 4.43354E-1 5.35225E-1 5.90483E-1 8.39748E-1 8.12881E-1 7.47176E-1 5.62503E-1 7.53399E-1 7.59089E-1 9.12665E-1 8.04314E-1 8.09963E-1 7.68985E-1 6.64075E-1 6.48161E-1 7.90032E-1 8.75734E-1 7.04105E-1 6.74429E-1 7.23377E-1 7.54302E-1 8.52045E-1 8.49624E-1 8.58875E-1 8.00028E-1 8.63771E-1 8.74586E-1 9.41941E-1 9.38154E-1 9.2338E-1 8.10022E-1 9.96095E-1 9.987E-1
1.70476E-3 2.47265E-3 4.3552E-3 6.62052E-3 2.54127E-2 1.4776E-2 6.37267E-3 1.20239E-2 1.01972E-2 7.90668E-3 7.17675E-3 1.48021E-2 1.27701E-2 1.23778E-2 1.75773E-2 1.03574E-2 5.70753E-3 1.75424E-2 1.74151E-2 1.71133E-2 2.07485E-2 2.36155E-2 2.49327E-2 4.0226E-2 3.96762E-2 7.12732E-2 9.60018E-2 1.61403E-1 1.87007E-1 2.2632E-1 2.18205E-1 2.35695E-1 4.04853E-1 4.2782E-1 3.48713E-1 2.39655E-1 3.22373E-1 3.79694E-1 4.32476E-1 4.79125E-1 5.69777E-1 7.82417E-1 7.52411E-1 7.54493E-1 6.73196E-1 7.54055E-1 6.36811E-1 6.49026E-1 8.04291E-1 7.74524E-1 7.73498E-1 7.13061E-1 6.61669E-1 8.40534E-1 7.63761E-1 7.55433E-1 6.53555E-1 7.144E-1 7.38648E-1 8.13275E-1 8.33701E-1 7.37369E-1 7.29712E-1 7.55434E-1 8.41654E-1 7.67711E-1 8.46499E-1 9.48858E-1 9.94557E-1 9.98444E-1 9.98794E-1
4.2125E-3 4.10753E-3 4.76093E-3 9.53845E-3 1.39976E-2 7.51164E-3 6.95713E-3 9.4319E-3 1.28891E-2 1.93633E-2 9.92917E-3 1.28205E-2 1.16119E-2 2.01407E-2 2.09606E-2 1.10442E-2 5.95145E-3 1.38205E-2 2.13681E-2 2.83841E-2 2.7091E-2 2.35678E-2 2.87663E-2 3.15691E-2 6.75439E-2 6.18149E-2 6.12219E-2 1.28162E-1 1.45137E-1 1.84358E-1 2.39333E-1 1.45924E-1 2.7584E-1 3.10347E-1 2.86478E-1 3.34245E-1 4.53405E-1 4.6756E-1 5.0813E-1 5.10154E-1 4.91857E-1 6.07273E-1 6.43076E-1 7.19039E-1 6.75274E-1 6.59504E-1 6.0766E-1 5.17029E-1 6.39343E-1 7.47935E-1 7.79453E-1 6.58709E-1 8.24076E-1 8.45366E-1 7.31253E-1 6.2635E-1 7.44232E-1 5.7962E-1 6.70097E-1 8.30814E-1 7.27983E-1 7.47991E-1 6.4607E-1 5.66323E-1 6.63395E-1 8.17755E-1 9.2316E-1 9.89472E-1 9.98188E-1 9.99221E-1 9.97935E-1
5.18574E-3 6.18005E-3 5.1291E-3 5.58631E-3 9.53952E-3 8.57373E-3 4.99724E-3 5.43944E-3 3.09908E-2 4.03799E-2 3.22335E-2 3.5502E-2 1.34555E-2 6.25011E-3 9.17258E-3 8.36286E-3 7.20052E-3 1.07651E-2 1.19991E-2 2.13046E-2 2.48206E-2 3.24419E-2 3.25412E-2 3.2836E-2 4.58922E-2 4.53376E-2 4.6076E-2 9.15586E-2 1.49294E-1 2.48224E-1 1.61863E-1 1.00828E-1 2.30792E-1 2.3244E-1 2.11042E-1 3.36421E-1 4.98757E-1 4.17363E-1 5.61236E-1 6.67605E-1 8.40812E-1 7.83087E-1 8.43617E-1 6.33454E-1 5.9302E-1 6.11543E-1 5.68492E-1 5.32228E-1 6.10319E-1 6.76539E-1 7.76338E-1 7.97406E-1 8.01409E-1 9.07443E-1 8.45785E-1 7.60689E-1 8.49488E-1 7.20919E-1 7.956E-1 5.9449E-1 6.73147E-1 5.29577E-1 6.91492E-1 4.78283E-1 5.87308E-1 6.71721E-1 7.22027E-1 9.84215E-1 9.86034E-1 9.83608E-1 9.68358E-1
5.8727E-3 6.38657E-3 4.96688E-3 1.16081E-2 8.31296E-3 1.79886E-2 3.53118E-2 3.10097E-2 2.86115E-2 2.98556E-2 4.41973E-2 1.22802E-2 1.0377E-2 4.28951E-3 5.59363E-3 1.15732E-2 9.60485E-3 9.54187E-3 9.99962E-3 8.81627E-3 9.27645E-3 9.2865E-3 1.94085E-2 3.29356E-2 4.72573E-2 8.40693E-2 1.00352E-1 1.01858E-1 1.06889E-1 1.31552E-1 2.142E-1 2.32808E-1 3.13649E-1 2.81102E-1 1.92449E-1 4.1287E-1 4.73513E-1 4.56739E-1 6.45858E-1 6.6315E-1 7.0901E-1 5.66365E-1 7.89742E-1 6.29282E-1 3.90384E-1 5.51444E-1 4.60855E-1 6.38367E-1 7.53812E-1 4.98162E-1 7.41138E-1 7.25828E-1 8.03019E-1 8.97945E-1 8.51394E-1 4.92686E-1 6.53343E-1 5.81235E-1 5.35927E-1 7.32161E-1 6.10364E-1 5.46442E-1 4.97115E-1 6.48935E-1 7.94312E-1 6.82218E-1 9.4852E-1 9.24328E-1 9.41401E-1 9.05081E-1 8.83267E-1
1.9082E-3 3.13081E-3 3.96969E-3 6.29107E-3 1.3541E-2 1.44332E-2 1.70309E-2 1.1372E-2 2.7214E-2 2.18428E-2 2.44672E-2 3.02868E-2 1.26698E-2 6.14348E-3 1.45369E-2 1.4076E-2 1.7233E-2 2.04745E-2 1.44131E-2 8.04927E-3 1.32041E-2 1.66222E-2 2.64691E-2 2.19453E-2 6.34013E-2 6.17659E-2 1.09188E-1 1.27576E-1 1.46186E-1 8.29992E-2 1.76722E-1 1.69337E-1 2.41253E-1 3.3621E-1 2.64671E-1 2.86057E-1 3.38044E-1 3.36649E-1 4.5254E-1 5.18551E-1 8.49674E-1 8.22458E-1 4.72394E-1 2.57657E-1 3.01069E-1 5.86132E-1 7.16659E-1 8.50576E-1 9.958E-1 8.98215E-1 9.3957E-1 8.72236E-1 9.3856E-1 9.76277E-1 9.89685E-1 9.9772E-1 9.46629E-1 9.0165E-1 9.21197E-1 8.79905E-1 8.68835E-1 7.75168E-1 5.91527E-1 8.47521E-1 9.84928E-1 9.82028E-1 9.24853E-1 9.6053E-1 9.97036E-1 9.896E-1 9.66733E-1
6.21244E-3 3.62903E-3 7.37271E-3 7.25604E-3 9.84642E-3 1.86271E-2 1.76233E-2 9.64626E-3 1.7648E-2 2.12851E-2 1.52537E-2 1.5815E-2 5.31974E-3 1.50219E-2 4.47322E-3 1.38329E-2 1.94484E-2 3.21874E-2 2.1942E-2 1.70235E-2 1.53205E-2 1.71723E-2 2.788E-2 1.76867E-2 5.86613E-2 8.31258E-2 1.33241E-1 1.85335E-1 2.20749E-1 1.235E-1 2.54971E-1 2.56141E-1 3.39357E-1 4.27477E-1 4.74334E-1 3.72119E-1 6.05368E-1 4.61119E-1 6.59056E-1 6.4582E-1 7.44157E-1 8.66288E-1 6.88769E-1 2.72425E-1 4.31585E-1 6.30713E-1 7.03939E-1 7.00055E-1 6.94331E-1 8.9851E-1 9.33734E-1 9.42123E-1 9.37777E-1 9.85219E-1 9.97941E-1 9.8732E-1 8.82428E-1 9.64767E-1 9.64053E-1 9.76557E-1 9.32087E-1 8.84371E-1 7.69877E-1 8.63101E-1 9.32278E-1 9.31907E-1 9.5252E-1 9.95429E-1 9.94385E-1 9.97807E-1 9.57357E-1
6.95835E-3 4.17115E-3 4.62539E-3 7.2135E-3 4.58132E-3 1.38897E-2 2.02535E-2 2.05096E-2 2.08578E-2 2.06475E-2 1.74841E-2 9.27222E-3 6.61226E-3 2.10368E-2 1.41945E-2 1.58219E-2 1.37596E-2 2.62464E-2 3.1892E-2 1.08555E-2 2.58207E-2 2.24726E-2 1.46873E-2 5.14342E-2 9.85855E-2 8.50502E-2 1.36588E-1 1.57689E-1 2.5761E-1 2.47799E-1 1.80177E-1 1.85212E-1 3.39039E-1 2.0652E-1 3.5421E-1 5.35332E-1 6.12157E-1 7.6863E-1 9.26603E-1 9.26436E-1 8.76655E-1 8.89184E-1 6.51522E-1 3.501E-1 4.07366E-1 6.46634E-1 7.81003E-1 8.75892E-1 6.57831E-1 7.39894E-1 7.99472E-1 9.47567E-1 8.57359E-1 9.58947E-1 9.99171E-1 9.49499E-1 9.5894E-1 9.57583E-1 8.8958E-1 9.47295E-1 8.48552E-1 7.66155E-1 7.16573E-1 9.3412E-1 9.72709E-1 9.74033E-1 9.49904E-1 9.9122E-1 9.98403E-1 9.98475E-1 9.96159E-1
6.82981E-3 4.47941E-3 3.52019E-3 4.92213E-3 5.90655E-3 1.10657E-2 1.88043E-2 5.24822E-2 4.17966E-2 2.28103E-2 2.16056E-2 2.30215E-2 1.52613E-2 1.21067E-2 2.35151E-2 2.02537E-2 1.27113E-2 2.02839E-2 2.57251E-2 1.95514E-2 2.95764E-2 3.69191E-2 2.75921E-2 4.08817E-2 6.09877E-2 7.19363E-2 1.2087E-1 1.31045E-1 2.22529E-1 3.1936E-1 2.81781E-1 1.87311E-1 3.2452E-1 3.69841E-1 4.45037E-1 5.48709E-1 5.98794E-1 8.23709E-1 9.20177E-1 9.1756E-1 9.73764E-1 9.84395E-1 6.38701E-1 3.4189E-1 6.30438E-1 7.89089E-1 7.64609E-1 6.94854E-1 6.94696E-1 7.57515E-1 7.97362E-1 9.38445E-1 9.44002E-1 9.87297E-1 9.96465E-1 9.32752E-1 9.18235E-1 9.31821E-1 9.77502E-1 9.61239E-1 9.49292E-1 9.14523E-1 7.28845E-1 9.52757E-1 9.96112E-1 9.96233E-1 9.72429E-1 9.94616E-1 9.99053E-1 9.98539E-1 9.97758E-1
2.33468E-3 2.08137E-3 3.7276E-3 5.76911E-3 4.56181E-3 1.16439E-2 1.60424E-2 5.99164E-2 8.07843E-2 8.75624E-2 1.96264E-2 1.32075E-2 1.41461E-2 1.21915E-2 1.81364E-2 2.675E-2 2.57465E-2 3.11651E-2 2.48226E-2 1.66865E-2 1.84759E-2 2.12882E-2 3.48879E-2 3.09123E-2 5.95377E-2 8.45799E-2 1.46009E-1 1.47109E-1 2.90157E-1 2.90842E-1 3.65334E-1 3.49503E-1 4.20071E-1 5.93551E-1 5.82132E-1 6.47411E-1 9.52054E-1 9.57585E-1 9.58172E-1 9.23807E-1 9.19924E-1 9.86065E-1 7.08426E-1 4.51473E-1 5.3563E-1 6.79514E-1 6.46092E-1 7.39582E-1 8.29746E-1 8.41304E-1 8.70119E-1 9.97956E-1 9.99133E-1 9.98623E-1 9.92685E-1 9.76499E-1 9.38977E-1 9.11465E-1 9.2544E-1 9.52863E-1 9.40924E-1 9.685E-1 9.44634E-1 9.20631E-1 9.37238E-1 9.81632E-1 9.79722E-1 9.86216E-1 9.99197E-1 9.99206E-1 9.9959E-1
2.56786E-3 4.10451E-3 4.94721E-3 5.86716E-3 4.26968E-3 9.15759E-3 3.04126E-2 6.30882E-2 9.08559E-2 2.90679E-2 3.51298E-2 2.10025E-2 2.18425E-2 9.512E-3 8.30737E-3 1.04196E-2 4.02166E-2 8.65194E-3 1.79751E-2 3.23454E-2 2.79635E-2 2.96574E-2 8.30682E-2 5.69042E-2 7.0259E-2 1.14181E-1 1.65159E-1 1.47779E-1 1.06366E-1 2.59733E-1 4.93912E-1 4.35813E-1 6.2533E-1 4.67073E-1 4.85348E-1 9.03224E-1 9.79277E-1 9.60418E-1 9.38963E-1 9.27949E-1 9.91811E-1 9.84212E-1 9.78581E-1 7.95341E-1 5.20034E-1 6.63032E-1 8.75645E-1 8.40056E-1 9.65149E-1 9.8087E-1 8.3544E-1 7.94013E-1 9.38296E-1 9.74041E-1 9.87354E-1 9.96906E-1 9.6763E-1 8.07392E-1 8.6768E-1 9.1354E-1 9.74342E-1 9.24577E-1 9.90682E-1 9.88644E-1 9.90766E-1 9.9563E-1 9.99746E-1 9.98688E-1 9.99775E-1 9.96485E-1 9.96715E-1
4.42569E-3 5.67128E-3 6.17651E-3 1.07924E-2 1.84082E-2 2.19621E-2 2.41712E-2 1.57377E-2 3.44223E-2 2.36821E-2 2.14189E-2 1.32978E-2 1.81153E-2 2.22961E-2 2.23845E-2 1.67705E-2 1.73459E-2 2.87097E-2 4.41104E-2 3.48511E-2 3.42363E-2 4.32834E-2 6.63556E-2 5.41051E-2 1.50956E-1 1.11778E-1 1.05369E-1 1.33924E-1 1.7897E-1 2.8911E-1 4.21218E-1 5.10398E-1 6.60129E-1 8.18856E-1 5.55668E-1 7.29331E-1 9.42382E-1 9.85473E-1 9.35438E-1 9.95505E-1 9.79962E-1 9.89271E-1 8.85852E-1 8.29512E-1 5.53834E-1 8.96545E-1 9.4172E-1 9.3411E-1 9.57508E-1 9.16372E-1 9.08335E-1 9.9186E-1 9.97565E-1 9.99656E-1 9.99358E-1 9.86854E-1 9.96213E-1 9.16001E-1 8.80619E-1 9.66482E-1 9.53794E-1 9.97446E-1 9.52356E-1 9.94283E-1 9.99532E-1 9.98979E-1 9.99216E-1 9.99345E-1 9.99017E-1 9.93536E-1 9.9584E-1
7.43873E-3 1.46647E-2 1.69371E-2 1.94377E-2 5.26635E-2 1.51443E-2 1.98842E-2 5.55937E-2 4.89038E-2 4.22023E-2 3.61799E-2 1.92063E-2 1.82145E-2 2.48623E-2 1.94789E-2 2.23576E-2 1.30037E-2 1.41634E-2 4.48139E-2 3.94436E-2 3.42428E-2 5.97067E-2 6.24182E-2 1.24174E-1 1.48134E-1 1.42613E-1 2.5201E-1 2.4397E-1 2.75708E-1 3.9324E-1 4.13264E-1 5.59976E-1 8.78689E-1 9.33573E-1 9.32459E-1 9.85927E-1 9.66718E-1 9.38437E-1 9.52029E-1 9.87858E-1 9.86498E-1 9.94391E-1 8.23674E-1 7.64914E-1 8.27502E-1 9.35994E-1 8.59226E-1 8.9324E-1 8.73356E-1 9.80299E-1 9.31687E-1 9.84317E-1 9.94291E-1 9.95425E-1 9.8874E-1 9.66125E-1 9.73127E-1 9.71672E-1 8.51098E-1 9.90822E-1 9.99719E-1 9.99884E-1 9.98659E-1 9.98316E-1 9.73627E-1 9.99608E-1 9.97703E-1 9.99542E-1 9.96211E-1 9.84235E-1 9.9235E-1
3.42366E-2 4.31736E-2 2.70855E-2 2.57555E-2 4.72473E-2 2.13927E-2 1.61304E-2 4.20795E-2 4.16778E-2 3.03895E-2 4.20269E-2 3.04496E-2 1.84058E-2 1.58696E-2 1.43179E-2 1.85475E-2 2.41499E-2 1.76243E-2 4.22036E-2 3.9083E-2 3.02312E-2 3.67234E-2 6.32329E-2 1.1699E-1 8.4907E-2 1.76262E-1 2.64477E-1 2.9219E-1 2.43E-1 2.69025E-1 4.51816E-1 8.43741E-1 9.2015E-1 9.58071E-1 9.89967E-1 9.89177E-1 9.53576E-1 9.32171E-1 9.89288E-1 8.44871E-1 9.55972E-1 9.6916E-1 8.93612E-1 7.92818E-1 7.71133E-1 9.71191E-1 8.23169E-1 8.29535E-1 9.0859E-1 9.06412E-1 8.08546E-1 9.37775E-1 9.35033E-1 9.59248E-1 9.80705E-1 7.59393E-1 8.14316E-1 8.91904E-1 9.16655E-1 9.96616E-1 9.95126E-1 9.99932E-1 9.99999E-1 9.98829E-1 9.95911E-1 9.99306E-1 9.99396E-1 9.99215E-1 9.99601E-1 9.81171E-1 9.89662E-1
3.26148E-2 5.09848E-2 3.80222E-2 4.56642E-2 6.21167E-2 4.42458E-2 2.62293E-2 1.60084E-2 2.90699E-2 1.52348E-2 1.55365E-2 2.33278E-2 2.31129E-2 1.37365E-2 2.54562E-2 2.33694E-2 2.50526E-2 2.34969E-2 6.63934E-2 5.15625E-2 5.32116E-2 6.95278E-2 8.64764E-2 9.16344E-2 1.4197E-1 1.66278E-1 3.12034E-1 3.34664E-1 3.45058E-1 3.50762E-1 4.90308E-1 8.95241E-1 8.39096E-1 9.37296E-1 9.61434E-1 9.50478E-1 9.75427E-1 9.78625E-1 9.83365E-1 9.94678E-1 9.97608E-1 9.95605E-1 8.86037E-1 6.92079E-1 7.31872E-1 9.55808E-1 8.81005E-1 8.83514E-1 8.96246E-1 9.04387E-1 8.9448E-1 9.22039E-1 9.63121E-1 9.93496E-1 9.61276E-1 9.72883E-1 9.81591E-1 9.75657E-1 9.56971E-1 9.96143E-1 9.97625E-1 9.98876E-1 9.95947E-1 9.99019E-1 9.96577E-1 9.99539E-1 9.99603E-1 9.99968E-1 9.98468E-1 9.74171E-1 9.98564E-1
6.79387E-2 7.53892E-2 4.32296E-2 5.72527E-2 4.83597E-2 2.72358E-2 3.41219E-2 2.73714E-2 1.48197E-2 1.50183E-2 1.25617E-2 1.52013E-2 1.03738E-2 8.32062E-3 2.05437E-2 1.33152E-2 1.44093E-2 7.81821E-2 5.09783E-2 4.88676E-2 7.10297E-2 8.67689E-2 7.80639E-2 1.38484E-1 1.44476E-1 2.49344E-1 3.29883E-1 3.82611E-1 4.03336E-1 4.9849E-1 7.06042E-1 8.25197E-1 6.63668E-1 9.00079E-1 8.87029E-1 9.14937E-1 9.58523E-1 9.42066E-1 8.55386E-1 9.91544E-1 9.92174E-1 9.97905E-1 9.48019E-1 8.21074E-1 6.97123E-1 9.25305E-1 9.0369E-1 9.39023E-1 9.73141E-1 9.43836E-1 9.63566E-1 9.49229E-1 9.78523E-1 9.81207E-1 9.84083E-1 9.55833E-1 9.99563E-1 9.99452E-1 9.9975E-1 9.96705E-1 9.9799E-1 9.93594E-1 9.99545E-1 9.92461E-1 9.99517E-1 9.9829E-1 9.99699E-1 9.96531E-1 9.92515E-1 9.86611E-1 9.9988E-1
6.44914E-2 6.97564E-2 4.42547E-2 4.39087E-2 3.2937E-2 1.24089E-2 1.48753E-2 1.01947E-2 1.56234E-2 1.65914E-2 1.95268E-2 1.08125E-2 1.30316E-2 1.5904E-2 2.1248E-2 1.8667E-2 1.97168E-2 6.11761E-2 3.1655E-2 2.47967E-2 5.95716E-2 1.11234E-1 1.17163E-1 2.37569E-1 3.64832E-1 3.83559E-1 4.37045E-1 7.04422E-1 6.87346E-1 8.94105E-1 9.91622E-1 6.43425E-1 6.73819E-1 8.26432E-1 8.30267E-1 9.17219E-1 9.98351E-1 9.51523E-1 9.80582E-1 9.38432E-1 9.09019E-1 9.14985E-1 9.69971E-1 9.42569E-1 9.81575E-1 9.38053E-1 9.69995E-1 9.91933E-1 9.20976E-1 5.89669E-1 9.72231E-1 9.98387E-1 9.84995E-1 9.46832E-1 9.82317E-1 9.97132E-1 9.9986E-1 9.98499E-1 9.76333E-1 9.90003E-1 9.96749E-1 9.99624E-1 9.99403E-1 9.96144E-1 9.99705E-1 9.99112E-1 9.99781E-1 9.98423E-1 9.99628E-1 9.67754E-1 9.99071E-1
2.43298E-2 3.98418E-2 3.65856E-2 1.90326E-2 1.14188E-2 1.67683E-2 1.91051E-2 1.48123E-2 3.83571E-3 4.99356E-3 1.51463E-2 1.28741E-2 6.37575E-3 1.70357E-2 2.20644E-2 3.16866E-2 2.65241E-2 4.66366E-2 3.19923E-2 2.07985E-2 6.58044E-2 1.27846E-1 2.13117E-1 2.76666E-1 4.22192E-1 6.45176E-1 7.34566E-1 9.24428E-1 9.77868E-1 9.51853E-1 9.54601E-1 8.51755E-1 7.25618E-1 7.27159E-1 7.27514E-1 8.90774E-1 9.82627E-1 8.47554E-1 8.63953E-1 9.94631E-1 9.89414E-1 9.80728E-1 9.86922E-1 9.67488E-1 9.79278E-1 9.71426E-1 9.70287E-1 9.90178E-1 9.93867E-1 9.07487E-1 9.48304E-1 9.62736E-1 9.88273E-1 9.98939E-1 9.97923E-1 9.9985E-1 9.98568E-1 9.96226E-1 9.95054E-1 9.95551E-1 9.99921E-1 9.99946E-1 9.99997E-1 9.99624E-1 9.99981E-1 9.99999E-1 9.98624E-1 9.98427E-1 9.9302E-1 9.99778E-1 9.69852E-1
3.88592E-2 2.81857E-2 1.2341E-2 1.58199E-2 1.52517E-2 2.08828E-2 1.51588E-2 9.10176E-3 6.72742E-3 1.21018E-2 7.87941E-3 6.13589E-3 1.52961E-2 2.16578E-2 2.06412E-2 4.71491E-2 3.9664E-2 5.94548E-2 1.83802E-2 4.70598E-2 5.90358E-2 2.05784E-1 2.05166E-1 2.68168E-1 4.61784E-1 8.62367E-1 9.7408E-1 9.84721E-1 9.73734E-1 9.4534E-1 8.53194E-1 8.67598E-1 8.76235E-1 7.7597E-1 7.88731E-1 7.6014E-1 9.24648E-1 9.89308E-1 9.90261E-1 8.59662E-1 8.7965E-1 8.6184E-1 9.93406E-1 9.67598E-1 9.67517E-1 9.53525E-1 9.93414E-1 9.77852E-1 9.73849E-1 9.92954E-1 9.87094E-1 9.89018E-1 9.97704E-1 9.96932E-1 9.98644E-1 9.97376E-1 9.94009E-1 9.97286E-1 9.93201E-1 9.90804E-1 9.97662E-1 9.99077E-1 9.99252E-1 9.99998E-1 1E0 9.99999E-1 9.99999E-1 9.99977E-1 9.82853E-1 9.99112E-1 9.99787E-1
3.83596E-2 1.79125E-2 1.52707E-2 1.73658E-2 1.39763E-2 1.51714E-2 5.82427E-3 7.53353E-3 7.7231E-3 5.94833E-3 6.60383E-3 1.13888E-2 1.25129E-2 2.37162E-2 2.06489E-2 3.34823E-2 2.62404E-2 2.62137E-2 2.7976E-2 6.35544E-2 1.48232E-1 1.9161E-1 2.20178E-1 2.44849E-1 4.02149E-1 7.50304E-1 9.71256E-1 9.76246E-1 7.74285E-1 8.98757E-1 9.19489E-1 8.55525E-1 9.57382E-1 8.72005E-1 9.13457E-1 9.0243E-1 9.19181E-1 9.29181E-1 9.96587E-1 9.98353E-1 9.59617E-1 9.72554E-1 9.91088E-1 9.90993E-1 9.74875E-1 8.30068E-1 9.84882E-1 9.75143E-1 9.84344E-1 9.94292E-1 9.95993E-1 9.98711E-1 9.99026E-1 9.6208E-1 9.35947E-1 9.94621E-1 9.98837E-1 9.99934E-1 9.92706E-1 9.96098E-1 9.22274E-1 9.38655E-1 9.99144E-1 1E0 1E0 9.99978E-1 9.99505E-1 9.99934E-1 9.9967E-1 9.98431E-1 9.99987E-1
1.59883E-2 1.31597E-2 1.83502E-2 1.84574E-2 1.2897E-2 8.09241E-3 9.72462E-3 4.37534E-3 4.04746E-3 6.88304E-3 6.32677E-3 1.10368E-2 1.36904E-2 2.01972E-2 1.8967E-2 2.44247E-2 1.77941E-2 2.82335E-2 2.81284E-2 4.54541E-2 1.16264E-1 2.48538E-1 2.47648E-1 2.3436E-1 4.80447E-1 6.58901E-1 8.95945E-1 8.63566E-1 7.97236E-1 8.46556E-1 9.35123E-1 8.64009E-1 9.46833E-1 8.87429E-1 9.21113E-1 9.82784E-1 9.64718E-1 9.68166E-1 9.73851E-1 9.84872E-1 9.89645E-1 9.76306E-1 9.78631E-1 9.93244E-1 9.4142E-1 9.45797E-1 9.54538E-1 9.86788E-1 9.66603E-1 9.98092E-1 9.99826E-1 9.99365E-1 9.97511E-1 9.8251E-1 9.94818E-1 9.85954E-1 9.98585E-1 9.99495E-1 9.99309E-1 9.86699E-1 9.85488E-1 9.93292E-1 9.99506E-1 9.99663E-1 9.9999E-1 9.99997E-1 9.98971E-1 9.9994E-1 9.99994E-1 9.99825E-1 9.99999E-1
