ENM/Final_Models/M_1_F_lqp_Set_1_EC/Gustavia_santanderiensis_1_Choco.asc
ncols         367
nrows         963
xllcorner     -78.6
yllcorner     0.65
cellsize      0.00833333333333323
NODATA_value  -9999
[rows 300 to 329 of 963, columns 268 to 334 of 367]
2.28928E-1 1.6824E-1 1.8717E-1 1.66735E-1 7.96909E-2 7.85499E-2 7.92342E-2 6.38984E-2 1.08607E-2 2.44387E-2 2.73979E-3 3.32803E-3 3.65989E-3 2.44296E-3 2.15536E-3 1.94384E-4 2.96001E-4 3.65858E-4 2.98511E-4 1.40527E-4 7.62145E-4 1.06792E-3 1.39529E-3 1.10509E-3 2.28477E-3 1.86782E-3 1.56943E-3 6.437E-4 1.36468E-3 1.3693E-3 9.0351E-4 5.51211E-4 2.04159E-3 1.52945E-3 1.66194E-3 1.08715E-3 6.31186E-4 9.44246E-4 -9999 -9999 -9999 -9999 -9999 -9999 -9999 -9999 -9999 -9999 -9999 -9999 -9999 -9999 -9999 -9999 -9999 -9999 -9999 -9999 -9999 -9999 -9999 -9999 -9999 -9999 -9999 -9999 -9999
5.3665E-1 3.128E-1 1.7741E-1 9.17329E-2 6.71376E-2 1.63775E-1 1.46776E-1 1.01314E-1 6.26256E-2 3.84339E-2 1.13158E-2 3.57699E-2 1.96693E-2 1.67773E-2 1.76532E-3 1.22044E-3 2.53125E-3 7.42465E-4 3.79564E-4 2.98699E-4 3.26786E-4 1.57417E-4 2.70653E-4 5.16577E-4 1.0925E-3 1.92475E-3 4.81991E-4 5.82215E-5 8.83591E-4 4.96665E-4 6.61713E-4 3.06318E-4 5.15255E-4 2.45316E-4 2.45875E-4 4.86149E-4 6.66482E-4 1.15538E-3 3.96241E-4 -9999 -9999 -9999 -9999 -9999 -9999 -9999 -9999 -9999 -9999 -9999 -9999 -9999 -9999 -9999 -9999 -9999 -9999 -9999 -9999 -9999 -9999 -9999 -9999 -9999 -9999 -9999 -9999
2.66783E-1 2.47249E-1 2.38769E-1 1.82518E-1 3.6384E-1 3.90768E-1 2.78703E-1 1.78571E-1 1.17291E-1 2.4292E-2 5.56161E-3 1.4809E-2 2.86858E-2 7.27943E-3 2.10702E-3 5.73011E-3 4.57259E-3 2.66527E-3 1.58282E-3 2.38213E-4 7.28195E-5 6.50433E-5 2.77878E-4 4.00968E-4 5.56764E-4 1.42715E-3 6.27409E-4 5.20664E-5 5.23424E-4 5.16222E-4 1.84645E-4 1.25226E-4 4.6048E-4 1.0649E-3 3.3639E-4 6.95403E-4 1.08056E-3 1.66245E-3 9.101E-4 -9999 -9999 -9999 -9999 -9999 -9999 -9999 -9999 -9999 -9999 -9999 -9999 -9999 -9999 -9999 -9999 -9999 -9999 -9999 -9999 -9999 -9999 -9999 -9999 -9999 -9999 -9999 -9999
2.71266E-1 3.5233E-1 4.20858E-1 4.77039E-1 5.71516E-1 5.14384E-1 3.72188E-1 1.53924E-1 9.18417E-2 6.45699E-2 4.32745E-2 3.20944E-2 8.88259E-3 1.11565E-2 3.03783E-3 4.10236E-3 2.0153E-3 1.02797E-3 5.23375E-4 1.07772E-4 2.29537E-4 1.82788E-4 7.10573E-5 7.68137E-5 5.78158E-4 6.74817E-4 4.90804E-4 3.07315E-4 4.83149E-4 1.48482E-4 1.24062E-4 1.49888E-4 1.78869E-4 3.87666E-4 5.99097E-4 1.7331E-3 1.62662E-3 1.08843E-3 4.49203E-4 -9999 -9999 -9999 -9999 -9999 -9999 -9999 -9999 -9999 -9999 -9999 -9999 -9999 -9999 -9999 -9999 -9999 -9999 -9999 -9999 -9999 -9999 -9999 -9999 -9999 -9999 -9999 -9999
6.18483E-1 5.12419E-1 4.77868E-1 5.73008E-1 5.68438E-1 3.20967E-1 2.05392E-1 9.24756E-2 2.09568E-1 1.12247E-1 8.64266E-2 2.22948E-2 1.93563E-2 9.93624E-3 2.95595E-3 1.24663E-2 8.19042E-3 2.00137E-3 1.69166E-3 4.46823E-4 2.26524E-4 2.9208E-4 6.46398E-4 8.03479E-4 1.67806E-3 4.79091E-4 1.96907E-4 3.3844E-4 4.01346E-4 5.22754E-4 3.89499E-4 1.63352E-4 3.68201E-4 5.00093E-4 6.21781E-5 3.13759E-4 4.24824E-4 8.63952E-4 8.76808E-4 -9999 -9999 -9999 -9999 -9999 -9999 -9999 -9999 -9999 -9999 -9999 -9999 -9999 -9999 -9999 -9999 -9999 -9999 -9999 -9999 -9999 -9999 -9999 -9999 -9999 -9999 -9999 -9999
5.79799E-1 5.75221E-1 7.04571E-1 7.35779E-1 6.12519E-1 3.27427E-1 1.94955E-1 1.77868E-1 3.23272E-1 2.01603E-1 8.10289E-2 6.08433E-2 1.94116E-2 1.70303E-2 9.88957E-3 2.48712E-2 1.07584E-2 4.41532E-3 3.99685E-3 5.19663E-4 3.34436E-4 1.94408E-4 4.90466E-4 8.7625E-4 2.0108E-3 6.1075E-4 1.57842E-4 4.24693E-4 3.01952E-4 3.33676E-4 2.74844E-4 7.35209E-5 5.84835E-5 6.56514E-4 6.55242E-4 3.5646E-4 1.88339E-4 4.09149E-4 4.77665E-4 -9999 -9999 -9999 -9999 -9999 -9999 -9999 -9999 -9999 -9999 -9999 -9999 -9999 -9999 -9999 -9999 -9999 -9999 -9999 -9999 -9999 -9999 -9999 -9999 -9999 -9999 -9999 -9999
4.58033E-1 4.855E-1 6.18123E-1 5.61299E-1 4.7995E-1 5.4018E-1 4.01726E-1 3.54993E-1 3.31429E-1 1.53632E-1 9.05484E-2 8.26221E-2 1.95901E-2 2.27228E-2 9.31679E-3 1.29182E-2 1.04662E-2 3.24227E-3 2.22698E-3 8.14818E-4 1.34338E-4 1.67486E-4 3.23785E-4 8.51099E-4 1.50071E-3 5.7263E-4 3.42333E-4 2.80718E-4 3.48081E-4 2.93395E-4 3.57269E-4 2.97157E-4 1.3768E-3 1.51723E-3 5.93959E-4 6.55379E-4 1.85568E-4 1.6238E-4 3.92307E-4 -9999 -9999 -9999 -9999 -9999 -9999 -9999 -9999 -9999 -9999 -9999 -9999 -9999 -9999 -9999 -9999 -9999 -9999 -9999 -9999 -9999 -9999 -9999 -9999 -9999 -9999 -9999 -9999
5.88948E-1 6.219E-1 3.82422E-1 3.05877E-1 4.8888E-1 3.92348E-1 2.56819E-1 3.81864E-1 2.50338E-1 1.3185E-1 2.00351E-1 1.41759E-1 1.99814E-2 9.88954E-3 2.98503E-3 1.27856E-3 3.51343E-3 3.68338E-3 3.87196E-3 1.42753E-3 2.45116E-4 1.90414E-4 2.83586E-4 1.01912E-3 1.3778E-3 2.26112E-4 6.8509E-5 9.13203E-4 7.30634E-4 4.51408E-4 2.36139E-4 2.85959E-4 5.45778E-4 6.95085E-4 2.30197E-4 4.39931E-4 1.5955E-4 1.4599E-4 2.43748E-4 -9999 -9999 -9999 -9999 -9999 -9999 -9999 -9999 -9999 -9999 -9999 -9999 -9999 -9999 -9999 -9999 -9999 -9999 -9999 -9999 -9999 -9999 -9999 -9999 -9999 -9999 -9999 -9999
7.36224E-1 7.7659E-1 4.03499E-1 5.43696E-1 4.63931E-1 4.11121E-1 3.24447E-1 1.98395E-1 1.33143E-1 6.41931E-2 6.97213E-2 1.25907E-1 5.31868E-2 2.57498E-3 1.04067E-3 6.02377E-5 4.15488E-4 1.05302E-2 5.23199E-3 1.365E-3 6.82388E-4 5.47794E-4 4.1437E-4 1.2154E-3 6.40261E-4 8.24901E-4 7.07553E-4 1.73201E-3 7.94322E-4 1.23877E-3 7.31729E-4 1.66435E-4 1.27063E-4 2.62792E-4 2.63121E-4 3.81362E-4 9.61877E-5 8.43731E-5 6.6967E-5 -9999 -9999 -9999 -9999 -9999 -9999 -9999 -9999 -9999 -9999 -9999 -9999 -9999 -9999 -9999 -9999 -9999 -9999 -9999 -9999 -9999 -9999 -9999 -9999 -9999 -9999 -9999 -9999
8.47336E-1 6.85188E-1 5.44716E-1 5.47605E-1 5.31774E-1 4.62916E-1 3.2227E-1 2.94919E-1 2.54283E-1 2.00465E-1 2.20172E-1 2.23062E-1 5.95177E-2 3.42728E-3 1.78225E-3 2.94709E-4 7.02463E-5 2.72493E-3 3.98314E-3 8.09468E-4 2.89306E-4 5.7985E-4 4.67866E-4 8.00264E-5 6.58394E-4 4.49133E-4 3.5294E-4 8.94948E-4 4.87916E-4 1.00751E-3 1.16034E-3 4.32347E-4 8.78333E-5 7.65072E-5 1.56703E-4 1.43001E-4 1.72962E-4 1.38587E-4 -9999 -9999 -9999 -9999 -9999 -9999 -9999 -9999 -9999 -9999 -9999 -9999 -9999 -9999 -9999 -9999 -9999 -9999 -9999 -9999 -9999 -9999 -9999 -9999 -9999 -9999 -9999 -9999 -9999
6.93137E-1 7.37294E-1 6.43153E-1 5.95989E-1 5.06494E-1 4.22298E-1 4.04723E-1 3.71731E-1 2.54157E-1 2.59668E-1 2.12902E-1 1.34519E-1 7.53368E-2 2.94722E-2 1.26536E-2 3.82236E-3 5.82493E-5 9.79689E-4 2.14074E-3 2.42358E-4 2.51479E-4 2.84714E-4 1.46326E-4 1.0175E-4 2.59048E-4 5.2074E-4 2.39388E-4 7.33047E-4 3.98213E-4 3.1953E-4 5.22625E-4 2.94696E-4 1.07135E-4 6.14022E-5 7.83467E-5 1.17571E-4 9.49607E-5 6.54227E-5 -9999 -9999 -9999 -9999 -9999 -9999 -9999 -9999 -9999 -9999 -9999 -9999 -9999 -9999 -9999 -9999 -9999 -9999 -9999 -9999 -9999 -9999 -9999 -9999 -9999 -9999 -9999 -9999 -9999
7.33453E-1 8.3173E-1 7.96731E-1 6.3103E-1 4.97767E-1 4.11822E-1 4.29854E-1 4.20067E-1 2.45883E-1 2.07882E-1 1.52749E-1 8.624E-2 8.34944E-2 7.22784E-2 2.50769E-2 1.37676E-2 1.33968E-4 3.29639E-4 9.45555E-4 8.14446E-4 9.84302E-5 8.5506E-5 5.80593E-5 9.47991E-5 5.31031E-5 4.17186E-5 1.13672E-4 5.29679E-4 4.87111E-4 6.55277E-5 1.2144E-4 1.26433E-4 1.04621E-4 4.39697E-5 1.34414E-4 1.16358E-4 6.88146E-5 2.37203E-5 -9999 -9999 -9999 -9999 -9999 -9999 -9999 -9999 -9999 -9999 -9999 -9999 -9999 -9999 -9999 -9999 -9999 -9999 -9999 -9999 -9999 -9999 -9999 -9999 -9999 -9999 -9999 -9999 -9999
7.98118E-1 8.6766E-1 7.56444E-1 6.69059E-1 5.08177E-1 4.63302E-1 6.08069E-1 4.6411E-1 2.29972E-1 8.61272E-2 1.22288E-1 7.80199E-2 8.48959E-2 4.31412E-2 9.33336E-3 2.133E-2 5.93201E-4 3.88851E-3 4.32878E-3 8.05647E-4 4.85141E-5 6.16637E-5 8.99259E-5 3.30193E-5 6.89377E-5 3.70741E-5 9.00209E-5 1.82667E-4 2.5433E-4 2.7045E-4 4.66462E-5 7.12621E-5 9.64946E-5 3.91209E-5 1.22452E-4 1.11932E-4 3.61048E-5 -9999 -9999 -9999 -9999 -9999 -9999 -9999 -9999 -9999 -9999 -9999 -9999 -9999 -9999 -9999 -9999 -9999 -9999 -9999 -9999 -9999 -9999 -9999 -9999 -9999 -9999 -9999 -9999 -9999 -9999
8.92686E-1 8.41978E-1 7.00622E-1 5.04969E-1 5.77256E-1 6.27178E-1 7.09449E-1 3.74135E-1 1.12382E-1 5.79929E-2 7.61433E-2 7.25006E-2 5.22346E-2 1.73525E-2 1.52273E-3 2.6694E-2 5.46118E-3 1.28961E-2 2.87655E-3 2.44536E-4 9.78444E-5 1.52045E-5 1.39461E-5 5.49911E-6 1.35894E-5 6.50197E-6 4.67103E-6 4.45289E-5 9.63334E-5 8.6912E-5 8.04981E-5 8.51566E-5 1.13079E-4 5.32807E-5 4.84819E-5 1.10357E-4 1.11883E-5 -9999 -9999 -9999 -9999 -9999 -9999 -9999 -9999 -9999 -9999 -9999 -9999 -9999 -9999 -9999 -9999 -9999 -9999 -9999 -9999 -9999 -9999 -9999 -9999 -9999 -9999 -9999 -9999 -9999 -9999
9.48861E-1 7.22349E-1 8.43492E-1 6.97221E-1 7.1239E-1 6.02421E-1 5.06758E-1 4.66296E-1 3.5432E-1 1.31763E-1 4.19775E-2 4.65898E-2 3.58393E-2 1.98924E-2 4.19219E-3 2.44277E-2 3.53997E-3 5.88207E-4 2.44444E-4 3.38538E-5 6.38034E-6 2.10792E-5 8.51504E-6 6.02598E-6 1.49765E-5 4.35293E-6 1.44627E-6 2.55299E-6 6.79156E-6 1.58807E-5 8.59896E-6 2.4325E-5 3.68258E-5 1.3623E-5 2.38341E-5 5.59111E-5 -9999 -9999 -9999 -9999 -9999 -9999 -9999 -9999 -9999 -9999 -9999 -9999 -9999 -9999 -9999 -9999 -9999 -9999 -9999 -9999 -9999 -9999 -9999 -9999 -9999 -9999 -9999 -9999 -9999 -9999 -9999
5.50033E-1 5.82951E-1 7.89081E-1 8.43972E-1 8.04693E-1 6.85902E-1 5.07954E-1 4.34127E-1 2.81779E-1 1.5746E-1 3.18651E-2 1.82426E-2 2.79599E-2 1.68303E-4 8.45457E-4 8.36444E-4 3.08849E-4 1.14949E-4 5.99422E-5 1.93048E-5 9.39006E-6 6.20222E-6 4.19191E-6 3.41988E-6 7.93155E-6 2.43796E-6 3.20822E-6 2.30551E-6 3.71297E-7 1.78955E-6 1.95773E-6 1.66119E-6 1.17256E-5 1.69536E-5 5.57239E-6 2.38944E-6 -9999 -9999 -9999 -9999 -9999 -9999 -9999 -9999 -9999 -9999 -9999 -9999 -9999 -9999 -9999 -9999 -9999 -9999 -9999 -9999 -9999 -9999 -9999 -9999 -9999 -9999 -9999 -9999 -9999 -9999 -9999
5.56262E-1 6.07618E-1 7.9103E-1 7.49414E-1 6.57905E-1 6.92918E-1 3.8296E-1 2.82971E-1 2.30699E-1 1.03804E-1 2.36101E-2 4.11515E-2 2.64156E-2 7.05705E-3 5.77361E-4 2.41681E-4 1.66535E-3 1.0098E-3 6.86198E-5 4.15121E-5 5.71895E-5 3.6969E-5 1.75068E-5 3.31434E-5 4.25704E-6 1.38741E-6 3.34149E-6 9.30711E-6 4.01187E-6 2.60753E-7 5.28902E-7 3.84711E-7 1.49508E-6 1.02193E-6 9.78609E-6 -9999 -9999 -9999 -9999 -9999 -9999 -9999 -9999 -9999 -9999 -9999 -9999 -9999 -9999 -9999 -9999 -9999 -9999 -9999 -9999 -9999 -9999 -9999 -9999 -9999 -9999 -9999 -9999 -9999 -9999 -9999 -9999
5.23153E-1 7.51271E-1 7.46412E-1 5.07631E-1 6.21975E-1 3.52982E-1 1.06788E-1 8.55363E-2 1.14536E-1 7.41357E-2 3.23961E-2 3.03229E-2 2.95884E-3 1.31046E-3 2.93657E-4 1.33557E-3 4.67514E-3 6.97944E-3 7.28512E-4 6.1801E-4 9.5654E-5 2.40891E-5 5.25936E-6 1.96374E-5 3.45618E-6 1.72471E-6 1.99833E-6 4.52156E-6 3.08753E-6 3.10739E-7 3.22175E-7 2.94354E-7 9.4994E-7 1.90404E-5 -9999 -9999 -9999 -9999 -9999 -9999 -9999 -9999 -9999 -9999 -9999 -9999 -9999 -9999 -9999 -9999 -9999 -9999 -9999 -9999 -9999 -9999 -9999 -9999 -9999 -9999 -9999 -9999 -9999 -9999 -9999 -9999 -9999
6.44512E-1 6.63699E-1 7.23247E-1 5.24167E-1 4.35809E-1 2.87386E-1 1.0112E-1 9.90482E-2 4.41357E-2 6.52876E-2 6.07265E-2 3.22636E-2 1.65567E-2 9.39624E-3 7.86783E-4 5.7122E-3 1.56635E-2 6.5489E-3 1.88015E-3 6.40751E-4 2.42968E-4 1.88877E-5 5.16749E-6 4.27484E-6 3.78973E-6 1.39699E-6 3.78092E-6 4.5246E-6 3.61758E-6 6.58883E-7 3.98402E-7 2.95534E-7 8.87768E-7 -9999 -9999 -9999 -9999 -9999 -9999 -9999 -9999 -9999 -9999 -9999 -9999 -9999 -9999 -9999 -9999 -9999 -9999 -9999 -9999 -9999 -9999 -9999 -9999 -9999 -9999 -9999 -9999 -9999 -9999 -9999 -9999 -9999 -9999
6.4471E-1 6.93792E-1 6.18796E-1 2.11996E-1 1.32824E-1 2.18285E-1 3.91538E-1 1.90764E-1 1.35124E-1 1.49493E-1 4.05202E-2 1.57502E-2 3.47312E-3 1.68333E-3 2.06355E-4 1.80502E-3 9.27019E-4 1.07387E-3 9.62734E-4 1.8122E-3 9.15554E-4 2.49978E-5 1.00254E-5 3.18564E-6 1.27921E-6 1.07666E-6 1.21833E-6 1.62707E-6 5.66516E-6 1.08122E-6 6.4208E-7 2.68311E-7 4.16351E-7 -9999 -9999 -9999 -9999 -9999 -9999 -9999 -9999 -9999 -9999 -9999 -9999 -9999 -9999 -9999 -9999 -9999 -9999 -9999 -9999 -9999 -9999 -9999 -9999 -9999 -9999 -9999 -9999 -9999 -9999 -9999 -9999 -9999 -9999
5.02361E-1 2.31982E-1 1.50715E-1 2.24246E-1 3.98352E-1 4.66293E-1 2.89806E-1 3.21354E-1 1.19939E-1 2.90894E-2 6.54485E-2 3.76974E-2 1.04782E-2 4.35134E-3 5.60101E-3 2.57354E-3 4.15318E-5 8.15653E-5 3.38678E-4 5.88261E-4 5.68979E-4 7.86981E-5 2.83413E-5 3.45194E-6 1.7111E-6 5.31258E-6 1.6614E-6 6.18809E-7 3.39384E-7 9.39918E-7 8.08976E-7 1.25938E-6 -9999 -9999 -9999 -9999 -9999 -9999 -9999 -9999 -9999 -9999 -9999 -9999 -9999 -9999 -9999 -9999 -9999 -9999 -9999 -9999 -9999 -9999 -9999 -9999 -9999 -9999 -9999 -9999 -9999 -9999 -9999 -9999 -9999 -9999 -9999
6.7997E-1 4.45717E-1 3.09188E-1 4.11867E-1 6.09585E-1 3.177E-1 1.75291E-1 2.43695E-1 1.62355E-1 7.97406E-2 2.87244E-2 1.76693E-2 1.18819E-2 4.83064E-3 8.1409E-3 7.20121E-4 3.04809E-4 1.16421E-4 7.2329E-5 4.76147E-5 4.36206E-5 8.06022E-5 1.07615E-4 5.72401E-6 4.7116E-6 1.39301E-6 1.93974E-6 2.45968E-6 3.66115E-6 5.0239E-6 -9999 -9999 -9999 -9999 -9999 -9999 -9999 -9999 -9999 -9999 -9999 -9999 -9999 -9999 -9999 -9999 -9999 -9999 -9999 -9999 -9999 -9999 -9999 -9999 -9999 -9999 -9999 -9999 -9999 -9999 -9999 -9999 -9999 -9999 -9999 -9999 -9999
6.95305E-1 6.29279E-1 6.77528E-1 6.23544E-1 5.84418E-1 3.03714E-1 1.72347E-1 2.12309E-1 6.67679E-2 1.08513E-1 3.42068E-2 1.44456E-2 1.9961E-2 8.38532E-3 5.31353E-3 2.67516E-3 1.83122E-3 2.67633E-4 8.05208E-5 5.21446E-5 1.13241E-4 5.53813E-5 1.20488E-4 4.00367E-5 1.59012E-5 9.873E-6 3.47778E-6 3.54489E-6 1.93262E-6 -9999 -9999 -9999 -9999 -9999 -9999 -9999 -9999 -9999 -9999 -9999 -9999 -9999 -9999 -9999 -9999 -9999 -9999 -9999 -9999 -9999 -9999 -9999 -9999 -9999 -9999 -9999 -9999 -9999 -9999 -9999 -9999 -9999 -9999 -9999 -9999 -9999 -9999
6.46829E-1 7.61183E-1 4.9429E-1 5.39356E-1 4.42773E-1 1.29278E-1 1.40151E-1 6.65209E-2 3.83834E-2 6.82798E-2 5.91312E-2 3.44776E-2 2.32708E-2 7.51716E-3 4.84691E-3 3.69542E-3 1.33914E-3 7.95209E-4 3.36432E-4 1.50705E-4 2.43674E-4 1.22882E-4 1.0036E-4 1.07718E-4 1.38009E-4 1.03629E-5 3.78514E-6 6.89898E-6 5.50383E-6 -9999 -9999 -9999 -9999 -9999 -9999 -9999 -9999 -9999 -9999 -9999 -9999 -9999 -9999 -9999 -9999 -9999 -9999 -9999 -9999 -9999 -9999 -9999 -9999 -9999 -9999 -9999 -9999 -9999 -9999 -9999 -9999 -9999 -9999 -9999 -9999 -9999 -9999
8.02759E-1 8.82917E-1 8.71725E-1 8.06686E-1 4.04269E-1 9.25348E-2 2.76838E-1 1.39321E-1 2.06312E-2 2.70129E-2 3.03252E-2 2.71467E-2 2.94206E-2 1.964E-2 8.84727E-3 1.80945E-3 1.11427E-3 9.21768E-3 2.8946E-3 3.71694E-3 1.32772E-3 4.52541E-4 1.35196E-4 1.93623E-5 2.87765E-4 3.3531E-5 5.67741E-6 1.10424E-5 -9999 -9999 -9999 -9999 -9999 -9999 -9999 -9999 -9999 -9999 -9999 -9999 -9999 -9999 -9999 -9999 -9999 -9999 -9999 -9999 -9999 -9999 -9999 -9999 -9999 -9999 -9999 -9999 -9999 -9999 -9999 -9999 -9999 -9999 -9999 -9999 -9999 -9999 -9999
6.71592E-1 6.12901E-1 7.371E-1 8.08854E-1 5.22636E-1 2.41599E-1 2.90206E-1 1.93157E-1 5.83332E-2 8.05598E-4 7.88871E-3 7.70494E-3 6.83308E-3 1.22702E-2 6.93195E-3 9.29539E-4 2.89036E-4 3.53993E-3 1.09138E-2 3.5914E-3 1.8544E-3 7.237E-4 1.48757E-4 1.7746E-5 4.48666E-5 4.12638E-4 2.02161E-4 1.28699E-4 -9999 -9999 -9999 -9999 -9999 -9999 -9999 -9999 -9999 -9999 -9999 -9999 -9999 -9999 -9999 -9999 -9999 -9999 -9999 -9999 -9999 -9999 -9999 -9999 -9999 -9999 -9999 -9999 -9999 -9999 -9999 -9999 -9999 -9999 -9999 -9999 -9999 -9999 -9999
5.82252E-1 5.96243E-1 5.62593E-1 5.76751E-1 6.62847E-1 2.75934E-1 1.98275E-1 1.17806E-1 7.76004E-2 2.90655E-2 1.40173E-2 4.16097E-3 1.02922E-2 4.21206E-3 4.57091E-3 3.13108E-3 9.04663E-4 1.49587E-4 1.88022E-3 2.51058E-3 5.7801E-4 5.41459E-4 1.74416E-4 1.47365E-4 1.46716E-4 1.56433E-4 8.12098E-5 -9999 -9999 -9999 -9999 -9999 -9999 -9999 -9999 -9999 -9999 -9999 -9999 -9999 -9999 -9999 -9999 -9999 -9999 -9999 -9999 -9999 -9999 -9999 -9999 -9999 -9999 -9999 -9999 -9999 -9999 -9999 -9999 -9999 -9999 -9999 -9999 -9999 -9999 -9999 -9999
4.70074E-1 5.94397E-1 6.54299E-1 4.42668E-1 2.49304E-1 1.65004E-1 2.4307E-2 5.28651E-2 1.89984E-2 3.3347E-2 1.92282E-2 8.5271E-4 5.15784E-3 8.58911E-3 3.37537E-3 2.21682E-3 2.42062E-4 1.06104E-4 6.96719E-5 1.2736E-3 5.67409E-4 4.11488E-4 1.47744E-5 2.49199E-5 1.73291E-4 3.48056E-4 1.25505E-3 -9999 -9999 -9999 -9999 -9999 -9999 -9999 -9999 -9999 -9999 -9999 -9999 -9999 -9999 -9999 -9999 -9999 -9999 -9999 -9999 -9999 -9999 -9999 -9999 -9999 -9999 -9999 -9999 -9999 -9999 -9999 -9999 -9999 -9999 -9999 -9999 -9999 -9999 -9999 -9999
4.18617E-1 4.33574E-1 5.27674E-1 2.96274E-1 3.42028E-2 1.66442E-1 4.1803E-2 9.35182E-3 4.30321E-2 1.93033E-2 2.26268E-2 2.99728E-4 9.69037E-4 1.46167E-2 1.69132E-2 2.98699E-3 1.57553E-4 4.96038E-5 8.2592E-6 2.64923E-4 4.82883E-4 2.70867E-4 3.89682E-5 1.73919E-5 1.43396E-4 7.88821E-4 2.30218E-3 -9999 -9999 -9999 -9999 -9999 -9999 -9999 -9999 -9999 -9999 -9999 -9999 -9999 -9999 -9999 -9999 -9999 -9999 -9999 -9999 -9999 -9999 -9999 -9999 -9999 -9999 -9999 -9999 -9999 -9999 -9999 -9999 -9999 -9999 -9999 -9999 -9999 -9999 -9999 -9999
5.22959E-1 4.40718E-1 3.29713E-1 1.4811E-1 4.31584E-2 1.84554E-1 1.15652E-1 7.47113E-2 3.50254E-2 1.31894E-2 7.87519E-3 2.21833E-3 1.16134E-3 7.29589E-3 1.30724E-2 2.97721E-3 1.49963E-3 2.54972E-4 1.06998E-5 4.61991E-5 2.1683E-4 8.76074E-5 2.0892E-5 1.05007E-5 5.55911E-5 2.66562E-4 -9999 -9999 -9999 -9999 -9999 -9999 -9999 -9999 -9999 -9999 -9999 -9999 -9999 -9999 -9999 -9999 -9999 -9999 -9999 -9999 -9999 -9999 -9999 -9999 -9999 -9999 -9999 -9999 -9999 -9999 -9999 -9999 -9999 -9999 -9999 -9999 -9999 -9999 -9999 -9999 -9999
